10.0,9.21954,8.60233,8.60233,8.06226,8.06226,8.06226,6.7082,6.7082,6.7082,6.7082,6.32456,6.32456,6.32456,6.08276,6.08276,6.08276,6.08276,6.08276,6.0,6.0,6.0,6.0,6.0,6.0,6.0,6.0,6.0,6.08276,6.08276,6.08276,6.08276,6.08276,5.09902,5.38516,5.38516,4.47214,4.47214,4.47214,3.60555,4.24264,3.60555,3.60555,3.60555,3.60555,2.82843,3.16228,2.23607,2.0,2.0,2.0,2.0,63.89053,60.20797,56.58622,56.63921,54.48853,50.9902,52.34501,48.08326,46.01087,43.18565,44.82187,40.0,38.01316,36.61967,37.44329,38.91015,35.8469,36.23534,30.8707,31.62278,32.28002,30.80584,32.55764,30.08322,30.80584,32.38827,33.54102,33.73426,32.55764,31.257,33.54102,34.1321,32.01562,35.69314,29.83287,29.41088,33.61547,31.01612,28.63564,27.29469,30.01666,28.01785,27.01851,25.6125,21.26029,24.75884,22.80351,18.86796,19.69772,18.78829,16.76305,17.26268,14.0,14.03567,14.14214,13.0,14.31782,34.23449,32.98485,34.48188,37.64306,38.48376,41.62932,43.38202,42.94182,46.14109,51.86521,52.69725,52.20153,55.21775,55.80323,60.44005,58.89822,64.38167,63.65532,62.93648,66.52819,68.68042,67.47592,69.6563,72.20111,70.60453,68.8186,72.42237,73.60027,71.02112,66.85058,70.45566,69.64194,69.89278,66.57327,68.8186,70.45566,66.4003,67.47592,67.80118,71.70077,68.24954,68.68042,68.68042,72.24957,65.8559,73.5527,70.71068,71.42129,70.03571,70.00714,74.95332,75.66373,74.95332,71.44928,70.93659,73.5527,70.29225
9.21954,9.21954,9.05539,8.06226,8.06226,8.06226,7.0,7.0,7.0,6.0,6.0,6.0,6.08276,5.09902,5.09902,5.09902,5.09902,5.09902,5.38516,5.38516,4.47214,5.83095,5.38516,4.47214,5.38516,5.38516,5.38516,5.38516,5.38516,5.38516,5.38516,5.09902,5.09902,5.09902,5.0,5.0,5.0,4.12311,4.12311,4.12311,4.47214,3.60555,3.60555,3.60555,2.82843,2.82843,3.60555,3.16228,3.16228,3.16228,3.0,3.0,62.07254,57.42822,59.07622,55.14526,52.0,52.00961,48.04165,46.01087,44.01136,45.09989,41.59327,38.47077,37.85499,33.37664,37.48333,33.24154,35.17101,29.73214,29.54657,30.41381,32.24903,31.06445,29.68164,29.68164,27.20294,27.65863,34.20526,29.83287,29.20616,31.62278,29.83287,32.64966,32.80244,32.20248,30.61046,33.28663,32.24903,30.52868,28.17801,28.63564,29.41088,27.29469,24.33105,21.2132,24.0,23.0,22.02272,19.10497,20.61553,19.41649,17.46425,16.64332,18.02776,16.97056,13.89244,13.60147,15.23155,35.51056,34.88553,38.01316,38.07887,39.21734,45.22168,41.97618,43.9659,46.09772,48.05206,52.46904,54.45181,56.32051,58.07753,60.29925,61.07373,66.0303,66.0,65.00769,67.26812,67.18631,75.66373,70.34913,70.21396,72.56721,74.33034,73.5459,74.73286,69.63476,70.61161,70.21396,72.18033,70.40597,70.83078,72.00694,70.21396,69.2315,68.88396,67.60178,71.34424,71.25307,73.06162,74.10803,72.1734,72.06247,74.00676,73.0,77.0,73.00685,76.0,75.02666,77.02597,73.06162,73.00685,69.02898,73.00685,70.02857
10.0,9.0,9.05539,9.0,8.06226,8.06226,8.06226,8.06226,7.07107,7.28011,7.28011,6.32456,6.32456,6.32456,6.7082,6.7082,6.7082,5.83095,5.83095,5.83095,5.83095,5.83095,5.83095,6.40312,6.40312,6.40312,6.40312,6.40312,5.83095,5.83095,5.83095,5.83095,5.83095,6.32456,5.38516,5.38516,5.09902,5.09902,5.09902,5.0,4.0,4.0,4.0,4.12311,3.16228,3.16228,3.16228,3.60555,2.82843,2.82843,2.23607,2.23607,61.84658,59.5063,59.13544,56.0803,55.02727,48.10405,49.64877,47.43416,47.29693,45.35416,42.72002,39.62323,39.45884,37.21559,35.12834,37.01351,37.01351,32.0,33.06055,32.06244,33.24154,32.55764,32.98485,30.08322,29.61419,31.7805,32.98485,30.36445,30.08322,32.89377,32.89377,34.48188,32.89377,32.55764,32.01562,31.40064,32.14032,32.06244,30.0,33.01515,29.27456,29.42788,28.86174,27.20294,23.5372,26.0,22.84732,21.0238,18.86796,19.79899,17.69181,20.51828,15.65248,13.0,13.34166,13.0,13.15295,35.4683,36.05551,35.17101,37.33631,42.29657,41.10961,44.04543,45.04442,48.04165,48.04165,51.15662,53.46027,54.58938,55.9017,60.01666,61.40033,65.80274,64.19502,64.84597,65.39113,67.41662,70.77429,68.8767,68.88396,67.54258,72.91776,72.00694,71.55418,69.97142,71.58911,72.56032,69.46222,71.34424,67.60178,68.96376,71.11962,67.97794,66.18912,65.79514,70.77429,70.00714,71.17584,66.85058,75.61085,67.05222,68.62215,71.16881,71.47027,73.68175,73.38937,71.51224,73.37575,74.67262,70.93659,72.23573,73.1642,71.51224
9.21954,8.06226,8.06226,8.06226,7.07107,7.0,7.0,7.0,6.0,6.08276,6.08276,6.08276,6.08276,5.09902,5.38516,5.38516,5.38516,5.38516,5.83095,5.38516,5.83095,5.83095,5.83095,5.0,5.0,5.83095,5.0,5.83095,5.83095,5.38516,5.38516,5.38516,5.38516,5.09902,5.09902,4.12311,5.0,4.0,4.0,4.12311,3.16228,3.16228,3.16228,2.23607,2.23607,2.23607,2.82843,2.23607,2.23607,2.0,2.0,2.0,60.74537,62.03225,61.03278,53.85165,51.24451,48.76474,49.72927,47.53946,45.35416,42.95346,39.81206,37.48333,39.62323,38.11824,36.01389,35.12834,34.05877,33.13608,33.24154,30.06659,32.14032,28.44293,32.57299,31.38471,28.79236,29.73214,29.96665,31.95309,31.30495,32.20248,30.08322,33.83785,31.7805,28.79236,31.32092,31.32092,32.55764,30.41381,29.01724,31.01612,29.01724,27.16616,27.07397,23.34524,24.73863,22.36068,21.9545,20.12461,19.41649,19.10497,16.97056,13.60147,17.49286,12.08305,14.86607,12.16553,14.03567,31.7805,35.4683,35.69314,39.81206,38.63936,40.31129,42.19005,45.17743,48.04165,48.0,52.0,52.08647,56.32051,55.3263,59.4138,62.58594,67.91171,63.89053,66.70832,67.35726,66.7308,73.1642,68.70953,69.857,71.58911,70.77429,70.26379,72.44998,68.8767,72.44998,67.08204,71.30919,69.77105,72.44998,70.68239,68.44706,66.85058,68.00735,69.28925,68.94926,72.11103,68.62215,70.83784,72.73239,72.42237,68.15424,73.4983,72.53275,74.33034,72.8011,73.08215,75.69016,72.42237,70.5195,71.7844,75.0,70.5195
9.48683,9.21954,9.21954,8.24621,8.06226,8.06226,8.06226,7.07107,7.0,7.0,7.0,7.0,6.0,6.08276,6.08276,6.08276,6.08276,6.32456,5.38516,5.38516,6.32456,6.32456,6.32456,6.32456,5.38516,6.32456,6.32456,6.32456,6.32456,6.32456,6.08276,6.08276,6.08276,6.08276,6.0,6.0,5.0,5.09902,5.09902,4.12311,4.12311,4.12311,4.12311,3.60555,3.60555,3.60555,2.82843,2.82843,2.82843,2.23607,2.23607,2.0,64.00781,59.05929,60.83584,56.35601,54.23099,53.7122,46.95743,49.39636,43.65776,39.84972,39.56008,40.79216,41.0,39.81206,35.51056,34.36568,34.1321,35.01428,34.0,31.0,33.01515,30.14963,34.71311,30.80584,30.41381,31.7805,28.86174,32.98485,31.04835,31.95309,34.20526,31.62278,33.24154,32.75668,29.27456,30.14963,31.06445,30.06659,30.06659,32.01562,28.07134,26.4764,27.89265,24.33105,24.35159,24.16609,23.70654,18.35756,20.0,19.84943,18.38478,18.60108,15.26434,16.12452,15.13275,13.15295,13.15295,31.57531,38.63936,33.37664,41.01219,41.19466,45.17743,42.10701,44.91102,48.27007,47.85394,50.69517,52.20153,55.36244,58.18935,62.39391,61.09828,67.62396,62.16912,67.54258,66.24198,66.88797,71.56116,66.57327,72.20111,71.61006,71.61006,72.20111,73.40981,68.7968,72.67049,69.2026,72.47068,68.8186,67.6757,68.00735,69.63476,67.95587,68.26419,68.26419,70.49113,72.94518,67.60178,74.24284,70.66116,70.21396,66.70832,72.91776,74.24958,74.24958,71.17584,71.11259,74.32362,74.68601,69.35416,75.13322,74.24284,68.0
8.94427,8.94427,8.06226,8.06226,8.06226,8.06226,7.2111,7.2111,6.40312,6.40312,5.65685,5.65685,5.65685,5.65685,5.65685,5.0,5.0,5.0,5.0,5.38516,5.83095,4.47214,5.38516,5.38516,5.38516,5.38516,5.38516,5.83095,5.83095,5.0,5.0,5.0,5.0,5.0,5.0,4.24264,4.47214,4.47214,4.47214,4.12311,3.16228,3.0,3.0,3.0,3.0,3.16228,2.23607,2.23607,2.82843,2.82843,2.23607,2.23607,62.0967,57.97413,59.77458,55.54278,53.85165,50.0,47.12749,48.38388,44.94441,44.94441,41.23106,39.35734,38.07887,37.58989,38.94868,33.61547,31.62278,35.60899,32.01562,33.30165,31.82766,28.42534,32.64966,29.83287,29.0,31.62278,30.80584,32.80244,31.62278,30.0,29.41088,31.40064,29.73214,30.61046,33.24154,33.24154,30.41381,31.89044,29.68164,28.17801,29.06888,27.313,23.4094,24.35159,21.84033,22.2036,23.08679,21.0238,20.02498,17.72005,17.46425,17.46425,17.49286,13.89244,16.27882,15.65248,13.0,37.12142,37.44329,39.20459,41.10961,41.10961,45.27693,44.59821,47.50789,47.80167,52.43091,55.0,57.42822,56.60389,57.3062,61.7171,61.7171,64.40497,65.39113,70.00714,68.30813,69.89278,71.30919,72.53275,74.2159,73.97973,76.48529,73.5459,71.19691,72.00694,75.31268,72.00694,72.83543,71.70077,71.56815,68.44706,70.40597,69.63476,74.33034,69.64194,71.16881,72.8011,72.12489,71.80529,70.83784,71.16881,76.55064,75.0,76.53757,75.58439,74.33034,77.16217,74.63243,76.65507,73.05477,74.94665,75.96052,69.92138
10.29563,10.29563,9.84886,8.94427,8.94427,8.94427,8.544,7.61577,7.61577,7.61577,7.28011,7.28011,7.28011,7.07107,7.07107,7.07107,6.08276,6.0,6.0,6.0,6.0,6.0,6.0,6.0,6.0,6.0,6.0,7.0,7.0,6.0,6.08276,6.08276,6.08276,6.32456,6.32456,5.38516,5.38516,5.38516,5.0,5.0,5.0,5.0,4.24264,4.24264,3.60555,3.60555,3.60555,3.16228,3.16228,3.16228,3.0,3.0,64.63745,64.89992,57.98276,57.24509,54.3783,50.24938,52.47857,47.85394,45.27693,42.04759,42.95346,42.04759,40.16217,38.62642,36.40055,37.10795,35.90265,32.75668,34.71311,31.257,36.22154,33.0,30.14963,30.06659,31.257,33.13608,32.06244,32.24903,32.14032,31.06445,33.06055,35.12834,33.37664,32.01562,35.0,33.13608,34.23449,33.13608,31.57531,29.83287,31.01612,29.54657,26.24881,24.69818,24.69818,23.02173,21.26029,22.62742,20.51828,19.41649,18.60108,18.35756,16.55295,16.27882,18.0,14.03567,13.0,35.17101,35.35534,38.47077,41.10961,44.01136,41.01219,47.26521,47.38143,47.51842,52.7731,53.36666,54.57105,60.44005,60.16644,60.72891,61.98387,64.07808,67.97794,68.44706,68.8767,69.46222,70.83078,74.09453,72.67049,74.06079,75.0,73.00685,73.60027,72.20111,72.20111,71.02816,72.42237,71.02816,68.8186,70.80254,70.21396,68.7968,68.26419,71.02112,69.11584,73.06162,70.71068,70.66116,74.70609,70.23532,74.24284,73.82412,73.34848,75.58439,73.79024,76.94154,76.94154,73.43024,73.43024,74.79305,70.71068,74.06079
10.63015,10.0,10.0,9.21954,8.60233,8.60233,8.06226,8.06226,8.06226,7.2111,6.7082,6.7082,6.7082,6.7082,6.32456,6.32456,6.32456,6.08276,6.08276,6.08276,6.08276,6.08276,6.08276,6.08276,6.08276,6.08276,6.08276,6.08276,6.08276,6.08276,6.32456,6.32456,6.32456,5.38516,5.38516,5.83095,5.83095,5.0,5.0,5.0,4.24264,4.24264,4.24264,3.60555,3.60555,3.60555,3.16228,3.16228,3.16228,3.0,3.0,2.0,60.44005,61.6198,55.17246,56.56854,54.45181,49.49747,52.3259,46.01087,46.66905,41.86884,42.80187,40.80441,40.22437,38.01316,35.8469,34.88553,35.51056,32.89377,30.8707,33.52611,32.28002,31.04835,29.61419,30.59412,32.38827,31.06445,31.06445,30.26549,29.27456,31.14482,33.24154,33.13608,34.1321,31.57531,32.55764,32.28002,28.63564,29.73214,31.62278,32.64966,28.17801,26.92582,28.01785,25.23886,24.08319,21.93171,22.67157,21.26029,18.86796,17.0,19.31321,15.52417,14.14214,15.0333,16.0,14.56022,12.80625,38.20995,37.85499,41.48494,37.36308,42.54409,42.95346,43.82921,46.14109,47.16991,47.43416,54.3783,52.80152,54.81788,58.13777,58.13777,62.28965,60.87693,65.76473,65.79514,66.8431,69.6563,70.43437,71.61006,72.20111,69.89278,72.94518,68.7968,70.72482,71.86793,66.57327,74.33034,71.28113,69.89278,68.7968,69.89278,68.8186,68.8186,69.81404,66.21933,70.83784,67.80118,72.86288,70.0928,72.18033,67.35726,70.72482,70.03571,72.12489,72.13876,74.24958,71.44928,71.42129,72.18033,72.86288,70.03571,69.35416,73.66139
10.63015,10.0,10.0,9.21954,8.60233,8.60233,8.60233,8.06226,8.06226,7.61577,6.7082,6.7082,6.7082,6.7082,6.32456,6.32456,6.32456,6.32456,6.08276,6.08276,6.08276,6.08276,6.08276,7.07107,6.08276,6.08276,6.08276,6.08276,6.08276,6.32456,6.32456,6.32456,6.32456,5.83095,5.83095,5.83095,5.83095,5.0,5.0,4.24264,5.0,5.0,4.47214,3.60555,3.60555,3.16228,3.16228,3.16228,3.0,3.0,2.0,2.23607,63.70243,58.0,59.5483,55.22681,54.45181,52.3259,46.69047,49.0408,44.04543,41.86884,42.43819,42.72002,38.07887,35.22783,36.23534,37.58989,37.16181,31.30495,33.83785,34.48188,32.98485,31.95309,32.55764,30.01666,33.01515,30.59412,33.37664,32.24903,33.37664,31.40064,33.37664,34.52535,32.38827,32.55764,32.75668,32.98485,30.59412,32.28002,32.20248,29.15476,29.68164,27.20294,27.65863,24.75884,24.75884,22.62742,22.02272,21.40093,21.0238,16.76305,20.88061,16.27882,14.31782,16.03122,16.27882,14.31782,11.18034,34.1321,38.01316,35.0571,40.1995,39.81206,44.92215,47.29693,49.0408,45.54119,48.46648,53.31041,53.22593,54.58938,56.82429,61.77378,61.40033,64.66065,63.51378,68.24222,68.00735,70.60453,69.52697,70.83784,74.24958,70.76722,71.42129,70.72482,74.96666,69.31089,73.5527,68.62215,72.91776,70.03571,70.03571,72.83543,68.62215,67.20863,68.593,67.94115,70.03571,68.0147,69.02898,70.0928,72.47068,70.93659,73.23933,69.2026,74.02702,70.60453,73.75636,71.8401,73.87828,73.87828,70.93659,70.17834,72.62231,68.11755
10.19804,9.21954,9.21954,8.24621,8.24621,8.24621,7.61577,7.61577,7.28011,6.7082,6.7082,6.7082,6.7082,5.83095,5.83095,5.83095,5.83095,5.0,5.0,5.65685,5.65685,5.65685,5.65685,5.65685,5.65685,5.65685,5.65685,5.65685,5.65685,5.65685,5.0,5.83095,5.83095,5.38516,5.38516,5.38516,5.09902,5.09902,4.12311,4.12311,4.0,4.0,4.12311,4.12311,4.12311,3.16228,3.16228,3.60555,3.60555,2.82843,2.82843,2.23607,62.16912,62.36986,60.63827,56.51548,53.60037,50.69517,51.66237,49.24429,43.65776,43.68066,42.05948,41.4367,42.04759,39.81206,37.12142,38.07887,36.71512,36.40055,31.90611,31.14482,34.71311,31.82766,33.24154,31.40064,29.83287,32.64966,33.30165,32.55764,32.55764,34.05877,31.89044,35.4683,31.14482,34.65545,31.14482,35.22783,33.6006,33.28663,31.90611,25.94224,27.73085,26.83282,25.29822,26.68333,24.73863,24.08319,23.19483,21.0238,19.0,17.11724,18.97367,18.02776,16.15549,17.69181,14.14214,16.40122,13.89244,34.4093,38.20995,38.94868,41.7732,42.0119,42.80187,44.65423,43.56604,45.65085,52.35456,54.12024,55.03635,55.00909,57.38467,60.92618,60.40695,67.6757,69.26038,65.45991,70.83078,70.34202,73.75636,71.84706,72.83543,74.54529,71.44928,73.5527,74.16873,73.43705,71.17584,70.25667,71.34424,73.10951,74.24284,74.43118,72.44308,69.2315,69.87131,69.05071,70.21396,71.38627,72.36712,71.06335,76.15773,71.30919,70.60453,69.37579,75.0,76.40026,72.27724,75.0,76.92204,73.76313,73.24616,76.40026,72.78049,73.97973
9.21954,8.24621,8.24621,8.24621,7.28011,7.61577,7.61577,6.7082,6.7082,6.7082,5.83095,5.83095,5.83095,6.40312,6.40312,5.65685,5.65685,5.65685,5.65685,5.65685,5.65685,5.65685,5.0,5.83095,5.83095,5.83095,6.40312,5.65685,5.65685,5.65685,5.65685,5.65685,5.0,5.0,5.0,5.0,4.47214,4.47214,4.12311,3.16228,3.16228,3.0,3.0,3.0,3.0,2.23607,2.23607,2.23607,1.41421,1.41421,1.41421,1.0,62.1289,59.03389,61.0082,56.00893,53.03772,52.03845,52.03845,49.09175,47.38143,44.55334,39.31921,42.95346,37.85499,37.36308,36.67424,34.17601,34.9285,34.9285,31.7805,34.43835,34.98571,36.05551,33.01515,33.28663,32.20248,31.241,31.14482,34.05877,31.241,34.82815,30.61046,34.65545,33.6006,33.42155,32.44996,29.68164,32.64966,31.7805,30.08322,26.57066,26.57066,28.63564,26.4764,24.33105,22.2036,22.09072,24.0,20.09975,17.26268,15.29706,14.86607,15.26434,17.02939,16.40122,14.21267,12.52996,12.16553,35.51056,35.35534,40.31129,40.49691,42.05948,42.72002,43.41659,43.73786,45.70558,49.36598,52.34501,54.03702,57.21888,58.07753,62.1289,62.0,63.0,65.12296,66.0303,67.60178,70.45566,72.00694,72.18033,73.1642,72.27724,73.34848,70.34202,73.97973,71.80529,73.97973,70.0928,69.63476,68.65858,71.80529,70.21396,70.21396,70.03571,68.73136,66.37017,72.33948,70.45566,71.25307,71.25307,73.00685,72.06247,74.16873,70.06426,72.02777,77.00649,76.02631,75.05998,74.00676,74.02702,70.00714,71.00704,70.11419,73.00685
9.48683,9.48683,8.544,8.544,8.24621,8.24621,7.28011,7.28011,7.07107,7.07107,6.08276,6.0,6.0,6.0,5.0,6.08276,6.08276,5.09902,5.09902,5.09902,5.09902,5.09902,5.38516,5.38516,5.38516,5.38516,5.38516,5.09902,5.09902,5.09902,5.09902,5.09902,5.0,5.0,5.09902,5.09902,5.09902,4.12311,4.47214,4.47214,4.47214,3.60555,3.60555,2.82843,3.60555,3.60555,3.16228,3.16228,3.16228,3.16228,3.0,3.0,62.16912,61.26989,55.54278,56.64804,56.30275,50.92151,48.38388,50.32892,44.38468,43.68066,44.72136,41.4367,40.4475,38.11824,35.35534,37.05401,36.0,33.0,38.01316,34.23449,32.55764,33.95585,31.57531,29.83287,32.55764,32.75668,31.95309,35.1141,31.62278,34.17601,33.10589,31.95309,32.89377,32.57299,32.98485,33.37664,34.1321,30.59412,32.01562,31.0,29.06888,30.41381,26.30589,24.73863,25.0,22.47221,23.70654,21.63331,20.61553,19.20937,19.84943,18.43909,18.60108,17.49286,13.60147,15.13275,13.0384,35.0571,38.11824,39.0,41.01219,41.10961,47.16991,45.54119,45.12206,48.50773,50.69517,54.12024,56.75385,60.08328,59.20304,61.46544,63.15853,65.30697,65.30697,68.8767,71.11259,70.66116,72.00694,69.33974,72.11103,73.4983,75.71658,71.28113,73.81734,71.84706,73.23933,70.45566,74.4043,73.23933,68.7968,71.02112,68.26419,71.69379,73.82412,68.88396,70.21396,72.47068,71.58911,71.11259,73.00685,72.61543,75.76939,75.76939,72.44998,73.73602,75.39231,77.07788,75.02666,76.55717,73.73602,74.32362,73.53911,73.00685
9.89949,9.21954,9.21954,7.81025,7.81025,7.81025,7.2111,7.2111,7.2111,6.40312,6.7082,6.7082,5.83095,5.83095,5.38516,5.38516,5.38516,5.09902,5.09902,5.09902,5.09902,5.09902,6.08276,5.09902,5.09902,6.08276,6.08276,5.09902,5.09902,6.08276,5.38516,5.38516,5.38516,5.83095,5.83095,5.0,5.0,4.24264,4.24264,4.24264,4.47214,4.47214,3.60555,3.16228,3.16228,3.16228,4.0,3.0,3.0,3.16228,3.16228,3.16228,65.06919,62.24147,59.4138,56.63921,55.15433,48.10405,51.08816,49.57822,44.20407,43.26662,45.80393,39.66106,38.27532,38.83298,34.48188,34.88553,36.23534,30.46309,33.24154,34.17601,36.13862,31.7805,32.55764,31.40064,31.14482,31.01612,35.0,34.23449,33.54102,34.23449,32.14032,34.1321,34.23449,32.55764,34.36568,32.28002,32.89377,31.38471,32.31099,29.06888,29.96665,27.45906,26.24881,24.75884,25.4951,23.34524,25.6125,21.40093,18.35756,20.61553,18.02776,20.39608,17.26268,17.02939,16.03122,14.56022,14.76482,35.22783,36.67424,38.60052,43.08132,41.62932,44.72136,44.28318,47.41308,48.37355,51.31277,49.64877,52.43091,57.80138,58.41233,62.36986,61.84658,66.70832,67.17887,67.88225,68.593,70.0928,72.91776,74.51845,76.6094,74.63243,72.20111,73.23933,73.81734,71.40028,73.00685,71.28113,71.02816,73.81734,72.00694,69.81404,71.50524,74.65253,72.47068,69.52697,72.34639,69.42622,72.83543,75.66373,77.07788,70.00714,71.58911,68.68042,77.07788,73.75636,77.7946,72.86288,74.96666,71.44928,74.27651,78.49204,72.12489,68.0147
10.29563,9.84886,8.94427,9.43398,8.94427,8.06226,8.60233,8.60233,7.2111,7.2111,7.81025,7.07107,7.07107,6.40312,6.40312,6.40312,6.40312,6.40312,6.40312,5.83095,5.83095,5.83095,5.83095,6.7082,6.7082,6.7082,6.7082,6.7082,7.2111,6.40312,6.40312,6.40312,6.40312,6.40312,5.65685,5.65685,5.65685,5.0,5.0,5.0,4.47214,4.47214,4.47214,4.12311,4.12311,4.0,3.0,3.0,3.0,3.16228,2.23607,2.23607,61.84658,59.23681,58.69412,55.03635,52.3259,49.65884,47.85394,44.28318,43.41659,42.19005,42.05948,39.40812,39.05125,36.12478,35.60899,36.12478,33.97058,31.1127,32.80244,34.05877,30.01666,33.54102,26.92582,28.6007,30.41381,28.79236,30.88689,31.38471,32.20248,31.30495,31.30495,32.20248,30.52868,33.12099,32.20248,31.38471,32.24903,30.80584,27.01851,29.73214,29.83287,29.73214,28.6007,24.18677,23.85372,23.76973,20.61553,20.61553,23.08679,18.02776,17.02939,19.0,18.02776,16.76305,14.31782,11.40175,13.45362,34.48188,35.51056,37.80212,41.10961,42.44997,43.86342,45.27693,45.45327,50.44799,49.81967,54.08327,54.70832,57.98276,59.68249,61.05735,61.29437,67.08204,63.50591,67.62396,68.54196,66.7308,72.44998,73.05477,70.88018,74.04053,71.8401,71.80529,73.4983,69.12308,70.61161,66.21933,69.64194,69.64194,72.12489,67.44627,68.96376,69.26038,68.35203,64.51356,72.23573,68.62215,69.28925,71.58911,71.11259,72.91776,74.24958,73.40981,72.00694,73.3553,70.21396,71.55418,73.34848,70.26379,72.01389,69.77105,69.35416,72.01389
9.21954,8.60233,8.60233,8.60233,7.2111,7.2111,7.61577,7.61577,6.7082,6.7082,6.7082,6.32456,6.32456,6.32456,5.38516,6.08276,6.08276,6.08276,6.0,6.0,6.0,6.0,6.0,6.0,6.0,6.0,6.0,6.0,6.08276,6.08276,6.08276,6.08276,5.09902,5.09902,5.38516,5.38516,5.38516,4.47214,4.47214,3.60555,3.60555,4.24264,4.24264,2.82843,2.82843,2.82843,2.23607,2.23607,2.23607,2.0,2.0,2.23607,66.06815,62.28965,58.79626,55.80323,56.85068,50.32892,50.32892,48.27007,45.80393,42.19005,43.26662,38.07887,39.35734,36.23534,40.24922,35.77709,34.17601,33.61547,31.38471,34.71311,31.7805,30.80584,31.257,32.55764,31.06445,31.14482,31.257,32.06244,33.01515,30.06659,31.06445,32.06244,33.13608,32.0,32.14032,33.54102,31.257,31.62278,29.41088,30.67572,31.38471,26.83282,25.80698,26.92582,24.83948,22.80351,23.34524,24.83948,19.41649,16.64332,15.65248,16.27882,15.81139,15.0,15.0333,14.31782,13.89244,37.12142,37.33631,37.85499,40.49691,42.05948,40.49691,43.46263,46.51881,49.64877,48.8774,53.53504,55.75841,58.5235,60.46487,60.0,63.60031,64.81512,65.19202,66.52819,72.83543,69.29646,72.91776,72.13876,74.27651,74.51845,74.20243,69.81404,75.60423,70.43437,72.8011,72.8011,72.20111,67.62396,70.0,71.70077,68.88396,69.42622,70.03571,68.62215,68.68042,70.72482,70.76722,71.58911,73.10951,69.52697,72.91776,71.58911,70.83784,75.16648,73.87828,71.58911,72.47068,75.16648,72.91776,73.87828,70.03571,75.00667
10.0,9.21954,8.60233,8.60233,8.60233,7.81025,7.81025,7.07107,7.07107,7.07107,7.07107,6.40312,6.40312,6.40312,5.83095,5.83095,5.83095,5.83095,5.83095,5.83095,5.38516,5.38516,5.38516,5.38516,5.38516,5.38516,5.38516,5.38516,5.38516,5.83095,5.0,5.83095,5.0,5.65685,5.65685,5.0,5.0,5.0,4.47214,4.47214,4.47214,4.12311,4.12311,4.12311,4.0,4.0,4.0,4.12311,3.16228,3.16228,3.60555,2.82843,63.82006,58.82176,60.74537,56.40035,50.60632,51.40039,51.61395,48.41487,45.45327,43.86342,39.59798,40.31129,38.94868,38.20995,36.12478,35.80503,32.64966,32.75668,34.48188,30.46309,33.61547,30.8707,31.62278,32.89377,30.46309,30.08322,30.67572,27.65863,30.67572,30.08322,32.28002,33.24154,31.04835,33.24154,34.78505,33.54102,33.12099,31.76476,30.52868,34.0,27.45906,25.6125,28.42534,29.0,26.24881,22.47221,25.0,24.18677,19.92486,19.92486,21.18962,19.41649,21.09502,17.0,15.29706,15.65248,15.81139,34.78505,37.69615,38.48376,42.05948,42.54409,44.10215,45.48626,46.8615,48.41487,50.9902,53.07542,55.9017,58.69412,58.13777,61.7171,62.36986,66.21933,64.66065,70.21396,71.40028,70.21396,72.40166,73.06162,72.44998,72.89719,73.79024,75.6439,74.24284,72.01389,73.3553,70.66116,75.58439,69.83552,70.71068,72.56032,71.86793,69.64194,70.49113,70.49113,71.02112,74.4043,68.60029,74.20243,72.00694,75.60423,70.43437,73.40981,73.87828,75.28612,73.87828,75.80237,74.65253,76.6942,76.02631,75.0,75.60423,75.21303
10.04988,9.05539,9.05539,9.05539,8.0,8.0,8.0,7.0,7.0,6.0,6.08276,6.08276,6.08276,5.09902,5.09902,5.38516,5.38516,5.38516,5.38516,5.83095,5.38516,5.0,5.38516,5.83095,5.83095,5.83095,5.83095,5.83095,5.83095,5.38516,5.38516,5.38516,5.38516,5.09902,5.09902,5.0,5.0,4.0,4.12311,4.12311,4.12311,4.12311,4.47214,3.60555,3.60555,2.82843,3.60555,3.60555,3.60555,3.16228,3.16228,3.0,58.24088,61.35145,56.75385,57.28001,54.34151,49.72927,50.44799,48.76474,44.91102,44.40721,42.57934,41.10961,38.01316,37.01351,35.0571,37.01351,34.05877,33.37664,30.26549,31.40064,31.04835,32.55764,28.79236,29.41088,30.08322,33.61547,30.46309,32.20248,33.61547,30.88689,32.31099,33.24154,30.80584,27.85678,32.01562,33.52611,28.63564,31.7805,32.24903,33.01515,30.01666,31.01612,26.01922,26.1725,23.76973,24.73863,21.47091,21.18962,22.82542,21.40093,19.10497,20.61553,18.60108,16.64332,15.65248,15.52417,15.52417,33.61547,35.44009,35.69314,39.45884,41.19466,42.10701,45.0,45.04442,48.01042,50.15974,51.15662,54.23099,54.08327,58.54912,60.67125,64.7611,62.58594,62.0967,64.84597,67.06713,64.19502,71.86793,69.28925,69.07966,73.1642,71.69379,72.00694,71.55418,72.00694,70.68239,71.11259,68.02941,68.8767,64.88451,69.46222,68.54196,70.00714,68.35203,70.5195,69.57011,70.5195,68.41053,68.41053,71.30919,69.12308,71.56815,72.53275,74.2159,73.4983,73.24616,70.21396,72.78049,73.76313,73.00685,74.95332,71.30919,67.6757
9.21954,9.21954,8.48528,8.48528,7.81025,7.07107,7.81025,7.07107,6.40312,6.40312,6.40312,5.83095,5.83095,5.83095,5.83095,5.38516,5.38516,5.38516,5.09902,5.09902,5.09902,5.09902,5.09902,6.08276,6.08276,5.09902,6.08276,5.09902,6.08276,5.38516,5.38516,5.38516,5.38516,5.83095,5.0,5.0,5.0,4.24264,4.24264,4.24264,3.60555,3.60555,3.16228,3.16228,3.16228,3.0,3.0,3.16228,3.16228,2.23607,2.82843,2.82843,59.20304,60.20797,56.30275,57.00877,58.25805,49.81967,50.32892,46.09772,44.55334,40.36087,40.31129,40.36087,38.8973,37.64306,36.87818,33.28663,35.0,34.88553,33.10589,30.46309,30.46309,32.89377,29.73214,31.7805,30.67572,30.41381,31.7805,35.69314,30.59412,30.80584,32.01562,33.95585,34.52535,30.80584,32.98485,29.73214,35.44009,33.24154,29.52965,30.52868,30.52868,28.6531,24.75884,24.04163,24.08319,25.6125,24.41311,22.80351,20.24846,19.69772,17.72005,19.92486,16.27882,15.13275,15.0,16.55295,13.0384,33.54102,33.61547,35.8469,38.60052,41.7732,42.44997,43.13931,46.66905,45.25483,46.8615,52.63079,50.0,55.97321,57.42822,57.42822,60.20797,63.51378,61.91123,64.14047,66.88797,67.23095,70.66116,70.26379,69.31811,68.942,71.16881,71.86793,70.00714,69.07966,70.5762,70.93659,69.64194,68.54196,68.54196,66.70832,69.77105,67.08204,68.942,65.8635,68.47627,71.02112,68.26419,67.95587,72.11103,67.6757,71.70077,70.43437,71.84706,74.65253,74.65253,71.02816,73.00685,75.28612,71.28113,73.00685,72.00694,70.80254
9.43398,8.60233,8.60233,7.81025,7.2111,7.81025,7.81025,7.07107,7.07107,7.07107,6.40312,6.40312,6.40312,6.40312,5.83095,5.83095,5.83095,5.83095,5.38516,5.38516,5.38516,5.38516,5.38516,5.38516,5.38516,6.32456,6.32456,6.32456,5.83095,5.83095,5.83095,5.83095,5.83095,5.0,5.0,5.0,4.24264,5.0,3.60555,3.60555,3.60555,3.60555,3.16228,3.16228,3.16228,3.0,3.0,2.0,2.23607,2.23607,1.41421,1.41421,65.8635,61.7414,61.32699,56.85948,51.0,50.53712,51.10773,48.02083,43.26662,41.88078,43.01163,39.40812,39.05125,38.60052,34.05877,36.12478,37.01351,34.4093,33.6006,30.80584,34.1321,30.8707,34.43835,32.20248,32.31099,31.38471,32.69557,32.57299,31.01612,34.17601,34.17601,33.83785,35.34119,34.9285,34.17601,36.71512,33.83785,31.62278,28.42534,28.84441,30.0,28.28427,29.20616,26.92582,23.60085,23.32381,22.47221,22.36068,21.58703,19.23538,19.10497,18.02776,16.27882,14.31782,15.23155,11.31371,14.86607,34.88553,38.60052,37.64306,41.01219,41.7732,43.86342,44.82187,48.60041,46.40043,48.54894,50.77401,54.08327,56.0803,56.4358,58.66856,60.41523,66.21178,66.21178,67.23095,71.47027,68.62215,72.11103,71.47027,71.16881,73.24616,72.12489,71.30919,72.53275,69.37579,71.80529,70.0928,70.0928,68.88396,69.12308,67.91171,70.21396,67.35726,66.48308,67.41662,69.64194,69.07966,67.23095,69.46222,72.01389,72.00694,69.31811,67.1193,72.01389,72.89719,73.3553,75.591,74.30343,72.44998,69.31811,70.3278,73.82412,72.49828
10.0,9.21954,8.60233,8.60233,8.60233,7.2111,7.2111,7.2111,7.2111,6.7082,6.7082,6.32456,6.32456,5.38516,5.38516,6.08276,5.09902,6.08276,5.09902,5.09902,5.09902,5.0,5.0,5.0,5.0,6.0,6.08276,5.09902,5.09902,6.08276,5.09902,5.38516,5.38516,5.38516,5.83095,5.0,5.0,5.0,4.24264,4.24264,5.0,4.47214,4.47214,4.12311,4.12311,3.16228,4.0,4.0,3.16228,3.16228,3.16228,3.16228,61.52235,62.96825,57.31492,49.67897,55.44367,48.27007,49.67897,48.16638,42.63801,41.88078,40.70626,39.44617,39.44617,35.77709,36.67424,34.53983,34.53983,31.95309,32.57299,31.7805,32.38827,32.24903,28.07134,33.24154,31.14482,33.37664,31.14482,32.06244,32.06244,35.0,30.01666,32.06244,33.01515,30.14963,34.05877,31.257,29.83287,30.59412,28.16026,30.36445,29.06888,27.29469,25.80698,29.15476,24.41311,21.93171,22.67157,23.43075,21.63331,19.72308,20.12461,15.23155,17.02939,17.02939,16.27882,17.72005,14.76482,34.71311,37.36308,42.37924,40.16217,41.23106,43.86342,44.72136,46.52956,51.47815,49.64877,54.3783,52.43091,56.40035,62.20129,60.959,62.28965,62.36986,68.593,65.79514,69.35416,69.42622,73.75636,72.47068,72.00694,73.00685,73.60027,75.16648,73.00685,70.80254,71.84706,68.41053,72.62231,70.43437,74.65253,69.6563,71.70077,70.83784,68.76772,68.76772,70.03571,70.00714,70.72482,67.89698,69.42622,70.76722,75.43209,70.29225,71.58911,74.02702,75.82216,77.83315,77.15569,75.82216,72.18033,72.18033,69.35416,69.52697
10.63015,10.0,9.21954,8.60233,8.60233,8.06226,8.06226,8.06226,6.7082,6.7082,6.7082,6.7082,6.32456,6.32456,6.32456,6.08276,6.08276,6.08276,6.08276,6.0,6.0,6.0,6.0,6.0,6.0,7.0,7.0,7.0,6.08276,7.07107,6.08276,6.08276,6.08276,6.32456,6.32456,5.38516,5.38516,5.0,5.0,5.0,4.24264,4.24264,4.24264,3.60555,3.60555,3.60555,3.16228,3.16228,3.0,2.0,2.0,2.23607,64.44377,59.5483,59.4138,54.48853,51.62364,50.93133,48.83646,48.08326,43.18565,45.34314,43.41659,39.40812,39.11521,35.80503,36.35932,33.54102,35.77709,34.17601,31.38471,31.95309,32.28002,30.36445,33.54102,32.28002,27.16616,30.41381,29.27456,33.13608,34.0,32.01562,33.01515,33.37664,32.14032,32.24903,33.54102,32.57299,33.24154,33.24154,30.67572,31.01612,30.52868,28.84441,27.20294,25.6125,24.04163,22.62742,22.02272,23.32381,23.02173,19.23538,18.97367,17.26268,16.27882,14.0,13.15295,14.86607,13.41641,33.52611,38.60052,37.0,41.23106,41.14608,42.72002,42.43819,43.60046,45.60702,48.41487,52.20153,53.90733,55.97321,60.10824,60.10824,61.7171,65.06919,64.53681,68.41053,67.42403,66.85058,69.06519,67.41662,69.33974,71.02112,72.71864,70.3278,72.56032,69.35416,73.06162,64.66065,69.46222,68.47627,67.74216,68.26419,66.37017,65.0,66.61081,65.80274,68.41053,72.62231,65.8559,73.10951,69.42622,71.70077,66.48308,70.76722,72.12489,73.10951,71.42129,72.86288,72.86288,75.74299,67.88225,71.50524,76.36753,66.52819
9.05539,9.05539,9.0,8.0,8.0,8.0,7.07107,7.07107,6.08276,6.08276,6.08276,6.08276,5.09902,5.09902,5.38516,5.38516,5.38516,4.47214,5.0,5.0,5.0,5.0,5.0,5.0,5.0,5.0,5.0,5.0,5.0,5.0,5.0,5.0,5.38516,4.47214,4.47214,4.12311,5.09902,4.12311,4.0,4.0,4.0,4.12311,4.12311,3.16228,3.16228,3.60555,3.60555,2.82843,2.23607,2.23607,3.16228,3.16228,59.84146,61.66036,59.22837,55.10898,55.7315,53.93515,51.1957,48.50773,43.41659,44.38468,43.01163,39.21734,42.15448,41.10961,35.4683,34.88553,33.54102,34.0,30.80584,31.241,31.241,31.1127,30.41381,28.3196,29.0,33.42155,32.01562,32.55764,32.55764,32.01562,31.40064,30.4795,29.69848,32.55764,33.24154,31.89044,29.73214,29.20616,32.44996,30.01666,28.63564,26.92582,28.16026,24.04163,22.56103,23.34524,21.0238,24.02082,16.27882,19.10497,20.22375,18.97367,17.0,18.02776,14.86607,14.86607,13.0384,34.20526,34.05877,39.40812,41.18252,42.04759,45.18849,45.18849,49.76947,49.24429,49.64877,54.12024,55.54278,57.00877,59.43904,59.43904,65.51336,66.09841,69.58448,66.27217,70.45566,70.06426,73.06162,74.00676,72.11103,72.24957,74.33034,74.10803,72.06247,73.24616,75.05998,73.06162,69.06519,69.0,71.00704,70.00714,69.18092,72.06247,69.11584,70.17834,71.17584,70.45566,73.82412,69.58448,74.96666,69.42622,77.87811,74.2159,73.00685,73.75636,76.68768,73.34848,78.64477,73.97973,72.00694,74.33034,74.1485,76.29548
9.21954,9.21954,8.48528,8.48528,8.48528,7.81025,7.81025,6.40312,6.40312,6.40312,5.83095,5.83095,5.83095,5.83095,5.83095,5.38516,5.38516,5.38516,5.09902,5.09902,5.09902,5.09902,5.09902,5.09902,5.09902,5.09902,5.09902,5.09902,5.09902,5.38516,5.38516,5.38516,4.47214,4.47214,5.0,5.0,5.0,4.24264,4.24264,3.60555,3.60555,4.47214,3.16228,3.16228,3.16228,3.0,3.0,3.0,3.0,3.16228,3.16228,3.60555,61.84658,59.03389,59.4138,54.48853,53.8145,50.20956,50.24938,45.96738,43.86342,43.41659,41.10961,38.41875,39.40812,37.20215,37.21559,34.48188,36.67424,33.10589,31.95309,29.73214,33.83785,28.16026,31.04835,30.41381,28.63564,31.57531,32.01562,31.7805,32.38827,30.06659,31.06445,35.12834,32.75668,32.01562,32.75668,32.57299,31.62278,30.08322,30.8707,29.06888,29.41088,30.23243,26.40076,24.08319,25.4951,22.67157,22.80351,20.59126,21.47091,17.72005,19.31321,19.64688,15.0333,18.0,15.13275,13.60147,14.76482,34.9285,37.0,39.56008,41.23106,41.14608,44.41846,43.60046,45.48626,47.43416,51.0392,52.80152,54.56189,55.44367,59.46427,61.7171,60.81118,63.65532,64.53681,65.11528,67.00746,69.02898,72.67049,70.80254,72.67049,74.88658,72.71864,70.49113,74.62573,71.34424,70.83078,68.26419,72.20111,68.96376,70.49113,70.45566,69.89278,70.80254,65.43699,69.6563,68.24954,67.80118,69.42622,70.93659,70.76722,70.72482,75.00667,74.27651,74.27651,73.5527,72.13876,73.53911,72.12489,73.5527,70.71068,73.53911,72.13876,71.44928
9.0,9.0,9.0,8.0,8.0,7.07107,7.07107,7.07107,7.07107,6.32456,6.32456,6.32456,6.32456,6.32456,6.7082,5.83095,5.83095,5.83095,5.0,5.83095,5.83095,6.40312,5.65685,5.65685,6.40312,6.40312,5.83095,5.83095,5.83095,5.83095,5.83095,5.38516,5.38516,5.38516,5.38516,5.09902,4.12311,4.0,4.0,4.0,4.0,3.16228,3.16228,3.16228,2.23607,2.23607,2.82843,2.23607,2.23607,2.0,2.0,2.0,59.68249,58.69412,57.87055,56.56854,54.33231,51.35173,50.15974,46.17359,42.19005,45.0,41.01219,39.01282,37.12142,37.05401,33.54102,33.52611,30.59412,31.57531,32.57299,32.28002,33.10589,30.08322,31.30495,27.78489,30.01666,33.10589,28.84441,30.23243,30.41381,31.90611,31.06445,29.96665,28.6531,31.30495,29.15476,33.24154,33.24154,31.01612,30.08322,27.16616,30.14963,27.01851,28.16026,24.08319,24.02082,23.76973,20.22375,18.68154,17.49286,19.41649,16.27882,15.55635,17.20465,15.65248,13.89244,13.34166,13.0384,35.34119,36.24914,36.40055,41.23106,44.14748,42.2019,41.59327,44.40721,51.24451,50.35871,55.14526,56.0357,59.0,62.07254,62.28965,63.12686,64.62971,67.74216,69.87131,70.21396,70.61161,73.00685,72.27724,73.37575,72.11103,72.73239,74.0,74.63243,72.8011,72.8011,68.00735,74.0,74.0,68.96376,69.64194,65.25335,66.48308,68.00735,70.40597,66.70832,70.03571,68.65858,71.19691,71.38627,69.58448,71.70077,70.34913,70.45566,71.84706,71.56815,74.67262,68.46897,68.73136,69.87131,71.44928,72.00694,70.45566
10.0,9.05539,9.05539,9.05539,9.05539,8.06226,8.06226,7.07107,7.07107,7.28011,6.32456,6.32456,6.32456,6.32456,6.7082,5.83095,5.83095,5.83095,5.83095,5.83095,5.83095,6.40312,6.40312,6.40312,6.40312,6.40312,6.40312,6.40312,5.83095,5.83095,5.83095,5.83095,5.38516,5.38516,6.32456,6.08276,5.09902,5.0,5.0,5.0,5.0,4.12311,4.12311,4.12311,4.12311,3.60555,3.60555,3.60555,2.82843,2.82843,2.23607,3.16228,61.07373,58.42089,56.88585,55.9017,52.61179,52.61179,51.78803,48.50773,44.38468,42.44997,45.22168,39.84972,37.33631,36.76955,34.0147,34.88553,34.48188,32.20248,33.01515,33.6006,29.73214,32.52691,31.14482,31.82766,32.64966,31.241,30.23243,34.71311,35.38361,33.30165,33.97058,34.05877,33.24154,31.241,34.71311,35.60899,33.97058,36.61967,32.24903,31.76476,30.8707,28.16026,25.70992,24.73863,22.2036,24.33105,22.0,21.0238,18.02776,19.64688,18.43909,18.02776,14.76482,18.43909,14.86607,12.80625,10.19804,38.20995,37.48333,40.0,40.0,43.909,46.14109,48.33218,48.8467,51.47815,49.98,53.14132,58.18935,59.90826,63.60031,60.72891,64.32729,68.24954,64.93843,68.46897,69.58448,74.33034,73.24616,72.06247,73.00685,73.0,74.06079,74.02702,74.00676,73.10951,74.02702,70.06426,70.0,70.06426,73.02739,69.00725,72.00694,69.00725,66.0303,68.11755,68.35934,70.25667,68.26419,70.45566,72.56032,69.05071,72.00694,72.99315,71.38627,73.34848,71.19691,71.84706,72.56721,73.1642,70.71068,72.83543,68.73136,71.19691
10.29563,9.43398,9.43398,8.60233,8.60233,8.60233,7.81025,7.81025,7.07107,7.07107,7.07107,7.07107,6.40312,6.40312,6.40312,6.40312,5.83095,5.83095,6.7082,6.7082,6.32456,6.32456,6.7082,6.7082,6.32456,6.7082,6.7082,6.7082,6.7082,6.7082,5.83095,7.2111,6.40312,6.40312,5.65685,5.65685,5.0,5.0,5.0,4.47214,4.47214,4.47214,4.12311,4.12311,4.12311,3.0,3.0,3.0,3.16228,2.23607,2.23607,2.23607,66.85058,59.13544,57.00877,55.9464,54.12024,55.15433,50.56679,47.42362,45.22168,45.79301,40.81666,40.0,42.0119,37.64306,36.06938,36.06938,33.97058,35.22783,34.82815,32.01562,35.0,34.98571,29.52965,30.8707,32.20248,27.313,31.7805,34.17601,33.61547,36.67424,32.31099,38.48376,35.35534,34.88553,34.0,33.54102,36.61967,32.44996,32.55764,34.20526,29.0,30.4795,28.84441,24.20744,24.69818,22.13594,24.69818,23.76973,19.31321,18.02776,18.11077,18.02776,15.13275,15.52417,13.92839,15.26434,13.41641,35.80503,39.69887,38.28838,41.7732,43.18565,44.40721,45.22168,48.25971,52.15362,51.97115,53.85165,59.48109,61.7171,62.16912,64.07808,63.24555,66.12866,65.45991,70.2282,69.37579,70.60453,76.29548,73.00685,73.34848,73.97973,76.65507,74.1485,76.29548,74.8131,75.13322,69.46222,70.71068,72.83543,76.11833,73.34848,76.90254,68.00735,74.63243,67.05222,69.57011,70.21396,68.62215,72.11103,71.69379,70.5762,70.26379,72.61543,71.17584,73.40981,69.857,72.61543,75.15318,73.92564,71.69379,70.5762,78.77182,70.93659
10.04988,10.04988,9.0,9.0,8.0,8.0,8.06226,8.06226,7.07107,7.07107,7.07107,7.28011,6.32456,6.32456,6.32456,6.7082,5.83095,5.83095,5.83095,5.83095,5.83095,6.40312,6.40312,6.40312,6.40312,6.40312,7.2111,6.40312,5.83095,6.7082,6.7082,6.7082,6.7082,5.38516,6.32456,5.09902,5.09902,5.09902,5.0,5.0,4.0,4.0,4.12311,4.12311,3.16228,3.16228,3.60555,2.23607,2.82843,2.23607,2.23607,2.23607,62.80127,61.61169,60.20797,56.56854,53.75872,49.49747,49.64877,49.49747,46.17359,43.01163,40.0125,40.0125,39.05125,38.11824,35.22783,33.95585,33.24154,32.98485,33.24154,34.20526,34.0147,33.61547,32.20248,28.30194,30.88689,32.20248,33.10589,33.12099,33.12099,36.89173,33.12099,32.24903,33.61547,36.24914,34.88553,28.79236,32.20248,32.31099,31.40064,31.32092,30.26549,28.01785,26.01922,28.28427,24.08319,26.4764,20.61553,23.76973,18.35756,19.41649,15.6205,17.02939,14.86607,17.80449,15.23155,15.0333,11.04536,35.34119,39.0,38.27532,43.01163,40.79216,41.59327,46.87217,45.89118,49.36598,49.25444,55.00909,57.07889,57.03508,59.13544,61.07373,65.27634,65.49046,66.70832,69.05071,69.2315,72.56721,73.97973,71.8401,71.86793,71.16881,73.38937,73.00685,71.86793,73.53911,71.51224,72.23573,70.93659,70.93659,72.11103,72.73239,69.89278,70.5195,68.62215,66.76077,67.72001,68.15424,68.44706,70.03571,70.21396,70.03571,69.87131,68.88396,70.85901,72.83543,73.68175,69.05071,72.36712,72.00694,71.56815,69.2315,73.00685,71.70077
9.05539,8.06226,8.06226,7.07107,7.07107,7.07107,7.07107,6.32456,6.32456,5.38516,5.38516,5.38516,4.47214,4.47214,5.0,5.0,5.0,5.0,4.24264,5.0,5.0,5.0,5.0,5.0,5.0,5.0,5.65685,5.0,5.0,5.0,5.0,5.0,5.0,4.47214,4.47214,4.47214,4.12311,4.12311,4.0,4.0,3.0,3.0,3.16228,3.16228,3.16228,2.82843,2.82843,2.82843,2.82843,3.16228,3.16228,3.0,63.03174,59.00847,56.4358,54.08327,52.34501,49.25444,46.27094,46.87217,42.75512,42.72002,42.44997,37.94733,38.27532,36.05551,34.43835,31.76476,30.88689,29.68164,29.68164,30.0,31.241,29.73214,32.64966,27.58623,29.0,30.4795,29.06888,33.01515,31.62278,34.05877,33.83785,33.30165,33.6006,29.73214,31.14482,29.20616,30.4795,33.01515,31.40064,30.52868,28.23119,26.57066,26.24881,25.4951,23.19483,24.33105,22.02272,23.02173,23.08679,19.31321,19.92486,17.46425,14.42221,14.21267,15.0,15.26434,13.34166,37.01351,36.05551,39.44617,41.14608,42.54409,45.31004,48.10405,47.16991,51.24451,50.0,55.08176,55.31727,57.72348,60.67125,63.50591,66.61081,64.62971,67.1193,71.25307,70.0,70.02857,72.00694,71.25307,74.16873,73.24616,76.23647,73.17103,73.43705,71.44928,71.44928,68.593,75.23962,71.56815,70.5762,71.17584,72.1734,69.02898,71.00704,69.0,69.06519,74.02702,69.18092,73.06162,72.33948,72.33948,75.42546,72.44308,72.24957,77.41447,72.33948,72.00694,73.82412,74.54529,73.68175,73.43705,69.26038,68.35934
10.29563,9.43398,9.43398,9.43398,8.60233,8.60233,7.81025,7.81025,7.81025,7.07107,7.07107,7.07107,6.40312,6.40312,5.83095,5.83095,6.7082,5.83095,6.32456,6.32456,6.32456,6.32456,6.32456,6.32456,6.32456,6.32456,6.32456,6.32456,6.32456,6.7082,6.7082,6.7082,6.7082,5.83095,6.40312,5.65685,5.65685,5.65685,5.0,5.0,4.47214,4.47214,4.47214,4.12311,4.12311,4.12311,3.0,3.0,3.0,3.0,2.23607,2.23607,63.00794,57.98276,58.00862,57.42822,53.25411,49.81967,48.10405,47.42362,46.75468,43.93177,42.44997,42.52058,40.36087,36.23534,35.22783,35.80503,35.51056,32.24903,31.90611,31.30495,33.24154,32.31099,31.62278,32.75668,30.08322,32.28002,32.28002,32.75668,31.40064,37.48333,31.7805,34.20526,33.52611,31.32092,36.76955,31.62278,33.10589,34.48188,31.76476,27.78489,32.80244,27.65863,24.75884,23.43075,25.23886,26.07681,24.59675,22.13594,18.97367,20.61553,17.26268,18.11077,13.0384,16.15549,16.55295,13.0384,11.40175,35.69314,35.69314,38.8973,41.4367,42.37924,41.18252,47.01064,44.94441,47.70744,50.47772,52.80152,53.00943,60.0,58.25805,60.959,62.93648,66.48308,64.53681,67.26812,67.62396,71.02816,71.56116,72.42237,77.66595,73.24616,69.64194,71.19691,71.34424,72.71864,73.92564,72.06941,69.46222,71.58911,68.96376,68.88396,70.49113,69.11584,67.1193,68.50547,68.60029,66.0303,69.2026,69.2026,71.8401,67.80118,67.20863,68.60029,72.00694,68.11755,71.58911,73.10951,75.9276,71.8401,69.40461,74.8131,71.8401,72.8011
11.31371,9.89949,9.89949,9.21954,9.21954,8.60233,7.81025,7.2111,7.2111,7.2111,7.2111,6.7082,6.7082,6.7082,6.32456,6.32456,6.32456,6.32456,6.08276,6.08276,6.08276,6.08276,6.08276,6.08276,6.08276,6.08276,6.08276,7.07107,7.07107,6.08276,6.32456,6.32456,6.32456,6.7082,5.83095,5.83095,5.83095,5.0,5.65685,5.65685,5.0,5.0,4.47214,4.47214,4.47214,3.16228,4.12311,3.0,3.0,3.0,3.16228,2.23607,62.96825,58.79626,54.48853,57.48913,55.44367,47.80167,50.32892,45.60702,44.65423,45.60702,37.73592,38.94868,39.39543,38.47077,34.43835,33.54102,32.89377,32.28002,31.57531,27.65863,30.41381,33.13608,29.0,27.16616,28.07134,31.01612,31.06445,35.35534,31.06445,35.0571,32.06244,33.06055,32.24903,32.14032,33.13608,33.24154,30.14963,28.28427,31.40064,30.41381,28.63564,27.73085,27.73085,25.23886,22.67157,23.34524,21.93171,21.26029,20.80865,17.49286,14.76482,18.38478,17.0,16.12452,14.03567,14.56022,14.42221,36.12478,35.51056,40.5216,41.10961,43.32436,40.8534,47.01064,47.41308,50.08992,48.37355,53.85165,54.20332,56.85948,59.64059,58.00862,64.44377,63.78087,64.38167,65.06919,70.03571,72.12489,73.53911,70.83784,74.51845,71.40028,71.61006,72.20111,73.24616,72.42237,70.60453,70.80254,71.8401,70.43437,71.40028,71.70077,70.0928,68.68042,67.26812,66.6033,71.44928,69.31089,67.94115,67.94115,73.59348,69.42622,74.65253,71.06335,70.43437,71.21798,70.83784,73.87828,72.91776,70.17834,72.47068,70.29225,69.02898,70.03571
9.48683,8.544,8.544,8.544,7.61577,7.61577,6.7082,6.7082,6.7082,5.83095,6.40312,6.40312,5.65685,5.65685,5.65685,5.0,5.83095,5.0,5.83095,5.83095,5.83095,5.83095,5.83095,5.83095,5.83095,5.83095,5.83095,5.83095,5.83095,5.83095,6.40312,5.65685,5.65685,5.0,5.0,5.0,5.0,4.47214,4.47214,4.12311,3.16228,3.16228,3.0,3.0,3.0,2.23607,2.23607,1.41421,1.41421,2.23607,2.23607,2.0,59.00847,55.03635,57.21888,52.15362,47.04253,53.03772,46.01087,45.27693,39.45884,40.60788,38.32754,37.94733,38.32754,32.57299,31.01612,33.24154,34.0,29.96665,30.88689,29.15476,32.44996,27.65863,29.73214,26.90725,30.41381,32.52691,29.06888,30.4795,29.06888,29.0,27.58623,29.06888,29.83287,33.30165,31.241,30.80584,31.06445,31.62278,28.23119,29.15476,28.63564,25.0,24.18677,24.08319,24.08319,22.02272,21.09502,19.0263,17.46425,17.72005,17.0,14.42221,14.86607,12.80625,15.26434,12.64911,12.0,33.97058,36.23534,36.35932,42.94182,39.82462,43.38202,43.86342,47.42362,49.98,47.01064,53.16014,53.60037,58.94065,59.03389,61.98387,59.3043,65.49046,61.29437,66.27217,68.00735,69.02898,73.0,68.00735,72.11103,71.44928,70.5762,72.69113,73.33485,69.72087,68.593,64.28063,69.58448,67.60178,68.46897,66.18912,68.26419,67.06713,69.18092,68.06614,68.11755,69.00725,67.00746,70.06426,67.18631,71.00704,71.25307,70.17834,72.1734,69.35416,69.18092,69.02898,74.24284,73.06162,66.18912,69.11584,72.06247,65.00769
9.43398,9.43398,9.43398,8.06226,8.06226,7.2111,7.81025,7.07107,6.40312,6.40312,5.65685,6.40312,5.65685,5.65685,5.0,5.83095,4.47214,5.38516,4.47214,4.47214,4.47214,4.12311,5.09902,5.38516,5.38516,5.09902,5.38516,5.38516,5.38516,5.38516,4.47214,5.83095,5.0,5.0,5.65685,5.65685,5.0,4.47214,4.47214,4.47214,4.47214,4.12311,4.12311,4.0,3.0,3.16228,3.16228,3.16228,3.16228,3.60555,2.82843,2.82843,61.85467,56.0357,59.40539,55.80323,49.0408,50.44799,46.8615,45.45327,46.09772,41.72529,37.53665,37.64306,35.38361,33.6006,30.23243,29.41088,33.28663,29.15476,30.8707,27.51363,29.42788,26.92582,31.04835,29.15476,30.80584,30.26549,27.0,32.06244,32.38827,31.01612,31.01612,31.40064,29.15476,32.14032,31.57531,32.57299,30.67572,31.32092,30.46309,26.92582,25.55386,25.55386,26.1725,26.1725,22.80351,19.20937,24.69818,18.02776,21.54066,18.43909,18.43909,16.03122,19.10497,17.72005,18.38478,13.45362,12.04159,37.33631,39.39543,38.01316,45.27693,41.6173,46.40043,47.42362,47.42362,50.24938,51.66237,53.03772,60.20797,60.20797,61.7171,65.43699,62.80127,68.8186,63.24555,72.67049,71.69379,71.58911,72.47068,74.30343,73.40981,74.24958,74.32362,73.92564,74.84651,71.69379,76.48529,68.942,73.53911,73.00685,72.49828,72.91776,67.53518,70.3278,69.77105,69.46222,69.35416,70.72482,69.64194,73.24616,70.80254,70.45566,73.24616,72.8011,71.8401,75.21303,72.8011,74.02702,72.20111,72.62231,67.80118,71.40028,74.63243,73.60027
9.43398,8.60233,8.60233,8.60233,7.81025,7.81025,7.07107,7.07107,7.07107,7.07107,6.40312,6.40312,5.83095,5.83095,5.83095,5.83095,5.38516,5.38516,5.38516,5.38516,5.38516,5.09902,5.38516,5.09902,5.09902,5.09902,5.38516,6.32456,5.38516,5.38516,5.38516,5.38516,5.83095,5.0,5.0,5.0,4.24264,5.0,5.0,5.0,3.60555,4.47214,4.47214,4.12311,3.16228,4.12311,3.0,3.0,3.0,3.16228,2.23607,2.23607,62.39391,58.30952,58.69412,55.9017,51.47815,51.88449,48.37355,44.29447,41.34005,42.94182,38.01316,39.40812,34.82815,35.0,33.42155,32.64966,32.55764,31.241,28.6007,26.92582,30.80584,28.01785,27.85678,25.29822,25.07987,27.20294,27.51363,28.44293,28.4605,29.41088,31.95309,31.38471,28.16026,30.08322,29.41088,29.15476,27.29469,30.01666,29.41088,28.3196,28.3196,24.41311,22.67157,24.69818,21.63331,22.47221,21.54066,20.39608,21.58703,15.13275,15.0,18.24829,19.92486,13.0384,15.81139,14.14214,15.65248,35.80503,39.40812,41.23106,43.84062,45.96738,46.09772,46.69047,48.27007,51.40039,56.0357,54.3783,57.45433,59.94164,64.00781,63.56099,65.79514,68.44706,72.8011,70.00714,69.89278,74.33034,77.62087,74.04053,75.9276,76.48529,77.27872,75.9276,74.33034,72.69113,73.34848,72.18033,70.61161,68.24954,69.63476,70.34202,70.83078,71.16881,71.56815,67.05222,72.42237,70.93659,68.94926,68.70953,71.69379,69.07966,74.70609,71.58911,71.11259,73.82412,72.01389,70.68239,76.05919,74.24958,69.35416,71.55418,67.97794,66.21178
8.60233,8.60233,7.81025,7.81025,6.40312,7.2111,5.83095,5.83095,5.83095,5.38516,5.38516,5.38516,5.09902,4.12311,4.12311,4.12311,5.0,4.0,4.0,4.0,4.0,4.0,4.12311,4.12311,4.12311,4.12311,4.12311,4.12311,4.12311,4.0,5.0,4.0,4.0,4.12311,4.12311,4.12311,4.12311,4.47214,3.60555,3.60555,2.82843,2.82843,3.60555,3.60555,3.16228,3.16228,3.0,3.0,3.0,3.0,3.16228,3.16228,64.00781,55.47071,59.5399,51.62364,49.09175,50.0,46.87217,44.40721,38.27532,43.18565,38.41875,33.94113,36.12478,30.41381,31.40064,30.80584,31.62278,27.45906,29.52965,24.18677,28.4605,25.63201,25.70992,28.23119,26.24881,23.76973,26.1725,26.30589,27.16616,27.0,27.45906,29.42788,27.29469,26.68333,25.31798,26.92582,28.79236,27.73085,26.62705,24.18677,25.80698,25.0,26.1725,21.2132,20.61553,21.0238,22.36068,21.93171,19.41649,21.58703,15.13275,19.0263,16.76305,15.23155,15.81139,16.64332,14.86607,37.58989,40.80441,40.80441,45.34314,41.72529,47.42362,50.91169,49.0408,54.67175,53.15073,57.62812,62.42596,67.6757,65.21503,64.66065,65.0,74.70609,67.54258,74.73286,73.53911,72.8011,79.37884,74.33034,78.1089,78.74643,76.24303,76.24303,80.65358,70.60453,76.40026,73.37575,77.49194,71.8401,75.58439,72.73239,68.62215,67.62396,71.30919,70.00714,68.15424,75.15318,66.18912,74.30343,71.58911,72.94518,74.30343,74.24284,71.86793,73.92564,69.77105,74.62573,72.40166,74.79305,69.97142,74.43118,73.92564,68.09552
8.06226,8.06226,8.06226,8.06226,7.2111,7.2111,6.40312,6.40312,6.40312,5.65685,5.65685,5.65685,5.0,5.0,5.0,4.47214,4.47214,4.47214,4.47214,4.47214,4.47214,5.09902,5.38516,5.09902,5.09902,5.09902,5.38516,5.38516,5.38516,5.38516,4.47214,4.47214,5.0,5.0,5.0,4.24264,4.24264,4.24264,3.60555,3.60555,3.16228,3.16228,3.16228,3.0,3.0,3.0,2.0,2.23607,2.23607,2.23607,2.23607,2.23607,56.75385,56.32051,56.32051,52.63079,48.08326,48.05206,46.8188,46.8188,38.8973,39.0,35.8469,35.34119,34.98571,32.44996,32.01562,31.40064,33.42155,29.0,29.0,27.01851,30.0,26.07681,24.18677,29.15476,25.07987,26.41969,28.17801,28.63564,30.36445,28.63564,27.85678,30.67572,28.63564,31.30495,27.29469,28.84441,27.29469,28.30194,26.24881,26.87006,26.87006,27.80288,23.32381,21.47091,23.70654,20.12461,22.56103,20.88061,20.09975,17.02939,16.03122,16.12452,18.68154,17.88854,16.12452,12.80625,15.81139,37.64306,40.0,37.73592,41.67733,43.82921,47.53946,44.38468,47.16991,51.26402,53.14132,51.92302,55.7853,62.36185,60.63827,65.11528,65.49046,68.593,67.18631,71.44928,74.24284,72.1734,74.06079,72.0,75.05998,74.16873,76.02631,78.31347,73.10951,74.24284,74.02702,72.1734,73.02739,72.00694,73.00685,71.00704,71.02816,69.18092,68.18358,70.25667,69.35416,70.71068,69.58448,72.18033,70.85901,71.38627,73.34848,70.0928,70.60453,72.27724,69.63476,71.80529,71.06335,71.06335,67.44627,67.68309,72.78049,68.41053
9.05539,9.05539,8.06226,8.06226,8.06226,7.0,7.0,7.0,7.0,6.0,6.08276,6.08276,5.09902,5.38516,5.38516,5.38516,5.38516,5.38516,5.0,5.0,5.0,5.0,5.0,5.0,5.65685,5.83095,5.83095,5.83095,5.83095,5.83095,5.0,5.83095,5.38516,5.38516,5.38516,5.09902,5.09902,5.09902,4.0,4.0,4.0,4.0,4.12311,4.12311,3.16228,3.16228,3.60555,2.82843,2.82843,2.82843,2.23607,2.23607,59.77458,59.48109,56.88585,53.16014,48.83646,46.69047,45.54119,46.27094,41.30375,39.0,40.0,37.0,38.0526,32.24903,31.7805,32.55764,31.7805,28.4605,29.12044,29.15476,28.17801,28.23119,28.30194,24.69818,28.6007,27.01851,30.0,28.01785,29.20616,29.06888,31.14482,27.58623,24.41311,26.62705,29.41088,28.01785,27.20294,28.23119,27.313,28.17801,27.51363,25.96151,23.5372,23.02173,22.02272,21.0,21.0238,20.22375,18.68154,18.78829,17.88854,17.69181,16.40122,19.84943,15.81139,19.31321,15.29706,35.0571,36.12478,38.01316,41.04875,43.41659,44.28318,45.54119,47.07441,50.63596,51.92302,53.85165,56.32051,59.77458,61.84658,60.40695,64.07808,67.62396,69.31811,69.31811,69.35416,72.06941,73.43024,76.32169,73.92564,77.66595,75.29276,75.71658,72.67049,74.33034,71.86793,71.34424,68.7968,69.63476,70.3278,69.46222,74.24284,70.66116,66.70832,67.23095,68.54196,71.51224,71.7844,70.5195,74.04053,67.35726,70.88018,69.37579,73.75636,72.03471,72.03471,69.857,72.36712,69.857,72.78049,70.0928,69.63476,67.18631
7.61577,9.21954,6.32456,6.7082,7.61577,7.28011,9.43398,5.83095,5.83095,5.0,7.81025,5.65685,4.24264,4.24264,4.24264,4.47214,4.47214,5.38516,5.09902,4.12311,4.12311,5.09902,3.16228,3.0,4.12311,5.0,4.0,4.12311,4.0,6.0,5.09902,4.12311,4.0,4.24264,4.12311,4.47214,4.12311,5.09902,4.24264,3.60555,3.60555,5.38516,3.60555,2.82843,3.16228,2.0,3.0,3.0,3.0,4.47214,3.16228,2.23607,59.07622,52.03845,48.50773,63.07139,64.32729,43.41659,57.31492,50.96077,39.62323,57.00877,35.69314,39.56008,28.84441,33.61547,31.82766,32.20248,31.241,33.83785,30.41381,26.1725,25.45584,28.6531,36.05551,20.59126,32.57299,30.80584,24.75884,27.89265,25.31798,21.54066,29.54657,31.04835,28.16026,34.9285,24.0,26.92582,31.7805,33.24154,18.02776,24.69818,36.40055,49.0408,43.27817,16.49242,20.61553,30.61046,27.58623,19.20937,36.05551,25.55386,18.78829,16.55295,13.15295,10.04988,17.49286,14.56022,7.2111,37.05401,42.0119,38.32754,44.28318,43.56604,47.51842,46.69047,49.47727,51.92302,53.15073,57.48913,58.46366,61.40033,64.28841,66.12866,64.56005,71.16881,70.00714,72.23573,72.44998,72.00694,76.05919,72.00694,74.73286,75.13322,75.15318,75.13322,78.71467,70.66116,75.13322,74.32362,76.48529,72.61543,72.8011,67.23095,72.11103,69.92138,73.1642,66.48308,72.00694,70.40597,68.88396,74.24284,70.34913,75.42546,73.02739,73.06162,72.02777,74.06079,70.06426,70.02857,72.02777,74.02702,70.17834,69.26038,70.34913,68.18358
9.05539,9.05539,8.06226,7.07107,7.07107,7.0,6.0,6.0,6.0,5.0,5.0,5.09902,4.12311,4.12311,4.12311,4.47214,4.47214,4.47214,3.60555,3.60555,3.60555,4.24264,5.0,4.24264,4.24264,5.0,5.0,5.0,5.0,5.0,4.47214,4.47214,4.47214,4.47214,4.12311,4.12311,4.0,4.0,4.0,4.12311,3.16228,3.16228,3.60555,3.60555,3.60555,2.82843,3.60555,3.60555,3.16228,3.16228,3.0,3.0,56.22277,57.42822,56.22277,54.08327,50.03998,51.0098,43.0,44.01136,42.04759,40.1995,33.37664,36.34556,38.07887,30.41381,33.37664,30.67572,26.40076,25.63201,29.54657,27.45906,24.41311,27.45906,27.80288,24.41311,24.83948,25.6125,26.90725,26.87006,27.58623,29.69848,28.42534,30.4795,26.1725,26.87006,27.58623,28.42534,27.01851,26.92582,27.78489,26.07681,25.07987,25.29822,24.33105,22.09072,20.02498,21.09502,22.0,21.0,18.24829,20.88061,21.0238,18.60108,17.46425,17.69181,18.60108,17.46425,16.15549,36.05551,40.5216,39.62323,43.73786,44.40721,44.28318,45.17743,48.01042,52.00961,53.15073,58.21512,57.31492,57.55867,61.81424,63.78871,63.95311,70.21396,65.51336,72.78049,69.12308,74.04053,73.4983,73.05477,77.25283,76.05919,75.76939,73.00685,74.67262,73.38937,75.02666,71.51224,73.73602,73.38937,72.8011,71.8401,69.64194,67.18631,66.94027,66.21933,69.42622,70.85901,68.593,73.5527,70.71068,72.56032,73.00685,73.5527,74.16873,73.24616,72.24957,72.24957,77.16217,72.06247,66.18912,72.1734,73.24616,70.34913
9.21954,8.06226,8.24621,7.28011,7.28011,6.32456,6.32456,5.38516,6.32456,5.38516,5.38516,5.0,5.0,5.0,4.24264,4.24264,4.24264,4.24264,3.60555,3.60555,4.47214,4.47214,4.47214,4.47214,4.47214,4.47214,4.47214,4.47214,4.47214,5.0,5.0,4.24264,4.24264,4.24264,4.24264,3.60555,4.47214,3.16228,3.16228,3.16228,3.0,3.0,3.0,3.16228,3.16228,3.16228,3.16228,2.82843,2.82843,2.82843,3.16228,3.16228,62.39391,57.21888,52.39275,54.74486,49.81967,49.81967,46.52956,43.93177,41.76123,40.26164,36.68787,36.05551,33.83785,33.61547,34.43835,31.76476,28.01785,28.84441,26.92582,28.01785,28.28427,26.1725,25.4951,25.23886,23.43075,25.80698,26.62705,27.78489,24.69818,28.17801,27.80288,30.0,29.15476,27.65863,28.84441,27.20294,28.3196,30.41381,28.3196,26.90725,26.90725,28.17801,24.04163,22.82542,21.58703,23.5372,22.09072,21.2132,19.0263,19.0263,18.02776,16.15549,17.88854,20.59126,14.21267,15.26434,14.42221,32.44996,36.67424,41.14608,42.05948,42.15448,42.05948,42.72002,49.0408,51.41984,52.39275,52.61179,56.7186,59.3043,60.29925,64.12488,65.12296,68.00735,70.0,67.00746,71.02816,71.06335,71.06335,76.23647,71.44928,72.99315,75.80237,74.96666,72.83543,77.46612,71.84706,72.83543,71.56815,73.43705,69.58448,69.18092,71.17584,71.17584,68.0,66.06815,73.00685,68.00735,71.25307,69.18092,70.45566,66.37017,75.42546,71.25307,71.19691,73.68175,74.43118,71.84706,72.83543,71.70077,71.70077,72.83543,71.70077,66.61081
9.21954,9.21954,8.48528,8.48528,7.81025,7.07107,7.07107,6.40312,6.40312,6.40312,5.83095,5.83095,5.83095,5.38516,5.38516,5.09902,5.09902,5.09902,5.09902,5.09902,5.09902,5.0,6.0,5.0,5.0,5.0,6.0,6.0,6.0,6.08276,5.09902,6.08276,5.09902,5.38516,5.38516,5.38516,4.47214,4.47214,4.47214,5.0,4.24264,4.24264,3.60555,3.60555,3.60555,3.16228,3.16228,3.16228,2.0,2.0,2.23607,2.23607,62.17717,60.82763,54.20332,52.83938,51.62364,47.70744,49.09175,45.48626,43.82921,40.22437,37.64306,39.62323,37.53665,33.97058,32.64966,31.62278,30.0,28.30194,32.75668,29.52965,26.57066,29.15476,27.20294,25.4951,26.68333,29.61419,26.4764,30.14963,28.63564,31.257,30.14963,27.29469,30.41381,32.14032,28.44293,31.62278,31.04835,30.67572,28.63564,29.41088,28.17801,26.62705,25.0,24.75884,25.45584,24.83948,20.0,22.2036,20.12461,18.38478,21.84033,17.26268,17.11724,19.0263,17.08801,15.26434,15.26434,34.65545,37.53665,37.80212,37.20215,38.83298,42.54409,44.29447,47.42362,49.64877,50.9902,52.0,56.0803,57.77543,58.5235,63.89053,62.93648,64.28841,65.25335,66.94027,67.68309,69.42622,75.31268,70.03571,72.44308,74.43118,69.58448,69.58448,71.17584,70.45566,72.83543,71.56815,69.58448,65.76473,69.72087,68.06614,66.4906,69.63476,65.96969,66.21933,69.89278,70.2282,68.62215,68.35203,69.35416,67.54258,70.26379,71.11259,70.77429,72.89719,76.15773,72.47068,71.58911,71.11259,70.21396,69.77105,70.21396,69.77105
9.43398,9.43398,8.94427,8.06226,8.06226,8.06226,6.7082,6.7082,6.7082,6.32456,6.32456,6.32456,5.09902,5.09902,5.09902,5.0,5.0,5.0,4.0,4.0,5.0,4.12311,5.09902,4.12311,5.09902,5.09902,5.09902,5.09902,5.09902,5.09902,5.0,5.0,5.0,5.09902,5.09902,5.09902,5.38516,4.47214,4.47214,4.47214,4.47214,4.24264,4.24264,4.24264,3.60555,4.47214,4.47214,3.16228,4.12311,4.0,3.0,3.16228,64.63745,61.85467,61.05735,58.5235,54.20332,50.24938,48.30114,44.77723,47.01064,44.28318,42.15448,39.0,38.60052,37.36308,34.9285,32.38827,30.59412,33.13608,29.27456,31.06445,31.06445,31.06445,27.89265,30.26549,28.16026,25.96151,27.85678,28.63564,29.41088,29.73214,30.08322,33.83785,31.04835,29.41088,32.28002,31.7805,30.59412,31.40064,29.06888,31.14482,32.06244,27.01851,29.42788,25.96151,26.30589,26.57066,25.05993,28.01785,21.63331,26.40076,20.51828,21.93171,22.67157,20.24846,18.38478,17.0,16.12452,34.36568,35.44009,36.87818,39.56008,42.15448,42.15448,45.61798,43.86342,49.1935,49.24429,53.66563,55.75841,55.07268,57.45433,60.80296,63.60031,66.21933,67.35726,66.70832,68.68042,69.35416,74.96666,72.83543,72.86288,71.58911,73.59348,72.47068,72.24957,72.18033,68.76772,70.72482,73.24616,72.18033,71.50524,69.31089,68.593,67.89698,70.0928,70.29225,68.76772,71.06335,70.21396,74.20243,73.78347,72.11103,75.45197,75.80237,73.92564,72.94518,74.09453,74.09453,74.94665,74.94665,74.94665,77.17513,77.17513,72.71864
9.48683,9.48683,8.544,8.544,7.61577,7.61577,7.61577,6.7082,6.7082,5.83095,5.83095,5.83095,5.83095,5.0,5.0,5.65685,5.0,5.0,5.0,5.0,5.0,4.47214,4.47214,4.47214,4.47214,5.38516,5.38516,5.38516,5.83095,5.83095,5.83095,5.83095,5.0,5.0,5.65685,5.65685,5.0,5.0,4.47214,4.47214,4.47214,4.12311,4.12311,4.12311,4.12311,4.0,4.12311,4.12311,4.12311,3.60555,3.60555,2.82843,64.19502,63.3877,66.61081,58.30952,56.4358,53.36666,52.95281,49.0306,46.69047,46.32494,42.95346,42.72002,42.05948,38.62642,39.0,32.20248,34.48188,32.44996,33.6006,32.64966,31.89044,31.14482,30.41381,29.0,30.4795,33.24154,30.80584,31.40064,31.62278,32.44996,33.6006,35.0,32.80244,33.6006,33.30165,33.94113,34.4093,35.38361,33.97058,31.40064,31.40064,30.41381,31.7805,31.95309,26.24881,24.73863,23.5372,26.01922,23.0,24.33105,23.5372,20.24846,20.88061,21.9545,17.20465,17.02939,18.35756,36.79674,38.83298,39.96248,43.909,41.59327,44.72136,43.46263,46.61545,52.20153,52.49762,53.60037,59.20304,60.44005,61.13101,60.41523,65.9242,65.62012,69.2315,68.26419,67.26812,73.24616,77.05842,74.00676,72.06247,77.02597,75.32596,75.16648,75.0,76.1643,76.1643,75.10659,77.10383,69.18092,75.00667,74.02702,73.00685,71.06335,71.06335,71.17584,71.25307,75.10659,69.72087,70.34913,72.83543,72.00694,78.64477,77.66595,73.5459,77.46612,76.94154,76.29548,78.8543,76.11833,74.1485,80.23092,78.44743,75.95393
9.21954,9.05539,8.06226,8.06226,8.06226,8.0,7.0,7.0,6.0,6.08276,6.08276,5.09902,5.38516,5.09902,5.38516,5.38516,5.83095,5.0,5.0,5.0,5.0,5.0,5.0,5.65685,5.0,6.40312,5.65685,5.0,5.83095,5.83095,5.83095,5.83095,5.38516,5.38516,5.38516,5.38516,5.09902,5.09902,5.09902,4.0,4.0,4.0,3.16228,3.16228,3.16228,3.16228,2.82843,2.82843,2.23607,2.23607,2.23607,2.0,65.52099,59.48109,66.94027,59.48109,52.63079,55.7853,44.91102,50.21952,42.57934,47.51842,41.4367,40.31129,36.12478,37.01351,33.13608,35.12834,35.01428,32.55764,33.37664,27.89265,32.57299,26.4764,31.7805,29.54657,30.46309,27.29469,29.96665,30.52868,31.90611,33.01515,33.83785,34.88553,33.54102,32.64966,30.41381,32.69557,32.28002,31.38471,31.04835,31.257,32.38827,28.07134,29.0,28.01785,28.16026,24.18677,25.4951,22.13594,23.70654,19.72308,21.09502,20.51828,19.20937,19.72308,15.26434,16.15549,14.14214,31.38471,37.33631,35.69314,39.29377,36.49658,43.41659,44.28318,45.09989,47.01064,45.01111,48.01042,51.47815,57.21888,58.42089,63.50591,58.69412,67.08204,59.22837,68.65858,67.72001,68.96376,73.73602,67.41662,71.86793,71.30919,73.53911,71.69379,72.91776,66.70832,75.39231,64.88451,73.40981,70.26379,69.857,69.28925,68.35203,66.48308,67.6757,69.92138,70.34202,73.4983,65.80274,76.65507,66.48308,71.80529,75.9276,73.00685,74.33034,74.46476,73.75636,72.56721,77.46612,74.2159,71.38627,75.9276,78.1025,69.857
10.0,10.0,9.0,9.0,9.0,8.06226,8.06226,7.07107,7.07107,7.07107,7.28011,6.32456,6.32456,6.32456,6.32456,6.7082,5.83095,5.83095,5.83095,5.83095,6.40312,5.65685,6.40312,5.65685,5.65685,6.40312,6.40312,6.40312,6.40312,6.40312,6.40312,5.83095,5.83095,5.83095,5.38516,5.38516,5.38516,5.38516,5.09902,5.09902,5.09902,5.0,4.0,4.0,4.12311,4.12311,3.16228,3.16228,3.16228,2.82843,2.82843,2.82843,62.64982,61.81424,62.64982,59.68249,55.22681,52.34501,49.16299,49.16299,47.09565,45.01111,42.0119,43.04649,39.11521,39.11521,36.12478,35.69314,34.20526,31.32092,32.31099,32.69557,33.10589,29.52965,31.38471,30.01666,27.20294,32.55764,31.241,29.73214,32.01562,31.89044,31.14482,36.23534,30.4795,32.01562,34.71311,32.20248,33.61547,33.54102,31.30495,29.06888,31.7805,31.01612,29.42788,29.61419,23.19483,27.65863,28.07134,21.0238,23.19483,20.88061,20.61553,21.09502,19.72308,17.69181,20.51828,16.27882,17.0,31.38471,33.52611,37.10795,40.02499,40.60788,40.60788,43.18565,44.01136,45.0,47.01064,50.03998,54.08327,56.00893,58.54912,57.70615,61.81424,65.30697,63.56099,65.51336,68.65858,67.05222,68.96376,66.40783,70.00714,70.83784,70.5762,71.51224,72.23573,70.5762,70.93659,69.35416,72.23573,70.00714,68.94926,69.26038,68.30813,65.78754,67.44627,68.96376,69.857,71.06335,67.91171,73.1642,71.84706,69.35416,72.83543,74.1485,72.44308,77.41447,70.71068,72.69113,75.53807,74.54529,72.56032,73.5527,74.67262,71.56815
10.0,9.21954,9.21954,8.60233,7.81025,7.81025,7.07107,6.40312,6.40312,6.40312,6.40312,5.83095,5.83095,5.83095,5.38516,5.38516,5.38516,5.09902,5.09902,5.09902,5.09902,5.09902,5.09902,6.08276,6.08276,6.08276,6.08276,6.08276,6.08276,6.08276,6.08276,6.08276,5.09902,5.38516,5.38516,5.38516,5.83095,5.0,5.0,5.0,4.24264,4.24264,4.24264,3.60555,3.60555,3.60555,3.16228,3.16228,2.23607,2.0,2.0,2.23607,65.29931,61.03278,54.20332,56.22277,53.90733,46.69047,50.32892,46.01087,46.66905,42.42641,42.42641,42.0119,38.83298,37.01351,32.44996,36.40055,31.38471,29.54657,30.8707,31.01612,30.67572,30.59412,30.59412,29.42788,28.44293,27.0,32.24903,31.257,33.06055,27.07397,32.01562,31.14482,37.05401,34.05877,31.06445,30.14963,29.0,32.38827,30.41381,31.04835,30.08322,28.63564,25.94224,27.45906,23.70654,26.40076,24.20744,25.0,20.0,18.43909,17.49286,18.35756,17.46425,17.46425,13.0,16.12452,14.56022,32.24903,31.06445,37.80212,35.0,39.62323,38.18377,42.42641,42.52058,46.75468,47.80167,49.81967,51.61395,54.3783,56.4358,56.0803,60.74537,61.58734,64.00781,60.82763,64.40497,67.97794,67.97794,73.92564,71.7844,69.57011,71.47027,71.7844,70.2282,70.5762,66.40783,70.00714,66.12866,68.96376,68.15424,73.37575,69.07966,69.31811,65.79514,62.17717,66.24198,62.76942,72.67049,68.50547,74.62573,66.28725,72.47068,68.8186,75.0,71.70077,75.0,73.4983,74.02702,70.80254,72.42237,70.21396,69.06519,69.40461
9.84886,8.544,8.544,7.61577,7.61577,6.7082,6.7082,6.7082,5.83095,5.83095,5.83095,5.0,5.0,5.0,4.24264,5.0,5.0,4.47214,4.47214,4.47214,4.47214,4.47214,4.47214,4.12311,4.47214,5.09902,4.47214,5.38516,5.38516,5.38516,4.47214,5.0,5.0,5.0,4.24264,4.24264,4.24264,3.60555,3.60555,3.60555,3.16228,3.16228,3.16228,3.0,3.0,3.0,3.16228,3.16228,2.23607,2.82843,2.82843,2.23607,62.29767,63.60031,63.06346,55.36244,55.54278,55.02727,50.96077,48.70318,42.72002,44.72136,43.41659,39.0,38.47077,36.71512,36.71512,33.6006,32.55764,30.41381,30.4795,33.30165,32.01562,28.6007,30.88689,27.78489,26.0,30.08322,29.15476,28.79236,26.92582,30.67572,31.95309,29.73214,31.95309,31.7805,30.08322,31.30495,33.54102,28.63564,30.52868,29.15476,29.83287,26.1725,26.24881,23.43075,27.80288,22.2036,22.82542,21.54066,21.84033,21.58703,19.10497,19.23538,17.26268,18.68154,18.38478,16.12452,15.6205,34.71311,38.41875,35.80503,39.96248,41.88078,42.48529,42.95346,45.18849,48.46648,49.0408,51.5461,54.08327,57.87055,59.20304,61.84658,61.84658,62.58594,66.09841,67.74216,70.5762,68.73136,71.44928,72.44308,74.02702,75.0,75.00667,74.0,75.02666,72.11103,75.02666,73.00685,75.05998,70.06426,73.10951,71.25307,71.11259,67.60178,71.84706,70.71068,70.21396,72.36712,71.38627,75.18643,72.27724,75.0,76.24303,74.63243,73.68175,74.94665,74.63243,73.37575,73.37575,77.7946,76.844,70.21396,75.61085,71.7844
10.63015,9.89949,10.0,9.21954,9.21954,7.81025,8.60233,7.81025,7.2111,7.2111,6.7082,6.7082,6.7082,6.32456,6.32456,6.32456,6.32456,6.08276,6.08276,6.08276,6.08276,6.08276,6.08276,6.08276,6.08276,6.08276,6.08276,6.08276,6.08276,6.08276,6.08276,6.08276,6.32456,6.32456,5.38516,5.83095,5.83095,5.83095,5.0,5.0,5.0,4.24264,5.0,4.47214,4.47214,4.47214,4.12311,4.12311,4.0,3.0,3.0,3.16228,65.19202,58.41233,63.25346,57.48913,56.63921,54.20332,51.40039,46.40043,43.26662,46.40043,42.2019,38.58756,38.94868,36.23534,34.0,32.69557,35.1141,34.20526,32.75668,32.75668,30.59412,30.59412,32.0,30.0,30.0,29.0,28.01785,32.06244,30.01666,33.06055,30.14963,33.0,31.06445,32.01562,32.06244,35.51056,29.15476,30.26549,32.38827,31.32092,27.20294,31.7805,27.73085,24.69818,24.18677,23.34524,24.75884,23.34524,21.09502,20.59126,20.59126,17.72005,19.31321,20.02498,19.0263,18.0,15.81139,33.24154,35.0571,37.05401,39.05125,38.32754,41.7732,39.81206,45.60702,45.88028,47.75982,51.86521,53.45091,52.92447,57.77543,62.64982,60.82763,66.18912,63.28507,66.03787,66.85058,65.45991,73.81734,70.43437,70.93659,70.93659,71.50524,71.50524,74.27651,69.35416,72.86288,70.72482,68.593,70.72482,66.48308,71.50524,70.83784,67.47592,68.11755,68.60029,70.60453,73.60027,66.85058,72.8011,68.00735,71.61006,71.86793,71.86793,73.78347,73.4983,71.61006,72.67049,74.06079,73.81734,71.28113,70.0,75.60423,73.60027
9.84886,9.48683,8.544,8.544,7.61577,7.61577,7.28011,7.28011,6.08276,6.08276,6.08276,6.0,6.0,5.0,5.0,5.0,5.09902,5.09902,5.09902,5.09902,5.38516,5.38516,5.38516,5.38516,5.38516,5.38516,5.38516,5.38516,5.38516,5.38516,5.09902,5.09902,5.09902,5.0,5.0,5.0,4.0,4.12311,4.12311,4.12311,3.60555,3.60555,2.82843,2.82843,2.82843,2.23607,2.23607,2.23607,2.0,2.0,2.23607,2.23607,62.80127,62.00806,61.40033,55.21775,55.0,52.00961,51.85557,46.40043,43.26662,40.70626,39.44617,38.47077,38.01316,34.53983,33.24154,32.01562,34.20526,31.7805,28.07134,30.26549,30.01666,28.07134,27.01851,32.01562,30.06659,28.44293,29.27456,30.80584,31.14482,33.24154,31.40064,30.14963,29.27456,28.44293,30.01666,30.01666,31.01612,32.14032,29.06888,32.55764,26.68333,28.79236,26.0,27.73085,25.07987,25.80698,22.80351,22.67157,19.79899,20.12461,18.02776,17.0,16.76305,14.03567,15.0,14.03567,11.40175,35.01428,33.06055,37.12142,37.85499,42.95346,41.76123,44.27189,45.54119,44.94441,50.32892,51.88449,53.7122,58.13777,57.70615,59.94164,63.24555,64.07027,66.4003,64.66065,69.40461,68.41053,73.40981,71.42129,70.00714,72.12489,74.24958,73.75636,71.42129,75.00667,72.18033,72.91776,72.18033,72.13876,70.03571,70.72482,70.0928,71.50524,68.76772,69.6563,71.70077,69.81404,73.40981,71.06335,72.8011,73.00685,70.49113,71.61006,74.88658,76.8505,77.00649,76.6094,73.23933,76.55064,74.63243,73.00685,73.4983,73.00685
10.29563,10.29563,8.94427,8.94427,7.61577,8.544,7.61577,7.28011,7.28011,7.28011,7.07107,7.07107,6.08276,6.08276,6.0,6.0,6.0,6.0,6.08276,6.08276,6.08276,6.08276,6.08276,6.32456,6.32456,6.32456,6.08276,6.08276,6.08276,6.08276,6.08276,6.0,6.0,6.0,6.08276,5.09902,5.09902,5.09902,4.47214,4.12311,4.47214,4.47214,3.60555,3.60555,2.82843,2.82843,3.60555,3.16228,2.23607,2.23607,2.0,2.0,67.20119,63.89053,60.959,57.00877,55.22681,53.8145,51.73973,44.59821,45.27693,43.18565,42.44997,39.05125,37.53665,35.80503,36.89173,31.38471,33.10589,30.41381,31.38471,31.38471,29.12044,29.41088,28.44293,31.57531,29.27456,30.26549,32.38827,31.01612,29.06888,34.0147,31.01612,32.01562,30.06659,30.14963,29.27456,31.04835,29.61419,33.24154,30.8707,30.46309,29.54657,28.6531,27.73085,25.6125,27.65863,25.6125,24.41311,22.2036,20.59126,19.69772,21.18962,16.49242,18.43909,14.0,19.0,15.52417,15.81139,35.17101,35.73514,36.40055,37.57659,38.47077,42.19005,40.49691,41.34005,49.20366,50.0,50.77401,54.40588,56.61272,55.22681,58.72819,60.20797,63.78087,65.11528,65.29931,67.42403,69.06519,70.49113,70.72482,71.28113,71.86793,73.24616,70.3278,74.70609,71.11962,71.55418,71.58911,72.40166,70.66116,71.69379,69.83552,71.11962,68.7968,70.80254,67.47592,68.60029,71.40028,70.0,72.20111,70.83784,71.8401,74.4043,73.87828,73.66139,75.16648,73.66139,72.86288,75.74299,74.41102,71.58911,70.83784,76.83749,72.34639
9.43398,8.94427,8.94427,8.06226,8.06226,7.2111,7.2111,6.40312,6.40312,6.40312,6.40312,6.40312,6.40312,5.83095,5.83095,5.83095,5.38516,5.38516,5.38516,5.38516,5.38516,5.38516,5.09902,5.09902,6.08276,6.08276,6.08276,5.38516,6.08276,6.32456,5.38516,5.38516,5.38516,5.38516,4.47214,5.0,5.0,4.24264,4.24264,4.24264,4.24264,3.60555,3.60555,3.60555,3.16228,3.16228,3.16228,3.0,2.0,2.0,2.23607,1.41421,60.74537,63.90618,58.69412,57.24509,55.9017,54.12947,47.01064,46.06517,44.77723,44.41846,42.72002,42.72002,39.69887,35.22783,36.06938,33.94113,35.4683,32.01562,32.80244,30.23243,29.15476,32.24903,29.54657,26.83282,27.85678,32.57299,27.89265,27.65863,28.86174,32.89377,29.12044,30.36445,33.24154,30.59412,31.62278,28.63564,32.31099,30.41381,32.64966,26.41969,31.06445,29.06888,27.58623,25.0,21.40093,27.45906,27.45906,26.07681,23.76973,20.24846,17.46425,16.49242,17.02939,19.0263,15.29706,14.42221,16.40122,31.89044,32.55764,37.01351,38.41875,39.11521,39.66106,41.34005,45.17743,46.95743,50.69517,50.9902,52.39275,58.87274,55.97321,55.36244,65.14599,64.84597,65.73431,65.0,71.06335,69.63476,70.03571,76.41989,72.56032,73.68175,72.1734,69.18092,70.45566,72.33948,72.1734,72.24957,70.5762,72.24957,71.02112,70.71068,71.19691,71.38627,70.0928,67.91171,70.60453,70.34202,73.68175,67.35726,75.0,70.5195,73.1642,72.8011,75.02666,75.23962,77.25283,74.84651,75.23962,70.00714,75.76939,77.07788,70.5762,76.15773
9.21954,8.24621,8.24621,8.24621,7.28011,7.28011,7.28011,6.7082,6.7082,6.32456,5.83095,5.83095,5.83095,5.0,5.0,5.65685,5.65685,5.0,5.0,5.0,5.0,5.0,5.83095,5.0,5.83095,5.83095,5.83095,5.83095,5.83095,5.0,5.65685,5.65685,5.65685,5.0,5.0,5.0,5.0,4.47214,4.12311,4.12311,4.12311,3.16228,3.0,3.0,3.0,3.0,3.16228,2.23607,2.23607,2.23607,2.23607,2.0,65.00769,64.03124,61.0082,55.03635,58.21512,57.07889,49.0408,51.15662,43.10452,43.41659,44.14748,38.83298,39.05125,36.40055,35.44009,33.24154,34.0147,36.24914,31.90611,31.06445,31.76476,27.80288,28.3196,29.73214,26.90725,33.97058,30.41381,31.14482,27.65863,31.89044,30.61046,30.41381,32.55764,32.55764,30.4795,31.14482,32.80244,34.4093,29.41088,30.01666,29.15476,28.23119,28.16026,25.07987,25.70992,24.18677,23.02173,22.02272,20.02498,19.10497,17.46425,18.97367,21.0238,17.02939,14.21267,16.64332,14.31782,34.66987,37.57659,39.0,37.94733,40.5216,39.81206,42.2019,44.72136,48.50773,47.85394,49.64877,55.22681,57.42822,60.20797,62.07254,62.00806,66.18912,65.19202,68.11755,69.26038,68.26419,73.43705,68.06614,72.78049,72.36712,72.56721,71.56815,76.15773,72.78049,71.80529,70.34202,72.99315,73.00685,72.18033,71.38627,70.03571,68.593,69.72087,71.44928,73.24616,74.33034,72.11103,71.06335,75.02666,73.06162,79.05694,74.10803,77.05842,77.05842,73.0,75.10659,78.05767,79.0,73.00685,74.10803,78.0,72.06247
10.0,9.43398,9.43398,8.60233,8.06226,8.06226,8.06226,7.61577,7.61577,7.61577,7.28011,6.32456,6.32456,6.08276,6.08276,6.08276,6.0,6.0,6.08276,6.0,6.0,6.08276,6.08276,6.08276,6.08276,6.08276,6.08276,6.08276,6.08276,6.08276,6.0,6.0,6.0,6.08276,6.08276,6.08276,5.09902,5.09902,5.38516,4.47214,4.47214,4.47214,3.60555,3.60555,3.60555,2.82843,2.82843,2.23607,3.16228,2.23607,2.0,2.0,64.3506,67.89698,58.69412,55.86591,58.0517,53.75872,48.79549,50.9902,46.2277,47.01064,40.22437,39.44617,39.82462,35.51056,35.77709,33.61547,34.43835,32.57299,32.69557,32.01562,31.57531,31.01612,28.16026,31.06445,29.0,31.01612,32.01562,32.38827,31.01612,34.05877,33.06055,32.01562,34.0,33.06055,33.01515,34.23449,31.14482,32.55764,34.9285,30.41381,31.04835,30.08322,27.29469,26.83282,26.07681,22.80351,22.67157,23.34524,18.38478,21.09502,20.80865,20.12461,18.97367,17.46425,17.26268,15.29706,13.34166,35.90265,35.17101,37.69615,41.59327,41.14608,42.05948,43.26662,42.72002,47.16991,49.0408,53.60037,54.81788,57.38467,59.5483,60.87693,60.10824,62.96825,65.94695,66.6033,71.06335,69.02898,72.8011,72.8011,71.02112,72.40166,75.16648,71.86793,70.17834,71.02112,70.17834,73.57309,67.74216,72.40166,71.28113,69.89278,71.21798,68.60029,70.43437,65.60488,70.29225,70.60453,70.71068,72.86288,74.96666,71.42129,72.12489,74.24958,72.13876,76.41989,74.95332,75.0733,75.69016,76.38063,74.33034,75.74299,74.24958,76.48529
10.63015,10.0,10.0,10.0,8.60233,8.60233,8.06226,8.06226,7.61577,7.61577,6.7082,6.7082,6.32456,6.32456,6.32456,6.08276,6.08276,6.08276,6.08276,6.08276,6.0,6.0,6.0,6.0,7.0,6.0,7.0,7.0,7.0,7.0,7.07107,7.07107,7.07107,6.32456,6.32456,6.32456,6.32456,6.7082,5.83095,5.83095,5.0,5.0,5.65685,5.0,5.0,5.0,4.47214,4.47214,4.12311,4.12311,4.0,3.0,65.76473,62.2254,62.93648,58.69412,58.69412,54.48853,51.73973,49.20366,44.40721,44.40721,44.82187,40.0,41.34005,37.21559,38.07887,35.8469,34.53983,33.24154,32.98485,31.257,32.55764,30.41381,29.15476,29.01724,34.0147,34.0,31.0,34.05877,33.13608,34.0,36.05551,36.01389,37.33631,36.05551,36.0,33.0,36.12478,35.22783,33.54102,32.75668,34.48188,37.69615,30.67572,30.01666,31.62278,30.52868,27.65863,28.42534,26.1725,26.07681,20.24846,22.82542,20.12461,20.24846,20.09975,19.23538,18.11077,34.52535,38.07887,39.21734,39.0,39.81206,45.27693,43.26662,46.14109,48.25971,49.40648,51.86521,52.80152,57.00877,58.25805,58.79626,62.24147,65.76473,65.8559,64.38167,65.8559,70.93659,69.52697,69.81404,70.0,72.94518,70.72482,71.56116,70.17834,70.45566,71.02112,69.63476,72.67049,71.02112,72.42237,68.7968,66.85058,68.60029,66.70832,68.11755,70.17834,71.50524,66.48308,70.03571,70.71068,68.62215,74.24958,71.42129,73.0,74.27651,74.24958,71.50524,75.28612,72.86288,71.50524,71.50524,71.50524,70.76722
10.77033,10.77033,9.84886,9.84886,9.48683,8.544,8.544,8.24621,8.24621,8.06226,7.07107,7.07107,7.0,7.0,7.0,6.0,7.07107,6.08276,6.08276,6.32456,6.08276,6.32456,6.32456,6.32456,6.32456,6.32456,6.32456,6.32456,7.28011,6.32456,7.28011,7.07107,7.07107,7.07107,7.0,7.0,6.0,6.08276,6.08276,6.08276,5.38516,5.38516,5.38516,4.47214,5.0,5.0,5.0,4.24264,4.24264,3.60555,3.60555,3.16228,67.00746,66.61081,62.00806,57.80138,55.47071,52.15362,52.15362,51.0,47.88528,43.82921,42.54409,37.33631,39.39543,36.68787,37.10795,36.13862,31.57531,32.24903,33.13608,31.257,35.0571,35.0,31.257,32.55764,32.24903,32.75668,32.01562,33.52611,38.32754,33.24154,34.20526,33.52611,32.98485,33.24154,35.69314,34.52535,35.12834,35.22783,36.0,33.01515,33.13608,31.57531,32.14032,30.41381,29.61419,27.51363,26.07681,26.83282,23.70654,24.04163,24.04163,22.02272,21.63331,20.12461,18.38478,20.22375,19.10497,36.12478,37.85499,40.80441,38.07887,38.62642,41.23106,43.38202,45.61798,45.65085,48.75449,53.53504,53.85165,53.0,57.68882,61.61169,62.00806,63.82006,65.19202,67.94115,68.593,65.05382,71.44928,70.71068,70.83784,68.11755,72.86288,69.42622,70.17834,70.17834,70.93659,72.34639,70.17834,68.88396,68.0147,70.76722,65.76473,67.94115,69.52697,68.76772,70.93659,69.35416,72.20111,71.06335,73.00685,72.20111,74.63243,69.89278,74.33034,74.33034,74.33034,73.4983,75.16648,73.81734,73.78347,76.32169,71.02112,74.09453
9.43398,8.60233,8.06226,8.06226,6.7082,6.7082,6.7082,6.32456,6.32456,6.32456,6.08276,6.08276,5.09902,5.0,5.0,5.0,5.0,5.0,5.09902,5.09902,5.09902,5.38516,5.09902,5.38516,5.38516,5.38516,5.38516,6.32456,6.32456,6.08276,5.09902,6.08276,6.08276,5.0,5.0,5.0,5.09902,5.09902,4.12311,4.12311,4.47214,4.47214,3.60555,3.60555,3.60555,2.82843,3.16228,3.16228,3.16228,3.0,3.0,2.23607,63.89053,59.5483,61.40033,59.40539,56.30275,53.00943,48.54894,46.04346,44.29447,44.29447,41.18252,38.48376,37.57659,34.53983,36.40055,35.17101,33.95585,32.06244,33.13608,30.01666,30.01666,29.15476,30.41381,32.06244,29.27456,32.98485,31.40064,32.01562,32.98485,32.57299,31.32092,36.13862,32.98485,35.17101,31.7805,35.35534,32.14032,32.14032,34.0147,35.01428,33.37664,31.14482,32.38827,26.30589,29.83287,25.0,26.92582,25.05993,25.4951,24.20744,24.75884,21.40093,17.20465,18.02776,18.02776,18.11077,20.09975,34.20526,35.73514,36.40055,38.48376,39.35734,42.05948,44.10215,43.26662,48.27007,47.80167,48.60041,55.31727,54.20332,57.62812,59.5483,61.55485,65.11528,62.93648,67.89698,68.76772,65.60488,71.61006,70.21396,69.40461,70.72482,73.4983,71.02112,74.06079,67.95587,72.67049,69.63476,70.21396,69.89278,69.2026,68.60029,71.40028,65.29931,68.88396,68.62215,69.35416,70.00714,68.68042,70.72482,73.66139,70.93659,68.11755,71.8401,68.11755,76.6942,73.60027,76.05919,75.80237,76.2168,72.00694,73.00685,71.21798,72.62231
10.63015,10.63015,10.0,10.0,9.43398,8.60233,8.60233,8.06226,8.06226,7.61577,7.61577,6.7082,7.28011,6.32456,6.32456,6.32456,6.08276,6.08276,6.08276,6.0,6.0,6.0,6.0,6.0,6.0,6.0,7.0,7.0,7.0,7.0,7.07107,7.0,7.07107,7.07107,6.08276,6.32456,6.32456,6.7082,5.83095,5.83095,5.83095,5.0,5.0,5.0,5.0,5.0,5.0,4.47214,4.47214,4.12311,4.12311,4.0,65.60488,64.03124,62.36986,53.90733,56.58622,53.8145,50.24938,49.57822,46.01087,41.72529,41.23106,42.0119,38.41875,37.44329,36.61967,35.8469,35.34119,32.69557,32.89377,29.54657,35.44009,33.13608,30.06659,32.24903,32.06244,33.06055,31.14482,35.01428,36.01389,32.01562,34.05877,35.0,37.0,36.0,39.05125,36.34556,35.35534,36.87818,37.0,36.05551,32.57299,31.76476,34.0147,31.06445,30.80584,29.20616,29.73214,25.23886,21.26029,23.32381,22.36068,21.47091,20.61553,21.58703,20.02498,20.39608,18.02776,32.57299,39.56008,38.48376,40.24922,38.58756,43.56604,45.0,43.27817,47.50789,46.2277,53.8145,51.66237,54.45181,57.98276,62.28965,59.5483,64.53681,63.41136,65.60488,66.0303,69.89278,69.97142,69.89278,67.74216,71.11962,70.23532,72.00694,73.3553,67.53518,72.49828,69.35416,72.06941,65.74192,67.60178,70.83078,72.20111,67.41662,69.06519,67.42403,68.8186,70.80254,67.47592,71.8401,72.8011,70.29225,70.00714,72.91776,74.41102,74.27651,72.18033,72.91776,75.69016,76.57676,68.76772,76.38063,71.44928,72.47068
10.04988,9.21954,9.21954,8.24621,8.24621,7.07107,7.28011,7.28011,6.32456,6.7082,6.32456,5.83095,5.83095,5.0,5.0,6.40312,5.0,5.65685,5.0,5.65685,5.0,5.0,5.65685,5.83095,5.83095,5.0,5.83095,6.40312,5.65685,6.40312,5.65685,5.65685,6.40312,5.83095,5.83095,5.83095,5.83095,5.38516,5.09902,4.12311,5.09902,4.0,4.0,4.12311,4.12311,4.12311,3.16228,3.60555,3.60555,2.82843,3.60555,3.16228,60.20797,63.63961,63.15061,55.31727,52.95281,51.66237,47.07441,50.21952,40.26164,42.44997,41.76123,40.31129,37.57659,35.8469,33.61547,33.12099,34.1321,32.80244,30.52868,31.1127,31.89044,29.73214,30.61046,29.83287,29.06888,32.44996,31.38471,30.52868,33.01515,36.35932,33.01515,36.61967,32.75668,33.61547,35.0,36.23534,35.38361,36.79674,35.38361,34.20526,32.75668,31.06445,29.41088,27.85678,26.24881,27.51363,27.20294,25.31798,24.08319,23.34524,23.5372,20.39608,18.43909,20.24846,19.23538,22.62742,17.69181,35.0,38.28838,39.40812,38.27532,41.34005,39.96248,43.82921,42.95346,48.75449,47.53946,54.78138,55.54278,56.75385,57.87055,57.97413,60.41523,63.06346,61.98387,66.09841,67.36468,67.18631,71.17584,70.17834,69.00725,72.00694,75.00667,73.0,72.0,71.0,69.0,72.02777,70.0,68.00735,67.0,71.06335,70.06426,69.11584,70.11419,69.11584,68.26419,69.58448,68.88396,69.42622,72.99315,71.38627,70.0928,72.99315,72.03471,73.97973,73.5459,73.00685,73.5459,77.87811,73.5459,72.56721,72.99315,70.83078
9.89949,9.21954,9.21954,8.48528,7.81025,7.81025,7.2111,7.2111,7.2111,6.7082,6.7082,5.83095,5.38516,5.38516,5.38516,5.09902,5.09902,5.09902,5.0,5.09902,5.0,5.0,5.0,5.0,5.0,5.0,6.0,6.0,6.0,6.0,6.0,6.0,6.08276,5.09902,5.09902,5.38516,5.38516,5.38516,4.47214,5.0,5.0,4.24264,4.24264,4.24264,3.60555,3.60555,4.47214,4.12311,4.12311,4.12311,4.0,4.0,63.65532,60.1415,60.10824,57.28001,53.03772,50.9902,53.2635,49.57822,47.63402,43.27817,43.41659,39.96248,38.58756,36.71512,35.77709,36.40055,37.16181,32.89377,32.28002,30.59412,32.38827,31.14482,31.01612,33.01515,30.01666,31.0,31.40064,34.05877,28.07134,34.1321,33.13608,35.12834,34.23449,37.01351,33.06055,34.1321,35.0,35.0571,34.1321,33.24154,33.52611,31.01612,31.38471,30.41381,28.6531,27.29469,23.60085,26.90725,26.1725,23.34524,20.80865,23.85372,20.61553,19.92486,19.23538,19.41649,16.49242,32.31099,36.23534,37.16181,38.01316,42.43819,40.22437,44.40721,44.82187,46.8615,50.32892,50.24938,54.45181,56.58622,57.38467,59.4138,61.84658,63.89053,63.00794,68.00735,65.80274,71.28113,68.60029,66.88797,68.96376,68.47627,71.19691,71.11962,68.47627,71.55418,69.35416,68.09552,67.1193,68.47627,69.46222,68.50547,68.7968,68.00735,68.60029,68.00735,70.60453,69.81404,68.11755,70.0928,69.29646,71.44928,70.72482,72.13876,73.59348,72.86288,73.5527,71.42129,75.00667,74.24958,75.00667,73.5527,70.76722,74.27651
9.89949,9.89949,9.21954,8.48528,8.48528,8.48528,7.81025,7.81025,7.2111,7.2111,7.2111,6.7082,6.7082,6.7082,6.32456,6.32456,6.32456,6.32456,6.08276,6.08276,6.08276,6.08276,6.08276,6.08276,6.0,6.0,6.08276,6.08276,6.08276,7.07107,6.08276,6.32456,6.32456,5.38516,6.32456,5.38516,5.38516,5.83095,5.0,5.0,4.24264,4.24264,4.24264,4.24264,3.60555,3.60555,3.16228,3.16228,3.16228,3.0,2.0,2.23607,68.50547,63.13478,65.0,59.90826,57.14018,55.21775,49.64877,49.20366,46.8615,45.0,42.42641,41.72529,40.36087,39.59798,37.53665,36.23534,37.01351,34.66987,34.48188,32.64966,34.0,31.38471,32.31099,31.32092,30.67572,31.7805,32.01562,34.9285,32.28002,34.71311,35.17101,38.83298,34.20526,34.9285,36.67424,36.40055,35.4683,37.57659,34.0,31.76476,30.23243,29.41088,29.06888,29.73214,28.3196,25.80698,27.45906,24.69818,23.25941,21.93171,20.24846,21.37756,19.10497,19.41649,20.24846,18.97367,18.97367,32.24903,36.71512,36.40055,37.53665,38.18377,39.59798,44.59821,43.84062,46.75468,47.50789,52.49762,54.40588,58.24946,55.75841,60.03332,57.98276,65.36819,61.40033,65.76473,67.54258,69.77105,72.09022,68.15424,69.57011,68.68042,73.38937,72.12489,71.7844,67.05222,69.89278,69.28925,74.63243,70.5195,70.2282,68.94926,73.00685,67.23095,69.35416,67.1193,70.21396,70.71068,68.60029,68.96376,73.92564,75.29276,72.42237,71.84706,72.67049,72.11103,70.72482,73.57309,73.57309,80.45496,67.95587,71.34424,71.69379,71.56116
8.544,8.544,8.544,8.24621,7.28011,7.28011,7.07107,7.07107,6.08276,6.0,6.0,6.0,6.0,6.0,5.09902,5.09902,5.09902,5.09902,5.38516,5.38516,5.38516,5.38516,5.38516,5.83095,5.38516,5.83095,5.83095,5.38516,5.38516,5.38516,5.38516,5.38516,5.09902,5.09902,5.09902,5.09902,5.0,5.0,5.0,4.12311,4.12311,4.12311,3.16228,3.16228,3.60555,2.82843,2.82843,2.82843,2.23607,2.23607,2.0,2.0,63.69458,65.0,60.40695,58.5235,57.77543,53.31041,49.98,50.69517,46.57252,48.27007,43.68066,41.7732,40.60788,38.32754,37.65634,38.20995,35.0571,35.22783,31.257,33.13608,34.23449,32.38827,33.83785,32.55764,33.83785,30.08322,34.9285,31.95309,33.83785,35.8469,31.62278,32.57299,34.9285,34.17601,33.24154,30.59412,32.01562,34.9285,32.24903,30.06659,32.0,31.01612,27.29469,27.65863,27.29469,25.0,24.16609,24.59675,22.36068,20.80865,19.79899,21.26029,19.84943,17.88854,16.55295,15.13275,15.0333,31.04835,36.22154,34.0,39.05125,41.04875,40.4475,44.10215,45.89118,46.87217,49.24429,49.47727,52.88667,54.70832,57.87055,59.48109,60.16644,65.9242,65.79514,65.79514,68.8767,68.44706,72.06941,69.46222,70.17834,71.02112,70.72482,70.21396,70.72482,68.26419,74.33034,71.61006,69.89278,73.78347,68.7968,68.60029,69.11584,69.83552,69.31811,70.21396,68.88396,70.26379,68.54196,70.00714,70.5762,72.42237,74.33034,72.44998,74.94665,75.27284,77.25283,75.96052,74.46476,73.38937,72.44998,74.67262,74.84651,72.8011
10.81665,10.81665,10.0,10.0,10.0,9.21954,9.21954,8.48528,7.81025,8.48528,7.81025,7.81025,7.81025,7.2111,7.2111,7.2111,6.7082,6.7082,6.7082,6.7082,6.7082,6.32456,6.7082,6.32456,6.32456,7.28011,6.7082,7.61577,6.7082,7.61577,6.7082,6.7082,7.2111,7.2111,6.40312,6.40312,5.65685,5.65685,5.65685,5.0,5.83095,5.0,5.38516,4.47214,4.47214,4.12311,4.12311,4.0,4.0,4.12311,3.16228,3.16228,62.64982,66.12866,64.88451,60.53924,57.70615,52.39275,54.58938,47.88528,43.82921,49.64877,43.01163,42.43819,39.82462,39.40812,38.60052,37.53665,36.06938,32.64966,33.24154,35.4683,35.80503,33.01515,30.8707,31.76476,30.88689,32.20248,34.88553,36.40055,33.24154,34.17601,32.57299,36.67424,34.53983,35.4683,37.16181,36.35932,34.48188,32.24903,35.8469,32.01562,35.38361,32.55764,32.55764,30.41381,26.87006,28.30194,27.73085,27.73085,26.4764,23.5372,22.36068,19.10497,21.37756,20.09975,18.24829,17.46425,19.10497,30.41381,34.65545,37.64306,40.0,40.0,41.04875,45.27693,46.14109,45.18849,49.64877,51.0,51.47815,53.7122,58.87274,57.58472,62.96825,64.51356,64.56005,66.40783,69.12308,70.0928,68.44706,71.02112,74.52516,69.63476,72.83543,73.82412,71.02112,68.46897,68.46897,71.84706,71.70077,73.43705,70.03571,71.38627,66.4906,68.88396,69.92138,66.70832,70.21396,69.37579,71.47027,70.5762,73.38937,72.8011,74.24958,73.82412,76.05919,73.40981,72.09022,73.82412,73.00685,76.92204,73.82412,73.34848,67.53518,74.68601
9.43398,9.43398,9.43398,8.60233,8.06226,8.06226,8.06226,7.61577,6.7082,6.7082,6.32456,6.32456,6.32456,6.08276,5.09902,6.08276,5.09902,5.0,5.0,5.0,5.0,5.0,5.0,5.09902,5.0,5.09902,6.08276,5.0,5.0,6.0,5.0,5.0,5.09902,5.09902,5.09902,5.09902,5.38516,4.47214,4.47214,4.47214,5.0,4.24264,4.24264,4.24264,3.60555,3.60555,3.60555,4.12311,4.12311,4.0,3.0,3.16228,65.76473,63.81222,61.91123,61.40033,55.07268,52.35456,54.20332,51.0,46.51881,44.94441,41.4367,41.78516,41.48494,39.84972,37.36308,38.63936,33.95585,35.01428,34.0147,34.0,35.0571,33.06055,32.0,33.73426,36.34556,28.44293,31.04835,32.98485,33.54102,34.20526,32.01562,30.36445,33.52611,34.52535,34.52535,32.38827,33.24154,34.1321,32.14032,30.0,30.06659,31.257,29.83287,29.12044,25.96151,26.40076,24.59675,26.07681,25.80698,21.63331,22.62742,22.67157,19.41649,19.41649,18.38478,18.24829,15.0,33.24154,36.49658,37.85499,39.56008,40.5216,42.37924,46.23851,45.69464,47.01064,50.56679,50.15974,55.00909,56.82429,59.68249,59.68249,63.81222,63.51378,65.21503,68.41053,68.60029,72.00694,72.47068,70.83784,70.72482,72.24957,74.95332,72.13876,73.5527,73.5527,72.83543,70.00714,73.5527,72.86288,70.76722,69.52697,69.02898,68.76772,74.8131,70.60453,70.0,69.06519,74.09453,72.94518,74.94665,74.09453,75.66373,73.43024,76.94154,74.70609,74.94665,75.66373,77.41447,73.06162,76.94154,77.89737,73.92564,76.53757
11.31371,10.63015,9.21954,9.89949,9.21954,9.21954,8.60233,8.60233,8.60233,7.2111,7.2111,7.61577,6.7082,6.7082,6.7082,6.32456,7.28011,6.32456,6.08276,6.08276,6.08276,6.08276,6.08276,6.0,7.0,6.08276,7.07107,6.08276,7.07107,7.07107,7.07107,6.08276,7.28011,6.32456,6.7082,6.32456,5.83095,5.83095,5.83095,5.83095,5.0,5.65685,5.0,5.0,5.0,4.47214,4.47214,4.47214,4.12311,4.12311,4.0,3.0,63.63175,60.20797,58.83026,59.16925,56.0357,56.0357,50.80354,52.00961,45.80393,43.93177,44.68781,42.42641,40.45986,38.41875,38.28838,32.80244,34.4093,33.12099,34.1321,31.90611,37.16181,33.24154,31.01612,35.4683,30.36445,33.52611,32.28002,31.7805,33.54102,34.52535,33.54102,36.67424,32.75668,33.95585,32.75668,35.1141,31.38471,35.4683,32.69557,30.01666,33.83785,31.06445,32.20248,29.73214,28.3196,26.1725,29.20616,24.69818,25.05993,23.4094,24.59675,20.88061,19.23538,18.02776,20.02498,17.46425,19.92486,34.1321,37.20215,34.71311,39.59798,38.94868,41.03657,44.82187,44.04543,46.04346,47.01064,48.41487,51.0392,53.53504,55.75841,58.83026,59.03389,61.32699,62.6099,63.97656,65.19202,63.69458,69.26038,67.06713,68.62215,67.6757,68.94926,71.8401,71.56815,66.76077,69.37579,65.80274,69.26038,69.26038,68.30813,68.62215,67.35726,66.48308,64.88451,67.08204,66.64833,70.66116,63.97656,71.11962,73.57309,70.83078,68.60029,69.97142,72.20111,71.34424,70.17834,72.94518,74.62573,74.43118,72.94518,72.40166,72.67049,71.02112
9.84886,9.84886,8.94427,8.544,8.544,8.24621,7.28011,7.28011,7.07107,7.07107,6.08276,6.0,6.0,6.0,6.0,6.08276,6.08276,6.08276,5.38516,5.38516,5.38516,5.38516,5.38516,5.38516,6.32456,6.32456,6.32456,6.32456,6.32456,6.32456,6.32456,6.08276,6.08276,6.08276,6.0,5.0,5.0,5.0,5.09902,4.12311,4.12311,4.12311,3.16228,3.60555,3.60555,2.82843,2.82843,3.60555,3.16228,3.16228,3.0,3.0,63.70243,66.4003,60.21628,58.82176,56.30275,56.61272,51.31277,47.70744,45.27693,45.27693,44.28318,44.38468,39.0,37.64306,38.8973,36.87818,34.71311,36.67424,31.40064,33.73426,34.05877,35.0571,32.14032,34.0147,33.06055,35.12834,32.55764,34.71311,32.55764,34.20526,31.7805,36.34556,37.21559,36.34556,33.37664,34.0147,36.05551,34.1321,34.23449,30.01666,31.57531,31.57531,30.36445,35.1141,27.313,26.83282,26.07681,27.20294,23.43075,21.2132,21.63331,19.20937,22.82542,20.24846,16.12452,18.02776,16.03122,32.24903,36.49658,39.29377,37.0,39.92493,41.23106,42.48529,44.72136,45.27693,48.76474,51.10773,52.47857,53.85165,58.5235,59.07622,62.482,63.78087,68.76772,63.78087,70.00714,67.17887,71.50524,69.31089,69.35416,72.47068,70.93659,72.24957,72.00694,69.02898,71.8401,70.60453,70.43437,68.76772,71.06335,67.35726,69.42622,69.31089,65.8559,71.50524,70.29225,71.50524,71.50524,73.24616,72.62231,68.8186,73.24616,72.20111,73.81734,74.06079,75.21303,75.45197,77.66595,73.00685,73.60027,75.43209,74.88658,75.43209
11.18034,10.04988,10.04988,9.05539,9.05539,9.0,9.0,8.0,8.0,8.06226,8.06226,7.07107,7.28011,7.28011,6.32456,7.28011,7.61577,6.7082,6.7082,6.7082,6.7082,6.7082,7.2111,7.2111,7.2111,7.2111,7.2111,7.2111,7.2111,7.2111,6.7082,6.7082,7.61577,6.7082,6.32456,6.32456,6.32456,6.08276,6.08276,5.09902,5.0,5.0,5.0,5.09902,4.12311,4.12311,4.12311,3.60555,3.60555,3.60555,2.82843,2.82843,67.44627,64.51356,64.51356,58.94065,60.16644,56.61272,50.21952,51.1957,46.69047,45.54119,46.17359,41.30375,41.01219,40.04997,40.0125,40.11234,36.22154,35.35534,34.36568,36.13862,35.1141,35.34119,34.17601,32.89377,32.31099,31.38471,32.20248,32.75668,36.67424,32.75668,37.73592,35.8469,35.51056,36.23534,38.58756,32.31099,35.8469,34.78505,32.89377,35.73514,37.65634,32.38827,31.01612,31.06445,30.06659,29.01724,26.1725,26.4764,25.0,25.07987,24.59675,23.85372,20.59126,18.38478,19.41649,16.64332,14.56022,32.38827,33.06055,36.01389,36.05551,39.11521,39.11521,41.4367,42.57934,45.12206,48.27007,49.47727,51.5461,53.45091,56.0803,57.58472,65.55151,64.2573,67.1193,64.88451,67.60178,68.0,71.19691,72.94518,69.33974,71.02816,70.72482,70.72482,68.60029,70.45566,69.64194,73.24616,68.24222,70.45566,69.89278,67.6757,70.23532,68.09552,68.8767,67.53518,69.46222,67.1193,70.93659,70.93659,74.94665,70.21396,74.63243,73.08215,73.37575,74.33034,75.0,73.08215,74.04053,75.58439,75.28612,71.8401,74.72617,73.37575
9.43398,8.94427,8.94427,8.94427,7.61577,7.61577,7.61577,7.28011,6.32456,7.28011,6.08276,6.08276,6.08276,6.0,6.0,6.0,6.08276,5.09902,6.08276,6.08276,5.09902,5.38516,5.38516,6.32456,6.32456,6.32456,6.32456,6.32456,6.08276,6.08276,6.08276,6.08276,6.08276,6.0,6.0,5.0,5.09902,5.09902,5.09902,4.47214,4.47214,4.47214,3.60555,3.60555,3.60555,3.60555,3.60555,3.16228,3.16228,3.16228,3.0,3.0,64.14047,63.51378,60.53924,60.46487,56.93856,53.33854,53.85165,49.24429,47.88528,45.18849,42.54409,41.23106,40.16217,38.60052,33.52611,34.9285,37.48333,33.13608,35.0571,34.0,32.01562,33.01515,29.27456,32.06244,32.38827,32.38827,35.12834,33.95585,34.78505,37.36308,36.68787,32.98485,36.13862,33.73426,33.95585,34.52535,34.05877,37.12142,37.0,35.01428,33.13608,30.41381,30.08322,32.55764,29.12044,28.79236,27.73085,29.15476,21.93171,22.82542,21.26029,21.26029,15.0,20.61553,17.26268,16.76305,17.11724,31.7805,35.69314,35.17101,38.07887,39.92493,38.48376,41.62932,43.909,47.50789,47.50789,51.10773,53.82379,54.6443,59.40539,57.80138,60.959,64.03124,68.88396,65.19202,67.89698,66.52819,72.13876,70.76722,71.50524,68.24954,71.58911,73.10951,74.8131,71.40028,70.60453,71.8401,69.42622,71.06335,67.20863,68.88396,71.44928,69.29646,66.48308,67.20863,70.0928,71.50524,71.70077,69.02898,74.20243,70.21396,70.0,73.40981,74.33034,76.00658,76.844,72.67049,76.844,77.10383,72.94518,78.23682,73.23933,73.78347
10.81665,10.81665,9.43398,9.43398,9.43398,9.43398,8.06226,8.06226,8.06226,7.61577,7.28011,7.28011,7.28011,7.07107,7.07107,7.07107,6.08276,6.0,6.0,6.0,6.0,6.0,6.0,6.08276,6.08276,7.07107,7.07107,7.07107,7.07107,7.0,7.0,7.0,7.07107,7.07107,6.08276,6.08276,6.08276,6.32456,5.38516,5.38516,5.83095,5.83095,5.0,5.0,4.24264,4.24264,5.0,4.47214,4.47214,4.47214,4.12311,4.0,64.38167,61.6198,66.52819,60.1415,55.31727,55.60576,54.03702,50.0,47.43416,48.82622,44.65423,44.41846,42.94182,37.16181,38.01316,39.21734,35.17101,34.52535,36.40055,30.08322,32.24903,34.71311,35.01428,33.13608,30.0,34.0147,33.0,35.12834,34.05877,32.14032,37.12142,38.0526,36.05551,37.0,33.01515,38.01316,38.20995,38.11824,35.90265,36.34556,31.95309,32.57299,34.0,33.10589,30.23243,28.01785,25.80698,25.4951,25.45584,23.34524,22.47221,21.47091,22.47221,22.47221,18.68154,19.10497,19.10497,34.9285,37.10795,36.40055,41.78516,41.23106,40.71855,45.65085,46.64762,50.47772,46.32494,50.47772,55.21775,55.21775,59.20304,60.80296,60.959,66.52819,65.79514,67.26812,69.52697,70.83784,73.87828,70.93659,71.8401,69.02898,73.23933,72.67049,72.67049,72.20111,74.06079,68.00735,73.00685,70.21396,70.45566,67.20119,71.21798,66.70832,69.42622,67.20863,68.593,72.83543,68.593,70.71068,73.75636,74.33034,69.35416,73.0,73.75636,74.65253,73.10951,75.28612,76.40026,79.39773,74.65253,73.66139,75.28612,71.50524
9.84886,9.84886,8.94427,8.94427,8.06226,8.06226,8.06226,7.2111,6.7082,6.40312,6.40312,6.40312,5.65685,5.65685,5.65685,6.40312,5.0,5.0,5.83095,5.83095,5.38516,5.38516,5.38516,5.38516,6.32456,5.38516,5.83095,6.7082,5.83095,5.83095,5.83095,5.83095,6.40312,6.40312,5.65685,5.65685,5.0,5.0,4.47214,4.47214,4.47214,4.12311,4.12311,4.0,4.0,3.0,3.16228,3.16228,3.60555,3.60555,2.82843,3.60555,65.45991,61.13101,58.5235,56.61272,54.42426,52.55473,47.75982,47.16991,47.53946,42.04759,42.94182,42.05948,41.59327,35.80503,37.20215,37.20215,34.82815,34.65545,31.82766,32.64966,33.30165,28.6007,32.20248,29.41088,28.84441,31.30495,33.12099,32.20248,33.61547,32.64966,34.9285,37.12142,33.54102,35.77709,34.48188,32.64966,32.80244,33.6006,32.64966,33.24154,29.83287,30.0,30.0,29.15476,28.30194,25.07987,25.63201,23.76973,23.34524,23.02173,22.09072,19.0263,18.24829,16.76305,15.81139,20.24846,16.27882,32.01562,36.76955,36.79674,41.10961,40.60788,40.60788,41.67733,45.17743,47.01064,49.24429,51.88449,52.80152,55.03635,59.23681,61.46544,57.58472,65.45991,64.19502,64.84597,68.88396,68.15424,70.40597,69.87131,71.84706,72.44308,72.24957,72.1734,77.41447,69.58448,73.24616,71.44928,71.34424,69.58448,73.33485,72.24957,68.88396,70.03571,66.4906,68.24954,70.83078,72.53275,64.28841,75.96052,68.96376,73.68175,72.73239,74.33034,71.16881,75.89466,69.89278,71.47027,74.0,76.2168,69.46222,70.5195,78.74643,71.16881
11.04536,10.04988,9.05539,9.05539,9.05539,9.21954,8.24621,8.24621,8.24621,7.28011,7.61577,7.61577,6.7082,6.7082,6.7082,6.7082,6.40312,6.40312,6.40312,6.40312,6.40312,5.65685,7.07107,6.40312,7.07107,7.07107,7.07107,7.07107,7.07107,6.40312,6.40312,6.40312,6.40312,7.2111,5.83095,6.7082,6.32456,5.38516,5.38516,5.09902,5.09902,5.09902,5.0,4.0,4.0,4.0,4.12311,3.16228,3.16228,3.60555,2.82843,2.82843,69.0,62.03225,59.03389,59.00847,54.23099,53.08484,52.08647,53.33854,46.17359,46.27094,43.73786,40.02499,40.80441,40.02499,38.60052,37.0,35.34119,36.40055,34.0,34.4093,35.22783,33.01515,33.01515,34.05877,31.1127,31.1127,33.97058,33.6006,29.83287,31.82766,36.12478,36.12478,33.42155,35.38361,33.24154,37.01351,33.42155,35.0,34.1321,33.6006,30.88689,31.7805,29.15476,31.62278,28.16026,29.42788,27.29469,26.01922,25.01999,21.58703,19.92486,22.56103,19.31321,18.35756,16.12452,17.80449,18.02776,34.48188,36.24914,35.1141,39.84972,39.29377,44.91102,43.28972,42.95346,45.70558,47.38143,51.24451,55.08176,54.08327,56.00893,60.03332,60.00833,65.12296,66.27217,68.18358,66.61081,66.75328,74.33034,69.2315,69.63476,69.64194,73.00685,75.0,75.9276,68.41053,72.03471,67.18631,73.00685,69.857,69.857,68.88396,71.58911,68.06614,69.35416,68.73136,72.56032,71.25307,69.02898,72.11103,72.24957,72.00694,74.02702,73.0,75.00667,75.00667,71.00704,73.02739,77.00649,79.00633,70.02857,72.00694,78.00641,72.02777
10.29563,10.29563,9.43398,9.43398,9.43398,8.60233,8.60233,7.81025,7.81025,7.81025,7.07107,7.07107,7.07107,7.07107,6.40312,6.40312,6.40312,5.83095,5.83095,5.83095,5.83095,6.7082,6.7082,6.7082,6.7082,6.7082,6.7082,6.7082,6.7082,6.7082,7.2111,6.40312,6.40312,6.40312,5.65685,5.65685,5.65685,5.0,5.0,5.0,5.38516,4.47214,4.47214,4.12311,4.12311,4.0,4.0,4.0,3.16228,3.16228,3.16228,2.23607,69.26038,63.89053,58.5235,55.65968,57.93962,59.46427,51.62364,49.65884,47.01064,47.88528,46.95743,43.82921,42.72002,39.11521,38.58756,38.01316,37.64306,34.05877,34.71311,35.38361,35.38361,32.20248,32.44996,31.06445,32.44996,32.75668,32.75668,32.64966,32.20248,34.98571,32.24903,34.98571,31.30495,33.28663,28.84441,34.05877,35.0,32.55764,31.1127,33.94113,31.241,31.62278,29.68164,27.29469,27.73085,27.51363,26.24881,23.08679,20.88061,21.09502,18.11077,21.09502,17.46425,17.72005,14.76482,17.20465,14.14214,30.88689,36.05551,36.23534,38.94868,40.31129,41.01219,41.03657,45.27693,46.09772,48.01042,51.86521,53.60037,55.56978,60.03332,64.41273,60.41523,63.97656,63.15853,66.85058,70.5762,68.15424,73.05477,71.16881,69.37579,73.00685,70.34202,72.36712,76.48529,69.857,73.97973,68.44706,68.24954,68.88396,66.70832,68.88396,72.8011,70.60453,65.52099,68.68042,72.73239,75.27284,72.44998,78.29432,71.51224,70.93659,76.96753,72.8011,73.82412,75.15318,73.92564,78.18568,78.18568,79.30952,73.1642,74.84651,77.47258,72.23573
10.81665,10.0,9.43398,9.43398,9.43398,8.06226,8.06226,7.61577,7.61577,7.61577,7.61577,6.32456,6.32456,6.32456,6.08276,6.08276,6.08276,6.08276,6.0,6.0,6.0,6.0,6.0,6.08276,6.0,6.0,6.08276,6.08276,6.08276,6.0,6.0,6.0,6.0,6.08276,6.08276,6.08276,5.38516,5.38516,5.38516,5.38516,4.47214,5.0,5.0,4.24264,4.24264,4.24264,3.60555,3.60555,3.16228,3.16228,3.16228,3.0,67.47592,63.78087,61.22091,57.38467,58.89822,55.0,54.81788,50.80354,45.80393,47.63402,45.0,40.49691,39.39543,39.39543,39.82462,35.1141,37.94733,37.94733,32.01562,34.52535,30.26549,31.01612,32.06244,29.0,32.0,30.14963,30.0,33.24154,35.01428,37.12142,32.06244,35.22783,34.05877,35.0,34.05877,37.0,34.0,32.24903,32.55764,30.80584,30.80584,29.96665,30.08322,26.41969,25.55386,26.07681,26.62705,23.43075,21.26029,24.08319,21.47091,20.59126,21.47091,20.61553,16.49242,16.03122,17.02939,34.36568,33.95585,34.9285,40.8534,38.07887,44.28318,44.41846,45.48626,45.22168,48.37355,52.43091,54.91812,56.40035,56.40035,58.79626,61.07373,63.89053,64.38167,67.17887,66.52819,69.52697,71.58911,71.06335,71.70077,72.20111,71.06335,73.23933,71.84706,72.62231,71.61006,72.8011,74.4043,71.21798,68.60029,68.88396,70.29225,69.52697,70.00714,73.5527,70.76722,70.00714,70.83784,74.33034,74.51845,73.75636,77.46612,77.46612,72.47068,76.83749,76.05919,76.2168,76.2168,73.24616,74.51845,74.20243,75.16648,67.47592
9.84886,9.48683,9.84886,8.94427,8.544,8.94427,8.06226,8.06226,7.2111,7.2111,7.2111,6.40312,6.40312,5.65685,5.65685,5.65685,5.65685,5.65685,5.0,5.0,5.0,5.83095,5.83095,5.83095,5.38516,5.83095,5.83095,5.83095,5.83095,5.83095,5.83095,5.83095,5.65685,5.65685,5.65685,5.65685,5.0,5.0,5.0,4.47214,4.47214,4.47214,4.12311,4.12311,4.0,4.0,4.0,4.12311,4.12311,3.16228,3.16228,3.60555,64.62198,62.39391,63.32456,60.40695,56.85948,53.22593,55.9464,49.1935,47.85394,43.56604,46.61545,40.49691,39.66106,39.05125,34.20526,37.64306,36.79674,32.64966,31.241,34.20526,28.6007,33.01515,31.30495,30.88689,32.24903,32.20248,32.20248,31.62278,30.46309,31.95309,30.46309,34.53983,33.24154,34.0147,31.01612,33.54102,31.90611,30.80584,32.20248,31.62278,28.42534,29.73214,30.0,29.20616,26.07681,25.94224,24.69818,26.40076,22.56103,21.58703,21.58703,18.11077,20.02498,20.61553,17.0,17.46425,15.0,35.51056,33.6006,39.69887,39.62323,41.7732,43.27817,42.80187,49.64877,48.82622,49.64877,51.0392,55.47071,58.83026,59.05929,59.9333,62.16912,66.70832,67.77905,65.0,68.94926,68.62215,69.92138,72.53275,72.53275,72.78049,73.00685,73.00685,71.06335,72.78049,72.78049,71.06335,72.56721,69.2315,69.2315,69.37579,69.37579,72.12489,71.47027,69.57011,71.30919,71.16881,73.92564,73.40981,74.68601,70.77429,73.1642,74.32362,72.44998,76.96753,77.82031,78.72103,76.53757,77.82031,73.34848,77.87811,73.82412,78.79086
10.04988,10.04988,9.21954,9.21954,8.24621,8.24621,7.28011,7.28011,7.28011,6.7082,6.7082,6.7082,5.83095,5.83095,6.40312,6.40312,5.65685,5.65685,5.65685,5.65685,5.65685,6.40312,6.40312,5.83095,6.40312,6.40312,6.40312,6.40312,6.40312,6.40312,6.40312,6.40312,6.40312,6.40312,6.40312,5.83095,5.83095,5.38516,5.38516,5.38516,4.12311,4.12311,4.0,4.0,4.0,3.0,3.16228,3.16228,2.82843,2.82843,2.23607,2.23607,67.06713,61.07373,63.00794,55.03635,57.0,54.00926,51.24451,49.25444,41.30375,46.38965,45.17743,39.81206,38.32754,37.64306,36.13862,36.40055,37.12142,35.77709,33.61547,32.64966,34.4093,30.23243,34.05877,34.71311,33.42155,29.73214,29.69848,32.55764,38.20995,33.24154,33.94113,33.30165,35.4683,35.35534,30.0,36.12478,35.0,35.80503,31.90611,31.90611,31.30495,29.54657,30.08322,28.79236,27.45906,27.29469,26.07681,25.0,24.02082,21.0,21.58703,20.24846,19.72308,19.84943,18.60108,14.21267,17.0,33.61547,34.88553,35.8469,39.21734,40.5216,38.60052,44.72136,42.95346,45.70558,47.67599,50.15974,53.15073,55.22681,57.14018,60.07495,60.00833,65.03076,64.07027,68.06614,69.35416,66.37017,71.34424,68.24954,70.61161,71.80529,73.75636,72.27724,73.5459,67.68309,70.83078,69.63476,71.30919,72.27724,67.46851,69.2315,67.89698,67.08204,70.45566,69.46222,68.26419,74.33034,69.26038,71.00704,72.00694,75.00667,70.06426,71.00704,75.05998,75.02666,75.0,74.00676,76.02631,77.02597,74.00676,74.0,75.00667,75.0
9.84886,8.544,8.94427,8.544,8.94427,7.61577,8.06226,7.2111,7.2111,7.2111,6.40312,6.40312,6.40312,6.40312,5.65685,5.65685,5.0,5.83095,5.0,5.83095,5.83095,5.83095,5.83095,5.83095,5.83095,5.83095,5.83095,5.83095,5.83095,5.83095,5.83095,6.40312,5.65685,5.65685,5.65685,6.40312,5.0,5.83095,5.0,4.47214,5.38516,5.09902,5.09902,4.12311,4.12311,4.0,4.0,4.12311,4.12311,3.60555,3.60555,3.60555,65.76473,60.82763,59.94164,56.0803,53.0,50.77401,52.69725,48.25971,45.48626,44.82187,41.10961,40.45986,38.20995,40.31129,37.53665,37.80212,34.4093,32.75668,33.6006,34.98571,34.88553,33.61547,31.01612,30.08322,30.36445,33.83785,30.59412,37.0,34.78505,35.17101,33.24154,33.73426,34.9285,33.52611,34.20526,34.53983,35.34119,33.54102,33.61547,32.20248,34.98571,31.40064,28.3196,27.58623,27.80288,28.42534,25.23886,26.62705,25.94224,22.82542,21.18962,20.39608,19.23538,22.2036,18.24829,17.08801,14.31782,34.66987,35.80503,38.28838,39.59798,40.31129,42.52058,43.41659,43.01163,46.87217,49.09175,53.0,54.58938,53.33854,59.16925,59.05929,60.83584,60.00833,63.69458,65.79514,67.06713,66.7308,69.26038,68.68042,68.41053,71.06335,71.56815,70.83078,71.06335,69.857,65.96969,68.88396,70.60453,70.34202,67.72001,69.64194,65.80274,67.35726,68.94926,65.9242,69.07966,66.85058,69.77822,68.44706,69.31811,70.68239,72.94518,71.11962,69.83552,73.57309,72.56032,73.82412,70.83078,74.30343,72.20111,73.06162,70.71068,73.43024
10.77033,9.84886,9.84886,8.94427,8.94427,8.06226,8.06226,8.06226,7.2111,7.2111,6.40312,6.40312,6.40312,6.40312,5.65685,5.65685,6.40312,5.83095,5.83095,5.83095,5.83095,5.83095,5.83095,5.83095,5.83095,6.7082,6.7082,6.7082,6.7082,5.83095,5.83095,6.40312,6.40312,6.40312,5.65685,5.65685,5.65685,5.83095,5.83095,4.47214,5.38516,5.38516,4.12311,4.12311,4.12311,4.0,4.0,4.12311,4.12311,4.12311,3.60555,3.60555,61.07373,61.29437,59.3043,55.03635,57.55867,50.08992,54.45181,45.70558,47.51842,39.84972,43.17407,41.76123,41.10961,39.92493,36.24914,35.34119,37.57659,33.28663,32.44996,32.44996,32.01562,33.97058,31.14482,31.14482,33.97058,32.20248,32.80244,35.22783,33.30165,33.83785,33.83785,33.83785,37.20215,32.64966,37.01351,34.65545,34.71311,33.97058,35.38361,30.4795,35.80503,30.52868,29.96665,29.96665,25.07987,29.73214,26.92582,25.07987,20.02498,23.0,21.0238,22.36068,21.58703,19.64688,18.35756,17.20465,19.10497,34.43835,33.24154,38.62642,37.94733,41.48494,39.62323,40.79216,44.40721,47.51842,49.25444,52.15362,52.08647,54.03702,55.0,56.0,61.03278,59.07622,68.18358,61.13101,64.62971,62.80127,68.06614,70.03571,69.42622,72.03471,70.0928,71.38627,67.68309,73.24616,67.26812,72.36712,65.30697,69.42622,69.05071,64.13267,66.91039,69.46222,68.18358,66.37017,67.18631,65.12296,72.06247,67.00746,74.00676,66.1211,71.44928,70.11419,71.25307,72.24957,78.40918,72.33948,70.71068,70.5762,70.45566,71.25307,70.85901,74.16873
11.18034,10.19804,9.05539,10.19804,9.05539,9.05539,8.06226,8.06226,8.06226,8.0,7.0,7.07107,7.07107,7.07107,7.07107,6.08276,6.32456,6.32456,6.32456,6.32456,6.32456,6.32456,6.32456,6.7082,6.7082,6.7082,6.32456,6.32456,6.32456,6.32456,6.32456,7.07107,6.08276,7.07107,6.0,6.0,6.0,6.0,6.08276,5.09902,5.38516,5.38516,5.38516,4.47214,5.0,4.24264,4.24264,4.24264,4.24264,3.60555,3.60555,3.16228,64.56005,60.72891,59.77458,59.46427,61.13101,56.921,51.1957,49.64877,49.64877,47.67599,45.89118,41.4367,42.42641,42.0119,38.0,38.0526,39.11521,35.90265,39.31921,33.73426,35.90265,33.24154,33.83785,32.31099,31.95309,36.05551,34.0147,35.8469,34.0,38.48376,35.51056,36.24914,36.76955,34.53983,36.40055,32.57299,36.13862,34.20526,35.69314,36.05551,33.13608,31.06445,32.06244,28.16026,27.07397,28.63564,26.0,27.89265,24.35159,24.18677,21.93171,24.75884,19.84943,18.60108,20.61553,18.38478,19.41649,34.17601,39.45884,39.45884,38.32754,44.10215,43.01163,46.04346,46.09772,48.37355,49.16299,52.61179,53.93515,59.68249,56.7186,60.20797,62.0967,60.72891,63.89053,66.40783,69.857,68.44706,73.40981,74.32362,71.17584,72.01389,74.24958,73.79024,72.44998,72.20111,71.69379,70.66116,68.88396,69.97142,71.11962,67.60178,70.68239,68.44706,67.41662,67.06713,70.2282,70.00714,74.63243,70.88018,74.04053,71.16881,69.63476,74.04053,77.36924,73.24616,73.08215,74.46476,77.66595,78.1025,73.24616,73.75636,72.12489,73.00685
11.04536,10.04988,10.0,10.04988,9.0,9.0,9.0,8.06226,8.06226,8.06226,8.06226,7.28011,7.28011,7.28011,7.28011,7.28011,7.61577,6.7082,6.7082,6.7082,6.7082,6.7082,6.7082,6.40312,7.2111,7.2111,7.2111,6.7082,6.7082,6.7082,6.7082,6.7082,6.32456,6.32456,6.32456,6.08276,6.08276,6.08276,6.08276,5.0,5.0,5.0,5.09902,4.12311,4.12311,4.47214,3.60555,3.60555,3.60555,2.82843,2.82843,2.23607,67.72001,63.06346,63.34824,59.20304,57.87055,57.70615,53.75872,52.61179,47.51842,48.25971,44.10215,43.01163,45.01111,37.05401,39.01282,38.20995,36.22154,37.65634,37.65634,34.9285,36.68787,34.53983,34.9285,34.17601,35.8469,34.9285,34.48188,34.48188,34.0147,35.8469,37.12142,35.8469,37.12142,40.24922,35.77709,32.89377,35.34119,34.52535,33.24154,33.24154,34.05877,32.14032,31.06445,31.06445,31.14482,27.45906,27.89265,22.56103,24.69818,23.76973,22.02272,20.80865,18.43909,19.84943,18.60108,18.02776,17.72005,33.95585,34.71311,36.22154,39.11521,37.12142,40.04997,41.04875,42.29657,47.16991,47.26521,50.15974,55.31727,56.56854,60.20797,62.58594,59.20304,65.45991,65.14599,67.35726,66.30988,69.07966,73.00685,67.54258,70.23532,72.94518,72.44998,71.58911,75.66373,68.0,70.71068,70.23532,72.44998,67.97794,71.55418,70.68239,72.91776,66.30988,68.35203,66.12866,71.7844,76.2168,69.92138,71.8401,71.06335,73.4983,68.65858,74.95332,75.18643,75.9276,68.41053,72.27724,75.9276,80.60397,68.15424,74.52516,75.43209,70.83078
9.48683,9.48683,8.544,8.544,8.24621,8.24621,7.28011,7.28011,7.07107,6.08276,6.08276,6.0,6.0,6.0,5.0,5.09902,5.09902,5.09902,5.09902,5.09902,5.09902,5.09902,5.09902,5.38516,5.09902,5.09902,5.09902,5.09902,5.09902,5.09902,5.09902,5.09902,5.0,5.0,5.0,5.09902,5.09902,4.12311,4.12311,4.47214,4.47214,3.60555,3.60555,4.24264,4.24264,3.60555,3.60555,3.16228,3.16228,3.16228,3.0,3.0,62.43397,61.40033,62.43397,58.59181,57.3062,54.12947,50.11986,50.60632,47.92703,46.51881,44.94441,41.78516,41.76123,40.8534,37.10795,39.05125,35.17101,36.34556,35.51056,32.38827,36.01389,33.06055,31.01612,31.06445,31.257,34.1321,30.14963,31.40064,35.35534,34.9285,35.12834,36.12478,33.01515,33.01515,31.0,33.06055,35.01428,33.01515,33.54102,32.55764,26.92582,29.12044,30.08322,27.313,26.07681,24.59675,23.60085,22.67157,23.34524,21.93171,20.80865,19.72308,19.72308,17.46425,15.13275,17.0,17.26268,33.06055,37.05401,38.11824,36.49658,42.95346,39.05125,42.44997,45.12206,48.38388,48.08326,50.92151,53.85165,56.0803,60.00833,61.84658,60.83584,63.52952,63.52952,64.88451,67.1193,67.1193,72.00694,69.2026,69.81404,73.10951,72.00694,71.58911,75.82216,70.83784,72.47068,70.83784,70.17834,69.42622,70.60453,69.81404,71.21798,65.80274,69.40461,69.33974,70.49113,71.56116,68.60029,70.49113,75.47185,73.82412,69.97142,72.56032,72.89719,75.66373,73.79024,72.56032,75.58439,77.82673,71.55418,72.94518,77.02597,70.71068
9.21954,8.48528,8.48528,8.48528,7.81025,7.81025,7.81025,7.2111,6.40312,7.2111,5.83095,5.83095,5.38516,5.38516,5.38516,5.38516,5.09902,5.38516,5.09902,5.09902,5.09902,5.09902,5.09902,5.09902,5.09902,5.09902,5.09902,5.09902,5.09902,5.09902,5.09902,5.09902,5.38516,4.47214,4.47214,4.47214,5.0,4.24264,4.24264,4.24264,3.60555,3.60555,3.60555,3.16228,3.16228,3.0,3.0,3.0,3.0,3.16228,2.82843,2.82843,63.89053,59.03389,60.30755,60.959,56.22277,54.56189,50.32892,47.38143,46.69047,45.27693,42.44997,45.34314,42.44997,36.87818,35.8469,34.1321,36.61967,36.71512,33.10589,32.20248,35.8469,32.28002,32.89377,32.28002,29.73214,33.95585,34.48188,33.24154,30.59412,32.55764,32.55764,33.54102,32.01562,33.24154,31.04835,31.62278,32.31099,33.61547,29.96665,29.15476,29.20616,28.3196,27.58623,26.90725,28.3196,24.83948,24.69818,27.45906,22.84732,18.78829,24.33105,18.68154,17.26268,15.0333,18.11077,16.49242,15.26434,31.01612,33.61547,34.0,42.54409,39.82462,42.43819,42.63801,45.0,45.45327,48.9183,51.73973,53.75872,55.15433,60.10824,59.46427,58.41233,64.2028,65.60488,65.0,69.89278,68.24222,69.64194,70.49113,70.49113,71.11259,72.20111,72.94518,70.21396,71.11259,72.47068,66.64833,72.00694,70.21396,69.83552,69.97142,67.74216,67.95587,67.41662,70.17834,66.57327,70.21396,66.21933,71.02816,71.40028,70.80254,70.29225,72.00694,74.33034,71.50524,71.70077,73.10951,73.40981,75.82216,71.8401,71.8401,72.00694,70.93659
9.84886,9.84886,9.84886,8.94427,8.94427,8.06226,8.06226,7.2111,7.2111,7.2111,6.40312,7.07107,7.07107,5.65685,5.65685,6.40312,6.40312,6.40312,5.83095,5.83095,5.83095,5.83095,5.83095,6.7082,5.83095,6.7082,5.83095,6.7082,6.40312,7.2111,5.83095,6.40312,5.65685,5.65685,5.65685,5.65685,5.0,5.0,4.47214,4.47214,4.47214,4.12311,4.12311,3.16228,3.0,3.0,3.0,3.16228,2.23607,2.23607,2.23607,2.23607,64.53681,60.87693,60.41523,57.72348,58.0517,56.32051,52.49762,49.72927,46.84015,47.16991,43.01163,40.8534,43.32436,41.62932,34.88553,39.82462,36.05551,33.01515,36.61967,32.80244,33.42155,31.89044,31.1127,36.06938,32.55764,31.82766,32.64966,32.52691,33.24154,32.01562,34.82815,32.64966,33.24154,32.55764,34.65545,35.0,36.23534,34.66987,31.38471,32.64966,30.8707,29.73214,28.4605,27.85678,28.44293,24.08319,25.17936,25.07987,19.0263,21.2132,16.76305,19.31321,19.72308,17.20465,15.6205,16.40122,15.26434,35.38361,36.06938,38.28838,38.41875,38.27532,41.88078,40.70626,44.41846,46.14109,46.09772,50.08992,51.07837,57.00877,58.87274,59.13544,59.90826,64.7611,59.48109,65.73431,65.49046,67.47592,72.56032,67.47592,69.26038,71.17584,72.24957,71.11259,72.06247,69.06519,69.00725,71.02816,70.17834,69.00725,68.06614,70.02857,70.11419,70.45566,67.60178,67.36468,71.70077,73.82412,67.26812,70.03571,73.24616,70.83078,72.03471,71.80529,71.80529,76.40026,73.97973,74.72617,76.15773,74.73286,69.64194,73.5459,74.72617,71.80529
10.0,9.0,9.0,9.0,9.0,8.0,8.06226,8.06226,7.07107,7.07107,7.07107,6.32456,6.32456,6.32456,5.38516,5.38516,5.83095,5.83095,5.0,5.0,5.0,5.0,5.83095,5.65685,5.65685,5.83095,5.65685,5.0,5.0,5.83095,5.83095,5.83095,5.38516,5.38516,5.38516,5.09902,5.09902,5.09902,4.0,4.0,4.0,4.12311,4.12311,3.16228,3.60555,3.60555,3.60555,2.82843,3.60555,3.60555,3.16228,3.16228,61.29437,63.1981,60.67125,58.42089,58.42089,51.47815,50.63596,49.81967,49.81967,44.64303,46.57252,45.22168,41.10961,37.94733,39.0,39.39543,37.57659,35.35534,34.66987,32.75668,34.4093,32.20248,31.89044,32.52691,30.41381,34.65545,32.52691,32.55764,32.55764,33.24154,33.97058,34.65545,31.82766,33.24154,31.1127,32.64966,33.30165,35.0,31.90611,30.52868,28.63564,30.46309,27.89265,28.16026,28.86174,26.1725,25.31798,22.0,23.08679,23.34524,19.64688,20.88061,18.78829,19.41649,16.40122,17.02939,17.88854,30.52868,38.94868,37.12142,38.62642,39.92493,41.10961,42.05948,42.2019,47.53946,48.05206,51.62364,54.91812,54.58938,57.55867,59.4138,57.21888,64.07027,66.00758,62.0,67.00746,65.06919,69.06519,69.26038,69.58448,72.83543,72.83543,73.97973,71.02112,68.73136,72.69113,70.71068,69.72087,68.593,70.5762,67.26812,69.11584,68.26419,71.06335,68.00735,72.02777,71.00704,70.02857,73.33485,71.11259,72.1734,72.83543,72.33948,70.71068,75.42546,72.44308,74.33034,74.67262,77.41447,73.5527,73.43705,74.43118,72.44308
10.44031,10.44031,10.44031,10.44031,9.21954,8.24621,8.24621,8.06226,8.06226,8.06226,8.06226,7.0,7.0,7.0,7.0,7.0,6.08276,7.07107,6.08276,6.08276,6.08276,6.08276,6.08276,6.32456,6.32456,6.32456,6.32456,6.08276,6.08276,6.08276,6.08276,6.08276,6.0,6.0,6.0,6.0,6.08276,5.09902,5.09902,5.38516,5.38516,5.38516,4.47214,5.0,5.0,4.24264,4.24264,4.24264,3.60555,3.60555,3.16228,3.16228,66.64083,59.94164,64.88451,59.9333,54.626,53.85165,53.7122,53.22593,46.61545,47.12749,45.22168,42.2019,40.26164,37.33631,38.63936,38.20995,34.05877,37.01351,37.01351,34.1321,36.0,32.06244,32.98485,32.24903,32.55764,33.73426,35.17101,33.24154,34.48188,34.48188,34.9285,34.71311,31.32092,37.85499,36.49658,34.23449,34.1321,33.13608,35.01428,35.01428,30.01666,32.38827,32.01562,27.89265,28.4605,26.57066,26.83282,22.84732,21.40093,21.93171,21.93171,19.84943,19.23538,18.35756,18.38478,18.24829,17.02939,33.06055,37.12142,38.20995,41.59327,39.45884,43.17407,41.97618,44.14748,46.17359,47.80167,51.62364,50.92151,54.23099,55.54278,58.69412,56.4358,65.8635,65.19202,68.09552,67.6757,67.1193,70.0,67.6757,72.8011,68.41053,72.00694,71.8401,73.10951,69.42622,71.70077,71.70077,68.88396,70.29225,66.61081,67.00746,68.8186,64.89992,68.8186,68.26419,67.74216,70.83078,68.88396,72.06941,71.11962,72.94518,66.64083,69.31811,73.34848,72.91776,72.09022,73.82412,74.73286,74.73286,70.26379,73.00685,71.58911,75.6439
11.04536,11.04536,10.04988,10.04988,9.0,9.0,9.0,8.0,8.0,8.06226,8.06226,7.07107,7.07107,7.07107,7.28011,6.32456,6.32456,6.32456,6.32456,6.7082,6.32456,6.32456,6.7082,6.7082,6.7082,5.83095,6.7082,6.7082,6.7082,6.32456,6.32456,6.32456,6.32456,6.08276,6.08276,6.08276,6.08276,6.0,5.0,6.08276,5.09902,5.09902,5.09902,4.47214,4.47214,4.47214,4.47214,4.24264,4.24264,3.60555,3.60555,3.60555,65.19202,62.39391,62.29767,58.5235,58.5235,55.54278,51.92302,52.49762,49.24429,46.32494,46.09772,42.10701,43.10452,40.0125,42.19005,38.01316,37.01351,37.33631,37.21559,36.05551,33.73426,31.7805,35.44009,33.83785,34.48188,33.52611,33.10589,34.53983,32.57299,34.17601,35.4683,36.40055,36.68787,36.68787,36.13862,35.17101,35.69314,35.69314,35.12834,33.0,33.13608,31.14482,32.38827,29.27456,26.4764,28.16026,21.54066,24.59675,24.18677,21.40093,20.80865,24.08319,21.2132,21.09502,16.64332,17.46425,17.11724,32.38827,37.21559,38.0526,39.05125,41.0,40.1995,41.30375,43.10452,47.67599,46.69047,50.44799,51.41984,53.36666,57.56735,60.44005,59.23681,63.32456,62.39391,65.0,65.76473,67.08204,69.77105,68.0,70.83078,69.33974,72.94518,69.97142,71.19691,68.7968,71.02112,66.88797,71.02112,69.89278,65.8635,68.47627,69.83552,68.88396,67.97794,68.42514,68.44706,71.69379,68.54196,69.857,69.46222,68.30813,75.69016,73.08215,74.94665,77.36924,72.42237,73.05477,74.0,75.61085,73.4983,76.844,77.25283,71.86793
10.0,9.0,9.0,9.0,8.0,8.06226,8.06226,7.07107,7.07107,7.07107,6.08276,6.32456,6.32456,6.32456,5.38516,5.83095,5.83095,5.83095,5.0,5.0,5.0,5.0,5.0,5.65685,6.40312,5.65685,5.65685,5.65685,5.83095,5.83095,5.83095,5.83095,5.38516,5.38516,5.38516,5.38516,5.09902,5.09902,4.0,4.0,4.0,4.12311,4.12311,4.12311,3.16228,3.60555,3.60555,3.60555,3.60555,3.60555,3.16228,3.16228,62.20129,64.62971,60.40695,56.22277,57.14018,51.08816,53.03772,50.15974,47.0,44.10215,46.01087,41.10961,41.4367,40.4475,38.47077,37.10795,38.07887,35.1141,34.17601,35.4683,30.41381,31.76476,32.75668,31.30495,31.38471,30.52868,32.80244,31.241,32.20248,33.01515,35.22783,31.62278,33.01515,32.20248,36.05551,33.61547,32.64966,34.43835,34.9285,30.67572,28.16026,31.04835,29.15476,28.28427,27.01851,27.0,24.02082,23.08679,24.73863,19.92486,20.61553,19.72308,22.47221,20.0,16.97056,17.49286,16.55295,32.69557,33.24154,37.36308,37.48333,41.19466,40.31129,41.04875,43.01163,45.0,45.01111,48.01042,52.03845,52.03845,55.22681,56.32051,58.30952,63.34824,61.0,63.34824,69.12308,67.05222,68.96376,70.21396,69.92138,70.2282,71.7844,69.64194,70.83784,69.64194,68.70953,69.64194,69.28925,68.35203,66.85058,68.62215,66.7308,67.72001,68.41053,69.63476,68.65858,68.65858,69.72087,67.89698,68.593,71.56815,72.1734,73.33485,72.11103,73.17103,72.99315,72.1734,74.02702,73.24616,75.10659,74.16873,74.54529,74.43118
10.77033,9.48683,9.48683,9.48683,9.84886,8.544,8.94427,8.06226,8.06226,8.06226,7.2111,7.2111,7.2111,6.40312,6.40312,6.40312,5.65685,6.40312,6.40312,6.40312,5.0,5.83095,5.83095,5.83095,5.83095,5.83095,5.83095,5.83095,5.83095,6.40312,6.40312,6.40312,6.40312,6.40312,5.65685,6.40312,5.83095,5.83095,5.38516,5.38516,5.38516,5.09902,5.09902,4.12311,5.0,4.0,5.0,4.12311,4.12311,4.47214,3.60555,3.60555,64.41273,61.26989,58.66856,55.75841,54.70832,56.0803,49.39636,50.21952,48.01042,43.26662,45.27693,42.63801,41.72529,39.59798,36.79674,39.69887,36.87818,37.64306,33.6006,35.77709,34.88553,30.88689,33.61547,31.7805,35.34119,32.31099,34.20526,34.78505,31.01612,33.95585,36.40055,36.76955,33.83785,37.64306,37.0,37.69615,34.9285,34.53983,33.61547,35.34119,32.64966,29.73214,29.0,31.40064,28.42534,26.40076,25.0,25.94224,23.76973,23.4094,25.0,20.22375,21.0,20.02498,22.56103,20.88061,18.02776,33.6006,34.66987,37.64306,38.20995,37.53665,38.20995,43.86342,41.10961,45.34314,47.01064,51.0392,54.91812,54.91812,57.45433,61.29437,60.41523,63.06346,61.7414,66.21178,65.79514,68.35203,72.44998,68.35203,73.68175,72.42237,71.30919,69.12308,70.88018,69.92138,74.46476,68.00735,70.88018,69.12308,68.00735,66.40783,67.77905,67.06713,67.41662,66.85058,67.23095,69.857,68.42514,69.77105,68.96376,73.43024,71.86793,70.83078,71.56116,74.09453,75.29276,74.79305,73.06162,72.40166,72.94518,72.00694,72.06941,74.09453
10.0,10.0,9.0,8.0,8.0,8.06226,8.06226,7.07107,7.07107,6.08276,6.32456,6.32456,6.32456,5.38516,5.38516,5.83095,5.83095,5.83095,5.0,5.0,5.65685,5.65685,5.65685,5.65685,5.65685,5.65685,5.65685,5.65685,5.65685,5.65685,5.65685,6.40312,5.83095,5.83095,5.83095,5.38516,5.38516,5.38516,4.12311,5.09902,4.12311,4.0,4.0,4.12311,4.12311,3.16228,3.60555,3.60555,3.60555,3.60555,3.60555,3.16228,65.06919,62.03225,61.20457,58.30952,56.0803,52.23983,49.64877,46.38965,49.24429,45.54119,45.35416,40.5216,41.10961,40.5216,38.62642,37.57659,30.8707,36.71512,28.84441,34.66987,33.6006,36.40055,31.14482,33.42155,31.82766,31.14482,34.71311,33.42155,33.42155,33.30165,36.12478,34.82815,34.82815,33.42155,37.48333,34.71311,35.38361,35.38361,35.80503,34.20526,34.0,31.30495,29.12044,28.23119,28.4605,27.45906,28.44293,25.17936,22.02272,22.2036,22.2036,18.24829,18.97367,20.59126,17.80449,14.86607,18.60108,36.05551,35.1141,34.48188,38.32754,36.67424,42.57934,38.63936,44.72136,46.09772,45.09989,50.01,53.0,54.03702,58.21512,58.13777,60.13319,63.12686,62.39391,62.39391,68.88396,70.85901,69.87131,69.857,73.08215,70.2282,73.68175,70.83784,69.37579,68.15424,70.21396,67.44627,69.92138,68.15424,66.4906,69.857,70.0928,69.63476,67.89698,66.09841,68.73136,66.27217,71.11259,70.17834,73.02739,72.02777,75.05998,74.0,73.06162,74.10803,72.06247,74.0,74.0,73.00685,73.06162,75.0,72.00694,73.10951
10.0,9.21954,8.60233,8.60233,8.60233,8.60233,8.06226,7.2111,6.7082,6.7082,6.7082,6.32456,6.32456,6.32456,6.32456,6.08276,6.08276,6.08276,5.09902,6.0,5.0,6.0,6.0,6.0,6.0,6.0,6.0,6.0,6.0,6.0,6.0,6.08276,6.08276,6.08276,5.38516,5.38516,5.38516,4.47214,5.0,5.0,5.0,4.24264,4.24264,5.0,4.47214,4.47214,4.47214,4.12311,4.12311,4.0,4.12311,3.16228,66.6033,58.89822,61.84658,58.13777,55.0,51.22499,52.20153,49.81967,47.43416,44.94441,40.31129,39.35734,40.71855,36.23534,36.40055,38.60052,34.53983,36.05551,33.73426,34.71311,37.05401,32.14032,30.0,32.01562,31.01612,33.01515,32.38827,34.1321,35.01428,34.1321,36.34556,39.31921,35.12834,35.22783,34.1321,33.13608,34.0147,35.35534,33.24154,33.37664,32.28002,32.28002,29.73214,30.67572,28.17801,27.29469,25.0,25.6125,21.93171,22.67157,22.02272,22.47221,21.54066,18.78829,19.64688,20.22375,17.26268,34.20526,37.0,34.9285,38.94868,39.82462,39.82462,40.22437,44.10215,47.20169,47.80167,49.20366,51.08816,55.22681,58.79626,62.24147,57.28001,65.76473,62.24147,65.06919,63.25346,66.70832,72.62231,69.40461,71.02816,69.33974,71.28113,72.94518,71.28113,68.50547,73.24616,67.1193,66.28725,66.57327,67.20119,68.8186,71.02816,67.35726,67.35726,68.68042,70.00714,70.0928,70.00714,70.71068,69.35416,67.26812,72.18033,72.83543,71.58911,73.75636,72.24957,71.70077,75.60423,75.0733,67.62396,71.58911,70.29225,71.70077
10.0,9.0,9.05539,9.05539,8.06226,8.06226,7.28011,7.28011,7.28011,7.28011,6.32456,6.7082,6.7082,5.83095,5.83095,6.40312,5.65685,5.65685,5.65685,5.65685,5.65685,6.40312,6.40312,6.40312,6.40312,6.40312,6.40312,6.40312,6.40312,7.07107,5.65685,6.40312,6.40312,6.40312,6.40312,5.83095,5.83095,5.38516,5.38516,4.47214,4.12311,4.12311,4.12311,4.12311,4.0,3.0,3.16228,3.16228,3.16228,2.23607,2.82843,2.23607,67.89698,61.52235,63.63961,61.0,55.3263,55.44367,49.09175,51.24451,43.0,44.01136,43.01163,42.04759,41.59327,36.34556,38.32754,37.85499,32.98485,35.73514,35.4683,32.20248,38.07887,32.64966,32.44996,33.83785,35.80503,34.82815,33.97058,36.76955,34.82815,36.12478,38.41875,38.28838,33.30165,34.65545,35.22783,39.66106,35.80503,34.1321,35.35534,35.34119,32.69557,34.78505,32.28002,31.40064,31.06445,28.0,29.0,24.08319,24.5153,23.19483,24.04163,22.13594,22.82542,16.64332,19.84943,18.38478,16.12452,33.54102,37.01351,38.11824,39.01282,38.01316,40.1995,42.19005,43.41659,47.51842,45.39824,51.1957,54.81788,54.12947,56.51548,60.87693,58.5235,65.25335,61.68468,67.6757,68.942,70.38466,74.84651,68.88396,72.56032,72.94518,72.06941,74.30343,75.13322,70.49113,76.92204,64.66065,73.82412,71.55418,71.11962,71.17584,70.68239,66.48308,69.857,69.46222,69.64194,74.63243,69.92138,72.27724,69.64194,73.08215,77.27872,74.73286,75.50497,77.27872,74.52516,72.53275,74.33034,77.10383,67.89698,76.29548,78.08969,67.08204
10.19804,10.19804,10.19804,9.05539,9.05539,9.05539,8.0,8.0,8.0,7.0,8.06226,7.07107,7.07107,6.08276,7.28011,7.28011,6.32456,6.32456,6.7082,6.7082,6.7082,6.7082,6.7082,7.2111,6.7082,7.2111,7.2111,6.7082,6.7082,6.7082,6.7082,6.32456,6.32456,6.32456,6.08276,6.08276,6.08276,6.08276,6.0,5.0,5.0,5.0,5.09902,4.12311,4.12311,4.12311,3.60555,3.60555,3.60555,2.82843,2.82843,2.23607,69.77822,58.66856,61.26989,57.38467,57.77543,52.92447,51.07837,49.76947,42.05948,46.32494,44.92215,41.97618,42.19005,37.12142,37.65634,36.12478,36.01389,35.01428,35.12834,35.35534,35.69314,32.98485,31.32092,30.67572,33.52611,32.89377,34.9285,34.53983,36.76955,35.4683,37.57659,38.91015,34.53983,36.40055,39.21734,36.05551,33.52611,35.51056,34.23449,34.36568,35.01428,28.07134,30.26549,30.14963,29.42788,25.4951,27.51363,24.16609,26.83282,19.72308,22.2036,22.67157,19.10497,18.02776,17.88854,17.46425,17.11724,32.06244,34.23449,34.1321,35.35534,38.83298,40.79216,41.10961,45.54119,46.8188,44.59821,50.15974,52.7731,55.15433,58.59181,59.48109,61.05735,63.52952,64.66065,64.66065,65.21503,66.0303,70.43437,68.00735,69.02898,70.76722,72.47068,74.33034,73.66139,67.35726,70.0928,69.52697,69.42622,68.24954,68.11755,69.2026,70.45566,68.00735,68.60029,66.57327,70.17834,73.78347,68.47627,69.11584,71.58911,69.83552,67.1193,68.8767,74.24958,75.23962,71.58911,71.58911,75.15318,77.36924,69.35416,72.49828,71.58911,73.34848
11.31371,10.63015,9.89949,9.89949,9.21954,9.21954,9.21954,7.81025,7.81025,7.81025,7.2111,7.2111,6.7082,6.7082,6.7082,6.32456,6.32456,6.32456,6.32456,6.08276,6.08276,6.08276,6.08276,6.08276,6.08276,7.07107,7.07107,6.08276,7.07107,6.32456,6.32456,6.32456,6.32456,6.7082,6.7082,5.83095,5.83095,5.83095,5.0,5.65685,5.65685,5.0,5.0,4.47214,4.47214,4.47214,4.47214,4.12311,4.12311,3.0,3.0,3.16228,63.52952,60.90156,58.83026,58.5235,57.45433,53.33854,52.83938,49.40648,47.01064,46.04346,45.45327,40.45986,40.45986,38.28838,36.12478,36.87818,33.6006,34.66987,33.01515,32.75668,33.61547,32.75668,29.96665,31.32092,30.67572,33.52611,32.31099,35.44009,31.7805,33.52611,33.83785,37.33631,34.0147,33.83785,31.7805,32.20248,32.20248,32.75668,32.24903,33.01515,30.4795,29.0,29.06888,27.58623,25.0,24.18677,26.41969,22.36068,26.24881,19.64688,19.23538,20.09975,20.0,18.02776,16.76305,15.81139,14.42221,31.38471,35.34119,38.27532,38.60052,39.40812,39.69887,42.52058,44.59821,48.79549,47.38143,50.24938,51.22499,56.72742,58.79626,56.85068,58.60034,61.03278,61.91123,62.43397,67.1193,68.42514,71.17584,67.1193,70.68239,68.02941,71.69379,69.857,70.5762,69.28925,70.5762,67.6757,69.28925,67.35726,70.5762,67.06713,69.857,68.02941,68.0,68.47627,69.35416,71.11962,69.11584,69.11584,74.62573,69.64194,74.62573,73.78347,73.43024,74.88658,72.94518,76.00658,74.06079,77.10383,73.24616,71.86793,71.56116,75.47185
9.21954,9.21954,8.24621,9.21954,8.24621,8.544,7.61577,6.7082,6.7082,6.7082,6.7082,5.83095,5.83095,5.83095,5.0,5.0,5.65685,5.0,5.0,5.0,5.0,5.0,5.0,5.0,5.0,5.83095,5.83095,5.83095,5.83095,5.0,5.0,5.65685,5.65685,5.65685,5.0,4.47214,4.47214,4.47214,4.12311,4.12311,4.12311,4.0,4.0,3.0,3.16228,3.16228,3.16228,3.60555,2.82843,2.82843,3.60555,3.16228,64.53681,61.18823,59.43904,56.51548,59.03389,50.44799,52.49762,49.81967,48.08326,45.31004,42.05948,39.92493,41.14608,37.12142,36.76955,37.73592,33.28663,33.83785,32.80244,32.55764,32.01562,33.30165,31.241,31.1127,30.61046,31.89044,33.83785,30.52868,31.38471,36.05551,34.1321,37.21559,34.48188,36.05551,34.05877,31.14482,33.24154,31.89044,33.30165,33.6006,31.90611,27.29469,30.46309,28.23119,26.83282,24.69818,27.65863,24.18677,22.02272,19.41649,22.36068,20.09975,21.54066,17.46425,19.72308,17.02939,16.27882,33.30165,35.4683,37.44329,38.27532,42.72002,39.44617,42.05948,43.46263,49.24429,49.0408,50.92151,54.12024,54.08327,57.97413,57.72348,62.80127,65.73431,63.95311,66.75328,64.49806,67.36468,72.1734,72.1734,71.17584,74.0,74.0,71.0,73.0,75.0,69.00725,70.11419,70.0,70.0,71.00704,71.11259,72.1734,71.17584,67.26812,68.35934,72.44308,70.03571,69.2315,71.84706,74.33034,68.06614,74.72617,73.97973,74.72617,75.43209,76.15773,73.00685,78.33901,77.36924,71.06335,75.43209,73.24616,73.76313
10.0,9.0,9.05539,8.06226,8.06226,8.06226,7.07107,7.07107,7.28011,6.32456,6.32456,6.32456,5.38516,5.38516,5.38516,5.83095,5.0,5.0,5.0,5.0,5.0,5.65685,5.65685,5.65685,5.65685,5.65685,5.65685,5.65685,5.65685,5.65685,5.0,5.83095,5.83095,5.83095,5.38516,5.38516,5.09902,5.09902,5.09902,4.0,4.0,4.0,4.12311,3.16228,3.16228,3.60555,3.60555,3.60555,2.82843,3.60555,3.16228,3.16228,64.03124,60.20797,58.21512,53.15073,57.14018,53.33854,51.62364,48.50773,45.39824,44.55334,42.2019,40.26164,41.48494,37.33631,35.4683,36.24914,34.0147,32.75668,32.20248,33.01515,31.62278,32.20248,31.89044,31.241,27.58623,30.41381,31.89044,31.40064,33.94113,34.71311,33.42155,32.52691,31.1127,34.65545,36.06938,33.6006,35.80503,34.20526,31.40064,32.75668,33.54102,29.73214,30.80584,26.92582,26.68333,27.07397,25.17936,23.08679,22.09072,18.11077,19.92486,20.59126,21.09502,19.20937,19.10497,18.02776,13.89244,35.60899,34.88553,38.48376,38.07887,40.8534,41.10961,44.27189,45.35416,48.76474,49.0306,51.41984,55.31727,55.9017,58.42089,58.85576,63.12686,65.19202,64.00781,66.00758,67.00746,71.06335,71.34424,72.24957,71.34424,71.56815,73.68175,72.00694,73.1642,73.97973,71.34424,71.44928,67.08204,72.18033,70.71068,65.49046,71.34424,69.18092,71.11259,66.00758,71.0,70.0,69.06519,74.06079,71.06335,67.02984,72.02777,74.10803,74.24284,74.24284,73.17103,70.34913,74.16873,74.33034,73.43705,70.17834,74.06079,74.16873
8.94427,8.06226,8.06226,8.06226,7.2111,7.2111,7.2111,6.40312,6.40312,6.40312,5.65685,5.65685,5.0,5.0,5.0,5.0,4.47214,4.47214,4.47214,4.47214,4.47214,5.38516,5.38516,5.09902,5.09902,5.38516,5.38516,5.38516,5.38516,5.38516,5.38516,5.83095,5.83095,5.0,5.0,4.24264,4.24264,4.24264,4.24264,3.60555,3.60555,3.16228,3.16228,3.16228,3.0,3.0,3.16228,3.16228,3.16228,2.23607,2.82843,2.82843,61.68468,60.44005,57.58472,55.71355,56.36488,51.86521,51.47815,49.24429,43.08132,45.79301,42.94182,40.81666,38.01316,35.60899,36.61967,36.12478,35.38361,30.4795,33.97058,34.4093,33.12099,30.52868,31.7805,29.96665,31.38471,32.57299,31.62278,32.28002,31.01612,34.53983,35.73514,34.17601,31.7805,36.67424,33.54102,33.54102,33.54102,33.12099,33.83785,33.83785,31.241,33.94113,27.65863,29.83287,27.01851,26.07681,24.59675,22.13594,21.58703,20.61553,22.2036,20.22375,19.10497,18.43909,16.27882,13.92839,15.81139,33.97058,36.23534,36.35932,38.07887,39.35734,42.54409,41.14608,44.28318,42.72002,47.75982,49.64877,52.49762,52.49762,57.72348,57.48913,61.18823,63.95311,61.81424,67.26812,67.74216,69.72087,68.593,71.25307,73.0,72.0,70.06426,71.00704,72.02777,68.06614,68.02941,70.0,71.00704,67.06713,69.26038,68.46897,67.60178,67.36468,67.47592,68.73136,69.2315,69.05071,65.51336,72.27724,69.37579,71.06335,74.33034,71.7844,73.73602,70.21396,72.11103,71.06335,72.23573,74.67262,71.16881,72.73239,74.33034,73.73602
11.04536,10.04988,10.0,9.0,10.0,9.0,8.0,8.06226,8.06226,8.06226,7.07107,7.07107,7.28011,7.28011,6.32456,6.32456,6.32456,6.7082,5.83095,6.7082,5.83095,5.83095,6.40312,6.40312,6.40312,6.40312,6.40312,7.2111,6.7082,7.2111,6.7082,6.7082,6.32456,6.32456,6.32456,6.32456,6.08276,6.08276,6.0,5.0,6.0,5.09902,5.09902,5.09902,4.47214,4.47214,4.47214,4.47214,4.24264,4.24264,3.60555,3.60555,63.15061,61.39218,60.63827,56.51548,52.7731,55.9017,52.61179,50.24938,48.25971,44.04543,45.04442,41.01219,40.04997,41.04875,36.12478,38.47077,36.34556,34.20526,35.17101,33.83785,33.52611,30.08322,37.12142,33.10589,33.54102,34.88553,30.41381,33.54102,34.66987,35.0,35.51056,34.88553,35.35534,37.57659,32.20248,37.33631,37.94733,37.33631,33.24154,33.52611,32.24903,32.55764,35.0,29.01724,28.01785,27.45906,27.16616,29.12044,26.0,23.25941,21.47091,20.24846,20.0,20.61553,18.02776,19.72308,15.52417,34.53983,34.48188,35.17101,36.67424,42.75512,42.19005,41.01219,41.10961,47.04253,47.16991,51.0392,52.15362,57.03508,58.13777,57.70615,61.18823,64.32729,63.56099,66.28725,67.05222,67.72001,70.2282,70.5195,69.07966,71.69379,71.30919,71.51224,69.46222,69.46222,69.857,72.61543,70.77429,68.02941,69.46222,69.89278,68.70953,68.62215,68.94926,67.05222,69.37579,70.0928,70.83078,71.06335,68.65858,69.05071,72.18033,74.52516,71.19691,73.82412,73.00685,71.02112,74.67262,76.11833,70.21396,73.82412,74.33034,71.19691
10.81665,10.81665,10.0,10.0,9.21954,9.21954,9.21954,8.48528,8.48528,7.07107,8.48528,7.81025,7.2111,7.2111,7.2111,6.7082,7.2111,6.7082,6.7082,6.7082,7.28011,6.32456,6.32456,7.28011,7.28011,7.28011,7.28011,7.28011,7.28011,7.28011,7.61577,7.61577,6.7082,6.7082,7.2111,7.2111,6.40312,6.40312,5.65685,5.65685,5.65685,5.0,5.0,5.0,4.47214,4.47214,4.12311,4.12311,4.12311,4.0,3.0,3.16228,67.41662,61.85467,59.40539,56.61272,56.61272,52.00961,51.85557,49.67897,48.27007,43.93177,45.96738,41.03657,42.63801,37.64306,39.69887,41.67733,39.66106,36.67424,33.10589,33.61547,35.1141,36.05551,32.28002,32.55764,33.95585,32.38827,31.40064,36.49658,34.36568,34.9285,34.52535,36.40055,37.48333,33.54102,36.67424,36.68787,37.0,36.76955,36.76955,30.8707,36.05551,33.42155,31.14482,28.42534,28.28427,29.06888,25.80698,25.0,24.18677,21.0238,21.0238,21.58703,22.36068,19.10497,18.11077,16.49242,15.52417,32.31099,34.48188,36.89173,40.0,38.60052,40.45986,43.13931,43.18565,44.59821,48.79549,50.9902,51.85557,52.49762,57.80138,59.03389,60.74537,65.51336,65.0,66.03787,66.64833,69.77105,71.58911,69.35416,68.02941,70.00714,71.86793,71.51224,72.44998,68.70953,68.70953,68.70953,70.38466,69.07966,68.54196,70.68239,68.942,67.53518,64.88451,65.30697,66.64833,68.47627,68.7968,69.64194,71.86793,69.64194,72.62231,74.4043,72.20111,72.8011,72.42237,75.45197,73.23933,74.63243,70.0,73.00685,69.2026,70.60453
9.84886,8.94427,9.43398,8.06226,8.06226,7.2111,7.2111,7.2111,6.40312,6.40312,6.40312,6.40312,6.40312,6.40312,5.0,5.83095,5.83095,5.83095,5.38516,5.38516,5.38516,5.38516,5.38516,5.38516,5.38516,5.38516,5.38516,6.32456,5.38516,6.32456,5.38516,5.38516,5.83095,5.83095,5.0,5.0,5.65685,5.0,5.0,4.47214,4.47214,4.47214,4.12311,4.12311,3.0,3.0,3.0,3.0,3.16228,3.60555,2.82843,2.82843,59.07622,62.42596,59.40539,56.30275,53.60037,54.40588,50.21952,47.80167,46.8615,44.68781,41.86884,40.31129,38.8973,36.87818,38.60052,35.80503,33.01515,33.61547,31.7805,33.10589,34.53983,34.17601,31.62278,29.12044,32.01562,31.40064,31.57531,34.23449,32.14032,33.54102,35.69314,35.90265,32.98485,32.55764,33.73426,35.44009,34.48188,31.32092,32.69557,31.38471,31.90611,31.06445,28.01785,25.6125,24.08319,27.01851,22.80351,23.02173,21.9545,19.72308,19.69772,19.64688,21.37756,18.43909,17.11724,16.15549,14.42221,31.62278,32.01562,34.82815,38.18377,38.28838,42.0119,40.36087,41.86884,46.40043,48.01042,49.09175,51.97115,54.20332,58.59181,55.9017,58.13777,62.64982,63.90618,64.40497,68.35203,68.30813,65.78754,68.62215,71.16881,67.72001,72.53275,68.65858,69.64194,67.91171,72.8011,67.72001,71.06335,68.15424,65.52099,66.40783,65.14599,66.85058,68.942,64.4748,66.21178,68.8767,72.47068,72.00694,70.23532,70.3278,72.40166,73.57309,71.02112,71.56116,73.24616,71.56116,69.63476,73.60027,71.56116,70.49113,75.47185,70.72482
10.0,10.0,8.60233,8.60233,8.60233,8.60233,8.06226,8.06226,6.7082,6.7082,6.7082,6.7082,6.32456,6.32456,6.32456,6.08276,6.08276,6.08276,5.0,6.0,6.0,6.0,6.0,6.0,6.0,6.0,6.0,6.0,6.0,6.0,6.08276,6.08276,6.08276,5.09902,6.32456,5.38516,5.38516,4.47214,5.0,5.0,5.0,4.24264,4.24264,4.24264,3.60555,4.47214,4.12311,4.12311,4.12311,4.0,4.12311,3.16228,65.05382,64.44377,63.63961,58.72819,54.48853,56.72742,50.20956,52.40229,47.80167,47.20169,44.10215,41.6173,39.96248,38.47077,41.59327,38.07887,36.23534,35.4683,34.78505,35.69314,37.48333,32.98485,33.73426,35.51056,33.95585,35.12834,32.06244,37.01351,32.14032,36.22154,35.0571,38.0526,34.05877,37.21559,39.11521,33.73426,34.71311,32.75668,35.1141,31.95309,31.7805,29.54657,31.38471,28.01785,29.20616,25.6125,29.73214,25.4951,25.23886,22.36068,21.09502,22.84732,20.88061,19.41649,17.11724,17.72005,14.56022,32.89377,36.67424,36.23534,39.96248,41.34005,43.41659,42.43819,44.20407,46.69047,50.32892,50.24938,55.17246,55.97321,57.31492,63.03174,59.81639,66.06815,63.60031,69.2026,69.63476,68.8186,70.17834,70.17834,72.20111,72.47068,72.00694,74.24284,76.47876,68.88396,72.94518,70.71068,73.82412,69.77105,69.97142,71.69379,71.28113,69.64194,69.40461,70.45566,68.60029,73.24616,69.42622,72.47068,71.58911,70.43437,72.24957,72.13876,74.24958,75.66373,75.66373,74.24958,77.7946,79.9062,72.86288,76.38063,75.66373,71.42129
11.04536,11.04536,10.04988,10.04988,9.05539,9.0,8.0,8.0,8.0,8.06226,8.06226,7.07107,7.07107,7.28011,7.28011,6.32456,7.28011,6.32456,6.7082,6.7082,6.7082,6.7082,6.7082,6.7082,6.7082,6.7082,6.7082,6.7082,6.7082,6.7082,6.7082,6.32456,6.32456,6.32456,6.08276,6.08276,6.08276,6.0,5.0,5.0,5.09902,5.09902,4.12311,4.12311,4.47214,3.60555,3.60555,3.60555,2.82843,2.82843,2.23607,2.23607,68.30813,64.51356,61.13101,58.69412,59.43904,54.40588,49.0306,51.78803,45.70558,46.17359,46.69047,44.28318,44.28318,42.04759,36.01389,40.1995,34.05877,38.32754,39.45884,35.44009,34.9285,34.48188,32.98485,34.17601,35.34119,34.53983,36.24914,34.9285,34.43835,35.77709,34.88553,40.24922,33.61547,34.9285,34.78505,35.4683,34.48188,33.95585,34.9285,32.38827,35.22783,31.257,31.0,30.01666,29.01724,27.29469,25.0,21.54066,23.76973,21.0238,18.86796,23.34524,22.02272,18.43909,18.02776,15.26434,14.31782,31.06445,34.05877,32.14032,41.04875,40.11234,38.63936,40.4475,45.12206,46.84015,46.84015,48.05206,51.66237,53.16014,58.18935,60.08328,60.53924,62.76942,63.15853,65.29931,66.03787,64.66065,71.28113,69.64194,67.95587,68.50547,72.94518,69.97142,70.72482,68.7968,71.02112,69.06519,69.89278,67.80118,68.50547,66.0303,69.11584,64.88451,67.1193,70.21396,69.35416,71.58911,66.85058,72.44998,70.00714,68.94926,70.21396,71.16881,71.51224,74.94665,74.33034,72.42237,75.43209,76.24303,70.5195,73.4983,75.28612,73.4983
14.03567,9.0,10.0,9.84886,9.48683,11.40175,10.0,8.0,7.07107,7.07107,8.544,8.24621,8.06226,8.06226,7.0,7.0,7.07107,6.08276,6.0,6.08276,7.07107,8.06226,8.06226,7.28011,6.08276,6.08276,8.06226,8.06226,6.08276,6.08276,7.28011,7.28011,7.28011,5.38516,5.83095,5.65685,8.06226,7.07107,6.7082,3.60555,5.65685,6.0,6.08276,6.7082,4.47214,4.47214,3.16228,3.16228,4.12311,4.0,3.16228,2.82843,61.29437,59.5399,70.85901,52.20153,55.97321,30.88689,39.35734,43.93177,36.49658,40.31129,55.14526,57.31492,32.0,41.04875,35.0,40.0125,33.13608,36.01389,36.34556,30.59412,30.26549,30.08322,38.83298,30.36445,36.12478,34.9285,28.0,24.69818,37.33631,35.1141,30.80584,40.31129,37.0,33.24154,34.0147,39.31921,34.05877,27.45906,32.69557,31.30495,22.2036,40.79216,32.69557,22.80351,14.31782,33.24154,17.20465,36.12478,23.85372,25.4951,24.20744,17.88854,16.64332,19.23538,17.46425,19.0263,17.46425,31.38471,34.66987,34.98571,40.45986,38.41875,42.44997,42.44997,47.63402,47.01064,48.41487,50.60632,53.60037,53.0,57.14018,61.29437,56.36488,65.79514,60.92618,70.00714,68.68042,67.91171,68.06614,65.30697,70.21396,69.58448,70.45566,67.26812,70.17834,68.06614,74.10803,65.19202,73.00685,69.02898,68.0,71.00704,66.00758,64.00781,67.36468,68.35934,65.49046,70.34913,67.18631,73.17103,71.34424,73.06162,71.11259,68.26419,72.24957,70.17834,70.25667,72.11103,75.00667,78.00641,72.0,73.06162,78.00641,71.00704
10.0,10.0,8.60233,8.60233,8.60233,8.60233,8.06226,8.06226,8.06226,6.7082,6.7082,6.32456,6.32456,6.32456,5.38516,6.32456,6.08276,6.08276,5.09902,5.09902,5.09902,5.0,6.0,5.0,6.0,6.0,6.0,6.0,6.0,6.08276,6.08276,6.08276,5.09902,5.38516,5.38516,5.38516,5.38516,4.47214,5.0,5.0,4.24264,4.24264,4.24264,3.60555,3.60555,3.16228,4.12311,4.12311,4.0,4.0,4.0,3.16228,63.78087,60.20797,64.38167,57.31492,54.45181,51.66237,50.9902,51.66237,46.8615,48.16638,43.41659,41.40048,43.26662,40.81666,39.44617,38.91015,35.77709,33.61547,34.43835,34.53983,32.89377,34.20526,30.26549,27.89265,31.40064,31.257,30.26549,31.06445,32.38827,33.24154,33.24154,37.05401,32.75668,33.37664,30.26549,34.17601,33.52611,30.08322,33.52611,31.38471,29.54657,28.6531,28.6007,27.01851,25.6125,24.75884,24.20744,25.0,23.32381,20.24846,25.05993,18.97367,19.64688,20.02498,16.03122,18.43909,17.72005,31.95309,34.9285,34.0147,37.58989,38.47077,40.81666,42.2019,43.82921,44.82187,46.40043,50.60632,51.66237,55.97321,57.28001,60.82763,58.25805,63.70243,61.40033,66.06815,68.8186,68.60029,70.80254,66.0303,67.95587,71.19691,71.34424,70.71068,72.56032,70.83078,70.83078,69.11584,70.3278,65.36819,67.6757,65.19202,69.33974,68.00735,66.61081,67.80118,71.21798,69.81404,66.70832,69.35416,72.24957,69.52697,73.53911,72.83543,69.35416,71.42129,72.13876,72.18033,75.69016,73.5527,71.44928,75.66373,75.66373,71.44928
11.0,10.04988,10.04988,9.05539,9.05539,9.05539,8.06226,8.06226,8.24621,7.28011,7.28011,7.28011,7.28011,6.32456,6.7082,6.7082,6.7082,6.7082,5.83095,5.83095,5.83095,6.40312,6.40312,6.40312,7.2111,6.40312,7.2111,7.2111,6.40312,6.7082,6.7082,6.7082,6.7082,6.32456,6.32456,6.08276,6.08276,6.08276,5.0,5.0,5.0,4.0,4.0,4.12311,4.12311,3.16228,3.60555,3.60555,2.82843,2.82843,2.82843,2.23607,66.0303,61.20457,62.39391,56.88585,58.42089,58.30952,49.64877,55.7315,43.73786,47.85394,44.72136,42.2019,40.49691,38.62642,39.56008,38.07887,38.62642,36.67424,33.12099,35.8469,36.61967,32.20248,32.80244,31.89044,32.01562,32.55764,31.82766,33.24154,33.97058,34.65545,33.24154,36.12478,31.14482,34.82815,36.12478,32.75668,33.61547,34.98571,32.69557,29.96665,29.73214,27.20294,29.42788,28.44293,27.16616,28.16026,23.0,22.09072,22.36068,20.61553,21.47091,18.78829,17.49286,17.69181,17.69181,16.27882,15.65248,31.1127,34.05877,34.4093,36.61967,37.58989,43.04649,42.48529,43.08132,44.77723,44.38468,49.98,50.59644,53.60037,51.66237,59.66574,57.27128,63.34824,59.4138,61.52235,63.1981,64.12488,66.06815,68.00735,69.02898,72.06247,71.00704,70.11419,72.11103,65.12296,69.02898,66.1211,68.06614,69.11584,66.06815,67.06713,68.00735,66.00758,68.06614,66.00758,69.06519,70.25667,66.37017,70.34913,68.88396,70.5762,68.46897,69.58448,71.02112,73.43705,70.5762,71.70077,71.84706,73.97973,72.00694,72.83543,73.43705,73.68175
10.19804,10.19804,10.19804,10.04988,9.05539,9.05539,8.06226,8.0,8.0,8.0,7.0,7.0,7.07107,7.07107,7.07107,6.08276,6.32456,6.32456,6.32456,6.32456,6.32456,6.32456,6.32456,6.7082,6.7082,6.7082,6.7082,6.32456,6.32456,6.32456,6.32456,6.32456,6.08276,6.08276,6.08276,6.0,6.0,5.0,6.08276,5.09902,5.09902,5.38516,5.38516,4.47214,4.47214,4.24264,4.24264,4.24264,4.24264,3.60555,3.60555,3.16228,65.45991,66.76077,62.29767,60.16644,57.28001,54.70832,55.7853,52.63079,50.21952,49.24429,45.39824,43.28972,41.4367,39.05125,39.0,39.01282,38.11824,36.22154,35.0571,33.37664,35.69314,33.95585,33.83785,32.89377,31.62278,34.78505,34.17601,33.24154,31.38471,35.4683,35.8469,35.4683,36.40055,35.1141,37.0,33.52611,34.52535,37.48333,33.24154,32.0,31.0,30.01666,33.06055,26.30589,28.28427,26.57066,26.24881,26.40076,23.25941,24.18677,19.84943,20.61553,21.93171,21.09502,17.46425,14.56022,17.11724,33.73426,35.35534,37.0,37.01351,43.0,42.29657,41.19466,43.28972,49.49747,45.89118,49.24429,53.85165,53.16014,57.97413,58.82176,61.68468,62.76942,62.76942,65.0,67.1193,66.64083,72.20111,69.83552,69.35416,72.40166,72.40166,70.49113,70.80254,70.49113,72.40166,70.3278,69.64194,67.6757,69.64194,69.46222,68.0,70.23532,68.8767,69.31811,70.93659,70.77429,67.06713,68.62215,74.0,68.35203,68.96376,70.5195,75.28612,73.37575,73.08215,73.37575,77.49194,73.37575,73.05477,73.68175,74.04053,73.37575
9.05539,10.04988,8.06226,9.05539,8.06226,8.06226,7.07107,7.28011,7.28011,6.32456,6.32456,6.7082,5.83095,5.83095,5.83095,5.83095,5.83095,5.0,5.0,5.0,5.0,5.65685,5.65685,5.0,5.65685,5.65685,5.65685,5.65685,5.65685,5.65685,5.0,5.83095,5.0,5.38516,4.47214,5.38516,5.09902,4.12311,4.12311,4.0,4.0,4.0,4.12311,4.12311,3.16228,3.60555,3.60555,2.82843,2.82843,3.60555,3.16228,3.16228,63.50591,63.28507,59.68249,55.57877,57.27128,54.74486,52.7731,47.29693,49.47727,43.01163,45.22168,43.08132,42.15448,39.56008,36.23534,36.35932,38.07887,33.61547,34.1321,33.42155,32.01562,33.94113,31.82766,31.82766,31.89044,32.64966,35.0,32.75668,32.44996,34.20526,34.66987,32.20248,34.82815,32.01562,36.12478,31.1127,31.89044,31.82766,32.80244,33.6006,31.62278,30.41381,30.36445,28.79236,24.35159,27.45906,24.18677,23.19483,22.0,20.22375,22.56103,20.39608,20.12461,20.24846,16.12452,19.84943,16.12452,31.62278,34.0,36.67424,37.0,42.72002,41.48494,41.23106,43.73786,46.09772,46.52956,50.80354,52.95281,56.56854,56.22277,58.42089,61.07373,63.12686,66.0,64.00781,68.02941,68.18358,73.17103,69.26038,70.34913,70.71068,73.33485,71.02112,70.71068,70.71068,71.70077,69.87131,67.89698,66.75328,69.46222,66.37017,70.34913,66.06815,69.02898,71.00704,70.0,69.02898,70.17834,71.17584,73.10951,67.60178,70.71068,70.5762,74.43118,73.97973,73.97973,72.99315,76.29548,72.99315,73.97973,73.68175,72.56032,74.1485
10.04988,9.05539,9.05539,9.05539,9.05539,8.24621,8.24621,7.28011,7.28011,7.28011,6.32456,6.32456,6.32456,5.38516,5.83095,5.83095,5.0,5.83095,5.0,5.0,5.65685,5.65685,5.65685,5.65685,5.65685,5.65685,5.65685,5.65685,5.65685,6.40312,5.0,5.83095,5.83095,5.83095,5.38516,5.38516,5.09902,5.09902,4.12311,4.0,5.0,4.0,4.12311,4.12311,4.12311,3.60555,3.60555,3.60555,2.82843,3.60555,3.16228,3.16228,63.1981,62.514,59.3043,60.67125,56.88585,52.34501,52.17279,52.39275,46.84015,44.38468,41.48494,43.32436,43.01163,39.92493,37.12142,33.12099,34.48188,34.1321,35.22783,33.42155,36.12478,36.87818,28.28427,31.1127,32.52691,31.82766,33.30165,33.97058,32.64966,36.12478,36.23534,34.65545,30.41381,32.64966,30.41381,33.94113,31.89044,32.64966,33.28663,33.83785,32.64966,32.64966,28.4605,27.51363,26.24881,28.16026,26.4764,21.2132,22.09072,22.2036,21.58703,19.31321,19.69772,19.72308,15.81139,19.84943,16.40122,31.62278,34.0,34.98571,37.57659,39.0,40.49691,40.80441,42.72002,44.91102,48.05206,49.24429,50.80354,52.95281,54.91812,56.14268,58.54912,64.28063,63.07139,63.03174,65.00769,68.06614,69.00725,75.16648,71.34424,71.44928,70.25667,70.71068,70.5762,68.73136,70.45566,70.5762,67.47592,71.44928,68.46897,69.46222,68.26419,69.06519,69.02898,69.06519,70.00714,67.0,72.06247,70.17834,73.33485,71.34424,74.43118,69.18092,72.69113,77.78175,73.68175,71.58911,74.1485,73.68175,73.97973,75.13322,73.82412,72.56032
10.77033,10.77033,9.84886,9.84886,8.94427,9.43398,9.43398,8.06226,8.60233,7.81025,7.81025,7.81025,7.07107,7.07107,7.07107,7.07107,6.40312,7.07107,7.2111,7.2111,6.7082,6.7082,6.7082,6.7082,6.7082,7.2111,7.2111,7.2111,7.2111,7.2111,7.2111,7.81025,7.81025,7.07107,7.07107,7.07107,6.40312,6.40312,5.83095,5.83095,5.38516,5.38516,5.38516,5.09902,5.09902,4.0,4.0,4.0,4.12311,3.16228,3.16228,3.60555,66.94027,66.70832,64.84597,62.36185,60.08328,56.32051,53.85165,55.71355,48.70318,45.88028,46.8188,46.06517,44.28318,43.909,39.44617,38.01316,40.45986,38.41875,37.01351,35.38361,38.20995,33.42155,35.0,33.24154,35.60899,32.64966,36.61967,33.61547,37.73592,36.89173,36.35932,38.83298,34.98571,37.44329,39.05125,36.87818,35.38361,37.48333,37.64306,34.05877,36.12478,34.71311,31.95309,29.52965,30.8707,26.92582,26.24881,26.92582,24.08319,26.01922,23.0,19.64688,20.88061,18.02776,18.35756,21.40093,17.69181,33.30165,34.05877,36.40055,38.07887,38.07887,41.18252,43.46263,43.86342,47.42362,44.59821,46.8188,52.49762,57.56735,56.32051,57.72348,63.34824,64.13267,66.09841,66.09841,67.1193,68.18358,68.35934,73.02739,70.02857,73.0,71.06335,73.0,72.0,71.00704,67.00746,73.00685,72.02777,75.02666,70.11419,71.02816,70.11419,73.06162,68.73136,68.35934,67.26812,70.5762,71.19691,70.61161,74.2159,71.58911,72.78049,75.70997,74.2159,77.12976,73.00685,77.20104,78.1089,75.43209,73.08215,71.16881,72.27724,75.18643
10.77033,10.77033,10.44031,9.48683,9.48683,9.48683,9.21954,8.24621,8.06226,8.06226,8.06226,8.06226,7.0,7.0,7.0,7.0,7.07107,7.07107,7.28011,6.08276,6.32456,6.32456,6.32456,7.28011,6.32456,7.28011,7.28011,7.28011,7.28011,6.32456,7.07107,7.07107,7.07107,7.07107,7.0,7.0,6.0,6.08276,6.08276,5.09902,5.38516,5.38516,5.38516,4.47214,4.47214,5.0,4.24264,4.24264,3.60555,3.60555,3.60555,4.12311,67.53518,61.40033,59.94164,57.70615,56.35601,55.03635,53.22593,49.39636,51.62364,45.54119,43.01163,44.27189,42.2019,40.60788,38.07887,39.31921,36.22154,32.01562,35.01428,35.0,33.01515,36.05551,36.40055,37.10795,33.95585,33.54102,35.44009,34.48188,34.9285,35.44009,36.05551,33.83785,35.44009,37.64306,37.10795,34.52535,34.52535,36.34556,33.13608,34.0,31.06445,32.55764,30.41381,28.44293,28.16026,30.08322,25.94224,29.06888,25.55386,23.60085,23.02173,22.02272,20.0,23.32381,20.12461,17.72005,19.10497,31.0,33.37664,35.69314,37.85499,40.5216,40.8534,42.15448,44.38468,45.18849,45.69464,48.30114,52.47857,55.47071,56.4358,56.4358,56.85948,63.24555,62.42596,64.40497,66.21933,64.53681,69.42622,69.42622,70.72482,70.00714,70.71068,68.593,71.42129,69.29646,69.35416,70.00714,66.46804,67.89698,67.94115,69.35416,65.29931,69.52697,68.11755,66.61081,69.33974,69.06519,67.6757,66.88797,71.69379,71.34424,69.97142,71.69379,72.47068,72.94518,72.00694,73.92564,72.89719,75.591,74.73286,74.24284,69.83552,72.00694
10.77033,9.84886,9.84886,9.84886,8.94427,8.94427,8.06226,8.06226,7.2111,7.2111,7.2111,6.40312,6.40312,6.40312,6.40312,6.40312,6.40312,6.40312,5.83095,5.83095,5.83095,5.83095,5.83095,5.83095,6.7082,5.83095,6.7082,6.7082,5.83095,6.7082,5.83095,5.83095,6.40312,5.65685,5.65685,6.40312,6.40312,5.83095,5.83095,5.83095,5.38516,5.38516,5.09902,4.12311,4.0,4.0,4.0,4.12311,4.12311,4.47214,3.60555,3.60555,67.06713,63.56886,63.15853,53.85165,57.38467,53.7122,53.22593,51.47815,49.76947,42.94182,42.48529,41.67733,40.22437,40.80441,36.87818,38.18377,36.76955,37.48333,33.94113,32.75668,33.83785,30.80584,33.28663,33.28663,30.88689,34.0,30.46309,34.43835,35.8469,34.0147,38.48376,37.57659,37.12142,35.8469,37.12142,37.44329,34.1321,35.60899,35.60899,33.30165,31.14482,30.4795,31.40064,30.0,28.6007,29.15476,27.29469,26.24881,25.0,23.34524,22.02272,23.08679,19.23538,19.64688,18.68154,17.49286,16.12452,30.61046,33.30165,34.71311,36.23534,38.01316,40.49691,42.72002,47.01064,46.64762,46.06517,50.9902,53.7122,53.22593,56.0803,58.5235,60.72891,64.84597,63.60031,62.58594,65.96969,65.11528,72.18033,71.02112,68.73136,72.33948,72.99315,69.26038,72.56032,70.45566,72.69113,67.60178,70.34913,68.35934,66.48308,67.60178,67.74216,69.857,67.26812,67.26812,68.96376,68.68042,68.96376,68.62215,74.0,68.94926,68.35203,70.2282,68.35203,73.82412,71.58911,73.73602,73.34848,74.84651,72.23573,75.23962,73.73602,70.38466
10.63015,10.63015,9.89949,9.21954,9.89949,8.48528,8.48528,8.48528,7.81025,7.81025,7.81025,7.2111,7.2111,6.7082,6.7082,6.7082,6.32456,6.32456,6.32456,6.32456,6.32456,6.32456,6.08276,7.07107,7.07107,7.07107,7.07107,7.28011,6.32456,7.28011,6.32456,7.28011,6.7082,6.7082,6.7082,5.83095,6.40312,6.40312,5.65685,5.65685,5.65685,5.0,5.0,4.47214,4.47214,4.47214,4.12311,4.12311,4.0,4.0,3.0,3.16228,64.07027,62.96825,63.60031,60.60528,59.20304,54.03702,51.08816,51.08816,46.40043,48.79549,50.20956,44.55334,41.86884,38.94868,40.36087,36.05551,38.01316,37.21559,30.88689,34.88553,35.4683,32.57299,32.57299,32.28002,35.17101,33.54102,32.28002,32.75668,35.69314,36.87818,37.33631,35.90265,39.05125,35.90265,37.10795,36.05551,35.1141,33.83785,34.17601,32.64966,33.12099,30.61046,29.20616,29.0,31.241,27.20294,28.6007,24.18677,23.70654,20.12461,24.35159,19.10497,22.56103,17.0,18.68154,18.02776,18.78829,35.8469,34.48188,36.89173,41.40048,39.82462,40.31129,42.44997,44.55334,43.86342,46.75468,50.60632,52.00961,55.80323,59.40539,58.82176,57.98276,64.14047,63.13478,69.11584,69.35416,69.77822,70.77429,68.54196,72.49828,73.73602,70.00714,70.93659,71.86793,69.28925,72.73239,71.30919,71.16881,72.44998,72.8011,69.857,68.942,70.38466,69.77105,67.08204,69.97142,70.3278,68.7968,74.09453,72.40166,69.97142,72.00694,73.4983,73.23933,74.4043,71.84706,76.40026,75.80237,77.80103,70.80254,77.00649,73.23933,73.23933
9.84886,9.48683,9.48683,8.544,8.544,8.24621,8.24621,7.28011,7.07107,7.07107,7.07107,6.08276,6.0,6.0,5.0,6.08276,5.09902,5.09902,5.09902,5.09902,5.09902,5.38516,5.09902,5.38516,5.38516,5.38516,5.38516,5.38516,5.38516,6.08276,5.09902,6.08276,5.09902,5.0,5.0,6.08276,5.09902,5.09902,4.47214,4.12311,4.47214,4.47214,3.60555,3.60555,4.24264,3.60555,3.60555,3.16228,4.12311,3.16228,4.0,3.0,67.06713,57.58472,61.98387,57.58472,53.14132,58.5235,49.98,50.69517,46.84015,46.32494,42.57934,41.4367,39.45884,35.12834,37.12142,38.0526,37.01351,35.0571,36.34556,32.98485,32.98485,29.83287,32.57299,32.28002,31.32092,32.69557,31.7805,33.24154,32.20248,33.54102,34.88553,35.4683,32.89377,33.83785,34.48188,32.28002,32.55764,32.55764,32.01562,31.06445,29.01724,31.14482,27.45906,26.4764,25.70992,25.29822,25.29822,24.59675,21.47091,22.2036,19.84943,22.67157,18.35756,18.02776,18.38478,20.22375,16.0,29.83287,36.87818,35.35534,43.10452,41.01219,44.0,44.10215,46.17359,49.16299,48.50773,49.49747,52.17279,58.0517,57.48913,62.64184,59.90826,66.40783,63.90618,68.70953,69.64194,71.58911,68.942,69.46222,75.29276,70.71068,70.83078,72.06941,71.34424,69.35416,76.05919,67.74216,74.30343,71.34424,71.19691,72.47068,69.77105,67.1193,69.31811,70.68239,72.23573,72.49828,72.42237,74.67262,72.11103,76.55064,77.66595,76.844,76.53757,75.96052,74.33034,76.844,76.92204,79.12016,75.69016,78.16009,78.1089,72.8011
10.19804,9.21954,8.24621,8.24621,8.24621,7.28011,7.28011,6.32456,6.32456,6.7082,5.83095,5.83095,5.83095,5.0,5.0,5.65685,5.0,5.65685,5.0,5.0,5.0,5.0,5.0,5.0,5.0,5.0,5.0,5.0,5.0,5.0,5.0,5.0,5.0,5.0,4.47214,4.47214,4.47214,4.12311,4.12311,4.12311,4.0,4.0,4.0,3.16228,3.16228,3.16228,3.60555,3.60555,2.82843,2.82843,3.16228,3.16228,64.03124,62.36185,60.44005,56.75385,56.921,49.0408,49.0408,51.26402,43.32436,44.01136,42.95346,40.70626,40.31129,39.44617,37.73592,35.80503,35.0,33.97058,31.82766,32.55764,32.55764,33.30165,30.52868,27.80288,30.80584,31.06445,31.30495,33.54102,32.24903,31.90611,34.1321,32.75668,31.90611,31.38471,32.44996,32.80244,33.42155,32.01562,31.14482,33.94113,31.14482,28.6007,26.41969,26.40076,26.0,23.76973,26.24881,22.80351,22.09072,21.0238,19.41649,20.02498,18.43909,18.38478,16.55295,18.60108,14.14214,34.05877,34.20526,35.8469,38.94868,40.24922,41.59327,44.77723,47.53946,47.01064,49.64877,51.86521,54.81788,57.97413,60.63827,60.63827,64.32729,64.93843,65.62012,70.5762,68.73136,69.11584,71.56815,71.25307,72.00694,73.00685,74.00676,74.0,75.02666,74.02702,75.00667,73.02739,72.02777,73.17103,70.06426,69.26038,70.45566,70.34913,71.17584,71.34424,71.70077,71.02112,71.38627,75.31268,71.58911,73.24616,71.7844,74.04053,76.92204,76.53757,75.96052,75.0,74.33034,75.96052,73.4983,75.43209,74.63243,73.37575
10.0,9.21954,9.21954,9.21954,9.21954,7.81025,7.81025,7.07107,7.07107,7.07107,7.07107,6.40312,6.40312,5.83095,5.83095,5.83095,5.83095,5.38516,5.38516,5.38516,5.38516,5.09902,5.38516,5.09902,5.09902,5.09902,5.38516,5.38516,5.38516,5.38516,5.38516,5.83095,5.83095,5.0,5.0,5.0,5.0,5.0,5.0,4.47214,4.47214,4.47214,4.12311,4.12311,4.0,4.0,4.0,4.0,4.12311,3.16228,3.60555,3.60555,65.94695,65.0,61.84658,56.72742,55.17246,55.97321,50.93133,52.3259,49.49747,47.38143,42.0119,38.94868,39.20459,38.83298,40.49691,37.21559,34.98571,34.9285,32.69557,31.01612,32.75668,31.62278,34.20526,30.59412,30.36445,30.59412,31.257,31.57531,32.24903,34.05877,31.06445,32.14032,30.0,33.24154,31.7805,32.31099,32.98485,31.7805,29.73214,31.62278,31.38471,30.01666,27.01851,25.80698,19.79899,22.80351,22.67157,23.85372,22.36068,21.0238,21.54066,19.64688,21.0238,18.11077,18.02776,17.46425,19.23538,34.0147,34.43835,36.35932,40.81666,43.26662,42.0119,43.01163,45.45327,49.20366,51.62364,54.48853,53.74012,53.75872,60.30755,62.62587,62.00806,66.70832,67.42403,67.95587,67.6757,68.7968,68.7968,74.24284,72.00694,76.55717,73.3553,76.05919,75.591,72.89719,75.17978,72.00694,75.15318,71.11962,71.58911,73.3553,72.20111,72.20111,72.67049,71.28113,71.28113,69.2026,72.20111,75.43209,76.57676,71.06335,76.38063,73.66139,78.51751,78.56844,73.87828,75.0733,74.27651,75.00667,76.48529,77.89737,73.59348,77.15569
9.05539,9.05539,8.06226,8.06226,8.06226,8.0,7.0,7.0,6.0,6.0,6.08276,6.08276,6.32456,6.08276,5.09902,5.38516,5.38516,5.38516,4.47214,5.83095,5.0,5.83095,5.0,5.0,5.83095,5.0,5.83095,5.0,5.83095,5.83095,5.83095,5.38516,5.38516,5.38516,4.12311,4.12311,5.09902,4.0,4.0,4.0,3.0,3.16228,3.16228,3.16228,3.16228,2.23607,2.82843,2.23607,2.23607,2.23607,2.0,2.0,64.07808,61.46544,61.03278,59.46427,52.20153,56.51548,51.5461,47.12749,45.35416,45.54119,40.60788,40.60788,39.20459,40.11234,36.22154,36.01389,34.23449,33.24154,35.22783,30.26549,35.17101,31.62278,33.24154,30.67572,30.67572,32.31099,29.96665,30.8707,34.88553,32.64966,32.20248,34.17601,33.10589,34.48188,30.67572,31.95309,34.48188,33.24154,30.59412,29.15476,26.07681,25.0,26.01922,25.17936,25.0,23.08679,26.41969,20.61553,19.72308,20.0,16.97056,17.69181,16.64332,15.26434,14.76482,13.92839,16.12452,33.73426,34.36568,35.0571,39.05125,41.0,43.0,40.04997,45.27693,45.89118,45.89118,51.97115,52.63079,59.84146,57.97413,60.72891,61.35145,66.12866,64.84597,70.5762,67.1193,68.47627,72.44998,68.96376,71.55418,72.06941,72.94518,71.34424,73.57309,70.49113,73.06162,71.34424,75.80237,71.86793,69.89278,72.56032,68.60029,66.64083,69.77105,69.46222,70.5762,74.46476,69.46222,74.0,73.05477,73.38937,78.43469,74.0,75.61085,77.16217,73.4983,77.88453,75.0,77.7946,72.73239,73.37575,78.16009,74.63243
9.84886,8.94427,8.94427,8.06226,8.06226,7.2111,7.2111,7.2111,6.40312,6.40312,6.40312,6.40312,5.65685,5.65685,5.0,5.0,5.0,5.0,5.0,4.47214,4.47214,4.47214,4.47214,5.38516,5.38516,4.47214,4.47214,5.38516,5.38516,5.0,5.0,5.0,5.0,5.0,4.24264,4.24264,4.47214,3.60555,4.47214,3.16228,3.16228,3.16228,3.0,3.0,3.0,3.16228,3.16228,3.16228,2.82843,2.82843,2.23607,2.23607,64.07808,60.00833,59.5063,55.4617,54.58938,54.20332,49.1935,47.88528,42.72002,44.10215,41.6173,39.20459,40.0,33.6006,33.24154,35.38361,33.30165,28.3196,32.55764,30.88689,30.01666,30.23243,30.41381,29.06888,26.40076,30.41381,29.73214,26.57066,27.89265,32.28002,28.79236,32.31099,27.51363,30.67572,31.38471,28.6531,30.23243,29.68164,28.01785,31.14482,29.06888,26.90725,24.08319,26.62705,23.70654,22.36068,21.54066,23.76973,22.56103,20.0,19.10497,17.0,17.26268,16.27882,13.92839,17.0,14.42221,33.54102,36.23534,34.71311,37.64306,38.8973,38.94868,41.23106,42.2019,46.40043,47.20169,49.40648,54.08327,55.47071,55.47071,56.82429,62.64982,61.7171,63.56099,67.1193,68.62215,68.00735,68.96376,72.44998,69.89278,67.35726,71.8401,74.04053,71.06335,69.37579,71.8401,68.41053,69.92138,67.91171,70.60453,68.15424,70.88018,68.94926,65.55151,66.30988,69.35416,69.46222,68.44706,69.35416,72.89719,70.21396,68.47627,72.44998,76.05919,74.70609,74.24284,71.34424,76.15773,75.591,71.19691,73.43024,72.91776,70.21396
9.43398,8.94427,8.94427,8.94427,7.61577,7.61577,7.61577,7.28011,6.32456,6.32456,6.32456,6.08276,5.09902,5.09902,5.09902,5.0,5.0,5.0,5.09902,5.0,5.09902,5.09902,5.09902,5.09902,5.09902,5.09902,5.09902,5.09902,5.09902,5.09902,5.0,5.0,5.0,5.0,5.09902,5.09902,4.12311,4.47214,4.47214,4.47214,3.60555,3.60555,4.24264,3.60555,3.60555,3.60555,3.16228,3.16228,3.16228,3.0,3.0,3.16228,63.81222,62.68174,59.07622,59.07622,52.47857,52.83938,51.97115,48.54894,47.41308,44.72136,40.8534,38.07887,40.8534,37.33631,35.1141,35.69314,33.52611,32.38827,33.37664,31.01612,31.01612,31.01612,34.1321,30.06659,29.06888,30.26549,30.59412,29.61419,31.257,32.55764,32.01562,32.14032,31.40064,32.06244,31.14482,31.01612,32.01562,32.14032,33.24154,29.42788,29.42788,29.83287,24.69818,24.04163,23.32381,26.92582,25.55386,23.43075,21.26029,20.0,21.09502,21.47091,20.24846,19.23538,18.11077,17.26268,14.31782,34.0147,34.36568,38.32754,41.7732,41.97618,41.76123,45.22168,45.69464,50.32892,49.76947,54.12024,54.70832,60.82763,52.3259,57.77543,60.74537,64.3506,67.41662,68.24222,71.40028,69.2026,72.47068,73.0,75.00667,72.83543,75.0733,76.38063,72.13876,72.18033,74.96666,72.13876,72.12489,70.76722,69.29646,71.70077,72.34639,73.0,70.60453,71.21798,71.02816,71.40028,73.4983,71.56116,73.23933,72.40166,76.15773,72.56032,75.80237,77.02597,76.05919,78.54935,77.17513,75.66373,75.80237,74.79305,72.56032,74.33034
10.04988,9.05539,9.05539,9.05539,9.21954,8.24621,8.24621,7.28011,7.28011,7.28011,7.28011,6.7082,6.7082,5.83095,5.83095,6.40312,6.40312,6.40312,5.65685,6.40312,5.65685,5.65685,5.65685,6.40312,6.40312,6.40312,5.65685,6.40312,6.40312,6.40312,6.40312,6.40312,6.40312,5.83095,5.83095,5.83095,5.38516,5.38516,5.38516,5.09902,5.09902,5.09902,5.0,4.0,4.0,4.0,4.12311,3.16228,3.16228,3.16228,2.82843,2.82843,65.12296,62.00806,60.07495,55.00909,53.08484,55.14526,50.35871,54.33231,46.52956,46.69047,45.89118,41.7732,38.07887,35.73514,36.76955,36.23534,37.33631,32.64966,34.43835,32.44996,34.4093,34.05877,33.94113,31.1127,32.52691,33.24154,28.28427,34.82815,32.52691,32.64966,34.20526,36.23534,30.41381,34.82815,33.30165,31.241,34.05877,32.64966,31.38471,33.28663,32.24903,30.8707,29.15476,28.4605,25.70992,25.70992,25.31798,25.07987,23.5372,21.37756,20.39608,23.34524,20.24846,18.02776,16.12452,16.27882,17.49286,35.77709,35.1141,37.36308,40.26164,40.02499,40.4475,45.54119,45.04442,47.38143,47.01064,51.08816,53.00943,53.00943,57.03508,59.07622,59.21149,64.38167,64.62971,67.74216,69.42622,67.68309,70.83078,69.12308,71.80529,71.56815,71.56815,71.30919,71.8401,68.00735,70.88018,70.60453,72.12489,71.16881,68.00735,71.58911,70.0928,67.26812,69.87131,68.593,71.56815,70.25667,69.11584,69.02898,69.0,71.00704,76.00658,71.02816,73.00685,75.0,72.00694,75.05998,74.06079,75.02666,73.02739,73.06162,73.02739,74.10803
9.05539,9.05539,8.24621,8.24621,8.24621,7.28011,7.28011,6.32456,6.32456,6.7082,5.38516,5.83095,5.0,5.0,5.0,5.0,5.0,5.0,5.0,5.0,5.0,5.0,5.0,5.0,5.0,5.0,5.0,5.0,5.0,5.0,5.0,5.65685,5.0,5.0,5.0,5.0,4.47214,4.47214,4.12311,4.12311,4.12311,4.0,4.0,3.0,3.16228,3.16228,3.16228,3.16228,2.82843,2.82843,2.82843,3.16228,63.1981,59.21149,58.30952,55.22681,56.7186,51.47815,48.83646,47.29693,43.93177,46.09772,40.5216,42.72002,39.35734,37.94733,37.33631,34.0147,33.54102,33.12099,32.44996,30.23243,33.97058,29.69848,29.73214,29.06888,30.4795,29.41088,32.64966,31.89044,31.06445,30.0,35.0,33.97058,32.80244,34.05877,32.01562,32.55764,31.82766,32.52691,31.40064,31.241,31.30495,30.41381,27.20294,26.0,28.4605,24.73863,24.33105,21.37756,24.0,17.02939,21.2132,19.64688,21.0238,17.49286,18.43909,19.20937,16.64332,36.71512,33.12099,35.8469,39.84972,38.8973,43.32436,42.44997,46.32494,48.05206,48.37355,54.45181,54.14795,56.14268,58.30952,60.03332,59.03389,64.00781,66.00758,66.0303,69.06519,70.11419,69.46222,71.70077,73.97973,72.18033,71.02112,72.18033,74.96666,70.85901,73.1642,70.03571,71.38627,71.44928,70.17834,69.46222,69.35416,66.18912,69.18092,70.0,70.11419,70.00714,71.17584,71.06335,72.11103,70.17834,73.68175,71.34424,73.82412,73.82412,76.23647,72.56032,74.54529,76.79193,74.67262,76.41989,74.8131,72.69113
9.05539,9.05539,9.05539,8.0,8.0,7.0,7.0,7.0,7.07107,7.07107,6.08276,6.08276,6.32456,5.38516,5.38516,5.38516,5.83095,5.83095,5.83095,5.83095,5.83095,5.83095,5.83095,6.40312,6.40312,5.0,6.40312,6.40312,5.83095,5.83095,5.83095,5.83095,5.38516,5.38516,5.38516,5.09902,5.09902,5.0,5.0,4.0,4.0,4.0,4.12311,3.16228,3.16228,2.23607,2.82843,2.82843,2.82843,2.23607,2.23607,2.0,63.28507,59.84146,59.4138,54.08327,53.23533,52.15362,51.0098,48.0,45.0,44.01136,41.19466,40.11234,38.20995,35.69314,36.34556,34.52535,34.20526,36.68787,33.61547,32.89377,32.24903,31.30495,29.68164,31.90611,33.01515,31.06445,34.05877,34.4093,33.42155,34.20526,34.20526,34.20526,33.83785,37.20215,34.98571,33.83785,35.22783,34.1321,34.0147,30.67572,30.36445,29.61419,27.45906,31.06445,28.07134,26.01922,25.01999,23.34524,22.56103,22.80351,20.12461,19.72308,19.84943,19.10497,17.49286,16.55295,14.31782,34.53983,33.83785,34.52535,38.47077,37.48333,41.30375,42.19005,44.04543,47.26521,46.01087,51.15662,53.33854,56.22277,57.42822,59.3043,60.01666,62.80127,62.8172,64.53681,65.73431,69.64194,70.60453,70.83784,71.7844,70.77429,73.53911,72.49828,72.23573,68.02941,71.30919,69.64194,69.07966,67.06713,68.00735,69.57011,67.35726,68.30813,65.80274,68.41053,69.12308,70.61161,68.44706,70.03571,70.71068,70.71068,70.34913,70.45566,70.45566,73.43705,73.82412,72.69113,75.42546,72.11103,73.33485,72.00694,73.5527,73.43705
11.40175,10.44031,10.44031,9.48683,9.48683,8.544,8.544,7.61577,7.61577,7.61577,7.2111,7.2111,7.2111,7.2111,7.2111,6.40312,6.40312,5.65685,5.65685,5.65685,6.40312,6.40312,6.40312,6.40312,6.40312,6.40312,6.40312,6.40312,6.40312,6.40312,6.40312,6.40312,6.40312,6.40312,6.40312,5.83095,5.83095,5.83095,5.38516,5.38516,5.09902,5.09902,5.0,5.0,5.0,5.09902,4.12311,4.12311,4.47214,4.47214,3.60555,4.24264,65.62012,66.75328,58.24946,58.30952,56.51548,53.93515,53.60037,49.24429,50.28916,48.38388,44.38468,43.32436,40.49691,41.23106,37.57659,35.35534,33.6006,37.20215,35.4683,35.60899,36.79674,33.24154,29.83287,34.20526,31.14482,31.62278,34.66987,31.62278,34.98571,37.73592,37.73592,37.21559,37.44329,37.20215,33.42155,34.4093,35.38361,31.82766,34.65545,36.12478,31.40064,31.38471,31.30495,30.88689,28.23119,29.15476,24.73863,25.17936,25.31798,23.08679,19.10497,21.37756,21.37756,20.61553,19.72308,20.59126,19.10497,33.83785,34.53983,39.0,37.33631,38.8973,42.44997,42.42641,47.07441,46.69047,50.63596,51.97115,55.44367,58.07753,59.21149,59.03389,64.0,63.0,66.06815,67.06713,69.46222,68.593,72.00694,74.67262,73.5527,72.44308,73.97973,72.18033,70.71068,74.52516,72.99315,71.38627,68.73136,71.70077,71.70077,71.84706,69.26038,69.11584,70.17834,69.0,70.00714,68.00735,71.02816,71.06335,74.16873,72.56032,76.11833,74.24284,73.68175,76.65507,77.10383,73.43705,73.97973,71.70077,71.70077,74.8131,68.73136,76.79193
11.18034,10.77033,10.77033,9.48683,9.48683,8.544,8.24621,8.24621,8.24621,8.24621,8.06226,7.07107,7.07107,7.0,7.0,7.0,7.0,7.07107,6.08276,7.07107,6.08276,6.32456,6.08276,6.32456,6.32456,7.28011,7.28011,7.28011,7.07107,7.07107,7.07107,7.07107,7.0,7.0,6.0,7.07107,6.08276,6.08276,6.32456,5.38516,5.38516,5.38516,5.83095,5.0,5.0,4.24264,4.24264,3.60555,3.60555,4.47214,3.16228,3.16228,68.70953,61.84658,61.84658,59.48109,55.54278,54.78138,55.36244,49.0408,48.76474,48.38388,45.12206,43.17407,45.39824,40.1995,41.0,41.01219,38.32754,36.05551,34.05877,35.35534,35.17101,31.01612,33.73426,34.53983,35.44009,34.78505,32.28002,36.05551,35.17101,35.73514,36.13862,38.32754,34.48188,34.48188,34.9285,39.29377,35.17101,32.55764,36.22154,36.12478,32.0,33.24154,29.27456,28.86174,28.86174,28.79236,26.83282,29.06888,21.63331,23.02173,21.40093,22.67157,21.40093,17.0,15.65248,17.46425,19.0,33.73426,36.34556,36.67424,39.11521,41.01219,41.10961,43.10452,46.17359,46.38965,47.85394,52.63079,54.40588,52.88667,56.30275,60.72891,58.5235,65.9242,66.70832,66.48308,69.46222,69.31811,71.11259,71.19691,71.02112,72.94518,72.42237,70.17834,71.56116,72.11103,70.72482,69.06519,69.89278,72.56032,68.96376,70.23532,68.88396,69.35416,69.35416,68.96376,67.53518,70.77429,68.54196,70.77429,70.83784,70.38466,72.11103,71.16881,76.24303,75.89466,75.28612,75.61085,71.86793,71.7844,73.68175,75.02666,72.12489,72.44998
9.48683,9.48683,8.544,8.544,8.544,7.61577,7.61577,6.7082,6.7082,6.7082,6.7082,5.83095,6.40312,5.65685,5.65685,5.65685,5.65685,5.65685,5.0,5.0,5.0,5.0,5.83095,5.83095,5.83095,5.83095,5.83095,5.83095,5.83095,5.65685,5.65685,5.65685,5.65685,5.0,5.0,5.0,5.38516,4.47214,4.12311,4.12311,4.12311,4.0,4.0,4.0,4.12311,3.16228,3.16228,3.60555,3.60555,2.82843,2.82843,3.16228,62.64184,61.13101,61.35145,54.23099,53.48832,55.65968,50.56679,49.0408,44.27189,46.95743,44.94441,39.35734,38.83298,37.73592,37.73592,38.41875,36.40055,33.97058,36.06938,33.97058,37.53665,33.42155,31.76476,33.12099,29.15476,33.12099,36.89173,31.76476,34.48188,35.35534,32.24903,32.69557,35.8469,34.43835,36.23534,30.52868,35.22783,37.01351,30.4795,32.80244,29.73214,30.61046,30.23243,26.92582,29.68164,26.57066,29.73214,26.0,23.08679,20.09975,22.2036,21.0238,20.39608,19.69772,16.12452,18.02776,15.81139,33.24154,37.01351,36.61967,36.71512,38.48376,42.54409,39.81206,46.61545,47.92703,48.08326,51.66237,52.20153,56.75385,57.27128,59.43904,62.96825,63.34824,62.96825,65.9242,65.37584,67.47592,74.24284,69.02898,71.02816,73.0,74.00676,72.02777,71.0,70.00714,72.00694,72.00694,74.06079,68.06614,70.00714,67.06713,70.17834,71.25307,68.18358,67.26812,72.69113,72.99315,69.857,71.80529,70.0928,73.24616,68.68042,73.37575,74.72617,76.53757,72.8011,72.73239,76.24303,78.16009,73.37575,77.20104,70.88018,74.0
10.44031,9.48683,9.48683,8.544,8.24621,8.24621,8.24621,8.06226,8.06226,7.07107,7.07107,7.0,7.0,7.07107,7.07107,7.07107,6.08276,6.32456,6.32456,6.08276,6.32456,6.32456,6.32456,6.7082,6.32456,6.32456,6.32456,6.32456,6.32456,7.28011,6.32456,6.08276,6.08276,6.08276,6.08276,6.0,6.0,5.0,5.09902,5.09902,5.09902,4.12311,4.12311,4.47214,3.60555,3.60555,3.60555,3.60555,2.82843,2.82843,2.23607,2.23607,67.60178,65.0,61.77378,58.18075,59.48109,56.79789,54.56189,53.7122,48.33218,47.75982,48.08326,44.27189,43.73786,40.02499,39.29377,40.4475,37.48333,38.11824,37.12142,35.0,35.0571,36.05551,34.36568,33.24154,35.69314,35.17101,35.90265,35.17101,32.98485,34.78505,36.40055,36.05551,36.13862,38.60052,39.05125,30.59412,36.22154,38.0,36.01389,36.05551,31.06445,31.257,30.80584,31.04835,29.73214,26.57066,25.94224,25.23886,22.2036,23.32381,20.80865,18.43909,17.69181,19.72308,20.61553,18.43909,15.0,32.06244,34.0,34.71311,36.87818,40.02499,39.84972,40.8534,44.59821,48.8467,46.61545,47.85394,52.3259,52.39275,57.98276,60.03332,59.64059,60.46487,63.51378,61.85467,66.8431,66.6033,71.8401,68.68042,70.76722,69.29646,70.72482,72.13876,68.62215,68.593,69.31089,70.71068,68.593,68.593,70.03571,69.35416,71.06335,68.88396,65.29931,68.88396,69.40461,69.33974,70.17834,70.17834,71.86793,68.26419,69.35416,68.88396,72.44998,72.56032,74.30343,73.57309,77.82031,73.79024,72.94518,74.09453,69.35416,74.43118
10.44031,10.19804,9.48683,9.48683,9.48683,8.544,8.544,7.61577,7.61577,7.61577,7.61577,6.7082,7.2111,6.7082,5.83095,6.40312,6.40312,6.40312,5.65685,5.65685,5.65685,5.65685,5.65685,5.65685,5.65685,6.40312,6.40312,5.65685,5.65685,5.65685,5.65685,6.40312,5.83095,5.83095,5.83095,5.83095,5.38516,5.38516,5.09902,5.09902,5.09902,5.0,4.0,4.0,4.0,4.12311,4.12311,4.47214,3.60555,3.60555,3.60555,3.60555,65.25335,62.93648,64.19502,60.74537,57.56735,54.08327,51.86521,52.55473,47.75982,46.23851,42.54409,43.46263,42.94182,38.58756,36.71512,37.01351,37.20215,33.01515,33.6006,31.40064,36.06938,33.24154,33.42155,32.64966,33.01515,35.35534,32.01562,36.05551,34.4093,35.8469,32.44996,34.20526,31.40064,35.60899,33.42155,33.94113,33.94113,29.83287,34.20526,30.23243,30.0,30.52868,28.4605,30.36445,25.0,25.70992,24.5153,25.07987,23.19483,22.02272,22.2036,18.24829,18.38478,17.49286,19.41649,16.97056,15.81139,31.90611,34.82815,33.94113,37.53665,38.20995,41.10961,40.80441,41.04875,46.32494,45.27693,48.8774,51.0,54.58938,56.79789,58.69412,58.69412,64.62198,61.68468,66.40783,65.80274,65.80274,69.857,68.44706,69.42622,70.85901,70.21396,68.73136,72.69113,67.74216,72.69113,66.75328,70.45566,68.88396,67.74216,68.06614,69.42622,65.96969,65.96969,65.96969,68.15424,72.12489,69.26038,68.62215,71.7844,72.42237,72.23573,71.16881,72.8011,75.76939,73.05477,69.28925,75.39231,76.55064,71.51224,75.89466,75.58439,70.5195
9.84886,8.544,8.94427,8.544,7.61577,7.61577,7.61577,6.7082,6.7082,5.83095,6.40312,6.40312,5.65685,5.65685,5.65685,5.65685,5.0,5.0,5.0,5.0,5.0,5.83095,5.38516,5.38516,5.38516,5.38516,5.38516,5.83095,5.83095,5.0,5.0,5.0,5.0,5.65685,5.0,5.0,5.0,4.47214,4.47214,4.47214,4.12311,3.16228,3.16228,3.0,3.0,3.16228,3.16228,3.16228,3.60555,2.82843,2.82843,2.23607,63.78871,61.0,62.16912,58.0517,56.51548,55.31727,49.0306,49.0408,47.29693,46.32494,43.01163,44.38468,42.04759,37.57659,38.94868,37.73592,34.1321,36.05551,33.6006,32.64966,34.71311,29.69848,33.24154,33.30165,31.14482,30.4795,32.80244,30.23243,31.62278,32.01562,33.6006,31.62278,29.41088,33.01515,31.89044,32.55764,31.241,33.24154,31.89044,29.83287,31.90611,31.38471,27.45906,29.06888,28.23119,25.70992,24.73863,24.33105,20.0,19.0,19.10497,20.22375,18.97367,17.88854,17.20465,17.02939,17.02939,32.20248,36.35932,33.54102,38.62642,36.40055,40.71855,41.78516,43.9659,43.68066,44.38468,47.85394,54.74486,53.93515,57.55867,57.70615,57.14018,64.19502,61.0082,67.1193,67.00746,61.0,68.00735,68.11755,70.17834,71.34424,69.46222,70.5762,73.33485,68.88396,74.43118,68.26419,72.24957,69.26038,66.27217,68.02941,71.06335,67.00746,67.02984,69.02898,69.18092,72.1734,68.11755,75.32596,69.46222,71.84706,74.67262,75.42546,76.11833,72.18033,71.19691,71.70077,75.13322,76.48529,71.19691,73.82412,78.64477,72.36712
10.29563,9.84886,9.84886,8.94427,8.94427,8.544,8.544,8.544,8.544,7.28011,7.28011,7.28011,7.07107,7.07107,6.08276,7.07107,6.0,7.0,6.0,6.0,6.0,6.08276,7.07107,7.07107,6.08276,6.08276,7.07107,7.07107,6.08276,7.0,6.0,6.0,6.0,6.08276,6.08276,6.08276,5.09902,5.38516,5.38516,4.47214,4.47214,4.47214,3.60555,3.60555,3.60555,3.60555,3.60555,3.16228,3.16228,3.16228,2.0,2.0,64.07027,62.482,65.0,58.24946,56.85948,54.40588,51.86521,50.0,46.32494,47.88528,44.29447,42.48529,41.14608,40.71855,40.16217,41.10961,38.62642,35.44009,37.65634,33.37664,37.21559,34.1321,36.05551,34.05877,32.14032,34.0,33.06055,33.24154,32.06244,33.24154,35.01428,36.12478,34.0147,33.0,35.0571,33.13608,35.0571,34.1321,31.257,32.55764,32.75668,30.08322,29.96665,27.78489,30.41381,25.23886,26.62705,24.08319,22.62742,21.93171,21.26029,21.63331,20.59126,18.68154,17.26268,17.02939,16.27882,32.38827,33.73426,33.83785,37.69615,38.07887,38.07887,39.81206,38.94868,44.72136,47.16991,49.09175,49.20366,52.43091,53.25411,58.00862,56.85068,64.38167,60.1415,67.20863,65.76473,65.05382,67.35726,65.19202,70.60453,69.81404,73.00685,71.40028,71.61006,66.4003,71.02816,67.47592,72.20111,65.60488,66.70832,67.47592,70.0928,65.79514,67.89698,66.48308,68.593,70.83784,67.47592,71.58911,70.43437,73.75636,68.24222,73.81734,70.60453,75.21303,72.62231,74.65253,75.80237,74.4043,72.42237,73.00685,72.42237,74.20243
10.81665,10.81665,10.29563,9.43398,8.94427,8.94427,8.94427,8.544,7.61577,7.61577,7.28011,7.28011,7.28011,7.07107,7.07107,7.07107,7.07107,6.0,6.0,6.0,6.0,6.0,7.07107,7.07107,7.07107,7.07107,7.0,7.0,7.0,7.0,7.0,6.08276,7.07107,6.08276,6.08276,6.08276,5.38516,5.38516,5.38516,4.47214,4.47214,5.0,4.47214,4.24264,4.24264,3.60555,3.60555,3.16228,3.16228,3.16228,3.0,2.0,64.89992,66.37017,63.12686,57.42822,62.42596,53.82379,52.43091,52.00961,51.22499,46.75468,45.96738,43.93177,45.27693,40.45986,40.60788,41.88078,37.21559,38.27532,34.48188,37.58989,37.33631,37.16181,33.24154,30.67572,31.62278,31.62278,35.73514,38.07887,33.73426,33.52611,34.71311,38.32754,35.44009,34.20526,37.36308,34.53983,35.1141,33.10589,34.43835,35.8469,33.83785,28.42534,32.64966,31.14482,26.24881,29.73214,30.61046,22.82542,25.05993,20.61553,19.64688,21.37756,17.02939,19.0263,16.03122,16.76305,15.65248,32.24903,34.48188,34.82815,38.41875,37.48333,39.62323,42.44997,40.36087,42.0119,45.27693,48.41487,51.40039,53.60037,55.21775,58.24946,58.30952,62.17717,61.29437,62.64982,65.9242,65.30697,69.28925,70.00714,70.83784,69.28925,69.64194,69.57011,69.89278,69.57011,71.16881,69.26038,69.89278,69.57011,67.6757,66.85058,68.70953,67.54258,65.79514,68.02941,71.19691,69.31811,70.83078,72.20111,71.86793,69.33974,73.23933,71.56116,72.11103,76.844,77.66595,74.63243,76.40026,77.10383,74.63243,77.10383,76.02631,76.27582
10.44031,10.19804,9.21954,9.21954,8.24621,8.24621,8.06226,7.0,7.07107,7.07107,7.0,7.0,6.0,6.08276,6.08276,6.08276,5.38516,5.09902,5.38516,5.38516,5.38516,5.38516,5.38516,5.83095,5.38516,5.83095,5.83095,5.38516,5.38516,5.38516,5.38516,5.38516,5.09902,5.09902,5.09902,5.0,5.0,5.09902,5.09902,5.09902,4.12311,4.47214,4.47214,3.60555,3.60555,4.24264,3.60555,3.60555,3.60555,3.16228,3.0,3.0,66.12866,64.2573,63.56886,59.77458,61.03278,56.04463,53.16014,52.20153,48.76474,49.24429,46.87217,42.19005,42.04759,37.0,39.20459,38.0,36.0,38.20995,35.12834,34.9285,33.95585,34.71311,32.31099,31.32092,34.17601,35.44009,33.54102,35.8469,32.20248,34.0147,37.57659,33.54102,36.40055,32.20248,35.4683,34.9285,34.71311,32.55764,32.55764,33.24154,35.12834,30.01666,29.01724,28.16026,27.45906,29.41088,27.51363,24.59675,23.76973,21.63331,24.41311,18.60108,19.84943,18.60108,19.72308,16.76305,17.26268,34.1321,34.0147,37.01351,38.20995,38.47077,40.79216,38.07887,43.93177,47.12749,45.88028,50.0,54.08327,54.78138,58.18075,58.18075,60.00833,61.7171,63.95311,64.88451,68.09552,66.24198,69.97142,70.17834,69.40461,70.60453,70.45566,73.60027,72.8011,68.8186,69.40461,72.20111,70.80254,66.4003,67.20119,69.33974,68.26419,71.19691,68.96376,69.31811,70.71068,73.79024,69.35416,73.40981,71.51224,71.86793,76.55064,72.73239,76.24303,78.44743,73.05477,75.02666,75.27284,74.33034,73.68175,73.37575,76.89603,74.33034
10.63015,9.89949,9.89949,9.21954,9.21954,9.21954,8.60233,8.60233,8.06226,8.06226,7.2111,6.7082,6.7082,6.7082,6.32456,6.32456,7.28011,7.28011,6.08276,6.08276,6.08276,7.07107,7.07107,7.07107,7.07107,7.07107,7.07107,7.07107,7.07107,7.07107,7.07107,6.32456,7.28011,6.32456,6.32456,6.7082,5.83095,5.83095,5.0,5.0,5.0,4.24264,4.24264,4.24264,3.60555,3.60555,3.60555,3.16228,3.0,3.0,3.0,2.23607,65.11528,62.24147,62.96825,59.46427,54.45181,54.45181,51.08816,51.85557,46.01087,49.20366,46.2277,44.77723,42.54409,42.05948,42.05948,38.07887,39.81206,35.4683,34.78505,34.20526,37.85499,33.73426,36.22154,35.51056,32.01562,36.12478,34.1321,36.01389,34.1321,36.12478,38.01316,36.0,35.0571,35.12834,36.22154,36.49658,37.33631,35.69314,35.69314,32.57299,31.95309,34.9285,30.01666,30.80584,28.01785,26.62705,25.6125,26.1725,25.6125,22.80351,22.47221,22.47221,18.02776,20.0,19.0263,17.46425,16.27882,32.28002,32.64966,30.8707,37.58989,38.47077,40.60788,40.49691,42.2019,44.20407,47.01064,47.38143,53.8145,53.75872,57.31492,58.13777,58.25805,63.25346,62.20129,65.45991,71.28113,69.06519,69.89278,66.88797,68.88396,70.21396,70.71068,68.942,69.77822,65.74192,70.71068,66.21178,73.43024,69.77105,67.1193,68.96376,64.89992,67.1193,65.73431,66.4003,67.80118,71.61006,69.52697,70.29225,70.0928,71.44928,70.00714,70.00714,72.13876,71.44928,70.03571,71.44928,73.53911,77.10383,70.76722,73.59348,74.95332,74.95332
10.81665,10.0,10.0,8.60233,9.43398,8.06226,8.06226,8.06226,7.61577,7.61577,7.61577,6.32456,6.32456,6.32456,6.32456,6.08276,6.08276,6.08276,6.0,6.0,6.0,5.0,6.0,6.08276,6.08276,6.08276,6.0,6.0,6.0,6.0,6.0,6.08276,6.08276,6.08276,5.09902,6.32456,5.38516,5.38516,5.38516,5.0,5.0,5.0,4.24264,4.24264,3.60555,4.47214,4.12311,4.12311,4.12311,4.0,4.0,3.16228,66.57327,62.1289,62.1289,60.53924,55.75841,53.7122,54.20332,49.24429,49.64877,47.92703,44.01136,43.08132,40.80441,39.84972,39.56008,37.10795,36.87818,32.75668,34.05877,35.0,38.0,33.01515,33.06055,33.24154,34.1321,34.36568,34.05877,35.51056,33.54102,38.32754,34.71311,36.49658,33.54102,35.51056,34.71311,37.12142,34.36568,34.0147,35.01428,37.01351,35.22783,30.59412,29.83287,30.08322,29.06888,29.06888,25.05993,25.23886,24.08319,22.02272,21.93171,22.2036,20.59126,20.88061,18.43909,20.22375,18.0,32.38827,34.52535,35.17101,37.64306,38.60052,39.92493,43.08132,42.95346,44.28318,45.27693,51.0,52.15362,53.0,52.43091,58.00862,62.20129,63.24555,63.78087,65.19202,66.6033,67.89698,69.35416,68.593,70.72482,67.47592,72.13876,73.66139,69.35416,70.0928,72.24957,68.68042,70.83784,70.0928,70.03571,67.89698,66.52819,67.88225,68.76772,68.0147,68.24954,68.60029,67.80118,71.02816,71.8401,71.28113,71.34424,70.83078,74.43118,73.57309,73.78347,75.29276,74.43118,74.94665,75.17978,75.71658,77.17513,75.47185
10.44031,10.44031,9.48683,9.48683,8.544,8.544,8.544,7.61577,7.61577,7.61577,7.61577,7.2111,7.2111,6.40312,6.40312,6.40312,6.40312,6.40312,6.40312,6.40312,6.40312,6.40312,6.40312,6.40312,6.40312,6.40312,6.40312,6.40312,6.40312,7.07107,7.07107,7.07107,6.40312,6.40312,5.83095,5.83095,5.83095,5.38516,5.38516,5.38516,5.09902,5.09902,4.12311,4.0,4.0,4.0,4.12311,4.12311,3.16228,3.16228,2.82843,2.82843,65.30697,59.68249,60.20797,60.63827,58.94065,55.7853,52.39275,51.24451,45.88028,45.88028,47.12749,45.31004,43.86342,39.81206,38.91015,38.01316,38.07887,36.12478,32.01562,35.4683,35.35534,32.64966,30.61046,34.20526,31.14482,32.01562,33.6006,32.24903,34.4093,37.64306,35.22783,37.80212,32.44996,35.80503,35.4683,33.30165,35.38361,33.30165,33.24154,31.90611,33.28663,33.61547,30.46309,28.79236,25.0,25.70992,26.4764,24.04163,25.17936,23.02173,21.09502,19.10497,18.02776,19.31321,16.64332,16.27882,17.02939,33.42155,33.28663,34.48188,37.58989,36.24914,40.8534,42.72002,42.72002,44.92215,46.32494,49.64877,52.95281,52.63079,56.88585,59.68249,59.4138,63.63961,62.1289,65.19202,66.0303,66.0303,69.00725,68.00735,70.11419,68.593,71.25307,69.26038,70.25667,68.26419,68.06614,67.18631,68.35934,67.1193,69.06519,67.02984,66.0303,65.00769,68.06614,66.00758,69.18092,68.35934,68.593,69.72087,72.00694,71.84706,70.40597,71.19691,71.80529,68.88396,70.21396,72.78049,74.95332,76.68768,73.00685,72.36712,72.18033,74.33034
11.40175,10.63015,10.63015,9.21954,9.21954,8.48528,8.48528,8.48528,8.48528,7.81025,7.81025,7.2111,7.2111,6.7082,6.7082,6.7082,6.7082,6.7082,6.32456,6.32456,6.32456,6.32456,6.32456,6.08276,6.08276,6.32456,6.32456,6.32456,6.32456,6.32456,6.32456,6.32456,6.7082,5.83095,5.83095,5.83095,5.65685,5.65685,5.65685,5.65685,5.0,5.0,4.47214,4.47214,4.47214,4.12311,4.12311,4.0,4.0,3.0,3.0,3.16228,63.95311,61.7414,63.50591,58.59181,56.60389,55.47071,53.33854,53.0,46.04346,46.04346,42.72002,44.04543,41.72529,39.05125,38.28838,36.23534,36.06938,33.30165,32.80244,34.66987,34.98571,32.20248,31.76476,32.69557,30.08322,30.67572,32.28002,31.01612,32.57299,32.57299,33.24154,35.44009,33.24154,33.24154,33.61547,31.38471,31.30495,30.01666,30.88689,31.38471,29.20616,29.06888,26.1725,26.1725,24.83948,21.9545,24.41311,24.41311,24.69818,23.08679,19.92486,18.24829,20.0,18.24829,17.72005,18.35756,16.12452,32.80244,36.06938,35.38361,39.69887,38.60052,38.83298,39.96248,45.80393,44.94441,48.54894,51.42956,51.42956,51.47815,53.66563,60.41523,59.46427,65.19202,62.93648,63.24555,68.41053,67.72001,67.44627,70.0928,68.44706,68.593,71.38627,70.71068,70.03571,69.2315,68.65858,70.21396,68.44706,67.46851,70.83078,69.12308,70.21396,70.5195,66.76077,68.30813,69.89278,73.1642,69.857,68.54196,75.58439,71.58911,70.68239,76.47876,72.71864,73.92564,76.05919,72.44998,75.66373,72.94518,74.24284,76.05919,72.44998,73.92564
10.04988,10.04988,9.05539,9.05539,8.06226,8.0,8.0,7.0,7.0,6.0,6.0,6.08276,5.09902,5.09902,5.09902,5.38516,5.38516,5.38516,5.38516,4.47214,4.47214,4.47214,4.47214,5.0,5.0,5.83095,5.0,4.47214,5.38516,5.38516,4.47214,5.38516,5.38516,4.12311,4.12311,5.09902,4.0,4.0,4.0,4.12311,4.12311,4.12311,3.16228,3.60555,3.60555,2.82843,3.60555,2.82843,3.16228,3.16228,3.16228,3.0,65.14599,61.46544,61.68468,55.65968,53.60037,53.93515,49.72927,51.24451,45.60702,43.73786,43.73786,46.27094,41.4367,38.0526,37.05401,36.0,35.0,31.14482,32.24903,33.37664,34.36568,31.04835,28.79236,29.12044,31.32092,31.38471,28.63564,30.46309,30.46309,30.52868,31.90611,35.34119,27.20294,32.69557,29.73214,31.62278,31.04835,29.27456,33.37664,29.42788,29.06888,28.0,27.16616,24.33105,24.04163,22.80351,22.47221,22.36068,22.47221,20.24846,20.61553,20.61553,16.27882,19.72308,17.46425,18.02776,17.02939,36.49658,35.35534,35.01428,41.01219,39.01282,42.29657,40.60788,45.39824,47.07441,45.35416,52.63079,53.15073,53.16014,55.36244,61.13101,62.96825,65.0,60.53924,70.00714,68.942,68.02941,68.42514,68.09552,72.71864,71.69379,73.24616,71.56116,74.88658,70.49113,69.64194,69.11584,69.83552,69.83552,70.3278,69.64194,67.97794,67.97794,67.97794,71.11259,70.38466,72.61543,71.16881,77.83315,70.83784,74.94665,70.88018,72.42237,76.24303,72.8011,75.58439,75.28612,77.36924,77.49194,71.56815,76.53757,76.53757,71.30919
10.0,10.04988,9.05539,9.05539,8.06226,8.06226,7.07107,7.07107,7.07107,6.08276,6.08276,6.32456,6.32456,5.38516,5.38516,5.38516,5.83095,5.0,5.0,5.0,5.0,5.0,5.0,5.0,5.0,5.0,5.0,5.0,5.0,5.0,5.83095,5.0,5.38516,4.47214,4.12311,5.09902,4.12311,4.0,4.0,4.0,4.12311,4.12311,3.16228,3.16228,3.60555,3.60555,3.60555,2.82843,3.60555,3.16228,3.16228,3.0,68.26419,63.1981,60.07495,60.00833,58.00862,53.0,53.00943,49.0102,46.09772,46.27094,43.41659,43.93177,40.02499,37.36308,35.17101,36.40055,33.52611,32.57299,32.69557,30.08322,33.12099,29.06888,30.61046,29.41088,31.40064,29.20616,30.61046,31.241,31.82766,29.06888,31.241,32.64966,32.20248,29.69848,30.0,31.62278,31.38471,31.76476,25.94224,31.7805,32.69557,29.61419,29.61419,25.31798,26.01922,27.01851,24.33105,21.09502,22.2036,20.61553,21.54066,21.47091,20.80865,16.27882,17.20465,16.55295,14.76482,33.54102,37.16181,36.68787,37.65634,40.02499,42.57934,42.29657,46.87217,47.51842,47.16991,51.0392,55.00909,56.00893,56.32051,60.03332,61.13101,65.37584,63.50591,68.593,68.06614,68.44706,68.88396,72.03471,71.06335,71.8401,71.8401,72.42237,73.37575,70.21396,74.94665,69.64194,71.8401,68.68042,73.24616,71.38627,70.21396,71.19691,70.85901,67.89698,71.44928,72.56032,72.24957,73.24616,72.06247,70.17834,75.00667,77.00649,75.05998,75.02666,75.02666,73.06162,78.0,76.0,75.02666,77.02597,78.02564,74.02702
9.43398,9.43398,8.06226,8.06226,8.06226,8.06226,6.7082,6.7082,6.7082,6.32456,6.32456,6.32456,6.08276,5.09902,5.09902,5.0,5.0,5.0,5.0,5.0,5.09902,5.09902,5.09902,5.09902,5.09902,5.09902,5.09902,5.09902,5.09902,5.09902,5.0,5.0,5.0,5.09902,5.09902,5.09902,4.12311,4.47214,4.47214,3.60555,3.60555,3.60555,2.82843,2.82843,2.82843,2.23607,3.16228,3.16228,3.0,2.0,2.23607,2.23607,62.93648,58.0,60.82763,56.56854,58.0,53.75872,50.32892,51.85557,42.63801,44.20407,42.2019,39.66106,43.01163,37.21559,37.16181,34.9285,34.9285,34.53983,31.62278,31.32092,32.98485,31.40064,30.41381,30.59412,29.27456,34.1321,29.15476,33.01515,33.01515,31.0,34.0,34.0147,32.01562,33.24154,31.06445,31.57531,32.75668,31.04835,30.08322,25.63201,28.4605,26.92582,27.29469,25.55386,24.08319,21.40093,24.04163,23.60085,21.09502,18.38478,18.97367,19.92486,17.46425,17.46425,16.0,14.56022,17.49286,24.5153,30.80584,37.33631,38.27532,37.57659,40.71855,38.27532,43.82921,46.87217,44.65423,48.25971,50.80354,52.20153,57.2014,60.20797,57.28001,65.76473,59.5483,65.06919,65.94695,69.6563,67.62396,68.8186,69.81404,71.56116,73.00685,68.7968,75.45197,67.42403,72.94518,64.63745,71.56116,69.11584,70.45566,68.7968,69.06519,66.4003,65.29931,68.11755,70.93659,73.5527,65.76473,74.96666,70.71068,70.71068,74.41102,76.48529,73.59348,78.56844,71.58911,71.50524,75.28612,76.6942,71.70077,72.24957,74.24958,70.71068
9.84886,9.84886,8.544,8.544,8.544,8.24621,7.28011,7.28011,7.07107,6.08276,6.08276,6.08276,6.0,6.0,5.0,5.0,5.09902,5.09902,5.09902,5.09902,5.09902,5.09902,5.38516,5.38516,5.38516,5.38516,5.38516,5.38516,5.09902,5.09902,5.09902,5.09902,5.0,5.0,5.0,5.0,5.09902,4.12311,4.47214,4.47214,4.47214,3.60555,3.60555,3.60555,3.60555,3.60555,3.60555,3.16228,3.16228,3.16228,3.0,3.0,65.76473,62.6099,61.26989,59.09315,55.9017,55.4617,50.69517,49.98,44.94441,45.88028,45.88028,43.17407,38.83298,38.07887,36.49658,36.49658,33.24154,34.1321,34.1321,35.0571,33.06055,32.14032,28.28427,29.27456,30.41381,32.38827,31.7805,29.83287,30.41381,31.32092,31.7805,33.73426,29.61419,34.23449,34.36568,29.15476,31.06445,33.01515,29.01724,31.257,29.27456,28.86174,27.51363,25.07987,24.59675,24.69818,23.60085,22.02272,19.84943,21.2132,21.26029,19.41649,20.0,18.43909,17.72005,17.0,18.24829,32.55764,33.06055,37.01351,37.12142,40.11234,39.01282,42.04759,42.29657,44.40721,50.01,52.20153,51.41984,56.61272,58.18935,57.58472,61.09828,65.39113,66.64083,68.02941,64.84597,68.88396,70.23532,69.46222,69.89278,72.67049,72.67049,69.06519,71.84706,72.42237,72.42237,69.06519,69.89278,70.45566,67.95587,71.56116,67.74216,71.69379,68.60029,68.0,69.35416,69.77822,69.77822,70.68239,74.24958,71.69379,70.2282,71.69379,73.38937,73.38937,77.07788,72.49828,75.76939,74.67262,75.23962,78.92401,77.07788,73.53911
11.31371,9.89949,9.89949,9.89949,9.21954,8.48528,8.60233,8.60233,8.60233,7.2111,7.2111,6.7082,6.7082,6.7082,6.7082,6.32456,6.32456,6.32456,5.09902,6.08276,6.08276,6.08276,6.08276,6.0,6.0,6.08276,6.0,6.08276,6.08276,6.08276,6.08276,6.08276,6.32456,5.38516,5.38516,5.83095,5.83095,5.0,5.0,5.0,5.0,5.0,5.0,4.47214,4.47214,4.12311,4.12311,4.12311,4.0,4.0,4.12311,3.16228,64.3506,59.4138,60.1415,58.79626,57.31492,52.40229,52.40229,47.63402,45.80393,45.22168,41.88078,41.34005,41.88078,39.44617,34.0,39.56008,37.69615,34.78505,33.52611,29.83287,31.257,30.80584,32.14032,29.42788,32.06244,33.01515,33.06055,32.01562,32.06244,33.0,30.0,33.01515,31.06445,32.01562,33.0,30.14963,31.57531,30.41381,32.75668,31.04835,31.01612,30.08322,28.17801,25.05993,26.24881,25.6125,24.75884,24.08319,21.40093,20.80865,23.32381,20.59126,18.68154,18.02776,20.22375,18.02776,17.11724,33.52611,37.0,35.8469,38.47077,39.44617,40.31129,41.04875,43.26662,46.8615,46.40043,50.32892,51.66237,55.31727,60.82763,60.81118,61.55485,62.24147,63.41136,65.43699,66.61081,67.80118,68.7968,68.24222,70.72482,72.20111,71.28113,72.71864,69.64194,69.46222,69.11584,69.64194,72.71864,69.64194,68.7968,67.95587,71.02816,69.81404,69.2026,67.35726,71.70077,72.91776,70.00714,72.86288,74.24958,70.00714,75.00667,72.86288,72.91776,77.15569,75.16648,78.56844,73.59348,76.38063,72.34639,74.51845,75.9276,73.59348
10.19804,10.19804,10.19804,9.21954,8.24621,8.24621,8.544,7.61577,7.61577,7.61577,6.7082,6.7082,6.7082,6.7082,5.83095,5.83095,5.83095,5.83095,5.65685,5.65685,5.0,5.65685,5.65685,5.65685,5.65685,5.65685,5.65685,5.65685,5.65685,5.65685,6.40312,6.40312,5.83095,5.83095,5.38516,5.38516,5.38516,5.09902,5.09902,5.09902,5.0,5.0,5.0,5.09902,4.12311,4.12311,4.12311,4.47214,3.60555,3.60555,4.24264,3.60555,67.1193,62.1289,61.29437,59.13544,54.33231,57.07889,52.7731,53.15073,45.35416,45.89118,45.70558,42.95346,40.02499,37.94733,36.05551,38.48376,37.57659,34.53983,35.51056,31.90611,33.61547,32.80244,32.64966,36.12478,33.24154,33.94113,31.89044,32.55764,31.14482,31.82766,33.24154,33.97058,33.24154,35.4683,32.64966,33.6006,33.6006,35.8469,34.48188,31.06445,31.90611,30.67572,27.85678,32.75668,30.14963,24.18677,26.0,25.07987,24.18677,22.56103,21.18962,20.88061,22.47221,18.43909,21.40093,19.10497,15.0,31.89044,36.23534,38.27532,39.82462,38.48376,39.39543,39.0,46.61545,46.48656,47.75982,50.96077,51.92302,54.12024,58.0517,61.81424,58.54912,63.50591,64.38167,63.1981,66.0303,67.00746,69.02898,67.0,68.18358,69.35416,72.06247,72.33948,71.44928,70.34913,71.34424,66.48308,71.25307,67.60178,70.25667,67.1193,72.06247,68.00735,68.00735,70.00714,73.02739,71.00704,68.06614,72.1734,69.18092,72.24957,74.54529,72.56032,71.84706,76.65507,74.96666,71.56815,77.78175,76.94154,67.89698,75.66373,75.53807,70.45566
11.40175,10.44031,10.44031,9.48683,9.48683,9.84886,8.94427,8.06226,8.06226,8.06226,8.06226,7.2111,7.81025,7.07107,7.07107,7.07107,6.40312,6.40312,6.40312,6.40312,6.40312,7.2111,7.2111,6.7082,6.7082,6.7082,7.2111,7.2111,7.2111,7.2111,6.40312,6.40312,6.40312,6.40312,6.40312,6.40312,6.40312,5.0,5.83095,5.83095,4.47214,4.47214,4.12311,4.12311,4.12311,4.0,4.0,3.16228,3.16228,3.16228,2.23607,2.23607,66.4906,65.73431,62.36986,58.69412,55.08176,53.60037,50.96077,51.5461,45.22168,46.61545,43.46263,42.95346,40.24922,42.54409,38.27532,38.27532,40.22437,34.4093,36.87818,35.38361,32.52691,33.24154,34.82815,31.89044,30.23243,35.22783,32.44996,34.98571,34.66987,33.12099,33.28663,35.51056,32.44996,36.89173,32.75668,35.4683,36.40055,33.24154,36.06938,33.94113,33.30165,30.80584,31.38471,29.52965,29.52965,26.0,27.313,27.20294,24.04163,20.22375,22.09072,21.0238,20.39608,16.76305,19.31321,20.24846,17.80449,33.6006,33.12099,34.0,38.07887,37.33631,40.26164,37.10795,41.48494,43.41659,44.72136,49.49747,51.62364,51.24451,55.22681,54.23099,57.31492,63.1981,61.07373,65.03076,65.00769,67.18631,70.11419,68.11755,70.5762,68.593,71.70077,67.89698,72.83543,69.58448,70.03571,65.49046,69.35416,70.17834,69.35416,69.18092,65.00769,68.06614,69.00725,67.00746,67.06713,67.18631,67.36468,69.58448,69.87131,71.70077,69.2315,68.73136,73.5459,73.34848,74.33034,76.29548,73.24616,74.52516,72.78049,74.52516,73.5459,74.52516
11.18034,10.19804,10.19804,10.19804,9.21954,9.21954,8.544,8.544,7.61577,7.61577,7.61577,7.61577,6.7082,6.7082,6.7082,6.40312,6.40312,6.40312,6.40312,6.40312,5.65685,5.65685,6.40312,5.65685,6.40312,5.65685,6.40312,6.40312,5.65685,6.40312,6.40312,6.40312,6.40312,5.83095,5.83095,5.83095,5.38516,5.38516,5.09902,5.09902,5.09902,5.09902,5.0,5.0,4.0,4.12311,4.12311,4.12311,4.47214,3.60555,4.24264,3.60555,65.96969,66.4906,65.51336,59.66574,58.82176,56.61272,53.85165,53.16014,50.69517,49.24429,50.15974,45.31004,43.82921,41.18252,39.81206,38.60052,38.27532,38.60052,36.23534,35.60899,36.06938,32.55764,36.87818,35.80503,32.55764,35.0,31.40064,35.51056,37.20215,36.05551,33.83785,35.4683,35.0,35.0,36.61967,38.28838,31.89044,33.97058,36.06938,34.65545,32.20248,29.68164,30.88689,27.313,28.63564,26.0,27.89265,25.70992,26.07681,22.09072,21.0238,19.0,22.2036,20.88061,18.35756,17.49286,16.27882,28.3196,33.42155,36.40055,38.07887,38.07887,38.07887,41.62932,42.04759,43.46263,45.88028,50.44799,51.92302,55.7853,57.48913,59.66574,58.0517,64.77654,63.3877,64.49806,67.18631,67.36468,71.17584,69.06519,72.0,72.02777,71.0,73.10951,71.00704,70.02857,73.02739,66.18912,70.0,66.0,69.02898,67.02984,67.1193,66.18912,66.1211,70.45566,71.56815,71.56815,70.85901,71.84706,70.61161,70.61161,75.18643,71.38627,73.08215,73.76313,74.95332,74.95332,74.33034,79.69944,72.8011,78.33901,74.33034,75.9276
11.6619,11.18034,10.81665,10.81665,10.0,9.43398,8.60233,8.60233,8.60233,8.48528,7.81025,7.81025,7.81025,7.81025,7.81025,7.81025,7.2111,7.2111,7.2111,7.2111,7.2111,6.7082,6.7082,6.7082,6.7082,6.7082,6.7082,6.7082,7.2111,7.2111,7.2111,7.2111,7.2111,6.40312,7.07107,7.07107,6.40312,6.40312,5.83095,5.83095,5.38516,5.38516,5.38516,5.09902,4.12311,4.12311,4.12311,4.0,4.0,3.16228,3.16228,3.16228,65.79514,67.08204,62.6099,61.7414,60.53924,56.36488,57.3062,51.62364,51.10773,49.92995,43.82921,45.48626,44.68781,42.80187,42.44997,41.7732,36.76955,35.4683,34.71311,35.80503,38.01316,36.05551,33.12099,35.35534,32.69557,34.53983,36.76955,35.1141,34.53983,36.76955,34.0147,36.76955,36.76955,32.20248,38.07887,33.12099,37.21559,34.1321,33.83785,33.42155,35.38361,32.55764,30.4795,30.41381,29.83287,26.40076,26.92582,26.0,22.84732,23.08679,22.56103,21.37756,20.09975,20.61553,16.49242,13.60147,16.55295,29.0,31.14482,38.18377,36.23534,40.45986,38.41875,39.11521,41.04875,43.04649,45.79301,50.08992,53.66563,54.56189,55.03635,55.54278,61.35145,62.29767,64.56005,60.72891,68.68042,68.68042,67.68309,68.44706,69.2315,67.89698,68.73136,68.35934,69.58448,68.73136,65.49046,69.58448,66.27217,66.75328,67.46851,67.91171,66.28725,68.41053,67.18631,68.96376,65.45991,68.30813,72.44998,66.85058,73.92564,67.62396,75.15318,74.32362,72.49828,74.24958,74.32362,75.58439,75.58439,73.82412,72.01389,75.17978,74.68601,74.24284
11.7047,10.77033,10.44031,10.44031,10.44031,9.48683,9.21954,9.21954,8.24621,8.24621,8.24621,8.06226,8.06226,7.07107,7.0,7.0,7.0,7.0,7.07107,7.07107,7.07107,7.07107,7.07107,7.07107,7.07107,6.08276,7.07107,7.07107,7.07107,7.07107,7.0,7.0,7.0,6.0,6.08276,6.08276,6.08276,6.08276,6.32456,5.38516,5.38516,4.47214,5.0,5.0,5.0,4.24264,4.24264,4.24264,4.47214,4.12311,3.16228,3.16228,65.73431,67.44627,64.53681,63.34824,61.39218,57.27128,56.88585,54.91812,52.46904,49.64877,46.27094,46.09772,46.0,45.04442,40.0125,43.0,39.11521,35.35534,38.32754,36.49658,36.40055,34.78505,35.73514,36.76955,35.17101,34.9285,35.8469,36.76955,32.69557,34.0147,35.34119,34.88553,34.43835,36.67424,34.9285,37.0,33.83785,33.83785,32.98485,32.24903,33.06055,32.06244,29.0,28.01785,26.30589,26.30589,25.70992,26.24881,24.16609,23.76973,21.9545,18.60108,23.34524,19.10497,17.0,17.08801,16.12452,34.20526,32.75668,34.23449,37.12142,38.0,41.19466,43.10452,43.10452,43.18565,48.6621,50.80354,51.41984,54.91812,54.57105,55.54278,60.44005,60.72891,63.56886,66.12866,68.70953,68.42514,67.62396,68.44706,71.11962,70.83078,69.77105,70.3278,69.35416,71.58911,70.66116,68.42514,66.18912,70.71068,68.8767,70.68239,68.942,68.54196,70.38466,70.00714,69.89278,70.2282,74.63243,70.88018,72.8011,71.06335,71.06335,69.857,73.97973,74.73286,76.90254,77.46612,75.31268,76.48529,78.8543,77.66595,73.75636,72.78049
11.7047,10.77033,11.18034,10.77033,9.84886,9.84886,8.94427,8.94427,8.94427,8.06226,8.06226,8.60233,8.60233,7.81025,7.81025,7.81025,7.07107,7.07107,7.07107,7.07107,7.07107,7.07107,7.07107,6.40312,6.40312,7.07107,7.07107,7.07107,7.07107,7.07107,7.07107,6.40312,6.40312,6.40312,7.2111,5.83095,5.83095,5.83095,5.38516,5.38516,5.09902,5.09902,5.09902,4.0,4.0,4.0,4.0,3.16228,3.16228,3.16228,3.60555,2.82843,67.72001,65.25335,60.08328,59.77458,59.13544,53.60037,57.58472,52.81098,53.14132,48.8467,50.32892,45.54119,42.54409,43.38202,40.81666,42.2019,39.40812,38.83298,35.60899,36.40055,39.69887,38.94868,35.38361,34.71311,32.55764,32.55764,33.30165,35.80503,34.71311,33.01515,35.4683,36.76955,34.65545,33.94113,37.64306,34.05877,34.65545,34.20526,34.4093,32.24903,34.88553,29.15476,28.4605,28.63564,28.16026,26.92582,24.08319,21.0238,25.01999,24.0,18.43909,17.46425,17.46425,19.23538,16.64332,15.6205,14.21267,30.52868,31.40064,33.30165,34.71311,37.48333,38.94868,40.80441,40.80441,45.48626,46.32494,46.32494,49.09175,51.62364,53.85165,55.47071,59.61543,60.16644,65.78754,61.68468,63.06346,65.96969,67.46851,68.44706,69.42622,69.42622,71.58911,67.26812,66.91039,68.88396,68.88396,72.18033,70.85901,68.46897,70.71068,68.73136,66.61081,68.24954,69.12308,69.12308,69.92138,69.26038,72.73239,71.56815,74.67262,69.92138,72.8011,71.7844,75.27284,74.67262,76.2168,76.32169,77.62087,73.08215,77.49194,74.33034,72.44998,78.44743
11.04536,11.04536,11.04536,10.04988,10.04988,9.05539,9.21954,8.24621,8.24621,8.24621,8.24621,7.28011,7.28011,7.28011,6.32456,6.7082,6.7082,6.7082,6.7082,6.7082,5.83095,6.7082,6.7082,6.40312,5.83095,6.40312,5.83095,6.7082,6.7082,6.7082,6.32456,6.32456,6.32456,6.32456,6.32456,6.08276,6.08276,6.0,5.0,5.0,5.0,5.09902,5.09902,4.12311,4.47214,4.47214,4.47214,3.60555,4.24264,3.60555,3.60555,3.16228,72.1734,68.35934,63.28507,61.20457,57.31492,56.22277,59.68249,55.31727,50.35871,50.21952,50.01,45.35416,43.68066,44.64303,42.15448,41.4367,37.33631,35.73514,39.39543,34.48188,34.66987,35.8469,35.51056,33.28663,32.75668,34.82815,33.28663,36.23534,37.01351,35.0,33.97058,33.83785,36.05551,37.44329,36.40055,34.4093,31.7805,34.88553,32.64966,31.95309,29.41088,30.59412,28.44293,26.1725,27.07397,28.01785,23.19483,22.56103,24.33105,23.76973,21.09502,19.20937,18.60108,18.38478,18.43909,15.26434,16.76305,31.1127,32.55764,34.71311,37.80212,37.44329,39.96248,39.35734,43.38202,45.17743,44.38468,48.10405,52.0,54.78138,55.97321,57.56735,57.28001,65.80274,64.32729,65.11528,62.64982,67.18631,67.47592,66.18912,70.06426,72.00694,72.00694,69.0,72.00694,71.00704,69.0,68.02941,68.0,69.00725,68.00735,71.02816,68.18358,68.02941,68.18358,68.35934,69.46222,72.44308,68.06614,72.69113,71.70077,71.70077,76.40026,75.9276,76.29548,76.48529,79.42921,75.31268,75.31268,75.95393,74.33034,79.07591,79.42921,77.64664
10.63015,9.89949,10.63015,9.21954,9.21954,8.60233,8.60233,7.81025,7.81025,7.2111,7.2111,6.7082,6.7082,6.7082,6.7082,6.7082,6.32456,6.32456,6.32456,5.38516,6.32456,6.32456,6.08276,6.08276,5.09902,6.08276,6.08276,6.08276,5.38516,6.32456,5.38516,5.38516,5.38516,5.38516,5.83095,5.83095,5.0,5.0,5.0,4.24264,5.0,5.0,4.47214,4.47214,4.12311,4.12311,4.12311,4.0,4.0,3.0,3.16228,3.16228,67.26812,67.47592,61.7171,62.482,62.62587,56.0803,59.81639,52.63079,51.0392,47.63402,48.54894,43.26662,42.94182,44.41846,43.86342,42.95346,40.71855,36.76955,35.8469,39.56008,38.07887,36.68787,31.7805,33.54102,34.23449,37.65634,36.01389,35.0571,32.24903,35.12834,34.0147,35.0571,37.21559,30.41381,35.22783,32.98485,33.95585,32.98485,33.95585,32.89377,30.41381,30.41381,30.01666,26.62705,24.75884,27.80288,26.87006,24.20744,23.32381,21.9545,21.54066,17.88854,19.92486,20.22375,18.02776,18.24829,18.43909,32.98485,32.89377,35.4683,34.88553,40.31129,37.12142,41.34005,43.909,43.82921,47.20169,48.41487,52.00961,52.80152,55.44367,55.9017,62.93648,60.87693,65.11528,62.28965,65.94695,67.47592,68.88396,69.81404,71.06335,69.63476,70.80254,69.06519,69.63476,73.00685,71.02816,71.40028,67.42403,71.02816,67.20119,72.8011,67.62396,69.6563,68.68042,68.62215,71.42129,70.72482,73.66139,72.83543,73.5527,68.0147,72.62231,74.65253,76.6942,76.05919,80.91971,77.98718,77.62087,76.48529,77.33693,78.40918,75.28612,77.98718
11.0,10.0,10.04988,9.0,9.0,9.05539,8.06226,8.06226,8.06226,7.07107,7.07107,7.28011,6.32456,6.32456,6.32456,6.32456,6.32456,6.7082,5.83095,5.83095,5.83095,5.83095,5.83095,5.83095,5.83095,5.83095,5.83095,5.83095,5.83095,5.83095,5.38516,5.38516,5.38516,5.38516,5.09902,6.08276,5.0,5.0,5.0,4.0,4.12311,4.12311,4.12311,4.47214,3.60555,3.60555,4.24264,3.60555,3.60555,3.16228,3.16228,3.16228,66.0,64.00781,63.03174,61.03278,56.0357,61.0082,57.07889,56.14268,47.09565,51.47815,50.63596,46.69047,47.07441,40.79216,41.97618,43.41659,38.83298,36.13862,36.76955,36.24914,35.77709,36.24914,34.0,30.52868,32.24903,35.22783,36.35932,33.83785,33.83785,36.35932,37.44329,35.51056,32.75668,33.83785,34.0,33.61547,33.54102,32.69557,31.38471,30.41381,30.80584,29.27456,30.26549,26.1725,27.01851,27.16616,24.33105,24.18677,26.92582,23.08679,21.0238,20.24846,20.80865,19.10497,17.80449,18.35756,16.49242,32.75668,33.54102,32.89377,37.69615,37.36308,38.62642,41.10961,43.32436,42.95346,43.73786,47.26521,50.63596,52.34501,57.14018,56.14268,56.00893,63.07139,64.07027,63.03174,67.06713,62.1289,69.35416,67.60178,70.03571,68.44706,72.56721,65.73431,72.56721,70.0928,72.03471,66.70832,70.21396,68.73136,67.60178,68.593,67.89698,68.73136,70.5762,65.37584,67.47592,72.02777,70.0,70.00714,75.0,73.02739,69.18092,73.06162,75.23962,78.16009,75.16648,79.15807,75.05998,77.05842,75.02666,77.00649,77.0,75.00667
9.43398,8.94427,8.94427,8.94427,8.94427,7.61577,7.61577,7.61577,7.28011,7.28011,6.32456,6.32456,6.08276,6.08276,6.08276,6.08276,6.0,6.0,6.0,6.0,6.08276,6.08276,6.08276,6.08276,6.08276,6.08276,6.08276,6.08276,6.08276,6.08276,6.0,6.0,5.0,5.09902,5.09902,5.09902,5.09902,4.47214,4.47214,4.47214,3.60555,3.60555,3.60555,2.82843,3.60555,3.60555,3.16228,3.16228,3.0,3.0,2.0,2.23607,67.95587,64.3506,61.29437,63.24555,59.90826,56.60389,53.85165,56.60389,50.60632,49.64877,46.51881,46.09772,44.77723,42.72002,44.27189,42.05948,40.80441,37.85499,37.48333,36.67424,37.21559,36.05551,36.0,32.0,35.0,37.12142,35.01428,35.12834,35.12834,38.0526,38.11824,37.05401,38.0526,35.01428,34.0147,36.05551,34.0,35.51056,35.22783,34.23449,33.52611,31.62278,32.69557,30.46309,29.06888,28.84441,28.01785,29.06888,22.80351,20.51828,22.80351,24.18677,19.92486,18.97367,20.61553,16.03122,17.46425,29.42788,33.37664,35.73514,37.0,38.27532,39.0,39.39543,44.28318,43.82921,45.17743,48.8774,50.60632,54.3783,54.08327,55.0,58.82176,62.62587,61.7171,66.6033,63.65532,65.76473,67.89698,67.89698,67.94115,70.17834,70.0928,71.06335,67.94115,69.42622,70.0928,68.88396,68.0147,68.68042,67.17887,67.89698,70.03571,68.62215,68.11755,67.47592,69.42622,71.06335,69.2026,71.84706,76.55064,73.81734,77.69813,75.71658,74.09453,76.00658,76.02631,73.78347,78.49204,77.38863,76.02631,74.88658,75.71658,77.10383
10.0,10.0,10.0,10.0,9.0,8.06226,8.06226,8.06226,8.06226,7.28011,7.28011,7.28011,7.28011,6.32456,6.32456,6.7082,6.7082,6.7082,6.7082,5.83095,5.83095,6.40312,6.40312,6.40312,6.40312,6.40312,6.40312,6.40312,6.40312,6.40312,5.83095,6.7082,6.7082,6.32456,5.38516,5.38516,5.09902,5.09902,5.09902,5.0,4.0,4.0,4.0,4.12311,3.16228,3.16228,3.16228,3.60555,2.82843,2.82843,2.23607,2.23607,69.857,66.70832,64.32729,60.82763,61.61169,57.27128,53.75872,53.75872,51.35173,48.50773,49.16299,43.0,45.01111,44.04543,42.0119,39.11521,38.01316,39.31921,37.65634,37.21559,34.9285,38.83298,34.53983,33.52611,35.4683,34.9285,36.24914,34.0,34.53983,33.10589,35.1141,36.24914,32.89377,35.34119,34.9285,35.17101,35.44009,36.68787,34.20526,35.12834,30.06659,33.06055,34.05877,29.01724,30.59412,28.63564,25.4951,26.40076,24.59675,23.25941,21.9545,18.60108,23.34524,18.60108,18.02776,17.0,13.92839,33.37664,31.40064,34.36568,35.0571,38.0,39.20459,37.05401,41.19466,45.27693,48.37355,48.83646,51.78803,53.60037,55.57877,54.12947,57.28001,59.13544,65.45991,63.89053,65.9242,62.96825,68.942,68.54196,68.0,67.97794,69.31811,70.23532,68.88396,67.60178,67.53518,66.18912,69.77822,70.23532,67.1193,69.31811,67.23095,67.23095,67.41662,67.35726,71.16881,69.57011,70.88018,70.0928,76.65507,71.06335,73.24616,75.43209,72.36712,77.27872,76.29548,77.66595,73.75636,75.50497,74.52516,79.30952,75.70997,76.11833
11.04536,11.18034,10.19804,10.04988,10.19804,9.21954,9.21954,8.24621,8.24621,8.24621,8.24621,7.61577,7.61577,7.61577,6.7082,6.7082,7.2111,5.83095,7.2111,6.40312,6.40312,6.40312,6.40312,6.40312,6.40312,6.40312,6.40312,6.40312,6.40312,6.40312,6.7082,6.7082,6.7082,6.7082,6.7082,6.32456,6.32456,5.09902,5.09902,6.08276,5.0,5.0,5.0,5.09902,5.09902,5.09902,4.47214,4.47214,4.47214,3.60555,4.24264,3.60555,69.35416,68.73136,66.61081,58.0517,63.15061,58.69412,53.36666,55.9017,52.17279,50.28916,48.70318,43.65776,44.38468,41.78516,40.8534,38.62642,41.14608,37.58989,38.58756,33.01515,37.53665,35.0,35.4683,36.06938,34.71311,31.241,34.05877,36.12478,36.12478,34.71311,34.65545,37.20215,34.20526,36.87818,33.30165,36.12478,35.38361,37.48333,35.60899,31.89044,32.20248,32.44996,29.15476,32.31099,29.96665,31.01612,27.85678,25.17936,26.07681,26.0,22.09072,21.0238,21.54066,22.13594,21.47091,19.20937,17.20465,34.17601,33.61547,36.13862,38.07887,37.10795,40.31129,40.60788,42.42641,45.39824,46.04346,49.0408,51.0392,54.00926,55.22681,58.21512,57.42822,58.03447,60.53098,62.514,65.37584,62.80127,67.60178,67.08204,67.46851,68.65858,68.65858,68.15424,67.68309,69.857,66.94027,66.28725,63.95311,70.40597,63.63961,66.91039,69.35416,64.19502,67.26812,66.1211,66.27217,68.00735,70.00714,70.0,70.11419,70.25667,70.34913,72.56032,74.1485,77.78175,76.79193,74.67262,75.66373,72.44308,75.95393,76.53104,74.8131,73.97973
10.81665,10.81665,9.43398,9.43398,9.43398,8.94427,8.06226,7.61577,7.61577,7.61577,7.61577,7.28011,7.28011,6.08276,6.08276,6.08276,6.08276,6.0,6.0,6.0,5.0,6.0,6.0,6.08276,6.0,6.08276,6.08276,6.0,6.08276,6.0,6.0,6.0,6.08276,6.08276,6.08276,5.09902,5.09902,5.38516,5.38516,5.38516,4.47214,4.47214,4.47214,4.24264,4.24264,4.24264,4.47214,4.47214,3.60555,4.12311,4.12311,4.0,63.78087,62.93648,62.96825,60.1415,62.28965,55.97321,53.90733,53.2635,45.22168,48.01042,47.43416,44.10215,43.56604,41.18252,39.39543,38.27532,38.91015,37.57659,34.78505,37.36308,33.73426,35.90265,34.52535,37.21559,33.24154,33.37664,35.0,33.0,34.05877,33.0,35.0,34.1321,34.0147,33.13608,35.12834,32.24903,35.0571,35.51056,33.95585,34.52535,33.52611,29.15476,31.01612,29.54657,29.54657,25.6125,26.40076,28.28427,24.04163,23.34524,25.0,22.47221,23.85372,23.25941,22.13594,20.0,19.0263,31.76476,33.61547,35.80503,36.05551,40.22437,38.41875,41.03657,44.59821,41.72529,47.38143,48.79549,50.20956,54.48853,56.0803,56.85068,59.64059,61.22091,60.80296,65.45991,64.14047,64.14047,67.1193,67.1193,67.08204,68.02941,68.42514,66.64083,68.88396,70.23532,69.77105,67.08204,66.64833,65.76473,68.09552,67.1193,66.37017,66.85058,67.20119,67.00746,67.62396,71.06335,69.31089,71.50524,70.72482,71.42129,71.44928,72.13876,72.13876,74.95332,75.66373,72.86288,73.66139,77.7946,73.66139,72.24957,74.96666,71.44928
11.6619,10.81665,10.29563,10.29563,10.29563,8.94427,9.84886,8.94427,8.544,8.544,8.544,8.24621,7.28011,7.28011,7.07107,8.06226,7.07107,7.0,7.0,7.0,7.0,7.07107,7.0,7.07107,7.0,7.0,7.07107,7.0,7.0,7.0,7.0,7.0,7.0,7.07107,7.07107,6.08276,6.32456,5.38516,5.38516,5.38516,5.38516,5.38516,5.0,5.0,5.0,4.24264,4.24264,3.60555,3.60555,3.16228,3.16228,3.0,68.50547,68.7968,64.3506,62.26556,60.53924,54.58938,59.94164,49.92995,50.53712,47.92703,50.9902,47.75982,45.31004,42.72002,41.23106,41.23106,36.87818,36.87818,34.52535,38.01316,36.12478,34.23449,33.0,35.0571,34.05877,34.0,33.01515,35.12834,34.1321,33.13608,38.63936,34.05877,36.12478,34.0147,38.01316,32.0,34.0147,34.1321,35.51056,32.24903,32.24903,33.73426,32.28002,29.73214,28.23119,27.51363,27.78489,27.45906,24.04163,22.67157,22.67157,24.20744,23.70654,21.0238,19.41649,18.97367,20.09975,32.24903,30.59412,37.10795,34.48188,39.21734,37.57659,40.31129,41.14608,45.27693,45.27693,47.50789,47.70744,53.53504,55.0,57.68882,58.25805,58.79626,62.80127,58.0517,65.76473,65.79514,67.88225,70.00714,67.26812,68.76772,67.17887,69.42622,68.0147,70.43437,64.53681,67.20863,64.44377,67.26812,67.88225,69.35416,67.94115,68.68042,65.29931,67.35726,69.02898,69.02898,72.62231,71.21798,74.33034,68.50547,69.46222,76.00658,75.29276,75.80237,74.62573,74.33034,78.89233,76.00658,75.80237,77.17513,76.55064,80.77747
11.6619,10.29563,11.18034,10.29563,10.29563,9.84886,9.84886,8.544,8.544,8.544,8.544,8.24621,8.24621,7.28011,7.07107,7.07107,7.07107,7.07107,7.0,7.0,6.0,7.0,7.0,7.0,7.0,7.0,7.0,7.0,7.0,7.0,7.0,7.07107,7.07107,7.07107,6.08276,6.32456,6.32456,6.32456,5.83095,5.83095,5.83095,5.0,5.0,5.0,5.65685,5.0,5.0,5.0,4.47214,4.47214,4.12311,4.0,65.76473,67.54258,65.79514,59.9333,59.03389,58.18075,56.30275,56.0803,50.15974,48.10405,48.38388,48.05206,45.70558,43.68066,42.72002,39.81206,40.02499,39.31921,36.05551,39.20459,39.05125,35.0571,34.1321,35.12834,34.71311,35.22783,37.12142,34.23449,34.23449,33.54102,36.22154,37.12142,35.01428,34.36568,36.22154,36.0,36.12478,33.0,33.01515,31.14482,33.37664,32.89377,33.10589,29.06888,30.8707,27.73085,28.6531,28.01785,28.6007,23.34524,23.34524,23.02173,24.04163,19.69772,20.88061,21.09502,20.09975,34.1321,35.0571,34.0,37.33631,36.34556,41.19466,43.28972,43.73786,45.70558,43.68066,47.43416,52.81098,56.30275,55.15433,58.69412,60.83584,61.7171,60.37384,65.76473,64.41273,63.63175,68.88396,65.19202,67.80118,68.41053,69.81404,70.29225,72.20111,67.80118,70.60453,67.20119,69.40461,69.40461,68.24222,71.56116,68.7968,68.26419,68.50547,64.49806,64.49806,71.11259,68.88396,73.82412,71.55418,71.58911,73.73602,70.77429,74.0,72.11103,75.39231,75.591,77.87811,78.39005,73.1642,74.32362,78.92401,75.6439
11.18034,11.04536,10.04988,10.04988,10.04988,9.05539,9.0,8.0,8.0,8.0,8.0,7.0,7.07107,7.07107,7.07107,7.28011,6.08276,6.32456,6.32456,6.32456,6.32456,6.32456,6.32456,6.7082,6.32456,6.7082,6.7082,6.32456,6.32456,6.32456,6.32456,6.32456,6.08276,6.08276,6.08276,6.08276,6.0,6.0,6.08276,5.09902,5.09902,5.38516,5.38516,5.38516,5.38516,4.47214,5.0,4.24264,4.24264,4.24264,4.47214,4.47214,69.35416,65.37584,66.27217,62.64982,59.07622,58.13777,55.08176,55.00909,51.0392,51.0098,49.0102,47.09565,42.04759,42.10701,38.20995,39.81206,40.80441,37.64306,38.32754,36.05551,39.0,32.89377,37.58989,32.64966,34.9285,32.75668,31.76476,33.6006,33.83785,36.40055,34.4093,33.28663,34.4093,34.66987,32.75668,34.53983,38.01316,34.9285,35.34119,31.32092,31.257,31.57531,32.98485,31.40064,30.01666,29.0,28.28427,27.29469,25.31798,25.4951,26.24881,22.2036,23.02173,22.47221,23.34524,19.79899,19.72308,31.32092,35.17101,34.71311,37.05401,41.19466,41.01219,42.0119,41.19466,44.04543,44.18144,51.0392,54.45181,53.23533,56.4358,56.08921,55.31727,63.56099,59.20304,64.53681,65.78754,64.62198,69.64194,66.85058,69.64194,68.94926,72.61543,67.6757,68.15424,65.0,72.61543,67.77905,71.51224,66.85058,67.41662,70.5762,65.19202,67.06713,67.46851,69.2315,69.05071,71.38627,68.88396,72.69113,70.5762,71.56815,77.31753,72.83543,74.67262,73.33485,75.23962,78.05767,78.05767,76.1643,75.16648,78.05767,79.15807,75.23962
12.04159,10.63015,10.81665,10.0,10.0,10.0,9.43398,9.43398,9.43398,9.43398,8.06226,8.06226,8.06226,7.61577,7.61577,7.28011,7.28011,7.28011,7.07107,7.07107,7.28011,7.07107,7.07107,7.07107,7.07107,7.07107,7.07107,7.07107,7.07107,7.07107,7.07107,7.28011,7.28011,6.32456,6.7082,6.7082,6.7082,5.83095,5.83095,5.83095,6.40312,5.65685,5.65685,5.0,5.0,5.0,4.47214,4.47214,4.12311,4.12311,4.0,4.0,67.53518,69.77105,64.88451,62.64982,61.46544,59.80803,55.97321,52.20153,49.39636,49.98,50.0,44.14748,46.32494,41.0,41.7732,41.30375,39.31921,38.01316,34.05877,36.12478,35.12834,35.01428,33.13608,31.7805,33.54102,33.95585,33.54102,33.73426,33.95585,35.17101,35.17101,40.79216,36.87818,32.89377,33.52611,33.37664,34.23449,34.1321,34.0147,31.01612,35.35534,33.13608,30.59412,30.59412,29.12044,26.57066,27.85678,28.17801,27.45906,23.85372,21.40093,23.34524,18.38478,20.80865,20.59126,22.80351,20.22375,29.15476,36.12478,36.13862,39.45884,39.29377,42.05948,41.23106,44.59821,42.54409,48.10405,50.56679,52.3259,53.22593,56.0803,57.24509,59.36329,64.14047,61.58734,61.85467,63.41136,66.06815,69.2026,66.8431,67.35726,71.50524,70.17834,68.62215,66.70832,70.17834,68.76772,65.94695,69.02898,68.24954,69.81404,73.00685,67.80118,66.28725,69.81404,67.6757,68.26419,69.46222,68.96376,72.56032,73.34848,71.58911,71.17584,74.73286,75.6439,73.92564,76.15773,76.15773,73.82412,75.23962,74.84651,76.6942,75.23962,76.32169
10.29563,9.84886,9.84886,9.84886,9.84886,9.48683,9.48683,8.544,8.24621,8.24621,8.24621,7.28011,7.07107,7.07107,7.07107,7.0,7.0,7.0,7.0,7.0,6.08276,6.08276,7.07107,7.07107,6.08276,7.07107,7.07107,7.07107,7.07107,7.0,7.0,7.0,7.0,6.08276,6.08276,6.08276,6.08276,5.38516,5.38516,5.38516,5.38516,5.0,4.47214,5.0,4.24264,4.24264,4.24264,3.60555,3.16228,3.16228,3.0,3.0,68.0,66.57327,63.28507,60.03332,57.70615,57.70615,54.70832,52.7731,49.1935,48.33218,49.0408,48.10405,44.92215,44.27189,43.68066,41.0,38.8973,37.48333,38.20995,37.05401,38.0526,36.12478,37.01351,34.0147,34.0147,32.38827,31.257,34.23449,37.12142,38.63936,35.51056,38.20995,34.36568,38.20995,36.12478,38.32754,38.0,35.01428,35.0571,35.0571,31.257,32.01562,35.1141,29.41088,28.63564,28.23119,26.40076,27.29469,23.32381,24.75884,24.08319,22.67157,22.47221,21.47091,21.18962,18.43909,17.0,30.41381,34.71311,35.4683,38.07887,36.24914,38.91015,41.59327,41.14608,45.17743,46.52956,47.16991,51.61395,53.60037,54.81788,59.66574,56.85068,65.43699,62.24147,64.3506,66.46804,65.06919,66.48308,65.8559,68.41053,67.62396,69.6563,68.24954,69.40461,66.70832,70.29225,66.8431,70.03571,65.94695,65.19202,67.94115,68.593,66.48308,68.0147,64.38167,68.68042,70.43437,65.80274,71.40028,69.64194,69.40461,73.06162,70.49113,72.56032,71.69379,72.40166,76.844,75.80237,78.03204,70.3278,72.40166,75.29276,73.43024
11.18034,11.18034,10.29563,10.29563,9.43398,9.43398,9.43398,8.60233,8.60233,8.60233,8.60233,7.81025,7.81025,7.07107,7.07107,7.81025,7.81025,7.2111,7.2111,7.2111,7.2111,7.2111,7.2111,6.7082,6.7082,6.7082,6.7082,7.2111,7.2111,7.2111,7.2111,7.2111,6.40312,6.40312,6.40312,7.07107,6.40312,6.40312,5.83095,5.83095,5.83095,5.38516,5.38516,5.38516,5.09902,5.09902,5.09902,4.0,4.0,4.12311,3.16228,3.60555,68.09552,66.37017,65.19202,61.05735,60.20797,58.5235,53.82379,53.82379,52.00961,50.44799,49.67897,46.8615,44.59821,42.52058,43.18565,43.13931,41.03657,39.05125,37.01351,38.41875,39.11521,35.51056,34.48188,34.0147,34.88553,36.23534,36.67424,33.61547,36.40055,36.05551,37.33631,37.57659,35.73514,34.0147,35.4683,36.67424,35.35534,35.35534,35.0,31.62278,33.30165,30.41381,31.1127,29.20616,28.42534,30.01666,28.6531,25.94224,27.85678,22.80351,24.33105,25.31798,24.08319,22.02272,21.18962,22.47221,20.61553,33.6006,35.0,36.12478,36.12478,38.94868,42.2019,39.40812,40.80441,44.10215,48.02083,49.73932,52.7731,53.7122,54.12024,58.69412,60.00833,63.32456,64.19502,62.03225,63.89053,62.0967,67.18631,68.15424,70.0928,67.91171,70.83078,70.61161,72.56721,67.46851,69.857,66.94027,67.18631,68.65858,65.96969,68.68042,65.52099,67.06713,67.6757,67.35726,68.15424,69.857,69.77822,72.89719,70.71068,69.35416,73.82412,70.21396,72.94518,76.8505,73.82412,72.20111,75.29276,77.17513,73.06162,74.09453,73.82412,75.80237
10.0,10.63015,9.21954,9.21954,9.21954,9.21954,8.48528,7.81025,7.81025,7.07107,7.07107,6.40312,6.40312,6.40312,6.40312,5.83095,6.7082,5.38516,5.83095,5.38516,5.38516,5.38516,5.38516,5.38516,5.38516,6.32456,6.32456,5.38516,5.38516,6.32456,5.38516,5.38516,5.38516,5.83095,5.83095,5.83095,5.65685,5.65685,5.0,5.0,5.0,5.0,4.47214,4.47214,4.47214,4.12311,4.12311,4.0,4.0,4.12311,4.12311,4.12311,67.80118,63.82006,62.62587,59.20304,58.89822,56.63921,54.56189,53.75872,49.51767,46.69047,47.63402,43.41659,41.23106,42.0119,37.80212,37.21559,38.07887,39.11521,36.71512,36.40055,34.17601,34.9285,32.57299,33.24154,30.67572,32.98485,32.01562,35.90265,30.80584,34.52535,30.80584,34.9285,32.28002,32.57299,36.13862,35.8469,33.24154,34.9285,32.64966,31.30495,30.41381,31.38471,31.89044,29.69848,31.14482,24.08319,28.42534,27.20294,25.94224,23.70654,23.76973,22.47221,21.09502,20.02498,24.02082,18.97367,20.61553,31.76476,37.20215,36.23534,39.20459,38.8973,38.8973,41.7732,46.69047,44.68781,48.16638,51.22499,54.20332,56.22277,56.61272,57.98276,61.58734,61.77378,65.76473,65.76473,65.76473,67.53518,71.17584,69.35416,71.86793,66.85058,69.857,69.07966,71.51224,68.00735,73.1642,70.93659,68.00735,69.28925,68.02941,67.97794,66.30988,65.29931,67.1193,66.24198,68.26419,69.46222,69.33974,71.02816,72.8011,72.11103,67.80118,72.47068,74.51845,75.74299,71.58911,75.16648,73.87828,75.9276,73.24616,73.0,74.51845,76.83749
9.05539,9.05539,9.05539,8.06226,8.06226,8.0,8.0,7.0,7.0,7.0,7.07107,6.08276,6.08276,6.32456,6.32456,6.32456,5.38516,5.38516,5.83095,5.83095,5.83095,5.83095,5.83095,5.83095,5.83095,5.83095,5.83095,5.83095,5.83095,5.83095,5.83095,5.38516,5.38516,5.38516,5.38516,5.09902,5.09902,5.09902,4.0,4.0,4.0,4.0,4.12311,4.12311,4.12311,3.60555,3.60555,3.60555,2.82843,2.82843,3.16228,2.23607,66.09841,60.82763,63.95311,54.33231,58.13777,54.23099,49.0408,53.08484,48.01042,48.09366,43.01163,46.01087,41.19466,40.1995,36.22154,36.67424,38.32754,35.44009,35.73514,33.83785,32.89377,30.88689,32.24903,34.0,32.44996,36.05551,31.38471,33.6006,31.90611,38.27532,31.40064,33.28663,35.80503,35.22783,32.24903,31.90611,33.61547,32.89377,32.20248,31.62278,31.32092,32.55764,29.42788,25.4951,28.28427,29.15476,25.0,27.0,22.2036,23.19483,22.47221,21.93171,20.24846,20.24846,20.51828,20.61553,17.49286,35.0571,37.01351,36.01389,38.32754,39.20459,40.79216,43.17407,43.01163,46.57252,49.33559,53.45091,52.55473,55.97321,58.30952,60.53924,61.7414,63.97656,63.07139,65.74192,69.11584,66.7308,67.95587,65.73431,70.49113,70.17834,71.28113,69.97142,69.64194,70.49113,71.28113,68.26419,67.74216,69.46222,68.26419,68.47627,67.08204,67.1193,68.02941,66.85058,68.35203,70.83784,66.48308,69.37579,69.12308,70.34202,69.42622,71.56815,70.40597,69.87131,71.58911,71.19691,74.8131,73.97973,73.97973,72.18033,74.54529,71.58911
11.18034,9.84886,9.84886,9.84886,9.48683,8.544,8.544,8.24621,8.24621,7.28011,7.28011,7.07107,7.07107,7.07107,7.0,6.0,6.0,6.0,6.08276,6.08276,6.08276,6.08276,6.08276,6.08276,6.08276,6.08276,6.08276,6.08276,6.08276,6.08276,6.08276,6.0,6.0,6.0,6.0,6.08276,6.08276,5.38516,5.38516,5.38516,5.38516,4.47214,5.0,5.0,5.0,4.24264,4.24264,3.60555,4.47214,4.12311,4.12311,4.12311,59.09315,64.4748,59.5063,58.30952,58.69412,52.92447,48.8467,49.0408,46.17359,43.32436,42.44997,40.80441,42.2019,41.97618,38.32754,36.22154,37.01351,35.0,33.0,32.55764,32.24903,29.01724,30.08322,31.04835,30.80584,32.57299,33.52611,30.67572,30.67572,31.62278,32.57299,33.24154,31.62278,28.16026,33.52611,28.63564,33.54102,29.27456,29.06888,29.06888,30.06659,29.15476,28.16026,26.30589,27.51363,26.40076,24.69818,27.45906,21.09502,24.18677,22.62742,20.51828,18.43909,19.23538,19.31321,20.24846,19.0,35.0571,37.48333,39.45884,41.0,43.68066,45.54119,44.59821,47.01064,49.0408,49.65884,51.42956,59.05929,60.37384,60.53924,60.74537,62.1289,63.00794,67.42403,66.8431,70.83784,70.83784,71.06335,70.83784,73.0,70.00714,75.00667,72.18033,70.00714,70.03571,68.76772,73.53911,68.76772,69.35416,69.52697,71.06335,68.24954,66.4003,68.00735,67.42403,70.17834,71.34424,68.96376,69.77105,72.44998,69.31811,70.38466,71.17584,73.82412,75.23962,76.96753,71.55418,73.82412,73.40981,72.91776,75.76939,70.21396,70.66116
9.21954,9.21954,8.60233,8.60233,7.81025,7.81025,7.2111,7.2111,6.7082,5.83095,6.32456,5.38516,5.38516,5.38516,5.09902,5.09902,5.09902,5.09902,5.0,5.0,5.0,5.0,5.0,5.09902,5.09902,5.0,5.0,5.0,5.0,5.0,5.0,5.09902,5.09902,5.09902,4.12311,4.12311,4.47214,4.47214,3.60555,3.60555,3.60555,2.82843,2.82843,3.60555,3.16228,3.16228,3.16228,3.0,3.0,3.16228,2.23607,2.82843,67.94115,61.52235,62.96825,56.58622,54.67175,52.63079,52.00961,51.66237,44.82187,43.60046,45.48626,40.49691,42.43819,39.35734,38.48376,35.77709,33.61547,32.28002,31.04835,32.28002,34.71311,32.01562,30.14963,30.14963,31.01612,30.0,31.257,29.01724,29.06888,29.15476,30.01666,31.01612,30.41381,30.01666,31.14482,29.06888,31.257,28.16026,30.59412,30.08322,29.41088,27.313,25.07987,25.05993,24.20744,22.67157,22.62742,25.45584,20.61553,17.88854,17.88854,19.31321,22.56103,16.27882,18.24829,19.41649,17.88854,36.67424,38.58756,36.23534,43.01163,41.7732,42.44997,47.42362,46.69047,50.44799,49.81967,52.00961,57.62812,57.2014,58.60034,59.36329,66.85058,66.03787,66.37017,66.28725,70.38466,72.94518,78.71467,73.82412,71.69379,68.942,71.30919,72.23573,75.23962,71.47027,71.17584,72.44998,70.26379,70.21396,68.8767,70.66116,70.66116,68.42514,67.1193,68.00735,71.02816,69.40461,71.84706,72.8011,73.87828,71.58911,75.28612,74.27651,72.34639,75.16648,72.91776,77.10383,74.96666,76.36753,72.13876,74.24958,74.24958,73.5527
9.05539,9.05539,8.06226,8.06226,8.06226,7.07107,7.28011,6.08276,6.32456,6.32456,6.32456,5.38516,5.38516,5.38516,5.0,5.0,5.0,5.0,5.0,5.0,4.24264,4.24264,4.24264,5.0,4.24264,4.24264,4.24264,4.24264,5.0,5.0,5.0,5.0,4.47214,4.47214,4.47214,4.47214,4.12311,4.12311,4.0,4.0,4.0,3.0,3.16228,3.16228,3.16228,3.60555,2.82843,2.82843,2.82843,3.16228,3.16228,3.16228,64.07027,62.80127,59.21149,58.07753,58.07753,53.15073,53.00943,48.01042,47.01064,45.01111,43.10452,41.19466,40.31129,39.20459,38.32754,36.87818,34.71311,30.41381,30.36445,30.08322,32.20248,30.52868,30.23243,29.15476,28.01785,28.84441,32.20248,30.0,32.20248,30.0,30.80584,28.30194,31.06445,30.52868,30.52868,29.52965,30.01666,29.06888,29.54657,29.15476,28.44293,28.16026,24.02082,24.0,23.0,25.17936,23.5372,22.56103,20.88061,19.72308,19.72308,19.20937,17.69181,19.10497,17.80449,18.38478,17.26268,34.88553,35.8469,39.84972,41.97618,44.55334,40.60788,44.28318,47.16991,49.16299,51.08816,54.0,54.00926,55.00909,57.07889,61.29437,63.3877,65.27634,67.74216,66.61081,69.42622,67.91171,71.58911,74.46476,70.88018,69.64194,73.38937,74.33034,72.44998,72.8011,73.05477,69.57011,70.21396,69.89278,70.88018,70.88018,70.0928,69.2315,68.06614,67.08204,69.87131,67.46851,73.43705,72.44308,75.10659,72.06247,74.02702,73.17103,76.23647,75.16648,75.16648,77.23341,77.10383,75.02666,76.00658,74.10803,70.34913,73.17103
9.43398,9.43398,8.94427,8.06226,8.06226,7.61577,7.61577,6.7082,6.32456,6.32456,6.32456,6.08276,6.08276,6.08276,5.09902,5.0,5.0,5.0,5.09902,5.09902,5.09902,5.09902,5.09902,5.38516,5.09902,5.09902,5.09902,5.09902,5.09902,5.09902,5.09902,5.0,5.0,5.0,5.09902,4.12311,4.12311,4.12311,4.12311,3.16228,3.60555,3.60555,2.82843,2.82843,2.82843,2.23607,2.23607,2.23607,2.0,2.0,2.23607,2.23607,65.19202,59.4138,63.78087,56.56854,56.58622,55.86591,48.9183,53.2635,46.8615,46.40043,43.01163,42.2019,38.27532,37.58989,38.07887,34.43835,37.33631,32.89377,35.73514,33.52611,33.95585,32.57299,31.40064,32.55764,29.42788,31.257,30.14963,31.01612,31.06445,33.06055,32.14032,34.52535,32.24903,31.40064,29.27456,31.257,28.28427,30.80584,29.41088,31.95309,27.313,29.15476,26.92582,25.80698,25.0,22.02272,22.80351,19.23538,18.60108,19.69772,18.97367,18.11077,17.0,16.03122,15.0333,17.72005,15.81139,32.98485,38.83298,38.60052,41.62932,40.71855,43.82921,44.29447,46.87217,48.25971,48.60041,53.53504,54.03702,53.41348,58.41233,60.1415,60.81118,66.48308,67.26812,66.52819,68.24954,68.88396,73.40981,68.24222,72.11103,70.17834,74.62573,73.57309,72.71864,71.02112,72.94518,66.03787,71.02112,70.17834,69.64194,71.56116,70.0,67.47592,67.47592,64.66065,74.33034,72.24957,69.31089,71.50524,72.83543,71.42129,69.31089,72.83543,78.51751,78.74643,77.7946,74.96666,75.9276,79.20859,73.59348,77.78175,75.69016,70.03571
9.84886,9.84886,9.84886,8.94427,8.94427,8.06226,8.06226,8.06226,8.06226,7.2111,7.2111,6.40312,6.40312,6.40312,6.40312,5.65685,5.65685,5.65685,5.0,5.65685,5.0,5.83095,5.83095,5.83095,5.83095,5.83095,5.83095,5.83095,5.0,6.40312,5.65685,5.65685,5.65685,5.0,5.0,5.0,5.0,4.47214,4.47214,4.12311,5.09902,4.12311,4.0,4.0,4.0,4.12311,4.12311,3.16228,3.60555,3.60555,3.60555,2.82843,66.57327,66.85058,62.42596,60.44005,57.42822,57.62812,58.00862,50.9902,49.67897,46.09772,43.84062,44.59821,40.31129,41.72529,40.31129,40.45986,40.60788,36.05551,34.98571,37.57659,33.24154,33.10589,32.64966,32.01562,32.57299,31.01612,34.78505,34.20526,31.95309,34.20526,33.83785,33.24154,32.98485,36.05551,36.05551,30.46309,32.20248,32.20248,32.64966,34.4093,33.01515,30.41381,27.58623,29.69848,23.60085,25.23886,24.59675,26.41969,23.08679,21.18962,21.2132,20.22375,20.09975,20.39608,18.38478,16.55295,14.86607,34.9285,38.91015,38.07887,41.88078,42.0119,43.18565,43.86342,45.27693,48.10405,50.20956,56.85068,54.03702,56.40035,58.82176,59.40539,62.68174,62.96825,66.88797,68.09552,69.46222,71.11962,73.79024,73.40981,74.32362,72.8011,73.92564,70.2282,72.8011,73.73602,71.86793,71.51224,72.73239,72.61543,69.46222,71.86793,70.21396,70.21396,68.42514,68.88396,69.46222,71.34424,71.34424,69.89278,74.06079,69.11584,72.47068,74.8131,78.24321,72.8011,77.42093,75.45197,76.40026,73.81734,75.80237,74.20243,72.8011,77.42093
10.44031,10.44031,9.48683,9.48683,9.21954,9.21954,9.21954,8.06226,8.06226,8.06226,8.06226,8.06226,8.0,7.0,7.0,7.0,7.07107,7.07107,7.07107,7.07107,6.08276,6.08276,7.07107,6.32456,6.08276,7.07107,6.08276,7.07107,7.07107,7.07107,6.0,6.0,6.0,6.0,6.0,6.08276,5.09902,5.09902,5.09902,4.12311,4.47214,4.47214,3.60555,3.60555,3.60555,2.82843,2.82843,2.82843,2.23607,2.23607,2.23607,2.0,64.3506,58.83026,61.40033,58.18075,54.12947,55.00909,50.53712,50.53712,46.61545,45.69464,44.59821,44.64303,42.44997,39.29377,38.32754,40.79216,39.29377,38.20995,36.22154,34.36568,36.01389,31.0,35.0571,31.0,33.06055,32.06244,32.55764,33.06055,34.1321,35.35534,34.23449,35.22783,33.01515,32.01562,34.0147,34.0,33.01515,31.06445,29.15476,32.75668,30.59412,29.41088,27.20294,24.16609,25.07987,24.59675,24.20744,20.80865,21.2132,17.69181,17.02939,16.12452,17.88854,16.76305,15.29706,15.0333,17.11724,33.01515,36.01389,35.12834,39.81206,39.81206,42.2019,44.38468,43.01163,47.75982,48.10405,51.47815,53.31041,58.13777,57.70615,63.06346,62.43397,66.28725,63.82006,66.21933,66.6033,69.6563,71.21798,70.0928,70.03571,71.42129,72.12489,73.53911,73.59348,67.89698,71.44928,67.94115,71.44928,68.593,69.29646,68.68042,68.68042,65.94695,67.47592,66.21933,67.00746,69.81404,70.45566,71.61006,69.89278,69.64194,69.33974,70.83078,72.20111,73.82412,71.34424,70.17834,73.3553,76.8505,68.0,69.97142,72.20111,68.26419
9.84886,8.94427,8.94427,8.94427,8.94427,8.06226,8.06226,7.2111,7.2111,7.2111,7.2111,6.40312,6.40312,7.07107,6.40312,6.40312,6.40312,6.40312,5.65685,5.65685,5.65685,6.40312,6.40312,5.83095,6.40312,5.83095,6.40312,6.40312,5.65685,5.65685,5.65685,5.65685,5.65685,5.0,5.0,5.0,4.47214,4.47214,4.47214,4.12311,3.16228,3.16228,3.0,3.0,3.0,2.0,2.23607,2.23607,2.23607,1.41421,1.41421,2.23607,63.34824,61.84658,56.75385,57.48913,54.57105,52.81098,54.81788,51.62364,49.0408,45.88028,43.9659,43.32436,42.72002,44.94441,37.58989,38.94868,39.96248,36.23534,35.0,35.22783,34.71311,30.80584,34.65545,31.14482,32.20248,31.89044,34.71311,33.24154,31.241,31.82766,33.30165,33.42155,31.82766,32.55764,34.05877,30.0,30.88689,30.88689,30.01666,26.83282,30.8707,28.4605,25.29822,26.24881,24.18677,26.1725,21.0,19.0263,19.10497,18.24829,17.46425,17.88854,16.97056,16.40122,12.72792,13.0,13.92839,34.1321,34.66987,36.40055,36.87818,41.03657,41.23106,43.41659,44.40721,46.40043,50.0,52.15362,53.7122,55.56978,58.18075,58.60034,60.92618,65.78754,64.84597,66.12866,66.94027,68.88396,69.857,70.83078,73.5459,71.19691,71.38627,70.71068,71.70077,68.35934,69.72087,68.35934,71.56815,71.34424,68.26419,70.25667,68.35934,67.08204,67.46851,69.05071,68.44706,66.09841,68.65858,71.30919,70.88018,69.857,72.56721,69.37579,71.56815,72.53275,70.60453,72.12489,73.37575,71.8401,73.24616,70.60453,70.88018,71.06335
10.44031,9.48683,9.48683,8.544,8.544,8.544,7.61577,7.61577,7.61577,7.61577,6.7082,6.7082,7.2111,6.40312,6.40312,6.40312,6.40312,6.40312,5.65685,5.65685,5.65685,5.65685,5.65685,6.40312,5.65685,5.65685,5.65685,5.65685,5.65685,5.65685,5.0,5.0,5.0,5.0,4.47214,4.47214,4.47214,4.12311,4.12311,4.12311,3.16228,3.0,3.0,3.0,2.0,2.23607,2.23607,2.23607,1.41421,1.41421,2.23607,1.0,63.63961,61.40033,63.63961,57.70615,55.22681,54.12947,50.80354,54.34151,45.89118,46.87217,47.53946,42.2019,41.48494,38.60052,39.21734,42.54409,37.69615,34.0147,35.35534,33.61547,36.05551,35.35534,35.22783,35.35534,31.90611,34.98571,32.64966,34.71311,32.64966,34.82815,31.06445,31.62278,29.15476,34.66987,28.30194,33.54102,31.38471,30.67572,32.57299,27.65863,27.29469,21.58703,26.4764,23.02173,23.02173,21.09502,19.23538,17.26268,18.68154,18.78829,12.80625,16.12452,15.55635,14.21267,12.52996,12.08305,11.04536,31.90611,35.0,36.76955,42.44997,39.82462,42.43819,43.01163,46.14109,47.50789,44.77723,50.53712,51.42956,57.70615,58.69412,62.39391,57.56735,65.52099,63.32456,66.94027,69.72087,68.593,69.87131,65.37584,71.44928,70.34913,70.17834,73.10951,70.02857,66.00758,73.00685,65.06919,68.06614,68.0,70.02857,68.02941,68.11755,63.12686,64.49806,64.49806,67.47592,68.73136,66.61081,70.45566,68.88396,69.05071,71.19691,70.21396,69.2315,72.00694,70.03571,70.03571,74.52516,72.56721,69.87131,70.40597,72.56032,72.18033
11.04536,10.44031,10.0,11.04536,9.0,10.04988,8.06226,9.21954,9.0,7.07107,9.05539,7.0,8.06226,7.0,7.07107,7.0,7.0,7.0,7.07107,6.0,6.32456,7.0,5.09902,7.07107,6.08276,7.28011,7.61577,7.28011,6.7082,7.61577,5.38516,7.2111,4.47214,6.40312,5.38516,5.83095,6.40312,4.12311,6.40312,3.16228,6.08276,4.24264,5.0,5.0,3.0,5.0,2.0,4.47214,2.0,2.82843,2.23607,2.23607,64.12488,57.42822,61.40033,66.00758,49.24429,41.7732,58.00862,48.76474,51.41984,50.44799,46.04346,46.52956,44.04543,45.39824,37.21559,43.56604,35.0571,36.34556,35.44009,37.10795,36.13862,32.28002,33.73426,35.73514,29.27456,27.313,28.79236,33.24154,23.5372,31.32092,34.23449,31.38471,36.12478,32.38827,32.01562,34.1321,26.07681,33.13608,28.07134,39.01282,24.35159,21.54066,27.20294,37.57659,36.87818,17.80449,25.6125,28.42534,18.78829,17.69181,8.24621,11.6619,10.63015,13.92839,12.04159,10.0,9.84886,32.24903,37.10795,38.32754,41.23106,42.15448,44.29447,44.41846,47.16991,47.16991,50.0,52.49762,54.45181,58.0,58.72819,63.03174,59.81639,62.00806,61.85467,66.85058,69.46222,67.60178,70.66116,69.857,72.11103,71.16881,71.16881,70.34202,72.8011,73.08215,72.03471,68.41053,72.56721,69.12308,69.42622,70.0928,69.37579,67.46851,67.18631,68.24954,65.73431,69.12308,68.00735,68.00735,71.16881,72.27724,68.68042,68.96376,71.47027,74.04053,72.27724,74.95332,73.75636,71.80529,71.84706,71.70077,72.69113,70.03571
9.84886,9.84886,8.94427,8.94427,8.94427,8.06226,8.06226,8.06226,8.06226,7.2111,7.2111,7.2111,6.40312,6.40312,6.40312,6.40312,6.40312,5.65685,6.40312,5.65685,5.65685,5.65685,5.0,5.83095,6.40312,6.40312,6.40312,5.65685,5.65685,5.65685,5.65685,5.0,5.0,5.0,5.0,4.47214,4.47214,4.47214,4.12311,4.12311,3.16228,3.16228,3.0,3.0,2.0,2.23607,2.0,2.23607,1.41421,1.41421,1.41421,1.0,66.75328,58.54912,62.16912,54.74486,53.60037,53.36666,49.47727,51.66237,48.76474,47.43416,45.88028,43.32436,44.27189,40.24922,38.91015,42.48529,38.07887,36.71512,36.35932,34.48188,32.44996,35.22783,32.64966,34.66987,30.41381,34.82815,31.241,32.64966,35.35534,31.82766,30.4795,31.241,33.42155,35.0,29.20616,33.28663,30.41381,33.12099,29.06888,25.4951,27.85678,26.24881,22.56103,25.17936,23.0,20.02498,21.0,22.02272,18.43909,18.97367,16.76305,16.15549,15.6205,10.63015,11.40175,11.6619,11.18034,36.87818,34.65545,36.79674,41.6173,40.22437,42.48529,43.38202,42.94182,47.01064,46.61545,47.42362,53.7122,56.64804,56.61272,61.40033,58.24946,64.13267,62.36986,66.4906,68.46897,67.47592,68.26419,65.06919,69.02898,69.00725,72.02777,72.02777,71.00704,68.11755,72.1734,69.00725,71.06335,66.06815,69.02898,65.03076,70.00714,64.00781,68.18358,65.12296,67.26812,69.58448,66.27217,69.58448,67.60178,68.73136,70.83078,69.2315,72.56721,71.58911,69.42622,71.02112,71.38627,72.00694,66.4906,70.71068,71.19691,71.19691
10.0,10.0,10.0,9.21954,8.60233,8.60233,8.60233,8.06226,7.2111,8.06226,6.7082,7.61577,6.7082,6.7082,6.32456,6.32456,6.32456,6.32456,6.08276,6.08276,6.08276,6.08276,6.08276,6.08276,6.08276,6.08276,6.08276,6.08276,6.08276,6.08276,5.09902,5.38516,5.38516,5.38516,5.0,5.0,5.0,5.0,4.24264,4.24264,3.60555,3.60555,3.60555,3.16228,3.16228,3.0,3.0,3.0,3.16228,2.23607,2.23607,1.41421,69.29646,65.06919,61.55485,60.1415,60.82763,54.56189,54.67175,53.07542,50.93133,50.9902,48.16638,48.27007,44.20407,45.0,43.60046,41.04875,40.22437,38.94868,37.21559,39.35734,36.24914,36.76955,33.24154,33.24154,32.69557,35.73514,34.78505,32.69557,35.8469,37.94733,35.1141,36.68787,33.52611,32.31099,32.31099,32.24903,35.35534,34.98571,32.20248,30.61046,30.80584,28.3196,27.65863,26.24881,24.08319,21.09502,22.82542,25.4951,19.92486,19.64688,17.11724,17.11724,15.0,17.02939,15.29706,13.41641,13.0384,33.01515,35.12834,35.22783,39.05125,41.48494,40.8534,39.92493,44.38468,46.95743,47.42362,51.97115,54.91812,56.0803,59.07622,59.20304,62.00806,66.21933,64.53681,65.8559,67.20863,67.94115,72.13876,70.29225,70.29225,72.8011,72.8011,71.84706,71.84706,70.21396,69.40461,69.81404,69.40461,68.8186,68.24222,67.20119,68.41053,66.8431,67.47592,65.94695,69.35416,68.62215,71.44928,67.88225,70.03571,70.72482,69.31089,73.5527,73.75636,77.89737,74.24958,74.27651,73.66139,69.35416,71.44928,75.66373,75.66373,71.42129
10.77033,9.84886,11.18034,9.84886,9.84886,8.94427,9.43398,8.60233,8.60233,8.60233,8.60233,7.81025,7.81025,7.81025,7.07107,7.07107,7.07107,7.07107,6.40312,6.40312,6.40312,7.2111,7.2111,7.2111,6.40312,6.40312,6.40312,6.40312,6.40312,7.07107,6.40312,7.07107,6.40312,5.65685,6.40312,6.40312,5.83095,5.0,4.47214,4.47214,4.47214,4.12311,4.12311,3.16228,3.0,3.0,3.0,3.16228,2.23607,2.23607,1.41421,1.41421,65.0,61.84658,65.14599,59.48109,58.82176,57.56735,56.921,55.97321,54.08327,50.15974,48.10405,44.77723,47.16991,42.95346,42.54409,41.18252,41.67733,40.49691,39.40812,37.20215,37.80212,34.71311,37.53665,35.4683,37.53665,36.06938,34.65545,37.53665,33.94113,35.4683,36.76955,36.06938,34.65545,37.48333,33.97058,35.0,33.42155,34.88553,32.44996,31.90611,29.96665,30.41381,29.73214,30.08322,28.86174,22.56103,24.5153,22.09072,22.0,20.02498,20.61553,17.08801,17.08801,14.42221,14.21267,14.86607,12.80625,31.241,38.20995,37.48333,38.28838,38.83298,39.44617,41.14608,43.82921,47.41308,46.95743,50.15974,49.39636,50.69517,53.48832,61.03278,57.28001,63.78871,61.39218,63.78871,64.62971,63.63961,67.89698,67.36468,67.36468,70.11419,66.27217,69.00725,71.00704,68.00735,71.06335,65.06919,70.06426,65.06919,68.11755,68.26419,66.1211,65.19202,64.49806,65.11528,67.08204,69.2315,65.9242,70.83078,69.857,69.37579,68.96376,70.88018,71.8401,72.8011,69.64194,74.72617,75.58439,76.65507,68.96376,73.68175,74.2159,72.53275
11.18034,11.18034,10.19804,10.19804,10.19804,9.05539,9.05539,9.05539,9.05539,9.0,8.0,8.0,8.0,7.0,7.0,8.06226,7.07107,7.07107,7.28011,7.28011,7.28011,7.28011,6.32456,7.28011,6.32456,7.28011,7.28011,6.32456,6.32456,7.07107,6.08276,6.08276,6.08276,6.0,6.0,6.0,6.0,5.09902,5.09902,5.09902,5.09902,4.47214,4.47214,4.47214,3.60555,3.60555,3.60555,2.82843,2.82843,2.82843,2.23607,2.23607,66.48308,64.84597,67.05222,60.16644,60.16644,57.56735,55.54278,52.63079,51.24451,50.80354,49.64877,46.09772,44.18144,42.42641,42.0,43.01163,39.05125,38.01316,38.0,40.04997,36.12478,35.01428,34.9285,36.12478,35.22783,33.73426,34.9285,35.44009,33.24154,34.20526,33.24154,35.90265,32.38827,35.90265,35.90265,34.71311,36.12478,31.06445,33.01515,33.01515,28.01785,29.42788,25.96151,27.85678,27.20294,25.63201,26.0,21.47091,22.02272,19.72308,20.24846,17.69181,18.43909,18.35756,17.72005,15.29706,15.0333,34.20526,35.90265,37.48333,40.4475,41.19466,41.10961,39.01282,42.0119,45.17743,46.38965,50.80354,53.75872,55.9017,56.75385,58.94065,58.24088,64.19502,64.19502,64.19502,64.88451,67.23095,67.23095,66.64083,68.88396,67.08204,71.11962,66.7308,70.71068,67.23095,70.71068,67.1193,68.88396,68.42514,67.53518,67.97794,69.31811,67.23095,65.55151,63.90618,68.15424,71.16881,67.35726,70.21396,71.16881,70.0928,71.56815,73.4983,73.5459,75.43209,70.83078,72.53275,75.43209,77.12976,72.27724,75.28612,75.43209,71.56815
10.19804,10.19804,9.21954,9.21954,8.24621,8.544,8.544,7.61577,7.61577,7.61577,7.61577,6.7082,6.7082,5.83095,6.40312,6.40312,6.40312,6.40312,6.40312,6.40312,5.65685,5.65685,5.65685,5.65685,5.65685,5.65685,6.40312,5.65685,5.65685,5.65685,6.40312,6.40312,5.83095,5.83095,5.83095,5.0,5.38516,4.47214,4.12311,4.12311,4.12311,4.12311,4.0,4.0,3.0,3.16228,3.16228,2.23607,2.23607,2.82843,2.23607,2.23607,65.30697,61.0,61.81424,58.85576,57.27128,53.36666,51.41984,55.7853,48.76474,47.53946,45.54119,44.94441,45.31004,41.78516,41.23106,40.31129,39.44617,37.21559,38.83298,34.4093,36.87818,34.82815,35.4683,31.14482,33.24154,35.38361,33.97058,33.24154,35.35534,33.24154,33.94113,33.24154,32.52691,35.35534,33.24154,31.89044,34.66987,32.44996,30.52868,32.24903,32.64966,32.31099,26.92582,27.51363,25.70992,21.37756,24.33105,25.07987,24.0,21.0238,21.0238,19.64688,18.35756,17.0,17.80449,16.27882,16.12452,31.06445,35.8469,35.34119,38.48376,40.8534,40.5216,42.72002,46.84015,47.07441,46.69047,52.7731,52.7731,54.23099,59.21149,58.21512,57.21888,63.00794,61.0082,66.06815,65.00769,66.1211,70.11419,66.61081,69.46222,69.2315,68.88396,69.87131,70.5762,69.87131,70.85901,67.74216,66.75328,66.37017,68.35934,67.18631,67.18631,69.00725,67.1193,68.02941,69.00725,69.02898,66.18912,71.34424,70.71068,69.46222,68.73136,69.58448,73.82412,72.99315,69.87131,71.84706,76.11833,72.83543,70.85901,72.33948,74.8131,73.1642
10.63015,10.63015,9.21954,9.21954,8.60233,8.60233,8.60233,8.60233,8.06226,7.2111,7.61577,6.7082,7.61577,6.7082,6.32456,6.32456,7.28011,6.32456,6.32456,6.08276,6.08276,6.08276,6.08276,6.08276,6.08276,6.08276,6.08276,6.08276,6.08276,6.08276,6.08276,6.08276,6.32456,5.38516,5.38516,5.38516,5.38516,4.47214,5.0,5.0,4.24264,4.24264,4.24264,3.60555,3.60555,3.16228,3.16228,3.16228,3.16228,3.0,2.0,2.23607,66.7308,66.7308,60.74537,60.20797,61.29437,56.0357,57.68882,52.00961,48.41487,47.42362,46.75468,46.09772,43.84062,41.03657,43.27817,40.60788,38.83298,40.0,35.22783,38.01316,35.35534,37.21559,35.77709,36.89173,34.48188,33.54102,30.8707,34.17601,33.83785,35.73514,35.1141,34.17601,34.43835,35.34119,37.12142,30.52868,32.75668,33.28663,33.42155,30.0,29.06888,27.65863,28.28427,27.01851,27.45906,26.62705,24.16609,24.18677,21.54066,20.61553,20.02498,18.02776,20.09975,16.49242,17.11724,15.65248,17.88854,32.24903,37.20215,37.53665,36.06938,41.7732,41.86884,42.63801,45.60702,47.43416,49.64877,51.40039,53.25411,54.91812,59.68249,60.41523,60.83584,62.64982,64.88451,64.07808,64.51356,65.80274,70.5195,67.72001,67.6757,69.37579,69.57011,68.68042,71.30919,71.56815,69.37579,66.76077,69.37579,68.65858,68.96376,66.76077,70.21396,67.77905,67.62396,67.1193,69.77822,70.68239,67.60178,68.8767,71.55418,69.83552,68.7968,71.02112,71.69379,75.47185,71.56116,73.24616,75.71658,74.43118,69.64194,72.20111,75.29276,75.47185
11.31371,11.31371,10.63015,10.63015,9.89949,9.21954,9.21954,9.21954,8.60233,8.60233,8.60233,8.60233,8.06226,8.06226,8.06226,7.2111,6.7082,6.7082,6.7082,6.7082,6.7082,6.32456,6.7082,6.32456,6.32456,6.32456,6.32456,6.32456,6.7082,6.7082,6.7082,6.7082,5.83095,6.40312,6.40312,5.65685,5.65685,5.65685,5.65685,5.0,5.0,5.0,4.47214,4.47214,4.12311,4.12311,4.12311,3.0,4.0,3.0,3.16228,3.16228,68.41053,66.4003,64.53681,61.7171,61.84658,58.89822,53.90733,53.03772,48.16638,49.57822,50.20956,46.69047,44.55334,38.94868,43.93177,42.63801,39.82462,37.44329,38.83298,37.44329,35.35534,34.66987,35.8469,34.43835,34.88553,32.69557,33.54102,33.61547,31.01612,33.61547,30.46309,34.0147,29.96665,32.64966,32.64966,31.76476,33.61547,32.44996,30.61046,29.83287,30.41381,27.65863,30.0,25.80698,25.23886,23.25941,27.29469,20.88061,21.58703,21.2132,18.0,19.0263,16.12452,17.72005,18.02776,15.26434,15.81139,32.55764,37.36308,33.52611,40.71855,38.47077,39.44617,43.41659,44.10215,46.32494,45.22168,51.22499,53.90733,53.2635,55.17246,58.72819,57.31492,62.28965,62.36986,63.89053,66.8431,66.21933,67.42403,66.61081,64.3506,67.74216,73.24616,68.96376,69.97142,69.46222,71.69379,68.26419,68.96376,66.37017,67.1193,69.11584,66.88797,64.89992,67.42403,63.60031,68.60029,68.00735,66.8431,71.8401,69.81404,73.66139,72.83543,68.68042,73.59348,70.93659,73.5527,74.41102,77.07788,75.82216,74.51845,75.9276,73.75636,70.72482
11.40175,11.18034,10.19804,10.19804,10.19804,9.21954,9.05539,9.05539,9.05539,8.06226,8.06226,8.0,8.0,7.0,7.0,7.0,7.0,7.0,7.07107,7.07107,6.0,6.08276,6.08276,6.08276,6.08276,6.08276,6.08276,6.08276,6.0,6.0,6.0,6.0,6.08276,6.08276,6.08276,5.09902,5.38516,5.38516,5.38516,4.47214,4.47214,4.47214,5.0,4.24264,4.24264,3.60555,3.60555,3.60555,3.16228,3.16228,3.16228,3.0,71.69379,65.55151,65.19202,60.92618,62.03225,59.61543,56.30275,56.921,52.20153,51.26402,49.98,46.48656,47.12749,45.12206,43.17407,40.4475,37.12142,41.10961,39.20459,38.0526,36.01389,33.01515,36.05551,34.0,36.01389,35.0571,34.0147,34.9285,34.36568,36.12478,34.23449,34.0147,31.0,33.13608,32.01562,34.0147,31.14482,33.54102,32.24903,27.51363,29.41088,28.79236,28.17801,28.23119,26.41969,22.2036,26.24881,21.93171,20.51828,18.60108,18.60108,21.0238,21.18962,18.68154,14.03567,16.12452,13.34166,36.13862,36.13862,38.47077,38.47077,40.0,44.01136,43.18565,45.17743,50.08992,48.6621,53.46027,51.78803,57.07013,60.01666,60.44005,60.08328,62.96825,62.96825,66.09841,67.77905,67.08204,69.77105,72.00694,69.35416,69.77105,72.56032,74.30343,74.94665,72.40166,70.83078,69.35416,72.06941,69.97142,70.83078,70.3278,68.96376,68.0,69.77822,72.01389,71.86793,71.30919,74.09453,72.44998,74.94665,71.47027,71.7844,75.96052,74.33034,76.53757,76.55064,75.58439,77.16217,79.05694,75.02666,76.55064,76.89603,75.27284
10.0,10.04988,9.05539,9.05539,9.05539,9.05539,8.06226,8.06226,8.06226,7.07107,7.28011,7.28011,7.28011,6.32456,6.32456,6.7082,5.83095,5.83095,5.83095,5.83095,5.83095,5.83095,5.83095,5.83095,5.83095,5.83095,5.83095,5.83095,5.83095,5.83095,5.38516,5.38516,5.38516,5.09902,5.09902,4.12311,4.12311,4.0,4.0,4.0,4.0,3.16228,3.16228,3.16228,3.16228,2.23607,2.82843,2.82843,2.23607,2.23607,2.0,2.0,70.71068,67.02984,64.28063,58.69412,57.31492,60.20797,52.08647,55.08176,48.01042,48.01042,45.04442,44.04543,43.04649,43.10452,42.42641,41.59327,37.85499,37.36308,37.85499,33.73426,34.48188,32.57299,37.33631,34.17601,32.31099,32.69557,33.12099,34.9285,33.10589,30.46309,31.38471,32.31099,30.08322,33.24154,32.31099,31.32092,32.28002,30.41381,27.65863,28.44293,27.16616,28.01785,26.1725,24.73863,25.96151,21.58703,20.61553,19.23538,19.69772,21.26029,18.02776,18.43909,17.20465,15.26434,15.23155,14.31782,14.0,32.80244,32.44996,34.88553,39.0,37.69615,41.4367,42.72002,43.41659,45.12206,44.91102,46.52956,50.9902,55.57877,54.74486,60.29925,59.03389,63.12686,60.13319,65.06919,66.18912,69.35416,71.34424,70.5762,69.72087,71.02112,72.00694,70.21396,71.58911,70.83078,72.56721,69.12308,70.40597,70.34202,71.80529,70.83078,67.68309,69.87131,69.72087,68.88396,70.34913,70.45566,72.33948,74.24284,71.11259,74.24284,75.00667,73.06162,74.0,78.00641,75.02666,75.05998,75.02666,79.05694,74.06079,78.31347,75.23962,76.32169
11.04536,10.04988,9.05539,10.04988,9.05539,9.0,9.0,8.0,8.06226,7.07107,8.06226,8.06226,7.07107,7.07107,7.07107,7.28011,6.32456,6.32456,6.32456,6.32456,6.32456,6.32456,6.7082,6.7082,6.7082,6.7082,6.32456,6.32456,6.32456,6.32456,6.32456,6.32456,5.09902,6.08276,6.08276,6.08276,5.0,5.0,5.0,5.09902,4.12311,4.12311,4.12311,4.47214,3.60555,3.16228,3.60555,2.82843,2.82843,2.23607,2.23607,2.23607,64.77654,62.39391,60.40695,59.3043,59.07622,53.23533,51.08816,53.00943,50.01,47.01064,47.04253,43.18565,46.27094,40.0125,39.81206,39.62323,38.63936,37.10795,34.48188,35.73514,36.76955,31.01612,33.24154,36.67424,33.54102,34.98571,34.1321,32.24903,32.20248,34.0,34.88553,33.54102,30.41381,30.41381,33.24154,29.54657,31.62278,32.28002,31.32092,28.63564,30.14963,29.15476,26.01922,27.01851,23.76973,24.08319,23.34524,22.80351,19.69772,18.38478,21.40093,18.60108,16.27882,17.69181,15.26434,13.92839,13.60147,31.7805,35.1141,35.1141,36.13862,41.0,40.1995,43.28972,43.10452,43.18565,47.04253,49.0,51.24451,55.03635,55.00909,57.21888,59.5399,61.52235,62.36986,62.80127,66.91039,66.70832,68.88396,69.64194,69.57011,68.94926,70.5195,68.94926,71.51224,69.28925,73.37575,67.06713,67.05222,66.40783,69.92138,70.60453,67.91171,69.12308,69.857,67.18631,69.42622,70.61161,72.56032,70.85901,72.83543,70.45566,67.36468,70.45566,73.00685,76.23647,76.23647,72.44308,72.1734,72.56032,72.33948,72.69113,77.41447,73.33485
9.05539,9.0,8.0,9.05539,8.0,8.0,8.0,7.0,7.0,6.08276,6.08276,6.08276,6.08276,5.09902,5.09902,5.09902,5.38516,5.38516,5.38516,4.47214,4.47214,4.47214,4.47214,4.47214,4.47214,4.47214,5.38516,4.47214,4.47214,5.38516,5.09902,4.12311,5.09902,5.09902,4.0,4.0,4.0,4.0,4.12311,3.16228,3.16228,3.60555,3.60555,3.60555,2.82843,2.82843,2.82843,3.16228,2.23607,3.16228,3.0,3.0,65.52099,64.28841,58.24946,59.13544,57.48913,52.88667,51.1957,49.0306,46.09772,45.39824,45.89118,43.73786,45.17743,40.04997,39.01282,39.11521,35.01428,33.06055,35.0571,36.12478,35.35534,34.52535,32.01562,29.42788,34.52535,35.17101,31.32092,31.62278,30.08322,31.32092,30.8707,32.57299,30.67572,31.32092,27.65863,28.44293,31.14482,32.0,30.06659,31.0,28.0,28.07134,23.5372,23.19483,24.35159,24.16609,22.82542,22.82542,20.51828,20.51828,18.43909,18.02776,18.02776,15.81139,13.15295,14.86607,14.14214,34.17601,35.17101,35.35534,39.20459,39.05125,41.01219,43.0,44.01136,45.04442,46.17359,50.08992,52.23983,55.14526,55.7315,57.27128,58.46366,65.25335,61.84658,65.0,70.2282,71.30919,68.15424,71.51224,71.30919,70.93659,74.46476,73.40981,71.58911,70.68239,70.68239,70.21396,70.21396,68.88396,72.01389,69.35416,71.58911,71.30919,71.16881,69.57011,70.88018,70.83784,73.37575,72.53275,74.2159,69.12308,74.52516,73.4983,74.2159,76.15773,73.97973,75.50497,78.64477,77.66595,70.83078,75.18643,72.03471,71.30919
10.63015,9.21954,10.0,9.21954,9.21954,8.60233,8.60233,8.60233,8.06226,8.06226,7.2111,7.2111,6.7082,6.7082,6.7082,6.32456,6.32456,6.32456,6.08276,6.32456,6.32456,6.08276,6.08276,6.08276,6.08276,6.08276,6.08276,6.08276,6.08276,6.32456,5.38516,5.38516,5.38516,5.83095,5.83095,5.83095,5.0,5.0,4.24264,4.24264,4.24264,3.60555,3.60555,3.60555,3.16228,3.16228,3.16228,3.0,2.0,2.23607,2.23607,1.41421,68.88396,63.25346,61.22091,57.80138,56.61272,49.0408,51.0392,51.61395,48.8774,48.54894,45.79301,43.909,43.38202,42.94182,38.91015,38.48376,39.35734,37.69615,37.0,37.64306,35.17101,33.24154,32.75668,33.73426,34.20526,33.24154,33.54102,35.35534,35.12834,31.06445,31.40064,32.55764,33.37664,32.55764,31.40064,31.32092,32.31099,31.38471,31.76476,29.15476,28.6531,26.41969,25.80698,24.04163,26.90725,25.0,20.0,21.93171,21.63331,17.46425,14.86607,16.27882,18.24829,17.0,16.49242,14.56022,12.64911,31.0,33.01515,33.01515,37.48333,39.31921,39.29377,40.02499,42.05948,44.27189,47.75982,48.8467,50.56679,52.39275,54.12024,57.45433,56.82429,61.29437,61.85467,59.40539,62.20129,66.21933,65.29931,68.68042,70.83784,70.71068,70.00714,70.00714,67.17887,69.29646,68.593,69.31089,69.31089,67.89698,66.48308,70.00714,67.17887,68.68042,67.35726,68.88396,68.24954,67.80118,70.80254,69.02898,75.45197,68.00735,73.00685,70.0,72.40166,73.81734,78.49204,73.00685,73.81734,75.80237,74.06079,73.00685,71.61006,76.2168
10.04988,9.05539,9.21954,9.21954,8.24621,8.24621,8.24621,7.28011,7.61577,7.28011,7.28011,6.7082,6.7082,6.7082,6.7082,5.83095,5.83095,5.83095,5.83095,5.65685,6.40312,5.65685,5.65685,5.65685,6.40312,5.65685,5.65685,5.83095,5.0,5.83095,5.83095,5.83095,4.47214,5.38516,5.38516,5.38516,4.12311,4.12311,4.0,4.0,4.0,3.0,3.16228,3.16228,3.16228,2.23607,2.23607,2.82843,2.23607,2.23607,2.23607,2.0,66.27217,63.07139,61.20457,58.21512,58.30952,53.33854,52.46904,52.46904,50.24938,48.6621,45.12206,43.65776,42.72002,40.80441,38.60052,41.78516,36.76955,38.47077,36.76955,37.12142,33.61547,32.24903,33.6006,31.90611,31.40064,30.80584,35.60899,31.89044,32.01562,32.64966,31.14482,32.64966,34.20526,33.6006,34.66987,31.90611,29.06888,29.54657,34.0147,30.67572,27.89265,24.5153,26.07681,28.0,23.02173,24.08319,21.0238,23.08679,18.68154,18.38478,18.38478,19.72308,17.69181,15.55635,14.42221,15.65248,14.86607,34.05877,33.01515,35.8469,35.77709,39.0,38.91015,43.65776,41.78516,46.23851,45.60702,45.88028,51.92302,53.85165,55.9017,57.27128,57.87055,59.13544,63.1981,64.49806,65.03076,65.00769,68.06614,68.0,67.1193,69.18092,71.02816,70.45566,71.34424,70.25667,69.18092,70.34913,69.06519,68.35934,69.02898,70.11419,70.02857,67.06713,70.0,66.06815,72.06247,71.06335,72.1734,72.1734,70.25667,67.36468,74.24284,70.34913,73.5527,75.53807,75.53807,73.5527,76.32169,73.33485,71.34424,74.54529,73.68175,73.33485
9.84886,9.84886,8.94427,8.94427,8.06226,8.06226,8.06226,7.61577,7.2111,7.2111,7.2111,6.40312,6.40312,6.40312,5.65685,5.65685,5.65685,5.65685,5.0,5.0,5.0,5.0,5.0,5.83095,5.0,5.0,5.0,5.0,5.0,5.0,5.0,5.0,5.0,5.0,5.0,4.47214,4.47214,4.47214,4.12311,4.12311,4.12311,3.0,3.0,3.0,3.16228,3.16228,3.16228,2.23607,2.82843,2.82843,2.82843,2.23607,62.64184,65.14599,59.80803,60.40695,61.68468,52.55473,52.81098,50.92151,50.08992,47.01064,45.61798,44.28318,42.94182,41.59327,40.22437,41.04875,38.60052,37.01351,34.82815,38.20995,36.76955,37.48333,32.52691,32.64966,31.40064,32.01562,33.30165,35.0,35.80503,33.01515,33.6006,34.4093,31.62278,27.45906,36.12478,29.69848,31.1127,30.61046,30.0,28.01785,30.80584,26.40076,26.40076,26.0,23.76973,24.35159,24.33105,20.09975,19.0263,20.09975,19.10497,19.92486,20.39608,16.40122,15.55635,13.45362,13.60147,37.48333,34.82815,39.20459,41.04875,42.72002,38.94868,43.38202,44.38468,47.92703,52.92447,54.78138,52.55473,56.61272,58.24088,56.29387,63.06346,62.16912,64.13267,63.95311,67.47592,69.35416,70.5762,72.24957,72.33948,74.10803,74.10803,70.06426,69.02898,73.24616,71.02816,73.33485,67.18631,72.24957,72.06247,71.00704,73.17103,71.56815,70.85901,70.03571,69.2315,68.88396,73.97973,71.06335,76.92204,70.60453,75.69016,73.24616,75.0,76.24303,77.20104,76.2168,76.844,71.7844,76.92204,77.49194,74.94665,76.24303
12.04159,11.04536,11.04536,10.04988,10.04988,10.04988,9.05539,9.05539,9.05539,8.24621,8.24621,8.24621,7.28011,7.28011,7.28011,7.28011,6.7082,6.32456,6.7082,6.7082,6.7082,6.7082,6.7082,6.7082,6.7082,6.7082,6.7082,6.32456,6.32456,6.32456,6.32456,6.32456,6.08276,6.08276,6.08276,6.08276,6.0,5.0,5.09902,5.09902,5.09902,5.09902,5.09902,4.47214,4.47214,4.47214,3.60555,4.24264,4.24264,3.60555,3.60555,3.16228,68.24954,61.39218,66.75328,60.01666,60.29925,57.70615,53.33854,54.58938,48.09366,51.08816,47.04253,44.01136,44.18144,41.01219,40.11234,41.30375,40.4475,38.32754,38.83298,36.40055,38.07887,33.95585,38.27532,34.78505,34.43835,34.17601,27.313,35.44009,31.95309,34.53983,30.08322,32.20248,31.38471,35.4683,30.36445,32.01562,32.75668,32.01562,29.27456,28.63564,27.01851,28.01785,27.0,29.15476,26.4764,25.17936,23.76973,18.68154,21.0238,18.35756,20.0,17.69181,19.79899,16.27882,16.12452,15.23155,15.0333,33.83785,36.13862,32.38827,41.4367,37.05401,44.01136,44.10215,43.0,46.09772,44.04543,50.08992,50.24938,56.32051,57.70615,59.03389,55.10898,63.56099,60.16644,68.41053,67.35726,65.14599,70.83784,68.00735,66.70832,70.38466,72.23573,67.54258,75.6439,66.30988,75.76939,66.70832,73.92564,71.69379,68.94926,69.64194,68.70953,64.84597,68.94926,71.47027,70.0928,73.00685,64.56005,73.1642,72.36712,71.19691,76.11833,72.00694,72.83543,77.78175,70.85901,76.11833,75.31268,82.03658,70.03571,73.34848,75.95393,71.70077
10.81665,10.81665,10.0,10.0,10.0,9.21954,9.21954,9.21954,9.21954,7.81025,8.48528,8.48528,7.81025,7.81025,7.81025,7.2111,7.2111,6.40312,7.2111,7.2111,7.2111,6.7082,6.7082,6.7082,6.7082,5.83095,7.2111,6.7082,6.7082,6.40312,6.40312,6.40312,6.40312,6.40312,5.65685,5.65685,5.65685,5.0,5.0,5.0,4.47214,4.47214,4.47214,4.12311,4.12311,4.12311,4.0,4.0,3.0,3.16228,3.16228,3.16228,68.47627,64.49806,63.81222,63.52952,58.66856,56.0803,57.68882,53.0,48.54894,50.21952,46.61545,46.2277,45.34314,41.86884,44.20407,45.34314,41.01219,36.76955,36.79674,37.48333,35.0,36.87818,34.4093,34.4093,33.01515,31.38471,34.4093,35.77709,34.98571,34.48188,35.22783,35.51056,33.28663,31.06445,33.6006,32.80244,31.89044,33.97058,32.80244,32.64966,32.20248,26.62705,26.92582,27.73085,25.94224,26.57066,23.4094,21.84033,24.18677,20.09975,21.0,19.23538,17.72005,18.02776,16.55295,16.64332,15.6205,34.43835,35.8469,39.44617,36.89173,39.82462,41.7732,41.03657,44.55334,48.16638,46.75468,50.0,52.80152,57.00877,56.85948,56.85948,63.60031,63.63175,65.74192,64.88451,68.0,67.08204,70.38466,71.86793,70.93659,68.00735,69.28925,68.94926,70.83784,70.2282,70.5195,68.62215,69.57011,70.5195,71.69379,71.86793,69.28925,69.77822,68.02941,69.77822,71.55418,68.47627,72.89719,72.47068,74.09453,71.19691,73.4983,75.47185,72.40166,76.32169,74.33034,77.17513,75.71658,78.39005,75.47185,74.43118,77.17513,75.29276
11.04536,11.04536,10.04988,10.04988,9.05539,9.05539,9.05539,9.05539,8.24621,8.24621,8.24621,8.24621,7.28011,7.28011,7.61577,7.61577,7.61577,6.7082,6.7082,6.7082,6.7082,6.7082,6.7082,6.7082,6.7082,6.7082,6.7082,6.7082,6.7082,6.7082,6.7082,6.32456,6.32456,6.32456,6.08276,5.09902,5.09902,5.09902,5.0,5.0,5.0,5.0,4.12311,4.12311,4.12311,3.16228,3.16228,3.60555,3.60555,2.82843,2.82843,2.23607,69.2315,64.13267,61.0,61.39218,59.68249,60.41523,52.61179,54.58938,51.47815,50.08992,50.15974,45.09989,49.09175,43.04649,43.01163,41.01219,41.10961,38.32754,37.65634,38.47077,36.13862,36.13862,35.73514,35.44009,34.48188,34.17601,36.05551,33.61547,33.24154,32.89377,33.24154,34.78505,31.95309,32.89377,34.20526,32.75668,34.23449,34.20526,29.42788,29.06888,31.14482,29.01724,29.01724,29.27456,23.34524,24.5153,24.73863,23.08679,22.36068,18.60108,20.80865,19.84943,18.43909,18.02776,15.81139,16.15549,15.52417,31.95309,34.78505,36.87818,39.31921,38.0526,40.11234,41.0,45.17743,44.0,48.04165,49.16299,50.35871,54.74486,53.93515,59.03389,55.31727,61.61169,63.06346,64.28841,61.35145,66.7308,71.16881,68.15424,70.5762,72.49828,72.61543,70.93659,71.58911,68.02941,71.69379,69.857,67.23095,67.1193,70.00714,71.86793,71.16881,68.94926,67.05222,65.45991,70.88018,68.68042,70.0928,70.34202,73.34848,69.63476,70.83078,72.18033,73.82412,73.97973,76.29548,75.50497,77.46612,76.11833,74.52516,72.99315,72.56721,72.83543
10.29563,9.84886,9.84886,8.94427,8.94427,8.94427,8.544,7.61577,7.61577,7.61577,7.28011,7.28011,7.28011,6.08276,6.08276,6.08276,6.08276,6.08276,5.0,5.0,5.0,5.0,6.0,5.0,5.0,6.0,5.0,5.0,5.0,5.0,5.0,5.09902,5.09902,5.09902,5.38516,5.38516,4.47214,4.47214,4.47214,3.60555,4.24264,4.24264,4.24264,3.60555,3.60555,3.60555,3.60555,3.16228,3.16228,3.0,3.0,3.16228,67.74216,64.49806,63.13478,61.29437,55.00909,57.69749,55.9017,51.42956,54.56189,46.09772,49.0408,48.38388,42.37924,41.10961,42.05948,38.83298,39.56008,36.13862,33.24154,37.21559,39.05125,35.0571,33.13608,33.13608,32.0,32.38827,33.01515,34.0,34.0147,32.14032,33.06055,34.1321,34.0147,31.06445,36.0,28.0,31.06445,31.40064,30.59412,29.61419,28.16026,29.73214,26.40076,26.40076,24.16609,21.63331,25.0,22.67157,19.10497,22.62742,24.04163,20.80865,19.72308,18.97367,16.49242,18.02776,18.02776,32.24903,35.90265,38.32754,41.23106,39.56008,38.8973,43.65776,43.46263,45.31004,49.1935,50.08992,50.53712,53.66563,57.80138,55.75841,59.90826,65.45991,63.60031,67.20119,68.88396,66.70832,70.29225,72.24957,70.0928,69.31089,74.41102,70.72482,71.44928,70.72482,73.59348,72.13876,70.00714,68.62215,66.52819,72.91776,70.29225,69.6563,70.21396,68.24222,68.8186,71.84706,71.86793,73.24616,73.24616,72.89719,77.69813,74.30343,76.47876,77.36924,76.94154,78.89233,79.15807,76.94154,77.89737,76.94154,77.89737,74.79305
11.7047,10.77033,10.77033,9.84886,9.84886,9.84886,8.94427,8.94427,8.94427,8.06226,8.06226,8.06226,7.2111,7.2111,7.2111,7.81025,7.07107,6.40312,7.07107,7.07107,6.40312,6.40312,7.07107,6.40312,6.40312,6.40312,7.07107,6.40312,6.40312,6.40312,6.40312,6.40312,6.40312,6.40312,5.83095,5.83095,5.38516,5.38516,5.38516,5.38516,5.09902,5.09902,5.09902,4.0,4.0,4.0,4.0,4.12311,3.16228,3.16228,3.60555,2.82843,65.14599,61.98387,61.98387,60.16644,60.00833,57.24509,54.78138,51.07837,49.65884,47.01064,47.85394,48.8467,42.94182,40.31129,41.18252,40.49691,37.44329,36.61967,35.60899,36.23534,36.40055,34.65545,32.55764,31.82766,31.14482,32.52691,36.23534,32.80244,31.40064,33.01515,32.01562,34.05877,31.1127,28.6007,32.01562,31.82766,31.82766,30.4795,31.1127,28.6007,30.61046,29.15476,27.29469,26.92582,25.4951,22.80351,23.5372,23.76973,23.08679,24.02082,24.02082,20.0,21.84033,18.02776,17.0,17.80449,15.6205,31.1127,34.71311,37.20215,36.61967,42.19005,43.04649,40.24922,43.46263,45.18849,46.95743,52.39275,52.81098,52.20153,54.70832,57.87055,59.13544,63.34824,61.39218,61.39218,61.66036,65.49046,72.69113,67.47592,70.45566,69.35416,68.593,69.35416,69.11584,70.34913,68.06614,71.02816,68.26419,69.35416,68.26419,68.73136,69.26038,66.91039,68.65858,67.26812,70.60453,69.37579,69.37579,71.8401,73.37575,70.88018,70.2282,71.30919,70.83784,72.73239,73.05477,73.38937,75.61085,73.05477,72.73239,72.61543,71.7844,76.2168
10.44031,10.19804,10.19804,9.21954,9.21954,9.21954,8.06226,8.06226,8.06226,7.07107,7.07107,7.07107,7.0,6.0,6.0,6.0,6.08276,6.0,5.09902,5.09902,5.09902,5.09902,5.09902,5.09902,5.09902,5.09902,5.09902,5.09902,5.09902,5.09902,5.09902,5.09902,5.0,5.0,5.0,5.0,5.09902,4.12311,4.12311,4.47214,4.47214,4.47214,3.60555,3.60555,4.24264,3.60555,3.60555,3.60555,3.60555,3.16228,4.12311,3.0,64.88451,66.21178,66.30988,58.60034,60.74537,60.53924,53.85165,53.16014,47.12749,50.92151,48.76474,45.12206,43.73786,41.0,39.81206,39.20459,40.4475,35.22783,36.05551,35.0571,35.01428,33.0,35.51056,34.1321,33.24154,30.80584,30.08322,30.80584,31.257,31.7805,34.48188,29.61419,32.55764,27.29469,34.52535,30.14963,32.06244,32.0,30.0,30.01666,29.15476,27.89265,27.20294,26.24881,24.04163,26.0,23.02173,22.36068,21.47091,24.08319,20.61553,21.2132,20.24846,18.78829,19.72308,18.38478,16.27882,34.0147,37.01351,35.69314,40.79216,41.0,42.72002,41.48494,43.68066,46.61545,47.43416,53.85165,54.626,57.69749,55.9017,62.16912,60.90156,67.23095,65.19202,66.57327,67.42403,68.7968,73.60027,68.8186,69.52697,69.42622,75.0733,72.34639,74.51845,71.70077,73.40981,72.62231,71.70077,70.80254,70.21396,69.63476,71.84706,67.95587,72.71864,70.83078,74.30343,73.3553,68.47627,75.591,74.24958,74.24958,75.39231,78.79086,74.67262,76.32169,73.53911,74.73286,78.0,78.54935,74.32362,78.79086,76.15773,75.02666
10.77033,9.84886,9.84886,9.84886,8.544,8.544,8.544,8.544,7.28011,7.28011,7.28011,7.28011,6.08276,6.08276,6.08276,6.08276,6.0,6.0,6.0,5.0,5.0,5.0,5.0,5.09902,5.0,5.0,5.0,5.0,5.0,5.0,5.0,5.09902,5.09902,5.09902,5.09902,5.09902,5.38516,4.47214,4.47214,4.47214,4.24264,4.24264,4.24264,4.24264,3.60555,3.60555,3.60555,4.12311,4.12311,3.16228,4.0,4.0,62.64982,67.08204,59.48109,55.4617,59.9333,53.75872,51.07837,49.65884,48.46648,47.16991,44.92215,42.72002,42.72002,42.37924,39.29377,38.83298,32.75668,34.52535,35.12834,34.0147,32.06244,32.14032,29.01724,29.15476,30.06659,30.01666,33.13608,29.27456,29.06888,31.257,29.15476,30.41381,32.0,27.01851,31.01612,29.15476,31.01612,29.27456,27.45906,27.65863,30.41381,25.4951,29.54657,23.76973,25.07987,24.16609,24.18677,22.67157,22.67157,20.0,20.0,19.41649,18.60108,18.02776,18.68154,16.49242,17.11724,34.0147,34.05877,38.11824,40.79216,42.95346,39.29377,43.17407,43.32436,42.37924,47.53946,50.32892,52.92447,55.9464,56.85948,55.9017,62.17717,60.82763,64.49806,64.07027,66.03787,68.24222,65.21503,70.0,70.0,69.02898,70.0,69.02898,68.24954,71.8401,67.00746,70.43437,69.81404,68.41053,66.06815,71.61006,67.42403,69.63476,69.46222,66.37017,69.35416,66.57327,72.94518,68.8767,73.82412,70.21396,74.24958,71.11259,72.09022,73.82412,75.6439,73.00685,75.23962,70.21396,75.23962,75.6439,75.15318,73.40981
10.19804,10.19804,9.05539,9.05539,8.06226,8.06226,8.0,8.0,7.0,7.0,7.0,7.0,6.08276,6.08276,6.08276,5.09902,6.32456,5.38516,5.38516,5.38516,5.38516,5.38516,5.38516,5.83095,5.38516,5.38516,5.83095,4.47214,5.38516,5.38516,5.38516,5.38516,5.38516,5.09902,5.09902,5.0,5.0,4.0,4.0,4.12311,4.12311,4.12311,4.12311,4.47214,3.60555,3.60555,3.60555,3.60555,3.60555,3.60555,3.16228,3.16228,61.40033,63.56099,61.81424,59.22837,56.08921,52.17279,50.80354,50.63596,45.39824,46.09772,47.01064,45.04442,41.0,42.0,40.0,38.0,37.05401,36.34556,37.21559,38.63936,33.73426,32.55764,31.95309,31.62278,31.38471,32.31099,32.89377,33.24154,35.73514,34.17601,33.54102,32.89377,34.88553,32.31099,31.7805,30.08322,33.52611,31.32092,31.57531,30.59412,29.06888,31.0,29.06888,26.30589,27.07397,21.37756,22.80351,23.08679,21.18962,20.59126,22.36068,19.20937,19.84943,17.69181,19.69772,17.88854,16.12452,35.0571,39.11521,40.0125,43.04649,42.42641,41.7732,44.40721,47.85394,48.83646,51.41984,53.45091,54.70832,55.97321,61.09828,62.03225,63.56886,65.19202,68.02941,65.79514,68.44706,67.97794,71.55418,70.3278,71.19691,71.56116,72.40166,71.86793,72.71864,73.57309,71.69379,71.58911,70.71068,69.83552,69.31811,68.88396,69.35416,69.46222,69.46222,71.55418,68.02941,70.00714,72.12489,71.47027,75.69016,71.47027,78.1025,75.70997,74.1485,75.13322,74.46476,72.12489,75.18643,73.24616,72.56721,76.40026,73.00685,73.97973
10.0,10.0,9.21954,9.21954,7.81025,7.81025,7.81025,7.07107,7.07107,6.40312,6.40312,6.40312,6.40312,6.40312,5.83095,5.83095,5.83095,5.83095,5.38516,5.38516,5.38516,5.38516,5.38516,6.32456,5.38516,6.32456,6.32456,5.38516,5.38516,5.38516,5.38516,5.38516,5.83095,5.0,5.0,5.0,5.0,4.24264,4.24264,4.24264,3.60555,3.60555,3.60555,3.16228,3.16228,3.16228,3.16228,3.0,2.0,2.23607,2.23607,2.23607,68.62215,60.08328,63.32456,58.5235,54.78138,54.626,49.65884,50.56679,45.31004,46.09772,46.06517,42.19005,43.56604,39.44617,36.89173,37.80212,35.80503,34.82815,35.4683,32.64966,34.65545,35.35534,32.64966,30.41381,32.01562,34.82815,31.241,35.0,30.80584,33.61547,32.01562,35.0,31.241,29.83287,33.30165,29.69848,30.41381,29.0,29.73214,29.83287,31.40064,26.92582,27.29469,25.63201,28.16026,23.25941,23.5372,21.37756,21.0238,20.02498,18.11077,21.09502,17.72005,18.78829,17.49286,15.6205,15.81139,32.80244,36.23534,36.06938,38.20995,40.36087,42.43819,43.01163,41.6173,48.76474,47.01064,50.11986,55.9464,56.82429,59.03389,63.15853,59.80803,65.45991,61.68468,65.78754,67.68309,67.18631,71.80529,67.44627,67.68309,71.38627,72.00694,69.05071,71.84706,70.5762,69.72087,67.74216,73.5527,68.73136,67.60178,69.05071,68.06614,64.03124,66.21933,65.52099,68.96376,70.2282,66.09841,72.11103,71.86793,70.93659,68.94926,71.51224,73.53911,73.73602,69.46222,71.69379,77.07788,74.33034,67.77905,70.77429,74.33034,71.16881
10.0,9.0,9.0,9.0,8.0,8.0,8.06226,7.07107,7.07107,7.07107,6.08276,6.08276,6.32456,6.32456,5.38516,5.38516,5.38516,5.38516,5.38516,5.38516,4.47214,5.0,5.0,5.0,5.0,5.0,5.83095,5.0,5.83095,5.83095,4.47214,5.38516,5.38516,5.38516,5.09902,5.09902,5.09902,4.0,4.0,4.0,4.12311,4.12311,4.12311,3.60555,3.60555,3.60555,3.60555,3.60555,3.60555,3.60555,3.16228,3.16228,60.53098,61.66036,62.1289,57.14018,57.00877,54.03702,52.03845,52.00961,47.09565,47.04253,43.28972,44.55334,42.42641,40.31129,39.62323,36.67424,40.26164,34.48188,32.57299,31.38471,35.8469,31.7805,33.10589,31.76476,27.29469,27.78489,30.52868,31.90611,30.23243,32.20248,35.77709,31.62278,29.15476,31.30495,31.76476,32.20248,29.06888,32.20248,31.01612,27.45906,30.59412,29.83287,26.1725,26.01922,25.07987,25.01999,25.17936,22.09072,25.70992,21.54066,20.24846,22.36068,17.80449,17.80449,18.38478,18.60108,16.55295,34.71311,38.47077,37.21559,42.0119,42.0,41.0,45.17743,46.27094,47.51842,44.72136,51.62364,53.15073,58.24946,57.48913,61.40033,60.08328,63.56886,62.93648,65.45991,67.77905,67.06713,72.49828,69.07966,70.68239,73.92564,72.49828,73.82412,73.40981,69.77105,74.70609,67.97794,72.23573,68.942,67.23095,69.07966,68.94926,66.7308,67.06713,68.00735,70.34202,69.37579,69.42622,72.18033,69.05071,70.85901,76.65507,71.44928,75.53807,74.96666,73.97973,71.56815,75.32596,73.68175,71.44928,72.83543,75.80237,71.44928
10.0,9.21954,9.21954,9.21954,8.60233,8.60233,8.06226,7.2111,7.2111,6.7082,6.7082,6.7082,6.7082,6.32456,6.32456,6.32456,6.08276,5.09902,6.08276,5.09902,5.09902,5.09902,5.09902,5.09902,5.0,6.08276,6.0,5.09902,5.09902,6.08276,5.09902,5.38516,5.38516,5.38516,5.38516,5.38516,5.0,5.0,5.0,4.24264,4.24264,4.24264,3.60555,3.60555,4.47214,3.60555,4.12311,4.12311,4.12311,4.0,3.0,3.16228,65.06919,60.20797,61.22091,58.13777,55.21775,53.60037,54.08327,50.47772,45.80393,44.77723,42.72002,39.82462,44.38468,38.48376,36.76955,38.07887,38.27532,36.67424,37.85499,35.51056,36.12478,32.55764,35.0571,33.13608,31.0,35.01428,31.01612,33.06055,32.0,34.05877,31.14482,34.0,34.0147,35.12834,32.01562,30.06659,33.54102,30.80584,30.80584,28.86174,32.57299,28.23119,28.23119,27.29469,25.05993,27.45906,24.41311,23.34524,25.80698,24.75884,20.24846,22.36068,20.88061,18.97367,17.46425,18.02776,18.0,34.48188,36.40055,39.81206,41.67733,43.56604,44.40721,43.82921,45.45327,48.9183,48.27007,55.9017,52.49762,58.79626,59.39697,60.10824,62.28965,65.94695,64.03124,67.62396,69.02898,70.80254,70.21396,71.28113,70.72482,71.56116,73.78347,70.17834,70.83078,71.34424,70.17834,69.89278,71.02112,70.83078,67.1193,69.06519,69.40461,68.24954,69.42622,68.68042,70.03571,68.62215,70.72482,73.5527,70.03571,72.13876,72.34639,70.72482,75.16648,71.50524,73.75636,73.10951,75.60423,74.51845,74.65253,74.02702,74.41102,73.87828
9.43398,8.94427,8.94427,8.94427,7.61577,7.61577,7.61577,7.28011,6.32456,6.32456,6.08276,6.08276,6.08276,6.08276,6.08276,6.0,6.0,6.0,5.09902,6.0,6.0,5.09902,5.09902,6.08276,6.08276,6.08276,5.09902,6.08276,5.0,6.0,5.0,5.0,5.0,5.09902,5.09902,5.09902,4.12311,4.47214,4.47214,4.47214,3.60555,3.60555,3.60555,2.82843,2.82843,3.60555,3.16228,3.16228,3.16228,3.0,3.0,2.23607,63.07139,59.9333,59.03389,58.18075,54.78138,49.98,51.07837,47.75982,47.75982,45.88028,45.12206,43.41659,44.38468,40.4475,42.57934,36.22154,37.21559,34.0147,34.0147,36.12478,34.05877,33.24154,32.38827,31.7805,31.04835,33.95585,32.38827,35.17101,32.28002,30.59412,33.24154,32.28002,32.28002,31.7805,34.9285,32.38827,34.52535,33.13608,32.01562,30.0,28.07134,27.07397,27.45906,29.83287,26.92582,28.4605,23.25941,24.69818,22.36068,20.80865,22.02272,19.10497,19.10497,19.23538,18.97367,16.15549,15.13275,35.01428,34.1321,37.65634,40.60788,40.16217,43.9659,42.05948,43.46263,47.53946,49.24429,52.35456,53.22593,55.9464,56.0803,57.3062,62.68174,65.21503,64.63745,69.06519,66.21933,66.06815,71.06335,74.41102,70.03571,67.89698,72.24957,70.71068,69.31089,70.76722,72.18033,70.00714,70.0928,67.94115,67.62396,70.43437,66.8431,69.02898,69.40461,67.95587,67.74216,67.41662,69.46222,70.49113,71.19691,68.47627,74.70609,70.23532,71.55418,72.91776,74.24284,73.79024,70.68239,70.66116,72.01389,75.13322,73.3553,70.26379
11.04536,10.04988,10.04988,10.04988,9.0,9.0,9.0,8.0,8.0,8.0,8.0,7.07107,7.07107,7.07107,7.28011,7.28011,6.32456,6.32456,6.32456,6.32456,6.32456,6.32456,6.32456,6.32456,6.32456,6.32456,6.32456,6.32456,6.32456,6.32456,6.08276,6.08276,6.08276,6.08276,6.0,6.0,6.0,6.0,5.09902,5.09902,5.09902,5.38516,5.38516,4.47214,4.47214,5.0,4.24264,4.24264,4.24264,3.60555,3.60555,3.16228,67.89698,62.36986,60.01666,54.74486,60.29925,53.46027,54.58938,50.15974,48.25971,49.0408,46.01087,46.01087,43.10452,44.01136,43.41659,37.21559,38.20995,37.33631,35.69314,38.07887,33.24154,35.44009,37.69615,31.7805,34.0147,36.40055,35.34119,34.0,34.9285,34.88553,35.77709,34.43835,36.23534,31.7805,33.83785,36.40055,36.68787,35.1141,33.95585,29.27456,30.14963,32.14032,31.0,27.01851,27.16616,29.27456,25.17936,23.76973,24.04163,21.9545,23.70654,22.02272,23.43075,21.93171,19.41649,17.0,18.68154,36.40055,37.36308,37.85499,38.47077,46.17359,45.09989,45.04442,46.01087,48.09366,52.03845,53.33854,57.14018,57.31492,59.5399,61.0,63.78871,62.58594,65.80274,64.7611,70.2282,68.35203,69.57011,73.05477,73.73602,69.77822,72.09022,70.77429,69.46222,73.00685,71.69379,69.46222,69.857,71.58911,70.77429,70.38466,69.28925,71.16881,69.92138,69.64194,70.88018,68.41053,72.03471,70.40597,74.8131,73.1642,76.53104,74.96666,77.10383,75.95393,77.92946,76.48529,76.65507,75.31268,73.5459,74.54529,72.00694,75.50497
11.04536,10.04988,10.04988,9.05539,10.04988,9.21954,8.24621,8.24621,8.24621,8.24621,7.28011,7.28011,7.61577,6.7082,6.7082,6.7082,6.7082,6.7082,5.83095,5.83095,5.83095,6.40312,6.40312,6.40312,6.40312,6.40312,6.40312,6.40312,6.40312,6.40312,5.83095,5.83095,5.83095,6.32456,6.32456,6.32456,6.32456,5.09902,5.09902,5.0,5.0,5.0,5.0,5.09902,5.09902,4.12311,4.47214,4.47214,3.60555,3.60555,3.60555,3.60555,67.26812,61.29437,59.68249,58.54912,57.70615,54.33231,51.62364,51.41984,49.72927,44.91102,42.95346,43.41659,42.72002,44.01136,40.49691,40.8534,39.44617,36.35932,39.11521,34.66987,36.40055,33.01515,34.82815,35.60899,30.41381,34.65545,36.23534,34.65545,35.38361,32.55764,33.42155,34.05877,34.82815,36.12478,35.60899,32.01562,36.05551,35.51056,33.54102,30.52868,32.20248,30.67572,29.41088,29.12044,27.89265,26.07681,25.07987,24.08319,24.02082,21.37756,20.61553,21.84033,21.18962,18.35756,18.02776,20.51828,17.20465,31.62278,36.35932,38.58756,38.48376,42.54409,44.64303,43.9659,46.17359,47.80167,47.53946,48.83646,52.61179,55.44367,59.3043,61.29437,58.13777,64.12488,63.12686,66.0,67.02984,67.1193,70.02857,71.11259,69.35416,72.56032,69.46222,73.5527,75.32596,70.71068,73.5527,68.73136,69.46222,67.47592,69.06519,71.11259,72.02777,69.02898,69.02898,70.02857,69.02898,72.11103,69.06519,69.35416,72.69113,73.17103,66.61081,73.43705,76.29548,77.64664,74.67262,74.96666,75.80237,77.78175,70.71068,75.32596,76.94154,72.56032
9.0,9.0,9.05539,8.06226,8.06226,8.06226,7.07107,7.07107,7.07107,7.07107,6.32456,6.32456,6.32456,5.38516,5.38516,5.38516,5.83095,5.83095,5.0,5.0,5.0,5.0,5.0,5.0,5.0,5.0,5.0,5.0,5.0,5.0,4.47214,5.38516,4.47214,5.38516,5.09902,5.09902,4.12311,4.12311,4.12311,4.0,4.0,4.0,4.12311,3.16228,3.60555,3.60555,3.60555,2.82843,2.82843,3.60555,3.16228,3.16228,65.03076,65.06919,56.0803,59.3043,55.57877,52.15362,51.47815,48.50773,47.51842,44.91102,45.22168,44.92215,41.78516,42.05948,39.21734,41.78516,35.34119,37.12142,36.24914,36.71512,40.22437,33.01515,31.62278,31.89044,32.20248,33.24154,32.55764,33.6006,33.30165,33.42155,33.42155,34.65545,34.05877,31.82766,37.53665,33.01515,32.01562,32.20248,33.83785,32.20248,28.23119,29.73214,27.85678,27.51363,25.4951,26.30589,24.18677,23.02173,22.02272,24.08319,19.23538,19.64688,18.78829,19.41649,17.20465,17.02939,17.20465,32.89377,35.1141,37.33631,39.05125,41.7732,42.75512,44.91102,45.70558,47.51842,47.01064,53.00943,53.0,56.0,60.07495,60.0,61.13101,64.07027,65.37584,66.48308,66.37017,67.47592,71.56815,72.56721,70.0928,72.53275,74.46476,70.21396,72.56721,71.30919,71.80529,69.12308,71.30919,70.21396,72.18033,69.87131,70.71068,71.02112,69.72087,70.85901,67.36468,71.25307,73.10951,73.00685,74.00676,70.00714,69.18092,73.00685,76.32169,74.33034,74.06079,75.00667,75.16648,78.1025,74.24284,76.0,75.10659,72.24957
10.81665,10.29563,10.29563,9.43398,8.94427,8.94427,8.544,8.544,8.544,7.61577,7.61577,7.28011,7.28011,7.28011,6.08276,7.07107,7.07107,7.07107,6.0,6.0,7.0,7.0,7.0,7.0,6.0,6.0,7.0,6.0,6.0,7.0,6.0,6.08276,6.08276,6.08276,6.08276,6.32456,5.38516,5.38516,5.38516,4.47214,5.0,4.47214,4.24264,4.24264,4.24264,3.60555,3.60555,3.16228,3.16228,3.16228,2.0,2.0,63.63175,60.20797,59.5399,55.47071,55.56978,55.56978,47.41308,52.3259,46.06517,48.8467,44.59821,43.9659,41.10961,38.32754,40.5216,37.85499,38.07887,36.49658,35.22783,33.01515,38.11824,34.05877,36.0,34.36568,33.06055,34.36568,32.14032,32.14032,33.37664,31.14482,33.24154,36.49658,32.14032,33.13608,35.0571,36.05551,35.12834,32.24903,32.01562,33.13608,30.59412,30.08322,29.15476,26.24881,28.79236,24.16609,28.6007,22.80351,22.80351,22.02272,19.84943,20.80865,18.60108,20.24846,14.56022,16.03122,16.0,33.01515,38.01316,35.22783,39.45884,38.32754,40.16217,40.49691,43.01163,44.77723,43.86342,49.1935,50.11986,53.22593,58.30952,60.20797,57.14018,63.51378,59.07622,66.0303,64.2028,62.42596,67.47592,65.19202,67.89698,69.29646,68.593,70.72482,72.86288,65.76473,70.00714,67.17887,70.71068,66.52819,65.8559,65.94695,68.76772,61.7171,66.8431,68.11755,68.00735,72.42237,66.4003,75.16648,65.19202,71.02112,70.17834,70.23532,69.97142,73.57309,72.06941,74.09453,74.94665,75.17978,68.96376,68.26419,73.4983,69.46222
10.04988,10.04988,9.05539,9.05539,8.0,8.0,8.0,8.0,7.0,7.07107,7.07107,6.08276,6.08276,6.08276,6.32456,6.32456,6.32456,5.38516,5.38516,5.38516,5.38516,5.38516,5.38516,5.83095,5.83095,5.83095,5.83095,5.38516,5.38516,5.38516,5.38516,5.38516,5.09902,5.09902,5.09902,5.09902,5.0,5.0,4.12311,4.12311,4.12311,4.12311,4.12311,3.60555,3.60555,3.60555,4.24264,2.82843,3.60555,3.16228,3.16228,3.0,62.16912,61.0,59.4138,56.32051,55.3263,54.58938,49.49747,53.46027,45.39824,48.0,47.01064,45.04442,42.04759,39.0,39.31921,38.63936,34.23449,33.54102,34.71311,33.24154,37.85499,31.62278,32.57299,33.10589,33.10589,33.61547,31.30495,32.24903,32.20248,35.35534,31.90611,33.10589,31.38471,31.95309,30.01666,32.69557,34.78505,35.17101,33.24154,33.54102,28.16026,26.07681,29.06888,26.07681,28.07134,26.01922,26.4764,23.08679,23.4094,21.93171,19.41649,19.20937,18.60108,17.69181,18.02776,17.88854,15.29706,35.4683,38.07887,37.10795,39.20459,37.48333,44.10215,42.04759,44.0,49.0102,46.01087,52.15362,52.03845,55.3263,58.54912,60.01666,57.87055,64.53681,64.03124,66.4906,68.96376,67.06713,70.83784,68.94926,70.38466,69.89278,70.38466,70.00714,73.1642,65.79514,73.40981,69.857,72.8011,67.1193,67.41662,69.64194,70.93659,65.80274,68.41053,66.70832,65.73431,70.0928,69.42622,72.36712,69.87131,72.18033,77.92946,72.83543,74.1485,71.19691,70.5762,72.83543,74.8131,75.53807,72.00694,70.03571,75.13322,69.72087
10.81665,10.81665,9.43398,9.43398,9.43398,8.94427,8.94427,8.06226,7.61577,7.61577,7.61577,7.61577,7.28011,7.28011,7.28011,7.28011,7.07107,6.08276,7.07107,6.08276,6.08276,6.08276,6.0,7.0,6.0,6.0,6.0,6.0,7.07107,6.08276,6.08276,6.08276,6.08276,6.32456,6.32456,5.38516,5.38516,5.83095,5.83095,5.0,5.0,5.0,5.0,4.24264,4.24264,3.60555,3.60555,4.47214,4.12311,3.16228,3.16228,3.0,66.6033,61.52235,60.44005,58.0517,58.25805,55.17246,52.40229,48.27007,46.87217,48.82622,46.61545,43.04649,42.54409,40.70626,42.54409,38.07887,39.56008,37.94733,36.05551,34.17601,35.73514,34.48188,35.12834,34.9285,36.12478,36.22154,33.06055,35.12834,33.01515,36.22154,35.0571,36.22154,31.14482,35.51056,34.52535,32.14032,35.17101,31.7805,31.04835,33.61547,32.31099,30.46309,28.17801,29.52965,26.62705,25.0,24.75884,24.04163,21.93171,23.60085,18.35756,22.36068,19.31321,16.49242,19.0263,16.03122,16.12452,33.24154,37.0,38.07887,41.18252,42.54409,41.67733,42.80187,46.04346,45.45327,45.60702,51.73973,53.15073,55.17246,55.86591,57.98276,59.03389,62.62587,61.7171,64.53681,65.60488,64.2028,66.85058,66.88797,69.33974,69.64194,70.17834,69.33974,72.56032,66.24198,71.19691,66.37017,71.02112,69.46222,69.06519,69.06519,66.85058,67.80118,66.4003,67.20863,69.52697,70.29225,67.94115,70.83784,69.35416,71.42129,72.13876,75.66373,74.27651,74.41102,70.0928,72.12489,73.66139,73.53911,72.13876,74.41102,72.18033,73.5527
9.05539,9.05539,9.05539,9.05539,8.06226,8.06226,8.0,7.0,7.0,7.0,7.0,7.07107,6.08276,6.08276,6.08276,6.32456,6.32456,6.32456,6.32456,6.32456,5.38516,5.83095,5.83095,5.83095,6.7082,5.83095,6.7082,5.38516,5.38516,6.32456,6.32456,5.38516,5.09902,5.09902,5.09902,5.0,5.0,5.0,4.0,4.12311,4.12311,4.12311,3.16228,3.16228,3.60555,2.82843,2.82843,2.82843,2.23607,2.23607,2.0,2.0,64.84597,60.40695,60.72891,57.56735,54.70832,52.20153,51.66237,51.1957,47.67599,44.72136,43.73786,41.30375,39.62323,40.04997,38.32754,38.01316,38.01316,35.0571,38.32754,37.05401,33.24154,33.37664,33.95585,33.73426,33.95585,32.98485,34.71311,34.20526,32.55764,31.32092,35.69314,35.51056,34.9285,34.52535,32.75668,33.73426,38.32754,32.14032,32.01562,31.01612,31.257,27.20294,29.12044,28.79236,25.07987,26.92582,21.9545,24.41311,18.60108,16.40122,16.97056,19.41649,18.86796,17.08801,17.08801,13.15295,16.12452,34.43835,34.78505,37.64306,39.29377,40.1995,41.19466,43.18565,44.10215,44.01136,49.0408,50.08992,55.14526,55.44367,55.44367,58.85576,59.84146,61.39218,61.84658,62.8172,64.56005,68.96376,70.5195,69.64194,73.53911,67.1193,70.26379,70.26379,68.88396,70.21396,72.09022,67.97794,68.8767,68.942,69.31811,68.54196,66.48308,69.28925,68.94926,69.64194,68.62215,67.72001,72.8011,70.5195,69.64194,68.68042,69.64194,68.68042,73.97973,71.56815,76.40026,74.73286,76.65507,68.94926,71.38627,75.43209,74.72617,73.76313
10.19804,10.19804,10.19804,9.21954,9.05539,8.06226,8.06226,8.06226,8.06226,8.0,8.0,7.0,7.0,7.0,7.0,7.07107,6.08276,6.08276,6.08276,6.08276,6.08276,6.32456,6.32456,6.32456,6.32456,6.32456,6.32456,6.08276,6.08276,6.08276,6.08276,6.08276,6.0,6.0,6.0,6.08276,6.08276,5.09902,5.09902,5.38516,5.38516,4.47214,4.47214,4.47214,3.60555,4.24264,4.24264,3.60555,3.60555,3.60555,3.16228,3.16228,67.1193,62.16912,59.9333,57.27128,55.54278,52.39275,51.47815,51.62364,49.64877,48.38388,46.32494,44.14748,43.17407,44.14748,40.02499,39.81206,38.32754,38.20995,36.01389,35.01428,36.05551,35.0571,33.13608,36.12478,33.13608,34.36568,30.59412,29.61419,37.48333,32.24903,35.22783,36.49658,32.38827,37.48333,31.257,33.06055,35.12834,36.12478,34.05877,29.27456,31.257,27.89265,27.89265,27.51363,29.15476,26.41969,24.69818,24.20744,20.61553,19.10497,20.51828,20.80865,17.49286,17.0,18.43909,16.0,16.0,33.37664,36.22154,37.0,41.04875,40.0125,40.31129,44.72136,45.70558,47.29693,46.84015,46.84015,52.81098,53.85165,58.30952,61.09828,60.83584,62.17717,63.07139,66.18912,64.88451,67.60178,69.33974,66.88797,68.50547,68.8186,70.21396,71.40028,70.60453,68.60029,69.40461,68.60029,68.8186,68.00735,71.56116,68.7968,69.63476,66.03787,67.74216,68.7968,69.35416,71.58911,66.64833,68.42514,72.09022,72.01389,67.62396,71.17584,71.30919,78.0,73.00685,72.44998,74.46476,75.6439,70.77429,72.91776,74.68601,73.92564
11.18034,10.29563,10.29563,9.43398,9.43398,8.60233,8.60233,8.60233,8.60233,7.81025,7.81025,7.81025,7.07107,7.07107,7.07107,7.07107,6.40312,6.40312,6.40312,7.2111,6.40312,5.83095,7.2111,6.7082,6.40312,6.40312,6.7082,6.40312,6.40312,6.40312,6.40312,6.40312,6.40312,5.65685,6.40312,6.40312,5.83095,5.83095,5.83095,4.47214,5.38516,4.47214,4.12311,4.12311,4.12311,4.0,4.0,4.0,3.16228,3.16228,3.16228,2.23607,65.55151,62.03225,62.64982,58.60034,56.36488,56.46238,47.85394,54.12024,45.65085,46.52956,48.54894,46.04346,41.6173,38.83298,40.60788,38.20995,38.8973,38.28838,35.4683,33.94113,37.01351,34.05877,37.01351,35.0,33.61547,36.05551,32.64966,34.66987,33.83785,34.1321,36.61967,36.89173,34.4093,34.48188,34.20526,33.6006,34.20526,30.4795,31.89044,31.14482,29.20616,30.0,26.92582,28.6531,25.80698,24.69818,26.57066,22.80351,25.07987,21.0238,20.02498,18.11077,19.64688,18.02776,17.08801,15.0,16.27882,33.01515,37.44329,38.41875,41.03657,40.31129,44.59821,44.40721,43.60046,46.61545,46.04346,49.92995,56.0803,56.4358,58.18075,58.13777,58.30952,64.62198,60.08328,64.84597,65.80274,66.40783,70.60453,64.84597,69.12308,70.61161,69.12308,72.56721,72.36712,67.91171,72.36712,68.44706,69.857,70.40597,69.12308,67.18631,68.68042,67.72001,67.05222,66.7308,68.30813,71.7844,66.48308,74.67262,72.91776,69.857,69.64194,72.91776,71.55418,74.68601,71.17584,70.38466,75.58439,77.38863,68.8767,71.58911,74.84651,73.82412
10.19804,9.21954,9.21954,8.24621,8.24621,8.24621,7.61577,7.61577,6.7082,6.7082,6.7082,6.7082,5.83095,5.83095,5.83095,5.83095,5.0,5.0,5.65685,5.65685,5.65685,5.65685,5.65685,5.65685,5.65685,5.65685,5.65685,5.65685,5.65685,5.0,5.0,5.0,5.0,4.47214,5.38516,5.38516,4.12311,4.12311,4.12311,4.0,4.0,4.0,3.16228,3.16228,3.16228,3.60555,3.60555,2.82843,2.82843,2.82843,3.16228,3.16228,63.3877,61.52235,60.29925,58.54912,59.03389,51.97115,50.0,48.25971,47.07441,45.54119,45.35416,43.41659,40.31129,40.49691,38.07887,38.91015,34.88553,37.21559,34.88553,37.20215,33.6006,36.61967,35.0,32.01562,31.14482,31.89044,38.41875,33.94113,33.42155,33.94113,34.71311,34.82815,32.52691,32.64966,32.44996,33.83785,32.75668,31.30495,29.52965,30.46309,31.62278,26.92582,24.73863,25.70992,24.33105,28.01785,22.0,23.19483,19.41649,19.31321,21.93171,19.72308,17.20465,14.86607,16.64332,16.64332,16.64332,36.79674,35.4683,41.86884,39.44617,41.88078,42.05948,43.909,46.09772,49.39636,48.46648,54.08327,57.00877,56.75385,56.04463,60.63827,63.56099,61.0,66.48308,63.95311,66.27217,68.26419,68.18358,72.1734,72.06247,72.02777,75.00667,71.0,70.00714,72.06247,69.02898,71.00704,69.00725,69.11584,70.00714,70.00714,67.02984,67.1193,71.17584,68.18358,70.17834,69.26038,73.33485,71.56815,73.82412,68.73136,75.95393,74.96666,73.34848,75.13322,74.96666,75.13322,74.33034,75.13322,78.44743,75.50497,71.56815,73.5527
10.63015,9.89949,9.21954,9.21954,8.48528,8.48528,7.81025,7.81025,7.81025,7.2111,7.2111,6.7082,6.7082,6.7082,6.7082,6.7082,6.32456,6.32456,6.32456,6.32456,6.32456,6.32456,6.08276,6.08276,6.08276,7.07107,6.08276,6.32456,6.32456,6.32456,6.32456,6.32456,5.38516,5.83095,5.83095,5.83095,5.0,5.0,5.0,4.24264,4.24264,3.60555,3.60555,3.60555,3.60555,3.16228,3.16228,3.0,2.0,2.0,2.23607,2.23607,65.55151,64.19502,58.87274,58.18075,56.36488,52.80152,54.12947,51.0,46.95743,44.10215,44.94441,45.22168,41.04875,43.01163,40.60788,38.94868,39.05125,37.48333,35.38361,36.06938,34.71311,37.20215,31.90611,32.44996,30.23243,34.20526,34.88553,32.24903,33.61547,34.66987,33.61547,34.1321,35.51056,32.44996,35.8469,33.30165,32.20248,31.241,34.05877,31.14482,30.61046,30.4795,27.01851,25.94224,24.59675,26.0,22.80351,24.35159,19.41649,18.24829,18.0,18.0,17.11724,16.49242,16.12452,14.76482,15.6205,33.30165,35.4683,36.06938,41.23106,42.43819,39.66106,41.34005,41.67733,45.61798,46.06517,50.15974,54.23099,56.64804,57.00877,57.58472,60.72891,60.44005,63.60031,64.28841,64.53681,67.26812,69.87131,70.21396,68.46897,67.36468,68.35934,71.70077,69.72087,71.25307,69.35416,68.73136,69.58448,68.593,68.46897,71.70077,68.88396,70.21396,67.46851,68.15424,69.37579,69.64194,71.16881,70.21396,75.89466,67.6757,72.11103,71.16881,75.27284,74.46476,75.27284,72.23573,74.46476,72.8011,72.73239,74.09453,71.7844,73.05477
10.0,10.0,10.0,9.21954,9.21954,8.48528,8.48528,8.48528,7.81025,7.07107,7.81025,6.40312,6.40312,6.40312,6.40312,6.7082,5.83095,5.83095,5.83095,5.83095,5.83095,5.83095,5.38516,5.38516,5.38516,5.38516,6.32456,5.83095,5.83095,5.38516,5.83095,5.83095,5.83095,5.65685,5.65685,5.65685,5.65685,5.0,5.0,4.47214,4.47214,4.47214,4.12311,4.12311,4.12311,4.0,4.0,4.0,3.16228,3.16228,3.16228,3.60555,65.29931,59.5483,62.62587,57.38467,58.72819,54.48853,52.49762,52.34501,45.96738,49.57822,46.8615,44.82187,41.23106,41.6173,38.60052,35.22783,40.31129,39.44617,37.12142,36.76955,35.8469,32.31099,33.83785,34.17601,33.83785,35.17101,34.20526,34.9285,33.52611,32.75668,34.20526,35.17101,32.01562,35.4683,32.57299,35.4683,35.34119,32.31099,32.24903,29.96665,31.90611,28.3196,29.69848,26.90725,26.87006,22.02272,25.80698,23.02173,21.18962,19.69772,20.22375,18.24829,19.64688,19.0263,16.27882,14.31782,15.65248,36.40055,37.57659,38.58756,41.88078,43.56604,44.65423,43.82921,45.60702,47.50789,50.20956,55.86591,55.17246,57.38467,57.62812,62.62587,60.0,64.2028,64.40497,67.6757,69.64194,67.41662,69.11584,68.60029,71.11962,72.91776,75.591,73.79024,72.94518,72.49828,74.73286,70.66116,72.91776,72.06941,71.55418,72.06941,68.09552,70.3278,67.60178,68.7968,70.45566,72.42237,68.50547,74.63243,74.20243,73.87828,73.75636,72.24957,75.28612,74.33034,75.43209,75.28612,77.98718,73.10951,74.02702,76.57676,76.6942,73.60027
10.19804,10.19804,9.48683,9.21954,9.48683,8.544,8.544,8.544,7.61577,7.61577,7.61577,7.61577,7.2111,7.2111,7.2111,7.2111,7.2111,6.40312,6.40312,6.40312,6.40312,6.40312,6.40312,7.07107,6.40312,6.40312,6.40312,6.40312,6.40312,6.40312,5.83095,5.83095,5.83095,5.83095,5.38516,5.38516,5.38516,5.38516,5.09902,5.09902,5.0,4.0,4.0,4.0,4.0,4.12311,3.16228,3.16228,3.16228,2.82843,2.82843,2.23607,63.28507,58.13777,61.13101,59.07622,53.03772,55.08176,49.0102,52.08647,44.04543,46.04346,44.18144,42.57934,42.10701,40.1995,38.47077,38.83298,38.32754,37.10795,36.68787,35.44009,36.40055,34.0147,34.0,34.43835,32.64966,35.34119,32.75668,33.61547,34.88553,33.61547,35.35534,36.67424,32.20248,33.54102,34.53983,32.98485,33.52611,31.01612,30.08322,31.14482,28.16026,31.01612,29.01724,26.07681,27.07397,22.80351,23.76973,18.02776,21.0238,20.12461,17.20465,17.02939,15.55635,17.20465,13.89244,12.52996,15.29706,34.20526,35.80503,35.8469,40.71855,38.62642,42.15448,43.32436,43.01163,44.92215,45.12206,51.97115,52.61179,53.75872,56.4358,58.07753,59.03389,63.0,59.00847,63.0,63.03174,64.03124,69.46222,66.75328,66.61081,69.05071,67.26812,68.44706,68.88396,64.32729,70.83078,66.4906,68.65858,63.15061,67.46851,68.06614,67.89698,67.89698,66.91039,66.27217,68.35934,70.34913,66.27217,71.06335,68.0,70.06426,75.02666,71.02816,69.00725,75.0,73.10951,72.02777,73.02739,72.1734,68.06614,74.16873,74.16873,71.02816
10.63015,10.63015,9.21954,9.21954,8.60233,8.60233,8.60233,8.06226,8.06226,8.06226,8.06226,7.61577,6.7082,6.32456,6.32456,7.28011,7.28011,6.32456,6.08276,6.08276,6.08276,6.08276,6.08276,6.08276,6.08276,6.08276,7.07107,6.08276,6.08276,6.32456,6.32456,6.32456,6.32456,5.38516,5.83095,5.83095,5.0,5.0,5.0,4.24264,4.24264,4.24264,3.60555,3.60555,3.60555,3.16228,3.16228,3.16228,2.0,2.0,2.0,2.23607,61.58734,61.05735,58.24946,55.21775,56.85948,50.60632,52.80152,48.25971,47.50789,44.20407,43.18565,44.59821,40.31129,39.62323,38.41875,39.82462,39.20459,38.27532,34.66987,33.28663,34.48188,35.34119,34.43835,34.0,33.10589,35.8469,34.53983,33.83785,34.17601,35.1141,35.1141,34.17601,33.61547,31.30495,34.0147,32.24903,33.28663,33.83785,34.20526,32.01562,30.41381,27.58623,28.3196,23.43075,24.69818,23.76973,22.82542,22.13594,19.31321,21.58703,18.02776,17.26268,16.27882,15.29706,15.23155,12.52996,13.60147,33.52611,34.53983,38.91015,36.05551,38.83298,39.40812,44.04543,43.93177,48.08326,49.57822,51.62364,51.62364,54.45181,57.38467,58.25805,58.5235,62.96825,65.45991,59.64059,63.97656,64.88451,68.942,66.64083,68.42514,71.11259,68.8767,71.69379,71.30919,70.77429,68.35203,69.07966,66.48308,68.15424,67.41662,68.15424,70.77429,67.53518,65.76473,65.76473,68.09552,67.23095,69.97142,67.74216,73.78347,71.28113,67.1193,70.45566,69.40461,74.06079,72.42237,71.28113,73.60027,74.06079,72.94518,72.94518,69.40461,75.16648
10.0,10.0,9.05539,9.05539,9.05539,9.05539,8.06226,8.24621,8.06226,8.24621,7.28011,7.28011,7.28011,7.28011,6.32456,6.7082,6.7082,6.7082,6.7082,6.7082,6.7082,5.83095,6.7082,5.83095,5.83095,6.7082,6.7082,6.7082,6.7082,6.7082,6.7082,6.32456,6.32456,6.32456,6.08276,6.08276,5.0,5.0,5.0,5.0,4.12311,4.12311,4.12311,4.12311,3.16228,3.60555,3.60555,2.82843,2.82843,2.82843,2.23607,2.23607,65.49046,59.21149,60.03332,59.00847,56.00893,57.14018,50.01,49.0,47.16991,48.09366,46.17359,45.27693,40.4475,41.4367,37.65634,40.26164,36.40055,36.40055,37.69615,33.54102,38.07887,31.38471,35.35534,34.0,31.76476,33.61547,34.88553,34.1321,33.61547,33.61547,35.51056,34.0,32.24903,33.54102,31.7805,32.20248,32.89377,33.83785,31.32092,33.73426,30.80584,29.27456,28.01785,27.01851,28.07134,24.5153,23.4094,22.56103,21.0238,19.69772,18.78829,15.0,17.80449,17.69181,14.86607,14.86607,13.34166,34.1321,38.07887,33.61547,40.8534,41.10961,43.41659,40.26164,43.93177,45.70558,44.55334,52.34501,53.15073,55.08176,57.03508,61.03278,54.08327,63.07139,61.20457,64.12488,65.49046,66.09841,66.91039,65.0,68.65858,68.88396,69.63476,70.0928,69.92138,65.96969,71.8401,65.25335,70.83078,68.15424,66.70832,70.40597,67.46851,65.9242,67.08204,67.47592,70.5762,71.56815,68.46897,72.24957,67.02984,75.10659,70.25667,71.11259,71.0,72.06247,69.02898,73.10951,74.02702,76.10519,70.06426,72.1734,71.34424,67.26812
9.21954,8.48528,8.48528,8.48528,7.81025,7.81025,7.2111,7.2111,6.40312,6.40312,5.83095,6.7082,6.7082,6.32456,5.38516,5.38516,5.38516,5.09902,5.09902,5.09902,5.09902,5.09902,5.09902,5.09902,5.09902,5.09902,5.09902,5.09902,5.09902,5.09902,5.09902,5.38516,5.38516,4.47214,4.47214,4.47214,3.60555,4.24264,4.24264,3.60555,3.60555,3.60555,3.60555,3.16228,3.16228,3.0,3.0,3.0,2.23607,2.23607,2.23607,2.82843,62.24147,60.30755,60.82763,54.48853,55.22681,50.32892,48.16638,46.01087,45.27693,44.68781,45.45327,39.82462,40.0,37.44329,36.35932,38.07887,35.8469,34.88553,33.61547,34.0147,37.0,31.01612,32.75668,31.32092,32.98485,32.98485,32.98485,35.12834,30.80584,32.75668,31.57531,31.40064,30.80584,33.95585,30.36445,33.24154,30.36445,30.46309,30.01666,30.41381,29.68164,27.20294,26.24881,26.24881,26.24881,22.02272,22.80351,20.24846,20.12461,20.12461,15.29706,17.26268,14.03567,16.03122,13.15295,13.60147,12.52996,32.01562,34.53983,37.12142,39.44617,39.66106,44.10215,42.0119,44.68781,48.27007,50.24938,50.91169,50.91169,54.45181,56.72742,58.79626,59.03389,63.82006,61.61169,66.03787,69.33974,64.89992,68.60029,68.88396,68.88396,68.42514,70.21396,69.35416,71.55418,68.42514,70.23532,66.24198,69.77105,70.66116,69.31811,68.09552,70.3278,66.37017,67.41662,66.28725,70.0,69.33974,67.80118,72.00694,71.8401,69.6563,66.6033,69.81404,73.10951,73.66139,72.24957,74.33034,73.87828,71.58911,70.29225,71.70077,73.10951,73.0
10.0,10.0,10.0,9.21954,9.21954,7.81025,8.48528,7.81025,7.07107,7.07107,7.07107,7.07107,6.40312,6.40312,6.40312,5.83095,5.83095,5.83095,5.83095,5.38516,5.83095,5.38516,5.38516,5.38516,5.38516,5.83095,6.32456,5.38516,5.83095,5.83095,5.0,5.83095,5.83095,5.0,5.65685,5.65685,5.0,5.0,4.47214,4.47214,4.47214,4.47214,4.12311,4.12311,4.12311,4.0,4.0,4.0,3.16228,3.16228,3.60555,3.60555,64.40497,62.00806,59.66574,57.62812,53.8145,51.85557,53.07542,49.51767,47.38143,43.27817,43.93177,44.68781,42.0119,38.41875,40.0,38.58756,37.80212,35.8469,34.66987,34.9285,37.33631,33.24154,32.89377,32.31099,33.24154,32.31099,32.57299,31.62278,30.08322,31.62278,32.57299,33.24154,32.57299,31.95309,31.62278,30.8707,31.76476,33.10589,29.15476,29.20616,29.06888,27.80288,29.0,26.24881,26.24881,22.2036,21.93171,23.25941,21.18962,19.23538,20.39608,18.0,16.12452,15.13275,13.92839,15.23155,14.86607,33.95585,37.94733,37.94733,38.91015,42.19005,42.54409,44.65423,46.87217,48.02083,48.41487,53.15073,53.8145,56.63921,55.86591,60.10824,58.69412,60.87693,63.41136,66.4003,68.00735,65.45991,68.8186,67.41662,70.49113,70.3278,69.97142,71.11962,71.02112,67.60178,72.71864,68.09552,71.19691,68.96376,69.33974,70.71068,69.06519,69.33974,69.89278,68.50547,68.00735,71.21798,69.6563,70.93659,69.52697,69.6563,72.18033,73.66139,75.69016,76.41989,72.24957,75.16648,74.41102,73.66139,70.83784,75.16648,74.02702,73.87828
8.94427,8.94427,8.94427,8.06226,8.06226,8.06226,7.2111,7.2111,6.40312,6.40312,6.40312,7.07107,6.40312,6.40312,6.40312,6.40312,5.83095,5.83095,5.83095,5.83095,5.83095,5.83095,5.83095,5.83095,5.83095,5.83095,5.83095,5.83095,5.83095,5.83095,5.0,5.0,5.0,5.65685,5.65685,5.0,5.0,4.47214,4.47214,3.60555,4.12311,3.16228,3.16228,3.16228,3.0,3.0,2.0,2.23607,2.23607,2.23607,1.41421,2.23607,61.46544,62.62587,58.5235,56.0803,52.92447,52.80152,51.07837,50.15974,44.72136,46.64762,45.65085,43.56604,42.54409,37.44329,37.80212,38.41875,36.12478,34.71311,36.23534,34.65545,34.71311,33.94113,33.24154,35.0,32.64966,34.20526,32.80244,34.1321,36.40055,34.98571,35.22783,35.60899,34.4093,32.55764,32.55764,31.82766,31.82766,31.89044,30.61046,32.44996,28.6007,27.73085,26.0,25.4951,23.08679,25.0,23.08679,21.58703,20.09975,20.0,20.02498,18.02776,15.23155,15.23155,14.42221,12.80625,12.04159,34.1321,32.75668,34.4093,36.79674,38.94868,41.7732,40.45986,43.60046,48.01042,45.22168,51.31277,50.77401,55.22681,55.47071,60.41523,56.36488,62.76942,61.46544,63.32456,67.35726,63.24555,68.68042,67.18631,68.88396,66.94027,67.68309,69.2315,67.26812,67.26812,69.2315,65.11528,70.40597,67.26812,67.46851,66.70832,66.70832,66.76077,66.76077,66.09841,68.68042,69.89278,66.40783,71.16881,73.53911,70.2282,72.09022,70.77429,73.1642,73.1642,70.93659,74.32362,73.92564,71.69379,71.69379,72.8011,74.0,69.64194
9.43398,9.43398,8.94427,8.06226,8.06226,8.06226,7.61577,6.7082,6.7082,6.32456,6.32456,6.32456,6.32456,6.08276,6.08276,6.08276,6.08276,6.08276,6.0,6.0,6.0,6.0,6.0,6.0,6.0,6.0,6.0,6.0,5.0,6.08276,5.09902,5.09902,5.09902,5.09902,4.47214,4.47214,4.47214,4.47214,3.60555,3.60555,3.60555,3.60555,3.60555,3.16228,3.16228,3.16228,3.0,3.0,3.0,2.23607,2.23607,2.23607,60.0,65.21503,58.00862,54.40588,55.21775,49.67897,49.64877,49.09175,47.50789,44.41846,43.86342,39.82462,40.8534,38.91015,38.91015,39.92493,38.60052,35.73514,35.90265,35.90265,34.71311,31.40064,35.35534,33.01515,34.05877,31.01612,34.05877,33.01515,34.23449,34.1321,31.14482,35.12834,36.12478,32.24903,33.73426,30.80584,32.55764,32.01562,31.62278,26.24881,29.15476,27.78489,26.62705,26.40076,24.41311,23.34524,22.67157,22.67157,20.80865,16.64332,18.78829,17.72005,16.49242,16.03122,14.31782,14.31782,15.23155,35.0,35.12834,37.05401,35.35534,38.47077,40.26164,42.75512,44.92215,47.80167,46.23851,53.23533,52.3259,54.58938,56.0803,58.5235,61.40033,62.1289,65.21503,66.0303,66.61081,68.11755,70.29225,70.76722,72.13876,69.35416,68.62215,69.42622,70.00714,71.42129,70.00714,70.03571,69.35416,70.76722,67.17887,68.593,65.76473,68.76772,69.35416,64.66065,66.70832,66.70832,71.61006,69.2026,70.60453,71.02816,72.67049,73.4983,72.20111,72.94518,73.78347,70.80254,70.72482,72.67049,74.4043,74.4043,72.42237,70.0
9.21954,9.21954,9.21954,8.60233,7.81025,7.2111,7.2111,7.2111,6.7082,6.7082,6.7082,6.7082,6.32456,6.32456,5.38516,6.08276,6.08276,5.09902,6.08276,5.09902,5.09902,6.0,6.0,6.0,5.09902,5.09902,5.09902,6.08276,5.09902,5.09902,5.09902,5.09902,5.38516,5.38516,4.47214,4.47214,4.24264,4.24264,4.24264,4.24264,3.60555,3.60555,3.60555,3.16228,3.16228,3.16228,3.0,2.0,2.23607,2.23607,2.23607,2.82843,66.61081,58.13777,58.25805,58.00862,54.67175,53.2635,50.60632,48.82622,46.04346,43.26662,43.909,41.14608,40.71855,41.14608,38.91015,36.76955,37.0,38.27532,37.36308,34.48188,34.20526,33.95585,33.24154,28.63564,30.14963,32.24903,35.22783,32.14032,36.12478,35.0571,36.34556,34.52535,31.57531,32.24903,32.55764,31.62278,30.80584,34.17601,31.38471,28.63564,29.96665,27.78489,24.69818,26.62705,27.65863,24.08319,22.80351,22.80351,23.32381,18.86796,18.78829,18.68154,16.27882,18.11077,17.26268,17.08801,13.92839,34.0,36.12478,36.34556,36.87818,41.23106,42.2019,44.01136,43.01163,48.46648,47.85394,51.42956,51.47815,55.9017,56.60389,60.03332,59.64059,63.24555,65.43699,65.0,66.21933,66.21933,69.52697,68.593,70.03571,69.52697,69.31089,71.58911,70.72482,69.35416,71.42129,68.62215,71.58911,67.20863,68.593,68.593,67.89698,67.89698,65.76473,67.20863,65.79514,69.42622,68.24954,67.80118,71.61006,71.02816,72.42237,73.40981,71.56116,74.63243,75.45197,73.10951,77.00649,74.02702,72.00694,72.62231,72.34639,72.62231
9.43398,9.43398,8.60233,8.60233,8.60233,7.81025,7.81025,7.81025,7.07107,7.07107,7.07107,6.40312,6.40312,6.40312,5.83095,5.83095,5.83095,5.83095,5.38516,5.38516,5.38516,5.38516,5.38516,5.38516,5.38516,5.38516,5.38516,5.38516,5.38516,5.38516,5.83095,5.83095,5.0,5.0,5.0,4.24264,5.0,4.24264,3.60555,3.60555,3.16228,4.12311,3.16228,3.0,3.0,3.0,3.16228,3.16228,2.23607,2.82843,2.82843,2.82843,67.60178,67.74216,58.30952,58.18075,58.66856,52.47857,52.80152,49.20366,46.09772,45.60702,45.22168,45.22168,44.04543,39.82462,41.72529,36.23534,38.94868,35.60899,35.0,36.40055,35.77709,34.1321,33.12099,33.12099,33.12099,33.54102,35.35534,33.61547,32.89377,35.34119,34.43835,34.0,33.12099,30.88689,37.73592,33.61547,33.28663,32.01562,31.14482,31.1127,31.241,29.83287,26.07681,25.6125,25.94224,21.54066,23.25941,24.35159,20.09975,18.02776,21.09502,18.11077,16.49242,17.0,15.26434,14.86607,13.45362,35.4683,34.88553,39.96248,39.40812,42.80187,44.68781,43.13931,48.83646,47.38143,49.67897,51.73973,53.60037,56.85068,57.80138,58.24946,63.63175,63.28507,65.36819,62.76942,68.44706,70.26379,73.00685,71.30919,71.30919,70.2282,75.02666,73.73602,71.16881,70.5195,70.5195,73.38937,73.05477,71.7844,68.62215,71.47027,71.86793,68.54196,72.49828,70.26379,73.3553,72.47068,73.3553,74.24284,74.79305,69.77105,73.43024,73.92564,74.94665,76.53757,76.53757,75.47185,78.89233,76.53757,74.43118,74.43118,73.3553,70.66116
10.0,10.0,8.60233,8.60233,8.60233,8.60233,7.81025,7.81025,7.07107,7.07107,7.07107,7.07107,6.40312,6.40312,6.40312,6.40312,5.83095,5.83095,5.83095,5.83095,5.83095,5.83095,5.38516,5.38516,5.83095,5.38516,5.83095,5.83095,5.83095,5.83095,5.83095,5.65685,5.65685,5.65685,5.65685,5.65685,5.0,5.0,4.47214,4.47214,4.47214,4.12311,4.12311,4.12311,4.0,4.0,4.0,4.12311,3.16228,3.16228,3.60555,3.60555,65.39113,62.24147,59.5063,57.70615,54.12024,52.7731,53.7122,50.56679,48.37355,49.39636,43.26662,43.26662,43.60046,38.27532,37.01351,38.94868,39.62323,36.23534,36.12478,34.05877,34.20526,36.61967,32.20248,33.01515,35.35534,34.1321,33.10589,33.12099,30.80584,30.88689,33.54102,34.48188,33.01515,34.1321,32.75668,35.80503,34.82815,29.0,32.55764,29.69848,29.0,27.01851,30.01666,27.313,29.06888,26.0,25.63201,20.61553,22.36068,21.09502,20.09975,20.02498,21.58703,18.02776,17.88854,19.41649,14.42221,36.35932,36.89173,40.0,42.52058,42.44997,42.44997,44.04543,47.38143,49.40648,47.80167,54.40588,53.60037,60.74537,60.03332,61.77378,57.70615,64.40497,64.4748,68.44706,69.28925,68.70953,71.7844,70.83784,68.00735,71.8401,74.04053,71.8401,72.27724,70.83078,73.08215,71.30919,75.43209,68.41053,72.12489,70.21396,72.12489,68.62215,66.48308,70.00714,70.00714,72.8011,70.26379,72.44998,72.91776,73.82412,73.3553,72.00694,74.68601,73.82412,71.11259,79.17702,77.41447,76.96753,71.55418,72.44998,75.23962,72.49828
9.21954,9.21954,9.05539,8.06226,8.06226,8.06226,7.0,7.0,7.0,7.0,7.0,6.08276,6.08276,6.08276,6.08276,6.08276,6.32456,5.38516,5.38516,5.38516,5.38516,5.83095,5.38516,5.83095,5.83095,5.83095,5.83095,5.38516,5.38516,5.38516,5.38516,5.38516,5.09902,5.09902,5.09902,5.0,5.0,4.0,4.0,4.12311,4.12311,3.16228,3.16228,3.16228,2.82843,2.82843,2.82843,2.23607,2.23607,2.23607,2.0,2.0,65.80274,61.98387,58.69412,57.48913,57.48913,52.20153,51.41984,48.05206,50.44799,43.93177,44.40721,42.42641,43.10452,38.01316,39.05125,38.0526,38.11824,36.12478,35.51056,33.73426,32.28002,34.20526,30.36445,33.83785,31.62278,33.24154,35.73514,34.0147,33.24154,34.53983,33.83785,34.17601,34.9285,33.52611,35.4683,30.67572,34.9285,30.80584,31.40064,29.42788,30.14963,28.16026,28.16026,27.45906,24.33105,21.84033,21.93171,22.36068,18.35756,20.80865,20.0,18.43909,17.20465,14.76482,16.15549,14.86607,15.0333,35.90265,34.71311,39.20459,38.11824,42.0,39.20459,42.04759,46.09772,47.38143,49.64877,50.9902,52.95281,56.88585,58.24088,58.5235,62.29767,59.46427,63.90618,65.19202,67.62396,66.70832,68.8767,71.19691,69.83552,68.96376,72.06941,69.64194,70.49113,69.64194,69.46222,69.33974,67.74216,68.09552,68.96376,67.53518,68.88396,70.21396,65.79514,68.02941,68.15424,67.06713,70.93659,69.28925,73.68175,68.70953,71.06335,70.21396,73.76313,75.0,75.43209,73.05477,75.69016,74.63243,72.8011,72.73239,69.92138,72.42237
11.18034,10.29563,9.84886,9.84886,9.84886,9.84886,8.544,8.544,8.544,8.544,8.24621,7.28011,7.28011,7.07107,7.07107,7.07107,7.07107,7.07107,7.0,7.0,7.0,7.0,7.0,7.0,7.0,7.0,7.0,7.0,7.0,7.07107,6.08276,7.07107,6.08276,6.32456,6.32456,6.32456,5.38516,5.83095,5.83095,5.83095,5.0,5.0,4.24264,4.24264,5.0,4.47214,3.60555,4.12311,4.12311,3.16228,3.0,3.0,62.42596,69.33974,59.90826,59.90826,57.98276,54.20332,53.0,48.37355,47.88528,46.51881,46.09772,43.86342,40.31129,41.78516,37.10795,38.62642,40.26164,38.63936,34.52535,36.87818,35.22783,33.13608,30.06659,33.06055,30.01666,37.01351,33.0,36.22154,34.1321,37.0,35.0571,34.0147,35.0571,38.01316,36.01389,33.24154,34.23449,32.55764,33.24154,32.89377,33.83785,30.8707,26.07681,29.15476,25.80698,26.40076,24.20744,22.67157,22.80351,22.47221,22.47221,20.61553,21.0238,18.02776,16.12452,16.12452,14.56022,33.24154,36.05551,39.05125,39.05125,41.30375,42.75512,43.17407,44.14748,47.80167,50.96077,49.33559,55.36244,55.97321,57.93962,59.09315,62.17717,61.77378,64.89992,61.77378,69.33974,68.7968,70.0,70.21396,71.8401,72.62231,71.8401,70.83784,68.88396,70.83784,71.50524,70.17834,71.06335,70.17834,71.58911,70.83784,69.81404,66.21933,71.02816,68.00735,71.28113,69.06519,69.89278,70.49113,74.43118,68.96376,73.57309,74.94665,73.92564,76.53757,76.53757,73.92564,75.66373,73.92564,71.86793,75.80237,72.40166,70.72482
10.19804,10.19804,10.19804,9.21954,9.21954,8.24621,8.544,8.544,8.544,7.61577,7.61577,7.61577,7.61577,7.2111,7.2111,7.2111,6.40312,7.2111,6.40312,6.40312,6.40312,7.07107,7.07107,7.07107,6.40312,7.07107,6.40312,6.40312,7.07107,6.40312,6.40312,6.40312,5.83095,5.83095,6.32456,6.32456,5.38516,5.38516,5.09902,5.09902,5.09902,5.0,5.0,4.0,4.0,4.12311,4.12311,3.16228,3.16228,3.60555,2.82843,2.82843,60.40695,60.03332,59.4138,58.54912,58.85576,53.60037,50.48762,49.0306,47.85394,47.29693,47.43416,42.37924,43.32436,39.56008,37.57659,37.12142,38.94868,36.23534,32.44996,35.22783,37.44329,34.82815,33.30165,34.05877,31.89044,34.20526,35.38361,34.05877,34.65545,33.24154,36.06938,36.06938,32.52691,33.24154,35.0,31.90611,36.40055,34.4093,30.52868,31.38471,31.38471,30.67572,30.08322,27.65863,26.4764,25.4951,23.08679,22.0,21.09502,23.08679,18.68154,17.08801,19.23538,19.20937,15.55635,15.6205,17.0,35.22783,37.44329,37.58989,40.71855,40.49691,41.4367,43.32436,45.22168,47.53946,47.07441,49.64877,57.07013,51.62364,55.3263,57.31492,59.07622,62.03225,65.00769,65.0,66.0303,65.03076,64.28063,67.36468,69.35416,69.46222,67.47592,69.05071,71.56815,69.72087,68.593,67.60178,66.48308,67.89698,68.593,68.593,66.48308,70.11419,70.02857,66.00758,68.00735,71.0,70.00714,72.02777,73.10951,69.26038,71.17584,71.17584,74.43118,73.24616,73.24616,73.68175,75.42546,71.25307,72.69113,70.45566,70.71068,73.06162
9.84886,9.48683,8.94427,8.544,8.544,7.61577,8.06226,7.2111,7.2111,7.2111,7.2111,6.40312,6.40312,6.40312,6.40312,5.65685,5.65685,5.65685,5.65685,5.65685,5.65685,5.65685,6.40312,5.0,5.65685,5.83095,5.65685,5.65685,5.65685,5.65685,5.65685,5.65685,5.65685,5.83095,5.0,5.83095,4.47214,5.38516,5.09902,4.12311,5.09902,4.12311,4.0,4.0,4.12311,4.12311,4.12311,3.16228,3.60555,3.60555,3.60555,2.82843,62.17717,61.26989,56.36488,59.03389,55.4617,51.47815,53.7122,52.35456,48.25971,44.40721,44.10215,41.23106,41.10961,41.7732,40.0,38.20995,38.20995,36.76955,34.71311,34.05877,36.05551,32.20248,32.64966,33.28663,31.90611,33.12099,32.24903,32.75668,35.35534,33.61547,35.34119,33.61547,34.1321,32.44996,30.52868,31.40064,33.6006,34.05877,31.82766,29.06888,29.41088,30.23243,29.06888,27.29469,26.83282,23.76973,20.12461,24.5153,20.22375,21.0238,24.02082,19.10497,19.64688,20.24846,17.08801,15.81139,16.27882,34.0,38.47077,37.44329,41.6173,42.63801,43.13931,45.34314,46.66905,50.32892,50.9902,52.80152,55.0,57.80138,60.20797,59.36329,58.66856,63.52952,65.29931,69.31811,65.39113,65.74192,69.64194,72.8011,71.7844,71.7844,69.92138,67.72001,69.64194,72.27724,69.64194,68.68042,72.42237,72.11103,68.30813,70.5762,72.23573,68.942,70.38466,70.00714,68.942,70.38466,68.8767,72.09022,73.3553,71.11962,72.44998,72.47068,73.43024,77.02597,75.13322,73.82412,72.89719,73.79024,72.56032,72.20111,71.19691,72.00694
10.0,10.0,8.60233,8.60233,8.60233,8.48528,8.48528,7.07107,7.07107,7.07107,7.81025,7.2111,7.2111,6.40312,5.83095,6.7082,6.7082,6.7082,6.32456,6.7082,6.32456,6.32456,6.32456,6.32456,6.32456,6.32456,6.32456,6.32456,6.32456,6.32456,6.7082,6.7082,5.83095,5.83095,5.83095,5.83095,5.0,5.0,5.0,4.24264,3.60555,3.60555,3.60555,3.60555,3.16228,3.16228,3.16228,3.0,3.0,2.0,2.23607,2.23607,61.7414,62.17717,60.03332,57.24509,56.36488,52.83938,49.73932,49.73932,46.04346,47.20169,41.6173,41.23106,41.7732,43.27817,37.64306,37.48333,36.06938,35.38361,34.4093,35.38361,30.80584,34.98571,31.06445,34.1321,31.38471,34.48188,32.24903,36.23534,32.64966,34.17601,35.77709,36.67424,34.88553,34.48188,31.90611,33.01515,34.1321,32.64966,31.1127,29.69848,29.0,29.83287,27.20294,27.78489,27.45906,24.59675,24.18677,22.56103,20.39608,21.2132,19.0,20.09975,16.12452,15.29706,16.12452,15.81139,14.14214,32.64966,34.48188,37.44329,39.62323,39.62323,40.31129,41.03657,46.01087,46.8615,48.27007,53.41348,51.86521,54.3783,56.4358,61.29437,62.76942,63.50591,63.50591,63.56099,68.35203,65.78754,68.94926,66.40783,70.21396,72.03471,70.60453,67.44627,71.06335,70.34202,71.30919,68.00735,69.63476,69.37579,68.65858,69.857,69.92138,71.16881,65.45991,67.06713,68.35203,71.17584,69.857,73.40981,71.17584,68.942,73.3553,71.69379,71.55418,72.47068,71.58911,72.49828,72.06941,74.79305,72.91776,69.31811,71.58911,68.0
10.0,9.21954,9.21954,9.21954,8.48528,8.48528,7.81025,7.07107,7.07107,7.07107,7.07107,6.40312,6.40312,6.40312,5.83095,5.83095,5.83095,5.83095,5.38516,5.38516,5.38516,5.38516,5.38516,5.38516,5.38516,5.38516,6.32456,5.38516,5.38516,5.38516,5.38516,5.83095,5.83095,5.0,5.0,5.65685,5.0,5.0,5.0,4.47214,4.47214,4.47214,4.12311,4.12311,4.12311,4.0,4.0,4.0,3.16228,3.16228,3.16228,3.60555,64.2028,59.81639,61.7171,58.41233,53.8145,50.9902,53.15073,53.07542,46.69047,43.13931,42.52058,41.10961,39.20459,40.60788,38.83298,33.42155,37.73592,33.61547,36.23534,33.54102,36.40055,34.53983,33.52611,32.28002,28.79236,32.89377,31.32092,32.01562,33.73426,33.73426,34.20526,33.24154,34.20526,33.52611,35.73514,33.52611,31.38471,33.54102,31.90611,32.44996,30.23243,29.06888,27.58623,28.3196,26.40076,23.60085,26.40076,24.18677,22.47221,22.47221,22.13594,20.61553,18.11077,17.0,15.52417,16.76305,16.55295,35.73514,38.48376,39.35734,41.34005,42.72002,41.6173,43.60046,45.0,48.41487,48.83646,52.3259,55.15433,58.0517,58.0517,60.30755,63.25346,64.2028,63.51378,67.95587,68.7968,68.50547,70.83078,70.3278,69.77105,71.55418,71.55418,70.66116,70.66116,72.01389,72.91776,67.08204,69.77822,72.00694,70.3278,69.83552,68.96376,69.11584,66.88797,68.7968,70.17834,68.50547,71.02816,70.60453,75.0,70.93659,76.05919,70.43437,72.24957,74.41102,74.02702,72.47068,73.87828,75.43209,74.51845,71.8401,73.87828,74.02702
10.29563,10.29563,10.29563,9.43398,8.94427,8.94427,8.94427,7.61577,7.61577,7.61577,7.61577,7.28011,7.28011,7.07107,6.32456,7.07107,7.07107,6.0,6.0,6.0,6.0,6.0,6.0,6.0,6.0,6.0,7.0,6.0,6.0,6.0,6.08276,6.08276,6.08276,6.08276,6.32456,6.32456,5.38516,5.38516,5.83095,5.83095,5.0,5.0,4.24264,4.24264,4.24264,3.60555,3.60555,3.60555,3.16228,3.16228,3.16228,3.0,63.89053,60.30755,60.74537,57.42822,55.21775,55.21775,51.31277,51.61395,44.41846,48.02083,42.05948,40.8534,41.14608,39.39543,40.8534,37.0,36.68787,36.49658,36.87818,33.73426,36.34556,34.23449,36.01389,35.0571,34.0147,35.0,32.01562,33.01515,37.05401,33.06055,36.05551,35.01428,33.06055,37.05401,33.13608,32.24903,33.24154,31.57531,33.52611,30.46309,31.04835,30.8707,28.63564,27.29469,26.62705,23.43075,24.83948,23.43075,22.67157,21.63331,20.80865,18.78829,16.55295,17.72005,17.02939,18.43909,15.81139,34.0,37.48333,38.83298,41.59327,39.84972,43.32436,43.46263,44.77723,45.61798,48.33218,52.3259,53.7122,54.20332,55.22681,61.58734,61.61169,69.63476,61.22091,66.8431,68.68042,65.11528,70.03571,70.03571,72.12489,73.66139,68.62215,70.0928,71.50524,67.35726,71.8401,69.42622,71.58911,68.62215,70.72482,71.42129,65.76473,65.79514,68.76772,68.11755,68.24954,69.52697,68.41053,71.8401,71.40028,72.8011,70.45566,71.02816,70.72482,73.23933,73.23933,72.94518,74.06079,73.81734,69.63476,75.0,72.11103,68.60029
10.0,8.60233,8.60233,8.60233,8.06226,8.06226,7.61577,6.7082,6.7082,6.32456,6.32456,6.32456,6.08276,6.08276,6.08276,6.08276,6.08276,5.0,6.0,6.0,6.0,5.0,6.0,6.08276,6.0,5.0,6.0,6.0,6.0,6.0,5.09902,5.0,5.09902,5.09902,5.09902,4.47214,4.47214,4.47214,4.47214,3.60555,4.24264,3.60555,3.60555,3.60555,2.23607,3.16228,3.16228,3.16228,3.0,2.0,2.23607,2.23607,62.96825,55.17246,59.66574,53.15073,51.85557,51.66237,50.21952,51.0392,47.20169,42.72002,44.41846,42.72002,40.24922,38.01316,36.67424,36.76955,37.64306,33.52611,35.17101,33.24154,34.71311,32.55764,33.37664,32.14032,32.38827,34.05877,31.06445,32.06244,35.01428,33.01515,31.06445,35.0571,33.13608,35.0,34.23449,32.01562,32.55764,30.80584,32.01562,30.46309,29.06888,29.96665,27.20294,26.92582,25.0,24.04163,22.62742,23.34524,20.59126,18.86796,19.31321,17.46425,14.86607,18.11077,17.02939,12.04159,13.0,35.69314,33.52611,36.87818,41.10961,40.31129,42.54409,46.95743,45.65085,48.37355,47.20169,53.00943,53.25411,56.0357,58.00862,58.25805,63.70243,65.19202,66.46804,68.62215,67.88225,64.53681,67.35726,66.70832,69.81404,69.63476,69.2026,70.21396,70.45566,67.42403,72.00694,67.42403,72.20111,70.0,68.60029,70.80254,71.21798,66.70832,68.593,65.76473,69.35416,69.35416,65.06919,70.0928,71.42129,72.24957,70.0928,73.0,71.58911,74.41102,69.42622,74.41102,73.87828,76.05919,73.24616,70.93659,72.34639,69.52697
9.05539,9.05539,9.05539,8.06226,8.06226,7.07107,7.28011,7.07107,6.32456,6.32456,6.32456,6.32456,6.7082,6.7082,5.83095,5.83095,5.83095,5.83095,5.83095,5.83095,5.0,6.40312,5.65685,5.65685,6.40312,5.65685,5.65685,6.40312,5.0,5.65685,5.83095,5.83095,5.83095,5.38516,5.38516,5.38516,4.12311,4.12311,4.0,4.0,4.0,4.0,4.0,3.16228,3.16228,2.23607,2.23607,2.82843,2.82843,2.23607,2.23607,2.0,61.20457,58.69412,60.29925,55.3263,54.08327,52.15362,48.04165,48.04165,45.0,48.04165,43.10452,43.10452,38.63936,36.12478,36.34556,37.64306,36.05551,34.48188,34.78505,33.10589,33.61547,32.69557,34.0147,34.0147,33.12099,30.88689,33.28663,34.1321,32.44996,32.44996,34.88553,33.12099,33.10589,36.71512,32.24903,32.20248,31.62278,31.95309,32.57299,30.59412,30.26549,29.27456,29.01724,27.01851,27.01851,26.01922,21.58703,21.2132,20.61553,21.0238,19.41649,19.72308,16.40122,20.0,16.64332,14.56022,13.15295,32.75668,36.76955,38.07887,42.05948,38.07887,42.95346,43.41659,44.14748,45.17743,49.16299,50.15974,54.14795,55.14526,57.00877,60.0,59.21149,65.19202,61.66036,64.38167,67.89698,66.09841,70.40597,68.44706,69.64194,70.34202,70.21396,68.00735,71.16881,65.45991,68.68042,66.40783,71.8401,67.72001,68.88396,68.65858,66.94027,66.70832,66.28725,67.26812,69.2315,70.03571,67.08204,70.45566,71.17584,71.44928,73.10951,72.1734,72.24957,71.11259,72.24957,77.16217,72.11103,74.33034,70.34913,72.56032,71.44928,68.06614
10.77033,9.48683,9.48683,9.48683,9.48683,8.544,8.24621,8.24621,8.24621,8.06226,7.07107,7.07107,7.07107,7.07107,6.0,7.0,6.0,6.0,6.08276,6.08276,6.08276,6.08276,6.08276,6.08276,6.08276,6.08276,6.08276,6.08276,6.08276,6.08276,6.08276,6.0,6.0,6.08276,6.08276,6.08276,6.08276,5.09902,5.38516,5.38516,5.38516,4.47214,4.47214,5.0,4.24264,4.24264,4.24264,3.60555,3.60555,3.60555,3.16228,3.16228,63.50591,60.82763,59.03389,56.36488,54.626,52.3259,48.8467,48.10405,47.43416,47.75982,44.27189,43.01163,39.81206,40.60788,38.60052,37.33631,35.0571,34.1321,32.01562,32.01562,34.0,34.05877,32.55764,34.36568,33.06055,35.35534,33.37664,32.55764,33.73426,34.9285,32.75668,32.55764,33.37664,34.20526,31.257,31.06445,32.38827,34.1321,31.01612,28.01785,31.40064,30.80584,29.61419,28.4605,27.20294,27.29469,22.82542,22.2036,21.26029,20.51828,18.38478,21.26029,18.02776,18.02776,19.31321,14.86607,16.0,34.1321,36.22154,39.11521,40.1995,41.59327,41.48494,46.09772,45.22168,48.76474,48.08326,49.98,54.42426,54.23099,56.85948,63.07139,60.82763,63.28507,64.66065,64.14047,68.7968,66.88797,70.21396,68.41053,70.43437,72.00694,71.8401,70.93659,71.58911,72.47068,71.70077,70.93659,68.88396,67.62396,69.02898,67.80118,69.06519,69.06519,68.50547,68.7968,69.97142,71.58911,67.1193,69.83552,72.47068,67.08204,72.44998,70.26379,72.44998,73.82412,71.69379,72.91776,73.82412,72.49828,72.09022,72.91776,72.49828,69.35416
9.84886,9.48683,9.48683,8.544,8.544,8.24621,8.24621,7.28011,7.07107,7.07107,7.07107,7.07107,7.0,6.0,7.0,7.07107,6.08276,6.08276,6.08276,6.08276,6.08276,6.08276,6.08276,6.08276,6.08276,6.08276,6.08276,6.08276,6.08276,6.08276,6.08276,6.08276,6.0,6.0,6.0,6.08276,5.09902,5.09902,5.09902,4.12311,4.47214,4.47214,4.47214,3.60555,3.60555,3.60555,2.82843,2.82843,2.23607,2.23607,2.23607,2.0,65.21503,61.29437,58.66856,54.20332,55.9464,54.12024,48.75449,48.8467,47.42362,42.54409,42.72002,43.46263,40.5216,39.84972,39.05125,38.47077,38.83298,37.21559,36.34556,35.0571,36.01389,34.0,33.13608,32.01562,34.0147,34.36568,30.14963,35.51056,32.24903,32.55764,33.73426,32.55764,33.13608,33.06055,33.24154,35.0,35.01428,34.1321,32.06244,31.14482,29.83287,30.08322,28.79236,26.0,26.0,23.70654,25.05993,25.4951,19.79899,23.43075,24.41311,19.20937,16.64332,17.46425,15.81139,16.03122,13.34166,34.05877,36.0,39.20459,39.62323,41.7732,40.26164,44.27189,45.54119,45.31004,47.53946,52.20153,53.7122,54.23099,58.59181,61.40033,59.48109,64.14047,61.03278,67.95587,65.43699,66.70832,68.76772,68.76772,70.76722,69.35416,70.0928,68.68042,71.50524,65.8559,70.03571,70.03571,69.35416,67.17887,67.94115,67.20863,68.62215,64.81512,68.41053,67.20119,67.42403,67.95587,66.85058,70.72482,70.17834,70.83078,71.11962,71.02112,69.97142,72.06941,69.97142,73.3553,75.17978,73.92564,68.47627,71.58911,75.29276,67.74216
10.77033,10.44031,10.44031,9.48683,9.21954,9.21954,9.21954,8.24621,8.06226,8.06226,8.06226,7.07107,7.07107,7.0,7.0,7.0,7.07107,7.07107,6.08276,6.08276,6.08276,6.08276,6.08276,6.08276,6.08276,6.08276,7.07107,6.08276,7.07107,7.07107,7.07107,7.0,6.0,6.08276,6.08276,6.08276,6.08276,5.38516,5.38516,5.38516,5.38516,4.47214,5.0,5.0,4.24264,4.24264,4.24264,3.60555,3.60555,3.16228,3.16228,3.16228,67.41662,59.09315,60.00833,59.61543,53.48832,56.0803,51.86521,47.16991,48.08326,44.27189,45.60702,43.17407,44.40721,38.47077,38.32754,37.05401,38.0,36.12478,35.0571,32.38827,34.52535,32.06244,32.01562,32.01562,30.80584,31.32092,33.52611,34.20526,33.73426,34.9285,32.28002,32.55764,32.01562,32.75668,36.13862,36.87818,33.54102,33.06055,34.23449,31.0,30.14963,29.61419,27.65863,27.65863,25.0,26.92582,24.18677,24.18677,20.80865,20.0,21.2132,18.38478,19.20937,18.78829,17.49286,17.72005,15.0333,36.05551,38.11824,37.01351,41.10961,42.57934,43.56604,41.23106,48.27007,46.32494,47.80167,51.24451,54.70832,59.77458,58.5235,60.16644,58.69412,66.30988,63.52952,66.18912,65.8635,71.02112,70.45566,69.06519,70.72482,71.61006,73.00685,71.21798,71.61006,68.60029,71.61006,69.40461,69.2026,68.24222,69.63476,68.50547,69.33974,67.6757,67.23095,67.60178,70.21396,72.44998,66.21178,70.66116,73.40981,72.01389,68.942,74.24958,75.39231,72.8011,73.00685,71.86793,76.32169,73.92564,72.8011,74.46476,74.09453,70.00714
10.0,9.0,9.0,9.0,8.0,8.0,8.06226,7.07107,7.07107,7.07107,6.32456,6.32456,6.32456,6.32456,6.32456,5.83095,5.83095,5.83095,5.83095,5.83095,5.83095,5.83095,5.83095,5.83095,5.83095,5.83095,5.83095,5.83095,5.83095,5.83095,5.38516,5.38516,5.38516,5.38516,5.38516,5.09902,5.09902,4.0,4.0,4.0,4.12311,4.12311,3.16228,3.16228,3.16228,2.82843,2.82843,2.82843,2.23607,2.23607,2.0,2.0,60.08328,60.40695,59.66574,57.56735,54.12024,51.41984,49.24429,45.35416,48.05206,43.73786,43.28972,42.19005,41.10961,41.01219,38.0526,39.11521,33.06055,36.12478,34.52535,33.37664,36.87818,31.32092,30.80584,32.89377,35.1141,34.17601,32.31099,33.24154,33.24154,34.17601,32.31099,31.32092,32.98485,33.52611,33.73426,31.57531,31.57531,31.57531,30.06659,33.13608,29.01724,27.07397,28.63564,26.4764,23.76973,25.07987,22.84732,21.0238,20.0,20.24846,20.51828,19.20937,18.43909,15.65248,18.68154,12.04159,15.0333,36.23534,36.40055,38.27532,41.7732,42.57934,42.19005,43.28972,43.04649,48.09366,50.0,53.00943,54.08327,55.3263,58.69412,58.30952,63.15061,63.78871,64.03124,67.91171,67.72001,65.52099,73.37575,68.62215,71.51224,70.26379,68.44706,70.26379,69.77822,72.61543,71.17584,68.02941,70.68239,67.62396,68.942,68.15424,67.77905,68.15424,68.94926,67.6757,68.00735,69.26038,69.92138,69.12308,69.37579,71.30919,71.58911,72.53275,75.18643,75.50497,73.08215,74.2159,72.78049,70.34202,73.75636,69.64194,68.68042,70.88018
10.19804,10.19804,9.05539,9.05539,9.05539,9.05539,8.06226,8.0,8.0,7.0,8.06226,7.07107,7.07107,6.08276,6.08276,7.28011,7.28011,6.32456,6.32456,6.32456,6.32456,6.7082,6.32456,6.7082,6.7082,6.7082,6.32456,6.7082,6.32456,6.32456,6.32456,6.32456,6.08276,6.08276,6.08276,6.08276,6.0,5.0,5.0,5.09902,4.12311,5.09902,4.12311,4.47214,4.47214,3.60555,3.60555,2.82843,2.82843,2.82843,2.23607,2.23607,65.19202,59.9333,57.38467,55.97321,53.48832,56.61272,50.28916,52.20153,43.9659,48.50773,44.91102,40.4475,41.59327,37.85499,38.20995,38.0526,38.0526,36.01389,37.01351,35.12834,35.01428,33.54102,34.52535,31.57531,31.04835,32.55764,32.28002,31.7805,32.28002,34.48188,32.57299,36.68787,29.83287,34.48188,31.7805,33.24154,32.01562,30.0,32.0,31.257,30.26549,28.44293,28.79236,29.41088,27.89265,25.07987,23.70654,21.09502,22.67157,19.10497,18.43909,20.0,20.0,16.12452,17.46425,17.46425,15.0333,32.75668,37.65634,35.69314,39.01282,39.0,42.0119,43.04649,45.09989,46.52956,47.67599,50.21952,53.36666,56.04463,57.28001,62.93648,57.58472,64.2573,60.53924,66.85058,63.56099,65.74192,69.35416,66.18912,67.1193,67.95587,70.72482,69.97142,74.33034,66.61081,73.4983,65.73431,69.89278,65.45991,67.95587,69.11584,68.96376,65.8635,68.42514,67.60178,69.31811,71.69379,65.39113,70.68239,70.5762,71.86793,67.77905,70.83784,73.05477,74.94665,68.15424,72.23573,71.16881,75.27284,67.77905,74.84651,75.15318,68.70953
10.44031,9.21954,9.48683,8.24621,8.544,7.61577,7.61577,7.61577,7.61577,6.7082,6.7082,6.7082,6.7082,5.83095,5.83095,6.40312,5.65685,6.40312,5.65685,5.65685,5.65685,5.65685,5.65685,5.65685,5.65685,5.65685,5.65685,5.65685,5.65685,5.65685,5.0,5.83095,5.83095,5.83095,5.38516,5.38516,5.38516,5.09902,5.09902,5.09902,5.09902,5.0,4.0,4.0,4.12311,4.12311,4.12311,3.16228,3.60555,3.60555,2.82843,3.60555,61.39218,61.18823,59.90826,59.03389,57.27128,52.39275,51.24451,50.96077,47.75982,42.05948,41.78516,40.31129,37.16181,39.35734,34.0147,37.44329,36.71512,36.05551,33.83785,34.05877,34.71311,32.01562,33.42155,34.65545,30.41381,33.97058,31.1127,38.20995,32.55764,32.55764,32.80244,31.89044,34.65545,32.64966,31.241,34.05877,33.30165,32.80244,32.75668,30.52868,29.68164,28.79236,29.73214,30.08322,24.18677,22.2036,25.17936,22.02272,23.08679,24.73863,21.58703,19.64688,18.38478,18.35756,18.43909,14.86607,15.0,37.53665,36.06938,39.62323,42.80187,39.66106,44.65423,45.48626,48.30114,47.85394,50.53712,52.80152,53.48832,57.58472,58.18935,61.03278,60.87693,65.96969,63.34824,63.34824,67.74216,68.88396,69.46222,68.88396,72.24957,71.06335,72.06247,72.11103,70.00714,70.0,70.06426,69.06519,71.11259,71.11259,70.11419,72.24957,71.34424,69.26038,66.48308,68.73136,67.89698,67.74216,68.44706,72.99315,70.83078,70.61161,71.56815,73.76313,74.04053,73.24616,71.06335,72.03471,72.53275,74.2159,72.03471,73.97973,73.24616,69.63476
9.48683,8.24621,8.24621,8.24621,8.24621,7.28011,7.07107,7.07107,7.07107,7.07107,7.07107,6.0,6.0,6.0,5.0,6.08276,5.09902,5.09902,5.09902,5.09902,5.09902,5.09902,5.38516,5.38516,5.38516,5.38516,5.38516,5.09902,5.09902,5.09902,5.09902,5.09902,5.09902,5.0,5.0,5.0,5.09902,4.12311,4.12311,4.47214,4.47214,3.60555,3.60555,3.60555,4.24264,3.60555,3.60555,3.60555,3.16228,3.16228,3.0,3.0,62.36986,59.66574,57.87055,58.85576,54.45181,51.1957,50.01,49.49747,48.25971,43.10452,42.04759,42.10701,40.0125,38.01316,38.20995,37.12142,34.1321,33.95585,34.52535,33.83785,30.67572,32.57299,32.69557,30.46309,29.54657,31.30495,32.64966,29.15476,31.30495,35.51056,32.75668,34.48188,33.54102,30.88689,32.20248,28.4605,32.89377,30.08322,32.55764,31.7805,29.61419,28.28427,26.07681,27.16616,26.01922,26.01922,21.84033,23.4094,19.69772,20.59126,18.43909,19.20937,18.38478,17.02939,16.64332,16.76305,17.46425,33.24154,36.67424,39.20459,40.04997,43.04649,40.11234,45.17743,45.39824,48.16638,49.36598,52.39275,56.29387,55.9017,58.24088,60.87693,60.72891,64.19502,65.19202,64.84597,65.39113,68.8767,70.26379,72.89719,72.89719,71.19691,72.06941,71.19691,68.8767,74.30343,67.53518,71.58911,68.88396,68.88396,69.77105,68.88396,69.857,70.26379,69.07966,68.35203,68.00735,68.00735,72.42237,69.64194,75.0,71.56815,70.21396,70.83078,73.34848,73.75636,75.9276,72.78049,74.52516,71.58911,76.29548,72.36712,69.857,73.97973
9.84886,8.94427,8.94427,8.94427,7.61577,7.61577,7.61577,7.61577,7.28011,6.32456,6.08276,6.08276,6.08276,6.08276,5.09902,6.0,6.0,5.0,5.0,5.0,5.0,5.0,5.09902,5.09902,5.09902,5.09902,5.09902,5.09902,5.09902,5.09902,5.0,5.0,5.0,5.09902,5.09902,5.09902,5.09902,4.47214,4.47214,4.47214,3.60555,3.60555,3.60555,4.24264,3.60555,3.60555,3.60555,3.16228,3.16228,3.0,3.0,3.0,65.21503,66.21933,58.00862,55.80323,55.80323,50.80354,53.0,48.25971,47.01064,44.77723,45.17743,41.14608,39.56008,42.15448,37.33631,38.8973,34.48188,34.20526,32.75668,34.71311,32.06244,34.36568,32.14032,32.01562,34.05877,33.13608,34.0,36.05551,33.0,33.06055,35.01428,31.06445,34.0147,34.05877,34.0147,33.24154,35.51056,32.55764,31.32092,32.98485,30.08322,27.313,26.83282,29.41088,25.0,26.40076,23.43075,24.08319,18.60108,21.09502,20.12461,22.13594,20.61553,15.52417,18.0,18.11077,18.02776,36.01389,35.22783,40.31129,41.23106,42.44997,40.5216,45.60702,43.65776,47.42362,53.22593,51.0,55.47071,57.3062,57.80138,61.05735,62.96825,64.63745,67.6757,66.28725,74.41102,74.41102,69.52697,70.03571,72.13876,71.50524,72.86288,72.86288,70.03571,72.24957,70.00714,72.13876,71.50524,70.76722,70.0928,67.89698,70.71068,70.76722,68.88396,65.79514,69.52697,68.0147,73.40981,70.80254,73.00685,68.60029,75.71658,73.00685,72.11103,73.78347,75.71658,74.88658,71.84706,71.02816,75.45197,73.60027,71.28113,74.4043
10.19804,9.05539,9.05539,8.06226,8.06226,8.06226,8.0,7.0,7.0,7.0,6.08276,6.08276,6.08276,6.32456,6.32456,6.32456,5.38516,5.38516,5.38516,5.38516,5.83095,5.83095,5.83095,5.83095,5.83095,5.83095,5.83095,5.83095,5.83095,5.83095,5.38516,5.38516,5.38516,5.09902,5.09902,5.09902,5.0,5.0,4.0,4.0,4.12311,4.12311,3.16228,3.16228,3.16228,2.82843,2.82843,2.82843,2.23607,2.23607,2.23607,2.0,58.69412,61.40033,56.29387,56.08921,53.60037,49.24429,49.64877,46.69047,48.37355,45.27693,44.10215,43.18565,41.0,40.0,40.0125,37.21559,35.0,38.47077,34.52535,36.68787,32.57299,32.28002,32.31099,31.38471,32.31099,33.83785,31.95309,34.43835,31.62278,33.61547,32.20248,31.01612,34.43835,35.1141,32.57299,30.80584,33.95585,32.28002,34.36568,31.14482,30.06659,28.07134,29.01724,27.45906,23.5372,22.56103,22.47221,24.59675,21.93171,20.12461,19.10497,15.6205,19.10497,17.49286,16.55295,15.13275,15.0,33.83785,37.85499,37.65634,37.21559,38.0526,42.04759,44.01136,46.04346,47.04253,48.37355,52.46904,53.93515,58.24946,57.27128,58.46366,61.98387,63.32456,64.84597,65.19202,69.07966,68.54196,70.00714,70.21396,72.44998,70.66116,69.77105,69.46222,69.83552,69.83552,71.58911,68.8767,69.35416,70.23532,70.21396,69.35416,68.54196,69.857,71.51224,69.07966,70.93659,69.28925,70.88018,70.5195,73.08215,69.57011,73.5459,72.8011,74.95332,73.76313,73.76313,73.76313,73.00685,71.30919,71.8401,72.27724,65.52099,72.27724
9.05539,9.05539,8.06226,8.06226,8.06226,7.28011,7.28011,6.32456,6.32456,6.32456,6.32456,6.7082,5.83095,5.83095,5.83095,5.83095,5.65685,5.0,5.0,5.65685,5.65685,5.65685,5.65685,5.65685,5.65685,5.65685,5.65685,5.65685,5.65685,5.65685,5.0,5.0,5.83095,5.0,5.38516,5.38516,4.12311,4.12311,4.12311,4.0,4.0,4.0,3.0,3.0,3.16228,3.16228,2.23607,2.23607,2.82843,2.23607,2.23607,2.23607,60.29925,59.68249,60.29925,53.15073,54.08327,54.03702,49.0102,49.0408,46.01087,48.01042,43.10452,42.04759,42.04759,37.21559,36.67424,37.85499,36.13862,35.44009,35.73514,33.52611,32.31099,31.38471,34.0,33.54102,32.64966,31.30495,31.38471,33.83785,34.48188,33.6006,33.28663,34.98571,32.20248,32.75668,32.24903,34.9285,33.10589,31.32092,29.12044,30.08322,29.83287,28.07134,27.0,26.01922,27.65863,24.33105,23.19483,19.64688,22.84732,20.12461,19.41649,19.72308,17.02939,17.02939,13.0384,14.86607,16.27882,32.69557,35.8469,37.64306,40.5216,38.07887,45.27693,43.18565,44.10215,48.01042,51.08816,52.00961,54.14795,55.03635,59.5399,60.20797,61.40033,61.81424,64.32729,65.30697,68.65858,66.48308,72.73239,68.30813,70.83784,68.94926,71.47027,68.94926,70.2282,72.23573,70.5762,65.19202,69.64194,71.30919,69.89278,67.35726,68.94926,70.21396,66.21933,67.05222,68.44706,70.83078,70.61161,69.87131,71.70077,69.87131,74.96666,75.13322,68.593,74.43118,72.69113,73.43705,73.43705,73.5527,68.46897,72.69113,74.1485,68.593
11.0,10.0,10.0,9.0,9.0,9.05539,9.05539,8.06226,8.06226,8.06226,7.07107,7.28011,7.28011,7.28011,6.32456,6.32456,6.32456,6.7082,6.7082,6.7082,6.7082,6.7082,6.7082,6.7082,6.7082,6.7082,6.7082,6.7082,6.7082,6.7082,6.32456,6.32456,6.32456,6.32456,6.08276,6.08276,5.09902,5.0,5.0,5.0,5.09902,5.09902,4.12311,4.12311,4.12311,3.60555,3.60555,3.60555,2.82843,2.82843,2.82843,2.23607,65.0,64.84597,59.22837,57.87055,55.9017,52.7731,51.47815,48.25971,47.67599,46.17359,44.18144,42.04759,42.10701,43.04649,38.0,36.12478,38.11824,36.34556,33.73426,35.17101,36.05551,34.17601,32.89377,32.89377,35.1141,33.61547,37.0,33.54102,34.9285,29.96665,33.61547,33.61547,36.40055,34.0147,35.1141,31.32092,33.52611,34.20526,32.14032,32.24903,33.01515,30.01666,29.06888,27.16616,26.30589,24.5153,25.29822,22.47221,20.61553,23.85372,21.09502,18.38478,17.69181,16.40122,13.41641,16.49242,14.56022,32.69557,34.17601,40.79216,38.63936,42.72002,41.7732,43.73786,49.16299,49.0,50.01,51.0392,54.23099,56.32051,59.4138,61.66036,62.514,63.15061,64.32729,66.4906,68.15424,67.05222,67.44627,68.62215,69.46222,70.00714,72.23573,69.857,70.26379,71.55418,69.857,72.61543,69.07966,67.62396,64.62198,68.44706,69.64194,66.7308,67.06713,68.70953,67.6757,67.44627,70.88018,69.857,73.4983,69.12308,74.8131,71.19691,71.19691,74.33034,72.78049,73.75636,72.99315,74.52516,72.56721,73.00685,70.21396,71.38627
10.0,9.21954,8.60233,8.60233,7.81025,7.81025,7.07107,7.07107,7.07107,7.07107,6.40312,6.40312,6.40312,5.83095,5.83095,5.83095,5.83095,5.38516,5.38516,5.38516,5.38516,5.38516,5.38516,5.38516,5.38516,5.38516,5.38516,5.38516,5.38516,5.38516,5.83095,5.83095,5.0,5.0,5.65685,5.0,5.0,5.0,5.0,4.47214,4.47214,4.47214,4.12311,4.12311,4.12311,4.0,4.0,4.0,3.16228,3.16228,3.60555,3.60555,62.43397,56.61272,61.22091,57.42822,54.40588,55.44367,49.81967,52.49762,46.8615,43.18565,40.36087,42.42641,40.45986,38.94868,37.01351,36.89173,36.61967,36.61967,35.8469,33.12099,36.24914,34.43835,31.76476,33.61547,34.48188,35.1141,33.52611,32.98485,30.08322,35.44009,32.57299,32.98485,32.89377,34.53983,30.46309,34.48188,32.24903,31.76476,27.45906,34.0,29.83287,31.40064,25.4951,29.0,27.65863,22.2036,23.32381,22.47221,23.4094,20.61553,18.02776,21.2132,21.09502,16.12452,15.52417,18.78829,14.31782,32.89377,38.01316,37.73592,43.82921,42.43819,42.0119,45.34314,47.42362,48.83646,48.79549,50.91169,52.49762,56.85068,60.0,63.60031,59.68249,64.07027,64.3506,67.41662,69.35416,68.88396,73.82412,68.942,68.942,71.69379,73.53911,73.82412,76.6942,71.30919,73.82412,67.23095,74.09453,68.54196,70.21396,68.44706,70.66116,64.40497,65.74192,70.66116,73.92564,73.24616,67.41662,73.24616,72.40166,72.42237,70.72482,71.61006,72.8011,75.60423,71.02816,74.63243,75.21303,78.81624,71.61006,73.4983,75.80237,70.17834
9.43398,9.43398,8.06226,8.94427,8.06226,8.06226,7.61577,7.61577,6.7082,6.32456,6.32456,6.32456,6.08276,6.08276,6.08276,6.0,6.08276,5.0,6.0,6.0,6.0,5.0,5.0,6.08276,6.08276,6.08276,6.0,6.0,6.0,6.0,6.0,5.09902,5.09902,5.09902,5.09902,5.09902,4.47214,4.47214,4.47214,4.47214,3.60555,3.60555,2.82843,3.60555,3.60555,3.16228,3.16228,3.0,3.0,3.0,2.23607,2.23607,64.44377,61.07373,59.40539,56.40035,54.81788,50.0,50.80354,51.61395,43.04649,43.26662,45.27693,41.62932,38.07887,39.0,41.14608,35.8469,34.78505,35.44009,34.48188,31.57531,36.34556,33.37664,33.01515,31.06445,32.24903,31.01612,33.0,34.23449,33.01515,34.0,32.0,32.01562,34.0,34.05877,34.0147,33.95585,33.24154,34.71311,28.63564,28.4605,32.89377,30.46309,25.94224,26.41969,25.23886,23.43075,25.45584,22.62742,21.47091,17.20465,21.09502,21.54066,19.92486,15.29706,17.02939,14.31782,14.56022,37.33631,36.67424,37.10795,41.10961,40.8534,42.54409,44.72136,44.72136,47.16991,49.73932,50.77401,54.81788,57.2014,56.22277,62.482,60.44005,65.19202,64.44377,67.20863,68.0147,67.20863,70.17834,69.52697,68.60029,70.21396,73.60027,73.00685,72.00694,69.6563,74.65253,71.21798,67.62396,70.60453,67.62396,68.24954,70.17834,68.0147,70.03571,67.17887,70.71068,71.44928,68.11755,70.83784,72.47068,71.8401,75.16648,73.87828,71.21798,76.2168,75.9276,72.47068,74.02702,71.70077,69.52697,71.8401,71.58911,73.24616
9.48683,8.544,8.24621,8.544,8.544,7.61577,7.61577,6.7082,6.7082,6.7082,7.2111,6.40312,6.40312,6.40312,5.65685,5.65685,6.40312,5.65685,5.65685,6.40312,6.40312,5.83095,5.83095,5.83095,5.83095,5.83095,5.83095,5.83095,6.40312,6.40312,5.65685,5.65685,5.65685,5.65685,5.0,5.0,5.0,4.47214,4.47214,4.47214,4.12311,4.12311,4.12311,3.0,3.0,3.0,3.0,2.23607,2.23607,2.23607,1.41421,2.23607,63.60031,62.58594,60.40695,55.36244,55.02727,50.96077,47.53946,50.15974,46.23851,42.95346,43.41659,40.24922,42.19005,39.66106,34.66987,38.27532,37.48333,34.65545,36.79674,36.06938,36.12478,33.42155,32.20248,33.6006,33.6006,32.75668,34.48188,33.28663,34.4093,35.8469,34.4093,33.28663,31.06445,32.24903,32.80244,33.30165,34.05877,31.241,34.71311,31.14482,30.80584,28.01785,28.63564,26.41969,25.29822,25.96151,22.09072,23.76973,20.39608,21.0238,21.0238,18.11077,16.12452,19.31321,16.64332,15.6205,15.55635,36.06938,36.23534,37.44329,39.66106,40.49691,41.59327,43.82921,43.86342,48.33218,49.24429,53.14132,53.14132,54.12024,57.00877,61.84658,61.98387,64.53681,63.78871,65.11528,66.27217,66.75328,69.26038,67.1193,70.0,70.00714,69.00725,69.02898,70.06426,70.0,71.00704,67.00746,70.00714,69.00725,68.18358,70.25667,66.27217,69.46222,65.37584,67.74216,67.74216,72.18033,70.03571,72.36712,67.18631,64.53681,75.43209,75.02666,67.35726,73.4983,74.72617,68.88396,71.56815,73.76313,72.12489,70.88018,70.60453,70.5195
10.04988,10.04988,9.05539,9.05539,8.06226,8.24621,8.24621,7.28011,7.28011,7.28011,7.61577,6.32456,6.32456,6.7082,6.7082,5.83095,5.83095,5.83095,5.83095,5.83095,5.83095,5.83095,5.65685,6.40312,5.65685,5.65685,6.40312,6.40312,6.40312,5.83095,5.83095,5.83095,5.83095,5.38516,5.38516,5.38516,5.09902,5.09902,5.09902,5.0,5.0,5.0,4.12311,4.12311,4.12311,4.12311,4.47214,3.60555,3.60555,3.60555,3.60555,3.60555,64.49806,64.12488,57.14018,58.13777,56.00893,52.0,51.0392,47.01064,48.09366,45.17743,43.18565,43.28972,40.1995,41.23106,38.07887,37.85499,35.44009,36.40055,37.33631,34.9285,33.12099,33.12099,33.12099,34.43835,31.90611,35.8469,33.28663,32.80244,33.6006,33.01515,32.80244,31.90611,34.48188,33.28663,34.66987,33.54102,32.69557,31.95309,32.89377,30.59412,29.83287,25.17936,28.07134,28.0,27.01851,27.01851,25.4951,24.5153,20.61553,19.31321,20.24846,21.9545,19.20937,19.10497,17.49286,15.6205,18.02776,36.23534,38.01316,40.31129,41.76123,41.4367,43.93177,43.17407,48.37355,45.27693,48.09366,44.18144,61.66036,53.60037,57.07889,59.0,65.19202,63.1981,63.50591,65.37584,69.05071,69.2315,70.85901,71.38627,71.38627,70.34202,72.78049,72.78049,71.56815,69.64194,70.0928,70.0928,73.4983,71.06335,70.61161,68.88396,71.06335,67.26812,69.87131,70.40597,70.71068,70.71068,71.34424,70.34913,73.24616,70.25667,70.17834,71.11259,72.02777,77.0,76.02631,76.00658,75.0,77.05842,73.17103,74.02702,75.05998,71.11259
8.94427,8.06226,8.06226,8.06226,8.06226,7.2111,6.40312,6.40312,6.40312,6.40312,5.65685,5.65685,5.65685,5.0,5.0,5.83095,5.0,5.0,4.47214,5.38516,5.38516,5.38516,5.38516,5.38516,5.38516,5.38516,5.38516,5.38516,4.47214,5.38516,4.47214,4.47214,5.0,5.0,4.24264,4.24264,5.0,3.60555,3.60555,3.60555,3.60555,3.16228,3.16228,3.16228,3.0,3.0,3.0,3.16228,3.16228,2.82843,2.82843,2.23607,62.43397,58.13777,62.43397,56.93856,54.20332,54.20332,51.31277,49.39636,44.94441,42.80187,46.40043,43.27817,38.94868,36.87818,37.48333,36.12478,36.06938,34.4093,35.0,32.20248,34.0,32.24903,32.20248,31.62278,30.08322,30.08322,33.83785,32.89377,33.24154,33.61547,32.28002,33.24154,31.95309,31.95309,32.24903,32.64966,33.61547,29.68164,31.62278,29.83287,31.89044,29.0,24.08319,24.20744,26.07681,25.94224,23.32381,20.61553,21.58703,21.2132,19.0,19.0263,17.11724,17.11724,14.76482,16.12452,15.0,34.9285,37.73592,39.11521,39.05125,41.10961,40.31129,46.69047,46.8615,46.09772,52.00961,51.61395,53.82379,55.0,58.83026,60.20797,62.96825,64.88451,63.52952,65.29931,66.70832,69.07966,71.17584,71.86793,72.8011,71.8401,73.1642,74.63243,73.08215,71.51224,72.11103,68.96376,71.7844,68.94926,68.00735,68.62215,71.86793,70.00714,69.07966,68.15424,69.857,70.66116,71.11962,74.70609,71.19691,70.3278,73.78347,74.70609,72.20111,73.24616,70.71068,71.86793,71.86793,71.86793,76.32169,71.34424,71.34424,72.71864
11.04536,10.04988,10.04988,9.05539,9.05539,8.06226,8.24621,8.24621,8.24621,8.24621,7.28011,7.28011,7.61577,6.7082,6.7082,6.7082,5.83095,6.7082,5.83095,5.83095,5.83095,6.40312,6.40312,6.40312,6.40312,6.40312,6.40312,6.40312,5.83095,5.83095,5.83095,5.83095,6.7082,6.32456,6.32456,6.32456,5.09902,5.09902,5.0,5.0,5.0,5.09902,5.09902,4.12311,4.47214,4.47214,4.47214,3.60555,4.24264,4.24264,3.60555,3.60555,64.03124,60.07495,58.42089,58.13777,56.0803,56.32051,52.08647,52.34501,48.50773,47.67599,42.57934,44.91102,42.95346,39.05125,38.60052,39.84972,37.33631,35.4683,35.77709,34.1321,34.88553,28.6531,36.05551,35.80503,32.20248,34.20526,33.01515,34.4093,34.82815,36.12478,35.80503,34.66987,33.83785,32.20248,34.1321,31.7805,34.0147,33.10589,34.78505,32.75668,29.83287,32.01562,30.26549,29.15476,29.0,27.0,23.19483,24.5153,24.04163,21.9545,19.69772,19.41649,21.63331,19.10497,17.02939,17.49286,16.12452,36.06938,38.41875,38.41875,41.23106,42.54409,43.38202,45.61798,48.46648,49.39636,47.75982,56.61272,55.08176,57.28001,59.90826,60.53098,63.50591,64.93843,62.28965,67.47592,71.11259,69.0,70.02857,72.02777,73.02739,70.02857,72.06247,72.1734,75.32596,70.11419,71.25307,69.58448,73.43705,72.1734,69.26038,68.11755,70.11419,67.00746,69.00725,67.00746,72.06247,71.11259,69.06519,70.06426,71.34424,72.11103,71.17584,72.24957,73.68175,75.32596,73.68175,73.68175,75.42546,73.33485,75.42546,78.63841,74.54529,69.26038
11.31371,9.89949,10.63015,9.89949,9.21954,9.21954,8.60233,8.60233,8.60233,8.06226,8.06226,8.06226,7.61577,6.7082,6.7082,7.61577,6.32456,6.32456,7.28011,7.28011,6.32456,7.07107,6.32456,7.07107,6.32456,7.28011,7.28011,6.32456,7.28011,7.28011,6.32456,6.32456,6.7082,6.7082,5.83095,5.83095,6.40312,5.65685,5.65685,5.65685,5.0,5.0,5.0,4.47214,4.47214,4.47214,4.12311,4.12311,4.12311,4.0,3.0,3.16228,64.03124,62.36986,57.62812,56.72742,54.40588,51.61395,52.20153,48.25971,45.48626,45.27693,47.50789,43.82921,40.31129,39.39543,39.0,34.78505,38.32754,32.98485,33.95585,34.9285,34.71311,34.52535,33.13608,34.1321,33.06055,33.0,31.01612,33.01515,33.01515,30.0,34.23449,34.05877,35.12834,33.13608,34.1321,33.73426,30.26549,32.75668,33.52611,30.08322,31.30495,28.63564,29.96665,27.20294,25.6125,24.20744,24.04163,26.1725,22.80351,22.82542,20.12461,20.24846,17.72005,17.26268,19.41649,15.0333,19.10497,32.01562,37.21559,37.48333,38.32754,43.17407,42.15448,40.8534,45.31004,46.09772,49.24429,51.88449,54.20332,56.82429,59.16925,59.90826,60.21628,62.62587,63.25346,66.06815,70.43437,67.94115,66.48308,70.72482,69.35416,69.31089,71.58911,68.88396,70.0928,70.29225,68.88396,67.47592,69.52697,66.6033,67.94115,68.62215,68.593,67.17887,67.26812,67.94115,68.0147,69.42622,68.24954,71.58911,71.8401,71.21798,69.6563,72.20111,73.81734,74.06079,71.61006,70.43437,73.60027,70.80254,70.45566,71.40028,73.81734,70.0
9.48683,9.21954,9.21954,8.24621,8.24621,7.07107,7.07107,7.07107,7.07107,7.0,7.0,6.0,6.08276,6.08276,6.08276,6.08276,6.08276,6.32456,5.38516,5.38516,5.38516,5.38516,6.32456,5.38516,6.32456,5.38516,5.38516,6.32456,5.38516,6.32456,5.09902,6.08276,5.09902,5.09902,5.0,5.0,5.0,4.12311,4.12311,4.12311,4.12311,3.16228,3.60555,3.60555,2.82843,2.82843,2.82843,2.23607,2.23607,2.0,2.0,2.23607,62.96825,60.92618,60.16644,56.61272,54.70832,54.70832,48.08326,51.92302,42.72002,44.38468,41.23106,44.40721,42.42641,38.20995,36.05551,38.01316,38.01316,34.23449,39.05125,33.06055,34.71311,32.75668,29.83287,32.89377,32.28002,30.36445,33.61547,33.10589,33.10589,32.31099,35.44009,31.62278,30.46309,34.48188,32.01562,35.90265,32.57299,33.24154,31.257,28.0,29.15476,31.0,27.07397,26.1725,29.61419,24.69818,25.4951,24.18677,23.32381,20.80865,20.61553,17.80449,20.24846,16.15549,15.81139,15.13275,15.0333,33.37664,37.48333,37.05401,44.0,40.31129,44.40721,43.56604,44.55334,50.01,47.85394,52.17279,55.36244,56.04463,59.77458,60.74537,60.74537,65.39113,64.07808,66.70832,66.64833,67.1193,70.83078,70.49113,68.26419,71.02112,71.58911,72.71864,72.42237,70.45566,71.02816,68.50547,71.02816,69.89278,70.45566,69.06519,71.02112,69.35416,68.09552,70.21396,73.3553,72.01389,67.08204,72.49828,73.1642,72.61543,72.91776,71.86793,70.93659,75.96052,73.38937,72.11103,76.53757,74.0,70.93659,71.86793,71.17584,70.2282
10.19804,10.19804,10.19804,9.21954,9.05539,9.05539,8.06226,8.06226,8.06226,8.0,7.0,7.0,7.07107,7.07107,7.07107,6.08276,6.08276,6.08276,6.32456,6.32456,6.08276,6.32456,6.32456,6.32456,6.32456,6.32456,6.32456,6.32456,6.32456,6.32456,6.08276,6.08276,6.08276,6.0,6.0,6.0,6.0,5.09902,5.09902,5.09902,5.38516,5.38516,4.47214,4.47214,4.47214,4.24264,4.24264,4.24264,3.60555,3.60555,3.16228,3.16228,63.32456,62.8172,60.44005,59.66574,55.7853,52.88667,50.69517,50.80354,48.50773,46.52956,44.10215,43.01163,42.0,41.04875,39.01282,36.12478,38.11824,35.69314,36.49658,33.73426,34.52535,34.9285,34.17601,32.57299,32.57299,34.53983,30.46309,33.24154,34.9285,33.83785,37.33631,35.77709,33.83785,35.34119,33.24154,31.62278,33.24154,32.98485,33.54102,31.40064,32.01562,30.06659,30.06659,28.16026,27.45906,25.4951,24.04163,22.84732,20.12461,20.24846,21.63331,22.02272,19.84943,20.0,15.26434,16.49242,16.12452,34.71311,38.32754,36.87818,40.1995,42.0119,44.01136,45.04442,46.09772,49.0408,49.49747,48.6621,54.45181,56.51548,60.41523,60.87693,59.48109,63.56886,65.55151,66.40783,66.48308,68.70953,68.54196,70.77429,70.23532,72.00694,70.21396,72.47068,75.591,71.19691,72.89719,68.09552,72.00694,69.83552,71.11259,72.49828,68.942,68.02941,68.70953,69.64194,69.46222,72.11103,66.7308,71.7844,69.92138,72.03471,70.0928,70.83078,71.80529,73.00685,74.73286,69.92138,76.90254,74.2159,70.0928,71.80529,73.76313,71.80529
10.19804,9.05539,9.05539,8.06226,9.05539,8.06226,7.0,7.0,7.0,7.0,6.08276,6.08276,6.08276,6.08276,6.08276,6.08276,5.38516,5.38516,5.38516,5.38516,6.32456,5.38516,5.83095,5.83095,5.83095,5.83095,5.38516,5.38516,5.38516,6.32456,5.38516,5.38516,5.09902,5.09902,5.0,5.0,5.0,4.12311,4.12311,4.12311,4.12311,3.16228,3.60555,3.16228,3.60555,2.82843,2.82843,2.23607,2.23607,2.23607,2.0,2.0,63.24555,59.46427,62.8172,54.57105,55.36244,54.12024,49.24429,48.83646,44.55334,46.87217,45.54119,39.11521,41.04875,38.0526,40.1995,37.01351,35.0571,36.12478,35.51056,35.35534,36.49658,34.20526,33.24154,33.52611,31.04835,34.20526,30.08322,34.78505,30.67572,35.44009,35.44009,35.17101,33.52611,32.75668,32.75668,31.57531,34.52535,30.26549,31.40064,28.07134,29.27456,27.65863,28.63564,26.68333,27.20294,22.84732,22.47221,22.82542,21.2132,19.20937,19.84943,15.81139,19.23538,17.49286,17.26268,18.24829,14.0,34.88553,36.05551,38.32754,39.81206,40.4475,41.19466,41.30375,46.04346,50.08992,50.03998,51.35173,55.3263,55.57877,58.69412,59.3043,60.20797,65.73431,62.36185,67.18631,66.40783,69.26038,72.11103,71.30919,72.09022,69.31811,70.68239,70.66116,71.17584,68.44706,72.89719,68.44706,72.91776,69.35416,70.26379,69.77822,65.9242,68.02941,66.48308,65.9242,67.6757,70.21396,70.60453,70.60453,72.8011,72.27724,67.44627,71.8401,72.27724,72.03471,73.76313,70.88018,73.24616,72.27724,70.5195,71.8401,73.37575,71.56815
9.21954,9.21954,8.60233,8.60233,8.60233,7.81025,7.2111,7.2111,6.7082,6.7082,6.7082,6.7082,6.32456,6.32456,6.32456,5.09902,6.08276,5.09902,6.0,6.0,5.0,6.0,5.0,6.0,6.0,6.0,6.0,6.0,6.08276,5.09902,5.09902,5.09902,5.09902,5.38516,5.38516,4.47214,4.47214,5.0,5.0,4.24264,4.24264,4.24264,3.60555,3.60555,3.16228,3.16228,3.0,3.0,3.0,3.16228,2.23607,2.82843,63.70243,61.7171,61.6198,58.0517,57.31492,50.20956,50.24938,50.9902,46.09772,46.8615,43.41659,41.86884,44.82187,36.89173,38.83298,38.27532,37.21559,35.8469,36.67424,35.4683,35.73514,31.62278,30.80584,30.59412,31.57531,34.20526,32.75668,30.59412,34.20526,32.55764,33.54102,32.98485,34.9285,34.52535,31.32092,33.83785,32.89377,32.31099,33.10589,30.41381,28.6007,31.241,26.90725,25.45584,25.4951,24.08319,25.23886,25.55386,21.0238,21.54066,21.58703,18.97367,19.0263,17.02939,18.11077,17.72005,16.40122,31.62278,38.8973,37.69615,41.14608,39.82462,43.04649,44.10215,46.04346,47.20169,49.67897,51.73973,54.45181,58.0517,57.28001,60.10824,63.70243,64.44377,69.02898,68.41053,69.81404,69.89278,68.60029,71.02816,72.40166,75.17978,73.06162,71.58911,71.69379,68.96376,72.56032,70.83078,72.06941,72.94518,70.3278,71.19691,67.95587,70.72482,67.41662,68.60029,69.06519,71.02816,69.52697,71.8401,73.40981,73.10951,69.52697,68.68042,73.66139,71.50524,74.27651,72.34639,73.59348,72.24957,71.06335,73.66139,73.75636,71.8401
8.544,8.544,8.544,7.61577,7.61577,7.61577,6.7082,6.7082,6.7082,5.83095,5.83095,5.83095,5.83095,5.0,5.65685,5.65685,5.65685,5.0,5.0,5.0,5.0,5.0,5.0,5.0,5.0,5.0,5.0,5.0,5.0,5.65685,5.0,5.0,5.0,5.0,5.0,4.47214,4.47214,4.12311,4.12311,4.12311,4.0,4.0,4.0,3.16228,3.16228,3.16228,3.60555,2.82843,2.82843,2.82843,2.23607,3.16228,60.16644,59.90826,57.87055,53.75872,54.40588,50.0,46.48656,49.33559,44.01136,42.48529,41.23106,39.35734,41.59327,36.23534,36.71512,38.58756,33.42155,33.6006,32.01562,33.24154,33.94113,31.89044,30.41381,29.73214,29.20616,32.80244,30.0,30.23243,30.61046,32.01562,32.01562,31.40064,30.61046,33.01515,33.42155,31.1127,31.82766,31.14482,33.6006,30.01666,32.20248,28.6531,26.0,25.07987,23.4094,25.96151,23.19483,23.19483,19.0263,22.09072,19.64688,16.55295,19.23538,16.64332,16.64332,15.55635,15.0,31.1127,35.35534,37.48333,40.60788,39.40812,39.11521,40.49691,43.82921,46.52956,49.65884,48.33218,52.55473,52.0,55.36244,55.36244,63.60031,60.87693,62.58594,63.78871,65.76473,66.09841,69.46222,69.26038,68.35934,70.17834,70.34913,70.17834,70.17834,69.02898,67.06713,68.11755,67.06713,70.06426,67.1193,68.26419,68.35934,65.9242,66.61081,64.49806,67.08204,68.65858,69.42622,68.88396,73.4983,68.96376,67.35726,69.12308,71.16881,71.8401,71.06335,73.08215,72.8011,74.04053,71.30919,67.05222,70.34202,70.60453
10.04988,9.05539,10.04988,9.05539,9.21954,8.06226,8.24621,8.24621,8.24621,7.28011,7.28011,7.28011,6.7082,6.7082,6.7082,6.7082,5.83095,5.83095,5.83095,5.83095,5.83095,5.83095,6.40312,6.40312,6.40312,5.65685,6.40312,6.40312,5.83095,6.40312,5.83095,5.83095,5.83095,5.83095,5.38516,5.38516,5.38516,5.09902,5.09902,5.0,5.0,5.0,5.0,4.12311,4.12311,4.12311,4.47214,3.60555,3.60555,3.60555,3.60555,3.60555,65.37584,59.68249,62.39391,58.54912,54.74486,54.12947,49.49747,50.80354,47.07441,46.57252,45.88028,43.41659,42.44997,39.39543,37.57659,37.58989,39.44617,36.35932,34.98571,32.44996,34.20526,32.80244,34.71311,33.30165,31.241,33.42155,33.97058,33.30165,34.82815,34.20526,32.55764,36.12478,32.55764,36.79674,34.05877,33.30165,31.90611,31.62278,32.44996,30.41381,27.73085,27.313,28.4605,28.4605,29.12044,24.02082,24.02082,23.08679,24.02082,22.2036,21.37756,21.37756,19.23538,17.49286,16.40122,16.97056,16.40122,34.71311,38.27532,36.35932,42.94182,41.62932,43.46263,43.01163,45.22168,51.92302,46.84015,54.91812,53.36666,55.31727,56.7186,62.64982,59.3043,65.27634,63.03174,70.11419,71.00704,70.00714,70.00714,68.06614,70.17834,71.25307,73.24616,73.24616,74.33034,68.35934,74.54529,70.34913,72.44308,71.44928,71.44928,69.11584,69.06519,68.00735,68.00735,70.00714,69.26038,72.11103,68.18358,69.18092,70.45566,74.54529,75.95393,73.82412,71.70077,75.66373,71.70077,75.66373,76.11833,76.94154,71.70077,75.13322,75.66373,71.44928
10.19804,10.19804,10.19804,10.19804,9.21954,8.24621,8.544,8.24621,8.544,7.28011,7.61577,7.61577,6.7082,6.7082,6.7082,6.7082,5.83095,6.40312,6.40312,6.40312,6.40312,6.40312,6.40312,6.40312,6.40312,6.40312,6.40312,6.40312,6.40312,6.40312,5.83095,5.83095,5.83095,5.83095,5.38516,5.38516,5.38516,5.09902,5.09902,5.0,5.09902,5.0,5.0,4.12311,4.12311,4.12311,4.12311,4.47214,3.60555,3.60555,4.24264,3.60555,64.19502,62.39391,59.84146,56.4358,56.56854,54.34151,53.60037,50.48762,46.09772,44.64303,45.88028,42.05948,42.05948,39.0,39.21734,38.91015,38.47077,35.35534,33.12099,36.61967,35.51056,32.44996,34.4093,33.30165,35.60899,31.40064,31.82766,36.06938,32.55764,34.65545,35.35534,32.55764,34.65545,34.65545,34.82815,33.6006,32.20248,36.23534,32.64966,32.64966,30.46309,29.83287,28.16026,26.4764,26.30589,25.01999,26.01922,23.02173,22.09072,22.80351,20.61553,19.92486,22.36068,20.59126,18.38478,19.84943,16.40122,33.97058,38.41875,36.61967,41.67733,42.48529,42.95346,43.46263,46.23851,47.43416,50.92151,52.49762,56.29387,56.29387,61.61169,62.96825,61.52235,63.28507,65.12296,65.19202,71.00704,69.02898,75.0,70.02857,70.25667,71.17584,76.05919,71.25307,72.33948,71.44928,72.33948,73.24616,71.25307,69.18092,69.26038,70.17834,70.02857,68.00735,70.02857,71.00704,71.17584,74.02702,69.06519,67.18631,75.66373,69.58448,72.56032,77.10383,72.99315,77.10383,75.31268,72.00694,76.94154,74.8131,70.03571,77.78175,75.95393,72.83543
9.43398,8.60233,8.60233,8.60233,7.81025,7.81025,7.81025,7.07107,7.07107,6.40312,6.40312,6.40312,5.83095,6.40312,5.83095,5.83095,6.7082,5.83095,6.32456,5.38516,5.38516,6.32456,6.32456,6.32456,6.32456,6.32456,6.32456,6.32456,6.32456,5.38516,5.83095,5.83095,5.83095,5.83095,5.83095,5.0,5.0,4.24264,4.24264,4.24264,3.60555,3.60555,3.60555,3.16228,3.16228,3.16228,3.16228,3.0,2.0,2.0,2.23607,2.23607,67.23095,58.5235,60.00833,56.0803,54.23099,53.31041,51.42956,47.85394,47.41308,45.79301,43.04649,44.10215,40.60788,41.40048,37.80212,36.12478,36.23534,36.76955,36.06938,32.80244,35.4683,33.28663,33.01515,32.75668,32.44996,31.06445,31.30495,34.66987,32.64966,35.35534,34.0,34.66987,31.38471,34.66987,33.01515,33.01515,33.30165,31.82766,31.89044,32.20248,31.14482,27.01851,30.01666,28.6531,25.94224,21.0238,22.13594,21.37756,22.09072,20.02498,18.02776,19.0,16.49242,15.81139,17.46425,16.27882,14.21267,34.98571,37.20215,35.38361,39.59798,41.10961,43.82921,42.2019,45.0,47.43416,48.02083,51.62364,53.85165,55.9464,58.59181,59.9333,57.58472,64.62198,60.74537,66.12866,66.48308,66.76077,71.56815,67.68309,68.44706,69.42622,70.85901,70.21396,75.31268,68.593,71.70077,68.88396,71.02112,69.87131,69.2315,68.24954,68.65858,66.94027,65.80274,68.15424,69.57011,70.83784,65.45991,70.2282,71.30919,71.51224,65.9242,70.77429,69.46222,70.68239,70.93659,69.07966,76.15773,76.55717,70.26379,72.49828,71.16881,70.00714
10.0,9.21954,9.21954,9.21954,8.48528,8.48528,7.81025,7.81025,7.81025,7.81025,7.2111,7.2111,7.2111,6.7082,6.7082,6.7082,6.32456,6.32456,6.32456,6.32456,6.32456,6.32456,6.32456,6.08276,6.32456,6.08276,6.32456,6.32456,6.32456,6.32456,6.32456,6.7082,5.83095,5.83095,5.83095,5.83095,5.0,5.0,4.24264,4.24264,4.24264,3.60555,3.60555,3.60555,3.16228,3.16228,3.16228,3.0,3.0,2.0,2.23607,2.23607,61.26989,60.92618,61.46544,58.18075,55.03635,52.3259,51.88449,50.11986,46.32494,43.41659,45.22168,43.82921,41.23106,39.20459,39.82462,35.4683,38.94868,33.24154,34.65545,36.87818,34.82815,33.83785,29.68164,35.51056,33.61547,33.61547,33.54102,34.88553,35.77709,32.20248,34.0147,34.0147,34.43835,33.12099,33.28663,34.66987,34.4093,34.4093,31.40064,32.01562,31.89044,31.14482,28.84441,28.01785,24.59675,25.07987,25.07987,22.84732,25.29822,20.02498,22.0,20.02498,20.22375,17.26268,14.86607,16.64332,14.21267,35.0,36.06938,38.20995,42.42641,41.23106,42.80187,43.01163,45.27693,47.16991,48.02083,51.88449,56.35601,53.7122,55.9464,60.74537,60.40695,65.14599,63.24555,67.72001,68.00735,68.88396,69.2315,69.63476,71.02112,73.68175,72.18033,72.00694,71.02112,71.70077,71.56815,71.70077,70.40597,69.58448,70.03571,71.02112,68.06614,68.15424,68.88396,68.68042,68.68042,69.26038,68.00735,69.28925,71.16881,72.11103,69.46222,70.77429,74.32362,71.69379,75.39231,72.61543,74.24958,70.68239,67.23095,76.6942,73.53911,72.61543
10.0,10.0,9.21954,8.60233,9.21954,8.48528,8.48528,7.81025,7.07107,7.07107,6.40312,6.40312,6.40312,6.40312,5.83095,5.83095,5.83095,5.38516,5.38516,5.38516,5.38516,5.38516,5.38516,5.38516,5.38516,5.38516,6.32456,5.38516,5.38516,5.38516,5.38516,5.83095,5.83095,5.83095,5.0,5.0,5.0,5.0,5.0,5.0,4.47214,4.47214,4.47214,4.12311,4.12311,4.12311,4.0,4.0,4.12311,4.12311,3.16228,3.60555,64.81512,61.84658,56.58622,57.00877,58.13777,51.73973,53.03772,50.24938,48.79549,45.27693,45.25483,41.23106,44.82187,42.0119,39.96248,37.73592,36.89173,35.35534,34.0,35.8469,34.78505,34.53983,35.1141,33.24154,31.62278,32.28002,34.20526,34.20526,31.7805,33.54102,31.57531,34.78505,33.24154,33.52611,34.78505,35.1141,31.76476,33.10589,30.8707,28.84441,31.38471,28.3196,26.1725,27.58623,28.6007,25.0,23.70654,24.18677,22.84732,21.54066,20.61553,22.09072,21.0,19.10497,19.64688,17.08801,14.76482,35.69314,37.0,40.16217,40.24922,42.05948,42.54409,43.82921,49.39636,47.70744,52.00961,52.63079,53.2635,57.48913,55.31727,57.98276,60.82763,64.38167,64.53681,64.81512,68.60029,67.6757,70.17834,69.06519,74.09453,72.71864,70.17834,70.72482,69.83552,73.06162,74.79305,70.83078,72.20111,71.58911,66.24198,72.20111,68.26419,71.56116,66.85058,67.00746,68.41053,71.40028,68.88396,70.60453,72.34639,70.93659,72.86288,69.42622,75.0733,72.18033,72.34639,72.86288,71.44928,74.41102,74.41102,74.27651,75.0733,74.20243
9.43398,9.43398,8.60233,8.06226,8.06226,7.81025,7.81025,7.81025,7.07107,7.07107,7.07107,7.07107,6.40312,6.40312,6.40312,6.40312,5.83095,5.83095,5.83095,5.83095,5.83095,5.38516,6.32456,5.38516,5.38516,6.32456,6.7082,5.83095,5.83095,5.83095,5.83095,5.83095,5.83095,5.0,5.0,5.65685,5.0,4.24264,3.60555,5.0,3.60555,3.60555,3.16228,3.16228,3.16228,3.16228,3.0,3.0,2.0,2.23607,2.23607,2.23607,65.19202,62.96825,57.98276,55.47071,55.21775,52.00961,51.61395,50.60632,48.27007,44.59821,41.72529,44.55334,41.01219,39.62323,39.05125,36.61967,35.60899,37.44329,34.1321,32.75668,34.43835,34.0,34.53983,33.54102,33.24154,30.08322,33.24154,36.40055,31.32092,35.44009,34.17601,33.83785,30.67572,36.05551,30.08322,32.64966,34.0,34.88553,31.90611,32.01562,29.83287,29.06888,28.3196,29.06888,26.62705,24.18677,23.32381,23.25941,20.61553,20.88061,18.43909,15.0333,16.12452,18.43909,13.60147,13.41641,13.60147,31.95309,33.61547,37.12142,38.01316,42.0119,42.63801,43.18565,45.96738,47.38143,49.67897,50.9902,51.85557,53.90733,57.80138,55.47071,59.07622,62.96825,64.14047,63.81222,68.42514,68.44706,68.942,67.62396,69.857,71.17584,70.93659,72.44998,70.2282,68.30813,72.11103,69.89278,69.57011,68.94926,66.85058,68.54196,69.46222,67.54258,65.79514,67.1193,64.88451,71.19691,68.96376,73.24616,70.83078,68.26419,73.23933,71.86793,72.67049,74.33034,74.88658,73.78347,71.84706,71.56116,72.40166,74.09453,71.86793,71.86793
10.0,10.04988,10.04988,9.05539,9.05539,8.06226,8.06226,8.24621,8.24621,7.28011,7.28011,7.28011,7.28011,6.32456,6.32456,6.7082,6.7082,5.83095,5.83095,5.83095,5.83095,6.40312,5.83095,6.40312,6.40312,6.40312,6.40312,5.83095,5.83095,5.83095,5.83095,6.7082,5.83095,5.38516,5.38516,5.09902,6.08276,5.09902,5.09902,5.0,5.0,5.0,4.12311,4.12311,4.12311,4.12311,4.47214,3.60555,3.60555,4.24264,3.60555,3.60555,63.78871,62.28965,60.53098,56.0357,56.0803,50.35871,52.00961,49.0102,50.01,45.27693,45.09989,42.42641,42.10701,36.49658,37.65634,38.60052,37.94733,36.68787,36.23534,34.9285,32.20248,33.61547,33.83785,34.98571,33.01515,32.75668,31.62278,34.82815,33.6006,34.66987,32.64966,35.0,34.20526,37.44329,33.42155,34.98571,33.12099,32.24903,34.88553,33.24154,29.41088,30.67572,29.61419,29.42788,26.1725,24.02082,27.01851,26.01922,22.36068,25.07987,22.13594,20.24846,22.47221,20.24846,17.69181,19.20937,16.12452,36.68787,38.47077,36.34556,40.1995,42.29657,44.01136,46.0,48.09366,52.23983,51.24451,53.15073,52.95281,56.56854,59.66574,63.56099,62.0967,66.09841,63.56886,68.00735,69.28925,70.38466,68.942,69.857,70.68239,70.66116,70.26379,70.26379,72.09022,71.55418,73.40981,69.857,68.942,71.58911,70.38466,74.09453,70.2282,67.6757,65.80274,71.47027,68.96376,69.64194,69.37579,71.58911,72.00694,70.40597,72.33948,72.56032,72.99315,72.44308,73.82412,73.33485,75.66373,77.52419,71.56815,71.56815,74.67262,70.25667
11.18034,10.19804,10.04988,9.05539,9.05539,9.05539,9.05539,8.0,8.0,8.0,8.0,7.07107,7.07107,7.07107,7.07107,7.07107,7.07107,6.32456,6.32456,6.32456,6.32456,6.32456,6.32456,6.32456,6.32456,6.32456,6.32456,6.32456,6.32456,6.32456,6.08276,6.08276,6.08276,6.08276,6.08276,6.0,6.0,6.08276,5.09902,5.09902,5.09902,5.38516,5.38516,4.47214,4.47214,5.0,4.24264,4.24264,3.60555,3.60555,3.16228,3.16228,60.63827,65.96969,60.01666,57.27128,54.91812,53.60037,53.46027,47.26521,48.37355,43.18565,45.09989,42.0,41.0,41.01219,39.01282,39.31921,37.33631,33.73426,34.71311,36.40055,34.78505,36.13862,33.83785,33.10589,34.17601,32.69557,32.31099,34.43835,31.7805,32.69557,34.88553,31.38471,34.9285,36.40055,35.4683,31.95309,35.1141,34.20526,34.36568,30.41381,30.41381,29.0,29.0,28.07134,28.63564,27.89265,24.04163,21.54066,24.59675,21.09502,20.0,19.10497,19.20937,18.60108,18.86796,17.46425,16.27882,35.4683,34.48188,40.4475,40.60788,44.04543,42.10701,43.01163,45.01111,50.03998,49.09175,52.23983,53.33854,55.44367,58.54912,56.7186,60.63827,64.7611,66.7308,64.03124,67.05222,67.41662,70.5762,73.92564,72.61543,72.01389,73.00685,72.91776,68.8767,70.26379,72.00694,72.49828,66.21178,67.62396,68.8767,68.54196,68.35203,71.86793,67.06713,66.40783,68.00735,69.26038,69.12308,69.857,73.34848,68.15424,73.34848,71.58911,73.34848,74.33034,75.31268,73.97973,73.5459,72.78049,77.87811,73.97973,72.36712,73.34848
10.77033,9.48683,9.48683,9.48683,9.48683,8.24621,8.24621,8.24621,8.24621,8.06226,8.06226,8.06226,7.0,7.0,6.0,7.0,7.07107,7.07107,6.08276,6.08276,6.08276,6.08276,7.07107,6.32456,6.08276,6.08276,7.28011,7.07107,6.08276,7.07107,6.08276,6.08276,6.0,6.0,6.0,6.08276,6.08276,5.09902,5.09902,4.12311,4.47214,4.47214,4.47214,3.60555,3.60555,3.60555,3.60555,3.60555,2.23607,2.23607,3.16228,2.0,63.07139,61.32699,59.13544,60.40695,58.30952,54.42426,52.81098,46.8188,46.84015,44.14748,44.55334,41.4367,41.10961,42.75512,41.19466,37.05401,39.05125,37.01351,34.0147,36.12478,36.87818,35.0571,35.51056,31.40064,34.71311,34.48188,35.17101,35.73514,32.28002,34.78505,32.89377,35.73514,33.95585,33.54102,35.17101,32.38827,33.13608,33.13608,33.06055,30.01666,31.14482,30.59412,27.45906,25.96151,26.92582,25.07987,24.16609,25.05993,22.2036,22.80351,19.10497,20.51828,17.02939,19.72308,19.23538,15.29706,15.0,33.54102,36.49658,39.05125,40.04997,42.42641,42.19005,44.18144,45.54119,46.09772,49.47727,53.85165,54.57105,56.32051,56.921,60.16644,64.4748,62.24147,64.84597,66.64083,68.09552,69.46222,70.3278,71.02112,70.72482,68.8186,73.00685,69.2026,70.0,70.0,69.40461,69.63476,69.89278,69.06519,67.6757,70.17834,65.73431,69.11584,68.26419,65.0,68.0,68.88396,68.42514,71.58911,73.00685,69.07966,73.00685,69.46222,73.1642,73.1642,74.67262,73.53911,72.8011,70.38466,74.94665,71.69379,70.93659,72.49828
9.05539,9.05539,9.0,9.0,8.0,8.0,7.0,7.07107,7.0,6.08276,6.08276,6.08276,6.08276,6.08276,6.32456,5.38516,5.38516,5.38516,5.38516,5.38516,4.47214,4.47214,5.38516,5.83095,5.83095,5.83095,5.83095,5.38516,5.38516,5.38516,5.38516,5.38516,5.09902,5.09902,5.09902,5.0,5.0,5.0,4.12311,4.12311,4.12311,4.12311,4.47214,3.60555,3.60555,3.60555,3.60555,3.60555,3.60555,3.16228,3.0,3.0,66.76077,64.03124,58.0517,58.0517,57.55867,51.41984,52.95281,48.6621,45.54119,45.17743,42.29657,42.0119,42.04759,39.01282,35.0571,37.12142,38.20995,37.65634,36.13862,34.52535,34.48188,33.83785,28.63564,33.83785,31.01612,34.53983,35.4683,32.69557,34.0,35.77709,34.43835,33.10589,34.53983,28.63564,33.10589,29.83287,34.9285,30.80584,29.61419,31.57531,33.13608,28.01785,30.0,27.0,27.29469,26.30589,23.34524,22.80351,20.61553,21.18962,22.02272,18.43909,19.10497,20.61553,15.81139,18.38478,16.76305,33.83785,37.64306,41.23106,42.10701,42.04759,41.10961,43.01163,48.04165,51.08816,51.15662,52.23983,54.58938,55.31727,61.18823,61.18823,64.56005,62.36986,67.35726,66.76077,69.26038,71.30919,73.38937,71.69379,69.857,72.89719,75.15318,72.00694,75.15318,70.66116,69.77105,72.91776,67.54258,71.11259,68.8767,69.35416,71.30919,69.64194,69.28925,68.30813,71.47027,67.6757,71.16881,69.12308,73.4983,69.64194,68.06614,73.75636,78.08969,76.48529,75.9276,73.1642,77.66595,75.50497,73.5459,72.56721,71.38627,71.80529
9.89949,9.21954,9.21954,9.21954,8.60233,8.60233,8.60233,8.06226,7.2111,7.2111,7.61577,6.7082,6.7082,6.7082,6.32456,6.32456,7.07107,6.08276,6.08276,6.08276,6.08276,6.08276,6.08276,6.0,6.08276,6.08276,7.07107,6.08276,6.08276,7.07107,6.08276,6.32456,6.32456,6.32456,5.38516,5.38516,5.83095,5.38516,5.0,5.0,5.0,4.24264,4.24264,3.60555,3.60555,3.60555,3.16228,3.16228,3.16228,3.0,2.0,2.23607,64.89992,61.61169,60.80296,59.40539,56.85068,54.67175,51.73973,50.24938,47.38143,46.69047,47.38143,43.13931,43.18565,38.01316,38.60052,38.27532,38.07887,38.01316,36.71512,32.20248,36.24914,34.9285,32.89377,33.61547,31.01612,36.05551,32.57299,33.24154,28.63564,37.33631,34.36568,34.20526,35.44009,34.48188,33.83785,34.17601,32.64966,31.76476,33.61547,32.24903,31.90611,28.84441,29.06888,27.58623,29.83287,25.6125,23.43075,25.55386,22.36068,20.12461,18.43909,19.23538,19.0,16.12452,16.03122,14.31782,14.42221,32.31099,36.24914,38.07887,40.45986,40.45986,39.69887,41.7732,43.13931,46.09772,48.10405,48.79549,53.15073,57.62812,58.60034,64.40497,60.20797,64.66065,64.14047,64.00781,67.97794,67.1193,70.00714,66.21178,69.77822,69.07966,71.86793,72.61543,74.46476,68.70953,68.35203,66.85058,70.00714,65.78754,70.83784,65.19202,69.46222,65.30697,64.88451,67.74216,72.20111,71.86793,66.03787,71.56116,71.02112,68.24222,70.17834,71.84706,72.11103,77.10383,71.61006,72.20111,80.0,74.4043,69.63476,73.40981,73.23933,70.45566
10.81665,10.29563,10.29563,9.43398,8.94427,8.94427,8.544,8.94427,7.61577,8.544,7.61577,7.28011,7.28011,7.28011,7.28011,7.28011,7.07107,6.08276,6.08276,7.07107,6.08276,7.07107,6.0,7.0,7.0,7.0,7.07107,7.07107,7.07107,7.07107,6.08276,7.28011,6.32456,6.32456,6.32456,6.7082,5.83095,5.83095,5.83095,5.0,5.65685,4.24264,5.0,5.0,5.0,4.47214,4.47214,4.12311,4.12311,3.0,3.0,3.0,64.07027,62.20129,59.64059,58.00862,53.60037,53.00943,52.69725,51.31277,47.16991,46.64762,41.59327,42.95346,40.70626,40.8534,39.39543,35.73514,37.0,37.10795,35.51056,35.51056,35.35534,32.55764,35.12834,33.0,32.24903,35.01428,33.01515,32.0,33.37664,34.0147,34.05877,34.05877,37.05401,33.01515,35.0571,33.73426,33.37664,30.41381,32.98485,31.32092,30.46309,30.01666,26.92582,28.30194,29.52965,25.0,24.75884,23.34524,21.9545,22.02272,21.09502,19.31321,18.35756,17.26268,17.26268,18.43909,16.49242,34.05877,35.0,36.34556,38.63936,41.23106,41.48494,42.05948,45.22168,48.10405,48.46648,52.39275,54.56189,56.35601,55.56978,59.48109,61.91123,65.19202,64.81512,64.40497,65.80274,66.8431,69.52697,70.83784,70.72482,70.00714,69.31089,71.44928,70.71068,70.00714,68.76772,68.593,69.35416,68.593,67.17887,67.88225,69.35416,69.42622,66.6033,67.62396,68.41053,66.61081,68.41053,70.0,71.40028,67.20119,71.34424,69.11584,72.67049,72.11103,74.33034,72.20111,75.71658,72.11103,71.28113,71.28113,73.4983,71.84706
9.05539,9.05539,9.05539,8.0,8.0,7.0,7.0,7.07107,7.07107,7.07107,6.08276,6.32456,6.32456,6.32456,6.32456,5.38516,5.83095,5.83095,5.83095,5.83095,5.83095,5.83095,5.83095,6.40312,5.0,5.83095,5.83095,5.83095,5.83095,5.83095,5.38516,5.38516,5.38516,5.38516,5.38516,5.09902,5.09902,4.12311,4.0,4.0,4.0,4.0,3.16228,3.16228,3.16228,2.23607,2.82843,2.82843,2.82843,2.23607,2.23607,2.0,61.03278,60.16644,59.20304,54.12024,54.12024,50.0,51.5461,50.44799,45.12206,42.2019,43.28972,41.4367,39.45884,39.45884,38.0526,35.0,36.0,35.0,34.36568,33.37664,35.69314,32.38827,33.95585,33.95585,31.32092,32.69557,32.57299,34.17601,34.53983,33.10589,33.24154,32.89377,34.53983,31.95309,35.44009,34.20526,32.01562,30.41381,34.05877,33.06055,31.06445,29.06888,29.06888,27.16616,26.4764,22.47221,21.54066,23.85372,23.32381,21.93171,23.34524,19.84943,18.60108,16.40122,17.49286,15.81139,15.0,31.7805,33.24154,38.01316,39.01282,39.31921,40.60788,41.4367,46.52956,46.69047,48.05206,53.60037,55.08176,53.45091,56.921,55.36244,61.68468,63.56099,66.21178,64.88451,67.23095,67.60178,70.71068,67.95587,68.60029,69.33974,68.7968,69.06519,69.63476,71.61006,66.85058,70.45566,69.06519,67.62396,67.6757,67.95587,66.03787,66.7308,65.76473,66.64083,68.44706,65.30697,69.46222,69.46222,72.61543,69.07966,71.86793,71.30919,72.23573,72.44998,75.58439,71.7844,73.05477,66.40783,76.6942,73.05477,72.11103,71.16881
9.84886,8.94427,8.94427,8.94427,8.06226,8.06226,8.06226,7.81025,7.2111,7.2111,7.07107,7.07107,7.07107,7.07107,6.40312,6.40312,6.40312,6.40312,5.83095,5.83095,5.83095,5.83095,5.83095,6.7082,6.7082,6.7082,6.7082,5.83095,5.83095,5.83095,6.40312,6.40312,6.40312,5.65685,5.65685,5.65685,5.0,5.0,5.0,4.47214,4.47214,4.47214,4.12311,3.16228,3.16228,3.0,3.0,3.16228,2.23607,2.23607,2.23607,2.23607,64.77654,62.64982,58.24946,57.72348,58.46366,49.72927,51.86521,51.5461,47.75982,44.59821,43.65776,44.28318,43.46263,39.92493,39.39543,39.82462,38.83298,34.66987,35.51056,34.82815,34.82815,31.89044,36.06938,33.24154,31.82766,31.82766,31.89044,32.64966,34.82815,35.60899,35.4683,33.97058,35.38361,35.38361,33.24154,30.61046,36.76955,36.87818,33.42155,31.06445,31.38471,28.63564,27.73085,29.73214,26.57066,27.16616,23.19483,26.07681,20.0,21.0238,18.43909,18.68154,21.09502,18.60108,19.20937,17.20465,13.89244,34.05877,37.20215,39.11521,40.71855,42.48529,42.54409,42.72002,45.88028,48.70318,48.76474,54.12024,53.15073,53.93515,58.0517,57.87055,61.66036,64.38167,66.1211,65.27634,66.1211,67.00746,71.00704,69.02898,71.06335,71.25307,70.25667,68.46897,68.26419,71.44928,69.35416,69.11584,70.45566,70.25667,69.18092,72.00694,69.02898,67.00746,68.06614,70.02857,68.26419,67.18631,70.25667,68.46897,72.56032,69.46222,77.27872,70.03571,70.03571,73.00685,73.97973,74.52516,73.5459,71.38627,72.36712,75.95393,68.88396,74.52516
9.05539,9.05539,9.05539,8.06226,8.06226,8.06226,7.28011,7.28011,7.28011,7.28011,6.32456,6.32456,6.7082,6.7082,5.83095,5.83095,5.83095,5.83095,6.40312,5.65685,5.65685,5.65685,5.65685,6.40312,6.40312,6.40312,6.40312,5.65685,6.40312,5.83095,5.83095,5.83095,5.83095,5.83095,5.38516,5.38516,5.09902,4.12311,4.12311,4.12311,4.0,4.0,4.0,3.16228,3.16228,3.16228,2.23607,2.23607,2.82843,2.23607,2.23607,2.23607,64.12488,65.03076,61.07373,57.00877,55.14526,55.22681,49.36598,53.15073,48.37355,45.39824,43.56604,43.93177,42.75512,42.72002,38.60052,37.57659,36.67424,34.88553,35.77709,35.34119,34.66987,31.38471,34.66987,31.62278,31.06445,34.20526,33.42155,34.05877,33.42155,36.12478,34.71311,35.60899,36.61967,33.30165,32.20248,32.64966,32.64966,32.64966,31.62278,30.08322,30.67572,31.32092,27.65863,26.30589,24.08319,25.07987,23.08679,24.02082,20.39608,21.58703,18.38478,19.72308,18.60108,19.72308,18.38478,17.0,13.89244,33.01515,31.90611,37.12142,40.71855,40.8534,43.01163,44.64303,46.57252,46.09772,51.66237,53.60037,51.47815,54.91812,57.31492,59.13544,61.03278,62.07254,66.1211,66.00758,67.1193,65.37584,71.25307,72.83543,70.45566,72.00694,67.89698,70.21396,71.38627,73.1642,70.03571,74.1485,69.05071,70.83078,68.06614,71.19691,70.45566,70.17834,69.58448,65.03076,70.11419,69.18092,69.0,71.00704,73.10951,70.0,71.11259,74.02702,74.16873,73.10951,73.24616,71.17584,74.33034,75.16648,69.06519,77.16217,70.06426,71.06335
10.63015,10.63015,9.89949,9.89949,9.21954,9.21954,8.48528,8.60233,7.81025,7.81025,7.81025,7.2111,7.2111,7.2111,6.7082,6.7082,6.7082,6.7082,6.32456,6.32456,6.32456,6.32456,6.32456,7.28011,6.32456,6.32456,6.32456,6.32456,6.32456,6.32456,6.7082,6.7082,6.7082,5.83095,5.83095,6.40312,6.40312,5.65685,5.65685,5.65685,5.0,5.0,4.47214,4.47214,4.47214,4.12311,4.12311,4.12311,4.0,4.0,3.0,3.16228,65.21503,60.60528,59.64059,59.81639,58.13777,53.2635,52.34501,49.51767,47.38143,45.96738,44.55334,43.41659,41.86884,40.60788,41.23106,39.20459,39.44617,32.44996,34.0,35.77709,35.8469,34.53983,33.24154,33.95585,31.95309,32.01562,36.68787,32.55764,32.01562,35.73514,31.7805,35.73514,34.20526,34.20526,35.4683,34.53983,35.4683,35.8469,34.0,31.90611,31.40064,30.0,25.80698,26.90725,25.6125,26.40076,27.20294,24.69818,21.47091,21.0238,21.37756,18.43909,20.22375,21.0,17.11724,19.64688,14.31782,36.40055,34.1321,36.67424,39.66106,39.20459,42.52058,42.52058,42.42641,44.55334,47.50789,50.32892,54.20332,53.41348,55.0,58.5235,61.85467,65.0,63.63175,61.91123,67.53518,67.08204,68.8767,67.1193,71.30919,72.23573,69.07966,66.85058,70.00714,68.54196,69.07966,65.9242,70.77429,67.23095,69.857,68.8767,67.54258,66.18912,67.23095,65.76473,66.24198,69.11584,68.26419,71.28113,72.67049,65.73431,69.81404,70.0,72.42237,70.80254,70.43437,69.40461,72.00694,72.20111,71.40028,71.40028,70.0,72.8011
10.81665,10.29563,10.29563,10.29563,9.43398,8.94427,8.94427,8.94427,8.544,8.544,7.61577,7.28011,7.28011,7.28011,7.28011,7.07107,7.07107,7.07107,7.07107,7.07107,7.07107,7.0,7.07107,7.0,7.0,7.0,7.0,7.07107,7.07107,7.07107,7.07107,7.07107,6.32456,6.32456,6.32456,6.32456,5.83095,5.83095,5.83095,5.83095,5.0,5.0,5.0,5.0,5.0,4.47214,4.47214,4.12311,4.12311,4.12311,3.0,3.0,64.2028,63.25346,60.0,56.85068,54.81788,55.0,53.82379,52.00961,47.01064,46.32494,47.16991,43.04649,42.05948,38.91015,37.94733,39.56008,39.21734,35.73514,34.78505,35.90265,32.38827,33.54102,35.51056,33.24154,35.22783,33.01515,30.14963,35.01428,35.0571,33.01515,35.0571,34.23449,35.0571,34.05877,33.13608,33.13608,34.9285,31.7805,35.73514,32.89377,33.24154,29.06888,25.4951,27.20294,27.45906,27.65863,26.1725,23.34524,21.26029,21.47091,21.0238,18.38478,20.39608,18.11077,20.09975,16.0,18.02776,34.0147,35.22783,38.63936,41.23106,41.48494,41.23106,44.28318,43.86342,47.01064,49.1935,52.83938,54.58938,53.53504,57.14018,58.82176,62.96825,60.60528,60.959,63.25346,65.19202,67.17887,66.52819,69.29646,70.93659,70.17834,69.35416,65.94695,69.42622,69.35416,67.94115,70.83784,70.29225,70.17834,67.26812,68.62215,65.94695,68.593,67.17887,63.78087,66.52819,67.35726,68.60029,72.00694,68.8186,68.88396,71.61006,67.80118,73.81734,71.61006,74.02702,73.23933,70.80254,69.40461,72.00694,72.11103,72.00694,75.43209
10.0,10.0,8.60233,8.60233,8.60233,8.06226,8.06226,7.61577,6.7082,6.7082,6.7082,6.32456,6.32456,6.32456,5.38516,5.38516,6.08276,6.08276,5.09902,5.09902,5.09902,5.0,5.0,5.0,5.0,6.0,6.0,5.09902,5.09902,6.08276,5.09902,5.09902,5.09902,5.38516,5.38516,5.38516,4.47214,5.0,4.24264,4.24264,4.24264,4.24264,3.60555,3.60555,3.60555,4.12311,4.12311,4.12311,4.0,3.0,3.16228,3.16228,61.32699,61.77378,59.48109,55.15433,54.626,49.76947,47.92703,49.76947,45.88028,44.94441,42.72002,41.23106,41.97618,40.02499,37.85499,35.51056,34.1321,34.23449,35.12834,34.0,32.24903,35.01428,32.14032,33.54102,32.06244,31.57531,32.98485,33.37664,34.36568,32.55764,30.59412,33.73426,32.38827,32.24903,31.40064,34.05877,33.13608,31.0,32.01562,30.06659,30.14963,27.45906,27.20294,26.57066,23.4094,27.85678,23.02173,25.80698,21.93171,21.93171,19.10497,19.10497,15.81139,20.61553,15.29706,17.26268,15.0333,34.05877,33.06055,38.32754,38.47077,39.81206,39.29377,43.17407,45.88028,46.48656,50.92151,50.9902,51.07837,53.7122,55.9017,57.24509,63.52952,62.26556,61.91123,63.28507,65.73431,68.24222,69.06519,70.60453,71.8401,70.17834,70.29225,71.58911,65.8559,71.50524,68.68042,69.6563,68.88396,68.24954,68.00735,68.60029,66.0303,68.8186,66.85058,67.42403,67.95587,66.57327,70.83078,69.35416,71.58911,67.1193,67.62396,70.68239,73.34848,72.91776,72.00694,72.89719,75.15318,72.01389,73.79024,72.06941,71.11259,68.42514
10.04988,9.05539,9.0,9.0,8.0,8.0,7.07107,7.07107,7.07107,7.07107,7.07107,6.32456,6.32456,6.32456,6.32456,6.7082,5.83095,5.83095,5.83095,5.83095,5.83095,5.83095,5.83095,6.40312,5.83095,6.40312,5.83095,5.83095,5.83095,5.83095,5.38516,5.38516,5.38516,5.38516,5.09902,5.09902,5.09902,5.0,4.0,4.0,4.0,4.12311,3.16228,3.16228,3.16228,3.16228,2.82843,2.82843,2.82843,2.23607,2.23607,2.0,61.13101,59.13544,57.97413,55.65968,54.12947,52.63079,51.78803,48.05206,46.27094,44.40721,42.42641,42.0119,40.04997,40.0125,39.05125,36.49658,35.22783,37.48333,37.48333,32.38827,35.17101,32.01562,34.53983,31.7805,32.31099,32.57299,34.43835,32.64966,33.10589,33.12099,34.0,34.0,35.73514,30.36445,32.89377,32.89377,31.95309,31.32092,34.20526,32.55764,34.36568,29.01724,29.06888,29.0,24.02082,22.56103,24.35159,23.08679,21.47091,20.0,19.20937,18.02776,16.97056,18.38478,18.02776,17.72005,14.86607,34.36568,34.1321,38.0526,38.0,39.01282,41.7732,42.95346,43.73786,45.35416,49.0408,50.69517,53.45091,55.7853,56.921,57.77543,58.18075,64.07808,62.16912,63.97656,64.88451,67.97794,71.19691,68.26419,71.34424,67.41662,69.33974,67.6757,69.06519,71.56116,69.64194,67.95587,70.17834,68.26419,70.3278,66.57327,67.23095,65.76473,65.74192,67.23095,70.21396,69.07966,68.70953,69.46222,71.51224,69.89278,66.40783,68.68042,70.88018,71.56815,75.0,69.92138,72.42237,74.04053,69.92138,70.83784,71.56815,70.5195
10.44031,9.48683,9.48683,9.48683,8.544,8.544,8.544,8.544,7.61577,7.61577,8.06226,7.2111,7.2111,7.2111,6.40312,6.40312,6.40312,6.40312,6.40312,6.40312,6.40312,5.65685,7.07107,6.40312,6.40312,6.40312,6.40312,7.07107,7.07107,7.07107,6.40312,6.40312,6.40312,5.83095,5.83095,5.83095,5.83095,5.38516,5.38516,5.38516,5.09902,5.09902,4.12311,4.0,4.0,4.0,4.12311,3.16228,3.16228,3.16228,2.23607,2.23607,65.12296,62.20129,60.00833,62.28965,59.3043,55.22681,53.46027,50.80354,50.63596,46.87217,44.91102,44.72136,43.68066,41.0,38.27532,40.70626,38.01316,38.47077,39.44617,39.44617,38.27532,35.80503,33.30165,35.0,33.83785,34.4093,35.60899,34.65545,34.71311,33.30165,33.30165,36.23534,31.82766,32.55764,35.0,33.01515,32.75668,34.88553,31.30495,33.61547,32.31099,31.32092,29.41088,27.45906,25.07987,28.16026,27.07397,26.01922,21.58703,24.35159,22.80351,19.31321,21.63331,18.86796,19.72308,17.20465,16.12452,34.66987,35.8469,40.24922,41.23106,41.23106,43.41659,43.93177,43.93177,45.70558,50.80354,48.6621,54.23099,54.45181,56.22277,59.13544,61.03278,64.07027,62.03225,67.00746,66.37017,67.60178,70.5762,68.88396,69.72087,68.44706,72.18033,70.03571,72.36712,71.19691,69.2315,70.21396,69.42622,69.857,68.44706,69.05071,69.87131,67.74216,68.18358,66.1211,68.02941,68.02941,70.00714,71.00704,71.02816,72.06247,70.11419,69.0,75.10659,73.24616,72.02777,75.32596,75.53807,76.02631,72.06247,74.33034,72.06247,73.24616
8.60233,8.60233,8.60233,8.60233,8.06226,8.06226,6.7082,6.7082,6.7082,6.7082,6.32456,6.32456,6.32456,6.08276,5.09902,6.08276,5.09902,5.0,5.0,5.0,5.0,5.0,5.0,5.0,6.0,5.0,6.0,5.0,6.0,5.0,5.0,5.09902,5.09902,5.09902,5.09902,4.47214,4.47214,4.47214,3.60555,3.60555,4.24264,2.82843,3.60555,2.82843,3.16228,2.23607,3.16228,2.0,3.0,2.0,2.23607,2.23607,60.44005,55.60576,59.5483,55.60576,54.81788,55.0,48.41487,50.21952,44.10215,50.24938,42.72002,41.18252,40.49691,39.82462,39.39543,39.39543,37.16181,36.13862,34.48188,32.28002,34.9285,30.59412,33.37664,32.55764,32.24903,32.38827,28.0,33.01515,32.01562,33.01515,36.05551,34.0147,30.06659,33.13608,32.38827,35.90265,32.75668,33.24154,33.52611,31.01612,29.96665,27.78489,29.68164,25.80698,26.92582,21.93171,23.43075,20.61553,22.2036,21.09502,19.69772,18.02776,16.12452,17.0,18.02776,17.0,14.56022,35.0,37.65634,35.17101,39.56008,36.76955,41.78516,43.86342,44.72136,48.30114,45.27693,50.24938,51.86521,53.0,56.0357,58.60034,58.72819,65.29931,61.7171,67.88225,68.68042,63.65532,68.0147,66.6033,70.93659,70.60453,71.8401,69.2026,74.02702,65.0,68.8186,66.70832,75.9276,56.61272,57.80138,68.62215,65.19202,64.38167,65.76473,66.46804,67.26812,72.18033,63.78087,73.0,69.6563,71.70077,72.00694,72.34639,72.62231,71.21798,69.02898,75.28612,76.2168,73.87828,68.88396,74.65253,78.1025,73.24616
9.05539,9.05539,9.05539,8.06226,8.06226,8.06226,8.24621,7.28011,7.28011,6.32456,6.32456,6.7082,5.83095,5.83095,5.83095,5.83095,5.83095,5.83095,5.83095,5.0,5.0,5.0,5.0,5.65685,5.65685,5.65685,5.65685,5.65685,5.65685,5.83095,5.0,5.0,5.38516,5.38516,5.38516,5.38516,5.09902,4.12311,4.0,4.0,4.0,4.12311,4.12311,3.16228,3.16228,3.60555,3.60555,2.82843,2.82843,2.82843,3.16228,3.16228,61.03278,59.21149,61.0082,57.07889,55.03635,56.0357,46.04346,50.0,46.09772,47.51842,45.09989,41.30375,41.19466,35.69314,38.07887,38.32754,36.13862,36.05551,33.83785,33.61547,35.35534,31.38471,30.88689,31.30495,30.41381,30.80584,32.75668,35.22783,33.01515,35.22783,34.4093,34.66987,32.75668,31.06445,34.98571,32.20248,35.4683,31.38471,30.08322,29.61419,30.36445,28.28427,27.16616,25.07987,24.02082,24.18677,22.80351,22.2036,21.84033,16.55295,20.59126,19.41649,18.38478,19.10497,16.64332,17.88854,15.52417,33.12099,36.23534,39.0,40.16217,40.16217,42.2019,43.41659,44.14748,45.70558,45.70558,50.48762,53.33854,55.14526,56.00893,60.13319,58.0,65.06919,61.03278,66.06815,65.49046,66.27217,69.58448,67.89698,69.05071,70.40597,70.0928,73.24616,71.80529,69.64194,71.06335,67.46851,71.30919,67.68309,68.24954,68.65858,70.21396,66.4906,68.73136,65.49046,68.26419,68.46897,68.02941,70.25667,71.00704,72.24957,70.00714,73.02739,70.06426,72.00694,71.00704,72.00694,75.00667,76.05919,71.0,71.0,73.02739,70.00714
10.81665,10.0,10.29563,10.29563,9.43398,9.43398,8.94427,8.94427,8.06226,7.61577,7.61577,7.61577,7.61577,7.61577,7.28011,7.28011,6.08276,7.28011,6.08276,6.08276,6.08276,7.07107,7.07107,7.07107,6.08276,6.08276,7.07107,7.07107,7.07107,7.07107,7.28011,6.32456,6.32456,6.32456,6.7082,6.7082,5.83095,5.83095,5.83095,5.0,5.65685,5.0,5.0,5.0,5.0,4.47214,4.47214,4.12311,4.12311,4.12311,3.0,3.0,64.81512,62.42596,65.19202,60.0,54.91812,54.3783,51.97115,51.10773,49.73932,47.41308,44.28318,44.29447,43.41659,40.8534,35.4683,43.01163,37.85499,37.85499,33.95585,34.52535,34.1321,37.48333,35.0571,35.12834,35.22783,36.0,34.0147,35.0571,34.36568,37.01351,33.01515,35.0,31.01612,35.12834,34.0,33.54102,33.52611,33.54102,32.01562,31.01612,32.28002,30.46309,30.41381,27.78489,28.01785,25.0,22.67157,25.45584,22.2036,22.82542,19.72308,19.23538,18.78829,18.24829,18.24829,19.23538,17.72005,35.0571,38.11824,39.45884,40.79216,41.97618,45.22168,46.48656,47.16991,46.8188,48.8467,51.07837,54.56189,55.47071,58.13777,61.05735,59.07622,64.14047,62.68174,69.40461,68.24954,68.76772,70.93659,67.94115,70.0928,72.13876,70.83784,67.17887,72.83543,68.593,71.42129,67.89698,70.72482,68.593,66.48308,69.29646,70.03571,68.76772,70.43437,71.21798,69.63476,73.00685,68.8186,73.00685,68.24222,69.40461,75.71658,74.88658,71.84706,74.63243,74.09453,74.09453,73.57309,74.06079,72.71864,74.62573,73.78347,75.71658
10.0,8.60233,9.43398,8.60233,8.06226,8.06226,8.06226,7.61577,6.7082,7.61577,6.7082,6.32456,6.32456,6.08276,6.08276,6.08276,6.08276,6.0,6.0,6.0,6.0,6.0,6.0,6.0,6.0,6.0,6.0,6.0,6.0,6.0,5.0,6.0,5.09902,5.09902,5.09902,5.38516,4.47214,4.47214,4.47214,3.60555,3.60555,3.60555,3.60555,3.60555,3.60555,3.16228,3.16228,3.16228,3.0,3.0,3.16228,2.23607,63.95311,59.05929,61.7414,56.0803,55.4617,50.53712,48.46648,50.15974,45.88028,45.54119,44.59821,42.44997,41.23106,38.47077,38.07887,37.85499,37.21559,36.0,34.0,33.01515,38.0526,34.0147,34.52535,31.14482,31.7805,31.7805,32.28002,32.55764,33.73426,34.36568,31.7805,33.73426,33.95585,34.71311,32.38827,31.06445,31.257,33.01515,33.24154,33.06055,31.14482,29.42788,27.45906,26.4764,25.96151,25.94224,24.18677,20.0,22.02272,19.84943,20.61553,20.51828,13.60147,18.35756,17.46425,13.0384,15.0333,33.0,34.0147,35.22783,39.45884,39.56008,41.4367,42.37924,44.94441,45.31004,48.33218,49.76947,50.53712,54.56189,58.60034,59.05929,60.53924,63.28507,61.03278,68.24222,64.63745,66.4003,69.2026,67.35726,70.03571,68.0147,66.6033,68.68042,69.35416,68.76772,69.35416,67.20863,71.70077,70.17834,66.21933,67.80118,68.11755,67.00746,68.00735,69.40461,69.89278,67.41662,69.11584,71.69379,70.71068,70.23532,74.32362,70.21396,71.11962,73.34848,72.44998,72.44998,74.68601,76.05919,72.91776,72.89719,73.3553,67.97794
10.0,10.0,9.21954,9.21954,8.48528,8.48528,7.81025,7.81025,7.81025,7.81025,7.2111,7.2111,7.2111,6.7082,6.7082,6.7082,6.32456,6.32456,6.32456,6.32456,6.32456,6.32456,6.32456,6.32456,6.32456,6.32456,6.32456,6.32456,6.32456,6.32456,6.32456,6.7082,5.83095,5.83095,5.83095,5.83095,5.0,5.65685,4.24264,4.24264,4.24264,4.24264,3.60555,3.60555,3.60555,3.16228,3.16228,3.0,3.0,2.0,2.23607,2.23607,65.76473,62.64982,54.58938,56.82429,55.07268,51.0,52.15362,49.92995,48.25971,44.04543,44.82187,43.26662,39.62323,41.7732,38.28838,38.94868,36.06938,35.80503,35.22783,36.35932,36.05551,37.21559,33.12099,31.38471,33.61547,32.69557,33.12099,34.0147,31.38471,33.61547,31.38471,33.24154,33.10589,34.0147,34.43835,30.52868,31.06445,35.4683,35.0,32.01562,32.55764,29.0,29.06888,27.01851,25.55386,27.78489,25.07987,25.07987,21.58703,18.43909,20.0,19.10497,20.02498,16.49242,18.38478,18.60108,13.45362,35.51056,36.40055,37.20215,36.79674,41.01219,38.94868,42.2019,43.26662,43.82921,47.43416,50.47772,52.43091,50.77401,56.4358,58.59181,59.5063,60.41523,61.84658,62.03225,65.0,64.28841,68.41053,68.41053,66.94027,68.65858,66.76077,69.857,67.91171,68.65858,67.44627,67.68309,65.51336,67.26812,66.70832,67.26812,65.73431,67.35726,61.68468,68.35203,69.07966,64.62198,71.58911,66.21178,73.3553,64.4748,63.15853,66.64083,73.34848,72.89719,73.34848,69.64194,72.06941,68.96376,71.11962,69.77105,66.64083,74.24284
10.81665,10.29563,10.29563,10.29563,8.94427,8.94427,8.544,8.544,7.61577,7.61577,7.28011,7.28011,7.28011,7.07107,7.07107,7.07107,7.07107,7.0,7.0,7.0,6.0,7.0,7.0,7.07107,7.0,7.0,7.0,7.0,7.0,7.0,6.0,7.07107,6.08276,6.08276,6.08276,6.08276,5.38516,5.38516,5.38516,4.47214,4.47214,5.0,4.24264,4.24264,4.24264,3.60555,3.60555,3.60555,3.16228,3.16228,2.0,2.0,61.52235,60.82763,60.20797,58.89822,55.9017,53.90733,50.9902,49.67897,48.82622,48.25971,44.65423,40.31129,40.81666,41.67733,39.35734,38.01316,38.01316,36.40055,36.40055,33.24154,34.71311,34.9285,32.55764,34.36568,31.257,32.24903,35.22783,32.24903,35.22783,36.12478,34.0147,34.0147,33.06055,34.1321,33.54102,36.40055,36.13862,30.46309,32.31099,29.54657,29.54657,27.313,32.24903,26.92582,25.0,23.34524,27.58623,23.43075,22.47221,22.47221,18.38478,17.08801,15.29706,16.0,16.03122,17.11724,14.86607,32.01562,35.44009,37.64306,37.33631,40.24922,41.88078,39.40812,43.41659,46.04346,48.9183,51.22499,53.07542,54.48853,55.31727,58.69412,59.4138,62.28965,61.07373,62.482,67.80118,65.80274,67.80118,69.89278,70.49113,66.03787,67.41662,68.7968,68.96376,67.74216,70.17834,66.88797,70.72482,67.60178,67.6757,68.26419,68.00735,69.2026,65.60488,66.21933,67.00746,68.76772,66.48308,68.593,67.20863,68.593,69.42622,72.13876,74.24958,70.72482,74.24958,72.18033,71.50524,72.13876,70.17834,70.17834,73.53911,70.72482
9.48683,9.48683,9.21954,8.24621,8.24621,8.24621,7.28011,7.07107,7.07107,6.08276,6.0,6.0,6.0,6.0,6.0,6.0,6.08276,5.09902,5.09902,5.09902,5.09902,5.09902,5.09902,5.38516,5.38516,5.38516,5.09902,5.09902,5.09902,5.09902,5.0,5.0,5.0,5.0,5.09902,5.09902,5.09902,4.12311,4.12311,4.47214,3.60555,3.60555,3.60555,4.24264,3.60555,3.60555,3.60555,3.16228,3.16228,3.16228,3.0,3.0,65.74192,62.16912,59.61543,56.79789,57.38467,52.92447,50.15974,49.64877,48.10405,49.0408,46.09772,42.05948,44.14748,38.83298,39.31921,39.11521,39.31921,36.01389,37.12142,35.12834,35.01428,33.13608,32.14032,31.14482,32.38827,34.36568,32.55764,33.73426,34.71311,34.20526,32.75668,35.51056,34.36568,34.1321,33.37664,31.0,33.01515,33.0,29.27456,33.37664,28.86174,30.08322,30.08322,28.63564,25.94224,28.17801,24.41311,24.41311,25.6125,22.80351,19.20937,22.47221,19.23538,18.97367,18.43909,15.0333,16.12452,35.69314,36.34556,39.20459,41.01219,42.04759,44.28318,44.40721,45.39824,46.57252,51.47815,53.85165,52.39275,57.97413,61.68468,65.14599,59.23681,70.38466,65.29931,62.24147,68.09552,67.23095,72.71864,69.35416,72.40166,71.86793,71.86793,73.06162,69.64194,70.45566,72.11103,69.63476,72.42237,70.45566,68.7968,71.56116,71.02112,71.34424,70.23532,67.53518,68.02941,71.58911,72.44998,72.01389,73.92564,73.34848,76.32169,72.49828,73.73602,75.02666,74.67262,74.46476,75.96052,73.40981,75.96052,74.46476,74.84651,72.61543
10.77033,10.77033,9.84886,9.84886,9.48683,8.544,8.544,8.24621,8.24621,8.24621,8.06226,7.07107,7.07107,7.07107,7.0,7.0,7.0,7.0,7.0,7.07107,6.08276,6.08276,6.08276,6.08276,7.07107,6.08276,7.07107,6.08276,7.07107,7.07107,7.0,7.0,6.0,6.08276,6.08276,6.08276,6.08276,5.38516,5.38516,5.38516,5.38516,5.0,5.0,5.0,4.24264,4.24264,4.24264,3.60555,3.60555,3.16228,3.16228,3.16228,64.14047,62.6099,60.82763,59.48109,56.35601,53.31041,53.23533,52.55473,45.54119,46.61545,49.0408,45.22168,41.76123,39.56008,39.29377,38.07887,39.62323,36.34556,34.05877,36.01389,36.01389,36.12478,36.01389,32.14032,34.0,36.34556,37.05401,36.49658,34.23449,35.51056,33.24154,34.52535,34.05877,33.13608,37.12142,35.01428,34.0,33.13608,33.06055,33.24154,32.98485,29.12044,28.4605,25.63201,27.73085,25.94224,24.41311,27.45906,23.34524,25.4951,20.51828,20.0,17.88854,17.88854,20.39608,16.27882,18.0,35.12834,37.01351,39.11521,39.45884,40.60788,46.09772,43.9659,44.92215,50.0,49.98,53.48832,54.23099,56.85948,57.69749,59.03389,62.26556,63.63175,67.23095,63.81222,68.26419,68.50547,70.80254,68.60029,72.20111,72.34639,72.34639,72.24957,73.87828,73.75636,73.75636,69.42622,71.70077,70.93659,66.70832,70.93659,69.40461,68.41053,69.89278,67.6757,69.64194,70.3278,70.83078,70.3278,73.57309,72.94518,70.21396,71.58911,74.30343,73.40981,74.73286,73.34848,74.24958,71.58911,76.05919,74.70609,74.24958,73.34848
10.81665,10.81665,9.43398,9.43398,9.43398,8.94427,8.94427,8.544,7.61577,7.61577,7.28011,7.28011,7.28011,7.28011,7.28011,7.07107,7.07107,7.07107,7.0,7.0,6.0,7.0,7.0,7.0,7.0,7.0,7.0,7.0,7.0,7.0,7.07107,6.08276,6.08276,6.08276,6.32456,6.32456,5.38516,5.83095,4.47214,5.0,5.0,5.0,4.24264,4.24264,3.60555,3.60555,3.60555,3.16228,3.16228,2.23607,3.0,2.0,65.29931,62.24147,60.81118,58.79626,53.75872,55.15433,50.24938,50.9902,46.69047,46.69047,45.0,41.88078,40.49691,39.40812,41.34005,35.77709,38.07887,37.57659,31.76476,32.28002,34.78505,34.48188,32.98485,35.17101,32.75668,33.13608,33.54102,33.73426,33.54102,32.38827,33.13608,34.52535,32.98485,35.35534,32.55764,34.78505,35.44009,30.67572,32.31099,32.69557,33.12099,30.01666,28.6007,29.41088,26.90725,25.4951,22.2036,23.43075,22.02272,19.41649,19.31321,18.02776,20.39608,16.0,16.03122,13.60147,14.56022,32.28002,34.53983,36.23534,38.47077,39.40812,42.80187,43.60046,41.7732,41.7732,49.57822,50.91169,55.31727,52.20153,57.38467,55.17246,54.67175,66.8431,61.40033,65.21503,60.21628,68.8186,61.91123,68.42514,71.69379,68.42514,68.8767,65.74192,65.29931,67.97794,72.89719,67.08204,68.42514,66.64833,64.84597,67.60178,66.37017,63.81222,68.7968,64.89992,66.28725,67.42403,67.20119,71.70077,66.8431,71.06335,73.10951,68.0147,72.24957,67.35726,72.34639,73.66139,73.5527,72.18033,67.89698,72.13876,70.76722,70.93659
8.60233,8.60233,8.60233,7.81025,7.81025,7.81025,7.07107,7.07107,6.40312,6.40312,6.40312,6.40312,5.83095,5.83095,5.83095,5.38516,5.38516,5.38516,5.38516,5.38516,5.38516,5.38516,5.38516,5.09902,5.09902,5.38516,5.38516,5.38516,5.38516,5.38516,4.47214,5.38516,4.47214,5.0,5.0,5.0,4.24264,4.24264,3.60555,3.60555,3.60555,3.60555,3.16228,3.16228,3.0,3.0,3.0,3.0,2.23607,2.23607,2.82843,2.82843,65.8559,63.03174,62.96825,58.0,53.03772,56.56854,48.79549,51.62364,47.38143,48.27007,44.20407,43.01163,42.43819,37.44329,43.26662,40.31129,36.71512,36.24914,39.56008,31.38471,36.05551,31.95309,32.98485,31.32092,32.55764,33.95585,32.75668,36.49658,32.24903,33.73426,33.54102,36.40055,31.62278,35.90265,32.89377,33.52611,32.57299,34.53983,30.8707,33.54102,28.30194,30.80584,29.06888,26.90725,27.01851,23.02173,24.20744,23.85372,20.61553,20.61553,18.68154,20.22375,18.02776,16.12452,16.12452,19.31321,18.78829,31.40064,38.07887,38.27532,40.24922,37.12142,44.41846,47.50789,43.56604,47.70744,47.01064,52.00961,55.22681,56.72742,58.0,60.81118,60.81118,66.48308,61.7171,65.29931,66.06815,69.02898,70.21396,68.24222,70.72482,71.02112,73.4983,71.34424,73.06162,67.23095,72.71864,67.60178,73.57309,72.56032,68.7968,69.89278,72.11103,67.1193,69.2026,67.80118,69.81404,71.70077,68.11755,74.02702,67.94115,73.66139,73.66139,72.12489,72.83543,72.83543,72.83543,76.41989,75.69016,77.78175,71.44928,74.96666,77.98718,72.13876
9.84886,8.94427,8.94427,8.94427,8.94427,8.06226,8.60233,7.81025,7.81025,7.81025,7.07107,7.07107,7.07107,6.40312,6.40312,6.40312,6.40312,5.83095,5.83095,6.7082,5.83095,6.7082,6.7082,6.7082,6.7082,6.7082,6.7082,6.7082,5.83095,6.7082,5.83095,5.83095,6.40312,5.65685,5.65685,5.65685,5.65685,5.0,5.0,4.47214,4.47214,4.47214,4.12311,3.16228,3.16228,3.0,3.0,3.0,3.16228,2.23607,2.23607,2.23607,64.84597,60.44005,60.74537,58.60034,54.08327,54.42426,51.42956,52.39275,49.24429,46.06517,43.04649,46.52956,42.43819,41.04875,36.71512,41.88078,39.69887,39.20459,36.23534,34.65545,35.38361,34.82815,33.42155,31.40064,33.6006,32.64966,33.01515,32.80244,36.05551,34.66987,34.4093,35.22783,32.01562,36.23534,33.30165,32.52691,33.24154,33.24154,34.4093,31.40064,28.01785,30.01666,28.63564,29.73214,26.0,24.35159,24.04163,24.33105,21.2132,19.10497,20.09975,17.02939,17.08801,16.12452,18.02776,15.6205,14.86607,34.20526,36.12478,35.35534,39.69887,41.10961,41.40048,43.60046,45.79301,49.39636,45.17743,50.53712,52.3259,53.66563,57.00877,60.92618,59.80803,64.84597,61.40033,66.09841,65.52099,68.41053,71.58911,65.30697,70.71068,70.45566,71.56815,69.87131,74.54529,67.26812,71.44928,65.49046,73.68175,68.88396,68.73136,69.05071,68.88396,66.09841,67.26812,66.4906,70.83078,72.8011,68.15424,70.5195,70.5195,70.5195,72.61543,72.11103,73.00685,74.0,71.47027,72.73239,73.73602,77.83315,70.2282,72.8011,75.58439,72.11103
10.81665,10.29563,10.29563,10.29563,9.84886,8.94427,8.544,8.544,8.544,8.544,7.61577,7.28011,7.28011,7.28011,7.28011,7.07107,7.07107,7.07107,7.07107,7.0,6.0,7.0,7.0,7.0,7.0,7.0,7.0,7.0,7.07107,7.07107,6.08276,7.07107,6.08276,6.32456,6.32456,6.32456,5.83095,5.83095,5.83095,5.0,5.0,5.0,5.65685,4.24264,5.0,4.47214,4.47214,4.47214,4.12311,4.12311,3.0,3.0,65.55151,65.78754,62.96825,61.09828,55.97321,57.58472,53.75872,51.86521,48.50773,44.64303,45.88028,43.93177,44.14748,40.1995,42.29657,40.0125,38.11824,35.0571,38.0526,36.05551,40.4475,34.1321,35.35534,35.69314,32.55764,35.69314,31.7805,33.52611,32.89377,36.13862,34.78505,34.78505,37.10795,34.9285,36.87818,33.13608,33.95585,34.36568,35.22783,32.0,31.06445,34.0147,31.40064,30.08322,27.89265,24.69818,25.07987,26.0,23.02173,22.2036,17.69181,23.34524,22.02272,20.0,17.49286,16.27882,15.13275,34.23449,37.12142,42.0119,42.10701,41.19466,43.73786,42.72002,45.88028,46.84015,49.0408,52.49762,56.921,58.5235,59.80803,60.41523,63.97656,67.62396,65.29931,64.88451,65.8635,68.7968,71.56116,71.02816,72.11103,71.84706,70.21396,67.95587,74.4043,71.02816,72.8011,68.00735,73.00685,71.8401,69.63476,74.06079,71.56116,67.6757,70.66116,70.21396,71.55418,68.88396,70.26379,74.84651,73.40981,72.23573,70.66116,71.69379,74.67262,75.39231,73.73602,74.67262,74.33034,75.02666,70.5762,74.0,76.89603,73.73602
10.0,10.0,9.21954,9.21954,8.48528,7.81025,7.07107,7.07107,7.07107,6.40312,6.40312,6.40312,6.40312,5.83095,5.83095,5.83095,5.83095,5.38516,5.38516,5.38516,5.38516,5.38516,5.38516,5.09902,5.09902,5.38516,6.32456,5.38516,5.38516,5.38516,5.38516,5.38516,5.38516,5.0,5.0,5.0,5.0,4.24264,4.24264,3.60555,3.60555,4.47214,3.16228,4.12311,3.16228,3.0,3.0,3.0,3.16228,3.16228,2.82843,2.82843,60.03332,60.90156,58.82176,58.5235,55.9464,51.0392,49.64877,49.20366,46.2277,46.40043,42.0119,43.86342,44.04543,41.7732,40.36087,38.94868,37.64306,37.01351,34.66987,36.61967,33.28663,31.90611,30.88689,31.76476,33.61547,30.8707,30.88689,32.28002,32.20248,32.20248,33.10589,36.24914,31.7805,31.38471,34.88553,30.52868,30.80584,33.30165,31.40064,29.69848,30.4795,26.24881,29.06888,23.85372,25.55386,24.69818,24.69818,25.0,20.39608,21.2132,21.0,19.0263,19.0263,17.26268,14.76482,16.40122,14.86607,33.24154,33.61547,38.01316,38.94868,40.70626,39.40812,42.0119,45.34314,47.42362,49.49747,49.57822,53.03772,55.17246,58.0,60.30755,61.40033,63.82006,64.89992,61.03278,65.51336,65.36819,70.66116,71.11962,70.71068,70.26379,72.01389,66.21178,68.35203,66.70832,72.49828,68.44706,70.5762,66.48308,68.15424,70.93659,68.942,68.8767,68.88396,66.64833,69.11584,67.53518,68.09552,69.11584,74.33034,68.26419,69.97142,72.20111,70.17834,72.71864,71.28113,74.33034,76.6094,73.23933,72.94518,75.47185,73.92564,69.97142
9.89949,9.89949,9.89949,9.21954,9.21954,7.81025,8.60233,8.60233,7.2111,7.2111,7.2111,7.2111,6.7082,6.7082,6.7082,7.61577,6.32456,6.32456,6.32456,6.32456,6.32456,6.08276,6.08276,6.08276,6.08276,6.08276,7.07107,6.32456,6.08276,6.32456,6.32456,6.32456,6.32456,5.83095,5.83095,5.83095,5.83095,5.0,5.0,4.24264,4.24264,4.24264,3.60555,3.60555,3.60555,3.16228,3.16228,3.16228,3.0,3.0,2.23607,2.23607,63.89053,63.25346,60.1415,55.9017,55.86591,53.03772,53.03772,50.24938,46.69047,46.8615,43.27817,42.2019,42.2019,39.20459,39.11521,39.82462,37.58989,34.43835,36.67424,35.4683,36.40055,32.89377,33.24154,32.28002,32.55764,34.52535,32.75668,33.37664,35.17101,34.52535,33.24154,34.9285,31.40064,33.95585,34.71311,35.44009,31.38471,33.52611,32.64966,30.52868,29.06888,28.01785,27.65863,26.24881,25.45584,24.75884,23.34524,23.85372,21.47091,20.12461,20.12461,17.08801,19.41649,14.03567,18.0,16.49242,14.56022,30.08322,33.83785,38.27532,38.01316,39.66106,40.81666,41.40048,43.60046,44.04543,45.80393,52.40229,50.93133,55.31727,56.56854,57.31492,56.0803,63.25346,61.07373,65.43699,64.63745,62.20129,66.57327,67.95587,69.46222,68.47627,69.83552,67.1193,70.71068,66.18912,69.35416,68.0,69.83552,67.60178,68.60029,67.23095,65.51336,66.57327,63.60031,66.70832,66.4003,68.8186,66.70832,70.93659,68.88396,69.42622,70.83784,70.72482,70.83784,69.31089,72.13876,70.76722,72.13876,74.33034,70.76722,70.17834,68.0147,75.82216
10.63015,10.0,10.0,9.21954,8.60233,8.60233,8.06226,8.06226,8.06226,7.61577,7.61577,7.61577,7.28011,6.32456,6.32456,7.28011,7.07107,6.08276,6.08276,6.08276,6.08276,6.08276,7.0,6.0,6.0,7.0,6.08276,6.08276,6.08276,6.08276,6.08276,6.08276,6.32456,6.32456,5.38516,5.38516,5.38516,5.38516,5.0,5.0,5.0,4.24264,4.24264,4.24264,3.60555,3.60555,3.16228,3.16228,3.16228,3.0,2.0,2.23607,68.11755,62.24147,65.06919,59.46427,55.22681,54.48853,53.15073,50.9902,50.24938,48.27007,47.63402,42.80187,41.88078,38.83298,43.56604,39.35734,38.01316,38.07887,36.67424,35.4683,35.4683,32.57299,35.17101,31.62278,32.28002,34.71311,35.35534,36.49658,32.98485,34.9285,35.69314,36.87818,34.71311,33.73426,36.13862,35.44009,34.17601,34.43835,34.0147,31.30495,31.38471,30.41381,29.83287,29.73214,25.6125,24.08319,24.41311,22.47221,23.02173,19.69772,18.97367,18.38478,18.43909,15.0,18.11077,15.52417,17.72005,33.83785,37.69615,36.76955,40.81666,39.44617,42.43819,41.6173,45.22168,47.01064,49.0408,53.15073,55.9017,55.15433,56.58622,58.72819,59.03389,64.2028,63.00794,67.62396,66.61081,68.24222,70.21396,69.06519,73.06162,71.19691,73.43024,68.96376,70.71068,71.58911,73.43024,66.24198,71.58911,70.23532,70.71068,72.06941,66.7308,67.6757,70.72482,68.00735,69.40461,70.80254,67.80118,73.0,70.93659,73.75636,72.91776,70.93659,74.24958,71.42129,71.58911,75.74299,74.96666,75.00667,71.50524,72.86288,75.9276,75.16648
10.44031,10.44031,9.21954,9.21954,8.24621,8.24621,8.06226,7.07107,7.07107,7.07107,7.0,7.0,6.0,6.0,6.0,6.08276,6.08276,6.08276,6.08276,5.09902,5.09902,5.09902,5.09902,5.38516,5.38516,6.32456,6.32456,5.09902,5.09902,6.08276,6.08276,5.09902,6.0,5.0,5.0,5.09902,5.09902,5.09902,4.12311,4.47214,4.47214,4.47214,4.24264,4.24264,3.60555,3.60555,3.60555,3.60555,3.16228,3.16228,3.0,3.0,64.51356,64.84597,63.56886,58.82176,56.75385,56.04463,51.92302,54.70832,50.80354,46.69047,45.54119,44.28318,43.10452,38.0526,39.05125,39.05125,37.01351,39.11521,36.12478,34.23449,37.33631,32.98485,31.7805,35.17101,34.48188,35.44009,31.30495,34.17601,30.46309,36.40055,37.69615,34.17601,34.20526,33.83785,32.75668,33.54102,30.41381,32.14032,34.05877,34.0,31.01612,29.01724,29.42788,28.86174,25.96151,23.76973,26.92582,24.16609,23.02173,21.40093,20.51828,22.62742,19.20937,18.02776,17.88854,14.31782,17.0,34.9285,37.65634,40.31129,42.04759,42.0119,41.01219,44.10215,46.04346,49.49747,46.38965,49.49747,53.60037,57.87055,60.63827,62.36986,59.77458,64.84597,65.78754,66.12866,66.85058,66.85058,73.00685,69.77822,69.31811,72.00694,73.79024,72.47068,72.06941,72.06941,73.43024,70.66116,70.83078,70.83078,68.47627,67.53518,72.44998,69.77822,68.15424,69.07966,72.23573,72.44998,72.73239,73.38937,73.76313,72.8011,72.12489,71.30919,76.40026,76.65507,75.0,74.04053,75.18643,78.1025,72.53275,73.4983,77.88453,74.63243
10.44031,10.44031,10.44031,9.21954,9.21954,8.24621,8.24621,8.06226,8.06226,8.06226,8.06226,8.0,7.0,7.0,7.0,7.07107,7.07107,7.07107,6.08276,6.08276,7.07107,7.28011,7.28011,6.32456,6.32456,7.28011,7.28011,7.28011,6.08276,7.07107,6.08276,7.07107,6.08276,6.0,6.0,6.0,6.08276,5.09902,5.09902,5.09902,5.38516,4.47214,4.47214,3.60555,3.60555,3.60555,3.60555,2.82843,2.82843,2.23607,2.23607,2.23607,64.40497,59.03389,60.41523,57.77543,57.00877,55.03635,48.33218,50.69517,48.46648,46.57252,44.59821,41.97618,42.2019,39.62323,38.47077,38.11824,38.0526,36.01389,34.0147,35.01428,35.0571,32.06244,34.36568,33.13608,31.57531,32.55764,34.71311,34.71311,35.51056,34.9285,36.13862,34.52535,33.95585,31.57531,35.69314,34.1321,33.13608,35.22783,30.0,33.06055,31.06445,29.42788,27.89265,26.92582,24.73863,26.83282,27.78489,22.36068,19.10497,23.34524,19.10497,18.86796,19.20937,18.86796,16.55295,15.81139,14.0,33.13608,35.01428,37.01351,38.0526,41.7732,40.79216,42.2019,43.41659,46.17359,49.33559,49.0408,51.26402,54.42426,55.4617,57.24509,58.18075,63.63175,62.76942,64.00781,63.81222,64.66065,67.42403,67.20119,69.2026,69.02898,68.41053,68.24954,68.88396,65.8559,69.6563,68.0147,68.24954,71.21798,66.21933,65.60488,66.28725,67.1193,64.63745,66.88797,68.7968,68.26419,67.60178,68.47627,72.47068,69.77105,66.64083,72.91776,72.61543,73.92564,73.40981,69.31811,71.69379,75.15318,68.8767,72.01389,71.11259,69.77822
10.0,9.0,9.0,9.0,8.0,8.0,8.06226,7.07107,7.07107,7.07107,7.28011,6.32456,6.32456,6.32456,6.32456,6.32456,6.7082,5.83095,5.83095,5.83095,5.83095,5.83095,5.83095,5.83095,5.83095,5.83095,5.83095,5.83095,5.83095,5.83095,5.38516,5.38516,5.38516,5.09902,5.09902,5.09902,5.09902,5.0,4.0,4.0,4.0,4.12311,3.16228,3.16228,3.16228,2.82843,2.82843,2.82843,2.23607,2.23607,2.23607,2.0,61.39218,60.63827,61.66036,54.74486,56.22277,52.46904,51.24451,49.16299,49.25444,47.04253,45.0,41.01219,40.0125,42.10701,37.05401,37.21559,37.33631,37.10795,35.17101,33.73426,36.40055,32.28002,31.7805,33.54102,32.31099,30.41381,32.20248,34.48188,32.20248,32.64966,32.24903,35.8469,34.43835,35.35534,35.4683,33.61547,32.57299,32.57299,32.57299,31.40064,29.06888,30.14963,30.06659,26.01922,26.1725,25.70992,21.58703,22.13594,19.31321,18.02776,21.09502,19.84943,18.38478,16.27882,15.65248,16.12452,15.23155,31.95309,32.98485,35.51056,38.47077,40.11234,38.20995,42.19005,45.04442,44.01136,49.16299,50.35871,53.46027,53.33854,58.85576,56.08921,56.51548,62.8172,63.89053,63.60031,65.78754,67.05222,67.41662,67.41662,68.02941,68.942,70.77429,68.44706,68.88396,68.44706,70.68239,68.02941,69.46222,68.44706,65.39113,66.70832,67.41662,64.84597,68.00735,67.05222,68.00735,66.48308,67.46851,71.06335,72.78049,70.83078,72.03471,71.38627,72.83543,72.83543,72.36712,71.02112,70.85901,74.1485,71.38627,73.34848,70.21396,69.87131
11.18034,10.29563,9.43398,9.43398,9.43398,8.60233,8.60233,8.60233,7.81025,7.81025,7.81025,7.81025,7.07107,7.07107,7.07107,6.40312,6.40312,6.40312,5.83095,6.7082,7.2111,6.7082,7.2111,6.7082,6.7082,7.2111,6.7082,6.7082,6.7082,6.40312,6.40312,6.40312,6.40312,6.40312,5.65685,5.65685,5.65685,5.65685,5.0,5.0,4.47214,5.38516,4.47214,4.12311,4.12311,4.12311,4.0,4.0,3.0,3.0,3.16228,2.23607,67.41662,64.51356,62.39391,60.16644,58.18075,55.15433,55.9464,49.65884,53.23533,46.52956,47.01064,41.67733,45.48626,39.40812,40.0,42.0119,39.82462,36.79674,36.06938,37.64306,34.20526,36.23534,34.4093,34.4093,33.6006,34.48188,38.07887,35.77709,35.8469,36.89173,34.1321,34.48188,34.98571,36.89173,39.40812,33.61547,34.20526,34.05877,33.30165,32.55764,32.64966,29.83287,29.83287,26.83282,25.55386,26.92582,26.40076,27.20294,22.36068,23.5372,21.09502,19.0263,21.2132,18.24829,17.72005,17.0,14.76482,33.94113,36.87818,39.05125,39.11521,44.94441,42.05948,40.31129,45.69464,47.85394,49.24429,51.26402,52.81098,55.71355,61.68468,59.90826,62.8172,63.89053,63.56099,64.13267,66.75328,66.4906,73.43705,71.44928,71.17584,72.1734,72.24957,73.24616,72.1734,75.05998,66.18912,71.17584,66.18912,70.06426,67.47592,67.47592,72.00694,71.38627,70.21396,68.06614,68.65858,68.65858,72.53275,70.21396,74.94665,69.89278,72.42237,76.24303,73.38937,74.63243,75.61085,74.67262,75.39231,73.73602,77.47258,74.33034,71.51224,74.33034
10.44031,10.44031,9.21954,9.21954,8.24621,8.24621,8.24621,8.06226,8.06226,7.07107,7.07107,7.0,7.0,7.07107,7.07107,7.07107,7.07107,6.08276,6.08276,6.08276,6.08276,6.08276,6.32456,6.32456,6.32456,6.32456,6.08276,6.08276,6.08276,6.08276,6.08276,6.0,6.0,6.0,6.08276,6.0,5.09902,5.09902,5.09902,4.12311,4.47214,4.47214,4.47214,3.60555,3.60555,2.82843,2.82843,3.60555,2.82843,2.23607,2.23607,2.0,66.03787,65.0,61.29437,58.30952,57.24509,55.9017,50.53712,50.53712,51.26402,45.31004,45.88028,40.8534,43.9659,41.48494,39.56008,41.4367,37.85499,37.48333,34.23449,34.05877,36.34556,36.01389,32.14032,34.0147,36.05551,35.01428,35.01428,35.0571,33.06055,35.22783,35.12834,36.22154,37.01351,36.01389,35.0571,34.23449,34.23449,34.23449,32.38827,35.17101,31.62278,29.41088,28.16026,26.41969,26.62705,25.05993,26.40076,24.83948,21.93171,20.80865,21.63331,19.72308,20.24846,16.15549,18.11077,17.02939,16.03122,36.34556,34.23449,37.01351,40.0125,45.04442,41.19466,42.29657,46.27094,50.01,50.96077,53.85165,52.81098,55.02727,57.93962,58.30952,61.32699,62.16912,65.76473,64.88451,66.85058,62.68174,70.45566,71.02816,70.80254,68.00735,69.81404,69.40461,68.60029,69.52697,69.02898,70.29225,69.02898,68.0147,68.24954,71.06335,69.2026,67.6757,67.6757,67.6757,69.11584,68.60029,69.83552,71.19691,71.11962,71.11962,73.79024,75.17978,73.3553,75.58439,74.24284,73.79024,74.68601,75.58439,72.89719,72.44998,73.82412,71.58911
11.18034,10.19804,10.04988,10.04988,9.05539,9.05539,9.0,8.0,8.0,8.0,8.06226,8.06226,7.07107,7.07107,7.07107,7.07107,7.28011,6.32456,6.32456,6.32456,6.32456,6.32456,6.32456,6.7082,6.32456,6.7082,7.28011,6.32456,6.32456,6.32456,6.08276,7.07107,6.08276,6.08276,6.0,6.0,6.0,5.0,5.09902,5.09902,5.09902,4.12311,4.47214,4.47214,4.47214,3.60555,3.60555,2.82843,2.82843,2.82843,2.23607,2.23607,64.41273,62.17717,61.7171,57.70615,57.24509,55.03635,52.80152,50.15974,47.53946,44.94441,44.64303,43.9659,43.01163,41.76123,38.83298,38.63936,37.12142,36.22154,35.0571,34.1321,37.0,32.0,34.0,35.12834,33.06055,33.24154,33.37664,34.23449,33.24154,33.24154,33.37664,36.34556,32.14032,33.06055,34.05877,29.0,32.14032,33.06055,31.40064,31.40064,32.75668,29.12044,27.51363,29.52965,25.94224,28.63564,25.05993,24.08319,18.43909,21.93171,20.0,19.72308,18.35756,18.43909,15.29706,15.0333,14.56022,31.7805,35.22783,36.05551,38.0,41.19466,41.04875,44.10215,44.91102,50.21952,47.67599,52.88667,51.92302,55.02727,56.64804,57.38467,61.84658,63.06346,63.50591,64.40497,63.28507,67.23095,64.66065,68.50547,66.0303,66.61081,69.89278,68.8186,70.93659,66.61081,66.0303,63.25346,67.62396,68.24954,65.45991,67.80118,67.1193,66.57327,66.57327,65.51336,68.88396,67.23095,68.42514,70.83078,72.89719,67.62396,70.66116,70.66116,70.26379,72.91776,72.00694,73.40981,72.61543,74.73286,68.88396,71.11259,71.11962,70.21396
9.43398,9.43398,8.94427,8.06226,8.06226,8.06226,7.61577,7.61577,7.28011,6.32456,6.32456,6.32456,6.08276,6.08276,6.08276,6.08276,6.0,5.0,6.0,5.0,5.0,5.0,5.0,5.0,5.0,5.0,6.08276,5.0,5.0,5.0,5.0,5.0,5.09902,5.09902,5.09902,5.09902,4.47214,4.47214,4.47214,4.47214,4.47214,4.24264,4.24264,4.24264,3.60555,3.60555,3.60555,3.16228,3.16228,3.16228,3.0,3.0,65.51336,58.83026,58.66856,57.45433,54.56189,52.7731,52.7731,46.06517,47.16991,45.54119,42.72002,39.21734,41.23106,40.02499,35.51056,37.33631,37.33631,35.12834,35.12834,35.01428,35.0,32.14032,34.05877,31.06445,32.06244,32.24903,35.35534,33.54102,31.95309,30.26549,32.75668,34.20526,34.9285,31.57531,32.38827,33.24154,33.13608,33.01515,33.06055,31.01612,31.14482,28.28427,29.42788,27.65863,27.313,24.59675,24.18677,21.09502,22.2036,17.69181,20.61553,18.43909,16.64332,17.08801,15.52417,16.15549,15.0333,35.0571,34.52535,36.40055,41.23106,40.8534,41.23106,44.29447,43.86342,47.01064,49.73932,50.53712,54.91812,55.9464,59.36329,59.64059,56.22277,63.24555,63.12686,65.29931,69.29646,67.17887,70.00714,66.46804,70.71068,72.91776,72.83543,72.83543,72.18033,69.42622,70.72482,68.593,70.00714,66.6033,70.72482,67.17887,67.26812,68.0147,66.8431,65.0,70.80254,70.0,69.06519,72.11103,72.11103,71.02112,69.46222,69.97142,71.34424,73.57309,73.06162,72.94518,76.02631,73.82412,71.58911,74.70609,73.57309,70.49113
11.18034,11.18034,10.19804,10.19804,9.21954,9.21954,9.48683,9.48683,8.544,8.544,8.544,7.61577,7.61577,6.7082,7.2111,7.2111,7.2111,7.2111,6.40312,6.40312,6.40312,6.40312,6.40312,7.07107,7.07107,7.07107,6.40312,6.40312,6.40312,7.2111,7.2111,7.2111,7.2111,6.7082,6.7082,6.7082,6.32456,6.32456,5.09902,5.09902,5.09902,5.0,5.0,5.0,4.0,4.12311,4.12311,3.16228,3.16228,3.60555,2.82843,2.82843,68.11755,62.07254,59.03389,56.32051,58.00862,54.00926,53.0,50.01,48.09366,46.09772,45.01111,45.39824,43.04649,41.0,39.84972,42.05948,35.44009,35.44009,38.8973,35.73514,34.0,36.40055,31.38471,31.76476,33.10589,33.12099,33.83785,32.75668,33.6006,35.0,36.05551,34.1321,33.61547,30.01666,35.4683,32.69557,31.38471,34.17601,31.04835,32.01562,30.59412,26.68333,28.16026,27.07397,27.01851,25.4951,24.08319,24.33105,19.92486,20.24846,22.47221,20.61553,17.80449,18.43909,16.97056,17.49286,18.38478,35.51056,33.12099,38.48376,37.69615,40.16217,38.8973,40.31129,44.55334,47.85394,50.35871,49.64877,51.35173,54.23099,59.21149,58.00862,59.00847,64.12488,64.12488,60.29925,62.80127,65.11528,67.68309,69.05071,69.42622,69.63476,69.42622,69.42622,67.91171,69.12308,68.68042,70.0928,65.73431,68.68042,68.41053,70.34202,67.91171,68.06614,66.91039,67.36468,68.46897,67.26812,67.26812,68.26419,70.25667,71.02816,66.0303,69.26038,71.02816,74.10803,76.00658,71.0,72.0,71.00704,71.00704,71.00704,70.17834,72.06247
10.0,9.43398,9.43398,9.43398,8.60233,8.60233,8.06226,7.61577,7.61577,7.61577,6.7082,7.61577,6.32456,6.32456,6.32456,6.08276,6.08276,6.08276,5.09902,6.08276,5.09902,6.0,6.0,6.0,6.08276,5.0,6.0,6.08276,5.09902,6.08276,5.09902,5.09902,5.09902,5.38516,5.38516,5.83095,5.0,5.0,5.0,4.24264,4.24264,4.24264,4.47214,3.60555,4.47214,4.12311,4.12311,4.12311,4.0,4.0,3.16228,3.16228,62.76942,61.91123,58.30952,57.3062,58.30952,52.3259,50.53712,49.64877,50.08992,46.61545,42.15448,44.28318,43.65776,38.8973,38.32754,39.56008,40.02499,39.81206,34.52535,36.34556,36.22154,33.24154,32.06244,32.06244,34.1321,32.06244,31.0,33.06055,32.24903,30.06659,33.0,32.06244,31.01612,32.06244,35.01428,30.41381,32.24903,31.57531,33.52611,31.32092,31.38471,26.92582,26.41969,26.41969,26.40076,24.20744,24.75884,22.80351,23.43075,20.61553,20.24846,20.24846,19.41649,18.02776,20.02498,16.12452,15.81139,35.22783,35.35534,35.01428,43.01163,42.10701,42.04759,44.40721,44.55334,44.91102,49.24429,53.16014,53.75872,54.40588,56.64804,57.93962,62.96825,61.7414,63.52952,66.64833,69.97142,67.41662,70.3278,69.06519,71.02816,71.21798,72.62231,69.81404,69.40461,69.02898,69.6563,71.21798,69.40461,69.63476,71.61006,69.40461,71.02816,68.41053,69.06519,66.85058,68.09552,70.83078,70.3278,72.06941,71.11962,70.71068,69.77105,71.11962,75.13322,75.58439,74.24958,73.06162,75.17978,74.30343,72.44998,76.92204,71.69379,69.83552
11.40175,10.0,10.63015,10.0,9.21954,9.21954,9.21954,8.48528,8.48528,8.48528,7.81025,7.81025,7.81025,7.2111,7.2111,7.2111,7.2111,7.2111,6.7082,6.7082,6.7082,6.7082,6.7082,6.7082,6.7082,6.7082,6.7082,6.7082,6.7082,6.7082,5.83095,6.7082,7.2111,6.40312,6.40312,5.65685,5.65685,5.65685,5.65685,5.0,5.83095,4.47214,5.38516,4.47214,4.12311,4.12311,4.12311,4.0,4.0,3.0,3.16228,3.16228,63.82006,60.80296,61.84658,57.2014,55.9017,56.40035,49.51767,53.15073,47.38143,48.83646,43.13931,44.04543,42.0119,40.0,42.43819,41.18252,38.47077,35.34119,37.12142,33.24154,36.24914,34.9285,35.73514,32.31099,31.62278,32.01562,35.44009,34.36568,33.95585,34.71311,34.48188,36.40055,32.28002,37.36308,31.01612,36.05551,34.43835,34.17601,32.75668,30.8707,28.6007,30.80584,31.241,27.80288,29.06888,25.0,27.01851,21.9545,22.47221,25.4951,19.41649,20.39608,17.26268,17.0,16.0,19.41649,13.0,33.10589,37.57659,37.44329,41.04875,39.20459,43.93177,46.01087,42.52058,46.01087,47.38143,51.66237,51.62364,52.63079,56.0803,59.03389,58.60034,67.1193,60.53924,67.74216,68.47627,65.8635,69.35416,67.54258,68.8767,68.44706,69.35416,68.44706,71.30919,68.54196,70.77429,63.32456,73.34848,70.26379,67.1193,68.44706,63.95311,64.66065,65.36819,67.23095,69.33974,70.72482,66.28725,76.844,67.20119,74.02702,72.67049,67.80118,74.02702,71.8401,69.52697,72.86288,74.41102,74.8131,71.70077,72.24957,75.82216,69.6563
9.21954,9.21954,9.21954,8.24621,8.24621,8.24621,7.61577,7.61577,6.7082,6.7082,6.7082,6.7082,5.83095,5.83095,5.83095,5.0,5.65685,5.0,5.65685,5.65685,5.65685,5.0,5.65685,5.0,5.0,5.65685,5.65685,5.0,5.65685,5.65685,5.65685,5.65685,5.0,5.0,5.0,4.47214,4.47214,4.47214,4.12311,4.12311,4.12311,4.0,4.0,4.0,3.16228,3.16228,3.16228,3.16228,2.82843,2.82843,2.82843,3.16228,62.1289,62.514,56.4358,57.42822,55.54278,54.91812,50.44799,46.09772,43.41659,46.48656,44.01136,42.15448,41.23106,38.48376,37.57659,37.58989,36.71512,32.24903,33.01515,34.4093,34.82815,30.61046,33.24154,31.14482,30.4795,33.94113,36.06938,30.61046,32.64966,32.64966,32.80244,31.82766,34.65545,31.14482,30.41381,31.14482,32.55764,32.01562,30.61046,30.23243,31.90611,28.23119,26.83282,25.29822,24.35159,23.76973,26.68333,24.08319,19.0263,21.0,21.37756,18.97367,18.68154,16.64332,18.60108,15.55635,16.64332,34.66987,37.12142,38.48376,41.4367,39.92493,38.27532,43.41659,44.64303,47.29693,48.83646,51.97115,54.91812,57.70615,57.21888,59.13544,64.00781,61.0082,66.00758,65.00769,67.06713,67.02984,69.18092,69.26038,69.58448,69.35416,69.46222,71.70077,69.87131,72.99315,67.74216,69.58448,66.48308,68.46897,69.35416,68.35934,67.1193,70.00714,69.02898,70.00714,71.00704,68.02941,70.11419,74.10803,73.24616,69.35416,68.46897,72.00694,71.02112,73.97973,73.68175,71.84706,73.1642,71.02112,73.82412,72.33948,73.1642,72.00694
10.81665,10.0,10.0,9.43398,8.60233,7.81025,8.48528,8.48528,8.48528,7.07107,7.07107,7.81025,7.2111,7.2111,6.40312,7.2111,6.7082,6.7082,6.7082,6.7082,6.7082,6.7082,6.32456,6.7082,6.32456,6.32456,6.32456,6.7082,6.7082,6.7082,5.83095,5.83095,5.83095,5.65685,6.40312,5.65685,5.65685,5.0,5.0,5.0,4.47214,4.47214,3.60555,3.16228,3.16228,3.0,3.0,3.0,3.0,2.23607,2.23607,2.23607,67.41662,66.12866,61.09828,58.69412,57.38467,52.0,52.7731,50.15974,48.33218,45.61798,41.18252,40.80441,41.04875,39.20459,37.80212,39.05125,41.10961,36.79674,36.79674,33.97058,33.97058,32.55764,33.30165,32.20248,31.40064,31.241,33.83785,36.05551,33.28663,33.61547,35.80503,34.20526,34.20526,34.66987,33.01515,33.30165,31.82766,35.38361,32.55764,27.65863,27.80288,29.15476,28.6531,25.07987,24.35159,26.24881,24.5153,23.08679,20.02498,18.02776,19.0263,18.11077,16.76305,19.69772,15.81139,14.31782,15.6205,32.44996,35.80503,37.01351,39.59798,42.44997,41.03657,42.0119,43.41659,44.20407,48.60041,49.39636,54.08327,56.0803,55.47071,59.48109,60.92618,62.76942,60.16644,65.0,64.51356,67.6757,68.68042,66.21933,70.83078,69.37579,68.41053,69.2315,64.53681,71.02112,68.06614,66.91039,68.65858,69.42622,67.91171,66.70832,65.73431,66.76077,66.48308,66.7308,67.35726,65.45991,66.76077,71.69379,71.69379,65.9242,73.1642,72.09022,71.11259,73.40981,74.24958,73.82412,73.92564,74.24958,71.69379,71.69379,66.30988,73.00685
10.77033,9.84886,9.84886,9.84886,8.94427,8.94427,8.94427,8.06226,8.06226,7.2111,7.2111,7.2111,7.07107,7.07107,7.07107,7.07107,7.07107,7.07107,6.40312,6.40312,6.40312,6.40312,6.40312,6.40312,7.2111,6.40312,7.2111,6.40312,6.40312,6.40312,6.40312,6.40312,6.40312,6.40312,6.40312,6.40312,5.83095,5.83095,5.83095,5.83095,5.38516,4.47214,4.12311,4.12311,4.12311,4.0,4.0,4.0,3.0,3.16228,3.16228,2.23607,65.55151,60.40695,58.5235,58.18075,56.36488,53.31041,50.53712,51.89412,46.52956,48.37355,45.22168,48.01042,41.40048,38.01316,38.27532,36.40055,36.23534,37.53665,36.06938,34.65545,35.4683,35.60899,33.83785,32.44996,34.66987,32.24903,34.1321,31.90611,31.62278,34.66987,33.83785,36.35932,31.90611,32.44996,29.83287,30.52868,32.01562,31.241,29.83287,31.82766,33.30165,28.30194,30.01666,27.78489,26.41969,26.0,22.84732,23.4094,20.22375,19.41649,21.09502,20.02498,17.26268,19.92486,16.76305,17.20465,17.20465,35.80503,35.38361,36.79674,38.94868,38.20995,42.52058,43.60046,45.80393,44.65423,47.01064,51.47815,50.9902,52.80152,56.30275,57.93962,58.82176,62.62587,62.36185,61.68468,66.21933,63.78871,65.25335,65.76473,67.36468,68.46897,67.47592,69.35416,67.74216,67.74216,68.73136,68.593,66.61081,68.44706,64.53681,66.28725,67.18631,64.53681,67.46851,65.73431,65.96969,67.44627,66.40783,70.00714,66.7308,70.2282,74.24958,69.857,68.942,72.09022,70.2282,70.83784,72.61543,72.8011,67.62396,72.23573,72.49828,71.17584
10.04988,10.04988,10.04988,9.05539,9.05539,9.05539,8.24621,8.24621,8.24621,7.28011,7.28011,7.28011,7.61577,7.61577,6.7082,6.7082,6.7082,6.7082,5.83095,6.40312,6.40312,6.40312,6.40312,6.40312,6.40312,7.2111,7.2111,6.40312,7.2111,6.7082,6.7082,6.7082,6.7082,6.32456,6.32456,6.32456,6.08276,5.09902,5.09902,5.09902,5.0,5.0,4.0,4.12311,4.12311,4.12311,4.12311,3.16228,3.60555,2.82843,2.82843,2.82843,64.28063,62.1289,61.07373,62.07254,59.03389,56.0357,53.08484,50.01,50.0,47.26521,46.38965,44.28318,43.41659,41.4367,39.45884,37.85499,39.81206,34.20526,38.07887,37.16181,35.4683,34.9285,32.75668,32.44996,31.76476,33.12099,35.51056,34.4093,32.20248,35.35534,36.61967,34.66987,34.0,35.35534,36.23534,29.15476,35.8469,33.61547,31.38471,32.89377,30.08322,29.06888,28.01785,28.07134,25.01999,26.07681,24.18677,23.08679,22.56103,20.24846,22.36068,21.09502,20.12461,21.2132,17.02939,17.20465,14.31782,35.34119,33.10589,39.0,38.8973,42.2019,40.60788,40.79216,48.50773,46.38965,50.15974,52.15362,54.03702,54.03702,57.00877,57.00877,63.12686,62.20129,63.50591,63.3877,64.13267,67.46851,68.44706,72.03471,71.30919,71.16881,70.60453,69.92138,68.62215,69.12308,67.05222,70.34202,65.96969,69.92138,67.44627,68.41053,65.51336,69.2315,66.91039,66.28725,68.73136,70.45566,69.72087,67.47592,76.05919,70.25667,74.24284,72.11103,73.10951,76.0,74.02702,70.06426,76.05919,74.10803,71.11259,74.24284,74.43118,73.24616
9.48683,9.48683,9.48683,9.48683,8.24621,8.24621,8.06226,8.06226,7.07107,7.07107,7.0,7.0,6.0,6.0,6.08276,6.08276,6.08276,5.09902,6.32456,6.32456,6.08276,6.32456,5.38516,5.38516,6.32456,6.32456,6.32456,6.32456,6.08276,6.32456,6.08276,6.08276,6.08276,5.0,5.0,5.0,5.0,4.12311,4.12311,4.12311,4.12311,4.12311,3.60555,3.60555,2.82843,2.82843,2.82843,2.23607,2.23607,2.23607,2.0,2.0,62.17717,61.7171,59.48109,56.35601,53.7122,53.31041,48.75449,49.76947,47.43416,45.54119,42.37924,41.76123,40.02499,36.67424,40.1995,37.21559,37.48333,34.0,37.12142,32.01562,36.05551,31.01612,30.06659,31.257,32.14032,34.36568,31.7805,32.98485,32.75668,33.95585,30.80584,34.9285,32.24903,33.13608,31.57531,32.38827,32.24903,34.05877,32.0,32.14032,31.40064,26.30589,28.86174,27.65863,25.70992,22.47221,23.32381,21.9545,22.02272,20.51828,19.10497,21.26029,18.02776,17.46425,17.88854,14.14214,14.03567,33.13608,38.20995,34.36568,37.48333,38.83298,41.7732,42.72002,43.68066,46.95743,46.23851,48.8467,52.92447,53.31041,58.69412,58.59181,59.36329,60.46487,60.74537,64.89992,63.89053,61.40033,71.21798,63.70243,68.24954,65.8559,68.11755,67.20863,72.86288,65.8559,69.31089,67.26812,68.0147,64.53681,68.0147,68.41053,68.24954,64.2028,66.28725,66.85058,72.11103,70.49113,67.41662,71.34424,67.23095,70.83078,70.68239,72.44998,71.11962,76.02631,68.42514,69.31811,76.48529,76.02631,68.88396,70.66116,73.3553,71.17584
10.0,9.43398,9.21954,8.60233,8.60233,7.81025,7.81025,7.07107,7.07107,7.07107,7.07107,6.40312,6.40312,6.40312,5.83095,5.83095,5.83095,5.83095,5.38516,5.38516,5.38516,5.38516,5.38516,6.32456,5.38516,5.38516,5.38516,5.38516,5.38516,5.38516,5.38516,5.83095,5.83095,5.0,5.0,5.0,5.0,4.24264,4.24264,3.60555,3.60555,3.16228,3.16228,3.16228,3.0,3.0,3.0,3.16228,3.16228,2.23607,2.82843,2.82843,61.40033,63.82006,56.0357,56.85948,56.40035,51.40039,45.60702,45.60702,49.51767,45.34314,43.18565,43.84062,41.03657,39.82462,38.28838,38.01316,35.0,34.4093,34.98571,37.21559,31.90611,33.10589,33.61547,32.69557,28.23119,33.61547,33.24154,32.75668,32.28002,34.20526,34.20526,31.7805,33.61547,31.62278,32.57299,32.20248,33.10589,33.10589,31.38471,30.52868,31.38471,30.0,25.45584,24.75884,24.08319,24.69818,24.69818,23.25941,18.68154,19.31321,18.24829,21.37756,18.24829,16.03122,16.49242,14.42221,17.20465,32.64966,36.23534,37.64306,36.12478,40.31129,41.7732,41.72529,44.59821,43.93177,50.24938,50.44799,53.90733,54.03702,58.00862,56.85948,59.16925,63.13478,62.17717,61.77378,63.52952,66.30988,68.44706,69.857,69.46222,70.93659,70.38466,69.89278,69.28925,69.89278,67.06713,70.5762,68.00735,68.70953,67.06713,69.28925,66.70832,70.26379,67.54258,67.1193,66.18912,68.0,70.66116,67.23095,72.67049,70.72482,72.40166,71.86793,73.00685,70.45566,75.21303,72.42237,75.45197,72.42237,72.42237,70.72482,71.02816,68.7968
10.44031,10.44031,9.48683,9.48683,8.24621,8.24621,8.24621,8.06226,8.06226,7.07107,8.06226,7.0,7.0,7.0,7.0,7.0,7.07107,6.08276,6.08276,6.08276,6.08276,6.32456,6.32456,6.32456,6.32456,6.32456,6.32456,6.32456,6.32456,6.08276,6.08276,6.08276,6.08276,6.0,6.0,5.0,5.0,5.09902,5.09902,5.09902,4.12311,4.47214,4.12311,4.47214,3.60555,3.60555,3.60555,2.82843,2.82843,2.23607,2.23607,2.23607,67.1193,63.50591,63.06346,59.61543,57.77543,55.9464,54.12947,51.62364,46.23851,46.57252,45.88028,43.9659,42.75512,36.67424,40.02499,39.31921,38.32754,38.20995,37.05401,38.11824,37.0,35.12834,35.51056,33.24154,34.52535,33.24154,33.73426,33.95585,34.52535,34.52535,35.17101,32.98485,33.54102,32.75668,34.52535,33.13608,36.05551,32.0,33.06055,32.01562,29.06888,27.16616,29.12044,25.70992,27.20294,23.08679,26.57066,22.47221,24.18677,21.40093,19.10497,19.10497,19.41649,18.38478,18.78829,16.76305,18.0,32.01562,38.01316,39.31921,40.60788,38.8973,39.56008,40.80441,46.48656,49.39636,47.01064,48.33218,51.0,53.23533,56.60389,59.36329,58.30952,66.03787,64.89992,64.3506,69.2026,66.4003,71.58911,66.70832,68.68042,69.35416,72.83543,68.68042,72.13876,67.17887,69.35416,66.70832,67.35726,68.11755,70.93659,67.20863,69.6563,67.80118,68.60029,66.4003,69.33974,71.86793,67.23095,73.24616,66.37017,71.11962,72.94518,70.23532,73.34848,77.38863,72.89719,73.92564,75.15318,74.70609,71.11962,74.68601,75.591,74.70609
9.84886,8.94427,8.544,7.61577,8.544,7.61577,7.28011,7.28011,7.28011,7.28011,6.32456,6.08276,6.08276,6.08276,5.09902,6.0,5.0,6.0,5.0,5.0,5.0,5.09902,6.08276,5.09902,5.0,5.09902,5.09902,5.09902,5.0,5.0,5.0,5.0,5.0,5.09902,5.09902,5.09902,4.47214,4.47214,4.47214,3.60555,4.24264,4.24264,4.24264,4.24264,3.60555,3.60555,3.16228,3.16228,3.16228,3.0,3.0,3.16228,62.62587,64.19502,64.56005,58.24088,56.04463,55.65968,49.0408,50.01,47.67599,48.50773,45.27693,45.39824,42.19005,39.20459,39.31921,39.01282,39.01282,36.01389,39.05125,33.13608,39.62323,35.51056,35.44009,31.95309,31.57531,31.62278,33.10589,32.31099,28.86174,32.01562,34.78505,34.20526,31.04835,33.83785,32.01562,30.26549,32.38827,32.38827,31.01612,34.0147,31.0,29.15476,28.28427,26.68333,28.23119,24.69818,25.07987,23.4094,22.47221,17.20465,21.40093,22.02272,16.12452,19.72308,18.97367,18.68154,15.0333,33.73426,35.90265,35.22783,44.18144,38.0526,43.10452,42.10701,44.0,48.09366,46.87217,50.63596,53.15073,54.81788,59.66574,59.66574,62.36185,64.84597,61.03278,65.55151,66.48308,69.64194,72.23573,68.8767,70.23532,70.83078,70.21396,74.94665,73.92564,68.96376,72.94518,68.96376,72.44998,69.83552,68.44706,70.66116,69.857,67.1193,70.26379,71.17584,70.93659,76.89603,66.48308,71.47027,69.26038,73.68175,72.27724,71.30919,73.75636,76.15773,72.53275,72.8011,75.43209,79.07591,69.857,75.69016,76.53757,71.30919
10.04988,9.21954,9.21954,8.06226,8.24621,7.28011,7.28011,7.28011,7.28011,7.28011,6.7082,6.7082,6.7082,5.83095,5.83095,5.83095,6.40312,5.83095,5.65685,5.65685,5.65685,5.65685,5.65685,5.65685,5.65685,5.65685,5.65685,5.65685,5.65685,5.65685,5.0,5.0,5.83095,5.83095,5.38516,5.38516,4.47214,4.12311,4.12311,4.12311,4.12311,4.0,4.0,3.0,3.0,2.23607,2.23607,2.23607,2.23607,2.23607,2.23607,2.23607,65.19202,61.07373,63.00794,57.00877,57.0,49.09175,52.00961,50.01,48.16638,48.16638,43.18565,42.29657,41.23106,38.63936,38.07887,36.13862,38.27532,34.78505,34.9285,34.43835,34.0147,33.12099,31.62278,31.38471,32.75668,32.01562,31.38471,35.0,31.90611,32.44996,31.62278,36.05551,35.51056,34.82815,34.1321,30.01666,30.52868,34.43835,29.15476,31.38471,28.86174,29.42788,28.44293,29.27456,26.0,26.1725,22.2036,23.5372,22.80351,22.47221,20.24846,20.61553,18.02776,17.80449,16.97056,16.12452,14.86607,35.8469,37.16181,37.94733,41.48494,40.02499,41.4367,42.10701,45.17743,44.18144,48.04165,50.01,54.0,55.03635,56.0803,60.07495,60.20797,63.50591,62.96825,61.52235,68.65858,67.46851,71.06335,66.94027,67.72001,70.2282,71.16881,70.83784,70.83784,69.57011,70.83784,68.62215,69.92138,69.92138,69.37579,67.18631,68.88396,69.42622,66.4906,66.28725,70.71068,71.84706,65.27634,72.24957,72.11103,70.17834,68.06614,71.25307,70.11419,74.06079,75.23962,71.11259,79.00633,76.10519,72.00694,73.06162,70.34913,73.02739
10.0,9.43398,10.0,8.60233,8.60233,8.06226,8.06226,8.06226,8.06226,7.61577,7.61577,7.61577,7.28011,6.32456,6.32456,7.28011,6.08276,7.07107,6.08276,6.08276,6.08276,6.08276,7.0,7.0,6.0,6.0,7.07107,7.07107,6.08276,7.07107,6.08276,6.08276,6.08276,6.32456,5.38516,5.38516,5.83095,5.83095,5.0,4.47214,5.0,4.24264,4.24264,3.60555,3.60555,3.60555,3.16228,3.16228,3.16228,3.0,2.0,2.23607,65.79514,56.63921,62.96825,54.56189,57.38467,53.2635,52.49762,49.57822,47.01064,46.40043,43.60046,40.49691,42.54409,40.70626,38.48376,38.48376,37.57659,36.68787,37.33631,34.78505,32.98485,32.55764,32.75668,32.55764,35.22783,33.73426,32.55764,32.14032,34.23449,34.1321,35.12834,37.01351,34.36568,33.24154,31.7805,30.36445,31.40064,32.31099,30.08322,30.67572,30.41381,26.41969,27.45906,25.80698,23.32381,25.4951,22.67157,23.43075,21.63331,18.60108,20.12461,20.24846,17.72005,19.23538,15.29706,17.02939,12.08305,32.98485,34.78505,34.9285,40.31129,36.71512,38.83298,40.22437,44.94441,45.60702,44.20407,50.21952,53.15073,53.2635,55.22681,57.28001,56.63921,61.07373,60.20797,60.87693,64.2028,64.40497,69.06519,64.07027,66.0303,64.3506,68.8186,67.6757,67.95587,66.88797,66.03787,66.57327,69.46222,64.89992,66.37017,69.33974,68.24222,64.2028,65.94695,67.47592,68.88396,69.42622,65.79514,70.76722,70.00714,69.29646,65.06919,68.62215,69.42622,71.42129,69.35416,69.31089,72.34639,74.33034,66.52819,67.88225,72.83543,70.76722
10.44031,10.44031,10.19804,9.21954,9.21954,9.21954,9.05539,8.06226,8.06226,8.06226,8.06226,8.0,7.0,7.0,7.0,7.07107,7.07107,7.07107,6.08276,6.08276,6.08276,6.08276,6.08276,6.08276,6.08276,6.32456,6.32456,6.08276,6.08276,6.08276,6.08276,6.08276,6.0,6.0,6.0,6.0,6.08276,5.09902,5.09902,5.38516,5.38516,4.47214,4.47214,5.0,5.0,4.24264,4.24264,3.60555,3.60555,3.60555,3.16228,3.16228,71.58911,63.15061,63.15061,60.20797,57.87055,54.74486,51.35173,50.08992,50.48762,48.25971,43.28972,44.10215,45.01111,40.04997,40.0,41.10961,38.20995,36.49658,36.87818,34.20526,36.87818,32.75668,37.0,32.89377,31.95309,33.61547,34.78505,34.43835,35.4683,36.40055,34.0147,33.61547,31.95309,35.4683,30.67572,33.52611,30.59412,32.98485,31.04835,31.14482,30.26549,31.0,30.0,28.07134,28.28427,28.28427,24.69818,24.5153,21.9545,23.4094,20.24846,21.26029,21.2132,19.20937,18.43909,18.35756,15.13275,34.9285,37.94733,39.05125,41.59327,39.11521,43.10452,43.01163,47.0,50.0,47.01064,53.08484,53.08484,58.30952,58.30952,59.68249,61.61169,66.28725,63.56099,66.94027,66.40783,65.19202,69.64194,70.93659,70.38466,69.46222,71.30919,72.09022,72.23573,68.35203,72.61543,68.54196,69.89278,72.91776,70.00714,70.38466,68.94926,70.2282,69.64194,70.34202,70.34202,72.53275,69.857,72.78049,73.1642,72.36712,69.42622,73.34848,74.33034,74.96666,71.56815,74.8131,75.80237,75.95393,71.70077,76.11833,75.31268,74.33034
10.81665,10.0,10.0,9.43398,8.60233,8.60233,7.81025,7.81025,7.81025,7.07107,7.07107,7.07107,7.07107,7.07107,6.40312,6.40312,5.83095,5.83095,5.83095,5.83095,5.83095,5.83095,5.83095,5.83095,5.83095,5.83095,5.83095,5.83095,5.83095,5.83095,5.0,5.83095,5.65685,5.65685,5.65685,5.65685,5.0,5.0,4.47214,4.47214,5.38516,4.12311,4.12311,4.12311,4.0,4.0,4.0,4.12311,4.12311,3.16228,3.60555,3.60555,62.28965,64.53681,61.55485,59.46427,56.63921,52.40229,50.93133,52.40229,46.75468,47.20169,42.0119,41.6173,41.34005,39.20459,38.94868,40.24922,37.12142,34.43835,35.4683,33.52611,35.17101,32.98485,33.95585,33.95585,30.36445,31.57531,32.38827,35.22783,33.37664,33.24154,32.55764,35.22783,31.257,35.44009,31.40064,34.17601,33.83785,31.38471,32.57299,29.06888,29.96665,29.41088,27.80288,28.42534,27.01851,26.90725,24.83948,26.41969,24.18677,21.0238,19.69772,18.68154,17.46425,20.0,18.02776,18.97367,17.08801,34.78505,37.69615,38.07887,41.14608,40.81666,42.19005,40.80441,47.01064,47.63402,49.57822,50.32892,54.48853,55.15433,57.28001,62.24147,61.6198,63.25346,63.12686,66.8431,68.00735,69.89278,70.45566,71.86793,69.33974,71.69379,72.94518,70.17834,73.57309,70.71068,71.86793,69.97142,72.71864,68.60029,70.72482,70.17834,69.63476,68.60029,68.88396,67.62396,73.24616,69.81404,70.29225,73.0,72.18033,68.62215,77.10383,72.83543,72.86288,75.66373,74.24958,75.69016,75.00667,76.41989,73.53911,76.36753,77.07788,74.24958
10.04988,10.04988,9.0,9.0,8.0,8.0,8.06226,7.07107,7.07107,7.07107,7.07107,7.28011,6.32456,6.32456,6.32456,6.32456,6.32456,5.83095,5.83095,5.83095,5.83095,5.83095,5.83095,5.83095,5.83095,5.83095,5.83095,5.83095,5.83095,5.83095,5.38516,5.38516,5.38516,5.38516,5.09902,5.09902,5.09902,4.0,4.0,4.0,4.0,4.12311,3.16228,3.16228,3.16228,3.60555,2.82843,2.82843,2.23607,2.23607,2.23607,2.0,63.56886,63.56886,58.5235,56.64804,57.97413,56.32051,52.17279,48.27007,47.85394,47.67599,44.14748,44.40721,42.57934,37.33631,38.32754,37.0,39.0,36.12478,36.12478,33.24154,37.21559,31.57531,31.7805,36.49658,31.57531,34.71311,34.53983,34.9285,34.17601,35.1141,32.31099,33.83785,33.52611,33.52611,34.20526,33.54102,32.38827,32.75668,34.23449,31.01612,30.0,30.26549,28.07134,24.33105,25.96151,25.96151,22.84732,20.61553,20.61553,22.67157,17.02939,18.60108,19.41649,17.46425,17.49286,13.60147,14.0,34.71311,37.05401,35.12834,38.01316,40.0125,41.10961,42.42641,46.87217,47.67599,49.0306,50.63596,51.92302,54.57105,56.61272,61.03278,59.80803,62.39391,61.32699,66.70832,66.64833,67.1193,73.82412,67.60178,69.97142,69.46222,69.35416,70.49113,71.02112,68.7968,69.63476,67.1193,69.83552,68.7968,69.64194,68.26419,71.69379,65.76473,69.35416,68.54196,69.857,70.68239,72.23573,73.53911,73.38937,70.5762,73.73602,73.05477,72.73239,74.67262,73.38937,72.12489,73.76313,75.58439,72.12489,71.8401,76.89603,70.83784
9.84886,8.94427,8.94427,8.94427,8.544,7.61577,7.61577,7.28011,7.28011,7.28011,7.28011,7.07107,6.08276,6.08276,6.0,6.0,6.0,6.0,6.08276,6.08276,5.09902,6.08276,6.08276,6.08276,6.08276,5.09902,6.08276,6.08276,6.08276,6.08276,6.0,6.0,5.0,5.09902,5.09902,5.09902,5.09902,4.12311,4.47214,4.47214,4.47214,3.60555,3.60555,2.82843,3.60555,2.82843,3.16228,3.16228,3.16228,3.0,3.0,2.23607,64.14047,57.45433,57.24509,54.58938,53.85165,54.12024,50.08992,49.76947,46.23851,47.16991,43.86342,41.4367,43.01163,37.94733,37.69615,39.05125,37.64306,36.34556,33.13608,33.13608,34.36568,34.1321,33.01515,32.0,30.01666,33.01515,33.13608,32.14032,34.0147,34.05877,35.0,33.0,31.14482,32.14032,32.06244,33.06055,30.01666,29.27456,29.83287,30.08322,29.41088,31.95309,25.94224,25.94224,25.55386,24.20744,24.83948,22.47221,19.10497,20.51828,19.23538,18.35756,19.31321,16.76305,19.23538,14.14214,16.49242,32.38827,35.0571,39.05125,40.1995,39.20459,42.57934,43.17407,43.9659,45.60702,46.17359,49.64877,50.56679,54.626,57.77543,60.41523,55.9464,61.7171,61.91123,66.37017,62.68174,64.2028,68.8186,67.00746,68.0147,68.68042,70.17834,72.47068,73.0,68.24954,75.16648,68.24954,73.0,66.8431,68.0147,68.11755,67.00746,66.4003,68.8186,68.00735,69.89278,67.95587,64.49806,70.83078,68.96376,69.64194,69.857,71.11962,71.69379,73.40981,74.09453,73.92564,68.88396,76.66159,70.23532,73.43024,70.49113,69.83552
10.29563,10.29563,10.0,9.43398,8.60233,8.60233,8.60233,8.60233,7.81025,7.81025,7.81025,7.07107,7.07107,7.07107,6.40312,6.40312,7.2111,6.40312,5.83095,5.83095,5.83095,6.7082,5.83095,6.7082,6.7082,6.7082,6.7082,6.7082,7.2111,5.83095,6.40312,7.2111,6.40312,6.40312,5.65685,5.65685,5.65685,5.83095,5.0,4.47214,4.47214,4.47214,4.47214,4.12311,4.12311,4.12311,4.0,4.0,3.0,3.16228,3.16228,2.23607,63.82006,63.51378,63.41136,58.82176,58.00862,53.90733,51.85557,48.16638,50.93133,46.01087,44.55334,45.96738,44.55334,42.52058,40.36087,42.0119,39.11521,37.44329,35.22783,35.35534,36.24914,34.48188,34.9285,34.53983,33.24154,32.89377,36.05551,35.17101,34.17601,34.78505,37.33631,34.48188,36.40055,34.53983,37.33631,34.0147,34.0147,33.83785,33.83785,29.68164,31.89044,31.241,30.41381,26.90725,26.24881,26.07681,26.41969,23.32381,25.29822,19.92486,19.41649,21.09502,20.02498,20.39608,18.24829,17.08801,12.52996,34.20526,37.16181,38.01316,39.82462,42.19005,42.2019,44.82187,45.34314,44.04543,51.62364,50.9902,54.56189,52.40229,55.31727,56.85068,61.22091,64.81512,65.21503,62.96825,65.51336,68.09552,69.83552,71.11962,69.77105,68.8767,68.44706,69.31811,70.26379,72.09022,70.21396,68.44706,69.35416,68.44706,65.76473,67.1193,64.84597,76.8505,61.77378,66.03787,66.57327,67.6757,73.40981,74.4043,73.60027,71.61006,72.34639,74.4043,74.41102,73.87828,77.00649,71.21798,77.46612,74.65253,73.75636,76.6942,72.47068,74.63243
10.04988,10.04988,9.05539,9.05539,9.0,8.0,8.0,8.0,7.0,7.07107,7.07107,7.07107,7.28011,6.32456,6.32456,6.32456,6.32456,5.38516,5.83095,5.83095,5.83095,5.83095,5.83095,5.83095,5.83095,5.83095,5.83095,5.83095,5.83095,5.83095,5.38516,5.38516,5.38516,5.09902,5.09902,5.09902,5.09902,5.0,5.0,4.0,4.12311,4.12311,3.16228,3.16228,3.16228,3.60555,2.82843,2.82843,2.23607,2.23607,2.23607,2.0,66.21178,65.74192,60.92618,58.59181,58.59181,53.7122,50.32892,51.07837,47.53946,46.17359,44.92215,42.37924,43.68066,40.26164,39.05125,41.30375,40.1995,37.05401,37.01351,33.13608,35.12834,32.06244,34.52535,32.06244,33.24154,31.257,32.55764,34.36568,31.57531,32.38827,33.95585,35.69314,35.01428,34.23449,32.14032,33.06055,33.06055,34.05877,33.37664,32.38827,29.42788,26.68333,27.89265,26.57066,27.85678,24.69818,23.60085,22.02272,21.26029,17.69181,18.43909,19.23538,21.0238,18.38478,17.08801,15.0333,16.12452,36.12478,37.01351,37.05401,41.04875,42.19005,43.28972,42.75512,40.60788,47.12749,50.69517,48.08326,54.70832,56.61272,59.13544,62.76942,60.41523,59.94164,64.84597,64.84597,68.7968,66.88797,72.40166,67.42403,66.85058,68.00735,72.62231,73.00685,69.63476,70.0,70.21396,67.6757,68.60029,67.80118,68.60029,68.8186,72.42237,66.28725,68.26419,68.7968,70.71068,68.96376,69.35416,69.35416,74.24284,67.54258,75.15318,73.34848,73.40981,78.79086,76.02631,73.79024,79.30952,77.87811,69.857,75.15318,72.89719,75.13322
11.18034,11.18034,10.19804,10.19804,9.48683,9.48683,8.544,8.544,8.544,8.544,8.544,7.61577,8.06226,8.06226,8.06226,7.2111,7.2111,7.2111,7.2111,6.40312,6.40312,7.07107,6.40312,7.07107,7.07107,7.07107,6.40312,6.40312,6.40312,6.40312,7.2111,6.40312,6.7082,6.7082,6.7082,6.7082,6.32456,6.32456,5.09902,5.09902,5.09902,5.0,5.0,5.0,4.0,4.12311,4.12311,3.16228,3.16228,3.60555,2.82843,2.82843,66.27217,62.28965,61.40033,60.13319,55.14526,58.21512,51.15662,52.61179,48.6621,50.9902,46.87217,45.12206,42.44997,40.5216,40.49691,40.49691,38.48376,37.16181,39.81206,36.71512,40.81666,34.66987,37.21559,33.01515,32.01562,33.28663,34.20526,34.20526,34.65545,34.05877,37.20215,35.0,35.60899,35.80503,35.60899,33.12099,35.35534,35.35534,31.01612,33.61547,29.41088,29.61419,29.42788,26.4764,27.29469,27.07397,26.1725,23.19483,21.37756,22.56103,19.23538,18.35756,17.49286,18.60108,16.27882,14.42221,17.80449,35.4683,36.23534,38.01316,42.05948,43.909,44.28318,44.01136,46.8188,47.53946,47.53946,50.28916,53.75872,56.32051,60.87693,60.20797,58.30952,64.49806,61.07373,67.47592,66.00758,67.00746,68.02941,67.02984,70.02857,69.11584,70.02857,72.1734,72.44308,69.35416,71.34424,66.27217,69.35416,71.34424,67.02984,69.18092,69.35416,67.02984,65.00769,69.02898,68.18358,71.17584,69.18092,72.06247,70.34913,72.44308,73.33485,73.5527,72.00694,75.53807,73.33485,73.5527,75.53807,76.41989,71.84706,74.24284,75.16648,74.24284
9.21954,9.21954,9.48683,8.544,8.544,7.28011,7.61577,7.61577,6.7082,6.7082,6.7082,6.7082,6.40312,5.83095,5.0,6.40312,5.65685,5.0,5.65685,5.65685,5.65685,5.65685,5.65685,5.0,5.0,5.65685,5.65685,5.65685,5.0,5.65685,5.0,5.0,5.0,4.47214,4.47214,4.47214,4.47214,4.12311,4.12311,4.12311,4.0,4.0,4.0,3.16228,3.16228,3.16228,3.16228,3.60555,2.82843,3.60555,3.16228,3.16228,61.84658,65.96969,62.36185,58.82176,59.13544,51.5461,52.55473,49.39636,49.64877,44.77723,44.77723,45.61798,41.18252,40.70626,38.07887,39.11521,38.58756,36.40055,34.82815,37.64306,34.82815,33.94113,31.89044,33.30165,31.241,32.80244,29.69848,31.241,30.80584,32.80244,32.80244,34.82815,33.83785,31.89044,29.73214,30.41381,33.30165,34.65545,31.14482,33.01515,31.06445,27.78489,24.16609,26.40076,22.84732,25.4951,21.58703,22.56103,21.0238,20.22375,20.22375,18.11077,17.88854,17.46425,16.40122,20.51828,16.97056,35.38361,36.12478,37.01351,41.6173,39.66106,43.909,44.77723,47.88528,47.41308,48.8467,51.62364,54.08327,57.24509,57.87055,58.5235,61.13101,64.53681,67.46851,66.4906,66.48308,66.91039,72.56032,73.33485,72.56032,69.26038,72.06247,74.06079,71.11259,70.06426,71.11259,71.11259,69.35416,70.17834,67.36468,70.34913,72.56032,71.56815,68.73136,69.72087,69.63476,68.24954,72.00694,70.0928,73.00685,68.15424,76.53757,73.68175,73.68175,73.68175,78.44743,74.04053,75.96052,74.04053,72.12489,72.53275,75.0,74.63243
10.44031,10.44031,9.48683,9.48683,9.48683,9.48683,8.544,8.544,8.544,7.61577,8.06226,7.2111,7.2111,7.2111,7.2111,6.40312,6.40312,6.40312,6.40312,6.40312,6.40312,5.65685,5.65685,5.65685,5.65685,6.40312,5.65685,5.65685,6.40312,5.65685,6.40312,6.40312,5.83095,5.83095,5.83095,5.83095,5.38516,5.38516,5.38516,5.09902,5.09902,5.0,5.0,5.0,4.12311,4.12311,4.12311,4.47214,3.60555,3.60555,3.60555,2.82843,65.96969,66.21933,60.41523,57.28001,56.921,53.45091,51.5461,53.14132,49.64877,46.84015,44.59821,43.41659,41.67733,41.18252,42.54409,39.96248,37.21559,37.01351,36.40055,36.12478,36.12478,34.82815,33.94113,33.97058,31.1127,34.65545,37.20215,33.01515,31.1127,32.80244,34.65545,35.38361,33.97058,31.89044,33.94113,31.241,31.89044,33.6006,31.38471,31.62278,31.38471,30.46309,27.51363,27.51363,25.70992,24.5153,24.33105,24.02082,22.02272,22.09072,18.97367,19.64688,21.54066,17.46425,17.88854,16.40122,14.86607,35.60899,35.35534,38.20995,40.60788,41.40048,45.48626,45.48626,45.65085,46.52956,47.01064,52.0,55.03635,57.77543,57.00877,63.32456,64.56005,64.19502,66.76077,65.25335,69.2315,68.06614,72.18033,72.00694,70.71068,72.44308,73.97973,72.44308,68.46897,71.25307,72.69113,70.25667,70.45566,69.18092,68.18358,70.45566,68.88396,71.58911,69.2315,68.88396,71.38627,68.88396,71.56815,71.8401,74.46476,68.96376,72.73239,72.42237,74.33034,73.37575,76.844,74.0,73.73602,72.73239,76.92204,76.2168,73.37575,76.65507
10.19804,9.21954,9.05539,9.05539,8.06226,8.06226,8.0,8.0,7.0,7.0,7.07107,7.07107,6.08276,6.08276,6.08276,6.08276,6.32456,6.32456,5.38516,6.32456,5.38516,5.38516,6.32456,5.83095,6.7082,5.83095,6.7082,5.38516,5.38516,6.32456,5.38516,5.38516,5.09902,5.09902,5.09902,5.09902,5.0,5.0,4.12311,4.12311,4.12311,4.12311,3.16228,3.16228,3.60555,2.82843,2.82843,2.82843,2.23607,2.23607,3.0,2.0,64.03124,62.93648,62.0967,57.97413,57.72348,52.63079,50.80354,49.81967,48.83646,47.51842,45.04442,43.10452,43.18565,42.04759,39.0,40.0,38.20995,38.20995,34.36568,35.35534,34.9285,33.54102,32.98485,28.79236,34.48188,31.01612,30.46309,32.31099,33.24154,34.0147,35.34119,33.24154,35.1141,34.78505,33.73426,34.20526,30.59412,32.38827,34.36568,30.01666,29.06888,29.0,28.16026,27.29469,26.30589,26.24881,23.4094,23.4094,24.69818,22.80351,19.41649,21.2132,17.02939,18.86796,17.0,18.38478,14.0,32.98485,34.71311,37.33631,39.11521,39.01282,42.10701,43.18565,44.04543,47.26521,47.38143,49.49747,53.36666,54.91812,56.08921,56.04463,61.03278,61.98387,64.2573,64.62198,65.9242,63.69458,70.26379,69.77105,70.3278,69.35416,69.35416,69.83552,68.47627,72.06941,70.71068,67.60178,70.23532,69.35416,67.08204,71.11259,68.42514,71.17584,69.857,65.9242,67.23095,70.5195,69.89278,70.21396,71.8401,72.27724,74.95332,69.64194,75.43209,72.56721,75.69016,74.2159,73.76313,75.43209,75.43209,73.97973,72.8011,73.76313
10.44031,9.21954,9.48683,8.544,8.544,8.24621,7.61577,7.61577,7.61577,6.7082,6.7082,6.7082,5.83095,6.40312,5.83095,5.83095,6.40312,5.65685,5.65685,5.65685,5.65685,5.65685,5.65685,5.0,5.0,5.0,5.65685,5.65685,5.65685,5.65685,5.65685,5.0,5.0,5.0,5.0,4.47214,4.47214,4.47214,4.12311,4.12311,4.0,4.0,4.0,4.12311,3.16228,3.16228,3.60555,3.60555,2.82843,2.82843,3.60555,3.16228,64.62971,59.4138,61.52235,59.68249,58.69412,52.61179,49.81967,51.1957,46.87217,49.64877,47.53946,41.10961,42.72002,39.84972,39.56008,39.56008,39.81206,37.12142,35.77709,34.48188,35.22783,33.6006,31.89044,32.80244,30.4795,32.01562,34.82815,33.24154,35.38361,36.79674,34.05877,36.12478,31.40064,34.82815,32.20248,30.80584,33.12099,32.64966,30.41381,31.01612,29.96665,24.73863,29.12044,29.42788,26.30589,26.1725,22.02272,24.08319,21.58703,19.10497,21.84033,18.38478,18.35756,16.40122,18.38478,16.27882,16.64332,35.4683,37.01351,38.94868,43.38202,39.0,42.54409,43.32436,45.88028,49.0408,48.76474,50.69517,53.36666,56.88585,59.68249,60.82763,62.20129,63.50591,64.12488,66.00758,69.0,68.00735,72.0,72.06247,71.11259,71.44928,72.11103,73.43705,72.44308,69.35416,71.34424,70.06426,71.34424,70.34913,70.17834,72.02777,72.00694,69.02898,67.0,66.0,69.02898,71.25307,71.17584,70.5762,68.593,74.54529,71.02112,75.66373,73.68175,76.11833,71.56815,73.43705,78.77182,76.53104,71.56815,74.8131,76.23647,72.83543
11.18034,9.84886,9.84886,9.84886,8.94427,8.544,9.48683,8.544,8.24621,8.24621,8.24621,7.07107,7.07107,7.07107,7.07107,7.0,7.0,7.0,7.0,7.0,7.0,7.07107,7.0,7.07107,7.07107,7.0,7.07107,7.0,7.0,7.0,6.0,6.0,6.08276,6.08276,6.08276,6.08276,5.38516,5.38516,5.38516,5.38516,4.47214,4.47214,4.47214,3.60555,3.60555,3.60555,3.60555,3.60555,3.16228,3.16228,2.0,2.0,65.51336,61.40033,61.40033,62.76942,57.80138,55.47071,55.47071,51.47815,48.30114,47.16991,47.53946,44.59821,41.48494,42.72002,42.72002,39.29377,41.48494,38.83298,35.51056,35.35534,38.0526,34.05877,35.0,34.0147,33.01515,32.01562,36.05551,34.23449,33.01515,36.05551,35.01428,36.05551,34.0,37.0,34.0147,32.06244,37.12142,34.36568,33.24154,32.28002,28.86174,32.01562,27.313,29.06888,27.45906,23.70654,23.32381,24.08319,24.04163,22.02272,18.35756,21.63331,16.55295,14.31782,17.26268,16.0,15.52417,33.13608,36.0,39.11521,38.47077,42.57934,42.2019,40.79216,42.44997,47.43416,48.70318,50.92151,51.62364,54.12947,56.82429,59.94164,58.66856,60.53924,61.29437,63.28507,66.0303,65.80274,72.20111,68.41053,70.29225,70.0928,70.29225,70.03571,68.62215,67.26812,70.76722,69.42622,72.13876,67.26812,68.62215,71.70077,69.6563,71.21798,67.62396,68.60029,67.20119,69.40461,69.33974,71.28113,70.83078,69.46222,75.66373,72.56032,75.15318,74.70609,75.29276,71.19691,75.591,70.83078,74.30343,74.43118,72.71864,75.591
10.0,10.0,9.21954,9.21954,8.60233,8.60233,8.06226,8.06226,7.2111,6.7082,6.7082,6.7082,6.7082,6.32456,6.32456,6.32456,6.32456,5.38516,6.08276,5.09902,5.09902,6.08276,6.08276,5.09902,6.08276,6.08276,6.08276,6.08276,6.08276,6.08276,5.09902,5.38516,5.38516,5.38516,5.83095,4.47214,5.0,5.0,4.24264,4.24264,5.0,4.24264,3.60555,4.47214,4.47214,4.12311,4.12311,4.0,3.0,3.0,3.16228,3.16228,63.60031,60.60528,61.7171,57.62812,56.72742,53.03772,50.9902,52.34501,48.16638,46.66905,44.55334,44.04543,41.86884,39.69887,39.20459,38.27532,38.83298,37.44329,38.07887,35.35534,33.54102,30.8707,33.10589,31.32092,32.69557,31.32092,31.62278,34.53983,34.9285,32.75668,34.9285,34.17601,32.57299,34.78505,31.7805,33.54102,31.30495,32.44996,33.61547,33.01515,29.83287,29.06888,26.1725,27.58623,24.08319,25.23886,24.69818,23.70654,23.76973,20.88061,20.88061,19.10497,19.0,16.27882,15.13275,17.88854,16.12452,35.69314,37.0,37.69615,40.31129,42.05948,40.81666,42.72002,44.40721,48.01042,46.2277,50.44799,52.40229,54.67175,57.28001,60.82763,60.20797,63.78087,63.25346,63.89053,65.60488,66.61081,69.33974,69.33974,72.11103,71.02112,72.40166,71.69379,71.58911,67.74216,73.06162,67.60178,71.34424,71.58911,69.46222,68.47627,68.7968,67.42403,69.06519,68.00735,69.81404,73.00685,71.06335,72.34639,70.93659,70.29225,71.44928,74.41102,74.27651,75.74299,70.93659,72.91776,72.24957,76.48529,70.76722,74.41102,77.62087,72.86288
10.44031,10.77033,9.48683,9.48683,9.48683,8.544,8.544,8.06226,7.61577,8.06226,8.06226,7.2111,7.2111,6.7082,6.40312,6.40312,6.40312,6.40312,6.40312,6.40312,5.65685,5.65685,5.65685,5.65685,5.65685,6.40312,6.40312,5.65685,5.65685,6.40312,6.40312,6.40312,5.83095,5.83095,5.83095,5.38516,5.38516,5.38516,5.09902,5.09902,5.09902,5.0,5.0,4.0,4.12311,4.12311,4.12311,4.47214,3.60555,3.60555,3.60555,3.60555,63.07139,65.30697,59.5399,60.83584,55.00909,51.88449,51.0,49.24429,48.37355,49.39636,43.26662,45.0,40.22437,42.43819,38.8973,38.20995,36.06938,36.06938,33.94113,36.23534,35.0,32.01562,33.01515,34.05877,33.83785,33.28663,30.52868,33.12099,30.88689,33.12099,32.20248,34.66987,33.83785,32.75668,33.83785,33.30165,33.30165,29.73214,33.42155,29.0,29.83287,28.6007,28.84441,26.41969,28.17801,22.47221,24.73863,25.0,22.09072,23.0,20.02498,19.41649,19.41649,20.24846,19.31321,19.23538,16.27882,35.35534,36.89173,37.20215,42.0119,41.23106,41.72529,43.84062,45.22168,47.01064,49.64877,51.61395,54.6443,56.30275,57.80138,60.90156,61.77378,60.83584,63.95311,65.55151,65.19202,65.78754,68.35203,68.00735,69.57011,73.76313,72.73239,70.21396,68.68042,70.34202,71.30919,67.44627,70.0928,66.48308,68.68042,66.48308,67.35726,70.5762,69.64194,67.62396,66.70832,68.942,70.77429,70.21396,71.11962,70.68239,75.17978,73.82412,75.17978,73.82412,73.06162,71.58911,73.92564,74.24284,72.44998,73.82412,72.01389,72.49828
10.77033,10.77033,10.77033,9.48683,9.48683,9.48683,9.48683,8.24621,8.24621,8.24621,8.24621,8.06226,8.06226,7.0,7.0,7.0,7.0,7.0,7.0,7.0,6.0,7.07107,7.07107,6.08276,7.07107,6.08276,7.07107,7.07107,6.0,7.0,6.0,6.0,6.0,6.08276,6.08276,6.08276,6.32456,5.38516,5.38516,5.38516,5.38516,5.0,5.0,5.0,4.24264,4.24264,4.24264,3.60555,3.60555,3.16228,3.16228,3.0,64.84597,63.24555,64.19502,54.70832,58.94065,56.75385,50.44799,52.63079,45.12206,49.49747,44.28318,44.40721,42.29657,39.05125,39.31921,41.01219,37.12142,34.05877,37.21559,35.0571,36.34556,33.24154,33.24154,35.69314,35.44009,34.20526,30.41381,34.48188,33.83785,34.78505,32.55764,36.67424,31.04835,35.73514,30.80584,35.35534,34.36568,33.37664,33.0,30.0,29.27456,27.45906,28.16026,29.83287,30.08322,25.63201,24.59675,23.85372,20.61553,20.0,21.2132,17.69181,20.80865,18.35756,17.0,16.49242,16.03122,33.24154,37.36308,36.67424,42.75512,39.20459,43.10452,43.01163,45.09989,46.09772,47.09565,49.36598,53.46027,54.45181,57.70615,61.61169,59.90826,66.09841,61.40033,67.05222,65.19202,68.35203,69.89278,66.30988,69.35416,69.35416,69.35416,69.77105,73.79024,64.07808,72.89719,64.84597,72.44998,68.42514,68.942,68.942,65.79514,65.55151,67.23095,67.06713,70.2282,73.05477,64.84597,73.08215,67.44627,71.8401,69.42622,70.83078,73.97973,73.97973,69.857,73.00685,74.95332,77.88453,68.00735,73.76313,75.69016,70.34202
11.0,10.0,10.0,10.0,9.0,9.0,9.05539,8.06226,8.06226,8.06226,8.06226,8.24621,7.28011,7.28011,7.28011,7.28011,7.61577,6.7082,6.7082,6.7082,6.7082,6.7082,6.7082,6.7082,6.7082,6.7082,6.7082,6.7082,6.7082,6.7082,6.7082,6.32456,6.32456,6.32456,6.08276,6.08276,6.08276,5.0,5.0,5.0,5.0,4.12311,5.09902,4.12311,4.12311,3.16228,3.60555,3.60555,3.60555,2.82843,2.82843,2.23607,65.9242,61.81424,58.69412,57.42822,57.55867,53.46027,49.64877,50.15974,48.16638,49.0408,45.0,46.0,43.10452,41.01219,38.01316,41.4367,39.31921,34.23449,35.69314,37.36308,34.48188,36.40055,34.53983,31.95309,33.61547,33.54102,34.9285,35.34119,33.61547,34.0147,36.67424,34.53983,34.43835,34.17601,32.01562,31.04835,32.28002,33.95585,31.40064,30.06659,28.28427,29.06888,29.15476,28.07134,25.17936,25.70992,24.69818,25.63201,23.25941,20.12461,21.9545,17.02939,18.60108,16.27882,16.12452,17.0,13.34166,34.48188,34.9285,36.05551,40.80441,38.8973,39.81206,42.75512,44.72136,45.17743,46.09772,49.0408,54.00926,54.00926,58.13777,59.0,56.56854,62.39391,61.66036,63.78871,66.70832,64.93843,67.91171,66.48308,67.72001,66.12866,68.96376,70.5195,70.83784,68.62215,68.62215,67.41662,67.05222,67.6757,66.76077,69.64194,66.48308,63.06346,67.91171,63.78871,68.24954,70.61161,67.08204,69.58448,68.73136,71.56815,71.44928,70.45566,67.36468,73.17103,67.47592,71.70077,71.70077,74.8131,70.5762,73.97973,73.97973,68.35934
10.81665,10.29563,9.43398,9.43398,8.60233,8.60233,8.60233,7.81025,7.81025,7.81025,7.07107,7.07107,6.40312,6.40312,6.40312,6.40312,5.83095,5.83095,5.83095,5.83095,5.83095,5.83095,5.38516,5.38516,5.38516,5.83095,6.7082,5.83095,5.83095,5.83095,5.0,6.40312,5.65685,5.65685,5.65685,5.65685,5.0,5.0,4.47214,4.47214,4.47214,4.47214,4.12311,4.12311,4.0,4.0,4.0,4.12311,4.12311,3.16228,3.16228,3.60555,64.19502,61.68468,60.00833,55.97321,54.08327,54.42426,53.7122,49.24429,46.09772,46.52956,44.29447,43.04649,43.04649,39.96248,37.44329,37.20215,37.53665,36.87818,37.01351,32.52691,34.71311,35.60899,34.05877,34.20526,32.01562,32.20248,31.06445,35.51056,31.62278,34.66987,30.23243,35.35534,33.28663,31.40064,33.01515,33.24154,34.05877,33.24154,29.73214,29.06888,32.01562,27.80288,29.52965,26.40076,26.57066,24.69818,27.20294,24.5153,23.0,22.0,20.0,19.10497,17.26268,18.38478,18.78829,19.20937,15.6205,32.64966,36.87818,37.53665,39.20459,41.6173,40.22437,43.04649,46.64762,48.30114,49.24429,53.31041,55.54278,58.69412,56.61272,56.04463,62.29767,61.68468,65.0,65.25335,65.51336,68.65858,66.09841,70.5762,70.71068,68.46897,71.17584,68.35934,68.26419,68.11755,70.34913,67.47592,70.34913,68.593,68.35934,69.58448,65.51336,68.44706,67.08204,66.4906,69.857,70.83078,67.72001,72.12489,74.63243,72.11103,73.1642,74.67262,74.46476,72.23573,70.83784,75.27284,74.09453,72.11103,73.53911,71.86793,70.38466,73.38937
10.77033,9.84886,9.84886,8.94427,8.94427,8.94427,8.06226,8.06226,7.2111,8.06226,7.2111,7.81025,6.40312,6.40312,6.40312,6.40312,5.65685,6.40312,6.40312,5.65685,6.40312,6.40312,6.40312,5.83095,5.83095,5.83095,6.40312,6.40312,5.65685,6.40312,5.65685,5.65685,5.65685,5.83095,6.40312,5.83095,5.83095,5.38516,5.38516,5.09902,5.09902,5.09902,4.0,4.0,4.0,4.0,4.12311,4.12311,3.60555,3.60555,3.60555,2.82843,65.25335,59.90826,60.87693,56.32051,55.65968,55.36244,51.5461,51.92302,49.39636,47.42362,43.46263,45.65085,42.48529,41.18252,37.73592,38.94868,38.83298,36.87818,37.20215,35.4683,33.97058,31.1127,32.64966,33.24154,31.82766,33.24154,29.83287,32.80244,35.38361,31.62278,35.51056,35.60899,33.42155,34.82815,33.24154,31.241,36.06938,32.55764,32.01562,30.52868,32.44996,29.52965,26.92582,26.92582,25.0,23.34524,21.37756,22.36068,21.09502,21.09502,21.2132,19.41649,20.24846,19.72308,17.20465,19.84943,15.55635,36.12478,36.06938,36.12478,43.60046,40.81666,41.34005,44.72136,46.06517,46.61545,47.41308,51.07837,50.32892,56.0803,57.87055,60.72891,57.72348,62.64184,63.56099,64.03124,67.60178,66.70832,72.33948,69.72087,69.26038,71.25307,72.33948,70.45566,71.17584,69.02898,68.06614,67.18631,69.11584,67.18631,68.18358,67.36468,67.36468,67.74216,68.73136,66.28725,70.40597,71.38627,70.61161,71.80529,72.53275,69.26038,68.96376,71.8401,72.42237,75.61085,71.47027,73.68175,74.63243,75.89466,69.92138,70.83784,74.72617,72.53275
10.04988,10.04988,10.0,9.0,9.0,9.0,9.0,8.0,8.06226,8.06226,7.07107,7.07107,7.28011,7.28011,7.28011,7.28011,6.32456,6.32456,6.7082,6.7082,6.7082,6.7082,6.7082,6.7082,6.7082,6.7082,6.7082,6.32456,6.7082,6.32456,6.32456,6.32456,6.32456,6.08276,6.08276,6.08276,6.0,5.0,5.0,5.0,5.09902,5.09902,4.12311,4.12311,4.12311,3.16228,3.60555,3.60555,2.82843,2.82843,2.23607,2.23607,68.88396,61.84658,61.39218,59.03389,57.07013,54.12947,51.62364,51.97115,46.52956,51.62364,47.09565,44.28318,44.01136,42.0,38.01316,42.29657,38.20995,35.12834,35.51056,38.83298,37.85499,35.90265,37.0,35.44009,35.1141,32.57299,35.1141,34.53983,31.7805,36.76955,35.1141,33.83785,33.95585,32.69557,33.83785,35.17101,34.71311,34.71311,31.40064,33.13608,32.06244,28.0,29.15476,27.16616,24.08319,27.89265,25.0,22.47221,25.55386,22.47221,18.02776,20.61553,17.69181,19.20937,15.26434,15.65248,13.15295,35.1141,35.44009,38.07887,41.4367,41.04875,41.10961,44.0,44.10215,45.09989,50.48762,51.24451,52.95281,56.7186,55.7315,59.22837,58.46366,62.0967,65.45991,64.51356,67.6757,67.23095,69.07966,67.1193,73.00685,70.66116,69.77105,69.31811,68.0,68.8767,71.55418,70.68239,71.55418,69.35416,68.44706,69.857,64.4748,66.48308,66.7308,66.12866,70.2282,69.57011,71.16881,72.53275,69.12308,69.857,75.70997,74.72617,71.19691,72.78049,75.43209,72.36712,74.73286,74.95332,74.73286,71.80529,73.97973,73.97973
10.0,10.0,9.21954,9.21954,9.21954,8.48528,8.48528,8.48528,8.48528,7.07107,7.07107,7.07107,6.40312,6.40312,6.40312,5.83095,5.83095,5.83095,5.83095,5.83095,5.83095,5.38516,5.38516,5.38516,5.38516,5.38516,5.38516,5.38516,5.83095,5.83095,5.83095,5.83095,5.83095,5.0,5.0,5.65685,5.65685,5.0,5.0,4.47214,4.47214,4.47214,4.47214,4.12311,4.12311,4.0,4.0,4.0,3.0,4.12311,3.16228,3.60555,65.73431,61.85467,61.07373,60.959,55.31727,53.15073,50.93133,52.49762,48.83646,48.79549,46.01087,43.18565,44.68781,41.23106,36.23534,38.27532,38.60052,38.07887,35.8469,34.43835,36.40055,32.69557,33.83785,30.46309,31.01612,34.17601,32.75668,32.98485,35.17101,35.17101,32.57299,33.73426,34.48188,33.10589,35.1141,34.9285,33.61547,33.12099,30.41381,29.15476,31.62278,29.06888,26.90725,27.65863,25.4951,24.08319,26.41969,23.76973,21.93171,20.61553,18.68154,20.61553,19.23538,20.0,17.02939,17.08801,17.08801,33.54102,36.67424,38.94868,40.22437,40.80441,43.41659,44.68781,46.01087,48.10405,49.49747,53.07542,55.31727,58.13777,59.20304,59.81639,61.29437,67.1193,65.19202,68.26419,67.60178,66.7308,69.35416,69.77822,72.91776,68.54196,72.91776,71.17584,71.17584,70.21396,72.09022,67.54258,71.55418,68.942,67.1193,68.44706,69.31811,68.09552,68.96376,68.96376,69.11584,71.86793,70.49113,71.84706,70.60453,71.21798,74.8131,74.8131,73.66139,77.33693,73.81734,72.62231,78.24321,74.65253,75.16648,75.9276,76.02631,73.40981
11.0,10.0,10.04988,10.04988,9.0,9.05539,9.05539,8.06226,8.06226,8.06226,7.28011,7.28011,7.28011,7.28011,6.32456,6.32456,6.32456,6.7082,6.7082,6.7082,6.7082,6.7082,6.7082,5.83095,6.7082,5.83095,6.7082,6.7082,6.7082,6.7082,6.32456,6.32456,6.32456,6.08276,6.08276,6.08276,5.09902,6.0,5.0,5.09902,5.09902,5.09902,4.12311,4.12311,4.47214,4.47214,3.60555,4.24264,4.24264,4.24264,3.60555,3.60555,63.03174,62.03225,60.0,58.03447,56.0803,55.03635,54.03702,50.03998,47.04253,49.09175,44.10215,42.29657,38.47077,37.48333,39.45884,40.26164,37.36308,35.73514,38.27532,35.1141,33.24154,33.52611,34.48188,31.7805,34.0,34.88553,34.48188,33.12099,32.24903,32.75668,33.12099,34.0,34.88553,34.0,31.30495,31.7805,29.73214,31.95309,30.80584,30.26549,31.57531,30.14963,28.0,28.01785,27.16616,24.33105,24.04163,21.84033,20.61553,18.78829,20.12461,21.40093,20.51828,16.27882,17.80449,14.76482,13.0,35.38361,35.60899,36.89173,40.24922,41.14608,43.38202,43.46263,46.8188,47.12749,48.76474,50.44799,55.31727,54.34151,57.07013,61.81424,60.20797,65.12296,62.03225,66.1211,67.06713,66.1211,70.06426,66.1211,67.1193,70.45566,71.34424,70.71068,71.44928,66.61081,71.02112,67.47592,67.36468,69.72087,67.74216,67.26812,68.35934,68.26419,70.0,67.02984,69.06519,71.00704,68.02941,68.00735,70.17834,72.02777,72.00694,73.06162,71.02816,75.16648,73.02739,74.06079,74.02702,75.00667,72.1734,74.02702,73.00685,76.05919
11.0,11.0,10.0,10.0,9.0,9.05539,8.06226,8.06226,8.06226,7.07107,7.07107,7.07107,7.28011,7.28011,7.28011,6.32456,6.32456,6.7082,6.7082,6.7082,5.83095,6.7082,6.7082,5.83095,5.83095,5.83095,5.83095,6.7082,6.7082,6.7082,6.7082,6.32456,6.32456,6.32456,6.08276,6.08276,6.08276,5.0,5.0,5.0,5.09902,5.09902,5.09902,4.12311,4.47214,4.47214,4.47214,3.60555,4.24264,3.60555,3.60555,3.60555,66.37017,66.27217,58.07753,58.07753,62.03225,54.08327,54.00926,49.0408,52.08647,49.0102,48.01042,48.16638,41.30375,44.55334,41.30375,41.59327,37.65634,35.73514,36.13862,37.94733,34.9285,35.8469,34.0147,33.54102,35.35534,35.35534,34.98571,34.48188,35.51056,34.98571,33.61547,32.75668,34.1321,31.90611,35.35534,32.20248,33.61547,31.38471,36.68787,32.57299,33.95585,28.28427,31.257,28.0,26.01922,28.16026,22.80351,22.36068,21.84033,21.58703,21.47091,21.9545,19.84943,20.51828,15.55635,15.81139,17.46425,36.40055,36.68787,38.32754,40.26164,41.0,42.42641,45.09989,43.18565,49.09175,50.01,53.15073,53.08484,57.21888,60.53098,57.31492,63.15061,61.81424,65.96969,61.39218,67.44627,69.64194,67.72001,70.5195,72.42237,70.83784,74.63243,71.30919,68.00735,71.51224,69.46222,70.83784,66.40783,71.51224,72.12489,69.37579,69.57011,69.64194,70.34202,70.83078,68.24954,70.40597,73.68175,66.61081,73.43705,71.56815,74.43118,73.24616,73.10951,75.10659,77.64664,75.23962,73.24616,74.24284,77.31753,76.32169,73.17103,76.10519
9.89949,9.89949,9.21954,8.48528,8.48528,8.48528,7.81025,7.81025,7.81025,7.2111,7.2111,6.40312,5.83095,5.83095,5.83095,6.7082,5.38516,5.38516,5.38516,5.38516,5.38516,5.38516,5.38516,5.38516,5.09902,5.38516,6.32456,5.38516,5.38516,5.38516,5.38516,5.83095,5.83095,5.0,5.0,5.0,5.0,4.24264,4.24264,5.0,4.47214,4.47214,4.47214,4.12311,4.12311,4.12311,4.0,4.0,3.0,4.12311,3.16228,3.16228,60.20797,62.24147,58.0,58.0,58.0,51.73973,50.24938,47.38143,48.9183,45.45327,43.26662,41.23106,39.82462,41.04875,38.07887,37.44329,35.35534,32.64966,37.12142,34.0147,35.73514,35.4683,33.24154,33.52611,33.52611,32.57299,34.20526,32.98485,33.95585,30.41381,31.57531,32.57299,32.98485,33.83785,31.04835,30.41381,30.8707,30.88689,30.52868,31.62278,31.241,26.40076,26.1725,27.58623,24.20744,24.18677,23.32381,23.70654,22.47221,21.84033,21.37756,19.23538,18.02776,17.0,16.12452,16.55295,16.12452,34.0147,38.11824,38.83298,38.07887,41.97618,42.72002,46.61545,43.82921,47.50789,48.76474,51.89412,53.0,59.36329,58.00862,58.24946,59.20304,62.00806,62.482,63.78087,67.17887,66.46804,69.31089,68.0147,70.0928,70.93659,70.29225,68.88396,69.81404,70.43437,71.06335,68.41053,67.62396,69.2026,67.62396,70.43437,68.11755,67.26812,66.48308,62.24147,68.593,70.00714,70.03571,70.72482,68.68042,68.68042,73.75636,68.62215,71.70077,73.66139,72.13876,70.83784,70.17834,72.24957,72.24957,72.24957,72.86288,72.86288
9.48683,9.48683,8.544,8.544,8.544,7.61577,8.06226,8.06226,7.2111,7.2111,7.2111,6.40312,6.40312,6.40312,6.40312,6.40312,6.40312,6.40312,6.40312,6.40312,6.40312,5.83095,5.83095,5.83095,5.83095,5.83095,5.83095,5.83095,6.40312,6.40312,5.65685,5.65685,5.65685,5.65685,5.0,5.0,5.0,4.47214,4.47214,4.47214,4.12311,4.12311,3.16228,3.16228,3.0,3.0,3.0,3.16228,2.23607,2.23607,1.41421,1.41421,60.41523,63.78871,54.12947,55.54278,58.69412,51.66237,53.75872,45.88028,48.38388,42.72002,42.37924,40.31129,41.23106,39.0,39.35734,40.31129,36.71512,38.41875,32.80244,34.4093,34.20526,33.30165,31.89044,32.52691,32.55764,33.97058,31.89044,32.55764,31.1127,34.05877,32.64966,31.14482,32.55764,31.14482,35.4683,31.1127,32.80244,33.01515,31.62278,30.52868,27.78489,26.83282,31.7805,27.73085,24.35159,25.70992,21.37756,21.58703,23.0,20.0,17.72005,16.12452,17.88854,17.88854,15.81139,15.0,14.76482,33.24154,33.01515,38.27532,38.07887,42.95346,40.31129,39.81206,43.86342,44.77723,48.08326,50.96077,50.0,56.04463,54.34151,56.29387,61.18823,60.40695,61.40033,61.40033,63.12686,67.26812,67.02984,68.00735,67.00746,68.00735,69.00725,69.11584,65.12296,68.0,64.03124,68.00735,67.0,66.0303,67.00746,66.0,68.06614,67.06713,66.1211,66.18912,68.35934,64.49806,69.05071,66.91039,71.80529,66.91039,70.83078,72.36712,70.61161,72.53275,71.19691,69.42622,70.83078,71.58911,72.27724,74.52516,72.99315,71.80529
10.44031,10.44031,10.19804,9.21954,9.21954,9.21954,9.21954,9.05539,8.06226,8.06226,8.06226,8.06226,7.0,7.0,7.0,7.0,7.07107,6.08276,6.08276,7.07107,7.07107,7.07107,6.08276,6.08276,7.07107,6.08276,7.07107,7.07107,7.07107,7.07107,7.0,7.0,7.0,6.08276,6.08276,6.08276,6.08276,6.32456,5.38516,5.38516,5.38516,5.0,5.0,5.0,4.24264,4.24264,4.24264,3.60555,3.60555,3.16228,3.16228,3.16228,67.95587,63.51378,61.85467,56.60389,58.5235,58.18075,53.7122,51.97115,48.75449,47.88528,47.01064,45.31004,45.31004,40.8534,41.48494,41.76123,39.05125,35.90265,34.71311,37.10795,35.51056,35.51056,35.01428,34.1321,33.13608,34.0147,33.06055,33.01515,34.05877,35.01428,36.01389,37.01351,37.21559,36.05551,34.23449,33.37664,33.37664,35.35534,32.57299,33.24154,31.7805,31.30495,30.46309,28.6531,27.78489,23.60085,26.24881,24.75884,22.02272,22.47221,22.36068,22.47221,18.24829,20.02498,18.11077,18.11077,17.46425,35.22783,38.20995,37.0,43.01163,41.19466,44.72136,43.41659,45.60702,50.28916,45.60702,51.5461,53.75872,58.18935,60.16644,60.00833,57.3062,63.95311,64.00781,66.24198,67.95587,68.7968,73.81734,68.24222,69.81404,69.02898,70.43437,72.47068,72.47068,68.0147,73.10951,68.11755,70.29225,68.76772,72.62231,71.06335,71.06335,70.0,67.1193,70.17834,71.84706,74.88658,71.34424,71.02112,70.71068,73.24616,72.44998,73.92564,72.06941,74.30343,74.79305,75.66373,79.25907,77.17513,73.43024,74.43118,73.57309,75.80237
10.77033,9.48683,9.84886,8.544,8.94427,8.06226,8.06226,8.06226,8.06226,7.2111,7.2111,7.81025,7.2111,6.40312,6.40312,6.40312,6.40312,6.40312,6.40312,6.40312,6.40312,6.40312,5.83095,5.83095,5.83095,5.83095,6.40312,6.40312,6.40312,6.40312,6.40312,5.65685,5.65685,5.65685,5.65685,5.65685,5.0,5.0,4.47214,4.47214,4.47214,4.12311,4.12311,3.16228,3.0,3.0,3.0,3.0,2.23607,2.23607,2.23607,1.41421,64.7611,63.78871,62.36986,54.81788,57.48913,53.16014,52.88667,49.64877,48.10405,46.8188,45.31004,44.59821,45.69464,39.92493,39.92493,40.81666,41.67733,38.27532,38.60052,33.83785,35.80503,33.97058,36.06938,34.65545,33.94113,31.89044,33.30165,33.24154,31.82766,33.97058,34.71311,33.94113,33.30165,37.53665,34.65545,32.01562,36.23534,32.20248,31.06445,32.64966,27.73085,28.23119,27.85678,28.86174,26.24881,24.5153,23.0,25.07987,22.0,20.02498,23.19483,17.46425,19.23538,15.26434,19.10497,16.97056,16.12452,33.42155,32.52691,38.18377,40.45986,41.6173,41.34005,41.34005,46.06517,47.41308,48.33218,51.89412,53.31041,54.626,59.46427,61.68468,58.24088,63.32456,63.06346,65.0,66.28725,67.74216,69.72087,69.87131,68.593,69.06519,70.17834,74.00676,68.06614,70.11419,67.26812,71.11259,71.00704,68.18358,69.06519,70.11419,68.46897,66.61081,67.08204,67.89698,68.88396,71.02112,69.42622,70.83078,71.30919,71.80529,74.46476,73.97973,73.4983,73.4983,71.30919,73.4983,74.72617,74.72617,73.4983,72.27724,72.78049,74.2159
10.44031,10.44031,10.44031,9.48683,9.48683,8.544,8.544,8.544,7.61577,7.61577,7.61577,6.7082,7.2111,6.7082,6.7082,6.40312,6.40312,6.40312,6.40312,6.40312,6.40312,5.65685,5.65685,5.65685,5.65685,5.65685,5.65685,6.40312,6.40312,6.40312,5.83095,5.83095,5.83095,5.83095,5.83095,5.38516,5.38516,5.09902,5.09902,5.09902,5.09902,5.0,5.0,4.0,4.12311,4.12311,4.12311,4.12311,3.60555,3.60555,3.60555,3.60555,67.1193,61.77378,63.63175,62.16912,54.3783,53.0,54.6443,54.91812,46.61545,47.80167,45.80393,45.34314,44.82187,42.52058,38.20995,40.36087,38.60052,35.60899,34.20526,33.83785,34.66987,30.23243,34.43835,31.76476,34.88553,34.0147,32.31099,33.61547,33.54102,33.24154,33.24154,34.17601,30.88689,34.53983,32.20248,32.64966,31.90611,33.83785,33.6006,30.4795,29.0,29.0,29.73214,26.90725,29.41088,25.23886,26.83282,22.47221,22.80351,22.56103,20.39608,23.19483,20.09975,20.22375,16.76305,19.31321,18.35756,34.66987,36.61967,38.18377,41.10961,40.31129,44.82187,43.60046,46.40043,48.01042,48.54894,51.47815,54.20332,56.4358,60.03332,59.03389,61.84658,67.54258,62.64982,70.00714,66.7308,69.26038,69.37579,70.60453,70.21396,72.12489,72.12489,71.30919,73.00685,65.96969,73.4983,67.18631,73.24616,71.80529,71.06335,69.64194,68.96376,69.07966,71.30919,68.15424,68.942,70.68239,68.44706,73.79024,72.00694,75.13322,68.60029,71.69379,75.66373,75.66373,74.43118,76.53757,76.8505,75.80237,73.24616,76.32169,78.39005,72.56032
11.18034,11.18034,10.44031,10.19804,9.21954,9.48683,9.48683,8.24621,8.544,8.544,8.544,7.61577,7.61577,8.06226,7.2111,8.06226,7.2111,7.2111,7.2111,6.40312,6.40312,6.40312,6.40312,7.07107,7.07107,7.07107,7.2111,6.40312,6.40312,7.2111,7.2111,6.40312,6.7082,6.7082,6.32456,6.32456,6.32456,5.38516,5.09902,5.09902,5.09902,5.0,5.0,4.0,4.12311,4.12311,4.12311,3.16228,3.60555,3.60555,2.82843,2.82843,68.35934,61.40033,63.1981,61.40033,55.57877,55.3263,52.61179,53.60037,47.67599,49.64877,49.47727,44.38468,42.72002,40.49691,44.92215,40.31129,38.01316,36.67424,38.07887,38.27532,35.80503,38.07887,36.05551,32.20248,34.66987,34.82815,34.71311,36.12478,36.87818,36.12478,34.71311,34.82815,32.01562,35.80503,36.61967,31.62278,33.61547,31.38471,34.0147,31.95309,32.89377,30.36445,30.36445,26.92582,28.16026,27.01851,25.01999,22.02272,24.08319,22.56103,22.82542,20.88061,18.78829,16.64332,17.80449,15.55635,16.64332,36.23534,35.80503,35.80503,43.26662,41.18252,42.95346,44.38468,47.75982,47.43416,49.33559,52.88667,54.81788,54.91812,59.68249,57.42822,58.69412,65.62012,63.28507,66.0303,66.00758,68.00735,67.26812,68.06614,72.11103,69.18092,69.35416,68.11755,69.18092,68.18358,72.33948,68.18358,72.33948,71.25307,69.46222,69.06519,67.1193,69.02898,72.0,67.02984,69.06519,71.02816,68.11755,72.44308,68.73136,67.18631,76.23647,72.69113,73.97973,74.54529,72.69113,71.84706,72.69113,77.64664,72.69113,74.67262,75.53807,68.88396
10.0,9.43398,9.21954,9.21954,7.81025,7.81025,7.81025,7.07107,7.07107,6.40312,6.40312,7.2111,5.83095,5.83095,5.83095,5.83095,5.83095,5.38516,5.38516,5.38516,5.38516,5.38516,5.38516,5.09902,5.09902,5.38516,5.38516,5.38516,5.38516,5.38516,5.38516,5.38516,5.83095,5.0,5.0,5.0,5.0,4.24264,4.24264,3.60555,3.60555,3.60555,3.16228,3.16228,3.16228,3.0,3.0,3.16228,3.16228,2.23607,2.23607,2.82843,62.76942,66.7308,60.20797,56.0803,57.68882,54.91812,54.6443,50.0,47.01064,46.40043,46.2277,45.34314,43.86342,38.20995,38.18377,38.28838,37.64306,35.4683,34.98571,34.20526,35.8469,36.35932,34.0147,34.17601,31.76476,31.62278,33.54102,33.61547,32.20248,34.0147,37.16181,34.88553,35.34119,32.31099,35.34119,34.48188,29.52965,33.61547,28.6007,29.73214,30.41381,28.3196,26.87006,27.20294,25.6125,23.32381,22.82542,24.16609,22.13594,20.39608,20.09975,18.02776,18.68154,18.0,17.08801,16.64332,18.02776,37.57659,35.8469,41.18252,40.22437,39.69887,42.44997,42.52058,45.25483,49.57822,48.9183,51.22499,55.47071,56.61272,60.74537,58.24946,61.58734,64.14047,67.53518,64.88451,67.1193,66.70832,68.942,68.35203,69.64194,68.62215,71.16881,72.73239,71.16881,72.11103,69.92138,70.93659,69.28925,71.16881,72.23573,70.38466,70.38466,68.942,68.15424,67.97794,72.47068,68.8767,71.58911,71.69379,74.94665,69.83552,72.20111,72.40166,73.78347,75.47185,75.16648,74.09453,74.94665,72.71864,72.94518,72.40166,73.92564,74.43118
9.48683,9.48683,9.48683,8.544,8.544,8.544,7.61577,8.06226,7.61577,7.2111,6.7082,7.2111,7.2111,6.40312,6.40312,6.40312,6.40312,5.65685,5.65685,5.65685,5.65685,5.65685,5.65685,6.40312,5.65685,5.65685,6.40312,5.65685,5.65685,5.65685,5.65685,5.65685,5.0,5.83095,5.83095,5.83095,5.38516,5.38516,5.38516,5.09902,5.09902,5.09902,4.0,4.0,4.0,4.12311,4.12311,4.12311,3.60555,3.60555,3.60555,2.82843,65.49046,62.28965,61.52235,60.29925,57.70615,53.93515,52.7731,52.39275,48.50773,48.76474,45.35416,43.01163,41.76123,41.4367,39.39543,38.47077,40.24922,36.23534,37.58989,33.61547,37.21559,33.6006,35.0,35.22783,32.20248,32.80244,33.24154,35.38361,33.97058,32.55764,34.71311,34.71311,33.97058,33.24154,35.38361,32.80244,33.01515,34.98571,33.10589,31.30495,28.17801,28.23119,28.86174,30.59412,27.45906,28.16026,23.02173,24.02082,22.0,18.43909,22.80351,19.64688,20.24846,16.64332,17.20465,19.20937,20.80865,37.48333,37.80212,36.61967,39.35734,42.54409,42.94182,41.10961,47.43416,47.12749,49.0408,53.16014,55.7853,55.08176,57.48913,59.84146,59.5399,63.50591,61.13101,64.38167,66.18912,67.00746,70.02857,70.00714,71.0,71.11259,72.02777,70.00714,71.34424,69.02898,73.17103,71.06335,69.11584,70.25667,70.02857,72.11103,71.02816,68.00735,68.06614,69.26038,71.25307,74.10803,68.35934,72.56032,70.71068,72.69113,69.35416,67.60178,74.1485,74.8131,77.10383,73.5459,74.95332,77.92946,73.97973,75.31268,74.96666,74.67262
10.81665,10.0,10.0,9.43398,8.60233,9.21954,7.81025,7.81025,7.81025,7.81025,7.81025,7.07107,7.07107,6.40312,6.40312,7.2111,6.40312,6.40312,5.83095,5.83095,5.83095,5.83095,5.83095,5.83095,5.83095,6.7082,5.83095,5.83095,5.83095,5.83095,5.83095,5.83095,5.65685,5.65685,5.65685,5.65685,5.0,5.0,4.47214,4.47214,5.38516,4.47214,4.12311,4.12311,4.0,4.0,4.0,4.12311,4.12311,3.16228,3.60555,3.60555,67.20119,62.00806,62.62587,58.41233,54.56189,50.9902,56.63921,54.56189,51.66237,44.55334,44.55334,43.18565,43.27817,39.82462,40.49691,38.41875,39.40812,39.66106,34.66987,35.34119,35.34119,34.0147,32.89377,35.44009,33.24154,35.4683,33.24154,33.52611,33.83785,32.75668,35.44009,35.44009,34.78505,35.1141,32.69557,32.20248,33.10589,35.77709,32.64966,32.44996,32.80244,30.0,27.65863,25.4951,27.01851,26.07681,23.60085,25.07987,21.0238,22.36068,21.54066,19.92486,20.09975,20.02498,18.11077,17.26268,17.46425,36.24914,36.23534,39.44617,42.2019,43.41659,41.86884,43.93177,46.09772,48.79549,52.3259,51.66237,54.56189,57.80138,59.81639,61.40033,61.85467,63.82006,65.19202,68.26419,68.60029,68.96376,68.47627,71.55418,73.34848,72.09022,72.49828,72.61543,69.07966,68.942,71.30919,70.26379,72.44998,68.02941,72.00694,71.11259,67.53518,65.0,68.09552,68.09552,69.46222,70.45566,73.60027,69.63476,75.60423,72.34639,73.40981,72.47068,73.87828,79.51101,74.20243,73.40981,72.62231,74.8131,74.65253,74.20243,72.34639,72.62231
10.77033,10.77033,10.77033,9.48683,9.48683,9.48683,9.21954,8.24621,8.24621,8.24621,8.24621,8.06226,8.06226,7.07107,7.07107,7.0,7.0,7.0,7.0,7.0,7.0,7.0,7.07107,7.07107,7.0,6.08276,6.0,7.07107,7.0,7.0,6.0,7.0,7.07107,6.08276,6.08276,6.08276,6.32456,5.38516,5.38516,5.83095,5.83095,5.0,5.0,5.0,4.24264,4.24264,4.47214,4.47214,3.16228,3.16228,3.16228,3.0,68.44706,64.40497,60.08328,59.23681,58.18935,52.0,52.81098,50.59644,51.5461,46.17359,45.35416,45.70558,46.69047,42.57934,39.45884,40.31129,37.48333,34.05877,35.01428,36.0,34.36568,37.12142,36.49658,34.52535,34.9285,35.51056,32.98485,33.24154,35.17101,35.17101,35.90265,34.71311,33.37664,34.9285,37.48333,32.14032,32.14032,34.0147,33.01515,32.06244,28.07134,29.42788,29.15476,27.65863,26.68333,26.57066,27.29469,26.41969,22.47221,22.67157,22.67157,21.26029,19.20937,20.24846,17.46425,18.24829,12.04159,35.51056,36.05551,41.01219,40.11234,44.40721,42.95346,44.55334,45.35416,50.44799,49.0408,52.49762,53.14132,55.36244,58.5235,59.61543,61.7414,63.07139,64.88451,65.0,66.64833,69.33974,70.3278,70.21396,70.21396,71.84706,70.60453,72.20111,71.06335,72.42237,71.02816,71.61006,69.33974,68.50547,69.89278,71.34424,71.86793,68.47627,65.8635,68.47627,70.23532,69.77105,71.11259,72.44998,74.32362,70.68239,73.05477,73.1642,72.8011,73.53911,75.27284,75.39231,74.84651,73.73602,70.38466,74.09453,73.1642,73.00685
10.81665,10.0,10.0,9.43398,9.21954,8.60233,7.81025,7.81025,7.81025,7.81025,7.07107,7.07107,7.07107,6.40312,6.40312,6.40312,5.83095,5.83095,5.83095,5.83095,5.83095,5.83095,5.83095,5.38516,5.83095,5.38516,5.83095,5.83095,5.83095,5.83095,5.83095,5.0,5.0,5.65685,5.65685,5.65685,5.0,5.0,4.47214,4.47214,4.47214,4.47214,4.12311,4.12311,4.0,4.0,4.0,4.12311,4.12311,3.16228,3.60555,3.60555,65.80274,64.40497,61.61169,57.80138,57.62812,53.41348,55.31727,51.73973,47.50789,46.8615,45.27693,42.42641,41.7732,42.44997,40.36087,40.0,37.80212,36.40055,34.66987,35.34119,34.88553,35.77709,35.8469,33.83785,33.54102,30.36445,33.52611,36.40055,34.48188,33.52611,34.20526,35.44009,33.24154,34.17601,32.89377,35.8469,33.10589,34.66987,32.75668,32.64966,28.84441,25.6125,27.65863,26.87006,25.6125,23.60085,24.41311,23.32381,21.18962,21.84033,19.64688,20.09975,20.02498,20.22375,17.26268,17.08801,16.64332,37.33631,36.67424,38.01316,39.96248,43.60046,46.09772,43.93177,47.50789,50.32892,50.93133,50.91169,54.56189,55.9017,57.80138,59.03389,60.0,65.80274,63.24555,65.19202,68.26419,68.47627,68.96376,68.88396,69.77822,70.68239,71.55418,71.58911,71.17584,72.01389,69.46222,68.8767,69.77822,72.49828,71.17584,68.44706,69.31811,67.23095,69.46222,67.95587,70.72482,73.78347,70.45566,71.02816,73.4983,72.42237,76.2168,73.60027,73.75636,76.6942,72.34639,75.45197,74.65253,76.6942,76.05919,74.41102,74.8131,72.62231
11.18034,10.29563,10.29563,9.43398,9.43398,9.43398,8.60233,8.60233,8.60233,7.81025,7.81025,7.07107,7.07107,7.07107,7.07107,7.07107,7.2111,6.40312,7.2111,7.2111,7.2111,6.7082,6.7082,6.7082,6.7082,6.7082,7.2111,7.2111,7.2111,6.40312,6.40312,6.40312,6.40312,6.40312,6.40312,5.65685,6.40312,5.83095,5.83095,5.83095,5.38516,5.38516,4.47214,4.12311,4.12311,4.12311,4.0,4.0,4.0,3.16228,3.16228,2.23607,67.05222,65.55151,62.64982,58.69412,58.30952,56.64804,53.23533,54.12947,47.88528,49.73932,46.95743,44.94441,43.41659,38.94868,41.23106,38.94868,36.87818,36.06938,36.79674,36.06938,37.53665,37.53665,32.80244,33.6006,30.4795,33.42155,33.83785,33.61547,35.22783,34.66987,32.75668,32.80244,32.64966,36.61967,34.4093,31.89044,35.4683,33.24154,34.82815,31.62278,32.20248,31.06445,30.52868,26.40076,26.0,26.92582,26.24881,24.33105,21.2132,23.08679,21.0,19.10497,19.41649,19.92486,17.0,18.02776,16.27882,32.24903,35.22783,38.28838,38.8973,40.31129,41.86884,43.82921,43.01163,49.09175,49.09175,49.92995,54.20332,54.20332,59.03389,57.24509,61.7414,64.88451,65.19202,65.19202,70.5195,66.76077,71.38627,68.15424,68.15424,69.42622,71.58911,69.42622,70.21396,68.44706,71.38627,67.68309,68.88396,69.05071,67.08204,66.09841,67.46851,71.56815,67.35726,68.00735,68.00735,69.89278,69.28925,72.8011,70.93659,68.15424,71.17584,70.83784,71.30919,74.32362,74.73286,71.11259,73.34848,75.6439,71.69379,73.82412,73.1642,75.02666
9.89949,9.89949,9.89949,8.48528,9.21954,8.48528,7.81025,7.81025,7.2111,7.2111,7.2111,7.2111,6.7082,6.7082,5.83095,6.32456,5.38516,5.38516,5.38516,5.38516,5.38516,5.09902,5.09902,5.09902,5.09902,5.09902,6.08276,6.08276,5.38516,6.32456,5.38516,5.38516,5.38516,5.38516,5.83095,5.0,5.0,5.0,4.24264,4.24264,4.24264,3.60555,4.47214,4.47214,4.12311,4.12311,4.12311,3.0,4.0,4.0,3.16228,3.16228,64.40497,60.80296,60.60528,57.68882,56.30275,54.3783,52.15362,52.15362,46.64762,47.42362,45.18849,45.61798,39.56008,38.62642,41.78516,37.33631,38.62642,33.95585,34.20526,31.7805,33.06055,31.257,32.0,36.01389,31.01612,33.0,34.0147,35.01428,33.01515,30.06659,33.0,34.05877,31.06445,35.0,31.01612,35.12834,32.75668,33.54102,33.13608,28.86174,30.36445,29.41088,26.83282,25.05993,25.4951,26.62705,27.20294,20.51828,24.04163,19.84943,20.80865,17.88854,18.78829,18.78829,17.11724,19.0,16.12452,32.75668,35.44009,37.10795,38.27532,46.06517,42.48529,43.82921,45.61798,46.95743,47.16991,49.64877,52.43091,58.41233,58.13777,59.03389,59.46427,65.29931,64.38167,65.76473,67.88225,70.03571,67.20863,69.35416,71.70077,71.02816,70.43437,69.02898,69.52697,68.76772,70.43437,68.76772,71.8401,70.17834,65.79514,69.42622,66.52819,65.11528,69.29646,66.6033,68.62215,67.35726,70.43437,69.42622,71.21798,69.52697,72.40166,71.02816,73.4983,72.11103,71.21798,73.81734,73.4983,74.4043,71.84706,72.8011,73.00685,69.63476
10.77033,10.77033,9.48683,9.48683,9.48683,9.21954,8.24621,8.24621,8.24621,8.24621,7.07107,7.07107,7.07107,7.0,7.0,7.0,6.0,6.0,6.08276,6.08276,6.08276,6.08276,6.08276,6.08276,6.08276,6.08276,6.08276,6.08276,6.08276,6.08276,6.0,6.0,6.0,6.0,6.08276,6.08276,6.08276,5.09902,5.38516,5.38516,5.38516,4.47214,4.47214,4.47214,4.24264,4.24264,4.24264,4.24264,3.60555,3.60555,3.16228,3.16228,65.30697,57.77543,59.80803,57.00877,57.38467,56.0803,51.26402,50.92151,47.43416,47.12749,42.95346,42.95346,43.93177,38.07887,41.30375,36.49658,38.01316,38.0,40.0125,34.0,37.21559,33.01515,34.23449,35.22783,31.7805,34.36568,32.75668,32.01562,34.20526,32.98485,33.37664,35.17101,33.37664,33.73426,32.01562,33.06055,34.23449,33.01515,33.01515,31.257,28.44293,28.28427,27.29469,27.89265,27.313,26.83282,24.18677,22.82542,21.09502,19.10497,20.51828,19.84943,19.10497,17.20465,17.08801,15.29706,16.03122,31.40064,35.0571,35.01428,39.11521,38.0526,42.57934,42.2019,43.93177,46.57252,46.32494,48.76474,53.75872,56.30275,58.82176,59.80803,57.27128,61.7414,59.94164,65.29931,66.64833,66.7308,66.88797,65.73431,66.57327,68.00735,70.0,67.80118,70.45566,67.20119,71.21798,68.24222,68.8186,67.42403,64.66065,67.41662,64.49806,63.63175,65.0,65.29931,67.53518,68.42514,70.26379,69.35416,67.23095,68.54196,73.1642,70.00714,67.77905,73.38937,70.00714,73.73602,76.32169,77.25283,68.00735,70.83784,74.0,72.8011
10.44031,9.48683,9.21954,8.24621,8.24621,8.24621,8.06226,8.06226,7.07107,7.07107,7.0,7.0,6.0,6.0,6.0,6.0,6.08276,6.08276,5.09902,5.09902,5.09902,5.09902,5.09902,5.38516,5.38516,5.38516,5.38516,5.09902,5.09902,5.09902,5.09902,5.09902,5.0,5.0,5.0,5.09902,5.09902,4.12311,4.12311,4.12311,4.47214,3.60555,3.60555,3.60555,3.60555,3.60555,3.60555,3.60555,3.16228,3.16228,3.0,3.0,61.7171,59.94164,62.39391,56.85948,57.58472,53.75872,51.86521,49.0408,46.84015,40.26164,46.57252,43.93177,41.23106,36.67424,38.20995,40.11234,37.0,36.0,36.12478,35.0571,33.24154,32.24903,29.61419,29.61419,31.7805,34.52535,32.75668,29.12044,32.01562,35.17101,33.24154,34.48188,32.75668,32.75668,34.71311,30.06659,32.06244,31.14482,32.01562,31.0,29.27456,27.16616,27.29469,27.65863,25.29822,26.40076,24.59675,24.59675,18.60108,22.2036,22.02272,18.43909,19.20937,18.86796,18.38478,17.46425,15.13275,36.12478,34.1321,38.01316,39.31921,43.56604,40.4475,42.2019,45.12206,47.80167,49.0408,54.08327,53.14132,54.08327,58.69412,57.77543,59.48109,62.64982,65.74192,61.40033,69.11584,68.60029,71.28113,68.24222,69.63476,70.0,69.2026,70.60453,69.2026,70.0,67.80118,72.42237,68.00735,66.0303,68.8186,70.21396,71.28113,67.23095,69.83552,68.09552,71.58911,71.58911,70.21396,66.21178,74.32362,68.942,73.82412,71.17584,69.64194,73.92564,74.46476,74.09453,76.2168,75.96052,72.8011,74.24958,73.92564,70.26379
10.77033,10.77033,10.77033,9.84886,9.48683,9.48683,9.48683,8.24621,8.24621,8.24621,8.24621,8.24621,7.07107,7.07107,7.07107,7.0,7.0,7.0,7.0,7.0,7.0,6.08276,6.0,6.08276,6.08276,7.07107,6.08276,6.0,6.0,6.0,7.0,6.0,7.07107,6.08276,6.08276,6.08276,6.08276,5.38516,5.38516,5.38516,4.47214,5.0,5.0,5.0,4.24264,4.24264,4.24264,3.60555,3.60555,3.16228,3.16228,3.16228,62.42596,60.20797,62.76942,57.45433,58.30952,52.83938,50.9902,50.56679,49.64877,46.51881,45.31004,44.38468,42.37924,41.78516,41.14608,36.68787,40.02499,36.67424,35.22783,37.33631,38.32754,33.54102,35.0571,34.0,35.01428,35.35534,32.06244,33.06055,36.01389,35.0571,34.1321,35.01428,33.01515,32.0,32.24903,34.1321,32.06244,34.52535,29.83287,28.63564,30.67572,30.8707,31.01612,27.29469,28.01785,22.82542,26.40076,24.75884,23.34524,21.2132,19.41649,19.72308,22.36068,19.31321,18.24829,17.0,15.0,36.22154,36.01389,37.0,39.05125,42.10701,41.59327,43.41659,44.64303,47.80167,47.12749,48.46648,51.47815,54.23099,57.24509,58.13777,61.29437,60.41523,63.28507,65.19202,63.00794,66.0303,68.8186,67.00746,70.93659,69.42622,69.42622,70.29225,68.593,68.76772,72.91776,67.20863,67.35726,69.6563,68.41053,69.02898,67.20119,65.0,66.0303,68.8186,69.63476,69.33974,68.60029,67.74216,71.86793,69.97142,68.47627,70.23532,71.58911,72.94518,74.30343,70.3278,73.79024,72.06941,75.17978,74.70609,72.56032,70.3278
10.29563,9.43398,9.43398,9.43398,8.06226,8.94427,8.544,7.61577,7.61577,7.28011,7.28011,7.28011,7.28011,7.28011,7.07107,6.08276,7.07107,6.08276,6.0,6.0,6.0,6.0,6.0,6.0,6.0,7.0,6.0,6.0,7.0,6.0,6.08276,6.08276,6.08276,6.08276,5.09902,5.09902,5.38516,4.47214,4.47214,4.47214,4.47214,4.24264,3.60555,3.60555,3.60555,3.60555,3.60555,3.16228,3.16228,2.0,2.0,2.0,63.70243,64.3506,60.10824,60.20797,58.0517,58.0,50.32892,51.66237,49.81967,47.63402,44.10215,46.04346,41.88078,41.34005,38.94868,37.58989,38.07887,40.31129,37.33631,34.43835,35.4683,35.17101,34.9285,34.48188,32.01562,30.41381,34.23449,32.55764,33.95585,34.23449,34.23449,36.67424,33.37664,33.95585,32.75668,34.53983,33.52611,31.95309,33.61547,29.96665,30.52868,30.01666,29.20616,28.01785,27.58623,24.04163,22.80351,21.40093,23.32381,19.23538,18.02776,20.24846,17.26268,17.02939,17.02939,17.46425,13.92839,35.69314,36.05551,37.33631,38.91015,40.24922,40.81666,42.43819,44.94441,44.41846,44.20407,49.57822,52.49762,57.31492,58.0,59.4138,62.24147,65.11528,63.89053,63.12686,66.8431,68.00735,67.42403,68.24222,67.23095,69.11584,69.97142,73.06162,73.06162,68.09552,72.20111,68.26419,68.96376,67.74216,68.96376,67.74216,70.72482,67.42403,69.40461,67.20119,68.60029,71.21798,69.35416,69.42622,70.03571,70.0928,71.50524,70.00714,73.53911,77.07788,72.86288,70.76722,75.74299,74.96666,70.0928,74.27651,73.59348,70.72482
10.04988,9.05539,9.05539,9.05539,8.06226,8.06226,8.0,7.0,7.0,7.0,7.0,7.07107,6.08276,6.08276,6.08276,6.08276,6.32456,5.38516,5.38516,5.38516,5.38516,5.38516,5.38516,5.83095,5.38516,5.38516,5.83095,5.83095,5.38516,5.38516,5.38516,5.38516,5.09902,5.09902,5.09902,5.09902,5.0,5.0,4.12311,4.12311,4.12311,4.12311,4.47214,3.60555,3.60555,3.60555,3.60555,3.60555,3.60555,3.16228,3.16228,3.0,64.13267,61.0,60.67125,60.20797,54.00926,52.46904,49.25444,52.0,49.0408,50.15974,47.0,43.04649,43.41659,41.19466,41.30375,39.81206,33.73426,36.40055,35.34119,36.05551,35.1141,30.46309,33.10589,33.61547,31.30495,35.51056,34.66987,32.24903,32.75668,35.80503,34.66987,34.98571,32.44996,33.28663,34.9285,30.88689,34.53983,30.8707,32.28002,30.36445,30.08322,29.12044,28.28427,27.45906,27.01851,26.07681,23.34524,20.09975,19.92486,21.54066,22.36068,19.84943,18.43909,17.80449,14.14214,15.81139,15.52417,35.17101,32.55764,36.22154,40.11234,42.0,43.0,46.01087,45.04442,49.09175,50.24938,54.45181,57.87055,56.08921,59.22837,60.41523,59.90826,64.03124,65.14599,69.89278,69.64194,68.35203,71.86793,70.00714,72.09022,70.21396,69.35416,68.942,72.91776,69.35416,73.00685,71.30919,71.17584,69.35416,66.30988,69.07966,68.70953,71.7844,71.56815,69.26038,71.06335,70.83078,73.00685,72.56721,72.56721,73.5459,76.65507,74.67262,74.54529,72.69113,78.51751,75.95393,75.53807,77.10383,74.1485,75.66373,72.56032,71.70077
10.19804,10.19804,10.19804,10.19804,9.21954,9.21954,8.24621,8.24621,8.24621,7.28011,7.61577,7.61577,6.7082,6.7082,6.7082,6.7082,6.7082,5.83095,5.83095,5.83095,5.83095,6.40312,6.40312,6.40312,6.40312,6.40312,6.40312,5.83095,5.83095,5.83095,5.83095,5.83095,5.38516,5.38516,6.32456,5.38516,6.32456,5.09902,5.0,5.0,5.0,5.0,4.12311,4.12311,4.12311,4.47214,4.47214,3.60555,3.60555,4.24264,3.60555,3.60555,65.06919,63.00794,65.19202,58.30952,57.0,55.00909,51.0098,51.0098,48.01042,49.16299,44.01136,42.29657,42.29657,42.57934,37.36308,38.8973,40.26164,37.36308,36.76955,34.17601,35.77709,35.34119,37.12142,34.98571,34.0,32.75668,31.76476,33.6006,31.62278,33.28663,34.66987,33.83785,31.06445,33.28663,34.66987,34.98571,34.48188,32.31099,34.53983,35.44009,29.83287,28.44293,28.63564,29.27456,28.01785,23.19483,26.07681,24.18677,24.18677,22.13594,20.12461,19.31321,19.72308,17.80449,19.41649,13.0384,17.80449,35.77709,38.07887,38.8973,42.95346,40.79216,44.40721,43.10452,45.17743,48.25971,49.0408,52.00961,55.00909,58.00862,59.03389,63.12686,57.31492,64.49806,62.514,65.9242,67.26812,68.65858,70.60453,65.0,73.37575,70.60453,74.2159,69.12308,72.12489,68.62215,71.16881,69.26038,70.21396,69.57011,68.96376,71.30919,71.56815,63.56099,67.08204,66.28725,71.02112,74.67262,69.26038,72.44308,72.06247,73.17103,68.11755,71.25307,74.00676,78.05767,73.10951,77.02597,75.0,76.05919,75.10659,76.02631,76.32169,74.02702
10.0,10.0,9.05539,9.05539,9.05539,9.05539,8.06226,8.06226,8.06226,7.07107,7.28011,7.28011,7.28011,7.28011,6.7082,6.7082,6.7082,6.7082,6.7082,6.7082,6.7082,6.7082,7.2111,6.40312,6.40312,7.2111,6.7082,6.7082,6.7082,6.7082,6.7082,6.7082,6.32456,6.32456,6.32456,6.08276,6.08276,5.09902,5.09902,5.0,5.0,5.09902,4.0,4.12311,4.12311,3.16228,3.16228,3.60555,3.60555,2.82843,2.82843,2.23607,64.49806,63.63961,57.42822,59.3043,57.31492,55.14526,54.08327,51.0,52.03845,48.0,48.09366,47.04253,44.18144,41.10961,41.30375,39.45884,38.63936,36.13862,36.40055,38.32754,36.40055,34.9285,36.05551,33.10589,32.31099,34.43835,34.0147,32.64966,33.10589,35.77709,37.57659,34.0147,38.01316,33.61547,37.33631,32.57299,32.57299,30.80584,32.75668,32.38827,30.14963,29.06888,28.0,26.07681,25.31798,26.92582,22.13594,25.70992,20.88061,21.9545,22.82542,19.20937,18.60108,18.60108,16.12452,17.08801,14.56022,36.35932,34.0,39.39543,37.94733,41.78516,41.76123,43.41659,45.89118,49.81967,48.25971,50.15974,54.14795,56.0357,59.0,56.0357,63.03174,59.00847,63.28507,64.28063,64.93843,64.53681,68.44706,70.61161,69.12308,67.72001,71.56815,69.92138,69.92138,70.21396,66.76077,71.16881,69.89278,68.41053,68.30813,67.44627,69.37579,67.68309,67.68309,67.46851,69.05071,67.89698,69.58448,69.35416,72.69113,67.47592,73.33485,70.25667,72.24957,71.34424,75.42546,73.24616,74.16873,73.43705,69.26038,74.33034,69.26038,73.43705
10.29563,9.43398,9.43398,9.43398,9.43398,8.60233,8.60233,7.81025,7.81025,7.81025,7.07107,7.07107,7.07107,7.07107,6.40312,6.40312,6.40312,6.40312,5.83095,5.83095,5.83095,5.83095,5.83095,5.83095,5.83095,5.83095,5.83095,5.83095,5.83095,5.83095,5.0,5.83095,5.65685,5.65685,5.65685,5.65685,5.83095,5.0,4.47214,4.47214,4.47214,4.12311,4.12311,4.12311,4.12311,4.0,4.0,4.12311,4.12311,3.16228,3.60555,3.60555,67.97794,60.00833,63.50591,55.9464,53.22593,54.12024,50.11986,52.69725,47.50789,49.09175,46.14109,46.61545,43.41659,40.0,41.10961,40.36087,39.05125,33.24154,38.18377,32.55764,37.44329,34.20526,34.4093,31.06445,31.06445,31.76476,30.01666,34.43835,35.51056,34.1321,33.54102,32.75668,33.28663,36.35932,31.06445,34.66987,34.4093,32.80244,32.55764,31.14482,31.1127,25.80698,27.313,26.92582,24.59675,21.93171,28.23119,24.04163,22.56103,20.88061,18.0,21.0238,20.39608,18.97367,15.65248,17.20465,14.86607,37.58989,40.49691,36.23534,44.04543,39.59798,43.13931,43.86342,47.42362,48.9183,48.60041,54.08327,57.2014,55.75841,58.30952,63.63175,59.94164,64.00781,62.24147,66.30988,67.1193,69.46222,70.77429,68.62215,72.73239,71.30919,68.30813,70.60453,73.4983,70.60453,73.08215,68.00735,73.76313,70.5195,70.21396,72.44998,73.05477,68.00735,68.35203,68.94926,68.02941,73.00685,68.942,72.44998,69.77105,71.11962,74.43118,72.47068,74.43118,75.66373,75.17978,72.89719,75.13322,76.05919,70.3278,74.43118,76.05919,72.47068
10.63015,9.89949,9.21954,9.21954,9.21954,8.48528,8.48528,7.81025,7.81025,7.81025,7.2111,7.2111,6.40312,7.2111,5.83095,6.7082,6.7082,6.7082,5.83095,5.83095,5.38516,5.38516,5.38516,6.32456,5.38516,5.38516,6.32456,5.38516,5.83095,5.83095,5.83095,5.83095,5.83095,5.83095,6.40312,5.65685,5.65685,5.0,5.0,5.0,4.47214,4.47214,4.47214,4.12311,4.12311,4.12311,4.0,4.12311,4.12311,4.12311,3.16228,3.60555,67.17887,61.7171,60.1415,55.31727,54.45181,53.03772,50.20956,52.34501,45.34314,45.96738,44.04543,44.40721,42.80187,38.41875,38.01316,37.44329,37.73592,36.71512,34.98571,30.8707,35.34119,34.9285,32.31099,31.62278,31.95309,31.04835,32.98485,33.24154,31.32092,31.7805,35.69314,33.95585,33.95585,32.28002,32.98485,32.64966,32.20248,32.20248,33.54102,31.90611,32.20248,25.0,25.45584,25.45584,25.45584,26.07681,24.08319,23.70654,23.4094,20.24846,21.54066,19.64688,18.02776,19.23538,17.26268,16.49242,13.34166,35.69314,36.05551,41.10961,39.81206,41.62932,42.19005,44.94441,46.52956,47.43416,48.82622,49.64877,52.00961,56.72742,58.72819,60.30755,60.10824,63.65532,63.03174,66.52819,63.78087,67.80118,69.63476,67.00746,70.72482,67.95587,69.64194,68.50547,68.26419,71.34424,70.49113,69.33974,71.02112,68.7968,66.28725,67.42403,68.24222,64.2028,67.62396,65.80274,70.29225,66.8431,67.47592,69.35416,72.24957,72.91776,72.86288,70.71068,72.13876,73.53911,71.44928,72.83543,75.69016,72.24957,69.29646,73.59348,73.5527,71.44928
9.84886,9.48683,9.48683,9.48683,8.544,8.24621,8.24621,8.24621,8.24621,7.07107,8.06226,7.07107,7.0,7.0,7.0,7.0,7.0,6.0,6.08276,6.08276,6.08276,6.08276,6.08276,6.08276,6.08276,6.08276,7.07107,6.08276,6.08276,7.0,6.0,6.0,6.0,6.0,6.08276,6.08276,5.09902,5.09902,5.38516,4.47214,4.47214,4.47214,3.60555,3.60555,3.60555,2.82843,2.82843,2.82843,2.23607,2.23607,2.0,2.0,65.29931,62.00806,64.63745,60.80296,53.53504,54.08327,51.0392,54.08327,44.94441,47.70744,44.72136,45.18849,39.39543,40.71855,40.71855,38.62642,40.80441,39.56008,35.69314,35.35534,34.52535,36.34556,37.12142,34.05877,32.06244,34.05877,34.0147,34.05877,32.01562,37.01351,34.0147,33.06055,31.14482,35.35534,36.05551,34.36568,30.59412,32.24903,33.73426,29.83287,31.62278,28.79236,27.73085,26.83282,27.78489,25.23886,24.08319,25.45584,23.34524,21.2132,21.09502,20.61553,17.88854,18.43909,18.11077,15.0,14.14214,33.13608,34.9285,36.68787,39.92493,40.31129,43.82921,43.82921,46.51881,49.09175,48.02083,51.31277,54.40588,55.80323,54.81788,58.79626,60.87693,65.19202,62.93648,65.79514,67.88225,68.62215,68.68042,70.17834,68.24954,69.02898,69.6563,66.8431,70.60453,68.41053,70.60453,68.60029,72.8011,67.80118,67.20119,68.88396,66.8431,67.35726,70.00714,66.52819,68.593,69.29646,69.31089,70.93659,73.10951,70.93659,67.47592,72.8011,74.20243,73.00685,71.06335,75.9276,73.40981,74.20243,69.6563,72.62231,72.20111,72.47068
10.77033,10.77033,9.84886,9.84886,8.94427,9.84886,8.94427,8.94427,8.06226,8.06226,8.06226,7.2111,7.2111,7.2111,6.40312,7.81025,7.07107,7.07107,7.07107,7.07107,7.07107,6.40312,7.07107,6.40312,6.40312,6.40312,7.07107,6.40312,7.07107,7.07107,7.07107,7.07107,6.40312,6.40312,6.40312,5.83095,5.83095,5.38516,5.38516,5.38516,5.09902,5.09902,5.09902,4.0,4.0,4.0,4.0,4.12311,3.16228,3.16228,3.60555,2.82843,66.09841,63.78871,59.20304,60.74537,60.72891,57.56735,55.15433,51.26402,48.10405,47.53946,46.06517,46.23851,44.77723,41.18252,41.67733,38.94868,37.44329,37.20215,36.40055,37.64306,36.06938,35.38361,31.82766,33.97058,35.38361,33.94113,35.35534,35.4683,33.30165,34.20526,35.60899,38.20995,34.71311,34.65545,33.94113,33.24154,35.4683,34.05877,30.80584,31.90611,29.52965,28.17801,31.38471,26.40076,25.63201,23.76973,24.18677,23.34524,24.02082,22.09072,19.64688,18.24829,19.41649,20.61553,18.35756,14.14214,15.0,35.80503,37.64306,37.48333,38.8973,37.80212,41.04875,43.60046,46.64762,48.54894,49.64877,51.0,55.15433,55.9464,58.30952,57.24509,62.96825,65.45991,62.58594,65.25335,66.94027,67.68309,72.36712,70.21396,69.46222,70.45566,70.5762,69.26038,69.26038,68.26419,68.46897,67.26812,68.26419,71.44928,68.46897,68.593,67.60178,68.24954,69.05071,66.91039,70.61161,68.88396,71.56815,73.4983,71.47027,69.26038,74.33034,72.8011,72.73239,73.38937,74.0,70.5195,74.33034,74.67262,74.0,73.05477,72.73239,71.7844
9.84886,8.94427,8.94427,8.94427,8.06226,8.06226,7.2111,7.2111,7.2111,6.40312,6.40312,6.40312,5.65685,5.65685,5.65685,5.65685,5.83095,5.0,5.83095,5.83095,5.83095,5.38516,5.83095,5.38516,5.38516,5.83095,5.38516,5.83095,5.83095,5.83095,5.0,5.0,5.0,5.0,4.24264,4.24264,5.0,4.47214,3.60555,4.47214,3.60555,4.12311,3.16228,3.0,3.0,3.0,3.0,3.16228,3.16228,2.82843,2.82843,2.82843,63.90618,60.40695,61.09828,57.00877,57.77543,53.7122,55.71355,50.08992,48.30114,44.29447,42.94182,42.54409,42.72002,39.82462,38.60052,40.45986,36.40055,36.12478,35.35534,33.97058,34.71311,35.4683,33.01515,33.6006,29.06888,33.01515,34.88553,32.75668,30.41381,34.1321,34.48188,33.42155,31.62278,31.06445,35.22783,29.41088,33.97058,31.89044,30.41381,29.0,30.4795,31.62278,28.17801,24.69818,27.73085,23.4094,24.04163,24.73863,23.19483,19.10497,19.10497,20.09975,20.09975,18.38478,18.02776,15.81139,14.86607,35.4683,37.48333,38.41875,39.82462,42.43819,43.56604,44.65423,44.72136,50.08992,49.24429,49.24429,54.23099,54.626,57.24509,59.80803,63.32456,62.8172,65.0,66.21933,68.88396,70.03571,67.60178,70.5762,69.58448,70.34913,72.83543,72.69113,73.24616,71.44928,68.46897,69.58448,69.26038,68.26419,71.34424,68.46897,71.70077,68.24954,70.40597,71.06335,68.65858,71.06335,68.00735,70.88018,74.33034,70.5195,74.04053,74.63243,71.16881,73.38937,76.55064,72.11103,75.76939,72.61543,71.51224,71.86793,71.7844,73.1642
10.44031,10.44031,9.48683,9.48683,9.48683,8.544,8.544,8.544,7.61577,7.61577,7.61577,7.61577,7.2111,7.2111,7.2111,7.2111,6.40312,6.40312,6.40312,7.07107,6.40312,7.07107,7.07107,6.40312,6.40312,5.65685,7.07107,7.07107,7.07107,6.40312,6.40312,6.40312,6.40312,5.83095,5.83095,6.7082,5.38516,5.38516,5.38516,5.09902,5.09902,5.09902,5.09902,4.0,4.0,4.0,4.12311,3.16228,3.16228,3.16228,2.23607,2.82843,66.48308,58.21512,61.66036,60.01666,55.10898,54.58938,53.36666,50.69517,48.50773,51.5461,48.8467,44.27189,42.37924,41.78516,41.23106,39.39543,38.47077,36.67424,37.73592,35.80503,37.01351,33.6006,37.53665,32.64966,33.42155,35.38361,33.97058,35.35534,33.24154,35.38361,35.35534,38.18377,34.65545,34.71311,36.87818,33.01515,33.6006,33.42155,33.01515,31.90611,32.20248,32.89377,28.86174,28.16026,27.20294,26.1725,25.31798,23.02173,24.02082,20.61553,22.80351,23.08679,19.69772,17.08801,18.02776,17.69181,13.45362,32.64966,35.51056,36.71512,42.48529,42.95346,42.15448,41.4367,46.8188,46.23851,48.38388,50.21952,53.36666,55.31727,57.87055,55.9017,60.82763,64.38167,64.28063,67.1193,66.06815,64.0,67.00746,70.02857,70.02857,70.34913,70.17834,69.35416,67.18631,68.35934,70.17834,68.26419,70.17834,69.35416,67.00746,67.00746,66.1211,68.0,68.02941,67.02984,66.1211,67.18631,67.26812,69.46222,70.71068,71.34424,70.5762,68.593,73.82412,69.2315,73.75636,74.96666,72.78049,73.34848,72.69113,72.83543,74.8131,72.99315
9.84886,9.84886,8.94427,8.06226,8.06226,8.06226,8.06226,7.2111,7.2111,7.2111,6.40312,6.40312,6.40312,5.65685,5.65685,5.65685,6.40312,5.65685,5.83095,5.83095,5.83095,5.83095,5.83095,5.83095,5.83095,5.83095,5.83095,5.83095,5.83095,5.83095,5.0,5.0,5.0,5.65685,5.0,5.0,4.47214,4.47214,4.47214,4.12311,4.12311,3.16228,4.0,3.0,3.0,3.16228,3.16228,3.16228,3.60555,2.82843,2.82843,2.23607,58.5235,61.46544,57.00877,56.46238,56.36488,51.89412,49.1935,46.52956,48.76474,42.19005,45.27693,40.49691,41.04875,38.83298,40.45986,37.20215,33.42155,36.06938,33.24154,36.12478,32.55764,32.64966,32.44996,32.64966,31.40064,29.06888,30.80584,31.7805,33.28663,34.0,33.12099,32.75668,33.54102,31.38471,32.20248,32.01562,31.82766,30.41381,29.69848,30.4795,32.64966,27.01851,26.62705,26.41969,23.25941,24.69818,22.80351,22.56103,21.37756,21.37756,19.10497,20.39608,19.64688,17.08801,13.92839,17.02939,14.42221,32.44996,36.87818,41.03657,39.62323,39.69887,43.27817,42.43819,44.94441,47.70744,50.77401,51.97115,55.9464,54.626,55.4617,57.38467,60.41523,61.84658,64.19502,62.62587,65.52099,67.91171,68.88396,69.2315,68.24954,69.42622,70.03571,68.88396,71.19691,70.21396,72.00694,66.91039,67.08204,66.75328,67.89698,67.89698,68.06614,68.15424,69.26038,67.68309,65.45991,66.40783,71.16881,69.64194,72.44998,69.46222,70.00714,69.28925,76.32169,73.53911,73.92564,72.09022,71.11259,72.49828,72.61543,72.49828,70.38466,73.82412
11.40175,10.0,10.81665,10.0,9.43398,9.43398,9.43398,8.06226,8.06226,8.06226,8.06226,7.61577,7.61577,7.28011,7.28011,7.28011,7.28011,7.28011,7.07107,7.28011,7.07107,7.07107,7.07107,7.07107,7.07107,6.08276,7.07107,7.07107,7.07107,7.28011,6.32456,6.32456,6.32456,6.7082,6.7082,6.7082,5.83095,5.83095,5.83095,5.0,5.65685,5.65685,5.0,5.0,4.47214,4.47214,4.47214,4.12311,4.12311,4.12311,4.0,3.0,64.03124,66.06815,59.81639,62.42596,56.40035,54.81788,51.61395,51.22499,51.86521,46.87217,48.76474,44.77723,43.41659,41.18252,41.67733,42.04759,39.92493,39.21734,36.40055,34.20526,36.68787,36.68787,34.23449,34.36568,34.23449,32.24903,33.24154,35.35534,36.05551,35.12834,34.23449,35.12834,33.13608,36.05551,33.37664,33.73426,34.9285,33.52611,34.17601,33.24154,31.7805,30.8707,28.01785,30.0,27.65863,26.24881,26.1725,23.60085,22.2036,21.63331,19.23538,21.54066,20.61553,20.39608,19.0263,14.31782,17.46425,37.12142,36.49658,39.45884,40.5216,41.48494,45.54119,45.88028,46.8188,46.09772,48.02083,55.07268,56.61272,55.47071,60.21628,58.24946,61.7171,63.89053,66.6033,66.6033,65.06919,67.89698,70.00714,69.42622,69.52697,70.29225,72.20111,72.00694,73.40981,68.11755,71.06335,67.35726,72.47068,68.41053,65.94695,68.62215,71.44928,67.26812,69.31089,67.20863,69.35416,69.29646,70.83784,70.93659,72.24957,70.17834,76.27582,73.40981,71.21798,74.88658,72.62231,73.24616,74.51845,77.33693,75.0,71.61006,69.81404,73.10951
9.05539,9.05539,9.21954,8.24621,8.24621,8.24621,7.28011,7.28011,7.28011,6.32456,6.32456,6.7082,5.83095,5.83095,5.83095,5.83095,5.83095,5.0,5.0,5.65685,5.65685,5.65685,5.0,5.65685,5.65685,5.65685,5.65685,5.65685,5.0,5.0,5.0,5.0,5.0,4.47214,4.47214,4.47214,4.12311,4.12311,4.12311,4.0,4.0,4.0,4.0,3.16228,3.16228,3.16228,3.60555,3.60555,2.82843,2.82843,3.16228,3.16228,68.00735,61.03278,59.5399,57.07889,59.5399,55.3263,51.47815,51.24451,46.52956,50.21952,44.14748,43.17407,43.68066,41.10961,38.60052,38.48376,34.0147,36.67424,37.57659,35.35534,34.1321,34.1321,33.01515,32.20248,31.40064,33.42155,34.65545,33.94113,31.241,33.94113,32.64966,36.87818,34.05877,32.64966,35.4683,32.20248,31.06445,33.12099,31.90611,32.24903,32.20248,29.12044,26.4764,26.68333,28.16026,24.02082,23.02173,22.02272,22.0,22.2036,20.88061,19.69772,18.02776,19.10497,18.38478,15.6205,13.92839,36.05551,38.01316,39.56008,39.92493,42.72002,43.65776,43.41659,48.05206,49.0306,48.50773,52.23983,53.15073,55.22681,59.13544,60.03332,63.00794,67.00746,64.12488,64.07027,65.19202,67.60178,70.25667,70.71068,70.40597,71.58911,72.99315,71.58911,76.48529,69.05071,69.2315,70.21396,68.06614,70.03571,70.03571,68.24954,68.73136,68.35934,70.17834,70.17834,70.11419,71.06335,71.0,72.00694,72.06247,70.02857,74.33034,73.10951,73.43705,75.10659,75.23962,72.11103,77.31753,77.10383,72.33948,71.17584,76.10519,73.24616
10.77033,10.77033,10.29563,9.84886,10.29563,9.43398,8.94427,9.43398,8.60233,8.60233,8.60233,7.81025,7.81025,7.07107,7.07107,7.07107,7.07107,7.07107,6.40312,7.07107,6.40312,7.2111,6.40312,7.2111,7.2111,6.40312,7.2111,7.2111,6.40312,7.07107,7.07107,7.07107,7.07107,6.40312,6.40312,6.40312,5.83095,5.83095,5.38516,5.38516,5.38516,5.09902,5.09902,4.12311,4.0,4.0,4.0,4.0,4.12311,3.16228,3.16228,2.82843,68.68042,62.96825,62.39391,58.30952,58.69412,57.38467,52.0,50.9902,50.15974,50.60632,47.41308,43.04649,46.87217,42.43819,41.04875,40.60788,39.05125,36.87818,35.60899,34.65545,36.87818,35.4683,35.60899,35.22783,33.42155,36.05551,33.83785,31.38471,31.62278,32.80244,35.60899,35.0,32.80244,33.6006,32.01562,31.89044,33.97058,33.94113,31.14482,32.01562,33.42155,32.20248,29.52965,29.52965,26.92582,25.70992,25.4951,23.08679,25.17936,24.18677,21.09502,20.0,17.46425,19.41649,15.65248,19.41649,16.97056,36.05551,37.64306,36.76955,41.72529,41.23106,43.27817,44.65423,45.80393,49.73932,47.50789,51.0,53.22593,57.69749,56.79789,60.00833,56.64804,63.89053,62.93648,68.00735,65.0,67.91171,69.05071,65.76473,70.85901,71.56815,73.1642,71.34424,70.5762,70.5762,73.33485,68.46897,71.70077,67.89698,69.72087,69.87131,66.28725,65.52099,67.91171,66.94027,68.00735,69.12308,70.5195,72.12489,70.83784,72.8011,73.68175,76.55064,73.53911,75.02666,72.09022,73.73602,74.32362,78.18568,70.5762,73.73602,71.69379,74.33034
10.19804,9.21954,9.21954,8.24621,8.24621,8.24621,8.06226,7.07107,7.07107,7.07107,7.0,7.0,6.0,6.0,6.0,6.08276,6.08276,6.08276,5.09902,5.09902,5.09902,5.09902,5.09902,5.38516,5.38516,5.38516,6.08276,5.09902,5.09902,5.09902,5.09902,5.0,5.0,5.0,5.09902,5.09902,5.09902,4.12311,4.12311,4.47214,4.47214,4.47214,3.60555,4.24264,3.60555,3.60555,3.60555,3.16228,3.16228,3.16228,3.0,3.0,63.06346,64.41273,61.09828,58.60034,53.31041,54.626,53.14132,51.5461,48.70318,44.92215,45.22168,42.44997,43.93177,39.81206,39.81206,39.31921,38.32754,37.12142,34.36568,35.0571,34.1321,36.0,34.1321,31.01612,32.01562,34.05877,35.22783,35.51056,33.24154,33.24154,35.69314,35.0571,32.14032,31.40064,36.12478,31.01612,32.01562,32.06244,33.37664,32.01562,27.89265,28.63564,29.54657,26.57066,24.69818,27.20294,23.02173,24.20744,21.2132,20.61553,19.84943,18.68154,17.72005,19.69772,17.46425,19.0,18.11077,33.95585,37.85499,40.60788,42.10701,40.0,41.01219,44.18144,46.27094,48.50773,52.17279,53.93515,55.10898,56.32051,58.94065,61.03278,61.13101,62.39391,66.30988,65.55151,67.54258,69.31811,70.66116,71.11962,72.71864,69.11584,73.57309,73.24616,73.24616,69.06519,72.11103,68.7968,67.95587,70.49113,67.6757,68.26419,69.46222,67.60178,68.88396,67.54258,68.44706,68.42514,70.00714,69.46222,72.49828,72.23573,75.39231,72.23573,74.09453,75.39231,73.53911,72.11103,72.11103,74.67262,76.32169,74.84651,74.09453,73.92564
10.77033,9.84886,9.48683,9.48683,9.48683,8.544,8.544,8.544,8.24621,8.24621,7.28011,7.07107,7.07107,7.07107,7.07107,7.0,7.0,6.0,6.0,6.0,6.0,6.08276,6.08276,6.08276,6.08276,6.08276,6.08276,6.08276,6.08276,6.08276,6.0,6.0,6.0,6.08276,6.08276,6.08276,6.08276,5.38516,5.38516,5.38516,4.47214,4.47214,5.0,4.24264,4.24264,4.24264,4.24264,3.60555,3.60555,3.16228,3.16228,3.16228,66.7308,65.36819,63.50591,55.9017,59.48109,51.47815,53.22593,52.20153,50.32892,45.88028,46.17359,46.17359,42.72002,41.97618,40.79216,38.63936,38.83298,36.34556,33.37664,36.05551,36.05551,34.0147,32.06244,34.36568,34.05877,35.12834,35.22783,34.9285,35.51056,35.51056,34.9285,36.22154,35.35534,34.23449,35.12834,34.05877,34.0147,34.05877,34.0147,31.257,28.86174,31.04835,28.4605,28.4605,26.24881,26.92582,23.70654,25.0,21.2132,24.20744,21.93171,22.2036,19.41649,18.38478,19.69772,16.03122,15.0333,36.22154,39.0,38.0526,41.19466,41.59327,41.23106,44.38468,47.80167,45.22168,48.70318,51.62364,54.12947,55.71355,59.09315,58.18075,61.77378,65.36819,63.81222,67.41662,67.95587,68.50547,68.60029,71.8401,69.02898,70.83784,70.83784,71.06335,69.6563,72.47068,68.88396,69.02898,69.6563,70.29225,67.62396,68.88396,67.80118,69.40461,68.50547,69.11584,67.41662,67.41662,72.56032,66.37017,73.82412,71.11259,69.31811,68.44706,73.82412,72.49828,74.73286,73.82412,74.24958,75.15318,72.09022,73.00685,74.68601,76.05919
10.63015,9.89949,9.89949,9.21954,8.48528,9.21954,8.60233,7.81025,8.60233,7.2111,7.2111,7.2111,6.7082,6.7082,6.7082,6.7082,6.32456,6.32456,6.32456,6.32456,6.32456,6.32456,6.08276,6.32456,7.07107,6.32456,6.32456,6.32456,6.32456,6.32456,6.32456,6.32456,6.7082,5.83095,5.83095,5.83095,5.0,5.0,5.0,5.0,4.24264,4.24264,3.60555,3.60555,3.60555,3.16228,3.16228,3.16228,3.0,3.0,2.23607,2.23607,62.20129,64.63745,60.80296,56.85068,54.40588,51.73973,51.66237,49.67897,50.32892,43.93177,43.93177,41.03657,41.23106,40.31129,40.0,35.60899,37.80212,34.66987,34.98571,35.77709,35.8469,33.61547,31.30495,31.7805,29.54657,35.1141,35.4683,36.13862,34.0147,33.83785,35.34119,31.01612,35.4683,34.17601,34.9285,33.54102,32.64966,31.76476,33.01515,29.41088,29.41088,27.58623,29.0,24.20744,26.62705,25.55386,23.32381,23.32381,22.47221,20.88061,21.2132,20.09975,18.43909,18.02776,15.23155,13.41641,13.89244,32.98485,34.17601,35.34119,38.01316,41.34005,39.66106,40.0,43.27817,45.45327,47.42362,50.24938,48.79549,55.86591,56.63921,56.72742,58.25805,64.66065,62.20129,61.58734,66.85058,69.89278,67.74216,70.23532,69.77822,68.8767,67.08204,68.02941,69.857,70.26379,67.53518,67.97794,68.02941,68.942,66.64833,67.1193,69.83552,64.88451,67.1193,66.24198,67.23095,65.19202,68.24222,66.28725,72.42237,66.28725,68.24954,69.6563,71.21798,70.60453,72.8011,70.0,71.40028,70.80254,72.42237,73.40981,68.60029,74.8131
10.0,9.43398,8.60233,8.60233,8.60233,8.06226,8.06226,6.7082,6.7082,6.7082,6.7082,6.7082,6.32456,6.32456,6.08276,6.08276,6.08276,5.09902,6.08276,6.0,6.0,6.0,5.0,6.0,6.0,5.0,6.0,6.0,6.0,6.0,6.08276,5.09902,5.09902,5.09902,5.38516,4.47214,4.47214,5.0,5.0,4.24264,4.24264,3.60555,3.60555,3.60555,3.60555,3.16228,3.16228,3.0,3.0,3.16228,2.23607,2.23607,60.30755,60.10824,60.44005,59.5483,56.40035,54.6443,51.40039,48.41487,47.16991,44.41846,45.48626,43.41659,42.05948,41.14608,39.39543,35.4683,39.56008,35.1141,34.9285,32.57299,36.13862,37.33631,35.01428,33.24154,30.14963,33.0,31.257,34.0,35.01428,33.01515,33.01515,34.05877,34.0147,34.0147,32.24903,32.38827,31.57531,32.24903,30.80584,30.36445,30.67572,26.83282,26.0,26.07681,24.69818,25.6125,25.45584,22.80351,21.63331,19.84943,21.47091,17.08801,15.81139,18.24829,16.12452,14.03567,16.12452,34.20526,38.07887,39.84972,41.23106,41.59327,43.38202,43.04649,47.01064,46.04346,48.8774,53.25411,52.20153,53.60037,57.00877,56.72742,61.55485,64.3506,63.70243,64.38167,65.8559,68.0147,69.42622,69.52697,71.40028,72.20111,70.43437,70.0,71.28113,70.21396,71.84706,71.02816,67.00746,68.60029,69.02898,70.60453,68.76772,69.35416,67.26812,69.31089,70.03571,70.0928,70.00714,72.83543,74.24958,71.58911,69.52697,72.18033,73.87828,72.62231,74.02702,72.62231,74.8131,75.43209,74.4043,73.87828,75.28612,71.06335
9.21954,9.48683,8.24621,8.24621,8.24621,8.24621,8.06226,7.07107,7.07107,7.07107,6.0,6.0,6.0,6.0,6.0,6.08276,6.08276,5.09902,5.09902,5.09902,5.09902,5.38516,5.38516,5.09902,5.38516,5.38516,5.38516,5.09902,5.09902,5.09902,5.09902,5.09902,5.0,5.0,5.0,5.0,5.09902,5.09902,4.12311,4.12311,4.47214,3.60555,3.60555,3.60555,3.60555,3.60555,3.60555,3.16228,3.16228,3.16228,3.0,3.0,62.93648,60.40695,61.35145,58.82176,55.97321,55.65968,50.21952,52.20153,48.76474,46.32494,44.91102,38.32754,44.18144,39.20459,38.11824,36.01389,37.01351,37.05401,37.01351,33.73426,35.35534,33.54102,33.73426,30.80584,31.7805,31.57531,33.52611,31.95309,33.95585,34.17601,32.69557,33.24154,32.89377,32.28002,33.52611,30.59412,33.13608,31.257,32.01562,32.0,28.0,31.06445,28.16026,25.31798,26.24881,25.0,26.40076,21.93171,23.02173,22.47221,22.02272,21.93171,18.43909,17.46425,15.81139,18.68154,14.03567,33.54102,36.34556,38.0526,43.04649,41.04875,44.28318,45.27693,45.89118,47.67599,49.47727,51.66237,51.66237,57.00877,56.921,62.62587,61.84658,66.70832,63.97656,68.942,67.08204,70.23532,69.77105,66.37017,71.02112,72.11103,72.20111,71.02112,74.33034,70.72482,72.94518,68.7968,70.72482,69.06519,70.3278,70.3278,66.7308,68.0,66.70832,69.35416,68.44706,71.11259,68.15424,72.09022,68.35203,71.16881,72.8011,74.09453,75.96052,73.37575,71.16881,72.42237,75.96052,77.49194,72.53275,72.8011,76.2168,70.2282
10.19804,9.21954,9.21954,9.21954,9.21954,8.24621,8.24621,8.24621,7.61577,7.28011,6.7082,6.7082,6.7082,6.7082,5.83095,7.2111,6.40312,6.40312,6.40312,6.40312,6.40312,5.65685,6.40312,6.40312,6.40312,5.65685,5.65685,6.40312,6.40312,6.40312,5.83095,5.83095,5.83095,5.83095,5.38516,5.38516,5.38516,4.12311,4.12311,4.12311,4.0,4.0,4.0,3.0,3.16228,3.16228,3.16228,2.23607,2.82843,2.82843,2.23607,2.0,64.00781,65.06919,58.03447,60.29925,58.42089,52.08647,52.34501,49.36598,49.49747,45.54119,43.56604,43.17407,42.2019,39.56008,38.27532,39.0,36.76955,35.35534,34.48188,37.58989,32.24903,36.40055,30.61046,32.01562,34.82815,33.42155,33.24154,35.35534,33.97058,32.55764,33.97058,34.71311,37.20215,32.80244,35.60899,32.44996,32.44996,32.44996,36.71512,32.24903,30.46309,30.67572,29.12044,28.44293,25.31798,24.33105,21.0,23.19483,20.09975,22.56103,18.97367,19.23538,21.9545,18.60108,14.21267,15.0,14.42221,33.10589,36.67424,39.56008,37.85499,43.17407,38.83298,44.28318,47.26521,46.04346,46.04346,49.0408,54.00926,56.0357,60.0,58.03447,62.1289,62.39391,66.48308,64.38167,69.2315,68.65858,68.65858,71.30919,70.61161,71.56815,71.06335,70.83078,70.0928,75.0,66.21933,73.4983,68.88396,69.12308,70.34202,70.34202,67.91171,69.05071,66.75328,69.46222,68.18358,68.18358,70.17834,66.1211,75.00667,69.0,68.11755,73.0,75.02666,72.00694,76.00658,73.02739,75.05998,71.0,74.00676,75.0,74.02702,76.02631
9.84886,8.544,8.544,8.544,8.544,7.28011,7.28011,7.28011,7.28011,7.07107,6.08276,6.08276,6.0,6.0,6.0,6.0,6.08276,5.09902,6.08276,6.08276,5.09902,6.08276,5.09902,5.09902,6.08276,6.08276,5.09902,6.08276,6.08276,5.09902,6.0,5.0,5.0,5.09902,5.09902,5.09902,4.12311,4.12311,4.47214,4.47214,3.60555,3.60555,3.60555,2.82843,2.82843,2.82843,2.23607,3.16228,3.0,3.0,3.0,2.23607,65.73431,60.0,62.43397,57.45433,56.30275,54.20332,51.88449,50.24938,45.61798,48.37355,42.94182,46.23851,40.16217,39.84972,37.94733,38.07887,40.26164,36.49658,35.69314,35.35534,35.22783,32.24903,34.05877,35.0,35.01428,34.0147,34.05877,34.05877,35.01428,35.0571,33.06055,37.12142,34.0147,33.06055,34.0147,32.24903,34.23449,31.14482,31.7805,29.41088,30.36445,30.46309,24.18677,26.92582,26.41969,23.60085,24.08319,20.24846,23.34524,17.80449,19.23538,16.12452,18.97367,18.97367,16.27882,16.27882,14.86607,34.0,36.05551,38.47077,40.26164,42.2019,43.9659,43.08132,44.01136,46.61545,45.69464,54.12024,52.3259,57.3062,58.30952,61.05735,61.58734,63.82006,64.2028,63.00794,68.24954,66.6033,71.58911,66.6033,67.89698,68.593,71.42129,70.76722,73.53911,66.48308,72.83543,67.89698,73.5527,70.03571,70.00714,69.29646,67.89698,68.0147,67.94115,66.70832,71.06335,72.47068,66.0303,72.20111,72.42237,70.45566,72.42237,72.67049,73.24616,74.06079,73.81734,76.32169,75.71658,77.66595,68.24222,74.06079,77.10383,70.72482
11.40175,10.0,10.81665,9.43398,9.43398,8.60233,9.43398,8.60233,8.06226,8.06226,8.06226,7.61577,7.61577,7.28011,7.28011,7.28011,7.28011,6.32456,7.07107,6.08276,6.08276,7.07107,6.08276,7.07107,7.07107,6.08276,7.07107,7.07107,6.08276,7.07107,6.32456,6.32456,6.32456,6.32456,6.32456,5.83095,5.83095,5.83095,5.83095,5.0,5.0,5.0,5.0,5.0,4.47214,4.47214,4.47214,4.12311,4.12311,4.12311,3.0,3.0,69.81404,62.00806,62.42596,61.40033,58.24946,53.33854,51.10773,51.62364,50.60632,48.76474,47.88528,45.18849,43.86342,41.14608,43.08132,40.80441,37.36308,35.51056,34.71311,37.10795,39.31921,32.55764,34.05877,32.01562,32.14032,35.01428,34.05877,36.0,32.01562,33.01515,35.01428,36.12478,33.0,32.55764,31.257,32.38827,33.01515,34.78505,31.57531,28.16026,32.31099,31.30495,29.96665,28.17801,28.01785,25.6125,27.80288,24.04163,23.60085,24.41311,22.47221,20.24846,22.80351,17.02939,17.26268,20.09975,15.13275,33.01515,38.0526,37.48333,42.29657,42.72002,44.38468,44.92215,44.01136,45.88028,46.61545,49.24429,55.00909,55.9017,54.58938,60.53924,60.46487,61.29437,65.80274,69.02898,69.6563,66.06815,70.93659,67.20863,70.83784,71.42129,70.72482,72.83543,73.66139,67.94115,70.17834,70.00714,69.35416,71.44928,67.88225,68.68042,65.76473,66.6033,68.88396,68.11755,69.52697,72.20111,69.40461,71.02816,72.20111,76.40026,70.49113,72.94518,74.62573,73.4983,72.67049,72.42237,71.02112,75.71658,72.40166,71.56116,72.94518,75.45197
9.21954,9.21954,9.21954,8.48528,8.48528,8.48528,7.81025,7.81025,7.81025,7.81025,7.2111,7.2111,7.2111,6.7082,6.7082,6.7082,6.32456,6.32456,6.32456,6.32456,6.32456,6.32456,6.32456,6.32456,6.32456,6.08276,6.32456,6.32456,6.32456,6.32456,5.38516,5.38516,5.38516,5.38516,5.83095,5.0,5.0,5.0,5.0,4.24264,4.24264,4.24264,3.60555,3.60555,3.60555,3.16228,3.16228,3.16228,3.0,2.0,2.23607,2.23607,64.49806,62.76942,58.30952,57.42822,57.14018,57.14018,54.08327,51.61395,48.60041,45.22168,44.59821,41.7732,41.01219,42.42641,39.69887,39.05125,38.94868,36.40055,37.20215,35.8469,32.69557,35.34119,33.10589,34.48188,32.20248,34.0147,33.24154,32.89377,34.78505,34.88553,34.53983,35.4683,34.9285,34.9285,35.4683,31.7805,33.61547,34.88553,33.01515,31.62278,31.40064,26.87006,28.42534,28.42534,25.80698,25.23886,25.23886,25.94224,20.24846,21.18962,19.64688,18.02776,19.10497,19.0263,18.02776,16.27882,15.65248,31.90611,35.0,34.65545,36.79674,41.03657,39.82462,40.80441,45.60702,45.80393,48.25971,53.0,50.24938,55.07268,58.59181,58.60034,60.00833,58.18075,63.69458,65.0,65.14599,65.45991,70.21396,67.44627,70.0928,68.88396,70.83078,67.68309,69.12308,68.88396,68.88396,69.857,67.91171,68.15424,68.41053,67.72001,67.35726,66.09841,67.06713,67.41662,70.00714,70.38466,68.44706,69.77822,70.66116,68.47627,72.94518,72.94518,73.43024,72.56032,72.47068,74.30343,71.19691,74.43118,71.86793,73.82412,71.34424,73.92564
9.84886,8.94427,8.94427,8.94427,8.94427,8.06226,8.60233,7.81025,7.81025,7.81025,7.07107,7.07107,7.07107,5.65685,6.40312,6.40312,6.40312,5.83095,5.83095,6.7082,5.83095,6.7082,6.7082,5.83095,5.83095,5.83095,6.7082,5.83095,5.83095,6.7082,5.83095,5.83095,5.83095,5.65685,5.65685,5.65685,5.0,5.0,4.47214,3.60555,4.47214,3.60555,4.12311,3.16228,3.16228,3.16228,3.0,3.0,2.0,2.23607,2.23607,1.41421,60.92618,64.84597,59.03389,58.18075,55.9017,51.10773,56.93856,50.77401,49.64877,44.41846,46.40043,45.22168,40.45986,42.63801,41.7732,38.20995,40.45986,38.20995,36.12478,38.01316,34.4093,36.35932,33.83785,32.44996,34.1321,31.30495,35.8469,34.9285,33.12099,33.12099,34.43835,32.64966,36.23534,30.52868,34.98571,34.66987,34.4093,32.80244,34.05877,27.65863,30.4795,29.69848,28.01785,26.92582,23.70654,25.05993,21.54066,24.5153,23.76973,21.09502,18.02776,18.0,15.0333,15.52417,17.46425,16.64332,13.60147,31.90611,35.0,38.94868,38.8973,42.44997,41.40048,45.34314,43.01163,44.20407,49.09175,50.24938,51.47815,55.9464,56.79789,55.03635,63.07139,60.41523,64.2573,62.96825,66.40783,68.30813,67.6757,74.2159,71.80529,70.83078,71.80529,68.44706,68.65858,68.88396,69.63476,70.61161,67.26812,68.15424,66.48308,68.00735,65.0,70.21396,68.00735,66.7308,68.62215,65.55151,72.61543,70.38466,73.53911,66.70832,71.58911,68.42514,73.3553,73.82412,76.48529,72.91776,72.94518,68.44706,76.02631,73.34848,69.35416,74.32362
11.18034,10.29563,10.29563,10.29563,9.43398,9.43398,9.43398,8.60233,8.60233,8.60233,7.81025,7.81025,7.81025,7.07107,7.07107,7.81025,7.81025,6.40312,7.2111,7.2111,7.2111,7.2111,7.2111,6.7082,7.2111,7.2111,7.2111,7.2111,7.2111,7.2111,6.40312,6.40312,6.40312,7.07107,6.40312,6.40312,6.40312,5.83095,5.83095,5.83095,5.83095,5.38516,5.38516,4.12311,4.12311,4.12311,4.0,4.0,4.0,3.16228,3.16228,3.16228,66.40783,63.78871,61.35145,60.40695,61.09828,52.88667,53.14132,53.14132,50.69517,45.88028,48.30114,43.04649,44.77723,40.49691,38.01316,40.49691,39.40812,38.28838,36.87818,38.20995,35.35534,38.18377,35.60899,33.6006,31.241,35.22783,34.4093,33.42155,32.44996,34.20526,35.22783,37.20215,31.40064,33.6006,37.64306,34.20526,33.94113,33.24154,35.38361,32.64966,33.83785,28.84441,27.78489,29.96665,27.313,25.63201,24.73863,22.36068,23.19483,20.02498,20.09975,21.09502,19.41649,17.46425,14.31782,18.60108,16.64332,33.94113,37.80212,39.20459,39.96248,41.67733,42.05948,44.28318,46.06517,47.85394,47.53946,53.45091,54.81788,57.97413,58.69412,57.97413,61.18823,62.96825,64.62971,66.91039,67.47592,67.47592,69.46222,73.17103,70.00714,72.0,69.06519,71.00704,68.06614,73.02739,67.00746,70.02857,68.02941,70.06426,68.46897,68.46897,67.74216,70.71068,71.56815,69.87131,69.87131,66.91039,70.40597,68.44706,72.27724,69.857,67.05222,70.88018,73.38937,72.73239,76.55064,73.76313,73.05477,72.73239,72.73239,76.15773,68.96376,77.49194
10.29563,10.29563,10.29563,9.84886,8.94427,8.94427,8.544,8.544,8.544,8.544,7.28011,7.28011,7.28011,7.28011,7.28011,7.07107,7.07107,6.08276,7.07107,7.0,7.0,7.0,7.0,6.0,6.0,7.0,6.0,7.0,7.0,7.07107,7.07107,6.08276,6.08276,6.32456,6.32456,6.32456,5.38516,5.38516,5.83095,5.0,5.0,5.0,4.24264,4.24264,4.24264,4.24264,4.47214,4.47214,4.12311,3.16228,3.16228,3.0,67.6757,63.24555,61.77378,57.45433,57.80138,55.07268,53.23533,53.23533,46.52956,47.92703,46.09772,43.65776,42.05948,42.72002,40.16217,42.2019,38.32754,36.13862,35.69314,35.0571,35.35534,36.12478,37.0,33.13608,33.06055,34.1321,34.05877,34.0,34.23449,35.0571,38.20995,36.12478,36.12478,34.05877,35.0,35.22783,34.0,34.23449,33.37664,32.38827,30.08322,30.08322,29.12044,27.73085,28.17801,25.05993,25.0,26.24881,22.62742,21.93171,20.0,21.40093,19.72308,19.23538,16.76305,17.02939,15.13275,33.0,36.0,37.12142,39.62323,41.97618,43.9659,43.01163,45.22168,48.10405,49.39636,54.23099,51.42956,55.4617,59.94164,60.03332,59.90826,64.66065,62.96825,68.00735,66.21933,66.06815,68.41053,68.68042,70.76722,70.0928,68.62215,71.42129,72.91776,71.42129,69.29646,70.00714,70.93659,66.6033,70.93659,67.26812,68.88396,68.24954,69.6563,67.20119,68.41053,69.64194,68.7968,71.02112,71.86793,70.83078,73.82412,74.43118,72.47068,74.79305,75.17978,72.20111,71.69379,76.15773,72.06941,72.94518,68.96376,71.19691
9.84886,9.84886,8.544,8.544,8.544,8.544,8.24621,7.28011,7.28011,7.07107,7.07107,6.08276,6.08276,6.0,6.0,6.0,6.0,6.0,5.09902,5.09902,5.09902,5.09902,5.09902,5.09902,5.09902,5.09902,6.08276,5.09902,5.09902,6.08276,5.0,5.0,5.0,5.0,5.09902,5.09902,5.09902,4.47214,4.47214,4.47214,3.60555,4.24264,4.24264,4.24264,3.60555,3.60555,3.60555,3.16228,3.16228,3.0,3.0,3.16228,61.7414,64.41273,63.56099,56.64804,55.15433,51.89412,50.32892,52.0,49.33559,46.84015,44.92215,41.7732,39.62323,39.81206,41.97618,37.33631,37.21559,36.01389,37.05401,35.0571,36.12478,33.06055,35.22783,32.14032,33.73426,31.57531,31.57531,32.75668,32.24903,32.98485,33.37664,34.71311,32.01562,32.55764,30.41381,33.06055,34.0147,33.13608,32.01562,31.257,27.45906,26.68333,27.89265,26.40076,27.85678,24.69818,24.18677,20.24846,21.2132,22.67157,21.93171,21.0238,20.24846,17.88854,17.26268,16.0,15.13275,34.71311,36.22154,35.01428,43.01163,43.04649,42.0,44.28318,44.28318,48.05206,50.44799,51.41984,53.16014,58.24088,56.32051,57.93962,58.87274,66.30988,63.95311,66.30988,72.00694,69.77105,70.83078,68.96376,68.26419,71.28113,74.62573,72.11103,72.42237,70.45566,73.23933,68.24222,72.11103,69.63476,69.64194,67.6757,69.11584,68.96376,68.60029,68.42514,70.21396,72.06941,68.44706,73.40981,69.35416,72.91776,72.44998,73.92564,73.73602,72.23573,73.53911,73.73602,75.39231,76.89603,70.5762,74.32362,74.84651,74.46476
11.18034,9.84886,9.84886,9.84886,9.48683,9.48683,8.544,8.24621,8.24621,8.24621,8.24621,8.06226,7.07107,7.07107,7.0,7.0,7.0,7.0,7.07107,7.0,6.08276,7.07107,7.07107,6.08276,6.08276,7.07107,7.07107,7.07107,7.07107,7.07107,7.0,6.0,7.0,6.08276,6.08276,6.08276,6.08276,5.38516,5.09902,5.38516,4.47214,4.47214,4.47214,3.60555,3.60555,3.60555,3.60555,2.82843,2.82843,2.23607,2.23607,2.0,61.61169,65.0,59.90826,62.96825,58.30952,53.7122,51.88449,53.0,51.10773,48.30114,44.28318,42.15448,43.32436,42.72002,38.8973,37.36308,38.8973,35.69314,38.47077,34.36568,34.0147,35.12834,34.0147,32.06244,33.06055,33.01515,33.01515,33.0,34.1321,33.24154,35.90265,35.22783,36.05551,33.01515,35.12834,33.37664,33.13608,34.1321,32.55764,30.59412,28.16026,32.28002,27.85678,29.06888,25.94224,25.4951,23.32381,22.67157,21.63331,22.80351,17.80449,20.59126,19.41649,17.08801,17.72005,15.0,14.03567,37.33631,36.34556,37.64306,36.40055,43.08132,41.62932,43.82921,43.82921,47.88528,48.37355,48.37355,54.08327,56.0357,57.62812,58.89822,58.72819,63.78087,65.79514,65.06919,65.8559,67.17887,69.52697,68.11755,71.58911,72.20111,69.02898,68.41053,69.6563,72.47068,71.21798,70.93659,68.41053,68.41053,72.47068,66.06815,69.42622,67.20863,68.68042,67.17887,68.593,68.68042,67.80118,69.52697,70.60453,67.80118,73.4983,74.4043,73.40981,73.23933,74.20243,73.60027,71.84706,76.8505,72.67049,72.94518,75.21303,71.61006
11.0,10.0,10.04988,9.05539,10.04988,9.05539,8.06226,8.06226,8.06226,8.24621,7.28011,7.28011,7.28011,7.28011,6.32456,6.7082,6.7082,6.7082,6.7082,6.7082,5.83095,5.83095,6.40312,6.40312,6.40312,5.83095,6.40312,7.2111,5.83095,6.7082,5.83095,6.7082,6.32456,6.32456,6.32456,6.32456,6.08276,6.08276,5.09902,5.0,5.0,5.09902,5.09902,4.12311,4.12311,4.47214,4.47214,3.60555,3.60555,3.60555,3.60555,3.60555,66.18912,62.03225,61.13101,58.30952,55.9017,52.15362,52.34501,53.46027,46.87217,48.05206,47.80167,46.09772,43.9659,40.02499,43.01163,39.21734,38.07887,37.12142,34.88553,36.71512,35.60899,34.0,33.30165,33.30165,36.23534,31.89044,32.55764,35.38361,36.12478,33.24154,34.65545,34.65545,33.94113,36.06938,33.30165,33.83785,33.42155,33.83785,31.38471,27.73085,31.7805,26.92582,29.61419,28.63564,24.73863,26.07681,24.33105,21.0238,23.34524,22.2036,20.39608,20.24846,18.43909,17.46425,16.40122,16.27882,14.21267,35.35534,39.92493,38.27532,42.05948,41.48494,43.41659,42.42641,44.28318,47.85394,50.03998,53.03772,57.0,58.07753,59.07622,60.03332,62.00806,64.03124,62.64982,68.18358,67.47592,68.73136,68.88396,71.06335,69.37579,70.0928,72.27724,69.37579,69.857,70.83078,71.80529,68.65858,71.56815,70.40597,68.24954,69.72087,65.11528,66.61081,67.89698,66.48308,66.61081,69.00725,71.06335,72.06247,74.00676,72.0,73.02739,75.02666,72.33948,74.24284,75.10659,74.02702,74.10803,74.43118,76.32169,76.10519,74.16873,71.11259
10.19804,9.21954,9.21954,8.24621,8.24621,8.24621,7.28011,7.28011,7.28011,6.7082,6.7082,6.7082,5.83095,5.83095,5.83095,5.83095,5.83095,6.40312,5.65685,5.65685,5.0,5.65685,5.65685,5.65685,5.65685,5.65685,5.65685,5.65685,5.65685,5.0,5.0,5.0,5.83095,4.47214,5.38516,5.38516,4.12311,4.12311,4.12311,4.0,4.0,4.0,4.0,3.16228,3.16228,3.16228,3.60555,3.60555,2.82843,2.82843,3.16228,3.16228,62.03225,61.07373,61.13101,59.3043,55.44367,52.46904,54.23099,49.25444,49.81967,47.67599,45.35416,43.68066,43.01163,40.02499,39.56008,37.94733,35.8469,35.77709,33.54102,36.71512,36.89173,33.61547,33.83785,32.64966,31.62278,32.55764,31.89044,35.4683,32.80244,34.20526,32.80244,33.6006,33.01515,32.64966,32.80244,31.62278,29.41088,30.52868,30.8707,28.79236,34.48188,29.41088,27.29469,26.68333,25.07987,27.01851,25.01999,27.07397,22.36068,21.18962,21.54066,19.72308,18.02776,17.02939,17.80449,15.81139,15.81139,34.66987,37.44329,35.8469,40.31129,41.14608,43.65776,45.88028,44.92215,48.76474,50.01,49.81967,52.46904,56.7186,56.4358,59.13544,64.49806,64.28063,64.00781,69.00725,67.00746,70.11419,71.06335,70.17834,72.33948,73.1642,72.56032,71.84706,74.1485,70.25667,72.83543,68.73136,68.73136,69.58448,68.35934,69.35416,69.18092,70.17834,70.06426,67.18631,68.00735,72.00694,71.02816,71.02816,74.10803,71.11259,71.17584,73.17103,74.33034,72.69113,73.43705,72.11103,74.16873,72.44308,75.16648,72.00694,74.33034,74.43118
11.40175,10.63015,10.0,10.0,10.0,9.43398,8.60233,8.60233,8.60233,8.06226,8.06226,8.06226,7.61577,7.61577,6.7082,7.61577,6.32456,7.28011,7.28011,7.28011,6.32456,7.28011,7.28011,7.28011,7.28011,7.07107,7.28011,7.28011,6.32456,7.28011,6.32456,6.7082,6.7082,6.7082,6.7082,5.83095,6.40312,5.65685,5.65685,5.65685,5.0,5.0,5.0,4.47214,4.47214,4.47214,4.12311,4.12311,4.12311,4.0,3.0,3.16228,63.60031,62.80127,61.22091,59.36329,59.36329,54.40588,53.25411,53.0,48.37355,46.14109,48.30114,42.95346,42.54409,41.59327,39.0,40.8534,39.56008,36.13862,34.20526,37.33631,37.33631,33.54102,35.35534,36.01389,33.06055,36.0,33.01515,36.0,34.0,35.0571,34.0,35.01428,36.0,37.05401,33.01515,33.24154,34.05877,31.40064,34.1321,32.28002,31.62278,30.46309,29.96665,29.52965,28.6531,27.80288,24.20744,24.75884,21.40093,20.61553,21.63331,21.09502,20.12461,18.68154,17.46425,17.46425,17.46425,33.24154,40.4475,39.56008,42.95346,41.10961,42.95346,44.01136,47.41308,46.95743,49.73932,49.92995,53.82379,56.0357,57.00877,60.60528,61.40033,63.60031,63.70243,63.12686,67.26812,68.62215,70.00714,70.17834,71.06335,70.43437,68.0147,71.21798,71.21798,67.26812,73.10951,68.88396,69.52697,70.29225,67.94115,70.76722,68.593,67.17887,70.03571,66.46804,67.88225,70.17834,69.02898,71.8401,73.00685,69.81404,71.86793,73.23933,74.06079,73.78347,73.23933,73.00685,75.0,72.42237,71.84706,74.88658,73.23933,73.81734
9.48683,9.48683,8.544,8.544,7.61577,7.61577,7.61577,6.7082,6.7082,6.7082,6.7082,6.40312,6.40312,5.65685,5.65685,5.65685,5.65685,5.65685,5.0,5.0,5.0,5.0,5.0,5.83095,5.83095,5.83095,5.83095,5.0,5.0,5.0,5.0,5.65685,5.65685,5.0,5.0,5.0,4.47214,4.47214,4.47214,4.12311,4.12311,4.12311,3.0,3.0,3.0,3.16228,3.16228,3.16228,2.23607,2.82843,2.82843,2.23607,66.09841,59.5399,61.18823,58.24088,59.22837,54.12947,50.21952,50.44799,49.24429,45.88028,43.65776,42.48529,39.81206,39.39543,36.24914,38.58756,37.21559,35.51056,36.05551,32.80244,37.64306,33.97058,33.94113,33.30165,32.52691,32.52691,32.64966,32.01562,32.55764,33.42155,33.24154,35.38361,31.1127,32.52691,36.06938,31.89044,33.30165,31.40064,28.6007,33.28663,30.52868,28.4605,30.08322,29.12044,26.92582,23.02173,23.34524,20.02498,21.0238,19.0263,21.37756,18.97367,17.46425,18.38478,16.40122,17.02939,17.20465,37.01351,34.66987,36.89173,42.04759,42.05948,42.95346,41.78516,41.78516,49.33559,49.72927,53.36666,56.29387,57.27128,58.85576,61.0,61.52235,66.75328,64.38167,65.12296,69.02898,65.06919,72.02777,69.00725,68.18358,72.1734,72.02777,69.18092,74.24284,69.11584,71.25307,70.34913,69.06519,65.03076,71.06335,67.0,72.00694,67.1193,67.1193,67.00746,70.11419,71.44928,68.593,70.34913,69.58448,73.68175,69.42622,69.42622,72.36712,75.70997,72.18033,73.34848,74.52516,75.31268,72.03471,72.18033,72.00694,73.00685
10.0,10.0,9.21954,9.21954,9.21954,7.81025,7.81025,7.81025,7.07107,7.07107,7.07107,6.40312,6.40312,5.83095,6.40312,5.83095,5.83095,5.83095,5.83095,5.38516,5.38516,5.38516,5.38516,5.38516,5.38516,5.38516,5.38516,5.38516,5.38516,5.38516,5.83095,5.83095,5.0,5.0,5.65685,5.65685,5.65685,5.0,5.0,4.47214,4.47214,4.47214,4.47214,4.12311,4.12311,4.0,4.0,4.0,4.12311,3.16228,3.16228,3.60555,64.66065,61.05735,57.80138,60.03332,57.14018,50.47772,52.20153,51.31277,48.01042,47.63402,44.82187,44.04543,42.52058,42.44997,38.20995,38.28838,38.94868,37.20215,35.38361,34.66987,36.71512,35.51056,33.54102,32.24903,33.12099,35.8469,33.61547,33.10589,32.24903,34.53983,31.38471,34.0,34.0147,34.1321,34.0147,31.40064,30.80584,34.1321,34.65545,30.4795,31.14482,29.83287,27.80288,25.80698,26.07681,25.55386,24.59675,23.76973,20.39608,22.56103,21.09502,21.2132,21.0238,16.49242,15.81139,16.12452,15.26434,35.1141,37.58989,39.96248,40.49691,40.80441,43.41659,44.55334,45.27693,48.79549,50.24938,53.90733,55.22681,59.03389,57.62812,59.64059,59.68249,63.28507,63.28507,64.49806,67.60178,71.17584,70.26379,67.62396,67.23095,71.69379,70.38466,71.51224,74.67262,66.85058,70.00714,67.77905,73.53911,70.5762,71.86793,67.77905,70.77429,67.62396,67.53518,70.21396,72.00694,71.19691,70.49113,71.69379,74.94665,70.3278,74.33034,72.40166,70.45566,75.45197,71.84706,73.57309,75.21303,76.02631,73.00685,73.81734,74.62573,72.40166
10.77033,10.77033,10.44031,9.48683,9.48683,9.48683,9.48683,8.24621,8.24621,8.24621,8.24621,7.07107,7.07107,7.07107,7.0,7.0,7.0,7.0,7.07107,7.07107,7.07107,7.07107,6.08276,7.07107,7.07107,7.07107,7.07107,7.0,7.0,7.0,6.0,7.0,7.07107,6.08276,6.08276,6.08276,6.32456,5.38516,5.38516,5.38516,5.83095,4.47214,5.0,5.0,4.24264,4.24264,4.24264,3.60555,3.60555,3.16228,3.16228,3.16228,65.51336,65.19202,61.91123,58.66856,54.70832,56.82429,51.97115,55.07268,49.65884,48.76474,47.42362,45.88028,41.23106,38.8973,40.16217,40.02499,36.87818,37.65634,36.12478,38.63936,36.22154,34.23449,32.06244,35.0571,34.0147,35.01428,34.0,35.01428,32.01562,33.13608,34.05877,35.0571,33.0,33.06055,34.0,33.01515,33.06055,34.23449,35.35534,32.98485,31.95309,29.54657,27.313,28.63564,25.80698,26.92582,24.83948,24.08319,19.84943,22.67157,20.80865,20.12461,18.02776,19.41649,16.49242,19.10497,14.14214,36.05551,37.01351,40.1995,41.97618,41.0,43.17407,43.68066,42.72002,49.39636,50.32892,51.89412,56.79789,54.12947,57.69749,59.9333,61.40033,64.3506,64.3506,65.19202,67.80118,64.81512,70.29225,68.76772,71.58911,70.17834,70.17834,69.31089,68.68042,69.35416,71.42129,70.0928,67.89698,67.35726,69.35416,69.42622,70.83784,68.88396,68.60029,68.60029,69.89278,71.02816,69.63476,70.72482,71.34424,68.26419,67.60178,71.34424,73.57309,77.02597,73.06162,72.20111,76.05919,78.89233,73.82412,76.15773,75.47185,74.30343
11.18034,10.19804,10.04988,10.19804,9.21954,9.21954,8.24621,8.24621,8.24621,8.24621,7.28011,7.61577,7.61577,6.7082,6.7082,6.7082,6.7082,6.7082,5.83095,5.83095,6.40312,5.83095,5.83095,6.40312,5.83095,6.40312,6.40312,5.83095,5.83095,5.83095,6.7082,6.7082,6.7082,6.32456,6.32456,6.32456,6.08276,6.08276,5.0,5.0,5.0,5.09902,5.09902,4.12311,4.47214,4.47214,4.47214,3.60555,4.24264,4.24264,3.60555,3.60555,67.1193,62.03225,63.03174,60.03332,56.14268,55.44367,53.60037,50.35871,48.37355,47.26521,45.89118,42.75512,43.28972,42.44997,40.80441,40.49691,38.27532,34.9285,36.24914,34.17601,37.12142,33.10589,33.01515,33.01515,33.28663,33.83785,33.28663,37.01351,34.82815,32.01562,32.44996,33.6006,33.54102,34.1321,33.83785,33.12099,34.43835,36.71512,34.53983,32.89377,30.80584,29.27456,29.27456,29.15476,30.0,25.01999,23.0,25.70992,21.37756,18.35756,22.36068,18.35756,21.26029,16.40122,17.69181,17.0,17.46425,37.53665,37.01351,37.73592,41.18252,43.04649,44.28318,42.72002,45.88028,50.59644,47.75982,52.20153,54.57105,56.75385,57.87055,60.20797,63.95311,63.63961,61.20457,65.27634,67.00746,68.02941,70.02857,67.00746,70.06426,70.11419,71.00704,72.33948,68.18358,69.72087,70.45566,68.46897,72.33948,68.46897,73.24616,69.18092,69.06519,67.06713,67.1193,67.00746,66.00758,71.00704,68.11755,71.06335,71.06335,71.17584,68.46897,73.43705,72.1734,77.41447,72.1734,76.41989,71.70077,75.42546,71.17584,75.16648,75.42546,74.24284
10.29563,10.0,9.43398,8.60233,8.60233,8.60233,7.81025,7.81025,7.81025,7.81025,7.07107,7.81025,6.40312,6.40312,6.40312,7.2111,6.7082,5.83095,6.7082,6.7082,6.7082,6.7082,6.7082,6.7082,6.7082,6.7082,6.7082,6.7082,6.7082,6.7082,5.83095,5.83095,5.83095,5.65685,5.65685,5.65685,5.65685,5.0,5.0,4.47214,4.47214,4.47214,4.12311,3.16228,3.16228,3.0,3.0,3.0,3.16228,2.23607,2.23607,2.82843,62.96825,65.45991,57.69749,56.85948,55.4617,53.7122,51.42956,51.47815,48.76474,42.94182,46.64762,43.82921,39.20459,42.43819,37.64306,39.20459,36.06938,36.23534,36.06938,35.4683,36.05551,34.20526,33.01515,34.66987,32.44996,32.75668,34.1321,35.51056,33.61547,33.6006,33.61547,35.8469,34.66987,33.54102,33.28663,31.62278,32.20248,30.61046,33.24154,31.1127,31.89044,32.01562,30.88689,29.52965,25.05993,26.40076,23.08679,21.18962,21.84033,20.22375,19.10497,18.02776,17.02939,18.97367,15.29706,14.21267,14.86607,35.60899,34.71311,37.48333,37.48333,41.23106,40.22437,41.88078,45.17743,44.94441,48.75449,50.9902,52.55473,55.36244,58.18935,57.77543,58.87274,59.48109,61.98387,62.36185,66.70832,66.4906,67.68309,70.5762,68.26419,71.34424,67.26812,69.18092,68.593,68.73136,67.60178,68.06614,67.60178,65.62012,69.46222,70.71068,68.15424,67.26812,65.30697,66.4906,67.46851,66.48308,68.62215,70.83784,72.23573,69.26038,65.79514,68.70953,72.61543,73.53911,75.02666,73.38937,73.38937,71.51224,73.73602,70.83784,68.62215,73.40981
9.05539,9.05539,9.05539,9.05539,8.06226,8.06226,7.28011,7.28011,7.28011,7.28011,7.61577,6.7082,6.7082,5.83095,5.83095,5.83095,5.83095,5.83095,6.40312,5.83095,6.40312,6.40312,5.65685,5.65685,5.65685,5.65685,5.65685,5.65685,6.40312,6.40312,5.83095,5.83095,5.83095,5.38516,5.38516,5.38516,4.47214,4.12311,4.12311,4.12311,4.0,4.0,4.0,3.0,3.16228,3.16228,3.16228,2.23607,2.23607,2.82843,2.23607,2.23607,63.56099,63.15061,61.81424,54.74486,54.74486,54.58938,51.35173,51.24451,46.27094,46.09772,46.04346,42.0,42.0119,40.0,39.05125,40.11234,39.45884,34.71311,36.67424,35.17101,34.78505,34.20526,34.17601,32.31099,31.62278,33.61547,34.43835,34.0,34.88553,33.61547,34.0,35.34119,36.23534,34.0147,34.17601,34.17601,35.44009,33.24154,30.26549,29.27456,28.28427,28.01785,28.01785,27.0,27.07397,25.4951,20.88061,26.24881,21.47091,22.47221,21.47091,20.59126,17.69181,15.55635,14.76482,13.60147,15.23155,35.44009,35.17101,37.48333,38.63936,39.11521,45.09989,42.0119,48.01042,48.16638,48.09366,52.46904,52.23983,56.32051,58.0517,58.24946,59.20304,65.52099,62.29767,66.40783,67.41662,67.6757,69.57011,71.30919,69.35416,72.44998,70.77429,68.8767,72.00694,68.42514,67.54258,69.77105,72.89719,69.77822,70.68239,65.79514,67.62396,64.84597,68.62215,70.2282,68.30813,72.12489,68.15424,70.0928,71.30919,70.83078,70.0928,68.65858,72.99315,72.99315,72.18033,71.38627,71.19691,77.27872,71.58911,73.5459,75.31268,70.21396
10.0,8.60233,9.21954,7.81025,7.81025,7.81025,7.07107,7.07107,7.07107,6.40312,6.40312,6.40312,5.83095,5.83095,5.83095,5.83095,5.38516,5.38516,5.38516,5.38516,5.38516,5.38516,5.38516,5.09902,5.09902,5.38516,5.38516,5.38516,5.38516,5.38516,5.38516,5.38516,4.47214,5.0,5.0,4.24264,4.24264,4.24264,4.24264,3.60555,3.60555,3.60555,3.16228,3.16228,3.0,3.0,3.0,3.16228,3.16228,2.23607,2.82843,2.82843,62.26556,58.18075,59.68249,57.14018,58.83026,51.62364,49.09175,48.82622,47.43416,46.40043,45.80393,43.18565,40.45986,39.69887,38.20995,36.76955,36.79674,34.20526,35.80503,34.20526,35.22783,34.98571,34.0,33.54102,30.41381,31.76476,34.17601,35.73514,33.10589,33.61547,31.30495,30.41381,30.46309,31.01612,34.48188,32.20248,32.44996,32.44996,32.80244,32.01562,29.0,30.0,29.20616,26.07681,24.41311,26.92582,26.57066,21.84033,21.58703,21.09502,16.03122,17.02939,16.27882,17.72005,17.46425,16.12452,16.40122,38.07887,35.8469,38.83298,39.40812,43.27817,43.27817,46.01087,46.66905,46.69047,49.20366,52.49762,54.20332,56.22277,59.03389,57.68882,59.36329,61.58734,65.8635,64.41273,65.30697,64.84597,68.54196,70.26379,71.30919,69.46222,72.61543,70.5762,68.54196,71.47027,71.86793,69.28925,72.44998,69.89278,67.41662,68.35203,65.45991,69.46222,67.54258,64.4748,70.21396,68.42514,72.06941,70.49113,73.92564,70.83078,75.16648,71.34424,72.71864,73.24616,75.71658,75.16648,71.86793,77.69813,75.71658,76.27582,74.62573,71.02112
9.89949,9.21954,9.21954,8.60233,8.60233,8.60233,8.06226,8.06226,8.06226,7.2111,7.2111,6.7082,6.7082,6.32456,6.32456,6.32456,6.08276,6.08276,6.08276,6.08276,6.08276,6.08276,6.08276,6.0,6.08276,6.08276,6.08276,6.08276,6.08276,6.08276,6.08276,6.08276,6.32456,6.32456,5.38516,5.38516,5.38516,4.47214,4.47214,5.0,5.0,4.24264,4.24264,3.60555,3.60555,3.60555,3.60555,3.16228,3.16228,2.0,2.0,2.23607,66.06815,65.76473,58.0517,58.72819,60.20797,50.24938,51.62364,49.0408,48.10405,45.0,44.40721,42.2019,42.72002,42.19005,39.82462,38.58756,38.94868,38.01316,36.05551,35.17101,34.48188,36.40055,31.7805,34.36568,33.73426,35.51056,34.71311,34.23449,33.24154,36.34556,33.06055,32.14032,33.24154,35.51056,35.69314,31.04835,33.24154,31.95309,31.62278,31.38471,31.30495,29.52965,26.83282,25.80698,27.80288,25.6125,24.08319,26.62705,22.47221,19.20937,21.47091,18.78829,16.55295,17.46425,19.0,17.02939,14.14214,33.61547,32.24903,37.12142,38.01316,41.86884,40.45986,44.59821,45.27693,45.96738,48.9183,50.44799,53.15073,56.22277,56.22277,58.24946,60.80296,62.20129,63.13478,62.76942,65.51336,68.96376,70.66116,72.01389,68.42514,68.02941,70.68239,69.857,70.26379,69.77822,67.1193,67.54258,65.39113,70.21396,68.44706,68.44706,67.1193,65.8635,68.09552,69.11584,69.33974,67.95587,71.40028,69.81404,73.40981,69.02898,69.31089,67.47592,73.66139,70.72482,72.24957,72.34639,70.83784,72.34639,71.58911,74.41102,71.21798,73.10951
10.04988,9.05539,9.21954,8.06226,8.24621,8.24621,8.24621,7.28011,7.28011,6.32456,6.32456,6.7082,5.38516,5.83095,5.83095,5.83095,5.83095,5.83095,5.0,5.65685,5.0,5.65685,5.65685,5.65685,5.65685,5.65685,5.65685,5.65685,5.65685,5.0,5.0,5.83095,5.0,5.38516,5.38516,5.38516,5.09902,4.12311,4.12311,4.0,4.0,4.0,4.12311,3.16228,3.16228,3.60555,3.60555,3.60555,2.82843,3.60555,3.16228,3.16228,62.28965,61.29437,60.53098,57.55867,56.08921,56.7186,51.97115,47.29693,44.38468,48.50773,46.17359,44.38468,45.88028,38.8973,40.49691,37.12142,36.24914,32.24903,37.21559,35.77709,35.22783,34.4093,32.44996,32.55764,32.80244,32.52691,32.55764,34.20526,33.97058,34.65545,33.97058,33.83785,32.01562,31.241,31.40064,33.01515,32.75668,33.54102,30.88689,29.54657,30.67572,29.41088,25.4951,29.61419,24.0,24.08319,24.08319,21.09502,23.34524,20.88061,17.46425,19.31321,20.0,17.69181,15.81139,15.0,16.64332,36.79674,36.12478,37.80212,41.34005,38.94868,41.59327,43.38202,45.18849,49.39636,50.15974,51.07837,52.81098,55.36244,57.48913,56.29387,61.39218,64.32729,64.62971,65.62012,68.26419,70.02857,67.06713,71.02816,71.00704,72.06247,75.0,72.02777,72.06247,70.06426,72.00694,71.17584,69.02898,69.11584,67.06713,69.06519,69.00725,72.00694,70.34913,68.11755,70.25667,68.593,72.56032,71.44928,72.56032,70.71068,79.07591,72.56032,72.18033,70.83078,72.83543,74.8131,72.36712,73.97973,76.11833,73.1642,72.56032,74.67262
9.48683,9.48683,9.48683,8.24621,8.544,8.544,7.61577,7.61577,7.61577,6.7082,6.7082,6.7082,5.83095,6.40312,5.83095,5.83095,5.0,5.65685,5.65685,5.65685,5.65685,5.65685,5.65685,5.0,5.0,5.65685,5.65685,5.65685,5.65685,5.65685,5.0,5.0,5.0,5.0,5.38516,5.38516,4.47214,4.12311,4.12311,4.0,4.0,4.0,4.0,4.12311,3.16228,3.60555,3.60555,3.60555,2.82843,2.82843,3.16228,3.16228,63.12686,60.07495,62.28965,61.29437,54.45181,50.35871,48.83646,50.63596,48.6621,47.07441,47.53946,41.23106,43.32436,42.37924,39.56008,38.62642,39.0,34.0147,33.54102,34.0,36.35932,35.60899,31.40064,31.40064,31.62278,31.40064,34.05877,30.41381,34.71311,34.05877,32.55764,33.30165,33.30165,33.24154,33.6006,28.84441,34.48188,33.61547,31.76476,32.89377,29.41088,29.41088,27.89265,26.07681,25.4951,26.07681,24.02082,23.08679,20.88061,24.69818,19.92486,21.47091,17.49286,17.49286,16.27882,18.35756,18.35756,37.20215,35.51056,36.71512,39.35734,44.28318,42.72002,44.27189,46.84015,48.76474,49.47727,50.21952,53.60037,55.57877,58.85576,58.54912,64.12488,62.1289,64.00781,65.0,68.00735,69.11584,70.06426,70.34913,70.45566,70.45566,70.45566,70.5762,72.44308,70.5762,68.593,68.35934,70.71068,69.58448,68.593,69.26038,68.26419,68.11755,70.06426,68.02941,69.0,71.02816,73.00685,71.17584,71.11259,71.02816,71.70077,73.24616,70.45566,74.54529,75.42546,75.42546,73.5527,74.24284,71.44928,73.24616,73.33485,73.24616
10.19804,9.21954,9.21954,8.24621,8.24621,8.24621,8.544,7.61577,7.61577,7.61577,6.7082,6.7082,6.7082,5.83095,5.83095,6.40312,6.40312,6.40312,6.40312,6.40312,6.40312,5.65685,6.40312,6.40312,6.40312,5.65685,6.40312,5.65685,6.40312,6.40312,6.40312,5.83095,5.83095,5.83095,5.83095,5.38516,5.38516,5.09902,4.12311,4.12311,4.12311,4.0,4.0,4.0,3.16228,3.16228,3.16228,2.23607,2.82843,2.23607,2.23607,2.23607,62.39391,62.03225,62.20129,58.42089,55.57877,51.62364,52.7731,49.81967,51.1957,46.57252,45.35416,43.9659,38.8973,37.10795,37.10795,37.69615,38.48376,35.34119,37.12142,36.35932,33.6006,33.83785,32.20248,33.42155,34.4093,32.64966,34.82815,34.71311,36.23534,33.97058,32.20248,34.05877,34.82815,33.01515,33.01515,33.6006,36.05551,31.76476,33.10589,29.52965,30.46309,30.59412,29.42788,26.30589,25.17936,24.08319,24.02082,23.0,20.09975,19.31321,20.24846,19.69772,20.24846,16.40122,18.02776,15.55635,12.52996,34.82815,37.20215,34.98571,39.11521,41.62932,44.38468,45.88028,45.31004,47.12749,46.84015,50.01,56.08921,55.10898,58.0517,57.07013,58.21512,62.28965,64.03124,65.19202,68.0,65.03076,68.11755,68.11755,70.45566,71.34424,70.25667,67.18631,65.62012,68.35934,69.58448,70.21396,70.34913,68.46897,68.18358,67.18631,66.1211,65.0,69.06519,64.0,70.02857,70.11419,68.18358,70.25667,70.25667,72.33948,74.10803,69.26038,72.44308,71.34424,69.58448,71.56815,73.33485,73.33485,72.56032,71.11259,72.24957,75.42546
10.0,9.43398,9.43398,9.43398,8.06226,8.94427,8.06226,8.06226,7.61577,7.61577,7.61577,7.28011,7.28011,7.28011,6.32456,7.07107,7.07107,6.08276,7.07107,6.08276,6.08276,6.0,6.0,6.0,6.0,7.0,7.0,6.0,7.07107,7.07107,6.08276,6.08276,6.32456,6.32456,6.32456,5.38516,5.38516,4.47214,4.47214,5.0,5.0,4.24264,4.24264,4.24264,3.60555,3.60555,3.16228,3.16228,3.16228,2.0,2.0,2.0,66.85058,59.64059,60.0,57.00877,56.0803,52.80152,50.44799,53.41348,48.83646,45.96738,44.55334,43.18565,40.45986,41.40048,41.88078,40.0,38.07887,36.71512,37.12142,35.8469,35.8469,32.31099,35.44009,31.62278,33.83785,36.40055,33.24154,35.73514,36.05551,35.17101,30.41381,35.90265,31.95309,33.73426,35.1141,30.8707,34.53983,29.06888,32.20248,30.88689,30.52868,28.84441,29.20616,25.6125,25.4951,25.4951,24.69818,25.0,21.09502,21.54066,18.97367,19.64688,18.02776,19.0,17.46425,14.56022,16.12452,31.76476,37.73592,38.01316,40.22437,42.0119,43.86342,44.55334,45.96738,47.42362,50.32892,50.60632,53.60037,54.03702,57.80138,60.20797,58.59181,63.13478,62.64982,67.60178,68.54196,68.42514,68.44706,66.30988,69.64194,69.89278,69.07966,68.00735,71.51224,66.7308,70.83784,68.15424,68.70953,69.28925,67.41662,69.07966,68.54196,68.44706,68.88396,69.31811,68.96376,69.46222,67.53518,71.02112,68.60029,69.33974,71.56116,69.63476,72.8011,72.42237,72.67049,73.60027,73.00685,74.63243,67.80118,72.8011,72.67049,71.02816
11.18034,9.84886,9.84886,8.94427,9.84886,8.544,8.544,8.24621,8.24621,8.24621,8.24621,8.24621,7.07107,7.07107,7.07107,7.07107,7.0,7.0,7.0,6.0,7.0,7.07107,7.0,7.07107,7.0,7.07107,7.0,7.0,6.0,7.0,6.0,6.0,6.0,6.08276,6.08276,6.32456,5.38516,5.38516,5.38516,4.47214,4.47214,4.47214,5.0,4.24264,4.24264,3.60555,3.60555,3.60555,3.16228,3.16228,2.0,2.0,63.13478,61.05735,59.94164,57.24509,55.4617,54.12024,51.89412,51.89412,47.01064,46.23851,47.16991,43.01163,41.23106,36.13862,38.83298,40.60788,37.85499,37.05401,38.0526,36.22154,35.01428,35.0571,36.22154,34.05877,31.14482,32.24903,34.1321,34.1321,34.05877,36.67424,38.47077,34.1321,33.24154,33.06055,36.01389,32.0,33.01515,34.36568,30.26549,33.95585,32.75668,28.4605,27.73085,28.63564,29.54657,24.59675,22.47221,22.67157,22.02272,22.02272,18.60108,22.82542,18.35756,17.72005,16.27882,19.0263,16.03122,33.37664,33.24154,39.0,39.20459,42.19005,40.79216,42.72002,42.2019,43.9659,47.12749,53.14132,54.08327,56.46238,57.38467,58.18075,59.5063,64.84597,62.17717,66.7308,65.73431,69.33974,69.40461,67.20119,68.60029,70.43437,69.6563,68.41053,72.00694,66.06815,69.52697,68.11755,70.93659,66.70832,68.00735,68.24954,69.81404,67.42403,66.85058,67.95587,69.06519,70.72482,68.60029,67.23095,71.86793,68.88396,70.66116,72.00694,72.00694,73.43024,73.79024,68.44706,70.21396,72.00694,68.8767,72.94518,74.70609,68.47627
10.63015,10.63015,9.21954,9.21954,8.48528,8.48528,8.48528,7.81025,7.81025,7.07107,7.2111,7.2111,7.2111,5.83095,6.7082,6.7082,6.7082,5.38516,6.32456,5.38516,5.38516,5.38516,5.38516,5.09902,6.32456,6.32456,6.32456,5.38516,6.32456,5.38516,5.83095,5.83095,5.83095,5.83095,5.83095,5.65685,5.65685,5.0,5.0,5.0,4.47214,4.47214,4.47214,4.12311,4.12311,4.12311,4.0,4.0,4.0,4.12311,3.16228,3.60555,67.74216,63.06346,58.30952,56.0357,56.60389,54.91812,53.53504,50.21952,47.16991,47.20169,47.50789,41.72529,41.7732,39.69887,39.69887,36.76955,37.64306,39.05125,33.01515,34.1321,33.83785,33.61547,34.88553,31.76476,31.7805,33.61547,34.0147,33.54102,34.43835,33.54102,33.10589,32.69557,32.20248,33.54102,34.0147,34.1321,31.38471,30.80584,29.83287,30.0,27.65863,29.06888,29.20616,26.40076,23.02173,24.18677,24.18677,23.08679,21.84033,18.97367,20.61553,17.11724,20.02498,16.03122,17.08801,16.15549,16.12452,37.21559,35.51056,37.80212,40.36087,41.03657,43.13931,46.01087,47.42362,46.75468,50.21952,52.43091,54.3783,57.14018,57.80138,60.03332,62.17717,64.41273,64.49806,66.64083,68.54196,66.30988,69.857,70.83784,70.21396,70.88018,73.08215,73.24616,69.26038,72.53275,69.26038,70.83784,72.42237,70.2282,68.62215,70.2282,66.12866,68.942,70.38466,65.55151,68.44706,71.17584,70.3278,68.42514,72.00694,69.46222,72.40166,71.56116,73.24616,71.02112,72.20111,74.79305,74.09453,77.38863,74.62573,72.71864,70.3278,71.19691
9.84886,9.84886,8.94427,8.94427,8.94427,8.06226,8.06226,7.2111,7.2111,7.2111,7.81025,7.07107,7.07107,7.07107,7.07107,6.40312,6.40312,6.40312,5.83095,6.40312,5.83095,5.83095,6.7082,5.83095,6.7082,5.83095,6.7082,5.83095,5.83095,5.83095,6.40312,6.40312,5.65685,5.65685,5.65685,5.65685,5.0,5.0,4.47214,4.47214,4.47214,4.47214,4.12311,3.16228,3.0,3.0,3.0,3.0,2.23607,2.23607,2.23607,2.82843,63.56886,60.08328,61.46544,55.9464,56.85948,52.3259,50.9902,51.88449,47.41308,50.24938,45.79301,43.60046,40.0,40.60788,38.01316,39.62323,39.69887,36.87818,35.4683,35.0,36.61967,32.80244,35.51056,34.43835,31.62278,31.38471,35.35534,38.47077,31.7805,34.98571,32.20248,35.34119,33.61547,35.8469,30.88689,33.83785,33.28663,35.0,32.64966,34.05877,29.83287,31.82766,29.52965,26.92582,25.55386,25.05993,21.47091,23.76973,22.80351,19.41649,19.10497,20.0,19.10497,18.43909,15.52417,14.76482,12.72792,32.55764,35.80503,37.44329,40.49691,42.19005,44.29447,43.86342,44.01136,47.75982,47.43416,51.26402,52.49762,55.08176,55.7853,57.28001,58.69412,61.0,61.98387,65.9242,67.60178,68.593,68.26419,72.06247,72.02777,70.0,70.02857,70.00714,69.00725,68.00735,72.06247,68.11755,70.0,68.02941,68.11755,68.35934,65.27634,69.58448,65.9242,67.74216,67.08204,67.46851,68.41053,70.60453,70.60453,68.41053,75.96052,70.83784,73.73602,73.53911,71.47027,74.33034,73.38937,71.51224,73.73602,71.16881,72.8011,70.5762
9.43398,9.43398,9.43398,8.60233,8.60233,7.81025,7.81025,7.81025,7.81025,7.07107,7.07107,6.40312,6.40312,6.40312,6.40312,5.83095,5.83095,5.83095,5.83095,5.83095,5.83095,5.83095,5.38516,5.38516,5.38516,5.38516,5.38516,5.83095,5.83095,5.83095,5.83095,5.0,5.0,5.65685,5.65685,5.65685,5.0,5.0,5.0,4.47214,4.47214,4.47214,4.12311,4.12311,4.12311,4.0,4.0,4.0,4.12311,3.16228,3.16228,3.60555,64.00781,60.41523,60.53924,55.75841,57.98276,53.53504,50.47772,49.39636,50.60632,46.2277,45.0,43.93177,43.18565,40.31129,39.69887,37.53665,38.94868,36.61967,35.0,33.61547,34.0,32.75668,33.54102,34.43835,30.8707,33.54102,31.38471,34.53983,34.48188,32.69557,34.78505,34.17601,34.43835,33.24154,33.54102,32.24903,34.1321,32.44996,32.64966,29.73214,32.80244,29.69848,26.92582,28.3196,25.05993,24.41311,26.40076,23.4094,20.22375,19.41649,19.92486,21.09502,20.0,17.72005,18.68154,18.78829,16.64332,35.77709,36.05551,38.01316,40.36087,42.2019,43.41659,44.55334,46.04346,44.82187,49.40648,51.40039,58.00862,59.64059,59.90826,60.74537,59.16925,65.30697,60.82763,65.74192,67.62396,67.23095,70.38466,70.2282,67.41662,73.73602,70.5762,69.89278,69.26038,72.73239,68.30813,70.21396,71.16881,68.30813,67.35726,70.2282,68.35203,68.54196,66.64083,69.857,70.21396,67.97794,71.19691,68.09552,74.43118,67.23095,73.57309,73.43024,70.72482,74.94665,72.40166,74.09453,74.94665,75.80237,71.86793,75.21303,68.26419,74.09453
10.0,9.0,9.05539,9.0,8.06226,8.06226,8.06226,7.07107,7.07107,7.07107,6.32456,6.32456,6.32456,5.38516,5.38516,6.32456,5.83095,5.83095,5.83095,5.83095,5.83095,5.0,5.83095,5.0,5.0,5.83095,5.83095,5.83095,5.83095,5.83095,5.38516,5.38516,5.38516,5.38516,5.09902,5.09902,5.0,4.0,4.0,4.0,4.12311,4.12311,4.12311,3.60555,3.60555,3.60555,2.82843,3.60555,3.60555,3.16228,3.16228,3.0,63.0,61.03278,62.03225,55.08176,53.15073,54.14795,49.09175,53.08484,45.17743,46.52956,44.91102,41.97618,41.0,38.8973,38.62642,38.27532,36.68787,33.54102,34.88553,34.0,34.66987,33.61547,33.83785,32.80244,29.83287,32.01562,30.41381,30.80584,31.14482,33.6006,33.30165,34.05877,32.01562,32.64966,35.60899,33.28663,34.1321,30.88689,30.46309,31.01612,26.92582,27.51363,28.44293,26.30589,26.07681,23.08679,25.07987,21.09502,22.36068,21.2132,22.84732,21.0238,18.60108,18.60108,16.40122,18.60108,13.60147,36.23534,37.12142,39.39543,41.76123,38.8973,41.97618,42.44997,45.39824,50.35871,48.16638,53.15073,56.0803,55.03635,56.0803,61.0082,61.0082,66.06815,62.28965,65.37584,67.47592,67.60178,71.19691,67.26812,69.05071,72.78049,71.80529,70.40597,74.2159,72.03471,72.03471,69.63476,69.92138,70.61161,68.65858,70.21396,68.06614,66.28725,70.71068,66.61081,67.06713,71.17584,68.00735,73.0,67.06713,73.00685,76.05919,72.0,75.0,71.02816,73.00685,74.06079,74.16873,75.10659,75.05998,74.24284,73.02739,72.02777
10.0,10.0,9.0,9.0,8.0,8.0,8.0,7.07107,7.07107,7.07107,7.07107,6.32456,6.32456,6.32456,6.32456,6.32456,5.38516,5.38516,5.38516,5.83095,5.38516,5.83095,5.83095,5.0,5.83095,5.83095,5.83095,5.83095,5.83095,5.83095,5.38516,5.38516,5.38516,5.09902,5.09902,5.09902,5.0,4.0,5.0,4.0,4.12311,4.12311,4.12311,3.60555,3.60555,3.60555,3.60555,2.82843,3.60555,3.60555,3.16228,3.16228,63.34824,61.0,60.29925,57.31492,60.29925,53.23533,51.24451,52.03845,45.09989,46.17359,44.01136,43.10452,42.10701,40.1995,42.19005,35.90265,39.62323,35.44009,36.68787,34.78505,37.69615,33.54102,32.64966,31.76476,30.88689,31.30495,31.38471,32.24903,33.83785,33.61547,35.22783,35.8469,33.61547,32.24903,34.1321,33.61547,31.7805,34.0147,29.83287,32.01562,32.28002,30.01666,26.0,28.01785,25.01999,28.01785,25.17936,23.34524,21.18962,20.61553,21.0238,21.09502,19.84943,19.20937,15.0,16.64332,15.52417,35.73514,41.23106,38.47077,40.1995,40.04997,43.04649,42.0119,46.04346,49.0408,48.16638,53.33854,54.58938,57.55867,59.03389,62.58594,60.63827,65.96969,63.89053,66.48308,68.00735,68.70953,71.51224,71.51224,70.5762,70.21396,68.54196,70.77429,75.15318,70.77429,73.00685,70.77429,70.77429,72.09022,69.35416,69.07966,69.64194,65.9242,68.00735,68.00735,69.37579,71.8401,70.0928,71.58911,69.2315,72.36712,69.05071,73.34848,73.68175,74.8131,73.97973,72.69113,74.54529,73.43705,69.72087,74.8131,72.83543,71.70077
10.77033,10.77033,9.84886,9.84886,8.94427,8.94427,8.94427,8.06226,8.06226,8.06226,8.06226,7.81025,7.81025,7.81025,7.07107,7.07107,7.07107,7.07107,7.07107,7.07107,7.07107,6.40312,6.40312,6.40312,6.40312,6.40312,7.81025,7.07107,7.07107,7.07107,7.07107,6.40312,6.40312,6.40312,5.83095,5.83095,5.83095,5.38516,5.38516,5.38516,5.09902,5.09902,5.09902,4.0,5.0,4.0,4.0,4.12311,3.16228,3.16228,2.82843,2.82843,65.14599,62.96825,60.74537,59.13544,58.69412,55.03635,55.03635,51.89412,49.1935,49.64877,44.28318,46.52956,44.29447,41.04875,39.40812,38.01316,40.0,34.71311,34.71311,37.48333,35.35534,36.12478,33.94113,32.01562,34.65545,32.64966,36.40055,36.05551,32.75668,35.22783,38.27532,33.42155,34.05877,31.89044,34.82815,31.14482,36.06938,31.89044,34.82815,30.0,32.24903,28.6531,29.06888,27.78489,26.57066,29.83287,22.36068,25.4951,22.0,23.02173,20.02498,18.97367,18.38478,17.88854,17.20465,17.80449,16.27882,34.88553,38.01316,38.41875,40.31129,41.7732,42.52058,41.04875,46.75468,47.43416,48.82622,54.40588,53.53504,56.93856,58.18075,57.3062,60.82763,65.74192,64.62198,64.62198,65.80274,66.94027,69.12308,69.37579,69.37579,68.44706,72.03471,70.83078,69.42622,70.21396,69.87131,66.91039,67.46851,71.84706,69.42622,70.03571,71.58911,67.18631,69.89278,64.56005,66.7308,70.5195,70.83784,70.2282,73.40981,69.07966,72.61543,73.38937,73.73602,72.09022,74.09453,73.00685,73.92564,76.15773,73.53911,73.40981,71.16881,72.44998
10.63015,10.0,10.0,10.0,9.43398,9.43398,8.94427,8.06226,8.06226,7.61577,7.61577,7.61577,7.28011,7.28011,7.28011,7.28011,7.07107,7.07107,6.08276,7.07107,7.07107,7.07107,7.07107,7.0,7.0,7.0,7.0,7.0,6.08276,7.07107,6.08276,6.08276,6.32456,6.32456,6.32456,6.32456,5.38516,5.83095,5.0,5.0,5.0,4.24264,4.24264,4.24264,3.60555,3.60555,3.60555,3.16228,3.16228,3.0,2.0,2.23607,65.19202,59.66574,59.81639,57.80138,57.2014,52.69725,53.25411,50.80354,47.20169,47.16991,47.01064,47.41308,43.08132,40.71855,38.48376,37.69615,39.92493,35.73514,34.78505,35.17101,38.83298,35.69314,35.51056,33.54102,34.23449,36.05551,33.01515,35.0571,35.12834,33.24154,34.52535,37.12142,33.06055,35.22783,31.14482,36.87818,35.22783,32.98485,32.57299,31.32092,31.38471,28.17801,30.01666,27.45906,25.6125,26.40076,26.87006,24.75884,21.26029,21.63331,16.64332,18.35756,20.88061,18.24829,15.0,16.12452,14.14214,34.05877,34.52535,37.65634,40.5216,38.8973,43.86342,42.54409,44.72136,45.65085,47.88528,51.86521,54.08327,54.91812,57.42822,57.2014,58.25805,66.70832,62.28965,68.0147,66.46804,68.593,69.35416,67.20863,68.68042,68.11755,71.06335,71.40028,71.21798,67.42403,69.81404,67.35726,70.60453,69.2026,70.43437,68.68042,68.593,65.79514,67.20863,67.17887,69.29646,69.31089,67.47592,72.18033,70.17834,73.0,66.8431,71.8401,70.80254,72.8011,72.47068,71.21798,75.0,74.02702,67.20119,74.02702,76.2168,71.40028
10.0,9.21954,9.21954,8.60233,8.48528,7.81025,7.07107,7.07107,7.07107,6.40312,6.40312,6.40312,6.40312,5.83095,5.83095,5.83095,5.38516,5.83095,5.38516,5.38516,5.38516,6.32456,5.38516,5.38516,5.38516,5.38516,5.38516,5.38516,5.38516,5.38516,5.83095,5.83095,5.83095,5.0,5.0,5.0,4.24264,4.24264,3.60555,3.60555,3.60555,3.16228,4.12311,3.16228,3.16228,3.0,3.0,3.16228,3.16228,3.16228,2.82843,2.82843,65.06919,61.22091,58.0517,54.56189,55.86591,52.34501,50.93133,51.62364,48.9183,45.34314,43.60046,40.80441,42.0119,40.0,41.6173,42.80187,37.12142,35.35534,34.98571,36.24914,34.78505,33.24154,33.24154,33.24154,31.32092,30.80584,32.98485,33.54102,33.73426,32.75668,33.24154,32.57299,35.44009,31.95309,34.9285,33.61547,33.10589,31.06445,30.41381,30.01666,30.80584,29.69848,26.90725,28.6007,27.58623,23.85372,24.18677,20.12461,21.84033,18.43909,20.61553,20.0,17.0,18.11077,16.27882,13.60147,14.76482,36.22154,36.22154,40.16217,37.16181,38.62642,42.48529,42.94182,45.61798,50.60632,46.87217,51.61395,55.0,56.22277,58.25805,60.20797,58.69412,65.8559,65.11528,65.11528,68.11755,69.52697,71.8401,72.00694,70.21396,72.11103,69.89278,70.17834,71.86793,70.45566,70.45566,68.50547,69.33974,69.33974,67.1193,71.61006,67.42403,69.81404,70.60453,69.81404,69.52697,70.29225,68.68042,72.24957,74.95332,73.59348,69.35416,71.50524,73.59348,71.42129,74.96666,73.5527,70.72482,75.00667,73.66139,72.18033,70.72482,72.18033
10.63015,9.89949,9.21954,9.21954,8.48528,8.48528,7.81025,7.81025,7.81025,7.81025,7.2111,7.2111,7.2111,6.40312,5.83095,6.7082,6.32456,5.38516,6.32456,5.38516,5.38516,5.38516,5.38516,5.38516,5.38516,5.38516,6.32456,5.38516,5.38516,6.32456,5.38516,5.83095,5.83095,5.83095,5.0,5.0,5.0,5.0,5.0,5.0,4.47214,4.47214,4.47214,4.12311,4.12311,4.12311,4.12311,4.0,4.0,3.16228,3.16228,3.60555,65.29931,63.03174,62.28965,56.0803,56.72742,53.2635,50.60632,51.61395,47.20169,48.25971,43.41659,42.54409,43.41659,44.29447,38.47077,37.69615,38.48376,34.17601,32.89377,34.20526,36.67424,32.57299,33.73426,33.24154,34.1321,34.52535,33.37664,33.06055,32.55764,34.0147,33.06055,33.06055,34.1321,33.37664,35.90265,32.01562,31.32092,35.44009,31.62278,31.38471,31.01612,27.78489,30.52868,26.40076,25.80698,24.75884,24.83948,24.08319,20.0,21.9545,21.47091,21.18962,18.68154,18.0,16.0,17.26268,15.81139,35.0571,37.36308,36.13862,42.05948,42.54409,41.62932,44.29447,46.14109,48.37355,50.77401,55.07268,53.82379,55.21775,58.25805,59.81639,62.00806,64.66065,63.65532,66.52819,67.94115,67.94115,68.68042,70.76722,73.75636,69.81404,72.62231,70.60453,72.62231,70.43437,72.62231,68.88396,70.80254,70.0,70.43437,69.42622,68.62215,68.88396,69.35416,67.17887,70.00714,70.03571,71.58911,71.44928,72.34639,70.93659,73.10951,73.10951,75.43209,74.51845,73.10951,72.8011,76.2168,73.10951,73.87828,72.8011,74.51845,71.58911
10.0,9.43398,9.43398,8.60233,8.06226,8.06226,8.06226,7.61577,7.61577,7.61577,7.28011,7.28011,7.28011,6.32456,6.32456,7.07107,7.07107,6.08276,6.0,6.08276,6.0,6.0,6.0,6.0,6.0,6.0,7.0,6.0,6.0,6.0,6.08276,6.08276,6.08276,6.08276,6.08276,5.38516,5.38516,5.38516,4.47214,4.47214,4.47214,3.60555,3.60555,4.24264,2.82843,3.60555,3.60555,3.16228,2.23607,2.23607,2.0,2.0,65.60488,62.20129,60.0,56.72742,56.0803,55.60576,51.66237,48.08326,48.83646,43.84062,45.45327,42.63801,42.2019,38.60052,41.04875,36.35932,37.44329,38.58756,35.77709,35.34119,36.76955,35.1141,34.48188,34.17601,32.01562,33.73426,32.01562,34.71311,34.20526,36.67424,33.73426,33.73426,33.95585,34.78505,33.95585,33.61547,32.69557,33.54102,31.38471,31.90611,32.44996,28.42534,29.83287,25.4951,27.58623,24.75884,24.41311,23.85372,21.9545,18.97367,19.69772,18.97367,16.27882,17.02939,18.02776,17.72005,17.46425,34.78505,35.77709,37.58989,40.49691,38.60052,43.41659,41.86884,45.27693,49.51767,46.69047,46.75468,50.44799,55.97321,57.62812,60.0,59.64059,63.60031,61.58734,68.26419,63.63175,65.74192,68.47627,67.53518,66.70832,67.62396,72.01389,68.02941,73.53911,66.30988,71.17584,65.79514,68.942,68.70953,66.64083,68.942,66.18912,67.08204,65.51336,66.88797,72.67049,72.20111,66.85058,71.02816,69.81404,71.61006,67.42403,70.80254,74.20243,74.20243,70.43437,71.06335,73.10951,74.65253,69.2026,70.29225,72.20111,71.61006
11.6619,10.81665,10.81665,9.43398,10.0,8.60233,9.21954,9.21954,8.48528,8.48528,7.81025,7.81025,7.81025,7.07107,7.2111,7.2111,7.2111,7.2111,6.7082,6.7082,6.7082,6.7082,6.7082,6.7082,6.7082,6.7082,6.7082,6.7082,6.7082,7.2111,6.40312,7.2111,6.40312,6.40312,6.40312,7.07107,6.40312,6.40312,5.0,5.0,5.83095,4.47214,5.38516,4.12311,4.12311,4.12311,4.0,4.0,4.0,3.16228,3.16228,3.16228,66.6033,62.28965,58.72819,60.959,58.79626,51.62364,52.34501,50.24938,46.01087,46.69047,45.0,45.0,41.6173,41.40048,40.49691,41.34005,38.01316,36.67424,34.43835,37.33631,36.40055,33.52611,32.28002,31.04835,32.01562,33.52611,37.36308,35.44009,34.71311,33.95585,35.35534,35.69314,35.17101,36.40055,35.90265,33.52611,34.48188,33.61547,34.0147,32.20248,33.12099,31.40064,29.20616,27.01851,26.90725,28.42534,27.58623,24.75884,24.18677,20.12461,21.18962,19.41649,19.41649,20.02498,17.26268,16.27882,15.52417,37.10795,36.40055,39.39543,40.71855,42.54409,43.26662,46.04346,46.40043,47.80167,50.9902,53.03772,55.86591,55.17246,56.58622,58.0517,60.959,61.7171,66.21933,65.21503,65.45991,68.24222,69.64194,72.71864,71.69379,72.56032,70.3278,70.3278,70.3278,69.46222,68.42514,69.35416,70.23532,71.19691,68.47627,69.33974,69.11584,67.95587,70.21396,68.8186,68.60029,66.4003,73.24616,69.81404,72.91776,70.29225,73.75636,70.93659,72.91776,72.18033,72.18033,71.44928,74.24958,70.03571,76.38063,74.27651,70.03571,73.59348
9.84886,9.84886,10.29563,8.94427,9.43398,8.94427,8.06226,8.60233,7.2111,7.81025,7.81025,7.81025,7.07107,7.07107,7.07107,7.07107,6.40312,6.40312,6.40312,6.40312,6.40312,6.40312,6.40312,6.40312,7.2111,6.40312,6.40312,7.2111,6.40312,6.40312,6.40312,6.40312,6.40312,6.40312,6.40312,5.83095,5.83095,5.83095,5.38516,5.38516,5.38516,4.12311,4.12311,4.12311,4.12311,4.0,4.0,4.0,3.16228,3.16228,3.16228,2.23607,64.14047,64.00781,57.98276,60.03332,55.56978,54.91812,52.43091,50.47772,48.25971,47.80167,46.09772,44.20407,44.04543,41.10961,40.36087,41.01219,39.05125,35.80503,35.0,35.60899,38.58756,34.4093,32.75668,32.31099,36.23534,35.34119,34.0,34.0147,34.9285,35.77709,33.54102,36.71512,34.88553,37.21559,36.23534,32.44996,36.05551,34.05877,33.30165,29.0,33.24154,30.52868,28.30194,28.01785,25.4951,27.313,26.57066,22.84732,21.58703,23.19483,21.2132,20.02498,18.11077,18.02776,15.81139,13.0384,12.04159,31.62278,36.76955,36.35932,40.81666,41.6173,42.63801,44.68781,47.01064,48.08326,50.93133,51.73973,55.22681,54.67175,56.40035,59.40539,60.21628,65.73431,62.76942,65.36819,66.64833,68.42514,71.11259,69.35416,69.07966,68.00735,70.5762,70.83784,68.94926,69.89278,69.28925,68.00735,67.77905,69.64194,69.857,69.46222,68.942,67.08204,67.54258,65.30697,70.23532,69.35416,70.83078,70.17834,72.11103,70.83078,71.56116,70.45566,72.67049,74.09453,76.66159,74.09453,73.4983,71.02112,72.40166,73.43024,70.49113,73.43024
11.40175,10.63015,10.63015,9.89949,9.89949,8.48528,8.48528,8.48528,8.48528,7.81025,7.81025,7.81025,7.2111,7.2111,7.2111,7.2111,6.7082,6.7082,6.7082,6.7082,6.7082,6.7082,6.7082,7.28011,6.7082,6.7082,6.7082,7.61577,6.7082,6.7082,7.2111,7.2111,7.2111,6.40312,6.40312,5.65685,5.65685,5.65685,5.0,5.0,5.0,4.47214,4.47214,4.12311,4.12311,4.12311,4.0,4.0,4.0,4.12311,3.16228,3.16228,66.6033,63.78087,58.0517,57.98276,57.28001,55.22681,52.40229,48.79549,44.59821,48.9183,45.34314,43.41659,43.60046,39.82462,41.40048,38.01316,40.22437,37.21559,34.43835,36.24914,38.07887,37.16181,32.57299,31.95309,34.78505,36.40055,37.0,36.67424,30.59412,33.54102,35.73514,36.40055,35.17101,35.73514,36.13862,37.57659,34.0147,32.20248,34.66987,32.75668,34.20526,27.65863,26.90725,26.1725,26.90725,24.41311,24.69818,23.32381,24.04163,23.25941,22.36068,18.02776,21.0238,19.10497,18.68154,17.72005,17.49286,34.23449,36.13862,38.32754,42.37924,41.78516,39.81206,44.38468,47.01064,47.88528,50.47772,53.00943,54.81788,53.2635,59.46427,61.6198,62.28965,62.96825,65.05382,64.3506,67.26812,70.29225,71.06335,71.02816,72.20111,70.72482,69.64194,69.64194,72.11103,71.02112,70.17834,70.72482,72.40166,66.03787,69.06519,69.40461,69.63476,71.21798,68.11755,65.43699,69.6563,71.58911,71.44928,70.17834,73.5527,68.0147,72.86288,70.03571,73.5527,74.24958,73.66139,73.5527,74.27651,70.71068,73.53911,74.24958,75.16648,72.24957
11.0,10.04988,10.04988,10.04988,9.05539,9.05539,9.05539,8.06226,8.24621,8.24621,8.24621,8.24621,7.28011,7.28011,7.61577,7.61577,6.7082,6.7082,6.7082,6.7082,6.7082,6.7082,6.7082,7.2111,7.2111,7.2111,7.2111,6.7082,6.7082,6.7082,6.7082,6.32456,6.32456,6.32456,6.32456,6.08276,6.08276,5.0,5.0,5.0,5.0,5.09902,4.12311,4.12311,4.12311,3.60555,3.60555,3.60555,3.60555,2.82843,2.82843,2.23607,66.18912,61.20457,62.03225,60.00833,56.0357,55.03635,52.00961,51.15662,47.0,48.0,45.09989,44.55334,41.59327,41.97618,43.93177,39.84972,36.87818,34.48188,34.48188,36.76955,36.23534,35.4683,32.64966,33.12099,35.35534,32.24903,36.35932,38.83298,34.4093,36.05551,35.51056,33.01515,35.51056,35.35534,34.53983,32.20248,35.1141,37.0,32.98485,31.04835,31.40064,31.01612,28.01785,26.01922,25.01999,25.07987,28.16026,22.80351,23.34524,22.47221,21.63331,22.02272,22.02272,17.69181,19.72308,14.76482,13.0384,33.83785,34.98571,38.47077,38.48376,43.32436,43.41659,46.57252,47.07441,46.32494,49.36598,53.33854,55.3263,56.22277,57.14018,60.00833,60.07495,63.00794,65.19202,65.49046,66.18912,70.34913,64.62971,71.02112,70.61161,70.61161,71.38627,68.65858,70.0928,70.40597,71.06335,69.857,67.91171,66.94027,66.09841,70.21396,70.40597,69.05071,67.89698,66.91039,65.49046,68.35934,68.18358,72.06247,71.11259,69.02898,74.00676,72.00694,70.02857,73.00685,76.00658,73.00685,71.0,68.00735,75.05998,73.24616,73.02739,70.0
9.43398,9.43398,8.60233,8.60233,8.60233,8.06226,7.2111,7.81025,7.2111,6.40312,6.40312,6.40312,6.40312,6.40312,6.40312,5.83095,5.83095,5.83095,5.83095,5.83095,5.38516,5.38516,5.38516,5.38516,5.38516,5.38516,5.83095,5.83095,5.83095,5.83095,5.83095,5.0,5.0,5.0,5.65685,5.0,5.0,4.47214,4.47214,4.47214,4.12311,4.12311,4.12311,3.0,3.0,3.0,3.16228,3.16228,3.16228,2.82843,2.82843,2.82843,59.46427,61.35145,58.18075,55.71355,53.7122,51.89412,51.47815,47.01064,47.41308,43.04649,45.17743,40.81666,38.07887,36.05551,42.0119,37.01351,35.38361,36.87818,31.82766,36.06938,31.89044,35.80503,31.06445,32.20248,32.20248,31.62278,31.06445,32.64966,33.54102,34.66987,34.0,31.06445,34.1321,28.84441,33.83785,31.40064,30.61046,29.73214,32.52691,29.83287,29.83287,29.83287,27.29469,25.94224,24.16609,24.04163,22.80351,24.5153,20.22375,19.10497,22.02272,18.11077,18.24829,16.55295,15.26434,14.86607,17.02939,34.66987,32.64966,39.62323,37.53665,40.0,41.6173,41.04875,44.40721,48.25971,48.02083,51.47815,53.23533,56.36488,57.69749,56.46238,62.03225,61.68468,64.84597,65.45991,65.96969,64.7611,70.83078,68.88396,70.21396,69.05071,71.58911,68.73136,67.60178,71.84706,67.89698,67.89698,65.11528,67.74216,66.75328,68.06614,70.83078,68.88396,64.56005,66.21933,67.72001,67.35726,70.00714,67.6757,70.83784,70.2282,69.57011,72.44998,71.69379,69.46222,74.0,72.61543,73.82412,73.1642,71.86793,70.26379,68.54196,72.11103
10.19804,9.21954,9.21954,9.21954,8.544,8.544,7.61577,7.61577,7.61577,7.61577,6.7082,6.7082,7.2111,6.40312,5.83095,6.40312,5.65685,6.40312,7.07107,5.65685,6.40312,6.40312,5.65685,6.40312,6.40312,6.40312,7.07107,5.65685,6.40312,6.40312,5.83095,6.40312,5.83095,5.83095,5.83095,5.38516,5.38516,4.47214,4.12311,4.12311,4.12311,4.0,4.0,3.0,3.16228,3.16228,3.16228,2.23607,2.82843,2.82843,2.23607,2.0,64.77654,56.32051,57.48913,55.54278,56.08921,53.93515,49.47727,50.69517,44.14748,44.91102,41.78516,42.37924,39.0,42.15448,37.33631,37.21559,37.58989,39.11521,38.07887,38.83298,37.80212,32.80244,33.97058,33.30165,34.05877,36.12478,31.82766,36.06938,33.24154,36.23534,33.94113,36.12478,33.94113,34.82815,32.55764,31.89044,30.61046,32.44996,32.44996,30.8707,29.15476,25.63201,25.29822,24.73863,25.0,23.34524,24.0,21.09502,22.09072,21.58703,15.81139,17.72005,17.08801,15.81139,16.40122,16.64332,12.52996,31.14482,34.20526,35.8469,38.94868,40.31129,40.24922,42.04759,44.27189,48.08326,46.84015,48.08326,50.21952,53.15073,54.91812,58.24946,58.42089,62.39391,62.1289,64.38167,64.03124,65.00769,71.00704,67.0,68.00735,69.11584,68.11755,67.06713,69.18092,66.27217,69.35416,67.36468,68.18358,68.26419,68.02941,68.11755,65.06919,65.03076,66.0303,68.06614,67.02984,70.34913,67.18631,68.35934,66.61081,67.26812,69.58448,68.593,70.71068,69.05071,71.02112,69.72087,69.05071,72.00694,68.593,70.71068,69.58448,66.37017
10.63015,10.0,10.0,10.0,9.43398,8.60233,8.60233,8.06226,8.06226,7.61577,7.61577,7.61577,7.61577,7.28011,7.28011,7.28011,7.28011,6.32456,6.08276,6.08276,6.08276,7.07107,6.08276,6.08276,7.07107,7.07107,6.08276,7.07107,7.07107,6.08276,6.32456,6.32456,6.32456,6.32456,6.7082,5.38516,5.83095,5.83095,5.83095,5.0,5.0,5.65685,4.24264,5.0,5.0,4.47214,4.47214,4.12311,4.12311,4.12311,3.0,3.0,64.44377,61.6198,59.4138,58.0,57.28001,55.9017,53.15073,49.51767,48.9183,47.01064,45.48626,41.88078,42.72002,41.6173,43.56604,39.82462,39.92493,37.16181,35.4683,37.33631,35.1141,35.73514,34.78505,32.01562,32.01562,33.95585,36.34556,37.33631,34.52535,37.65634,37.48333,35.69314,34.52535,33.95585,34.9285,33.52611,33.83785,34.17601,34.53983,30.88689,30.23243,30.61046,27.45906,26.24881,27.65863,26.24881,24.20744,23.85372,23.70654,21.47091,21.18962,19.92486,19.10497,17.02939,16.12452,15.52417,13.92839,34.78505,35.73514,40.16217,38.01316,42.15448,42.54409,43.56604,44.94441,47.70744,47.43416,51.08816,52.00961,53.2635,57.38467,60.10824,62.96825,63.03174,61.7171,63.03174,66.21933,67.62396,70.0,71.84706,69.33974,70.17834,71.69379,68.96376,67.41662,69.97142,69.97142,69.11584,68.26419,70.17834,70.21396,68.50547,69.63476,68.00735,68.24222,69.40461,70.43437,70.29225,71.06335,70.0928,73.59348,70.17834,65.76473,70.00714,74.24958,72.12489,74.27651,74.95332,72.83543,72.13876,69.31089,72.13876,73.5527,77.07788
10.0,9.21954,9.21954,9.21954,8.60233,8.48528,7.81025,7.07107,7.07107,7.07107,7.07107,6.40312,6.40312,6.40312,5.83095,5.83095,5.83095,5.83095,5.38516,5.38516,5.38516,5.38516,5.38516,5.38516,5.38516,5.38516,5.38516,5.38516,5.38516,5.38516,5.0,5.0,5.0,5.0,5.0,5.65685,5.0,5.0,5.0,4.47214,4.47214,4.47214,4.12311,4.12311,4.12311,4.0,4.0,4.0,4.12311,3.16228,3.60555,3.60555,66.06815,61.7171,59.4138,56.0803,57.31492,52.40229,54.48853,48.83646,46.01087,47.50789,46.09772,42.80187,41.6173,43.60046,37.73592,37.21559,38.01316,36.24914,36.67424,32.89377,32.89377,32.57299,36.13862,32.57299,32.57299,33.24154,35.51056,34.23449,35.90265,32.24903,34.71311,33.73426,32.98485,36.40055,34.78505,33.83785,34.43835,31.7805,34.0,30.80584,31.38471,29.41088,27.01851,27.80288,29.06888,26.24881,24.83948,23.60085,23.25941,20.88061,20.88061,18.43909,19.64688,18.02776,18.24829,17.26268,15.52417,35.17101,37.33631,39.21734,42.94182,41.59327,45.48626,44.94441,43.60046,46.40043,49.81967,52.80152,55.97321,57.48913,60.1415,59.4138,62.93648,64.38167,65.29931,69.81404,69.06519,67.41662,68.7968,68.7968,70.17834,70.49113,72.20111,67.95587,70.71068,69.83552,72.94518,69.46222,70.71068,69.83552,70.83078,68.09552,71.86793,68.50547,72.8011,67.80118,70.43437,72.62231,71.70077,71.50524,72.24957,73.0,73.75636,71.06335,72.24957,73.5527,73.59348,75.66373,72.13876,75.00667,74.24958,71.42129,74.33034,72.34639
9.21954,9.21954,8.544,8.24621,8.544,7.28011,7.61577,6.7082,6.7082,6.7082,6.7082,5.83095,5.83095,6.40312,5.83095,5.65685,5.65685,5.65685,5.65685,5.0,5.65685,5.0,5.0,5.0,5.0,5.0,5.65685,5.65685,5.65685,5.65685,5.65685,5.0,5.0,5.0,5.0,4.47214,4.47214,4.47214,4.12311,4.12311,4.0,4.0,4.0,3.0,3.16228,3.16228,3.16228,3.60555,3.60555,2.82843,2.82843,3.16228,61.13101,62.0967,62.64184,58.5235,59.13544,51.62364,51.86521,51.86521,49.39636,46.61545,45.61798,41.59327,42.05948,41.14608,36.89173,38.27532,38.01316,36.87818,33.97058,35.38361,34.65545,33.97058,32.64966,30.4795,33.30165,33.30165,36.61967,31.90611,34.4093,34.82815,33.01515,32.20248,33.83785,32.01562,34.71311,33.24154,31.14482,33.42155,31.89044,30.61046,28.6007,28.6531,26.92582,27.85678,23.08679,25.0,23.76973,24.5153,21.0238,21.0238,20.02498,19.41649,17.72005,18.35756,16.12452,18.35756,13.0384,40.45986,36.76955,41.86884,42.0119,37.73592,42.19005,45.27693,47.88528,46.06517,48.75449,52.0,55.71355,57.58472,57.87055,58.5235,61.40033,61.13101,66.21933,67.44627,67.91171,68.73136,70.85901,70.34913,69.87131,72.33948,72.11103,72.06247,71.34424,76.32169,72.11103,71.25307,68.18358,71.34424,69.58448,71.34424,70.25667,69.87131,70.85901,67.89698,66.09841,69.857,70.0928,70.83078,75.0,69.37579,70.21396,72.42237,75.58439,73.05477,75.28612,76.55064,75.89466,74.0,74.46476,71.47027,76.53757,71.56815
11.18034,11.18034,10.19804,9.21954,9.21954,9.21954,9.48683,8.24621,8.544,8.544,7.61577,7.61577,8.06226,7.2111,7.2111,7.2111,7.2111,7.2111,6.40312,6.40312,6.40312,7.07107,6.40312,7.07107,7.07107,7.07107,7.07107,7.07107,6.40312,6.40312,7.2111,7.2111,7.2111,6.7082,6.7082,6.32456,6.32456,5.38516,5.38516,5.09902,5.09902,5.09902,5.0,4.0,4.0,4.12311,4.12311,4.12311,3.16228,3.16228,2.82843,2.82843,66.0303,64.0,59.13544,58.13777,57.14018,54.33231,52.61179,51.47815,45.54119,47.85394,44.72136,41.97618,43.41659,40.80441,41.10961,39.56008,37.16181,38.48376,37.57659,36.23534,37.44329,34.98571,34.1321,34.4093,35.80503,35.80503,34.4093,37.64306,34.20526,33.97058,35.60899,36.23534,35.0,35.60899,35.51056,30.52868,34.1321,34.48188,33.61547,32.89377,30.8707,31.62278,26.92582,27.16616,24.18677,25.01999,26.01922,22.0,23.76973,23.08679,20.61553,20.24846,18.35756,20.0,18.43909,17.02939,13.41641,32.80244,35.51056,38.47077,39.81206,42.05948,42.05948,43.68066,46.17359,47.67599,50.01,50.80354,54.74486,54.45181,57.42822,60.20797,62.07254,63.03174,65.00769,67.02984,64.12488,66.18912,68.73136,68.593,70.5762,69.58448,70.45566,70.61161,69.63476,70.40597,70.03571,67.26812,69.2315,67.46851,69.58448,71.70077,69.58448,68.18358,68.11755,64.00781,71.02816,68.02941,70.06426,70.00714,74.10803,69.00725,70.06426,68.02941,73.10951,73.00685,75.16648,71.44928,75.42546,71.17584,73.24616,73.17103,70.11419,73.06162
9.48683,9.48683,9.84886,8.94427,8.94427,8.544,8.06226,7.2111,8.06226,7.2111,7.2111,6.40312,6.40312,6.40312,6.40312,7.07107,6.40312,6.40312,6.40312,5.83095,6.40312,5.83095,5.83095,6.40312,6.40312,5.83095,5.83095,5.83095,6.40312,6.40312,6.40312,5.65685,5.65685,5.65685,5.65685,5.0,5.0,4.47214,4.47214,4.47214,4.47214,4.12311,3.16228,3.0,3.0,3.0,3.0,3.16228,2.23607,2.23607,2.23607,2.23607,65.14599,61.61169,60.72891,58.24088,53.14132,54.12024,50.32892,51.26402,45.31004,47.85394,44.28318,42.48529,41.67733,37.21559,37.73592,40.0,39.05125,38.41875,36.23534,31.82766,37.48333,31.82766,36.40055,34.71311,33.01515,34.20526,32.20248,35.51056,34.4093,35.80503,36.05551,35.0,32.80244,34.05877,34.20526,32.64966,34.05877,36.12478,32.52691,31.40064,29.68164,29.15476,27.73085,26.40076,24.69818,26.0,23.5372,22.80351,20.22375,22.2036,23.02173,17.26268,17.46425,17.46425,17.0,16.40122,16.27882,35.38361,37.53665,35.22783,42.43819,39.66106,44.29447,45.18849,43.38202,48.10405,46.61545,51.86521,54.78138,58.5235,56.61272,60.63827,60.87693,64.13267,64.53681,67.46851,67.47592,68.593,69.18092,67.26812,72.24957,70.11419,73.10951,71.02816,75.05998,67.00746,71.0,70.00714,73.02739,69.11584,70.02857,68.18358,67.18631,65.76473,69.58448,68.06614,69.05071,72.18033,66.75328,70.61161,69.37579,73.5459,75.69016,72.27724,70.21396,72.53275,71.8401,72.53275,73.05477,77.20104,69.64194,72.42237,75.28612,70.88018
10.0,10.0,9.05539,9.0,8.0,8.06226,8.06226,7.07107,7.07107,7.07107,7.28011,6.32456,6.32456,5.38516,5.38516,5.38516,5.83095,5.83095,5.83095,5.83095,5.0,5.83095,5.83095,5.0,5.83095,5.0,5.83095,5.0,5.83095,5.83095,5.83095,5.83095,5.38516,5.38516,5.38516,5.09902,5.09902,4.0,4.0,4.0,4.0,4.12311,4.12311,3.16228,3.60555,3.60555,3.60555,2.82843,2.82843,3.60555,3.16228,3.16228,64.49806,60.63827,60.67125,55.57877,53.46027,52.34501,47.51842,53.23533,45.04442,49.0408,46.01087,44.0,43.01163,38.20995,37.21559,34.71311,36.87818,34.48188,39.84972,33.24154,37.16181,31.95309,34.0,31.7805,29.73214,33.10589,34.0147,32.64966,31.76476,31.38471,32.75668,32.20248,34.0,35.77709,31.76476,32.89377,34.78505,34.71311,30.80584,33.37664,29.27456,29.06888,27.16616,29.06888,24.0,22.2036,24.04163,22.13594,23.70654,21.09502,21.09502,21.93171,19.41649,19.10497,15.81139,17.0,18.24829,34.53983,37.36308,38.47077,43.56604,42.10701,45.09989,45.04442,46.01087,46.01087,48.04165,54.14795,56.4358,55.14526,58.69412,60.40695,63.34824,64.7611,63.56099,66.94027,68.94926,70.83784,72.73239,71.30919,69.64194,71.30919,72.23573,75.02666,73.00685,70.77429,71.58911,70.26379,75.23962,71.30919,69.857,70.00714,72.44998,67.72001,68.15424,69.64194,68.65858,70.83078,67.46851,71.38627,70.21396,75.31268,69.87131,73.34848,71.44928,73.97973,72.00694,74.8131,76.79193,78.77182,69.58448,73.82412,75.13322,70.45566
10.0,9.21954,9.21954,8.60233,9.21954,8.48528,8.48528,7.81025,7.07107,7.07107,6.40312,6.40312,6.40312,6.40312,5.83095,5.83095,5.83095,5.83095,5.38516,5.38516,5.38516,5.38516,5.38516,5.38516,5.38516,5.38516,5.38516,5.38516,5.38516,5.38516,5.83095,5.83095,5.0,5.0,5.0,5.0,5.0,5.0,5.0,4.47214,4.47214,4.47214,4.12311,4.12311,4.12311,4.0,4.0,4.0,3.16228,3.16228,3.16228,3.60555,66.37017,55.9464,64.07027,59.36329,52.47857,56.0357,52.69725,49.92995,48.16638,48.60041,45.45327,42.63801,43.86342,41.72529,41.03657,37.53665,39.82462,36.87818,36.40055,34.82815,37.80212,35.22783,32.75668,34.0,31.30495,34.48188,31.7805,33.10589,33.12099,34.53983,31.01612,34.88553,33.61547,34.43835,31.90611,34.1321,32.64966,34.65545,29.73214,32.52691,32.01562,27.80288,27.45906,26.92582,24.59675,22.84732,23.08679,24.04163,22.36068,20.02498,21.0238,19.0,18.43909,18.97367,15.65248,17.88854,15.6205,37.85499,37.64306,36.76955,42.54409,39.82462,44.65423,46.40043,43.60046,46.40043,49.67897,51.08816,53.75872,57.31492,58.0,62.28965,61.07373,63.89053,63.60031,66.4003,67.6757,66.57327,72.20111,69.31811,68.60029,74.24284,71.58911,69.83552,71.58911,72.01389,73.82412,70.21396,73.3553,71.11962,72.01389,69.35416,70.66116,68.42514,69.83552,68.60029,69.11584,70.17834,70.72482,71.84706,72.42237,72.42237,74.02702,74.20243,73.60027,73.23933,72.11103,74.88658,74.8131,74.20243,70.80254,73.00685,72.94518,74.06079
9.84886,9.48683,9.48683,8.544,8.544,8.24621,8.24621,7.28011,7.07107,7.07107,7.07107,7.07107,6.0,6.0,6.0,6.0,6.0,6.08276,5.09902,5.09902,5.09902,5.09902,5.09902,5.09902,5.09902,5.09902,6.08276,6.08276,5.09902,6.08276,5.09902,5.0,5.0,5.0,5.09902,5.09902,5.09902,4.12311,4.47214,4.47214,4.47214,3.60555,3.60555,4.24264,3.60555,3.60555,3.60555,3.60555,3.16228,3.16228,3.0,3.0,65.76473,64.88451,57.93962,56.85948,56.30275,54.23099,49.76947,49.33559,49.33559,46.17359,42.2019,45.35416,42.57934,40.02499,39.45884,39.11521,35.0571,35.0,33.06055,36.12478,33.54102,36.49658,30.59412,31.32092,34.52535,33.95585,33.83785,32.57299,35.1141,35.44009,33.52611,35.1141,32.28002,35.4683,35.44009,32.55764,30.41381,34.1321,33.01515,32.01562,30.06659,28.16026,27.45906,28.63564,28.16026,26.92582,25.29822,23.25941,22.47221,22.2036,21.2132,20.0,16.27882,18.02776,16.12452,17.46425,13.15295,36.12478,36.12478,38.47077,40.80441,41.23106,38.8973,44.94441,47.53946,47.53946,48.33218,50.08992,52.3259,55.9017,59.16925,60.90156,60.74537,64.14047,65.60488,64.63745,70.60453,66.4003,72.47068,72.47068,73.24616,71.44928,73.0,70.17834,70.71068,72.24957,72.86288,70.76722,69.52697,70.93659,68.76772,72.34639,69.6563,69.02898,69.06519,69.06519,71.02112,72.40166,71.19691,74.30343,71.11962,69.35416,70.26379,72.47068,71.58911,75.58439,74.68601,78.29432,75.76939,73.82412,71.69379,74.24958,74.24284,71.58911
9.0,9.0,9.05539,9.05539,8.0,8.06226,8.06226,7.07107,7.07107,7.07107,6.08276,6.08276,6.32456,6.32456,5.38516,5.38516,5.38516,5.83095,5.83095,5.83095,5.83095,5.0,5.83095,5.0,5.0,5.83095,5.83095,5.0,5.83095,5.38516,5.38516,5.38516,5.38516,5.09902,5.09902,5.09902,5.0,4.0,4.0,4.12311,4.12311,4.12311,3.16228,3.60555,3.60555,3.60555,3.60555,3.60555,3.60555,3.16228,3.16228,3.0,64.03124,62.1289,60.20797,57.31492,52.46904,52.34501,50.24938,49.25444,47.07441,45.60702,45.89118,43.9659,42.05948,38.60052,40.16217,38.62642,38.62642,35.34119,36.24914,34.88553,32.75668,33.83785,32.20248,32.01562,30.0,31.40064,34.05877,34.82815,33.42155,36.06938,33.30165,31.89044,33.6006,32.20248,32.01562,30.52868,30.23243,29.52965,33.61547,32.69557,29.73214,29.61419,27.65863,27.29469,28.16026,26.01922,23.02173,23.34524,22.36068,19.92486,20.24846,20.61553,19.69772,16.97056,16.97056,17.20465,15.65248,35.80503,36.71512,37.12142,42.48529,43.08132,43.65776,41.10961,45.88028,47.53946,50.21952,53.60037,56.88585,55.7315,60.13319,62.20129,61.03278,63.07139,64.03124,66.00758,66.1211,66.18912,66.18912,69.35416,69.58448,69.72087,71.44928,69.87131,73.82412,70.85901,70.71068,69.72087,70.85901,67.36468,70.34913,69.58448,67.36468,64.28063,69.26038,71.25307,68.00735,69.06519,68.00735,70.00714,70.17834,73.06162,77.10383,75.10659,74.33034,72.1734,74.10803,73.24616,72.33948,74.02702,75.42546,73.06162,71.17584,72.44308
10.77033,10.77033,9.84886,9.84886,9.84886,8.94427,8.94427,8.94427,8.06226,8.06226,8.06226,8.60233,7.81025,7.81025,7.81025,7.07107,7.07107,7.07107,7.07107,6.40312,7.07107,6.40312,6.40312,6.40312,7.2111,6.40312,7.2111,6.40312,7.81025,7.07107,7.07107,7.07107,6.40312,6.40312,6.40312,5.83095,5.83095,5.83095,5.38516,5.38516,5.38516,5.09902,5.09902,5.09902,4.0,4.0,4.0,4.12311,3.16228,3.16228,3.16228,2.23607,66.09841,60.41523,62.16912,59.22837,56.04463,55.7853,49.47727,51.24451,44.64303,49.64877,46.23851,45.31004,43.46263,40.71855,39.82462,37.58989,40.22437,35.51056,38.27532,34.05877,40.31129,36.12478,34.65545,34.71311,34.71311,34.82815,35.38361,34.05877,35.60899,34.20526,32.01562,35.38361,32.55764,34.82815,36.06938,34.71311,33.30165,32.64966,36.23534,29.68164,32.64966,28.23119,31.7805,27.85678,26.0,26.4764,24.5153,25.31798,22.09072,26.01922,20.39608,20.61553,19.31321,17.0,15.65248,19.10497,16.27882,34.71311,37.20215,37.21559,42.05948,39.81206,43.08132,43.65776,44.59821,45.88028,46.84015,52.88667,53.60037,53.15073,56.08921,59.43904,58.69412,67.47592,60.13319,66.18912,67.06713,69.02898,69.0,68.02941,69.00725,71.11259,71.11259,73.17103,71.06335,68.02941,72.06247,69.11584,72.06247,70.17834,69.11584,70.02857,68.00735,67.06713,69.26038,67.18631,67.36468,69.18092,68.18358,72.56032,69.2315,74.1485,73.5459,70.40597,72.00694,73.1642,68.44706,74.1485,75.18643,76.15773,67.46851,71.06335,76.15773,73.34848
11.04536,10.04988,10.04988,10.04988,9.05539,9.0,9.0,9.0,8.0,8.06226,8.06226,8.06226,7.07107,7.28011,7.28011,7.28011,7.28011,6.32456,6.7082,6.32456,6.7082,6.7082,6.7082,6.7082,6.7082,6.7082,7.61577,6.7082,6.7082,6.32456,6.32456,6.32456,6.32456,6.08276,6.08276,6.08276,6.0,6.0,6.0,5.0,5.09902,5.09902,4.12311,4.12311,4.47214,4.47214,3.60555,3.60555,2.82843,2.82843,2.23607,2.23607,67.46851,63.32456,60.20797,58.24946,55.7315,52.34501,49.49747,52.23983,48.16638,47.16991,44.01136,44.01136,43.01163,41.0,40.04997,38.63936,37.33631,38.63936,34.71311,37.94733,34.78505,35.73514,32.31099,33.10589,34.53983,32.24903,33.54102,35.35534,34.0147,35.34119,36.23534,34.48188,33.10589,34.88553,36.76955,31.04835,35.4683,34.78505,34.20526,31.7805,30.26549,31.06445,27.01851,26.07681,26.01922,27.0,25.4951,22.2036,19.31321,22.84732,18.35756,20.24846,17.69181,21.2132,17.49286,14.31782,18.35756,37.33631,35.35534,37.65634,40.0,42.10701,40.0125,44.28318,44.18144,48.6621,48.27007,52.7731,53.85165,54.57105,60.16644,60.08328,62.64184,64.2573,66.70832,65.19202,63.69458,67.54258,68.44706,70.3278,69.11584,69.97142,70.3278,70.3278,70.83078,70.49113,69.35416,69.35416,69.31811,69.35416,69.35416,71.55418,67.97794,68.8767,66.21178,69.35416,68.35203,70.5762,71.7844,67.35726,72.27724,67.44627,75.18643,72.73239,73.24616,73.75636,76.65507,72.03471,73.1642,73.24616,72.56721,73.97973,69.12308,73.00685
