12.04159,11.31371,11.31371,11.31371,10.63015,9.21954,9.21954,9.21954,8.48528,7.81025,7.81025,7.07107,7.07107,5.65685,5.65685,5.65685,5.0,5.0,5.0,4.47214,3.60555,4.47214,3.60555,4.12311,3.16228,3.16228,3.16228,3.16228,3.16228,3.16228,3.0,3.0,3.0,3.0,3.0,3.0,3.0,3.0,3.0,2.0,3.0,2.0,3.0,3.16228,3.0,2.0,3.0,3.0,3.0,3.0,3.0,2.23607,77.10383,77.42093,74.63243,72.62231,73.75636,70.93659,65.8559,65.19202,59.4138,57.28001,58.0517,52.3259,52.3259,48.16638,43.13931,43.13931,42.42641,37.48333,36.06938,35.0,35.60899,33.6006,27.20294,28.30194,29.15476,26.92582,25.80698,24.69818,26.40076,22.47221,24.5153,21.0238,20.61553,23.19483,21.58703,22.56103,21.37756,20.22375,18.02776,19.41649,17.11724,18.11077,18.24829,19.0263,17.11724,17.02939,16.03122,15.29706,18.0,16.27882,17.26268,18.11077,20.02498,15.13275,17.26268,17.11724,17.46425,35.51056,36.76955,38.18377,41.86884,42.2019,41.34005,43.82921,46.95743,50.56679,51.86521,50.0,52.95281,56.7186,60.13319,59.00847,59.03389,66.1211,67.26812,66.09841,67.26812,70.61161,71.16881,68.68042,71.7844,73.40981,70.26379,72.44998,73.92564,71.34424,68.47627,70.49113,70.3278,67.95587,66.88797,66.28725,65.45991,62.42596,62.68174,62.68174,67.23095,62.76942,59.5399,62.64982,64.84597,63.06346,60.37384,62.64982,64.07808,65.79514,67.1193,67.23095,73.00685,76.55717,74.46476,76.02631,76.55717,82.76473
14.21267,13.45362,13.45362,12.72792,12.04159,11.31371,11.31371,10.63015,9.89949,9.89949,9.89949,8.48528,8.48528,7.81025,7.07107,7.07107,6.40312,6.40312,6.40312,5.83095,5.83095,5.83095,5.38516,5.38516,5.38516,5.38516,5.38516,5.09902,5.09902,5.09902,5.09902,4.12311,4.12311,4.12311,4.12311,4.12311,4.0,4.0,4.12311,4.0,4.0,4.0,4.0,4.0,4.0,4.0,4.0,4.0,4.0,4.12311,4.12311,4.12311,82.36504,77.02597,76.94154,74.33034,75.71658,71.02816,70.45566,66.8431,61.84658,57.48913,59.20304,54.67175,53.2635,46.09772,46.2277,41.40048,43.60046,39.11521,36.40055,35.0,35.8469,32.75668,29.96665,28.6531,26.40076,27.20294,25.96151,25.4951,22.2036,23.76973,24.33105,26.30589,20.09975,24.18677,19.0,23.02173,23.02173,17.02939,23.02173,21.0,21.0238,19.0263,19.10497,19.10497,18.68154,18.24829,18.68154,19.41649,18.43909,16.27882,20.22375,17.26268,18.02776,20.02498,19.0,19.0263,20.09975,34.98571,37.53665,41.03657,43.27817,45.22168,42.54409,42.94182,47.92703,51.26402,50.92151,52.88667,54.34151,59.43904,56.7186,62.20129,63.07139,68.0,64.19502,66.27217,68.593,69.857,71.80529,72.27724,70.60453,71.47027,71.16881,71.86793,69.77822,68.88396,72.44998,68.88396,68.42514,68.96376,67.1193,67.41662,67.74216,61.77378,64.88451,64.40497,63.50591,66.18912,60.00833,65.39113,61.46544,65.0,62.03225,63.32456,67.44627,70.5195,68.00735,72.27724,74.04053,74.0,72.12489,79.05694,80.99383,79.12016
14.86607,12.64911,12.64911,13.0,12.08305,12.08305,10.77033,10.77033,9.84886,9.84886,9.84886,8.544,8.544,7.61577,7.61577,6.32456,6.32456,6.32456,6.32456,6.08276,5.09902,6.08276,5.09902,5.09902,5.09902,5.0,5.0,5.0,5.0,4.0,4.0,4.0,4.0,4.0,4.0,4.12311,4.0,3.0,4.12311,4.12311,3.16228,3.16228,3.16228,4.12311,3.16228,3.16228,4.12311,3.16228,4.12311,4.0,4.0,4.0,81.21576,77.46612,74.95332,75.43209,72.12489,72.73239,70.88018,66.85058,63.69458,58.87274,56.0803,56.0803,54.12947,49.1935,48.76474,44.38468,45.69464,41.14608,37.16181,36.05551,34.20526,31.40064,30.08322,28.28427,27.45906,29.15476,27.89265,27.07397,26.07681,26.0,21.09502,23.19483,25.4951,22.09072,20.39608,23.08679,24.5153,22.56103,22.80351,15.52417,17.46425,16.76305,18.02776,19.92486,19.92486,15.52417,18.78829,18.35756,18.35756,17.88854,20.61553,19.92486,18.78829,17.08801,19.92486,18.24829,21.58703,35.22783,37.94733,37.69615,39.81206,42.43819,44.40721,46.2277,45.96738,49.51767,51.08816,52.43091,55.80323,57.42822,60.41523,61.26989,63.56099,65.0,64.19502,68.30813,70.83078,72.36712,71.84706,73.24616,73.06162,73.02739,74.0,70.17834,71.17584,71.34424,72.33948,67.47592,72.56032,70.03571,67.89698,67.26812,68.88396,62.80127,64.38167,63.15061,64.19502,66.27217,64.12488,65.19202,67.02984,64.00781,64.00781,64.00781,66.0303,69.00725,71.0,71.00704,76.05919,76.05919,72.00694,79.05694,80.1561,82.0975
13.0,13.0,12.08305,11.7047,11.7047,10.77033,10.44031,9.48683,9.48683,8.544,8.544,8.544,7.61577,7.61577,6.7082,6.7082,6.7082,6.7082,5.83095,5.83095,5.83095,5.0,5.0,5.0,5.0,5.0,4.24264,4.24264,5.0,4.24264,4.24264,4.24264,4.24264,3.60555,3.60555,3.60555,3.60555,3.60555,3.60555,3.60555,3.60555,3.60555,3.60555,3.60555,3.60555,3.60555,4.47214,3.60555,3.60555,3.60555,3.60555,4.24264,80.05623,74.68601,78.39005,75.02666,76.15773,71.16881,70.2282,65.14599,57.56735,57.56735,57.72348,54.12024,50.9902,50.21952,45.22168,44.94441,43.01163,39.56008,36.68787,37.0,34.88553,31.30495,28.30194,26.92582,28.30194,31.06445,26.07681,26.1725,24.08319,24.20744,25.4951,21.40093,22.2036,22.80351,24.16609,21.26029,20.61553,18.35756,22.2036,17.80449,21.09502,17.20465,17.46425,17.88854,18.78829,18.38478,19.72308,18.86796,14.56022,15.81139,18.38478,20.24846,18.02776,19.23538,20.24846,20.24846,21.26029,36.40055,36.67424,37.33631,39.05125,42.0,41.4367,43.41659,45.60702,49.0408,49.98,52.92447,55.00909,55.9017,60.03332,62.42596,63.41136,65.43699,65.19202,66.48308,67.62396,67.62396,72.62231,71.84706,69.40461,71.02112,71.02112,73.92564,68.42514,67.54258,71.11259,69.31811,67.1193,66.85058,67.41662,65.79514,65.19202,66.64833,63.52952,61.29437,64.88451,63.52952,60.82763,64.14047,66.57327,63.51378,65.45991,67.74216,64.63745,69.2026,67.80118,68.24954,75.43209,78.00641,72.42237,75.60423,79.40403,80.70936
13.89244,13.0384,13.0384,12.20656,12.20656,11.40175,10.81665,10.0,10.0,10.0,8.60233,8.60233,7.81025,7.2111,7.2111,6.7082,6.7082,5.83095,5.38516,5.38516,5.38516,5.09902,5.09902,5.09902,5.09902,5.09902,5.0,4.0,4.0,4.0,4.0,4.0,4.0,4.12311,4.12311,4.12311,4.12311,4.12311,4.12311,4.12311,4.12311,4.12311,4.12311,4.12311,4.12311,4.12311,4.12311,4.12311,4.12311,4.12311,4.0,4.0,82.49242,81.00617,75.66373,75.45197,73.24616,69.40461,70.0,65.60488,63.89053,58.41233,58.25805,56.40035,50.9902,52.49762,44.82187,44.40721,41.6173,40.80441,33.6006,35.51056,34.48188,31.76476,30.88689,27.313,26.83282,30.08322,26.24881,26.24881,22.80351,26.1725,25.07987,26.30589,25.4951,21.09502,24.02082,21.0,18.11077,20.02498,22.02272,21.0238,21.0238,18.24829,20.22375,19.23538,17.46425,18.02776,19.64688,19.41649,18.02776,19.92486,18.97367,19.10497,22.02272,21.09502,20.39608,22.2036,21.09502,33.83785,39.20459,43.13931,38.94868,43.26662,41.88078,45.17743,50.08992,49.0408,52.49762,52.49762,54.12024,57.97413,60.53098,63.28507,65.12296,64.00781,68.00735,66.27217,68.73136,70.03571,72.56721,73.97973,69.64194,73.68175,72.73239,72.23573,73.92564,72.09022,68.44706,72.01389,71.58911,68.47627,68.47627,69.46222,68.47627,65.8635,64.88451,63.56099,66.64083,63.95311,67.23095,63.32456,63.90618,60.92618,57.38467,64.84597,68.00735,69.89278,70.88018,69.64194,76.40026,77.16217,77.88453,77.7946,78.92401,82.63776
12.80625,12.04159,11.40175,10.81665,10.81665,10.0,9.43398,9.43398,9.43398,8.06226,8.06226,8.06226,7.2111,7.2111,5.83095,5.65685,5.0,5.0,4.24264,4.24264,4.24264,4.47214,4.24264,3.60555,3.60555,3.60555,3.16228,3.16228,3.16228,3.16228,3.16228,3.16228,3.0,3.0,3.0,3.0,3.0,3.0,3.0,3.0,3.0,3.0,3.0,3.0,3.0,3.0,3.0,3.0,3.0,3.16228,3.16228,3.16228,79.9062,80.61017,77.15569,74.51845,74.02702,71.56116,69.40461,65.21503,62.1289,60.53924,58.18075,53.53504,53.53504,48.02083,46.32494,43.01163,40.80441,37.73592,34.20526,36.40055,33.97058,32.80244,28.42534,27.58623,27.58623,25.0,25.23886,26.07681,21.9545,21.9545,22.84732,21.84033,21.54066,23.4094,19.64688,23.4094,23.76973,18.43909,19.92486,19.64688,16.49242,19.0263,17.02939,20.09975,20.22375,16.03122,18.0,16.03122,18.11077,15.0,17.02939,19.0263,19.10497,19.10497,20.02498,19.64688,19.23538,35.35534,35.51056,38.48376,42.72002,40.5216,44.14748,46.52956,49.09175,47.09565,52.0,55.14526,56.4358,56.56854,57.28001,61.40033,63.56886,69.07966,65.9242,67.97794,69.46222,69.46222,72.40166,71.28113,75.80237,74.41102,73.75636,71.44928,73.5527,71.50524,71.44928,70.0928,72.18033,68.0147,66.6033,68.68042,65.94695,66.46804,66.52819,65.76473,71.42129,65.76473,62.24147,67.26812,63.03174,64.53681,65.0,66.4003,70.21396,69.63476,69.63476,71.06335,71.21798,75.60423,74.20243,78.24321,81.68843,79.51101
11.31371,11.31371,11.31371,10.63015,9.21954,9.21954,8.60233,7.81025,7.81025,7.07107,6.40312,6.40312,6.40312,5.65685,5.65685,4.24264,5.0,4.24264,3.60555,3.60555,3.60555,3.60555,3.60555,3.60555,3.16228,3.16228,3.16228,3.0,3.0,3.0,3.0,3.0,3.0,3.0,3.0,3.16228,3.16228,3.0,2.23607,3.16228,2.23607,2.23607,3.16228,2.23607,3.16228,3.16228,3.16228,3.16228,3.0,2.0,3.0,2.0,79.24645,77.23341,77.07788,73.0,71.02816,66.28725,66.61081,64.66065,61.58734,55.75841,56.60389,52.47857,51.0392,45.27693,40.81666,41.59327,41.88078,38.83298,35.22783,32.80244,29.83287,29.41088,27.20294,25.4951,24.83948,27.01851,24.20744,21.9545,22.82542,21.40093,24.59675,21.47091,21.0238,20.88061,19.31321,19.31321,21.37756,20.39608,18.02776,17.11724,16.49242,17.02939,19.41649,20.09975,17.72005,18.24829,18.11077,18.11077,16.12452,20.0,20.02498,17.46425,18.02776,21.2132,20.22375,17.46425,18.78829,35.38361,37.20215,40.49691,42.05948,42.05948,46.23851,46.17359,48.05206,52.17279,54.45181,55.03635,57.00877,63.0,62.28965,65.37584,63.95311,67.08204,68.00735,70.5195,71.7844,69.46222,73.34848,75.66373,73.43024,72.40166,74.33034,72.00694,74.02702,69.6563,74.65253,69.42622,70.17834,70.17834,65.76473,68.0147,68.593,66.48308,67.20863,64.38167,68.0147,63.12686,65.94695,64.66065,65.80274,66.4003,68.41053,67.6757,67.1193,68.50547,73.24616,72.11103,76.27582,75.80237,76.844,78.81624,78.81624,80.28076
12.72792,11.31371,11.31371,10.63015,10.63015,10.0,9.21954,9.21954,7.81025,7.81025,7.81025,7.81025,6.40312,6.40312,5.65685,5.65685,5.0,5.0,5.0,5.0,4.47214,4.47214,4.47214,4.47214,4.47214,4.47214,4.12311,4.12311,4.12311,4.12311,4.12311,4.0,4.0,4.0,4.0,4.0,4.0,3.0,3.0,3.0,4.0,3.0,4.0,4.0,4.0,4.0,4.0,4.0,4.0,3.0,3.16228,3.16228,81.3941,78.56844,77.78175,70.76722,70.83784,65.94695,68.11755,66.4003,63.00794,54.40588,55.80323,49.64877,47.20169,48.25971,44.04543,41.23106,39.82462,34.4093,31.62278,35.0,29.06888,27.58623,28.01785,28.6007,24.20744,23.60085,24.41311,26.62705,22.82542,20.61553,21.54066,22.36068,22.36068,23.5372,21.58703,20.39608,19.64688,18.02776,18.38478,20.61553,20.22375,20.39608,18.02776,20.02498,19.0,20.02498,17.0,19.0263,20.09975,20.02498,18.0,18.24829,21.2132,19.23538,18.43909,20.61553,19.31321,36.35932,38.41875,43.84062,43.41659,44.94441,43.56604,46.06517,47.16991,50.92151,51.92302,55.54278,59.03389,59.68249,67.1193,63.03174,66.0303,65.37584,66.75328,67.60178,70.34202,69.26038,71.51224,75.39231,71.30919,74.68601,74.24958,72.89719,70.17834,71.86793,70.45566,71.28113,72.62231,69.02898,66.21933,68.41053,66.06815,69.63476,65.43699,65.0,64.07027,62.42596,62.1289,63.51378,69.11584,63.52952,58.30952,63.81222,66.24198,70.71068,70.23532,69.35416,73.82412,74.62573,74.30343,76.66159,75.47185,81.02469
13.0384,13.0384,12.04159,12.0,11.0,11.0,10.0,10.0,9.0,9.0,8.0,8.0,7.0,7.0,7.0,6.0,6.0,5.0,5.09902,5.09902,5.09902,5.09902,4.12311,4.47214,4.12311,4.47214,4.47214,4.47214,3.60555,3.60555,3.60555,3.60555,3.60555,3.60555,3.60555,3.60555,3.60555,3.60555,2.82843,3.60555,2.82843,2.82843,2.82843,2.82843,2.82843,2.82843,3.60555,3.60555,3.60555,3.60555,3.60555,3.60555,79.42921,79.07591,77.46612,75.13322,66.09841,66.1211,65.12296,62.07254,59.07622,57.14018,56.00893,52.00961,48.01042,45.0,44.01136,39.0,40.1995,36.12478,34.23449,32.24903,31.40064,27.89265,28.16026,26.24881,24.69818,22.84732,24.59675,25.55386,18.78829,23.02173,22.02272,21.93171,19.20937,21.26029,19.84943,19.84943,19.10497,19.84943,20.80865,16.97056,18.86796,20.0,18.35756,18.86796,18.35756,17.20465,16.55295,17.0,16.76305,14.31782,18.78829,22.13594,16.12452,18.86796,19.72308,15.6205,21.26029,35.0571,41.10961,39.62323,44.14748,46.57252,48.33218,46.61545,51.0,54.3783,53.85165,58.60034,60.959,61.6198,62.24147,66.8431,66.21933,70.43437,66.57327,71.56116,72.89719,70.21396,73.82412,70.68239,73.73602,74.94665,74.33034,72.8011,73.00685,72.78049,77.36924,69.857,72.36712,68.88396,69.05071,68.06614,66.28725,65.11528,63.34824,66.70832,64.03124,65.25335,61.68468,64.03124,64.84597,64.2573,59.46427,66.48308,68.70953,68.54196,70.26379,72.01389,72.23573,76.32169,73.53911,75.96052,79.84986,82.5409
11.6619,11.6619,10.81665,10.29563,10.29563,8.94427,8.94427,8.94427,7.61577,7.61577,6.7082,6.7082,5.83095,5.38516,5.38516,4.47214,4.47214,3.60555,3.60555,4.24264,3.60555,3.60555,2.82843,3.60555,3.60555,3.60555,3.60555,3.60555,3.16228,3.16228,3.16228,3.16228,3.16228,3.16228,3.16228,3.16228,2.23607,2.0,3.16228,2.23607,2.0,2.0,3.0,2.0,2.0,3.0,3.0,2.23607,3.16228,2.23607,2.23607,2.23607,75.02666,77.49194,69.57011,66.70832,69.92138,62.36185,63.56099,60.20797,55.9017,53.60037,50.35871,47.26521,46.69047,42.0119,40.60788,36.13862,37.48333,31.7805,30.59412,27.65863,27.89265,25.96151,24.69818,23.4094,22.36068,22.82542,21.63331,20.51828,19.20937,19.10497,22.02272,19.84943,20.0,19.10497,20.0,19.84943,22.02272,17.20465,17.80449,18.60108,17.02939,15.81139,15.81139,15.26434,17.0,13.41641,15.0,17.46425,15.65248,14.86607,20.24846,14.31782,18.35756,13.89244,17.69181,16.97056,14.86607,37.12142,40.80441,39.56008,42.57934,45.54119,45.0,48.04165,46.27094,52.17279,53.15073,54.57105,56.921,60.74537,61.46544,63.07139,63.63175,64.3506,68.60029,67.20119,74.27651,68.593,73.5527,69.42622,74.51845,73.60027,73.60027,73.23933,72.71864,71.69379,68.96376,68.47627,66.64083,67.1193,67.97794,67.62396,67.54258,62.64982,63.06346,63.06346,63.81222,60.82763,63.13478,61.91123,63.13478,64.14047,61.40033,65.45991,62.42596,67.1193,67.42403,71.02816,73.00685,70.49113,71.56116,78.54935,71.02112,77.89737
13.45362,13.45362,12.04159,12.80625,11.40175,10.81665,10.81665,10.0,9.43398,8.60233,8.60233,7.81025,7.2111,6.40312,6.40312,6.40312,6.40312,5.65685,5.65685,5.0,5.0,5.0,5.0,4.47214,4.47214,4.47214,4.47214,4.47214,4.47214,4.47214,4.47214,4.47214,4.47214,4.12311,3.60555,4.12311,4.12311,4.12311,4.12311,3.16228,3.16228,3.16228,3.16228,3.16228,4.12311,4.12311,4.12311,4.12311,3.16228,3.16228,3.60555,3.60555,83.09633,75.21303,76.844,69.06519,69.46222,69.83552,60.53924,61.7171,54.12947,58.60034,55.9464,50.9902,49.39636,42.48529,42.37924,40.24922,38.91015,31.62278,32.31099,32.20248,30.88689,28.6531,26.40076,27.80288,24.75884,24.83948,23.43075,22.02272,19.41649,23.02173,22.2036,21.63331,20.0,22.82542,18.60108,21.9545,21.09502,20.12461,21.0238,19.72308,17.0,19.23538,19.69772,20.24846,17.46425,17.08801,16.15549,18.38478,15.23155,18.38478,16.15549,18.35756,20.61553,15.81139,18.02776,20.24846,14.42221,37.64306,40.31129,42.80187,46.04346,44.29447,47.42362,48.10405,49.33559,52.39275,51.78803,58.42089,61.29437,62.0,64.0,66.1211,62.16912,70.85901,67.91171,71.16881,69.89278,70.77429,72.00694,74.30343,72.06941,74.09453,71.02816,72.8011,77.46612,68.88396,70.17834,67.89698,70.03571,68.593,67.17887,67.89698,68.593,60.87693,60.81118,63.12686,60.10824,65.79514,60.20797,64.03124,61.22091,64.66065,61.84658,65.80274,69.2026,66.06815,67.00746,68.8186,73.10951,74.02702,71.58911,73.75636,78.74643,76.41989
12.64911,12.64911,11.7047,11.40175,10.44031,10.44031,10.44031,9.21954,9.21954,8.24621,8.24621,8.24621,7.28011,6.32456,6.32456,6.32456,5.38516,5.83095,5.0,4.47214,4.47214,5.0,5.0,5.0,4.24264,4.24264,4.24264,4.24264,4.24264,4.24264,4.24264,3.60555,4.24264,3.60555,3.60555,3.60555,3.60555,3.60555,3.60555,3.60555,3.60555,3.60555,3.60555,3.60555,3.60555,3.60555,3.60555,3.60555,3.60555,3.60555,4.24264,3.60555,78.26238,78.79086,71.17584,74.09453,73.92564,64.62198,68.30813,60.44005,58.24088,54.57105,54.81788,49.64877,47.29693,46.32494,43.32436,41.48494,36.68787,35.1141,33.24154,32.69557,30.41381,29.06888,27.45906,26.07681,22.2036,24.83948,25.4951,25.4951,21.26029,27.20294,22.67157,23.02173,25.4951,22.47221,21.9545,17.0,22.47221,22.47221,20.12461,19.69772,20.59126,15.81139,19.23538,21.0238,15.23155,20.24846,17.49286,19.23538,19.31321,18.78829,17.72005,19.72308,17.08801,17.08801,22.47221,17.69181,19.10497,38.62642,39.56008,46.69047,43.18565,45.04442,45.01111,50.24938,52.61179,54.81788,53.75872,56.64804,61.84658,62.64982,63.52952,64.66065,68.00735,67.42403,71.8401,68.0147,70.76722,70.83784,74.51845,74.65253,74.51845,73.23933,71.28113,73.57309,69.46222,74.70609,67.08204,71.11259,67.53518,68.44706,67.1193,67.1193,65.74192,66.64833,65.76473,62.17717,62.26556,63.13478,61.91123,63.28507,65.45991,58.24946,60.21628,62.20129,66.8431,67.47592,69.02898,69.2026,71.06335,73.00685,77.66595,76.6094,73.23933,84.05355
13.89244,13.89244,12.20656,12.20656,11.40175,11.40175,10.81665,10.0,10.0,8.60233,8.60233,7.2111,7.2111,7.2111,7.2111,5.83095,5.38516,5.38516,5.38516,5.09902,5.09902,5.09902,5.09902,5.0,5.0,5.0,5.0,5.0,5.0,5.0,5.09902,5.09902,4.12311,5.09902,4.12311,4.12311,4.12311,4.12311,4.12311,4.12311,4.12311,4.12311,4.12311,4.12311,4.12311,4.12311,4.12311,4.12311,4.12311,4.0,4.0,4.0,79.05694,77.00649,75.80237,71.50524,75.28612,69.31089,69.31089,65.8559,60.20797,56.58622,54.48853,52.34501,48.10405,44.55334,44.55334,43.13931,41.03657,36.79674,34.65545,33.01515,32.44996,29.15476,27.29469,27.78489,26.41969,24.35159,24.35159,25.29822,23.76973,23.08679,24.33105,23.08679,23.08679,23.02173,21.0,20.09975,20.0,20.0,19.0263,21.0,21.37756,21.2132,21.09502,20.0,20.39608,19.10497,22.02272,19.23538,18.24829,21.2132,20.02498,19.41649,19.10497,18.02776,18.11077,17.11724,18.24829,38.01316,42.63801,41.7732,45.0,45.48626,48.54894,50.11986,49.76947,56.85948,53.45091,58.69412,59.03389,62.64982,65.12296,67.02984,69.18092,70.25667,70.85901,70.85901,68.68042,72.12489,75.28612,71.51224,72.89719,73.34848,72.47068,74.30343,75.29276,72.71864,73.78347,71.28113,72.94518,66.57327,67.1193,67.62396,67.95587,64.66065,62.43397,62.26556,61.58734,66.03787,61.29437,63.06346,63.06346,61.32699,63.56099,65.0,68.62215,68.35203,68.942,70.77429,74.46476,74.73286,75.15318,76.55717,83.7735,79.60528
13.0384,13.0384,12.20656,11.6619,11.18034,11.18034,9.84886,8.94427,8.94427,7.61577,7.61577,6.7082,6.7082,5.83095,5.83095,5.0,5.0,4.24264,4.24264,4.24264,4.24264,3.60555,3.60555,3.60555,3.60555,3.60555,3.16228,3.16228,3.16228,3.0,3.16228,3.16228,3.16228,4.12311,3.0,3.0,3.0,3.0,3.0,3.0,3.0,3.0,3.0,3.0,3.0,3.0,3.0,3.16228,3.16228,3.16228,3.16228,3.16228,76.53757,79.25907,73.82412,69.857,69.77822,66.85058,65.19202,61.68468,57.38467,57.58472,52.81098,50.96077,50.28916,42.44997,41.10961,41.10961,36.24914,34.53983,33.10589,31.01612,29.06888,27.78489,22.2036,24.83948,22.02272,23.43075,23.02173,18.02776,22.2036,21.47091,20.61553,19.72308,19.23538,19.23538,21.0238,20.61553,18.97367,21.47091,22.47221,19.64688,21.0238,19.31321,18.68154,21.37756,18.68154,18.97367,18.38478,19.64688,19.64688,18.68154,19.31321,19.64688,20.61553,20.88061,19.72308,18.78829,20.0,39.35734,38.8973,40.80441,43.93177,46.38965,44.04543,50.24938,50.24938,52.95281,55.10898,57.48913,59.48109,61.03278,60.92618,61.26989,65.76473,66.03787,70.17834,69.63476,71.06335,70.93659,72.86288,72.91776,75.16648,74.02702,74.20243,74.4043,72.94518,74.33034,71.56116,70.72482,66.7308,67.41662,68.60029,66.7308,67.1193,66.57327,61.58734,61.40033,62.1289,62.68174,61.85467,63.00794,66.21933,63.12686,59.66574,65.43699,64.38167,65.79514,67.26812,68.593,72.86288,70.76722,77.98718,77.62087,77.83315,79.40403
11.6619,11.6619,11.6619,10.81665,10.0,10.0,9.21954,7.81025,7.81025,7.81025,6.40312,6.40312,5.83095,5.83095,5.0,4.47214,4.47214,3.60555,3.16228,4.12311,3.16228,3.16228,3.0,3.0,3.0,3.0,2.23607,2.23607,3.16228,2.23607,2.23607,2.23607,2.23607,2.82843,2.82843,2.82843,2.82843,2.82843,2.82843,2.82843,2.82843,2.82843,2.82843,2.82843,3.60555,2.82843,2.82843,2.82843,2.82843,3.60555,2.82843,3.16228,78.0,74.73286,73.34848,69.77105,68.09552,63.28507,63.81222,61.05735,57.98276,53.00943,52.00961,50.24938,45.80393,41.34005,40.49691,38.83298,35.60899,31.90611,32.75668,27.73085,25.05993,23.4094,19.92486,23.4094,22.56103,20.09975,18.02776,16.27882,17.02939,17.02939,16.49242,17.26268,17.26268,15.23155,15.23155,14.56022,14.86607,11.6619,14.21267,15.26434,13.60147,13.0384,18.43909,17.80449,15.6205,14.86607,16.64332,18.38478,15.6205,17.69181,19.10497,16.40122,20.51828,20.61553,16.40122,18.35756,18.97367,38.94868,38.18377,41.10961,44.65423,49.39636,47.41308,49.0408,52.81098,52.88667,55.31727,57.55867,59.84146,63.3877,67.1193,62.0,66.18912,67.18631,69.46222,64.77654,71.30919,71.8401,75.89466,74.0,74.09453,75.6439,74.73286,73.34848,73.79024,72.47068,68.96376,72.06941,67.60178,67.1193,65.0,67.74216,65.0,61.77378,60.90156,64.88451,60.83584,59.9333,56.85948,60.16644,62.39391,61.98387,57.97413,63.32456,62.03225,65.96969,68.96376,67.91171,73.75636,74.46476,76.92204,76.53757,76.24303,76.53757
13.0,13.0,12.64911,12.36932,11.40175,11.40175,10.19804,10.19804,9.21954,9.21954,8.24621,8.24621,7.28011,7.28011,6.08276,5.38516,5.38516,5.38516,4.47214,4.47214,4.47214,3.60555,3.60555,3.60555,3.60555,2.82843,2.82843,2.82843,2.82843,2.82843,2.82843,2.23607,2.23607,2.23607,2.23607,2.23607,2.23607,2.23607,2.0,2.0,2.23607,2.0,2.0,2.0,2.0,2.0,2.0,3.0,3.0,3.0,3.16228,3.16228,80.60397,77.00649,83.60024,76.27582,68.00735,70.49113,64.66065,64.41273,59.05929,59.48109,55.00909,51.42956,47.41308,43.909,44.41846,39.44617,38.47077,34.48188,36.05551,29.20616,31.1127,27.01851,27.45906,22.67157,21.26029,22.62742,19.84943,18.02776,16.64332,14.86607,15.81139,18.97367,18.97367,15.23155,16.12452,14.31782,15.13275,14.31782,14.14214,13.34166,12.64911,13.0,11.7047,13.41641,12.52996,12.08305,15.81139,16.15549,16.55295,13.41641,13.60147,13.89244,17.88854,16.76305,15.81139,18.38478,21.2132,40.31129,43.04649,44.0,49.36598,47.67599,51.92302,51.5461,52.92447,55.54278,55.9017,60.37384,62.17717,64.14047,64.3506,70.80254,68.0147,75.0733,69.31089,76.41989,75.9276,73.40981,76.40026,73.00685,79.32213,77.38863,76.00658,74.43118,77.89737,70.23532,74.68601,67.1193,72.00694,72.01389,69.31811,73.34848,63.95311,64.88451,63.51378,60.03332,64.3506,66.85058,63.12686,65.43699,61.55485,68.11755,65.11528,65.06919,67.89698,69.29646,69.29646,70.83784,74.41102,80.62258,72.34639,82.807,83.4386,79.9062
12.04159,12.04159,11.04536,11.0,10.0,10.04988,9.05539,8.06226,8.06226,8.0,7.07107,7.0,6.0,6.0,5.0,5.0,5.0,4.0,4.12311,3.16228,3.16228,3.16228,3.16228,2.82843,2.23607,2.23607,2.82843,2.82843,2.23607,2.82843,2.23607,2.23607,2.23607,2.23607,2.23607,1.41421,2.0,2.0,2.23607,2.0,2.0,2.0,2.0,2.0,2.0,2.0,2.0,2.0,3.16228,3.16228,2.23607,2.23607,82.9759,81.88406,76.48529,75.23962,79.30952,72.1734,65.12296,63.0,65.00769,55.00909,56.00893,51.0,52.15362,48.16638,43.10452,43.01163,39.0,35.0,32.01562,32.14032,27.07397,25.17936,26.4764,21.58703,22.47221,18.97367,22.84732,19.23538,18.02776,16.55295,16.97056,17.02939,15.6205,14.14214,17.80449,15.81139,15.6205,16.55295,15.26434,15.23155,14.31782,12.64911,12.08305,11.40175,17.11724,18.24829,17.46425,13.60147,16.49242,16.03122,14.14214,17.08801,17.46425,17.46425,18.24829,15.23155,17.88854,41.0,43.32436,43.46263,47.88528,51.86521,49.81967,50.24938,55.17246,54.03702,58.25805,59.20304,61.58734,66.28725,66.03787,68.0,70.00714,70.38466,73.1642,71.51224,75.43209,76.68768,77.66595,75.80237,73.82412,72.33948,76.23647,76.1643,71.06335,73.10951,70.0,72.0,67.00746,70.06426,70.00714,72.0,68.18358,64.07027,62.1289,63.07139,62.28965,60.40695,65.0,62.58594,66.4906,60.16644,67.41662,67.06713,70.5195,71.86793,72.11103,74.67262,76.55717,78.18568,78.39005,78.18568,86.97701,81.90849
13.0384,12.20656,11.6619,11.6619,10.29563,10.29563,9.43398,9.43398,8.94427,8.06226,8.06226,6.7082,6.7082,5.83095,5.38516,5.83095,5.0,5.0,3.60555,4.24264,4.24264,2.82843,2.82843,2.82843,2.82843,3.60555,3.16228,2.23607,2.23607,3.16228,2.23607,2.0,2.0,2.0,3.0,2.0,2.0,2.0,2.0,2.0,2.0,2.0,2.23607,2.0,2.0,2.0,2.23607,3.0,3.0,3.0,3.0,3.0,75.9276,77.46612,76.57676,75.80237,74.20243,73.23933,67.1193,65.73431,60.53924,54.20332,53.33854,52.35456,50.47772,43.909,42.94182,38.58756,37.12142,34.4093,31.40064,29.0,27.58623,25.6125,21.40093,22.02272,19.10497,20.0,19.41649,20.59126,17.0,21.18962,15.81139,13.60147,17.11724,17.72005,18.02776,12.16553,15.0333,14.0,15.0333,16.0,14.0,10.19804,17.11724,14.31782,18.11077,15.52417,16.15549,17.08801,18.43909,13.60147,18.02776,18.24829,15.81139,16.49242,19.23538,17.02939,18.0,40.16217,42.72002,45.89118,47.16991,49.0408,51.0098,52.23983,54.12947,58.85576,56.32051,59.46427,65.14599,67.77905,65.74192,69.83552,68.09552,69.33974,71.61006,75.0,74.65253,71.50524,78.49204,75.74299,74.27651,73.24616,75.43209,75.60423,73.81734,69.63476,69.63476,72.11103,65.73431,66.57327,68.50547,66.85058,64.40497,64.89992,56.61272,64.2028,60.30755,65.19202,60.10824,62.96825,58.79626,62.24147,59.81639,61.22091,66.4003,68.24954,70.0,70.60453,72.42237,73.40981,81.02469,76.83749,77.62087,77.33693
13.41641,13.41641,12.52996,12.52996,11.6619,10.81665,10.81665,10.0,9.43398,8.60233,8.60233,8.06226,7.2111,6.7082,6.7082,5.83095,5.83095,5.38516,5.38516,5.38516,4.12311,4.12311,4.12311,4.12311,4.12311,4.0,4.0,4.0,4.0,3.0,4.12311,3.16228,3.16228,4.12311,3.16228,3.16228,3.16228,3.16228,3.16228,3.16228,3.60555,3.16228,3.16228,3.16228,3.60555,3.60555,3.16228,3.16228,3.16228,3.16228,4.12311,4.12311,76.02631,73.3553,73.3553,73.60027,73.06162,72.42237,60.0,62.80127,59.81639,58.00862,54.03702,48.27007,48.83646,45.60702,41.23106,38.58756,36.05551,35.22783,34.0,30.0,29.15476,29.06888,23.70654,22.84732,24.04163,20.39608,20.22375,20.02498,17.02939,16.0,15.0333,22.56103,16.12452,19.41649,18.43909,18.24829,20.24846,18.38478,18.38478,16.76305,18.38478,17.88854,16.55295,17.0,15.26434,17.02939,18.86796,18.02776,17.49286,15.6205,20.24846,18.35756,19.72308,20.80865,20.61553,19.31321,20.61553,43.84062,43.01163,45.48626,46.95743,52.20153,49.98,53.60037,53.15073,55.44367,55.3263,62.1289,62.1289,66.00758,70.25667,71.70077,70.03571,74.52516,73.37575,72.12489,72.09022,75.23962,75.15318,76.48529,77.82673,75.17978,75.17978,78.54935,72.11103,71.84706,71.28113,70.45566,67.41662,66.0303,70.45566,65.21503,63.51378,65.73431,63.63175,61.05735,63.63175,59.05929,60.37384,61.84658,61.84658,61.32699,65.19202,62.62587,63.24555,65.14599,65.52099,65.52099,74.2159,74.0,73.37575,79.69944,82.5409,76.89603
12.04159,12.04159,11.31371,11.31371,9.89949,9.89949,8.48528,8.48528,8.48528,7.07107,7.07107,6.40312,6.40312,5.0,5.0,5.0,4.47214,4.47214,4.47214,4.12311,4.12311,4.12311,4.12311,4.0,4.0,4.0,4.12311,4.12311,4.12311,4.12311,4.12311,4.12311,4.12311,4.12311,4.12311,4.12311,4.12311,4.12311,4.12311,4.12311,3.16228,4.12311,4.47214,4.12311,4.12311,4.12311,4.12311,4.12311,4.12311,4.12311,4.0,4.0,77.98718,75.60423,70.60453,74.63243,69.06519,63.63175,65.19202,58.18075,57.69749,50.53712,51.88449,48.37355,44.72136,41.18252,39.35734,36.05551,33.61547,30.80584,26.62705,30.61046,25.6125,25.4951,23.85372,22.02272,22.02272,18.35756,23.32381,19.31321,22.36068,19.41649,19.64688,21.58703,20.39608,19.0263,22.2036,19.10497,21.0238,17.0,19.0,19.0,20.0,20.0,17.02939,18.02776,18.24829,18.02776,19.41649,17.26268,16.03122,18.24829,20.09975,22.2036,19.0,20.02498,23.02173,21.09502,20.39608,39.82462,44.59821,45.60702,46.87217,50.08992,46.01087,49.09175,54.33231,55.3263,56.51548,58.5235,61.68468,64.84597,65.0,64.88451,67.74216,68.26419,71.86793,68.8186,72.47068,73.0,74.24958,75.74299,72.86288,74.51845,72.62231,74.8131,70.45566,69.89278,68.41053,67.6757,64.81512,68.60029,66.7308,62.96825,61.29437,59.81639,60.0,59.20304,60.60528,58.0517,60.82763,57.38467,60.87693,58.72819,59.39697,60.20797,62.00806,64.2028,67.35726,66.0303,72.42237,71.70077,74.02702,74.33034,77.15569,80.62258
12.04159,12.04159,12.0,11.0,10.0,10.0,9.0,9.0,8.0,8.06226,7.0,7.0,6.0,6.0,5.0,5.09902,4.12311,4.12311,4.12311,4.12311,3.16228,3.60555,3.60555,2.82843,3.60555,3.60555,3.60555,3.60555,3.60555,3.16228,3.16228,3.16228,3.60555,3.16228,3.16228,4.12311,3.60555,3.16228,3.16228,3.16228,3.16228,4.12311,3.16228,3.16228,4.12311,3.16228,4.47214,3.60555,3.60555,3.60555,3.60555,4.24264,75.00667,79.15807,70.25667,69.11584,74.24284,66.48308,65.49046,58.69412,58.85576,50.01,52.17279,43.56604,44.14748,40.60788,37.10795,33.06055,36.12478,30.41381,30.0,23.0,26.0,24.08319,22.13594,18.35756,21.54066,19.72308,18.60108,19.84943,17.69181,17.80449,19.20937,23.60085,22.47221,20.0,20.59126,19.41649,20.24846,22.84732,21.9545,19.31321,20.61553,21.54066,22.80351,21.47091,21.0238,23.4094,21.93171,25.07987,22.36068,22.36068,22.36068,22.36068,22.82542,19.41649,22.47221,19.84943,20.61553,45.22168,47.42362,56.0357,50.47772,55.60576,57.80138,55.15433,53.15073,62.96825,60.0,63.63175,68.88396,56.36488,70.38466,69.89278,71.70077,69.64194,76.68768,81.7435,76.23647,70.34913,79.9062,72.02777,72.1734,79.22752,75.53807,72.33948,71.02112,73.5527,70.5762,69.72087,65.49046,64.49806,65.76473,65.19202,63.50591,61.07373,60.29925,57.07889,63.00794,61.0,60.20797,56.56854,60.07495,59.5399,57.48913,60.01666,64.13267,65.73431,71.30919,72.42237,73.00685,71.80529,77.46612,74.1485,76.79193,80.60397
12.16553,11.18034,11.18034,10.19804,10.19804,9.21954,9.21954,8.24621,7.28011,7.28011,6.32456,6.08276,6.08276,5.09902,5.09902,4.0,4.0,4.0,3.16228,3.16228,3.16228,2.23607,3.16228,2.82843,2.82843,2.82843,2.82843,3.16228,3.16228,3.16228,3.16228,3.16228,3.16228,4.12311,3.16228,3.16228,3.16228,4.12311,4.12311,3.16228,4.12311,4.12311,4.12311,4.12311,4.12311,4.12311,4.12311,4.12311,4.47214,4.47214,4.47214,4.47214,82.56513,75.0,72.8011,70.21396,67.6757,69.28925,59.80803,63.97656,54.12947,58.30952,49.98,50.15974,45.31004,37.69615,37.57659,33.54102,31.01612,28.79236,27.51363,25.0,24.33105,19.23538,20.09975,18.11077,12.16553,14.56022,15.23155,15.23155,13.0384,12.04159,12.20656,13.0384,16.15549,15.26434,15.26434,14.86607,18.78829,18.68154,16.12452,20.09975,20.39608,20.39608,16.76305,16.76305,20.02498,18.68154,18.24829,18.0,23.02173,23.5372,22.80351,23.19483,23.4094,22.47221,22.36068,18.38478,23.25941,47.01064,50.47772,53.22593,56.0803,56.61272,57.00877,58.0517,61.29437,64.38167,65.03076,69.0,72.44308,71.34424,73.97973,79.24645,76.15773,78.58753,75.58439,80.65358,79.84986,77.47258,81.3941,75.80237,79.61156,78.49204,77.93587,77.20104,77.93587,73.40981,72.42237,67.42403,68.00735,64.81512,66.0303,67.1193,62.96825,58.66856,60.82763,59.5399,57.77543,60.16644,55.36244,58.82176,61.18823,59.43904,58.85576,61.81424,59.13544,65.19202,67.47592,65.37584,70.11419,77.31753,73.43705,78.16009,79.76215,81.3941
12.20656,11.6619,11.40175,10.81665,10.29563,8.94427,9.43398,8.06226,8.06226,7.2111,6.7082,5.83095,6.40312,5.0,3.60555,3.60555,3.60555,2.82843,2.23607,2.23607,2.23607,2.0,1.0,1.0,2.23607,1.41421,2.23607,1.41421,2.23607,2.0,2.23607,3.16228,2.23607,3.16228,3.16228,3.0,3.0,3.16228,3.0,3.16228,4.0,4.0,4.12311,4.0,4.0,4.12311,4.12311,4.12311,4.12311,4.47214,4.47214,4.47214,69.2026,72.11103,73.78347,67.95587,71.34424,64.49806,65.76473,57.24509,56.79789,51.42956,45.65085,45.17743,44.28318,40.81666,32.31099,35.8469,32.75668,27.29469,22.2036,25.0,19.20937,17.80449,16.97056,12.72792,13.60147,8.24621,9.89949,9.0,8.24621,7.28011,7.07107,8.544,11.6619,12.04159,10.81665,11.40175,15.0,14.31782,15.0,10.81665,12.08305,16.12452,14.31782,18.78829,17.88854,17.26268,16.55295,19.31321,19.31321,20.24846,21.84033,20.88061,21.93171,23.25941,23.60085,20.51828,21.09502,47.53946,49.24429,52.20153,48.41487,53.75872,55.31727,56.0803,61.40033,62.42596,64.66065,67.74216,66.64833,72.47068,71.17584,74.46476,75.89466,75.61085,76.15773,76.40026,77.46612,79.42921,78.63841,81.7435,76.79193,77.31753,79.05694,75.10659,78.00641,73.06162,69.02898,68.11755,63.0,67.1193,63.50591,64.19502,64.49806,60.01666,59.03389,56.29387,54.40588,56.64804,57.87055,55.15433,57.69749,53.23533,59.05929,59.16925,62.482,59.03389,62.36986,63.24555,69.52697,73.87828,77.46612,72.83543,75.74299,74.96666
11.18034,11.04536,10.19804,10.04988,10.04988,9.0,8.0,8.0,7.0,7.0,6.0,6.0,5.09902,5.0,4.12311,4.0,3.0,3.0,2.23607,2.23607,2.23607,1.41421,1.0,1.0,1.41421,0.0,1.41421,1.41421,1.41421,1.41421,1.41421,1.41421,2.23607,2.23607,2.23607,2.23607,2.23607,3.16228,2.23607,3.16228,3.16228,3.16228,2.23607,3.16228,3.16228,3.16228,3.16228,3.60555,3.60555,3.60555,4.24264,2.82843,81.49847,77.64664,69.87131,69.26038,71.25307,66.0303,61.07373,63.07139,62.07254,56.0357,51.0098,47.0,51.0098,39.31921,43.04649,38.01316,38.0526,27.29469,26.07681,25.01999,25.31798,24.69818,14.86607,16.49242,13.15295,11.40175,13.45362,10.63015,8.48528,8.60233,7.81025,11.40175,8.544,10.19804,9.21954,11.18034,11.31371,15.6205,14.86607,14.14214,13.45362,10.63015,12.20656,16.40122,17.69181,16.27882,15.26434,21.40093,17.02939,17.69181,18.43909,15.55635,24.83948,21.40093,19.10497,16.12452,20.61553,45.80393,46.87217,50.60632,53.22593,57.38467,52.49762,56.32051,59.22837,60.01666,63.50591,68.18358,66.00758,71.02816,73.00685,76.10519,74.8131,75.95393,76.79193,78.8543,76.40026,77.88453,85.3815,84.75848,76.55064,81.939,79.71198,76.15773,76.02631,73.34848,72.49828,73.40981,71.11259,65.9242,70.38466,68.15424,64.62198,62.93648,59.90826,59.48109,58.24946,61.0,60.29925,60.20797,60.00833,55.00909,60.20797,60.40695,63.3877,62.16912,65.11528,62.58594,72.53275,70.60453,73.1642,73.68175,71.47027,76.53757
12.52996,11.6619,12.52996,11.6619,11.6619,9.43398,9.43398,8.94427,8.06226,8.06226,7.2111,6.7082,6.7082,5.83095,5.38516,4.47214,4.12311,4.12311,3.16228,3.16228,3.0,3.0,2.23607,3.16228,2.23607,2.23607,2.23607,2.23607,3.16228,3.16228,3.16228,3.0,3.16228,4.0,4.0,4.0,3.0,4.0,3.0,3.0,4.0,4.0,4.0,4.0,4.12311,4.0,4.0,4.0,4.12311,4.0,4.12311,4.12311,78.0,75.58439,76.47876,73.92564,71.58911,66.57327,65.8635,66.03787,61.91123,56.85948,51.47815,48.25971,45.27693,46.87217,43.01163,36.05551,39.35734,33.12099,29.52965,30.41381,25.05993,25.4951,22.80351,21.37756,18.24829,18.11077,14.03567,13.15295,15.81139,8.48528,10.77033,12.04159,16.27882,14.86607,11.40175,14.76482,18.86796,15.81139,17.08801,15.13275,18.02776,16.49242,18.02776,18.68154,20.24846,18.11077,19.64688,21.37756,20.09975,21.2132,19.0,21.09502,24.33105,20.88061,23.08679,24.59675,19.69772,39.81206,40.4475,48.16638,49.0408,49.64877,49.0306,51.1957,53.85165,57.56735,60.53924,59.09315,61.7171,64.84597,66.57327,67.95587,67.95587,71.28113,71.70077,73.75636,72.24957,74.95332,74.24958,77.83315,76.48529,77.00649,74.02702,73.60027,69.2026,69.81404,75.60423,69.63476,71.61006,68.11755,65.29931,68.76772,66.21933,64.44377,65.19202,58.13777,59.4138,57.31492,60.959,60.80296,59.90826,61.77378,53.33854,58.59181,60.41523,63.56099,66.85058,73.1642,70.38466,71.16881,75.39231,77.83315,77.83315,80.77747
12.16553,11.18034,11.18034,11.18034,10.19804,9.21954,9.21954,8.24621,8.24621,8.06226,7.07107,7.07107,6.08276,6.08276,5.09902,5.0,4.0,4.0,4.0,3.0,3.16228,3.16228,2.23607,2.23607,2.23607,2.23607,3.0,2.23607,3.16228,3.0,3.0,3.0,3.0,3.0,4.0,4.0,4.0,3.0,3.0,3.0,4.12311,4.12311,4.12311,4.12311,4.12311,4.12311,4.0,4.12311,4.0,4.0,4.0,4.12311,85.37564,78.44743,85.16455,73.4983,72.44998,71.51224,66.85058,72.61543,62.39391,62.39391,58.18075,52.39275,53.33854,50.56679,42.95346,42.94182,37.16181,36.40055,32.31099,26.92582,27.45906,20.39608,22.80351,23.19483,20.09975,21.2132,18.24829,18.02776,15.23155,10.0,9.43398,12.72792,13.45362,13.60147,13.0,16.64332,19.23538,19.72308,20.88061,16.27882,18.11077,16.12452,20.61553,20.22375,23.4094,18.24829,19.10497,19.23538,24.5153,23.0,25.17936,26.92582,22.56103,23.25941,19.64688,21.93171,25.4951,39.11521,43.41659,44.77723,49.24429,45.88028,51.97115,53.33854,52.23983,60.03332,56.0,60.20797,62.514,65.9242,70.03571,73.5459,69.92138,74.94665,69.89278,76.05919,77.36924,76.47876,76.66159,75.591,76.66159,75.45197,78.49204,75.21303,75.60423,73.87828,75.60423,67.35726,73.87828,66.70832,69.02898,69.63476,67.80118,59.40539,62.80127,61.61169,56.93856,63.06346,56.36488,58.30952,56.85948,61.40033,55.9017,57.00877,62.58594,61.81424,67.74216,68.35934,72.99315,75.31268,72.83543,75.32596,78.08969,78.64477
13.0384,13.0384,12.04159,12.16553,11.18034,10.19804,10.19804,9.21954,8.24621,8.24621,7.07107,7.07107,7.07107,6.08276,5.09902,5.0,5.0,4.0,4.0,3.0,3.16228,3.16228,2.23607,2.23607,2.23607,2.82843,3.16228,2.23607,2.23607,3.0,3.16228,3.0,3.16228,3.0,4.12311,4.0,4.0,3.0,4.0,4.0,4.0,4.0,4.0,4.0,4.0,4.0,4.0,5.0,4.0,4.12311,4.12311,4.47214,72.27724,81.59657,76.2168,73.68175,75.39231,65.9242,65.9242,61.7171,65.79514,56.35601,55.00909,50.11986,49.24429,50.9902,41.14608,38.94868,38.48376,34.88553,34.43835,26.40076,24.16609,25.4951,22.80351,22.80351,22.36068,17.46425,14.31782,15.0333,11.7047,13.60147,14.42221,12.04159,16.40122,12.52996,14.76482,16.12452,17.20465,18.02776,16.55295,13.60147,22.47221,20.59126,15.23155,18.02776,15.26434,20.22375,18.97367,19.31321,21.93171,22.36068,21.09502,24.04163,24.69818,23.70654,26.41969,22.36068,21.40093,36.40055,39.96248,45.18849,44.92215,51.92302,46.09772,49.36598,51.35173,52.00961,60.03332,58.13777,59.4138,63.95311,63.32456,63.60031,70.5195,72.11103,72.61543,72.61543,74.79305,69.83552,75.29276,76.32169,78.81624,74.8131,72.67049,72.47068,71.06335,70.76722,67.47592,67.20863,67.35726,67.94115,65.94695,63.89053,61.6198,61.7171,57.62812,56.61272,58.24946,53.33854,59.94164,57.69749,59.23681,51.89412,60.72891,57.28001,56.51548,64.7611,61.81424,65.11528,68.06614,68.44706,74.1485,73.34848,77.27872,79.62412
13.0384,12.04159,12.04159,11.0,11.0,11.0,10.04988,10.0,9.0,9.0,8.0,8.0,7.0,6.0,6.0,6.08276,5.09902,5.09902,4.12311,4.12311,4.12311,3.16228,3.16228,2.23607,2.23607,2.82843,2.23607,1.41421,2.23607,2.23607,2.0,2.0,2.0,2.0,2.0,3.0,3.0,2.0,2.23607,3.16228,3.16228,3.16228,3.16228,3.16228,3.16228,3.16228,3.16228,3.16228,3.0,3.0,3.0,3.16228,79.51101,76.1643,78.23043,73.43705,74.00676,69.0,72.06247,68.02941,66.0303,56.0,58.07753,55.14526,48.09366,47.09565,43.04649,39.0,39.05125,34.0,36.01389,31.01612,26.07681,26.30589,25.17936,21.84033,19.41649,18.02776,16.49242,16.64332,15.0,13.89244,9.89949,12.64911,17.46425,13.34166,17.0,17.26268,15.29706,17.26268,19.0,14.03567,18.24829,22.2036,16.03122,17.11724,22.80351,21.37756,19.41649,21.2132,21.58703,22.36068,23.5372,25.70992,21.37756,19.23538,22.02272,22.0,21.09502,39.96248,44.68781,46.09772,48.27007,53.0,49.64877,51.88449,51.89412,53.85165,58.5235,61.03278,63.78871,66.09841,66.37017,67.26812,72.24957,74.16873,72.00694,74.06079,76.65507,77.64664,76.11833,76.29548,82.46211,79.07591,77.36924,75.58439,72.42237,74.09453,73.37575,69.64194,70.93659,72.11103,64.56005,69.28925,64.19502,64.56005,61.98387,51.92302,56.08921,58.85576,58.30952,53.46027,59.03389,56.00893,57.0,56.32051,60.82763,59.3043,65.73431,65.11528,64.7611,66.94027,67.18631,73.75636,79.30952,75.95393
11.18034,11.18034,10.19804,10.04988,10.04988,10.0,9.05539,8.06226,8.0,7.0,7.0,6.0,6.08276,5.09902,5.0,4.0,4.0,3.0,3.16228,3.16228,2.23607,2.23607,2.23607,1.41421,1.41421,1.41421,1.0,2.0,2.0,2.0,2.0,3.16228,2.23607,2.23607,2.23607,2.23607,2.23607,2.23607,3.16228,3.16228,3.16228,3.16228,3.16228,3.60555,3.60555,3.16228,4.12311,4.12311,3.16228,3.0,4.0,3.0,76.53104,71.17584,73.43705,72.0,72.0,67.36468,68.00735,65.03076,58.00862,59.03389,53.03772,51.35173,48.16638,43.10452,47.01064,37.01351,37.21559,33.24154,29.01724,30.14963,28.16026,25.17936,24.18677,17.46425,15.29706,15.81139,16.55295,17.0,10.63015,12.64911,12.52996,9.43398,14.56022,15.13275,14.14214,15.0,16.0,19.10497,16.49242,17.11724,20.22375,20.02498,20.22375,20.09975,19.64688,22.09072,17.02939,23.08679,19.0263,19.92486,22.09072,21.0,23.0,24.0,26.0,23.34524,23.76973,37.58989,38.27532,42.63801,44.55334,47.63402,48.9183,52.69725,54.3783,58.18075,58.18075,63.69458,65.19202,66.48308,67.35726,69.857,73.1642,70.45566,68.18358,75.32596,73.00685,74.00676,75.32596,80.399,82.49242,81.61495,75.66373,78.33901,74.46476,77.87811,74.46476,73.37575,72.53275,69.26038,69.12308,68.68042,65.51336,65.25335,63.15061,59.84146,58.69412,57.42822,56.0803,62.07254,60.00833,57.07889,61.98387,61.29437,62.39391,61.81424,63.78871,65.0,68.44706,73.5459,74.33034,69.64194,75.13322,74.52516
13.41641,12.08305,11.18034,11.7047,10.77033,10.77033,9.84886,9.48683,9.48683,8.544,8.544,7.61577,7.28011,6.32456,6.32456,5.38516,5.38516,4.47214,3.60555,3.16228,3.60555,3.60555,2.82843,2.82843,2.82843,2.82843,2.23607,2.0,2.0,2.0,2.0,2.0,2.23607,2.23607,2.23607,2.23607,2.23607,2.23607,2.23607,2.82843,2.23607,3.16228,3.60555,2.23607,3.60555,3.16228,3.16228,3.16228,3.16228,3.16228,4.12311,4.0,74.63243,80.70936,73.4983,70.72482,73.24616,71.58911,66.7308,58.18075,59.05929,55.9464,52.83938,47.41308,47.50789,46.8188,43.46263,40.31129,38.07887,34.53983,32.75668,29.41088,28.17801,24.83948,20.59126,18.60108,19.79899,22.02272,17.02939,17.80449,15.0,14.0,11.0,14.0,11.04536,17.0,17.0,13.92839,12.36932,13.41641,14.42221,18.38478,18.35756,19.23538,17.69181,17.02939,17.69181,20.80865,21.26029,19.84943,19.10497,21.47091,23.34524,26.1725,21.40093,22.80351,22.82542,23.76973,23.76973,41.10961,38.0526,44.28318,45.27693,48.76474,50.69517,52.55473,51.47815,55.47071,57.45433,60.80296,61.85467,68.0147,64.44377,65.11528,72.86288,72.18033,75.60423,72.8011,74.88658,77.38863,75.17978,80.05623,79.47956,77.47258,76.32169,74.94665,76.2168,75.27284,72.11103,71.8401,70.88018,70.83784,68.00735,67.6757,68.68042,67.41662,59.80803,63.24555,61.32699,59.09315,59.94164,59.05929,59.07622,55.47071,60.20797,60.60528,59.20304,64.03124,70.43437,66.8431,67.94115,70.03571,74.96666,80.80842,73.87828,75.82216
13.60147,12.36932,12.36932,12.16553,11.18034,11.18034,10.19804,10.19804,9.05539,9.05539,8.06226,8.24621,7.07107,7.07107,6.08276,6.32456,6.08276,5.38516,5.09902,4.12311,4.12311,4.47214,4.47214,3.60555,3.60555,3.60555,3.60555,2.82843,2.82843,2.82843,2.82843,2.82843,2.23607,2.23607,3.60555,3.16228,3.16228,2.23607,2.23607,2.23607,2.23607,3.16228,3.16228,3.16228,3.16228,3.16228,3.16228,3.16228,3.16228,3.16228,3.60555,3.60555,76.65507,71.06335,77.36924,72.00694,74.33034,71.02112,67.60178,64.28063,65.19202,58.30952,57.14018,54.14795,52.00961,49.0408,45.09989,46.17359,43.18565,42.29657,39.20459,33.54102,28.86174,32.55764,25.96151,23.76973,25.07987,22.56103,21.9545,20.0,20.24846,18.60108,19.10497,19.10497,20.51828,17.20465,18.60108,16.40122,19.41649,16.64332,17.49286,14.31782,18.97367,17.11724,15.81139,18.68154,13.89244,18.68154,18.68154,19.64688,16.76305,17.46425,16.0,18.11077,18.24829,16.76305,19.31321,19.23538,18.35756,39.05125,42.19005,44.91102,45.12206,48.10405,49.76947,53.23533,55.22681,53.82379,58.00862,58.89822,62.36986,67.17887,63.89053,66.8431,70.0,70.45566,73.57309,72.47068,74.32362,75.89466,79.12016,78.74643,74.46476,78.8543,75.96052,77.10383,73.97973,79.76215,74.1485,71.25307,70.5762,72.1734,73.33485,69.26038,68.46897,66.18912,64.77654,63.78871,63.15061,63.95311,65.96969,61.18823,62.64184,61.03278,65.78754,64.84597,62.76942,66.30988,70.5762,71.69379,71.58911,74.09453,71.30919,75.76939,76.32169,74.0
13.0384,13.0,13.0,12.04159,12.04159,11.04536,10.0,10.04988,10.04988,10.04988,9.05539,8.0,8.06226,7.07107,7.07107,7.0,6.0,6.0,5.09902,5.09902,5.09902,5.09902,4.12311,4.12311,4.12311,4.47214,4.47214,4.47214,3.60555,3.60555,3.60555,3.60555,3.60555,3.60555,3.60555,3.60555,2.82843,2.82843,2.82843,2.82843,3.60555,2.82843,2.82843,3.60555,3.60555,3.60555,3.60555,3.60555,3.60555,4.24264,3.60555,3.60555,79.07591,77.92946,76.65507,75.23962,74.16873,71.00704,73.02739,67.00746,64.00781,64.00781,61.0082,54.03702,54.00926,51.15662,47.09565,46.04346,45.04442,39.01282,35.0,33.06055,34.0147,29.15476,29.83287,26.92582,23.5372,26.24881,24.73863,23.70654,23.02173,20.59126,20.24846,20.59126,19.72308,20.0,20.61553,22.67157,20.80865,24.04163,17.69181,16.64332,19.10497,17.0,17.80449,17.0,18.86796,19.23538,18.60108,17.88854,17.49286,17.88854,18.60108,17.88854,19.41649,19.20937,19.84943,20.61553,20.61553,37.12142,42.0119,43.93177,43.68066,48.38388,48.46648,51.42956,54.08327,53.60037,57.2014,63.78087,64.38167,63.63961,64.53681,65.80274,71.56116,72.40166,74.79305,72.89719,76.55717,76.55064,74.63243,80.08121,81.32035,77.27872,80.41144,80.62258,78.77182,76.32169,78.31347,72.24957,73.17103,72.00694,71.00704,74.02702,67.1193,67.1193,66.18912,67.18631,65.19202,64.62971,62.80127,62.39391,66.94027,61.98387,62.36986,65.96969,64.51356,66.09841,68.62215,67.35726,68.30813,74.33034,73.1642,75.61085,80.65358,79.40403
12.04159,11.04536,11.04536,11.04536,10.04988,10.0,9.0,9.0,8.0,8.0,7.0,7.0,7.0,6.08276,6.0,5.0,5.09902,4.0,4.12311,4.12311,4.12311,4.47214,3.16228,3.60555,3.60555,3.16228,2.82843,2.82843,2.82843,2.82843,2.82843,2.82843,2.82843,2.82843,2.23607,2.23607,2.23607,3.16228,2.23607,2.23607,2.23607,2.23607,2.23607,3.16228,3.16228,2.23607,2.23607,2.23607,3.16228,2.82843,3.60555,2.82843,76.00658,73.17103,75.10659,76.53104,71.25307,69.35416,66.09841,67.08204,63.56099,59.66574,56.51548,51.78803,49.24429,47.07441,45.12206,43.56604,41.59327,37.48333,33.24154,35.22783,34.05877,30.06659,25.17936,26.0,25.07987,27.07397,25.07987,21.84033,18.68154,23.4094,19.92486,21.93171,19.41649,23.02173,19.69772,19.72308,20.61553,19.10497,16.27882,19.84943,16.97056,20.0,19.10497,15.6205,17.69181,16.27882,19.72308,17.49286,16.40122,17.80449,20.0,17.80449,22.80351,17.02939,20.0,17.49286,22.80351,37.65634,38.83298,42.72002,46.06517,46.32494,48.82622,48.60041,51.08816,52.34501,58.69412,62.20129,61.61169,63.81222,63.63175,65.30697,68.15424,69.89278,71.51224,73.37575,71.38627,78.26238,78.31347,75.42546,81.05554,78.0,77.02597,77.00649,76.1643,75.32596,74.67262,70.45566,75.32596,70.03571,69.2315,70.71068,67.08204,67.47592,67.89698,61.66036,63.1981,64.28063,64.07027,63.03174,61.07373,61.07373,62.0,64.12488,64.49806,62.96825,67.60178,68.73136,71.02112,73.5527,72.44308,79.51101,76.94154,82.1523
12.0,12.0,11.0,11.04536,10.04988,10.04988,9.05539,9.05539,8.06226,7.07107,7.07107,7.07107,6.08276,6.08276,6.0,5.0,5.0,5.0,4.0,4.0,4.12311,4.12311,4.12311,3.16228,3.16228,3.16228,3.60555,3.60555,2.82843,3.60555,2.82843,2.82843,2.82843,2.82843,2.82843,2.82843,2.82843,2.82843,2.82843,2.23607,2.82843,2.82843,2.23607,2.82843,2.23607,2.82843,2.82843,2.82843,2.82843,2.82843,2.82843,2.23607,75.00667,74.02702,73.00685,71.02816,72.02777,71.44928,63.07139,64.62971,60.82763,60.82763,54.58938,53.15073,49.64877,45.70558,44.14748,44.28318,37.33631,41.4367,37.21559,33.01515,36.05551,32.01562,27.29469,27.01851,24.08319,21.37756,22.56103,21.18962,24.16609,21.18962,22.47221,21.9545,21.63331,23.32381,21.09502,21.9545,18.43909,21.9545,22.2036,17.20465,19.20937,19.20937,20.51828,16.64332,18.43909,16.27882,19.10497,19.20937,19.84943,17.69181,17.69181,20.24846,20.51828,17.80449,19.20937,19.23538,20.61553,37.0,41.19466,41.7732,42.72002,45.18849,48.76474,46.32494,49.20366,53.2635,58.72819,56.56854,59.5483,62.00806,66.4003,68.50547,66.37017,68.47627,73.40981,73.00685,70.83784,76.90254,78.33901,76.11833,75.53807,75.42546,80.50466,77.10383,77.05842,72.06247,72.02777,71.17584,71.11259,70.11419,70.17834,70.11419,68.46897,64.12488,64.03124,64.03124,61.0,63.00794,61.03278,65.12296,63.28507,60.40695,62.514,63.50591,61.66036,65.11528,63.15061,67.46851,73.00685,73.75636,73.5459,73.75636,77.27872,75.42546
13.45362,12.72792,12.72792,12.04159,12.04159,10.63015,10.63015,10.63015,10.63015,9.21954,9.21954,8.48528,7.81025,7.81025,7.07107,7.07107,5.65685,6.40312,5.83095,5.83095,5.0,5.83095,5.0,5.38516,4.47214,4.47214,4.12311,5.09902,4.12311,5.09902,4.12311,4.12311,4.12311,4.12311,4.12311,4.12311,4.0,4.12311,4.0,4.12311,4.0,4.0,4.12311,4.0,4.0,4.0,4.12311,4.12311,4.12311,4.12311,4.12311,4.47214,73.00685,74.02702,70.80254,74.02702,72.20111,68.593,65.8559,62.93648,62.24147,54.45181,57.28001,50.20956,51.08816,46.75468,43.18565,41.01219,36.87818,34.65545,37.64306,34.20526,33.01515,29.68164,30.01666,25.4951,26.24881,26.92582,23.4094,22.80351,25.07987,21.37756,20.22375,24.18677,21.37756,24.0,20.09975,21.0,19.0263,21.09502,22.36068,20.22375,22.02272,20.02498,19.23538,20.02498,19.0263,18.97367,19.41649,18.97367,18.97367,20.88061,17.72005,19.64688,22.80351,20.88061,18.02776,22.02272,18.24829,37.64306,41.23106,40.31129,45.61798,47.16991,46.17359,49.47727,50.80354,53.75872,58.07753,56.0803,61.13101,62.514,66.4906,64.53681,65.25335,68.96376,67.6757,71.51224,72.49828,72.44998,75.66373,73.57309,73.23933,77.23341,72.34639,74.33034,76.6942,72.83543,71.42129,71.44928,72.86288,68.76772,65.76473,70.00714,63.63961,66.48308,62.2254,63.65532,62.00806,59.5483,63.89053,62.20129,62.00806,58.24946,59.36329,61.05735,64.88451,65.29931,63.52952,66.7308,70.71068,68.8767,70.23532,73.3553,75.13322,76.15773
11.31371,10.63015,10.63015,10.0,10.0,8.60233,8.60233,8.60233,7.81025,7.2111,7.2111,6.40312,6.40312,6.40312,5.0,5.0,4.24264,4.24264,4.24264,3.60555,3.60555,3.60555,3.60555,3.16228,3.16228,3.16228,3.16228,3.16228,3.16228,3.0,3.16228,3.0,3.0,3.0,3.0,3.0,3.0,3.0,3.0,3.0,3.0,3.0,3.0,3.0,3.0,3.0,3.0,3.0,3.16228,3.16228,3.16228,2.23607,72.13876,76.57676,73.0,73.10951,71.40028,64.63745,64.40497,62.96825,59.36329,55.47071,51.97115,49.24429,46.87217,49.09175,44.41846,41.18252,40.49691,34.4093,29.20616,33.01515,30.0,29.41088,26.87006,26.90725,27.65863,22.62742,25.0,23.70654,22.36068,20.12461,19.69772,19.92486,20.24846,18.68154,19.69772,21.18962,25.63201,23.08679,22.13594,23.4094,20.39608,19.64688,22.36068,18.24829,20.22375,20.39608,17.46425,20.39608,14.56022,19.0263,17.46425,21.37756,18.68154,20.88061,20.88061,19.72308,17.49286,37.01351,39.20459,40.0,40.81666,47.85394,47.16991,47.80167,47.85394,50.48762,59.68249,58.07753,58.00862,61.20457,59.21149,62.36986,69.63476,69.12308,70.2282,70.00714,72.47068,74.24958,75.47185,74.88658,78.49204,77.80103,76.6094,71.50524,73.59348,74.96666,71.42129,72.91776,70.72482,71.50524,64.03124,68.88396,65.29931,66.70832,63.63961,62.24147,60.82763,59.4138,62.93648,62.24147,66.06815,58.89822,59.81639,60.0,64.66065,65.60488,66.0303,66.85058,70.17834,72.47068,77.62087,72.62231,73.87828,76.57676
12.16553,12.04159,11.04536,11.04536,10.04988,10.04988,9.05539,9.0,8.0,8.0,7.0,7.0,6.0,6.08276,5.09902,5.09902,5.09902,4.12311,4.12311,4.47214,4.47214,3.60555,3.60555,4.24264,4.24264,4.24264,4.24264,4.24264,4.24264,3.60555,3.60555,4.24264,3.60555,3.60555,3.60555,3.60555,3.60555,3.60555,3.60555,3.60555,3.60555,3.60555,3.60555,3.60555,3.60555,3.60555,3.60555,4.24264,3.60555,3.60555,3.60555,3.60555,74.1485,69.05071,73.1642,66.75328,65.37584,64.07027,62.03225,57.03508,54.00926,57.07889,51.0,48.09366,45.04442,43.10452,37.0,37.0,37.05401,34.1321,30.0,28.44293,32.14032,22.2036,29.41088,30.67572,23.4094,24.69818,21.47091,25.55386,20.61553,20.61553,17.69181,24.20744,21.40093,24.08319,19.84943,23.43075,22.02272,22.67157,24.08319,20.0,19.79899,25.23886,19.10497,21.40093,22.02272,21.40093,20.80865,22.67157,20.61553,23.34524,20.51828,26.1725,22.02272,19.84943,19.20937,20.61553,21.0238,36.05551,43.17407,39.62323,46.09772,47.16991,47.51842,47.38143,51.97115,53.36666,55.36244,58.60034,62.17717,62.76942,64.07027,65.43699,65.8559,72.12489,69.42622,75.82216,70.0,73.23933,76.55064,76.53757,77.82031,76.55717,74.67262,75.58439,72.73239,72.8011,75.18643,70.34202,73.00685,68.65858,70.21396,68.06614,65.73431,64.93843,64.93843,61.61169,58.69412,61.13101,61.03278,61.40033,61.03278,60.16644,63.32456,63.15853,63.15853,60.41523,65.55151,61.7414,66.85058,70.5762,68.15424,73.38937,76.89603,77.49194
14.03567,13.0384,12.04159,12.0,11.0,11.0,10.0,10.0,10.0,9.0,9.0,8.0,7.0,7.07107,6.08276,6.08276,6.08276,6.08276,5.38516,5.38516,5.38516,4.47214,4.47214,5.0,5.0,5.0,5.0,5.0,5.65685,5.0,5.0,5.65685,5.65685,5.65685,5.0,5.0,5.65685,5.65685,5.0,5.65685,4.24264,5.0,4.24264,4.24264,4.24264,5.0,5.0,5.0,5.0,5.0,4.47214,4.47214,78.16009,74.02702,69.06519,68.06614,68.11755,65.27634,61.40033,59.68249,56.7186,51.78803,50.01,47.80167,46.87217,43.28972,41.59327,38.11824,37.21559,34.1321,30.01666,30.0,29.06888,27.16616,24.73863,22.36068,23.34524,24.33105,24.16609,21.18962,23.85372,23.60085,22.02272,22.47221,20.80865,21.93171,24.08319,24.75884,22.67157,21.26029,22.62742,23.34524,26.07681,22.80351,24.04163,21.26029,22.2036,20.61553,20.51828,24.75884,20.51828,19.20937,21.93171,23.43075,24.18677,23.32381,21.09502,23.4094,22.56103,39.31921,41.01219,43.28972,46.09772,48.76474,46.61545,47.41308,50.77401,56.60389,56.0357,59.81639,61.55485,63.03174,67.94115,69.2026,70.45566,71.34424,70.66116,73.3553,72.23573,71.7844,80.65358,77.12976,72.78049,79.42921,75.80237,78.63841,77.23341,73.06162,75.42546,71.00704,73.17103,71.02816,69.00725,66.1211,70.00714,65.0,66.06815,62.0,65.06919,63.03174,59.00847,60.13319,64.28063,60.07495,60.87693,60.82763,59.84146,64.32729,65.9242,64.32729,73.4983,72.56721,67.26812,74.33034,72.99315,79.40403
10.81665,10.81665,10.0,9.21954,9.21954,9.21954,7.81025,7.81025,7.07107,6.40312,6.40312,5.83095,5.83095,5.0,5.0,4.47214,4.47214,3.16228,3.16228,3.0,3.0,3.0,3.0,3.0,3.0,3.16228,3.16228,3.16228,3.16228,3.60555,3.16228,4.12311,4.12311,4.12311,3.16228,3.16228,3.60555,3.16228,4.12311,3.16228,3.16228,4.12311,4.12311,3.16228,4.12311,3.16228,4.12311,4.0,4.12311,4.0,4.0,3.0,69.42622,72.18033,68.11755,65.79514,66.46804,59.4138,60.10824,58.72819,54.03702,49.81967,49.81967,47.20169,44.04543,41.23106,36.87818,40.31129,35.35534,30.41381,29.69848,27.58623,25.0,23.85372,22.82542,25.4951,21.47091,22.47221,21.84033,24.08319,22.09072,20.0,22.02272,24.02082,22.2036,24.5153,21.0238,24.18677,23.02173,22.36068,25.0,23.08679,24.33105,23.34524,22.36068,23.34524,22.56103,22.02272,23.19483,21.09502,25.17936,21.0,23.08679,24.33105,21.2132,22.2036,23.5372,22.80351,25.07987,37.01351,39.62323,42.52058,45.60702,48.25971,46.06517,49.76947,51.5461,54.34151,54.91812,58.42089,59.3043,63.07139,66.00758,70.11419,65.30697,68.44706,72.78049,73.00685,75.76939,73.00685,79.15807,76.47876,76.02631,77.02597,78.77182,78.54935,76.05919,71.06335,75.9276,71.21798,68.62215,70.03571,68.593,67.20863,63.65532,62.96825,61.7171,61.55485,64.38167,63.70243,59.81639,57.62812,62.68174,57.42822,61.22091,59.90826,61.40033,64.63745,65.8635,62.64982,66.24198,71.19691,64.89992,71.11962,74.06079,68.8186
10.77033,9.84886,9.84886,9.43398,8.94427,8.06226,7.61577,6.7082,6.7082,6.7082,6.7082,5.38516,5.38516,4.47214,4.12311,4.12311,4.12311,4.0,4.0,4.0,3.0,4.12311,3.16228,3.16228,4.12311,3.60555,4.24264,4.47214,3.60555,4.24264,3.60555,4.24264,4.24264,3.60555,4.24264,4.24264,4.24264,3.60555,3.60555,4.24264,4.24264,4.24264,4.24264,4.24264,5.0,4.47214,3.60555,3.60555,4.47214,4.47214,4.12311,4.12311,66.28725,70.88018,65.25335,66.09841,62.64184,62.96825,57.87055,55.71355,51.07837,52.7731,49.0408,45.18849,41.4367,37.57659,36.76955,33.24154,33.54102,30.67572,27.89265,27.16616,26.01922,23.08679,23.08679,22.09072,19.41649,20.61553,18.97367,21.47091,23.02173,22.84732,20.0,21.9545,25.0,24.20744,25.0,25.23886,23.85372,24.83948,23.34524,24.08319,23.85372,23.34524,26.40076,24.04163,23.02173,23.43075,22.62742,24.04163,24.08319,24.20744,27.45906,23.02173,21.63331,22.82542,26.92582,25.63201,23.76973,36.76955,38.94868,42.0119,46.8615,44.55334,49.51767,45.48626,51.10773,53.7122,54.58938,57.38467,60.74537,61.98387,63.32456,64.32729,66.75328,71.70077,69.06519,73.0,71.11259,77.52419,74.43118,75.95393,76.48529,75.28612,76.24303,74.33034,74.33034,75.61085,74.84651,69.857,70.77429,68.54196,66.48308,66.70832,61.84658,62.39391,61.09828,59.80803,61.09828,61.03278,60.63827,61.61169,58.94065,60.20797,62.64982,61.39218,60.01666,62.80127,59.84146,63.28507,67.60178,68.46897,68.46897,72.56032,70.34913,73.75636
12.20656,11.40175,10.0,10.63015,9.21954,9.21954,9.21954,8.48528,7.81025,7.07107,6.40312,6.40312,6.40312,5.0,5.0,5.0,4.47214,4.47214,3.16228,3.16228,3.16228,4.12311,4.12311,3.0,3.0,4.0,4.0,4.12311,4.12311,4.12311,4.12311,4.12311,4.12311,4.12311,4.12311,4.12311,4.12311,4.12311,4.12311,4.12311,4.0,4.12311,4.12311,4.0,4.0,4.0,4.0,4.0,4.0,4.12311,4.12311,4.47214,74.33034,71.40028,70.45566,67.42403,64.53681,62.482,58.72819,61.55485,54.45181,50.20956,48.08326,43.18565,41.10961,43.18565,36.06938,35.35534,33.97058,27.80288,29.83287,29.15476,26.41969,24.59675,21.18962,20.12461,19.31321,22.13594,19.41649,20.22375,23.08679,21.09502,22.09072,21.58703,23.19483,24.35159,23.19483,22.36068,22.36068,24.5153,24.5153,25.96151,28.28427,25.4951,26.30589,24.73863,27.16616,26.1725,23.08679,27.01851,25.0,25.07987,25.07987,27.01851,28.01785,23.08679,25.17936,25.96151,26.40076,36.24914,42.19005,42.0119,47.42362,45.27693,50.0,49.40648,49.24429,55.4617,53.7122,59.90826,59.20304,62.58594,70.03571,68.593,70.02857,76.00658,71.17584,73.17103,76.94154,71.58911,78.8543,77.16217,77.83315,78.29432,73.82412,77.41447,76.47876,73.43024,74.94665,71.86793,74.43118,71.02112,69.33974,68.24222,64.63745,69.2026,63.24555,62.43397,62.68174,63.81222,59.16925,60.83584,60.82763,61.26989,64.84597,59.80803,64.07808,63.90618,66.12866,64.88451,67.77905,69.46222,64.07808,73.82412,76.05919,71.58911
12.52996,11.6619,11.6619,11.6619,10.81665,9.43398,9.43398,8.60233,8.60233,8.06226,7.2111,6.7082,6.7082,6.7082,6.7082,5.38516,5.38516,5.09902,5.09902,5.09902,5.09902,5.09902,4.0,5.0,4.12311,5.09902,5.09902,5.09902,4.12311,4.47214,5.09902,5.09902,5.09902,5.38516,5.38516,5.38516,5.38516,5.38516,5.09902,5.38516,5.38516,5.38516,5.09902,5.09902,5.09902,5.09902,5.09902,5.09902,5.09902,5.0,5.0,5.09902,74.06079,69.40461,72.67049,66.8431,59.5483,64.38167,59.46427,55.17246,52.34501,53.03772,47.38143,44.59821,43.18565,42.44997,36.12478,34.20526,35.60899,30.88689,28.84441,28.30194,25.94224,24.69818,22.36068,21.84033,21.84033,24.73863,19.10497,21.0,23.02173,22.2036,23.08679,23.08679,25.17936,25.70992,25.31798,26.68333,22.80351,28.16026,27.89265,27.65863,28.16026,27.45906,27.89265,26.57066,24.18677,23.34524,25.4951,26.30589,25.07987,27.16616,28.44293,28.28427,30.06659,28.0,24.5153,26.68333,25.07987,38.27532,39.82462,41.03657,46.8615,44.40721,48.02083,52.3259,51.47815,55.36244,55.65968,59.43904,59.68249,61.52235,67.06713,70.06426,65.06919,71.25307,68.06614,75.95393,72.56721,75.69016,81.32035,74.67262,77.38863,76.92204,72.44998,77.52419,76.8505,69.33974,76.27582,68.8186,69.89278,69.06519,71.02112,67.47592,68.00735,61.84658,64.2028,61.03278,61.61169,62.96825,61.29437,62.42596,60.41523,60.53924,61.77378,61.7414,63.56099,65.39113,64.40497,67.53518,65.30697,71.11259,66.30988,73.92564,73.79024,73.3553
12.80625,12.04159,11.40175,11.40175,10.81665,10.0,10.0,8.60233,8.60233,8.60233,7.81025,6.40312,7.07107,6.40312,5.65685,5.65685,5.0,5.0,5.0,5.38516,4.47214,5.38516,4.47214,5.38516,5.09902,5.09902,5.09902,5.09902,5.09902,5.0,5.09902,5.09902,5.09902,5.09902,5.0,5.0,5.0,5.09902,5.09902,5.09902,5.0,5.09902,5.09902,5.09902,5.09902,5.09902,6.08276,5.38516,5.38516,5.38516,5.83095,5.83095,70.00714,68.68042,70.17834,67.35726,67.94115,61.61169,59.20304,58.41233,50.47772,53.00943,45.80393,46.04346,45.60702,38.01316,38.28838,37.80212,35.35534,31.14482,28.3196,29.73214,25.6125,23.60085,28.30194,25.29822,21.54066,25.96151,21.58703,23.19483,20.02498,22.02272,24.18677,25.0,26.01922,26.07681,27.29469,26.0,27.29469,27.65863,27.07397,25.70992,27.65863,32.14032,29.06888,27.45906,26.30589,26.1725,28.16026,25.01999,29.06888,25.07987,27.01851,26.0,31.40064,28.28427,29.12044,28.23119,22.36068,36.76955,38.60052,42.54409,43.04649,46.61545,47.29693,45.88028,50.63596,56.4358,55.14526,59.00847,60.20797,63.1981,67.08204,67.89698,67.18631,71.8401,72.8011,74.46476,70.26379,75.591,78.03204,74.33034,76.2168,79.81228,75.28612,77.10383,74.33034,72.12489,71.42129,70.76722,73.53911,67.94115,67.89698,67.26812,66.48308,62.28965,60.959,61.84658,60.82763,62.24147,61.7171,61.6198,63.78087,59.46427,57.00877,61.03278,61.29437,62.1289,65.45991,64.40497,70.72482,67.95587,68.41053,72.67049,74.20243,75.80237
11.40175,11.40175,11.40175,10.63015,9.89949,9.21954,9.21954,8.48528,7.81025,7.81025,7.07107,6.40312,6.40312,6.40312,6.40312,5.83095,5.83095,5.38516,5.38516,4.47214,4.12311,5.09902,4.12311,4.12311,5.09902,4.0,5.09902,5.0,5.0,5.09902,5.0,5.0,5.0,5.0,5.09902,5.09902,5.09902,5.0,5.09902,5.0,5.0,5.0,5.0,5.09902,5.0,5.0,5.0,5.09902,5.09902,5.09902,5.38516,5.38516,69.2026,71.70077,72.62231,68.76772,62.62587,62.36986,59.39697,57.28001,53.8145,49.51767,47.38143,50.20956,45.27693,42.44997,37.48333,36.23534,37.53665,31.241,31.90611,30.88689,26.40076,25.55386,23.76973,24.35159,23.76973,20.39608,21.09502,23.02173,25.07987,24.02082,25.31798,23.02173,26.1725,27.29469,29.15476,24.18677,29.61419,25.96151,28.28427,25.70992,28.63564,27.16616,24.5153,30.59412,26.68333,26.68333,28.44293,25.07987,30.06659,28.28427,28.01785,27.0,28.16026,28.07134,29.27456,30.59412,26.92582,38.83298,40.45986,41.7732,43.27817,46.87217,47.50789,46.51881,50.92151,50.28916,56.04463,59.68249,60.67125,62.39391,66.06815,66.00758,68.11755,69.26038,70.03571,71.38627,73.4983,72.12489,74.46476,75.76939,76.55717,73.82412,77.82673,77.02597,76.66159,74.88658,72.67049,72.8011,70.21396,72.47068,71.21798,70.0,67.20119,65.94695,65.43699,63.89053,62.20129,62.42596,61.85467,62.1289,61.91123,59.68249,64.14047,63.13478,62.26556,67.1193,67.53518,66.70832,68.02941,72.01389,69.35416,74.70609,73.92564,74.62573
10.44031,10.44031,10.44031,10.44031,9.48683,8.24621,8.24621,7.28011,7.28011,6.32456,6.32456,6.32456,5.38516,5.38516,4.47214,4.47214,4.47214,3.60555,4.24264,4.24264,4.24264,3.60555,3.60555,3.60555,3.60555,3.16228,4.12311,4.12311,4.12311,4.12311,4.12311,4.12311,4.12311,4.12311,4.12311,4.12311,4.12311,4.12311,4.12311,4.47214,4.12311,4.12311,4.47214,4.47214,4.47214,4.47214,4.47214,3.60555,4.24264,4.24264,4.24264,3.60555,75.23962,65.78754,66.7308,67.35726,63.56886,57.28001,61.13101,61.68468,54.12024,53.60037,48.05206,45.89118,41.48494,38.07887,36.87818,30.8707,35.1141,30.46309,26.83282,27.29469,28.63564,24.18677,22.2036,21.93171,21.2132,22.02272,21.93171,22.36068,22.84732,24.16609,23.25941,25.63201,22.84732,24.35159,24.73863,27.51363,26.24881,23.76973,23.34524,28.63564,25.96151,27.313,29.61419,27.20294,25.31798,25.29822,26.24881,27.51363,24.69818,21.54066,28.23119,26.62705,27.78489,26.92582,30.0,25.6125,26.24881,36.76955,43.9659,41.0,46.09772,46.01087,46.27094,51.47815,50.48762,54.74486,52.63079,59.13544,57.69749,63.56099,69.11584,65.73431,63.41136,73.87828,70.0928,72.13876,76.38063,77.33693,79.20227,76.55064,77.93587,77.82673,75.17978,74.24958,76.48529,74.73286,77.62087,72.44998,71.7844,74.09453,70.93659,71.51224,68.30813,69.26038,68.94926,63.90618,66.48308,64.07808,62.76942,64.4748,65.74192,63.50591,58.13777,65.76473,64.07027,62.96825,68.09552,65.45991,71.86793,69.11584,64.49806,69.35416,76.66159,70.66116
10.44031,9.48683,9.48683,8.544,8.544,7.61577,7.28011,6.32456,6.32456,6.32456,5.38516,5.09902,5.09902,5.09902,5.09902,4.0,4.0,4.0,4.0,4.12311,4.12311,4.12311,3.60555,3.60555,3.60555,3.60555,4.24264,3.60555,4.24264,4.24264,4.24264,4.24264,4.24264,4.24264,4.24264,4.24264,4.24264,4.24264,4.24264,4.24264,4.24264,4.24264,4.24264,5.0,5.0,4.47214,4.47214,4.47214,4.47214,4.47214,4.12311,4.0,71.30919,70.71068,67.54258,65.76473,62.76942,64.89992,61.03278,60.60528,50.80354,51.86521,45.80393,43.56604,43.04649,37.21559,37.20215,34.1321,32.24903,28.63564,27.73085,29.96665,26.4764,24.73863,22.36068,24.02082,25.01999,23.02173,25.07987,24.33105,23.34524,24.5153,22.13594,26.4764,25.63201,27.20294,25.0,28.23119,25.4951,27.29469,25.4951,29.54657,23.76973,25.96151,26.92582,23.76973,26.92582,23.5372,27.89265,27.89265,26.92582,26.68333,25.29822,26.30589,26.01922,27.0,26.07681,25.31798,27.45906,35.35534,38.07887,39.0,44.94441,43.60046,46.01087,47.38143,51.08816,50.80354,53.25411,58.30952,63.13478,61.29437,64.88451,70.93659,66.48308,69.857,72.33948,77.64664,70.00714,74.00676,78.31347,71.17584,75.31268,76.29548,79.07591,74.46476,76.24303,73.1642,73.92564,73.40981,71.30919,69.46222,68.942,70.68239,69.77822,67.23095,65.39113,62.64982,64.51356,62.62587,64.07808,61.46544,62.62587,62.36185,59.20304,61.0,60.16644,64.03124,64.03124,67.91171,65.25335,70.0928,70.34202,68.96376,74.0,74.04053
11.0,11.0,10.0,10.04988,10.04988,9.05539,9.05539,8.06226,8.06226,8.06226,7.07107,7.0,6.0,6.0,5.0,5.0,5.09902,5.09902,4.12311,4.12311,4.12311,4.12311,4.47214,3.60555,4.47214,3.60555,4.24264,3.60555,4.24264,4.24264,4.24264,4.24264,4.24264,4.24264,4.24264,4.24264,4.24264,4.24264,4.24264,4.24264,4.24264,4.24264,4.24264,4.24264,5.0,5.0,5.0,4.47214,4.47214,4.47214,5.38516,4.12311,76.1643,74.02702,67.02984,66.0,68.06614,63.03174,62.1289,61.20457,53.08484,49.25444,49.64877,48.25971,45.27693,39.11521,37.05401,38.11824,37.01351,33.0,30.06659,26.1725,28.63564,27.45906,24.69818,24.18677,22.84732,25.05993,24.69818,22.47221,22.67157,24.41311,26.1725,28.28427,24.75884,27.01851,26.90725,24.83948,25.4951,26.40076,21.93171,29.20616,26.24881,27.65863,29.0,26.24881,27.65863,23.34524,26.87006,26.24881,27.01851,25.45584,25.4951,30.0,27.20294,26.07681,26.07681,26.83282,28.4605,37.36308,38.32754,42.0119,46.09772,44.72136,47.85394,47.43416,52.49762,53.31041,55.9464,62.1289,61.03278,65.21503,69.02898,66.46804,71.50524,75.82216,69.89278,74.63243,76.53757,77.41447,78.29432,80.23092,79.69944,78.16009,80.36168,78.8543,78.8543,73.34848,74.8131,73.5527,70.34913,73.5527,74.54529,70.5762,70.25667,65.27634,64.19502,65.19202,67.26812,64.77654,62.28965,60.67125,67.26812,61.61169,56.88585,61.61169,60.87693,63.32456,63.89053,65.80274,69.12308,72.27724,68.68042,73.75636,72.12489,71.84706
11.6619,11.6619,11.18034,10.29563,10.29563,10.29563,8.94427,8.94427,7.61577,7.61577,7.61577,6.7082,5.83095,5.83095,5.0,5.0,5.0,5.0,4.24264,4.24264,4.24264,3.60555,3.60555,3.16228,3.60555,3.60555,4.47214,4.12311,4.12311,4.12311,4.0,4.12311,4.0,4.12311,4.12311,4.12311,5.09902,4.12311,4.0,4.0,4.12311,4.12311,5.09902,4.12311,4.12311,4.12311,4.12311,4.12311,4.47214,4.47214,5.0,4.24264,73.5527,73.24616,69.42622,66.6033,62.80127,64.63745,56.61272,55.75841,53.85165,49.09175,49.40648,44.10215,44.82187,42.19005,35.60899,33.42155,33.83785,30.61046,28.3196,27.58623,25.6125,23.43075,23.02173,21.54066,21.09502,22.80351,22.56103,23.76973,20.39608,22.2036,23.08679,24.02082,20.0,22.02272,23.08679,24.02082,21.09502,23.02173,27.01851,27.07397,27.07397,26.07681,24.02082,26.07681,27.07397,23.08679,25.01999,25.01999,27.01851,26.01922,26.1725,26.1725,22.36068,24.5153,28.4605,26.40076,25.05993,37.48333,39.82462,39.11521,46.32494,46.51881,47.42362,48.38388,52.88667,55.31727,55.57877,56.0357,61.0082,62.00806,65.27634,70.45566,68.44706,72.8011,73.76313,74.0,74.46476,74.68601,76.05919,76.05919,77.66595,77.20104,78.24321,78.1025,74.51845,72.86288,77.78175,74.27651,74.95332,70.0928,67.94115,70.0928,66.6033,66.46804,65.76473,60.959,60.82763,64.38167,62.24147,62.24147,62.36986,60.1415,60.1415,61.22091,62.42596,66.4003,63.82006,67.20119,69.2026,70.0,67.00746,73.75636,71.40028,71.06335
11.40175,11.40175,10.63015,11.40175,10.0,8.60233,8.60233,8.60233,7.2111,7.2111,6.40312,6.40312,6.40312,5.65685,5.65685,5.0,5.0,5.0,4.47214,4.47214,4.47214,4.47214,4.47214,4.12311,4.12311,4.12311,4.0,5.09902,5.09902,4.0,4.0,5.0,5.0,4.0,4.0,5.0,5.0,5.09902,5.0,5.0,5.0,5.0,5.0,5.0,5.09902,5.09902,5.09902,5.09902,5.38516,5.38516,5.38516,5.0,73.59348,72.86288,68.68042,65.29931,62.20129,61.03278,59.07622,55.44367,53.33854,53.0,48.54894,44.94441,40.81666,38.47077,38.58756,34.98571,31.62278,28.01785,26.40076,26.87006,22.80351,25.45584,25.23886,22.47221,19.23538,22.47221,24.04163,21.58703,21.37756,23.08679,21.2132,21.84033,24.08319,24.5153,24.0,23.5372,26.1725,21.0238,28.44293,25.07987,24.0,24.08319,23.02173,23.34524,24.02082,24.18677,23.02173,26.30589,23.76973,27.29469,26.4764,25.70992,28.79236,27.29469,26.62705,24.41311,25.80698,39.39543,38.58756,43.60046,43.86342,45.27693,46.40043,48.82622,50.11986,52.3259,55.36244,56.64804,60.41523,62.96825,64.13267,64.19502,73.02739,69.02898,71.25307,71.84706,72.78049,75.58439,75.89466,77.83315,77.07788,77.87811,79.64923,76.66159,74.94665,74.62573,75.0,71.84706,69.6563,71.58911,70.93659,70.0928,70.00714,66.70832,61.6198,62.96825,61.6198,62.80127,61.22091,61.40033,62.20129,58.82176,60.60528,60.46487,60.03332,64.3506,62.96825,65.8635,67.42403,67.95587,69.06519,71.56116,72.20111,73.81734
11.6619,11.18034,10.29563,10.29563,9.84886,8.544,8.544,7.61577,7.28011,6.7082,5.83095,5.83095,5.83095,4.47214,4.47214,4.24264,4.24264,3.60555,3.60555,3.60555,3.60555,3.60555,3.16228,3.16228,3.16228,3.0,3.0,4.0,4.0,4.12311,4.0,4.0,4.0,4.0,4.0,4.12311,4.12311,4.0,4.0,4.0,4.12311,4.12311,4.0,4.12311,4.0,4.0,4.0,4.0,4.12311,4.12311,4.12311,4.47214,73.43024,67.1193,71.11962,69.31811,68.942,61.7414,60.16644,55.36244,53.75872,53.75872,47.16991,44.92215,43.9659,39.92493,35.4683,33.52611,28.79236,30.8707,26.92582,26.40076,27.01851,24.69818,22.80351,21.26029,21.26029,20.24846,19.31321,23.4094,21.0238,19.92486,16.76305,19.92486,24.18677,21.0238,23.5372,20.09975,22.0,19.0263,20.09975,20.39608,22.36068,21.37756,26.07681,23.08679,24.08319,23.02173,22.0,28.01785,23.19483,24.18677,26.30589,25.70992,24.5153,26.92582,26.24881,26.40076,23.32381,35.35534,38.47077,38.01316,41.48494,45.12206,44.40721,46.04346,51.0098,55.22681,53.33854,58.69412,59.43904,60.63827,68.41053,70.00714,69.35416,74.30343,74.30343,76.02631,74.02702,75.82216,81.56592,79.93122,77.07788,76.6942,81.8352,78.60025,78.81624,74.88658,77.10383,74.09453,74.79305,73.92564,70.66116,70.21396,71.55418,67.1193,65.51336,65.36819,63.51378,64.66065,62.68174,65.45991,64.63745,58.82176,66.28725,67.80118,64.2028,65.29931,68.24954,67.35726,70.03571,74.51845,72.91776,73.87828,73.4983,75.28612
11.6619,11.6619,11.6619,11.40175,10.81665,10.0,9.21954,8.60233,8.60233,8.60233,7.81025,7.2111,7.2111,5.83095,5.83095,5.0,5.38516,4.47214,4.47214,4.12311,4.12311,4.12311,4.0,4.12311,4.0,4.0,4.12311,4.12311,4.12311,4.12311,4.12311,4.12311,4.12311,4.12311,4.12311,4.12311,4.12311,4.12311,4.12311,4.12311,4.12311,4.12311,4.12311,5.09902,4.12311,5.09902,5.09902,5.0,5.0,5.0,5.0,5.09902,74.63243,68.60029,71.28113,69.35416,65.73431,66.52819,63.25346,61.55485,55.9017,54.45181,48.79549,48.83646,48.16638,38.94868,38.18377,37.01351,34.82815,31.06445,27.78489,26.40076,26.40076,23.4094,22.80351,23.4094,22.47221,22.2036,22.09072,25.31798,19.10497,19.23538,20.39608,20.24846,16.76305,24.69818,22.13594,20.61553,23.25941,24.16609,23.70654,22.47221,21.9545,24.59675,22.36068,21.63331,22.82542,23.32381,23.70654,22.36068,24.69818,21.93171,26.0,24.59675,26.83282,23.76973,25.70992,25.17936,26.01922,36.61967,40.31129,40.80441,45.60702,42.72002,45.69464,46.09772,53.45091,51.24451,57.48913,55.7853,60.40695,61.66036,66.1211,68.0,64.19502,72.33948,71.84706,74.33034,73.4983,77.49194,78.43469,76.32169,79.20227,77.82031,77.36924,76.66159,76.8505,72.42237,78.81624,74.4043,75.21303,71.8401,72.20111,72.47068,68.11755,68.60029,69.06519,67.42403,64.66065,65.45991,61.40033,65.51336,62.64982,64.49806,62.64982,60.41523,63.56099,65.30697,64.88451,67.23095,70.77429,74.32362,68.54196,76.48529,77.38863,77.36924
12.08305,11.18034,11.18034,10.29563,10.29563,9.43398,8.06226,8.06226,7.2111,6.7082,6.7082,5.83095,5.38516,5.38516,4.12311,4.12311,4.12311,4.12311,4.0,4.0,3.0,3.0,3.16228,3.16228,3.16228,3.60555,3.60555,3.60555,3.60555,4.24264,3.60555,3.60555,2.82843,3.60555,3.60555,3.60555,3.60555,3.60555,3.60555,3.60555,3.60555,3.60555,3.60555,3.60555,4.24264,3.60555,4.24264,4.24264,4.24264,4.24264,4.47214,3.60555,72.40166,71.28113,71.61006,68.00735,66.61081,68.88396,59.5483,59.5483,59.46427,54.67175,48.10405,47.01064,42.44997,39.62323,33.30165,36.23534,33.97058,30.0,29.15476,26.40076,20.59126,24.59675,21.54066,21.58703,19.23538,19.0,18.11077,21.09502,20.61553,20.09975,17.08801,19.31321,19.92486,20.12461,17.49286,18.35756,21.93171,18.43909,21.09502,16.12452,20.80865,17.88854,18.86796,18.60108,21.9545,19.72308,21.93171,20.51828,23.34524,22.2036,23.70654,22.02272,23.32381,22.36068,20.12461,21.58703,25.4951,32.64966,39.82462,39.11521,41.18252,40.71855,45.88028,45.54119,46.57252,50.9902,50.9902,58.30952,59.21149,62.0,65.06919,65.06919,64.93843,71.19691,70.40597,73.08215,76.2168,74.94665,73.53911,72.49828,77.41447,74.79305,78.03204,75.47185,77.38863,75.21303,79.05694,76.6094,74.02702,74.41102,72.20111,72.42237,72.47068,68.60029,68.00735,70.21396,68.60029,63.00794,63.51378,66.88797,65.36819,62.64982,69.11584,65.76473,66.30988,67.97794,68.54196,69.857,71.69379,74.32362,72.09022,76.92204,78.54935,76.48529
13.34166,12.36932,11.40175,11.7047,10.77033,10.44031,9.48683,9.48683,8.544,8.544,7.61577,7.61577,7.28011,6.32456,6.32456,5.09902,5.09902,5.09902,5.0,4.0,4.0,4.0,4.0,4.0,4.12311,3.16228,3.60555,4.12311,4.47214,4.47214,3.16228,3.60555,3.60555,3.60555,3.60555,3.60555,3.60555,3.60555,3.60555,3.60555,3.60555,3.60555,3.60555,3.60555,3.60555,3.60555,3.60555,4.47214,4.47214,4.47214,4.12311,4.12311,75.80237,75.9276,71.80529,68.41053,70.5195,66.40783,63.90618,65.39113,59.23681,54.12947,52.80152,44.77723,47.01064,43.82921,39.0,38.91015,36.05551,32.28002,30.36445,27.89265,29.42788,25.70992,24.18677,22.0,25.01999,22.56103,19.10497,22.13594,21.18962,21.18962,18.43909,19.69772,20.59126,21.93171,20.12461,20.59126,18.02776,23.32381,19.72308,19.84943,22.2036,19.84943,20.0,22.02272,18.60108,19.20937,20.51828,20.51828,22.2036,22.02272,20.51828,21.26029,21.09502,23.32381,21.93171,22.13594,20.39608,36.34556,36.67424,40.49691,42.54409,42.19005,44.77723,42.72002,49.57822,53.07542,53.75872,56.72742,60.0,59.40539,65.19202,65.30697,68.88396,67.53518,71.7844,70.2282,72.03471,75.70997,79.24645,77.78175,79.76215,78.31347,76.10519,77.00649,76.05919,76.0,76.23647,74.10803,73.06162,73.33485,73.97973,73.1642,73.68175,68.24954,69.58448,62.64982,66.27217,69.18092,68.26419,67.1193,66.00758,67.00746,65.03076,64.00781,69.06519,67.02984,71.0,70.17834,76.1643,75.0,75.00667,81.00617,76.00658,78.23043
13.0384,12.20656,11.6619,12.20656,10.81665,10.0,10.0,9.21954,8.60233,8.60233,7.81025,7.2111,7.2111,6.40312,5.83095,5.83095,5.83095,5.38516,5.38516,4.47214,4.47214,4.12311,4.12311,4.12311,4.0,4.0,4.0,4.0,4.0,4.0,4.0,5.0,4.12311,4.12311,4.12311,4.12311,4.12311,4.12311,4.0,4.12311,4.12311,4.12311,4.12311,4.12311,4.12311,4.0,5.0,4.0,4.0,4.12311,4.12311,4.12311,77.87811,72.89719,73.40981,71.19691,68.8767,65.51336,61.58734,62.42596,54.3783,52.43091,54.08327,47.43416,47.70744,40.60788,36.35932,36.89173,34.66987,32.20248,31.38471,26.92582,27.85678,26.92582,25.31798,19.41649,22.2036,21.0238,17.02939,22.09072,19.23538,19.31321,20.61553,22.80351,21.58703,22.47221,21.93171,21.47091,21.93171,20.12461,24.04163,23.08679,22.36068,23.70654,21.0238,23.70654,19.69772,19.72308,20.12461,21.9545,21.93171,21.09502,22.47221,21.54066,22.47221,24.33105,24.04163,24.73863,21.0238,37.57659,40.22437,41.10961,45.25483,48.83646,47.20169,50.77401,48.25971,51.89412,55.9464,58.60034,57.58472,63.56886,64.03124,68.88396,69.05071,71.25307,75.16648,73.06162,75.23962,76.1643,80.06248,75.95393,79.07591,77.27872,76.29548,75.69016,79.40403,76.6942,75.39231,74.46476,76.32169,74.73286,73.53911,72.61543,71.58911,69.07966,68.94926,66.09841,62.64184,63.69458,68.00735,64.84597,68.62215,65.52099,67.26812,67.68309,67.72001,71.38627,71.80529,72.78049,72.78049,75.18643,73.76313,78.16009,77.88453,81.60882
11.40175,11.40175,10.0,10.0,9.43398,8.60233,8.60233,7.81025,7.2111,7.2111,6.40312,6.40312,5.0,5.0,5.0,4.24264,4.24264,3.60555,3.60555,3.60555,3.60555,3.16228,3.16228,3.16228,3.0,3.0,3.0,4.0,4.0,3.0,3.0,3.16228,4.12311,3.0,4.12311,4.12311,3.16228,3.0,3.16228,3.16228,3.16228,3.16228,3.16228,3.16228,3.16228,3.16228,3.0,3.0,3.0,3.0,3.16228,3.16228,73.06162,68.26419,71.86793,69.77822,63.06346,63.56099,60.83584,55.54278,54.42426,51.26402,48.46648,45.31004,43.46263,40.71855,35.77709,35.77709,33.10589,30.08322,25.05993,28.01785,24.41311,26.07681,20.51828,18.43909,21.93171,21.40093,20.59126,20.61553,19.64688,18.35756,20.61553,21.58703,21.2132,21.37756,20.09975,18.38478,20.22375,21.09502,22.09072,20.22375,21.2132,20.02498,19.0,18.0,21.0,21.0,19.64688,21.0238,20.09975,19.0263,21.2132,20.39608,24.35159,18.97367,22.13594,21.93171,20.24846,34.88553,37.16181,39.56008,42.57934,43.41659,44.04543,45.04442,48.16638,49.25444,52.34501,57.07013,57.00877,60.72891,62.96825,63.69458,63.97656,67.54258,69.33974,72.94518,67.80118,75.43209,75.00667,73.53911,77.7946,74.96666,74.41102,75.0733,72.62231,74.63243,72.67049,71.61006,70.49113,70.49113,70.3278,72.56032,71.34424,68.60029,66.85058,62.1289,66.28725,62.42596,67.42403,67.6757,67.20119,61.84658,66.70832,62.482,66.6033,67.35726,68.62215,69.31089,72.86288,70.83784,72.47068,75.28612,73.87828,74.8131
11.18034,10.77033,10.44031,9.48683,9.48683,9.48683,8.544,8.24621,7.28011,7.28011,7.28011,6.32456,5.38516,5.38516,5.38516,4.47214,4.47214,4.47214,4.47214,3.60555,3.60555,3.60555,4.24264,2.82843,2.82843,3.60555,3.60555,3.16228,3.16228,3.60555,3.16228,3.16228,3.16228,3.16228,3.16228,3.16228,3.16228,3.16228,3.16228,3.16228,3.16228,3.16228,3.16228,3.16228,3.16228,3.16228,3.60555,3.60555,3.60555,3.60555,3.60555,3.60555,73.76313,72.27724,69.857,71.30919,69.2315,62.28965,64.62971,56.22277,54.33231,54.45181,50.15974,45.17743,44.18144,43.10452,40.1995,33.73426,39.45884,32.38827,28.44293,29.73214,26.92582,27.20294,23.76973,24.59675,21.47091,24.20744,21.40093,21.40093,20.61553,20.61553,21.40093,23.34524,22.47221,21.93171,22.2036,16.40122,21.09502,22.62742,23.4094,21.26029,22.36068,22.02272,19.72308,20.80865,20.12461,21.09502,19.72308,23.85372,21.47091,20.59126,23.43075,24.83948,22.2036,23.43075,22.62742,20.61553,19.72308,37.57659,37.10795,40.16217,42.19005,48.04165,38.01316,46.87217,53.60037,50.80354,51.86521,57.93962,64.51356,56.36488,68.0,62.76942,65.8559,67.00746,73.75636,67.20863,75.00667,76.36753,85.14693,80.1561,74.20243,69.64194,75.0,78.77182,74.24284,75.66373,73.40981,76.55717,67.77905,74.33034,73.38937,71.86793,71.86793,72.23573,67.23095,67.62396,67.1193,67.77905,64.40497,65.30697,72.01389,65.51336,68.8767,70.3278,66.24198,68.96376,71.69379,68.60029,76.15773,73.3553,77.89737,76.47876,73.53911,77.87811
12.64911,12.64911,11.40175,11.40175,10.44031,10.19804,9.21954,9.21954,9.21954,8.24621,8.24621,7.28011,7.28011,6.32456,6.32456,5.38516,5.83095,5.38516,4.47214,5.0,5.0,5.0,4.24264,4.24264,4.24264,5.0,5.0,4.47214,4.47214,4.47214,4.47214,4.47214,4.47214,4.47214,4.47214,4.47214,4.47214,4.47214,4.47214,4.47214,4.47214,4.47214,4.47214,4.47214,4.47214,4.47214,5.0,5.0,5.0,4.24264,5.0,5.0,74.33034,75.0,72.44998,70.21396,68.15424,64.7611,60.41523,57.55867,52.61179,51.97115,49.0306,45.54119,45.89118,42.42641,35.51056,36.34556,34.36568,32.98485,28.16026,30.67572,26.92582,26.83282,22.47221,20.59126,21.9545,20.80865,21.26029,22.67157,19.84943,21.26029,21.47091,21.40093,18.35756,19.69772,23.85372,23.70654,23.85372,21.9545,22.84732,21.54066,23.25941,22.36068,22.2036,24.16609,18.38478,22.47221,22.82542,21.18962,19.69772,22.82542,21.09502,23.60085,25.80698,21.40093,21.93171,24.83948,22.80351,38.91015,39.0,42.95346,44.55334,46.01087,44.0,46.04346,51.24451,50.35871,54.57105,55.54278,60.40695,61.84658,61.26989,65.76473,64.88451,69.97142,68.8186,72.62231,72.24957,73.53911,75.66373,75.9276,76.83749,78.00641,75.71658,75.47185,73.43024,77.41447,73.79024,78.26238,73.3553,71.55418,68.8767,73.40981,68.942,68.88396,63.97656,65.79514,67.54258,63.06346,64.88451,63.06346,64.41273,63.81222,64.66065,63.28507,70.72482,67.1193,64.89992,71.61006,70.83078,72.11103,75.17978,78.39005,75.80237,73.82412
11.18034,11.18034,9.84886,9.84886,8.94427,8.94427,7.61577,7.61577,7.61577,6.7082,6.7082,5.83095,5.83095,5.0,4.47214,5.0,5.0,4.24264,4.24264,4.24264,3.60555,3.60555,4.47214,3.60555,3.16228,4.12311,4.12311,4.12311,4.12311,4.12311,4.12311,4.12311,4.12311,4.12311,4.12311,4.12311,4.12311,4.12311,4.12311,4.0,4.12311,4.12311,4.12311,4.12311,4.12311,4.12311,4.12311,4.12311,4.12311,4.47214,3.60555,3.60555,74.95332,71.25307,71.44928,67.47592,65.27634,59.07622,59.0,56.0803,55.0,48.01042,48.01042,47.16991,44.01136,43.0,37.0,32.24903,34.0,31.40064,24.73863,27.29469,25.31798,25.96151,22.84732,21.93171,21.54066,17.0,23.02173,20.61553,18.43909,21.2132,19.20937,22.62742,18.60108,22.82542,22.47221,23.43075,23.32381,22.82542,20.0,23.32381,23.25941,19.72308,21.63331,23.02173,20.24846,22.2036,20.80865,20.12461,21.09502,19.41649,21.09502,21.93171,23.43075,23.43075,22.02272,21.26029,20.59126,35.73514,38.47077,43.10452,45.17743,45.39824,45.27693,45.89118,49.47727,49.33559,52.39275,54.12024,58.66856,60.41523,61.58734,60.44005,64.38167,66.48308,70.76722,69.35416,70.60453,74.4043,71.56116,75.80237,74.24284,76.47876,75.6439,75.96052,73.05477,72.8011,73.37575,72.12489,71.30919,71.30919,69.42622,69.42622,67.46851,66.28725,67.44627,60.87693,62.36185,64.84597,63.24555,61.68468,65.78754,61.98387,66.48308,65.9242,64.07808,67.23095,67.41662,67.77905,71.17584,72.09022,72.8011,73.53911,74.0,76.55064
11.18034,11.18034,10.29563,9.84886,8.94427,8.544,7.61577,7.61577,6.7082,6.7082,6.7082,5.83095,5.38516,5.0,5.0,5.0,4.24264,4.24264,4.24264,3.60555,3.60555,3.60555,3.16228,3.16228,3.16228,4.12311,4.12311,4.12311,4.12311,4.12311,4.0,4.0,4.0,4.0,4.0,4.0,4.0,4.0,4.0,4.0,4.0,4.0,4.0,4.0,4.0,4.12311,5.09902,4.12311,4.12311,4.47214,4.47214,4.47214,72.91776,72.8011,65.0,69.63476,63.82006,62.96825,64.00781,60.90156,53.7122,51.10773,47.16991,45.48626,45.27693,42.48529,37.44329,36.89173,31.90611,28.6007,31.06445,30.61046,27.58623,21.2132,21.40093,22.67157,20.80865,22.47221,21.47091,22.80351,21.84033,23.5372,17.26268,21.2132,20.09975,21.0,21.2132,23.02173,23.0,20.09975,19.10497,23.0,21.2132,24.08319,24.0,22.09072,21.37756,24.18677,25.0,23.19483,24.0,24.08319,23.19483,24.08319,25.17936,25.07987,25.4951,25.96151,23.76973,35.4683,36.89173,42.95346,43.86342,47.29693,47.67599,48.6621,51.47815,52.15362,55.0,59.07622,60.20797,62.39391,62.16912,66.21933,66.09841,69.89278,71.30919,73.34848,72.06941,72.94518,75.71658,77.80103,79.02531,75.0733,78.74643,76.38063,75.66373,75.74299,77.33693,73.59348,72.34639,73.24616,70.93659,73.40981,68.24954,67.35726,62.482,67.26812,65.43699,62.96825,59.46427,64.38167,62.24147,62.96825,66.70832,65.29931,63.41136,64.44377,68.68042,66.6033,68.76772,70.76722,71.70077,72.24957,75.00667,73.53911
12.04159,11.40175,11.40175,10.0,10.0,9.43398,8.60233,8.60233,7.81025,7.2111,6.40312,6.40312,6.40312,5.0,5.0,5.0,4.24264,4.24264,4.24264,3.60555,3.60555,3.60555,3.16228,3.16228,3.16228,3.16228,3.0,3.0,3.0,3.0,3.0,3.0,3.16228,3.16228,3.16228,3.16228,3.16228,3.16228,3.16228,3.16228,4.12311,3.16228,3.16228,3.0,3.16228,4.0,4.0,4.0,4.0,4.0,4.12311,4.12311,74.24958,74.27651,67.17887,65.06919,69.29646,65.29931,62.36986,56.85068,55.21775,48.01042,49.40648,44.68781,44.04543,39.20459,35.80503,36.40055,34.82815,33.24154,28.28427,27.20294,26.92582,24.41311,21.63331,21.93171,18.02776,19.92486,21.37756,21.37756,19.64688,20.02498,20.09975,20.09975,19.10497,22.2036,20.39608,22.36068,21.54066,21.84033,19.31321,20.88061,21.93171,21.93171,21.0238,21.54066,22.84732,22.13594,24.16609,22.13594,21.54066,23.4094,23.4094,22.13594,25.70992,26.1725,22.2036,25.0,24.18677,40.49691,41.62932,45.69464,44.27189,48.50773,49.36598,50.15974,52.00961,56.0357,57.07889,59.5399,62.514,64.53681,69.12308,70.60453,71.86793,70.77429,72.91776,75.58439,75.17978,76.8505,84.05355,79.6304,73.24616,78.87332,81.3941,79.9062,78.51751,78.49204,75.00667,77.89737,73.0,73.66139,75.16648,73.87828,72.24957,71.58911,68.593,65.05382,65.76473,65.76473,68.593,62.36986,67.35726,62.62587,66.6033,63.25346,65.45991,70.80254,69.89278,66.85058,73.23933,73.81734,73.81734,71.61006,76.6094,75.43209
11.7047,11.7047,10.44031,10.44031,10.19804,9.21954,8.24621,8.24621,8.24621,7.28011,7.28011,6.32456,6.32456,5.38516,5.38516,5.38516,4.47214,4.47214,3.60555,3.60555,3.60555,3.60555,2.82843,3.60555,3.60555,3.60555,3.16228,3.16228,3.16228,3.16228,3.16228,3.16228,3.16228,3.16228,4.12311,4.12311,3.16228,4.12311,4.12311,3.16228,3.16228,4.12311,4.12311,3.16228,4.12311,4.12311,4.12311,4.47214,4.47214,3.60555,4.47214,4.24264,70.60453,69.857,74.2159,68.06614,65.9242,62.28965,60.53098,57.03508,54.33231,48.37355,49.0408,46.17359,41.4367,39.05125,36.22154,36.34556,34.52535,30.80584,27.65863,27.20294,26.83282,25.63201,23.76973,25.05993,22.47221,19.72308,18.60108,19.79899,19.84943,20.24846,21.40093,20.24846,19.41649,20.59126,20.88061,23.70654,21.84033,22.47221,20.61553,24.35159,23.25941,22.56103,22.56103,22.84732,26.0,23.4094,26.92582,25.63201,25.07987,23.70654,27.45906,22.82542,23.32381,27.01851,27.58623,26.24881,24.75884,35.17101,40.11234,40.04997,45.09989,45.54119,48.05206,49.98,51.26402,53.7122,55.03635,59.94164,59.16925,61.91123,65.45991,67.00746,70.17834,69.29646,69.35416,73.5527,75.21303,74.94665,78.54935,75.66373,77.02597,77.38863,76.48529,76.15773,75.96052,70.83784,77.16217,71.8401,78.1089,73.24616,70.34202,70.83078,71.30919,67.91171,65.80274,65.80274,65.78754,67.44627,63.56886,66.12866,66.48308,62.03225,65.74192,65.74192,65.39113,65.74192,65.76473,68.42514,67.53518,73.53911,69.46222,76.47876,74.94665,79.69944
11.18034,11.18034,11.18034,10.19804,10.19804,9.21954,8.24621,8.24621,8.24621,7.28011,7.28011,7.07107,6.08276,6.08276,5.09902,5.0,5.0,5.0,4.0,4.0,4.0,4.12311,4.12311,4.12311,4.12311,3.60555,3.60555,4.47214,3.60555,3.60555,3.60555,3.60555,3.60555,4.24264,3.60555,4.24264,3.60555,3.60555,4.47214,3.60555,3.60555,4.47214,4.47214,4.47214,4.47214,4.47214,4.47214,4.47214,4.12311,5.09902,4.12311,5.0,76.02631,71.56815,71.02816,70.17834,62.64982,63.78871,61.81424,57.87055,54.74486,51.78803,42.95346,43.17407,42.57934,42.72002,39.29377,37.48333,31.40064,32.38827,31.14482,29.15476,28.07134,25.01999,25.31798,23.08679,20.88061,20.24846,22.47221,21.18962,21.18962,21.47091,19.23538,21.9545,23.34524,22.80351,23.43075,22.62742,21.93171,24.83948,26.90725,24.75884,24.08319,26.24881,23.32381,24.75884,26.1725,24.20744,27.58623,27.20294,24.41311,24.20744,23.85372,26.92582,26.41969,24.69818,26.57066,27.45906,27.29469,38.63936,40.1995,41.01219,45.04442,47.51842,49.0408,46.84015,50.28916,50.69517,54.56189,59.40539,61.22091,61.07373,63.89053,65.05382,68.593,72.34639,70.80254,72.67049,74.94665,76.53757,73.34848,78.54935,77.49194,77.88453,76.65507,73.97973,74.52516,73.5459,76.48529,70.45566,73.43705,73.24616,67.47592,72.56032,69.35416,67.26812,66.06815,66.00758,67.26812,64.28063,61.52235,62.64982,65.76473,63.63961,65.51336,63.34824,67.18631,66.94027,69.63476,68.06614,69.42622,69.63476,70.71068,76.79193,75.13322,76.32169
11.04536,10.04988,10.04988,10.19804,9.21954,9.05539,8.24621,8.06226,7.28011,7.07107,6.08276,6.08276,6.08276,5.0,5.0,5.0,5.09902,4.0,4.12311,4.12311,4.12311,4.12311,3.60555,3.60555,3.60555,4.24264,4.24264,4.24264,4.24264,4.24264,4.24264,4.24264,4.24264,4.24264,4.24264,4.24264,4.24264,4.24264,4.24264,4.24264,4.24264,4.24264,4.24264,4.24264,4.24264,4.24264,5.0,3.60555,4.47214,3.60555,4.12311,3.16228,68.44706,66.94027,68.30813,66.48308,61.98387,59.46427,56.75385,55.02727,50.32892,48.8467,46.09772,43.46263,43.01163,39.92493,37.57659,38.60052,33.52611,33.24154,29.73214,27.16616,28.44293,23.34524,24.18677,24.08319,22.02272,24.08319,21.2132,23.08679,21.84033,20.24846,19.31321,22.47221,22.36068,25.05993,23.85372,23.70654,23.32381,24.69818,24.69818,23.32381,26.41969,21.9545,24.59675,21.93171,25.23886,20.59126,24.16609,24.18677,22.84732,28.16026,25.05993,25.29822,22.84732,23.5372,23.5372,21.0238,22.09072,39.01282,40.1995,40.60788,44.59821,45.69464,49.1935,50.24938,50.0,54.40588,55.9017,57.28001,60.959,61.40033,63.41136,66.88797,66.7308,69.77105,69.857,71.51224,73.76313,73.75636,73.97973,72.83543,77.52419,76.0,76.02631,73.06162,75.16648,71.25307,72.1734,68.593,71.25307,68.24954,67.89698,71.19691,68.06614,64.32729,66.4906,61.39218,64.32729,64.77654,58.42089,62.96825,61.40033,62.20129,63.1981,60.13319,62.03225,62.1289,65.03076,63.12686,64.03124,70.25667,64.19502,64.28063,71.34424,71.44928
11.04536,11.04536,11.04536,10.04988,10.04988,9.05539,9.05539,8.06226,8.06226,7.07107,7.07107,7.07107,7.07107,6.08276,6.08276,6.0,5.0,5.0,4.0,5.0,4.0,4.12311,4.12311,4.12311,4.12311,4.12311,4.47214,4.12311,4.47214,3.60555,3.60555,4.47214,3.60555,3.60555,3.60555,4.47214,3.60555,4.47214,4.47214,3.60555,4.47214,4.47214,4.47214,4.47214,4.47214,4.47214,4.12311,4.12311,4.12311,4.12311,4.0,5.0,72.56721,67.46851,68.24954,62.0967,63.78871,62.36185,61.68468,59.77458,52.49762,51.07837,49.39636,43.65776,45.88028,37.16181,39.0,36.67424,35.44009,34.48188,30.08322,27.45906,28.07134,26.01922,22.02272,24.0,24.0,23.08679,23.08679,22.36068,22.09072,22.84732,21.93171,23.76973,21.63331,20.59126,20.80865,25.94224,24.16609,24.18677,25.4951,26.07681,21.47091,23.25941,23.70654,26.41969,24.59675,24.59675,24.18677,24.18677,24.69818,24.69818,23.76973,25.96151,23.5372,23.5372,21.09502,23.02173,25.01999,41.30375,44.0,42.29657,49.0306,46.32494,49.0408,52.0,51.10773,56.60389,54.40588,57.62812,61.55485,65.05382,67.20863,69.02898,67.6757,73.24616,72.06941,76.02631,73.73602,76.2168,79.69944,76.65507,74.52516,74.8131,79.9062,77.52419,80.1561,69.18092,73.00685,71.02816,74.0,73.17103,71.17584,68.35934,69.35416,67.1193,66.0303,66.06815,65.12296,65.27634,60.00833,64.03124,63.03174,63.03174,61.03278,63.00794,64.03124,68.11755,60.03332,61.13101,70.25667,71.0,66.0,70.00714,76.02631,72.00694
11.6619,11.6619,10.81665,10.81665,10.0,10.0,8.60233,8.60233,7.81025,7.2111,7.2111,7.2111,7.2111,6.7082,5.83095,5.83095,5.83095,5.38516,5.38516,5.38516,4.47214,4.12311,4.12311,4.12311,4.12311,4.0,4.0,4.0,4.0,4.0,5.0,4.0,4.0,4.12311,4.0,4.0,5.0,4.0,5.0,5.0,4.0,5.0,4.0,5.0,4.0,5.0,5.0,5.09902,4.12311,4.12311,4.12311,4.47214,69.64194,65.73431,67.41662,63.51378,62.43397,61.22091,57.80138,60.44005,53.90733,52.63079,48.41487,47.50789,43.41659,36.12478,36.89173,37.80212,35.0,32.80244,31.06445,27.78489,29.52965,26.83282,25.07987,26.0,21.58703,21.84033,21.09502,22.02272,22.36068,22.0,20.09975,22.02272,23.08679,23.25941,21.58703,18.97367,22.36068,23.76973,25.70992,24.5153,26.30589,23.5372,24.5153,24.73863,22.2036,24.18677,25.17936,26.07681,23.02173,20.22375,24.08319,26.01922,24.02082,25.17936,22.09072,23.5372,23.76973,42.72002,45.17743,44.10215,47.80167,47.38143,48.79549,51.66237,56.40035,56.0803,58.30952,61.26989,64.4748,66.48308,66.21933,67.18631,68.46897,73.5527,73.10951,77.0,76.10519,77.41447,79.76215,76.29548,76.15773,77.12976,77.20104,76.844,77.25283,71.86793,76.96753,73.82412,75.58439,74.24958,71.55418,70.23532,68.88396,70.68239,68.88396,63.63175,65.74192,65.74192,64.84597,63.56099,63.56099,62.24147,62.96825,60.16644,60.16644,66.09841,65.9242,66.12866,65.9242,72.11103,63.32456,68.54196,75.02666,71.86793
9.84886,8.94427,8.94427,9.43398,8.06226,8.06226,7.2111,7.2111,7.2111,5.83095,5.83095,5.83095,5.38516,5.38516,4.47214,4.12311,4.12311,4.12311,4.12311,3.0,3.0,3.0,3.0,3.16228,3.16228,3.16228,3.16228,3.16228,3.60555,3.60555,3.16228,3.60555,3.60555,3.60555,3.60555,3.60555,3.60555,3.60555,3.60555,3.60555,3.60555,3.60555,3.60555,3.60555,4.12311,4.12311,4.12311,3.16228,3.16228,4.0,3.0,3.0,68.41053,66.21933,67.80118,64.81512,61.7171,57.31492,53.03772,57.31492,51.62364,51.62364,43.84062,44.68781,45.25483,38.28838,36.76955,37.64306,36.87818,29.83287,30.0,26.07681,27.45906,24.59675,21.54066,24.16609,20.88061,22.13594,20.24846,21.09502,21.09502,19.10497,22.02272,22.2036,20.22375,23.19483,23.5372,20.39608,23.34524,22.80351,23.76973,22.13594,24.73863,22.80351,25.4951,21.18962,24.73863,23.76973,23.5372,23.34524,22.80351,23.76973,25.17936,24.33105,24.02082,23.02173,22.2036,24.04163,22.13594,38.58756,40.80441,42.42641,46.8615,48.54894,48.8774,49.65884,51.62364,55.97321,57.28001,62.16912,61.52235,63.3877,66.1211,72.00694,70.17834,73.43705,70.25667,72.99315,74.33034,74.94665,76.55064,74.32362,76.92204,76.05919,79.15807,76.00658,78.49204,71.84706,76.55064,72.11103,76.6094,71.61006,72.20111,73.60027,72.62231,64.2028,65.60488,64.66065,66.06815,64.03124,60.80296,65.19202,60.21628,63.24555,62.76942,62.26556,64.00781,64.49806,65.51336,63.28507,66.24198,70.71068,65.19202,69.97142,71.86793,70.72482
10.63015,10.63015,9.21954,9.21954,8.48528,8.48528,7.81025,7.07107,7.07107,6.40312,5.65685,5.65685,5.65685,5.0,5.0,4.47214,4.47214,3.60555,3.16228,3.16228,3.16228,3.0,3.0,3.0,3.0,3.16228,4.12311,3.16228,3.16228,4.12311,4.12311,3.60555,4.12311,4.12311,4.47214,4.47214,4.47214,4.12311,4.12311,4.12311,4.47214,4.12311,4.12311,4.12311,4.12311,4.12311,4.12311,4.0,4.0,4.0,4.12311,4.12311,70.72482,67.89698,66.46804,60.82763,62.482,60.44005,56.63921,56.0803,50.0,49.81967,45.22168,44.20407,45.22168,39.69887,37.01351,34.20526,32.80244,29.73214,27.20294,25.4951,27.01851,25.6125,22.47221,19.72308,19.31321,20.24846,18.02776,22.36068,18.24829,22.2036,20.0,21.0,23.02173,22.2036,22.02272,25.01999,26.07681,23.08679,22.0,24.02082,24.08319,20.09975,27.07397,26.0,26.30589,23.0,25.07987,26.01922,23.02173,26.30589,25.17936,28.07134,27.29469,25.0,22.47221,23.85372,24.69818,37.58989,39.20459,41.10961,45.27693,49.81967,48.02083,51.0,54.56189,55.15433,56.921,56.04463,60.20797,64.49806,65.49046,71.06335,66.18912,69.11584,71.84706,73.34848,74.2159,74.04053,80.00625,77.62087,75.15318,77.38863,76.47876,78.77182,74.33034,75.16648,75.71658,72.94518,72.8011,74.20243,73.0,72.62231,68.11755,68.68042,65.19202,65.11528,66.06815,63.89053,64.2028,64.66065,67.20119,62.42596,60.0,62.80127,64.63745,64.3506,65.51336,66.57327,67.95587,68.24222,66.61081,70.17834,70.43437,71.40028
11.04536,10.04988,10.04988,9.0,9.0,8.0,8.0,7.0,7.0,6.08276,6.08276,6.08276,5.09902,5.09902,4.12311,4.12311,4.47214,4.47214,3.60555,3.60555,3.60555,3.60555,2.82843,3.60555,3.60555,3.60555,4.47214,3.60555,4.47214,4.47214,4.47214,4.47214,4.12311,4.47214,4.47214,5.38516,5.38516,4.12311,4.47214,4.47214,4.47214,5.38516,4.47214,4.47214,4.47214,4.47214,5.0,5.0,5.0,4.24264,4.24264,3.60555,68.15424,69.64194,66.4906,60.44005,65.45991,57.87055,56.61272,55.02727,52.55473,46.61545,45.18849,40.16217,40.31129,36.76955,33.24154,35.1141,30.67572,30.08322,27.45906,25.4951,23.34524,24.02082,22.09072,22.02272,19.23538,22.36068,19.64688,21.0238,18.97367,21.0238,20.24846,21.63331,24.41311,21.93171,22.67157,24.04163,23.34524,24.75884,25.4951,26.90725,24.08319,24.20744,25.0,28.3196,23.34524,26.40076,21.93171,28.6007,24.75884,26.40076,29.20616,25.55386,25.4951,23.08679,25.29822,22.36068,27.01851,39.81206,42.2019,42.72002,44.72136,46.14109,46.32494,49.0408,49.57822,53.03772,56.63921,60.60528,59.36329,64.14047,64.41273,67.54258,68.70953,70.5195,72.12489,67.72001,73.97973,73.82412,76.79193,76.32169,77.0,74.06079,75.32596,75.42546,75.32596,74.8131,71.19691,75.13322,73.5459,69.05071,70.83078,73.24616,70.34202,65.51336,66.48308,65.25335,62.58594,61.84658,59.84146,62.36986,61.81424,62.39391,59.68249,64.49806,59.07622,65.27634,65.19202,65.62012,67.06713,68.26419,67.36468,73.68175,72.99315,72.69113
9.84886,8.94427,8.94427,8.60233,8.06226,7.2111,6.7082,6.7082,5.83095,5.83095,5.38516,4.47214,4.47214,4.12311,4.12311,4.12311,4.12311,3.0,3.0,3.0,3.0,3.16228,3.16228,2.23607,3.60555,3.60555,2.82843,2.82843,3.60555,3.60555,4.24264,3.60555,4.24264,4.24264,4.24264,4.24264,4.24264,4.24264,4.24264,4.24264,4.24264,4.24264,4.24264,4.24264,4.24264,4.24264,5.0,5.0,4.47214,4.47214,4.12311,4.12311,71.61006,67.62396,66.8431,64.66065,60.87693,60.82763,56.63921,57.31492,51.62364,48.83646,44.55334,43.18565,41.72529,36.87818,33.24154,32.20248,31.89044,29.20616,28.30194,25.55386,23.70654,21.93171,18.97367,19.92486,21.37756,18.0,19.0263,19.0263,20.22375,21.09502,19.92486,24.04163,19.72308,22.13594,25.07987,23.70654,22.47221,25.05993,22.82542,26.41969,22.47221,25.4951,25.63201,27.313,27.313,26.83282,26.83282,29.54657,27.73085,27.85678,28.16026,27.29469,27.89265,23.08679,25.31798,28.01785,27.16616,36.40055,40.31129,41.23106,46.32494,47.01064,46.95743,46.61545,50.32892,58.69412,55.54278,59.84146,61.81424,62.28965,67.0,68.00735,67.18631,72.69113,72.18033,71.19691,74.33034,75.96052,79.47956,73.1642,75.15318,75.17978,80.13114,78.77182,79.61156,73.4983,76.00658,74.06079,74.20243,73.00685,71.61006,71.21798,70.93659,67.62396,65.21503,68.41053,69.40461,66.61081,63.00794,67.6757,63.51378,65.73431,65.19202,65.19202,64.88451,64.88451,65.8635,65.76473,67.23095,72.47068,67.41662,71.69379,73.82412,70.3278
11.40175,11.18034,11.18034,10.19804,10.19804,9.05539,8.06226,8.06226,7.07107,7.07107,7.07107,6.08276,6.08276,5.09902,5.09902,4.47214,4.47214,4.47214,3.60555,3.60555,3.60555,3.60555,2.82843,2.82843,2.82843,2.23607,3.16228,3.16228,3.16228,4.0,3.0,3.0,4.0,3.0,4.0,4.0,4.0,4.0,4.0,4.0,4.0,4.12311,4.0,4.12311,4.12311,4.12311,4.12311,4.47214,4.47214,4.47214,5.0,4.24264,67.97794,65.39113,67.08204,62.24147,58.59181,60.53924,54.12024,58.5235,51.26402,50.32892,44.38468,42.72002,37.16181,35.4683,34.17601,29.15476,29.06888,24.16609,27.73085,24.18677,20.80865,18.38478,22.67157,19.10497,17.02939,17.0,15.23155,17.26268,15.13275,15.0,21.0,18.11077,18.24829,22.09072,16.27882,20.61553,18.68154,21.37756,21.18962,23.08679,24.04163,22.80351,22.47221,23.76973,25.0,25.31798,26.68333,24.33105,26.30589,24.33105,26.07681,25.0,26.01922,23.08679,26.4764,24.73863,29.83287,35.90265,41.10961,44.0,48.16638,46.38965,49.81967,50.01,52.49762,54.23099,56.85948,58.59181,60.41523,66.37017,65.0,71.58911,67.35726,74.27651,67.89698,75.00667,72.20111,72.20111,79.32213,74.94665,75.29276,78.39005,78.77182,74.73286,77.47258,74.73286,79.20227,71.86793,78.54935,72.42237,73.73602,74.33034,70.2282,65.9242,67.1193,68.15424,66.70832,65.79514,61.26989,65.74192,63.13478,65.29931,63.63175,61.91123,63.24555,65.73431,65.19202,69.89278,67.80118,72.67049,66.28725,74.06079,74.94665,73.43024
11.18034,10.19804,10.19804,9.21954,9.21954,8.06226,7.28011,7.28011,7.28011,6.08276,6.08276,5.38516,5.09902,5.38516,4.47214,4.47214,3.60555,3.60555,2.82843,2.82843,3.60555,2.82843,3.60555,3.16228,3.16228,3.16228,3.0,4.0,4.0,4.0,4.0,4.0,4.0,4.0,4.0,5.09902,5.0,5.0,4.0,5.0,5.0,5.0,5.0,5.0,5.0,5.0,5.0,5.09902,5.09902,5.09902,4.47214,4.47214,67.91171,68.96376,67.91171,64.53681,63.78871,60.82763,57.72348,54.23099,51.78803,44.40721,44.55334,42.04759,39.81206,38.20995,35.73514,32.57299,31.32092,26.92582,27.85678,25.55386,21.63331,24.18677,20.61553,15.55635,19.10497,17.02939,15.81139,17.08801,17.46425,17.08801,18.24829,21.09502,18.11077,21.0,20.09975,19.0,20.09975,22.02272,21.0238,22.0,22.56103,25.17936,23.0,26.07681,25.01999,26.07681,27.16616,27.65863,25.0,26.01922,27.01851,30.26549,26.30589,27.89265,29.12044,28.79236,21.9545,39.05125,41.10961,45.27693,44.91102,48.08326,46.23851,49.24429,51.62364,53.33854,56.0357,58.00862,61.22091,61.7171,65.79514,65.76473,69.52697,69.81404,71.61006,72.94518,76.53757,76.92204,77.87811,77.07788,77.25283,77.49194,74.67262,76.65507,75.18643,76.15773,75.18643,73.00685,74.52516,75.13322,69.87131,72.83543,70.5762,70.21396,63.78871,65.96969,65.0,64.53681,65.25335,63.32456,65.45991,63.89053,59.13544,60.74537,65.78754,66.7308,66.7308,65.39113,70.77429,69.857,69.07966,75.39231,73.1642,75.27284
11.0,11.04536,9.0,9.05539,9.05539,8.06226,8.06226,7.07107,7.07107,6.0,6.08276,6.0,5.0,5.0,4.0,4.0,4.0,3.0,3.16228,3.16228,2.23607,2.23607,2.23607,2.23607,2.23607,2.23607,2.23607,2.0,3.0,2.0,3.0,3.0,3.0,3.0,3.0,3.0,3.0,3.0,3.0,4.0,4.0,4.0,4.0,4.0,4.0,4.12311,4.12311,4.12311,3.16228,4.47214,3.60555,3.60555,67.06713,66.27217,65.27634,65.62012,62.28965,57.70615,53.15073,51.78803,47.51842,50.63596,44.91102,40.4475,40.02499,36.87818,35.69314,35.0571,32.14032,28.16026,27.07397,23.02173,23.02173,20.02498,17.46425,18.97367,13.34166,15.26434,15.26434,12.80625,14.86607,14.14214,14.76482,17.20465,15.23155,18.02776,16.49242,17.08801,19.23538,18.24829,20.39608,21.2132,22.36068,17.72005,21.37756,22.36068,22.02272,23.5372,24.73863,23.08679,24.73863,25.29822,24.73863,23.4094,24.18677,26.92582,21.63331,23.02173,24.20744,38.01316,39.11521,41.04875,44.82187,48.08326,49.51767,48.83646,51.61395,49.09175,55.22681,56.93856,60.37384,62.16912,63.07139,65.45991,67.72001,71.8401,67.46851,70.40597,72.56032,74.24284,78.05767,77.02597,75.00667,77.02597,79.1012,75.23962,78.40918,75.42546,76.41989,73.82412,72.83543,74.52516,68.65858,69.42622,73.97973,67.89698,66.48308,68.35934,66.27217,67.60178,62.20129,67.36468,63.0,64.03124,69.11584,62.00806,64.00781,66.1211,69.00725,68.18358,70.25667,70.00714,72.1734,70.00714,74.0,77.0
12.16553,11.18034,10.04988,11.04536,10.04988,9.05539,9.05539,8.06226,8.06226,8.06226,7.07107,6.08276,6.08276,6.08276,5.09902,5.09902,5.09902,4.12311,4.12311,4.12311,3.16228,3.16228,3.60555,2.82843,2.82843,2.82843,3.16228,2.23607,3.16228,3.16228,2.23607,3.16228,3.16228,3.16228,3.16228,3.0,3.16228,3.0,3.0,4.0,4.12311,4.12311,4.12311,4.12311,4.12311,4.12311,4.47214,4.47214,4.47214,4.47214,4.24264,4.24264,70.5762,73.43705,69.35416,67.18631,63.03174,58.0,62.07254,58.00862,56.14268,47.04253,48.0,45.01111,42.0119,41.0,36.01389,33.0,30.06659,29.06888,30.06659,24.73863,25.4951,21.09502,23.5372,17.72005,18.97367,18.38478,18.02776,16.27882,15.0,16.40122,14.76482,15.23155,19.41649,18.78829,18.02776,18.97367,19.41649,19.41649,19.64688,23.08679,21.84033,22.56103,22.56103,23.08679,22.2036,20.39608,23.76973,24.04163,21.18962,26.24881,26.40076,28.17801,27.51363,23.85372,27.20294,27.65863,22.67157,39.05125,39.01282,44.28318,46.57252,48.08326,48.10405,51.07837,52.7731,53.85165,57.14018,58.24946,65.43699,65.29931,65.76473,66.46804,71.50524,71.40028,74.06079,72.94518,72.94518,75.13322,76.48529,79.30952,80.41144,80.99383,81.27115,78.16009,74.63243,79.07591,74.33034,72.78049,72.00694,72.99315,73.82412,73.82412,72.99315,74.52516,67.68309,66.09841,68.06614,66.94027,68.44706,64.53681,67.68309,65.96969,61.61169,66.76077,67.6757,70.88018,71.16881,70.2282,72.44998,72.42237,75.58439,76.65507,72.12489,76.68768
10.81665,10.81665,9.43398,8.94427,8.94427,8.06226,8.06226,7.2111,6.7082,6.7082,5.83095,5.83095,5.0,5.0,5.0,4.24264,4.24264,3.60555,3.60555,3.60555,3.16228,3.16228,3.16228,3.0,3.0,3.0,3.16228,3.16228,3.16228,3.16228,3.16228,4.12311,4.12311,4.12311,4.47214,4.47214,4.47214,4.47214,4.47214,4.47214,4.47214,4.47214,4.47214,4.47214,5.38516,5.09902,5.09902,5.09902,5.09902,5.09902,5.0,5.09902,74.09453,72.20111,67.74216,68.09552,61.77378,63.56099,59.09315,58.69412,55.00909,49.65884,46.51881,41.18252,42.04759,37.12142,38.07887,35.8469,34.0,29.68164,27.45906,25.0,27.58623,24.75884,21.93171,19.41649,18.43909,18.86796,13.89244,17.72005,16.76305,16.03122,16.03122,16.03122,13.0,20.39608,22.80351,17.72005,18.02776,19.69772,17.88854,23.5372,17.46425,23.25941,21.18962,24.16609,24.16609,25.07987,25.07987,27.73085,26.57066,26.57066,28.86174,27.20294,25.63201,27.29469,27.0,25.01999,27.07397,37.10795,42.29657,43.18565,46.04346,46.17359,49.0306,50.69517,51.5461,54.42426,53.14132,58.13777,61.29437,62.76942,67.42403,67.62396,65.79514,73.60027,71.44928,74.95332,73.0,74.8131,77.80103,75.80237,76.00658,78.89233,80.13114,74.30343,79.15807,74.68601,78.26238,71.17584,74.24284,72.01389,70.66116,72.91776,68.8767,65.30697,67.23095,69.77822,68.44706,65.76473,64.3506,63.63175,66.37017,66.03787,66.57327,66.0303,68.60029,68.88396,68.41053,71.84706,73.60027,74.20243,74.20243,74.4043,75.21303,78.40918
12.16553,11.40175,10.19804,10.19804,9.21954,9.05539,9.21954,8.24621,8.24621,7.07107,7.07107,7.07107,6.08276,5.38516,5.38516,5.38516,4.47214,4.47214,4.47214,3.60555,3.60555,4.24264,3.60555,3.60555,3.60555,3.60555,3.16228,4.12311,3.16228,4.12311,4.12311,4.12311,4.12311,4.12311,4.12311,4.12311,4.12311,4.12311,4.12311,5.0,5.09902,5.09902,5.09902,5.09902,5.09902,5.09902,5.09902,5.38516,5.38516,5.83095,5.0,5.0,72.12489,70.21396,68.62215,68.15424,69.37579,62.64184,60.16644,54.81788,53.75872,50.9902,51.97115,46.87217,41.59327,41.0,37.10795,36.87818,30.80584,30.08322,27.20294,30.08322,24.59675,24.18677,21.47091,18.60108,18.60108,16.40122,18.43909,19.23538,16.40122,19.69772,16.15549,17.72005,20.22375,21.0238,18.24829,17.0,19.0263,22.02272,22.0,23.02173,19.10497,23.08679,23.02173,24.18677,24.33105,26.0,24.08319,29.01724,26.07681,29.15476,28.07134,26.68333,28.16026,28.4605,31.38471,28.6531,27.29469,40.80441,41.19466,47.26521,48.01042,52.23983,49.81967,51.41984,51.5461,54.42426,60.00833,60.37384,61.91123,63.28507,65.73431,68.00735,69.52697,70.00714,78.51751,67.94115,77.62087,74.63243,76.27582,80.99383,76.66159,76.47876,77.82673,75.58439,73.82412,77.47258,71.30919,73.38937,73.73602,75.89466,72.12489,72.73239,69.92138,69.89278,71.16881,68.15424,63.15853,63.90618,66.30988,64.07808,67.62396,60.41523,68.09552,65.76473,68.47627,65.51336,68.8767,70.23532,71.34424,70.68239,73.79024,74.70609,72.00694,76.48529
10.81665,10.81665,9.43398,9.43398,8.94427,8.06226,8.06226,7.2111,7.2111,6.7082,6.40312,5.83095,5.0,5.0,4.24264,4.24264,4.24264,3.60555,3.60555,3.60555,3.16228,3.16228,3.16228,3.0,3.0,3.0,4.0,4.12311,4.12311,4.12311,4.12311,4.12311,4.12311,4.12311,4.12311,4.47214,4.47214,4.12311,4.47214,4.47214,5.09902,5.09902,5.38516,5.09902,5.09902,5.09902,5.09902,5.0,5.0,5.0,5.09902,5.09902,71.51224,70.34202,64.56005,62.93648,65.14599,61.84658,59.66574,55.7853,50.01,50.96077,44.38468,43.73786,41.23106,37.85499,36.40055,32.20248,32.57299,25.96151,28.79236,24.18677,25.05993,22.2036,20.61553,20.61553,19.79899,17.80449,17.02939,18.97367,18.86796,19.92486,18.43909,18.24829,17.46425,18.24829,20.02498,16.03122,17.02939,20.0,21.09502,26.30589,23.34524,24.08319,25.01999,26.07681,24.08319,24.08319,29.01724,28.0,24.02082,25.17936,29.01724,29.0,28.28427,24.5153,28.16026,25.23886,25.94224,39.62323,41.04875,42.0119,44.40721,47.29693,45.22168,45.69464,54.12947,53.7122,55.07268,56.93856,61.85467,63.41136,64.2028,68.0147,66.52819,68.0147,69.6563,71.61006,72.67049,73.24616,76.05919,76.47876,76.47876,77.47258,74.73286,75.02666,72.8011,72.73239,75.39231,72.12489,69.89278,73.97973,70.0928,70.34202,71.8401,66.21933,62.64184,63.56886,66.76077,65.80274,66.48308,63.90618,65.79514,63.56099,62.6099,63.97656,65.30697,68.42514,66.18912,67.97794,70.83078,69.35416,68.8767,69.77822,74.32362,72.89719
11.6619,10.29563,10.29563,10.29563,9.84886,8.94427,8.94427,8.06226,8.06226,7.2111,6.7082,6.7082,5.83095,5.83095,5.0,5.0,5.0,5.0,4.24264,4.24264,3.60555,3.60555,4.47214,3.16228,3.16228,3.16228,3.16228,4.0,4.12311,4.0,4.0,4.0,4.0,4.0,4.0,4.0,4.0,5.0,4.0,5.0,5.0,5.0,5.0,5.0,5.0,5.09902,5.09902,5.09902,5.09902,5.38516,5.38516,5.0,75.21303,69.81404,71.21798,66.85058,65.45991,66.7308,58.18075,60.53924,52.15362,51.0,47.88528,45.61798,43.26662,37.44329,35.8469,36.89173,35.22783,32.44996,32.64966,27.20294,29.06888,24.04163,25.6125,22.2036,22.82542,19.31321,18.78829,17.72005,22.13594,20.61553,22.02272,23.08679,18.11077,22.09072,21.0238,24.08319,21.37756,25.70992,23.76973,22.80351,23.19483,21.2132,25.07987,24.33105,25.63201,24.18677,25.31798,26.68333,27.16616,27.16616,27.07397,31.01612,30.0,27.07397,31.257,26.92582,27.313,41.67733,47.85394,43.32436,51.97115,48.25971,53.33854,53.0,55.00909,59.3043,57.14018,59.03389,61.13101,69.26038,70.83784,72.8011,66.64833,76.05919,70.3278,75.16648,74.20243,76.844,79.51101,75.16648,77.7946,79.93122,77.83315,78.74643,81.05554,74.20243,79.40403,71.84706,76.2168,73.00685,73.40981,73.60027,74.63243,67.20119,70.21396,66.0303,67.20119,67.80118,63.12686,67.47592,64.38167,68.68042,63.63961,64.3506,66.52819,65.79514,67.20863,70.72482,72.13876,74.24958,69.31089,70.76722,75.66373,73.59348
10.29563,10.29563,10.29563,8.94427,8.94427,8.06226,8.06226,6.7082,6.7082,6.7082,5.83095,5.83095,5.83095,5.0,5.0,5.0,4.24264,4.24264,3.60555,3.60555,3.60555,3.60555,3.16228,3.16228,3.16228,3.16228,4.0,4.0,4.0,4.0,4.0,4.0,4.0,4.0,4.12311,4.0,4.12311,4.0,5.0,4.12311,5.0,5.0,5.0,5.0,5.0,5.0,5.0,5.0,5.09902,5.09902,4.47214,4.47214,68.88396,65.9242,63.56099,65.55151,61.84658,54.42426,59.09315,55.36244,52.0,46.23851,44.38468,44.38468,42.15448,38.60052,36.24914,34.53983,33.24154,29.96665,26.92582,28.84441,27.78489,23.32381,22.80351,19.20937,20.51828,21.40093,18.35756,19.23538,21.93171,17.49286,19.10497,19.23538,18.11077,19.0,23.0,21.0238,21.09502,20.09975,19.23538,26.01922,24.08319,25.07987,22.09072,25.01999,26.01922,22.36068,26.07681,23.0,27.01851,27.0,26.30589,24.33105,28.16026,27.45906,26.92582,26.24881,24.18677,38.8973,39.62323,44.28318,42.0119,48.16638,45.54119,49.0306,50.69517,52.88667,57.00877,57.77543,60.41523,62.6099,64.66065,66.61081,66.8431,68.11755,70.83784,71.42129,70.93659,73.40981,74.8131,73.23933,76.8505,73.92564,72.94518,72.00694,72.00694,73.34848,67.08204,67.1193,63.97656,68.54196,70.77429,68.70953,66.30988,65.79514,65.39113,61.32699,64.88451,62.64982,61.29437,60.90156,63.52952,56.82429,63.51378,58.83026,64.89992,63.00794,67.41662,63.24555,67.6757,66.37017,67.95587,69.11584,69.06519,70.17834
12.04159,11.04536,11.04536,10.04988,10.0,9.0,9.0,9.05539,8.06226,8.0,7.0,7.0,7.0,6.08276,6.08276,6.08276,5.09902,5.09902,4.47214,4.47214,4.47214,4.47214,4.47214,3.60555,3.60555,4.24264,4.24264,4.24264,3.60555,4.24264,4.47214,4.47214,4.47214,4.47214,4.47214,4.47214,4.47214,4.47214,4.47214,5.0,4.47214,5.0,4.47214,4.47214,5.0,5.0,5.0,5.0,5.65685,5.0,5.0,4.47214,73.1642,71.19691,67.74216,67.89698,67.36468,63.12686,60.82763,57.14018,53.23533,52.08647,50.15974,48.25971,44.28318,44.10215,40.04997,36.22154,36.34556,33.13608,28.07134,30.59412,25.63201,28.16026,25.70992,20.88061,22.36068,20.59126,23.02173,21.26029,21.40093,20.51828,17.80449,20.0,21.63331,19.69772,19.31321,20.12461,20.61553,23.25941,21.58703,26.92582,23.4094,25.07987,23.76973,21.47091,24.04163,24.69818,26.0,26.24881,24.18677,23.76973,25.94224,26.62705,29.41088,26.24881,27.58623,26.24881,26.62705,41.48494,41.4367,45.17743,49.0408,50.80354,49.72927,50.28916,52.55473,58.30952,57.69749,60.41523,62.1289,65.19202,67.80118,70.93659,69.29646,71.42129,72.47068,73.87828,75.21303,76.00658,77.41447,75.13322,77.38863,75.58439,76.6942,77.7946,77.7946,73.37575,74.63243,72.27724,72.56721,72.27724,69.63476,71.58911,71.58911,67.91171,65.51336,64.28841,66.94027,64.84597,62.64184,65.25335,64.19502,69.64194,64.19502,65.78754,63.90618,66.7308,67.41662,67.23095,72.61543,76.55717,68.54196,70.83784,75.27284,76.24303
11.0,10.0,10.0,9.0,9.0,8.0,8.0,7.0,7.0,7.0,6.0,6.0,6.0,5.0,5.09902,5.09902,4.12311,4.12311,3.16228,3.16228,3.16228,3.60555,3.60555,2.82843,2.82843,2.82843,3.60555,3.60555,3.16228,3.60555,3.60555,3.60555,3.60555,4.12311,4.12311,4.12311,4.12311,4.12311,4.12311,4.12311,4.12311,4.47214,4.47214,4.12311,4.47214,4.47214,4.47214,3.60555,3.60555,4.24264,4.24264,3.60555,69.00725,69.06519,69.35416,62.20129,63.50591,60.67125,58.42089,56.56854,53.75872,48.05206,48.27007,44.91102,43.73786,43.73786,36.22154,35.35534,37.65634,34.23449,28.07134,26.01922,26.1725,24.33105,26.07681,25.31798,19.41649,20.24846,18.38478,18.38478,19.69772,19.72308,17.20465,21.26029,20.51828,20.51828,19.20937,20.51828,21.40093,22.02272,24.20744,22.47221,21.63331,21.26029,21.26029,23.32381,23.43075,20.24846,23.85372,20.0,22.2036,24.08319,23.34524,25.4951,24.04163,24.08319,25.05993,24.69818,20.24846,39.01282,41.10961,44.72136,45.31004,46.09772,47.42362,47.01064,53.25411,52.80152,59.03389,57.28001,58.89822,63.89053,65.80274,65.73431,69.83552,68.0,70.68239,70.38466,72.42237,71.8401,77.12976,73.24616,75.66373,74.24284,74.24284,76.10519,72.11103,75.02666,71.00704,72.00694,71.02816,72.00694,70.06426,69.18092,71.11259,69.26038,64.28063,65.27634,65.06919,66.0,65.0,62.0,64.19502,61.29437,65.27634,64.19502,64.49806,64.28063,65.27634,66.1211,68.46897,73.10951,69.46222,70.11419,72.06247,75.10659
11.18034,11.18034,11.18034,9.84886,9.84886,9.84886,8.94427,8.94427,8.544,7.61577,7.61577,7.61577,6.7082,6.7082,5.83095,5.83095,5.0,5.0,5.0,5.0,4.24264,4.24264,4.24264,4.24264,3.60555,3.60555,3.60555,4.47214,3.60555,4.12311,3.60555,4.12311,4.12311,4.12311,4.12311,4.12311,4.12311,4.12311,4.12311,4.12311,4.12311,4.12311,4.12311,4.12311,4.12311,4.12311,4.47214,4.47214,4.47214,4.47214,5.0,4.24264,68.88396,64.84597,66.70832,65.9242,65.0,64.19502,53.48832,59.46427,54.08327,51.26402,49.0408,48.38388,42.72002,40.80441,38.60052,36.76955,37.33631,33.61547,29.73214,30.46309,29.54657,28.17801,23.70654,24.69818,21.40093,18.86796,22.02272,22.02272,17.02939,20.0,20.24846,18.60108,17.72005,18.78829,19.31321,20.61553,20.61553,20.61553,19.92486,20.61553,18.97367,20.22375,21.18962,20.88061,21.58703,20.02498,22.80351,22.56103,21.37756,22.80351,24.69818,20.39608,23.25941,23.32381,23.85372,24.08319,24.04163,40.31129,44.72136,45.88028,49.47727,47.85394,49.16299,49.0102,52.00961,55.3263,53.60037,59.22837,60.16644,64.19502,64.84597,66.18912,64.40497,72.06941,70.17834,71.02816,74.51845,73.66139,76.38063,73.5527,74.27651,76.05919,74.51845,73.00685,74.20243,75.16648,73.24616,69.64194,72.20111,71.19691,69.35416,69.83552,69.77105,66.88797,67.60178,64.14047,65.51336,63.13478,65.51336,65.19202,64.89992,62.68174,63.81222,65.45991,64.63745,64.63745,65.21503,66.61081,66.8431,70.21396,68.00735,72.42237,71.28113,72.11103
11.40175,11.7047,10.44031,10.77033,10.77033,9.84886,9.48683,8.544,8.544,8.544,7.61577,7.28011,7.28011,6.32456,6.32456,6.32456,6.08276,5.09902,5.09902,5.09902,5.09902,4.12311,4.12311,4.0,4.0,3.0,4.12311,3.16228,4.12311,3.16228,3.16228,3.16228,3.16228,3.16228,3.16228,3.60555,3.60555,3.60555,3.60555,3.60555,3.60555,3.60555,3.60555,3.60555,3.60555,3.60555,3.60555,3.16228,4.12311,4.12311,4.12311,4.0,70.40597,68.88396,69.37579,66.48308,63.89053,62.96825,59.13544,59.80803,55.15433,52.55473,49.39636,47.16991,45.54119,42.15448,39.21734,40.49691,39.56008,33.52611,31.01612,28.4605,29.12044,27.65863,26.68333,25.17936,24.18677,23.19483,19.0263,20.02498,20.22375,18.11077,19.41649,19.92486,17.08801,19.31321,19.23538,20.59126,18.86796,17.80449,18.60108,19.84943,19.20937,20.61553,18.43909,20.80865,19.20937,18.43909,19.79899,21.2132,19.84943,21.2132,22.02272,20.80865,23.02173,20.12461,21.93171,21.18962,22.80351,41.4367,45.61798,45.27693,48.41487,48.27007,50.91169,52.34501,51.31277,55.21775,55.56978,59.94164,62.64982,65.9242,68.94926,67.05222,69.63476,71.80529,71.70077,71.44928,77.23341,73.02739,76.00658,73.24616,76.32169,74.96666,74.1485,72.83543,75.18643,72.78049,71.80529,72.53275,75.0,70.21396,70.34202,68.96376,69.37579,66.09841,65.14599,63.89053,65.0,64.03124,65.0,65.9242,62.96825,63.15061,60.82763,59.5399,63.50591,64.62971,66.61081,66.18912,66.37017,70.45566,65.37584,73.5527,73.33485,74.8131
10.0,10.0,10.0,10.0,9.21954,8.48528,7.81025,7.81025,7.07107,7.07107,6.40312,6.40312,6.40312,5.83095,5.0,5.0,5.0,3.60555,4.47214,3.60555,3.60555,3.16228,3.16228,3.16228,3.0,3.0,2.0,3.0,3.0,3.16228,3.16228,3.16228,3.16228,3.16228,3.16228,3.16228,3.16228,3.16228,2.23607,3.16228,3.16228,3.16228,3.16228,3.60555,3.16228,3.16228,3.16228,3.16228,3.16228,3.0,3.0,3.0,69.63476,70.60453,68.60029,65.60488,63.89053,60.44005,56.22277,58.0,55.22681,50.20956,50.20956,46.69047,44.55334,41.03657,41.72529,38.8973,36.76955,33.24154,33.30165,31.40064,29.68164,25.4951,27.45906,22.82542,21.63331,19.72308,18.78829,21.84033,20.61553,18.02776,18.11077,17.11724,15.13275,16.0,17.26268,20.02498,19.23538,19.64688,16.49242,17.08801,18.68154,19.64688,19.92486,18.24829,21.37756,17.0,19.31321,19.41649,22.47221,19.92486,20.88061,20.39608,22.09072,23.0,20.02498,19.23538,19.64688,39.35734,41.04875,47.42362,47.50789,46.61545,51.42956,52.3259,55.15433,53.48832,56.32051,59.43904,62.80127,62.64982,63.63961,66.06815,67.02984,71.06335,72.18033,74.33034,73.75636,69.37579,70.5195,75.96052,77.25283,74.84651,71.17584,74.24284,73.43024,73.43024,75.71658,72.11103,74.09453,70.21396,67.74216,70.72482,68.41053,65.21503,66.85058,62.42596,63.24555,63.51378,64.07027,63.81222,59.36329,61.91123,59.94164,56.4358,64.84597,58.18075,61.29437,64.41273,63.50591,66.64833,68.09552,70.21396,70.83078,71.34424
11.40175,11.40175,10.19804,10.19804,9.21954,10.19804,9.21954,8.06226,8.06226,8.06226,8.06226,7.07107,7.07107,6.32456,6.08276,5.09902,5.09902,5.38516,5.38516,4.47214,4.12311,4.47214,3.60555,3.60555,3.16228,3.60555,2.82843,2.82843,2.82843,2.82843,2.82843,2.82843,2.82843,2.82843,3.16228,3.16228,3.16228,3.16228,3.16228,3.16228,3.16228,3.16228,3.16228,3.16228,3.16228,3.16228,3.60555,3.60555,3.60555,3.60555,3.60555,3.60555,68.65858,66.28725,67.68309,66.09841,61.66036,62.64982,56.4358,61.52235,52.03845,55.44367,49.09175,45.04442,45.17743,43.10452,39.05125,41.19466,39.31921,34.05877,35.35534,31.06445,30.80584,29.42788,27.45906,26.1725,23.76973,21.18962,19.31321,20.24846,21.9545,17.02939,19.84943,18.60108,14.86607,16.27882,15.0,16.27882,19.41649,21.09502,16.64332,16.12452,18.86796,17.49286,16.64332,19.69772,18.78829,19.23538,20.59126,17.0,21.0238,21.09502,23.32381,21.63331,21.26029,20.0,18.38478,22.80351,22.02272,39.29377,44.55334,47.04253,50.0,50.35871,53.15073,53.45091,52.88667,57.38467,54.23099,57.3062,61.77378,65.8635,64.63745,70.29225,66.46804,71.42129,68.68042,73.75636,75.16648,73.06162,75.66373,73.06162,74.24958,73.34848,73.92564,71.30919,78.77182,69.57011,76.2168,69.64194,76.24303,70.40597,70.61161,70.0928,68.65858,64.03124,67.44627,65.0,65.25335,65.96969,60.16644,61.68468,61.98387,64.51356,62.0967,61.68468,62.03225,66.30988,60.00833,64.4748,67.23095,70.5762,64.07808,67.41662,71.69379,71.7844
11.40175,11.40175,11.40175,10.19804,10.19804,9.21954,9.21954,8.24621,8.24621,7.28011,7.28011,7.28011,6.32456,6.32456,5.38516,5.38516,5.38516,5.38516,4.47214,4.47214,4.47214,3.60555,3.60555,4.24264,3.60555,3.60555,3.60555,3.60555,3.16228,4.12311,3.16228,3.16228,3.16228,4.12311,4.12311,4.12311,4.12311,4.12311,4.12311,4.12311,4.12311,4.12311,4.12311,4.12311,4.12311,4.12311,4.12311,4.47214,4.47214,4.47214,4.47214,3.60555,68.96376,68.44706,67.18631,66.4906,63.56099,59.84146,58.0517,58.85576,56.4358,50.35871,47.51842,45.39824,46.38965,42.29657,38.0526,40.4475,36.87818,35.69314,31.57531,29.27456,29.73214,29.41088,25.4951,24.16609,22.13594,22.2036,20.12461,18.35756,18.38478,20.51828,16.27882,18.43909,17.69181,21.63331,17.20465,18.86796,19.23538,20.12461,19.31321,21.84033,18.97367,21.18962,20.61553,19.72308,22.56103,21.84033,22.13594,19.64688,20.24846,21.18962,22.84732,25.29822,21.54066,20.59126,23.32381,24.04163,21.26029,38.47077,42.0119,45.17743,47.51842,49.72927,49.64877,50.56679,54.12947,56.36488,55.47071,59.64059,59.66574,64.44377,63.63961,67.94115,67.47592,69.81404,72.11103,69.64194,71.55418,72.09022,73.82412,75.61085,74.67262,75.0,72.12489,74.46476,71.80529,72.18033,70.40597,67.46851,69.72087,71.19691,68.73136,71.56815,64.77654,64.93843,61.81424,63.15061,60.82763,63.15061,60.20797,60.41523,61.40033,59.20304,59.66574,60.72891,60.74537,64.07808,63.24555,66.7308,66.12866,67.41662,66.12866,68.00735,66.7308,73.05477
11.40175,10.63015,10.63015,10.0,10.0,9.21954,8.60233,8.60233,7.81025,7.81025,7.81025,7.07107,6.40312,6.40312,5.65685,5.65685,5.65685,5.0,5.0,5.0,4.24264,3.60555,4.47214,4.47214,4.12311,4.12311,4.12311,4.0,4.0,4.0,4.0,4.0,4.0,4.0,4.12311,4.0,4.0,4.12311,4.0,4.12311,4.0,4.0,4.0,4.0,4.0,4.0,5.0,5.0,4.0,4.12311,4.12311,4.12311,70.17834,64.53681,69.81404,63.25346,63.24555,61.03278,57.14018,59.16925,51.10773,52.47857,51.10773,45.48626,46.32494,41.67733,42.19005,40.80441,38.94868,35.51056,31.40064,32.44996,31.89044,29.0,25.4951,23.60085,23.43075,24.08319,18.60108,24.18677,21.0238,21.0238,18.97367,20.61553,18.38478,21.18962,20.61553,21.58703,20.61553,19.41649,21.2132,20.22375,22.2036,23.02173,19.41649,21.09502,23.34524,23.02173,21.09502,25.17936,23.08679,22.56103,24.5153,24.5153,25.63201,23.76973,21.54066,25.07987,23.85372,41.23106,43.18565,44.40721,47.88528,47.85394,52.49762,50.44799,52.17279,53.60037,55.3263,59.0,60.07495,64.03124,62.80127,71.38627,66.21933,71.7844,68.94926,74.46476,72.91776,74.43118,72.56032,75.71658,76.02631,72.00694,74.8131,70.0928,74.41102,70.00714,72.91776,67.88225,70.83784,68.11755,67.35726,68.24954,65.29931,63.12686,64.03124,64.66065,63.78087,63.78087,60.20797,62.28965,60.82763,60.82763,61.55485,60.10824,61.84658,62.24147,63.12686,63.78087,64.2028,65.19202,64.3506,68.62215,73.5527,70.72482
10.77033,10.77033,9.84886,10.29563,9.43398,9.43398,8.06226,8.06226,8.06226,7.2111,7.2111,6.7082,5.83095,5.83095,5.0,5.83095,4.47214,4.47214,4.47214,4.47214,4.12311,3.16228,3.16228,3.16228,3.0,3.0,3.0,3.0,3.0,3.16228,3.16228,3.16228,3.16228,3.16228,3.16228,3.16228,3.16228,3.16228,3.16228,3.16228,3.16228,3.16228,3.16228,3.16228,3.16228,3.16228,3.16228,4.0,4.0,4.0,4.0,3.16228,67.95587,66.28725,65.45991,63.00794,63.60031,58.41233,56.0803,58.0517,53.15073,50.9902,50.60632,46.09772,46.01087,43.93177,40.36087,38.41875,37.64306,33.83785,33.42155,32.80244,29.41088,26.92582,25.23886,25.23886,23.02173,24.69818,22.80351,17.08801,19.64688,22.56103,18.43909,21.09502,17.26268,19.0263,20.22375,18.02776,18.24829,20.61553,22.36068,19.10497,22.36068,22.13594,20.39608,23.08679,19.10497,21.58703,17.11724,24.33105,23.34524,22.09072,24.08319,23.02173,24.0,22.2036,21.2132,23.08679,21.93171,41.23106,41.67733,40.0,48.16638,47.42362,45.34314,51.61395,51.42956,63.52952,57.70615,60.16644,56.64804,71.06335,69.857,68.46897,68.11755,69.0,71.02816,63.3877,72.18033,72.00694,75.89466,75.18643,73.4983,77.7946,75.61085,75.76939,73.34848,76.05919,72.01389,71.11962,70.3278,69.11584,71.02112,67.74216,69.11584,65.36819,63.13478,63.13478,63.50591,62.26556,62.6099,64.41273,63.95311,60.37384,60.82763,62.6099,60.00833,64.84597,64.2573,63.90618,66.7308,69.77822,67.77905,69.46222,69.857,70.66116
11.6619,11.18034,10.29563,10.29563,10.29563,8.94427,8.94427,8.06226,8.06226,8.06226,7.2111,7.2111,5.83095,5.83095,5.83095,5.0,5.0,5.0,4.24264,4.24264,4.24264,4.24264,3.60555,3.60555,3.60555,4.12311,4.12311,4.12311,4.12311,4.0,4.12311,4.0,4.0,4.0,5.0,5.0,4.0,5.0,5.0,5.0,5.0,5.0,5.0,5.0,5.0,5.09902,5.09902,5.09902,5.09902,4.47214,4.47214,4.47214,64.4748,61.32699,64.88451,63.07139,63.56099,60.53924,60.41523,54.78138,51.24451,47.16991,46.48656,43.01163,42.54409,41.78516,36.40055,35.4683,38.94868,32.20248,33.24154,27.29469,30.41381,27.29469,24.41311,23.60085,23.02173,22.80351,19.10497,21.40093,21.63331,19.23538,22.13594,22.84732,21.18962,19.92486,21.58703,18.43909,22.36068,22.56103,22.56103,21.0238,22.09072,23.19483,22.2036,25.17936,24.33105,25.07987,27.29469,25.31798,26.57066,25.63201,26.24881,27.51363,23.08679,26.83282,24.69818,27.45906,25.0,41.59327,41.10961,43.73786,47.51842,49.16299,48.0,52.34501,50.48762,55.10898,52.39275,60.08328,57.93962,62.39391,62.76942,65.19202,68.7968,68.8186,70.43437,70.83784,74.24958,72.18033,76.2168,73.40981,74.8131,74.33034,73.81734,73.06162,70.71068,71.11259,72.91776,68.54196,69.35416,68.15424,66.48308,70.5762,65.19202,62.24147,62.24147,62.64982,63.52952,61.46544,59.94164,59.03389,60.03332,59.5399,57.80138,60.41523,62.68174,62.96825,63.51378,64.07027,63.00794,69.64194,64.63745,65.60488,67.41662,69.46222
11.40175,11.18034,10.19804,10.19804,10.19804,9.21954,9.21954,8.24621,8.06226,8.06226,7.07107,7.28011,7.28011,6.32456,6.32456,5.38516,5.38516,5.38516,4.47214,4.47214,4.47214,5.0,5.0,4.24264,4.24264,4.24264,4.24264,3.60555,4.47214,4.47214,4.47214,4.47214,4.47214,4.47214,4.47214,4.47214,4.47214,4.47214,4.47214,4.47214,5.38516,4.47214,5.38516,5.38516,5.83095,5.0,5.0,5.0,5.0,5.65685,5.65685,5.0,69.72087,70.34913,66.61081,64.28063,62.20129,60.07495,58.07753,56.00893,55.0,51.0098,47.0,46.01087,44.18144,41.10961,40.1995,40.11234,38.20995,34.52535,31.40064,29.83287,31.32092,25.31798,26.0,22.84732,21.18962,20.12461,21.0238,20.51828,20.61553,21.93171,21.40093,19.84943,20.80865,20.12461,23.32381,21.63331,24.59675,22.82542,25.07987,23.32381,22.80351,25.94224,24.16609,25.05993,22.84732,27.313,27.29469,27.78489,27.45906,26.07681,27.78489,30.01666,29.83287,27.58623,26.24881,30.61046,26.07681,43.28972,42.04759,48.16638,49.81967,51.24451,50.32892,52.3259,56.4358,57.68882,56.61272,59.81639,63.65532,65.79514,66.6033,68.41053,69.63476,71.84706,70.49113,72.00694,74.24958,76.15773,75.61085,75.89466,75.96052,74.95332,77.46612,74.33034,73.97973,74.43118,72.44308,71.56815,68.593,68.06614,67.1193,69.06519,66.18912,67.1193,66.18912,64.19502,64.49806,58.54912,60.67125,64.77654,61.81424,61.0,59.5399,60.20797,63.78871,62.0967,64.03124,63.32456,68.41053,68.68042,69.12308,66.4906,72.03471,72.36712
12.08305,12.08305,11.18034,10.29563,9.84886,9.84886,8.94427,8.94427,8.94427,7.61577,7.61577,6.32456,6.32456,6.32456,6.08276,6.08276,5.09902,5.0,5.0,5.0,4.0,4.0,4.12311,4.12311,4.12311,4.12311,3.60555,3.60555,3.60555,4.24264,4.24264,5.0,4.24264,5.65685,5.0,5.0,5.0,5.0,5.0,5.65685,5.65685,5.65685,5.65685,5.65685,5.65685,5.65685,6.40312,5.83095,5.83095,5.38516,5.38516,5.38516,67.60178,66.03787,63.28507,60.74537,59.64059,57.68882,55.47071,56.40035,51.61395,50.0,43.909,45.22168,44.65423,40.22437,39.05125,36.71512,36.35932,33.28663,33.12099,29.15476,29.96665,27.85678,22.47221,21.37756,20.39608,21.0238,20.02498,22.09072,19.0,18.24829,19.31321,18.86796,17.88854,19.69772,22.80351,21.09502,22.80351,21.9545,23.43075,25.0,24.04163,26.90725,25.45584,24.41311,27.01851,25.80698,24.69818,27.58623,24.18677,26.40076,26.41969,26.83282,28.23119,27.85678,28.63564,28.86174,28.0,37.80212,44.20407,45.22168,48.76474,46.95743,51.24451,48.38388,55.7853,57.07013,55.44367,59.21149,62.00806,68.02941,65.27634,70.45566,66.91039,71.58911,70.60453,73.24616,72.61543,73.53911,73.00685,74.24284,74.30343,75.29276,77.38863,75.16648,74.06079,70.72482,71.40028,69.06519,74.02702,68.24954,66.8431,69.02898,67.00746,65.43699,63.82006,61.84658,64.07027,65.45991,60.74537,58.83026,60.53924,62.26556,60.20797,61.40033,62.16912,64.40497,61.7171,64.88451,67.23095,74.73286,64.88451,68.942,70.21396,68.02941
12.04159,12.04159,11.31371,10.63015,9.89949,9.89949,9.21954,8.48528,8.48528,7.81025,8.48528,7.81025,7.07107,6.40312,6.40312,5.65685,5.0,5.0,4.47214,4.47214,4.47214,4.47214,4.47214,4.12311,4.12311,4.12311,4.0,4.0,4.12311,4.12311,4.12311,4.12311,4.12311,4.12311,4.12311,4.47214,4.47214,4.47214,4.47214,4.47214,5.38516,4.47214,5.09902,5.09902,5.09902,5.09902,5.09902,6.0,5.0,5.0,6.0,5.09902,69.31089,69.31089,67.17887,62.36986,65.19202,62.00806,59.46427,55.80323,54.56189,49.40648,49.0408,42.52058,42.63801,42.52058,41.7732,38.18377,35.4683,34.71311,28.42534,31.14482,28.01785,28.42534,23.85372,24.18677,21.0238,18.02776,21.54066,21.2132,19.41649,20.02498,17.02939,18.11077,19.23538,20.09975,20.88061,18.68154,20.88061,19.64688,21.18962,21.54066,22.47221,24.59675,23.4094,22.84732,23.76973,26.92582,25.29822,26.57066,27.20294,26.24881,26.30589,29.61419,28.16026,30.01666,26.01922,27.01851,28.86174,41.40048,40.81666,47.41308,48.10405,50.69517,48.6621,52.23983,53.23533,56.00893,60.07495,59.4138,60.53098,63.50591,66.09841,68.41053,69.28925,72.44998,71.17584,71.58911,71.69379,73.4983,74.88658,75.60423,76.40026,74.65253,74.41102,72.83543,74.96666,74.96666,72.83543,72.34639,71.44928,69.52697,69.52697,69.52697,66.52819,67.26812,62.96825,64.38167,63.63961,64.3506,61.55485,58.69412,63.03174,60.82763,59.46427,61.07373,61.61169,70.0,67.6757,64.63745,67.42403,68.11755,69.63476,72.8011,70.0,72.47068
10.0,9.0,9.0,9.05539,8.0,8.06226,8.0,7.0,7.0,7.0,6.0,6.0,5.0,5.09902,5.0,5.09902,4.12311,4.12311,3.16228,3.16228,3.16228,3.60555,2.82843,2.82843,2.82843,3.60555,3.60555,3.60555,3.16228,4.12311,3.16228,3.16228,3.16228,3.16228,4.12311,4.12311,4.12311,4.12311,4.12311,4.12311,4.12311,4.12311,4.47214,4.12311,4.47214,4.47214,4.47214,4.47214,5.0,5.0,4.24264,4.24264,67.00746,65.19202,66.00758,61.0,61.0,61.40033,59.4138,51.08816,49.16299,50.24938,45.09989,44.28318,43.01163,40.31129,38.01316,37.12142,36.01389,31.0,28.01785,27.16616,31.257,23.76973,26.4764,23.08679,22.47221,21.0238,20.12461,21.09502,17.80449,16.27882,16.27882,17.02939,17.69181,19.20937,19.69772,18.38478,20.12461,19.69772,21.84033,21.54066,21.84033,21.18962,22.84732,21.0238,26.24881,26.24881,25.29822,26.92582,25.94224,26.40076,26.92582,31.90611,28.01785,26.62705,26.1725,25.4951,26.62705,42.44997,39.92493,44.72136,45.79301,48.82622,49.81967,51.66237,50.24938,53.90733,57.62812,59.36329,60.03332,61.7171,62.96825,68.70953,64.28841,68.00735,69.64194,69.42622,74.52516,75.42546,73.43705,73.00685,75.0,72.1734,71.25307,73.17103,72.56032,71.84706,70.71068,66.61081,68.73136,70.85901,68.06614,65.62012,64.13267,63.3877,60.67125,60.82763,61.40033,61.40033,61.13101,61.03278,63.0,58.00862,61.0082,58.00862,63.07139,62.39391,65.12296,66.1211,66.37017,67.1193,67.26812,69.18092,67.06713,70.17834
10.81665,10.81665,10.29563,10.29563,9.43398,8.06226,8.06226,8.06226,8.06226,7.2111,7.2111,6.40312,5.83095,5.0,5.0,5.65685,5.65685,4.24264,5.0,4.24264,3.60555,3.60555,4.47214,4.12311,3.16228,4.12311,4.0,4.0,4.0,4.0,4.0,4.0,4.0,4.0,5.09902,5.0,5.09902,5.09902,5.09902,4.12311,5.09902,5.09902,5.09902,5.09902,5.0,5.0,5.0,5.0,5.09902,5.09902,5.09902,4.47214,67.23095,65.19202,65.39113,61.09828,62.96825,55.36244,59.46427,55.08176,54.12024,48.70318,48.50773,45.22168,44.27189,41.76123,40.49691,35.4683,37.16181,33.24154,31.7805,25.05993,27.29469,26.62705,25.80698,24.41311,22.80351,24.20744,18.02776,20.61553,20.80865,17.08801,18.02776,18.78829,18.02776,15.81139,19.23538,19.64688,22.09072,20.22375,20.02498,22.02272,24.08319,23.02173,24.0,22.0,24.08319,26.01922,25.17936,27.16616,24.08319,28.28427,28.07134,27.20294,25.96151,26.92582,26.40076,29.15476,30.4795,41.4367,44.91102,45.54119,49.0,50.08992,51.35173,53.36666,55.7853,58.82176,57.38467,59.5063,62.17717,63.63175,65.0,66.70832,65.76473,69.29646,70.00714,72.24957,72.47068,72.11103,76.27582,72.20111,76.66159,73.34848,72.94518,73.40981,70.68239,71.69379,72.44998,70.2282,71.51224,69.92138,68.96376,67.6757,64.2573,63.90618,65.55151,63.56886,61.46544,62.29767,60.00833,60.00833,65.0,59.9333,63.56099,59.94164,62.43397,62.6099,64.66065,68.96376,65.19202,68.60029,67.1193,68.96376,72.00694,69.46222
10.19804,10.19804,10.19804,9.21954,9.05539,8.06226,8.06226,7.07107,7.07107,6.08276,7.07107,6.08276,6.08276,5.09902,5.09902,5.09902,4.12311,4.12311,4.12311,3.60555,3.16228,3.60555,3.16228,2.82843,2.82843,2.82843,2.23607,2.23607,3.16228,2.23607,3.16228,3.16228,3.16228,3.16228,3.16228,3.16228,3.16228,3.16228,3.16228,3.16228,3.16228,4.12311,3.16228,4.12311,4.12311,3.16228,4.47214,3.60555,3.60555,3.60555,4.24264,3.60555,69.28925,64.62198,65.19202,64.84597,62.62587,58.24088,56.61272,59.66574,53.16014,53.85165,44.14748,47.29693,46.84015,38.32754,39.84972,39.84972,36.68787,32.89377,29.41088,30.46309,29.96665,28.23119,25.05993,22.47221,23.70654,19.41649,21.26029,20.51828,21.93171,21.40093,20.0,18.86796,19.69772,21.54066,18.97367,19.31321,19.64688,18.43909,22.2036,21.84033,19.92486,21.37756,17.72005,22.80351,22.80351,20.88061,25.17936,23.76973,24.35159,23.25941,26.92582,22.84732,23.70654,27.45906,26.62705,25.0,26.87006,37.16181,43.32436,44.91102,47.38143,51.0098,53.03772,50.9902,53.93515,54.34151,57.56735,62.03225,60.00833,65.79514,66.7308,68.7968,67.62396,73.24616,72.91776,72.91776,73.10951,77.62087,73.60027,74.33034,79.05694,77.10383,73.57309,71.55418,79.15807,69.77822,73.82412,70.77429,72.8011,69.28925,68.35203,71.30919,66.85058,66.70832,66.30988,60.92618,62.64982,64.4748,60.53924,63.50591,64.88451,63.07139,60.90156,62.6099,65.8635,63.63175,61.40033,66.37017,66.03787,69.11584,69.11584,72.47068,73.82412,74.68601
11.7047,10.77033,10.77033,9.84886,9.84886,9.84886,8.94427,8.94427,8.06226,7.61577,7.61577,6.7082,6.7082,6.7082,5.38516,5.38516,5.38516,4.47214,4.12311,4.12311,4.12311,4.12311,4.12311,3.0,3.0,3.0,3.0,3.16228,3.16228,3.16228,3.16228,3.16228,3.16228,3.16228,3.16228,3.60555,3.60555,3.60555,3.60555,3.60555,3.60555,3.60555,3.60555,3.60555,3.60555,3.16228,4.12311,4.12311,4.12311,4.0,4.0,4.12311,68.44706,66.12866,64.62198,62.24147,64.4748,58.59181,58.18075,58.30952,51.0,48.8774,47.16991,43.82921,46.32494,42.72002,39.35734,38.91015,37.58989,37.16181,31.30495,31.38471,28.4605,28.23119,24.35159,24.04163,21.58703,23.5372,21.37756,19.0263,23.02173,20.22375,21.0238,21.09502,18.68154,17.72005,21.54066,16.15549,17.20465,20.61553,21.09502,21.0238,20.24846,20.59126,20.59126,20.24846,23.32381,22.47221,25.23886,23.85372,21.93171,22.82542,23.25941,23.76973,23.5372,27.89265,26.4764,22.09072,24.08319,43.86342,43.04649,45.80393,48.79549,51.66237,50.0,52.15362,53.7122,57.69749,56.46238,57.93962,62.96825,64.56005,65.9242,66.48308,69.35416,73.06162,73.06162,70.17834,71.56815,72.36712,76.11833,77.12976,75.18643,76.24303,73.05477,74.33034,75.61085,73.92564,73.40981,71.69379,71.58911,68.44706,69.77822,67.97794,67.97794,64.40497,66.21178,60.00833,62.39391,61.32699,61.46544,62.03225,62.62587,61.03278,61.61169,63.60031,62.0967,65.96969,66.70832,64.03124,70.60453,67.91171,68.96376,71.80529,70.88018,72.53275
11.40175,10.63015,10.0,9.89949,9.89949,9.21954,8.48528,7.81025,7.81025,7.07107,7.07107,7.07107,5.65685,5.65685,5.65685,5.65685,5.0,5.0,4.24264,3.60555,3.60555,3.60555,3.60555,3.16228,3.16228,3.16228,3.16228,3.0,3.0,3.0,3.0,3.0,3.0,3.0,3.0,3.16228,3.0,3.16228,3.16228,3.16228,3.16228,3.16228,3.16228,3.16228,3.16228,3.0,4.0,4.0,4.0,4.0,4.12311,3.60555,68.62215,70.0928,65.06919,62.93648,65.79514,60.1415,59.4138,56.0803,55.17246,49.67897,49.57822,47.50789,48.79549,45.27693,38.28838,36.06938,38.28838,34.65545,32.52691,34.65545,30.4795,30.80584,27.80288,25.4951,23.02173,23.25941,21.93171,19.23538,18.38478,22.80351,18.68154,20.09975,18.43909,16.12452,19.0,18.02776,18.24829,18.11077,19.23538,22.56103,21.37756,19.23538,21.84033,21.09502,19.64688,23.19483,22.2036,21.2132,24.33105,24.5153,24.33105,26.1725,26.01922,25.07987,24.08319,23.5372,25.63201,42.44997,45.0,48.82622,49.65884,49.39636,49.64877,52.17279,57.07013,58.69412,61.03278,60.0,62.20129,64.28063,65.62012,64.77654,70.0928,70.88018,71.16881,71.16881,72.91776,74.24958,76.05919,77.02597,75.21303,76.6094,74.20243,72.47068,70.93659,75.69016,74.41102,71.42129,69.42622,65.79514,68.593,67.89698,69.29646,68.593,65.76473,65.05382,62.96825,63.12686,62.36986,63.89053,64.81512,61.07373,63.51378,61.40033,60.80296,64.3506,64.63745,64.40497,70.45566,69.06519,69.33974,72.20111,72.40166,69.40461
12.20656,10.81665,10.81665,10.81665,10.0,10.0,9.21954,9.21954,8.60233,7.81025,7.81025,7.81025,7.2111,7.2111,6.40312,6.7082,5.83095,5.83095,5.38516,5.38516,4.47214,4.47214,4.47214,4.12311,4.12311,4.12311,4.12311,4.12311,4.0,4.0,4.0,4.0,4.0,4.0,4.12311,4.0,4.12311,4.0,4.12311,4.12311,4.12311,4.12311,4.12311,4.12311,4.0,4.0,5.0,5.0,5.0,5.0,5.09902,4.12311,70.5195,68.96376,70.21396,70.83784,63.24555,62.03225,59.46427,60.16644,52.39275,54.78138,49.76947,50.15974,45.31004,42.54409,45.31004,39.84972,37.33631,34.53983,32.89377,32.28002,35.90265,29.73214,28.16026,25.70992,24.18677,24.18677,23.0,25.01999,21.37756,20.02498,19.23538,19.92486,21.58703,20.24846,20.39608,23.70654,19.23538,21.0238,20.24846,19.69772,19.41649,21.63331,23.85372,22.82542,20.24846,22.02272,23.43075,22.82542,23.85372,24.59675,23.25941,22.84732,25.07987,24.04163,25.29822,23.34524,25.0,42.44997,42.95346,47.01064,49.40648,48.27007,50.20956,53.41348,54.20332,57.68882,58.18075,62.16912,61.46544,64.51356,67.06713,67.91171,66.94027,73.1642,69.35416,74.10803,72.00694,73.10951,77.23341,75.80237,73.82412,75.13322,75.13322,73.24616,75.18643,69.37579,72.53275,69.26038,73.05477,72.23573,65.78754,70.00714,66.12866,65.78754,63.56886,63.56886,63.89053,63.89053,56.75385,61.61169,59.90826,63.06346,60.01666,62.16912,63.63961,65.30697,62.64982,65.49046,68.26419,68.73136,67.47592,69.87131,69.2315,70.21396
10.81665,10.81665,10.81665,9.43398,9.43398,8.94427,8.06226,8.06226,8.06226,8.06226,7.2111,7.2111,5.83095,5.83095,5.83095,5.83095,5.0,5.0,4.24264,4.24264,4.24264,3.60555,4.24264,3.60555,3.60555,3.60555,4.12311,4.12311,3.16228,4.12311,3.16228,3.16228,4.12311,4.0,4.0,4.0,4.0,4.0,4.0,4.0,4.0,4.0,4.0,4.0,4.0,4.0,4.12311,4.12311,4.12311,4.12311,4.47214,4.47214,71.02112,67.74216,66.57327,63.13478,64.66065,59.48109,61.7171,58.60034,52.3259,53.23533,50.08992,47.88528,44.77723,42.95346,41.14608,41.14608,41.14608,37.58989,34.48188,31.76476,32.20248,30.61046,28.01785,25.0,26.24881,24.75884,24.08319,20.51828,20.61553,18.35756,18.38478,21.47091,17.46425,23.70654,20.24846,17.72005,19.10497,17.46425,19.41649,21.09502,20.02498,22.02272,18.02776,20.02498,23.0,21.0238,18.0,22.02272,24.02082,24.08319,23.08679,24.02082,26.30589,23.5372,22.47221,22.82542,25.55386,41.62932,45.54119,46.09772,49.36598,51.0098,51.0392,53.08484,56.7186,58.46366,58.24088,59.77458,61.32699,63.95311,65.76473,70.49113,68.24222,71.40028,71.58911,70.03571,72.13876,72.24957,77.00649,72.8011,75.80237,77.10383,71.28113,73.06162,76.15773,70.68239,72.47068,68.44706,71.58911,68.44706,65.79514,70.68239,67.23095,61.7414,62.24147,63.50591,63.97656,64.00781,59.16925,62.43397,60.74537,57.3062,59.66574,61.29437,61.85467,64.03124,61.84658,61.84658,66.61081,71.06335,64.66065,67.00746,73.23933,69.06519
12.04159,11.04536,11.04536,10.04988,10.04988,10.04988,9.05539,9.05539,8.06226,8.06226,8.06226,7.07107,7.07107,7.07107,6.08276,6.08276,6.0,6.0,5.0,5.0,5.0,5.0,5.0,4.0,4.0,4.0,4.12311,3.16228,3.16228,3.16228,3.16228,3.16228,3.16228,3.16228,3.60555,3.60555,3.60555,3.60555,3.60555,3.60555,3.60555,3.60555,3.60555,3.60555,3.60555,3.60555,3.60555,4.47214,4.47214,4.12311,4.12311,4.12311,72.24957,67.00746,66.1211,64.00781,64.03124,61.07373,63.07139,59.07622,57.31492,56.0357,52.34501,47.16991,49.09175,46.09772,43.56604,38.0526,39.01282,36.05551,33.06055,34.05877,33.01515,30.06659,30.06659,31.01612,25.07987,25.17936,22.09072,21.18962,19.64688,21.54066,17.08801,22.13594,18.02776,20.12461,18.35756,21.0238,19.23538,17.88854,15.55635,18.38478,20.61553,19.10497,18.02776,18.43909,19.20937,20.61553,21.93171,19.79899,21.26029,22.62742,22.2036,21.40093,22.80351,22.2036,23.70654,21.54066,21.84033,40.80441,43.41659,48.04165,49.16299,48.25971,51.41984,52.55473,55.71355,54.56189,55.9464,58.5235,62.42596,66.0303,66.06815,67.17887,70.17834,74.65253,71.61006,74.88658,74.70609,74.30343,72.09022,75.39231,75.89466,75.58439,75.28612,75.18643,71.02112,72.78049,73.97973,69.87131,72.56032,65.49046,67.36468,69.26038,64.49806,64.28063,63.63961,60.67125,63.63961,59.5399,59.03389,61.18823,61.98387,59.5399,60.44005,59.66574,59.43904,63.32456,62.8172,63.32456,62.64184,67.68309,63.56099,72.03471,67.91171,70.0928
12.04159,11.04536,11.04536,11.0,10.04988,9.0,9.0,9.0,8.0,8.0,8.0,7.0,7.07107,7.0,6.08276,6.08276,6.08276,5.09902,5.09902,5.09902,4.12311,4.47214,4.12311,3.60555,3.60555,3.60555,3.60555,3.60555,3.60555,3.60555,2.82843,3.60555,3.60555,3.60555,3.16228,3.60555,3.16228,3.16228,3.16228,3.16228,3.16228,3.16228,3.16228,4.12311,3.60555,4.12311,4.47214,4.47214,3.60555,4.24264,4.24264,4.24264,70.25667,69.06519,63.00794,62.00806,66.0303,59.21149,60.13319,57.07889,58.21512,50.35871,49.49747,50.08992,44.10215,44.28318,42.42641,41.04875,39.11521,35.01428,37.05401,34.0,30.0,29.01724,27.16616,27.07397,26.0,26.1725,23.34524,22.56103,23.08679,19.41649,20.24846,18.02776,15.65248,20.24846,19.41649,15.0,19.41649,19.84943,16.97056,17.69181,18.43909,18.60108,18.60108,18.35756,17.02939,17.80449,20.24846,21.0238,16.12452,20.24846,21.40093,22.80351,21.93171,19.10497,19.84943,22.2036,21.47091,40.04997,42.19005,47.12749,45.31004,51.88449,48.37355,51.40039,53.15073,53.8145,57.98276,58.79626,59.81639,65.60488,64.07027,65.8635,69.35416,68.54196,70.2282,67.35726,68.65858,71.19691,75.31268,74.8131,73.43705,71.17584,73.24616,73.02739,71.00704,72.00694,68.06614,70.06426,65.19202,66.37017,66.48308,68.26419,65.37584,65.19202,62.00806,63.12686,60.03332,58.03447,61.0082,59.00847,65.12296,55.00909,57.03508,57.21888,55.44367,62.39391,66.1211,62.514,64.62971,63.78871,68.35934,66.61081,65.9242,70.25667
10.77033,10.77033,10.77033,10.44031,9.48683,9.48683,9.48683,8.544,8.544,7.61577,7.61577,7.28011,7.61577,6.7082,6.7082,5.83095,5.38516,5.83095,5.0,5.0,4.47214,3.60555,3.60555,4.24264,4.24264,3.60555,3.60555,3.60555,3.60555,3.16228,3.16228,3.16228,3.16228,3.16228,3.16228,4.0,3.0,3.0,3.0,3.0,4.0,4.0,4.0,4.0,4.0,4.12311,4.12311,4.0,4.12311,5.09902,4.12311,3.60555,70.83078,65.36819,66.88797,65.0,67.1193,60.41523,59.05929,59.48109,56.36488,53.22593,53.31041,48.30114,45.65085,44.28318,40.70626,42.48529,41.59327,35.35534,38.48376,35.8469,32.75668,30.88689,31.06445,27.80288,27.01851,24.20744,24.08319,25.6125,19.10497,21.93171,21.93171,20.80865,18.60108,21.18962,18.68154,19.31321,15.81139,17.11724,18.68154,20.09975,18.43909,15.13275,15.0,18.0,18.0,16.0,20.0,20.02498,19.10497,19.10497,25.0,19.0263,20.22375,21.84033,21.2132,19.64688,22.47221,42.05948,46.84015,47.07441,51.08816,52.03845,51.35173,53.15073,56.04463,56.04463,58.30952,64.40497,61.26989,66.37017,67.42403,68.8186,69.02898,73.59348,72.18033,74.27651,73.24616,74.20243,76.40026,72.94518,71.34424,73.92564,73.43024,73.82412,75.15318,72.01389,71.55418,69.46222,68.02941,69.64194,69.07966,69.07966,65.0,62.03225,61.68468,61.32699,62.03225,62.64982,57.69749,60.90156,62.17717,60.53924,61.40033,60.20797,61.03278,63.00794,62.96825,63.00794,64.63745,64.40497,66.0303,67.42403,66.85058,69.2026
11.40175,11.40175,10.44031,10.77033,10.44031,9.48683,9.48683,8.544,8.544,8.544,8.544,7.28011,7.28011,6.32456,6.32456,6.32456,6.08276,6.08276,5.09902,5.09902,5.09902,5.0,4.0,4.0,4.0,4.0,4.12311,4.12311,3.16228,3.16228,3.16228,3.60555,3.60555,3.60555,3.60555,3.60555,3.60555,3.60555,3.60555,3.60555,3.60555,3.60555,4.24264,3.60555,3.60555,4.24264,4.47214,4.47214,4.47214,4.47214,4.47214,4.12311,72.09022,65.76473,68.44706,63.50591,64.41273,62.26556,57.24509,62.43397,53.0,54.08327,51.10773,51.0,48.02083,42.72002,43.41659,41.18252,38.07887,38.07887,37.58989,32.64966,32.75668,30.67572,31.38471,28.30194,28.23119,26.92582,23.08679,22.56103,21.58703,21.2132,20.02498,20.09975,18.0,19.64688,16.49242,16.12452,15.52417,16.12452,17.72005,20.88061,19.31321,16.76305,20.24846,19.69772,17.88854,18.35756,21.09502,18.35756,20.12461,20.12461,18.35756,24.59675,24.35159,22.13594,23.5372,23.76973,20.39608,41.18252,45.60702,45.25483,52.40229,50.0,52.83938,51.42956,55.54278,58.5235,59.13544,58.46366,62.96825,63.78871,67.18631,71.06335,69.02898,73.17103,70.5762,72.83543,71.58911,73.08215,79.37884,74.33034,73.1642,73.92564,72.49828,71.11259,74.68601,68.0,72.71864,65.8635,69.83552,67.41662,66.85058,64.66065,65.19202,63.63175,61.77378,60.74537,61.29437,64.00781,57.80138,61.7171,57.69749,60.92618,56.36488,59.09315,59.46427,62.64184,56.64804,64.2573,64.84597,66.40783,62.29767,69.57011,69.64194,70.5195
11.18034,11.18034,10.19804,10.19804,9.21954,9.21954,9.21954,8.24621,8.24621,8.24621,7.28011,7.28011,7.28011,6.32456,6.08276,6.08276,5.09902,5.09902,5.0,5.0,4.0,4.0,4.0,4.12311,3.0,3.0,3.16228,3.16228,3.16228,3.60555,2.23607,2.82843,2.82843,2.82843,2.82843,2.82843,2.82843,2.82843,2.82843,3.60555,3.60555,3.60555,3.60555,3.60555,3.60555,4.24264,4.24264,4.24264,3.60555,3.60555,3.60555,3.16228,63.34824,64.53681,67.91171,63.78871,61.39218,56.32051,59.20304,59.13544,54.70832,51.5461,48.70318,49.98,46.23851,45.88028,42.72002,43.01163,41.10961,37.36308,34.48188,33.24154,34.36568,31.32092,27.29469,26.30589,25.31798,24.18677,21.09502,23.02173,23.02173,19.0263,19.23538,16.27882,19.41649,15.23155,15.52417,17.08801,14.86607,16.55295,18.35756,18.86796,16.64332,20.0,18.02776,16.12452,14.86607,19.41649,18.60108,20.51828,15.6205,22.67157,19.23538,19.72308,22.80351,17.88854,19.69772,22.47221,22.13594,43.56604,43.01163,45.18849,49.73932,53.82379,53.15073,53.07542,55.31727,56.72742,57.2014,59.36329,61.29437,65.76473,64.62198,66.12866,68.68042,73.24616,70.85901,70.71068,74.16873,73.00685,74.06079,75.05998,73.24616,75.23962,73.82412,76.48529,68.44706,71.06335,72.78049,66.48308,69.64194,68.30813,65.14599,68.41053,64.56005,64.28841,59.48109,59.48109,61.18823,59.66574,57.07013,58.69412,58.85576,57.87055,61.29437,61.0,58.30952,65.27634,61.29437,64.49806,65.27634,65.27634,65.49046,68.02941,67.36468,70.5762
11.18034,11.18034,10.29563,9.84886,9.84886,9.84886,8.544,8.544,8.544,7.61577,7.61577,7.61577,6.7082,6.7082,6.32456,5.38516,5.38516,5.38516,4.47214,4.47214,4.47214,3.60555,3.60555,3.60555,3.60555,2.82843,2.82843,2.82843,3.16228,2.23607,2.23607,2.23607,2.23607,3.16228,2.23607,3.16228,3.0,3.0,3.0,3.0,3.0,3.0,3.0,3.0,3.0,3.16228,3.16228,3.16228,3.16228,3.60555,3.60555,3.60555,67.26812,66.8431,65.94695,61.22091,64.03124,59.20304,59.07622,60.80296,54.08327,51.31277,51.0392,49.92995,48.54894,48.37355,41.04875,41.88078,43.26662,35.60899,33.30165,34.4093,36.12478,32.64966,29.0,24.04163,25.0,24.41311,22.67157,22.02272,20.0,22.47221,19.69772,21.0238,18.02776,18.97367,19.92486,19.64688,18.68154,17.11724,15.13275,18.24829,17.46425,18.02776,16.12452,20.09975,18.24829,17.11724,19.0263,20.0,18.24829,23.34524,22.09072,24.02082,20.0,23.34524,18.43909,20.61553,20.59126,44.94441,47.41308,47.16991,51.66237,52.95281,52.08647,54.08327,54.08327,57.55867,59.22837,59.43904,64.28841,65.14599,70.2282,68.02941,69.83552,72.20111,72.94518,75.71658,73.24616,71.50524,77.7946,77.89737,73.0,75.0,75.28612,75.45197,74.20243,70.17834,69.89278,69.06519,67.41662,66.03787,67.60178,69.35416,66.7308,62.96825,62.1289,62.68174,61.29437,61.03278,60.44005,60.44005,63.41136,58.79626,55.22681,56.22277,64.3506,63.03174,62.28965,63.65532,65.79514,69.29646,62.93648,66.46804,70.71068,70.03571
11.04536,11.04536,11.04536,10.0,10.0,9.0,9.0,9.0,9.0,8.0,8.0,7.0,7.0,7.0,6.0,6.0,6.0,5.0,5.0,5.0,4.0,4.12311,4.12311,3.16228,3.16228,3.16228,3.16228,3.16228,2.23607,3.60555,2.82843,2.82843,2.82843,2.82843,2.82843,2.82843,2.82843,2.23607,2.82843,2.82843,2.82843,2.23607,2.82843,3.60555,2.82843,2.82843,3.60555,2.82843,3.60555,3.60555,3.60555,3.16228,72.1734,64.03124,62.03225,64.00781,66.00758,59.00847,57.07889,57.21888,56.14268,53.08484,51.15662,49.16299,47.09565,48.09366,41.01219,42.10701,38.0526,39.0,34.0147,33.13608,33.01515,30.06659,28.28427,27.07397,25.07987,26.0,26.30589,21.58703,21.58703,22.80351,21.9545,21.18962,17.88854,17.20465,18.86796,14.21267,16.97056,18.43909,17.69181,19.79899,16.27882,16.40122,15.81139,19.10497,17.80449,17.02939,19.79899,19.84943,18.38478,19.84943,19.84943,20.51828,24.75884,20.80865,21.93171,22.82542,18.38478,44.0,43.73786,50.80354,48.38388,49.24429,50.9902,55.47071,57.00877,62.00806,58.69412,62.28965,63.89053,63.78087,70.60453,70.83078,67.53518,72.89719,72.8011,69.57011,71.56815,72.03471,76.29548,75.50497,75.95393,74.43118,77.31753,73.10951,74.10803,71.0,69.00725,70.02857,67.02984,67.1193,68.18358,66.18912,66.61081,62.1289,63.12686,62.00806,63.0,61.0082,59.00847,59.13544,62.28965,56.14268,61.13101,60.29925,60.53098,62.28965,63.95311,60.20797,66.09841,70.61161,65.11528,66.91039,70.5762,68.88396
10.19804,10.19804,10.19804,10.04988,9.05539,9.05539,9.05539,8.06226,8.06226,8.06226,7.07107,7.07107,6.08276,6.08276,6.08276,6.08276,5.09902,5.09902,5.09902,5.09902,4.12311,4.12311,4.12311,4.12311,3.60555,3.16228,3.60555,2.82843,2.82843,2.82843,2.82843,2.82843,2.82843,2.82843,2.82843,2.82843,2.82843,2.82843,2.82843,3.16228,3.16228,3.16228,2.82843,3.60555,3.60555,3.60555,2.82843,2.82843,3.60555,3.60555,3.60555,3.16228,68.06614,65.49046,68.06614,66.48308,61.20457,61.29437,61.20457,60.20797,56.22277,55.03635,51.0098,49.0408,49.0102,44.01136,44.18144,42.19005,42.04759,39.05125,37.01351,34.05877,35.0571,33.37664,27.07397,29.06888,25.31798,26.30589,23.34524,22.47221,22.80351,23.08679,21.9545,23.76973,20.24846,18.60108,19.41649,19.10497,18.38478,21.93171,20.51828,20.61553,19.84943,21.2132,19.10497,19.20937,21.93171,21.26029,20.51828,22.2036,22.67157,23.34524,20.51828,22.67157,25.23886,22.47221,24.41311,24.16609,23.08679,42.72002,47.85394,47.16991,55.03635,53.15073,56.08921,56.04463,56.64804,60.41523,59.48109,62.6099,65.21503,67.1193,70.29225,70.72482,70.76722,75.16648,76.6094,77.42093,75.66373,77.82673,74.24958,77.07788,77.07788,76.2168,78.74643,75.58439,74.73286,68.44706,74.52516,67.89698,73.1642,69.72087,68.73136,69.05071,62.80127,64.77654,64.77654,60.20797,61.98387,63.63961,60.41523,65.73431,63.34824,59.48109,60.16644,57.00877,64.03124,61.03278,63.60031,66.12866,65.78754,65.80274,67.05222,72.11103,71.16881,71.56815
11.6619,10.81665,10.81665,10.0,10.0,9.43398,9.43398,8.60233,8.60233,8.60233,7.81025,7.2111,7.2111,7.2111,5.83095,6.7082,5.83095,5.38516,5.38516,5.38516,5.38516,4.12311,5.09902,5.09902,5.0,5.0,5.0,4.0,4.0,5.0,5.0,5.09902,5.09902,5.09902,5.09902,5.09902,5.09902,5.09902,5.09902,5.09902,5.09902,5.09902,5.09902,5.0,5.09902,5.0,5.0,5.0,5.0,5.09902,5.09902,5.09902,67.41662,68.0,66.70832,62.24147,62.16912,61.29437,56.82429,60.41523,56.82429,54.91812,54.58938,49.24429,43.38202,43.04649,43.04649,44.77723,40.31129,38.01316,34.0147,33.61547,36.05551,30.8707,29.54657,26.0,28.4605,27.65863,25.07987,23.5372,24.18677,24.0,25.07987,28.07134,22.36068,24.18677,26.01922,22.80351,24.33105,24.33105,23.5372,23.4094,28.23119,27.45906,24.16609,22.56103,22.80351,25.96151,28.16026,24.04163,26.92582,27.29469,25.31798,29.15476,27.16616,26.0,24.08319,29.42788,31.04835,44.38468,49.73932,49.20366,52.20153,53.75872,54.56189,54.20332,58.24946,60.82763,62.03225,62.64184,66.94027,67.46851,70.03571,67.47592,68.26419,77.0,72.06247,75.32596,73.68175,72.99315,74.73286,73.76313,75.96052,77.62087,72.49828,71.11259,72.49828,68.8767,70.26379,65.76473,68.60029,68.42514,66.24198,64.88451,62.64982,62.26556,62.26556,61.29437,59.5399,60.37384,62.16912,59.5063,57.77543,59.5063,58.5235,57.24509,58.18935,60.40695,61.03278,63.32456,64.84597,61.68468,64.84597,67.35726,67.72001,65.19202
11.40175,10.0,10.0,10.0,10.0,9.43398,8.60233,8.60233,8.60233,7.81025,7.2111,7.2111,7.2111,6.40312,6.40312,5.65685,5.65685,5.65685,5.0,5.65685,5.0,5.0,5.0,3.60555,3.60555,3.60555,4.12311,3.16228,4.12311,4.12311,4.12311,4.12311,4.12311,4.12311,4.12311,4.12311,4.12311,4.12311,4.12311,4.12311,4.12311,4.12311,4.12311,4.12311,4.12311,4.12311,4.47214,4.47214,4.47214,5.0,5.0,4.24264,66.8431,62.482,69.2026,64.44377,58.25805,58.89822,58.25805,57.28001,53.8145,53.8145,50.32892,46.01087,46.69047,43.93177,42.63801,37.80212,39.05125,34.82815,35.22783,30.52868,33.28663,30.01666,32.44996,28.6007,25.94224,24.69818,21.93171,28.79236,26.24881,22.2036,20.39608,20.09975,22.02272,22.09072,22.0,26.07681,24.08319,23.02173,21.09502,24.33105,24.08319,27.0,26.01922,25.0,28.01785,25.31798,29.0,25.0,28.16026,27.07397,28.16026,27.45906,26.4764,27.89265,28.23119,27.313,27.78489,42.52058,46.09772,44.82187,52.69725,51.47815,57.77543,55.02727,59.20304,60.87693,59.5399,63.12686,64.03124,70.00714,66.27217,72.83543,70.03571,75.31268,70.60453,75.89466,75.02666,76.48529,74.24284,72.00694,79.61156,76.27582,76.27582,69.40461,72.62231,70.83784,74.20243,67.35726,73.10951,67.20863,63.63961,67.89698,64.44377,60.87693,63.65532,58.89822,58.79626,61.7171,56.0357,63.41136,56.40035,61.29437,59.07622,55.75841,59.90826,58.18075,61.77378,64.49806,64.00781,64.66065,61.40033,68.47627,69.97142,69.11584
11.18034,11.18034,11.18034,10.77033,9.84886,9.84886,8.94427,8.94427,8.94427,8.544,7.61577,7.61577,7.61577,6.7082,6.7082,6.7082,5.83095,5.83095,5.83095,5.83095,5.0,5.0,5.0,4.24264,4.24264,4.24264,3.60555,4.24264,3.60555,4.47214,3.60555,4.47214,4.47214,4.47214,4.47214,4.47214,4.47214,4.47214,4.47214,4.47214,4.47214,4.47214,4.47214,4.47214,5.0,5.0,5.0,5.65685,5.0,5.0,5.0,5.38516,69.35416,66.70832,67.53518,67.53518,59.61543,58.69412,59.09315,57.87055,54.42426,50.92151,49.76947,47.16991,46.61545,45.54119,44.01136,38.8973,38.8973,37.16181,34.78505,33.54102,32.44996,29.15476,30.88689,28.3196,25.23886,27.45906,24.08319,25.4951,21.93171,23.60085,25.23886,24.20744,23.02173,21.47091,24.35159,22.84732,25.07987,26.41969,26.83282,23.4094,27.73085,24.69818,24.18677,25.94224,27.29469,26.41969,29.52965,29.06888,27.313,28.17801,28.01785,30.23243,29.83287,31.14482,27.20294,29.41088,29.52965,46.32494,45.69464,50.0,54.81788,53.46027,56.0803,53.0,57.14018,62.28965,60.16644,66.09841,66.48308,66.30988,68.44706,71.11962,70.49113,75.47185,74.20243,77.46612,77.78175,76.38063,78.1025,76.05919,79.6304,77.17513,76.66159,73.78347,76.05919,70.71068,71.11259,68.02941,72.44998,68.42514,66.85058,66.30988,66.21178,63.15853,64.4748,57.77543,61.7414,60.82763,62.64982,61.29437,59.36329,57.14018,60.20797,58.66856,60.80296,62.00806,63.81222,61.03278,63.60031,71.02816,67.1193,71.02816,70.45566,71.28113
11.31371,10.63015,9.89949,9.89949,9.89949,8.48528,8.48528,8.48528,8.48528,7.07107,7.81025,7.81025,7.07107,6.40312,6.40312,6.40312,5.83095,5.0,5.0,4.47214,4.47214,4.47214,4.47214,4.12311,4.12311,4.12311,4.12311,4.12311,4.0,5.0,4.0,5.0,5.0,5.0,5.0,5.0,5.0,5.0,5.0,5.0,5.0,5.0,5.0,5.0,5.0,5.09902,5.09902,5.09902,5.38516,5.38516,4.47214,5.0,67.42403,67.95587,63.51378,60.20797,62.68174,59.16925,58.30952,55.03635,54.3783,49.39636,50.24938,47.70744,47.70744,45.48626,41.40048,40.80441,40.0,38.83298,35.80503,35.60899,35.80503,34.82815,29.83287,27.58623,25.0,26.90725,26.40076,26.62705,25.55386,20.61553,23.4094,23.08679,25.63201,20.88061,25.96151,22.13594,24.33105,23.34524,25.4951,24.5153,25.17936,25.07987,26.30589,26.07681,23.5372,26.07681,26.30589,31.257,26.68333,26.4764,31.04835,29.73214,30.67572,30.88689,26.92582,29.52965,29.0,46.32494,48.75449,49.0408,50.21952,51.62364,53.15073,51.24451,57.14018,59.68249,59.84146,61.84658,62.93648,69.26038,70.68239,69.77105,69.46222,72.67049,71.84706,73.40981,75.66373,73.5527,76.57676,75.16648,73.24616,72.8011,74.4043,77.66595,70.49113,71.19691,68.96376,68.96376,67.1193,68.88396,65.76473,66.21178,63.06346,61.77378,63.63175,57.70615,58.83026,56.60389,59.36329,58.24946,59.64059,55.0,56.22277,58.25805,61.07373,62.28965,60.30755,61.52235,60.81118,66.6033,65.19202,65.8559,66.70832,71.70077
10.77033,10.77033,9.84886,9.48683,9.48683,8.544,8.544,7.61577,7.61577,7.61577,7.61577,6.7082,6.7082,6.7082,5.83095,5.83095,5.83095,5.83095,5.0,5.0,4.24264,4.24264,4.24264,4.24264,4.24264,4.47214,4.47214,4.47214,4.47214,4.12311,4.47214,4.47214,4.47214,4.12311,4.12311,4.12311,5.09902,4.12311,5.09902,5.09902,5.38516,5.38516,4.12311,5.38516,5.38516,4.47214,4.47214,5.0,5.0,5.0,4.24264,4.24264,66.91039,66.48308,60.63827,60.67125,65.76473,57.55867,60.53098,54.33231,55.22681,46.27094,47.26521,47.38143,46.52956,45.39824,40.4475,39.45884,39.31921,35.69314,31.57531,33.24154,33.73426,30.36445,26.92582,25.63201,28.23119,27.20294,26.40076,25.23886,24.41311,23.34524,23.34524,21.93171,22.67157,21.93171,23.34524,26.24881,22.67157,24.20744,24.08319,25.80698,28.30194,23.85372,24.20744,25.80698,25.55386,26.1725,26.40076,27.01851,26.40076,27.01851,29.73214,29.0,26.1725,24.83948,26.41969,27.45906,26.92582,45.60702,43.28972,48.04165,48.25971,51.1957,50.59644,54.42426,53.31041,54.56189,59.16925,58.82176,62.00806,63.12686,67.94115,69.35416,68.60029,68.60029,72.40166,69.97142,70.68239,71.17584,75.02666,75.27284,73.08215,74.2159,73.76313,70.40597,68.24954,70.5762,65.76473,69.87131,60.67125,66.18912,62.39391,63.1981,61.40033,60.29925,58.30952,57.07013,58.54912,56.56854,60.20797,56.08921,59.66574,53.60037,58.5235,55.36244,57.00877,59.48109,63.32456,60.08328,63.56886,65.80274,64.19502,65.14599,64.84597,66.48308
11.04536,11.04536,11.04536,11.18034,10.19804,10.19804,10.04988,9.21954,9.21954,9.21954,8.06226,8.06226,8.06226,7.07107,7.07107,7.07107,6.0,6.0,6.0,6.0,5.0,5.0,5.0,5.09902,5.0,4.12311,4.12311,5.09902,4.12311,4.47214,4.47214,4.47214,4.47214,4.47214,4.47214,4.47214,4.47214,4.47214,4.47214,4.47214,4.47214,4.47214,4.47214,4.47214,4.47214,5.38516,5.09902,5.09902,5.09902,5.0,5.0,5.0,67.00746,70.06426,65.19202,62.20129,63.28507,61.52235,63.3877,56.32051,53.75872,49.36598,50.15974,49.16299,47.51842,43.41659,42.57934,43.28972,40.1995,38.01316,35.0571,33.01515,32.06244,33.0,30.26549,26.07681,28.01785,30.01666,28.63564,25.63201,25.70992,23.4094,22.47221,23.70654,22.47221,21.9545,22.2036,23.60085,24.41311,24.20744,22.2036,23.02173,25.4951,20.61553,25.80698,26.62705,24.83948,25.0,24.75884,29.15476,25.80698,26.92582,25.94224,27.73085,28.79236,28.16026,26.92582,25.4951,27.0,44.01136,46.27094,52.17279,52.63079,53.48832,51.0,51.97115,56.61272,58.41233,62.2254,63.65532,65.94695,68.24954,68.8186,68.60029,74.30343,70.23532,73.53911,71.51224,72.8011,75.9276,74.52516,76.53104,74.54529,75.02666,75.32596,72.00694,72.0,72.02777,69.18092,67.1193,64.07027,67.36468,66.37017,64.38167,61.20457,63.28507,61.0082,62.20129,58.07753,60.29925,59.03389,59.03389,58.03447,56.0357,56.22277,56.22277,61.29437,59.5399,63.63961,62.96825,66.09841,65.27634,70.45566,68.88396,69.35416,67.1193
12.20656,11.6619,11.6619,10.81665,10.81665,10.29563,10.29563,9.43398,9.43398,9.43398,9.43398,8.06226,8.06226,7.2111,7.2111,7.2111,6.40312,6.40312,6.40312,5.65685,5.65685,5.65685,5.65685,5.0,5.0,5.0,5.0,5.0,4.47214,4.47214,5.38516,4.47214,4.47214,4.47214,5.38516,5.38516,5.38516,5.38516,5.38516,5.38516,5.38516,5.38516,5.38516,5.38516,5.38516,5.38516,5.38516,5.83095,5.83095,5.83095,5.65685,5.65685,73.92564,65.36819,62.76942,63.97656,64.88451,62.64982,57.38467,56.36488,53.85165,53.23533,50.15974,50.9902,47.16991,45.69464,43.38202,41.18252,40.24922,39.81206,37.58989,36.71512,34.0,35.51056,30.0,30.23243,29.83287,28.42534,24.75884,25.45584,24.08319,26.24881,25.6125,24.18677,23.32381,21.9545,21.0238,22.36068,26.0,25.0,23.4094,24.5153,23.25941,25.07987,25.63201,25.29822,24.04163,24.69818,25.4951,25.07987,26.0,23.25941,25.4951,24.18677,28.30194,25.23886,25.6125,29.0,26.90725,42.95346,47.12749,48.05206,51.62364,51.0098,52.03845,55.22681,54.91812,58.69412,57.00877,62.39391,65.39113,68.54196,68.60029,67.74216,67.62396,72.47068,72.18033,72.24957,72.18033,73.10951,77.80103,73.60027,71.86793,72.71864,73.92564,72.47068,72.47068,67.97794,68.8767,66.21178,66.30988,63.32456,63.69458,62.96825,64.2573,60.41523,60.83584,58.13777,59.5063,57.69749,56.35601,57.70615,58.30952,56.60389,58.30952,58.82176,58.00862,62.20129,58.89822,59.66574,62.42596,68.24222,64.2028,69.40461,65.80274,69.2026
12.0,12.0,11.0,11.0,11.0,10.0,10.0,9.0,9.0,9.0,9.0,8.0,8.0,8.0,7.0,7.0,7.07107,6.08276,6.08276,6.08276,6.08276,6.08276,5.09902,5.09902,5.38516,5.38516,5.38516,4.47214,4.47214,4.47214,5.0,5.0,5.0,5.0,5.0,5.0,5.0,5.0,5.0,5.0,5.0,5.0,5.0,5.0,5.0,5.0,5.38516,5.38516,5.38516,5.09902,5.09902,5.09902,66.1211,63.50591,68.593,63.63961,63.78871,60.01666,60.82763,57.72348,56.51548,54.12947,51.97115,48.50773,49.0306,47.29693,43.93177,41.97618,42.2019,40.79216,34.36568,36.87818,35.12834,33.37664,28.44293,30.26549,29.01724,28.07134,30.0,28.01785,25.31798,24.5153,24.5153,27.29469,21.54066,23.08679,24.35159,21.93171,21.93171,24.59675,22.84732,18.97367,24.18677,25.05993,22.47221,23.25941,24.16609,23.25941,23.02173,25.29822,27.313,25.0,26.0,23.4094,25.70992,22.2036,26.4764,26.07681,27.07397,43.01163,46.17359,48.50773,50.92151,52.39275,55.56978,54.08327,58.41233,59.5483,56.72742,61.55485,62.00806,68.60029,69.97142,70.3278,69.35416,69.857,70.5762,72.42237,74.33034,73.1642,76.32169,74.24284,71.02816,74.02702,73.02739,74.06079,71.34424,68.18358,68.73136,65.37584,64.77654,64.77654,65.11528,63.34824,61.81424,58.85576,58.42089,58.54912,58.30952,58.13777,55.14526,57.21888,58.00862,58.07753,62.07254,59.00847,60.20797,60.00833,62.0,64.00781,65.12296,68.11755,64.03124,68.02941,68.0,71.00704
10.63015,10.63015,10.0,10.0,9.21954,9.21954,9.21954,8.60233,7.81025,7.81025,7.81025,7.81025,6.40312,6.40312,6.40312,6.40312,5.65685,5.65685,5.65685,5.0,5.0,5.0,5.0,4.47214,4.47214,4.47214,4.47214,4.47214,4.47214,4.47214,4.12311,4.12311,4.12311,4.12311,4.12311,4.12311,4.12311,4.12311,4.12311,4.12311,4.12311,4.12311,4.12311,4.12311,4.12311,4.12311,4.47214,4.47214,4.47214,4.47214,4.47214,4.24264,75.16648,66.70832,66.70832,65.0,62.482,62.36986,61.22091,60.80296,51.86521,55.80323,50.80354,50.60632,50.47772,44.10215,45.22168,43.60046,44.20407,40.80441,40.36087,35.0,36.12478,35.0,32.64966,28.42534,29.0,26.90725,27.58623,28.6007,29.20616,25.6125,25.05993,25.23886,23.70654,21.54066,23.76973,23.85372,24.16609,23.70654,24.35159,25.70992,21.84033,23.76973,20.24846,21.54066,21.58703,22.2036,24.33105,23.76973,26.57066,25.0,25.63201,26.40076,25.29822,23.25941,25.0,26.40076,29.41088,44.59821,47.80167,46.32494,53.23533,53.7122,54.40588,57.48913,57.87055,60.40695,59.0,62.0,62.07254,68.88396,70.40597,70.60453,68.00735,74.09453,69.77822,74.70609,72.56032,74.62573,76.6094,74.8131,75.16648,75.66373,74.24958,73.59348,74.51845,67.47592,70.29225,64.81512,68.00735,66.85058,66.0303,64.3506,64.40497,61.40033,60.20797,58.82176,59.5483,59.66574,60.10824,58.0,60.82763,55.9017,55.97321,58.13777,60.30755,59.66574,61.6198,63.89053,63.25346,67.94115,62.482,69.52697,72.18033,69.31089
11.04536,11.04536,11.04536,10.04988,10.0,10.0,9.0,9.0,9.0,8.0,8.0,8.0,7.0,7.0,6.0,6.08276,6.08276,5.09902,5.09902,5.09902,5.09902,5.09902,5.09902,4.12311,4.12311,4.12311,3.60555,3.60555,3.60555,3.60555,3.60555,3.60555,3.60555,3.60555,3.60555,3.60555,3.60555,2.82843,3.60555,2.82843,2.82843,4.24264,4.24264,2.82843,3.60555,3.60555,3.60555,3.60555,3.60555,3.60555,4.12311,4.12311,65.37584,64.62971,66.37017,64.12488,59.07622,65.0,61.0082,59.03389,54.0,55.0,51.0098,50.03998,48.04165,46.01087,43.0,44.10215,41.10961,39.05125,38.11824,37.0,38.32754,31.57531,33.24154,30.59412,28.16026,28.28427,27.16616,26.68333,25.0,23.76973,25.63201,23.25941,23.32381,23.32381,22.82542,21.09502,21.09502,20.80865,23.02173,21.63331,22.2036,22.47221,22.80351,19.10497,23.43075,20.51828,23.34524,22.02272,23.60085,21.40093,24.69818,22.80351,22.2036,21.9545,24.59675,24.73863,26.30589,44.72136,47.01064,46.04346,52.95281,50.01,54.08327,53.66563,54.58938,58.83026,58.82176,63.25346,64.38167,67.17887,66.6033,70.43437,70.17834,76.00658,73.3553,74.68601,76.2168,75.89466,74.33034,75.43209,75.70997,74.1485,73.97973,72.56032,71.44928,70.25667,71.11259,67.02984,71.06335,68.00735,67.0,67.02984,63.00794,62.1289,61.13101,59.03389,60.40695,60.20797,55.57877,60.01666,59.03389,56.88585,55.10898,57.07013,60.16644,59.43904,60.16644,62.0967,65.25335,68.15424,65.73431,66.70832,69.42622,73.75636
11.18034,11.18034,9.84886,10.29563,9.43398,9.43398,8.94427,8.94427,8.06226,8.06226,8.06226,7.2111,7.2111,6.7082,6.7082,5.83095,5.83095,5.83095,5.38516,5.09902,4.47214,5.09902,4.12311,4.12311,4.12311,4.12311,4.0,4.0,4.0,4.0,4.0,4.0,4.0,3.0,4.12311,4.12311,4.12311,3.0,3.0,3.16228,3.16228,4.12311,4.12311,4.0,4.12311,4.0,4.0,4.0,4.0,4.12311,4.12311,3.16228,71.11259,67.54258,66.21178,61.77378,65.76473,60.90156,59.36329,57.98276,54.08327,53.00943,52.15362,45.79301,50.24938,46.04346,43.56604,43.41659,42.54409,39.35734,37.73592,36.71512,32.75668,34.88553,29.96665,30.52868,31.76476,30.41381,26.40076,25.70992,26.92582,26.92582,24.33105,21.58703,25.31798,21.37756,23.19483,21.2132,20.02498,23.02173,22.02272,21.09502,23.08679,22.09072,21.09502,25.01999,21.2132,21.0238,21.0238,19.0263,23.08679,22.0,23.02173,25.17936,22.2036,22.56103,20.39608,23.08679,22.47221,45.35416,44.01136,48.02083,48.60041,51.73973,52.34501,51.08816,57.2014,58.5235,59.05929,62.16912,62.24147,65.80274,66.21933,68.06614,68.35934,70.06426,73.0,71.0,74.24284,74.43118,76.29548,74.73286,73.97973,73.05477,72.8011,72.61543,68.942,72.44998,68.42514,66.70832,66.18912,67.08204,64.41273,64.88451,64.66065,62.26556,60.37384,56.82429,60.41523,56.79789,55.9464,58.60034,58.30952,59.46427,60.53924,55.65968,58.5235,59.20304,61.68468,62.29767,61.35145,60.16644,66.09841,68.00735,68.35203,69.89278
12.16553,11.18034,11.18034,11.40175,10.19804,10.19804,9.48683,9.21954,9.21954,9.21954,8.24621,8.24621,8.24621,7.28011,7.28011,7.28011,7.07107,6.08276,6.08276,6.08276,6.08276,5.09902,5.09902,5.0,5.0,5.0,5.0,4.0,4.0,4.12311,4.0,4.12311,4.12311,4.12311,4.12311,4.12311,4.12311,4.12311,4.12311,4.12311,4.12311,4.12311,4.12311,4.12311,4.12311,4.12311,4.12311,4.12311,5.0,5.0,5.0,5.09902,69.58448,68.65858,69.2315,66.70832,66.94027,61.68468,61.40033,57.00877,57.56735,55.36244,52.49762,49.64877,51.24451,47.29693,46.17359,46.84015,42.05948,43.41659,39.56008,41.23106,36.87818,33.54102,33.54102,33.73426,27.65863,28.28427,28.16026,28.16026,25.0,25.01999,24.02082,25.07987,26.07681,23.19483,20.61553,21.58703,22.56103,23.5372,24.69818,21.58703,22.84732,24.35159,22.47221,22.56103,22.56103,24.35159,24.35159,25.0,23.70654,24.69818,25.70992,25.96151,27.45906,26.01922,24.02082,23.02173,24.18677,44.01136,47.85394,46.57252,52.92447,51.88449,53.0,54.20332,57.38467,60.1415,58.79626,62.62587,65.60488,66.85058,71.19691,72.44998,70.00714,74.67262,72.8011,73.24616,76.29548,73.82412,75.05998,76.02631,77.0,75.10659,74.02702,75.53807,74.67262,70.03571,71.02112,65.9242,69.2315,68.88396,65.51336,66.70832,63.06346,61.61169,63.34824,57.87055,61.0,60.01666,59.5399,59.5399,60.13319,58.42089,59.03389,60.29925,56.0357,61.0082,64.00781,64.0,64.03124,67.00746,65.03076,67.0,67.18631,68.11755
11.40175,10.63015,10.0,10.0,10.0,9.43398,8.60233,8.60233,8.60233,8.06226,8.06226,7.2111,7.2111,7.2111,7.2111,6.40312,6.40312,6.40312,5.0,5.0,5.0,5.0,5.0,4.24264,4.24264,4.24264,3.60555,3.60555,3.60555,3.60555,3.60555,3.60555,3.16228,3.16228,3.16228,3.16228,3.16228,3.16228,3.16228,3.16228,3.16228,3.16228,3.16228,3.16228,3.16228,3.16228,3.60555,3.60555,4.47214,3.60555,4.24264,4.24264,67.80118,64.66065,65.06919,64.44377,65.05382,61.52235,62.96825,62.36986,58.69412,52.34501,52.34501,52.40229,48.83646,50.24938,43.86342,44.59821,43.18565,39.05125,36.76955,36.06938,37.48333,35.38361,32.55764,31.40064,32.55764,29.83287,28.84441,26.40076,24.69818,23.25941,26.0,24.35159,22.36068,23.08679,25.29822,20.88061,22.36068,21.37756,23.19483,24.18677,23.5372,21.58703,23.5372,22.09072,21.2132,21.84033,22.80351,23.34524,22.56103,24.33105,26.1725,25.0,25.63201,24.18677,22.82542,25.80698,25.23886,44.65423,46.01087,49.51767,50.60632,52.69725,55.22681,55.47071,56.30275,58.5235,59.90826,63.34824,64.62971,70.02857,71.02816,70.02857,72.83543,76.29548,75.43209,74.72617,74.33034,77.25283,76.55717,77.82673,78.23043,78.23043,75.45197,73.00685,72.8011,72.62231,71.40028,69.6563,69.42622,67.89698,63.70243,67.20863,65.8559,63.89053,61.52235,61.52235,60.20797,60.44005,58.00862,58.41233,61.03278,57.68882,61.40033,58.83026,57.3062,60.41523,65.0,63.24555,62.26556,63.63175,65.51336,73.78347,65.36819,69.46222
11.6619,10.81665,10.29563,10.29563,10.81665,9.43398,9.43398,8.60233,8.60233,8.60233,8.06226,8.06226,7.2111,7.2111,6.40312,6.7082,5.83095,5.83095,5.38516,5.38516,4.47214,4.47214,4.47214,4.12311,4.12311,4.12311,4.12311,4.12311,4.12311,4.12311,4.0,4.0,4.0,4.0,4.0,4.0,4.0,4.0,4.0,3.16228,4.0,4.0,4.0,4.0,4.0,4.0,4.0,4.0,4.12311,4.12311,4.47214,3.60555,67.06713,65.19202,66.48308,65.55151,61.46544,59.23681,58.60034,59.9333,54.12947,53.23533,52.39275,49.24429,46.61545,43.46263,44.28318,43.08132,39.81206,39.21734,37.16181,35.4683,35.44009,31.62278,30.67572,29.41088,30.80584,32.38827,28.28427,28.01785,25.07987,24.02082,24.08319,24.02082,22.2036,19.23538,22.02272,20.22375,23.5372,23.34524,26.30589,25.4951,26.92582,23.4094,21.84033,22.80351,23.08679,25.63201,24.33105,24.73863,22.56103,23.34524,23.5372,25.31798,25.4951,25.17936,27.01851,24.02082,22.56103,44.27189,47.01064,49.09175,51.40039,53.03772,55.22681,55.0,56.93856,56.4358,59.05929,65.39113,65.9242,68.30813,68.41053,68.88396,69.72087,71.44928,72.0,75.00667,74.54529,74.96666,74.8131,76.15773,74.95332,73.68175,75.96052,73.38937,70.2282,74.46476,69.46222,68.15424,68.44706,69.35416,66.18912,63.95311,63.15853,61.77378,61.84658,59.03389,57.38467,56.46238,57.87055,58.18935,55.97321,55.02727,59.90826,55.54278,56.51548,59.43904,62.58594,60.67125,63.95311,62.58594,68.65858,69.42622,70.03571,67.18631
12.08305,11.18034,11.18034,10.77033,10.77033,9.84886,9.84886,9.84886,8.94427,8.94427,8.94427,8.544,7.61577,7.61577,7.61577,8.06226,6.7082,6.7082,5.83095,6.40312,5.83095,5.83095,6.40312,5.65685,5.0,5.0,5.65685,5.65685,5.0,5.0,5.0,5.0,5.0,5.0,5.0,5.0,5.0,5.0,5.0,5.0,5.0,5.0,5.0,5.0,5.0,5.0,5.65685,5.65685,5.65685,5.0,5.83095,4.47214,64.62198,67.77905,63.90618,65.19202,64.84597,61.09828,59.48109,56.921,52.49762,53.85165,51.1957,48.38388,48.76474,44.92215,45.22168,44.64303,41.78516,40.16217,38.62642,34.53983,36.24914,35.1141,30.41381,30.8707,30.8707,29.54657,29.96665,30.0,27.65863,31.06445,23.34524,26.90725,24.75884,29.0,26.1725,26.1725,25.45584,22.2036,23.34524,24.83948,24.83948,24.83948,23.43075,25.23886,21.9545,25.0,23.02173,27.45906,25.45584,27.01851,26.87006,23.43075,25.23886,27.45906,27.78489,25.63201,26.40076,43.04649,49.39636,48.08326,50.21952,52.34501,56.00893,55.44367,58.69412,59.22837,58.94065,65.45991,64.07808,66.30988,69.77105,70.17834,70.0,73.60027,72.24957,73.5527,74.41102,73.87828,75.21303,75.45197,73.4983,72.47068,74.24284,72.01389,71.69379,70.5762,67.77905,65.55151,63.90618,65.45991,64.19502,64.84597,62.93648,59.46427,58.5235,57.24509,58.30952,57.00877,56.36488,56.46238,56.79789,55.00909,55.54278,57.24509,56.82429,59.16925,62.76942,60.46487,61.05735,64.88451,65.76473,66.88797,67.1193,67.23095
11.04536,11.04536,10.04988,10.0,9.0,9.05539,9.05539,8.06226,8.06226,8.06226,8.06226,7.07107,7.07107,7.07107,6.08276,6.08276,6.08276,5.38516,5.38516,5.38516,5.38516,5.38516,4.47214,4.47214,4.47214,5.0,5.0,5.0,4.24264,4.24264,4.24264,4.24264,4.24264,4.24264,4.24264,5.0,4.24264,4.24264,4.24264,4.24264,4.24264,4.24264,4.24264,4.24264,4.24264,4.24264,5.0,5.0,4.47214,4.47214,4.47214,4.12311,64.03124,64.19502,65.19202,65.27634,62.20129,63.3877,56.22277,58.30952,49.49747,51.24451,51.47815,52.23983,47.09565,43.41659,43.04649,41.04875,41.04875,39.11521,39.31921,34.0,37.0,30.01666,32.38827,32.06244,29.27456,32.38827,28.63564,28.16026,28.16026,27.85678,24.69818,28.4605,22.13594,25.55386,25.55386,25.05993,26.41969,25.55386,25.55386,25.23886,24.16609,23.85372,25.05993,24.41311,26.41969,27.45906,28.01785,25.94224,27.73085,28.23119,24.16609,27.85678,27.20294,26.30589,27.65863,26.07681,26.07681,41.01219,50.48762,48.50773,52.39275,51.88449,54.3783,55.60576,55.44367,56.56854,58.69412,61.7171,62.80127,67.20119,68.7968,72.00694,68.15424,74.46476,73.05477,76.65507,70.5762,73.68175,78.40918,71.17584,70.02857,75.10659,74.02702,75.16648,72.44308,67.60178,71.44928,62.80127,66.91039,68.24954,65.73431,63.15061,61.81424,56.88585,58.54912,57.55867,59.4138,58.69412,54.23099,58.03447,55.0,54.03702,53.03772,56.00893,56.14268,58.07753,58.00862,64.28063,65.19202,65.27634,60.03332,66.37017,70.17834,68.11755
12.04159,11.04536,11.04536,11.18034,10.19804,10.19804,9.05539,9.05539,9.05539,9.05539,8.06226,8.06226,8.06226,8.06226,7.07107,7.07107,7.07107,6.08276,6.0,6.0,6.0,6.0,5.0,5.09902,5.0,5.09902,5.09902,5.09902,5.09902,5.09902,4.12311,5.09902,5.38516,5.38516,5.38516,5.38516,5.38516,5.09902,4.12311,5.09902,5.09902,5.09902,5.38516,5.09902,5.09902,5.09902,5.09902,5.09902,5.0,5.0,5.09902,5.09902,67.06713,64.38167,65.27634,64.62971,63.63961,62.514,60.82763,58.54912,56.29387,52.95281,51.97115,50.69517,48.05206,45.12206,43.73786,41.59327,42.42641,39.11521,36.12478,35.0571,35.0571,35.0,30.01666,33.01515,30.0,29.01724,29.01724,26.1725,26.1725,25.96151,25.70992,28.16026,27.51363,29.73214,24.04163,27.85678,25.94224,27.51363,27.73085,24.16609,29.54657,27.73085,25.63201,27.73085,26.92582,30.46309,26.92582,27.85678,26.0,28.23119,29.41088,27.65863,26.30589,27.16616,27.0,29.0,26.4764,44.04543,48.37355,49.24429,49.0408,53.22593,55.07268,55.80323,57.00877,61.6198,58.69412,63.78087,62.62587,70.0,71.56116,72.06941,72.44998,73.92564,73.68175,75.0,75.9276,77.10383,75.53807,73.43705,74.24284,75.00667,74.02702,73.06162,73.17103,71.44928,72.44308,65.76473,69.87131,65.30697,66.09841,65.51336,61.18823,55.57877,58.54912,58.30952,58.42089,59.4138,56.00893,55.22681,59.00847,59.0,57.03508,58.03447,55.08176,63.03174,60.03332,62.07254,63.03174,64.19502,66.37017,67.1193,67.0,69.06519
12.64911,11.7047,11.40175,11.40175,10.44031,10.44031,10.44031,9.21954,9.21954,9.21954,8.544,8.544,8.544,8.544,7.61577,7.28011,7.28011,6.7082,6.7082,6.7082,5.83095,5.83095,5.83095,5.83095,5.83095,5.83095,6.40312,5.65685,5.65685,5.65685,5.65685,5.65685,5.65685,5.65685,5.65685,5.65685,5.65685,5.65685,5.65685,5.65685,5.65685,5.65685,5.65685,5.0,5.65685,5.0,5.83095,5.83095,5.83095,5.38516,5.38516,5.09902,63.15061,68.24954,65.11528,63.63961,65.62012,58.69412,60.53098,57.14018,59.21149,50.08992,50.15974,47.51842,48.09366,48.16638,43.28972,44.28318,40.1995,35.51056,37.33631,36.49658,36.40055,33.73426,32.75668,32.01562,30.36445,25.29822,33.24154,29.96665,26.92582,30.41381,28.01785,25.55386,25.80698,25.0,27.20294,27.01851,28.6007,25.6125,24.83948,23.60085,28.84441,26.40076,25.6125,26.90725,25.6125,27.01851,26.62705,29.68164,29.41088,26.41969,26.92582,25.05993,25.07987,28.86174,27.51363,28.28427,25.17936,44.92215,46.32494,49.09175,51.0392,54.45181,52.95281,55.08176,57.00877,58.30952,61.29437,61.91123,63.00794,66.4003,65.43699,65.06919,70.83784,72.34639,73.00685,69.89278,72.47068,72.00694,75.15318,78.18568,73.05477,71.56815,73.37575,73.97973,69.857,69.2315,67.74216,66.91039,62.64982,63.3877,60.53098,63.3877,59.68249,59.3043,57.70615,55.57877,53.75872,55.44367,55.7853,54.12947,57.72348,53.85165,53.60037,55.36244,57.72348,59.46427,58.24088,59.46427,62.39391,61.68468,59.80803,65.39113,64.56005,69.26038
10.04988,9.21954,10.04988,9.21954,9.21954,8.24621,8.24621,8.24621,7.28011,7.28011,7.28011,7.07107,6.08276,6.08276,6.08276,6.08276,6.08276,5.09902,5.09902,5.0,4.0,5.0,4.0,4.0,4.0,4.0,4.12311,4.12311,3.16228,4.12311,4.12311,3.16228,4.12311,4.12311,4.12311,4.12311,3.16228,3.16228,4.12311,3.16228,3.16228,4.12311,4.12311,4.12311,4.12311,4.0,4.0,4.0,4.0,4.12311,4.12311,4.12311,64.13267,62.8172,61.98387,62.36185,60.16644,56.921,56.921,56.61272,54.70832,49.98,49.64877,48.8467,46.17359,46.23851,43.01163,43.32436,41.4367,37.64306,36.68787,34.9285,36.49658,32.38827,29.27456,30.26549,28.16026,27.07397,30.01666,29.06888,24.0,27.29469,25.0,26.30589,25.17936,26.1725,25.70992,24.5153,26.24881,23.5372,27.85678,26.68333,26.30589,24.33105,24.73863,26.4764,23.5372,26.68333,25.4951,26.30589,24.33105,22.36068,24.08319,28.16026,23.0,24.33105,26.30589,26.92582,25.4951,41.19466,46.69047,48.38388,50.15974,51.10773,50.60632,55.60576,55.9017,55.9017,57.62812,60.60528,59.16925,64.49806,65.29931,66.30988,68.62215,71.7844,72.78049,72.00694,71.56815,75.23962,72.02777,76.0,73.17103,70.85901,73.5527,73.97973,69.63476,70.21396,67.46851,64.53681,66.21933,65.25335,62.36185,62.64184,63.60031,59.66574,58.24088,56.04463,58.46366,55.31727,54.74486,57.87055,55.44367,55.57877,53.33854,56.32051,61.20457,58.13777,59.13544,61.29437,58.07753,66.37017,65.19202,66.06815,67.47592,67.47592
11.0,10.0,10.0,10.0,10.0,9.0,9.0,8.0,8.0,8.0,8.0,7.0,7.0,7.07107,6.0,6.08276,6.08276,6.08276,6.08276,5.09902,5.09902,5.38516,5.38516,4.47214,4.47214,4.47214,4.47214,4.47214,5.0,5.0,4.47214,5.0,5.0,4.24264,4.24264,4.24264,4.24264,4.24264,4.24264,4.24264,4.24264,5.0,4.24264,4.24264,5.0,4.47214,4.47214,4.47214,4.47214,4.12311,4.12311,4.12311,71.58911,64.32729,64.53681,62.8172,62.8172,60.44005,58.24088,57.28001,52.88667,50.69517,48.08326,49.47727,50.01,45.35416,45.54119,42.95346,39.81206,38.63936,40.02499,37.10795,36.67424,33.24154,32.14032,30.01666,33.06055,30.14963,30.14963,28.28427,29.15476,28.28427,27.29469,31.57531,25.96151,27.89265,26.24881,26.4764,27.20294,28.86174,28.4605,25.0,24.69818,27.313,24.69818,27.85678,26.92582,24.04163,26.24881,25.63201,27.51363,25.07987,27.20294,27.65863,25.17936,24.0,26.07681,26.07681,25.4951,43.73786,49.0408,44.94441,49.64877,52.15362,52.63079,53.03772,56.63921,58.41233,58.41233,60.74537,61.77378,64.88451,68.70953,73.05477,67.68309,75.9276,72.36712,71.70077,76.05919,73.02739,79.05694,74.10803,72.69113,75.95393,74.33034,72.56721,75.70997,67.44627,73.76313,65.52099,67.05222,64.84597,65.45991,65.52099,64.19502,61.68468,59.13544,60.72891,60.87693,60.63827,59.22837,58.69412,60.67125,58.0517,52.34501,57.70615,59.21149,63.12686,60.40695,61.13101,64.19502,68.11755,62.03225,64.38167,72.56032,68.26419
9.84886,10.77033,9.84886,9.84886,8.94427,8.94427,8.94427,8.06226,8.06226,7.61577,7.61577,7.61577,6.7082,6.7082,6.32456,6.32456,6.32456,5.38516,5.09902,5.09902,5.09902,5.09902,5.09902,5.0,5.0,4.0,4.0,4.0,4.12311,4.12311,5.09902,4.12311,4.12311,4.12311,4.12311,4.12311,4.12311,4.12311,4.12311,4.12311,4.12311,4.12311,4.12311,4.12311,4.12311,4.12311,4.0,4.0,4.0,4.12311,4.12311,3.60555,65.30697,64.4748,63.56099,62.76942,58.13777,59.5399,58.59181,61.7171,54.91812,54.20332,50.60632,49.73932,46.95743,45.17743,45.27693,43.08132,44.28318,39.92493,38.91015,37.16181,37.64306,33.83785,33.52611,32.89377,30.08322,29.12044,28.16026,30.59412,25.4951,28.63564,22.09072,26.1725,27.07397,28.01785,24.08319,27.07397,27.01851,27.16616,25.01999,22.09072,24.18677,27.01851,26.0,26.30589,29.15476,27.29469,26.07681,25.31798,27.01851,25.0,25.0,26.1725,25.31798,24.5153,24.35159,24.59675,24.18677,40.8534,45.79301,46.40043,48.16638,52.34501,51.22499,54.08327,55.56978,57.24509,57.77543,60.44005,63.06346,65.52099,67.08204,66.48308,69.06519,71.00704,70.11419,74.43118,73.97973,69.42622,74.72617,73.37575,74.63243,70.77429,71.17584,69.46222,67.54258,68.42514,69.83552,65.0,65.36819,67.74216,62.43397,64.49806,56.4358,59.05929,59.05929,58.13777,56.82429,58.59181,56.82429,59.48109,59.09315,55.9017,59.23681,57.58472,57.93962,57.56735,62.64184,59.66574,64.56005,65.14599,65.52099,65.14599,66.7308,64.62198
12.36932,12.36932,11.40175,11.18034,11.18034,10.19804,10.19804,10.19804,9.21954,9.21954,9.21954,8.24621,8.24621,8.24621,7.28011,7.28011,7.28011,7.28011,6.32456,6.32456,6.32456,6.7082,6.32456,5.83095,5.83095,5.83095,5.83095,5.83095,5.83095,5.0,5.0,5.83095,5.0,5.0,5.0,5.0,5.0,5.0,5.0,5.0,5.0,5.0,5.0,5.0,5.0,5.0,5.83095,5.83095,5.38516,5.38516,5.38516,5.09902,71.8401,67.91171,68.15424,64.53681,63.56099,62.16912,58.85576,58.85576,55.44367,57.87055,50.63596,51.78803,49.64877,46.38965,48.6621,44.14748,40.79216,39.29377,40.60788,38.83298,37.64306,35.73514,33.61547,30.36445,33.83785,31.38471,29.54657,33.12099,28.23119,27.78489,28.6531,28.17801,27.45906,25.05993,27.20294,26.41969,29.41088,25.6125,26.90725,24.75884,27.01851,26.1725,26.24881,26.24881,25.0,25.6125,24.08319,24.83948,27.20294,23.85372,25.6125,26.92582,25.05993,26.40076,26.57066,24.5153,24.5153,42.72002,48.05206,50.48762,51.0392,49.09175,54.74486,53.15073,57.00877,58.87274,61.32699,64.40497,63.81222,66.85058,68.24222,66.52819,65.76473,73.5527,72.62231,73.81734,73.4983,73.78347,73.3553,71.11962,73.40981,71.51224,72.8011,69.89278,72.42237,67.46851,70.60453,64.53681,67.46851,63.15061,64.53681,64.93843,60.20797,59.66574,58.94065,57.48913,58.24088,57.28001,55.36244,61.03278,59.13544,59.80803,60.53924,55.54278,56.85948,59.23681,58.60034,62.24147,63.50591,67.62396,66.64083,66.48308,69.64194,70.00714
11.40175,10.0,10.0,10.63015,9.89949,9.21954,9.21954,9.21954,8.48528,7.81025,7.81025,7.81025,7.81025,7.07107,6.40312,6.40312,6.40312,6.40312,5.0,5.65685,5.0,5.0,5.0,4.47214,4.47214,4.47214,4.47214,4.47214,4.47214,4.47214,4.47214,4.47214,4.47214,4.47214,4.47214,3.60555,4.12311,4.12311,3.16228,4.12311,3.16228,3.60555,4.12311,3.16228,3.60555,3.60555,3.60555,3.60555,3.60555,4.24264,4.24264,4.24264,67.00746,70.0,61.85467,65.43699,65.0,60.30755,60.81118,55.9017,56.72742,55.15433,53.75872,50.91169,49.49747,46.69047,45.34314,44.82187,44.55334,41.40048,38.28838,39.40812,36.61967,36.05551,31.40064,30.4795,33.01515,29.83287,30.52868,29.15476,28.17801,27.85678,26.57066,25.63201,26.40076,26.0,26.24881,24.16609,25.96151,23.08679,25.29822,23.08679,27.89265,22.2036,23.08679,23.19483,24.73863,26.4764,24.69818,25.63201,22.13594,24.04163,24.35159,24.69818,24.59675,25.07987,23.85372,25.23886,25.4951,41.59327,45.45327,50.93133,49.40648,51.31277,51.47815,52.80152,55.02727,57.28001,59.90826,60.20797,64.28063,66.27217,67.02984,69.06519,70.5762,69.2315,74.95332,68.41053,76.89603,73.82412,78.29432,74.68601,72.94518,72.71864,73.57309,72.94518,70.45566,68.41053,70.45566,67.47592,66.70832,62.96825,65.8559,63.03174,63.12686,62.00806,58.82176,60.0,59.64059,58.82176,58.24946,55.47071,63.63175,58.30952,62.43397,58.5235,60.03332,62.17717,62.17717,62.6099,67.97794,67.1193,66.18912,71.55418,72.06941,69.46222
12.72792,12.72792,12.04159,12.04159,11.31371,10.63015,10.63015,9.89949,9.89949,9.21954,9.21954,8.48528,8.48528,8.48528,7.81025,7.81025,7.07107,7.07107,7.07107,6.40312,6.40312,6.40312,6.40312,6.40312,5.83095,5.83095,5.83095,5.83095,5.83095,5.38516,5.83095,5.38516,5.38516,5.38516,5.38516,5.38516,5.38516,5.38516,5.38516,4.47214,5.38516,5.38516,5.38516,4.47214,4.47214,4.47214,4.47214,4.47214,5.0,5.0,5.0,5.0,68.593,65.76473,68.593,63.70243,65.8559,63.89053,59.5483,57.62812,56.72742,57.80138,53.2635,51.22499,51.22499,47.80167,45.60702,49.0408,43.13931,41.03657,39.82462,38.41875,41.7732,36.79674,33.97058,33.30165,30.61046,32.64966,34.05877,33.01515,30.61046,28.84441,26.92582,31.06445,27.80288,25.94224,26.40076,25.55386,30.01666,27.73085,25.07987,25.05993,26.0,24.59675,24.18677,27.51363,23.4094,23.76973,22.82542,24.59675,22.36068,25.05993,23.32381,25.4951,25.55386,21.93171,27.20294,25.4951,24.83948,43.18565,48.79549,45.0,51.10773,51.89412,51.26402,54.12024,55.31727,56.88585,57.70615,65.12296,63.03174,67.1193,68.18358,67.26812,67.91171,72.12489,67.06713,70.5762,72.94518,72.56032,74.62573,71.84706,72.67049,74.20243,73.87828,70.76722,71.44928,67.88225,68.593,67.26812,68.68042,62.24147,64.53681,65.11528,60.87693,59.4138,59.39697,56.63921,58.72819,59.4138,56.58622,58.79626,58.41233,57.62812,55.21775,57.80138,63.82006,61.40033,62.42596,64.07027,63.28507,66.4003,66.85058,74.88658,70.80254,68.41053
12.36932,12.36932,11.40175,11.40175,11.40175,10.44031,10.44031,9.48683,9.48683,9.48683,9.21954,8.24621,8.24621,8.24621,7.28011,7.07107,7.07107,7.07107,7.07107,6.08276,6.08276,6.0,6.0,6.0,6.0,6.0,5.09902,5.09902,5.09902,6.08276,5.09902,5.09902,5.09902,5.09902,5.09902,5.09902,5.09902,5.09902,5.09902,4.12311,5.09902,5.09902,5.09902,5.09902,5.09902,5.09902,5.09902,5.09902,5.09902,5.0,5.0,5.09902,71.70077,69.87131,66.48308,68.73136,66.4906,63.78871,61.61169,62.8172,54.12024,58.24946,54.91812,53.60037,48.76474,48.50773,44.38468,46.52956,44.91102,41.7732,40.79216,39.81206,40.60788,34.9285,35.12834,33.24154,30.06659,33.37664,30.0,32.0,27.07397,30.06659,29.27456,29.15476,27.16616,27.65863,29.42788,26.30589,25.70992,25.70992,25.0,25.0,23.4094,24.73863,27.45906,24.5153,23.08679,26.24881,23.76973,22.84732,26.0,24.04163,24.33105,25.4951,26.4764,23.19483,24.02082,22.02272,23.34524,45.27693,46.32494,47.75982,50.56679,51.47815,51.10773,50.60632,54.56189,58.69412,58.13777,62.80127,61.40033,62.26556,66.7308,69.35416,68.70953,71.47027,71.30919,72.03471,66.75328,72.56032,75.16648,74.00676,71.06335,72.24957,73.33485,71.25307,72.00694,66.09841,69.2315,66.4906,64.53681,66.4906,61.84658,61.61169,60.63827,59.68249,56.88585,60.82763,56.7186,56.56854,56.22277,57.21888,57.03508,56.0803,58.13777,59.07622,60.03332,61.0082,62.00806,60.00833,65.03076,69.00725,62.00806,67.02984,68.00735,69.00725
12.04159,12.04159,11.31371,10.63015,10.63015,10.63015,10.0,10.0,9.21954,9.21954,8.60233,8.60233,7.81025,7.81025,7.81025,7.81025,7.07107,6.40312,7.07107,6.40312,6.40312,5.65685,5.65685,5.65685,5.65685,5.65685,5.0,5.0,5.0,5.0,5.0,5.0,5.0,4.47214,4.47214,5.0,5.0,4.47214,4.47214,4.47214,4.47214,4.47214,4.47214,5.0,4.47214,5.0,4.47214,5.0,5.0,4.24264,5.0,4.47214,71.34424,68.0,68.47627,68.0,65.30697,65.76473,61.84658,60.53924,57.69749,56.0803,54.08327,50.15974,49.76947,49.24429,47.53946,46.23851,46.61545,40.24922,37.69615,37.12142,37.57659,35.77709,37.58989,32.75668,32.75668,33.12099,28.30194,29.83287,29.52965,30.0,30.80584,26.92582,27.65863,26.24881,26.90725,26.24881,24.83948,26.90725,26.24881,23.34524,21.93171,24.04163,26.1725,24.04163,23.43075,22.67157,23.34524,24.08319,20.51828,24.75884,24.83948,21.40093,23.02173,22.2036,24.18677,23.76973,23.08679,43.84062,42.63801,46.32494,50.9902,52.55473,52.63079,53.60037,57.87055,59.03389,60.00833,60.29925,63.78871,66.61081,68.65858,68.96376,67.77905,73.53911,70.21396,69.83552,75.21303,73.60027,74.51845,72.18033,73.59348,72.12489,73.0,74.65253,70.43437,67.80118,69.89278,66.0303,68.7968,65.19202,61.29437,60.74537,62.1289,61.58734,60.20797,55.75841,60.21628,57.42822,57.80138,57.42822,56.22277,58.25805,58.41233,60.959,58.0,61.52235,64.53681,64.3506,68.88396,70.93659,63.78087,68.88396,69.2026,71.8401
12.20656,11.6619,10.81665,10.81665,10.81665,10.0,10.0,10.0,9.21954,8.60233,8.60233,8.60233,8.60233,7.81025,7.2111,7.2111,7.2111,7.2111,6.7082,6.7082,5.83095,5.83095,5.83095,5.38516,5.38516,5.38516,5.38516,5.38516,5.38516,5.09902,5.38516,5.38516,5.38516,5.09902,4.12311,4.12311,5.09902,4.12311,4.12311,4.12311,4.12311,4.12311,4.12311,4.12311,4.12311,4.12311,4.47214,4.47214,4.47214,4.47214,4.47214,5.0,71.11962,69.31811,71.11259,63.63175,64.41273,62.26556,59.5399,60.74537,57.14018,54.6443,51.31277,52.15362,47.70744,49.09175,45.22168,44.41846,45.27693,42.05948,39.44617,40.24922,39.81206,36.67424,33.61547,33.61547,33.10589,31.38471,27.85678,29.83287,31.04835,30.36445,29.27456,27.45906,27.16616,27.29469,26.30589,25.31798,26.1725,26.30589,26.68333,24.08319,24.33105,25.07987,23.08679,28.01785,22.09072,22.56103,21.37756,25.01999,23.02173,22.2036,25.70992,24.18677,25.0,22.80351,21.93171,24.16609,21.9545,40.8534,48.76474,47.43416,49.67897,50.91169,52.40229,53.41348,56.85948,58.66856,59.9333,62.03225,64.19502,66.09841,67.68309,68.65858,68.11755,71.11259,68.00735,72.06247,74.67262,72.83543,74.73286,71.80529,75.18643,73.68175,69.26038,70.93659,71.17584,67.54258,68.02941,65.74192,68.42514,64.88451,60.03332,60.90156,60.90156,59.48109,59.09315,59.03389,57.27128,58.69412,57.93962,59.23681,55.71355,56.30275,54.81788,57.28001,60.44005,62.29767,60.44005,61.61169,68.41053,67.18631,64.84597,70.60453,67.72001,72.11103
11.18034,11.18034,11.04536,11.04536,10.04988,10.04988,10.04988,9.05539,9.05539,9.0,9.05539,8.06226,8.0,8.0,7.07107,7.07107,7.07107,6.08276,6.08276,6.08276,6.08276,6.08276,5.09902,5.09902,5.09902,5.38516,5.38516,4.12311,5.38516,4.47214,4.47214,4.12311,4.47214,4.12311,4.47214,4.47214,4.47214,4.47214,4.47214,4.47214,4.47214,4.12311,4.12311,4.12311,4.12311,4.12311,4.12311,4.12311,4.12311,4.12311,4.0,4.0,69.0,67.00746,68.02941,64.03124,67.18631,63.07139,64.07027,60.29925,59.07622,56.4358,53.23533,49.49747,47.67599,49.49747,45.27693,47.16991,44.28318,41.04875,40.11234,38.0,36.01389,34.05877,33.0,34.0,32.01562,32.0,30.06659,31.7805,27.16616,27.45906,28.86174,28.79236,27.65863,25.70992,24.04163,26.92582,24.5153,25.29822,25.70992,25.63201,25.07987,21.54066,23.5372,23.4094,21.84033,23.76973,21.93171,22.84732,23.76973,23.4094,23.5372,23.19483,22.36068,22.02272,24.02082,22.09072,25.31798,43.73786,45.01111,49.09175,50.48762,53.60037,51.26402,52.3259,57.3062,58.30952,63.60031,64.03124,63.78087,69.29646,70.83784,70.43437,69.63476,72.11103,74.30343,71.55418,74.67262,77.16217,75.28612,72.78049,74.73286,74.54529,74.8131,74.43118,72.1734,70.06426,69.02898,67.00746,66.00758,66.00758,65.06919,62.00806,61.03278,62.00806,61.0082,59.00847,59.00847,56.00893,58.21512,56.32051,57.87055,56.7186,56.56854,59.4138,60.20797,63.78871,64.13267,61.18823,69.05071,68.24954,66.09841,69.58448,70.71068,68.73136
12.52996,12.52996,11.18034,11.18034,11.18034,10.77033,9.84886,9.84886,9.84886,9.84886,8.94427,8.544,8.06226,7.61577,7.61577,8.06226,6.7082,6.7082,6.7082,6.7082,5.83095,5.83095,5.83095,6.40312,6.40312,6.40312,5.65685,5.65685,5.65685,5.65685,5.65685,5.65685,5.65685,5.65685,5.0,5.65685,5.0,4.24264,4.24264,5.65685,4.24264,5.0,5.0,5.0,4.24264,5.0,5.0,5.0,5.0,5.0,4.47214,4.47214,73.0,67.80118,68.00735,67.00746,69.97142,62.43397,63.28507,60.90156,55.75841,58.30952,53.53504,55.07268,51.0392,47.50789,48.37355,46.06517,40.81666,41.18252,36.89173,40.49691,36.61967,40.22437,36.23534,32.01562,34.20526,30.41381,32.55764,32.55764,29.73214,28.3196,31.89044,28.30194,24.08319,25.4951,26.07681,28.30194,26.92582,29.15476,26.07681,25.6125,28.17801,23.85372,25.23886,24.41311,21.9545,23.02173,23.02173,25.4951,24.69818,25.55386,24.08319,25.23886,25.6125,25.4951,24.75884,23.32381,26.40076,47.42362,48.27007,47.70744,55.47071,52.49762,56.921,58.24088,56.29387,59.68249,61.0082,65.06919,65.49046,68.06614,70.0928,70.88018,71.86793,75.23962,70.68239,75.17978,76.47876,75.47185,79.6304,76.83749,74.41102,72.91776,74.33034,71.70077,76.41989,69.6563,70.60453,70.21396,67.20119,67.95587,67.00746,63.41136,63.00794,57.68882,60.80296,61.03278,56.61272,58.82176,56.72742,61.55485,60.10824,55.97321,61.55485,57.28001,62.36986,61.6198,60.10824,64.38167,65.8559,67.89698,68.62215,70.00714,71.42129,70.0928
11.18034,11.18034,11.18034,11.04536,10.04988,10.04988,9.05539,9.05539,9.05539,9.05539,8.06226,8.06226,8.06226,7.07107,7.07107,7.07107,6.08276,6.08276,6.08276,6.08276,6.08276,5.09902,5.09902,5.09902,5.38516,5.38516,5.38516,5.38516,4.47214,4.47214,4.47214,4.47214,4.47214,4.47214,4.47214,4.47214,4.47214,4.47214,3.60555,4.47214,3.60555,4.47214,4.47214,4.47214,4.47214,4.12311,4.12311,4.12311,4.12311,4.12311,4.0,4.0,69.857,65.30697,66.4906,66.94027,66.4906,61.98387,60.67125,59.3043,54.58938,53.75872,48.6621,47.51842,48.6621,46.38965,42.19005,43.18565,44.18144,41.59327,38.63936,38.07887,37.36308,33.95585,32.28002,30.36445,31.7805,30.08322,30.67572,29.54657,26.57066,27.51363,25.94224,24.18677,24.41311,26.83282,23.85372,26.07681,23.02173,24.41311,22.80351,22.2036,22.47221,20.80865,19.41649,24.20744,22.36068,18.02776,23.43075,24.41311,22.80351,22.47221,24.41311,20.80865,22.82542,21.54066,23.76973,21.37756,24.18677,41.4367,43.93177,46.27094,49.0,52.15362,53.60037,51.97115,58.24088,56.921,57.27128,60.90156,60.46487,66.61081,68.24954,69.52697,68.593,72.18033,71.58911,70.60453,71.61006,70.17834,75.66373,76.47876,73.00685,72.44998,70.83784,75.28612,72.8011,67.46851,70.34202,63.34824,67.46851,66.21933,66.4906,64.93843,62.58594,59.68249,59.84146,58.85576,55.31727,60.72891,57.56735,60.44005,59.23681,55.02727,55.9464,55.71355,61.84658,61.26989,60.74537,61.09828,63.56099,67.23095,63.97656,64.62198,68.942,69.46222
10.81665,10.81665,10.0,10.0,9.21954,9.21954,8.60233,8.60233,8.60233,8.60233,7.81025,7.2111,7.2111,6.40312,6.40312,6.40312,6.40312,5.83095,5.0,5.0,5.0,4.47214,4.47214,4.47214,4.47214,4.47214,4.47214,4.47214,4.12311,4.12311,3.16228,4.12311,3.16228,3.16228,4.12311,4.12311,3.16228,3.16228,3.16228,3.16228,3.16228,3.16228,3.16228,3.16228,3.16228,3.16228,3.16228,3.16228,3.60555,3.60555,3.60555,3.60555,65.45991,67.1193,67.95587,63.00794,65.21503,63.89053,59.20304,57.48913,53.8145,52.49762,53.07542,46.75468,49.51767,45.27693,47.01064,40.60788,43.18565,39.20459,36.87818,37.53665,36.35932,35.4683,34.66987,31.62278,28.42534,30.52868,26.92582,28.84441,24.35159,22.13594,27.51363,25.96151,25.0,24.5153,25.96151,23.08679,22.13594,22.84732,22.36068,26.24881,23.76973,22.02272,21.37756,21.58703,21.18962,21.37756,19.41649,18.68154,23.5372,21.58703,25.0,22.36068,20.61553,20.61553,26.0,23.32381,21.63331,44.38468,46.14109,47.80167,50.91169,51.22499,55.60576,54.58938,57.69749,61.84658,59.23681,64.19502,65.25335,67.18631,68.88396,73.17103,68.00735,75.02666,73.33485,77.10383,78.1025,74.72617,76.55064,72.44998,77.16217,76.15773,76.15773,73.79024,75.66373,71.02112,74.62573,68.24222,69.40461,66.85058,66.8431,67.00746,64.2028,58.00862,61.58734,61.05735,58.5235,62.96825,58.66856,57.98276,55.56978,59.94164,59.5399,61.29437,59.5399,59.03389,59.23681,62.24147,64.62198,69.35416,63.56099,70.38466,70.68239,69.77105
11.18034,11.18034,10.19804,10.19804,9.21954,9.21954,9.21954,8.24621,8.24621,7.28011,8.24621,7.28011,7.28011,6.08276,6.32456,6.08276,6.08276,5.09902,5.09902,5.0,5.09902,5.0,5.09902,5.0,5.0,4.0,4.12311,4.12311,4.12311,4.12311,4.12311,4.12311,4.12311,3.16228,4.12311,3.16228,3.16228,4.12311,3.16228,3.16228,3.16228,3.16228,3.16228,3.16228,3.16228,4.0,3.16228,3.0,3.0,3.0,3.16228,3.16228,64.53681,63.56099,61.61169,61.68468,62.8172,60.40695,60.44005,57.24509,55.36244,52.92447,51.66237,52.20153,47.75982,44.59821,42.72002,41.76123,41.78516,38.8973,37.94733,37.65634,37.48333,33.95585,32.55764,30.59412,29.42788,27.01851,29.27456,28.01785,25.01999,31.01612,28.0,28.0,25.0,24.18677,23.19483,22.2036,23.08679,25.4951,23.34524,25.17936,24.73863,25.17936,23.34524,25.31798,17.46425,22.56103,23.76973,22.80351,23.19483,22.2036,22.02272,22.09072,23.02173,22.0,22.36068,21.58703,18.68154,44.55334,46.17359,47.53946,51.10773,54.6443,52.80152,54.56189,58.0517,59.5483,62.42596,65.19202,65.29931,68.42514,65.9242,68.35203,74.04053,74.46476,76.11833,72.56032,78.23043,76.10519,76.0,81.22192,76.79193,77.64664,77.46612,74.73286,73.00685,74.2159,68.96376,68.68042,67.06713,69.26038,65.25335,66.12866,64.19502,61.40033,63.60031,57.87055,57.72348,57.48913,58.69412,57.07013,61.81424,57.48913,58.69412,61.66036,58.21512,60.07495,63.50591,62.07254,63.12686,64.12488,65.49046,70.71068,69.72087,70.25667
11.6619,11.6619,10.81665,10.81665,10.0,9.43398,9.43398,9.43398,9.43398,8.06226,8.06226,8.06226,7.2111,6.7082,6.7082,6.7082,6.7082,6.7082,6.32456,5.38516,5.38516,5.09902,5.09902,5.09902,5.09902,5.09902,5.0,5.0,5.0,5.0,5.0,5.0,5.0,5.0,5.0,5.0,5.0,5.0,5.0,5.0,5.0,4.0,5.0,4.0,5.0,5.0,4.0,4.0,4.12311,4.12311,4.12311,4.47214,69.33974,68.88396,70.0,68.24954,62.00806,64.81512,60.30755,58.79626,55.22681,51.22499,53.75872,48.83646,48.10405,46.09772,42.52058,43.60046,43.18565,40.80441,39.59798,34.20526,39.96248,34.98571,30.88689,30.52868,31.38471,29.52965,29.06888,29.73214,26.40076,27.89265,28.79236,27.85678,28.86174,28.86174,24.5153,27.20294,25.0,25.17936,25.4951,27.65863,24.33105,24.33105,24.69818,23.19483,25.31798,22.80351,23.4094,24.33105,22.36068,20.61553,24.35159,24.04163,25.0,21.93171,25.4951,23.32381,23.43075,46.32494,48.60041,48.10405,51.85557,51.0392,53.33854,52.35456,58.69412,61.68468,60.63827,64.53681,63.63961,69.72087,70.11419,74.10803,69.46222,74.67262,73.5459,73.4983,76.55064,73.05477,78.79086,77.07788,72.56032,76.32169,73.57309,74.63243,76.40026,69.81404,74.65253,67.80118,69.52697,65.19202,65.8559,65.8559,65.29931,60.30755,59.66574,57.80138,59.20304,59.03389,56.30275,57.2014,56.85948,58.24946,53.66563,56.35601,59.05929,59.03389,60.03332,61.29437,63.52952,65.76473,60.90156,68.47627,70.66116,70.49113
11.04536,11.04536,10.04988,10.0,10.0,9.0,9.0,8.0,8.0,8.0,8.0,7.0,7.0,7.0,6.0,6.0,6.08276,6.0,5.09902,5.09902,5.09902,5.09902,4.12311,4.12311,4.12311,4.12311,4.12311,4.47214,4.47214,4.47214,4.47214,3.60555,4.47214,4.12311,3.60555,3.60555,3.60555,3.60555,3.60555,3.16228,3.60555,3.16228,3.60555,3.16228,3.16228,3.16228,3.16228,4.0,4.0,3.0,4.0,4.12311,65.30697,63.63961,64.28063,60.40695,62.07254,60.40695,56.0357,59.00847,52.0,53.00943,52.00961,48.09366,46.17359,42.0,44.01136,42.04759,41.01219,39.11521,38.0,33.06055,35.22783,34.36568,32.55764,27.45906,28.4605,28.86174,28.28427,28.86174,24.5153,26.92582,22.80351,27.85678,22.47221,25.94224,22.84732,26.0,22.82542,24.16609,20.61553,21.9545,24.69818,22.47221,20.24846,25.05993,23.32381,25.07987,22.47221,22.84732,22.84732,22.84732,23.76973,21.18962,24.04163,23.34524,25.07987,20.0,23.0,42.95346,44.92215,48.27007,53.15073,47.01064,54.14795,55.22681,56.29387,56.75385,56.64804,64.84597,62.76942,69.11584,64.2028,70.60453,68.593,74.96666,70.17834,75.43209,73.23933,73.81734,74.70609,73.79024,73.82412,72.11103,72.8011,71.30919,73.68175,65.73431,71.19691,62.16912,68.65858,64.13267,66.75328,62.96825,60.53098,60.82763,60.53098,56.08921,57.07013,57.27128,55.54278,60.16644,56.75385,54.81788,58.5235,58.82176,59.77458,61.35145,58.5235,63.60031,62.96825,67.06713,63.89053,65.14599,69.92138,66.76077
11.18034,11.18034,10.29563,9.84886,9.84886,9.84886,8.94427,8.544,7.61577,7.61577,7.61577,7.61577,7.61577,6.7082,6.7082,6.7082,6.7082,5.83095,5.83095,5.83095,5.38516,5.0,5.0,5.0,5.0,5.0,5.0,4.24264,4.24264,4.24264,4.24264,4.24264,4.24264,4.24264,4.24264,4.24264,4.24264,4.24264,4.24264,4.24264,4.24264,4.24264,3.60555,3.60555,4.24264,3.60555,4.47214,4.47214,4.47214,4.47214,4.12311,4.12311,68.7968,66.28725,67.20119,65.36819,64.00781,61.7171,60.41523,58.69412,53.66563,52.0,51.47815,48.46648,49.24429,45.31004,42.95346,38.91015,40.70626,39.35734,39.21734,36.67424,34.4093,34.1321,32.24903,28.84441,30.88689,33.01515,27.80288,26.40076,26.90725,27.01851,24.08319,26.24881,24.08319,26.24881,25.4951,26.87006,24.75884,29.73214,27.01851,24.41311,26.90725,27.20294,25.0,23.34524,21.26029,24.83948,26.24881,22.67157,23.43075,22.62742,23.85372,23.60085,23.60085,22.80351,23.70654,25.07987,23.08679,41.10961,46.75468,49.39636,53.23533,50.69517,53.75872,53.15073,57.07013,60.29925,60.20797,65.00769,64.28063,67.26812,69.42622,70.34202,73.37575,71.86793,73.40981,75.13322,76.27582,74.88658,79.20227,73.24616,74.27651,74.24958,74.27651,73.66139,74.41102,70.43437,70.21396,68.60029,68.8186,66.57327,65.19202,65.51336,61.58734,58.82176,61.40033,60.60528,60.80296,57.00877,56.85068,59.66574,61.7171,55.44367,59.03389,56.72742,60.10824,64.44377,59.5483,63.63961,64.3506,67.94115,66.48308,70.76722,68.11755,67.47592
9.89949,9.89949,9.89949,9.89949,8.48528,8.48528,8.48528,7.07107,7.07107,7.07107,7.07107,7.07107,5.65685,5.65685,5.65685,5.65685,5.0,5.0,5.0,5.0,5.0,4.47214,3.60555,4.47214,4.47214,4.47214,4.47214,4.47214,4.47214,4.12311,4.12311,4.12311,4.12311,3.16228,3.16228,3.16228,3.16228,4.12311,3.16228,3.16228,3.16228,3.16228,3.16228,3.60555,3.16228,3.60555,3.60555,3.60555,3.60555,2.82843,3.60555,3.60555,66.6033,66.70832,68.76772,65.43699,63.60031,60.0,58.00862,55.80323,53.33854,54.6443,49.64877,49.09175,46.32494,42.19005,44.65423,40.80441,43.26662,37.80212,34.20526,36.87818,32.64966,32.01562,33.94113,31.1127,30.4795,30.41381,26.1725,30.0,25.4951,26.90725,25.0,27.65863,26.62705,26.62705,23.70654,24.41311,27.20294,24.20744,25.05993,24.41311,26.07681,24.59675,25.23886,25.55386,25.05993,21.9545,24.41311,24.69818,22.80351,23.85372,24.20744,22.67157,23.34524,24.20744,23.02173,22.36068,22.36068,44.41846,45.0,48.10405,51.66237,50.21952,54.70832,53.85165,54.70832,57.56735,57.48913,61.66036,63.1981,67.1193,69.06519,71.34424,72.00694,76.15773,71.8401,74.63243,75.96052,76.05919,76.05919,72.94518,75.71658,72.62231,74.8131,70.93659,72.18033,70.72482,72.18033,67.17887,66.48308,68.0147,64.03124,65.94695,58.72819,63.12686,60.20797,57.31492,57.38467,58.0,58.69412,55.86591,58.0517,58.0,56.85068,56.58622,57.48913,63.25346,59.5483,63.89053,66.06815,66.70832,63.78087,68.88396,67.26812,71.42129
11.04536,11.04536,11.04536,10.04988,10.04988,10.04988,9.05539,9.05539,9.05539,8.06226,8.06226,8.06226,8.06226,7.07107,7.07107,7.07107,6.08276,6.08276,6.32456,5.38516,5.38516,6.32456,5.38516,5.38516,5.38516,5.38516,5.38516,5.0,5.0,5.0,5.0,5.0,5.0,5.0,5.0,5.0,5.0,5.0,5.0,4.47214,4.47214,4.47214,4.47214,4.47214,4.47214,4.47214,4.47214,5.38516,5.09902,5.09902,4.12311,5.0,71.06335,65.25335,62.16912,62.96825,61.18823,60.67125,58.69412,58.85576,54.45181,53.46027,48.16638,47.38143,46.87217,44.28318,44.18144,41.97618,41.4367,37.33631,37.48333,36.68787,35.44009,32.98485,30.67572,30.36445,30.08322,28.79236,29.54657,29.96665,29.54657,24.59675,29.52965,29.15476,24.69818,28.6007,26.62705,27.01851,26.62705,24.83948,25.0,26.07681,25.6125,26.24881,25.4951,25.6125,26.40076,26.90725,25.23886,26.07681,25.23886,25.05993,26.41969,23.70654,25.05993,24.69818,25.29822,24.33105,22.09072,43.65776,45.35416,44.72136,50.15974,52.08647,53.46027,52.95281,53.93515,58.24088,59.46427,63.97656,62.76942,67.1193,68.00735,70.43437,68.0147,71.44928,70.0928,71.70077,70.45566,72.67049,72.56032,72.44998,71.58911,73.53911,73.38937,68.30813,71.8401,66.48308,70.0928,65.73431,65.11528,64.32729,64.32729,62.96825,58.0517,60.41523,59.66574,57.48913,56.75385,58.24088,54.12024,54.70832,59.48109,55.97321,54.78138,55.15433,60.41523,57.27128,60.83584,61.7414,62.64982,62.76942,63.32456,67.23095,67.06713,68.70953
11.31371,11.31371,10.63015,10.63015,9.89949,9.21954,9.21954,9.21954,9.21954,7.81025,7.81025,7.81025,7.81025,7.07107,6.40312,7.07107,5.65685,5.65685,5.65685,5.65685,5.65685,5.0,5.0,5.0,5.0,5.0,4.47214,4.47214,4.47214,4.47214,4.47214,4.47214,4.47214,4.47214,4.47214,4.47214,4.47214,4.12311,4.47214,3.60555,4.47214,4.12311,4.47214,4.47214,3.60555,3.60555,3.60555,3.60555,4.24264,4.24264,4.24264,3.60555,64.66065,67.42403,67.1193,65.0,64.66065,61.40033,55.60576,59.66574,55.60576,54.03702,50.80354,46.61545,47.20169,43.41659,43.60046,41.40048,42.2019,40.49691,37.73592,38.07887,38.94868,34.48188,33.54102,29.06888,28.63564,29.96665,29.96665,29.61419,28.4605,27.89265,28.63564,29.12044,25.17936,25.0,25.4951,27.29469,24.18677,25.07987,26.1725,26.07681,25.07987,23.08679,26.1725,26.01922,25.07987,25.01999,26.01922,21.37756,25.31798,23.19483,22.56103,24.73863,24.04163,23.76973,22.36068,23.85372,25.23886,43.41659,47.01064,46.75468,52.00961,52.20153,54.12024,52.80152,58.87274,59.77458,60.44005,61.18823,64.13267,68.35934,68.06614,71.00704,70.34913,75.42546,73.5459,73.00685,74.72617,76.55064,78.18568,73.92564,76.48529,75.13322,73.82412,76.00658,74.06079,69.40461,74.06079,68.00735,70.0,65.60488,64.81512,61.84658,61.07373,63.00794,59.81639,59.07622,59.90826,61.29437,59.07622,61.40033,58.30952,55.47071,58.87274,60.83584,63.07139,63.15853,61.32699,62.6099,64.4748,65.74192,61.84658,71.55418,72.49828,70.23532
11.40175,10.81665,10.81665,10.63015,10.0,10.0,9.21954,9.21954,8.60233,8.60233,8.60233,7.81025,7.2111,7.2111,6.40312,7.2111,6.40312,6.40312,5.83095,5.83095,5.0,5.83095,5.38516,5.38516,4.47214,5.38516,4.47214,4.12311,4.12311,4.12311,4.12311,4.12311,4.12311,4.12311,4.12311,4.12311,4.12311,4.12311,4.12311,4.12311,4.12311,4.12311,4.12311,4.12311,4.12311,4.47214,4.47214,4.47214,3.60555,3.60555,4.24264,4.24264,68.09552,65.8635,63.63175,64.49806,64.3506,61.61169,58.60034,59.20304,57.00877,53.60037,47.01064,49.64877,49.20366,42.80187,44.65423,40.22437,40.60788,39.44617,37.73592,38.27532,34.48188,34.0,30.01666,31.30495,31.30495,29.06888,29.12044,28.79236,25.0,26.4764,26.68333,26.4764,23.76973,26.07681,27.07397,26.30589,25.31798,25.31798,27.16616,25.17936,25.4951,24.08319,24.02082,25.07987,25.31798,27.07397,25.31798,23.34524,24.5153,22.80351,25.63201,23.4094,23.08679,22.84732,22.47221,25.55386,24.20744,42.15448,47.50789,45.48626,50.9902,50.24938,54.67175,51.86521,56.82429,58.59181,58.18075,61.68468,62.64184,66.21933,66.09841,71.44928,69.00725,73.0,72.1734,73.43705,73.97973,75.9276,74.46476,72.8011,74.33034,75.96052,74.09453,73.82412,75.13322,71.11962,71.58911,66.88797,65.73431,69.97142,66.57327,63.51378,64.07027,62.1289,60.41523,61.77378,59.9333,59.48109,61.7414,58.60034,59.5063,57.69749,62.16912,62.39391,60.16644,62.39391,60.40695,65.19202,61.98387,66.40783,64.2573,68.70953,71.51224,70.68239
10.81665,10.81665,10.0,10.0,9.21954,9.21954,8.60233,7.81025,7.81025,7.81025,7.81025,7.2111,7.2111,6.40312,6.40312,5.83095,5.83095,5.83095,5.83095,5.0,5.0,4.47214,4.47214,4.47214,4.47214,4.47214,4.12311,4.12311,4.12311,4.12311,4.12311,4.12311,4.12311,4.12311,4.12311,4.12311,4.12311,4.12311,4.12311,4.12311,3.16228,4.12311,4.12311,3.16228,3.16228,4.12311,4.47214,3.60555,3.60555,3.60555,3.60555,4.24264,69.35416,66.03787,69.11584,65.73431,61.29437,64.3506,57.68882,60.80296,52.00961,56.85068,51.0392,49.0408,45.60702,44.10215,42.2019,41.6173,41.04875,38.27532,36.71512,36.23534,35.77709,33.61547,31.76476,32.31099,29.54657,28.17801,28.86174,28.63564,30.46309,27.45906,27.89265,29.42788,27.20294,25.29822,27.16616,27.89265,27.45906,25.01999,24.33105,26.30589,24.33105,25.4951,26.30589,23.08679,23.02173,24.02082,23.34524,23.34524,25.31798,21.58703,25.70992,23.08679,22.80351,21.18962,21.0238,23.60085,22.2036,39.39543,45.27693,47.01064,53.07542,48.16638,53.90733,51.31277,57.70615,57.27128,57.38467,61.68468,63.78871,65.73431,69.58448,77.23341,67.1193,75.0,72.00694,74.67262,74.52516,74.52516,79.81228,75.27284,76.2168,77.47258,73.40981,75.15318,73.79024,69.97142,73.57309,66.7308,66.88797,67.74216,63.63175,63.51378,64.07027,58.5235,59.5399,60.90156,59.16925,62.17717,59.80803,63.97656,58.60034,59.61543,62.76942,60.53924,62.62587,63.32456,61.84658,65.19202,68.35203,69.07966,64.4748,70.38466,72.8011,71.55418
12.16553,11.18034,11.04536,11.18034,10.19804,10.19804,9.21954,9.21954,9.21954,9.21954,8.24621,8.24621,8.24621,7.28011,7.07107,7.07107,6.08276,6.08276,6.08276,6.08276,6.08276,6.0,6.0,6.0,5.0,5.0,5.0,5.0,5.09902,5.0,5.0,5.0,4.0,4.0,4.12311,4.12311,5.0,4.0,4.0,4.0,4.0,4.0,4.0,4.0,4.0,4.0,4.0,4.0,4.12311,4.12311,4.12311,4.47214,70.0,72.1734,67.1193,65.19202,67.06713,62.28965,64.28063,59.5399,57.70615,55.44367,54.58938,51.62364,50.24938,45.54119,44.72136,44.40721,41.59327,39.31921,41.19466,40.0125,38.01316,37.01351,33.0,36.05551,31.01612,31.01612,34.1321,30.14963,28.28427,30.59412,26.1725,26.68333,25.29822,23.76973,25.0,24.33105,24.35159,26.68333,22.80351,23.76973,23.08679,22.47221,21.58703,25.29822,21.18962,24.04163,21.18962,22.47221,21.18962,22.80351,24.04163,22.36068,21.58703,22.02272,22.0,21.2132,21.2132,43.93177,43.01163,46.17359,48.83646,53.75872,50.32892,52.0,57.24509,56.35601,60.60528,61.22091,62.96825,67.88225,68.24954,68.24954,71.84706,69.97142,72.94518,72.44998,75.15318,73.05477,77.88453,78.58753,76.40026,77.64664,74.67262,73.43705,70.25667,75.16648,72.02777,69.06519,67.00746,66.0303,65.00769,67.06713,63.03174,65.0,61.03278,60.0,60.00833,60.03332,59.3043,59.4138,62.20129,59.3043,62.16912,60.67125,61.18823,62.64982,65.9242,67.08204,67.26812,65.76473,71.19691,72.44308,72.56032,76.32169
12.04159,12.04159,11.31371,11.31371,9.89949,9.89949,9.89949,9.89949,8.48528,8.48528,8.48528,7.81025,7.81025,7.07107,7.07107,7.07107,7.07107,6.40312,6.40312,6.40312,6.40312,5.83095,5.0,5.83095,5.83095,5.83095,5.0,5.0,4.47214,4.47214,4.47214,4.47214,4.47214,4.47214,4.47214,4.47214,4.47214,4.47214,4.47214,4.47214,4.47214,4.47214,4.47214,4.47214,4.47214,4.47214,4.47214,5.0,4.24264,4.24264,4.24264,4.24264,72.34639,69.6563,68.0147,67.20863,66.48308,62.24147,58.79626,58.0,57.31492,53.07542,50.9902,49.67897,47.42362,42.52058,44.68781,42.42641,41.7732,38.8973,38.94868,34.71311,39.62323,35.38361,34.20526,31.241,28.42534,26.24881,27.20294,26.92582,28.01785,27.29469,27.45906,27.45906,26.40076,25.94224,25.07987,25.94224,22.13594,25.4951,25.07987,22.80351,21.54066,22.36068,22.84732,21.54066,23.4094,24.16609,21.93171,22.84732,21.93171,20.61553,20.59126,25.4951,20.61553,21.93171,23.43075,20.51828,23.60085,39.92493,45.48626,47.80167,49.51767,50.32892,51.0392,51.31277,55.00909,59.5063,60.74537,59.48109,61.13101,62.80127,67.36468,66.27217,67.00746,74.10803,71.44928,72.69113,70.83078,72.8011,74.33034,74.46476,74.33034,74.24284,72.91776,72.47068,74.09453,68.26419,73.57309,67.20119,69.63476,66.61081,66.21933,64.03124,62.80127,61.40033,58.24946,59.07622,57.68882,60.21628,59.94164,61.29437,60.20797,58.83026,59.94164,59.48109,60.41523,62.17717,64.00781,63.50591,64.84597,68.60029,64.00781,71.58911,71.34424,70.49113
10.44031,9.48683,10.44031,9.48683,9.48683,8.544,8.24621,8.24621,7.28011,7.61577,7.61577,7.28011,6.32456,6.32456,6.08276,6.08276,5.09902,5.09902,5.09902,5.09902,5.0,5.0,4.0,4.0,4.0,4.0,4.12311,4.12311,4.12311,4.12311,4.12311,4.12311,4.12311,4.12311,3.16228,4.12311,3.16228,3.16228,3.16228,3.16228,3.16228,3.16228,3.16228,3.16228,3.16228,3.16228,3.0,3.0,3.0,3.0,3.0,3.16228,67.26812,67.47592,70.34913,66.09841,63.95311,60.41523,55.9017,58.46366,54.81788,52.63079,50.21952,48.05206,45.89118,43.17407,41.48494,42.44997,40.02499,39.45884,33.54102,32.75668,34.0,33.54102,29.0,29.01724,27.16616,29.06888,29.01724,27.07397,27.0,27.16616,24.18677,22.36068,25.07987,25.4951,23.08679,23.19483,24.33105,23.5372,24.5153,24.69818,24.5153,22.80351,22.2036,18.97367,20.61553,21.58703,20.39608,19.41649,20.39608,19.23538,20.61553,18.02776,21.0238,21.0,17.11724,19.31321,17.72005,39.29377,41.59327,45.04442,46.69047,50.01,46.8188,48.50773,53.66563,57.80138,57.2014,59.40539,59.5483,66.6033,65.79514,63.03174,70.60453,70.49113,69.33974,68.42514,68.02941,74.33034,70.93659,74.04053,72.56721,76.29548,70.21396,69.72087,70.06426,71.00704,69.06519,66.00758,66.0,68.06614,61.0,62.03225,61.03278,61.0082,60.00833,59.00847,57.0,55.0,57.00877,56.22277,57.07889,54.00926,58.30952,59.5399,59.68249,60.67125,61.29437,62.28965,62.96825,64.12488,66.27217,68.26419,69.06519,73.06162
11.18034,10.29563,10.29563,9.43398,9.43398,9.43398,8.60233,8.60233,8.60233,7.2111,7.2111,7.2111,7.2111,6.40312,5.83095,5.83095,5.83095,5.83095,5.38516,4.47214,4.47214,4.47214,4.47214,4.47214,4.47214,4.12311,4.12311,4.12311,4.12311,4.12311,3.16228,4.12311,3.16228,3.16228,3.16228,3.16228,3.0,3.0,3.16228,3.0,3.16228,3.16228,3.0,3.16228,3.16228,3.16228,3.16228,3.16228,3.16228,3.16228,3.60555,3.60555,67.77905,63.95311,65.79514,61.7414,62.64982,61.29437,61.29437,58.83026,52.83938,50.60632,49.92995,47.16991,46.04346,41.34005,42.19005,39.35734,40.81666,38.48376,35.77709,33.61547,33.61547,33.10589,32.31099,29.96665,29.15476,26.24881,26.92582,26.4764,25.96151,27.29469,25.31798,25.17936,22.80351,24.02082,24.18677,21.37756,24.33105,20.22375,23.34524,23.34524,23.0,19.0263,19.0263,18.0,22.02272,22.02272,22.0,17.02939,20.09975,21.0238,20.39608,21.09502,18.02776,22.56103,18.68154,21.0238,19.41649,41.48494,44.59821,45.17743,50.24938,50.47772,52.40229,55.9017,56.0803,56.22277,56.30275,60.82763,63.97656,66.30988,66.7308,71.56815,68.44706,72.36712,69.58448,73.5527,74.0,73.17103,75.23962,75.53807,76.29548,76.15773,74.46476,73.4983,75.58439,72.11103,70.2282,67.06713,71.51224,65.55151,65.0,64.4748,64.88451,63.15853,62.03225,61.46544,58.87274,58.5235,56.04463,60.08328,57.97413,58.82176,60.16644,60.16644,59.66574,60.41523,60.63827,65.73431,66.70832,66.94027,67.91171,69.37579,72.27724,73.00685
11.18034,10.29563,10.29563,10.29563,9.43398,9.43398,8.60233,8.60233,8.60233,7.2111,7.2111,7.2111,7.2111,7.2111,5.83095,5.83095,5.83095,5.83095,5.38516,4.47214,4.47214,4.47214,4.47214,4.12311,4.12311,4.12311,4.12311,4.12311,4.12311,4.12311,3.16228,3.0,3.16228,3.0,3.0,3.0,3.0,3.0,3.0,3.0,3.0,3.0,3.0,3.0,3.0,3.16228,3.16228,3.16228,3.16228,3.16228,3.16228,3.60555,68.41053,67.94115,67.94115,64.38167,65.05382,62.93648,57.98276,59.46427,52.49762,53.74012,49.57822,46.01087,49.0408,42.63801,44.68781,40.45986,40.31129,39.62323,38.18377,32.55764,36.06938,31.241,30.61046,31.241,28.3196,28.30194,26.07681,26.92582,24.69818,24.69818,26.0,25.94224,21.84033,26.57066,23.08679,23.76973,21.54066,22.13594,19.92486,21.18962,21.93171,20.24846,21.0238,20.61553,18.43909,18.97367,23.4094,22.80351,18.43909,19.64688,21.93171,17.88854,21.0238,18.86796,20.12461,20.80865,19.84943,40.70626,45.0,45.34314,49.57822,49.40648,54.3783,55.00909,55.15433,57.87055,57.24509,63.34824,64.53681,69.72087,71.17584,72.0,69.35416,72.44308,72.83543,74.95332,75.58439,72.11103,78.54935,74.32362,76.02631,73.82412,75.17978,76.8505,75.71658,68.41053,67.80118,66.21933,70.80254,68.88396,67.47592,64.66065,65.29931,62.482,59.66574,61.07373,62.20129,61.40033,57.45433,59.90826,60.20797,60.74537,62.76942,62.1289,59.16925,63.28507,57.80138,63.95311,64.00781,68.47627,65.8635,70.3278,71.28113,70.49113
12.04159,11.31371,11.31371,10.63015,10.63015,9.89949,9.21954,9.21954,9.21954,7.81025,7.81025,7.81025,7.81025,7.07107,7.07107,7.07107,5.65685,5.65685,5.65685,5.65685,5.65685,5.65685,5.0,5.0,5.0,5.0,5.0,5.0,4.47214,4.47214,4.47214,4.47214,4.47214,4.47214,4.47214,4.47214,4.47214,4.47214,4.47214,4.47214,4.47214,4.47214,4.47214,4.47214,4.47214,4.47214,4.47214,4.24264,4.24264,4.24264,4.24264,4.24264,65.8635,65.45991,66.57327,62.42596,62.42596,63.60031,59.20304,58.13777,54.40588,56.0803,51.22499,49.57822,48.27007,44.04543,41.86884,40.45986,38.28838,36.40055,36.40055,34.4093,35.22783,34.4093,31.90611,31.38471,29.68164,26.40076,28.6531,28.23119,27.313,23.4094,22.13594,25.63201,22.47221,23.34524,23.76973,24.69818,24.5153,21.58703,23.08679,20.88061,24.04163,22.36068,20.22375,20.22375,21.58703,19.0263,21.84033,19.64688,21.58703,20.09975,21.58703,20.61553,20.88061,19.23538,20.61553,21.63331,18.60108,41.10961,44.72136,47.70744,53.60037,51.08816,54.45181,55.44367,56.85948,56.60389,57.24509,64.4748,63.90618,66.09841,67.44627,68.88396,67.26812,73.24616,72.0,75.10659,77.41447,75.80237,76.48529,73.4983,78.16009,75.89466,76.2168,73.00685,74.84651,69.31811,72.94518,66.64833,72.20111,70.49113,63.13478,63.81222,65.0,60.74537,58.5235,57.45433,57.70615,60.82763,57.69749,58.60034,57.27128,61.7414,55.15433,59.5063,59.80803,63.90618,61.09828,63.90618,65.45991,68.942,66.48308,70.5762,70.38466,69.31811
12.04159,10.63015,10.63015,10.63015,9.89949,9.21954,9.21954,9.21954,8.48528,8.48528,8.48528,7.81025,7.07107,7.07107,6.40312,6.40312,6.40312,5.83095,5.83095,5.83095,5.83095,4.47214,5.38516,4.47214,4.47214,5.38516,5.38516,4.47214,4.12311,4.12311,4.12311,4.12311,4.12311,4.12311,4.12311,4.12311,4.12311,4.12311,4.0,4.0,4.12311,4.12311,4.0,4.12311,4.12311,4.12311,4.12311,4.12311,4.12311,4.47214,3.60555,3.60555,70.76722,66.48308,65.76473,67.20863,62.2254,61.55485,57.48913,57.38467,55.60576,53.41348,49.67897,48.9183,48.83646,44.55334,42.0119,42.52058,37.53665,37.48333,34.65545,30.4795,33.94113,31.14482,31.241,31.1127,29.06888,28.30194,28.01785,26.92582,26.92582,23.70654,22.82542,25.94224,22.82542,25.05993,21.84033,20.61553,24.35159,22.13594,21.18962,18.78829,21.84033,22.56103,21.93171,17.46425,23.5372,21.58703,19.92486,19.41649,19.31321,19.92486,19.69772,18.02776,22.47221,19.41649,20.24846,20.80865,17.80449,42.72002,46.2277,46.01087,52.00961,52.43091,50.24938,52.3259,56.46238,58.18935,58.94065,62.16912,66.61081,67.26812,66.00758,69.00725,70.5762,73.97973,71.80529,72.53275,73.73602,74.33034,77.47258,76.02631,74.43118,75.21303,74.62573,73.23933,74.4043,70.29225,71.8401,65.94695,67.26812,67.26812,65.06919,63.65532,64.3506,61.55485,58.72819,60.10824,59.5483,58.0517,57.48913,57.80138,60.0,58.00862,60.53924,58.30952,55.22681,61.58734,61.91123,61.61169,65.19202,68.50547,64.14047,67.95587,66.61081,72.40166
11.40175,11.40175,11.40175,11.40175,10.44031,9.48683,9.48683,8.544,8.544,8.544,8.544,7.61577,7.61577,7.61577,7.28011,6.32456,6.32456,6.32456,6.32456,5.09902,5.09902,5.09902,5.09902,5.09902,5.09902,5.0,5.0,5.0,5.0,4.0,4.0,4.0,4.0,4.0,4.0,4.0,4.0,4.0,4.0,4.0,4.0,4.0,4.0,4.0,4.0,4.0,4.0,4.0,4.0,4.12311,4.12311,4.12311,69.72087,65.51336,66.09841,64.32729,59.20304,61.40033,57.48913,55.54278,52.81098,55.71355,51.26402,48.38388,48.50773,41.62932,41.4367,40.49691,39.84972,36.68787,36.13862,34.20526,34.71311,28.44293,30.08322,29.06888,29.42788,26.07681,26.07681,28.07134,25.01999,24.02082,24.0,23.0,21.37756,24.02082,23.0,24.08319,24.08319,22.0,25.01999,18.02776,20.22375,20.39608,21.0238,18.43909,18.43909,19.41649,21.37756,22.56103,20.39608,19.10497,21.37756,18.43909,22.02272,21.0238,20.22375,22.36068,21.0238,40.1995,44.04543,48.16638,54.91812,51.66237,55.71355,53.7122,55.47071,59.07622,58.41233,65.11528,61.52235,67.88225,70.43437,68.60029,71.02112,76.66159,72.91776,75.23962,74.0,75.96052,75.43209,75.31268,76.94154,77.23341,75.42546,72.06247,73.0,73.02739,75.00667,69.35416,75.16648,70.25667,68.35934,64.38167,63.28507,60.20797,62.20129,61.52235,58.21512,59.07622,59.07622,59.03389,59.00847,57.00877,61.13101,58.03447,59.00847,62.1289,64.12488,65.03076,64.03124,68.06614,66.1211,74.00676,71.06335,73.00685
10.81665,10.81665,10.81665,10.29563,9.43398,8.94427,8.94427,8.06226,8.06226,7.61577,8.06226,7.61577,6.7082,6.7082,5.83095,5.83095,5.83095,5.83095,5.0,5.0,5.0,5.0,5.0,4.24264,4.24264,4.24264,4.24264,4.24264,4.24264,4.24264,3.60555,4.24264,3.60555,2.82843,3.60555,3.60555,3.60555,2.82843,2.82843,3.60555,3.60555,3.60555,3.60555,2.82843,2.82843,2.82843,2.82843,2.82843,2.82843,3.60555,3.60555,3.60555,68.68042,65.21503,68.88396,64.40497,62.42596,61.29437,59.90826,57.45433,51.42956,51.97115,51.10773,45.48626,46.61545,44.29447,43.04649,41.18252,41.34005,34.98571,38.07887,31.40064,35.80503,28.01785,31.06445,31.1127,27.65863,26.90725,26.1725,30.41381,24.75884,25.4951,22.80351,26.24881,22.47221,21.9545,21.47091,19.41649,19.20937,21.9545,18.02776,21.09502,21.9545,17.46425,23.70654,17.88854,16.15549,20.59126,21.47091,20.12461,20.24846,20.59126,20.0,20.0,18.60108,17.49286,21.26029,19.20937,17.80449,40.0,42.44997,48.41487,51.62364,49.64877,52.55473,54.40588,59.43904,60.20797,59.21149,63.03174,64.00781,66.0303,68.593,69.2315,68.65858,74.72617,72.11103,73.53911,72.49828,73.3553,79.25907,76.27582,78.23682,75.9276,74.02702,75.00667,74.95332,70.71068,72.86288,66.70832,70.83784,71.58911,68.76772,65.0,62.80127,62.482,58.89822,60.30755,59.5483,60.1415,58.69412,59.4138,60.1415,55.86591,58.25805,61.40033,60.30755,62.482,62.28965,63.25346,62.62587,66.06815,68.24954,70.17834,67.26812,68.593
11.18034,10.19804,11.04536,10.04988,10.04988,9.0,9.05539,8.06226,8.06226,8.06226,7.07107,7.07107,7.07107,6.08276,6.08276,6.08276,6.08276,5.09902,5.09902,5.38516,5.09902,4.47214,4.47214,4.47214,4.47214,4.47214,4.47214,3.60555,3.60555,4.24264,3.60555,3.60555,3.60555,3.60555,3.60555,4.24264,3.60555,3.60555,2.82843,2.82843,3.60555,4.24264,3.60555,3.60555,2.82843,2.82843,3.60555,3.60555,3.60555,3.60555,3.16228,3.16228,73.24616,64.07027,68.18358,61.13101,61.0082,61.03278,56.00893,57.14018,53.08484,52.23983,49.16299,46.04346,44.04543,43.18565,42.04759,40.0125,41.0,38.0526,38.0526,34.05877,34.05877,31.257,32.24903,30.06659,26.07681,29.01724,27.45906,24.5153,26.0,22.47221,23.76973,24.35159,25.70992,22.56103,21.0238,24.69818,18.38478,22.13594,23.70654,17.46425,18.78829,21.9545,21.0238,19.23538,17.20465,20.59126,17.02939,22.47221,19.23538,14.76482,20.12461,19.69772,21.93171,19.92486,16.76305,19.23538,18.11077,42.44997,45.70558,46.01087,53.08484,50.15974,53.60037,54.08327,55.54278,58.18075,59.05929,58.82176,64.07027,66.06815,67.26812,71.42129,67.80118,72.00694,71.28113,74.94665,73.34848,74.73286,78.18568,74.94665,76.55064,73.08215,74.46476,72.00694,74.1485,72.44308,71.56815,68.46897,68.11755,66.0303,66.06815,64.07027,62.03225,62.07254,59.21149,60.03332,59.3043,58.30952,58.42089,60.29925,57.55867,57.87055,61.18823,60.82763,58.94065,62.58594,61.84658,63.56099,63.56099,67.68309,62.8172,69.42622,67.74216,68.593
10.63015,9.89949,9.89949,9.89949,9.21954,9.21954,8.48528,7.81025,7.81025,7.07107,7.07107,7.07107,6.40312,5.65685,5.65685,5.65685,5.65685,5.0,5.0,5.0,4.24264,4.24264,4.47214,3.60555,3.60555,3.60555,3.60555,3.16228,3.16228,3.16228,3.16228,3.16228,3.16228,3.16228,3.16228,3.16228,3.16228,3.16228,3.0,3.16228,3.0,3.16228,3.16228,3.0,3.16228,3.16228,3.16228,3.16228,3.16228,2.23607,2.23607,2.82843,67.62396,65.29931,66.6033,63.25346,63.03174,63.70243,56.58622,58.69412,51.62364,51.73973,47.38143,50.24938,47.42362,43.13931,41.03657,42.44997,38.94868,36.06938,36.23534,33.97058,35.38361,31.62278,29.41088,29.73214,26.40076,26.07681,29.41088,24.18677,27.29469,25.94224,24.16609,22.36068,22.47221,21.0238,21.0238,20.88061,22.80351,21.84033,22.56103,20.24846,18.02776,19.41649,20.24846,20.09975,18.11077,19.23538,19.92486,20.24846,15.81139,20.24846,18.97367,18.97367,19.31321,19.72308,18.35756,20.0,18.60108,43.08132,43.909,46.32494,51.62364,50.9902,51.61395,53.85165,57.70615,57.77543,59.46427,63.32456,62.8172,68.24954,69.58448,71.25307,68.00735,73.06162,70.45566,76.94154,72.53275,74.04053,78.43469,73.73602,75.15318,75.15318,76.53757,76.32169,74.09453,69.89278,73.78347,70.80254,70.0,68.88396,66.21933,66.21933,64.03124,62.00806,62.00806,61.40033,60.60528,60.80296,57.45433,61.58734,59.68249,60.20797,56.30275,60.20797,59.94164,63.06346,62.26556,61.26989,66.37017,67.23095,66.7308,65.8635,71.69379,67.95587
11.40175,11.40175,10.44031,10.44031,10.44031,9.48683,9.48683,8.544,8.544,8.544,8.24621,7.28011,7.28011,7.28011,6.32456,7.07107,6.08276,6.08276,6.08276,6.08276,5.09902,5.09902,5.09902,5.0,5.0,5.0,5.0,5.0,5.09902,5.09902,4.12311,5.09902,4.12311,4.12311,4.12311,4.12311,4.12311,4.12311,4.12311,4.12311,4.12311,4.12311,4.12311,4.12311,4.12311,4.12311,4.12311,4.0,4.0,4.0,4.0,4.12311,69.857,66.64083,65.30697,65.36819,64.49806,64.3506,56.85948,57.45433,53.85165,51.62364,46.40043,49.73932,48.54894,44.40721,41.67733,44.10215,39.96248,37.12142,37.58989,35.77709,34.48188,32.69557,29.52965,30.8707,29.54657,26.57066,25.0,28.44293,26.92582,25.4951,27.29469,27.45906,20.09975,24.73863,25.17936,21.58703,21.2132,20.09975,19.41649,23.08679,24.0,18.43909,21.2132,22.02272,18.02776,21.0238,22.0,22.02272,19.23538,22.02272,20.22375,20.39608,23.34524,22.56103,18.24829,20.61553,20.80865,41.7732,46.57252,46.61545,48.37355,51.0392,51.40039,56.58622,55.9017,58.41233,58.60034,63.28507,67.1193,65.36819,72.23573,73.37575,70.83078,76.29548,72.99315,73.68175,73.00685,76.0,80.50466,74.43118,72.69113,74.96666,75.70997,74.46476,74.63243,71.51224,75.02666,72.44998,70.38466,67.97794,67.1193,63.56099,69.77105,60.83584,59.46427,60.16644,60.74537,63.69458,56.921,60.53924,61.03278,55.97321,57.58472,58.5235,62.64184,61.40033,61.98387,63.78871,65.73431,67.44627,62.36185,68.65858,69.37579,69.89278
11.18034,10.19804,10.19804,10.04988,10.04988,9.05539,9.05539,8.06226,8.06226,8.06226,7.07107,7.07107,7.07107,6.08276,6.08276,6.08276,5.38516,5.09902,5.38516,5.38516,4.47214,4.47214,4.47214,4.47214,4.47214,4.47214,3.60555,4.24264,3.60555,4.24264,3.60555,4.24264,3.60555,3.60555,4.24264,4.24264,3.60555,4.24264,3.60555,3.60555,4.24264,4.24264,3.60555,4.24264,4.24264,3.60555,3.60555,3.60555,3.60555,3.60555,3.16228,3.16228,69.11584,67.18631,65.19202,64.12488,61.03278,61.0,57.00877,58.03447,51.0098,52.00961,48.01042,49.0102,46.04346,44.01136,41.04875,38.01316,40.0,38.01316,37.01351,31.01612,33.24154,30.14963,30.80584,27.45906,28.86174,29.61419,26.24881,25.96151,21.84033,22.80351,24.16609,22.84732,21.0238,24.16609,21.63331,22.82542,22.80351,20.59126,21.9545,20.0,23.85372,19.23538,22.47221,22.02272,21.09502,17.80449,20.0,22.67157,20.61553,18.02776,22.82542,20.24846,21.63331,19.23538,21.18962,20.39608,16.27882,43.93177,47.04253,47.01064,48.16638,51.97115,49.0408,53.45091,55.4617,56.35601,60.46487,64.2028,62.62587,65.05382,67.94115,66.06815,68.60029,68.8186,71.02112,71.55418,73.82412,74.09453,76.6942,76.92204,73.5459,75.31268,72.36712,70.45566,70.5762,69.35416,71.25307,69.11584,67.06713,69.11584,67.02984,64.00781,63.03174,60.07495,59.03389,60.03332,57.21888,60.13319,58.30952,61.52235,58.54912,58.54912,58.5235,60.01666,59.43904,60.44005,63.15061,62.96825,62.58594,68.88396,64.32729,68.44706,70.61161,69.05071
11.18034,9.84886,9.84886,9.84886,8.94427,8.544,8.544,7.61577,7.61577,7.61577,7.28011,6.7082,6.32456,6.32456,6.32456,5.38516,5.38516,5.38516,4.47214,4.47214,4.47214,3.60555,4.47214,3.60555,3.60555,3.60555,3.60555,3.60555,3.60555,2.82843,2.82843,3.60555,2.82843,2.82843,2.82843,2.82843,2.82843,2.82843,2.82843,2.82843,2.82843,2.82843,2.82843,2.82843,2.82843,2.82843,2.82843,2.82843,2.82843,3.16228,3.16228,3.16228,69.35416,62.16912,63.95311,65.39113,60.37384,62.16912,54.08327,58.18935,53.48832,51.26402,47.53946,47.53946,48.46648,42.72002,42.37924,41.10961,41.10961,36.24914,35.8469,35.4683,35.77709,30.41381,32.24903,27.78489,28.01785,26.40076,26.40076,25.4951,21.26029,25.6125,24.83948,24.20744,23.60085,25.80698,22.67157,23.60085,21.9545,19.20937,19.79899,21.47091,18.02776,19.20937,18.60108,22.47221,20.59126,18.60108,20.0,20.24846,18.60108,19.20937,18.60108,22.67157,21.26029,19.41649,17.69181,19.41649,18.97367,42.63801,47.43416,42.48529,46.61545,48.76474,51.41984,52.08647,56.0357,60.00833,56.0803,61.81424,58.94065,64.28841,67.6757,73.1642,66.64083,75.591,71.02112,75.45197,73.81734,73.10951,76.57676,74.33034,73.75636,75.0,79.02531,73.4983,77.10383,69.63476,75.16648,66.7308,66.37017,68.88396,65.36819,63.52952,65.76473,61.29437,58.83026,61.29437,61.91123,61.91123,57.14018,57.68882,59.64059,58.41233,56.0357,58.82176,61.22091,64.03124,62.00806,60.21628,64.66065,68.60029,66.4003,67.42403,70.60453,68.24222
10.63015,10.63015,10.63015,10.63015,9.21954,9.21954,8.48528,8.48528,7.81025,7.81025,7.07107,7.07107,6.40312,6.40312,5.65685,5.83095,5.0,5.0,5.0,4.47214,5.0,4.47214,4.47214,4.47214,4.47214,4.47214,3.16228,4.12311,4.12311,3.16228,4.12311,4.12311,3.16228,3.16228,3.0,3.16228,3.0,3.0,3.0,3.0,3.0,3.0,3.0,3.0,3.16228,3.16228,3.16228,3.16228,3.16228,3.16228,2.82843,2.82843,67.80118,66.52819,68.68042,64.3506,65.05382,61.52235,58.69412,59.4138,52.49762,52.34501,49.81967,46.09772,46.01087,45.34314,43.41659,41.86884,39.82462,36.06938,39.62323,35.38361,35.38361,31.1127,27.80288,30.23243,26.62705,28.84441,23.60085,23.85372,24.69818,22.2036,22.82542,24.69818,22.82542,22.47221,22.84732,24.69818,24.69818,19.64688,21.0238,20.12461,23.08679,20.24846,18.97367,22.13594,18.68154,19.31321,20.39608,22.13594,21.18962,19.92486,20.24846,21.0238,19.23538,19.72308,19.41649,19.10497,18.02776,43.38202,44.29447,45.22168,49.51767,51.66237,51.0392,53.0,53.7122,57.69749,57.58472,60.44005,62.58594,66.09841,68.593,73.10951,70.00714,75.0,74.8131,73.68175,75.43209,73.08215,73.68175,75.39231,74.84651,76.05919,77.36924,71.69379,73.78347,70.49113,71.28113,66.85058,69.2026,66.8431,69.6563,66.8431,67.00746,58.25805,60.80296,62.00806,60.80296,59.81639,61.85467,61.58734,58.5235,59.36329,58.18075,61.85467,64.14047,62.43397,63.63175,65.76473,66.7308,67.41662,63.28507,72.06941,74.09453,70.49113
11.6619,11.6619,11.6619,10.81665,10.81665,10.81665,9.43398,9.43398,9.43398,8.60233,8.60233,8.60233,7.2111,7.2111,7.2111,7.2111,6.7082,6.7082,6.7082,5.83095,6.7082,5.38516,5.38516,5.38516,5.38516,5.38516,5.09902,5.09902,5.09902,5.09902,5.09902,4.12311,4.12311,5.09902,4.12311,4.12311,4.12311,4.12311,4.12311,4.12311,4.12311,4.12311,4.12311,4.12311,4.12311,4.12311,4.12311,4.12311,4.12311,4.47214,4.47214,3.60555,73.60027,71.06335,66.06815,66.70832,67.47592,60.959,62.24147,59.39697,55.86591,53.03772,50.20956,50.20956,46.69047,45.25483,44.55334,44.68781,41.7732,39.69887,38.8973,35.4683,36.23534,33.6006,31.38471,30.80584,29.41088,32.44996,27.45906,31.76476,26.07681,25.07987,24.16609,26.07681,24.69818,25.63201,24.35159,22.84732,22.84732,23.08679,21.54066,21.54066,22.47221,22.56103,21.18962,21.84033,20.24846,21.58703,21.93171,20.09975,19.69772,18.24829,21.93171,21.47091,19.69772,19.72308,20.24846,18.60108,21.93171,42.54409,45.27693,48.27007,50.20956,53.75872,52.49762,52.69725,55.22681,58.30952,60.00833,62.03225,62.64184,66.94027,68.06614,70.25667,72.06247,73.0,75.23962,73.24616,77.12976,74.95332,77.7946,76.844,76.2168,75.6439,74.73286,75.591,74.70609,71.19691,74.33034,69.89278,68.24222,67.42403,64.63745,68.00735,65.80274,61.61169,59.90826,61.29437,60.74537,57.42822,61.77378,60.90156,60.82763,55.00909,57.70615,62.64982,62.17717,62.16912,64.40497,66.30988,68.44706,68.09552,64.00781,68.0,71.11962,69.83552
11.18034,10.29563,9.84886,9.84886,9.48683,8.544,8.544,7.61577,7.61577,7.61577,7.61577,6.7082,6.7082,6.7082,6.7082,5.83095,5.83095,5.83095,5.0,5.0,5.0,5.0,5.0,4.24264,4.24264,4.24264,4.24264,4.24264,4.24264,3.60555,3.60555,3.60555,3.60555,3.60555,3.60555,3.60555,3.60555,3.60555,3.60555,3.60555,3.60555,3.60555,3.60555,3.60555,3.60555,3.60555,3.60555,2.82843,3.60555,2.82843,2.82843,2.82843,72.09022,64.2573,66.48308,62.64184,61.68468,58.82176,53.16014,57.72348,54.57105,51.66237,50.44799,46.87217,46.09772,43.68066,42.05948,41.4367,41.48494,41.4367,38.07887,35.73514,34.78505,33.61547,31.7805,31.95309,30.41381,29.54657,26.92582,26.41969,28.01785,24.69818,24.41311,25.23886,23.32381,24.20744,25.6125,22.2036,20.51828,23.43075,22.2036,21.26029,20.61553,22.62742,21.2132,23.34524,21.40093,19.10497,21.26029,19.10497,22.67157,19.20937,21.40093,20.51828,18.60108,17.20465,19.31321,19.31321,21.18962,38.83298,46.06517,47.75982,48.08326,47.67599,49.0102,52.03845,53.03772,55.57877,56.08921,59.66574,61.03278,63.56886,68.942,71.19691,65.45991,72.67049,68.60029,71.50524,74.24958,74.27651,75.60423,69.81404,71.40028,72.94518,73.78347,72.06941,73.92564,68.44706,70.68239,69.857,68.35203,69.57011,66.30988,63.24555,63.56886,57.93962,58.69412,61.35145,58.30952,60.92618,58.60034,55.03635,59.09315,56.79789,55.9017,59.05929,60.41523,61.29437,63.63175,62.43397,66.37017,68.60029,64.41273,70.66116,71.11259,67.97794
12.04159,11.31371,11.31371,10.63015,9.89949,9.21954,9.89949,9.21954,9.21954,7.81025,7.81025,7.81025,7.07107,7.07107,6.40312,7.07107,5.65685,5.65685,5.65685,5.65685,5.65685,5.0,5.0,5.0,5.0,5.0,4.47214,4.47214,3.60555,3.60555,3.60555,3.60555,3.60555,3.60555,3.16228,3.16228,3.60555,3.16228,3.16228,3.16228,3.16228,3.16228,3.16228,3.16228,3.16228,3.60555,3.60555,3.60555,3.60555,3.60555,2.82843,3.60555,68.50547,67.20119,67.20119,64.53681,63.12686,58.89822,58.72819,57.28001,53.03772,52.34501,50.9902,47.42362,47.50789,46.66905,42.44997,41.7732,40.31129,38.94868,36.06938,36.23534,34.82815,31.14482,30.61046,31.38471,27.80288,29.41088,28.30194,28.30194,25.94224,27.73085,25.05993,25.29822,22.84732,22.47221,25.0,21.93171,22.13594,21.18962,20.61553,21.54066,19.92486,20.24846,19.41649,18.02776,18.68154,20.24846,19.41649,22.47221,18.97367,18.02776,17.08801,21.18962,20.61553,20.24846,18.38478,20.0,19.10497,41.78516,45.17743,44.20407,47.63402,50.93133,49.81967,53.25411,57.70615,57.24509,58.60034,60.40695,61.84658,65.0,66.75328,66.48308,69.02898,72.00694,70.06426,74.33034,75.95393,76.48529,75.96052,76.2168,76.89603,76.6942,74.32362,72.44998,70.71068,70.49113,72.56032,69.11584,67.1193,67.42403,64.63745,64.63745,66.28725,64.3506,62.1289,61.91123,57.45433,58.83026,60.41523,60.41523,58.18075,60.41523,60.41523,57.24509,63.56099,62.24147,63.50591,64.4748,66.12866,68.54196,68.44706,73.79024,71.19691,72.56032
12.0,11.0,11.0,11.0,10.0,10.0,10.0,9.0,9.0,9.0,8.0,8.0,8.0,7.0,7.0,7.0,6.0,6.0,6.0,6.0,6.0,5.09902,5.09902,5.09902,5.09902,5.09902,5.09902,5.09902,4.12311,4.12311,4.12311,4.12311,4.12311,4.12311,4.12311,4.12311,4.12311,4.12311,3.16228,3.16228,3.16228,4.12311,3.16228,3.16228,3.16228,4.12311,4.12311,3.16228,4.0,4.0,4.0,4.0,70.45566,66.27217,68.11755,63.07139,65.19202,61.0,60.03332,59.00847,54.03702,54.33231,50.24938,47.04253,46.04346,46.01087,42.04759,41.01219,43.01163,38.01316,37.0,36.01389,36.12478,33.37664,34.36568,29.06888,29.15476,29.42788,29.83287,29.73214,27.20294,26.24881,24.69818,26.57066,25.63201,23.76973,23.25941,25.94224,21.09502,22.47221,20.61553,19.72308,18.02776,18.86796,22.47221,20.12461,18.78829,21.09502,18.86796,22.82542,22.36068,19.31321,18.78829,22.13594,21.18962,18.38478,18.43909,20.61553,17.11724,39.56008,44.10215,45.01111,50.03998,48.83646,50.44799,51.92302,56.85948,56.79789,56.0803,60.20797,62.80127,67.42403,65.8559,70.00714,68.24954,70.0,68.24222,72.40166,72.00694,73.82412,78.54935,73.00685,73.05477,76.53757,73.97973,74.52516,75.50497,69.72087,74.43118,66.75328,68.35934,66.1211,66.27217,66.1211,64.38167,62.28965,61.52235,59.3043,62.16912,58.69412,56.08921,56.7186,58.46366,56.75385,61.81424,61.81424,58.94065,61.13101,60.87693,64.19502,65.14599,70.0928,66.48308,69.92138,69.857,67.08204
11.31371,10.63015,10.63015,10.63015,9.21954,9.21954,9.21954,7.81025,7.81025,7.81025,7.2111,7.07107,6.40312,6.40312,5.65685,5.65685,5.65685,5.65685,5.65685,5.0,5.0,5.0,5.0,4.47214,4.47214,3.60555,4.47214,3.16228,3.16228,3.16228,3.16228,3.16228,3.16228,3.16228,3.16228,3.16228,3.16228,3.16228,3.16228,3.16228,3.16228,3.16228,3.16228,3.16228,3.16228,3.16228,3.16228,3.16228,2.23607,2.23607,2.82843,2.82843,65.0,63.60031,62.80127,63.51378,66.28725,56.60389,55.56978,56.82429,51.47815,51.47815,51.97115,46.06517,46.52956,45.61798,45.17743,42.19005,40.31129,37.12142,35.0,34.98571,32.44996,30.23243,29.0,28.6007,25.4951,27.58623,26.1725,29.0,26.1725,21.93171,24.75884,26.1725,23.43075,20.61553,21.93171,23.43075,21.63331,20.24846,20.61553,19.41649,21.09502,21.0238,20.12461,20.12461,19.72308,20.24846,22.36068,19.72308,18.86796,17.02939,18.60108,18.02776,20.24846,18.60108,17.69181,15.65248,18.02776,38.41875,42.42641,42.80187,46.64762,46.52956,47.92703,49.0408,52.63079,55.7315,57.42822,57.03508,59.0,64.19502,64.28063,68.44706,67.05222,68.30813,73.73602,69.857,75.66373,72.06941,74.88658,71.61006,72.20111,72.24957,71.70077,72.18033,72.86288,70.00714,66.70832,65.43699,68.11755,66.21933,63.41136,65.60488,65.21503,60.60528,60.30755,58.89822,59.46427,57.38467,56.72742,58.72819,57.31492,57.28001,58.13777,56.56854,59.4138,60.81118,61.6198,63.03174,65.11528,66.46804,66.46804,67.17887,67.89698,70.72482
11.31371,10.63015,11.31371,9.89949,10.63015,9.21954,9.21954,9.21954,8.48528,7.81025,7.81025,7.07107,7.07107,7.07107,6.40312,6.40312,6.40312,5.65685,5.0,5.0,5.0,5.0,5.0,4.47214,4.47214,4.47214,4.47214,4.47214,4.47214,4.47214,4.12311,4.12311,4.12311,4.47214,4.12311,4.12311,4.12311,4.12311,4.12311,4.12311,4.12311,4.12311,4.12311,3.16228,4.12311,3.16228,3.16228,3.60555,3.60555,3.60555,3.60555,2.82843,70.29225,69.52697,69.35416,65.11528,62.93648,62.96825,57.31492,60.1415,53.07542,53.8145,51.08816,48.10405,45.96738,43.41659,42.44997,41.23106,42.52058,37.64306,36.12478,38.8973,30.61046,32.52691,32.55764,29.73214,31.14482,27.80288,27.80288,28.01785,25.80698,24.69818,25.05993,28.30194,23.02173,23.70654,25.05993,23.85372,22.82542,22.84732,21.09502,22.47221,19.69772,20.24846,20.12461,21.0238,21.0238,19.23538,21.63331,19.92486,21.93171,19.69772,21.0238,21.0238,17.88854,16.12452,16.97056,21.2132,19.84943,40.02499,46.23851,47.42362,47.16991,49.67897,50.20956,51.66237,54.81788,57.68882,54.3783,59.5063,63.69458,65.19202,65.96969,68.44706,69.58448,74.33034,70.02857,75.10659,74.43118,74.96666,76.48529,76.40026,73.68175,74.84651,71.86793,70.68239,76.48529,65.76473,76.15773,67.74216,68.50547,69.33974,67.41662,66.28725,65.19202,62.76942,58.00862,60.74537,57.98276,62.96825,57.80138,59.16925,58.66856,59.5399,54.58938,57.80138,61.84658,64.88451,62.16912,61.29437,67.08204,68.09552,68.42514,69.46222,72.20111,67.41662
11.0,11.0,10.04988,10.04988,9.05539,9.05539,9.05539,8.06226,8.06226,7.07107,7.07107,7.0,7.0,6.0,6.0,6.0,6.08276,5.0,6.08276,5.0,5.09902,5.09902,4.12311,4.12311,4.12311,4.12311,4.12311,3.16228,4.12311,4.47214,3.16228,3.60555,3.16228,3.16228,3.60555,3.16228,3.60555,3.60555,3.60555,3.16228,3.60555,3.60555,3.60555,3.60555,3.60555,3.16228,3.16228,3.16228,3.16228,3.16228,3.0,3.0,68.11755,63.00794,67.00746,64.00781,61.20457,59.4138,53.08484,57.21888,53.03772,53.33854,50.15974,47.51842,47.38143,43.41659,40.60788,40.4475,38.20995,35.35534,38.32754,32.01562,35.12834,30.01666,31.06445,31.14482,30.01666,29.15476,23.02173,28.86174,24.5153,24.5153,25.31798,25.4951,25.0,24.5153,23.76973,23.76973,22.47221,21.54066,21.54066,21.47091,21.93171,18.78829,18.68154,19.69772,18.02776,18.97367,19.64688,18.68154,20.12461,17.26268,19.31321,20.61553,20.61553,19.10497,22.0,19.0263,18.11077,39.0,44.92215,46.52956,50.03998,49.16299,49.49747,52.95281,54.81788,56.61272,56.46238,58.59181,64.14047,62.80127,66.70832,65.76473,65.79514,69.52697,69.02898,73.81734,70.45566,71.19691,74.30343,74.09453,74.63243,75.43209,70.0928,70.85901,75.50497,71.02112,71.02112,67.74216,68.35934,65.37584,66.75328,64.07027,60.40695,59.21149,56.32051,60.13319,60.29925,58.69412,56.7186,57.70615,59.84146,56.29387,56.29387,57.48913,61.40033,60.44005,64.32729,65.51336,65.30697,68.44706,68.44706,67.46851,73.97973,69.2315
11.6619,11.6619,10.81665,11.18034,10.29563,10.29563,8.94427,8.94427,8.94427,8.06226,8.06226,8.06226,7.61577,6.7082,6.7082,6.7082,5.83095,5.83095,5.83095,5.83095,5.0,5.0,5.0,5.0,5.0,5.0,4.24264,4.24264,4.24264,4.24264,4.24264,3.60555,3.60555,3.60555,4.24264,3.60555,3.60555,3.60555,3.60555,3.60555,3.60555,3.60555,3.60555,3.60555,3.60555,3.60555,4.24264,4.24264,3.60555,3.60555,3.60555,3.60555,72.56032,68.0,67.60178,66.70832,67.97794,64.84597,59.09315,62.39391,52.55473,51.62364,49.98,47.53946,45.88028,45.22168,41.78516,44.72136,41.62932,38.01316,39.81206,36.23534,38.47077,34.43835,34.1321,34.1321,26.83282,29.06888,28.01785,25.6125,26.90725,24.75884,26.1725,24.75884,24.20744,23.34524,25.0,21.93171,22.67157,24.75884,19.84943,23.43075,20.24846,18.02776,19.72308,22.02272,20.61553,23.32381,24.41311,19.41649,23.60085,18.86796,20.51828,21.26029,19.20937,20.0,19.72308,19.41649,20.59126,43.13931,46.40043,46.14109,50.08992,52.88667,50.44799,56.4358,55.57877,58.0,61.07373,64.12488,66.37017,67.89698,68.44706,73.05477,72.44998,76.05919,73.00685,76.66159,76.6094,76.6942,79.30952,78.56844,77.15569,75.69016,79.93122,77.33693,76.6942,72.42237,74.4043,68.7968,72.71864,68.96376,64.00781,69.77105,64.49806,61.77378,60.74537,59.36329,61.03278,64.40497,59.40539,64.81512,61.84658,59.03389,63.70243,58.60034,63.89053,62.482,65.94695,68.593,67.89698,70.29225,66.6033,69.35416,71.21798,75.0
11.7047,10.77033,10.77033,9.84886,9.84886,9.84886,8.94427,8.94427,8.544,7.61577,7.61577,7.61577,7.61577,6.32456,6.32456,6.32456,6.32456,6.08276,5.09902,5.09902,5.09902,5.09902,5.09902,5.0,5.0,5.0,5.0,5.0,5.0,4.0,4.0,4.0,4.0,4.0,4.12311,4.12311,4.12311,4.12311,4.12311,4.12311,4.12311,4.12311,4.12311,4.12311,4.12311,4.12311,4.0,4.0,4.0,4.0,4.0,4.12311,72.49828,71.17584,64.40497,70.26379,67.97794,60.90156,60.41523,59.90826,56.93856,52.69725,54.70832,50.24938,48.37355,46.14109,42.05948,42.48529,38.94868,38.94868,35.8469,36.76955,34.0,34.43835,32.89377,31.01612,29.96665,28.16026,26.4764,28.16026,27.45906,25.07987,25.07987,28.28427,24.33105,24.02082,25.07987,21.0238,23.19483,24.02082,22.0,22.36068,22.02272,23.0,23.02173,23.0,18.02776,23.08679,20.02498,20.22375,21.0238,21.0238,21.0,20.0,23.19483,21.09502,19.64688,21.18962,23.08679,41.4367,44.59821,47.92703,49.24429,53.25411,50.80354,54.67175,57.28001,59.66574,61.61169,62.1289,64.49806,68.8767,69.857,68.94926,70.60453,73.24616,75.13322,71.25307,77.05842,75.02666,79.30952,78.23043,75.80237,76.11833,77.46612,76.92204,73.76313,76.2168,69.26038,71.7844,68.54196,66.30988,64.88451,66.70832,64.88451,64.4748,62.96825,60.16644,61.03278,60.40695,59.77458,59.13544,64.7611,56.04463,58.82176,61.61169,60.82763,61.61169,64.03124,62.16912,68.06614,67.91171,67.91171,70.83078,72.53275,73.37575
10.19804,10.19804,10.19804,10.04988,9.05539,9.05539,8.06226,8.06226,8.06226,7.07107,7.07107,6.08276,6.08276,6.08276,6.08276,5.09902,5.38516,5.09902,4.47214,4.47214,4.47214,4.47214,4.47214,4.47214,3.60555,3.60555,3.60555,4.24264,3.60555,4.24264,4.24264,3.60555,3.60555,3.60555,3.60555,2.82843,3.60555,3.60555,2.82843,3.60555,3.60555,3.60555,3.60555,3.60555,2.82843,3.60555,3.60555,2.82843,3.60555,3.60555,3.60555,3.16228,70.61161,68.88396,63.95311,64.77654,63.28507,61.29437,59.3043,56.0803,53.15073,50.0,51.0392,47.04253,46.09772,43.0,41.04875,39.05125,38.01316,36.12478,35.01428,33.13608,34.23449,31.57531,25.70992,28.16026,26.68333,27.51363,26.40076,24.04163,22.56103,25.05993,22.13594,22.82542,24.69818,21.63331,21.9545,22.2036,18.86796,18.78829,18.86796,19.79899,24.08319,20.80865,20.80865,17.80449,19.41649,20.61553,18.43909,18.86796,18.43909,20.61553,19.41649,19.72308,18.02776,19.23538,19.31321,19.41649,20.22375,42.48529,42.72002,45.89118,45.39824,48.0,51.08816,52.34501,50.9902,56.32051,56.61272,61.32699,64.49806,64.49806,67.1193,67.20119,67.94115,71.50524,71.58911,74.51845,74.4043,74.88658,76.32169,75.17978,75.23962,74.0,76.55064,70.5195,72.12489,70.60453,68.65858,69.12308,67.46851,66.70832,65.11528,64.13267,61.98387,62.36986,57.87055,57.87055,58.0517,58.46366,57.72348,55.7853,57.87055,58.5235,58.60034,56.30275,61.46544,60.83584,62.96825,59.46427,64.19502,66.7308,64.07808,66.40783,70.5195,71.7844
11.40175,10.44031,10.44031,9.48683,9.48683,9.48683,8.544,8.24621,8.24621,7.28011,7.28011,6.32456,6.32456,6.32456,6.32456,6.08276,6.08276,5.09902,5.09902,5.09902,5.0,4.0,4.0,4.0,4.0,4.0,4.12311,4.12311,4.12311,4.12311,4.12311,3.16228,3.16228,3.16228,3.16228,3.16228,3.16228,3.16228,3.16228,3.16228,3.16228,3.16228,3.16228,3.16228,3.16228,3.16228,3.16228,3.16228,3.0,3.0,3.0,3.0,66.18912,66.00758,64.12488,62.00806,66.0303,56.22277,61.03278,57.31492,55.3263,50.48762,48.09366,46.17359,45.27693,45.54119,41.7732,39.45884,37.33631,34.1321,33.13608,34.1321,28.07134,30.0,27.01851,29.27456,27.16616,27.01851,28.28427,24.08319,25.4951,23.08679,22.36068,21.84033,25.0,25.29822,19.23538,20.61553,23.76973,20.12461,21.54066,23.25941,21.9545,19.31321,18.97367,16.76305,17.88854,18.86796,20.24846,21.54066,17.49286,18.78829,20.59126,18.78829,19.69772,17.46425,17.26268,19.23538,19.0263,42.95346,41.48494,46.52956,47.09565,51.08816,49.16299,53.75872,54.57105,59.48109,60.00833,60.53924,62.76942,64.07027,66.70832,65.11528,72.86288,71.44928,73.00685,69.06519,75.47185,72.47068,76.53757,78.0,75.39231,74.04053,76.15773,70.83078,70.61161,73.34848,67.36468,68.88396,64.38167,67.26812,67.18631,65.49046,60.29925,65.06919,61.13101,61.07373,60.07495,55.44367,60.01666,57.55867,61.39218,52.61179,60.72891,60.20797,62.58594,60.44005,63.56099,62.0967,62.0967,63.60031,67.26812,68.44706,62.514,73.34848
12.36932,11.40175,11.40175,10.44031,10.44031,9.48683,9.48683,9.21954,9.21954,8.544,8.24621,8.24621,7.28011,7.28011,6.08276,7.28011,6.08276,6.08276,6.08276,6.0,5.0,5.0,5.0,5.0,5.0,5.0,5.09902,5.09902,4.12311,4.12311,4.12311,4.12311,4.12311,4.12311,4.12311,4.12311,4.12311,4.12311,4.47214,4.47214,4.12311,4.12311,4.12311,4.12311,4.12311,4.12311,4.12311,4.12311,4.12311,4.0,4.0,4.0,72.99315,66.94027,71.58911,64.03124,62.8172,60.72891,60.40695,56.30275,52.92447,53.75872,50.59644,49.64877,47.80167,45.31004,43.65776,43.41659,40.31129,37.0,38.8973,34.20526,32.55764,29.61419,31.57531,25.4951,28.44293,27.07397,27.01851,27.01851,26.01922,25.31798,24.33105,26.1725,24.18677,23.34524,20.39608,20.22375,20.61553,22.56103,19.64688,21.18962,20.61553,19.41649,18.38478,19.92486,23.4094,21.54066,19.69772,20.39608,21.37756,20.88061,21.84033,20.39608,23.19483,21.37756,22.02272,21.0238,23.19483,42.04759,47.67599,46.09772,51.5461,50.9902,54.20332,54.91812,54.03702,58.79626,59.4138,63.89053,63.25346,66.0303,71.19691,73.3553,68.44706,74.67262,68.96376,75.0,76.29548,75.66373,76.65507,74.10803,76.0,74.0,76.05919,75.10659,77.92946,71.02112,74.73286,66.28725,68.44706,69.63476,66.91039,65.51336,64.53681,62.96825,60.41523,60.87693,59.03389,62.64982,57.70615,57.31492,57.31492,58.21512,60.20797,59.00847,57.0,61.20457,61.03278,64.03124,71.00704,71.11259,65.00769,70.17834,71.06335,70.25667
10.04988,10.04988,10.04988,9.21954,9.21954,9.21954,8.24621,8.24621,7.28011,7.28011,7.28011,7.07107,6.32456,6.08276,5.09902,5.09902,5.09902,5.09902,5.09902,4.0,4.0,4.0,4.0,4.0,4.0,4.0,3.0,3.16228,3.16228,3.0,3.16228,3.16228,3.16228,3.16228,3.16228,3.16228,3.16228,3.16228,2.23607,2.23607,3.16228,2.23607,2.23607,3.16228,2.23607,3.16228,3.0,3.0,3.0,3.0,3.0,3.16228,69.02898,66.06815,68.02941,63.28507,65.27634,59.3043,60.67125,56.88585,52.95281,50.01,50.01,48.05206,47.07441,42.75512,38.32754,38.07887,39.05125,33.54102,32.38827,33.06055,33.24154,30.01666,31.01612,27.0,27.07397,27.01851,27.01851,23.19483,22.09072,24.08319,23.34524,24.5153,22.2036,22.80351,20.61553,19.64688,22.13594,20.59126,21.0238,19.64688,21.18962,18.38478,16.76305,18.35756,16.12452,17.88854,18.02776,17.88854,18.35756,19.31321,18.02776,20.61553,18.02776,19.23538,19.41649,19.10497,17.0,41.97618,44.01136,47.16991,46.87217,52.17279,50.59644,53.22593,55.56978,57.98276,59.81639,63.12686,61.52235,62.24147,67.47592,69.81404,70.45566,72.20111,73.82412,72.91776,72.44998,73.68175,76.92204,77.12976,77.27872,74.24284,75.32596,76.23647,77.31753,70.06426,72.00694,69.00725,68.06614,68.18358,67.06713,66.06815,67.18631,63.07139,61.07373,58.00862,61.0082,59.0,57.00877,56.0803,60.03332,57.07889,60.13319,57.42822,59.21149,61.40033,64.49806,62.28965,64.93843,64.62971,65.62012,68.46897,67.60178,68.26419
10.77033,10.44031,10.77033,9.84886,9.84886,8.544,8.544,7.61577,7.61577,7.61577,6.7082,6.7082,6.32456,5.38516,5.38516,5.38516,5.09902,5.09902,4.12311,4.12311,4.12311,4.12311,4.0,4.0,4.0,4.0,4.0,4.0,3.0,3.16228,3.16228,3.16228,3.16228,3.16228,3.16228,3.16228,3.16228,3.16228,3.16228,3.16228,3.16228,3.16228,3.16228,3.16228,3.16228,3.16228,3.16228,3.16228,3.0,3.0,3.0,3.0,69.26038,66.48308,66.75328,66.09841,61.81424,61.0,59.03389,57.97413,53.60037,51.86521,48.38388,47.53946,46.32494,44.27189,41.78516,42.72002,40.02499,37.85499,32.75668,33.73426,34.05877,31.40064,30.01666,28.07134,27.16616,26.07681,27.16616,28.01785,22.09072,23.34524,21.37756,24.18677,21.2132,23.08679,23.08679,19.64688,23.4094,19.64688,20.24846,23.76973,18.38478,20.61553,19.92486,18.78829,20.59126,17.46425,18.02776,18.78829,17.88854,18.35756,19.23538,20.24846,18.43909,21.37756,17.02939,18.02776,20.02498,42.0119,45.01111,46.69047,49.0408,51.5461,52.3259,51.97115,56.85948,58.00862,58.69412,62.93648,65.19202,66.06815,68.00735,72.40166,71.19691,75.23962,74.09453,76.55064,78.58753,77.87811,77.87811,76.53104,77.16217,77.05842,79.00633,77.10383,73.10951,72.1734,74.16873,70.45566,69.26038,67.36468,66.75328,67.60178,62.96825,63.78871,61.40033,61.52235,59.4138,60.53098,59.03389,60.00833,60.00833,56.00893,61.13101,61.07373,61.03278,66.18912,63.07139,62.1289,65.37584,68.0,68.02941,69.0,72.06247,68.11755
11.7047,10.77033,10.77033,9.84886,9.84886,8.94427,9.84886,8.544,7.61577,7.61577,7.61577,6.7082,6.7082,6.7082,5.38516,6.32456,5.38516,5.38516,5.38516,4.12311,4.12311,4.12311,4.12311,4.12311,4.12311,4.12311,3.0,3.0,3.0,3.0,3.0,3.0,3.0,3.0,3.0,3.0,3.0,3.0,3.0,3.0,3.0,3.16228,3.0,3.0,3.0,3.0,3.0,3.0,3.0,3.0,3.16228,3.16228,70.61161,65.51336,67.68309,65.52099,64.56005,56.61272,56.921,58.18935,54.78138,51.5461,49.0408,49.24429,47.12749,42.72002,42.72002,40.8534,36.76955,36.05551,33.83785,32.28002,33.52611,31.95309,29.42788,27.20294,26.68333,26.4764,25.17936,24.18677,24.5153,25.01999,22.0,22.0,21.0238,17.02939,19.0263,20.22375,19.0263,17.11724,19.10497,16.76305,16.27882,19.23538,18.68154,16.76305,18.24829,18.97367,18.68154,17.11724,19.10497,20.22375,18.11077,19.0263,17.46425,18.02776,20.09975,18.11077,19.64688,40.11234,44.04543,46.52956,48.50773,49.98,53.31041,51.47815,56.0357,57.62812,59.66574,63.65532,63.03174,68.68042,66.61081,68.50547,72.94518,74.30343,74.46476,78.1089,74.95332,77.66595,77.64664,77.52419,77.31753,77.05842,79.05694,78.00641,76.1643,76.23647,74.33034,70.34913,69.46222,66.28725,70.21396,69.42622,67.26812,62.96825,61.66036,63.78871,60.53098,57.70615,61.29437,62.20129,58.07753,58.07753,57.07889,61.07373,62.00806,60.20797,63.00794,62.0,68.0,68.02941,68.00735,71.00704,73.17103,71.17584
10.44031,10.44031,10.44031,9.48683,9.21954,8.24621,8.24621,8.24621,7.28011,7.28011,7.28011,6.32456,6.32456,6.32456,5.38516,5.38516,5.38516,4.47214,4.47214,4.47214,4.47214,4.47214,5.0,4.24264,4.24264,4.24264,4.24264,4.24264,3.60555,3.60555,3.60555,3.60555,3.60555,3.60555,3.60555,3.60555,3.60555,3.60555,3.60555,3.16228,3.60555,3.60555,3.60555,3.60555,3.60555,3.60555,3.60555,3.60555,3.60555,2.82843,2.82843,2.82843,74.1485,66.91039,66.91039,64.28063,63.50591,65.27634,61.29437,59.13544,51.08816,50.03998,48.09366,45.17743,46.01087,43.01163,40.0125,40.04997,42.0,37.33631,34.0147,32.24903,31.40064,30.41381,31.04835,26.68333,26.30589,23.5372,23.08679,24.16609,23.4094,23.70654,22.82542,24.18677,20.61553,18.78829,24.69818,23.02173,20.12461,19.84943,21.63331,19.10497,18.78829,18.60108,19.84943,19.72308,18.38478,16.97056,20.61553,20.51828,16.40122,17.80449,19.10497,21.26029,19.20937,19.72308,20.59126,19.69772,19.92486,41.4367,43.17407,46.17359,49.0102,51.08816,50.63596,53.60037,54.81788,58.5235,58.18075,60.53924,64.3506,67.20119,68.76772,71.58911,70.03571,73.0,73.24616,73.23933,74.62573,75.47185,79.64923,78.79086,74.67262,77.88453,76.844,74.46476,75.50497,71.06335,72.78049,68.06614,67.08204,66.91039,65.62012,64.38167,61.81424,63.95311,60.53098,61.52235,62.80127,61.39218,56.08921,58.94065,64.19502,57.72348,58.24946,59.48109,60.74537,62.62587,62.62587,62.29767,64.51356,66.40783,62.62587,70.0928,70.34202,71.56815
12.04159,11.04536,11.04536,10.19804,10.19804,9.21954,9.21954,9.05539,9.21954,8.24621,8.06226,8.06226,7.07107,7.07107,7.07107,7.07107,6.08276,6.08276,6.0,5.0,5.09902,5.0,5.0,5.0,5.0,4.0,4.12311,4.12311,4.12311,4.12311,4.12311,4.12311,4.12311,4.12311,4.12311,4.12311,4.12311,4.12311,3.16228,3.16228,4.12311,4.12311,4.12311,3.16228,4.12311,4.12311,4.12311,4.12311,4.12311,4.0,4.0,4.0,71.56815,68.18358,68.35934,64.00781,65.06919,62.00806,60.03332,58.21512,54.03702,53.15073,48.25971,49.0102,47.09565,48.09366,43.18565,42.0,40.11234,37.12142,36.01389,34.0147,33.06055,32.06244,30.01666,29.0,28.16026,26.4764,26.4764,25.96151,25.4951,21.84033,25.29822,23.4094,21.93171,23.08679,24.16609,21.18962,23.02173,20.12461,22.82542,21.63331,21.09502,18.35756,19.41649,19.23538,21.63331,18.86796,21.63331,20.0,18.86796,20.59126,19.20937,19.69772,19.23538,21.18962,20.88061,19.64688,21.37756,44.91102,46.52956,50.01,53.23533,48.50773,54.40588,55.36244,58.30952,59.23681,63.13478,62.96825,67.80118,69.02898,70.72482,72.83543,74.65253,77.62087,74.88658,77.69813,76.94154,77.82673,80.11242,80.77747,79.69944,78.84795,78.33901,77.46612,75.80237,73.68175,75.66373,68.593,72.24957,68.06614,69.18092,68.35934,66.27217,64.19502,62.39391,62.20129,60.20797,61.66036,61.98387,58.69412,59.90826,58.46366,57.72348,61.40033,63.24555,64.84597,65.0,67.91171,67.72001,72.12489,66.94027,69.857,76.15773,75.13322
12.64911,11.7047,10.77033,11.40175,10.44031,10.44031,9.48683,9.48683,9.48683,8.24621,8.24621,8.544,7.28011,7.28011,7.61577,6.7082,6.7082,6.32456,5.83095,5.83095,5.38516,5.38516,5.0,5.0,5.0,5.0,5.0,5.0,5.0,4.24264,4.24264,4.24264,4.24264,4.24264,4.24264,4.24264,4.24264,4.24264,4.24264,4.24264,4.24264,4.24264,4.24264,4.24264,4.24264,4.24264,4.24264,4.24264,4.24264,4.24264,4.47214,4.47214,70.83078,64.53681,69.2315,63.63961,62.64982,63.63961,56.14268,58.42089,50.08992,54.03702,52.08647,47.38143,47.09565,43.04649,41.04875,41.04875,38.11824,38.20995,36.34556,32.14032,35.51056,29.83287,30.08322,27.65863,25.17936,22.56103,24.04163,27.85678,25.94224,20.61553,23.76973,21.9545,21.63331,24.20744,22.80351,21.09502,20.24846,20.61553,22.80351,18.43909,19.41649,20.61553,20.51828,20.61553,23.34524,19.20937,21.63331,20.51828,20.0,20.61553,19.72308,19.23538,21.0238,21.54066,18.78829,19.23538,21.37756,42.19005,46.23851,44.14748,51.47815,47.16991,52.08647,54.14795,56.7186,57.07013,58.24088,61.68468,63.15853,63.95311,69.46222,71.56116,68.24954,75.16648,70.71068,75.74299,74.33034,73.87828,75.16648,76.00658,75.29276,75.15318,75.76939,75.39231,75.76939,67.35726,73.08215,68.00735,69.37579,67.18631,67.44627,65.52099,60.87693,60.20797,59.66574,58.24946,58.69412,61.98387,55.36244,61.03278,60.16644,59.80803,58.60034,57.38467,59.61543,61.32699,63.07139,60.92618,66.70832,68.35203,63.69458,68.70953,69.28925,69.26038
11.18034,10.19804,10.19804,9.21954,9.21954,8.24621,8.24621,8.24621,7.28011,7.28011,7.28011,6.32456,6.32456,6.08276,5.09902,5.09902,5.09902,5.09902,4.0,4.0,4.0,4.0,4.0,4.12311,4.0,3.16228,3.16228,4.12311,3.16228,3.16228,3.16228,3.16228,3.16228,3.16228,3.16228,3.16228,3.16228,3.16228,3.16228,3.16228,3.16228,3.16228,3.16228,3.16228,3.16228,3.16228,3.16228,3.16228,3.16228,3.0,3.0,3.0,70.83078,65.96969,65.96969,60.40695,63.56886,59.80803,56.921,55.02727,54.78138,49.65884,46.8188,47.92703,42.95346,47.01064,40.8534,39.56008,36.40055,33.61547,30.67572,34.78505,32.75668,31.38471,27.85678,23.4094,24.5153,26.30589,24.5153,26.30589,25.01999,20.02498,21.0,23.0,21.0238,22.02272,23.0,21.2132,21.37756,20.22375,19.23538,18.68154,21.09502,19.64688,21.18962,22.13594,17.26268,19.23538,20.61553,20.61553,19.10497,19.64688,21.0238,21.09502,20.09975,19.0,18.11077,21.37756,18.97367,41.19466,45.27693,46.87217,47.43416,47.42362,48.76474,51.31277,55.80323,59.66574,60.10824,58.72819,63.41136,63.89053,64.40497,65.0,69.77822,70.38466,72.44998,73.76313,73.5459,76.65507,75.66373,74.33034,76.10519,73.02739,75.10659,71.44928,71.56815,73.97973,69.87131,68.24954,66.4906,66.70832,65.96969,64.28841,62.0967,63.06346,60.01666,57.27128,59.84146,57.07013,59.03389,54.74486,58.42089,55.3263,57.42822,56.4358,60.20797,61.52235,65.12296,63.03174,63.1981,63.12686,68.35934,68.18358,67.60178,68.06614
11.18034,10.19804,10.19804,9.48683,9.48683,8.544,8.24621,8.24621,7.28011,7.28011,7.28011,7.28011,6.32456,6.32456,6.32456,6.08276,5.09902,5.09902,5.09902,5.0,4.12311,4.0,4.0,4.0,4.0,4.12311,4.12311,4.12311,3.16228,4.12311,3.16228,3.16228,3.16228,3.16228,3.16228,3.16228,3.16228,3.16228,3.16228,3.60555,3.60555,3.16228,3.16228,3.16228,3.16228,3.16228,3.16228,3.16228,3.16228,3.0,3.0,3.0,65.51336,69.37579,62.64184,65.14599,64.2573,55.15433,57.58472,54.42426,55.54278,48.46648,45.69464,45.69464,45.69464,44.72136,41.18252,39.92493,36.24914,34.17601,32.31099,33.24154,33.24154,30.36445,26.92582,26.68333,24.5153,25.4951,26.1725,26.1725,26.0,23.34524,25.17936,23.0,22.09072,23.19483,20.22375,21.0238,20.02498,21.2132,17.11724,19.23538,20.22375,20.88061,22.02272,16.12452,20.09975,21.37756,17.46425,21.58703,20.39608,20.39608,21.0238,21.09502,20.02498,20.02498,18.11077,18.43909,18.02776,42.29657,41.19466,47.67599,48.27007,49.76947,48.33218,51.47815,54.6443,56.61272,60.87693,60.82763,63.25346,65.29931,67.42403,68.60029,70.66116,70.77429,73.38937,71.8401,71.80529,71.58911,77.92946,78.31347,73.02739,75.02666,74.06079,73.33485,69.35416,73.97973,67.47592,71.02112,65.76473,66.4906,64.13267,64.32729,61.39218,65.25335,59.43904,58.69412,59.03389,57.07013,61.52235,56.56854,62.64982,53.46027,58.54912,61.20457,59.13544,62.07254,64.12488,62.1289,65.12296,65.27634,68.26419,66.48308,66.61081,68.593
10.44031,10.44031,9.84886,9.84886,8.94427,8.94427,8.544,8.06226,7.61577,7.61577,6.7082,6.7082,6.7082,5.83095,5.38516,5.38516,5.38516,5.38516,4.12311,4.12311,4.12311,4.12311,4.12311,3.16228,4.12311,4.12311,3.0,3.0,3.0,3.0,3.0,3.0,3.0,3.0,3.0,3.0,3.0,3.0,3.16228,3.0,3.0,3.0,3.0,3.0,3.0,3.0,3.0,3.0,3.16228,3.16228,3.16228,3.16228,69.92138,66.7308,64.84597,65.19202,64.62198,62.64982,59.9333,58.13777,49.65884,50.53712,49.64877,45.17743,45.18849,41.14608,42.94182,36.67424,38.01316,35.1141,33.10589,30.67572,31.01612,28.79236,27.51363,25.96151,27.29469,25.0,22.36068,23.76973,22.2036,23.08679,25.01999,23.19483,18.11077,21.0,21.09502,23.0,18.11077,21.0,17.02939,22.36068,19.0263,21.0238,15.13275,18.43909,20.39608,21.37756,20.39608,20.39608,21.37756,18.11077,20.02498,17.11724,23.0,17.11724,19.10497,19.23538,17.88854,43.41659,46.09772,46.09772,48.30114,50.47772,52.20153,53.90733,55.15433,58.89822,57.80138,60.74537,63.28507,65.36819,70.00714,75.39231,71.16881,73.4983,71.80529,72.36712,73.24616,74.06079,79.0,74.00676,74.67262,74.1485,75.95393,75.31268,75.18643,72.27724,73.24616,69.64194,69.92138,68.30813,64.56005,65.45991,63.60031,60.40695,61.46544,60.16644,60.87693,60.87693,56.04463,58.94065,57.27128,55.9017,60.40695,60.01666,61.52235,62.80127,61.18823,62.64982,65.76473,70.85901,63.50591,69.87131,72.18033,69.63476
12.04159,12.04159,11.40175,10.63015,10.63015,9.89949,9.89949,9.21954,9.21954,8.48528,8.48528,8.48528,7.81025,7.07107,7.07107,7.07107,6.40312,6.40312,6.40312,5.83095,5.65685,5.83095,5.0,5.0,5.0,4.47214,4.47214,4.47214,4.47214,4.47214,4.47214,4.47214,4.47214,4.47214,4.12311,4.12311,4.12311,4.47214,4.12311,4.47214,4.12311,4.47214,4.47214,4.47214,4.47214,4.47214,4.47214,4.47214,4.47214,4.24264,4.24264,4.24264,69.63476,70.72482,70.21396,68.11755,64.66065,61.6198,60.20797,60.959,53.90733,50.93133,52.3259,49.49747,49.57822,48.08326,44.55334,41.10961,39.62323,36.12478,36.23534,37.80212,37.01351,32.52691,31.14482,28.30194,26.62705,28.01785,27.80288,24.16609,26.41969,25.4951,27.313,21.93171,21.18962,23.76973,22.13594,21.18962,23.4094,23.34524,21.2132,21.18962,22.84732,18.11077,22.80351,23.08679,22.56103,22.36068,20.61553,21.37756,23.08679,19.92486,19.69772,21.47091,24.59675,22.47221,22.47221,20.0,19.20937,43.68066,45.88028,45.61798,54.08327,53.82379,54.48853,55.17246,55.0,60.21628,62.1289,65.36819,66.30988,67.23095,69.26038,74.46476,73.97973,76.65507,75.05998,76.00658,77.23341,74.54529,79.07591,75.70997,77.66595,79.40403,78.44743,78.77182,76.55064,74.32362,74.24958,69.31811,69.31811,71.19691,65.8635,69.97142,66.24198,62.43397,59.05929,60.53924,60.82763,62.16912,59.61543,60.41523,61.26989,59.9333,62.17717,61.7414,62.03225,63.15853,64.62198,64.07808,67.6757,68.44706,68.54196,72.01389,75.23962,69.83552
11.18034,10.81665,10.29563,10.0,9.43398,9.43398,8.60233,8.60233,8.60233,7.81025,7.81025,7.2111,6.40312,6.40312,6.40312,6.40312,5.83095,5.0,4.47214,5.0,4.47214,4.47214,4.47214,4.47214,3.60555,4.12311,4.12311,3.16228,3.16228,3.16228,3.16228,3.16228,3.0,3.16228,3.16228,3.16228,3.0,3.0,3.0,3.0,3.16228,3.16228,3.16228,3.16228,3.16228,3.16228,3.16228,3.16228,3.16228,3.60555,3.60555,2.82843,69.28925,65.55151,66.12866,65.30697,64.84597,63.13478,60.82763,58.18075,55.9464,53.33854,53.66563,46.64762,46.64762,43.01163,43.56604,41.04875,37.73592,36.89173,35.22783,30.41381,33.61547,33.12099,29.15476,28.4605,27.73085,25.63201,26.24881,23.34524,22.56103,23.5372,25.31798,23.19483,22.2036,21.2132,20.02498,22.02272,23.02173,18.0,20.0,22.0,19.0,17.0,21.09502,19.0263,17.02939,18.02776,20.02498,21.0238,20.0,20.0,20.02498,21.58703,21.0,18.43909,20.88061,16.15549,19.23538,40.31129,44.14748,47.12749,50.08992,49.92995,51.0392,55.44367,54.45181,58.72819,60.80296,61.85467,65.0,67.23095,67.62396,72.44998,72.44998,74.33034,75.50497,76.94154,78.51751,78.02564,77.10383,74.10803,80.399,77.27872,79.9062,75.13322,75.43209,73.00685,72.03471,70.34202,73.68175,70.5195,67.05222,69.28925,67.41662,66.40783,63.89053,62.93648,62.29767,63.24555,59.66574,60.41523,61.61169,64.03124,56.29387,61.81424,64.62971,63.63961,65.9242,65.30697,68.06614,67.91171,68.06614,70.83078,70.61161,70.40597
11.6619,10.29563,10.81665,10.29563,9.84886,8.94427,8.94427,8.06226,7.61577,7.61577,8.06226,8.06226,6.7082,6.7082,6.7082,5.83095,5.83095,5.83095,5.83095,5.0,5.0,4.47214,5.0,5.0,4.24264,4.24264,4.24264,4.24264,2.82843,3.60555,3.60555,3.60555,3.16228,2.82843,3.60555,3.60555,3.60555,3.60555,3.60555,3.60555,3.60555,3.60555,3.60555,3.60555,2.82843,2.82843,3.60555,2.82843,2.82843,2.82843,3.60555,3.60555,73.00685,69.63476,68.24222,66.57327,68.26419,59.64059,59.05929,55.56978,54.70832,53.7122,53.33854,45.17743,45.17743,45.17743,39.44617,41.04875,43.82921,35.8469,35.51056,33.12099,32.20248,31.06445,29.20616,28.42534,26.62705,26.87006,24.04163,25.45584,24.04163,23.60085,23.43075,22.47221,21.9545,22.2036,21.0238,23.32381,22.13594,20.61553,18.38478,22.36068,19.69772,20.88061,21.18962,18.97367,20.24846,18.97367,20.61553,19.23538,17.49286,18.78829,21.47091,20.80865,19.23538,17.80449,18.38478,19.20937,17.02939,41.72529,44.20407,47.01064,49.65884,51.86521,53.16014,51.78803,56.7186,60.13319,58.00862,63.12686,64.77654,65.9242,70.40597,71.56815,75.89466,73.1642,75.23962,72.00694,79.92496,77.93587,83.60024,78.74643,73.66139,77.07788,77.15569,78.51751,74.51845,71.8401,72.00694,71.8401,68.8186,68.24222,68.24222,69.89278,67.42403,63.81222,61.29437,62.68174,61.61169,65.0,59.4138,61.07373,62.93648,57.48913,59.46427,62.28965,60.87693,63.78087,62.2254,63.78087,69.35416,70.72482,66.46804,71.44928,70.83784,70.03571
11.31371,11.31371,10.63015,10.63015,10.0,9.21954,9.21954,8.60233,8.60233,7.81025,7.81025,7.81025,7.07107,6.40312,6.40312,6.40312,5.65685,5.0,5.65685,5.0,5.0,5.0,4.47214,4.47214,4.47214,4.47214,4.47214,4.12311,4.12311,4.12311,4.12311,4.12311,4.12311,4.12311,4.12311,4.12311,4.12311,4.12311,4.0,4.0,4.0,4.12311,4.0,4.0,4.12311,4.12311,4.12311,4.12311,4.12311,3.16228,3.60555,3.60555,70.72482,69.2026,64.89992,63.63175,66.03787,58.30952,61.91123,56.79789,55.4617,49.73932,50.08992,46.95743,45.61798,42.94182,44.94441,41.67733,39.35734,39.11521,34.48188,32.80244,31.90611,30.23243,27.20294,28.6007,25.0,27.01851,25.45584,25.4951,21.2132,22.47221,20.24846,23.02173,20.80865,19.84943,22.36068,18.35756,22.36068,20.59126,17.0,22.36068,22.36068,22.47221,18.78829,20.24846,18.02776,19.69772,21.18962,19.23538,21.93171,21.09502,21.47091,21.40093,21.0238,20.24846,19.20937,20.51828,16.27882,44.55334,42.63801,47.16991,47.88528,49.0408,50.0,51.97115,55.44367,58.13777,60.0,61.0082,62.28965,67.36468,67.26812,68.00735,70.5195,70.00714,72.91776,68.42514,76.27582,75.21303,77.46612,75.0733,73.87828,73.5527,76.38063,74.41102,73.87828,72.47068,70.43437,71.02816,66.85058,70.17834,64.3506,66.37017,61.85467,61.29437,62.00806,57.00877,60.60528,60.80296,59.03389,58.25805,58.79626,55.15433,60.82763,58.0517,61.55485,60.87693,60.82763,62.2254,67.89698,67.20863,65.76473,68.593,68.76772,68.68042
10.77033,10.77033,9.48683,9.48683,9.48683,8.544,8.544,8.544,7.61577,7.28011,7.28011,7.28011,6.32456,6.32456,6.32456,5.38516,5.83095,4.47214,4.47214,5.0,5.0,5.0,4.24264,4.24264,4.24264,4.24264,4.24264,3.60555,3.60555,3.60555,3.60555,3.60555,3.60555,3.60555,3.60555,3.60555,3.60555,3.60555,3.60555,3.60555,3.60555,3.60555,3.60555,3.60555,3.60555,3.60555,3.60555,3.60555,3.60555,3.60555,2.82843,2.82843,68.02941,71.86793,68.70953,64.2573,59.77458,62.64184,59.77458,59.90826,52.88667,50.96077,49.0408,48.10405,45.22168,43.9659,41.97618,43.01163,37.10795,37.64306,35.73514,35.73514,34.17601,30.8707,33.83785,30.41381,26.0,25.94224,26.92582,26.83282,27.78489,24.83948,21.40093,22.62742,22.67157,25.4951,19.10497,21.93171,21.40093,22.67157,21.63331,20.80865,19.84943,20.61553,19.84943,18.86796,19.10497,20.51828,19.10497,22.2036,17.80449,19.84943,18.86796,19.79899,21.93171,20.51828,19.41649,18.35756,18.38478,42.63801,45.17743,45.17743,50.32892,51.41984,51.35173,52.23983,54.03702,56.0357,59.4138,62.58594,61.68468,65.14599,67.97794,70.26379,69.35416,74.43118,71.84706,75.0,71.21798,75.16648,74.96666,76.6942,77.80103,74.88658,76.00658,73.82412,75.66373,72.89719,72.89719,69.857,68.54196,68.44706,66.64083,68.44706,61.46544,60.16644,60.00833,58.18075,56.36488,58.59181,58.30952,59.94164,58.13777,61.40033,62.26556,55.75841,59.20304,60.21628,64.07027,62.96825,64.14047,67.41662,68.60029,66.88797,72.67049,69.35416
11.6619,11.18034,11.18034,10.77033,10.29563,9.84886,9.84886,8.94427,8.544,8.94427,7.61577,8.06226,7.61577,7.61577,6.7082,6.7082,5.83095,5.83095,5.83095,5.83095,5.0,5.0,5.0,5.65685,5.0,4.24264,4.24264,4.24264,4.24264,4.24264,4.24264,4.24264,4.24264,3.60555,4.24264,3.60555,3.60555,3.60555,3.60555,3.60555,3.60555,3.60555,3.60555,3.60555,4.24264,3.60555,4.24264,4.24264,4.24264,4.24264,3.60555,3.60555,67.95587,68.60029,68.60029,64.88451,63.06346,61.26989,61.7171,58.60034,55.00909,56.46238,50.9902,46.51881,47.42362,46.09772,44.38468,40.71855,42.54409,36.23534,36.67424,33.61547,34.0,34.88553,29.15476,26.62705,26.24881,26.62705,26.62705,24.08319,25.0,24.75884,24.20744,24.75884,21.26029,23.34524,22.80351,23.34524,21.93171,22.2036,22.02272,21.40093,18.60108,20.24846,20.0,20.61553,20.59126,22.47221,22.47221,21.09502,18.86796,20.24846,18.60108,20.80865,20.51828,21.2132,21.40093,20.80865,18.02776,38.94868,39.20459,46.87217,54.08327,49.76947,52.81098,57.72348,53.60037,51.78803,56.00893,65.00769,65.03076,69.72087,63.34824,65.51336,72.53275,77.83315,73.37575,73.82412,77.52419,77.69813,77.10383,77.23341,80.05623,74.33034,75.69016,75.00667,75.28612,72.62231,76.05919,66.4003,72.42237,70.21396,67.6757,69.63476,62.68174,64.07027,63.24555,59.36329,59.40539,61.40033,58.79626,60.44005,60.44005,60.30755,58.0,58.89822,63.63961,63.63961,63.65532,62.96825,68.593,67.20863,70.03571,70.17834,72.13876,72.34639
12.08305,11.7047,10.77033,11.40175,10.44031,9.48683,9.48683,9.48683,9.48683,8.544,8.544,8.544,7.28011,7.28011,7.28011,6.32456,6.32456,6.32456,5.38516,5.38516,5.38516,5.38516,5.38516,4.47214,4.47214,4.47214,4.47214,5.0,3.60555,4.24264,3.60555,3.60555,3.60555,3.60555,3.60555,4.24264,3.60555,2.82843,3.60555,3.60555,2.82843,3.60555,3.60555,3.60555,2.82843,3.60555,3.60555,3.60555,3.60555,3.60555,3.16228,4.12311,71.55418,69.35416,65.29931,61.84658,63.69458,57.93962,61.68468,59.48109,53.48832,49.0408,47.80167,49.0408,45.54119,45.22168,41.76123,39.56008,39.84972,39.21734,35.4683,33.61547,34.53983,33.24154,28.63564,29.96665,26.41969,24.59675,25.55386,27.29469,24.18677,22.47221,23.02173,21.40093,22.2036,20.0,18.43909,21.26029,20.51828,20.51828,21.93171,23.34524,18.02776,16.97056,18.43909,21.2132,20.80865,19.79899,19.10497,17.80449,15.55635,17.02939,19.79899,19.20937,19.84943,19.20937,20.0,18.78829,19.23538,41.7732,42.0119,45.79301,49.65884,48.70318,48.50773,51.1957,56.88585,55.22681,59.07622,60.03332,59.3043,67.89698,70.0928,71.56815,69.57011,72.61543,72.49828,72.06941,73.78347,72.40166,80.60397,77.33693,75.66373,77.15569,74.41102,76.6942,75.28612,73.60027,71.61006,68.8186,69.06519,65.19202,68.7968,64.89992,64.3506,64.66065,61.77378,62.76942,64.14047,60.21628,59.20304,56.60389,61.03278,58.25805,55.17246,59.4138,60.82763,64.38167,63.70243,61.7171,66.70832,69.02898,67.62396,70.80254,71.40028,72.94518
12.36932,12.36932,11.40175,11.40175,10.44031,10.19804,10.19804,9.21954,9.21954,8.24621,8.24621,8.24621,8.24621,7.28011,7.28011,7.28011,7.28011,6.32456,6.32456,5.38516,5.38516,5.38516,5.38516,5.83095,5.0,5.38516,5.0,5.0,5.0,5.0,5.0,5.0,4.24264,4.24264,4.24264,4.24264,4.24264,4.24264,4.24264,4.24264,4.24264,4.24264,4.24264,4.24264,4.24264,4.24264,4.24264,5.0,3.60555,4.47214,4.47214,4.47214,73.34848,65.62012,69.72087,64.19502,64.49806,61.20457,61.29437,57.21888,53.08484,55.0,53.00943,50.01,47.01064,48.04165,45.01111,45.17743,41.10961,38.0,35.12834,35.12834,34.05877,33.06055,29.27456,30.26549,28.44293,27.45906,28.4605,27.20294,23.08679,25.29822,27.85678,24.35159,21.54066,21.0238,21.47091,24.69818,23.85372,22.2036,22.82542,22.67157,19.23538,18.60108,21.09502,20.51828,19.20937,20.59126,21.09502,20.80865,18.78829,21.93171,21.9545,18.60108,22.47221,19.92486,19.92486,19.23538,20.09975,43.04649,44.77723,48.38388,50.63596,52.15362,53.00943,53.33854,54.58938,60.41523,61.40033,61.46544,63.56886,67.97794,68.60029,70.17834,72.47068,74.02702,74.24958,76.38063,75.80237,75.21303,77.93587,74.94665,74.30343,76.47876,77.82031,78.0,76.55064,73.37575,75.0,72.53275,68.96376,70.61161,67.46851,66.70832,65.51336,61.84658,58.24946,57.97413,60.87693,61.84658,59.13544,58.82176,60.40695,57.38467,58.82176,60.40695,62.24147,63.56099,62.39391,63.15853,67.54258,70.5762,69.46222,71.51224,71.47027,72.42237
11.40175,11.40175,11.40175,10.77033,10.77033,10.77033,9.48683,9.48683,8.544,8.544,8.544,8.544,7.61577,7.61577,7.28011,6.32456,6.32456,6.32456,6.08276,5.09902,5.09902,5.09902,5.09902,5.09902,5.09902,5.09902,4.0,5.0,5.0,4.0,4.0,4.0,4.0,4.0,4.0,4.0,4.0,4.0,4.0,4.0,4.0,4.0,3.0,4.12311,4.0,4.0,4.0,4.0,4.0,4.12311,4.12311,4.12311,68.30813,67.44627,70.34202,64.56005,62.62587,62.39391,60.53924,59.23681,53.31041,54.78138,50.56679,50.11986,49.65884,44.38468,41.62932,42.15448,41.78516,36.40055,37.16181,34.17601,35.44009,32.57299,32.24903,30.08322,29.83287,28.63564,27.45906,27.07397,25.31798,25.0,22.02272,24.02082,24.0,22.0,24.02082,23.02173,19.23538,22.09072,20.39608,20.39608,19.23538,20.22375,19.10497,20.39608,18.02776,20.22375,20.39608,20.09975,20.61553,20.39608,21.58703,19.10497,18.11077,20.02498,21.09502,20.88061,20.24846,42.04759,45.89118,47.53946,49.98,50.08992,51.88449,53.25411,56.72742,58.79626,59.4138,61.84658,64.03124,67.80118,70.83078,73.3553,70.77429,77.62087,73.68175,72.03471,76.11833,76.41989,80.22468,75.05998,75.00667,75.10659,75.10659,76.1643,75.66373,71.84706,76.29548,71.58911,69.42622,66.94027,71.56815,68.41053,61.98387,62.16912,63.95311,61.40033,64.03124,61.39218,62.514,59.5399,58.85576,56.22277,59.84146,61.29437,60.20797,66.27217,62.28965,63.00794,67.26812,68.26419,68.35934,71.06335,71.70077,72.83543
12.16553,11.18034,11.40175,10.44031,10.44031,10.44031,10.44031,9.48683,9.21954,9.21954,8.544,8.24621,7.28011,7.28011,7.28011,7.28011,6.08276,6.08276,6.08276,6.08276,5.09902,5.09902,5.0,5.0,5.0,5.0,5.0,5.09902,4.0,4.12311,4.12311,4.0,4.0,4.12311,4.12311,4.12311,4.12311,3.16228,4.12311,4.12311,4.12311,4.12311,4.12311,3.16228,4.12311,4.12311,4.12311,4.12311,4.0,4.0,4.0,4.12311,70.17834,70.45566,68.11755,66.48308,63.78871,59.43904,58.69412,55.7315,57.07013,52.88667,50.01,50.21952,50.01,45.35416,45.12206,42.2019,40.02499,39.62323,37.10795,36.49658,31.14482,31.257,33.01515,30.0,26.07681,28.0,27.01851,24.18677,24.02082,25.31798,20.61553,22.80351,23.5372,21.84033,21.18962,21.58703,20.88061,20.24846,22.47221,23.08679,17.72005,21.18962,19.69772,21.93171,18.38478,15.65248,18.35756,19.23538,20.88061,20.12461,18.38478,21.84033,21.09502,19.69772,20.02498,21.0,20.02498,43.28972,46.01087,47.26521,45.89118,51.24451,50.15974,54.12024,56.4358,61.29437,61.22091,63.78087,63.63961,69.31089,70.29225,71.84706,73.43024,73.82412,74.68601,74.84651,78.77182,74.04053,77.88453,79.30952,78.77182,77.64664,81.15417,80.025,79.00633,74.00676,76.00658,73.02739,70.17834,67.1193,68.18358,64.28063,65.12296,62.1289,63.28507,60.03332,64.03124,60.03332,60.0,60.0,64.07027,60.00833,59.5399,59.4138,61.20457,62.514,63.28507,67.74216,67.60178,70.11419,70.34913,71.25307,69.35416,77.05842
12.04159,12.04159,11.31371,10.63015,10.63015,10.0,10.0,9.21954,9.21954,8.60233,8.60233,7.81025,7.81025,7.81025,7.07107,7.07107,7.07107,5.65685,6.40312,5.65685,5.65685,5.65685,5.0,5.0,5.0,5.0,5.0,4.47214,4.47214,4.47214,4.47214,4.47214,4.47214,4.47214,4.47214,4.47214,4.12311,4.47214,4.47214,4.12311,4.12311,4.47214,4.47214,4.47214,4.47214,4.47214,4.47214,4.47214,3.60555,5.0,4.24264,4.24264,70.29225,72.34639,65.94695,65.29931,67.17887,64.3506,59.4138,59.39697,50.93133,52.34501,53.03772,51.73973,49.49747,47.80167,41.86884,41.72529,38.94868,40.31129,36.06938,36.06938,36.76955,34.65545,30.61046,29.83287,25.80698,29.20616,26.24881,27.80288,26.62705,24.16609,23.32381,25.4951,24.16609,19.92486,24.16609,22.13594,22.47221,20.61553,22.84732,22.80351,21.18962,17.72005,20.61553,21.2132,21.58703,19.64688,18.24829,21.84033,20.39608,19.92486,21.84033,19.72308,21.0238,20.24846,20.0,21.93171,20.51828,43.86342,46.52956,47.01064,49.51767,52.34501,53.25411,53.85165,55.00909,59.03389,64.07808,61.40033,66.21933,67.44627,72.33948,71.25307,73.02739,75.02666,77.41447,73.82412,74.1485,77.12976,79.69944,75.96052,75.02666,76.05919,77.87811,76.15773,76.00658,72.56032,71.86793,69.63476,71.40028,69.81404,67.00746,70.29225,65.21503,62.80127,59.81639,60.46487,59.64059,63.00794,60.53924,59.68249,62.26556,61.05735,63.81222,60.53924,61.26989,64.41273,62.6099,67.1193,69.35416,69.46222,67.1193,74.30343,72.71864,72.94518
11.04536,11.04536,10.04988,10.04988,10.04988,9.05539,9.05539,8.06226,8.06226,8.06226,7.07107,7.07107,7.07107,6.08276,6.08276,6.08276,5.0,5.0,5.0,5.0,4.0,4.0,4.0,4.12311,4.0,3.16228,3.16228,3.16228,3.16228,3.16228,3.16228,3.16228,3.16228,3.16228,3.16228,2.23607,3.60555,2.23607,2.23607,2.82843,2.23607,2.23607,3.16228,2.82843,3.16228,3.16228,2.23607,3.16228,3.16228,3.0,3.0,3.0,67.00746,67.26812,67.00746,65.12296,63.3877,62.64982,57.87055,56.32051,52.17279,52.7731,50.21952,45.39824,45.70558,41.97618,40.31129,40.79216,41.30375,39.62323,36.87818,34.1321,34.0,30.0,29.01724,27.01851,25.01999,27.01851,23.19483,23.19483,23.02173,21.58703,23.5372,24.73863,19.31321,21.84033,20.24846,18.38478,19.69772,18.97367,22.13594,18.35756,20.24846,21.09502,20.12461,17.0,17.88854,19.69772,19.41649,20.24846,20.61553,18.02776,17.72005,18.97367,20.39608,17.72005,17.26268,20.09975,18.11077,42.95346,44.28318,43.01163,47.16991,47.67599,50.96077,54.08327,57.38467,56.79789,57.80138,59.64059,63.89053,65.06919,69.31089,69.6563,72.62231,76.02631,72.06941,76.05919,76.15773,74.46476,77.49194,76.24303,74.46476,76.29548,75.80237,75.80237,76.23647,73.24616,74.06079,69.11584,70.0,67.00746,68.11755,69.00725,64.03124,62.00806,61.0082,60.00833,59.0,62.07254,58.00862,63.1981,59.3043,61.29437,58.42089,58.30952,63.78871,63.78871,60.82763,62.16912,67.89698,70.45566,67.36468,65.49046,73.33485,70.45566
10.44031,10.19804,10.19804,10.19804,9.21954,9.05539,8.24621,8.06226,8.06226,7.07107,7.07107,7.07107,6.08276,6.08276,6.08276,5.09902,5.09902,5.09902,4.47214,4.12311,4.12311,4.47214,4.12311,3.60555,3.60555,3.60555,3.60555,3.60555,3.60555,2.82843,2.82843,2.82843,2.82843,2.82843,2.82843,2.82843,2.82843,2.82843,2.82843,2.82843,2.82843,2.82843,2.82843,2.82843,2.82843,2.82843,2.82843,2.82843,2.82843,3.16228,3.16228,3.16228,68.70953,68.00735,65.45991,62.64184,63.60031,60.63827,57.97413,56.75385,53.60037,54.12947,50.9902,47.85394,47.29693,41.23106,41.59327,43.93177,38.07887,37.10795,33.73426,33.52611,34.17601,30.36445,26.57066,29.41088,23.76973,25.07987,27.313,23.85372,23.32381,22.82542,23.85372,24.41311,21.26029,22.62742,20.61553,19.10497,19.10497,21.26029,21.93171,18.38478,18.43909,16.40122,19.10497,17.69181,22.02272,19.10497,19.10497,21.93171,20.51828,20.51828,21.26029,19.84943,20.0,19.41649,18.43909,19.23538,16.55295,41.88078,45.17743,46.48656,49.47727,49.64877,52.23983,54.0,57.07889,56.32051,56.88585,60.44005,65.80274,68.94926,65.74192,69.77822,70.72482,75.45197,74.65253,73.75636,74.96666,75.69016,77.7946,76.2168,76.6094,75.21303,75.29276,76.05919,74.09453,69.35416,72.91776,67.23095,69.77822,68.94926,69.07966,68.15424,65.19202,64.07808,63.69458,60.53924,61.32699,62.24147,60.37384,62.16912,62.64982,60.53924,62.43397,58.83026,60.03332,64.49806,64.14047,64.3506,69.97142,74.70609,67.23095,72.06941,72.44998,70.83078
11.0,10.0,10.04988,10.04988,9.05539,9.05539,8.06226,8.06226,8.06226,8.06226,7.07107,7.0,6.0,6.0,6.0,6.0,5.0,5.0,5.0,5.09902,5.0,5.09902,4.12311,4.12311,4.12311,4.12311,4.47214,4.47214,3.60555,3.60555,3.60555,3.60555,3.60555,3.60555,3.60555,3.60555,3.60555,3.60555,3.60555,3.60555,3.60555,3.60555,3.60555,3.60555,3.60555,3.60555,3.60555,3.60555,3.60555,3.16228,3.16228,3.0,72.11103,69.11584,66.18912,67.60178,63.3877,60.82763,58.42089,56.7186,55.10898,53.75872,50.01,48.27007,46.69047,46.09772,42.95346,40.4475,40.79216,35.12834,37.05401,36.05551,31.14482,29.01724,27.07397,28.01785,26.01922,27.01851,26.0,27.89265,25.4951,24.73863,22.56103,24.04163,25.29822,22.36068,23.4094,22.47221,20.88061,25.63201,21.47091,20.61553,21.09502,20.61553,22.36068,20.80865,24.35159,20.12461,19.23538,23.25941,19.23538,18.43909,21.18962,21.84033,20.88061,18.43909,19.41649,19.23538,18.02776,42.2019,44.18144,44.0,46.17359,50.44799,50.96077,52.0,51.88449,56.60389,57.45433,64.07027,65.94695,68.0147,67.17887,67.47592,73.40981,71.84706,71.69379,74.70609,75.61085,75.27284,76.40026,76.15773,76.92204,75.31268,78.26238,72.33948,76.23647,72.02777,72.06247,69.02898,68.00735,68.02941,68.46897,66.27217,64.19502,60.00833,58.0,61.03278,61.03278,59.00847,63.00794,56.0,59.13544,59.13544,61.20457,58.21512,62.20129,61.40033,64.62971,65.9242,69.2315,66.61081,67.74216,69.05071,69.58448,72.06247
12.16553,12.16553,11.18034,11.18034,11.18034,11.18034,10.19804,9.21954,9.05539,8.24621,9.05539,8.06226,8.06226,7.07107,7.07107,7.07107,7.28011,6.08276,6.32456,6.32456,5.38516,5.38516,5.38516,5.38516,5.38516,4.47214,5.83095,4.47214,5.0,4.47214,5.0,5.0,5.0,5.0,5.0,5.0,5.0,5.0,5.0,5.0,5.0,5.0,5.0,4.47214,4.47214,4.47214,4.47214,4.47214,4.47214,4.12311,4.12311,4.12311,70.06426,69.06519,70.00714,62.07254,61.03278,64.0,57.03508,57.07889,53.33854,53.23533,49.49747,46.52956,49.49747,45.54119,44.10215,41.30375,39.11521,38.20995,35.22783,35.12834,34.05877,32.01562,29.01724,29.06888,27.0,25.31798,24.18677,25.0,26.68333,25.17936,27.89265,22.13594,25.0,23.4094,22.84732,21.93171,23.25941,20.59126,21.40093,21.0238,21.47091,20.61553,22.47221,23.76973,23.02173,20.59126,21.0238,18.86796,18.97367,23.76973,22.80351,22.13594,22.56103,20.39608,21.58703,19.0,20.02498,43.86342,45.88028,42.75512,50.24938,49.09175,51.35173,48.83646,55.97321,57.87055,57.00877,59.9333,64.49806,66.03787,65.80274,73.40981,67.17887,72.13876,70.17834,71.8401,71.34424,72.06941,78.29432,72.49828,73.92564,74.63243,75.58439,72.27724,75.9276,69.2315,71.19691,65.76473,70.71068,66.37017,65.27634,66.1211,63.3877,58.42089,59.3043,58.54912,62.28965,61.40033,56.88585,59.22837,58.24946,58.0517,55.65968,56.51548,58.69412,61.40033,60.63827,63.78871,64.53681,72.27724,62.8172,67.91171,68.24954,70.71068
11.18034,11.18034,10.19804,10.19804,9.21954,9.21954,9.21954,8.24621,8.24621,7.28011,7.28011,7.28011,7.28011,6.08276,6.08276,6.08276,5.09902,5.09902,5.0,5.0,4.12311,4.0,4.0,4.0,4.0,4.0,4.12311,3.16228,3.16228,4.12311,3.16228,3.16228,3.16228,3.16228,3.16228,3.16228,3.16228,3.16228,3.16228,3.16228,3.16228,3.16228,3.16228,3.16228,3.16228,3.16228,3.16228,3.16228,3.0,3.0,3.0,3.16228,69.00725,65.12296,67.00746,63.12686,61.13101,59.3043,56.14268,59.68249,52.61179,51.62364,50.9902,47.26521,47.16991,43.28972,41.4367,39.45884,39.45884,37.05401,33.24154,33.37664,32.01562,30.01666,30.14963,27.0,26.0,24.33105,25.31798,25.31798,22.80351,25.0,24.04163,22.47221,21.0238,22.47221,22.84732,20.12461,19.69772,21.47091,19.23538,19.72308,21.0238,20.59126,18.86796,19.69772,22.47221,21.47091,22.82542,19.23538,20.59126,20.61553,20.61553,19.23538,20.24846,15.81139,18.43909,19.10497,19.0263,37.33631,42.10701,47.09565,49.81967,49.0408,49.64877,51.89412,51.88449,55.56978,57.42822,57.80138,61.7171,64.38167,68.62215,70.0,67.6757,72.40166,71.11962,72.89719,73.1642,73.05477,75.58439,75.0,76.15773,75.42546,75.32596,74.54529,75.05998,70.00714,72.00694,69.0,70.00714,68.00735,67.06713,64.07027,66.0303,60.00833,60.00833,62.00806,60.00833,61.0082,57.21888,59.21149,56.22277,59.21149,61.40033,60.82763,58.46366,62.80127,61.81424,62.96825,63.95311,69.72087,62.514,72.44308,71.25307,69.58448
11.31371,10.63015,10.63015,10.0,10.0,9.21954,9.21954,8.60233,8.60233,7.81025,7.81025,7.2111,6.40312,6.40312,6.40312,6.40312,5.65685,5.65685,5.65685,5.0,5.0,4.24264,4.24264,4.24264,4.24264,3.60555,3.60555,3.60555,3.60555,3.60555,3.60555,3.60555,3.16228,3.16228,3.16228,3.16228,3.16228,3.16228,3.16228,3.16228,3.60555,3.60555,3.16228,3.60555,3.60555,3.60555,3.60555,3.60555,3.60555,3.60555,3.60555,3.60555,71.69379,67.74216,69.83552,66.24198,64.88451,63.95311,59.9333,61.26989,53.7122,53.66563,50.08992,48.76474,45.18849,40.8534,46.09772,43.46263,42.48529,38.47077,37.58989,34.48188,35.35534,32.75668,30.80584,29.68164,26.62705,29.20616,26.90725,27.01851,24.75884,24.04163,26.24881,25.23886,20.51828,21.26029,20.51828,22.47221,21.40093,23.60085,19.72308,21.09502,21.09502,22.47221,22.2036,21.9545,21.40093,18.86796,26.62705,20.59126,21.40093,21.63331,23.02173,21.40093,23.34524,19.84943,21.93171,22.2036,24.16609,41.72529,46.61545,45.79301,50.08992,50.69517,56.04463,55.57877,54.14795,62.0,56.0357,63.1981,63.3877,69.72087,68.88396,75.89466,72.49828,75.15318,73.82412,76.47876,80.44874,76.6094,82.21922,76.57676,78.56844,74.27651,77.7946,75.82216,79.64923,74.20243,76.844,70.45566,71.86793,71.34424,69.46222,67.60178,68.7968,61.58734,62.96825,60.74537,63.24555,64.63745,58.82176,62.20129,58.89822,62.482,57.80138,63.78087,61.6198,64.38167,63.65532,65.11528,67.94115,71.58911,65.29931,71.44928,74.51845,72.8011
12.04159,11.04536,11.04536,10.19804,10.04988,10.19804,10.04988,9.05539,8.06226,8.06226,8.06226,8.06226,7.07107,7.07107,7.07107,7.0,6.08276,6.0,6.0,6.0,5.0,5.0,5.0,5.09902,5.09902,5.09902,5.09902,4.12311,4.12311,4.12311,4.12311,4.47214,4.47214,4.47214,4.47214,4.47214,4.47214,4.47214,4.47214,4.47214,4.12311,4.47214,4.12311,4.47214,4.47214,4.12311,4.12311,4.12311,4.12311,4.0,4.0,4.0,70.02857,69.02898,68.26419,65.06919,62.28965,62.64982,59.21149,61.0,51.47815,53.60037,52.95281,50.48762,47.38143,44.14748,45.70558,41.59327,40.31129,37.12142,36.49658,34.1321,33.06055,31.0,31.0,28.07134,29.01724,26.01922,27.01851,24.33105,23.19483,25.17936,22.80351,26.4764,23.4094,23.4094,26.57066,19.64688,21.54066,23.08679,21.93171,23.25941,20.59126,25.07987,23.02173,23.70654,22.82542,22.82542,23.76973,21.0238,24.69818,24.69818,25.96151,22.56103,23.5372,21.0238,23.19483,20.09975,21.09502,42.44997,46.27094,45.0,52.03845,47.67599,51.66237,54.08327,54.42426,54.12024,59.16925,62.68174,66.06815,65.29931,68.593,67.94115,66.52819,75.0,71.28113,75.80237,75.15318,73.53911,76.53757,77.20104,77.20104,76.48529,74.96666,76.94154,75.66373,71.11259,75.16648,72.11103,69.11584,69.02898,67.00746,64.03124,65.06919,61.03278,60.03332,60.0,57.00877,61.03278,58.07753,62.514,59.4138,59.21149,57.07013,60.40695,61.18823,63.95311,60.53098,63.50591,67.08204,64.77654,67.74216,68.73136,68.35934,70.25667
11.0,11.0,10.0,10.04988,9.05539,9.05539,9.05539,8.06226,8.06226,7.07107,7.07107,7.07107,7.07107,6.08276,6.08276,6.08276,6.0,5.09902,5.0,4.0,4.0,4.0,4.0,4.0,4.0,4.0,4.12311,3.16228,3.16228,3.16228,3.16228,3.16228,3.16228,3.16228,3.60555,3.16228,3.16228,3.16228,3.16228,3.16228,3.16228,3.16228,3.16228,3.16228,3.16228,3.16228,3.16228,3.0,3.0,3.0,3.0,3.16228,66.00758,66.00758,64.03124,64.07027,64.38167,60.29925,56.88585,55.7315,56.88585,51.78803,49.47727,46.87217,49.81967,43.41659,39.31921,41.4367,39.45884,37.33631,37.21559,34.05877,33.0,33.06055,31.01612,28.01785,28.01785,27.07397,29.06888,24.5153,22.02272,23.19483,25.96151,22.56103,17.72005,21.18962,24.35159,18.38478,17.08801,22.80351,15.65248,22.36068,21.09502,21.54066,22.84732,21.09502,20.59126,21.93171,19.23538,22.84732,23.4094,21.54066,21.84033,22.36068,21.37756,20.22375,23.08679,20.22375,21.37756,41.4367,44.72136,47.26521,50.03998,51.24451,50.80354,51.24451,56.30275,58.59181,57.24509,61.05735,64.3506,66.61081,69.6563,70.71068,68.76772,74.8131,72.42237,68.50547,75.15318,70.66116,80.77747,75.02666,77.49194,77.49194,76.65507,79.24645,76.29548,75.32596,73.43705,69.18092,70.0,70.02857,68.02941,67.00746,66.00758,62.03225,62.07254,62.00806,62.20129,62.28965,59.3043,60.13319,61.66036,60.13319,53.75872,60.82763,60.41523,64.32729,61.66036,64.32729,68.88396,68.06614,64.77654,70.71068,67.74216,72.00694
10.77033,9.84886,10.77033,9.48683,9.48683,9.48683,8.544,8.544,8.24621,7.28011,7.28011,7.28011,6.32456,6.32456,6.32456,5.38516,5.38516,5.38516,4.47214,4.47214,4.47214,4.47214,4.47214,3.60555,3.60555,3.60555,2.82843,3.60555,2.82843,3.60555,3.60555,2.82843,2.82843,3.60555,3.60555,2.82843,3.60555,3.60555,3.60555,2.82843,3.60555,3.60555,3.60555,2.82843,2.82843,2.82843,2.82843,2.82843,2.82843,3.60555,3.16228,3.16228,69.77105,64.62198,66.30988,66.7308,61.09828,63.90618,58.18935,58.5235,50.96077,53.16014,49.33559,47.53946,46.84015,42.05948,44.27189,42.05948,39.84972,37.94733,34.17601,33.24154,34.9285,32.89377,30.08322,31.7805,24.16609,26.07681,22.36068,26.83282,25.94224,24.83948,24.41311,22.80351,23.43075,20.61553,17.69181,21.93171,24.04163,17.80449,21.26029,18.43909,21.93171,19.84943,19.84943,20.24846,20.51828,16.40122,22.80351,21.93171,17.69181,20.24846,19.20937,22.67157,19.84943,18.43909,19.23538,18.78829,18.02776,39.82462,42.0119,45.65085,49.24429,49.0408,50.44799,50.48762,54.08327,55.03635,57.14018,62.514,63.56099,67.44627,65.80274,71.30919,67.97794,74.30343,72.06941,74.94665,71.06335,75.0733,77.10383,73.5527,76.57676,71.21798,76.2168,77.66595,73.4983,72.20111,73.06162,68.47627,69.35416,68.42514,68.88396,67.1193,62.24147,63.56099,59.94164,60.37384,60.37384,60.82763,58.30952,63.28507,59.68249,59.36329,58.83026,59.90826,58.24946,63.24555,62.20129,62.1289,65.73431,66.21933,64.07027,70.72482,70.49113,73.24616
12.52996,11.6619,11.6619,10.81665,10.81665,9.43398,10.0,9.43398,9.43398,8.60233,8.60233,8.60233,7.81025,7.2111,7.2111,7.2111,6.7082,6.7082,5.83095,5.83095,5.83095,5.83095,5.83095,5.38516,5.38516,5.38516,5.09902,5.38516,4.12311,4.12311,4.12311,4.12311,4.12311,4.12311,4.12311,4.12311,4.12311,4.12311,4.12311,4.12311,4.12311,4.12311,4.12311,4.12311,4.12311,4.12311,4.12311,4.12311,4.47214,4.47214,4.47214,3.60555,67.97794,67.08204,65.30697,64.00781,62.17717,61.91123,61.05735,57.70615,54.40588,52.69725,50.21952,46.04346,47.70744,46.32494,44.40721,43.909,42.19005,35.8469,36.05551,34.0,36.71512,33.28663,32.64966,29.54657,29.52965,29.54657,27.313,25.29822,27.85678,23.76973,24.5153,23.34524,21.84033,25.31798,20.39608,20.88061,24.0,20.09975,21.09502,20.22375,20.39608,20.39608,23.02173,21.0,19.0,21.09502,19.0263,20.09975,20.0,20.22375,21.09502,23.76973,21.84033,20.24846,18.68154,23.02173,20.12461,40.1995,42.72002,47.12749,49.65884,48.37355,52.43091,53.15073,55.22681,53.90733,58.24946,61.05735,65.0,64.84597,66.21178,70.5195,72.53275,73.4983,72.99315,74.54529,74.06079,78.0,74.06079,76.32169,76.41989,75.31268,77.10383,73.08215,76.24303,71.47027,72.73239,67.77905,67.41662,68.44706,66.30988,69.07966,63.56099,65.55151,60.16644,57.93962,60.40695,58.30952,57.24509,60.74537,59.22837,56.61272,58.46366,55.97321,63.56886,60.44005,61.39218,63.56099,63.78871,66.40783,70.60453,70.60453,67.72001,69.89278
11.18034,11.04536,11.04536,10.04988,10.04988,10.04988,9.05539,9.05539,9.05539,8.06226,8.06226,8.06226,7.07107,7.07107,7.07107,7.07107,6.08276,6.08276,6.08276,5.09902,5.09902,5.09902,5.09902,5.38516,4.47214,5.38516,4.47214,4.47214,4.47214,4.47214,4.47214,3.60555,3.60555,3.60555,3.60555,3.60555,3.60555,4.24264,4.24264,4.24264,4.24264,4.24264,4.24264,4.24264,3.60555,3.60555,3.60555,3.60555,4.47214,3.60555,4.47214,4.12311,71.00704,68.18358,65.49046,66.61081,66.27217,61.81424,58.54912,61.81424,54.74486,56.08921,53.36666,51.97115,46.38965,46.09772,43.41659,44.40721,42.95346,38.11824,38.63936,36.34556,39.05125,32.01562,33.01515,33.06055,24.08319,26.01922,28.07134,26.1725,27.01851,24.73863,22.02272,24.5153,24.33105,22.13594,23.4094,21.58703,19.92486,21.58703,20.88061,22.47221,22.36068,21.93171,21.0238,20.12461,21.9545,22.84732,17.88854,23.85372,19.31321,18.38478,20.61553,18.97367,20.88061,25.0,23.08679,19.23538,22.02272,44.55334,43.01163,48.01042,49.0306,51.1957,49.64877,54.56189,55.00909,57.45433,61.03278,62.20129,63.78087,65.05382,69.42622,68.24954,71.86793,75.80237,76.05919,75.13322,76.89603,77.16217,76.24303,79.55501,76.11833,75.53807,75.53807,76.10519,74.16873,78.0,70.0,71.02816,69.06519,66.37017,68.46897,64.38167,66.27217,66.1211,63.00794,60.07495,61.0,60.03332,62.00806,59.13544,62.20129,58.03447,57.03508,59.07622,59.3043,62.28965,63.1981,62.64982,65.27634,64.49806,70.85901,70.17834,69.18092,67.60178
12.04159,12.04159,10.63015,10.63015,10.0,10.0,10.0,9.21954,8.60233,8.60233,8.60233,7.81025,7.2111,7.2111,6.40312,6.40312,6.40312,6.40312,6.40312,5.0,5.0,5.65685,5.0,4.24264,4.24264,4.24264,4.24264,3.60555,3.60555,3.60555,3.60555,3.60555,3.60555,3.60555,3.60555,3.60555,3.60555,3.16228,3.60555,3.16228,3.16228,3.16228,3.16228,3.60555,3.16228,3.60555,3.60555,3.60555,3.60555,4.24264,3.60555,3.60555,65.94695,66.4003,67.62396,67.00746,60.21628,60.0,62.43397,59.16925,56.30275,49.73932,52.43091,48.54894,46.64762,46.51881,46.52956,41.67733,40.31129,41.6173,35.51056,37.58989,34.4093,33.6006,30.80584,33.6006,26.62705,29.20616,26.1725,25.45584,24.75884,27.01851,24.83948,25.6125,23.34524,20.51828,19.72308,20.61553,22.67157,21.09502,18.02776,20.24846,22.84732,20.12461,18.02776,18.02776,18.35756,19.69772,17.20465,23.25941,18.86796,21.93171,19.41649,19.72308,18.60108,17.49286,19.10497,18.38478,18.60108,41.34005,40.80441,44.55334,47.01064,49.39636,53.23533,55.03635,54.70832,56.75385,61.0,64.62971,61.13101,67.06713,66.00758,68.46897,70.03571,72.56721,75.28612,74.67262,77.25283,74.24958,77.41447,80.99383,80.45496,76.2168,75.43209,77.15569,73.0,72.86288,74.27651,71.42129,67.94115,68.76772,68.0147,68.11755,63.89053,63.89053,62.24147,60.1415,60.1415,58.0517,55.86591,58.72819,58.13777,55.9017,63.12686,60.82763,59.66574,60.44005,62.482,65.43699,64.2028,67.00746,68.41053,72.20111,63.78087,72.83543
11.40175,11.40175,10.0,10.63015,9.21954,9.21954,9.21954,9.21954,8.48528,7.81025,7.81025,7.81025,7.81025,6.40312,6.40312,6.40312,6.40312,5.83095,5.83095,5.83095,5.0,5.38516,4.47214,4.12311,4.47214,4.47214,4.12311,4.12311,4.12311,4.12311,3.16228,4.12311,4.12311,4.0,3.0,3.0,3.0,3.0,4.0,4.0,4.0,4.0,4.0,4.0,4.0,4.0,4.0,4.0,4.0,4.0,4.12311,3.16228,70.60453,73.23933,67.00746,66.61081,64.07027,65.51336,61.91123,59.16925,57.70615,49.73932,49.73932,50.24938,47.50789,46.06517,42.19005,44.10215,41.04875,38.27532,34.66987,36.05551,34.0,35.60899,30.4795,28.42534,29.83287,28.3196,25.0,26.90725,23.34524,25.4951,25.6125,25.4951,22.80351,24.75884,23.02173,19.84943,18.86796,20.59126,20.12461,23.02173,18.97367,19.92486,17.88854,19.31321,16.55295,20.61553,21.93171,17.72005,18.43909,18.97367,21.93171,22.47221,19.23538,18.78829,16.55295,19.41649,19.20937,43.13931,41.86884,46.64762,44.77723,49.39636,48.10405,50.96077,54.91812,60.20797,62.1289,62.00806,63.1981,66.48308,70.83078,70.60453,72.11103,74.46476,73.40981,71.11259,75.45197,75.45197,76.83749,76.48529,77.7946,77.07788,77.07788,75.00667,75.9276,74.4043,69.63476,71.02112,67.41662,69.11584,65.8635,65.51336,65.19202,62.76942,57.98276,58.00862,57.80138,56.61272,58.60034,54.20332,57.48913,54.81788,57.98276,55.31727,58.0,60.1415,61.55485,58.72819,63.63961,65.79514,63.65532,67.26812,70.83784,67.89698
12.36932,11.40175,11.40175,11.18034,10.19804,10.19804,10.19804,9.05539,9.21954,8.24621,8.24621,8.24621,8.24621,7.07107,7.07107,7.07107,6.08276,6.08276,6.32456,6.08276,5.38516,5.09902,5.38516,4.47214,4.47214,5.38516,4.47214,4.47214,4.47214,3.60555,3.60555,3.60555,3.60555,3.16228,3.60555,3.60555,2.82843,2.82843,2.82843,2.82843,2.82843,2.82843,2.82843,2.82843,2.82843,3.60555,3.60555,3.60555,3.60555,3.60555,3.60555,3.16228,71.56815,71.44928,70.5762,63.12686,63.12686,63.0,60.00833,62.03225,57.00877,56.00893,50.08992,51.0392,50.08992,47.09565,43.04649,43.04649,43.01163,42.0,37.01351,37.01351,37.12142,33.24154,32.24903,30.14963,29.06888,28.16026,28.63564,27.20294,24.73863,26.4764,22.47221,22.47221,24.16609,25.07987,19.69772,20.61553,19.69772,18.38478,15.26434,19.41649,19.41649,17.69181,18.43909,19.10497,19.10497,19.79899,18.86796,18.60108,19.10497,16.97056,18.02776,21.40093,18.60108,17.49286,23.25941,20.24846,20.24846,41.59327,46.27094,47.01064,53.08484,49.49747,54.08327,51.26402,56.35601,58.30952,59.07622,62.62587,62.62587,69.42622,70.00714,72.24957,70.21396,74.06079,71.34424,78.89233,74.73286,75.61085,80.65358,74.33034,74.73286,77.10383,75.31268,76.79193,77.52419,72.24957,75.10659,71.11259,70.17834,68.00735,68.00735,64.03124,66.00758,63.0,63.00794,60.00833,61.20457,61.07373,52.61179,61.52235,57.07013,57.07013,58.46366,60.01666,57.48913,65.96969,58.94065,62.64184,63.24555,68.68042,62.64184,69.64194,71.80529,71.30919
11.18034,10.19804,10.19804,10.19804,9.21954,9.21954,8.24621,8.24621,8.24621,7.28011,7.07107,7.07107,7.07107,6.08276,6.08276,5.09902,5.09902,5.09902,5.0,5.0,4.12311,4.0,4.0,4.0,4.0,4.12311,3.16228,3.16228,3.16228,3.16228,3.16228,3.16228,3.16228,3.16228,3.16228,2.23607,3.60555,2.23607,2.82843,2.82843,2.82843,2.82843,3.60555,2.82843,2.82843,2.82843,3.60555,3.60555,3.16228,3.16228,3.16228,3.0,69.35416,65.76473,71.84706,64.77654,61.39218,64.28841,58.94065,59.48109,52.88667,57.72348,53.15073,50.96077,47.29693,45.88028,44.64303,41.0,43.01163,38.32754,39.81206,35.17101,33.73426,31.40064,32.14032,28.28427,28.28427,29.01724,23.02173,26.01922,25.07987,23.02173,24.18677,25.01999,23.34524,23.5372,19.41649,21.58703,17.46425,18.97367,19.23538,17.88854,16.55295,18.38478,14.86607,18.35756,19.72308,17.46425,18.02776,20.59126,22.47221,20.24846,21.63331,19.31321,21.93171,19.31321,16.55295,20.61553,20.02498,40.31129,43.10452,43.41659,51.5461,46.23851,52.3259,53.25411,52.20153,56.0803,58.79626,62.24147,65.43699,64.66065,67.1193,75.29276,69.77105,75.27284,70.2282,75.96052,77.12976,73.34848,77.31753,74.43118,75.00667,77.0,75.16648,76.41989,75.66373,68.88396,75.31268,68.88396,70.21396,66.4906,65.30697,65.96969,64.53681,60.20797,58.94065,56.7186,56.08921,58.85576,55.57877,57.70615,55.08176,56.0803,59.3043,56.32051,55.14526,58.00862,59.13544,64.12488,63.07139,67.02984,64.07027,70.0,72.00694,66.0303
10.81665,11.6619,10.29563,10.29563,10.29563,8.94427,8.94427,8.94427,8.06226,8.06226,8.06226,6.7082,8.06226,6.7082,5.83095,5.83095,5.83095,5.0,5.0,5.0,5.0,4.24264,4.24264,4.24264,4.24264,3.60555,2.82843,3.60555,3.60555,2.23607,3.16228,3.16228,3.16228,2.23607,3.0,3.0,2.0,3.0,3.0,3.0,3.0,3.0,3.0,3.0,3.0,3.0,3.0,3.16228,3.16228,3.16228,3.16228,3.60555,70.23532,70.26379,70.23532,71.30919,67.1193,66.12866,63.90618,60.40695,54.40588,58.82176,57.24509,53.85165,47.80167,46.23851,45.88028,41.23106,41.4367,40.71855,34.17601,35.44009,37.57659,32.89377,32.20248,27.73085,28.6531,24.69818,24.41311,26.24881,22.80351,21.2132,19.10497,24.20744,20.61553,19.10497,20.0,16.27882,18.60108,17.80449,17.0,18.38478,19.31321,17.72005,15.81139,17.11724,18.02776,18.68154,19.64688,16.49242,15.52417,16.49242,21.58703,21.18962,18.35756,19.23538,21.47091,23.60085,18.86796,42.54409,44.38468,43.9659,48.6621,50.35871,51.0098,51.24451,55.57877,59.22837,58.69412,61.03278,65.9242,67.97794,70.66116,72.40166,69.63476,76.05919,74.33034,77.07788,78.56844,79.64923,78.60025,80.1561,79.07591,80.62258,78.39005,77.47258,77.87811,71.51224,72.11103,69.07966,73.08215,69.57011,65.14599,69.64194,68.96376,63.90618,62.29767,59.23681,60.53924,60.00833,56.35601,60.82763,59.05929,57.14018,57.3062,56.4358,57.98276,62.68174,61.29437,68.00735,66.85058,68.60029,67.6757,74.20243,73.00685,76.27582
12.16553,12.16553,11.18034,11.18034,10.19804,10.19804,10.19804,9.21954,9.21954,8.24621,8.24621,8.24621,7.07107,7.28011,7.07107,6.08276,6.08276,6.08276,6.0,6.0,5.0,5.0,5.0,5.09902,5.0,5.0,5.09902,4.12311,4.12311,3.16228,4.12311,4.12311,3.60555,3.60555,3.60555,3.60555,3.60555,3.60555,3.60555,4.47214,3.60555,3.60555,3.60555,4.47214,3.60555,3.60555,3.60555,4.47214,4.47214,4.47214,4.12311,4.12311,76.1643,75.42546,74.02702,73.24616,69.11584,65.37584,66.91039,63.63961,57.97413,60.01666,57.07889,53.93515,51.78803,50.21952,45.89118,44.55334,44.38468,42.57934,39.05125,37.01351,39.05125,35.35534,31.01612,30.01666,27.01851,26.01922,27.07397,26.4764,23.0,26.1725,23.5372,18.02776,21.93171,21.0238,20.61553,18.35756,16.64332,18.02776,19.84943,20.0,20.24846,19.10497,19.84943,21.2132,18.60108,21.26029,19.20937,19.20937,19.84943,19.69772,20.51828,19.10497,23.34524,22.2036,22.47221,22.47221,21.47091,46.09772,46.69047,50.28916,52.92447,50.11986,51.86521,58.41233,56.0803,61.6198,62.36986,63.82006,69.11584,67.23095,67.97794,72.44998,72.44998,75.28612,78.58753,79.07591,73.82412,77.41447,81.49847,78.00641,80.09994,76.23647,77.41447,78.08969,77.64664,74.52516,75.70997,70.0928,71.38627,67.46851,66.28725,68.24954,66.09841,65.30697,62.0967,60.87693,57.70615,60.67125,59.68249,58.54912,58.03447,60.07495,53.23533,58.21512,59.4138,63.28507,66.27217,63.07139,73.24616,71.25307,67.26812,72.02777,74.10803,74.10803
11.18034,11.18034,11.18034,10.29563,10.29563,10.29563,9.43398,9.43398,8.60233,8.06226,8.06226,8.06226,7.2111,6.7082,6.7082,6.7082,6.7082,5.38516,5.38516,5.38516,5.38516,4.47214,4.47214,4.12311,4.12311,4.12311,4.12311,4.0,4.0,4.0,4.0,3.0,4.12311,4.12311,3.16228,3.16228,3.16228,3.16228,3.16228,4.47214,3.60555,3.60555,4.47214,4.12311,4.12311,3.16228,4.12311,4.12311,4.12311,4.12311,4.0,4.0,72.23573,76.2168,70.77429,67.62396,69.64194,66.24198,64.40497,66.64833,62.16912,56.36488,56.82429,53.66563,50.60632,50.08992,47.88528,46.09772,39.0,39.81206,36.67424,40.31129,35.1141,32.31099,28.86174,28.79236,29.12044,29.61419,24.73863,22.56103,28.86174,27.01851,25.01999,21.0238,20.02498,21.2132,16.49242,25.31798,18.24829,17.26268,16.55295,15.65248,18.38478,18.86796,15.0,17.88854,15.0,21.93171,21.09502,21.2132,23.85372,25.05993,18.86796,23.25941,21.47091,24.35159,22.84732,24.69818,21.0238,41.59327,40.49691,51.73973,50.93133,51.08816,51.86521,55.47071,56.85948,59.80803,60.87693,63.56099,67.46851,65.76473,68.02941,69.06519,73.06162,72.44308,79.40403,75.13322,75.69016,75.28612,80.00625,78.39005,79.30952,77.41447,76.02631,75.13322,68.7968,70.83078,69.11584,72.67049,70.72482,70.0,65.45991,65.60488,62.43397,64.14047,62.76942,57.98276,57.24509,56.60389,58.59181,60.53924,58.87274,52.55473,54.626,55.65968,60.41523,60.16644,63.32456,64.56005,66.4906,65.51336,66.70832,72.27724,71.56815,71.06335
11.04536,11.04536,10.04988,10.04988,10.0,9.0,9.05539,8.06226,8.06226,8.0,7.0,7.07107,7.0,6.0,6.0,6.08276,6.08276,5.09902,5.09902,4.12311,4.12311,4.12311,4.12311,4.47214,4.47214,3.60555,3.60555,2.82843,2.82843,2.82843,2.82843,2.82843,2.82843,2.82843,3.60555,3.60555,3.60555,2.23607,3.16228,3.16228,3.16228,3.16228,3.16228,3.16228,4.12311,3.60555,3.60555,3.60555,3.60555,3.60555,3.60555,4.24264,69.00725,69.00725,70.06426,66.18912,67.26812,65.49046,60.53098,60.53098,55.7315,53.60037,52.95281,49.36598,48.6621,47.51842,45.70558,42.29657,43.28972,38.01316,38.32754,33.06055,35.12834,29.15476,31.01612,30.0,29.0,25.01999,23.02173,24.33105,24.5153,19.23538,21.2132,18.02776,17.72005,18.38478,16.12452,18.78829,15.81139,15.26434,15.55635,14.86607,14.31782,12.52996,17.69181,17.88854,17.02939,17.02939,17.49286,19.20937,17.02939,20.61553,20.80865,20.61553,19.10497,19.84943,19.41649,16.64332,21.09502,39.05125,44.18144,44.91102,47.43416,50.32892,50.53712,50.0,53.60037,58.0,55.17246,60.82763,65.29931,65.80274,70.17834,71.34424,65.39113,71.16881,70.2282,71.16881,72.69113,72.36712,78.40918,71.44928,75.16648,74.02702,79.00633,76.32169,74.10803,69.87131,72.56032,68.06614,71.44928,65.11528,67.74216,63.78871,62.80127,60.67125,57.87055,58.69412,58.42089,59.68249,54.03702,54.14795,57.07889,57.03508,55.22681,56.0803,56.0803,64.49806,56.4358,59.3043,64.93843,70.34913,60.40695,70.45566,70.5762,66.18912
10.77033,11.7047,10.77033,10.44031,9.48683,9.21954,9.21954,8.24621,8.24621,8.24621,7.28011,7.28011,7.28011,6.32456,6.32456,5.38516,5.09902,5.09902,5.38516,4.47214,4.47214,4.47214,4.12311,3.60555,3.60555,3.16228,2.82843,2.82843,2.82843,2.82843,2.82843,2.23607,2.23607,2.23607,2.23607,2.23607,2.23607,2.23607,2.0,2.23607,2.0,3.0,2.23607,3.16228,3.16228,3.0,3.16228,3.16228,3.16228,2.23607,2.82843,2.82843,71.58911,70.26379,74.30343,66.85058,68.70953,66.12866,64.62198,56.921,59.23681,57.28001,58.24088,49.64877,51.26402,45.60702,47.80167,44.92215,42.37924,39.92493,37.33631,37.0,36.05551,31.38471,29.15476,28.23119,26.24881,26.83282,24.69818,25.05993,23.34524,18.86796,21.63331,16.40122,20.0,17.69181,18.38478,17.69181,16.97056,17.49286,18.38478,15.65248,18.38478,15.81139,17.46425,14.56022,18.02776,16.76305,18.68154,17.08801,19.92486,21.37756,19.41649,19.92486,18.02776,21.54066,18.60108,17.02939,19.20937,44.20407,42.54409,45.17743,47.75982,50.01,52.15362,56.0803,57.00877,60.20797,59.68249,62.8172,66.48308,68.96376,70.77429,71.17584,74.62573,74.94665,73.4983,76.83749,75.82216,76.38063,75.16648,76.6942,77.20104,79.32213,80.26207,76.15773,76.05919,75.591,76.47876,69.857,70.77429,69.35416,65.9242,71.30919,62.39391,63.56886,60.92618,59.61543,60.37384,57.77543,59.16925,60.41523,58.59181,59.68249,57.98276,59.5399,63.60031,60.80296,65.29931,62.482,68.24954,66.61081,71.28113,77.42093,74.20243,76.27582
12.08305,11.18034,10.77033,10.77033,10.77033,10.77033,9.48683,9.48683,8.544,8.24621,8.544,8.24621,7.28011,7.28011,6.32456,6.32456,6.32456,5.38516,5.38516,5.38516,4.47214,4.47214,5.38516,4.47214,4.47214,4.47214,3.60555,3.60555,3.60555,3.60555,2.82843,2.82843,2.82843,2.82843,2.82843,2.82843,2.82843,2.23607,2.23607,2.23607,3.16228,2.23607,3.16228,3.16228,3.16228,3.60555,3.60555,3.60555,3.60555,3.60555,2.82843,3.60555,75.13322,73.79024,71.55418,70.21396,70.26379,66.85058,65.0,62.64184,58.24088,57.00877,55.36244,54.42426,51.26402,48.46648,43.9659,44.92215,43.68066,40.80441,40.49691,39.39543,35.8469,31.38471,29.06888,27.73085,29.06888,29.15476,24.16609,25.6125,21.93171,22.2036,22.2036,20.0,19.79899,18.38478,20.51828,15.6205,15.81139,15.6205,15.26434,16.76305,13.60147,18.43909,18.43909,18.11077,17.02939,18.97367,16.49242,18.43909,18.43909,20.39608,20.09975,20.61553,22.13594,20.61553,21.93171,19.72308,23.43075,42.05948,44.94441,50.21952,48.37355,52.0,53.03772,55.3263,58.69412,58.94065,64.84597,64.07808,63.97656,68.88396,69.33974,73.00685,76.57676,73.66139,78.51751,76.38063,78.56844,76.02631,79.88116,80.70936,79.25907,76.05919,78.29432,79.62412,74.09453,75.76939,72.44998,73.05477,69.92138,73.05477,67.35726,65.25335,63.24555,61.35145,63.24555,63.24555,59.80803,59.46427,62.6099,57.69749,62.6099,56.4358,57.68882,61.40033,58.60034,66.06815,62.1289,63.51378,63.41136,66.21933,71.8401,71.86793,71.28113,75.71658
10.77033,10.77033,10.77033,10.44031,9.48683,9.48683,8.544,8.544,8.544,8.24621,8.24621,7.61577,7.28011,7.28011,6.32456,6.32456,6.32456,5.38516,5.38516,4.47214,4.47214,4.47214,4.47214,4.47214,3.60555,3.60555,3.60555,2.82843,2.82843,2.82843,2.82843,2.82843,2.23607,2.23607,2.23607,2.23607,2.23607,2.23607,2.23607,2.23607,2.23607,2.23607,2.23607,3.16228,3.16228,3.16228,3.16228,3.16228,3.16228,2.82843,2.82843,2.82843,71.11259,69.31811,66.64083,67.62396,67.23095,61.09828,64.51356,63.90618,60.74537,52.49762,52.81098,49.98,51.5461,48.08326,46.84015,43.41659,43.41659,35.44009,36.13862,36.76955,34.9285,33.12099,27.29469,29.96665,28.23119,25.94224,21.9545,21.9545,21.63331,21.26029,20.61553,20.80865,19.10497,17.02939,16.97056,16.97056,15.55635,15.0,16.64332,13.41641,16.15549,14.86607,13.34166,15.0,15.0333,17.46425,20.61553,14.03567,20.61553,18.68154,16.76305,19.92486,19.69772,18.78829,20.12461,19.23538,19.20937,43.82921,44.01136,49.47727,50.48762,53.03772,52.0,52.23983,57.48913,60.63827,59.48109,62.6099,61.77378,69.35416,68.24222,71.02816,70.43437,73.75636,71.42129,75.69016,73.87828,75.9276,79.40403,79.07591,76.05919,74.68601,78.26238,74.24958,73.00685,74.0,71.7844,69.57011,66.76077,66.48308,69.89278,66.09841,65.14599,63.24555,56.921,57.24509,58.18935,55.02727,56.35601,56.85948,61.26989,56.60389,54.58938,58.30952,57.98276,62.20129,61.61169,60.80296,69.33974,67.42403,63.24555,72.67049,71.56116,68.26419
12.04159,12.04159,11.04536,11.04536,10.04988,10.19804,10.19804,9.05539,9.21954,8.06226,8.06226,8.06226,7.07107,7.07107,7.07107,7.07107,7.0,6.08276,6.0,5.0,5.0,5.0,5.0,4.12311,4.12311,4.12311,4.12311,3.60555,4.12311,3.16228,3.60555,3.16228,3.60555,3.60555,3.60555,3.60555,2.82843,3.60555,4.24264,4.24264,2.82843,3.60555,4.24264,4.24264,3.60555,3.60555,4.24264,3.60555,4.47214,4.47214,4.47214,4.47214,74.33034,71.70077,69.72087,67.74216,71.70077,63.56099,64.53681,64.53681,57.48913,54.34151,56.51548,53.15073,50.69517,48.50773,44.92215,42.95346,42.44997,39.62323,34.20526,38.60052,35.35534,33.24154,29.42788,31.06445,24.08319,25.17936,27.01851,23.08679,20.09975,23.08679,22.0,20.09975,19.64688,19.64688,17.72005,15.23155,18.24829,17.88854,17.20465,18.43909,18.60108,17.69181,19.10497,17.02939,17.80449,21.26029,17.69181,18.38478,17.49286,19.41649,24.04163,18.43909,21.63331,23.34524,21.40093,18.38478,21.47091,46.01087,46.27094,48.05206,52.20153,54.626,52.35456,57.80138,56.61272,62.62587,62.96825,64.53681,66.06815,67.42403,68.60029,67.1193,72.61543,74.73286,77.49194,76.92204,77.66595,76.48529,78.77182,78.40918,78.0,77.05842,78.05767,72.33948,70.85901,73.43705,72.99315,73.34848,72.18033,69.42622,64.13267,67.26812,62.58594,63.15061,63.15061,60.63827,62.514,55.7315,60.29925,59.3043,57.03508,55.03635,61.07373,63.00794,61.03278,59.07622,63.03174,60.07495,62.20129,68.06614,69.26038,68.26419,70.25667,73.06162
11.40175,10.63015,10.63015,10.63015,9.89949,8.48528,9.21954,8.48528,8.48528,7.81025,7.07107,7.07107,7.07107,7.07107,5.65685,5.65685,5.0,5.0,5.0,5.0,5.0,3.60555,3.60555,3.60555,3.60555,3.60555,3.16228,3.16228,2.23607,3.0,2.0,3.0,2.0,2.0,2.23607,2.23607,2.23607,3.16228,2.23607,3.16228,3.16228,3.16228,3.16228,3.16228,3.16228,3.16228,3.16228,3.0,3.0,3.0,3.0,3.0,70.17834,69.06519,66.0303,68.24222,67.42403,61.07373,62.20129,54.67175,58.79626,53.15073,50.32892,46.69047,48.16638,43.93177,47.38143,41.7732,38.94868,34.71311,35.0,35.35534,30.23243,33.83785,28.30194,27.01851,24.69818,21.9545,21.47091,24.35159,18.97367,18.38478,19.41649,19.41649,15.0,16.03122,17.02939,17.11724,14.56022,15.0333,13.15295,13.0384,13.60147,13.0384,16.64332,17.20465,15.23155,18.02776,16.64332,16.40122,17.08801,19.69772,20.24846,19.31321,19.41649,21.18962,20.09975,20.22375,18.02776,44.04543,42.52058,50.32892,47.70744,52.83938,52.0,50.92151,55.36244,58.0517,60.53098,64.03124,65.0,64.03124,68.18358,70.71068,71.80529,71.56815,75.27284,70.83784,74.24284,77.82673,76.05919,77.93587,77.17513,73.60027,74.8131,74.33034,75.16648,73.0,70.72482,69.29646,70.03571,67.89698,66.48308,65.06919,63.65532,63.65532,60.82763,58.0517,57.28001,56.0803,57.62812,51.22499,62.42596,53.82379,56.61272,59.36329,58.66856,60.41523,60.03332,61.29437,68.88396,67.1193,67.08204,68.88396,66.18912,73.3553
11.18034,10.77033,10.77033,9.48683,9.84886,8.544,8.544,8.544,7.61577,7.61577,7.61577,7.61577,6.7082,6.7082,5.38516,5.83095,5.83095,5.0,4.47214,4.47214,5.0,4.24264,4.24264,2.82843,3.60555,3.60555,3.60555,2.23607,3.16228,3.16228,3.16228,3.0,3.0,3.0,3.0,4.0,3.0,3.16228,3.16228,3.16228,3.16228,4.12311,4.12311,4.12311,4.0,4.0,4.0,4.0,4.0,4.0,4.0,4.12311,67.1193,74.84651,67.23095,64.2573,68.70953,59.23681,62.29767,60.40695,55.36244,54.12024,55.36244,53.85165,53.14132,47.12749,44.64303,44.59821,41.78516,40.16217,34.17601,36.05551,33.10589,29.54657,30.41381,25.94224,28.23119,26.07681,22.67157,22.02272,23.02173,18.38478,19.84943,17.69181,20.12461,16.40122,15.26434,12.08305,13.89244,12.08305,12.20656,18.24829,17.46425,15.0,15.29706,18.0,16.03122,19.10497,17.0,21.0238,18.02776,21.0238,22.09072,21.0,21.0,20.09975,21.54066,18.78829,22.82542,46.52956,48.37355,53.0,52.34501,52.95281,52.49762,51.5461,53.48832,60.83584,62.96825,65.0,66.21933,67.26812,73.59348,74.24958,74.65253,73.40981,76.6094,74.88658,79.64923,76.05919,81.43709,80.41144,80.41144,75.96052,79.40403,74.95332,73.97973,77.10383,73.1642,73.97973,65.62012,69.58448,66.91039,70.85901,66.27217,61.98387,60.82763,62.80127,59.66574,59.90826,57.28001,58.5235,59.46427,55.97321,58.5235,57.38467,55.00909,61.29437,59.05929,60.83584,64.49806,70.17834,64.84597,70.23532,69.46222,70.23532
10.63015,10.63015,9.89949,9.89949,9.21954,9.21954,8.48528,8.48528,7.81025,7.07107,7.07107,7.07107,7.07107,6.40312,5.65685,5.65685,5.0,4.24264,4.24264,4.24264,3.60555,3.60555,3.60555,3.60555,3.16228,2.23607,2.23607,2.23607,2.0,2.0,2.0,3.0,2.0,2.0,2.23607,2.23607,2.23607,2.23607,3.16228,2.23607,2.23607,3.60555,3.16228,3.16228,3.16228,3.16228,3.16228,3.16228,3.0,3.0,3.0,3.0,72.62231,65.43699,69.81404,66.4003,64.81512,64.3506,56.30275,62.43397,52.43091,51.0,52.47857,46.14109,51.62364,39.11521,43.41659,39.11521,38.83298,38.83298,32.75668,32.20248,32.01562,28.84441,24.20744,25.23886,26.1725,23.34524,20.24846,24.04163,18.60108,19.72308,14.76482,17.20465,16.15549,13.0,16.76305,13.0,14.86607,15.0333,16.0,14.14214,15.0,15.0,13.34166,13.0384,16.12452,17.26268,16.03122,17.02939,20.0,19.0263,19.23538,20.02498,18.0,18.24829,18.11077,18.24829,15.52417,45.27693,44.41846,44.77723,49.76947,52.20153,52.39275,53.60037,57.21888,63.00794,57.0,65.49046,64.77654,68.41053,70.60453,71.51224,69.77822,75.13322,71.19691,76.55064,75.60423,73.40981,78.64477,74.24958,74.33034,72.62231,74.41102,74.20243,75.80237,70.72482,71.86793,68.24222,71.84706,66.37017,65.8635,66.24198,63.63175,58.59181,61.91123,61.29437,58.5235,59.36329,51.86521,54.6443,52.63079,56.22277,49.49747,55.86591,58.69412,58.25805,60.81118,58.89822,61.52235,67.17887,65.06919,63.78087,70.03571,62.2254
11.0,11.04536,11.0,10.04988,10.04988,9.05539,9.05539,9.05539,9.05539,8.06226,8.06226,7.07107,7.0,7.0,6.0,6.08276,6.0,5.0,5.0,5.09902,5.09902,4.12311,4.12311,4.12311,4.12311,4.12311,3.16228,3.60555,3.60555,3.60555,3.60555,2.82843,2.82843,2.82843,2.82843,2.82843,2.82843,3.60555,3.60555,3.60555,3.60555,3.60555,4.24264,3.60555,3.60555,4.24264,4.24264,4.24264,4.24264,4.24264,3.60555,3.60555,64.93843,74.96666,67.47592,66.75328,68.593,63.50591,58.46366,60.41523,56.08921,52.39275,52.95281,52.39275,47.29693,43.9659,47.07441,42.2019,40.26164,35.51056,34.52535,31.57531,30.06659,32.14032,28.01785,28.07134,25.01999,24.08319,24.08319,23.0,17.02939,22.0,20.09975,21.2132,17.0,15.0,14.31782,16.12452,15.81139,15.6205,14.14214,13.0384,15.0,16.27882,17.20465,20.80865,18.86796,19.10497,17.0,19.20937,21.63331,16.27882,20.80865,19.79899,21.93171,20.51828,23.34524,24.20744,20.59126,44.04543,46.84015,49.33559,52.80152,55.07268,52.00961,56.40035,60.10824,62.96825,64.44377,64.2028,67.95587,68.7968,70.23532,73.53911,72.11103,75.28612,77.62087,75.50497,74.43118,76.23647,79.02531,77.05842,79.15807,79.1012,78.31347,72.69113,76.48529,75.18643,72.78049,71.30919,71.56815,67.72001,66.40783,64.19502,65.45991,65.25335,59.22837,63.56099,60.82763,60.67125,57.07013,54.58938,56.32051,52.34501,57.0,54.00926,57.00877,56.14268,59.00847,58.07753,64.28063,66.18912,63.03174,68.11755,65.00769,72.02777
10.04988,9.05539,10.04988,9.21954,9.21954,8.06226,8.06226,8.06226,7.07107,7.28011,6.08276,6.08276,6.08276,5.09902,5.09902,5.0,4.0,4.0,4.0,4.0,4.0,3.16228,3.16228,3.16228,2.23607,2.23607,2.82843,2.82843,2.23607,2.23607,2.23607,2.23607,2.23607,2.23607,3.16228,3.16228,3.0,3.0,3.0,3.16228,4.12311,4.12311,3.16228,4.12311,4.12311,4.12311,4.12311,4.12311,3.60555,4.47214,3.60555,3.60555,69.02898,65.03076,67.0,67.47592,66.61081,61.40033,62.20129,55.44367,51.62364,50.35871,49.0306,49.0306,49.0306,42.75512,41.0,41.10961,40.4475,37.33631,34.23449,35.0571,31.01612,31.0,26.07681,25.07987,22.02272,19.10497,19.0263,18.43909,13.0,15.29706,10.77033,11.40175,14.31782,14.14214,13.45362,14.86607,16.27882,14.14214,16.15549,16.76305,17.49286,16.49242,19.31321,17.46425,18.97367,18.43909,18.24829,19.23538,18.78829,25.29822,19.69772,21.63331,23.25941,21.47091,23.02173,22.02272,19.84943,47.26521,47.75982,51.47815,52.7731,55.0,53.07542,54.45181,56.61272,60.21628,60.21628,66.7308,68.42514,71.55418,71.17584,74.72617,73.75636,74.33034,75.66373,75.66373,75.00667,77.05842,79.05694,79.30952,76.41989,74.96666,74.52516,77.12976,75.18643,73.4983,68.96376,68.30813,72.42237,68.35203,67.06713,65.55151,62.39391,61.03278,60.16644,58.69412,54.34151,58.24946,60.01666,54.58938,55.44367,51.47815,60.03332,55.08176,55.00909,54.0,60.0,57.42822,64.28063,62.1289,61.13101,66.06815,67.1193,67.18631
10.81665,10.81665,10.81665,10.0,9.43398,9.43398,9.21954,8.60233,7.81025,7.2111,7.81025,7.2111,6.40312,6.40312,5.65685,6.40312,5.0,5.0,4.47214,3.60555,3.60555,3.16228,3.60555,2.23607,2.23607,2.23607,2.0,2.0,2.0,2.0,1.41421,2.23607,1.41421,2.23607,2.23607,1.41421,2.23607,2.23607,2.82843,2.82843,2.82843,2.23607,2.82843,2.82843,2.82843,2.82843,2.82843,3.60555,3.60555,3.16228,3.16228,3.16228,64.40497,68.8767,63.69458,63.97656,63.95311,59.05929,65.36819,59.90826,54.20332,51.47815,52.47857,47.88528,46.64762,45.48626,41.34005,40.49691,39.44617,32.80244,34.98571,31.38471,29.54657,30.41381,24.35159,22.84732,21.54066,18.02776,21.18962,17.11724,17.26268,17.46425,15.13275,13.0384,8.544,12.52996,13.0,13.15295,14.42221,11.31371,12.72792,17.02939,14.86607,17.02939,17.80449,17.69181,18.60108,19.10497,19.72308,19.41649,19.20937,17.69181,21.93171,14.14214,21.93171,22.2036,23.85372,20.61553,19.69772,50.77401,48.41487,50.24938,54.67175,56.30275,55.9464,60.00833,60.08328,63.32456,66.4906,65.62012,70.34913,68.11755,75.02666,72.06247,76.65507,73.97973,78.64477,77.12976,80.05623,77.25283,80.05623,83.9345,80.5295,75.17978,81.30191,79.07591,74.63243,78.00641,75.43209,69.81404,69.52697,69.02898,68.24954,66.70832,65.29931,64.66065,62.80127,58.41233,61.85467,57.42822,56.93856,55.47071,55.47071,56.79789,56.36488,60.00833,58.5235,57.93962,57.28001,64.19502,61.40033,64.51356,68.15424,62.29767,65.96969,72.8011
12.04159,12.04159,11.18034,11.04536,10.04988,10.04988,9.05539,9.05539,9.05539,8.06226,8.0,8.0,7.07107,7.07107,6.08276,6.08276,6.08276,5.09902,5.09902,4.12311,4.12311,4.47214,3.16228,3.60555,3.60555,3.60555,2.82843,3.60555,3.16228,3.16228,3.16228,3.16228,3.16228,4.12311,3.16228,3.0,3.0,4.0,4.0,4.0,4.0,4.0,4.0,4.0,4.0,4.0,4.12311,4.12311,4.12311,4.47214,4.47214,4.47214,66.0,71.0,67.02984,63.00794,61.07373,60.13319,62.39391,58.42089,55.14526,53.23533,51.08816,50.63596,44.04543,44.40721,39.31921,43.18565,39.45884,33.37664,30.41381,32.06244,32.06244,28.07134,23.19483,24.33105,20.02498,21.2132,17.46425,20.0,15.23155,17.20465,14.31782,13.60147,12.04159,12.08305,14.76482,15.23155,13.34166,11.18034,12.36932,16.03122,18.24829,19.64688,16.03122,18.24829,19.0263,21.09502,22.0,20.39608,20.39608,21.2132,24.5153,25.4951,21.58703,25.63201,25.4951,25.23886,24.69818,49.0408,51.47815,54.12024,58.82176,56.72742,59.4138,61.84658,65.21503,68.41053,62.64982,72.61543,71.30919,72.8011,77.7946,73.4983,76.48529,78.44743,77.16217,78.31347,81.00617,78.00641,78.23043,78.63841,77.66595,79.07591,73.97973,76.24303,77.88453,74.63243,72.42237,71.7844,68.94926,67.41662,67.06713,64.2573,61.35145,59.13544,60.40695,56.61272,58.0517,53.85165,53.93515,57.07013,52.23983,50.03998,55.22681,53.08484,56.4358,54.23099,60.29925,57.31492,62.514,62.28965,64.38167,66.61081,69.18092,63.50591
10.29563,10.29563,9.84886,9.43398,8.94427,8.60233,8.06226,8.06226,8.06226,6.7082,6.7082,6.40312,5.83095,5.0,4.47214,4.47214,4.47214,3.60555,3.16228,2.23607,2.23607,2.23607,1.41421,2.0,1.0,1.0,1.0,1.41421,1.0,1.0,2.0,2.0,2.0,2.0,2.0,2.0,3.0,3.0,3.0,3.0,3.0,3.0,4.0,3.0,3.0,3.0,3.16228,4.12311,4.12311,3.60555,3.60555,3.60555,63.06346,62.16912,68.88396,63.50591,57.24509,61.58734,57.80138,56.93856,50.77401,51.10773,45.48626,43.41659,42.94182,36.71512,36.89173,35.77709,33.01515,32.75668,31.95309,25.05993,24.69818,22.84732,18.38478,17.88854,15.81139,16.12452,15.0333,10.04988,5.38516,14.31782,13.0384,10.63015,8.06226,8.06226,15.52417,15.0333,11.04536,14.0,16.03122,20.02498,17.11724,17.11724,21.0,18.02776,22.36068,18.11077,25.07987,24.02082,25.17936,22.2036,25.4951,26.92582,27.89265,25.29822,26.92582,26.83282,24.41311,50.32892,56.08921,53.23533,62.03225,58.07753,63.50591,63.06346,65.52099,71.16881,67.77905,68.942,73.34848,77.89737,76.55064,81.60882,79.30952,82.46211,78.56844,82.807,79.39773,82.32861,85.42833,81.40025,78.40918,77.66595,79.32213,79.40403,78.49204,70.3278,75.17978,66.24198,69.83552,67.23095,68.88396,61.77378,62.76942,56.93856,55.80323,55.0,56.0803,58.13777,53.07542,55.15433,49.67897,54.67175,57.42822,60.46487,52.7731,56.79789,51.42956,55.9464,59.5063,60.92618,59.5063,62.03225,63.69458,61.84658
9.48683,9.48683,9.48683,8.544,8.544,8.544,7.28011,6.32456,6.32456,6.32456,6.32456,5.09902,5.09902,5.09902,4.12311,4.0,3.0,3.0,3.0,3.0,2.0,2.23607,1.41421,1.41421,1.41421,2.23607,2.0,2.0,2.0,3.16228,3.16228,3.16228,3.16228,3.16228,3.16228,3.60555,4.47214,4.47214,4.47214,4.47214,4.47214,5.38516,4.47214,5.38516,5.38516,5.09902,5.38516,5.09902,5.09902,5.09902,5.09902,5.0,66.85058,66.85058,63.90618,61.32699,60.83584,59.03389,59.61543,53.31041,53.7122,48.30114,47.01064,42.19005,41.59327,40.31129,34.53983,35.1141,34.43835,25.29822,26.24881,28.86174,20.39608,20.39608,16.0,17.26268,13.34166,12.36932,10.19804,11.7047,9.84886,7.61577,10.81665,8.06226,12.04159,10.44031,13.34166,16.12452,18.0,16.49242,14.14214,16.15549,21.58703,20.61553,23.25941,22.47221,25.07987,24.69818,23.4094,23.76973,22.84732,26.30589,23.5372,30.14963,28.01785,27.01851,28.28427,30.01666,26.4764,50.15974,50.08992,57.70615,57.07013,63.32456,57.38467,65.0,63.95311,68.42514,72.11103,71.40028,71.70077,73.10951,75.66373,74.33034,79.20859,77.10383,85.0,75.21303,77.10383,76.66159,80.77747,77.82031,76.02631,79.15807,77.38863,73.00685,71.55418,76.05919,68.15424,67.97794,62.16912,65.30697,63.97656,65.76473,58.60034,62.17717,53.85165,54.08327,56.22277,51.22499,53.90733,46.69047,51.73973,50.44799,50.44799,50.21952,51.97115,52.7731,59.5063,58.5235,57.27128,59.09315,65.9242,66.12866,66.85058,68.94926
10.63015,10.63015,10.0,9.89949,9.89949,9.21954,8.48528,7.81025,7.81025,7.81025,7.07107,6.40312,6.40312,5.83095,5.0,5.0,3.60555,4.47214,3.60555,3.60555,3.16228,3.16228,2.23607,2.0,2.0,2.0,1.41421,1.41421,1.41421,2.23607,1.41421,2.23607,2.23607,2.23607,3.0,3.0,3.0,3.16228,3.0,3.16228,4.0,4.12311,4.12311,4.12311,4.12311,4.12311,4.12311,4.47214,4.47214,4.47214,5.0,4.24264,69.42622,65.06919,63.03174,63.63961,61.55485,62.62587,60.10824,56.0803,52.3259,48.27007,47.38143,43.18565,44.59821,39.62323,35.38361,32.55764,31.241,30.4795,32.20248,27.01851,24.69818,20.80865,17.80449,16.55295,14.31782,12.64911,9.84886,11.18034,7.61577,7.28011,3.60555,7.61577,10.63015,11.18034,9.48683,16.76305,18.97367,14.56022,21.2132,17.26268,16.49242,19.64688,22.2036,23.4094,24.35159,21.2132,28.86174,27.313,27.45906,25.96151,25.4951,26.92582,29.52965,26.92582,30.23243,29.83287,25.80698,52.03845,59.5399,54.81788,61.68468,60.41523,61.29437,64.49806,64.07027,67.00746,71.42129,73.0,72.91776,80.43009,78.24321,81.40025,77.17513,81.30191,77.89737,80.5295,78.0,80.95678,81.70679,77.16217,80.95678,76.24303,81.32035,74.46476,77.66595,72.56721,73.1642,69.857,67.18631,67.46851,67.68309,64.32729,59.43904,56.51548,56.51548,56.04463,52.7731,55.71355,50.08992,51.42956,53.53504,50.47772,51.40039,53.90733,51.85557,57.38467,58.0,61.7171,60.87693,65.06919,56.85068,64.53681,68.41053,63.60031
9.43398,9.43398,8.60233,8.60233,7.2111,7.2111,7.2111,6.40312,5.83095,5.83095,5.38516,4.47214,4.47214,4.47214,3.16228,3.16228,3.16228,2.0,2.0,1.0,2.0,1.41421,1.0,1.0,1.0,1.41421,2.23607,2.23607,3.16228,3.60555,3.60555,3.60555,3.60555,4.47214,5.0,5.0,5.0,5.0,5.0,5.0,5.83095,5.83095,5.83095,5.83095,5.83095,5.83095,6.7082,5.38516,5.38516,6.32456,6.32456,6.08276,56.63921,58.69412,59.81639,53.15073,56.63921,53.15073,48.10405,49.51767,43.84062,46.2277,42.42641,37.53665,34.20526,35.4683,27.80288,30.61046,28.42534,24.41311,21.54066,21.0238,17.88854,16.55295,12.04159,8.94427,7.07107,6.0,7.28011,5.83095,7.28011,8.24621,9.21954,6.0,13.92839,13.0,13.60147,18.78829,21.47091,22.47221,26.0,20.80865,21.47091,24.16609,27.85678,25.94224,27.73085,28.63564,28.63564,31.38471,29.15476,29.52965,26.92582,29.73214,31.04835,30.01666,30.14963,30.0,29.06888,53.00943,55.60576,57.38467,58.89822,61.40033,64.40497,65.36819,67.60178,68.8767,66.85058,70.2282,71.56815,75.43209,75.18643,74.95332,77.27872,82.03658,80.399,81.3941,84.29116,84.21401,82.0061,75.00667,79.1012,80.22468,79.30952,78.1025,76.05919,74.06079,72.11103,69.02898,71.17584,67.00746,66.00758,65.06919,62.07254,59.13544,59.07622,58.13777,55.7853,54.12947,56.61272,52.63079,49.76947,53.33854,51.47815,51.10773,52.00961,52.63079,55.22681,53.8145,55.17246,58.0,58.13777,65.11528,63.89053,65.94695
9.43398,9.43398,8.06226,8.06226,7.2111,7.2111,6.7082,5.83095,5.83095,5.38516,4.47214,4.47214,3.60555,3.60555,3.60555,2.23607,2.23607,2.0,1.41421,1.41421,1.0,0.0,0.0,1.0,1.0,1.0,1.41421,2.23607,3.16228,2.23607,3.60555,3.16228,4.47214,4.47214,4.47214,4.47214,4.47214,4.47214,4.47214,5.38516,4.47214,5.0,5.0,5.0,5.0,5.0,5.0,5.65685,5.65685,5.65685,5.0,5.0,59.5399,56.35601,57.69749,53.66563,57.00877,53.22593,48.10405,48.33218,41.78516,41.62932,39.56008,38.62642,39.84972,31.01612,32.31099,31.32092,23.4094,22.36068,18.24829,17.46425,15.13275,15.29706,8.0,10.0,4.47214,3.16228,5.0,6.7082,6.40312,7.2111,12.04159,13.45362,16.55295,19.23538,14.56022,22.82542,21.54066,27.51363,25.63201,26.92582,22.84732,26.83282,25.94224,29.06888,30.41381,28.6531,31.62278,31.76476,30.23243,31.40064,33.42155,33.01515,30.4795,33.97058,33.97058,29.0,35.80503,56.85068,62.24147,58.79626,64.44377,64.40497,69.11584,68.60029,67.1193,73.82412,71.11259,73.40981,75.61085,77.16217,79.05694,82.56513,80.23092,88.07383,83.02409,83.02409,83.60024,83.18654,85.37564,79.30952,82.1523,85.28775,83.15047,82.0975,79.05694,74.16873,75.05998,73.68175,73.43705,70.25667,73.43705,67.26812,63.50591,58.0517,60.08328,59.20304,59.80803,60.00833,54.58938,52.69725,48.25971,49.73932,49.57822,48.79549,56.0803,55.31727,55.21775,57.68882,58.82176,62.76942,60.37384,62.1289,63.28507,67.60178
8.06226,8.06226,8.06226,6.7082,6.7082,6.7082,6.7082,5.38516,5.38516,5.38516,4.12311,4.12311,3.16228,3.16228,3.0,2.0,2.0,2.0,1.0,1.0,1.41421,1.0,1.41421,1.41421,1.41421,2.23607,3.60555,2.82843,2.82843,3.60555,4.24264,3.60555,4.47214,5.0,5.83095,5.83095,5.83095,5.83095,5.83095,5.83095,5.83095,6.7082,5.83095,6.40312,5.83095,6.40312,6.40312,6.40312,5.65685,5.65685,6.40312,6.40312,55.80323,57.42822,54.91812,53.53504,49.20366,47.20169,45.79301,40.31129,40.81666,41.88078,35.8469,30.41381,33.12099,31.30495,24.59675,24.16609,23.02173,19.69772,17.72005,15.23155,12.52996,10.04988,7.07107,10.0,3.16228,3.16228,1.0,5.09902,7.28011,10.29563,13.0384,14.76482,18.02776,17.80449,17.49286,20.0,22.67157,20.0,24.04163,24.59675,27.80288,29.41088,26.24881,28.3196,27.20294,33.01515,29.20616,36.06938,31.40064,30.41381,33.97058,35.35534,33.94113,31.14482,38.27532,32.01562,33.28663,57.00877,57.2014,62.26556,61.7414,61.09828,67.06713,64.84597,67.91171,70.21396,76.94154,73.82412,75.95393,78.31347,80.22468,82.0061,81.09871,82.02439,80.399,86.28441,83.38465,83.72574,87.82369,82.20097,83.86298,81.04937,81.3941,78.77182,78.26238,73.1642,78.08969,68.593,68.24954,70.71068,62.64982,65.06919,58.42089,58.07753,58.03447,53.15073,53.33854,53.60037,50.48762,51.66237,49.98,45.22168,48.37355,48.82622,51.62364,48.08326,53.03772,50.93133,57.31492,55.22681,55.31727,58.25805,56.85948,58.00862
8.60233,8.60233,8.60233,8.60233,7.2111,7.2111,7.2111,5.83095,5.83095,5.83095,5.0,4.47214,4.47214,3.60555,3.16228,2.23607,2.23607,1.41421,2.0,1.0,1.0,0.0,0.0,0.0,1.0,1.41421,2.23607,2.23607,2.23607,3.16228,3.60555,3.60555,4.12311,3.60555,5.09902,5.38516,5.38516,4.47214,4.47214,5.38516,5.38516,5.38516,5.38516,5.38516,5.83095,5.38516,5.83095,5.83095,5.83095,5.83095,6.40312,5.65685,63.03174,58.0517,59.5483,57.98276,53.03772,53.8145,54.48853,52.49762,43.13931,45.96738,40.36087,35.0,34.65545,36.06938,29.0,29.73214,25.0,26.62705,21.47091,16.64332,17.0,15.0,10.29563,11.04536,6.08276,4.12311,2.82843,1.41421,4.47214,5.83095,7.07107,7.61577,9.43398,10.63015,16.15549,15.81139,17.80449,20.24846,25.05993,20.88061,21.58703,28.30194,27.78489,26.40076,27.20294,28.17801,30.01666,26.92582,28.17801,28.17801,31.89044,29.20616,33.01515,29.83287,31.40064,33.24154,29.06888,53.75872,62.07254,64.03124,69.11584,64.62971,66.61081,65.51336,71.19691,73.08215,70.21396,75.18643,76.55064,81.15417,82.46211,85.23497,85.08819,84.69357,82.76473,88.14193,85.08819,83.72574,86.31338,81.88406,81.12336,79.61156,79.17702,81.49233,80.62258,74.79305,76.53757,74.70609,72.00694,66.30988,66.18912,65.79514,61.68468,58.5235,60.44005,56.08921,55.44367,54.58938,53.03772,52.03845,49.64877,50.01,51.66237,52.81098,48.46648,50.9902,52.3259,56.60389,57.80138,62.00806,60.60528,63.25346,64.44377,62.36986
11.18034,10.29563,9.43398,9.43398,8.94427,8.06226,8.06226,8.06226,7.2111,7.2111,5.83095,5.83095,5.83095,5.0,3.60555,3.60555,3.60555,2.82843,2.82843,2.82843,1.41421,1.41421,1.41421,1.41421,0.0,1.0,1.0,1.41421,1.41421,1.41421,2.23607,2.82843,2.82843,2.82843,2.82843,2.82843,3.60555,3.60555,2.82843,4.24264,4.24264,4.24264,4.24264,4.24264,4.24264,4.24264,4.24264,4.47214,3.60555,4.47214,4.47214,4.12311,63.56886,62.64184,53.16014,57.58472,56.46238,56.64804,50.69517,50.56679,48.75449,44.77723,48.8467,38.58756,36.23534,34.0,33.54102,26.83282,27.20294,25.07987,23.02173,16.12452,14.86607,14.42221,10.63015,9.84886,6.0,4.24264,4.0,0.0,3.0,2.23607,3.60555,8.06226,5.65685,11.18034,10.63015,15.26434,16.64332,19.10497,22.80351,20.80865,18.38478,22.67157,26.40076,25.0,24.08319,23.60085,24.83948,31.89044,24.20744,26.87006,26.87006,27.80288,26.90725,29.83287,28.01785,29.52965,24.18677,56.36488,62.17717,60.74537,63.00794,65.94695,63.65532,70.00714,70.76722,72.47068,69.02898,73.40981,78.60025,77.80103,81.02469,79.81228,77.10383,79.32213,81.8352,82.8553,83.35466,82.49242,84.38009,84.21995,77.17513,79.17702,78.89233,77.82673,76.8505,74.43118,73.23933,69.89278,74.4043,66.61081,61.07373,64.2028,64.38167,57.28001,57.80138,53.82379,55.0,55.47071,49.65884,52.0,48.08326,47.29693,55.7315,57.00877,49.0,56.22277,51.08816,55.10898,54.45181,58.24088,56.51548,62.0967,63.24555,58.69412
10.44031,9.48683,9.48683,9.48683,8.544,7.61577,6.7082,7.61577,6.7082,5.38516,5.38516,5.38516,4.12311,4.47214,3.16228,3.16228,2.23607,2.23607,2.23607,2.23607,1.0,1.0,1.0,1.41421,1.0,1.0,2.23607,2.23607,2.23607,2.23607,3.16228,3.16228,3.60555,3.60555,3.60555,3.60555,4.24264,5.0,5.0,5.0,5.0,5.0,5.0,5.0,5.0,5.0,5.65685,5.65685,5.0,5.0,4.47214,5.38516,62.64184,63.24555,59.23681,59.13544,56.64804,50.15974,52.20153,50.28916,41.78516,41.59327,40.49691,38.62642,33.01515,33.61547,26.83282,26.92582,28.63564,21.09502,19.92486,17.20465,12.52996,12.04159,12.80625,10.0,7.2111,3.60555,0.0,0.0,3.16228,7.2111,9.21954,10.81665,12.04159,11.18034,13.0384,20.51828,17.02939,18.02776,18.43909,23.34524,26.87006,26.62705,25.0,25.4951,23.43075,30.4795,29.0,26.24881,33.6006,29.83287,31.1127,29.0,32.01562,30.0,28.30194,31.90611,28.17801,57.38467,59.94164,61.85467,61.85467,66.6033,62.93648,67.17887,66.48308,68.76772,69.52697,73.10951,76.6942,77.46612,78.60025,78.00641,79.6304,84.6286,84.59905,81.84131,79.88116,82.1523,80.1561,83.35466,80.62258,82.49242,77.69813,77.69813,75.16648,74.43118,72.67049,71.02816,67.42403,62.42596,64.66065,60.87693,56.56854,58.79626,57.2014,55.75841,55.07268,51.42956,49.24429,51.86521,60.20797,49.49747,50.01,53.15073,51.24451,56.0,55.3263,57.72348,58.85576,62.36986,59.48109,64.84597,60.44005,69.57011
11.18034,10.29563,9.84886,9.84886,9.84886,8.94427,8.544,7.61577,7.61577,6.32456,6.32456,6.32456,5.09902,4.12311,4.12311,4.0,4.0,3.16228,2.0,2.0,2.0,1.41421,2.23607,1.41421,1.0,1.41421,1.0,1.41421,1.41421,2.82843,2.23607,2.82843,3.60555,3.60555,3.60555,3.60555,3.60555,3.60555,4.24264,4.47214,3.60555,5.0,5.0,4.24264,5.0,4.24264,4.24264,5.0,5.65685,5.0,5.0,4.47214,68.76772,63.12686,58.79626,62.482,57.80138,54.48853,50.24938,48.79549,43.18565,43.01163,43.82921,43.26662,37.80212,33.01515,30.52868,29.15476,28.84441,25.05993,19.72308,17.46425,18.68154,15.52417,13.60147,7.28011,10.29563,5.38516,3.0,2.0,2.0,4.47214,6.7082,8.48528,5.0,10.77033,15.26434,16.12452,15.0,19.72308,18.97367,20.0,19.20937,23.25941,19.23538,21.18962,21.93171,21.9545,20.80865,26.0,24.08319,26.62705,28.17801,24.41311,28.30194,27.01851,25.6125,22.62742,23.85372,58.54912,56.00893,61.07373,60.53098,62.80127,65.11528,65.0,67.44627,70.60453,70.5195,72.23573,73.00685,75.96052,76.32169,77.47258,81.85964,80.5295,79.30952,80.62258,78.72103,78.29432,84.59905,80.06248,77.69813,76.66159,78.39005,75.591,75.17978,71.58911,72.44998,68.02941,64.4748,67.41662,61.68468,59.48109,62.36986,58.69412,55.7315,55.3263,55.57877,53.00943,54.33231,53.60037,54.12947,54.34151,53.23533,51.0,53.7122,55.22681,58.24946,53.85165,61.40033,66.70832,56.85068,62.62587,63.03174,66.52819
9.89949,9.21954,9.21954,8.48528,7.81025,7.81025,7.07107,6.40312,6.40312,5.0,5.0,5.0,3.60555,3.60555,3.60555,2.82843,2.23607,1.41421,1.0,1.0,1.0,0.0,0.0,0.0,1.41421,1.41421,2.23607,2.23607,3.16228,3.16228,3.16228,3.60555,4.12311,4.12311,4.12311,4.12311,4.12311,5.38516,4.47214,5.38516,5.38516,5.38516,5.38516,5.38516,5.38516,5.38516,5.38516,5.83095,5.0,5.0,5.83095,5.65685,67.26812,63.65532,62.28965,60.87693,56.58622,57.98276,53.07542,46.66905,44.55334,44.59821,42.52058,40.0,36.87818,34.05877,25.6125,25.6125,22.67157,23.70654,18.60108,15.0,15.23155,11.18034,11.40175,5.83095,4.12311,1.0,1.0,4.12311,3.0,2.23607,8.06226,8.06226,9.05539,13.60147,15.52417,17.0,16.15549,17.72005,20.24846,23.25941,25.29822,23.76973,22.84732,26.40076,27.51363,28.4605,29.73214,25.07987,27.73085,26.40076,29.15476,26.83282,29.15476,24.83948,25.55386,29.83287,24.83948,57.00877,59.00847,61.13101,64.93843,66.48308,68.15424,66.76077,68.41053,70.83784,66.85058,74.73286,75.15318,77.47258,78.72103,78.29432,81.00617,82.29216,80.5295,84.59905,85.08819,81.9878,86.60831,82.8553,80.26207,79.40403,79.40403,78.77182,77.02597,72.20111,73.06162,69.35416,67.62396,63.15853,63.56886,63.32456,62.58594,58.69412,58.69412,54.58938,55.14526,54.0,55.3263,57.31492,52.95281,51.92302,50.32892,57.27128,56.79789,60.90156,59.07622,60.74537,62.00806,63.00794,60.80296,67.35726,68.11755,67.35726
8.94427,8.94427,8.94427,8.06226,8.06226,6.7082,6.7082,5.83095,5.38516,5.0,4.47214,4.47214,3.60555,3.16228,2.23607,2.23607,1.41421,1.0,0.0,0.0,0.0,1.41421,1.41421,1.41421,2.23607,2.82843,2.82843,2.82843,4.24264,4.24264,4.24264,4.24264,4.24264,5.0,5.0,5.65685,5.83095,5.65685,5.65685,5.65685,5.65685,6.40312,6.40312,5.65685,5.65685,6.40312,6.40312,5.83095,6.40312,5.83095,5.83095,5.83095,58.87274,54.23099,55.03635,53.31041,58.18075,48.33218,44.28318,41.59327,45.27693,38.62642,36.71512,32.64966,31.01612,27.29469,26.62705,24.69818,20.24846,18.86796,15.26434,12.20656,12.20656,6.40312,4.24264,3.0,2.0,4.24264,5.0,4.47214,11.6619,9.84886,12.04159,10.0,15.0,18.60108,20.12461,18.86796,24.83948,24.20744,24.75884,27.65863,27.01851,26.87006,29.20616,29.0,28.3196,28.42534,30.4795,31.1127,29.06888,27.58623,27.65863,29.73214,30.0,32.20248,30.01666,30.23243,26.41969,58.13777,59.16925,61.05735,67.80118,67.62396,65.8559,70.0928,67.89698,72.83543,71.58911,74.8131,78.40918,80.0,81.02469,82.46211,80.21222,83.23461,84.87638,79.05694,82.66196,81.8352,87.65843,82.92768,81.63333,81.12336,76.55064,77.17513,77.42093,73.60027,71.40028,67.35726,67.47592,65.29931,65.79514,64.3506,62.36986,55.31727,56.61272,54.08327,54.20332,53.7122,51.26402,51.24451,53.15073,50.9902,49.09175,48.04165,53.33854,56.88585,58.0517,54.34151,58.69412,63.32456,61.35145,62.64184,62.62587,59.46427
10.04988,9.05539,9.05539,8.06226,8.06226,7.07107,7.07107,6.08276,6.08276,5.09902,5.09902,5.09902,4.12311,3.16228,3.16228,3.16228,2.82843,2.82843,2.23607,2.23607,2.23607,2.0,2.0,2.23607,2.23607,2.23607,2.82843,3.60555,3.60555,4.24264,4.24264,4.24264,4.24264,5.0,4.24264,4.24264,5.0,5.65685,5.65685,5.65685,5.0,5.65685,5.65685,5.65685,5.0,5.65685,5.0,5.83095,5.83095,5.38516,5.38516,5.38516,63.28507,58.21512,57.31492,54.08327,54.03702,51.15662,47.01064,46.01087,40.0125,42.29657,36.67424,33.06055,35.12834,28.07134,28.44293,26.0,21.84033,16.49242,19.69772,12.52996,11.6619,11.7047,10.63015,8.0,6.0,10.0,10.44031,12.80625,14.31782,15.65248,15.6205,16.40122,17.20465,15.81139,22.36068,21.63331,22.36068,29.68164,25.94224,28.30194,30.8707,33.12099,30.01666,30.52868,33.83785,30.80584,34.66987,32.75668,31.89044,33.24154,34.65545,31.89044,33.42155,30.80584,32.64966,30.80584,32.20248,58.13777,58.07753,60.53098,61.39218,59.48109,65.19202,63.97656,69.77822,72.00694,71.19691,75.29276,74.4043,80.21222,79.40403,83.24062,82.21922,79.39773,79.24645,81.32035,84.89994,79.30952,82.32861,80.43009,79.51101,79.6304,74.8131,79.02531,73.40981,72.20111,70.43437,72.47068,67.62396,64.53681,64.66065,59.5483,58.79626,53.07542,51.73973,51.85557,57.14018,50.24938,48.30114,47.43416,48.10405,51.5461,50.21952,51.97115,54.33231,53.23533,55.03635,56.0,58.03447,60.03332,59.03389,60.29925,63.3877,63.03174
8.544,9.48683,8.544,8.544,7.28011,6.32456,6.32456,5.38516,5.38516,4.47214,4.12311,4.12311,3.60555,2.82843,2.23607,1.41421,1.41421,1.41421,2.0,2.0,2.0,2.23607,1.41421,1.41421,2.82843,2.82843,3.16228,3.60555,3.60555,3.16228,4.47214,4.47214,4.47214,4.47214,4.47214,5.38516,4.47214,5.0,5.0,5.83095,5.83095,5.83095,5.83095,5.83095,5.0,5.83095,5.65685,5.65685,5.65685,5.0,5.0,4.47214,63.06346,63.24555,58.87274,60.87693,55.36244,49.47727,52.39275,47.53946,44.14748,41.0,40.8534,37.36308,34.0147,31.38471,28.17801,30.36445,24.69818,19.23538,17.88854,15.6205,20.51828,13.60147,10.81665,10.04988,8.544,11.7047,9.21954,13.34166,12.80625,17.80449,16.27882,13.45362,18.02776,17.49286,24.41311,22.2036,23.32381,24.69818,24.69818,28.6531,26.92582,26.62705,25.55386,29.20616,27.78489,32.20248,30.80584,29.41088,30.0,29.06888,28.6007,32.52691,32.55764,33.30165,30.0,29.68164,29.06888,52.35456,57.27128,61.98387,60.87693,64.53681,61.81424,66.48308,65.06919,70.06426,69.00725,74.24284,75.80237,76.48529,76.90254,77.36924,78.58753,80.95678,83.1685,81.27115,82.21922,78.77182,83.38465,82.29824,79.64923,82.1523,79.60528,79.64923,70.3278,73.06162,66.88797,68.96376,69.83552,63.15853,60.83584,60.53924,58.5235,56.61272,55.97321,54.57105,55.31727,50.35871,51.62364,51.0392,48.04165,51.08816,45.39824,52.95281,56.75385,57.28001,61.03278,56.921,60.16644,63.60031,62.62587,65.80274,62.39391,66.12866
12.52996,11.18034,11.18034,11.18034,10.29563,8.94427,8.94427,8.94427,8.06226,8.06226,7.61577,6.7082,6.7082,5.83095,5.0,5.0,4.24264,4.24264,3.60555,3.60555,3.16228,3.16228,3.16228,3.0,3.0,3.0,3.16228,4.12311,3.16228,3.60555,4.47214,4.47214,4.47214,4.47214,5.0,5.0,5.0,4.47214,5.38516,5.0,5.0,5.0,5.38516,5.83095,5.38516,5.38516,5.38516,6.32456,6.08276,6.08276,6.0,6.0,67.95587,68.50547,66.28725,62.96825,61.29437,61.05735,56.82429,54.70832,53.7122,48.02083,49.1935,44.10215,43.26662,33.61547,34.48188,31.62278,29.68164,28.30194,25.4951,24.75884,21.40093,20.61553,21.47091,13.60147,18.38478,15.0333,14.0,14.31782,14.0,14.76482,18.38478,14.42221,15.0,17.69181,20.61553,19.10497,21.40093,23.02173,24.20744,27.01851,24.75884,27.01851,24.08319,27.20294,26.40076,31.14482,31.14482,31.89044,26.40076,27.58623,29.73214,29.83287,28.84441,28.30194,30.52868,28.23119,27.89265,48.70318,54.58938,53.60037,59.03389,60.1415,59.4138,63.12686,64.2028,62.68174,64.49806,69.31811,69.07966,75.23962,73.73602,75.96052,76.92204,79.81228,77.66595,82.56513,78.51751,81.04937,77.31753,80.09994,79.1012,79.02531,74.06079,74.0,74.10803,73.17103,71.00704,70.0,66.00758,68.00735,62.03225,63.00794,59.07622,58.00862,58.30952,54.33231,54.12947,52.95281,52.20153,57.58472,52.55473,51.89412,56.36488,54.20332,55.22681,58.41233,53.85165,63.41136,65.80274,68.24222,61.07373,64.81512,69.81404,70.60453
10.44031,10.44031,9.48683,9.21954,8.24621,8.24621,8.24621,7.07107,7.07107,6.08276,6.08276,5.09902,5.09902,4.12311,4.12311,3.16228,3.16228,3.16228,2.82843,2.82843,2.23607,2.23607,1.41421,2.0,2.0,2.0,3.16228,3.16228,3.16228,3.16228,3.60555,3.60555,3.60555,4.47214,3.60555,3.60555,3.60555,4.47214,4.47214,4.47214,4.47214,4.47214,4.47214,4.47214,4.47214,4.12311,5.09902,5.09902,5.0,4.0,5.0,4.12311,68.15424,64.51356,67.62396,63.89053,59.48109,57.87055,56.51548,55.7853,47.53946,45.35416,45.12206,44.38468,41.23106,39.05125,35.17101,32.28002,30.36445,26.40076,22.36068,23.25941,20.80865,17.0,13.60147,15.0,14.14214,16.64332,17.49286,12.64911,11.40175,14.03567,16.0,16.0,16.55295,17.72005,18.43909,21.18962,19.41649,22.13594,23.08679,24.16609,23.4094,21.54066,21.54066,25.4951,26.92582,27.51363,26.24881,30.08322,27.89265,26.07681,27.29469,30.14963,29.01724,27.01851,28.0,26.07681,24.04163,49.24429,50.59644,55.9464,58.18075,56.30275,58.89822,60.82763,63.65532,62.62587,65.94695,68.8186,71.28113,71.56116,76.15773,74.46476,75.02666,75.61085,73.38937,74.72617,77.78175,78.08969,79.76215,77.41447,78.40918,76.32169,77.05842,75.10659,74.02702,73.02739,70.0,67.06713,66.1211,67.26812,64.28063,62.20129,60.13319,60.00833,54.14795,55.3263,52.15362,53.33854,55.31727,51.97115,54.12024,53.14132,50.69517,53.31041,55.4617,60.41523,59.94164,59.16925,67.1193,64.84597,65.8635,65.8635,69.77822,69.857
10.44031,10.44031,10.44031,9.21954,9.21954,8.06226,8.24621,7.07107,7.07107,7.07107,6.08276,5.09902,5.09902,5.09902,4.12311,4.12311,3.16228,3.16228,2.82843,2.82843,2.82843,2.23607,2.23607,2.23607,2.0,2.23607,2.23607,3.16228,3.0,3.16228,3.16228,3.16228,3.16228,4.47214,3.60555,3.60555,3.60555,4.47214,4.47214,4.47214,4.47214,4.47214,4.12311,4.47214,4.12311,5.09902,5.09902,4.0,4.0,4.0,4.0,4.12311,70.21396,67.1193,65.79514,64.84597,59.09315,59.23681,53.48832,54.23099,48.10405,50.69517,50.69517,46.17359,39.92493,35.4683,36.05551,32.69557,30.46309,26.57066,23.4094,25.23886,24.08319,21.2132,16.97056,19.10497,16.12452,15.65248,16.55295,15.13275,18.68154,14.14214,14.14214,13.0384,19.69772,17.08801,14.31782,18.43909,21.0238,20.12461,24.69818,21.47091,20.0,22.84732,26.92582,24.04163,23.25941,26.83282,25.4951,29.06888,27.313,22.80351,27.73085,27.65863,27.89265,28.07134,26.07681,25.01999,26.4764,49.81967,55.08176,53.14132,60.00833,61.29437,63.41136,62.00806,64.3506,64.38167,71.8401,69.40461,76.00658,71.86793,74.30343,74.24284,74.73286,80.23092,80.65358,80.65358,80.77747,82.56513,76.11833,82.73452,80.50466,81.15417,75.32596,73.10951,72.00694,71.0,73.06162,69.06519,67.00746,65.03076,64.07027,64.00781,56.14268,59.5399,56.22277,53.15073,50.63596,51.66237,56.75385,51.92302,48.46648,50.92151,57.80138,61.40033,56.0803,57.42822,56.93856,62.42596,62.20129,63.28507,66.57327,70.72482,71.34424,72.40166
10.0,10.0,10.0,9.0,9.0,8.0,8.0,7.0,7.07107,6.0,6.0,5.0,5.0,4.0,4.0,4.0,3.0,3.0,2.23607,2.23607,2.23607,2.23607,2.23607,2.23607,2.23607,2.23607,2.0,3.0,3.0,2.0,3.0,3.0,3.0,3.0,3.16228,3.16228,3.16228,4.12311,4.0,4.12311,4.0,4.12311,4.0,4.0,4.0,4.0,4.0,4.12311,4.12311,4.12311,4.47214,3.60555,65.12296,69.0,63.03174,64.07027,65.00769,57.14018,55.08176,54.14795,51.47815,48.09366,47.16991,44.04543,45.09989,39.31921,37.05401,35.0,29.06888,29.01724,29.06888,24.18677,24.73863,24.04163,20.24846,16.76305,18.02776,15.26434,17.02939,15.81139,13.92839,13.41641,16.76305,16.03122,16.0,19.10497,22.02272,18.11077,14.03567,19.0263,20.09975,21.0,22.2036,21.09502,22.02272,25.07987,24.18677,25.0,25.0,26.1725,28.01785,26.30589,29.42788,27.65863,28.86174,26.4764,28.63564,23.32381,24.69818,53.41348,55.22681,54.56189,61.03278,59.36329,59.94164,62.03225,65.78754,68.68042,70.0928,68.73136,72.83543,74.10803,74.24284,78.00641,78.05767,76.53104,79.9062,78.08969,82.37718,75.13322,80.52329,78.44743,78.77182,76.32169,73.53911,74.24958,75.23962,68.44706,71.11259,67.1193,65.30697,64.07808,60.92618,57.00877,61.46544,55.54278,54.70832,53.75872,53.15073,51.66237,50.48762,49.25444,52.08647,48.04165,48.01042,54.14795,52.95281,58.54912,63.78871,61.81424,63.95311,64.13267,66.28725,67.36468,68.88396,70.71068
11.7047,11.40175,11.40175,11.40175,10.19804,10.19804,9.21954,9.21954,8.24621,8.06226,7.28011,7.28011,6.08276,6.32456,5.38516,5.38516,4.47214,4.47214,4.47214,3.60555,3.60555,3.60555,2.82843,2.82843,2.23607,3.16228,3.16228,2.0,3.0,4.0,3.0,3.0,3.0,3.0,4.0,4.12311,4.12311,4.12311,4.12311,4.12311,4.0,4.0,4.0,4.0,5.0,5.0,5.0,5.09902,5.09902,4.12311,4.47214,4.47214,73.68175,68.68042,71.06335,67.68309,64.84597,65.25335,63.34824,58.24946,55.10898,51.78803,54.12947,45.12206,41.48494,42.57934,41.23106,35.17101,34.17601,31.32092,30.08322,26.0,26.07681,23.25941,21.40093,22.2036,20.0,18.60108,17.80449,18.86796,18.68154,18.68154,18.02776,19.10497,19.0,20.09975,19.41649,20.02498,24.18677,24.08319,21.58703,24.18677,24.08319,26.92582,24.73863,22.80351,26.68333,25.31798,25.0,27.65863,25.07987,28.86174,28.16026,30.14963,27.01851,24.02082,29.42788,27.45906,26.92582,54.58938,55.80323,59.5483,62.2254,62.36986,66.8431,64.63745,67.1193,67.54258,68.02941,68.70953,75.0,76.92204,77.88453,80.06248,80.50466,79.51101,78.16009,80.025,80.025,79.02531,81.22192,78.51751,77.64664,75.80237,77.92946,72.99315,69.2315,70.21396,67.68309,64.13267,66.94027,64.7611,64.32729,59.68249,56.88585,56.32051,56.0803,55.03635,55.0,55.08176,47.09565,53.46027,53.93515,51.92302,57.48913,55.36244,56.85948,57.58472,60.82763,62.24147,62.24147,66.64083,68.44706,71.11259,68.942,70.26379
12.0,11.0,11.0,10.0,10.0,10.0,10.0,9.0,8.0,8.0,7.0,7.0,7.0,6.0,6.08276,6.08276,5.09902,5.09902,4.12311,4.47214,4.47214,3.60555,3.60555,4.24264,3.60555,4.24264,3.60555,4.47214,3.60555,4.47214,4.47214,4.47214,4.47214,4.47214,4.47214,4.47214,4.47214,5.38516,4.47214,4.47214,5.38516,5.38516,5.38516,4.47214,4.47214,5.0,5.0,5.0,5.0,5.65685,5.65685,5.0,70.06426,69.00725,74.00676,67.00746,66.0,65.12296,60.20797,59.4138,57.07889,51.47815,55.14526,45.27693,48.37355,38.32754,40.11234,41.04875,36.22154,32.06244,32.01562,29.01724,32.24903,26.92582,22.36068,22.13594,19.64688,19.92486,22.47221,18.86796,17.02939,20.0,17.02939,21.93171,18.60108,22.36068,18.02776,20.59126,17.88854,26.83282,24.35159,21.93171,23.4094,22.80351,25.07987,25.29822,26.57066,26.0,25.63201,26.83282,24.69818,27.73085,26.83282,25.05993,27.45906,27.01851,27.80288,29.20616,27.01851,50.11986,53.00943,51.66237,58.0517,55.44367,60.41523,58.13777,60.83584,63.56099,63.32456,65.80274,71.06335,70.40597,71.19691,75.23962,71.00704,73.00685,74.02702,74.33034,71.70077,71.84706,74.1485,70.83078,68.88396,71.8401,71.47027,68.00735,70.60453,60.72891,67.35726,61.09828,63.90618,57.93962,58.82176,59.77458,58.82176,53.16014,52.63079,50.9902,51.62364,52.61179,49.0102,53.0,53.00943,54.0,49.16299,54.91812,58.42089,60.20797,58.0517,58.69412,64.93843,69.42622,61.66036,69.2315,72.99315,75.32596
11.7047,11.40175,10.44031,10.19804,9.21954,9.21954,8.24621,8.24621,8.24621,7.28011,7.07107,6.32456,6.08276,6.08276,5.09902,5.38516,4.47214,4.12311,4.47214,3.60555,3.60555,3.60555,2.82843,2.82843,2.82843,2.82843,3.60555,3.16228,3.16228,3.16228,3.16228,3.16228,3.16228,3.16228,3.16228,3.0,3.0,4.0,4.12311,4.12311,4.0,4.0,4.12311,4.12311,4.12311,3.16228,4.12311,4.47214,3.60555,3.60555,3.60555,4.24264,73.4983,73.75636,71.06335,69.05071,64.93843,59.07622,63.28507,59.4138,59.3043,54.23099,51.15662,51.15662,49.16299,43.10452,41.4367,39.01282,37.0,31.40064,33.24154,31.57531,29.73214,28.86174,23.4094,25.05993,21.09502,20.12461,23.02173,22.67157,22.02272,22.67157,19.20937,20.51828,21.09502,16.12452,20.12461,18.86796,22.82542,21.0238,21.9545,22.84732,21.0238,22.84732,24.35159,24.59675,24.04163,25.29822,23.70654,25.07987,19.31321,22.82542,22.84732,25.23886,25.0,25.0,26.24881,20.0,25.80698,48.25971,51.66237,55.02727,55.9464,59.94164,57.14018,59.20304,60.80296,64.3506,65.06919,66.0303,67.80118,71.02816,68.96376,71.11962,73.82412,75.27284,73.1642,75.39231,75.69016,76.40026,75.70997,78.44743,74.16873,78.23043,75.16648,69.0,72.00694,68.0,67.06713,67.00746,64.00781,64.00781,62.07254,63.07139,60.20797,58.00862,56.0357,54.14795,54.23099,52.46904,57.72348,55.10898,57.72348,54.70832,57.00877,55.97321,57.38467,63.07139,66.70832,65.0,66.64083,68.44706,71.69379,72.23573,71.30919,77.62087
12.64911,12.64911,11.7047,11.7047,10.77033,10.77033,9.84886,9.84886,9.84886,8.544,8.544,8.544,7.61577,7.61577,6.32456,6.32456,6.08276,6.08276,5.09902,5.0,5.0,5.0,5.0,5.09902,5.0,5.09902,4.12311,4.12311,4.12311,4.12311,4.47214,4.47214,4.47214,4.47214,4.47214,4.47214,4.47214,4.47214,4.47214,4.47214,4.47214,4.47214,4.47214,4.47214,4.47214,5.38516,5.38516,5.09902,5.09902,5.09902,5.09902,5.0,76.02631,76.15773,73.79024,71.58911,72.06941,67.6757,67.1193,64.63745,58.60034,56.60389,56.30275,51.61395,53.53504,46.61545,44.40721,43.01163,43.01163,37.73592,34.66987,31.76476,34.53983,30.88689,29.54657,29.12044,26.24881,26.68333,25.70992,25.07987,26.07681,23.02173,26.01922,26.01922,21.0238,21.58703,25.0,22.56103,24.35159,20.88061,24.35159,23.08679,25.70992,24.35159,23.76973,29.15476,24.69818,23.76973,22.80351,26.24881,26.57066,24.5153,25.70992,25.70992,24.73863,24.33105,27.07397,23.19483,24.08319,46.09772,48.27007,52.47857,53.23533,54.23099,54.70832,56.04463,57.07013,61.66036,58.13777,63.12686,64.28063,65.62012,66.75328,73.75636,69.64194,71.16881,68.30813,72.61543,69.35416,68.96376,75.13322,72.20111,68.24222,67.20119,71.40028,67.62396,67.00746,65.19202,63.03174,62.62587,62.36986,59.5483,60.44005,60.60528,58.41233,54.81788,55.80323,51.22499,55.75841,55.22681,51.10773,54.12947,56.85948,54.626,51.62364,56.64804,56.04463,60.08328,63.24555,62.64184,65.0,71.47027,67.72001,71.16881,74.33034,75.27284
14.03567,13.0384,13.0,12.0,11.0,11.0,11.0,10.0,10.0,9.05539,9.0,8.0,8.0,7.0,7.0,7.07107,6.08276,6.08276,6.08276,5.09902,5.09902,5.09902,5.38516,5.38516,4.47214,4.47214,4.47214,5.0,5.0,5.0,5.0,5.0,4.24264,4.24264,4.24264,4.24264,4.24264,5.65685,4.24264,4.24264,5.0,5.0,5.65685,5.0,5.0,5.0,5.0,5.0,5.0,5.38516,4.47214,5.09902,77.62087,76.90254,78.1025,74.73286,70.83078,68.44706,65.9242,64.49806,60.20797,60.67125,59.3043,54.08327,51.47815,47.09565,46.52956,43.10452,39.31921,36.34556,34.36568,34.52535,33.95585,29.41088,30.67572,26.57066,27.85678,22.13594,25.4951,23.02173,20.80865,23.60085,26.90725,24.75884,20.51828,24.04163,22.80351,22.2036,22.67157,23.85372,21.40093,21.63331,20.24846,26.07681,22.82542,22.82542,26.41969,24.59675,24.59675,23.32381,23.60085,22.80351,24.83948,25.23886,24.83948,24.04163,27.58623,23.85372,26.07681,47.01064,49.25444,48.27007,52.81098,55.15433,54.20332,57.98276,57.42822,58.89822,61.55485,60.10824,64.66065,66.8431,67.42403,67.1193,67.74216,74.70609,72.91776,71.30919,71.8401,67.72001,74.46476,74.95332,72.00694,71.02112,72.56032,70.25667,67.60178,67.36468,70.34913,62.07254,64.03124,63.03174,61.13101,60.13319,60.13319,55.22681,55.44367,54.74486,56.29387,55.9017,53.85165,56.75385,58.82176,52.81098,61.35145,59.5063,59.5399,59.94164,64.88451,63.06346,68.47627,68.70953,67.08204,72.01389,72.91776,76.15773
12.16553,11.18034,11.18034,10.44031,10.19804,9.48683,9.48683,8.544,8.544,8.24621,7.61577,7.28011,6.32456,6.32456,5.38516,5.09902,5.09902,5.09902,4.0,4.0,4.0,4.0,4.0,3.16228,3.16228,3.16228,3.16228,3.16228,3.60555,3.60555,3.60555,2.82843,3.60555,3.60555,3.60555,2.82843,3.60555,3.60555,3.60555,3.60555,3.60555,3.60555,3.60555,3.60555,3.60555,3.60555,3.60555,3.60555,4.12311,3.16228,4.0,4.0,76.02631,75.05998,78.00641,74.10803,70.34913,67.18631,66.61081,64.62971,60.82763,57.55867,55.44367,51.62364,50.24938,44.64303,44.64303,47.29693,39.62323,35.17101,36.22154,34.05877,33.13608,28.07134,29.27456,25.07987,26.01922,24.5153,25.31798,25.31798,20.22375,22.84732,20.12461,22.36068,20.59126,21.63331,20.0,22.67157,20.59126,24.20744,21.2132,24.08319,20.51828,22.67157,21.93171,23.34524,23.34524,25.0,23.34524,24.75884,25.4951,24.20744,26.24881,24.41311,24.59675,25.05993,24.16609,25.0,26.4764,48.04165,48.83646,47.12749,52.92447,55.9464,56.30275,57.2014,60.959,60.81118,60.30755,64.81512,65.73431,69.11584,68.0,68.42514,70.68239,75.02666,72.12489,71.56815,73.4983,74.73286,75.66373,74.24284,76.10519,73.00685,71.00704,75.16648,71.34424,69.11584,72.24957,67.18631,67.18631,67.60178,64.38167,65.06919,62.20129,61.29437,60.13319,59.07622,57.00877,57.03508,57.07889,60.13319,55.44367,59.3043,53.60037,58.69412,61.18823,61.61169,64.53681,67.26812,69.857,72.78049,72.53275,73.5459,76.79193,77.27872
11.6619,11.6619,10.81665,10.81665,10.0,10.0,10.0,8.60233,8.60233,8.60233,7.81025,7.2111,7.2111,6.40312,5.83095,5.83095,5.83095,5.83095,4.47214,4.47214,4.47214,4.47214,4.12311,4.12311,4.12311,4.12311,4.0,4.0,3.0,4.0,3.0,4.12311,3.0,3.0,3.0,4.0,4.12311,3.16228,3.16228,3.16228,4.12311,3.16228,4.12311,3.0,3.0,4.0,4.0,4.0,4.0,4.12311,4.12311,3.60555,76.53757,73.68175,70.83784,73.82412,70.93659,68.54196,68.44706,63.50591,59.48109,58.18075,56.93856,50.9902,49.64877,48.8774,46.95743,45.18849,42.04759,38.48376,39.0,32.89377,34.17601,33.52611,25.70992,29.12044,26.4764,26.4764,26.1725,24.0,23.0,24.18677,25.96151,24.08319,23.5372,23.34524,21.58703,25.96151,25.96151,22.84732,23.76973,21.54066,23.08679,26.07681,22.80351,25.07987,23.08679,23.76973,24.35159,29.15476,24.16609,26.40076,24.73863,25.96151,26.30589,24.18677,25.01999,25.31798,25.17936,47.75982,49.0408,46.01087,52.00961,56.4358,55.22681,50.77401,54.40588,57.93962,60.72891,67.46851,66.91039,71.02112,72.27724,73.02739,69.00725,67.18631,71.34424,68.46897,74.46476,71.16881,80.04998,73.68175,75.58439,76.6942,74.46476,72.49828,73.79024,68.8767,70.23532,65.29931,66.88797,66.7308,63.28507,61.58734,60.90156,61.29437,57.69749,54.12024,55.54278,56.46238,53.85165,55.02727,56.61272,57.00877,53.36666,56.08921,56.56854,63.95311,62.39391,64.28063,67.26812,69.46222,72.44308,71.44928,74.73286,77.46612
12.64911,11.7047,11.7047,11.40175,10.44031,10.19804,9.48683,9.21954,9.21954,8.24621,8.24621,7.28011,7.28011,6.32456,6.32456,6.32456,5.38516,5.38516,4.47214,4.47214,4.47214,4.47214,3.60555,3.60555,4.24264,4.24264,3.60555,3.60555,3.60555,3.60555,3.60555,3.60555,3.60555,3.60555,3.60555,3.16228,3.16228,3.60555,3.16228,3.60555,3.16228,3.16228,3.16228,3.60555,3.60555,3.60555,3.60555,4.24264,4.24264,3.60555,3.60555,3.60555,71.30919,71.80529,75.43209,73.34848,69.63476,68.88396,66.61081,63.95311,59.21149,58.30952,56.4358,53.33854,51.35173,47.26521,48.04165,40.04997,39.20459,42.2019,37.21559,33.24154,37.36308,29.83287,32.31099,29.73214,24.04163,25.07987,26.41969,24.59675,25.6125,22.2036,24.20744,25.6125,23.34524,22.67157,22.47221,24.08319,21.26029,21.26029,23.60085,24.08319,22.47221,23.85372,24.18677,24.20744,22.47221,23.60085,23.34524,26.92582,25.0,23.60085,26.24881,25.4951,25.6125,24.20744,24.20744,23.85372,24.16609,44.04543,46.17359,47.85394,50.0,51.47815,53.22593,51.47815,55.75841,56.40035,56.85068,62.24147,62.28965,67.35726,66.8431,68.24222,67.41662,70.49113,69.35416,73.34848,72.44998,69.26038,72.44998,68.15424,71.06335,70.85901,74.54529,73.5527,71.17584,68.88396,71.34424,65.12296,63.07139,62.1289,59.07622,60.13319,63.03174,56.0803,55.14526,55.3263,52.7731,54.58938,56.51548,54.12024,54.08327,56.32051,53.45091,54.78138,59.5063,59.9333,63.32456,64.88451,68.44706,72.49828,66.64083,71.58911,73.40981,74.73286
13.92839,13.0,12.64911,12.36932,11.40175,11.40175,10.44031,10.44031,10.19804,9.21954,9.21954,8.24621,8.24621,7.28011,7.28011,6.32456,6.32456,6.32456,5.38516,5.38516,5.38516,5.38516,5.0,4.47214,5.0,5.0,4.24264,4.24264,4.24264,4.24264,4.24264,3.60555,3.60555,3.60555,3.60555,3.60555,4.47214,3.60555,3.60555,3.60555,3.60555,3.60555,3.60555,4.47214,3.60555,3.60555,5.0,3.60555,4.24264,4.24264,4.24264,3.60555,79.17702,77.41447,74.73286,73.40981,73.34848,72.23573,69.35416,70.2282,62.76942,59.77458,57.00877,57.24509,52.81098,49.39636,48.46648,44.38468,43.08132,43.08132,40.8534,36.05551,37.58989,32.75668,26.62705,28.84441,29.83287,28.01785,24.75884,28.28427,24.08319,26.24881,25.6125,23.85372,22.82542,25.23886,28.23119,23.32381,26.41969,26.57066,22.82542,24.35159,24.35159,20.61553,22.13594,24.35159,20.88061,23.4094,26.68333,21.58703,23.4094,24.35159,23.76973,25.0,24.16609,25.55386,24.18677,26.62705,27.58623,45.54119,47.0,48.16638,51.78803,51.92302,52.81098,55.00909,57.27128,57.80138,65.0,58.00862,66.06815,68.76772,68.62215,68.0147,70.93659,68.8186,73.81734,70.17834,72.56032,74.70609,75.15318,77.87811,70.93659,75.27284,72.42237,73.4983,71.56815,69.42622,67.26812,67.26812,65.73431,66.28725,64.28841,64.53681,64.28841,60.20797,56.921,57.28001,57.00877,57.58472,54.56189,59.5063,58.66856,56.35601,56.61272,54.67175,59.90826,62.20129,66.61081,62.20129,72.34639,72.47068,68.60029,77.62087,75.60423,80.21222
13.92839,13.60147,12.64911,12.36932,12.64911,11.40175,11.40175,10.44031,10.44031,9.21954,9.48683,8.544,8.544,8.544,7.28011,7.61577,7.28011,6.32456,6.7082,5.38516,5.83095,5.83095,5.83095,5.0,5.0,5.0,5.65685,5.65685,5.0,5.0,5.0,5.0,5.0,5.0,5.0,5.0,5.0,5.0,5.0,5.0,5.0,5.0,5.0,5.0,5.0,5.0,5.0,5.0,5.0,4.24264,5.0,5.0,81.32035,75.43209,78.8543,76.29548,72.56721,73.97973,71.19691,69.58448,64.77654,59.5399,62.28965,55.3263,55.22681,52.34501,47.16991,48.37355,46.38965,39.31921,41.30375,39.45884,39.56008,36.49658,31.57531,29.54657,26.57066,29.06888,28.23119,27.20294,26.92582,26.92582,28.01785,27.80288,23.60085,25.6125,26.40076,24.75884,22.80351,23.34524,25.80698,22.02272,25.0,22.67157,23.85372,22.47221,23.85372,23.85372,25.55386,25.23886,24.83948,26.40076,24.83948,23.85372,24.83948,25.45584,27.01851,25.55386,25.55386,44.04543,46.09772,46.87217,49.47727,48.70318,53.66563,55.22681,54.91812,56.61272,56.63921,60.1415,62.96825,68.76772,66.21933,68.50547,70.3278,69.46222,75.13322,73.00685,73.05477,71.47027,72.27724,74.2159,73.00685,75.66373,73.82412,70.25667,71.34424,67.18631,68.0,64.03124,66.06815,63.03174,60.07495,62.03225,60.07495,60.29925,57.42822,57.14018,56.51548,57.42822,52.17279,58.46366,54.42426,55.65968,56.61272,60.40695,59.09315,63.15853,65.29931,65.29931,66.70832,75.6439,71.58911,78.39005,78.29432,80.05623
13.0384,13.0384,12.04159,12.0,12.0,11.0,11.0,10.0,10.04988,10.04988,9.0,9.0,8.0,8.06226,7.0,7.0,7.0,6.0,6.0,6.08276,5.09902,5.09902,5.09902,5.09902,5.09902,4.47214,4.47214,4.47214,4.47214,4.47214,4.47214,4.47214,4.47214,4.47214,3.60555,3.60555,3.60555,3.60555,3.60555,3.60555,4.47214,3.60555,3.60555,3.60555,4.47214,4.47214,4.47214,4.47214,4.47214,4.12311,4.12311,4.12311,78.16009,80.399,78.16009,76.05919,76.00658,68.02941,72.00694,70.11419,61.07373,59.13544,62.07254,57.21888,56.14268,54.33231,49.64877,46.17359,48.25971,45.09989,38.11824,37.05401,35.01428,32.01562,34.0147,31.257,31.40064,30.59412,26.68333,27.20294,25.4951,24.69818,24.69818,24.59675,21.47091,25.55386,23.32381,23.02173,27.45906,25.6125,25.0,25.0,25.6125,24.18677,23.60085,23.34524,24.20744,23.43075,23.02173,23.43075,24.41311,22.62742,24.08319,24.83948,24.04163,25.6125,22.36068,26.40076,22.56103,41.7732,44.91102,47.80167,51.47815,50.60632,52.43091,55.44367,56.85068,57.28001,58.89822,64.2028,63.28507,67.1193,68.0,69.46222,71.17584,70.38466,73.08215,72.8011,74.52516,72.99315,76.53104,76.23647,74.24284,76.05919,73.06162,71.11259,71.17584,69.35416,69.26038,66.27217,69.35416,68.26419,62.514,63.3877,59.4138,63.1981,56.0803,58.13777,59.00847,58.00862,55.08176,56.22277,58.69412,54.74486,60.82763,59.66574,62.36185,62.36185,65.52099,66.21933,67.72001,73.24616,70.34202,77.36924,77.36924,78.26238
12.04159,12.04159,12.04159,12.04159,10.63015,10.63015,9.89949,9.21954,9.21954,8.48528,8.48528,7.81025,7.07107,7.07107,7.07107,5.65685,5.65685,5.65685,5.0,5.0,4.47214,4.47214,4.47214,4.47214,4.12311,4.12311,4.12311,4.12311,4.12311,4.0,4.0,4.0,4.0,4.0,4.0,3.0,4.0,4.0,4.0,4.12311,4.0,4.0,4.0,4.0,4.0,3.0,4.0,4.0,3.0,4.12311,4.12311,3.16228,80.62258,74.27651,76.48529,72.47068,72.47068,71.06335,66.0303,65.73431,61.03278,60.46487,57.68882,52.20153,54.40588,49.73932,46.04346,45.80393,44.65423,41.04875,40.49691,40.0,35.60899,33.6006,29.73214,29.0,28.3196,27.58623,23.43075,28.01785,24.18677,25.23886,24.18677,24.59675,23.08679,21.18962,22.80351,24.73863,25.70992,24.35159,22.13594,23.19483,22.80351,18.68154,23.5372,26.1725,24.33105,20.39608,20.61553,20.61553,20.39608,21.37756,22.56103,23.76973,22.80351,23.25941,24.59675,23.32381,21.9545,41.88078,45.27693,47.01064,46.84015,46.87217,53.46027,52.03845,57.14018,56.22277,54.23099,61.18823,63.78871,67.18631,69.28925,68.15424,67.53518,72.56032,69.64194,73.78347,71.8401,72.20111,74.33034,70.00714,71.44928,68.88396,75.16648,71.61006,73.81734,67.6757,69.06519,67.95587,66.28725,66.57327,64.89992,61.29437,61.91123,56.60389,60.21628,57.14018,59.81639,57.48913,54.03702,54.56189,52.3259,53.03772,57.28001,57.00877,60.0,61.03278,60.46487,63.82006,73.23933,72.42237,66.61081,75.0,76.83749,80.91971
12.52996,13.0384,11.6619,12.52996,11.18034,11.18034,10.29563,9.84886,9.84886,8.94427,8.94427,8.94427,7.61577,7.61577,7.61577,6.7082,5.83095,5.83095,5.83095,5.0,5.0,5.0,5.0,4.24264,4.24264,4.24264,4.24264,3.60555,3.60555,3.60555,3.60555,3.60555,3.60555,3.16228,3.16228,3.16228,3.16228,3.16228,3.16228,3.16228,3.16228,3.16228,3.16228,3.16228,3.16228,3.16228,3.60555,3.16228,3.60555,3.60555,3.60555,4.24264,79.6304,77.66595,74.06079,73.57309,77.89737,68.60029,71.19691,62.16912,63.07139,61.26989,59.03389,51.47815,54.56189,52.92447,49.0408,44.77723,45.69464,40.24922,41.34005,41.18252,37.58989,35.51056,31.06445,28.01785,29.68164,26.90725,28.28427,28.42534,24.20744,26.40076,21.63331,21.09502,25.55386,24.18677,25.05993,22.2036,23.08679,25.07987,23.76973,25.07987,24.04163,21.84033,21.18962,23.08679,22.13594,23.08679,22.47221,21.84033,20.88061,19.64688,23.08679,23.4094,23.4094,24.16609,24.16609,22.47221,24.20744,40.49691,45.35416,48.6621,51.0392,53.03772,50.24938,55.10898,54.12947,56.75385,59.13544,61.7414,63.50591,68.60029,68.26419,66.21933,72.47068,70.93659,74.95332,72.83543,76.57676,75.60423,74.4043,77.38863,77.69813,77.36924,76.15773,74.24284,71.11962,72.61543,68.942,67.06713,66.48308,66.30988,63.56886,66.48308,61.32699,63.07139,57.24509,56.35601,56.82429,54.20332,57.80138,56.85948,59.07622,57.2014,57.62812,58.79626,61.55485,65.76473,65.79514,67.17887,70.71068,71.42129,73.53911,75.66373,77.10383,78.74643
12.80625,12.80625,12.20656,12.20656,11.6619,11.6619,10.29563,10.29563,9.43398,8.94427,8.94427,8.94427,7.61577,8.06226,7.2111,7.2111,6.40312,5.83095,5.83095,5.0,5.0,5.0,5.0,4.24264,4.24264,4.24264,4.24264,4.24264,3.60555,3.60555,3.60555,3.60555,4.47214,3.60555,3.16228,4.47214,3.16228,3.16228,3.16228,4.12311,3.16228,3.16228,3.16228,3.16228,4.47214,3.60555,3.60555,4.47214,3.60555,3.60555,4.24264,3.60555,75.0,79.40403,76.844,73.24616,73.78347,70.83078,67.97794,70.66116,65.30697,61.7414,60.37384,55.54278,56.79789,53.22593,50.32892,48.76474,45.18849,45.18849,40.49691,36.71512,36.71512,31.90611,35.22783,33.42155,25.0,25.80698,28.28427,29.83287,27.65863,26.24881,23.85372,23.60085,22.36068,23.02173,22.36068,21.9545,21.54066,20.59126,23.76973,19.69772,19.72308,25.70992,21.54066,25.4951,19.31321,23.5372,22.56103,23.08679,23.08679,23.76973,24.16609,19.64688,22.47221,21.0238,19.72308,21.09502,19.41649,40.71855,45.88028,46.87217,50.24938,53.0,53.15073,55.44367,56.56854,60.87693,57.87055,62.39391,64.88451,66.64833,69.64194,70.49113,68.11755,75.16648,73.0,77.07788,75.00667,75.16648,77.80103,73.00685,74.62573,73.92564,74.94665,72.91776,75.15318,72.91776,71.17584,67.1193,69.857,68.02941,65.30697,64.88451,66.70832,60.37384,58.18075,61.29437,61.26989,57.98276,59.07622,59.36329,59.20304,59.81639,55.44367,57.28001,62.28965,62.2254,65.79514,68.593,71.42129,74.96666,70.72482,73.5527,77.10383,78.51751
12.52996,12.52996,11.6619,11.18034,10.29563,9.84886,9.84886,9.84886,8.94427,8.94427,8.544,7.61577,7.61577,6.7082,6.7082,6.32456,5.83095,5.83095,4.47214,4.47214,5.0,4.24264,4.24264,4.24264,4.24264,3.60555,3.60555,3.60555,3.16228,3.16228,3.16228,3.16228,3.16228,3.16228,3.16228,3.0,3.16228,3.16228,3.16228,3.0,3.0,3.16228,3.0,3.0,3.16228,3.16228,3.16228,3.16228,3.16228,3.16228,3.60555,3.60555,80.44874,71.86793,70.83078,72.47068,71.11259,65.74192,67.1193,68.54196,62.76942,58.69412,54.70832,55.97321,54.08327,48.70318,46.17359,46.8188,43.01163,40.31129,36.76955,34.53983,36.76955,34.1321,29.52965,26.92582,25.4951,26.07681,28.01785,22.2036,23.34524,22.67157,21.40093,17.80449,18.86796,19.41649,19.23538,20.24846,22.36068,17.08801,19.23538,21.47091,18.38478,19.31321,20.24846,21.84033,22.2036,21.37756,19.92486,21.18962,23.4094,20.12461,20.61553,23.70654,23.25941,23.32381,21.63331,19.72308,21.93171,41.18252,43.01163,44.55334,49.25444,49.0,47.16991,51.35173,53.93515,57.48913,55.65968,57.38467,64.07808,63.50591,65.8635,69.06519,66.4003,68.88396,70.17834,72.18033,74.41102,73.24616,75.80237,72.67049,72.71864,74.70609,74.30343,70.83078,70.26379,72.09022,67.41662,64.2573,68.15424,64.19502,62.39391,58.18935,67.06713,62.62587,58.30952,56.85948,58.60034,59.03389,51.97115,57.14018,55.07268,52.43091,57.2014,57.42822,58.60034,60.20797,60.30755,61.6198,65.79514,70.93659,67.47592,73.59348,71.21798,74.65253
12.64911,11.7047,11.7047,10.77033,10.77033,9.84886,9.84886,9.84886,8.94427,8.544,8.06226,7.61577,7.61577,6.32456,6.32456,6.32456,5.38516,5.38516,5.09902,5.09902,4.12311,4.12311,4.0,4.0,4.0,3.16228,3.16228,3.16228,3.16228,3.16228,3.16228,3.60555,3.60555,3.60555,3.60555,2.82843,3.60555,3.60555,3.60555,2.82843,3.60555,2.82843,4.24264,2.82843,3.60555,3.60555,3.60555,3.60555,3.60555,3.60555,3.60555,3.16228,74.63243,73.1642,68.70953,67.77905,71.30919,64.62198,69.07966,59.5063,64.00781,54.12024,54.70832,53.7122,50.11986,49.39636,46.64762,43.41659,43.38202,39.81206,37.16181,34.88553,32.69557,33.61547,25.29822,25.29822,24.35159,25.96151,25.4951,22.09072,23.02173,24.18677,18.02776,20.02498,22.09072,20.88061,19.92486,21.2132,20.39608,20.61553,20.24846,21.54066,20.61553,21.0238,19.23538,22.47221,18.78829,19.23538,20.80865,23.70654,21.09502,20.12461,22.47221,21.84033,22.47221,21.18962,24.04163,23.5372,20.09975,38.01316,42.63801,45.96738,44.59821,48.25971,47.88528,51.47815,52.55473,54.40588,58.24088,58.69412,62.96825,65.62012,65.06919,62.00806,67.18631,67.47592,72.99315,66.4906,71.47027,72.42237,75.89466,74.46476,71.30919,71.17584,73.34848,71.11962,66.7308,70.3278,64.3506,68.50547,63.24555,65.21503,60.21628,61.05735,61.85467,60.74537,54.70832,56.0803,58.66856,55.07268,55.9017,53.66563,58.5235,51.26402,58.5235,57.00877,58.5235,61.39218,62.64982,62.39391,67.74216,69.05071,70.03571,70.71068,73.5459,73.97973
12.36932,12.36932,12.36932,11.18034,11.18034,10.19804,10.19804,10.19804,9.05539,9.05539,9.05539,8.24621,8.06226,7.07107,7.07107,7.07107,6.32456,6.08276,5.09902,5.09902,5.09902,5.38516,4.47214,4.47214,4.47214,3.60555,3.60555,3.60555,3.60555,2.82843,2.82843,2.82843,2.82843,2.82843,2.82843,3.60555,3.60555,2.82843,3.60555,3.60555,3.16228,3.60555,3.16228,3.60555,3.60555,3.60555,3.60555,3.60555,3.60555,3.60555,4.24264,4.24264,73.34848,74.73286,72.36712,72.00694,69.87131,68.593,68.73136,62.20129,62.514,62.28965,57.07889,56.22277,54.23099,50.0,47.09565,45.27693,46.04346,38.20995,40.11234,34.52535,33.95585,33.54102,33.37664,28.4605,27.20294,26.92582,23.76973,24.16609,21.93171,23.85372,22.47221,21.63331,18.60108,20.61553,15.81139,18.38478,19.79899,19.20937,17.0,17.49286,19.69772,21.47091,19.41649,22.36068,21.47091,20.12461,21.0238,20.12461,24.18677,18.38478,21.0238,24.69818,25.55386,21.47091,22.2036,23.34524,22.80351,42.42641,43.17407,45.31004,48.76474,48.54894,50.21952,53.15073,53.75872,58.0517,58.0517,62.42596,63.24555,64.66065,69.77105,68.0,63.97656,68.94926,71.16881,69.57011,70.61161,73.1642,75.66373,72.69113,73.17103,74.00676,72.0,73.06162,74.00676,67.18631,71.06335,64.12488,67.18631,66.18912,63.03174,67.1193,63.07139,59.07622,58.00862,55.03635,60.00833,56.0357,54.14795,55.57877,56.56854,54.74486,56.61272,58.5235,57.58472,62.62587,61.68468,64.62198,69.64194,67.06713,70.2282,74.33034,75.0,70.21396
13.45362,12.80625,11.40175,11.40175,11.40175,10.81665,10.0,10.0,10.0,8.60233,8.60233,8.60233,7.81025,7.81025,6.40312,7.07107,6.40312,5.65685,5.65685,5.65685,5.0,5.0,4.47214,4.47214,4.47214,4.12311,4.12311,4.12311,4.12311,4.0,4.0,4.0,4.0,4.0,4.0,4.12311,4.12311,4.12311,4.12311,4.12311,4.12311,4.12311,4.12311,4.12311,4.12311,4.12311,4.0,5.0,5.0,4.0,4.0,4.12311,76.6094,76.6094,76.844,72.67049,75.47185,66.37017,68.0,67.1193,64.49806,60.37384,60.92618,55.4617,52.80152,51.0,48.37355,46.52956,46.09772,41.67733,36.67424,39.11521,34.20526,33.12099,30.61046,28.3196,28.3196,25.6125,21.2132,26.90725,25.23886,22.2036,21.93171,22.84732,21.54066,20.61553,22.13594,20.61553,19.23538,17.02939,22.56103,22.2036,19.0,22.02272,18.0,20.39608,23.19483,21.0,21.09502,24.08319,24.08319,23.02173,22.02272,25.07987,24.0,24.02082,25.17936,23.5372,25.07987,44.91102,45.04442,45.0,50.08992,50.80354,49.72927,50.59644,53.85165,56.85948,58.66856,61.91123,62.68174,62.80127,66.6033,67.88225,70.00714,72.91776,75.0,70.21396,72.94518,76.8505,74.30343,76.48529,72.23573,73.1642,69.46222,72.8011,73.37575,69.92138,70.21396,68.41053,67.35726,67.72001,63.06346,64.7611,64.84597,62.62587,62.93648,55.02727,57.77543,56.30275,57.24509,55.9464,58.18075,56.4358,58.82176,54.81788,58.25805,58.72819,60.60528,61.84658,68.0147,69.52697,70.17834,73.10951,74.51845,72.34639
12.16553,12.16553,11.18034,11.40175,10.44031,10.44031,10.44031,9.48683,9.48683,8.544,8.544,7.28011,7.28011,7.28011,6.32456,6.32456,6.32456,5.38516,5.09902,5.09902,4.12311,4.12311,4.0,4.0,4.0,3.0,3.0,3.16228,3.16228,3.16228,3.16228,3.16228,3.16228,2.82843,2.82843,2.82843,2.82843,2.82843,2.82843,2.82843,2.82843,2.82843,2.82843,2.82843,2.82843,3.60555,3.60555,3.60555,3.60555,3.60555,3.16228,3.16228,76.11833,73.34848,77.27872,71.38627,74.95332,69.64194,68.41053,64.84597,62.62587,61.03278,61.13101,55.08176,55.97321,49.39636,48.10405,46.17359,43.9659,41.23106,39.0,34.20526,36.13862,32.38827,29.61419,28.63564,25.4951,28.01785,23.0,22.0,22.2036,23.08679,19.41649,24.04163,19.69772,18.86796,18.02776,18.02776,18.02776,18.35756,17.69181,20.61553,19.79899,20.80865,18.60108,20.80865,19.79899,22.67157,17.80449,21.26029,19.79899,23.43075,23.34524,23.60085,22.2036,22.2036,23.70654,22.84732,23.5372,40.81666,44.20407,48.08326,47.42362,49.40648,52.15362,52.83938,55.00909,55.03635,60.44005,62.0967,65.30697,68.06614,69.35416,68.18358,68.0,74.00676,71.34424,71.34424,75.50497,75.9276,77.66595,77.49194,76.24303,71.30919,78.18568,71.58911,74.73286,72.01389,72.01389,67.53518,68.0,71.58911,65.29931,66.18912,61.7171,60.41523,58.13777,58.69412,61.09828,55.02727,62.93648,56.921,61.18823,56.51548,60.41523,59.84146,62.20129,60.29925,65.06919,64.38167,71.06335,71.02816,70.11419,74.10803,76.02631,74.10803
12.52996,11.18034,12.52996,11.18034,11.18034,9.84886,9.84886,8.94427,8.544,8.544,8.544,7.61577,7.61577,6.7082,5.38516,5.83095,5.83095,5.83095,5.0,5.0,4.47214,4.24264,4.24264,4.24264,3.60555,3.60555,3.60555,3.16228,3.16228,3.16228,3.16228,3.0,3.0,3.0,3.0,3.0,3.0,3.0,3.0,3.0,3.0,3.0,4.0,3.16228,4.0,4.0,4.0,4.0,4.12311,4.12311,3.16228,3.16228,78.00641,74.33034,70.72482,72.06941,74.79305,68.09552,69.31811,63.97656,62.16912,61.7414,57.27128,55.03635,52.20153,51.47815,48.8467,46.06517,44.28318,39.81206,34.48188,38.01316,37.12142,35.35534,29.41088,27.65863,28.84441,25.80698,24.75884,25.45584,27.01851,18.60108,21.63331,21.09502,18.35756,18.78829,22.82542,18.97367,19.69772,21.54066,18.97367,18.43909,17.26268,19.64688,21.2132,21.0,19.0263,20.39608,20.09975,22.09072,19.0263,23.19483,25.17936,23.76973,21.2132,23.76973,24.04163,20.61553,22.47221,40.31129,43.73786,48.6621,47.26521,52.03845,49.25444,53.15073,53.75872,57.58472,58.30952,64.88451,65.30697,66.88797,64.3506,69.81404,71.70077,73.5527,74.24958,70.76722,71.61006,76.02631,75.45197,79.40403,73.92564,75.13322,72.44998,71.58911,72.61543,72.23573,68.35203,68.35203,67.06713,68.62215,65.80274,65.78754,63.32456,62.62587,60.53924,59.46427,57.77543,55.54278,58.59181,53.7122,57.68882,53.53504,54.20332,54.6443,60.44005,58.72819,65.29931,63.78087,63.65532,70.93659,70.83784,72.18033,71.44928,75.00667
12.36932,11.40175,11.40175,11.7047,10.44031,10.44031,9.48683,9.48683,8.544,8.544,8.544,7.28011,7.28011,7.28011,6.32456,5.38516,5.09902,5.09902,5.09902,4.0,4.0,4.0,4.0,4.12311,4.12311,3.16228,3.60555,3.60555,3.60555,3.60555,3.60555,3.60555,2.82843,3.60555,4.24264,3.60555,3.60555,3.60555,3.60555,4.24264,3.60555,3.60555,4.47214,4.24264,4.24264,4.24264,4.24264,4.24264,4.24264,4.24264,4.47214,4.47214,74.33034,70.21396,72.44998,70.2282,72.73239,66.85058,66.21178,63.56099,63.56099,59.5063,55.9464,51.47815,52.80152,49.65884,46.95743,45.18849,43.38202,39.84972,33.83785,31.95309,31.95309,29.15476,28.63564,24.5153,24.35159,24.73863,20.09975,22.36068,22.09072,21.37756,19.64688,20.61553,18.38478,18.35756,19.72308,17.49286,21.47091,19.41649,19.41649,21.40093,23.34524,18.86796,20.51828,21.40093,24.75884,21.93171,20.61553,24.83948,21.93171,23.34524,25.23886,25.6125,23.60085,25.0,24.16609,24.59675,26.0,41.40048,45.34314,48.41487,46.61545,51.10773,50.08992,53.75872,58.5235,54.12947,59.43904,59.3043,62.28965,68.06614,67.00746,69.26038,69.87131,71.19691,71.80529,72.8011,71.7844,73.38937,79.20227,75.15318,75.58439,73.43024,78.71467,74.43118,71.02112,70.17834,68.50547,68.8186,68.60029,65.21503,63.60031,66.21933,60.46487,62.42596,57.98276,55.22681,55.47071,57.3062,56.35601,58.13777,57.93962,49.98,51.86521,54.70832,55.36244,61.39218,66.91039,62.16912,64.93843,71.84706,65.11528,68.73136,71.19691,73.4983
12.20656,11.40175,12.20656,10.81665,10.81665,10.29563,9.43398,9.43398,8.94427,8.06226,8.06226,6.7082,6.7082,5.83095,5.83095,5.83095,5.0,5.0,4.24264,4.24264,4.24264,3.60555,3.60555,3.60555,3.60555,3.16228,3.16228,3.0,3.0,3.0,3.0,3.0,3.0,3.0,3.16228,3.16228,3.16228,3.16228,4.12311,3.16228,4.12311,3.16228,4.12311,4.12311,4.12311,4.12311,4.0,4.0,4.0,4.0,4.12311,4.12311,72.62231,73.78347,74.33034,69.33974,67.1193,67.23095,65.0,67.08204,58.59181,58.18075,55.47071,56.36488,50.9902,46.51881,45.61798,43.909,43.82921,41.18252,34.9285,35.51056,33.01515,31.241,27.80288,25.45584,24.04163,24.83948,24.75884,23.02173,20.0,18.78829,19.72308,21.47091,17.72005,18.43909,19.10497,21.09502,19.23538,21.0238,20.02498,22.2036,20.02498,21.2132,23.08679,23.02173,23.08679,20.02498,23.5372,25.07987,24.33105,20.09975,24.02082,25.01999,24.0,22.0,25.70992,24.69818,22.47221,40.5216,43.28972,46.0,49.16299,47.51842,52.63079,51.24451,53.14132,57.27128,56.79789,61.91123,63.51378,70.45566,68.88396,71.58911,68.593,74.96666,72.8011,77.20104,73.00685,75.16648,77.89737,72.44998,76.96753,73.53911,74.84651,74.33034,75.89466,68.62215,73.37575,69.12308,70.88018,67.44627,62.29767,64.28841,62.0967,60.40695,61.35145,55.02727,58.5235,57.77543,51.88449,60.82763,56.60389,53.0,56.85948,60.0,56.85068,62.482,58.79626,62.482,66.6033,67.47592,61.55485,72.62231,73.0,73.66139
13.0,13.0,11.7047,11.7047,11.7047,10.44031,10.44031,9.48683,9.48683,9.48683,9.21954,8.24621,8.24621,7.28011,6.32456,6.7082,6.7082,5.83095,5.83095,5.83095,5.0,5.0,5.0,5.0,4.24264,4.24264,4.24264,4.47214,3.60555,4.47214,4.47214,4.12311,4.12311,4.12311,4.12311,4.12311,4.12311,4.12311,4.12311,4.12311,4.12311,4.12311,5.09902,5.09902,5.09902,5.09902,5.09902,5.38516,4.47214,4.47214,4.47214,5.0,71.69379,73.92564,68.60029,63.13478,71.30919,67.62396,65.9242,63.90618,61.84658,58.18935,57.00877,55.02727,55.02727,54.08327,46.8188,44.94441,43.65776,37.69615,36.76955,38.47077,34.0147,32.20248,31.90611,26.41969,26.62705,25.80698,24.83948,22.67157,22.02272,21.93171,19.20937,20.61553,20.59126,19.72308,21.0238,21.54066,19.92486,23.19483,19.23538,22.02272,21.84033,24.18677,19.64688,23.19483,24.08319,24.18677,22.2036,25.17936,23.19483,23.5372,22.56103,23.34524,26.92582,28.16026,26.57066,25.05993,25.0,42.44997,44.55334,50.03998,49.09175,52.61179,51.66237,53.16014,57.38467,58.60034,62.24147,62.76942,63.24555,67.20119,69.02898,68.62215,72.13876,71.50524,75.21303,71.02816,71.69379,71.56116,75.47185,80.5295,77.07788,74.09453,73.1642,72.44998,68.96376,72.53275,67.44627,66.94027,63.78871,65.73431,63.78871,65.51336,62.36986,61.40033,57.72348,56.921,57.87055,52.92447,54.78138,55.4617,57.3062,50.53712,56.35601,55.75841,57.14018,58.00862,63.00794,64.03124,64.81512,63.24555,69.81404,71.06335,74.63243,75.21303
13.0,13.0,11.7047,12.64911,11.7047,11.7047,10.77033,10.44031,9.48683,9.48683,9.48683,8.544,8.544,7.61577,7.61577,6.7082,6.7082,5.83095,5.83095,5.83095,5.0,5.0,5.0,4.24264,4.24264,4.24264,5.0,3.60555,4.47214,4.47214,4.47214,4.47214,4.12311,4.12311,4.12311,4.12311,4.12311,5.09902,4.12311,5.09902,4.12311,5.09902,5.09902,5.09902,5.09902,5.09902,5.38516,5.38516,4.47214,5.38516,5.0,5.0,76.15773,74.52516,69.857,74.52516,69.87131,68.26419,66.27217,66.18912,62.39391,60.40695,58.13777,54.14795,56.0357,50.08992,46.04346,47.16991,47.09565,40.4475,37.65634,35.35534,35.90265,31.7805,27.20294,28.16026,25.4951,23.70654,23.76973,24.16609,21.63331,22.67157,19.84943,19.79899,16.40122,20.80865,21.9545,22.82542,20.24846,23.4094,19.64688,22.84732,22.82542,22.80351,22.47221,25.0,25.96151,22.80351,23.4094,26.30589,27.85678,25.07987,25.4951,26.0,26.83282,23.70654,28.30194,24.83948,27.80288,45.09989,46.09772,46.48656,48.75449,53.23533,51.61395,54.20332,56.0803,60.1415,61.6198,61.22091,65.0,68.00735,71.11962,73.3553,70.2282,74.67262,75.61085,74.04053,76.68768,73.97973,80.399,75.42546,74.33034,76.05919,72.1734,76.10519,74.00676,71.17584,72.11103,69.11584,66.37017,66.48308,66.06815,63.07139,64.19502,60.13319,60.0,60.0,58.07753,57.0,55.14526,54.45181,55.7315,56.7186,59.43904,60.87693,61.40033,60.74537,63.90618,62.62587,65.9242,71.16881,68.00735,73.05477,72.44998,75.96052
11.7047,10.77033,10.77033,10.44031,9.48683,9.48683,9.21954,8.24621,8.24621,7.28011,7.28011,7.28011,6.32456,6.32456,6.32456,5.38516,5.38516,4.12311,4.47214,4.47214,3.60555,3.60555,3.60555,2.82843,2.82843,2.82843,2.23607,3.16228,2.23607,2.23607,3.16228,3.16228,3.16228,3.0,3.0,3.0,3.0,3.0,3.0,3.0,3.0,3.0,4.0,3.0,4.12311,4.12311,4.12311,3.16228,3.16228,3.16228,3.60555,3.60555,73.40981,70.68239,69.77105,71.17584,71.55418,68.02941,64.2573,63.32456,58.18935,59.13544,51.62364,54.08327,50.59644,46.17359,43.41659,43.32436,43.32436,36.76955,37.69615,34.53983,29.52965,31.7805,28.84441,23.85372,25.6125,22.80351,22.2036,23.34524,19.20937,19.84943,20.24846,18.78829,17.49286,17.08801,18.02776,19.41649,18.68154,21.0238,21.0,17.11724,20.02498,18.11077,23.08679,21.0,23.08679,23.08679,21.0238,22.02272,23.08679,22.09072,21.0238,25.07987,24.33105,23.5372,26.0,23.4094,20.61553,42.0119,43.0,46.52956,50.80354,53.16014,51.62364,53.22593,54.56189,59.16925,59.20304,64.03124,63.65532,67.88225,68.24954,68.41053,70.80254,72.20111,73.57309,71.58911,73.34848,76.96753,74.73286,75.61085,74.72617,72.78049,73.00685,74.8131,71.58911,69.05071,73.1642,62.96825,67.89698,63.15061,64.93843,63.95311,62.96825,59.5399,57.70615,57.07013,58.0517,53.85165,52.81098,57.28001,56.0803,53.85165,55.22681,59.16925,58.66856,60.74537,60.20797,60.20797,67.41662,68.24222,67.41662,71.34424,72.67049,72.40166
12.04159,11.04536,11.04536,11.0,10.0,10.0,9.0,9.0,8.0,8.0,8.0,7.0,7.0,6.0,6.0,6.08276,5.09902,5.09902,5.09902,4.12311,4.12311,4.47214,3.60555,3.60555,3.60555,3.60555,3.60555,3.60555,3.60555,3.60555,3.60555,3.60555,3.16228,3.16228,4.12311,4.12311,4.12311,4.12311,4.12311,4.12311,4.12311,4.12311,4.12311,4.47214,4.47214,4.47214,4.47214,4.47214,4.47214,5.0,5.0,4.24264,73.68175,69.87131,72.56721,70.40597,66.28725,65.96969,62.58594,64.28841,60.40695,57.28001,55.02727,51.86521,51.26402,47.43416,43.68066,42.2019,43.01163,39.81206,37.36308,32.55764,34.71311,30.26549,28.07134,27.16616,25.07987,22.2036,21.0238,22.36068,21.0238,19.31321,17.46425,17.46425,18.02776,20.61553,15.0,19.79899,19.10497,19.84943,20.51828,19.20937,24.75884,23.02173,22.80351,19.84943,23.85372,22.80351,24.41311,23.60085,24.20744,24.20744,27.65863,23.34524,26.90725,26.1725,24.69818,22.2036,26.83282,44.38468,44.94441,43.82921,50.91169,48.41487,54.6443,53.0,56.79789,57.77543,57.58472,62.96825,65.25335,65.73431,69.05071,70.34913,68.18358,71.02816,68.06614,74.10803,73.82412,73.97973,75.31268,71.06335,77.88453,74.67262,76.844,70.2282,70.26379,68.02941,68.42514,66.21178,67.53518,64.84597,64.88451,67.53518,64.88451,58.18075,56.85948,57.58472,59.13544,57.24509,54.12024,56.921,53.36666,55.08176,58.30952,52.46904,54.00926,58.13777,61.13101,63.00794,67.02984,69.02898,67.1193,73.00685,71.11259,72.11103
12.64911,12.64911,12.64911,12.64911,11.7047,10.77033,10.77033,10.77033,9.84886,8.94427,8.544,8.544,8.544,7.61577,7.61577,6.32456,6.32456,6.32456,6.32456,5.09902,5.09902,5.09902,5.09902,4.0,4.0,4.0,4.12311,4.12311,4.12311,4.12311,3.16228,3.16228,4.47214,3.60555,3.60555,3.60555,3.60555,3.60555,3.60555,3.60555,3.60555,5.0,3.60555,4.47214,4.47214,4.47214,4.47214,4.47214,4.47214,5.09902,5.09902,5.09902,74.04053,76.24303,73.00685,72.11103,69.57011,68.00735,66.85058,65.55151,60.92618,60.41523,55.4617,54.56189,56.0803,49.65884,46.95743,46.61545,40.71855,39.39543,37.0,38.8973,31.62278,31.38471,30.26549,26.68333,27.65863,23.34524,24.18677,22.09072,20.09975,20.39608,20.61553,20.88061,23.4094,16.55295,17.46425,22.84732,21.40093,20.0,20.61553,20.59126,22.02272,23.02173,20.61553,24.04163,23.34524,22.80351,23.34524,24.75884,24.08319,23.34524,25.45584,28.6007,25.05993,27.29469,26.83282,25.96151,26.68333,43.26662,44.82187,50.20956,50.44799,56.0357,52.83938,58.13777,57.58472,59.77458,60.08328,63.34824,64.93843,68.593,71.17584,71.02816,72.11103,74.24284,76.53104,74.52516,75.18643,76.53757,76.55064,78.77182,76.89603,76.48529,75.58439,74.24958,73.82412,71.19691,72.20111,69.11584,66.37017,66.88797,63.51378,64.49806,64.3506,60.90156,59.05929,57.80138,59.03389,56.36488,56.46238,53.75872,58.5235,55.08176,57.56735,58.24946,57.70615,62.64982,61.81424,63.28507,65.37584,70.5762,70.85901,73.68175,72.83543,76.79193
13.0,11.7047,11.7047,11.7047,11.7047,10.44031,10.44031,9.48683,9.48683,9.21954,8.24621,8.24621,8.24621,7.28011,7.28011,6.32456,6.32456,6.32456,5.38516,5.38516,5.38516,4.47214,4.47214,3.60555,3.60555,3.60555,4.24264,2.82843,3.60555,3.60555,3.60555,3.60555,3.16228,3.16228,3.16228,3.16228,3.16228,3.16228,4.12311,3.16228,4.12311,4.12311,4.12311,4.12311,4.12311,4.12311,4.47214,4.47214,4.47214,4.47214,4.24264,4.24264,73.43024,73.82412,71.55418,66.64833,69.35416,63.15853,68.54196,63.90618,60.16644,55.02727,55.71355,47.53946,54.42426,47.43416,42.72002,41.4367,41.78516,38.48376,36.05551,34.17601,29.15476,30.8707,27.73085,28.01785,26.41969,23.43075,20.24846,22.02272,21.2132,20.61553,20.24846,19.41649,18.02776,17.49286,18.43909,18.68154,18.68154,20.88061,21.58703,22.2036,21.2132,22.2036,23.08679,20.09975,21.09502,23.08679,21.09502,24.08319,24.5153,27.16616,27.29469,23.19483,24.04163,24.04163,21.93171,24.16609,25.55386,44.38468,47.16991,48.0,51.15662,51.47815,54.34151,57.28001,56.64804,55.71355,59.5063,63.63175,66.0303,67.42403,68.76772,70.03571,69.35416,73.10951,73.87828,76.844,75.71658,73.06162,76.15773,73.34848,75.15318,76.6942,75.39231,72.73239,75.27284,72.12489,69.26038,66.09841,69.857,65.73431,65.25335,63.56099,61.39218,56.921,58.46366,54.70832,57.93962,55.9464,55.15433,55.54278,56.79789,54.58938,57.70615,59.68249,53.53504,59.20304,59.40539,62.68174,66.21933,69.63476,67.20119,74.20243,74.8131,71.84706
12.04159,12.04159,11.31371,10.63015,9.89949,9.89949,9.89949,9.21954,8.48528,7.81025,8.48528,7.07107,7.07107,7.07107,5.65685,5.65685,5.65685,5.0,5.0,4.47214,4.47214,4.47214,4.47214,4.47214,4.12311,4.12311,4.0,4.0,4.0,4.0,4.0,4.12311,4.12311,4.12311,4.12311,4.12311,4.12311,4.12311,4.12311,4.12311,4.12311,4.12311,4.12311,5.09902,5.09902,5.09902,5.09902,5.0,5.0,5.0,5.09902,4.12311,72.42237,76.8505,72.11103,69.64194,69.64194,66.7308,65.0,61.77378,61.7171,57.70615,55.00909,52.7731,50.56679,43.82921,43.82921,41.59327,41.67733,39.11521,36.23534,33.12099,32.01562,31.62278,27.65863,26.87006,26.1725,26.90725,21.26029,24.41311,17.80449,22.82542,19.31321,20.24846,19.41649,19.92486,22.56103,20.61553,18.02776,19.0263,17.26268,23.08679,21.0,22.02272,21.0238,23.5372,25.0,23.08679,24.02082,25.07987,25.01999,25.01999,26.0,24.08319,28.01785,25.31798,27.29469,28.16026,28.63564,43.46263,44.64303,48.83646,52.23983,51.0098,54.33231,54.91812,55.54278,59.48109,60.74537,64.88451,66.24198,69.97142,67.20119,70.60453,69.6563,71.50524,72.83543,74.24958,74.51845,70.43437,79.32213,76.00658,75.71658,75.58439,74.68601,72.23573,73.40981,69.64194,72.61543,67.1193,68.62215,66.40783,65.45991,63.56886,62.03225,60.40695,60.53924,57.93962,57.69749,61.26989,55.07268,54.20332,56.30275,51.86521,58.5235,58.82176,56.58622,62.93648,62.28965,62.28965,65.76473,68.62215,63.70243,71.42129,71.58911,73.87828
12.36932,12.36932,11.40175,11.40175,10.44031,9.48683,9.48683,9.48683,8.544,8.544,8.24621,8.24621,7.28011,7.28011,6.32456,6.08276,6.08276,6.08276,5.09902,5.0,4.0,4.0,5.0,4.12311,4.12311,4.12311,4.47214,4.12311,3.60555,3.60555,3.60555,3.60555,4.24264,4.24264,4.24264,4.24264,4.24264,4.24264,4.24264,4.24264,5.0,4.24264,4.24264,5.0,5.0,5.0,5.0,5.0,5.0,4.47214,5.38516,5.09902,71.30919,71.30919,66.76077,68.00735,68.30813,62.76942,63.69458,62.64982,58.18075,54.23099,55.15433,52.0,50.32892,47.92703,45.18849,43.32436,39.39543,38.07887,37.57659,33.24154,31.62278,29.41088,26.92582,30.41381,22.2036,25.4951,21.0,21.0238,21.09502,22.56103,19.69772,21.84033,21.58703,18.02776,18.78829,18.86796,21.63331,20.0,24.04163,23.43075,24.08319,22.80351,22.67157,26.1725,23.32381,24.83948,23.60085,26.1725,24.83948,25.6125,24.20744,28.30194,25.05993,23.85372,25.4951,25.96151,27.65863,43.46263,45.48626,48.9183,50.24938,50.0,53.82379,53.53504,55.00909,57.24509,60.92618,64.28841,65.73431,69.58448,67.60178,69.18092,68.0,73.06162,73.17103,73.24616,76.90254,72.78049,78.1025,75.0,75.39231,72.8011,73.53911,72.06941,72.01389,70.71068,69.35416,64.84597,66.37017,66.64833,66.24198,64.88451,60.90156,57.3062,59.5399,59.05929,57.70615,56.46238,56.0803,51.62364,55.36244,53.16014,52.20153,50.9902,54.34151,60.63827,56.7186,62.96825,65.76473,69.87131,65.49046,68.06614,68.593,73.68175
12.52996,12.52996,12.52996,12.08305,12.08305,11.18034,11.18034,9.84886,9.84886,8.94427,8.94427,8.06226,8.06226,6.7082,6.7082,7.2111,6.40312,5.83095,5.65685,5.0,5.0,5.0,4.24264,5.0,4.47214,4.47214,4.47214,4.12311,4.12311,4.12311,4.12311,4.0,4.12311,4.0,4.0,5.0,5.0,4.0,4.0,4.0,5.0,5.0,5.0,5.0,5.0,5.0,5.09902,5.09902,5.09902,5.09902,5.38516,5.38516,72.23573,72.73239,75.02666,70.60453,69.57011,65.0,60.87693,67.91171,61.61169,62.36986,55.54278,54.57105,50.44799,49.47727,44.72136,46.84015,40.26164,37.33631,35.73514,36.05551,35.1141,28.79236,29.15476,26.83282,25.55386,21.40093,25.0,19.84943,20.51828,20.51828,20.61553,18.60108,22.84732,19.92486,19.31321,18.97367,19.23538,22.2036,22.80351,20.0,21.37756,22.2036,27.01851,25.07987,24.08319,23.02173,26.30589,24.08319,29.15476,27.29469,29.42788,25.96151,25.70992,24.73863,27.73085,25.29822,25.55386,42.0119,49.81967,48.76474,52.20153,51.47815,55.07268,60.74537,57.62812,60.30755,61.52235,62.482,68.24954,69.02898,70.80254,72.56032,72.01389,75.58439,72.23573,74.67262,76.24303,77.88453,77.87811,73.5459,78.51751,77.64664,73.97973,78.51751,75.32596,69.00725,72.11103,67.06713,70.00714,70.00714,65.03076,62.0,67.02984,61.03278,61.07373,58.07753,56.56854,57.42822,58.46366,55.31727,57.27128,58.5235,54.40588,55.71355,62.03225,58.18075,60.37384,62.6099,63.06346,70.21396,67.97794,73.3553,71.17584,71.69379
12.08305,11.18034,11.18034,10.29563,10.29563,10.29563,9.43398,9.43398,8.06226,8.06226,8.06226,7.61577,6.7082,6.7082,5.83095,6.32456,5.38516,5.38516,5.09902,5.09902,4.12311,4.0,4.0,4.0,4.0,4.12311,4.12311,4.12311,4.47214,4.12311,4.47214,3.60555,4.47214,4.47214,4.47214,5.0,4.47214,5.0,5.0,4.47214,5.0,5.0,5.0,5.0,5.0,4.47214,4.47214,5.38516,5.38516,4.47214,5.09902,5.09902,76.94154,76.66159,73.57309,71.19691,68.88396,63.24555,66.03787,61.85467,60.74537,58.24946,54.08327,55.22681,50.24938,48.27007,44.10215,43.26662,42.2019,38.27532,36.23534,36.67424,31.01612,34.17601,27.51363,26.24881,27.51363,20.39608,23.08679,21.0238,23.02173,22.02272,18.97367,17.88854,18.02776,18.68154,20.24846,19.31321,19.41649,19.84943,22.62742,21.63331,23.85372,24.20744,22.47221,22.62742,23.43075,26.90725,24.83948,29.73214,25.0,26.1725,27.01851,28.30194,27.01851,26.0,26.57066,25.96151,25.29822,43.82921,47.42362,49.76947,52.88667,54.58938,55.22681,57.14018,59.03389,60.00833,63.63961,65.51336,65.52099,66.48308,67.6757,67.77905,71.55418,72.89719,77.02597,73.57309,74.88658,77.00649,77.00649,78.49204,78.51751,75.69016,75.66373,71.58911,72.18033,74.41102,71.21798,70.29225,66.8431,69.42622,66.8431,66.8431,61.22091,67.35726,63.03174,61.6198,57.31492,56.0803,57.38467,56.40035,57.42822,55.21775,61.05735,56.60389,59.48109,57.70615,62.64982,61.32699,66.85058,64.2573,68.02941,72.09022,73.40981,74.84651
11.18034,11.18034,11.18034,10.44031,10.44031,9.48683,9.21954,8.544,8.544,8.24621,7.28011,7.28011,6.08276,6.08276,5.09902,6.08276,5.0,4.0,4.0,4.0,4.0,4.12311,3.16228,3.16228,3.16228,3.60555,3.60555,3.60555,3.60555,3.60555,3.60555,3.60555,3.60555,3.60555,3.60555,4.47214,4.47214,4.47214,4.47214,4.47214,4.47214,4.47214,4.47214,4.47214,4.47214,4.47214,5.0,5.0,5.0,4.24264,4.24264,5.0,74.24958,66.64083,69.77822,66.7308,65.8635,66.64833,64.14047,60.90156,53.0,56.60389,54.6443,51.0392,47.20169,49.40648,48.01042,39.66106,39.11521,37.21559,31.76476,34.98571,31.30495,31.7805,27.20294,24.35159,23.4094,22.80351,20.88061,19.0263,17.11724,19.0,20.02498,18.11077,17.72005,21.54066,21.0238,18.86796,19.69772,20.80865,21.63331,23.32381,15.6205,20.24846,20.24846,22.47221,24.41311,24.04163,23.32381,24.08319,23.02173,24.69818,25.0,25.55386,22.82542,24.35159,23.76973,27.20294,26.30589,43.84062,45.60702,48.25971,51.47815,53.7122,56.04463,51.97115,57.21888,60.07495,62.03225,65.0,64.00781,67.36468,69.58448,67.46851,70.34202,74.04053,70.93659,73.1642,78.26238,72.47068,78.23043,76.00658,76.55064,74.06079,77.00649,74.02702,75.9276,68.11755,73.66139,67.94115,70.00714,65.76473,65.76473,65.76473,63.65532,58.79626,58.79626,58.0517,59.46427,55.80323,54.40588,53.82379,54.20332,51.97115,53.66563,53.7122,57.27128,57.24509,60.00833,60.16644,62.62587,64.2573,65.55151,69.89278,69.07966,74.33034
11.0,11.0,11.0,10.04988,10.0,9.05539,9.0,9.0,8.0,8.0,7.0,7.0,7.0,6.0,6.0,6.0,5.09902,5.09902,4.12311,4.12311,4.12311,3.16228,3.60555,3.60555,3.60555,2.82843,3.60555,3.60555,3.60555,3.16228,3.60555,3.16228,4.12311,4.12311,4.12311,4.12311,4.12311,4.12311,4.12311,4.12311,4.12311,4.12311,5.09902,4.12311,4.12311,4.12311,4.47214,4.47214,4.47214,4.47214,4.47214,4.24264,70.17834,68.06614,72.1734,66.91039,65.51336,66.09841,63.15061,61.39218,55.08176,55.7853,54.12947,47.53946,50.59644,44.92215,43.41659,42.44997,41.0,32.38827,34.48188,29.27456,30.06659,26.07681,29.06888,25.31798,25.0,22.36068,22.56103,22.13594,20.61553,22.13594,16.49242,17.80449,20.0,20.61553,19.10497,17.02939,18.38478,25.45584,21.63331,19.41649,22.80351,23.02173,23.02173,22.2036,25.0,25.80698,25.80698,25.55386,23.85372,24.04163,26.24881,26.24881,26.90725,26.40076,26.40076,24.59675,24.69818,40.8534,45.18849,49.64877,52.63079,50.9902,54.40588,55.0,57.45433,59.5399,59.03389,63.69458,61.35145,65.96969,65.30697,72.00694,72.33948,74.24284,70.06426,72.00694,73.24616,74.1485,76.11833,73.75636,77.36924,76.24303,71.47027,73.37575,74.09453,72.23573,74.67262,68.54196,68.54196,68.44706,64.4748,65.79514,60.41523,61.46544,58.30952,58.87274,56.75385,56.32051,55.36244,56.08921,53.15073,56.56854,57.70615,56.7186,58.00862,59.03389,62.03225,59.03389,65.03076,65.03076,65.00769,68.02941,69.02898,73.02739
11.40175,12.04159,11.40175,10.63015,10.63015,9.89949,9.21954,9.21954,8.48528,8.48528,8.48528,7.81025,7.07107,6.40312,6.40312,6.40312,5.83095,5.0,4.47214,4.47214,4.47214,4.47214,4.12311,4.12311,4.12311,4.0,4.0,4.0,4.0,4.0,4.12311,4.12311,4.12311,4.12311,4.12311,4.12311,4.12311,4.12311,4.47214,4.47214,4.12311,4.12311,5.38516,5.09902,5.09902,5.09902,5.09902,5.09902,5.09902,5.0,5.0,5.09902,75.00667,70.72482,71.44928,66.52819,65.79514,64.53681,61.6198,63.41136,58.0517,53.60037,53.90733,53.41348,47.80167,45.45327,45.60702,42.0119,42.63801,37.53665,35.60899,31.241,33.30165,29.0,29.0,24.08319,24.20744,25.55386,22.36068,21.0238,21.54066,21.84033,21.37756,20.39608,17.72005,23.0,18.0,22.02272,19.10497,21.37756,22.56103,22.2036,25.70992,23.5372,24.35159,24.35159,22.36068,21.58703,25.4951,24.18677,26.1725,24.33105,24.33105,29.0,28.01785,28.01785,26.01922,28.16026,25.96151,42.63801,47.88528,49.76947,53.48832,52.39275,54.74486,56.22277,58.03447,57.14018,62.20129,63.50591,67.08204,67.91171,66.76077,72.23573,69.77822,75.66373,73.82412,76.55064,75.28612,75.74299,77.15569,74.95332,73.5527,76.41989,73.59348,74.65253,77.20104,68.8186,71.28113,72.40166,67.42403,67.95587,65.73431,65.19202,62.1289,59.07622,58.60034,58.60034,58.89822,59.20304,55.97321,55.44367,53.75872,55.17246,52.34501,53.07542,58.25805,62.20129,60.44005,63.60031,66.57327,66.28725,57.98276,70.21396,71.02816,73.23933
11.7047,11.7047,10.44031,10.44031,9.21954,10.19804,9.21954,9.21954,8.24621,7.28011,7.28011,7.28011,7.28011,6.32456,6.32456,5.38516,5.38516,4.12311,4.47214,4.47214,3.60555,3.60555,3.60555,3.60555,2.82843,2.82843,2.82843,2.23607,3.16228,3.16228,3.16228,3.0,3.0,3.0,3.0,3.0,3.0,4.0,3.0,4.0,3.0,4.0,4.0,4.0,4.0,4.12311,4.12311,4.12311,4.12311,3.60555,3.60555,3.60555,74.33034,71.56815,65.76473,67.18631,66.0303,61.20457,63.03174,63.03174,58.03447,58.07753,55.0,52.00961,52.0,46.0,43.10452,42.0119,41.0,35.0,36.01389,30.06659,35.0571,26.4764,27.45906,27.20294,23.34524,22.80351,22.13594,23.70654,23.4094,20.12461,21.09502,22.02272,20.51828,17.69181,16.64332,18.60108,22.2036,19.23538,20.24846,21.40093,23.32381,19.41649,21.63331,20.12461,23.4094,22.36068,21.9545,24.16609,20.80865,22.47221,24.83948,22.2036,28.6007,21.93171,23.34524,23.60085,22.80351,44.01136,48.01042,48.6621,50.96077,53.85165,55.9017,55.22681,56.85948,64.03124,60.1415,66.6033,66.8431,68.11755,74.06079,69.64194,72.06941,75.15318,73.40981,75.39231,75.27284,74.94665,77.36924,76.90254,74.67262,74.10803,75.16648,74.0,77.02597,72.02777,73.00685,68.00735,68.0,64.12488,67.06713,69.26038,64.19502,62.00806,60.20797,57.07889,61.03278,57.00877,54.33231,59.3043,57.42822,53.75872,61.13101,57.72348,57.72348,59.48109,63.60031,65.0,66.76077,67.44627,67.6757,71.30919,72.12489,73.4983
11.04536,11.04536,10.04988,11.0,10.0,10.0,9.0,9.0,8.0,8.0,8.0,7.07107,7.0,6.0,6.0,5.09902,5.09902,5.09902,5.09902,4.12311,4.12311,4.47214,3.60555,3.60555,3.60555,3.60555,3.60555,3.60555,3.60555,3.60555,3.60555,3.60555,3.60555,4.47214,4.47214,4.47214,4.47214,4.47214,4.47214,4.12311,4.12311,4.47214,4.47214,4.47214,4.47214,4.47214,4.47214,4.47214,4.47214,4.24264,4.24264,4.24264,73.33485,72.02777,72.1734,70.02857,64.00781,65.03076,68.11755,61.0082,57.14018,55.22681,54.14795,54.08327,49.36598,45.27693,42.19005,39.11521,39.01282,41.01219,36.05551,31.01612,33.13608,26.4764,29.27456,24.02082,25.07987,23.34524,21.09502,21.18962,20.24846,19.41649,20.12461,21.63331,19.20937,21.26029,18.43909,24.08319,21.93171,21.47091,19.84943,23.70654,24.69818,20.24846,20.0,21.09502,20.59126,24.20744,25.80698,24.20744,24.69818,25.0,22.80351,27.65863,26.1725,28.3196,24.04163,23.02173,23.02173,43.01163,46.38965,48.50773,52.20153,54.12947,55.07268,56.40035,58.79626,60.20797,63.03174,63.70243,67.62396,68.00735,68.7968,76.02631,70.26379,72.23573,72.11103,73.37575,79.07591,75.95393,75.66373,75.42546,77.31753,73.00685,75.0,72.02777,74.10803,71.56815,73.33485,67.36468,70.85901,66.91039,66.09841,68.24954,61.66036,62.64982,61.29437,58.21512,59.00847,55.14526,57.03508,57.03508,58.03447,58.00862,55.57877,57.21888,55.7315,59.68249,59.68249,63.06346,65.73431,66.70832,69.05071,71.38627,73.34848,73.5459
12.80625,12.20656,12.20656,11.40175,11.40175,10.63015,10.63015,9.21954,9.21954,9.21954,8.48528,7.81025,7.81025,7.81025,6.40312,6.40312,6.40312,6.40312,5.0,5.0,5.83095,4.47214,4.47214,4.47214,4.47214,4.12311,4.12311,4.12311,4.12311,4.0,4.0,4.0,4.0,4.0,4.12311,4.12311,4.12311,4.12311,4.12311,4.12311,4.12311,4.12311,5.09902,4.12311,5.09902,4.0,5.0,5.0,5.0,5.09902,5.09902,5.38516,75.16648,70.21396,76.02631,69.6563,66.21933,66.6033,61.7171,66.6033,56.72742,58.25805,53.8145,54.45181,51.66237,45.27693,45.96738,46.01087,42.52058,38.28838,38.8973,32.01562,33.6006,28.6007,29.41088,26.41969,25.55386,23.25941,20.59126,23.76973,19.92486,24.18677,20.88061,21.2132,20.09975,20.09975,21.0238,20.09975,21.2132,23.34524,23.76973,21.58703,22.80351,22.47221,23.5372,21.2132,24.73863,22.56103,24.35159,23.08679,24.5153,25.0,24.18677,26.07681,27.07397,24.08319,23.0,26.30589,24.5153,43.93177,49.51767,49.40648,53.60037,50.53712,57.93962,56.61272,58.5235,61.39218,59.5399,64.12488,66.0,70.0,71.34424,72.99315,72.78049,74.2159,74.0,77.16217,78.26238,77.36924,76.53757,76.32169,77.17513,77.10383,74.88658,76.2168,74.41102,71.8401,73.66139,65.79514,72.86288,68.593,67.89698,65.05382,61.55485,59.4138,61.7171,59.5483,59.20304,60.30755,54.08327,59.07622,56.30275,59.90826,57.80138,57.45433,57.27128,60.00833,60.37384,63.15853,65.39113,68.02941,64.88451,71.17584,71.58911,71.55418
12.52996,12.52996,11.18034,11.6619,10.81665,10.81665,10.29563,9.43398,8.60233,8.06226,8.06226,8.06226,8.06226,6.7082,6.7082,6.7082,5.38516,5.38516,5.38516,5.38516,4.12311,4.12311,5.09902,4.0,4.0,4.0,4.12311,4.12311,4.12311,4.12311,4.12311,4.47214,4.47214,4.47214,4.47214,4.47214,4.47214,4.47214,4.47214,4.47214,4.47214,4.47214,4.47214,4.47214,4.47214,4.47214,4.47214,5.38516,5.38516,5.09902,5.09902,5.0,70.71068,69.06519,72.11103,67.6757,62.20129,64.03124,62.00806,60.44005,54.56189,56.85068,53.15073,49.67897,48.16638,42.63801,43.13931,39.40812,41.10961,39.66106,35.22783,29.06888,33.28663,28.30194,25.94224,27.313,24.59675,22.84732,22.47221,21.58703,20.61553,20.09975,21.09502,19.0263,18.24829,21.84033,17.46425,20.24846,20.61553,21.18962,20.12461,22.13594,23.25941,21.47091,23.25941,21.9545,22.36068,23.76973,21.18962,24.69818,21.54066,24.35159,24.35159,24.73863,22.36068,22.13594,24.08319,26.01922,28.16026,44.55334,48.01042,46.04346,50.9902,48.46648,51.24451,55.10898,56.29387,58.13777,59.03389,62.03225,64.19502,64.38167,67.08204,68.68042,68.00735,71.47027,69.07966,74.84651,72.94518,71.69379,75.47185,70.72482,74.4043,71.8401,69.02898,72.34639,72.83543,65.06919,72.13876,68.593,69.31089,63.78087,64.44377,65.19202,59.39697,59.4138,57.28001,56.58622,55.86591,58.25805,55.80323,59.03389,49.40648,54.08327,60.20797,59.05929,55.00909,58.59181,55.4617,61.7171,63.69458,65.74192,64.40497,68.44706,70.23532,72.91776
13.0,12.0,12.0,11.0,11.0,10.04988,10.0,10.04988,9.05539,9.0,9.05539,8.0,8.0,7.0,7.0,7.0,6.0,6.0,5.09902,5.09902,5.09902,4.47214,4.12311,4.47214,4.47214,4.47214,4.47214,4.24264,4.24264,4.24264,4.24264,4.24264,4.24264,5.0,5.0,4.24264,5.0,5.0,4.24264,4.24264,5.0,5.0,5.0,4.24264,5.0,5.0,5.0,5.0,5.0,5.0,5.0,4.47214,75.23962,73.17103,70.25667,71.02816,70.00714,66.0303,61.20457,64.28063,61.03278,54.03702,56.4358,53.23533,52.23983,44.28318,44.28318,44.0,41.4367,40.1995,37.01351,34.1321,34.1321,33.06055,27.45906,23.08679,24.33105,24.5153,24.35159,20.24846,22.47221,21.93171,21.0238,21.9545,20.24846,20.61553,20.51828,22.67157,19.79899,21.26029,20.80865,21.26029,22.02272,25.6125,24.08319,24.20744,25.6125,23.60085,21.93171,26.1725,27.65863,26.1725,24.75884,24.83948,25.4951,24.75884,25.23886,25.94224,24.59675,45.17743,48.01042,49.49747,52.81098,53.14132,57.80138,53.0,60.74537,54.40588,57.00877,62.96825,63.25346,72.47068,69.89278,70.83078,70.21396,75.17978,71.69379,73.53911,74.0,69.12308,81.49233,75.13322,76.53104,73.5527,76.0,76.00658,74.02702,69.06519,71.02816,65.12296,70.11419,66.37017,67.26812,66.18912,65.37584,60.07495,61.03278,59.07622,57.00877,61.0082,58.03447,57.0,57.42822,54.23099,59.21149,57.87055,57.07013,59.22837,60.20797,63.56099,65.52099,71.06335,63.78871,68.88396,70.0928,74.73286
12.04159,11.40175,11.40175,10.63015,10.63015,9.89949,9.89949,8.48528,8.48528,8.48528,7.81025,7.07107,7.07107,7.07107,5.65685,5.65685,5.65685,5.0,5.0,4.24264,4.24264,3.60555,3.60555,3.60555,3.16228,3.16228,3.16228,3.16228,3.0,3.0,3.0,3.0,3.0,3.0,3.0,3.0,3.0,3.0,3.0,3.16228,3.16228,3.16228,4.12311,3.0,4.0,3.0,4.0,4.0,4.0,4.0,4.12311,4.12311,73.24616,73.24616,71.8401,75.0733,70.93659,66.6033,63.65532,66.48308,60.87693,54.48853,53.15073,53.74012,50.93133,48.16638,45.27693,46.01087,41.10961,38.28838,35.4683,34.05877,34.20526,32.55764,27.80288,25.80698,27.01851,24.59675,20.59126,23.76973,21.58703,24.08319,20.02498,22.02272,22.0,20.0,18.24829,18.43909,18.0,20.09975,23.5372,22.09072,21.37756,22.56103,19.10497,22.13594,22.56103,23.5372,23.5372,21.37756,20.88061,25.4951,23.34524,22.36068,26.30589,25.07987,21.0238,28.63564,24.5153,43.93177,47.16991,49.65884,54.42426,56.08921,53.15073,55.22681,58.13777,59.00847,64.07027,62.64982,64.93843,67.68309,70.21396,70.60453,71.69379,74.32362,76.53757,75.66373,74.62573,76.6094,78.40918,77.33693,77.23341,76.38063,77.07788,72.86288,73.0,71.70077,73.75636,69.81404,70.45566,69.81404,63.82006,65.80274,63.41136,62.00806,63.25346,58.79626,60.1415,60.87693,60.82763,54.56189,60.20797,58.41233,59.03389,59.07622,58.5235,63.81222,63.51378,65.51336,64.00781,69.97142,67.95587,75.47185,77.10383,77.66595
12.20656,11.40175,11.40175,11.40175,10.63015,10.63015,9.21954,9.21954,9.21954,8.48528,8.48528,7.81025,7.07107,7.07107,6.40312,6.40312,5.0,5.0,5.0,5.0,4.47214,4.47214,4.47214,4.12311,3.16228,3.16228,3.0,3.0,3.0,3.0,3.0,3.16228,3.16228,3.16228,3.16228,3.16228,3.16228,3.16228,3.16228,3.16228,3.16228,3.16228,3.16228,3.16228,3.16228,3.16228,4.12311,4.12311,4.0,4.0,4.0,4.12311,68.7968,69.33974,71.56116,66.85058,68.00735,65.45991,58.41233,62.20129,56.72742,55.60576,53.41348,49.0408,51.40039,46.09772,43.86342,39.82462,39.69887,40.80441,33.42155,32.24903,29.41088,26.07681,30.52868,27.29469,23.70654,21.47091,21.84033,22.13594,19.41649,15.29706,21.0238,20.02498,20.0,18.11077,21.2132,21.0238,21.37756,20.88061,20.88061,22.13594,22.13594,20.88061,22.13594,21.54066,21.54066,23.4094,21.84033,26.0,24.69818,20.61553,21.54066,21.84033,21.2132,22.36068,23.19483,25.07987,23.08679,41.01219,46.09772,44.40721,51.47815,51.89412,50.92151,54.12024,58.0517,56.08921,58.42089,61.03278,61.07373,65.12296,65.37584,70.03571,68.88396,73.24616,68.70953,73.38937,73.82412,75.15318,75.17978,73.92564,72.94518,73.4983,73.00685,72.47068,73.10951,68.76772,70.17834,68.62215,66.6033,63.03174,62.96825,62.96825,64.53681,60.87693,60.20797,55.9017,58.25805,57.80138,54.08327,56.85948,57.14018,57.3062,53.7122,53.66563,57.27128,58.60034,59.9333,60.92618,65.19202,65.0,66.70832,72.09022,74.46476,69.46222
13.41641,12.52996,12.52996,12.52996,11.6619,11.6619,10.29563,10.29563,9.43398,9.43398,9.43398,8.06226,8.06226,7.61577,6.7082,6.7082,6.32456,5.38516,5.09902,5.38516,5.09902,5.09902,5.0,5.0,4.0,5.0,4.12311,4.12311,4.12311,5.09902,4.47214,4.47214,4.47214,4.47214,4.47214,4.47214,4.47214,4.47214,4.47214,4.47214,5.38516,5.38516,5.38516,5.38516,5.38516,5.38516,5.38516,5.38516,5.38516,5.09902,5.09902,5.0,73.57309,69.11584,70.49113,72.42237,71.61006,68.24222,67.80118,63.25346,59.20304,57.62812,56.85068,56.0803,49.57822,48.16638,46.75468,44.82187,41.10961,37.64306,37.53665,34.98571,31.38471,32.20248,26.41969,27.45906,28.17801,22.84732,24.16609,22.13594,22.56103,24.18677,21.37756,22.2036,22.02272,22.09072,22.13594,22.36068,24.73863,20.88061,20.61553,23.76973,25.31798,26.1725,25.70992,24.73863,23.34524,22.80351,26.68333,25.96151,25.70992,21.84033,26.30589,26.1725,25.01999,25.01999,24.33105,27.29469,28.16026,47.70744,48.9183,53.03772,49.40648,52.69725,56.79789,55.15433,57.56735,60.44005,59.22837,62.39391,65.12296,69.02898,70.11419,71.25307,70.71068,72.00694,70.61161,72.03471,74.67262,73.92564,78.29432,74.70609,73.92564,72.71864,73.78347,76.27582,70.60453,72.20111,71.06335,70.29225,66.06815,69.42622,65.19202,63.03174,65.29931,60.87693,58.41233,57.2014,59.40539,58.82176,56.30275,58.30952,57.45433,54.58938,54.78138,55.9464,60.83584,61.46544,63.69458,59.9333,69.28925,68.70953,67.77905,70.2282,72.01389,73.82412
11.7047,11.40175,11.40175,11.40175,10.44031,10.19804,9.21954,9.21954,8.24621,8.24621,8.24621,7.28011,7.28011,6.32456,6.32456,5.38516,5.83095,5.38516,4.47214,4.47214,4.47214,4.24264,4.24264,4.24264,4.24264,3.60555,3.60555,3.60555,3.60555,4.12311,4.12311,4.12311,4.12311,4.12311,4.12311,4.12311,4.12311,4.12311,4.12311,4.12311,4.12311,4.12311,4.12311,5.09902,4.12311,4.12311,5.38516,4.47214,4.47214,4.47214,4.47214,4.24264,65.76473,78.63841,72.33948,68.11755,73.5527,63.12686,67.02984,62.03225,62.0,57.03508,53.03772,50.0,51.0,49.0408,43.10452,40.04997,42.04759,41.04875,35.12834,33.13608,32.14032,32.75668,27.45906,25.4951,27.20294,28.16026,23.70654,19.69772,25.0,23.85372,18.43909,19.84943,24.83948,21.63331,20.0,24.83948,21.26029,22.67157,26.41969,27.29469,24.59675,21.9545,24.18677,23.25941,26.83282,26.07681,21.9545,27.45906,25.80698,24.69818,29.20616,25.80698,26.1725,25.45584,26.1725,27.01851,26.07681,47.01064,44.55334,48.76474,47.42362,52.83938,52.15362,53.60037,55.22681,59.4138,62.28965,60.87693,61.40033,68.7968,69.11584,69.77105,70.00714,68.00735,74.33034,70.88018,73.34848,73.97973,76.32169,76.32169,72.44308,74.16873,76.0,74.02702,73.00685,73.17103,69.11584,68.06614,64.38167,64.49806,64.62971,61.40033,59.3043,64.38167,58.03447,57.14018,59.03389,59.00847,59.07622,54.08327,57.42822,51.24451,55.31727,58.24946,56.75385,61.13101,63.06346,65.52099,68.00735,68.15424,68.41053,69.92138,68.96376,73.97973
12.64911,11.7047,11.7047,10.77033,10.77033,11.18034,9.84886,9.84886,8.94427,8.94427,8.06226,7.61577,6.7082,6.7082,6.7082,6.32456,5.38516,5.38516,5.38516,4.12311,4.12311,4.12311,4.0,3.0,3.0,3.0,3.16228,3.16228,3.16228,3.16228,3.60555,3.60555,3.60555,3.60555,3.60555,3.60555,3.60555,3.60555,3.60555,3.60555,3.60555,3.60555,3.60555,3.60555,3.60555,3.60555,3.60555,4.47214,3.16228,4.12311,4.12311,4.0,79.12016,70.83784,72.8011,70.5195,71.16881,65.19202,67.77905,65.19202,63.15853,55.9464,53.7122,51.07837,50.69517,48.8467,45.88028,47.16991,43.08132,37.33631,37.69615,31.95309,29.61419,31.01612,28.63564,24.5153,24.5153,24.0,24.5153,22.02272,23.19483,20.88061,23.76973,21.18962,21.09502,21.9545,21.09502,18.43909,22.02272,22.47221,21.93171,21.40093,23.02173,23.02173,23.02173,24.75884,22.80351,24.83948,23.34524,23.60085,21.93171,25.23886,26.24881,26.07681,27.29469,26.41969,27.29469,28.63564,25.31798,42.2019,44.55334,49.0408,51.86521,53.33854,55.15433,53.48832,58.82176,61.40033,60.41523,65.62012,69.26038,68.11755,71.02816,69.18092,68.35934,72.44308,74.73286,75.18643,76.844,76.89603,78.1089,76.15773,76.96753,76.53757,74.30343,73.92564,72.20111,72.20111,71.86793,68.7968,67.95587,67.6757,65.45991,67.41662,67.41662,63.28507,65.51336,58.83026,60.82763,55.9017,58.18075,56.64804,58.69412,57.56735,56.61272,59.20304,58.0517,63.56099,65.76473,63.78871,69.2315,68.88396,70.85901,72.18033,76.11833,78.77182
13.60147,13.0384,12.20656,11.6619,11.6619,10.81665,10.81665,10.29563,9.43398,8.94427,9.43398,8.60233,8.06226,7.2111,7.2111,7.2111,6.40312,6.40312,5.65685,5.65685,5.65685,5.0,5.0,5.0,5.0,4.47214,4.47214,4.47214,4.12311,4.12311,4.12311,5.09902,5.09902,5.09902,5.09902,5.09902,5.09902,5.09902,5.09902,5.09902,5.09902,5.0,5.09902,5.09902,5.09902,5.09902,5.09902,5.09902,5.38516,5.38516,5.38516,5.83095,76.15773,72.49828,70.26379,65.9242,73.53911,66.48308,64.51356,65.45991,55.97321,58.5235,57.87055,51.07837,52.81098,46.48656,46.48656,45.54119,40.49691,40.71855,37.33631,33.61547,31.01612,32.24903,27.45906,28.6531,27.20294,24.75884,22.80351,21.26029,20.24846,22.47221,21.26029,20.61553,21.54066,23.4094,22.13594,21.54066,23.4094,21.58703,22.56103,26.68333,22.56103,25.4951,24.04163,22.80351,25.4951,25.4951,23.76973,24.33105,27.20294,25.70992,25.96151,25.63201,26.0,25.05993,26.41969,25.80698,26.87006,43.46263,48.05206,51.15662,52.03845,53.33854,51.78803,56.51548,57.24509,59.09315,57.69749,58.59181,63.28507,69.63476,67.47592,73.0,68.593,72.83543,73.87828,73.87828,75.47185,76.55064,76.66159,72.89719,73.40981,73.73602,71.86793,70.83784,73.38937,67.72001,68.94926,67.05222,67.18631,64.03124,63.06346,60.63827,62.36185,57.28001,57.56735,57.48913,58.87274,57.00877,55.9464,52.7731,56.82429,55.47071,51.88449,57.14018,57.42822,59.07622,59.66574,62.20129,65.60488,68.00735,65.80274,69.06519,78.54935,76.02631
12.52996,11.18034,12.08305,10.77033,10.77033,9.84886,9.84886,9.84886,9.48683,8.544,8.544,7.61577,7.61577,7.61577,6.7082,6.7082,5.83095,5.83095,5.0,5.0,5.0,5.0,4.24264,4.24264,3.60555,3.60555,3.60555,3.60555,3.16228,4.12311,3.16228,4.12311,4.12311,4.12311,4.12311,4.12311,4.12311,4.12311,4.0,4.12311,4.12311,4.12311,4.12311,4.12311,4.12311,4.12311,4.12311,4.12311,4.47214,4.47214,4.47214,3.60555,70.83078,73.92564,76.47876,69.77105,71.55418,66.70832,66.21178,61.84658,64.4748,55.71355,56.30275,53.14132,49.76947,49.0408,43.38202,44.38468,40.49691,39.81206,34.48188,36.71512,34.48188,32.24903,27.78489,27.20294,24.41311,29.83287,24.04163,22.47221,23.60085,22.82542,21.63331,20.24846,19.23538,21.58703,24.5153,23.08679,22.36068,23.34524,24.18677,24.33105,24.33105,23.08679,25.0,22.09072,24.04163,25.70992,23.34524,24.18677,28.16026,26.30589,28.63564,27.20294,24.69818,26.0,25.29822,28.17801,24.59675,46.09772,49.09175,50.01,53.03772,56.88585,57.00877,55.97321,58.18935,63.56099,63.95311,65.73431,68.24222,69.40461,68.62215,72.18033,72.34639,73.0,75.60423,75.80237,77.38863,77.02597,81.41253,78.29432,76.15773,75.02666,74.09453,77.16217,73.38937,73.68175,70.60453,69.12308,70.83078,65.0,63.78871,66.21933,63.78871,62.0967,57.56735,59.48109,60.74537,57.87055,56.85948,59.94164,59.03389,55.47071,58.5235,61.58734,59.90826,63.60031,65.21503,63.41136,67.35726,68.8186,70.29225,76.83749,71.02816,73.23933
11.18034,11.18034,11.18034,10.19804,10.19804,9.21954,9.21954,8.24621,8.24621,8.24621,7.28011,7.28011,6.08276,6.08276,5.09902,5.09902,5.09902,5.0,4.0,4.0,4.0,4.12311,3.16228,3.16228,3.60555,3.60555,3.60555,3.60555,4.24264,4.24264,4.24264,4.24264,4.24264,4.24264,4.24264,4.24264,4.24264,4.24264,4.24264,4.24264,5.0,4.24264,4.24264,4.24264,4.24264,4.24264,5.0,4.24264,5.0,4.47214,4.47214,4.47214,68.15424,72.27724,67.05222,68.62215,68.35203,63.32456,64.84597,61.68468,59.23681,56.0803,53.31041,51.89412,48.46648,46.06517,42.04759,45.22168,38.48376,34.43835,33.24154,31.32092,29.41088,27.20294,29.61419,25.01999,24.18677,24.02082,23.0,22.36068,20.61553,19.64688,20.61553,18.97367,19.31321,20.59126,25.07987,20.24846,21.63331,25.23886,21.47091,25.0,24.83948,24.08319,25.0,26.92582,24.69818,26.62705,25.80698,28.6007,24.18677,24.83948,25.23886,26.41969,27.73085,21.93171,27.51363,22.36068,28.01785,42.54409,43.41659,47.43416,50.9902,52.3259,50.0,51.86521,57.45433,56.82429,59.09315,59.80803,62.0967,66.21933,68.24954,69.72087,68.26419,73.02739,73.02739,72.11103,72.33948,72.18033,72.56721,73.00685,73.37575,72.73239,72.73239,70.00714,69.28925,72.49828,69.35416,67.54258,65.30697,65.30697,65.79514,65.76473,58.13777,57.24509,57.24509,56.79789,55.15433,54.626,53.48832,55.65968,55.7853,54.57105,50.21952,55.31727,56.7186,58.42089,59.5399,57.42822,64.49806,64.28063,62.39391,69.00725,67.36468,69.58448
13.15295,13.34166,12.16553,12.36932,11.40175,11.40175,10.44031,10.44031,9.48683,9.48683,9.48683,8.24621,8.24621,7.28011,7.28011,6.32456,6.08276,6.08276,6.08276,6.08276,5.0,5.0,4.0,5.0,4.0,4.12311,4.12311,4.47214,4.47214,4.47214,4.47214,4.47214,4.47214,4.47214,5.0,5.0,5.0,4.47214,4.47214,5.0,5.0,5.0,5.0,4.47214,4.47214,4.47214,5.38516,4.47214,5.38516,5.38516,5.09902,5.0,73.33485,68.88396,75.42546,68.88396,63.95311,66.4906,61.39218,65.73431,56.08921,57.48913,55.08176,51.66237,47.43416,44.38468,46.57252,39.62323,40.02499,38.32754,37.94733,35.12834,32.38827,30.14963,29.0,28.01785,26.01922,24.0,23.19483,22.56103,20.61553,22.80351,20.80865,22.36068,21.63331,23.60085,22.80351,21.9545,21.26029,24.08319,24.41311,22.02272,24.08319,24.08319,26.40076,22.67157,25.4951,25.4951,27.65863,26.40076,25.6125,25.23886,25.4951,21.40093,28.17801,25.94224,27.78489,27.20294,27.45906,44.38468,48.8467,48.8774,53.00943,53.2635,58.69412,57.62812,59.03389,63.00794,60.03332,62.6099,64.4748,67.77905,69.57011,73.24616,70.83078,72.69113,72.33948,75.32596,74.00676,74.02702,76.05919,72.44308,75.66373,75.95393,74.96666,73.97973,74.2159,68.41053,75.69016,68.30813,68.62215,65.78754,67.05222,62.62587,62.93648,60.40695,58.5235,57.72348,59.90826,60.87693,54.91812,57.07013,58.42089,57.31492,51.0392,57.00877,59.00847,61.0082,57.0,61.07373,64.12488,69.00725,66.06815,75.05998,77.02597,73.00685
12.0,12.04159,11.04536,11.04536,10.04988,10.04988,10.04988,9.05539,9.05539,8.06226,8.06226,8.06226,7.0,7.0,6.0,6.0,6.0,5.0,5.0,5.09902,5.09902,4.12311,4.12311,4.47214,4.47214,4.47214,3.60555,4.24264,4.24264,4.24264,4.24264,4.24264,4.24264,4.24264,4.24264,4.24264,5.0,5.0,5.0,5.65685,4.24264,5.0,5.0,5.0,5.0,5.0,5.0,5.0,5.0,5.0,5.83095,5.38516,73.43705,71.56815,70.71068,69.2315,72.18033,60.67125,64.32729,61.39218,60.41523,55.31727,56.921,49.0408,51.24451,45.88028,44.64303,44.38468,40.26164,35.17101,34.48188,35.69314,31.257,27.07397,29.01724,27.07397,24.0,22.02272,23.34524,20.61553,23.4094,20.12461,22.36068,21.09502,19.10497,20.80865,21.26029,25.6125,21.26029,20.61553,21.93171,27.01851,24.08319,26.1725,23.34524,26.87006,22.62742,24.08319,26.40076,25.4951,24.20744,26.24881,26.87006,27.65863,27.01851,26.92582,28.30194,28.63564,26.4764,46.84015,47.16991,49.73932,50.47772,51.08816,53.75872,54.20332,57.42822,60.46487,61.40033,63.50591,65.0,66.70832,70.21396,72.53275,71.58911,70.85901,69.18092,73.17103,73.06162,74.02702,74.16873,75.53807,72.83543,74.8131,73.1642,71.06335,71.8401,69.37579,70.83784,67.6757,70.5762,67.77905,64.07808,63.56886,65.14599,59.77458,58.5235,56.32051,58.24088,55.36244,52.61179,54.12947,54.58938,52.7731,52.61179,55.22681,57.00877,59.00847,62.1289,58.07753,64.38167,64.0,66.0,70.02857,69.00725,70.17834
13.0,12.08305,12.08305,11.18034,11.18034,10.29563,9.84886,9.84886,8.94427,8.94427,8.06226,8.06226,7.61577,7.61577,6.7082,6.32456,6.32456,5.38516,5.09902,5.09902,5.09902,5.09902,4.12311,4.0,4.0,4.0,4.12311,4.12311,4.12311,4.12311,4.12311,4.12311,4.47214,4.47214,4.47214,4.47214,4.47214,4.47214,4.47214,4.47214,4.47214,4.47214,4.47214,4.47214,4.47214,4.47214,4.47214,5.38516,5.09902,5.09902,5.09902,5.0,68.88396,70.5195,72.03471,66.76077,66.09841,63.90618,66.09841,59.13544,56.64804,57.58472,53.31041,49.76947,50.69517,47.16991,45.18849,43.08132,39.56008,38.62642,32.20248,34.20526,30.80584,31.04835,29.27456,25.17936,25.07987,22.02272,22.0,22.09072,24.02082,23.76973,19.23538,21.54066,21.93171,21.0238,23.32381,21.9545,23.32381,25.80698,23.43075,23.85372,23.60085,28.01785,25.23886,23.70654,24.20744,23.60085,22.80351,25.23886,25.0,23.32381,25.05993,26.83282,27.313,26.0,26.57066,24.5153,26.30589,44.72136,47.70744,49.40648,53.03772,53.90733,55.80323,56.0357,59.5399,59.03389,60.41523,63.60031,66.48308,65.96969,70.21396,70.71068,72.1734,74.06079,74.02702,76.10519,76.94154,77.92946,77.92946,74.95332,77.49194,78.1089,75.89466,71.51224,72.23573,69.857,71.58911,69.77822,68.88396,65.29931,65.30697,65.79514,60.83584,60.37384,62.6099,59.5063,58.30952,58.5235,57.24509,52.81098,56.75385,57.72348,54.12947,54.57105,56.7186,58.42089,60.29925,60.29925,65.27634,63.1981,64.38167,67.74216,67.74216,72.83543
12.20656,11.6619,10.81665,10.81665,10.0,10.0,10.0,8.60233,8.60233,7.81025,7.81025,7.2111,6.40312,7.2111,5.83095,5.83095,5.83095,5.38516,5.38516,4.47214,4.12311,4.12311,4.12311,4.0,4.0,4.0,4.12311,4.12311,4.12311,4.12311,4.12311,4.12311,4.12311,4.47214,5.09902,4.12311,5.38516,5.38516,5.09902,4.12311,5.38516,5.09902,5.38516,5.09902,5.09902,5.09902,5.09902,5.09902,5.09902,5.0,5.0,5.09902,71.8401,70.80254,68.00735,67.47592,66.06815,62.482,63.65532,61.7171,58.0,55.17246,55.31727,50.20956,52.34501,46.75468,39.59798,42.52058,39.62323,36.23534,34.65545,30.61046,31.06445,29.68164,29.41088,24.59675,25.94224,21.0238,21.37756,24.73863,22.56103,24.18677,22.0,24.08319,23.08679,24.02082,22.2036,22.36068,21.37756,24.18677,22.56103,24.5153,25.31798,25.96151,24.73863,26.24881,24.5153,25.70992,26.92582,25.17936,25.29822,24.73863,25.0,26.92582,28.44293,27.16616,28.01785,25.01999,24.18677,45.96738,45.80393,47.70744,52.0,54.40588,53.85165,54.58938,58.30952,58.42089,63.07139,66.00758,65.37584,65.37584,68.24954,70.60453,71.16881,75.27284,72.01389,74.70609,74.09453,74.33034,77.20104,77.20104,74.8131,74.33034,74.41102,74.24958,74.27651,70.72482,72.18033,70.43437,67.47592,67.62396,64.03124,64.40497,65.11528,60.959,58.72819,58.72819,58.0,55.15433,53.75872,55.97321,53.2635,55.44367,58.41233,54.40588,54.6443,61.05735,58.83026,62.26556,63.07139,67.41662,64.88451,67.53518,69.89278,74.62573
12.16553,11.40175,11.40175,10.44031,10.44031,9.48683,9.48683,8.544,8.544,8.544,7.61577,7.28011,6.32456,6.32456,6.32456,6.08276,5.09902,5.09902,4.0,4.0,4.0,4.0,3.0,3.0,3.16228,3.16228,2.23607,3.60555,2.82843,3.60555,2.82843,3.60555,3.60555,2.82843,2.82843,3.60555,3.60555,3.60555,3.60555,3.60555,3.60555,3.60555,4.24264,3.60555,3.60555,4.24264,4.24264,4.24264,3.60555,3.60555,4.47214,4.12311,73.34848,68.41053,70.61161,63.78871,65.25335,60.44005,59.90826,61.98387,57.77543,60.40695,49.33559,49.0408,47.16991,43.65776,40.31129,39.21734,37.69615,33.61547,35.17101,30.80584,30.59412,25.96151,27.07397,23.34524,23.02173,21.0,23.34524,20.88061,19.92486,16.55295,19.72308,21.63331,18.86796,17.88854,21.09502,20.51828,22.02272,21.26029,18.38478,20.61553,25.4951,22.67157,23.43075,25.45584,25.45584,23.34524,22.02272,24.75884,24.08319,23.34524,23.34524,23.43075,25.0,26.07681,24.16609,26.0,25.29822,39.96248,46.04346,48.16638,53.74012,51.73973,54.40588,59.16925,56.4358,56.46238,60.53924,62.36185,62.36185,69.42622,67.47592,68.26419,69.02898,73.00685,74.02702,74.16873,78.63841,78.26238,78.64477,78.58753,76.53757,75.96052,75.61085,76.6942,74.84651,70.77429,75.15318,70.77429,71.11259,67.53518,67.54258,65.30697,63.50591,60.00833,60.00833,60.82763,58.30952,57.38467,57.56735,59.20304,59.90826,57.27128,61.0,52.61179,58.21512,61.52235,60.40695,63.63961,65.62012,65.27634,66.37017,69.35416,73.43705,69.58448
11.04536,10.04988,10.04988,10.04988,10.04988,9.05539,8.06226,8.06226,8.06226,7.28011,7.07107,6.08276,6.08276,6.08276,5.09902,5.09902,5.0,5.09902,4.0,4.0,4.0,3.0,3.0,3.16228,3.16228,3.16228,2.23607,2.82843,2.82843,2.82843,2.82843,2.82843,2.82843,2.82843,2.82843,3.60555,3.60555,3.60555,2.82843,3.60555,3.60555,3.60555,3.60555,3.60555,3.60555,3.60555,3.60555,3.60555,3.60555,3.60555,3.16228,3.16228,72.83543,68.73136,69.72087,65.19202,65.37584,68.11755,62.07254,66.06815,55.08176,56.0357,53.03772,54.08327,48.04165,45.04442,42.0119,42.19005,41.04875,38.0526,32.06244,32.01562,30.59412,29.61419,28.86174,24.73863,24.04163,20.88061,23.08679,19.92486,19.41649,18.86796,20.80865,21.93171,22.02272,20.0,20.59126,21.63331,21.0238,19.23538,20.59126,24.59675,20.61553,26.92582,24.16609,24.16609,23.76973,19.92486,26.0,22.36068,25.94224,23.32381,25.05993,24.41311,26.40076,24.41311,25.4951,24.04163,22.67157,44.28318,48.27007,50.69517,50.56679,50.60632,53.82379,56.0803,56.63921,60.20797,59.5483,62.62587,67.1193,67.74216,72.00694,71.55418,70.38466,75.39231,71.47027,76.92204,77.10383,76.79193,78.51751,72.33948,78.23043,77.02597,76.05919,72.02777,79.05694,72.24957,77.16217,67.18631,72.83543,71.44928,66.61081,67.47592,63.63961,59.13544,64.19502,63.28507,61.03278,64.07027,57.00877,61.13101,54.14795,56.0357,59.5399,60.82763,58.24946,57.00877,58.0517,61.84658,64.28841,67.91171,63.60031,73.24616,74.52516,71.19691
12.64911,12.64911,11.7047,11.7047,11.7047,10.77033,10.77033,9.84886,9.84886,8.544,8.94427,7.61577,7.61577,7.61577,6.32456,6.32456,6.32456,6.32456,5.09902,5.09902,5.09902,5.09902,5.09902,4.0,4.0,4.0,4.12311,4.12311,4.12311,4.12311,4.12311,4.47214,4.47214,4.47214,4.47214,4.47214,4.47214,4.47214,4.47214,4.47214,4.47214,4.47214,4.47214,4.47214,4.47214,5.38516,5.38516,5.09902,5.09902,5.09902,5.0,5.0,74.33034,68.94926,72.42237,68.15424,66.12866,65.19202,61.84658,62.17717,54.626,55.9464,55.00909,50.53712,51.0,46.06517,44.29447,43.86342,42.04759,38.01316,35.8469,30.46309,33.52611,27.51363,26.4764,23.5372,27.45906,26.1725,19.0,24.02082,19.0263,20.88061,20.22375,21.84033,20.24846,19.23538,21.09502,22.84732,18.78829,24.41311,20.24846,25.0,22.2036,23.43075,22.82542,26.41969,23.60085,21.40093,24.69818,23.85372,25.05993,23.32381,25.55386,25.4951,26.24881,26.0,26.92582,27.20294,26.0,44.29447,50.47772,48.9183,53.03772,52.00961,54.08327,54.3783,59.48109,61.09828,59.46427,64.19502,65.11528,69.2315,70.34913,72.1734,72.0,80.00625,72.1734,78.63841,77.27872,71.38627,76.92204,70.21396,74.63243,73.1642,77.25283,73.82412,79.62412,70.66116,71.11962,68.09552,72.20111,68.96376,69.35416,67.23095,65.0,60.03332,61.29437,61.29437,60.37384,59.5063,56.64804,55.15433,57.56735,61.35145,56.30275,57.56735,58.85576,60.41523,60.82763,62.16912,64.13267,68.44706,62.96825,70.40597,73.75636,70.61161
11.6619,11.6619,11.18034,11.18034,9.84886,9.84886,9.84886,8.94427,8.544,7.61577,7.61577,7.61577,7.61577,6.7082,6.7082,5.83095,5.83095,4.47214,5.0,4.47214,4.47214,3.60555,4.24264,4.24264,3.60555,3.60555,3.16228,3.60555,3.16228,3.16228,3.16228,3.16228,3.16228,3.16228,3.16228,3.16228,4.12311,3.16228,4.0,4.12311,4.12311,4.12311,4.12311,4.12311,4.12311,4.12311,4.12311,4.12311,4.47214,4.47214,4.47214,3.60555,70.21396,74.79305,71.02112,66.7308,68.7968,64.88451,60.90156,59.48109,57.69749,57.24509,50.53712,49.64877,47.41308,45.18849,45.18849,42.95346,41.18252,37.21559,34.88553,34.1321,32.20248,28.17801,25.0,26.90725,21.93171,22.67157,21.40093,20.61553,18.86796,21.54066,18.35756,21.84033,21.18962,18.43909,22.56103,22.56103,20.02498,21.37756,23.02173,25.07987,23.02173,21.0238,22.2036,22.0,23.02173,22.09072,25.17936,23.08679,22.0,27.29469,27.45906,22.56103,24.33105,25.4951,25.63201,26.41969,23.70654,46.23851,47.29693,49.64877,54.33231,54.03702,56.0803,57.70615,59.22837,58.5235,60.44005,66.85058,67.62396,71.58911,72.20111,72.11103,71.40028,74.65253,74.41102,76.38063,76.6942,76.2168,80.0,74.88658,78.77182,74.94665,75.71658,74.43118,72.89719,70.23532,74.24958,69.857,71.69379,72.23573,68.70953,67.41662,64.07808,64.4748,63.97656,60.37384,59.05929,59.05929,56.82429,58.5235,60.53924,58.60034,58.60034,62.42596,56.72742,62.482,63.70243,62.28965,70.00714,70.0928,70.17834,70.76722,71.58911,75.0
10.77033,9.84886,9.84886,9.84886,8.94427,8.94427,7.61577,8.06226,8.06226,6.7082,6.7082,6.7082,5.38516,5.38516,5.38516,5.38516,4.12311,4.12311,4.12311,4.12311,4.0,3.0,3.0,3.0,3.16228,3.16228,3.16228,3.60555,3.60555,3.60555,3.60555,3.60555,3.60555,3.60555,3.60555,3.60555,4.24264,4.24264,4.24264,4.24264,4.24264,4.24264,4.24264,4.24264,3.60555,3.60555,3.60555,3.60555,3.60555,3.60555,4.12311,4.12311,71.30919,67.97794,68.44706,63.07139,61.26989,63.52952,60.41523,60.03332,51.47815,53.85165,51.62364,49.24429,47.50789,43.26662,36.35932,41.59327,34.43835,38.48376,35.35534,32.31099,29.15476,24.35159,25.0,25.0,22.80351,24.5153,19.0263,21.0238,20.0,19.10497,21.58703,20.61553,20.24846,17.88854,18.35756,20.12461,21.40093,19.72308,21.9545,21.40093,18.43909,21.2132,26.07681,26.07681,23.85372,22.02272,21.9545,23.02173,22.67157,24.69818,22.47221,24.18677,23.60085,25.29822,23.4094,26.24881,22.56103,43.01163,45.27693,47.01064,51.61395,52.83938,52.39275,54.40588,57.28001,62.58594,59.03389,62.28965,64.19502,68.11755,67.02984,68.593,70.03571,74.33034,72.27724,74.46476,73.38937,72.8011,75.76939,70.68239,74.24284,75.29276,74.79305,71.84706,74.62573,70.21396,69.40461,65.45991,71.02816,64.2028,63.60031,66.85058,65.0,63.25346,60.21628,60.46487,58.5235,60.41523,57.98276,59.05929,56.35601,55.03635,57.27128,59.09315,59.46427,59.77458,61.35145,57.58472,64.84597,64.51356,63.32456,71.47027,68.94926,69.57011
12.08305,10.77033,11.18034,10.29563,10.29563,9.43398,8.94427,8.94427,8.06226,8.06226,8.06226,7.61577,7.2111,5.83095,5.83095,5.83095,5.38516,4.47214,4.47214,4.47214,4.47214,3.16228,3.16228,3.0,3.0,3.0,3.0,3.16228,3.16228,3.16228,3.16228,3.16228,3.60555,3.60555,3.16228,3.60555,3.16228,3.16228,3.60555,3.60555,3.60555,3.60555,3.60555,3.16228,4.47214,3.16228,3.16228,4.12311,4.12311,4.0,4.0,4.0,72.09022,67.53518,65.74192,66.7308,71.11962,65.0,59.90826,61.85467,59.64059,55.22681,53.25411,51.0392,51.0392,45.48626,43.04649,39.82462,40.31129,40.31129,37.58989,30.88689,33.54102,30.41381,25.70992,25.55386,24.73863,25.96151,20.09975,20.0,21.0238,21.0,21.58703,20.88061,19.64688,20.39608,18.97367,17.0,20.12461,21.0238,20.12461,19.31321,23.85372,23.85372,23.76973,26.40076,22.80351,24.18677,24.35159,23.32381,25.94224,22.82542,22.84732,26.57066,26.57066,23.08679,25.4951,24.08319,25.01999,48.02083,48.83646,49.0408,52.43091,55.21775,56.0803,55.71355,60.40695,59.66574,58.46366,65.30697,67.74216,68.46897,70.02857,76.02631,72.69113,77.92946,78.44743,75.13322,76.89603,76.55064,79.84986,77.07788,76.55717,76.47876,81.88406,78.77182,78.54935,73.4983,76.00658,71.40028,74.06079,68.60029,69.40461,70.80254,69.33974,63.60031,63.81222,59.64059,62.1289,63.51378,60.82763,60.53924,59.9333,59.48109,58.18075,59.61543,58.69412,62.96825,60.40695,66.09841,67.44627,70.88018,68.62215,70.83784,73.05477,74.67262
12.04159,12.04159,11.04536,11.18034,10.19804,11.18034,9.21954,9.05539,9.21954,8.06226,8.06226,8.06226,7.07107,7.07107,6.0,6.0,6.0,5.0,5.09902,5.09902,5.09902,5.09902,4.12311,4.47214,4.47214,4.47214,5.0,3.60555,5.0,5.0,4.24264,4.24264,4.24264,4.24264,5.0,4.24264,4.24264,5.0,5.0,5.0,4.24264,5.65685,4.24264,5.65685,5.65685,5.65685,5.0,5.0,5.0,5.0,5.83095,5.38516,71.80529,66.40783,68.94926,67.35726,65.9242,63.15853,63.15853,58.69412,56.46238,55.9464,51.88449,49.76947,49.1935,43.86342,42.48529,40.49691,37.57659,34.0147,32.31099,32.57299,31.04835,25.96151,26.4764,26.92582,24.33105,23.19483,21.0238,20.22375,22.2036,19.41649,18.68154,21.93171,18.35756,19.23538,20.0,19.41649,21.9545,22.47221,20.24846,20.12461,21.40093,20.80865,20.0,25.55386,22.2036,23.43075,23.60085,26.92582,23.60085,26.07681,25.05993,25.55386,24.04163,27.313,25.29822,27.65863,25.96151,43.86342,49.39636,50.60632,53.03772,53.8145,57.80138,54.3783,58.59181,58.69412,56.64804,63.89053,63.78871,67.68309,69.87131,71.25307,71.00704,74.00676,71.00704,71.34424,70.71068,75.13322,75.70997,71.30919,73.37575,74.33034,74.33034,74.46476,73.92564,71.58911,71.58911,69.77105,71.11962,70.71068,67.23095,69.83552,66.64833,62.26556,60.37384,60.83584,59.61543,58.18075,56.921,57.00877,59.77458,56.32051,54.70832,57.48913,59.84146,60.63827,60.63827,61.0,63.95311,66.28725,62.16912,67.26812,71.02112,69.42622
11.40175,10.81665,10.81665,9.43398,9.43398,9.43398,8.60233,8.60233,8.06226,8.06226,7.2111,6.40312,6.40312,6.40312,5.0,5.65685,4.24264,4.24264,5.0,4.24264,4.47214,3.60555,3.60555,3.16228,3.16228,3.16228,4.0,4.0,4.0,4.0,4.0,4.0,4.0,4.12311,4.0,4.12311,4.12311,4.12311,4.12311,4.12311,5.09902,5.09902,5.09902,5.0,5.09902,5.0,5.0,5.0,5.0,5.09902,4.12311,4.12311,71.56116,67.74216,72.56032,67.95587,61.77378,61.29437,62.6099,58.59181,53.7122,54.12024,46.51881,47.16991,46.51881,42.54409,40.71855,40.24922,40.71855,33.83785,32.64966,32.20248,32.80244,27.20294,26.90725,24.04163,21.93171,24.08319,22.62742,21.47091,18.35756,21.0238,18.97367,19.92486,22.2036,23.76973,20.0,23.76973,21.2132,22.02272,22.2036,24.08319,21.0238,22.09072,25.17936,23.0,25.0,23.0,25.17936,24.33105,27.45906,24.08319,27.45906,26.1725,28.44293,25.63201,23.4094,28.17801,24.69818,42.54409,49.65884,47.67599,54.23099,53.08484,55.08176,56.4358,58.0517,59.20304,61.03278,61.46544,67.23095,67.1193,68.96376,71.86793,70.0,70.93659,73.75636,73.59348,75.82216,73.10951,77.20104,72.20111,76.8505,74.30343,77.52419,72.44998,75.13322,68.8767,72.09022,68.02941,72.09022,69.07966,68.15424,66.12866,66.48308,62.39391,59.61543,58.30952,60.41523,59.5063,57.70615,60.53924,57.98276,56.30275,54.6443,57.00877,53.60037,61.22091,60.60528,61.84658,65.19202,67.80118,63.82006,67.47592,73.00685,71.06335
11.18034,11.40175,10.19804,10.44031,10.44031,9.48683,8.24621,8.24621,7.28011,7.28011,7.28011,6.32456,6.32456,6.08276,5.09902,5.09902,5.0,5.0,4.0,4.0,4.0,4.12311,3.16228,3.16228,3.16228,3.60555,3.60555,3.60555,2.82843,4.24264,4.24264,3.60555,3.60555,3.60555,3.60555,4.24264,4.24264,3.60555,3.60555,4.24264,4.24264,5.0,5.0,4.24264,4.24264,4.24264,4.24264,4.24264,4.24264,5.0,4.47214,4.47214,70.71068,67.74216,69.857,64.7611,63.78871,60.16644,60.87693,58.94065,54.12024,51.24451,50.92151,50.92151,48.46648,41.48494,41.4367,40.26164,37.10795,30.36445,34.20526,28.28427,30.41381,27.07397,27.16616,26.0,22.09072,23.0,18.43909,24.5153,20.24846,19.92486,22.47221,18.02776,20.51828,18.43909,19.41649,21.40093,23.02173,21.2132,21.40093,22.80351,21.2132,21.40093,22.67157,21.93171,25.4951,20.61553,26.1725,22.02272,22.62742,24.75884,24.20744,23.34524,23.02173,24.18677,23.70654,25.63201,26.0,43.68066,47.42362,50.53712,49.92995,49.20366,54.45181,55.15433,59.20304,60.20797,59.5399,64.84597,62.64982,68.35203,69.92138,68.96376,72.03471,72.00694,71.34424,74.10803,74.00676,76.00658,76.32169,77.41447,79.42921,75.50497,74.73286,75.70997,76.65507,73.4983,72.42237,69.28925,71.16881,66.7308,64.62198,69.64194,66.48308,62.62587,62.03225,62.62587,60.87693,60.16644,57.00877,60.20797,60.20797,57.70615,55.3263,56.7186,61.66036,59.07622,59.3043,60.13319,62.03225,65.06919,66.1211,67.1193,70.02857,72.02777
11.18034,10.19804,10.19804,10.44031,9.21954,9.21954,8.24621,8.24621,7.28011,7.28011,7.28011,7.28011,6.08276,6.08276,5.09902,5.09902,5.09902,4.0,4.0,4.0,4.0,4.12311,3.16228,3.16228,3.16228,3.60555,2.82843,2.82843,4.24264,3.60555,3.60555,3.60555,3.60555,3.60555,3.60555,3.60555,3.60555,3.60555,3.60555,3.60555,3.60555,3.60555,3.60555,4.24264,4.24264,4.24264,4.24264,4.24264,4.24264,4.24264,4.47214,4.47214,66.40783,67.06713,62.96825,62.76942,64.2573,57.27128,60.41523,55.54278,55.03635,51.47815,50.08992,46.95743,46.51881,44.41846,39.35734,38.01316,36.76955,31.38471,30.08322,31.32092,28.16026,27.65863,24.5153,23.08679,21.58703,22.09072,25.0,19.41649,18.43909,22.2036,19.64688,18.02776,21.93171,17.0,16.12452,19.20937,22.2036,18.60108,20.0,24.08319,20.61553,22.02272,20.0,23.43075,21.93171,24.04163,21.93171,26.24881,21.93171,21.40093,22.02272,25.23886,25.05993,24.16609,22.47221,26.0,21.18962,42.05948,43.01163,48.83646,49.51767,51.85557,48.41487,51.10773,56.85948,59.61543,60.74537,59.48109,62.96825,61.39218,65.49046,65.12296,71.0,69.02898,72.33948,69.26038,72.36712,73.97973,74.2159,77.7946,72.8011,76.6942,72.23573,72.91776,70.26379,72.00694,69.31811,70.49113,66.64833,67.41662,63.28507,66.37017,65.0,64.41273,60.82763,56.82429,57.69749,54.12947,60.41523,57.00877,56.64804,53.45091,57.00877,57.28001,54.34151,57.00877,60.87693,62.8172,58.0517,62.58594,65.11528,68.73136,68.44706,69.857
12.16553,12.16553,11.40175,12.36932,11.40175,10.44031,10.44031,9.48683,9.48683,8.544,8.544,8.24621,8.24621,7.28011,7.07107,6.32456,6.08276,5.09902,5.09902,5.09902,5.0,5.0,4.0,4.0,4.0,4.12311,4.12311,4.12311,4.12311,3.60555,4.47214,4.47214,4.47214,4.47214,4.47214,3.60555,3.60555,4.47214,3.60555,4.47214,4.47214,5.0,4.47214,4.47214,4.47214,4.47214,4.47214,5.38516,4.47214,5.09902,5.09902,5.09902,72.42237,71.16881,72.11103,66.70832,61.32699,62.64982,61.32699,62.76942,54.56189,56.35601,51.88449,50.11986,48.76474,43.909,46.64762,42.54409,39.35734,39.81206,37.12142,29.96665,31.30495,28.4605,26.30589,24.73863,23.76973,27.65863,21.2132,23.0,21.09502,20.0,18.43909,21.84033,19.41649,20.88061,22.13594,21.54066,22.36068,23.70654,21.47091,20.80865,21.0238,23.02173,20.24846,23.25941,25.0,22.80351,24.69818,25.0,23.70654,24.18677,24.16609,26.0,27.20294,23.5372,24.33105,25.17936,25.01999,43.9659,47.85394,50.47772,54.20332,53.15073,58.0,55.47071,59.07622,59.94164,60.41523,66.70832,67.77905,71.8401,72.27724,72.18033,72.69113,76.1643,71.06335,77.02597,78.31347,75.66373,78.91768,74.33034,77.87811,79.40403,76.92204,73.68175,78.18568,71.51224,75.15318,68.35203,69.857,67.97794,71.55418,67.1193,63.95311,62.17717,61.84658,61.32699,61.84658,65.55151,56.921,59.13544,58.5235,58.5235,57.28001,54.70832,60.41523,58.46366,60.87693,63.56099,66.61081,70.71068,65.11528,67.46851,74.73286,74.95332
11.04536,11.04536,10.04988,11.04536,10.0,10.0,9.0,9.0,8.0,8.0,7.0,7.0,7.0,6.0,6.0,6.0,5.0,5.09902,5.09902,4.12311,4.12311,4.12311,4.12311,3.16228,3.60555,3.60555,3.60555,3.60555,3.60555,3.60555,2.82843,2.82843,3.60555,3.60555,3.60555,3.60555,3.60555,3.60555,3.60555,3.60555,3.60555,3.60555,3.60555,3.60555,3.60555,4.24264,4.24264,4.24264,4.24264,3.60555,4.47214,4.47214,75.0,72.06247,70.11419,69.72087,64.62971,62.96825,57.55867,59.84146,57.07013,53.75872,51.1957,50.01,49.0306,45.89118,42.44997,40.02499,39.29377,34.71311,33.06055,32.55764,29.06888,29.0,27.01851,26.01922,23.19483,25.01999,19.92486,22.47221,21.93171,21.0238,18.78829,15.65248,22.2036,18.60108,21.93171,20.61553,23.02173,24.20744,22.62742,24.08319,24.04163,22.02272,21.93171,23.43075,21.2132,21.2132,24.08319,23.34524,25.4951,22.80351,24.08319,24.83948,26.40076,24.69818,25.94224,26.57066,26.92582,43.28972,50.01,50.92151,53.7122,55.00909,56.30275,57.62812,57.38467,61.52235,62.28965,64.66065,69.2026,69.06519,72.56032,71.55418,72.09022,73.92564,73.68175,75.0,77.46612,78.08969,80.62258,78.23043,79.15807,76.0,80.00625,75.05998,76.23647,71.25307,72.44308,69.58448,70.45566,71.84706,70.03571,67.60178,64.77654,66.91039,64.77654,65.19202,63.3877,61.29437,59.07622,59.07622,61.0082,62.00806,62.00806,60.03332,61.13101,61.20457,63.3877,62.28965,66.61081,69.72087,65.27634,67.26812,69.46222,73.17103
11.40175,12.04159,10.63015,11.31371,9.89949,9.89949,9.21954,9.21954,8.48528,7.81025,7.81025,7.81025,6.40312,6.40312,5.65685,5.83095,5.83095,5.0,4.47214,4.47214,4.47214,4.12311,4.12311,4.12311,4.12311,4.0,4.0,4.0,4.12311,4.12311,4.12311,4.12311,4.12311,4.12311,4.12311,4.12311,4.12311,4.12311,4.12311,4.12311,5.09902,5.09902,5.09902,5.09902,5.09902,5.09902,5.09902,5.0,5.0,5.0,5.0,5.09902,67.89698,68.593,66.48308,68.88396,64.03124,61.7171,63.00794,58.82176,57.2014,53.41348,50.80354,50.21952,46.87217,44.82187,42.43819,35.60899,40.22437,35.51056,33.42155,32.80244,27.80288,27.65863,22.62742,25.4951,23.02173,24.83948,20.80865,19.72308,21.0238,19.41649,20.24846,23.08679,22.02272,19.23538,21.0,19.10497,20.39608,22.09072,22.2036,20.22375,20.02498,23.02173,24.18677,23.02173,24.0,25.07987,23.0,24.02082,22.02272,26.0,25.07987,26.30589,25.0,28.16026,24.5153,24.16609,24.35159,45.27693,47.20169,48.37355,50.56679,53.48832,53.60037,55.9017,58.30952,59.00847,61.0,62.03225,64.12488,68.593,69.63476,70.34202,74.84651,74.84651,77.36924,72.89719,74.88658,72.67049,76.40026,75.60423,75.82216,77.07788,77.15569,72.12489,75.16648,73.66139,70.43437,66.21933,67.47592,68.24954,69.81404,65.80274,62.42596,64.81512,61.22091,59.5483,63.89053,59.66574,58.72819,55.22681,58.72819,55.86591,52.40229,58.72819,63.89053,62.00806,61.22091,62.482,66.0303,67.20119,63.89053,68.00735,70.93659,71.21798
11.7047,11.7047,11.7047,11.40175,10.44031,10.44031,9.48683,9.21954,9.21954,8.24621,8.24621,7.28011,7.28011,6.32456,6.32456,6.32456,5.38516,5.38516,5.38516,4.47214,4.47214,4.47214,3.60555,3.60555,3.60555,4.24264,3.60555,3.60555,3.60555,3.16228,3.60555,3.60555,3.16228,3.16228,3.16228,3.16228,3.16228,3.16228,3.16228,3.16228,4.12311,3.16228,4.12311,4.12311,4.12311,4.47214,4.47214,4.47214,3.60555,4.47214,4.24264,4.24264,71.56815,68.65858,65.96969,63.34824,63.56099,60.01666,58.46366,58.30952,52.61179,55.7315,48.16638,50.24938,46.69047,43.41659,40.11234,39.81206,37.65634,36.67424,33.95585,30.41381,27.20294,29.54657,26.57066,25.29822,20.61553,21.93171,20.80865,19.20937,20.51828,17.69181,22.2036,21.9545,18.60108,20.0,21.9545,16.64332,19.41649,23.32381,21.93171,24.18677,21.54066,21.18962,23.4094,23.08679,23.25941,20.61553,22.13594,21.47091,21.0238,23.25941,25.4951,26.83282,23.32381,22.47221,23.85372,23.02173,26.1725,43.73786,47.26521,48.16638,52.7731,52.39275,51.92302,54.12947,58.13777,58.18075,59.68249,61.03278,66.21933,68.41053,70.03571,69.31089,69.2026,73.78347,70.80254,72.56032,73.82412,72.44998,80.41144,72.09022,72.23573,74.33034,73.05477,72.27724,77.87811,70.61161,73.1642,64.77654,71.84706,68.88396,68.46897,61.52235,64.77654,63.50591,58.0517,59.68249,60.01666,61.39218,54.57105,60.87693,59.77458,56.04463,59.80803,57.24509,56.0803,60.53924,63.69458,60.83584,62.6099,69.35416,62.16912,68.96376,71.69379,70.00714
12.04159,11.04536,11.04536,10.04988,10.04988,10.19804,9.05539,9.05539,8.24621,8.06226,8.06226,7.07107,7.07107,6.08276,6.08276,6.0,6.0,5.0,5.0,5.0,4.0,4.12311,4.12311,4.12311,4.47214,4.12311,4.47214,4.47214,3.60555,4.47214,4.24264,4.24264,4.24264,4.24264,4.24264,4.24264,5.0,4.24264,4.24264,4.24264,5.0,4.24264,5.0,5.0,5.0,5.0,5.0,5.0,4.47214,4.47214,5.38516,5.09902,70.71068,67.26812,68.46897,66.09841,67.08204,64.03124,61.84658,57.56735,53.16014,56.04463,52.20153,52.88667,50.28916,43.32436,40.5216,40.79216,38.83298,36.87818,31.04835,32.14032,28.01785,27.45906,27.0,25.17936,23.0,22.09072,22.09072,24.04163,23.76973,21.84033,21.18962,23.08679,18.02776,21.54066,24.08319,19.79899,20.51828,22.67157,20.61553,25.0,22.67157,21.93171,25.0,22.67157,21.2132,23.34524,22.67157,24.83948,23.43075,25.4951,24.83948,29.20616,28.84441,28.17801,27.29469,24.69818,25.31798,46.32494,48.38388,49.64877,53.53504,54.67175,55.22681,54.48853,56.22277,57.42822,62.43397,64.41273,67.1193,65.39113,68.00735,69.26038,72.27724,74.96666,73.68175,77.16217,76.02631,77.05842,79.22752,79.22752,77.52419,76.29548,76.48529,73.34848,73.5459,71.16881,71.30919,69.37579,69.89278,67.35726,68.00735,68.62215,62.93648,63.24555,64.84597,60.74537,60.72891,58.24088,59.90826,56.29387,62.16912,60.53098,54.03702,56.32051,60.29925,59.21149,63.00794,64.12488,64.07027,69.06519,65.19202,71.02816,71.02816,72.24957
11.7047,11.7047,11.7047,10.44031,10.44031,9.48683,9.48683,9.48683,9.21954,8.24621,8.24621,7.28011,7.28011,6.32456,6.32456,6.32456,5.83095,5.38516,5.0,5.0,5.0,5.0,4.24264,4.24264,4.24264,4.24264,4.47214,4.47214,4.47214,4.47214,4.47214,4.47214,4.47214,4.47214,4.47214,4.47214,4.47214,5.38516,4.47214,4.47214,4.47214,4.47214,4.47214,4.47214,4.47214,4.47214,4.47214,5.0,5.0,5.0,5.0,5.0,69.92138,64.84597,70.5195,64.03124,64.28841,60.01666,58.94065,63.56099,51.47815,57.07013,50.80354,48.25971,44.91102,45.12206,40.5216,38.83298,37.36308,36.40055,33.95585,32.01562,29.41088,26.57066,25.29822,24.16609,25.05993,22.47221,24.41311,21.93171,21.2132,21.26029,20.51828,20.0,19.72308,21.47091,19.69772,22.36068,18.38478,19.69772,21.54066,20.61553,23.76973,20.61553,22.13594,24.69818,23.4094,20.61553,25.0,26.24881,25.07987,22.47221,25.55386,26.41969,25.94224,26.07681,26.92582,27.58623,25.4951,44.14748,51.08816,48.04165,50.24938,50.80354,53.85165,55.15433,56.36488,57.70615,56.0803,63.60031,64.66065,67.47592,69.35416,70.00714,67.00746,73.60027,69.89278,74.33034,72.44998,76.47876,78.0,70.2282,73.1642,73.37575,72.53275,67.91171,72.78049,67.08204,71.02112,64.77654,71.38627,68.35934,66.61081,63.63961,65.37584,59.84146,60.20797,57.87055,61.61169,59.66574,54.34151,57.97413,54.42426,55.08176,58.69412,55.71355,57.38467,60.53924,62.03225,63.95311,62.64982,65.39113,61.26989,67.08204,69.46222,67.23095
12.72792,12.72792,11.31371,10.63015,11.31371,10.63015,10.0,9.21954,9.21954,9.21954,8.60233,7.81025,7.07107,7.07107,7.07107,6.40312,5.65685,6.40312,5.0,5.0,5.0,5.0,4.47214,4.47214,4.47214,4.12311,4.12311,4.12311,4.12311,4.0,4.0,4.0,5.0,4.0,5.0,4.0,5.0,5.0,5.0,5.0,5.0,5.0,5.0,5.0,5.0,5.0,5.09902,5.09902,5.09902,5.38516,5.38516,5.38516,67.60178,67.53518,66.64083,65.74192,63.06346,62.24147,62.24147,56.36488,55.9464,54.42426,49.98,46.51881,44.77723,41.62932,40.16217,42.95346,37.16181,34.43835,32.64966,32.20248,29.15476,29.54657,26.41969,22.80351,22.02272,23.34524,20.61553,20.0,20.80865,21.63331,18.60108,20.61553,21.54066,22.36068,17.46425,19.41649,20.39608,22.2036,22.09072,22.56103,19.0263,22.09072,23.08679,24.0,25.31798,25.17936,25.31798,24.08319,24.73863,25.70992,24.5153,23.08679,25.0,23.76973,24.18677,27.78489,28.42534,46.52956,45.22168,47.53946,51.35173,50.03998,56.00893,55.44367,57.87055,60.63827,58.24088,61.46544,65.79514,64.84597,69.83552,71.02816,71.06335,71.70077,71.58911,71.44928,73.66139,73.75636,73.60027,72.94518,74.09453,73.06162,72.06941,73.57309,74.24958,66.64083,71.58911,68.54196,69.35416,65.39113,65.55151,67.6757,62.76942,61.09828,60.92618,60.00833,59.9333,58.60034,57.3062,56.35601,55.9464,56.60389,53.0,57.14018,56.0357,59.20304,62.20129,59.03389,67.35726,66.4003,58.60034,66.61081,70.80254,66.8431
10.63015,11.40175,10.0,10.81665,10.0,9.43398,8.60233,8.60233,8.06226,7.2111,7.2111,7.2111,6.40312,5.83095,5.83095,5.0,5.0,5.0,4.24264,4.24264,4.24264,4.24264,3.60555,3.60555,3.16228,3.16228,3.16228,3.16228,3.16228,3.0,3.0,3.0,3.0,3.0,3.0,3.0,4.0,3.0,4.0,4.0,4.0,3.0,4.0,4.0,4.0,4.0,4.0,4.12311,4.12311,4.12311,4.47214,4.47214,65.60488,67.6757,64.40497,63.51378,63.51378,60.41523,64.00781,56.35601,53.66563,50.53712,48.76474,46.14109,45.65085,41.59327,42.05948,37.73592,36.71512,33.01515,33.28663,25.80698,26.40076,24.75884,24.83948,24.75884,24.75884,23.60085,21.47091,19.23538,20.59126,17.08801,18.68154,19.64688,17.02939,17.26268,21.09502,20.02498,21.0238,19.0,18.11077,23.19483,20.02498,24.18677,23.02173,21.09502,22.02272,23.34524,21.09502,24.18677,24.0,24.18677,26.0,23.08679,25.0,28.44293,25.4951,23.76973,24.59675,37.69615,49.65884,49.36598,51.0,56.4358,55.3263,55.57877,52.08647,61.35145,57.58472,63.90618,64.88451,68.60029,75.17978,68.00735,74.06079,73.60027,76.83749,77.23341,75.28612,79.98125,71.40028,71.40028,75.45197,73.24616,74.94665,75.17978,72.89719,70.21396,71.11259,69.77822,67.1193,69.857,67.97794,67.23095,65.79514,62.16912,60.41523,60.92618,63.06346,58.13777,60.41523,54.3783,59.68249,56.85948,54.67175,57.38467,56.40035,59.03389,62.28965,61.52235,64.44377,63.12686,65.79514,67.62396,67.26812,73.24616
10.44031,10.44031,9.48683,9.84886,8.544,8.544,8.544,7.61577,7.61577,6.7082,6.7082,6.32456,6.32456,5.09902,5.09902,5.09902,4.12311,4.12311,4.0,4.0,3.0,3.16228,3.0,3.16228,3.16228,3.16228,3.60555,2.82843,3.60555,2.82843,3.60555,3.60555,3.60555,4.24264,3.60555,3.60555,3.60555,3.60555,4.24264,4.24264,4.24264,4.24264,4.24264,4.24264,4.24264,4.24264,4.24264,4.24264,4.24264,4.47214,4.47214,4.47214,68.942,67.97794,66.70832,63.07139,62.6099,58.30952,59.5399,59.16925,55.21775,51.47815,49.73932,47.41308,47.50789,43.04649,36.40055,37.44329,32.75668,34.1321,31.01612,30.08322,27.51363,23.25941,25.63201,22.80351,25.17936,20.09975,21.0,20.02498,19.10497,17.72005,18.68154,18.43909,20.24846,21.09502,18.02776,19.72308,23.02173,21.93171,22.80351,22.67157,18.60108,21.40093,23.43075,26.40076,25.0,26.40076,25.0,24.59675,26.92582,26.07681,25.23886,25.23886,26.83282,25.4951,24.35159,25.70992,26.01922,44.65423,44.59821,45.27693,52.43091,53.85165,52.80152,57.00877,55.36244,57.56735,63.34824,61.66036,64.12488,65.0,69.02898,70.45566,69.35416,72.18033,72.36712,73.76313,72.73239,72.73239,76.89603,75.6439,76.47876,77.02597,75.66373,74.88658,73.4983,72.11103,73.00685,67.20119,69.33974,68.8186,66.85058,65.0,67.20119,64.40497,60.46487,60.60528,61.29437,58.82176,56.60389,57.80138,58.18075,56.79789,53.66563,56.64804,58.18935,57.58472,59.61543,60.00833,61.84658,66.12866,66.12866,66.48308,69.89278,72.11103
13.0,12.0,12.0,11.0,11.0,10.0,10.0,9.0,9.0,9.0,8.0,8.0,7.0,7.0,6.0,6.08276,6.08276,5.09902,5.09902,5.09902,5.09902,4.47214,4.47214,4.47214,3.60555,4.24264,4.24264,4.24264,4.24264,4.24264,3.60555,5.0,4.47214,4.47214,4.47214,4.47214,4.47214,5.0,4.47214,5.0,5.0,5.0,5.0,5.0,5.0,5.0,5.0,5.65685,5.65685,5.65685,5.65685,5.0,71.34424,65.27634,71.44928,65.06919,64.93843,63.56099,61.0,60.01666,55.31727,55.31727,54.12947,49.0306,46.32494,44.14748,46.09772,39.45884,38.63936,35.35534,32.75668,32.01562,30.41381,25.0,27.16616,23.19483,24.18677,24.33105,22.13594,21.54066,17.08801,22.82542,21.63331,20.61553,19.84943,21.2132,20.24846,19.84943,23.60085,21.9545,23.34524,20.61553,23.32381,22.67157,20.59126,20.24846,23.85372,26.92582,26.92582,25.6125,25.6125,24.41311,28.3196,24.20744,30.41381,28.42534,27.01851,27.78489,23.70654,44.38468,49.64877,51.88449,54.20332,53.2635,57.31492,60.10824,56.72742,58.82176,59.90826,63.52952,65.29931,68.44706,69.28925,73.68175,71.30919,77.12976,70.71068,78.40918,77.41447,75.16648,77.00649,81.05554,76.53104,76.65507,77.10383,74.73286,76.48529,72.78049,73.5459,69.857,71.80529,69.37579,68.41053,66.4906,62.64184,61.84658,64.32729,63.32456,62.58594,59.84146,58.0517,60.40695,60.20797,61.07373,64.07027,60.0,59.03389,61.0,59.03389,62.00806,66.0303,66.0,68.02941,73.0,69.11584,69.00725
12.36932,11.40175,11.40175,10.44031,10.44031,9.48683,9.48683,9.48683,8.544,8.544,8.544,7.61577,7.28011,7.28011,6.32456,6.32456,6.08276,5.09902,5.09902,5.09902,5.09902,4.0,4.0,4.0,4.0,4.12311,3.16228,4.12311,3.60555,4.47214,3.60555,3.60555,3.60555,3.60555,3.60555,3.60555,4.24264,3.60555,3.60555,3.60555,3.60555,4.24264,5.0,4.47214,5.0,4.47214,5.38516,4.47214,5.38516,4.47214,5.09902,5.09902,75.18643,70.61161,69.37579,68.15424,65.73431,65.52099,64.19502,60.08328,59.13544,51.26402,50.69517,50.32892,45.54119,45.54119,38.63936,39.84972,38.07887,32.75668,32.55764,32.98485,29.42788,27.29469,29.01724,20.22375,24.02082,24.02082,21.2132,21.84033,22.56103,20.61553,16.55295,20.59126,20.51828,18.86796,20.51828,20.0,20.51828,19.79899,20.61553,19.84943,24.83948,22.02272,23.34524,25.0,22.2036,24.20744,25.6125,25.6125,25.6125,26.90725,25.4951,24.75884,28.3196,26.07681,27.29469,27.29469,25.96151,46.51881,47.70744,50.0,54.56189,53.8145,55.44367,55.75841,58.59181,63.97656,64.2573,63.90618,67.05222,70.60453,73.75636,70.85901,73.24616,73.10951,75.0,76.00658,77.41447,79.07591,77.66595,78.64477,79.07591,77.12976,74.46476,77.20104,75.02666,77.25283,71.51224,68.15424,70.00714,68.44706,70.5762,67.54258,68.54196,67.77905,64.84597,64.84597,62.64184,59.77458,58.94065,55.36244,61.18823,56.51548,61.84658,58.46366,63.50591,65.37584,66.75328,66.1211,67.06713,68.46897,69.35416,74.02702,72.69113,72.44308
12.16553,12.04159,11.04536,11.04536,11.04536,10.04988,10.04988,9.05539,9.05539,8.06226,8.06226,8.06226,7.07107,7.07107,6.08276,6.08276,6.08276,5.09902,5.09902,4.47214,4.47214,4.47214,4.47214,3.60555,5.0,4.24264,4.24264,5.0,4.24264,3.60555,3.60555,4.47214,4.47214,4.47214,4.47214,4.47214,4.47214,4.47214,4.47214,5.38516,4.47214,4.47214,4.47214,4.47214,5.0,5.0,5.0,5.0,5.0,5.65685,5.65685,5.0,74.10803,68.02941,69.26038,68.00735,60.07495,65.00769,62.00806,60.00833,57.03508,56.0357,54.33231,50.24938,50.01,43.10452,42.10701,39.01282,39.05125,36.0,34.0147,31.40064,33.73426,27.29469,28.63564,24.73863,24.73863,24.16609,25.07987,23.02173,19.20937,21.26029,19.20937,19.79899,18.02776,18.43909,20.0,18.38478,23.02173,23.70654,21.18962,25.07987,27.313,23.76973,21.93171,24.16609,23.25941,25.07987,25.4951,23.76973,26.07681,23.70654,27.80288,26.92582,26.41969,26.40076,26.24881,27.58623,27.20294,45.17743,46.57252,51.26402,52.83938,51.62364,54.03702,57.28001,58.0,62.28965,58.25805,62.68174,65.0,67.41662,71.11962,72.61543,69.28925,74.72617,73.97973,75.9276,75.95393,77.31753,79.40403,76.10519,77.02597,77.02597,77.0,74.16873,73.33485,72.44308,74.1485,68.593,71.56815,67.60178,69.05071,66.09841,63.78871,63.50591,60.07495,60.40695,61.29437,63.12686,58.03447,59.03389,62.03225,61.0082,59.21149,58.30952,61.52235,60.53098,60.53098,62.514,65.30697,70.61161,66.09841,67.46851,70.40597,69.72087
10.19804,10.19804,9.21954,9.48683,9.48683,8.544,8.544,8.24621,7.28011,7.28011,6.32456,6.32456,6.32456,5.38516,5.38516,5.09902,4.12311,4.12311,4.12311,3.16228,3.0,3.0,3.0,3.16228,3.16228,3.16228,2.23607,2.82843,2.82843,2.82843,2.82843,2.82843,2.82843,2.82843,2.82843,2.82843,2.82843,3.60555,2.82843,3.60555,3.60555,3.60555,3.60555,3.60555,3.60555,2.82843,4.24264,3.60555,3.60555,3.60555,3.60555,4.12311,66.75328,66.91039,63.15061,62.58594,62.58594,58.46366,60.16644,56.04463,56.921,49.0408,47.43416,47.80167,45.88028,42.05948,39.84972,38.07887,34.53983,32.98485,28.79236,29.61419,27.07397,29.15476,24.08319,22.2036,20.09975,19.0,18.97367,17.72005,18.68154,18.38478,18.35756,18.86796,17.69181,17.02939,20.51828,17.02939,17.69181,20.0,21.40093,22.67157,17.80449,19.10497,23.43075,21.47091,23.85372,21.9545,21.26029,25.6125,23.60085,22.80351,22.2036,22.67157,25.6125,25.0,25.23886,24.69818,22.84732,43.01163,47.01064,48.8774,49.20366,49.51767,52.49762,53.82379,54.40588,62.64982,58.60034,61.46544,63.89053,64.84597,68.88396,68.88396,71.56815,71.44928,76.05919,72.0,74.06079,70.25667,73.5527,74.52516,71.58911,78.16009,75.69016,74.33034,71.47027,72.42237,70.83784,72.23573,64.62198,69.64194,65.78754,68.00735,64.19502,63.32456,58.5235,59.13544,58.5235,61.98387,57.97413,56.75385,60.67125,56.51548,55.44367,56.4358,59.4138,60.20797,62.1289,62.07254,64.19502,64.19502,61.07373,68.35934,67.26812,75.10659
11.7047,10.77033,10.77033,10.77033,9.84886,9.84886,8.94427,8.94427,8.94427,8.06226,8.06226,7.61577,6.7082,6.7082,6.7082,5.38516,5.38516,5.38516,5.38516,5.09902,4.12311,4.12311,4.0,4.0,4.0,4.0,4.12311,4.12311,4.12311,3.16228,3.16228,4.12311,4.12311,4.12311,3.60555,4.47214,4.47214,4.47214,3.60555,4.47214,4.47214,4.47214,4.47214,4.47214,4.47214,4.12311,5.09902,5.09902,5.09902,5.09902,5.0,5.0,70.61161,69.12308,69.63476,66.28725,63.89053,64.84597,64.56005,60.72891,55.97321,54.70832,55.71355,50.59644,47.53946,45.54119,44.38468,43.32436,37.57659,37.16181,32.57299,32.57299,29.61419,33.24154,25.0,24.02082,24.02082,23.02173,21.2132,23.34524,20.61553,21.84033,18.35756,18.86796,18.35756,20.24846,20.0,20.61553,21.2132,19.10497,23.43075,22.02272,24.08319,25.45584,25.23886,21.26029,25.4951,24.04163,27.58623,27.80288,25.45584,26.1725,25.45584,29.41088,27.29469,26.62705,27.85678,26.57066,24.5153,44.94441,47.42362,50.47772,56.0357,55.31727,53.75872,55.97321,58.60034,59.68249,64.40497,65.55151,66.85058,71.16881,68.88396,70.34202,74.33034,76.79193,76.05919,79.05694,77.02597,78.23043,76.05919,79.76215,81.58431,75.18643,76.92204,74.72617,75.58439,74.0,74.04053,72.73239,71.51224,71.7844,68.00735,69.64194,65.14599,68.00735,66.12866,63.56886,61.40033,57.97413,59.66574,60.41523,60.82763,60.87693,61.07373,57.07889,62.20129,62.00806,63.28507,64.12488,66.18912,67.02984,68.35934,70.34913,68.26419,74.43118
12.0,12.0,11.0,11.04536,11.04536,10.04988,10.04988,9.0,9.05539,8.06226,8.0,8.0,7.0,7.0,6.0,6.0,6.08276,5.09902,5.09902,5.09902,4.12311,4.12311,4.47214,4.47214,3.60555,4.47214,4.24264,4.24264,4.24264,4.24264,4.24264,4.24264,5.0,5.0,5.0,5.0,5.0,5.0,5.0,5.0,5.0,5.0,5.0,5.0,5.0,5.0,5.65685,5.65685,5.65685,5.0,5.0,5.38516,69.00725,63.00794,66.00758,65.12296,63.00794,64.19502,58.30952,59.5399,54.23099,54.33231,54.33231,50.35871,46.17359,40.4475,41.30375,41.10961,37.05401,30.14963,34.05877,32.01562,28.63564,26.30589,27.45906,25.17936,24.04163,21.84033,20.59126,22.82542,21.0238,19.84943,19.84943,21.26029,18.38478,20.61553,22.67157,19.41649,24.59675,20.59126,24.18677,21.47091,23.32381,23.25941,23.43075,23.32381,24.16609,24.18677,26.40076,22.82542,25.80698,25.23886,25.23886,26.62705,27.01851,23.43075,24.75884,29.41088,26.07681,45.39824,48.38388,46.95743,51.42956,52.43091,54.56189,55.17246,58.72819,58.79626,58.24946,66.03787,65.0,64.00781,64.4748,68.15424,67.05222,71.8401,69.2315,75.31268,76.32169,74.54529,74.02702,72.02777,75.16648,74.24284,73.24616,72.69113,70.5762,67.08204,72.99315,66.09841,68.24954,66.4906,64.93843,66.09841,61.0,60.20797,60.41523,58.69412,61.40033,59.4138,55.44367,58.21512,56.0803,60.00833,55.03635,54.03702,56.22277,60.07495,57.14018,60.20797,62.64982,65.76473,62.39391,68.18358,68.26419,69.58448
10.81665,10.29563,10.29563,10.29563,8.94427,8.94427,8.06226,7.61577,7.61577,7.61577,7.61577,6.7082,5.83095,5.83095,4.47214,5.0,4.47214,3.60555,3.60555,3.60555,2.82843,2.82843,3.60555,3.16228,2.23607,3.16228,3.0,3.16228,3.0,3.0,3.0,3.0,3.0,4.0,3.0,3.0,4.0,4.0,4.0,4.0,4.0,4.0,4.0,4.0,4.0,4.0,4.0,4.0,4.12311,4.12311,4.47214,3.60555,67.26812,65.21503,63.12686,61.29437,63.00794,59.40539,57.42822,55.22681,51.31277,46.87217,50.11986,45.65085,44.94441,42.72002,39.44617,39.40812,36.89173,31.62278,29.20616,28.6007,26.24881,28.28427,22.2036,21.2132,20.61553,19.41649,19.41649,17.88854,20.12461,21.47091,19.69772,21.37756,20.02498,21.0238,19.0263,19.41649,22.09072,23.19483,18.11077,22.2036,21.2132,19.23538,22.02272,23.19483,23.34524,23.08679,25.31798,27.29469,23.08679,24.02082,24.02082,24.08319,24.0,25.17936,23.5372,25.63201,23.76973,42.80187,46.52956,46.95743,47.80167,52.95281,52.61179,52.03845,55.03635,56.0803,59.4138,58.46366,62.0967,64.84597,66.09841,68.8767,71.11259,72.89719,73.57309,72.94518,71.40028,73.66139,75.74299,75.66373,72.24957,75.69016,75.16648,73.40981,74.4043,70.0,71.02816,68.7968,66.57327,66.7308,67.1193,66.57327,63.51378,61.40033,61.85467,60.74537,62.96825,59.40539,58.82176,58.82176,57.31492,56.22277,55.22681,57.31492,54.45181,57.28001,61.55485,60.87693,65.29931,67.17887,66.48308,68.0147,66.48308,70.00714
12.16553,11.18034,11.18034,10.44031,10.44031,9.48683,9.21954,9.21954,8.24621,8.24621,8.24621,7.28011,7.07107,7.07107,6.08276,6.08276,6.0,5.09902,5.0,5.0,5.0,4.12311,5.09902,4.12311,4.47214,4.47214,4.47214,4.24264,4.24264,4.24264,4.24264,4.24264,4.24264,4.24264,5.0,4.24264,4.24264,4.24264,4.24264,5.65685,5.0,5.0,5.65685,5.0,5.65685,5.0,5.0,5.83095,5.83095,5.38516,5.38516,5.09902,70.88018,69.57011,71.8401,64.19502,68.96376,63.56886,62.76942,57.58472,55.02727,55.54278,50.69517,46.51881,46.61545,43.38202,39.39543,42.05948,38.27532,33.83785,31.04835,31.62278,30.41381,26.1725,22.36068,24.08319,24.0,24.02082,19.0263,20.88061,19.92486,22.13594,20.61553,20.61553,19.72308,20.24846,23.60085,23.85372,23.02173,24.20744,24.75884,24.20744,23.43075,22.67157,26.87006,25.45584,26.1725,25.80698,24.83948,27.58623,24.20744,25.0,28.30194,26.07681,29.15476,25.55386,27.78489,26.92582,26.68333,44.38468,46.52956,50.80354,54.48853,55.17246,56.72742,55.21775,59.68249,61.32699,60.41523,64.2573,63.56886,68.96376,72.03471,73.82412,72.24957,74.06079,75.02666,74.16873,75.66373,75.80237,78.84795,78.44743,73.75636,75.0,76.24303,76.53757,73.73602,73.92564,73.53911,71.30919,69.77822,67.1193,69.31811,67.08204,65.76473,64.88451,62.64982,62.24147,64.07808,60.53924,57.58472,60.08328,58.24088,59.20304,62.36986,60.87693,58.85576,61.0,61.81424,62.80127,66.37017,67.89698,64.93843,67.89698,69.05071,69.63476
11.18034,11.18034,10.19804,10.19804,9.21954,9.21954,8.24621,8.24621,7.28011,7.28011,7.28011,7.07107,6.08276,6.08276,5.09902,5.0,5.0,4.0,4.0,4.0,4.0,3.16228,3.16228,3.16228,3.60555,3.60555,3.60555,2.82843,4.24264,3.60555,4.24264,3.60555,3.60555,3.60555,3.60555,4.47214,4.47214,4.47214,5.0,5.0,5.0,5.0,5.0,5.0,5.0,4.24264,5.0,5.0,5.0,4.47214,4.47214,4.47214,69.64194,69.26038,64.84597,60.40695,66.12866,56.85948,55.9464,54.78138,55.9464,48.33218,48.33218,47.92703,42.95346,42.95346,38.94868,35.8469,36.76955,32.20248,28.4605,30.36445,26.92582,23.76973,26.0,21.2132,21.0238,21.0238,20.09975,19.41649,20.88061,19.64688,18.68154,21.93171,22.84732,21.26029,17.02939,20.59126,24.08319,24.41311,22.62742,24.83948,24.83948,23.60085,24.41311,21.93171,24.04163,26.90725,23.43075,25.0,26.40076,27.65863,25.6125,25.94224,29.06888,27.29469,27.313,25.70992,26.4764,42.37924,43.86342,48.82622,49.67897,50.20956,51.08816,53.00943,54.6443,60.20797,60.92618,62.03225,64.51356,64.03124,68.44706,67.89698,71.25307,69.18092,73.02739,71.00704,72.1734,71.70077,74.96666,75.9276,73.97973,75.27284,75.96052,72.23573,69.64194,70.93659,70.00714,70.00714,65.9242,67.08204,65.30697,65.79514,63.07139,64.40497,59.09315,57.27128,62.24147,57.77543,57.87055,55.65968,58.5235,55.36244,56.32051,58.46366,60.01666,58.42089,62.58594,62.514,61.66036,68.24954,65.62012,67.89698,71.02112,69.42622
11.40175,10.44031,10.44031,10.19804,10.19804,9.21954,9.21954,8.24621,8.06226,7.07107,7.07107,7.07107,6.08276,6.08276,5.09902,5.09902,4.12311,4.12311,3.60555,3.60555,3.60555,2.82843,2.82843,2.82843,2.82843,2.82843,3.16228,3.16228,3.16228,3.16228,3.16228,3.16228,3.16228,4.12311,4.0,3.0,4.12311,4.0,4.12311,4.0,4.0,4.12311,4.12311,4.0,4.12311,4.12311,4.12311,4.12311,4.47214,3.60555,4.24264,4.24264,65.55151,64.2573,64.84597,63.89053,62.62587,60.44005,61.03278,56.75385,53.16014,53.60037,48.50773,45.88028,46.57252,40.5216,37.36308,38.8973,36.05551,33.24154,27.51363,29.41088,29.06888,25.05993,23.25941,21.26029,20.51828,21.26029,23.34524,18.43909,16.55295,19.72308,20.12461,18.02776,16.76305,19.10497,18.43909,19.10497,20.39608,22.0,22.02272,22.2036,22.09072,21.09502,23.0,26.0,25.01999,24.08319,23.08679,24.02082,25.17936,25.07987,28.07134,27.29469,25.63201,25.29822,25.07987,22.36068,22.47221,40.79216,47.16991,50.35871,49.25444,52.39275,51.86521,52.92447,53.22593,57.3062,59.36329,61.29437,62.80127,66.06815,70.00714,66.6033,69.2026,73.40981,72.11103,71.02112,72.89719,74.24958,74.32362,77.07788,75.39231,75.61085,72.42237,72.53275,70.83078,68.15424,71.30919,71.80529,67.26812,68.73136,67.08204,67.89698,63.34824,61.39218,63.32456,61.84658,61.61169,58.94065,60.41523,59.80803,59.80803,58.87274,59.5063,59.09315,59.94164,61.7414,63.06346,62.17717,62.76942,67.08204,66.88797,67.23095,69.83552,70.68239
11.6619,10.29563,10.29563,10.29563,10.29563,8.94427,8.94427,8.06226,8.06226,7.61577,6.7082,6.7082,6.7082,5.83095,5.83095,5.0,5.0,5.0,4.24264,4.24264,3.60555,3.60555,3.60555,3.60555,3.16228,4.12311,4.0,4.0,4.0,4.0,4.0,4.0,4.0,4.0,5.09902,5.09902,4.12311,5.09902,5.09902,5.09902,5.09902,5.09902,5.09902,5.09902,5.0,5.0,5.0,5.0,5.09902,5.09902,5.09902,4.47214,69.46222,67.53518,70.66116,64.84597,60.92618,61.32699,58.60034,59.09315,55.71355,49.76947,49.39636,46.61545,43.86342,44.01136,40.31129,35.8469,36.40055,31.01612,30.88689,28.17801,26.83282,22.47221,24.20744,21.40093,21.26029,21.40093,18.43909,18.35756,17.0,17.49286,17.08801,20.61553,20.22375,24.33105,21.0238,21.37756,21.0,20.09975,21.0,25.01999,25.07987,22.0,22.02272,21.0238,24.08319,26.07681,26.0,28.07134,25.01999,28.44293,28.01785,25.17936,23.5372,26.24881,25.29822,26.92582,25.05993,43.32436,44.38468,48.37355,50.15974,50.03998,51.62364,50.44799,53.60037,58.5235,57.38467,64.00781,61.91123,64.3506,67.80118,66.06815,69.42622,73.5527,72.91776,72.34639,75.43209,74.88658,73.78347,72.71864,74.68601,72.91776,74.32362,72.23573,70.77429,71.30919,70.2282,65.9242,68.35203,68.30813,66.7308,65.14599,62.29767,61.09828,61.09828,59.46427,56.46238,57.38467,58.18075,58.13777,58.66856,55.9464,60.46487,56.4358,60.21628,58.24946,57.98276,61.03278,63.89053,62.42596,65.60488,68.24222,67.42403,69.33974
11.04536,11.04536,10.04988,10.04988,9.05539,9.05539,8.06226,8.06226,7.07107,7.07107,7.07107,7.07107,6.0,6.0,5.0,5.0,5.0,4.0,4.12311,4.12311,3.16228,3.16228,3.60555,3.60555,2.82843,2.82843,3.60555,3.60555,3.60555,3.60555,3.60555,3.60555,4.47214,4.47214,4.47214,4.47214,4.47214,4.47214,4.47214,4.47214,4.47214,4.47214,4.47214,4.47214,4.47214,4.47214,5.0,5.0,5.0,5.0,4.24264,5.0,71.02112,69.857,70.21396,66.70832,64.7611,62.0967,60.72891,62.36185,55.02727,50.96077,53.75872,49.33559,45.60702,44.59821,40.80441,40.02499,39.29377,33.95585,35.17101,28.86174,26.4764,27.07397,23.08679,25.01999,22.09072,22.09072,17.46425,18.97367,18.97367,19.69772,18.02776,21.26029,17.69181,20.51828,21.40093,22.02272,21.63331,20.51828,24.20744,23.85372,22.80351,23.32381,24.20744,23.60085,24.83948,25.6125,26.62705,25.6125,26.40076,28.3196,28.3196,27.65863,25.0,28.3196,29.41088,27.78489,24.59675,42.72002,48.30114,46.04346,53.2635,53.15073,52.49762,56.85068,57.42822,59.16925,59.48109,64.07808,65.78754,68.00735,67.18631,69.42622,70.21396,72.24957,75.32596,76.02631,75.05998,76.1643,80.50466,76.94154,75.13322,77.62087,77.36924,75.0,74.63243,71.7844,70.83784,68.00735,70.83784,69.857,67.06713,69.28925,64.2573,65.55151,65.19202,61.68468,63.60031,62.03225,58.69412,59.66574,61.98387,59.43904,61.81424,60.40695,60.00833,61.29437,66.37017,62.07254,66.1211,72.02777,66.27217,70.17834,76.23647,72.44308
10.81665,10.81665,9.43398,9.43398,9.43398,8.60233,8.60233,8.60233,7.2111,7.2111,7.2111,6.40312,5.83095,5.83095,5.0,5.65685,5.0,4.24264,4.24264,4.24264,3.60555,3.60555,3.16228,3.16228,3.16228,4.0,4.0,4.0,4.0,4.12311,4.0,4.12311,4.12311,4.12311,4.12311,4.12311,4.12311,4.12311,4.12311,4.12311,5.09902,4.12311,5.09902,5.09902,5.09902,5.09902,5.09902,5.0,5.0,5.0,5.0,4.12311,67.53518,68.88396,64.84597,65.36819,64.4748,61.7414,59.5063,55.03635,53.48832,50.69517,50.69517,44.27189,46.09772,42.37924,39.92493,36.40055,35.34119,34.43835,31.30495,32.20248,27.78489,27.20294,25.23886,23.43075,22.62742,18.60108,18.43909,21.9545,20.80865,18.78829,19.31321,21.58703,24.18677,17.46425,21.0238,19.23538,19.41649,20.02498,21.09502,23.19483,25.01999,23.08679,22.36068,25.01999,24.0,25.0,26.01922,23.0,26.01922,26.01922,28.07134,26.4764,28.16026,26.24881,26.57066,27.85678,26.92582,42.15448,46.32494,46.52956,49.16299,53.00943,53.60037,54.12947,55.08176,56.30275,58.69412,64.88451,63.52952,66.24198,65.80274,67.20119,70.93659,71.58911,70.00714,70.83784,74.4043,69.33974,74.88658,75.29276,69.31811,72.49828,73.34848,70.21396,70.38466,69.64194,70.00714,67.41662,64.84597,65.78754,64.84597,63.24555,65.45991,59.13544,62.64982,57.93962,62.03225,55.54278,59.48109,55.9464,62.43397,54.20332,54.3783,57.80138,62.80127,60.21628,62.96825,62.42596,65.0,67.6757,66.21933,71.02816,67.42403,69.89278
11.18034,10.19804,10.19804,10.19804,9.05539,9.05539,8.06226,8.06226,8.06226,7.07107,7.07107,6.08276,6.08276,6.08276,5.09902,5.09902,4.12311,4.12311,4.12311,3.16228,3.16228,3.60555,3.60555,2.82843,2.82843,2.82843,3.16228,3.16228,3.16228,3.16228,3.16228,3.0,3.16228,3.0,3.0,3.0,4.0,4.0,4.0,4.12311,4.0,4.12311,4.12311,4.12311,4.12311,4.12311,4.12311,4.12311,4.47214,4.47214,3.60555,4.24264,68.46897,70.5762,67.89698,67.1193,63.3877,60.03332,58.13777,57.07889,54.23099,52.00961,47.09565,48.04165,44.01136,40.0,37.05401,35.0571,36.22154,33.13608,30.01666,29.27456,28.28427,25.96151,21.93171,22.13594,18.78829,17.46425,19.23538,18.38478,19.79899,19.84943,16.27882,17.49286,17.46425,18.35756,23.4094,18.68154,25.63201,18.68154,21.58703,23.76973,23.08679,21.84033,25.29822,20.39608,22.80351,23.4094,23.08679,26.68333,23.4094,22.47221,22.47221,26.41969,25.94224,28.84441,27.01851,25.6125,26.1725,43.28972,46.09772,47.80167,47.01064,54.58938,48.25971,51.85557,53.8145,58.0,57.38467,61.7171,63.00794,66.0303,67.41662,69.31811,68.942,69.857,71.47027,70.5195,73.75636,72.36712,77.46612,72.83543,75.32596,75.16648,70.06426,72.00694,71.06335,73.0,70.06426,67.02984,68.18358,66.06815,66.06815,66.06815,65.03076,64.03124,63.00794,60.00833,64.00781,60.00833,58.42089,57.14018,60.20797,54.58938,58.42089,58.24946,60.41523,64.32729,62.58594,61.40033,67.44627,65.96969,65.96969,70.34202,70.21396,69.64194
12.08305,11.7047,11.7047,11.7047,10.77033,10.44031,9.48683,9.48683,8.544,8.544,8.544,7.28011,7.61577,6.7082,6.7082,6.7082,5.83095,5.83095,5.0,5.0,5.0,4.24264,4.24264,4.24264,4.47214,4.47214,4.47214,4.12311,4.12311,4.12311,4.12311,4.12311,4.12311,5.09902,5.09902,5.09902,5.09902,5.09902,5.09902,5.09902,5.09902,5.09902,5.09902,5.09902,5.09902,5.09902,5.38516,5.38516,5.38516,5.38516,5.83095,5.0,69.64194,70.0928,65.52099,65.96969,63.56099,61.39218,59.22837,59.03389,53.93515,50.63596,48.6621,51.78803,46.52956,44.72136,39.81206,39.81206,38.20995,31.32092,35.17101,31.32092,30.08322,26.92582,22.82542,22.82542,21.47091,21.26029,18.60108,19.79899,19.41649,20.59126,20.80865,19.69772,20.61553,21.18962,20.24846,22.56103,23.34524,25.0,21.09502,22.47221,24.35159,21.18962,23.5372,22.13594,24.5153,23.08679,25.31798,25.70992,25.70992,25.29822,25.07987,24.5153,29.15476,28.30194,29.15476,25.23886,26.24881,45.70558,44.0,48.37355,49.64877,53.16014,51.62364,53.22593,55.4617,58.5235,62.42596,62.482,60.959,65.79514,65.11528,68.11755,68.24954,73.23933,72.20111,70.3278,70.68239,74.84651,78.54935,74.94665,75.0,73.75636,71.06335,70.34202,70.21396,70.21396,72.18033,66.75328,67.89698,67.74216,64.62971,64.62971,67.89698,63.63961,62.64982,60.53098,60.41523,59.68249,59.66574,55.7853,60.16644,57.24509,58.18935,60.08328,62.76942,61.46544,60.40695,61.7414,65.79514,62.6099,66.21178,70.68239,68.942,71.69379
13.15295,12.16553,12.16553,12.04159,11.04536,11.04536,11.04536,10.04988,9.05539,9.0,9.05539,8.06226,8.0,7.0,7.0,6.0,6.08276,5.09902,5.09902,5.09902,4.12311,4.47214,3.60555,3.60555,3.60555,4.24264,3.60555,3.60555,3.60555,3.60555,3.60555,3.60555,3.16228,3.60555,4.47214,4.47214,4.47214,4.47214,4.47214,4.47214,4.47214,4.47214,4.47214,4.47214,4.47214,4.47214,5.0,5.0,5.0,5.65685,5.0,5.0,71.38627,71.06335,72.53275,67.26812,66.70832,64.13267,59.66574,61.98387,56.88585,53.15073,53.60037,50.63596,49.81967,47.51842,42.29657,40.4475,38.83298,35.17101,32.28002,29.12044,27.85678,29.41088,26.92582,24.59675,24.69818,22.67157,20.0,19.79899,18.43909,20.24846,19.20937,18.35756,19.31321,18.97367,19.41649,22.84732,21.84033,21.84033,19.92486,24.33105,24.73863,24.33105,20.39608,26.01922,23.76973,25.31798,25.31798,27.29469,27.89265,25.4951,26.92582,25.96151,25.0,27.51363,29.54657,26.07681,27.58623,48.16638,47.51842,48.76474,54.78138,56.35601,53.25411,59.07622,60.30755,61.6198,59.46427,65.19202,64.03124,72.20111,71.56116,72.20111,75.17978,73.79024,74.46476,76.32169,75.28612,76.65507,79.30952,78.44743,81.21576,76.79193,77.41447,75.23962,77.31753,73.17103,74.10803,70.45566,75.05998,73.02739,71.11259,66.06815,65.19202,64.12488,65.12296,61.40033,62.39391,64.93843,61.98387,60.67125,59.43904,61.61169,62.36185,63.32456,63.89053,61.68468,64.51356,65.78754,68.54196,71.16881,70.5762,72.8011,71.16881,74.94665
13.0,12.64911,11.7047,12.08305,11.18034,10.29563,9.84886,9.84886,8.94427,8.94427,8.94427,7.61577,7.61577,7.61577,6.7082,6.32456,6.32456,5.38516,5.09902,5.09902,5.09902,5.0,4.0,4.0,4.0,4.12311,4.12311,4.12311,4.12311,4.47214,4.47214,4.47214,4.47214,4.47214,4.47214,5.0,5.0,4.47214,4.47214,5.0,4.47214,5.0,4.47214,4.47214,5.0,4.47214,5.38516,5.38516,5.09902,5.09902,5.09902,5.0,69.12308,69.12308,70.60453,63.60031,60.74537,63.69458,60.74537,60.92618,55.36244,55.36244,50.32892,49.76947,45.69464,44.28318,39.35734,41.23106,39.92493,35.44009,34.9285,28.79236,31.01612,27.51363,29.15476,23.08679,23.08679,22.02272,20.02498,20.61553,17.11724,20.61553,19.92486,19.69772,17.88854,20.12461,21.09502,19.41649,21.09502,21.26029,18.43909,23.02173,21.40093,24.41311,25.23886,23.85372,26.07681,21.63331,22.80351,24.18677,26.24881,27.80288,26.41969,27.29469,26.0,25.07987,26.24881,27.45906,25.31798,43.17407,48.08326,46.09772,56.4358,53.00943,55.31727,53.8145,58.0,60.44005,57.80138,62.76942,64.88451,69.857,72.44998,72.12489,69.857,74.52516,68.73136,74.54529,73.33485,76.10519,79.0,74.24284,73.43705,73.1642,75.31268,73.97973,77.87811,70.0928,75.43209,67.44627,69.92138,69.37579,69.12308,69.92138,62.93648,60.72891,61.40033,61.68468,60.63827,61.98387,60.01666,60.20797,60.82763,62.64982,54.14795,60.40695,64.19502,63.03174,61.0082,63.3877,66.18912,72.44308,64.38167,70.25667,75.53807,72.44308
12.08305,12.08305,12.08305,10.77033,10.77033,9.84886,9.84886,9.48683,9.48683,8.544,8.544,7.61577,7.61577,6.7082,6.7082,6.7082,5.83095,5.83095,5.0,5.0,5.0,4.24264,4.24264,4.24264,4.47214,4.47214,4.12311,4.47214,4.12311,4.12311,4.12311,4.12311,5.09902,5.09902,4.12311,5.09902,5.09902,5.09902,5.09902,5.09902,5.09902,5.09902,5.09902,5.09902,5.09902,5.09902,5.09902,5.38516,5.38516,5.83095,5.0,5.0,69.35416,69.857,66.64083,66.70832,63.97656,64.62198,60.16644,57.38467,59.46427,53.48832,53.85165,49.1935,48.46648,44.01136,39.56008,38.27532,39.56008,33.61547,32.69557,33.54102,29.96665,31.30495,25.80698,23.70654,22.80351,20.61553,22.80351,21.9545,18.78829,22.82542,18.38478,19.31321,21.37756,21.58703,22.36068,19.92486,23.08679,22.02272,24.02082,23.19483,23.02173,23.08679,26.0,26.01922,25.0,24.18677,23.02173,28.07134,24.18677,27.16616,27.29469,28.28427,27.65863,28.79236,29.15476,25.05993,25.94224,39.56008,44.91102,47.38143,51.0098,51.15662,53.46027,54.12947,56.32051,58.82176,58.87274,60.82763,62.43397,63.28507,66.61081,69.02898,69.42622,70.72482,70.0928,71.58911,74.65253,73.00685,71.84706,74.79305,72.06941,73.79024,74.68601,71.17584,71.11259,69.35416,69.46222,67.6757,70.2282,67.41662,66.85058,66.48308,64.62198,62.62587,59.09315,59.5063,60.92618,58.60034,58.13777,57.70615,59.05929,58.66856,56.60389,58.82176,58.60034,62.1289,64.40497,66.06815,65.43699,67.00746,68.00735,71.61006,69.06519,71.02112
13.15295,12.36932,12.16553,12.36932,11.40175,11.18034,10.19804,10.19804,9.21954,9.48683,8.24621,8.24621,8.24621,7.28011,7.28011,7.07107,6.08276,6.0,5.0,5.0,5.0,5.0,4.12311,4.12311,4.12311,3.16228,3.60555,3.60555,3.60555,4.24264,3.60555,4.24264,4.24264,4.24264,4.24264,4.24264,4.24264,4.24264,4.24264,4.24264,4.24264,4.24264,4.24264,4.24264,5.0,5.0,5.0,5.0,5.0,5.83095,5.38516,5.38516,75.05998,69.11584,71.25307,67.36468,67.26812,65.62012,58.0517,60.67125,55.10898,57.48913,56.4358,51.78803,48.50773,46.87217,46.57252,40.4475,40.4475,36.49658,35.12834,31.06445,32.14032,27.01851,27.0,24.08319,25.01999,22.13594,21.37756,19.72308,19.92486,21.09502,17.0,20.0,20.61553,22.02272,21.26029,19.84943,22.47221,23.34524,23.85372,22.82542,24.41311,24.41311,24.83948,22.82542,27.20294,23.43075,27.20294,26.24881,25.23886,27.45906,28.84441,24.08319,28.3196,25.45584,28.01785,28.6531,27.45906,43.17407,47.53946,48.33218,54.20332,53.82379,54.56189,55.31727,59.46427,58.25805,59.07622,65.0,63.95311,68.02941,67.77905,72.44998,72.73239,77.20104,73.1642,77.10383,74.96666,73.17103,77.10383,77.00649,75.16648,75.23962,74.54529,70.34913,72.44308,75.42546,77.10383,67.26812,74.1485,72.00694,67.08204,69.87131,67.60178,67.89698,63.95311,61.39218,62.28965,67.26812,59.21149,65.19202,61.13101,59.00847,64.28063,61.20457,62.28965,64.12488,65.62012,66.18912,64.38167,69.26038,69.35416,73.06162,74.16873,75.32596
11.40175,10.44031,10.44031,10.44031,9.48683,9.48683,8.544,8.544,8.544,7.61577,7.28011,6.32456,6.32456,6.08276,5.09902,5.09902,4.12311,5.0,4.0,4.0,4.0,3.16228,3.16228,3.16228,3.60555,3.60555,2.82843,3.60555,3.60555,3.60555,4.24264,4.24264,4.24264,3.60555,3.60555,5.0,4.47214,5.0,4.47214,4.47214,5.0,5.0,5.0,5.0,5.0,4.24264,5.65685,4.24264,4.24264,5.0,5.0,4.47214,65.19202,72.91776,66.21178,65.30697,68.88396,59.94164,57.3062,56.82429,56.4358,49.24429,49.09175,48.37355,44.77723,41.88078,38.58756,37.21559,36.24914,32.24903,30.88689,29.52965,25.07987,25.29822,24.73863,22.13594,22.36068,23.08679,19.0263,18.02776,19.23538,18.11077,21.09502,18.02776,21.54066,21.18962,21.47091,19.31321,24.16609,24.83948,21.40093,22.47221,22.47221,25.23886,21.9545,25.23886,23.02173,23.02173,27.45906,24.41311,24.18677,23.85372,27.29469,24.59675,27.51363,24.04163,25.70992,27.45906,25.07987,40.70626,43.26662,50.80354,48.08326,53.15073,48.82622,54.58938,55.9017,56.36488,58.5235,62.0967,62.58594,65.9242,66.18912,65.27634,70.00714,67.02984,70.45566,69.72087,73.75636,72.56721,74.2159,72.12489,73.38937,73.40981,71.69379,69.46222,71.55418,73.34848,69.35416,68.0,66.24198,64.88451,67.1193,65.36819,64.00781,63.63175,58.59181,59.48109,62.6099,59.03389,58.18075,59.61543,59.80803,57.28001,64.51356,59.46427,57.72348,62.62587,63.60031,64.28841,65.73431,66.94027,69.92138,67.05222,68.15424,71.47027
11.40175,11.40175,10.44031,10.19804,10.19804,9.21954,9.21954,8.24621,8.06226,8.06226,7.28011,7.07107,7.07107,6.08276,6.08276,5.09902,5.38516,5.09902,4.12311,4.47214,4.47214,3.60555,3.60555,3.60555,3.60555,2.82843,2.82843,3.60555,3.60555,3.60555,3.16228,3.16228,3.60555,3.16228,3.16228,4.12311,3.16228,3.16228,3.16228,3.16228,3.60555,3.60555,4.12311,4.47214,4.47214,4.47214,4.47214,3.60555,4.47214,4.24264,4.24264,4.24264,72.23573,72.11103,69.46222,63.32456,63.24555,61.68468,60.16644,58.94065,58.82176,51.66237,48.50773,49.33559,45.35416,43.9659,41.23106,38.07887,38.32754,35.90265,32.28002,28.23119,29.15476,26.92582,26.07681,22.80351,21.26029,24.41311,19.84943,21.26029,21.26029,21.63331,20.0,20.24846,19.72308,17.72005,21.84033,18.78829,20.09975,22.56103,21.58703,22.36068,23.5372,21.18962,20.39608,23.5372,23.34524,25.01999,23.5372,24.5153,26.24881,25.31798,23.5372,27.313,26.92582,25.94224,24.69818,25.4951,24.83948,45.88028,44.40721,49.0102,50.15974,52.7731,52.20153,54.12024,57.93962,59.03389,58.13777,61.05735,63.00794,65.0,67.26812,69.42622,72.13876,73.66139,71.8401,71.02816,71.56116,75.47185,77.82673,77.36924,73.82412,74.46476,75.96052,74.0,71.47027,73.08215,71.8401,69.92138,65.96969,64.03124,63.60031,65.52099,64.28841,64.28841,62.64184,62.0967,61.68468,61.35145,61.84658,58.5235,59.09315,55.15433,55.56978,61.05735,61.77378,64.3506,64.49806,61.29437,66.24198,67.60178,66.7308,74.30343,69.83552,73.82412
12.04159,11.04536,11.04536,10.19804,10.19804,9.21954,9.21954,8.24621,8.24621,7.28011,7.28011,7.28011,6.08276,6.08276,5.09902,5.09902,5.09902,4.0,4.0,3.0,3.0,3.16228,3.16228,3.16228,3.16228,2.23607,2.82843,2.82843,2.82843,2.82843,3.60555,3.60555,3.60555,3.60555,3.60555,3.60555,3.60555,3.60555,3.60555,3.60555,3.60555,3.60555,3.60555,3.60555,3.60555,4.24264,4.24264,4.24264,3.60555,4.47214,4.47214,4.12311,69.35416,68.06614,66.0,63.00794,62.1289,64.12488,59.3043,56.4358,53.93515,53.23533,48.16638,48.25971,44.18144,41.97618,39.45884,38.32754,39.31921,32.38827,31.257,30.0,27.07397,25.01999,22.2036,21.09502,22.36068,20.88061,21.47091,19.69772,19.23538,20.59126,18.02776,18.60108,17.80449,17.69181,19.41649,19.23538,22.82542,24.16609,18.86796,20.59126,21.09502,22.47221,22.02272,22.47221,25.55386,21.09502,23.85372,24.59675,24.20744,25.0,27.65863,24.20744,21.93171,26.40076,26.40076,26.0,24.59675,41.04875,44.91102,46.84015,49.64877,49.64877,54.3783,52.80152,57.42822,58.79626,60.1415,61.22091,66.28725,65.51336,64.49806,65.79514,69.46222,73.53911,70.83784,74.04053,71.56815,72.53275,75.31268,74.54529,77.10383,74.02702,73.00685,73.06162,74.0,72.11103,70.06426,68.26419,68.35934,66.18912,66.27217,65.27634,62.20129,62.00806,67.26812,61.29437,58.07753,61.07373,57.0,57.07889,56.00893,56.0803,58.03447,59.5399,59.03389,63.63961,64.62971,65.62012,65.49046,67.89698,67.74216,69.46222,72.99315,70.71068
12.64911,11.7047,11.40175,11.18034,11.18034,10.19804,10.19804,9.21954,9.21954,8.24621,8.06226,7.28011,7.07107,7.07107,6.08276,6.32456,5.38516,5.09902,5.09902,4.47214,4.47214,4.47214,3.60555,3.60555,3.60555,3.60555,3.60555,3.60555,3.60555,3.60555,3.60555,4.47214,3.60555,4.12311,4.12311,4.47214,4.47214,4.12311,4.47214,4.12311,4.47214,4.47214,4.47214,4.47214,4.47214,4.47214,4.47214,5.0,5.0,4.24264,4.24264,5.0,72.44998,73.34848,69.35416,68.15424,68.8767,62.62587,62.29767,63.24555,56.32051,52.20153,54.40588,50.59644,46.48656,45.88028,40.80441,40.49691,40.16217,32.89377,32.31099,30.41381,30.41381,24.18677,26.92582,24.18677,24.69818,21.2132,21.93171,21.93171,18.86796,19.23538,18.02776,18.78829,24.16609,18.97367,19.41649,20.39608,22.80351,24.08319,24.02082,20.09975,27.29469,24.02082,26.1725,25.07987,26.30589,25.0,27.07397,23.19483,25.4951,26.1725,24.04163,26.92582,27.20294,28.23119,25.63201,26.41969,25.80698,43.9659,46.69047,53.23533,56.00893,54.23099,56.08921,56.32051,56.30275,57.77543,61.26989,65.51336,64.3506,69.63476,68.60029,71.50524,75.00667,74.95332,74.51845,74.4043,75.16648,78.49204,78.54935,79.60528,75.15318,77.87811,75.6439,75.02666,74.84651,73.73602,75.27284,69.57011,72.42237,73.37575,70.83784,69.92138,67.05222,63.89053,66.48308,63.56886,60.74537,59.80803,62.24147,62.16912,60.03332,59.5063,64.14047,62.1289,62.1289,66.57327,66.03787,66.57327,68.24222,71.86793,71.84706,74.63243,75.47185,76.8505
11.40175,11.40175,11.40175,10.63015,10.0,9.89949,9.21954,9.21954,8.48528,7.81025,7.81025,7.81025,6.40312,6.40312,6.40312,5.65685,5.83095,5.0,5.0,4.47214,4.47214,4.12311,4.12311,4.12311,4.12311,4.12311,4.0,4.0,4.0,4.12311,4.0,4.12311,4.12311,4.12311,4.12311,4.12311,4.12311,4.12311,4.12311,5.09902,4.12311,5.09902,5.09902,5.09902,5.09902,5.09902,5.0,5.0,5.0,5.09902,5.09902,5.09902,75.74299,71.58911,73.59348,71.06335,69.42622,62.20129,62.62587,63.00794,54.6443,56.61272,47.80167,49.40648,49.09175,45.80393,43.01163,40.60788,41.04875,36.23534,32.64966,31.1127,33.97058,27.58623,26.24881,23.02173,22.80351,18.78829,19.41649,24.04163,20.61553,19.10497,21.0238,23.02173,24.0,20.09975,22.09072,21.09502,23.08679,24.35159,25.17936,25.70992,22.09072,23.34524,25.96151,27.65863,23.34524,25.31798,26.68333,24.33105,26.30589,25.17936,26.4764,32.0,28.01785,27.01851,28.16026,25.70992,26.92582,45.60702,49.64877,49.64877,55.36244,53.15073,53.46027,56.00893,56.0803,58.42089,62.39391,64.32729,66.70832,68.41053,70.21396,75.23962,68.8767,74.30343,74.43118,74.33034,73.87828,71.70077,82.21922,75.69016,73.5527,76.41989,76.57676,74.41102,75.9276,72.00694,76.2168,70.60453,70.60453,71.02816,67.62396,67.42403,67.41662,65.0,63.41136,62.00806,63.25346,64.66065,61.6198,61.6198,60.81118,57.28001,57.28001,65.11528,63.12686,62.80127,66.06815,64.03124,68.8186,70.29225,69.02898,73.00685,72.34639,73.24616
12.04159,11.31371,12.04159,11.31371,11.31371,9.89949,9.89949,9.21954,8.48528,7.81025,7.81025,7.07107,6.40312,6.40312,5.65685,5.65685,5.0,5.0,5.0,3.60555,3.60555,3.60555,3.16228,3.16228,3.16228,3.16228,3.0,3.0,3.0,3.16228,3.16228,3.16228,3.16228,3.16228,3.16228,4.12311,4.12311,4.12311,4.12311,3.16228,4.12311,4.12311,4.12311,4.12311,4.12311,4.12311,4.12311,4.12311,4.0,4.0,4.12311,4.12311,73.3553,68.47627,64.41273,68.47627,69.46222,58.83026,59.64059,57.00877,53.25411,51.86521,50.21952,45.22168,45.48626,43.01163,39.20459,36.05551,37.20215,34.98571,32.24903,28.17801,28.17801,28.23119,25.29822,20.24846,21.18962,23.5372,20.02498,22.0,21.09502,18.11077,18.11077,20.24846,20.61553,19.92486,18.02776,18.38478,21.18962,21.09502,19.84943,25.6125,24.18677,23.02173,25.55386,21.09502,19.41649,25.55386,25.55386,24.20744,25.80698,28.84441,26.0,22.82542,25.29822,24.35159,26.92582,27.45906,28.16026,43.41659,43.93177,50.20956,49.92995,53.23533,52.80152,55.97321,55.65968,57.72348,56.08921,59.4138,60.00833,64.03124,67.06713,66.48308,68.06614,72.83543,73.4983,70.34202,72.12489,72.42237,81.70679,75.15318,74.32362,72.94518,72.94518,73.43024,70.17834,71.84706,71.02816,70.45566,69.2026,68.50547,66.03787,65.19202,65.73431,61.85467,64.63745,60.74537,62.43397,59.36329,57.70615,58.66856,60.41523,56.82429,61.32699,59.23681,60.40695,66.12866,65.19202,60.16644,66.40783,68.00735,67.6757,72.44998,73.37575,69.28925
11.18034,11.18034,11.18034,10.19804,9.21954,9.21954,8.24621,8.24621,7.28011,7.28011,7.07107,6.08276,6.08276,6.08276,5.09902,5.0,5.0,4.0,4.0,4.12311,3.16228,3.16228,3.16228,3.60555,3.60555,2.82843,3.60555,3.60555,3.60555,3.60555,3.60555,3.60555,3.60555,4.47214,4.47214,4.47214,4.47214,4.47214,4.47214,4.47214,4.47214,4.47214,4.47214,4.47214,5.0,5.0,5.0,5.0,4.24264,4.24264,5.0,4.47214,72.69113,68.73136,67.26812,68.06614,61.0,65.51336,56.08921,60.44005,54.81788,54.81788,47.53946,50.21952,45.60702,46.48656,39.29377,40.4475,35.69314,32.24903,33.73426,27.07397,29.15476,23.02173,25.07987,21.0238,20.09975,21.37756,19.64688,19.69772,17.0,18.35756,19.20937,21.63331,20.61553,18.43909,16.27882,17.02939,22.67157,24.20744,20.59126,24.20744,24.08319,22.02272,23.60085,21.63331,27.45906,23.43075,24.20744,25.0,25.6125,26.24881,26.24881,28.3196,24.04163,27.01851,26.62705,29.52965,27.73085,41.76123,46.09772,46.64762,51.40039,48.9183,51.66237,51.22499,55.47071,55.22681,58.66856,60.00833,61.46544,63.56886,66.76077,69.42622,69.42622,70.03571,70.34913,69.11584,73.0,73.24616,74.54529,69.26038,75.80237,69.87131,73.75636,71.06335,68.88396,66.48308,70.88018,64.51356,65.52099,65.0,64.84597,67.05222,61.68468,62.36185,61.03278,59.48109,59.43904,59.43904,58.46366,61.0,60.53098,59.68249,55.3263,57.21888,62.07254,62.28965,61.03278,65.03076,68.00735,67.0,67.06713,71.06335,67.1193,71.02816
11.40175,11.40175,11.40175,10.81665,10.0,9.43398,10.0,8.60233,8.60233,8.06226,7.2111,7.2111,7.2111,5.83095,5.83095,5.0,5.0,4.24264,4.24264,4.24264,3.60555,3.60555,3.60555,3.16228,3.16228,3.16228,3.0,3.0,3.0,3.0,3.16228,3.16228,3.16228,3.16228,3.16228,4.12311,4.12311,3.16228,3.16228,4.12311,4.12311,4.12311,4.12311,4.12311,4.12311,4.12311,4.0,4.0,4.0,4.0,4.12311,4.12311,73.53911,72.34639,70.72482,63.25346,67.26812,61.7171,62.80127,61.22091,53.41348,57.00877,53.90733,48.27007,45.25483,44.68781,39.69887,39.05125,39.20459,34.82815,34.65545,30.4795,27.01851,25.0,22.80351,23.85372,18.35756,20.24846,19.92486,17.72005,14.31782,18.11077,19.0,20.09975,19.23538,20.88061,19.41649,20.39608,20.24846,19.92486,22.84732,25.29822,22.56103,26.92582,24.5153,24.16609,25.96151,23.08679,25.29822,24.69818,26.57066,25.63201,24.5153,24.35159,26.92582,23.08679,26.0,27.01851,28.28427,45.69464,48.38388,47.51842,51.62364,51.15662,53.0,55.14526,58.54912,59.43904,56.51548,63.32456,66.85058,67.1193,71.11962,75.17978,67.95587,75.21303,73.60027,77.33693,74.65253,73.0,77.07788,72.34639,76.40026,74.4043,77.00649,77.66595,76.844,72.40166,74.88658,67.6757,72.94518,71.61006,68.60029,67.95587,68.11755,64.66065,62.68174,61.58734,65.45991,62.00806,61.07373,63.03174,60.87693,60.10824,62.96825,62.24147,60.959,70.0928,66.6033,69.42622,66.06815,75.82216,68.24954,72.34639,75.28612,74.02702
12.64911,11.7047,11.7047,11.7047,11.40175,10.44031,10.44031,9.48683,9.48683,9.21954,8.24621,8.24621,7.28011,6.32456,6.32456,6.32456,5.38516,5.38516,5.0,5.0,5.0,4.24264,4.24264,4.24264,4.24264,3.60555,4.47214,4.47214,4.47214,4.47214,4.47214,5.09902,5.09902,5.09902,5.09902,5.09902,5.09902,5.09902,5.09902,5.09902,5.09902,5.09902,5.09902,5.38516,5.38516,5.38516,5.38516,5.38516,5.83095,5.83095,5.0,5.65685,74.09453,70.23532,74.79305,70.66116,64.88451,67.1193,58.59181,62.6099,55.9017,57.77543,52.80152,49.65884,47.43416,45.18849,41.62932,38.47077,38.48376,35.34119,31.90611,30.80584,30.61046,25.80698,24.41311,21.93171,21.93171,22.2036,19.84943,20.59126,20.61553,19.72308,19.31321,20.39608,20.02498,20.02498,24.02082,20.02498,21.58703,24.08319,23.02173,27.29469,24.18677,27.01851,25.17936,23.0,29.15476,24.02082,27.07397,26.07681,27.16616,25.0,26.07681,28.16026,27.01851,28.28427,27.20294,24.73863,28.23119,45.35416,49.81967,49.0408,53.0,53.23533,55.9017,57.97413,56.30275,57.93962,59.03389,62.64982,65.19202,66.57327,67.42403,70.17834,67.35726,75.66373,70.0928,76.6942,74.20243,75.45197,76.55064,74.09453,75.17978,75.58439,72.06941,72.01389,78.0,69.46222,73.00685,67.41662,75.15318,66.70832,67.41662,65.55151,68.44706,63.32456,65.9242,61.7414,63.50591,66.30988,61.77378,63.52952,59.94164,65.51336,58.82176,62.20129,65.80274,64.03124,63.60031,64.03124,65.94695,76.2168,66.8431,75.9276,75.71658,73.24616
12.16553,12.36932,11.18034,11.40175,11.40175,10.44031,10.44031,9.21954,9.48683,8.24621,8.24621,7.28011,7.07107,6.08276,6.08276,6.08276,6.0,5.0,5.0,5.09902,4.12311,4.12311,4.12311,4.47214,4.47214,3.60555,4.24264,4.24264,4.24264,4.24264,5.0,5.0,4.24264,5.0,5.0,5.0,5.0,5.0,5.65685,5.0,5.0,5.0,5.0,5.65685,5.65685,5.65685,5.65685,5.0,5.0,5.83095,5.83095,5.38516,72.8011,67.72001,64.84597,68.00735,67.44627,60.08328,63.24555,57.58472,58.18935,52.20153,49.98,47.16991,44.94441,42.72002,39.92493,40.16217,38.27532,34.20526,29.83287,26.68333,27.29469,26.07681,24.18677,21.2132,23.08679,22.02272,19.41649,18.43909,16.76305,17.0,18.35756,20.0,21.63331,19.20937,21.93171,20.51828,22.67157,22.62742,21.63331,24.04163,22.67157,21.40093,24.75884,26.62705,27.01851,25.45584,25.4951,26.24881,24.75884,28.3196,24.75884,26.90725,25.4951,27.45906,27.45906,26.92582,23.4094,43.38202,44.10215,45.45327,48.08326,52.00961,52.63079,52.83938,54.58938,56.79789,60.53924,59.77458,60.41523,64.53681,64.62971,68.73136,67.02984,67.00746,70.0,70.11419,71.44928,70.85901,75.50497,70.83078,69.37579,70.34202,68.41053,70.83784,73.1642,69.57011,68.35203,67.23095,65.39113,62.64982,64.88451,65.55151,67.23095,64.4748,61.35145,58.5235,60.08328,61.03278,56.921,60.44005,59.66574,56.51548,58.42089,60.01666,59.4138,64.12488,61.81424,65.37584,66.48308,70.34913,68.46897,71.25307,71.44928,73.43705
11.31371,11.31371,11.31371,10.63015,9.89949,9.21954,9.21954,7.81025,7.81025,7.81025,7.81025,7.07107,6.40312,5.65685,5.65685,5.0,5.0,4.24264,3.60555,3.60555,3.60555,3.16228,3.16228,3.0,3.0,3.0,3.0,3.16228,3.16228,3.16228,3.16228,3.16228,3.16228,3.60555,3.60555,3.60555,3.60555,3.16228,3.60555,3.60555,3.60555,3.60555,3.60555,4.12311,3.60555,3.16228,4.12311,4.12311,4.12311,4.12311,4.0,4.0,71.84706,70.43437,72.8011,66.21933,64.44377,63.12686,62.80127,60.20797,56.63921,55.97321,51.22499,48.10405,47.38143,46.66905,43.18565,39.62323,36.79674,33.97058,32.01562,28.6007,29.41088,29.52965,24.18677,24.59675,20.24846,21.93171,16.12452,18.24829,20.09975,16.03122,18.11077,19.41649,14.86607,19.69772,24.16609,18.78829,19.92486,18.86796,21.93171,23.4094,23.76973,25.4951,24.16609,22.82542,23.25941,25.05993,27.313,25.4951,26.0,26.40076,23.4094,26.68333,28.4605,23.34524,25.96151,26.0,24.08319,41.01219,48.27007,46.14109,47.53946,50.92151,55.54278,51.41984,56.32051,56.14268,57.0,62.0,67.1193,65.49046,67.91171,69.42622,67.72001,74.63243,73.73602,76.48529,75.591,77.41447,75.66373,76.02631,77.38863,75.60423,74.65253,75.43209,72.62231,71.58911,74.51845,70.17834,71.58911,69.42622,65.79514,65.8559,65.76473,65.19202,66.06815,65.06919,62.62587,64.2028,63.00794,62.42596,61.85467,61.29437,58.24946,63.13478,66.64833,63.13478,64.41273,67.53518,71.11259,74.24958,68.0,75.66373,71.86793,75.66373
12.20656,12.20656,11.40175,11.6619,10.81665,9.43398,9.43398,9.43398,8.60233,8.06226,8.06226,8.06226,7.2111,7.2111,5.83095,6.40312,5.65685,5.65685,4.24264,5.0,4.24264,3.60555,3.60555,3.60555,3.60555,3.16228,4.12311,4.12311,4.0,4.0,4.0,4.0,5.0,4.0,5.0,5.0,5.0,5.0,5.0,5.0,5.0,5.0,5.0,5.0,5.0,5.0,5.09902,5.09902,5.09902,5.38516,5.38516,4.47214,75.82216,71.06335,68.88396,67.35726,66.8431,69.40461,63.41136,61.58734,55.47071,53.25411,52.15362,47.80167,47.63402,45.0,43.82921,41.23106,37.20215,32.80244,36.12478,30.4795,27.58623,28.3196,21.93171,24.20744,19.69772,22.84732,18.38478,21.84033,18.11077,19.23538,20.09975,19.0,19.23538,20.88061,20.61553,21.84033,22.56103,25.63201,22.47221,23.4094,25.63201,26.4764,26.92582,28.4605,27.51363,25.07987,28.63564,24.35159,25.4951,25.70992,28.44293,26.07681,27.07397,27.07397,27.16616,26.1725,28.86174,44.77723,47.92703,46.84015,52.7731,50.35871,55.0,52.08647,51.47815,61.18823,56.04463,62.93648,63.90618,63.69458,67.23095,70.23532,66.88797,74.33034,71.61006,72.47068,70.93659,72.34639,76.38063,72.13876,71.44928,75.82216,73.10951,74.4043,77.20104,66.85058,73.4983,66.57327,71.61006,68.50547,67.20119,68.24222,67.1193,63.24555,63.82006,61.61169,64.2028,63.60031,62.482,63.78087,60.87693,61.6198,60.44005,60.87693,62.93648,65.94695,65.94695,64.3506,69.35416,75.16648,70.0928,71.50524,75.0733,72.86288
12.04159,11.04536,11.04536,11.18034,10.04988,10.04988,9.05539,9.05539,9.05539,8.06226,8.24621,7.07107,7.07107,6.08276,6.08276,6.0,5.0,5.0,5.0,4.0,4.0,4.12311,4.12311,3.16228,3.16228,3.16228,3.60555,3.60555,3.60555,3.60555,2.82843,3.60555,3.60555,4.24264,3.60555,3.60555,4.47214,4.24264,4.24264,3.60555,4.24264,4.24264,5.0,4.24264,4.24264,4.24264,4.24264,4.24264,5.0,4.47214,4.47214,4.12311,72.02777,73.00685,70.0,67.00746,68.06614,62.1289,62.1289,58.21512,56.56854,54.33231,51.24451,46.38965,47.09565,45.27693,37.33631,40.11234,35.0571,34.0,32.01562,31.01612,27.16616,28.28427,25.4951,25.31798,19.92486,20.61553,18.97367,20.12461,18.02776,17.69181,19.10497,20.24846,19.23538,21.9545,23.02173,22.2036,20.59126,21.93171,21.18962,23.4094,24.18677,24.41311,25.07987,25.23886,25.55386,24.59675,23.25941,28.63564,26.62705,27.45906,29.68164,28.01785,29.20616,25.45584,26.90725,28.6007,28.01785,44.55334,43.01163,49.64877,50.53712,51.88449,54.40588,52.40229,58.13777,56.58622,61.52235,60.0,64.40497,66.0303,69.77105,69.35416,71.51224,69.07966,70.83784,69.12308,71.38627,70.21396,74.54529,72.69113,72.11103,77.10383,76.05919,74.0,76.00658,72.11103,71.00704,69.00725,69.00725,67.06713,70.11419,67.26812,64.03124,66.06815,62.1289,63.07139,64.19502,63.0,60.0,63.07139,66.1211,62.39391,60.01666,61.81424,63.95311,64.32729,67.89698,65.76473,70.21396,71.19691,69.87131,72.83543,74.1485,73.82412
11.40175,11.40175,10.63015,10.63015,9.21954,9.21954,9.21954,7.81025,7.81025,7.81025,7.81025,7.2111,6.40312,5.83095,5.0,5.83095,5.83095,4.47214,4.47214,4.12311,4.12311,4.12311,4.0,3.0,4.0,4.12311,4.12311,4.12311,4.47214,4.47214,4.47214,4.47214,4.47214,4.47214,4.47214,4.47214,5.38516,5.38516,5.0,5.0,5.38516,5.38516,5.38516,5.38516,5.38516,5.38516,5.38516,5.09902,5.09902,5.09902,5.0,5.0,73.75636,70.80254,69.02898,66.8431,65.80274,63.24555,61.29437,58.18075,56.0357,54.91812,47.80167,45.45327,48.8774,43.26662,39.20459,39.11521,37.20215,32.80244,31.89044,30.61046,27.01851,25.45584,25.80698,22.47221,23.85372,19.92486,20.61553,20.24846,17.72005,18.02776,21.2132,16.12452,21.58703,20.09975,20.61553,24.08319,23.5372,23.76973,23.08679,26.24881,23.08679,23.76973,27.65863,25.70992,25.96151,27.89265,27.65863,25.96151,29.83287,31.32092,29.01724,28.28427,26.1725,27.0,27.29469,27.65863,24.69818,44.72136,45.88028,47.53946,50.24938,49.0102,54.00926,52.34501,54.23099,58.69412,56.04463,59.13544,64.07808,63.50591,67.60178,68.09552,66.57327,69.63476,69.81404,68.76772,72.91776,71.44928,74.96666,70.83784,73.00685,71.21798,71.61006,71.02816,71.02816,68.7968,67.41662,66.57327,69.46222,68.26419,68.96376,69.63476,64.07027,63.81222,63.51378,61.58734,65.73431,61.85467,61.40033,62.482,60.30755,61.6198,58.72819,60.81118,61.52235,63.63961,65.06919,64.3506,70.00714,70.00714,68.0147,67.89698,73.5527,68.68042
12.36932,12.16553,11.18034,11.18034,10.19804,10.19804,10.19804,9.21954,8.06226,8.24621,8.06226,8.24621,7.28011,6.32456,6.32456,6.32456,5.38516,5.38516,4.47214,4.47214,4.47214,4.24264,4.24264,4.24264,3.60555,3.60555,4.47214,4.47214,4.12311,4.12311,4.12311,5.09902,5.09902,5.09902,5.09902,5.09902,5.09902,5.09902,5.09902,5.09902,5.09902,5.09902,5.38516,5.09902,5.38516,5.38516,5.38516,5.38516,5.83095,5.83095,5.0,5.65685,69.02898,69.02898,67.18631,69.02898,65.0,63.00794,60.03332,59.13544,58.00862,51.0098,49.0408,47.09565,44.01136,42.0119,39.05125,38.0526,37.0,33.0,32.01562,29.42788,27.07397,24.18677,22.80351,21.93171,19.31321,18.78829,21.63331,17.02939,18.43909,20.51828,19.10497,19.69772,19.41649,21.93171,21.0238,20.88061,21.18962,25.29822,21.84033,25.70992,23.4094,24.16609,26.92582,29.12044,25.70992,26.57066,25.63201,26.57066,26.83282,26.0,29.15476,26.41969,30.41381,28.42534,29.06888,29.73214,27.58623,44.55334,46.57252,47.53946,49.65884,51.10773,54.08327,52.80152,55.9017,57.31492,55.97321,59.64059,61.91123,65.51336,67.08204,70.26379,70.38466,72.42237,70.88018,69.64194,71.19691,70.61161,74.96666,69.72087,71.25307,72.00694,72.06247,72.00694,73.02739,72.06247,72.06247,71.11259,70.00714,68.11755,68.00735,65.03076,68.06614,65.12296,63.03174,61.20457,63.12686,64.03124,58.0,61.07373,63.1981,63.50591,63.34824,62.16912,65.51336,66.70832,65.11528,63.78871,70.21396,69.42622,68.88396,71.19691,70.71068,71.19691
11.18034,11.18034,10.29563,10.29563,10.29563,9.43398,9.43398,8.06226,8.06226,8.06226,6.7082,6.7082,6.7082,5.38516,5.38516,5.38516,5.09902,5.09902,4.12311,4.12311,4.0,4.0,4.0,4.12311,4.12311,4.12311,3.60555,4.47214,3.60555,4.47214,4.24264,4.24264,5.0,4.24264,5.0,5.0,5.0,5.0,5.0,5.0,5.0,5.0,5.0,5.0,5.83095,5.83095,5.38516,5.38516,5.38516,5.38516,5.09902,5.09902,71.69379,66.70832,68.942,63.50591,64.88451,63.07139,59.94164,54.12947,51.88449,50.24938,48.76474,48.37355,45.18849,43.82921,41.18252,38.47077,34.43835,28.63564,30.46309,30.36445,26.92582,28.4605,24.18677,22.09072,22.2036,17.11724,20.61553,19.92486,17.46425,16.55295,17.20465,20.24846,19.84943,20.61553,20.51828,20.61553,19.20937,25.0,26.24881,23.60085,25.6125,29.0,24.83948,26.40076,27.58623,25.6125,25.45584,26.24881,27.01851,29.73214,29.73214,30.4795,28.3196,26.07681,29.73214,29.15476,26.92582,42.63801,47.38143,46.75468,50.0,51.42956,50.15974,50.32892,51.86521,55.7853,57.72348,61.40033,62.1289,66.18912,65.12296,68.18358,71.34424,70.71068,68.65858,72.53275,70.60453,73.08215,73.05477,72.61543,71.55418,72.01389,70.66116,73.82412,69.97142,68.96376,68.60029,68.7968,66.88797,66.37017,66.88797,69.97142,64.88451,64.66065,65.0,64.00781,61.91123,62.16912,61.7414,59.9333,63.15853,57.38467,63.89053,64.19502,61.84658,63.06346,63.56886,65.96969,64.84597,66.48308,69.92138,67.72001,70.5195,72.11103
11.0,10.0,9.0,9.0,9.0,8.0,8.0,7.0,7.0,7.0,6.0,6.0,5.0,5.0,4.0,4.0,4.0,4.12311,3.16228,3.16228,3.16228,2.23607,2.23607,2.82843,2.23607,2.23607,2.23607,3.16228,3.16228,3.16228,3.16228,3.16228,3.0,3.16228,4.12311,4.0,4.12311,4.12311,4.12311,4.12311,4.12311,4.12311,4.12311,4.12311,4.12311,4.12311,4.47214,4.47214,3.60555,4.24264,4.24264,3.60555,72.12489,64.32729,68.88396,63.34824,62.16912,61.98387,57.87055,56.88585,49.64877,54.58938,47.51842,46.69047,44.38468,42.29657,39.20459,36.87818,36.49658,32.38827,28.28427,28.63564,25.07987,22.84732,21.93171,21.63331,19.10497,19.84943,16.27882,17.20465,16.12452,17.49286,15.65248,20.61553,15.13275,19.10497,17.26268,22.36068,22.02272,22.36068,23.0,23.34524,24.33105,24.08319,24.18677,27.07397,26.01922,24.5153,28.07134,26.1725,27.29469,27.45906,26.68333,26.68333,27.20294,25.07987,29.54657,29.52965,26.1725,42.19005,48.01042,47.26521,50.44799,48.38388,53.7122,53.7122,58.66856,57.80138,54.40588,62.28965,64.38167,65.06919,68.24954,66.06815,64.81512,73.00685,69.97142,75.17978,68.8767,75.6439,73.82412,70.2282,74.63243,73.76313,76.40026,70.61161,74.46476,67.26812,73.5459,67.08204,68.65858,67.68309,66.4906,69.05071,67.26812,64.32729,68.15424,61.98387,64.32729,63.56099,62.29767,65.52099,58.82176,62.64184,62.76942,64.62198,63.69458,62.76942,66.30988,67.62396,70.77429,71.69379,64.2573,74.09453,73.92564,73.1642
10.44031,9.21954,9.48683,9.48683,8.544,8.544,7.28011,7.28011,7.28011,6.32456,6.32456,6.32456,5.09902,5.09902,4.12311,4.12311,4.0,4.0,3.16228,3.16228,3.16228,3.16228,2.23607,2.82843,2.82843,2.82843,3.60555,3.60555,3.60555,3.60555,3.16228,4.47214,4.47214,4.47214,4.12311,4.47214,4.47214,4.47214,4.47214,4.47214,4.47214,4.47214,4.47214,4.47214,5.0,5.0,5.0,5.0,5.0,4.24264,5.0,4.47214,67.08204,71.19691,67.91171,64.13267,67.18631,60.44005,57.00877,56.921,53.60037,48.50773,47.43416,43.9659,45.22168,39.29377,39.21734,38.07887,35.90265,32.55764,29.42788,27.29469,27.16616,23.02173,22.2036,22.2036,19.23538,20.12461,13.60147,15.65248,17.88854,20.24846,16.27882,17.02939,19.84943,23.32381,24.16609,22.82542,22.2036,26.40076,24.16609,21.9545,27.73085,25.94224,27.78489,27.29469,26.41969,26.07681,28.01785,26.92582,28.01785,27.78489,28.6007,26.90725,26.87006,27.58623,26.40076,29.52965,29.96665,43.08132,44.41846,44.94441,45.80393,54.45181,48.27007,50.80354,55.22681,57.45433,60.37384,57.27128,60.72891,65.14599,66.48308,65.30697,67.36468,68.46897,73.33485,71.11259,74.02702,70.06426,75.16648,72.56032,72.18033,73.1642,72.36712,74.73286,72.27724,69.64194,70.60453,71.47027,69.64194,69.26038,69.57011,67.6757,68.94926,65.52099,64.03124,59.77458,65.25335,61.61169,62.58594,63.15061,63.95311,55.7315,59.13544,62.514,65.49046,63.28507,64.49806,66.1211,68.18358,68.18358,71.56815,73.17103,71.25307,74.8131
11.18034,11.18034,10.04988,10.04988,10.04988,9.05539,9.05539,8.06226,8.0,7.07107,7.07107,6.0,6.08276,5.09902,5.09902,5.09902,4.12311,4.12311,3.16228,3.60555,2.82843,2.82843,2.82843,2.23607,2.23607,2.23607,3.16228,3.0,3.0,3.0,3.0,4.0,4.0,4.0,4.0,4.0,4.0,4.0,4.0,4.0,4.0,4.0,4.0,4.0,5.09902,4.12311,5.09902,4.47214,4.47214,4.47214,4.47214,4.24264,67.91171,67.72001,68.41053,65.30697,62.36986,59.43904,57.55867,56.88585,52.7731,51.97115,45.54119,44.72136,41.59327,38.11824,38.20995,36.12478,36.67424,29.61419,27.65863,27.65863,25.29822,22.84732,21.9545,18.86796,17.80449,18.43909,19.20937,18.35756,18.35756,15.52417,16.76305,16.76305,20.02498,18.24829,20.02498,20.09975,22.2036,23.02173,24.18677,24.02082,23.19483,23.0,25.01999,27.0,28.0,28.07134,25.17936,27.16616,27.07397,24.18677,27.85678,27.45906,28.79236,24.35159,29.15476,26.62705,28.42534,40.04997,47.04253,48.16638,51.24451,48.38388,53.66563,50.9902,53.0,56.60389,58.41233,60.20797,60.1415,65.06919,65.94695,66.21933,64.63745,70.72482,71.34424,72.06941,74.24958,74.32362,73.1642,73.37575,75.96052,72.03471,71.19691,71.06335,72.03471,67.60178,72.36712,70.21396,70.03571,69.05071,68.24954,67.08204,66.09841,62.514,62.64982,66.91039,62.36986,65.11528,62.58594,62.36986,61.68468,62.93648,59.48109,63.24555,60.16644,65.79514,64.07808,67.41662,67.23095,73.00685,69.07966,70.5762,72.23573,70.83784
11.40175,10.44031,10.44031,9.21954,9.21954,9.21954,8.24621,8.24621,7.28011,7.28011,6.08276,6.08276,6.08276,5.09902,5.09902,4.47214,4.47214,3.60555,3.60555,2.82843,2.82843,2.82843,2.82843,3.16228,3.16228,3.16228,3.0,3.0,3.0,3.0,4.0,4.0,4.12311,4.0,4.12311,4.12311,4.0,4.0,4.0,4.0,5.0,4.0,5.0,4.0,4.0,5.0,4.12311,5.09902,5.09902,4.47214,4.47214,4.24264,74.24284,70.83078,69.857,65.29931,63.32456,64.62198,56.64804,60.08328,51.26402,51.26402,49.76947,49.0408,43.32436,37.94733,36.05551,34.78505,35.17101,30.36445,29.96665,27.29469,28.23119,22.2036,21.26029,20.80865,17.80449,19.20937,20.0,18.35756,17.72005,18.97367,21.58703,19.10497,20.09975,19.0263,20.22375,24.08319,20.61553,22.09072,27.20294,25.01999,25.0,24.02082,26.0,27.07397,27.07397,26.07681,28.0,27.0,27.0,27.01851,27.01851,28.16026,27.16616,29.12044,26.57066,27.313,25.55386,41.62932,46.17359,48.6621,51.15662,51.0098,53.33854,53.46027,54.74486,55.54278,57.87055,61.84658,63.56099,65.0,68.47627,67.95587,65.0,74.02702,66.6033,74.27651,75.69016,72.83543,75.9276,75.43209,73.23933,73.82412,72.71864,74.70609,75.66373,69.83552,72.94518,67.97794,74.24958,71.69379,67.97794,69.77822,69.77105,65.76473,65.30697,65.74192,64.41273,67.1193,63.95311,65.36819,64.14047,65.19202,63.24555,65.0,64.81512,67.20119,64.63745,65.45991,69.2026,71.84706,69.89278,74.06079,74.4043,77.93587
11.18034,10.19804,10.19804,9.05539,9.21954,8.06226,8.06226,7.07107,7.07107,7.07107,6.32456,6.08276,5.09902,5.38516,4.12311,4.47214,4.47214,3.60555,3.60555,3.60555,3.60555,2.82843,2.82843,3.60555,3.16228,3.16228,4.0,4.0,4.0,4.0,4.0,4.0,4.0,5.0,5.0,5.0,5.0,5.0,5.0,5.0,5.0,5.0,5.0,5.0,5.0,5.09902,5.09902,5.09902,5.09902,5.38516,5.38516,4.47214,68.26419,71.25307,69.35416,64.00781,64.00781,63.00794,58.00862,58.03447,55.03635,49.09175,48.04165,47.01064,42.10701,42.0119,34.0147,38.01316,35.0571,31.01612,27.07397,30.14963,25.63201,23.76973,21.0238,20.61553,20.59126,17.0,18.43909,14.86607,15.55635,20.0,18.86796,20.59126,21.47091,20.88061,23.5372,17.72005,21.47091,23.76973,26.40076,23.5372,26.24881,26.68333,25.96151,28.86174,25.70992,28.16026,27.51363,29.15476,27.20294,28.63564,29.54657,32.64966,27.78489,26.24881,29.69848,27.58623,29.20616,41.04875,43.28972,47.85394,48.38388,53.31041,51.0,53.7122,56.30275,56.85068,57.31492,60.82763,62.96825,66.06815,65.21503,66.0303,67.41662,70.66116,72.01389,71.69379,69.07966,72.42237,68.68042,75.69016,75.9276,73.34848,67.74216,71.44928,70.5762,74.43118,72.1734,72.1734,70.45566,67.02984,67.1193,69.18092,68.26419,68.06614,66.18912,68.26419,66.27217,63.3877,63.3877,63.78871,62.36986,60.67125,61.40033,62.36986,62.58594,63.78871,67.44627,68.41053,70.21396,70.60453,70.83078,78.58753,73.97973,71.06335
11.40175,10.44031,10.44031,10.44031,9.48683,8.544,8.544,7.61577,7.28011,6.32456,6.32456,6.32456,5.38516,5.09902,5.09902,4.0,4.0,4.0,4.0,3.0,3.16228,3.16228,3.16228,3.60555,2.82843,2.82843,3.60555,3.60555,3.60555,3.60555,3.60555,4.47214,4.47214,4.47214,4.47214,4.47214,4.47214,4.47214,4.47214,4.47214,4.47214,5.0,5.0,5.0,5.0,5.0,5.0,5.65685,5.0,5.0,5.0,4.47214,74.06079,66.61081,72.1734,68.35934,58.85576,63.15061,57.55867,59.84146,50.80354,51.47815,46.87217,47.85394,42.95346,38.83298,38.83298,37.21559,34.36568,31.40064,27.29469,25.01999,25.0,20.02498,22.2036,21.37756,18.97367,20.12461,17.0,18.86796,18.43909,18.38478,18.43909,19.84943,22.2036,22.82542,20.12461,22.47221,24.18677,23.76973,24.18677,24.59675,20.24846,25.55386,24.69818,29.52965,28.63564,27.313,28.30194,27.78489,27.45906,27.80288,28.42534,29.83287,26.87006,26.1725,29.06888,27.45906,28.17801,41.0,45.12206,45.35416,51.07837,48.30114,55.56978,52.00961,54.03702,55.97321,56.56854,60.959,64.40497,62.20129,64.3506,65.0,65.74192,72.09022,67.23095,71.7844,65.52099,68.68042,74.95332,71.38627,76.53104,72.24957,74.33034,70.06426,75.00667,69.0,75.00667,67.00746,74.10803,68.06614,66.0303,70.02857,66.27217,65.03076,66.0303,63.03174,63.00794,65.00769,58.00862,64.0,63.00794,67.00746,61.13101,64.49806,63.63961,65.37584,64.38167,68.73136,70.71068,74.43118,69.46222,71.84706,76.32169,73.06162
11.18034,9.84886,10.29563,9.84886,8.94427,8.06226,8.06226,6.7082,6.7082,6.7082,6.7082,5.83095,5.38516,5.38516,4.12311,4.12311,4.12311,4.0,3.0,3.0,3.0,3.16228,3.16228,2.82843,3.16228,2.82843,3.60555,4.24264,3.60555,3.60555,3.60555,3.60555,3.60555,3.60555,4.47214,4.47214,5.0,5.0,3.60555,5.0,5.0,4.47214,5.0,5.0,5.0,4.24264,4.24264,5.0,5.0,4.47214,4.47214,4.47214,75.23962,72.44998,70.68239,67.60178,63.63175,61.29437,59.94164,55.75841,53.85165,50.77401,53.0,45.65085,42.43819,42.72002,38.28838,36.71512,35.34119,32.75668,27.73085,26.83282,25.29822,20.61553,19.64688,19.23538,19.23538,18.0,16.03122,19.10497,16.64332,19.31321,18.78829,17.0,22.02272,21.63331,21.2132,21.40093,24.41311,24.75884,23.43075,22.62742,22.2036,28.01785,21.26029,24.75884,23.02173,24.41311,26.92582,28.01785,26.40076,26.0,27.73085,27.45906,29.15476,25.94224,25.4951,23.19483,25.07987,40.8534,44.94441,46.04346,48.10405,49.0408,52.00961,52.15362,55.47071,56.36488,58.30952,61.03278,59.66574,65.52099,66.70832,64.93843,66.0303,70.17834,71.17584,69.06519,72.24957,74.96666,73.68175,73.75636,73.24616,74.04053,74.63243,71.7844,71.69379,73.00685,70.38466,67.23095,70.77429,68.8767,68.942,69.77822,69.31811,64.88451,62.76942,65.79514,65.19202,64.62198,63.56886,64.51356,66.7308,61.98387,64.53681,64.84597,62.0967,68.41053,68.44706,69.12308,70.83078,72.8011,72.8011,72.53275,77.20104,76.55064
11.40175,11.40175,10.44031,9.48683,9.48683,8.544,8.544,8.544,7.61577,7.61577,6.32456,6.32456,6.32456,5.38516,5.38516,5.09902,4.12311,4.12311,3.0,3.0,3.0,3.16228,3.16228,2.23607,2.23607,2.82843,2.82843,2.23607,3.16228,3.60555,3.16228,3.60555,3.60555,3.16228,3.60555,3.60555,3.60555,4.47214,3.60555,4.47214,4.47214,3.60555,4.47214,3.60555,3.60555,4.24264,4.24264,4.24264,4.24264,4.24264,4.47214,4.47214,69.26038,69.92138,69.28925,67.6757,61.68468,62.39391,57.77543,57.93962,52.55473,53.7122,45.88028,45.69464,41.62932,38.48376,37.0,37.33631,35.4683,33.52611,29.42788,25.4951,25.07987,22.2036,21.09502,21.0238,19.41649,16.76305,18.02776,16.55295,16.15549,18.02776,17.20465,17.80449,19.20937,18.60108,18.60108,21.63331,22.36068,24.59675,23.85372,23.85372,25.05993,26.92582,25.55386,21.0238,26.92582,26.62705,25.05993,25.4951,26.62705,29.68164,26.07681,27.65863,23.43075,27.01851,27.65863,26.62705,27.45906,41.86884,46.66905,47.80167,46.87217,47.88528,52.39275,54.08327,55.02727,56.04463,58.85576,61.29437,62.1289,64.03124,65.06919,67.00746,67.18631,72.83543,68.593,71.80529,73.5459,71.30919,72.8011,73.05477,72.23573,75.39231,74.32362,74.32362,78.26238,69.77822,72.91776,70.66116,74.24284,73.34848,72.91776,68.0,66.64083,66.18912,67.1193,65.76473,64.2573,65.19202,64.51356,64.51356,63.89053,64.51356,61.98387,65.0,68.15424,66.91039,66.4906,66.70832,70.21396,76.29548,71.58911,74.73286,75.50497,75.18643
12.52996,11.6619,11.18034,10.29563,9.84886,9.84886,8.94427,8.94427,8.544,7.61577,7.61577,6.7082,6.7082,5.38516,5.38516,5.0,5.0,5.0,3.60555,3.60555,2.82843,2.82843,3.60555,2.23607,3.16228,3.16228,3.0,3.0,3.0,3.0,3.16228,3.0,3.16228,4.12311,3.16228,4.12311,4.12311,4.12311,4.12311,4.12311,4.12311,4.12311,4.12311,4.12311,4.0,4.0,4.0,5.0,5.0,5.09902,5.09902,4.47214,73.78347,71.69379,70.49113,67.53518,67.53518,63.50591,59.03389,60.37384,55.54278,51.89412,52.3259,47.01064,44.94441,43.38202,40.70626,34.43835,34.43835,30.52868,30.23243,24.18677,26.90725,21.93171,22.62742,21.93171,19.10497,18.86796,15.81139,18.78829,15.81139,18.11077,17.02939,18.0,19.10497,18.02776,17.72005,20.61553,23.5372,23.5372,21.84033,23.4094,24.04163,21.54066,26.24881,23.76973,24.73863,29.12044,25.0,26.68333,28.63564,28.16026,25.96151,31.257,26.07681,29.06888,27.16616,29.42788,29.73214,41.10961,43.73786,48.50773,48.0,52.15362,54.45181,51.1957,53.75872,54.08327,58.69412,59.5063,60.41523,64.14047,66.88797,66.61081,68.88396,70.17834,68.62215,72.12489,73.40981,72.62231,76.40026,73.81734,74.88658,75.80237,74.09453,72.94518,72.94518,69.83552,73.92564,71.69379,75.13322,68.0,68.88396,71.11259,68.42514,66.37017,65.8635,65.36819,65.19202,64.00781,63.24555,63.28507,64.89992,63.00794,69.40461,65.21503,65.29931,70.43437,70.29225,68.0147,73.59348,70.0928,73.66139,71.8401,76.2168,77.42093
12.20656,12.20656,10.81665,10.81665,10.81665,9.43398,9.43398,8.60233,8.60233,8.06226,7.2111,7.2111,6.40312,6.40312,5.65685,5.65685,4.24264,5.0,5.0,3.60555,4.47214,4.47214,3.16228,3.16228,3.16228,4.12311,4.0,4.0,4.12311,4.12311,4.12311,4.12311,4.12311,4.12311,4.12311,4.12311,4.12311,4.12311,5.09902,5.09902,5.09902,5.09902,5.09902,5.09902,5.09902,5.09902,5.09902,6.08276,5.0,5.0,5.09902,5.09902,71.28113,74.43118,69.63476,68.09552,68.60029,63.63175,60.90156,53.66563,57.3062,49.73932,48.75449,45.17743,44.28318,38.91015,39.66106,36.35932,35.51056,30.52868,29.20616,31.241,23.34524,24.08319,19.84943,20.80865,18.43909,16.49242,17.46425,18.68154,17.46425,17.0,19.0,21.0,21.37756,20.39608,20.22375,20.88061,22.13594,23.76973,26.4764,20.61553,24.16609,24.35159,25.29822,23.76973,25.0,25.07987,24.73863,30.08322,25.0,26.24881,26.4764,27.07397,28.63564,29.01724,29.01724,30.26549,27.45906,43.01163,42.57934,44.40721,51.0098,53.08484,47.38143,48.76474,52.88667,55.36244,60.74537,59.09315,60.37384,61.29437,65.19202,65.21503,68.41053,68.24954,70.03571,70.76722,71.44928,71.70077,74.65253,74.20243,73.00685,72.40166,73.78347,70.3278,72.94518,71.69379,66.7308,73.3553,68.26419,68.96376,68.09552,67.60178,71.34424,65.76473,65.8635,64.49806,65.51336,61.29437,66.85058,61.40033,68.60029,62.42596,58.72819,67.35726,65.19202,67.17887,67.20863,67.26812,70.0928,72.91776,72.86288,76.48529,75.0733,74.51845
13.0384,11.6619,11.6619,11.40175,10.81665,10.0,10.0,8.60233,8.60233,8.60233,8.60233,7.2111,7.2111,6.7082,5.83095,5.83095,5.38516,5.38516,4.47214,4.12311,4.12311,4.12311,4.0,4.0,4.0,3.16228,3.16228,4.12311,4.47214,3.60555,4.47214,4.47214,4.47214,4.47214,4.47214,5.0,5.0,4.47214,5.0,4.47214,5.0,5.0,5.0,4.47214,5.38516,5.38516,5.38516,5.38516,5.09902,5.09902,6.08276,6.0,73.82412,71.69379,71.11962,66.88797,66.03787,66.28725,60.20797,57.80138,52.20153,52.43091,51.61395,48.82622,45.22168,40.22437,37.44329,35.35534,37.20215,29.15476,27.78489,25.4951,22.84732,23.32381,24.04163,18.02776,18.11077,19.0263,15.29706,19.64688,17.46425,17.08801,18.38478,19.84943,19.84943,20.80865,21.63331,21.63331,21.26029,20.51828,24.04163,21.93171,22.62742,20.80865,25.45584,27.01851,27.01851,24.75884,26.40076,28.3196,27.65863,26.24881,28.42534,27.01851,27.78489,29.06888,27.73085,31.01612,26.92582,41.86884,43.13931,46.40043,48.8774,49.64877,49.39636,51.24451,53.14132,55.10898,55.57877,56.4358,59.07622,62.1289,65.0,65.37584,65.76473,67.26812,68.65858,71.80529,69.57011,68.62215,71.69379,71.69379,72.49828,71.58911,71.11962,69.83552,74.30343,71.69379,71.34424,68.26419,71.19691,71.02112,70.49113,68.26419,67.41662,62.76942,65.0,63.06346,65.36819,65.29931,64.41273,64.49806,61.26989,64.88451,63.95311,64.07808,64.19502,66.85058,65.14599,66.09841,71.47027,75.61085,71.86793,72.42237,71.51224,73.68175
12.36932,12.36932,11.40175,11.18034,11.18034,10.19804,9.21954,9.21954,9.21954,8.24621,7.28011,7.28011,6.32456,6.32456,5.38516,5.38516,5.38516,4.47214,4.47214,4.47214,4.24264,4.24264,4.24264,3.60555,3.60555,3.60555,4.12311,4.12311,4.12311,4.12311,4.12311,5.09902,5.09902,5.09902,4.12311,5.09902,5.09902,5.09902,5.09902,5.09902,5.09902,5.09902,5.09902,5.09902,5.09902,5.09902,5.38516,5.38516,5.38516,5.83095,5.83095,5.65685,72.99315,69.87131,71.19691,65.62012,66.61081,63.28507,60.53098,57.03508,50.35871,52.03845,49.09175,48.09366,43.04649,42.0,37.05401,37.21559,38.11824,32.38827,30.41381,26.92582,27.20294,27.51363,21.18962,20.59126,18.60108,17.80449,16.27882,21.63331,19.41649,18.60108,18.78829,18.35756,19.31321,19.10497,21.2132,21.37756,22.02272,24.33105,25.31798,24.33105,23.19483,25.31798,23.34524,25.01999,24.5153,26.4764,28.4605,28.63564,27.65863,28.44293,26.92582,27.20294,26.92582,26.83282,29.54657,27.80288,24.41311,41.01219,43.73786,47.29693,47.53946,47.01064,50.24938,51.61395,54.81788,55.31727,53.74012,58.0517,58.79626,62.28965,61.85467,65.19202,65.8635,69.31811,67.08204,68.54196,71.16881,68.70953,73.00685,74.73286,69.12308,68.65858,69.42622,72.69113,73.68175,70.45566,67.60178,67.36468,70.45566,67.18631,67.36468,70.25667,68.35934,66.61081,66.48308,63.3877,63.15061,65.76473,64.13267,60.01666,68.24954,60.63827,66.48308,62.58594,68.00735,65.45991,66.76077,67.06713,69.64194,72.73239,71.7844,74.33034,75.28612,75.28612
12.52996,12.52996,12.52996,11.18034,11.18034,10.29563,9.84886,8.94427,8.94427,8.06226,8.06226,7.2111,7.2111,7.2111,5.83095,6.40312,5.65685,5.0,4.24264,4.24264,5.0,3.60555,4.47214,4.12311,4.12311,4.12311,4.12311,4.0,4.0,5.0,4.0,4.0,5.0,5.0,5.0,4.12311,5.09902,5.09902,5.09902,5.09902,5.09902,5.09902,5.0,5.0,5.0,6.0,6.0,5.0,6.08276,5.09902,5.09902,5.38516,74.88658,73.23933,69.33974,67.23095,66.57327,65.8635,62.43397,61.29437,55.56978,51.88449,50.53712,48.76474,45.18849,41.59327,36.67424,34.88553,34.1321,30.01666,30.80584,30.0,31.1127,26.1725,24.04163,22.62742,21.63331,18.78829,19.92486,17.72005,19.10497,17.11724,23.02173,19.23538,21.58703,22.02272,21.84033,22.36068,24.69818,22.47221,24.73863,24.04163,28.16026,22.13594,24.04163,26.92582,27.89265,26.92582,27.51363,26.0,27.89265,24.5153,27.45906,28.63564,27.01851,29.06888,28.01785,26.92582,26.30589,43.46263,44.72136,47.38143,48.09366,50.08992,50.63596,54.57105,52.88667,54.57105,53.14132,57.27128,59.09315,62.17717,66.88797,66.28725,69.81404,72.34639,68.11755,70.93659,70.00714,71.50524,71.70077,73.0,72.67049,69.89278,74.63243,73.57309,73.60027,68.7968,71.86793,67.1193,72.20111,68.96376,68.50547,69.64194,66.88797,70.17834,65.73431,62.43397,64.89992,66.85058,64.2028,66.0303,65.43699,66.21933,61.84658,68.11755,65.11528,69.42622,65.76473,67.20863,72.91776,77.10383,74.24958,75.69016,79.39773,79.39773
11.18034,10.29563,10.29563,8.94427,8.94427,7.61577,7.61577,7.61577,6.7082,6.7082,6.7082,5.38516,5.83095,4.47214,4.47214,3.60555,3.60555,3.60555,2.82843,2.82843,2.23607,2.23607,2.23607,3.0,3.0,3.0,3.0,3.16228,3.16228,3.16228,3.16228,3.16228,3.16228,3.16228,3.16228,3.16228,3.16228,4.12311,4.12311,4.12311,4.12311,4.12311,4.12311,4.12311,4.12311,4.12311,4.0,4.0,4.0,4.0,4.12311,4.12311,72.11103,72.94518,71.86793,69.77105,63.97656,59.48109,59.03389,58.13777,51.47815,53.85165,50.69517,44.38468,44.94441,42.54409,38.91015,34.88553,30.8707,34.1321,29.15476,27.45906,25.0,23.02173,21.2132,20.51828,17.20465,18.35756,13.41641,21.58703,16.55295,15.23155,17.11724,18.11077,21.0238,21.0,23.19483,20.09975,21.2132,24.08319,25.17936,23.5372,22.36068,23.5372,26.07681,26.4764,23.5372,22.36068,26.30589,27.16616,27.07397,26.01922,27.01851,25.01999,26.07681,30.14963,26.68333,28.4605,29.06888,38.94868,44.59821,44.38468,48.05206,49.36598,50.08992,55.22681,52.46904,54.12947,55.9017,61.35145,59.46427,62.76942,64.84597,66.24198,64.49806,71.84706,66.61081,68.0147,71.58911,70.76722,73.5527,73.59348,71.58911,72.00694,73.87828,72.00694,72.67049,72.00694,72.11103,68.24222,70.17834,71.56116,68.96376,69.11584,70.49113,65.19202,65.45991,66.28725,63.41136,63.00794,66.21933,64.03124,66.4003,62.62587,62.28965,63.41136,66.06815,69.42622,67.35726,68.593,70.71068,71.58911,71.06335,73.53911,76.6942,76.6094
11.18034,11.18034,10.19804,10.44031,9.21954,9.21954,8.24621,8.24621,7.28011,7.07107,6.08276,6.08276,6.08276,5.0,5.0,4.0,4.0,4.12311,3.16228,3.16228,3.16228,3.60555,3.60555,2.82843,3.60555,3.60555,3.60555,3.60555,3.60555,3.60555,4.47214,4.47214,4.47214,4.47214,4.47214,4.47214,5.38516,4.47214,4.47214,5.38516,4.47214,5.38516,4.47214,4.47214,5.0,5.0,5.0,5.0,5.0,5.0,5.0,4.47214,70.77429,68.35203,70.68239,67.97794,63.50591,60.37384,58.30952,56.4358,55.07268,49.64877,48.8774,44.72136,41.18252,40.81666,36.67424,36.23534,32.69557,32.20248,28.79236,25.29822,26.92582,20.39608,22.36068,21.09502,14.03567,18.43909,18.68154,19.23538,16.64332,18.78829,18.60108,20.0,17.69181,21.93171,19.84943,21.26029,22.67157,24.75884,22.80351,23.85372,22.67157,25.6125,26.24881,25.80698,26.1725,26.24881,27.65863,24.04163,27.65863,28.6007,29.06888,25.4951,27.80288,28.6531,26.92582,27.85678,27.89265,38.01316,42.2019,43.27817,47.38143,47.80167,50.24938,49.64877,51.89412,50.69517,53.14132,57.56735,59.43904,64.7611,63.63961,64.77654,63.12686,69.00725,67.00746,67.06713,70.71068,71.02112,71.30919,68.44706,72.78049,70.60453,72.27724,69.89278,72.12489,69.64194,70.93659,67.77905,68.44706,68.54196,68.70953,70.77429,65.39113,67.41662,62.03225,65.19202,64.84597,65.52099,62.03225,62.93648,66.48308,63.60031,59.20304,65.96969,64.53681,67.26812,67.26812,67.26812,74.52516,71.38627,74.1485,76.90254,80.28076,77.62087
13.0384,11.6619,12.20656,11.6619,10.81665,10.29563,10.29563,8.94427,8.94427,8.06226,8.06226,7.2111,7.2111,6.40312,5.83095,5.0,5.65685,4.24264,4.24264,3.60555,4.47214,4.47214,3.60555,4.47214,4.12311,4.12311,4.12311,4.0,4.0,4.0,4.0,5.0,5.0,5.0,5.0,5.0,5.0,5.0,5.0,5.0,5.0,5.0,6.0,5.0,6.0,5.09902,6.08276,6.08276,6.32456,5.38516,5.38516,5.83095,73.81734,71.56116,68.7968,67.6757,66.03787,61.58734,67.23095,58.18075,53.23533,51.47815,49.64877,49.92995,44.77723,40.24922,37.73592,35.8469,35.35534,28.42534,25.23886,26.40076,21.93171,26.87006,19.79899,21.93171,17.20465,18.35756,22.47221,19.23538,17.46425,17.46425,21.0238,22.02272,19.0263,19.10497,25.70992,23.34524,24.35159,24.5153,26.92582,24.73863,27.65863,24.73863,25.4951,26.92582,26.24881,28.16026,28.44293,27.16616,26.01922,29.27456,30.06659,27.01851,29.06888,31.06445,27.45906,27.20294,27.85678,41.88078,42.48529,46.23851,48.08326,48.83646,52.15362,47.04253,55.03635,57.03508,57.31492,61.18823,58.94065,64.03124,63.56886,62.96825,67.1193,68.88396,68.09552,67.60178,72.20111,72.11103,72.34639,72.34639,72.91776,73.5527,72.18033,70.76722,70.0928,70.83784,69.52697,71.58911,69.42622,72.8011,70.0,68.60029,67.00746,68.76772,66.6033,63.41136,65.29931,63.78087,67.89698,62.96825,65.79514,63.63961,67.89698,65.06919,65.29931,66.48308,70.03571,70.03571,72.91776,72.91776,75.69016,74.24958,74.33034,72.86288
11.31371,10.63015,9.89949,9.89949,9.21954,8.48528,7.81025,7.07107,6.40312,6.40312,6.40312,5.65685,5.65685,5.0,4.24264,3.60555,3.60555,3.60555,3.16228,3.16228,3.16228,3.0,2.0,3.0,3.16228,2.23607,3.60555,3.60555,3.60555,3.60555,3.60555,4.47214,4.24264,3.60555,4.24264,4.24264,4.24264,4.47214,4.47214,5.0,4.24264,5.0,4.47214,4.47214,5.0,4.47214,4.47214,4.47214,4.12311,4.12311,4.12311,4.0,75.0733,68.0147,71.44928,64.81512,60.30755,59.20304,58.25805,59.66574,51.40039,52.43091,46.61545,43.41659,43.82921,39.40812,40.80441,36.12478,34.05877,28.3196,27.58623,23.34524,24.75884,25.0,21.47091,17.88854,16.55295,17.08801,16.27882,18.0,16.49242,18.11077,17.11724,21.18962,21.54066,21.0238,21.18962,23.25941,23.76973,25.0,24.69818,20.59126,23.70654,24.59675,23.70654,26.92582,25.4951,27.313,25.4951,27.313,28.23119,28.63564,27.89265,27.51363,29.42788,26.92582,28.16026,28.01785,24.18677,39.44617,41.23106,43.01163,47.07441,47.26521,51.08816,51.08816,53.23533,53.46027,54.74486,60.16644,58.24088,61.40033,61.09828,64.07808,67.08204,69.77105,68.7968,67.6757,66.8431,69.2026,69.52697,69.6563,71.42129,70.00714,75.66373,65.8559,71.58911,70.93659,70.43437,68.11755,68.0147,67.47592,68.11755,68.11755,67.47592,66.70832,66.52819,64.38167,62.28965,65.79514,67.17887,65.79514,65.76473,63.78087,64.81512,65.8559,65.43699,66.70832,69.81404,70.43437,71.61006,73.66139,70.93659,76.2168,76.83749,73.66139
12.20656,11.6619,10.81665,10.81665,10.0,10.0,8.60233,8.60233,8.60233,7.2111,7.2111,6.40312,6.40312,5.0,5.0,4.47214,4.47214,4.47214,4.12311,3.16228,3.16228,3.0,3.0,3.0,2.23607,3.16228,2.23607,3.60555,3.60555,3.60555,3.60555,3.60555,3.60555,3.60555,3.60555,3.60555,3.60555,4.24264,5.0,4.24264,3.60555,3.60555,4.47214,4.47214,4.47214,4.47214,4.47214,4.47214,4.12311,5.09902,5.0,4.0,73.92564,75.15318,68.942,65.30697,68.42514,58.66856,62.26556,57.3062,51.47815,51.10773,48.54894,42.54409,42.05948,41.67733,39.11521,35.34119,37.12142,26.83282,25.29822,27.85678,24.04163,25.29822,18.11077,19.10497,19.0263,16.03122,16.49242,18.38478,15.81139,17.0,16.27882,18.43909,20.0,20.51828,22.62742,21.40093,21.93171,23.32381,21.93171,21.40093,25.6125,23.34524,24.83948,25.4951,25.0,26.24881,24.75884,26.24881,28.3196,26.1725,26.62705,27.80288,30.0,28.30194,29.06888,29.15476,22.80351,43.01163,42.44997,45.96738,47.20169,49.09175,46.09772,51.07837,52.39275,53.75872,57.97413,59.66574,60.67125,62.28965,63.1981,64.00781,66.06815,66.1211,68.593,69.35416,72.56721,71.06335,71.56815,74.46476,70.88018,71.16881,74.94665,72.23573,70.77429,70.38466,67.77905,73.34848,69.35416,69.77105,68.15424,69.46222,65.79514,67.23095,64.07808,66.70832,65.79514,64.4748,64.62198,61.35145,69.57011,67.05222,62.64184,66.09841,65.73431,70.34202,68.41053,69.37579,74.33034,72.56721,74.46476,76.53757,76.844,77.62087
11.31371,10.63015,10.63015,10.63015,9.21954,9.21954,8.48528,7.81025,7.07107,7.07107,7.07107,6.40312,5.65685,5.0,5.0,5.0,4.47214,4.47214,4.12311,4.12311,3.16228,3.16228,4.0,4.0,4.12311,4.12311,4.12311,4.12311,4.12311,4.47214,4.47214,4.47214,4.47214,4.47214,4.47214,5.38516,5.38516,5.38516,5.38516,5.38516,5.38516,5.38516,5.38516,5.38516,5.38516,5.38516,5.09902,5.09902,6.08276,5.0,5.0,5.0,75.74299,74.65253,70.29225,65.94695,65.80274,61.03278,60.46487,61.29437,52.47857,53.25411,48.82622,45.22168,41.88078,39.66106,38.41875,33.01515,32.75668,32.55764,30.4795,26.24881,26.87006,25.0,23.85372,19.41649,21.54066,17.11724,19.64688,19.41649,19.0263,19.41649,19.64688,21.37756,21.54066,20.12461,24.04163,22.13594,24.35159,22.56103,29.15476,27.85678,24.73863,22.84732,27.89265,28.16026,29.15476,28.16026,26.68333,25.63201,28.16026,27.85678,30.41381,28.01785,29.15476,27.01851,29.15476,27.45906,27.89265,40.36087,44.41846,46.06517,49.0408,49.0408,51.35173,52.46904,50.01,56.00893,54.14795,60.53098,59.03389,59.90826,62.36185,64.84597,63.69458,68.15424,64.00781,68.42514,72.40166,72.67049,69.63476,73.60027,67.62396,70.60453,70.83784,69.29646,70.76722,69.31089,72.13876,69.35416,66.46804,70.0928,67.20863,70.72482,69.42622,65.06919,67.89698,65.79514,61.52235,66.46804,63.03174,66.48308,64.44377,65.19202,66.6033,65.8559,65.21503,69.63476,66.4003,73.23933,70.0,76.844,73.40981,76.6942,79.39773,77.15569
12.08305,11.18034,10.77033,9.84886,9.43398,9.43398,8.06226,8.06226,8.06226,6.7082,6.7082,6.7082,5.83095,5.38516,4.47214,4.47214,4.12311,3.16228,3.0,3.0,3.0,3.16228,3.0,3.16228,2.23607,3.16228,2.82843,2.82843,3.60555,3.60555,3.60555,3.60555,3.60555,3.60555,3.60555,3.60555,3.60555,3.60555,4.24264,4.24264,4.24264,4.24264,4.24264,4.24264,4.24264,4.24264,4.24264,4.47214,4.47214,4.47214,4.12311,4.12311,69.35416,73.53911,69.77822,68.02941,66.70832,65.74192,61.26989,61.7171,53.7122,52.3259,48.30114,42.54409,45.79301,41.18252,37.73592,33.12099,34.88553,27.73085,29.83287,26.24881,28.16026,22.36068,23.08679,19.0,13.0384,17.11724,16.49242,18.35756,15.26434,20.51828,20.80865,19.84943,19.84943,20.51828,23.02173,22.67157,23.34524,25.0,21.9545,24.20744,26.1725,27.20294,25.45584,27.80288,25.80698,25.94224,25.23886,28.42534,28.6007,30.41381,26.24881,28.3196,27.65863,27.80288,27.78489,28.63564,31.32092,41.40048,45.96738,45.45327,48.01042,49.09175,52.7731,55.03635,56.30275,53.16014,58.94065,58.85576,60.40695,63.1981,64.07027,64.00781,68.02941,70.02857,69.87131,69.58448,71.58911,72.53275,75.0,69.37579,73.05477,74.67262,77.83315,75.96052,77.07788,73.73602,75.23962,69.857,70.77429,72.61543,73.40981,67.54258,74.73286,69.77822,67.77905,68.54196,68.35203,68.70953,68.94926,67.6757,67.44627,67.05222,69.42622,68.68042,74.04053,71.30919,68.65858,70.83078,74.95332,75.9276,76.92204,79.30952,79.55501,75.96052
11.18034,11.18034,10.19804,10.19804,9.21954,9.21954,8.06226,8.06226,7.07107,7.07107,6.08276,6.0,5.0,5.0,5.0,4.12311,4.12311,3.16228,3.16228,3.16228,3.60555,3.60555,2.82843,2.82843,3.60555,3.60555,4.47214,3.60555,4.47214,4.47214,4.47214,4.12311,4.47214,4.47214,5.38516,5.38516,5.38516,4.47214,4.47214,5.38516,5.38516,5.38516,5.38516,5.38516,5.38516,5.83095,5.83095,5.0,5.0,5.0,5.0,5.0,72.8011,70.5195,70.5762,68.00735,69.35416,61.26989,63.56099,57.70615,54.626,50.53712,46.09772,44.29447,43.38202,43.04649,36.24914,38.27532,30.46309,29.83287,31.62278,25.70992,23.19483,21.58703,22.09072,21.09502,20.02498,18.97367,15.23155,19.41649,19.72308,17.49286,19.41649,19.10497,21.26029,26.24881,23.43075,24.04163,29.0,27.65863,24.08319,25.4951,28.6007,25.6125,25.4951,27.58623,26.1725,28.3196,27.58623,31.14482,26.90725,29.06888,24.83948,28.01785,27.45906,32.64966,25.4951,26.92582,25.0,41.14608,37.21559,42.2019,45.34314,50.24938,47.63402,53.25411,51.97115,52.7731,58.30952,56.46238,57.87055,61.40033,65.0,61.98387,65.62012,66.37017,67.1193,67.02984,70.06426,71.17584,72.56032,74.54529,73.82412,72.27724,73.00685,73.00685,69.857,76.53757,68.96376,73.37575,68.30813,69.89278,69.28925,70.83784,65.14599,70.60453,63.60031,66.09841,67.91171,66.21933,65.73431,65.96969,71.80529,63.15061,67.44627,69.63476,65.9242,71.19691,76.41989,74.33034,71.84706,73.5527,73.82412,79.76215,74.72617,79.55501
11.7047,11.7047,10.44031,10.77033,9.84886,8.94427,8.544,7.61577,7.61577,7.61577,6.7082,6.7082,5.38516,5.38516,5.38516,4.12311,4.12311,4.12311,3.0,3.0,3.0,3.0,3.16228,3.16228,2.23607,2.23607,3.60555,2.82843,3.60555,3.60555,4.24264,4.24264,3.60555,3.60555,4.24264,3.60555,4.24264,4.24264,4.24264,4.24264,4.24264,4.24264,4.24264,4.24264,4.24264,4.24264,3.60555,4.47214,4.47214,4.12311,4.12311,4.0,73.76313,72.8011,70.60453,63.90618,65.25335,65.19202,61.68468,58.5235,52.0,50.69517,48.33218,46.61545,45.88028,37.94733,38.48376,34.20526,32.28002,27.89265,27.65863,25.07987,26.01922,22.02272,22.09072,16.12452,18.02776,18.78829,15.65248,20.24846,18.35756,20.24846,17.02939,19.84943,19.84943,21.40093,21.63331,20.80865,25.55386,23.60085,25.05993,24.08319,24.59675,26.40076,25.23886,25.05993,25.23886,28.6007,25.0,25.05993,26.62705,24.83948,27.58623,26.90725,27.58623,24.83948,26.40076,27.80288,27.51363,39.39543,43.909,41.86884,43.84062,44.68781,47.80167,49.39636,54.58938,51.42956,53.7122,57.58472,56.921,59.77458,63.56099,66.4906,63.63961,71.44928,67.1193,73.33485,69.06519,68.46897,72.1734,72.44308,70.5762,74.1485,72.18033,72.36712,73.75636,73.00685,73.08215,65.96969,71.06335,68.41053,70.34202,70.88018,69.64194,68.15424,67.44627,67.91171,68.65858,67.91171,65.11528,67.26812,66.91039,67.47592,63.3877,61.40033,67.1193,70.25667,70.25667,72.24957,73.10951,79.22752,72.33948,74.33034,77.64664,77.41447
11.18034,10.19804,10.04988,9.05539,9.05539,8.06226,8.06226,8.06226,7.07107,7.07107,6.08276,6.08276,5.09902,5.09902,4.12311,4.47214,3.60555,3.60555,3.60555,3.60555,2.82843,3.60555,3.60555,3.16228,3.16228,4.12311,4.12311,4.12311,4.12311,4.12311,4.12311,4.12311,4.0,4.12311,5.09902,5.09902,5.09902,5.0,5.09902,5.0,5.09902,5.09902,5.09902,5.09902,5.09902,5.09902,5.38516,5.38516,5.38516,4.47214,5.0,5.0,74.33034,72.00694,69.02898,69.02898,66.00758,63.03174,59.07622,59.68249,52.03845,48.09366,49.49747,43.10452,43.28972,37.0,36.34556,33.01515,33.06055,30.06659,26.01922,23.08679,24.5153,21.84033,21.54066,19.92486,19.20937,18.78829,20.51828,18.60108,19.84943,16.55295,19.72308,19.41649,20.80865,26.62705,23.70654,26.0,20.12461,25.55386,23.4094,25.94224,24.59675,25.4951,23.70654,26.40076,31.01612,25.94224,27.313,29.52965,29.41088,29.06888,26.07681,28.30194,27.20294,26.90725,27.58623,27.20294,29.41088,38.0526,41.04875,43.18565,46.69047,45.60702,46.23851,52.3259,50.24938,56.22277,52.43091,54.20332,58.72819,61.52235,64.44377,64.66065,64.07027,65.51336,65.73431,66.7308,69.28925,67.77905,74.0,69.28925,69.92138,69.37579,72.53275,72.78049,70.61161,64.32729,72.00694,64.49806,67.89698,68.26419,67.26812,68.88396,70.11419,64.77654,60.20797,65.27634,66.75328,69.05071,65.11528,64.93843,65.0,64.53681,59.5399,67.26812,69.12308,70.21396,70.0928,68.41053,72.53275,77.62087,74.2159,77.46612,79.83107,77.27872
11.18034,10.77033,9.84886,9.84886,8.544,8.544,7.28011,7.28011,6.32456,6.32456,6.32456,5.38516,5.38516,4.47214,4.47214,3.60555,3.60555,3.60555,2.82843,2.82843,2.82843,2.23607,2.23607,3.16228,3.16228,3.0,3.0,3.0,3.0,3.0,3.0,4.0,3.0,4.0,4.0,4.0,4.0,4.0,4.0,4.0,4.0,4.0,4.0,4.0,4.0,4.12311,4.12311,4.12311,4.47214,3.60555,3.60555,3.60555,72.56032,74.30343,69.46222,70.21396,67.08204,59.9333,62.17717,55.03635,51.47815,49.65884,46.23851,47.43416,43.65776,39.56008,37.57659,33.54102,31.32092,29.96665,25.4951,25.55386,22.80351,25.4951,22.62742,20.80865,17.20465,17.0,17.49286,19.31321,18.43909,18.43909,23.34524,22.09072,23.34524,20.02498,21.0238,21.0238,24.0,25.01999,23.19483,25.17936,27.01851,26.0,23.19483,26.01922,27.01851,22.02272,25.07987,29.01724,23.34524,24.18677,26.4764,28.86174,25.96151,25.29822,26.40076,29.06888,27.45906,37.80212,38.07887,41.62932,45.88028,48.08326,48.6621,46.04346,50.03998,55.22681,51.15662,60.67125,60.63827,57.97413,61.98387,67.35726,64.07808,67.23095,66.7308,66.88797,67.6757,68.88396,76.2168,73.75636,69.42622,74.96666,70.76722,72.12489,72.86288,68.0147,70.17834,71.70077,67.00746,70.0,69.2026,68.24222,71.02816,63.24555,62.482,69.2026,64.2028,68.88396,66.06815,66.8431,66.52819,64.81512,67.17887,67.17887,69.31089,70.03571,70.03571,71.42129,72.83543,70.76722,70.83784,78.49204,76.57676,79.51101
12.04159,11.40175,10.0,10.0,9.21954,9.21954,9.21954,7.81025,7.81025,6.40312,6.40312,6.40312,5.65685,5.65685,5.0,5.0,5.0,4.47214,4.47214,4.12311,4.12311,4.0,4.0,4.0,4.0,4.0,4.12311,4.12311,4.12311,4.12311,4.12311,4.47214,4.47214,4.47214,5.09902,5.09902,5.09902,5.38516,5.38516,5.38516,5.09902,5.09902,5.38516,5.09902,5.09902,5.09902,5.09902,5.09902,5.09902,5.0,5.0,5.09902,72.20111,69.06519,71.56116,67.95587,67.41662,64.14047,60.90156,59.94164,52.3259,52.83938,45.27693,47.01064,42.19005,37.58989,38.47077,32.75668,36.23534,30.61046,27.01851,26.1725,24.83948,21.93171,22.80351,19.41649,18.86796,22.36068,23.25941,19.92486,20.88061,21.37756,23.19483,25.01999,22.02272,23.34524,22.80351,21.2132,23.08679,25.70992,22.02272,24.18677,25.07987,23.08679,25.17936,28.07134,27.16616,26.1725,28.16026,28.07134,28.16026,27.07397,29.0,27.07397,30.14963,26.07681,27.89265,27.20294,26.0,37.21559,38.48376,39.56008,45.35416,45.39824,48.16638,48.01042,49.0102,52.23983,50.63596,54.81788,54.40588,59.77458,61.09828,64.4748,63.97656,68.88396,67.74216,65.19202,70.21396,71.40028,70.21396,70.03571,73.5527,69.42622,70.00714,66.8431,71.58911,68.11755,68.60029,67.62396,69.02898,70.60453,66.21933,68.24954,65.80274,65.0,63.24555,65.60488,66.21933,66.06815,62.28965,66.6033,63.65532,64.44377,65.11528,66.6033,65.79514,68.0147,68.68042,70.03571,73.59348,75.66373,76.38063,78.49204,79.24645,78.64477
11.40175,10.44031,10.44031,9.48683,9.48683,8.24621,7.28011,7.28011,6.32456,6.32456,6.32456,5.09902,5.09902,5.09902,5.09902,4.0,4.0,3.0,3.0,3.16228,3.16228,3.16228,3.60555,3.60555,2.82843,4.24264,3.60555,3.60555,3.60555,4.47214,3.60555,3.60555,3.60555,3.60555,4.47214,4.47214,4.47214,3.60555,4.47214,4.47214,4.47214,4.47214,4.47214,5.0,5.0,5.0,5.0,5.0,4.24264,5.0,5.0,4.47214,73.37575,69.26038,73.05477,70.88018,66.40783,65.9242,58.87274,57.77543,54.12947,50.08992,52.20153,44.28318,43.46263,39.0,37.16181,35.4683,32.69557,26.57066,30.36445,23.76973,25.31798,24.02082,20.0,21.09502,20.39608,18.38478,21.18962,18.78829,19.23538,22.36068,19.84943,19.10497,21.40093,19.20937,23.34524,21.40093,25.6125,26.24881,24.75884,23.43075,24.20744,22.67157,26.24881,28.42534,22.02272,26.62705,24.20744,29.41088,23.43075,29.06888,25.4951,27.65863,25.4951,26.1725,25.0,25.07987,27.313,39.11521,39.82462,33.30165,46.69047,43.41659,39.39543,45.61798,53.85165,46.32494,50.44799,54.40588,53.45091,69.58448,64.28063,68.46897,71.34424,68.02941,66.00758,75.23962,68.02941,70.34913,66.09841,68.06614,68.65858,67.91171,73.76313,73.08215,72.53275,71.16881,70.21396,70.21396,70.5195,70.5195,70.5195,67.06713,68.15424,69.57011,66.48308,67.05222,64.84597,66.21933,61.68468,62.8172,67.26812,65.30697,61.98387,63.78871,64.49806,67.26812,68.46897,72.00694,70.34913,76.11833,73.97973,78.08969,77.46612,78.44743
10.63015,10.63015,10.0,10.0,8.60233,8.60233,8.60233,8.60233,7.2111,6.40312,6.40312,6.40312,5.0,5.0,5.0,5.0,4.24264,3.60555,3.60555,3.60555,3.60555,3.60555,3.16228,3.16228,3.16228,3.16228,3.0,3.0,3.0,3.0,3.16228,3.0,3.16228,3.16228,3.0,3.0,3.0,3.16228,3.16228,4.12311,3.0,4.0,3.0,4.0,4.0,4.0,4.0,4.0,4.12311,4.12311,4.12311,4.47214,77.15569,71.40028,72.00694,66.8431,63.28507,60.20797,59.90826,60.20797,57.70615,51.97115,48.54894,45.65085,43.26662,39.96248,36.05551,37.20215,35.22783,31.241,30.61046,30.4795,26.1725,24.75884,22.67157,19.84943,23.34524,19.72308,18.78829,24.59675,18.97367,22.2036,20.22375,21.0,20.0,20.22375,22.02272,21.2132,23.0,20.02498,24.02082,24.0,26.01922,23.02173,25.01999,25.01999,23.02173,23.08679,26.07681,24.0,24.0,25.07987,27.29469,25.31798,29.61419,25.29822,26.4764,26.83282,26.41969,35.60899,38.8973,42.2019,43.26662,46.51881,48.10405,49.72927,50.21952,51.97115,51.62364,52.23983,56.0,62.00806,64.12488,64.28063,60.53098,67.08204,65.96969,69.26038,68.35203,68.70953,74.84651,67.54258,71.34424,72.56032,74.43118,72.40166,76.844,71.02816,73.40981,67.80118,70.29225,70.76722,70.93659,69.42622,67.94115,66.52819,63.60031,65.94695,66.8431,66.70832,65.0,66.61081,67.42403,66.21933,67.1193,70.21396,68.24222,72.20111,72.67049,72.67049,74.02702,74.20243,74.02702,79.40403,81.56592,80.28076
12.04159,11.18034,11.04536,10.19804,10.19804,9.21954,8.06226,8.06226,8.06226,7.07107,7.07107,6.08276,6.0,5.09902,5.0,5.0,4.0,4.0,3.16228,3.16228,3.16228,3.60555,3.16228,2.82843,3.60555,2.82843,2.82843,3.60555,3.60555,3.60555,3.60555,3.60555,3.60555,3.60555,3.60555,3.60555,3.60555,3.60555,3.60555,4.47214,3.60555,3.60555,4.47214,3.60555,3.60555,3.60555,4.24264,4.24264,4.24264,3.60555,3.60555,4.47214,77.00649,74.02702,73.00685,70.17834,68.06614,65.19202,61.66036,61.40033,56.4358,51.24451,50.48762,45.54119,47.67599,38.63936,40.04997,38.01316,37.21559,34.0147,30.01666,26.07681,27.16616,24.18677,21.84033,17.46425,21.09502,20.61553,18.02776,19.20937,20.61553,20.0,22.62742,22.2036,21.63331,20.0,22.36068,21.0238,22.2036,22.36068,25.55386,23.85372,24.41311,20.24846,24.59675,23.70654,25.94224,26.40076,26.62705,27.78489,25.05993,25.23886,22.80351,28.42534,24.75884,24.08319,25.0,26.07681,25.55386,39.05125,40.31129,42.57934,40.49691,45.31004,46.14109,48.30114,49.64877,52.00961,54.48853,57.31492,57.28001,62.00806,64.03124,64.07027,64.66065,70.17834,67.1193,65.74192,69.07966,68.94926,73.68175,73.68175,70.83078,74.95332,72.36712,73.97973,74.96666,74.8131,74.33034,66.27217,73.24616,69.35416,72.11103,71.34424,71.11259,64.28063,68.35934,67.18631,67.60178,66.61081,68.88396,64.62971,69.63476,65.9242,66.76077,68.44706,69.63476,69.63476,73.97973,71.80529,76.68768,83.18654,75.9276,77.10383,80.41144,76.11833
13.0,12.08305,12.08305,10.77033,10.77033,10.44031,9.48683,9.48683,8.544,7.61577,7.61577,7.61577,6.7082,6.7082,5.83095,5.83095,5.0,5.0,5.0,4.24264,4.24264,5.0,4.24264,4.47214,4.47214,4.47214,4.12311,4.12311,5.38516,4.12311,5.09902,5.09902,5.09902,5.09902,5.09902,5.09902,5.09902,5.09902,5.09902,5.09902,5.09902,5.09902,5.09902,5.09902,5.09902,5.09902,5.38516,5.38516,5.38516,5.83095,5.83095,5.0,78.16009,80.41144,77.62087,72.56721,75.70997,67.08204,65.49046,59.3043,56.56854,50.63596,51.35173,49.49747,45.54119,43.93177,41.04875,38.01316,37.21559,35.90265,27.89265,27.85678,32.31099,30.88689,21.09502,23.85372,21.93171,23.43075,24.75884,22.2036,18.60108,20.61553,20.80865,24.59675,21.54066,23.25941,23.08679,24.18677,25.29822,23.76973,26.57066,25.17936,25.29822,25.96151,28.4605,24.69818,26.68333,24.04163,26.57066,27.51363,27.51363,25.70992,22.47221,28.79236,25.05993,28.84441,29.20616,27.58623,26.1725,39.81206,43.18565,45.0,44.28318,45.35416,46.84015,48.38388,52.0,54.12947,56.4358,59.07622,60.0,62.00806,63.89053,63.70243,66.52819,68.62215,66.6033,67.80118,75.21303,72.42237,75.47185,73.57309,72.44998,73.00685,73.73602,75.96052,70.93659,73.73602,72.42237,74.33034,72.42237,70.2282,70.83784,71.47027,70.5195,68.62215,68.30813,66.76077,66.48308,71.16881,69.64194,68.02941,71.69379,70.00714,69.64194,67.97794,65.76473,72.06941,73.82412,71.58911,82.76473,76.92204,76.02631,79.84986,80.5295,83.00602
11.6619,10.81665,10.81665,10.81665,10.0,8.60233,8.60233,7.81025,7.2111,7.81025,6.40312,5.83095,5.83095,5.0,4.47214,4.47214,4.12311,4.12311,4.12311,4.12311,4.0,4.0,4.0,4.0,3.16228,3.16228,3.60555,3.60555,3.16228,4.47214,4.47214,4.47214,4.47214,4.47214,4.47214,4.47214,4.47214,4.47214,3.60555,3.60555,4.47214,4.47214,4.47214,4.47214,4.47214,4.47214,5.09902,4.12311,4.12311,4.12311,4.0,4.0,72.8011,75.02666,73.73602,68.942,68.44706,61.7171,62.6099,61.29437,50.9902,49.24429,49.73932,46.64762,44.28318,41.18252,36.89173,34.88553,37.16181,31.30495,28.79236,26.57066,28.44293,25.17936,22.2036,21.09502,23.0,23.08679,21.2132,19.64688,21.93171,21.54066,23.76973,21.93171,21.93171,24.69818,21.63331,20.59126,24.18677,24.83948,24.69818,21.63331,24.18677,24.20744,24.59675,23.02173,25.23886,21.63331,22.67157,24.18677,23.02173,26.62705,28.17801,25.05993,26.57066,21.84033,28.86174,26.4764,26.01922,35.44009,33.61547,40.24922,42.43819,43.27817,46.69047,47.42362,49.20366,50.21952,51.31277,54.20332,57.69749,57.77543,60.40695,62.29767,62.64184,66.21933,66.91039,68.73136,69.46222,68.00735,69.06519,68.0,71.06335,73.33485,71.34424,72.99315,72.99315,71.38627,72.18033,68.88396,68.65858,65.73431,69.37579,68.41053,66.48308,61.68468,63.15061,66.4906,65.11528,69.63476,62.96825,66.70832,65.49046,65.76473,65.11528,67.89698,68.06614,71.34424,68.46897,71.84706,75.53807,75.80237,75.66373,76.11833,81.21576,75.69016
12.36932,11.40175,11.40175,10.19804,10.19804,9.05539,9.05539,8.06226,7.07107,7.07107,7.07107,6.08276,6.08276,5.09902,5.09902,4.47214,4.47214,3.16228,3.60555,3.60555,3.60555,3.60555,3.60555,3.60555,3.60555,3.60555,3.16228,4.12311,4.47214,3.16228,4.12311,4.12311,4.12311,4.12311,4.12311,4.12311,4.12311,4.12311,4.12311,4.12311,4.12311,4.12311,4.12311,4.12311,4.12311,4.12311,4.12311,4.47214,3.60555,4.24264,3.60555,4.24264,76.6942,69.64194,73.05477,70.83784,65.96969,64.13267,60.20797,59.43904,49.64877,52.46904,49.24429,45.70558,44.55334,38.20995,34.52535,36.13862,36.13862,29.73214,28.63564,27.313,30.08322,23.08679,22.82542,20.80865,20.80865,21.26029,18.38478,25.6125,20.61553,23.85372,17.88854,22.80351,21.54066,23.4094,21.18962,23.70654,24.35159,21.18962,26.40076,23.08679,22.13594,25.63201,22.84732,25.63201,24.35159,23.4094,23.76973,23.76973,23.85372,25.07987,22.84732,27.20294,25.55386,22.47221,24.04163,22.47221,25.23886,33.83785,40.24922,38.62642,43.73786,43.41659,46.01087,47.0,45.27693,50.48762,49.64877,52.88667,57.24509,57.56735,60.40695,62.6099,61.29437,62.76942,64.63745,70.0,66.21933,67.89698,68.76772,72.83543,71.70077,71.8401,69.42622,69.81404,71.28113,69.40461,76.00658,68.50547,73.57309,69.35416,68.47627,70.23532,68.96376,66.64833,67.60178,65.0,65.73431,68.60029,63.28507,67.1193,68.96376,67.6757,65.36819,68.26419,71.40028,68.8186,72.67049,68.24954,70.45566,76.55064,72.94518,78.03204,80.62258,79.17702
11.6619,11.18034,11.18034,9.84886,9.84886,8.94427,8.94427,7.61577,7.61577,7.61577,6.7082,5.83095,5.83095,5.83095,5.0,4.47214,4.24264,3.60555,4.24264,3.60555,3.60555,3.60555,3.16228,3.16228,3.16228,3.16228,3.0,4.12311,4.12311,4.0,4.12311,4.0,4.12311,4.0,4.0,4.0,4.0,4.0,4.0,4.0,4.0,4.0,4.0,4.0,4.0,4.12311,4.12311,4.12311,3.16228,3.60555,3.60555,3.60555,77.10383,68.50547,72.40166,68.09552,66.7308,63.07139,60.41523,59.9333,52.39275,52.0,51.42956,45.61798,42.72002,38.47077,40.31129,37.16181,36.23534,33.28663,28.6531,30.23243,26.90725,24.83948,23.34524,21.40093,24.41311,21.9545,21.63331,23.4094,20.61553,23.76973,23.08679,24.08319,19.0263,25.31798,22.2036,23.76973,22.36068,22.2036,22.09072,22.02272,23.34524,26.01922,21.2132,22.0,24.33105,25.07987,22.56103,25.0,24.18677,22.36068,25.31798,26.92582,20.09975,21.84033,26.83282,24.18677,23.60085,38.01316,36.35932,35.8469,42.54409,41.48494,44.55334,45.27693,44.10215,48.04165,46.17359,52.61179,56.88585,56.88585,59.20304,61.98387,60.08328,66.85058,66.30988,68.88396,69.11584,70.72482,73.4983,68.8186,71.70077,71.8401,71.58911,72.83543,71.44928,69.31089,72.86288,65.11528,72.24957,72.34639,68.60029,70.29225,68.0147,65.94695,64.3506,65.94695,67.17887,66.48308,63.65532,71.42129,65.79514,67.17887,68.68042,68.593,69.42622,68.76772,65.79514,72.13876,75.74299,78.49204,74.33034,77.07788,84.95881,80.72174
11.7047,11.40175,11.40175,10.44031,10.19804,9.21954,9.21954,8.24621,8.24621,7.07107,7.28011,7.28011,6.08276,6.32456,5.09902,5.38516,5.38516,4.47214,4.47214,4.47214,4.47214,3.60555,4.24264,4.24264,4.24264,4.24264,4.47214,3.60555,3.60555,3.60555,3.60555,3.60555,3.60555,3.60555,3.60555,4.47214,4.47214,3.60555,3.60555,3.60555,3.60555,3.60555,3.60555,3.60555,3.60555,3.60555,4.24264,3.60555,4.24264,4.24264,3.60555,4.47214,76.48529,75.58439,78.39005,71.58911,68.00735,64.2573,61.03278,61.03278,54.81788,55.02727,50.0,43.68066,46.48656,42.72002,40.16217,36.40055,37.94733,34.53983,31.95309,26.83282,30.88689,25.94224,25.05993,24.41311,22.2036,23.34524,22.67157,24.83948,20.24846,23.32381,23.25941,24.18677,19.31321,21.0238,24.59675,24.69818,25.07987,25.4951,25.63201,28.4605,25.63201,23.08679,24.69818,23.25941,25.05993,25.94224,25.4951,25.94224,23.32381,25.07987,21.63331,27.45906,23.85372,25.6125,26.1725,24.08319,22.2036,32.80244,36.71512,39.92493,45.88028,41.97618,47.38143,45.04442,49.0102,50.03998,53.08484,55.22681,56.56854,57.27128,59.48109,59.80803,62.62587,70.93659,66.21178,67.60178,68.60029,71.28113,72.8011,71.40028,74.27651,72.83543,76.48529,72.24957,74.24958,70.76722,72.34639,68.88396,74.06079,69.2026,70.80254,70.80254,68.24222,67.00746,68.60029,66.0303,66.06815,69.02898,64.53681,64.53681,68.11755,68.76772,66.52819,67.26812,70.03571,71.50524,71.42129,72.13876,71.42129,73.75636,77.98718,82.9759,80.80223,82.37718
12.16553,12.16553,11.40175,11.40175,10.44031,10.44031,9.48683,8.544,8.544,8.24621,8.24621,7.28011,7.28011,6.32456,6.08276,6.08276,6.08276,5.0,5.0,5.0,5.0,5.0,4.12311,4.12311,4.12311,4.12311,4.47214,4.12311,4.47214,4.47214,4.47214,4.47214,4.47214,4.47214,4.47214,4.47214,4.47214,4.47214,4.47214,4.47214,4.47214,4.47214,4.47214,4.47214,4.12311,4.12311,4.12311,4.12311,4.12311,4.12311,4.0,5.0,78.16009,74.72617,73.08215,68.00735,71.51224,65.55151,66.12866,60.00833,57.69749,53.66563,52.7731,49.24429,47.01064,46.51881,41.14608,38.27532,35.4683,34.17601,32.31099,33.83785,30.59412,29.15476,27.16616,21.0238,25.0,25.07987,25.01999,26.1725,25.31798,24.04163,21.58703,21.0238,24.35159,23.76973,23.76973,22.13594,23.4094,29.96665,24.35159,25.07987,28.23119,22.36068,24.04163,25.07987,23.76973,25.0,22.13594,24.35159,24.35159,19.92486,23.25941,24.73863,25.31798,21.0238,25.01999,23.02173,24.18677,37.21559,36.34556,40.5216,43.08132,46.61545,42.19005,46.04346,47.01064,49.57822,53.75872,55.17246,55.44367,57.80138,59.68249,58.83026,63.13478,63.50591,68.15424,61.84658,68.94926,71.16881,72.78049,72.56721,69.05071,73.33485,71.25307,69.06519,71.02816,71.0,71.00704,73.02739,70.11419,70.06426,70.00714,70.45566,65.27634,67.26812,67.06713,66.18912,63.12686,67.02984,67.00746,66.06815,70.0,66.00758,67.00746,67.00746,71.02816,70.17834,75.02666,71.02816,74.02702,74.0,76.00658,81.05554,81.22192,85.37564
12.64911,12.64911,11.7047,12.08305,10.77033,9.84886,9.84886,8.94427,8.544,8.544,7.61577,7.61577,7.61577,6.32456,6.32456,6.32456,6.08276,5.09902,5.09902,5.09902,5.09902,5.09902,5.0,5.0,5.0,5.09902,5.09902,4.12311,5.09902,4.12311,5.09902,5.09902,5.09902,4.12311,5.09902,4.12311,5.09902,4.12311,4.12311,4.12311,4.12311,4.12311,4.12311,5.09902,4.12311,5.09902,5.09902,4.0,4.0,4.0,5.09902,5.09902,76.68768,75.9276,78.1025,77.20104,75.0,67.35726,68.35203,64.84597,58.18935,57.00877,56.0803,53.75872,47.12749,42.72002,41.78516,41.10961,39.21734,37.36308,34.20526,32.38827,31.04835,33.37664,29.0,30.01666,24.0,29.15476,23.19483,27.29469,25.17936,24.5153,26.92582,23.76973,21.0238,24.59675,27.20294,30.41381,26.57066,26.83282,25.63201,31.38471,26.40076,25.29822,26.83282,25.0,25.94224,25.0,22.13594,24.35159,25.4951,26.24881,26.24881,25.29822,25.17936,25.01999,28.16026,25.31798,23.19483,36.01389,40.0,40.31129,42.37924,46.23851,48.30114,48.02083,49.09175,52.47857,52.80152,58.0,57.28001,60.20797,62.20129,62.20129,66.57327,62.96825,67.08204,67.97794,71.69379,72.8011,74.63243,74.04053,73.00685,72.18033,74.33034,78.40918,75.66373,72.83543,75.10659,73.24616,76.1643,74.10803,69.00725,72.00694,69.26038,68.0,67.1193,68.02941,70.02857,68.06614,70.06426,66.0,67.26812,67.1193,68.88396,70.71068,69.58448,69.46222,73.17103,77.23341,80.09994,81.09871,77.05842,82.29824,84.0,85.14693
11.40175,11.40175,10.63015,9.89949,9.89949,9.89949,9.21954,8.48528,8.48528,7.07107,7.07107,7.07107,6.40312,5.65685,5.65685,5.0,5.0,4.47214,4.47214,4.47214,4.12311,4.47214,4.12311,4.12311,4.12311,4.12311,4.12311,4.0,3.0,4.0,4.0,4.0,4.0,4.0,4.12311,4.0,4.0,4.0,4.0,3.0,3.0,3.0,4.0,3.0,3.16228,3.16228,3.16228,4.12311,3.16228,3.16228,3.60555,3.60555,82.8553,69.64194,75.45197,74.88658,69.89278,70.60453,64.53681,61.84658,56.0803,58.72819,54.20332,49.40648,46.75468,44.20407,44.68781,39.20459,38.60052,34.66987,36.23534,30.01666,32.20248,29.54657,28.79236,26.92582,23.08679,22.36068,22.36068,27.65863,26.01922,27.01851,26.01922,25.01999,23.02173,26.30589,25.31798,25.31798,23.08679,27.01851,26.07681,25.07987,21.37756,24.5153,24.02082,24.73863,25.0,22.09072,25.17936,24.02082,22.0,23.08679,22.02272,22.09072,24.08319,20.09975,23.0,24.18677,22.80351,34.98571,36.05551,38.18377,41.01219,40.0,45.48626,43.56604,46.64762,50.56679,51.62364,52.49762,54.12024,58.5235,58.42089,62.39391,58.21512,67.02984,63.12686,71.06335,69.18092,66.91039,71.58911,66.61081,71.8401,70.88018,74.72617,70.5195,71.30919,69.07966,74.32362,69.35416,74.73286,70.26379,66.85058,70.26379,66.64083,63.97656,65.9242,64.62198,65.79514,67.06713,63.90618,64.51356,63.56099,72.23573,63.89053,64.19502,73.76313,71.16881,71.56815,71.47027,74.04053,79.69944,76.844,79.47956,84.15462,82.46211
12.80625,12.04159,12.04159,11.31371,10.63015,9.89949,9.89949,9.21954,8.48528,8.48528,7.81025,7.07107,7.07107,6.40312,5.65685,6.40312,5.0,5.83095,5.0,4.47214,4.47214,4.47214,4.47214,4.47214,4.47214,4.47214,5.09902,4.12311,4.12311,5.09902,4.12311,4.12311,4.12311,4.12311,4.12311,4.12311,4.12311,4.12311,4.12311,3.16228,4.12311,3.16228,4.12311,3.16228,3.16228,3.16228,3.16228,4.12311,3.60555,3.60555,3.60555,3.60555,78.84795,75.89466,74.94665,72.8011,72.23573,66.30988,69.35416,64.00781,59.5399,56.4358,50.60632,51.62364,47.50789,47.16991,45.27693,42.05948,38.94868,38.91015,35.77709,34.53983,30.36445,29.73214,30.08322,26.68333,26.68333,24.33105,27.45906,28.01785,25.0,29.42788,26.01922,28.28427,28.44293,25.31798,26.68333,23.08679,27.29469,26.4764,25.4951,23.02173,25.07987,25.4951,21.84033,22.2036,23.02173,22.36068,23.34524,21.09502,23.19483,21.0238,23.19483,22.0,22.02272,22.09072,24.18677,24.5153,18.43909,36.12478,37.64306,38.27532,41.62932,43.909,44.82187,44.20407,45.25483,48.9183,49.57822,54.6443,54.91812,59.36329,59.05929,59.9333,58.87274,65.0,67.72001,68.68042,70.85901,70.25667,73.24616,72.1734,72.00694,72.02777,74.06079,74.24284,71.11259,71.56815,70.85901,72.56032,68.73136,69.63476,68.88396,71.58911,65.73431,67.46851,64.62971,64.77654,62.514,63.15061,65.19202,61.52235,65.49046,65.27634,68.00735,65.19202,71.25307,69.11584,72.11103,73.06162,77.00649,77.64664,75.42546,83.60024,78.91768,81.21576
12.52996,12.08305,11.18034,10.77033,10.77033,9.48683,9.48683,8.544,8.544,7.61577,7.61577,6.7082,6.7082,5.38516,5.83095,5.83095,5.83095,5.0,5.0,5.0,4.24264,4.24264,4.24264,4.24264,4.24264,4.24264,4.24264,5.0,4.47214,4.47214,3.60555,3.60555,3.60555,4.24264,3.60555,3.60555,3.60555,3.60555,3.60555,3.60555,3.60555,3.60555,3.60555,3.60555,3.60555,3.60555,2.82843,3.60555,3.60555,3.60555,3.60555,3.16228,73.66139,77.15569,75.9276,72.00694,70.80254,66.4003,65.45991,60.20797,57.70615,53.0,53.85165,50.24938,48.37355,47.50789,42.05948,38.47077,39.44617,36.89173,33.28663,30.61046,35.60899,31.14482,29.06888,27.65863,27.20294,27.20294,28.01785,25.55386,27.45906,25.4951,25.23886,29.41088,26.41969,29.73214,25.07987,29.54657,24.18677,24.69818,28.17801,23.76973,22.82542,25.0,25.05993,22.82542,20.12461,22.36068,21.47091,24.18677,21.0238,22.84732,21.09502,19.72308,21.9545,20.0,23.34524,21.63331,21.9545,34.20526,33.94113,37.01351,41.40048,42.19005,44.38468,42.04759,45.22168,47.43416,46.87217,52.7731,55.14526,57.00877,56.0357,62.03225,60.13319,62.80127,65.73431,65.51336,68.00735,67.72001,68.35203,70.21396,68.47627,71.34424,72.67049,66.85058,71.86793,68.60029,68.88396,65.60488,68.62215,64.81512,68.76772,67.00746,63.70243,61.6198,64.53681,60.82763,63.89053,60.60528,62.36986,60.0,64.07027,65.80274,63.25346,64.07027,65.73431,67.95587,66.85058,66.85058,70.80254,76.02631,77.10383,76.83749,78.24321,78.24321
12.64911,11.7047,12.08305,10.77033,10.77033,9.84886,9.48683,8.544,8.544,8.544,7.61577,6.7082,6.32456,6.7082,6.32456,6.08276,5.09902,5.09902,5.09902,5.09902,5.0,5.0,5.0,5.0,5.0,5.09902,5.09902,5.09902,4.12311,5.09902,5.09902,4.12311,4.12311,4.12311,4.12311,4.12311,4.12311,4.12311,4.12311,3.16228,3.16228,3.16228,4.12311,3.16228,3.16228,4.12311,4.12311,3.0,4.0,3.0,3.0,3.16228,77.64664,80.89499,71.02112,74.33034,74.46476,69.89278,65.0,62.62587,62.96825,56.921,56.32051,50.92151,50.28916,50.59644,44.27189,43.68066,42.44997,37.48333,34.71311,34.71311,34.23449,33.24154,29.01724,31.01612,28.07134,31.257,32.24903,30.41381,28.28427,31.40064,27.89265,29.12044,27.65863,27.51363,29.41088,26.68333,27.20294,28.4605,28.79236,24.73863,26.92582,27.29469,24.5153,25.4951,21.18962,25.4951,22.56103,25.31798,19.92486,24.5153,21.2132,24.33105,22.36068,20.02498,21.0238,18.43909,20.09975,34.05877,36.34556,41.23106,37.0,45.54119,42.05948,43.04649,46.61545,50.21952,51.85557,52.34501,55.31727,57.80138,58.82176,58.5235,60.90156,63.06346,65.79514,64.62198,67.44627,69.64194,71.30919,73.75636,73.97973,74.24284,71.34424,70.00714,69.00725,75.10659,71.00704,68.18358,66.1211,69.06519,66.0303,65.19202,64.28063,62.1289,64.28063,62.07254,62.00806,60.00833,64.03124,63.00794,64.03124,58.03447,66.18912,65.06919,65.62012,66.37017,68.593,71.56815,73.06162,77.41447,76.10519,79.30952,83.0542,83.0542
13.60147,12.64911,12.64911,11.7047,11.7047,10.77033,10.77033,9.48683,9.48683,8.544,8.544,8.544,8.544,7.28011,7.28011,7.28011,7.07107,7.07107,6.08276,6.08276,6.0,6.0,6.0,6.0,6.0,6.08276,6.08276,6.08276,6.08276,6.08276,5.09902,5.09902,5.09902,5.09902,5.09902,5.09902,5.0,5.0,5.09902,5.09902,5.09902,5.0,5.09902,5.09902,4.12311,5.09902,5.0,5.0,5.0,4.0,4.12311,4.12311,81.78631,75.0,78.44743,74.33034,70.5762,68.54196,69.46222,65.79514,61.7414,59.5063,58.69412,54.23099,50.9902,48.30114,46.09772,40.31129,44.38468,40.24922,39.39543,35.44009,37.85499,30.67572,33.24154,28.28427,31.57531,29.42788,33.06055,27.16616,31.01612,32.01562,28.16026,32.0,27.16616,31.0,28.01785,27.07397,30.01666,28.07134,28.01785,28.07134,27.16616,24.02082,25.01999,25.07987,24.0,22.02272,25.01999,22.09072,23.02173,23.08679,24.02082,21.2132,23.02173,24.08319,21.84033,21.54066,22.36068,33.01515,39.31921,38.83298,43.68066,42.04759,43.38202,45.79301,46.87217,50.60632,50.24938,53.07542,56.22277,57.62812,57.14018,63.28507,62.17717,67.08204,61.46544,67.35726,69.26038,69.26038,71.02112,70.03571,70.34913,76.10519,74.06079,73.00685,70.06426,69.02898,71.17584,66.27217,69.35416,70.25667,65.37584,66.91039,64.49806,60.67125,60.40695,62.96825,58.42089,63.50591,57.03508,65.12296,59.07622,65.06919,63.12686,66.0303,67.18631,67.00746,66.0303,70.06426,72.0,78.00641,77.00649,78.1025,80.1561,79.6304
12.08305,12.08305,10.77033,11.7047,10.77033,9.84886,9.48683,8.544,8.544,7.61577,7.61577,7.61577,6.7082,6.7082,5.83095,5.83095,5.83095,5.0,5.0,5.0,5.0,4.24264,4.24264,4.24264,4.24264,4.24264,4.24264,4.24264,5.0,4.24264,4.24264,4.24264,4.24264,4.24264,3.60555,3.60555,3.60555,3.60555,3.60555,3.60555,3.60555,3.60555,3.60555,2.82843,2.82843,2.82843,2.82843,2.82843,2.82843,2.82843,3.60555,3.16228,79.40403,77.88453,80.52329,71.56815,73.34848,68.65858,65.27634,63.1981,59.68249,60.40695,54.14795,52.23983,50.24938,47.38143,44.18144,42.95346,40.60788,36.22154,35.22783,34.36568,35.69314,32.01562,30.08322,31.38471,31.62278,29.41088,29.96665,28.63564,29.15476,29.68164,27.78489,30.41381,27.80288,28.84441,25.55386,26.83282,29.68164,27.45906,26.92582,29.41088,25.94224,23.85372,24.69818,25.55386,24.75884,21.63331,22.36068,25.05993,20.0,19.72308,21.9545,23.32381,20.12461,20.59126,20.88061,18.11077,22.80351,34.66987,37.57659,38.27532,40.79216,42.57934,44.10215,45.0,45.09989,49.64877,48.37355,52.39275,53.14132,57.00877,62.24147,62.16912,62.43397,66.57327,65.80274,66.8431,68.11755,67.89698,74.41102,72.18033,70.43437,73.23933,72.67049,71.34424,74.70609,69.77822,70.23532,67.53518,68.02941,66.70832,67.54258,67.62396,67.54258,65.39113,64.4748,63.56099,62.16912,61.29437,64.88451,59.48109,62.26556,62.26556,60.20797,63.28507,68.60029,68.7968,69.11584,69.11584,74.94665,73.24616,74.70609,78.54935,81.84131,81.02469
12.80625,12.04159,11.40175,11.31371,9.89949,9.89949,9.21954,8.48528,8.48528,8.48528,7.81025,7.07107,7.07107,6.40312,6.40312,6.40312,5.83095,5.83095,5.0,5.0,4.47214,5.38516,4.47214,5.09902,4.47214,4.12311,5.09902,5.09902,5.09902,4.12311,4.12311,4.12311,4.12311,4.12311,4.12311,4.12311,4.12311,4.12311,4.12311,4.12311,3.16228,3.0,3.16228,3.16228,3.16228,3.16228,3.16228,3.16228,3.16228,3.16228,3.60555,2.82843,78.60025,76.2168,74.65253,72.24957,73.24616,68.76772,67.94115,63.65532,61.55485,60.10824,53.8145,54.45181,51.73973,50.93133,44.55334,43.13931,42.42641,39.82462,34.82815,37.80212,35.0,34.4093,30.41381,28.63564,29.06888,30.88689,28.6531,33.24154,29.41088,30.67572,26.24881,31.04835,30.36445,25.17936,27.89265,28.63564,25.29822,27.65863,28.16026,22.56103,26.24881,25.4951,30.08322,23.08679,25.96151,22.47221,23.76973,19.69772,22.13594,21.18962,21.0238,21.18962,22.13594,19.69772,21.0238,24.69818,17.80449,32.44996,38.01316,37.48333,40.45986,40.49691,42.54409,43.82921,47.01064,49.0408,50.28916,50.9902,56.29387,58.42089,60.13319,59.03389,61.13101,62.28965,64.93843,66.09841,68.06614,67.44627,68.30813,70.5195,69.64194,70.21396,68.44706,72.47068,73.06162,71.02816,70.45566,66.0303,65.21503,67.42403,65.73431,66.21933,64.03124,62.80127,63.00794,57.42822,63.52952,61.77378,59.68249,56.93856,60.37384,58.13777,60.37384,63.07139,65.19202,67.23095,68.15424,67.1193,72.61543,73.82412,73.40981,78.79086,78.29432,81.12336
13.45362,12.72792,12.72792,12.04159,12.04159,10.63015,10.63015,10.63015,9.21954,9.21954,9.21954,8.48528,8.48528,7.81025,7.07107,7.07107,6.40312,6.40312,6.40312,6.40312,5.65685,5.0,5.83095,5.83095,5.0,5.83095,5.83095,5.38516,4.47214,5.38516,4.47214,5.0,4.47214,4.47214,4.47214,4.47214,4.47214,4.47214,4.47214,4.47214,4.47214,3.60555,3.60555,3.60555,3.60555,3.60555,3.60555,3.60555,3.60555,3.60555,4.24264,3.60555,77.80103,82.20097,76.02631,74.65253,76.57676,73.0,67.89698,69.29646,61.55485,58.72819,58.0,55.9017,52.3259,50.24938,47.38143,47.38143,43.13931,39.69887,39.69887,36.23534,34.4093,35.60899,33.83785,33.83785,27.45906,31.06445,30.88689,28.17801,29.15476,30.46309,28.79236,29.54657,28.16026,29.41088,29.15476,28.4605,27.20294,29.41088,27.313,29.06888,28.17801,25.29822,25.4951,23.76973,21.18962,22.84732,21.18962,23.76973,25.29822,19.64688,21.93171,22.84732,22.84732,19.72308,19.72308,24.08319,21.26029,36.67424,37.80212,38.28838,41.01219,43.27817,43.41659,44.94441,46.06517,49.1935,51.07837,54.08327,54.34151,58.0517,57.70615,62.39391,60.20797,68.06614,68.02941,69.18092,67.08204,70.61161,73.00685,72.12489,71.47027,71.7844,72.8011,72.09022,73.40981,71.11259,69.77105,66.64833,69.46222,67.95587,67.74216,66.28725,62.68174,63.51378,60.53924,64.00781,62.17717,61.77378,59.9333,63.56099,62.39391,62.64982,65.55151,62.76942,63.90618,69.89278,73.00685,67.77905,74.09453,79.47956,74.67262,80.11242,82.73452,80.05623
13.92839,12.64911,11.7047,11.40175,11.40175,11.40175,10.44031,10.44031,9.48683,8.24621,9.21954,8.24621,8.24621,7.28011,7.28011,7.61577,6.7082,6.32456,6.7082,6.32456,5.38516,5.83095,5.83095,5.83095,5.83095,5.83095,5.83095,5.0,5.0,5.0,5.0,5.0,5.0,5.0,5.0,5.0,5.0,4.47214,4.47214,4.47214,4.47214,3.60555,3.60555,3.60555,3.60555,3.60555,3.60555,4.47214,4.47214,4.12311,4.12311,4.12311,83.64807,81.00617,80.13114,73.53911,75.6439,69.857,69.46222,66.40783,61.98387,59.13544,59.48109,54.78138,52.55473,49.33559,48.70318,48.46648,45.88028,42.37924,37.0,38.01316,39.96248,37.12142,34.48188,35.22783,35.51056,29.68164,33.6006,33.97058,31.06445,29.73214,30.4795,27.65863,31.1127,27.01851,30.41381,28.3196,31.1127,29.73214,25.4951,26.90725,24.75884,25.4951,23.34524,24.75884,21.93171,23.43075,23.34524,23.34524,20.51828,22.62742,20.51828,21.93171,19.20937,21.93171,21.09502,21.93171,23.76973,33.54102,35.8469,38.8973,40.5216,41.30375,43.04649,44.01136,43.01163,48.6621,50.01,54.12947,52.81098,56.0803,59.13544,59.9333,60.41523,66.18912,67.95587,65.73431,71.40028,72.24957,72.86288,71.42129,73.0,71.70077,74.20243,72.20111,70.80254,70.21396,70.72482,66.88797,71.56116,70.3278,65.0,68.09552,64.14047,63.13478,62.43397,62.26556,62.43397,59.36329,65.60488,59.20304,64.40497,60.0,63.78087,63.12686,65.76473,66.6033,70.83784,73.0,70.83784,76.57676,78.74643,79.98125,80.60397,79.88116
12.16553,12.16553,11.04536,11.04536,10.04988,10.04988,10.04988,9.0,9.05539,8.06226,8.06226,7.07107,7.07107,7.07107,6.08276,6.08276,6.32456,6.32456,6.32456,5.38516,5.38516,5.38516,5.38516,5.83095,5.83095,5.83095,5.0,5.0,5.0,5.0,5.0,5.0,5.0,4.47214,5.0,4.47214,4.47214,4.47214,3.60555,3.60555,3.60555,3.60555,3.60555,3.60555,3.60555,3.60555,3.60555,3.60555,3.60555,3.16228,3.16228,3.16228,78.44743,77.64664,77.78175,74.54529,75.16648,71.25307,71.02816,67.02984,62.0,61.0,58.03447,55.22681,52.0,50.08992,49.0408,49.09175,43.04649,42.04759,40.1995,38.47077,39.62323,37.65634,36.67424,33.73426,30.59412,31.32092,33.52611,33.54102,33.61547,28.23119,30.52868,31.7805,31.7805,32.69557,29.06888,30.41381,30.08322,31.01612,29.15476,30.08322,29.52965,24.18677,24.59675,25.07987,22.36068,25.05993,24.59675,25.55386,21.0238,20.59126,24.16609,24.16609,21.0238,20.88061,20.88061,20.88061,22.09072,32.01562,34.36568,39.20459,39.05125,39.20459,42.95346,40.5216,50.15974,48.46648,51.88449,54.70832,56.0357,55.21775,56.22277,63.70243,62.24147,63.65532,65.60488,67.20119,71.56116,66.24198,74.24284,72.01389,70.2282,73.73602,70.5195,72.73239,69.12308,70.88018,70.40597,70.83078,65.51336,69.72087,67.08204,65.76473,62.64982,62.80127,64.32729,60.20797,60.41523,58.94065,62.36185,61.03278,63.56886,60.44005,61.68468,64.56005,66.85058,66.21178,69.07966,69.35416,76.92204,74.33034,75.39231,76.32169,76.2168,83.48653
12.52996,12.52996,11.18034,11.18034,10.77033,9.84886,9.84886,9.84886,8.544,8.94427,8.06226,8.06226,8.06226,6.7082,6.7082,6.7082,6.40312,6.40312,6.40312,5.65685,5.65685,5.65685,5.65685,5.65685,5.65685,5.65685,5.0,5.65685,5.0,5.0,5.0,5.0,5.0,5.0,5.0,5.0,5.0,4.24264,4.24264,4.24264,4.24264,4.24264,3.60555,3.60555,3.60555,3.60555,3.60555,2.82843,3.60555,2.82843,3.60555,3.60555,81.02469,77.46612,79.62412,72.99315,73.43705,70.34913,68.35934,67.06713,61.20457,59.13544,57.03508,54.03702,55.08176,50.0,48.09366,45.01111,44.10215,41.30375,44.04543,34.1321,37.33631,33.73426,35.69314,34.36568,33.83785,31.32092,31.38471,29.96665,31.32092,29.52965,31.30495,33.10589,33.54102,26.40076,30.88689,31.7805,28.63564,30.46309,28.6531,27.73085,26.0,25.29822,26.57066,23.76973,26.0,21.18962,21.54066,24.59675,22.13594,22.84732,21.47091,22.47221,20.12461,17.46425,21.58703,20.02498,18.0,30.8707,36.40055,36.67424,39.05125,42.04759,41.30375,42.57934,46.52956,49.0408,49.33559,50.15974,51.47815,55.07268,59.68249,61.03278,59.5483,63.41136,61.52235,67.89698,65.60488,70.43437,69.33974,67.1193,68.09552,70.21396,68.42514,68.54196,72.8011,67.6757,69.64194,63.89053,69.37579,67.44627,64.84597,65.0,64.56005,63.56099,61.13101,60.44005,59.48109,61.35145,57.58472,58.87274,61.46544,60.41523,57.00877,58.13777,63.28507,66.7308,64.41273,67.54258,72.01389,79.60528,71.11259,77.87811,79.84986,76.89603
12.64911,12.64911,12.64911,11.40175,11.18034,11.18034,10.19804,9.21954,9.05539,9.21954,9.21954,8.06226,7.07107,7.28011,7.28011,6.32456,6.32456,6.32456,5.38516,5.83095,5.38516,5.38516,5.38516,5.83095,5.83095,5.0,5.0,5.0,5.0,5.0,5.0,5.0,5.0,4.47214,4.47214,4.47214,3.60555,4.47214,3.60555,3.60555,3.60555,3.16228,3.60555,3.60555,3.60555,3.16228,3.16228,3.16228,3.16228,3.16228,3.16228,3.0,79.30952,79.12016,78.18568,75.02666,76.65507,74.2159,68.00735,64.7611,64.32729,63.32456,61.0,57.55867,54.33231,51.97115,51.41984,50.9902,42.42641,42.2019,39.84972,42.44997,40.16217,37.94733,32.89377,31.30495,34.53983,35.34119,33.12099,32.64966,30.88689,34.0,31.7805,33.28663,30.80584,30.52868,35.0,29.52965,31.76476,31.40064,27.45906,28.30194,26.83282,26.40076,26.92582,25.05993,23.70654,23.25941,22.47221,23.85372,20.61553,21.54066,19.64688,21.54066,25.07987,19.69772,18.38478,20.61553,18.24829,31.38471,36.24914,37.36308,39.81206,42.57934,43.0,45.01111,46.04346,47.67599,49.47727,51.66237,55.36244,58.82176,60.92618,60.90156,62.43397,64.3506,65.80274,63.25346,67.89698,67.20863,70.0928,71.70077,71.8401,70.80254,69.64194,69.83552,72.56032,70.23532,69.77105,67.1193,64.84597,65.9242,63.69458,64.88451,64.2573,60.92618,62.64982,60.00833,59.03389,56.35601,59.16925,62.64982,63.28507,62.76942,58.00862,60.21628,62.42596,66.61081,66.28725,67.62396,74.4043,76.844,77.38863,78.77182,82.1523,77.69813
13.45362,13.45362,12.80625,12.04159,11.40175,11.40175,10.63015,10.0,9.21954,9.21954,9.21954,8.48528,7.81025,7.81025,7.07107,7.81025,7.07107,6.40312,6.40312,6.40312,6.40312,5.83095,6.7082,6.7082,5.83095,6.7082,6.7082,5.83095,5.83095,6.7082,5.83095,5.38516,5.83095,5.83095,5.38516,5.83095,4.47214,4.47214,4.47214,4.47214,4.47214,4.47214,4.47214,4.47214,4.47214,4.47214,3.60555,3.60555,3.60555,3.60555,3.60555,3.60555,83.60024,80.0,79.51101,77.98718,74.41102,72.83543,72.13876,70.76722,61.52235,64.44377,58.0,57.28001,57.31492,50.32892,50.20956,47.42362,48.79549,43.86342,43.18565,37.64306,39.66106,42.80187,36.05551,37.58989,36.05551,38.07887,36.23534,35.34119,36.23534,33.61547,35.44009,33.54102,34.53983,34.53983,35.4683,32.20248,31.76476,33.24154,31.7805,30.46309,27.313,28.17801,26.92582,29.54657,27.313,22.36068,25.07987,21.54066,19.69772,22.13594,20.61553,22.84732,22.47221,18.35756,21.09502,20.80865,19.20937,33.6006,40.36087,37.64306,39.82462,40.24922,43.08132,45.22168,46.84015,46.69047,48.16638,52.08647,55.03635,59.00847,60.29925,60.67125,63.15061,65.96969,65.14599,67.35726,67.23095,69.64194,70.21396,69.35416,73.23933,69.33974,73.81734,68.41053,69.52697,65.60488,71.70077,65.11528,68.62215,65.06919,62.96825,65.06919,60.20797,58.69412,58.0517,58.0517,58.89822,58.89822,59.40539,59.64059,59.16925,60.53924,62.26556,61.26989,62.64982,67.53518,69.31811,69.31811,72.44998,74.68601,73.82412,76.53757,79.92496,84.21995
12.52996,12.52996,11.6619,11.6619,10.81665,10.29563,10.0,9.43398,9.43398,8.60233,8.60233,8.60233,7.2111,7.2111,6.7082,6.7082,6.7082,6.7082,5.83095,5.38516,5.38516,5.38516,5.38516,5.09902,5.38516,5.38516,5.09902,5.09902,5.09902,5.38516,5.09902,5.09902,5.09902,4.47214,4.47214,4.47214,4.47214,4.47214,4.47214,3.16228,3.16228,3.60555,3.16228,3.60555,3.60555,3.16228,3.60555,3.60555,3.60555,3.60555,2.82843,3.60555,81.70679,78.39005,79.15807,78.71467,74.24284,74.09453,70.49113,71.56116,62.43397,65.21503,60.03332,57.68882,52.15362,52.20153,52.69725,52.80152,44.65423,41.04875,44.41846,42.04759,41.62932,39.35734,40.70626,35.17101,34.78505,36.24914,34.20526,35.90265,34.78505,34.9285,33.73426,34.20526,32.28002,35.51056,34.52535,32.98485,28.44293,31.04835,32.28002,31.04835,27.65863,26.92582,27.20294,26.4764,26.68333,24.5153,23.4094,21.93171,21.84033,22.80351,20.88061,20.61553,21.84033,20.24846,23.25941,20.0,22.2036,34.0147,37.73592,35.51056,41.7732,42.42641,42.63801,44.94441,46.32494,46.64762,50.15974,52.81098,55.02727,57.87055,60.63827,61.61169,63.63961,70.71068,64.07027,71.0,68.18358,69.46222,67.47592,70.03571,73.24616,70.5195,73.4983,73.37575,69.57011,67.06713,70.93659,66.30988,71.58911,66.64083,63.50591,66.64083,64.4748,60.41523,62.64982,63.07139,59.61543,57.24509,58.82176,61.40033,59.90826,61.84658,64.93843,61.39218,67.26812,62.80127,65.51336,68.44706,70.85901,80.60397,76.29548,81.7435,79.12016,87.80091
13.92839,13.0,12.08305,12.08305,12.08305,11.18034,11.18034,10.29563,10.29563,8.94427,9.84886,8.544,8.544,7.61577,7.61577,7.61577,7.28011,7.28011,7.28011,7.07107,7.28011,6.08276,7.07107,7.0,6.08276,7.07107,6.08276,6.08276,6.08276,6.08276,6.08276,6.08276,6.08276,6.08276,5.09902,5.09902,5.09902,5.09902,5.09902,5.09902,5.09902,4.12311,4.12311,4.12311,4.12311,4.12311,4.12311,4.12311,4.12311,4.12311,4.12311,3.16228,79.75588,77.20104,81.5414,74.88658,72.42237,70.80254,67.62396,67.35726,62.00806,63.41136,60.30755,55.31727,54.03702,48.16638,48.16638,48.27007,49.20366,42.80187,43.26662,38.27532,41.59327,37.58989,37.16181,34.48188,34.88553,36.67424,34.0147,31.62278,31.01612,35.1141,36.05551,35.73514,33.24154,30.36445,31.62278,32.31099,30.36445,31.95309,30.41381,30.80584,31.30495,29.54657,26.40076,25.63201,26.0,22.84732,25.63201,21.84033,23.4094,25.07987,22.84732,21.9545,21.09502,22.2036,19.23538,21.63331,21.63331,33.12099,35.22783,36.79674,43.13931,39.82462,47.43416,46.32494,47.42362,49.24429,48.38388,51.41984,55.54278,57.70615,60.67125,62.07254,60.00833,63.07139,62.39391,66.48308,66.28725,65.9242,67.44627,65.78754,71.86793,64.4748,69.46222,67.08204,69.83552,64.49806,66.37017,61.29437,64.63745,63.51378,63.82006,64.3506,62.43397,57.42822,58.30952,56.60389,56.93856,58.59181,56.35601,57.27128,58.30952,58.60034,61.13101,62.03225,64.19502,64.28841,65.45991,69.28925,72.12489,74.67262,76.2168,79.30952,80.62258,78.72103
13.15295,13.15295,12.16553,12.36932,11.40175,11.40175,11.18034,10.19804,10.19804,9.21954,9.21954,9.21954,8.24621,8.06226,8.06226,8.06226,8.06226,7.0,7.0,7.0,7.0,6.0,7.0,7.07107,6.08276,6.08276,6.08276,6.08276,6.08276,6.08276,6.08276,6.08276,6.08276,5.09902,6.08276,6.08276,5.09902,5.09902,5.09902,5.09902,5.09902,4.12311,4.12311,4.12311,4.12311,4.12311,4.12311,4.0,4.0,4.0,4.0,4.0,79.84986,79.20227,78.26238,74.43118,76.47876,72.06941,72.06941,67.74216,64.3506,61.91123,58.5235,57.80138,54.70832,53.82379,50.77401,51.97115,51.62364,45.27693,39.35734,43.38202,37.69615,42.37924,36.40055,36.40055,36.76955,35.1141,38.07887,35.69314,33.54102,35.51056,36.22154,34.52535,32.38827,32.01562,35.35534,32.55764,30.26549,33.24154,31.257,31.57531,30.80584,28.86174,28.86174,26.4764,23.34524,25.70992,23.34524,24.73863,23.19483,25.0,21.37756,25.0,21.18962,20.61553,20.88061,18.86796,21.47091,36.76955,35.8469,38.83298,39.69887,42.44997,42.0119,43.82921,45.27693,48.8774,51.89412,52.55473,56.32051,58.24088,61.18823,60.67125,64.49806,62.1289,68.0,63.07139,66.27217,69.46222,70.85901,73.5459,70.88018,69.57011,71.47027,70.2282,68.942,69.07966,68.02941,66.70832,62.6099,66.7308,61.26989,63.50591,63.50591,61.7171,60.37384,58.18075,57.77543,58.30952,58.87274,60.08328,62.36185,58.24088,63.24555,62.0967,62.80127,67.68309,67.68309,70.61161,73.5459,72.56721,72.03471,79.30952,78.58753,78.84795
