8.06226,7.61577,8.544,8.544,7.61577,7.61577,8.544,7.61577,8.544,7.61577,8.94427,8.544,7.61577,7.61577,7.61577,8.544,7.61577,7.61577,7.28011,7.61577,6.7082,7.28011,6.7082,7.28011,7.61577,7.61577,7.28011,7.28011,7.28011,7.28011,6.32456,6.32456,6.32456,6.32456,5.38516,5.38516,5.83095,5.83095,5.38516,5.83095,5.83095,5.83095,5.38516,4.47214,4.47214,4.47214,4.47214,4.47214,5.0,5.0,4.24264,4.24264,44.38468,40.60788,45.17743,42.95346,41.01219,43.10452,41.10961,41.01219,42.29657,42.0,41.04875,41.19466,49.16299,46.09772,43.01163,46.52956,45.70558,44.18144,38.01316,43.04649,49.16299,44.0,39.05125,36.05551,37.05401,37.0,38.47077,37.05401,40.31129,38.47077,34.23449,38.11824,35.01428,33.01515,33.54102,33.13608,31.01612,33.13608,32.55764,36.0,32.01562,35.0571,29.27456,31.14482,26.01922,29.15476,29.15476,27.16616,27.29469,24.02082,22.84732,31.257,21.09502,23.5372,22.84732,27.20294,25.07987,44.40721,47.01064,42.94182,50.53712,49.98,48.70318,52.55473,54.40588,61.68468,61.18823,64.77654,63.63961,67.08204,71.06335,66.0,71.34424,76.0,71.02112,72.24957,71.02112,70.61161,74.46476,74.46476,71.06335,72.8011,72.36712,69.57011,70.83784,71.86793,71.8401,62.0967,64.19502,63.90618,60.08328,69.89278,65.78754,56.30275,63.24555,59.90826,63.78871,57.58472,63.34824,61.68468,58.69412,57.00877,53.60037,56.75385,56.75385,54.40588,55.08176,49.72927,55.31727,55.7853,47.07441,57.00877,49.49747,44.55334
8.544,8.544,8.544,9.48683,8.544,8.544,8.24621,8.24621,8.544,8.24621,9.48683,9.21954,9.21954,8.24621,8.24621,8.24621,8.24621,8.24621,8.24621,8.24621,8.24621,8.24621,7.28011,8.06226,8.24621,7.28011,7.07107,7.28011,8.24621,7.07107,7.28011,7.28011,7.28011,6.08276,7.07107,6.08276,7.28011,6.32456,6.32456,6.32456,6.32456,6.32456,5.38516,5.38516,5.38516,5.38516,5.38516,5.38516,5.38516,5.38516,5.38516,5.0,47.01064,47.16991,45.17743,44.04543,38.11824,40.1995,44.28318,44.18144,42.75512,40.26164,39.81206,38.60052,43.56604,43.17407,41.59327,44.14748,43.41659,46.87217,40.79216,40.16217,43.17407,39.45884,37.36308,37.10795,35.17101,42.42641,33.95585,38.07887,37.65634,40.5216,39.05125,36.40055,38.63936,33.37664,34.78505,31.7805,38.83298,30.67572,32.75668,32.01562,32.28002,29.27456,32.06244,29.01724,30.59412,27.45906,26.4764,28.44293,23.02173,22.0,24.5153,23.34524,23.19483,24.08319,25.17936,22.09072,22.09072,42.05948,41.14608,48.10405,46.48656,50.92151,49.24429,50.44799,55.54278,61.81424,61.0,63.07139,63.28507,69.46222,74.0,68.06614,71.34424,72.1734,72.83543,64.49806,71.58911,75.13322,75.18643,74.46476,70.60453,72.73239,75.58439,72.8011,73.1642,71.30919,66.85058,64.19502,62.03225,64.51356,64.19502,68.94926,66.21933,61.35145,65.19202,62.29767,67.6757,62.96825,62.16912,56.75385,61.84658,55.10898,57.28001,53.85165,57.27128,54.58938,60.87693,54.57105,57.87055,52.63079,51.62364,56.88585,51.41984,48.25971
7.81025,7.81025,8.06226,8.06226,7.2111,7.2111,8.06226,7.2111,8.06226,7.2111,7.81025,8.06226,7.2111,7.2111,7.2111,8.06226,7.2111,7.2111,6.7082,7.2111,6.40312,7.2111,6.40312,6.7082,7.2111,7.2111,6.40312,6.40312,6.7082,5.83095,6.40312,6.40312,6.40312,5.83095,6.40312,5.65685,5.65685,5.65685,5.65685,5.65685,5.0,5.0,5.65685,4.24264,5.0,4.24264,5.0,5.0,5.0,5.0,4.47214,4.47214,41.01219,38.0526,46.69047,39.45884,38.63936,42.2019,37.85499,43.73786,37.33631,46.57252,40.79216,44.92215,44.38468,39.29377,43.73786,47.75982,45.35416,38.60052,44.59821,38.8973,44.27189,35.17101,39.56008,37.64306,38.83298,40.49691,32.57299,35.1141,37.0,40.80441,39.56008,44.38468,29.73214,39.21734,29.54657,34.17601,32.28002,35.4683,30.08322,32.98485,31.7805,35.22783,28.44293,27.16616,30.36445,23.5372,30.26549,22.80351,24.18677,26.01922,29.06888,25.07987,24.08319,26.01922,27.07397,24.18677,27.20294,41.86884,46.40043,38.83298,50.24938,42.54409,52.3259,48.76474,54.626,62.39391,53.48832,61.40033,64.84597,68.15424,69.2315,72.69113,65.27634,76.32169,64.00781,74.10803,65.06919,65.27634,76.65507,65.27634,68.35934,70.5762,71.25307,66.4906,75.9276,60.41523,73.1642,55.31727,70.34202,64.53681,60.41523,59.90826,64.13267,55.44367,62.20129,60.01666,64.28063,60.20797,59.4138,62.80127,53.46027,58.54912,54.74486,58.0517,56.0803,54.33231,48.25971,50.24938,55.00909,58.30952,45.27693,52.34501,53.03772,44.55334
8.48528,7.81025,8.60233,7.81025,8.60233,7.81025,8.60233,7.81025,8.60233,8.60233,9.21954,8.60233,8.60233,7.81025,7.81025,8.60233,7.2111,7.81025,7.2111,7.2111,7.2111,7.2111,7.2111,7.2111,7.2111,7.2111,6.40312,7.2111,6.40312,7.2111,6.40312,6.40312,6.40312,6.40312,6.40312,6.40312,7.07107,5.65685,5.65685,5.65685,5.65685,5.65685,5.65685,5.0,5.0,5.0,5.0,5.0,5.0,5.0,4.47214,4.47214,40.0,43.10452,46.01087,43.01163,45.09989,43.10452,38.83298,40.31129,40.5216,44.91102,41.23106,39.62323,46.32494,40.79216,39.29377,43.9659,41.7732,42.2019,36.22154,42.95346,42.75512,38.20995,41.48494,38.07887,35.90265,37.85499,36.40055,37.65634,39.05125,39.29377,35.90265,39.31921,33.95585,36.67424,34.71311,31.14482,30.80584,34.71311,36.12478,34.36568,33.73426,30.14963,29.15476,28.28427,30.01666,27.0,28.0,22.02272,27.01851,26.01922,27.01851,24.02082,24.02082,23.02173,21.0238,22.13594,22.56103,46.01087,40.80441,41.6173,49.24429,45.17743,49.65884,50.53712,57.93962,60.16644,58.87274,61.03278,63.32456,71.16881,67.08204,65.37584,70.5762,73.43705,67.18631,69.02898,68.00735,68.26419,73.68175,72.83543,72.83543,74.1485,73.68175,69.37579,72.53275,71.30919,72.27724,60.63827,64.51356,67.44627,61.61169,63.32456,61.98387,63.78871,63.56099,59.68249,61.0,57.56735,62.36986,61.81424,60.63827,53.46027,59.84146,55.9017,57.55867,55.9017,52.46904,51.62364,54.08327,56.4358,48.25971,52.34501,49.0102,45.39824
7.81025,7.07107,7.81025,7.81025,7.81025,7.07107,7.81025,7.81025,7.81025,7.81025,7.81025,7.81025,7.81025,7.81025,7.07107,7.81025,7.2111,6.40312,6.40312,6.40312,6.40312,6.40312,6.40312,7.2111,6.40312,6.40312,6.40312,6.40312,6.40312,6.40312,5.65685,6.40312,5.65685,5.65685,5.65685,5.65685,5.65685,5.0,5.0,4.24264,4.24264,4.24264,5.0,4.24264,4.24264,4.24264,4.24264,3.60555,3.60555,4.47214,4.47214,4.12311,46.69047,45.89118,48.16638,41.97618,40.04997,40.0,39.20459,44.01136,42.57934,41.10961,39.11521,41.01219,47.16991,43.56604,43.01163,45.60702,48.16638,44.10215,42.04759,39.31921,42.95346,38.01316,41.7732,42.04759,39.11521,42.04759,38.20995,42.19005,40.31129,37.85499,35.35534,37.05401,36.12478,36.34556,34.05877,37.21559,37.85499,35.01428,35.0571,29.01724,29.15476,32.06244,31.06445,33.06055,29.0,30.01666,27.16616,29.27456,28.44293,25.01999,22.02272,25.01999,26.30589,24.33105,28.63564,19.41649,21.18962,44.01136,44.01136,46.23851,49.0408,48.27007,53.15073,53.93515,56.32051,59.3043,59.07622,61.40033,63.07139,71.06335,71.11259,65.62012,64.77654,70.45566,70.34202,68.44706,72.53275,72.8011,71.86793,68.15424,73.37575,70.77429,73.37575,68.70953,66.21178,63.95311,67.97794,57.80138,66.64833,67.08204,61.7171,63.06346,61.26989,55.54278,62.62587,60.83584,62.96825,61.7414,58.69412,58.30952,62.39391,59.23681,52.20153,56.32051,54.08327,54.08327,54.40588,52.88667,50.0,54.40588,49.39636,57.27128,53.85165,45.88028
6.32456,6.7082,6.7082,6.7082,6.7082,6.7082,6.7082,6.7082,6.7082,6.7082,6.7082,7.2111,6.7082,6.7082,6.7082,7.2111,5.83095,5.83095,5.83095,5.83095,5.83095,5.83095,5.83095,6.40312,5.83095,5.83095,5.83095,5.83095,5.83095,5.0,5.83095,5.83095,5.83095,5.38516,4.47214,4.47214,5.38516,4.47214,4.47214,4.47214,4.12311,4.47214,4.12311,4.12311,4.12311,3.16228,4.12311,4.12311,4.12311,4.0,4.0,4.0,44.40721,40.31129,42.52058,42.42641,43.27817,36.23534,42.2019,43.27817,40.81666,37.80212,41.67733,38.07887,44.29447,39.11521,43.82921,42.48529,47.88528,45.18849,44.10215,43.41659,42.94182,40.0,38.27532,39.44617,37.58989,38.91015,40.31129,35.8469,34.0,39.35734,35.22783,38.58756,33.28663,37.16181,31.40064,35.34119,33.54102,34.53983,39.11521,31.06445,32.64966,35.0,31.40064,29.15476,28.6007,27.01851,25.6125,29.41088,24.08319,24.83948,26.24881,25.0,28.01785,21.93171,26.24881,25.6125,23.70654,42.44997,42.15448,44.94441,45.69464,48.76474,46.51881,46.52956,55.22681,57.45433,60.74537,67.47592,63.89053,74.20243,67.89698,65.06919,68.11755,71.58911,67.42403,66.85058,71.56116,68.26419,77.66595,68.60029,72.94518,71.86793,72.94518,69.35416,68.942,71.17584,66.21178,60.83584,64.88451,63.07139,60.53924,64.88451,60.41523,60.37384,64.41273,59.9333,64.00781,56.93856,60.90156,57.3062,64.3506,60.20797,50.77401,54.91812,56.61272,52.20153,55.47071,55.22681,54.20332,52.83938,44.77723,52.80152,51.85557,49.0408
8.06226,7.2111,7.81025,7.81025,7.81025,7.2111,7.81025,7.81025,7.81025,7.81025,7.81025,7.81025,7.81025,7.81025,7.2111,7.81025,7.81025,6.40312,7.07107,6.40312,6.40312,6.40312,6.40312,6.40312,6.40312,6.40312,6.40312,6.40312,6.40312,6.40312,6.40312,6.40312,6.40312,5.0,5.83095,5.83095,5.83095,5.83095,5.0,5.0,5.38516,5.38516,4.47214,4.47214,4.47214,4.47214,4.47214,4.47214,4.47214,4.47214,4.12311,5.09902,42.05948,38.8973,48.50773,42.75512,41.01219,41.04875,42.29657,42.0,39.05125,42.57934,41.10961,41.01219,46.17359,38.20995,44.0,43.28972,47.01064,39.05125,37.0,41.19466,46.09772,37.05401,40.1995,39.31921,35.22783,39.0,39.20459,37.33631,35.22783,36.49658,39.62323,37.05401,36.0,37.01351,36.22154,33.01515,36.22154,33.06055,28.28427,32.01562,29.06888,31.01612,30.14963,27.0,28.07134,31.257,27.07397,26.07681,27.89265,30.41381,25.0,25.31798,20.22375,23.08679,24.73863,21.93171,25.0,43.56604,44.41846,44.72136,48.8467,47.43416,49.33559,53.45091,53.60037,59.66574,59.03389,62.64982,62.39391,70.34913,63.1981,67.00746,67.47592,74.16873,67.74216,71.02112,70.85901,70.0928,72.12489,69.64194,73.68175,71.30919,72.53275,66.70832,70.77429,65.9242,72.61543,60.41523,70.26379,65.79514,62.29767,62.6099,61.84658,59.46427,68.70953,60.72891,63.89053,61.32699,63.90618,60.16644,55.97321,56.04463,66.09841,59.48109,56.04463,50.92151,55.36244,49.33559,51.92302,54.78138,50.44799,53.14132,46.57252,50.28916
8.06226,8.94427,8.94427,8.94427,8.94427,8.94427,8.544,8.544,8.544,8.544,8.94427,8.544,8.94427,8.94427,8.94427,8.544,8.544,7.61577,7.61577,7.61577,7.61577,7.61577,6.7082,7.61577,7.61577,7.61577,7.61577,7.61577,7.61577,7.28011,6.7082,6.7082,7.61577,6.7082,6.7082,6.7082,6.7082,5.83095,5.83095,5.83095,5.83095,5.83095,5.83095,5.83095,5.83095,5.83095,5.83095,5.0,5.0,5.0,5.65685,5.65685,42.10701,45.27693,50.01,38.83298,39.84972,38.62642,43.32436,42.37924,40.80441,41.23106,41.78516,42.54409,44.77723,44.64303,38.8973,39.0,47.42362,43.86342,41.59327,38.62642,44.38468,39.56008,40.81666,38.07887,35.77709,40.49691,34.0147,40.71855,36.40055,35.8469,34.43835,35.1141,34.9285,40.24922,30.52868,37.0,35.35534,33.12099,33.83785,31.90611,30.52868,29.61419,29.12044,30.08322,25.31798,27.45906,28.44293,27.29469,22.80351,24.73863,25.70992,23.08679,26.07681,23.76973,25.07987,24.08319,25.31798,43.13931,42.44997,44.20407,52.20153,47.43416,52.7731,51.97115,56.79789,63.50591,56.85948,65.45991,62.93648,72.8011,68.88396,69.58448,67.08204,75.13322,69.46222,73.43705,68.02941,71.00704,77.02597,70.25667,76.10519,77.31753,71.06335,67.74216,70.34913,65.62012,78.40918,63.3877,71.84706,69.58448,62.20129,65.76473,64.12488,60.20797,65.19202,60.13319,65.19202,62.28965,62.03225,63.00794,61.03278,58.00862,54.08327,53.0,58.03447,54.03702,54.0,56.00893,55.03635,53.00943,46.04346,52.03845,54.23099,48.50773
7.07107,7.0,7.0,7.0,7.0,7.0,7.0,7.0,7.0,7.0,7.0,7.0,7.0,7.0,7.0,8.06226,7.07107,7.07107,6.08276,7.07107,6.0,7.07107,6.0,6.08276,7.0,6.08276,6.08276,7.0,6.08276,6.08276,5.0,6.0,5.0,5.0,6.08276,5.0,5.0,5.0,5.0,4.0,5.0,5.0,5.0,4.0,4.0,4.0,4.0,4.0,4.12311,4.12311,4.12311,4.12311,43.32436,43.65776,42.95346,44.29447,43.04649,36.05551,38.01316,46.87217,41.04875,44.40721,44.68781,45.45327,43.41659,46.2277,40.49691,42.42641,46.04346,44.04543,39.82462,41.10961,36.87818,39.05125,38.20995,38.41875,33.83785,39.40812,37.01351,36.79674,39.82462,37.48333,35.60899,38.20995,37.73592,39.05125,33.97058,37.20215,32.01562,36.23534,30.80584,34.66987,30.61046,31.90611,33.01515,31.62278,30.41381,33.83785,28.6007,27.80288,25.55386,23.34524,26.62705,22.47221,23.4094,25.29822,25.94224,26.0,22.84732,44.10215,44.55334,49.67897,49.49747,51.66237,54.48853,52.40229,55.0,61.61169,61.40033,62.96825,62.64982,68.26419,69.46222,71.86793,68.35203,72.01389,71.16881,68.62215,67.91171,68.65858,73.34848,71.38627,73.82412,71.25307,68.88396,69.06519,68.11755,69.18092,70.85901,60.82763,67.26812,64.12488,60.53098,68.35934,58.85576,62.80127,62.64982,59.5399,65.62012,62.28965,62.16912,55.31727,61.0,54.74486,54.70832,54.81788,51.1957,55.7853,58.0517,54.81788,53.75872,55.31727,48.76474,54.81788,51.92302,47.92703
7.81025,7.81025,7.07107,7.81025,7.81025,7.81025,8.48528,8.48528,8.48528,7.81025,8.48528,8.48528,8.48528,8.48528,7.81025,8.48528,7.81025,7.07107,7.07107,7.07107,7.07107,7.07107,7.07107,6.40312,7.07107,7.07107,6.40312,6.40312,7.07107,6.40312,6.40312,6.40312,6.40312,5.65685,5.65685,5.65685,5.65685,5.65685,5.65685,5.65685,5.0,5.65685,5.0,5.0,5.0,4.24264,5.0,5.0,4.24264,5.0,4.47214,4.47214,43.46263,44.29447,44.64303,47.29693,40.80441,44.72136,38.83298,44.10215,37.48333,48.83646,41.30375,41.04875,45.54119,36.49658,45.27693,45.04442,47.09565,44.55334,41.4367,39.62323,47.26521,41.0,41.10961,33.06055,38.32754,35.51056,35.12834,41.0,40.1995,41.04875,35.12834,39.20459,31.257,38.20995,32.01562,33.54102,32.38827,30.80584,29.41088,35.69314,33.37664,32.98485,35.17101,30.67572,27.16616,30.14963,32.98485,28.23119,28.63564,27.85678,27.51363,28.4605,26.0,20.12461,26.40076,24.69818,26.07681,46.52956,47.53946,46.48656,49.72927,48.6621,50.35871,50.63596,53.46027,64.28063,57.00877,65.00769,64.00781,67.06713,71.34424,73.34848,70.61161,80.23092,64.56005,72.12489,67.41662,74.84651,73.34848,66.30988,71.51224,76.15773,73.34848,68.26419,74.30343,64.63745,74.79305,60.37384,67.74216,66.88797,63.63175,66.57327,65.51336,55.03635,67.97794,59.03389,63.06346,64.3506,60.03332,57.70615,59.05929,59.9333,57.69749,56.82429,57.69749,55.03635,51.88449,51.88449,55.9464,58.18075,42.15448,49.64877,53.7122,44.41846
8.06226,8.06226,8.60233,8.60233,8.60233,8.60233,8.60233,7.81025,8.60233,8.60233,8.60233,8.60233,8.60233,8.60233,8.60233,9.21954,7.81025,7.81025,7.81025,7.81025,7.81025,7.81025,7.2111,7.81025,7.81025,7.81025,7.81025,7.81025,7.81025,7.07107,7.2111,7.2111,6.40312,6.40312,6.40312,5.83095,6.40312,5.83095,5.83095,5.83095,5.83095,5.83095,5.83095,5.0,5.83095,5.0,5.38516,5.38516,5.38516,5.38516,5.38516,5.09902,41.59327,36.49658,46.01087,41.19466,36.0,39.11521,40.04997,43.10452,40.1995,36.01389,36.67424,36.01389,41.19466,41.10961,40.31129,37.10795,42.42641,39.81206,36.34556,41.30375,40.79216,39.01282,39.20459,37.65634,34.05877,38.47077,34.0147,38.83298,35.22783,36.67424,31.06445,33.37664,34.36568,36.49658,29.06888,31.40064,31.0,35.51056,31.14482,29.0,29.0,30.0,32.55764,29.06888,33.13608,25.01999,26.01922,28.16026,21.2132,22.09072,23.08679,21.2132,25.17936,25.31798,26.01922,25.96151,23.76973,42.72002,41.23106,45.61798,49.39636,51.62364,47.80167,48.27007,57.27128,61.39218,55.7315,62.80127,63.63961,68.593,68.18358,68.11755,66.18912,72.06247,68.06614,70.85901,68.65858,67.18631,73.97973,68.94926,71.30919,71.47027,70.60453,63.56886,69.07966,68.35203,70.00714,57.24509,69.26038,67.23095,61.03278,65.30697,60.16644,61.09828,62.36185,59.43904,63.78871,64.03124,61.03278,56.61272,57.00877,57.28001,57.24509,54.40588,53.16014,52.49762,57.72348,53.36666,45.89118,51.41984,51.66237,53.15073,48.83646,47.43416
7.28011,7.61577,7.61577,7.61577,7.61577,7.61577,7.61577,7.61577,7.61577,6.7082,7.61577,8.06226,7.61577,7.61577,7.61577,8.06226,8.06226,6.7082,6.7082,6.7082,6.7082,6.7082,6.7082,6.7082,6.7082,7.2111,6.7082,6.7082,6.7082,5.83095,5.83095,5.83095,5.83095,5.83095,5.83095,5.38516,5.38516,5.38516,4.47214,4.47214,4.47214,5.38516,4.47214,4.47214,4.47214,4.12311,4.12311,4.12311,4.12311,4.12311,4.12311,4.0,42.80187,43.01163,44.59821,37.48333,43.93177,39.62323,43.93177,37.01351,46.09772,43.41659,42.2019,43.41659,47.20169,42.0119,42.80187,43.41659,46.61545,39.69887,37.01351,43.60046,42.94182,41.6173,37.73592,38.60052,43.41659,39.20459,43.56604,38.83298,32.55764,38.60052,38.91015,38.07887,35.0,35.22783,34.1321,31.82766,33.42155,35.0,34.82815,34.4093,34.4093,32.80244,28.28427,32.55764,26.24881,30.80584,27.01851,24.83948,24.75884,24.83948,29.20616,28.3196,24.75884,24.20744,26.24881,25.4951,25.6125,42.54409,44.38468,47.42362,45.17743,50.47772,49.64877,49.92995,54.40588,62.80127,58.79626,62.96825,62.93648,71.44928,70.17834,70.0,73.4983,75.60423,68.7968,64.89992,71.69379,71.69379,78.26238,76.48529,71.11259,73.00685,71.11962,69.89278,69.07966,68.94926,69.46222,62.62587,66.09841,64.2573,60.92618,67.05222,62.24147,61.7414,63.97656,59.77458,68.942,59.23681,65.0,58.60034,63.52952,56.79789,47.41308,56.82429,50.9902,56.35601,57.3062,51.62364,57.14018,53.0,49.92995,48.25971,52.35456,47.16991
7.0,7.07107,7.07107,7.07107,7.07107,7.07107,7.07107,7.07107,7.07107,7.28011,7.07107,7.28011,7.07107,6.32456,7.07107,7.28011,6.32456,6.08276,6.32456,6.32456,6.08276,6.32456,6.08276,6.32456,6.32456,6.08276,6.08276,6.32456,6.32456,5.38516,5.09902,5.09902,5.09902,5.09902,5.09902,5.09902,5.09902,5.09902,5.09902,5.09902,4.0,4.0,4.0,4.0,4.0,4.0,4.0,4.0,4.0,4.0,4.12311,3.16228,38.94868,46.69047,44.04543,38.28838,40.31129,42.80187,41.6173,40.81666,37.57659,41.88078,44.41846,45.65085,45.27693,40.71855,41.34005,39.0,43.08132,46.09772,39.96248,43.04649,45.65085,35.22783,38.8973,39.96248,35.51056,37.73592,35.51056,39.39543,36.23534,38.94868,34.9285,38.01316,36.61967,35.8469,33.12099,33.54102,33.28663,33.28663,33.6006,30.80584,29.52965,31.89044,28.6531,30.52868,29.68164,29.06888,29.69848,26.41969,25.4951,24.20744,26.40076,21.93171,27.80288,24.75884,24.08319,25.23886,20.0,43.10452,42.57934,45.54119,46.32494,45.22168,53.14132,49.76947,59.9333,61.7171,57.3062,66.24198,61.40033,72.94518,67.41662,68.88396,69.42622,77.7946,67.17887,69.29646,69.52697,71.84706,75.60423,70.60453,68.76772,70.80254,71.21798,68.50547,70.83078,66.24198,72.40166,60.20797,67.1193,65.51336,62.96825,63.52952,64.00781,58.82176,67.1193,56.0803,63.25346,64.66065,58.82176,58.00862,58.41233,52.00961,63.12686,53.00943,54.3783,52.49762,52.43091,52.00961,51.22499,57.68882,45.60702,52.43091,45.45327,41.23106
8.24621,7.61577,8.544,8.544,8.544,7.28011,8.544,7.61577,8.544,7.61577,8.544,8.544,8.544,8.544,7.61577,8.544,7.61577,7.61577,7.61577,7.61577,7.61577,7.61577,6.7082,7.61577,7.61577,7.61577,6.7082,7.61577,7.61577,6.7082,6.32456,6.7082,6.7082,6.32456,6.32456,6.32456,6.32456,6.32456,6.32456,5.38516,5.09902,5.38516,5.38516,5.09902,5.09902,4.12311,5.09902,5.09902,5.09902,5.0,5.0,4.0,48.9183,40.36087,41.14608,41.18252,46.14109,39.82462,40.71855,40.71855,41.78516,39.35734,41.78516,41.14608,47.01064,38.62642,42.05948,38.8973,44.94441,43.32436,38.27532,40.49691,39.92493,38.01316,39.05125,37.69615,37.57659,37.33631,38.48376,41.97618,33.61547,41.78516,33.24154,30.41381,34.53983,35.1141,31.7805,33.12099,33.52611,30.67572,34.43835,32.20248,32.75668,28.6007,31.30495,31.38471,30.88689,26.40076,25.6125,29.68164,23.60085,22.02272,24.83948,24.20744,25.6125,24.08319,24.08319,23.60085,23.34524,44.55334,46.27094,47.16991,47.09565,50.01,50.08992,51.35173,59.22837,61.18823,61.61169,60.63827,65.80274,66.48308,69.26038,68.44706,70.68239,74.24284,73.06162,70.66116,71.28113,72.20111,76.83749,72.62231,73.60027,72.47068,73.60027,71.42129,69.31089,68.62215,70.0928,63.12686,67.20863,67.88225,68.0147,70.03571,61.55485,62.2254,63.65532,59.5483,64.2028,60.10824,63.03174,60.959,64.03124,50.9902,51.66237,56.85068,54.20332,55.31727,58.89822,54.67175,55.21775,51.62364,49.57822,55.44367,50.80354,50.80354
7.2111,6.7082,7.61577,8.06226,8.06226,6.7082,7.61577,7.61577,7.61577,7.61577,8.06226,7.61577,7.61577,7.61577,6.7082,7.61577,6.32456,6.32456,6.7082,6.7082,6.7082,6.7082,5.38516,6.7082,6.7082,6.32456,6.32456,6.7082,6.32456,5.38516,5.83095,5.38516,5.38516,5.38516,5.38516,4.47214,5.38516,5.0,4.47214,4.47214,4.47214,4.47214,4.47214,4.47214,4.47214,3.60555,3.60555,3.60555,3.60555,4.24264,4.24264,3.60555,41.97618,43.18565,39.62323,41.59327,41.19466,41.19466,38.0526,49.16299,39.01282,44.0,40.0,42.10701,42.0119,42.04759,39.20459,40.0125,47.01064,47.04253,42.0,40.11234,44.18144,41.04875,40.31129,43.01163,39.20459,42.10701,36.12478,39.05125,40.0,34.52535,37.12142,33.06055,35.0571,38.0,35.12834,36.0,40.04997,36.01389,34.0,34.1321,31.14482,29.0,33.01515,33.01515,34.1321,28.0,28.28427,31.257,25.01999,25.17936,22.2036,23.02173,26.92582,26.68333,23.08679,21.93171,26.0,44.94441,48.38388,45.35416,51.24451,48.05206,52.61179,48.6621,56.7186,60.29925,56.00893,63.00794,61.0082,68.06614,71.17584,67.74216,65.11528,73.97973,66.76077,71.30919,66.94027,71.8401,77.25283,65.39113,71.17584,68.8767,70.26379,68.09552,68.60029,64.84597,69.35416,56.82429,67.60178,65.79514,63.56099,65.29931,64.07808,60.82763,59.94164,62.17717,66.70832,65.79514,55.36244,60.41523,57.24509,53.7122,53.60037,50.59644,49.24429,52.20153,51.89412,56.46238,50.69517,55.71355,44.92215,53.7122,51.41984,49.39636
7.28011,7.28011,7.61577,7.61577,7.61577,7.28011,7.61577,6.7082,7.61577,6.7082,7.61577,7.61577,7.61577,7.28011,6.32456,7.61577,6.7082,6.7082,6.7082,6.7082,6.7082,6.7082,5.38516,6.7082,6.7082,5.38516,5.83095,6.7082,6.7082,5.38516,5.38516,5.38516,5.38516,5.38516,5.38516,5.38516,5.38516,5.09902,5.09902,5.09902,4.12311,4.12311,4.12311,4.12311,4.12311,3.16228,4.12311,4.0,4.0,4.0,4.0,4.0,41.72529,44.68781,41.6173,46.2277,43.01163,41.04875,43.86342,47.70744,40.70626,39.82462,42.48529,42.95346,43.909,46.61545,39.82462,45.65085,47.01064,44.77723,38.48376,42.54409,47.01064,42.05948,39.56008,41.14608,38.47077,38.91015,39.82462,37.94733,32.69557,38.62642,36.40055,34.0,34.9285,35.8469,32.69557,35.4683,33.54102,34.9285,34.48188,34.0147,28.63564,29.20616,27.20294,28.6531,29.06888,29.83287,24.83948,26.07681,21.40093,22.02272,24.69818,22.2036,25.23886,26.90725,22.67157,21.40093,24.18677,46.32494,43.68066,44.64303,51.66237,48.38388,49.65884,50.56679,52.7731,60.37384,61.26989,62.96825,62.68174,70.83078,65.43699,68.88396,67.89698,74.24958,67.94115,63.65532,66.70832,71.06335,77.46612,71.40028,72.40166,72.94518,68.00735,68.09552,68.09552,66.88797,65.19202,59.5399,67.53518,64.49806,61.29437,65.8635,61.29437,60.20797,66.03787,59.64059,63.82006,59.07622,57.68882,59.07622,54.81788,53.41348,54.08327,58.41233,57.62812,56.63921,55.0,48.16638,51.08816,51.40039,44.82187,50.32892,45.27693,50.32892
9.43398,8.60233,9.21954,9.43398,10.0,8.60233,9.21954,9.21954,9.21954,9.21954,8.60233,9.21954,9.21954,9.21954,8.60233,9.21954,8.48528,7.81025,7.81025,7.81025,7.81025,8.48528,7.81025,7.81025,7.81025,7.81025,7.07107,7.81025,7.81025,7.07107,7.07107,7.81025,7.07107,7.07107,6.40312,6.40312,6.40312,6.40312,6.40312,6.40312,6.40312,6.40312,5.83095,5.0,5.0,5.0,5.83095,5.83095,5.83095,5.38516,5.38516,5.38516,39.81206,41.76123,47.43416,37.33631,41.10961,44.59821,40.79216,40.02499,37.33631,39.62323,38.63936,38.32754,45.27693,39.62323,39.84972,41.04875,44.40721,41.0,39.62323,42.44997,42.10701,38.20995,39.0,34.23449,34.0,35.22783,34.05877,39.01282,38.32754,38.32754,34.52535,32.38827,36.49658,35.0,28.01785,34.1321,32.01562,36.22154,33.37664,27.51363,27.45906,32.75668,28.63564,32.06244,25.96151,26.92582,26.92582,29.41088,22.84732,19.92486,24.16609,25.4951,26.57066,23.25941,22.84732,27.29469,22.80351,43.56604,44.10215,44.0,48.16638,48.37355,53.60037,48.50773,54.74486,63.78871,57.72348,62.93648,62.8172,69.857,70.00714,66.70832,67.08204,71.17584,67.23095,67.08204,72.67049,74.4043,73.81734,72.20111,72.42237,72.62231,72.11103,68.76772,69.35416,66.52819,68.76772,61.6198,70.29225,65.11528,58.41233,65.94695,60.44005,59.81639,59.81639,58.24946,66.03787,60.60528,56.0803,58.5235,57.42822,52.69725,52.00961,57.00877,53.25411,55.47071,55.21775,56.79789,49.24429,51.47815,50.24938,50.60632,48.75449,46.06517
8.24621,7.61577,7.61577,8.544,7.61577,7.61577,8.544,7.61577,7.61577,7.61577,8.544,8.94427,7.61577,7.61577,7.61577,8.544,7.61577,7.61577,7.61577,6.7082,6.7082,6.7082,6.7082,6.7082,6.7082,6.7082,6.7082,6.7082,6.7082,6.7082,6.32456,6.7082,5.38516,5.38516,6.32456,5.38516,6.32456,5.38516,5.38516,5.38516,5.09902,5.09902,5.09902,5.09902,4.12311,4.12311,4.12311,4.12311,4.12311,4.0,4.0,4.0,37.53665,41.03657,45.22168,41.40048,45.60702,38.94868,38.83298,47.20169,40.22437,38.27532,42.94182,40.31129,46.06517,44.20407,44.41846,43.56604,47.01064,44.94441,43.60046,42.05948,46.51881,38.94868,38.94868,36.89173,39.11521,39.44617,38.58756,39.44617,38.28838,38.48376,32.69557,36.05551,37.01351,35.8469,33.83785,31.62278,31.89044,36.23534,37.44329,33.28663,31.40064,31.90611,27.80288,29.06888,30.61046,34.20526,25.0,25.45584,27.01851,29.73214,27.01851,28.3196,26.24881,29.20616,24.08319,24.41311,23.70654,42.29657,43.73786,46.38965,48.27007,52.20153,49.98,52.55473,55.54278,62.03225,63.06346,63.63175,65.36819,68.60029,68.8186,70.17834,69.52697,77.46612,70.72482,68.593,68.593,66.21933,71.70077,70.43437,72.00694,74.09453,73.24616,68.26419,71.02112,68.09552,66.88797,66.37017,65.51336,62.76942,59.64059,64.00781,61.03278,57.42822,62.42596,58.24946,64.89992,63.51378,61.07373,59.5483,59.40539,55.21775,52.49762,56.40035,57.48913,55.22681,56.0803,52.63079,54.20332,56.30275,44.82187,51.86521,50.44799,42.80187
7.61577,7.61577,6.7082,8.06226,7.61577,7.61577,7.61577,7.61577,7.61577,6.7082,7.61577,8.06226,8.06226,8.06226,7.61577,8.06226,7.2111,6.7082,7.2111,6.7082,6.7082,6.7082,5.83095,6.7082,6.7082,6.7082,5.83095,6.7082,6.7082,5.83095,5.83095,6.7082,5.38516,5.38516,5.38516,5.38516,5.38516,5.09902,5.38516,5.38516,4.12311,5.09902,4.12311,4.12311,4.12311,4.12311,4.12311,4.12311,4.0,4.0,4.0,4.0,43.41659,50.47772,41.7732,43.27817,43.13931,43.13931,39.59798,42.0119,45.34314,41.23106,41.23106,42.0119,46.8615,38.94868,41.88078,45.65085,44.94441,45.27693,41.88078,44.77723,46.61545,38.01316,35.51056,40.81666,35.22783,37.44329,40.22437,38.94868,38.83298,38.27532,35.22783,39.35734,37.12142,34.88553,34.0147,35.80503,36.23534,34.98571,34.65545,33.01515,32.64966,29.52965,32.64966,28.42534,26.1725,27.58623,25.55386,30.61046,24.83948,24.75884,27.80288,22.80351,29.06888,24.20744,29.0,27.20294,20.12461,43.909,46.04346,47.01064,48.41487,48.08326,50.93133,43.93177,54.56189,64.03124,61.07373,60.60528,65.0,70.21396,70.71068,71.69379,69.46222,75.17978,73.92564,66.64083,72.42237,72.12489,79.12016,74.33034,74.63243,74.2159,72.73239,67.72001,67.91171,71.58911,67.18631,59.90826,70.88018,64.7611,65.0,72.36712,63.89053,64.03124,58.94065,55.97321,65.9242,61.40033,62.96825,59.23681,67.1193,52.92447,55.9464,57.38467,54.626,57.27128,54.626,55.9017,52.35456,53.66563,44.77723,55.07268,45.80393,50.60632
8.24621,8.24621,8.544,8.24621,8.544,8.24621,8.544,8.544,8.544,8.544,8.544,8.544,8.544,8.544,7.28011,8.544,7.61577,7.61577,7.61577,7.28011,7.61577,7.61577,7.28011,7.61577,7.28011,7.61577,7.61577,7.28011,6.32456,6.7082,6.32456,6.32456,6.32456,6.32456,6.32456,6.32456,6.32456,6.08276,6.08276,5.09902,6.08276,6.08276,5.09902,5.09902,5.09902,5.09902,5.0,5.0,5.0,5.0,5.0,5.09902,43.86342,41.03657,46.61545,38.27532,45.48626,39.11521,43.41659,39.20459,41.18252,44.10215,44.77723,42.54409,44.29447,43.909,43.82921,42.54409,46.51881,39.35734,35.8469,43.86342,47.16991,34.48188,39.92493,37.69615,39.39543,41.34005,37.57659,37.16181,36.71512,37.0,36.71512,36.05551,31.38471,33.61547,31.7805,34.17601,33.54102,31.90611,31.38471,31.38471,35.1141,33.01515,30.01666,31.06445,28.84441,30.0,28.6007,25.45584,24.83948,23.02173,25.23886,26.40076,20.51828,21.26029,22.62742,24.04163,20.51828,45.39824,44.28318,46.87217,48.27007,52.20153,53.75872,51.86521,55.15433,60.16644,61.29437,65.8635,65.74192,74.30343,72.71864,68.41053,70.93659,70.29225,68.593,71.50524,77.07788,71.44928,73.0,72.18033,73.59348,72.42237,73.10951,69.64194,70.72482,70.45566,74.88658,62.20129,67.6757,65.36819,63.51378,66.28725,67.20119,59.40539,67.47592,60.80296,63.89053,60.21628,64.81512,62.80127,56.85068,54.67175,65.29931,59.40539,57.62812,55.22681,54.81788,55.9017,56.63921,56.0803,55.22681,56.56854,48.10405,45.45327
8.94427,8.544,8.24621,8.544,8.544,8.544,8.24621,8.24621,8.24621,8.24621,8.544,8.544,8.544,8.24621,7.61577,8.24621,8.24621,8.24621,7.28011,8.24621,7.28011,7.28011,7.28011,8.24621,7.28011,7.28011,7.28011,7.28011,7.28011,7.28011,6.32456,7.28011,7.28011,6.32456,6.32456,6.32456,6.32456,6.32456,5.38516,5.38516,5.38516,5.38516,5.38516,5.38516,5.38516,5.38516,5.38516,5.38516,4.47214,4.47214,5.0,4.24264,37.65634,43.17407,45.88028,43.46263,43.32436,39.56008,38.27532,41.78516,39.56008,42.72002,45.27693,39.82462,47.16991,41.62932,43.01163,41.14608,46.61545,42.94182,39.0,43.909,41.14608,43.65776,36.05551,38.27532,36.67424,38.47077,38.8973,40.71855,34.0147,40.24922,32.57299,36.40055,35.4683,39.35734,34.88553,32.31099,31.30495,30.01666,33.61547,26.40076,32.28002,29.41088,28.4605,27.20294,28.79236,30.59412,28.28427,31.95309,22.80351,24.73863,23.34524,27.313,22.47221,24.33105,23.76973,25.01999,24.08319,39.62323,45.60702,46.66905,50.93133,50.44799,54.67175,51.62364,56.22277,61.22091,59.90826,60.83584,63.15853,74.32362,68.62215,64.84597,66.48308,77.83315,71.38627,66.94027,69.64194,68.15424,72.00694,74.54529,75.10659,70.00714,77.31753,70.11419,68.02941,70.00714,66.0303,66.00758,65.0,66.0,63.3877,70.34913,63.63961,59.3043,62.0,63.03174,63.1981,63.50591,64.62971,63.07139,58.07753,56.0803,52.23983,53.33854,58.69412,51.97115,58.30952,53.23533,55.14526,58.03447,51.47815,58.24946,53.15073,42.75512
7.07107,8.06226,7.28011,8.06226,8.06226,7.07107,8.24621,7.28011,7.28011,7.28011,8.24621,8.24621,8.24621,7.28011,7.07107,8.24621,7.28011,7.28011,7.28011,7.28011,6.32456,7.28011,6.32456,6.32456,6.32456,7.28011,6.32456,6.32456,6.32456,6.32456,6.32456,6.32456,6.32456,5.09902,6.32456,5.09902,6.08276,5.09902,5.09902,5.09902,5.09902,5.09902,5.09902,4.12311,4.12311,4.12311,4.0,4.0,4.0,4.0,4.0,4.12311,46.57252,39.56008,39.92493,41.23106,41.18252,42.54409,42.05948,41.67733,39.11521,42.63801,39.44617,45.60702,44.94441,42.72002,41.7732,43.41659,47.70744,45.45327,37.80212,41.6173,46.75468,40.60788,37.48333,36.67424,41.67733,40.81666,39.05125,41.23106,36.06938,43.86342,38.28838,41.10961,34.98571,36.61967,33.30165,32.24903,33.28663,33.28663,33.12099,26.92582,33.28663,30.61046,33.12099,30.88689,30.01666,30.80584,26.92582,28.6531,22.84732,26.62705,25.55386,23.70654,25.05993,24.16609,25.63201,29.15476,25.4951,45.45327,41.10961,47.38143,53.03772,51.73973,47.20169,53.00943,55.21775,63.81222,63.63175,65.51336,62.64982,70.49113,67.54258,64.51356,71.16881,72.12489,72.27724,69.12308,72.00694,71.19691,80.50466,73.68175,72.36712,73.24616,74.96666,71.34424,69.18092,69.0,70.17834,64.19502,68.00735,66.0,63.07139,68.11755,65.27634,63.12686,61.40033,58.69412,68.06614,64.19502,60.67125,60.67125,61.81424,52.7731,59.03389,57.55867,52.61179,53.60037,52.61179,51.5461,56.08921,57.07013,48.50773,57.00877,49.72927,48.05206
7.2111,7.81025,7.07107,7.81025,7.81025,7.81025,7.81025,7.07107,7.07107,7.81025,7.81025,7.81025,7.81025,7.81025,7.81025,7.81025,7.07107,7.07107,7.07107,7.07107,6.40312,7.07107,6.40312,7.07107,6.40312,7.07107,5.65685,6.40312,6.40312,5.65685,6.40312,5.65685,5.65685,5.83095,5.65685,5.0,5.83095,5.38516,4.47214,4.47214,4.47214,5.0,4.47214,4.47214,4.47214,4.47214,4.47214,4.12311,4.12311,4.12311,4.12311,4.0,44.38468,38.83298,45.27693,34.0,42.29657,43.04649,40.04997,44.18144,42.29657,43.18565,42.19005,42.10701,46.04346,40.31129,40.0125,43.18565,44.40721,47.09565,41.19466,40.5216,45.39824,38.20995,36.67424,38.01316,39.45884,41.59327,38.11824,41.19466,37.21559,36.01389,32.75668,40.11234,31.14482,35.12834,28.28427,33.06055,38.11824,35.0571,32.01562,32.38827,29.0,32.01562,32.01562,30.26549,30.26549,29.06888,27.29469,26.30589,20.0,23.19483,27.07397,20.88061,27.16616,29.42788,26.4764,24.69818,24.16609,43.82921,45.54119,42.15448,48.38388,46.8188,50.21952,52.39275,53.60037,59.68249,54.45181,62.03225,64.00781,68.02941,65.06919,71.70077,65.62012,75.32596,68.65858,76.48529,70.03571,68.96376,73.38937,68.96376,73.73602,70.68239,75.02666,67.97794,69.77822,65.30697,70.77429,63.07139,67.54258,65.9242,62.76942,64.88451,64.07808,59.61543,64.84597,61.46544,66.70832,62.96825,58.18075,60.00833,60.16644,54.08327,59.77458,57.28001,54.81788,53.75872,52.88667,54.08327,55.15433,53.85165,45.22168,55.65968,53.45091,52.88667
8.0,8.0,8.06226,9.0,8.0,8.0,9.05539,8.06226,9.05539,8.06226,9.05539,8.06226,8.06226,8.06226,8.0,9.05539,8.06226,8.06226,7.07107,8.06226,7.0,7.07107,7.07107,8.06226,7.07107,7.07107,7.07107,7.07107,7.07107,7.07107,7.0,7.07107,7.07107,6.0,7.07107,6.0,7.0,6.0,6.0,6.0,6.0,6.0,6.0,5.0,5.0,5.0,5.09902,5.09902,5.09902,5.09902,5.09902,5.09902,42.05948,39.44617,44.41846,39.40812,39.66106,40.0,36.79674,41.23106,40.0,38.28838,38.28838,40.31129,43.18565,35.4683,40.31129,38.28838,48.08326,41.03657,37.53665,39.62323,38.41875,36.06938,39.05125,37.64306,36.79674,35.4683,32.20248,36.79674,35.4683,38.20995,30.4795,35.38361,33.30165,38.20995,29.69848,33.24154,30.41381,37.48333,29.20616,31.82766,28.3196,28.3196,32.20248,25.4951,27.01851,29.20616,26.40076,24.41311,27.80288,21.63331,24.18677,22.80351,20.0,24.69818,24.18677,22.84732,23.76973,41.04875,43.60046,42.63801,50.91169,47.38143,52.34501,50.20956,54.03702,60.60528,57.80138,61.29437,61.61169,70.72482,67.74216,69.857,64.84597,76.96753,66.48308,70.5762,66.76077,74.33034,71.06335,70.83078,74.2159,72.78049,68.15424,69.2315,72.18033,63.1981,73.82412,60.01666,66.48308,62.28965,63.15061,61.98387,63.15061,58.85576,66.48308,59.22837,63.56099,64.62971,59.48109,56.921,55.54278,55.54278,54.08327,55.7853,51.41984,57.24509,51.24451,50.96077,48.8467,54.78138,44.38468,50.28916,49.64877,47.16991
7.0,8.06226,7.07107,8.06226,7.07107,7.07107,8.06226,7.07107,8.06226,7.07107,8.06226,8.24621,7.07107,7.07107,7.07107,8.24621,7.28011,7.28011,7.28011,7.07107,6.08276,6.08276,6.08276,7.28011,7.07107,6.32456,6.32456,6.08276,6.32456,6.32456,6.08276,6.08276,6.08276,5.09902,6.32456,5.09902,6.08276,5.09902,5.09902,5.09902,5.09902,5.09902,4.12311,4.12311,4.12311,4.12311,4.0,4.0,4.0,4.0,4.12311,4.12311,39.44617,44.28318,44.65423,39.05125,45.22168,38.94868,44.68781,42.2019,43.86342,38.94868,38.94868,45.96738,41.7732,42.44997,42.44997,40.45986,43.18565,42.42641,39.05125,41.72529,42.63801,41.03657,36.87818,40.45986,38.8973,40.31129,38.60052,37.48333,38.94868,42.63801,36.12478,36.12478,35.80503,36.23534,36.40055,33.30165,33.97058,36.12478,29.68164,30.61046,37.80212,29.06888,29.0,33.01515,29.52965,30.80584,25.0,30.0,27.20294,26.1725,27.45906,26.1725,23.32381,23.02173,25.94224,26.92582,23.4094,44.72136,40.49691,47.43416,47.70744,48.83646,50.24938,49.67897,55.17246,60.20797,60.82763,59.40539,64.03124,69.6563,69.89278,65.8635,66.24198,70.83078,69.35416,65.74192,67.97794,68.8767,72.8011,72.44998,71.56815,73.24616,71.16881,66.94027,66.4906,67.91171,68.15424,61.84658,64.7611,63.56099,59.20304,58.69412,59.77458,59.46427,58.94065,59.48109,63.24555,57.97413,62.62587,51.92302,59.13544,50.59644,49.76947,54.70832,53.48832,56.0803,56.0803,50.08992,51.47815,47.92703,46.8188,55.36244,46.61545,48.46648
7.28011,7.28011,7.07107,8.24621,7.07107,7.07107,8.06226,7.07107,8.06226,7.07107,8.06226,8.06226,7.28011,7.07107,7.07107,8.06226,7.07107,7.07107,7.07107,7.07107,6.08276,7.07107,6.08276,7.07107,7.07107,6.08276,6.0,6.08276,6.08276,6.0,6.08276,6.08276,6.08276,5.09902,5.09902,5.09902,5.09902,5.09902,5.09902,4.12311,4.12311,5.09902,4.12311,4.12311,4.12311,4.12311,4.12311,4.12311,3.60555,3.60555,3.60555,3.60555,48.83646,40.60788,43.9659,40.79216,42.05948,39.84972,44.01136,45.18849,41.4367,40.16217,43.04649,39.81206,44.01136,40.24922,42.05948,40.70626,47.41308,45.18849,45.18849,39.35734,45.17743,39.35734,43.909,37.57659,38.91015,43.82921,32.64966,39.0,41.62932,37.12142,38.58756,37.12142,35.44009,38.91015,30.23243,33.83785,37.16181,34.9285,34.17601,31.30495,28.63564,29.54657,32.28002,31.32092,27.89265,28.4605,26.30589,30.36445,25.0,25.29822,26.4764,24.73863,26.30589,24.73863,25.17936,25.01999,27.01851,44.55334,47.38143,42.63801,50.80354,44.94441,54.70832,54.58938,59.48109,64.00781,60.83584,67.23095,65.79514,70.77429,74.0,72.78049,63.95311,72.99315,69.87131,75.13322,67.02984,71.00704,80.00625,69.06519,73.02739,73.10951,71.06335,71.34424,72.44308,67.36468,74.02702,57.03508,68.46897,65.19202,62.20129,65.06919,64.07027,58.13777,64.00781,61.07373,66.00758,65.12296,56.00893,60.13319,56.0357,54.23099,62.39391,58.03447,53.60037,52.03845,46.04346,53.08484,49.0408,53.08484,38.0526,53.23533,51.0098,49.64877
8.544,8.24621,8.24621,9.48683,8.24621,8.24621,9.21954,8.24621,8.24621,8.24621,9.21954,9.21954,8.24621,8.24621,8.24621,9.21954,8.06226,8.24621,8.24621,8.24621,8.24621,8.24621,7.07107,8.06226,8.24621,7.07107,7.07107,7.28011,7.28011,7.07107,7.28011,7.28011,7.28011,6.32456,7.28011,6.32456,6.32456,6.32456,5.38516,6.32456,6.32456,6.32456,5.38516,5.38516,5.38516,5.38516,5.38516,5.38516,5.83095,4.47214,5.0,5.0,43.28972,41.4367,44.38468,38.83298,33.52611,38.27532,41.48494,42.37924,39.92493,35.8469,37.58989,38.47077,42.54409,39.92493,40.24922,38.94868,42.04759,41.59327,35.4683,39.44617,43.56604,37.21559,36.89173,38.01316,36.40055,37.69615,32.24903,34.98571,37.16181,37.21559,32.64966,31.76476,35.77709,36.05551,32.44996,31.38471,34.88553,31.01612,32.89377,28.63564,30.41381,27.313,26.92582,29.83287,28.86174,28.4605,26.40076,24.73863,24.35159,24.69818,23.4094,22.56103,24.73863,20.09975,22.36068,22.36068,22.0,43.18565,43.18565,45.45327,48.25971,46.32494,49.92995,51.31277,55.9464,60.41523,60.92618,62.29767,64.07808,71.17584,68.96376,65.9242,71.30919,72.78049,69.87131,70.5762,71.0,67.18631,74.0,69.02898,75.02666,73.0,72.00694,65.06919,68.35934,65.27634,71.11259,61.13101,68.46897,66.37017,60.82763,68.26419,63.03174,61.07373,62.0,59.00847,63.00794,62.07254,59.03389,59.0,57.0,50.08992,58.00862,54.00926,54.00926,51.0,54.00926,53.15073,49.16299,47.38143,49.36598,54.33231,51.08816,47.16991
8.0,8.0,8.06226,9.0,8.0,9.0,9.05539,8.06226,9.05539,8.06226,9.05539,9.05539,9.0,8.06226,8.0,9.05539,8.06226,8.06226,8.06226,8.06226,8.0,8.06226,7.0,7.07107,7.07107,8.06226,7.07107,7.07107,7.07107,7.07107,7.0,7.0,7.07107,6.0,7.07107,7.0,7.0,6.0,6.0,6.0,6.0,6.0,5.0,5.0,5.09902,5.0,5.09902,5.09902,5.09902,5.09902,5.09902,5.38516,42.43819,40.49691,44.41846,38.60052,44.59821,38.20995,41.03657,43.60046,42.44997,39.69887,39.20459,38.28838,41.04875,41.7732,40.36087,39.66106,44.82187,43.41659,43.18565,37.64306,44.65423,38.8973,37.44329,42.63801,37.48333,38.94868,35.51056,37.44329,35.4683,40.80441,33.6006,35.80503,36.23534,38.41875,33.12099,33.94113,38.18377,31.06445,33.30165,27.65863,34.20526,28.28427,30.61046,27.58623,28.3196,29.73214,27.80288,27.58623,26.24881,21.93171,21.26029,26.24881,25.45584,21.26029,23.85372,22.2036,22.36068,43.56604,45.22168,43.26662,52.63079,49.51767,56.58622,55.17246,57.28001,63.78087,59.46427,61.84658,65.60488,70.80254,66.03787,72.20111,70.23532,77.82673,71.30919,73.1642,72.61543,72.44998,76.844,72.42237,80.00625,73.97973,73.08215,66.70832,73.34848,68.73136,72.78049,63.32456,68.44706,66.4906,62.64184,64.77654,65.51336,57.00877,66.12866,60.72891,64.84597,64.7611,61.03278,60.74537,60.53924,58.87274,55.4617,53.7122,56.46238,52.55473,55.71355,55.15433,55.15433,54.23099,45.18849,55.00909,54.12947,50.08992
8.24621,8.06226,8.06226,8.06226,8.06226,8.06226,8.06226,8.0,8.06226,8.0,9.05539,9.05539,8.06226,8.06226,8.06226,8.06226,8.06226,8.06226,8.0,8.0,7.0,7.0,7.07107,8.0,8.0,7.0,7.0,7.0,7.0,7.0,7.0,7.0,7.0,6.0,6.0,6.08276,6.08276,6.08276,6.08276,6.08276,5.09902,5.09902,5.09902,5.09902,5.09902,5.09902,5.09902,5.09902,5.09902,5.09902,4.47214,4.47214,44.77723,39.92493,44.01136,46.51881,41.59327,40.31129,39.40812,47.50789,40.81666,41.59327,42.54409,41.59327,43.82921,40.31129,46.04346,45.60702,47.16991,42.0119,39.40812,39.96248,45.48626,39.44617,38.41875,35.51056,36.71512,38.94868,34.82815,32.01562,34.48188,44.20407,36.05551,40.81666,33.28663,35.80503,34.20526,34.66987,31.62278,36.61967,30.88689,29.54657,31.95309,33.24154,29.96665,33.61547,28.6531,28.4605,26.57066,26.24881,25.29822,22.13594,25.70992,24.73863,23.76973,25.70992,20.61553,26.4764,26.01922,42.94182,45.48626,49.92995,51.61395,50.80354,55.22681,55.17246,55.86591,65.19202,61.55485,67.35726,63.60031,69.40461,70.72482,69.77105,68.8767,76.02631,71.30919,69.28925,71.16881,74.04053,77.20104,71.06335,74.2159,75.95393,74.72617,70.5762,73.82412,66.91039,70.03571,62.39391,66.75328,61.29437,64.62971,67.1193,64.19502,63.78871,65.30697,59.22837,63.06346,60.01666,63.60031,63.34824,59.90826,57.72348,62.28965,58.0517,57.72348,57.28001,52.88667,54.40588,53.48832,55.31727,53.60037,52.39275,53.16014,51.92302
8.544,7.61577,8.06226,8.06226,8.06226,8.06226,8.06226,8.06226,8.06226,8.06226,8.94427,8.06226,8.06226,8.06226,7.61577,8.60233,8.06226,8.06226,7.2111,7.2111,6.7082,7.2111,6.7082,7.2111,7.2111,7.2111,7.2111,7.2111,7.2111,7.2111,5.83095,6.7082,5.83095,5.83095,5.83095,6.7082,6.7082,5.38516,5.38516,5.38516,5.38516,5.38516,5.38516,5.38516,5.38516,5.38516,5.09902,4.47214,5.09902,5.09902,5.0,5.0,33.12099,40.81666,38.48376,37.36308,43.68066,42.05948,40.80441,42.44997,38.47077,39.81206,40.0125,41.59327,42.19005,41.30375,41.59327,41.19466,44.91102,41.19466,35.69314,40.0,44.0,39.20459,36.12478,36.22154,36.87818,36.34556,36.22154,37.01351,35.35534,38.01316,33.01515,37.01351,36.12478,33.13608,30.01666,30.26549,32.24903,32.0,31.40064,32.24903,32.01562,33.24154,27.89265,27.29469,25.96151,28.86174,29.42788,23.34524,24.18677,26.07681,24.73863,25.4951,21.18962,23.19483,23.4094,22.82542,22.47221,43.10452,42.75512,45.04442,47.85394,49.0306,49.24429,53.16014,53.85165,61.68468,58.18075,62.39391,64.40497,70.68239,69.31811,67.80118,70.17834,71.84706,71.70077,67.00746,68.00735,70.76722,75.74299,72.91776,70.00714,73.59348,73.10951,70.0928,67.89698,65.94695,70.03571,59.4138,66.70832,62.93648,60.82763,66.52819,61.52235,59.5483,63.63961,54.48853,59.66574,58.0517,60.44005,58.89822,60.21628,54.20332,54.6443,52.20153,55.0,48.27007,51.22499,53.25411,46.64762,50.21952,46.14109,52.69725,43.82921,46.87217
7.2111,7.2111,7.61577,8.06226,7.2111,7.2111,7.61577,7.61577,7.61577,7.61577,8.06226,7.61577,7.2111,6.7082,7.2111,7.61577,7.61577,6.7082,6.7082,6.7082,6.7082,6.7082,5.83095,6.7082,6.7082,6.32456,6.32456,6.7082,6.7082,6.32456,5.83095,5.83095,5.38516,5.38516,5.38516,4.47214,5.83095,5.0,5.0,5.0,4.47214,5.0,5.0,4.47214,3.60555,3.60555,3.60555,3.60555,4.24264,3.60555,3.60555,3.60555,49.16299,43.01163,45.39824,39.56008,43.17407,38.60052,40.49691,47.80167,43.08132,40.80441,43.38202,40.24922,44.01136,43.01163,40.02499,45.69464,44.94441,42.15448,42.37924,42.04759,47.12749,37.69615,39.82462,37.21559,39.81206,39.56008,37.33631,39.82462,37.69615,36.23534,35.44009,38.01316,35.73514,34.53983,33.12099,37.16181,30.46309,32.64966,33.61547,34.43835,31.62278,28.28427,33.61547,32.28002,29.12044,28.63564,27.45906,30.08322,24.35159,26.92582,25.0,26.24881,25.07987,27.16616,25.0,27.16616,21.09502,39.44617,45.27693,40.70626,49.39636,53.85165,51.26402,45.31004,50.92151,59.46427,58.5235,58.69412,66.75328,72.69113,66.06815,70.00714,67.0,80.00625,68.26419,74.16873,72.1734,71.25307,73.97973,72.56721,74.95332,76.90254,70.5762,64.84597,71.06335,68.68042,73.08215,57.00877,65.52099,65.73431,58.69412,64.56005,65.76473,59.66574,55.31727,55.10898,61.18823,61.98387,63.50591,57.55867,60.67125,59.21149,50.15974,57.21888,53.00943,55.22681,56.14268,57.42822,51.08816,50.48762,49.09175,53.08484,49.09175,48.04165
7.07107,6.40312,7.2111,7.81025,7.2111,6.40312,7.2111,7.2111,7.2111,7.2111,7.2111,7.2111,7.2111,7.2111,6.40312,6.7082,6.7082,5.83095,5.83095,5.83095,5.83095,5.83095,5.83095,5.83095,5.83095,5.83095,5.38516,5.83095,5.83095,5.38516,5.0,5.83095,5.0,5.0,4.47214,4.47214,5.0,5.0,5.0,4.24264,3.60555,4.47214,4.24264,3.60555,3.60555,3.60555,3.60555,4.24264,3.60555,2.82843,3.60555,3.60555,47.16991,42.37924,41.4367,40.79216,39.62323,39.31921,40.4475,44.55334,44.04543,41.7732,40.1995,43.10452,44.04543,43.04649,42.10701,45.09989,48.04165,47.09565,45.27693,42.0119,41.01219,39.11521,40.04997,40.04997,37.05401,39.11521,34.23449,37.01351,37.0,35.0571,35.01428,35.01428,35.22783,39.05125,29.27456,37.05401,38.01316,33.0,39.20459,31.01612,29.06888,29.61419,28.16026,31.57531,30.41381,29.01724,29.61419,33.24154,26.4764,23.08679,22.56103,23.5372,25.17936,25.29822,26.24881,25.07987,23.25941,45.54119,46.27094,47.51842,52.08647,50.08992,53.00943,51.24451,55.14526,66.48308,61.81424,64.7611,65.9242,75.80237,66.48308,71.16881,68.35203,75.39231,71.17584,70.21396,72.00694,72.06941,75.47185,71.28113,73.23933,73.4983,72.94518,66.21933,70.29225,70.60453,72.67049,59.46427,67.80118,64.40497,58.60034,65.60488,64.40497,61.22091,65.45991,59.36329,68.09552,62.20129,61.40033,58.83026,60.20797,53.85165,55.47071,56.4358,57.3062,52.7731,59.5399,55.03635,55.9464,51.10773,43.909,53.7122,48.8467,50.92151
8.544,8.544,8.06226,8.94427,7.61577,8.544,8.94427,8.06226,8.94427,8.06226,8.94427,8.06226,8.06226,8.06226,7.61577,8.06226,8.06226,7.2111,7.2111,7.61577,7.61577,7.2111,6.7082,7.2111,7.2111,7.2111,7.2111,6.7082,7.2111,7.2111,6.7082,6.7082,6.7082,5.83095,6.7082,5.83095,6.7082,5.38516,5.38516,5.38516,5.38516,5.38516,5.38516,5.38516,5.09902,5.09902,5.09902,5.09902,4.12311,5.09902,5.0,5.0,42.80187,43.60046,39.81206,43.04649,40.24922,41.18252,39.21734,37.69615,36.40055,42.2019,37.0,39.21734,40.80441,38.32754,34.78505,39.29377,41.14608,40.80441,36.40055,37.0,44.14748,36.68787,38.83298,37.33631,36.40055,38.8973,33.24154,32.57299,33.24154,37.33631,34.9285,38.62642,32.69557,34.9285,33.95585,32.69557,30.46309,32.89377,30.41381,30.67572,30.88689,29.12044,29.15476,26.92582,29.06888,27.29469,25.80698,23.02173,25.4951,23.85372,25.05993,23.60085,21.9545,20.24846,21.09502,27.80288,21.93171,42.19005,48.01042,42.42641,50.63596,48.50773,47.29693,51.41984,57.00877,60.16644,57.87055,59.80803,62.76942,70.77429,68.8767,67.60178,64.89992,80.1561,67.80118,71.02816,66.6033,72.47068,75.00667,66.48308,65.76473,73.5527,73.66139,71.42129,69.42622,63.25346,71.58911,56.72742,69.6563,64.2028,62.482,63.60031,62.24147,58.0,64.3506,57.28001,62.24147,62.96825,60.81118,60.81118,55.17246,58.0,53.90733,53.07542,50.20956,54.48853,51.66237,48.83646,50.9902,58.0,47.50789,50.44799,46.75468,45.45327
8.544,7.61577,8.06226,8.94427,8.06226,8.06226,8.06226,8.06226,8.94427,8.06226,8.94427,8.06226,8.06226,8.06226,8.06226,8.60233,8.06226,8.06226,7.2111,7.2111,6.7082,7.2111,7.2111,7.2111,7.2111,7.2111,7.2111,7.2111,7.2111,7.2111,5.83095,6.7082,5.83095,5.83095,6.7082,6.7082,6.7082,5.38516,5.38516,5.38516,5.38516,5.38516,5.38516,5.38516,5.38516,5.38516,5.09902,4.12311,5.09902,5.09902,5.09902,5.0,44.38468,40.24922,46.57252,43.65776,43.9659,35.69314,42.75512,45.12206,42.2019,43.73786,41.97618,41.04875,47.51842,43.73786,41.4367,41.04875,44.28318,40.31129,41.4367,45.01111,40.11234,41.7732,38.0526,36.67424,39.05125,35.90265,39.20459,38.11824,39.45884,42.0,34.23449,35.01428,36.49658,36.22154,31.01612,33.24154,37.12142,32.24903,31.7805,30.01666,30.59412,30.26549,29.61419,28.16026,26.92582,29.73214,27.65863,25.4951,23.76973,23.76973,24.73863,26.24881,25.29822,20.24846,24.69818,21.47091,22.2036,47.16991,44.0,48.01042,48.01042,50.48762,53.60037,51.97115,55.7315,64.13267,61.84658,61.09828,65.80274,75.58439,68.54196,70.66116,72.94518,79.17702,68.26419,72.71864,73.00685,71.61006,79.02531,76.48529,75.60423,75.9276,75.0,72.13876,70.83784,71.42129,71.44928,62.28965,66.48308,66.6033,61.52235,65.06919,62.28965,62.482,63.25346,62.28965,62.42596,58.13777,65.0,60.80296,59.20304,60.60528,64.40497,54.70832,54.3783,54.40588,53.41348,52.43091,51.31277,54.40588,49.09175,50.47772,51.47815,47.41308
7.0,8.0,8.06226,8.0,7.0,8.0,8.0,7.07107,8.06226,7.07107,8.06226,8.06226,8.0,7.07107,7.0,8.06226,7.07107,7.07107,7.07107,7.07107,7.0,7.07107,6.08276,7.07107,7.07107,7.07107,6.08276,6.08276,6.08276,6.08276,6.0,6.08276,6.08276,5.0,6.08276,5.09902,6.0,5.0,5.0,5.0,5.0,5.0,4.0,4.0,4.0,4.0,4.0,4.0,4.0,4.0,4.12311,4.12311,47.80167,42.72002,45.17743,43.04649,37.73592,43.56604,39.96248,40.81666,35.8469,40.80441,41.10961,41.01219,41.86884,42.63801,38.07887,44.59821,46.61545,41.23106,43.26662,40.60788,41.7732,36.79674,38.20995,38.18377,38.28838,35.60899,36.23534,38.28838,34.4093,38.20995,35.35534,38.8973,32.80244,34.71311,33.30165,33.6006,32.52691,31.241,35.22783,28.01785,28.42534,31.62278,32.24903,31.62278,26.41969,31.241,24.08319,29.15476,20.51828,22.2036,24.41311,21.26029,25.0,21.47091,22.84732,22.82542,23.76973,42.44997,44.20407,46.2277,51.0392,47.20169,50.77401,49.73932,53.33854,58.30952,58.69412,56.921,63.56886,70.83784,69.64194,64.03124,68.15424,73.1642,67.08204,70.03571,70.03571,70.17834,75.80237,70.00714,71.0,73.06162,70.17834,68.26419,72.02777,66.0303,72.06247,56.0,69.06519,65.03076,60.13319,69.06519,65.03076,58.07753,64.0,59.03389,62.07254,59.21149,59.5399,57.55867,55.7315,55.7315,57.21888,53.15073,52.63079,54.34151,51.47815,53.23533,52.88667,50.01,46.17359,49.0306,52.88667,50.96077
7.81025,7.81025,7.2111,8.60233,7.2111,7.2111,8.06226,8.06226,7.2111,6.7082,8.06226,8.06226,8.06226,8.06226,7.2111,8.06226,8.06226,7.2111,6.7082,6.7082,6.7082,6.7082,6.7082,6.7082,6.7082,6.7082,6.7082,6.7082,6.7082,6.7082,5.83095,6.7082,5.83095,5.83095,5.83095,5.83095,5.83095,5.83095,5.83095,5.0,5.0,5.0,5.0,5.0,5.0,5.0,4.24264,4.24264,4.24264,4.24264,4.24264,3.60555,39.92493,38.94868,45.12206,41.48494,45.12206,40.26164,40.4475,39.05125,42.42641,40.31129,44.04543,43.41659,43.41659,40.31129,44.55334,44.0,46.0,40.11234,40.4475,40.04997,46.01087,40.1995,36.01389,36.01389,37.48333,39.20459,39.11521,37.0,33.06055,36.01389,37.01351,37.12142,27.29469,33.01515,37.0,31.14482,30.14963,33.01515,29.42788,31.06445,33.01515,34.23449,28.28427,32.55764,27.16616,29.42788,30.46309,24.04163,24.73863,25.0,27.65863,27.313,24.35159,26.24881,24.73863,23.32381,24.69818,44.38468,46.87217,46.87217,48.37355,50.03998,50.24938,51.0392,53.15073,63.03174,60.01666,62.16912,68.06614,71.70077,71.30919,65.80274,67.06713,76.2168,69.46222,66.21178,71.19691,70.3278,72.89719,68.60029,73.4983,71.28113,72.47068,65.43699,69.89278,67.47592,70.45566,60.80296,65.43699,65.0,60.53924,66.85058,63.81222,61.58734,66.24198,60.03332,62.26556,60.90156,60.82763,60.41523,57.24509,53.66563,60.00833,55.9017,55.9464,52.7731,54.70832,51.10773,53.85165,50.11986,46.06517,50.9902,50.08992,49.65884
8.06226,8.06226,8.0,9.05539,8.0,8.06226,8.06226,8.0,8.06226,8.0,9.0,8.0,9.0,8.0,8.0,8.0,8.0,7.0,8.0,8.0,7.0,7.0,7.0,8.06226,7.07107,7.0,7.0,7.0,7.0,7.0,7.0,7.0,7.0,6.0,6.0,6.0,6.0,6.0,6.0,6.0,5.0,5.0,5.0,5.0,5.09902,5.09902,5.09902,5.09902,5.09902,5.09902,4.12311,4.12311,32.06244,31.0,31.57531,32.01562,35.90265,27.65863,32.01562,32.28002,28.63564,33.83785,31.95309,29.41088,34.52535,26.83282,31.95309,32.20248,34.0147,31.7805,29.96665,32.64966,30.46309,31.7805,27.29469,28.4605,28.79236,31.04835,28.6531,28.17801,28.23119,31.38471,30.8707,26.83282,25.07987,26.41969,27.29469,26.83282,25.63201,25.63201,28.16026,24.5153,24.04163,23.34524,25.63201,22.84732,21.93171,21.58703,20.02498,20.22375,20.09975,16.27882,20.09975,21.0,19.64688,17.02939,18.0,17.02939,17.46425,30.0,33.28663,34.98571,36.23534,40.71855,36.71512,39.0,41.4367,48.46648,46.84015,69.46222,49.98,54.08327,51.41984,54.23099,55.03635,56.0357,55.00909,51.0392,54.23099,55.08176,57.42822,54.00926,56.0357,57.14018,57.21888,180.31362,61.39218,50.21952,51.62364,48.83646,51.47815,48.05206,47.67599,50.59644,52.46904,45.27693,50.03998,46.17359,48.09366,43.18565,45.27693,44.28318,47.0,42.0119,49.09175,44.10215,43.01163,46.04346,44.01136,43.04649,39.0,40.04997,36.05551,39.01282,39.0,36.34556
8.24621,8.24621,8.06226,9.21954,8.24621,8.24621,9.05539,8.06226,8.06226,8.06226,9.05539,9.05539,8.06226,8.06226,8.06226,8.06226,8.0,7.07107,8.06226,8.06226,7.07107,8.06226,7.07107,7.07107,7.07107,7.0,7.0,7.07107,7.07107,7.0,6.08276,7.07107,6.08276,6.08276,6.0,6.08276,6.08276,6.08276,6.08276,6.08276,6.08276,6.08276,5.09902,5.09902,5.09902,5.09902,5.09902,5.09902,5.09902,5.38516,5.38516,4.47214,45.0,37.21559,47.53946,38.60052,41.97618,39.81206,37.94733,41.23106,38.27532,39.39543,42.15448,36.24914,38.91015,41.23106,44.27189,41.62932,43.86342,43.08132,39.56008,35.77709,45.27693,34.43835,38.01316,37.94733,36.40055,40.8534,32.89377,37.0,35.35534,34.98571,34.17601,34.88553,31.01612,36.24914,25.4951,35.34119,34.17601,34.9285,32.69557,30.41381,28.23119,29.54657,30.59412,30.59412,29.83287,29.41088,24.04163,25.63201,23.4094,21.18962,25.0,22.80351,22.13594,19.23538,23.08679,23.02173,24.0,42.43819,46.64762,45.27693,51.88449,48.8467,52.92447,50.69517,50.92151,60.16644,58.94065,61.18823,64.03124,75.31268,71.84706,72.33948,69.00725,74.02702,71.00704,69.00725,72.02777,72.00694,77.64664,69.72087,72.69113,75.31268,70.25667,69.37579,70.34202,66.09841,71.58911,56.88585,67.68309,69.05071,63.78871,67.26812,62.96825,58.24946,65.9242,63.50591,64.93843,64.32729,61.13101,60.40695,59.00847,55.44367,56.0357,57.00877,53.00943,55.08176,53.08484,55.08176,57.0,54.03702,43.01163,52.0,52.08647,48.09366
7.61577,7.28011,7.28011,7.28011,7.28011,7.28011,7.28011,7.28011,7.28011,7.07107,8.24621,7.28011,7.28011,7.07107,7.28011,8.24621,7.28011,6.32456,6.08276,7.07107,6.32456,6.08276,6.32456,6.08276,6.08276,6.32456,6.08276,6.08276,6.08276,6.08276,6.32456,6.08276,5.38516,5.38516,5.38516,5.38516,5.38516,5.38516,5.38516,4.47214,4.47214,4.47214,4.47214,4.47214,4.47214,3.60555,4.47214,4.47214,4.24264,4.24264,4.24264,4.24264,40.49691,37.21559,43.82921,39.69887,38.41875,38.28838,39.62323,41.7732,40.36087,42.52058,44.59821,42.52058,44.59821,38.8973,40.31129,43.13931,42.42641,44.59821,39.62323,38.20995,41.86884,36.79674,36.79674,38.94868,37.64306,38.94868,36.06938,37.53665,32.52691,40.36087,38.18377,33.97058,31.14482,33.6006,30.41381,36.12478,33.24154,29.0,34.20526,27.20294,26.1725,31.1127,26.90725,29.06888,25.80698,31.06445,28.30194,23.34524,25.0,25.23886,24.08319,23.60085,24.41311,24.18677,26.0,25.05993,23.5372,44.72136,47.85394,44.65423,47.43416,48.60041,48.27007,51.85557,53.75872,62.28965,56.63921,64.03124,58.82176,68.11755,66.28725,66.88797,65.51336,76.32169,66.48308,68.88396,69.07966,70.21396,74.67262,71.7844,72.73239,71.30919,72.8011,68.65858,70.40597,64.32729,70.88018,60.16644,68.44706,59.43904,62.0967,64.32729,62.36185,58.82176,60.87693,57.00877,67.72001,63.56099,60.72891,61.13101,56.64804,57.24509,56.32051,54.70832,50.32892,53.31041,50.92151,53.14132,54.23099,51.5461,48.10405,51.62364,43.46263,47.88528
8.94427,8.94427,8.544,8.94427,8.94427,8.544,8.544,8.544,8.544,8.544,8.544,8.544,8.544,8.544,8.544,8.544,8.24621,7.28011,7.61577,7.61577,7.61577,7.61577,7.28011,7.28011,7.61577,7.28011,7.28011,7.28011,7.28011,7.28011,6.32456,6.32456,6.32456,6.32456,6.32456,6.32456,6.32456,6.32456,5.38516,5.38516,5.38516,5.38516,5.38516,5.38516,5.38516,5.38516,5.0,5.0,5.0,5.0,5.0,5.0,40.0125,42.04759,40.0125,40.0,43.28972,40.31129,44.55334,45.39824,42.95346,40.79216,38.27532,37.94733,47.12749,44.14748,39.31921,39.84972,47.53946,43.01163,39.81206,39.62323,38.62642,36.40055,37.0,37.64306,35.44009,37.36308,33.52611,39.05125,37.36308,35.4683,33.24154,37.10795,37.36308,32.57299,29.96665,32.01562,33.83785,34.17601,30.80584,28.16026,30.59412,27.16616,31.7805,30.26549,25.0,29.01724,28.01785,26.30589,21.0238,21.09502,22.0,25.31798,25.01999,27.45906,25.01999,23.02173,20.88061,43.41659,44.29447,46.61545,46.09772,48.10405,52.49762,52.49762,54.57105,62.58594,63.3877,63.50591,63.50591,73.43705,68.06614,69.02898,70.11419,74.10803,68.35934,68.35934,73.24616,71.02112,78.77182,71.38627,74.72617,73.68175,77.46612,68.96376,67.35726,71.86793,75.58439,58.82176,66.7308,63.60031,61.40033,65.80274,62.8172,61.40033,62.36185,63.06346,64.28841,61.40033,61.81424,60.82763,60.01666,54.81788,53.60037,53.33854,59.21149,52.46904,56.75385,51.97115,52.61179,53.85165,48.27007,56.32051,55.57877,54.74486
7.2111,6.7082,6.7082,8.06226,7.61577,6.7082,7.61577,6.7082,6.7082,6.7082,7.61577,7.61577,6.7082,6.7082,6.7082,7.61577,6.7082,6.7082,6.7082,6.7082,6.7082,6.32456,5.83095,6.32456,6.7082,6.32456,5.38516,6.7082,6.7082,5.38516,5.83095,5.83095,5.38516,5.38516,5.38516,4.47214,5.83095,5.0,4.47214,5.0,4.47214,4.47214,4.24264,3.60555,3.60555,3.60555,4.24264,4.24264,4.24264,4.24264,3.60555,3.60555,45.17743,45.09989,38.01316,39.11521,46.04346,40.04997,41.19466,46.09772,47.09565,37.12142,42.42641,39.62323,45.54119,49.64877,43.04649,42.42641,43.18565,42.42641,40.11234,41.10961,42.75512,41.10961,42.75512,38.20995,40.60788,40.79216,37.33631,39.20459,35.12834,36.67424,33.24154,32.06244,39.0,37.21559,35.90265,35.0571,37.05401,36.05551,34.1321,31.0,32.01562,31.01612,32.0,32.98485,30.01666,29.15476,22.0,28.44293,26.07681,24.18677,23.19483,25.31798,26.30589,26.4764,29.15476,22.13594,25.4951,43.01163,44.65423,47.50789,49.1935,51.0,49.98,49.0408,52.20153,61.68468,63.34824,67.68309,63.78871,74.1485,69.26038,67.0,75.00667,71.02816,73.17103,72.06247,70.17834,70.03571,76.29548,72.18033,76.68768,71.80529,72.78049,68.00735,67.35726,74.33034,69.92138,62.29767,66.7308,64.84597,65.25335,66.09841,63.06346,62.64184,67.18631,58.5235,62.36185,58.24088,64.03124,56.04463,60.01666,54.91812,59.03389,56.75385,53.36666,57.27128,57.00877,55.31727,53.60037,50.28916,51.62364,53.36666,47.07441,47.07441
8.24621,8.24621,8.06226,9.21954,8.24621,8.24621,9.05539,8.06226,9.05539,8.06226,9.21954,9.05539,8.24621,8.24621,8.24621,8.06226,8.06226,8.06226,8.06226,7.07107,7.07107,8.06226,7.07107,7.07107,7.28011,7.07107,7.07107,7.07107,7.07107,7.07107,6.32456,7.28011,6.08276,6.32456,6.08276,6.08276,6.32456,6.32456,5.38516,5.38516,5.38516,6.32456,5.38516,5.38516,5.38516,5.38516,5.38516,5.38516,4.47214,5.0,5.0,5.0,40.8534,37.36308,45.17743,38.58756,36.05551,41.67733,42.05948,46.32494,39.40812,43.18565,42.0119,38.28838,43.82921,38.28838,40.0,43.13931,49.20366,38.60052,40.80441,37.64306,42.44997,36.05551,39.62323,33.24154,37.01351,38.01316,33.97058,37.48333,37.20215,35.4683,36.06938,35.0,33.01515,33.6006,30.41381,32.64966,33.94113,33.97058,31.241,29.06888,27.65863,29.41088,28.17801,31.241,32.69557,24.18677,24.08319,26.92582,25.23886,26.62705,22.47221,21.93171,22.82542,22.56103,23.76973,21.18962,20.61553,40.45986,45.34314,41.7732,50.91169,47.38143,57.2014,53.25411,55.80323,62.1289,54.3783,63.52952,63.13478,72.56032,69.77822,74.09453,68.94926,74.67262,68.00735,75.69016,72.78049,70.21396,77.46612,66.75328,73.82412,76.65507,74.33034,66.18912,75.23962,67.06713,70.34913,60.13319,69.11584,68.18358,62.20129,67.02984,64.77654,60.07495,64.13267,60.82763,63.95311,63.3877,61.18823,61.61169,57.70615,55.7315,54.12947,53.60037,54.34151,54.34151,51.97115,51.1957,50.96077,57.48913,46.84015,55.7853,56.08921,50.96077
8.06226,8.06226,8.06226,8.06226,8.06226,8.06226,8.06226,8.24621,8.06226,8.24621,8.06226,8.24621,8.06226,8.24621,8.06226,8.24621,7.28011,7.07107,7.28011,7.28011,7.07107,7.28011,7.07107,7.28011,7.28011,7.07107,7.28011,7.28011,7.28011,6.32456,6.08276,7.07107,6.08276,6.08276,6.08276,6.08276,6.08276,6.08276,6.08276,5.09902,5.09902,5.0,5.09902,5.0,5.0,5.09902,5.0,5.0,5.0,5.0,4.12311,4.12311,44.65423,41.6173,43.13931,37.53665,43.18565,39.62323,37.64306,42.52058,37.80212,39.82462,39.66106,41.03657,42.63801,44.68781,38.94868,43.56604,45.34314,43.01163,41.86884,38.20995,46.09772,36.79674,39.44617,39.66106,36.89173,37.20215,33.6006,39.20459,35.80503,36.23534,36.06938,34.82815,33.42155,36.40055,31.241,35.35534,30.80584,31.06445,32.64966,30.4795,28.3196,28.6007,33.97058,32.55764,29.0,27.20294,32.44996,26.40076,23.43075,24.08319,25.80698,26.62705,24.08319,23.43075,22.2036,20.24846,26.57066,44.01136,46.8188,42.15448,50.08992,49.24429,55.9464,51.97115,52.43091,60.46487,57.2014,64.44377,65.19202,71.06335,70.17834,72.62231,67.6757,76.05919,66.88797,71.28113,73.06162,76.00658,77.41447,68.42514,71.11962,74.46476,74.70609,66.48308,74.09453,65.55151,76.15773,59.48109,71.51224,66.70832,63.97656,66.70832,60.92618,62.64982,61.7414,62.17717,63.07139,66.64083,65.51336,60.41523,54.58938,60.00833,52.83938,54.12024,56.79789,56.0803,53.7122,53.0,53.0,55.4617,46.52956,56.85948,49.64877,47.80167
8.06226,7.61577,7.61577,7.61577,7.61577,7.61577,7.61577,7.61577,7.61577,7.61577,7.61577,7.61577,7.61577,7.61577,7.61577,7.61577,7.28011,7.28011,7.28011,7.28011,6.32456,7.28011,6.32456,7.28011,6.32456,6.32456,6.32456,6.32456,6.32456,6.32456,6.32456,6.32456,6.32456,6.32456,6.32456,5.38516,5.38516,5.38516,5.38516,5.38516,4.47214,5.38516,5.38516,4.47214,4.47214,4.47214,4.47214,4.47214,4.47214,4.47214,4.24264,4.24264,41.19466,47.38143,43.10452,44.04543,45.09989,42.04759,44.18144,45.17743,40.31129,41.4367,41.59327,41.0,42.75512,41.0,45.09989,47.07441,44.28318,41.59327,40.26164,41.76123,45.35416,41.59327,41.78516,39.56008,33.95585,37.33631,36.13862,38.32754,33.73426,43.17407,36.87818,39.81206,34.20526,33.52611,32.01562,31.14482,31.01612,31.01612,29.61419,33.37664,33.95585,32.06244,31.01612,32.01562,28.16026,30.01666,29.0,29.06888,23.19483,28.0,23.02173,23.08679,25.01999,26.01922,22.0,25.29822,21.84033,42.04759,46.8188,47.92703,48.46648,52.81098,51.41984,54.40588,57.27128,63.56099,64.62971,64.19502,66.06815,77.05842,69.06519,68.06614,73.5527,74.24284,73.68175,71.84706,71.70077,76.11833,75.31268,72.8011,77.49194,74.63243,75.0,73.73602,74.94665,72.23573,72.12489,62.29767,69.64194,67.05222,61.13101,65.14599,64.7611,67.05222,64.19502,61.98387,64.84597,62.64184,62.8172,62.0967,61.84658,58.24088,54.33231,59.43904,58.69412,54.23099,56.75385,51.1957,51.78803,60.82763,48.83646,52.39275,50.08992,49.36598
8.24621,8.24621,8.06226,8.24621,8.24621,7.28011,8.24621,8.06226,8.06226,8.06226,8.24621,8.06226,8.24621,8.06226,7.07107,8.06226,8.06226,7.07107,7.07107,7.07107,7.07107,7.07107,7.07107,7.0,7.07107,7.07107,7.07107,7.0,7.0,7.0,6.08276,7.07107,6.0,6.08276,6.08276,6.08276,6.08276,6.08276,6.08276,5.09902,5.09902,5.09902,5.09902,5.09902,5.09902,4.12311,4.12311,4.12311,5.09902,4.47214,4.47214,4.47214,47.80167,44.64303,43.46263,38.48376,40.49691,35.35534,39.40812,42.19005,39.66106,40.49691,41.6173,42.2019,43.60046,43.27817,41.04875,44.65423,42.80187,40.22437,38.60052,44.68781,44.20407,37.80212,41.03657,34.82815,35.38361,35.38361,35.38361,36.79674,37.64306,37.48333,35.38361,39.62323,31.89044,36.87818,35.38361,33.94113,33.97058,33.97058,33.01515,33.42155,29.69848,30.80584,29.41088,27.65863,24.83948,28.30194,29.68164,24.41311,24.41311,26.40076,28.30194,23.85372,21.26029,21.63331,25.80698,25.29822,27.89265,46.09772,39.20459,47.20169,47.20169,50.77401,55.07268,53.53504,55.07268,66.64833,60.92618,68.00735,65.19202,72.23573,68.96376,69.63476,66.4906,74.33034,71.70077,67.47592,72.99315,73.10951,73.17103,74.10803,77.05842,75.10659,80.1561,69.02898,72.06247,71.11259,72.00694,64.03124,67.02984,68.18358,60.13319,65.06919,61.03278,60.13319,60.07495,60.00833,61.13101,61.13101,64.28063,63.3877,59.03389,55.57877,59.68249,58.42089,55.44367,51.97115,51.78803,54.57105,54.12947,53.15073,52.39275,50.44799,49.0306,51.1957
8.06226,8.06226,7.81025,8.60233,8.60233,8.06226,7.81025,7.81025,7.81025,7.81025,8.60233,8.60233,8.60233,7.81025,7.2111,7.81025,7.81025,7.2111,7.2111,6.40312,6.40312,6.40312,7.2111,6.40312,7.2111,7.2111,6.40312,6.40312,6.40312,6.40312,5.83095,6.40312,6.40312,5.83095,5.83095,5.83095,5.83095,5.83095,5.83095,5.83095,5.38516,5.38516,4.47214,5.38516,4.47214,4.47214,4.47214,4.47214,4.47214,4.12311,5.09902,5.0,39.56008,41.23106,47.51842,39.56008,39.31921,40.02499,39.20459,37.65634,42.19005,41.7732,39.11521,43.10452,42.0119,38.20995,43.0,41.30375,41.04875,40.0,37.12142,39.01282,46.0,38.0,36.01389,37.12142,33.01515,38.20995,34.05877,35.0571,34.0,39.20459,37.12142,37.01351,35.0571,38.0526,33.13608,30.01666,35.0,32.06244,30.26549,33.06055,31.06445,30.41381,25.0,28.28427,26.07681,27.29469,28.63564,26.07681,24.5153,25.07987,24.33105,24.08319,22.56103,23.76973,21.18962,21.93171,22.82542,43.56604,44.40721,43.18565,47.01064,50.0,52.15362,52.15362,53.08484,62.16912,57.07013,64.13267,62.96825,69.64194,70.83784,67.62396,67.23095,75.76939,68.0,73.3553,70.23532,68.47627,74.62573,69.33974,73.23933,74.20243,77.17513,73.24616,71.8401,69.02898,69.40461,58.00862,68.11755,69.52697,60.80296,67.62396,64.2028,61.85467,63.00794,60.20797,63.81222,61.03278,61.29437,61.40033,60.03332,52.83938,54.70832,58.30952,58.18075,53.23533,53.33854,53.7122,49.65884,54.70832,46.95743,51.47815,49.65884,40.24922
8.24621,8.544,8.544,9.48683,8.544,8.544,8.544,8.544,8.544,8.94427,8.544,8.94427,8.544,8.94427,8.544,8.06226,8.06226,7.61577,8.06226,7.61577,7.61577,7.61577,6.7082,7.61577,7.61577,7.61577,6.7082,7.61577,7.61577,6.7082,6.7082,6.7082,6.7082,6.7082,6.7082,5.38516,6.32456,6.32456,6.32456,6.32456,5.38516,6.32456,5.38516,5.38516,5.38516,5.09902,5.09902,5.09902,5.09902,5.09902,5.0,5.0,37.80212,43.27817,42.63801,39.69887,44.40721,41.40048,38.27532,47.50789,44.72136,36.35932,38.58756,44.29447,44.94441,40.49691,41.04875,43.46263,44.77723,42.04759,36.89173,42.48529,39.82462,41.04875,39.35734,38.58756,36.67424,36.71512,34.1321,35.4683,36.23534,37.12142,33.12099,35.8469,30.01666,34.43835,31.30495,30.41381,31.30495,33.10589,32.75668,31.241,28.01785,27.58623,28.30194,27.29469,26.62705,26.24881,25.6125,27.73085,25.6125,21.93171,21.93171,25.4951,21.93171,21.26029,23.34524,21.09502,23.70654,47.51842,42.95346,46.32494,49.33559,47.75982,53.7122,54.56189,57.70615,59.68249,62.17717,66.88797,65.19202,71.56116,69.89278,68.62215,68.593,77.07788,72.24957,70.00714,70.29225,69.63476,76.02631,73.06162,74.4043,72.40166,75.21303,71.34424,69.35416,67.60178,71.02112,64.49806,68.60029,67.23095,63.24555,64.00781,68.47627,63.51378,62.64982,63.25346,67.80118,60.53924,59.20304,63.60031,60.44005,57.14018,53.00943,56.0357,56.40035,55.0,56.40035,51.40039,53.15073,55.47071,50.60632,57.28001,54.56189,46.09772
7.07107,7.07107,6.40312,7.07107,7.07107,6.40312,6.40312,6.40312,6.40312,6.40312,7.07107,7.2111,6.40312,6.40312,6.40312,7.2111,6.40312,6.40312,5.83095,6.40312,6.40312,5.83095,5.0,5.83095,6.40312,5.83095,5.83095,5.83095,5.83095,5.83095,5.0,5.0,5.0,5.0,5.0,5.0,5.0,4.24264,4.24264,4.24264,4.24264,4.24264,4.24264,3.60555,4.24264,3.60555,3.60555,3.60555,3.60555,3.60555,3.16228,3.16228,43.04649,46.09772,46.01087,37.01351,43.10452,36.12478,45.12206,43.41659,38.07887,40.02499,43.41659,41.23106,47.53946,42.75512,41.4367,41.76123,49.33559,43.9659,41.76123,41.0,43.01163,38.83298,37.64306,39.21734,39.81206,35.69314,34.9285,41.23106,37.10795,36.68787,31.01612,33.24154,35.73514,37.33631,30.67572,34.78505,34.71311,39.84972,33.37664,31.62278,28.16026,28.28427,29.61419,34.1321,28.44293,24.18677,25.17936,29.15476,22.09072,25.01999,26.07681,20.22375,25.0,23.08679,26.01922,26.30589,22.36068,43.82921,46.14109,47.41308,49.24429,48.70318,48.08326,49.33559,56.29387,60.87693,58.85576,61.98387,63.15061,73.68175,71.0,66.00758,67.00746,73.0,70.21396,69.26038,70.85901,69.857,75.9276,75.43209,75.70997,75.69016,70.61161,68.30813,70.5195,70.2282,70.34202,61.03278,66.7308,66.09841,63.24555,68.00735,65.0,57.00877,60.63827,60.41523,65.9242,60.87693,62.39391,57.07013,60.20797,54.12947,51.97115,53.60037,50.80354,53.46027,57.70615,52.7731,53.15073,50.48762,48.09366,53.33854,51.0,47.26521
7.07107,7.2111,7.2111,7.81025,7.2111,7.2111,7.2111,7.2111,7.2111,7.2111,7.2111,7.2111,7.2111,7.2111,7.2111,7.2111,6.7082,5.83095,6.7082,6.7082,5.83095,6.7082,5.83095,6.7082,5.83095,5.83095,5.83095,5.83095,5.83095,5.38516,5.0,5.83095,5.83095,5.0,5.0,5.0,5.0,5.0,5.0,4.24264,4.24264,4.24264,4.24264,3.60555,3.60555,3.60555,4.24264,3.60555,3.60555,3.60555,3.60555,3.60555,46.8188,42.42641,48.37355,39.05125,38.47077,41.30375,40.0125,46.09772,40.04997,42.0119,38.11824,38.11824,44.10215,41.0,40.0125,42.04759,44.01136,44.28318,42.10701,37.12142,45.04442,37.01351,41.30375,38.11824,38.01316,41.10961,31.14482,40.04997,37.0,42.0119,34.05877,33.01515,33.06055,40.11234,31.257,36.01389,35.0,35.12834,33.01515,30.14963,29.01724,30.01666,33.01515,30.0,31.40064,23.02173,29.27456,27.16616,26.1725,21.09502,21.0238,25.70992,25.17936,24.33105,24.04163,22.47221,22.84732,43.9659,45.22168,45.12206,52.63079,46.87217,53.46027,51.35173,53.15073,67.02984,61.0,64.07027,63.00794,69.06519,66.48308,72.27724,67.91171,75.70997,70.5195,68.96376,70.93659,69.64194,75.23962,67.53518,77.87811,72.06941,72.47068,66.7308,72.56032,61.91123,74.79305,58.18075,68.60029,67.23095,60.82763,66.7308,57.24509,57.80138,64.84597,60.03332,62.64982,65.76473,55.4617,62.16912,60.00833,58.18075,54.56189,54.56189,56.0803,54.42426,51.89412,54.78138,55.71355,52.92447,43.86342,50.69517,50.28916,51.92302
8.24621,8.544,8.544,8.544,8.544,8.544,8.544,7.61577,8.544,8.544,8.544,8.544,8.544,7.61577,7.61577,8.544,7.61577,7.61577,6.7082,7.61577,7.28011,7.61577,6.32456,6.7082,6.7082,6.7082,6.7082,6.7082,6.7082,6.7082,6.32456,6.32456,5.38516,6.32456,6.32456,6.32456,6.32456,5.09902,5.09902,5.09902,5.09902,5.09902,5.09902,5.09902,5.09902,5.09902,5.09902,5.09902,5.0,5.0,5.0,5.09902,41.6173,49.0408,37.73592,42.48529,44.38468,43.41659,40.31129,39.0,39.39543,43.65776,42.15448,42.2019,39.92493,40.8534,37.69615,43.68066,42.72002,41.78516,37.57659,43.08132,43.68066,43.08132,36.68787,37.16181,36.05551,37.94733,38.07887,39.56008,36.67424,37.36308,36.40055,36.24914,34.9285,33.52611,29.12044,34.0147,32.28002,30.08322,32.24903,28.4605,31.01612,28.23119,25.55386,28.17801,25.94224,29.15476,27.78489,29.52965,25.23886,21.0238,26.40076,22.82542,21.9545,21.93171,22.67157,19.84943,24.08319,43.01163,45.17743,46.38965,48.83646,49.24429,52.17279,50.21952,56.32051,61.35145,65.55151,63.50591,64.84597,69.77105,69.33974,67.42403,71.8401,74.8131,70.0,70.80254,72.83543,71.42129,77.10383,74.27651,68.76772,74.63243,75.66373,70.45566,66.4003,68.24954,70.21396,61.22091,65.21503,59.40539,63.41136,68.00735,66.06815,65.60488,61.7171,57.62812,64.53681,61.07373,65.06919,58.41233,57.31492,57.31492,57.48913,55.15433,55.22681,54.56189,59.39697,52.40229,53.75872,52.34501,47.42362,52.34501,54.56189,45.0
8.0,8.06226,8.06226,9.0,9.05539,8.0,8.06226,8.06226,8.06226,8.06226,9.05539,8.06226,8.0,8.06226,8.06226,9.05539,8.06226,8.06226,7.07107,7.07107,7.07107,7.07107,7.07107,7.07107,7.07107,7.07107,7.07107,7.07107,7.07107,7.28011,6.08276,6.08276,6.08276,6.0,6.08276,6.0,6.0,6.0,6.0,5.0,6.0,6.0,6.0,5.0,5.0,5.0,5.09902,5.09902,5.09902,5.09902,5.09902,5.38516,44.59821,42.52058,43.27817,39.11521,37.12142,44.29447,42.94182,42.48529,40.70626,40.31129,40.16217,38.8973,43.9659,40.8534,39.0,41.23106,45.88028,37.33631,38.48376,41.23106,41.23106,35.1141,39.29377,38.48376,37.16181,38.48376,36.67424,36.05551,34.9285,36.40055,31.7805,32.20248,35.4683,33.61547,29.41088,35.8469,34.0147,32.31099,33.12099,29.83287,27.51363,29.96665,27.29469,29.15476,24.18677,27.29469,24.35159,23.32381,23.60085,23.02173,22.80351,24.69818,25.0,21.40093,22.67157,22.67157,23.34524,43.73786,45.89118,40.80441,52.20153,50.69517,55.03635,55.54278,54.626,61.29437,58.18075,62.43397,68.96376,69.11584,66.28725,73.75636,69.35416,79.64923,67.89698,72.13876,70.72482,70.29225,80.43009,72.8011,74.65253,73.81734,70.93659,67.95587,72.67049,68.96376,76.40026,59.81639,73.78347,60.20797,67.95587,69.64194,63.63175,59.64059,65.43699,61.40033,67.35726,58.5235,64.81512,59.81639,59.5483,55.31727,59.81639,52.80152,53.07542,53.2635,50.93133,50.24938,49.51767,56.63921,45.27693,53.07542,48.16638,54.56189
7.07107,7.07107,7.0,8.0,7.0,7.0,7.0,7.0,8.0,7.0,8.0,8.0,8.0,7.0,7.0,8.0,7.07107,7.0,6.0,6.0,6.0,6.0,6.0,6.08276,6.0,6.08276,6.08276,6.0,6.0,6.08276,5.0,5.0,6.0,5.0,5.0,5.0,5.0,5.0,5.0,5.0,5.0,5.0,4.0,4.0,4.0,4.0,4.0,4.12311,4.12311,4.12311,3.16228,3.16228,44.0,46.32494,42.44997,41.23106,43.82921,41.4367,40.8534,43.82921,38.47077,40.70626,45.65085,39.96248,47.50789,44.72136,39.82462,37.58989,45.17743,44.10215,39.11521,41.34005,42.2019,40.49691,41.88078,36.35932,37.12142,38.07887,38.01316,38.27532,39.11521,38.01316,35.22783,35.80503,34.0,34.4093,32.52691,33.54102,31.90611,35.35534,36.71512,31.06445,30.41381,29.20616,27.73085,30.41381,29.96665,30.01666,26.41969,29.41088,23.25941,25.23886,27.313,24.59675,24.16609,20.61553,23.08679,23.08679,25.4951,43.41659,44.94441,48.37355,53.33854,48.33218,56.0803,52.7731,55.02727,62.03225,56.04463,61.18823,64.32729,67.18631,69.26038,71.34424,68.26419,75.66373,70.00714,70.17834,69.00725,68.02941,77.23341,70.25667,72.33948,75.13322,73.5527,65.51336,69.87131,68.73136,71.56815,63.95311,73.1642,64.77654,61.52235,68.06614,63.28507,60.03332,64.0,60.40695,64.19502,64.28063,62.20129,59.21149,61.0,57.14018,54.23099,52.0,51.0392,53.08484,56.14268,52.00961,54.03702,54.00926,47.16991,50.15974,47.51842,49.16299
7.81025,7.81025,7.2111,7.81025,7.2111,7.81025,7.2111,7.2111,7.2111,7.2111,7.2111,7.2111,7.2111,7.2111,7.2111,7.2111,7.2111,7.2111,5.83095,6.40312,5.83095,6.7082,5.83095,5.83095,5.83095,5.83095,5.83095,5.83095,5.83095,5.83095,5.83095,5.83095,5.83095,5.0,5.0,5.0,5.0,5.0,5.0,5.0,4.24264,4.24264,5.0,4.24264,4.24264,4.24264,4.24264,4.24264,4.24264,4.24264,4.47214,4.47214,42.42641,38.47077,42.0119,43.04649,44.0,38.32754,41.30375,40.11234,39.11521,39.11521,38.63936,39.56008,44.18144,39.45884,42.42641,39.56008,42.29657,38.63936,39.11521,41.10961,40.79216,40.04997,32.75668,37.65634,35.51056,36.22154,35.35534,32.75668,35.35534,38.60052,36.67424,34.52535,37.12142,30.80584,35.90265,26.57066,31.57531,27.89265,31.40064,33.01515,37.12142,32.06244,27.29469,28.44293,23.02173,30.01666,29.0,26.1725,24.02082,28.07134,25.01999,25.0,23.08679,26.30589,23.08679,24.73863,23.08679,42.54409,45.88028,44.59821,46.57252,48.83646,45.89118,50.48762,57.42822,62.514,64.07027,65.00769,61.0082,70.06426,69.18092,64.77654,69.05071,75.13322,74.46476,68.44706,72.53275,66.40783,76.92204,68.35203,75.76939,74.32362,72.44998,71.55418,69.35416,72.47068,71.58911,64.07808,64.40497,65.74192,61.46544,67.54258,62.64982,65.79514,60.74537,61.68468,65.39113,56.64804,64.51356,58.69412,56.30275,55.36244,53.45091,54.70832,55.7853,54.70832,55.7853,50.92151,54.57105,53.16014,46.84015,55.02727,51.78803,50.48762
6.32456,6.32456,7.28011,7.28011,7.28011,6.32456,7.28011,7.28011,7.28011,6.32456,7.28011,7.07107,7.28011,6.32456,6.32456,7.07107,7.07107,6.08276,6.08276,6.08276,6.32456,6.08276,5.09902,6.08276,6.08276,6.08276,6.08276,6.08276,6.08276,5.09902,5.09902,5.09902,5.09902,5.09902,5.09902,5.09902,5.09902,4.47214,4.12311,4.47214,4.12311,4.12311,4.47214,4.12311,4.12311,3.16228,3.16228,3.60555,3.60555,3.60555,3.60555,2.82843,45.01111,42.10701,41.4367,41.01219,41.97618,42.95346,40.31129,45.39824,39.05125,41.23106,38.32754,42.44997,45.88028,43.41659,41.0,40.16217,47.75982,46.17359,42.72002,37.64306,43.9659,36.87818,39.56008,38.60052,38.83298,40.79216,38.27532,38.60052,36.40055,40.31129,35.44009,31.62278,35.17101,39.05125,32.69557,35.51056,37.10795,37.10795,32.55764,32.38827,32.89377,25.17936,34.1321,30.26549,31.01612,30.06659,27.45906,26.07681,24.73863,21.09502,24.08319,22.56103,28.07134,26.01922,25.17936,26.07681,26.1725,43.909,45.48626,42.95346,51.47815,51.07837,47.43416,47.75982,55.54278,64.56005,59.43904,64.32729,62.36986,71.38627,70.34913,73.0,65.0,74.0,69.18092,70.45566,68.73136,70.0928,75.70997,70.83078,67.18631,74.2159,74.96666,69.64194,68.96376,68.00735,71.8401,60.44005,69.28925,65.78754,61.13101,68.35203,62.36185,57.00877,60.41523,61.18823,66.75328,65.51336,58.54912,60.20797,59.5399,54.33231,58.54912,56.29387,54.12947,55.7315,55.7315,52.7731,53.93515,56.4358,44.72136,57.07889,52.08647,45.0
8.60233,8.48528,8.48528,8.48528,8.48528,8.48528,8.48528,8.48528,8.48528,8.48528,8.48528,8.48528,8.48528,8.48528,7.81025,8.48528,7.81025,7.07107,7.81025,7.07107,7.07107,7.81025,7.07107,7.81025,7.81025,7.07107,7.07107,7.07107,7.07107,6.40312,7.07107,7.07107,7.07107,6.40312,6.40312,6.40312,6.40312,6.40312,6.40312,5.83095,5.65685,5.65685,5.83095,5.0,5.0,5.0,5.0,5.0,4.47214,4.47214,4.47214,4.47214,43.27817,41.34005,41.14608,43.82921,44.01136,40.81666,42.54409,45.18849,39.81206,44.38468,41.48494,41.4367,40.49691,40.49691,41.23106,42.72002,44.92215,43.32436,41.4367,37.94733,41.97618,38.32754,40.79216,37.36308,37.94733,38.07887,32.98485,35.17101,35.4683,35.44009,34.17601,38.32754,36.68787,35.17101,34.48188,40.49691,32.98485,36.05551,32.89377,28.63564,26.40076,31.7805,27.313,30.8707,30.88689,26.41969,29.96665,27.51363,25.4951,20.61553,19.72308,25.07987,25.4951,18.86796,21.40093,25.6125,22.2036,44.28318,49.25444,46.87217,51.47815,49.0306,54.81788,50.44799,56.04463,59.77458,58.5235,67.08204,63.06346,72.91776,69.46222,68.7968,69.89278,76.8505,67.62396,76.2168,74.20243,69.42622,76.38063,71.42129,73.66139,75.9276,74.96666,72.00694,74.65253,67.62396,74.65253,59.03389,70.93659,71.44928,64.38167,66.8431,62.93648,59.46427,64.53681,60.20797,61.84658,65.8559,58.69412,62.24147,59.4138,59.4138,59.07622,60.44005,57.48913,52.80152,53.8145,55.22681,56.85068,54.56189,49.57822,49.81967,48.01042,46.32494
7.28011,7.28011,7.07107,8.06226,7.07107,7.28011,7.07107,7.07107,7.07107,7.07107,7.28011,7.07107,7.07107,7.07107,7.07107,7.07107,7.07107,6.08276,6.08276,6.08276,6.08276,6.08276,6.08276,6.0,6.08276,6.08276,6.08276,6.08276,6.08276,6.08276,6.08276,6.08276,6.08276,5.09902,5.09902,5.09902,5.38516,5.38516,5.09902,5.09902,4.47214,4.47214,5.09902,4.47214,4.47214,4.12311,4.47214,4.47214,4.47214,4.47214,4.24264,4.24264,45.79301,42.54409,47.20169,36.35932,43.27817,39.96248,38.8973,38.28838,38.8973,43.27817,43.86342,38.18377,43.18565,41.10961,40.45986,39.05125,43.13931,38.94868,39.62323,39.05125,43.18565,38.20995,40.31129,39.62323,33.30165,36.12478,34.05877,36.40055,33.30165,36.40055,32.55764,37.64306,34.65545,30.4795,34.65545,32.55764,33.42155,26.90725,29.69848,30.61046,32.01562,30.23243,29.20616,29.83287,26.90725,27.78489,26.41969,25.94224,28.01785,25.4951,21.93171,23.25941,24.41311,22.82542,22.47221,24.16609,25.70992,43.08132,46.09772,47.85394,49.39636,48.25971,51.61395,49.20366,56.40035,59.46427,57.31492,62.93648,60.10824,67.94115,68.11755,68.26419,67.41662,78.77182,68.42514,66.7308,70.93659,70.38466,73.38937,70.77429,71.11259,70.2282,70.00714,66.09841,69.37579,65.30697,68.96376,58.82176,69.64194,61.18823,58.24088,67.46851,58.46366,59.13544,60.40695,56.921,64.62198,57.07013,60.00833,54.42426,55.15433,54.70832,53.75872,55.7853,55.65968,53.31041,50.32892,50.56679,52.35456,55.02727,48.46648,49.1935,46.95743,42.95346
8.544,8.94427,8.06226,8.94427,8.94427,8.544,8.94427,8.06226,8.94427,8.06226,8.94427,8.06226,8.94427,8.94427,8.06226,8.94427,8.06226,8.06226,8.06226,8.06226,8.06226,8.06226,6.7082,8.06226,8.06226,7.2111,7.2111,8.06226,8.06226,6.7082,6.7082,6.7082,6.7082,6.7082,6.7082,6.7082,6.32456,6.32456,6.32456,6.32456,5.38516,5.38516,5.38516,5.38516,5.38516,5.38516,5.09902,5.09902,5.09902,5.09902,5.0,5.0,45.22168,43.26662,41.14608,40.31129,45.18849,38.07887,39.92493,42.05948,39.92493,39.92493,38.27532,35.4683,44.28318,38.60052,39.0,41.97618,42.72002,40.26164,39.21734,38.8973,40.49691,36.05551,37.10795,40.5216,36.68787,35.1141,31.32092,35.69314,33.95585,36.68787,31.32092,35.73514,30.08322,35.73514,25.4951,30.36445,33.73426,32.57299,28.4605,27.78489,28.6531,26.92582,28.16026,28.23119,33.54102,23.70654,27.73085,25.29822,26.83282,24.83948,23.02173,20.59126,22.36068,19.84943,21.09502,22.02272,24.83948,41.10961,45.27693,46.17359,50.69517,47.53946,55.65968,52.39275,55.71355,65.39113,59.23681,62.39391,63.07139,72.00694,71.11962,69.89278,67.00746,77.62087,66.70832,71.21798,73.59348,75.00667,75.00667,71.42129,72.86288,75.82216,71.44928,68.88396,68.88396,66.21933,70.0928,60.44005,68.41053,65.43699,63.78087,66.4003,64.66065,59.4138,63.63961,63.65532,64.44377,60.82763,63.63961,59.4138,59.4138,55.17246,47.50789,54.45181,51.73973,56.72742,56.22277,55.9017,54.40588,53.03772,46.66905,54.03702,55.21775,48.16638
7.0,7.07107,7.07107,7.07107,7.07107,7.07107,7.07107,7.07107,7.07107,7.07107,7.07107,7.07107,7.07107,7.07107,7.07107,7.07107,6.08276,6.08276,6.08276,6.08276,6.08276,6.08276,6.08276,6.08276,6.08276,6.08276,6.08276,6.08276,6.08276,5.09902,5.09902,5.09902,5.09902,5.09902,5.0,5.0,5.0,5.0,5.0,4.0,4.0,4.0,4.0,4.0,4.12311,4.0,4.12311,4.12311,4.12311,4.12311,3.60555,3.60555,42.80187,38.8973,42.54409,44.10215,37.44329,42.2019,39.82462,42.04759,39.35734,41.88078,38.91015,42.54409,41.67733,40.70626,44.10215,44.38468,44.72136,43.04649,40.31129,36.23534,44.77723,38.01316,37.57659,34.9285,35.34119,38.58756,34.48188,35.34119,36.71512,41.59327,33.54102,40.71855,30.88689,35.34119,28.79236,35.77709,30.46309,35.77709,32.24903,30.52868,29.96665,29.06888,31.62278,30.52868,29.15476,26.1725,27.58623,25.23886,25.0,25.0,26.62705,23.70654,24.20744,22.02272,23.60085,22.80351,25.0,44.94441,44.92215,43.08132,49.39636,45.31004,51.42956,49.1935,55.9017,61.29437,57.98276,61.6198,62.62587,73.23933,72.13876,73.53911,65.11528,75.0733,66.70832,70.83784,70.43437,67.00746,74.88658,67.6757,68.8186,71.55418,70.45566,72.01389,71.58911,64.88451,69.77105,65.29931,67.97794,60.03332,62.26556,65.76473,60.53924,56.30275,61.05735,59.68249,60.80296,62.26556,55.75841,59.36329,56.72742,50.47772,57.62812,55.80323,51.61395,53.90733,54.6443,48.41487,51.22499,55.60576,47.43416,49.92995,46.40043,45.96738
7.07107,7.28011,7.28011,8.24621,7.28011,7.28011,7.61577,7.61577,7.61577,7.28011,8.24621,7.61577,7.28011,7.28011,7.28011,7.61577,7.61577,6.7082,6.7082,6.7082,6.32456,6.7082,6.32456,6.7082,6.7082,6.7082,6.7082,6.7082,6.7082,6.7082,5.38516,5.38516,5.83095,5.38516,5.83095,5.38516,5.38516,5.38516,5.38516,4.47214,5.38516,5.38516,4.47214,4.47214,4.12311,4.12311,4.12311,4.12311,4.12311,4.12311,4.0,4.0,44.04543,44.68781,39.69887,37.48333,39.96248,42.43819,40.36087,41.40048,34.66987,41.62932,40.22437,40.49691,46.14109,39.44617,40.71855,41.14608,43.82921,39.81206,40.71855,38.58756,41.59327,36.67424,38.94868,41.04875,35.51056,39.44617,33.54102,40.71855,36.23534,36.05551,36.76955,35.77709,30.41381,33.12099,32.57299,36.23534,31.38471,36.61967,27.20294,32.20248,29.73214,31.76476,30.01666,29.15476,27.58623,29.15476,26.92582,24.83948,25.94224,26.41969,26.24881,21.63331,25.45584,22.67157,25.23886,24.69818,23.43075,43.46263,45.27693,45.60702,49.40648,45.0,50.32892,52.49762,55.97321,61.52235,58.72819,64.3506,60.10824,71.58911,69.02898,67.95587,69.97142,73.92564,69.97142,68.09552,70.66116,71.17584,75.23962,68.44706,69.77105,72.44998,73.43024,66.85058,69.64194,68.96376,69.28925,58.30952,67.35726,63.60031,62.62587,64.51356,61.46544,57.00877,61.26989,57.69749,61.77378,63.97656,63.13478,57.27128,58.59181,53.7122,54.12947,50.53712,54.20332,55.07268,54.56189,49.92995,52.00961,51.61395,48.60041,50.80354,50.93133,45.80393
7.81025,7.07107,7.07107,7.81025,7.81025,7.81025,7.81025,7.07107,7.81025,7.07107,8.48528,7.81025,7.07107,7.07107,7.07107,7.81025,7.07107,7.07107,6.40312,6.40312,6.40312,6.40312,6.40312,6.40312,6.40312,6.40312,6.40312,6.40312,6.40312,6.40312,5.65685,5.65685,5.65685,5.65685,5.65685,5.65685,5.65685,5.0,4.24264,4.24264,5.0,5.0,4.24264,4.24264,4.24264,4.24264,3.60555,3.60555,4.24264,3.60555,3.60555,4.12311,43.41659,41.14608,43.01163,45.88028,43.73786,44.38468,39.62323,38.32754,37.36308,41.7732,39.45884,40.31129,50.35871,40.79216,39.31921,47.09565,45.27693,39.20459,38.32754,43.28972,42.10701,40.1995,33.06055,37.33631,35.35534,36.05551,39.05125,36.01389,34.0147,38.01316,37.21559,35.01428,34.05877,30.01666,36.34556,29.61419,29.15476,31.0,30.80584,32.0,36.12478,30.59412,33.13608,29.15476,29.06888,29.42788,27.20294,24.5153,23.76973,23.34524,24.73863,25.0,23.34524,23.76973,21.18962,21.93171,25.55386,43.01163,45.09989,43.73786,50.21952,49.47727,52.39275,51.5461,52.20153,62.03225,64.07808,65.30697,62.39391,72.49828,71.69379,67.42403,73.4983,70.72482,72.8011,70.0,69.52697,72.83543,75.69016,71.42129,72.18033,72.91776,73.66139,72.86288,70.00714,64.53681,66.48308,62.24147,64.38167,63.78087,59.4138,61.6198,66.52819,62.2254,60.20797,57.28001,65.79514,55.86591,63.51378,59.81639,56.85068,52.80152,52.43091,54.91812,53.00943,54.3783,55.80323,51.0392,57.14018,57.80138,47.16991,49.92995,48.8774,53.7122
7.28011,7.07107,7.07107,7.28011,7.28011,7.07107,7.07107,7.07107,7.07107,7.07107,7.07107,7.07107,7.07107,7.07107,7.07107,8.06226,7.0,6.08276,6.08276,6.08276,6.08276,6.08276,6.08276,6.0,6.08276,6.0,6.0,6.08276,6.08276,6.0,5.09902,5.09902,5.09902,5.09902,5.0,5.09902,5.09902,5.09902,4.12311,4.12311,4.12311,4.12311,4.12311,4.12311,4.12311,4.12311,4.12311,3.16228,3.16228,3.16228,3.60555,3.60555,43.93177,42.2019,44.91102,41.76123,40.31129,41.48494,42.95346,44.59821,45.18849,42.15448,44.41846,42.72002,42.94182,42.95346,39.0,47.50789,47.53946,43.909,41.88078,41.62932,43.56604,37.21559,43.56604,37.21559,37.57659,37.73592,35.77709,38.07887,37.58989,38.83298,38.47077,36.05551,35.34119,35.22783,31.40064,33.61547,34.48188,34.98571,31.38471,30.88689,28.84441,30.8707,31.62278,28.23119,33.52611,28.17801,26.40076,24.33105,28.17801,25.63201,24.69818,25.07987,26.92582,27.0,23.76973,19.92486,21.0238,45.60702,44.82187,49.09175,48.02083,48.02083,51.89412,51.10773,57.00877,61.84658,62.03225,65.0,68.15424,73.97973,68.88396,67.89698,71.70077,73.43705,70.02857,70.17834,70.06426,72.02777,74.06079,74.16873,75.02666,77.64664,73.06162,72.00694,71.02112,72.00694,71.44928,62.80127,66.61081,64.38167,62.07254,68.593,61.20457,64.12488,64.28063,62.39391,63.1981,63.00794,64.03124,60.00833,64.07027,53.00943,55.3263,58.03447,53.15073,55.14526,54.08327,55.0,55.00909,54.0,51.0,50.35871,50.80354,49.64877
8.06226,8.06226,9.0,9.05539,9.0,9.0,9.0,9.0,9.0,8.0,9.0,9.0,9.0,8.0,8.0,9.0,8.0,8.0,8.0,8.0,7.0,8.0,7.0,7.0,7.0,7.0,7.07107,7.0,7.0,7.07107,6.0,7.0,6.0,6.0,6.0,6.0,7.0,6.08276,6.08276,6.08276,6.08276,6.08276,5.09902,5.09902,5.09902,5.09902,5.09902,5.09902,5.09902,5.38516,5.38516,5.38516,37.69615,42.95346,48.37355,37.80212,38.28838,35.22783,39.69887,42.44997,41.40048,37.44329,38.60052,33.97058,38.8973,43.27817,38.41875,40.0,44.68781,39.59798,36.06938,37.01351,38.60052,39.59798,37.80212,35.38361,37.48333,37.64306,35.0,38.20995,32.52691,37.20215,31.89044,33.61547,33.30165,35.22783,34.4093,32.52691,30.61046,32.01562,32.55764,26.62705,30.41381,25.4951,29.41088,25.4951,23.43075,27.58623,22.67157,25.6125,22.02272,18.35756,24.08319,21.2132,21.93171,22.80351,23.02173,22.2036,20.59126,42.63801,42.80187,45.0,51.31277,49.64877,53.22593,52.83938,54.58938,61.26989,62.62587,64.51356,67.05222,70.5195,66.70832,63.78871,73.34848,73.76313,72.69113,71.70077,71.19691,69.06519,76.23647,74.10803,78.23043,75.00667,74.16873,70.34913,70.06426,70.11419,71.00704,59.00847,69.0,65.00769,64.28063,69.0,62.1289,62.39391,62.28965,60.07495,60.40695,61.29437,66.09841,59.5399,59.5399,53.60037,58.85576,55.10898,53.16014,51.41984,54.74486,51.24451,48.08326,52.63079,46.17359,47.75982,52.49762,49.0408
7.28011,6.32456,7.61577,7.61577,7.61577,6.32456,7.61577,6.7082,7.61577,6.7082,7.61577,6.7082,7.61577,6.7082,6.32456,7.61577,6.7082,6.7082,6.7082,6.7082,6.7082,6.7082,5.38516,6.7082,6.7082,5.38516,5.83095,6.7082,5.83095,5.83095,5.38516,5.38516,5.38516,5.38516,4.47214,4.47214,5.09902,5.09902,5.09902,4.12311,4.12311,4.12311,4.12311,4.12311,4.12311,4.12311,4.0,4.0,4.0,4.0,4.0,3.16228,41.67733,39.66106,41.59327,42.54409,42.95346,36.40055,41.14608,43.46263,38.8973,39.84972,43.17407,39.56008,44.27189,42.72002,39.81206,41.7732,40.5216,42.57934,38.07887,36.87818,40.80441,37.69615,35.12834,32.98485,38.63936,37.33631,33.24154,39.81206,33.73426,38.32754,33.52611,32.98485,35.73514,36.05551,30.08322,33.61547,32.57299,37.10795,30.8707,26.0,24.35159,30.88689,26.83282,30.67572,24.69818,27.313,27.65863,28.79236,24.16609,21.47091,25.55386,23.60085,23.60085,22.82542,22.02272,22.02272,20.51828,45.04442,41.04875,46.01087,49.49747,48.37355,49.47727,49.24429,54.81788,62.93648,56.921,62.03225,61.84658,68.54196,70.21396,69.83552,66.88797,72.94518,65.45991,68.8186,68.76772,68.68042,74.41102,73.0,71.58911,70.00714,71.58911,70.76722,69.52697,66.4003,71.42129,59.46427,66.52819,63.65532,60.87693,61.6198,57.98276,62.24147,60.10824,58.69412,59.66574,60.87693,60.1415,56.72742,56.72742,50.91169,55.15433,56.56854,51.85557,53.8145,51.22499,51.85557,49.0408,55.9017,44.82187,52.00961,48.8774,49.40648
8.0,7.07107,8.06226,8.06226,7.07107,7.07107,8.06226,7.07107,8.06226,7.07107,8.06226,8.06226,7.07107,7.07107,7.07107,7.07107,7.28011,7.07107,6.08276,7.07107,6.08276,6.08276,6.08276,7.28011,6.08276,6.32456,6.32456,6.08276,6.08276,6.32456,5.09902,6.08276,6.08276,5.09902,5.09902,5.09902,6.08276,5.0,5.0,4.0,5.0,5.0,4.0,4.0,4.0,4.0,4.0,4.0,4.0,4.12311,4.12311,3.16228,45.17743,44.65423,42.2019,42.42641,36.06938,43.13931,39.05125,43.18565,38.28838,44.68781,45.22168,39.82462,46.8615,37.53665,43.13931,44.41846,42.0119,40.45986,38.8973,38.60052,43.60046,38.18377,40.45986,38.20995,39.20459,39.40812,33.6006,39.20459,36.06938,36.89173,34.20526,37.20215,33.24154,37.01351,28.6531,31.89044,33.30165,33.97058,34.65545,28.6007,31.14482,29.20616,31.14482,28.6007,27.01851,26.1725,29.83287,25.45584,29.0,22.62742,24.83948,27.65863,22.67157,18.86796,23.85372,21.63331,23.70654,40.70626,45.27693,45.17743,50.0,46.04346,54.6443,50.44799,56.22277,58.89822,58.72819,63.70243,64.38167,73.5527,70.0,67.42403,65.36819,76.6094,66.18912,75.17978,73.79024,70.21396,76.05919,72.61543,76.55717,72.11103,71.58911,67.35726,72.53275,66.48308,74.72617,57.24509,66.76077,62.64184,67.6757,65.45991,59.46427,61.84658,63.69458,61.68468,61.46544,63.60031,60.16644,59.23681,55.71355,54.626,55.22681,53.66563,55.47071,54.58938,53.7122,54.12947,54.12024,55.9464,46.95743,52.7731,47.43416,49.64877
8.06226,8.06226,7.61577,8.06226,7.61577,7.61577,7.61577,7.61577,7.61577,7.61577,7.61577,7.61577,7.61577,7.61577,7.61577,7.61577,7.61577,6.7082,7.28011,6.32456,6.32456,7.28011,6.32456,7.28011,7.28011,7.28011,6.32456,6.32456,6.32456,6.32456,6.32456,6.32456,6.32456,5.38516,5.38516,5.38516,5.38516,5.38516,5.38516,5.38516,4.47214,4.47214,4.47214,4.47214,4.47214,4.47214,4.47214,4.47214,4.47214,4.47214,4.24264,4.24264,42.57934,42.75512,42.0119,39.20459,42.0119,40.11234,38.0,44.28318,40.11234,41.30375,43.01163,39.01282,44.04543,40.4475,39.20459,41.7732,41.19466,40.60788,42.29657,40.11234,41.97618,38.20995,32.75668,37.65634,33.54102,35.90265,36.34556,35.44009,36.87818,41.97618,33.37664,37.12142,34.52535,33.37664,35.51056,29.01724,32.38827,31.257,27.01851,33.01515,35.01428,31.257,31.14482,25.07987,26.1725,29.0,29.06888,24.02082,26.01922,24.0,25.17936,24.33105,24.02082,25.0,21.37756,22.36068,23.76973,46.57252,44.64303,46.32494,50.80354,52.95281,51.24451,51.24451,56.00893,64.07027,62.03225,65.19202,63.1981,71.25307,66.61081,67.91171,71.47027,73.76313,75.0,70.34202,71.17584,70.38466,75.23962,74.24284,73.34848,74.73286,73.53911,73.43024,72.40166,69.11584,73.34848,60.82763,62.76942,64.00781,63.06346,62.76942,66.18912,60.41523,64.40497,61.32699,60.92618,58.18075,58.5235,58.30952,59.61543,54.70832,51.62364,56.30275,55.36244,57.28001,54.70832,51.41984,54.34151,49.64877,50.0,50.44799,49.24429,40.79216
7.07107,7.0,7.0,7.0,7.0,7.0,7.07107,7.07107,7.0,7.07107,7.0,8.06226,7.0,7.07107,7.0,7.07107,7.07107,7.07107,6.08276,6.08276,6.08276,6.08276,6.08276,6.08276,6.08276,6.08276,6.08276,6.08276,6.08276,6.08276,5.09902,5.09902,5.09902,5.09902,5.09902,5.09902,5.0,4.0,4.0,4.0,4.0,5.0,4.0,4.0,4.0,4.0,4.0,4.0,4.0,3.16228,4.12311,3.16228,42.57934,41.23106,43.32436,39.21734,47.01064,36.76955,39.81206,40.8534,41.18252,39.40812,40.70626,44.77723,43.38202,41.14608,42.05948,43.41659,43.41659,39.44617,38.47077,38.94868,40.70626,37.21559,34.1321,35.51056,35.8469,35.51056,32.80244,36.87818,34.43835,38.41875,33.42155,31.241,35.35534,31.90611,37.01351,30.80584,29.52965,34.0,30.88689,28.30194,30.01666,30.52868,26.92582,28.79236,26.92582,26.40076,24.16609,24.59675,22.80351,21.93171,22.36068,23.76973,20.88061,18.11077,21.0238,21.37756,22.02272,41.88078,43.04649,46.06517,46.95743,50.15974,48.10405,51.26402,52.55473,61.98387,57.48913,63.95311,58.69412,72.56721,69.87131,65.00769,69.06519,71.17584,70.02857,67.00746,70.06426,69.06519,74.8131,69.72087,69.72087,72.00694,73.5527,66.09841,68.44706,66.09841,68.24954,62.36986,66.28725,61.52235,62.36986,65.11528,63.3877,61.40033,58.42089,59.3043,61.20457,61.13101,58.00862,56.22277,57.00877,49.0,54.03702,56.0,53.00943,53.23533,53.00943,51.0,50.03998,57.00877,52.34501,49.25444,46.69047,46.38965
7.61577,7.61577,8.06226,8.06226,7.61577,7.61577,8.06226,8.06226,8.06226,7.2111,8.06226,8.06226,7.61577,7.2111,6.7082,8.06226,7.2111,6.7082,7.2111,6.7082,6.7082,6.7082,6.7082,7.2111,6.7082,6.7082,5.83095,5.83095,5.83095,5.83095,5.83095,5.83095,5.83095,5.83095,5.38516,5.38516,5.38516,5.38516,5.38516,4.47214,5.38516,5.38516,5.38516,4.12311,5.09902,4.12311,4.12311,4.12311,4.12311,4.12311,5.0,4.0,43.82921,42.43819,40.70626,40.8534,39.92493,36.40055,38.48376,39.39543,38.27532,42.54409,41.76123,43.65776,41.7732,37.0,37.33631,38.63936,45.31004,40.16217,32.89377,39.56008,40.60788,40.16217,32.28002,32.28002,31.32092,36.05551,40.5216,35.51056,32.28002,35.22783,34.78505,34.17601,30.8707,32.31099,30.59412,24.35159,29.15476,26.57066,28.86174,30.80584,29.83287,34.43835,28.23119,28.17801,24.18677,31.38471,26.92582,24.16609,23.85372,23.08679,24.59675,24.69818,20.0,22.67157,19.10497,22.67157,22.2036,46.04346,44.0,46.04346,50.48762,49.25444,49.81967,53.60037,57.28001,63.89053,63.69458,64.07808,63.56099,73.00685,72.89719,66.37017,71.02112,73.24616,72.8011,66.8431,69.02898,69.52697,82.21922,73.5527,73.59348,75.0733,73.5527,71.58911,72.91776,72.00694,70.17834,60.959,66.8431,63.89053,64.81512,69.6563,65.06919,61.55485,65.06919,62.36986,63.63961,57.31492,63.12686,56.58622,60.82763,55.22681,54.6443,56.56854,53.07542,53.2635,52.63079,50.20956,54.20332,54.20332,43.27817,51.08816,50.44799,42.54409
7.61577,7.61577,7.28011,7.61577,7.61577,7.61577,7.61577,7.28011,7.61577,7.28011,7.61577,7.28011,7.28011,7.28011,7.28011,7.28011,7.28011,6.32456,6.32456,6.32456,6.32456,6.32456,6.32456,6.08276,6.32456,6.32456,6.32456,6.32456,6.32456,6.32456,5.38516,5.38516,5.38516,5.38516,5.38516,5.38516,5.38516,4.47214,4.47214,4.47214,4.47214,4.47214,4.47214,3.60555,3.60555,3.60555,4.24264,3.60555,4.24264,4.24264,4.24264,4.24264,42.19005,40.02499,45.89118,44.72136,42.2019,35.73514,37.36308,38.32754,38.8973,45.60702,40.71855,38.62642,43.32436,38.07887,41.4367,42.54409,43.08132,38.32754,39.39543,42.04759,43.86342,37.57659,35.77709,37.33631,31.95309,35.1141,31.38471,37.12142,36.24914,38.07887,34.43835,35.73514,32.64966,39.56008,30.08322,33.24154,27.29469,29.96665,30.08322,26.57066,31.62278,29.12044,31.32092,29.15476,23.5372,24.18677,27.16616,23.5372,24.5153,23.19483,23.08679,23.0,22.2036,23.08679,19.64688,25.07987,23.5372,43.82921,46.40043,44.94441,51.89412,47.42362,49.98,57.24509,55.65968,63.56886,60.44005,63.06346,66.28725,73.34848,67.26812,72.1734,68.11755,80.05623,70.02857,73.00685,68.11755,70.11419,76.41989,71.70077,72.99315,75.50497,68.73136,72.03471,73.34848,68.15424,68.73136,63.06346,67.26812,62.80127,60.20797,68.15424,63.95311,59.03389,65.11528,60.01666,63.95311,62.16912,60.20797,59.5399,61.20457,58.13777,56.00893,52.23983,52.03845,52.03845,51.24451,53.08484,53.33854,53.93515,42.10701,54.23099,44.18144,42.0
8.60233,7.81025,8.48528,8.60233,9.21954,7.81025,8.48528,8.48528,8.48528,8.48528,8.48528,8.48528,8.48528,8.48528,7.81025,8.48528,7.07107,7.07107,7.07107,7.07107,7.07107,7.07107,7.07107,7.07107,7.07107,7.07107,7.07107,7.07107,7.07107,6.40312,6.40312,7.07107,7.07107,6.40312,5.65685,5.65685,5.65685,6.40312,6.40312,5.0,5.0,5.0,5.0,5.0,5.0,5.0,5.0,5.0,5.0,4.47214,4.47214,4.47214,39.35734,38.07887,41.97618,39.21734,41.48494,38.63936,38.0526,43.56604,40.04997,39.05125,37.65634,40.1995,38.32754,39.31921,39.45884,39.20459,45.04442,37.33631,38.47077,36.34556,43.0,33.95585,36.05551,34.1321,37.65634,38.0526,32.14032,38.0,37.48333,36.22154,29.27456,34.23449,33.13608,36.22154,28.16026,34.05877,30.06659,30.26549,32.24903,25.4951,25.31798,27.85678,31.04835,25.0,27.20294,21.58703,23.08679,28.79236,22.84732,21.18962,16.55295,20.24846,22.47221,22.84732,23.4094,22.2036,18.02776,44.10215,44.04543,44.01136,50.15974,47.16991,56.29387,51.62364,53.93515,60.41523,60.44005,61.09828,60.40695,71.16881,69.07966,71.30919,63.52952,75.15318,66.57327,72.71864,71.56116,75.21303,75.43209,71.70077,71.84706,76.2168,75.16648,67.17887,68.68042,65.05382,74.51845,57.38467,70.0928,65.79514,63.78087,64.03124,66.8431,55.44367,66.61081,57.2014,62.1289,60.30755,59.68249,64.40497,55.47071,55.80323,59.5399,53.00943,53.60037,52.15362,52.69725,52.15362,49.92995,54.08327,46.14109,51.0,50.53712,42.04759
7.0,7.07107,7.07107,7.07107,7.07107,7.0,7.07107,7.07107,7.07107,7.07107,7.07107,7.07107,7.07107,7.07107,6.08276,7.07107,6.08276,6.08276,6.08276,6.08276,6.08276,6.08276,6.08276,6.08276,6.08276,6.08276,5.09902,6.08276,6.08276,5.09902,5.09902,5.09902,5.09902,5.0,5.0,5.0,5.0,5.0,4.0,4.0,4.0,4.0,4.0,4.0,4.0,4.0,4.12311,4.12311,4.12311,4.12311,3.16228,3.60555,42.63801,42.42641,43.01163,43.82921,43.26662,38.27532,41.59327,41.34005,44.94441,42.2019,40.49691,44.94441,45.17743,40.49691,42.80187,43.41659,43.909,38.07887,36.35932,43.909,42.04759,40.22437,38.01316,38.62642,39.40812,34.48188,38.60052,36.23534,32.20248,33.24154,34.4093,33.83785,34.4093,34.17601,32.44996,35.35534,33.12099,32.20248,27.313,26.40076,31.40064,26.90725,29.20616,26.24881,24.83948,27.58623,25.4951,28.01785,23.60085,25.6125,19.10497,24.08319,20.0,23.60085,20.59126,23.43075,19.23538,47.29693,40.60788,47.29693,48.70318,53.16014,52.55473,51.86521,51.89412,60.83584,61.77378,63.24555,64.63745,68.00735,66.70832,66.06815,72.83543,74.27651,76.57676,70.76722,69.42622,71.40028,75.0,77.93587,79.92496,75.47185,75.21303,67.1193,66.64833,67.60178,67.95587,64.41273,65.51336,69.64194,64.40497,65.19202,62.68174,60.74537,62.43397,60.20797,61.58734,56.30275,62.00806,54.08327,55.60576,51.0392,56.85948,49.09175,55.31727,49.57822,54.67175,54.03702,52.49762,45.80393,51.86521,54.6443,51.85557,46.75468
7.28011,7.28011,7.07107,7.28011,7.28011,7.28011,7.07107,7.07107,7.07107,7.07107,7.28011,7.07107,7.07107,7.07107,6.08276,7.07107,6.0,6.08276,6.08276,6.08276,6.08276,6.08276,6.08276,6.08276,6.08276,6.0,6.0,6.08276,6.08276,6.0,5.09902,5.09902,5.09902,5.09902,5.09902,5.09902,5.09902,4.12311,4.12311,4.12311,4.12311,4.12311,4.12311,4.12311,3.16228,3.16228,3.16228,3.16228,3.60555,3.60555,3.60555,3.60555,46.09772,43.04649,43.01163,42.2019,44.27189,40.16217,40.16217,45.69464,36.13862,41.78516,43.86342,42.72002,44.28318,39.81206,44.01136,41.67733,47.01064,42.54409,36.67424,40.31129,38.94868,38.94868,38.58756,36.67424,36.67424,36.76955,35.77709,36.89173,33.83785,35.35534,34.98571,34.48188,34.43835,36.23534,32.01562,32.69557,32.69557,34.1321,31.32092,29.73214,28.30194,29.96665,30.59412,28.23119,28.4605,32.57299,20.61553,25.70992,24.35159,28.4605,21.58703,21.54066,24.5153,22.36068,24.5153,23.08679,20.09975,41.88078,45.18849,45.61798,50.9902,46.8188,50.28916,48.10405,56.32051,64.56005,59.84146,61.81424,62.16912,72.99315,68.35934,66.0,69.00725,78.16009,70.00714,68.18358,73.43705,71.44928,73.68175,73.5527,76.65507,73.97973,75.32596,65.73431,67.18631,67.89698,69.87131,60.63827,71.58911,65.51336,61.18823,66.94027,64.93843,60.53098,64.62971,61.52235,60.07495,61.52235,62.1289,58.42089,58.07753,50.08992,59.00847,50.15974,53.03772,55.03635,54.00926,52.0,51.62364,52.0,45.01111,51.0098,46.27094,50.35871
8.06226,7.2111,7.81025,7.81025,7.81025,7.81025,7.81025,7.81025,7.81025,7.81025,7.81025,7.81025,7.81025,7.81025,6.40312,7.81025,7.07107,6.40312,6.40312,6.40312,6.40312,6.40312,6.40312,6.40312,6.40312,6.40312,6.40312,6.40312,6.40312,6.40312,5.65685,5.65685,5.65685,5.0,5.0,5.83095,5.83095,5.0,5.0,5.0,4.47214,4.47214,5.0,4.47214,4.47214,4.47214,4.47214,4.47214,4.47214,4.12311,4.12311,4.12311,37.48333,42.72002,46.32494,43.41659,42.44997,43.18565,43.41659,43.01163,39.01282,40.0125,38.11824,43.01163,43.04649,33.0,40.11234,38.20995,42.0119,39.01282,39.45884,37.33631,43.01163,37.21559,38.01316,34.0147,30.14963,36.34556,35.22783,34.1321,34.36568,37.0,36.0,33.24154,30.41381,34.0,31.0,33.13608,31.04835,31.14482,26.68333,30.26549,29.42788,26.68333,25.31798,28.44293,26.0,25.70992,24.04163,23.19483,23.5372,26.24881,23.76973,23.32381,18.02776,25.05993,22.84732,25.05993,21.63331,42.05948,45.60702,44.91102,49.81967,49.64877,56.32051,54.08327,56.0,61.03278,61.03278,62.39391,62.39391,73.33485,70.03571,71.8401,67.05222,79.55501,68.35203,71.47027,70.68239,73.34848,79.25907,69.83552,71.55418,72.71864,76.48529,69.63476,74.30343,64.89992,75.80237,59.68249,67.42403,67.42403,61.05735,67.6757,65.0,59.36329,63.06346,55.56978,64.00781,63.28507,60.92618,58.13777,52.7731,56.79789,59.05929,56.79789,54.56189,51.89412,52.92447,48.30114,52.92447,52.3259,46.09772,55.02727,46.84015,49.76947
4.47214,3.60555,6.08276,7.07107,8.24621,9.21954,10.44031,10.44031,10.77033,9.84886,9.84886,8.94427,8.544,7.28011,7.07107,9.05539,8.06226,9.05539,10.04988,11.0,10.04988,10.04988,9.21954,8.24621,7.28011,6.08276,4.12311,5.38516,5.0,5.0,5.83095,5.83095,5.0,5.0,5.65685,5.65685,5.65685,5.65685,5.65685,5.65685,5.65685,5.65685,5.65685,4.24264,4.24264,4.24264,4.47214,5.0,5.0,6.40312,5.65685,5.65685,45.35416,44.14748,45.17743,39.01282,16.27882,66.09841,9.89949,62.39391,18.38478,22.02272,65.96969,38.32754,42.0119,28.63564,45.54119,44.55334,48.50773,42.42641,41.19466,46.84015,50.53712,44.55334,56.4358,43.28972,54.34151,44.55334,16.40122,29.42788,23.02173,48.02083,35.1141,44.0,29.06888,36.35932,33.30165,30.36445,27.20294,26.30589,33.12099,34.71311,24.0,36.71512,33.10589,27.65863,24.73863,22.09072,25.17936,29.15476,25.0,20.39608,25.96151,24.08319,24.02082,29.83287,17.20465,20.80865,25.4951,44.55334,49.24429,45.35416,50.44799,50.28916,57.24509,52.81098,59.09315,65.39113,65.30697,67.1193,69.31811,76.48529,72.06941,74.06079,69.06519,84.59905,68.88396,74.88658,78.40918,75.82216,82.32861,76.41989,78.56844,79.98125,78.24321,72.83543,76.38063,67.17887,76.57676,59.4138,74.96666,68.68042,67.26812,70.83784,65.60488,60.0,64.66065,62.68174,66.24198,67.6757,61.91123,66.0303,60.37384,61.29437,60.03332,55.47071,60.82763,58.18075,54.23099,55.54278,53.14132,61.68468,50.32892,57.87055,53.85165,48.08326
7.61577,6.7082,7.2111,8.06226,8.06226,6.7082,7.2111,7.2111,6.7082,7.2111,7.2111,7.2111,7.2111,7.2111,6.7082,7.2111,6.40312,5.83095,6.40312,5.83095,5.83095,5.83095,5.83095,6.40312,5.83095,5.83095,5.83095,6.40312,5.83095,5.0,5.83095,5.83095,5.83095,5.38516,5.0,4.47214,4.47214,5.38516,4.47214,4.47214,4.47214,4.47214,4.47214,3.60555,4.12311,3.16228,4.12311,4.12311,4.0,4.0,4.0,3.0,39.96248,45.88028,42.04759,40.16217,41.97618,37.36308,44.38468,43.68066,40.02499,39.29377,38.60052,38.8973,40.80441,42.37924,42.05948,38.47077,41.19466,41.59327,39.05125,36.34556,38.07887,36.13862,39.45884,33.54102,38.83298,37.33631,35.17101,36.34556,35.22783,37.12142,32.06244,29.12044,31.57531,31.57531,28.01785,31.04835,35.51056,30.26549,29.27456,28.16026,25.4951,26.24881,26.0,29.83287,25.07987,25.29822,25.29822,25.07987,21.54066,21.47091,21.9545,22.82542,18.86796,25.07987,25.23886,21.09502,19.84943,43.04649,43.04649,46.04346,46.27094,51.97115,49.81967,51.97115,53.16014,58.46366,61.68468,60.74537,63.24555,68.94926,66.70832,65.74192,71.69379,71.69379,75.71658,66.28725,67.62396,70.17834,74.51845,72.13876,76.48529,69.31089,71.06335,68.593,72.18033,67.94115,69.31089,62.96825,60.82763,64.44377,60.959,63.70243,59.4138,58.69412,63.78087,59.46427,61.6198,58.79626,61.03278,56.58622,59.20304,49.67897,50.93133,54.67175,49.0408,53.53504,55.0,49.09175,50.11986,47.80167,44.77723,49.73932,46.14109,49.24429
8.94427,8.94427,8.544,8.94427,8.94427,8.544,8.544,8.544,8.544,8.544,8.544,9.48683,8.544,8.544,8.544,8.544,8.24621,7.61577,8.544,7.61577,7.61577,7.61577,7.28011,7.28011,7.61577,7.28011,7.28011,7.61577,7.61577,7.28011,6.7082,6.7082,6.7082,6.7082,6.32456,6.32456,6.7082,5.83095,5.83095,5.83095,5.83095,5.83095,5.83095,5.38516,5.83095,4.47214,5.0,5.0,5.0,5.0,5.0,4.24264,40.1995,41.04875,45.89118,41.4367,37.64306,45.60702,36.87818,46.48656,33.83785,43.41659,39.39543,37.64306,44.01136,39.39543,40.26164,39.82462,44.94441,38.07887,43.46263,37.16181,45.18849,35.1141,35.8469,34.88553,35.34119,34.53983,28.84441,33.10589,32.75668,33.28663,29.73214,32.24903,30.41381,33.24154,30.01666,33.54102,31.30495,29.52965,30.41381,28.4605,27.73085,24.5153,26.92582,26.24881,25.96151,27.51363,25.70992,22.36068,23.76973,24.04163,22.80351,20.88061,22.2036,25.07987,23.0,22.02272,22.02272,46.09772,45.88028,43.68066,52.81098,46.84015,52.20153,54.34151,56.08921,60.20797,59.3043,61.03278,65.49046,74.02702,72.00694,71.11259,72.1734,80.50466,72.00694,76.32169,70.21396,72.83543,78.33901,67.44627,75.58439,75.96052,78.58753,72.61543,75.96052,69.28925,75.27284,61.03278,69.64194,63.78871,62.8172,65.0,65.14599,57.72348,62.8172,59.90826,66.4906,60.87693,60.53098,62.96825,59.5399,60.29925,57.31492,56.7186,53.03772,56.0803,53.23533,55.57877,53.46027,52.34501,47.09565,48.04165,54.03702,48.0
8.24621,8.06226,8.06226,8.06226,8.06226,7.07107,8.06226,8.06226,8.06226,8.06226,8.06226,8.06226,8.06226,8.06226,7.07107,8.06226,7.07107,7.07107,7.0,7.0,7.07107,7.0,7.07107,7.0,7.07107,7.07107,6.08276,7.0,7.0,6.0,6.0,6.08276,6.0,6.08276,6.08276,6.08276,5.09902,5.09902,5.09902,5.09902,5.09902,5.09902,5.09902,4.12311,4.12311,4.12311,4.12311,4.12311,4.12311,4.47214,4.47214,3.60555,48.76474,39.05125,45.18849,40.31129,38.62642,36.23534,34.88553,40.70626,40.81666,36.35932,39.82462,36.89173,42.19005,40.49691,40.24922,41.34005,38.83298,42.19005,39.69887,36.05551,40.49691,34.48188,35.0,31.62278,35.0,34.1321,32.24903,36.23534,34.20526,36.05551,33.01515,32.44996,31.40064,31.40064,28.3196,30.88689,30.4795,33.01515,31.30495,29.41088,25.55386,27.73085,26.0,27.80288,25.4951,23.25941,28.23119,26.07681,23.76973,21.93171,23.76973,20.88061,20.24846,21.18962,24.18677,19.23538,24.02082,40.60788,49.09175,44.65423,49.73932,46.52956,54.08327,53.85165,55.36244,62.39391,58.94065,61.40033,68.15424,68.94926,72.03471,72.99315,68.593,81.04937,69.00725,72.11103,71.00704,69.0,75.02666,69.18092,77.0,74.10803,74.0,72.24957,74.43118,65.9242,72.44308,61.40033,68.35934,67.06713,58.13777,69.11584,60.07495,58.00862,66.00758,62.07254,65.00769,62.00806,60.07495,58.07753,52.03845,57.21888,55.3263,57.14018,54.23099,53.75872,55.44367,51.15662,50.9902,58.00862,47.85394,54.81788,49.72927,49.47727
7.07107,7.07107,7.07107,7.07107,7.07107,6.40312,6.40312,6.40312,6.40312,6.40312,7.07107,6.40312,7.07107,6.40312,6.40312,6.40312,5.83095,6.40312,5.83095,6.40312,6.40312,5.83095,5.0,5.83095,6.40312,5.0,5.0,5.83095,5.83095,5.0,5.0,5.0,5.0,5.0,5.0,5.0,4.24264,4.24264,4.24264,4.24264,4.24264,4.24264,4.24264,2.82843,2.82843,2.82843,3.60555,3.60555,3.60555,3.60555,3.16228,3.16228,43.909,47.01064,40.80441,39.0,40.80441,36.40055,43.73786,39.45884,39.31921,40.4475,38.20995,38.47077,37.65634,40.31129,39.05125,41.19466,41.7732,42.75512,40.11234,40.1995,41.19466,37.10795,33.06055,36.22154,34.52535,37.48333,32.06244,36.05551,34.1321,37.01351,31.0,33.24154,35.51056,34.05877,26.01922,29.15476,32.24903,32.24903,29.12044,27.65863,25.96151,27.45906,31.04835,31.04835,24.04163,21.58703,23.4094,24.59675,25.31798,24.69818,22.13594,20.12461,22.36068,24.41311,22.47221,23.85372,19.79899,43.04649,44.18144,46.01087,46.27094,54.33231,50.63596,50.9902,55.10898,57.48913,61.40033,63.24555,65.52099,70.0928,70.5762,73.34848,71.55418,72.89719,75.16648,71.02112,70.72482,69.64194,76.83749,67.62396,72.20111,73.00685,75.80237,70.71068,70.76722,67.26812,69.29646,63.65532,64.3506,63.12686,60.1415,66.6033,60.0,59.66574,59.07622,59.64059,61.85467,58.60034,61.29437,56.61272,58.83026,48.54894,54.40588,51.0392,55.21775,56.0803,50.11986,51.42956,50.56679,54.6443,46.14109,55.56978,46.06517,47.01064
7.61577,7.61577,8.06226,7.61577,7.61577,7.61577,8.06226,8.06226,8.06226,6.7082,8.06226,8.06226,7.61577,7.2111,6.7082,8.06226,7.2111,6.7082,5.83095,5.83095,5.83095,5.83095,5.83095,6.40312,5.83095,5.83095,6.40312,5.83095,5.83095,5.83095,5.83095,5.83095,5.0,5.0,5.83095,5.83095,5.38516,4.47214,4.47214,4.47214,4.47214,4.47214,4.47214,4.47214,4.12311,4.12311,4.12311,3.16228,4.12311,3.16228,4.0,4.0,49.64877,44.10215,37.12142,41.59327,43.909,41.4367,41.78516,43.46263,40.5216,43.65776,43.01163,39.84972,43.9659,42.05948,40.24922,43.01163,44.28318,42.54409,37.94733,41.10961,41.76123,40.5216,35.73514,35.17101,36.76955,36.40055,35.4683,39.21734,39.35734,36.40055,31.62278,34.43835,31.62278,31.38471,36.87818,28.63564,35.8469,33.83785,31.38471,32.69557,31.38471,33.61547,29.15476,29.15476,32.24903,31.38471,23.85372,26.07681,24.18677,26.90725,25.80698,26.90725,22.47221,24.20744,22.62742,22.02272,17.69181,48.01042,47.04253,50.15974,50.48762,49.0306,52.88667,55.7853,58.82176,64.7611,60.53924,65.0,66.70832,69.07966,72.56032,67.41662,77.38863,78.54935,74.20243,70.21396,75.43209,75.69016,74.8131,75.00667,77.10383,74.65253,77.7946,71.70077,71.06335,70.17834,73.24616,61.55485,68.24954,67.94115,61.52235,69.52697,64.3506,63.70243,67.94115,60.30755,62.96825,60.82763,63.70243,59.5483,59.39697,53.15073,58.00862,55.97321,53.07542,52.40229,56.61272,51.22499,52.20153,54.56189,48.41487,54.03702,46.87217,51.86521
8.06226,8.06226,8.0,8.06226,8.06226,8.06226,8.06226,8.06226,8.06226,8.0,8.06226,8.0,8.0,8.0,7.07107,8.06226,7.0,7.0,7.0,7.0,7.0,7.0,6.0,7.0,7.0,7.0,7.0,7.0,7.0,6.0,6.0,6.0,6.0,6.0,5.09902,5.09902,6.08276,5.0,5.09902,5.09902,5.09902,5.09902,5.09902,4.12311,4.12311,4.12311,4.12311,4.12311,4.12311,4.12311,4.47214,3.60555,42.44997,42.75512,37.36308,43.68066,37.69615,43.68066,43.38202,46.61545,39.81206,38.62642,39.35734,38.47077,42.04759,39.81206,38.01316,45.48626,43.04649,40.31129,38.01316,38.48376,43.909,37.16181,35.8469,34.9285,33.12099,37.58989,35.77709,31.06445,34.17601,37.73592,34.1321,30.41381,33.10589,34.0,31.62278,32.20248,32.20248,32.64966,31.7805,25.94224,26.57066,28.23119,29.15476,27.51363,24.59675,27.51363,24.33105,25.63201,21.2132,23.76973,20.02498,23.19483,22.13594,23.34524,23.34524,20.0,19.10497,48.27007,45.0,45.34314,53.53504,49.64877,53.7122,54.12024,59.5063,66.18912,62.03225,64.56005,66.12866,69.89278,69.64194,68.06614,69.2315,76.68768,72.1734,70.45566,70.45566,77.02597,79.00633,73.00685,77.10383,73.17103,72.1734,69.26038,72.56032,64.19502,70.02857,64.19502,72.56032,62.07254,64.00781,67.36468,64.07027,64.00781,61.03278,62.03225,63.1981,61.13101,58.42089,58.03447,55.08176,54.0,58.42089,53.15073,57.14018,52.23983,52.34501,56.0803,52.46904,54.45181,44.10215,51.62364,50.44799,54.58938
7.07107,7.28011,7.28011,8.24621,7.28011,7.28011,7.28011,7.28011,7.28011,7.28011,7.28011,7.28011,7.28011,7.28011,6.32456,7.61577,6.32456,6.32456,6.32456,6.32456,6.32456,6.32456,6.32456,6.32456,6.32456,5.38516,5.38516,6.32456,5.38516,5.38516,5.09902,5.09902,5.38516,5.09902,5.09902,5.09902,5.09902,5.09902,5.09902,4.12311,4.0,4.0,5.0,4.0,4.0,4.0,4.0,4.0,4.12311,4.12311,3.16228,3.16228,40.45986,40.81666,38.94868,39.44617,37.58989,40.71855,44.59821,41.67733,39.0,38.01316,39.29377,40.49691,42.05948,39.0,41.62932,42.15448,41.23106,37.69615,34.0147,39.56008,40.5216,36.05551,36.40055,33.24154,36.40055,35.73514,34.17601,32.75668,32.89377,35.17101,29.12044,33.24154,29.12044,36.13862,25.29822,30.08322,29.41088,31.62278,29.96665,28.16026,28.63564,26.07681,30.08322,25.4951,28.23119,27.45906,27.78489,23.70654,22.62742,22.47221,22.67157,17.80449,21.26029,22.82542,21.26029,22.67157,19.23538,43.28972,44.14748,47.07441,49.72927,52.81098,52.81098,47.43416,55.36244,59.23681,60.82763,62.96825,61.29437,70.71068,68.7968,67.20863,68.41053,74.65253,73.53911,74.33034,69.42622,74.27651,74.33034,73.87828,75.9276,77.00649,68.60029,68.8186,68.00735,70.45566,71.70077,60.46487,64.63745,66.4003,63.25346,68.24222,60.44005,62.62587,62.36986,57.38467,58.79626,61.40033,62.93648,59.66574,57.28001,55.86591,53.41348,51.66237,55.9017,52.80152,55.9017,52.40229,48.83646,50.20956,46.69047,50.9902,52.49762,50.32892
8.06226,7.61577,7.61577,7.61577,7.61577,6.7082,7.61577,7.61577,7.61577,7.28011,7.61577,7.61577,7.61577,6.32456,6.32456,7.61577,6.32456,6.32456,6.32456,6.32456,6.32456,6.32456,5.38516,6.32456,6.32456,6.32456,5.38516,5.38516,5.38516,5.38516,5.38516,5.38516,5.38516,5.38516,5.38516,4.47214,5.0,4.47214,4.47214,4.47214,5.0,4.47214,4.47214,3.60555,3.60555,3.60555,4.24264,4.24264,4.24264,4.24264,3.60555,3.60555,45.88028,44.28318,42.95346,39.56008,42.2019,41.10961,42.72002,39.81206,39.92493,42.15448,40.8534,42.05948,42.04759,41.23106,38.27532,45.17743,40.71855,36.76955,39.0,36.76955,39.39543,33.24154,35.8469,35.35534,31.95309,31.76476,32.24903,35.77709,34.48188,36.67424,34.0,36.40055,29.06888,33.12099,31.7805,32.69557,31.38471,27.29469,30.67572,30.36445,29.96665,28.16026,27.51363,26.40076,26.0,25.0,27.20294,24.33105,19.23538,22.36068,21.0238,24.02082,21.0238,22.02272,21.09502,21.0,24.08319,43.93177,49.81967,43.82921,51.31277,50.60632,50.11986,52.3259,54.626,63.97656,58.87274,65.80274,61.40033,71.8401,66.70832,72.69113,67.74216,77.92946,69.26038,69.26038,71.00704,69.0,74.06079,73.17103,75.10659,73.68175,74.02702,69.05071,69.58448,68.06614,74.24284,62.39391,67.74216,60.20797,65.19202,65.49046,62.28965,61.29437,64.12488,58.21512,62.07254,62.514,61.03278,64.03124,60.00833,54.03702,60.03332,53.0,55.22681,56.22277,51.08816,53.00943,52.08647,56.0803,46.17359,48.50773,55.57877,48.83646
7.61577,7.28011,7.28011,8.24621,7.28011,7.28011,8.24621,7.28011,7.28011,7.28011,7.28011,7.07107,7.28011,7.28011,6.32456,7.07107,7.07107,6.08276,6.08276,6.08276,6.32456,6.08276,6.08276,6.08276,6.08276,6.08276,6.08276,6.08276,6.08276,6.08276,5.09902,5.09902,5.09902,5.09902,5.09902,5.09902,5.09902,4.47214,4.47214,4.47214,4.47214,4.47214,4.47214,4.47214,3.60555,3.60555,3.60555,3.60555,3.60555,3.60555,3.60555,2.82843,45.54119,42.10701,42.95346,45.70558,43.01163,42.37924,41.10961,46.17359,39.56008,40.16217,40.49691,39.21734,42.15448,44.01136,39.56008,40.8534,45.31004,38.07887,40.71855,37.16181,39.82462,36.24914,40.81666,36.24914,31.95309,34.78505,31.38471,35.8469,38.07887,34.0147,31.76476,32.20248,33.10589,34.9285,32.75668,34.78505,31.95309,34.88553,33.54102,26.92582,23.76973,28.17801,25.0,28.86174,27.65863,27.89265,23.76973,20.88061,22.36068,24.5153,23.08679,23.0,21.2132,23.02173,21.0238,20.39608,23.08679,47.41308,46.06517,46.51881,48.75449,52.81098,53.14132,53.60037,53.60037,62.0967,58.24946,66.4906,65.37584,70.71068,67.36468,66.06815,69.00725,76.23647,68.26419,70.11419,74.24284,69.72087,74.8131,69.05071,77.10383,73.97973,74.96666,68.68042,71.58911,71.8401,71.84706,59.43904,70.83078,67.44627,61.84658,67.18631,58.24946,62.64982,62.514,57.31492,60.29925,60.40695,63.3877,57.31492,58.07753,56.14268,60.0,55.08176,53.08484,52.03845,52.00961,51.0,49.16299,53.15073,49.0102,54.03702,48.0,50.35871
7.81025,7.81025,7.81025,7.81025,7.81025,7.81025,7.81025,7.07107,7.81025,7.07107,7.81025,7.81025,7.81025,7.07107,6.40312,7.07107,7.07107,7.07107,6.40312,5.65685,6.40312,6.40312,6.40312,6.40312,5.65685,6.40312,5.65685,5.65685,5.65685,5.65685,5.65685,5.65685,5.65685,5.0,5.0,5.0,5.0,5.0,5.0,5.0,5.0,4.47214,5.0,4.47214,4.47214,4.47214,4.47214,4.47214,4.47214,4.47214,4.12311,4.12311,41.10961,38.63936,46.04346,42.04759,41.04875,39.01282,41.10961,42.04759,41.4367,41.01219,35.01428,41.7732,42.29657,39.20459,40.4475,39.84972,44.72136,41.7732,35.51056,38.11824,41.97618,39.31921,37.21559,36.34556,32.24903,36.12478,33.54102,34.71311,31.57531,35.90265,33.37664,31.04835,27.29469,32.14032,30.08322,29.61419,33.73426,27.45906,27.01851,29.15476,29.42788,27.07397,27.0,27.01851,24.18677,23.02173,26.1725,22.02272,23.19483,20.02498,23.08679,22.09072,20.02498,17.11724,19.41649,19.64688,21.37756,43.73786,44.40721,43.93177,52.03845,48.01042,56.0357,55.08176,55.00909,63.07139,60.40695,64.77654,67.74216,69.72087,72.18033,69.37579,68.62215,81.0432,70.38466,70.38466,72.01389,74.32362,78.26238,69.35416,71.55418,75.591,75.15318,70.72482,75.47185,66.61081,74.62573,59.16925,67.23095,66.7308,60.83584,66.18912,64.88451,62.17717,67.54258,58.60034,65.39113,60.82763,60.08328,62.64982,61.35145,56.921,52.0,56.32051,55.54278,53.45091,54.70832,52.92447,55.36244,59.77458,48.50773,49.33559,44.38468,45.12206
8.544,8.544,8.94427,9.48683,8.544,8.544,8.544,8.544,8.544,8.94427,8.544,8.94427,8.544,8.544,8.544,8.94427,8.06226,7.61577,8.06226,8.06226,7.61577,8.06226,6.7082,8.06226,7.61577,6.7082,6.7082,8.06226,6.7082,6.7082,6.7082,6.7082,6.7082,6.7082,5.83095,5.38516,5.38516,6.32456,5.38516,5.38516,5.38516,5.38516,5.38516,5.38516,5.09902,4.47214,5.09902,5.09902,5.09902,5.09902,5.0,4.0,43.86342,41.10961,47.50789,39.82462,44.40721,41.34005,42.19005,41.40048,37.12142,40.49691,38.47077,37.58989,41.18252,41.67733,37.12142,44.01136,41.59327,38.07887,36.23534,40.24922,42.72002,40.70626,36.68787,30.46309,32.69557,33.24154,38.01316,34.78505,35.34119,34.9285,30.08322,30.88689,30.08322,30.8707,30.46309,33.54102,31.62278,30.01666,30.8707,30.0,30.01666,24.41311,28.30194,26.83282,28.42534,25.80698,25.6125,27.45906,26.62705,21.93171,22.02272,19.84943,21.26029,21.93171,20.0,16.40122,20.80865,48.8467,40.24922,50.11986,53.85165,53.0,54.20332,54.3783,56.0803,62.80127,64.38167,69.31089,63.65532,71.42129,68.11755,71.40028,72.00694,73.40981,75.21303,73.00685,74.4043,72.47068,81.88406,76.02631,73.57309,77.38863,73.92564,70.26379,68.44706,70.21396,72.89719,62.6099,70.26379,65.51336,65.51336,65.39113,64.66065,62.26556,65.51336,60.20797,63.28507,59.68249,62.80127,60.53924,63.00794,56.61272,60.87693,55.21775,53.41348,55.22681,54.20332,53.25411,49.67897,51.22499,48.9183,52.49762,50.20956,52.34501
7.07107,7.28011,7.28011,7.07107,7.28011,7.07107,7.28011,7.28011,7.28011,6.32456,7.28011,7.28011,7.28011,6.32456,6.08276,7.28011,6.32456,6.32456,5.38516,6.32456,5.09902,5.38516,5.38516,5.38516,5.38516,5.38516,5.38516,5.09902,5.38516,5.38516,4.12311,5.09902,5.09902,4.12311,5.09902,4.12311,5.09902,4.12311,4.12311,4.12311,4.12311,4.12311,4.0,4.0,3.0,3.0,3.0,3.0,3.0,3.0,3.16228,3.16228,44.68781,39.40812,42.52058,37.44329,43.84062,44.55334,37.53665,46.69047,41.23106,40.0,42.44997,43.27817,46.61545,39.05125,39.62323,44.10215,42.52058,42.43819,42.52058,39.20459,42.43819,34.05877,36.89173,36.12478,36.79674,37.48333,33.83785,31.40064,33.97058,35.4683,34.1321,33.30165,32.64966,34.20526,30.23243,30.41381,28.84441,29.06888,31.14482,28.42534,25.4951,29.73214,28.6007,31.40064,25.6125,26.24881,25.6125,21.26029,24.08319,22.02272,25.23886,23.43075,21.40093,25.07987,19.20937,20.24846,20.88061,41.67733,46.14109,44.29447,53.25411,50.44799,55.0,50.24938,58.25805,65.06919,60.10824,62.96825,63.63961,72.86288,74.41102,72.94518,67.1193,79.07591,72.47068,75.591,75.15318,73.34848,83.38465,68.15424,73.1642,75.28612,74.32362,66.48308,76.53757,64.56005,76.24303,60.08328,68.30813,63.89053,63.69458,67.44627,64.84597,58.69412,60.16644,60.92618,69.46222,66.30988,56.46238,59.05929,56.79789,57.70615,57.69749,57.3062,53.33854,58.66856,49.64877,54.58938,52.43091,58.18075,41.88078,52.15362,54.6443,52.49762
8.48528,7.81025,7.81025,7.81025,7.81025,7.81025,7.81025,7.81025,7.81025,7.81025,7.81025,7.81025,7.81025,7.2111,6.40312,7.81025,7.2111,6.40312,6.40312,6.40312,6.40312,6.40312,6.40312,5.83095,5.83095,5.83095,6.40312,6.40312,5.83095,6.40312,5.0,5.0,5.0,5.0,5.65685,5.0,5.65685,5.0,5.0,4.24264,4.24264,4.24264,4.24264,4.24264,4.24264,3.60555,3.60555,3.60555,3.60555,3.60555,3.60555,3.16228,49.47727,45.70558,41.30375,47.85394,43.18565,41.0,39.01282,44.18144,40.0125,41.10961,41.04875,45.17743,44.55334,42.0119,41.04875,41.04875,41.01219,38.0526,38.0,38.01316,40.4475,36.12478,32.55764,39.05125,33.06055,34.05877,34.05877,35.0571,35.0,37.33631,31.06445,31.257,31.14482,31.06445,32.75668,30.06659,31.01612,30.26549,26.07681,26.01922,28.07134,26.01922,25.07987,28.16026,22.36068,29.27456,26.1725,25.96151,25.70992,22.2036,20.61553,20.39608,22.36068,25.29822,20.59126,21.47091,20.24846,45.39824,45.12206,46.69047,50.08992,51.0098,57.03508,55.0,56.14268,64.19502,61.29437,64.13267,64.13267,71.19691,71.8401,68.94926,68.94926,75.89466,72.49828,75.23962,72.44998,71.55418,76.96753,73.82412,72.94518,76.32169,76.94154,69.40461,73.57309,63.51378,70.49113,60.53924,68.26419,66.57327,64.00781,64.49806,63.06346,60.90156,64.41273,63.63175,64.00781,56.85948,62.96825,58.18075,56.85948,52.81098,59.23681,60.40695,58.82176,50.28916,52.81098,49.98,48.76474,56.30275,48.08326,50.28916,47.43416,48.83646
8.24621,8.24621,8.544,9.21954,8.24621,8.24621,8.544,8.544,8.24621,8.544,8.24621,8.544,8.544,7.28011,7.28011,8.544,7.61577,7.28011,7.61577,7.61577,7.61577,7.61577,6.32456,7.61577,7.61577,6.32456,6.7082,7.61577,6.7082,6.7082,6.32456,6.32456,6.32456,6.32456,6.32456,5.38516,6.08276,5.09902,5.38516,5.38516,5.09902,5.09902,5.09902,4.12311,5.09902,4.12311,4.12311,5.0,5.0,5.0,4.0,4.0,41.59327,41.34005,46.75468,43.82921,41.10961,43.41659,38.01316,45.27693,41.72529,42.0119,41.23106,37.48333,48.10405,41.01219,39.69887,41.40048,38.8973,41.23106,40.36087,37.48333,41.86884,38.18377,32.01562,38.18377,36.23534,37.53665,34.65545,31.40064,32.64966,36.05551,28.28427,33.30165,31.14482,35.4683,26.90725,32.64966,28.3196,34.71311,30.41381,26.24881,28.42534,29.41088,28.42534,28.01785,28.42534,26.07681,25.07987,24.69818,23.76973,21.0238,23.25941,17.72005,21.54066,17.46425,21.18962,18.68154,19.23538,46.87217,52.63079,47.01064,52.40229,49.51767,53.90733,52.49762,57.48913,65.0,61.40033,67.42403,68.00735,78.24321,74.33034,77.82673,65.9242,80.5295,72.23573,72.8011,77.62087,75.58439,82.2253,74.04053,71.47027,75.69016,78.44743,75.31268,76.90254,65.37584,75.70997,64.03124,70.40597,66.4906,65.62012,69.05071,69.42622,57.00877,65.80274,63.90618,69.28925,67.35726,55.02727,59.77458,58.5235,57.58472,60.16644,62.96825,51.86521,59.13544,55.15433,53.31041,53.22593,60.41523,42.72002,56.82429,52.83938,47.41308
7.28011,7.28011,7.61577,8.24621,7.28011,7.28011,7.61577,7.61577,7.61577,6.7082,7.28011,7.61577,7.28011,6.32456,6.32456,7.61577,6.7082,6.7082,6.7082,6.7082,6.32456,5.83095,5.38516,5.83095,5.38516,6.7082,5.83095,5.38516,5.83095,5.83095,5.38516,5.38516,5.38516,5.38516,5.38516,5.38516,5.38516,4.12311,4.12311,4.12311,4.12311,4.12311,4.12311,4.12311,4.12311,3.16228,4.12311,3.0,3.0,3.0,3.0,3.0,46.75468,42.44997,45.22168,43.27817,45.22168,40.80441,39.11521,45.0,41.04875,43.04649,41.04875,40.81666,43.41659,40.49691,42.05948,39.81206,46.51881,39.11521,39.66106,40.49691,39.81206,36.71512,38.07887,36.71512,35.51056,35.34119,30.46309,38.01316,32.44996,33.24154,32.31099,30.46309,31.76476,36.23534,29.41088,29.15476,33.54102,25.05993,29.83287,30.01666,32.44996,29.06888,27.80288,28.3196,25.6125,28.84441,29.41088,22.80351,22.02272,24.04163,24.08319,21.40093,19.10497,22.02272,21.26029,23.02173,20.24846,43.56604,45.0,49.0408,52.00961,50.9902,56.58622,56.58622,55.97321,62.36986,63.41136,66.21933,66.06815,73.24616,70.0,71.19691,68.7968,75.29276,71.58911,75.23962,73.38937,74.46476,75.02666,70.5762,81.59657,78.74643,75.39231,68.62215,74.63243,72.78049,75.89466,64.19502,69.92138,68.30813,62.03225,69.26038,62.03225,60.53924,63.07139,60.53924,62.64982,61.26989,62.64982,63.06346,57.98276,57.70615,53.85165,51.86521,56.60389,55.47071,56.61272,53.60037,53.90733,53.25411,48.41487,55.21775,45.60702,51.40039
7.81025,7.81025,8.60233,8.60233,8.60233,7.81025,8.60233,7.81025,8.60233,8.60233,8.60233,8.06226,7.81025,7.2111,7.2111,8.06226,7.2111,7.2111,7.2111,7.2111,7.2111,6.7082,6.40312,7.2111,7.2111,6.7082,6.7082,7.2111,5.83095,6.7082,5.83095,5.83095,5.83095,5.83095,5.83095,5.83095,5.83095,5.65685,5.0,5.0,5.0,5.0,5.0,4.24264,5.0,4.24264,4.24264,4.24264,5.0,5.0,3.60555,4.47214,45.39824,46.09772,47.04253,42.42641,40.0125,43.01163,40.0125,42.19005,41.01219,39.0,43.18565,40.4475,40.4475,43.01163,40.0,40.02499,43.01163,39.81206,36.05551,39.20459,40.1995,35.0571,34.05877,36.49658,34.0147,33.06055,33.37664,36.67424,34.1321,29.12044,31.257,32.14032,30.06659,33.24154,27.89265,31.06445,30.01666,27.01851,33.01515,22.2036,28.07134,27.07397,27.07397,23.19483,23.02173,25.01999,23.19483,23.76973,19.0263,20.09975,23.34524,18.11077,22.36068,21.18962,20.61553,20.61553,17.88854,44.91102,46.38965,49.49747,51.62364,51.15662,54.03702,57.00877,59.21149,64.07027,65.27634,67.74216,68.73136,73.82412,72.03471,70.60453,74.04053,81.0432,70.77429,74.94665,74.84651,77.38863,81.85964,76.02631,74.70609,78.29432,76.15773,71.02112,73.06162,69.46222,73.57309,62.26556,70.83078,67.74216,61.77378,68.7968,62.6099,61.7171,66.30988,60.53924,63.90618,59.94164,63.56886,59.80803,59.80803,52.49762,56.0803,55.36244,54.81788,53.75872,58.5235,50.44799,57.48913,55.7853,49.47727,54.12947,50.21952,46.69047
7.28011,7.07107,7.07107,7.07107,7.07107,7.07107,7.07107,7.07107,7.07107,7.07107,7.07107,7.07107,7.07107,6.08276,6.08276,7.07107,6.0,6.08276,6.0,6.0,6.08276,6.0,5.09902,5.0,6.08276,5.09902,5.0,5.0,5.0,5.0,5.09902,5.09902,5.0,5.09902,4.12311,4.12311,4.47214,4.12311,4.12311,4.12311,4.12311,4.12311,4.12311,3.16228,3.60555,3.16228,3.60555,3.60555,3.60555,3.60555,3.60555,3.60555,46.87217,46.32494,41.03657,43.18565,45.27693,40.45986,43.27817,40.60788,38.94868,36.23534,39.40812,37.20215,41.40048,43.60046,39.59798,40.60788,42.80187,38.60052,33.30165,42.2019,36.89173,34.4093,33.28663,33.54102,36.89173,33.28663,38.60052,31.06445,35.22783,31.38471,33.6006,30.52868,28.01785,33.61547,31.62278,29.20616,29.06888,27.78489,31.40064,26.1725,30.61046,28.42534,24.08319,25.45584,24.08319,29.06888,24.75884,20.51828,19.10497,24.04163,22.02272,19.41649,18.43909,23.43075,23.60085,20.61553,16.15549,44.59821,44.68781,49.57822,48.83646,51.08816,50.24938,50.91169,56.22277,65.19202,63.28507,64.49806,62.26556,72.06941,70.77429,64.07808,73.34848,73.34848,74.04053,70.2282,70.2282,69.92138,72.12489,78.64477,79.42921,72.69113,71.56815,67.47592,67.46851,70.03571,63.34824,62.96825,66.4906,64.28841,60.87693,65.73431,62.64184,60.16644,62.0967,60.63827,60.40695,55.65968,63.56886,56.921,57.93962,49.0408,59.48109,54.23099,50.08992,53.66563,55.9017,47.85394,52.7731,51.0,48.75449,53.33854,43.82921,50.77401
7.28011,6.7082,6.7082,7.61577,6.7082,6.7082,6.7082,6.7082,6.7082,6.7082,6.7082,6.7082,6.7082,6.7082,6.7082,6.7082,5.83095,5.83095,5.83095,5.83095,5.83095,5.83095,4.47214,5.83095,5.83095,5.0,5.0,5.0,5.0,5.0,4.47214,4.47214,4.47214,4.47214,4.47214,4.47214,4.12311,4.12311,4.12311,4.12311,3.16228,3.16228,4.12311,3.16228,3.16228,3.16228,3.16228,3.0,3.0,3.0,3.0,3.16228,44.29447,51.0,48.50773,45.54119,44.38468,43.65776,44.64303,47.53946,41.59327,43.41659,46.87217,36.49658,43.73786,42.72002,35.69314,41.19466,42.2019,39.81206,41.59327,37.33631,41.23106,34.71311,35.0571,35.22783,37.05401,36.49658,32.28002,35.51056,33.73426,35.90265,30.08322,34.48188,32.38827,34.52535,31.57531,33.13608,32.38827,29.42788,29.12044,27.89265,26.4764,25.4951,24.35159,30.08322,27.313,25.05993,24.41311,26.83282,18.78829,17.88854,22.84732,22.82542,21.47091,21.93171,22.82542,18.02776,19.79899,48.25971,48.6621,49.0306,51.66237,56.32051,56.30275,55.36244,55.15433,64.51356,63.50591,69.97142,66.64083,75.17978,73.24616,71.61006,74.63243,81.84131,72.24957,75.43209,73.40981,74.41102,75.66373,72.12489,73.87828,75.74299,76.38063,70.29225,70.93659,67.62396,69.42622,61.07373,70.0928,65.05382,61.55485,65.76473,62.93648,61.52235,65.79514,58.79626,67.62396,58.72819,60.60528,60.87693,54.67175,58.0517,55.47071,56.93856,53.82379,54.70832,54.40588,55.21775,55.80323,53.85165,48.30114,56.93856,55.47071,50.11986
8.0,8.0,8.06226,8.0,8.0,8.0,8.0,8.0,8.0,8.06226,8.0,8.06226,8.0,7.0,7.0,8.06226,7.07107,7.0,7.07107,7.0,6.0,6.0,6.0,6.08276,6.0,6.08276,6.08276,6.0,6.0,6.0,5.0,6.0,5.0,5.0,6.0,5.0,6.0,5.09902,5.09902,5.09902,5.09902,5.09902,5.09902,4.12311,4.12311,4.12311,4.12311,4.47214,4.47214,4.47214,4.47214,4.47214,40.80441,42.19005,44.04543,42.43819,42.44997,42.52058,41.7732,42.44997,43.93177,38.18377,44.04543,39.62323,43.84062,39.59798,37.80212,41.01219,41.10961,38.8973,37.64306,39.59798,36.12478,36.23534,36.06938,35.0,29.0,35.35534,29.69848,33.42155,31.82766,34.4093,31.62278,31.14482,29.06888,31.82766,30.0,33.24154,31.14482,27.65863,31.06445,24.83948,32.55764,27.01851,23.02173,24.08319,26.07681,22.47221,22.02272,24.20744,22.02272,21.0238,20.61553,21.09502,19.31321,19.69772,15.81139,18.24829,18.68154,46.40043,44.59821,47.38143,53.07542,48.27007,56.72742,57.62812,57.2014,65.19202,59.64059,63.52952,66.88797,73.06162,71.58911,69.64194,65.55151,77.62087,71.16881,73.73602,68.15424,71.38627,80.41144,70.0928,76.65507,76.48529,75.70997,66.75328,69.05071,66.61081,73.82412,61.0,68.88396,63.78871,60.20797,65.30697,65.25335,60.44005,63.78871,60.87693,62.62587,59.66574,61.98387,59.13544,59.80803,56.30275,58.5235,57.00877,54.40588,51.62364,57.58472,51.47815,55.9017,53.7122,47.41308,52.69725,49.09175,49.64877
8.06226,8.06226,8.06226,8.06226,8.06226,7.2111,8.06226,8.06226,8.06226,7.61577,8.06226,7.61577,8.06226,6.7082,6.7082,7.61577,6.7082,6.7082,6.7082,6.7082,5.83095,6.7082,5.83095,6.32456,6.7082,5.83095,5.83095,5.83095,5.38516,5.38516,5.38516,5.38516,5.38516,4.47214,5.0,5.0,5.0,5.0,5.0,4.47214,4.24264,4.24264,4.47214,3.60555,4.24264,3.60555,4.24264,3.60555,3.60555,3.60555,3.60555,3.60555,44.10215,46.04346,47.07441,42.0,43.17407,43.18565,42.42641,42.75512,39.81206,39.45884,38.60052,41.48494,43.41659,42.75512,37.36308,42.15448,44.59821,39.21734,37.10795,38.32754,41.78516,37.36308,34.53983,30.46309,35.44009,35.4683,35.90265,31.38471,32.57299,34.78505,35.1141,31.04835,32.57299,29.52965,29.15476,23.76973,24.73863,29.73214,26.4764,28.28427,29.61419,28.86174,28.44293,26.30589,21.09502,27.29469,26.0,23.19483,22.02272,23.02173,18.24829,23.08679,21.09502,21.09502,21.09502,19.23538,20.61553,46.48656,50.28916,50.44799,49.24429,54.74486,52.15362,56.32051,56.0803,64.12488,65.00769,66.0,67.02984,75.10659,67.18631,65.9242,74.33034,78.08969,74.2159,71.06335,74.63243,74.67262,76.2168,74.84651,72.44998,78.77182,71.47027,69.35416,68.70953,70.93659,70.5762,61.09828,66.7308,66.12866,60.72891,70.77429,64.2573,62.36185,66.7308,57.87055,58.94065,60.63827,61.84658,60.82763,59.22837,50.21952,59.07622,58.0517,52.46904,50.35871,59.3043,50.35871,53.08484,49.16299,48.16638,53.08484,53.00943,48.0
8.06226,7.61577,8.544,8.544,8.544,7.61577,7.61577,7.61577,7.61577,7.28011,7.61577,7.61577,7.61577,7.28011,7.61577,7.28011,7.28011,6.32456,6.32456,6.32456,6.32456,6.32456,6.32456,6.32456,6.32456,6.32456,6.32456,6.32456,6.32456,6.32456,5.09902,5.38516,5.38516,5.38516,5.38516,5.38516,5.38516,4.47214,4.47214,4.47214,4.47214,4.47214,4.47214,3.60555,3.60555,3.60555,3.60555,3.60555,3.60555,3.60555,2.82843,2.82843,44.10215,40.0,42.42641,39.31921,44.55334,44.55334,40.60788,42.19005,38.83298,40.79216,39.29377,43.01163,43.17407,40.60788,37.65634,41.48494,42.2019,41.23106,38.47077,42.29657,41.7732,35.51056,32.89377,35.44009,33.24154,34.36568,32.98485,33.83785,30.08322,36.05551,30.59412,32.75668,29.41088,29.83287,28.16026,24.02082,30.80584,24.5153,31.0,25.01999,28.01785,30.06659,28.0,26.30589,25.07987,24.02082,26.0,21.2132,20.09975,20.0,22.09072,21.2132,19.0,18.11077,16.03122,18.97367,18.78829,47.53946,42.72002,51.66237,51.97115,51.62364,54.33231,52.95281,57.70615,66.37017,63.1981,64.28063,68.02941,74.16873,73.33485,72.56032,70.21396,78.77182,74.73286,71.19691,70.83078,73.00685,78.16009,71.16881,74.0,74.33034,74.94665,69.64194,70.00714,70.77429,71.86793,63.24555,66.85058,66.40783,61.13101,65.78754,63.60031,60.16644,64.19502,61.61169,65.25335,60.16644,61.13101,58.24946,60.63827,53.93515,50.21952,54.58938,57.87055,51.47815,56.32051,53.60037,57.07889,57.55867,46.09772,52.7731,49.0102,50.24938
8.544,8.544,8.24621,8.544,8.544,7.61577,8.24621,7.28011,8.24621,8.24621,8.544,8.24621,7.28011,7.28011,6.32456,8.24621,7.28011,7.28011,6.08276,7.07107,6.32456,6.08276,6.32456,6.08276,6.08276,6.08276,6.08276,6.08276,6.08276,6.08276,5.09902,6.08276,6.08276,5.09902,5.09902,5.38516,5.38516,5.09902,5.09902,4.12311,4.47214,4.47214,4.47214,4.47214,4.47214,3.60555,3.60555,3.60555,3.60555,3.60555,3.60555,2.82843,42.95346,43.65776,47.01064,42.19005,45.48626,43.56604,42.72002,46.61545,38.01316,40.31129,40.0,36.61967,43.01163,39.05125,38.60052,37.64306,39.69887,39.05125,37.44329,38.28838,41.23106,35.51056,34.65545,34.65545,31.90611,32.01562,31.241,35.38361,31.14482,38.28838,31.241,29.69848,30.80584,28.3196,29.20616,27.80288,27.80288,28.6007,27.20294,27.20294,28.30194,26.92582,25.05993,25.6125,24.69818,28.63564,22.47221,22.13594,22.13594,18.38478,21.93171,20.12461,21.37756,21.58703,18.02776,24.5153,18.43909,44.77723,46.64762,44.29447,54.12024,52.7731,56.0803,56.46238,59.13544,65.19202,63.24555,67.91171,66.40783,72.12489,70.85901,69.35416,70.71068,75.80237,70.00714,73.17103,74.16873,73.0,79.0,76.02631,79.02531,76.1643,74.02702,70.34913,71.11259,70.25667,73.10951,63.00794,69.18092,67.00746,61.03278,67.00746,60.07495,59.3043,62.28965,60.13319,67.36468,57.21888,62.514,61.40033,59.03389,53.60037,58.69412,57.48913,52.95281,52.17279,58.54912,50.44799,55.08176,52.39275,50.69517,53.45091,47.53946,46.61545
7.0,7.07107,7.07107,7.07107,7.07107,7.07107,7.07107,7.07107,7.07107,7.07107,7.07107,7.07107,7.07107,6.08276,6.08276,7.07107,6.32456,6.08276,6.08276,6.08276,5.09902,5.09902,5.09902,6.08276,5.09902,5.09902,5.09902,5.09902,5.09902,5.09902,5.09902,5.09902,4.12311,4.12311,4.12311,4.12311,4.0,4.0,4.0,4.0,4.0,4.0,3.0,3.0,3.0,3.0,3.0,3.0,3.16228,3.16228,3.16228,2.23607,41.72529,47.63402,46.69047,41.10961,42.0119,41.10961,42.80187,40.80441,43.82921,41.67733,44.94441,42.72002,44.29447,45.22168,39.96248,41.62932,42.43819,41.04875,36.61967,38.58756,36.76955,38.27532,37.12142,34.98571,33.28663,35.8469,31.30495,30.41381,31.06445,32.64966,30.01666,31.30495,30.52868,35.35534,29.06888,28.6531,27.78489,28.6531,31.06445,26.07681,26.92582,29.69848,28.01785,23.34524,21.26029,24.41311,24.20744,22.67157,22.47221,18.60108,19.41649,24.20744,18.38478,20.24846,21.93171,19.10497,18.78829,50.80354,45.96738,48.10405,50.20956,51.85557,54.81788,53.2635,57.68882,63.12686,65.51336,65.29931,65.51336,70.17834,71.11962,67.62396,70.26379,77.82673,70.83784,67.1193,70.83784,68.62215,74.33034,75.0,75.18643,74.72617,75.58439,68.44706,68.41053,68.44706,71.30919,58.94065,69.64194,64.28841,59.46427,69.37579,61.35145,62.03225,66.48308,58.69412,67.62396,56.85948,64.88451,61.29437,64.41273,58.60034,51.31277,53.85165,56.0357,49.09175,54.91812,52.47857,50.0,55.07268,51.08816,55.0,51.73973,48.82622
8.06226,7.61577,7.61577,7.61577,7.61577,8.06226,7.61577,7.61577,7.61577,7.61577,7.61577,7.61577,7.61577,7.61577,6.7082,7.28011,6.32456,6.32456,6.32456,6.32456,6.32456,6.32456,5.38516,5.38516,6.32456,5.38516,5.38516,5.38516,5.38516,5.38516,5.38516,5.38516,5.38516,4.47214,4.47214,4.47214,4.47214,4.47214,4.47214,4.47214,3.60555,4.24264,3.60555,3.60555,3.60555,3.60555,3.60555,3.60555,4.24264,4.24264,3.60555,3.60555,44.92215,44.94441,42.94182,43.86342,44.72136,39.92493,42.48529,43.04649,42.48529,38.48376,45.79301,38.58756,43.26662,44.10215,41.18252,39.35734,45.17743,36.89173,34.66987,42.80187,39.40812,40.31129,35.0,29.73214,31.62278,35.60899,33.83785,36.23534,32.24903,33.01515,31.76476,31.62278,31.90611,30.4795,32.75668,28.6531,30.0,26.07681,29.15476,26.83282,28.63564,26.40076,25.07987,24.18677,20.12461,26.83282,22.36068,24.69818,19.92486,18.38478,20.61553,21.84033,21.0238,23.34524,21.54066,18.0,17.26268,42.95346,45.54119,49.64877,50.28916,54.12024,52.39275,52.20153,55.31727,60.87693,67.36468,67.00746,67.02984,69.72087,70.11419,67.18631,76.05919,75.00667,76.53104,69.26038,74.24284,73.5527,74.8131,80.06248,77.12976,78.84795,76.79193,71.16881,66.28725,70.60453,70.03571,65.51336,64.53681,65.37584,59.68249,66.37017,60.67125,64.38167,64.28063,63.3877,62.1289,54.23099,64.0,62.1289,61.13101,51.0,56.0357,56.0357,61.07373,52.46904,55.14526,52.08647,55.3263,51.62364,50.80354,53.15073,45.54119,45.27693
7.81025,7.2111,8.06226,8.60233,7.2111,7.2111,7.2111,7.2111,7.2111,7.2111,7.2111,7.2111,7.2111,7.2111,6.40312,6.7082,6.7082,5.83095,5.83095,5.83095,5.83095,5.83095,5.83095,5.83095,5.83095,5.38516,5.83095,5.83095,5.83095,5.38516,5.0,5.0,5.0,5.0,4.47214,4.47214,5.0,4.24264,4.24264,4.24264,3.60555,4.24264,4.24264,2.82843,2.82843,2.82843,2.82843,3.60555,3.60555,3.16228,3.16228,3.16228,49.49747,43.18565,47.26521,41.04875,42.42641,46.01087,44.10215,45.09989,40.4475,41.30375,41.30375,40.60788,44.40721,40.1995,39.45884,41.97618,45.27693,40.31129,37.48333,35.69314,40.79216,35.01428,33.24154,38.32754,37.21559,36.12478,30.06659,35.69314,29.42788,36.87818,32.89377,32.06244,34.52535,34.20526,28.28427,35.12834,30.26549,28.01785,32.06244,28.44293,26.1725,25.07987,26.1725,26.30589,27.0,20.0,28.0,20.22375,21.2132,20.09975,20.22375,18.02776,21.0238,18.02776,22.84732,19.92486,19.92486,47.16991,49.16299,48.04165,51.08816,49.36598,56.14268,54.14795,59.5399,64.93843,58.24946,64.28841,67.44627,73.34848,69.89278,72.61543,68.70953,78.77182,73.3553,73.34848,70.66116,72.06941,76.00658,69.89278,78.23043,71.86793,75.47185,71.06335,74.06079,68.00735,77.02597,58.00862,71.28113,69.46222,65.29931,66.03787,62.64982,60.83584,65.39113,60.37384,64.4748,63.15853,56.85948,61.84658,57.38467,57.58472,54.42426,56.32051,53.14132,52.63079,52.63079,51.5461,53.45091,55.10898,44.55334,54.34151,51.1957,46.09772
8.544,8.544,8.24621,9.48683,8.544,8.544,8.24621,8.24621,8.24621,8.24621,8.544,8.24621,8.544,8.24621,7.28011,8.24621,7.28011,7.28011,7.28011,7.28011,7.28011,7.28011,6.32456,7.28011,7.28011,7.07107,6.08276,6.32456,6.32456,6.08276,6.32456,6.32456,6.32456,5.38516,6.08276,5.09902,5.38516,5.38516,5.38516,5.38516,4.47214,5.38516,4.47214,4.47214,4.47214,4.47214,4.47214,4.47214,4.47214,4.24264,4.24264,4.24264,44.91102,42.57934,42.95346,39.84972,45.22168,40.16217,39.0,42.05948,43.38202,38.27532,40.31129,38.27532,43.32436,41.78516,36.67424,39.35734,42.37924,39.56008,37.33631,38.62642,36.24914,35.8469,30.8707,31.38471,32.20248,34.48188,30.08322,34.98571,29.15476,34.88553,30.88689,30.08322,31.32092,28.63564,27.45906,26.24881,27.85678,29.41088,28.63564,25.29822,23.76973,25.29822,28.86174,23.5372,25.01999,21.54066,22.2036,26.1725,19.31321,16.15549,16.49242,16.03122,20.0,23.5372,20.02498,17.46425,18.24829,47.92703,46.61545,49.64877,51.86521,48.76474,54.81788,54.12947,57.27128,63.3877,60.82763,66.1211,68.18358,77.23341,76.00658,72.0,75.66373,77.23341,71.34424,69.46222,73.68175,74.52516,77.12976,76.15773,76.68768,74.67262,78.64477,72.42237,70.83078,70.21396,71.06335,64.53681,66.76077,64.28841,64.56005,64.7611,63.78871,64.13267,59.84146,60.01666,67.89698,63.78871,66.48308,59.68249,62.39391,54.33231,52.03845,58.07753,57.0,56.0357,52.00961,53.08484,55.22681,55.00909,43.10452,52.08647,44.40721,49.81967
8.24621,8.24621,8.544,8.24621,8.544,8.24621,8.544,8.24621,8.24621,8.544,8.24621,8.544,8.544,7.61577,7.28011,7.61577,7.61577,6.32456,6.7082,6.32456,6.32456,6.7082,6.32456,6.7082,6.7082,6.7082,6.32456,6.7082,6.7082,5.83095,6.32456,6.32456,5.38516,5.38516,5.38516,5.09902,5.38516,5.09902,5.38516,5.09902,4.12311,4.12311,5.09902,4.12311,4.12311,4.12311,4.12311,4.12311,4.0,4.0,4.0,4.0,47.42362,43.86342,47.50789,44.04543,42.43819,42.05948,40.49691,49.09175,39.66106,41.6173,41.67733,37.12142,43.04649,36.61967,39.11521,43.41659,40.49691,40.80441,36.61967,39.35734,41.78516,33.28663,33.61547,35.77709,30.88689,32.44996,29.06888,37.12142,32.64966,31.30495,28.17801,29.68164,30.23243,31.01612,26.83282,28.6007,29.52965,29.20616,24.69818,28.6531,26.40076,26.24881,27.65863,23.60085,26.90725,24.75884,22.62742,20.0,22.2036,18.38478,22.80351,19.41649,21.2132,22.2036,17.69181,18.02776,18.86796,44.82187,48.9183,49.51767,52.34501,47.42362,57.2014,54.56189,59.40539,65.80274,60.53924,67.23095,67.23095,71.69379,67.97794,73.00685,66.21178,81.3941,66.7308,75.02666,73.05477,72.73239,76.2168,73.24616,75.43209,75.70997,77.16217,70.40597,71.30919,67.18631,69.92138,59.48109,71.47027,64.84597,63.97656,68.35203,62.62587,62.96825,60.53924,59.13544,60.16644,62.76942,61.7171,62.17717,58.18075,56.93856,57.62812,50.80354,53.60037,52.00961,54.91812,50.60632,51.31277,55.0,48.9183,53.2635,53.82379,49.51767
7.0,8.0,7.07107,8.0,7.0,7.0,7.0,7.0,7.0,7.07107,7.0,7.07107,7.0,7.07107,6.0,7.07107,6.08276,6.0,6.08276,6.0,6.0,5.09902,5.0,5.09902,6.08276,5.09902,5.09902,5.09902,5.09902,5.09902,5.0,5.0,5.0,5.0,4.0,4.0,4.0,4.0,4.0,4.0,4.12311,4.12311,4.0,3.16228,3.16228,3.16228,3.16228,3.16228,3.16228,3.16228,3.60555,3.60555,40.81666,43.909,46.01087,43.01163,43.18565,39.62323,43.13931,44.04543,44.55334,41.7732,41.7732,38.8973,42.44997,43.13931,41.03657,41.03657,41.7732,37.48333,31.89044,33.24154,37.80212,37.53665,32.80244,31.82766,33.24154,31.89044,33.24154,34.4093,31.89044,34.20526,32.64966,30.4795,30.4795,26.90725,30.4795,30.41381,30.41381,27.80288,27.58623,25.0,27.01851,25.6125,23.43075,25.45584,20.51828,24.18677,21.9545,23.43075,22.82542,19.72308,21.40093,18.02776,18.35756,19.23538,19.31321,20.88061,19.41649,47.43416,45.79301,49.73932,51.0,51.97115,54.78138,53.31041,58.30952,63.69458,62.93648,67.44627,64.84597,69.57011,69.63476,67.89698,74.33034,74.95332,72.24957,71.34424,75.32596,71.17584,79.1012,75.0,74.02702,73.00685,69.11584,68.35934,69.0,71.11259,67.06713,62.03225,69.00725,64.07027,63.1981,64.00781,61.40033,61.40033,63.50591,58.30952,62.96825,55.7315,58.69412,57.42822,57.00877,54.12947,55.7853,52.39275,52.39275,52.92447,52.20153,49.1935,50.56679,49.33559,46.06517,52.35456,49.24429,41.59327
7.81025,7.81025,7.81025,7.81025,7.81025,7.81025,7.81025,7.2111,7.2111,7.2111,7.81025,7.2111,7.2111,7.2111,6.40312,7.2111,5.83095,5.83095,5.83095,5.83095,5.83095,5.83095,5.0,5.83095,5.83095,5.83095,4.47214,5.83095,5.83095,5.38516,5.0,5.0,5.0,5.0,4.47214,4.47214,5.0,4.24264,4.24264,4.24264,4.24264,3.60555,4.24264,2.82843,2.82843,2.82843,3.60555,3.60555,3.60555,3.60555,3.16228,3.16228,44.10215,49.0102,43.18565,46.87217,41.0,43.18565,43.56604,45.12206,40.26164,40.26164,43.01163,39.21734,40.5216,41.23106,35.90265,39.05125,45.12206,42.2019,35.17101,38.07887,39.29377,39.05125,32.89377,35.1141,31.38471,36.76955,32.01562,33.61547,33.52611,30.88689,33.24154,28.4605,36.68787,36.40055,27.313,30.80584,32.57299,27.89265,27.89265,27.45906,25.4951,25.17936,26.07681,27.45906,25.31798,24.08319,20.39608,23.08679,19.0263,18.24829,21.0,22.0,24.08319,20.22375,21.58703,18.68154,18.97367,47.38143,47.0,49.0102,48.04165,52.15362,52.46904,55.22681,57.55867,65.76473,64.32729,65.0,66.70832,68.88396,70.2282,66.85058,70.77429,75.89466,72.91776,72.91776,73.73602,70.68239,75.58439,74.09453,76.53757,78.54935,74.68601,66.70832,67.74216,68.47627,70.23532,61.05735,64.41273,66.64833,60.83584,63.56099,63.56099,60.83584,62.16912,61.26989,60.40695,59.5063,57.87055,59.77458,56.51548,53.15073,51.5461,50.24938,53.46027,52.46904,54.00926,49.64877,51.15662,50.01,52.00961,51.24451,53.03772,45.04442
9.21954,9.21954,8.544,9.21954,8.24621,9.21954,9.21954,8.24621,8.24621,8.24621,8.24621,8.544,8.24621,8.24621,7.28011,8.24621,7.28011,7.28011,7.28011,7.28011,6.08276,7.28011,6.32456,6.32456,6.32456,6.32456,6.32456,6.32456,6.32456,6.32456,6.08276,6.08276,6.08276,5.09902,6.08276,6.08276,6.08276,5.0,5.0,5.0,5.0,5.0,5.0,5.0,5.0,4.0,5.0,4.0,4.12311,4.12311,4.12311,4.12311,42.44997,41.10961,43.93177,43.01163,43.26662,40.81666,38.48376,45.65085,38.91015,39.96248,39.35734,40.81666,37.57659,40.31129,40.81666,38.47077,41.6173,34.48188,34.66987,36.40055,35.77709,37.21559,30.8707,33.61547,27.73085,32.64966,31.38471,30.46309,32.20248,32.24903,29.96665,30.41381,27.20294,30.01666,24.35159,24.69818,27.78489,25.94224,28.30194,24.69818,26.40076,25.6125,27.01851,25.6125,20.24846,25.6125,24.08319,22.80351,18.60108,18.38478,18.60108,21.93171,19.10497,19.10497,15.26434,19.23538,16.40122,47.42362,46.75468,45.96738,53.75872,51.0392,57.42822,56.61272,57.14018,67.20119,64.88451,64.40497,66.64833,73.92564,71.17584,69.857,69.857,77.87811,72.23573,70.83784,69.57011,72.12489,78.1025,75.0,77.62087,74.95332,77.49194,69.42622,70.88018,68.44706,72.53275,61.13101,66.21933,66.48308,63.90618,66.94027,60.40695,60.74537,61.84658,59.80803,61.7414,56.85948,59.9333,54.56189,57.3062,57.80138,53.25411,53.25411,54.91812,50.0,52.80152,49.92995,45.96738,52.80152,41.6173,47.80167,45.27693,49.49747
7.07107,7.28011,7.28011,8.24621,7.28011,7.07107,7.28011,7.28011,7.28011,6.32456,7.07107,7.28011,7.28011,6.32456,6.08276,6.32456,6.32456,5.09902,5.38516,5.38516,5.09902,5.38516,5.09902,5.38516,5.38516,5.09902,5.09902,5.09902,5.38516,4.12311,5.09902,5.09902,4.12311,4.12311,4.12311,4.12311,4.0,4.0,4.0,4.0,3.0,4.0,4.0,3.0,3.0,3.0,3.16228,3.16228,3.16228,3.16228,3.60555,3.16228,50.32892,43.82921,41.72529,41.23106,46.09772,37.64306,41.23106,42.0119,39.40812,36.89173,36.40055,39.66106,43.27817,41.04875,40.0,38.07887,40.0,34.98571,37.44329,33.24154,41.34005,32.44996,33.61547,34.1321,28.6531,33.6006,28.42534,29.54657,30.01666,32.64966,26.40076,31.30495,30.8707,32.20248,28.6531,30.61046,26.62705,32.01562,27.20294,23.43075,25.80698,23.34524,26.1725,25.0,25.0,24.75884,21.93171,23.60085,18.43909,16.40122,18.60108,19.84943,18.43909,19.41649,19.72308,22.36068,21.0238,50.0,45.48626,49.09175,51.47815,52.47857,50.60632,54.12947,59.23681,63.15853,60.92618,65.14599,71.16881,73.73602,72.73239,70.21396,69.2315,79.07591,72.18033,69.2315,70.34913,70.25667,76.32169,67.36468,75.66373,73.24616,71.80529,71.06335,72.1734,64.19502,69.02898,61.13101,67.1193,63.28507,59.84146,63.07139,58.69412,55.54278,60.01666,58.0517,59.20304,58.69412,56.30275,57.28001,58.87274,52.0,48.08326,54.23099,50.11986,51.0,51.07837,48.37355,50.44799,50.11986,45.80393,50.60632,45.22168,51.08816
8.24621,7.28011,8.06226,8.06226,8.06226,7.28011,8.06226,7.07107,7.07107,7.07107,7.28011,7.07107,7.07107,7.07107,6.08276,7.07107,6.08276,6.08276,5.0,6.0,5.09902,5.0,5.09902,5.0,5.09902,5.09902,5.0,5.0,5.0,5.0,4.0,5.0,5.0,4.0,4.12311,4.12311,4.12311,4.12311,4.12311,4.12311,4.12311,3.16228,4.12311,3.16228,3.16228,3.16228,3.60555,3.60555,3.60555,3.60555,3.60555,2.82843,42.43819,38.60052,44.20407,41.7732,45.45327,46.66905,43.84062,46.69047,39.62323,43.93177,42.44997,40.31129,44.59821,37.48333,39.62323,39.62323,42.42641,36.87818,36.87818,36.06938,40.31129,31.241,33.83785,29.73214,31.1127,31.14482,34.05877,30.80584,32.01562,34.20526,29.06888,33.24154,25.45584,29.0,29.06888,24.04163,27.20294,25.6125,25.6125,23.34524,25.6125,26.24881,23.34524,23.34524,21.26029,22.47221,25.23886,19.79899,20.59126,22.36068,21.63331,21.47091,19.84943,19.41649,18.43909,20.88061,19.23538,49.65884,49.76947,50.56679,52.80152,54.08327,56.61272,57.56735,57.56735,67.6757,60.87693,68.06614,67.26812,76.48529,74.43118,73.43705,72.1734,82.49242,72.02777,69.06519,73.02739,77.05842,81.00617,74.06079,76.23647,76.41989,78.00641,70.45566,73.10951,67.26812,73.10951,60.03332,67.06713,63.03174,62.0,65.03076,62.28965,58.21512,61.40033,58.21512,61.98387,59.68249,61.39218,58.85576,52.63079,53.36666,57.24509,55.7853,53.48832,53.31041,51.24451,51.62364,50.15974,57.24509,45.65085,51.89412,46.06517,46.87217
8.24621,8.06226,8.06226,8.24621,8.24621,8.24621,8.06226,8.06226,8.06226,8.06226,8.24621,8.06226,8.06226,7.07107,7.28011,7.07107,7.07107,7.07107,6.08276,6.08276,6.08276,6.08276,6.08276,6.08276,6.08276,6.08276,6.0,6.08276,6.08276,6.0,5.09902,6.08276,5.09902,5.09902,5.09902,5.09902,5.09902,5.38516,4.47214,4.47214,4.12311,4.12311,4.47214,4.47214,4.47214,4.47214,4.47214,4.47214,4.47214,3.60555,4.24264,4.24264,42.19005,43.01163,41.40048,35.80503,45.25483,39.05125,42.44997,44.68781,42.42641,40.31129,38.20995,38.8973,38.94868,41.01219,36.76955,36.40055,43.18565,38.60052,35.35534,31.14482,36.12478,30.4795,34.65545,32.55764,32.55764,32.64966,25.4951,31.241,32.64966,27.65863,27.45906,26.87006,32.01562,29.06888,23.34524,29.0,26.1725,26.90725,26.24881,27.20294,21.93171,19.79899,24.41311,22.02272,22.2036,20.61553,20.24846,19.72308,17.88854,17.49286,20.24846,19.31321,19.72308,18.43909,22.13594,18.68154,18.97367,53.23533,52.20153,53.22593,54.08327,55.08176,56.29387,56.04463,60.01666,69.2315,69.05071,69.05071,66.09841,80.41144,74.96666,78.05767,74.10803,81.3941,76.0,73.02739,77.05842,77.23341,81.15417,76.02631,79.05694,77.16217,79.0,70.17834,75.32596,71.44928,73.33485,62.20129,67.18631,65.27634,63.07139,62.28965,61.0,61.29437,60.40695,57.42822,64.93843,64.19502,60.82763,53.75872,58.24946,53.75872,53.15073,54.34151,54.12024,53.85165,50.28916,48.33218,50.60632,48.70318,46.51881,50.15974,51.97115,53.23533
7.07107,7.07107,8.0,8.0,7.0,7.07107,7.0,7.07107,7.0,7.0,7.0,7.0,7.0,6.0,6.0,6.0,6.0,6.0,5.0,6.0,5.0,5.0,5.09902,5.0,5.0,5.0,5.0,5.0,5.0,5.0,4.0,5.09902,4.0,4.0,4.12311,4.12311,4.12311,4.12311,4.12311,4.12311,3.16228,3.16228,4.12311,3.16228,3.16228,3.16228,3.60555,3.60555,3.60555,3.60555,3.60555,2.82843,44.10215,45.27693,41.72529,42.2019,41.86884,44.04543,45.27693,41.10961,38.28838,41.03657,39.62323,42.52058,44.55334,41.72529,34.20526,40.36087,42.44997,35.80503,32.01562,36.76955,36.79674,33.97058,31.241,29.0,27.65863,28.3196,30.4795,29.06888,30.4795,32.55764,26.90725,30.0,29.06888,26.40076,26.90725,22.80351,27.58623,27.01851,26.07681,25.80698,25.80698,27.78489,19.23538,23.34524,23.60085,23.70654,22.84732,20.59126,21.0238,21.09502,18.38478,20.24846,19.23538,20.24846,18.97367,19.41649,18.02776,48.76474,49.65884,52.35456,51.62364,55.71355,56.921,59.23681,59.66574,65.80274,65.0,69.2315,70.03571,74.73286,68.26419,73.17103,76.10519,78.63841,74.00676,73.02739,74.16873,72.00694,78.00641,72.1734,75.05998,78.63841,76.00658,68.46897,73.24616,71.25307,72.00694,64.07027,66.00758,66.1211,61.0,66.06815,60.0,60.07495,62.20129,57.42822,59.4138,58.13777,59.22837,55.7315,55.7853,53.36666,53.75872,51.92302,51.62364,48.33218,51.26402,53.14132,50.56679,48.76474,47.41308,50.53712,50.56679,49.73932
8.24621,8.24621,8.24621,8.24621,8.24621,7.28011,8.24621,8.24621,8.24621,7.28011,8.24621,7.28011,7.28011,7.28011,6.32456,7.28011,6.32456,6.32456,6.32456,6.32456,6.32456,6.32456,6.32456,6.32456,6.32456,5.38516,5.38516,5.38516,5.38516,5.38516,5.09902,5.09902,5.09902,5.09902,5.09902,5.38516,5.09902,5.09902,4.12311,4.12311,4.12311,4.12311,4.12311,4.12311,4.12311,4.0,4.0,4.0,4.0,4.0,4.0,4.12311,42.80187,43.18565,43.01163,41.34005,41.34005,43.41659,44.72136,42.54409,39.35734,35.77709,40.71855,38.94868,41.14608,36.24914,37.57659,37.57659,38.48376,39.92493,35.77709,34.17601,35.1141,36.40055,31.32092,32.31099,28.17801,29.06888,29.41088,31.95309,27.73085,27.89265,26.4764,28.16026,26.92582,31.01612,24.33105,28.23119,28.6531,26.40076,25.55386,25.07987,24.35159,23.25941,23.02173,24.69818,20.24846,25.23886,25.63201,22.80351,18.86796,18.60108,20.0,16.55295,19.41649,20.0,19.20937,16.40122,18.38478,50.21952,52.15362,51.47815,55.9464,57.3062,58.18075,57.69749,61.84658,66.21178,67.77905,67.1193,71.17584,76.55717,74.0,74.2159,74.46476,81.32035,76.40026,74.52516,73.1642,74.1485,81.7435,76.29548,77.10383,79.51101,76.92204,70.85901,75.53807,70.34913,76.48529,62.58594,70.21396,67.26812,63.32456,67.46851,61.68468,60.40695,61.84658,59.80803,60.41523,59.80803,60.82763,56.79789,59.68249,53.0,58.18075,51.86521,51.08816,53.00943,50.44799,47.63402,48.10405,52.80152,48.16638,48.10405,50.44799,50.93133
7.28011,7.07107,7.07107,7.07107,7.07107,7.28011,7.07107,7.07107,7.07107,7.07107,7.28011,7.07107,7.07107,6.08276,6.08276,7.07107,6.08276,6.08276,6.08276,6.08276,5.09902,5.09902,5.09902,5.09902,5.09902,5.09902,5.09902,5.09902,5.09902,5.09902,5.09902,5.09902,5.09902,4.12311,4.12311,4.12311,4.47214,4.47214,4.47214,4.47214,4.47214,3.60555,4.47214,3.60555,3.60555,3.60555,3.60555,3.60555,3.60555,3.60555,3.60555,3.60555,42.54409,40.81666,38.20995,37.20215,39.66106,40.60788,36.79674,44.68781,34.05877,44.20407,38.20995,38.94868,43.84062,37.20215,39.05125,37.48333,38.20995,35.38361,37.01351,35.4683,38.20995,33.24154,36.12478,29.69848,32.01562,29.06888,31.14482,29.73214,29.06888,33.24154,28.6007,33.6006,22.36068,28.01785,31.14482,29.20616,30.4795,29.20616,26.24881,26.07681,25.05993,24.59675,22.82542,25.94224,21.09502,25.29822,26.41969,19.72308,23.76973,22.84732,25.29822,21.58703,23.32381,23.25941,19.69772,21.2132,23.02173,48.54894,51.86521,50.24938,55.9464,52.7731,63.07139,55.47071,60.92618,65.79514,65.9242,70.21396,68.68042,76.24303,72.53275,74.73286,72.83543,86.68333,71.44928,75.66373,74.8131,73.33485,81.49847,74.43118,80.22468,77.05842,77.41447,71.06335,78.0,70.00714,76.05919,58.00862,71.00704,66.37017,59.4138,67.47592,63.28507,57.31492,64.49806,56.7186,59.66574,58.24946,59.66574,59.66574,55.02727,51.66237,62.76942,54.42426,48.08326,49.64877,51.86521,50.59644,47.53946,52.39275,42.95346,54.08327,48.8774,49.40648
7.07107,7.07107,7.07107,8.06226,7.07107,7.07107,7.07107,7.07107,7.07107,7.07107,7.07107,7.07107,7.07107,7.07107,6.08276,7.07107,6.08276,6.08276,6.08276,6.08276,6.08276,6.08276,5.09902,6.08276,6.08276,6.08276,6.32456,6.08276,6.08276,5.38516,5.09902,5.09902,5.09902,5.09902,5.09902,5.09902,5.09902,4.0,4.0,4.0,4.0,4.12311,4.12311,4.12311,4.12311,4.12311,4.0,3.0,4.0,4.0,4.0,4.12311,41.7732,40.4475,40.11234,37.21559,43.01163,41.0,38.0526,39.11521,39.01282,39.05125,41.30375,40.31129,44.28318,39.20459,38.11824,41.59327,42.29657,39.20459,35.12834,39.11521,41.59327,34.71311,32.98485,34.36568,33.06055,35.12834,32.24903,33.95585,33.06055,39.05125,32.38827,30.80584,30.14963,29.42788,29.12044,29.06888,28.16026,26.92582,27.07397,31.14482,29.15476,30.0,25.07987,28.16026,26.07681,29.06888,25.01999,22.2036,23.0,23.19483,24.02082,22.02272,24.0,21.0,23.0,25.07987,23.76973,47.88528,48.37355,48.8774,53.25411,53.0,54.91812,58.60034,58.82176,67.62396,65.43699,68.76772,66.4003,75.43209,76.41989,72.86288,72.91776,78.51751,73.10951,70.71068,74.02702,73.40981,80.80223,70.60453,76.05919,73.60027,75.00667,75.0,73.40981,69.63476,69.52697,63.12686,65.8559,64.44377,63.63961,63.12686,62.96825,60.1415,63.89053,58.0517,62.80127,60.80296,60.46487,56.61272,57.98276,51.10773,54.20332,54.58938,51.0,50.56679,49.65884,48.33218,51.26402,50.15974,44.77723,47.75982,47.43416,43.65776
7.2111,7.81025,7.07107,7.81025,7.07107,7.07107,7.07107,7.07107,7.07107,7.07107,7.81025,7.07107,7.07107,7.07107,6.40312,7.07107,7.07107,6.40312,7.07107,7.07107,5.65685,5.65685,6.40312,5.65685,6.40312,6.40312,6.40312,5.65685,5.65685,5.65685,5.65685,5.65685,5.65685,5.0,5.65685,5.0,5.83095,5.0,5.0,5.0,5.0,5.0,5.0,5.0,4.47214,5.0,4.47214,5.0,4.47214,4.47214,4.47214,4.47214,39.69887,39.69887,36.35932,40.22437,37.73592,36.61967,34.88553,38.94868,38.01316,42.48529,38.47077,37.21559,39.44617,39.81206,40.31129,39.0,41.59327,36.24914,36.23534,40.70626,40.24922,34.88553,35.8469,34.88553,34.48188,33.54102,34.0,32.89377,34.43835,36.24914,33.10589,34.0,31.7805,33.24154,31.38471,32.20248,30.41381,30.46309,32.75668,27.45906,30.52868,31.06445,25.55386,27.78489,25.55386,25.6125,25.80698,27.29469,25.6125,24.20744,23.60085,23.60085,23.60085,23.60085,24.41311,20.80865,23.34524,46.01087,47.63402,47.01064,54.40588,53.25411,55.22681,54.70832,59.5399,67.1193,61.29437,68.0,66.24198,72.94518,68.942,70.21396,72.44998,75.27284,73.24616,70.88018,70.60453,69.857,73.00685,73.24616,76.53757,74.46476,74.0,67.91171,68.44706,68.15424,70.34202,57.72348,67.72001,63.60031,57.87055,65.80274,60.40695,59.61543,63.56099,59.03389,60.90156,58.18075,60.03332,55.9017,55.22681,52.47857,54.20332,51.47815,48.82622,49.64877,50.60632,50.44799,47.50789,49.64877,45.45327,49.51767,46.66905,43.84062
7.61577,7.28011,8.24621,8.544,8.24621,7.28011,8.24621,7.28011,8.24621,7.28011,8.24621,8.24621,8.24621,8.24621,7.28011,8.24621,7.28011,7.28011,7.28011,7.28011,7.28011,7.28011,6.32456,7.28011,7.28011,7.28011,7.07107,6.32456,7.28011,6.08276,6.32456,6.32456,6.32456,6.32456,6.08276,6.32456,6.32456,5.38516,5.38516,5.38516,5.38516,5.38516,5.38516,5.09902,5.38516,5.09902,5.38516,5.38516,4.47214,5.38516,4.47214,4.47214,43.60046,40.49691,40.24922,40.24922,42.95346,39.39543,41.4367,40.16217,39.56008,41.4367,40.16217,40.49691,42.37924,39.39543,39.21734,42.72002,43.46263,40.80441,38.8973,40.49691,43.9659,39.0,38.07887,35.1141,35.77709,38.07887,36.68787,37.0,33.61547,37.64306,35.4683,34.48188,32.31099,37.0,35.69314,33.10589,34.17601,31.38471,32.69557,32.98485,32.57299,34.0147,30.8707,31.7805,29.96665,32.31099,28.23119,25.4951,25.07987,26.40076,28.79236,26.57066,26.0,24.18677,25.07987,27.29469,25.80698,46.40043,48.27007,51.66237,52.3259,52.34501,55.22681,54.56189,59.03389,67.62396,63.82006,67.41662,68.00735,74.06079,74.30343,71.55418,73.40981,74.79305,70.66116,67.97794,68.02941,71.17584,79.05694,74.09453,70.77429,70.5762,70.26379,68.94926,70.93659,66.7308,70.38466,59.9333,63.69458,62.24147,60.41523,64.40497,59.94164,60.90156,62.43397,57.68882,62.68174,59.07622,58.60034,55.80323,55.0,52.63079,49.67897,50.32892,55.22681,50.93133,53.8145,47.38143,50.9902,53.03772,43.18565,46.09772,45.0,43.01163
6.40312,6.40312,6.40312,6.40312,6.40312,6.40312,7.2111,6.40312,6.40312,6.40312,7.07107,7.2111,7.07107,6.40312,6.40312,6.40312,6.40312,6.40312,6.40312,6.40312,5.65685,6.40312,5.65685,5.65685,6.40312,5.65685,5.65685,5.65685,5.65685,5.0,5.65685,5.65685,5.0,5.65685,5.0,4.24264,5.0,5.0,4.24264,4.24264,4.24264,4.24264,4.24264,4.24264,3.60555,3.60555,4.24264,3.60555,3.60555,3.60555,3.60555,3.60555,40.70626,39.44617,40.0,38.01316,40.60788,40.45986,40.31129,40.36087,40.36087,41.72529,40.45986,41.72529,43.27817,41.10961,42.52058,42.52058,43.13931,41.03657,41.40048,39.62323,43.18565,36.79674,36.76955,39.20459,35.4683,38.83298,36.12478,33.97058,37.48333,38.20995,33.97058,34.65545,34.05877,35.38361,33.97058,34.82815,33.83785,33.6006,36.05551,29.20616,30.4795,31.82766,30.0,28.3196,29.20616,31.06445,29.06888,28.01785,24.41311,26.1725,25.23886,25.80698,24.18677,25.23886,27.01851,26.62705,25.05993,49.09175,50.11986,50.08992,52.80152,51.26402,56.64804,55.7853,59.43904,66.28725,65.73431,67.72001,68.41053,75.0,74.73286,69.35416,71.44928,75.53807,70.17834,70.17834,73.10951,69.18092,76.32169,72.00694,74.06079,75.10659,73.17103,67.0,68.06614,67.06713,70.00714,61.07373,66.00758,64.00781,61.0082,64.03124,60.0,58.21512,60.82763,57.07013,63.34824,56.4358,59.66574,57.27128,60.63827,49.47727,54.12024,52.17279,51.97115,53.85165,53.85165,49.39636,52.80152,49.39636,46.48656,50.56679,47.01064,46.51881
7.28011,6.08276,7.07107,7.07107,7.07107,6.08276,7.07107,7.07107,7.07107,7.07107,7.28011,7.07107,7.28011,7.07107,6.32456,7.07107,6.08276,7.07107,6.08276,6.08276,6.08276,6.08276,6.08276,6.08276,6.08276,6.08276,5.0,6.08276,5.09902,6.0,5.09902,5.09902,5.09902,5.09902,5.0,5.09902,5.09902,5.09902,4.12311,4.12311,4.12311,4.0,4.12311,4.0,4.0,4.0,4.12311,4.12311,4.12311,4.12311,4.12311,3.16228,41.34005,41.34005,42.48529,41.23106,43.08132,39.39543,42.72002,42.37924,38.60052,40.02499,41.48494,42.95346,45.35416,45.22168,43.01163,46.09772,44.38468,42.05948,37.69615,41.76123,44.38468,40.5216,36.13862,37.36308,37.0,38.32754,36.40055,35.17101,33.83785,38.32754,34.9285,36.67424,32.28002,34.71311,31.57531,31.62278,31.62278,31.7805,32.57299,33.52611,32.28002,31.95309,28.79236,27.51363,26.57066,29.73214,30.08322,26.92582,25.29822,26.0,26.57066,24.16609,26.57066,24.69818,25.07987,24.59675,25.05993,43.46263,46.06517,47.88528,50.24938,52.69725,51.86521,50.60632,59.66574,61.84658,61.07373,62.93648,64.44377,70.76722,70.76722,67.00746,68.88396,74.51845,70.45566,65.60488,65.19202,69.89278,76.00658,72.71864,71.86793,71.19691,68.24222,65.76473,64.00781,66.7308,66.28725,59.40539,64.89992,61.58734,59.40539,64.3506,60.60528,59.03389,61.7171,56.72742,61.6198,58.89822,60.10824,56.56854,60.1415,50.93133,57.31492,52.49762,56.72742,51.73973,55.97321,50.60632,53.2635,54.67175,46.61545,53.41348,50.21952,47.63402
7.81025,7.81025,7.81025,7.81025,7.81025,7.81025,7.81025,7.81025,7.81025,7.07107,7.81025,8.48528,7.81025,7.81025,7.81025,8.48528,7.07107,7.07107,7.07107,7.07107,6.40312,6.40312,6.40312,7.07107,7.07107,7.07107,7.07107,6.40312,6.40312,6.40312,6.40312,6.40312,6.40312,5.65685,6.40312,5.83095,6.40312,5.0,5.0,5.0,5.83095,5.83095,5.0,5.0,5.0,4.47214,4.47214,4.47214,4.47214,4.47214,5.38516,5.38516,45.88028,41.23106,44.29447,41.59327,43.909,43.04649,40.81666,45.48626,40.0,43.26662,42.80187,41.23106,45.22168,41.40048,43.01163,44.04543,45.60702,42.2019,40.0,42.2019,47.01064,38.60052,41.03657,41.23106,36.40055,38.27532,35.80503,34.71311,38.41875,39.82462,34.4093,35.60899,33.01515,37.53665,33.24154,33.01515,35.60899,34.71311,31.62278,31.06445,32.44996,32.44996,30.52868,30.23243,29.06888,31.38471,28.6531,30.80584,26.40076,27.78489,26.41969,25.80698,27.78489,25.55386,25.94224,24.16609,24.73863,43.41659,45.22168,44.41846,48.8774,48.76474,54.12947,51.42956,56.46238,62.03225,61.46544,63.32456,63.60031,72.42237,67.72001,69.05071,68.593,74.96666,67.47592,69.58448,70.17834,67.18631,75.02666,69.0,70.02857,71.00704,69.18092,66.0303,67.0,65.12296,71.0,58.03447,66.06815,62.07254,60.29925,65.00769,60.20797,58.30952,63.28507,61.40033,64.49806,62.39391,59.68249,60.82763,58.0517,58.0517,57.27128,56.08921,55.7853,52.88667,53.60037,53.85165,54.12024,54.12024,48.27007,52.88667,53.75872,47.75982
7.81025,8.48528,8.48528,8.48528,8.48528,8.48528,8.60233,7.81025,8.48528,8.60233,8.48528,9.21954,8.48528,8.48528,7.81025,8.60233,7.81025,7.81025,7.81025,7.81025,7.81025,7.81025,6.40312,7.81025,7.81025,7.2111,7.2111,7.81025,7.2111,7.2111,6.40312,7.2111,7.2111,6.40312,6.40312,6.40312,6.40312,6.40312,5.65685,5.65685,5.65685,5.65685,5.65685,5.65685,5.65685,5.0,5.65685,5.65685,5.65685,5.65685,5.0,5.0,48.08326,41.23106,49.1935,42.94182,44.10215,44.29447,40.81666,47.16991,41.34005,43.60046,44.04543,44.82187,49.81967,43.41659,44.82187,43.84062,49.81967,43.27817,44.20407,42.0119,46.75468,38.60052,41.03657,40.22437,37.80212,39.82462,37.01351,41.03657,38.28838,43.13931,34.71311,39.62323,33.6006,37.53665,36.87818,35.38361,36.87818,36.06938,32.55764,31.82766,33.94113,35.4683,33.83785,34.82815,31.89044,32.20248,30.80584,30.0,29.83287,27.01851,26.40076,28.42534,29.15476,28.6531,30.01666,26.83282,30.08322,41.6173,44.40721,40.49691,49.73932,46.06517,50.08992,49.65884,51.47815,58.87274,56.64804,60.44005,61.68468,68.00735,65.96969,65.9242,64.38167,71.70077,64.12488,70.45566,68.06614,69.02898,73.0,66.00758,71.00704,68.06614,69.11584,65.19202,68.02941,61.07373,71.02816,57.00877,65.0,62.00806,59.03389,63.0,61.13101,57.21888,63.1981,58.30952,63.95311,62.1289,60.67125,62.16912,56.29387,58.24946,56.88585,56.7186,53.36666,55.7853,53.60037,55.31727,54.12024,56.04463,47.53946,54.81788,50.92151,47.80167
8.06226,7.61577,8.24621,7.61577,8.24621,7.61577,8.24621,7.28011,8.24621,8.24621,8.544,8.24621,8.24621,7.28011,7.28011,8.24621,7.07107,7.28011,7.07107,7.28011,7.28011,7.07107,7.28011,7.07107,7.28011,7.28011,7.07107,7.07107,7.07107,7.07107,6.08276,6.08276,6.08276,6.08276,6.08276,6.32456,6.32456,6.32456,5.38516,5.38516,5.38516,5.38516,5.38516,4.47214,5.38516,5.38516,4.47214,4.47214,5.83095,5.0,5.0,5.0,44.38468,41.78516,46.57252,42.2019,44.38468,41.59327,43.41659,43.28972,41.19466,42.29657,44.04543,41.19466,45.39824,43.41659,43.18565,42.10701,47.38143,44.01136,41.19466,43.0,46.04346,39.05125,41.01219,44.04543,38.01316,39.01282,39.11521,41.10961,40.04997,39.05125,34.1321,41.0,40.0,37.12142,35.0571,38.01316,38.0526,37.05401,34.0147,37.0,33.01515,34.1321,33.24154,32.06244,32.01562,33.13608,30.26549,34.1321,28.63564,28.28427,26.4764,30.41381,29.83287,28.16026,30.36445,27.85678,27.73085,39.0,43.01163,44.01136,50.03998,46.38965,50.01,48.27007,52.49762,59.66574,57.24509,60.08328,61.35145,66.7308,65.0,64.88451,65.76473,72.89719,66.88797,69.11584,67.42403,67.62396,74.02702,67.35726,68.60029,69.42622,70.60453,66.70832,66.48308,64.44377,69.02898,57.62812,63.78087,64.2028,60.44005,63.12686,59.81639,61.40033,61.85467,58.24946,62.96825,62.42596,61.29437,61.91123,57.3062,58.30952,55.9464,57.98276,57.98276,55.9464,58.30952,55.00909,54.12947,54.70832,52.35456,57.24509,53.22593,49.65884
6.40312,5.65685,6.40312,7.07107,6.40312,6.40312,6.40312,6.40312,6.40312,6.40312,7.2111,7.2111,7.2111,7.2111,6.40312,7.2111,6.7082,6.40312,6.7082,7.2111,6.40312,7.2111,5.83095,6.7082,6.40312,6.7082,6.7082,7.2111,7.2111,6.7082,6.40312,6.40312,5.83095,5.83095,5.83095,5.83095,6.40312,5.65685,5.0,5.65685,5.0,5.0,5.65685,5.0,5.0,4.24264,4.24264,4.24264,5.0,5.0,5.0,4.47214,41.34005,40.81666,43.18565,38.8973,40.31129,39.62323,41.86884,42.44997,39.40812,40.60788,39.66106,41.6173,47.43416,44.20407,39.66106,45.79301,46.32494,44.10215,44.40721,45.27693,46.14109,40.60788,39.35734,43.26662,39.40812,44.40721,39.11521,42.48529,40.31129,43.08132,39.39543,42.94182,39.66106,42.05948,36.67424,39.66106,40.71855,42.05948,38.83298,38.94868,39.96248,37.01351,37.80212,40.0,35.0,36.40055,38.41875,34.05877,34.71311,31.82766,32.55764,28.42534,29.0,30.61046,31.241,30.23243,33.61547,37.57659,42.54409,38.83298,46.87217,46.09772,49.20366,46.8615,52.3259,56.63921,56.58622,57.38467,60.959,67.35726,68.00735,66.37017,64.66065,71.34424,66.64083,68.42514,63.15853,67.23095,74.09453,62.96825,67.6757,68.96376,66.85058,63.78871,67.44627,62.8172,67.6757,55.08176,64.03124,59.48109,57.87055,61.40033,57.00877,55.15433,59.61543,57.27128,62.39391,59.61543,58.69412,60.53924,58.60034,55.00909,55.9464,54.56189,53.66563,55.9464,56.82429,52.7731,52.83938,55.4617,49.24429,53.7122,52.3259,45.65085
6.7082,6.7082,7.2111,7.2111,7.2111,7.2111,7.81025,7.2111,7.81025,7.2111,7.2111,7.81025,7.2111,7.81025,7.2111,7.81025,7.81025,7.81025,7.07107,7.81025,7.2111,7.81025,7.81025,7.81025,7.81025,7.81025,7.81025,7.81025,7.81025,8.48528,7.81025,7.81025,7.81025,7.07107,7.81025,7.81025,7.2111,7.2111,6.40312,5.83095,7.2111,7.2111,6.40312,5.83095,5.83095,5.83095,5.83095,5.83095,5.83095,5.38516,5.38516,5.09902,39.31921,40.02499,39.21734,36.40055,37.16181,36.24914,37.21559,42.43819,36.67424,41.59327,41.23106,41.40048,44.20407,45.0,43.26662,46.09772,47.80167,44.04543,42.0119,43.41659,49.67897,43.82921,43.93177,42.63801,46.40043,44.04543,46.40043,46.2277,43.60046,49.57822,43.86342,45.45327,44.59821,45.0,42.42641,41.23106,44.82187,43.18565,45.0,42.2019,45.80393,42.05948,41.88078,39.40812,39.11521,42.19005,40.70626,38.07887,36.89173,34.88553,37.12142,34.43835,34.88553,33.54102,34.48188,34.48188,34.71311,39.56008,42.37924,39.21734,47.80167,46.69047,49.0306,48.27007,54.58938,58.85576,58.07753,61.0,63.00794,68.02941,67.18631,63.1981,66.27217,74.54529,65.51336,68.44706,66.09841,67.44627,71.38627,67.35726,68.96376,71.47027,67.18631,62.62587,62.96825,63.32456,65.14599,53.45091,61.35145,60.72891,56.04463,58.18935,56.32051,54.34151,58.46366,55.10898,55.7315,54.34151,54.03702,57.70615,52.61179,51.24451,53.15073,50.24938,49.0408,50.01,51.0392,49.0408,48.04165,50.03998,44.0,49.0408,47.09565,44.10215
7.07107,7.07107,7.81025,7.81025,7.81025,7.81025,7.81025,7.81025,8.60233,7.81025,7.81025,8.60233,7.81025,8.60233,7.81025,8.60233,8.60233,8.60233,8.06226,8.06226,8.06226,8.06226,8.60233,8.60233,8.60233,8.60233,8.94427,8.60233,8.60233,8.06226,8.06226,8.60233,8.06226,8.06226,8.60233,7.81025,7.81025,7.81025,7.81025,7.07107,7.07107,7.81025,7.07107,6.40312,6.40312,6.40312,5.65685,6.40312,6.40312,6.40312,5.83095,5.83095,35.4683,36.24914,34.20526,34.4093,40.80441,35.60899,36.79674,38.8973,36.87818,39.59798,39.62323,38.94868,46.75468,44.68781,42.52058,42.2019,49.0408,43.27817,42.0119,47.63402,47.50789,43.01163,39.82462,44.65423,41.23106,44.20407,46.75468,46.04346,42.80187,45.0,41.6173,42.80187,44.10215,44.41846,45.27693,43.82921,46.04346,44.10215,43.41659,42.80187,45.0,42.44997,42.52058,41.10961,38.8973,41.72529,38.18377,38.94868,33.94113,35.38361,37.01351,35.35534,34.05877,34.4093,34.4093,35.8469,33.54102,39.0,39.56008,46.57252,45.35416,45.70558,47.67599,50.80354,54.23099,58.42089,61.07373,63.03174,62.00806,67.0,65.27634,62.514,66.61081,71.34424,70.21396,64.32729,64.13267,68.88396,70.60453,68.00735,66.48308,67.41662,67.18631,62.29767,61.09828,62.29767,62.36185,56.75385,58.24088,54.12024,52.17279,55.08176,55.9017,51.78803,56.88585,50.24938,53.15073,51.08816,55.00909,52.03845,50.0,45.09989,48.25971,47.01064,46.17359,47.51842,48.16638,45.39824,43.93177,44.18144,41.59327,43.28972,44.14748,39.05125
7.07107,7.2111,7.81025,7.81025,7.81025,7.81025,8.60233,8.60233,8.60233,8.60233,8.60233,8.60233,8.60233,8.60233,8.60233,8.60233,8.60233,8.60233,8.60233,8.60233,8.60233,8.60233,8.60233,8.94427,8.60233,8.06226,8.06226,9.43398,9.43398,8.06226,8.60233,8.60233,8.60233,8.60233,8.60233,8.60233,8.60233,7.81025,7.81025,7.81025,7.07107,7.81025,7.81025,6.40312,7.07107,6.40312,7.07107,7.07107,7.07107,6.40312,6.40312,6.40312,35.4683,34.9285,41.6173,38.01316,37.01351,39.05125,41.7732,43.86342,39.82462,40.36087,44.68781,42.63801,45.45327,44.20407,45.60702,46.32494,48.27007,49.20366,47.63402,45.80393,47.80167,44.82187,48.60041,47.01064,44.55334,49.57822,41.40048,49.92995,47.20169,49.39636,42.72002,49.09175,41.23106,52.20153,43.56604,47.80167,47.80167,48.27007,46.01087,44.82187,42.80187,43.18565,42.42641,45.27693,41.72529,41.72529,38.94868,40.31129,37.48333,33.97058,36.79674,35.4683,37.64306,33.01515,33.01515,35.80503,34.98571,42.42641,45.17743,44.01136,54.03702,50.01,56.0803,55.14526,57.21888,64.28063,61.66036,64.77654,63.78871,71.84706,68.88396,71.16881,68.00735,77.16217,70.2282,70.83784,72.49828,70.93659,75.13322,65.74192,70.00714,70.21396,70.2282,64.84597,68.42514,63.50591,66.30988,56.0803,60.74537,59.09315,52.81098,58.69412,55.7853,50.96077,53.93515,50.44799,56.56854,55.10898,53.15073,51.15662,51.08816,51.0098,49.09175,48.04165,46.17359,44.18144,42.19005,44.28318,44.91102,43.56604,37.85499,46.57252,41.0,38.60052
8.24621,8.24621,8.544,8.24621,8.24621,8.24621,8.544,8.544,8.544,8.544,9.48683,9.48683,9.48683,9.48683,8.24621,9.48683,8.544,8.544,8.544,8.544,8.544,8.544,7.61577,8.544,8.544,8.94427,8.94427,8.544,8.94427,8.06226,7.61577,7.61577,7.61577,7.61577,7.61577,7.61577,8.544,7.28011,7.28011,7.28011,7.28011,7.28011,7.28011,6.32456,6.32456,6.32456,6.32456,6.32456,6.08276,6.08276,6.08276,6.08276,38.47077,38.83298,39.92493,40.16217,42.15448,40.31129,42.95346,47.88528,41.67733,42.05948,43.909,44.77723,46.64762,44.77723,48.76474,50.47772,48.37355,47.16991,42.19005,46.87217,53.41348,43.909,41.6173,41.88078,43.04649,43.56604,45.48626,44.20407,45.0,45.0,42.0119,46.09772,45.22168,46.2277,43.18565,40.49691,42.0119,40.0,43.26662,42.2019,43.01163,41.34005,38.07887,39.40812,38.94868,37.73592,39.96248,37.73592,36.23534,31.76476,36.05551,32.24903,32.24903,33.10589,31.30495,34.43835,32.69557,46.64762,45.48626,45.48626,52.43091,51.08816,55.22681,53.2635,59.46427,62.96825,61.55485,66.52819,66.48308,71.42129,70.76722,68.00735,69.02898,74.41102,69.06519,68.00735,68.24222,66.88797,69.33974,65.51336,66.0303,66.88797,64.40497,61.58734,61.85467,56.85948,60.60528,49.81967,55.31727,51.73973,48.79549,55.86591,49.81967,49.0408,46.87217,46.04346,50.77401,48.02083,48.33218,46.95743,45.31004,45.54119,41.48494,42.72002,43.93177,41.7732,42.2019,40.79216,41.19466,43.28972,39.01282,43.04649,41.0,39.01282
6.7082,7.61577,7.28011,8.24621,7.28011,7.61577,7.28011,7.28011,8.544,8.24621,8.544,8.24621,8.24621,8.24621,8.544,8.24621,8.24621,8.24621,8.24621,8.24621,7.61577,8.24621,7.28011,8.24621,8.24621,8.24621,8.24621,8.24621,8.24621,8.24621,7.28011,8.24621,7.28011,7.28011,7.61577,7.61577,7.61577,6.7082,6.32456,6.7082,6.7082,6.7082,6.7082,6.7082,6.7082,5.83095,5.83095,5.83095,5.83095,5.83095,5.83095,5.83095,39.05125,38.41875,42.05948,40.81666,39.35734,41.23106,40.31129,47.53946,40.80441,44.01136,44.94441,44.77723,48.10405,43.65776,42.15448,49.0408,50.32892,48.70318,47.43416,45.88028,53.45091,43.65776,47.80167,44.59821,42.48529,47.75982,43.86342,46.87217,47.43416,50.69517,44.14748,50.96077,44.14748,48.05206,42.95346,47.12749,48.38388,43.68066,43.65776,42.72002,42.37924,44.38468,41.76123,41.10961,39.81206,38.91015,39.39543,41.10961,36.67424,34.43835,36.23534,32.24903,35.8469,31.38471,32.64966,33.12099,32.80244,45.18849,47.85394,47.42362,51.26402,50.69517,55.36244,52.81098,59.66574,61.84658,61.39218,65.62012,65.9242,71.19691,69.87131,69.26038,66.1211,73.33485,66.00758,70.06426,67.02984,66.1211,67.02984,64.12488,65.0,66.27217,66.0,59.03389,59.07622,58.07753,62.03225,48.0,59.13544,53.08484,50.08992,52.23983,47.85394,44.91102,52.63079,47.43416,50.69517,50.59644,50.08992,52.0,47.01064,44.29447,47.16991,47.41308,44.94441,46.04346,45.22168,46.87217,41.10961,48.25971,40.45986,45.34314,44.55334,41.03657
7.61577,7.28011,8.24621,8.24621,8.24621,8.544,9.21954,8.24621,9.21954,9.21954,9.48683,9.21954,9.21954,9.21954,9.21954,10.19804,9.21954,9.21954,9.21954,9.21954,9.21954,9.21954,9.21954,10.19804,9.21954,10.19804,9.21954,10.19804,10.19804,10.19804,9.21954,9.21954,9.21954,9.21954,9.21954,9.21954,9.48683,8.544,8.544,8.24621,8.544,8.544,8.24621,7.28011,7.28011,7.28011,7.61577,7.28011,7.28011,6.32456,6.7082,6.7082,39.29377,35.69314,36.87818,40.79216,47.16991,37.05401,40.0125,46.04346,38.11824,38.47077,43.10452,39.45884,50.15974,46.01087,47.26521,48.83646,50.80354,50.48762,47.51842,49.09175,51.41984,50.48762,44.91102,52.15362,48.01042,52.08647,48.6621,49.16299,47.38143,53.85165,44.28318,48.50773,44.28318,49.16299,45.88028,48.09366,51.24451,48.76474,46.01087,52.0,52.00961,50.01,38.0,46.27094,43.0,42.0,42.04759,37.0,37.01351,40.04997,35.0,34.1321,40.0125,37.05401,32.24903,37.65634,35.69314,48.50773,46.23851,43.01163,50.56679,54.56189,60.00833,53.33854,54.91812,64.07027,58.83026,64.07027,68.09552,69.40461,71.70077,71.44928,65.76473,71.44928,65.94695,65.8559,68.41053,66.0303,69.2026,63.12686,59.81639,64.40497,64.3506,58.00862,62.00806,58.24946,61.55485,55.97321,53.8145,52.80152,51.62364,51.62364,54.67175,48.83646,49.40648,48.10405,53.25411,47.20169,54.40588,48.37355,45.80393,47.88528,46.48656,49.73932,50.11986,45.88028,42.94182,46.8188,41.62932,49.64877,40.49691,46.57252,41.48494,40.31129
6.40312,7.07107,7.07107,7.07107,7.81025,7.81025,7.81025,7.81025,7.81025,7.81025,9.21954,9.21954,8.48528,9.21954,9.21954,10.0,9.21954,8.60233,8.60233,8.60233,8.60233,8.60233,9.21954,9.43398,10.0,10.0,10.0,10.0,10.0,9.43398,10.0,10.0,9.43398,8.60233,10.0,9.21954,9.89949,8.48528,7.81025,9.21954,7.81025,8.48528,7.81025,7.81025,7.81025,7.2111,7.81025,7.07107,6.40312,7.07107,6.40312,6.40312,37.44329,40.16217,41.78516,39.29377,32.89377,43.73786,36.34556,46.09772,38.0526,46.52956,38.0526,46.01087,47.0,42.57934,45.01111,47.01064,51.0098,52.0,47.09565,47.01064,55.14526,43.18565,49.16299,50.0,46.69047,48.16638,50.03998,53.75872,47.01064,49.64877,52.0,62.0,41.04875,56.14268,52.15362,51.47815,53.00943,53.15073,51.24451,48.04165,46.27094,50.96077,49.16299,43.28972,42.29657,44.59821,46.27094,41.23106,45.27693,41.19466,40.60788,38.63936,37.21559,38.63936,37.36308,36.67424,36.13862,45.70558,50.44799,44.55334,49.72927,47.53946,54.40588,53.45091,55.9017,59.09315,54.56189,63.81222,64.14047,74.09453,70.21396,65.11528,68.62215,71.8401,63.41136,64.38167,68.24954,62.2254,65.29931,59.4138,59.46427,61.52235,62.24147,52.00961,59.81639,53.0,60.87693,43.93177,56.72742,50.20956,46.75468,46.2277,49.81967,43.86342,48.16638,44.68781,50.0,50.20956,45.22168,49.67897,47.50789,50.47772,41.23106,46.32494,47.50789,44.94441,39.40812,45.80393,44.28318,48.54894,38.60052,46.64762,47.01064,40.70626
7.2111,6.7082,7.61577,7.61577,7.61577,7.61577,8.544,8.24621,8.24621,8.544,9.48683,9.48683,9.48683,9.48683,9.48683,10.44031,10.19804,9.48683,10.44031,10.44031,10.44031,10.44031,10.44031,11.40175,11.40175,11.40175,11.40175,11.40175,11.40175,11.18034,10.77033,11.40175,11.40175,10.44031,11.40175,10.44031,10.77033,9.84886,9.84886,9.84886,9.48683,9.48683,9.84886,8.544,8.544,8.544,8.544,8.544,7.61577,8.06226,8.06226,8.06226,33.0,29.73214,29.96665,31.01612,30.36445,32.20248,34.88553,37.57659,28.6531,37.21559,33.61547,36.06938,42.52058,39.66106,45.27693,40.60788,47.43416,48.27007,45.45327,45.22168,51.66237,45.48626,48.27007,49.64877,51.86521,48.01042,48.27007,55.22681,55.0,51.73973,49.67897,53.00943,52.63079,58.79626,50.20956,51.62364,58.60034,52.63079,45.48626,49.0408,53.82379,52.69725,51.0392,53.33854,52.15362,44.94441,45.80393,39.44617,43.27817,43.01163,37.20215,36.12478,46.32494,36.71512,36.71512,35.80503,39.35734,43.18565,50.21952,47.43416,52.83938,51.47815,55.54278,54.12947,55.4617,65.30697,62.29767,65.11528,63.32456,71.30919,67.74216,67.89698,65.76473,68.593,63.12686,61.03278,61.03278,65.27634,64.12488,59.4138,61.13101,64.77654,62.20129,54.57105,55.7315,57.97413,57.21888,42.29657,55.3263,48.6621,45.39824,51.47815,47.01064,45.09989,47.85394,44.40721,44.04543,44.0,48.16638,48.01042,49.16299,44.28318,36.05551,41.30375,42.29657,48.25971,48.01042,45.0,42.0,45.17743,44.0,40.11234,43.56604,42.57934
5.0,4.12311,5.09902,5.09902,5.38516,5.38516,6.32456,6.32456,6.32456,6.7082,7.61577,7.61577,7.61577,8.544,8.544,9.84886,8.544,9.48683,8.544,9.48683,9.48683,9.48683,9.48683,9.84886,9.84886,9.84886,9.84886,10.77033,10.77033,11.18034,9.48683,10.77033,10.44031,10.44031,10.44031,10.44031,10.44031,9.48683,9.48683,9.48683,9.21954,9.48683,9.48683,8.544,8.24621,8.24621,8.24621,7.28011,7.28011,7.28011,7.28011,7.07107,27.73085,26.92582,27.65863,25.0,29.01724,27.01851,25.01999,29.0,28.07134,32.55764,32.55764,33.95585,39.05125,38.07887,40.02499,43.01163,47.29693,46.57252,41.76123,49.0306,52.95281,50.69517,48.8467,48.76474,50.69517,53.60037,53.60037,57.28001,54.81788,61.09828,54.81788,57.28001,56.75385,58.24088,55.02727,56.08921,56.04463,55.65968,57.07013,56.88585,57.27128,56.88585,51.78803,56.08921,51.78803,53.60037,51.47815,50.80354,46.52956,44.40721,45.27693,44.40721,43.93177,41.7732,42.75512,45.17743,41.30375,53.25411,51.97115,55.00909,53.22593,56.0803,55.97321,58.82176,58.24088,68.65858,66.09841,65.76473,66.28725,72.83543,69.02898,67.1193,65.27634,69.26038,64.77654,64.62971,59.66574,57.87055,68.15424,56.51548,59.43904,60.44005,56.51548,52.55473,53.85165,52.39275,50.92151,45.31004,45.69464,42.37924,41.78516,42.15448,43.32436,41.10961,38.60052,40.02499,41.23106,39.56008,43.68066,43.01163,42.2019,35.44009,39.84972,42.37924,36.05551,40.8534,37.57659,34.9285,37.94733,38.94868,32.24903,35.51056,35.77709,30.88689
3.60555,3.60555,2.82843,4.24264,3.60555,4.47214,4.47214,4.47214,5.38516,5.38516,6.7082,6.32456,6.7082,7.61577,7.61577,8.544,8.544,7.61577,8.544,8.544,8.544,8.544,8.544,9.48683,9.84886,9.48683,9.48683,10.44031,10.44031,10.44031,9.84886,10.44031,10.44031,9.48683,9.84886,9.84886,9.84886,9.84886,9.84886,8.94427,8.06226,8.94427,8.544,7.61577,7.61577,7.61577,7.61577,7.61577,7.61577,7.61577,7.2111,7.2111,19.23538,23.34524,20.61553,18.78829,22.47221,17.20465,20.51828,20.51828,23.32381,22.36068,26.83282,28.17801,33.54102,36.40055,37.69615,41.4367,46.23851,41.23106,43.08132,45.61798,49.76947,48.10405,52.39275,49.24429,49.24429,54.12947,51.62364,59.77458,56.61272,62.96825,56.30275,57.77543,57.00877,62.39391,57.58472,57.38467,62.39391,62.24147,61.32699,60.00833,61.32699,58.18075,58.69412,60.41523,53.66563,55.47071,51.42956,54.56189,46.09772,47.41308,45.61798,44.38468,47.92703,46.51881,46.09772,42.95346,44.41846,59.48109,55.7315,59.68249,63.1981,62.1289,60.0,61.0,66.18912,69.18092,67.60178,71.80529,69.63476,73.5459,73.76313,66.12866,68.44706,72.61543,65.8635,64.84597,62.43397,60.74537,63.24555,58.41233,58.00862,54.67175,55.21775,50.93133,49.67897,48.08326,48.10405,38.20995,42.44997,41.10961,36.76955,39.05125,38.8973,38.28838,33.97058,34.71311,37.48333,35.4683,34.82815,35.0,35.0,31.90611,34.20526,35.51056,33.12099,32.44996,31.7805,30.8707,34.0147,31.01612,30.36445,34.71311,29.41088,29.15476
3.60555,2.23607,2.82843,3.16228,3.0,3.0,4.12311,4.12311,5.09902,5.09902,6.32456,6.32456,7.28011,7.28011,7.28011,8.544,8.544,8.544,9.48683,9.48683,9.48683,10.44031,10.44031,11.7047,11.7047,11.7047,11.7047,12.64911,12.64911,12.08305,11.40175,12.64911,12.64911,11.7047,11.7047,12.64911,12.64911,12.36932,11.40175,11.40175,11.40175,10.44031,10.44031,9.48683,9.48683,8.544,9.48683,9.21954,9.21954,9.48683,9.21954,9.21954,25.07987,26.24881,22.13594,23.4094,20.59126,13.60147,17.02939,13.41641,15.29706,19.0263,20.39608,27.07397,29.15476,33.01515,35.01428,35.51056,41.30375,41.30375,41.04875,45.09989,50.35871,51.47815,48.50773,53.08484,55.3263,59.3043,58.30952,58.42089,64.19502,65.30697,63.28507,62.28965,63.1981,70.45566,68.15424,65.19202,67.89698,71.84706,66.06815,68.18358,66.06815,63.00794,64.03124,63.07139,61.03278,65.0,56.00893,62.03225,49.0408,55.08176,55.44367,50.24938,53.15073,50.01,53.00943,51.0,51.35173,62.24147,59.5063,62.64982,62.76942,69.63476,64.66065,66.8431,67.20863,76.38063,71.58911,72.20111,71.8401,79.02531,73.43024,66.18912,68.02941,65.76473,64.2573,56.85948,58.82176,57.97413,59.66574,52.61179,52.61179,53.46027,45.27693,43.01163,40.0,41.01219,40.11234,32.14032,32.38827,32.24903,27.16616,27.20294,26.1725,25.96151,23.76973,27.51363,27.73085,25.07987,27.29469,23.32381,28.30194,25.0,24.18677,26.1725,24.20744,29.73214,28.6007,30.0,36.05551,33.54102,29.96665,30.08322,29.41088,26.68333
3.16228,3.16228,2.82843,2.82843,3.16228,3.16228,4.12311,5.0,5.0,6.0,7.07107,7.0,8.0,8.0,9.0,10.0,10.04988,10.0,10.04988,11.04536,11.0,12.04159,11.0,13.0384,13.0,13.0384,14.03567,14.03567,14.03567,14.03567,13.0,14.0,14.03567,13.0384,14.0,14.0,14.03567,13.0384,13.0,13.0384,12.04159,13.0,12.0,12.04159,11.0,11.0,11.0,11.0,11.0,11.0,11.04536,11.04536,27.45906,24.0,24.02082,19.23538,15.29706,13.15295,10.81665,11.40175,17.49286,21.47091,19.23538,21.58703,27.29469,32.14032,33.01515,37.05401,41.01219,44.10215,39.20459,51.08816,57.0,55.08176,56.0803,56.32051,58.21512,63.28507,62.28965,66.06815,64.00781,72.06247,67.02984,74.06079,68.06614,81.09871,70.11419,74.06079,74.02702,71.34424,70.21396,70.45566,68.02941,72.44308,74.06079,70.11419,70.85901,68.35934,68.593,63.12686,63.63961,61.52235,60.67125,58.0517,57.07889,58.21512,62.03225,58.30952,62.0967,65.78754,69.31811,63.97656,67.60178,65.19202,74.06079,70.29225,70.17834,73.66139,74.24958,75.69016,72.12489,74.96666,68.41053,67.23095,62.64982,66.7308,58.18075,56.79789,56.04463,52.88667,52.88667,49.72927,46.48656,42.72002,40.02499,34.05877,33.0,28.01785,33.73426,27.29469,25.01999,25.63201,22.2036,20.61553,19.10497,20.24846,20.88061,14.86607,19.23538,18.38478,21.47091,23.43075,20.51828,22.84732,24.18677,25.4951,23.08679,23.19483,29.15476,32.57299,28.86174,33.24154,25.17936,32.06244,34.05877,27.01851
2.23607,2.23607,1.0,1.0,1.0,2.0,3.16228,3.16228,4.12311,4.12311,5.09902,6.32456,7.07107,7.07107,8.06226,9.21954,9.21954,9.21954,10.19804,10.19804,10.04988,11.18034,11.04536,12.36932,12.16553,12.16553,13.15295,13.15295,14.31782,13.34166,13.15295,13.15295,13.15295,13.15295,13.15295,13.15295,14.14214,13.15295,12.16553,12.16553,12.16553,12.16553,12.16553,11.18034,11.18034,10.19804,11.18034,11.18034,10.19804,11.18034,11.04536,11.04536,23.85372,22.02272,24.08319,20.59126,13.60147,14.86607,13.60147,5.38516,11.40175,12.36932,14.31782,17.11724,26.0,27.16616,32.24903,34.05877,40.0125,40.0,41.04875,49.09175,53.08484,50.01,51.0098,55.03635,54.0,60.0,61.03278,62.03225,64.0,71.34424,68.02941,71.0,67.18631,70.34913,68.11755,68.00735,71.25307,70.03571,73.10951,73.10951,74.24284,71.00704,71.00704,68.06614,65.00769,75.05998,70.11419,65.27634,60.03332,60.20797,62.03225,62.20129,63.3877,62.00806,62.07254,61.03278,60.40695,57.27128,56.93856,60.53924,59.07622,61.84658,62.24147,59.03389,65.76473,68.62215,62.482,69.63476,63.60031,63.41136,61.05735,52.39275,57.69749,53.7122,51.86521,46.09772,46.61545,44.27189,41.78516,39.84972,36.40055,32.98485,34.20526,28.01785,27.07397,25.17936,19.0263,19.10497,17.02939,15.0,11.7047,13.60147,9.05539,8.48528,8.60233,9.89949,11.18034,13.89244,12.20656,17.11724,18.11077,16.03122,22.0,22.02272,25.07987,23.08679,26.30589,27.29469,27.29469,26.24881,29.41088,32.64966,28.23119,32.89377
3.16228,2.0,1.0,1.41421,1.0,2.0,2.23607,4.12311,4.47214,4.47214,5.38516,6.7082,6.7082,7.61577,8.544,8.94427,9.84886,9.84886,9.84886,10.77033,11.18034,11.18034,12.08305,12.52996,13.41641,13.41641,13.89244,14.31782,15.26434,13.89244,14.31782,15.26434,13.89244,13.89244,14.76482,13.89244,14.76482,14.31782,13.41641,13.41641,13.0,14.31782,13.0384,12.52996,12.52996,11.6619,12.52996,11.6619,11.6619,11.6619,12.08305,12.08305,24.75884,19.84943,19.84943,16.40122,18.02776,7.81025,4.24264,4.12311,5.09902,10.19804,10.44031,20.39608,23.5372,28.16026,31.57531,36.13862,40.4475,40.4475,40.60788,48.05206,49.0408,53.60037,48.50773,55.22681,57.07889,62.64982,64.62971,67.08204,69.2315,71.80529,73.34848,70.85901,68.65858,71.06335,74.72617,72.99315,74.95332,75.18643,76.48529,78.63841,74.73286,78.64477,78.1025,78.44743,72.00694,79.83107,72.56721,75.96052,64.62971,66.91039,67.46851,65.51336,71.30919,70.83078,64.7611,67.60178,63.28507,62.96825,60.21628,62.42596,64.03124,66.48308,62.28965,65.06919,67.47592,69.6563,68.41053,65.21503,66.61081,63.82006,64.66065,59.16925,61.7171,53.33854,52.80152,46.09772,47.53946,43.46263,44.38468,40.8534,37.44329,36.24914,31.38471,27.313,24.16609,22.84732,20.12461,15.81139,17.08801,12.20656,5.83095,13.0,8.48528,6.7082,3.16228,3.60555,3.0,5.38516,11.18034,8.60233,12.80625,12.04159,21.40093,18.43909,16.97056,16.64332,26.40076,22.80351,23.34524,33.01515,26.1725,26.07681,28.6007,29.0
1.41421,1.41421,2.0,2.23607,2.82843,3.60555,3.60555,4.47214,5.83095,5.38516,6.32456,7.28011,8.24621,8.24621,8.24621,9.48683,9.48683,10.44031,10.44031,10.44031,11.40175,11.7047,11.40175,12.64911,13.34166,13.60147,13.92839,13.92839,14.31782,14.31782,13.92839,14.31782,14.76482,14.31782,14.76482,14.31782,14.86607,13.92839,14.31782,14.31782,14.31782,13.41641,13.41641,12.52996,12.52996,12.20656,12.52996,12.52996,12.52996,12.52996,13.0,12.08305,15.0,16.27882,15.0,10.0,9.05539,6.40312,8.06226,15.0333,11.6619,16.64332,20.51828,22.2036,24.59675,26.92582,33.52611,32.69557,37.69615,42.44997,45.22168,44.64303,54.08327,45.35416,50.56679,55.02727,56.921,60.74537,57.56735,63.56886,65.14599,70.68239,61.03278,70.2282,63.60031,73.92564,63.97656,68.15424,75.76939,76.05919,76.6942,67.97794,70.66116,74.84651,72.44998,71.11962,73.82412,68.88396,72.23573,66.7308,68.0,68.0,64.3506,62.42596,65.0,62.64982,65.76473,65.29931,61.7414,61.68468,55.97321,59.48109,67.44627,62.16912,67.08204,62.80127,64.93843,72.18033,65.19202,66.06815,64.38167,70.45566,63.12686,61.0,57.00877,65.00769,50.15974,53.00943,51.15662,46.0,49.0408,40.11234,44.04543,42.0119,35.0571,34.05877,29.0,27.0,30.26549,17.26268,22.2036,20.09975,15.52417,14.21267,10.81665,10.81665,9.48683,5.83095,8.24621,4.24264,2.82843,4.12311,7.07107,10.04988,10.04988,11.40175,14.03567,11.7047,14.0,17.0,16.12452,18.68154,17.08801,24.73863,23.5372,20.61553
2.23607,2.23607,3.16228,4.12311,4.47214,5.38516,6.32456,6.32456,7.28011,7.28011,8.544,8.24621,9.48683,9.48683,9.48683,10.44031,10.44031,10.44031,11.40175,11.40175,11.7047,11.7047,11.40175,12.36932,13.34166,13.34166,13.15295,14.31782,15.13275,14.03567,13.34166,14.14214,14.14214,14.14214,14.14214,14.14214,15.29706,14.31782,13.15295,13.34166,13.34166,13.15295,13.15295,12.16553,12.16553,12.16553,12.16553,11.18034,11.18034,11.18034,11.18034,11.40175,10.29563,7.0,6.32456,12.72792,13.89244,15.55635,15.81139,20.0,20.0,25.80698,29.52965,34.4093,38.07887,37.20215,33.83785,43.909,47.43416,47.43416,53.0,54.3783,53.82379,56.85068,50.60632,58.41233,56.22277,60.46487,60.0,61.29437,69.46222,69.31811,67.23095,68.42514,65.29931,71.55418,74.84651,68.09552,74.70609,72.23573,73.57309,75.15318,77.87811,72.89719,70.23532,69.77105,69.46222,72.89719,65.8635,70.66116,59.03389,60.82763,62.6099,62.76942,62.64982,60.37384,60.00833,59.05929,60.20797,59.03389,56.63921,59.4138,63.63961,65.05382,60.959,60.81118,62.20129,71.02816,61.40033,63.63175,64.63745,68.60029,65.36819,59.03389,62.64982,61.26989,59.05929,53.22593,54.58938,53.22593,57.24509,48.46648,47.01064,43.46263,45.17743,39.92493,36.68787,37.36308,33.52611,28.23119,30.08322,24.69818,21.54066,21.54066,21.18962,22.36068,17.72005,17.46425,15.29706,15.81139,13.60147,13.15295,16.12452,10.77033,15.13275,11.18034,8.94427,7.28011,9.21954,7.0,8.94427,11.31371,10.0,7.81025,10.81665,9.21954
5.0,5.0,5.0,5.0,5.83095,5.38516,6.32456,6.32456,7.28011,7.07107,8.24621,9.21954,9.21954,10.19804,9.21954,11.04536,11.04536,11.18034,11.04536,12.04159,12.04159,12.04159,12.04159,13.0384,13.0384,13.0384,14.0,14.03567,15.0,14.0,14.03567,15.0,15.0,14.0,15.0333,15.0333,15.13275,14.14214,14.14214,13.15295,13.15295,13.15295,13.15295,12.16553,12.16553,12.04159,12.16553,12.16553,11.18034,11.18034,11.40175,11.7047,28.01785,29.27456,25.4951,22.13594,22.56103,23.25941,22.67157,19.84943,24.20744,24.69818,27.85678,32.01562,40.80441,39.92493,41.4367,43.17407,47.29693,50.96077,51.24451,54.91812,61.18823,58.24946,58.21512,57.07013,59.66574,61.98387,64.93843,64.49806,69.42622,71.70077,69.87131,71.70077,72.56032,74.8131,71.11259,70.5762,70.25667,76.23647,76.68768,76.94154,78.91768,75.96052,75.50497,78.64477,69.2315,72.78049,66.94027,72.18033,58.69412,61.84658,65.96969,61.84658,63.50591,61.68468,59.13544,62.39391,62.16912,48.60041,48.10405,46.8615,50.93133,50.60632,48.01042,51.40039,52.20153,60.74537,56.82429,52.20153,55.4617,56.36488,53.45091,53.60037,51.97115,51.97115,49.25444,42.19005,47.09565,44.01136,45.54119,41.4367,38.47077,40.26164,35.35534,32.28002,34.48188,30.41381,27.73085,26.92582,25.23886,24.20744,21.93171,21.93171,25.0,24.83948,23.02173,20.80865,23.43075,19.23538,21.93171,25.4951,25.94224,24.69818,31.62278,26.92582,27.89265,29.61419,29.12044,29.83287,26.68333,28.28427,30.06659,34.23449,34.1321,34.23449
4.47214,4.47214,4.12311,5.09902,4.0,5.09902,5.38516,5.38516,6.32456,6.7082,7.2111,8.60233,8.60233,8.60233,9.43398,10.0,10.0,10.0,10.63015,10.81665,10.81665,11.40175,10.81665,12.04159,12.80625,12.80625,13.45362,14.21267,14.21267,14.14214,13.45362,14.21267,14.21267,14.21267,13.60147,13.60147,15.0,13.60147,13.60147,13.60147,13.0384,13.0384,13.0384,12.20656,11.6619,10.81665,11.6619,11.6619,10.81665,11.6619,11.18034,10.77033,38.01316,29.20616,31.1127,31.40064,28.42534,22.02272,28.30194,27.20294,24.04163,28.28427,26.01922,31.06445,38.11824,36.49658,38.47077,43.08132,44.92215,50.69517,48.27007,51.5461,60.40695,55.08176,56.46238,59.46427,57.00877,61.03278,61.09828,66.64083,68.44706,75.591,69.77822,74.84651,67.1193,78.26238,73.82412,77.82031,77.38863,77.07788,80.41144,78.18568,76.15773,77.25283,76.6942,78.43469,78.1089,74.94665,74.04053,73.05477,68.68042,67.44627,65.51336,65.25335,65.0,64.53681,65.73431,63.15061,61.66036,41.10961,46.32494,43.73786,48.6621,47.26521,48.09366,46.04346,48.16638,48.25971,48.25971,48.6621,47.85394,52.39275,47.92703,50.56679,45.48626,46.64762,41.88078,41.6173,38.20995,34.71311,39.05125,32.80244,36.40055,33.12099,27.73085,28.23119,27.20294,22.2036,25.17936,21.2132,24.33105,23.4094,20.24846,21.0238,21.9545,18.35756,24.59675,19.84943,24.69818,26.90725,24.20744,29.20616,29.20616,30.41381,31.40064,36.23534,31.241,35.80503,36.23534,39.05125,39.69887,40.36087,40.80441,43.56604,43.82921,34.82815
6.08276,6.08276,5.38516,4.47214,5.0,4.24264,5.0,5.83095,5.38516,6.32456,7.28011,8.24621,8.06226,9.05539,9.21954,11.04536,10.04988,11.04536,11.04536,11.04536,11.04536,12.0,12.04159,13.0384,14.0,14.0,14.03567,15.0,15.0,15.0333,14.0,15.0,15.0,15.0,15.0,16.0,16.03122,15.0333,15.0333,15.0333,14.03567,15.0333,14.14214,13.0384,14.03567,13.0384,13.15295,13.15295,13.15295,13.15295,12.36932,12.36932,44.29447,43.86342,35.44009,34.48188,36.87818,31.62278,33.13608,25.01999,23.08679,27.51363,27.20294,26.40076,34.71311,34.20526,36.40055,36.23534,48.02083,46.14109,43.41659,52.83938,56.921,55.4617,55.02727,57.00877,62.64982,66.48308,62.24147,72.12489,68.15424,72.42237,75.61085,73.73602,73.05477,74.04053,76.15773,70.83784,80.08121,84.11896,83.38465,80.36168,82.8734,82.46211,80.77747,84.58132,77.82031,80.95678,78.26238,79.70571,72.01389,72.89719,73.82412,66.64833,70.3278,66.57327,69.97142,70.0,68.88396,49.47727,49.24429,50.08992,53.03772,51.0392,52.23983,51.35173,51.97115,53.15073,49.33559,52.55473,50.32892,53.48832,45.17743,46.61545,41.23106,41.40048,39.05125,33.97058,31.82766,26.24881,27.45906,24.83948,20.61553,19.69772,13.89244,10.44031,9.0,9.48683,8.60233,5.09902,6.08276,11.0,10.19804,14.86607,13.60147,15.13275,19.31321,20.12461,23.5372,26.92582,31.01612,28.16026,30.67572,29.41088,31.62278,34.17601,37.64306,32.57299,37.36308,42.37924,41.10961,47.16991,40.31129,47.07441,46.09772,50.32892
7.07107,6.08276,5.0,5.0,4.12311,4.12311,4.47214,4.24264,4.24264,5.0,5.83095,6.32456,6.32456,7.28011,7.28011,9.21954,9.21954,9.21954,9.05539,10.04988,10.19804,11.04536,11.18034,12.0,12.04159,12.04159,13.0,14.0,14.0,14.03567,14.0,14.0,15.0,14.03567,15.0,15.0333,15.0333,14.14214,14.03567,14.14214,14.14214,14.03567,14.14214,13.15295,13.15295,12.16553,12.16553,12.36932,12.36932,12.36932,12.64911,11.7047,40.22437,38.28838,33.12099,36.71512,32.69557,31.32092,23.4094,22.80351,19.23538,20.39608,21.18962,22.47221,24.69818,24.75884,26.87006,31.62278,38.01316,40.70626,38.91015,47.50789,51.42956,47.41308,51.86521,52.55473,54.12947,60.53924,61.09828,62.64184,65.55151,69.12308,65.25335,71.47027,67.77905,73.24616,70.40597,71.16881,71.8401,76.15773,77.49194,77.49194,78.16009,76.32169,80.32434,79.47956,77.87811,79.62412,74.09453,71.55418,72.47068,68.42514,70.21396,67.1193,71.55418,64.88451,66.37017,65.19202,67.00746,52.46904,56.0357,52.03845,55.14526,54.45181,54.91812,50.9902,54.45181,58.24088,52.20153,50.59644,52.20153,53.48832,46.52956,42.19005,39.40812,38.83298,37.44329,34.98571,30.4795,27.65863,26.90725,24.83948,17.80449,15.6205,13.0384,10.0,6.32456,2.82843,4.47214,1.0,3.60555,5.83095,11.31371,13.0384,14.21267,16.64332,17.20465,17.02939,19.10497,26.1725,25.4951,25.4951,32.20248,30.61046,25.0,32.01562,36.61967,32.01562,32.24903,34.82815,40.81666,40.22437,38.01316,45.79301,43.41659,42.54409
4.47214,4.12311,3.16228,3.0,3.16228,2.23607,2.82843,3.60555,3.60555,4.47214,5.38516,6.08276,6.08276,7.07107,7.28011,9.05539,9.05539,9.05539,9.05539,10.04988,10.19804,11.04536,11.04536,12.0,12.04159,13.0,14.0,14.03567,15.0,14.0,14.03567,15.0333,15.0333,15.0333,15.0,15.0333,16.12452,15.13275,15.13275,14.14214,14.14214,15.13275,15.29706,13.15295,13.34166,13.15295,13.34166,12.36932,12.64911,12.64911,12.64911,11.7047,30.0,31.06445,33.83785,23.85372,27.45906,23.85372,20.12461,19.64688,15.13275,15.29706,17.08801,15.6205,21.93171,22.02272,26.92582,27.73085,36.05551,38.8973,37.94733,42.72002,48.50773,46.48656,44.64303,52.20153,56.61272,58.24088,55.54278,59.84146,64.32729,66.48308,65.37584,70.03571,67.91171,76.79193,69.26038,76.48529,80.89499,77.64664,80.04998,81.7435,75.13322,82.0061,77.36924,81.0432,81.0432,80.36168,82.2253,75.43209,69.64194,68.68042,71.8401,69.12308,70.21396,65.55151,63.15853,65.39113,69.77105,59.3043,59.4138,54.81788,56.61272,53.75872,56.32051,56.0803,55.9464,63.15853,55.03635,58.18075,55.07268,55.47071,53.85165,50.80354,44.41846,48.54894,40.22437,38.60052,35.0,30.01666,32.80244,28.30194,27.313,22.47221,21.54066,18.97367,15.65248,9.48683,11.18034,8.94427,11.40175,10.29563,10.0,13.92839,12.16553,16.27882,18.0,16.12452,18.24829,22.36068,23.76973,24.16609,25.05993,29.96665,34.43835,27.73085,31.76476,31.90611,32.20248,27.65863,32.64966,37.80212,30.4795,41.7732,35.35534,31.1127
6.32456,5.09902,5.09902,4.12311,4.0,3.16228,3.60555,3.60555,3.60555,4.47214,4.47214,5.09902,6.08276,7.07107,7.07107,9.05539,9.0,9.0,10.0,10.0,11.0,12.0,11.0,13.0,13.0,13.0384,14.03567,15.0333,15.0333,15.13275,15.0333,15.0333,15.0333,15.0333,16.03122,16.0,16.03122,15.0333,15.0,15.0333,14.03567,15.0,15.0333,14.0,14.03567,13.0,13.0384,13.0384,13.0384,13.0384,12.16553,12.16553,44.65423,44.94441,40.31129,34.53983,31.76476,29.54657,25.96151,24.04163,21.09502,18.11077,19.64688,17.69181,19.10497,19.79899,22.47221,29.15476,28.4605,33.24154,31.04835,41.59327,47.67599,45.89118,51.0098,52.15362,54.74486,59.13544,57.42822,63.3877,66.61081,70.00714,67.36468,67.18631,72.24957,78.0,73.0,74.43118,77.05842,80.025,80.1561,81.02469,79.0,84.0119,81.49847,79.42921,78.63841,79.76215,74.33034,77.78175,67.60178,69.2315,68.73136,65.76473,68.88396,64.03124,66.21933,66.21933,64.2573,58.07753,53.08484,57.14018,60.53098,61.0,60.16644,60.16644,56.921,65.0,63.69458,58.60034,51.47815,55.54278,52.35456,50.24938,50.24938,43.41659,42.2019,36.89173,33.61547,32.44996,31.62278,23.85372,27.20294,22.80351,15.26434,14.42221,10.44031,5.38516,6.0,2.82843,5.38516,8.06226,6.7082,11.7047,15.23155,18.35756,20.61553,18.60108,24.08319,22.62742,27.65863,30.41381,31.82766,31.241,33.24154,33.6006,36.79674,35.60899,40.36087,38.41875,42.2019,43.41659,39.44617,46.32494,43.26662,41.67733
7.07107,7.28011,5.38516,5.09902,4.47214,3.60555,3.60555,2.82843,3.16228,3.0,4.12311,4.12311,5.38516,5.38516,6.7082,7.2111,7.2111,8.06226,8.60233,9.43398,10.0,10.0,10.0,11.40175,12.04159,12.04159,12.04159,14.21267,14.21267,14.14214,12.80625,14.21267,14.21267,13.60147,14.21267,15.0,15.0,14.42221,13.0384,13.0384,13.0384,13.0384,13.0384,12.20656,12.52996,11.6619,12.52996,11.6619,11.18034,11.18034,11.18034,10.77033,40.1995,46.27094,42.2019,38.47077,36.0,34.23449,33.37664,24.73863,22.36068,16.12452,17.69181,16.12452,20.61553,18.02776,22.09072,25.96151,33.52611,32.31099,32.20248,38.91015,43.82921,43.38202,46.32494,51.0,49.64877,58.30952,59.16925,62.42596,63.13478,68.24222,64.40497,69.06519,70.21396,73.60027,71.21798,72.94518,73.81734,74.4043,80.26207,75.71658,81.8352,79.40403,74.43118,82.37718,70.71068,78.77182,74.24284,74.30343,69.31811,63.06346,67.08204,62.6099,62.17717,63.15853,63.15853,61.84658,64.56005,53.15073,53.60037,55.80323,57.42822,56.30275,55.4617,54.56189,54.78138,54.626,55.36244,55.36244,49.0306,54.81788,48.83646,46.52956,42.42641,39.45884,38.20995,34.05877,35.0571,29.0,28.0,21.0238,16.12452,17.46425,17.02939,7.07107,10.04988,1.41421,1.41421,6.40312,8.06226,11.18034,14.31782,15.13275,17.26268,23.34524,22.80351,25.07987,31.257,29.61419,35.0,33.13608,33.06055,36.12478,37.05401,42.04759,43.0,44.04543,41.04875,47.01064,42.19005,46.01087,42.19005,51.78803,50.80354,45.27693
7.2111,5.83095,5.38516,5.38516,4.12311,3.0,3.16228,3.16228,3.60555,3.60555,5.0,5.38516,6.32456,7.28011,7.28011,9.21954,9.05539,9.21954,10.04988,10.04988,11.04536,12.04159,11.18034,13.0384,13.15295,14.03567,14.0,14.03567,15.0333,15.0,14.03567,15.0,15.0,15.0,16.0,15.0333,16.12452,15.13275,15.13275,15.0333,15.13275,15.13275,14.14214,13.15295,13.0384,13.0,13.0384,13.0384,13.15295,13.15295,12.36932,12.36932,43.86342,43.08132,45.31004,40.8534,39.44617,35.1141,30.08322,24.35159,23.08679,15.0,17.0,17.0,17.88854,20.59126,21.18962,25.4951,31.40064,35.0571,35.0,42.04759,50.48762,48.09366,50.24938,56.56854,57.31492,62.28965,61.07373,71.02112,73.33485,68.88396,68.06614,72.83543,72.56032,75.18643,75.96052,77.92946,80.77747,79.30952,80.89499,76.48529,81.3941,82.49242,79.51101,83.60024,77.64664,80.75271,79.22752,76.79193,72.33948,71.84706,70.25667,69.72087,66.61081,68.26419,70.00714,69.00725,66.27217,56.0803,54.23099,55.08176,57.21888,57.21888,58.54912,58.13777,54.12947,59.43904,57.56735,55.36244,52.55473,51.62364,49.24429,45.18849,43.82921,43.86342,36.05551,37.58989,31.38471,28.6531,26.62705,23.25941,20.0,14.86607,11.6619,7.2111,6.08276,1.0,3.16228,5.83095,13.45362,14.86607,15.55635,20.51828,23.60085,24.08319,29.69848,29.69848,33.24154,30.41381,37.44329,37.20215,39.82462,36.61967,45.17743,44.94441,42.72002,41.67733,47.43416,44.94441,45.79301,48.02083,46.52956,50.60632,46.51881,46.61545
5.83095,5.38516,4.47214,3.16228,3.16228,2.0,1.0,1.0,2.0,2.23607,3.16228,4.47214,5.38516,5.38516,6.32456,8.06226,8.06226,8.06226,8.94427,9.84886,9.84886,10.29563,9.84886,11.18034,12.08305,12.52996,13.0384,13.41641,13.89244,13.0384,13.41641,13.89244,13.89244,13.89244,13.89244,13.89244,14.76482,14.31782,13.89244,13.41641,13.0,14.31782,13.41641,12.52996,12.08305,11.6619,12.08305,12.08305,12.08305,12.08305,11.7047,11.7047,43.26662,35.60899,41.62932,32.75668,31.76476,26.62705,19.69772,19.41649,13.0384,8.0,10.04988,12.20656,15.23155,16.15549,19.0,25.70992,31.257,29.42788,36.34556,36.22154,47.26521,43.41659,49.24429,55.7315,49.64877,56.56854,52.17279,61.84658,63.15061,69.92138,64.28841,72.03471,62.93648,75.28612,64.51356,75.69016,75.0,79.05694,74.2159,78.84795,72.8011,73.75636,78.58753,82.71034,82.37718,71.58911,74.33034,70.61161,68.65858,63.56099,66.70832,63.06346,70.0928,60.20797,66.09841,63.50591,63.03174,54.08327,56.14268,52.08647,55.44367,51.78803,55.54278,52.20153,50.92151,60.40695,47.16991,50.9902,48.75449,50.9902,47.88528,46.14109,38.83298,39.82462,30.23243,30.88689,29.41088,26.41969,23.70654,18.02776,14.76482,14.86607,11.40175,6.0,2.23607,1.41421,5.38516,8.48528,13.0,16.64332,20.24846,22.47221,23.60085,24.20744,27.80288,30.41381,35.60899,37.80212,38.94868,39.62323,41.03657,41.03657,43.18565,46.69047,43.13931,46.01087,43.13931,42.52058,45.0,50.44799,38.60052,49.73932,51.31277,45.27693
5.83095,5.0,5.0,3.60555,2.23607,2.23607,1.0,1.41421,2.0,2.0,3.0,4.12311,5.09902,5.09902,6.08276,7.61577,7.28011,7.61577,8.544,8.544,9.48683,9.84886,9.48683,11.18034,11.7047,12.08305,12.08305,12.08305,12.52996,13.41641,13.41641,13.41641,13.89244,13.41641,13.89244,13.41641,14.31782,13.41641,13.41641,13.0,13.41641,13.41641,13.41641,12.08305,12.08305,11.6619,11.18034,11.18034,12.08305,12.08305,11.7047,11.40175,40.45986,38.60052,33.83785,34.4093,30.80584,25.94224,20.0,17.0,9.84886,10.29563,7.81025,11.18034,13.34166,15.52417,22.09072,23.76973,32.98485,32.98485,36.13862,41.0,51.1957,46.57252,46.17359,49.24429,54.34151,54.57105,55.08176,62.76942,64.28841,69.64194,63.60031,67.72001,66.09841,73.38937,68.54196,76.844,74.84651,79.70571,80.95678,80.77747,80.77747,80.65358,76.53757,86.03488,77.20104,78.33901,74.72617,76.24303,68.96376,71.47027,69.64194,67.35726,66.40783,66.48308,67.05222,66.91039,67.08204,54.33231,55.22681,53.33854,55.9017,55.10898,54.78138,55.08176,49.39636,57.24509,54.23099,58.59181,51.0,57.70615,51.10773,44.65423,44.20407,39.11521,36.40055,29.41088,29.41088,24.20744,26.92582,19.79899,16.12452,16.40122,7.28011,8.06226,4.12311,6.32456,5.38516,7.81025,14.31782,13.41641,18.43909,23.32381,25.07987,26.07681,27.45906,32.75668,36.61967,39.66106,41.10961,39.05125,40.60788,36.87818,40.49691,42.80187,46.01087,43.18565,41.72529,42.42641,45.96738,45.96738,42.63801,45.45327,46.40043,47.42362
4.47214,3.60555,2.23607,2.23607,1.0,0.0,1.0,2.0,3.0,3.16228,4.0,5.09902,6.08276,6.08276,7.07107,8.06226,8.24621,8.06226,8.06226,9.21954,9.21954,10.19804,10.19804,10.44031,11.40175,11.40175,11.7047,12.64911,13.0,13.0,12.64911,13.92839,14.31782,13.92839,14.31782,13.92839,14.86607,13.60147,13.92839,13.92839,12.64911,13.60147,13.92839,12.08305,12.08305,12.08305,11.7047,11.7047,11.7047,11.7047,11.40175,11.40175,27.89265,24.16609,23.4094,20.39608,17.46425,15.23155,16.15549,5.09902,2.0,4.24264,5.38516,17.11724,18.11077,20.0,27.16616,27.01851,31.14482,38.01316,38.11824,45.39824,48.25971,48.01042,46.69047,55.3263,53.08484,58.07753,58.07753,60.82763,64.77654,69.63476,65.11528,68.88396,70.83078,72.53275,69.07966,71.38627,77.16217,77.88453,77.87811,82.28001,82.56513,79.07591,78.8543,84.20214,80.41144,78.58753,71.06335,79.42921,67.46851,68.41053,72.53275,69.12308,69.37579,69.63476,66.48308,68.65858,64.12488,56.72742,54.67175,55.0,57.98276,57.70615,53.0,53.7122,51.88449,60.83584,54.78138,52.20153,48.8467,56.0803,49.0408,47.80167,45.22168,37.0,38.07887,34.9285,30.08322,28.63564,29.12044,22.84732,18.97367,18.35756,13.89244,8.60233,7.2111,2.0,7.07107,7.61577,9.43398,11.40175,14.56022,20.24846,26.24881,24.73863,27.29469,23.08679,32.14032,28.44293,32.01562,32.55764,36.0,34.1321,32.14032,30.01666,34.0147,36.05551,35.12834,33.13608,30.59412,34.1321,29.61419,33.24154,31.95309,32.31099
2.82843,1.0,1.0,1.0,1.0,1.41421,2.82843,3.60555,4.24264,5.0,5.83095,6.40312,7.2111,7.2111,8.06226,10.0,9.21954,9.43398,10.0,10.81665,11.6619,11.40175,11.6619,12.80625,12.80625,13.60147,14.21267,15.0,14.21267,14.86607,14.21267,15.6205,15.6205,15.6205,15.6205,15.6205,16.40122,15.0,15.0,15.0,14.42221,15.0,15.0,13.60147,13.60147,12.80625,13.0384,12.80625,13.60147,13.0384,12.52996,11.6619,19.41649,18.86796,14.86607,14.86607,11.6619,7.07107,3.60555,1.0,6.32456,11.40175,12.80625,18.86796,23.43075,26.62705,28.84441,34.65545,35.60899,42.72002,44.40721,49.64877,54.20332,54.3783,53.60037,58.60034,57.45433,64.07027,61.85467,67.47592,70.21396,69.35416,66.70832,76.05919,72.34639,81.3941,75.82216,77.98718,77.83315,82.02439,80.1561,82.32861,80.65978,84.50444,79.02531,83.45058,82.32861,84.81156,81.68843,76.57676,72.20111,66.4003,73.00685,71.40028,69.52697,67.00746,69.6563,66.37017,65.8635,50.69517,53.45091,47.75982,57.93962,50.9902,55.56978,55.07268,53.85165,58.18075,51.31277,52.69725,51.61395,53.60037,47.50789,43.84062,43.13931,43.27817,36.79674,34.65545,30.4795,24.75884,28.42534,23.34524,21.93171,15.81139,12.20656,9.21954,9.84886,4.12311,4.12311,3.0,5.09902,10.44031,11.40175,16.12452,15.81139,16.49242,23.08679,22.84732,23.76973,25.29822,25.29822,22.84732,25.05993,26.92582,26.62705,25.94224,26.07681,24.59675,22.80351,23.32381,23.34524,23.60085,20.51828,27.29469,20.24846,26.40076
2.23607,2.0,1.0,1.0,1.0,2.23607,3.16228,3.60555,4.47214,4.47214,5.83095,5.83095,6.7082,7.2111,8.06226,8.60233,8.60233,9.43398,10.0,10.0,9.43398,10.81665,10.81665,11.40175,12.20656,12.80625,13.45362,13.60147,14.86607,12.72792,13.45362,14.21267,14.86607,14.86607,14.21267,14.14214,15.0,14.21267,14.21267,13.60147,12.80625,13.60147,13.60147,12.80625,12.80625,12.04159,12.80625,12.20656,11.40175,12.20656,11.6619,11.6619,17.02939,15.0,13.41641,12.04159,10.63015,4.0,2.23607,6.0,8.06226,15.0333,16.76305,22.36068,30.06659,29.61419,30.06659,37.65634,45.09989,42.2019,46.69047,49.49747,56.7186,52.34501,50.44799,58.0517,60.01666,67.08204,61.98387,65.0,68.88396,74.33034,71.56815,76.53757,73.24616,78.16009,76.6942,76.40026,81.59657,80.77747,80.08121,84.11896,78.18568,83.67795,85.44004,84.77028,81.02469,79.81228,77.12976,80.28076,73.5459,66.09841,74.46476,68.00735,70.34202,69.63476,65.51336,68.44706,66.61081,53.07542,52.63079,49.20366,51.86521,53.60037,53.0,51.47815,53.33854,55.00909,51.42956,53.48832,50.56679,52.80152,51.26402,45.12206,40.26164,45.54119,39.29377,38.60052,33.24154,27.85678,32.55764,26.57066,23.08679,19.0263,18.38478,12.16553,10.0,5.09902,6.7082,2.23607,3.16228,7.07107,8.06226,8.06226,15.0,12.04159,15.0,15.29706,20.09975,20.22375,18.02776,20.09975,20.02498,16.49242,16.03122,19.0263,16.76305,21.58703,18.78829,10.81665,18.02776,17.0,19.20937,23.43075,18.60108,16.64332
2.23607,1.41421,2.0,2.0,3.16228,3.16228,4.47214,5.38516,5.38516,6.7082,7.61577,8.06226,8.94427,8.94427,9.84886,11.18034,11.6619,11.18034,11.6619,12.52996,12.52996,12.52996,12.52996,13.60147,14.42221,14.42221,15.0,15.81139,17.20465,15.6205,15.81139,16.40122,16.40122,17.20465,16.40122,15.81139,18.02776,16.64332,16.64332,16.64332,15.26434,15.81139,15.81139,15.0,15.81139,13.60147,14.42221,14.42221,13.60147,14.42221,13.89244,13.41641,18.02776,19.41649,14.56022,12.36932,13.34166,6.08276,3.60555,13.60147,9.0,15.13275,17.46425,25.17936,30.36445,34.71311,35.51056,46.61545,43.41659,49.76947,47.43416,55.71355,58.30952,58.5235,58.30952,62.96825,61.03278,65.0,68.35203,70.68239,73.00685,75.591,76.92204,80.06248,78.72103,83.86298,81.5414,82.29824,88.32327,86.60831,85.88364,89.06739,88.19297,91.67879,87.20665,86.83317,84.97058,87.23531,84.5281,84.07735,74.24284,76.02631,75.6439,77.41447,74.24958,75.6439,75.39231,74.32362,70.93659,53.74012,48.10405,55.44367,50.9902,48.60041,53.25411,53.41348,53.82379,58.5235,54.58938,56.35601,49.39636,51.0,52.0,47.43416,47.75982,44.38468,38.8973,36.68787,35.44009,31.32092,32.01562,25.70992,25.07987,21.2132,19.92486,16.15549,9.48683,12.04159,4.47214,4.47214,2.23607,6.08276,5.09902,8.06226,12.16553,12.64911,11.04536,15.0333,17.02939,17.02939,13.92839,18.24829,17.46425,12.36932,14.14214,14.31782,14.21267,12.52996,9.89949,13.89244,13.41641,17.80449,17.80449,20.0,20.24846,27.51363
2.23607,1.41421,1.41421,2.0,2.0,2.0,3.16228,4.47214,4.47214,5.0,5.83095,6.40312,7.2111,7.81025,8.60233,9.21954,9.21954,9.21954,9.89949,10.0,10.81665,12.04159,10.63015,11.31371,12.04159,12.72792,12.72792,14.14214,14.86607,14.21267,13.45362,14.14214,14.14214,14.14214,14.86607,14.14214,14.86607,14.86607,14.86607,14.86607,13.45362,14.21267,13.45362,12.72792,12.80625,12.04159,12.80625,12.04159,11.40175,11.40175,12.20656,11.6619,23.19483,21.0,17.02939,15.0333,14.31782,13.45362,7.61577,12.16553,15.29706,14.14214,20.12461,22.47221,26.92582,31.90611,35.34119,36.61967,45.69464,45.65085,48.25971,54.40588,54.81788,58.83026,55.31727,60.44005,60.0,66.21933,68.24222,69.2026,70.72482,76.6942,73.24616,75.0733,76.48529,77.78175,77.78175,75.74299,82.75869,82.03658,84.50444,83.45058,87.69265,86.60831,86.40023,87.80091,78.60025,90.42677,78.74643,83.73769,73.87828,71.44928,74.27651,74.27651,69.52697,72.62231,68.7968,71.56116,68.96376,51.47815,46.61545,49.39636,48.54894,50.80354,51.08816,47.20169,50.20956,53.15073,53.15073,54.20332,49.20366,52.43091,49.92995,40.31129,44.41846,42.72002,42.48529,35.51056,32.64966,32.31099,29.83287,24.5153,29.27456,23.34524,20.39608,18.02776,14.03567,14.14214,8.94427,6.40312,10.81665,6.7082,9.21954,9.0,8.94427,11.18034,12.72792,10.29563,12.20656,7.81025,12.08305,10.63015,14.76482,14.76482,8.24621,12.16553,14.0,13.0384,15.0,16.03122,18.11077,22.09072,18.68154,22.09072,21.37756,21.09502
3.0,3.16228,2.23607,2.82843,3.60555,4.47214,4.47214,5.38516,6.32456,7.28011,7.61577,8.24621,9.48683,9.21954,10.44031,11.40175,11.40175,11.40175,11.18034,12.36932,12.36932,13.34166,12.36932,14.14214,14.31782,15.13275,15.0333,16.12452,16.12452,16.03122,15.13275,16.12452,16.03122,16.12452,16.12452,17.11724,17.26268,16.27882,16.27882,15.13275,15.29706,16.27882,15.29706,14.31782,14.31782,13.15295,14.31782,13.34166,13.34166,13.34166,13.60147,12.64911,10.77033,12.08305,7.61577,7.61577,6.32456,4.0,6.7082,6.40312,9.21954,10.29563,9.84886,11.7047,17.46425,17.72005,18.78829,20.09975,24.69818,22.80351,23.4094,28.86174,28.44293,29.41088,28.63564,30.08322,30.67572,32.98485,34.20526,34.52535,32.75668,38.47077,36.49658,37.48333,39.45884,38.11824,41.10961,39.62323,42.19005,41.4367,41.7732,42.42641,44.40721,42.57934,44.14748,42.57934,38.83298,43.73786,37.10795,42.42641,36.13862,36.67424,36.49658,34.9285,35.90265,35.17101,33.95585,34.48188,32.89377,23.08679,20.61553,22.80351,23.34524,23.08679,21.0238,23.08679,24.0,24.02082,25.07987,23.08679,24.18677,24.18677,22.36068,20.88061,19.92486,21.18962,18.97367,16.76305,17.88854,14.31782,14.21267,12.20656,10.81665,9.89949,9.43398,7.81025,7.61577,7.28011,7.28011,4.0,3.0,4.0,4.47214,5.0,4.47214,4.12311,4.12311,6.08276,6.08276,5.09902,6.08276,5.0,6.32456,5.83095,7.2111,6.7082,6.40312,7.2111,7.07107,6.32456,9.48683,9.43398,8.94427,10.29563,12.08305,13.92839
4.24264,3.60555,4.12311,4.12311,4.0,4.12311,5.09902,5.38516,6.7082,7.2111,8.06226,8.60233,9.43398,10.0,10.81665,11.40175,10.63015,11.40175,12.04159,11.40175,12.80625,12.80625,12.80625,14.14214,14.14214,14.14214,15.55635,16.27882,16.27882,15.6205,14.86607,16.27882,16.27882,15.55635,16.27882,15.55635,16.97056,16.27882,16.27882,15.6205,14.86607,15.6205,15.55635,14.14214,14.21267,13.45362,14.21267,13.45362,12.80625,12.80625,13.0384,13.0384,34.53983,25.94224,26.07681,26.24881,23.02173,18.43909,19.69772,18.11077,21.09502,21.09502,25.31798,26.92582,34.43835,37.58989,42.54409,43.60046,49.39636,51.22499,48.8774,59.36329,60.46487,57.98276,60.60528,59.64059,60.90156,70.45566,67.20119,72.34639,70.80254,81.3941,74.51845,79.64923,80.60397,83.54639,85.56284,80.05623,83.63014,84.29116,86.83317,87.20092,89.4986,86.60831,89.02247,87.80091,85.8021,83.60024,77.10383,78.24321,76.55064,71.28113,75.21303,69.89278,71.02816,74.43118,66.03787,69.46222,69.35416,36.22154,36.13862,37.85499,37.85499,39.21734,39.56008,38.48376,35.35534,44.72136,40.0,37.64306,43.60046,38.60052,36.79674,36.76955,37.44329,40.80441,30.01666,29.41088,31.7805,27.89265,23.76973,25.4951,17.11724,19.10497,21.2132,15.81139,20.24846,18.43909,17.02939,17.69181,14.42221,18.43909,17.08801,16.12452,13.60147,20.02498,19.10497,18.02776,20.61553,19.10497,22.2036,21.09502,23.25941,25.07987,23.76973,22.84732,24.16609,22.36068,28.6531,30.01666,28.01785,29.96665,27.313,38.27532,33.6006,35.8469
4.0,3.16228,3.16228,3.60555,3.60555,4.47214,5.38516,5.38516,6.32456,6.08276,7.28011,8.24621,8.24621,9.21954,9.21954,11.18034,11.04536,11.18034,11.18034,11.18034,12.16553,12.16553,12.16553,14.03567,14.14214,14.03567,14.03567,16.12452,15.0333,15.0333,15.0333,16.03122,15.0333,15.0333,15.0333,15.13275,16.27882,15.29706,14.31782,15.13275,14.31782,14.31782,14.14214,13.15295,13.15295,12.16553,13.15295,13.15295,13.34166,12.36932,12.64911,11.7047,30.0,30.80584,28.84441,26.0,22.80351,17.26268,16.12452,17.26268,19.10497,23.02173,24.04163,31.06445,34.82815,37.58989,39.20459,46.95743,50.77401,50.11986,51.10773,54.20332,63.52952,62.17717,56.64804,61.40033,64.84597,72.47068,68.44706,73.00685,73.79024,79.37884,75.23962,77.25283,81.02469,84.15462,79.40403,77.62087,82.8734,87.59566,84.30896,86.53901,83.7735,82.8553,88.54942,91.67879,82.76473,83.64807,74.79305,83.19255,70.66116,72.89719,69.35416,72.44998,70.21396,68.96376,66.57327,66.28725,65.80274,33.61547,33.61547,34.53983,36.13862,32.89377,36.87818,34.71311,33.01515,39.05125,35.0,35.0571,34.23449,35.35534,35.90265,31.30495,31.7805,31.01612,31.38471,25.80698,25.6125,23.25941,21.63331,20.24846,18.02776,22.09072,15.0333,15.0333,18.97367,18.38478,20.61553,18.43909,18.38478,17.69181,22.62742,24.08319,21.09502,21.40093,22.47221,21.09502,23.02173,24.69818,27.20294,21.63331,25.6125,22.82542,22.67157,25.0,25.6125,30.61046,29.83287,28.6007,32.44996,34.66987,36.71512,38.41875,39.11521,30.88689
4.47214,3.60555,3.60555,3.16228,3.0,3.0,4.12311,4.12311,5.38516,5.83095,6.7082,7.2111,8.06226,8.06226,8.60233,10.0,10.0,9.43398,10.0,10.63015,11.40175,11.40175,11.40175,12.04159,12.80625,12.04159,12.72792,13.45362,14.14214,13.45362,13.45362,14.14214,14.14214,13.45362,14.14214,14.14214,14.86607,14.21267,13.45362,13.45362,12.80625,13.45362,13.45362,12.04159,11.40175,12.04159,11.40175,11.40175,11.40175,11.40175,11.6619,10.29563,37.16181,33.61547,32.24903,30.23243,26.07681,22.67157,18.35756,19.31321,21.0238,20.0,27.45906,24.59675,35.4683,35.8469,35.44009,42.43819,49.73932,49.39636,54.70832,54.08327,63.28507,57.70615,60.20797,65.80274,64.07027,70.45566,65.94695,73.66139,68.00735,79.98125,75.0733,77.98718,77.46612,81.3941,77.10383,82.32861,84.21995,87.68124,83.00602,87.9659,84.89994,85.42833,84.81156,84.20214,84.40379,82.20097,79.6304,80.80223,74.20243,70.43437,72.62231,67.47592,72.47068,65.45991,66.57327,64.3506,67.54258,27.07397,35.0,31.06445,37.85499,33.95585,34.78505,33.52611,32.89377,35.35534,34.98571,34.05877,31.14482,32.80244,34.05877,30.61046,26.41969,28.84441,26.57066,18.97367,23.5372,16.03122,21.0,18.43909,18.02776,19.23538,17.80449,17.49286,20.61553,19.72308,22.36068,20.88061,19.41649,21.58703,27.45906,25.70992,27.01851,22.0,24.08319,27.01851,27.01851,28.07134,26.30589,28.16026,25.31798,27.89265,26.40076,28.23119,29.15476,31.38471,30.8707,35.35534,35.8469,42.04759,32.57299,42.94182,41.18252,40.81666
5.83095,4.47214,4.12311,4.0,5.09902,5.09902,5.38516,5.83095,6.7082,7.2111,8.60233,9.21954,10.0,10.63015,10.63015,12.04159,11.31371,12.04159,12.72792,13.45362,13.45362,14.14214,13.45362,14.86607,15.55635,15.55635,16.27882,17.02939,17.02939,17.80449,16.27882,16.97056,16.97056,16.97056,17.69181,16.97056,17.69181,16.27882,16.27882,16.27882,16.27882,15.55635,16.27882,14.14214,14.86607,13.45362,14.21267,13.45362,13.60147,14.21267,13.60147,13.0384,36.06938,33.24154,31.89044,23.43075,30.23243,21.0238,19.64688,17.0,19.23538,24.16609,28.84441,27.65863,32.01562,34.71311,41.23106,42.42641,51.85557,48.27007,52.49762,55.22681,60.87693,60.959,60.80296,65.0,60.60528,72.8011,67.80118,74.63243,70.60453,78.03204,72.42237,79.05694,77.20104,82.37718,78.39005,80.80223,86.82166,84.90583,87.20092,79.75588,88.23265,84.38602,84.81156,81.21576,82.32861,83.24062,81.05554,81.68843,71.70077,73.10951,74.41102,68.88396,71.70077,71.70077,66.48308,69.29646,71.06335,30.46309,32.31099,28.63564,30.67572,30.8707,35.44009,32.75668,31.57531,34.0,32.01562,31.40064,33.13608,29.61419,29.41088,24.59675,27.73085,24.69818,24.41311,19.20937,19.23538,17.88854,16.49242,16.0,18.11077,16.76305,15.81139,17.80449,16.40122,19.84943,19.84943,19.10497,22.82542,24.69818,21.47091,25.63201,23.76973,25.63201,25.63201,28.16026,27.51363,25.05993,30.41381,29.96665,28.6531,29.68164,29.73214,30.52868,29.20616,31.241,31.241,36.79674,34.65545,38.8973,33.6006,41.23106,42.42641,37.53665
6.08276,5.38516,4.47214,5.0,5.0,5.0,5.38516,6.32456,7.28011,7.07107,8.06226,9.05539,10.04988,10.0,11.04536,12.0,12.0,11.0,12.0,13.0,13.0,13.0384,13.0,14.03567,15.0,15.0333,15.13275,16.03122,16.12452,16.12452,16.03122,17.02939,16.12452,16.03122,17.02939,16.03122,17.0,16.0,16.0,16.0,15.0333,16.0,15.0,15.0,14.03567,14.03567,14.03567,13.0384,13.0384,13.15295,13.34166,13.34166,18.11077,18.43909,16.0,14.0,14.0,12.04159,10.81665,12.08305,10.0,13.60147,13.0,14.86607,18.97367,18.02776,19.31321,23.5372,26.92582,25.4951,27.16616,28.07134,32.06244,31.14482,30.01666,35.12834,33.13608,36.34556,34.05877,36.0,37.21559,39.05125,39.05125,41.0,40.0,42.0119,39.20459,40.0125,42.0119,44.04543,43.01163,45.0,42.10701,42.29657,42.29657,46.09772,42.19005,40.11234,41.30375,39.20459,36.34556,36.12478,37.12142,34.36568,37.12142,35.69314,34.71311,33.95585,36.05551,13.92839,18.35756,16.12452,14.42221,15.6205,14.21267,14.86607,16.27882,18.38478,17.20465,15.26434,14.42221,16.55295,12.08305,11.40175,10.19804,11.0,8.06226,10.0,7.61577,7.07107,7.07107,7.2111,7.07107,6.7082,8.24621,8.06226,8.06226,10.44031,10.44031,8.94427,11.6619,12.20656,12.52996,14.42221,13.60147,11.6619,12.80625,12.52996,15.0,15.26434,14.42221,13.0384,14.76482,13.41641,14.31782,16.55295,17.72005,16.49242,15.29706,18.24829,18.43909,19.41649,18.43909,19.41649,19.64688,20.02498
6.40312,5.65685,5.0,5.38516,5.09902,5.09902,6.0,6.08276,7.07107,7.28011,8.24621,9.84886,9.48683,9.84886,9.84886,12.52996,11.18034,12.52996,12.52996,13.41641,13.0,13.89244,13.41641,15.26434,14.76482,14.76482,15.26434,16.64332,16.64332,17.20465,16.12452,17.49286,17.49286,17.0,17.0,17.0,17.88854,16.55295,15.65248,15.23155,15.23155,15.65248,16.15549,14.31782,14.86607,13.92839,14.56022,13.92839,13.60147,13.60147,13.34166,13.15295,41.59327,35.34119,37.53665,25.6125,24.04163,22.80351,20.61553,22.47221,20.22375,27.0,24.5153,30.36445,33.24154,36.76955,40.8534,42.54409,52.35456,54.6443,51.62364,54.3783,66.4003,59.36329,63.25346,61.61169,64.2028,70.21396,64.66065,74.65253,75.21303,79.51101,78.00641,79.64923,77.80103,87.9659,82.75869,86.21485,85.70298,87.72685,87.00575,85.79627,85.42833,82.41966,87.65843,87.09191,85.44589,81.8352,80.26207,76.8505,77.93587,73.57309,70.45566,74.88658,71.28113,67.95587,69.83552,68.8767,65.78754,26.40076,30.8707,30.88689,30.8707,28.23119,30.59412,28.16026,26.30589,33.37664,30.0,26.07681,26.4764,24.18677,23.76973,25.23886,19.31321,18.86796,16.27882,14.14214,10.44031,13.0,13.60147,12.20656,13.0384,14.14214,12.04159,15.81139,19.23538,21.2132,24.5153,18.68154,27.01851,27.0,33.13608,32.01562,30.41381,31.01612,34.1321,31.0,31.14482,32.24903,33.73426,33.37664,33.54102,31.62278,32.75668,33.61547,35.34119,34.43835,34.0147,35.8469,41.14608,41.18252,37.57659,40.31129,45.27693,43.26662
5.09902,4.0,3.16228,3.16228,3.60555,3.60555,4.47214,4.47214,5.38516,6.08276,7.28011,8.06226,9.21954,9.05539,9.05539,11.04536,11.04536,11.04536,12.04159,12.04159,12.04159,13.0,12.04159,14.03567,14.03567,14.0,15.0,15.0,16.0,15.0333,15.0,16.0,16.0,15.0,16.0,16.03122,16.12452,15.13275,15.0333,15.0333,15.13275,15.13275,14.14214,14.03567,13.15295,13.0384,13.15295,13.15295,12.16553,13.34166,12.64911,11.7047,17.72005,17.72005,16.12452,14.56022,14.0,10.19804,10.44031,10.29563,9.21954,9.89949,10.77033,13.92839,17.46425,17.72005,18.43909,19.41649,27.45906,25.4951,27.45906,30.14963,32.0,30.41381,29.01724,32.06244,31.40064,38.20995,34.23449,37.01351,37.12142,41.04875,37.0,38.0526,41.04875,41.0,40.0125,40.0125,43.0,42.0119,42.10701,43.0,42.04759,43.18565,41.30375,45.27693,41.4367,43.18565,39.45884,42.42641,34.23449,37.21559,37.33631,34.52535,36.22154,34.9285,34.71311,32.28002,34.9285,14.0,13.0384,15.29706,14.31782,13.92839,13.0,13.92839,12.08305,16.15549,13.0384,13.0384,12.72792,12.80625,11.40175,7.61577,8.06226,7.07107,6.08276,4.47214,5.38516,5.38516,5.83095,6.7082,5.38516,7.0,7.07107,8.06226,11.18034,12.08305,11.7047,11.18034,14.42221,15.26434,17.02939,15.55635,17.02939,15.6205,16.64332,15.0,19.84943,17.69181,18.60108,15.81139,16.64332,16.12452,17.49286,17.49286,17.88854,19.64688,20.61553,19.92486,21.84033,22.47221,18.68154,22.56103,22.80351,23.5372
5.83095,5.0,5.0,5.0,4.47214,5.09902,5.0,6.0,6.08276,7.07107,8.06226,8.24621,9.21954,9.48683,9.48683,10.77033,10.77033,10.77033,10.77033,12.08305,12.08305,13.0,13.0,13.41641,14.31782,14.76482,14.76482,15.65248,15.65248,15.26434,14.31782,15.65248,16.12452,15.65248,15.65248,15.65248,16.55295,15.23155,15.23155,15.23155,14.86607,14.86607,15.23155,13.0,13.92839,13.0,13.0,12.64911,12.64911,12.64911,12.36932,12.16553,40.1995,32.57299,35.4683,28.16026,26.40076,17.49286,25.80698,22.67157,23.4094,25.70992,25.0,24.33105,36.22154,35.35534,40.79216,40.49691,49.0408,50.32892,52.20153,56.61272,64.62198,55.02727,68.02941,65.39113,63.56886,65.19202,63.97656,72.94518,73.00685,78.77182,75.66373,83.72574,76.02631,83.24062,74.09453,82.76473,82.8553,86.09297,81.5414,83.63014,82.76473,85.49269,84.58132,85.08819,86.92526,79.70571,81.15417,78.29432,76.89603,71.69379,74.84651,69.857,73.92564,64.2573,71.16881,70.5195,72.18033,28.16026,27.45906,28.07134,30.26549,28.07134,29.01724,28.07134,28.63564,31.01612,28.86174,27.313,22.36068,24.69818,24.18677,20.61553,15.6205,17.02939,11.40175,12.52996,14.03567,13.0384,10.81665,8.48528,11.40175,13.34166,12.08305,15.29706,18.02776,19.10497,26.01922,23.02173,29.41088,27.45906,31.04835,28.86174,34.78505,26.92582,34.78505,28.4605,32.38827,34.23449,35.35534,32.75668,32.06244,32.01562,35.22783,33.06055,32.0,36.01389,33.54102,33.13608,35.69314,42.95346,36.40055,40.60788,44.27189,41.23106
4.12311,3.16228,4.0,3.16228,3.60555,3.60555,4.24264,5.0,5.0,5.83095,7.2111,8.06226,8.60233,8.94427,9.43398,10.77033,9.84886,10.29563,11.18034,11.18034,11.18034,12.08305,12.08305,13.0,13.41641,13.92839,13.92839,14.31782,15.23155,14.86607,14.31782,15.23155,15.23155,14.31782,15.23155,15.23155,15.65248,14.76482,14.76482,13.89244,13.89244,13.89244,13.89244,12.52996,12.52996,12.52996,12.52996,11.6619,11.6619,12.20656,11.40175,11.40175,39.69887,29.73214,29.73214,26.87006,25.6125,26.92582,22.47221,19.41649,22.36068,20.22375,21.93171,25.23886,34.20526,35.0,39.44617,43.86342,49.67897,52.40229,50.9902,52.3259,65.05382,59.46427,62.36986,64.38167,60.82763,71.42129,66.46804,71.8401,75.69016,78.87332,74.33034,76.57676,75.9276,84.02381,72.42237,83.09633,83.60024,84.81156,84.50444,83.09633,83.40863,83.4386,86.97701,82.02439,84.85281,78.49204,80.62258,77.07788,74.96666,70.71068,66.6033,70.03571,68.0147,66.21933,71.40028,66.28725,70.49113,26.87006,29.73214,27.65863,30.0,27.20294,30.0,27.78489,26.41969,29.54657,23.4094,29.12044,24.5153,23.76973,23.02173,18.02776,18.97367,18.38478,15.26434,11.18034,11.40175,9.84886,13.0384,9.48683,9.84886,16.27882,14.86607,15.81139,17.46425,18.35756,21.47091,21.54066,21.58703,26.68333,29.41088,31.04835,32.75668,27.45906,31.04835,31.7805,34.20526,36.13862,32.01562,34.78505,34.53983,32.69557,34.53983,34.53983,36.71512,34.98571,33.54102,34.1321,40.36087,44.10215,33.01515,43.27817,46.75468,41.23106
6.0,5.0,4.12311,5.09902,4.47214,5.0,5.0,5.0,5.83095,6.32456,7.61577,8.24621,8.24621,9.21954,10.19804,11.18034,11.18034,11.18034,11.04536,12.16553,12.16553,13.0384,12.16553,14.03567,14.03567,14.03567,15.0,15.0333,16.0,15.0,15.0333,16.03122,16.03122,15.0333,16.03122,15.0333,16.12452,15.13275,15.13275,15.13275,14.14214,15.13275,14.14214,13.15295,13.15295,13.15295,13.15295,12.36932,12.36932,12.36932,12.64911,12.64911,19.79899,18.60108,17.80449,15.26434,14.76482,12.64911,11.7047,11.04536,12.64911,11.7047,13.0384,14.21267,19.20937,17.69181,19.84943,22.2036,23.60085,24.69818,25.0,27.45906,31.38471,30.23243,28.6531,32.75668,31.62278,34.4093,34.1321,36.67424,36.71512,38.91015,37.57659,38.07887,38.07887,40.24922,39.81206,39.82462,42.05948,42.48529,41.34005,42.54409,40.70626,41.34005,41.88078,44.65423,39.96248,43.56604,38.60052,41.04875,34.66987,34.66987,37.01351,36.05551,35.22783,34.82815,35.38361,34.05877,33.24154,13.89244,13.89244,15.26434,14.42221,15.6205,14.21267,14.86607,13.60147,15.26434,12.52996,13.89244,13.41641,13.0,11.04536,12.04159,9.0,8.0,9.48683,8.06226,6.40312,7.81025,5.83095,6.7082,6.08276,6.32456,9.43398,8.94427,11.18034,9.43398,12.80625,12.20656,14.21267,13.60147,13.60147,17.0,15.65248,14.42221,16.55295,15.0,15.81139,15.81139,17.20465,16.40122,16.27882,17.02939,14.86607,16.40122,19.20937,17.69181,18.43909,19.41649,18.02776,19.41649,20.61553,20.59126,20.80865,21.09502
5.65685,5.0,4.47214,5.09902,5.09902,5.0,5.09902,5.38516,6.32456,6.7082,7.61577,8.06226,8.94427,9.43398,9.43398,10.0,10.0,10.81665,11.40175,11.40175,12.20656,12.04159,11.40175,13.45362,13.45362,13.45362,14.14214,14.86607,15.55635,14.14214,14.86607,15.55635,15.55635,14.86607,15.55635,14.86607,15.6205,15.0,15.0,14.21267,13.60147,15.0,13.60147,12.80625,12.80625,12.20656,12.20656,12.20656,11.6619,12.52996,12.08305,12.08305,41.6173,33.6006,34.20526,30.23243,28.3196,25.4951,21.47091,23.85372,20.39608,27.01851,26.30589,28.28427,31.62278,34.17601,39.56008,45.17743,51.88449,51.42956,51.47815,53.33854,67.6757,58.18075,66.28725,65.19202,65.51336,73.57309,67.42403,73.40981,74.63243,80.28076,72.00694,84.81156,73.00685,86.68333,79.20859,83.00602,85.79627,84.50444,85.44589,85.60374,81.05554,88.20431,82.0975,86.26703,82.68011,80.45496,80.13114,78.49204,74.79305,71.86793,72.56032,69.64194,71.86793,65.8635,70.23532,67.54258,69.28925,24.18677,33.12099,30.88689,31.62278,28.79236,29.83287,27.65863,30.59412,31.14482,30.0,27.07397,23.19483,29.42788,27.20294,23.08679,17.49286,22.84732,17.69181,13.0,12.64911,9.0,16.27882,9.05539,14.21267,14.21267,19.84943,16.12452,21.9545,21.2132,23.08679,19.31321,27.29469,24.33105,25.70992,30.01666,30.0,26.0,32.38827,32.06244,31.06445,31.01612,33.54102,33.37664,30.59412,35.17101,34.0,32.31099,36.05551,36.76955,34.48188,41.62932,41.59327,44.29447,34.48188,47.01064,46.64762,42.80187
5.38516,5.09902,5.0,5.09902,5.09902,5.38516,5.83095,6.40312,7.2111,7.81025,9.21954,9.21954,9.89949,10.63015,10.63015,12.80625,12.20656,12.80625,12.20656,12.80625,12.80625,13.60147,14.21267,15.26434,15.0,15.81139,15.26434,16.64332,16.64332,17.0,15.81139,16.64332,16.64332,16.64332,16.64332,17.20465,17.80449,16.40122,16.40122,15.0,16.40122,15.0,15.6205,14.21267,14.21267,14.21267,14.21267,13.45362,14.14214,13.45362,13.45362,12.04159,38.94868,35.22783,35.8469,32.75668,28.23119,26.24881,23.19483,26.30589,27.85678,23.70654,29.41088,30.80584,39.20459,39.69887,43.13931,45.60702,52.00961,52.43091,57.2014,59.20304,61.61169,62.42596,62.64982,66.03787,68.24222,73.23933,75.29276,78.77182,74.09453,82.29216,81.41253,85.58621,82.0975,88.19297,81.84131,84.72308,88.68484,86.76405,87.46428,85.58621,86.35392,88.48164,85.98256,87.46428,84.05355,88.81441,81.60882,80.45496,73.00685,73.81734,75.43209,75.0,73.81734,71.06335,70.43437,72.47068,69.42622,32.44996,27.45906,33.83785,32.55764,31.241,33.30165,30.61046,31.38471,31.01612,33.61547,30.46309,27.20294,31.32092,26.0,23.02173,21.58703,22.36068,23.70654,15.23155,17.02939,10.63015,18.02776,12.36932,15.0333,17.72005,13.89244,19.69772,17.69181,21.26029,25.45584,21.40093,25.80698,31.38471,25.55386,31.38471,37.12142,28.01785,33.12099,32.75668,32.75668,33.12099,34.98571,33.6006,34.1321,32.55764,33.01515,33.42155,35.4683,36.76955,36.40055,40.80441,37.53665,43.41659,36.87818,43.909,43.26662,48.25971
5.38516,5.09902,5.0,5.0,5.09902,5.38516,5.38516,5.83095,7.2111,6.40312,7.81025,8.48528,9.21954,9.21954,9.89949,11.40175,10.81665,10.63015,11.40175,11.40175,12.04159,12.80625,12.04159,13.0384,13.60147,13.60147,13.60147,14.42221,15.26434,15.26434,13.60147,14.42221,15.0,15.0,15.0,15.0,15.6205,14.86607,14.21267,14.21267,14.14214,14.21267,14.86607,12.72792,12.72792,12.04159,12.04159,12.04159,12.04159,12.04159,11.40175,11.40175,37.57659,38.27532,34.71311,27.89265,30.80584,26.07681,26.07681,24.18677,23.25941,26.40076,28.28427,32.55764,38.8973,39.62323,43.01163,47.70744,52.43091,47.43416,47.43416,56.93856,62.16912,59.94164,60.83584,63.52952,63.81222,68.96376,70.3278,73.00685,74.24958,79.84986,74.73286,76.96753,76.48529,80.23092,76.2168,78.39005,82.46211,80.49845,85.47514,77.82031,84.11896,81.00617,79.92496,82.36504,78.23682,78.39005,78.77182,80.1561,65.45991,67.80118,68.00735,67.20119,65.21503,65.94695,63.78087,65.29931,63.63961,30.08322,30.41381,32.44996,31.90611,29.73214,31.89044,29.83287,30.4795,35.80503,31.38471,29.15476,28.23119,32.75668,26.30589,27.01851,27.01851,23.0,24.04163,22.36068,18.35756,17.69181,19.84943,16.76305,21.0238,16.55295,21.58703,17.11724,20.02498,21.84033,23.08679,21.47091,24.16609,25.23886,29.41088,29.0,29.41088,26.90725,29.83287,30.80584,31.06445,24.83948,31.62278,28.6007,32.24903,29.68164,25.07987,28.63564,33.61547,30.41381,35.8469,35.1141,38.62642,39.56008,43.17407,46.84015,45.54119,39.21734
5.0,5.09902,4.12311,4.47214,4.47214,5.0,5.65685,5.83095,6.40312,7.2111,8.06226,8.94427,8.94427,9.84886,10.29563,10.77033,10.77033,10.77033,11.7047,12.08305,12.08305,13.0,12.08305,13.60147,13.92839,14.86607,14.56022,14.86607,15.81139,14.56022,14.86607,15.81139,15.81139,14.86607,14.86607,14.86607,16.55295,15.23155,14.31782,14.31782,13.41641,14.31782,13.41641,13.41641,13.41641,12.08305,12.52996,11.6619,12.52996,12.52996,12.20656,11.40175,36.40055,33.01515,33.12099,26.92582,28.63564,23.4094,26.68333,23.08679,26.4764,25.29822,29.96665,29.15476,37.20215,38.01316,42.43819,46.01087,51.73973,51.85557,52.34501,54.45181,63.78087,59.4138,60.959,62.96825,63.25346,67.20863,67.00746,70.45566,75.60423,76.02631,73.60027,77.80103,75.9276,78.81624,77.69813,81.40025,79.6304,83.23461,81.68843,80.60397,77.46612,82.46211,80.72174,82.46211,82.03658,78.51751,76.38063,76.41989,69.31089,64.38167,72.13876,63.63961,67.88225,66.52819,69.29646,60.44005,61.85467,31.82766,31.14482,33.61547,35.0,31.76476,33.61547,34.43835,30.67572,36.40055,31.40064,33.24154,32.06244,36.12478,31.14482,28.4605,26.57066,26.41969,22.2036,19.10497,17.80449,20.0,21.0238,16.49242,16.27882,16.12452,17.11724,18.35756,18.60108,18.86796,21.47091,19.79899,21.93171,24.41311,24.20744,27.78489,25.6125,27.80288,28.42534,25.23886,29.06888,24.69818,30.80584,25.55386,26.90725,29.73214,26.1725,26.90725,33.30165,31.241,34.71311,37.21559,37.73592,41.34005,34.4093,43.26662,43.909,39.81206
5.09902,5.0,4.12311,4.12311,4.47214,4.47214,5.65685,5.65685,5.65685,6.40312,7.81025,8.06226,8.60233,9.43398,9.43398,11.18034,10.29563,10.29563,11.18034,11.18034,11.6619,12.52996,11.6619,13.0,13.41641,13.0,13.92839,14.31782,14.31782,14.86607,14.31782,14.31782,14.76482,14.76482,15.65248,14.76482,15.26434,13.89244,13.89244,13.60147,13.60147,14.42221,13.60147,12.20656,12.20656,11.40175,11.40175,11.40175,11.40175,11.40175,11.31371,10.63015,39.56008,36.05551,30.08322,31.04835,29.42788,27.07397,29.06888,23.4094,26.83282,29.15476,26.40076,28.42534,37.01351,35.38361,42.0119,47.01064,53.0,52.7731,54.91812,54.70832,63.50591,61.05735,59.05929,62.6099,63.81222,72.06941,64.41273,74.68601,72.71864,81.02469,74.70609,81.9878,77.52419,81.5414,76.15773,82.29824,81.49233,83.63014,81.63333,81.9878,79.64923,86.53323,82.1523,80.70936,78.23682,77.42093,75.0,76.00658,71.06335,67.20119,69.81404,66.21933,64.40497,60.87693,63.63961,67.89698,62.28965,30.8707,31.90611,31.90611,35.22783,32.64966,36.79674,31.14482,30.61046,38.60052,36.35932,36.24914,34.17601,35.1141,30.41381,28.44293,27.0,26.1725,28.16026,25.96151,25.63201,24.16609,21.40093,20.0,25.80698,22.36068,17.72005,16.0,19.0,24.5153,26.30589,18.78829,25.4951,27.313,29.52965,26.41969,27.20294,30.01666,26.92582,24.41311,31.06445,29.20616,30.8707,28.6007,28.6531,28.6531,34.78505,32.28002,34.53983,33.61547,34.17601,38.83298,38.60052,39.56008,39.84972,42.72002,41.23106,43.68066
6.08276,6.08276,6.08276,6.32456,5.83095,5.83095,6.40312,7.07107,7.81025,7.81025,9.21954,10.0,10.0,10.0,10.81665,11.6619,13.0384,11.6619,12.52996,13.0384,13.0384,13.89244,13.0384,14.76482,15.26434,14.76482,15.65248,16.12452,17.0,16.55295,15.65248,16.55295,16.55295,15.65248,17.0,16.12452,17.49286,15.81139,15.81139,15.81139,15.0,15.81139,14.42221,14.42221,14.42221,13.0384,13.60147,13.60147,12.80625,13.45362,12.72792,12.72792,42.0119,33.12099,34.0,32.64966,31.62278,27.51363,27.89265,26.0,25.96151,28.86174,30.46309,33.28663,40.81666,38.83298,39.40812,44.55334,57.31492,53.75872,54.56189,56.85068,64.38167,61.55485,62.96825,67.88225,66.46804,72.86288,67.89698,71.42129,75.66373,77.33693,75.74299,82.75869,77.15569,85.14693,72.62231,79.9062,80.05623,85.79627,82.75869,86.31338,80.65978,83.63014,81.56592,88.4138,84.38602,77.98718,79.30952,74.33034,71.06335,66.21933,70.17834,67.35726,72.47068,64.2028,61.85467,65.51336,65.0,37.73592,35.8469,34.0147,35.1141,32.38827,35.44009,34.71311,33.73426,40.31129,33.06055,35.01428,36.22154,37.21559,36.68787,33.61547,30.8707,31.06445,26.62705,23.60085,25.23886,21.63331,25.4951,17.46425,18.02776,19.0,23.19483,17.46425,21.58703,20.61553,23.32381,18.43909,17.80449,22.67157,26.24881,28.42534,21.9545,22.80351,27.45906,26.07681,25.80698,25.80698,27.65863,28.30194,24.83948,23.34524,32.55764,29.73214,27.80288,33.6006,35.22783,34.1321,35.60899,39.40812,34.66987,40.60788,44.40721,38.83298
5.38516,4.47214,4.24264,4.24264,4.47214,5.38516,5.09902,6.08276,7.0,7.0,8.0,9.05539,9.0,10.04988,10.0,11.04536,11.18034,11.04536,11.18034,12.16553,12.04159,13.15295,13.15295,14.31782,14.31782,14.31782,14.31782,15.29706,16.27882,15.52417,15.29706,15.29706,16.27882,15.29706,16.12452,16.12452,16.12452,15.0333,15.0333,15.0333,15.0333,15.0333,14.03567,13.0384,13.0384,12.04159,13.0,13.0,12.0,12.0,12.04159,11.04536,17.0,16.03122,16.49242,13.15295,13.34166,13.0384,10.81665,12.04159,11.6619,15.26434,13.41641,14.56022,17.72005,17.46425,20.39608,22.02272,25.0,26.07681,27.16616,27.16616,32.01562,30.01666,31.01612,32.01562,31.06445,35.0571,33.01515,37.05401,37.01351,39.11521,37.05401,38.11824,37.01351,42.19005,38.32754,42.0119,41.0,45.04442,40.1995,42.0,40.0125,42.0119,42.0119,41.01219,40.04997,39.05125,38.11824,37.05401,36.12478,34.23449,35.51056,33.24154,33.24154,32.38827,32.75668,32.75668,30.67572,14.56022,17.46425,17.46425,18.35756,17.20465,17.20465,17.02939,16.97056,18.60108,19.10497,18.60108,16.40122,19.72308,17.08801,15.81139,14.31782,15.0,13.0384,13.0,12.36932,12.64911,10.77033,11.18034,10.29563,9.89949,9.89949,9.43398,11.7047,10.44031,10.19804,10.04988,13.15295,12.16553,13.15295,12.36932,11.18034,12.36932,14.14214,10.44031,13.15295,13.60147,14.03567,13.0,13.0384,12.04159,17.26268,15.0333,15.0,17.02939,17.11724,16.12452,20.39608,20.02498,18.24829,22.36068,21.09502,20.02498
5.65685,4.24264,4.47214,4.47214,4.12311,4.12311,5.0,5.0,6.08276,7.28011,7.07107,8.24621,8.24621,9.48683,9.21954,10.77033,9.84886,10.77033,10.77033,10.77033,11.7047,11.18034,11.7047,13.41641,13.41641,13.0,13.41641,14.76482,14.76482,14.76482,14.31782,14.76482,14.76482,14.31782,14.76482,14.31782,15.23155,13.92839,13.92839,13.60147,13.92839,13.0,13.92839,12.64911,11.7047,11.7047,11.40175,11.7047,11.40175,11.18034,11.18034,10.04988,34.4093,36.61967,29.83287,30.61046,26.87006,28.6007,26.40076,28.23119,25.01999,28.01785,31.257,32.75668,36.05551,41.4367,40.16217,48.75449,52.39275,51.47815,55.00909,54.626,63.52952,59.03389,62.1289,64.00781,60.90156,69.83552,67.41662,73.00685,74.09453,78.00641,73.57309,79.61156,77.52419,82.68011,77.42093,78.39005,84.31489,78.89233,85.47514,80.26207,80.77747,80.95678,80.5295,80.9506,80.5295,79.20227,77.87811,76.48529,71.30919,69.857,70.26379,70.38466,64.62198,63.89053,62.36185,62.36185,61.13101,32.24903,33.37664,34.0147,35.51056,38.01316,38.11824,37.05401,37.65634,41.23106,38.32754,37.16181,36.40055,39.81206,34.98571,34.20526,33.24154,34.65545,30.61046,28.01785,26.83282,26.24881,28.28427,20.22375,24.02082,23.08679,21.2132,20.88061,19.69772,19.41649,19.41649,20.51828,22.62742,20.24846,21.9545,21.0238,21.0238,21.47091,22.82542,22.36068,25.07987,21.9545,22.80351,26.92582,27.20294,24.69818,26.1725,28.42534,27.78489,32.55764,34.65545,33.97058,33.30165,37.48333,32.55764,40.31129,41.7732,38.28838
4.47214,4.47214,4.24264,4.24264,5.0,4.47214,5.38516,6.32456,6.32456,7.28011,8.24621,9.21954,9.21954,9.21954,9.21954,11.18034,10.19804,11.18034,11.18034,12.16553,12.36932,12.16553,12.36932,13.15295,14.14214,14.14214,14.14214,15.13275,15.13275,15.13275,14.14214,15.29706,15.29706,14.31782,15.29706,15.52417,15.52417,14.56022,14.56022,13.60147,13.60147,13.60147,14.56022,12.64911,12.64911,11.7047,11.7047,12.08305,12.08305,12.08305,11.18034,10.29563,31.01612,29.27456,31.06445,24.0,27.01851,21.84033,19.23538,25.6125,23.43075,26.24881,29.52965,34.1321,37.21559,38.01316,44.28318,48.08326,52.55473,52.81098,51.47815,58.30952,61.68468,62.62587,61.13101,62.0967,61.35145,74.04053,67.72001,72.27724,73.97973,78.1025,71.80529,76.40026,74.2159,84.17244,76.79193,82.46211,84.89994,81.49233,83.52245,84.20214,81.59657,83.9345,85.70298,85.3815,77.07788,81.02469,75.23962,78.54935,66.30988,68.942,70.26379,66.21178,63.07139,66.64833,67.60178,66.37017,61.61169,35.60899,38.27532,36.12478,40.31129,38.20995,36.40055,38.27532,37.57659,39.44617,38.01316,38.07887,39.0,42.2019,35.69314,35.35534,34.0147,37.0,27.45906,31.7805,24.35159,26.24881,26.92582,25.23886,19.72308,21.93171,19.41649,20.12461,18.35756,20.61553,19.23538,16.03122,20.02498,17.0,17.26268,15.81139,15.81139,18.02776,23.76973,20.24846,20.12461,23.76973,19.69772,24.35159,23.08679,19.64688,20.22375,27.16616,22.02272,28.0,28.01785,31.14482,36.05551,33.0,29.42788,35.0,35.22783,37.01351
5.0,4.24264,3.60555,4.12311,4.12311,4.12311,5.0,5.09902,6.08276,6.32456,7.28011,7.61577,8.24621,8.544,8.544,10.77033,9.84886,9.84886,9.84886,10.77033,10.77033,11.18034,10.77033,12.08305,13.0,13.0,12.52996,13.41641,14.76482,13.89244,13.41641,14.76482,14.76482,13.41641,14.31782,14.31782,15.23155,13.92839,13.92839,12.64911,12.64911,12.64911,13.0,11.7047,11.7047,10.77033,11.40175,11.40175,11.40175,10.44031,11.18034,10.19804,30.88689,29.68164,30.23243,27.78489,27.01851,19.41649,21.09502,23.4094,20.61553,23.34524,29.01724,33.06055,38.47077,36.87818,40.02499,44.92215,50.28916,52.92447,56.32051,51.92302,65.19202,59.13544,63.32456,60.74537,59.46427,66.40783,64.2573,69.857,70.5762,76.02631,73.79024,77.25283,71.51224,84.69357,75.13322,77.62087,82.46211,82.34683,81.59657,82.28001,79.70571,84.11896,81.9329,83.48653,79.07591,74.63243,78.16009,71.56815,71.56815,67.91171,70.21396,65.96969,65.96969,63.56099,64.53681,63.15061,65.62012,37.0,43.32436,36.13862,43.08132,37.16181,43.04649,36.61967,35.80503,45.22168,39.62323,40.36087,38.20995,41.7732,39.82462,39.81206,38.07887,37.44329,33.24154,29.96665,32.14032,23.0,29.15476,22.09072,25.0,21.84033,19.41649,20.59126,21.63331,16.97056,18.43909,18.35756,18.60108,23.25941,17.0,19.64688,16.76305,19.31321,18.02776,14.86607,20.61553,18.68154,21.18962,18.43909,17.46425,18.78829,24.69818,24.18677,23.85372,27.29469,27.78489,28.84441,32.44996,35.80503,27.65863,33.61547,33.01515,30.23243
5.38516,5.0,5.0,5.0,5.83095,5.38516,6.32456,7.28011,7.28011,8.24621,8.24621,10.19804,10.19804,10.19804,11.18034,12.04159,12.04159,12.04159,12.04159,13.0384,13.0384,14.03567,13.0384,14.03567,15.0333,15.0,16.0,16.03122,16.0,16.0,16.03122,17.0,17.0,16.0,17.0,16.03122,17.11724,16.12452,16.12452,16.12452,15.13275,16.12452,15.13275,14.14214,14.14214,13.0384,14.14214,13.15295,13.15295,13.34166,12.64911,12.64911,17.11724,14.03567,16.27882,11.04536,11.7047,10.44031,10.81665,10.81665,9.89949,14.76482,17.49286,17.46425,18.02776,19.31321,21.18962,23.5372,25.29822,27.89265,28.4605,26.68333,31.57531,29.83287,31.40064,31.7805,32.01562,33.52611,36.87818,35.35534,36.67424,38.47077,37.33631,39.81206,39.81206,42.42641,39.20459,41.4367,42.29657,41.30375,42.2019,43.73786,42.75512,41.48494,41.97618,40.79216,40.26164,41.0,38.8973,36.40055,36.40055,33.52611,34.78505,31.62278,33.95585,32.89377,31.62278,34.17601,33.54102,19.10497,22.02272,20.80865,22.47221,20.59126,21.47091,19.23538,20.24846,23.4094,22.13594,23.5372,23.08679,22.56103,20.09975,20.0,19.0263,19.0,17.0,16.27882,17.46425,14.56022,15.23155,12.08305,13.0,13.89244,11.6619,9.89949,7.81025,9.21954,9.43398,6.40312,7.07107,9.0,6.0,7.28011,6.32456,7.28011,6.08276,6.08276,7.28011,7.61577,7.0,9.21954,6.08276,7.07107,10.04988,11.04536,9.05539,11.04536,10.04988,13.0384,13.0384,13.0384,11.04536,16.12452,17.0,16.03122
2.23607,2.82843,2.23607,3.16228,4.12311,4.12311,5.09902,6.08276,6.08276,6.0,7.07107,8.06226,9.05539,9.05539,9.05539,10.04988,10.04988,10.04988,11.04536,11.04536,11.04536,12.04159,11.04536,13.0,13.0,13.0,13.0,14.0,15.0,14.03567,14.0,15.0,15.0,15.0,15.0,14.0,15.0333,14.03567,14.03567,14.03567,13.0384,14.03567,13.0384,13.0384,13.0384,12.04159,12.04159,12.04159,12.04159,12.04159,12.16553,11.18034,20.24846,19.72308,18.97367,15.29706,13.0384,12.64911,15.65248,19.84943,21.40093,22.67157,25.55386,30.41381,35.35534,37.12142,40.71855,43.46263,49.64877,47.42362,49.24429,53.66563,59.80803,57.38467,59.77458,62.24147,64.4748,65.55151,65.0,72.12489,70.38466,76.24303,71.16881,76.24303,75.89466,81.25269,76.15773,81.60882,79.30952,83.43261,84.48077,86.40023,82.0061,82.5409,86.64872,87.59566,81.70679,80.99383,78.43469,81.27115,71.16881,67.41662,70.00714,70.00714,69.26038,68.8767,66.64083,68.942,67.1193,49.24429,46.52956,43.41659,46.09772,51.0392,47.04253,47.04253,52.15362,54.33231,49.24429,50.9902,46.57252,53.60037,46.17359,44.38468,42.04759,43.46263,41.67733,37.16181,31.62278,33.42155,33.28663,26.1725,25.4951,26.1725,21.93171,14.42221,16.55295,15.26434,12.04159,8.544,8.0,8.0,7.2111,6.32456,9.43398,6.7082,8.544,7.0,8.06226,8.0,8.06226,10.0,7.07107,7.2111,13.41641,9.21954,11.31371,13.60147,13.60147,14.14214,16.55295,17.46425,15.81139,19.72308,19.20937,20.61553
2.23607,1.41421,2.23607,2.23607,3.16228,4.12311,5.09902,5.09902,6.08276,7.07107,7.07107,8.06226,9.05539,9.21954,9.05539,10.04988,11.04536,11.04536,11.04536,12.04159,12.04159,13.0384,12.04159,14.03567,14.03567,14.0,15.0,16.0,16.0,16.03122,16.0,16.0,16.03122,16.0,16.0,16.0,17.02939,16.03122,16.03122,16.03122,15.0333,16.03122,15.0333,14.03567,14.03567,14.0,13.0384,13.0384,13.0384,13.15295,13.34166,12.36932,11.18034,8.24621,8.06226,7.07107,5.83095,5.65685,5.65685,8.544,8.06226,10.19804,12.04159,14.14214,17.02939,17.11724,18.02776,20.02498,25.01999,25.0,25.0,25.01999,30.01666,27.01851,30.06659,30.06659,31.14482,33.01515,29.15476,35.51056,35.12834,38.20995,34.36568,39.62323,35.22783,40.02499,36.40055,39.45884,41.0,40.5216,40.4475,41.7732,38.63936,42.19005,42.19005,42.57934,42.29657,41.19466,40.1995,38.47077,37.33631,35.35534,35.90265,35.35534,34.36568,33.13608,34.05877,33.01515,35.01428,23.32381,25.05993,22.82542,26.40076,24.59675,25.4951,25.29822,25.63201,28.4605,24.73863,25.17936,24.5153,27.16616,25.07987,23.0,22.0,22.02272,20.02498,20.02498,16.0,16.12452,16.12452,12.36932,11.40175,11.7047,10.77033,6.7082,7.2111,5.65685,4.47214,3.16228,3.0,3.16228,2.23607,3.16228,3.60555,3.16228,4.0,5.38516,6.0,6.0,5.09902,5.83095,7.0,5.09902,3.60555,3.60555,5.0,7.28011,5.0,7.2111,8.06226,8.60233,6.32456,10.44031,9.48683,7.28011
2.23607,2.23607,2.23607,2.0,3.0,3.0,4.12311,4.47214,5.38516,5.38516,6.7082,6.7082,7.61577,8.06226,8.94427,10.29563,9.84886,10.29563,10.29563,11.18034,11.18034,11.6619,11.18034,13.0384,13.0384,13.0384,13.60147,14.42221,15.0,14.21267,14.42221,15.0,15.81139,15.81139,15.81139,15.81139,16.64332,15.81139,15.81139,14.42221,13.89244,15.26434,14.42221,13.89244,13.89244,13.0384,13.0384,13.0384,13.0384,13.89244,13.0,13.0,13.34166,11.40175,12.04159,11.04536,4.12311,3.16228,10.44031,9.84886,12.16553,13.34166,17.46425,19.23538,25.96151,31.32092,32.98485,36.24914,43.68066,43.9659,43.17407,45.54119,57.24509,51.92302,52.92447,53.16014,55.36244,63.32456,58.5235,66.18912,65.55151,72.06941,67.54258,66.30988,68.942,77.41447,71.34424,72.09022,75.13322,82.76473,81.02469,82.29216,80.49845,80.11242,81.84131,85.42248,79.30952,79.84986,76.89603,80.5295,69.35416,69.89278,71.69379,69.28925,68.15424,68.15424,69.07966,69.26038,67.68309,53.90733,52.34501,54.45181,56.0803,54.81788,57.48913,55.22681,54.3783,60.03332,57.70615,52.7731,55.9464,56.60389,55.15433,51.07837,47.12749,44.92215,40.5216,38.83298,34.52535,33.37664,34.05877,29.06888,24.5153,21.0238,17.46425,17.11724,13.15295,8.48528,9.21954,7.2111,3.16228,5.0,4.12311,10.19804,11.04536,12.16553,13.60147,15.52417,15.81139,14.31782,19.92486,18.68154,20.61553,17.08801,21.18962,15.13275,15.23155,13.89244,16.64332,15.55635,17.49286,16.12452,12.80625,16.40122,13.0,21.63331
1.41421,0.0,1.0,1.0,2.0,3.0,3.0,4.0,5.09902,5.0,6.0,7.07107,7.0,8.0,8.0,9.05539,10.04988,10.0,10.04988,10.04988,10.0,11.04536,11.04536,12.16553,13.0384,13.15295,13.15295,14.14214,15.29706,14.31782,14.14214,15.29706,14.31782,14.31782,15.29706,14.31782,15.29706,15.13275,15.13275,15.13275,14.14214,15.13275,14.14214,13.15295,13.15295,12.36932,13.15295,13.15295,12.16553,13.0384,13.0384,12.0,17.46425,14.31782,16.12452,15.23155,9.89949,8.94427,4.12311,7.81025,10.19804,10.0,14.03567,17.72005,29.83287,27.29469,33.37664,33.54102,42.19005,44.0,38.47077,51.24451,52.0,56.22277,53.23533,55.08176,55.14526,63.3877,60.13319,67.02984,68.06614,68.35934,68.0,70.5762,70.17834,76.53104,73.34848,79.30952,79.6304,81.04937,83.09633,82.21922,83.60024,81.49847,83.29466,84.21401,81.05554,82.05486,78.1025,80.22468,75.16648,72.11103,75.32596,70.17834,71.17584,71.02816,69.06519,71.00704,68.11755,55.15433,55.97321,54.12024,59.66574,56.51548,62.64982,59.03389,57.21888,63.28507,59.07622,59.00847,58.07753,58.03447,50.08992,51.1957,46.69047,49.0306,40.79216,39.81206,34.48188,32.98485,33.83785,24.69818,27.20294,22.80351,18.02776,13.92839,8.48528,5.0,2.23607,3.0,8.06226,10.04988,9.0,11.0,14.0,17.72005,16.49242,18.02776,21.18962,23.08679,21.2132,18.97367,21.37756,23.19483,20.61553,25.31798,21.0,23.0,25.17936,23.19483,20.22375,23.5372,19.64688,22.80351,19.31321,22.47221
1.0,1.0,0.0,1.41421,1.41421,2.23607,3.60555,3.60555,5.0,5.83095,7.2111,7.2111,7.2111,8.60233,8.60233,10.0,10.0,10.0,10.0,11.40175,11.40175,12.04159,11.40175,13.45362,13.45362,13.45362,14.14214,14.86607,14.14214,14.86607,14.86607,15.55635,15.55635,15.55635,15.55635,15.55635,16.97056,15.6205,15.6205,14.86607,14.86607,15.55635,15.6205,14.14214,14.14214,13.45362,13.45362,13.45362,13.45362,13.45362,13.60147,12.20656,17.20465,15.26434,16.76305,15.81139,9.21954,7.0,1.41421,3.16228,3.60555,10.81665,11.6619,17.20465,24.41311,24.04163,30.88689,33.94113,40.22437,41.34005,42.2019,44.40721,53.82379,49.20366,53.8145,54.81788,55.44367,61.84658,55.97321,62.482,63.41136,70.00714,63.63961,73.5527,67.20863,74.27651,70.29225,77.07788,77.83315,77.7946,77.07788,78.56844,76.83749,83.45058,80.61017,83.4386,80.62258,76.41989,82.73452,77.7946,76.38063,70.71068,75.66373,70.03571,73.5527,65.8559,67.88225,68.68042,69.02898,54.23099,58.13777,54.12024,60.90156,53.85165,60.60528,58.60034,56.40035,64.66065,57.98276,53.75872,57.31492,59.4138,55.97321,53.41348,44.94441,50.80354,37.44329,38.27532,38.07887,31.90611,31.7805,26.41969,24.69818,21.0238,17.80449,11.7047,11.18034,6.32456,2.23607,5.38516,6.08276,7.2111,10.0,13.60147,15.65248,16.64332,18.43909,17.0,21.47091,24.69818,24.59675,25.94224,24.18677,22.47221,31.241,30.01666,22.67157,25.23886,23.85372,26.07681,28.42534,26.1725,20.51828,27.65863,26.40076,21.93171
3.0,2.0,2.23607,1.41421,1.0,1.41421,2.23607,2.82843,3.60555,5.0,5.0,5.83095,6.40312,7.2111,7.81025,9.43398,8.94427,9.43398,9.43398,10.29563,10.29563,11.18034,10.29563,12.08305,12.52996,12.08305,13.0,13.92839,13.92839,13.60147,13.0,13.92839,14.56022,14.86607,14.86607,14.86607,15.23155,14.31782,13.92839,13.92839,14.31782,14.31782,13.92839,13.0,13.0,11.7047,13.0,13.0,13.41641,12.52996,13.0384,11.6619,27.45906,19.10497,16.12452,17.11724,13.0,9.05539,8.24621,6.0,3.16228,2.82843,14.86607,15.23155,21.9545,23.25941,26.41969,30.67572,32.69557,36.67424,39.82462,41.23106,51.47815,50.11986,51.47815,51.0,52.80152,59.03389,55.9017,62.93648,62.76942,66.76077,64.56005,69.57011,65.52099,76.15773,68.44706,76.53757,75.9276,79.62412,79.12016,73.34848,76.68768,79.12016,83.52245,82.0061,80.65358,74.46476,77.7946,76.40026,68.96376,67.18631,70.5195,71.16881,68.15424,64.84597,69.57011,65.19202,63.97656,55.08176,60.20797,56.88585,61.52235,55.44367,63.00794,58.07753,60.07495,61.03278,56.22277,60.29925,54.45181,60.40695,56.29387,52.39275,44.64303,48.76474,42.05948,38.8973,34.48188,32.57299,26.83282,25.29822,25.94224,21.54066,17.88854,8.06226,7.81025,3.16228,1.41421,3.16228,7.2111,8.60233,10.77033,11.18034,18.78829,19.23538,22.13594,19.69772,25.07987,25.80698,25.4951,31.01612,26.83282,29.54657,27.65863,32.01562,31.7805,32.89377,26.92582,29.61419,29.42788,30.26549,25.96151,30.0,31.06445,23.08679
4.12311,3.16228,2.0,1.0,1.0,0.0,1.0,2.23607,3.16228,4.12311,5.09902,5.09902,6.32456,7.28011,7.28011,8.24621,9.21954,9.21954,9.21954,10.19804,10.44031,11.18034,10.44031,12.16553,12.16553,12.16553,13.0384,13.15295,14.03567,14.03567,13.0384,14.03567,14.03567,14.03567,15.0333,14.03567,15.13275,14.14214,14.14214,14.14214,14.14214,14.03567,14.03567,13.0384,13.0384,13.0384,13.15295,12.04159,12.04159,12.16553,12.36932,11.40175,29.83287,27.89265,24.59675,22.84732,18.43909,13.15295,9.48683,3.16228,0.0,4.47214,6.0,12.36932,21.2132,23.34524,25.0,36.49658,38.47077,40.4475,42.75512,47.67599,50.80354,47.07441,53.15073,59.68249,56.88585,60.67125,57.42822,63.03174,69.72087,67.02984,67.36468,67.26812,69.26038,72.0,73.02739,73.17103,76.00658,78.51751,77.02597,79.02531,78.02564,77.23341,79.05694,80.30567,81.02469,80.09994,78.40918,75.05998,69.18092,71.00704,69.06519,70.00714,69.00725,65.19202,67.26812,67.26812,67.26812,55.86591,57.38467,57.62812,62.20129,59.90826,57.80138,55.07268,59.5399,66.18912,56.85948,58.24088,57.00877,58.30952,55.08176,51.97115,45.12206,47.07441,41.4367,38.83298,33.54102,31.40064,31.01612,25.17936,21.0,18.11077,16.0,11.04536,5.09902,5.0,1.0,4.47214,6.32456,11.18034,13.0384,19.10497,22.36068,21.37756,26.30589,24.02082,31.01612,28.0,32.01562,36.01389,34.0,30.26549,32.24903,37.21559,36.12478,32.24903,36.49658,35.73514,33.73426,35.90265,31.62278,30.67572,35.8469,34.9285
4.47214,3.60555,2.82843,2.82843,2.0,1.0,2.23607,2.23607,3.60555,4.47214,5.38516,5.38516,6.32456,7.28011,7.28011,9.21954,9.21954,9.21954,10.19804,10.19804,10.19804,11.18034,11.18034,12.16553,12.16553,13.15295,13.0384,14.14214,14.14214,14.03567,13.15295,14.03567,14.03567,14.03567,14.03567,14.03567,15.13275,14.14214,14.14214,14.14214,13.34166,14.14214,13.15295,12.16553,13.15295,12.04159,12.16553,12.16553,12.16553,12.16553,12.36932,11.40175,31.57531,26.24881,26.24881,21.37756,16.49242,16.49242,11.18034,10.81665,6.40312,6.40312,9.89949,15.81139,21.40093,22.82542,25.4951,29.73214,37.16181,41.59327,39.96248,46.06517,53.7122,50.9902,50.69517,56.79789,57.45433,61.77378,59.03389,65.55151,63.97656,68.70953,70.5762,71.30919,68.8767,73.73602,69.64194,72.91776,77.83315,76.53757,77.62087,75.76939,79.37884,75.02666,76.53757,81.34494,76.05919,77.47258,75.23962,76.6942,67.54258,68.44706,70.00714,69.46222,67.77905,67.97794,66.21178,65.9242,66.88797,57.31492,56.56854,57.48913,58.82176,58.82176,60.90156,59.94164,60.90156,62.17717,60.00833,58.18075,55.03635,58.60034,55.65968,49.47727,47.53946,42.57934,39.31921,38.47077,36.34556,34.05877,31.57531,24.08319,23.76973,20.09975,13.15295,10.04988,3.16228,4.0,2.23607,2.23607,8.544,7.0,11.0,14.86607,17.72005,17.02939,24.08319,24.02082,28.07134,31.257,29.27456,31.40064,29.15476,31.0,32.01562,31.01612,38.01316,33.13608,35.01428,34.52535,32.75668,31.40064,35.17101,37.94733,37.36308,35.51056
3.60555,2.82843,2.23607,1.41421,1.0,1.41421,2.23607,3.60555,4.12311,4.47214,5.38516,6.32456,7.61577,7.28011,8.544,10.44031,9.48683,9.84886,10.44031,10.44031,11.7047,11.7047,11.7047,12.64911,13.0,13.60147,13.60147,14.56022,14.56022,14.56022,13.60147,14.56022,14.56022,14.56022,14.56022,14.56022,15.81139,14.86607,14.86607,13.92839,13.60147,13.60147,13.92839,12.64911,12.64911,11.40175,12.64911,12.64911,12.64911,11.7047,12.08305,11.18034,33.01515,33.12099,29.83287,25.23886,22.47221,19.41649,19.10497,14.14214,9.05539,8.48528,10.81665,11.18034,21.47091,22.47221,27.45906,33.24154,41.23106,40.49691,40.31129,48.38388,55.36244,52.55473,52.63079,56.921,58.82176,61.98387,64.19502,68.00735,66.7308,70.88018,68.00735,70.21396,72.12489,74.95332,70.21396,75.96052,79.30952,79.07591,80.52329,75.31268,78.58753,78.1089,79.69944,79.69944,74.0,77.20104,68.94926,74.2159,67.44627,67.18631,68.41053,68.15424,65.0,67.41662,65.55151,65.55151,65.29931,57.93962,57.77543,59.05929,60.53924,58.30952,59.64059,60.21628,57.62812,60.82763,62.24147,57.48913,56.0803,56.63921,52.80152,49.20366,45.45327,43.41659,38.01316,39.11521,33.83785,29.54657,27.45906,23.85372,21.47091,18.60108,18.02776,9.84886,7.2111,6.7082,2.23607,6.7082,7.07107,11.04536,15.0333,19.10497,18.68154,21.09502,26.30589,24.5153,29.42788,30.06659,32.14032,27.65863,35.69314,35.17101,31.32092,32.89377,36.40055,36.40055,41.4367,35.4683,35.51056,34.88553,36.23534,41.18252,40.31129,40.22437
6.7082,5.0,5.0,3.60555,2.82843,3.16228,3.0,3.16228,4.47214,4.47214,5.83095,6.40312,7.07107,7.81025,7.81025,9.89949,9.21954,9.89949,10.63015,11.31371,11.31371,12.04159,12.04159,13.45362,13.45362,13.45362,14.21267,14.21267,14.21267,15.0,14.21267,15.6205,15.0,14.21267,15.0,14.86607,14.86607,14.86607,14.21267,13.45362,13.45362,13.45362,14.14214,12.04159,12.72792,12.04159,12.04159,12.72792,12.72792,12.72792,12.04159,11.40175,37.64306,36.68787,33.54102,29.54657,31.38471,22.84732,19.72308,18.60108,15.0,14.31782,13.0384,15.23155,23.02173,26.40076,25.23886,32.64966,36.79674,40.45986,38.28838,47.20169,53.60037,50.60632,53.41348,58.00862,60.87693,65.29931,61.55485,70.0,67.35726,74.20243,69.33974,71.8401,73.00685,76.844,67.6757,77.66595,79.07591,74.06079,79.93122,78.23682,74.8131,74.41102,76.40026,77.46612,75.82216,74.20243,71.8401,71.61006,65.43699,64.03124,65.43699,60.44005,67.00746,63.78087,65.11528,62.2254,65.8559,57.45433,54.91812,53.25411,62.00806,56.72742,58.0,56.58622,55.31727,60.20797,58.60034,59.64059,51.86521,57.68882,51.86521,49.24429,40.70626,43.41659,37.94733,39.0,34.9285,30.8707,26.0,19.92486,18.78829,14.56022,11.18034,11.40175,5.09902,5.0,7.2111,5.0,8.60233,12.64911,14.03567,20.22375,21.2132,22.0,26.0,25.0,25.01999,32.0,31.06445,34.1321,33.13608,31.7805,28.07134,36.01389,38.32754,36.49658,40.79216,39.29377,40.16217,38.83298,38.62642,45.31004,42.72002,40.71855
8.0,7.07107,6.08276,5.09902,4.12311,4.47214,3.60555,3.60555,3.60555,4.0,5.09902,6.0,6.08276,7.07107,7.07107,8.24621,8.24621,8.24621,9.48683,10.44031,10.44031,10.44031,11.40175,12.64911,12.64911,13.60147,13.60147,13.60147,14.86607,13.92839,13.60147,14.56022,14.56022,14.56022,14.56022,14.31782,15.29706,13.15295,13.34166,13.15295,13.15295,14.14214,13.15295,12.16553,12.16553,11.18034,12.04159,11.04536,11.04536,11.0,11.0,11.04536,49.36598,46.17359,42.95346,40.79216,38.11824,33.54102,29.42788,29.12044,21.47091,21.40093,19.20937,18.35756,22.0,26.1725,30.0,31.32092,34.71311,37.69615,38.8973,45.88028,51.07837,48.76474,55.54278,59.13544,59.13544,62.39391,64.07808,68.88396,71.11259,73.79024,68.44706,71.86793,78.0,78.39005,74.30343,78.0,81.43709,82.34683,86.40023,77.49194,78.79086,81.90849,76.844,75.27284,72.12489,75.43209,76.65507,69.92138,70.0928,70.83078,65.96969,67.44627,62.36986,65.73431,64.32729,65.76473,64.12488,56.4358,50.47772,55.75841,54.56189,51.22499,54.48853,53.74012,53.2635,54.20332,54.6443,54.40588,46.64762,49.40648,46.09772,41.78516,41.10961,38.01316,31.95309,28.4605,24.04163,22.13594,21.0238,19.31321,14.86607,13.92839,7.81025,5.83095,5.09902,3.0,9.84886,8.94427,13.0384,17.46425,17.26268,22.80351,24.35159,29.01724,32.55764,30.14963,34.1321,32.14032,38.11824,36.05551,39.01282,39.0,42.04759,44.04543,42.0119,44.10215,45.17743,45.39824,46.52956,50.48762,51.15662,52.7731,52.39275,51.78803
7.07107,6.08276,6.08276,5.09902,4.47214,3.60555,3.60555,3.16228,4.12311,4.0,5.0,5.09902,6.08276,6.32456,7.28011,8.544,8.544,8.544,9.48683,9.84886,10.77033,10.77033,10.77033,13.0,13.0,13.0,13.41641,14.31782,15.23155,14.31782,13.92839,15.23155,14.31782,15.23155,15.23155,14.86607,15.52417,14.56022,14.56022,13.60147,13.34166,14.56022,13.60147,12.36932,12.36932,11.40175,12.36932,11.40175,11.40175,12.16553,11.04536,11.04536,53.08484,44.0,46.87217,45.09989,37.21559,37.05401,28.86174,27.45906,21.63331,22.82542,23.43075,18.43909,28.4605,26.4764,28.16026,31.0,35.12834,37.65634,41.30375,44.14748,52.63079,45.88028,52.81098,60.44005,58.24946,63.32456,59.90826,66.76077,67.44627,75.76939,70.2282,77.49194,72.53275,77.83315,71.30919,80.77747,79.40403,81.34494,84.64632,77.49194,76.65507,82.0,83.74366,83.54639,80.60397,75.80237,76.11833,71.19691,72.69113,65.62012,64.53681,62.96825,65.9242,64.07027,66.37017,63.12686,61.07373,52.43091,53.90733,49.49747,57.28001,50.44799,54.67175,52.69725,52.43091,57.42822,50.11986,50.9902,47.01064,48.37355,44.38468,40.49691,35.73514,36.76955,30.08322,27.85678,23.4094,19.92486,17.72005,13.92839,12.20656,12.20656,9.43398,8.06226,7.61577,8.94427,12.72792,11.40175,16.55295,18.02776,19.31321,23.76973,24.35159,27.20294,29.73214,31.32092,32.28002,31.04835,33.73426,39.05125,38.32754,36.67424,44.04543,44.01136,45.01111,45.01111,47.0,46.01087,47.09565,53.03772,45.04442,53.23533,52.08647,49.25444
7.61577,6.7082,5.83095,6.40312,5.65685,5.0,4.47214,5.38516,5.09902,6.08276,7.0,7.07107,7.07107,7.28011,8.24621,9.48683,9.48683,9.48683,10.77033,10.77033,10.44031,11.7047,11.7047,13.0,13.0,13.0,14.31782,14.31782,14.31782,14.76482,14.31782,15.65248,15.23155,15.23155,15.23155,15.23155,15.81139,14.86607,14.86607,14.56022,13.60147,13.60147,13.60147,13.60147,12.36932,12.36932,12.36932,12.36932,12.36932,12.16553,12.16553,12.04159,46.52956,43.82921,42.43819,37.44329,33.30165,33.30165,31.40064,29.0,25.05993,25.55386,22.80351,26.07681,29.0,27.07397,26.24881,36.40055,40.31129,39.82462,41.34005,47.70744,53.2635,53.25411,52.49762,59.03389,59.81639,59.66574,61.40033,66.46804,70.29225,71.44928,70.72482,75.69016,72.91776,81.3941,77.15569,77.89737,84.17244,80.65978,83.63014,80.1561,77.10383,84.02381,83.09633,81.05554,82.20097,76.27582,74.33034,77.20104,73.81734,69.33974,71.21798,63.60031,66.61081,64.89992,61.29437,63.52952,63.56099,49.65884,48.37355,54.58938,50.47772,49.92995,50.32892,49.67897,51.08816,56.63921,47.38143,50.44799,46.2277,47.42362,44.40721,39.66106,34.71311,35.0,31.38471,25.6125,21.09502,21.0238,18.38478,19.79899,12.72792,13.41641,11.04536,8.0,8.24621,8.06226,10.0,10.04988,8.94427,13.34166,16.12452,24.73863,21.09502,23.19483,24.18677,24.02082,25.17936,31.0,30.80584,31.40064,31.7805,33.54102,32.28002,38.62642,37.94733,39.84972,38.60052,43.46263,46.06517,47.16991,42.95346,46.51881,49.24429,44.28318
6.0,6.08276,5.38516,5.38516,5.0,5.0,5.0,5.0,5.83095,5.83095,6.7082,7.28011,8.24621,8.24621,8.24621,10.04988,10.04988,10.04988,10.04988,11.04536,11.04536,13.0,12.04159,13.0,13.0384,14.0,14.03567,15.0,15.0,15.0333,14.0,15.0,15.0,15.0,15.0,16.03122,16.12452,15.13275,15.0333,14.14214,14.14214,14.14214,15.13275,13.15295,13.15295,12.04159,13.15295,12.16553,12.16553,12.36932,12.64911,11.7047,40.02499,39.05125,36.22154,34.36568,31.257,27.01851,26.1725,23.76973,24.16609,23.70654,24.20744,25.4951,30.88689,31.76476,33.24154,38.60052,41.97618,45.12206,45.12206,48.6621,57.14018,58.85576,55.08176,60.20797,63.50591,67.74216,63.28507,69.02898,70.34913,78.00641,75.00667,76.05919,73.17103,79.02531,77.05842,78.23043,84.00595,82.0061,82.49242,83.15047,82.0975,83.48653,81.21576,85.47514,81.04937,80.62258,79.62412,77.10383,72.56721,69.05071,70.83078,67.91171,69.63476,67.91171,67.18631,65.80274,65.39113,50.9902,51.26402,54.42426,51.24451,52.63079,50.80354,45.89118,48.37355,52.23983,48.04165,49.0102,47.04253,48.01042,45.04442,36.67424,37.33631,33.0,32.24903,26.07681,24.02082,24.02082,20.09975,17.26268,14.31782,14.31782,9.89949,12.04159,8.48528,12.0,8.0,10.04988,13.92839,17.88854,15.26434,16.55295,19.41649,17.69181,22.67157,25.4951,27.58623,31.1127,28.30194,29.41088,31.40064,28.6531,35.8469,34.66987,34.0,37.57659,38.48376,38.07887,37.94733,42.15448,35.8469,45.22168,46.09772,41.23106
5.38516,5.38516,4.24264,4.24264,3.60555,3.60555,4.12311,4.0,5.0,5.09902,6.08276,6.32456,7.28011,7.61577,7.61577,9.43398,9.43398,8.94427,9.43398,10.29563,10.29563,10.81665,10.29563,12.20656,12.20656,13.0384,13.45362,13.60147,14.21267,14.21267,13.60147,15.0,14.21267,13.60147,13.60147,13.60147,15.26434,13.89244,13.0384,13.0384,12.52996,13.0384,13.0384,11.6619,11.6619,11.6619,11.18034,11.18034,11.18034,11.18034,10.77033,10.77033,38.32754,37.69615,31.90611,30.08322,29.52965,25.80698,21.63331,25.4951,20.61553,19.64688,25.0,26.07681,29.15476,31.04835,35.73514,38.07887,43.46263,43.909,51.10773,49.39636,58.30952,53.23533,57.14018,60.41523,60.74537,66.37017,61.85467,67.47592,69.40461,75.60423,74.20243,79.20227,70.72482,82.46211,73.5527,79.81228,80.43009,86.83317,80.44874,86.60831,77.00649,83.23461,81.8352,81.8352,86.53323,80.13114,79.32213,73.4983,74.33034,66.03787,75.29276,67.74216,69.33974,64.00781,64.00781,68.42514,69.28925,53.15073,53.03772,51.22499,52.80152,49.81967,51.31277,47.01064,50.11986,55.9464,45.65085,44.77723,44.77723,46.51881,44.92215,38.60052,37.10795,35.44009,31.7805,26.1725,24.33105,18.97367,16.27882,14.76482,10.81665,8.544,7.81025,9.43398,8.24621,6.08276,9.48683,12.80625,10.63015,13.89244,17.80449,21.40093,21.54066,17.08801,23.76973,22.13594,25.29822,31.57531,28.07134,30.14963,32.01562,32.01562,35.01428,37.12142,37.21559,35.12834,39.31921,34.71311,41.76123,41.7732,33.24154,45.22168,40.80441,40.4475
5.38516,5.38516,5.09902,4.0,4.0,5.09902,4.47214,4.47214,5.83095,6.40312,6.40312,7.07107,8.48528,8.48528,9.21954,10.0,10.0,10.0,10.63015,11.40175,12.04159,12.20656,11.31371,12.80625,12.80625,12.80625,13.60147,14.21267,14.42221,14.42221,13.45362,14.21267,14.21267,13.45362,14.21267,14.14214,14.86607,13.45362,12.72792,12.72792,12.72792,12.72792,12.72792,12.04159,12.04159,11.31371,11.40175,10.63015,11.40175,10.81665,10.81665,10.29563,42.0119,33.28663,36.67424,28.01785,30.88689,25.29822,25.70992,27.01851,25.01999,26.92582,28.6531,30.23243,34.1321,34.1321,41.6173,41.01219,48.41487,46.75468,49.57822,55.17246,60.44005,55.15433,59.20304,63.78087,63.65532,70.93659,69.42622,69.52697,73.66139,78.1025,71.50524,78.87332,71.50524,80.28076,74.8131,80.72174,82.0061,79.05694,76.48529,80.80223,78.1025,84.8646,79.19596,77.07788,77.10383,72.86288,75.74299,72.83543,70.17834,67.26812,67.89698,64.3506,63.65532,61.07373,64.89992,63.82006,60.90156,48.6621,47.29693,43.41659,52.20153,44.94441,46.51881,43.46263,46.64762,52.83938,45.60702,46.01087,41.03657,45.27693,41.40048,37.64306,35.22783,32.75668,27.78489,25.23886,21.09502,19.92486,21.54066,13.60147,14.14214,9.48683,9.21954,4.24264,3.60555,1.41421,4.0,6.40312,8.06226,9.43398,12.04159,15.23155,18.38478,15.0,18.86796,17.69181,23.43075,25.45584,23.02173,27.58623,28.28427,25.45584,32.55764,29.83287,34.20526,36.40055,36.87818,38.60052,37.80212,40.60788,38.28838,42.80187,43.01163,39.11521
5.09902,5.0,5.0,5.0,5.38516,5.38516,6.7082,6.7082,7.2111,7.81025,8.60233,9.21954,10.0,9.89949,10.63015,12.04159,11.31371,12.04159,12.72792,12.72792,12.04159,13.45362,12.80625,14.14214,14.86607,14.86607,14.86607,14.86607,16.27882,15.55635,14.86607,16.27882,14.86607,14.86607,15.6205,14.21267,15.81139,15.0,14.21267,14.42221,13.0384,14.42221,13.60147,12.20656,12.20656,10.81665,11.6619,11.6619,11.6619,11.6619,11.18034,10.77033,32.01562,35.35534,32.75668,28.23119,28.79236,25.4951,30.14963,29.42788,24.08319,32.01562,35.4683,37.16181,42.04759,42.48529,43.08132,46.14109,53.25411,51.86521,51.10773,61.29437,63.00794,59.90826,61.84658,67.00746,64.63745,70.72482,71.28113,75.43209,73.4983,75.60423,70.45566,76.27582,76.02631,82.46211,78.1025,78.81624,79.40403,81.21576,78.54935,77.42093,81.27115,79.25907,75.80237,79.17702,73.79024,77.52419,68.96376,71.55418,64.88451,65.36819,63.06346,66.18912,63.63175,66.70832,61.98387,61.84658,57.28001,39.82462,41.03657,41.72529,46.40043,44.10215,40.81666,43.04649,46.06517,50.9902,49.64877,46.17359,43.17407,48.05206,41.19466,38.0,43.01163,41.01219,36.13862,32.24903,33.24154,29.83287,34.17601,30.8707,23.85372,21.9545,23.32381,17.49286,18.86796,13.89244,14.42221,14.31782,13.60147,12.0,13.0384,16.12452,19.10497,14.14214,15.23155,17.72005,20.88061,23.25941,26.0,21.47091,23.25941,28.17801,28.4605,29.15476,32.44996,28.6531,34.0,34.1321,35.0,33.28663,35.8469,39.11521,38.01316,40.71855
5.09902,5.0,6.08276,6.08276,6.08276,6.08276,7.28011,7.28011,8.24621,8.544,9.48683,9.84886,10.77033,10.77033,10.77033,12.08305,11.18034,11.18034,12.08305,13.41641,12.08305,13.41641,12.08305,13.41641,14.31782,14.31782,14.76482,15.65248,15.65248,15.26434,14.31782,15.65248,14.76482,14.31782,14.76482,14.31782,15.23155,13.92839,13.92839,13.92839,13.0,13.0,13.0,13.0,12.08305,12.08305,11.7047,11.7047,11.40175,11.40175,11.40175,10.19804,29.42788,26.57066,28.63564,27.29469,26.07681,24.08319,27.45906,28.44293,28.44293,35.1141,37.57659,35.77709,41.14608,46.95743,44.77723,46.14109,49.1935,51.62364,51.42956,56.30275,60.80296,59.48109,59.07622,59.03389,63.28507,66.03787,62.43397,70.21396,70.17834,72.8011,69.64194,73.4983,70.17834,79.40403,70.21396,68.24222,74.63243,75.60423,73.57309,74.06079,74.43118,73.82412,69.31811,72.00694,67.53518,68.60029,68.47627,67.1193,59.48109,60.90156,56.82429,60.03332,55.9464,57.24509,56.46238,57.77543,58.18935,46.04346,49.0,48.01042,54.08327,50.63596,54.12947,53.93515,53.45091,59.43904,53.75872,57.27128,53.66563,58.60034,59.07622,52.69725,54.03702,57.80138,47.50789,48.79549,46.09772,43.86342,48.16638,44.40721,43.01163,35.8469,39.44617,34.0147,34.43835,32.69557,33.61547,24.69818,28.16026,25.70992,25.96151,26.92582,21.37756,23.5372,25.4951,20.02498,24.33105,23.0,22.09072,24.02082,25.4951,23.4094,27.07397,26.30589,30.08322,29.61419,29.42788,26.92582,29.96665,32.75668,29.52965,34.0147,31.01612,31.30495
4.12311,4.12311,5.09902,5.09902,6.08276,6.08276,7.0,7.07107,7.0,8.0,9.05539,9.0,9.05539,9.05539,9.05539,11.0,10.0,10.0,10.04988,11.0,11.0,11.04536,11.0,12.04159,12.0,12.04159,12.04159,13.0384,13.0384,13.15295,12.04159,13.0384,13.15295,12.04159,13.15295,13.0384,13.0384,12.04159,12.04159,11.04536,12.04159,12.04159,12.04159,11.04536,11.04536,10.04988,11.04536,10.04988,10.04988,10.04988,10.0,9.0,21.09502,17.11724,20.39608,26.92582,22.84732,23.76973,24.75884,30.41381,28.6007,32.80244,35.38361,35.0,38.20995,41.10961,38.41875,44.04543,48.9183,48.83646,48.83646,48.79549,53.82379,52.00961,56.85068,58.0,55.15433,59.4138,66.48308,61.52235,56.0803,68.60029,64.3506,65.0,61.52235,72.47068,65.80274,65.19202,69.81404,60.44005,67.89698,60.82763,63.41136,62.28965,58.79626,68.68042,63.03174,64.38167,59.66574,59.46427,52.3259,49.67897,48.08326,50.60632,52.63079,48.10405,49.51767,48.79549,43.93177,56.64804,53.85165,51.88449,60.20797,58.66856,61.85467,60.74537,65.29931,67.62396,61.52235,63.65532,60.87693,65.8559,71.70077,64.3506,57.00877,63.24555,52.15362,51.0,54.3783,54.08327,55.54278,50.11986,49.64877,48.76474,44.28318,39.92493,39.21734,41.62932,38.32754,29.54657,29.83287,32.24903,28.63564,29.42788,26.24881,26.40076,29.41088,24.02082,24.73863,25.31798,26.92582,23.5372,29.41088,22.36068,30.01666,27.01851,29.01724,27.45906,29.01724,28.28427,24.73863,28.44293,23.08679,27.65863,24.04163,28.44293
4.24264,5.0,5.0,6.40312,6.40312,6.40312,7.2111,7.2111,7.81025,8.60233,9.21954,9.21954,9.21954,10.0,10.0,11.40175,10.0,10.0,10.81665,11.40175,10.63015,11.40175,11.40175,12.20656,12.80625,12.20656,13.0384,13.60147,13.89244,13.41641,12.20656,13.0384,13.0384,13.0384,13.0384,13.0384,13.60147,12.80625,12.20656,12.20656,12.20656,12.20656,12.20656,10.81665,10.81665,10.29563,10.81665,10.0,10.0,10.0,10.63015,10.0,13.60147,13.41641,16.12452,12.08305,16.12452,21.37756,20.22375,26.0,30.06659,27.01851,32.0,31.14482,39.01282,41.10961,37.12142,46.01087,48.04165,52.03845,46.04346,51.08816,61.13101,51.24451,59.3043,53.00943,56.0803,62.03225,56.0357,61.20457,55.03635,67.26812,55.0,64.00781,64.0,65.12296,59.13544,68.00735,65.37584,66.18912,68.18358,62.03225,61.13101,62.0,67.0,64.0,67.06713,56.0803,63.0,59.03389,51.0,48.04165,53.00943,47.01064,57.00877,49.0102,49.0408,46.09772,45.27693,58.5235,57.00877,62.58594,68.593,61.29437,59.07622,65.19202,65.03076,72.02777,68.11755,75.80237,66.75328,70.25667,70.34202,66.21933,63.15061,69.37579,59.80803,57.28001,61.98387,60.40695,53.22593,58.87274,55.56978,59.09315,47.53946,48.33218,42.05948,44.77723,43.86342,31.7805,38.94868,38.01316,31.30495,30.8707,30.08322,28.17801,23.32381,27.29469,30.88689,35.51056,24.41311,27.78489,27.01851,25.4951,16.27882,25.4951,22.47221,25.4951,31.40064,17.80449,16.27882,20.24846,24.08319,13.45362,21.9545,21.26029
3.16228,3.16228,4.0,5.09902,5.09902,5.09902,6.08276,6.32456,7.28011,7.28011,7.61577,8.24621,8.544,8.24621,8.24621,9.21954,9.21954,9.21954,9.21954,9.21954,10.19804,10.19804,10.44031,11.18034,11.40175,11.18034,11.18034,12.16553,12.16553,12.04159,11.18034,12.16553,12.04159,11.04536,11.04536,11.18034,12.16553,11.18034,11.18034,10.04988,11.18034,10.04988,11.04536,9.05539,9.05539,9.05539,9.05539,9.05539,9.05539,9.05539,9.21954,8.24621,13.45362,13.45362,20.12461,16.64332,16.55295,19.64688,19.41649,26.92582,26.92582,30.46309,32.89377,35.4683,37.94733,35.77709,38.47077,44.01136,48.76474,48.30114,52.83938,46.95743,59.09315,48.37355,54.626,55.4617,54.56189,57.38467,53.22593,57.38467,58.18075,66.85058,59.09315,66.85058,57.93962,67.6757,55.36244,65.78754,63.89053,65.51336,65.78754,62.58594,55.97321,62.24147,62.76942,65.9242,64.07808,56.0803,60.74537,55.36244,55.36244,48.10405,51.5461,50.0,50.69517,49.98,50.59644,47.53946,50.56679,56.0357,63.00794,51.40039,65.43699,60.1415,67.17887,61.52235,66.48308,70.03571,64.03124,69.33974,65.45991,72.67049,67.74216,69.35416,59.9333,71.19691,58.59181,61.29437,56.36488,56.35601,60.00833,45.88028,53.22593,49.98,52.39275,43.32436,48.70318,39.0,41.14608,31.7805,37.16181,33.10589,29.68164,34.0,30.80584,26.07681,25.05993,26.83282,24.18677,28.84441,25.05993,25.05993,24.41311,23.32381,24.16609,21.93171,21.18962,16.76305,15.81139,15.23155,15.52417,14.76482,13.92839,13.92839,13.0,10.0
4.12311,5.09902,5.38516,6.08276,6.08276,7.07107,7.07107,8.06226,7.07107,8.06226,9.05539,9.05539,10.04988,9.05539,10.0,11.04536,11.04536,10.0,11.04536,11.0,11.0,11.04536,10.0,12.04159,12.04159,12.04159,12.04159,12.04159,13.15295,12.16553,12.04159,12.04159,12.16553,12.16553,12.04159,12.04159,12.04159,12.04159,11.04536,11.04536,11.04536,11.18034,10.19804,10.19804,10.19804,9.21954,9.21954,9.21954,9.21954,10.19804,9.05539,9.05539,12.04159,10.77033,15.13275,16.12452,21.2132,19.0263,24.18677,29.01724,27.07397,30.41381,34.1321,37.01351,41.04875,39.31921,43.41659,44.18144,48.25971,49.36598,48.27007,49.64877,54.14795,51.92302,53.60037,53.60037,51.92302,54.57105,55.7315,60.40695,57.87055,61.20457,59.4138,59.84146,60.67125,64.07027,61.13101,60.67125,62.80127,66.06815,66.48308,59.4138,58.42089,60.29925,58.69412,61.0082,57.55867,56.14268,54.45181,55.08176,50.01,49.25444,48.09366,47.04253,53.08484,48.09366,48.09366,47.09565,46.87217,56.4358,55.47071,54.6443,63.82006,59.81639,63.03174,59.66574,66.46804,67.20863,67.94115,67.26812,66.6033,72.83543,68.41053,64.3506,65.45991,68.24222,63.81222,62.1289,59.16925,55.07268,57.70615,55.47071,54.70832,54.20332,51.86521,44.29447,45.65085,42.19005,42.43819,34.43835,39.11521,36.61967,32.44996,30.88689,30.80584,29.06888,27.65863,29.06888,32.52691,29.0,25.6125,25.0,22.2036,24.08319,21.47091,21.47091,19.23538,19.41649,19.20937,14.76482,14.76482,19.72308,14.42221,12.52996,11.31371,10.81665
3.60555,3.60555,4.47214,5.0,5.0,5.0,5.83095,6.40312,6.40312,6.40312,7.07107,7.07107,7.07107,7.81025,7.81025,8.48528,8.48528,8.48528,8.48528,8.48528,9.21954,9.21954,8.48528,9.21954,9.89949,9.89949,9.89949,10.63015,10.63015,10.63015,9.89949,9.89949,9.89949,9.89949,9.21954,9.21954,9.89949,8.48528,8.48528,8.48528,8.48528,7.81025,9.21954,7.81025,7.2111,7.2111,7.2111,7.2111,7.2111,7.2111,7.07107,6.40312,12.80625,14.14214,16.55295,16.49242,19.69772,20.80865,25.63201,28.17801,30.46309,29.52965,32.75668,33.61547,39.11521,38.07887,39.96248,44.41846,49.20366,47.43416,45.80393,51.0392,53.25411,53.2635,48.82622,50.60632,48.41487,56.40035,55.0,55.80323,58.41233,58.24946,53.60037,53.53504,55.97321,59.07622,55.56978,52.80152,57.98276,57.98276,55.47071,54.08327,58.83026,54.6443,53.25411,57.14018,50.21952,55.21775,48.02083,51.0392,43.82921,45.61798,44.77723,46.52956,45.31004,44.29447,42.05948,44.77723,41.34005,61.68468,55.71355,63.56886,63.89053,65.0,61.66036,60.63827,69.42622,75.66373,72.56032,73.10951,72.24957,78.1025,75.0,67.02984,76.00658,72.11103,71.25307,65.06919,63.03174,65.19202,67.60178,62.07254,61.13101,62.20129,60.07495,54.14795,48.16638,50.08992,49.0408,43.01163,44.01136,45.09989,38.01316,40.0,37.12142,37.48333,34.36568,36.22154,36.67424,31.257,34.52535,34.05877,32.24903,31.257,27.65863,29.42788,25.31798,22.02272,25.07987,21.2132,22.56103,25.07987,18.24829,20.0,16.03122,13.92839
4.12311,5.38516,5.38516,5.38516,6.32456,6.32456,6.32456,6.32456,7.28011,7.28011,8.24621,8.24621,8.24621,8.24621,8.06226,9.21954,8.24621,8.24621,8.24621,8.24621,9.21954,9.21954,9.05539,9.21954,9.21954,9.21954,9.48683,9.21954,9.48683,9.48683,8.24621,9.21954,9.48683,9.21954,9.48683,9.48683,9.21954,9.21954,8.24621,8.24621,8.24621,8.24621,7.28011,7.61577,7.28011,7.61577,7.28011,6.7082,6.32456,7.28011,7.28011,6.32456,15.0333,21.2132,19.72308,20.12461,24.18677,27.78489,27.20294,34.4093,32.75668,34.88553,37.80212,33.12099,41.67733,38.48376,41.62932,41.18252,49.24429,44.77723,43.65776,45.18849,51.97115,47.75982,45.69464,46.09772,48.8467,48.30114,48.8467,54.56189,47.01064,52.35456,47.85394,49.24429,50.69517,51.47815,49.92995,47.42362,50.24938,51.62364,49.64877,49.39636,49.64877,51.47815,47.41308,45.61798,45.17743,46.14109,44.10215,46.14109,38.58756,40.49691,40.80441,40.60788,36.61967,39.40812,37.73592,38.60052,38.94868,58.5235,59.07622,60.74537,63.82006,60.44005,66.21933,65.60488,66.8431,76.6942,70.83784,74.96666,70.71068,78.49204,73.0,71.58911,73.10951,75.74299,70.0,64.53681,70.17834,67.35726,68.0147,66.70832,64.53681,61.40033,62.24147,54.20332,58.89822,53.8145,55.15433,45.34314,48.83646,47.50789,41.6173,45.22168,42.19005,43.04649,43.56604,38.01316,40.70626,37.58989,38.91015,40.70626,38.01316,36.24914,34.48188,33.52611,29.73214,28.4605,31.01612,27.313,27.20294,25.07987,24.04163,21.58703,20.09975,19.10497
4.47214,3.60555,5.0,5.0,5.0,5.83095,5.83095,5.83095,5.83095,5.83095,5.83095,5.83095,5.83095,6.7082,6.7082,6.7082,6.7082,5.83095,6.7082,6.7082,6.7082,6.7082,6.7082,7.2111,6.7082,6.7082,6.7082,6.7082,7.2111,7.2111,6.7082,7.2111,7.2111,5.83095,5.83095,5.83095,6.7082,5.83095,5.83095,5.83095,5.83095,5.83095,5.83095,5.0,5.0,4.24264,5.0,5.0,5.0,5.0,5.0,5.0,20.88061,22.36068,22.36068,21.0238,26.83282,27.20294,29.68164,31.40064,33.83785,31.38471,33.01515,34.4093,38.07887,39.35734,36.67424,37.58989,42.48529,39.82462,37.12142,42.95346,42.54409,39.92493,38.27532,40.31129,39.0,40.70626,43.08132,42.94182,40.8534,45.18849,39.81206,42.48529,43.38202,41.67733,40.49691,42.94182,43.56604,45.48626,43.86342,39.82462,42.19005,39.82462,43.38202,44.10215,34.98571,36.35932,34.48188,36.35932,29.41088,28.84441,32.44996,30.80584,34.82815,32.64966,32.55764,32.80244,31.62278,61.7414,60.92618,65.0,65.55151,68.70953,67.72001,65.78754,67.72001,79.05694,78.16009,76.40026,77.62087,82.86133,81.02469,74.52516,78.64477,79.12016,77.66595,70.34202,72.8011,70.0928,73.24616,71.06335,68.96376,71.16881,67.77905,62.64184,61.68468,62.03225,58.13777,54.56189,52.7731,54.70832,47.80167,53.53504,51.08816,49.0408,46.75468,44.59821,48.79549,46.69047,45.0,43.18565,43.82921,35.0,35.77709,37.21559,35.35534,36.23534,34.9285,30.8707,31.32092,29.15476,25.0,30.36445,25.4951,25.07987
6.0,6.0,6.0,7.0,7.0,7.07107,7.0,7.0,7.0,7.0,8.06226,8.06226,8.06226,7.07107,7.07107,8.06226,8.06226,7.07107,7.07107,7.07107,7.07107,7.07107,7.07107,8.06226,8.06226,8.06226,8.06226,8.06226,8.06226,8.06226,7.07107,8.06226,8.06226,7.07107,8.06226,8.06226,8.24621,7.07107,7.07107,7.07107,7.07107,7.07107,7.07107,6.0,6.0,6.0,6.0,6.0,6.0,6.0,6.08276,6.08276,26.24881,25.29822,28.16026,26.07681,26.01922,29.01724,29.06888,32.0,33.06055,34.0147,35.0,32.06244,36.05551,35.01428,37.12142,37.01351,41.19466,35.12834,36.67424,35.0571,41.04875,38.20995,37.01351,35.22783,38.63936,36.34556,36.34556,41.10961,38.11824,41.10961,38.11824,40.60788,37.33631,39.20459,35.35534,41.19466,40.0125,37.01351,42.29657,35.51056,36.22154,39.81206,36.22154,36.22154,34.1321,33.24154,35.51056,33.06055,33.13608,30.06659,27.0,32.0,27.0,30.0,29.01724,32.0,33.01515,58.85576,66.21933,59.43904,69.37579,63.24555,71.47027,66.48308,71.47027,77.88453,72.73239,79.30952,79.05694,86.68333,78.77182,78.54935,78.0,83.81527,74.84651,77.25283,73.1642,70.5762,75.61085,68.62215,74.33034,70.5195,67.46851,60.72891,63.32456,59.22837,64.93843,50.35871,59.13544,57.00877,52.08647,54.03702,49.16299,50.24938,52.46904,47.85394,49.72927,46.57252,46.23851,47.75982,43.65776,41.78516,41.14608,36.76955,38.27532,32.44996,35.80503,34.4093,31.89044,34.20526,24.83948,29.83287,28.01785,24.59675
6.08276,6.0,6.0,6.0,6.0,6.08276,7.0,6.0,6.0,6.0,7.0,7.0,7.07107,6.0,6.08276,7.07107,7.0,6.08276,6.0,6.08276,6.08276,6.0,6.08276,6.0,6.08276,6.08276,6.08276,6.08276,6.08276,6.0,6.08276,6.08276,6.08276,6.08276,6.08276,6.08276,6.08276,5.09902,5.09902,5.09902,5.09902,5.09902,5.09902,5.09902,5.09902,5.09902,5.09902,5.0,5.0,5.0,5.09902,5.09902,30.61046,26.24881,29.06888,27.85678,30.8707,26.24881,33.24154,32.01562,30.08322,31.32092,32.55764,33.95585,35.17101,34.9285,32.57299,34.71311,36.40055,35.44009,31.32092,32.75668,36.05551,32.57299,29.83287,32.01562,28.79236,30.67572,30.67572,34.36568,32.31099,31.38471,32.57299,32.31099,29.41088,31.95309,31.32092,30.46309,31.01612,30.67572,30.46309,33.54102,30.08322,31.76476,29.54657,29.06888,29.73214,28.23119,26.92582,25.29822,25.63201,23.76973,26.92582,25.29822,24.73863,25.70992,25.63201,27.85678,28.23119,60.44005,58.82176,60.44005,65.29931,65.11528,68.68042,66.6033,70.0928,79.24645,73.59348,77.83315,77.10383,83.63014,81.32035,78.49204,77.7946,84.29116,79.20859,74.96666,77.83315,73.66139,80.05623,71.58911,73.0,72.91776,68.8186,65.0,67.20119,63.00794,65.51336,54.58938,62.6099,57.27128,53.75872,57.93962,54.40588,51.41984,56.29387,48.83646,52.08647,49.16299,50.01,51.0098,49.25444,44.10215,45.17743,43.17407,43.93177,42.2019,39.56008,39.56008,37.33631,37.0,31.76476,36.71512,31.90611,29.69848
5.0,6.0,6.08276,6.0,6.08276,6.0,6.08276,6.08276,6.0,5.09902,6.08276,6.08276,6.08276,5.09902,5.0,6.08276,5.09902,5.0,5.0,5.0,5.0,5.0,5.0,5.0,5.0,5.0,5.0,5.0,5.0,5.0,5.0,5.0,5.0,5.0,5.09902,5.09902,5.09902,4.12311,4.12311,4.12311,4.12311,4.12311,4.12311,4.12311,4.12311,4.12311,4.12311,4.12311,4.0,4.0,4.12311,4.12311,29.52965,29.68164,32.98485,31.04835,32.38827,30.59412,32.55764,33.37664,34.71311,32.14032,33.06055,33.37664,35.35534,33.24154,35.22783,34.05877,36.0,36.12478,33.73426,30.59412,35.12834,31.14482,30.0,32.14032,30.41381,31.257,29.61419,31.01612,28.16026,31.14482,30.41381,31.57531,29.27456,33.54102,29.27456,32.24903,30.26549,29.61419,30.80584,28.4605,29.42788,29.41088,30.59412,28.63564,29.42788,28.4605,24.69818,25.31798,24.04163,22.36068,22.56103,25.96151,23.19483,23.34524,24.0,21.84033,26.57066,59.94164,61.29437,62.26556,67.60178,65.19202,68.26419,67.95587,70.45566,79.92496,76.55064,79.32213,79.88116,87.46428,82.37718,80.21222,80.70936,88.68484,80.70936,78.89233,76.8505,77.93587,81.63333,78.03204,74.24958,77.89737,74.73286,68.44706,69.857,69.07966,70.88018,59.20304,66.76077,63.34824,60.01666,62.514,62.07254,59.0,60.07495,56.4358,58.69412,57.55867,56.08921,53.15073,53.16014,50.28916,48.10405,49.33559,44.77723,45.61798,42.54409,45.79301,43.82921,41.40048,35.38361,40.45986,35.38361,35.80503
6.7082,6.7082,7.61577,7.61577,7.61577,6.7082,6.7082,6.7082,6.7082,6.7082,6.7082,6.7082,6.7082,6.7082,6.7082,6.7082,6.32456,6.7082,5.83095,6.7082,5.83095,6.7082,5.83095,6.7082,5.83095,5.83095,5.83095,6.7082,5.83095,5.83095,5.83095,5.83095,5.83095,5.83095,5.0,5.0,5.0,5.0,5.0,5.0,5.0,5.0,5.0,4.24264,5.0,3.60555,5.0,5.0,5.0,5.0,4.24264,4.24264,36.05551,33.12099,34.17601,33.24154,37.65634,34.20526,36.67424,34.52535,35.35534,33.95585,35.0571,35.35534,36.12478,36.67424,33.73426,36.12478,36.67424,34.52535,33.13608,33.24154,33.06055,35.35534,29.15476,29.06888,31.57531,31.57531,33.73426,31.257,29.27456,29.06888,26.30589,26.4764,29.61419,31.14482,30.01666,25.96151,30.80584,30.41381,28.16026,25.96151,28.86174,27.20294,26.57066,27.85678,24.35159,27.51363,23.08679,27.20294,20.61553,21.18962,21.54066,22.56103,23.76973,22.36068,21.18962,24.04163,22.36068,59.36329,56.0357,63.24555,60.74537,67.00746,64.81512,67.42403,67.47592,75.45197,78.74643,75.9276,77.46612,83.60024,78.87332,75.28612,83.40863,78.23682,79.39773,72.20111,74.4043,78.00641,79.05694,76.02631,75.47185,75.71658,76.48529,67.23095,66.24198,69.77822,66.48308,62.29767,63.60031,62.64184,61.0,65.30697,59.21149,61.07373,60.00833,54.00926,60.13319,53.03772,62.0967,53.15073,59.20304,47.75982,50.28916,49.98,47.85394,49.65884,50.08992,44.65423,43.56604,40.81666,40.60788,44.04543,37.48333,39.59798
6.32456,7.28011,6.08276,7.28011,6.32456,6.32456,6.32456,6.32456,6.32456,6.08276,6.32456,6.08276,6.08276,6.08276,6.32456,6.08276,6.08276,5.09902,5.09902,5.38516,5.38516,5.38516,4.47214,5.09902,5.09902,5.38516,5.38516,4.47214,5.38516,5.38516,4.47214,4.47214,4.47214,4.47214,4.47214,4.47214,4.47214,3.60555,3.60555,3.60555,3.60555,3.60555,3.60555,3.60555,3.60555,3.60555,3.60555,3.60555,3.60555,3.60555,3.60555,3.60555,34.98571,34.98571,33.97058,33.24154,34.65545,32.52691,34.71311,34.20526,34.20526,33.30165,34.82815,33.30165,35.60899,34.82815,31.89044,34.4093,35.80503,32.75668,31.40064,31.89044,30.61046,30.41381,27.45906,27.65863,28.3196,27.65863,29.69848,25.80698,24.08319,29.73214,25.4951,26.90725,24.08319,26.24881,26.24881,22.80351,24.08319,23.43075,22.67157,26.07681,25.6125,26.07681,21.63331,23.43075,21.9545,25.23886,19.23538,20.80865,19.23538,18.86796,20.80865,20.24846,20.0,18.60108,19.20937,20.24846,21.0238,58.13777,55.31727,60.60528,60.80296,64.89992,63.51378,63.51378,68.60029,77.10383,74.62573,74.33034,74.4043,83.00602,80.1561,74.79305,79.40403,79.05694,81.12336,70.72482,76.66159,75.47185,80.70936,76.02631,75.0,75.60423,73.5527,69.52697,68.0147,66.52819,68.593,60.959,61.7171,62.00806,58.60034,64.40497,61.91123,61.29437,60.41523,55.9464,59.77458,57.58472,57.97413,55.31727,57.07013,51.78803,52.08647,51.24451,49.49747,48.01042,48.0,45.09989,47.38143,47.09565,40.1995,45.12206,38.60052,38.60052
5.83095,5.38516,6.32456,6.7082,6.32456,5.38516,6.32456,5.38516,6.32456,5.38516,6.32456,5.38516,5.38516,5.38516,5.38516,5.09902,5.09902,4.12311,4.12311,4.12311,4.47214,4.47214,4.12311,4.12311,4.47214,4.12311,3.16228,4.47214,4.47214,3.60555,3.60555,3.60555,3.60555,3.60555,3.60555,2.82843,3.60555,2.82843,3.60555,2.82843,2.82843,2.82843,2.82843,2.82843,2.82843,2.82843,2.82843,2.82843,2.82843,2.82843,2.23607,2.82843,39.45884,34.05877,40.1995,32.24903,36.05551,32.24903,35.1141,36.40055,35.77709,32.55764,34.20526,34.78505,35.1141,36.40055,29.73214,30.8707,34.53983,32.20248,29.54657,27.313,33.10589,28.4605,31.76476,31.32092,23.76973,27.20294,30.08322,25.94224,26.07681,30.46309,25.29822,24.73863,26.40076,29.73214,21.2132,22.80351,23.76973,21.18962,20.39608,22.02272,24.33105,23.34524,24.73863,23.4094,26.1725,22.2036,22.02272,19.92486,20.02498,20.09975,21.09502,20.09975,15.52417,21.37756,20.61553,19.10497,19.0263,58.13777,61.07373,60.13319,63.63961,62.514,67.08204,65.37584,70.45566,75.13322,69.35416,73.68175,75.23962,81.09871,80.22468,76.29548,74.67262,84.71718,77.10383,77.23341,75.42546,74.33034,78.16009,75.02666,76.10519,74.00676,72.69113,71.00704,67.18631,67.06713,72.69113,57.97413,67.91171,63.60031,59.23681,60.74537,59.80803,57.3062,61.91123,54.81788,58.41233,58.60034,59.46427,55.31727,54.48853,55.31727,51.08816,51.40039,53.2635,46.87217,46.87217,50.53712,45.18849,45.17743,40.31129,48.46648,47.07441,39.56008
9.21954,8.60233,8.60233,8.60233,8.60233,7.81025,8.60233,8.60233,8.60233,8.60233,7.2111,8.06226,7.81025,7.2111,7.2111,8.06226,7.2111,6.40312,6.7082,6.40312,6.40312,5.83095,5.0,5.83095,6.40312,5.83095,5.0,6.40312,6.40312,5.0,5.0,5.0,5.65685,5.0,5.0,5.0,5.0,5.0,5.0,5.0,3.60555,3.60555,5.0,3.60555,3.60555,3.60555,3.60555,4.47214,3.60555,4.47214,3.16228,3.16228,42.42641,35.69314,43.01163,38.47077,39.01282,39.01282,44.10215,39.01282,37.05401,39.05125,36.01389,35.69314,36.22154,36.12478,35.12834,36.40055,41.4367,37.21559,33.95585,32.24903,35.69314,24.33105,26.30589,31.40064,26.4764,30.26549,29.06888,25.96151,23.02173,26.01922,22.2036,24.02082,24.0,25.07987,21.0238,26.07681,26.01922,21.0238,21.2132,19.69772,22.13594,22.36068,20.61553,21.37756,20.39608,22.82542,18.86796,18.24829,13.92839,17.88854,17.46425,18.02776,18.97367,18.97367,18.78829,15.6205,18.86796,57.87055,54.58938,57.31492,60.13319,61.20457,62.1289,62.1289,64.28063,74.16873,69.02898,74.02702,73.33485,78.40918,76.1643,75.00667,73.00685,79.15807,72.00694,76.02631,73.0,68.00735,74.00676,71.00704,72.11103,74.24284,67.74216,66.18912,66.48308,61.40033,68.15424,56.29387,63.60031,61.61169,59.5063,63.56099,60.83584,55.9464,56.60389,57.42822,63.00794,55.21775,58.72819,58.69412,57.98276,52.63079,60.60528,52.20153,51.86521,52.20153,53.85165,49.73932,47.85394,50.77401,45.17743,50.08992,47.12749,42.2019
9.05539,8.24621,8.24621,9.21954,8.24621,8.06226,8.24621,8.24621,8.24621,7.28011,8.24621,8.24621,8.24621,7.28011,7.28011,7.28011,7.28011,6.32456,6.32456,6.32456,6.32456,6.32456,5.09902,6.32456,6.32456,6.08276,5.09902,5.09902,5.38516,5.09902,5.09902,5.09902,5.09902,5.09902,5.0,4.0,4.0,4.0,4.0,4.0,4.0,4.0,4.0,4.0,3.0,4.0,3.0,4.0,3.0,4.0,3.16228,3.16228,41.59327,43.909,47.63402,39.40812,43.93177,36.61967,42.42641,40.31129,41.7732,43.93177,37.53665,37.64306,41.03657,34.82815,35.60899,38.8973,39.69887,36.12478,31.82766,33.97058,37.53665,32.55764,29.41088,31.82766,27.58623,27.65863,31.241,25.4951,27.65863,29.06888,24.75884,27.80288,27.58623,24.83948,24.20744,20.61553,22.80351,27.01851,26.07681,23.32381,25.80698,24.35159,21.9545,19.72308,17.72005,21.84033,20.61553,18.43909,17.46425,18.38478,21.2132,18.43909,15.52417,19.10497,15.52417,19.23538,19.41649,52.92447,51.0,56.35601,58.66856,57.98276,59.36329,57.70615,62.68174,73.24616,72.8011,69.81404,72.11103,72.20111,76.05919,72.24957,73.24616,78.23682,74.96666,70.60453,68.88396,73.5527,78.24321,72.34639,71.70077,75.9276,74.88658,71.21798,65.0,66.85058,67.23095,55.07268,62.6099,56.85948,55.36244,61.84658,58.5235,57.56735,59.66574,54.91812,55.44367,53.15073,61.07373,58.00862,58.03447,55.03635,53.03772,50.0,53.08484,54.14795,53.36666,46.87217,53.60037,54.81788,46.09772,48.08326,49.39636,39.29377
8.94427,8.544,8.24621,8.544,8.24621,8.544,8.544,8.544,7.61577,7.28011,8.544,8.24621,7.61577,7.28011,7.28011,8.24621,7.28011,6.32456,7.28011,6.32456,6.32456,6.32456,6.32456,6.32456,6.32456,6.32456,6.32456,6.32456,6.08276,6.08276,5.38516,5.38516,5.09902,5.09902,5.38516,4.47214,4.47214,4.47214,4.12311,4.12311,4.47214,4.47214,4.12311,4.12311,4.12311,3.16228,3.60555,3.16228,3.16228,3.60555,3.60555,3.60555,46.69047,42.42641,45.60702,41.7732,45.0,45.0,44.41846,47.43416,43.82921,46.40043,42.72002,45.48626,46.32494,44.77723,42.80187,44.77723,46.64762,43.04649,42.19005,38.58756,43.56604,36.05551,36.67424,36.89173,33.28663,36.61967,30.88689,36.71512,33.12099,35.34119,31.38471,33.01515,29.68164,32.75668,28.6531,28.84441,30.01666,27.78489,26.07681,29.20616,25.23886,24.83948,24.41311,22.80351,22.2036,22.67157,24.08319,21.93171,20.0,20.61553,19.84943,18.43909,20.51828,18.38478,19.79899,21.40093,19.72308,47.42362,49.98,47.53946,50.92151,49.0408,55.36244,53.85165,57.00877,64.32729,64.32729,63.34824,68.44706,76.90254,71.70077,74.43118,69.11584,79.15807,71.06335,72.11103,72.00694,71.0,77.0,69.02898,75.02666,72.00694,72.24957,68.02941,75.00667,68.00735,73.06162,61.07373,68.00735,62.20129,62.514,64.38167,59.03389,58.0517,63.06346,60.44005,63.60031,63.78871,59.46427,58.24088,58.87274,54.78138,53.22593,55.03635,52.80152,54.58938,52.7731,52.69725,55.21775,55.00909,45.48626,51.86521,47.80167,48.82622
7.81025,7.81025,8.60233,8.60233,7.81025,8.60233,8.60233,7.81025,7.81025,7.81025,8.60233,8.60233,8.60233,7.81025,7.81025,7.81025,7.2111,6.40312,7.2111,7.07107,6.40312,6.40312,5.65685,6.40312,6.40312,6.40312,6.40312,6.40312,6.40312,5.83095,5.65685,5.65685,5.65685,5.65685,5.0,4.24264,5.65685,5.0,4.24264,4.24264,4.24264,4.24264,4.24264,4.24264,3.60555,3.60555,3.60555,3.60555,3.60555,3.60555,3.60555,3.16228,46.27094,39.05125,47.16991,40.11234,47.01064,41.04875,46.27094,50.03998,49.25444,40.0,44.01136,46.27094,45.09989,51.0392,43.01163,47.67599,49.0102,48.6621,46.17359,42.10701,44.01136,40.0,40.31129,39.01282,41.19466,42.19005,36.01389,43.0,42.29657,45.09989,31.01612,32.01562,37.65634,36.0,38.11824,35.35534,35.0,33.01515,35.0571,30.01666,27.16616,30.26549,29.42788,30.26549,27.16616,24.08319,25.96151,28.28427,23.08679,23.08679,23.08679,25.29822,23.5372,23.76973,27.51363,19.69772,22.47221,48.25971,44.40721,49.36598,50.44799,54.12024,53.75872,53.48832,57.56735,61.68468,63.90618,65.39113,60.00833,67.97794,69.97142,66.57327,73.00685,70.45566,72.8011,70.29225,72.62231,72.62231,76.57676,74.51845,73.60027,71.42129,73.40981,69.29646,67.88225,62.28965,72.24957,57.31492,65.19202,63.12686,56.61272,64.2028,54.20332,59.64059,61.05735,58.82176,61.05735,60.20797,64.41273,58.18075,63.06346,55.03635,53.22593,53.85165,52.39275,52.92447,61.46544,55.08176,52.0,49.64877,54.12947,55.36244,47.53946,44.38468
9.21954,9.21954,9.48683,9.21954,9.48683,9.48683,9.48683,9.48683,9.48683,9.48683,9.48683,9.48683,9.21954,9.48683,9.21954,9.48683,8.544,8.544,8.544,8.544,8.24621,8.544,8.24621,8.544,8.24621,8.544,7.61577,8.544,7.61577,7.61577,7.28011,7.28011,7.28011,6.32456,7.28011,7.28011,7.28011,6.08276,6.08276,6.08276,6.08276,6.08276,6.08276,5.09902,5.09902,5.09902,5.09902,5.09902,5.0,5.0,5.0,5.0,46.48656,48.10405,41.7732,45.60702,47.07441,40.26164,45.54119,44.91102,39.05125,41.10961,43.0,46.27094,48.04165,50.08992,46.52956,45.01111,45.39824,47.67599,37.48333,42.29657,47.04253,45.01111,44.18144,42.04759,41.4367,39.01282,40.11234,41.10961,39.81206,38.0526,38.0526,40.04997,37.33631,38.01316,31.01612,36.34556,39.05125,36.01389,33.37664,35.0571,34.1321,31.01612,25.4951,30.08322,25.70992,28.16026,31.14482,31.57531,25.01999,27.16616,25.31798,25.07987,20.88061,22.56103,24.73863,23.08679,26.0,45.61798,42.94182,41.59327,46.87217,53.25411,49.81967,52.00961,55.17246,64.44377,62.93648,62.96825,64.3506,70.76722,63.78087,60.21628,66.61081,71.21798,66.85058,66.0303,68.96376,69.35416,70.72482,71.11962,70.83078,72.11103,69.64194,64.49806,62.76942,69.46222,69.11584,56.30275,64.66065,61.91123,59.40539,62.20129,62.482,60.1415,64.44377,54.03702,60.1415,56.56854,60.82763,57.28001,60.87693,53.8145,49.20366,51.85557,53.2635,55.80323,55.21775,49.40648,54.6443,54.08327,50.21952,59.16925,54.08327,50.60632
8.06226,7.81025,9.21954,8.60233,9.21954,7.81025,8.48528,8.48528,8.48528,8.48528,9.21954,9.21954,8.60233,8.48528,7.81025,9.21954,8.48528,7.81025,7.81025,8.48528,7.07107,7.81025,7.07107,8.48528,7.81025,7.07107,7.07107,7.81025,7.81025,7.07107,7.07107,7.07107,7.07107,7.07107,6.40312,5.65685,6.40312,6.40312,5.65685,5.65685,5.65685,5.0,5.0,5.0,5.0,4.24264,5.0,5.0,5.0,5.38516,4.47214,4.47214,50.08992,47.01064,46.09772,45.88028,46.09772,41.10961,44.72136,51.24451,43.28972,43.41659,46.69047,45.39824,49.64877,46.38965,49.25444,49.0102,52.15362,50.15974,49.36598,45.17743,46.09772,48.50773,44.10215,44.04543,46.09772,48.09366,42.10701,45.01111,44.01136,43.01163,39.01282,38.0526,42.04759,43.04649,43.01163,37.21559,41.10961,39.05125,38.32754,33.06055,36.05551,35.69314,35.12834,38.11824,35.0571,32.24903,29.41088,35.51056,27.20294,25.17936,27.16616,27.29469,28.28427,30.67572,28.86174,29.41088,29.54657,38.01316,45.17743,41.67733,46.04346,44.28318,47.70744,48.01042,49.51767,51.61395,54.81788,56.56854,57.31492,65.29931,61.6198,62.62587,57.48913,67.00746,66.85058,62.36986,69.11584,67.95587,69.33974,60.53924,66.57327,67.41662,69.81404,66.24198,59.9333,57.80138,64.3506,56.35601,62.76942,52.43091,55.47071,57.80138,57.38467,53.41348,54.67175,58.79626,56.58622,57.28001,59.5483,55.17246,60.44005,50.9902,50.20956,53.75872,52.43091,48.82622,57.62812,49.20366,45.48626,55.9017,41.40048,51.31277,54.626,43.65776
9.89949,9.21954,10.0,10.63015,10.63015,10.63015,10.0,10.0,10.0,10.0,10.63015,10.81665,10.63015,10.0,10.0,11.40175,10.0,9.21954,10.0,10.0,9.21954,10.0,8.60233,9.43398,10.0,9.43398,9.43398,9.43398,9.43398,9.43398,8.60233,8.60233,8.60233,8.60233,8.06226,7.81025,7.81025,7.81025,7.81025,7.81025,7.81025,7.81025,7.81025,6.40312,6.40312,6.40312,7.07107,7.07107,7.07107,7.07107,6.40312,6.40312,40.71855,44.59821,47.12749,43.32436,49.25444,50.9902,44.91102,40.60788,48.09366,44.72136,47.85394,46.17359,53.75872,53.08484,44.04543,50.08992,54.00926,56.0803,49.36598,46.38965,53.08484,49.49747,48.01042,47.51842,48.37355,46.69047,41.04875,44.01136,46.04346,47.16991,34.0147,46.27094,41.19466,47.16991,42.0119,45.01111,41.19466,42.10701,39.05125,36.12478,37.0,38.20995,39.01282,40.0125,33.54102,34.9285,32.57299,33.0,32.24903,26.07681,30.59412,30.36445,33.37664,26.24881,25.96151,25.05993,31.01612,37.21559,39.96248,47.16991,50.77401,47.88528,47.43416,48.41487,51.61395,60.44005,57.31492,58.13777,59.4138,67.17887,62.93648,68.24222,64.03124,70.80254,64.89992,65.60488,66.88797,64.07027,69.64194,65.45991,68.50547,69.64194,68.60029,62.17717,64.49806,61.29437,63.52952,54.08327,64.07027,56.93856,59.81639,60.46487,61.40033,61.07373,56.58622,59.39697,60.1415,59.4138,56.63921,55.86591,61.40033,48.16638,49.0408,54.03702,55.0,54.6443,47.70744,54.91812,55.07268,52.69725,44.20407,52.83938,52.3259,47.88528
9.48683,9.21954,9.21954,10.19804,9.21954,9.48683,10.19804,9.21954,10.19804,9.21954,10.44031,10.19804,10.44031,9.21954,9.21954,10.19804,9.21954,9.21954,9.05539,9.21954,8.24621,9.05539,8.24621,9.05539,9.21954,9.21954,9.05539,9.05539,9.05539,8.06226,8.06226,8.06226,8.06226,8.06226,8.06226,7.07107,8.24621,7.28011,7.07107,7.07107,7.28011,7.28011,7.07107,6.08276,6.08276,6.08276,6.08276,6.08276,6.32456,6.32456,5.38516,5.83095,46.52956,39.31921,50.32892,48.37355,48.38388,47.80167,49.24429,53.14132,47.53946,49.24429,49.24429,52.92447,54.78138,56.82429,55.65968,51.07837,55.54278,50.69517,52.20153,51.07837,52.35456,49.39636,47.01064,46.64762,43.86342,46.09772,50.15974,45.65085,47.01064,45.27693,44.72136,48.37355,45.61798,44.41846,48.54894,43.04649,39.11521,45.18849,39.92493,45.18849,46.95743,39.56008,37.16181,39.0,39.84972,41.23106,38.07887,38.62642,33.83785,28.79236,33.24154,34.20526,33.24154,30.8707,32.57299,34.9285,34.71311,38.01316,39.62323,47.38143,49.36598,49.64877,51.66237,50.21952,54.40588,60.87693,57.28001,64.4748,66.12866,66.85058,64.88451,61.58734,67.41662,69.64194,68.26419,63.81222,63.82006,62.42596,65.60488,65.21503,62.62587,69.02898,68.24222,62.00806,62.62587,63.12686,61.61169,56.85948,61.61169,58.83026,55.9017,59.94164,58.60034,59.09315,61.84658,55.97321,59.77458,55.4617,62.36185,61.03278,50.0,55.54278,56.75385,54.74486,52.7731,57.42822,50.01,51.35173,58.03447,57.48913,47.04253,57.14018,46.01087,43.18565
9.89949,9.21954,10.0,10.63015,10.63015,9.89949,10.63015,10.0,10.63015,10.0,10.63015,10.63015,10.63015,10.63015,9.89949,10.63015,10.0,9.21954,9.21954,9.21954,9.21954,9.21954,8.48528,9.21954,9.21954,9.21954,8.60233,9.21954,9.21954,8.60233,8.48528,9.21954,9.21954,8.60233,7.81025,7.81025,8.48528,7.81025,7.07107,7.07107,7.07107,7.07107,7.07107,6.40312,7.07107,6.40312,7.07107,7.07107,6.40312,6.40312,6.40312,6.40312,44.94441,48.8774,46.2277,49.40648,48.16638,51.85557,51.22499,53.75872,50.24938,52.34501,53.07542,53.75872,57.28001,54.45181,54.20332,53.74012,58.79626,55.17246,53.2635,53.07542,56.63921,49.67897,50.24938,50.24938,47.63402,48.10405,48.10405,50.93133,50.32892,48.9183,44.59821,46.75468,45.25483,49.51767,44.82187,42.42641,43.84062,43.86342,47.50789,43.13931,41.03657,42.42641,41.10961,41.03657,39.82462,39.62323,34.71311,41.01219,35.38361,34.05877,36.12478,33.42155,33.97058,32.20248,36.61967,35.80503,34.0,40.02499,41.19466,42.42641,46.04346,46.09772,50.03998,47.01064,52.23983,57.14018,55.7315,58.85576,58.0517,65.9242,63.56099,60.44005,61.68468,67.18631,62.03225,61.68468,63.24555,64.51356,67.41662,62.96825,62.39391,65.79514,62.36185,58.69412,59.23681,56.30275,59.77458,52.81098,54.40588,57.87055,54.34151,54.57105,50.48762,53.60037,51.47815,49.25444,55.14526,52.23983,52.00961,54.0,51.08816,47.09565,50.15974,48.50773,46.87217,47.29693,50.80354,45.89118,50.0,48.76474,44.59821,48.70318,47.42362,45.61798
9.0,9.0,9.05539,10.0,10.0,9.0,10.0,9.0,9.0,9.0,9.0,9.0,9.0,9.0,8.0,9.0,8.0,8.0,8.06226,8.06226,8.0,8.06226,7.0,8.06226,7.07107,8.06226,7.07107,7.07107,7.07107,8.06226,7.07107,7.07107,7.07107,7.07107,6.08276,7.07107,7.0,6.08276,6.08276,6.08276,6.0,6.08276,6.08276,5.09902,5.0,6.08276,5.0,5.09902,5.09902,5.09902,6.0,5.0,46.61545,46.51881,44.38468,44.38468,49.39636,44.38468,46.61545,50.32892,46.48656,45.54119,47.16991,48.75449,51.62364,47.75982,47.12749,44.27189,51.26402,48.08326,44.59821,45.88028,46.48656,44.01136,39.05125,40.8534,41.78516,41.78516,39.21734,39.56008,39.84972,42.75512,38.60052,41.10961,36.05551,37.36308,36.67424,36.68787,36.40055,38.07887,32.89377,34.78505,33.83785,34.17601,32.31099,36.40055,32.31099,30.46309,30.67572,31.04835,27.85678,28.4605,29.15476,27.20294,28.79236,26.40076,28.63564,29.06888,28.84441,50.0,49.49747,49.49747,52.46904,54.45181,53.15073,54.12947,57.07013,67.26812,61.84658,65.0,63.32456,71.38627,69.26038,68.00735,66.48308,71.47027,66.12866,65.0,68.70953,63.90618,70.5762,68.96376,62.93648,64.84597,63.78871,60.72891,63.56099,59.48109,60.41523,53.75872,54.74486,53.33854,57.07889,55.14526,53.00943,53.0,53.46027,49.49747,53.93515,52.7731,51.41984,47.80167,51.86521,45.31004,47.53946,47.53946,41.59327,45.27693,41.67733,44.20407,41.86884,44.20407,37.20215,44.55334,41.03657,43.01163
9.43398,8.94427,9.84886,10.29563,10.29563,9.43398,10.29563,8.94427,9.43398,8.94427,9.84886,9.84886,8.94427,8.94427,8.06226,8.94427,7.61577,8.06226,8.06226,8.06226,8.06226,8.06226,6.7082,7.61577,7.61577,7.61577,6.7082,7.61577,7.61577,6.7082,6.7082,6.7082,6.7082,6.7082,5.83095,5.83095,6.7082,5.83095,5.83095,5.83095,5.83095,5.83095,5.83095,5.0,5.0,5.0,5.0,5.0,5.0,5.0,5.0,5.0,43.56604,46.52956,45.69464,43.46263,47.16991,46.17359,46.48656,47.75982,43.9659,47.53946,44.14748,45.88028,47.75982,45.88028,46.17359,44.27189,50.32892,43.01163,38.62642,42.05948,40.26164,39.56008,35.17101,40.26164,38.62642,38.32754,34.20526,36.13862,35.73514,36.13862,34.48188,36.13862,33.52611,32.98485,30.26549,33.24154,34.71311,32.28002,32.69557,28.44293,27.20294,26.0,31.30495,28.23119,28.63564,28.79236,25.63201,27.85678,26.0,23.08679,22.80351,23.4094,24.16609,24.16609,25.0,24.41311,25.6125,49.64877,51.35173,53.15073,55.03635,58.03447,58.00862,58.03447,63.00794,69.00725,65.27634,68.26419,67.18631,74.16873,71.44928,69.2315,71.70077,73.43705,71.58911,70.5762,70.5762,68.24954,71.84706,69.87131,71.19691,70.40597,68.35934,61.81424,64.38167,63.28507,64.12488,54.0,58.00862,58.07753,53.75872,59.3043,52.17279,53.60037,55.7853,53.36666,56.61272,52.88667,55.03635,51.42956,52.7731,50.24938,45.48626,46.40043,48.01042,46.8615,49.40648,46.8615,45.96738,45.27693,43.84062,48.10405,47.20169,45.22168
9.21954,9.48683,9.48683,9.48683,9.48683,9.21954,9.48683,9.48683,9.48683,8.544,9.48683,8.544,8.544,8.544,8.24621,8.544,7.61577,7.28011,7.61577,7.61577,7.28011,7.61577,6.32456,6.7082,6.7082,6.7082,6.7082,6.7082,6.7082,6.7082,6.32456,6.32456,6.7082,6.32456,6.32456,5.38516,6.08276,5.38516,5.38516,5.09902,5.09902,5.09902,5.09902,5.09902,4.12311,4.12311,5.09902,5.09902,5.09902,5.09902,4.0,4.0,50.08992,49.25444,47.26521,48.0,47.26521,44.04543,48.16638,49.36598,47.38143,42.42641,45.39824,46.27094,47.67599,47.38143,44.10215,45.12206,46.69047,45.70558,40.4475,42.29657,42.75512,38.47077,38.32754,39.05125,36.34556,37.21559,33.54102,35.44009,37.85499,37.0,32.28002,32.01562,36.87818,34.78505,30.08322,32.38827,34.71311,31.57531,31.57531,29.06888,29.61419,26.01922,28.07134,28.16026,29.01724,27.01851,25.17936,27.01851,21.0,22.09072,23.02173,22.02272,25.07987,23.19483,26.01922,23.34524,22.13594,54.81788,51.86521,54.6443,57.98276,58.24946,58.18075,58.66856,62.64982,69.35416,71.11259,67.53518,70.66116,78.39005,74.73286,73.92564,75.27284,75.02666,73.37575,72.91776,72.11103,75.76939,78.74643,68.00735,75.02666,71.16881,72.91776,64.62198,65.55151,63.32456,65.76473,59.94164,61.7171,59.68249,55.75841,57.14018,57.98276,55.31727,57.48913,53.03772,58.0,53.75872,55.31727,52.63079,54.40588,46.2277,51.10773,50.77401,46.52956,49.1935,50.08992,48.10405,48.70318,48.10405,42.72002,48.76474,49.0306,46.52956
9.48683,8.94427,8.94427,8.94427,8.94427,8.544,8.94427,8.94427,8.94427,8.06226,8.544,8.94427,8.544,7.61577,7.61577,8.06226,7.61577,7.61577,6.7082,6.7082,6.7082,6.7082,6.7082,6.7082,6.7082,6.7082,5.83095,6.7082,5.83095,5.83095,5.38516,5.38516,5.38516,5.38516,5.38516,5.38516,5.38516,5.09902,5.09902,5.09902,5.09902,5.09902,5.09902,4.12311,5.09902,4.12311,4.12311,4.12311,4.0,4.0,4.0,4.0,43.56604,42.57934,48.08326,46.23851,47.43416,43.32436,46.48656,49.0408,44.27189,48.46648,44.38468,44.72136,45.69464,42.15448,45.22168,42.15448,44.38468,42.48529,42.15448,40.31129,43.86342,38.07887,37.21559,36.67424,34.0147,35.35534,31.30495,34.48188,31.7805,35.35534,33.61547,35.51056,31.7805,34.48188,29.68164,29.96665,28.30194,28.17801,27.73085,26.07681,27.73085,30.08322,28.16026,25.29822,24.35159,24.04163,26.24881,23.08679,23.5372,22.56103,23.08679,23.76973,20.61553,20.09975,21.0238,23.02173,23.08679,53.00943,52.69725,52.20153,60.44005,56.40035,60.87693,59.66574,63.78087,67.35726,65.05382,70.03571,70.83784,77.7946,72.47068,73.87828,69.81404,79.39773,71.21798,72.62231,72.62231,69.42622,76.05919,68.60029,73.24616,73.81734,72.24957,67.20119,66.85058,63.25346,68.62215,54.45181,67.20863,59.5483,58.0517,61.7171,58.24946,54.6443,59.07622,55.22681,56.4358,55.47071,55.9464,56.79789,49.64877,51.26402,52.39275,49.24429,50.21952,47.51842,48.6621,49.0306,49.36598,51.47815,42.10701,47.0,48.09366,45.27693
8.60233,8.60233,9.21954,8.60233,8.60233,8.60233,8.60233,7.81025,8.60233,7.81025,8.60233,7.81025,7.81025,7.81025,7.81025,7.81025,7.07107,6.40312,7.07107,7.07107,6.40312,7.07107,6.40312,7.07107,6.40312,6.40312,5.65685,6.40312,6.40312,5.65685,5.65685,5.65685,5.65685,5.65685,5.0,5.0,5.0,5.0,5.0,5.0,4.47214,4.47214,4.47214,3.60555,3.60555,3.60555,3.60555,4.47214,4.47214,4.12311,4.12311,3.16228,43.82921,44.27189,46.52956,43.93177,41.59327,44.40721,42.57934,47.85394,39.31921,44.91102,41.7732,39.31921,43.56604,38.32754,42.29657,41.04875,45.35416,39.20459,38.11824,35.35534,42.04759,32.24903,34.1321,33.0,33.01515,34.0,32.06244,32.01562,30.0,32.01562,31.14482,31.06445,31.14482,31.01612,31.0,26.4764,27.01851,27.01851,23.08679,21.58703,20.02498,26.1725,24.5153,23.34524,24.73863,20.24846,20.61553,24.02082,17.72005,16.49242,18.24829,18.02776,18.78829,15.81139,19.31321,18.35756,14.86607,50.20956,52.40229,55.15433,63.12686,58.00862,62.20129,56.85948,63.60031,65.73431,68.7968,69.77105,69.46222,76.15773,75.13322,73.92564,74.73286,83.64807,73.05477,73.92564,77.16217,77.16217,77.83315,72.11103,75.02666,74.72617,78.79086,68.41053,72.8011,68.94926,67.06713,59.13544,65.9242,63.97656,64.88451,66.21178,59.94164,56.60389,59.90826,60.20797,62.20129,61.61169,60.30755,59.81639,51.66237,49.67897,52.40229,52.40229,54.56189,50.24938,52.49762,44.68781,49.09175,49.40648,43.26662,48.76474,47.85394,47.41308
8.60233,8.06226,8.06226,8.06226,8.06226,7.2111,7.61577,7.61577,8.06226,8.06226,7.2111,7.61577,7.2111,6.7082,6.7082,7.61577,6.32456,6.7082,5.38516,5.38516,5.38516,6.32456,5.38516,5.38516,5.38516,5.38516,5.38516,5.38516,5.38516,5.09902,4.47214,4.47214,4.47214,4.47214,4.47214,4.47214,4.47214,3.60555,3.60555,3.60555,3.60555,3.60555,3.60555,2.23607,2.82843,2.23607,2.82843,2.82843,2.82843,2.82843,2.82843,2.23607,43.0,43.04649,42.19005,42.19005,44.01136,41.10961,41.19466,46.52956,39.45884,40.60788,44.38468,43.56604,42.75512,39.45884,39.29377,39.84972,44.55334,40.02499,40.02499,36.67424,39.56008,35.51056,33.95585,32.01562,33.95585,32.55764,31.04835,34.71311,33.95585,36.40055,28.86174,31.32092,28.63564,33.73426,28.63564,29.06888,29.42788,29.42788,26.01922,25.0,27.16616,23.19483,21.09502,25.0,25.01999,19.0,22.09072,21.0,18.02776,18.0,20.09975,16.12452,16.0,18.24829,20.02498,18.38478,16.15549,50.69517,51.1957,55.65968,57.00877,59.03389,57.24509,60.00833,61.26989,69.77822,68.60029,68.8186,70.49113,78.54935,74.20243,71.21798,71.21798,77.66595,75.16648,73.87828,71.50524,67.94115,78.51751,72.13876,71.42129,75.82216,74.33034,65.79514,68.593,66.46804,71.06335,59.46427,65.11528,63.70243,60.46487,68.0147,61.58734,55.80323,62.42596,60.0,62.64982,61.05735,60.90156,51.42956,57.77543,50.69517,55.71355,53.85165,47.53946,45.88028,51.24451,51.41984,41.48494,50.59644,42.2019,51.78803,47.51842,46.01087
9.05539,9.21954,9.21954,9.05539,9.21954,9.05539,9.21954,8.24621,8.24621,8.24621,9.21954,8.24621,8.24621,8.24621,7.07107,8.24621,7.28011,7.28011,7.28011,7.28011,7.07107,6.32456,6.08276,6.08276,6.08276,6.32456,6.08276,6.08276,6.08276,6.08276,5.09902,5.09902,5.09902,5.09902,5.09902,5.09902,5.0,5.0,4.0,5.0,5.0,5.0,4.0,4.0,4.0,4.0,4.12311,4.12311,4.12311,4.12311,4.12311,4.12311,40.80441,37.64306,42.63801,41.7732,42.42641,38.28838,39.69887,43.18565,41.86884,44.04543,40.31129,43.27817,41.72529,37.20215,36.61967,40.22437,43.60046,36.40055,36.79674,32.20248,39.05125,33.42155,31.06445,33.30165,31.89044,31.14482,26.24881,33.28663,30.4795,30.52868,29.06888,28.01785,26.87006,29.83287,27.20294,22.67157,26.40076,24.04163,24.20744,25.45584,19.20937,22.02272,21.2132,21.2132,18.43909,19.20937,18.43909,17.49286,19.23538,14.86607,17.20465,13.60147,17.49286,13.89244,17.46425,14.86607,16.49242,47.42362,50.9902,48.75449,58.69412,53.85165,58.82176,58.24088,60.16644,64.7611,61.98387,68.41053,65.25335,73.4983,72.99315,70.17834,67.02984,77.64664,69.02898,74.02702,73.00685,70.25667,75.05998,69.02898,75.02666,71.00704,72.33948,66.00758,70.00714,68.18358,71.06335,56.0803,72.06247,64.00781,63.12686,63.07139,59.0,58.30952,59.66574,57.27128,62.16912,63.78871,57.07013,61.13101,53.45091,56.64804,54.12024,49.33559,48.10405,50.28916,47.92703,51.42956,46.64762,51.26402,42.48529,48.82622,50.24938,45.17743
7.81025,8.60233,8.06226,8.60233,8.06226,8.60233,8.06226,8.06226,8.06226,7.2111,8.60233,7.2111,7.2111,7.2111,7.2111,7.2111,6.7082,5.83095,6.7082,5.83095,5.83095,5.83095,5.83095,5.83095,5.83095,5.83095,5.83095,5.83095,5.83095,5.83095,5.0,5.0,4.47214,5.0,5.0,5.0,4.24264,4.24264,4.24264,4.24264,4.24264,4.24264,2.82843,3.60555,3.60555,2.82843,3.60555,2.82843,2.82843,3.60555,3.16228,3.16228,45.88028,46.84015,43.86342,44.29447,44.29447,39.66106,39.66106,42.04759,43.04649,41.88078,41.18252,40.81666,44.40721,41.04875,42.05948,42.80187,43.04649,36.40055,32.75668,38.83298,37.64306,38.58756,30.4795,34.05877,28.84441,29.52965,30.80584,34.20526,26.92582,34.05877,25.80698,30.23243,26.41969,26.41969,31.38471,27.78489,25.80698,27.73085,24.18677,22.47221,27.45906,23.25941,21.63331,23.25941,18.35756,19.69772,17.49286,21.18962,19.64688,19.10497,16.76305,18.24829,15.81139,15.81139,18.11077,16.49242,14.03567,50.35871,51.0392,52.03845,54.00926,54.03702,57.31492,59.4138,60.40695,65.37584,66.28725,70.71068,66.09841,75.66373,72.78049,67.35726,74.04053,72.78049,77.49194,70.34202,71.16881,72.44998,77.07788,74.09453,72.44998,73.1642,76.844,71.17584,67.62396,68.942,68.00735,58.60034,63.90618,65.78754,59.77458,64.51356,63.32456,61.13101,64.13267,60.01666,57.42822,58.0517,59.3043,56.56854,60.07495,52.03845,53.60037,52.15362,50.03998,46.0,50.15974,50.01,49.81967,48.25971,45.70558,48.76474,46.32494,44.38468
8.06226,8.0,8.0,9.0,8.0,8.0,8.0,8.0,8.0,7.0,8.0,8.0,8.0,7.0,7.0,7.0,7.07107,6.0,6.08276,6.0,6.0,6.08276,6.0,6.08276,6.0,6.0,5.0,6.0,6.0,5.0,5.0,5.0,5.0,5.0,4.0,4.12311,4.12311,4.12311,4.12311,4.12311,3.16228,3.16228,3.16228,3.16228,3.16228,3.16228,3.16228,3.16228,3.16228,3.16228,2.82843,2.82843,48.75449,43.41659,47.01064,42.04759,51.40039,43.60046,40.31129,48.25971,40.80441,45.22168,42.43819,41.40048,49.81967,41.86884,43.93177,40.36087,42.44997,41.72529,43.27817,35.38361,42.52058,35.38361,34.71311,33.6006,32.01562,37.01351,31.40064,33.30165,33.24154,31.89044,33.97058,33.42155,31.14482,30.41381,27.01851,25.6125,22.62742,25.45584,24.20744,24.41311,22.67157,24.59675,25.0,21.63331,20.59126,23.4094,15.23155,20.24846,16.15549,15.26434,13.0,15.65248,16.55295,15.23155,13.89244,16.76305,18.43909,49.33559,50.44799,49.24429,50.9902,55.7315,58.30952,56.4358,61.0082,70.0,65.0,68.02941,68.06614,80.00625,73.06162,73.68175,75.42546,79.51101,76.11833,70.5762,70.83078,70.34202,79.07591,71.30919,70.83078,75.31268,75.13322,67.68309,72.8011,70.83078,72.36712,59.22837,71.19691,66.70832,62.16912,64.93843,63.63961,58.21512,61.13101,58.00862,62.0,61.03278,63.07139,62.03225,62.07254,51.08816,52.61179,53.15073,54.23099,54.58938,57.27128,45.88028,50.32892,49.0306,46.57252,53.22593,50.69517,49.76947
9.89949,9.89949,9.21954,9.89949,9.89949,9.89949,9.21954,9.21954,9.21954,9.21954,9.21954,9.21954,9.21954,8.48528,8.48528,9.21954,7.81025,7.81025,7.81025,7.81025,7.07107,7.81025,7.07107,7.81025,7.81025,7.07107,6.40312,7.07107,7.07107,6.40312,6.40312,6.40312,6.40312,5.65685,5.65685,5.0,5.0,5.0,5.0,5.0,5.0,5.0,5.0,3.60555,3.60555,3.60555,3.60555,4.47214,3.60555,4.47214,3.16228,3.16228,46.48656,41.10961,48.25971,42.75512,46.09772,44.72136,45.70558,47.29693,40.1995,42.95346,42.57934,41.04875,45.09989,40.11234,39.05125,40.31129,42.29657,39.0,38.32754,37.48333,36.05551,33.95585,37.12142,33.01515,34.52535,32.01562,28.44293,33.06055,32.75668,31.0,31.257,28.44293,30.26549,31.01612,26.4764,28.86174,30.26549,27.20294,23.4094,21.0238,24.35159,22.82542,24.69818,21.93171,20.59126,17.46425,21.63331,18.38478,17.88854,16.76305,13.34166,16.64332,18.68154,16.12452,18.86796,16.40122,15.26434,46.48656,51.89412,52.39275,54.20332,50.60632,59.36329,57.68882,60.46487,67.80118,64.40497,68.76772,65.60488,74.02702,69.42622,69.29646,65.76473,81.32035,70.93659,73.66139,75.9276,68.11755,77.80103,71.06335,72.47068,74.8131,73.0,67.6757,74.33034,68.8186,72.00694,57.00877,65.60488,67.62396,60.30755,65.19202,58.79626,56.56854,62.28965,60.959,66.21933,61.52235,59.20304,58.89822,58.60034,53.60037,56.0803,55.60576,51.86521,51.86521,49.92995,49.64877,52.3259,53.23533,42.54409,51.42956,51.26402,51.26402
8.94427,8.94427,8.94427,8.94427,8.94427,8.06226,8.94427,8.94427,8.94427,7.61577,8.94427,8.544,7.61577,7.61577,7.61577,8.544,7.61577,7.61577,7.28011,6.7082,6.7082,7.28011,6.7082,6.32456,6.32456,6.32456,6.32456,6.32456,6.32456,6.32456,5.38516,5.38516,5.38516,5.38516,5.38516,5.0,5.0,4.47214,4.47214,4.47214,4.47214,3.60555,3.60555,3.60555,3.60555,3.60555,3.60555,3.60555,3.60555,3.60555,2.82843,2.82843,47.51842,48.16638,44.38468,45.54119,41.76123,43.73786,45.54119,47.29693,41.76123,43.9659,42.37924,43.46263,47.01064,43.41659,44.38468,44.94441,45.88028,37.64306,36.76955,39.92493,41.23106,38.62642,38.48376,38.01316,36.40055,33.24154,32.31099,36.05551,36.40055,36.24914,35.34119,31.01612,32.98485,28.4605,31.7805,30.08322,27.89265,27.89265,28.63564,26.68333,24.33105,27.29469,20.39608,24.02082,19.10497,23.08679,20.02498,21.0238,23.34524,20.39608,18.02776,17.26268,17.26268,17.02939,17.0,18.68154,19.64688,49.09175,49.0,53.15073,52.46904,57.0,61.13101,56.14268,59.3043,68.18358,65.73431,67.26812,69.63476,73.1642,72.42237,68.62215,74.33034,75.0,72.8011,69.07966,72.8011,71.58911,74.84651,76.94154,74.32362,70.66116,73.1642,68.8767,65.8635,70.23532,68.02941,59.5063,67.23095,65.30697,61.68468,65.55151,60.44005,64.84597,64.28841,58.46366,60.44005,60.08328,65.76473,59.43904,57.87055,56.4358,54.14795,56.56854,56.4358,49.36598,56.0357,53.03772,52.08647,53.03772,49.0408,54.23099,48.16638,47.38143
8.06226,7.81025,7.81025,8.60233,8.60233,7.2111,7.81025,7.81025,7.81025,7.81025,7.2111,7.81025,7.81025,7.81025,7.2111,7.81025,7.07107,6.40312,6.40312,6.40312,6.40312,6.40312,5.65685,6.40312,6.40312,5.65685,5.65685,6.40312,5.65685,5.65685,5.0,5.0,5.0,5.0,5.0,4.47214,4.47214,4.47214,4.47214,3.60555,3.16228,3.16228,3.16228,3.16228,3.16228,2.23607,3.16228,3.16228,3.16228,3.16228,3.0,3.0,44.77723,43.46263,44.38468,42.37924,42.05948,42.05948,48.76474,40.60788,40.5216,41.0,38.07887,40.31129,47.38143,43.68066,39.81206,37.21559,43.10452,42.19005,39.31921,42.29657,40.04997,38.32754,33.24154,37.21559,34.1321,37.05401,36.22154,39.11521,34.23449,34.36568,28.63564,30.14963,34.23449,33.01515,30.41381,28.44293,29.42788,27.16616,28.63564,25.63201,27.45906,27.313,26.1725,24.73863,21.18962,21.0238,18.38478,20.88061,17.46425,19.10497,17.08801,18.78829,18.78829,17.49286,13.89244,17.80449,17.02939,45.18849,41.67733,53.0,50.21952,54.91812,50.9902,49.0408,57.28001,64.53681,63.70243,65.05382,65.76473,68.62215,68.0147,65.60488,68.60029,75.16648,73.78347,63.82006,69.64194,68.47627,74.79305,73.06162,73.57309,71.19691,72.11103,65.36819,66.64833,67.1193,68.0,60.03332,63.63175,64.3506,60.60528,63.51378,62.80127,59.81639,59.20304,58.0,60.959,58.89822,57.28001,53.03772,60.82763,53.07542,48.16638,54.48853,51.73973,50.21952,57.2014,47.01064,51.86521,48.01042,44.41846,52.47857,45.61798,50.53712
9.21954,9.89949,9.21954,9.89949,9.21954,8.48528,9.21954,9.21954,9.21954,9.21954,9.21954,9.21954,9.21954,9.21954,8.48528,8.60233,8.60233,7.81025,7.81025,7.81025,7.81025,7.81025,6.40312,7.81025,7.81025,7.81025,6.40312,7.81025,7.81025,6.40312,6.40312,6.40312,6.40312,5.65685,5.65685,5.65685,5.65685,5.65685,5.65685,5.0,5.0,5.0,5.0,4.24264,4.24264,4.24264,3.60555,4.47214,4.47214,4.47214,4.47214,4.47214,42.94182,44.29447,45.60702,44.27189,47.12749,44.64303,42.2019,47.53946,40.26164,37.64306,44.72136,42.19005,47.09565,45.39824,42.75512,39.29377,46.69047,42.10701,39.45884,36.49658,40.31129,39.62323,37.01351,38.32754,36.49658,36.34556,31.57531,35.51056,34.23449,32.38827,33.73426,31.06445,32.38827,31.38471,31.14482,33.24154,29.61419,24.33105,30.80584,24.33105,26.57066,26.0,26.24881,24.69818,22.13594,22.82542,19.41649,22.47221,19.41649,18.78829,17.88854,20.59126,16.76305,19.72308,19.20937,16.40122,15.6205,50.53712,50.53712,52.39275,56.0803,58.83026,53.25411,57.98276,58.00862,67.35726,65.8559,69.35416,66.46804,76.57676,72.83543,67.94115,74.65253,78.49204,74.4043,70.29225,73.81734,68.7968,80.21222,75.16648,75.21303,74.63243,72.8011,68.47627,68.50547,67.74216,70.45566,61.03278,66.28725,65.0,62.62587,64.2028,63.78087,61.55485,60.44005,58.72819,62.93648,58.79626,57.28001,57.98276,58.0517,50.60632,57.62812,58.00862,57.2014,58.24946,60.44005,52.20153,52.47857,53.82379,47.50789,51.97115,53.33854,50.77401
7.61577,7.61577,7.2111,8.06226,7.61577,7.61577,7.61577,6.7082,6.7082,7.2111,6.7082,7.2111,6.7082,7.2111,6.7082,6.7082,6.7082,5.83095,5.83095,5.83095,5.83095,5.83095,5.38516,5.83095,5.83095,5.83095,5.83095,5.83095,5.83095,4.47214,5.38516,5.38516,4.47214,4.47214,4.12311,4.12311,4.12311,4.12311,4.12311,4.12311,3.16228,3.16228,4.12311,3.0,3.0,3.0,3.0,3.0,3.0,3.0,3.16228,3.16228,48.16638,46.75468,50.21952,41.40048,48.01042,46.61545,47.01064,48.54894,43.41659,42.94182,43.82921,43.41659,46.52956,45.27693,43.04649,41.59327,47.88528,46.51881,42.48529,39.66106,42.54409,41.18252,41.23106,38.07887,35.35534,41.67733,33.61547,36.24914,37.73592,34.43835,33.61547,34.0,37.58989,38.27532,25.23886,30.41381,28.30194,32.75668,30.61046,29.06888,31.241,28.3196,29.73214,29.06888,28.28427,24.08319,19.20937,22.67157,17.02939,17.69181,20.51828,21.26029,16.97056,17.80449,17.80449,19.72308,21.09502,47.16991,46.32494,51.22499,53.15073,52.63079,57.98276,54.56189,60.20797,67.47592,64.66065,67.80118,67.62396,77.46612,74.43118,68.8767,69.77105,79.92496,72.00694,75.15318,75.96052,72.73239,79.05694,68.35203,73.92564,72.11103,78.0,68.96376,71.7844,65.25335,72.44998,60.92618,70.00714,64.07808,62.03225,66.48308,61.84658,60.37384,66.21178,59.5399,67.1193,60.83584,63.24555,61.77378,57.3062,59.5399,59.40539,56.85948,52.00961,53.00943,53.82379,53.60037,49.67897,53.15073,49.40648,55.80323,50.9902,46.01087
9.21954,9.05539,9.05539,9.05539,9.05539,9.05539,9.05539,9.05539,9.05539,9.05539,9.05539,9.05539,9.05539,8.06226,8.06226,9.0,8.0,8.06226,8.0,8.06226,7.07107,7.07107,7.07107,7.07107,7.07107,7.07107,7.0,7.07107,7.07107,7.0,6.08276,6.08276,6.08276,6.08276,6.08276,6.08276,6.08276,5.38516,5.38516,5.38516,5.09902,5.09902,5.38516,4.12311,4.47214,4.12311,4.47214,4.47214,4.47214,4.47214,4.47214,3.60555,44.38468,42.72002,45.45327,38.94868,44.20407,41.01219,44.04543,47.50789,40.31129,41.72529,42.80187,42.42641,44.59821,42.44997,41.7732,39.69887,43.13931,39.62323,41.03657,38.18377,43.41659,41.03657,37.64306,35.38361,35.38361,36.79674,33.94113,35.4683,36.06938,31.82766,30.61046,33.30165,31.14482,32.55764,29.06888,29.0,27.65863,29.06888,27.65863,28.42534,24.83948,25.0,27.45906,26.83282,23.02173,24.16609,19.41649,21.09502,19.23538,19.79899,19.20937,16.64332,18.02776,15.81139,19.41649,20.12461,18.11077,48.27007,48.41487,50.47772,54.70832,51.47815,53.7122,53.23533,54.626,63.97656,60.41523,62.93648,60.72891,73.73602,71.56815,70.0928,69.63476,75.50497,72.56032,66.94027,68.46897,70.34913,75.66373,71.34424,73.33485,71.17584,70.71068,69.02898,69.02898,68.02941,71.34424,57.31492,64.19502,62.39391,64.38167,67.47592,59.84146,58.0517,62.36986,60.41523,64.28841,63.15061,55.02727,57.00877,57.00877,52.81098,58.18935,55.97321,51.62364,54.70832,48.38388,49.0408,51.0,49.76947,47.01064,57.70615,47.01064,47.41308
9.21954,9.05539,9.05539,9.05539,9.05539,9.05539,9.05539,9.05539,9.05539,8.0,9.05539,9.0,9.0,8.0,8.06226,8.06226,8.0,7.07107,8.0,7.0,7.07107,7.0,7.07107,7.0,7.0,7.0,7.0,7.07107,7.0,6.08276,6.08276,6.08276,6.08276,6.08276,6.08276,5.09902,5.09902,5.09902,5.09902,5.09902,4.12311,5.09902,4.12311,4.12311,4.12311,4.12311,4.12311,4.12311,4.12311,4.12311,3.60555,3.60555,48.16638,42.29657,42.57934,41.7732,42.72002,41.23106,44.92215,48.70318,38.8973,43.68066,40.5216,42.72002,46.23851,41.23106,37.64306,40.71855,41.23106,42.54409,38.07887,36.40055,43.38202,39.0,37.16181,36.05551,33.52611,34.17601,37.69615,37.21559,31.95309,35.4683,35.1141,35.44009,32.57299,35.4683,28.16026,26.92582,31.38471,30.67572,28.63564,27.45906,26.68333,26.07681,25.4951,25.96151,21.84033,26.01922,23.08679,22.09072,18.0,18.02776,21.09502,20.02498,21.09502,21.0238,19.0263,20.22375,20.61553,44.14748,45.70558,47.80167,48.27007,51.78803,53.08484,54.14795,53.00943,64.07027,59.00847,62.03225,65.12296,73.00685,68.46897,67.68309,70.03571,74.1485,71.80529,67.44627,70.60453,69.37579,76.844,70.5195,71.16881,70.38466,70.88018,68.54196,65.9242,67.62396,66.76077,59.77458,62.93648,61.98387,61.03278,66.76077,61.68468,58.69412,60.67125,59.68249,65.11528,59.5399,60.20797,59.4138,58.13777,54.23099,54.91812,55.3263,52.08647,54.00926,56.14268,52.03845,53.00943,51.0098,47.0,53.03772,53.75872,46.09772
8.06226,8.06226,8.60233,8.06226,8.06226,8.06226,8.06226,8.06226,8.06226,8.60233,8.60233,7.81025,8.60233,7.81025,7.2111,7.81025,7.2111,7.2111,7.2111,7.2111,7.2111,7.2111,5.83095,6.40312,7.2111,6.40312,5.83095,7.2111,7.2111,5.83095,5.83095,5.83095,5.83095,5.38516,4.47214,4.47214,5.38516,5.38516,4.47214,4.47214,4.12311,4.12311,4.12311,3.16228,4.12311,3.16228,4.12311,4.0,4.12311,4.0,3.0,3.0,50.9902,44.65423,48.54894,45.22168,46.61545,45.27693,40.81666,46.52956,40.71855,43.82921,41.23106,43.82921,47.01064,41.23106,42.05948,43.08132,48.75449,42.15448,40.31129,39.0,45.69464,42.04759,41.76123,42.04759,42.48529,36.24914,35.51056,37.69615,35.77709,37.69615,34.0,35.51056,35.77709,36.71512,31.30495,32.24903,32.31099,32.64966,31.38471,29.52965,27.80288,28.6007,27.01851,29.52965,25.23886,24.20744,23.43075,23.85372,21.40093,21.93171,21.26029,20.51828,23.43075,22.02272,19.84943,18.02776,17.72005,47.42362,47.70744,49.09175,54.20332,49.40648,54.08327,52.43091,58.13777,65.94695,58.89822,68.593,65.06919,67.89698,69.52697,67.62396,71.56116,74.02702,66.03787,69.06519,68.60029,67.1193,75.66373,66.37017,69.97142,72.44998,69.46222,65.29931,69.35416,59.09315,67.54258,59.05929,68.42514,63.52952,62.76942,63.52952,64.14047,57.80138,61.91123,57.42822,63.60031,62.1289,58.13777,63.24555,57.38467,57.2014,58.72819,58.60034,55.97321,55.44367,52.49762,58.13777,53.75872,58.13777,45.96738,52.34501,56.63921,47.38143
9.48683,8.544,8.544,8.544,8.544,8.544,8.544,8.544,8.94427,8.544,8.544,8.94427,8.544,8.544,7.61577,8.94427,8.06226,7.61577,7.61577,7.61577,7.61577,7.61577,7.61577,7.61577,7.61577,7.61577,7.61577,7.61577,6.32456,6.7082,6.32456,6.32456,6.32456,6.32456,6.32456,6.32456,6.32456,5.09902,5.09902,5.09902,5.09902,5.09902,5.09902,5.09902,5.0,5.09902,5.0,4.0,4.0,4.0,5.09902,4.12311,43.41659,45.48626,47.01064,42.15448,46.51881,44.77723,40.80441,44.01136,41.23106,46.23851,41.7732,44.91102,47.07441,44.14748,37.94733,41.19466,44.94441,46.09772,42.37924,38.32754,45.89118,37.36308,36.67424,37.65634,35.17101,38.32754,38.83298,37.10795,36.13862,39.29377,32.98485,34.36568,30.67572,39.39543,33.95585,31.04835,33.24154,34.48188,31.95309,32.28002,27.89265,30.36445,27.73085,29.52965,25.05993,28.17801,22.47221,25.05993,23.02173,25.05993,25.07987,21.47091,18.43909,18.43909,19.72308,18.43909,21.26029,45.27693,46.64762,47.50789,52.43091,49.67897,53.25411,53.00943,57.62812,64.44377,63.78087,66.52819,67.94115,75.82216,74.51845,70.60453,70.80254,76.40026,67.74216,66.88797,69.63476,70.72482,76.00658,68.7968,74.43118,74.79305,71.61006,64.88451,65.76473,65.29931,72.94518,60.20797,71.02112,62.68174,63.28507,68.50547,62.482,57.80138,64.81512,61.03278,61.84658,65.19202,62.24147,60.87693,58.69412,56.58622,62.24147,56.63921,52.40229,56.58622,60.1415,55.15433,52.49762,54.56189,45.45327,52.00961,49.20366,48.41487
9.05539,9.0,9.0,9.0,9.0,8.0,9.0,9.0,9.0,9.05539,9.0,9.05539,9.0,9.05539,8.0,9.0,8.0,8.0,8.06226,8.06226,8.0,8.06226,7.0,8.06226,8.06226,8.0,7.07107,8.0,7.07107,7.0,7.0,7.0,7.0,6.0,6.0,6.0,6.08276,6.0,6.0,5.0,5.09902,5.09902,5.09902,5.09902,5.09902,4.12311,4.12311,4.12311,4.12311,4.12311,4.12311,4.47214,48.50773,48.10405,46.14109,41.14608,47.88528,39.35734,43.56604,43.38202,39.96248,46.04346,39.05125,42.0119,48.25971,44.04543,41.40048,43.13931,44.82187,41.04875,44.20407,39.40812,47.38143,38.60052,36.79674,38.41875,37.80212,41.6173,36.40055,37.01351,41.04875,36.12478,33.01515,32.20248,35.22783,38.18377,36.40055,33.28663,35.0,31.06445,33.61547,34.1321,30.8707,30.52868,27.73085,24.16609,28.63564,31.62278,29.12044,26.0,21.54066,26.57066,23.70654,25.96151,22.13594,24.5153,21.2132,22.36068,20.39608,47.42362,46.95743,49.0408,50.69517,52.81098,54.08327,54.81788,54.81788,58.94065,63.15061,59.3043,68.24954,71.06335,71.44928,69.11584,69.0,70.00714,70.00714,64.00781,68.26419,67.26812,74.10803,70.34913,70.34913,69.46222,69.02898,69.87131,67.36468,66.91039,69.35416,62.39391,62.28965,60.29925,63.0,67.00746,64.00781,59.00847,61.0082,57.07889,68.00735,62.0,61.20457,59.13544,64.38167,56.51548,53.46027,56.7186,56.56854,52.88667,56.51548,54.74486,52.88667,54.91812,47.53946,54.74486,55.65968,50.59644
9.21954,8.60233,8.06226,8.60233,8.60233,8.60233,8.60233,8.06226,8.60233,8.06226,8.60233,8.06226,8.06226,8.06226,7.2111,8.94427,8.06226,7.2111,8.06226,7.2111,7.2111,7.2111,7.2111,6.7082,7.2111,7.2111,7.2111,7.2111,7.2111,7.2111,6.40312,6.40312,6.40312,5.83095,5.65685,5.65685,5.65685,5.65685,5.65685,5.65685,5.0,5.65685,5.0,5.0,5.0,4.24264,4.47214,4.47214,4.47214,4.47214,4.47214,4.47214,41.48494,39.21734,43.41659,39.11521,44.40721,41.19466,38.32754,43.0,41.0,44.04543,42.19005,43.01163,44.01136,47.04253,43.01163,42.57934,48.0,45.27693,45.04442,39.05125,45.17743,38.20995,36.22154,37.21559,36.01389,39.01282,35.0571,39.05125,35.22783,38.32754,40.0,38.0,31.14482,36.12478,38.0,31.14482,31.01612,29.27456,29.42788,33.06055,32.06244,29.83287,28.01785,27.01851,26.68333,28.16026,30.46309,24.73863,23.34524,22.2036,21.54066,19.41649,24.35159,21.18962,18.78829,24.69818,24.69818,46.0,48.25971,44.14748,50.80354,49.81967,54.34151,49.47727,54.12024,61.98387,59.20304,59.80803,64.62198,70.2282,68.942,69.77105,64.14047,72.94518,65.8635,68.88396,64.07027,67.00746,74.63243,64.40497,68.41053,71.70077,68.41053,65.19202,72.47068,59.03389,70.80254,58.0517,66.4003,59.81639,62.20129,62.62587,62.68174,53.0,62.80127,59.68249,58.30952,62.68174,56.82429,59.05929,56.93856,53.7122,53.85165,55.9464,55.03635,50.15974,55.47071,47.42362,51.42956,58.18075,49.39636,52.92447,51.26402,46.57252
8.48528,8.48528,8.60233,9.21954,7.81025,8.48528,8.60233,7.81025,8.60233,7.81025,9.21954,8.60233,8.60233,7.81025,7.81025,8.60233,7.2111,7.81025,7.2111,7.2111,7.2111,7.2111,7.81025,7.2111,7.2111,7.2111,7.2111,7.2111,7.2111,7.2111,6.40312,6.40312,6.40312,6.40312,6.40312,5.65685,6.40312,5.65685,5.65685,5.65685,5.0,5.0,5.0,5.0,5.0,5.0,5.0,5.0,4.47214,4.47214,4.47214,4.12311,42.10701,41.0,43.28972,44.04543,44.18144,38.0,39.01282,42.04759,44.04543,42.0,42.10701,42.29657,45.27693,43.04649,37.01351,42.42641,42.29657,40.31129,41.01219,38.32754,42.75512,39.11521,36.49658,36.12478,34.05877,38.0526,34.36568,36.34556,37.12142,36.22154,36.49658,35.35534,38.47077,34.1321,36.67424,32.14032,31.57531,32.75668,30.14963,31.40064,28.28427,30.06659,25.01999,29.06888,28.07134,27.01851,22.09072,23.02173,21.0238,25.17936,17.11724,22.09072,22.02272,23.02173,22.2036,21.84033,18.78829,45.12206,45.60702,45.35416,47.12749,51.86521,52.20153,54.23099,57.69749,58.18075,60.37384,60.90156,63.13478,67.60178,67.95587,67.6757,69.81404,70.21396,62.96825,61.40033,68.11755,66.46804,72.47068,70.0928,65.79514,67.94115,68.88396,65.06919,67.20863,65.79514,63.65532,60.87693,66.52819,61.22091,59.03389,66.8431,61.85467,57.62812,58.5235,59.64059,62.00806,56.85948,58.66856,58.66856,59.16925,51.62364,48.75449,57.27128,52.7731,54.23099,58.30952,53.22593,51.62364,52.80152,43.86342,50.56679,45.31004,53.75872
7.07107,7.2111,7.2111,7.2111,7.2111,7.2111,7.2111,7.2111,7.2111,7.2111,7.2111,7.2111,7.2111,7.2111,7.2111,7.61577,6.7082,6.7082,6.7082,6.7082,5.83095,6.7082,5.83095,6.7082,5.83095,5.83095,5.83095,6.7082,5.83095,5.38516,5.83095,5.83095,5.83095,5.0,4.47214,5.0,5.0,5.0,5.0,4.24264,3.60555,3.60555,4.24264,3.60555,3.60555,3.60555,3.60555,3.60555,3.60555,3.60555,3.60555,3.60555,49.0102,42.10701,50.15974,40.79216,45.35416,40.31129,44.59821,44.27189,41.76123,43.68066,42.15448,40.31129,46.09772,45.88028,43.08132,42.54409,46.23851,43.65776,37.94733,45.18849,44.77723,42.15448,36.23534,40.31129,39.39543,37.12142,37.0,40.31129,42.54409,37.16181,36.05551,32.57299,37.33631,38.91015,34.0147,36.40055,36.05551,35.4683,33.83785,30.80584,27.73085,32.31099,31.7805,30.08322,27.51363,26.92582,27.45906,27.45906,23.76973,22.36068,25.31798,20.09975,22.09072,25.17936,25.07987,22.0,20.09975,46.84015,44.28318,50.63596,49.81967,50.35871,54.08327,54.00926,57.21888,65.03076,66.1211,59.21149,64.38167,73.5527,67.08204,64.03124,70.21396,69.58448,68.94926,64.84597,67.72001,69.89278,74.46476,71.69379,68.70953,72.09022,69.64194,68.02941,67.08204,66.48308,65.19202,58.18935,64.62198,61.68468,59.66574,63.89053,58.94065,60.44005,60.44005,59.66574,59.43904,59.66574,62.28965,57.48913,58.85576,55.10898,56.29387,52.34501,54.23099,56.14268,55.14526,50.08992,51.0,53.46027,48.25971,51.0098,54.03702,50.03998
8.0,7.0,8.06226,8.0,8.0,7.0,8.06226,7.07107,8.06226,8.06226,8.06226,8.24621,7.07107,7.07107,7.07107,8.06226,7.07107,7.07107,7.07107,7.0,7.0,7.07107,6.08276,7.07107,7.07107,7.07107,6.08276,6.0,6.08276,6.08276,6.0,6.0,6.0,5.0,6.0,6.0,6.0,5.0,5.0,4.0,5.09902,5.0,4.0,4.0,4.12311,4.0,4.12311,3.16228,3.16228,3.16228,3.16228,3.60555,45.88028,43.08132,42.15448,44.72136,45.27693,34.88553,38.27532,45.17743,44.10215,45.0,40.22437,44.40721,43.41659,43.56604,41.34005,43.86342,47.43416,46.04346,39.82462,43.60046,44.68781,43.26662,38.18377,38.01316,39.11521,40.0,41.88078,40.81666,38.94868,39.62323,34.4093,39.96248,40.31129,35.22783,33.97058,33.12099,35.8469,36.35932,35.77709,30.01666,29.68164,30.01666,31.38471,32.57299,28.16026,28.6531,26.40076,27.89265,23.25941,24.69818,21.58703,25.63201,23.5372,24.33105,25.01999,22.2036,20.0,49.20366,48.01042,47.20169,48.8774,47.50789,51.47815,53.23533,55.00909,62.39391,61.98387,63.90618,63.89053,69.28925,71.06335,66.75328,68.88396,74.95332,70.25667,71.17584,65.76473,67.1193,75.00667,67.00746,73.00685,71.25307,71.17584,66.06815,65.03076,67.06713,71.02816,59.00847,65.0,61.0082,62.00806,65.00769,62.07254,60.29925,64.19502,58.13777,63.1981,64.38167,65.76473,60.67125,59.5399,52.63079,56.7186,56.51548,56.04463,52.88667,55.31727,50.9902,50.69517,54.57105,47.53946,53.85165,47.80167,48.08326
7.61577,8.544,8.24621,8.544,8.24621,8.24621,8.24621,8.24621,8.24621,8.24621,8.544,8.24621,8.24621,8.24621,8.24621,8.24621,8.06226,7.28011,8.06226,7.07107,7.07107,7.07107,7.28011,7.07107,7.28011,7.28011,7.07107,7.07107,7.07107,7.07107,6.08276,7.07107,6.08276,6.08276,6.08276,6.32456,6.32456,5.38516,5.38516,5.38516,5.38516,5.38516,5.09902,5.38516,4.47214,4.47214,4.47214,4.47214,4.47214,4.47214,5.0,4.24264,43.28972,41.04875,37.12142,45.09989,43.28972,39.05125,40.1995,39.92493,41.10961,39.62323,38.62642,39.56008,43.68066,40.5216,39.81206,40.8534,41.23106,40.5216,36.87818,45.22168,42.15448,39.84972,37.33631,40.31129,34.23449,37.0,43.68066,39.21734,39.05125,39.21734,34.17601,37.64306,35.4683,31.01612,40.8534,30.14963,30.36445,26.57066,27.16616,35.90265,33.24154,34.23449,29.83287,27.45906,27.45906,27.29469,29.15476,24.33105,28.0,28.16026,24.18677,23.02173,22.0,25.07987,23.02173,24.0,24.5153,49.0306,42.57934,46.69047,50.21952,51.35173,49.0408,53.03772,57.0,62.07254,62.1289,61.52235,64.38167,66.61081,66.91039,64.03124,72.03471,68.41053,73.08215,60.87693,62.62587,67.41662,73.68175,72.23573,69.28925,73.1642,70.21396,64.88451,64.07808,66.70832,68.70953,62.96825,62.24147,66.12866,61.35145,63.69458,62.29767,64.84597,61.40033,58.94065,62.0967,55.08176,64.03124,57.00877,59.66574,54.34151,55.31727,51.1957,53.75872,50.01,55.9017,52.46904,54.45181,48.6621,49.36598,50.48762,46.04346,49.09175
8.48528,8.48528,7.81025,7.81025,7.81025,7.81025,7.81025,7.81025,7.81025,7.81025,7.81025,8.60233,8.60233,8.60233,7.81025,8.60233,7.81025,7.81025,7.2111,7.81025,7.81025,7.81025,6.40312,7.2111,7.2111,7.2111,7.2111,7.2111,7.2111,7.2111,6.40312,6.40312,6.40312,5.65685,6.40312,5.65685,5.65685,5.65685,5.65685,5.0,5.65685,5.65685,5.0,4.24264,5.0,4.24264,5.0,4.24264,4.24264,4.24264,4.47214,4.47214,44.01136,40.49691,43.17407,42.2019,44.14748,41.97618,36.34556,40.31129,40.1995,38.0526,42.0119,40.04997,42.0119,44.0,42.19005,44.18144,45.01111,41.19466,37.05401,41.0,46.04346,36.0,42.0,37.05401,32.06244,40.0125,38.0,38.11824,36.05551,40.0125,36.05551,36.22154,35.0571,35.0571,37.05401,33.24154,33.0,29.01724,33.95585,33.01515,30.01666,33.52611,30.41381,30.26549,27.89265,30.41381,27.45906,25.4951,24.33105,28.28427,23.4094,26.4764,20.61553,23.76973,23.76973,21.54066,19.72308,44.40721,46.27094,45.70558,49.64877,48.05206,52.88667,51.5461,56.30275,64.19502,59.03389,61.29437,61.7414,67.62396,68.88396,70.23532,68.7968,74.09453,68.7968,69.63476,66.85058,62.96825,72.62231,59.81639,68.24954,67.47592,70.21396,66.48308,66.06815,64.3506,70.03571,58.25805,65.11528,58.89822,57.62812,63.41136,62.62587,61.61169,62.42596,58.60034,61.61169,60.80296,59.16925,60.46487,58.30952,57.45433,51.47815,53.66563,51.97115,49.39636,50.08992,52.35456,54.56189,54.58938,46.09772,49.73932,51.26402,46.48656
8.48528,8.48528,7.81025,8.48528,8.48528,7.81025,7.81025,7.81025,7.81025,7.81025,8.48528,8.60233,8.48528,7.81025,7.81025,8.60233,7.2111,7.81025,7.81025,7.81025,7.81025,7.81025,7.07107,7.81025,7.81025,7.81025,6.40312,7.81025,7.81025,7.2111,7.07107,7.07107,7.07107,7.07107,5.65685,6.40312,5.65685,6.40312,5.65685,5.65685,5.65685,5.65685,5.65685,5.0,5.0,5.0,5.0,5.0,5.0,4.47214,4.47214,4.47214,48.09366,43.18565,46.17359,37.05401,41.0,37.12142,36.12478,46.27094,39.0,42.75512,42.57934,40.31129,45.70558,43.10452,43.73786,37.36308,42.42641,43.17407,43.18565,43.93177,46.69047,41.0,41.23106,40.79216,39.31921,38.83298,34.23449,42.44997,39.31921,37.64306,30.41381,38.11824,35.69314,40.79216,28.63564,34.0147,34.1321,35.69314,35.01428,23.08679,31.01612,31.01612,29.01724,31.06445,30.06659,29.61419,28.01785,24.18677,24.33105,21.09502,25.17936,23.08679,24.04163,22.2036,22.80351,23.25941,17.46425,47.16991,46.48656,48.38388,51.41984,50.69517,52.46904,56.32051,60.07495,64.38167,63.00794,65.00769,64.0,69.11584,67.36468,70.03571,64.77654,73.68175,68.96376,75.9276,67.18631,71.86793,71.7844,72.11103,70.21396,72.23573,68.15424,63.15853,67.23095,63.32456,67.06713,57.77543,64.07808,64.62198,60.40695,68.942,62.29767,55.65968,64.19502,58.5235,64.28841,63.69458,59.90826,59.20304,55.36244,59.90826,55.7853,54.12024,57.72348,55.97321,55.9017,52.39275,54.34151,52.95281,48.05206,50.63596,52.34501,46.52956
7.28011,7.28011,7.61577,7.61577,7.61577,7.61577,7.61577,7.61577,7.61577,7.61577,7.61577,7.61577,7.61577,7.61577,7.61577,7.61577,6.7082,6.7082,6.7082,6.7082,6.7082,6.7082,6.32456,6.7082,6.7082,6.7082,6.7082,6.7082,6.7082,5.83095,5.38516,6.32456,5.38516,5.38516,5.38516,5.38516,5.38516,5.09902,5.09902,5.09902,4.12311,5.09902,5.09902,4.12311,4.12311,4.12311,4.12311,4.0,4.0,4.0,4.0,4.12311,44.40721,38.83298,46.14109,45.18849,41.14608,42.44997,43.46263,43.9659,43.65776,38.60052,45.22168,43.93177,45.22168,47.80167,42.72002,41.59327,47.85394,44.55334,39.84972,39.84972,46.57252,40.5216,42.95346,37.94733,44.92215,42.05948,40.8534,40.31129,37.10795,42.2019,32.31099,38.8973,32.89377,40.80441,32.57299,33.61547,37.64306,35.90265,33.24154,32.20248,29.54657,30.8707,30.08322,29.96665,33.24154,31.76476,27.78489,29.52965,26.40076,24.69818,23.32381,21.47091,24.18677,27.01851,21.40093,24.04163,23.34524,46.8188,47.43416,44.94441,50.59644,51.88449,51.0,50.53712,53.23533,61.58734,60.74537,62.482,67.6757,71.40028,68.11755,66.48308,67.89698,74.95332,70.93659,63.65532,67.62396,67.00746,72.00694,71.56116,70.0,71.56116,71.58911,67.95587,69.06519,66.03787,69.06519,60.80296,68.50547,66.0303,62.20129,61.58734,63.41136,61.03278,62.80127,59.03389,62.96825,63.70243,63.65532,62.24147,63.03174,54.45181,55.17246,53.75872,49.51767,52.34501,54.45181,48.79549,50.20956,56.72742,43.93177,53.03772,52.63079,50.44799
7.81025,7.81025,7.2111,7.81025,7.81025,7.81025,8.60233,7.2111,7.2111,8.06226,8.60233,8.06226,8.06226,7.2111,7.2111,8.06226,8.06226,8.06226,6.7082,7.2111,7.2111,6.7082,7.2111,6.7082,7.2111,7.2111,6.7082,6.7082,6.7082,6.7082,5.83095,5.83095,5.83095,5.83095,5.83095,5.83095,6.40312,5.0,5.0,5.0,5.0,5.0,5.0,5.0,5.0,4.24264,4.24264,4.24264,4.24264,4.24264,3.60555,3.60555,42.44997,42.37924,40.4475,40.04997,41.19466,44.18144,39.05125,42.0,34.0147,42.04759,40.0,39.45884,45.09989,40.0125,41.01219,43.10452,44.04543,38.11824,41.10961,42.04759,45.70558,41.19466,39.45884,41.30375,40.1995,39.11521,36.22154,38.11824,36.05551,41.59327,39.05125,36.12478,32.01562,33.13608,37.33631,34.1321,36.12478,34.0147,34.0,33.01515,34.1321,33.06055,27.01851,29.06888,29.27456,33.54102,32.06244,27.07397,29.01724,27.07397,26.68333,25.4951,22.09072,22.80351,25.0,25.96151,28.23119,43.0,49.0102,50.01,49.0,49.25444,51.78803,53.15073,58.0517,59.43904,58.24088,62.93648,63.24555,70.88018,68.942,62.64982,68.02941,75.76939,65.8635,67.53518,68.50547,70.17834,68.50547,68.50547,68.7968,68.24222,73.78347,62.80127,65.43699,64.81512,67.42403,59.90826,65.73431,61.85467,63.60031,66.57327,63.28507,56.60389,68.60029,58.83026,59.5399,61.58734,60.53924,60.82763,58.60034,58.13777,50.9902,54.70832,58.30952,51.0,51.89412,51.47815,50.69517,54.626,49.39636,51.26402,45.31004,46.8188
8.24621,8.06226,9.05539,9.05539,9.05539,8.06226,9.05539,9.05539,9.05539,9.0,9.05539,9.0,9.05539,9.0,9.05539,9.05539,9.0,8.06226,8.0,8.06226,8.06226,8.06226,8.06226,8.0,8.0,8.06226,8.06226,8.06226,8.0,8.06226,7.07107,7.07107,7.07107,7.07107,7.07107,7.07107,7.07107,6.08276,6.08276,6.08276,6.32456,6.08276,6.08276,5.09902,5.38516,5.09902,5.38516,5.38516,5.38516,5.38516,4.47214,4.47214,45.22168,39.56008,42.04759,41.23106,42.48529,39.81206,43.04649,42.72002,39.05125,42.80187,41.7732,43.18565,40.31129,43.60046,39.20459,41.23106,44.68781,46.01087,42.63801,42.48529,45.34314,39.40812,35.38361,41.10961,40.45986,42.80187,35.0,34.82815,39.20459,39.20459,37.64306,36.87818,36.89173,34.71311,34.71311,29.06888,31.89044,36.06938,31.06445,31.38471,31.06445,30.01666,30.23243,27.29469,32.75668,30.8707,30.41381,27.73085,28.63564,22.82542,26.92582,29.54657,22.47221,25.96151,26.0,25.4951,28.16026,47.38143,44.82187,47.16991,47.43416,52.69725,55.22681,57.3062,60.82763,63.07139,58.18075,63.07139,64.51356,72.09022,70.21396,69.857,67.89698,75.13322,70.03571,67.68309,69.46222,66.48308,73.24616,69.46222,69.87131,72.06247,72.56032,69.02898,71.02816,66.06815,68.00735,61.07373,68.00735,63.03174,63.28507,64.19502,62.514,60.40695,57.55867,62.514,64.93843,57.31492,64.93843,59.84146,57.70615,53.75872,51.41984,56.08921,56.29387,53.15073,55.7315,55.9017,58.46366,57.42822,45.60702,50.69517,49.0408,46.09772
8.60233,8.60233,9.21954,8.60233,9.21954,8.60233,9.21954,8.48528,9.21954,8.48528,9.21954,9.21954,9.21954,9.21954,7.81025,9.21954,8.48528,8.48528,8.48528,8.48528,7.81025,8.48528,7.81025,8.48528,8.48528,7.81025,7.81025,7.81025,7.81025,7.81025,7.2111,7.81025,7.81025,7.2111,6.40312,7.2111,7.2111,7.2111,5.83095,5.83095,5.83095,5.83095,6.7082,5.83095,5.83095,5.83095,5.83095,5.38516,5.38516,5.38516,5.38516,5.09902,37.69615,44.72136,43.01163,44.77723,42.05948,41.76123,41.10961,41.0,40.60788,39.56008,42.19005,35.69314,41.30375,38.47077,41.4367,42.19005,45.17743,42.19005,39.62323,40.31129,42.29657,41.7732,38.01316,35.90265,38.47077,41.23106,36.34556,36.01389,37.10795,39.01282,33.37664,37.69615,37.10795,38.07887,32.14032,34.9285,34.20526,31.7805,33.83785,29.06888,29.12044,30.67572,30.08322,31.38471,30.41381,29.06888,30.23243,27.85678,21.0238,22.80351,28.23119,25.07987,26.62705,21.93171,25.80698,24.83948,20.80865,46.17359,44.72136,46.52956,49.49747,51.24451,53.0,51.0392,55.00909,66.61081,61.03278,64.93843,60.53098,71.44928,71.58911,69.26038,68.00735,70.5762,68.942,68.942,69.46222,65.76473,74.70609,66.37017,73.3553,73.92564,72.44998,71.02816,71.28113,65.80274,67.95587,57.68882,70.60453,62.00806,61.58734,65.51336,67.23095,59.16925,58.83026,59.94164,64.88451,59.5399,59.5399,62.1289,61.40033,52.47857,60.90156,61.91123,56.0803,55.56978,56.4358,55.56978,55.47071,55.00909,49.40648,51.88449,46.52956,44.77723
7.81025,8.06226,8.06226,8.06226,8.06226,8.06226,8.06226,8.06226,8.06226,8.06226,8.06226,8.94427,8.06226,8.06226,8.06226,8.544,7.61577,7.61577,7.61577,7.61577,8.06226,7.61577,6.7082,8.06226,8.06226,7.61577,7.61577,8.06226,7.61577,7.61577,6.7082,6.7082,6.7082,6.7082,6.7082,6.7082,6.7082,6.40312,5.83095,5.83095,5.83095,5.83095,5.83095,5.83095,5.0,5.0,5.0,5.0,5.65685,5.65685,5.0,5.0,41.7732,43.41659,45.39824,39.62323,39.21734,40.02499,41.78516,36.05551,40.24922,36.76955,41.62932,39.44617,39.96248,39.35734,44.01136,43.46263,43.38202,42.04759,38.47077,39.82462,43.60046,42.05948,38.58756,39.66106,38.94868,39.66106,34.66987,40.24922,36.35932,38.27532,36.71512,31.62278,36.89173,38.07887,33.6006,33.12099,37.44329,38.01316,34.0147,30.80584,29.52965,27.313,33.24154,33.83785,29.41088,29.15476,28.63564,31.01612,23.08679,26.0,25.0,24.59675,25.29822,27.20294,23.5372,22.09072,23.02173,43.38202,43.65776,44.38468,47.16991,50.59644,49.47727,52.88667,56.75385,63.06346,65.37584,65.19202,67.18631,72.11103,63.03174,66.48308,69.02898,72.0,68.593,67.47592,73.82412,71.70077,71.70077,73.34848,74.33034,73.08215,70.40597,65.0,61.61169,65.14599,73.34848,60.01666,66.21933,68.46897,63.78871,66.09841,62.36986,61.98387,62.514,61.81424,67.18631,56.7186,65.0,61.20457,62.03225,55.3263,52.00961,57.00877,60.03332,51.0392,55.03635,53.03772,56.00893,49.0408,51.35173,55.00909,50.08992,58.03447
7.61577,8.06226,7.2111,8.06226,7.2111,7.2111,7.2111,7.2111,7.2111,7.81025,7.81025,7.81025,7.81025,7.81025,7.2111,7.81025,7.81025,6.40312,7.07107,7.2111,7.2111,7.81025,6.40312,7.07107,7.07107,7.07107,6.40312,7.2111,7.81025,6.40312,6.40312,6.40312,6.40312,6.40312,5.83095,5.83095,5.83095,5.83095,5.83095,5.83095,4.47214,5.38516,5.38516,4.47214,4.47214,4.47214,4.47214,4.12311,4.12311,4.12311,4.12311,4.12311,47.38143,38.20995,40.60788,43.01163,43.26662,41.04875,37.58989,40.31129,37.57659,43.38202,37.94733,40.8534,44.29447,39.39543,42.04759,42.72002,48.10405,45.54119,44.59821,37.44329,47.01064,41.14608,42.15448,38.48376,39.21734,44.27189,36.76955,41.76123,38.8973,42.72002,34.0147,39.0,38.01316,42.54409,30.67572,36.40055,35.8469,37.0,34.43835,33.12099,32.64966,30.88689,28.6531,35.35534,33.12099,32.44996,29.20616,30.23243,24.59675,25.55386,26.90725,24.20744,27.01851,25.4951,24.83948,25.4951,28.30194,43.46263,45.69464,42.95346,50.24938,44.94441,54.08327,46.64762,53.25411,63.00794,58.00862,59.46427,57.62812,65.19202,66.48308,70.43437,63.12686,74.65253,60.46487,67.20119,71.56116,69.40461,68.50547,66.37017,65.73431,65.36819,69.97142,65.79514,69.35416,64.07808,69.11584,55.07268,59.94164,65.76473,57.45433,63.06346,63.63175,61.05735,60.53924,59.36329,60.74537,64.89992,61.58734,60.20797,57.00877,56.0357,52.63079,55.47071,58.72819,55.97321,54.67175,53.00943,55.80323,57.62812,45.22168,51.31277,53.90733,46.01087
7.81025,7.81025,7.07107,7.81025,7.07107,7.81025,8.48528,7.81025,8.48528,7.81025,8.48528,8.48528,8.48528,7.81025,7.81025,8.48528,7.81025,7.07107,7.81025,7.81025,7.07107,7.81025,7.07107,7.81025,7.81025,7.81025,7.81025,7.07107,7.81025,7.07107,7.07107,7.07107,6.40312,6.40312,6.40312,5.65685,6.40312,6.40312,5.65685,5.65685,5.83095,5.83095,5.0,5.0,5.0,5.0,5.0,4.47214,4.47214,4.47214,4.12311,4.12311,47.42362,43.27817,42.72002,43.82921,41.59327,44.65423,38.94868,38.07887,38.91015,42.04759,44.01136,40.8534,45.31004,42.72002,45.31004,44.72136,47.80167,45.31004,40.8534,40.49691,42.95346,43.32436,40.02499,38.60052,40.31129,41.4367,40.80441,39.84972,37.69615,39.05125,39.56008,41.76123,40.49691,32.57299,33.95585,35.4683,33.95585,34.78505,34.0147,37.69615,33.10589,32.64966,33.83785,31.76476,30.8707,34.0,32.24903,24.69818,30.52868,29.52965,28.6531,25.4951,26.83282,22.82542,26.87006,28.6007,33.01515,44.64303,46.84015,47.43416,47.53946,50.15974,53.7122,52.80152,55.56978,65.0,57.14018,60.46487,62.1289,68.8186,70.83784,70.72482,63.70243,73.53911,67.47592,67.47592,69.6563,61.6198,72.42237,63.41136,63.60031,66.57327,70.17834,66.03787,67.6757,60.90156,69.06519,58.82176,65.8635,58.24946,58.60034,63.24555,62.20129,57.62812,60.44005,59.66574,68.11755,64.63745,57.80138,59.81639,58.89822,59.46427,48.79549,61.52235,55.97321,57.31492,53.15073,50.24938,53.15073,58.25805,41.10961,53.03772,48.79549,48.10405
7.81025,7.2111,8.06226,8.06226,8.06226,7.2111,8.06226,8.06226,7.61577,7.61577,8.06226,7.61577,7.61577,7.61577,7.61577,8.544,7.61577,7.61577,7.28011,7.61577,6.7082,7.61577,6.7082,7.61577,7.61577,7.61577,6.7082,7.28011,7.28011,7.61577,6.7082,6.32456,6.32456,6.7082,6.7082,5.83095,6.7082,5.83095,5.83095,5.83095,5.83095,5.0,5.83095,5.0,5.0,5.0,5.0,5.0,5.0,5.65685,5.0,5.0,43.01163,38.11824,41.30375,42.42641,42.42641,40.11234,44.27189,43.01163,37.0,37.64306,34.9285,42.72002,44.94441,39.56008,42.05948,44.59821,42.37924,42.72002,40.8534,40.71855,43.32436,43.41659,39.81206,36.76955,38.27532,39.56008,39.92493,40.49691,37.64306,45.65085,39.56008,37.64306,35.1141,35.34119,39.0,35.17101,35.1141,36.05551,34.9285,35.69314,34.71311,36.49658,32.98485,32.01562,30.26549,35.51056,30.01666,26.1725,27.07397,23.19483,29.06888,26.01922,28.07134,25.07987,25.07987,24.73863,25.29822,42.43819,45.27693,48.54894,51.0,47.92703,51.07837,49.65884,55.36244,61.35145,57.07013,61.39218,65.30697,70.03571,67.1193,64.00781,66.0303,69.02898,65.76473,65.12296,70.02857,65.27634,67.26812,64.77654,66.61081,70.40597,65.62012,63.78871,62.0967,66.28725,69.05071,56.29387,63.56099,62.16912,59.22837,63.56099,61.39218,59.22837,64.32729,59.5399,61.81424,61.66036,64.38167,61.81424,56.22277,55.7315,55.00909,58.30952,56.0803,53.46027,55.44367,51.35173,53.08484,53.08484,48.37355,54.14795,50.08992,43.04649
8.544,8.544,8.544,8.544,8.544,8.544,8.544,8.24621,8.544,8.24621,9.21954,9.21954,9.21954,8.24621,8.24621,9.21954,8.24621,8.24621,8.24621,8.24621,8.24621,8.24621,7.28011,8.24621,8.24621,8.24621,8.24621,8.24621,8.24621,8.24621,7.28011,7.61577,7.61577,7.61577,7.28011,7.28011,7.61577,6.7082,6.7082,6.7082,6.7082,6.7082,6.7082,5.83095,5.83095,5.83095,5.83095,5.83095,5.83095,5.83095,5.0,5.65685,39.05125,42.19005,43.56604,43.41659,42.72002,42.2019,37.64306,43.68066,38.48376,36.68787,42.04759,41.23106,44.28318,42.94182,41.23106,44.94441,47.88528,43.46263,40.31129,38.47077,46.14109,37.33631,42.72002,39.39543,42.48529,46.06517,39.81206,39.81206,41.18252,42.2019,39.82462,41.18252,38.48376,43.82921,32.64966,39.56008,38.94868,34.48188,37.0,39.56008,31.62278,30.08322,39.56008,39.92493,32.28002,33.52611,32.01562,32.55764,26.68333,27.45906,25.96151,28.16026,25.07987,24.02082,29.06888,23.19483,28.01785,44.77723,46.51881,44.38468,52.39275,48.70318,56.921,51.66237,57.72348,64.28841,61.18823,62.80127,66.61081,72.36712,68.11755,67.0,63.3877,72.1734,67.89698,71.11259,68.593,70.5762,74.96666,67.89698,69.87131,71.19691,69.46222,67.46851,68.88396,62.93648,69.12308,57.27128,69.2315,65.51336,60.41523,66.28725,60.01666,56.4358,63.3877,65.19202,66.18912,65.49046,60.07495,59.21149,58.21512,58.00862,60.13319,61.03278,53.00943,58.03447,56.00893,57.14018,56.0357,59.5399,52.08647,54.03702,53.15073,52.00961
7.81025,7.81025,7.81025,7.81025,7.81025,7.81025,8.60233,8.60233,8.60233,8.60233,8.60233,8.60233,8.60233,8.06226,7.81025,9.43398,8.06226,7.81025,8.06226,8.06226,7.2111,8.06226,7.2111,8.06226,8.06226,8.06226,8.06226,8.06226,7.2111,7.2111,7.2111,7.2111,7.2111,6.40312,7.2111,6.40312,7.07107,6.40312,6.40312,6.40312,5.65685,5.65685,6.40312,5.65685,5.65685,5.65685,5.65685,5.65685,5.0,5.0,4.47214,4.47214,47.01064,41.67733,39.92493,43.9659,43.08132,39.29377,42.2019,40.26164,46.48656,41.59327,45.70558,44.28318,48.05206,43.28972,44.28318,44.04543,50.15974,45.17743,41.59327,45.27693,47.04253,43.56604,40.11234,42.29657,42.04759,40.31129,41.4367,44.18144,44.72136,45.09989,39.31921,41.10961,36.12478,36.49658,43.41659,35.90265,37.48333,37.33631,35.73514,39.29377,37.21559,36.67424,35.73514,34.9285,33.52611,35.73514,32.89377,30.67572,31.95309,27.89265,28.79236,29.15476,31.95309,26.62705,28.17801,27.20294,28.6007,43.0,44.04543,50.01,46.09772,51.47815,49.64877,52.39275,55.31727,62.8172,56.04463,63.15853,63.90618,72.44998,68.02941,65.76473,66.28725,71.11962,69.64194,67.95587,66.0303,63.82006,75.16648,67.94115,69.42622,72.13876,68.41053,62.93648,67.35726,65.19202,67.94115,58.0517,64.38167,57.48913,62.00806,63.25346,60.21628,60.44005,62.20129,59.46427,62.62587,60.1415,58.82176,62.62587,59.40539,54.70832,57.2014,56.85948,55.75841,56.60389,54.40588,52.35456,53.23533,58.24946,51.10773,51.86521,50.21952,48.76474
7.81025,8.06226,8.06226,8.06226,8.06226,8.06226,8.544,8.544,8.544,8.544,8.94427,8.94427,8.94427,8.544,7.61577,9.48683,8.544,8.544,8.24621,8.544,8.24621,8.24621,8.544,8.544,8.544,8.544,8.24621,8.24621,8.24621,8.24621,7.28011,8.24621,7.28011,7.28011,7.28011,7.61577,7.61577,6.7082,6.7082,6.32456,6.7082,6.7082,6.7082,5.38516,5.38516,5.38516,5.83095,5.38516,5.83095,5.83095,5.0,5.0,40.11234,47.09565,43.04649,39.01282,42.0119,35.35534,40.79216,43.18565,43.41659,43.18565,41.97618,39.56008,49.33559,46.48656,42.95346,46.09772,45.31004,43.32436,39.29377,49.33559,44.59821,46.84015,39.39543,41.14608,41.23106,45.22168,42.15448,46.09772,41.48494,44.94441,40.49691,46.23851,39.39543,43.68066,42.05948,38.60052,37.16181,38.07887,40.5216,38.27532,37.10795,38.83298,39.56008,34.52535,32.14032,37.10795,33.13608,32.38827,29.15476,31.257,27.29469,30.59412,24.18677,31.06445,30.0,32.55764,29.06888,45.88028,45.35416,47.53946,47.85394,53.60037,52.08647,54.23099,59.07622,63.12686,63.03174,63.1981,69.35416,69.11584,66.91039,66.21933,67.68309,73.76313,69.28925,62.36185,62.96825,63.56099,74.94665,65.9242,67.1193,67.53518,68.70953,63.07139,66.18912,61.7414,65.79514,57.93962,60.92618,63.15853,59.09315,61.7414,59.77458,61.35145,62.29767,55.36244,62.93648,60.00833,64.7611,58.82176,58.82176,53.75872,51.97115,57.72348,59.66574,53.93515,59.43904,54.57105,53.93515,50.21952,49.81967,50.63596,46.52956,44.55334
8.24621,8.544,8.544,8.544,8.94427,8.544,8.94427,8.94427,8.94427,8.94427,9.84886,8.94427,9.84886,8.94427,8.94427,10.29563,8.94427,8.94427,8.94427,9.43398,8.94427,8.94427,8.06226,9.43398,8.94427,8.94427,8.06226,8.94427,8.94427,8.06226,8.06226,8.94427,8.06226,8.06226,8.06226,7.61577,7.61577,7.61577,7.61577,7.61577,7.28011,7.28011,7.61577,6.32456,6.32456,6.32456,6.32456,6.08276,6.32456,6.08276,6.08276,6.08276,42.63801,41.04875,41.72529,42.42641,43.27817,41.01219,41.10961,42.63801,38.01316,40.45986,41.34005,44.20407,44.68781,40.0,39.66106,43.04649,48.54894,44.40721,44.40721,43.60046,49.39636,44.77723,45.65085,39.40812,41.34005,42.2019,37.44329,47.41308,37.21559,45.61798,42.72002,38.58756,40.22437,45.27693,39.82462,38.41875,40.0,42.19005,35.22783,38.60052,37.80212,38.83298,37.01351,43.27817,38.8973,34.71311,30.4795,33.24154,33.24154,31.241,28.42534,29.06888,27.65863,31.40064,32.52691,28.01785,29.54657,44.77723,46.06517,42.48529,48.8774,44.94441,51.40039,48.27007,53.15073,60.10824,54.45181,58.0517,62.96825,70.0928,65.0,66.0303,68.26419,69.11584,66.24198,71.19691,64.84597,65.79514,71.58911,64.4748,66.85058,70.77429,67.62396,64.84597,67.06713,62.64184,66.48308,56.64804,68.35203,58.30952,57.00877,62.29767,60.40695,61.32699,63.97656,55.4617,61.26989,58.18075,56.79789,60.37384,56.60389,56.82429,56.36488,57.69749,57.70615,54.56189,53.23533,54.58938,54.20332,56.36488,48.8467,55.47071,49.73932,45.45327
8.06226,8.0,8.0,8.0,8.0,8.0,8.0,8.0,8.06226,8.06226,9.0,9.05539,9.05539,8.06226,8.06226,9.05539,8.06226,8.06226,8.24621,8.06226,8.06226,8.06226,8.06226,8.24621,8.06226,8.06226,8.06226,9.21954,8.06226,8.06226,8.06226,8.06226,8.06226,7.07107,7.07107,7.07107,7.0,7.0,7.07107,7.0,7.0,6.0,7.0,6.0,6.0,6.0,6.08276,6.0,6.08276,6.08276,5.09902,5.09902,47.51842,42.72002,38.07887,40.8534,45.17743,43.38202,41.04875,44.40721,42.0119,40.31129,43.41659,40.80441,42.52058,45.45327,46.40043,47.50789,50.20956,43.27817,41.72529,45.96738,48.10405,46.40043,42.0119,42.63801,41.23106,43.27817,43.18565,42.44997,43.27817,44.59821,39.40812,40.60788,42.44997,44.55334,43.13931,37.64306,45.25483,41.01219,41.10961,38.41875,38.60052,38.07887,35.60899,36.87818,33.54102,36.89173,33.01515,31.89044,31.06445,29.06888,31.38471,32.64966,29.06888,31.62278,30.08322,28.86174,28.44293,42.44997,44.04543,43.86342,46.2277,45.48626,50.24938,49.09175,55.07268,59.48109,58.87274,62.39391,60.74537,70.5762,62.0967,63.34824,68.65858,73.75636,64.12488,65.49046,63.78871,63.03174,69.18092,70.00714,72.1734,66.0,69.46222,61.13101,65.06919,65.0,66.18912,54.0,64.12488,63.03174,56.32051,66.00758,58.42089,60.03332,64.49806,58.54912,61.29437,58.21512,63.78871,63.50591,54.74486,56.32051,59.22837,53.93515,57.07013,50.63596,51.97115,50.80354,47.67599,48.25971,49.81967,54.81788,52.63079,47.12749
8.06226,7.61577,7.61577,7.61577,7.61577,7.61577,7.61577,7.61577,7.61577,7.28011,8.544,8.544,8.544,8.24621,7.61577,8.24621,8.24621,7.28011,7.28011,7.28011,7.28011,8.24621,7.61577,8.24621,7.28011,8.24621,7.28011,7.28011,7.28011,7.28011,7.28011,7.28011,7.28011,7.28011,6.7082,6.7082,6.7082,6.7082,6.7082,6.7082,5.83095,6.7082,5.83095,5.83095,5.83095,5.0,5.0,5.0,5.0,5.65685,5.0,5.0,35.12834,37.21559,42.04759,39.01282,37.12142,45.89118,37.85499,41.7732,35.44009,43.65776,44.94441,46.8188,42.72002,37.69615,42.37924,44.28318,40.8534,43.86342,43.38202,42.37924,50.08992,40.71855,40.31129,42.72002,39.21734,39.92493,41.4367,44.29447,41.4367,51.26402,42.15448,42.37924,42.54409,45.61798,39.81206,42.05948,38.07887,40.24922,38.60052,40.02499,35.73514,42.75512,32.57299,34.78505,33.73426,34.52535,36.22154,27.45906,34.05877,30.0,26.01922,32.14032,31.40064,30.0,29.01724,31.14482,28.63564,39.96248,42.05948,42.04759,44.28318,45.54119,52.20153,49.47727,54.81788,57.72348,53.75872,59.68249,62.16912,65.9242,60.03332,61.03278,60.29925,73.02739,63.63961,65.76473,64.77654,59.84146,67.91171,62.0967,64.13267,65.51336,67.08204,63.56886,67.72001,56.64804,63.60031,55.08176,65.52099,60.16644,55.31727,58.18935,60.74537,54.34151,61.84658,57.55867,59.03389,59.90826,61.18823,61.0,56.08921,59.03389,55.31727,56.75385,54.45181,53.60037,51.62364,54.91812,53.46027,54.81788,49.49747,49.09175,51.15662,41.4367
7.81025,8.06226,8.06226,8.06226,8.06226,8.06226,8.94427,8.544,8.544,7.61577,8.94427,8.544,8.94427,8.544,8.94427,9.48683,8.544,8.544,8.544,8.544,7.61577,8.544,7.61577,8.544,8.544,8.544,8.544,8.544,8.544,8.544,7.61577,7.61577,7.61577,7.61577,7.61577,7.61577,8.06226,6.7082,6.7082,6.7082,6.7082,6.7082,6.7082,5.83095,5.83095,5.83095,5.83095,5.83095,5.0,5.65685,5.65685,5.0,38.20995,44.55334,43.01163,39.20459,42.29657,43.04649,40.4475,44.14748,37.33631,43.56604,45.88028,42.44997,46.57252,41.48494,43.68066,44.38468,47.12749,42.37924,40.49691,44.92215,50.56679,46.8188,44.77723,42.48529,41.4367,39.56008,43.65776,42.94182,44.64303,44.38468,43.46263,45.22168,40.60788,44.59821,46.09772,39.84972,42.44997,40.49691,40.26164,39.56008,37.94733,41.23106,39.62323,35.90265,27.89265,39.29377,34.1321,34.20526,30.26549,38.20995,33.13608,28.86174,24.08319,28.07134,32.0,34.05877,28.16026,38.01316,45.18849,39.84972,43.68066,50.0,47.85394,47.07441,54.91812,57.87055,52.00961,60.03332,63.0,67.1193,64.19502,63.15061,67.68309,72.00694,62.0967,69.12308,65.51336,63.78871,68.68042,66.7308,67.6757,67.1193,65.25335,64.07808,65.19202,63.69458,64.2573,57.93962,63.32456,64.51356,57.87055,64.19502,61.40033,61.03278,63.89053,59.46427,62.29767,57.27128,61.84658,61.13101,56.04463,56.04463,54.58938,53.15073,58.0517,57.07013,53.36666,50.44799,52.95281,58.54912,48.6621,55.31727,51.62364,46.09772
7.61577,6.7082,7.2111,7.2111,8.06226,6.7082,7.2111,7.2111,7.2111,7.2111,7.2111,7.81025,8.60233,7.81025,7.2111,7.81025,7.81025,7.81025,7.81025,7.81025,7.81025,7.81025,7.2111,7.81025,7.81025,7.81025,7.07107,7.81025,7.81025,7.07107,6.40312,7.81025,7.07107,6.40312,6.40312,6.40312,6.40312,6.7082,5.83095,5.83095,5.83095,5.83095,5.83095,5.0,5.83095,5.0,5.38516,5.38516,5.38516,5.09902,5.09902,5.09902,44.77723,41.67733,39.0,41.14608,40.31129,41.10961,46.38965,46.17359,44.38468,41.76123,42.75512,41.4367,42.29657,46.87217,42.57934,43.28972,49.49747,45.54119,43.18565,42.19005,46.09772,45.27693,46.0,46.09772,41.19466,44.04543,43.04649,45.09989,44.10215,43.28972,38.47077,46.04346,45.09989,44.04543,43.01163,44.14748,42.19005,42.29657,43.93177,42.95346,36.05551,33.54102,41.0,39.05125,34.23449,38.07887,32.98485,33.95585,30.08322,28.28427,28.4605,28.16026,32.98485,31.7805,29.06888,29.52965,27.313,39.05125,41.30375,40.60788,46.38965,44.72136,45.89118,46.57252,49.33559,56.30275,57.69749,59.48109,59.48109,63.56099,61.58734,60.20797,64.07027,66.61081,63.03174,61.40033,67.20863,68.68042,69.31089,62.2254,67.20863,63.65532,65.11528,61.84658,63.78087,60.30755,65.8559,56.58622,61.7171,61.7171,58.69412,65.8559,59.39697,55.44367,65.11528,55.17246,62.36986,58.72819,60.10824,58.0517,55.97321,50.24938,58.0517,54.56189,54.48853,51.08816,54.56189,54.67175,51.0392,52.34501,52.00961,55.21775,49.39636,48.41487
8.60233,8.60233,9.21954,9.21954,9.21954,9.21954,9.21954,8.48528,9.21954,9.21954,9.89949,9.21954,9.89949,9.89949,9.89949,9.89949,9.21954,8.48528,9.21954,9.21954,9.21954,9.21954,8.48528,9.21954,9.21954,9.21954,9.21954,9.89949,9.89949,9.21954,8.48528,9.21954,8.48528,8.48528,8.48528,8.48528,8.48528,7.81025,7.81025,7.81025,7.2111,7.2111,7.2111,7.2111,7.2111,6.40312,6.40312,6.7082,6.7082,6.7082,6.32456,6.32456,42.63801,45.96738,42.72002,41.04875,41.18252,38.94868,44.01136,42.54409,39.35734,45.88028,43.65776,39.21734,46.17359,45.88028,44.59821,46.32494,50.28916,48.38388,44.38468,43.65776,45.54119,41.48494,43.56604,39.56008,41.4367,50.28916,41.78516,46.17359,42.05948,45.70558,43.9659,42.72002,40.5216,46.23851,46.57252,36.24914,40.49691,40.8534,40.49691,36.05551,39.92493,36.76955,37.44329,39.92493,37.69615,39.35734,31.62278,34.53983,25.23886,30.0,33.83785,31.38471,29.06888,31.40064,28.3196,27.58623,29.0,39.01282,42.04759,42.19005,44.72136,43.41659,47.43416,45.31004,50.92151,57.87055,55.71355,58.69412,61.32699,62.24147,64.84597,63.51378,65.0,62.80127,65.8559,63.24555,65.11528,62.24147,70.72482,71.44928,68.593,66.46804,67.94115,65.19202,63.41136,60.60528,62.28965,57.00877,64.2028,63.25346,61.22091,62.28965,62.62587,59.5483,65.05382,56.58622,63.63961,63.03174,63.70243,65.11528,60.82763,56.72742,58.89822,55.97321,60.82763,56.58622,54.48853,54.45181,51.66237,58.13777,51.62364,56.56854,55.17246,50.20956
8.60233,7.81025,8.48528,7.81025,8.48528,7.81025,8.48528,8.48528,8.48528,8.48528,9.21954,8.48528,8.48528,8.48528,8.48528,9.21954,7.81025,8.48528,7.81025,8.48528,8.48528,8.48528,8.48528,8.60233,8.48528,8.48528,8.60233,9.21954,8.60233,9.21954,7.07107,8.48528,8.48528,7.07107,7.81025,7.81025,7.81025,7.81025,7.2111,7.2111,7.2111,7.2111,7.2111,5.83095,6.7082,5.83095,5.83095,5.83095,6.7082,5.38516,6.32456,5.38516,47.85394,42.19005,43.01163,46.0,45.01111,37.33631,41.30375,37.12142,40.79216,40.60788,45.12206,41.10961,45.22168,42.29657,45.88028,45.54119,51.5461,44.27189,41.0,48.38388,48.8467,48.50773,43.01163,44.92215,42.37924,43.65776,45.88028,45.54119,45.88028,46.09772,42.72002,44.94441,40.80441,44.94441,46.09772,39.05125,42.72002,43.9659,39.84972,42.2019,44.38468,43.73786,37.65634,36.67424,36.34556,45.39824,39.20459,37.12142,34.1321,34.1321,32.06244,30.14963,30.0,31.0,30.06659,30.06659,31.57531,40.31129,35.44009,43.41659,43.41659,45.70558,44.91102,44.55334,49.25444,53.08484,55.00909,58.07753,56.0803,65.12296,62.80127,60.63827,65.76473,67.68309,61.39218,63.06346,60.72891,59.46427,71.16881,61.68468,65.9242,65.74192,68.35203,64.4748,64.40497,59.5399,63.06346,61.32699,59.48109,59.48109,60.53924,61.77378,61.68468,59.23681,64.2573,60.53924,58.30952,55.4617,62.29767,55.36244,58.69412,52.92447,54.12947,54.70832,54.12024,52.49762,53.14132,55.31727,53.60037,55.71355,53.16014,56.29387,50.21952,45.35416
8.544,8.544,8.24621,8.24621,8.24621,8.24621,9.21954,9.21954,9.21954,9.05539,9.21954,9.21954,9.21954,9.05539,9.05539,10.04988,9.05539,9.05539,9.05539,9.05539,9.05539,9.05539,9.05539,9.05539,9.05539,9.05539,9.0,9.05539,9.05539,9.0,8.06226,9.05539,9.0,8.06226,8.06226,8.06226,8.24621,8.06226,7.07107,7.07107,7.28011,7.28011,7.07107,6.08276,6.32456,6.08276,6.32456,6.32456,6.32456,6.32456,5.38516,5.83095,47.85394,47.01064,45.01111,43.10452,47.26521,41.97618,40.4475,45.89118,45.88028,44.14748,44.14748,48.08326,49.72927,46.84015,45.60702,44.77723,50.92151,42.54409,50.44799,49.64877,51.24451,47.75982,45.69464,44.14748,47.92703,45.88028,46.09772,47.42362,49.24429,46.95743,50.53712,48.46648,43.86342,45.17743,44.29447,44.59821,40.8534,46.09772,40.5216,43.9659,41.78516,47.43416,43.9659,44.72136,37.85499,37.85499,38.47077,39.29377,33.37664,31.7805,33.95585,32.55764,32.14032,33.24154,32.14032,31.06445,30.14963,35.8469,40.71855,39.29377,41.76123,44.92215,44.55334,44.55334,54.91812,58.42089,55.14526,57.07889,56.22277,62.1289,62.00806,68.06614,61.81424,67.46851,64.53681,60.20797,63.24555,68.00735,70.83784,61.40033,70.0928,67.35726,63.78871,61.46544,68.54196,62.96825,65.0,60.53924,67.6757,59.80803,62.29767,63.90618,62.76942,55.65968,60.87693,59.66574,65.52099,59.48109,64.53681,59.48109,57.56735,60.63827,62.64982,56.7186,55.10898,55.10898,55.10898,48.6621,52.08647,53.15073,49.0306,61.40033,51.97115,55.3263
7.2111,7.2111,8.06226,8.06226,8.06226,8.06226,7.61577,7.61577,7.61577,7.61577,8.544,8.544,8.544,8.544,7.61577,8.544,8.24621,7.61577,7.61577,8.544,8.544,8.544,7.61577,8.24621,8.544,8.24621,8.24621,8.544,8.544,8.24621,7.61577,7.61577,7.61577,7.61577,7.61577,7.61577,7.61577,6.7082,6.7082,6.7082,6.7082,6.7082,5.83095,5.83095,5.83095,5.83095,5.0,5.0,5.0,5.0,5.65685,5.0,44.14748,40.11234,46.01087,42.19005,40.0125,42.0119,43.41659,46.27094,38.47077,44.28318,41.97618,43.93177,49.0408,47.85394,48.50773,46.8188,52.17279,48.08326,48.38388,45.60702,50.0,46.32494,49.0408,47.12749,49.98,46.32494,43.08132,50.92151,47.43416,46.23851,43.32436,44.38468,47.80167,46.84015,40.16217,45.88028,49.72927,42.15448,46.09772,41.76123,40.5216,40.79216,44.27189,42.44997,42.57934,37.65634,39.05125,34.9285,38.32754,33.54102,36.49658,30.14963,32.01562,31.01612,33.01515,32.01562,31.14482,34.71311,44.40721,37.01351,42.0119,41.10961,47.51842,44.10215,48.25971,54.58938,51.78803,53.36666,56.51548,65.9242,61.13101,64.84597,56.85948,67.41662,58.60034,66.64083,64.84597,63.15853,62.26556,59.68249,66.24198,68.26419,63.52952,61.61169,64.3506,61.85467,63.63175,54.91812,67.6757,61.91123,61.05735,57.80138,53.66563,53.22593,63.13478,59.48109,61.29437,60.41523,52.7731,57.24509,55.9017,54.23099,58.18075,48.70318,53.85165,58.30952,49.98,52.0,51.5461,58.5235,44.72136,48.38388,51.92302,46.48656
8.06226,8.0,8.06226,9.0,8.06226,9.0,9.05539,8.06226,9.05539,8.06226,9.05539,9.21954,9.05539,9.05539,9.05539,9.21954,9.21954,8.24621,9.21954,9.21954,9.21954,9.21954,8.24621,9.21954,9.21954,9.48683,9.48683,9.21954,9.21954,9.48683,9.21954,9.21954,8.24621,8.24621,8.24621,8.06226,8.06226,8.06226,8.06226,7.07107,7.07107,8.06226,7.07107,7.07107,7.07107,7.07107,7.0,6.0,6.0,6.0,6.08276,6.08276,46.17359,42.37924,47.20169,34.9285,44.40721,39.05125,42.0119,43.93177,41.01219,44.82187,42.44997,40.36087,46.01087,46.69047,43.13931,48.60041,50.9902,46.61545,44.04543,47.63402,49.64877,47.63402,43.909,46.40043,46.09772,48.83646,43.60046,45.22168,49.67897,49.92995,43.60046,50.0,41.10961,49.81967,40.81666,45.27693,46.09772,46.61545,43.93177,43.18565,38.8973,45.27693,43.13931,40.45986,43.18565,40.60788,34.82815,36.40055,37.64306,31.40064,34.71311,30.80584,36.40055,32.75668,33.28663,32.24903,29.96665,38.60052,37.20215,39.05125,46.01087,43.93177,47.63402,45.96738,49.0408,54.91812,56.30275,59.68249,56.93856,64.14047,62.6099,61.35145,62.24147,66.48308,58.82176,62.96825,64.7611,65.0,68.06614,66.28725,68.65858,64.49806,67.46851,61.13101,62.514,60.0,63.3877,53.33854,65.27634,63.95311,57.70615,64.38167,62.36986,54.34151,62.514,58.42089,58.0517,64.93843,58.46366,61.13101,55.57877,56.29387,51.62364,57.00877,57.00877,54.81788,55.31727,57.00877,55.08176,53.36666,46.17359,51.66237,51.62364,48.76474
8.0,8.06226,8.06226,9.05539,8.06226,8.06226,9.21954,9.21954,9.21954,8.24621,9.21954,9.48683,9.21954,9.21954,9.21954,9.48683,9.48683,9.48683,8.544,9.21954,9.21954,9.21954,8.544,9.48683,9.48683,9.48683,9.48683,9.48683,9.48683,8.544,8.24621,9.21954,8.24621,8.24621,8.24621,8.24621,9.21954,8.06226,7.07107,8.06226,8.06226,8.06226,7.07107,7.07107,7.07107,7.07107,7.0,6.0,6.0,6.0,7.0,6.08276,44.55334,41.40048,41.01219,40.45986,39.69887,42.72002,40.36087,45.80393,38.47077,48.8774,42.54409,45.17743,42.94182,44.94441,47.50789,44.28318,46.61545,43.909,45.65085,44.29447,50.69517,46.95743,46.95743,47.01064,44.77723,46.95743,44.59821,50.08992,50.08992,48.46648,42.19005,42.95346,44.94441,49.73932,43.38202,45.65085,45.61798,42.48529,43.82921,42.48529,38.07887,41.67733,41.6173,40.22437,39.05125,42.43819,42.72002,36.61967,34.05877,37.80212,33.61547,31.241,28.3196,34.65545,32.20248,31.62278,30.61046,37.16181,38.62642,41.10961,40.70626,41.04875,45.48626,45.65085,46.87217,51.97115,55.44367,56.63921,60.20797,60.20797,58.41233,56.30275,60.60528,66.8431,61.58734,66.28725,66.37017,66.57327,64.88451,68.54196,67.54258,67.41662,64.41273,61.68468,63.69458,65.55151,64.62198,56.46238,66.85058,67.06713,55.9464,61.84658,58.87274,54.626,58.60034,54.08327,62.39391,59.23681,54.20332,62.64982,54.20332,56.93856,50.11986,54.12024,55.22681,54.70832,58.18075,55.22681,52.83938,51.07837,52.20153,58.83026,52.35456,49.09175
8.60233,8.06226,8.94427,8.06226,8.544,7.61577,8.544,8.544,8.544,8.544,8.94427,9.48683,8.544,8.544,8.544,9.48683,9.48683,9.48683,8.24621,9.21954,8.544,8.24621,8.544,9.21954,9.48683,9.48683,9.21954,9.21954,9.21954,9.21954,8.24621,8.24621,8.24621,8.24621,8.24621,8.544,8.544,7.61577,7.61577,7.61577,7.61577,7.61577,7.61577,6.32456,6.7082,6.32456,6.7082,6.32456,5.83095,5.83095,5.83095,5.0,44.28318,44.55334,44.18144,38.0526,46.09772,43.28972,40.4475,40.31129,40.1995,43.01163,48.83646,43.73786,49.0306,45.39824,46.32494,42.37924,51.41984,46.57252,48.05206,48.76474,49.47727,48.05206,42.44997,44.91102,42.95346,48.05206,45.60702,49.64877,46.32494,48.10405,42.72002,49.64877,43.41659,47.12749,44.64303,42.57934,42.44997,45.70558,45.17743,41.4367,41.4367,42.57934,41.4367,39.31921,39.05125,42.10701,41.04875,39.20459,36.05551,36.01389,34.05877,34.05877,26.0,30.14963,28.28427,34.52535,32.14032,38.41875,41.23106,37.57659,43.08132,40.8534,45.89118,44.14748,47.67599,56.32051,55.14526,57.87055,52.46904,63.1981,66.00758,59.07622,59.4138,66.37017,64.93843,61.39218,60.63827,63.78871,70.34202,62.93648,66.94027,64.84597,63.06346,62.29767,62.96825,58.60034,62.64184,55.02727,61.09828,57.24509,56.30275,60.41523,62.39391,58.30952,60.08328,55.15433,61.35145,57.56735,57.56735,54.70832,53.45091,51.86521,52.7731,51.41984,55.54278,50.01,53.16014,49.72927,52.95281,50.01,42.95346,53.16014,53.15073,47.67599
8.24621,8.544,8.94427,9.48683,8.94427,8.544,8.94427,8.94427,8.94427,8.94427,9.84886,9.84886,9.84886,10.29563,9.84886,10.29563,9.43398,8.94427,9.43398,9.43398,8.94427,9.43398,8.94427,9.43398,10.29563,9.43398,9.43398,10.29563,9.43398,9.43398,8.94427,8.94427,8.94427,8.94427,8.06226,8.94427,8.544,8.544,8.544,7.61577,7.61577,7.61577,7.61577,6.7082,6.7082,6.7082,6.32456,6.32456,7.28011,6.08276,6.08276,6.08276,41.7732,42.44997,45.34314,41.7732,44.59821,36.61967,44.65423,49.64877,43.04649,42.19005,39.82462,40.31129,47.01064,48.8774,45.17743,47.16991,47.85394,47.53946,44.38468,49.24429,47.92703,47.41308,44.01136,41.14608,46.06517,45.61798,42.19005,47.53946,48.33218,45.17743,44.77723,43.41659,44.28318,43.82921,44.77723,45.18849,41.14608,42.54409,47.01064,38.91015,41.67733,39.82462,38.83298,35.8469,38.07887,36.89173,36.23534,37.64306,31.1127,29.73214,32.52691,30.4795,31.62278,31.14482,29.20616,31.89044,27.65863,37.12142,35.73514,39.05125,41.76123,44.01136,48.46648,46.8188,48.37355,51.0,54.70832,56.30275,59.36329,59.68249,57.00877,57.28001,62.96825,64.3506,63.70243,60.30755,60.20797,65.19202,64.66065,63.60031,63.82006,66.85058,64.2028,63.51378,62.76942,61.40033,65.19202,57.98276,62.76942,58.13777,57.3062,59.9333,58.13777,59.05929,59.36329,53.85165,57.42822,57.80138,57.14018,56.30275,61.40033,50.77401,59.40539,51.0392,56.0803,52.20153,53.60037,51.22499,54.81788,52.15362,46.32494,51.85557,45.96738,46.8615
8.544,8.544,8.94427,9.84886,8.94427,8.94427,9.43398,8.94427,9.43398,9.43398,9.84886,9.43398,9.84886,10.29563,10.29563,10.29563,9.43398,9.43398,9.43398,9.43398,9.43398,10.0,9.43398,9.43398,9.43398,9.43398,9.43398,9.43398,9.43398,8.60233,9.43398,9.43398,8.60233,8.60233,8.60233,8.06226,8.94427,7.61577,8.544,8.06226,7.61577,8.06226,7.61577,6.7082,6.7082,6.7082,6.7082,6.7082,6.32456,6.32456,6.08276,6.08276,46.09772,45.34314,43.04649,40.60788,44.82187,38.41875,45.17743,48.02083,40.71855,45.18849,43.46263,43.41659,48.33218,42.95346,48.76474,44.59821,51.07837,54.08327,44.72136,42.72002,52.63079,49.65884,44.14748,47.12749,45.18849,46.23851,43.86342,52.63079,46.17359,49.33559,43.08132,47.92703,45.69464,47.42362,42.72002,47.42362,43.65776,42.15448,45.18849,40.70626,41.18252,39.35734,36.71512,40.70626,41.67733,35.8469,38.01316,35.8469,30.23243,31.62278,29.20616,29.73214,32.44996,31.241,29.20616,29.06888,31.40064,38.11824,43.56604,39.62323,45.60702,41.48494,50.32892,45.88028,48.75449,55.65968,54.58938,53.7122,53.33854,62.76942,60.74537,63.41136,61.07373,67.00746,61.52235,61.52235,66.52819,64.66065,65.29931,63.89053,66.6033,63.60031,65.29931,59.64059,64.63745,62.1289,65.0,54.40588,63.51378,59.66574,57.2014,63.82006,58.82176,54.40588,63.41136,57.2014,62.00806,59.40539,62.00806,59.46427,56.0803,56.85068,65.29931,55.80323,51.85557,53.90733,55.31727,49.51767,56.0803,58.25805,47.01064,55.86591,51.66237,45.34314
9.05539,9.21954,8.24621,9.21954,9.21954,9.21954,9.48683,9.48683,9.48683,8.544,9.48683,9.84886,9.48683,9.48683,9.48683,9.84886,9.84886,9.48683,8.544,9.48683,8.544,9.48683,8.544,9.48683,8.544,9.84886,8.94427,9.48683,9.84886,8.94427,8.544,8.544,8.544,8.544,8.544,8.24621,9.21954,8.24621,7.28011,7.28011,8.24621,7.28011,7.07107,7.07107,7.07107,7.07107,7.07107,7.07107,7.07107,6.0,7.0,6.08276,42.80187,47.20169,46.32494,41.88078,43.56604,43.41659,43.38202,47.42362,44.38468,46.84015,42.37924,47.12749,49.39636,47.80167,45.88028,48.83646,50.28916,52.63079,47.53946,48.08326,53.16014,45.35416,49.72927,47.43416,42.37924,48.08326,41.97618,50.44799,43.93177,50.80354,46.69047,46.52956,43.9659,44.92215,44.55334,46.17359,47.29693,43.93177,44.14748,44.38468,37.94733,46.23851,42.37924,40.16217,38.07887,43.82921,40.49691,39.39543,36.40055,34.78505,34.9285,33.83785,31.30495,32.20248,27.45906,31.40064,32.01562,39.62323,38.32754,34.0147,42.10701,43.28972,44.72136,48.05206,48.50773,57.48913,53.16014,54.40588,55.36244,65.55151,60.41523,62.76942,60.46487,65.19202,65.80274,66.61081,64.44377,62.96825,67.88225,63.25346,63.70243,65.76473,64.81512,64.38167,64.44377,66.06815,63.70243,60.81118,63.89053,58.25805,59.66574,61.6198,63.70243,60.20797,61.07373,60.1415,63.03174,60.82763,58.13777,61.55485,62.24147,59.46427,53.74012,56.0803,57.00877,55.9017,56.72742,56.85068,53.41348,55.9017,52.40229,54.45181,56.22277,48.16638
8.0,8.06226,8.06226,9.05539,9.05539,9.05539,9.21954,9.05539,9.05539,9.21954,9.21954,9.21954,9.21954,9.21954,9.05539,10.19804,9.21954,9.21954,9.21954,9.21954,9.05539,9.21954,9.21954,9.21954,9.21954,9.21954,9.21954,9.21954,9.21954,9.21954,8.06226,9.05539,8.06226,8.06226,8.06226,8.06226,9.05539,8.06226,8.06226,8.0,8.0,8.0,7.0,7.0,7.0,7.0,7.07107,7.0,7.07107,7.07107,6.08276,6.32456,45.22168,47.43416,49.49747,40.31129,43.27817,42.80187,45.80393,44.20407,36.05551,46.87217,44.28318,41.6173,50.80354,45.27693,47.50789,46.64762,52.47857,47.01064,50.60632,47.01064,49.73932,45.65085,48.02083,46.95743,47.20169,49.92995,46.14109,48.37355,47.01064,51.0,46.95743,47.01064,42.72002,47.42362,41.59327,45.22168,49.40648,45.65085,44.41846,43.60046,44.65423,44.41846,42.80187,40.45986,38.28838,39.82462,39.62323,40.31129,35.35534,34.66987,35.38361,34.65545,33.97058,26.1725,32.20248,30.01666,30.0,39.01282,38.47077,37.33631,41.97618,44.92215,45.60702,47.43416,50.11986,55.54278,48.30114,56.0803,59.48109,64.89992,61.61169,61.52235,60.1415,69.2026,56.56854,62.2254,61.84658,66.0303,70.72482,61.84658,63.89053,67.41662,62.00806,62.68174,67.23095,58.18075,66.24198,53.53504,65.0,63.50591,57.3062,57.24509,58.66856,58.24946,58.5235,59.16925,61.58734,59.9333,54.40588,57.45433,56.30275,56.61272,55.47071,51.0392,52.80152,56.0803,49.64877,52.43091,51.62364,56.85948,46.32494,57.68882,55.21775,46.61545
8.0,8.0,8.06226,9.0,8.06226,8.06226,8.06226,8.06226,8.06226,8.06226,9.05539,9.21954,9.05539,8.24621,9.05539,9.21954,9.21954,8.06226,9.21954,8.24621,8.24621,8.24621,8.06226,8.544,8.24621,8.24621,8.24621,9.21954,9.21954,8.24621,8.24621,8.24621,8.24621,8.24621,8.06226,8.24621,8.06226,7.07107,7.07107,7.07107,7.0,7.07107,7.07107,7.07107,6.0,6.0,6.0,6.0,6.0,6.08276,6.08276,5.09902,42.72002,45.54119,43.01163,38.91015,46.64762,41.23106,43.18565,43.41659,46.75468,43.13931,46.04346,47.38143,50.93133,51.22499,49.81967,49.57822,55.15433,49.51767,43.86342,48.10405,53.75872,42.80187,43.41659,46.69047,43.86342,48.10405,46.01087,51.08816,48.79549,50.44799,46.01087,47.01064,46.01087,51.62364,48.08326,48.79549,45.34314,45.25483,45.96738,46.2277,45.45327,43.04649,44.20407,44.04543,37.73592,41.88078,38.28838,35.80503,32.44996,32.64966,34.43835,32.64966,34.1321,34.20526,36.40055,35.4683,32.01562,34.20526,35.17101,39.0,40.31129,39.96248,42.72002,43.56604,49.09175,53.15073,52.63079,56.58622,56.56854,60.81118,65.0,58.60034,62.1289,62.43397,59.68249,59.68249,58.87274,63.56099,62.76942,60.74537,61.68468,60.72891,61.68468,61.61169,60.44005,60.16644,62.36185,55.08176,62.58594,58.24088,58.18935,59.66574,58.46366,57.56735,56.04463,55.10898,58.82176,56.75385,56.75385,52.88667,63.32456,47.43416,55.9464,53.75872,54.08327,51.62364,58.5235,52.20153,54.42426,53.60037,48.08326,49.33559,53.7122,48.38388
7.2111,7.81025,7.81025,7.81025,7.81025,7.81025,8.48528,8.48528,8.48528,8.48528,9.21954,9.21954,8.48528,8.48528,8.48528,9.89949,9.21954,8.48528,8.48528,8.48528,8.48528,8.48528,8.48528,7.81025,8.48528,9.21954,8.48528,8.48528,8.48528,8.48528,8.48528,8.48528,8.48528,7.81025,7.81025,7.81025,7.81025,7.07107,7.81025,7.2111,7.2111,7.2111,7.2111,5.83095,5.83095,5.83095,5.83095,5.83095,5.83095,5.83095,5.38516,5.38516,43.93177,40.60788,45.48626,38.07887,44.94441,39.92493,45.54119,47.01064,36.05551,46.57252,42.2019,43.17407,53.36666,44.64303,46.48656,49.36598,51.92302,48.83646,51.92302,48.05206,56.7186,50.69517,49.64877,46.57252,50.44799,49.72927,44.72136,51.78803,48.08326,53.33854,43.41659,53.60037,45.12206,44.92215,46.38965,44.72136,47.80167,49.0408,42.72002,45.12206,46.17359,46.23851,42.15448,40.8534,44.01136,42.04759,40.71855,38.62642,40.8534,35.34119,36.67424,37.57659,33.54102,33.54102,32.24903,31.90611,36.40055,38.32754,39.62323,38.01316,47.01064,44.10215,49.36598,45.27693,51.1957,56.75385,52.88667,52.81098,56.61272,60.74537,58.18075,59.16925,61.7171,65.30697,59.68249,63.51378,63.25346,61.84658,65.29931,64.53681,58.72819,61.55485,62.482,61.55485,60.81118,60.1415,63.78087,53.8145,65.94695,60.82763,54.67175,57.28001,60.87693,53.03772,59.5483,55.86591,60.81118,53.07542,63.41136,58.13777,55.15433,54.81788,54.3783,53.41348,56.72742,55.60576,50.80354,55.86591,54.40588,55.9017,45.34314,52.40229,50.77401,47.63402
9.05539,9.0,9.0,10.0,9.0,9.0,9.05539,9.05539,10.04988,10.04988,10.04988,10.04988,10.04988,10.04988,10.04988,10.04988,10.04988,9.05539,10.19804,10.04988,10.04988,10.19804,9.05539,10.19804,10.04988,10.04988,10.19804,10.19804,11.18034,10.19804,10.04988,10.19804,10.04988,9.05539,9.05539,9.05539,9.0,9.0,9.0,9.0,8.0,8.0,8.0,8.0,7.0,8.0,7.0,7.07107,7.07107,7.07107,7.28011,7.28011,44.94441,39.44617,42.80187,41.6173,44.10215,43.56604,42.80187,46.8615,46.2277,44.40721,50.0,47.63402,51.73973,48.10405,47.50789,50.20956,48.10405,48.27007,47.42362,53.74012,50.24938,46.01087,46.66905,45.96738,43.84062,48.10405,44.55334,50.44799,45.25483,51.85557,47.38143,50.24938,43.13931,48.83646,45.34314,47.38143,48.41487,46.8615,46.01087,46.69047,41.72529,44.82187,43.86342,45.25483,41.03657,41.10961,38.01316,38.41875,39.40812,33.83785,34.98571,36.23534,33.83785,32.75668,31.7805,33.10589,30.46309,37.33631,39.35734,39.35734,42.05948,42.43819,46.40043,45.34314,46.69047,56.58622,52.34501,55.22681,59.46427,63.70243,63.60031,60.92618,59.5399,67.60178,60.37384,55.54278,62.76942,63.32456,68.30813,66.48308,65.78754,61.13101,65.78754,62.36185,63.34824,59.03389,63.78871,54.57105,62.36986,57.72348,55.36244,60.82763,59.22837,58.94065,60.44005,54.70832,60.16644,55.7853,55.54278,63.32456,53.75872,53.45091,52.39275,51.92302,50.96077,57.58472,52.20153,53.36666,54.12024,53.16014,50.32892,54.08327,52.80152,48.8467
8.60233,9.21954,8.48528,9.21954,8.48528,8.48528,8.48528,8.48528,9.21954,8.60233,8.48528,9.21954,9.21954,9.21954,9.21954,10.0,8.60233,9.21954,8.60233,8.60233,9.21954,8.60233,9.21954,8.60233,9.21954,9.21954,9.43398,9.43398,10.0,8.60233,8.60233,8.60233,8.60233,8.60233,9.21954,7.81025,8.48528,8.48528,8.48528,8.48528,7.81025,7.81025,7.81025,7.07107,7.07107,6.40312,6.40312,6.40312,6.40312,6.7082,6.7082,6.7082,42.43819,45.79301,44.28318,43.04649,43.32436,39.0,42.44997,40.49691,41.48494,43.9659,41.0,41.97618,51.62364,45.89118,47.51842,53.15073,50.9902,48.37355,47.38143,48.05206,57.70615,54.12947,48.09366,48.50773,44.72136,49.0306,49.24429,48.37355,53.46027,57.03508,46.52956,49.25444,51.35173,49.25444,44.28318,46.87217,47.09565,47.67599,49.72927,51.78803,51.78803,44.91102,41.97618,46.87217,41.7732,44.94441,41.10961,40.02499,35.73514,33.24154,37.94733,37.94733,31.38471,26.57066,36.67424,34.1321,32.01562,35.35534,38.01316,37.05401,43.04649,42.0119,45.70558,45.39824,49.0306,56.51548,49.64877,53.45091,53.16014,59.46427,59.5063,63.51378,58.66856,65.36819,63.82006,59.16925,56.85068,64.03124,64.03124,63.12686,63.12686,64.3506,65.60488,60.87693,62.93648,63.12686,64.3506,52.34501,62.93648,55.22681,61.55485,63.03174,57.31492,53.15073,59.5483,58.0,55.97321,58.72819,58.25805,60.1415,55.86591,51.66237,56.40035,54.45181,56.63921,52.80152,51.62364,47.50789,59.64059,53.8145,47.42362,52.80152,49.20366,48.83646
7.2111,7.81025,7.07107,7.81025,7.81025,7.81025,8.48528,8.48528,8.48528,8.48528,9.21954,9.21954,8.48528,8.48528,8.48528,9.21954,9.21954,8.48528,9.21954,8.60233,8.60233,9.21954,7.81025,9.21954,9.21954,9.21954,8.60233,9.21954,10.0,8.60233,8.60233,8.60233,8.60233,8.60233,8.60233,8.48528,8.48528,7.81025,7.81025,7.07107,7.07107,7.07107,7.07107,7.07107,7.07107,6.40312,6.40312,5.65685,5.65685,6.40312,5.83095,5.83095,44.59821,40.8534,50.44799,45.88028,44.14748,42.57934,38.20995,46.17359,42.29657,44.04543,47.01064,42.10701,54.03702,49.0102,49.0,50.01,53.03772,51.08816,51.15662,50.01,53.46027,51.0,49.36598,50.35871,50.03998,50.48762,49.16299,53.93515,51.08816,54.23099,51.35173,51.15662,49.25444,48.83646,51.24451,48.50773,49.25444,48.37355,53.15073,49.36598,46.01087,49.25444,43.41659,42.04759,39.01282,44.10215,43.01163,41.01219,40.0,35.0571,39.01282,37.0,33.06055,35.12834,35.35534,34.36568,35.44009,36.12478,39.81206,40.79216,43.41659,39.62323,46.04346,47.04253,48.04165,54.45181,53.33854,57.07013,56.88585,59.43904,61.68468,58.5235,62.96825,66.48308,56.60389,59.94164,60.00833,61.7171,64.66065,58.24946,63.51378,63.00794,64.40497,60.0,63.00794,60.30755,64.3506,49.09175,58.60034,60.46487,52.83938,57.42822,58.5235,52.15362,58.66856,54.03702,54.20332,58.24946,56.79789,57.14018,53.33854,56.30275,52.7731,54.56189,58.60034,46.95743,58.59181,54.6443,52.80152,60.82763,52.35456,54.70832,50.53712,48.70318
9.21954,9.05539,9.05539,10.04988,9.05539,9.05539,10.04988,9.0,10.0,9.0,10.04988,10.0,10.04988,10.0,10.04988,10.0,10.04988,10.0,10.0,10.0,10.0,10.04988,9.0,10.04988,10.0,10.04988,10.04988,10.04988,10.04988,10.04988,9.0,10.0,9.05539,9.05539,9.05539,9.0,10.0,9.0,9.0,8.0,9.05539,9.0,8.0,8.0,8.06226,7.0,7.07107,7.07107,7.07107,7.28011,7.28011,7.28011,46.09772,47.80167,46.61545,42.95346,47.41308,42.54409,44.38468,45.31004,43.909,47.88528,47.20169,46.2277,56.60389,48.41487,46.06517,50.44799,53.25411,52.63079,53.60037,48.60041,56.0803,52.63079,50.44799,49.39636,51.10773,54.03702,50.32892,53.03772,47.01064,50.32892,49.0408,52.80152,48.54894,50.9902,46.69047,48.41487,46.8615,51.61395,48.82622,46.01087,41.88078,44.41846,43.26662,44.41846,42.05948,42.72002,42.04759,39.40812,36.23534,31.90611,38.07887,32.44996,36.24914,36.24914,32.69557,32.28002,32.57299,35.0,42.52058,36.12478,41.23106,38.01316,45.80393,44.68781,49.39636,56.35601,49.24429,53.22593,57.69749,58.30952,61.13101,64.03124,61.98387,65.76473,63.63961,61.98387,56.4358,58.00862,66.0303,61.03278,61.20457,64.07027,63.50591,60.07495,65.27634,60.0,63.0,55.00909,63.12686,58.30952,57.0,58.13777,57.00877,52.0,56.0,57.14018,63.00794,64.00781,53.15073,57.14018,61.07373,55.22681,55.0,53.23533,56.14268,56.4358,53.0,54.23099,54.45181,57.00877,49.36598,52.17279,53.36666,55.10898
7.81025,8.48528,7.81025,9.21954,8.48528,8.48528,9.21954,9.21954,9.21954,8.60233,9.21954,10.0,9.21954,9.21954,9.21954,10.0,10.0,8.60233,8.60233,9.43398,8.60233,9.43398,9.21954,9.43398,10.0,10.0,9.43398,9.43398,9.43398,9.43398,8.60233,8.60233,8.60233,8.60233,8.60233,8.60233,9.21954,7.81025,7.81025,7.81025,7.81025,7.81025,7.81025,7.07107,7.07107,7.07107,7.07107,6.40312,6.40312,6.40312,5.83095,5.83095,42.94182,47.53946,43.73786,47.29693,42.42641,46.69047,45.27693,44.40721,45.0,46.09772,46.01087,49.09175,51.0,47.09565,52.34501,53.03772,53.0,52.03845,48.01042,54.03702,55.7315,50.03998,53.46027,45.01111,47.09565,50.01,51.24451,51.08816,50.03998,58.30952,47.04253,53.03772,52.03845,51.24451,51.47815,47.04253,47.04253,48.16638,47.09565,46.09772,46.09772,49.0,42.0,42.0119,43.10452,39.01282,44.10215,41.10961,41.10961,39.05125,35.01428,33.37664,33.54102,33.95585,33.37664,32.31099,36.23534,34.43835,39.56008,37.69615,45.22168,44.27189,48.76474,45.60702,49.64877,56.29387,54.14795,59.03389,56.0357,64.03124,56.56854,54.12947,58.85576,68.88396,57.87055,63.56099,60.74537,57.87055,66.7308,63.97656,61.35145,65.74192,62.39391,63.06346,58.69412,60.03332,64.40497,55.4617,59.94164,56.35601,54.56189,61.40033,61.7171,57.27128,62.64982,55.03635,61.32699,55.9017,62.62587,59.23681,60.41523,58.18075,55.36244,57.00877,61.32699,55.65968,57.70615,52.81098,53.31041,54.78138,50.15974,55.71355,49.0408,56.61272
9.21954,8.48528,9.21954,8.48528,9.21954,9.21954,9.21954,9.21954,9.21954,8.60233,9.21954,10.0,10.0,9.43398,9.21954,10.0,9.43398,9.43398,8.60233,9.43398,8.60233,9.43398,8.60233,9.43398,9.43398,9.43398,9.43398,10.29563,9.43398,9.43398,8.60233,9.43398,8.60233,8.60233,8.60233,8.60233,9.21954,7.81025,8.60233,7.81025,7.81025,7.81025,7.81025,7.07107,7.07107,7.07107,6.40312,7.07107,7.07107,6.40312,7.2111,6.7082,48.50773,43.17407,44.10215,47.01064,45.09989,43.10452,42.42641,44.28318,42.42641,41.97618,44.91102,46.09772,52.63079,47.07441,50.80354,45.88028,50.01,46.17359,48.05206,50.96077,57.93962,50.01,45.54119,45.22168,48.50773,44.59821,48.08326,48.08326,49.0408,51.86521,48.33218,50.28916,45.60702,43.08132,49.39636,45.22168,44.94441,45.31004,45.22168,42.72002,48.08326,44.40721,45.39824,39.29377,40.5216,42.44997,38.32754,40.79216,34.23449,37.36308,34.36568,34.1321,34.23449,33.0,37.33631,32.0,34.1321,35.8469,36.23534,38.91015,39.81206,40.16217,44.38468,44.92215,45.70558,51.97115,49.25444,54.00926,48.04165,60.07495,63.00794,56.0803,59.4138,61.20457,57.27128,59.03389,59.90826,56.29387,61.03278,58.82176,58.82176,62.29767,60.87693,57.38467,56.46238,56.85948,61.68468,54.08327,58.69412,60.74537,52.80152,60.83584,55.71355,55.71355,60.16644,54.08327,55.36244,56.32051,62.8172,53.45091,53.75872,51.24451,55.10898,57.24509,56.04463,54.12947,54.08327,55.02727,52.20153,57.48913,53.16014,54.57105,51.5461,45.12206
7.81025,7.2111,8.06226,8.60233,8.06226,8.06226,8.94427,8.06226,8.94427,8.94427,9.43398,8.94427,8.94427,8.94427,8.06226,8.94427,8.544,8.94427,8.544,8.544,8.94427,8.544,7.61577,8.94427,8.94427,8.544,8.544,8.544,8.544,8.544,8.06226,8.94427,8.544,7.61577,8.544,8.06226,8.06226,7.2111,7.2111,7.2111,7.2111,7.2111,7.2111,7.2111,7.2111,5.83095,6.40312,6.40312,5.65685,5.65685,6.40312,5.0,55.3263,49.25444,48.04165,40.60788,40.4475,40.1995,45.17743,46.52956,43.93177,43.65776,48.8467,40.80441,52.88667,44.01136,43.68066,50.32892,55.02727,51.26402,43.32436,45.88028,54.626,52.55473,51.88449,52.80152,48.46648,51.86521,49.1935,50.53712,49.76947,52.83938,53.23533,53.66563,47.75982,47.16991,44.38468,47.75982,50.32892,47.42362,48.70318,42.95346,47.01064,43.9659,46.17359,48.76474,43.41659,40.80441,37.64306,39.81206,37.94733,37.36308,37.85499,34.0147,39.45884,34.0147,35.35534,31.01612,33.06055,35.35534,37.21559,37.64306,43.86342,39.05125,43.60046,43.82921,49.57822,52.20153,50.47772,51.97115,58.66856,64.88451,63.89053,57.97413,56.7186,60.16644,60.82763,58.0517,63.78871,59.68249,68.00735,60.29925,64.03124,64.03124,62.1289,62.03225,57.21888,64.77654,60.07495,54.33231,58.30952,58.42089,54.23099,62.20129,56.0803,53.23533,59.21149,56.00893,60.07495,56.32051,58.13777,55.00909,58.00862,58.03447,56.7186,55.3263,57.07889,59.3043,56.0357,57.07889,52.03845,55.22681,52.23983,53.46027,50.80354,49.09175
8.0,8.06226,8.06226,9.05539,9.05539,8.06226,9.05539,9.21954,9.05539,8.24621,9.05539,9.21954,9.05539,9.21954,8.06226,9.48683,9.21954,9.21954,8.24621,9.21954,9.05539,9.21954,9.21954,9.21954,9.21954,9.21954,9.48683,9.21954,9.21954,9.48683,8.24621,9.21954,8.24621,8.24621,8.24621,9.21954,9.05539,8.06226,7.07107,8.06226,8.06226,8.06226,8.06226,7.07107,7.07107,7.0,7.0,7.0,7.0,7.0,7.07107,7.07107,45.65085,46.06517,41.88078,40.0,43.84062,36.79674,42.42641,44.59821,41.23106,42.0119,42.19005,48.54894,50.47772,45.0,45.60702,43.26662,52.69725,49.39636,48.41487,45.79301,54.20332,43.60046,47.85394,45.27693,40.22437,50.47772,46.32494,48.54894,43.26662,53.31041,42.04759,46.09772,44.10215,50.53712,45.69464,43.56604,46.95743,46.95743,45.80393,46.14109,46.14109,42.0119,44.65423,44.40721,44.10215,39.82462,38.83298,38.60052,36.40055,35.0,38.18377,33.01515,35.22783,35.35534,36.12478,34.05877,32.80244,34.23449,37.01351,34.1321,41.0,39.05125,42.05948,42.2019,48.70318,57.38467,52.80152,55.9464,57.98276,60.74537,56.40035,63.65532,60.30755,66.21933,59.39697,61.52235,55.97321,65.29931,67.42403,60.0,59.07622,65.73431,63.24555,60.90156,62.26556,60.82763,63.81222,55.47071,59.5399,61.77378,58.83026,62.16912,64.49806,55.22681,58.66856,57.98276,61.29437,59.9333,58.24946,61.40033,58.30952,56.60389,49.1935,53.53504,54.6443,57.3062,56.82429,54.56189,60.20797,53.33854,53.7122,57.80138,57.45433,49.64877
9.21954,8.48528,8.48528,9.89949,8.48528,9.21954,9.21954,9.21954,9.21954,9.21954,9.21954,10.0,9.21954,9.21954,9.21954,10.0,10.0,8.60233,10.0,10.0,10.0,9.43398,8.60233,9.43398,9.43398,9.43398,9.43398,10.0,10.81665,9.43398,9.43398,9.43398,9.43398,9.43398,9.43398,9.43398,9.21954,9.21954,8.60233,9.21954,8.48528,8.60233,7.81025,7.81025,7.81025,7.81025,7.07107,7.07107,7.07107,7.07107,7.2111,7.2111,46.09772,44.82187,48.82622,39.82462,48.76474,40.24922,44.40721,47.41308,38.62642,43.08132,45.22168,45.31004,47.16991,47.16991,45.88028,47.85394,50.0,48.05206,48.27007,48.08326,50.28916,46.84015,45.70558,46.84015,48.27007,45.88028,42.75512,50.21952,47.29693,48.6621,47.51842,46.32494,49.72927,50.35871,44.28318,43.41659,50.01,49.24429,46.61545,44.64303,41.76123,47.07441,40.16217,45.60702,37.33631,39.39543,37.0,39.21734,37.57659,36.35932,35.4683,35.35534,38.07887,36.23534,37.44329,28.6531,30.4795,38.83298,36.12478,38.47077,41.04875,48.01042,42.0119,42.19005,45.70558,54.74486,57.72348,56.61272,55.9017,65.25335,63.56886,58.5235,59.05929,58.66856,61.58734,60.90156,61.7171,59.81639,70.0,61.6198,65.29931,64.53681,68.88396,62.24147,57.28001,58.0517,61.52235,58.0517,60.87693,59.46427,60.82763,60.959,57.62812,57.31492,62.28965,55.17246,68.0147,59.4138,60.1415,56.56854,57.28001,55.22681,62.36986,55.9017,53.75872,56.63921,58.69412,52.49762,59.03389,51.66237,50.9902,54.56189,50.24938,45.80393
7.07107,7.28011,7.61577,8.24621,8.24621,7.28011,7.61577,8.544,8.544,8.94427,8.544,8.94427,8.94427,8.94427,8.544,8.94427,8.06226,8.06226,8.06226,8.06226,8.94427,8.94427,8.06226,9.43398,9.43398,8.60233,8.60233,9.43398,9.43398,8.60233,8.06226,8.94427,8.94427,8.06226,8.06226,8.06226,8.94427,7.61577,7.61577,7.61577,7.61577,7.61577,7.61577,6.7082,6.32456,6.32456,6.32456,6.32456,6.08276,6.08276,6.08276,6.0,46.66905,41.10961,42.94182,39.96248,41.04875,42.05948,38.48376,44.01136,38.48376,49.39636,40.16217,43.08132,50.0,46.23851,43.68066,47.67599,49.72927,49.0408,46.8188,46.84015,54.12947,46.8188,46.87217,47.53946,44.72136,47.07441,45.39824,51.78803,45.39824,46.52956,43.93177,50.9902,46.38965,50.48762,42.29657,49.98,48.83646,47.53946,51.66237,41.23106,44.92215,39.56008,43.01163,45.22168,46.61545,38.62642,43.08132,39.05125,37.33631,38.27532,37.94733,36.40055,37.16181,35.77709,34.98571,30.88689,31.40064,33.54102,37.01351,38.01316,43.18565,37.01351,43.04649,43.56604,45.39824,50.48762,50.44799,52.88667,58.46366,61.68468,58.87274,56.79789,54.3783,64.14047,63.51378,57.68882,59.40539,60.60528,64.38167,61.84658,62.482,62.96825,59.5483,57.48913,60.44005,56.61272,67.47592,50.0,58.13777,61.22091,55.17246,55.0,56.22277,53.82379,57.00877,51.66237,55.15433,53.75872,53.07542,55.22681,51.62364,50.9902,50.24938,53.74012,55.22681,50.91169,53.2635,53.90733,50.20956,55.22681,48.79549,50.93133,50.24938,52.20153
8.06226,8.24621,9.48683,8.544,9.48683,8.24621,9.48683,8.544,9.48683,9.48683,9.48683,9.84886,9.48683,9.84886,9.48683,10.29563,9.84886,9.84886,8.94427,9.84886,9.84886,9.84886,9.84886,10.29563,9.84886,10.29563,10.29563,11.18034,10.29563,10.29563,8.94427,9.84886,9.84886,9.84886,8.94427,8.94427,9.84886,8.544,8.544,8.544,8.544,8.544,8.544,7.61577,7.28011,7.28011,7.28011,7.28011,7.28011,7.07107,7.07107,7.07107,42.44997,42.52058,40.49691,38.28838,42.52058,43.60046,41.67733,42.48529,44.77723,43.26662,46.09772,38.94868,47.41308,49.65884,49.64877,51.42956,48.33218,49.98,42.54409,48.33218,48.10405,51.62364,46.48656,50.69517,42.48529,51.62364,48.8467,51.62364,49.39636,52.20153,47.92703,48.30114,48.70318,48.70318,46.48656,43.08132,47.75982,45.88028,46.61545,46.14109,42.48529,44.41846,43.26662,46.95743,40.31129,43.26662,39.82462,45.80393,35.35534,32.75668,31.1127,37.64306,32.80244,34.71311,34.05877,34.82815,33.30165,36.68787,34.20526,39.29377,43.17407,44.04543,46.0,43.28972,48.16638,52.15362,54.45181,55.10898,53.93515,60.63827,61.09828,58.87274,64.84597,60.41523,62.1289,58.66856,63.28507,63.00794,62.80127,63.70243,62.482,61.55485,62.00806,60.10824,55.86591,58.13777,60.1415,51.85557,57.31492,55.97321,54.45181,58.0,54.45181,55.97321,58.0,58.0,56.56854,57.31492,60.82763,52.40229,55.86591,50.24938,54.48853,52.00961,50.93133,50.91169,55.15433,50.32892,51.62364,52.3259,48.83646,53.07542,43.93177,45.96738
8.60233,9.21954,9.21954,9.21954,9.21954,9.21954,9.89949,8.48528,9.89949,9.89949,9.89949,10.63015,9.89949,9.89949,9.89949,10.63015,10.0,9.21954,10.0,10.0,10.0,10.0,9.21954,10.0,10.0,10.0,10.0,10.81665,10.0,10.29563,10.0,10.0,10.0,10.0,10.0,9.21954,9.21954,9.21954,9.21954,9.21954,8.48528,8.48528,8.48528,7.81025,8.48528,7.81025,8.48528,7.81025,7.81025,7.81025,7.2111,7.2111,48.82622,40.0,45.54119,38.91015,38.94868,48.10405,41.76123,43.41659,41.97618,44.91102,42.75512,42.75512,46.38965,45.89118,44.91102,47.09565,48.09366,51.0392,47.16991,49.49747,52.34501,50.80354,46.17359,50.48762,47.26521,48.25971,46.52956,55.00909,52.15362,48.01042,47.51842,46.69047,47.26521,52.15362,48.0,49.64877,44.40721,45.39824,48.50773,41.7732,36.49658,45.89118,45.22168,40.60788,39.0,39.05125,40.16217,41.23106,36.13862,35.90265,34.9285,33.61547,36.67424,38.07887,34.0,35.8469,32.24903,32.75668,34.88553,40.71855,42.48529,44.28318,41.48494,47.12749,44.91102,53.46027,53.60037,54.03702,54.08327,61.03278,57.03508,60.01666,62.64982,64.13267,58.87274,60.44005,58.94065,60.53924,59.9333,57.77543,61.26989,63.06346,60.83584,57.3062,56.0357,61.29437,56.4358,52.15362,59.36329,56.0803,56.4358,62.96825,55.47071,54.70832,55.56978,56.0803,58.59181,57.45433,56.93856,55.47071,54.08327,52.43091,62.43397,55.22681,54.08327,57.45433,58.30952,54.58938,56.79789,49.09175,50.60632,52.69725,49.92995,49.73932
8.94427,8.60233,8.60233,9.43398,8.60233,8.60233,10.0,9.21954,10.0,9.21954,10.0,10.0,10.0,10.0,10.0,10.63015,9.89949,9.21954,9.21954,9.21954,10.0,9.89949,9.21954,9.89949,10.63015,9.89949,9.89949,9.89949,9.89949,9.89949,9.21954,10.63015,9.89949,9.21954,9.21954,9.21954,9.21954,8.60233,8.60233,8.60233,8.60233,8.60233,8.60233,7.81025,7.2111,7.2111,7.2111,8.06226,6.7082,7.61577,6.7082,6.32456,40.22437,45.79301,47.16991,42.44997,41.48494,47.43416,48.38388,45.70558,51.08816,41.7732,45.89118,44.18144,48.25971,50.24938,45.17743,48.09366,48.09366,51.15662,45.17743,48.16638,52.08647,51.15662,49.09175,47.09565,45.09989,52.00961,48.09366,53.23533,46.01087,50.03998,45.01111,49.0102,48.01042,50.35871,49.36598,47.0,49.81967,47.38143,50.01,43.04649,42.0119,41.10961,43.10452,51.0392,45.17743,41.30375,40.1995,43.56604,35.35534,39.11521,38.47077,38.47077,41.19466,34.17601,33.95585,34.9285,32.75668,33.24154,36.05551,40.49691,41.97618,43.68066,43.18565,46.69047,48.25971,54.08327,56.14268,51.0,50.63596,62.96825,59.03389,58.5235,56.61272,61.98387,59.23681,57.38467,58.18075,65.30697,66.18912,60.90156,62.64982,62.43397,61.05735,58.41233,58.82176,58.24946,61.03278,49.09175,61.03278,57.42822,57.14018,60.21628,56.0803,55.21775,59.40539,51.97115,60.44005,51.47815,59.16925,57.42822,63.13478,59.36329,48.37355,54.08327,53.53504,53.53504,59.07622,54.91812,52.15362,54.91812,55.0,56.82429,54.91812,52.15362
9.05539,8.06226,8.24621,9.21954,9.21954,8.24621,9.21954,9.21954,9.48683,9.48683,9.21954,9.48683,9.48683,9.48683,9.21954,10.77033,9.48683,9.48683,9.84886,9.84886,9.48683,9.84886,9.48683,9.84886,9.84886,9.84886,8.94427,9.84886,9.84886,9.84886,8.94427,9.84886,9.84886,8.544,8.544,8.544,9.48683,8.544,8.544,8.24621,8.24621,7.28011,8.24621,7.28011,7.28011,7.28011,7.07107,7.07107,7.07107,7.07107,7.0,6.0,48.01042,43.41659,43.86342,41.40048,48.41487,46.04346,45.48626,45.48626,42.54409,45.22168,43.909,51.47815,49.73932,48.02083,48.60041,52.83938,54.20332,50.56679,51.42956,49.73932,54.12024,47.92703,48.38388,46.61545,46.09772,49.76947,46.64762,57.28001,50.15974,52.20153,47.41308,50.32892,44.94441,50.0,43.9659,48.8467,45.22168,47.12749,46.8188,45.31004,43.38202,44.41846,46.14109,45.65085,44.77723,38.01316,42.0119,38.07887,39.11521,38.27532,35.51056,33.6006,37.73592,38.41875,35.60899,34.82815,31.89044,34.1321,35.35534,39.11521,41.01219,42.0119,46.38965,44.28318,48.50773,52.63079,50.32892,56.46238,57.69749,61.09828,62.17717,63.81222,60.80296,63.28507,58.25805,62.482,63.78087,60.20797,64.44377,60.87693,61.84658,65.43699,61.07373,57.2014,63.24555,60.0,65.60488,57.00877,58.41233,56.40035,55.80323,58.24946,56.85068,56.40035,60.21628,61.03278,62.00806,59.20304,57.48913,60.80296,55.31727,56.85948,58.0,59.03389,58.0,53.15073,56.72742,54.56189,56.40035,50.9902,48.60041,54.67175,53.07542,54.40588
7.81025,7.07107,7.81025,7.81025,8.48528,7.81025,7.81025,7.81025,7.81025,7.81025,8.48528,8.60233,8.48528,8.48528,8.48528,9.21954,8.60233,7.81025,7.81025,7.81025,7.81025,8.60233,7.81025,8.60233,8.60233,8.60233,8.60233,8.60233,8.60233,8.06226,7.81025,7.81025,7.81025,7.81025,7.81025,7.81025,8.48528,7.07107,7.07107,7.07107,7.07107,7.07107,7.07107,6.40312,6.40312,5.65685,6.40312,5.83095,5.83095,5.83095,5.83095,5.38516,45.61798,42.94182,45.60702,44.27189,46.09772,44.38468,46.87217,49.49747,44.28318,44.14748,46.52956,38.32754,51.62364,51.47815,43.18565,48.09366,52.08647,49.0102,49.09175,44.18144,53.00943,48.0,51.15662,51.0,50.01,52.34501,49.0102,51.0,50.08992,47.09565,47.01064,47.09565,46.09772,50.08992,39.31921,48.25971,46.09772,47.04253,45.0,45.0,45.04442,41.30375,40.0,47.38143,42.10701,41.59327,40.60788,40.79216,33.54102,38.32754,38.32754,33.95585,32.98485,35.51056,32.89377,34.17601,31.01612,32.20248,33.83785,36.05551,38.07887,42.15448,40.31129,42.72002,46.17359,52.39275,48.83646,49.16299,53.33854,61.52235,59.0,58.13777,54.23099,59.13544,57.27128,58.0517,55.36244,57.00877,65.19202,55.71355,59.61543,58.87274,62.03225,56.79789,60.37384,53.7122,62.24147,50.53712,58.66856,53.66563,48.76474,54.08327,53.7122,56.85948,58.18075,56.4358,62.6099,55.56978,60.00833,55.07268,51.42956,49.24429,51.89412,52.83938,53.23533,55.00909,57.69749,53.0,51.88449,58.13777,44.72136,58.18075,56.93856,52.80152
8.544,7.61577,8.06226,8.06226,8.06226,8.06226,8.06226,8.06226,9.43398,8.06226,9.43398,9.43398,9.43398,8.60233,8.06226,10.0,8.60233,8.60233,8.60233,8.60233,8.60233,8.60233,8.60233,9.21954,8.60233,9.21954,9.21954,9.21954,9.21954,9.21954,7.81025,8.60233,9.21954,8.60233,8.60233,8.60233,8.60233,8.06226,8.06226,7.2111,8.06226,7.2111,8.06226,6.7082,6.7082,6.7082,6.7082,6.7082,6.7082,6.32456,6.32456,6.08276,42.0119,44.94441,44.77723,42.15448,45.35416,44.38468,47.43416,49.0306,40.79216,44.38468,48.25971,40.79216,55.22681,44.64303,47.26521,48.16638,52.34501,52.23983,50.63596,50.08992,57.03508,48.09366,51.15662,44.18144,44.01136,47.04253,43.04649,48.16638,45.54119,53.33854,48.01042,53.00943,46.27094,49.09175,47.01064,48.04165,49.09175,47.16991,47.67599,41.10961,47.01064,41.19466,41.0,45.27693,40.31129,45.89118,40.26164,35.69314,39.62323,35.51056,32.01562,39.84972,33.52611,36.05551,34.9285,39.0,36.24914,33.97058,43.01163,37.58989,43.04649,42.15448,45.61798,45.22168,48.50773,54.12947,50.80354,55.44367,60.40695,64.12488,62.00806,59.3043,61.66036,65.19202,61.18823,60.82763,61.81424,62.36185,62.96825,64.2573,58.30952,62.24147,61.68468,64.07808,62.24147,57.42822,61.29437,53.66563,63.28507,61.91123,54.70832,62.26556,56.93856,53.66563,64.4748,55.9464,63.28507,60.82763,53.66563,59.16925,57.45433,56.0803,52.47857,58.18075,59.94164,57.14018,58.18075,56.36488,54.626,58.30952,48.01042,53.53504,51.85557,48.8774
8.06226,8.94427,8.60233,8.60233,8.60233,9.43398,8.60233,8.60233,8.60233,8.48528,9.21954,9.21954,9.21954,9.21954,8.60233,9.21954,9.21954,8.60233,9.21954,9.21954,9.21954,9.21954,7.81025,9.21954,8.48528,9.89949,9.89949,9.21954,9.89949,9.21954,9.21954,9.21954,9.21954,8.48528,9.21954,7.81025,9.21954,8.60233,7.81025,8.60233,8.06226,8.60233,7.2111,7.2111,7.2111,7.2111,6.7082,6.7082,6.7082,7.61577,7.28011,7.28011,42.52058,47.63402,49.39636,46.51881,45.31004,43.08132,42.37924,45.31004,41.10961,42.37924,46.48656,47.12749,50.59644,41.76123,45.35416,48.16638,47.80167,46.09772,45.35416,45.89118,56.7186,51.41984,50.08992,47.53946,42.57934,47.53946,42.42641,51.47815,46.87217,46.01087,51.78803,50.03998,45.54119,49.64877,45.70558,48.50773,41.97618,47.16991,37.48333,49.0408,45.89118,46.09772,41.59327,40.02499,40.26164,43.46263,37.94733,38.32754,34.78505,33.24154,33.52611,36.40055,37.36308,38.48376,34.43835,33.61547,34.98571,39.39543,37.33631,39.39543,40.80441,38.27532,45.54119,51.78803,47.26521,53.23533,52.0,57.00877,57.21888,61.52235,62.39391,61.40033,61.13101,67.18631,64.62198,58.87274,63.50591,56.36488,66.24198,60.90156,63.13478,63.81222,67.53518,59.66574,59.66574,58.25805,62.00806,60.46487,65.0,59.40539,58.41233,62.28965,60.959,57.2014,61.22091,55.21775,58.41233,57.80138,63.25346,59.5483,59.4138,57.2014,50.93133,58.13777,60.60528,59.20304,55.22681,56.22277,56.40035,62.2254,48.60041,54.67175,51.22499,49.57822
8.60233,8.60233,8.60233,9.43398,8.60233,8.60233,8.94427,8.94427,8.94427,8.94427,9.43398,9.84886,10.29563,9.43398,9.43398,9.84886,9.84886,8.94427,9.84886,8.94427,8.94427,9.84886,8.94427,9.84886,8.94427,9.84886,9.48683,9.84886,9.84886,9.48683,8.94427,9.84886,9.84886,8.94427,8.94427,8.94427,8.94427,8.06226,8.06226,8.06226,8.06226,8.94427,8.60233,8.06226,8.06226,7.2111,7.81025,7.2111,7.81025,7.81025,7.07107,7.07107,45.17743,41.19466,47.09565,41.4367,38.20995,44.10215,43.10452,43.93177,37.10795,43.17407,43.68066,41.76123,48.50773,49.64877,43.68066,48.75449,54.40588,51.62364,49.64877,44.92215,53.23533,44.59821,49.65884,51.92302,46.84015,52.63079,44.28318,50.08992,47.01064,48.75449,41.78516,47.53946,46.84015,51.07837,41.78516,47.92703,51.24451,46.61545,44.59821,42.72002,41.10961,41.10961,48.50773,41.4367,40.16217,37.36308,38.47077,42.75512,36.40055,31.7805,37.10795,36.13862,38.32754,34.1321,33.06055,35.01428,36.01389,38.94868,40.24922,33.01515,39.82462,43.27817,44.59821,45.96738,48.10405,53.07542,49.81967,53.00943,56.0357,61.22091,61.7414,60.92618,52.92447,67.41662,59.13544,62.0967,66.4906,61.39218,66.61081,55.44367,63.63961,64.07027,61.13101,61.03278,63.07139,58.03447,64.07027,51.15662,68.06614,60.07495,61.03278,60.03332,57.07889,59.07622,60.03332,61.0,65.19202,62.20129,61.0,60.20797,57.00877,53.03772,59.00847,61.20457,53.08484,58.03447,54.33231,56.22277,56.14268,58.69412,50.08992,57.03508,59.68249,55.14526
7.61577,7.2111,7.81025,8.06226,7.81025,7.2111,7.81025,7.81025,8.48528,8.48528,8.60233,8.48528,9.21954,9.21954,8.60233,9.89949,8.48528,8.48528,8.48528,8.48528,8.48528,8.48528,8.48528,8.48528,8.48528,8.48528,8.60233,9.21954,9.21954,9.21954,8.48528,8.48528,8.48528,8.48528,8.48528,8.48528,9.21954,7.81025,7.81025,7.81025,7.81025,7.81025,7.81025,6.40312,7.2111,6.40312,7.2111,6.40312,6.7082,6.7082,6.32456,6.32456,45.35416,47.67599,36.05551,35.69314,39.62323,36.12478,39.01282,41.01219,42.29657,46.0,42.0,42.04759,49.64877,46.09772,42.10701,46.87217,49.09175,48.6621,48.09366,45.17743,50.9902,47.04253,46.04346,44.72136,46.0,50.24938,47.67599,49.81967,46.87217,50.01,45.39824,46.27094,48.16638,49.49747,41.59327,47.04253,48.37355,48.37355,47.01064,44.40721,43.28972,40.0125,46.0,42.29657,42.0119,42.0119,37.0,42.10701,32.06244,37.01351,39.20459,35.12834,38.47077,38.47077,33.52611,37.36308,36.13862,33.6006,34.05877,35.38361,39.59798,39.82462,41.72529,42.2019,46.61545,50.47772,54.12024,51.5461,53.48832,61.46544,55.7853,56.88585,54.58938,60.67125,59.13544,57.14018,62.00806,59.3043,60.03332,57.55867,61.40033,61.81424,59.21149,61.61169,54.57105,56.61272,58.24946,54.57105,56.32051,57.56735,57.87055,58.69412,54.34151,53.75872,59.66574,54.58938,61.84658,57.56735,55.08176,56.921,59.20304,53.45091,56.04463,53.85165,55.36244,50.0,53.16014,55.36244,55.54278,55.65968,44.77723,47.75982,47.80167,50.44799
8.544,8.24621,8.24621,8.24621,9.21954,9.21954,9.05539,9.05539,9.05539,9.05539,10.04988,10.04988,10.04988,9.05539,9.05539,10.04988,10.04988,10.04988,9.0,9.05539,9.05539,10.04988,9.05539,10.0,10.04988,10.0,10.0,10.04988,10.0,10.0,9.05539,10.0,10.0,9.05539,10.04988,10.04988,10.04988,9.21954,9.05539,9.05539,9.21954,9.21954,8.24621,8.24621,8.24621,8.24621,8.24621,7.28011,8.544,7.61577,7.61577,8.06226,37.0,42.2019,44.14748,34.9285,42.04759,41.23106,41.23106,45.22168,42.04759,39.44617,44.94441,37.58989,51.10773,50.47772,39.96248,50.60632,50.21952,52.00961,48.82622,45.79301,47.43416,48.01042,42.44997,45.22168,47.63402,49.92995,46.32494,48.60041,49.40648,50.93133,45.34314,46.61545,46.64762,52.43091,43.86342,49.64877,47.01064,46.40043,45.79301,45.22168,47.20169,49.73932,43.04649,46.14109,45.61798,44.28318,42.94182,39.82462,40.81666,38.47077,36.67424,35.34119,36.76955,42.72002,35.73514,38.32754,33.24154,32.28002,33.24154,35.77709,37.73592,41.67733,42.94182,40.22437,47.80167,48.01042,51.85557,54.45181,55.22681,60.20797,57.2014,55.47071,60.46487,61.29437,58.18075,55.15433,57.77543,58.82176,66.7308,61.46544,59.77458,62.58594,62.96825,57.27128,60.20797,60.41523,63.89053,53.60037,63.63961,59.84146,58.0517,60.82763,55.10898,59.22837,59.43904,60.20797,60.63827,60.40695,59.43904,58.24946,58.0517,54.58938,48.05206,54.58938,51.78803,57.31492,53.46027,57.55867,56.29387,55.03635,49.16299,51.41984,55.3263,48.83646
7.07107,7.0,8.0,8.0,8.0,8.0,8.06226,8.06226,8.0,8.06226,9.05539,9.05539,9.0,9.05539,9.0,9.05539,9.05539,9.05539,9.05539,9.05539,8.06226,9.05539,8.06226,9.21954,9.21954,9.21954,9.21954,9.21954,9.21954,9.21954,8.06226,9.21954,9.05539,8.06226,9.21954,8.06226,9.05539,8.06226,8.06226,8.06226,8.0,8.06226,8.0,7.07107,7.0,7.0,7.0,7.0,7.07107,7.07107,6.32456,6.32456,51.62364,49.72927,39.21734,44.92215,45.54119,42.72002,46.09772,50.08992,43.04649,45.79301,42.94182,43.26662,47.43416,43.56604,45.27693,49.57822,54.91812,48.27007,50.77401,49.67897,49.67897,47.42362,48.9183,46.40043,46.61545,47.43416,50.80354,53.74012,48.82622,54.56189,47.50789,55.22681,52.49762,54.03702,49.49747,48.82622,49.81967,48.27007,50.21952,46.61545,51.73973,49.20366,49.20366,50.24938,47.16991,44.94441,43.82921,46.04346,36.89173,41.88078,40.70626,42.05948,36.71512,36.05551,36.67424,38.27532,36.40055,33.10589,39.0,36.35932,40.81666,40.31129,38.60052,40.60788,45.27693,53.74012,50.32892,50.93133,52.34501,59.81639,57.98276,55.9464,60.03332,59.9333,58.87274,57.00877,60.16644,58.5235,67.91171,57.56735,59.48109,64.03124,58.69412,58.24946,58.85576,54.74486,63.78871,53.33854,60.67125,60.13319,56.22277,56.0803,54.33231,59.21149,57.87055,54.91812,57.87055,63.28507,61.81424,56.88585,57.31492,53.75872,58.24946,54.14795,58.03447,50.80354,57.14018,53.15073,56.08921,55.00909,50.63596,50.48762,55.14526,48.37355
8.24621,8.24621,7.61577,8.544,8.544,8.544,8.544,8.94427,9.84886,8.94427,9.84886,8.94427,8.94427,8.94427,8.94427,9.43398,10.29563,8.94427,8.94427,8.94427,8.94427,8.94427,8.94427,9.43398,8.94427,9.43398,8.94427,9.43398,10.29563,9.43398,8.94427,9.84886,8.94427,8.94427,8.94427,8.94427,9.84886,8.544,8.544,8.544,8.544,8.544,8.24621,8.24621,8.24621,7.28011,8.06226,7.07107,7.07107,7.07107,7.0,7.0,38.28838,40.45986,41.59327,41.86884,42.43819,42.94182,40.70626,42.94182,40.24922,40.80441,44.01136,44.77723,46.48656,45.54119,43.9659,50.9902,52.55473,50.59644,42.72002,44.59821,53.36666,46.48656,45.35416,47.80167,44.38468,44.94441,46.48656,50.21952,45.70558,50.01,45.12206,46.17359,48.08326,50.69517,44.72136,42.15448,46.8188,50.0,46.61545,45.22168,48.05206,46.8188,42.05948,46.51881,40.71855,45.88028,43.38202,36.71512,36.67424,35.35534,39.44617,37.12142,40.0,30.61046,40.0,36.06938,35.4683,30.36445,28.4605,36.05551,39.56008,36.67424,38.63936,40.60788,42.19005,48.09366,48.04165,46.01087,53.0,59.21149,54.45181,52.49762,58.94065,59.13544,58.69412,57.00877,59.48109,56.82429,62.96825,58.30952,61.91123,60.44005,61.29437,60.21628,59.40539,59.46427,62.482,51.08816,58.69412,58.69412,57.62812,58.79626,58.13777,56.58622,57.42822,55.0,63.65532,53.07542,59.20304,56.85068,55.22681,54.03702,58.79626,56.56854,57.28001,52.34501,53.90733,47.38143,53.41348,54.48853,48.83646,55.97321,57.31492,46.75468
9.05539,9.0,9.05539,9.05539,9.05539,9.0,9.05539,9.05539,9.05539,9.05539,10.04988,10.19804,10.04988,10.19804,9.05539,10.19804,10.19804,9.05539,9.21954,9.05539,9.05539,10.19804,9.05539,10.19804,10.19804,10.19804,10.19804,10.19804,10.19804,9.48683,9.21954,9.21954,10.19804,9.21954,9.05539,9.05539,9.21954,9.05539,9.05539,9.05539,8.06226,9.05539,9.05539,8.06226,8.0,7.0,7.0,8.0,7.0,7.0,7.07107,7.07107,47.16991,40.8534,45.69464,42.54409,39.81206,45.17743,41.34005,47.16991,44.40721,43.04649,48.25971,44.55334,46.40043,45.0,46.8615,49.0408,50.24938,48.16638,44.40721,47.80167,52.49762,49.92995,48.83646,49.67897,46.69047,48.27007,48.83646,49.57822,45.96738,49.57822,47.42362,48.10405,46.2277,50.20956,42.42641,45.45327,48.79549,47.42362,44.59821,46.87217,45.80393,47.63402,42.0119,45.22168,39.20459,41.67733,39.40812,39.11521,37.57659,38.47077,36.35932,37.16181,35.22783,38.07887,36.24914,35.1141,37.10795,34.52535,33.73426,31.7805,40.79216,35.1141,43.01163,39.92493,44.77723,45.69464,46.95743,53.7122,54.70832,59.64059,58.13777,56.63921,58.69412,66.70832,59.20304,56.0803,61.7171,62.68174,62.43397,56.93856,60.53924,59.68249,62.17717,59.61543,61.09828,57.24509,65.79514,55.15433,67.6757,60.08328,56.64804,63.06346,59.46427,57.77543,66.48308,57.38467,58.18935,59.77458,63.32456,61.40033,58.30952,58.30952,60.16644,55.65968,56.0803,57.56735,52.49762,49.39636,52.88667,59.48109,55.71355,55.08176,59.23681,52.95281
7.07107,8.0,7.07107,8.06226,8.06226,8.0,8.06226,8.06226,8.06226,8.24621,9.05539,9.21954,9.21954,8.24621,9.05539,9.21954,9.21954,8.06226,9.21954,9.21954,8.24621,8.24621,8.06226,8.24621,9.21954,8.24621,8.24621,9.21954,9.21954,8.24621,8.06226,9.21954,8.24621,8.24621,8.06226,8.06226,8.06226,8.06226,8.06226,8.0,7.0,8.0,7.0,7.0,7.0,6.0,7.0,6.08276,6.08276,6.08276,6.32456,6.32456,47.43416,43.17407,44.64303,41.14608,43.01163,39.35734,42.48529,44.41846,43.60046,47.43416,44.40721,48.25971,48.30114,44.77723,48.8774,41.88078,50.77401,47.20169,42.19005,47.16991,51.61395,46.52956,45.45327,51.22499,44.41846,50.0,47.20169,50.44799,45.60702,47.63402,46.09772,46.04346,48.01042,48.27007,44.82187,46.87217,46.09772,52.00961,44.41846,47.42362,45.48626,43.909,40.81666,45.65085,44.72136,38.48376,41.59327,42.15448,43.86342,38.62642,37.0,35.4683,35.4683,36.40055,36.23534,32.57299,31.257,30.26549,34.9285,35.44009,36.13862,38.62642,39.44617,42.95346,42.54409,48.8774,47.43416,51.40039,49.67897,59.03389,55.86591,53.90733,55.44367,58.41233,59.90826,56.93856,61.77378,59.48109,67.54258,60.74537,61.09828,62.39391,62.76942,63.78871,60.63827,57.28001,61.40033,53.14132,62.16912,62.16912,56.4358,58.0517,55.54278,58.0517,57.27128,55.54278,64.7611,58.24946,56.51548,58.42089,55.7853,51.41984,54.33231,53.60037,58.24946,55.7853,52.95281,55.3263,53.60037,49.81967,51.08816,57.07013,47.75982,48.50773
10.0,9.21954,9.89949,9.21954,9.89949,9.21954,9.21954,9.21954,9.89949,9.89949,10.63015,10.63015,11.31371,10.63015,9.89949,10.63015,10.0,10.0,10.0,10.0,10.0,10.0,10.0,10.0,10.63015,10.0,9.43398,11.40175,10.0,10.81665,9.21954,10.0,10.0,10.0,10.0,9.21954,9.89949,9.21954,8.48528,8.48528,8.48528,8.48528,9.21954,8.48528,8.48528,7.81025,7.81025,7.81025,7.81025,7.2111,7.2111,7.2111,42.95346,43.41659,47.67599,40.80441,45.54119,40.11234,45.17743,47.16991,42.19005,51.0392,44.0,41.04875,47.01064,51.0,47.04253,47.01064,49.36598,47.26521,45.27693,47.26521,51.78803,48.37355,49.16299,52.23983,44.0,50.08992,46.09772,50.08992,48.50773,48.27007,43.56604,49.16299,46.01087,50.35871,45.70558,46.27094,49.0408,47.67599,49.0,41.04875,43.01163,46.09772,44.01136,45.17743,41.0,37.01351,40.0125,40.0125,38.20995,34.36568,36.12478,37.05401,36.49658,35.17101,31.32092,33.52611,30.8707,33.24154,32.55764,34.82815,38.41875,41.6173,39.66106,42.19005,48.54894,47.85394,48.8467,53.48832,53.45091,64.56005,60.87693,58.42089,60.53098,66.37017,60.00833,62.1289,56.14268,65.19202,65.62012,61.0,63.15061,63.78871,63.15061,61.03278,60.72891,61.46544,64.28841,56.921,61.09828,61.68468,58.18935,61.46544,62.62587,55.36244,60.40695,58.24088,59.23681,61.35145,55.65968,58.30952,57.28001,56.85948,54.70832,58.82176,52.80152,57.28001,55.36244,54.12024,63.24555,59.5063,45.22168,53.31041,50.32892,50.53712
7.61577,7.28011,8.24621,8.544,8.24621,7.28011,8.24621,8.24621,8.24621,8.24621,8.24621,9.05539,8.24621,8.24621,8.24621,9.05539,8.06226,8.06226,8.06226,8.06226,8.24621,8.06226,8.06226,9.05539,9.05539,9.05539,9.0,9.05539,9.05539,9.0,8.06226,8.06226,8.06226,8.06226,8.06226,8.06226,8.06226,7.07107,7.28011,7.07107,7.28011,7.28011,7.28011,6.08276,6.32456,6.08276,6.32456,6.32456,6.32456,5.83095,5.83095,5.83095,45.12206,46.48656,49.24429,38.47077,46.09772,44.40721,40.31129,49.39636,41.40048,50.47772,44.82187,44.59821,48.60041,42.44997,46.87217,48.79549,53.25411,50.80354,49.20366,44.55334,54.56189,46.40043,48.41487,50.9902,51.40039,46.09772,48.83646,51.08816,46.75468,46.66905,44.59821,47.42362,44.04543,53.03772,45.45327,46.61545,49.67897,49.49747,47.63402,43.13931,42.52058,47.20169,39.44617,42.63801,41.67733,41.72529,44.20407,36.05551,36.89173,36.12478,36.23534,33.01515,34.98571,33.10589,32.20248,35.35534,36.76955,36.12478,36.67424,36.24914,45.17743,39.39543,44.28318,43.65776,45.79301,52.39275,49.92995,51.61395,54.20332,60.21628,59.66574,57.80138,59.66574,65.43699,58.13777,65.60488,62.1289,64.49806,66.18912,63.95311,62.24147,63.90618,63.69458,59.46427,60.08328,58.18935,70.5762,51.86521,62.93648,61.35145,57.24509,64.28841,58.5235,55.54278,56.04463,58.24946,58.5235,56.04463,61.68468,61.68468,57.87055,59.66574,53.31041,55.10898,54.81788,55.36244,52.49762,58.85576,50.28916,55.54278,48.08326,56.64804,52.88667,49.0408
8.06226,7.61577,7.28011,7.61577,7.61577,7.61577,8.544,8.24621,8.544,8.24621,8.544,8.24621,8.24621,8.24621,8.24621,9.21954,8.06226,8.24621,8.06226,8.06226,8.24621,8.06226,8.24621,8.06226,8.06226,8.06226,8.06226,9.05539,8.06226,8.0,8.06226,8.06226,8.06226,8.06226,8.06226,8.06226,8.24621,7.07107,7.07107,7.07107,7.28011,7.28011,7.28011,6.32456,6.32456,6.32456,6.32456,6.32456,6.32456,6.7082,5.83095,5.83095,44.04543,42.0,37.21559,45.54119,47.07441,41.23106,44.59821,42.72002,41.23106,46.17359,46.8188,43.9659,47.53946,47.16991,50.92151,48.8467,52.20153,42.04759,44.59821,48.75449,47.92703,52.55473,44.10215,48.8467,48.46648,47.01064,50.08992,46.04346,45.69464,48.02083,44.94441,47.41308,49.24429,47.16991,47.70744,42.72002,46.32494,44.38468,47.42362,43.38202,41.62932,47.75982,44.72136,38.07887,39.0,42.15448,42.2019,39.39543,31.38471,35.73514,38.83298,36.68787,35.1141,38.8973,31.04835,29.61419,30.01666,33.61547,30.52868,38.07887,37.44329,41.40048,37.48333,39.69887,46.01087,49.0408,53.2635,52.43091,55.22681,61.40033,59.09315,58.87274,61.09828,62.93648,66.4906,58.5235,63.78871,61.07373,68.06614,62.28965,63.1981,63.12686,66.18912,63.07139,59.03389,59.07622,62.07254,54.00926,61.07373,61.07373,53.00943,64.62971,61.20457,61.13101,58.00862,56.22277,62.00806,53.08484,63.12686,55.08176,60.03332,54.03702,58.85576,57.14018,53.03772,58.03447,61.29437,56.0357,54.03702,53.60037,51.0,52.03845,49.0408,45.27693
7.28011,8.06226,7.07107,8.06226,8.06226,8.06226,8.0,8.0,8.0,8.0,9.0,9.05539,8.0,9.0,8.0,9.0,9.05539,8.06226,8.06226,8.0,8.0,8.0,8.06226,8.06226,8.06226,9.05539,9.05539,8.06226,9.05539,8.06226,8.06226,8.06226,8.06226,8.06226,8.0,8.06226,8.0,7.0,7.0,8.0,7.07107,8.06226,7.0,7.0,7.07107,6.0,7.07107,6.08276,6.08276,6.08276,6.32456,6.32456,48.16638,47.26521,48.27007,39.21734,48.76474,35.69314,50.92151,47.43416,46.8188,44.29447,47.42362,46.95743,48.38388,51.07837,48.8467,50.11986,57.69749,49.24429,44.41846,52.39275,53.85165,49.73932,46.32494,52.35456,48.76474,46.09772,50.08992,49.64877,46.09772,46.04346,41.14608,46.52956,49.39636,52.35456,47.70744,47.92703,49.92995,48.02083,49.64877,44.40721,48.25971,47.01064,45.88028,43.82921,41.4367,45.18849,42.54409,42.72002,40.80441,36.05551,35.77709,36.87818,34.78505,38.83298,32.75668,35.0571,34.1321,38.27532,34.9285,35.35534,38.94868,41.88078,42.0119,42.0119,49.57822,56.0803,55.22681,57.28001,60.20797,64.2028,61.58734,56.4358,62.6099,63.13478,65.29931,63.90618,60.44005,64.84597,68.44706,64.53681,64.03124,69.05071,67.46851,62.39391,56.56854,65.19202,64.28063,57.21888,63.0,66.06815,61.20457,61.52235,54.03702,57.31492,61.98387,58.13777,62.1289,59.00847,64.28063,63.07139,61.40033,54.03702,61.0,60.20797,60.20797,54.0,61.07373,62.0,59.21149,57.31492,56.0,59.00847,57.03508,57.07889
7.07107,7.07107,8.0,7.07107,7.0,7.07107,7.0,7.0,8.0,7.0,8.0,8.0,8.0,8.06226,8.0,8.06226,8.06226,8.0,7.07107,8.06226,7.07107,7.07107,7.07107,8.06226,8.06226,7.07107,7.28011,8.06226,8.24621,8.24621,7.07107,8.06226,8.06226,7.07107,7.07107,7.07107,8.0,7.0,7.0,7.0,7.0,7.0,7.0,6.0,6.0,6.0,6.08276,6.0,6.08276,6.08276,6.32456,5.38516,45.0,49.24429,39.05125,39.35734,45.48626,38.60052,39.59798,43.93177,37.01351,40.60788,44.04543,44.59821,45.96738,43.41659,43.13931,44.59821,46.66905,45.22168,38.94868,45.96738,49.57822,47.63402,40.22437,45.34314,41.40048,48.08326,47.20169,44.82187,45.0,50.21952,44.40721,46.75468,44.68781,44.94441,41.86884,41.86884,45.34314,45.80393,47.42362,41.7732,41.72529,41.01219,46.66905,43.84062,38.20995,37.53665,38.94868,41.72529,34.4093,35.51056,34.4093,34.66987,36.89173,36.05551,31.90611,34.88553,32.64966,31.57531,32.24903,38.11824,41.10961,40.0,42.29657,40.11234,45.88028,48.38388,49.81967,52.49762,51.26402,61.03278,56.82429,56.0803,55.47071,58.82176,61.84658,57.48913,57.31492,59.5483,64.38167,63.70243,58.0517,59.20304,59.66574,58.00862,63.63175,61.91123,63.51378,59.5399,58.83026,53.7122,56.0803,57.69749,56.79789,55.56978,54.70832,55.07268,60.80296,57.24509,58.83026,57.3062,56.79789,47.85394,46.06517,51.47815,52.15362,54.12947,57.3062,52.35456,52.3259,52.55473,52.49762,55.22681,50.60632,48.8467
8.06226,8.0,8.06226,8.0,8.0,8.0,8.06226,8.06226,8.06226,8.06226,9.05539,9.21954,9.05539,9.21954,9.21954,9.21954,9.21954,8.24621,9.21954,9.21954,8.24621,8.24621,8.24621,9.48683,9.21954,9.21954,8.544,9.48683,9.48683,8.544,9.21954,9.48683,9.21954,9.21954,8.24621,8.24621,9.21954,8.24621,8.24621,8.24621,7.07107,8.06226,8.06226,7.07107,7.07107,7.07107,7.07107,7.0,7.0,7.0,7.0,6.08276,42.95346,42.95346,45.79301,47.43416,40.71855,40.70626,36.89173,40.60788,42.0119,42.0119,38.60052,47.20169,49.09175,42.2019,47.80167,49.51767,54.45181,50.93133,43.13931,48.16638,50.9902,50.9902,46.09772,44.04543,43.13931,51.73973,42.63801,49.81967,44.55334,51.85557,44.55334,50.91169,50.32892,47.63402,43.18565,44.59821,50.9902,49.67897,41.86884,43.27817,44.40721,43.41659,42.52058,44.04543,47.70744,42.19005,40.22437,39.62323,41.04875,39.96248,36.71512,37.16181,37.20215,31.7805,33.12099,32.31099,36.13862,34.36568,35.51056,37.33631,41.97618,40.16217,43.32436,44.72136,48.33218,54.12024,52.7731,57.14018,53.82379,62.1289,65.60488,62.96825,59.4138,67.94115,58.25805,64.53681,60.74537,60.20797,70.23532,63.52952,63.50591,63.06346,73.06162,66.12866,65.19202,64.84597,66.12866,54.12024,61.68468,63.32456,59.13544,61.84658,61.09828,56.64804,62.96825,54.81788,62.64982,69.37579,57.38467,63.56886,57.58472,64.19502,52.92447,53.85165,55.97321,58.82176,56.921,60.00833,53.16014,59.22837,50.69517,51.92302,55.97321,47.29693
7.28011,7.07107,7.07107,8.06226,8.06226,7.07107,8.0,7.07107,8.0,8.0,8.0,8.0,8.0,8.0,8.0,9.05539,8.06226,8.0,8.06226,8.0,8.0,8.06226,8.0,8.06226,8.06226,8.06226,8.06226,9.05539,9.05539,8.06226,8.06226,8.06226,8.0,8.0,8.0,8.06226,8.0,8.0,7.0,7.0,7.07107,7.0,7.07107,6.08276,6.08276,6.08276,6.08276,6.32456,6.32456,6.32456,6.32456,5.38516,46.57252,39.81206,44.38468,44.94441,40.49691,43.46263,39.66106,43.04649,38.01316,42.72002,44.77723,43.56604,50.24938,47.20169,47.43416,46.61545,47.63402,49.51767,45.80393,47.43416,49.67897,49.40648,44.55334,49.64877,42.94182,49.81967,44.55334,45.34314,44.55334,48.83646,46.01087,49.20366,48.79549,46.8615,47.50789,46.8615,47.63402,46.64762,46.14109,45.27693,41.86884,44.65423,43.27817,46.40043,43.41659,44.10215,42.04759,40.81666,39.0,36.05551,34.9285,38.27532,38.60052,36.40055,34.53983,33.52611,30.26549,36.0,36.67424,35.35534,41.0,43.68066,41.78516,44.28318,47.88528,53.33854,49.64877,55.9464,53.85165,62.96825,60.46487,60.10824,58.72819,62.20129,64.63745,61.03278,61.77378,61.26989,67.1193,62.76942,63.28507,64.84597,64.84597,63.56886,64.84597,65.52099,63.90618,58.46366,59.43904,60.20797,54.81788,59.84146,59.90826,56.08921,62.62587,58.5235,58.5235,57.97413,61.13101,59.66574,60.44005,51.1957,61.84658,55.57877,54.91812,51.66237,60.87693,53.60037,54.57105,53.60037,50.63596,57.48913,48.05206,47.85394
7.61577,7.61577,8.06226,8.06226,8.06226,8.06226,8.06226,8.06226,8.06226,8.06226,8.94427,8.60233,8.60233,8.60233,8.06226,8.60233,8.60233,8.60233,7.81025,8.60233,8.06226,8.60233,8.60233,9.21954,8.60233,8.60233,9.21954,8.60233,9.21954,9.21954,7.81025,8.60233,8.60233,8.60233,8.60233,8.60233,8.06226,8.06226,7.2111,8.06226,8.06226,8.06226,8.06226,6.7082,6.7082,6.7082,6.32456,6.32456,6.32456,7.28011,6.08276,6.08276,44.10215,49.1935,43.65776,40.24922,43.65776,39.84972,42.05948,38.8973,44.40721,39.81206,41.23106,46.27094,49.16299,44.72136,51.1957,47.51842,48.16638,48.04165,43.56604,46.04346,48.04165,46.27094,43.04649,43.01163,44.28318,42.29657,46.09772,47.01064,43.18565,46.04346,48.0,48.0,49.0102,47.01064,45.17743,47.38143,46.04346,45.01111,42.29657,47.38143,48.01042,44.55334,42.95346,44.40721,40.79216,43.04649,47.12749,37.36308,39.05125,33.95585,33.24154,35.73514,31.7805,32.31099,35.44009,33.61547,31.76476,37.21559,40.24922,38.07887,35.8469,39.29377,43.93177,46.52956,42.42641,53.46027,51.15662,52.0,52.15362,62.00806,59.3043,59.4138,60.87693,63.15061,63.60031,56.61272,64.19502,62.24147,67.54258,65.30697,65.79514,65.51336,63.50591,60.74537,64.63745,62.1289,65.51336,53.53504,59.64059,56.61272,56.0357,62.42596,56.30275,55.75841,60.46487,55.00909,58.66856,58.82176,60.90156,61.03278,62.76942,51.97115,56.0803,53.85165,58.83026,58.60034,59.40539,53.2635,55.47071,52.43091,52.00961,58.30952,52.69725,51.89412
8.06226,8.0,8.0,8.0,9.0,8.0,8.0,8.06226,9.05539,9.05539,9.0,9.05539,9.05539,9.05539,9.05539,10.04988,9.05539,9.05539,9.05539,9.05539,9.05539,9.05539,9.05539,9.21954,9.05539,9.21954,9.21954,10.19804,9.21954,9.21954,9.05539,9.21954,9.21954,9.05539,8.06226,9.05539,9.05539,8.0,8.0,8.06226,8.0,8.0,8.0,7.0,7.0,7.0,7.0,7.07107,7.07107,7.07107,6.08276,6.32456,46.04346,44.18144,42.72002,43.9659,46.48656,45.12206,45.61798,45.27693,40.81666,40.24922,44.77723,44.94441,49.73932,45.48626,44.77723,50.21952,50.11986,49.92995,48.25971,43.56604,51.0392,45.48626,45.27693,44.40721,47.80167,48.25971,42.19005,47.63402,46.87217,52.20153,46.40043,50.77401,45.60702,46.8615,45.60702,44.41846,47.43416,49.09175,44.77723,47.70744,40.49691,46.09772,43.38202,43.56604,41.04875,42.72002,41.18252,38.91015,39.56008,41.10961,38.27532,35.8469,33.83785,36.76955,36.05551,33.73426,34.36568,35.73514,34.9285,36.76955,46.06517,39.96248,46.64762,43.41659,48.27007,51.66237,51.66237,57.31492,56.85068,62.28965,56.61272,65.29931,63.06346,62.64982,65.74192,59.23681,63.90618,63.24555,66.48308,64.77654,59.90826,66.61081,62.93648,66.75328,62.64982,59.5399,64.77654,59.5399,61.29437,60.29925,58.42089,62.39391,59.5399,58.54912,58.54912,58.54912,59.66574,55.57877,58.69412,57.87055,61.18823,55.14526,55.03635,60.20797,54.23099,58.07753,53.60037,55.7315,53.46027,54.03702,47.01064,53.46027,56.29387,55.7315
9.21954,9.21954,9.21954,9.21954,10.0,9.21954,10.0,10.0,10.0,9.43398,10.0,10.29563,10.81665,10.0,10.0,10.81665,9.43398,9.43398,9.43398,10.0,10.0,10.81665,9.43398,10.29563,10.29563,10.29563,10.29563,10.29563,10.29563,10.29563,9.43398,10.0,10.0,10.0,10.0,10.0,10.0,9.21954,9.21954,9.21954,9.21954,9.21954,8.48528,7.81025,8.48528,7.81025,7.81025,7.81025,7.81025,7.81025,7.2111,7.2111,45.18849,40.80441,46.38965,40.02499,44.38468,41.19466,42.75512,45.70558,41.10961,45.01111,43.01163,49.0102,49.0,42.0119,46.01087,47.04253,52.34501,48.04165,45.01111,47.04253,50.48762,43.01163,45.17743,48.0,47.0,48.04165,47.26521,49.16299,44.28318,49.81967,48.25971,51.47815,40.0,53.15073,41.01219,50.08992,44.01136,43.10452,44.01136,40.0,43.0,42.0,45.04442,46.04346,45.17743,36.01389,38.32754,41.0,36.01389,35.17101,35.22783,36.68787,31.7805,31.57531,31.62278,29.54657,31.30495,33.97058,35.4683,34.65545,46.04346,39.82462,41.18252,46.06517,48.54894,51.88449,50.56679,54.42426,59.80803,59.23681,62.58594,60.67125,56.4358,65.76473,61.0082,64.12488,64.03124,57.21888,65.9242,58.85576,64.32729,64.62971,65.00769,64.38167,59.20304,57.87055,63.60031,51.24451,65.80274,61.09828,55.54278,61.40033,59.13544,50.92151,59.66574,55.97321,63.56099,61.46544,58.46366,56.46238,57.72348,56.921,66.7308,55.36244,51.66237,61.39218,54.40588,51.24451,56.51548,62.03225,46.8188,57.58472,53.75872,46.48656
8.544,8.06226,8.06226,9.43398,8.06226,8.06226,8.60233,8.60233,8.60233,7.81025,9.43398,9.21954,8.60233,8.60233,8.60233,9.21954,9.21954,7.81025,9.21954,8.48528,7.81025,9.21954,7.81025,9.21954,9.21954,9.21954,8.48528,8.48528,9.21954,8.48528,9.21954,8.48528,8.48528,7.81025,8.60233,7.81025,8.60233,8.06226,8.06226,7.81025,8.06226,8.06226,7.2111,7.2111,6.7082,6.7082,6.7082,6.7082,6.7082,6.32456,6.32456,6.32456,46.95743,44.10215,47.42362,43.32436,44.27189,41.0,41.10961,41.76123,39.05125,42.42641,45.89118,45.35416,50.69517,44.14748,43.56604,46.69047,48.05206,42.19005,45.54119,54.12947,53.15073,46.52956,47.09565,44.01136,44.91102,48.25971,45.04442,48.0,46.04346,49.09175,46.04346,48.0,46.27094,44.04543,48.16638,43.10452,41.19466,45.39824,44.55334,42.75512,45.27693,43.41659,38.32754,41.19466,43.56604,41.59327,40.02499,35.22783,38.07887,34.9285,38.63936,33.52611,31.7805,33.52611,26.24881,30.46309,34.48188,34.98571,39.44617,30.8707,41.78516,40.80441,43.17407,41.7732,43.28972,50.24938,52.23983,58.13777,55.08176,65.03076,61.20457,62.36986,62.58594,68.15424,57.28001,59.48109,59.46427,63.13478,66.21178,61.29437,61.26989,57.70615,65.29931,60.03332,60.74537,60.60528,64.3506,53.7122,65.73431,57.42822,56.0357,57.14018,59.64059,59.36329,61.58734,59.36329,57.98276,58.24946,62.64982,59.90826,53.25411,51.62364,55.4617,61.29437,57.00877,53.00943,59.40539,51.22499,58.30952,53.85165,51.61395,57.2014,57.98276,54.91812
8.06226,7.2111,7.2111,7.2111,7.81025,7.2111,7.81025,7.81025,7.81025,7.81025,7.81025,7.81025,7.81025,8.48528,7.81025,8.48528,7.81025,7.07107,7.07107,7.07107,7.81025,7.81025,7.07107,8.48528,8.48528,7.81025,7.81025,7.81025,7.81025,7.81025,7.07107,7.81025,7.81025,7.07107,7.81025,7.07107,7.07107,6.40312,6.40312,6.40312,6.40312,6.40312,7.2111,6.40312,6.40312,5.65685,5.83095,5.83095,5.83095,5.83095,5.38516,5.09902,44.59821,44.29447,49.24429,45.88028,44.55334,41.59327,46.17359,47.85394,44.18144,40.31129,46.04346,44.55334,44.0,50.08992,47.09565,49.36598,51.0392,47.01064,48.0,45.17743,50.24938,51.0392,47.04253,48.16638,46.0,50.03998,46.01087,52.00961,48.25971,47.09565,42.29657,42.0119,47.85394,49.25444,42.29657,42.04759,47.26521,48.09366,45.01111,45.01111,45.04442,45.09989,44.10215,39.11521,41.19466,43.01163,36.01389,41.10961,38.01316,37.48333,36.49658,32.38827,34.9285,34.78505,33.24154,32.57299,34.20526,33.97058,33.24154,40.36087,39.69887,48.02083,42.19005,44.77723,44.38468,51.26402,56.32051,56.75385,56.08921,62.0967,61.66036,58.00862,64.00781,66.0,60.82763,59.21149,61.07373,60.53098,68.593,67.05222,67.68309,67.18631,61.39218,61.68468,58.5235,61.68468,63.56886,55.71355,60.74537,57.93962,56.46238,59.9333,59.77458,61.68468,61.68468,63.24555,60.40695,62.39391,66.12866,58.30952,61.03278,56.64804,59.5399,53.48832,57.77543,59.23681,60.83584,51.86521,52.81098,56.36488,55.00909,60.92618,57.69749,51.07837
8.60233,8.06226,8.94427,8.94427,8.94427,8.94427,8.94427,8.544,8.94427,8.544,9.84886,9.48683,9.84886,8.544,8.94427,9.48683,9.48683,8.544,9.48683,9.48683,8.544,9.48683,8.544,9.48683,9.48683,9.21954,9.21954,9.48683,9.48683,9.21954,8.544,9.48683,9.48683,8.24621,8.544,8.544,9.48683,7.61577,8.544,7.61577,7.61577,7.61577,7.61577,7.61577,7.61577,6.7082,7.2111,6.7082,7.2111,7.2111,7.2111,6.40312,43.93177,44.64303,45.27693,38.47077,46.04346,38.0526,42.04759,48.50773,40.02499,41.30375,41.7732,45.35416,46.57252,46.32494,39.81206,45.54119,49.47727,44.38468,44.38468,42.44997,50.96077,46.32494,43.65776,47.75982,40.79216,44.59821,42.72002,46.57252,37.0,44.27189,43.01163,43.46263,44.14748,47.92703,42.94182,44.92215,47.53946,41.23106,41.76123,41.4367,39.92493,41.97618,37.36308,40.8534,35.17101,37.94733,36.05551,39.81206,38.07887,31.32092,33.95585,28.4605,31.32092,33.13608,36.0,32.14032,30.26549,35.4683,38.20995,38.60052,41.6173,42.72002,44.65423,45.79301,47.01064,55.4617,52.55473,56.921,57.97413,62.36185,58.69412,59.3043,59.3043,66.48308,61.03278,64.12488,60.03332,60.03332,65.37584,62.514,65.9242,64.7611,63.28507,57.87055,64.28841,60.87693,66.09841,57.07013,67.68309,63.56099,61.40033,63.60031,62.16912,57.56735,59.68249,59.66574,66.21933,64.84597,62.80127,60.01666,62.93648,55.9017,52.49762,57.48913,54.91812,53.85165,60.41523,51.35173,58.0517,58.0517,49.0306,56.29387,56.29387,48.05206
7.61577,8.544,8.24621,8.544,8.24621,8.24621,9.21954,8.24621,9.21954,9.05539,9.21954,9.05539,9.21954,9.05539,9.05539,9.05539,9.05539,9.05539,9.05539,9.05539,9.05539,9.05539,8.06226,9.0,9.05539,9.05539,9.0,10.04988,10.04988,9.0,9.05539,9.05539,9.0,9.05539,9.05539,8.06226,9.21954,8.06226,8.06226,8.06226,7.28011,8.24621,8.24621,7.28011,7.28011,7.07107,7.28011,6.32456,6.32456,6.32456,6.7082,6.7082,40.1995,51.1957,41.01219,43.04649,45.01111,40.11234,42.0119,45.70558,36.12478,46.38965,42.29657,49.64877,49.25444,45.89118,41.4367,48.76474,47.29693,48.08326,40.5216,47.67599,50.69517,48.50773,42.05948,48.27007,42.44997,44.27189,45.88028,44.94441,41.76123,48.10405,45.54119,44.59821,39.56008,45.60702,43.65776,43.41659,43.65776,43.08132,43.65776,43.17407,43.93177,42.75512,39.62323,45.35416,39.05125,38.11824,39.20459,38.83298,32.14032,35.22783,38.11824,34.1321,33.73426,31.06445,33.24154,32.14032,28.63564,36.87818,37.48333,40.60788,40.60788,41.67733,41.67733,45.65085,47.85394,51.47815,52.0,56.61272,58.5235,64.51356,60.87693,60.01666,62.64982,64.12488,61.03278,58.07753,62.28965,64.19502,67.02984,64.77654,65.37584,63.63961,66.18912,64.53681,62.0967,61.68468,65.76473,60.63827,58.69412,59.77458,59.90826,64.56005,57.48913,55.7853,61.61169,55.22681,66.09841,60.67125,58.42089,55.57877,59.66574,51.66237,59.84146,58.24088,52.63079,52.39275,57.72348,48.27007,54.12947,54.91812,55.9017,52.95281,54.57105,45.35416
8.94427,8.544,8.544,8.94427,8.544,8.544,9.48683,9.21954,9.48683,9.48683,9.48683,9.21954,9.48683,9.48683,9.48683,10.19804,9.21954,9.21954,9.21954,9.21954,9.21954,9.21954,8.24621,9.21954,9.21954,9.21954,9.05539,9.21954,9.21954,9.05539,9.21954,9.21954,9.21954,9.21954,9.21954,8.24621,9.21954,8.544,8.544,8.24621,8.24621,8.24621,7.28011,7.28011,7.28011,7.28011,7.61577,6.7082,6.7082,6.7082,7.2111,7.2111,45.39824,46.52956,46.69047,43.56604,40.80441,42.05948,45.54119,45.88028,44.01136,41.59327,41.67733,45.69464,45.65085,46.06517,44.29447,50.0,52.69725,49.09175,45.27693,44.65423,57.00877,41.88078,49.40648,43.56604,44.77723,49.09175,44.41846,46.75468,41.6173,46.40043,44.82187,46.2277,40.80441,51.40039,43.86342,46.04346,46.04346,46.87217,47.01064,44.10215,41.40048,41.88078,44.41846,40.71855,39.66106,36.89173,38.94868,34.0147,36.67424,35.77709,34.88553,31.01612,31.7805,33.83785,37.94733,32.57299,32.55764,32.64966,37.01351,36.12478,43.27817,41.7732,45.34314,43.41659,42.80187,52.47857,51.10773,53.0,57.80138,61.58734,59.03389,59.5063,56.921,65.78754,59.66574,64.03124,63.63961,64.19502,67.36468,60.53098,66.28725,65.00769,63.56099,61.13101,57.00877,61.0,70.02857,54.00926,67.06713,61.13101,60.20797,61.03278,49.25444,55.14526,61.07373,60.29925,59.4138,63.03174,58.07753,62.00806,56.14268,56.14268,60.03332,57.00877,54.0,54.03702,57.07889,55.14526,54.58938,60.03332,51.35173,56.4358,55.14526,48.09366
9.0,9.0,9.05539,10.04988,9.05539,9.0,9.05539,9.05539,9.05539,9.05539,10.04988,9.05539,10.04988,9.21954,10.04988,10.19804,10.19804,9.05539,9.21954,9.21954,9.21954,9.21954,8.06226,9.48683,9.21954,9.21954,9.21954,9.21954,10.19804,9.21954,9.21954,9.21954,9.21954,9.21954,9.21954,8.06226,9.05539,8.06226,8.06226,8.06226,8.06226,8.0,8.0,8.0,7.0,7.0,7.0,7.0,7.0,7.07107,6.08276,6.08276,41.23106,45.31004,47.85394,39.56008,46.17359,41.59327,42.72002,44.41846,42.0119,46.06517,41.04875,43.56604,46.87217,45.27693,40.49691,44.10215,50.0,49.67897,41.6173,49.92995,50.9902,42.19005,44.55334,46.2277,40.60788,49.40648,45.45327,48.27007,46.8615,51.08816,49.20366,44.04543,41.10961,48.10405,41.10961,46.14109,45.45327,47.63402,41.04875,42.94182,43.56604,44.94441,44.65423,41.23106,42.54409,44.38468,38.27532,41.18252,34.17601,34.17601,33.24154,31.32092,34.17601,35.17101,36.67424,31.95309,32.24903,38.60052,37.36308,38.60052,39.56008,40.24922,45.17743,45.17743,44.94441,54.40588,49.92995,56.30275,55.44367,63.89053,64.44377,61.07373,67.1193,63.82006,61.05735,62.96825,62.17717,61.29437,68.88396,67.06713,63.95311,67.35726,69.77822,63.89053,65.0,61.68468,65.52099,59.13544,62.64184,62.29767,58.82176,64.28841,57.72348,63.90618,63.89053,58.69412,65.55151,59.48109,62.29767,61.98387,60.16644,54.57105,52.92447,54.12024,55.9017,57.24509,57.00877,56.75385,58.82176,56.08921,55.7853,58.87274,51.86521,49.98
8.544,8.544,8.24621,8.544,8.24621,8.24621,8.24621,8.24621,8.24621,8.24621,9.21954,9.21954,9.21954,9.05539,8.24621,9.05539,9.05539,9.05539,8.06226,8.06226,8.06226,9.05539,8.06226,9.05539,9.05539,9.05539,8.0,9.05539,9.05539,9.0,8.06226,9.05539,9.05539,8.06226,8.06226,8.06226,8.24621,8.24621,7.07107,7.28011,7.28011,7.28011,7.28011,6.32456,6.32456,6.32456,6.32456,6.32456,6.7082,6.7082,5.83095,5.83095,47.07441,46.87217,47.42362,45.88028,45.69464,44.77723,41.59327,46.06517,43.41659,47.01064,48.25971,48.60041,48.37355,46.61545,51.62364,51.40039,49.40648,45.60702,47.85394,46.61545,54.08327,46.64762,47.63402,44.20407,45.65085,46.04346,45.80393,47.80167,47.50789,49.51767,43.27817,50.11986,38.41875,47.63402,45.34314,45.60702,46.8615,46.40043,44.41846,47.01064,44.41846,45.65085,39.44617,42.43819,39.21734,40.8534,39.56008,38.94868,33.61547,34.20526,36.68787,33.24154,35.8469,33.95585,36.68787,30.26549,35.12834,38.63936,33.73426,38.32754,43.08132,42.15448,39.39543,45.17743,45.48626,54.70832,53.25411,57.80138,58.13777,60.80296,60.10824,58.89822,61.84658,63.70243,62.68174,62.1289,59.5063,61.68468,64.88451,65.55151,62.6099,65.0,64.41273,58.18935,63.78871,62.0967,62.96825,60.44005,61.84658,62.0967,55.36244,63.15061,61.84658,55.36244,61.98387,57.72348,59.13544,59.90826,60.44005,62.58594,63.60031,58.0517,62.96825,57.56735,57.07013,58.24946,58.85576,51.66237,56.46238,57.70615,47.29693,52.95281,49.24429,51.24451
9.0,9.05539,9.21954,9.05539,9.05539,9.05539,9.05539,9.21954,9.21954,8.24621,9.21954,9.21954,9.21954,9.21954,9.21954,9.21954,9.21954,9.21954,9.21954,9.21954,9.21954,9.21954,8.24621,9.48683,9.48683,9.21954,8.24621,9.48683,9.48683,9.48683,9.21954,9.21954,9.21954,8.24621,8.24621,8.06226,9.05539,8.06226,8.06226,8.06226,7.07107,8.06226,8.06226,7.07107,7.0,7.0,7.0,7.0,6.0,7.0,6.08276,6.08276,44.94441,49.76947,46.04346,47.16991,48.54894,40.0,42.52058,44.82187,41.86884,41.72529,48.08326,43.13931,48.9183,45.34314,46.01087,42.63801,49.81967,47.01064,41.86884,47.38143,48.10405,44.68781,44.82187,46.09772,43.93177,45.25483,45.34314,40.60788,41.23106,46.40043,43.93177,43.13931,44.68781,46.40043,41.10961,41.72529,44.59821,45.96738,42.80187,45.27693,41.10961,39.69887,41.86884,42.44997,43.86342,37.01351,32.75668,40.45986,30.52868,32.75668,29.15476,30.01666,29.15476,32.75668,32.31099,32.28002,27.45906,35.0571,35.01428,41.04875,43.28972,43.41659,45.22168,42.44997,47.92703,50.59644,49.76947,58.18075,55.9464,61.32699,63.63175,59.20304,64.3506,65.79514,63.63961,59.46427,61.52235,58.25805,71.40028,69.63476,67.6757,61.61169,64.81512,66.64083,64.14047,62.64982,61.40033,59.03389,59.94164,57.70615,61.40033,60.41523,63.50591,59.48109,59.16925,58.18075,59.68249,64.00781,66.24198,61.29437,59.36329,57.80138,65.0,56.35601,55.4617,55.07268,60.41523,55.07268,61.29437,59.46427,50.15974,56.36488,55.56978,52.69725
7.28011,7.28011,7.61577,7.28011,7.61577,7.61577,7.61577,8.06226,7.61577,7.61577,8.544,8.06226,7.61577,8.06226,7.61577,8.06226,8.06226,8.06226,8.06226,8.06226,7.61577,7.2111,8.06226,7.2111,8.06226,8.06226,8.06226,8.06226,8.06226,8.60233,7.2111,7.2111,7.2111,7.2111,8.06226,6.7082,7.61577,6.7082,6.7082,6.7082,6.7082,6.7082,6.7082,5.83095,5.38516,5.38516,5.38516,5.38516,5.38516,5.09902,5.09902,5.09902,44.82187,47.38143,43.60046,40.22437,41.34005,41.18252,40.71855,43.909,40.24922,40.8534,39.81206,46.48656,45.69464,44.01136,43.86342,38.8973,44.77723,49.98,42.72002,44.14748,51.1957,42.95346,48.27007,46.61545,43.65776,44.92215,42.72002,46.57252,40.49691,44.38468,42.72002,44.14748,37.64306,43.17407,39.45884,41.4367,37.33631,40.02499,38.07887,41.23106,39.56008,41.4367,39.29377,38.62642,38.48376,42.72002,33.61547,35.8469,31.62278,34.9285,30.46309,32.01562,29.73214,31.7805,32.20248,34.43835,30.61046,39.31921,37.12142,36.01389,41.01219,38.11824,43.28972,47.16991,46.32494,54.91812,54.70832,55.36244,55.02727,62.39391,63.52952,61.91123,60.46487,66.88797,64.2028,59.81639,60.44005,62.80127,64.38167,61.84658,65.06919,63.78087,66.48308,64.44377,68.88396,57.48913,62.2254,55.31727,62.00806,57.48913,57.38467,62.482,60.1415,55.17246,58.72819,60.959,63.78087,61.22091,64.3506,56.58622,58.72819,58.79626,52.34501,55.86591,51.66237,55.15433,54.40588,54.67175,52.40229,60.30755,45.27693,56.85068,51.85557,42.42641
8.06226,7.07107,8.24621,8.06226,8.24621,8.24621,8.24621,8.24621,8.24621,8.24621,9.21954,8.544,8.24621,8.24621,8.24621,9.48683,8.544,8.24621,7.28011,7.28011,8.24621,8.24621,7.28011,8.544,8.544,8.544,7.61577,8.544,8.544,8.94427,7.28011,7.61577,7.61577,7.28011,7.28011,7.28011,7.28011,7.28011,7.28011,6.32456,7.28011,7.28011,6.08276,6.08276,6.08276,6.08276,6.08276,5.09902,6.08276,5.09902,5.0,5.0,43.41659,45.65085,45.45327,43.93177,42.42641,41.01219,41.03657,45.27693,40.22437,47.20169,46.32494,45.22168,45.0,46.01087,44.82187,47.16991,48.82622,48.8774,48.01042,43.41659,50.11986,41.67733,48.8774,43.04649,45.65085,44.41846,43.41659,43.56604,44.65423,42.54409,44.29447,44.29447,37.58989,48.75449,42.15448,43.26662,42.48529,43.41659,40.49691,41.34005,42.05948,41.34005,39.66106,38.83298,40.80441,40.0,36.12478,34.05877,34.4093,32.75668,37.20215,30.61046,33.01515,32.64966,32.52691,33.97058,29.83287,32.01562,35.17101,38.07887,39.0,41.14608,44.29447,42.04759,46.06517,56.4358,47.43416,55.44367,58.25805,60.87693,55.15433,58.89822,57.48913,67.26812,55.0,61.61169,58.60034,63.24555,65.8635,59.94164,61.29437,62.39391,66.64833,58.30952,64.2573,57.00877,59.61543,48.33218,59.5063,57.38467,55.9017,59.61543,59.03389,52.7731,60.53924,54.56189,58.13777,60.41523,62.76942,53.7122,55.07268,55.9017,51.10773,53.85165,53.23533,52.47857,51.47815,48.76474,54.03702,55.47071,50.56679,57.69749,53.0,48.25971
7.28011,7.61577,7.61577,8.544,7.61577,7.61577,7.61577,7.61577,7.61577,8.06226,8.94427,8.06226,8.94427,8.06226,8.06226,8.06226,8.06226,8.06226,8.06226,8.06226,8.06226,8.06226,6.7082,8.60233,8.06226,7.2111,7.2111,8.06226,8.06226,7.2111,7.2111,8.06226,7.2111,7.2111,7.2111,6.7082,6.7082,6.7082,6.7082,6.7082,6.32456,6.7082,6.32456,5.38516,5.38516,5.38516,5.38516,5.09902,5.09902,5.09902,5.09902,5.0,47.63402,47.42362,46.09772,41.7732,43.18565,42.80187,39.11521,47.20169,40.80441,44.65423,44.41846,42.19005,48.02083,48.82622,47.20169,46.14109,46.52956,48.37355,48.76474,49.64877,49.65884,44.10215,43.46263,47.41308,45.69464,45.27693,46.06517,48.8467,44.29447,46.23851,44.72136,41.59327,42.94182,42.95346,43.08132,44.77723,43.86342,43.86342,42.94182,39.66106,37.12142,38.41875,38.20995,39.96248,42.80187,38.60052,32.01562,37.64306,28.3196,30.52868,34.1321,31.62278,31.62278,33.24154,36.06938,31.40064,30.80584,37.0,37.21559,30.59412,43.56604,42.95346,46.17359,45.54119,52.55473,53.14132,52.80152,57.70615,55.9017,59.94164,63.82006,60.21628,62.28965,68.41053,65.05382,60.81118,60.81118,60.87693,70.0928,66.8431,66.4003,62.96825,64.53681,63.81222,58.83026,60.74537,60.46487,58.24946,65.19202,59.90826,58.18075,62.43397,57.80138,62.1289,61.05735,59.07622,62.42596,58.24946,63.60031,59.07622,61.03278,56.82429,61.22091,52.63079,55.47071,55.60576,54.08327,58.66856,53.00943,55.56978,46.32494,54.6443,49.09175,46.01087
8.544,8.544,8.94427,9.84886,8.94427,8.544,8.94427,8.94427,8.94427,8.94427,9.84886,10.29563,9.84886,8.94427,9.84886,9.43398,9.43398,8.94427,9.43398,9.43398,8.94427,9.43398,8.06226,9.43398,9.43398,9.43398,8.60233,9.43398,9.43398,8.60233,8.94427,9.43398,9.43398,8.06226,8.06226,8.06226,8.06226,7.61577,7.61577,7.61577,7.61577,7.61577,7.61577,6.7082,6.7082,6.7082,6.7082,6.32456,6.32456,6.32456,6.08276,6.08276,44.82187,49.0408,43.01163,45.80393,41.6173,41.40048,43.38202,46.14109,41.14608,44.29447,42.05948,45.65085,46.51881,47.42362,48.8774,48.75449,55.47071,48.38388,42.48529,44.01136,48.8467,44.77723,45.88028,46.48656,41.62932,48.75449,42.95346,49.72927,43.86342,45.22168,42.54409,45.31004,44.94441,49.0408,37.69615,40.31129,44.27189,45.22168,45.31004,34.9285,41.18252,40.31129,41.88078,38.58756,42.72002,34.98571,33.83785,35.51056,31.62278,36.35932,30.80584,32.64966,34.66987,32.20248,32.64966,29.73214,30.4795,38.11824,40.11234,43.04649,46.09772,42.10701,47.67599,45.54119,52.7731,55.31727,52.49762,60.72891,58.87274,67.06713,63.15853,62.6099,60.90156,66.24198,60.20797,66.85058,70.80254,63.25346,70.0928,61.7171,66.6033,66.46804,67.26812,64.53681,65.94695,59.66574,65.8559,58.00862,67.00746,62.28965,60.959,62.482,58.13777,56.63921,62.36986,61.6198,62.24147,61.7171,60.10824,60.87693,58.0,53.2635,64.3506,59.66574,53.75872,54.45181,59.39697,54.45181,55.22681,56.22277,51.62364,56.58622,58.72819,49.51767
7.28011,7.61577,7.61577,7.61577,8.06226,7.61577,8.06226,8.06226,8.06226,8.06226,8.94427,8.06226,8.06226,8.06226,8.06226,8.60233,8.60233,8.06226,7.2111,8.06226,7.2111,7.2111,7.2111,8.06226,8.06226,8.60233,7.81025,8.60233,7.81025,7.81025,7.2111,7.2111,7.2111,7.2111,7.2111,7.2111,7.2111,6.7082,6.7082,5.83095,6.7082,6.7082,5.83095,5.83095,5.83095,5.83095,5.38516,5.38516,5.38516,5.38516,5.09902,5.09902,45.48626,44.68781,43.41659,44.72136,45.61798,37.57659,48.46648,39.35734,44.59821,39.92493,45.60702,43.68066,47.53946,47.12749,45.31004,48.37355,51.86521,46.48656,43.01163,50.44799,49.47727,45.60702,45.12206,44.64303,47.43416,42.44997,49.0306,47.67599,47.12749,49.16299,44.28318,46.69047,45.88028,44.91102,40.04997,44.14748,43.17407,42.72002,42.37924,40.02499,37.64306,39.56008,42.72002,38.62642,36.13862,40.02499,39.81206,35.44009,35.73514,39.84972,34.17601,31.32092,33.10589,31.95309,31.38471,33.83785,28.84441,38.11824,40.1995,40.04997,44.01136,42.42641,46.09772,43.28972,52.7731,57.07013,54.40588,57.24509,58.82176,61.98387,65.30697,59.48109,62.26556,69.35416,64.07027,62.1289,66.37017,66.21933,69.81404,64.03124,70.03571,61.55485,66.06815,64.44377,58.72819,66.46804,62.93648,55.86591,62.36986,60.959,57.98276,61.7171,63.03174,58.69412,64.3506,58.72819,62.28965,59.46427,61.40033,62.00806,63.12686,56.85068,54.48853,60.87693,55.97321,53.03772,58.0,52.49762,55.47071,58.69412,51.22499,55.86591,55.97321,52.34501
8.06226,8.06226,8.06226,8.06226,8.06226,8.06226,8.06226,7.61577,8.06226,8.544,8.94427,8.544,8.544,8.544,7.61577,8.544,8.544,7.61577,7.61577,7.61577,7.61577,7.61577,7.61577,8.24621,7.61577,7.61577,7.61577,8.544,8.24621,7.61577,7.61577,7.61577,7.61577,7.61577,7.61577,7.61577,6.7082,6.7082,6.7082,6.7082,5.83095,6.40312,6.7082,5.83095,5.83095,5.83095,6.40312,6.40312,6.40312,5.65685,5.65685,5.0,45.39824,43.01163,49.25444,45.54119,49.33559,43.17407,40.16217,45.35416,41.7732,45.31004,46.57252,46.17359,46.23851,45.31004,45.88028,46.51881,51.0,51.0,47.12749,49.76947,54.12947,47.75982,43.41659,44.01136,44.01136,42.54409,43.04649,45.65085,45.27693,48.25971,43.82921,46.95743,38.01316,47.50789,39.39543,41.62932,44.77723,41.18252,39.92493,43.32436,40.49691,39.39543,39.92493,37.69615,38.07887,40.5216,34.20526,32.89377,35.17101,32.75668,34.1321,33.37664,28.63564,31.257,29.15476,33.06055,32.01562,34.65545,36.79674,38.41875,42.44997,39.69887,48.25971,47.88528,50.15974,53.7122,52.3259,54.626,57.70615,67.06713,64.56005,62.36185,61.81424,68.44706,63.1981,63.78871,62.03225,64.00781,64.03124,68.0,65.03076,66.18912,69.26038,62.1289,65.27634,63.78871,68.06614,56.4358,61.52235,64.62971,59.4138,62.39391,61.40033,57.14018,64.12488,59.21149,65.00769,61.66036,60.0,61.40033,57.14018,57.03508,56.14268,58.03447,59.3043,58.13777,61.29437,54.0,58.00862,58.21512,53.03772,55.03635,55.00909,50.03998
8.94427,8.60233,8.60233,8.60233,8.60233,8.60233,9.21954,8.60233,9.21954,8.60233,8.60233,9.21954,8.60233,8.60233,8.60233,9.21954,9.21954,8.60233,7.81025,8.48528,7.81025,8.48528,7.81025,8.48528,9.21954,8.48528,8.48528,9.21954,8.48528,8.48528,7.81025,7.81025,7.81025,7.81025,7.81025,7.81025,7.81025,7.2111,7.2111,7.2111,7.2111,7.2111,7.2111,6.40312,5.83095,5.83095,5.83095,5.83095,6.7082,5.38516,6.32456,5.38516,47.75982,44.27189,46.52956,44.92215,42.2019,43.17407,43.73786,51.35173,44.0,45.17743,43.10452,40.11234,49.16299,47.26521,49.36598,46.09772,50.08992,46.09772,45.01111,46.0,48.01042,45.09989,48.16638,41.19466,44.0,47.0,42.29657,44.10215,47.04253,43.10452,40.0125,44.01136,44.0,46.17359,40.31129,40.04997,45.17743,44.18144,41.19466,38.11824,42.04759,40.31129,40.31129,38.47077,37.65634,32.24903,35.0571,38.0526,33.24154,26.4764,30.08322,29.61419,32.24903,32.57299,32.98485,29.52965,31.38471,33.54102,37.69615,39.39543,45.69464,46.84015,46.09772,47.53946,48.6621,56.08921,59.07622,57.03508,57.03508,64.03124,62.1289,62.64982,62.514,68.35934,62.8172,67.72001,64.32729,63.24555,69.64194,64.84597,68.15424,69.35416,71.30919,63.95311,65.30697,65.9242,66.85058,59.03389,62.16912,66.18912,61.46544,60.83584,60.82763,61.32699,60.82763,63.97656,66.70832,62.26556,65.19202,62.17717,60.92618,57.69749,56.32051,54.78138,58.18075,57.58472,60.82763,58.59181,58.60034,57.77543,52.35456,59.5063,54.626,49.72927
7.07107,7.07107,7.28011,7.28011,7.28011,7.28011,7.61577,7.28011,7.28011,7.61577,7.28011,7.61577,7.28011,7.61577,7.28011,7.61577,7.61577,7.28011,7.61577,7.61577,7.61577,6.7082,6.32456,7.61577,7.61577,6.7082,6.7082,7.61577,7.61577,6.7082,6.32456,6.7082,6.7082,6.32456,6.32456,6.32456,6.32456,6.32456,6.08276,6.08276,5.09902,6.08276,6.08276,5.09902,5.09902,5.09902,5.0,5.0,5.0,5.0,5.09902,5.09902,43.60046,39.62323,45.45327,43.60046,44.04543,40.0,43.56604,35.22783,43.46263,42.54409,45.69464,41.62932,44.29447,46.52956,40.70626,42.48529,49.24429,43.46263,42.04759,42.04759,45.88028,41.23106,41.0,42.05948,40.71855,45.65085,43.86342,43.32436,42.94182,44.94441,40.8534,39.81206,40.8534,47.16991,42.72002,38.07887,40.24922,43.46263,41.59327,36.89173,36.35932,35.51056,39.20459,36.71512,35.80503,35.51056,28.6007,33.01515,29.06888,35.0,32.64966,31.06445,30.61046,30.41381,30.41381,30.23243,24.08319,37.85499,36.22154,42.29657,39.0,43.10452,43.28972,45.01111,47.38143,54.12947,56.08921,59.22837,57.00877,61.40033,64.2573,55.47071,62.26556,66.21178,66.61081,63.51378,63.41136,63.89053,67.47592,62.482,64.03124,67.17887,70.0928,60.10824,60.82763,68.0147,62.2254,55.86591,61.07373,60.82763,58.69412,60.959,61.7171,58.25805,60.1415,60.81118,60.82763,55.9017,60.10824,58.79626,64.3506,53.2635,58.69412,54.48853,61.52235,51.73973,55.31727,55.9017,54.48853,53.90733,52.40229,58.79626,48.16638,53.07542
8.48528,7.81025,7.81025,8.60233,7.81025,8.60233,8.60233,8.60233,8.60233,8.06226,8.60233,8.60233,8.60233,8.06226,8.60233,9.43398,8.94427,8.06226,8.06226,8.06226,8.06226,8.06226,7.2111,8.06226,8.06226,8.06226,8.06226,8.06226,8.94427,8.06226,8.06226,8.06226,8.06226,7.61577,7.2111,7.2111,7.2111,7.2111,7.2111,7.2111,6.40312,6.40312,6.40312,6.40312,6.40312,5.0,5.65685,5.65685,5.65685,5.65685,5.0,5.0,49.40648,36.24914,44.27189,41.23106,44.92215,43.01163,35.17101,43.65776,40.60788,43.73786,43.56604,41.30375,43.56604,40.31129,43.41659,44.01136,50.01,46.0,44.28318,46.09772,53.23533,46.01087,42.10701,43.73786,44.04543,45.89118,39.31921,45.04442,39.31921,49.0408,43.04649,42.0119,39.81206,44.18144,44.01136,34.0,38.20995,38.11824,36.87818,37.21559,38.0526,42.42641,36.34556,40.0,37.10795,38.20995,35.17101,34.23449,32.28002,30.67572,33.83785,30.67572,33.24154,28.86174,32.01562,29.06888,31.90611,42.05948,39.39543,41.78516,45.35416,44.38468,45.89118,45.27693,53.33854,60.07495,56.0357,57.0,58.03447,68.11755,65.12296,63.95311,69.28925,74.72617,64.84597,64.03124,70.68239,70.26379,74.30343,64.07808,65.9242,62.6099,76.05919,71.19691,69.97142,60.80296,68.09552,61.91123,64.07027,61.40033,59.64059,60.74537,64.2028,59.64059,62.26556,58.13777,62.64982,64.63745,62.64982,63.00794,59.68249,51.47815,57.3062,57.80138,53.53504,58.30952,55.9017,55.07268,63.52952,56.0357,45.18849,56.79789,54.58938,48.8774
7.28011,7.07107,7.07107,7.07107,8.06226,7.07107,8.06226,8.06226,8.06226,8.06226,8.06226,8.0,8.06226,8.06226,7.07107,9.0,8.0,8.0,7.0,7.0,7.07107,8.0,7.0,8.0,8.0,8.0,8.0,8.0,7.0,8.06226,7.0,7.0,7.0,7.0,7.0,7.0,7.07107,6.08276,6.08276,6.08276,6.08276,6.08276,6.08276,6.08276,6.08276,5.09902,5.09902,5.09902,5.09902,5.38516,5.38516,4.47214,50.80354,41.23106,44.38468,44.59821,35.34119,43.46263,40.70626,46.32494,40.70626,43.41659,41.6173,42.94182,47.88528,46.64762,44.77723,47.63402,49.39636,42.72002,44.41846,43.93177,50.32892,44.40721,45.96738,44.41846,46.32494,43.04649,43.26662,47.63402,45.0,41.40048,42.0119,42.80187,41.23106,46.2277,38.18377,43.04649,39.66106,37.80212,45.65085,39.66106,38.41875,40.81666,42.54409,38.01316,41.62932,37.44329,35.35534,35.77709,30.0,31.38471,31.76476,30.23243,27.20294,32.31099,32.57299,28.79236,28.63564,38.58756,43.01163,42.2019,46.01087,42.52058,48.08326,45.96738,50.32892,59.66574,56.61272,59.36329,58.24946,65.51336,67.53518,65.78754,62.96825,73.92564,64.56005,70.60453,64.32729,64.93843,69.12308,63.50591,67.47592,72.24957,67.46851,67.18631,64.38167,61.0082,66.00758,55.08176,67.02984,65.12296,57.07889,63.0,57.03508,54.23099,61.66036,59.03389,66.75328,63.03174,60.20797,60.20797,56.4358,62.28965,55.14526,57.14018,52.7731,54.45181,53.23533,52.17279,54.34151,52.15362,41.7732,53.33854,52.46904,50.21952
7.81025,8.48528,7.81025,8.48528,8.48528,8.48528,8.60233,8.60233,9.21954,7.81025,9.21954,9.21954,9.21954,8.60233,7.81025,8.60233,8.60233,8.60233,8.06226,8.60233,7.81025,8.06226,7.81025,8.60233,8.60233,8.60233,8.06226,8.06226,8.06226,8.06226,7.2111,8.06226,7.2111,7.2111,7.2111,7.2111,7.81025,7.07107,6.40312,6.40312,7.07107,7.07107,6.40312,5.65685,5.65685,5.65685,5.65685,5.65685,5.65685,6.40312,5.83095,5.83095,46.84015,41.48494,38.47077,40.79216,44.38468,39.31921,41.04875,46.04346,39.05125,43.04649,42.0119,42.19005,47.01064,45.01111,43.10452,48.09366,48.25971,46.27094,43.01163,48.09366,48.09366,47.0,43.18565,44.04543,42.04759,45.04442,46.27094,45.70558,39.11521,46.69047,45.27693,44.28318,38.32754,36.67424,43.18565,38.01316,38.01316,41.04875,38.11824,41.0,41.04875,39.01282,33.0,37.05401,39.0,40.0125,34.23449,36.22154,31.06445,31.40064,30.59412,30.80584,31.14482,25.4951,31.257,32.75668,29.06888,39.35734,41.62932,39.92493,38.8973,43.17407,46.69047,44.64303,52.46904,53.93515,51.08816,55.22681,53.23533,65.06919,67.18631,62.39391,64.93843,68.46897,69.64194,61.84658,64.19502,63.69458,70.38466,63.69458,68.70953,68.70953,62.0967,64.4748,66.18912,59.5399,66.18912,55.47071,63.13478,60.83584,58.18075,63.51378,60.83584,56.36488,59.94164,60.41523,60.41523,59.48109,58.69412,59.09315,55.9017,57.27128,50.92151,55.15433,57.00877,53.48832,55.71355,51.86521,55.02727,52.83938,49.0408,54.23099,56.32051,53.14132
7.61577,7.61577,7.2111,8.06226,8.06226,8.06226,8.06226,8.06226,8.06226,8.06226,8.60233,8.60233,8.60233,8.60233,8.06226,8.60233,7.81025,7.2111,8.60233,8.06226,7.2111,7.2111,7.2111,7.81025,7.81025,7.81025,7.81025,7.81025,7.81025,7.07107,7.2111,7.2111,7.2111,7.2111,6.40312,6.40312,6.40312,7.2111,6.40312,6.7082,5.83095,5.83095,5.83095,5.83095,5.38516,4.47214,5.38516,5.38516,5.38516,5.38516,5.38516,5.09902,45.96738,48.16638,42.2019,40.0,46.40043,42.19005,43.04649,45.22168,47.41308,42.05948,43.41659,41.59327,46.61545,45.61798,44.28318,42.04759,52.3259,47.75982,42.54409,45.18849,48.46648,43.909,45.22168,43.08132,47.01064,44.72136,39.92493,42.54409,44.77723,46.8188,44.64303,39.56008,41.59327,44.27189,38.62642,41.59327,39.92493,44.59821,42.04759,38.62642,37.12142,37.21559,38.48376,39.96248,37.44329,37.58989,33.01515,36.71512,31.90611,30.80584,31.38471,29.68164,35.60899,30.23243,29.83287,25.4951,29.0,37.01351,34.0147,40.4475,46.87217,42.44997,41.48494,48.76474,47.29693,54.78138,54.70832,54.56189,62.26556,64.88451,60.20797,61.22091,64.81512,67.47592,64.3506,62.482,62.93648,62.28965,68.68042,63.89053,63.12686,65.80274,64.44377,61.40033,63.24555,62.62587,63.63175,55.21775,61.29437,63.25346,59.20304,61.61169,59.07622,56.72742,62.482,54.03702,67.20119,60.30755,61.7171,59.40539,59.66574,54.56189,52.43091,51.0392,53.90733,59.46427,54.67175,53.15073,52.20153,56.85068,50.9902,50.0,51.62364,48.83646
9.05539,9.05539,9.21954,9.05539,9.21954,9.05539,9.21954,9.21954,9.21954,9.21954,9.21954,9.48683,9.21954,9.21954,9.21954,10.44031,8.544,9.48683,8.24621,8.24621,8.24621,8.24621,8.24621,8.544,8.24621,8.544,8.544,8.544,8.544,8.544,7.28011,8.544,8.544,8.24621,8.24621,8.24621,8.24621,7.28011,7.28011,7.07107,7.28011,7.28011,7.28011,6.08276,7.07107,6.08276,6.08276,6.08276,6.0,6.0,6.0,6.08276,33.01515,44.20407,43.82921,37.64306,49.67897,39.82462,41.7732,44.68781,45.96738,42.52058,46.61545,46.61545,48.41487,45.60702,43.27817,45.79301,50.77401,44.82187,39.05125,46.04346,46.52956,41.04875,43.01163,44.20407,42.2019,43.41659,38.58756,43.04649,40.22437,39.82462,39.44617,39.82462,37.44329,42.72002,40.70626,39.20459,40.81666,37.16181,36.35932,37.21559,38.07887,41.04875,37.64306,33.6006,36.12478,34.82815,35.22783,31.82766,31.40064,29.83287,31.82766,33.97058,31.14482,30.61046,28.3196,28.42534,27.20294,42.15448,38.91015,39.35734,44.41846,45.79301,45.45327,44.65423,49.0408,58.89822,54.48853,57.38467,60.10824,65.11528,64.40497,60.21628,63.51378,67.80118,62.17717,61.7171,65.36819,65.30697,70.00714,68.54196,68.70953,65.14599,65.74192,61.35145,65.78754,62.64184,66.7308,57.93962,64.84597,64.51356,60.16644,62.29767,54.42426,61.46544,64.4748,58.87274,60.92618,59.13544,61.35145,61.29437,58.69412,55.71355,54.70832,55.9017,62.76942,56.36488,57.27128,54.58938,54.12024,53.66563,51.42956,54.12947,53.7122,47.01064
9.21954,9.21954,8.24621,9.21954,9.48683,9.21954,9.48683,8.544,9.48683,8.544,9.48683,9.48683,9.48683,9.48683,9.48683,9.48683,9.48683,8.544,8.544,8.544,8.544,8.544,7.61577,8.94427,8.544,8.544,8.94427,8.544,8.94427,7.61577,8.544,8.544,8.544,7.61577,7.61577,7.61577,8.544,7.28011,7.28011,7.28011,6.32456,7.28011,7.28011,6.32456,6.08276,6.08276,6.08276,6.08276,6.08276,6.08276,6.0,6.0,51.0392,45.61798,46.04346,39.96248,47.16991,43.56604,43.41659,43.13931,44.68781,46.69047,46.09772,43.18565,49.49747,45.25483,43.82921,48.79549,51.62364,48.10405,44.55334,43.84062,49.67897,46.69047,48.10405,44.20407,43.27817,47.42362,38.20995,44.20407,42.63801,45.34314,41.7732,44.55334,41.23106,51.08816,41.40048,38.41875,46.61545,43.41659,43.86342,36.76955,39.59798,39.66106,37.48333,41.10961,39.05125,38.01316,33.83785,33.97058,30.80584,31.62278,33.01515,31.40064,32.80244,28.30194,32.44996,27.85678,29.42788,38.8973,38.8973,36.24914,47.85394,44.77723,51.0,46.87217,50.24938,57.45433,52.00961,57.98276,58.69412,64.3506,65.06919,65.94695,62.80127,71.21798,66.28725,68.60029,64.07027,64.3506,72.47068,67.54258,67.08204,66.48308,65.79514,64.19502,66.48308,61.98387,67.77905,57.00877,67.06713,56.36488,60.41523,65.39113,59.77458,59.46427,60.00833,58.30952,63.97656,63.69458,59.9333,64.62198,61.7414,59.03389,62.24147,61.32699,51.89412,57.3062,54.56189,53.14132,56.79789,58.5235,51.47815,55.9017,57.38467,51.62364
9.0,8.06226,8.06226,9.05539,9.05539,8.06226,9.21954,8.24621,8.24621,9.21954,9.05539,9.05539,9.05539,9.21954,8.06226,9.21954,8.24621,8.24621,8.24621,8.24621,8.24621,8.24621,8.24621,8.24621,8.24621,8.24621,8.24621,8.24621,8.24621,8.24621,8.24621,8.24621,8.24621,7.28011,7.28011,7.07107,7.07107,7.07107,7.07107,7.07107,7.07107,6.08276,7.0,6.08276,6.08276,6.08276,6.0,6.0,6.0,6.08276,5.09902,5.09902,45.96738,41.7732,48.10405,43.01163,44.82187,43.13931,43.41659,42.19005,41.67733,42.72002,45.48626,42.72002,46.64762,45.65085,44.10215,42.05948,46.61545,45.22168,40.24922,46.61545,49.24429,46.06517,43.01163,44.77723,42.95346,41.78516,41.14608,42.44997,46.61545,42.04759,38.01316,39.35734,37.0,43.08132,39.21734,40.31129,36.40055,44.27189,38.91015,41.23106,41.18252,37.21559,34.0,36.23534,33.12099,34.1321,34.98571,36.76955,26.92582,28.6007,25.6125,29.68164,27.65863,31.62278,26.62705,31.14482,23.02173,36.01389,40.0,40.04997,43.10452,46.38965,47.29693,44.92215,47.12749,56.04463,55.97321,58.30952,57.27128,64.62198,62.16912,61.29437,64.89992,68.26419,69.02898,63.25346,64.44377,63.03174,70.00714,67.20863,65.76473,69.42622,65.76473,64.81512,65.43699,63.82006,65.11528,60.20797,65.60488,66.21933,62.00806,66.4003,60.44005,60.959,66.06815,62.28965,67.26812,62.36986,61.6198,62.00806,62.2254,55.97321,54.03702,56.85068,53.8145,58.0,60.10824,55.31727,55.17246,56.0803,56.40035,56.63921,55.17246,50.9902
8.544,8.544,8.544,9.48683,8.544,8.544,9.21954,9.21954,9.21954,8.24621,9.48683,9.21954,9.21954,8.24621,9.21954,9.21954,9.21954,8.24621,8.24621,8.24621,8.24621,8.24621,8.24621,8.24621,8.24621,8.06226,8.06226,8.24621,8.24621,8.06226,8.24621,8.24621,8.06226,7.28011,8.24621,8.24621,8.24621,7.28011,7.28011,7.28011,6.32456,7.28011,6.32456,6.32456,6.32456,6.32456,6.32456,5.83095,5.83095,5.83095,5.83095,5.83095,46.01087,37.21559,49.33559,39.84972,41.4367,43.08132,40.8534,46.09772,42.15448,41.62932,39.66106,41.34005,44.41846,42.05948,45.61798,42.19005,47.50789,45.79301,42.94182,43.04649,43.82921,38.91015,44.10215,43.01163,40.31129,42.54409,36.35932,40.49691,43.04649,39.05125,41.04875,38.94868,40.49691,37.73592,36.76955,40.49691,39.82462,43.909,37.73592,35.0,33.12099,34.20526,35.51056,38.01316,36.71512,33.61547,37.44329,33.61547,30.41381,29.73214,30.46309,28.79236,29.41088,30.59412,28.4605,26.92582,30.41381,41.03657,38.94868,43.18565,46.61545,40.0,50.80354,52.69725,53.53504,57.80138,54.12024,60.16644,56.85948,67.23095,62.36185,68.88396,63.06346,76.90254,66.61081,70.40597,67.08204,67.18631,70.25667,65.00769,69.11584,71.06335,72.06247,68.18358,71.11259,63.1981,72.1734,55.03635,68.11755,64.38167,62.03225,64.07027,66.00758,57.00877,63.03174,62.03225,64.00781,65.27634,60.20797,67.06713,57.07889,58.03447,56.4358,56.32051,58.03447,56.0357,56.0357,57.03508,50.24938,55.00909,49.36598,53.46027,58.03447,46.0
7.61577,7.61577,8.06226,8.94427,8.06226,8.94427,8.06226,8.06226,8.06226,7.2111,8.94427,8.60233,8.06226,8.06226,8.06226,8.60233,8.60233,8.06226,8.06226,8.06226,8.06226,8.06226,7.2111,7.81025,7.81025,8.60233,7.81025,7.2111,8.60233,7.81025,7.2111,7.2111,7.2111,7.2111,7.2111,7.2111,7.2111,6.7082,6.7082,6.7082,6.7082,6.7082,5.83095,5.83095,6.32456,5.38516,5.38516,5.38516,5.38516,5.38516,5.09902,5.09902,44.10215,44.10215,41.40048,41.86884,43.18565,40.31129,43.84062,41.03657,37.53665,39.11521,46.40043,46.40043,47.20169,45.60702,47.63402,43.41659,47.63402,47.16991,46.04346,49.0408,47.16991,42.80187,43.56604,41.6173,39.40812,44.41846,39.44617,39.96248,43.26662,43.909,43.909,41.59327,40.81666,42.54409,41.62932,41.88078,38.58756,41.67733,39.96248,39.35734,41.40048,38.47077,36.61967,33.01515,35.80503,38.01316,37.20215,31.241,35.4683,29.41088,35.4683,29.41088,31.82766,29.0,29.0,29.73214,27.45906,42.54409,38.91015,41.18252,43.38202,43.01163,47.63402,47.43416,51.22499,59.5483,55.22681,54.48853,60.82763,66.52819,64.66065,62.42596,67.42403,71.28113,65.0,61.29437,63.50591,59.94164,73.38937,67.1193,66.70832,68.94926,68.02941,61.03278,62.93648,65.25335,63.56886,58.5235,60.08328,61.35145,59.46427,62.29767,60.92618,60.00833,61.84658,57.93962,60.92618,59.80803,58.18075,53.66563,57.3062,54.23099,50.9902,54.70832,51.47815,55.03635,58.59181,52.35456,52.47857,59.9333,47.88528,50.9902,53.33854,52.47857
8.544,8.94427,8.06226,8.94427,8.06226,8.06226,8.06226,8.06226,8.06226,8.06226,8.94427,9.43398,8.94427,8.06226,8.06226,9.43398,8.60233,8.06226,7.2111,7.2111,8.06226,7.2111,7.2111,8.06226,8.06226,8.06226,7.81025,8.06226,7.2111,8.60233,7.2111,7.2111,7.2111,7.2111,8.06226,8.06226,7.61577,6.7082,6.7082,6.7082,6.32456,6.32456,6.32456,6.32456,6.32456,5.38516,6.32456,5.38516,6.08276,6.08276,6.0,6.0,44.92215,40.8534,43.17407,43.41659,44.18144,40.11234,40.0125,44.04543,41.04875,44.01136,43.10452,45.17743,42.0119,44.04543,42.04759,42.19005,50.01,42.04759,43.04649,42.19005,50.35871,42.19005,41.0,38.47077,42.0,38.0526,41.30375,40.4475,42.10701,42.42641,40.60788,38.60052,41.4367,46.69047,44.14748,38.0,37.65634,36.49658,36.34556,40.02499,35.0,40.11234,36.01389,35.0,31.06445,32.01562,34.0147,34.0147,35.01428,30.01666,35.01428,29.01724,24.02082,29.61419,28.28427,28.28427,28.86174,36.76955,37.64306,39.81206,44.55334,40.11234,47.09565,47.67599,51.0098,55.14526,55.00909,60.20797,59.03389,62.1289,59.68249,59.48109,61.03278,71.16881,64.62198,65.45991,65.55151,65.9242,73.34848,65.74192,68.02941,64.41273,65.0,64.3506,63.95311,61.29437,66.7308,54.20332,64.14047,60.20797,56.93856,59.36329,61.29437,59.5399,61.26989,58.18075,58.13777,54.12024,62.29767,59.9333,58.60034,58.13777,53.75872,52.55473,54.626,52.81098,55.54278,53.7122,55.9464,49.39636,53.7122,53.7122,51.07837,43.65776
7.07107,7.28011,7.61577,7.28011,7.61577,7.28011,7.61577,7.61577,7.61577,7.61577,7.61577,7.61577,7.61577,7.61577,7.28011,7.61577,7.61577,6.7082,7.61577,7.61577,7.61577,7.61577,6.32456,7.61577,7.61577,7.61577,6.7082,7.61577,7.61577,6.7082,6.7082,7.61577,6.7082,6.32456,6.7082,6.32456,6.32456,6.32456,6.32456,6.32456,6.08276,6.08276,6.08276,5.09902,5.09902,5.09902,5.09902,5.0,5.0,5.0,5.0,5.09902,39.20459,48.25971,48.54894,38.47077,44.77723,39.44617,43.04649,40.81666,39.81206,44.72136,43.08132,44.77723,47.01064,44.38468,44.72136,43.32436,47.43416,43.01163,43.9659,42.72002,46.8188,43.08132,39.20459,41.23106,40.16217,47.53946,40.80441,41.48494,42.44997,41.0,38.60052,39.29377,39.92493,43.68066,36.05551,37.0,38.60052,41.97618,39.21734,39.92493,39.21734,38.01316,37.10795,40.16217,36.24914,34.43835,31.76476,38.07887,33.10589,32.64966,29.15476,29.15476,31.30495,32.24903,31.38471,27.65863,26.1725,40.04997,42.29657,38.32754,50.01,41.97618,46.17359,46.8188,48.38388,60.00833,54.626,58.13777,60.00833,65.0,63.13478,63.82006,64.53681,66.8431,63.12686,64.53681,65.05382,60.82763,70.03571,68.76772,64.44377,69.52697,69.31089,62.80127,64.63745,65.60488,65.0,58.89822,64.03124,62.20129,61.22091,65.21503,63.25346,56.0803,57.31492,57.38467,61.55485,65.43699,60.1415,59.5483,55.86591,52.3259,51.40039,58.69412,55.86591,49.67897,50.91169,50.24938,54.48853,52.40229,50.20956,53.07542,49.51767,53.07542
13.60147,6.08276,10.0,9.0,8.06226,11.40175,5.0,10.29563,7.2111,8.48528,8.06226,7.07107,8.48528,7.81025,8.06226,9.89949,5.83095,11.18034,7.07107,10.19804,8.48528,7.0,10.29563,5.0,11.40175,5.38516,6.7082,9.05539,9.48683,7.07107,9.05539,7.07107,9.0,7.28011,8.06226,7.28011,9.48683,7.61577,8.06226,6.7082,7.07107,6.7082,7.07107,6.40312,6.40312,5.65685,5.83095,6.40312,6.32456,6.40312,5.0,6.7082,43.41659,43.13931,41.01219,42.54409,40.31129,66.4906,36.05551,50.56679,50.80354,19.84943,44.28318,33.97058,36.40055,49.57822,41.03657,46.51881,49.1935,45.65085,40.22437,55.44367,48.76474,36.40055,62.482,26.83282,46.09772,64.84597,18.60108,27.45906,36.22154,51.92302,33.24154,28.01785,32.57299,49.92995,38.8973,44.18144,43.32436,40.5216,43.18565,36.67424,26.1725,38.83298,33.01515,42.2019,38.8973,32.89377,35.17101,30.59412,27.313,26.41969,31.38471,24.83948,28.63564,26.87006,31.01612,39.56008,27.45906,38.8973,39.21734,39.35734,41.18252,42.72002,49.0408,48.9183,49.57822,54.03702,53.74012,56.0357,57.98276,64.66065,61.26989,63.60031,61.35145,72.8011,61.98387,67.74216,63.3877,63.00794,68.00735,63.15061,65.27634,63.56099,69.35416,64.53681,65.80274,62.93648,67.72001,56.921,63.90618,60.83584,60.53924,63.07139,62.16912,59.94164,62.64982,59.16925,60.90156,59.36329,57.14018,60.21628,56.30275,57.42822,54.56189,53.90733,58.89822,55.0,53.8145,54.45181,53.03772,58.69412,50.32892,53.75872,55.17246,40.60788
8.06226,8.06226,8.0,9.0,8.0,8.06226,8.0,8.0,9.0,8.0,9.0,9.05539,9.0,8.06226,8.0,9.0,9.05539,8.0,8.06226,8.0,8.0,8.06226,8.0,8.06226,8.06226,8.06226,8.06226,8.06226,8.06226,8.06226,8.06226,8.06226,8.06226,7.0,7.0,7.0,7.0,7.0,7.0,7.0,6.0,7.0,6.0,6.0,6.08276,5.0,5.09902,6.08276,5.09902,5.09902,5.09902,5.38516,51.62364,42.44997,43.46263,47.43416,39.0,44.01136,40.31129,46.51881,37.57659,42.05948,42.19005,43.82921,46.64762,43.26662,43.41659,43.04649,49.24429,47.43416,44.10215,39.35734,48.82622,40.81666,42.63801,38.83298,42.19005,41.67733,36.35932,42.42641,39.40812,44.68781,43.93177,41.86884,35.4683,40.60788,38.28838,40.80441,40.60788,41.40048,34.4093,38.01316,33.83785,39.96248,35.8469,37.20215,31.38471,32.20248,35.77709,27.45906,34.9285,31.95309,29.15476,27.29469,25.94224,26.92582,24.18677,29.83287,28.0,35.4683,44.59821,40.36087,48.10405,43.18565,50.60632,49.0408,53.41348,57.80138,55.21775,57.70615,58.18075,68.09552,64.07808,71.86793,63.56099,75.02666,66.70832,66.48308,67.26812,67.46851,72.83543,60.40695,70.03571,71.11259,72.69113,68.18358,71.0,63.03174,69.11584,56.22277,68.00735,65.27634,64.12488,64.03124,64.03124,58.03447,65.19202,64.12488,62.64982,66.27217,60.40695,64.49806,60.13319,64.77654,63.3877,62.514,58.21512,60.01666,53.93515,59.4138,55.10898,58.85576,48.16638,58.42089,56.29387,50.44799
9.05539,8.0,8.0,9.0,9.0,9.0,9.05539,9.05539,9.05539,8.0,9.0,9.05539,9.0,9.0,9.0,9.05539,8.06226,8.06226,8.06226,8.06226,8.06226,8.06226,8.06226,8.06226,8.06226,8.06226,8.06226,8.06226,8.06226,8.06226,7.0,8.06226,7.07107,7.07107,7.07107,8.0,8.0,7.0,7.0,7.0,7.0,7.0,7.0,6.08276,6.0,6.0,6.08276,6.08276,6.08276,6.08276,5.38516,5.38516,44.94441,44.65423,49.67897,41.03657,35.38361,36.06938,37.48333,49.67897,38.94868,39.05125,47.70744,40.49691,42.80187,41.86884,45.80393,45.79301,44.59821,43.27817,44.20407,40.22437,48.54894,40.49691,42.72002,45.27693,38.27532,46.40043,37.44329,38.94868,42.0119,43.26662,41.18252,42.43819,36.61967,43.56604,39.35734,38.20995,35.80503,35.60899,35.4683,34.66987,38.27532,38.20995,36.06938,34.82815,32.64966,32.55764,33.94113,29.06888,31.82766,30.41381,29.83287,28.3196,27.45906,26.24881,26.92582,29.15476,27.29469,38.07887,41.76123,39.56008,49.98,44.77723,51.42956,49.65884,51.0,59.48109,57.14018,61.05735,63.41136,68.11755,65.19202,66.48308,65.06919,70.83784,66.0303,68.00735,65.80274,68.8186,71.02112,66.7308,75.66373,73.79024,69.46222,64.88451,67.53518,66.12866,67.62396,56.82429,68.70953,64.84597,61.29437,71.11259,57.24509,58.30952,65.79514,63.50591,62.6099,65.30697,62.26556,64.84597,64.00781,55.07268,61.05735,62.76942,52.47857,53.85165,53.7122,57.3062,55.9464,60.90156,50.08992,57.24509,55.75841,52.47857
8.94427,8.94427,9.43398,9.43398,9.43398,8.94427,9.43398,9.43398,9.43398,9.43398,9.43398,9.43398,9.43398,9.43398,9.43398,10.0,8.60233,8.60233,8.60233,8.60233,8.60233,8.60233,8.06226,8.60233,8.60233,8.60233,8.60233,9.43398,8.60233,8.60233,8.06226,8.60233,8.06226,8.06226,8.06226,8.06226,8.06226,7.61577,7.61577,7.61577,6.7082,6.7082,6.7082,6.7082,6.32456,6.7082,6.32456,6.32456,6.32456,6.32456,6.08276,6.08276,46.8615,47.16991,39.81206,45.65085,45.65085,39.39543,45.88028,40.31129,43.65776,38.07887,39.0,43.9659,48.08326,44.77723,38.62642,44.59821,47.43416,44.38468,40.5216,44.64303,45.35416,39.21734,43.73786,42.42641,40.16217,39.56008,39.21734,42.2019,44.38468,43.17407,38.83298,42.15448,42.05948,42.44997,37.94733,37.69615,37.0,40.26164,40.8534,37.33631,37.94733,35.35534,38.07887,33.10589,32.75668,34.43835,31.38471,34.48188,26.40076,23.32381,31.241,28.30194,29.52965,30.0,29.83287,31.1127,26.24881,40.16217,40.5216,42.95346,46.38965,48.25971,43.04649,48.25971,53.00943,60.00833,58.13777,59.84146,63.50591,69.05071,64.53681,64.19502,70.83784,71.47027,73.82412,65.55151,71.19691,71.86793,79.40403,71.02112,69.06519,73.23933,72.40166,68.0147,67.62396,69.02898,70.60453,63.60031,63.78087,64.2028,64.40497,65.8559,63.00794,65.94695,65.29931,61.84658,60.959,63.78087,65.80274,56.40035,68.88396,53.82379,53.41348,56.85068,63.60031,56.0803,61.07373,51.0392,57.42822,52.43091,48.16638,53.0,52.47857,58.25805
8.60233,8.60233,9.43398,8.60233,9.43398,8.06226,8.94427,8.94427,8.94427,8.94427,9.43398,8.94427,9.43398,8.94427,8.60233,8.94427,8.94427,8.94427,8.94427,8.94427,8.06226,8.94427,8.06226,8.94427,8.94427,8.544,8.544,8.06226,8.94427,8.94427,8.06226,8.06226,8.06226,8.06226,7.61577,8.06226,8.06226,7.2111,7.2111,7.2111,7.2111,7.2111,6.40312,6.40312,6.40312,6.40312,6.40312,6.40312,5.65685,5.65685,5.65685,6.40312,44.40721,46.38965,40.04997,38.11824,39.62323,37.21559,42.19005,43.93177,40.60788,42.2019,39.05125,36.40055,43.68066,40.4475,40.79216,44.27189,47.29693,45.60702,42.44997,39.29377,40.8534,40.49691,39.21734,43.68066,38.32754,41.0,39.29377,37.64306,40.02499,37.69615,40.31129,36.40055,37.64306,39.21734,32.20248,40.02499,38.27532,38.62642,40.60788,35.17101,34.48188,33.24154,34.52535,36.34556,32.75668,33.73426,28.28427,32.57299,25.17936,28.07134,26.4764,27.07397,30.26549,27.16616,29.06888,30.41381,27.20294,42.05948,42.05948,41.18252,45.18849,44.77723,46.51881,47.42362,52.81098,61.03278,57.07013,61.66036,59.5399,65.62012,65.06919,66.0,69.00725,72.02777,69.00725,66.18912,67.02984,69.87131,74.67262,69.63476,68.06614,71.30919,70.88018,64.2573,69.37579,66.7308,67.44627,58.87274,63.56886,61.40033,61.39218,62.03225,62.8172,55.54278,61.39218,62.64184,64.93843,63.89053,61.98387,60.20797,60.40695,52.63079,51.78803,51.41984,54.91812,52.46904,59.03389,53.15073,53.93515,57.28001,49.47727,55.7853,53.15073,49.81967
9.0,8.06226,8.06226,9.05539,9.05539,9.05539,9.05539,9.05539,9.05539,8.06226,9.05539,9.21954,9.05539,9.05539,9.05539,9.21954,8.24621,8.06226,8.24621,8.06226,8.06226,8.06226,8.06226,8.24621,8.06226,8.24621,8.24621,8.06226,8.24621,8.24621,7.07107,7.07107,7.07107,7.07107,8.06226,7.07107,8.0,7.0,7.0,7.0,7.0,7.0,7.0,6.0,6.0,6.08276,6.08276,6.08276,6.08276,6.08276,6.32456,5.38516,46.95743,44.29447,43.04649,39.44617,40.45986,38.28838,41.86884,46.8615,33.24154,39.82462,37.01351,41.86884,43.82921,41.01219,41.03657,44.20407,42.52058,41.23106,43.86342,39.20459,44.82187,39.69887,43.60046,41.7732,37.53665,42.52058,39.40812,41.40048,35.4683,42.43819,36.35932,42.0119,34.82815,36.23534,38.94868,40.31129,34.65545,36.05551,38.20995,31.89044,33.42155,37.48333,31.40064,29.0,32.01562,31.14482,32.64966,28.6007,29.06888,28.3196,26.90725,24.75884,26.07681,26.62705,26.41969,24.69818,24.16609,37.58989,44.77723,39.96248,45.60702,41.23106,48.16638,46.75468,50.24938,59.4138,55.31727,57.62812,58.89822,67.00746,65.19202,65.36819,63.13478,73.3553,60.37384,67.08204,67.77905,66.7308,74.0,64.28841,71.56815,70.83078,66.7308,67.91171,73.00685,61.61169,68.41053,54.12024,66.09841,62.36986,62.8172,60.41523,61.61169,59.48109,59.77458,57.07013,63.89053,66.21933,62.62587,63.89053,56.30275,55.71355,58.69412,57.00877,51.5461,58.87274,55.02727,52.20153,53.48832,58.18935,44.28318,54.08327,51.86521,49.98
8.60233,8.60233,8.06226,9.43398,8.94427,8.60233,8.94427,8.94427,9.43398,8.94427,9.43398,8.94427,8.94427,8.94427,8.94427,8.94427,8.94427,8.06226,8.06226,7.61577,8.06226,8.06226,8.06226,8.544,8.544,8.544,7.61577,7.61577,8.544,7.61577,7.61577,7.61577,7.61577,7.61577,8.06226,7.2111,8.06226,7.2111,7.2111,7.2111,6.40312,6.40312,5.83095,5.83095,6.40312,5.0,5.65685,5.65685,5.65685,5.65685,5.0,5.0,45.70558,41.0,43.10452,41.04875,47.01064,45.17743,42.0119,43.01163,42.57934,43.18565,43.17407,41.30375,49.16299,44.18144,42.19005,47.07441,48.50773,44.40721,45.39824,44.28318,50.01,45.70558,38.63936,44.72136,41.0,43.28972,41.7732,45.35416,40.02499,41.97618,37.21559,43.73786,35.69314,43.01163,38.07887,39.62323,36.87818,33.24154,33.37664,45.70558,40.11234,39.20459,35.12834,38.47077,33.01515,37.01351,35.22783,32.0,31.01612,31.01612,29.42788,29.01724,29.01724,27.29469,28.44293,32.06244,27.20294,41.34005,42.95346,40.24922,43.65776,47.43416,48.38388,50.44799,50.9902,59.84146,57.55867,59.07622,62.28965,65.12296,65.00769,66.1211,64.62971,72.00694,65.49046,63.63961,62.8172,64.28841,70.60453,66.09841,67.44627,68.35203,70.34202,66.48308,69.07966,62.76942,65.78754,60.16644,61.09828,60.92618,55.02727,62.6099,62.03225,59.46427,60.08328,60.44005,65.14599,60.08328,63.95311,55.65968,58.24946,55.08176,56.04463,56.921,54.57105,53.93515,55.31727,52.63079,57.27128,60.87693,51.92302,53.46027,48.27007,49.0306
8.60233,8.60233,9.21954,9.21954,9.21954,7.81025,8.48528,8.48528,9.21954,9.21954,9.21954,9.89949,9.21954,9.21954,8.48528,9.89949,8.48528,8.48528,8.48528,8.48528,8.48528,8.48528,7.81025,8.48528,8.48528,8.48528,8.48528,8.48528,8.48528,7.81025,7.81025,7.81025,8.48528,7.81025,7.81025,7.81025,7.81025,7.2111,7.2111,7.2111,7.2111,6.40312,7.2111,5.83095,5.83095,5.83095,5.83095,5.83095,5.38516,5.38516,5.38516,5.38516,46.32494,41.59327,42.75512,41.4367,43.41659,40.11234,42.0119,44.0,41.04875,38.11824,39.11521,39.05125,43.01163,40.1995,39.05125,37.85499,43.18565,44.28318,42.10701,39.11521,37.01351,39.20459,38.32754,39.05125,35.01428,39.0,39.01282,40.79216,38.0526,44.14748,36.49658,40.0125,42.29657,38.32754,34.36568,38.11824,39.0,42.0119,35.12834,37.21559,34.0147,31.01612,36.12478,36.01389,30.59412,33.13608,31.7805,29.61419,27.51363,25.4951,25.0,22.56103,28.16026,24.69818,27.20294,25.4951,22.2036,40.45986,41.40048,41.88078,49.39636,43.909,45.69464,46.8188,51.07837,56.30275,57.58472,58.94065,60.44005,67.6757,67.08204,68.46897,62.00806,72.33948,65.00769,66.0,68.35934,66.27217,74.1485,66.48308,66.37017,71.06335,70.03571,67.18631,68.96376,65.96969,68.65858,59.77458,67.72001,63.24555,60.16644,64.84597,62.0967,58.94065,57.87055,59.03389,66.09841,62.64184,60.44005,60.87693,66.4906,52.88667,52.20153,59.46427,55.08176,59.20304,57.28001,57.07013,54.91812,56.0803,51.5461,57.27128,52.39275,50.92151
7.81025,7.81025,8.48528,7.81025,7.81025,7.81025,8.48528,7.81025,8.48528,7.81025,8.48528,7.81025,8.48528,7.81025,7.81025,9.21954,7.81025,7.81025,7.81025,7.81025,7.81025,7.81025,7.81025,7.81025,7.81025,7.81025,7.2111,7.81025,7.2111,7.2111,6.40312,7.2111,7.2111,6.40312,6.40312,7.07107,7.07107,6.40312,5.65685,5.65685,5.65685,5.65685,5.65685,5.65685,5.65685,5.0,5.0,5.0,5.0,5.0,4.47214,4.47214,46.87217,44.10215,40.31129,44.72136,43.65776,40.31129,45.60702,47.80167,40.31129,40.16217,40.79216,45.54119,48.27007,48.6621,41.97618,43.56604,47.07441,43.93177,40.80441,42.57934,48.37355,47.29693,39.31921,44.72136,40.26164,41.30375,39.29377,39.31921,43.17407,43.04649,40.31129,40.79216,43.41659,41.10961,39.11521,36.68787,39.81206,40.79216,39.21734,39.21734,42.75512,38.8973,32.89377,35.69314,31.38471,35.8469,34.78505,35.1141,29.96665,29.96665,29.54657,23.76973,26.62705,24.69818,27.78489,25.4951,26.07681,41.4367,39.45884,46.38965,47.04253,46.04346,49.0102,51.0392,54.14795,59.3043,60.41523,64.93843,60.20797,70.0928,64.28841,62.03225,69.35416,72.09022,70.66116,65.30697,73.92564,69.89278,77.38863,74.06079,72.67049,72.00694,73.82412,67.47592,65.19202,65.94695,68.41053,66.21933,65.19202,69.6563,63.12686,64.3506,62.80127,64.03124,67.6757,63.25346,62.80127,57.48913,64.66065,59.03389,63.00794,52.69725,58.18075,60.74537,60.74537,56.85948,58.41233,53.82379,54.91812,53.60037,53.00943,56.35601,55.75841,57.80138
8.24621,8.24621,8.544,8.24621,8.24621,8.24621,8.544,8.544,8.544,8.544,8.544,8.544,8.544,8.544,8.544,8.544,8.544,8.544,8.544,8.544,7.61577,7.61577,7.61577,7.61577,8.544,7.61577,7.61577,7.61577,7.61577,7.61577,7.28011,7.61577,7.61577,7.28011,7.28011,7.28011,7.28011,6.32456,6.08276,6.08276,6.08276,7.07107,6.08276,6.08276,6.08276,6.08276,6.0,5.0,6.0,6.0,6.08276,5.09902,36.87818,41.7732,47.63402,37.21559,36.71512,43.82921,36.67424,44.41846,38.07887,42.37924,41.23106,43.65776,40.49691,39.92493,43.82921,43.32436,47.16991,42.37924,39.56008,45.88028,48.76474,41.4367,43.08132,41.78516,38.48376,41.18252,38.62642,39.0,42.54409,40.80441,38.60052,43.86342,32.69557,45.31004,33.73426,41.78516,33.12099,38.07887,36.23534,33.83785,34.17601,39.44617,30.0,33.42155,31.62278,31.40064,32.64966,30.41381,35.0,30.23243,30.80584,26.41969,27.65863,23.34524,27.01851,27.58623,28.42534,34.1321,44.28318,41.30375,50.01,43.68066,50.69517,50.96077,50.59644,59.23681,53.85165,59.03389,62.17717,68.8767,64.3506,67.00746,64.81512,76.27582,65.8559,68.593,70.03571,69.35416,75.74299,67.89698,71.70077,73.10951,70.71068,66.8431,70.43437,62.1289,73.81734,55.0,66.24198,68.24222,58.41233,64.2028,62.482,56.72742,61.07373,61.22091,63.25346,59.64059,58.89822,66.4003,56.85068,56.22277,63.63961,55.97321,60.44005,53.75872,54.08327,53.03772,54.48853,55.60576,47.50789,54.20332,54.03702,46.66905
8.60233,9.21954,9.21954,9.21954,9.21954,9.21954,8.48528,8.48528,9.21954,8.48528,9.21954,9.89949,9.21954,9.21954,9.21954,9.21954,9.21954,8.48528,8.48528,8.48528,8.48528,8.48528,7.81025,8.48528,8.48528,8.48528,8.48528,8.48528,8.48528,7.81025,8.48528,7.81025,8.48528,7.81025,7.07107,7.07107,7.81025,7.2111,7.2111,7.2111,6.40312,6.40312,6.40312,6.40312,6.40312,5.83095,5.83095,5.83095,5.83095,5.38516,5.38516,5.38516,42.04759,39.92493,42.95346,40.26164,38.63936,43.41659,40.11234,40.79216,38.20995,41.0,42.0,43.01163,47.04253,42.0119,40.4475,41.0,50.0,46.09772,44.01136,39.11521,45.01111,39.01282,41.10961,44.01136,40.04997,43.0,36.05551,41.04875,42.0119,39.20459,36.01389,40.0125,41.10961,39.01282,38.11824,38.0,38.20995,39.05125,38.01316,31.257,28.01785,34.52535,34.23449,34.23449,30.26549,33.01515,29.96665,30.59412,28.4605,28.63564,26.40076,25.70992,27.51363,28.23119,28.4605,23.25941,25.23886,38.8973,41.97618,41.97618,47.07441,45.54119,49.09175,48.37355,52.23983,60.0,62.0,58.07753,57.07889,67.1193,69.05071,65.51336,61.68468,68.68042,62.29767,64.51356,67.23095,70.68239,76.05919,64.40497,71.55418,73.34848,70.26379,66.88797,72.67049,62.76942,68.47627,55.47071,64.49806,67.1193,60.41523,61.91123,58.18075,56.35601,61.05735,57.80138,64.84597,62.26556,56.35601,56.82429,63.52952,55.9464,55.47071,55.9017,56.36488,54.23099,55.9017,52.39275,48.70318,54.20332,46.52956,50.15974,58.69412,48.76474
7.81025,7.07107,7.81025,7.81025,7.81025,7.81025,7.81025,7.81025,7.81025,7.81025,7.81025,7.81025,7.81025,7.81025,7.81025,8.60233,7.2111,7.81025,7.2111,7.81025,7.81025,7.2111,7.2111,7.2111,7.81025,7.2111,7.2111,7.2111,7.2111,7.2111,6.40312,6.40312,6.40312,6.40312,6.40312,6.40312,6.40312,5.65685,5.65685,5.65685,5.65685,5.65685,5.65685,5.0,5.0,4.24264,5.0,5.0,5.0,5.0,4.47214,4.47214,47.07441,50.01,44.18144,43.73786,40.11234,40.4475,46.01087,49.16299,43.01163,47.01064,41.01219,41.04875,51.35173,50.08992,41.04875,44.40721,51.0392,44.10215,46.04346,47.09565,47.04253,46.09772,44.40721,46.01087,45.01111,43.18565,41.0,45.17743,45.09989,41.0,39.01282,36.05551,44.10215,39.11521,35.22783,40.04997,41.0,39.05125,38.01316,35.12834,36.05551,35.0571,36.0,39.01282,32.98485,31.40064,26.68333,30.26549,31.40064,28.01785,27.45906,25.01999,27.16616,27.51363,29.12044,24.73863,26.0,39.21734,36.49658,44.14748,46.52956,45.39824,47.04253,48.25971,54.14795,58.03447,61.03278,57.00877,62.07254,68.18358,66.28725,66.28725,68.15424,70.60453,71.16881,65.14599,65.55151,70.38466,74.32362,69.83552,72.00694,71.69379,67.53518,63.81222,66.03787,69.33974,63.95311,58.66856,64.49806,66.37017,63.07139,66.37017,58.66856,60.37384,63.63175,59.94164,59.48109,56.35601,68.47627,59.48109,60.16644,52.3259,59.23681,54.08327,56.0803,55.54278,60.41523,52.0,52.55473,52.3259,49.39636,56.85948,46.48656,49.24429
8.48528,8.48528,8.60233,9.21954,8.60233,7.81025,8.60233,8.60233,8.60233,8.60233,9.21954,8.60233,8.60233,8.60233,7.81025,9.43398,8.60233,8.60233,8.06226,7.2111,7.2111,8.06226,7.81025,8.06226,8.06226,8.06226,8.06226,8.06226,8.06226,8.06226,7.2111,7.2111,7.2111,7.2111,7.2111,7.2111,7.81025,6.40312,6.40312,6.40312,6.40312,6.40312,6.40312,5.65685,5.65685,5.0,5.65685,5.65685,5.65685,5.65685,5.0,5.0,45.88028,40.8534,41.0,44.91102,43.41659,44.40721,39.45884,44.10215,41.30375,48.04165,44.0,43.01163,47.0,42.04759,49.16299,44.40721,48.01042,45.04442,43.28972,45.01111,49.36598,43.01163,41.04875,41.10961,40.0125,41.01219,42.04759,43.04649,41.01219,41.19466,39.11521,42.10701,34.0147,44.18144,40.60788,37.05401,36.0,40.0125,39.01282,36.12478,36.05551,39.01282,33.06055,32.75668,33.06055,35.12834,36.87818,27.45906,33.73426,30.41381,30.41381,29.41088,23.76973,25.0,25.96151,28.79236,28.63564,40.02499,45.12206,41.30375,47.26521,42.19005,53.08484,49.09175,55.03635,56.0803,55.7315,63.95311,61.98387,69.05071,64.77654,61.68468,60.74537,76.24303,60.00833,70.00714,66.21178,65.0,67.08204,69.35416,71.86793,69.35416,72.94518,61.29437,67.20119,64.63745,68.8186,57.68882,66.61081,65.19202,55.75841,65.45991,60.03332,59.9333,61.7171,56.35601,61.77378,56.60389,60.41523,61.77378,53.66563,59.9333,58.18075,55.54278,55.36244,49.76947,53.22593,54.12947,51.07837,54.58938,46.61545,53.85165,54.81788,42.72002
7.61577,7.61577,8.06226,7.61577,7.61577,7.61577,8.06226,8.06226,8.06226,8.06226,8.06226,8.06226,8.06226,8.06226,6.7082,8.06226,7.2111,7.2111,7.2111,7.2111,6.7082,7.2111,6.7082,7.2111,7.2111,7.2111,7.2111,7.2111,7.2111,7.2111,5.83095,6.7082,5.83095,5.83095,6.7082,6.7082,6.7082,5.38516,5.83095,5.38516,5.38516,5.38516,5.38516,4.47214,5.09902,4.47214,4.12311,4.12311,4.12311,4.12311,4.0,4.0,50.20956,48.9183,44.20407,44.10215,48.37355,47.50789,44.77723,48.8467,41.67733,43.38202,45.31004,42.72002,44.28318,42.37924,44.59821,46.8188,45.69464,44.77723,41.23106,44.94441,46.48656,44.27189,41.76123,41.76123,43.32436,39.81206,40.80441,41.97618,36.67424,41.48494,41.10961,40.79216,39.39543,42.15448,39.29377,35.34119,37.36308,38.62642,35.8469,34.53983,38.60052,37.0,34.17601,37.12142,31.01612,33.54102,33.61547,29.52965,30.52868,30.46309,27.313,31.38471,24.83948,25.80698,28.01785,32.55764,25.6125,41.10961,42.95346,44.72136,47.43416,47.16991,47.01064,49.98,54.23099,60.03332,56.35601,56.0803,61.29437,68.96376,66.4003,65.60488,65.8559,70.17834,69.42622,67.17887,68.62215,66.21933,73.40981,62.00806,69.81404,71.84706,66.06815,67.1193,67.41662,65.36819,66.0303,56.61272,65.73431,65.19202,61.40033,64.63745,64.66065,58.41233,64.40497,54.40588,66.0303,64.89992,62.28965,57.38467,64.03124,60.30755,52.34501,57.48913,62.28965,53.8145,58.72819,55.17246,55.17246,54.67175,50.32892,52.34501,52.34501,52.40229
7.81025,7.81025,8.06226,8.60233,7.81025,7.81025,8.60233,8.06226,8.60233,7.2111,8.60233,8.60233,8.60233,8.06226,7.2111,8.60233,8.06226,7.2111,7.2111,7.2111,7.2111,7.2111,7.2111,7.2111,7.2111,7.2111,7.2111,7.2111,7.2111,6.7082,6.40312,6.7082,6.7082,5.83095,7.2111,6.40312,6.40312,6.40312,5.65685,6.40312,5.65685,5.65685,5.65685,5.65685,4.24264,4.24264,4.24264,4.24264,4.24264,5.0,4.47214,4.47214,46.09772,40.8534,46.38965,47.85394,44.72136,39.45884,41.30375,43.56604,41.04875,42.04759,43.04649,45.04442,46.09772,44.01136,44.28318,44.18144,46.04346,41.04875,44.01136,42.19005,44.01136,43.10452,40.1995,43.04649,37.0,41.10961,40.4475,40.04997,38.01316,43.01163,39.05125,42.10701,36.01389,36.12478,37.33631,38.0526,35.12834,38.32754,37.01351,34.0147,37.01351,37.12142,34.1321,28.0,31.14482,35.22783,31.57531,25.4951,27.29469,27.16616,27.29469,25.70992,24.08319,22.56103,23.76973,27.85678,27.313,41.76123,41.0,43.56604,46.38965,46.38965,46.01087,50.24938,53.08484,59.00847,55.14526,61.0,62.39391,67.60178,67.26812,68.88396,66.76077,73.08215,67.06713,61.98387,66.48308,64.88451,72.49828,64.88451,67.53518,72.40166,69.77105,71.56116,65.0,63.51378,69.97142,58.5235,65.73431,59.5399,59.5399,65.51336,62.6099,57.69749,62.6099,58.13777,64.00781,61.77378,60.16644,57.70615,56.85948,56.0803,59.77458,58.69412,57.38467,55.03635,52.92447,50.53712,54.08327,55.03635,50.92151,51.26402,45.88028,50.15974
8.544,8.06226,8.06226,8.94427,8.06226,8.06226,8.06226,8.06226,8.06226,8.06226,8.94427,8.60233,8.94427,8.06226,8.06226,8.60233,8.60233,8.06226,8.60233,8.06226,8.06226,8.06226,7.2111,8.06226,8.06226,7.2111,7.2111,8.06226,7.2111,7.2111,7.2111,7.2111,7.2111,7.2111,7.2111,7.2111,6.7082,6.7082,6.7082,6.7082,6.7082,5.83095,6.32456,5.83095,5.38516,5.38516,5.38516,5.38516,5.38516,5.09902,5.09902,5.09902,48.01042,48.01042,46.14109,45.27693,41.67733,42.95346,42.72002,48.46648,37.36308,43.46263,37.12142,41.23106,47.75982,46.17359,43.32436,37.94733,48.10405,43.86342,42.15448,44.01136,43.65776,39.56008,44.14748,43.32436,38.62642,42.72002,38.48376,43.9659,39.39543,45.88028,35.4683,36.68787,41.10961,43.01163,35.73514,37.94733,35.1141,38.07887,40.49691,30.8707,34.43835,30.80584,35.35534,37.16181,34.88553,30.46309,31.06445,33.54102,25.6125,24.69818,23.32381,25.55386,22.84732,29.83287,26.24881,26.90725,27.80288,45.04442,44.10215,47.01064,49.09175,49.0306,52.20153,55.31727,53.45091,56.32051,62.64982,64.41273,64.41273,68.8767,69.83552,69.06519,70.21396,72.42237,68.68042,69.02898,68.68042,71.42129,72.91776,75.00667,76.48529,76.05919,71.42129,67.00746,66.06815,69.40461,73.75636,58.0517,73.24616,68.24954,61.40033,71.21798,64.53681,61.84658,65.19202,62.24147,67.88225,64.44377,65.05382,64.3506,64.38167,57.48913,60.82763,56.58622,53.74012,55.17246,58.0,56.56854,56.63921,59.46427,53.75872,53.03772,58.72819,53.2635
7.81025,8.60233,8.06226,8.60233,8.60233,8.60233,8.60233,8.60233,8.60233,8.06226,9.43398,8.94427,8.06226,8.06226,8.06226,8.94427,8.06226,8.06226,8.06226,8.06226,8.06226,8.06226,7.2111,7.61577,8.06226,8.06226,8.06226,8.06226,7.61577,8.06226,6.7082,7.2111,6.7082,6.7082,7.2111,6.40312,7.2111,5.83095,5.83095,5.83095,6.40312,6.40312,5.83095,5.0,5.65685,5.0,5.65685,5.0,5.65685,5.0,5.0,5.0,43.86342,44.01136,46.09772,42.72002,43.28972,41.59327,41.7732,38.32754,41.30375,43.18565,43.56604,45.04442,50.0,45.09989,43.01163,47.04253,47.04253,43.0,40.0,49.16299,48.16638,45.09989,37.21559,41.04875,41.7732,40.04997,41.10961,41.19466,40.04997,43.56604,37.0,41.04875,38.0526,39.01282,39.11521,40.0125,36.34556,36.01389,35.22783,35.01428,36.12478,36.67424,34.71311,35.0571,28.07134,36.22154,28.16026,31.04835,32.28002,28.86174,28.16026,30.80584,28.44293,22.84732,24.69818,26.57066,28.17801,44.01136,43.65776,44.64303,49.72927,52.20153,51.1957,54.45181,55.14526,57.21888,61.0082,62.00806,64.03124,72.00694,65.27634,64.53681,71.58911,73.34848,73.08215,70.21396,69.64194,68.44706,74.84651,76.15773,72.61543,72.49828,73.05477,68.47627,67.1193,65.36819,68.0,64.41273,64.49806,69.83552,61.26989,65.36819,64.49806,59.9333,64.4748,57.77543,63.50591,63.52952,65.79514,63.15853,63.07139,61.26989,58.60034,60.37384,60.53924,52.3259,56.64804,51.88449,50.92151,54.42426,53.7122,54.23099,50.28916,52.55473
8.06226,7.2111,7.81025,7.81025,7.81025,7.2111,7.81025,7.81025,7.81025,7.81025,8.60233,7.81025,7.81025,7.81025,7.81025,8.48528,7.81025,7.81025,7.07107,7.07107,7.07107,7.07107,7.2111,7.07107,7.07107,7.07107,7.07107,7.07107,7.07107,7.07107,6.40312,6.40312,7.07107,5.65685,6.40312,6.40312,6.40312,6.40312,5.83095,5.83095,5.83095,5.83095,5.83095,5.0,5.0,5.0,5.38516,5.0,5.38516,5.38516,5.09902,5.09902,38.07887,39.81206,42.15448,39.21734,38.83298,39.29377,41.59327,44.55334,39.62323,38.32754,44.18144,43.10452,42.29657,41.19466,43.73786,41.04875,41.30375,40.31129,41.10961,45.04442,44.01136,40.31129,43.04649,41.4367,38.0526,39.45884,37.33631,43.28972,36.22154,42.29657,38.01316,40.0,37.48333,35.0,35.12834,32.24903,37.01351,32.24903,35.12834,35.35534,33.13608,36.12478,33.24154,30.26549,31.06445,32.98485,32.75668,30.59412,28.44293,28.4605,29.12044,24.5153,24.73863,25.63201,24.35159,26.0,24.41311,36.0,42.19005,43.0,43.04649,48.16638,50.48762,48.50773,53.15073,56.7186,57.28001,62.0967,61.13101,67.6757,61.46544,64.88451,66.64083,72.89719,67.41662,67.74216,67.80118,65.43699,71.21798,68.60029,70.0,68.593,71.86793,65.19202,67.35726,66.46804,69.42622,59.39697,67.89698,64.3506,56.85068,63.89053,60.30755,59.20304,62.62587,58.00862,62.00806,56.85068,64.2028,64.40497,58.24946,60.0,53.00943,52.43091,58.5235,49.09175,53.60037,52.80152,51.31277,52.20153,52.47857,53.7122,51.42956,44.94441
8.24621,8.06226,8.0,9.05539,8.06226,9.05539,9.05539,9.0,9.05539,8.0,9.05539,9.05539,9.05539,8.06226,8.06226,9.0,9.0,8.0,8.0,8.0,8.0,8.0,7.0,8.0,8.0,8.0,8.0,8.0,8.0,7.0,7.0,7.0,7.0,7.0,7.0,6.08276,7.07107,7.07107,6.08276,7.07107,6.08276,6.08276,6.08276,6.08276,6.08276,5.09902,5.09902,5.09902,5.09902,5.09902,5.38516,4.47214,43.18565,43.93177,37.33631,41.76123,42.72002,43.01163,43.41659,44.01136,38.91015,43.38202,43.46263,44.29447,47.01064,40.71855,45.31004,45.17743,44.77723,42.43819,36.24914,48.75449,46.06517,41.14608,38.83298,42.05948,39.35734,38.94868,39.44617,36.89173,39.35734,41.14608,38.94868,34.9285,38.07887,39.44617,39.40812,34.0,34.88553,34.1321,34.48188,33.10589,36.24914,35.44009,32.89377,34.9285,31.01612,33.52611,30.59412,28.63564,27.89265,31.32092,28.44293,27.29469,28.16026,29.73214,25.96151,28.07134,27.01851,43.01163,41.04875,44.65423,43.41659,46.32494,47.88528,50.69517,50.08992,56.0803,59.46427,60.08328,59.48109,67.05222,66.91039,62.28965,70.34913,70.45566,67.26812,64.19502,71.00704,67.02984,73.06162,72.33948,72.1734,68.593,71.02816,65.62012,63.78871,63.50591,66.37017,62.96825,62.80127,64.28063,59.13544,66.18912,64.38167,61.40033,64.38167,58.21512,66.0303,59.07622,65.12296,58.21512,58.03447,57.0,56.0803,58.00862,57.03508,55.00909,53.08484,53.0,52.34501,48.04165,46.04346,50.24938,44.01136,45.89118
7.2111,7.07107,7.07107,7.81025,7.07107,7.07107,7.81025,7.07107,7.07107,7.07107,7.07107,7.81025,7.81025,7.07107,7.07107,7.81025,7.81025,6.40312,7.07107,6.40312,6.40312,6.40312,5.65685,7.2111,6.40312,6.40312,6.40312,6.40312,6.40312,5.83095,6.40312,6.40312,6.40312,5.65685,5.65685,5.65685,5.65685,5.65685,5.65685,5.65685,5.0,5.0,5.0,4.24264,4.24264,4.24264,4.47214,4.47214,4.47214,4.47214,4.47214,4.12311,52.88667,45.69464,45.54119,45.88028,49.81967,39.05125,40.4475,48.6621,45.17743,44.55334,43.01163,43.41659,47.16991,47.26521,45.70558,43.01163,48.50773,48.01042,47.09565,41.19466,51.08816,41.19466,41.0,38.0,45.0,43.04649,40.11234,43.10452,41.04875,42.0119,37.05401,39.05125,36.01389,41.0,35.0,40.11234,37.21559,36.01389,42.57934,36.12478,38.63936,35.44009,34.71311,34.1321,34.9285,24.08319,28.4605,30.67572,27.20294,26.24881,27.45906,25.70992,30.59412,25.63201,26.24881,26.92582,24.59675,41.59327,39.20459,41.04875,47.01064,45.09989,51.08816,49.0408,52.23983,58.30952,57.07013,59.90826,58.85576,68.06614,68.30813,68.70953,62.96825,73.53911,66.24198,68.09552,67.1193,69.11584,75.16648,66.03787,72.67049,72.62231,69.33974,70.83784,69.52697,66.06815,71.70077,56.40035,66.70832,61.84658,61.85467,67.47592,60.21628,59.90826,63.24555,58.41233,64.2028,65.73431,58.59181,61.29437,60.53924,51.31277,52.00961,57.14018,58.59181,54.58938,55.00909,55.75841,53.33854,60.20797,46.61545,52.83938,53.31041,50.69517
7.07107,7.07107,7.28011,7.28011,7.28011,7.28011,7.28011,7.28011,7.28011,7.28011,7.28011,7.28011,7.28011,7.28011,7.28011,7.28011,6.32456,6.32456,6.32456,6.32456,6.32456,6.32456,6.32456,6.32456,6.32456,6.32456,6.32456,6.32456,6.32456,6.32456,6.32456,6.32456,6.32456,6.08276,5.38516,5.09902,6.08276,5.09902,5.09902,5.0,5.0,5.0,5.0,4.0,4.0,4.0,4.0,4.0,4.0,4.12311,4.12311,4.12311,43.60046,42.43819,42.0119,38.8973,43.18565,44.68781,44.94441,41.88078,41.34005,41.23106,36.61967,40.0,47.20169,43.56604,42.05948,40.24922,48.30114,47.50789,44.10215,44.40721,45.61798,46.32494,37.57659,40.24922,39.66106,37.21559,40.81666,38.48376,40.31129,43.04649,35.77709,37.12142,45.17743,36.24914,38.48376,34.82815,38.58756,36.35932,36.05551,29.06888,31.90611,33.01515,29.83287,34.66987,28.28427,32.55764,23.85372,32.64966,25.4951,24.75884,25.4951,24.75884,29.41088,26.90725,26.1725,26.62705,20.59126,42.05948,37.33631,43.65776,42.15448,47.42362,47.88528,49.1935,50.60632,60.46487,61.03278,62.62587,59.81639,68.8186,66.70832,65.79514,67.35726,68.88396,71.61006,62.20129,70.17834,66.24198,74.09453,73.3553,68.24222,73.82412,71.11962,67.54258,63.15853,67.08204,66.7308,62.16912,59.9333,65.30697,59.9333,60.92618,65.8635,58.18075,58.24946,58.82176,64.3506,58.13777,61.05735,55.56978,61.61169,51.10773,57.2014,59.05929,54.3783,54.81788,57.14018,53.2635,57.00877,56.60389,48.54894,50.44799,50.9902,48.82622
7.0,7.07107,7.07107,8.06226,7.07107,7.07107,7.28011,7.28011,7.28011,7.28011,8.06226,8.24621,8.06226,7.07107,7.07107,8.24621,7.28011,7.28011,7.28011,7.28011,7.28011,6.32456,6.32456,7.28011,6.08276,7.28011,6.32456,6.32456,6.32456,6.32456,6.08276,6.32456,6.32456,6.08276,6.32456,6.08276,6.08276,5.09902,5.09902,5.0,5.09902,5.09902,5.0,4.0,4.0,4.12311,4.0,4.0,4.0,4.0,4.12311,4.12311,41.86884,39.05125,48.10405,36.61967,41.34005,43.01163,37.58989,47.43416,40.22437,41.04875,40.31129,41.59327,44.94441,39.35734,45.17743,47.16991,49.64877,44.77723,44.77723,44.72136,42.72002,44.01136,42.15448,40.16217,43.82921,42.04759,43.38202,42.15448,39.39543,40.16217,40.49691,37.64306,40.70626,36.40055,36.40055,36.76955,37.57659,38.01316,40.81666,33.24154,34.53983,38.07887,35.51056,31.06445,32.44996,30.23243,34.66987,30.01666,25.94224,25.80698,26.07681,25.05993,24.69818,26.24881,26.24881,25.0,23.43075,44.27189,42.04759,43.38202,48.76474,47.50789,50.47772,50.11986,56.60389,61.03278,59.5483,63.03174,60.1415,69.42622,65.29931,66.4003,66.8431,78.56844,68.50547,67.42403,70.45566,74.09453,72.20111,69.46222,70.71068,77.41447,73.06162,63.50591,67.54258,67.1193,70.23532,57.80138,66.85058,68.88396,64.41273,65.30697,57.3062,60.03332,62.26556,58.66856,66.88797,60.41523,60.21628,60.90156,60.90156,55.75841,57.2014,55.47071,55.44367,54.48853,58.00862,57.2014,55.44367,55.80323,46.61545,56.0803,56.0803,49.49747
7.2111,7.2111,8.06226,7.2111,8.06226,7.2111,8.06226,6.7082,7.61577,7.61577,8.06226,8.06226,8.06226,7.2111,7.2111,7.61577,6.7082,6.7082,6.7082,6.7082,6.7082,6.7082,6.7082,6.7082,6.7082,6.7082,6.32456,6.7082,6.7082,6.32456,5.83095,6.7082,6.7082,5.83095,6.32456,5.83095,5.83095,5.0,5.0,5.0,5.0,5.0,5.0,4.47214,4.47214,4.47214,4.47214,4.24264,4.24264,4.24264,3.60555,3.60555,44.64303,42.04759,44.04543,36.01389,39.11521,40.4475,42.10701,44.55334,38.47077,40.1995,38.32754,40.60788,44.28318,46.09772,42.95346,40.80441,45.88028,43.41659,40.5216,39.81206,43.68066,41.30375,40.80441,42.57934,42.57934,42.57934,38.83298,41.4367,33.73426,41.10961,37.36308,39.05125,37.94733,41.48494,33.61547,38.83298,41.97618,35.17101,38.47077,33.54102,30.41381,33.95585,32.55764,34.71311,35.0571,29.15476,32.06244,30.14963,25.4951,29.01724,22.09072,20.0,25.0,24.0,22.02272,25.0,21.09502,41.59327,38.07887,42.15448,46.48656,48.76474,53.60037,46.09772,49.16299,58.69412,60.67125,61.66036,63.1981,72.33948,67.0,68.35934,65.62012,70.25667,67.46851,69.87131,69.92138,68.96376,72.73239,67.05222,75.0,71.51224,73.4983,66.30988,71.86793,66.30988,73.73602,58.60034,68.54196,66.21178,66.12866,66.30988,61.46544,59.80803,63.32456,62.29767,66.48308,64.84597,58.5235,58.87274,61.40033,55.02727,56.75385,56.51548,56.30275,55.7853,55.54278,56.7186,55.31727,50.28916,47.75982,53.75872,47.67599,48.50773
7.81025,7.81025,7.81025,7.81025,8.48528,7.81025,8.48528,8.48528,8.48528,8.48528,8.48528,8.48528,8.48528,7.81025,7.07107,8.48528,7.81025,7.81025,7.07107,7.07107,7.07107,7.07107,7.07107,7.07107,7.07107,7.07107,7.07107,7.07107,7.07107,7.07107,6.40312,7.07107,6.40312,6.40312,5.65685,6.40312,6.40312,6.40312,5.65685,5.65685,5.83095,5.83095,5.0,5.0,5.0,5.0,4.47214,5.0,5.38516,4.47214,5.38516,5.09902,43.68066,43.28972,43.10452,40.31129,45.04442,41.01219,40.04997,40.0,41.04875,42.04759,45.04442,42.10701,46.27094,42.0119,44.04543,45.39824,45.04442,43.18565,41.10961,42.04759,47.09565,43.04649,40.31129,42.29657,37.05401,41.10961,39.45884,38.20995,37.65634,41.59327,38.32754,41.59327,38.20995,34.36568,36.87818,34.1321,35.01428,36.40055,33.54102,34.0,31.01612,37.21559,32.14032,34.23449,31.40064,33.01515,28.16026,31.06445,28.07134,30.41381,30.06659,24.33105,23.34524,24.0,23.76973,24.73863,24.73863,43.93177,39.62323,44.40721,48.09366,46.17359,53.00943,55.03635,56.14268,64.19502,60.29925,64.77654,62.39391,67.47592,72.78049,66.7308,66.85058,78.74643,73.1642,68.02941,69.35416,68.96376,75.66373,70.83078,74.30343,76.00658,70.21396,73.24616,69.89278,66.85058,70.72482,63.51378,68.7968,63.60031,62.20129,67.42403,69.33974,59.16925,64.14047,59.5399,66.64833,62.1289,61.32699,61.40033,57.24509,59.05929,58.30952,57.98276,55.4617,55.54278,54.12947,54.626,54.40588,56.46238,50.69517,55.97321,49.98,46.8188
8.06226,8.06226,7.61577,7.61577,8.544,7.61577,8.544,7.61577,8.544,7.61577,8.94427,8.544,8.544,8.544,7.61577,8.544,7.61577,7.61577,7.28011,7.61577,7.61577,7.28011,6.7082,7.28011,7.28011,7.28011,7.28011,7.28011,7.28011,7.28011,6.32456,6.32456,6.32456,6.32456,6.32456,6.7082,6.7082,5.83095,5.83095,5.38516,5.83095,5.83095,5.83095,5.0,5.0,4.47214,5.0,5.0,5.0,5.0,5.0,5.0,41.59327,46.32494,47.12749,46.32494,47.01064,39.39543,44.41846,44.41846,40.81666,42.05948,46.14109,46.87217,48.01042,47.85394,40.81666,47.01064,47.16991,41.88078,38.01316,44.82187,48.25971,43.82921,40.60788,37.53665,39.66106,42.2019,39.20459,41.03657,35.80503,39.82462,43.41659,41.04875,36.79674,36.12478,40.45986,35.4683,34.82815,36.87818,33.6006,39.40812,34.66987,36.67424,33.54102,33.61547,35.8469,32.20248,32.20248,32.80244,30.67572,26.83282,28.79236,28.4605,29.15476,30.67572,26.40076,27.20294,25.0,44.94441,40.70626,48.02083,46.06517,49.24429,51.86521,48.8467,54.12024,64.84597,60.87693,66.09841,64.13267,73.75636,67.26812,63.07139,69.26038,76.32169,75.00667,70.02857,70.06426,72.83543,71.70077,74.67262,70.71068,74.1485,75.42546,69.42622,65.11528,71.19691,69.42622,64.7611,64.13267,65.30697,63.63961,68.44706,62.64982,63.12686,61.52235,65.12296,62.39391,55.57877,62.07254,65.00769,59.13544,53.08484,58.21512,61.03278,52.00961,56.0,52.00961,53.08484,55.22681,54.03702,47.04253,54.33231,45.17743,53.03772
8.60233,8.60233,9.21954,8.60233,8.60233,8.60233,9.21954,9.21954,9.21954,9.21954,9.21954,9.21954,9.21954,9.21954,8.60233,9.21954,8.48528,7.81025,8.48528,8.48528,7.81025,8.48528,7.81025,8.48528,7.81025,7.07107,7.07107,8.48528,7.81025,7.81025,7.07107,7.81025,7.07107,7.07107,7.07107,7.07107,6.40312,6.40312,6.40312,6.40312,6.40312,6.40312,6.40312,5.65685,5.65685,5.0,5.83095,5.83095,5.83095,5.83095,5.38516,5.38516,43.46263,44.41846,47.85394,43.86342,41.78516,42.44997,40.4475,46.09772,39.62323,41.23106,39.29377,41.7732,46.27094,45.70558,41.97618,45.27693,47.85394,45.04442,40.31129,41.23106,42.57934,41.7732,36.01389,40.60788,41.7732,41.0,39.31921,40.1995,39.29377,36.12478,35.22783,36.67424,37.65634,36.05551,32.06244,35.69314,37.21559,37.12142,31.40064,29.12044,34.20526,30.80584,30.08322,31.32092,33.24154,32.28002,29.06888,31.38471,24.16609,29.54657,29.54657,23.25941,25.4951,24.59675,23.32381,26.07681,19.84943,43.28972,42.10701,42.19005,51.0,49.0102,52.08647,48.25971,54.45181,60.67125,60.41523,60.87693,64.03124,67.72001,68.00735,67.77905,67.62396,74.84651,70.23532,66.18912,69.33974,73.4983,73.00685,73.00685,72.94518,72.67049,71.02112,69.52697,68.76772,69.52697,68.8186,61.6198,65.19202,62.80127,63.60031,66.21933,62.20129,57.62812,60.80296,56.61272,62.42596,57.48913,61.05735,58.60034,57.45433,52.69725,60.46487,57.45433,53.85165,52.69725,56.93856,54.91812,52.7731,52.47857,51.10773,52.35456,51.47815,48.33218
8.544,8.06226,8.94427,8.94427,8.94427,8.06226,8.06226,8.06226,8.06226,8.06226,8.94427,8.06226,8.94427,8.06226,8.06226,8.06226,8.06226,8.06226,7.2111,7.2111,7.2111,7.2111,7.2111,7.2111,8.06226,7.2111,7.2111,7.2111,7.2111,7.2111,6.7082,7.2111,7.2111,7.2111,5.83095,5.83095,6.7082,6.32456,6.32456,5.38516,5.38516,5.38516,5.38516,5.38516,5.38516,5.38516,5.38516,5.09902,5.09902,5.09902,5.09902,4.12311,44.65423,46.64762,44.77723,41.14608,45.65085,44.77723,46.06517,45.18849,42.37924,41.78516,43.32436,38.01316,44.92215,38.62642,41.59327,38.07887,44.59821,43.08132,40.8534,41.23106,43.68066,39.56008,36.13862,40.26164,38.62642,37.94733,36.76955,37.10795,36.05551,37.64306,31.95309,35.73514,37.64306,37.10795,32.28002,34.43835,37.10795,40.26164,34.9285,30.8707,31.01612,29.06888,32.31099,28.16026,33.10589,27.20294,27.80288,31.38471,23.25941,23.85372,23.60085,25.6125,27.20294,22.47221,23.02173,20.61553,22.82542,43.0,41.19466,45.01111,45.17743,46.32494,48.83646,49.24429,51.92302,63.32456,57.87055,60.00833,61.84658,67.77905,70.26379,69.97142,71.86793,69.11584,64.40497,68.7968,70.21396,64.03124,73.87828,67.89698,68.593,70.72482,73.0,64.66065,68.0147,67.94115,69.31089,60.1415,65.8559,65.76473,60.10824,61.52235,63.65532,62.2254,64.3506,61.7171,61.55485,62.96825,63.03174,59.4138,64.40497,56.72742,62.1289,60.0,53.8145,55.47071,58.13777,56.72742,55.0,56.22277,50.60632,56.40035,50.80354,54.40588
8.48528,7.81025,7.81025,7.81025,7.81025,7.81025,7.81025,7.81025,7.81025,7.2111,7.81025,7.81025,7.81025,7.81025,7.07107,8.60233,7.2111,7.2111,6.40312,7.2111,6.40312,7.2111,6.40312,7.2111,7.2111,6.40312,6.40312,6.40312,6.40312,5.83095,5.83095,6.40312,5.83095,5.83095,6.40312,5.65685,5.65685,5.65685,5.65685,5.65685,5.0,5.0,5.65685,5.0,5.0,4.24264,5.0,5.0,5.0,4.47214,4.47214,4.12311,38.63936,41.23106,49.0408,36.05551,44.18144,41.10961,39.11521,44.04543,37.12142,42.0119,43.17407,40.4475,44.55334,41.7732,42.42641,43.9659,41.4367,41.23106,36.34556,41.19466,41.97618,41.7732,35.51056,34.52535,35.44009,36.49658,34.9285,41.48494,37.48333,39.81206,31.04835,35.35534,32.01562,37.48333,33.83785,33.95585,31.32092,30.80584,32.55764,33.54102,30.26549,33.06055,29.15476,32.38827,27.07397,32.0,27.29469,26.68333,30.01666,21.0238,22.02272,27.01851,23.0,23.19483,17.72005,22.80351,23.5372,42.94182,42.95346,42.15448,49.39636,44.27189,50.80354,52.88667,52.88667,59.90826,57.55867,62.07254,65.37584,67.26812,68.02941,69.46222,66.18912,76.32169,68.73136,72.44308,66.48308,67.68309,74.73286,69.857,71.56815,73.73602,75.50497,68.62215,73.37575,68.35203,70.83784,62.36185,66.48308,63.90618,62.93648,66.85058,64.56005,59.77458,66.40783,58.5235,69.64194,65.25335,61.40033,60.20797,62.80127,59.03389,66.75328,59.03389,61.81424,58.85576,56.04463,52.95281,51.92302,58.24946,50.96077,58.82176,55.9017,52.20153
8.60233,7.81025,8.48528,9.21954,9.21954,7.81025,8.48528,8.48528,8.48528,8.48528,9.21954,8.48528,9.21954,8.48528,8.48528,8.48528,8.48528,7.81025,8.48528,8.48528,7.81025,8.48528,7.07107,8.48528,7.81025,7.81025,7.81025,7.81025,8.48528,7.81025,7.07107,7.07107,7.07107,7.07107,7.07107,6.40312,7.07107,6.40312,6.40312,6.40312,6.40312,6.40312,6.40312,5.83095,5.83095,5.83095,5.83095,5.38516,5.38516,5.38516,5.38516,5.38516,40.81666,47.50789,42.54409,34.9285,41.23106,38.91015,41.62932,40.49691,42.37924,33.83785,38.07887,34.48188,45.12206,43.08132,42.05948,38.47077,47.12749,40.60788,35.44009,39.29377,40.80441,39.56008,35.90265,37.10795,33.95585,40.16217,36.05551,39.45884,38.07887,34.71311,34.23449,33.73426,36.87818,31.7805,32.28002,33.95585,37.85499,31.57531,32.57299,28.86174,30.59412,29.73214,31.62278,32.20248,26.92582,28.79236,25.94224,27.29469,23.76973,19.69772,23.4094,27.73085,17.88854,28.84441,20.24846,21.26029,25.45584,39.45884,42.19005,46.04346,44.04543,46.09772,46.52956,53.46027,51.62364,61.0,63.78871,60.87693,59.80803,67.72001,68.70953,66.21178,69.35416,70.26379,71.86793,66.37017,65.73431,66.21933,73.78347,76.40026,75.16648,70.29225,70.80254,67.17887,62.2254,68.593,69.81404,63.70243,64.3506,67.94115,60.20797,68.62215,61.84658,64.44377,66.8431,61.7171,63.41136,59.39697,68.11755,61.6198,64.81512,54.81788,56.60389,58.82176,55.60576,53.41348,60.80296,54.40588,50.80354,50.9902,57.38467,53.82379,50.47772,53.90733
7.81025,8.60233,8.06226,8.60233,8.60233,8.60233,8.06226,8.06226,8.06226,8.06226,8.60233,8.60233,8.60233,8.06226,8.06226,8.94427,8.06226,7.2111,8.06226,8.06226,7.2111,7.61577,7.2111,8.06226,8.06226,8.06226,7.61577,8.06226,7.61577,6.7082,6.7082,6.7082,6.7082,6.7082,6.7082,5.83095,6.40312,6.40312,5.83095,5.83095,5.65685,6.40312,5.83095,5.0,5.65685,5.0,5.0,5.0,4.24264,5.0,4.47214,4.47214,33.06055,45.17743,46.38965,37.01351,43.10452,34.05877,41.19466,42.0119,40.31129,39.62323,39.81206,40.60788,43.41659,39.31921,43.41659,42.44997,43.73786,43.56604,40.60788,43.28972,41.48494,37.65634,37.64306,36.40055,36.22154,39.05125,38.47077,37.85499,33.24154,37.36308,35.44009,39.45884,34.71311,33.24154,31.57531,33.52611,35.17101,31.57531,29.27456,35.12834,32.01562,31.06445,28.63564,29.06888,29.06888,33.01515,28.16026,30.01666,27.0,24.08319,28.0,26.01922,23.0,26.30589,23.08679,27.16616,24.69818,43.41659,43.38202,42.48529,47.01064,48.70318,49.72927,49.0408,53.14132,59.46427,58.5235,60.53098,62.39391,69.87131,65.19202,65.03076,70.00714,74.00676,69.06519,68.11755,70.5762,68.73136,77.92946,70.83078,73.24616,71.8401,73.34848,72.73239,68.68042,68.62215,65.52099,64.19502,68.15424,62.62587,60.87693,65.45991,65.25335,60.87693,60.40695,61.68468,63.06346,59.20304,65.25335,60.41523,61.0,57.97413,59.84146,58.69412,53.16014,56.88585,53.46027,50.96077,53.75872,57.97413,48.05206,53.23533,50.08992,47.38143
8.06226,8.06226,7.61577,8.544,7.61577,7.61577,7.61577,7.61577,7.61577,7.28011,8.544,8.24621,8.544,7.61577,7.28011,8.544,7.28011,7.28011,7.28011,7.28011,7.28011,7.28011,6.32456,7.28011,7.28011,7.28011,7.07107,7.28011,7.07107,6.08276,6.32456,7.07107,6.08276,6.32456,6.32456,6.32456,6.32456,5.38516,5.38516,5.38516,5.38516,5.38516,5.38516,4.47214,4.47214,4.47214,5.0,4.47214,5.0,5.0,5.0,4.24264,43.41659,45.35416,38.0,41.19466,51.0392,39.05125,46.52956,39.05125,40.0125,42.19005,41.19466,37.48333,48.04165,42.42641,36.49658,40.60788,45.54119,41.30375,39.20459,43.56604,37.21559,43.28972,37.33631,40.4475,38.07887,38.11824,38.11824,35.1141,34.36568,38.8973,34.36568,33.13608,36.05551,36.67424,34.9285,33.06055,31.40064,35.69314,31.0,33.24154,35.0,32.0,30.01666,32.24903,27.07397,31.06445,27.01851,33.0,26.01922,25.0,25.01999,25.31798,27.07397,26.07681,23.08679,23.5372,21.93171,47.12749,44.27189,43.17407,44.55334,47.85394,50.35871,47.09565,48.09366,60.07495,64.00781,60.03332,63.12686,71.00704,68.46897,72.27724,69.26038,70.03571,76.15773,63.89053,69.28925,67.06713,79.12016,69.857,66.48308,75.58439,72.23573,73.79024,65.74192,70.72482,67.74216,62.76942,69.33974,59.9333,60.37384,64.14047,65.76473,60.82763,62.76942,62.24147,66.18912,60.00833,64.2573,58.13777,60.53924,56.30275,59.16925,62.76942,56.46238,58.18075,62.03225,53.31041,57.56735,55.02727,46.32494,54.40588,46.48656,48.08326
8.60233,8.06226,8.94427,9.43398,8.94427,8.06226,8.94427,8.94427,8.94427,8.94427,8.94427,8.94427,8.94427,8.94427,8.06226,8.94427,8.544,7.61577,7.61577,8.06226,8.06226,8.544,7.61577,7.61577,7.61577,7.61577,7.61577,8.06226,7.61577,7.61577,6.7082,7.61577,6.7082,6.7082,7.61577,6.7082,6.7082,7.2111,5.83095,6.40312,6.40312,5.83095,6.40312,5.83095,5.83095,5.83095,5.65685,5.65685,5.65685,5.65685,5.65685,5.0,43.41659,46.01087,43.10452,38.20995,41.0,37.12142,44.92215,39.81206,42.72002,40.80441,37.94733,42.05948,43.68066,42.37924,41.0,40.70626,44.27189,45.22168,39.56008,38.62642,41.18252,36.05551,38.48376,37.57659,37.0,39.29377,36.76955,41.10961,37.64306,38.47077,35.35534,35.77709,39.0,36.23534,35.34119,34.48188,36.40055,34.53983,33.24154,28.63564,36.68787,31.38471,34.71311,34.20526,28.86174,28.63564,27.89265,30.59412,24.33105,29.15476,23.34524,23.5372,26.68333,23.08679,30.06659,23.19483,22.2036,39.81206,40.49691,44.94441,48.10405,47.75982,48.08326,52.49762,57.56735,62.36986,57.27128,62.80127,64.38167,69.58448,68.06614,66.00758,70.06426,75.0,69.72087,68.26419,71.25307,69.2315,71.84706,72.03471,73.34848,73.76313,73.97973,63.06346,68.30813,68.62215,72.03471,59.48109,68.96376,66.48308,60.63827,64.56005,63.34824,60.16644,65.25335,60.44005,66.28725,59.66574,65.11528,59.22837,62.39391,53.60037,53.60037,50.35871,54.14795,52.61179,54.45181,53.60037,53.33854,47.26521,49.49747,54.45181,52.23983,56.0803
8.06226,7.2111,7.2111,7.2111,7.81025,7.2111,7.2111,7.2111,7.2111,7.81025,7.81025,7.81025,7.2111,7.81025,7.2111,7.81025,7.07107,7.2111,6.40312,6.40312,6.40312,6.40312,6.40312,7.07107,6.40312,6.40312,6.40312,6.40312,5.65685,7.07107,5.65685,6.40312,6.40312,5.65685,6.40312,6.40312,5.83095,5.0,5.0,5.0,5.0,5.0,5.0,5.0,4.47214,4.47214,4.47214,4.47214,4.47214,4.47214,4.12311,4.12311,41.88078,41.34005,41.14608,41.18252,40.24922,39.92493,40.49691,46.09772,43.08132,38.60052,44.64303,44.38468,47.53946,41.76123,42.05948,46.69047,45.60702,43.41659,42.15448,42.05948,42.75512,41.76123,36.87818,42.05948,35.73514,37.94733,39.56008,35.90265,37.0,37.33631,35.35534,38.07887,33.95585,34.48188,37.33631,31.95309,34.17601,31.38471,36.24914,34.78505,32.98485,34.48188,32.57299,28.63564,29.68164,30.88689,30.52868,27.29469,24.59675,24.69818,27.20294,26.83282,25.23886,21.26029,25.6125,24.04163,26.24881,42.29657,46.04346,43.18565,47.0,50.24938,52.15362,48.37355,56.7186,60.63827,57.28001,64.03124,65.25335,66.48308,69.64194,68.0,66.64083,78.92401,71.56116,68.26419,65.80274,69.2026,73.24616,71.06335,72.34639,70.17834,70.80254,68.62215,69.29646,66.48308,68.593,60.10824,66.52819,68.76772,60.82763,63.03174,63.65532,61.07373,62.00806,60.87693,62.36986,60.82763,62.62587,63.12686,59.66574,56.85068,56.30275,50.44799,53.41348,51.08816,55.31727,52.63079,53.00943,52.63079,51.61395,51.40039,46.32494,48.01042
