9.21954,8.544,8.544,8.24621,8.544,8.544,8.544,8.94427,8.06226,7.61577,8.06226,8.06226,7.61577,8.06226,7.2111,8.06226,7.2111,7.2111,7.2111,7.2111,7.2111,7.2111,7.2111,6.7082,6.7082,6.7082,5.83095,5.38516,5.38516,5.38516,4.12311,5.09902,4.12311,4.12311,4.12311,4.0,3.0,3.0,2.23607,2.23607,2.0,2.23607,1.41421,1.0,1.41421,1.41421,1.41421,1.0,1.0,1.0,1.0,1.0,54.58938,51.62364,50.44799,53.16014,51.24451,49.72927,45.88028,48.10405,44.59821,49.0408,46.09772,43.38202,45.17743,42.94182,46.95743,44.10215,45.48626,41.88078,44.10215,41.88078,45.48626,41.04875,42.2019,38.60052,37.44329,39.66106,37.44329,39.96248,37.21559,38.07887,35.8469,38.07887,32.31099,30.36445,31.01612,31.04835,27.45906,25.4951,24.33105,23.5372,27.07397,22.0,19.10497,15.29706,14.86607,13.92839,15.23155,13.41641,12.52996,9.89949,9.89949,7.2111,10.77033,9.05539,9.05539,8.94427,8.94427,48.46648,52.3259,50.08992,55.00909,53.0,57.14018,56.30275,57.68882,58.82176,55.47071,60.60528,60.80296,63.41136,62.62587,63.89053,63.12686,65.11528,62.36986,66.21933,64.66065,59.03389,61.84658,59.81639,65.29931,60.0,61.61169,60.46487,64.63745,61.58734,63.51378,62.64982,64.00781,62.64982,63.97656,63.69458,61.09828,61.03278,65.45991,63.60031,64.03124,64.28841,64.7611,69.37579,64.32729,66.91039,66.75328,63.95311,64.49806,62.28965,62.28965,60.20797,63.3877,63.3877,56.32051,58.21512,60.00833,60.00833
9.0,9.0,9.0,8.0,8.06226,8.06226,9.05539,8.06226,8.24621,8.06226,8.24621,8.24621,8.24621,7.28011,8.24621,8.24621,7.28011,7.28011,7.28011,7.28011,7.28011,7.28011,7.28011,6.32456,6.08276,6.32456,6.08276,6.08276,6.08276,5.0,5.0,5.0,4.12311,4.12311,4.0,3.16228,3.16228,3.16228,2.82843,2.23607,2.23607,2.23607,2.23607,1.41421,1.41421,1.0,1.0,1.0,1.0,1.0,1.41421,1.41421,51.47815,51.24451,52.00961,50.03998,49.0102,52.00961,45.27693,47.38143,43.18565,48.50773,45.89118,48.05206,45.60702,41.76123,46.32494,43.9659,40.26164,43.01163,44.01136,46.09772,45.31004,45.22168,39.0,38.8973,39.84972,38.8973,40.49691,36.40055,35.17101,35.73514,34.78505,34.48188,34.52535,32.55764,32.01562,29.15476,29.01724,27.16616,27.07397,21.2132,22.36068,20.39608,17.08801,18.86796,15.26434,17.88854,17.49286,15.0,12.04159,11.31371,11.31371,10.0,8.06226,7.0,7.07107,8.0,10.0,49.51767,54.45181,53.07542,55.86591,56.72742,55.31727,55.21775,57.42822,60.46487,59.07622,62.43397,63.51378,63.00794,66.88797,64.14047,64.3506,66.57327,60.53924,64.66065,63.81222,65.19202,65.73431,63.81222,64.89992,64.89992,62.80127,61.22091,62.20129,62.36986,64.38167,62.24147,65.06919,64.38167,63.70243,63.03174,64.81512,60.60528,65.21503,63.82006,66.03787,67.41662,63.52952,66.24198,66.37017,65.76473,62.24147,65.76473,65.30697,65.79514,61.26989,61.09828,62.29767,62.39391,59.09315,61.68468,58.24088,55.10898
9.84886,9.84886,9.84886,10.29563,9.43398,9.43398,9.43398,8.60233,9.43398,8.60233,8.60233,8.60233,9.21954,9.21954,8.60233,7.81025,8.60233,7.81025,7.81025,7.81025,7.81025,7.81025,7.81025,7.81025,7.81025,7.2111,7.2111,7.2111,6.7082,6.7082,6.7082,6.32456,5.38516,5.38516,5.09902,4.12311,4.0,4.12311,4.0,4.0,3.0,3.0,3.0,2.23607,2.23607,2.23607,2.23607,2.23607,1.41421,1.41421,1.41421,1.41421,54.12947,53.45091,51.24451,49.98,52.0,46.51881,51.0,51.0,53.23533,46.14109,45.27693,44.10215,45.22168,44.77723,43.01163,45.45327,46.32494,44.20407,43.60046,43.27817,42.63801,42.80187,41.86884,41.10961,38.60052,40.22437,40.60788,38.94868,40.0,39.40812,34.66987,35.77709,36.35932,31.7805,31.7805,29.73214,31.95309,29.41088,28.28427,23.5372,22.09072,22.02272,20.0,20.02498,18.11077,17.11724,10.19804,15.81139,8.94427,11.6619,9.89949,8.06226,8.48528,7.81025,8.48528,9.48683,9.0,47.07441,48.05206,53.16014,51.86521,55.71355,54.78138,55.03635,58.60034,57.69749,58.13777,59.94164,60.37384,61.7171,61.40033,63.63175,63.51378,64.49806,62.43397,63.13478,61.05735,60.53924,64.49806,64.00781,62.26556,62.17717,63.50591,59.03389,61.7414,61.46544,61.09828,62.39391,60.72891,63.90618,61.13101,62.64184,61.39218,64.13267,67.08204,64.77654,64.28063,63.3877,65.19202,64.19502,67.06713,62.03225,65.03076,64.07027,63.03174,64.0,63.03174,63.07139,63.12686,57.14018,58.21512,56.56854,56.56854,56.88585
7.81025,7.07107,8.48528,7.81025,8.48528,7.81025,7.2111,7.2111,7.2111,7.2111,7.2111,7.2111,7.2111,7.2111,6.7082,6.7082,6.7082,6.7082,6.7082,6.7082,6.7082,6.7082,5.83095,5.83095,5.83095,5.83095,5.0,5.65685,5.0,5.0,4.24264,4.24264,4.24264,3.60555,3.60555,3.16228,3.16228,3.16228,3.16228,2.0,2.0,2.0,2.0,2.23607,1.41421,1.41421,1.41421,1.41421,1.41421,1.41421,1.0,2.0,50.47772,49.64877,51.22499,48.27007,48.10405,45.25483,48.10405,47.42362,46.01087,44.82187,49.40648,44.40721,46.04346,43.60046,45.79301,43.56604,43.82921,39.11521,42.72002,41.18252,42.48529,39.35734,43.41659,39.82462,38.27532,38.47077,38.07887,36.89173,38.58756,35.35534,32.44996,33.83785,32.20248,32.64966,29.06888,30.4795,29.06888,28.01785,25.94224,22.02272,20.24846,21.09502,21.18962,22.13594,15.81139,12.16553,13.15295,14.03567,11.18034,12.16553,11.7047,10.0,12.52996,10.0,8.60233,8.24621,7.28011,50.01,51.0,53.00943,55.08176,54.14795,57.42822,56.4358,56.88585,58.0517,59.22837,62.36986,61.13101,64.13267,61.61169,63.06346,61.39218,65.30697,64.7611,63.34824,65.30697,62.0967,63.56099,61.39218,64.53681,61.39218,63.3877,61.66036,62.39391,64.07027,62.1289,62.0,64.03124,65.00769,64.0,66.0303,63.03174,62.514,66.75328,63.63961,64.77654,66.28725,64.7611,68.88396,67.05222,69.37579,66.09841,63.32456,64.51356,61.03278,62.93648,65.0,62.64982,60.92618,59.03389,59.09315,59.5063,59.03389
9.21954,9.21954,8.48528,9.89949,8.48528,9.89949,8.48528,8.48528,8.48528,7.81025,8.60233,8.60233,7.81025,8.06226,8.60233,7.81025,8.60233,7.2111,7.2111,7.2111,7.2111,7.2111,7.2111,7.2111,6.40312,7.07107,7.07107,5.65685,6.40312,6.40312,5.83095,5.83095,4.47214,4.47214,5.38516,4.12311,4.12311,4.12311,3.0,4.0,4.0,3.0,3.16228,3.16228,3.16228,3.16228,2.23607,2.23607,2.82843,2.82843,2.82843,2.23607,51.42956,49.1935,51.62364,49.64877,51.62364,47.20169,49.81967,48.41487,49.51767,48.41487,45.96738,45.25483,48.10405,44.55334,43.13931,45.27693,43.93177,42.63801,40.60788,41.10961,43.27817,41.86884,38.58756,39.40812,38.41875,39.20459,37.80212,37.64306,36.79674,37.48333,36.06938,37.48333,33.24154,30.61046,29.83287,26.07681,30.01666,25.55386,25.94224,26.68333,24.04163,22.36068,21.58703,19.10497,16.27882,19.0263,15.0333,14.14214,14.86607,12.64911,13.89244,12.52996,9.21954,9.43398,10.63015,10.0,10.44031,54.03702,50.03998,51.0098,55.57877,56.32051,57.07013,55.31727,56.08921,58.69412,57.97413,62.0967,62.0967,64.28841,64.28841,62.0967,65.80274,61.98387,63.89053,63.06346,62.29767,64.53681,65.45991,61.84658,64.19502,64.84597,63.95311,60.63827,63.34824,65.62012,63.63961,61.81424,64.19502,62.03225,63.00794,67.00746,62.00806,63.03174,65.12296,64.12488,64.49806,64.49806,68.06614,66.61081,67.26812,66.09841,63.78871,65.51336,65.73431,65.96969,64.03124,62.0967,64.56005,62.0967,60.44005,58.18935,58.30952,56.0803
10.0,10.0,10.0,10.0,10.0,10.04988,9.05539,10.04988,10.04988,9.05539,9.21954,9.21954,9.21954,8.24621,9.21954,9.21954,9.21954,8.24621,8.24621,8.06226,8.06226,8.06226,8.06226,8.24621,8.06226,8.06226,8.06226,7.0,7.0,7.0,6.08276,6.08276,6.32456,5.38516,5.38516,5.38516,4.47214,4.47214,3.60555,3.60555,3.60555,3.60555,2.82843,2.82843,2.82843,2.82843,2.23607,2.23607,2.23607,2.23607,2.23607,2.0,54.08327,51.86521,54.12024,51.66237,49.47727,50.69517,47.85394,50.80354,44.72136,50.24938,47.16991,46.0,49.16299,44.18144,45.0,45.09989,45.04442,44.10215,45.0,41.0,46.09772,42.04759,39.11521,40.1995,40.04997,41.01219,39.05125,38.01316,38.11824,39.05125,38.0,36.12478,32.06244,33.73426,31.257,31.7805,24.73863,25.63201,26.0,23.76973,23.70654,21.63331,18.60108,15.6205,15.55635,15.6205,17.80449,12.20656,14.42221,13.41641,12.04159,10.77033,10.04988,8.06226,9.84886,9.0,9.05539,47.38143,50.93133,49.67897,55.97321,54.03702,56.22277,54.6443,58.24946,59.40539,57.14018,60.90156,60.53924,63.63175,63.52952,63.13478,59.05929,64.84597,59.5399,64.41273,61.7171,61.77378,61.7171,62.64982,63.81222,58.66856,61.29437,59.64059,65.45991,58.5235,64.2028,60.80296,66.06815,61.07373,61.6198,63.78087,64.3506,62.24147,64.53681,65.11528,65.94695,66.70832,64.66065,69.2026,65.80274,67.1193,66.4003,64.89992,64.66065,62.68174,62.96825,60.03332,63.63175,62.26556,55.9464,56.82429,60.83584,58.60034
9.48683,9.48683,9.21954,9.48683,9.21954,9.21954,9.05539,9.05539,9.05539,9.05539,9.05539,9.05539,9.05539,9.05539,9.05539,9.0,8.0,8.0,8.0,8.0,8.0,8.0,8.0,8.06226,8.06226,7.07107,7.07107,7.28011,6.32456,6.32456,6.32456,6.32456,5.38516,5.38516,5.38516,4.47214,5.0,4.24264,4.24264,4.24264,3.60555,3.60555,3.60555,2.82843,2.23607,2.23607,2.23607,2.23607,2.0,2.0,2.0,2.0,52.39275,55.9464,50.59644,54.81788,49.72927,52.39275,51.1957,46.87217,47.67599,47.26521,50.24938,48.25971,51.24451,46.09772,47.01064,48.04165,47.0,43.04649,43.04649,47.09565,44.04543,44.10215,40.1995,43.04649,41.01219,41.01219,41.10961,41.04875,38.0526,37.01351,38.01316,37.05401,35.69314,33.54102,33.37664,30.67572,30.36445,29.15476,25.4951,24.59675,24.69818,21.0238,19.10497,22.67157,19.10497,16.27882,16.97056,14.86607,14.21267,12.08305,11.18034,11.7047,13.0,10.0,10.04988,7.07107,8.06226,50.47772,49.92995,56.4358,55.07268,55.00909,57.24509,55.54278,58.13777,61.46544,64.88451,60.92618,62.76942,63.90618,66.85058,64.19502,65.45991,66.09841,66.40783,62.62587,65.19202,64.2573,65.19202,65.9242,66.48308,63.15853,65.74192,64.07808,65.30697,66.18912,63.52952,65.51336,63.81222,61.91123,65.45991,64.81512,65.0,66.06815,64.53681,64.38167,69.31089,67.17887,65.8559,65.8559,70.03571,66.52819,68.41053,67.47592,67.62396,69.81404,68.41053,64.40497,63.00794,62.42596,59.68249,61.40033,60.90156,59.5399
10.29563,9.84886,9.84886,9.84886,9.48683,9.48683,9.21954,9.21954,9.21954,9.21954,9.21954,9.21954,9.21954,8.24621,9.21954,9.05539,9.05539,8.06226,8.06226,8.06226,8.06226,8.24621,8.06226,8.24621,7.28011,7.07107,7.28011,7.61577,6.32456,6.32456,5.83095,5.83095,5.83095,5.0,5.0,5.0,4.24264,4.24264,4.24264,3.60555,3.60555,3.60555,3.60555,3.16228,3.16228,2.23607,2.23607,2.0,2.0,2.0,2.0,2.0,51.31277,52.83938,51.10773,52.0,51.5461,49.39636,51.24451,47.75982,49.33559,49.33559,50.9902,50.21952,46.87217,46.69047,46.52956,47.51842,48.6621,42.57934,43.04649,47.16991,46.01087,46.04346,44.04543,42.0119,40.11234,39.20459,42.0119,39.20459,40.60788,40.31129,36.22154,40.60788,35.17101,33.95585,34.48188,30.46309,31.38471,28.23119,28.84441,24.16609,24.59675,20.61553,21.93171,23.34524,20.0,18.43909,16.27882,16.55295,14.76482,10.77033,10.77033,11.40175,14.03567,9.0,10.19804,7.0,7.61577,52.80152,49.64877,55.02727,56.51548,56.29387,55.54278,56.51548,60.41523,62.36986,58.85576,63.50591,61.40033,63.78871,64.77654,62.514,67.36468,64.49806,67.36468,64.77654,67.18631,64.62971,64.49806,65.30697,64.93843,64.32729,64.7611,63.78871,63.32456,64.56005,60.72891,68.00735,64.19502,62.24147,63.15853,63.95311,64.84597,70.83078,68.09552,66.88797,66.0303,65.19202,68.8186,68.00735,67.62396,65.94695,69.52697,66.48308,65.05382,69.29646,65.06919,63.63961,63.78087,62.36986,60.20797,57.38467,58.41233,61.07373
8.94427,8.94427,8.94427,8.06226,8.60233,8.60233,8.60233,8.60233,8.60233,8.60233,8.60233,9.21954,7.81025,7.81025,7.81025,8.48528,8.48528,8.48528,7.07107,7.07107,7.07107,7.07107,7.07107,7.07107,7.07107,7.07107,6.40312,6.40312,6.40312,5.83095,5.38516,4.47214,4.47214,4.47214,4.47214,4.12311,3.16228,3.0,3.0,3.0,3.0,2.0,2.0,2.0,2.0,1.41421,1.41421,1.41421,1.0,1.0,1.0,1.0,52.61179,53.60037,54.34151,51.97115,52.20153,47.75982,48.10405,48.46648,47.92703,48.8467,48.76474,50.53712,46.52956,48.37355,46.14109,50.77401,45.79301,43.82921,43.60046,44.41846,44.94441,42.43819,42.63801,40.80441,41.40048,37.44329,39.96248,40.80441,35.51056,39.11521,38.58756,38.91015,34.17601,34.48188,33.24154,29.73214,29.41088,28.44293,26.07681,25.07987,25.17936,23.02173,21.0,17.26268,17.11724,18.43909,17.08801,12.08305,13.60147,14.21267,11.18034,10.63015,7.2111,9.21954,10.44031,10.29563,7.07107,53.66563,49.73932,53.33854,56.0357,54.40588,57.2014,58.13777,59.20304,63.03174,61.7171,62.28965,62.36986,66.70832,65.79514,63.78087,65.79514,67.17887,68.0147,64.53681,64.38167,64.66065,66.48308,65.29931,63.25346,63.25346,65.0,63.60031,66.61081,63.82006,64.63745,66.7308,62.76942,64.84597,66.18912,61.7414,65.39113,64.62198,67.23095,68.00735,66.7308,65.52099,67.44627,66.76077,67.26812,66.91039,69.63476,68.65858,67.36468,66.91039,63.78871,64.19502,67.26812,64.28063,58.03447,60.29925,58.0,57.03508
10.0,10.0,10.04988,10.04988,9.05539,9.05539,9.05539,9.21954,9.21954,9.21954,9.21954,9.21954,9.21954,8.544,8.544,8.24621,8.544,8.24621,8.544,7.61577,7.61577,8.544,7.28011,7.28011,7.28011,7.28011,7.28011,7.07107,7.07107,6.08276,6.0,6.08276,6.0,5.0,5.0,5.09902,4.12311,4.12311,4.12311,3.16228,3.16228,3.16228,2.23607,2.23607,2.23607,2.23607,1.41421,1.41421,1.41421,1.41421,1.0,1.0,57.77543,56.921,53.45091,53.45091,50.44799,47.85394,52.46904,50.48762,49.36598,46.27094,48.09366,46.01087,48.09366,49.09175,43.04649,46.09772,48.09366,46.09772,44.40721,43.18565,43.18565,45.17743,45.27693,41.4367,44.28318,44.10215,40.31129,41.30375,41.19466,38.0526,38.0526,36.12478,38.0526,34.1321,34.71311,31.14482,30.41381,30.41381,25.63201,25.94224,23.25941,23.32381,18.35756,21.47091,18.60108,15.6205,17.02939,15.6205,11.6619,13.41641,12.64911,9.48683,10.44031,9.05539,10.77033,9.48683,7.2111,51.86521,50.77401,54.70832,52.7731,56.79789,58.18075,58.60034,59.09315,61.09828,61.09828,63.56886,62.96825,66.85058,66.7308,65.78754,64.28841,65.14599,66.76077,62.29767,64.84597,64.2573,68.30813,65.78754,63.69458,62.03225,65.79514,62.64982,61.32699,64.88451,62.6099,63.13478,62.43397,63.81222,65.45991,65.80274,65.73431,62.62587,63.12686,65.11528,65.79514,67.17887,65.76473,63.65532,70.0928,65.19202,67.26812,67.62396,63.25346,66.4003,69.63476,63.24555,63.24555,61.85467,61.61169,60.53924,61.40033,60.03332
8.94427,8.94427,8.06226,8.94427,8.60233,8.60233,8.60233,9.21954,8.60233,7.81025,7.81025,8.48528,8.48528,7.81025,7.81025,8.48528,8.48528,7.81025,7.81025,7.07107,7.81025,7.07107,7.07107,7.07107,7.07107,7.07107,7.07107,6.40312,5.83095,5.83095,5.38516,4.47214,4.47214,4.47214,4.12311,4.12311,4.12311,3.16228,3.0,3.0,2.0,2.0,2.0,2.0,2.0,1.0,1.41421,1.41421,1.0,1.0,1.0,1.0,52.39275,48.27007,51.97115,51.62364,51.78803,51.47815,48.16638,49.0408,47.0,48.01042,46.01087,48.16638,48.04165,42.29657,45.17743,45.54119,45.89118,44.72136,46.87217,44.55334,46.38965,41.59327,41.97618,41.59327,40.60788,41.19466,39.81206,38.47077,36.34556,39.31921,38.0526,39.0,35.0,33.06055,33.13608,31.01612,27.45906,27.65863,25.63201,28.16026,24.35159,23.32381,21.9545,20.0,16.40122,17.80449,15.6205,13.0384,14.21267,11.40175,11.7047,12.52996,11.18034,8.0,9.05539,8.24621,10.77033,50.20956,55.9017,53.07542,58.0517,56.63921,57.62812,56.85948,60.60528,62.42596,59.81639,61.29437,64.07027,66.85058,66.03787,68.50547,65.36819,68.47627,63.63175,65.19202,64.49806,63.63175,66.24198,65.73431,64.07027,64.07027,67.42403,65.73431,68.00735,59.90826,66.4003,61.6198,64.53681,63.03174,66.46804,62.93648,67.17887,63.78087,67.47592,62.62587,70.0,68.24222,67.42403,66.61081,67.1193,67.41662,65.45991,66.57327,67.41662,65.8635,63.50591,63.52952,66.18912,65.29931,58.69412,62.24147,58.60034,57.38467
9.84886,8.544,9.48683,8.544,9.48683,8.544,8.24621,9.21954,9.21954,9.21954,8.24621,9.21954,8.06226,8.06226,8.06226,9.05539,8.06226,8.06226,8.06226,8.06226,8.0,8.06226,8.06226,7.07107,7.07107,7.07107,7.28011,7.07107,6.08276,6.32456,5.38516,5.38516,5.38516,4.47214,4.47214,5.0,4.24264,3.60555,3.60555,2.82843,2.82843,2.82843,2.23607,2.23607,2.23607,2.23607,2.23607,1.0,1.0,1.0,1.0,1.0,52.80152,54.81788,51.10773,50.21952,49.73932,51.47815,50.08992,49.1935,49.24429,48.10405,46.23851,45.31004,46.48656,44.92215,48.50773,47.07441,45.89118,46.69047,43.73786,43.17407,44.91102,44.38468,43.73786,42.95346,42.75512,39.81206,39.81206,43.56604,40.4475,41.0,38.8973,35.73514,33.83785,32.89377,33.12099,31.38471,29.52965,29.52965,26.07681,26.1725,25.6125,25.0,21.26029,20.0,17.02939,15.23155,15.65248,16.55295,12.36932,15.29706,10.04988,12.0,10.04988,10.0,9.48683,7.61577,7.81025,51.24451,51.92302,52.39275,52.7731,55.57877,58.54912,58.07753,60.29925,60.07495,61.20457,61.29437,64.28063,64.28063,64.19502,62.00806,66.0,66.06815,65.03076,64.12488,65.00769,62.00806,67.06713,63.1981,65.27634,62.20129,61.40033,65.11528,63.50591,63.95311,63.95311,61.98387,65.96969,63.06346,61.40033,64.19502,62.64184,64.62198,65.0,66.64083,68.0,67.53518,64.41273,65.36819,67.6757,63.51378,68.7968,65.19202,64.66065,65.0,65.0,65.0,64.53681,61.40033,61.22091,61.52235,58.79626,60.10824
9.84886,8.94427,9.43398,8.94427,8.60233,8.60233,8.60233,8.60233,8.60233,7.81025,8.60233,8.60233,7.81025,7.81025,7.81025,7.81025,7.81025,7.81025,7.07107,7.07107,7.07107,7.07107,7.81025,7.07107,6.40312,7.2111,7.2111,5.83095,5.83095,6.7082,5.38516,5.38516,5.38516,5.09902,5.09902,5.09902,5.0,4.0,4.0,3.16228,4.12311,3.16228,3.16228,3.16228,3.16228,3.60555,2.23607,2.82843,2.82843,2.23607,2.82843,2.23607,53.7122,48.33218,52.35456,50.60632,52.15362,48.8774,48.25971,50.60632,49.40648,49.20366,47.01064,46.75468,46.75468,45.25483,46.8615,46.01087,47.38143,43.13931,43.13931,44.68781,43.27817,43.18565,40.0,42.0119,40.45986,39.69887,41.72529,41.10961,39.62323,40.31129,40.45986,35.60899,34.05877,33.01515,35.51056,31.90611,30.41381,31.30495,27.73085,25.29822,24.5153,23.34524,20.02498,18.11077,17.0,19.23538,14.31782,14.31782,13.89244,15.81139,13.92839,16.27882,11.40175,10.81665,10.63015,9.84886,8.94427,54.03702,52.03845,53.33854,56.56854,56.7186,58.24946,58.0517,58.46366,60.87693,58.24088,64.51356,64.2573,62.93648,66.40783,63.56886,64.51356,65.78754,63.69458,67.06713,68.94926,66.40783,63.24555,63.60031,66.09841,63.32456,67.05222,65.52099,65.73431,63.34824,66.28725,61.39218,61.66036,65.27634,64.19502,65.27634,65.03076,68.06614,66.0,64.07027,68.18358,62.03225,69.26038,66.37017,69.46222,63.50591,65.9242,67.89698,67.08204,66.75328,67.08204,65.25335,64.7611,63.78871,63.60031,61.40033,59.48109,59.46427
9.43398,9.43398,10.29563,10.29563,8.94427,9.84886,9.48683,9.84886,9.48683,8.544,8.544,9.48683,8.544,8.544,8.544,8.24621,8.24621,8.24621,8.24621,8.24621,8.544,8.24621,7.28011,8.24621,7.61577,7.28011,7.28011,7.61577,6.7082,6.7082,6.7082,6.40312,6.40312,6.40312,5.0,5.0,4.24264,5.0,3.60555,3.60555,3.60555,3.60555,3.16228,3.16228,3.16228,2.23607,2.23607,3.0,2.0,2.0,2.0,2.0,55.97321,51.61395,55.0,52.47857,47.16991,49.24429,51.88449,49.73932,50.56679,48.10405,48.46648,48.08326,47.80167,48.70318,46.17359,48.05206,47.53946,43.9659,41.23106,46.52956,46.87217,42.95346,45.12206,43.56604,40.02499,38.63936,41.48494,42.75512,39.29377,41.0,37.36308,34.20526,39.0,33.24154,35.4683,32.24903,30.52868,28.01785,29.06888,23.60085,24.08319,23.60085,24.04163,20.80865,20.0,17.02939,13.0384,18.68154,13.60147,14.76482,11.40175,14.03567,11.18034,13.0,10.77033,9.43398,8.60233,51.66237,48.27007,55.31727,51.97115,56.4358,57.42822,59.3043,58.42089,61.07373,62.1289,63.12686,63.07139,63.07139,63.00794,63.03174,65.12296,64.0,65.03076,67.00746,65.00769,64.03124,63.12686,66.0303,66.06815,62.03225,65.62012,61.29437,61.81424,64.49806,64.93843,64.53681,63.56099,65.0,63.60031,63.56886,62.62587,65.55151,68.44706,64.4748,65.74192,66.18912,66.7308,65.36819,68.60029,65.19202,66.85058,65.21503,68.60029,62.00806,66.4003,63.41136,62.80127,61.22091,62.62587,62.482,55.86591,62.2254
10.0,9.21954,9.21954,10.0,9.21954,9.21954,8.48528,8.48528,9.21954,9.21954,9.21954,9.21954,9.21954,9.21954,8.60233,8.60233,8.60233,8.60233,8.60233,8.60233,8.60233,7.81025,7.81025,7.81025,7.81025,7.07107,7.07107,7.07107,7.07107,6.40312,6.40312,6.40312,5.83095,5.83095,4.47214,4.47214,4.47214,4.47214,4.12311,4.12311,3.16228,3.0,3.0,3.0,3.0,2.0,2.0,2.0,2.0,2.23607,1.41421,1.41421,54.58938,52.15362,53.25411,50.60632,51.73973,47.01064,49.67897,48.79549,51.62364,43.84062,47.63402,45.80393,44.82187,47.01064,46.40043,45.60702,47.20169,44.40721,47.43416,44.40721,42.72002,41.34005,41.88078,42.72002,43.909,43.56604,39.11521,41.88078,38.60052,37.44329,38.41875,37.80212,37.53665,36.12478,34.05877,32.55764,31.241,30.0,29.83287,23.70654,25.05993,24.35159,21.18962,22.84732,19.64688,16.27882,17.02939,17.02939,13.0,12.36932,12.16553,10.19804,12.64911,13.41641,11.40175,8.60233,8.06226,51.62364,53.60037,52.17279,53.85165,55.65968,56.30275,56.921,59.13544,60.53924,60.16644,60.00833,62.62587,64.62198,65.9242,65.79514,63.97656,65.30697,62.64982,62.76942,62.24147,63.56886,63.56099,63.90618,64.51356,63.69458,61.98387,64.19502,63.60031,62.93648,62.58594,60.20797,63.95311,61.66036,64.38167,64.28063,65.12296,62.03225,65.03076,65.00769,66.1211,66.18912,64.49806,64.49806,69.46222,61.66036,66.28725,64.53681,62.58594,66.21933,62.64184,63.60031,66.09841,64.19502,56.921,61.98387,56.30275,58.87274
9.89949,9.89949,9.21954,9.21954,9.21954,9.21954,9.21954,8.60233,8.60233,8.06226,8.60233,8.60233,8.06226,8.06226,8.06226,8.06226,8.06226,8.06226,8.06226,7.61577,7.2111,7.2111,7.2111,6.7082,7.2111,7.2111,6.40312,6.40312,6.40312,6.40312,5.65685,5.0,5.0,5.0,5.38516,4.47214,4.12311,4.12311,4.12311,3.16228,4.0,4.0,3.0,3.0,3.16228,3.16228,3.16228,2.23607,2.23607,2.23607,2.82843,2.82843,53.00943,49.40648,52.63079,50.44799,49.57822,49.49747,50.20956,49.49747,48.41487,47.38143,45.60702,45.80393,50.60632,46.32494,46.04346,44.10215,46.32494,44.10215,41.67733,42.19005,45.17743,41.59327,41.62932,40.24922,41.59327,38.47077,38.94868,40.70626,39.96248,36.40055,38.60052,36.23534,36.40055,33.97058,33.94113,31.82766,29.73214,29.0,27.20294,26.92582,26.83282,26.0,20.12461,20.12461,18.43909,17.46425,15.13275,14.03567,12.04159,14.31782,13.15295,13.92839,12.20656,9.48683,8.60233,10.0,8.94427,51.0392,56.0,54.08327,57.55867,54.23099,58.69412,56.7186,60.82763,61.0,60.82763,61.39218,66.28725,66.21933,64.03124,66.48308,66.76077,66.76077,66.48308,63.56099,65.0,63.15061,67.91171,66.70832,66.70832,61.18823,64.62971,65.9242,61.66036,65.62012,64.19502,62.1289,64.07027,63.00794,64.19502,63.1981,66.1211,64.19502,67.47592,65.49046,66.91039,69.05071,68.24954,68.44706,68.15424,65.52099,69.92138,64.19502,66.12866,65.0,66.7308,63.32456,64.2573,62.96825,59.23681,62.16912,61.77378,59.05929
9.21954,9.05539,10.04988,9.0,9.0,9.05539,9.0,9.0,9.0,9.05539,9.0,9.0,9.05539,9.05539,8.06226,9.05539,8.06226,8.06226,8.06226,8.06226,8.06226,8.06226,8.06226,8.06226,8.06226,7.0,7.0,7.0,7.0,7.07107,6.08276,6.08276,6.08276,5.09902,5.38516,4.47214,4.47214,3.60555,3.60555,3.60555,2.82843,2.82843,2.82843,2.82843,2.23607,2.23607,2.23607,1.41421,1.41421,1.0,1.0,1.0,55.65968,54.12024,53.15073,51.62364,47.85394,50.63596,52.15362,50.24938,47.09565,49.0102,47.01064,46.04346,47.04253,46.27094,45.0,44.28318,46.27094,46.27094,46.38965,43.41659,46.27094,43.18565,46.52956,42.57934,41.97618,43.28972,42.10701,41.4367,42.19005,38.11824,36.0,39.0,37.0,34.1321,31.14482,33.06055,31.257,29.61419,28.44293,25.63201,24.18677,24.41311,21.09502,17.46425,18.02776,18.38478,15.55635,15.26434,11.18034,13.89244,11.7047,10.77033,9.05539,9.05539,8.0,10.19804,7.2111,50.9902,50.80354,53.41348,54.6443,54.6443,58.30952,56.60389,61.91123,56.4358,58.13777,64.40497,62.64982,67.08204,64.07808,66.64083,63.32456,66.70832,63.15853,66.21178,64.40497,61.40033,65.29931,64.88451,65.29931,63.06346,65.76473,61.77378,61.29437,62.76942,66.28725,62.68174,64.07027,63.12686,60.30755,62.96825,64.38167,62.24147,63.63961,65.19202,63.03174,66.8431,64.53681,66.8431,64.07027,64.81512,65.0,63.81222,66.37017,64.66065,64.49806,66.57327,64.14047,61.29437,58.30952,60.82763,59.94164,57.00877
8.60233,8.60233,9.21954,8.60233,8.48528,8.48528,8.48528,8.48528,8.48528,7.81025,8.48528,7.81025,7.81025,7.81025,7.81025,7.81025,7.81025,7.81025,7.2111,7.2111,7.2111,7.2111,7.2111,6.40312,6.40312,6.40312,7.07107,6.40312,5.65685,5.65685,5.0,5.0,5.0,4.47214,4.47214,4.47214,4.12311,3.16228,3.16228,2.23607,3.16228,2.0,2.0,2.0,2.0,1.0,1.0,1.41421,1.41421,1.0,1.41421,1.0,50.47772,49.39636,55.0,52.43091,48.60041,50.80354,48.16638,47.63402,45.27693,47.38143,48.83646,48.79549,49.57822,44.04543,48.10405,47.50789,46.09772,43.60046,44.40721,42.2019,45.80393,42.63801,44.65423,44.10215,40.80441,38.58756,40.60788,42.2019,38.28838,41.23106,38.8973,36.79674,34.05877,33.94113,33.6006,27.80288,29.15476,27.45906,22.82542,25.94224,22.84732,24.33105,22.80351,18.24829,18.11077,18.02776,19.10497,13.15295,15.13275,13.0,13.15295,13.0,10.44031,9.43398,8.60233,10.63015,8.60233,49.0408,51.0098,54.08327,55.14526,57.42822,59.5399,59.84146,58.69412,58.85576,61.0,63.89053,65.0,63.32456,62.36185,63.60031,62.93648,65.14599,63.89053,68.41053,65.25335,64.28841,61.68468,63.60031,65.80274,62.36185,64.7611,61.18823,61.39218,61.39218,62.96825,60.40695,65.37584,64.19502,63.00794,65.0,61.0,62.03225,67.00746,64.28063,65.27634,63.12686,66.61081,68.35934,66.09841,66.91039,70.60453,63.78871,64.56005,65.25335,63.89053,61.13101,61.68468,60.16644,59.13544,58.18935,59.61543,55.9464
10.0,9.43398,9.43398,9.43398,9.43398,9.43398,8.94427,8.94427,8.94427,8.544,8.94427,8.544,8.544,8.544,8.544,8.544,8.544,8.544,8.24621,8.24621,8.24621,7.28011,7.61577,7.28011,7.61577,7.61577,6.7082,6.7082,6.7082,6.7082,5.83095,5.0,5.0,5.0,4.24264,5.0,4.24264,3.60555,2.82843,2.82843,3.16228,3.16228,2.23607,2.23607,2.0,2.0,2.0,1.0,1.0,1.41421,1.0,1.41421,52.63079,50.93133,53.74012,50.20956,50.20956,49.51767,50.21952,50.60632,50.80354,45.48626,50.47772,47.16991,44.94441,45.65085,42.05948,46.52956,47.92703,45.18849,45.17743,44.77723,44.28318,42.54409,42.95346,42.54409,39.39543,40.31129,41.59327,39.0,39.56008,38.48376,37.73592,37.73592,33.61547,32.44996,33.42155,30.0,29.20616,28.3196,27.80288,25.6125,22.82542,25.07987,18.78829,19.69772,15.23155,17.72005,15.0,12.04159,15.13275,15.0333,12.04159,10.44031,9.84886,11.7047,8.48528,9.43398,7.81025,50.48762,52.34501,54.33231,53.0,58.0,56.00893,56.0357,58.00862,60.29925,60.07495,59.3043,62.28965,64.28063,66.48308,62.28965,65.62012,65.76473,66.91039,64.49806,63.78871,62.514,63.78871,65.76473,63.12686,64.28063,63.12686,62.20129,63.07139,61.0,64.0,63.1981,64.12488,61.20457,63.3877,61.81424,63.63961,65.96969,64.32729,64.84597,67.72001,66.09841,64.19502,66.09841,65.19202,64.2573,61.35145,65.9242,65.30697,63.50591,67.08204,61.7171,60.90156,59.9333,55.9464,59.16925,58.66856,58.83026
8.94427,9.43398,8.60233,9.43398,8.60233,8.60233,8.60233,8.60233,7.81025,7.81025,7.81025,7.81025,7.81025,7.81025,8.48528,7.81025,7.81025,7.07107,7.07107,7.07107,7.07107,7.07107,7.07107,7.07107,6.40312,6.40312,6.40312,5.83095,5.83095,5.83095,5.83095,5.38516,5.38516,4.12311,5.09902,5.09902,4.0,4.0,4.0,4.0,4.12311,3.16228,3.16228,3.16228,3.16228,3.16228,2.23607,2.82843,2.82843,2.82843,2.82843,2.23607,54.12947,52.7731,50.11986,52.47857,53.25411,50.47772,48.82622,49.20366,46.75468,47.50789,47.63402,47.38143,46.69047,45.27693,45.27693,46.69047,44.68781,44.68781,44.04543,42.80187,41.6173,39.82462,41.40048,41.6173,39.20459,41.40048,39.82462,38.94868,38.01316,37.64306,36.87818,38.20995,35.38361,34.05877,32.75668,31.06445,30.23243,28.84441,26.0,26.40076,23.5372,24.33105,20.39608,19.23538,17.02939,19.0,16.27882,15.52417,17.46425,16.15549,12.08305,15.26434,11.6619,7.07107,9.21954,13.60147,12.08305,52.15362,53.23533,53.75872,56.29387,55.08176,57.56735,54.81788,59.66574,61.68468,59.48109,63.69458,64.19502,64.51356,66.12866,67.41662,63.97656,69.07966,65.39113,66.12866,63.32456,63.90618,64.51356,64.62198,65.45991,64.19502,65.52099,63.89053,65.52099,62.8172,67.26812,60.20797,63.78871,60.29925,63.28507,66.0303,67.18631,65.00769,65.00769,65.06919,65.03076,70.06426,66.18912,69.26038,65.9242,65.62012,63.78871,66.4906,64.32729,66.94027,62.16912,61.39218,64.13267,62.8172,59.43904,61.40033,58.5235,60.53924
8.06226,8.06226,8.06226,8.06226,8.06226,7.81025,7.81025,7.81025,7.81025,7.81025,7.07107,7.07107,7.07107,7.07107,7.07107,7.07107,7.07107,7.07107,7.07107,7.07107,7.07107,7.07107,7.07107,6.40312,7.07107,5.65685,6.40312,6.40312,5.83095,5.0,5.0,4.47214,4.47214,4.12311,4.12311,3.16228,3.0,3.0,3.0,3.0,2.23607,2.23607,2.23607,2.82843,2.23607,1.41421,1.41421,2.23607,2.23607,2.23607,2.0,2.0,51.97115,52.61179,50.96077,49.72927,50.32892,50.32892,50.32892,50.32892,44.29447,45.18849,46.51881,44.77723,45.27693,46.87217,43.56604,45.80393,44.40721,46.61545,45.80393,42.2019,43.41659,39.69887,41.10961,41.23106,40.22437,41.6173,37.64306,40.0,38.60052,36.87818,37.01351,32.44996,36.23534,36.89173,32.20248,31.01612,30.67572,29.41088,26.4764,24.33105,21.09502,21.09502,22.09072,19.23538,20.09975,15.29706,12.36932,15.81139,13.41641,12.20656,10.63015,9.89949,13.0384,10.0,12.80625,12.08305,8.06226,51.97115,53.0,54.91812,53.60037,55.80323,57.00877,57.48913,56.85068,61.84658,59.66574,62.24147,61.52235,66.52819,68.62215,67.26812,62.93648,68.593,64.38167,65.8559,62.96825,65.11528,68.76772,61.7171,63.78087,63.78087,61.7171,66.21933,65.60488,62.20129,64.07027,61.58734,65.51336,63.13478,64.84597,66.21178,65.9242,63.56886,65.78754,66.40783,68.62215,70.5195,66.94027,66.94027,67.46851,65.30697,60.82763,65.62012,63.63961,67.74216,63.28507,64.38167,65.27634,65.06919,56.00893,60.03332,61.0082,57.0
10.0,10.0,10.04988,9.0,9.05539,9.05539,9.21954,9.21954,9.21954,9.21954,9.21954,9.21954,8.24621,8.24621,8.24621,8.544,8.544,8.24621,8.24621,8.24621,7.28011,8.24621,8.24621,7.28011,7.28011,7.28011,7.07107,7.07107,7.0,7.0,6.0,6.0,6.08276,5.09902,5.09902,5.09902,5.09902,4.47214,4.47214,3.60555,3.60555,3.60555,2.82843,2.82843,2.82843,2.82843,2.82843,2.23607,2.23607,2.23607,2.23607,2.23607,56.04463,51.66237,58.24946,53.33854,47.67599,54.45181,46.04346,53.15073,49.0408,54.03702,49.0408,50.15974,49.25444,43.10452,50.03998,48.16638,48.09366,44.28318,44.72136,44.40721,48.83646,42.95346,44.38468,42.75512,41.97618,41.97618,40.02499,41.30375,38.32754,40.04997,41.01219,38.11824,38.0,37.01351,36.01389,31.257,29.06888,29.61419,27.20294,30.36445,26.0,24.69818,22.84732,18.86796,18.35756,17.69181,19.10497,16.64332,15.0,13.89244,13.0,10.81665,10.77033,10.04988,10.19804,11.04536,12.0,49.67897,58.13777,54.20332,59.40539,56.85948,60.74537,59.90826,60.53924,62.26556,58.18075,63.95311,63.15853,68.44706,64.07808,68.8767,64.40497,70.66116,64.40497,67.60178,64.40497,61.77378,64.41273,65.74192,66.64083,63.50591,66.37017,65.29931,66.88797,62.1289,67.42403,60.21628,66.4003,63.78087,66.48308,64.3506,67.17887,61.55485,64.38167,65.79514,65.19202,69.02898,64.40497,71.40028,65.0,68.8186,68.09552,67.60178,66.7308,66.7308,63.13478,66.57327,65.0,68.47627,58.18075,61.7171,61.84658,59.23681
9.21954,9.21954,8.48528,9.21954,8.48528,8.48528,9.21954,8.60233,8.60233,8.60233,8.60233,8.60233,8.06226,8.06226,8.06226,8.60233,8.06226,8.06226,8.06226,7.2111,7.2111,7.2111,7.2111,7.2111,7.2111,7.2111,6.40312,6.40312,6.40312,5.65685,5.65685,5.0,5.0,5.0,5.0,4.47214,4.47214,3.16228,3.16228,3.16228,3.16228,2.0,2.0,2.0,2.0,2.0,2.23607,1.41421,1.41421,1.41421,1.41421,1.41421,51.26402,51.07837,52.0,48.30114,50.53712,50.60632,49.39636,48.82622,45.80393,47.16991,49.40648,44.68781,47.63402,42.63801,47.01064,46.01087,43.86342,43.86342,45.96738,43.13931,46.75468,42.42641,42.52058,40.36087,41.10961,39.62323,42.44997,38.8973,35.38361,40.36087,38.41875,38.28838,33.6006,31.241,33.12099,30.88689,26.62705,29.96665,26.40076,28.16026,24.73863,22.2036,19.41649,19.41649,18.0,19.0263,17.46425,14.03567,12.64911,12.08305,11.18034,11.6619,10.63015,7.07107,8.60233,8.06226,10.29563,50.28916,54.08327,53.48832,56.46238,55.03635,58.59181,57.3062,59.48109,58.30952,59.5399,59.90826,64.3506,65.19202,64.14047,65.19202,63.51378,66.28725,62.1289,64.07027,61.58734,65.51336,64.66065,63.81222,61.91123,63.63175,62.76942,63.95311,65.74192,59.03389,63.15853,61.84658,62.62587,62.29767,63.06346,62.93648,66.48308,62.8172,66.4906,62.80127,65.49046,67.60178,61.20457,66.06815,66.00758,66.00758,66.0303,65.0,64.07027,67.02984,62.03225,60.13319,63.12686,61.40033,55.03635,59.68249,61.61169,58.46366
8.06226,8.06226,8.06226,8.06226,8.06226,8.0,8.0,8.0,8.0,8.0,8.06226,8.06226,8.06226,7.07107,8.06226,8.06226,7.07107,7.07107,7.07107,7.07107,7.07107,7.07107,7.07107,7.07107,7.0,6.08276,6.0,6.0,6.0,5.0,5.09902,5.09902,5.09902,4.12311,4.12311,4.12311,3.60555,3.60555,2.82843,2.82843,2.82843,2.23607,2.23607,2.23607,1.41421,1.0,1.0,1.0,1.0,1.41421,1.41421,1.41421,48.8774,49.65884,52.55473,50.32892,51.92302,50.0,45.12206,47.80167,49.0306,47.07441,47.51842,46.27094,48.25971,43.18565,46.09772,46.0,43.28972,45.04442,42.0119,43.0,45.01111,41.01219,42.0119,39.01282,38.01316,39.05125,41.04875,39.05125,40.04997,39.01282,37.05401,36.22154,32.24903,33.54102,33.73426,32.01562,31.32092,28.16026,26.92582,26.57066,24.18677,19.84943,18.60108,20.0,17.69181,15.0,13.60147,16.40122,14.86607,13.60147,12.52996,12.0,12.16553,11.04536,10.04988,8.06226,8.06226,53.22593,54.42426,51.26402,56.32051,56.30275,56.51548,56.51548,59.20304,59.66574,58.85576,60.20797,64.53681,62.58594,64.77654,62.96825,60.40695,68.73136,66.61081,60.82763,66.48308,65.11528,65.30697,65.30697,63.56099,66.09841,63.06346,62.36185,64.56005,60.44005,63.56886,63.69458,63.69458,63.50591,61.7414,62.64982,61.77378,61.91123,66.57327,66.0303,64.63745,65.80274,67.35726,64.66065,66.70832,65.8559,67.20863,67.17887,62.24147,63.65532,61.55485,62.93648,62.28965,61.6198,59.20304,60.60528,56.85948,56.61272
9.48683,9.48683,9.84886,9.84886,9.84886,8.94427,8.94427,9.43398,8.94427,9.43398,8.60233,8.60233,8.60233,8.60233,8.60233,8.60233,8.60233,8.60233,8.60233,8.60233,8.60233,8.60233,8.06226,7.81025,8.60233,7.2111,7.2111,7.2111,6.7082,6.7082,6.7082,6.32456,6.32456,5.38516,5.09902,5.09902,4.0,4.0,4.0,4.0,3.0,3.16228,3.0,3.16228,2.23607,2.23607,2.23607,2.23607,2.23607,2.23607,1.41421,1.41421,53.23533,52.34501,53.75872,49.0306,50.9902,48.50773,50.0,52.20153,47.12749,46.48656,45.18849,47.01064,45.18849,46.95743,47.16991,45.61798,45.17743,45.79301,43.56604,42.43819,43.26662,43.26662,42.72002,44.40721,41.18252,42.80187,40.49691,40.81666,40.70626,39.35734,38.47077,37.58989,34.88553,36.67424,31.95309,35.4683,33.52611,30.67572,32.24903,26.30589,24.08319,23.19483,23.0,23.02173,20.39608,16.76305,16.76305,16.27882,13.60147,11.18034,8.94427,9.89949,12.04159,12.04159,10.63015,10.29563,10.44031,48.60041,51.85557,52.49762,56.63921,54.45181,58.0,55.86591,59.4138,58.79626,58.79626,63.12686,62.00806,61.7171,65.43699,61.84658,62.482,66.4003,62.80127,65.19202,63.89053,63.12686,63.12686,63.12686,64.66065,63.03174,62.2254,62.24147,59.4138,63.03174,62.62587,60.60528,65.21503,63.24555,63.51378,63.28507,60.41523,64.00781,65.29931,63.97656,67.23095,64.62198,65.78754,62.29767,65.45991,62.29767,67.35726,65.25335,62.58594,65.0,63.34824,62.58594,63.15061,61.98387,60.29925,60.53098,62.20129,59.21149
9.05539,9.05539,9.21954,9.21954,9.21954,9.21954,9.21954,8.24621,9.48683,8.544,8.24621,8.24621,8.544,8.544,8.544,8.544,8.544,8.544,7.61577,8.06226,7.61577,7.61577,7.61577,7.61577,7.61577,7.28011,7.28011,7.28011,6.08276,6.08276,6.08276,6.08276,6.08276,5.0,5.0,5.0,4.12311,4.12311,4.12311,4.12311,3.16228,3.16228,3.16228,2.23607,2.23607,2.23607,2.23607,2.23607,1.41421,1.41421,1.41421,1.0,55.03635,52.08647,54.00926,50.03998,50.03998,47.26521,51.35173,49.0306,48.6621,50.01,47.29693,44.64303,46.17359,48.76474,45.35416,45.54119,44.94441,43.68066,44.59821,41.4367,45.61798,42.05948,45.69464,44.29447,41.10961,41.23106,41.10961,41.23106,39.84972,36.68787,35.17101,35.90265,35.73514,38.07887,32.24903,33.24154,31.257,29.0,29.0,25.31798,25.0,23.34524,21.58703,20.88061,20.61553,18.38478,16.12452,13.89244,12.80625,12.80625,15.26434,13.0384,9.43398,10.63015,10.81665,10.44031,9.05539,49.40648,50.0,50.9902,55.17246,54.48853,55.22681,53.8145,56.63921,57.48913,61.7171,59.40539,63.00794,62.80127,60.80296,61.40033,63.82006,62.62587,61.58734,63.00794,62.00806,63.60031,64.2028,62.80127,67.00746,62.62587,62.62587,59.46427,60.87693,60.82763,64.3506,59.4138,63.78087,63.25346,61.61169,64.40497,59.07622,64.3506,64.3506,64.14047,61.29437,65.0,63.97656,63.97656,64.88451,64.40497,64.2573,59.23681,62.62587,62.93648,64.84597,63.32456,58.82176,57.56735,58.24088,61.39218,60.63827,54.91812
10.04988,10.0,10.0,10.04988,10.04988,9.0,9.05539,9.05539,9.21954,9.21954,9.05539,9.21954,9.21954,9.21954,8.24621,9.21954,8.24621,8.24621,8.24621,8.24621,8.24621,8.24621,8.24621,8.24621,8.24621,8.06226,7.07107,7.07107,7.07107,7.0,6.0,6.0,6.0,5.0,5.09902,5.09902,4.47214,4.12311,4.12311,3.16228,3.60555,3.60555,3.60555,2.82843,2.82843,2.82843,2.23607,1.41421,1.41421,1.41421,1.0,1.0,52.20153,53.15073,51.97115,50.48762,49.25444,48.09366,51.0392,51.0392,49.0102,47.01064,49.0,47.26521,48.16638,45.17743,47.51842,45.54119,43.73786,46.32494,43.56604,43.41659,43.73786,43.73786,41.7732,44.38468,43.73786,41.7732,39.62323,41.7732,38.83298,38.83298,35.22783,36.22154,37.21559,34.05877,32.01562,35.0,34.05877,31.257,30.41381,26.92582,26.24881,23.4094,22.47221,17.88854,19.72308,19.10497,17.80449,15.6205,14.21267,13.89244,11.7047,10.29563,12.08305,9.84886,11.18034,10.04988,10.0,51.08816,52.00961,53.00943,53.0,56.0357,54.12024,56.4358,56.35601,59.9333,55.9017,60.82763,61.77378,64.84597,63.97656,66.30988,65.39113,64.62198,64.62198,68.02941,65.9242,62.24147,60.41523,63.56099,62.6099,62.17717,64.88451,62.26556,59.5399,61.40033,62.96825,60.74537,65.0,65.43699,63.12686,63.12686,61.7171,62.93648,65.05382,64.38167,66.21933,64.44377,67.00746,65.0,68.00735,64.07027,66.21933,64.3506,64.07027,61.58734,64.00781,64.49806,60.82763,57.70615,56.85948,57.27128,60.53924,56.30275
9.21954,9.21954,8.48528,9.21954,9.21954,9.21954,9.21954,8.60233,9.21954,8.60233,8.60233,8.60233,8.06226,8.06226,8.06226,8.60233,8.06226,8.06226,8.06226,8.06226,8.06226,8.06226,8.06226,7.2111,7.2111,7.2111,7.2111,6.40312,6.40312,6.40312,5.65685,5.65685,5.65685,5.0,5.0,5.0,4.47214,3.60555,3.16228,3.16228,3.16228,3.16228,2.0,2.0,2.0,2.0,2.0,1.0,1.41421,1.41421,1.41421,1.41421,53.15073,50.44799,51.66237,51.24451,49.39636,50.32892,47.53946,48.33218,46.14109,46.52956,45.79301,44.41846,48.02083,45.0,46.14109,45.0,42.63801,44.20407,44.68781,43.60046,48.60041,41.40048,41.10961,41.72529,38.60052,39.82462,37.53665,38.41875,36.79674,40.45986,40.22437,39.44617,32.24903,32.24903,32.20248,32.20248,31.01612,29.15476,26.92582,25.4951,24.73863,25.01999,20.02498,17.02939,18.0,16.27882,19.64688,13.60147,13.41641,13.92839,14.76482,12.08305,10.63015,7.81025,8.06226,11.18034,11.40175,51.47815,51.42956,50.24938,54.91812,53.53504,55.56978,57.98276,60.74537,62.42596,56.30275,59.20304,61.40033,64.03124,68.24954,66.6033,59.39697,65.79514,60.1415,65.80274,63.03174,62.00806,65.29931,59.40539,63.41136,64.03124,63.24555,63.24555,65.19202,59.90826,63.28507,57.80138,63.06346,59.9333,62.03225,62.96825,62.62587,61.03278,62.39391,61.98387,66.76077,68.65858,64.7611,67.91171,62.80127,64.93843,64.77654,64.62971,64.28063,64.07027,61.13101,62.03225,62.20129,62.1289,54.03702,59.00847,59.0,55.08176
8.544,8.544,8.544,8.24621,8.24621,7.61577,8.24621,8.24621,8.24621,8.06226,7.28011,7.07107,7.07107,7.07107,7.07107,8.06226,7.07107,7.07107,7.07107,7.07107,7.07107,7.07107,7.07107,6.08276,6.08276,6.08276,6.32456,6.32456,5.38516,5.38516,5.38516,4.47214,4.47214,4.47214,5.0,4.24264,4.24264,3.60555,3.60555,3.16228,3.16228,3.16228,3.16228,3.0,3.0,3.0,3.0,2.0,2.0,2.23607,2.23607,2.23607,53.25411,50.24938,53.22593,48.30114,49.65884,49.65884,48.46648,49.98,46.8188,47.75982,47.80167,48.05206,47.29693,44.55334,45.70558,45.70558,45.39824,46.38965,44.55334,42.19005,44.28318,40.31129,42.10701,39.45884,40.1995,41.19466,40.1995,39.20459,37.33631,36.87818,35.44009,36.40055,36.40055,36.40055,31.62278,33.83785,30.36445,26.83282,28.17801,25.4951,25.45584,24.04163,23.43075,19.10497,22.02272,20.80865,17.0,15.0,16.49242,13.92839,13.34166,14.0,11.18034,12.04159,9.05539,12.64911,10.44031,52.20153,52.20153,52.88667,57.00877,54.57105,56.51548,57.87055,60.41523,62.80127,59.68249,63.63961,62.39391,63.50591,64.28063,65.37584,64.19502,66.61081,64.19502,65.27634,63.3877,64.62971,62.64982,63.63961,63.63961,62.64982,64.7611,62.64982,62.36986,62.8172,68.15424,59.20304,61.98387,62.62587,62.76942,63.15853,62.76942,65.29931,65.76473,64.88451,65.51336,68.26419,64.3506,66.28725,66.61081,66.0303,64.66065,62.62587,64.38167,65.11528,63.70243,64.44377,61.7171,62.2254,57.28001,58.69412,59.5483,57.31492
9.84886,8.94427,8.94427,8.94427,8.94427,8.94427,9.43398,8.60233,8.60233,8.60233,8.60233,8.60233,7.81025,7.81025,7.81025,7.81025,7.81025,7.81025,7.81025,7.81025,7.81025,7.81025,7.81025,7.07107,6.40312,7.2111,7.2111,6.7082,5.83095,6.7082,5.38516,5.38516,5.38516,5.09902,5.09902,5.09902,5.0,4.0,4.0,4.0,4.12311,4.12311,3.16228,3.16228,3.16228,3.16228,3.16228,2.82843,2.82843,2.82843,2.82843,2.82843,55.44367,54.33231,52.61179,53.75872,52.17279,53.85165,49.64877,48.8467,48.10405,47.16991,47.16991,50.15974,48.33218,46.95743,47.42362,48.76474,48.54894,44.41846,47.41308,44.77723,44.41846,45.79301,41.67733,43.01163,40.49691,39.11521,39.82462,41.04875,40.81666,40.49691,39.35734,38.48376,35.34119,33.61547,37.85499,32.01562,29.12044,30.36445,27.29469,30.14963,27.07397,29.15476,23.34524,21.2132,20.61553,19.64688,21.93171,14.76482,15.65248,17.88854,16.12452,12.80625,10.63015,10.0,7.61577,12.52996,10.44031,54.20332,56.4358,53.25411,55.21775,58.24946,57.62812,57.62812,61.84658,62.36986,59.5483,62.28965,64.44377,64.66065,69.31089,67.89698,62.96825,65.79514,67.17887,63.70243,65.76473,63.70243,66.48308,65.06919,65.8559,63.12686,67.00746,63.89053,65.0,61.61169,62.43397,63.28507,62.68174,61.58734,64.00781,63.06346,63.97656,64.4748,63.32456,67.41662,64.84597,69.57011,66.76077,67.72001,71.30919,64.28841,64.77654,67.26812,66.61081,66.91039,67.26812,62.64982,65.76473,65.37584,61.40033,63.03174,62.03225,56.0803
9.43398,9.43398,8.94427,9.43398,8.94427,8.94427,8.544,8.544,8.544,8.544,8.544,8.24621,8.544,8.24621,8.24621,8.24621,8.24621,8.24621,8.24621,8.24621,8.24621,8.24621,7.28011,7.28011,7.28011,7.28011,7.28011,7.61577,6.7082,6.7082,6.7082,6.7082,5.83095,5.83095,5.0,5.0,5.0,4.24264,4.24264,4.24264,3.60555,3.60555,3.60555,3.16228,3.16228,2.23607,2.23607,3.16228,2.0,2.0,2.0,2.0,53.60037,53.41348,51.73973,54.48853,50.93133,51.73973,47.80167,47.42362,48.27007,51.40039,50.77401,49.24429,48.8774,46.14109,44.29447,49.24429,46.95743,47.41308,46.95743,47.53946,45.31004,43.38202,43.82921,44.38468,41.23106,44.01136,42.95346,41.62932,42.94182,39.39543,39.81206,38.91015,36.89173,37.01351,34.0,33.42155,32.55764,30.4795,31.89044,29.0,26.24881,24.20744,23.25941,21.47091,20.12461,19.31321,16.15549,15.52417,13.34166,15.0,13.34166,12.0,12.16553,12.16553,13.41641,7.2111,10.63015,49.16299,50.48762,52.61179,55.54278,56.29387,57.72348,54.12024,59.48109,61.98387,63.60031,63.24555,64.19502,63.56886,65.78754,62.62587,64.2573,65.19202,65.45991,64.19502,64.51356,65.52099,65.45991,66.48308,67.35726,66.21933,63.78871,61.61169,64.53681,65.11528,67.60178,63.28507,65.27634,64.00781,65.03076,65.12296,62.07254,65.49046,66.1211,65.49046,65.76473,66.28725,65.73431,63.32456,67.46851,66.76077,69.64194,66.09841,66.40783,66.40783,66.12866,64.62198,61.32699,60.41523,60.92618,59.03389,59.03389,57.70615
9.43398,8.60233,9.21954,8.60233,9.21954,8.60233,8.48528,8.48528,8.48528,8.48528,8.48528,8.48528,7.81025,7.81025,7.81025,7.81025,7.81025,7.81025,7.81025,7.81025,7.81025,7.07107,7.07107,7.07107,7.07107,7.07107,7.07107,6.40312,6.40312,6.40312,5.83095,5.83095,5.38516,5.38516,5.38516,5.38516,5.09902,4.12311,4.0,4.0,4.0,4.0,3.16228,3.16228,3.16228,3.16228,3.16228,2.23607,2.82843,2.82843,2.82843,2.82843,48.37355,51.88449,51.40039,52.43091,49.40648,47.63402,47.50789,50.20956,48.79549,46.66905,48.16638,46.75468,45.96738,46.01087,45.27693,46.75468,44.40721,43.41659,43.01163,46.87217,46.04346,44.20407,42.72002,41.88078,40.0,38.83298,43.41659,41.23106,39.82462,40.31129,37.48333,36.76955,33.97058,31.82766,33.94113,29.41088,31.62278,30.80584,28.84441,26.83282,28.63564,26.57066,20.88061,18.43909,18.68154,19.41649,17.0,18.11077,17.0,15.29706,15.23155,15.23155,10.81665,12.20656,12.04159,11.31371,11.31371,50.24938,51.35173,54.58938,55.10898,58.5235,54.40588,58.5235,58.82176,62.64184,60.16644,64.2573,63.69458,62.03225,61.84658,62.76942,63.56099,62.96825,68.02941,65.0,62.96825,63.90618,62.03225,64.62198,66.7308,64.2573,62.03225,60.08328,61.13101,65.51336,63.15061,62.96825,61.66036,65.49046,60.20797,63.3877,61.20457,64.03124,64.0,62.00806,64.03124,62.07254,69.18092,63.3877,63.95311,62.64982,68.44706,64.13267,64.32729,65.51336,63.78871,62.16912,61.13101,58.5235,62.36185,58.5235,55.97321,57.93962
9.48683,9.48683,9.48683,9.48683,9.84886,8.544,8.94427,8.94427,8.94427,8.94427,8.94427,9.43398,9.43398,8.60233,8.60233,8.60233,8.60233,8.06226,8.60233,8.60233,8.60233,8.60233,8.06226,8.60233,8.06226,7.2111,6.7082,7.61577,7.61577,6.32456,6.32456,6.32456,6.32456,6.08276,5.09902,5.09902,5.0,5.09902,4.0,4.0,3.0,3.16228,3.16228,3.16228,2.23607,2.23607,2.23607,2.23607,2.23607,2.23607,1.41421,1.41421,54.23099,54.14795,56.22277,53.15073,50.24938,50.44799,51.41984,50.0,49.33559,47.16991,49.0408,43.46263,51.07837,49.24429,44.94441,45.17743,46.61545,45.18849,47.88528,42.48529,47.88528,44.28318,44.94441,46.51881,41.62932,42.54409,40.24922,40.70626,43.04649,38.94868,40.71855,37.57659,37.94733,37.64306,33.83785,34.52535,31.40064,35.22783,30.06659,25.01999,25.01999,24.08319,24.33105,23.19483,18.68154,15.81139,16.55295,17.0,12.20656,12.72792,12.20656,11.6619,14.21267,10.63015,14.31782,10.77033,12.16553,51.0,52.35456,54.3783,56.22277,55.80323,57.00877,55.31727,58.25805,60.20797,58.79626,61.52235,62.2254,64.3506,65.76473,66.48308,65.11528,66.48308,64.38167,64.3506,66.48308,64.38167,67.20863,62.28965,65.8559,65.11528,64.53681,61.22091,64.66065,62.80127,65.80274,62.00806,63.28507,62.76942,64.49806,65.76473,62.17717,64.84597,64.07808,64.62198,66.85058,66.7308,64.56005,66.40783,65.45991,66.48308,63.32456,66.48308,66.28725,63.78871,63.15061,62.36986,63.95311,63.63961,60.53098,60.29925,63.50591,58.07753
9.43398,8.60233,8.60233,8.60233,8.48528,9.21954,8.48528,8.48528,8.48528,8.48528,8.48528,8.48528,7.81025,7.81025,7.81025,7.81025,8.60233,7.81025,7.2111,7.2111,7.81025,7.81025,7.81025,7.2111,7.07107,7.07107,7.07107,6.40312,6.40312,6.40312,5.0,5.0,5.0,4.47214,4.47214,4.47214,4.12311,3.16228,3.16228,3.0,3.0,3.0,2.0,2.0,2.0,2.0,1.41421,1.41421,1.41421,1.41421,1.41421,1.0,53.85165,52.20153,50.92151,50.32892,45.22168,47.85394,47.88528,46.95743,47.88528,47.01064,44.94441,48.01042,49.64877,44.82187,44.10215,45.22168,43.41659,41.40048,43.13931,45.45327,43.27817,43.18565,40.31129,39.62323,39.62323,41.01219,43.18565,36.79674,39.82462,41.88078,37.44329,39.11521,32.80244,31.90611,35.35534,28.17801,29.96665,29.96665,27.20294,28.23119,26.1725,25.0,21.2132,21.0238,22.0,19.10497,17.72005,13.92839,15.23155,14.31782,12.36932,11.6619,12.04159,11.31371,10.0,8.94427,9.48683,51.89412,51.89412,55.4617,53.23533,56.4358,56.60389,54.70832,57.98276,58.24946,57.98276,60.44005,62.36986,65.60488,66.21933,64.81512,64.03124,65.29931,63.89053,62.80127,62.80127,64.40497,65.60488,64.2028,62.00806,63.25346,62.80127,62.20129,61.40033,62.43397,60.41523,61.26989,60.37384,59.09315,61.09828,62.29767,63.89053,65.45991,64.19502,64.03124,65.73431,63.15061,65.9242,63.95311,64.28063,59.5399,65.76473,63.28507,63.12686,64.00781,61.0082,62.03225,64.00781,61.0,58.03447,58.0,58.07753,53.15073
9.48683,9.48683,9.84886,9.84886,9.84886,9.84886,8.94427,8.94427,8.94427,9.43398,9.43398,9.43398,9.43398,9.43398,8.60233,8.60233,8.60233,8.60233,8.60233,8.60233,8.60233,8.60233,8.06226,8.60233,8.06226,8.06226,7.2111,8.06226,7.61577,6.7082,6.32456,6.32456,6.32456,6.32456,5.09902,5.09902,5.0,5.0,4.0,4.0,4.0,3.16228,3.16228,3.16228,3.16228,2.23607,2.23607,2.23607,2.23607,2.23607,1.41421,1.41421,55.7315,56.51548,54.57105,51.5461,52.49762,50.15974,50.69517,51.42956,51.42956,47.41308,45.65085,46.14109,46.87217,49.73932,45.48626,47.01064,48.01042,45.60702,47.80167,46.75468,45.45327,43.27817,44.04543,45.0,43.26662,43.41659,42.80187,43.41659,41.40048,38.27532,38.60052,38.58756,35.80503,36.35932,33.12099,32.69557,31.62278,31.32092,29.12044,27.29469,23.34524,24.08319,23.19483,22.02272,23.0,18.11077,18.11077,17.26268,16.76305,14.42221,13.60147,13.0384,14.42221,13.60147,12.72792,11.31371,9.84886,51.42956,52.47857,56.60389,54.08327,55.21775,55.80323,57.48913,58.89822,60.959,62.28965,64.53681,61.6198,66.6033,67.20863,65.05382,66.48308,64.3506,63.65532,64.38167,65.11528,62.96825,68.76772,63.03174,63.03174,63.25346,64.81512,64.81512,64.63745,62.42596,65.19202,60.90156,62.76942,63.52952,64.41273,66.64083,64.40497,63.15853,64.84597,66.76077,69.92138,65.52099,66.94027,63.56099,67.46851,64.77654,67.68309,66.91039,64.77654,65.37584,65.19202,63.1981,62.1289,62.07254,58.03447,58.13777,59.03389,59.3043
9.0,9.0,9.05539,9.05539,9.05539,9.05539,9.05539,8.24621,8.24621,8.24621,9.21954,8.24621,8.544,8.24621,8.544,8.24621,8.544,7.28011,8.544,8.544,8.544,8.544,7.28011,7.61577,7.28011,7.28011,7.07107,7.28011,7.07107,7.07107,6.08276,6.0,6.0,5.0,5.09902,5.09902,4.12311,4.12311,4.12311,3.16228,3.60555,3.16228,3.16228,2.23607,2.23607,2.23607,1.41421,1.41421,1.41421,1.41421,1.41421,1.0,52.0,53.31041,49.64877,50.69517,51.86521,44.27189,50.9902,49.47727,51.1957,43.41659,50.35871,46.04346,45.54119,50.08992,44.10215,44.01136,47.04253,44.0,43.01163,46.0,41.0,44.0,40.04997,43.0,40.04997,40.0,44.10215,43.10452,41.0,40.11234,35.0571,36.49658,38.20995,32.55764,36.34556,31.257,32.75668,31.95309,29.15476,25.94224,23.32381,22.2036,25.6125,21.63331,22.02272,20.61553,15.0,17.69181,13.89244,12.08305,12.36932,12.36932,12.64911,11.04536,10.04988,8.06226,11.7047,50.24938,46.14109,55.00909,52.39275,57.58472,51.26402,55.36244,61.03278,60.72891,63.24555,58.82176,62.93648,63.89053,62.93648,59.90826,67.44627,62.0967,64.32729,59.66574,60.87693,62.36185,64.28841,64.03124,63.60031,61.40033,61.35145,60.74537,57.93962,61.46544,57.00877,63.69458,61.40033,60.41523,63.51378,64.14047,62.26556,61.61169,60.0,63.41136,62.62587,60.44005,65.79514,60.1415,67.17887,59.39697,65.06919,62.96825,64.3506,61.6198,64.53681,61.07373,58.89822,56.40035,60.0,60.46487,56.0357,57.45433
9.89949,9.21954,10.0,10.0,10.0,9.43398,9.43398,9.43398,9.43398,9.43398,9.43398,9.43398,9.43398,8.94427,8.94427,8.94427,8.544,8.94427,8.94427,8.544,8.94427,8.94427,8.06226,8.06226,8.06226,8.06226,7.2111,7.2111,7.2111,7.2111,6.40312,6.40312,6.40312,5.65685,5.65685,5.0,5.0,5.0,4.47214,4.47214,4.12311,3.16228,4.12311,3.16228,3.16228,3.0,3.0,3.0,3.0,2.0,2.0,2.23607,52.83938,52.15362,54.03702,51.85557,52.49762,49.57822,53.03772,47.38143,48.08326,47.50789,49.0408,47.20169,48.60041,47.01064,48.01042,48.02083,50.0,46.32494,45.79301,45.17743,44.77723,46.14109,44.94441,43.56604,39.96248,45.79301,39.82462,43.01163,42.80187,40.49691,38.07887,39.05125,37.48333,37.53665,34.71311,34.71311,34.65545,31.40064,31.90611,25.55386,27.78489,22.36068,25.07987,24.04163,22.80351,19.64688,15.29706,20.02498,16.03122,14.14214,14.0,12.36932,14.56022,13.92839,11.40175,10.77033,8.94427,51.0,52.03845,54.14795,55.44367,54.74486,55.9017,60.01666,58.24946,60.63827,58.69412,63.78871,63.89053,65.0,66.76077,67.35726,62.93648,64.84597,65.45991,63.56099,63.24555,65.52099,67.35726,64.28841,65.73431,65.0,64.32729,64.32729,64.13267,65.62012,64.77654,62.28965,63.28507,64.07027,63.07139,65.0,65.06919,66.18912,64.19502,66.61081,66.91039,63.63961,66.4906,65.73431,68.88396,64.03124,64.84597,63.32456,64.51356,62.93648,66.21933,62.62587,62.76942,63.56886,59.61543,60.41523,61.46544,62.24147
8.60233,8.60233,8.06226,8.06226,8.06226,8.06226,8.06226,7.61577,7.61577,7.61577,8.06226,7.61577,7.61577,7.61577,7.28011,7.61577,7.28011,7.61577,7.28011,7.28011,7.28011,7.28011,7.28011,6.32456,6.32456,6.7082,6.7082,5.83095,5.83095,5.83095,5.83095,5.0,5.0,4.24264,5.0,5.0,4.47214,3.60555,3.60555,3.16228,4.12311,4.12311,3.0,3.0,3.0,3.0,3.0,2.23607,2.23607,2.23607,2.23607,2.82843,50.32892,51.66237,50.44799,46.09772,49.64877,48.82622,48.37355,48.02083,49.73932,47.88528,47.85394,47.01064,45.69464,45.31004,44.59821,46.48656,46.17359,43.68066,44.92215,47.12749,43.9659,41.23106,41.7732,44.14748,41.0,40.80441,39.84972,42.95346,41.97618,39.84972,36.05551,38.8973,38.27532,36.05551,34.1321,30.88689,31.38471,32.69557,31.38471,30.41381,26.1725,24.08319,22.67157,20.51828,21.26029,21.09502,20.61553,18.35756,18.68154,15.0333,18.02776,12.0,12.0,12.16553,10.04988,12.08305,10.04988,53.03772,53.00943,55.0,56.14268,57.21888,60.13319,58.85576,59.84146,58.0517,60.67125,62.96825,65.9242,66.75328,63.95311,67.46851,66.4906,66.28725,66.4906,66.4906,67.08204,67.89698,66.28725,64.13267,65.37584,63.3877,64.28063,64.12488,64.19502,64.03124,62.0,62.03225,65.19202,66.27217,65.37584,66.75328,65.76473,63.78871,64.28841,67.6757,66.12866,66.7308,65.55151,65.9242,69.857,65.9242,63.56099,63.97656,65.30697,66.7308,64.88451,64.14047,63.51378,60.41523,62.1289,61.40033,64.81512,56.61272
10.04988,9.05539,10.04988,9.05539,9.21954,9.21954,9.21954,9.21954,9.21954,8.24621,8.544,9.48683,8.544,8.544,8.544,8.544,8.544,8.544,7.61577,7.61577,7.61577,7.61577,8.544,7.28011,7.28011,7.28011,7.28011,7.28011,6.08276,7.07107,6.0,6.0,6.0,6.0,6.08276,5.09902,5.09902,4.47214,4.47214,4.47214,4.47214,3.60555,3.60555,3.60555,3.60555,2.82843,2.82843,2.82843,2.23607,2.23607,2.23607,2.23607,53.00943,52.08647,53.00943,50.08992,50.24938,49.36598,48.83646,46.87217,48.27007,50.01,47.53946,49.47727,47.16991,45.22168,47.43416,46.17359,45.54119,43.65776,40.31129,45.18849,45.88028,42.15448,44.28318,41.18252,42.05948,39.35734,43.82921,39.92493,38.27532,43.01163,38.8973,38.60052,36.40055,37.10795,36.87818,32.38827,33.24154,27.16616,30.01666,28.01785,26.01922,24.18677,24.04163,19.64688,16.76305,21.54066,20.12461,14.21267,17.20465,15.0,17.02939,15.55635,13.0384,11.7047,10.44031,10.44031,12.64911,50.9902,53.07542,53.90733,58.0517,57.31492,56.63921,56.56854,60.10824,58.13777,60.87693,61.22091,66.61081,62.80127,67.42403,61.85467,64.63745,66.28725,63.82006,66.61081,64.03124,66.06815,67.62396,66.21933,64.2028,64.81512,65.43699,65.29931,64.38167,64.3506,65.05382,64.44377,63.25346,66.4003,63.51378,66.03787,64.3506,66.03787,67.41662,65.8635,65.36819,67.1193,68.8767,70.68239,67.62396,65.19202,70.88018,66.40783,67.72001,63.06346,65.25335,63.90618,67.18631,63.06346,62.8172,61.13101,56.56854,57.70615
9.48683,9.48683,8.544,8.544,8.544,8.94427,8.94427,8.94427,8.94427,8.06226,8.06226,8.60233,8.60233,7.2111,8.06226,8.60233,8.60233,7.81025,7.2111,7.2111,7.2111,7.2111,7.2111,7.2111,7.2111,7.2111,7.2111,6.7082,6.7082,6.7082,6.32456,6.08276,6.08276,5.09902,5.09902,5.09902,5.0,4.0,4.0,4.12311,4.12311,4.12311,3.16228,3.16228,3.60555,3.16228,2.82843,2.82843,2.82843,2.82843,2.82843,2.23607,51.08816,52.23983,52.7731,52.61179,51.78803,50.21952,49.0408,48.76474,50.96077,49.64877,48.46648,49.76947,48.33218,48.30114,44.72136,46.95743,46.14109,43.04649,44.41846,48.25971,45.22168,48.8774,43.26662,40.49691,40.81666,39.40812,44.94441,43.04649,39.96248,42.48529,39.56008,37.58989,36.76955,33.10589,36.68787,31.32092,31.62278,32.75668,30.59412,30.80584,28.28427,26.0,25.17936,21.2132,21.2132,25.17936,18.43909,18.38478,17.49286,16.12452,14.76482,12.52996,12.04159,12.20656,13.0384,13.45362,11.40175,49.57822,52.49762,57.38467,57.31492,57.31492,59.5483,57.62812,59.20304,60.60528,63.41136,65.80274,64.63745,65.80274,63.24555,62.42596,66.0303,66.21933,67.41662,66.61081,64.63745,65.60488,62.62587,66.4003,67.62396,64.2028,63.78087,61.55485,62.93648,65.05382,63.03174,63.03174,64.53681,65.94695,61.61169,67.95587,65.19202,67.41662,65.76473,64.40497,63.97656,63.95311,68.62215,66.48308,68.70953,65.45991,67.35726,64.03124,65.25335,65.96969,67.91171,62.16912,62.96825,62.16912,66.91039,62.1289,59.3043,63.28507
9.21954,9.21954,9.43398,8.60233,8.60233,8.60233,9.43398,9.43398,8.94427,8.94427,8.94427,8.94427,8.544,8.544,8.544,8.94427,8.544,8.544,7.61577,8.544,7.61577,7.61577,8.06226,7.61577,7.61577,7.61577,7.2111,6.7082,6.7082,6.40312,5.83095,5.0,5.0,4.24264,5.0,5.0,5.0,3.60555,3.60555,3.16228,3.16228,3.16228,2.23607,3.0,2.0,2.0,2.0,1.0,1.0,1.0,1.41421,1.41421,50.9902,48.79549,50.32892,49.67897,50.44799,46.75468,46.61545,47.50789,48.25971,45.22168,45.79301,48.37355,47.50789,46.51881,46.06517,46.95743,45.54119,44.27189,42.72002,46.48656,44.01136,44.77723,41.48494,39.84972,38.62642,42.37924,42.04759,38.62642,38.48376,39.39543,38.47077,38.94868,36.67424,37.57659,36.61967,33.01515,29.41088,30.0,26.1725,27.80288,27.20294,25.05993,21.63331,20.12461,19.72308,22.36068,20.24846,15.52417,15.13275,14.03567,14.31782,11.18034,10.04988,10.19804,9.43398,9.43398,12.80625,50.24938,48.04165,54.00926,54.03702,55.03635,54.08327,56.4358,55.22681,58.54912,60.67125,62.16912,62.16912,62.80127,61.0,61.98387,64.32729,64.03124,64.53681,64.53681,63.78871,63.95311,64.32729,62.58594,63.50591,60.67125,63.78871,61.40033,59.21149,62.03225,64.12488,62.00806,62.00806,60.20797,62.514,62.514,60.01666,62.514,63.15061,64.32729,65.73431,62.0967,65.45991,65.45991,65.78754,62.62587,62.96825,61.09828,66.21178,64.62198,62.64982,61.7414,61.26989,61.7414,59.48109,58.83026,54.70832,56.61272
9.21954,9.21954,9.48683,9.48683,9.48683,8.544,8.544,8.544,8.544,8.94427,8.544,8.94427,8.94427,8.06226,8.06226,8.06226,8.06226,8.06226,8.06226,8.06226,8.06226,8.06226,8.06226,8.06226,8.06226,7.61577,7.61577,6.7082,6.7082,6.32456,6.32456,6.32456,6.08276,5.09902,5.09902,5.09902,5.0,4.0,4.0,4.0,4.12311,3.16228,3.0,3.16228,3.16228,2.23607,2.23607,2.23607,2.23607,2.23607,1.41421,1.41421,56.29387,52.34501,51.08816,51.0392,50.01,47.04253,48.09366,51.15662,49.16299,48.16638,49.36598,45.70558,48.83646,47.29693,46.57252,46.32494,45.88028,46.57252,48.08326,42.05948,47.53946,43.01163,43.32436,43.32436,43.68066,43.65776,39.56008,41.4367,40.80441,39.56008,38.27532,38.83298,38.63936,38.07887,36.22154,33.37664,32.14032,35.12834,33.06055,29.42788,27.65863,22.47221,23.76973,24.69818,22.13594,20.59126,17.88854,17.0,17.02939,13.89244,13.60147,13.60147,9.21954,11.6619,10.81665,11.7047,11.0,52.40229,53.41348,53.53504,58.24946,54.91812,55.56978,56.35601,57.70615,62.16912,60.37384,61.7171,64.00781,64.40497,63.97656,65.74192,64.07808,65.9242,63.69458,64.84597,67.1193,60.83584,64.88451,63.56099,64.00781,60.41523,63.81222,62.43397,66.24198,61.29437,63.24555,58.24946,64.81512,64.81512,65.29931,63.12686,62.24147,61.6198,61.84658,63.89053,65.21503,68.24954,60.74537,65.45991,66.57327,67.41662,64.89992,67.1193,63.13478,64.49806,62.64982,63.56099,65.0,62.64982,58.30952,62.03225,61.84658,59.77458
9.21954,9.21954,9.89949,9.89949,9.89949,9.21954,9.21954,9.21954,9.21954,9.21954,8.60233,8.60233,8.60233,8.60233,8.60233,8.60233,8.60233,8.06226,8.60233,8.60233,8.60233,8.60233,7.81025,8.60233,7.81025,7.2111,7.81025,7.81025,7.07107,7.07107,6.40312,6.40312,6.40312,5.83095,5.83095,5.0,4.47214,4.47214,4.47214,4.12311,4.12311,3.16228,4.12311,3.0,3.0,3.0,2.0,3.0,2.0,2.23607,2.23607,1.41421,55.02727,53.14132,51.62364,50.9902,50.53712,50.11986,49.39636,51.47815,48.54894,46.2277,45.80393,48.10405,49.0408,45.0,42.44997,43.86342,50.24938,47.38143,45.25483,45.96738,44.59821,44.55334,43.93177,43.18565,46.01087,44.55334,41.86884,40.45986,40.36087,40.31129,38.94868,38.28838,39.20459,34.82815,33.42155,34.48188,34.48188,35.77709,32.31099,28.79236,26.40076,24.04163,24.73863,25.17936,23.19483,18.0,20.09975,19.0263,16.49242,15.29706,15.52417,13.92839,13.0,13.0384,11.18034,10.81665,8.60233,49.0408,50.53712,50.9902,55.00909,53.23533,56.35601,58.00862,59.16925,63.51378,60.46487,59.64059,64.89992,62.00806,67.42403,70.60453,63.12686,66.85058,65.43699,63.82006,66.4003,63.60031,66.0303,62.42596,64.07027,61.03278,66.03787,64.66065,62.76942,61.77378,65.29931,60.53924,62.76942,62.39391,61.68468,63.89053,64.84597,63.78871,64.28841,64.32729,66.09841,68.73136,63.1981,63.3877,66.37017,67.02984,61.0082,63.00794,65.00769,65.00769,64.00781,63.00794,64.19502,64.03124,58.30952,61.66036,56.7186,59.22837
9.05539,9.05539,9.05539,9.05539,9.05539,9.21954,9.21954,9.21954,8.24621,8.24621,8.24621,8.544,8.544,8.24621,7.28011,8.544,7.61577,8.544,7.61577,7.61577,7.28011,7.28011,7.61577,7.28011,7.28011,7.28011,7.07107,7.07107,7.07107,7.07107,6.0,6.0,6.0,6.08276,5.09902,5.09902,5.09902,4.47214,4.47214,4.47214,4.47214,3.60555,3.60555,3.60555,2.82843,2.82843,2.82843,2.82843,2.23607,2.23607,2.23607,2.23607,55.00909,54.08327,50.24938,53.33854,52.46904,50.01,48.76474,47.29693,47.53946,46.84015,47.12749,47.75982,49.24429,47.43416,46.84015,46.09772,45.18849,44.72136,42.48529,46.06517,47.01064,45.31004,42.05948,42.05948,41.59327,41.14608,41.62932,42.04759,40.31129,42.54409,39.56008,40.80441,36.40055,36.67424,37.85499,31.57531,30.26549,29.0,31.0,30.01666,28.01785,24.18677,23.76973,21.58703,18.97367,18.97367,18.68154,17.80449,16.12452,16.27882,17.02939,14.86607,11.40175,13.0384,13.41641,13.41641,8.544,54.12024,52.35456,54.70832,57.14018,58.00862,56.85068,59.20304,57.31492,62.96825,63.03174,62.96825,63.12686,66.48308,65.79514,65.76473,66.48308,67.89698,65.8559,65.06919,64.3506,66.48308,63.65532,63.63961,63.78087,64.38167,65.11528,65.29931,62.36986,64.66065,62.20129,64.63745,63.24555,64.07027,62.1289,64.66065,63.06346,64.84597,65.79514,66.30988,66.48308,64.84597,69.28925,66.7308,67.6757,61.03278,67.44627,65.80274,66.70832,63.34824,65.73431,61.18823,65.62012,63.15061,58.85576,62.64982,59.4138,58.30952
9.21954,8.60233,9.43398,9.43398,9.43398,9.43398,8.94427,8.94427,8.94427,8.544,8.94427,8.94427,8.94427,8.544,8.544,8.544,8.544,8.544,8.24621,8.24621,8.24621,8.24621,8.544,7.28011,7.61577,7.61577,7.61577,6.7082,6.7082,6.7082,5.83095,5.83095,5.83095,5.0,5.0,5.0,4.24264,4.24264,3.60555,3.60555,3.60555,3.60555,2.23607,2.23607,2.23607,2.23607,2.23607,2.0,1.0,1.0,1.0,1.0,50.20956,52.40229,51.08816,50.32892,55.0,47.80167,51.10773,49.24429,48.37355,46.52956,45.61798,46.06517,48.8467,46.23851,44.94441,46.17359,49.64877,43.9659,43.65776,47.12749,44.59821,48.70318,41.97618,41.10961,41.23106,41.76123,43.32436,40.49691,41.10961,40.16217,39.21734,39.81206,39.0,30.8707,38.58756,31.38471,30.52868,30.0,29.06888,27.65863,26.24881,26.90725,20.51828,21.40093,17.80449,21.09502,18.02776,15.81139,15.52417,16.27882,15.13275,14.03567,10.44031,11.40175,8.544,9.21954,9.84886,52.61179,51.24451,57.03508,55.00909,60.00833,54.14795,57.14018,57.03508,62.28965,62.39391,59.5399,62.64982,67.26812,65.62012,64.62971,67.89698,66.91039,69.87131,63.50591,65.11528,64.13267,65.76473,65.9242,63.12686,64.28063,62.1289,64.07027,62.07254,65.03076,61.0082,65.27634,61.03278,61.40033,62.39391,62.514,65.9242,65.30697,65.96969,66.09841,63.56886,60.72891,68.00735,62.39391,67.77905,62.39391,62.16912,63.56099,63.50591,63.95311,66.24198,60.53924,64.00781,56.93856,58.24946,57.2014,60.21628,58.60034
8.60233,8.06226,8.06226,8.06226,8.06226,8.06226,7.61577,7.61577,7.61577,7.61577,7.61577,7.28011,7.28011,7.28011,7.28011,7.28011,7.28011,7.28011,7.28011,7.28011,7.28011,7.28011,7.28011,6.32456,6.32456,6.32456,6.32456,6.32456,5.38516,5.38516,5.0,5.0,5.0,5.0,4.24264,4.24264,3.60555,3.60555,3.60555,3.16228,2.23607,2.23607,3.0,2.0,2.0,2.0,1.0,2.23607,2.23607,2.23607,1.41421,1.41421,53.03772,50.91169,49.81967,50.24938,49.92995,48.02083,47.50789,47.50789,48.76474,44.38468,45.88028,46.17359,46.17359,45.22168,45.88028,43.41659,46.8188,44.38468,41.0,45.89118,43.73786,44.38468,41.30375,41.97618,41.7732,43.93177,41.4367,41.10961,42.2019,37.94733,39.56008,39.56008,39.21734,34.53983,34.78505,32.69557,30.01666,30.01666,30.01666,25.0,23.02173,26.1725,22.80351,22.02272,21.09502,15.81139,13.60147,15.81139,14.56022,11.7047,13.60147,11.40175,13.0384,12.16553,11.18034,10.44031,6.32456,54.08327,53.00943,56.0357,55.08176,59.03389,56.22277,58.07753,61.13101,61.13101,64.49806,63.78871,66.28725,68.24954,65.73431,62.16912,66.70832,67.46851,66.4906,65.76473,67.36468,68.35934,64.77654,66.48308,67.89698,65.62012,64.38167,61.20457,64.19502,64.00781,64.00781,66.0303,63.1981,64.49806,63.15061,63.34824,63.78871,66.21933,64.53681,64.03124,64.28841,66.76077,65.19202,66.48308,66.85058,65.39113,64.49806,65.0,65.51336,66.7308,64.49806,64.41273,63.13478,61.58734,59.40539,60.03332,60.80296,56.61272
8.60233,8.06226,8.94427,8.06226,8.94427,7.61577,7.61577,7.61577,7.61577,7.61577,7.28011,8.24621,8.24621,7.28011,7.28011,8.06226,7.07107,7.07107,7.07107,7.07107,7.28011,7.28011,7.07107,7.07107,7.28011,6.32456,6.32456,6.32456,5.38516,5.38516,5.83095,5.83095,5.0,5.0,4.24264,3.60555,3.60555,3.60555,3.60555,2.23607,2.23607,2.23607,2.23607,2.0,2.0,2.0,2.0,2.0,2.23607,2.23607,1.41421,1.41421,50.93133,51.73973,53.60037,51.40039,51.31277,49.24429,48.8774,47.41308,46.95743,47.42362,46.23851,46.23851,48.10405,46.61545,45.60702,46.32494,47.12749,42.95346,45.12206,47.07441,44.72136,42.95346,43.41659,40.60788,40.26164,41.97618,40.31129,40.79216,40.02499,37.85499,37.85499,40.5216,37.94733,36.40055,34.53983,34.43835,31.90611,30.23243,28.01785,27.01851,25.6125,22.67157,24.20744,23.60085,20.80865,17.49286,17.49286,18.86796,16.12452,12.52996,13.34166,10.04988,15.29706,13.0384,11.04536,11.18034,11.6619,54.14795,53.00943,53.0,57.0,57.21888,58.30952,57.21888,56.0803,61.52235,61.81424,60.82763,65.62012,67.89698,66.09841,64.32729,67.46851,66.09841,64.53681,65.9242,63.34824,64.93843,66.91039,66.48308,65.27634,65.49046,66.06815,62.1289,65.03076,65.03076,64.03124,63.1981,63.28507,64.38167,65.49046,63.78871,64.93843,64.7611,65.96969,66.09841,66.7308,65.19202,65.0,64.07808,69.64194,66.21178,63.50591,62.6099,66.24198,65.29931,63.81222,63.63175,60.53924,63.28507,60.46487,61.85467,59.40539,57.2014
8.94427,8.94427,8.94427,8.94427,8.544,8.544,8.544,8.544,8.544,8.24621,8.24621,8.24621,8.06226,8.24621,8.06226,8.06226,8.06226,8.06226,8.06226,8.06226,8.06226,8.06226,7.07107,7.07107,7.07107,7.28011,7.28011,7.28011,6.32456,6.32456,5.38516,5.38516,5.38516,5.38516,5.0,5.0,4.24264,3.60555,3.60555,2.82843,3.60555,3.60555,2.82843,2.23607,2.23607,2.23607,2.23607,2.23607,1.0,1.0,1.0,1.0,51.08816,50.20956,54.03702,49.40648,47.70744,51.0392,48.33218,50.24938,47.88528,45.61798,47.92703,47.92703,47.16991,44.01136,46.23851,44.92215,46.84015,42.2019,44.64303,44.14748,47.80167,45.60702,46.84015,40.4475,45.12206,43.93177,43.41659,44.14748,41.48494,42.05948,39.39543,41.62932,35.1141,36.76955,36.24914,37.12142,33.54102,31.38471,31.62278,26.90725,24.20744,27.58623,22.2036,22.67157,18.86796,19.72308,20.59126,14.31782,18.02776,14.03567,14.14214,15.29706,13.15295,9.05539,8.0,9.84886,9.21954,52.17279,53.23533,56.22277,56.0357,54.0,62.03225,56.00893,59.00847,60.13319,60.53098,63.95311,63.3877,64.38167,66.61081,65.62012,63.95311,68.46897,63.95311,67.89698,63.78871,64.28063,64.28063,62.80127,65.12296,64.49806,62.03225,63.12686,63.07139,63.03174,64.19502,58.00862,63.50591,62.80127,62.16912,65.73431,61.39218,64.03124,65.96969,64.51356,63.90618,64.84597,66.30988,67.41662,62.64982,63.50591,68.0,67.53518,64.49806,64.49806,63.13478,63.63175,61.58734,61.40033,57.14018,59.64059,58.0517,58.41233
8.24621,8.24621,8.544,8.544,8.544,7.61577,7.61577,8.06226,7.61577,8.06226,8.06226,7.2111,7.2111,7.2111,7.2111,7.2111,7.2111,7.2111,7.2111,7.2111,7.2111,7.2111,5.83095,7.2111,6.7082,5.83095,6.32456,6.32456,6.32456,5.38516,5.09902,5.09902,5.09902,5.0,4.0,4.0,4.12311,4.12311,3.16228,3.16228,3.60555,2.82843,2.82843,2.82843,2.23607,2.23607,2.23607,2.23607,2.23607,2.23607,2.0,2.0,51.15662,52.00961,48.50773,46.09772,48.83646,47.29693,48.38388,47.80167,47.80167,42.37924,47.01064,47.01064,45.17743,48.8467,46.09772,46.52956,45.69464,42.48529,39.44617,46.14109,43.56604,45.17743,43.26662,45.27693,40.49691,42.2019,41.34005,39.82462,39.35734,39.35734,35.77709,36.40055,37.64306,36.05551,32.98485,32.28002,31.7805,29.27456,29.15476,28.07134,25.07987,24.08319,24.18677,20.39608,20.22375,17.08801,16.15549,17.0,14.86607,12.80625,12.80625,12.80625,14.14214,14.21267,13.89244,9.48683,9.48683,52.83938,53.0,56.30275,56.0357,58.82176,58.41233,59.20304,59.5483,59.5483,62.24147,64.3506,63.63961,69.31089,65.79514,65.06919,68.593,64.38167,65.8559,64.3506,67.89698,67.17887,66.52819,67.94115,67.17887,63.65532,65.29931,65.19202,59.03389,63.89053,61.61169,62.42596,64.07027,63.28507,64.00781,66.64083,61.7171,65.79514,66.18912,64.07808,67.23095,64.2573,65.14599,67.35726,67.05222,66.21933,62.8172,65.51336,66.4906,65.73431,66.28725,67.26812,60.82763,57.70615,58.30952,63.50591,59.13544,58.21512
9.48683,9.48683,9.84886,9.84886,8.94427,8.94427,8.94427,8.94427,8.94427,9.43398,8.94427,9.43398,8.60233,8.60233,8.60233,8.60233,8.60233,8.60233,8.60233,8.60233,7.81025,8.60233,7.81025,7.81025,8.60233,7.2111,7.2111,7.2111,6.7082,6.7082,6.7082,6.32456,6.32456,6.32456,5.09902,5.09902,5.0,5.0,4.0,4.0,4.0,4.0,3.0,3.16228,2.23607,2.23607,2.23607,2.23607,2.23607,2.23607,1.41421,1.41421,55.7315,50.63596,55.31727,49.47727,43.32436,47.80167,51.26402,53.14132,47.01064,49.65884,45.17743,47.85394,45.27693,45.27693,43.909,44.20407,46.04346,45.22168,43.60046,42.0119,44.20407,40.22437,47.63402,45.60702,43.82921,42.80187,39.20459,41.86884,43.01163,39.66106,36.05551,37.73592,36.35932,38.91015,32.69557,35.34119,34.0147,34.48188,30.67572,24.04163,25.17936,23.34524,22.2036,24.02082,22.02272,17.46425,14.14214,16.27882,17.0,13.89244,12.20656,13.60147,12.52996,10.29563,9.21954,10.0,8.94427,46.06517,52.15362,49.40648,54.6443,52.00961,58.79626,55.22681,56.85068,56.63921,55.31727,62.24147,60.1415,60.87693,62.24147,61.52235,62.24147,64.3506,61.55485,65.76473,63.03174,65.11528,60.81118,58.69412,63.12686,61.55485,63.12686,60.44005,60.0,60.0,63.00794,58.5235,66.37017,62.43397,59.05929,64.40497,59.03389,59.61543,63.32456,65.78754,61.84658,63.60031,61.13101,63.78871,62.8172,62.58594,66.28725,62.96825,62.514,62.64982,59.5399,61.29437,59.3043,61.07373,55.14526,60.03332,61.0082,56.00893
9.21954,9.21954,9.21954,8.48528,9.21954,8.48528,9.21954,8.60233,8.60233,8.60233,8.60233,8.60233,8.06226,8.06226,8.06226,8.60233,8.06226,8.06226,7.2111,7.2111,7.2111,7.2111,7.2111,7.2111,7.2111,7.2111,7.07107,7.07107,6.40312,7.07107,6.40312,5.83095,5.83095,5.83095,5.38516,5.38516,5.38516,4.12311,4.12311,4.12311,4.0,4.0,3.0,4.0,3.16228,3.16228,3.16228,2.23607,2.23607,2.23607,2.82843,2.82843,49.39636,57.42822,49.81967,51.61395,53.60037,45.60702,52.3259,46.66905,50.91169,46.69047,48.10405,47.50789,47.42362,47.80167,45.0,44.65423,47.01064,44.29447,44.65423,43.60046,45.48626,42.54409,39.96248,43.04649,38.27532,42.2019,41.6173,40.49691,38.27532,40.0,38.01316,39.05125,39.20459,36.23534,36.79674,32.64966,33.24154,33.01515,26.62705,29.96665,29.73214,26.57066,22.47221,21.18962,21.58703,23.34524,18.11077,15.0333,18.11077,18.24829,17.26268,15.65248,11.40175,13.41641,13.0,13.0384,10.81665,53.23533,51.0098,56.00893,55.22681,58.42089,57.70615,58.0517,59.43904,64.7611,61.18823,62.36986,62.36986,68.44706,68.15424,64.56005,67.35726,65.52099,67.72001,62.8172,65.14599,62.64184,64.84597,65.96969,63.78871,63.78871,63.34824,65.30697,61.98387,62.514,61.52235,63.28507,63.12686,62.03225,64.00781,64.00781,63.07139,65.03076,63.50591,65.49046,64.77654,67.89698,69.2315,64.53681,69.857,62.8172,62.93648,63.56099,65.73431,66.09841,67.05222,65.45991,64.51356,62.03225,58.18935,59.03389,58.60034,60.41523
10.0,10.0,10.0,10.0,9.21954,9.21954,9.21954,9.21954,8.48528,9.89949,8.48528,9.21954,9.21954,9.21954,9.21954,8.60233,8.60233,8.60233,8.60233,8.60233,8.48528,8.60233,7.81025,7.81025,7.81025,7.81025,7.07107,7.07107,7.81025,7.07107,7.2111,7.2111,5.83095,6.7082,5.83095,5.83095,5.38516,5.38516,4.12311,4.12311,4.12311,4.12311,4.0,3.0,3.0,3.0,3.0,3.0,3.16228,2.23607,2.23607,2.23607,54.3783,52.15362,52.80152,50.44799,48.79549,47.38143,49.49747,49.57822,48.08326,47.63402,49.0408,47.43416,47.80167,49.81967,44.65423,46.87217,48.02083,46.04346,44.41846,48.75449,44.28318,42.72002,45.17743,41.59327,44.10215,40.70626,44.77723,41.67733,43.909,40.81666,37.73592,37.73592,37.20215,36.61967,34.71311,34.65545,33.97058,31.82766,33.94113,27.80288,26.24881,23.85372,24.18677,21.93171,21.54066,19.92486,18.97367,20.22375,15.13275,16.03122,14.03567,14.31782,12.16553,13.34166,12.16553,10.81665,10.63015,48.50773,50.63596,53.36666,56.08921,54.34151,56.04463,57.48913,59.77458,59.46427,61.68468,60.72891,63.56886,66.12866,63.15853,63.69458,62.76942,64.2573,64.88451,63.69458,63.32456,63.69458,66.12866,62.03225,65.14599,64.19502,61.68468,58.82176,62.36185,63.56099,63.15061,61.66036,62.80127,60.20797,63.00794,65.00769,60.07495,64.03124,65.03076,64.03124,63.1981,62.80127,67.89698,65.30697,66.09841,62.36986,67.44627,65.14599,66.76077,65.0,66.48308,60.16644,61.68468,60.08328,62.62587,60.16644,58.69412,55.9017
9.05539,9.21954,9.21954,8.24621,8.24621,8.24621,8.544,8.544,8.544,7.61577,8.544,8.94427,7.61577,7.61577,7.61577,8.06226,8.06226,8.06226,8.06226,7.61577,6.7082,6.7082,7.61577,7.61577,6.7082,6.7082,6.7082,6.32456,6.32456,6.32456,6.08276,5.09902,5.09902,5.0,5.0,4.0,4.0,3.16228,3.16228,3.16228,3.16228,3.16228,2.23607,2.23607,2.23607,1.41421,1.41421,1.41421,1.41421,2.0,1.0,1.0,51.78803,51.15662,50.24938,53.03772,48.01042,50.08992,48.09366,51.15662,47.85394,48.50773,48.6621,47.53946,47.29693,43.9659,44.64303,46.8188,45.88028,46.48656,43.08132,44.27189,46.17359,44.27189,43.08132,40.8534,39.21734,42.15448,41.48494,40.49691,39.84972,40.5216,40.80441,42.95346,36.67424,35.51056,34.71311,31.0,32.01562,30.0,29.01724,30.06659,27.07397,26.68333,21.84033,22.47221,20.61553,21.18962,18.35756,15.0,16.27882,15.26434,14.86607,16.40122,11.7047,12.08305,11.04536,9.48683,11.40175,51.08816,52.34501,51.62364,55.17246,54.56189,55.22681,57.80138,58.25805,59.64059,57.80138,61.61169,59.64059,65.80274,66.28725,65.45991,62.17717,69.11584,62.43397,61.58734,63.81222,63.24555,64.14047,63.24555,64.07027,62.62587,62.80127,63.41136,61.84658,63.25346,62.96825,62.24147,64.38167,62.2254,62.93648,64.2028,63.25346,64.81512,62.42596,62.42596,65.51336,65.73431,64.49806,66.7308,65.36819,63.06346,62.24147,66.18912,67.1193,63.56099,63.32456,63.69458,63.32456,63.56886,60.40695,58.24088,59.77458,56.04463
9.21954,9.05539,9.05539,9.05539,9.05539,9.05539,9.0,9.0,9.0,9.0,9.0,9.05539,8.0,8.06226,8.0,9.05539,8.06226,8.06226,8.06226,8.06226,8.0,8.06226,8.06226,7.07107,8.0,8.0,7.0,7.0,7.07107,7.07107,6.08276,6.08276,6.32456,5.38516,5.38516,5.38516,5.38516,4.47214,5.0,4.24264,3.60555,3.60555,4.24264,2.82843,2.82843,2.82843,2.82843,3.16228,3.16228,2.23607,2.23607,2.0,53.66563,52.80152,53.85165,55.65968,55.02727,48.50773,47.29693,46.09772,45.54119,47.51842,51.24451,50.35871,48.04165,44.10215,47.16991,46.09772,47.09565,45.01111,44.0,44.04543,47.01064,45.0,41.10961,44.01136,43.0,41.10961,41.30375,42.04759,41.04875,43.10452,40.0,40.04997,36.49658,38.63936,37.33631,32.98485,35.17101,33.83785,31.95309,29.41088,29.15476,26.83282,24.41311,24.20744,19.79899,22.02272,21.40093,17.02939,19.10497,13.89244,13.0384,12.08305,12.08305,12.16553,10.0,9.05539,11.18034,50.47772,50.24938,55.56978,56.36488,55.9464,54.626,57.69749,57.38467,59.23681,60.16644,62.64184,63.60031,63.60031,64.03124,61.13101,64.03124,65.0,63.32456,63.32456,65.80274,60.44005,64.84597,65.19202,63.32456,61.13101,64.19502,62.29767,63.15853,63.07139,61.7414,60.82763,61.40033,60.03332,60.46487,63.51378,62.62587,64.89992,63.24555,64.81512,64.81512,65.29931,65.76473,65.76473,66.46804,63.65532,63.41136,62.62587,64.2028,64.40497,61.84658,61.07373,62.00806,61.22091,58.24946,58.00862,59.68249,58.30952
9.21954,8.24621,9.05539,9.05539,8.06226,8.06226,8.06226,8.0,8.0,8.0,8.0,8.0,8.06226,8.06226,7.07107,7.07107,7.07107,7.07107,7.07107,7.07107,7.07107,7.07107,7.0,7.07107,7.07107,7.0,6.0,6.0,6.0,6.08276,6.08276,6.08276,5.09902,5.09902,4.47214,4.47214,4.47214,4.47214,3.60555,3.60555,3.60555,3.60555,2.82843,3.16228,3.16228,3.16228,3.0,2.0,2.0,2.0,2.0,2.23607,53.31041,52.20153,53.85165,50.69517,49.0306,50.63596,49.81967,49.64877,47.16991,47.51842,47.04253,47.01064,51.0098,43.04649,42.04759,44.10215,46.09772,45.27693,45.70558,40.60788,43.56604,40.1995,44.55334,42.95346,42.75512,43.56604,39.45884,42.57934,39.45884,40.11234,38.11824,38.0526,38.0526,35.0,35.01428,36.22154,33.06055,30.41381,32.38827,26.24881,25.4951,22.13594,25.07987,20.61553,20.12461,20.61553,20.51828,16.27882,16.40122,15.6205,12.08305,18.78829,11.6619,10.77033,13.0,13.0,10.0,49.24429,54.12947,51.47815,58.87274,54.78138,56.921,58.94065,59.77458,59.90826,58.69412,61.84658,61.61169,65.51336,65.96969,67.46851,63.15061,67.08204,65.0,66.70832,64.53681,64.03124,65.96969,59.48109,62.64184,63.24555,64.84597,62.39391,65.9242,58.87274,65.9242,59.9333,67.97794,63.52952,61.91123,64.14047,63.28507,62.42596,63.41136,66.4003,68.0147,69.6563,63.65532,69.31089,66.48308,67.94115,65.06919,64.66065,63.41136,66.8431,64.03124,63.41136,63.60031,63.00794,58.30952,61.40033,62.76942,56.4358
9.21954,9.48683,9.48683,9.48683,9.48683,9.48683,9.84886,8.94427,8.94427,8.94427,8.94427,8.94427,8.94427,8.06226,8.06226,9.43398,8.60233,8.06226,8.06226,8.06226,8.06226,8.06226,8.06226,8.06226,7.61577,8.06226,7.61577,6.7082,7.28011,7.28011,6.08276,6.08276,6.08276,6.0,6.08276,6.0,5.0,5.09902,5.09902,4.12311,4.12311,4.12311,3.60555,3.16228,3.60555,3.60555,2.82843,2.82843,2.82843,2.82843,2.82843,2.23607,52.17279,52.63079,51.24451,53.14132,50.59644,49.33559,46.95743,49.64877,46.95743,46.14109,47.50789,48.54894,48.8774,45.48626,46.04346,48.25971,46.04346,42.2019,44.82187,45.80393,44.82187,45.0,42.0119,42.52058,41.86884,39.05125,45.0,40.80441,40.49691,40.80441,39.11521,39.96248,35.8469,35.34119,35.35534,32.31099,34.9285,30.36445,29.61419,30.59412,29.15476,28.07134,23.0,23.5372,20.02498,22.56103,20.22375,20.24846,15.81139,15.52417,16.12452,12.52996,10.81665,12.80625,12.20656,9.21954,10.29563,51.24451,51.26402,53.48832,56.30275,56.85948,56.79789,57.24509,59.05929,59.16925,62.26556,63.28507,62.42596,64.3506,61.85467,62.1289,64.89992,64.40497,62.96825,64.14047,64.07027,64.63745,61.91123,62.96825,66.0303,61.05735,61.77378,63.63175,60.41523,62.16912,63.56099,61.46544,60.92618,63.32456,63.56886,64.51356,62.64184,64.28841,61.61169,66.28725,63.63961,66.09841,66.37017,65.9242,67.1193,63.1981,68.18358,68.11755,67.0,64.00781,65.0,60.03332,66.1211,58.13777,61.13101,60.13319,59.3043,57.31492
8.94427,8.94427,8.544,8.94427,8.544,8.544,9.48683,9.48683,9.48683,8.24621,9.21954,9.21954,9.05539,9.21954,8.06226,8.24621,8.24621,8.24621,8.06226,8.06226,8.06226,8.06226,8.24621,8.06226,7.28011,8.24621,7.28011,7.28011,6.32456,6.32456,6.32456,6.7082,5.83095,5.83095,5.83095,5.0,5.0,4.24264,3.60555,3.60555,3.60555,3.60555,2.82843,2.23607,2.23607,2.23607,2.23607,2.0,1.0,1.0,2.0,1.0,57.2014,53.00943,50.21952,50.47772,53.23533,50.60632,50.53712,50.56679,55.15433,50.08992,49.39636,49.98,45.22168,47.12749,45.12206,50.28916,50.01,47.67599,43.41659,43.73786,45.70558,44.91102,44.91102,44.40721,43.41659,43.41659,42.95346,43.41659,43.68066,41.23106,41.76123,36.68787,39.84972,38.60052,35.35534,31.7805,31.38471,32.75668,32.24903,31.241,27.65863,29.83287,25.4951,22.67157,18.43909,19.79899,19.23538,17.02939,16.15549,14.31782,16.49242,15.29706,12.64911,11.0,11.18034,12.64911,8.24621,50.69517,50.0,54.34151,55.54278,55.9017,56.4358,58.13777,59.5399,59.07622,61.29437,63.00794,64.07027,69.02898,62.00806,62.0,64.00781,67.00746,64.0,62.07254,67.02984,62.07254,63.07139,68.02941,65.12296,65.06919,65.12296,62.1289,60.40695,62.64982,59.68249,64.32729,61.84658,63.06346,62.93648,65.19202,62.93648,64.62198,62.24147,63.07139,65.74192,61.7171,68.47627,63.95311,69.64194,65.51336,70.0,65.21503,63.82006,67.42403,66.61081,62.80127,62.80127,59.20304,59.5483,60.30755,58.69412,58.79626
9.0,9.0,9.0,9.0,9.0,9.05539,9.05539,9.05539,9.05539,8.06226,8.24621,9.21954,8.24621,8.24621,8.24621,8.24621,8.24621,8.24621,7.28011,7.28011,7.28011,7.28011,8.24621,7.28011,7.07107,7.28011,7.07107,7.07107,7.0,7.07107,6.0,6.0,6.08276,5.09902,6.08276,5.09902,5.09902,4.47214,4.47214,4.47214,4.47214,3.60555,3.60555,3.60555,2.82843,2.82843,2.82843,2.82843,2.82843,2.23607,2.23607,2.23607,55.54278,50.9902,51.78803,51.97115,50.01,53.15073,48.04165,48.04165,50.0,47.01064,51.0,49.49747,48.09366,48.25971,47.38143,47.85394,45.54119,44.72136,44.55334,48.37355,46.69047,41.7732,41.23106,43.93177,41.59327,44.18144,43.56604,42.57934,42.42641,40.4475,40.31129,42.0119,36.0,37.01351,39.11521,32.38827,32.75668,31.04835,28.63564,29.61419,27.85678,26.40076,24.18677,21.47091,21.40093,21.09502,19.41649,17.69181,17.69181,17.20465,16.12452,13.45362,14.76482,13.92839,11.7047,10.44031,11.18034,50.80354,49.57822,53.03772,53.15073,53.07542,54.67175,57.62812,57.00877,60.80296,62.00806,59.36329,60.74537,61.61169,62.76942,61.40033,66.7308,63.13478,64.14047,59.36329,59.68249,61.91123,61.05735,63.81222,60.20797,63.24555,60.21628,62.20129,61.40033,60.44005,58.89822,58.72819,58.72819,61.52235,62.24147,63.78087,64.66065,64.03124,63.41136,63.82006,65.45991,60.80296,65.73431,64.07027,65.73431,59.16925,66.24198,63.52952,61.29437,65.29931,63.07139,61.7171,61.46544,60.00833,61.46544,58.87274,57.24509,58.30952
10.19804,9.05539,10.04988,10.0,10.0,9.05539,9.0,9.0,9.0,9.05539,9.0,9.05539,9.05539,9.05539,9.05539,9.05539,9.05539,9.05539,8.24621,8.24621,8.06226,8.06226,8.06226,8.06226,8.06226,8.06226,8.0,8.0,7.0,7.07107,7.0,7.0,6.0,6.08276,5.38516,5.38516,5.38516,4.12311,4.47214,4.47214,3.60555,3.60555,3.60555,2.82843,2.82843,2.82843,2.23607,2.23607,1.41421,1.41421,2.23607,2.0,54.42426,53.45091,53.60037,49.64877,49.81967,52.39275,50.48762,53.23533,51.08816,47.09565,49.0102,50.0,45.01111,48.01042,47.0,49.09175,48.04165,48.50773,47.67599,43.56604,48.25971,46.38965,45.89118,43.73786,45.89118,43.73786,42.57934,46.69047,46.17359,40.31129,39.20459,39.05125,39.01282,38.01316,36.01389,37.12142,34.1321,32.38827,34.23449,28.4605,27.89265,26.40076,24.69818,24.59675,19.23538,22.2036,20.0,17.49286,18.60108,15.55635,13.45362,14.42221,10.0,12.20656,12.08305,12.36932,9.05539,51.31277,49.92995,51.62364,55.03635,57.24509,58.69412,58.18075,60.53924,59.23681,60.40695,62.96825,61.40033,63.89053,62.93648,67.72001,61.68468,63.24555,62.64184,66.12866,61.35145,60.74537,66.48308,61.98387,62.29767,61.09828,64.07808,58.69412,61.32699,60.82763,63.52952,61.91123,64.3506,61.29437,63.24555,64.81512,62.36986,61.7171,64.38167,63.78087,66.46804,67.17887,62.93648,62.96825,66.70832,64.03124,67.62396,64.03124,70.0,65.45991,63.82006,64.63745,63.28507,61.40033,59.68249,61.77378,60.41523,60.00833
9.48683,9.48683,9.21954,9.21954,9.21954,9.21954,9.05539,9.05539,9.05539,9.05539,9.05539,9.05539,9.0,9.0,9.0,9.0,9.0,9.0,8.0,8.0,8.0,8.0,8.0,8.0,8.0,8.06226,8.06226,7.07107,7.07107,7.07107,6.08276,6.08276,6.08276,5.38516,5.38516,5.38516,4.47214,4.47214,4.47214,3.60555,3.60555,3.60555,2.82843,2.82843,2.82843,2.82843,2.23607,2.23607,2.23607,1.41421,2.0,1.0,49.67897,51.62364,52.40229,50.60632,51.08816,47.63402,50.80354,46.61545,45.48626,44.77723,49.09175,48.02083,48.75449,46.23851,47.85394,45.61798,49.0408,45.54119,45.88028,47.16991,47.16991,43.68066,45.88028,42.05948,43.01163,42.72002,41.78516,41.48494,39.56008,40.8534,38.48376,37.16181,37.58989,35.77709,36.05551,30.88689,32.44996,32.44996,30.41381,28.3196,29.0,23.60085,26.1725,24.83948,21.26029,19.23538,17.08801,17.0,16.49242,16.12452,14.31782,12.0,13.15295,10.19804,12.0,11.40175,9.43398,50.24938,49.09175,48.0,53.0,52.08647,55.14526,54.33231,55.3263,57.87055,57.42822,59.84146,58.54912,61.66036,62.514,61.0,59.90826,63.15061,60.41523,61.81424,62.36986,61.0,61.13101,58.69412,62.39391,58.42089,60.20797,58.21512,61.13101,60.0,59.03389,61.07373,59.3043,59.13544,61.66036,60.82763,60.29925,60.87693,64.03124,61.40033,61.40033,63.60031,63.89053,62.29767,63.56886,61.84658,63.69458,63.15853,60.83584,62.24147,63.50591,61.29437,63.63175,60.53924,59.68249,56.60389,58.24946,56.61272
9.84886,9.84886,9.84886,9.48683,9.48683,9.48683,9.48683,9.48683,9.21954,9.21954,9.21954,9.21954,9.05539,9.05539,9.05539,9.05539,9.05539,9.05539,8.06226,8.06226,8.06226,8.06226,8.06226,8.06226,8.06226,8.06226,8.24621,7.28011,7.28011,7.28011,6.32456,6.32456,6.32456,5.38516,5.83095,5.0,5.0,4.47214,3.60555,3.60555,3.60555,3.60555,2.82843,2.82843,2.23607,2.23607,2.23607,2.23607,1.41421,1.41421,2.0,1.0,55.75841,53.0,51.89412,50.53712,47.53946,48.46648,49.64877,48.70318,50.0,50.69517,49.47727,46.09772,48.6621,47.85394,48.6621,47.38143,48.16638,47.26521,42.10701,45.04442,50.03998,45.01111,46.09772,46.01087,45.04442,42.0,43.10452,44.04543,43.10452,42.29657,40.79216,38.63936,36.49658,36.49658,39.56008,34.78505,35.17101,30.67572,31.32092,24.59675,27.45906,28.6007,24.18677,22.80351,19.79899,21.2132,18.60108,16.27882,16.64332,15.0,14.76482,10.81665,11.7047,10.19804,10.44031,10.04988,8.544,47.29693,49.81967,49.49747,54.74486,52.46904,58.30952,54.58938,56.14268,56.0803,57.0,60.07495,61.0082,62.03225,60.00833,61.0082,61.03278,62.00806,60.03332,62.00806,61.03278,59.13544,60.03332,60.07495,61.03278,60.20797,61.52235,58.42089,58.54912,60.67125,60.41523,57.48913,61.13101,62.62587,59.13544,61.68468,60.41523,60.83584,61.7414,62.17717,62.64982,62.26556,63.81222,65.19202,64.07027,63.82006,63.60031,61.07373,65.19202,61.7171,60.959,58.0517,59.46427,57.98276,60.10824,58.69412,60.959,55.44367
9.43398,9.43398,10.0,9.43398,10.0,9.21954,9.21954,9.21954,9.21954,9.21954,8.48528,9.21954,9.21954,9.21954,8.48528,9.21954,9.21954,8.48528,9.21954,9.21954,8.48528,8.48528,7.81025,8.48528,8.48528,8.48528,7.81025,7.81025,7.81025,7.07107,6.40312,6.40312,7.2111,6.7082,5.38516,5.38516,5.38516,5.38516,5.38516,4.12311,4.12311,4.0,4.12311,3.0,3.0,3.0,3.0,3.0,3.0,2.23607,2.23607,2.23607,59.84146,52.61179,51.26402,52.0,50.69517,50.56679,53.31041,50.08992,54.12947,48.30114,49.73932,49.64877,48.01042,49.73932,46.04346,50.0,48.25971,46.61545,43.82921,47.63402,46.40043,46.01087,46.01087,43.93177,44.68781,42.63801,43.86342,44.82187,41.40048,42.52058,38.01316,38.83298,43.04649,38.58756,36.67424,37.12142,36.76955,31.7805,34.48188,27.51363,26.4764,29.15476,27.16616,24.02082,23.0,21.0,18.0,20.22375,15.13275,16.76305,13.92839,9.84886,13.89244,13.0384,12.04159,7.81025,8.60233,49.65884,48.30114,52.83938,53.85165,54.70832,55.47071,53.25411,58.82176,59.40539,62.00806,60.44005,59.5483,61.84658,60.87693,58.89822,63.65532,63.65532,62.24147,63.12686,63.25346,63.25346,61.7171,64.03124,63.41136,61.07373,63.00794,56.61272,59.07622,62.76942,60.53924,61.77378,62.64982,62.24147,62.24147,63.32456,60.40695,65.52099,64.84597,64.28841,65.73431,60.87693,64.93843,62.80127,64.93843,61.98387,68.35934,62.1289,63.07139,63.07139,68.18358,66.06815,61.03278,59.07622,61.0082,60.00833,59.03389,59.21149
8.94427,8.544,9.84886,8.544,8.544,8.544,8.544,8.24621,9.21954,8.24621,8.24621,9.05539,8.24621,8.06226,8.06226,8.06226,8.06226,8.06226,8.06226,8.06226,8.06226,8.06226,7.07107,7.07107,7.07107,7.07107,7.28011,7.28011,6.32456,6.32456,5.38516,5.83095,5.83095,5.0,5.0,5.0,4.24264,4.24264,4.24264,3.60555,2.82843,2.23607,3.16228,2.23607,2.0,2.0,2.0,2.0,2.0,2.23607,1.41421,1.41421,56.85068,50.0,51.86521,48.54894,52.3259,51.47815,48.33218,46.95743,47.01064,51.26402,46.84015,45.60702,48.27007,44.64303,45.88028,47.67599,44.91102,42.2019,43.56604,43.17407,48.37355,43.28972,42.57934,42.42641,41.4367,43.73786,39.31921,42.57934,41.0,40.60788,38.32754,38.47077,36.05551,35.73514,34.9285,34.17601,33.24154,32.31099,31.76476,28.6531,28.30194,26.40076,24.75884,21.26029,21.26029,19.84943,16.27882,16.64332,16.12452,14.76482,12.08305,10.29563,12.04159,15.0333,10.0,13.0384,7.07107,49.49747,52.23983,50.03998,56.0,54.08327,57.00877,57.03508,55.00909,59.13544,57.07889,61.07373,62.20129,63.1981,61.66036,62.39391,62.80127,65.49046,59.4138,63.28507,63.28507,64.03124,63.12686,58.13777,63.1981,61.40033,60.00833,59.03389,62.03225,60.03332,63.3877,57.70615,63.63961,62.36986,61.84658,62.93648,60.44005,60.40695,61.98387,59.80803,65.19202,66.70832,61.7414,63.13478,64.49806,67.74216,63.81222,64.07027,62.00806,62.42596,60.46487,60.46487,60.0,62.62587,54.03702,60.44005,60.1415,55.9017
9.43398,9.43398,10.0,10.0,10.0,9.21954,9.21954,9.21954,9.21954,9.89949,9.89949,9.21954,9.21954,9.21954,9.21954,9.21954,8.48528,9.21954,9.21954,8.48528,8.48528,8.48528,8.48528,8.48528,8.48528,7.81025,7.81025,7.81025,7.81025,7.07107,6.40312,7.2111,7.2111,5.83095,5.83095,5.38516,5.38516,5.38516,5.38516,4.12311,4.12311,4.12311,4.12311,3.0,3.0,3.0,3.0,3.0,2.0,2.0,2.23607,2.23607,52.81098,52.49762,54.12947,50.56679,50.53712,51.97115,51.88449,51.97115,50.47772,48.60041,46.40043,48.9183,48.16638,49.57822,47.80167,48.83646,47.38143,46.69047,47.42362,45.27693,46.8615,42.52058,49.81967,47.42362,43.93177,45.27693,45.34314,43.86342,41.01219,40.31129,38.94868,43.86342,40.45986,40.0,38.41875,35.80503,38.41875,38.07887,34.43835,32.20248,27.29469,26.0,26.57066,26.4764,22.2036,20.09975,18.24829,22.09072,18.24829,13.0384,14.31782,10.77033,14.86607,13.41641,10.81665,12.04159,10.0,49.24429,49.65884,50.53712,55.47071,55.47071,55.75841,55.22681,57.68882,58.00862,56.85948,59.40539,61.22091,63.00794,60.60528,64.03124,57.80138,64.40497,62.20129,61.61169,61.40033,60.60528,63.60031,59.40539,59.64059,61.03278,61.58734,61.05735,61.77378,58.59181,63.07139,55.54278,64.2573,57.93962,61.03278,63.60031,62.0967,60.87693,60.87693,64.93843,66.61081,66.75328,63.12686,67.06713,64.19502,66.00758,66.0,65.03076,63.0,66.1211,62.07254,62.03225,62.39391,63.3877,56.7186,61.0,62.16912,60.82763
9.48683,9.84886,8.544,8.94427,8.94427,8.94427,9.43398,8.94427,9.43398,8.06226,8.60233,8.60233,8.60233,8.60233,8.60233,8.60233,9.21954,8.60233,7.81025,7.81025,7.81025,7.81025,7.81025,7.81025,7.2111,7.81025,7.2111,7.2111,6.7082,6.7082,5.38516,5.38516,5.38516,5.38516,5.09902,5.09902,5.09902,4.12311,4.0,3.0,3.0,3.0,3.0,2.0,2.23607,2.0,2.23607,1.41421,1.41421,1.41421,1.41421,1.41421,50.80354,51.97115,54.81788,52.63079,53.14132,49.0408,47.53946,50.9902,49.24429,49.64877,53.23533,49.73932,49.39636,44.77723,45.79301,47.16991,47.16991,45.60702,44.40721,43.60046,49.20366,42.2019,46.2277,46.09772,44.20407,41.7732,45.0,42.2019,43.82921,43.01163,42.43819,44.10215,39.96248,36.05551,37.57659,34.17601,34.53983,30.67572,28.4605,33.24154,31.57531,29.06888,25.17936,22.2036,26.0,20.02498,20.09975,19.41649,19.41649,15.81139,16.49242,15.23155,13.89244,6.7082,11.31371,12.04159,13.0384,49.1935,51.97115,52.15362,54.08327,54.6443,55.21775,58.41233,58.41233,60.44005,58.79626,61.55485,62.482,64.38167,64.3506,62.28965,62.2254,66.48308,63.63961,62.28965,65.05382,63.89053,62.96825,62.28965,60.30755,59.66574,62.00806,62.00806,61.61169,61.29437,62.43397,59.90826,63.63175,60.82763,62.16912,63.50591,62.03225,62.62587,65.55151,61.68468,63.60031,62.93648,66.94027,66.94027,62.8172,64.53681,66.48308,61.98387,65.27634,62.514,61.40033,64.28063,65.03076,62.28965,58.00862,62.00806,58.00862,60.20797
10.0,10.0,10.29563,9.43398,10.29563,9.43398,9.84886,9.84886,9.84886,8.94427,9.84886,9.84886,8.94427,9.84886,8.94427,9.48683,9.48683,9.48683,8.544,8.544,8.544,8.544,8.544,8.544,8.544,8.544,7.61577,8.06226,8.06226,7.61577,6.40312,7.2111,6.40312,6.40312,6.40312,5.65685,5.65685,5.0,5.0,5.0,5.0,3.60555,4.47214,3.60555,3.16228,3.16228,3.16228,3.16228,3.16228,3.0,2.0,2.0,55.44367,55.31727,50.93133,50.9902,51.85557,52.00961,50.80354,51.40039,46.61545,48.02083,46.52956,49.39636,47.42362,44.29447,44.77723,48.37355,49.64877,44.72136,44.28318,47.16991,47.75982,46.8188,42.54409,44.27189,44.01136,40.16217,41.78516,42.48529,44.28318,42.54409,40.24922,38.07887,38.01316,36.67424,37.73592,35.0,34.66987,34.20526,29.73214,33.28663,29.0,28.3196,28.6007,22.80351,22.82542,21.26029,20.24846,19.72308,15.26434,17.08801,15.52417,16.49242,14.14214,15.0333,12.0,11.04536,9.48683,45.17743,50.01,46.01087,53.00943,53.08484,55.14526,54.23099,56.14268,58.42089,59.4138,59.22837,57.87055,65.30697,62.8172,61.39218,61.61169,66.09841,61.18823,61.98387,61.66036,63.50591,61.98387,60.82763,61.18823,61.18823,59.4138,57.14018,58.03447,59.13544,61.07373,59.07622,60.07495,59.4138,61.52235,64.77654,65.11528,64.13267,61.61169,62.58594,63.34824,63.60031,66.12866,65.78754,63.56886,63.56099,68.15424,63.97656,67.53518,64.40497,62.24147,63.15853,61.77378,59.94164,62.43397,60.41523,60.46487,58.41233
9.05539,9.05539,8.24621,9.05539,8.24621,8.24621,8.24621,8.544,8.544,8.544,8.544,8.544,8.544,7.61577,7.61577,7.61577,7.61577,7.61577,7.61577,7.61577,7.61577,7.61577,7.61577,7.61577,7.61577,7.61577,7.28011,6.32456,6.32456,6.08276,6.08276,6.08276,5.09902,5.0,5.09902,5.0,4.0,4.12311,4.12311,3.16228,3.16228,3.16228,2.23607,2.23607,2.23607,2.23607,1.41421,1.41421,1.41421,1.41421,1.41421,1.0,53.15073,49.0306,53.60037,51.08816,51.24451,49.09175,49.0102,49.0102,48.01042,52.00961,49.0,46.27094,48.37355,47.51842,48.37355,48.50773,45.89118,43.93177,46.32494,47.12749,47.53946,46.32494,42.05948,42.75512,40.02499,40.26164,41.23106,43.41659,41.0,41.0,40.26164,38.83298,38.83298,36.49658,38.32754,32.01562,32.06244,31.257,30.41381,31.57531,29.42788,31.40064,24.33105,20.39608,19.92486,21.09502,19.31321,18.60108,17.80449,14.86607,14.14214,14.21267,11.31371,14.21267,12.20656,9.21954,13.41641,47.63402,49.51767,49.51767,53.8145,55.17246,55.97321,54.81788,60.60528,58.24946,55.80323,61.40033,62.20129,62.20129,62.42596,60.20797,63.13478,64.3506,62.43397,62.96825,63.13478,61.77378,61.58734,64.63745,63.00794,63.82006,60.44005,61.22091,61.84658,61.07373,60.87693,60.30755,64.38167,61.55485,63.65532,65.06919,65.11528,65.80274,64.63745,66.85058,62.43397,65.80274,63.81222,68.60029,67.41662,64.00781,65.36819,66.64833,64.88451,63.06346,65.30697,65.0,62.39391,62.24147,60.92618,58.69412,62.39391,60.74537
9.21954,9.21954,8.60233,8.60233,8.60233,8.60233,8.60233,8.60233,8.60233,8.06226,8.06226,8.06226,8.06226,8.06226,8.06226,7.61577,7.61577,7.61577,7.61577,7.61577,7.61577,6.7082,6.7082,7.61577,6.7082,7.2111,7.2111,7.2111,6.40312,6.40312,6.40312,5.65685,5.65685,5.65685,5.0,5.0,4.47214,4.47214,4.47214,4.47214,4.12311,4.12311,3.16228,4.0,3.0,3.0,3.0,3.0,3.0,3.16228,3.16228,2.23607,52.49762,53.75872,49.81967,51.66237,51.61395,47.43416,48.8774,49.39636,50.11986,46.52956,46.52956,48.37355,46.06517,49.0408,41.62932,48.10405,47.75982,43.9659,43.9659,41.4367,45.22168,43.65776,44.38468,42.44997,42.05948,43.08132,42.72002,41.0,43.01163,39.84972,42.15448,38.01316,38.8973,36.40055,37.21559,34.1321,35.51056,33.83785,32.01562,30.41381,31.14482,27.01851,24.75884,22.80351,23.43075,21.9545,21.0238,18.78829,18.38478,17.88854,18.02776,14.14214,14.56022,13.0,11.04536,13.60147,14.31782,48.76474,47.85394,53.31041,50.32892,56.32051,55.08176,56.08921,54.12947,59.03389,59.43904,60.20797,59.43904,65.9242,62.36986,63.63961,63.28507,61.66036,64.49806,60.53098,62.39391,63.3877,62.64982,66.61081,61.66036,61.98387,61.84658,63.78871,62.58594,63.06346,61.68468,64.56005,61.03278,63.90618,62.29767,62.76942,65.55151,63.50591,67.53518,69.46222,65.36819,64.88451,65.0,66.88797,68.7968,66.57327,66.28725,67.95587,65.21503,65.80274,65.80274,67.00746,65.43699,62.62587,62.20129,61.7171,63.25346,61.55485
8.60233,8.48528,8.48528,8.48528,8.48528,8.48528,7.81025,7.81025,7.81025,7.81025,7.81025,7.2111,7.2111,7.2111,7.2111,8.06226,7.61577,6.7082,8.06226,7.61577,7.2111,6.7082,6.7082,6.7082,7.2111,6.7082,5.83095,6.40312,6.40312,6.40312,6.40312,5.65685,5.65685,5.65685,5.0,5.0,3.60555,4.47214,3.60555,3.16228,3.16228,3.16228,3.16228,2.0,2.0,2.0,2.0,2.0,2.0,2.23607,2.23607,1.41421,52.69725,58.30952,50.21952,51.85557,55.31727,49.67897,52.34501,48.16638,51.66237,43.27817,46.09772,47.63402,48.01042,48.60041,43.60046,47.43416,46.87217,44.77723,44.41846,46.06517,40.70626,44.77723,44.77723,42.04759,39.96248,42.19005,43.41659,43.04649,44.41846,40.22437,37.21559,37.80212,40.22437,37.80212,37.64306,34.65545,36.12478,32.55764,33.24154,29.69848,31.241,22.47221,27.20294,23.85372,22.36068,19.23538,19.31321,17.26268,15.0333,15.13275,13.0,14.03567,15.0333,15.0333,14.31782,12.36932,8.24621,49.0408,44.01136,52.0,53.15073,54.23099,53.23533,54.45181,57.87055,56.56854,62.514,63.15061,63.34824,61.61169,64.32729,57.48913,67.18631,61.84658,64.56005,62.36185,64.53681,64.13267,63.34824,69.42622,67.46851,63.34824,61.81424,60.82763,59.5399,67.26812,61.20457,64.12488,64.07027,65.06919,64.0,63.03174,63.1981,65.27634,66.37017,65.9242,67.08204,63.78871,71.38627,63.56099,70.61161,64.84597,68.94926,66.12866,64.84597,64.56005,68.94926,64.84597,63.90618,60.53924,62.39391,61.84658,63.69458,63.56099
8.544,7.61577,8.544,8.544,8.06226,8.06226,8.06226,7.2111,7.2111,7.2111,7.2111,7.2111,7.2111,7.2111,7.2111,7.07107,7.07107,7.2111,7.07107,7.07107,7.07107,7.07107,6.40312,6.40312,7.2111,5.83095,5.83095,5.83095,5.83095,5.83095,5.38516,5.38516,5.38516,5.38516,4.12311,4.12311,4.0,4.0,4.0,4.0,3.16228,3.16228,3.16228,3.16228,2.23607,2.23607,2.82843,2.23607,2.23607,2.23607,2.23607,2.23607,55.75841,53.82379,53.53504,50.0,51.22499,52.49762,51.08816,51.08816,48.10405,45.96738,48.83646,47.42362,49.0408,43.93177,43.60046,45.60702,49.0408,47.01064,45.48626,43.60046,46.04346,43.26662,44.94441,41.04875,42.43819,44.04543,39.40812,44.10215,40.60788,39.66106,39.40812,39.05125,37.48333,38.28838,33.42155,37.48333,35.35534,33.30165,34.20526,28.6007,28.6531,27.313,26.83282,26.40076,23.34524,19.92486,17.26268,21.2132,19.0,16.12452,13.0384,13.34166,13.15295,15.29706,14.86607,13.34166,13.60147,45.27693,50.01,50.9902,51.15662,51.08816,57.0,52.00961,56.00893,60.00833,57.07889,58.21512,62.39391,61.40033,61.20457,64.28063,63.3877,67.47592,62.64982,65.37584,62.28965,67.36468,65.49046,62.39391,65.62012,63.63961,66.27217,63.03174,66.0303,67.06713,65.03076,59.07622,66.0303,66.06815,64.12488,65.19202,64.62971,64.62971,67.68309,68.06614,66.09841,68.44706,68.15424,68.96376,67.18631,69.12308,64.51356,64.84597,68.62215,67.72001,65.45991,66.12866,65.55151,64.51356,60.40695,66.85058,65.39113,62.24147
8.06226,8.06226,8.60233,8.06226,8.60233,7.2111,7.81025,7.81025,7.81025,7.81025,7.81025,7.07107,7.81025,7.07107,7.07107,7.07107,6.40312,7.07107,7.07107,7.07107,7.07107,7.07107,7.07107,7.07107,7.07107,5.65685,5.65685,6.40312,6.40312,5.83095,5.83095,5.83095,5.83095,4.47214,4.47214,4.12311,4.12311,4.12311,4.12311,4.0,3.0,3.0,3.0,2.23607,2.23607,2.23607,2.23607,2.23607,2.23607,2.23607,1.41421,1.41421,54.12947,49.76947,51.88449,49.39636,51.62364,47.01064,49.09175,49.40648,45.22168,47.43416,44.20407,43.93177,44.68781,41.23106,43.93177,43.86342,44.82187,43.84062,41.72529,43.13931,43.18565,43.13931,41.7732,39.69887,38.94868,43.13931,39.62323,41.72529,38.94868,42.44997,38.28838,36.23534,36.23534,36.87818,32.01562,35.8469,33.01515,34.1321,31.30495,27.313,26.92582,25.96151,24.5153,24.5153,25.07987,20.09975,17.11724,21.0238,14.14214,16.0,14.14214,15.13275,13.92839,14.56022,11.18034,9.89949,11.6619,50.48762,48.16638,49.09175,48.01042,52.0,50.01,53.08484,56.0803,56.0803,56.4358,58.54912,61.98387,60.82763,62.36986,61.39218,61.81424,62.16912,60.82763,61.81424,63.78871,65.30697,64.13267,61.18823,64.13267,64.53681,63.78871,62.80127,61.66036,64.62971,65.27634,61.20457,61.07373,65.06919,64.0,63.00794,64.03124,63.03174,65.03076,69.02898,67.47592,64.28063,67.60178,68.593,66.09841,63.78871,69.2315,64.53681,65.0,68.65858,65.73431,63.06346,65.30697,62.8172,57.97413,63.78871,61.84658,60.40695
9.43398,9.43398,9.43398,9.43398,9.43398,8.60233,8.60233,9.21954,9.21954,9.21954,9.21954,9.21954,9.21954,9.21954,8.48528,8.48528,8.48528,8.48528,8.48528,7.81025,8.48528,8.48528,8.48528,8.48528,8.48528,7.07107,7.81025,7.81025,7.81025,6.40312,7.2111,6.40312,6.40312,5.83095,5.83095,5.83095,5.38516,5.38516,5.38516,5.38516,4.12311,4.12311,4.12311,3.16228,3.16228,3.16228,3.0,3.0,3.0,3.0,2.0,2.23607,57.28001,55.36244,52.92447,48.33218,51.42956,51.88449,50.60632,51.97115,46.32494,48.54894,48.82622,46.40043,48.27007,45.45327,45.45327,47.38143,48.79549,45.34314,48.79549,43.84062,47.38143,41.72529,42.52058,43.93177,43.18565,46.69047,42.0119,42.52058,45.27693,40.36087,43.84062,41.7732,39.69887,41.6173,38.41875,39.11521,34.98571,36.89173,32.24903,29.96665,26.83282,26.92582,28.4605,29.83287,24.73863,23.34524,21.09502,19.41649,18.11077,15.13275,15.0333,14.03567,17.02939,14.14214,15.81139,14.31782,11.7047,44.04543,48.25971,46.17359,53.60037,52.34501,52.95281,52.17279,54.34151,59.48109,54.34151,57.56735,59.77458,61.84658,64.51356,65.52099,57.00877,66.48308,62.03225,66.09841,62.62587,63.56886,69.28925,60.72891,62.03225,64.84597,64.19502,64.84597,65.25335,64.28841,66.4906,61.61169,63.95311,64.77654,63.28507,65.27634,66.18912,67.02984,65.06919,65.03076,73.00685,70.0,67.06713,71.17584,67.1193,66.48308,69.46222,66.61081,66.28725,67.60178,63.34824,63.78871,65.11528,67.46851,56.29387,61.98387,63.56099,59.90826
9.21954,9.21954,8.24621,9.48683,8.544,8.544,8.544,8.544,8.544,7.61577,8.544,7.61577,7.61577,7.61577,7.61577,8.06226,8.06226,8.06226,8.06226,6.7082,7.61577,8.06226,7.61577,7.61577,7.61577,7.61577,7.61577,6.32456,7.28011,6.32456,6.32456,6.08276,6.08276,6.0,6.08276,6.0,5.0,5.09902,5.09902,5.09902,4.12311,4.12311,3.16228,4.12311,4.12311,3.16228,3.16228,3.60555,2.82843,2.82843,2.82843,2.82843,53.00943,53.23533,48.37355,53.15073,51.78803,47.85394,49.64877,48.50773,47.80167,46.57252,46.48656,48.70318,48.38388,45.22168,48.08326,43.65776,44.38468,42.54409,43.38202,44.77723,45.17743,42.04759,42.54409,38.07887,40.24922,43.82921,41.23106,39.44617,37.57659,40.8534,39.56008,40.49691,36.40055,36.05551,36.05551,34.52535,32.89377,34.71311,29.27456,32.24903,29.01724,31.06445,28.01785,23.02173,23.19483,24.02082,22.84732,20.61553,20.12461,19.31321,18.02776,18.78829,14.31782,12.20656,13.45362,15.6205,12.04159,45.89118,46.87217,50.01,51.24451,52.49762,48.08326,55.65968,55.15433,56.30275,55.9017,59.05929,60.37384,63.50591,61.7171,62.26556,63.28507,63.63175,64.07027,62.17717,63.13478,63.13478,63.52952,66.03787,63.81222,62.96825,64.66065,64.49806,64.88451,66.18912,64.40497,62.64982,62.76942,62.62587,61.68468,65.45991,66.40783,67.18631,64.84597,66.48308,68.00735,63.78871,68.24954,65.96969,69.857,64.77654,67.47592,69.58448,67.74216,64.28063,65.27634,63.63961,65.49046,63.3877,58.42089,60.40695,63.0,57.14018
8.544,8.544,9.21954,8.24621,8.24621,8.24621,8.24621,8.06226,8.06226,8.06226,8.06226,8.06226,8.06226,8.06226,8.0,8.0,7.0,7.0,8.0,7.0,7.0,7.0,7.07107,7.0,7.0,7.07107,7.07107,7.07107,7.07107,6.32456,6.32456,6.32456,6.32456,5.38516,5.83095,5.83095,5.0,5.0,5.0,4.24264,4.24264,3.60555,4.24264,3.60555,3.60555,3.16228,3.16228,3.16228,3.16228,3.16228,3.0,3.0,53.0,50.77401,54.20332,48.02083,47.85394,46.52956,43.08132,49.0408,46.8188,44.94441,45.88028,42.29657,43.41659,42.44997,43.68066,42.95346,46.69047,43.41659,45.17743,40.31129,42.42641,41.19466,43.41659,43.28972,41.19466,41.30375,39.11521,43.28972,40.31129,41.59327,39.62323,39.05125,36.87818,38.83298,35.90265,37.33631,36.05551,33.12099,34.0147,29.15476,27.78489,27.01851,28.6007,28.28427,25.6125,22.62742,23.34524,21.40093,17.20465,18.02776,18.02776,16.12452,15.81139,14.31782,15.23155,14.31782,11.04536,46.8615,48.27007,45.96738,53.07542,50.93133,53.90733,52.63079,53.15073,57.80138,56.61272,59.36329,58.24946,64.89992,61.58734,66.37017,63.06346,66.64833,62.6099,63.13478,66.18912,65.0,68.47627,63.07139,63.95311,66.24198,64.49806,64.84597,65.76473,62.64982,66.7308,58.83026,66.28725,64.40497,65.80274,64.81512,64.2028,63.89053,65.43699,64.53681,67.20863,66.52819,61.52235,67.20863,68.593,63.65532,60.87693,63.03174,64.66065,64.53681,63.03174,65.11528,65.29931,63.12686,54.67175,61.07373,62.20129,62.42596
8.94427,8.06226,8.60233,8.06226,8.60233,7.2111,7.81025,7.81025,7.81025,7.81025,7.07107,7.07107,7.81025,7.07107,7.07107,7.81025,7.81025,7.81025,7.81025,7.07107,7.07107,7.07107,7.07107,7.07107,7.07107,7.07107,6.40312,7.07107,6.40312,6.40312,5.83095,5.83095,5.83095,5.38516,5.38516,5.38516,4.47214,4.12311,4.12311,4.0,4.12311,3.0,3.0,3.0,3.0,3.0,2.23607,3.16228,2.23607,2.23607,2.23607,2.23607,53.75872,51.89412,53.66563,49.64877,51.62364,47.70744,48.8774,46.61545,44.82187,47.80167,46.2277,46.75468,45.27693,45.27693,45.27693,47.38143,43.93177,43.27817,43.93177,43.60046,46.04346,41.86884,45.0,42.0119,41.7732,44.68781,40.80441,44.40721,41.10961,38.94868,42.2019,40.45986,41.03657,38.8973,38.20995,38.60052,35.80503,36.05551,36.89173,32.44996,32.20248,29.15476,29.96665,25.63201,26.24881,24.35159,20.88061,21.84033,21.37756,17.11724,16.27882,17.02939,17.02939,16.12452,15.0333,12.04159,13.34166,50.01,47.07441,50.35871,51.47815,52.23983,52.08647,56.0,56.0357,57.03508,54.0,62.07254,61.03278,64.03124,64.38167,66.27217,63.78871,68.73136,63.78871,69.05071,65.51336,65.62012,68.24954,64.62971,68.46897,68.06614,67.74216,63.63961,67.47592,66.37017,68.26419,63.3877,68.18358,66.18912,67.1193,68.02941,65.06919,64.03124,67.18631,65.27634,68.73136,67.60178,66.75328,68.88396,66.28725,66.28725,66.91039,67.08204,64.32729,64.7611,64.32729,66.94027,64.28841,65.0,61.13101,65.14599,62.36185,58.5235
9.43398,9.43398,9.43398,9.43398,10.0,9.21954,9.21954,9.21954,9.21954,9.21954,9.21954,9.21954,9.21954,8.48528,9.21954,9.21954,8.60233,9.21954,9.21954,9.21954,9.21954,9.21954,9.21954,9.21954,8.48528,8.48528,8.48528,8.48528,8.48528,7.81025,7.81025,7.81025,7.2111,7.2111,7.2111,5.83095,6.7082,6.7082,5.38516,5.38516,5.38516,4.47214,5.38516,4.12311,4.12311,4.12311,4.12311,4.12311,3.0,3.0,3.0,3.0,54.57105,53.16014,52.81098,50.69517,46.09772,47.16991,48.76474,49.1935,45.61798,47.50789,47.16991,45.60702,44.04543,47.63402,45.22168,47.50789,48.16638,44.82187,46.75468,43.86342,47.42362,42.63801,47.38143,45.34314,43.84062,45.34314,43.18565,46.69047,46.75468,43.13931,41.86884,45.45327,40.0,41.6173,39.11521,37.73592,38.27532,36.89173,36.67424,34.43835,30.01666,31.32092,33.52611,31.01612,27.45906,25.70992,23.5372,27.07397,21.2132,22.09072,21.0238,18.02776,19.0263,17.26268,16.49242,15.81139,13.60147,46.87217,46.38965,48.50773,49.0408,49.0102,53.0,53.00943,54.0,55.03635,59.03389,61.29437,60.67125,60.53098,61.81424,64.13267,62.36986,69.63476,65.51336,68.88396,65.51336,67.46851,63.56099,65.51336,67.91171,64.03124,63.78871,63.06346,63.78871,65.30697,65.30697,61.18823,67.08204,62.514,64.28063,66.27217,62.07254,65.00769,63.12686,65.12296,63.03174,67.00746,65.00769,64.03124,64.03124,65.12296,70.45566,63.63961,64.93843,63.3877,61.52235,66.27217,62.514,60.40695,59.03389,61.52235,61.0,61.0
8.48528,8.48528,8.48528,8.48528,8.60233,8.60233,8.60233,8.60233,8.60233,8.06226,8.06226,8.06226,8.06226,8.06226,7.61577,8.94427,8.94427,7.61577,7.61577,7.61577,7.61577,7.61577,8.06226,7.61577,8.06226,8.06226,8.06226,8.06226,7.2111,7.2111,7.2111,6.40312,6.40312,6.40312,6.40312,5.65685,6.40312,5.0,5.0,4.24264,5.0,4.47214,3.60555,3.60555,3.60555,3.16228,3.16228,2.23607,2.23607,2.0,2.0,2.0,53.41348,51.61395,51.08816,49.51767,48.9183,49.51767,47.38143,48.10405,46.09772,46.01087,46.2277,49.40648,48.01042,46.32494,44.94441,47.16991,45.79301,43.04649,43.41659,47.01064,47.01064,46.14109,44.38468,44.28318,44.77723,43.82921,47.88528,45.17743,46.51881,42.19005,45.80393,43.01163,40.31129,39.66106,42.80187,38.41875,40.0,38.28838,36.87818,37.53665,34.71311,33.83785,31.62278,26.24881,27.01851,27.29469,27.29469,22.84732,22.47221,20.61553,19.69772,17.72005,17.08801,14.56022,14.31782,14.0,13.0384,43.82921,45.79301,45.79301,49.1935,49.76947,51.07837,51.47815,53.85165,56.64804,58.87274,59.48109,60.40695,62.36185,61.39218,63.15061,63.15061,65.76473,62.514,64.13267,62.80127,66.09841,64.62971,65.49046,67.74216,67.74216,62.514,61.52235,65.49046,65.62012,63.95311,66.09841,62.58594,63.78871,61.40033,61.98387,62.0967,65.14599,64.19502,63.56886,63.32456,62.03225,65.9242,64.62198,65.0,65.79514,60.82763,62.96825,64.41273,62.64982,64.41273,63.52952,63.07139,59.5399,61.7414,62.16912,60.53924,57.24509
8.48528,8.48528,8.60233,8.60233,8.60233,8.60233,8.60233,8.06226,8.06226,8.06226,8.06226,8.06226,7.61577,7.61577,7.61577,8.544,8.544,8.544,8.24621,7.61577,7.28011,8.544,8.544,8.544,8.544,7.61577,8.06226,7.61577,8.06226,8.06226,7.2111,7.2111,7.2111,7.2111,7.07107,7.07107,7.07107,5.65685,5.65685,5.0,5.0,5.83095,5.0,4.47214,4.47214,4.47214,4.12311,3.16228,3.16228,3.16228,4.12311,3.0,52.20153,48.27007,53.2635,50.24938,48.79549,48.9183,48.27007,49.0408,45.0,45.60702,47.43416,46.64762,43.56604,47.85394,47.16991,47.88528,48.30114,44.38468,46.51881,47.01064,49.0408,45.31004,50.32892,48.10405,47.16991,45.88028,46.23851,51.26402,51.47815,45.69464,44.38468,46.14109,45.18849,45.69464,42.95346,42.54409,42.72002,43.909,40.22437,38.83298,39.82462,38.20995,36.12478,31.241,29.06888,30.61046,27.45906,27.20294,26.92582,26.83282,24.18677,22.36068,21.9545,20.24846,20.24846,21.2132,20.02498,41.6173,43.909,44.94441,49.39636,47.85394,48.33218,50.56679,49.76947,49.64877,53.85165,57.24509,57.28001,60.44005,60.16644,60.16644,60.63827,65.30697,64.32729,65.96969,62.8172,64.32729,66.09841,66.09841,66.61081,66.75328,64.93843,62.64982,66.28725,67.68309,64.7611,62.58594,65.96969,65.14599,64.19502,65.14599,63.24555,63.56886,67.06713,62.29767,64.07808,63.50591,66.70832,66.70832,64.84597,65.74192,68.96376,66.21178,62.96825,66.7308,64.88451,67.60178,61.29437,59.03389,60.90156,60.20797,60.20797,60.46487
9.05539,8.24621,8.24621,8.24621,8.24621,8.24621,8.544,8.544,8.544,8.544,8.94427,8.94427,8.06226,8.06226,8.06226,9.43398,8.60233,8.60233,8.60233,8.60233,8.06226,8.60233,9.43398,8.60233,8.06226,8.60233,8.60233,8.06226,8.06226,8.06226,7.61577,7.61577,7.61577,7.28011,7.28011,7.28011,6.32456,6.08276,5.09902,5.09902,5.09902,5.09902,5.0,4.0,4.0,3.0,3.0,3.0,3.16228,3.0,3.16228,2.23607,52.0,48.04165,51.35173,50.35871,50.01,47.85394,47.12749,46.84015,46.48656,49.39636,47.01064,47.85394,49.24429,46.95743,48.30114,50.11986,49.39636,44.65423,48.54894,43.82921,55.21775,48.82622,48.41487,47.63402,48.02083,48.27007,48.60041,49.64877,49.09175,48.60041,48.02083,51.31277,46.32494,47.41308,48.02083,44.94441,43.38202,42.04759,40.80441,42.72002,39.84972,38.32754,36.13862,34.52535,31.57531,32.55764,29.06888,29.06888,28.28427,23.02173,24.08319,23.02173,20.02498,19.23538,18.43909,19.92486,18.43909,41.0,42.75512,43.68066,46.32494,47.12749,49.0408,47.53946,49.0408,50.9902,52.39275,56.85948,58.13777,58.13777,58.59181,60.90156,58.59181,65.8635,60.03332,63.81222,61.40033,65.21503,63.51378,62.96825,65.45991,64.07027,64.14047,62.43397,62.43397,62.1289,64.49806,61.7171,64.41273,63.50591,60.83584,64.40497,62.24147,62.96825,63.56886,64.19502,62.62587,63.56886,64.7611,65.52099,64.28841,65.0,63.56099,64.03124,64.77654,63.56099,65.30697,62.80127,59.68249,61.66036,60.53098,64.62971,60.53098,57.70615
8.60233,8.60233,8.06226,8.06226,8.06226,8.06226,7.61577,7.61577,8.544,8.544,8.544,8.544,8.24621,8.24621,8.24621,8.24621,8.24621,8.24621,8.06226,8.06226,8.24621,8.24621,8.24621,8.24621,8.24621,8.24621,8.24621,8.24621,7.28011,7.61577,7.61577,7.61577,6.7082,6.7082,7.2111,7.2111,6.40312,6.40312,5.65685,5.65685,5.65685,5.0,5.0,5.0,4.47214,4.47214,4.47214,3.60555,3.60555,3.16228,3.16228,3.0,53.07542,50.20956,52.49762,48.83646,45.60702,47.20169,46.61545,46.04346,45.17743,46.52956,44.77723,45.18849,48.33218,43.08132,47.85394,45.88028,48.08326,46.84015,47.12749,44.92215,49.64877,47.12749,48.50773,48.76474,44.14748,48.83646,46.57252,52.39275,51.1957,48.08326,46.84015,45.88028,42.44997,46.57252,43.08132,44.38468,44.38468,41.59327,38.91015,37.73592,36.71512,37.64306,33.83785,32.80244,32.64966,29.69848,31.241,27.58623,29.06888,26.62705,23.02173,21.63331,20.80865,18.35756,18.78829,18.02776,17.72005,42.19005,44.29447,42.05948,47.42362,45.69464,48.8467,48.70318,49.0408,52.49762,50.92151,56.04463,56.61272,57.87055,56.04463,58.94065,57.07013,63.34824,58.85576,63.06346,61.61169,65.51336,63.34824,63.95311,64.13267,61.98387,65.11528,60.82763,65.76473,60.87693,64.7611,57.07013,63.32456,63.60031,62.64184,60.44005,61.68468,60.40695,62.96825,64.2573,63.07139,65.74192,60.83584,69.35416,60.82763,65.74192,62.76942,64.66065,62.64982,65.51336,61.05735,62.68174,64.89992,64.66065,56.85948,60.46487,59.81639,56.40035
9.43398,8.60233,8.60233,8.60233,9.21954,9.21954,8.48528,8.48528,8.48528,8.48528,8.48528,9.21954,8.60233,8.60233,8.60233,8.60233,8.60233,8.60233,8.60233,8.60233,8.60233,8.60233,8.60233,8.60233,8.60233,8.60233,9.21954,8.48528,8.48528,8.48528,7.07107,7.81025,7.81025,7.2111,7.2111,7.2111,6.7082,5.83095,6.32456,5.38516,5.38516,5.38516,5.09902,5.09902,5.09902,5.09902,5.0,4.0,4.0,4.0,4.0,4.12311,52.80152,53.85165,50.24938,49.1935,48.8774,46.04346,48.01042,46.61545,48.10405,45.60702,45.27693,50.24938,48.10405,48.16638,44.59821,44.82187,48.27007,48.41487,44.04543,47.80167,48.41487,47.20169,47.43416,49.09175,44.10215,44.94441,49.40648,51.10773,47.01064,49.81967,49.20366,48.9183,46.8615,46.09772,47.38143,44.55334,41.03657,39.62323,40.36087,41.6173,40.80441,37.73592,35.35534,34.1321,31.76476,31.30495,28.4605,28.4605,25.29822,25.31798,24.33105,21.37756,20.61553,21.37756,19.23538,18.43909,18.02776,41.78516,44.01136,45.22168,45.88028,49.33559,51.1957,51.41984,52.17279,52.95281,52.7731,56.32051,60.20797,60.13319,62.07254,60.00833,64.0,64.00781,63.07139,62.00806,65.03076,65.06919,64.19502,66.18912,66.00758,63.07139,66.18912,63.3877,64.03124,61.0,63.00794,65.03076,63.0,63.03174,60.07495,64.19502,66.18912,63.3877,65.37584,64.49806,65.11528,62.80127,67.26812,62.96825,66.4906,61.61169,67.18631,65.73431,64.03124,63.89053,65.14599,60.08328,66.09841,60.16644,60.72891,61.68468,58.30952,58.87274
7.81025,8.60233,8.60233,8.06226,8.06226,8.06226,8.06226,8.06226,8.06226,7.61577,7.61577,7.61577,7.28011,7.28011,7.28011,8.24621,8.24621,8.24621,8.24621,8.24621,7.28011,7.28011,7.28011,8.24621,7.28011,7.61577,8.544,7.28011,7.61577,7.61577,6.7082,6.7082,6.7082,6.7082,6.40312,6.40312,6.40312,5.65685,5.0,5.65685,5.0,5.0,5.0,4.47214,4.47214,4.47214,3.16228,3.60555,3.16228,3.16228,3.16228,3.0,52.40229,49.0408,46.61545,49.67897,51.61395,47.80167,48.54894,51.97115,44.28318,43.86342,47.41308,44.38468,47.53946,43.32436,43.32436,46.57252,46.57252,46.09772,44.14748,47.53946,47.29693,46.32494,50.01,47.38143,45.70558,44.55334,45.35416,46.27094,45.70558,41.23106,45.12206,47.12749,43.68066,45.35416,43.46263,41.4367,41.78516,42.72002,38.47077,39.11521,34.1321,35.22783,35.22783,33.6006,31.40064,31.14482,29.73214,27.65863,25.6125,23.02173,21.26029,21.47091,23.85372,18.02776,17.20465,17.26268,16.76305,41.72529,42.63801,43.86342,46.2277,47.43416,52.47857,51.62364,51.97115,55.07268,55.47071,58.66856,57.70615,61.29437,62.16912,61.32699,61.09828,64.07808,63.24555,64.62198,64.84597,65.55151,63.24555,63.60031,64.84597,61.98387,66.48308,65.55151,63.69458,64.19502,64.2573,60.16644,64.4748,63.69458,64.40497,65.79514,63.07139,60.90156,65.8635,63.81222,63.81222,63.81222,61.85467,66.28725,63.82006,65.45991,66.0303,64.81512,61.61169,63.60031,62.62587,60.44005,58.25805,63.12686,58.79626,58.0517,60.87693,60.1415
8.544,8.544,8.544,7.61577,8.06226,8.06226,8.60233,8.06226,8.60233,7.81025,8.60233,8.60233,7.81025,7.81025,7.81025,8.48528,8.48528,8.48528,7.81025,8.48528,8.48528,8.48528,8.48528,7.81025,7.81025,7.81025,7.81025,7.81025,7.81025,7.2111,7.2111,7.2111,6.7082,6.7082,6.7082,6.7082,6.32456,5.09902,5.09902,5.09902,4.12311,4.12311,4.12311,4.0,4.0,3.0,3.0,3.0,3.0,2.0,2.23607,2.23607,49.0306,48.6621,50.96077,49.0408,47.16991,47.75982,42.95346,46.51881,44.28318,47.41308,46.14109,45.48626,46.61545,41.6173,45.48626,47.43416,44.82187,43.18565,44.59821,47.01064,48.16638,43.86342,46.01087,46.66905,45.25483,43.93177,47.38143,47.42362,43.86342,45.27693,44.20407,47.01064,45.45327,45.0,41.04875,39.66106,41.6173,39.40812,36.71512,39.92493,36.40055,36.76955,32.28002,29.83287,28.44293,27.89265,28.44293,24.73863,26.30589,25.01999,20.02498,22.09072,18.02776,17.11724,16.0,14.03567,16.76305,42.42641,45.17743,41.30375,48.01042,45.09989,50.15974,50.15974,52.23983,51.24451,52.61179,55.31727,55.54278,60.63827,62.36185,61.84658,60.16644,64.84597,58.18935,64.19502,66.09841,62.64184,64.51356,61.09828,64.2573,63.90618,63.90618,61.68468,65.78754,61.98387,63.32456,60.72891,63.89053,62.0967,60.87693,61.18823,65.73431,62.36986,65.30697,62.96825,60.82763,64.28063,65.62012,66.27217,60.03332,63.07139,67.1193,64.03124,61.03278,60.03332,60.03332,63.00794,62.00806,59.03389,53.08484,59.03389,56.00893,57.31492
9.0,9.0,9.0,9.0,9.0,9.05539,9.05539,9.05539,9.21954,9.21954,9.21954,9.21954,8.24621,8.24621,8.24621,9.48683,8.544,8.544,8.544,8.544,8.544,8.544,8.544,8.544,8.24621,9.48683,9.21954,8.24621,8.06226,9.05539,8.06226,8.06226,8.0,7.0,8.0,7.0,7.07107,6.08276,6.08276,6.08276,6.08276,5.09902,5.09902,5.38516,4.47214,4.47214,4.47214,3.60555,3.60555,3.60555,3.60555,3.60555,50.96077,50.9902,49.24429,52.95281,50.15974,48.01042,45.04442,48.04165,46.0,50.08992,49.16299,49.25444,48.37355,46.38965,48.37355,46.09772,46.69047,48.27007,46.09772,47.80167,50.96077,50.28916,44.38468,45.22168,46.32494,43.9659,49.0408,46.09772,45.35416,47.12749,48.05206,48.6621,42.57934,46.09772,45.39824,43.04649,43.18565,41.01219,40.04997,41.30375,37.12142,37.21559,34.9285,32.24903,31.04835,28.63564,30.67572,25.07987,24.16609,23.4094,20.24846,21.0238,18.78829,18.60108,17.20465,15.6205,16.40122,41.10961,44.10215,43.28972,48.6621,51.41984,51.24451,53.16014,51.86521,53.14132,53.48832,57.77543,62.16912,58.69412,60.83584,59.94164,60.90156,63.51378,63.51378,64.00781,64.89992,63.60031,65.45991,63.82006,66.8431,65.0,67.20119,64.03124,64.07027,61.61169,60.46487,62.96825,63.81222,63.51378,65.45991,61.58734,61.77378,61.91123,64.41273,63.52952,61.26989,61.26989,63.07139,64.88451,64.40497,64.07808,63.32456,65.9242,64.07808,64.2573,61.46544,62.62587,62.29767,59.23681,60.40695,61.03278,60.87693,59.20304
9.43398,9.43398,10.0,8.60233,9.21954,9.21954,9.21954,9.21954,8.48528,8.48528,8.48528,8.48528,9.21954,9.21954,9.21954,9.21954,9.21954,9.21954,8.60233,9.43398,9.21954,10.0,9.21954,9.21954,9.21954,9.21954,9.21954,9.21954,8.48528,8.48528,8.48528,8.48528,7.81025,7.81025,7.2111,7.2111,7.2111,6.7082,6.7082,5.83095,5.38516,5.38516,5.38516,4.47214,4.12311,4.12311,4.12311,4.12311,4.12311,3.16228,3.16228,3.16228,55.4617,55.00909,51.62364,48.8774,49.92995,47.43416,49.81967,49.40648,47.63402,48.83646,48.79549,48.16638,46.75468,46.01087,48.27007,49.20366,48.16638,48.27007,45.80393,49.09175,49.92995,46.40043,47.43416,50.21952,49.64877,49.64877,49.09175,51.86521,50.80354,46.32494,46.04346,48.60041,49.81967,48.60041,43.93177,45.96738,45.27693,41.7732,41.03657,36.23534,40.60788,36.40055,36.35932,36.35932,30.01666,30.52868,29.06888,29.54657,23.25941,22.84732,18.68154,21.0238,21.2132,18.24829,16.27882,17.02939,16.12452,39.96248,41.59327,47.01064,49.24429,49.39636,50.59644,49.72927,52.20153,53.16014,54.12947,56.08921,58.46366,56.88585,59.4138,60.40695,62.07254,64.12488,63.03174,67.1193,64.07027,68.0,61.0082,63.03174,67.02984,64.19502,63.00794,61.03278,64.12488,63.07139,66.0303,58.03447,64.12488,64.19502,62.03225,63.50591,61.29437,63.63961,64.49806,62.96825,61.39218,65.11528,63.06346,63.60031,65.73431,61.98387,62.29767,61.98387,64.51356,64.19502,62.93648,62.29767,61.84658,59.23681,58.87274,62.39391,63.15853,58.69412
10.04988,10.0,10.0,10.04988,10.04988,9.05539,9.05539,9.05539,9.21954,9.21954,9.21954,9.21954,9.21954,9.21954,9.48683,9.48683,9.48683,9.48683,9.48683,9.48683,9.48683,9.48683,9.21954,9.48683,9.48683,9.48683,9.21954,9.21954,9.21954,9.21954,9.05539,8.06226,9.05539,8.06226,8.0,7.0,7.0,7.0,6.0,6.08276,5.09902,5.09902,5.09902,5.09902,4.12311,4.12311,4.12311,4.12311,4.12311,3.16228,3.16228,3.16228,50.47772,51.40039,55.97321,47.01064,53.90733,52.34501,51.62364,47.38143,50.9902,45.45327,42.44997,44.10215,50.80354,50.0,49.0408,48.54894,46.32494,46.04346,49.64877,46.64762,54.626,44.77723,46.51881,48.8467,48.37355,45.18849,49.24429,49.24429,47.41308,48.37355,46.14109,45.0,45.79301,42.43819,45.0,48.27007,45.34314,41.40048,40.45986,39.82462,37.53665,39.20459,33.6006,30.23243,28.84441,31.76476,27.29469,22.47221,23.25941,24.04163,21.84033,18.43909,13.0384,14.14214,15.29706,17.0,10.44031,46.66905,47.42362,48.08326,49.20366,50.21952,53.00943,50.24938,55.56978,55.9464,55.15433,57.27128,57.24509,63.32456,62.62587,62.03225,63.32456,64.84597,62.36185,64.28841,64.84597,65.25335,66.70832,64.13267,65.73431,66.28725,66.09841,59.48109,63.78871,65.52099,65.25335,64.28841,65.45991,65.14599,60.40695,60.74537,60.72891,64.56005,65.55151,63.95311,61.46544,63.56099,64.88451,64.40497,68.09552,67.53518,65.51336,70.68239,61.91123,60.53924,70.83078,64.00781,61.77378,59.90826,66.7308,60.37384,68.00735,57.80138
10.0,9.21954,9.21954,9.21954,8.48528,9.21954,9.21954,9.21954,9.21954,9.21954,9.21954,9.21954,9.21954,8.60233,8.60233,9.43398,8.60233,8.60233,9.43398,8.94427,9.43398,9.43398,9.43398,8.60233,8.60233,8.60233,8.60233,8.60233,7.81025,8.48528,7.81025,7.81025,7.07107,7.07107,7.07107,6.40312,5.83095,5.83095,5.0,5.0,5.38516,4.47214,4.47214,4.47214,3.60555,3.16228,3.16228,3.16228,3.16228,2.23607,2.23607,2.0,56.61272,53.75872,52.20153,55.57877,56.88585,49.0306,56.56854,46.38965,49.36598,48.01042,52.03845,48.01042,49.49747,45.01111,50.03998,52.00961,44.01136,45.01111,45.70558,51.24451,48.25971,46.52956,47.51842,45.39824,44.91102,45.39824,50.48762,48.50773,44.18144,51.78803,48.37355,49.24429,43.18565,43.01163,49.09175,43.04649,41.04875,41.10961,36.34556,41.59327,39.29377,38.07887,32.28002,29.73214,30.88689,32.31099,26.0,26.40076,20.59126,25.29822,20.88061,25.05993,19.69772,17.08801,16.27882,18.86796,15.0,42.04759,44.18144,46.27094,46.09772,47.85394,50.44799,53.93515,50.0,56.51548,55.02727,55.15433,55.9464,58.30952,59.03389,63.15853,62.76942,60.82763,61.91123,59.16925,59.64059,60.46487,63.51378,62.68174,59.64059,60.20797,60.21628,61.03278,56.93856,62.80127,60.80296,62.43397,56.30275,60.90156,59.16925,61.29437,60.90156,62.16912,64.07808,57.69749,65.39113,56.85948,69.28925,63.69458,62.76942,61.68468,71.7844,68.94926,71.16881,64.2573,66.7308,66.48308,69.89278,63.34824,67.72001,61.68468,55.36244,62.36986
11.04536,10.04988,11.04536,10.04988,10.04988,10.0,10.0,10.0,10.0,10.0,10.04988,10.04988,9.05539,9.05539,9.05539,10.04988,9.05539,10.04988,9.05539,9.05539,9.05539,9.05539,9.05539,9.05539,9.05539,9.05539,9.05539,9.0,9.0,9.0,8.06226,8.06226,8.06226,8.06226,8.06226,8.06226,7.28011,6.32456,6.32456,5.38516,6.32456,5.38516,5.38516,4.47214,4.47214,4.47214,4.47214,3.60555,3.60555,3.60555,3.60555,3.60555,60.74537,58.00862,56.85948,53.2635,53.03772,50.91169,55.21775,46.75468,45.96738,45.96738,50.24938,46.01087,47.50789,48.79549,45.45327,45.0,43.56604,47.80167,46.8615,43.41659,47.01064,44.77723,51.0392,46.61545,44.65423,43.93177,49.09175,48.27007,46.87217,43.909,47.16991,45.45327,39.69887,43.84062,36.79674,45.45327,42.52058,39.59798,35.38361,36.12478,33.42155,33.6006,29.15476,33.54102,28.6531,25.80698,26.24881,24.69818,21.9545,21.47091,19.92486,16.12452,21.2132,9.21954,11.0,13.60147,15.0333,41.59327,42.05948,40.22437,44.20407,45.45327,48.10405,46.66905,48.83646,54.67175,53.41348,50.21952,56.0357,54.91812,60.20797,61.05735,56.60389,57.45433,54.12947,61.7414,58.13777,60.92618,65.0,55.00909,62.62587,58.30952,61.84658,61.7414,58.59181,59.9333,60.83584,57.77543,62.62587,63.56099,63.07139,67.1193,61.7171,57.98276,61.05735,61.58734,63.28507,66.24198,62.1289,65.8635,67.1193,61.85467,63.24555,63.63175,67.20119,67.6757,64.89992,68.60029,64.81512,69.33974,63.00794,64.14047,65.45991,60.74537
10.0,9.05539,9.05539,10.04988,9.05539,9.05539,9.05539,8.24621,8.06226,8.24621,8.24621,8.24621,8.24621,8.24621,8.24621,8.24621,8.544,7.28011,8.544,8.544,8.24621,8.544,7.28011,8.544,8.24621,8.24621,8.24621,8.24621,8.24621,7.07107,7.07107,7.07107,7.0,7.0,6.0,6.0,6.08276,6.08276,5.09902,5.09902,4.12311,4.47214,4.47214,4.47214,3.16228,3.60555,3.60555,3.60555,3.60555,2.82843,2.82843,2.82843,65.06919,67.20119,52.80152,57.38467,55.97321,55.44367,56.58622,53.8145,48.9183,49.51767,53.74012,48.41487,52.49762,50.47772,49.0408,47.20169,50.77401,47.16991,47.01064,49.0408,45.48626,47.43416,49.24429,45.17743,47.41308,47.20169,47.70744,45.27693,47.01064,46.87217,48.9183,46.40043,43.41659,39.82462,43.86342,44.68781,40.31129,38.20995,41.01219,38.83298,38.41875,30.52868,34.98571,30.52868,28.63564,26.92582,23.76973,25.07987,24.5153,20.61553,17.46425,20.39608,19.23538,17.26268,16.27882,14.0,16.12452,39.62323,43.9659,37.94733,42.37924,48.8467,46.06517,44.41846,51.0,51.40039,54.40588,57.38467,51.62364,53.75872,54.45181,60.10824,62.00806,57.80138,59.81639,58.60034,59.03389,61.7171,63.82006,61.40033,56.0357,62.96825,61.61169,62.42596,57.98276,61.29437,59.64059,64.89992,61.03278,59.40539,62.62587,66.21933,63.60031,65.45991,63.00794,61.84658,65.29931,64.03124,65.94695,63.00794,70.76722,65.43699,65.19202,63.12686,66.6033,67.94115,71.70077,69.6563,72.00694,70.29225,63.60031,68.24954,67.26812,63.51378
10.44031,9.48683,10.19804,9.21954,9.21954,9.21954,9.21954,9.21954,9.05539,9.05539,9.05539,8.06226,9.05539,8.06226,8.0,8.0,8.0,8.0,8.0,8.0,8.0,8.0,8.06226,8.0,8.0,8.06226,8.06226,8.06226,8.06226,8.06226,7.07107,7.28011,7.28011,7.28011,6.7082,6.7082,5.83095,5.83095,5.83095,5.0,5.0,5.0,5.0,4.24264,4.24264,3.60555,3.60555,2.82843,2.82843,2.82843,3.60555,3.16228,58.30952,64.2028,55.44367,51.86521,56.61272,51.85557,52.40229,52.40229,48.79549,48.9183,53.75872,48.79549,48.08326,46.01087,46.75468,49.67897,48.08326,47.70744,45.48626,45.0,46.8615,44.94441,47.16991,47.43416,45.79301,47.70744,47.43416,43.26662,45.79301,47.80167,44.20407,45.60702,43.01163,43.41659,38.20995,42.44997,43.13931,41.03657,38.83298,32.64966,34.82815,34.48188,31.7805,29.41088,27.29469,29.52965,25.94224,24.18677,23.76973,19.31321,15.23155,16.49242,17.72005,11.40175,13.0384,12.08305,12.04159,42.95346,41.23106,39.21734,46.52956,43.04649,44.40721,46.09772,44.04543,48.10405,50.93133,52.34501,52.40229,55.22681,59.20304,56.22277,52.43091,57.80138,56.61272,56.85948,56.93856,55.47071,60.53924,55.07268,59.16925,60.82763,57.24509,58.66856,57.80138,60.03332,57.45433,60.41523,60.74537,63.06346,60.37384,60.82763,65.0,57.98276,59.40539,62.1289,64.03124,65.0,62.00806,66.61081,66.21933,68.00735,71.84706,65.80274,63.51378,69.89278,65.21503,63.24555,71.02816,66.0303,65.60488,65.80274,69.89278,58.24946
10.44031,10.44031,9.48683,9.48683,9.48683,9.48683,8.94427,8.94427,8.94427,8.544,8.544,8.94427,8.06226,7.61577,8.06226,8.94427,8.94427,8.06226,8.06226,8.06226,8.06226,8.06226,8.06226,8.06226,8.06226,8.06226,7.61577,7.61577,7.61577,7.61577,7.28011,7.28011,6.32456,6.32456,6.08276,6.08276,6.0,5.0,5.0,5.0,5.0,4.0,4.0,3.0,3.0,3.0,3.0,3.0,2.0,2.23607,2.23607,2.23607,62.62587,61.40033,54.58938,58.13777,57.24509,56.79789,60.03332,51.42956,50.08992,48.46648,48.8467,50.92151,53.45091,48.46648,49.98,50.28916,48.38388,43.9659,44.92215,45.35416,46.69047,46.69047,43.18565,43.28972,43.73786,46.27094,46.84015,45.60702,41.23106,45.35416,47.12749,42.75512,43.9659,40.49691,39.84972,38.60052,36.76955,39.56008,38.07887,37.58989,34.43835,34.98571,31.241,32.44996,27.01851,27.80288,28.30194,20.61553,19.79899,21.93171,19.84943,18.38478,14.86607,14.21267,17.0,13.0,14.86607,39.31921,40.0125,43.04649,44.01136,47.04253,46.27094,50.15974,50.01,49.47727,54.40588,52.55473,55.02727,55.54278,56.79789,54.56189,59.94164,59.5063,59.5399,59.16925,61.84658,59.68249,63.24555,60.53924,59.36329,62.482,62.96825,61.03278,61.05735,64.07027,60.46487,63.60031,60.74537,64.2028,62.76942,64.89992,63.28507,70.49113,65.8635,62.64982,67.1193,66.64833,71.11962,65.74192,71.56116,60.41523,66.30988,71.69379,75.23962,73.34848,73.57309,72.20111,72.56032,72.47068,72.06941,70.71068,64.49806,70.17834
10.63015,9.89949,9.89949,9.89949,8.48528,9.89949,8.48528,9.21954,8.48528,7.81025,8.48528,8.48528,7.81025,7.81025,7.81025,8.60233,8.60233,7.81025,8.06226,8.06226,8.06226,8.06226,7.81025,7.2111,7.81025,7.81025,7.81025,7.81025,7.81025,7.07107,7.07107,7.07107,7.07107,6.40312,6.40312,5.83095,5.83095,5.83095,5.38516,5.38516,5.09902,5.09902,4.12311,4.12311,4.12311,4.12311,4.0,3.16228,3.0,3.0,3.0,3.0,62.07254,58.03447,58.00862,61.0,56.14268,55.14526,53.00943,48.09366,52.08647,46.04346,52.03845,47.16991,44.10215,46.27094,49.0408,50.80354,47.07441,44.55334,45.54119,46.52956,44.72136,42.57934,45.12206,42.44997,42.2019,46.38965,43.41659,44.38468,42.75512,43.73786,42.75512,39.11521,41.30375,39.11521,42.0,38.0526,35.0,34.05877,32.55764,32.55764,32.28002,32.89377,28.16026,27.65863,26.0,21.54066,25.4951,21.54066,16.12452,18.43909,15.26434,15.65248,14.42221,13.89244,17.20465,12.04159,12.72792,39.40812,33.94113,42.52058,40.31129,43.86342,45.25483,47.63402,47.01064,49.39636,50.24938,49.76947,56.4358,55.47071,54.42426,54.42426,54.42426,57.87055,58.69412,59.77458,58.69412,56.75385,58.69412,61.66036,65.9242,62.514,63.78871,64.19502,61.20457,64.07027,63.12686,63.1981,62.39391,62.80127,62.20129,62.514,60.20797,62.64982,63.28507,64.28063,65.76473,63.07139,68.11755,69.72087,70.45566,68.593,74.95332,66.48308,71.84706,63.1981,70.25667,77.16217,70.00714,67.0,72.24957,70.00714,68.0,71.0
10.0,9.21954,9.89949,9.21954,9.21954,8.48528,9.21954,9.21954,9.21954,8.60233,8.48528,8.48528,8.60233,7.81025,7.81025,8.60233,8.60233,8.60233,8.06226,8.06226,8.06226,8.06226,8.60233,8.06226,8.60233,7.81025,7.81025,7.81025,7.2111,7.07107,7.07107,7.07107,6.40312,5.65685,6.40312,5.83095,5.0,5.0,5.0,4.24264,4.47214,3.60555,3.60555,3.60555,3.60555,3.60555,2.23607,2.23607,2.23607,2.23607,2.23607,2.23607,62.1289,58.42089,57.07889,60.40695,54.33231,53.23533,54.14795,51.0,51.15662,50.0,43.01163,50.01,44.18144,46.17359,41.59327,44.18144,42.42641,42.75512,44.55334,41.59327,49.81967,44.40721,41.48494,43.41659,40.02499,41.4367,42.75512,41.97618,40.02499,44.91102,42.42641,44.28318,41.59327,37.12142,40.11234,40.0125,37.21559,34.23449,35.12834,36.49658,32.75668,28.28427,27.45906,27.65863,24.73863,23.76973,24.18677,19.64688,18.38478,20.61553,17.08801,14.86607,17.20465,13.0,14.42221,15.81139,10.81665,40.31129,41.86884,43.13931,43.41659,41.6173,47.16991,46.52956,47.75982,47.92703,48.46648,54.08327,53.45091,57.87055,54.12024,54.12024,59.66574,60.63827,61.13101,60.82763,60.82763,61.29437,61.07373,65.03076,63.12686,60.03332,61.03278,63.03174,61.0,62.0,63.00794,65.06919,65.06919,64.12488,63.07139,65.06919,64.00781,65.03076,65.19202,70.00714,67.26812,64.03124,72.1734,72.02777,70.11419,70.06426,73.10951,74.02702,68.00735,72.02777,74.02702,69.18092,71.17584,73.33485,71.0,70.11419,66.0303,69.46222
9.89949,9.21954,9.21954,9.21954,8.60233,8.60233,8.60233,8.60233,8.60233,8.06226,8.60233,8.06226,8.06226,8.06226,8.06226,8.06226,8.06226,8.06226,7.61577,7.61577,7.61577,7.61577,8.06226,7.61577,8.06226,8.06226,7.2111,7.2111,7.2111,7.2111,6.40312,6.40312,6.40312,5.65685,5.65685,5.65685,5.0,5.0,4.24264,4.24264,3.60555,3.60555,3.60555,3.60555,2.82843,2.82843,2.23607,2.82843,2.23607,2.23607,2.23607,2.23607,59.3043,54.12947,55.9017,51.97115,52.03845,52.23983,49.36598,46.17359,42.04759,47.0,45.01111,45.39824,44.01136,40.1995,45.09989,39.62323,43.28972,38.20995,39.62323,41.4367,44.72136,43.68066,39.21734,41.4367,40.02499,40.79216,44.28318,36.67424,41.48494,43.28972,41.59327,43.41659,35.35534,39.05125,38.0526,34.0,34.05877,33.13608,29.27456,30.41381,29.15476,27.89265,25.31798,21.2132,24.33105,23.5372,21.58703,21.18962,18.68154,19.69772,15.65248,15.81139,13.0,16.12452,10.44031,13.41641,9.21954,41.7732,43.84062,39.82462,43.56604,44.94441,44.28318,48.10405,51.07837,49.0408,49.64877,57.56735,54.42426,55.7853,59.20304,60.20797,61.98387,63.78871,58.42089,63.78871,64.0,61.03278,63.07139,62.00806,64.07027,62.0,66.00758,69.00725,66.0303,64.00781,64.07027,64.28063,63.0,64.19502,61.13101,67.06713,65.03076,66.06815,69.02898,69.06519,72.00694,68.06614,72.00694,69.00725,73.06162,73.0,69.00725,72.24957,70.06426,71.06335,71.11259,67.1193,73.24616,70.25667,66.75328,73.10951,67.89698,69.72087
9.84886,9.48683,9.48683,9.48683,9.48683,8.544,9.21954,9.05539,9.05539,8.24621,8.24621,8.24621,8.24621,8.24621,8.24621,8.06226,8.06226,8.06226,8.06226,8.06226,8.06226,8.06226,8.06226,8.24621,8.24621,8.06226,8.06226,7.28011,7.28011,7.28011,6.32456,6.32456,6.32456,6.32456,6.32456,6.7082,5.83095,5.0,5.0,5.0,5.0,4.47214,3.60555,3.60555,3.60555,3.60555,3.60555,2.82843,2.82843,2.82843,2.82843,2.82843,60.41523,57.3062,56.35601,52.35456,51.0392,48.01042,47.43416,50.80354,44.82187,42.44997,48.83646,43.13931,42.42641,41.03657,38.8973,39.69887,43.27817,38.8973,41.10961,39.69887,41.23106,38.60052,42.2019,38.28838,39.69887,45.34314,39.40812,41.03657,40.31129,42.2019,36.79674,36.79674,36.12478,39.20459,36.06938,37.80212,36.05551,36.05551,36.23534,30.23243,25.05993,25.05993,25.29822,24.35159,25.07987,22.13594,21.37756,19.64688,13.92839,15.81139,17.72005,12.0,15.0333,16.03122,12.0,9.21954,8.24621,36.49658,39.81206,40.80441,42.05948,46.23851,44.01136,47.53946,47.92703,51.47815,50.11986,50.77401,56.30275,54.6443,54.08327,59.5483,57.48913,59.46427,60.10824,62.93648,65.06919,61.55485,63.78087,61.6198,68.88396,65.94695,65.19202,63.00794,64.66065,64.40497,66.0303,62.62587,64.2028,67.1193,65.60488,71.21798,68.00735,64.2028,69.52697,65.43699,71.21798,71.21798,68.88396,72.47068,70.80254,70.29225,71.84706,70.0,69.81404,72.40166,69.89278,68.24222,71.21798,71.56116,60.74537,70.49113,66.03787,63.52952
10.63015,9.89949,9.21954,9.21954,9.21954,9.21954,9.21954,9.21954,9.21954,8.60233,8.60233,8.60233,8.60233,8.60233,8.06226,8.60233,8.06226,8.60233,8.06226,8.06226,8.06226,8.06226,8.60233,8.06226,8.06226,8.60233,7.81025,7.81025,7.81025,7.07107,7.07107,7.07107,7.07107,6.40312,5.83095,5.83095,5.83095,5.0,5.0,5.0,4.47214,4.47214,3.60555,3.16228,3.16228,3.16228,3.16228,2.23607,2.23607,2.23607,2.23607,2.23607,58.30952,55.02727,52.20153,53.48832,48.8467,55.54278,47.29693,48.76474,47.53946,46.32494,47.85394,44.91102,48.37355,43.56604,44.72136,43.41659,42.42641,45.54119,39.45884,45.54119,47.67599,44.18144,41.10961,37.12142,40.1995,42.29657,43.73786,39.45884,41.0,42.42641,42.57934,40.5216,41.76123,40.5216,37.0,36.76955,38.62642,33.54102,28.6531,34.98571,29.96665,33.01515,26.07681,27.01851,22.62742,28.3196,26.90725,20.51828,21.26029,21.40093,21.40093,18.38478,14.76482,16.64332,14.42221,15.23155,15.0,39.59798,42.80187,39.20459,43.82921,44.10215,46.14109,46.52956,50.56679,50.53712,51.26402,54.08327,53.48832,61.40033,59.43904,54.91812,60.29925,58.42089,58.21512,61.03278,59.07622,64.19502,64.00781,62.00806,64.03124,63.3877,65.49046,66.37017,68.06614,66.75328,65.9242,64.77654,67.89698,66.27217,65.06919,69.35416,67.36468,71.25307,67.36468,64.28063,68.593,67.60178,71.38627,75.70997,68.88396,72.83543,72.36712,69.63476,74.96666,69.2315,69.857,71.30919,75.18643,70.21396,71.56815,68.00735,69.64194,65.19202
8.60233,8.60233,8.60233,8.60233,7.81025,7.81025,7.81025,7.07107,7.07107,7.81025,7.07107,7.07107,7.07107,7.07107,7.07107,7.07107,6.40312,6.40312,7.07107,7.07107,7.07107,7.07107,6.40312,7.07107,7.07107,7.07107,7.07107,6.40312,6.40312,6.40312,5.83095,5.83095,5.83095,5.83095,5.0,4.47214,4.47214,4.12311,4.12311,4.12311,3.16228,3.16228,3.16228,3.16228,3.0,2.0,2.0,2.0,2.0,2.0,2.0,2.0,62.28965,55.08176,65.00769,54.08327,48.09366,53.00943,45.04442,54.14795,51.0098,51.35173,48.04165,41.19466,48.05206,44.10215,47.51842,45.12206,49.49747,44.72136,46.32494,42.72002,44.64303,40.02499,45.12206,45.88028,44.38468,42.05948,41.97618,45.35416,44.14748,42.44997,41.0,44.14748,38.83298,43.93177,35.0571,38.20995,35.35534,36.05551,37.0,30.06659,29.01724,29.01724,26.4764,29.42788,33.52611,22.56103,21.84033,22.47221,18.11077,20.88061,17.72005,18.43909,20.24846,17.80449,14.86607,14.14214,14.86607,38.27532,39.82462,37.21559,42.95346,41.14608,44.77723,45.17743,51.5461,46.48656,47.43416,54.12947,52.88667,55.31727,56.56854,60.82763,55.57877,65.19202,55.00909,65.03076,61.03278,65.00769,60.03332,61.03278,69.02898,66.06815,63.03174,64.03124,62.39391,60.40695,71.06335,59.07622,67.18631,65.37584,67.02984,65.12296,61.07373,64.19502,62.07254,68.06614,66.06815,75.10659,65.00769,74.16873,67.06713,71.11259,72.1734,67.0,71.06335,75.05998,69.0,74.06079,73.24616,70.34913,64.12488,72.06247,79.05694,63.3877
10.0,10.0,10.0,9.43398,9.43398,9.43398,8.94427,8.94427,8.94427,8.94427,8.94427,8.94427,8.544,8.544,8.544,8.544,8.544,8.544,8.544,8.24621,8.544,8.24621,8.544,8.544,8.544,8.544,8.544,8.544,7.61577,8.06226,7.61577,7.61577,6.7082,6.7082,6.40312,6.40312,6.40312,5.0,5.0,5.0,4.24264,4.24264,4.24264,4.24264,4.24264,2.82843,2.82843,2.82843,2.82843,2.82843,2.23607,2.23607,58.0,57.07889,58.0,58.21512,53.23533,56.22277,44.18144,46.87217,46.87217,53.60037,48.50773,48.70318,46.61545,44.59821,50.96077,49.0408,40.8534,42.37924,42.15448,43.46263,46.23851,39.81206,44.28318,44.72136,40.8534,43.04649,43.86342,42.72002,38.62642,41.4367,40.8534,41.78516,42.15448,37.10795,42.2019,39.56008,33.54102,37.85499,35.35534,31.7805,32.0,32.0,29.0,27.0,26.01922,27.07397,23.19483,21.0238,26.30589,24.5153,19.31321,19.41649,14.86607,13.34166,15.29706,16.12452,14.76482,39.11521,38.94868,40.31129,41.78516,43.86342,46.23851,48.8467,46.8188,50.96077,48.08326,50.9902,54.58938,53.46027,57.42822,58.42089,55.3263,60.20797,60.03332,59.07622,60.03332,61.0,62.03225,64.07027,61.52235,64.12488,67.18631,63.50591,67.47592,63.28507,63.28507,57.14018,66.00758,65.03076,64.03124,66.06815,67.02984,68.00735,69.00725,66.0,65.00769,70.00714,67.02984,72.06247,69.06519,67.06713,69.35416,73.02739,74.43118,65.06919,69.0,73.06162,73.02739,69.02898,69.06519,65.0,63.03174,64.00781
9.21954,7.81025,8.48528,8.48528,8.48528,7.81025,7.81025,7.81025,7.81025,7.81025,7.81025,7.81025,7.81025,7.81025,7.2111,7.2111,7.2111,7.2111,7.2111,7.2111,7.2111,7.2111,7.2111,7.2111,7.2111,7.2111,7.2111,6.40312,7.07107,6.40312,5.65685,6.40312,6.40312,5.83095,5.0,5.0,5.0,4.47214,4.47214,4.47214,3.16228,3.16228,3.16228,3.16228,3.16228,2.0,3.0,2.0,2.0,2.0,2.0,2.0,54.08327,54.81788,52.88667,52.63079,47.12749,44.72136,54.45181,44.91102,45.39824,46.69047,42.0119,40.0125,47.01064,45.04442,38.0,45.04442,47.09565,44.04543,40.11234,46.27094,43.28972,39.11521,44.18144,44.18144,41.04875,42.10701,44.10215,44.04543,42.04759,42.10701,40.11234,41.10961,46.04346,36.01389,38.11824,40.11234,37.05401,34.23449,34.71311,32.38827,31.38471,30.80584,33.10589,25.63201,29.15476,22.47221,19.92486,19.31321,18.60108,18.35756,15.81139,14.21267,14.76482,17.20465,14.86607,13.60147,12.52996,37.85499,38.07887,40.4475,39.31921,44.28318,41.19466,48.25971,45.01111,48.09366,51.15662,54.45181,52.95281,55.7315,54.33231,58.0517,58.0517,56.04463,65.14599,62.58594,63.06346,60.74537,65.45991,64.4748,65.55151,63.95311,65.30697,61.32699,59.09315,66.12866,67.23095,64.62198,66.12866,63.32456,65.78754,70.88018,63.89053,68.30813,67.6757,65.0,67.35726,68.00735,66.21933,67.05222,71.30919,59.77458,68.96376,65.25335,69.857,69.857,71.30919,68.68042,65.45991,66.48308,67.41662,66.40783,66.09841,68.62215
9.43398,8.94427,8.94427,8.94427,8.544,8.06226,8.544,8.544,7.61577,8.24621,8.544,8.24621,8.24621,8.24621,8.24621,8.24621,8.24621,7.28011,8.06226,8.06226,8.24621,8.24621,7.28011,8.06226,7.28011,7.28011,7.28011,7.28011,7.28011,6.7082,6.32456,6.7082,6.7082,5.83095,5.83095,5.0,5.0,5.0,5.0,4.24264,4.24264,4.24264,4.24264,2.82843,2.82843,2.82843,2.82843,2.82843,2.23607,2.23607,2.23607,1.41421,53.60037,48.04165,58.00862,53.23533,51.08816,53.0,45.04442,49.25444,48.6621,50.63596,46.52956,44.91102,47.07441,39.56008,48.05206,39.05125,43.32436,39.81206,44.27189,39.84972,48.8467,39.84972,40.71855,39.39543,42.95346,35.8469,38.27532,41.62932,44.38468,42.72002,44.38468,44.59821,37.16181,38.32754,36.87818,42.75512,34.52535,32.01562,33.24154,33.24154,33.01515,32.0,30.41381,27.0,28.01785,22.36068,24.18677,20.22375,26.68333,21.93171,18.97367,20.24846,15.0,10.44031,8.94427,18.35756,12.04159,40.79216,48.50773,42.29657,45.70558,45.17743,47.01064,51.0,52.0,52.15362,55.22681,56.32051,63.50591,60.29925,57.14018,64.28063,59.66574,68.44706,63.56099,65.51336,70.34202,68.30813,68.88396,62.64184,70.60453,69.64194,70.93659,65.45991,69.64194,67.05222,68.00735,65.25335,72.8011,67.46851,67.26812,64.32729,67.68309,67.08204,70.21396,67.89698,67.68309,72.00694,67.74216,75.13322,67.26812,72.56721,77.41447,71.84706,74.24284,64.28063,69.26038,72.56032,67.47592,72.99315,68.46897,64.77654,70.5762,58.54912
9.05539,9.05539,9.21954,9.21954,9.21954,8.24621,8.24621,8.24621,8.544,8.544,8.544,8.544,8.544,8.544,8.544,8.544,8.544,7.61577,8.94427,8.94427,8.94427,8.06226,7.61577,8.94427,8.544,7.61577,7.61577,8.24621,7.28011,7.28011,7.28011,7.07107,7.07107,7.07107,6.0,6.0,5.0,5.0,5.0,5.0,4.12311,4.12311,4.12311,3.16228,3.16228,3.16228,3.16228,3.16228,2.23607,2.23607,2.23607,2.23607,53.90733,53.15073,47.38143,55.17246,45.45327,47.38143,46.8615,43.41659,44.68781,44.04543,40.22437,44.77723,41.34005,38.83298,36.23534,43.04649,42.19005,43.04649,37.12142,39.44617,45.18849,38.83298,42.05948,39.21734,41.23106,38.07887,42.05948,42.54409,38.07887,45.80393,39.44617,38.01316,34.98571,36.87818,37.53665,36.40055,33.42155,31.14482,31.82766,27.45906,34.66987,31.90611,25.80698,22.2036,22.47221,21.93171,22.13594,19.31321,20.0,18.24829,18.24829,13.15295,14.14214,15.0333,13.34166,9.21954,12.64911,46.95743,46.52956,47.53946,48.8774,49.64877,53.0,52.20153,55.60576,54.03702,56.85068,57.98276,60.81118,65.11528,64.03124,60.30755,68.88396,69.2026,67.00746,62.00806,65.0,69.52697,67.80118,69.40461,69.63476,66.28725,67.1193,66.57327,69.11584,66.85058,67.1193,63.81222,68.09552,66.0303,65.43699,69.06519,65.73431,72.20111,70.80254,66.0303,66.8431,67.62396,70.43437,71.70077,69.6563,67.00746,68.11755,65.94695,68.88396,68.11755,66.70832,71.70077,68.8186,66.0303,65.43699,67.94115,63.70243,62.482
8.06226,8.06226,7.61577,7.61577,7.61577,7.61577,7.28011,7.28011,7.28011,7.28011,7.28011,7.28011,7.07107,7.07107,7.07107,7.28011,7.07107,7.28011,7.07107,7.07107,7.07107,7.07107,7.28011,7.07107,6.08276,6.32456,6.32456,6.32456,6.32456,5.83095,5.83095,5.83095,5.83095,5.0,5.65685,4.24264,5.0,3.60555,3.60555,3.60555,3.16228,3.16228,3.16228,3.16228,3.16228,3.0,3.0,2.0,2.0,2.0,2.0,2.23607,47.01064,51.08816,50.24938,47.51842,47.38143,44.55334,39.84972,43.01163,39.81206,40.8534,41.76123,41.62932,45.18849,44.38468,42.95346,42.19005,36.89173,41.14608,38.01316,40.70626,42.04759,41.62932,38.58756,39.40812,39.11521,39.11521,39.35734,38.62642,38.07887,36.89173,36.24914,37.94733,29.12044,33.83785,39.05125,30.41381,29.61419,25.01999,27.01851,31.06445,28.16026,27.45906,20.09975,20.22375,18.02776,21.18962,21.0238,15.6205,13.34166,15.6205,15.65248,13.41641,9.21954,9.89949,7.07107,12.52996,10.81665,49.47727,49.24429,50.35871,57.21888,55.3263,55.14526,56.0803,59.03389,60.20797,61.29437,63.12686,63.1981,63.28507,64.93843,64.77654,67.18631,66.70832,69.857,68.15424,66.4906,65.0,72.12489,67.6757,68.68042,71.8401,68.65858,74.33034,66.76077,64.56005,66.94027,67.26812,61.84658,67.68309,63.78871,64.13267,67.91171,68.88396,68.593,66.75328,69.35416,65.37584,69.11584,67.1193,67.26812,67.06713,71.25307,67.26812,71.02816,70.06426,69.26038,64.00781,65.0,65.12296,66.00758,63.03174,62.1289,56.0803
8.544,8.24621,9.21954,9.21954,9.05539,8.06226,8.06226,8.06226,8.06226,9.0,8.06226,9.0,8.0,8.0,8.0,8.0,8.0,8.0,8.06226,8.06226,8.06226,8.0,8.0,8.06226,8.0,7.0,7.07107,7.0,7.07107,6.08276,6.08276,6.08276,5.09902,5.09902,5.38516,4.47214,4.47214,4.47214,3.60555,3.16228,3.60555,2.82843,2.23607,2.23607,2.82843,1.41421,1.41421,1.41421,1.41421,1.41421,1.41421,1.41421,51.61395,49.73932,50.60632,47.41308,46.06517,45.69464,44.94441,47.12749,43.65776,45.22168,44.38468,44.14748,44.91102,45.12206,44.72136,43.73786,45.54119,45.70558,41.30375,43.41659,44.28318,41.59327,42.04759,40.1995,40.1995,41.4367,37.65634,39.31921,38.47077,38.47077,37.64306,37.0,37.36308,36.68787,33.61547,32.31099,30.8707,30.8707,26.41969,26.62705,25.4951,23.43075,23.34524,20.0,17.02939,15.81139,17.02939,13.45362,12.20656,12.52996,11.18034,11.40175,8.24621,10.44031,8.544,6.08276,8.06226,47.70744,49.64877,51.0392,54.81788,53.8145,56.58622,54.45181,55.9017,61.52235,57.38467,63.25346,62.80127,63.25346,66.0303,68.8186,65.73431,70.72482,68.50547,68.50547,69.11584,65.0,67.74216,69.11584,67.60178,67.53518,68.09552,67.23095,68.47627,66.03787,67.1193,64.89992,66.88797,62.42596,65.0,65.80274,64.81512,66.21933,66.0303,67.47592,65.06919,68.68042,62.96825,67.89698,68.593,65.8559,62.24147,63.70243,67.47592,66.06815,65.94695,63.78087,65.8559,62.28965,59.5483,61.6198,63.41136,58.60034
7.61577,8.06226,7.2111,8.06226,7.2111,7.2111,7.2111,7.2111,7.2111,7.2111,6.40312,7.07107,6.40312,6.40312,7.07107,6.40312,7.07107,6.40312,6.40312,6.40312,6.40312,6.40312,5.65685,6.40312,6.40312,5.0,5.83095,5.83095,5.83095,4.47214,5.38516,4.12311,4.12311,4.12311,3.0,3.0,3.0,3.0,3.0,3.16228,2.23607,2.23607,2.23607,1.41421,1.41421,1.41421,1.41421,1.41421,1.41421,1.41421,1.0,1.0,50.69517,49.33559,49.0408,46.8188,46.95743,43.38202,44.77723,45.79301,44.77723,43.01163,43.26662,42.80187,41.86884,42.80187,40.80441,42.63801,43.01163,40.60788,41.10961,40.36087,43.18565,38.41875,37.53665,36.87818,37.53665,38.94868,36.79674,36.12478,36.40055,34.20526,34.82815,34.1321,33.61547,31.7805,29.06888,29.96665,31.01612,27.85678,24.5153,23.08679,20.61553,18.24829,21.0,19.0263,17.11724,14.0,13.15295,15.81139,9.21954,10.77033,9.48683,8.60233,9.84886,9.21954,8.48528,8.48528,4.24264,47.12749,49.0408,50.21952,53.75872,51.97115,54.33231,54.23099,57.14018,58.13777,61.0,63.00794,64.03124,63.03174,67.18631,65.27634,63.28507,67.47592,67.08204,68.26419,66.37017,66.48308,69.35416,67.89698,66.94027,68.44706,66.28725,65.30697,65.9242,65.76473,66.37017,63.3877,65.49046,64.28063,63.07139,66.00758,65.00769,64.00781,66.00758,64.03124,65.00769,66.18912,66.37017,65.37584,66.27217,63.28507,65.30697,64.77654,65.9242,66.09841,63.78871,64.93843,61.98387,63.78871,58.0517,64.32729,60.01666,58.0517
7.81025,7.81025,7.81025,7.81025,7.07107,7.07107,7.07107,7.07107,7.07107,7.81025,7.2111,7.2111,7.2111,6.40312,6.40312,7.2111,5.83095,6.40312,5.83095,6.40312,6.40312,6.40312,5.83095,5.83095,6.40312,5.0,5.0,5.65685,5.0,4.24264,5.0,5.0,3.60555,3.60555,3.16228,3.16228,3.16228,3.16228,3.0,2.0,2.0,2.0,2.0,1.0,1.0,1.41421,1.41421,1.41421,1.41421,1.41421,1.0,1.0,51.62364,52.20153,49.65884,48.30114,47.16991,46.64762,49.39636,47.16991,46.32494,45.60702,47.38143,43.86342,44.55334,43.93177,42.44997,43.13931,44.59821,43.18565,42.42641,41.72529,38.8973,43.13931,40.36087,38.8973,36.76955,38.94868,36.79674,39.59798,35.60899,36.76955,33.97058,32.55764,34.1321,31.06445,30.23243,29.54657,29.06888,27.29469,26.92582,22.13594,22.13594,20.88061,19.23538,20.02498,16.12452,14.0,13.0384,15.52417,9.0,8.544,9.05539,7.28011,8.544,8.94427,7.81025,5.83095,5.83095,49.39636,49.33559,52.49762,52.95281,53.93515,56.88585,56.56854,60.67125,60.20797,63.1981,64.03124,66.0,67.02984,69.00725,68.00735,67.26812,68.35934,67.36468,68.11755,69.18092,67.60178,72.44308,70.25667,68.73136,67.60178,68.35934,68.35934,63.1981,68.35934,68.26419,63.1981,69.18092,67.02984,68.00735,66.06815,64.07027,66.37017,67.1193,64.19502,67.36468,66.61081,68.88396,65.76473,69.87131,64.53681,66.70832,65.73431,66.21933,65.73431,68.44706,65.51336,65.96969,63.56099,60.87693,62.16912,60.44005,62.36185
9.0,9.0,9.0,9.0,9.05539,9.0,8.06226,9.05539,8.06226,9.05539,8.06226,8.06226,8.24621,8.24621,8.06226,8.06226,8.06226,7.07107,8.24621,8.06226,7.07107,7.07107,7.07107,7.28011,7.07107,7.07107,6.0,7.0,6.0,6.0,6.0,5.0,5.09902,5.09902,4.12311,4.12311,4.12311,3.16228,3.16228,3.16228,2.23607,2.23607,2.23607,2.23607,1.41421,1.41421,1.41421,1.41421,1.41421,1.41421,1.41421,1.41421,48.8467,49.73932,46.87217,46.06517,49.24429,47.01064,46.61545,46.04346,43.41659,44.20407,43.56604,41.6173,42.80187,44.68781,45.0,38.94868,39.82462,38.18377,41.72529,41.86884,37.80212,36.23534,34.05877,34.71311,33.24154,34.65545,38.01316,33.30165,34.82815,32.01562,34.98571,34.0,30.52868,29.96665,31.38471,26.07681,25.63201,22.47221,23.08679,24.02082,20.02498,21.2132,19.10497,17.02939,12.16553,17.08801,13.0,9.05539,13.15295,12.64911,12.52996,5.38516,7.61577,5.83095,10.0,11.6619,7.61577,57.24509,53.7122,53.31041,53.31041,60.16644,58.18935,59.20304,61.39218,61.81424,61.18823,68.06614,62.64982,69.72087,68.46897,67.26812,71.02816,66.18912,67.1193,65.03076,73.00685,70.02857,69.00725,73.00685,69.0,69.00725,68.11755,65.27634,67.00746,63.07139,64.0,68.18358,69.18092,63.12686,66.06815,64.49806,68.35934,67.74216,69.58448,64.77654,63.56099,63.95311,68.44706,67.18631,69.857,65.52099,68.88396,67.89698,67.6757,64.84597,65.25335,61.68468,64.84597,62.96825,62.0967,56.61272,57.24509,57.00877
9.21954,9.48683,9.48683,9.48683,8.544,8.544,8.544,8.94427,8.544,8.544,8.544,8.94427,7.61577,7.61577,7.61577,8.06226,7.61577,7.61577,7.61577,6.7082,6.7082,6.7082,7.61577,6.7082,6.7082,7.28011,7.28011,6.32456,6.08276,6.08276,5.09902,5.09902,5.0,5.0,5.0,5.0,4.0,4.12311,3.16228,3.16228,3.16228,3.16228,2.23607,3.16228,2.23607,2.23607,2.23607,1.41421,2.23607,1.41421,1.41421,1.41421,51.31277,45.22168,43.41659,44.29447,49.64877,44.01136,43.46263,45.18849,45.18849,46.48656,43.68066,45.60702,43.28972,44.92215,39.45884,45.35416,40.16217,37.48333,36.34556,40.31129,39.45884,37.01351,40.31129,35.35534,35.51056,33.37664,34.36568,37.33631,32.38827,38.20995,32.01562,34.23449,30.08322,27.20294,29.27456,26.92582,27.313,25.23886,23.25941,21.18962,24.41311,16.40122,16.97056,14.86607,13.0,14.21267,10.81665,13.89244,12.52996,11.40175,6.7082,5.38516,11.18034,9.48683,8.24621,4.24264,3.60555,49.20366,49.92995,52.15362,54.70832,55.4617,56.82429,57.27128,59.09315,58.87274,64.2573,61.68468,64.4748,67.06713,68.62215,67.05222,68.00735,68.30813,69.92138,66.09841,67.6757,65.14599,70.34202,65.25335,66.76077,70.60453,66.09841,65.80274,66.48308,62.96825,62.96825,62.76942,62.76942,63.69458,65.74192,65.74192,66.64833,60.20797,64.3506,65.19202,66.88797,62.96825,65.94695,70.00714,68.88396,63.78087,63.70243,68.0147,65.94695,59.46427,66.52819,61.7171,63.03174,61.84658,59.39697,57.31492,60.10824,53.74012
10.0,9.89949,9.89949,9.89949,9.89949,9.21954,9.21954,9.21954,9.21954,9.21954,9.21954,9.21954,9.21954,9.21954,8.60233,8.60233,8.60233,8.60233,8.60233,8.60233,7.81025,8.60233,7.81025,7.81025,7.81025,7.2111,6.40312,7.07107,7.07107,5.65685,6.40312,6.40312,5.83095,5.83095,5.0,4.47214,4.47214,4.47214,4.12311,3.16228,3.16228,3.16228,3.16228,2.0,2.0,2.0,2.0,2.0,2.0,2.0,1.0,1.0,52.95281,50.0,52.17279,47.09565,43.18565,44.55334,46.04346,45.01111,48.09366,46.17359,44.28318,46.01087,46.09772,46.27094,39.0,42.19005,43.10452,38.20995,40.31129,41.10961,42.57934,39.81206,33.37664,38.32754,36.34556,34.9285,33.13608,35.0571,29.83287,34.0147,32.38827,30.0,31.06445,28.28427,30.14963,29.0,26.07681,25.29822,26.30589,20.61553,20.12461,20.0,18.35756,16.12452,13.89244,14.86607,13.60147,9.21954,14.86607,12.08305,9.21954,13.0384,8.06226,8.06226,10.77033,9.48683,4.12311,47.41308,49.24429,49.09175,53.25411,56.0357,58.0517,56.72742,57.38467,61.07373,64.44377,62.28965,60.87693,64.3506,67.94115,65.76473,66.6033,70.43437,65.21503,63.70243,67.88225,70.17834,65.76473,67.47592,63.78087,69.02898,67.20863,63.41136,62.28965,70.03571,65.05382,65.76473,62.96825,62.482,61.22091,67.00746,60.30755,65.80274,63.12686,69.06519,64.89992,65.21503,67.23095,65.36819,68.42514,65.36819,64.84597,66.70832,67.77905,63.95311,64.88451,61.32699,59.48109,60.16644,57.24509,62.24147,55.03635,61.35145
9.89949,9.21954,9.21954,9.21954,9.21954,9.21954,8.60233,8.60233,8.60233,8.60233,8.60233,8.60233,8.60233,8.60233,8.60233,8.60233,8.06226,7.2111,7.2111,7.2111,7.2111,7.2111,7.2111,7.2111,7.2111,6.40312,5.65685,5.65685,5.65685,5.65685,5.0,5.0,5.0,4.47214,3.60555,3.60555,3.16228,3.16228,3.16228,3.16228,2.23607,2.23607,2.0,2.0,1.0,1.0,1.0,1.0,1.0,1.0,1.0,0.0,50.9902,50.03998,55.00909,49.0408,42.10701,46.04346,51.15662,48.09366,46.27094,42.75512,46.17359,45.17743,43.73786,43.93177,46.09772,42.95346,42.72002,40.49691,42.2019,36.34556,39.62323,38.60052,37.33631,34.9285,35.51056,35.51056,32.38827,32.98485,30.80584,33.13608,28.44293,28.01785,29.27456,28.07134,22.2036,22.02272,25.07987,20.39608,19.64688,17.08801,17.80449,15.81139,15.81139,11.6619,14.86607,13.0384,10.77033,9.89949,10.29563,11.40175,8.06226,7.07107,6.40312,6.08276,7.0,7.61577,7.2111,49.0408,51.26402,54.23099,55.36244,55.4617,57.24509,58.18075,58.30952,64.3506,60.41523,62.76942,66.61081,67.95587,68.96376,68.41053,67.20119,71.28113,68.11755,69.40461,70.43437,65.29931,69.42622,70.43437,72.8011,67.80118,67.42403,69.81404,66.06815,68.8186,72.20111,65.21503,69.33974,63.51378,68.24222,68.09552,68.0,66.24198,68.8767,68.44706,69.28925,69.46222,66.12866,72.23573,66.7308,66.09841,70.5762,67.06713,61.84658,69.92138,68.35203,65.25335,63.56099,64.7611,55.54278,66.70832,61.39218,62.58594
10.04988,9.05539,10.0,10.0,10.0,9.0,9.0,9.0,9.0,9.05539,9.05539,9.05539,8.06226,8.06226,8.06226,8.06226,8.06226,8.06226,7.07107,7.07107,7.07107,7.07107,7.0,7.07107,7.07107,6.0,6.0,6.0,5.0,5.09902,5.09902,5.09902,4.12311,4.12311,3.16228,3.16228,2.23607,2.23607,2.23607,2.23607,1.41421,1.41421,1.0,1.41421,1.0,0.0,0.0,0.0,0.0,0.0,0.0,0.0,58.18075,49.39636,53.82379,47.20169,49.24429,53.00943,46.87217,48.08326,47.38143,51.66237,47.50789,43.86342,45.96738,41.72529,39.82462,44.40721,41.7732,36.40055,41.7732,37.53665,41.03657,37.48333,37.53665,36.40055,37.53665,33.24154,38.41875,34.65545,29.69848,29.68164,29.96665,31.62278,29.06888,26.92582,27.85678,22.82542,23.76973,22.47221,19.23538,18.24829,15.29706,18.02776,9.84886,11.40175,7.07107,13.0384,13.41641,5.09902,6.32456,10.81665,6.7082,7.0,6.32456,8.0,2.0,5.09902,5.0,48.41487,52.69725,53.53504,59.16925,54.12024,59.09315,59.23681,58.30952,57.38467,57.56735,63.60031,65.73431,65.73431,63.56099,64.32729,63.78871,66.94027,65.62012,70.85901,68.88396,68.73136,71.70077,65.76473,71.02112,67.60178,72.99315,66.61081,68.24954,69.2315,68.593,65.9242,71.02112,70.61161,65.0,70.60453,66.76077,69.57011,67.72001,64.19502,66.76077,69.64194,67.41662,71.16881,69.77822,70.5762,67.08204,63.56099,68.942,67.08204,64.40497,69.857,66.30988,63.15853,59.61543,59.9333,61.91123,60.41523
10.04988,10.04988,9.05539,10.04988,9.05539,9.0,9.0,9.0,9.0,9.0,9.0,9.0,8.0,8.0,8.0,8.0,8.0,7.0,7.0,7.0,7.0,7.0,6.0,6.0,6.08276,6.0,6.08276,5.09902,5.09902,5.09902,4.47214,4.47214,4.47214,3.60555,3.60555,3.60555,2.23607,2.82843,2.82843,2.23607,1.41421,1.41421,1.41421,1.41421,1.41421,1.41421,1.0,1.0,1.0,1.0,0.0,0.0,55.75841,52.15362,48.25971,49.24429,48.82622,42.0119,50.0,49.09175,43.41659,43.93177,42.52058,46.66905,41.7732,41.7732,41.03657,37.48333,41.72529,39.69887,38.20995,37.48333,35.35534,36.06938,37.01351,37.48333,33.24154,34.05877,31.89044,31.14482,33.94113,27.80288,25.45584,25.45584,21.63331,24.18677,21.40093,20.61553,19.69772,18.35756,14.56022,13.0384,13.15295,12.0,11.04536,11.18034,8.94427,6.08276,3.16228,5.83095,5.0,2.23607,6.32456,4.47214,8.544,3.60555,6.08276,4.24264,2.82843,49.24429,49.64877,51.24451,53.36666,52.88667,53.46027,53.93515,53.75872,60.29925,61.81424,64.28063,61.07373,64.12488,67.18631,66.0,63.12686,65.0,66.0303,68.00735,66.00758,63.00794,69.02898,64.12488,68.11755,66.1211,68.00735,64.00781,66.00758,67.00746,66.1211,62.28965,68.06614,67.18631,65.37584,63.12686,64.28063,62.80127,68.06614,67.91171,65.73431,66.48308,63.06346,64.56005,68.68042,62.36185,68.41053,68.00735,63.90618,66.40783,66.76077,63.60031,60.40695,60.08328,58.87274,62.03225,54.12947,63.15853
10.0,10.0,10.0,10.0,10.0,9.21954,9.21954,9.21954,9.21954,9.21954,9.21954,9.21954,9.21954,9.21954,8.60233,7.81025,7.81025,7.81025,7.81025,7.81025,7.2111,7.2111,6.40312,6.40312,6.40312,6.40312,5.83095,5.83095,5.83095,4.47214,4.47214,4.47214,4.47214,4.12311,3.16228,3.16228,2.23607,2.23607,2.23607,2.23607,1.41421,1.41421,1.41421,1.41421,1.41421,1.41421,1.41421,1.41421,1.41421,1.41421,1.0,1.0,57.24509,56.64804,52.20153,52.81098,52.92447,50.0,48.08326,47.43416,45.88028,43.9659,45.88028,43.17407,45.12206,44.92215,43.68066,41.23106,40.79216,40.02499,40.5216,36.68787,32.98485,33.24154,35.51056,34.20526,35.69314,32.38827,31.32092,31.95309,27.20294,25.05993,28.17801,24.59675,30.41381,23.70654,20.80865,20.59126,20.0,19.84943,18.02776,13.60147,12.08305,9.21954,11.40175,9.43398,8.48528,5.83095,4.12311,5.0,6.32456,1.41421,2.23607,3.0,4.12311,1.41421,2.23607,4.24264,4.47214,49.16299,51.08816,53.0,54.03702,56.4358,55.57877,57.07013,58.69412,56.51548,59.90826,60.40695,62.03225,62.29767,66.48308,65.9242,68.54196,64.62198,66.7308,68.0,67.1193,63.97656,71.11962,63.81222,65.19202,66.57327,68.7968,65.19202,67.41662,70.23532,66.7308,65.36819,64.88451,68.47627,66.64833,70.66116,70.21396,68.8767,65.30697,68.42514,68.44706,69.77822,67.62396,69.07966,74.32362,65.55151,65.74192,71.11259,71.17584,73.00685,74.73286,69.77822,65.30697,65.29931,62.64982,67.62396,64.07808,62.64982
9.84886,9.43398,10.29563,8.94427,10.29563,8.94427,9.43398,9.43398,8.94427,9.43398,8.94427,8.94427,8.06226,8.06226,8.06226,8.06226,8.06226,8.06226,7.2111,7.2111,6.7082,6.7082,6.7082,6.7082,6.7082,6.32456,6.32456,5.38516,5.09902,5.09902,4.12311,4.12311,4.0,4.0,4.0,3.0,3.0,2.0,2.0,2.0,2.0,2.0,1.0,1.0,1.0,1.0,1.0,1.0,1.0,1.0,1.0,1.0,58.30952,48.38388,54.57105,51.24451,55.7853,53.36666,49.64877,50.44799,48.05206,47.07441,46.32494,47.07441,44.91102,42.95346,44.40721,43.28972,43.93177,38.63936,40.02499,37.10795,40.60788,39.84972,33.13608,32.75668,34.9285,31.32092,32.38827,31.7805,28.79236,30.08322,29.12044,27.51363,25.4951,21.18962,23.76973,17.0,21.09502,17.80449,14.86607,15.0,12.72792,9.43398,8.24621,5.0,8.94427,5.65685,5.09902,4.0,5.83095,3.0,2.23607,4.47214,2.23607,1.41421,2.23607,3.16228,3.16228,48.05206,50.48762,47.16991,52.15362,52.03845,53.08484,51.97115,58.21512,58.85576,57.97413,59.03389,60.20797,61.39218,67.91171,66.76077,62.24147,64.62198,63.97656,62.76942,63.07139,63.95311,69.35416,64.84597,63.07139,65.74192,64.88451,66.21178,67.53518,65.30697,67.97794,64.07808,67.53518,67.54258,66.64833,62.16912,64.40497,67.41662,64.84597,71.51224,68.62215,70.2282,66.7308,67.35726,71.16881,71.86793,72.09022,68.70953,66.48308,69.07966,68.35203,68.15424,68.62215,70.38466,67.23095,66.12866,62.39391,58.13777
10.04988,10.04988,10.04988,9.05539,9.05539,9.05539,9.05539,9.05539,9.05539,9.05539,9.0,9.0,8.06226,8.0,8.06226,8.0,8.0,8.0,7.0,7.07107,7.07107,7.07107,7.07107,6.08276,6.08276,6.08276,6.08276,5.09902,5.09902,5.09902,4.47214,4.47214,4.47214,3.60555,3.16228,3.16228,3.16228,2.23607,2.23607,2.23607,2.23607,2.23607,1.41421,2.23607,2.23607,1.41421,1.41421,1.41421,1.41421,1.0,1.0,1.0,53.53504,55.75841,49.64877,53.0,54.67175,47.63402,50.32892,53.15073,45.45327,50.91169,45.27693,46.66905,47.38143,42.42641,43.84062,44.55334,44.55334,41.72529,37.53665,37.48333,36.79674,38.20995,37.64306,38.60052,33.94113,36.06938,32.55764,32.64966,34.65545,28.6007,29.06888,29.41088,30.0,23.85372,22.36068,25.05993,18.97367,17.88854,14.86607,13.0,12.52996,13.0,11.40175,12.36932,6.0,10.77033,6.32456,6.08276,6.40312,2.82843,5.0,1.41421,3.16228,1.0,6.0,2.23607,1.41421,43.41659,47.50789,49.49747,50.24938,48.9183,49.57822,51.40039,54.08327,55.47071,55.56978,58.30952,59.94164,65.8635,63.06346,63.07139,62.64982,60.41523,62.62587,60.83584,62.39391,62.24147,67.77905,67.06713,61.46544,67.77905,68.00735,66.48308,67.23095,66.48308,64.84597,67.1193,65.39113,67.1193,63.97656,68.942,68.88396,67.97794,72.01389,70.21396,73.82412,70.68239,70.83078,69.64194,72.94518,70.66116,72.20111,69.46222,67.53518,73.3553,67.54258,70.21396,68.96376,70.23532,65.8635,67.1193,61.26989,66.24198
8.94427,8.94427,8.544,9.48683,8.544,8.544,8.544,8.544,7.61577,7.61577,7.61577,7.61577,7.61577,7.61577,7.61577,7.61577,7.61577,6.7082,7.28011,6.7082,6.7082,6.7082,5.83095,6.32456,5.38516,5.83095,5.0,5.0,5.0,4.24264,4.24264,4.24264,4.24264,3.60555,3.60555,2.82843,2.23607,2.23607,2.23607,2.23607,2.0,1.0,1.41421,1.0,1.0,1.0,1.0,1.0,1.0,1.0,1.0,1.0,52.55473,51.97115,50.47772,53.7122,53.85165,52.15362,52.43091,49.40648,50.80354,41.88078,45.79301,49.73932,46.61545,46.61545,44.40721,45.22168,43.82921,41.23106,40.0,47.80167,39.11521,39.11521,37.01351,37.44329,36.05551,33.6006,34.98571,34.98571,34.4093,32.24903,29.96665,29.06888,29.06888,20.24846,24.33105,21.47091,25.07987,16.12452,17.46425,13.15295,14.0,15.13275,9.48683,10.44031,6.0,12.16553,7.0,7.07107,3.60555,5.38516,3.60555,1.0,0.0,5.38516,3.16228,2.23607,2.23607,44.27189,42.54409,47.88528,45.17743,50.24938,51.61395,52.80152,52.40229,55.0,55.15433,57.98276,53.8145,61.52235,58.0,57.62812,61.40033,62.80127,63.41136,60.0,63.51378,62.76942,62.76942,66.03787,66.24198,60.41523,66.37017,63.63175,63.06346,67.23095,61.7171,65.19202,65.0,68.0,67.08204,66.64833,65.8635,72.20111,68.09552,69.46222,66.28725,62.1289,72.20111,66.57327,74.09453,69.46222,73.82412,71.55418,70.66116,69.83552,73.82412,69.46222,67.53518,65.0,67.1193,65.74192,62.26556,58.59181
9.21954,9.21954,9.21954,9.21954,9.21954,9.21954,9.21954,8.24621,8.24621,8.24621,8.24621,8.24621,8.24621,7.28011,7.28011,8.24621,7.28011,7.28011,6.32456,6.32456,6.32456,6.32456,6.08276,6.08276,6.08276,6.08276,5.09902,5.0,5.0,5.0,4.0,3.0,3.0,3.0,3.0,3.0,2.0,2.0,1.0,1.0,1.0,1.0,1.0,1.0,1.0,1.0,1.0,0.0,1.0,1.0,0.0,0.0,58.89822,54.48853,55.21775,54.67175,57.98276,52.69725,50.47772,47.70744,46.32494,49.09175,47.50789,46.32494,46.64762,44.65423,46.06517,41.59327,41.62932,41.67733,37.44329,43.909,42.05948,39.39543,37.12142,37.58989,34.66987,36.61967,35.22783,35.34119,33.61547,34.1321,30.52868,30.41381,29.0,29.0,26.24881,27.65863,18.43909,24.41311,18.43909,20.61553,16.27882,17.20465,8.544,7.61577,12.64911,7.2111,8.06226,7.81025,5.0,8.06226,7.07107,5.09902,3.16228,3.0,3.60555,2.0,4.0,44.10215,44.55334,47.12749,46.57252,47.53946,50.69517,52.0,55.36244,51.62364,56.36488,59.94164,60.41523,61.77378,61.40033,60.21628,61.22091,63.25346,64.03124,62.20129,68.11755,66.52819,65.79514,63.03174,66.52819,68.68042,67.88225,66.48308,66.70832,69.31089,66.46804,66.52819,67.20863,65.76473,68.593,68.0147,74.41102,68.41053,69.81404,66.70832,70.0,71.21798,72.20111,68.60029,72.62231,73.40981,69.6563,72.18033,75.9276,70.17834,73.59348,68.24954,66.8431,69.31089,62.93648,67.20863,64.38167,67.20863
9.84886,10.29563,9.43398,10.29563,9.43398,8.94427,9.43398,9.43398,8.94427,8.06226,8.94427,8.06226,8.06226,8.06226,8.06226,8.06226,8.06226,8.06226,7.2111,7.2111,6.7082,6.7082,6.7082,6.7082,6.7082,6.32456,6.32456,5.38516,5.38516,5.09902,5.09902,4.12311,4.12311,4.12311,4.0,4.0,3.0,3.0,3.0,2.0,3.0,2.0,2.0,2.0,2.0,2.0,1.41421,1.0,1.0,1.0,1.0,1.0,52.55473,52.39275,52.20153,51.41984,52.20153,51.92302,47.80167,43.32436,45.12206,48.76474,48.76474,45.89118,45.35416,42.95346,42.72002,40.79216,38.07887,35.51056,36.67424,40.02499,46.52956,36.34556,37.85499,36.13862,35.69314,32.75668,31.04835,29.12044,28.79236,34.53983,28.79236,27.313,27.78489,27.85678,23.25941,20.80865,21.09502,19.20937,16.97056,15.55635,16.27882,13.45362,8.60233,12.20656,6.40312,8.48528,10.77033,8.60233,9.21954,7.07107,5.0,5.38516,1.0,1.0,1.41421,2.23607,5.0,45.31004,43.65776,44.38468,48.27007,47.85394,51.35173,48.50773,51.24451,53.0,52.0,56.00893,57.00877,61.13101,61.20457,62.64982,62.96825,64.32729,58.46366,65.11528,61.98387,62.58594,65.96969,61.68468,66.76077,61.98387,63.78871,62.96825,65.80274,67.06713,65.14599,63.56886,65.80274,67.35726,68.41053,68.00735,64.56005,66.21933,66.21933,69.89278,68.30813,68.96376,69.64194,70.21396,69.26038,73.37575,73.76313,69.37579,66.40783,68.94926,67.06713,68.15424,68.94926,69.07966,60.41523,67.62396,60.37384,54.56189
10.77033,9.84886,10.29563,9.84886,9.84886,8.94427,9.43398,8.94427,8.94427,8.94427,8.94427,8.94427,8.94427,8.94427,8.06226,8.06226,8.06226,8.06226,8.06226,8.06226,8.06226,7.2111,6.7082,6.7082,6.7082,6.7082,6.7082,6.32456,6.32456,5.38516,5.38516,5.38516,5.09902,4.12311,4.12311,3.16228,3.16228,3.16228,3.16228,3.16228,2.23607,2.23607,2.23607,2.23607,2.23607,1.41421,1.41421,1.41421,1.0,1.41421,1.41421,1.41421,60.37384,56.0803,52.81098,52.55473,45.31004,50.32892,49.64877,50.44799,48.38388,46.17359,43.9659,41.76123,46.57252,38.07887,43.68066,41.0,42.95346,39.05125,38.63936,37.10795,37.65634,35.17101,35.90265,32.38827,35.73514,33.24154,34.71311,35.73514,31.04835,29.54657,27.85678,30.08322,29.41088,29.54657,24.18677,21.0238,21.9545,24.18677,20.61553,16.40122,13.45362,12.72792,15.81139,12.04159,10.81665,10.29563,8.60233,8.60233,6.0,4.47214,5.0,7.07107,3.60555,5.09902,6.7082,1.41421,3.16228,46.32494,44.40721,48.01042,52.00961,49.16299,53.03772,50.48762,52.15362,55.44367,52.39275,58.69412,56.29387,61.35145,62.36185,58.5235,63.32456,65.55151,60.00833,67.62396,60.53924,65.39113,70.26379,68.0,73.3553,69.11584,68.0,62.26556,69.77105,66.24198,69.83552,62.17717,70.21396,68.8767,69.35416,68.15424,67.54258,65.39113,71.11259,67.1193,71.69379,69.857,69.77822,69.35416,69.35416,69.35416,75.76939,69.46222,67.77905,72.23573,67.1193,69.77105,66.24198,67.95587,61.7171,66.21178,64.07808,65.36819
10.19804,9.21954,9.21954,8.24621,8.24621,8.24621,8.544,8.544,8.544,7.28011,8.24621,8.544,7.28011,7.28011,7.28011,7.61577,7.61577,7.28011,6.32456,6.32456,6.32456,6.32456,6.32456,6.32456,6.32456,6.32456,5.09902,5.09902,5.09902,5.09902,4.0,4.0,3.0,3.0,3.0,3.0,3.0,2.0,2.0,1.0,2.0,1.0,1.0,1.0,1.0,1.0,1.0,0.0,0.0,0.0,0.0,0.0,53.00943,55.75841,53.0,46.52956,52.7731,50.53712,48.37355,49.64877,45.31004,48.33218,48.46648,52.55473,41.4367,43.38202,40.71855,44.27189,40.31129,37.69615,42.48529,36.68787,41.48494,39.21734,39.56008,34.78505,32.89377,35.4683,35.4683,34.43835,34.88553,31.7805,31.30495,30.88689,28.6531,26.92582,25.94224,25.23886,25.0,21.26029,17.80449,19.84943,15.6205,15.55635,15.0,12.20656,11.40175,12.04159,12.04159,8.544,5.83095,10.29563,7.81025,9.21954,6.08276,1.41421,2.82843,4.24264,5.0,46.09772,47.26521,48.01042,50.24938,50.48762,55.57877,53.33854,54.57105,60.16644,54.70832,62.03225,61.84658,58.87274,66.64833,63.52952,63.52952,68.0,63.63175,69.35416,65.36819,63.63175,67.53518,66.03787,68.24222,67.62396,67.80118,68.41053,67.1193,65.80274,68.8186,64.63745,69.89278,68.09552,69.11584,73.78347,67.23095,66.57327,74.94665,69.33974,66.85058,70.83078,71.86793,73.57309,70.49113,72.20111,70.21396,72.06941,70.23532,71.11962,69.40461,72.94518,67.42403,65.8635,64.3506,65.21503,65.21503,61.05735
9.21954,7.81025,8.60233,8.60233,8.60233,7.81025,8.06226,7.2111,7.2111,7.2111,7.2111,7.2111,7.2111,7.2111,6.7082,7.2111,7.2111,7.2111,6.7082,5.83095,5.83095,5.83095,6.40312,5.83095,5.83095,5.65685,5.65685,5.65685,4.24264,5.0,4.24264,4.24264,3.60555,3.60555,3.16228,3.16228,3.16228,3.16228,2.23607,2.0,2.0,2.0,2.0,2.0,2.0,1.0,1.0,1.0,1.0,1.0,1.41421,1.41421,48.6621,48.83646,52.39275,47.80167,47.43416,49.0408,44.27189,47.01064,41.10961,46.61545,44.94441,45.69464,44.01136,37.73592,43.08132,43.04649,42.72002,38.94868,36.67424,38.07887,39.35734,37.57659,38.94868,36.23534,32.20248,31.7805,34.9285,32.31099,29.15476,32.89377,32.31099,32.01562,26.92582,24.73863,24.18677,25.96151,20.09975,17.46425,19.0263,19.10497,14.14214,14.14214,12.0,10.04988,10.77033,15.81139,9.43398,5.09902,8.60233,8.06226,5.83095,5.0,1.41421,2.82843,2.82843,4.12311,7.07107,45.34314,48.79549,44.55334,55.97321,49.81967,57.2014,58.5235,56.30275,60.41523,58.59181,62.64982,58.60034,62.03225,66.48308,66.85058,59.90826,72.12489,63.78871,69.92138,66.70832,65.73431,68.06614,64.53681,70.03571,70.40597,67.46851,65.51336,72.00694,64.38167,71.38627,64.32729,70.71068,68.88396,65.73431,66.28725,70.61161,66.4906,73.24616,71.06335,65.73431,72.78049,69.63476,77.36924,67.46851,73.75636,69.63476,69.63476,74.1485,70.03571,67.68309,66.4906,65.51336,67.60178,64.49806,65.9242,63.15061,61.81424
8.24621,8.24621,8.24621,8.24621,8.24621,7.28011,7.28011,7.07107,7.28011,7.07107,7.07107,7.07107,7.07107,7.07107,7.07107,7.07107,6.08276,6.08276,6.08276,6.08276,6.08276,6.08276,6.08276,6.08276,6.08276,5.38516,5.38516,5.38516,5.38516,4.47214,4.47214,4.47214,3.60555,3.60555,3.60555,2.82843,3.16228,2.82843,2.23607,2.23607,2.0,2.23607,2.0,1.0,1.0,1.0,1.0,1.0,1.0,1.0,1.41421,1.0,54.08327,46.48656,52.20153,48.8467,45.88028,42.05948,42.05948,46.32494,40.31129,45.79301,46.95743,43.82921,42.48529,40.49691,41.18252,42.19005,39.11521,38.83298,38.27532,39.96248,39.82462,38.58756,35.22783,31.38471,33.83785,31.30495,34.1321,31.90611,29.15476,29.73214,32.57299,29.83287,28.23119,27.313,27.65863,26.4764,19.64688,18.43909,18.24829,17.0,18.11077,15.13275,10.19804,12.16553,10.0,13.0,9.48683,8.24621,7.2111,8.60233,5.65685,5.0,3.60555,3.0,3.0,3.16228,4.12311,46.04346,46.61545,47.50789,50.20956,53.03772,51.62364,53.15073,54.81788,58.41233,52.00961,55.47071,57.45433,61.05735,62.76942,64.00781,65.29931,61.7414,63.97656,63.50591,63.07139,62.29767,68.62215,66.09841,63.56886,68.94926,66.09841,64.51356,64.51356,65.19202,67.35726,67.05222,68.35203,68.00735,64.19502,67.44627,69.26038,65.19202,67.06713,69.64194,68.54196,68.70953,69.64194,70.5762,68.15424,72.44998,72.8011,69.57011,67.06713,69.57011,65.78754,64.51356,69.92138,64.28841,60.20797,59.66574,61.40033,59.48109
8.06226,7.2111,8.60233,8.06226,8.60233,7.2111,7.81025,7.81025,7.81025,7.81025,7.81025,7.07107,7.07107,6.40312,6.40312,7.07107,6.40312,6.40312,6.40312,6.40312,6.40312,6.40312,6.40312,6.40312,5.83095,5.0,5.0,5.38516,4.47214,4.47214,4.12311,4.12311,4.12311,3.0,3.0,3.0,2.0,2.0,2.0,2.23607,1.0,1.0,1.41421,1.0,1.0,0.0,0.0,1.41421,1.0,1.0,1.0,1.0,56.79789,49.24429,55.4617,49.65884,44.94441,48.08326,46.8188,43.93177,45.60702,45.22168,43.65776,44.38468,40.80441,44.91102,38.32754,40.02499,46.32494,43.93177,39.05125,39.05125,37.65634,36.40055,38.63936,36.13862,38.60052,35.17101,31.04835,33.95585,35.73514,32.28002,31.38471,29.06888,32.69557,30.8707,27.20294,26.24881,24.41311,25.0,20.80865,17.69181,18.60108,18.60108,20.24846,11.6619,12.04159,8.24621,8.06226,9.84886,8.24621,7.28011,3.60555,3.0,2.0,5.83095,3.0,4.47214,4.0,48.27007,49.25444,50.01,52.0,51.0,54.23099,51.47815,53.60037,51.97115,51.97115,57.48913,57.72348,61.03278,65.14599,64.19502,61.46544,67.77905,62.16912,68.70953,68.44706,71.11259,65.74192,65.29931,69.83552,69.35416,69.83552,66.37017,68.42514,67.60178,70.71068,66.18912,68.47627,68.88396,66.21178,67.54258,65.74192,69.31811,68.15424,70.26379,71.58911,70.23532,69.77105,70.23532,72.91776,72.00694,77.07788,72.00694,68.47627,70.66116,73.06162,68.47627,72.06941,68.09552,61.7171,64.66065,68.26419,58.13777
9.05539,9.0,9.0,9.0,9.0,9.0,9.0,8.06226,8.06226,9.05539,8.0,8.06226,8.06226,8.06226,8.06226,8.06226,7.07107,7.07107,7.07107,7.07107,7.0,7.07107,7.0,7.0,7.0,6.0,6.0,6.0,6.0,5.09902,5.09902,5.09902,4.12311,4.12311,4.12311,3.16228,3.16228,3.16228,3.16228,2.23607,2.23607,2.23607,2.23607,1.0,1.0,1.0,1.0,1.0,1.0,1.0,1.0,0.0,47.50789,49.40648,46.8615,47.20169,47.43416,46.09772,47.42362,49.51767,46.8615,43.27817,45.27693,42.42641,41.7732,39.62323,43.84062,41.01219,43.41659,39.82462,36.40055,41.72529,40.36087,36.79674,39.05125,37.53665,33.97058,32.80244,35.4683,36.76955,35.38361,34.4093,31.241,27.80288,30.23243,24.83948,31.38471,21.09502,26.40076,21.93171,20.61553,17.46425,16.12452,19.0,17.46425,12.16553,13.0,15.0333,12.04159,8.06226,7.28011,8.06226,7.2111,9.89949,4.12311,1.0,4.12311,3.60555,5.09902,46.17359,46.8188,50.69517,50.69517,53.33854,50.77401,55.21775,54.40588,56.0357,54.6443,62.28965,61.6198,63.12686,62.93648,62.36986,63.65532,66.52819,67.62396,68.24954,66.6033,66.57327,64.03124,71.61006,65.60488,66.0303,68.60029,67.1193,65.51336,68.60029,68.41053,67.42403,68.00735,71.40028,67.20119,67.6757,64.07027,69.40461,73.24616,69.02898,67.35726,71.06335,72.47068,70.43437,68.68042,71.02816,74.65253,68.00735,72.11103,67.42403,65.80274,72.42237,65.80274,63.51378,67.60178,66.03787,62.1289,60.03332
9.84886,9.48683,8.544,9.84886,8.544,9.48683,8.544,9.21954,8.544,8.544,8.544,8.24621,8.544,8.544,7.61577,8.24621,8.24621,7.28011,7.28011,7.28011,7.28011,7.28011,7.28011,6.7082,6.7082,6.32456,6.7082,5.83095,5.83095,5.83095,5.0,5.0,5.0,4.24264,4.24264,3.60555,4.24264,3.60555,3.60555,2.82843,2.82843,2.82843,2.23607,2.23607,2.23607,1.41421,1.41421,1.0,1.41421,1.41421,1.41421,1.41421,55.22681,51.5461,51.1957,45.18849,43.65776,48.46648,48.10405,49.39636,47.01064,43.38202,46.09772,45.27693,44.29447,42.48529,43.38202,42.94182,43.38202,37.69615,43.82921,40.31129,37.58989,32.80244,38.07887,35.8469,36.24914,33.10589,37.73592,33.54102,35.4683,30.8707,27.313,28.79236,29.61419,29.83287,25.96151,28.16026,26.1725,24.18677,24.02082,16.49242,15.29706,16.27882,16.03122,14.56022,15.26434,10.44031,8.24621,8.94427,7.28011,3.60555,4.12311,6.32456,8.06226,5.0,4.12311,7.07107,3.0,47.16991,47.41308,47.01064,55.4617,50.15974,51.26402,52.81098,55.36244,56.32051,56.75385,61.84658,55.7853,59.22837,65.11528,63.95311,61.98387,64.93843,62.1289,67.47592,68.35934,69.06519,69.06519,64.28063,70.17834,68.18358,65.12296,67.18631,66.1211,63.1981,70.06426,66.18912,69.46222,68.18358,69.26038,69.26038,64.49806,66.61081,67.60178,71.44928,73.68175,72.56032,67.89698,70.03571,69.63476,71.19691,72.69113,72.99315,71.06335,71.02112,70.5762,66.75328,66.28725,67.36468,62.28965,64.93843,65.30697,60.01666
8.94427,8.94427,8.94427,8.94427,8.94427,8.94427,8.06226,8.06226,8.06226,8.06226,8.06226,8.06226,7.2111,7.2111,7.2111,7.2111,7.2111,7.2111,7.2111,7.2111,7.2111,7.2111,6.7082,5.83095,5.83095,6.7082,6.32456,5.38516,5.38516,5.09902,4.12311,4.12311,4.12311,4.12311,4.0,4.0,4.0,3.0,3.0,2.0,3.16228,2.23607,2.23607,2.23607,2.23607,2.23607,1.41421,1.41421,1.41421,1.41421,1.41421,1.41421,51.47815,52.35456,46.48656,52.88667,49.72927,46.57252,43.68066,41.0,44.91102,45.54119,46.09772,46.27094,44.40721,43.17407,44.40721,42.57934,40.31129,39.01282,38.63936,41.30375,43.04649,36.49658,36.22154,36.05551,30.14963,36.12478,37.05401,32.75668,28.28427,31.40064,34.36568,30.80584,30.36445,27.45906,26.57066,24.59675,23.02173,21.0238,20.24846,21.9545,22.47221,18.60108,13.60147,15.6205,14.21267,12.04159,9.21954,6.32456,5.65685,3.60555,8.06226,5.83095,4.47214,3.60555,5.38516,1.0,2.0,46.32494,46.32494,50.0,49.64877,52.0,47.53946,51.26402,53.66563,55.47071,57.24509,60.20797,56.93856,59.68249,62.1289,58.83026,64.07027,63.82006,66.06815,63.89053,63.82006,65.94695,66.6033,69.6563,67.35726,64.53681,69.52697,68.0147,65.94695,67.47592,67.62396,70.29225,65.43699,69.40461,66.06815,69.89278,71.28113,67.6757,70.17834,69.33974,68.09552,67.95587,73.92564,73.24616,69.83552,68.0,77.36924,72.71864,72.06941,70.83078,69.46222,67.74216,67.53518,64.89992,67.23095,66.28725,56.35601,62.76942
8.544,8.544,8.544,8.544,8.544,8.544,7.61577,8.544,7.61577,7.61577,7.61577,7.61577,6.7082,6.7082,6.7082,6.7082,6.7082,6.7082,6.7082,6.7082,6.7082,6.7082,6.7082,5.83095,5.83095,5.38516,5.38516,5.09902,5.09902,5.09902,4.12311,4.12311,3.0,3.0,3.0,3.0,3.0,2.0,2.0,1.0,1.0,1.0,1.0,1.0,1.0,0.0,0.0,0.0,0.0,0.0,0.0,0.0,53.90733,51.73973,52.34501,52.49762,48.10405,48.82622,46.61545,45.80393,42.52058,47.80167,49.09175,49.40648,43.82921,43.56604,43.41659,45.22168,41.67733,41.88078,40.81666,41.67733,40.31129,38.91015,37.12142,36.23534,32.80244,31.62278,40.22437,32.75668,33.94113,33.42155,34.82815,34.71311,29.06888,28.01785,27.80288,28.01785,26.62705,24.20744,22.82542,17.88854,20.80865,18.38478,13.0384,12.04159,12.52996,13.34166,10.77033,10.44031,10.0,5.09902,6.08276,7.28011,3.0,3.16228,8.60233,3.16228,4.0,46.48656,47.53946,48.75449,51.10773,50.11986,54.81788,54.6443,53.00943,57.62812,54.67175,58.89822,62.36986,63.03174,62.93648,62.93648,61.52235,63.70243,63.03174,69.42622,66.06815,64.03124,70.21396,66.4003,67.00746,69.81404,67.00746,67.00746,66.06815,68.8186,67.00746,66.4003,68.24222,69.40461,67.47592,72.00694,64.44377,66.6033,71.44928,69.42622,66.6033,69.35416,69.35416,72.18033,69.29646,73.59348,72.86288,72.13876,72.18033,68.76772,70.83784,68.76772,72.24957,66.8431,66.70832,63.25346,62.68174,59.81639
9.48683,9.48683,9.48683,9.48683,9.48683,9.48683,8.544,8.94427,8.544,8.544,8.94427,8.94427,8.94427,8.94427,8.94427,8.06226,8.06226,7.61577,8.06226,7.61577,7.61577,7.61577,6.7082,7.61577,7.61577,6.7082,6.32456,6.32456,6.32456,5.09902,5.09902,5.09902,5.09902,5.09902,4.0,4.0,3.0,3.0,3.0,3.0,2.0,2.0,2.0,2.0,1.0,1.0,1.0,1.0,1.0,1.0,1.0,1.0,51.86521,50.15974,52.80152,45.61798,49.98,48.08326,48.27007,50.0,43.73786,45.35416,44.01136,40.02499,43.32436,41.76123,41.97618,41.30375,41.7732,39.05125,39.45884,32.38827,42.44997,36.22154,36.05551,35.69314,32.24903,34.52535,31.7805,35.01428,34.52535,29.12044,30.41381,28.16026,24.04163,30.08322,24.59675,27.313,28.6531,21.9545,18.43909,22.80351,19.84943,11.18034,17.49286,11.40175,14.86607,12.80625,11.6619,9.21954,10.44031,9.05539,8.06226,6.32456,4.0,3.16228,6.32456,2.82843,7.07107,47.12749,45.61798,47.53946,51.0,48.75449,51.0,52.69725,55.21775,56.60389,54.91812,59.90826,60.80296,60.60528,62.20129,61.84658,63.25346,66.21933,61.55485,63.78087,69.31089,62.93648,63.65532,65.05382,69.31089,72.24957,66.6033,69.52697,67.20863,67.94115,70.0928,65.11528,69.52697,67.94115,70.17834,67.47592,69.52697,67.62396,64.07027,71.34424,71.28113,70.45566,69.06519,71.02112,73.23933,68.7968,73.78347,70.21396,72.94518,71.56116,69.89278,66.57327,66.88797,63.51378,61.03278,65.36819,62.26556,61.91123
8.06226,8.06226,8.06226,8.06226,8.06226,8.0,8.0,8.0,7.0,7.0,7.0,7.0,7.0,7.0,7.0,7.0,6.0,6.0,6.0,6.0,6.0,6.0,6.0,6.0,6.08276,5.09902,5.09902,5.09902,5.09902,4.12311,4.47214,4.47214,3.60555,3.60555,2.82843,2.82843,2.82843,2.82843,2.23607,2.23607,2.23607,2.23607,2.23607,1.0,1.0,1.0,1.0,1.0,1.0,1.0,1.0,1.41421,54.3783,51.22499,52.00961,51.0392,48.16638,52.00961,46.75468,53.8145,42.44997,45.27693,44.55334,47.42362,48.16638,41.10961,44.59821,42.0119,43.41659,44.40721,43.01163,42.42641,41.7732,38.20995,40.0,35.51056,34.05877,36.23534,33.30165,36.40055,35.0,33.97058,32.64966,30.4795,26.1725,26.24881,23.43075,25.80698,24.69818,21.26029,21.47091,19.92486,18.02776,19.23538,11.18034,9.21954,11.40175,11.18034,6.0,8.0,9.21954,8.24621,7.07107,7.61577,5.0,5.0,2.0,3.60555,6.40312,46.01087,50.20956,46.8615,54.56189,49.67897,52.20153,52.20153,57.68882,57.3062,52.47857,57.45433,60.41523,65.36819,66.24198,67.1193,60.53924,69.857,58.69412,68.942,64.2573,63.15853,71.47027,57.77543,65.78754,66.09841,68.30813,67.6757,70.00714,65.19202,68.94926,64.4748,70.38466,66.30988,69.35416,65.0,69.857,64.4748,69.77105,69.31811,72.89719,75.591,68.8767,75.29276,71.86793,72.06941,71.69379,74.30343,71.19691,72.40166,68.09552,67.23095,69.31811,70.26379,64.40497,59.5399,62.64982,63.52952
10.04988,10.0,10.0,9.0,9.0,9.0,9.0,9.0,9.0,9.0,9.0,9.0,8.0,8.0,8.0,8.0,8.06226,8.0,7.0,7.0,7.0,7.0,7.0,7.0,7.07107,7.0,7.07107,6.08276,6.08276,6.08276,5.38516,5.38516,4.47214,4.47214,4.47214,4.47214,3.60555,3.60555,2.82843,2.82843,2.82843,2.82843,2.82843,2.23607,1.41421,1.41421,1.41421,1.41421,1.41421,1.41421,1.41421,1.41421,56.72742,51.62364,50.20956,47.80167,50.44799,48.60041,48.9183,46.01087,44.68781,46.40043,43.26662,43.82921,44.41846,39.69887,41.34005,42.43819,42.43819,40.31129,38.83298,38.27532,38.83298,38.94868,35.35534,35.80503,33.28663,35.0,35.51056,37.73592,31.241,31.40064,30.0,28.42534,29.20616,29.20616,24.83948,22.2036,21.63331,23.70654,24.69818,15.81139,16.12452,14.56022,15.0333,11.7047,12.16553,11.04536,8.24621,11.04536,8.06226,8.06226,5.83095,2.82843,2.0,8.60233,5.38516,4.24264,3.60555,46.23851,48.30114,49.73932,48.02083,56.4358,54.6443,50.60632,54.40588,57.62812,58.72819,55.86591,60.81118,60.81118,68.0147,63.89053,62.00806,65.60488,68.24954,64.53681,66.8431,67.20119,66.21933,66.0303,68.8186,71.02112,67.42403,68.8186,64.2028,65.73431,65.21503,68.24222,68.8186,67.1193,66.21933,68.8186,65.43699,68.76772,70.43437,70.83784,71.8401,70.93659,72.47068,70.71068,75.28612,71.44928,72.62231,73.66139,67.20863,67.62396,71.40028,70.43437,71.06335,64.2028,59.03389,65.0,64.03124,64.53681
9.84886,9.84886,9.84886,8.94427,8.94427,8.94427,8.94427,8.94427,8.94427,8.06226,8.94427,8.94427,8.06226,8.06226,8.06226,8.06226,8.06226,7.61577,7.2111,6.7082,6.7082,6.7082,6.7082,6.7082,6.7082,6.32456,6.32456,6.32456,5.09902,6.08276,5.09902,5.0,4.0,4.0,4.0,4.0,4.12311,3.16228,3.16228,3.16228,3.16228,2.23607,2.23607,2.23607,2.23607,2.23607,1.41421,1.41421,1.41421,1.41421,1.41421,1.41421,54.3783,50.24938,49.24429,46.09772,52.80152,48.33218,46.48656,46.61545,44.59821,45.35416,45.88028,45.54119,44.92215,40.49691,46.09772,41.23106,45.22168,39.29377,40.26164,40.02499,40.60788,40.02499,35.73514,33.24154,35.17101,33.24154,31.04835,31.32092,32.20248,33.52611,29.83287,30.01666,26.40076,25.23886,28.23119,22.67157,22.67157,19.79899,20.61553,19.79899,18.60108,15.81139,13.60147,12.08305,13.34166,10.63015,10.0,7.28011,7.61577,5.83095,5.09902,4.12311,3.0,3.60555,1.0,1.41421,7.07107,44.04543,46.38965,48.6621,50.80354,52.39275,57.27128,52.55473,55.71355,55.03635,52.92447,58.30952,60.37384,63.56099,59.94164,60.82763,63.28507,65.8635,65.19202,66.28725,66.03787,65.45991,68.60029,66.57327,69.40461,66.70832,68.8186,68.8186,68.24222,67.20119,70.43437,64.40497,70.0,68.41053,67.20119,70.45566,69.06519,66.85058,69.97142,72.11103,71.55418,70.17834,72.40166,71.34424,72.20111,72.71864,80.99383,71.34424,71.84706,69.06519,67.6757,66.57327,69.06519,65.45991,61.40033,60.21628,63.00794,58.24946
9.43398,8.60233,8.60233,8.60233,7.81025,8.60233,8.60233,8.60233,7.81025,7.81025,7.81025,7.81025,7.07107,7.07107,7.07107,7.07107,7.07107,7.07107,7.07107,7.07107,6.40312,6.40312,6.40312,5.65685,5.65685,6.40312,5.83095,5.0,5.0,4.47214,4.47214,3.60555,3.60555,3.16228,3.16228,3.16228,3.16228,2.23607,2.23607,1.41421,1.0,1.0,1.0,1.0,1.0,1.0,1.0,0.0,0.0,0.0,0.0,0.0,55.56978,52.3259,50.15974,52.80152,51.89412,47.53946,48.70318,47.43416,51.24451,47.75982,45.22168,45.89118,47.12749,45.88028,45.88028,47.29693,44.14748,40.5216,42.05948,40.80441,43.41659,44.38468,37.36308,34.9285,37.64306,34.71311,36.40055,34.53983,36.40055,38.8973,34.20526,33.83785,26.83282,29.52965,27.45906,24.69818,25.0,24.16609,20.51828,22.67157,23.34524,20.51828,13.60147,11.6619,11.04536,12.80625,13.0,8.24621,6.32456,10.19804,10.04988,6.40312,2.0,6.32456,2.23607,3.16228,2.23607,48.25971,47.26521,50.9902,52.61179,52.39275,52.88667,52.88667,53.16014,59.48109,56.64804,54.56189,65.0,60.41523,60.53924,68.42514,62.26556,66.28725,65.36819,68.47627,65.36819,66.57327,73.57309,69.89278,65.60488,70.43437,66.06815,65.60488,64.40497,69.63476,69.40461,70.72482,71.84706,68.60029,65.51336,71.58911,70.71068,68.60029,69.97142,67.95587,68.96376,69.64194,68.42514,71.58911,74.24284,70.23532,76.05919,73.92564,72.91776,71.11259,70.49113,67.6757,70.49113,66.7308,68.60029,57.98276,65.0,60.41523
9.43398,9.84886,8.94427,9.43398,8.94427,8.94427,8.94427,8.544,8.544,8.544,8.544,8.544,8.544,7.61577,7.61577,7.61577,7.61577,7.61577,7.61577,7.61577,6.7082,6.7082,6.7082,6.7082,6.7082,6.7082,5.83095,5.83095,5.0,5.0,5.0,5.0,4.24264,4.24264,4.24264,4.24264,3.60555,3.60555,2.82843,2.23607,2.23607,2.23607,2.23607,2.23607,1.41421,1.41421,1.41421,1.0,1.0,1.0,1.41421,1.0,60.20797,51.66237,52.88667,51.66237,47.80167,46.84015,46.84015,44.92215,46.61545,44.94441,43.86342,42.05948,41.18252,40.49691,40.71855,41.14608,42.72002,41.62932,40.49691,35.8469,35.8469,34.9285,35.35534,35.73514,31.62278,35.17101,33.83785,34.78505,36.13862,36.40055,27.89265,27.65863,29.42788,30.41381,25.31798,26.07681,27.07397,20.09975,17.02939,18.0,13.34166,13.0,13.60147,15.6205,13.60147,11.04536,5.38516,10.0,5.83095,4.24264,6.32456,5.38516,5.83095,8.06226,5.0,6.08276,3.16228,49.92995,49.73932,53.7122,49.65884,50.56679,52.92447,52.55473,58.5235,59.48109,55.65968,61.61169,60.20797,65.73431,63.63961,62.96825,64.38167,65.62012,66.09841,70.03571,68.18358,67.06713,70.11419,69.02898,69.02898,70.0,70.0,67.1193,67.02984,69.02898,68.11755,66.18912,73.02739,69.18092,67.36468,73.5527,68.46897,66.61081,69.72087,68.35934,70.71068,72.69113,72.36712,72.83543,72.18033,68.44706,75.80237,71.84706,72.56032,73.5527,71.56815,71.17584,65.37584,66.37017,67.47592,64.19502,61.52235,60.82763
7.81025,7.81025,7.81025,7.81025,7.81025,7.2111,7.2111,7.2111,7.2111,7.2111,7.2111,7.2111,7.2111,7.2111,7.2111,6.7082,6.7082,5.83095,5.83095,5.83095,5.83095,5.83095,5.83095,5.83095,5.83095,5.0,5.0,4.24264,4.24264,4.24264,3.60555,3.60555,3.60555,3.60555,2.23607,2.23607,2.23607,2.0,2.0,1.0,1.0,1.0,1.0,1.0,0.0,0.0,0.0,1.0,1.0,1.0,1.0,1.0,60.82763,54.08327,54.12947,52.88667,51.47815,48.27007,49.81967,48.05206,48.27007,48.27007,49.33559,46.8188,42.95346,41.76123,41.4367,42.37924,41.48494,42.37924,41.76123,41.4367,38.8973,37.64306,37.64306,37.57659,35.4683,38.07887,33.83785,29.41088,33.24154,32.01562,28.63564,26.30589,28.86174,26.07681,27.16616,25.17936,22.09072,21.2132,24.18677,18.86796,17.46425,15.52417,19.0263,14.42221,13.41641,13.15295,8.94427,11.31371,8.48528,7.28011,4.0,6.7082,3.60555,8.48528,4.47214,3.16228,3.16228,44.65423,48.02083,48.76474,50.15974,50.32892,54.626,54.23099,57.56735,55.65968,59.77458,61.13101,61.98387,60.63827,60.01666,60.40695,66.61081,63.3877,66.1211,63.50591,69.06519,63.1981,69.11584,67.00746,70.00714,67.06713,70.34913,66.18912,66.0,70.02857,65.00769,65.19202,70.00714,68.11755,63.50591,71.44928,65.19202,68.46897,67.26812,67.26812,68.35934,68.11755,70.03571,75.42546,71.56815,72.56032,73.33485,68.35934,69.58448,68.593,71.70077,65.12296,64.07027,66.18912,64.19502,68.02941,61.81424,60.13319
9.21954,9.21954,8.60233,8.60233,8.60233,8.60233,8.60233,8.60233,8.60233,8.06226,8.60233,8.06226,8.06226,8.06226,8.06226,8.06226,7.2111,7.2111,6.7082,6.7082,7.2111,6.7082,7.2111,6.7082,5.83095,6.40312,5.65685,5.0,5.0,5.0,4.24264,4.24264,4.24264,2.82843,3.60555,3.60555,2.82843,2.23607,2.23607,1.41421,1.41421,1.41421,1.41421,1.41421,1.0,1.0,0.0,1.0,1.0,1.0,0.0,0.0,53.15073,57.31492,49.49747,48.09366,50.0,48.01042,50.48762,50.15974,45.0,46.27094,48.09366,44.55334,42.75512,42.10701,43.18565,43.41659,42.10701,39.31921,43.41659,37.10795,39.81206,40.04997,35.35534,35.0571,35.22783,38.47077,33.06055,32.24903,29.0,32.01562,31.01612,29.15476,28.07134,27.07397,29.15476,19.64688,23.19483,21.84033,20.12461,21.37756,21.0238,18.02776,15.0,12.72792,13.41641,16.27882,10.81665,11.7047,13.92839,7.2111,5.0,6.40312,4.24264,3.16228,4.0,6.08276,3.60555,49.0408,44.72136,53.93515,54.91812,51.08816,55.03635,54.03702,57.03508,55.14526,64.03124,59.84146,60.29925,62.16912,62.80127,68.24954,63.56099,60.01666,67.68309,64.77654,68.44706,68.30813,68.41053,66.76077,69.92138,68.41053,71.7844,69.37579,66.40783,67.35726,66.21933,67.68309,69.857,67.91171,68.68042,73.76313,68.41053,70.40597,68.06614,72.44308,69.87131,73.5527,74.54529,74.96666,74.67262,72.00694,77.78175,72.56032,70.21396,71.70077,70.45566,66.61081,69.72087,67.26812,64.62971,64.77654,64.93843,59.68249
9.84886,9.84886,9.84886,9.84886,9.84886,8.94427,9.43398,9.43398,8.94427,8.94427,8.06226,8.06226,9.43398,8.06226,8.06226,8.06226,8.06226,7.2111,7.2111,7.2111,7.2111,7.2111,7.2111,7.2111,7.2111,6.7082,6.7082,6.7082,5.38516,5.38516,5.38516,5.38516,5.38516,4.12311,4.12311,3.16228,3.16228,3.16228,3.0,3.16228,2.0,2.0,2.0,2.0,2.0,1.0,1.0,1.0,1.0,1.0,1.0,1.0,55.15433,46.8615,54.91812,51.40039,46.64762,48.54894,52.43091,46.87217,47.88528,45.65085,45.22168,41.4367,45.18849,45.31004,40.31129,42.15448,43.86342,39.21734,42.48529,37.57659,36.24914,36.40055,39.29377,45.35416,30.8707,39.44617,31.38471,33.61547,34.17601,29.96665,32.24903,30.52868,27.78489,26.07681,23.02173,27.65863,25.45584,20.51828,18.43909,19.92486,12.80625,11.40175,14.21267,12.64911,11.04536,8.06226,8.94427,11.7047,7.28011,10.19804,8.60233,7.61577,8.0,5.0,8.06226,5.0,1.41421,47.75982,51.62364,49.24429,51.0,48.8774,53.25411,51.0392,56.40035,54.67175,57.00877,60.80296,57.48913,62.62587,63.25346,65.8559,64.3506,69.31089,61.52235,72.83543,71.50524,66.48308,68.0147,67.94115,72.24957,66.6033,70.76722,66.52819,70.80254,65.94695,70.29225,65.79514,70.76722,69.35416,73.53911,68.68042,68.593,66.48308,70.0928,73.66139,72.62231,71.58911,71.50524,71.58911,71.8401,72.47068,72.12489,74.24958,70.72482,72.13876,71.50524,71.70077,67.35726,67.17887,60.10824,59.5483,63.25346,65.05382
9.05539,9.05539,9.05539,9.05539,9.21954,9.05539,9.21954,8.24621,8.24621,9.21954,8.06226,8.24621,8.24621,8.24621,8.24621,8.24621,7.28011,7.28011,7.28011,7.28011,7.28011,7.28011,7.07107,6.32456,7.07107,6.08276,6.08276,6.0,6.0,5.0,5.0,5.0,5.0,4.0,3.16228,3.0,3.16228,3.0,3.16228,2.0,2.0,2.0,2.0,1.0,1.0,1.0,1.0,1.0,1.0,1.0,1.0,0.0,54.48853,53.90733,53.03772,49.40648,49.57822,46.66905,49.0408,48.16638,41.86884,48.10405,45.25483,44.82187,45.34314,45.0,43.27817,44.68781,42.43819,40.49691,40.80441,35.80503,37.53665,41.10961,35.22783,38.01316,34.82815,36.89173,36.12478,32.55764,32.64966,33.42155,32.20248,31.40064,28.6007,28.3196,26.40076,23.02173,22.2036,19.41649,19.41649,19.10497,15.81139,17.11724,15.0333,10.77033,14.31782,10.04988,11.0,10.44031,10.19804,6.32456,7.61577,7.61577,6.7082,4.12311,4.24264,2.82843,4.12311,45.17743,50.47772,51.0392,52.80152,52.49762,53.60037,51.62364,61.52235,58.69412,58.0,58.25805,60.20797,63.25346,64.81512,65.60488,63.81222,68.8186,67.1193,66.57327,63.24555,70.49113,68.60029,70.83078,70.71068,70.83078,66.7308,68.96376,67.74216,69.46222,70.71068,68.60029,68.60029,69.64194,69.63476,71.84706,72.67049,69.89278,70.72482,73.23933,72.34639,72.47068,71.02816,73.00685,75.28612,70.21396,74.88658,69.06519,70.29225,73.24616,67.42403,65.45991,67.42403,67.41662,66.03787,64.40497,62.68174,60.74537
9.0,10.0,9.0,9.0,9.0,9.0,9.05539,9.05539,9.05539,8.0,8.06226,8.06226,8.0,8.0,8.06226,8.06226,8.06226,7.07107,7.07107,7.07107,7.0,7.0,7.0,6.0,6.0,6.0,6.0,5.09902,5.09902,5.09902,5.09902,4.12311,4.47214,4.12311,4.47214,4.47214,3.60555,3.60555,2.82843,2.82843,2.23607,2.23607,2.23607,2.23607,1.41421,1.41421,1.41421,1.41421,1.41421,1.41421,1.41421,1.41421,54.3783,50.80354,49.67897,49.51767,51.62364,47.38143,51.66237,48.83646,43.93177,43.18565,43.27817,42.72002,45.22168,40.36087,43.93177,40.80441,42.42641,41.03657,41.6173,37.80212,39.11521,38.58756,35.0,33.6006,34.82815,33.42155,34.82815,35.35534,29.73214,31.40064,26.90725,28.3196,25.4951,26.1725,26.24881,23.25941,18.35756,24.59675,22.80351,15.23155,16.55295,14.76482,16.27882,14.14214,9.21954,7.0,6.08276,9.05539,7.28011,5.38516,4.12311,6.08276,6.40312,4.24264,5.09902,2.82843,4.12311,48.8774,47.16991,45.80393,51.85557,51.85557,54.48853,51.73973,53.03772,57.31492,55.97321,56.85068,57.00877,60.80296,63.28507,67.95587,62.76942,65.45991,64.14047,66.57327,66.24198,66.03787,66.57327,67.41662,68.47627,68.44706,69.77105,67.97794,71.19691,68.60029,69.97142,67.1193,71.19691,70.17834,67.41662,65.73431,68.00735,67.42403,71.28113,70.49113,68.7968,76.6094,69.81404,71.28113,72.42237,74.20243,74.33034,73.81734,73.10951,70.45566,65.19202,66.7308,69.11584,67.74216,61.61169,65.60488,62.42596,56.85948
9.0,9.0,9.0,9.0,9.0,9.0,9.05539,9.05539,9.05539,8.06226,8.0,8.0,8.0,8.0,7.07107,8.06226,8.06226,7.07107,7.07107,7.07107,7.07107,7.07107,7.0,6.0,6.0,7.0,6.0,5.09902,5.09902,5.09902,5.09902,4.12311,4.12311,4.12311,4.12311,3.60555,3.60555,3.60555,2.82843,2.23607,2.23607,2.82843,1.41421,2.23607,1.41421,1.41421,1.41421,1.41421,1.41421,1.41421,1.41421,1.41421,56.85948,49.0408,53.0,52.49762,51.22499,46.2277,49.49747,47.42362,46.01087,46.69047,45.34314,46.01087,43.13931,41.01219,40.36087,45.60702,42.42641,39.82462,39.59798,39.62323,36.87818,38.20995,36.79674,37.48333,34.71311,36.06938,34.65545,32.52691,31.40064,31.14482,32.52691,26.24881,27.313,29.96665,27.80288,24.59675,23.4094,21.0238,23.08679,18.24829,17.46425,12.80625,14.03567,12.0,10.19804,7.07107,6.32456,10.44031,7.28011,2.82843,2.23607,3.16228,3.60555,7.07107,6.0,2.0,5.0,47.85394,49.24429,47.50789,53.25411,55.0,53.41348,53.8145,55.17246,57.31492,58.69412,60.82763,61.52235,62.2254,62.24147,62.20129,64.81512,69.06519,65.43699,65.73431,67.74216,65.0,69.11584,65.8635,70.17834,69.46222,71.02816,67.23095,71.86793,65.19202,69.35416,67.41662,69.46222,73.92564,69.35416,70.3278,69.33974,71.02816,70.80254,68.60029,68.00735,69.33974,72.8011,73.24616,73.24616,71.21798,69.89278,70.80254,71.28113,71.86793,70.3278,67.95587,72.20111,70.72482,68.60029,67.1193,60.90156,65.60488
9.21954,9.21954,9.21954,9.21954,8.48528,8.48528,8.48528,8.48528,8.48528,7.81025,7.81025,7.81025,7.07107,7.07107,7.07107,7.07107,7.07107,7.07107,6.40312,6.40312,7.07107,6.40312,6.40312,6.40312,6.40312,6.40312,5.83095,5.0,5.0,5.38516,4.47214,4.47214,4.47214,4.12311,4.12311,4.12311,3.0,3.0,3.0,2.0,2.0,2.0,2.0,2.23607,2.0,2.23607,1.41421,1.0,1.0,1.0,1.41421,1.41421,52.7731,49.36598,57.14018,51.35173,48.01042,47.04253,46.0,47.0,46.04346,45.39824,45.27693,42.29657,44.28318,41.01219,46.27094,44.18144,40.31129,36.34556,38.20995,37.33631,38.63936,39.01282,36.34556,37.85499,31.257,31.40064,37.21559,31.06445,29.42788,32.01562,34.1321,29.27456,29.06888,27.16616,27.01851,22.36068,23.08679,18.97367,17.08801,16.15549,15.65248,13.60147,12.04159,7.81025,10.0,9.21954,8.60233,5.09902,9.21954,4.47214,4.47214,6.08276,3.16228,1.0,4.47214,4.47214,4.12311,46.84015,45.60702,47.67599,54.33231,48.37355,53.15073,52.08647,52.00961,53.0,55.08176,61.13101,62.07254,63.1981,59.5399,58.85576,61.0,69.2315,62.8172,69.42622,67.26812,64.56005,63.78871,69.64194,71.30919,66.48308,66.94027,66.94027,64.03124,67.18631,67.72001,64.32729,73.4983,71.80529,66.70832,69.05071,67.26812,68.24954,72.83543,71.56815,67.08204,71.19691,69.46222,76.79193,68.06614,78.08969,70.71068,70.85901,74.1485,67.74216,68.46897,69.72087,64.93843,63.78871,66.09841,65.9242,64.62971,56.4358
8.06226,8.06226,8.06226,8.06226,7.2111,7.2111,7.81025,7.81025,7.81025,7.81025,7.2111,7.07107,7.07107,6.40312,6.40312,7.07107,6.40312,6.40312,6.40312,6.40312,5.65685,6.40312,5.0,5.65685,5.0,5.0,5.0,4.47214,4.47214,4.47214,4.12311,3.16228,3.16228,3.16228,3.16228,2.0,2.0,2.0,2.0,2.0,1.0,1.0,1.41421,1.0,1.0,0.0,0.0,1.0,1.0,1.0,1.0,0.0,57.00877,46.8188,52.81098,50.0,48.76474,50.69517,47.67599,49.24429,45.54119,41.7732,47.85394,43.41659,44.55334,40.60788,40.31129,41.4367,47.04253,43.04649,43.01163,35.12834,38.32754,39.11521,42.0119,35.0571,37.0,38.01316,33.13608,35.0571,34.23449,32.28002,31.57531,28.16026,29.42788,26.24881,24.35159,26.57066,24.69818,24.59675,21.93171,15.65248,14.86607,15.81139,16.27882,15.0,13.0,6.40312,6.40312,7.81025,8.06226,7.61577,10.0,1.41421,5.38516,1.41421,4.24264,1.0,3.0,46.04346,49.16299,44.18144,51.92302,49.24429,51.66237,52.20153,54.12024,54.12947,55.36244,55.97321,59.48109,61.32699,63.95311,64.41273,61.40033,65.19202,63.81222,68.47627,66.37017,61.77378,65.21503,64.66065,68.7968,67.41662,63.28507,66.0303,66.37017,64.66065,72.06941,63.13478,72.06941,67.23095,66.7308,66.7308,68.47627,64.88451,71.19691,68.42514,72.23573,73.82412,65.74192,70.68239,69.77822,72.49828,76.05919,69.77822,67.60178,70.77429,66.64083,68.942,65.74192,67.1193,54.56189,64.4748,67.54258,58.5235
9.21954,9.05539,9.05539,9.05539,9.05539,9.05539,9.05539,9.0,9.05539,8.06226,8.06226,8.0,8.0,8.06226,8.0,8.0,8.0,8.0,7.0,7.0,7.0,7.07107,7.0,7.07107,7.07107,6.08276,6.08276,6.32456,5.38516,5.38516,5.38516,4.47214,4.47214,4.47214,4.47214,3.60555,3.60555,3.60555,2.82843,2.82843,2.82843,2.23607,2.23607,2.23607,1.41421,1.41421,1.41421,1.41421,1.41421,1.41421,1.41421,1.41421,51.92302,51.66237,47.16991,45.17743,50.11986,45.79301,42.72002,48.8774,45.79301,43.27817,43.909,38.83298,39.82462,43.82921,40.81666,41.7732,40.22437,39.82462,39.40812,37.44329,38.60052,36.05551,38.83298,33.83785,35.51056,32.44996,32.44996,34.0,34.53983,33.83785,31.90611,32.20248,28.16026,31.95309,23.70654,23.02173,23.76973,23.08679,21.58703,14.56022,12.04159,14.31782,16.27882,12.64911,14.56022,8.24621,9.84886,10.19804,7.2111,3.16228,5.83095,2.0,7.28011,5.0,10.04988,3.16228,2.82843,46.75468,49.67897,50.32892,53.0,49.64877,52.15362,49.1935,54.20332,55.4617,53.31041,59.09315,59.13544,60.08328,61.98387,61.40033,60.87693,66.76077,61.61169,65.0,63.78871,63.78871,68.65858,62.16912,65.76473,66.91039,66.28725,64.32729,67.08204,64.32729,72.36712,65.9242,66.70832,65.49046,69.2315,68.15424,68.15424,63.32456,67.72001,67.18631,72.8011,70.60453,66.76077,71.8401,70.21396,65.45991,74.67262,70.2282,64.84597,69.57011,63.78871,70.83078,68.24954,64.7611,55.65968,64.7611,62.36986,61.13101
9.05539,9.21954,9.21954,9.21954,9.21954,8.24621,8.24621,8.24621,8.24621,8.24621,8.24621,8.544,8.24621,8.24621,8.24621,7.61577,7.61577,7.28011,7.61577,7.61577,7.28011,7.28011,6.32456,6.32456,7.28011,6.32456,6.08276,6.08276,6.08276,5.09902,5.0,5.0,5.0,4.0,4.0,3.0,3.0,3.0,3.0,3.0,2.0,2.0,2.0,1.0,1.0,1.0,1.0,1.0,1.0,1.0,1.0,1.0,50.0,49.09175,47.63402,47.20169,50.24938,47.01064,45.34314,46.69047,43.84062,43.18565,38.41875,39.40812,42.2019,38.41875,36.06938,40.36087,42.80187,40.49691,37.20215,38.41875,38.94868,32.20248,33.28663,35.80503,30.80584,32.64966,28.01785,33.61547,34.20526,30.41381,30.41381,24.75884,26.90725,31.1127,23.60085,27.20294,24.69818,24.18677,20.61553,12.52996,17.46425,14.14214,13.60147,15.23155,13.0,10.77033,9.05539,6.7082,2.0,5.65685,7.07107,5.83095,6.0,5.0,4.12311,6.40312,4.24264,51.0,48.37355,51.31277,54.20332,53.8145,57.38467,51.66237,62.24147,60.10824,56.56854,59.81639,64.81512,62.62587,67.20119,63.00794,66.24198,66.88797,66.37017,69.33974,68.26419,72.20111,68.96376,64.49806,68.0,68.47627,68.0,64.40497,70.66116,64.41273,68.60029,65.76473,66.64833,66.88797,68.09552,69.40461,68.7968,65.19202,65.8635,69.89278,66.57327,74.06079,71.28113,70.83078,69.40461,68.00735,76.55064,67.41662,68.8186,71.8401,65.45991,68.26419,67.6757,72.56032,62.43397,63.52952,64.07027,58.82176
8.06226,8.06226,8.06226,8.06226,7.07107,8.24621,8.24621,8.24621,7.28011,7.28011,7.28011,7.28011,7.28011,6.32456,6.32456,6.32456,6.32456,6.32456,6.32456,6.32456,6.08276,6.08276,6.32456,5.09902,5.09902,5.09902,5.09902,4.0,4.0,4.0,4.0,4.0,3.0,3.0,3.0,3.0,2.0,2.0,1.0,1.0,1.0,1.0,1.0,1.0,1.0,0.0,0.0,0.0,0.0,0.0,0.0,0.0,54.67175,53.2635,52.34501,48.08326,49.57822,45.48626,46.09772,47.63402,39.20459,43.86342,44.65423,43.26662,43.82921,40.80441,41.04875,39.11521,39.40812,32.75668,36.23534,35.35534,38.58756,35.80503,36.89173,35.0,33.83785,29.41088,38.41875,30.80584,30.41381,30.61046,29.83287,26.90725,26.40076,27.65863,26.1725,22.80351,23.85372,22.2036,19.31321,19.23538,13.92839,14.86607,13.89244,14.31782,8.24621,12.36932,10.04988,8.06226,7.0,11.04536,6.0,4.47214,3.16228,6.7082,5.0,6.08276,5.09902,48.09366,48.37355,47.38143,51.62364,53.36666,56.32051,56.61272,59.13544,58.69412,58.18075,62.26556,62.64982,63.81222,66.37017,66.88797,65.73431,66.61081,63.60031,69.6563,66.61081,66.8431,67.00746,65.8559,69.29646,67.88225,66.48308,70.00714,67.94115,67.17887,65.06919,68.593,67.88225,66.46804,67.47592,70.17834,70.0928,66.6033,70.03571,70.00714,69.31089,69.29646,68.68042,68.62215,73.0,71.44928,72.13876,74.24958,69.42622,68.62215,68.62215,72.18033,66.46804,63.70243,65.94695,60.1415,61.6198,63.78087
8.06226,8.06226,8.06226,8.06226,8.06226,7.07107,7.07107,7.28011,7.07107,7.07107,7.07107,7.28011,7.07107,7.07107,6.08276,6.32456,6.08276,6.08276,6.32456,6.32456,6.08276,6.08276,5.09902,6.08276,6.08276,5.09902,5.0,5.0,5.0,4.0,4.12311,4.12311,4.12311,3.16228,3.16228,2.23607,2.23607,2.23607,2.23607,1.41421,1.41421,1.41421,1.41421,1.0,1.0,1.0,1.0,1.0,1.0,1.0,1.0,0.0,51.73973,51.66237,48.27007,49.81967,45.25483,45.25483,48.79549,43.41659,43.60046,40.60788,41.86884,42.80187,40.45986,36.40055,37.80212,38.07887,39.66106,39.96248,38.27532,38.83298,37.80212,34.1321,37.21559,34.66987,37.20215,36.89173,31.40064,30.88689,33.42155,32.01562,30.41381,27.20294,28.01785,28.28427,26.24881,25.6125,19.84943,24.20744,20.80865,14.76482,15.65248,10.63015,10.29563,13.41641,11.40175,8.24621,8.94427,6.7082,6.0,5.83095,5.0,4.12311,6.08276,5.09902,5.0,4.24264,3.0,45.35416,50.0,48.08326,51.62364,47.92703,50.9902,48.76474,60.53924,55.47071,56.60389,58.41233,62.42596,62.80127,66.4003,61.55485,64.3506,67.94115,63.65532,62.93648,64.44377,66.6033,67.62396,63.03174,66.06815,66.8431,63.12686,68.76772,67.62396,65.0,66.6033,64.03124,67.62396,64.66065,69.02898,69.6563,66.21933,68.11755,64.38167,69.31089,70.76722,70.76722,66.48308,67.94115,70.76722,66.46804,73.75636,68.68042,68.41053,69.42622,71.84706,67.00746,69.52697,67.20863,59.4138,60.60528,67.47592,58.69412
9.21954,8.24621,8.24621,8.24621,8.24621,8.24621,8.24621,8.24621,8.24621,7.28011,7.28011,7.28011,7.28011,7.28011,6.32456,7.28011,6.32456,6.32456,6.32456,6.32456,6.32456,6.32456,6.32456,5.38516,5.38516,6.08276,5.09902,5.09902,4.12311,4.0,4.0,3.0,3.0,3.0,3.0,3.0,2.23607,2.0,1.0,1.0,1.0,1.0,1.0,1.0,1.0,1.0,0.0,0.0,0.0,0.0,0.0,0.0,56.0803,50.20956,51.61395,50.80354,49.40648,48.60041,46.8615,45.80393,44.65423,39.96248,44.94441,46.14109,46.95743,42.54409,39.96248,41.59327,35.8469,38.47077,36.61967,38.48376,39.11521,35.77709,34.48188,33.61547,35.8469,34.1321,32.44996,33.01515,29.20616,30.23243,30.0,28.3196,32.52691,27.65863,25.4951,25.80698,24.41311,22.62742,18.35756,17.02939,18.35756,13.45362,15.52417,11.18034,9.21954,11.18034,8.544,7.28011,6.32456,8.94427,5.38516,6.7082,2.82843,5.09902,3.16228,1.41421,1.0,46.17359,51.08816,49.0102,54.58938,50.35871,58.42089,50.9902,56.08921,57.72348,60.44005,65.55151,61.46544,63.90618,66.18912,66.18912,65.74192,70.71068,68.47627,68.09552,65.19202,71.58911,66.03787,68.7968,69.33974,68.8186,69.40461,69.40461,71.02816,64.81512,70.60453,67.80118,69.02898,70.21396,69.97142,72.00694,67.42403,70.80254,70.72482,68.60029,73.4983,73.23933,69.89278,73.78347,75.0,72.42237,72.40166,72.40166,72.67049,73.60027,67.47592,69.52697,75.0733,67.35726,66.6033,65.06919,64.38167,62.36986
8.06226,8.06226,8.24621,8.24621,8.24621,7.28011,7.28011,7.28011,7.28011,7.28011,7.28011,7.28011,7.28011,7.28011,6.32456,6.32456,6.32456,6.32456,6.32456,6.32456,6.08276,6.32456,5.09902,5.38516,5.09902,5.09902,5.09902,5.09902,5.0,4.0,4.0,4.0,4.0,3.0,3.16228,2.23607,2.23607,2.23607,2.23607,2.23607,1.41421,1.41421,1.41421,1.0,1.0,1.0,1.0,1.41421,1.0,1.0,1.0,0.0,58.13777,53.75872,51.73973,47.50789,48.60041,48.25971,47.20169,47.70744,42.19005,41.34005,43.41659,43.909,44.94441,44.94441,40.49691,41.14608,42.94182,36.71512,40.70626,35.51056,38.01316,35.35534,35.4683,34.88553,34.43835,37.57659,32.20248,33.61547,33.12099,30.80584,30.88689,29.20616,29.68164,27.01851,23.32381,22.80351,20.51828,19.84943,20.61553,15.81139,20.80865,15.81139,12.72792,12.04159,12.20656,10.0,7.81025,11.7047,9.21954,3.0,6.0,1.0,7.81025,4.24264,2.82843,4.12311,2.23607,48.37355,51.1957,48.83646,50.28916,51.66237,53.14132,54.23099,52.80152,58.60034,57.24509,57.3062,61.40033,62.43397,66.88797,65.0,62.80127,66.8431,66.06815,64.40497,67.20863,62.20129,68.88396,68.593,70.72482,67.20863,65.06919,69.31089,67.20863,68.62215,67.17887,70.00714,70.76722,67.94115,67.88225,69.35416,72.13876,70.83784,72.13876,68.11755,72.24957,75.82216,65.43699,71.06335,75.0733,74.33034,74.41102,70.03571,70.76722,68.0147,72.83543,70.76722,67.94115,68.593,62.96825,67.26812,62.96825,61.6198
8.94427,8.94427,8.94427,8.94427,8.94427,8.06226,7.61577,7.61577,7.61577,8.544,7.61577,7.61577,7.61577,7.61577,6.32456,7.61577,6.7082,6.7082,6.32456,6.32456,6.32456,6.32456,5.83095,5.83095,5.83095,5.83095,5.0,5.0,5.0,4.24264,4.24264,4.24264,4.24264,3.60555,3.60555,3.60555,3.16228,2.23607,2.23607,2.23607,2.0,2.0,2.23607,1.0,1.0,1.0,1.0,1.0,1.0,1.0,1.0,1.0,54.42426,49.98,50.15974,50.69517,50.9902,49.64877,44.72136,42.54409,45.18849,42.04759,39.81206,43.82921,40.81666,40.31129,37.57659,39.0,39.40812,37.73592,35.0,38.91015,35.51056,34.4093,32.44996,33.28663,29.20616,31.90611,26.40076,28.84441,28.84441,30.01666,23.70654,26.83282,24.16609,25.07987,20.39608,21.93171,21.37756,18.68154,15.29706,16.12452,13.15295,14.31782,13.0384,11.0,13.0,10.29563,5.38516,9.48683,4.12311,7.07107,3.60555,3.60555,2.23607,4.12311,4.0,1.41421,1.0,45.80393,44.40721,44.55334,47.42362,48.79549,52.00961,52.20153,52.00961,53.60037,54.20332,56.35601,57.3062,63.13478,61.26989,60.92618,64.88451,63.90618,62.96825,62.03225,65.45991,60.44005,70.5195,65.96969,70.34202,65.73431,67.46851,62.36185,65.0,68.88396,68.00735,62.93648,64.56005,63.60031,67.05222,64.28841,69.37579,66.7308,66.48308,67.6757,67.35726,69.57011,71.30919,71.47027,71.69379,67.05222,68.54196,69.89278,69.26038,73.08215,66.76077,64.56005,68.94926,62.58594,60.63827,57.72348,57.97413,60.87693
10.19804,9.21954,10.44031,10.19804,10.19804,9.21954,9.21954,9.21954,9.21954,9.21954,8.24621,8.24621,8.24621,8.24621,8.24621,8.24621,7.28011,7.28011,7.28011,7.28011,7.28011,7.28011,7.28011,7.28011,7.28011,6.08276,6.08276,6.08276,6.08276,5.0,5.0,5.0,5.0,4.0,4.0,3.0,3.0,3.0,3.0,3.0,2.0,2.0,2.0,2.0,1.0,1.0,1.0,2.0,1.0,1.0,1.41421,1.41421,53.82379,53.82379,54.40588,48.82622,50.77401,49.09175,47.16991,47.70744,45.27693,48.37355,43.26662,42.05948,42.48529,40.81666,44.72136,40.70626,45.22168,41.18252,38.91015,38.94868,40.24922,38.01316,37.44329,37.57659,32.64966,31.06445,29.41088,33.01515,32.89377,32.44996,29.20616,28.01785,27.20294,33.01515,24.75884,20.80865,23.34524,21.93171,16.40122,16.12452,14.42221,14.76482,11.6619,11.18034,11.40175,10.29563,8.06226,10.0,5.09902,8.544,3.60555,4.24264,2.82843,2.0,2.23607,4.47214,2.23607,44.01136,45.0,47.26521,51.15662,51.24451,53.36666,51.41984,54.34151,55.36244,55.02727,60.74537,61.46544,61.32699,63.97656,62.64982,61.7171,68.0,62.96825,67.60178,70.83078,64.89992,65.8635,63.51378,68.24222,67.20119,67.20119,67.62396,67.20119,64.40497,69.2026,67.80118,69.63476,67.41662,70.72482,70.0,68.24222,69.81404,71.56116,74.06079,71.84706,70.80254,73.4983,73.00685,74.4043,72.62231,74.63243,72.20111,68.24222,70.0,71.02816,70.60453,68.88396,66.06815,63.41136,64.89992,68.11755,60.44005
9.84886,9.84886,9.84886,9.84886,9.84886,9.48683,9.48683,9.48683,9.48683,8.544,8.544,8.544,8.544,8.544,7.61577,8.24621,8.24621,7.28011,7.28011,7.28011,7.28011,7.28011,7.28011,6.32456,6.32456,6.32456,6.32456,5.83095,5.83095,5.83095,5.0,5.0,5.0,3.60555,3.60555,3.60555,3.60555,2.82843,2.82843,2.82843,2.23607,2.23607,2.23607,2.23607,2.23607,2.23607,1.41421,1.41421,1.41421,1.41421,1.41421,1.41421,56.04463,57.00877,57.56735,53.45091,54.08327,47.43416,51.5461,49.98,52.39275,42.54409,45.61798,45.61798,41.23106,43.46263,43.38202,41.59327,41.62932,40.16217,34.53983,43.38202,37.21559,37.58989,40.31129,35.34119,33.24154,37.21559,34.0147,33.83785,34.20526,26.92582,32.20248,29.12044,32.01562,23.5372,23.76973,24.08319,22.2036,22.09072,18.11077,14.14214,20.0,17.02939,14.14214,11.0,7.61577,7.28011,6.08276,6.08276,5.0,5.65685,3.16228,6.32456,5.0,4.47214,2.23607,5.0,2.82843,41.7732,45.96738,55.22681,53.03772,50.80354,49.64877,52.69725,56.61272,56.30275,56.93856,57.77543,64.07808,63.06346,64.49806,62.96825,68.35203,65.19202,67.72001,67.35726,64.84597,68.96376,69.92138,67.91171,72.78049,67.68309,70.40597,69.42622,70.21396,70.0928,73.1642,72.27724,69.857,71.06335,72.42237,72.42237,70.60453,73.08215,73.08215,74.72617,73.08215,74.63243,73.73602,70.60453,81.90849,73.4983,75.27284,75.96052,77.16217,73.4983,72.03471,73.34848,71.80529,68.88396,69.12308,70.21396,67.68309,68.06614
9.21954,9.05539,9.05539,9.05539,9.05539,9.05539,8.06226,8.06226,8.06226,8.06226,8.06226,8.06226,8.06226,8.06226,7.07107,7.07107,7.07107,7.07107,7.0,7.07107,6.08276,6.08276,6.08276,6.08276,6.08276,5.09902,5.09902,5.09902,5.09902,4.47214,4.47214,4.47214,3.60555,3.60555,2.82843,2.82843,2.82843,2.82843,2.23607,2.23607,1.41421,1.41421,1.41421,1.0,1.0,1.0,1.0,1.0,1.41421,1.0,1.0,1.0,54.56189,57.38467,54.56189,55.07268,56.4358,49.39636,51.61395,51.31277,49.92995,46.61545,46.32494,47.16991,42.43819,46.2277,47.16991,46.32494,44.82187,40.60788,40.80441,42.19005,38.83298,38.07887,36.79674,36.40055,33.83785,36.89173,32.75668,35.22783,31.30495,30.52868,29.15476,26.41969,30.01666,26.41969,27.313,22.80351,23.76973,18.86796,16.76305,19.10497,15.52417,13.15295,11.40175,10.44031,7.81025,10.04988,8.544,5.83095,12.04159,6.08276,4.12311,6.40312,3.60555,3.16228,4.47214,5.0,1.0,46.52956,46.87217,50.47772,51.85557,51.66237,49.57822,52.34501,52.3259,52.34501,56.72742,58.0,57.42822,60.46487,65.21503,62.42596,62.76942,65.36819,64.84597,64.3506,63.97656,66.70832,74.73286,67.97794,69.35416,65.30697,65.74192,68.44706,65.74192,69.35416,71.11259,67.23095,67.54258,71.58911,70.38466,72.09022,69.35416,70.66116,74.24284,71.58911,71.11259,75.15318,75.17978,73.06162,75.15318,69.46222,72.09022,73.40981,72.56032,77.25283,72.61543,68.44706,70.21396,66.85058,69.46222,66.21178,66.12866,63.06346
9.05539,9.05539,9.21954,9.21954,9.21954,8.06226,8.24621,8.24621,8.24621,8.24621,8.06226,7.28011,8.24621,7.28011,7.28011,7.28011,6.32456,6.32456,7.07107,6.32456,6.08276,6.08276,6.08276,6.08276,6.08276,5.09902,5.09902,5.0,5.0,4.0,4.0,4.0,4.0,3.16228,3.16228,2.23607,2.23607,2.23607,2.23607,2.23607,1.41421,1.0,1.41421,1.0,1.0,1.0,0.0,1.0,0.0,1.0,0.0,0.0,60.30755,57.00877,58.5235,55.0,51.97115,55.21775,49.64877,52.15362,50.60632,47.01064,46.52956,46.52956,44.29447,41.59327,46.52956,42.48529,44.28318,44.77723,40.8534,39.0,38.91015,38.07887,40.8534,36.23534,35.4683,33.61547,35.22783,33.83785,33.24154,30.23243,27.78489,29.06888,30.52868,30.01666,18.02776,24.20744,23.60085,19.20937,18.43909,16.27882,15.55635,13.45362,10.77033,12.72792,10.29563,8.48528,6.40312,8.544,4.24264,5.65685,6.40312,3.0,3.0,4.24264,4.24264,3.16228,1.41421,43.41659,45.60702,42.72002,46.23851,47.53946,49.1935,47.88528,53.23533,53.25411,54.08327,55.22681,59.90826,57.68882,59.40539,63.24555,59.46427,61.6198,63.70243,63.78087,63.78087,64.66065,64.3506,64.38167,65.06919,63.03174,67.89698,62.96825,66.48308,66.48308,68.62215,63.70243,72.83543,71.42129,67.89698,68.62215,71.42129,65.19202,72.18033,71.58911,72.24957,76.05919,70.60453,75.74299,72.62231,72.47068,71.50524,75.28612,74.02702,73.66139,68.68042,73.66139,66.21933,66.48308,63.65532,66.46804,69.42622,60.0
9.48683,8.544,9.48683,8.544,8.544,8.544,8.544,8.544,7.61577,8.544,7.61577,7.61577,7.61577,7.61577,7.61577,7.61577,6.7082,6.32456,6.32456,6.32456,6.32456,6.32456,5.38516,5.38516,5.09902,5.09902,5.09902,5.09902,4.0,4.0,4.0,4.0,3.0,3.0,2.0,2.0,2.23607,2.23607,2.23607,1.41421,1.0,1.0,1.41421,0.0,0.0,0.0,0.0,0.0,0.0,0.0,0.0,0.0,53.14132,52.92447,54.78138,51.26402,52.17279,47.43416,51.41984,50.92151,48.50773,46.09772,47.43416,42.95346,45.70558,43.56604,43.41659,42.42641,42.29657,43.18565,38.47077,37.65634,39.81206,34.71311,37.48333,33.73426,33.95585,35.51056,31.40064,31.40064,32.01562,31.57531,27.51363,31.01612,29.73214,25.4951,24.18677,22.36068,19.41649,17.02939,20.0,12.04159,11.6619,11.31371,12.20656,10.77033,10.81665,5.0,4.12311,8.60233,1.0,4.47214,0.0,3.16228,4.0,2.0,2.82843,2.23607,3.60555,50.03998,51.15662,55.0,51.78803,50.35871,53.36666,54.58938,56.08921,58.5235,56.64804,58.5235,59.90826,62.96825,61.46544,62.76942,61.26989,61.77378,61.7171,62.16912,61.40033,66.18912,65.8635,60.03332,63.63175,69.77105,64.00781,66.64833,65.36819,65.51336,66.64833,62.64982,62.6099,67.97794,65.29931,66.64083,66.18912,67.97794,62.26556,70.77429,70.68239,68.8767,67.62396,65.79514,71.58911,66.70832,69.46222,70.5762,72.09022,68.54196,69.35416,71.11259,67.23095,65.74192,63.56099,66.64083,65.0,63.15853
10.44031,10.44031,10.44031,9.48683,9.48683,9.21954,9.21954,9.21954,9.21954,9.21954,9.21954,9.21954,8.24621,8.24621,8.24621,8.24621,8.06226,8.06226,7.07107,7.28011,7.28011,7.28011,7.07107,6.32456,6.32456,6.32456,6.32456,5.38516,5.38516,5.38516,4.47214,4.47214,3.60555,3.60555,3.60555,3.60555,2.82843,2.82843,2.82843,1.41421,1.41421,1.41421,1.41421,1.41421,1.41421,1.0,1.0,0.0,1.0,1.0,1.0,1.0,52.17279,51.92302,51.92302,45.22168,50.28916,45.54119,49.33559,48.38388,44.94441,46.06517,44.59821,42.72002,45.31004,41.4367,39.21734,41.18252,39.0,37.57659,40.24922,36.23534,37.12142,33.12099,34.0147,35.1141,34.78505,33.61547,32.20248,28.16026,27.65863,26.24881,26.24881,27.65863,26.4764,25.70992,18.68154,23.02173,18.11077,20.09975,18.02776,15.0,11.40175,9.05539,8.544,11.04536,10.29563,4.12311,1.0,7.2111,2.82843,0.0,4.0,1.0,3.60555,4.47214,5.0,3.16228,7.0,51.0392,52.69725,51.0,53.31041,55.15433,53.14132,55.08176,58.82176,61.13101,58.24946,62.0967,63.78871,64.03124,68.44706,65.27634,61.40033,65.37584,62.514,67.74216,66.06815,66.0303,75.05998,65.12296,67.06713,66.18912,67.18631,69.06519,67.02984,65.06919,67.26812,63.03174,70.06426,66.37017,69.35416,69.18092,67.36468,66.48308,65.76473,67.89698,72.00694,72.00694,65.62012,68.46897,73.1642,65.30697,70.34913,71.84706,69.05071,72.18033,65.49046,68.593,70.40597,65.62012,59.84146,63.78871,66.70832,59.22837
10.04988,10.0,9.0,9.0,9.0,9.0,9.0,9.05539,9.05539,8.0,8.0,8.0,8.0,8.0,8.0,8.0,8.06226,7.0,7.0,7.0,7.0,6.0,6.0,6.0,6.08276,6.0,6.0,5.09902,5.09902,5.09902,4.12311,4.12311,4.12311,3.16228,3.16228,3.16228,2.23607,2.23607,1.41421,1.41421,1.41421,1.41421,1.41421,1.41421,1.41421,1.41421,1.41421,1.0,0.0,0.0,0.0,0.0,55.80323,50.60632,52.3259,48.16638,50.32892,49.57822,46.66905,45.96738,44.82187,42.80187,43.13931,45.22168,42.2019,44.20407,44.20407,42.2019,44.40721,41.10961,39.66106,35.60899,35.0,32.75668,33.01515,33.24154,32.01562,31.241,28.84441,31.82766,29.06888,26.62705,25.4951,20.61553,22.80351,22.47221,19.41649,19.72308,20.12461,16.55295,17.46425,13.92839,9.84886,10.44031,11.04536,9.05539,8.06226,2.23607,3.60555,6.40312,3.16228,1.0,1.0,3.60555,5.0,5.0,5.0,4.47214,8.0,52.20153,50.44799,53.75872,53.07542,53.2635,54.81788,58.24946,58.60034,64.3506,59.90826,61.85467,61.91123,65.0,64.00781,67.1193,65.30697,67.1193,65.39113,67.1193,68.35203,65.55151,69.64194,69.64194,68.70953,65.0,68.54196,70.26379,64.88451,66.85058,67.23095,63.56099,67.08204,71.55418,68.42514,64.88451,67.08204,65.19202,70.3278,66.37017,67.41662,68.96376,66.61081,68.50547,67.95587,67.1193,73.4983,69.33974,68.00735,69.06519,66.88797,68.24222,66.28725,62.80127,58.00862,65.19202,61.61169,58.5235
8.94427,8.94427,8.544,8.544,8.544,8.544,8.544,7.61577,7.61577,7.61577,7.61577,7.61577,7.28011,7.28011,6.32456,7.61577,6.32456,6.32456,6.32456,6.32456,5.38516,5.38516,5.83095,5.38516,5.38516,5.83095,5.0,5.0,4.24264,4.24264,4.24264,3.60555,2.82843,2.82843,3.16228,3.16228,2.23607,2.23607,2.0,2.0,2.0,1.0,1.0,1.41421,1.41421,1.41421,1.41421,1.0,1.0,1.0,1.0,1.0,49.33559,46.32494,47.53946,48.08326,50.32892,48.33218,47.01064,44.72136,41.67733,47.41308,48.33218,44.72136,45.17743,43.04649,41.59327,42.94182,35.22783,39.44617,34.98571,36.71512,43.56604,36.23534,35.51056,31.40064,32.64966,30.41381,34.0,29.54657,29.15476,31.62278,29.54657,30.08322,23.4094,20.61553,21.37756,19.10497,14.14214,14.14214,13.0384,14.31782,14.56022,16.76305,11.18034,3.0,8.06226,7.2111,5.65685,4.24264,4.12311,5.09902,4.0,3.60555,4.24264,3.60555,4.24264,2.82843,4.24264,48.37355,51.89412,50.08992,55.54278,52.81098,53.85165,57.28001,58.24946,59.90826,58.85576,60.53098,63.63961,63.28507,65.27634,63.1981,62.20129,67.1193,67.0,67.00746,65.00769,65.12296,70.00714,67.02984,70.02857,66.0303,66.00758,65.00769,66.06815,65.00769,65.03076,62.03225,67.00746,64.07027,64.38167,69.35416,66.1211,65.27634,66.48308,63.12686,66.75328,66.91039,66.28725,68.24954,67.26812,70.03571,65.96969,66.09841,72.56721,61.39218,68.44706,63.78871,64.03124,64.53681,62.80127,61.61169,63.32456,65.52099
8.06226,8.06226,8.06226,8.24621,8.06226,8.06226,7.28011,7.28011,7.28011,7.28011,7.07107,7.28011,7.28011,7.28011,7.28011,6.32456,6.32456,6.32456,6.32456,6.32456,6.32456,6.32456,5.09902,5.09902,5.09902,5.09902,5.0,5.0,4.0,4.0,4.0,3.16228,3.16228,3.16228,2.23607,2.23607,2.82843,2.23607,1.41421,1.41421,2.23607,1.0,1.41421,1.0,1.0,1.0,1.41421,1.0,1.41421,1.41421,1.41421,1.41421,49.57822,49.92995,52.69725,52.20153,48.54894,47.43416,46.95743,45.17743,49.65884,45.27693,46.52956,44.72136,42.94182,46.8188,43.82921,41.14608,44.38468,40.70626,43.68066,39.81206,38.62642,38.94868,37.16181,38.32754,34.48188,36.76955,36.24914,33.24154,34.0147,31.76476,25.94224,27.45906,28.6531,26.41969,26.1725,23.43075,23.43075,21.26029,17.80449,17.20465,17.72005,16.15549,13.60147,11.6619,9.05539,11.18034,9.0,6.0,8.24621,6.08276,6.08276,7.2111,5.65685,1.41421,5.0,7.07107,7.07107,48.79549,48.10405,53.03772,53.90733,52.80152,54.20332,57.2014,60.60528,57.68882,61.58734,61.91123,68.09552,63.52952,66.64833,61.26989,70.21396,67.53518,68.15424,67.62396,67.53518,68.54196,68.15424,69.46222,69.07966,70.38466,68.942,67.23095,64.88451,71.11259,67.53518,66.64833,66.21178,66.24198,66.37017,73.24616,65.36819,70.72482,67.6757,67.00746,68.60029,62.80127,71.06335,67.35726,71.50524,65.43699,70.76722,69.02898,67.20863,68.0147,66.48308,62.93648,63.70243,58.79626,64.44377,63.65532,61.55485,60.1415
9.05539,9.0,8.0,9.0,8.0,8.0,8.06226,8.06226,8.06226,7.07107,8.06226,8.06226,7.07107,7.07107,7.07107,7.07107,7.07107,7.07107,6.08276,6.08276,6.08276,6.08276,6.08276,6.08276,6.0,6.08276,5.0,5.0,4.0,4.0,4.12311,4.12311,3.16228,3.16228,3.16228,2.23607,2.23607,1.41421,1.41421,1.41421,1.41421,1.41421,1.0,1.0,1.0,1.0,1.0,1.0,1.41421,1.0,1.0,1.0,58.18075,57.80138,52.20153,53.85165,48.01042,47.43416,48.25971,45.80393,43.41659,48.08326,44.68781,45.27693,44.59821,44.55334,45.96738,46.2277,41.7732,39.20459,43.13931,41.23106,40.45986,39.20459,36.23534,33.94113,35.38361,34.65545,33.24154,34.71311,34.05877,33.24154,31.14482,32.55764,27.20294,30.41381,23.70654,28.17801,25.63201,26.92582,22.80351,20.24846,17.26268,16.12452,19.0,17.26268,14.14214,12.04159,8.24621,9.84886,9.43398,8.06226,7.61577,8.544,9.21954,11.40175,11.40175,6.08276,5.38516,48.33218,46.09772,50.28916,54.12947,50.21952,55.9017,53.33854,57.42822,58.42089,58.69412,63.1981,59.21149,59.5399,66.18912,68.00735,64.00781,68.06614,64.0,68.02941,70.02857,65.00769,68.00735,65.0,69.00725,72.02777,68.11755,68.0,67.06713,67.00746,67.18631,63.12686,67.36468,65.49046,62.28965,67.36468,64.62971,61.81424,66.91039,62.58594,68.41053,68.88396,61.98387,67.44627,66.40783,64.19502,63.32456,66.7308,66.7308,68.94926,64.19502,61.09828,64.88451,59.5063,57.58472,62.24147,61.68468,61.09828
8.94427,8.94427,8.94427,8.94427,8.94427,8.94427,8.60233,8.06226,8.60233,8.60233,8.60233,8.60233,7.81025,7.81025,7.81025,7.81025,7.81025,7.81025,7.07107,6.40312,6.40312,6.40312,7.2111,6.40312,6.40312,6.40312,6.40312,5.83095,5.83095,5.83095,4.47214,4.47214,4.12311,4.12311,4.12311,4.12311,3.16228,3.0,2.0,2.0,2.0,2.0,1.0,1.0,1.0,1.0,1.0,0.0,0.0,1.0,1.0,1.0,54.40588,52.35456,48.02083,53.33854,50.08992,54.626,49.65884,50.56679,44.94441,48.10405,45.31004,45.22168,46.8188,43.68066,41.23106,42.37924,43.68066,46.48656,38.8973,40.80441,48.05206,42.44997,37.65634,38.07887,37.36308,39.56008,36.68787,33.95585,34.48188,34.36568,34.9285,33.73426,27.85678,33.12099,32.69557,29.68164,27.45906,23.60085,22.02272,24.69818,23.02173,21.26029,15.6205,15.0,14.21267,16.64332,12.20656,12.04159,17.46425,11.7047,11.04536,12.04159,10.04988,12.04159,6.0,6.40312,7.0,48.79549,48.10405,55.31727,52.00961,50.80354,53.00943,57.14018,56.4358,60.41523,61.40033,60.83584,63.52952,64.00781,68.42514,65.39113,66.64083,65.79514,69.46222,66.70832,68.42514,66.70832,74.73286,69.35416,69.857,72.61543,68.0,67.1193,69.857,68.0,69.77822,68.0,66.24198,68.0,67.23095,69.33974,72.71864,66.0303,70.43437,65.60488,67.35726,66.70832,67.35726,69.42622,69.52697,70.83784,70.00714,71.42129,68.0147,62.96825,65.06919,63.63961,66.70832,60.44005,63.41136,62.93648,59.5483,65.94695
8.94427,9.43398,8.60233,8.60233,8.60233,8.60233,8.60233,8.60233,8.60233,7.81025,8.60233,8.60233,7.81025,7.81025,7.81025,7.81025,7.81025,7.81025,7.07107,7.07107,7.07107,7.07107,7.2111,6.40312,6.40312,7.2111,6.7082,5.83095,5.83095,5.83095,5.38516,5.38516,4.47214,4.12311,5.09902,4.12311,4.0,4.0,3.0,3.0,3.0,3.0,3.0,3.16228,3.16228,2.23607,2.23607,2.23607,2.23607,2.23607,2.23607,1.41421,56.85948,44.59821,48.27007,48.83646,44.92215,50.24938,47.51842,46.04346,43.28972,45.39824,48.04165,48.09366,47.01064,43.41659,46.17359,45.01111,43.10452,43.10452,39.05125,45.01111,42.0,43.01163,40.0125,37.05401,37.48333,35.0571,39.01282,35.22783,31.57531,32.01562,31.40064,33.73426,27.65863,30.08322,26.92582,27.45906,24.18677,25.07987,29.15476,22.47221,24.18677,14.21267,18.86796,12.80625,15.0,12.72792,12.52996,12.08305,8.60233,7.2111,10.77033,7.28011,7.0,8.0,6.0,6.08276,5.0,48.37355,49.49747,51.66237,53.36666,52.49762,53.7122,52.20153,57.38467,56.46238,58.18075,61.77378,66.64833,62.26556,65.73431,65.19202,63.60031,66.61081,65.73431,64.63745,65.80274,67.80118,65.60488,66.52819,67.62396,65.0,67.47592,64.63745,67.62396,63.25346,65.60488,65.45991,65.80274,65.21503,67.6757,64.3506,63.24555,68.47627,66.24198,65.19202,64.00781,67.53518,61.7414,69.35416,65.79514,65.79514,67.08204,70.23532,63.07139,67.1193,67.97794,65.30697,64.84597,62.16912,61.77378,58.87274,66.21178,56.36488
8.544,8.24621,8.24621,8.24621,8.24621,7.28011,8.06226,8.06226,8.06226,8.06226,7.07107,7.07107,7.07107,7.07107,7.07107,7.07107,7.07107,7.07107,7.0,6.08276,6.0,6.08276,6.08276,6.08276,6.08276,6.08276,5.38516,5.09902,5.38516,5.38516,4.47214,4.47214,4.47214,3.60555,3.60555,4.24264,3.60555,2.82843,2.82843,2.82843,2.23607,2.23607,2.23607,2.23607,2.0,2.0,2.0,2.0,1.0,2.0,1.41421,2.0,49.76947,51.86521,50.28916,45.22168,47.07441,46.57252,47.85394,45.39824,47.85394,43.56604,45.27693,43.10452,43.10452,45.17743,42.42641,43.18565,42.19005,43.01163,41.0,43.10452,40.0,39.11521,41.0,39.0,38.01316,40.0,37.21559,37.21559,35.22783,32.24903,33.37664,31.57531,31.7805,30.80584,27.89265,30.46309,25.29822,26.57066,22.47221,21.9545,20.0,19.41649,19.72308,17.20465,15.0,15.55635,12.20656,12.04159,9.43398,8.94427,8.544,9.48683,7.2111,7.07107,5.0,6.08276,6.08276,47.12749,46.84015,51.86521,51.26402,52.92447,51.88449,54.58938,56.82429,57.80138,59.90826,61.03278,59.07622,62.20129,62.20129,61.22091,63.89053,64.53681,63.25346,63.12686,65.29931,65.29931,66.70832,70.76722,65.76473,67.17887,67.20863,62.93648,62.93648,65.8559,67.35726,64.53681,63.12686,64.66065,65.80274,66.4003,63.00794,67.42403,64.40497,68.24222,65.19202,65.45991,66.88797,66.7308,68.09552,63.63175,64.40497,66.18912,66.18912,65.74192,66.18912,67.60178,63.52952,60.90156,60.82763,63.95311,58.18075,59.9333
7.61577,7.61577,8.06226,7.61577,8.06226,7.2111,7.2111,7.2111,7.2111,7.2111,7.2111,7.2111,7.2111,7.2111,7.2111,6.40312,6.40312,6.40312,6.40312,6.40312,6.40312,6.40312,6.40312,6.40312,5.83095,5.83095,5.83095,5.83095,5.38516,4.47214,4.12311,4.12311,4.12311,4.12311,3.0,3.0,3.0,3.0,3.0,2.23607,2.23607,2.23607,2.23607,1.41421,1.41421,1.41421,1.41421,1.41421,1.41421,1.41421,1.0,1.0,53.36666,51.5461,51.86521,46.61545,44.77723,46.09772,45.17743,45.61798,46.32494,45.27693,46.04346,44.65423,45.80393,43.56604,40.81666,43.60046,41.88078,39.40812,38.60052,40.80441,41.03657,37.80212,38.83298,39.05125,39.11521,39.20459,36.61967,36.61967,36.89173,35.0,34.1321,32.75668,31.30495,31.38471,27.73085,28.16026,27.20294,26.68333,26.4764,20.88061,19.10497,20.02498,17.02939,18.11077,15.29706,12.04159,12.16553,11.18034,9.0,6.7082,9.21954,7.2111,7.07107,6.7082,5.65685,3.16228,2.82843,48.50773,48.83646,50.63596,53.93515,54.33231,56.0357,55.00909,58.00862,59.00847,62.1289,62.1289,62.39391,63.3877,63.63961,63.63961,64.93843,68.46897,66.28725,64.93843,66.09841,70.71068,68.88396,67.46851,73.5459,69.42622,68.24954,66.28725,68.24954,65.11528,68.73136,65.62012,67.74216,65.27634,65.37584,66.37017,63.12686,68.06614,69.02898,66.18912,66.00758,65.0,66.1211,68.593,68.18358,67.18631,66.1211,65.19202,68.88396,64.38167,65.19202,67.18631,67.26812,62.80127,62.64982,62.28965,58.30952,58.69412
9.0,9.05539,8.06226,9.05539,8.06226,8.24621,8.24621,8.24621,8.24621,8.24621,8.24621,8.24621,7.28011,7.28011,7.28011,7.28011,8.24621,7.28011,7.28011,7.28011,7.28011,7.28011,7.28011,7.28011,7.07107,7.07107,7.07107,6.0,6.0,6.0,6.0,5.09902,5.09902,5.09902,5.09902,5.09902,4.47214,4.47214,3.60555,3.60555,3.60555,3.60555,2.82843,2.82843,2.82843,2.82843,2.82843,2.23607,2.23607,2.23607,1.41421,1.41421,51.73973,45.27693,41.23106,43.41659,46.14109,39.82462,41.04875,38.47077,41.62932,38.62642,37.16181,40.26164,37.64306,40.31129,44.38468,37.64306,42.95346,41.10961,38.8973,35.17101,39.20459,39.81206,38.27532,34.48188,38.27532,39.56008,36.49658,32.57299,36.40055,30.80584,31.62278,32.31099,34.66987,28.30194,33.61547,26.40076,32.01562,28.3196,19.20937,20.24846,23.02173,21.0238,14.76482,16.15549,16.76305,13.41641,13.60147,15.0,9.84886,9.84886,8.94427,9.0,6.08276,5.83095,8.544,6.32456,4.47214,52.63079,55.15433,55.22681,50.24938,55.15433,53.90733,56.30275,60.80296,61.61169,61.40033,62.43397,64.40497,67.1193,66.37017,65.0,67.62396,62.64982,70.21396,71.11259,68.02941,67.53518,72.09022,69.46222,66.70832,67.08204,67.54258,62.64982,66.18912,69.35416,64.88451,65.36819,65.36819,68.96376,67.74216,63.28507,70.23532,70.49113,66.57327,64.63745,68.00735,62.62587,69.02898,65.43699,65.60488,64.66065,68.76772,71.42129,66.52819,66.52819,72.62231,61.07373,65.11528,63.70243,65.29931,59.39697,54.6443,63.03174
8.60233,8.60233,8.06226,8.06226,8.06226,8.06226,7.61577,7.61577,7.61577,7.61577,7.61577,7.61577,7.28011,7.28011,7.28011,7.28011,7.28011,7.28011,7.28011,7.28011,7.28011,7.28011,7.61577,7.28011,6.32456,7.61577,6.7082,6.7082,6.7082,5.83095,5.83095,5.0,5.0,5.0,4.24264,4.24264,4.24264,3.60555,2.82843,2.82843,2.23607,2.23607,2.23607,2.23607,2.23607,2.23607,1.0,1.0,1.0,1.0,1.0,1.0,49.67897,48.16638,48.9183,45.25483,48.10405,44.59821,43.27817,43.41659,42.72002,40.22437,39.96248,40.24922,38.94868,43.38202,39.35734,42.72002,40.71855,43.65776,39.56008,39.39543,39.81206,40.71855,36.40055,38.07887,37.69615,35.4683,35.77709,38.27532,36.40055,36.24914,37.58989,36.71512,33.54102,32.24903,34.4093,30.0,28.28427,24.75884,24.20744,28.01785,24.41311,23.32381,21.09502,19.41649,18.02776,16.49242,15.52417,13.60147,14.31782,11.40175,8.0,12.04159,6.08276,9.0,5.0,8.24621,5.83095,47.88528,50.21952,49.0408,51.73973,51.73973,52.34501,53.07542,55.97321,60.44005,59.5483,58.25805,60.44005,67.20119,64.63745,65.73431,63.95311,68.88396,65.36819,64.49806,65.74192,66.18912,71.69379,66.21178,68.42514,68.44706,66.64083,70.21396,67.23095,63.95311,67.97794,67.08204,64.40497,65.74192,69.35416,68.88396,69.35416,66.7308,65.51336,66.03787,67.6757,68.7968,67.41662,64.89992,68.8186,66.85058,66.61081,66.61081,67.6757,69.06519,66.85058,64.07027,66.4003,66.57327,60.21628,60.60528,62.20129,58.82176
9.05539,9.0,9.0,9.0,8.06226,8.06226,8.06226,8.06226,8.06226,8.24621,8.06226,8.24621,8.24621,8.24621,7.28011,7.28011,7.28011,7.28011,7.61577,7.61577,7.28011,7.28011,7.28011,7.28011,7.28011,7.28011,7.07107,7.07107,7.07107,7.07107,7.07107,7.0,6.0,6.0,5.0,5.0,4.12311,5.09902,4.12311,4.12311,3.16228,3.16228,3.16228,3.16228,2.23607,2.23607,2.23607,2.23607,2.23607,2.23607,1.41421,1.41421,50.24938,50.56679,42.2019,43.41659,44.41846,45.48626,39.69887,41.72529,40.31129,39.40812,36.12478,42.52058,36.76955,36.61967,35.22783,36.23534,40.22437,37.21559,38.01316,39.40812,36.12478,36.05551,35.51056,33.28663,34.20526,37.80212,35.60899,37.21559,35.51056,38.28838,37.53665,41.86884,33.97058,33.42155,31.89044,28.6007,28.84441,29.06888,31.62278,27.78489,23.5372,23.4094,25.94224,21.54066,20.12461,23.08679,21.58703,20.61553,15.13275,15.0,14.03567,11.04536,13.0384,9.05539,11.40175,10.44031,12.52996,46.2277,44.55334,48.83646,48.79549,49.51767,52.63079,53.82379,53.60037,60.46487,54.6443,61.85467,62.76942,64.49806,66.24198,63.06346,65.0,65.39113,66.70832,67.1193,67.6757,65.55151,68.30813,67.05222,67.41662,70.2282,71.86793,68.35203,69.28925,68.00735,71.30919,66.76077,71.86793,66.12866,68.70953,65.55151,68.35203,69.857,68.96376,69.11584,73.34848,71.55418,68.96376,68.8767,69.35416,62.26556,72.47068,69.35416,68.44706,69.35416,68.42514,68.96376,70.71068,66.24198,67.53518,66.64833,64.88451,56.4358
9.43398,8.94427,8.94427,8.94427,8.94427,8.94427,8.544,8.544,8.544,8.544,8.544,8.544,8.544,8.544,7.28011,8.24621,8.24621,8.24621,8.24621,7.28011,7.28011,8.24621,7.28011,7.28011,7.61577,7.61577,7.61577,7.61577,6.7082,7.61577,6.7082,6.7082,6.40312,6.40312,6.40312,6.40312,5.65685,5.0,5.0,4.24264,4.24264,4.24264,3.60555,3.60555,3.60555,3.60555,3.60555,3.16228,2.23607,2.23607,2.23607,2.23607,56.32051,60.82763,51.47815,46.69047,48.27007,45.88028,45.70558,46.09772,48.38388,48.75449,41.78516,39.39543,43.32436,39.35734,41.59327,40.71855,42.48529,39.39543,42.05948,41.18252,40.81666,39.81206,39.96248,40.49691,41.34005,39.11521,35.80503,40.31129,37.12142,36.23534,34.9285,39.81206,36.40055,36.40055,34.17601,38.11824,34.9285,35.69314,33.54102,29.15476,27.29469,30.06659,26.30589,22.36068,19.64688,18.43909,15.81139,19.64688,14.56022,17.88854,14.42221,11.18034,15.23155,12.04159,15.81139,12.20656,12.52996,47.42362,40.45986,44.20407,43.04649,50.77401,50.08992,50.53712,53.66563,54.12947,59.03389,59.80803,60.08328,63.60031,63.06346,62.29767,62.58594,66.28725,64.32729,70.83078,65.9242,71.19691,70.40597,67.89698,70.34913,71.02816,68.02941,67.1193,66.18912,68.02941,69.87131,69.26038,72.11103,67.26812,69.58448,70.25667,67.74216,65.27634,67.74216,69.58448,73.43705,73.97973,76.29548,70.21396,70.85901,71.19691,73.37575,73.75636,76.29548,76.48529,71.56815,76.53104,72.24957,70.11419,70.34913,72.44308,67.47592,63.1981
10.19804,9.21954,9.21954,9.21954,8.24621,8.24621,8.544,8.544,8.544,8.544,8.544,8.544,7.61577,7.61577,7.61577,8.06226,8.06226,8.06226,8.06226,8.06226,8.06226,8.06226,7.61577,7.61577,7.61577,7.61577,7.61577,7.28011,7.28011,7.28011,7.07107,6.32456,6.08276,6.08276,6.08276,6.0,6.0,5.0,5.0,5.0,5.09902,4.12311,4.12311,4.12311,4.12311,3.16228,3.16228,3.16228,3.16228,3.16228,2.23607,2.23607,47.43416,56.0357,55.4617,53.22593,55.15433,48.46648,50.15974,46.61545,44.94441,45.88028,42.2019,45.70558,44.27189,41.0,40.02499,43.28972,39.45884,39.62323,38.63936,45.39824,42.0,38.47077,42.42641,42.57934,39.31921,38.63936,45.17743,38.20995,33.73426,41.7732,39.45884,37.85499,36.67424,37.16181,37.85499,33.24154,35.8469,29.52965,33.01515,33.24154,28.84441,29.15476,23.43075,27.01851,21.26029,24.41311,20.51828,18.60108,17.69181,17.69181,17.20465,13.60147,11.18034,9.89949,13.45362,8.48528,10.19804,37.33631,39.45884,41.19466,44.04543,45.27693,47.16991,48.37355,49.24429,47.29693,51.41984,55.54278,55.7853,57.72348,52.55473,58.18935,61.68468,58.18075,62.16912,60.41523,60.82763,61.29437,66.24198,63.13478,60.41523,65.76473,64.14047,65.0,64.49806,67.41662,69.33974,61.77378,70.49113,68.7968,64.88451,69.06519,60.41523,67.53518,67.62396,64.41273,70.21396,68.8767,72.00694,71.58911,71.55418,70.71068,66.18912,67.1193,70.21396,71.19691,73.82412,68.8767,67.74216,72.47068,68.47627,66.57327,68.60029,67.41662
10.0,9.21954,9.21954,9.21954,9.21954,8.48528,8.48528,8.48528,8.48528,7.81025,7.81025,8.60233,7.81025,7.81025,7.81025,8.60233,8.60233,7.81025,7.81025,7.81025,7.81025,7.81025,7.81025,7.81025,7.81025,7.81025,7.81025,7.07107,7.81025,7.07107,6.40312,6.40312,6.40312,5.83095,5.83095,5.0,4.47214,4.47214,4.47214,4.12311,4.12311,4.12311,3.16228,3.16228,3.16228,3.16228,3.16228,3.0,2.0,2.0,2.0,2.0,64.49806,60.82763,58.30952,52.46904,53.15073,50.15974,56.14268,46.01087,48.01042,40.1995,44.01136,48.04165,45.27693,51.08816,48.01042,47.04253,48.37355,45.27693,43.41659,48.27007,43.41659,48.37355,46.09772,43.93177,47.51842,46.38965,45.17743,43.41659,49.0,41.01219,43.01163,41.01219,46.01087,42.10701,40.0125,42.42641,37.12142,36.22154,38.20995,29.83287,31.40064,22.13594,27.89265,27.313,22.84732,24.04163,18.78829,21.18962,19.20937,14.42221,18.35756,17.49286,13.89244,16.97056,15.26434,12.20656,9.21954,38.01316,37.80212,41.18252,40.81666,46.14109,42.15448,44.01136,45.69464,45.22168,54.08327,54.34151,52.7731,55.57877,55.9017,56.22277,60.13319,55.3263,64.00781,60.20797,64.19502,65.0,63.00794,67.0,65.03076,63.28507,64.12488,63.3877,58.13777,70.17834,63.3877,65.37584,63.3877,62.39391,65.19202,69.06519,62.03225,65.12296,71.11259,68.00735,66.1211,65.12296,72.06247,68.06614,71.0,67.26812,70.02857,71.06335,69.72087,73.10951,73.33485,69.2315,69.72087,65.9242,69.58448,72.99315,66.61081,71.56815
9.43398,9.43398,8.94427,8.94427,8.94427,8.06226,7.61577,7.61577,7.61577,7.61577,7.61577,8.544,7.61577,7.28011,7.28011,7.28011,7.28011,7.28011,7.28011,7.28011,7.28011,7.28011,7.28011,7.28011,7.61577,7.61577,7.61577,6.7082,6.7082,6.7082,7.2111,6.40312,5.83095,5.83095,5.65685,5.65685,5.65685,5.0,4.24264,4.24264,3.60555,3.60555,3.60555,3.60555,3.16228,3.16228,3.16228,3.16228,2.23607,2.23607,2.23607,2.0,60.44005,55.31727,53.45091,58.82176,55.02727,50.28916,49.33559,50.32892,47.16991,49.76947,47.92703,50.56679,52.7731,43.909,45.18849,47.88528,48.54894,43.26662,43.04649,44.72136,43.26662,48.30114,43.909,40.81666,44.94441,41.88078,44.41846,44.28318,39.35734,42.19005,44.38468,41.62932,40.24922,38.48376,40.16217,34.48188,33.24154,38.60052,32.98485,33.24154,32.01562,32.06244,27.0,23.02173,25.07987,25.01999,23.02173,18.11077,18.02776,16.49242,14.03567,17.02939,14.0,13.15295,9.48683,17.08801,13.0384,41.62932,38.41875,39.11521,45.0,43.41659,46.66905,48.08326,49.57822,50.93133,54.81788,51.22499,57.00877,54.70832,58.30952,59.68249,60.41523,60.83584,59.09315,61.7171,60.16644,60.16644,61.46544,64.19502,66.40783,63.32456,65.78754,64.56005,65.0,64.7611,65.73431,63.06346,63.32456,65.78754,68.00735,61.84658,62.93648,65.52099,70.21396,62.96825,69.26038,62.0967,65.45991,68.62215,69.57011,68.35203,72.03471,71.47027,74.33034,74.04053,66.21933,69.92138,75.43209,74.72617,65.51336,70.34202,66.4906,66.70832
10.04988,10.0,10.0,10.0,9.0,9.0,9.05539,9.05539,9.05539,9.05539,9.05539,9.05539,9.05539,9.05539,9.05539,9.21954,9.21954,8.24621,9.21954,9.21954,9.21954,9.21954,8.06226,8.24621,8.06226,8.06226,8.06226,8.06226,8.0,7.0,8.0,7.0,7.07107,7.07107,6.08276,6.08276,5.09902,5.09902,5.09902,5.09902,4.12311,4.12311,4.12311,3.16228,3.16228,3.16228,3.16228,3.16228,3.16228,3.16228,2.23607,2.23607,57.2014,56.40035,54.81788,54.81788,53.0,47.80167,49.0408,42.44997,46.75468,48.83646,46.66905,45.96738,45.96738,45.27693,43.84062,45.27693,44.04543,44.68781,43.93177,41.40048,45.60702,44.59821,42.43819,42.80187,42.0119,44.40721,42.44997,43.13931,41.7732,43.13931,43.13931,43.41659,39.82462,39.69887,39.66106,39.69887,39.82462,34.98571,31.90611,29.96665,30.8707,30.41381,25.63201,30.08322,24.16609,19.31321,22.09072,20.61553,14.56022,15.0333,15.52417,14.31782,12.52996,12.0,14.14214,12.04159,11.0,39.31921,43.01163,44.04543,48.04165,44.10215,48.6621,52.61179,48.08326,51.86521,55.02727,57.27128,55.47071,56.46238,60.53924,60.53924,59.64059,65.19202,62.68174,67.95587,64.07027,62.00806,64.40497,66.52819,65.29931,67.17887,65.06919,63.63961,66.46804,66.52819,67.26812,64.38167,67.88225,70.00714,67.88225,65.06919,64.38167,70.00714,72.12489,68.593,67.89698,70.0928,66.46804,73.66139,72.86288,72.83543,73.75636,69.31089,73.66139,72.86288,72.83543,71.50524,72.91776,67.62396,66.21933,69.02898,67.47592,65.8559
10.04988,10.0,10.0,9.0,9.0,9.0,9.0,9.05539,9.05539,9.05539,9.05539,9.05539,8.06226,8.06226,8.06226,9.21954,8.24621,9.21954,8.24621,8.06226,8.06226,8.06226,8.24621,8.24621,8.06226,8.06226,8.06226,8.0,7.0,8.0,7.0,7.0,7.07107,7.07107,7.07107,6.08276,6.08276,5.09902,5.09902,5.38516,5.38516,4.47214,4.12311,4.47214,4.47214,3.60555,3.60555,3.16228,3.60555,2.82843,2.82843,2.82843,56.61272,60.03332,57.14018,52.00961,57.2014,45.45327,53.00943,48.01042,45.0,48.9183,45.96738,46.01087,47.63402,46.8615,43.13931,40.0,45.25483,43.84062,44.20407,45.60702,42.43819,46.09772,41.86884,42.52058,42.0119,40.80441,45.80393,44.20407,39.62323,41.6173,38.20995,43.86342,41.01219,37.53665,39.69887,33.83785,32.64966,34.66987,34.4093,28.84441,34.48188,27.29469,25.4951,23.32381,24.16609,21.93171,19.41649,20.24846,18.97367,19.23538,13.0384,15.23155,12.0,11.40175,7.07107,12.16553,12.0,41.01219,39.01282,40.11234,39.62323,44.64303,45.88028,44.14748,47.43416,50.32892,49.24429,55.00909,55.22681,54.70832,56.30275,56.0357,62.00806,59.5483,60.80296,60.1415,63.12686,64.53681,65.19202,62.24147,66.52819,67.62396,65.19202,63.03174,65.43699,64.66065,61.22091,65.29931,65.19202,64.3506,68.68042,65.94695,68.11755,72.91776,70.17834,66.4003,68.24954,68.68042,72.86288,69.6563,72.47068,66.21933,74.65253,73.87828,72.86288,69.6563,73.60027,70.21396,71.84706,65.80274,68.8186,72.40166,68.26419,67.20119
10.81665,10.29563,10.29563,10.29563,10.29563,10.29563,9.84886,9.84886,9.84886,8.94427,9.84886,9.48683,9.48683,8.544,8.544,9.48683,9.48683,9.48683,8.544,8.544,8.544,8.544,8.544,8.544,8.544,8.544,8.544,8.94427,8.06226,8.94427,8.06226,8.06226,7.2111,7.2111,7.2111,6.40312,6.40312,5.65685,5.65685,5.65685,5.65685,5.65685,5.0,4.24264,4.24264,4.24264,3.60555,3.60555,3.60555,3.60555,2.82843,2.23607,60.41523,68.24954,58.46366,56.88585,58.5235,52.49762,54.70832,45.88028,54.08327,48.70318,50.59644,48.8467,48.75449,50.9902,46.51881,45.17743,46.14109,47.20169,46.64762,46.61545,47.70744,44.40721,44.40721,44.94441,46.04346,42.72002,46.04346,44.65423,43.82921,46.64762,43.56604,41.67733,43.46263,41.18252,41.59327,39.21734,44.01136,40.8534,35.44009,32.98485,30.41381,33.24154,29.01724,30.01666,25.07987,24.08319,21.09502,22.02272,19.0263,19.0263,16.03122,16.03122,13.0384,16.03122,14.14214,11.40175,10.77033,31.40064,35.22783,37.53665,37.48333,41.7732,40.60788,44.65423,49.09175,49.64877,50.77401,49.24429,52.69725,50.60632,58.60034,52.3259,57.27128,58.87274,58.69412,59.09315,61.13101,57.58472,62.8172,59.20304,59.90826,65.25335,58.94065,62.36986,59.66574,68.41053,65.0,64.93843,67.46851,67.91171,65.96969,68.24954,62.8172,66.76077,68.00735,66.21933,68.88396,66.48308,64.51356,74.63243,73.68175,74.0,79.05694,70.88018,74.2159,75.96052,73.4983,73.37575,73.38937,64.7611,75.18643,69.857,68.88396,70.0928
10.44031,10.19804,9.21954,9.21954,9.21954,9.21954,9.05539,9.05539,9.05539,9.05539,9.05539,9.0,8.06226,8.0,8.0,9.0,9.0,9.0,8.0,8.0,8.0,8.0,9.0,8.0,8.0,9.0,8.0,8.06226,8.06226,8.06226,7.28011,7.28011,7.28011,6.32456,6.32456,6.32456,5.38516,5.38516,4.47214,4.47214,4.47214,4.47214,3.60555,3.60555,3.60555,2.82843,2.82843,2.82843,2.82843,2.23607,2.23607,2.23607,61.68468,60.16644,58.87274,58.13777,59.5399,53.85165,57.3062,58.18075,49.64877,46.14109,49.24429,50.60632,53.0,48.54894,51.62364,48.27007,50.44799,45.22168,47.42362,49.51767,47.50789,50.20956,46.69047,49.51767,44.55334,43.84062,49.51767,47.50789,46.01087,50.9902,41.40048,48.10405,40.80441,43.82921,43.60046,39.66106,36.89173,41.67733,36.67424,38.47077,34.88553,33.54102,34.53983,28.79236,30.67572,27.78489,25.29822,19.23538,22.56103,21.0238,14.31782,14.86607,16.03122,14.56022,14.0,10.19804,10.19804,33.97058,37.64306,36.23534,39.69887,41.10961,38.01316,42.0119,46.04346,47.50789,45.65085,45.65085,49.64877,48.10405,54.56189,52.20153,53.31041,57.24509,53.48832,56.64804,57.27128,53.93515,59.20304,56.61272,59.66574,56.75385,58.24946,56.08921,59.90826,57.28001,62.36986,58.24088,62.0967,63.78871,58.18935,63.32456,63.89053,60.44005,62.36185,63.90618,64.84597,64.19502,65.0,69.64194,73.1642,67.62396,71.11259,67.77905,65.39113,72.09022,70.2282,70.2282,69.46222,71.16881,66.09841,68.68042,70.5762,59.80803
9.21954,9.21954,9.21954,9.21954,9.05539,8.06226,8.06226,8.0,9.05539,9.0,8.06226,8.0,8.0,8.0,8.0,8.0,8.0,8.0,8.06226,8.06226,8.06226,8.06226,8.0,8.0,8.0,8.0,8.0,8.0,8.06226,7.07107,7.07107,7.07107,7.07107,7.07107,6.32456,6.32456,5.83095,5.83095,5.83095,5.83095,5.0,5.0,5.0,4.24264,3.60555,2.82843,2.82843,2.82843,2.82843,2.82843,2.23607,2.23607,64.49806,60.46487,54.91812,54.58938,52.20153,56.0357,49.51767,52.00961,53.03772,46.69047,51.73973,49.57822,50.9902,49.51767,46.40043,47.50789,49.20366,45.80393,46.61545,51.08816,49.20366,45.60702,46.87217,48.41487,44.41846,46.2277,49.81967,47.16991,48.25971,49.0408,48.16638,48.27007,44.20407,44.68781,42.44997,43.86342,43.13931,41.72529,38.41875,40.49691,32.44996,35.51056,33.61547,31.90611,30.01666,27.51363,25.96151,22.82542,26.0,25.31798,17.08801,22.2036,18.24829,18.68154,17.46425,14.14214,8.06226,37.57659,36.67424,37.73592,41.88078,41.88078,41.40048,45.27693,45.25483,49.51767,48.79549,54.56189,47.63402,53.07542,49.67897,54.67175,53.53504,54.58938,56.93856,58.83026,55.56978,58.66856,63.13478,57.24509,56.82429,59.5399,63.95311,60.83584,62.64982,58.18075,57.77543,58.18075,64.41273,61.26989,59.03389,61.26989,62.64982,66.37017,63.81222,61.58734,65.45991,61.03278,66.24198,67.23095,69.64194,66.88797,64.89992,73.06162,67.74216,70.72482,73.57309,64.40497,71.86793,72.11103,63.13478,66.03787,71.34424,70.72482
9.89949,10.63015,9.89949,10.63015,10.63015,9.21954,9.43398,9.43398,9.43398,9.43398,9.43398,9.43398,9.43398,9.43398,8.94427,8.94427,8.94427,8.94427,8.94427,8.94427,8.94427,8.94427,8.94427,8.94427,9.43398,8.94427,8.94427,9.43398,9.43398,8.06226,8.60233,8.60233,8.60233,7.81025,7.81025,7.81025,7.07107,6.40312,6.40312,6.40312,5.65685,5.0,5.0,5.0,5.0,5.0,3.60555,3.60555,3.60555,3.60555,3.60555,3.16228,58.69412,57.14018,64.00781,56.0803,52.0,51.0,52.00961,56.08921,48.25971,47.09565,49.49747,44.28318,50.24938,49.24429,43.68066,50.28916,52.63079,46.17359,48.38388,45.60702,48.38388,48.38388,44.28318,49.0408,48.70318,51.86521,46.61545,51.0,47.92703,41.78516,44.01136,48.70318,44.94441,47.80167,41.78516,48.50773,41.7732,40.4475,46.27094,33.06055,30.01666,33.01515,37.01351,34.05877,32.14032,26.30589,26.4764,28.63564,21.84033,20.39608,20.24846,20.61553,17.88854,21.54066,18.02776,14.76482,13.41641,39.11521,39.35734,42.15448,39.56008,41.78516,46.57252,45.12206,49.64877,50.01,49.81967,54.33231,56.0803,54.03702,55.44367,61.0082,56.4358,56.00893,59.4138,58.00862,61.81424,62.16912,62.96825,61.66036,64.49806,61.0,61.98387,66.61081,58.69412,61.18823,61.0,61.0,64.93843,63.28507,64.77654,65.9242,64.38167,63.1981,62.07254,66.00758,69.26038,67.06713,64.12488,66.06815,72.1734,72.02777,72.1734,72.0,69.06519,73.10951,71.11259,72.02777,70.02857,70.02857,65.37584,71.11259,72.02777,65.0
11.04536,10.04988,10.04988,10.04988,10.19804,10.04988,9.21954,9.21954,9.21954,9.21954,9.21954,9.48683,8.544,9.48683,8.544,9.48683,9.48683,9.48683,8.94427,8.94427,8.94427,8.94427,9.48683,8.544,9.48683,9.48683,9.48683,9.48683,9.21954,9.21954,8.24621,8.24621,8.06226,8.06226,8.06226,8.0,7.0,7.0,6.08276,6.08276,6.08276,5.09902,5.09902,5.09902,5.09902,4.12311,4.12311,4.12311,4.12311,3.16228,3.60555,3.16228,61.6198,50.24938,57.38467,59.20304,50.21952,53.60037,50.24938,53.25411,45.79301,45.65085,46.61545,49.0408,46.23851,45.69464,47.43416,49.98,50.9902,44.94441,47.43416,48.05206,46.69047,45.12206,48.08326,44.59821,45.60702,40.16217,43.93177,46.48656,46.84015,49.0306,45.88028,46.69047,44.01136,45.69464,40.8534,41.34005,40.81666,40.70626,40.31129,36.76955,36.23534,40.0,32.44996,33.24154,27.45906,25.4951,26.1725,24.41311,22.2036,22.67157,21.40093,19.84943,17.69181,14.21267,16.64332,15.0,12.20656,40.1995,41.7732,39.62323,43.41659,42.37924,46.51881,47.16991,50.69517,51.97115,49.64877,56.0803,53.25411,59.40539,56.22277,60.959,53.41348,58.79626,60.30755,63.78087,60.82763,63.03174,60.82763,60.82763,60.10824,61.07373,58.72819,59.46427,62.24147,59.81639,64.38167,61.52235,66.06815,65.06919,63.65532,62.28965,65.76473,65.19202,61.52235,63.70243,65.94695,67.35726,66.6033,68.60029,64.03124,70.93659,72.94518,67.20119,73.00685,69.42622,68.76772,75.74299,69.2026,66.4003,66.8431,68.62215,72.18033,65.05382
9.48683,9.48683,8.24621,9.21954,8.24621,8.24621,9.05539,8.06226,8.06226,8.06226,9.05539,8.0,8.0,8.0,8.0,8.06226,8.06226,8.06226,8.06226,8.06226,8.0,8.06226,8.06226,9.0,8.0,9.0,9.0,8.0,8.06226,8.06226,8.06226,8.06226,8.06226,7.28011,7.28011,7.28011,7.61577,6.7082,5.83095,5.83095,5.83095,5.83095,5.0,5.0,4.47214,3.60555,4.24264,3.60555,2.82843,2.82843,2.82843,2.82843,55.97321,50.0,54.81788,50.9902,48.83646,48.27007,46.52956,47.38143,44.28318,45.04442,44.0,46.09772,47.16991,40.11234,42.10701,47.09565,42.19005,41.4367,45.54119,45.12206,48.27007,47.53946,48.50773,43.68066,44.38468,43.68066,45.89118,45.89118,44.91102,47.85394,46.69047,47.85394,42.29657,46.52956,45.39824,46.09772,42.10701,41.04875,39.01282,39.05125,37.12142,36.87818,34.20526,28.79236,31.62278,28.79236,28.23119,25.29822,25.94224,19.69772,21.09502,18.97367,17.49286,17.20465,15.0,14.14214,12.80625,43.04649,41.04875,44.18144,47.09565,45.54119,52.95281,47.07441,54.12024,53.16014,53.48832,56.36488,55.4617,58.69412,60.82763,65.29931,58.30952,63.13478,59.68249,64.14047,63.51378,64.3506,61.58734,61.29437,64.03124,62.80127,65.0,65.43699,69.40461,64.40497,63.81222,62.68174,64.63745,61.40033,60.53924,64.00781,65.74192,63.63175,64.00781,61.91123,64.00781,67.97794,65.9242,66.85058,66.21178,64.07808,65.9242,67.77905,64.84597,68.94926,64.62198,63.56099,65.9242,66.21178,60.74537,63.56099,65.78754,59.77458
8.60233,7.2111,7.2111,7.2111,7.2111,6.7082,6.7082,7.61577,7.28011,7.28011,7.28011,7.28011,7.28011,7.28011,7.07107,7.07107,7.07107,8.06226,7.07107,7.07107,7.07107,7.07107,8.06226,7.07107,7.07107,7.07107,7.07107,7.28011,7.28011,7.28011,6.7082,6.32456,6.7082,5.83095,5.83095,5.83095,5.0,5.0,4.24264,4.24264,4.24264,4.24264,3.60555,2.82843,2.82843,3.16228,2.23607,2.23607,2.23607,2.0,2.0,2.0,55.80323,49.20366,46.09772,46.01087,48.83646,41.72529,45.25483,42.63801,41.40048,42.19005,42.54409,39.35734,40.24922,41.14608,39.39543,41.4367,39.84972,38.07887,38.62642,40.80441,44.27189,41.97618,40.26164,42.44997,40.5216,42.44997,43.41659,43.9659,43.41659,44.64303,42.05948,41.48494,43.46263,40.71855,44.77723,41.67733,37.58989,37.73592,35.8469,35.51056,34.05877,33.24154,32.55764,30.41381,27.58623,25.80698,22.02272,23.85372,18.02776,19.72308,17.46425,15.81139,14.86607,14.86607,15.23155,14.14214,12.36932,41.72529,41.7732,45.45327,47.01064,50.21952,48.25971,51.0392,53.53504,56.0803,54.20332,58.30952,59.09315,60.41523,62.62587,62.29767,62.62587,62.96825,62.93648,61.68468,65.78754,64.62198,66.7308,65.14599,66.94027,66.21933,64.56005,65.25335,66.21933,65.96969,64.28841,65.45991,66.09841,61.84658,63.15853,63.32456,63.56099,63.97656,64.88451,64.41273,64.84597,62.64982,67.74216,66.24198,69.35416,64.14047,65.60488,66.61081,63.41136,63.81222,67.6757,64.66065,63.24555,61.29437,62.42596,60.90156,58.30952,60.21628
8.544,8.544,8.24621,8.24621,8.24621,8.06226,8.06226,8.0,8.0,8.0,8.0,8.0,8.0,8.0,8.06226,8.06226,8.06226,8.06226,8.06226,8.06226,8.06226,8.06226,8.06226,8.06226,8.06226,8.06226,8.06226,8.0,8.0,8.0,8.0,8.0,7.0,7.07107,7.07107,7.07107,6.32456,6.32456,6.32456,6.32456,5.38516,5.38516,4.47214,4.47214,4.47214,4.47214,4.47214,3.60555,3.60555,3.60555,2.82843,2.82843,48.41487,52.69725,47.70744,45.79301,45.65085,45.69464,45.31004,41.78516,42.37924,44.92215,41.76123,43.73786,43.56604,40.4475,43.10452,42.10701,44.04543,44.0,41.01219,47.16991,45.17743,45.04442,42.04759,43.10452,41.01219,44.01136,42.04759,44.01136,44.0,43.18565,47.01064,44.01136,44.04543,43.10452,44.10215,41.0,38.32754,38.60052,38.60052,37.64306,37.36308,33.83785,32.20248,32.31099,27.29469,27.78489,27.29469,25.23886,22.67157,22.80351,21.93171,20.51828,19.10497,19.41649,15.6205,17.0,13.89244,43.41659,42.80187,45.34314,47.42362,51.62364,50.24938,51.73973,50.9902,56.40035,54.20332,57.80138,57.42822,61.03278,62.1289,60.53924,62.76942,63.13478,63.13478,60.03332,63.95311,59.48109,64.40497,64.00781,62.26556,64.88451,65.0,61.29437,63.81222,64.41273,65.51336,63.28507,62.1289,62.43397,61.91123,62.42596,63.82006,64.81512,61.84658,62.28965,63.63961,63.78087,64.3506,64.3506,64.3506,62.93648,64.38167,64.44377,65.8559,62.24147,65.19202,64.38167,63.12686,62.482,62.482,61.84658,58.13777,58.89822
7.61577,7.61577,7.61577,7.28011,7.28011,7.28011,7.28011,7.28011,7.07107,7.07107,7.07107,7.0,7.0,7.0,7.0,7.0,7.0,7.0,8.06226,7.07107,7.07107,8.0,7.0,8.06226,8.06226,7.0,8.0,7.0,8.0,7.07107,7.07107,7.07107,7.07107,6.32456,6.32456,5.38516,5.83095,5.38516,5.38516,5.0,5.0,5.0,4.24264,4.24264,4.24264,3.60555,3.60555,3.60555,3.60555,3.60555,3.16228,3.16228,51.22499,53.2635,49.92995,46.87217,49.92995,45.65085,48.33218,45.61798,42.05948,44.01136,43.68066,44.38468,41.7732,42.75512,40.79216,41.10961,45.17743,45.17743,44.18144,43.01163,48.04165,44.04543,43.04649,44.01136,46.01087,46.01087,44.04543,47.01064,43.01163,44.28318,43.04649,44.04543,46.09772,45.27693,42.19005,42.57934,41.59327,41.7732,40.5216,37.33631,35.73514,34.43835,35.34119,33.54102,31.76476,29.41088,27.58623,27.45906,23.34524,22.67157,21.26029,16.40122,19.84943,19.20937,19.72308,17.46425,14.86607,43.84062,44.59821,48.16638,47.63402,50.80354,48.82622,51.61395,52.15362,56.30275,56.93856,59.48109,59.48109,62.17717,66.18912,60.41523,64.62198,65.39113,67.41662,63.56099,64.88451,64.62198,69.07966,67.06713,66.7308,66.7308,65.55151,67.06713,66.85058,64.88451,66.70832,65.29931,65.76473,65.74192,63.06346,66.24198,66.88797,66.03787,65.0,64.07027,65.45991,63.60031,67.00746,63.89053,68.88396,63.12686,67.17887,65.11528,63.65532,65.76473,67.94115,64.3506,65.05382,64.3506,60.10824,61.55485,61.6198,62.2254
9.21954,9.05539,8.06226,8.06226,8.06226,8.0,8.0,8.06226,8.06226,8.06226,8.06226,8.24621,8.06226,8.06226,8.24621,8.24621,8.24621,8.24621,8.24621,8.24621,8.24621,8.24621,8.24621,8.24621,8.24621,8.24621,9.21954,8.06226,9.05539,8.06226,8.06226,8.0,8.0,7.0,8.0,7.0,7.07107,7.07107,6.08276,6.32456,6.08276,6.08276,5.38516,5.38516,5.38516,4.47214,4.47214,4.47214,3.60555,3.60555,3.60555,3.60555,50.0,50.0,48.05206,48.37355,45.27693,43.01163,44.01136,45.01111,43.0,43.28972,42.57934,43.73786,44.64303,42.95346,44.38468,46.48656,43.01163,42.05948,43.65776,43.46263,47.42362,46.61545,46.06517,45.17743,44.77723,44.72136,47.42362,45.18849,45.61798,43.08132,47.16991,47.75982,44.94441,44.92215,45.88028,41.23106,41.48494,41.59327,42.95346,39.45884,38.47077,39.05125,35.0571,33.06055,33.01515,33.24154,29.15476,26.68333,28.28427,26.92582,23.5372,22.36068,21.93171,21.93171,19.20937,16.12452,17.88854,43.38202,45.17743,45.79301,47.70744,46.32494,49.09175,52.43091,55.80323,56.40035,52.80152,57.31492,60.82763,60.82763,62.93648,63.65532,59.5483,62.96825,61.6198,65.11528,62.24147,60.1415,65.94695,65.06919,62.482,64.66065,64.53681,65.43699,65.06919,62.28965,64.53681,61.52235,62.24147,63.70243,60.959,64.03124,63.60031,65.0,64.2028,64.07027,62.68174,67.41662,64.49806,66.88797,67.23095,65.74192,67.1193,66.21178,63.97656,64.88451,62.64982,63.06346,63.07139,65.79514,60.82763,60.41523,59.09315,58.69412
7.0,7.0,7.07107,7.07107,7.07107,6.08276,6.32456,6.32456,6.7082,6.7082,6.7082,6.7082,7.2111,6.7082,7.2111,7.2111,7.2111,6.40312,7.81025,7.2111,7.2111,7.2111,6.40312,7.81025,7.2111,7.2111,7.2111,7.2111,7.2111,6.7082,6.7082,6.7082,6.7082,6.32456,6.32456,5.38516,6.08276,5.09902,5.09902,5.09902,4.0,4.0,4.0,4.0,3.0,3.16228,3.16228,3.16228,3.16228,3.16228,2.23607,2.82843,51.92302,48.38388,52.7731,47.51842,42.29657,46.09772,44.10215,47.0,42.19005,46.27094,40.4475,39.62323,43.41659,43.41659,41.10961,44.38468,47.43416,46.61545,48.33218,42.04759,48.33218,41.18252,47.41308,46.95743,44.72136,46.95743,42.54409,46.06517,47.01064,47.88528,44.77723,47.85394,44.01136,50.32892,44.27189,46.48656,44.92215,44.38468,43.93177,39.45884,36.34556,35.0571,38.11824,36.01389,34.0147,26.01922,29.06888,30.14963,25.17936,20.61553,23.5372,24.69818,20.39608,20.61553,21.18962,17.46425,19.41649,41.4367,48.8467,40.70626,50.77401,47.01064,53.0,53.82379,54.6443,55.0,54.40588,57.2014,58.25805,61.84658,63.89053,66.48308,59.39697,67.88225,63.63961,67.89698,67.26812,63.65532,69.42622,62.28965,65.79514,67.20863,65.76473,66.52819,68.593,61.52235,66.48308,58.79626,68.76772,63.12686,67.35726,64.66065,65.60488,60.80296,63.82006,67.42403,64.89992,70.49113,65.29931,68.60029,65.8635,67.53518,62.6099,70.3278,65.74192,67.08204,64.07808,66.30988,67.77905,67.1193,55.9464,61.84658,63.69458,58.5235
8.24621,8.24621,8.544,8.544,8.544,7.61577,8.06226,8.06226,8.06226,8.06226,8.06226,8.60233,8.60233,8.60233,8.60233,7.81025,8.60233,7.81025,9.21954,8.48528,9.21954,9.21954,8.48528,9.21954,9.21954,9.21954,8.60233,8.60233,8.60233,8.06226,8.06226,8.06226,8.06226,8.06226,7.61577,6.7082,6.7082,7.28011,6.32456,6.32456,5.09902,5.09902,5.09902,5.09902,5.09902,4.0,4.0,4.0,4.0,4.0,3.0,3.16228,51.15662,48.16638,49.0,45.27693,48.16638,45.17743,45.27693,43.93177,46.09772,42.72002,41.10961,44.38468,43.86342,42.54409,42.94182,42.19005,45.17743,44.41846,42.72002,44.10215,43.04649,44.65423,45.79301,46.04346,46.40043,46.64762,43.82921,45.48626,46.61545,46.40043,43.60046,45.48626,45.79301,44.72136,44.72136,44.59821,45.18849,41.23106,42.15448,41.76123,38.60052,32.98485,36.34556,34.36568,32.24903,33.24154,27.16616,31.01612,25.01999,22.02272,24.02082,20.22375,23.19483,23.5372,19.92486,16.15549,16.12452,43.04649,42.29657,45.39824,43.73786,49.0306,49.47727,53.45091,50.96077,53.45091,54.40588,54.42426,58.87274,61.09828,60.92618,60.41523,59.05929,61.77378,65.74192,62.17717,63.13478,63.06346,65.8635,62.26556,62.96825,60.20797,66.24198,62.26556,61.58734,65.8635,62.17717,63.13478,60.82763,62.64982,63.56099,60.92618,62.96825,63.32456,62.93648,64.56005,65.80274,63.60031,62.36185,62.36185,67.18631,62.58594,64.7611,65.73431,63.95311,64.13267,64.03124,62.36986,63.95311,59.22837,59.84146,59.68249,58.85576,57.42822
8.94427,8.544,8.544,8.544,8.544,8.24621,8.24621,8.06226,8.06226,8.06226,8.06226,8.06226,8.06226,8.06226,8.06226,8.0,8.0,8.0,8.0,8.0,8.0,8.0,8.0,8.0,9.0,9.0,9.0,8.06226,8.06226,8.06226,8.06226,8.24621,7.28011,7.28011,7.28011,7.28011,7.28011,6.7082,6.7082,5.83095,5.83095,5.83095,5.0,5.0,5.0,5.0,4.24264,4.24264,4.24264,3.60555,3.60555,3.60555,56.93856,49.1935,51.0,49.0408,48.10405,44.59821,40.80441,42.44997,42.57934,43.41659,42.29657,46.04346,44.04543,42.0,42.0,45.01111,41.0,40.11234,41.19466,46.27094,47.38143,44.72136,42.95346,42.57934,43.56604,43.93177,44.72136,46.87217,44.55334,45.39824,44.55334,45.70558,40.1995,44.10215,43.18565,42.04759,41.01219,38.01316,37.05401,38.11824,38.47077,36.87818,34.20526,33.52611,29.73214,30.67572,29.54657,26.40076,25.07987,25.94224,23.70654,22.36068,17.49286,19.41649,18.38478,16.97056,15.6205,43.82921,44.77723,45.0,49.20366,52.00961,51.08816,51.85557,53.15073,53.75872,53.75872,58.0,61.6198,63.25346,63.25346,63.89053,60.46487,67.20119,60.60528,68.50547,64.3506,61.61169,64.89992,64.3506,67.41662,66.24198,64.49806,62.96825,63.24555,60.46487,65.45991,60.44005,64.2028,63.89053,63.12686,62.36986,62.96825,67.17887,65.76473,62.24147,61.52235,65.29931,65.29931,65.43699,66.70832,66.4003,68.00735,66.0303,65.21503,65.0,61.03278,66.61081,63.82006,64.07027,60.21628,62.20129,59.90826,57.98276
9.21954,8.24621,8.544,8.544,8.544,8.544,7.61577,8.06226,8.06226,8.06226,8.06226,8.06226,8.06226,7.2111,7.2111,8.60233,7.81025,8.60233,7.81025,7.81025,7.81025,7.81025,8.60233,7.81025,7.2111,8.06226,8.06226,7.2111,8.06226,8.06226,6.7082,7.61577,6.7082,6.32456,7.28011,6.32456,7.07107,6.08276,6.0,5.0,5.0,5.0,5.0,5.09902,5.09902,4.12311,4.12311,4.12311,3.16228,3.16228,3.60555,3.60555,50.08992,54.45181,47.07441,53.15073,49.47727,46.32494,45.60702,43.01163,43.46263,43.08132,43.08132,40.31129,46.95743,43.04649,43.04649,43.26662,43.82921,42.43819,43.82921,46.40043,44.40721,46.04346,43.27817,44.20407,42.80187,43.27817,45.60702,41.23106,43.41659,45.60702,44.40721,47.70744,43.26662,40.81666,43.26662,39.39543,41.18252,39.92493,38.27532,34.78505,38.8973,35.51056,31.04835,30.59412,28.63564,30.01666,27.07397,26.01922,27.0,24.02082,23.08679,22.36068,19.41649,17.46425,17.08801,18.35756,15.26434,46.84015,48.05206,46.09772,49.36598,52.23983,52.23983,52.00961,54.0,57.03508,58.00862,61.20457,61.40033,64.38167,64.77654,63.78871,66.28725,64.53681,66.94027,63.34824,66.70832,68.65858,69.64194,65.25335,65.25335,66.09841,64.56005,66.40783,64.03124,66.48308,64.7611,65.96969,66.70832,62.16912,64.62971,65.49046,63.95311,65.49046,63.3877,62.20129,68.06614,64.12488,66.0303,69.00725,67.00746,65.03076,64.00781,67.00746,68.06614,66.06815,67.00746,63.12686,67.06713,64.0,61.13101,63.0,60.29925,61.0082
8.24621,8.24621,8.24621,8.06226,8.06226,7.07107,7.07107,7.0,7.0,7.0,7.0,7.0,7.07107,7.07107,7.07107,7.07107,7.07107,7.07107,7.28011,7.07107,7.07107,7.28011,7.07107,7.07107,7.07107,7.07107,7.07107,7.07107,7.0,7.0,7.0,7.0,6.0,6.08276,6.08276,5.09902,5.38516,5.38516,5.38516,4.47214,4.47214,4.47214,3.60555,3.60555,2.82843,2.82843,3.60555,2.82843,2.82843,3.60555,3.16228,3.16228,50.56679,50.9902,52.20153,47.01064,48.38388,46.57252,48.27007,45.12206,44.40721,44.28318,45.27693,42.0,41.19466,42.0,39.0,42.0119,44.10215,45.27693,41.19466,43.04649,44.28318,43.56604,44.55334,42.57934,42.42641,44.28318,41.30375,46.87217,42.10701,41.30375,41.19466,39.11521,45.04442,43.10452,37.05401,42.0119,43.18565,38.20995,37.33631,34.9285,33.95585,32.89377,33.24154,28.16026,28.23119,26.83282,24.18677,28.30194,21.40093,19.79899,17.69181,19.84943,17.69181,17.20465,18.60108,15.65248,16.64332,45.22168,44.38468,48.33218,49.1935,53.23533,50.24938,51.61395,56.0357,58.00862,59.03389,61.84658,61.7171,63.89053,63.78087,62.24147,67.17887,63.65532,66.52819,65.79514,70.03571,68.76772,68.88396,69.02898,67.47592,65.79514,65.94695,64.81512,63.78087,65.19202,63.78087,63.65532,62.93648,64.38167,63.78087,65.11528,63.03174,62.62587,64.2028,61.40033,67.1193,67.20119,66.28725,65.21503,69.06519,64.63745,63.13478,65.73431,66.88797,68.09552,65.73431,67.23095,63.13478,61.91123,62.76942,63.52952,63.13478,64.00781
8.60233,7.81025,7.81025,7.81025,7.81025,7.07107,7.81025,7.81025,7.81025,7.81025,7.81025,7.2111,7.2111,7.2111,7.2111,8.06226,8.06226,7.2111,8.06226,7.2111,7.2111,7.2111,7.2111,7.2111,7.2111,7.2111,7.2111,7.2111,7.2111,6.40312,7.07107,7.07107,6.40312,6.40312,5.0,5.0,5.0,4.47214,4.47214,4.47214,4.47214,3.16228,4.12311,3.16228,3.0,3.0,2.0,3.0,2.0,2.23607,2.23607,2.23607,52.20153,55.71355,51.42956,49.1935,44.41846,47.41308,44.40721,49.40648,44.04543,46.09772,46.01087,44.55334,46.69047,43.13931,41.72529,44.20407,45.34314,43.93177,48.9183,41.88078,45.79301,44.40721,44.65423,42.72002,43.26662,43.82921,43.56604,44.10215,44.40721,44.40721,42.2019,45.80393,42.44997,39.69887,34.71311,40.36087,38.8973,40.36087,39.20459,35.4683,34.05877,30.61046,29.06888,28.6531,28.79236,25.05993,23.76973,24.04163,23.4094,18.97367,20.22375,18.43909,18.02776,15.13275,14.31782,14.03567,14.56022,43.56604,44.28318,49.09175,52.03845,50.01,55.14526,54.14795,57.03508,57.14018,58.30952,59.5399,61.52235,64.13267,64.77654,66.09841,62.96825,68.88396,62.58594,67.44627,66.94027,66.94027,65.73431,62.16912,64.28841,65.96969,66.4906,64.53681,67.08204,61.39218,67.68309,63.50591,66.28725,63.78871,63.50591,66.18912,60.03332,65.0,65.00769,66.00758,70.06426,67.02984,64.49806,70.34913,64.38167,65.49046,69.72087,66.75328,65.30697,65.11528,65.9242,63.95311,63.56099,64.53681,59.66574,60.20797,63.89053,60.41523
8.06226,8.0,8.0,8.0,8.06226,8.0,8.06226,8.06226,8.24621,8.24621,8.24621,8.24621,8.24621,7.28011,7.28011,7.61577,8.544,7.61577,7.61577,7.61577,7.61577,7.61577,7.61577,7.61577,7.61577,7.61577,7.61577,7.28011,7.28011,7.28011,7.07107,6.08276,6.0,6.0,6.0,5.0,5.0,5.09902,4.12311,4.12311,4.12311,4.12311,3.16228,3.16228,3.16228,2.23607,2.23607,1.41421,1.41421,1.41421,1.41421,1.41421,51.78803,53.60037,47.67599,51.62364,50.15974,46.38965,48.0,46.01087,44.04543,43.10452,44.40721,46.38965,44.28318,43.28972,43.93177,43.41659,44.64303,43.68066,43.01163,45.31004,45.69464,45.88028,45.31004,44.01136,42.72002,44.01136,43.46263,43.08132,41.78516,46.48656,42.72002,42.44997,45.35416,40.80441,41.97618,36.34556,39.11521,35.12834,36.01389,33.01515,34.0147,34.05877,29.83287,28.28427,26.68333,28.63564,23.4094,20.61553,21.18962,19.69772,19.23538,18.60108,12.52996,12.80625,11.40175,10.0,14.14214,46.23851,45.18849,49.1935,49.64877,52.15362,49.92995,51.61395,55.0,57.62812,60.60528,59.81639,58.13777,62.62587,63.65532,62.93648,65.11528,64.38167,65.79514,61.55485,64.38167,63.78087,64.3506,67.94115,64.44377,62.24147,65.06919,63.65532,62.24147,64.38167,60.87693,60.959,56.72742,63.12686,62.80127,64.40497,65.21503,69.06519,65.51336,67.23095,67.53518,65.76473,69.77822,63.06346,69.31811,62.6099,68.42514,67.97794,69.35416,68.02941,68.15424,63.32456,64.62198,65.9242,64.07808,62.62587,57.58472,59.61543
8.06226,8.06226,8.0,8.0,7.0,7.0,7.0,7.07107,7.07107,7.07107,7.07107,7.07107,7.28011,7.28011,7.28011,7.28011,7.28011,7.28011,7.28011,7.28011,7.28011,7.28011,6.32456,7.28011,7.28011,7.28011,7.07107,7.07107,7.07107,6.0,6.08276,6.0,6.0,6.0,5.09902,5.09902,5.09902,5.09902,4.12311,4.12311,3.60555,3.60555,3.60555,3.60555,2.82843,2.82843,2.82843,2.82843,2.23607,2.23607,2.23607,2.23607,50.15974,51.78803,47.01064,45.04442,51.0,44.40721,45.54119,44.55334,46.09772,41.7732,42.2019,40.5216,41.76123,46.17359,42.72002,38.07887,44.28318,43.86342,38.47077,42.05948,41.67733,43.82921,40.24922,44.41846,45.65085,43.909,43.41659,46.52956,44.72136,44.77723,43.04649,38.91015,44.94441,41.10961,40.80441,38.07887,37.10795,36.13862,36.49658,33.24154,31.40064,30.01666,29.01724,28.01785,25.07987,23.5372,21.47091,23.4094,17.46425,18.38478,15.23155,15.65248,13.89244,15.26434,13.60147,15.6205,12.04159,44.38468,43.9659,49.0408,47.43416,55.36244,48.33218,52.39275,55.4617,55.4617,58.59181,61.40033,62.26556,60.90156,63.81222,57.14018,67.6757,61.03278,66.4003,64.2028,62.42596,64.81512,63.82006,66.21933,66.61081,65.0,64.40497,61.40033,55.80323,66.88797,59.16925,64.66065,60.90156,62.17717,61.29437,67.54258,60.41523,65.39113,66.85058,67.41662,67.05222,63.24555,70.21396,65.14599,72.12489,63.89053,64.7611,65.52099,66.70832,66.21933,69.37579,70.61161,63.15061,57.72348,66.94027,64.93843,59.43904,60.01666
9.21954,9.48683,8.544,8.544,7.61577,8.94427,8.06226,8.06226,8.06226,7.2111,8.06226,8.60233,7.81025,7.81025,7.81025,8.60233,7.81025,7.81025,7.81025,7.81025,7.81025,7.81025,7.81025,7.81025,7.81025,8.60233,8.60233,8.06226,7.2111,7.61577,7.61577,6.7082,6.32456,6.32456,6.32456,6.08276,6.08276,5.09902,5.0,5.0,5.0,5.0,4.12311,4.12311,4.12311,4.12311,3.16228,3.16228,3.16228,3.16228,2.82843,2.82843,52.39275,53.60037,48.25971,51.47815,51.24451,50.15974,46.01087,46.01087,45.27693,47.09565,44.18144,46.38965,42.42641,41.48494,42.44997,45.22168,42.37924,43.32436,43.9659,43.9659,45.54119,43.01163,46.61545,43.46263,43.46263,46.23851,44.27189,41.62932,42.54409,44.92215,44.64303,44.38468,42.75512,40.02499,42.57934,37.21559,36.22154,37.05401,36.01389,35.0571,35.0571,32.75668,28.63564,27.65863,25.96151,27.85678,23.70654,21.0238,22.82542,19.23538,21.63331,17.49286,15.0,15.55635,14.21267,13.60147,12.72792,45.35416,45.88028,47.75982,49.24429,48.75449,49.65884,54.12024,55.4617,58.30952,57.3062,58.30952,59.64059,61.03278,62.42596,62.80127,60.44005,63.03174,64.40497,62.00806,64.03124,62.80127,64.53681,65.0,63.03174,62.36986,66.21933,63.25346,64.63745,61.40033,62.00806,61.03278,62.43397,62.1289,63.06346,64.88451,64.88451,66.64083,64.84597,65.30697,68.70953,68.54196,67.23095,66.85058,67.77905,66.48308,70.93659,68.00735,65.78754,69.57011,65.14599,62.62587,65.78754,65.78754,63.60031,62.96825,60.44005,60.72891
8.94427,8.94427,8.60233,8.60233,8.60233,8.60233,8.60233,8.60233,7.81025,7.81025,8.48528,8.48528,7.81025,7.81025,7.81025,7.81025,7.81025,7.81025,7.81025,7.81025,7.81025,7.81025,8.48528,7.81025,8.48528,8.48528,8.48528,7.81025,7.81025,7.81025,7.2111,7.2111,7.2111,6.7082,6.7082,6.32456,6.32456,5.09902,5.09902,5.09902,5.0,5.0,4.0,4.0,4.0,4.0,3.16228,3.16228,3.16228,3.16228,3.16228,2.23607,50.21952,46.48656,50.69517,46.61545,44.72136,45.65085,46.52956,46.14109,41.6173,41.6173,43.82921,40.60788,43.27817,42.44997,43.13931,43.27817,41.72529,43.18565,42.0119,42.63801,45.96738,41.40048,44.65423,46.61545,41.40048,43.60046,42.0119,42.63801,43.18565,43.18565,43.84062,45.96738,38.18377,41.72529,39.62323,39.05125,38.41875,35.60899,32.44996,34.9285,31.30495,33.52611,27.51363,25.96151,29.12044,25.31798,22.2036,20.39608,21.09502,19.0263,19.10497,19.23538,15.81139,14.31782,13.0,13.60147,13.92839,43.17407,45.27693,47.38143,46.04346,48.25971,52.03845,52.0,52.00961,56.14268,53.08484,57.07889,57.14018,61.07373,63.28507,63.63961,60.82763,66.4906,63.63961,61.66036,62.96825,61.18823,63.78871,60.01666,61.0,64.93843,63.15061,63.63961,63.63961,61.40033,63.03174,61.29437,65.19202,65.06919,62.00806,64.00781,66.00758,64.03124,65.19202,65.19202,66.61081,69.46222,66.61081,70.34913,68.73136,69.35416,70.21396,69.26038,68.88396,65.9242,65.76473,67.08204,67.26812,65.30697,61.66036,66.28725,61.84658,59.66574
8.06226,7.2111,7.81025,7.81025,7.81025,7.07107,7.07107,7.81025,7.81025,7.2111,7.81025,7.81025,7.2111,7.2111,7.2111,8.06226,8.06226,8.06226,7.61577,8.06226,8.06226,8.06226,8.06226,8.06226,7.2111,8.06226,7.2111,7.2111,7.2111,7.81025,6.40312,6.40312,5.65685,5.65685,6.40312,5.83095,5.83095,4.47214,4.47214,3.60555,4.47214,3.16228,3.16228,3.16228,3.16228,3.16228,3.16228,2.0,2.0,2.0,2.0,1.0,51.78803,48.83646,50.69517,49.24429,46.17359,43.9659,43.41659,46.51881,40.31129,42.94182,44.77723,42.43819,45.80393,39.69887,44.20407,41.72529,44.55334,43.13931,45.96738,44.55334,48.10405,44.55334,48.9183,43.18565,43.93177,43.84062,42.52058,45.34314,46.09772,44.55334,43.84062,44.68781,40.31129,43.18565,40.60788,39.20459,39.66106,38.58756,35.34119,37.16181,30.46309,34.78505,29.73214,25.96151,25.63201,24.5153,26.07681,20.0,21.0238,19.0,18.43909,17.02939,13.60147,12.36932,11.40175,12.36932,11.40175,42.10701,47.26521,45.27693,48.50773,49.64877,52.95281,52.39275,52.88667,53.15073,53.60037,57.56735,58.24088,60.63827,61.03278,62.96825,58.18935,66.12866,60.16644,61.35145,64.88451,62.76942,65.9242,60.40695,61.46544,61.68468,65.80274,61.68468,64.19502,60.08328,66.21933,60.44005,66.94027,60.87693,64.32729,65.11528,68.06614,65.76473,66.37017,66.18912,67.06713,70.17834,66.1211,70.06426,69.06519,68.06614,71.0,68.0,68.0,70.00714,64.0,66.27217,66.27217,67.0,65.19202,62.20129,62.00806,58.21512
7.07107,6.40312,7.07107,7.07107,7.07107,6.40312,7.2111,6.7082,6.7082,6.7082,6.7082,6.32456,6.32456,6.32456,6.7082,7.28011,6.32456,7.28011,7.28011,7.28011,7.28011,7.28011,7.28011,7.28011,7.28011,7.28011,6.32456,6.32456,6.7082,6.7082,5.83095,5.83095,5.83095,5.0,5.0,5.0,4.24264,4.24264,4.24264,3.60555,3.60555,3.60555,3.60555,3.16228,2.23607,2.23607,2.0,2.0,2.0,2.0,2.0,1.0,51.73973,49.51767,50.93133,46.09772,47.01064,45.80393,43.01163,43.56604,42.54409,42.05948,41.23106,43.32436,42.72002,38.8973,39.84972,41.97618,41.23106,40.02499,42.95346,43.56604,44.40721,45.39824,42.57934,44.10215,42.42641,39.31921,45.70558,45.54119,41.7732,41.4367,44.38468,42.95346,39.84972,41.4367,40.5216,39.0,41.62932,37.16181,37.12142,35.34119,30.41381,30.80584,28.3196,28.3196,26.87006,22.62742,21.40093,22.47221,20.0,17.80449,16.12452,15.26434,15.65248,15.23155,15.13275,13.0384,10.77033,43.86342,48.46648,44.59821,49.33559,46.84015,51.66237,53.85165,52.63079,55.7853,53.36666,58.54912,62.16912,58.54912,62.514,60.53098,58.42089,65.27634,64.19502,68.35934,63.63961,61.52235,63.95311,62.514,64.28063,63.1981,64.77654,63.63961,64.77654,61.0,64.7611,60.87693,65.25335,63.56886,62.03225,66.85058,65.19202,63.69458,66.30988,67.77905,69.35416,68.8767,66.64833,67.1193,72.94518,68.26419,73.81734,67.1193,69.06519,66.88797,65.8635,66.37017,65.73431,63.81222,61.40033,61.85467,62.43397,58.41233
9.21954,8.24621,9.05539,8.06226,9.05539,8.0,8.0,8.0,8.0,9.05539,8.06226,8.06226,8.06226,8.24621,8.24621,9.21954,8.24621,9.21954,8.24621,8.24621,8.24621,8.544,9.21954,8.24621,8.24621,8.24621,8.06226,9.05539,8.06226,8.06226,7.07107,7.0,8.0,7.0,7.07107,6.08276,6.08276,5.09902,5.09902,5.09902,5.38516,4.47214,4.12311,3.16228,3.60555,3.60555,3.60555,3.16228,2.23607,2.23607,2.23607,1.41421,53.14132,52.55473,52.20153,47.53946,45.88028,44.91102,45.27693,45.54119,43.10452,42.0119,41.4367,43.04649,44.28318,42.29657,43.18565,41.59327,47.67599,45.89118,41.23106,44.64303,44.38468,44.38468,45.31004,44.92215,45.88028,46.57252,45.12206,46.84015,46.09772,41.7732,41.7732,44.55334,42.2019,41.59327,42.19005,42.10701,39.31921,37.01351,38.01316,33.13608,33.54102,32.89377,30.08322,28.86174,27.89265,27.29469,24.16609,21.93171,19.72308,19.69772,14.42221,16.64332,15.81139,12.72792,12.72792,13.0384,11.6619,45.34314,43.86342,46.75468,48.10405,49.57822,50.9902,49.57822,53.90733,55.21775,54.08327,58.24946,57.68882,59.36329,61.58734,58.83026,59.68249,64.66065,61.77378,63.28507,62.68174,61.29437,66.0303,63.52952,63.81222,62.26556,61.05735,60.20797,61.85467,66.0303,62.80127,60.30755,61.55485,65.76473,65.06919,67.20863,62.24147,63.65532,66.46804,67.26812,64.53681,66.4003,66.61081,67.80118,69.40461,67.6757,69.89278,68.8186,66.03787,68.96376,68.7968,64.07027,67.74216,62.1289,60.20797,62.43397,59.05929,58.13777
7.81025,7.81025,7.81025,7.81025,7.81025,7.81025,7.81025,7.2111,7.2111,6.7082,7.2111,7.61577,7.61577,7.61577,7.61577,7.61577,7.28011,7.61577,7.28011,7.28011,7.28011,7.28011,7.61577,7.28011,7.28011,7.61577,7.61577,7.61577,6.7082,6.7082,5.83095,5.83095,6.40312,6.40312,6.40312,5.65685,5.65685,5.0,5.0,4.47214,4.47214,4.47214,4.47214,4.12311,4.12311,3.16228,3.0,3.0,3.0,3.0,3.0,3.0,51.31277,48.25971,46.61545,48.60041,43.60046,43.41659,47.42362,41.03657,42.0119,41.04875,40.60788,42.19005,40.49691,42.48529,41.59327,40.24922,44.28318,43.08132,44.38468,43.08132,44.59821,43.08132,45.88028,44.14748,43.01163,42.05948,44.27189,46.8188,42.37924,43.86342,42.54409,43.38202,44.72136,42.54409,39.96248,38.27532,39.44617,36.89173,37.44329,35.35534,32.55764,34.20526,26.40076,28.42534,26.07681,26.0,21.93171,23.25941,19.31321,20.39608,19.64688,18.43909,14.86607,12.36932,11.40175,15.13275,11.0,45.35416,46.69047,50.24938,48.25971,50.24938,53.15073,54.23099,55.14526,55.00909,58.00862,59.03389,59.0,64.12488,61.13101,62.03225,65.49046,64.38167,64.62971,61.03278,64.28063,65.27634,65.27634,65.19202,64.12488,64.03124,63.07139,65.37584,62.03225,63.00794,64.00781,62.1289,64.28063,64.38167,66.61081,65.9242,65.9242,66.09841,67.08204,66.70832,65.96969,65.25335,68.68042,67.72001,72.73239,65.19202,72.91776,69.46222,66.70832,65.39113,70.38466,65.9242,65.9242,66.48308,62.76942,60.16644,60.41523,61.26989
7.0,7.0,7.07107,7.07107,7.07107,6.08276,6.32456,6.32456,6.32456,6.32456,6.7082,6.7082,6.7082,6.7082,6.7082,6.7082,6.7082,7.2111,7.2111,7.2111,7.2111,7.2111,6.7082,7.2111,6.7082,6.7082,6.7082,6.7082,6.7082,6.32456,6.32456,6.32456,6.32456,6.08276,5.0,5.0,5.0,5.0,4.12311,4.12311,4.12311,3.16228,3.16228,3.16228,2.23607,2.82843,2.82843,2.82843,2.82843,2.23607,2.23607,2.23607,53.0,50.03998,51.0098,46.27094,42.57934,42.2019,43.93177,43.9659,41.4367,40.31129,40.31129,38.47077,41.18252,42.72002,42.72002,40.60788,41.40048,41.6173,42.80187,44.04543,41.86884,43.01163,44.04543,43.93177,41.86884,46.01087,42.63801,46.2277,43.93177,43.41659,43.82921,41.04875,41.34005,42.43819,38.47077,37.12142,40.24922,37.12142,37.33631,33.52611,28.63564,29.61419,30.26549,28.16026,25.01999,25.0,22.0,23.34524,17.26268,16.76305,16.49242,17.0,16.15549,16.15549,13.89244,12.52996,9.21954,46.95743,47.42362,47.41308,49.39636,49.73932,52.69725,54.70832,55.47071,56.85948,57.68882,63.25346,62.62587,62.80127,64.03124,62.62587,61.07373,66.70832,63.89053,64.2028,67.62396,66.4003,64.81512,63.78087,65.29931,65.43699,66.06815,63.00794,61.29437,65.19202,66.03787,60.20797,66.24198,63.95311,65.30697,64.88451,63.56099,64.62198,67.6757,68.00735,69.26038,67.6757,68.15424,66.76077,67.05222,69.857,65.73431,64.53681,66.70832,68.24954,66.28725,64.32729,62.64982,63.95311,61.98387,66.91039,64.93843,58.42089
8.06226,8.24621,8.24621,8.24621,8.544,8.544,7.61577,8.06226,7.61577,8.06226,8.06226,8.06226,8.60233,8.60233,8.60233,8.60233,7.81025,8.60233,8.60233,7.81025,7.81025,8.60233,7.81025,8.60233,8.60233,8.60233,8.06226,8.06226,8.06226,8.06226,8.06226,7.61577,6.7082,7.61577,6.32456,6.08276,6.08276,5.09902,5.09902,5.09902,4.0,4.0,4.0,4.0,3.0,3.0,3.0,3.0,3.0,3.16228,2.23607,2.23607,50.44799,49.0306,46.38965,45.09989,44.18144,43.04649,44.0,46.04346,46.52956,40.79216,39.81206,41.48494,40.26164,40.5216,41.4367,40.49691,42.15448,45.18849,43.46263,41.59327,43.82921,42.04759,44.72136,44.72136,42.48529,43.86342,40.49691,46.95743,47.01064,42.94182,42.95346,43.08132,43.65776,42.05948,40.26164,38.63936,38.83298,38.63936,35.51056,31.257,31.06445,29.01724,32.14032,27.16616,26.30589,24.73863,20.61553,22.80351,18.02776,16.55295,17.0,15.26434,17.0,15.81139,15.55635,10.0,10.0,45.80393,46.2277,45.60702,48.16638,48.79549,52.34501,51.66237,53.03772,55.97321,54.56189,57.38467,59.5483,60.44005,60.60528,63.60031,60.0,64.2028,61.85467,60.0,62.1289,61.40033,64.40497,61.03278,63.25346,63.25346,61.07373,60.30755,61.6198,60.82763,60.20797,57.98276,63.12686,60.1415,61.7171,64.03124,62.80127,61.03278,63.24555,63.51378,66.37017,65.0,63.13478,64.88451,68.42514,66.64833,62.17717,66.18912,63.15853,64.07808,61.84658,63.56099,64.07808,60.53924,55.71355,58.87274,60.53924,54.78138
8.24621,8.24621,9.05539,8.06226,9.05539,8.0,8.0,8.06226,8.06226,9.05539,8.06226,9.05539,8.24621,8.24621,8.24621,8.24621,8.24621,9.21954,8.24621,8.24621,8.24621,9.21954,9.21954,9.21954,8.24621,8.06226,8.06226,8.06226,8.06226,8.0,7.0,8.0,7.0,7.07107,6.08276,6.08276,5.38516,5.09902,5.09902,5.09902,4.47214,4.47214,4.47214,3.60555,3.60555,3.60555,2.82843,2.82843,2.82843,2.82843,2.23607,2.23607,46.40043,45.48626,46.64762,42.72002,43.41659,42.04759,40.16217,43.41659,40.5216,41.7732,41.23106,42.42641,41.97618,43.28972,42.19005,40.1995,45.0,47.01064,46.01087,44.01136,44.0,40.11234,41.30375,46.09772,44.10215,45.09989,43.01163,45.09989,43.04649,44.0,43.01163,42.04759,42.29657,42.42641,37.85499,39.56008,38.47077,37.65634,34.48188,33.24154,32.64966,25.55386,25.55386,26.07681,26.41969,23.60085,22.62742,22.67157,19.20937,15.81139,17.02939,14.86607,15.0,13.41641,13.60147,11.6619,9.48683,47.85394,47.01064,48.46648,50.59644,51.86521,52.55473,54.12024,52.20153,57.48913,53.16014,59.43904,58.69412,61.61169,63.15061,65.11528,62.64982,64.13267,65.76473,63.95311,63.50591,61.66036,65.9242,61.39218,59.03389,60.41523,62.0967,62.36986,64.56005,57.56735,61.98387,58.18935,63.32456,62.24147,63.15853,61.7414,62.16912,59.94164,60.41523,63.81222,67.42403,68.26419,64.89992,62.80127,67.80118,63.25346,65.0,66.21933,60.959,67.94115,62.36986,60.20797,62.28965,62.28965,53.74012,60.82763,60.87693,53.75872
9.21954,8.48528,8.48528,8.48528,9.21954,8.60233,8.60233,8.60233,8.06226,8.06226,8.06226,8.94427,8.94427,8.94427,8.544,8.544,8.544,8.544,8.544,8.544,8.544,8.544,8.544,8.544,8.94427,8.544,8.06226,8.06226,8.06226,8.06226,7.2111,7.81025,7.81025,7.07107,7.07107,6.40312,5.65685,6.40312,5.83095,5.0,4.47214,4.47214,4.47214,4.47214,3.16228,3.16228,3.16228,3.16228,3.16228,3.0,3.0,2.0,52.20153,53.00943,50.44799,48.79549,45.96738,42.44997,47.63402,44.40721,43.82921,44.65423,42.04759,46.61545,43.46263,43.82921,43.08132,44.94441,43.08132,45.88028,46.48656,41.48494,47.07441,46.87217,45.35416,45.60702,45.54119,45.60702,44.55334,43.93177,44.64303,43.9659,45.12206,45.22168,40.8534,41.4367,41.78516,42.05948,42.19005,38.07887,38.27532,36.89173,33.42155,31.241,31.241,27.65863,25.80698,29.0,24.08319,23.32381,19.72308,20.59126,15.81139,16.15549,16.76305,16.12452,16.49242,14.31782,9.0,48.04165,50.03998,50.03998,55.3263,50.24938,54.74486,54.45181,53.46027,56.56854,61.39218,59.66574,62.58594,64.32729,65.80274,63.32456,62.36986,65.73431,63.32456,62.8172,67.18631,63.56099,65.30697,65.0,64.7611,64.7611,63.95311,64.32729,62.514,63.3877,67.26812,64.03124,67.02984,64.19502,63.03174,67.06713,63.63961,65.49046,64.62971,67.89698,68.44706,68.88396,68.96376,67.91171,69.64194,63.90618,70.93659,66.85058,69.857,70.00714,66.48308,63.15853,63.97656,62.24147,61.84658,60.00833,59.05929,60.03332
7.61577,7.61577,7.28011,7.28011,7.07107,7.07107,7.07107,7.07107,7.07107,7.0,7.0,7.0,7.0,7.07107,7.07107,7.07107,7.07107,7.07107,7.07107,7.07107,7.07107,7.07107,7.07107,7.07107,7.07107,7.0,7.0,7.0,6.0,6.08276,6.08276,6.08276,6.08276,6.32456,5.38516,5.38516,5.0,4.47214,3.60555,3.60555,4.24264,4.24264,3.60555,3.60555,3.60555,3.16228,3.16228,2.23607,2.23607,2.23607,3.0,2.0,51.62364,47.16991,48.76474,47.01064,43.86342,42.72002,39.84972,43.9659,43.56604,41.4367,42.42641,42.42641,42.19005,36.34556,40.1995,40.0125,42.10701,43.0,44.18144,42.10701,45.39824,40.04997,44.55334,40.79216,41.4367,44.72136,43.18565,43.56604,41.4367,41.04875,40.04997,41.01219,41.04875,42.04759,37.05401,37.0,38.20995,35.51056,35.69314,32.28002,28.63564,30.01666,26.92582,25.80698,27.78489,23.34524,21.93171,20.61553,17.80449,15.26434,17.49286,16.40122,12.20656,13.92839,11.18034,12.36932,13.15295,46.51881,49.98,48.8467,53.48832,52.55473,55.36244,55.36244,55.7853,56.32051,55.54278,60.63827,59.03389,61.0,62.96825,65.9242,61.81424,65.30697,61.98387,64.93843,65.11528,62.36986,65.73431,66.09841,61.18823,62.36986,61.84658,62.36986,64.28841,62.64184,65.78754,61.46544,63.56099,62.6099,61.77378,63.63175,62.76942,64.14047,63.63175,65.45991,64.89992,66.85058,64.66065,70.29225,67.26812,66.70832,62.93648,63.63961,64.3506,63.63961,65.79514,63.65532,62.2254,63.63961,57.28001,59.5483,60.87693,57.62812
7.28011,7.28011,7.61577,7.61577,6.7082,6.7082,7.2111,6.40312,6.40312,6.40312,6.40312,6.40312,7.07107,7.07107,7.07107,7.07107,7.07107,6.40312,7.07107,7.07107,7.07107,7.07107,7.07107,7.07107,7.07107,6.40312,6.40312,6.40312,6.40312,5.83095,5.83095,5.83095,5.83095,5.38516,5.38516,4.12311,4.12311,4.12311,4.0,4.0,3.0,3.0,3.0,3.16228,2.23607,2.23607,2.23607,2.23607,2.23607,2.23607,2.23607,2.23607,49.25444,47.38143,51.66237,45.54119,48.76474,43.32436,44.27189,44.94441,42.04759,40.81666,39.96248,40.22437,42.2019,41.6173,42.2019,42.52058,41.86884,43.18565,43.86342,45.27693,43.18565,43.18565,43.18565,43.84062,44.55334,43.13931,40.31129,43.84062,44.59821,39.69887,40.80441,41.6173,41.40048,41.88078,39.20459,38.01316,36.71512,36.67424,35.8469,30.67572,31.04835,27.29469,28.28427,26.1725,28.16026,20.0,21.2132,22.09072,17.11724,14.86607,17.46425,13.92839,17.72005,13.60147,13.41641,12.04159,12.80625,48.33218,48.46648,49.1935,53.66563,52.7731,55.07268,54.58938,56.93856,59.64059,58.24946,58.24946,60.80296,63.00794,63.41136,67.20119,61.6198,67.80118,63.25346,63.41136,63.41136,63.82006,67.00746,61.40033,63.00794,62.68174,60.0,62.96825,63.81222,63.63175,61.91123,61.26989,61.7171,62.64982,62.39391,64.4748,64.51356,60.40695,62.64184,65.0,66.21933,66.94027,63.15061,66.70832,69.42622,63.95311,65.37584,64.38167,65.12296,68.26419,65.49046,62.28965,64.38167,64.07027,55.22681,60.20797,59.00847,56.0357
8.94427,8.06226,8.06226,8.94427,8.60233,8.60233,7.81025,8.60233,7.81025,8.48528,8.48528,8.48528,8.48528,8.48528,8.48528,7.81025,7.81025,7.81025,8.48528,9.21954,8.48528,9.21954,7.81025,7.81025,8.48528,8.48528,8.48528,8.48528,7.81025,7.81025,7.2111,7.2111,7.2111,6.7082,6.7082,5.38516,5.38516,5.38516,5.38516,5.09902,4.12311,4.12311,4.12311,3.0,3.0,3.0,3.0,3.0,3.0,2.0,2.0,2.23607,52.34501,49.36598,49.47727,46.57252,47.12749,46.8188,44.01136,49.98,42.95346,41.18252,46.32494,47.20169,42.2019,43.82921,44.40721,44.04543,46.09772,45.34314,46.69047,42.42641,45.34314,42.44997,43.13931,41.7732,45.25483,44.68781,43.86342,45.25483,43.41659,44.59821,43.13931,45.25483,41.23106,40.80441,39.20459,40.81666,36.05551,38.07887,35.34119,30.8707,30.36445,26.92582,27.65863,27.45906,28.16026,22.09072,20.02498,21.0,17.02939,18.02776,14.14214,15.13275,13.92839,14.56022,12.52996,10.29563,10.0,45.65085,48.8774,48.54894,51.86521,50.80354,51.22499,51.61395,57.00877,58.89822,57.38467,57.31492,60.82763,61.6198,66.46804,65.19202,61.52235,63.03174,60.1415,63.70243,62.28965,63.78087,64.44377,61.7171,62.24147,58.69412,62.482,60.20797,62.00806,58.41233,62.68174,61.05735,63.28507,63.06346,61.84658,61.26989,64.51356,59.80803,61.46544,64.07808,67.05222,66.40783,61.39218,65.51336,66.70832,66.09841,63.3877,64.19502,64.38167,63.1981,62.64982,60.67125,63.78871,62.39391,58.03447,59.4138,60.07495,60.00833
8.544,8.24621,8.24621,8.24621,8.06226,8.06226,8.06226,8.0,8.06226,8.0,8.0,8.0,8.06226,8.06226,8.06226,8.06226,8.06226,8.06226,8.06226,8.06226,8.06226,8.06226,8.06226,8.06226,8.06226,8.0,8.0,8.0,8.0,7.07107,7.07107,7.07107,6.08276,6.08276,5.38516,5.38516,5.38516,5.38516,4.47214,4.47214,3.60555,3.60555,3.60555,2.82843,2.82843,2.82843,2.23607,2.82843,2.23607,1.41421,1.41421,1.41421,54.48853,51.62364,47.50789,47.63402,46.8615,44.65423,46.14109,47.50789,45.17743,43.38202,41.14608,44.94441,41.10961,42.05948,42.44997,43.93177,47.29693,43.93177,43.56604,45.12206,43.56604,42.95346,45.27693,43.93177,41.0,44.91102,40.60788,45.89118,41.59327,42.95346,40.5216,42.72002,43.65776,44.27189,41.14608,38.01316,35.77709,36.89173,36.61967,29.73214,33.30165,28.42534,27.58623,24.75884,24.83948,23.02173,19.69772,22.47221,17.72005,14.56022,13.60147,13.15295,13.92839,9.84886,12.0,9.0,12.36932,49.0408,45.60702,50.9902,49.81967,54.91812,51.47815,52.15362,54.45181,58.13777,57.31492,58.42089,58.03447,61.03278,64.07027,64.00781,62.07254,63.03174,64.0,62.00806,61.0082,61.0082,65.0,65.06919,63.07139,61.0082,62.1289,61.03278,62.20129,63.3877,59.68249,59.68249,61.39218,58.46366,62.8172,62.64184,61.68468,64.84597,63.69458,65.0,64.4748,65.79514,64.88451,64.40497,68.42514,62.16912,63.95311,64.88451,64.66065,63.28507,66.03787,61.58734,61.85467,60.20797,58.82176,63.24555,57.00877,55.80323
9.21954,8.60233,8.60233,8.60233,8.06226,8.06226,8.94427,8.544,8.544,8.544,8.544,8.544,8.544,8.24621,8.24621,8.24621,8.24621,8.24621,8.24621,8.24621,8.24621,8.24621,8.24621,8.24621,8.544,8.24621,7.61577,7.61577,7.61577,7.61577,7.2111,7.2111,7.2111,6.40312,6.40312,5.65685,5.65685,5.0,5.0,5.0,4.47214,3.60555,4.47214,3.60555,3.16228,3.16228,3.16228,3.16228,3.16228,3.0,2.0,2.0,51.40039,52.49762,49.51767,46.69047,47.01064,47.63402,47.01064,47.20169,44.10215,45.61798,44.28318,48.75449,46.09772,44.38468,43.08132,47.43416,46.17359,44.59821,45.54119,44.64303,45.60702,43.68066,44.38468,43.68066,42.05948,42.37924,44.38468,45.60702,44.92215,44.38468,42.72002,41.10961,40.24922,39.39543,39.35734,38.27532,35.80503,37.80212,35.80503,33.30165,32.55764,28.28427,28.42534,26.62705,26.40076,23.70654,20.12461,22.47221,18.38478,16.76305,14.56022,14.86607,15.0,14.14214,11.0,11.04536,12.16553,49.81967,47.85394,50.35871,49.16299,52.03845,50.08992,53.0,57.00877,58.03447,55.00909,60.03332,61.03278,62.0,62.00806,60.07495,64.49806,63.50591,61.66036,64.12488,61.52235,62.20129,65.19202,62.20129,65.00769,62.00806,62.03225,60.0,61.03278,60.00833,63.12686,59.21149,63.3877,62.64982,62.64982,61.0,61.39218,63.89053,65.25335,65.14599,65.19202,66.7308,64.62198,66.30988,70.00714,67.08204,68.54196,67.23095,65.76473,68.42514,62.17717,61.26989,64.66065,59.5399,60.74537,61.91123,56.93856,57.3062
8.60233,7.81025,8.06226,8.06226,8.06226,8.06226,8.06226,7.61577,7.61577,7.61577,7.61577,7.61577,7.28011,7.28011,7.28011,8.24621,7.28011,7.28011,8.06226,7.28011,7.28011,7.28011,7.28011,7.28011,7.28011,7.61577,7.61577,6.7082,6.7082,6.7082,5.83095,6.40312,6.40312,5.65685,5.65685,5.65685,5.0,5.0,4.47214,4.47214,4.12311,4.12311,3.16228,3.16228,3.0,3.0,3.0,3.0,2.0,2.23607,3.16228,2.23607,50.9902,50.93133,49.67897,42.80187,46.8615,46.04346,42.19005,46.87217,39.81206,45.65085,44.38468,43.01163,45.18849,42.37924,42.54409,43.9659,44.92215,43.32436,45.12206,41.0,46.57252,42.05948,42.57934,43.41659,40.60788,41.97618,41.7732,43.9659,41.76123,41.78516,41.62932,40.24922,38.01316,40.71855,38.01316,39.44617,34.9285,34.1321,34.20526,31.241,29.0,28.01785,26.1725,25.80698,23.70654,23.76973,21.54066,19.72308,16.49242,16.27882,17.0,14.31782,13.15295,11.18034,12.16553,13.34166,10.19804,47.75982,51.92302,47.53946,52.39275,53.85165,55.54278,57.07013,58.0517,58.85576,57.55867,62.03225,61.07373,66.0303,63.0,68.06614,58.0,66.00758,60.00833,65.00769,64.12488,64.38167,63.1981,64.03124,65.03076,64.03124,63.03174,65.06919,67.26812,60.82763,63.78871,59.84146,67.91171,60.16644,61.68468,64.51356,63.90618,62.62587,66.09841,65.39113,66.85058,69.07966,64.84597,68.8767,68.42514,68.47627,67.23095,65.76473,67.80118,67.41662,65.36819,64.00781,61.91123,64.89992,61.58734,59.64059,62.62587,60.21628
9.05539,8.06226,8.0,8.0,9.0,8.0,8.06226,8.06226,8.06226,8.24621,8.06226,8.24621,8.24621,8.24621,8.24621,8.24621,8.24621,8.24621,8.544,8.544,8.544,8.544,8.24621,8.24621,8.24621,8.24621,8.06226,8.06226,7.07107,7.0,7.0,7.0,6.0,6.0,6.08276,5.09902,5.09902,5.09902,4.12311,4.12311,4.47214,3.60555,3.16228,2.82843,2.23607,2.82843,2.82843,2.23607,1.41421,1.41421,1.41421,1.41421,51.47815,49.24429,50.92151,44.92215,46.57252,42.2019,44.72136,42.95346,45.54119,44.04543,42.0119,44.01136,42.10701,42.04759,42.19005,43.04649,47.51842,45.54119,45.89118,43.73786,43.56604,42.57934,43.93177,43.68066,42.2019,46.09772,39.62323,45.89118,45.39824,40.31129,42.19005,41.10961,41.10961,39.11521,38.11824,34.1321,39.01282,35.01428,32.14032,31.32092,30.36445,28.23119,25.63201,26.0,23.32381,22.2036,21.09502,19.41649,17.02939,16.27882,14.21267,12.04159,12.20656,12.72792,10.0,8.06226,11.18034,50.11986,46.95743,50.53712,53.31041,52.3259,53.14132,52.20153,56.64804,60.08328,59.13544,60.16644,57.97413,62.58594,62.8172,62.36185,62.36986,62.0967,65.25335,60.16644,59.20304,62.64184,63.78871,63.32456,61.40033,63.78871,63.60031,59.80803,64.07808,61.09828,63.56099,60.83584,61.29437,60.53924,62.43397,63.51378,64.63745,64.40497,61.61169,64.66065,68.0147,65.79514,64.44377,65.06919,70.03571,64.44377,65.06919,63.63961,65.94695,65.43699,65.94695,62.00806,63.25346,62.00806,60.0,61.29437,58.5235,58.83026
8.06226,8.0,8.0,8.0,8.0,8.06226,8.06226,8.24621,8.24621,8.24621,8.24621,8.24621,8.24621,7.28011,7.28011,8.544,7.61577,8.544,7.61577,7.61577,7.61577,7.61577,7.61577,7.28011,7.28011,7.28011,7.28011,7.07107,6.08276,7.07107,6.0,6.0,6.0,5.0,5.0,5.09902,4.12311,4.12311,3.60555,3.16228,3.16228,3.16228,2.82843,2.23607,2.23607,1.41421,1.41421,2.23607,2.23607,1.0,1.0,1.0,48.8467,48.10405,47.43416,47.80167,45.70558,46.52956,42.19005,45.27693,43.10452,45.04442,45.0,42.19005,45.09989,43.18565,43.41659,46.69047,42.75512,43.17407,44.14748,43.41659,46.84015,43.68066,42.05948,41.7732,39.81206,42.95346,43.41659,40.5216,41.7732,41.97618,41.4367,44.10215,38.11824,39.11521,36.01389,36.05551,34.23449,31.32092,32.28002,31.7805,28.4605,27.65863,24.16609,20.61553,23.02173,22.36068,19.20937,16.27882,15.6205,15.6205,10.63015,13.60147,11.31371,10.29563,10.44031,11.18034,9.48683,47.63402,48.60041,50.21952,53.0,51.86521,55.22681,55.9017,55.47071,61.32699,57.27128,59.9333,63.07139,61.7171,64.88451,63.56099,61.98387,66.48308,61.32699,65.0,62.29767,66.12866,67.23095,63.97656,63.50591,64.40497,62.64982,62.17717,66.64833,58.18075,63.13478,62.96825,63.51378,59.40539,62.80127,63.82006,63.25346,65.8559,63.65532,62.2254,65.06919,68.68042,66.52819,66.70832,69.81404,66.21933,64.81512,65.0,66.4003,64.07027,64.63745,63.60031,69.33974,63.51378,57.68882,57.45433,59.07622,55.9464
8.24621,8.544,8.544,7.61577,8.06226,8.06226,8.06226,8.06226,8.06226,8.60233,8.60233,8.60233,7.81025,7.81025,7.2111,7.81025,7.81025,7.81025,7.81025,7.81025,7.81025,7.81025,7.81025,7.81025,7.2111,7.2111,7.2111,6.7082,6.7082,6.7082,5.38516,5.38516,5.38516,5.09902,5.09902,5.09902,5.0,4.0,4.0,3.0,3.16228,3.16228,2.23607,2.23607,2.23607,2.23607,1.41421,1.41421,1.41421,1.41421,1.41421,1.0,48.16638,49.36598,48.27007,48.50773,50.44799,43.68066,44.38468,42.37924,40.24922,42.04759,41.59327,44.94441,44.28318,41.88078,44.94441,44.20407,40.80441,42.63801,41.86884,44.20407,45.80393,43.41659,41.7732,42.63801,40.45986,40.22437,42.0119,39.05125,40.80441,43.82921,40.81666,39.82462,37.12142,37.58989,39.39543,32.28002,34.53983,31.32092,32.24903,28.28427,29.15476,26.07681,22.02272,20.09975,20.02498,22.56103,16.76305,14.86607,17.0,14.31782,13.92839,13.0,9.84886,9.43398,7.81025,11.31371,9.21954,49.72927,46.8188,54.70832,50.69517,55.9017,54.23099,54.12947,58.18075,56.36488,54.12947,57.45433,63.51378,59.64059,63.24555,61.85467,64.53681,65.21503,64.03124,62.62587,61.29437,64.63745,63.28507,64.66065,61.61169,63.51378,59.36329,62.96825,61.91123,59.68249,59.94164,63.13478,62.64982,62.24147,62.39391,61.46544,64.84597,64.84597,65.80274,63.06346,63.78871,63.56099,67.26812,63.78871,70.71068,64.93843,67.36468,66.48308,66.37017,65.37584,65.37584,61.29437,65.27634,63.1981,61.20457,60.13319,58.00862,55.08176
9.21954,8.48528,8.48528,7.81025,7.81025,7.81025,8.60233,8.06226,8.60233,8.06226,8.06226,8.06226,8.06226,7.61577,7.61577,7.61577,7.61577,7.61577,7.61577,7.61577,7.61577,7.61577,8.06226,7.61577,7.61577,8.06226,8.06226,7.2111,7.2111,6.40312,6.40312,5.65685,5.65685,5.65685,5.83095,5.83095,5.38516,4.47214,4.12311,4.12311,4.12311,4.12311,3.0,3.0,3.0,3.0,3.0,3.16228,3.16228,2.23607,2.23607,2.23607,51.10773,50.47772,50.80354,47.20169,47.42362,47.42362,46.01087,46.69047,43.26662,42.80187,42.72002,42.72002,42.72002,40.81666,44.65423,43.56604,42.94182,44.72136,44.72136,44.28318,43.38202,42.48529,45.31004,43.08132,41.14608,44.27189,41.67733,41.23106,45.31004,42.05948,39.40812,39.40812,37.58989,38.27532,34.65545,35.4683,35.35534,31.89044,30.4795,30.0,27.20294,25.4951,23.70654,21.47091,21.0238,19.41649,20.22375,15.29706,18.02776,16.03122,15.0,13.0384,12.36932,10.19804,8.94427,12.64911,12.20656,48.04165,51.0098,52.00961,53.03772,53.03772,59.3043,55.44367,57.42822,58.69412,57.07013,62.16912,62.96825,64.32729,60.87693,63.15061,63.32456,67.91171,63.32456,66.28725,64.53681,60.01666,65.11528,64.53681,65.96969,64.13267,63.15061,61.0,63.50591,62.39391,65.12296,59.13544,61.0082,63.07139,62.39391,66.18912,65.06919,62.64982,67.89698,65.9242,67.08204,66.4906,63.78871,67.91171,69.64194,68.88396,65.14599,66.09841,68.94926,66.12866,66.48308,67.6757,66.7308,61.68468,61.32699,61.46544,63.07139,58.30952
9.21954,8.60233,8.60233,8.60233,9.43398,8.94427,8.94427,8.94427,8.94427,8.94427,8.544,8.544,8.544,8.544,8.544,8.544,8.24621,8.24621,8.544,8.544,8.544,8.544,8.544,8.544,8.544,8.544,7.61577,8.06226,8.06226,7.2111,7.2111,7.2111,6.40312,6.40312,6.40312,5.65685,5.0,5.0,5.0,4.47214,3.60555,3.60555,4.47214,3.16228,3.16228,3.16228,3.0,3.16228,3.0,2.0,2.0,2.0,50.80354,44.68781,48.79549,46.66905,46.8615,46.01087,45.45327,47.20169,42.72002,47.70744,47.01064,45.69464,46.06517,44.28318,44.38468,46.61545,42.04759,43.38202,43.08132,41.48494,47.12749,43.41659,44.92215,43.17407,43.32436,40.80441,42.72002,40.8534,42.54409,40.8534,44.28318,44.72136,36.05551,38.94868,34.0,37.44329,34.4093,34.4093,28.3196,28.3196,29.0,27.45906,24.69818,25.94224,26.07681,21.09502,17.46425,19.31321,16.49242,12.36932,14.56022,12.0,12.0,10.19804,11.7047,9.48683,9.84886,47.51842,50.48762,49.09175,55.03635,52.23983,55.0,55.0,56.0357,60.03332,55.00909,57.07889,61.29437,62.20129,64.49806,65.19202,63.50591,65.76473,61.52235,64.28063,63.28507,64.19502,63.3877,58.13777,63.63961,63.3877,62.20129,61.07373,62.00806,59.00847,64.03124,59.13544,64.28063,60.82763,62.36986,63.34824,61.84658,61.40033,64.28841,66.21933,66.09841,69.89278,64.2573,67.6757,65.55151,65.79514,63.97656,65.30697,64.88451,64.84597,63.97656,66.21178,66.18912,63.50591,59.5399,63.97656,58.66856,55.9464
8.06226,7.07107,8.24621,8.24621,7.28011,7.28011,7.28011,7.61577,7.61577,7.61577,7.61577,6.7082,7.2111,6.7082,6.7082,7.2111,7.2111,6.7082,7.2111,7.2111,7.2111,7.2111,6.7082,7.2111,6.7082,6.7082,6.32456,6.32456,6.32456,6.08276,6.08276,5.09902,5.0,5.0,5.0,4.12311,4.12311,4.12311,3.16228,3.16228,3.60555,2.82843,2.82843,2.82843,2.23607,2.23607,2.23607,2.23607,2.23607,2.23607,2.0,2.0,49.0102,52.03845,50.24938,47.16991,45.39824,43.41659,45.60702,47.53946,44.94441,43.32436,44.94441,43.46263,42.54409,44.28318,41.14608,42.48529,47.88528,45.48626,42.72002,41.04875,43.56604,44.41846,42.43819,46.04346,43.60046,41.6173,41.59327,43.56604,40.49691,39.82462,38.94868,40.70626,42.04759,39.56008,35.73514,33.61547,35.44009,30.59412,33.37664,28.07134,28.0,26.01922,24.0,23.02173,20.09975,18.02776,18.02776,18.78829,12.52996,15.0,12.80625,13.0384,12.20656,12.80625,10.77033,9.43398,7.07107,50.77401,51.31277,50.47772,53.82379,54.03702,57.00877,56.72742,56.63921,61.55485,60.82763,62.93648,62.2254,63.63961,65.76473,62.2254,67.20863,64.3506,66.48308,63.63961,66.52819,65.8559,67.17887,62.93648,65.06919,62.93648,65.11528,60.87693,63.03174,62.62587,63.60031,62.20129,65.45991,62.96825,65.51336,63.52952,63.95311,64.4748,64.88451,65.0,68.70953,67.41662,66.40783,67.05222,73.68175,64.84597,67.72001,68.96376,66.21933,65.73431,66.48308,66.21933,64.32729,65.51336,61.39218,60.40695,62.64982,58.42089
8.94427,8.94427,8.94427,8.544,8.544,8.544,8.24621,8.24621,8.24621,8.24621,9.21954,9.05539,9.05539,9.05539,8.06226,9.05539,8.06226,8.06226,8.06226,8.06226,8.06226,8.06226,8.06226,8.06226,8.06226,8.06226,7.07107,7.28011,7.61577,7.28011,6.7082,6.7082,6.7082,5.83095,5.83095,5.83095,5.0,5.65685,4.24264,4.24264,4.24264,3.60555,3.60555,3.16228,3.16228,2.23607,2.23607,3.16228,2.23607,2.23607,2.0,2.0,53.00943,55.21775,52.63079,49.57822,50.24938,49.57822,46.01087,47.50789,46.2277,50.21952,46.04346,47.50789,46.64762,43.82921,46.52956,47.01064,49.1935,46.95743,43.86342,44.94441,45.69464,45.69464,41.4367,40.49691,41.10961,42.48529,46.8188,39.92493,40.8534,41.62932,42.04759,39.96248,38.27532,38.27532,38.27532,36.12478,35.35534,31.89044,30.4795,29.73214,27.65863,26.62705,24.69818,25.05993,21.54066,19.23538,17.46425,19.23538,12.64911,13.34166,12.16553,11.40175,12.64911,12.16553,8.94427,9.05539,9.43398,47.67599,48.6621,51.35173,50.08992,54.08327,53.15073,55.0,56.0357,57.00877,60.00833,58.13777,60.0,63.0,66.27217,64.28063,61.52235,66.18912,66.37017,62.28965,62.20129,63.07139,65.37584,65.06919,61.40033,63.03174,64.00781,64.00781,61.0082,63.00794,63.1981,61.20457,62.28965,61.40033,63.63961,61.98387,65.11528,64.7611,64.84597,64.7611,68.30813,65.80274,66.12866,65.78754,72.44998,65.39113,68.15424,69.64194,66.21178,69.35416,66.30988,61.32699,65.8635,64.41273,61.40033,60.03332,58.30952,59.16925
9.43398,9.43398,8.60233,8.60233,7.81025,8.60233,8.48528,8.48528,8.48528,7.81025,7.81025,7.81025,7.81025,7.81025,7.81025,7.81025,8.60233,7.81025,7.2111,7.2111,7.2111,7.2111,7.81025,7.2111,7.81025,7.81025,7.81025,7.07107,7.07107,6.40312,6.40312,5.83095,5.83095,5.83095,5.38516,5.38516,5.38516,4.12311,4.12311,4.0,4.0,4.0,3.0,3.0,3.16228,3.16228,3.16228,2.23607,2.23607,2.23607,2.23607,2.82843,49.33559,49.47727,49.76947,47.43416,48.30114,45.65085,44.41846,48.02083,46.2277,47.01064,45.0,45.45327,46.2277,45.27693,43.13931,45.27693,45.34314,43.18565,44.59821,43.18565,47.01064,42.0119,42.43819,41.40048,41.23106,41.23106,42.52058,42.63801,41.10961,42.52058,38.8973,42.52058,39.62323,36.23534,37.20215,35.22783,32.44996,32.75668,28.63564,29.73214,27.51363,25.0,23.19483,19.23538,20.22375,16.27882,21.09502,17.0,17.11724,16.12452,14.56022,10.77033,8.544,10.81665,8.60233,10.0,9.21954,48.27007,48.50773,50.96077,56.32051,53.14132,54.78138,55.54278,58.69412,60.00833,57.24509,63.50591,62.16912,63.97656,64.41273,66.18912,65.29931,67.1193,65.36819,65.74192,64.00781,64.41273,65.76473,65.30697,63.56099,63.97656,64.07808,64.88451,64.2573,61.68468,65.78754,61.40033,61.98387,66.48308,65.30697,67.08204,63.95311,64.62971,67.36468,68.26419,66.18912,69.18092,68.00735,68.02941,69.0,67.00746,67.18631,71.17584,68.06614,65.37584,66.18912,66.37017,66.48308,68.35934,62.64982,62.96825,63.34824,58.24946
10.04988,9.05539,9.05539,9.21954,8.24621,8.24621,8.544,8.544,8.544,8.544,8.544,8.94427,8.544,8.544,7.61577,8.94427,8.94427,8.94427,8.06226,8.06226,7.61577,8.06226,7.61577,7.61577,7.61577,7.61577,7.61577,7.28011,7.28011,7.28011,6.08276,6.08276,6.0,6.0,6.0,6.08276,5.09902,5.09902,4.12311,4.12311,4.12311,3.16228,3.60555,3.60555,3.60555,2.23607,2.82843,2.82843,2.82843,2.23607,2.23607,2.23607,50.44799,51.78803,50.03998,49.09175,51.0098,47.04253,49.09175,48.25971,44.28318,45.27693,45.27693,46.87217,45.89118,45.35416,44.91102,44.59821,42.72002,43.46263,40.8534,45.69464,46.23851,45.31004,42.72002,41.10961,39.92493,39.56008,42.37924,41.78516,40.16217,42.05948,39.29377,41.48494,37.10795,34.71311,37.33631,32.06244,33.01515,30.26549,26.1725,32.24903,27.29469,28.86174,21.18962,19.31321,19.69772,19.69772,20.61553,16.40122,16.97056,13.89244,13.45362,12.80625,12.20656,11.18034,9.84886,11.18034,10.44031,46.8615,48.16638,49.51767,50.32892,53.74012,55.17246,55.97321,54.67175,56.40035,58.13777,58.0517,61.22091,63.12686,61.6198,59.40539,65.21503,64.63745,62.42596,62.62587,60.21628,64.07027,62.42596,63.82006,62.00806,62.36986,64.3506,61.7171,60.87693,63.03174,63.63961,60.87693,58.89822,63.65532,61.6198,63.25346,62.62587,68.8186,67.60178,66.88797,67.08204,63.13478,66.18912,67.08204,65.8635,64.00781,67.62396,66.21178,68.54196,63.97656,66.70832,65.19202,66.48308,62.39391,62.93648,63.24555,57.56735,60.72891
8.24621,8.24621,8.06226,8.06226,8.06226,7.07107,7.0,8.0,7.0,7.0,7.0,7.0,7.07107,7.07107,7.07107,7.07107,7.07107,7.07107,7.07107,7.07107,7.07107,7.07107,6.0,7.07107,7.07107,6.0,6.0,6.0,6.0,6.08276,6.08276,5.09902,5.09902,5.38516,4.47214,4.47214,3.60555,3.60555,3.60555,2.82843,3.60555,3.60555,2.23607,2.23607,3.16228,2.23607,2.0,2.0,2.0,2.0,2.0,2.23607,50.44799,52.39275,51.24451,48.25971,45.17743,47.01064,47.01064,47.0,48.25971,45.17743,49.36598,45.89118,43.93177,44.91102,43.93177,45.89118,47.29693,42.44997,43.41659,43.01163,43.9659,40.5216,45.35416,46.23851,43.32436,44.27189,41.48494,44.64303,43.32436,38.83298,37.65634,39.11521,39.81206,37.33631,36.0,33.01515,33.0,31.06445,31.257,26.4764,26.24881,22.84732,24.59675,21.0238,19.69772,19.84943,17.20465,19.41649,14.86607,13.89244,13.60147,8.06226,10.77033,8.60233,9.43398,10.0,6.08276,48.27007,51.85557,50.32892,54.67175,53.03772,57.28001,54.48853,55.86591,57.31492,59.5483,61.84658,61.84658,62.36986,59.81639,64.40497,64.2028,68.41053,64.63745,67.20119,66.21933,66.70832,65.60488,67.00746,68.60029,65.80274,65.43699,61.07373,64.53681,64.3506,67.89698,61.55485,66.52819,63.25346,64.40497,66.21933,62.42596,63.82006,66.28725,68.7968,66.28725,68.47627,69.35416,72.94518,70.21396,66.24198,69.35416,67.08204,69.07966,69.07966,66.85058,67.41662,63.32456,64.62198,62.96825,64.62198,65.78754,61.68468
9.48683,9.84886,8.94427,8.94427,8.94427,9.43398,9.43398,8.60233,8.60233,8.60233,8.60233,9.21954,8.60233,9.21954,9.21954,8.48528,9.21954,7.81025,9.21954,8.48528,9.21954,8.60233,8.60233,7.81025,8.60233,7.81025,7.2111,8.06226,7.2111,6.7082,6.7082,6.7082,6.7082,6.32456,5.09902,5.09902,5.0,5.09902,4.0,4.0,4.0,3.0,3.0,3.16228,3.16228,2.23607,2.23607,2.23607,2.23607,2.23607,1.41421,1.41421,59.07622,54.33231,49.81967,47.67599,51.1957,48.08326,51.5461,47.43416,48.10405,42.54409,44.77723,45.17743,45.61798,48.8774,46.64762,44.41846,49.1935,47.16991,45.48626,46.04346,44.10215,45.48626,44.10215,46.32494,46.87217,46.32494,45.48626,43.56604,43.909,42.54409,40.24922,38.48376,39.39543,37.33631,37.33631,37.64306,35.44009,34.52535,30.26549,28.16026,24.08319,25.07987,24.33105,25.01999,22.56103,21.37756,16.15549,18.02776,13.41641,12.52996,13.89244,12.04159,13.0384,11.31371,12.04159,8.94427,6.32456,46.8188,46.84015,50.32892,48.10405,52.92447,52.92447,54.12947,55.00909,57.70615,57.3062,59.36329,61.05735,63.13478,63.28507,60.74537,62.1289,64.3506,64.89992,61.91123,67.1193,62.96825,65.51336,65.19202,65.19202,65.51336,64.88451,62.26556,62.43397,63.50591,61.26989,63.56099,61.32699,61.46544,64.51356,65.80274,66.48308,68.15424,64.7611,65.0,70.61161,66.70832,69.87131,65.9242,73.1642,64.77654,68.593,66.75328,66.1211,69.18092,68.26419,64.19502,63.63961,62.1289,63.07139,63.03174,58.03447,60.0
8.544,8.544,8.544,8.544,8.24621,7.28011,8.06226,8.06226,8.06226,7.07107,8.06226,8.0,8.0,7.0,7.0,8.0,7.07107,8.0,7.0,7.0,7.0,7.0,7.0,7.0,7.0,7.0,7.0,6.08276,6.08276,6.08276,5.09902,5.38516,5.38516,4.47214,4.47214,4.47214,3.60555,3.60555,3.60555,2.82843,2.82843,2.82843,2.23607,1.41421,1.41421,1.0,1.0,1.0,1.0,1.0,1.0,1.41421,50.60632,48.82622,46.14109,46.51881,50.15974,44.59821,46.61545,43.32436,47.12749,42.44997,44.72136,46.52956,46.69047,43.56604,40.60788,45.09989,42.19005,38.11824,40.11234,42.0,45.04442,46.01087,42.04759,41.0,42.04759,40.0,42.0,41.04875,39.01282,39.05125,39.05125,38.0526,37.48333,33.73426,35.17101,33.83785,33.52611,27.85678,30.8707,29.15476,26.41969,25.55386,21.63331,19.10497,19.84943,17.69181,16.27882,12.80625,12.80625,10.81665,9.43398,9.84886,13.0384,9.05539,11.04536,6.32456,7.07107,45.88028,45.88028,49.98,49.64877,52.63079,49.24429,52.20153,56.7186,56.29387,60.01666,56.7186,61.0,61.98387,63.50591,59.68249,66.61081,62.36986,66.27217,61.66036,63.50591,63.3877,60.67125,68.73136,62.80127,63.95311,62.58594,60.01666,58.24088,64.84597,62.29767,62.76942,61.09828,64.07808,60.41523,67.62396,63.52952,68.09552,65.51336,65.19202,63.81222,62.96825,67.62396,67.00746,70.60453,65.19202,64.03124,62.80127,67.35726,65.94695,70.0928,64.53681,64.38167,60.10824,63.63961,62.96825,58.72819,59.46427
8.06226,8.24621,8.24621,8.24621,8.544,8.544,8.544,7.61577,7.61577,8.06226,8.06226,8.06226,8.06226,8.06226,8.06226,8.06226,8.06226,7.2111,7.2111,8.06226,7.2111,8.06226,7.2111,7.2111,7.2111,6.7082,6.32456,6.32456,6.32456,6.08276,6.08276,6.08276,6.08276,5.09902,5.0,4.12311,4.12311,4.12311,4.12311,3.16228,3.16228,2.82843,2.82843,2.82843,2.23607,2.23607,2.23607,2.23607,2.23607,2.23607,2.0,2.0,52.61179,55.3263,53.03772,48.0,48.04165,47.26521,48.16638,48.25971,46.52956,43.73786,46.69047,46.57252,45.12206,46.32494,45.22168,44.94441,46.23851,45.88028,44.59821,44.01136,40.71855,44.01136,45.31004,44.59821,43.32436,46.23851,38.8973,44.77723,41.78516,40.26164,37.85499,39.05125,37.36308,38.20995,33.37664,34.0147,35.01428,32.01562,31.06445,26.1725,25.96151,22.80351,25.0,22.13594,20.59126,16.64332,17.49286,18.60108,12.80625,11.18034,11.40175,9.43398,10.29563,12.08305,8.94427,9.21954,7.28011,48.75449,50.24938,50.24938,53.82379,53.82379,55.31727,52.40229,55.9017,57.28001,56.63921,60.87693,60.87693,64.38167,62.96825,64.3506,63.65532,62.96825,62.96825,64.3506,64.44377,65.79514,67.26812,64.3506,65.19202,64.3506,64.44377,63.63961,63.65532,62.62587,64.03124,62.80127,63.60031,66.0303,64.63745,62.96825,64.3506,66.24198,66.64083,72.01389,67.62396,65.30697,66.85058,69.07966,70.38466,65.9242,70.83784,68.35203,64.84597,71.16881,65.45991,64.84597,66.48308,64.84597,62.93648,60.16644,60.63827,61.84658
9.05539,9.21954,9.21954,9.21954,9.21954,8.24621,8.24621,8.544,8.544,8.544,8.544,8.544,8.94427,8.94427,8.94427,8.94427,8.94427,7.61577,8.94427,8.06226,8.06226,7.61577,7.61577,8.06226,7.61577,7.61577,7.28011,7.28011,7.28011,7.07107,6.08276,6.08276,6.0,6.0,5.0,5.0,4.12311,4.0,4.12311,4.12311,3.16228,3.16228,3.16228,2.23607,2.23607,2.23607,2.23607,2.23607,1.41421,1.41421,1.41421,1.41421,52.20153,54.12947,50.80354,49.25444,48.16638,48.01042,49.0408,46.0,48.0,43.18565,44.18144,44.91102,43.56604,46.09772,44.64303,45.60702,47.07441,48.50773,42.72002,45.60702,43.68066,44.38468,43.01163,44.59821,43.01163,42.37924,41.76123,43.68066,42.44997,38.83298,38.63936,37.65634,41.19466,37.33631,34.0147,34.05877,36.01389,31.06445,33.13608,25.4951,26.68333,24.35159,25.07987,22.13594,20.24846,17.80449,15.6205,16.12452,15.6205,11.40175,12.20656,10.81665,10.0,10.81665,10.0,7.07107,7.28011,46.69047,43.93177,48.79549,48.16638,49.20366,50.60632,53.00943,56.0803,54.40588,56.40035,57.14018,57.45433,59.64059,61.58734,60.20797,61.29437,59.94164,60.90156,60.53924,61.05735,60.74537,62.1289,63.28507,62.68174,58.24946,60.80296,57.00877,58.00862,63.41136,59.5483,60.20797,61.6198,60.82763,60.82763,63.78087,59.03389,62.80127,66.28725,62.42596,62.96825,62.1289,66.64833,62.96825,67.74216,61.77378,67.60178,66.24198,61.7414,66.18912,63.97656,66.70832,61.84658,57.27128,61.35145,61.09828,56.30275,59.61543
10.19804,10.19804,9.21954,9.05539,9.05539,9.05539,9.0,9.0,9.0,9.0,9.0,9.0,9.0,9.0,8.06226,9.05539,9.05539,9.05539,8.06226,8.06226,8.06226,8.06226,8.06226,8.0,8.0,8.0,8.0,8.06226,7.07107,7.07107,7.07107,7.07107,6.32456,6.32456,5.38516,5.38516,5.38516,5.0,5.0,4.24264,3.60555,3.60555,4.24264,2.82843,3.60555,2.82843,2.82843,2.23607,2.23607,2.23607,2.23607,2.23607,55.4617,53.66563,53.48832,51.86521,51.41984,52.88667,48.27007,49.24429,46.52956,51.35173,49.25444,49.0408,50.03998,47.01064,47.04253,48.09366,48.04165,48.16638,48.25971,47.16991,50.35871,46.27094,46.52956,44.28318,41.59327,43.10452,43.18565,41.19466,40.04997,41.10961,45.09989,41.04875,37.12142,38.0526,36.05551,32.75668,32.75668,28.86174,30.36445,31.38471,26.92582,26.83282,25.4951,23.02173,20.0,18.02776,19.84943,17.02939,15.0,16.97056,14.76482,10.81665,11.18034,10.44031,10.19804,10.19804,9.21954,48.25971,49.73932,47.41308,50.9902,51.88449,54.56189,55.15433,54.626,58.87274,55.54278,58.69412,61.09828,64.2573,66.7308,65.19202,60.44005,70.60453,62.93648,61.35145,63.56886,63.32456,67.91171,63.90618,60.16644,61.46544,64.88451,63.07139,65.30697,60.00833,63.07139,59.5399,66.03787,62.42596,61.61169,63.82006,66.61081,63.03174,65.11528,67.94115,68.62215,72.91776,66.48308,68.62215,66.6033,67.26812,70.93659,70.17834,66.4003,70.80254,64.66065,62.62587,69.06519,66.61081,61.58734,62.1289,61.91123,60.03332
8.06226,8.06226,8.0,8.0,7.07107,7.07107,7.28011,7.28011,7.28011,7.61577,6.7082,6.7082,7.2111,7.2111,7.07107,7.07107,7.07107,5.65685,5.65685,6.40312,5.83095,5.83095,5.65685,5.0,5.0,5.83095,6.7082,6.40312,6.40312,5.65685,5.0,5.0,5.0,4.47214,3.16228,3.16228,4.12311,3.0,3.0,3.0,3.0,2.0,2.0,2.0,2.0,1.0,2.0,2.0,2.23607,2.23607,2.23607,2.23607,52.43091,52.15362,51.10773,50.11986,48.75449,48.46648,47.43416,46.57252,47.07441,46.69047,46.38965,46.17359,46.04346,46.0,46.01087,45.09989,45.27693,44.40721,44.72136,43.93177,44.14748,43.68066,43.01163,43.01163,43.01163,42.05948,42.05948,42.05948,41.10961,40.80441,39.84972,38.60052,37.64306,36.40055,35.17101,32.98485,32.01562,30.80584,28.44293,27.29469,26.07681,24.02082,22.0,21.0238,19.10497,18.11077,16.27882,15.29706,13.34166,12.36932,11.7047,9.84886,8.94427,8.06226,7.2111,7.07107,7.07107,49.57822,49.57822,50.9902,51.73973,53.15073,53.8145,55.22681,56.63921,57.31492,58.0517,59.46427,60.87693,60.87693,61.6198,62.36986,63.25346,63.41136,64.40497,63.82006,64.07027,63.51378,63.81222,64.14047,64.49806,63.52952,63.50591,62.64982,62.76942,62.62587,62.64184,62.8172,63.15061,62.64982,63.28507,64.12488,65.00769,65.00769,66.1211,66.37017,66.61081,66.91039,66.4906,67.18631,67.05222,67.06713,66.85058,66.30988,66.21178,66.18912,65.76473,65.36819,64.14047,63.81222,62.68174,62.42596,61.40033,59.81639
9.48683,9.48683,9.48683,9.48683,9.48683,8.94427,8.94427,8.94427,8.94427,8.94427,8.94427,9.43398,9.43398,8.60233,8.60233,8.60233,8.60233,8.60233,8.60233,8.60233,8.60233,8.60233,8.06226,8.60233,8.06226,8.06226,8.06226,7.61577,7.61577,6.32456,6.32456,7.28011,6.32456,6.08276,5.09902,5.0,5.0,5.0,4.0,4.0,3.16228,3.16228,3.0,3.16228,2.23607,2.23607,2.23607,2.23607,2.23607,2.23607,1.41421,1.41421,56.00893,54.14795,53.46027,50.35871,47.67599,48.6621,46.09772,48.76474,45.22168,47.12749,49.0408,46.09772,45.31004,48.75449,46.95743,43.909,48.8467,47.50789,48.75449,45.27693,44.29447,46.14109,46.14109,45.79301,43.82921,44.41846,39.11521,41.14608,42.48529,39.81206,39.21734,39.21734,40.31129,39.84972,34.17601,35.90265,35.69314,33.24154,30.06659,25.07987,29.01724,24.33105,22.36068,22.56103,21.09502,16.12452,17.08801,16.15549,12.64911,12.20656,11.6619,10.0,10.0,10.63015,7.2111,10.29563,7.28011,46.09772,47.85394,45.17743,48.02083,48.02083,51.62364,50.80354,52.69725,55.0,55.21775,59.40539,58.41233,57.80138,59.81639,61.61169,58.89822,61.6198,59.5483,61.84658,59.66574,60.80296,61.84658,58.89822,61.84658,59.20304,59.40539,57.62812,61.85467,58.5235,61.58734,58.18075,63.63175,57.3062,62.16912,61.7414,62.39391,59.61543,62.29767,63.56886,65.52099,63.56886,64.03124,66.21933,66.28725,63.78871,70.61161,63.34824,62.96825,65.9242,63.95311,68.73136,61.52235,63.3877,57.55867,64.07027,61.29437,60.13319
10.0,9.21954,10.0,9.21954,9.89949,8.48528,9.89949,9.21954,9.21954,9.21954,9.21954,8.60233,8.60233,8.60233,8.60233,8.60233,8.60233,8.60233,8.60233,8.60233,8.60233,8.60233,8.60233,8.60233,8.60233,7.81025,7.81025,8.48528,7.07107,7.07107,6.40312,6.40312,6.40312,5.83095,5.83095,5.83095,4.47214,4.47214,4.47214,4.47214,4.12311,3.16228,4.12311,3.16228,3.0,3.0,2.0,2.0,2.0,2.0,2.0,1.0,57.48913,53.60037,55.97321,53.85165,50.15974,48.75449,52.0,50.08992,47.01064,48.82622,48.25971,49.64877,50.21952,49.40648,47.01064,46.69047,48.27007,48.16638,46.69047,43.84062,45.96738,46.09772,44.55334,44.59821,45.27693,46.01087,41.86884,45.27693,45.45327,41.7732,42.52058,41.10961,42.43819,40.49691,35.22783,34.88553,38.58756,33.10589,34.17601,29.15476,25.63201,25.70992,23.5372,24.33105,22.09072,17.11724,16.03122,15.0333,11.40175,13.15295,11.18034,8.94427,13.0,10.77033,12.80625,7.81025,7.81025,47.12749,47.92703,49.65884,51.42956,52.39275,49.64877,53.85165,54.58938,55.22681,55.07268,60.74537,58.30952,62.26556,61.58734,61.29437,62.00806,62.68174,60.46487,61.58734,61.61169,63.51378,65.21503,63.28507,62.43397,60.20797,60.82763,60.82763,59.5063,62.16912,59.9333,59.46427,62.64184,65.19202,61.98387,66.48308,62.36986,62.36986,65.11528,61.81424,65.76473,66.37017,67.26812,68.11755,71.17584,67.06713,66.00758,66.1211,66.0303,66.0303,66.00758,66.06815,65.27634,65.12296,62.39391,62.1289,64.19502,63.3877
8.544,7.61577,7.61577,8.06226,7.61577,8.06226,7.2111,7.2111,7.2111,7.2111,7.2111,7.2111,7.2111,7.2111,7.2111,7.07107,7.07107,6.40312,7.07107,7.07107,7.2111,6.40312,6.40312,6.40312,7.2111,6.40312,5.83095,6.7082,6.7082,5.38516,5.38516,5.38516,5.09902,5.09902,4.0,4.0,3.16228,4.0,3.16228,3.16228,2.23607,2.23607,2.23607,2.82843,1.41421,2.23607,2.23607,2.23607,2.23607,2.23607,2.0,2.0,54.14795,50.35871,52.7731,47.29693,50.21952,47.80167,49.72927,49.64877,47.43416,44.94441,46.51881,45.27693,47.01064,42.48529,44.29447,43.26662,46.14109,41.88078,44.77723,44.10215,46.04346,43.909,44.94441,45.48626,43.909,41.18252,39.96248,43.41659,40.71855,38.58756,38.01316,39.0,37.33631,36.24914,31.32092,35.90265,33.73426,30.14963,31.257,28.16026,22.0,23.19483,26.07681,23.34524,20.61553,19.92486,15.23155,16.27882,14.42221,12.04159,12.04159,11.40175,12.80625,9.89949,9.84886,6.7082,8.06226,46.8188,50.15974,49.65884,49.24429,51.0,53.23533,49.64877,53.0,58.30952,54.20332,58.5235,59.36329,62.68174,62.80127,62.42596,61.40033,61.03278,61.61169,65.45991,65.0,61.85467,65.21503,61.61169,64.63745,60.21628,61.29437,61.29437,62.96825,60.53924,60.90156,57.69749,61.7171,63.56099,62.62587,65.55151,63.90618,63.24555,62.93648,67.72001,66.21933,65.96969,63.78871,66.09841,69.05071,64.77654,67.08204,66.48308,65.37584,67.36468,68.35934,66.37017,64.12488,63.50591,56.4358,63.07139,62.07254,63.00794
9.21954,9.21954,8.48528,9.21954,8.48528,8.48528,8.48528,9.21954,8.48528,8.60233,8.60233,8.60233,8.06226,8.06226,8.60233,8.60233,8.60233,8.60233,8.06226,8.06226,8.06226,7.2111,8.06226,8.06226,7.2111,7.2111,7.2111,6.40312,7.07107,5.65685,6.40312,5.65685,5.0,5.0,5.0,4.47214,4.47214,3.60555,3.16228,3.16228,3.16228,3.16228,2.0,2.0,2.0,2.0,1.0,1.0,1.0,1.0,1.0,1.0,53.15073,54.12947,51.24451,50.59644,51.5461,48.10405,50.69517,46.61545,47.01064,47.42362,49.24429,47.43416,50.77401,46.04346,48.01042,46.2277,43.60046,46.01087,45.45327,43.41659,45.0,47.01064,41.10961,44.82187,44.04543,42.2019,43.41659,41.23106,41.10961,42.2019,42.43819,41.04875,36.35932,35.34119,39.81206,31.38471,31.38471,29.41088,27.89265,29.61419,27.20294,26.01922,24.02082,24.02082,19.10497,17.11724,17.11724,13.34166,15.81139,13.0384,12.64911,13.0384,10.0,8.60233,9.21954,8.94427,8.544,47.53946,49.39636,46.61545,51.47815,54.12947,50.53712,53.23533,51.47815,55.75841,54.58938,57.80138,56.82429,63.28507,61.91123,60.74537,62.20129,60.80296,63.41136,61.91123,62.80127,60.53924,66.0303,61.40033,61.40033,59.68249,64.88451,62.17717,60.82763,60.82763,61.7171,59.61543,60.16644,62.03225,61.40033,61.40033,64.03124,61.39218,64.13267,64.13267,65.9242,63.63961,65.62012,64.77654,65.37584,65.19202,66.0,68.02941,67.06713,66.0303,64.00781,66.1211,65.00769,64.0,60.0,63.12686,61.20457,56.32051
8.544,8.94427,8.94427,8.94427,8.06226,8.06226,8.60233,8.60233,8.60233,8.60233,8.60233,8.60233,7.81025,7.81025,7.81025,8.48528,8.48528,7.81025,7.81025,7.81025,7.81025,7.81025,7.81025,7.81025,7.2111,7.2111,7.2111,7.2111,5.83095,6.7082,5.38516,5.38516,5.38516,5.09902,5.09902,4.12311,4.12311,3.0,3.0,3.0,3.0,3.0,2.23607,2.0,2.0,1.0,1.0,1.41421,1.41421,1.0,1.41421,1.0,52.20153,54.08327,49.24429,51.42956,53.23533,46.14109,47.70744,46.32494,47.80167,48.01042,48.41487,48.41487,46.09772,48.10405,47.38143,47.38143,47.38143,45.34314,41.01219,47.50789,47.42362,46.69047,42.0119,44.82187,41.72529,41.7732,45.27693,41.03657,41.03657,44.55334,39.62323,37.48333,38.41875,36.05551,38.01316,31.62278,31.90611,29.15476,28.23119,30.67572,25.63201,23.5372,22.80351,19.10497,18.02776,21.2132,17.02939,15.13275,16.0,13.0384,12.64911,13.0,9.84886,10.77033,9.89949,9.21954,7.07107,45.89118,47.53946,49.72927,46.17359,51.62364,49.98,50.92151,53.48832,55.15433,56.46238,57.27128,57.77543,60.37384,60.41523,57.3062,62.17717,59.9333,63.63175,59.9333,61.7171,63.07139,62.24147,63.56099,60.41523,62.64982,59.23681,59.80803,57.58472,60.16644,60.72891,62.36185,57.97413,60.41523,59.22837,62.96825,64.62971,61.40033,65.06919,63.07139,65.00769,61.0,69.02898,66.00758,69.11584,61.07373,65.19202,63.03174,67.36468,63.50591,64.77654,63.78871,64.13267,59.5399,62.514,60.82763,58.94065,61.0
8.94427,8.544,8.544,8.544,8.544,8.24621,8.24621,8.06226,8.24621,8.24621,8.06226,8.06226,8.06226,8.06226,8.06226,8.06226,8.0,8.0,8.06226,7.07107,7.07107,7.07107,7.07107,8.06226,7.07107,7.07107,7.07107,6.32456,6.32456,6.32456,5.38516,5.38516,5.38516,4.47214,4.47214,4.47214,3.60555,3.60555,2.82843,2.82843,2.82843,2.23607,2.23607,2.23607,2.0,2.0,1.0,1.0,2.0,1.41421,1.41421,1.41421,56.72742,52.3259,55.31727,53.00943,51.40039,52.43091,46.32494,51.86521,47.70744,48.25971,49.1935,50.69517,46.09772,44.01136,49.39636,48.38388,47.75982,44.27189,47.12749,45.88028,49.47727,43.68066,45.88028,44.01136,43.41659,43.65776,40.26164,45.22168,43.46263,40.8534,39.92493,39.92493,38.01316,36.71512,33.12099,37.20215,33.83785,31.241,29.69848,28.42534,24.75884,23.43075,25.05993,20.80865,19.72308,17.0,16.12452,17.46425,13.92839,13.92839,11.18034,11.04536,11.40175,11.40175,10.29563,7.61577,6.08276,48.27007,49.47727,48.6621,55.10898,54.12947,57.31492,56.22277,56.88585,60.29925,55.14526,60.13319,61.07373,61.03278,64.00781,64.00781,62.20129,67.06713,64.0,67.0,63.00794,66.00758,64.03124,63.0,65.03076,65.06919,66.06815,61.13101,64.77654,65.62012,66.28725,62.16912,67.08204,64.53681,65.25335,64.84597,64.51356,64.51356,66.85058,67.23095,68.54196,69.77822,66.18912,70.23532,67.60178,72.89719,66.88797,66.88797,70.49113,66.88797,65.51336,66.03787,67.41662,66.61081,62.20129,64.40497,64.2028,59.5483
9.84886,9.48683,9.48683,9.21954,9.21954,9.21954,9.21954,9.21954,9.21954,9.05539,9.05539,9.05539,9.05539,9.05539,9.0,9.05539,8.0,9.05539,8.0,8.0,8.0,8.0,8.06226,8.06226,8.06226,8.06226,8.06226,7.07107,7.28011,7.28011,6.32456,6.32456,5.38516,5.38516,5.83095,5.0,5.0,3.60555,3.60555,3.60555,2.82843,2.82843,2.82843,2.82843,2.23607,2.23607,2.23607,1.41421,1.41421,1.41421,1.0,1.0,54.6443,56.40035,54.91812,52.69725,50.24938,49.39636,49.24429,48.8467,52.0,50.15974,48.70318,49.47727,48.27007,48.76474,45.35416,47.53946,48.05206,47.29693,44.91102,46.52956,45.54119,45.54119,45.27693,44.18144,46.17359,44.28318,44.91102,45.39824,41.7732,43.17407,43.41659,42.44997,40.5216,39.84972,39.0,35.34119,32.31099,29.96665,32.20248,30.0,26.24881,26.87006,24.75884,24.04163,21.26029,17.88854,18.60108,17.02939,14.86607,12.52996,12.64911,11.18034,12.16553,10.44031,7.07107,8.24621,6.32456,47.43416,50.28916,49.64877,50.21952,54.12947,51.78803,53.36666,55.31727,58.0517,56.4358,57.14018,60.40695,62.80127,64.28063,62.20129,62.1289,65.27634,63.1981,63.3877,62.20129,63.50591,65.76473,62.28965,64.19502,61.29437,62.80127,63.63961,62.36986,62.58594,62.0967,62.0967,60.72891,61.09828,63.97656,62.64982,63.56099,64.84597,65.0,63.52952,68.09552,68.60029,67.74216,68.50547,67.42403,66.61081,66.61081,66.21933,66.6033,69.52697,67.00746,64.53681,68.68042,63.78087,60.959,65.29931,63.65532,58.69412
10.19804,10.19804,10.04988,10.04988,9.05539,9.05539,9.0,9.0,10.0,9.0,9.0,9.0,9.05539,9.05539,9.05539,9.05539,9.05539,9.05539,9.05539,9.05539,9.05539,8.06226,8.0,8.06226,8.0,8.0,8.0,7.0,7.07107,7.07107,7.07107,6.08276,6.08276,6.32456,5.38516,5.38516,4.47214,4.47214,3.60555,3.60555,3.60555,3.60555,2.23607,2.82843,2.82843,2.23607,2.23607,1.41421,1.41421,1.41421,1.0,1.0,56.36488,53.31041,55.02727,47.75982,52.39275,48.38388,51.24451,50.69517,48.76474,49.24429,46.27094,48.16638,46.27094,45.17743,43.56604,45.27693,45.04442,48.09366,48.01042,44.18144,48.09366,44.01136,46.0,46.01087,44.04543,45.01111,41.10961,45.17743,43.18565,39.45884,41.0,40.79216,41.0,37.64306,34.20526,35.73514,31.62278,31.95309,29.73214,27.78489,24.20744,26.90725,25.0,21.93171,21.93171,17.80449,18.02776,15.26434,16.12452,13.0,12.36932,10.44031,8.544,7.0,8.24621,8.06226,10.44031,46.01087,50.60632,45.45327,48.82622,48.82622,54.3783,51.62364,50.0,57.3062,55.47071,55.03635,57.70615,61.7171,61.46544,63.95311,60.40695,64.19502,63.32456,66.21178,60.92618,60.92618,63.07139,56.85948,64.07808,61.26989,62.6099,64.40497,61.26989,60.37384,62.76942,59.64059,62.1289,62.20129,61.7171,63.89053,63.12686,64.3506,62.62587,63.70243,67.89698,67.89698,63.63961,67.94115,68.68042,65.79514,64.38167,65.0,66.21933,67.62396,63.82006,65.0,66.06815,63.41136,57.42822,62.62587,66.37017,58.83026
8.544,8.544,8.544,8.94427,8.94427,8.06226,8.06226,8.06226,7.2111,8.06226,7.81025,7.81025,7.81025,7.81025,7.81025,7.81025,7.81025,7.07107,7.07107,7.07107,7.07107,7.07107,6.40312,7.07107,7.81025,6.40312,6.40312,6.40312,5.83095,5.83095,5.83095,5.38516,5.38516,5.09902,4.12311,4.12311,4.0,4.0,3.0,3.0,3.16228,2.23607,2.23607,2.23607,2.23607,1.41421,1.41421,1.41421,2.23607,1.41421,2.0,2.0,55.7853,50.21952,54.08327,52.0,48.10405,48.8467,46.51881,51.88449,47.01064,49.24429,46.87217,45.27693,49.64877,45.0,42.52058,44.82187,48.27007,44.82187,45.45327,41.86884,48.08326,44.59821,44.55334,45.25483,41.10961,41.72529,38.18377,40.45986,41.10961,38.94868,37.53665,37.01351,38.27532,40.49691,31.76476,35.34119,32.20248,30.8707,28.4605,26.92582,25.0,25.31798,22.02272,21.37756,21.0238,17.0,18.43909,17.26268,13.34166,13.0384,10.81665,11.6619,11.18034,10.81665,9.43398,8.48528,8.48528,45.22168,49.76947,48.46648,54.626,51.89412,52.3259,56.82429,56.93856,56.4358,56.0803,57.45433,61.40033,62.64982,63.81222,63.28507,58.82176,68.24222,59.64059,65.51336,64.40497,62.68174,66.03787,61.29437,61.77378,64.3506,62.64982,61.77378,64.41273,63.07139,63.97656,59.80803,62.96825,64.84597,61.35145,66.09841,62.64184,63.56099,65.30697,65.73431,68.06614,67.74216,65.37584,66.18912,67.18631,67.06713,67.1193,65.03076,69.00725,67.02984,67.0,67.06713,63.1981,64.12488,60.13319,60.40695,63.50591,57.55867
8.60233,8.60233,8.94427,8.06226,8.94427,8.06226,7.61577,7.61577,7.61577,8.24621,7.61577,8.544,7.28011,7.28011,7.28011,7.28011,7.28011,7.28011,7.28011,7.28011,7.28011,7.28011,7.28011,7.28011,7.28011,6.32456,6.7082,6.7082,5.83095,5.83095,5.83095,5.0,5.0,5.0,5.0,5.0,5.0,3.60555,3.60555,3.60555,3.16228,3.16228,3.16228,3.0,3.0,3.0,3.0,2.0,2.0,2.23607,2.23607,2.23607,54.20332,50.80354,50.9902,50.24938,48.10405,53.15073,46.8615,51.73973,48.27007,47.80167,47.20169,48.01042,49.09175,46.64762,46.32494,47.01064,48.30114,44.28318,45.17743,45.18849,47.41308,41.78516,43.86342,41.62932,42.94182,44.77723,42.04759,43.08132,41.62932,39.82462,40.81666,38.58756,36.35932,35.51056,35.38361,36.12478,35.4683,32.52691,30.41381,27.45906,29.15476,25.63201,21.09502,21.9545,21.0238,21.58703,17.11724,14.31782,13.15295,15.0,14.03567,12.64911,12.36932,9.0,8.24621,9.43398,8.60233,47.29693,49.0306,49.64877,54.58938,52.23983,54.14795,54.14795,55.00909,57.00877,57.00877,60.0,63.03174,62.0,64.03124,63.07139,63.1981,66.37017,61.07373,64.12488,65.19202,65.12296,63.03174,65.12296,63.0,62.00806,62.03225,64.00781,65.06919,64.00781,63.1981,60.29925,63.3877,62.64982,63.78871,66.70832,64.53681,64.84597,65.51336,66.40783,67.77905,69.28925,65.9242,69.89278,68.70953,65.0,69.07966,67.77905,64.40497,67.08204,65.74192,66.64833,67.1193,64.88451,62.17717,62.96825,62.43397,58.00862
9.05539,9.05539,9.05539,9.05539,8.06226,9.21954,8.24621,8.24621,8.24621,8.24621,8.24621,8.544,8.544,8.544,7.61577,8.544,8.544,8.544,7.61577,7.61577,7.61577,7.61577,7.61577,7.61577,7.28011,7.28011,7.28011,7.07107,6.08276,6.08276,6.08276,6.0,5.0,5.0,5.0,4.0,4.12311,4.12311,3.16228,3.16228,3.16228,2.23607,2.23607,2.23607,1.41421,1.41421,1.41421,1.0,1.0,1.0,1.0,1.0,51.92302,53.45091,53.36666,50.80354,52.61179,53.33854,48.25971,48.25971,48.09366,48.0,48.04165,50.08992,48.50773,45.54119,46.17359,45.70558,45.70558,42.2019,45.54119,43.93177,45.70558,44.55334,43.56604,43.56604,42.57934,40.79216,43.56604,40.60788,39.45884,40.31129,41.19466,41.10961,37.0,36.01389,36.05551,33.37664,32.01562,29.83287,29.73214,29.83287,27.20294,24.16609,22.36068,20.59126,17.88854,18.60108,17.02939,15.0,12.72792,15.81139,12.52996,13.0384,11.7047,10.04988,10.19804,7.61577,8.0,46.01087,50.20956,50.32892,51.66237,50.60632,52.80152,54.20332,56.40035,58.60034,58.82176,59.36329,60.20797,63.82006,61.40033,64.14047,62.26556,65.19202,65.76473,62.26556,63.28507,62.43397,66.57327,62.96825,63.28507,60.46487,63.82006,59.64059,60.21628,63.24555,63.60031,59.5483,63.12686,59.46427,61.55485,63.78087,65.06919,62.482,64.66065,65.80274,68.24954,66.4003,66.61081,69.06519,68.24222,67.23095,69.46222,65.8635,67.23095,64.00781,66.24198,65.36819,64.88451,64.41273,58.13777,63.15853,61.84658,61.7414
9.21954,10.04988,9.05539,9.05539,9.05539,9.0,9.0,9.0,9.0,9.0,9.05539,9.05539,8.06226,9.05539,8.06226,8.06226,8.06226,8.06226,8.06226,8.06226,8.06226,8.06226,8.06226,8.06226,8.06226,8.06226,8.06226,7.0,7.07107,7.0,6.08276,6.08276,6.08276,6.32456,5.09902,5.38516,5.38516,4.47214,4.47214,4.47214,3.60555,3.60555,3.60555,2.82843,2.82843,2.82843,2.82843,2.23607,2.23607,2.23607,2.23607,2.23607,56.79789,52.80152,52.20153,54.12024,53.45091,47.29693,53.60037,51.92302,46.87217,46.27094,51.08816,50.15974,51.0,46.01087,46.09772,51.0098,47.0,45.0,45.09989,50.15974,46.09772,46.01087,42.29657,44.28318,41.30375,43.18565,46.17359,42.0119,44.01136,42.0,41.01219,37.0,40.11234,34.23449,38.0526,33.73426,32.28002,31.95309,31.04835,31.04835,29.15476,26.40076,25.94224,24.20744,19.84943,19.84943,18.02776,17.02939,16.27882,14.86607,14.21267,12.04159,11.6619,11.18034,12.0,8.544,10.0,48.02083,48.02083,49.65884,49.1935,53.22593,51.47815,54.626,54.626,56.46238,55.71355,57.24509,60.44005,63.24555,61.68468,60.72891,62.93648,63.60031,64.56005,64.84597,63.89053,61.68468,61.35145,63.90618,64.19502,61.84658,63.32456,61.09828,60.53924,62.6099,59.9333,61.7171,62.26556,61.40033,60.46487,63.00794,67.20119,65.80274,65.43699,64.44377,66.52819,66.52819,67.89698,67.88225,70.71068,64.3506,67.00746,69.52697,64.40497,67.62396,66.70832,63.12686,67.42403,60.21628,60.21628,62.42596,59.16925,62.64982
8.94427,8.06226,8.544,8.544,8.544,7.61577,8.544,8.544,8.24621,8.24621,8.24621,8.24621,8.06226,7.07107,7.07107,8.06226,7.07107,8.06226,7.07107,7.0,7.07107,7.07107,7.07107,7.07107,7.07107,7.28011,6.32456,6.32456,6.32456,6.32456,5.38516,5.83095,5.38516,5.0,5.0,5.0,4.24264,4.24264,3.60555,3.60555,3.60555,3.16228,3.16228,3.16228,3.0,3.0,2.0,2.0,2.0,2.0,2.23607,2.23607,55.71355,52.92447,52.81098,46.8188,50.28916,48.05206,50.80354,52.17279,47.67599,48.05206,47.51842,47.16991,47.16991,46.09772,44.04543,46.0,49.0408,46.27094,45.17743,46.04346,49.25444,45.04442,45.04442,42.19005,42.04759,46.17359,43.10452,43.10452,41.19466,38.01316,41.19466,40.1995,36.05551,36.22154,36.22154,35.51056,30.80584,32.55764,30.36445,25.94224,27.29469,26.62705,23.02173,21.09502,20.0,17.02939,17.02939,13.45362,14.42221,14.31782,12.20656,11.40175,9.84886,9.48683,8.06226,9.21954,10.19804,48.01042,46.64762,49.64877,52.83938,52.3259,53.66563,55.00909,58.69412,58.60034,58.87274,59.61543,60.08328,62.76942,62.39391,61.68468,60.40695,68.00735,60.74537,63.90618,63.90618,63.56886,65.19202,62.62587,64.4748,64.62198,65.39113,62.16912,63.97656,61.77378,64.00781,61.77378,67.1193,61.58734,63.24555,68.60029,67.00746,62.482,65.8559,65.79514,67.89698,67.17887,69.52697,68.62215,68.0147,68.0147,64.38167,68.88396,65.0,67.62396,64.81512,67.1193,64.07027,64.89992,61.85467,64.49806,62.76942,60.20797
9.48683,8.544,8.544,8.544,7.61577,8.94427,8.94427,8.06226,8.94427,8.06226,8.06226,8.60233,8.06226,8.06226,7.2111,7.81025,8.60233,7.81025,7.81025,7.2111,7.2111,7.2111,7.2111,7.2111,7.2111,7.2111,6.7082,6.7082,6.7082,6.7082,5.38516,5.38516,5.09902,4.12311,5.09902,4.12311,4.0,3.0,3.0,3.0,3.0,2.0,2.23607,2.23607,2.23607,1.41421,1.41421,1.41421,1.41421,1.0,1.0,1.0,55.08176,55.08176,50.48762,50.69517,54.12947,50.44799,51.24451,48.08326,49.39636,48.38388,48.8467,48.33218,48.33218,47.85394,47.85394,47.85394,46.95743,42.54409,43.04649,45.17743,47.01064,46.32494,43.82921,42.2019,41.88078,42.72002,44.94441,43.56604,41.62932,41.62932,39.81206,39.92493,34.78505,35.4683,36.05551,30.80584,32.28002,29.12044,28.44293,30.41381,25.07987,28.28427,20.22375,18.43909,18.43909,19.41649,17.72005,13.41641,15.26434,12.08305,12.52996,11.18034,11.31371,8.60233,3.60555,10.0,8.94427,46.09772,48.30114,51.97115,51.47815,55.07268,53.53504,53.00943,55.22681,56.60389,57.42822,61.84658,58.25805,63.25346,60.959,60.60528,65.19202,66.6033,63.78087,64.44377,64.03124,63.89053,62.482,64.66065,64.44377,62.28965,64.03124,63.25346,59.64059,63.24555,63.24555,61.91123,62.26556,62.64982,67.1193,66.70832,65.9242,68.15424,66.30988,66.48308,65.78754,66.09841,70.88018,69.12308,71.56815,64.56005,64.7611,66.61081,67.60178,66.75328,66.09841,65.51336,65.30697,62.80127,62.514,60.67125,59.07622,61.03278
8.06226,8.94427,8.94427,8.94427,8.94427,8.544,8.544,8.544,8.24621,7.61577,7.28011,8.24621,8.24621,8.24621,8.24621,7.07107,8.06226,7.07107,7.28011,7.07107,7.28011,7.07107,7.28011,7.28011,7.28011,7.28011,6.32456,6.32456,6.7082,5.38516,5.83095,5.83095,5.0,5.0,4.24264,4.24264,3.60555,3.60555,3.60555,3.16228,2.23607,2.23607,2.23607,2.0,1.0,1.0,1.0,2.0,1.41421,1.41421,1.41421,1.41421,53.60037,53.0,51.0,50.9902,50.56679,50.56679,48.46648,50.15974,46.8188,48.08326,49.47727,50.44799,49.0306,46.87217,45.54119,46.52956,46.52956,47.85394,43.10452,46.04346,47.16991,42.42641,46.38965,43.10452,43.28972,43.41659,43.73786,42.75512,41.7732,41.19466,40.79216,39.05125,39.21734,37.0,36.05551,34.53983,31.7805,32.24903,30.52868,27.78489,25.0,24.83948,22.62742,21.93171,21.26029,17.02939,17.49286,15.65248,13.34166,15.23155,13.0,10.77033,9.0,9.48683,8.06226,9.21954,7.28011,46.52956,48.37355,48.30114,52.0,52.20153,54.42426,55.71355,57.24509,57.87055,58.24088,59.20304,58.94065,61.13101,64.7611,62.36185,64.03124,62.16912,64.7611,63.34824,64.32729,65.25335,64.03124,65.0,64.84597,62.0967,63.89053,63.24555,64.19502,63.24555,64.2573,62.39391,66.30988,64.41273,64.84597,65.36819,62.43397,67.23095,64.07027,65.73431,69.63476,68.8186,70.43437,67.00746,67.62396,68.24954,68.593,69.31089,67.88225,67.88225,65.79514,65.8559,62.2254,65.06919,59.4138,64.38167,61.07373,59.81639
9.84886,9.84886,8.94427,8.94427,8.06226,9.43398,8.60233,8.60233,8.60233,8.60233,8.60233,8.60233,7.81025,8.60233,7.81025,8.48528,8.48528,7.81025,7.81025,7.81025,7.81025,7.81025,7.81025,7.81025,7.2111,7.2111,7.2111,6.7082,6.7082,6.7082,6.32456,5.38516,5.38516,5.09902,6.08276,5.09902,5.09902,4.0,4.0,4.0,4.12311,4.12311,3.16228,3.16228,3.16228,3.16228,2.23607,2.82843,2.82843,2.82843,2.82843,2.23607,55.4617,52.39275,52.83938,49.73932,51.62364,48.25971,48.60041,49.64877,48.01042,49.20366,48.27007,49.51767,47.42362,48.10405,48.08326,46.66905,48.79549,47.42362,46.75468,44.59821,46.01087,44.04543,42.80187,40.60788,42.0119,38.41875,41.23106,39.05125,38.8973,43.27817,41.03657,42.52058,36.40055,34.71311,35.22783,31.90611,32.75668,31.90611,28.17801,25.63201,26.57066,25.4951,21.58703,23.19483,22.09072,19.41649,20.09975,17.02939,16.03122,14.31782,14.86607,13.0,11.18034,10.0,10.63015,10.0,11.40175,48.04165,49.0,51.0098,52.34501,53.15073,51.35173,51.24451,56.22277,59.84146,57.70615,59.66574,62.36986,63.56099,63.78871,64.03124,59.48109,64.56005,65.52099,61.61169,65.0,64.53681,65.0,63.06346,61.13101,62.36986,66.28725,64.7611,65.9242,63.15061,62.80127,62.39391,63.3877,62.20129,66.0,66.0,66.00758,65.06919,66.00758,68.11755,71.44928,68.88396,67.74216,68.35934,69.58448,68.88396,66.91039,69.2315,67.68309,66.48308,63.78871,62.16912,67.68309,64.03124,62.36185,62.93648,60.72891,59.46427
9.43398,9.43398,9.84886,9.84886,8.94427,9.48683,9.48683,9.48683,9.48683,8.544,9.48683,9.21954,8.24621,8.24621,9.21954,9.21954,9.21954,8.24621,8.24621,8.24621,8.24621,8.24621,7.28011,8.24621,8.24621,7.28011,7.61577,7.61577,7.61577,6.7082,7.2111,7.2111,6.40312,6.40312,5.65685,5.0,5.0,5.0,5.0,5.0,3.60555,3.60555,3.16228,3.60555,3.16228,3.16228,2.23607,3.16228,2.0,2.0,2.0,2.0,56.72742,51.73973,55.17246,53.07542,49.0408,52.00961,47.20169,52.20153,43.82921,51.0,48.02083,49.65884,51.89412,46.51881,48.30114,50.69517,48.8467,45.69464,48.33218,41.4367,50.59644,44.92215,49.0408,48.46648,41.78516,45.31004,39.84972,42.37924,42.37924,41.78516,41.23106,41.78516,36.35932,40.49691,33.54102,38.27532,31.82766,34.20526,31.82766,26.87006,23.34524,27.65863,24.41311,25.23886,22.36068,18.78829,18.38478,17.72005,12.64911,14.56022,13.34166,10.19804,12.16553,9.84886,10.44031,10.19804,9.05539,46.87217,51.24451,48.16638,55.08176,49.09175,54.00926,53.23533,56.0,56.00893,53.08484,58.07753,59.21149,62.03225,65.19202,65.27634,58.69412,67.47592,59.5399,66.0303,63.78871,64.07027,67.36468,59.03389,63.1981,63.1981,64.0,63.00794,65.00769,60.00833,65.0,59.21149,68.46897,60.82763,62.96825,64.13267,64.32729,61.40033,64.84597,65.80274,69.89278,73.05477,64.07808,74.46476,67.23095,72.91776,63.95311,68.42514,66.7308,68.0,61.77378,67.08204,68.26419,69.35416,56.60389,60.03332,63.51378,59.36329
9.43398,8.94427,8.94427,8.544,8.544,8.544,8.544,8.544,8.544,8.24621,8.24621,8.24621,8.24621,8.24621,8.06226,8.06226,8.06226,8.06226,8.06226,8.06226,8.06226,7.07107,8.24621,7.07107,7.28011,7.28011,6.32456,6.32456,6.32456,6.7082,6.32456,5.38516,5.83095,5.0,5.0,5.0,5.0,4.24264,3.60555,3.60555,3.60555,3.16228,3.16228,3.16228,3.16228,3.0,3.0,2.0,2.0,2.0,2.23607,2.23607,53.00943,51.86521,53.0,49.73932,48.30114,48.75449,48.33218,47.92703,47.16991,47.75982,47.75982,46.17359,46.17359,44.38468,42.44997,45.89118,46.38965,43.56604,43.41659,42.29657,45.54119,44.55334,45.27693,45.39824,40.79216,40.1995,41.59327,42.29657,39.20459,39.62323,39.81206,39.05125,37.10795,36.87818,34.53983,31.7805,33.61547,30.8707,28.17801,27.65863,27.20294,24.75884,20.61553,19.84943,19.84943,16.12452,16.40122,15.0,14.56022,13.60147,14.14214,12.04159,9.21954,10.19804,7.07107,9.21954,10.29563,48.46648,45.22168,50.92151,54.57105,53.15073,53.93515,54.12947,61.40033,53.75872,57.42822,58.69412,59.68249,61.98387,65.73431,60.29925,63.1981,66.18912,61.13101,62.39391,62.80127,63.63961,63.50591,65.62012,64.77654,62.96825,62.96825,60.41523,61.39218,61.13101,62.64184,60.72891,62.62587,61.98387,63.24555,67.41662,60.92618,63.06346,67.1193,63.63175,66.03787,68.26419,65.19202,68.50547,67.6757,65.19202,64.07027,64.07027,64.40497,66.21933,66.70832,67.20863,65.79514,62.28965,60.10824,64.3506,60.10824,55.86591
8.24621,8.544,8.544,8.544,7.61577,7.61577,7.61577,6.7082,6.7082,8.06226,7.61577,7.2111,7.2111,7.2111,7.2111,7.2111,7.2111,7.2111,7.2111,7.2111,7.2111,7.2111,6.7082,7.2111,6.7082,5.83095,5.83095,6.32456,6.32456,5.38516,5.09902,5.09902,5.09902,5.0,4.0,4.0,4.12311,4.12311,3.16228,3.16228,2.23607,2.23607,2.23607,2.23607,2.23607,2.23607,2.23607,1.41421,2.23607,2.23607,2.0,2.0,50.21952,52.49762,52.39275,48.46648,47.88528,45.61798,50.53712,47.41308,44.10215,45.79301,45.45327,47.20169,44.20407,45.80393,44.82187,46.69047,43.86342,44.68781,42.44997,46.69047,40.31129,42.42641,42.44997,42.42641,43.18565,41.03657,42.44997,43.84062,41.10961,39.62323,39.62323,34.05877,37.73592,33.28663,34.4093,33.54102,33.83785,31.76476,30.8707,26.57066,24.73863,22.56103,24.18677,21.09502,19.0,17.11724,17.02939,19.0263,13.34166,12.16553,9.21954,9.48683,12.20656,11.31371,7.07107,9.21954,8.60233,47.29693,47.43416,50.28916,50.69517,53.85165,53.22593,56.64804,55.4617,58.18075,58.60034,59.05929,59.5399,59.94164,61.40033,61.29437,65.51336,63.13478,64.66065,65.36819,63.52952,64.41273,65.76473,69.77105,63.97656,63.50591,61.7414,60.37384,63.07139,65.9242,64.2573,60.16644,67.6757,66.09841,63.06346,65.96969,62.36986,66.91039,67.60178,64.49806,66.48308,63.28507,69.18092,68.18358,73.17103,66.06815,66.00758,67.06713,66.18912,64.12488,69.18092,66.1211,62.28965,59.21149,64.62971,65.06919,61.66036,62.514
9.21954,9.21954,9.21954,9.21954,8.60233,8.60233,8.60233,8.60233,8.06226,8.06226,8.06226,8.94427,7.61577,7.61577,7.61577,8.94427,7.61577,7.61577,7.61577,7.61577,7.61577,7.61577,7.61577,6.7082,6.7082,8.06226,7.2111,7.2111,6.40312,6.40312,5.65685,5.65685,5.65685,5.0,5.83095,5.0,4.47214,4.47214,4.12311,4.12311,4.12311,4.0,3.0,3.0,3.0,3.0,3.16228,2.23607,2.23607,2.23607,2.23607,2.23607,53.8145,52.40229,52.34501,50.20956,50.93133,49.0408,47.20169,48.82622,52.15362,48.25971,50.21952,42.19005,47.01064,45.17743,46.52956,47.01064,46.09772,42.15448,44.38468,43.82921,45.18849,42.04759,44.38468,42.15448,41.62932,39.92493,42.95346,41.62932,40.31129,41.18252,39.96248,39.66106,35.51056,34.66987,34.82815,33.30165,31.1127,30.61046,26.40076,28.01785,29.20616,27.45906,20.59126,20.12461,18.78829,18.02776,19.10497,14.03567,17.11724,16.12452,15.0333,12.36932,13.92839,10.77033,10.19804,11.18034,9.84886,47.53946,49.0408,47.53946,50.28916,50.28916,53.85165,54.81788,54.81788,57.48913,56.08921,58.42089,61.18823,63.95311,61.40033,62.514,62.514,63.3877,62.39391,64.49806,65.27634,63.50591,64.38167,64.19502,63.3877,63.50591,64.93843,63.95311,62.80127,62.36986,61.61169,63.78871,64.28841,68.00735,61.98387,65.78754,64.51356,64.51356,65.0,67.97794,69.857,67.97794,68.0,67.08204,67.60178,65.76473,64.66065,67.23095,68.50547,65.19202,63.28507,64.3506,64.63745,64.89992,60.80296,61.03278,60.80296,59.03389
9.21954,10.19804,9.21954,9.21954,9.05539,9.05539,9.05539,9.0,9.0,9.0,9.0,9.0,9.0,8.0,8.0,9.0,9.05539,8.06226,8.06226,8.0,8.0,8.0,8.0,8.0,8.0,8.0,7.0,7.07107,7.07107,7.07107,6.32456,6.32456,6.32456,5.38516,5.38516,5.38516,4.47214,5.0,5.0,4.24264,4.24264,3.60555,3.60555,2.82843,2.82843,2.82843,2.23607,2.23607,2.23607,2.23607,2.23607,2.23607,48.30114,50.9902,52.20153,49.98,51.66237,50.44799,48.27007,46.57252,46.52956,48.37355,49.49747,48.04165,49.25444,44.01136,46.01087,48.04165,47.09565,45.17743,45.09989,45.01111,49.0102,44.18144,45.17743,43.0,41.04875,41.01219,41.19466,44.10215,40.11234,43.01163,40.0125,42.04759,37.05401,37.48333,37.33631,33.24154,31.04835,33.52611,30.46309,27.85678,28.63564,25.55386,23.60085,21.9545,21.26029,18.43909,14.86607,15.0,15.6205,13.45362,13.41641,9.84886,10.29563,11.7047,9.05539,8.24621,10.04988,45.80393,48.82622,48.8774,50.24938,53.0,52.15362,53.66563,53.23533,57.27128,58.13777,56.82429,59.9333,59.9333,60.83584,62.64982,60.16644,64.62198,63.69458,65.39113,62.39391,63.69458,68.00735,62.64982,61.7414,64.40497,62.17717,63.50591,65.36819,61.7171,64.49806,63.51378,63.51378,63.51378,64.63745,62.80127,64.03124,65.94695,65.11528,63.65532,66.48308,65.19202,65.06919,67.26812,70.29225,67.35726,65.19202,65.43699,67.62396,67.62396,63.00794,65.21503,65.73431,64.3506,60.74537,63.63175,57.45433,61.03278
9.05539,9.05539,9.05539,9.05539,9.05539,9.0,9.0,9.0,9.0,8.0,9.0,9.05539,8.06226,8.06226,8.06226,8.06226,8.06226,8.06226,8.06226,8.06226,8.06226,8.06226,8.06226,8.06226,7.0,7.07107,7.0,7.0,7.0,7.07107,6.08276,6.08276,6.08276,5.38516,5.09902,5.38516,5.38516,4.47214,3.60555,3.60555,3.60555,3.60555,3.60555,2.82843,2.82843,2.82843,2.82843,2.23607,2.23607,2.23607,2.23607,2.23607,51.35173,48.25971,48.09366,51.0098,51.15662,51.0392,50.15974,47.26521,46.52956,48.83646,48.05206,47.53946,50.0,43.17407,48.38388,46.48656,46.57252,44.27189,44.01136,46.51881,46.51881,46.51881,42.95346,42.54409,41.10961,42.15448,44.38468,44.59821,39.84972,43.08132,40.16217,40.49691,36.13862,36.87818,35.90265,33.37664,31.40064,32.01562,30.01666,29.0,26.01922,26.30589,22.56103,21.37756,18.78829,20.88061,17.08801,13.89244,16.12452,12.72792,11.40175,9.43398,10.0,12.08305,8.24621,7.28011,10.77033,46.09772,46.75468,50.20956,49.51767,52.3259,53.2635,52.63079,54.48853,59.03389,58.25805,59.03389,61.40033,62.36986,61.40033,60.80296,63.82006,65.60488,63.00794,63.82006,64.63745,64.40497,63.60031,67.42403,66.4003,62.80127,63.25346,64.53681,59.5483,64.3506,65.79514,64.3506,64.44377,64.3506,63.12686,65.21503,65.45991,68.50547,66.57327,65.51336,67.74216,66.37017,71.58911,68.88396,69.857,67.1193,66.30988,67.62396,68.15424,63.90618,64.62198,68.94926,63.24555,61.46544,60.72891,61.68468,61.13101,57.07013
8.0,8.0,8.0,8.06226,8.06226,8.06226,8.06226,8.06226,7.07107,8.24621,7.28011,7.28011,7.28011,7.28011,7.28011,7.28011,6.32456,7.28011,6.7082,7.28011,7.28011,7.28011,7.28011,6.32456,6.32456,6.32456,6.08276,6.08276,6.08276,6.0,5.0,5.0,5.0,5.0,4.12311,4.12311,3.16228,3.16228,3.16228,3.60555,2.82843,2.82843,2.82843,2.23607,2.23607,2.23607,2.23607,2.23607,2.23607,2.0,2.0,2.0,53.60037,54.08327,50.15974,48.04165,51.0098,50.01,49.0408,49.16299,49.64877,45.12206,45.89118,42.95346,46.09772,47.29693,46.09772,46.57252,46.48656,42.37924,42.72002,45.22168,44.38468,43.32436,43.46263,44.94441,44.59821,43.08132,41.23106,43.32436,40.8534,40.80441,38.8973,35.90265,36.67424,36.49658,33.24154,35.0571,32.06244,33.01515,29.27456,25.17936,26.4764,20.88061,20.22375,21.54066,20.12461,15.81139,16.64332,16.55295,14.86607,13.45362,12.04159,11.6619,9.21954,13.0384,10.19804,8.544,9.0,46.04346,47.80167,50.0,51.85557,54.56189,55.17246,52.49762,55.9017,57.28001,57.31492,60.87693,60.1415,62.96825,62.24147,62.482,63.12686,64.38167,63.78087,64.38167,65.11528,63.70243,66.6033,67.35726,67.26812,64.44377,64.3506,63.70243,62.2254,66.48308,66.6033,61.7171,65.11528,65.60488,66.85058,67.1193,65.45991,66.57327,66.57327,66.7308,64.88451,65.76473,68.8767,72.91776,71.58911,67.1193,68.02941,67.23095,66.85058,64.84597,65.45991,64.84597,64.56005,61.68468,61.03278,65.52099,60.63827,61.39218
10.0,9.05539,9.05539,9.05539,9.05539,9.05539,9.21954,9.21954,9.21954,9.21954,9.21954,9.21954,8.24621,8.24621,8.24621,8.544,8.544,8.544,8.544,7.61577,7.28011,7.61577,7.61577,7.28011,7.28011,7.28011,7.28011,7.07107,7.07107,7.07107,6.0,6.0,6.0,5.09902,6.08276,5.09902,5.09902,4.47214,4.47214,4.47214,4.12311,3.60555,3.60555,3.60555,2.82843,2.82843,2.82843,2.82843,2.23607,2.23607,2.23607,2.23607,54.03702,50.15974,51.47815,51.97115,52.39275,50.69517,48.27007,48.76474,46.84015,51.26402,47.16991,44.38468,48.30114,44.28318,46.52956,47.70744,45.27693,43.909,44.29447,46.32494,48.82622,46.04346,44.10215,42.94182,41.04875,40.49691,43.04649,41.34005,38.94868,41.18252,42.54409,40.24922,37.16181,37.69615,34.53983,32.55764,30.80584,31.40064,29.06888,29.15476,27.29469,26.07681,22.09072,20.39608,17.72005,19.10497,18.97367,15.23155,13.92839,15.65248,13.60147,10.29563,12.04159,10.0,10.81665,9.43398,10.63015,47.88528,48.76474,47.16991,52.69725,51.0392,51.40039,52.80152,56.22277,60.60528,54.81788,59.03389,60.44005,62.00806,64.2028,64.53681,63.12686,66.52819,63.70243,63.78087,62.93648,65.19202,67.26812,63.41136,65.0,61.22091,63.60031,66.4003,68.24222,63.00794,69.97142,63.13478,65.73431,65.0,65.76473,64.41273,66.21178,63.15853,67.41662,68.00735,65.80274,71.51224,67.72001,72.12489,70.0928,69.857,67.44627,70.0928,65.96969,64.7611,63.34824,62.16912,64.49806,60.82763,59.84146,58.54912,64.19502,58.03447
8.06226,8.06226,8.60233,8.60233,8.60233,7.81025,8.48528,8.48528,8.48528,8.48528,8.48528,7.81025,8.48528,7.81025,7.81025,7.81025,7.81025,7.81025,7.81025,7.81025,7.81025,7.81025,7.07107,7.07107,7.07107,7.07107,6.40312,6.40312,6.40312,5.83095,5.83095,5.83095,5.38516,4.47214,4.12311,4.12311,4.0,4.0,3.0,3.0,3.0,2.23607,2.23607,2.23607,2.23607,2.23607,1.41421,1.41421,1.41421,2.23607,2.0,2.0,54.08327,53.45091,51.07837,47.42362,49.64877,47.41308,50.53712,46.64762,49.09175,42.80187,48.60041,46.8615,48.41487,48.83646,43.86342,43.84062,44.59821,44.55334,42.42641,46.69047,43.93177,43.84062,43.18565,43.84062,41.7732,42.44997,41.7732,41.01219,40.45986,38.8973,38.28838,37.53665,37.01351,35.80503,34.4093,32.64966,34.0,30.8707,29.73214,24.35159,26.57066,23.76973,21.58703,24.18677,20.02498,18.0,14.56022,16.12452,10.77033,13.0,9.43398,11.6619,9.84886,12.04159,9.21954,7.81025,8.544,47.67599,46.69047,51.41984,50.96077,51.66237,50.96077,55.65968,54.70832,55.36244,59.80803,59.23681,61.09828,62.62587,63.69458,61.84658,66.21178,64.07808,64.4748,64.62198,64.07808,63.15853,68.02941,69.07966,65.19202,65.19202,63.90618,63.24555,63.32456,66.7308,62.93648,66.21933,64.7611,65.0,63.95311,68.24954,63.63961,70.34913,65.62012,67.1193,70.06426,66.06815,71.00704,67.00746,72.0,64.07027,70.02857,68.18358,66.18912,65.12296,72.44308,67.26812,65.11528,61.29437,65.62012,65.76473,59.43904,62.16912
9.43398,9.43398,8.94427,9.84886,8.94427,8.94427,9.48683,9.48683,9.48683,9.48683,9.48683,9.48683,8.24621,8.24621,8.24621,9.48683,9.21954,9.21954,8.24621,8.24621,8.24621,8.24621,8.24621,8.24621,7.28011,7.61577,7.61577,7.61577,6.7082,6.7082,5.83095,5.83095,5.83095,5.83095,5.0,5.0,4.24264,4.24264,3.60555,2.82843,3.60555,3.60555,2.23607,2.23607,2.23607,2.0,2.23607,1.0,1.0,1.0,1.0,1.0,57.2014,50.60632,55.15433,50.20956,45.96738,48.79549,48.83646,52.00961,46.40043,47.01064,49.92995,50.21952,46.04346,45.27693,49.09175,46.64762,45.65085,46.52956,47.53946,46.06517,46.52956,44.28318,46.23851,45.69464,43.38202,40.31129,41.67733,42.54409,40.71855,40.31129,38.01316,40.22437,36.40055,37.20215,34.82815,33.42155,33.24154,30.41381,29.83287,26.92582,24.18677,22.84732,22.36068,22.84732,20.24846,18.43909,17.02939,13.60147,16.03122,15.0333,11.18034,11.7047,9.43398,8.24621,7.81025,10.29563,9.21954,45.88028,50.0,49.0306,51.78803,51.62364,55.44367,54.33231,54.33231,56.22277,57.31492,58.00862,61.13101,59.21149,62.00806,62.00806,60.00833,67.1193,62.03225,66.0303,65.00769,65.03076,65.00769,64.00781,64.00781,64.0,62.00806,64.00781,64.38167,63.12686,66.37017,62.28965,66.91039,65.51336,64.53681,65.11528,66.4906,62.8172,66.21933,67.05222,68.30813,66.40783,68.94926,72.11103,66.30988,68.35203,70.00714,64.4748,66.18912,65.0,67.54258,68.09552,67.6757,69.77822,59.94164,62.6099,62.43397,56.82429
9.21954,9.21954,9.05539,9.05539,9.05539,9.05539,9.0,9.0,9.0,9.0,8.0,9.05539,9.05539,9.05539,9.05539,8.06226,9.05539,8.06226,8.06226,8.06226,8.06226,8.06226,8.06226,8.06226,8.06226,7.0,8.0,7.0,7.0,6.08276,6.08276,6.08276,6.08276,5.09902,5.38516,4.47214,4.47214,4.12311,4.47214,3.60555,3.60555,2.82843,2.23607,2.82843,2.82843,2.23607,1.41421,1.41421,1.41421,1.41421,1.0,1.0,54.12947,52.0,55.71355,49.39636,49.33559,51.41984,48.83646,50.9902,46.87217,48.50773,46.87217,48.37355,46.09772,44.04543,47.09565,46.0,49.0408,45.09989,47.01064,45.04442,45.09989,42.0,45.01111,45.0,43.01163,42.04759,41.04875,44.10215,41.01219,40.0,38.0,36.67424,38.32754,38.32754,32.98485,33.95585,33.52611,31.62278,28.23119,26.41969,24.41311,25.0,22.80351,18.86796,19.79899,19.10497,16.40122,15.6205,15.26434,12.52996,12.36932,11.18034,11.7047,8.06226,8.06226,12.0,8.544,45.27693,48.60041,48.41487,51.40039,47.20169,54.3783,52.15362,53.33854,57.45433,56.0803,60.03332,60.74537,61.91123,64.49806,63.97656,60.82763,68.42514,61.32699,68.42514,62.24147,62.76942,66.18912,63.07139,62.64982,63.52952,66.37017,64.88451,67.60178,60.74537,68.24222,62.43397,66.61081,64.40497,65.0,70.0,65.80274,65.19202,66.48308,65.76473,69.42622,71.42129,64.03124,70.76722,68.76772,67.35726,70.29225,65.19202,67.62396,66.06815,64.2028,67.1193,60.46487,62.20129,59.90826,63.63175,64.14047,56.60389
9.21954,8.48528,8.48528,8.48528,8.48528,7.81025,9.21954,8.60233,8.60233,8.60233,8.60233,8.06226,8.06226,8.06226,8.06226,8.06226,8.06226,8.06226,8.06226,8.06226,8.06226,8.06226,8.06226,8.06226,7.2111,7.2111,6.40312,6.40312,6.40312,6.40312,5.65685,5.65685,5.0,5.0,4.47214,4.47214,4.47214,3.16228,3.16228,3.16228,3.16228,2.23607,2.0,2.0,2.0,2.0,2.0,1.0,1.0,1.41421,1.41421,1.0,51.62364,54.626,52.47857,51.0,50.24938,48.02083,49.20366,48.60041,46.8615,46.8615,46.2277,49.0408,47.38143,43.86342,47.38143,46.75468,46.8615,45.0,44.04543,42.63801,44.59821,43.27817,45.22168,43.41659,41.72529,42.44997,41.03657,39.40812,43.27817,42.44997,40.36087,38.41875,37.53665,35.4683,37.44329,32.20248,29.52965,31.38471,27.51363,28.86174,26.57066,21.58703,19.64688,20.22375,18.24829,18.0,15.0333,15.0,13.0384,15.52417,11.7047,13.0,8.60233,7.2111,6.40312,8.60233,6.32456,47.01064,49.0408,52.34501,52.34501,51.62364,52.7731,53.15073,57.56735,59.66574,56.75385,58.69412,58.5235,64.7611,65.25335,65.45991,64.51356,66.40783,64.84597,64.84597,65.19202,66.12866,67.41662,64.56005,64.84597,65.14599,65.25335,66.48308,65.25335,66.09841,64.32729,63.15061,64.49806,62.80127,63.3877,67.36468,68.18358,65.19202,67.02984,66.06815,68.06614,67.02984,68.11755,69.26038,67.36468,66.1211,68.73136,67.60178,68.26419,70.21396,66.37017,65.51336,66.4906,63.95311,59.43904,62.0967,59.43904,57.48913
9.84886,9.48683,9.48683,9.48683,9.48683,9.48683,9.21954,9.21954,9.21954,9.21954,9.21954,9.05539,9.21954,9.21954,9.05539,9.05539,9.05539,8.06226,8.06226,8.06226,8.06226,8.06226,8.06226,8.06226,8.24621,7.07107,7.28011,7.61577,7.61577,6.32456,6.7082,6.7082,5.83095,5.83095,5.83095,5.0,5.0,5.0,4.24264,3.60555,3.60555,3.60555,3.60555,3.16228,2.23607,2.23607,2.23607,2.23607,2.0,2.0,2.0,2.0,51.97115,53.85165,55.22681,52.92447,50.15974,49.0408,51.62364,46.61545,47.80167,49.0306,48.05206,50.21952,48.50773,46.52956,46.09772,51.47815,46.52956,46.38965,45.27693,43.18565,47.04253,45.09989,43.18565,44.28318,42.42641,44.40721,43.41659,40.31129,40.26164,41.4367,40.79216,40.26164,38.32754,36.40055,34.78505,34.9285,33.10589,30.52868,30.01666,25.55386,27.80288,23.43075,20.51828,22.02272,19.84943,20.0,16.40122,14.76482,13.41641,14.31782,11.40175,11.18034,13.0384,11.04536,9.0,9.05539,7.2111,49.0408,48.25971,49.64877,50.77401,53.33854,53.23533,54.58938,54.56189,59.03389,56.82429,61.32699,61.84658,62.76942,62.03225,65.0,62.39391,68.00735,65.19202,66.48308,64.62198,65.55151,69.64194,65.55151,68.70953,64.84597,65.79514,65.0,65.0,63.97656,66.18912,62.76942,65.0,67.1193,66.37017,67.41662,65.80274,66.4003,67.6757,65.60488,67.00746,68.88396,69.35416,67.94115,72.18033,68.62215,72.83543,67.88225,69.42622,66.48308,63.63961,65.76473,63.70243,63.12686,60.959,60.30755,62.80127,61.22091
8.06226,8.24621,8.24621,7.28011,8.24621,7.28011,8.544,7.61577,7.61577,7.61577,7.61577,7.61577,7.61577,7.61577,6.7082,8.06226,7.2111,8.06226,7.2111,7.2111,6.7082,6.7082,7.2111,6.7082,6.7082,6.7082,6.7082,6.32456,5.38516,5.38516,5.09902,5.09902,5.09902,4.0,4.0,4.0,4.0,3.0,3.16228,3.0,2.23607,2.0,2.23607,2.23607,1.41421,1.41421,1.41421,1.41421,1.0,1.0,1.0,1.0,50.15974,47.51842,50.08992,53.03772,46.09772,47.51842,45.17743,49.25444,44.91102,44.38468,44.92215,47.43416,45.60702,43.01163,45.22168,47.16991,42.72002,42.54409,41.62932,46.09772,44.72136,39.35734,42.95346,38.48376,40.24922,38.48376,39.39543,39.21734,37.69615,37.33631,36.40055,38.8973,33.52611,32.01562,32.75668,31.257,30.14963,27.16616,29.01724,27.0,23.34524,24.33105,20.61553,20.61553,18.78829,18.68154,17.0,13.89244,14.21267,13.0384,10.63015,10.81665,10.0,8.24621,8.94427,9.84886,9.48683,44.82187,47.63402,46.8615,50.20956,51.66237,53.8145,52.34501,55.31727,55.22681,54.67175,59.20304,61.03278,62.62587,62.42596,64.2028,60.0,67.00746,62.62587,66.85058,61.84658,63.41136,64.81512,62.80127,63.00794,64.03124,63.89053,63.70243,68.62215,64.3506,65.05382,60.81118,65.8559,63.78087,64.03124,66.4003,69.06519,65.21503,67.42403,64.3506,66.03787,67.60178,63.06346,69.77105,63.97656,64.88451,68.44706,65.78754,63.90618,62.76942,60.00833,62.24147,61.09828,62.62587,56.921,59.77458,61.68468,54.57105
7.61577,8.544,8.544,8.544,8.544,8.24621,8.24621,8.24621,7.28011,8.24621,8.06226,8.06226,7.07107,7.07107,7.07107,8.0,8.0,7.0,7.07107,7.07107,7.07107,7.07107,7.0,7.07107,7.07107,7.0,6.08276,6.32456,6.32456,5.09902,5.38516,5.38516,4.47214,4.47214,3.60555,3.60555,3.60555,2.82843,2.82843,2.82843,2.23607,2.23607,2.23607,2.0,1.0,1.0,1.0,1.0,1.41421,1.41421,1.41421,1.41421,51.85557,50.20956,48.27007,47.01064,49.20366,46.61545,45.0,46.52956,48.54894,43.909,45.65085,45.61798,47.01064,40.71855,43.65776,45.22168,43.68066,41.10961,40.80441,44.92215,45.35416,40.79216,41.0,41.97618,39.05125,40.16217,42.72002,41.76123,38.27532,37.36308,38.83298,38.32754,36.67424,33.24154,33.54102,30.23243,29.68164,30.4795,25.6125,25.0,22.80351,23.43075,22.47221,19.41649,14.31782,18.86796,13.41641,14.56022,9.84886,12.08305,13.0384,8.0,9.0,10.77033,11.40175,7.2111,6.7082,47.67599,48.25971,48.01042,50.0,54.00926,53.00943,55.08176,55.14526,59.13544,58.03447,59.13544,60.29925,64.38167,62.514,62.39391,61.52235,62.80127,65.37584,61.29437,65.62012,60.29925,65.76473,62.28965,61.52235,73.00685,66.18912,64.12488,63.07139,65.06919,62.03225,63.1981,66.1211,63.1981,66.91039,65.9242,68.24954,65.51336,67.44627,65.96969,66.21933,66.09841,66.12866,64.84597,72.8011,68.15424,62.16912,68.8767,67.54258,65.30697,64.84597,63.56099,60.90156,63.63175,61.58734,60.90156,59.16925,59.07622
8.94427,9.48683,9.48683,9.48683,9.21954,8.544,9.21954,9.21954,9.21954,9.05539,8.24621,9.21954,9.05539,9.05539,9.05539,8.06226,9.05539,8.06226,8.0,8.06226,8.06226,8.0,8.06226,8.06226,8.06226,8.06226,7.28011,7.28011,7.28011,6.32456,6.32456,5.38516,5.38516,5.38516,5.0,5.0,4.24264,3.60555,3.60555,2.82843,2.82843,2.82843,2.82843,2.23607,2.23607,2.23607,2.0,1.41421,1.0,1.0,1.0,1.0,54.67175,51.73973,50.91169,48.79549,51.08816,50.44799,52.00961,48.60041,48.41487,46.87217,45.48626,43.909,46.14109,47.41308,46.95743,45.17743,46.06517,47.01064,47.16991,43.86342,45.31004,44.38468,40.80441,42.72002,40.8534,40.31129,42.54409,38.8973,39.0,40.71855,38.47077,38.01316,37.12142,35.8469,36.61967,32.20248,31.40064,30.80584,30.41381,27.80288,26.92582,25.55386,21.40093,21.09502,19.23538,17.46425,15.29706,15.23155,13.0384,14.14214,12.0,10.44031,12.16553,11.04536,8.24621,8.544,9.43398,47.67599,49.36598,53.33854,51.0392,52.00961,51.0,56.0357,57.00877,55.08176,60.0,60.20797,64.03124,65.06919,66.1211,62.28965,65.37584,64.49806,65.19202,63.07139,69.26038,64.07027,65.49046,66.27217,65.12296,65.19202,67.06713,67.02984,63.00794,66.06815,65.06919,65.03076,65.06919,64.62971,62.80127,65.9242,65.9242,67.26812,64.7611,67.44627,67.44627,66.76077,71.8401,68.94926,70.93659,66.48308,68.15424,68.54196,64.2573,68.54196,67.23095,63.50591,63.97656,64.41273,59.9333,61.29437,60.03332,59.90826
9.89949,9.89949,9.89949,9.89949,9.89949,9.21954,9.21954,8.60233,9.43398,9.21954,8.60233,9.43398,9.43398,9.43398,9.43398,8.94427,8.06226,8.06226,8.06226,8.06226,8.06226,8.60233,8.06226,8.06226,8.60233,7.2111,7.81025,7.81025,7.07107,6.40312,6.40312,6.40312,6.40312,5.83095,5.83095,5.0,4.47214,4.47214,4.47214,4.12311,3.16228,3.16228,3.0,3.16228,2.0,2.0,2.0,2.0,2.0,2.0,2.0,1.0,55.65968,50.08992,55.9464,51.0,50.24938,51.61395,48.54894,51.0392,48.9183,49.57822,47.50789,49.51767,46.75468,45.96738,44.55334,44.59821,47.42362,45.60702,46.40043,44.04543,45.45327,44.04543,45.0,45.34314,44.55334,44.55334,41.6173,42.52058,41.72529,39.05125,37.48333,39.59798,38.01316,39.40812,34.71311,35.60899,34.88553,31.7805,28.63564,29.73214,21.54066,23.08679,24.18677,24.5153,22.09072,17.11724,15.0333,19.0263,14.0,14.31782,11.7047,11.6619,11.7047,11.6619,10.81665,9.21954,8.94427,48.0,49.16299,51.47815,53.60037,50.63596,54.12947,53.60037,56.75385,57.87055,56.32051,59.43904,60.72891,63.89053,64.84597,62.93648,60.74537,67.6757,62.36185,68.30813,67.06713,66.12866,70.93659,62.62587,64.19502,66.09841,64.84597,67.44627,66.21933,62.58594,66.4906,61.98387,66.09841,65.76473,66.28725,66.48308,64.12488,66.0303,66.0,66.0303,72.02777,68.02941,66.18912,68.11755,69.26038,69.46222,66.09841,65.9242,65.62012,64.62971,66.27217,65.11528,66.28725,65.30697,57.48913,63.06346,61.13101,58.94065
8.24621,8.06226,8.06226,8.06226,8.06226,8.0,8.0,8.0,8.0,8.0,8.0,8.0,8.0,7.07107,7.07107,7.07107,7.07107,7.07107,7.07107,7.07107,7.07107,7.07107,7.07107,6.08276,7.0,7.07107,6.0,6.0,6.08276,5.0,5.09902,5.09902,4.12311,4.47214,4.12311,3.16228,3.16228,3.60555,2.82843,2.82843,2.23607,1.41421,2.23607,1.41421,1.41421,1.41421,1.0,2.0,1.0,1.0,1.41421,1.41421,53.00943,49.09175,53.33854,52.80152,51.07837,51.07837,47.92703,49.0408,44.94441,47.53946,48.05206,48.05206,44.72136,43.17407,46.69047,47.26521,46.52956,41.30375,42.42641,46.17359,46.38965,43.18565,43.28972,42.0119,39.62323,40.4475,41.19466,42.19005,41.7732,42.10701,37.65634,36.40055,32.89377,36.40055,32.57299,35.77709,32.64966,29.15476,27.65863,26.92582,22.47221,24.08319,23.34524,18.43909,17.80449,14.21267,16.40122,13.92839,13.60147,13.34166,11.04536,8.24621,9.21954,7.28011,7.07107,9.21954,6.08276,46.87217,48.8774,52.35456,55.4617,52.3259,55.9017,56.36488,58.69412,57.93962,58.87274,62.03225,61.84658,63.90618,63.56886,62.93648,64.56005,68.30813,64.56005,68.30813,69.92138,67.72001,68.41053,66.76077,68.35203,65.45991,66.48308,64.2573,67.41662,63.90618,64.84597,63.56099,69.35416,65.74192,66.18912,67.60178,67.1193,64.40497,71.02816,66.28725,65.80274,70.0,70.21396,68.41053,67.35726,68.76772,71.50524,69.35416,68.0147,65.06919,67.20863,64.3506,66.46804,65.05382,60.10824,59.5483,62.28965,60.10824
9.21954,9.21954,9.21954,9.05539,9.05539,9.05539,9.05539,9.05539,8.06226,9.0,8.0,8.0,9.0,8.06226,8.0,8.0,8.0,8.06226,8.06226,8.06226,8.06226,8.06226,8.0,8.0,8.0,8.0,7.07107,7.0,7.07107,6.08276,6.08276,6.08276,5.09902,5.09902,4.47214,4.47214,4.47214,3.60555,3.60555,3.60555,2.82843,2.82843,2.23607,2.82843,2.23607,2.23607,2.23607,1.41421,1.41421,1.0,1.0,1.0,54.12947,55.9017,52.20153,52.0,52.20153,46.57252,50.01,48.27007,49.81967,45.54119,48.6621,48.37355,48.16638,47.16991,47.16991,46.01087,48.04165,46.0,44.01136,45.01111,45.01111,43.04649,42.0,46.09772,43.10452,43.01163,44.0,42.04759,41.19466,40.04997,37.21559,36.34556,39.20459,35.22783,35.51056,34.52535,32.28002,34.17601,30.08322,26.62705,26.07681,24.41311,23.60085,19.84943,20.0,17.69181,14.86607,14.21267,14.76482,10.19804,9.43398,11.18034,9.48683,10.44031,8.06226,8.06226,7.07107,48.41487,45.80393,51.10773,51.10773,51.97115,51.0,54.12024,53.66563,58.60034,59.5063,64.07808,62.24147,62.76942,62.64982,59.61543,64.84597,65.19202,65.78754,62.76942,62.62587,67.06713,68.35203,69.28925,67.62396,65.19202,66.85058,64.07808,62.16912,64.40497,64.41273,65.8635,65.0,65.73431,64.89992,66.57327,66.61081,68.24222,65.43699,66.70832,68.11755,64.44377,70.00714,65.8559,71.44928,64.3506,70.93659,68.593,65.11528,64.53681,67.35726,65.94695,62.62587,58.89822,63.24555,61.85467,57.14018,59.64059
8.0,8.06226,8.06226,8.06226,7.28011,7.28011,7.28011,7.28011,7.28011,7.61577,7.61577,7.61577,7.61577,6.7082,6.7082,6.7082,6.7082,6.7082,6.7082,6.7082,6.7082,6.7082,6.32456,6.7082,6.32456,6.32456,6.32456,6.08276,5.09902,5.0,5.09902,5.0,5.0,4.0,4.12311,4.12311,3.16228,3.16228,3.16228,3.60555,2.82843,2.82843,2.82843,2.23607,2.23607,2.23607,2.23607,2.23607,2.0,2.0,2.0,2.23607,51.62364,53.03772,49.0408,48.0,49.0102,42.10701,48.37355,44.91102,48.6621,41.23106,46.32494,45.60702,43.01163,45.88028,43.32436,42.72002,43.32436,44.01136,40.49691,43.08132,39.0,42.72002,39.39543,40.16217,40.16217,39.21734,39.56008,40.71855,37.64306,36.05551,36.13862,35.17101,37.65634,34.71311,34.36568,28.07134,30.06659,28.01785,27.16616,24.04163,23.76973,22.47221,19.64688,18.02776,18.02776,18.60108,13.60147,15.0,10.81665,12.80625,11.6619,9.21954,9.21954,9.48683,12.64911,8.06226,8.544,48.30114,44.29447,49.73932,49.39636,53.7122,51.61395,52.80152,54.67175,58.25805,60.30755,61.7171,61.07373,60.44005,61.84658,59.5483,66.52819,63.65532,65.05382,65.11528,65.06919,66.48308,67.26812,67.89698,67.35726,68.0147,65.29931,63.89053,62.62587,63.41136,61.22091,67.00746,62.68174,62.00806,63.81222,67.41662,64.66065,67.60178,66.18912,67.62396,65.79514,64.41273,66.70832,66.85058,69.28925,62.03225,69.07966,68.15424,65.45991,62.64184,67.05222,63.32456,60.63827,58.24088,59.20304,59.03389,58.24946,60.20797
8.544,8.24621,8.544,8.544,8.544,8.544,8.544,7.61577,8.06226,8.06226,8.06226,8.60233,7.2111,7.2111,7.2111,8.06226,7.2111,7.2111,7.2111,7.2111,7.2111,7.2111,7.2111,7.2111,7.2111,7.2111,6.7082,6.32456,5.38516,6.32456,5.09902,5.09902,5.09902,4.0,4.0,4.0,4.0,3.0,3.0,2.23607,2.0,2.23607,2.23607,2.23607,1.41421,1.41421,1.41421,1.0,1.0,1.0,1.0,1.0,50.0,50.01,52.23983,52.15362,50.24938,48.6621,47.67599,47.07441,43.41659,45.60702,45.88028,47.16991,47.12749,42.05948,45.31004,45.88028,44.38468,43.86342,44.77723,45.69464,44.38468,45.61798,39.81206,42.04759,37.58989,37.69615,40.8534,38.48376,39.0,39.21734,39.84972,37.36308,34.36568,32.75668,32.38827,31.06445,30.41381,27.29469,26.07681,26.1725,25.31798,26.68333,20.88061,20.24846,17.88854,18.38478,17.88854,14.14214,13.45362,12.08305,12.72792,10.63015,10.77033,7.0,8.24621,8.24621,7.07107,47.16991,49.39636,50.53712,54.20332,52.83938,53.33854,54.3783,57.3062,56.85948,57.42822,59.40539,59.81639,61.61169,67.62396,68.24954,63.89053,65.94695,64.44377,66.06815,65.43699,68.60029,69.02898,67.47592,68.88396,65.19202,65.29931,66.70832,68.00735,64.03124,66.61081,67.41662,66.57327,65.8635,66.64833,68.0,67.08204,66.18912,67.53518,66.30988,67.23095,69.07966,69.64194,68.70953,68.96376,66.7308,73.76313,65.25335,66.48308,64.53681,64.84597,64.28841,65.96969,64.03124,60.41523,61.0,57.07013,57.87055
10.0,9.21954,9.89949,9.89949,9.89949,8.48528,9.21954,9.21954,9.21954,9.21954,8.60233,8.60233,8.60233,8.60233,8.60233,8.60233,8.60233,8.60233,8.60233,8.60233,8.60233,8.60233,8.60233,8.60233,7.81025,7.81025,7.81025,7.07107,7.07107,7.07107,7.07107,6.40312,6.40312,5.83095,5.83095,5.38516,4.47214,4.47214,4.47214,4.12311,3.16228,3.16228,3.16228,3.0,3.0,2.0,2.0,2.0,2.0,2.0,2.23607,1.41421,53.33854,50.11986,54.91812,49.81967,45.27693,43.18565,48.16638,48.79549,46.75468,45.96738,47.43416,47.80167,47.70744,43.93177,46.40043,45.79301,46.61545,44.94441,43.60046,42.54409,44.59821,42.19005,43.26662,43.38202,40.31129,39.82462,40.31129,41.04875,40.0,39.11521,36.35932,35.0,35.60899,36.79674,33.30165,35.38361,32.52691,29.73214,30.61046,24.41311,21.47091,23.70654,22.47221,20.12461,20.61553,15.13275,14.31782,15.0333,12.0,10.0,9.48683,9.21954,9.21954,10.77033,10.77033,5.38516,9.89949,44.04543,47.16991,48.16638,51.47815,50.21952,53.93515,51.78803,54.34151,52.95281,56.29387,59.13544,60.72891,60.44005,61.98387,62.0967,62.64184,65.52099,64.19502,67.18631,65.0,62.93648,64.03124,63.89053,67.05222,62.64184,64.7611,62.64184,62.16912,62.16912,62.80127,61.40033,61.40033,66.0303,61.03278,63.0,62.03225,66.06815,66.06815,66.06815,64.12488,62.39391,64.93843,69.42622,66.4906,66.4906,70.60453,64.56005,65.96969,65.80274,66.94027,65.52099,61.35145,59.46427,60.92618,56.64804,56.85948,55.9017
8.94427,9.43398,8.60233,8.60233,8.60233,8.60233,7.81025,8.48528,7.81025,7.81025,8.48528,8.48528,7.07107,7.81025,7.81025,7.81025,7.81025,7.07107,7.81025,7.07107,7.07107,7.07107,7.07107,7.07107,7.07107,7.07107,6.40312,6.40312,5.83095,5.83095,5.83095,5.83095,5.38516,4.47214,5.09902,5.09902,5.09902,4.0,4.0,4.0,4.0,3.16228,3.16228,3.16228,3.16228,2.23607,2.23607,2.23607,2.23607,2.82843,2.82843,2.23607,52.55473,51.97115,50.53712,51.97115,51.62364,47.01064,47.20169,45.80393,49.81967,46.2277,46.09772,47.38143,48.08326,45.25483,43.13931,45.25483,47.50789,46.2277,44.20407,44.59821,43.93177,45.0,40.80441,40.22437,40.80441,41.03657,42.63801,40.22437,38.8973,41.01219,36.79674,35.38361,35.38361,32.64966,35.0,30.52868,31.06445,30.52868,27.85678,27.73085,26.24881,27.29469,19.41649,22.09072,16.12452,18.0,16.03122,13.0,13.15295,15.52417,13.0,12.20656,12.20656,8.94427,11.40175,9.21954,10.81665,49.0408,49.09175,51.47815,53.60037,55.44367,52.95281,55.54278,57.27128,60.16644,56.75385,59.20304,61.61169,67.72001,65.52099,66.76077,67.6757,64.84597,68.30813,66.76077,68.00735,68.68042,67.35726,70.21396,65.80274,64.19502,68.41053,69.37579,66.70832,68.65858,64.53681,69.87131,64.62971,65.12296,65.19202,65.37584,69.06519,66.06815,66.0303,68.00735,71.02816,68.06614,69.46222,69.26038,71.02112,63.1981,70.21396,66.91039,69.05071,68.24954,68.88396,66.70832,66.4906,64.13267,61.61169,62.29767,64.84597,62.29767
7.81025,7.81025,7.81025,8.48528,7.81025,7.81025,7.81025,7.81025,7.81025,7.81025,7.2111,7.2111,7.2111,7.2111,7.2111,7.2111,7.2111,6.7082,7.2111,6.7082,7.2111,7.2111,6.7082,7.2111,6.40312,5.83095,6.40312,5.65685,5.65685,5.65685,5.0,5.0,5.0,4.47214,3.60555,3.16228,3.16228,3.16228,3.0,3.0,2.0,2.0,2.23607,2.23607,1.41421,1.41421,1.41421,1.41421,1.41421,2.23607,2.0,2.0,52.39275,52.39275,50.08992,48.02083,47.43416,46.40043,43.41659,47.43416,42.80187,41.7732,46.09772,42.44997,44.55334,45.25483,41.01219,44.04543,45.34314,41.86884,41.40048,40.80441,44.40721,39.20459,40.45986,40.0,39.69887,38.20995,37.44329,37.80212,38.20995,39.82462,38.28838,36.06938,32.55764,37.48333,29.0,33.61547,31.06445,28.17801,26.0,23.25941,23.25941,21.2132,20.22375,21.2132,19.10497,16.0,15.13275,14.14214,13.0384,13.60147,9.05539,10.77033,10.77033,10.63015,10.63015,9.43398,8.544,48.50773,47.67599,48.05206,54.12947,52.17279,54.81788,55.08176,56.61272,57.56735,57.28001,60.08328,59.46427,64.19502,62.62587,64.2573,61.46544,66.12866,60.74537,65.55151,62.96825,64.2573,70.00714,66.48308,65.19202,65.45991,68.30813,62.03225,65.45991,61.98387,67.72001,61.61169,68.44706,66.09841,64.62971,65.37584,64.28063,64.19502,66.1211,64.07027,66.00758,69.02898,66.06815,71.25307,65.06919,66.27217,65.9242,65.49046,63.78871,66.48308,63.78871,62.96825,65.51336,62.96825,55.54278,61.18823,59.66574,54.57105
8.24621,8.24621,8.24621,8.24621,8.24621,7.61577,7.61577,8.544,7.61577,7.61577,7.61577,8.06226,7.61577,7.61577,6.7082,8.06226,8.06226,7.2111,6.7082,6.7082,6.7082,6.7082,6.7082,6.7082,6.7082,6.7082,6.32456,5.38516,5.38516,5.38516,5.09902,5.09902,5.0,4.0,4.0,4.0,3.0,3.16228,3.16228,2.23607,2.23607,2.23607,1.41421,1.41421,1.41421,1.41421,1.41421,1.0,1.0,1.0,1.0,1.0,52.95281,50.69517,51.92302,52.81098,51.24451,47.16991,46.09772,45.31004,47.41308,46.95743,45.27693,47.50789,46.61545,46.64762,47.70744,45.22168,43.82921,43.41659,40.80441,46.2277,46.40043,44.68781,41.23106,39.20459,38.41875,38.28838,41.10961,40.45986,38.58756,38.27532,39.11521,36.23534,35.8469,32.69557,34.0147,29.73214,31.01612,30.67572,27.45906,25.4951,27.16616,23.02173,21.2132,20.02498,18.24829,17.46425,18.11077,12.52996,10.77033,14.76482,10.81665,8.60233,10.29563,10.29563,9.21954,8.60233,8.06226,49.24429,45.12206,54.12024,51.92302,55.65968,51.62364,54.70832,55.15433,58.69412,60.41523,61.7414,63.07139,63.50591,65.76473,63.07139,65.29931,64.00781,67.1193,65.29931,66.18912,64.88451,69.83552,68.60029,68.96376,67.08204,65.30697,65.74192,63.56099,63.97656,65.0,67.41662,63.90618,67.35726,65.0,68.30813,64.28841,67.68309,66.28725,67.26812,65.9242,64.77654,69.35416,68.26419,69.18092,64.28063,70.06426,66.0303,68.06614,68.02941,67.06713,63.07139,65.0,60.03332,60.07495,62.03225,58.03447,61.29437
8.60233,8.48528,8.48528,8.48528,8.48528,7.81025,7.81025,7.81025,7.2111,8.60233,8.06226,8.06226,7.2111,8.06226,8.06226,8.06226,7.61577,6.7082,7.2111,6.7082,7.2111,6.7082,6.7082,6.7082,7.2111,5.83095,5.83095,6.40312,6.40312,5.65685,5.65685,5.0,5.0,5.0,3.60555,3.60555,3.16228,3.16228,3.16228,3.16228,2.0,2.0,2.0,2.0,2.23607,1.41421,1.41421,1.41421,1.41421,1.41421,1.41421,2.0,52.15362,52.49762,48.83646,44.55334,52.49762,46.69047,47.20169,45.60702,47.01064,43.909,44.41846,45.17743,43.909,45.17743,40.70626,44.38468,44.38468,44.77723,45.88028,44.38468,42.72002,41.48494,38.8973,41.4367,40.16217,41.78516,40.8534,38.62642,37.69615,37.69615,36.76955,35.8469,35.35534,32.75668,31.38471,30.4795,29.20616,30.61046,28.3196,25.6125,23.60085,19.84943,21.47091,22.82542,19.69772,15.65248,13.34166,18.43909,11.18034,11.18034,11.04536,10.04988,10.19804,10.44031,11.18034,6.7082,7.2111,49.0102,50.08992,51.0098,52.34501,54.58938,51.78803,53.93515,57.07013,62.16912,59.68249,60.63827,61.18823,65.96969,68.65858,66.70832,67.44627,65.0,68.41053,64.13267,63.78871,67.91171,71.58911,68.65858,68.06614,67.46851,66.09841,67.26812,69.58448,67.74216,66.27217,65.00769,64.00781,66.00758,67.00746,66.1211,70.34913,66.18912,65.62012,68.73136,74.73286,70.03571,66.4906,67.91171,70.60453,65.52099,66.48308,65.45991,64.51356,67.6757,65.55151,62.96825,66.30988,66.70832,59.09315,62.6099,59.94164,59.48109
9.21954,9.21954,9.89949,9.89949,9.21954,9.21954,8.60233,8.60233,8.60233,8.60233,8.60233,8.60233,8.60233,8.60233,8.06226,8.94427,8.06226,8.06226,8.06226,8.06226,8.06226,8.06226,7.2111,8.06226,7.2111,7.2111,7.2111,7.2111,7.07107,6.40312,6.40312,5.65685,6.40312,5.83095,5.0,5.0,4.47214,4.47214,4.47214,4.47214,3.16228,3.16228,3.16228,3.16228,2.0,2.0,2.0,2.0,2.0,2.0,2.0,1.0,55.03635,55.54278,54.08327,50.47772,50.80354,47.80167,50.44799,49.0408,46.8615,45.96738,48.08326,45.34314,46.8615,46.09772,43.27817,47.63402,46.2277,45.60702,45.0,45.22168,43.60046,43.60046,42.19005,42.19005,41.88078,41.88078,40.22437,41.6173,41.23106,39.05125,39.20459,37.53665,38.20995,35.38361,33.24154,33.01515,33.42155,31.40064,29.68164,25.23886,22.84732,23.25941,23.4094,21.58703,20.61553,15.13275,14.03567,17.0,12.04159,12.04159,11.40175,10.19804,13.60147,13.0,10.29563,8.48528,8.60233,47.16991,48.6621,50.80354,56.08921,52.95281,53.36666,55.7853,57.27128,58.69412,60.16644,58.18935,59.77458,65.14599,66.12866,64.51356,63.90618,62.76942,67.62396,65.78754,65.78754,63.60031,70.5195,66.40783,65.78754,67.35726,66.09841,64.84597,66.48308,65.96969,66.70832,63.34824,63.63961,64.62971,64.28063,67.1193,64.03124,65.03076,65.06919,68.00735,69.0,71.02816,64.49806,67.18631,69.26038,64.93843,69.42622,65.73431,64.03124,65.51336,64.77654,62.80127,65.96969,59.43904,59.48109,61.40033,57.87055,56.64804
9.43398,10.0,9.21954,9.43398,9.21954,9.21954,8.48528,8.48528,8.48528,8.48528,8.48528,8.60233,9.21954,8.48528,7.81025,8.60233,8.60233,7.81025,8.60233,7.81025,7.81025,7.81025,7.81025,7.81025,7.81025,7.81025,7.07107,7.07107,7.07107,6.40312,6.40312,5.83095,5.83095,5.83095,5.38516,4.47214,4.12311,4.12311,4.12311,4.12311,3.16228,3.0,3.0,3.0,2.0,2.0,2.0,2.0,2.23607,2.23607,1.41421,1.41421,53.60037,51.97115,48.27007,49.33559,52.92447,48.46648,47.92703,48.8467,50.53712,44.41846,48.76474,48.25971,48.01042,46.32494,44.40721,47.43416,50.80354,45.45327,42.2019,44.04543,42.52058,43.41659,42.52058,41.6173,40.60788,43.26662,43.93177,38.94868,40.0,39.20459,38.83298,36.35932,38.91015,34.0147,30.8707,31.95309,31.01612,29.73214,29.12044,26.30589,26.07681,22.02272,21.09502,20.39608,19.23538,16.27882,13.34166,15.81139,13.41641,13.60147,10.77033,9.21954,10.63015,10.63015,9.84886,7.2111,8.544,49.47727,45.88028,52.20153,51.86521,53.85165,52.80152,55.00909,57.27128,60.82763,58.18075,56.79789,63.50591,62.24147,64.88451,62.26556,66.24198,65.8635,64.49806,66.64833,65.76473,63.95311,67.74216,65.76473,66.37017,63.63175,66.64833,65.29931,65.79514,66.24198,64.4748,65.19202,62.24147,66.48308,67.6757,64.28841,66.76077,66.28725,64.03124,64.53681,68.06614,69.05071,69.46222,65.49046,70.17834,63.28507,69.26038,68.18358,66.00758,66.0303,63.07139,64.03124,67.06713,60.0,58.00862,58.00862,61.07373,59.21149
8.06226,8.06226,8.06226,8.06226,8.06226,8.0,8.0,8.0,8.0,7.0,7.07107,8.06226,7.07107,7.07107,7.07107,7.07107,7.07107,7.07107,7.07107,7.07107,7.07107,7.07107,7.07107,6.08276,6.08276,6.08276,6.0,6.0,5.0,5.0,5.09902,5.09902,4.12311,4.47214,4.12311,3.16228,3.16228,3.60555,2.82843,2.82843,2.82843,1.41421,2.23607,1.41421,2.0,1.0,1.0,1.0,1.0,1.41421,1.41421,1.41421,48.8774,50.60632,50.15974,48.8467,51.62364,47.80167,45.88028,45.60702,46.09772,44.91102,46.09772,49.36598,46.52956,44.18144,46.04346,45.09989,44.18144,42.0,42.0,47.0,44.10215,43.01163,40.04997,41.04875,38.11824,40.0,41.01219,38.01316,36.12478,41.01219,39.20459,37.21559,36.67424,32.75668,32.98485,31.62278,29.15476,29.15476,26.07681,26.92582,28.17801,23.60085,21.2132,17.02939,17.02939,16.97056,16.40122,13.92839,10.81665,12.64911,11.40175,9.21954,10.04988,9.05539,8.0,6.32456,8.94427,48.82622,46.14109,52.15362,49.1935,54.58938,53.31041,53.85165,57.77543,58.69412,58.5235,62.76942,63.56886,66.85058,66.48308,64.51356,62.93648,63.89053,67.72001,63.24555,65.80274,66.40783,68.00735,69.57011,65.14599,66.12866,68.70953,66.12866,64.84597,67.77905,67.54258,65.74192,63.97656,68.42514,65.36819,63.13478,65.51336,68.00735,68.60029,68.60029,68.41053,66.8431,68.11755,70.17834,70.0928,64.44377,68.68042,67.20863,67.88225,67.89698,66.46804,62.28965,66.70832,60.82763,66.06815,61.84658,60.0,57.62812
9.48683,8.544,8.544,8.544,8.544,8.94427,8.94427,8.94427,8.06226,8.06226,8.06226,8.60233,8.60233,7.81025,7.2111,7.81025,7.81025,7.81025,7.81025,7.81025,7.81025,7.81025,7.2111,7.2111,7.2111,7.2111,7.2111,6.7082,5.83095,5.83095,5.38516,5.38516,5.09902,4.12311,4.12311,4.0,4.0,3.0,3.0,2.23607,3.0,2.23607,2.23607,2.23607,1.41421,1.41421,1.41421,1.0,1.0,1.0,1.0,1.0,51.97115,50.15974,49.36598,52.03845,50.0,46.01087,45.09989,45.54119,44.91102,47.51842,44.55334,45.60702,46.09772,42.05948,42.44997,44.94441,43.9659,44.38468,43.32436,42.37924,44.94441,44.01136,39.81206,38.91015,38.91015,38.07887,39.0,39.39543,34.78505,38.8973,39.56008,38.8973,33.54102,34.52535,33.95585,32.24903,30.06659,28.07134,27.07397,26.4764,26.1725,24.73863,20.88061,18.02776,15.65248,16.12452,13.60147,14.42221,12.72792,12.04159,11.40175,8.60233,9.84886,9.05539,6.08276,7.61577,8.06226,48.41487,50.9902,49.57822,52.34501,49.57822,55.9017,53.2635,55.97321,59.20304,54.67175,60.30755,60.44005,65.43699,67.80118,67.00746,65.80274,65.80274,65.0,65.43699,66.28725,65.80274,69.2026,64.40497,66.21933,65.0,67.26812,65.94695,68.88396,63.12686,67.94115,63.63961,67.17887,65.06919,65.11528,64.03124,67.00746,65.0,65.80274,66.28725,66.03787,69.64194,66.24198,69.11584,69.35416,67.1193,68.15424,67.54258,62.16912,68.15424,63.50591,64.88451,69.07966,68.54196,57.93962,59.77458,60.08328,58.69412
9.0,8.06226,8.06226,8.06226,8.06226,8.24621,8.24621,8.24621,8.24621,7.28011,8.24621,8.544,7.28011,7.28011,7.28011,7.61577,7.61577,7.61577,7.61577,6.32456,7.28011,7.28011,6.32456,6.32456,6.32456,6.32456,6.08276,6.08276,6.08276,6.08276,5.0,5.0,5.0,4.0,4.0,4.12311,3.16228,3.16228,3.16228,2.23607,2.23607,2.23607,1.41421,1.41421,1.41421,1.0,1.41421,1.0,1.0,1.0,1.0,1.41421,51.07837,51.24451,49.72927,47.29693,50.63596,49.64877,46.38965,45.17743,47.09565,45.04442,47.01064,48.09366,46.01087,43.18565,44.10215,45.54119,44.40721,43.28972,43.56604,41.59327,45.70558,41.7732,41.0,40.02499,40.31129,39.20459,36.87818,37.85499,37.21559,37.21559,37.33631,38.20995,33.0,35.0,34.0,30.80584,29.15476,26.24881,26.92582,26.30589,24.16609,22.84732,18.86796,18.02776,16.27882,17.69181,15.55635,13.45362,12.72792,10.63015,12.08305,8.94427,9.0,8.0,9.0,7.0,10.0,49.40648,48.25971,48.54894,52.7731,52.83938,53.23533,55.00909,56.82429,60.41523,55.9017,58.18075,61.32699,64.07808,61.84658,66.12866,63.89053,67.77905,63.32456,64.88451,65.0,66.12866,69.07966,65.9242,66.85058,66.30988,68.44706,66.70832,69.77105,64.84597,66.64833,64.14047,65.73431,63.81222,65.21503,64.40497,65.60488,66.70832,69.42622,69.35416,68.62215,67.89698,65.94695,67.17887,69.2026,66.70832,67.80118,67.47592,65.43699,65.0,63.00794,61.03278,65.51336,67.41662,55.56978,61.40033,60.82763,59.5399
8.544,8.544,8.24621,8.544,7.28011,8.24621,8.06226,8.06226,8.06226,8.06226,8.06226,8.0,8.06226,7.07107,7.0,8.0,7.0,7.0,7.0,7.0,7.0,7.07107,7.0,7.07107,6.08276,6.08276,6.08276,6.32456,5.38516,5.38516,5.38516,4.47214,4.47214,3.60555,3.60555,3.60555,2.82843,3.60555,2.82843,2.23607,2.23607,2.23607,2.0,2.0,2.0,1.0,1.0,1.41421,1.41421,1.41421,1.41421,1.41421,48.41487,53.25411,47.16991,47.70744,51.42956,45.69464,48.75449,43.41659,49.39636,42.44997,44.01136,47.29693,44.64303,47.12749,42.2019,45.89118,43.17407,43.28972,39.31921,43.41659,40.4475,42.19005,38.11824,39.62323,39.45884,40.60788,42.42641,37.48333,39.62323,37.48333,34.9285,35.17101,35.4683,31.95309,33.83785,29.06888,29.68164,23.85372,27.01851,21.63331,24.75884,20.51828,20.24846,18.43909,15.65248,15.81139,13.89244,15.52417,9.48683,10.19804,13.0384,10.04988,9.84886,11.18034,9.84886,7.2111,7.81025,50.08992,43.9659,50.56679,47.92703,54.78138,50.96077,52.63079,57.27128,56.51548,61.39218,61.18823,63.32456,60.41523,62.16912,62.96825,66.75328,60.01666,67.89698,63.78871,68.88396,65.11528,68.24954,68.88396,65.51336,65.76473,67.46851,65.96969,61.84658,69.64194,65.0,67.05222,63.89053,65.78754,65.19202,66.30988,64.07808,69.77822,67.08204,64.41273,69.35416,63.63175,70.72482,65.19202,71.56116,64.40497,65.60488,68.60029,65.43699,66.4003,67.62396,63.41136,63.65532,58.79626,61.6198,60.10824,55.86591,59.4138
8.544,7.61577,7.61577,7.61577,8.94427,8.06226,8.06226,8.06226,8.06226,7.2111,7.2111,7.81025,7.81025,7.81025,7.81025,7.81025,7.81025,7.81025,7.07107,7.07107,6.40312,6.40312,7.81025,6.40312,6.40312,6.40312,6.40312,5.83095,5.83095,5.83095,4.47214,5.38516,4.12311,4.12311,4.12311,4.12311,3.16228,3.0,3.0,2.0,2.0,2.0,2.23607,2.23607,1.41421,1.41421,1.41421,1.41421,1.0,1.0,1.0,1.0,51.15662,47.09565,52.00961,50.03998,47.09565,49.49747,45.70558,48.83646,42.95346,44.14748,48.50773,48.38388,45.60702,40.49691,48.70318,46.61545,43.08132,41.59327,45.61798,43.46263,46.51881,40.24922,40.81666,39.0,39.39543,35.8469,39.0,38.01316,38.48376,42.15448,37.69615,41.10961,33.24154,33.52611,31.7805,32.14032,26.01922,28.0,26.01922,25.01999,22.2036,24.18677,19.41649,16.49242,13.60147,16.15549,16.64332,12.20656,12.80625,12.72792,14.21267,10.63015,9.48683,6.7082,8.94427,9.48683,9.05539,44.40721,51.22499,48.60041,53.07542,51.66237,54.45181,55.9017,57.28001,59.46427,55.86591,62.28965,61.6198,62.36986,63.65532,68.62215,62.00806,69.6563,63.25346,68.11755,66.06815,66.70832,67.62396,63.89053,67.94115,64.44377,66.48308,65.19202,67.20863,62.2254,66.48308,64.44377,66.52819,63.89053,63.41136,62.80127,65.43699,63.81222,65.8635,65.51336,65.29931,67.54258,65.74192,69.77105,66.70832,68.44706,65.39113,68.70953,66.48308,62.76942,62.29767,62.64184,62.36185,66.09841,58.24088,58.69412,59.43904,55.54278
8.06226,8.0,8.0,8.0,8.06226,7.07107,7.07107,7.07107,7.07107,7.07107,7.07107,7.07107,7.28011,7.28011,7.28011,7.28011,6.32456,7.28011,7.28011,7.28011,6.32456,6.32456,6.08276,6.32456,6.08276,6.08276,6.0,6.0,6.0,5.09902,5.0,5.09902,5.09902,4.12311,4.47214,3.60555,3.60555,3.60555,2.82843,2.82843,2.82843,2.23607,2.23607,2.23607,3.0,2.0,2.0,2.0,2.0,2.0,2.23607,2.23607,53.03772,53.08484,53.0,48.04165,51.15662,48.37355,50.63596,50.44799,48.05206,46.57252,47.80167,47.12749,46.8188,40.80441,44.94441,46.48656,49.0408,43.86342,45.69464,44.77723,43.86342,44.77723,42.54409,43.38202,42.54409,42.54409,37.0,41.23106,40.49691,37.64306,38.32754,36.40055,36.13862,36.13862,32.38827,33.06055,31.14482,30.06659,27.01851,26.07681,24.5153,21.84033,22.13594,21.93171,19.31321,17.20465,13.89244,17.20465,12.80625,13.89244,13.60147,9.43398,13.89244,9.05539,10.19804,10.81665,9.05539,51.42956,49.73932,52.47857,53.82379,54.91812,55.0,56.40035,60.60528,60.0,63.60031,60.30755,63.70243,63.78087,66.06815,67.88225,63.65532,70.0928,65.76473,67.88225,69.35416,68.76772,68.593,68.68042,67.89698,71.42129,68.11755,66.6033,67.47592,67.62396,64.81512,63.41136,68.24222,68.26419,69.83552,71.19691,68.47627,68.09552,70.23532,69.35416,69.77822,71.30919,67.77905,71.51224,71.16881,69.89278,69.26038,70.5195,69.64194,70.34202,67.05222,68.68042,67.18631,63.32456,61.61169,63.56099,57.07013,61.18823
8.0,8.0,8.06226,8.06226,8.06226,8.06226,7.07107,7.07107,7.07107,7.28011,7.28011,7.28011,7.28011,7.28011,7.28011,7.28011,7.28011,6.32456,6.32456,6.32456,6.32456,6.32456,6.08276,6.32456,6.32456,6.08276,6.08276,6.08276,6.0,5.0,5.0,5.09902,5.09902,4.12311,4.47214,3.16228,3.60555,3.60555,3.60555,2.82843,2.82843,2.23607,2.23607,2.23607,2.23607,2.0,2.0,2.0,2.0,2.0,2.23607,2.23607,54.42426,54.12024,48.05206,47.67599,50.80354,45.89118,49.36598,48.09366,48.0,42.0119,45.0,42.0119,44.18144,47.26521,44.28318,42.42641,47.38143,43.41659,44.40721,43.73786,44.55334,38.63936,42.95346,41.7732,38.83298,43.56604,36.34556,40.60788,37.33631,37.21559,34.05877,35.0571,36.01389,35.01428,31.01612,29.83287,29.15476,29.61419,29.12044,23.08679,22.84732,20.80865,22.82542,20.80865,19.41649,16.97056,14.86607,15.81139,14.76482,12.64911,11.18034,11.04536,11.40175,11.18034,11.04536,11.18034,10.04988,48.83646,49.67897,50.44799,51.0392,55.0,51.86521,55.75841,55.21775,59.36329,60.20797,60.90156,60.53924,62.64982,64.00781,63.52952,66.18912,64.84597,68.47627,67.08204,66.64833,65.8635,69.35416,69.35416,68.0,65.0,69.11584,64.66065,66.03787,64.89992,66.0303,64.89992,65.0,64.03124,67.47592,68.76772,66.52819,68.62215,65.79514,65.79514,68.76772,68.11755,66.4003,66.21933,71.40028,67.20119,66.57327,67.41662,66.88797,66.37017,67.1193,61.91123,65.0,61.40033,59.94164,64.88451,59.9333,60.83584
9.89949,9.21954,9.21954,9.21954,9.21954,8.60233,8.60233,8.60233,8.94427,9.43398,8.94427,8.94427,8.94427,8.94427,8.06226,8.544,7.61577,7.61577,7.61577,7.61577,7.61577,7.61577,7.61577,8.06226,8.06226,7.2111,6.7082,7.2111,6.40312,6.40312,6.40312,5.65685,5.65685,5.65685,5.0,5.0,4.47214,4.47214,4.47214,4.12311,3.16228,3.16228,3.16228,3.16228,2.0,2.0,2.0,2.0,2.0,2.0,2.0,1.41421,59.03389,48.16638,54.56189,48.10405,46.8615,49.40648,45.80393,48.82622,45.22168,48.8774,45.27693,45.79301,46.06517,43.909,43.46263,45.61798,46.51881,44.94441,46.61545,43.08132,44.38468,38.62642,44.94441,42.15448,41.59327,42.04759,40.71855,43.08132,38.01316,38.91015,37.57659,37.44329,34.1321,37.20215,30.52868,32.64966,33.30165,31.1127,25.4951,26.24881,22.80351,22.47221,23.25941,23.25941,20.59126,15.23155,16.27882,14.31782,13.15295,12.04159,9.05539,13.60147,9.0,8.544,10.44031,7.2111,7.07107,46.32494,50.9902,47.07441,55.54278,49.81967,56.32051,56.32051,54.08327,57.03508,56.0357,56.00893,61.0082,62.1289,62.07254,65.00769,59.03389,66.00758,61.03278,70.0,66.0,67.00746,67.06713,63.0,64.0,65.0,65.03076,63.03174,68.18358,60.20797,69.26038,59.22837,68.593,64.62971,66.09841,68.06614,65.73431,66.21933,65.52099,66.76077,66.09841,68.94926,62.64982,66.48308,64.07808,70.68239,63.15853,65.55151,68.42514,64.88451,61.32699,63.52952,61.40033,64.89992,55.47071,60.21628,65.19202,57.68882
9.21954,8.48528,8.48528,9.21954,8.60233,8.60233,8.60233,8.60233,8.60233,8.06226,8.60233,8.06226,8.06226,8.06226,8.06226,8.06226,8.06226,8.06226,7.61577,7.61577,8.06226,7.61577,7.2111,6.7082,7.2111,7.2111,7.2111,6.40312,6.40312,5.65685,5.65685,5.65685,5.0,4.24264,5.0,4.47214,4.47214,3.16228,3.16228,2.23607,3.16228,2.0,2.0,2.0,2.0,1.0,1.0,1.0,1.0,0.0,1.0,1.0,54.3783,50.47772,49.92995,51.85557,51.08816,46.09772,50.20956,50.20956,50.91169,44.59821,47.50789,46.09772,47.63402,45.48626,44.40721,44.40721,45.48626,42.43819,42.54409,43.909,40.31129,41.88078,38.91015,40.24922,38.27532,40.70626,39.96248,41.59327,39.11521,41.40048,38.27532,36.12478,34.71311,35.0,32.55764,30.41381,29.83287,27.20294,27.45906,26.41969,23.70654,22.84732,17.46425,18.38478,15.52417,17.46425,15.0333,13.0384,12.36932,11.18034,13.92839,11.18034,10.77033,9.43398,6.40312,8.06226,6.7082,49.0408,44.01136,50.03998,49.09175,52.23983,53.46027,54.74486,57.55867,55.44367,60.01666,59.68249,61.98387,64.13267,64.53681,61.84658,63.56099,65.51336,64.7611,63.34824,66.70832,65.51336,65.30697,68.41053,66.4906,64.13267,68.44706,64.77654,63.15061,65.27634,64.12488,62.1289,63.12686,66.06815,64.00781,67.0,63.00794,67.06713,66.37017,65.76473,63.78871,65.49046,67.26812,66.09841,66.94027,61.61169,70.34202,64.03124,65.0,65.25335,63.06346,61.03278,65.14599,60.08328,59.46427,59.09315,57.38467,59.94164
9.21954,9.05539,9.05539,9.05539,9.0,8.0,9.0,9.0,9.0,9.05539,9.0,8.06226,8.06226,8.06226,8.06226,8.06226,8.06226,8.06226,8.24621,8.24621,8.06226,8.06226,8.06226,8.06226,7.07107,7.0,7.0,7.0,6.0,6.08276,6.08276,6.08276,5.09902,5.09902,4.47214,4.47214,4.47214,4.12311,3.60555,3.16228,2.82843,2.82843,2.23607,2.23607,2.23607,2.23607,1.41421,1.41421,1.41421,1.0,1.0,1.0,55.36244,49.98,52.20153,50.44799,48.50773,45.89118,50.63596,49.64877,46.38965,44.40721,46.09772,45.01111,48.0,45.01111,44.10215,45.27693,49.0408,45.04442,45.54119,41.4367,44.04543,43.28972,43.73786,42.75512,42.42641,43.04649,38.20995,40.4475,37.12142,37.05401,37.01351,38.0526,35.0571,34.0147,31.257,33.37664,30.26549,32.55764,27.20294,26.0,23.25941,21.9545,22.82542,19.41649,18.02776,14.86607,15.0,18.43909,13.41641,11.18034,12.64911,9.84886,10.44031,7.61577,6.7082,9.21954,9.48683,46.75468,50.32892,45.0,52.69725,48.54894,54.70832,51.10773,54.3783,56.4358,54.12024,60.53924,59.9333,60.41523,63.97656,62.64982,65.79514,66.70832,64.84597,65.29931,65.39113,65.29931,66.21178,62.64982,64.07808,64.84597,65.29931,64.40497,66.24198,62.43397,66.57327,62.68174,66.28725,63.41136,65.43699,66.70832,65.11528,63.03174,65.11528,67.89698,68.593,70.83784,64.44377,68.11755,68.24954,65.29931,62.00806,65.60488,65.45991,69.89278,63.24555,64.89992,65.45991,61.03278,56.30275,59.16925,62.64982,59.03389
9.05539,8.24621,8.24621,8.24621,8.24621,8.544,8.544,8.544,8.94427,8.544,8.544,8.544,7.61577,7.61577,8.06226,8.06226,8.06226,8.06226,7.2111,7.2111,7.2111,7.2111,8.06226,6.7082,6.7082,6.7082,6.7082,6.32456,5.38516,6.32456,5.09902,5.09902,5.09902,5.09902,4.12311,4.0,4.0,3.16228,3.16228,2.23607,2.23607,2.23607,2.23607,1.41421,1.41421,1.41421,1.41421,1.0,1.0,1.0,1.0,1.0,47.26521,52.15362,49.47727,49.0306,48.76474,49.33559,46.48656,46.8188,44.01136,45.88028,48.8467,44.77723,46.95743,44.28318,45.65085,45.79301,41.18252,41.88078,39.66106,43.82921,45.80393,44.40721,40.0,39.82462,41.04875,41.40048,39.66106,38.83298,38.94868,39.40812,38.83298,34.98571,34.43835,33.61547,34.88553,31.57531,28.16026,28.44293,24.18677,24.33105,24.33105,21.2132,18.24829,21.09502,14.56022,16.49242,14.86607,13.0,13.92839,11.18034,8.94427,10.63015,7.2111,11.18034,5.83095,10.44031,8.94427,47.70744,50.24938,49.64877,50.47772,53.25411,55.80323,54.81788,55.0,59.20304,57.38467,59.5483,60.1415,64.38167,63.65532,64.44377,63.65532,66.48308,64.3506,68.0147,65.11528,67.26812,66.46804,66.52819,67.47592,68.62215,66.06815,66.70832,63.12686,65.80274,66.28725,64.3506,64.89992,62.76942,65.36819,66.7308,64.40497,67.97794,64.62198,65.19202,69.28925,67.41662,70.5195,67.35726,68.96376,65.52099,66.94027,66.70832,64.32729,67.26812,64.32729,61.81424,63.63961,64.49806,60.29925,61.40033,58.13777,58.30952
10.0,10.0,9.05539,10.04988,9.05539,9.05539,9.21954,9.21954,9.21954,8.24621,9.21954,8.24621,8.24621,8.24621,8.24621,8.544,8.544,8.544,8.544,8.544,8.24621,8.24621,7.28011,7.28011,7.28011,7.28011,7.07107,7.07107,7.0,7.07107,6.0,6.08276,6.08276,5.09902,5.09902,5.09902,5.09902,4.47214,4.47214,3.60555,3.60555,3.60555,2.82843,2.82843,2.82843,2.82843,2.23607,2.23607,2.23607,2.23607,2.23607,2.23607,56.0357,49.0408,49.0102,52.34501,47.38143,48.83646,47.07441,50.21952,44.38468,48.76474,46.84015,46.57252,47.16991,46.48656,44.38468,45.18849,46.61545,42.48529,45.18849,46.51881,47.41308,39.35734,42.95346,38.01316,41.78516,38.27532,42.54409,40.80441,40.80441,38.07887,39.0,39.56008,35.44009,33.73426,33.73426,29.01724,30.01666,29.0,28.44293,26.07681,24.33105,24.73863,19.92486,17.46425,19.69772,17.49286,17.46425,15.6205,14.21267,10.63015,10.81665,13.45362,10.81665,9.48683,10.44031,11.04536,9.05539,47.92703,50.56679,49.64877,53.22593,54.20332,55.56978,54.91812,58.00862,58.00862,60.21628,62.62587,61.61169,61.85467,64.81512,62.62587,67.00746,67.20119,64.53681,64.53681,64.66065,67.47592,67.47592,64.53681,67.80118,67.47592,67.42403,64.2028,66.4003,65.45991,66.28725,64.66065,65.19202,63.28507,64.14047,67.60178,65.29931,64.4748,64.62198,64.62198,66.85058,66.40783,66.76077,69.89278,68.15424,68.88396,69.64194,69.37579,69.12308,63.56099,64.7611,63.95311,65.11528,64.93843,65.49046,62.20129,58.30952,59.21149
9.0,8.0,8.0,8.06226,8.06226,8.06226,8.06226,8.24621,8.24621,8.24621,7.28011,7.28011,7.28011,7.28011,7.28011,7.61577,6.32456,6.32456,7.61577,6.7082,6.7082,6.32456,6.32456,6.32456,6.32456,6.08276,6.08276,6.08276,6.08276,5.0,5.0,5.0,5.0,4.12311,4.12311,3.16228,3.60555,3.60555,3.60555,3.60555,2.82843,2.82843,2.23607,2.23607,2.23607,2.23607,2.0,2.0,2.0,2.0,2.0,2.23607,50.0,49.0102,52.08647,49.25444,47.67599,48.83646,50.01,48.50773,46.32494,47.75982,47.01064,43.86342,45.69464,42.54409,44.38468,44.29447,44.28318,42.05948,41.18252,40.81666,43.01163,39.11521,45.79301,41.88078,40.31129,39.44617,35.35534,40.70626,41.23106,38.47077,36.24914,35.77709,34.78505,34.53983,29.73214,31.57531,28.44293,28.63564,29.06888,22.02272,21.0,20.22375,23.19483,20.09975,20.61553,15.81139,13.0,15.81139,14.21267,13.60147,8.94427,8.06226,12.20656,11.6619,9.21954,7.07107,8.24621,47.16991,52.43091,50.21952,55.0,51.40039,54.67175,53.8145,54.67175,57.38467,58.79626,63.65532,65.06919,65.79514,62.93648,64.38167,65.79514,68.593,62.2254,69.29646,68.593,66.48308,65.76473,66.48308,70.03571,65.76473,65.8559,64.44377,67.47592,64.53681,69.81404,60.60528,68.24222,68.7968,68.09552,67.60178,63.28507,64.88451,68.942,68.02941,68.15424,68.54196,64.2573,71.16881,67.41662,69.92138,66.76077,66.21933,66.21933,68.15424,66.94027,64.53681,63.15061,63.34824,57.87055,61.18823,63.3877,60.53098
10.0,9.43398,8.60233,9.43398,9.43398,9.43398,8.94427,8.94427,8.94427,8.94427,8.544,8.544,8.544,8.544,8.544,8.544,8.24621,8.544,8.544,8.544,7.61577,7.61577,7.61577,7.61577,7.61577,7.61577,6.7082,6.7082,7.2111,5.83095,6.40312,6.40312,5.65685,5.65685,5.65685,5.0,4.24264,4.47214,4.47214,4.47214,3.60555,3.16228,3.16228,3.16228,3.16228,2.0,2.0,2.0,2.0,2.0,2.0,1.41421,55.21775,53.41348,53.15073,50.20956,48.27007,53.41348,48.27007,51.22499,47.01064,47.70744,47.16991,44.41846,49.73932,44.77723,45.18849,46.95743,46.95743,45.69464,46.09772,41.78516,45.54119,42.37924,44.94441,40.71855,41.14608,40.31129,37.69615,39.39543,39.82462,39.0,41.62932,40.24922,35.0,35.51056,30.80584,33.24154,31.89044,28.3196,29.73214,25.4951,24.08319,22.47221,20.24846,19.23538,19.31321,15.65248,17.46425,13.34166,11.18034,15.0,15.13275,10.0,10.19804,9.48683,12.08305,9.43398,10.63015,46.52956,49.0408,49.0,51.0392,50.08992,55.14526,56.22277,57.55867,58.54912,56.22277,60.29925,61.40033,62.514,66.61081,65.76473,60.53098,66.75328,61.66036,67.60178,66.28725,65.11528,66.09841,62.64982,64.38167,65.37584,66.48308,64.19502,67.18631,62.00806,67.00746,61.0082,67.06713,62.00806,66.1211,66.18912,68.593,63.95311,64.7611,64.53681,67.18631,68.65858,64.19502,69.57011,66.7308,69.26038,67.06713,67.35726,64.2573,67.23095,63.69458,64.07808,67.60178,63.07139,58.30952,60.90156,61.29437,55.75841
8.06226,8.06226,8.0,8.0,8.0,7.0,8.06226,8.06226,7.07107,7.07107,7.07107,7.07107,7.07107,7.07107,7.28011,7.28011,7.28011,7.28011,7.28011,6.32456,6.32456,6.32456,6.08276,6.32456,6.08276,6.08276,6.0,6.0,6.0,5.0,5.0,5.09902,5.09902,4.12311,4.47214,4.47214,3.60555,3.60555,3.60555,2.82843,2.82843,2.23607,2.23607,2.23607,2.23607,2.0,2.0,2.0,2.0,2.0,2.0,2.23607,50.80354,53.60037,50.24938,46.04346,50.08992,49.0102,52.03845,46.17359,48.16638,42.42641,44.28318,43.93177,44.91102,49.47727,41.7732,43.41659,45.35416,42.2019,44.94441,43.32436,40.26164,42.05948,41.76123,40.49691,41.78516,40.8534,37.94733,41.48494,39.05125,39.81206,37.10795,33.54102,36.13862,32.24903,32.06244,30.14963,28.07134,27.0,29.06888,24.04163,22.36068,22.36068,21.0238,21.54066,16.64332,16.40122,15.0,15.55635,13.0384,12.52996,11.18034,9.48683,12.08305,9.48683,13.15295,9.05539,10.44031,49.0408,48.79549,54.45181,51.62364,54.67175,53.90733,54.48853,57.48913,60.44005,60.60528,61.29437,61.03278,64.40497,64.07027,64.63745,66.57327,67.1193,66.57327,64.40497,67.20119,67.20119,69.63476,67.20119,66.85058,66.28725,65.43699,64.03124,66.21933,68.88396,62.482,64.53681,65.06919,65.11528,68.68042,67.26812,68.88396,67.47592,65.43699,66.61081,69.40461,64.89992,70.3278,65.0,72.06941,63.52952,67.08204,67.53518,65.30697,68.02941,65.0,64.07808,66.48308,62.96825,58.87274,60.16644,61.03278,60.44005
9.43398,9.21954,9.21954,9.21954,9.21954,8.48528,9.21954,9.21954,8.60233,9.21954,9.21954,7.81025,9.21954,8.60233,8.60233,8.60233,8.60233,7.2111,8.60233,8.06226,8.06226,8.06226,7.2111,7.81025,7.81025,7.81025,6.40312,7.07107,7.07107,5.65685,6.40312,6.40312,6.40312,5.0,5.0,4.47214,4.47214,4.47214,4.12311,4.12311,3.16228,3.0,3.16228,3.0,2.0,2.0,2.0,2.0,2.0,2.0,1.41421,1.41421,55.02727,55.03635,51.42956,49.64877,49.92995,48.02083,46.87217,46.61545,46.61545,44.82187,43.93177,46.66905,49.49747,46.69047,42.42641,44.59821,46.69047,48.9183,46.8615,44.04543,43.41659,44.04543,42.80187,41.03657,42.80187,39.82462,37.20215,38.28838,38.28838,37.53665,40.60788,37.48333,37.48333,31.89044,31.241,30.0,32.24903,31.06445,30.88689,26.41969,23.32381,20.22375,22.36068,20.22375,20.22375,16.0,16.03122,15.0333,11.04536,11.18034,10.44031,9.43398,11.6619,8.60233,10.0,7.81025,10.44031,47.67599,50.0,48.76474,53.75872,52.81098,52.49762,52.20153,52.81098,58.18075,57.58472,60.16644,58.87274,64.88451,65.30697,66.21178,65.36819,64.88451,63.95311,63.69458,65.74192,65.79514,71.17584,64.4748,65.30697,66.21178,65.19202,65.0,65.55151,64.84597,64.19502,62.36185,62.8172,62.58594,65.30697,65.9242,65.76473,63.3877,64.38167,64.12488,67.06713,68.11755,67.00746,62.03225,68.02941,66.1211,64.77654,64.62971,65.37584,67.60178,63.50591,63.50591,64.77654,63.63961,56.88585,57.27128,58.24088,58.24088
9.21954,9.48683,9.48683,9.48683,8.544,8.544,8.544,8.94427,8.94427,8.94427,8.94427,8.94427,8.94427,8.06226,8.06226,8.06226,8.06226,8.06226,8.06226,8.06226,8.06226,8.06226,7.61577,8.06226,8.06226,6.7082,6.7082,6.32456,6.32456,6.32456,6.32456,6.08276,6.08276,5.09902,5.0,5.0,4.0,4.0,4.0,3.0,3.16228,3.16228,3.16228,2.23607,2.23607,2.23607,1.41421,2.23607,1.41421,1.41421,1.41421,1.0,56.00893,50.0,53.23533,46.27094,51.35173,48.27007,47.53946,50.69517,48.50773,48.70318,45.54119,45.88028,46.61545,44.94441,47.88528,43.82921,47.75982,47.42362,47.41308,43.38202,43.38202,40.81666,43.82921,44.28318,42.54409,41.78516,39.35734,42.04759,40.71855,36.24914,39.56008,38.8973,35.73514,34.20526,32.28002,30.26549,32.14032,31.14482,30.0,27.01851,22.36068,23.76973,25.17936,21.54066,21.54066,15.65248,14.42221,16.64332,11.6619,8.48528,12.04159,9.84886,10.81665,8.06226,8.94427,9.05539,9.21954,47.16991,50.15974,48.33218,53.23533,50.60632,53.53504,54.08327,56.4358,59.20304,58.5235,59.64059,61.85467,63.00794,61.40033,65.0,62.482,68.88396,62.482,67.80118,66.52819,64.66065,67.20119,62.482,67.62396,65.60488,66.0303,65.80274,66.21933,62.68174,64.89992,61.91123,65.45991,63.13478,64.88451,64.00781,63.95311,63.90618,64.62198,67.77905,66.7308,67.41662,65.14599,70.21396,68.41053,65.52099,64.32729,66.94027,66.70832,67.68309,61.61169,61.98387,62.80127,64.49806,55.57877,59.5399,61.66036,58.30952
8.06226,8.06226,8.06226,8.06226,8.06226,7.61577,7.61577,7.61577,7.28011,7.28011,7.28011,7.28011,7.28011,7.28011,7.28011,7.07107,7.07107,7.07107,7.07107,7.07107,6.32456,7.07107,6.08276,6.08276,7.28011,6.08276,6.32456,5.38516,5.38516,5.38516,5.38516,4.47214,5.0,4.24264,3.60555,2.82843,2.82843,2.82843,3.16228,2.23607,2.23607,2.23607,2.0,2.0,1.0,1.0,1.41421,1.41421,1.41421,1.41421,1.41421,1.41421,53.2635,46.75468,55.9017,45.27693,48.9183,47.50789,42.63801,47.80167,43.26662,51.62364,43.909,46.52956,42.94182,40.81666,42.04759,43.65776,43.46263,43.46263,44.59821,41.4367,47.43416,39.21734,41.10961,42.15448,36.40055,43.46263,35.44009,40.31129,37.12142,36.40055,35.8469,35.34119,31.38471,36.71512,28.84441,31.14482,29.73214,27.65863,26.87006,24.75884,21.2132,22.67157,21.93171,17.46425,19.41649,13.92839,15.29706,14.14214,15.29706,9.05539,8.06226,7.0,13.34166,9.48683,9.84886,9.21954,6.40312,46.01087,50.03998,49.0408,56.0357,52.03845,57.14018,55.44367,56.22277,56.7186,57.21888,60.67125,63.1981,65.49046,64.93843,68.06614,62.36986,71.19691,64.53681,68.73136,66.28725,64.49806,69.2315,65.76473,67.89698,66.27217,67.26812,63.28507,68.11755,62.1289,70.06426,60.00833,70.06426,65.00769,66.06815,65.49046,66.37017,63.78871,67.26812,67.68309,67.46851,71.80529,66.76077,70.21396,67.05222,69.89278,68.54196,65.0,66.70832,63.69458,61.32699,63.56099,61.32699,65.76473,56.36488,61.26989,60.82763,55.22681
9.21954,8.60233,8.60233,8.60233,8.06226,8.94427,8.94427,8.94427,8.94427,8.544,8.94427,8.544,8.544,8.544,8.544,8.544,8.544,8.544,8.24621,7.28011,7.28011,7.28011,7.28011,7.28011,7.61577,7.61577,6.7082,6.7082,5.83095,5.83095,5.83095,5.0,5.0,5.0,5.0,4.24264,4.24264,2.82843,2.82843,2.23607,3.16228,2.23607,2.23607,2.23607,2.23607,2.0,1.0,1.0,1.0,1.0,1.0,1.41421,50.93133,51.66237,52.80152,50.44799,52.20153,51.0392,49.09175,45.48626,48.02083,44.72136,45.61798,47.92703,46.23851,45.54119,42.95346,45.54119,46.17359,43.9659,39.29377,43.9659,42.72002,44.64303,43.68066,41.23106,40.02499,41.48494,43.01163,38.32754,39.56008,36.40055,37.57659,37.16181,34.9285,31.01612,33.61547,30.01666,30.41381,27.80288,26.1725,26.1725,26.90725,26.24881,20.59126,19.41649,14.31782,19.69772,12.52996,12.04159,11.7047,11.7047,12.0,11.04536,7.28011,7.28011,9.21954,11.18034,7.28011,48.83646,50.9902,51.47815,50.35871,52.08647,51.0098,54.08327,59.13544,56.00893,61.03278,61.29437,60.13319,63.00794,62.1289,61.07373,67.18631,63.07139,67.1193,64.07027,66.0,66.0,68.02941,68.11755,65.12296,63.00794,65.03076,66.0303,63.03174,67.18631,65.12296,62.39391,63.63961,67.08204,66.4906,66.70832,65.51336,65.96969,66.21933,66.09841,67.06713,66.48308,66.12866,64.51356,68.54196,61.84658,68.88396,66.64083,67.74216,67.23095,65.8635,63.13478,61.77378,57.80138,63.24555,61.29437,57.00877,57.80138
9.21954,9.21954,9.21954,9.21954,9.21954,9.21954,8.60233,8.60233,8.60233,8.60233,8.60233,8.60233,8.60233,8.60233,8.06226,8.06226,8.06226,8.06226,8.06226,8.06226,8.06226,8.06226,7.2111,8.06226,7.2111,7.2111,7.2111,6.40312,7.07107,6.40312,6.40312,6.40312,5.65685,5.0,5.0,4.47214,4.47214,4.47214,4.12311,4.12311,3.16228,3.16228,3.16228,2.0,2.0,2.0,2.0,2.0,2.23607,2.23607,1.41421,1.41421,52.15362,52.15362,51.61395,53.2635,49.51767,48.10405,47.38143,50.20956,46.01087,47.50789,45.60702,49.09175,48.25971,44.94441,45.22168,46.14109,45.79301,41.88078,44.77723,42.94182,45.17743,41.67733,42.94182,42.05948,40.49691,42.04759,38.91015,39.44617,39.96248,38.47077,36.61967,37.73592,35.4683,36.87818,30.80584,33.97058,32.52691,28.3196,27.20294,24.20744,23.02173,21.93171,22.47221,19.64688,20.88061,15.81139,16.0,16.03122,12.04159,11.0,11.0,7.28011,8.544,13.41641,10.81665,9.21954,7.07107,48.0,50.08992,49.16299,53.60037,52.46904,55.10898,55.57877,55.7315,57.48913,57.07013,61.40033,63.89053,62.58594,61.61169,65.0,63.32456,68.41053,66.09841,67.18631,65.0,68.65858,66.21933,65.52099,64.03124,66.94027,65.30697,65.51336,66.75328,61.81424,68.73136,62.28965,66.1211,64.12488,64.03124,67.06713,64.07027,65.27634,68.11755,64.19502,66.37017,69.46222,66.75328,67.26812,67.26812,67.68309,69.64194,64.03124,67.35726,66.7308,63.32456,62.64184,63.56886,59.46427,57.58472,58.5235,57.93962,52.3259
8.06226,8.06226,8.06226,8.06226,8.24621,7.28011,7.28011,7.28011,7.28011,7.28011,7.28011,7.61577,7.61577,6.7082,7.61577,6.7082,6.7082,6.7082,6.7082,6.7082,6.7082,6.7082,6.32456,6.7082,6.7082,6.32456,5.38516,5.38516,5.38516,5.09902,5.09902,5.0,5.0,4.0,4.12311,4.12311,3.16228,3.16228,3.16228,3.16228,2.82843,2.82843,2.82843,2.23607,2.23607,2.23607,2.23607,2.23607,2.0,2.0,2.0,2.0,53.60037,46.52956,52.08647,49.09175,48.04165,47.04253,48.16638,50.15974,46.52956,46.17359,47.07441,44.14748,44.91102,45.60702,44.64303,42.05948,44.92215,44.94441,43.32436,40.49691,45.54119,41.78516,43.32436,41.4367,40.16217,39.21734,37.64306,38.8973,37.64306,35.73514,35.17101,39.56008,33.73426,31.57531,29.15476,34.0147,32.01562,31.0,28.0,23.5372,21.37756,22.13594,21.18962,19.72308,19.31321,14.86607,17.02939,13.0384,10.63015,10.0,10.29563,13.15295,8.94427,9.21954,9.48683,10.04988,8.544,47.38143,51.73973,50.20956,54.67175,51.85557,56.40035,56.22277,59.03389,56.61272,56.40035,62.68174,61.03278,66.28725,64.07027,66.85058,65.51336,68.7968,63.51378,68.50547,68.8186,67.6757,69.64194,64.63745,67.6757,69.06519,68.41053,64.63745,67.20119,64.53681,68.88396,59.5483,68.68042,68.593,66.6033,68.68042,67.26812,62.62587,68.60029,68.41053,69.33974,67.6757,65.19202,68.96376,64.84597,68.09552,69.11584,64.84597,66.64833,65.74192,64.84597,64.07808,62.39391,61.84658,57.00877,58.18935,62.36185,58.94065
9.21954,9.21954,8.24621,8.24621,8.544,8.544,8.94427,8.94427,8.94427,8.06226,8.94427,8.06226,8.06226,8.06226,8.06226,8.06226,8.06226,7.2111,7.2111,7.2111,7.2111,7.2111,7.2111,7.2111,6.7082,7.2111,6.7082,6.32456,6.32456,6.32456,5.09902,5.09902,5.09902,4.0,4.0,4.0,4.0,3.16228,3.16228,2.23607,2.23607,2.23607,2.23607,1.41421,1.41421,1.41421,1.41421,1.0,1.0,1.0,1.0,1.0,49.64877,50.80354,48.6621,49.16299,50.0,48.01042,43.0,47.16991,46.17359,47.26521,44.55334,47.67599,47.85394,44.91102,46.32494,47.80167,43.01163,45.88028,42.72002,42.37924,43.9659,42.05948,40.49691,42.72002,41.4367,37.36308,40.49691,36.68787,37.85499,38.32754,34.71311,35.22783,35.35534,33.06055,33.06055,29.06888,28.01785,27.07397,25.4951,26.4764,25.4951,21.18962,18.38478,18.02776,17.80449,14.42221,16.27882,10.0,12.04159,12.08305,10.29563,11.40175,10.0,9.05539,8.06226,8.06226,7.07107,48.9183,47.50789,49.49747,51.66237,52.34501,55.97321,54.67175,58.13777,58.89822,59.81639,61.84658,61.22091,67.00746,67.80118,65.45991,61.29437,67.41662,64.3506,67.20119,65.73431,66.0303,69.33974,64.81512,66.0303,64.63745,66.8431,66.06815,66.6033,65.29931,61.6198,63.03174,65.76473,66.52819,63.65532,65.94695,66.6033,65.21503,68.00735,67.42403,66.85058,69.06519,66.57327,67.6757,70.72482,68.26419,68.09552,66.18912,66.64833,65.76473,63.06346,62.24147,65.0,64.4748,59.5063,59.61543,57.77543,56.32051
9.21954,9.21954,9.48683,9.48683,9.48683,8.544,8.544,8.544,8.544,8.94427,8.94427,8.06226,8.94427,8.06226,8.06226,8.06226,8.06226,8.06226,8.06226,8.06226,8.06226,8.06226,7.61577,8.06226,7.61577,6.7082,7.61577,6.32456,6.32456,6.32456,6.08276,6.08276,6.08276,5.09902,5.0,5.0,4.0,4.0,4.0,3.16228,3.16228,3.16228,3.16228,2.23607,2.23607,2.23607,1.41421,1.41421,1.41421,1.41421,1.0,1.0,52.15362,53.33854,52.61179,49.0306,47.53946,47.80167,47.53946,48.76474,48.76474,46.23851,44.28318,48.30114,43.38202,47.41308,46.95743,44.77723,44.77723,43.04649,43.04649,46.32494,41.34005,42.19005,43.26662,46.04346,39.66106,42.43819,42.19005,42.72002,37.73592,37.58989,34.43835,34.88553,36.67424,34.78505,33.83785,35.44009,31.32092,29.61419,29.42788,24.02082,22.0,21.09502,25.0,19.23538,18.43909,13.92839,13.0,16.55295,11.6619,13.0384,10.63015,7.81025,10.0,9.21954,9.48683,6.32456,8.06226,47.85394,46.14109,51.62364,52.47857,51.86521,53.00943,54.40588,55.80323,58.60034,58.00862,60.44005,59.81639,62.00806,63.12686,65.43699,63.65532,65.79514,64.44377,68.0147,66.06815,65.94695,66.8431,65.43699,65.19202,63.25346,67.00746,66.06815,61.22091,64.2028,67.6757,63.00794,65.0,65.0,66.18912,67.53518,63.07139,64.62198,66.70832,65.55151,68.94926,65.45991,68.62215,70.21396,68.96376,63.78871,67.91171,62.16912,66.09841,65.11528,67.89698,66.61081,61.52235,62.39391,59.4138,61.20457,60.13319,56.14268
8.60233,9.21954,8.48528,8.48528,8.48528,8.48528,8.48528,7.81025,7.81025,7.81025,7.81025,7.81025,7.81025,7.81025,7.81025,7.2111,7.2111,7.2111,7.2111,7.2111,7.2111,7.2111,6.40312,6.40312,6.40312,7.07107,6.40312,6.40312,6.40312,5.83095,5.83095,5.0,4.47214,4.47214,5.09902,5.09902,4.12311,4.0,3.0,3.0,3.0,3.16228,3.16228,3.16228,3.16228,2.23607,2.23607,2.23607,2.82843,2.23607,2.82843,2.23607,51.62364,49.24429,50.77401,50.56679,48.8774,48.37355,48.01042,48.25971,47.50789,43.60046,47.01064,48.27007,46.8615,43.13931,45.96738,45.96738,44.04543,44.59821,42.0119,43.27817,44.68781,42.42641,43.60046,38.60052,40.60788,38.94868,39.69887,38.01316,38.28838,41.01219,37.53665,34.71311,33.97058,33.6006,33.83785,28.6531,29.52965,29.52965,26.92582,26.24881,25.70992,23.5372,19.92486,18.02776,15.0333,18.0,16.49242,13.92839,15.81139,15.65248,12.20656,12.80625,12.80625,7.81025,10.29563,9.84886,10.44031,49.09175,51.0392,50.01,52.08647,54.23099,55.7315,56.7186,56.56854,62.16912,58.42089,59.84146,64.53681,66.09841,65.73431,63.34824,65.52099,65.52099,72.12489,65.73431,68.68042,66.21933,70.88018,67.18631,66.21933,66.94027,69.12308,67.91171,67.26812,64.32729,65.49046,63.15061,64.28063,63.28507,66.27217,66.18912,70.00714,65.0,68.02941,68.06614,68.18358,66.1211,69.46222,68.18358,68.46897,70.34913,66.75328,67.08204,66.09841,64.53681,65.62012,64.53681,65.0,61.84658,59.20304,58.5235,58.5235,56.30275
7.81025,8.06226,8.06226,8.06226,8.06226,7.61577,7.61577,7.28011,7.61577,7.61577,7.61577,7.28011,7.28011,7.28011,7.28011,7.28011,7.28011,7.28011,7.28011,6.32456,6.32456,6.32456,6.32456,6.32456,6.32456,6.32456,5.38516,5.83095,5.83095,5.0,5.0,5.0,4.24264,4.24264,2.82843,3.60555,2.82843,3.16228,3.16228,2.23607,2.0,2.0,2.0,2.0,1.41421,1.41421,1.41421,1.41421,1.41421,1.41421,1.41421,1.0,52.00961,49.20366,50.24938,48.10405,50.32892,45.34314,48.9183,44.68781,46.04346,45.22168,45.22168,47.16991,44.77723,44.41846,43.38202,42.54409,44.77723,44.28318,42.95346,44.77723,41.4367,43.46263,38.62642,42.54409,39.81206,39.81206,36.76955,38.91015,40.31129,38.48376,36.24914,35.34119,32.44996,34.4093,32.44996,30.61046,27.65863,27.58623,26.90725,23.43075,22.62742,20.0,18.02776,17.46425,17.08801,15.81139,12.36932,15.0333,13.0384,9.05539,7.61577,8.06226,11.18034,9.43398,9.21954,7.81025,8.48528,50.35871,50.08992,51.0098,53.0,53.0,52.03845,58.07753,58.13777,60.29925,59.21149,60.03332,61.20457,65.19202,68.46897,65.11528,66.28725,66.61081,65.76473,67.60178,69.63476,66.75328,67.08204,68.73136,64.28063,68.73136,66.1211,68.18358,65.37584,69.11584,64.03124,67.0,64.00781,65.00769,64.19502,66.27217,66.61081,66.91039,67.89698,66.09841,66.76077,68.44706,68.68042,68.96376,69.26038,63.24555,66.48308,66.7308,68.54196,66.7308,63.56886,67.62396,65.30697,64.4748,60.03332,56.79789,58.59181,59.05929
9.21954,9.21954,9.21954,9.21954,8.60233,8.60233,8.60233,8.94427,8.94427,8.94427,8.94427,8.94427,8.94427,8.94427,8.06226,8.544,8.544,7.61577,8.544,7.61577,7.61577,7.61577,7.61577,7.61577,7.61577,6.7082,7.2111,7.2111,7.2111,5.83095,6.40312,6.40312,5.65685,5.65685,4.24264,5.0,4.47214,4.47214,4.47214,4.47214,3.16228,3.16228,3.16228,3.16228,2.0,2.0,2.0,2.0,2.0,2.0,2.0,1.0,57.80138,51.08816,55.86591,48.10405,50.32892,49.0408,49.20366,49.81967,46.40043,48.54894,49.39636,45.17743,45.61798,46.64762,45.65085,46.61545,45.65085,43.08132,44.28318,43.65776,45.88028,42.15448,43.08132,42.37924,39.81206,44.77723,39.21734,41.62932,40.31129,39.0,36.67424,36.71512,35.51056,37.44329,33.61547,33.01515,32.55764,30.4795,28.28427,24.75884,23.32381,20.0,21.47091,20.59126,20.12461,13.89244,15.52417,16.49242,13.0384,11.40175,9.05539,11.40175,11.04536,9.05539,11.6619,6.32456,6.40312,47.67599,48.09366,50.15974,52.15362,53.0,57.21888,55.03635,56.14268,58.00862,58.13777,61.40033,61.20457,62.28965,65.76473,63.63961,65.49046,68.73136,65.76473,70.17834,66.75328,67.36468,67.36468,62.514,65.62012,66.75328,64.28063,65.06919,65.06919,64.07027,68.00735,62.00806,66.0303,65.06919,65.62012,66.48308,67.08204,63.56099,65.25335,64.32729,65.96969,66.21933,65.45991,69.28925,68.00735,65.78754,70.77429,67.77905,65.30697,64.88451,60.41523,63.97656,65.76473,62.6099,56.30275,59.16925,59.03389,55.22681
10.19804,10.19804,9.21954,10.19804,9.05539,10.04988,9.05539,9.0,9.0,9.0,9.0,9.0,9.0,8.0,9.0,9.05539,9.05539,8.06226,8.06226,8.0,8.06226,8.0,8.06226,8.0,8.0,8.0,7.0,7.07107,7.07107,6.0,6.08276,6.32456,6.32456,5.38516,5.38516,4.47214,4.47214,5.0,4.24264,4.24264,3.60555,2.82843,2.82843,2.82843,2.82843,2.23607,2.23607,2.23607,2.23607,2.0,2.0,2.0,53.15073,52.00961,51.61395,50.77401,47.88528,50.11986,49.64877,48.37355,44.28318,47.85394,47.43416,49.33559,47.80167,42.72002,46.32494,45.60702,47.12749,46.09772,46.09772,39.29377,44.14748,42.42641,45.54119,43.93177,41.7732,39.81206,41.0,39.62323,36.13862,40.02499,38.32754,38.32754,33.24154,34.48188,32.31099,31.06445,30.01666,28.01785,25.80698,25.80698,24.41311,24.75884,20.61553,20.0,20.0,16.64332,15.65248,13.92839,13.92839,10.44031,12.16553,10.04988,11.18034,10.44031,10.0,9.84886,7.07107,48.08326,52.17279,48.27007,51.97115,51.78803,54.58938,53.46027,57.55867,58.30952,56.4358,59.13544,63.07139,64.38167,66.18912,67.18631,64.0,69.02898,62.03225,66.18912,67.1193,68.06614,69.06519,63.1981,67.1193,65.03076,68.18358,68.18358,66.61081,60.67125,65.11528,64.53681,65.73431,65.52099,65.14599,68.00735,67.35726,65.0,65.9242,64.07808,69.857,70.21396,67.1193,70.66116,65.0,68.09552,67.41662,69.64194,65.45991,67.42403,59.90826,63.60031,63.60031,67.62396,58.89822,60.60528,59.20304,55.86591
9.21954,8.48528,8.48528,8.48528,8.48528,8.48528,8.60233,8.60233,8.60233,8.06226,7.81025,8.60233,8.06226,8.06226,8.06226,8.06226,8.06226,7.2111,7.61577,7.2111,6.7082,6.7082,7.2111,7.2111,7.2111,7.2111,6.40312,6.40312,6.40312,5.65685,5.0,5.0,5.0,4.47214,4.47214,4.47214,4.12311,4.12311,3.0,4.0,3.0,3.0,3.16228,3.16228,3.16228,3.16228,2.23607,2.23607,2.23607,2.23607,2.82843,2.82843,51.88449,55.00909,47.50789,50.21952,52.43091,45.80393,49.81967,48.27007,47.42362,43.86342,46.75468,50.24938,48.83646,46.69047,48.83646,44.20407,47.01064,42.43819,42.2019,46.40043,43.01163,43.01163,38.60052,44.10215,41.88078,40.80441,40.60788,38.60052,39.05125,39.59798,35.35534,33.97058,33.94113,32.01562,35.60899,28.42534,29.20616,27.80288,25.55386,24.69818,25.0,22.2036,20.02498,18.24829,14.0,15.0333,14.56022,13.0,12.64911,10.44031,11.6619,9.21954,9.84886,10.63015,8.06226,8.48528,8.60233,51.0392,48.0,53.03772,52.08647,56.0803,54.08327,57.31492,57.21888,61.66036,61.81424,61.39218,62.58594,66.28725,66.70832,63.56099,69.12308,67.68309,65.25335,64.32729,69.12308,65.25335,67.68309,69.37579,66.94027,68.41053,66.70832,63.15061,64.93843,67.74216,65.62012,64.38167,63.1981,68.06614,66.0,66.0,68.00735,70.00714,69.02898,67.18631,66.27217,62.514,70.71068,62.96825,72.36712,63.95311,72.36712,66.70832,65.0,65.25335,66.21933,64.56005,63.06346,60.08328,63.56886,61.68468,57.58472,60.00833
8.544,8.24621,8.24621,8.24621,8.24621,8.06226,8.06226,8.06226,7.07107,8.06226,8.0,8.0,7.0,7.07107,7.0,7.0,7.0,7.0,7.0,7.0,7.0,7.0,7.0,6.0,6.0,6.08276,6.08276,6.08276,5.09902,5.09902,4.47214,4.47214,4.47214,3.60555,3.60555,3.60555,2.82843,2.82843,2.82843,2.23607,2.23607,2.23607,2.23607,1.0,1.0,1.0,1.0,1.0,1.41421,1.41421,1.41421,1.0,52.20153,48.8467,51.92302,48.83646,48.08326,49.36598,45.89118,49.49747,45.39824,48.09366,44.10215,48.04165,46.0,44.04543,46.0,45.09989,43.01163,44.18144,42.0119,44.10215,45.09989,42.29657,42.10701,38.01316,41.01219,40.0,38.11824,39.11521,37.05401,37.01351,37.0,34.1321,32.38827,32.55764,32.38827,33.95585,29.41088,26.92582,26.40076,24.18677,21.47091,18.35756,19.10497,19.10497,16.97056,12.80625,12.80625,13.89244,13.41641,12.08305,9.84886,9.05539,11.0,10.19804,7.61577,9.84886,9.21954,48.10405,49.67897,51.73973,52.80152,51.86521,56.85948,54.08327,58.83026,58.30952,58.66856,65.8635,62.26556,65.29931,62.26556,67.08204,64.40497,68.8767,62.6099,70.68239,63.56099,66.18912,68.942,63.56099,69.77105,66.64083,65.76473,62.64982,66.03787,63.63175,67.6757,63.00794,68.24222,66.0303,67.62396,68.41053,61.22091,66.52819,69.31089,66.48308,65.11528,68.62215,66.48308,68.24954,67.62396,67.94115,72.00694,66.61081,65.0,62.00806,65.43699,64.63745,62.76942,61.61169,56.0803,57.98276,62.76942,54.91812
9.48683,9.21954,9.21954,9.21954,9.21954,9.05539,9.05539,9.05539,9.05539,9.05539,9.05539,9.0,8.0,8.0,8.0,8.0,8.0,8.0,8.0,8.0,7.0,8.0,8.0,7.0,7.07107,7.07107,7.07107,7.07107,6.32456,6.08276,6.32456,5.38516,5.38516,5.83095,4.47214,4.47214,5.0,4.24264,4.24264,3.60555,2.82843,2.82843,3.60555,2.23607,2.23607,2.23607,2.23607,2.0,2.0,2.0,2.0,2.0,52.49762,51.5461,50.69517,53.36666,47.67599,50.15974,46.69047,48.25971,45.09989,48.01042,47.01064,47.0,48.01042,44.04543,42.19005,46.17359,46.38965,45.09989,43.73786,42.57934,44.40721,43.41659,41.7732,39.31921,39.45884,42.29657,40.1995,39.11521,37.05401,38.20995,39.05125,37.01351,32.01562,34.23449,34.1321,28.16026,31.57531,28.79236,25.07987,28.17801,21.93171,19.23538,19.20937,17.80449,18.38478,17.02939,14.14214,13.89244,13.60147,11.40175,12.08305,11.7047,9.05539,8.06226,11.18034,8.544,11.18034,51.66237,50.93133,48.16638,53.00943,52.20153,56.85948,54.08327,56.60389,61.05735,56.93856,58.83026,61.77378,64.88451,65.8635,64.41273,63.50591,69.31811,67.1193,68.0,66.21178,67.08204,66.18912,64.84597,63.07139,66.24198,66.37017,66.24198,65.19202,64.14047,65.19202,61.03278,65.0,62.68174,64.03124,61.7171,67.26812,64.3506,66.46804,65.06919,67.17887,70.03571,66.21933,70.21396,66.8431,67.80118,69.02898,66.85058,66.85058,65.19202,63.00794,61.29437,64.66065,63.28507,55.07268,62.17717,56.79789,56.35601
7.81025,7.81025,8.48528,8.48528,7.81025,7.81025,7.81025,7.2111,7.2111,7.81025,7.2111,7.2111,7.2111,7.2111,7.2111,6.7082,6.7082,6.7082,6.7082,6.7082,6.7082,6.7082,5.83095,5.83095,5.83095,5.83095,5.0,5.65685,5.65685,5.0,5.0,5.0,4.47214,4.47214,3.60555,3.16228,3.16228,3.16228,3.0,3.0,2.0,2.0,2.23607,2.23607,1.41421,1.41421,1.41421,1.41421,2.23607,2.23607,2.0,2.0,51.86521,47.16991,52.00961,50.60632,48.27007,47.42362,46.75468,48.79549,46.69047,47.50789,45.34314,46.40043,46.61545,43.41659,45.0,44.10215,45.22168,46.87217,43.41659,42.72002,45.17743,40.81666,42.05948,41.34005,38.83298,39.66106,37.01351,39.66106,40.0,36.61967,35.80503,36.87818,32.64966,34.82815,29.73214,32.55764,28.42534,26.62705,25.23886,21.0238,23.70654,19.69772,18.78829,20.39608,18.43909,17.02939,11.04536,13.0,14.03567,9.05539,6.7082,8.60233,9.43398,11.6619,8.06226,10.0,7.61577,49.0408,51.0098,51.0392,55.14526,54.23099,56.56854,56.32051,57.87055,57.70615,61.18823,61.39218,63.34824,65.73431,65.96969,65.96969,64.03124,71.06335,67.18631,69.12308,67.68309,68.15424,69.12308,63.06346,67.91171,65.0,65.96969,65.51336,68.88396,66.61081,66.91039,63.1981,67.47592,67.18631,66.1211,69.00725,66.00758,64.03124,66.37017,67.1193,67.36468,68.46897,67.46851,69.05071,67.68309,66.4906,70.88018,65.52099,66.76077,67.18631,66.48308,66.48308,62.29767,62.93648,60.44005,60.74537,62.76942,57.27128
10.04988,9.05539,9.05539,9.05539,9.0,9.0,9.05539,9.05539,9.0,9.0,9.05539,9.05539,8.06226,8.06226,8.06226,8.24621,8.24621,8.24621,8.24621,8.06226,8.06226,8.06226,8.06226,8.06226,7.0,7.07107,7.07107,7.0,6.0,6.0,6.08276,6.08276,5.09902,5.38516,5.38516,4.47214,4.47214,4.47214,3.60555,4.24264,3.60555,3.60555,2.82843,2.82843,2.82843,2.82843,2.23607,2.23607,2.23607,2.0,2.0,2.0,52.61179,53.33854,51.08816,50.24938,53.03772,50.0,49.16299,47.38143,45.54119,49.0306,48.37355,48.6621,45.70558,44.14748,48.08326,46.57252,45.60702,42.72002,43.01163,46.17359,46.8188,43.32436,43.65776,40.49691,39.84972,39.84972,41.10961,40.5216,37.36308,39.29377,36.87818,34.36568,35.35534,33.01515,32.38827,30.01666,28.01785,31.06445,25.96151,23.34524,24.69818,24.73863,20.80865,20.12461,19.41649,17.02939,13.60147,15.0,14.86607,12.04159,12.20656,8.94427,8.544,10.04988,11.18034,8.06226,7.28011,48.27007,51.73973,52.34501,53.74012,55.86591,55.22681,55.44367,57.38467,60.959,57.31492,62.20129,64.2028,62.80127,65.43699,64.63745,65.73431,68.00735,65.45991,69.63476,66.28725,64.89992,67.1193,65.21503,68.24222,64.40497,67.62396,65.43699,65.29931,64.44377,66.6033,64.38167,65.76473,63.70243,63.65532,65.19202,64.53681,65.60488,68.8186,67.1193,67.95587,65.73431,68.96376,67.23095,69.35416,68.0,68.8767,66.18912,66.30988,64.07808,63.97656,64.62198,65.78754,60.92618,59.77458,60.08328,60.87693,59.48109
8.24621,8.24621,8.544,8.544,8.544,8.544,7.61577,7.61577,7.61577,8.06226,8.06226,8.06226,8.06226,8.06226,7.2111,7.2111,7.2111,7.2111,7.2111,7.2111,7.2111,7.2111,6.7082,7.2111,6.7082,5.83095,6.32456,6.32456,6.32456,5.09902,5.09902,5.09902,5.0,4.0,4.0,4.12311,3.16228,3.16228,3.16228,3.16228,2.82843,2.82843,2.82843,2.23607,2.23607,2.23607,2.0,2.23607,2.0,2.0,2.0,2.23607,51.35173,51.62364,55.31727,46.84015,45.60702,52.20153,46.8188,50.69517,46.23851,47.85394,46.06517,44.10215,44.10215,44.29447,43.41659,44.65423,45.79301,41.34005,43.82921,42.2019,43.01163,38.27532,42.52058,41.40048,41.23106,41.34005,37.01351,40.49691,40.31129,36.35932,32.24903,34.0,33.54102,35.1141,30.67572,31.7805,28.4605,29.41088,27.45906,21.84033,22.09072,21.09502,20.39608,19.41649,19.10497,14.56022,14.31782,13.0384,10.0,9.21954,11.40175,9.21954,9.89949,12.04159,10.29563,7.0,8.24621,48.70318,52.80152,49.64877,56.93856,54.3783,58.30952,57.14018,58.5235,59.90826,61.40033,63.25346,63.25346,67.80118,67.47592,66.61081,66.70832,69.52697,66.52819,69.2026,69.81404,66.4003,68.88396,66.06815,69.02898,66.06815,64.81512,65.21503,65.45991,65.21503,69.64194,64.00781,68.47627,67.1193,65.30697,70.38466,64.84597,66.40783,69.28925,67.6757,69.28925,69.26038,67.91171,69.37579,67.91171,68.44706,70.71068,68.35934,65.49046,67.74216,66.75328,64.77654,64.19502,60.07495,57.07889,62.20129,60.03332,60.00833
8.48528,9.21954,9.21954,8.48528,8.60233,8.60233,8.60233,8.60233,8.60233,8.06226,8.60233,8.06226,8.06226,8.06226,8.06226,8.06226,8.06226,8.06226,7.61577,7.61577,7.61577,6.7082,7.2111,7.61577,6.7082,7.2111,6.40312,6.40312,6.40312,5.65685,5.65685,5.65685,4.24264,4.24264,5.0,3.60555,3.60555,3.16228,2.23607,2.23607,2.23607,2.23607,2.0,2.0,2.0,1.0,1.0,0.0,1.0,1.0,1.0,1.0,54.56189,50.15974,51.47815,48.76474,48.37355,51.62364,48.41487,51.40039,42.52058,47.63402,46.2277,48.9183,48.10405,43.84062,45.27693,45.34314,44.68781,44.04543,43.18565,41.10961,49.57822,41.72529,44.20407,41.86884,42.44997,40.45986,39.62323,39.62323,39.59798,40.36087,37.48333,37.64306,33.24154,33.30165,32.75668,31.06445,25.55386,25.63201,24.16609,22.47221,22.56103,22.13594,18.43909,15.13275,16.12452,16.03122,14.86607,10.44031,12.36932,11.7047,10.0,13.0384,7.81025,8.06226,5.38516,8.94427,8.94427,47.01064,52.23983,49.49747,55.3263,54.91812,56.29387,55.54278,57.97413,60.44005,57.97413,61.40033,62.36185,66.09841,65.80274,66.48308,64.2573,69.89278,64.07808,68.94926,65.0,67.41662,67.06713,65.55151,67.6757,67.35726,63.60031,64.56005,66.7308,59.48109,70.0928,62.36185,66.28725,67.89698,65.37584,65.76473,62.514,65.06919,68.02941,65.03076,66.0303,69.00725,64.03124,73.17103,66.27217,69.18092,66.1211,66.06815,66.37017,64.77654,61.0,62.36986,60.82763,59.03389,56.7186,59.43904,63.60031,55.36244
9.43398,9.43398,9.21954,9.21954,9.21954,9.21954,8.48528,8.48528,8.48528,8.48528,8.48528,8.48528,9.21954,8.48528,9.21954,7.81025,7.81025,7.81025,8.60233,7.81025,7.81025,7.81025,7.81025,7.81025,7.07107,7.07107,7.07107,7.07107,6.40312,6.40312,5.83095,5.83095,5.83095,5.38516,4.47214,4.12311,4.12311,4.12311,4.12311,4.12311,3.0,3.0,3.0,2.0,2.0,2.0,2.0,2.23607,2.0,1.41421,1.41421,1.41421,53.36666,53.16014,53.45091,49.39636,49.0408,49.64877,47.42362,51.42956,46.52956,45.79301,47.70744,48.25971,48.60041,46.04346,45.48626,44.40721,45.22168,46.40043,45.60702,43.18565,48.10405,43.84062,43.27817,44.04543,42.2019,40.0,38.28838,40.45986,40.60788,38.27532,37.44329,37.73592,34.88553,36.89173,33.12099,34.17601,31.95309,29.83287,28.63564,22.56103,22.36068,21.0,22.02272,18.11077,17.46425,14.31782,15.13275,14.31782,11.7047,10.0,10.63015,6.40312,8.60233,8.60233,10.0,8.06226,7.28011,50.28916,50.28916,49.64877,55.02727,54.08327,57.27128,56.36488,59.05929,59.94164,58.18075,61.77378,61.91123,64.14047,65.19202,66.37017,62.1289,69.64194,64.63745,68.26419,69.11584,64.66065,68.60029,62.96825,67.41662,66.57327,65.8635,63.52952,65.30697,66.64833,64.88451,60.53924,63.90618,65.19202,65.78754,67.72001,63.32456,65.96969,66.70832,65.0,65.11528,67.60178,63.3877,68.593,67.47592,67.26812,67.06713,61.07373,65.06919,67.00746,64.03124,63.00794,62.0,64.0,56.22277,59.13544,60.40695,58.13777
8.94427,8.94427,8.94427,9.43398,9.43398,8.60233,8.60233,8.60233,9.21954,9.21954,8.60233,9.21954,9.21954,8.48528,8.48528,8.48528,8.48528,8.48528,8.48528,8.48528,8.48528,8.48528,7.07107,7.81025,7.81025,7.07107,6.40312,7.2111,7.2111,5.83095,5.83095,5.83095,5.83095,5.38516,5.38516,4.12311,4.12311,4.12311,4.12311,3.16228,3.0,3.0,3.0,2.0,2.0,2.0,2.23607,2.23607,2.23607,1.41421,1.41421,1.41421,55.7315,53.33854,51.35173,49.24429,48.50773,49.47727,51.86521,49.39636,48.8467,46.09772,46.51881,45.65085,47.50789,47.88528,46.95743,45.27693,46.04346,45.48626,42.72002,44.04543,47.43416,43.26662,44.04543,42.2019,43.82921,42.2019,41.04875,40.81666,42.72002,38.83298,35.35534,35.51056,36.23534,37.57659,30.08322,30.67572,30.08322,30.36445,26.68333,23.0,24.18677,21.0,23.02173,21.2132,17.02939,16.27882,12.08305,14.31782,8.544,9.48683,8.48528,9.21954,12.72792,10.63015,9.21954,8.06226,6.32456,49.39636,51.0392,51.10773,52.20153,57.2014,55.97321,52.49762,56.22277,59.03389,60.30755,60.20797,62.93648,65.06919,62.93648,65.76473,66.6033,66.52819,65.11528,66.48308,65.06919,67.20863,65.19202,66.48308,67.89698,65.76473,63.89053,63.63961,63.89053,66.4003,64.81512,61.03278,64.63745,64.88451,63.06346,67.53518,64.4748,63.32456,63.50591,65.9242,67.41662,66.40783,67.72001,65.52099,67.44627,63.78871,67.08204,64.32729,66.75328,69.72087,64.93843,61.81424,61.66036,61.81424,61.20457,60.20797,60.07495,56.14268
8.94427,7.61577,7.61577,7.61577,7.61577,8.544,8.24621,8.24621,7.28011,7.28011,8.24621,7.07107,8.06226,7.28011,7.07107,7.07107,7.07107,7.07107,7.07107,7.07107,7.07107,7.07107,6.08276,6.08276,6.08276,6.08276,6.32456,5.38516,5.38516,4.47214,4.47214,4.47214,4.24264,3.60555,3.60555,2.82843,2.82843,3.16228,2.23607,2.23607,2.23607,2.0,2.0,1.0,1.0,1.0,1.41421,1.41421,1.41421,1.41421,1.41421,1.0,51.08816,53.07542,50.93133,50.93133,49.57822,47.80167,46.87217,46.40043,47.70744,42.72002,45.61798,46.95743,44.77723,42.95346,45.18849,44.27189,43.86342,42.48529,42.37924,43.08132,42.72002,42.72002,40.31129,39.81206,37.16181,42.04759,39.56008,36.67424,36.67424,36.76955,36.76955,34.43835,34.98571,30.23243,35.22783,29.06888,25.45584,26.1725,29.20616,22.80351,24.20744,17.49286,19.31321,16.76305,15.13275,14.31782,14.14214,13.0384,10.0,10.0,8.24621,8.94427,10.29563,10.0,8.94427,6.7082,6.7082,51.92302,53.36666,53.15073,52.7731,54.45181,53.60037,56.32051,59.07622,63.00794,61.0,61.0082,65.12296,67.02984,67.02984,65.0,66.0303,67.06713,66.1211,68.0,65.12296,67.06713,71.25307,65.03076,67.00746,66.00758,67.00746,65.0,62.07254,64.03124,63.07139,63.3877,65.37584,64.49806,63.95311,65.51336,66.4906,65.25335,65.14599,66.7308,67.6757,66.7308,68.54196,67.41662,68.54196,66.70832,67.23095,65.39113,64.88451,67.62396,67.1193,61.77378,62.64982,63.63175,60.41523,62.1289,57.68882,56.85948
7.81025,7.81025,7.81025,8.48528,7.81025,7.81025,7.81025,7.81025,7.2111,7.2111,7.2111,7.2111,7.2111,7.2111,7.2111,6.7082,6.7082,6.7082,7.2111,7.2111,7.2111,6.7082,5.83095,6.40312,6.40312,5.65685,5.65685,5.65685,5.65685,5.0,5.0,5.0,4.47214,4.47214,3.16228,3.16228,3.0,3.0,3.0,3.0,2.0,2.23607,2.23607,1.41421,1.41421,1.41421,1.41421,1.41421,1.41421,1.41421,2.0,2.0,50.21952,53.82379,50.44799,50.24938,49.51767,45.25483,49.57822,48.10405,46.8615,46.61545,45.60702,47.20169,47.16991,44.94441,43.41659,43.38202,45.17743,43.41659,42.94182,43.86342,42.04759,41.59327,40.24922,38.91015,39.39543,41.14608,36.23534,38.58756,36.71512,38.07887,35.35534,33.83785,35.80503,34.4093,31.241,31.82766,26.90725,29.83287,26.40076,21.40093,20.24846,21.0238,18.78829,17.46425,16.76305,12.16553,13.34166,15.0333,9.21954,8.06226,9.21954,9.43398,8.544,9.48683,10.0,8.60233,6.0,50.08992,51.0392,53.00943,57.03508,54.33231,55.22681,55.3263,58.54912,59.68249,58.85576,60.67125,64.32729,65.76473,69.05071,68.44706,65.30697,67.26812,64.7611,66.70832,67.26812,65.96969,69.05071,69.05071,67.26812,66.28725,66.28725,64.77654,69.72087,63.28507,65.03076,67.1193,63.00794,63.00794,64.0,69.02898,65.37584,66.48308,69.87131,65.62012,67.08204,70.21396,69.63476,67.44627,70.5195,64.28841,68.68042,66.40783,64.84597,68.00735,64.84597,64.2573,65.30697,62.24147,58.60034,62.24147,62.17717,58.13777
9.21954,9.21954,9.05539,9.05539,9.05539,9.05539,9.0,8.0,9.0,9.0,9.0,8.0,8.06226,8.06226,8.06226,8.06226,8.06226,8.06226,8.06226,8.06226,8.06226,8.06226,7.0,8.06226,7.07107,7.0,7.0,6.0,6.0,6.08276,5.09902,6.08276,5.09902,5.09902,4.47214,4.47214,3.60555,3.16228,3.60555,3.16228,2.82843,2.82843,2.23607,2.23607,1.41421,1.41421,1.41421,1.41421,1.0,1.0,1.0,1.0,53.82379,51.61395,52.69725,49.39636,50.24938,47.88528,50.9902,49.65884,48.46648,44.77723,47.75982,47.12749,44.59821,45.54119,47.12749,45.22168,47.29693,46.09772,45.12206,42.57934,42.75512,41.97618,46.52956,44.14748,42.75512,42.95346,38.83298,42.57934,40.02499,37.0,35.73514,35.4683,34.53983,34.78505,29.06888,31.30495,31.62278,28.30194,27.65863,22.62742,21.2132,23.43075,20.61553,19.10497,16.12452,14.86607,14.86607,11.7047,12.36932,11.0,11.04536,8.06226,8.24621,6.40312,9.21954,5.83095,7.81025,48.33218,49.76947,48.08326,53.16014,55.08176,56.51548,56.29387,54.33231,57.87055,59.03389,62.80127,62.64982,64.62971,65.37584,65.37584,64.07027,67.47592,66.61081,67.47592,69.26038,65.12296,66.61081,67.18631,66.27217,65.49046,64.62971,63.78871,65.9242,65.9242,65.73431,63.56099,66.21933,65.14599,64.19502,67.05222,64.2573,64.4748,66.30988,63.95311,68.0,66.64833,64.88451,67.74216,69.64194,66.57327,66.03787,67.95587,63.60031,65.80274,63.00794,62.36986,60.60528,62.00806,57.48913,61.6198,58.79626,59.4138
9.21954,8.48528,8.48528,8.48528,7.81025,8.48528,7.81025,8.60233,7.81025,7.2111,8.60233,7.81025,7.2111,8.06226,7.2111,7.2111,7.2111,7.2111,7.2111,6.7082,7.2111,7.2111,6.40312,7.2111,6.40312,6.40312,6.40312,5.65685,5.65685,5.0,5.0,5.0,5.0,4.47214,4.47214,4.12311,4.12311,3.16228,3.0,3.0,4.0,3.0,3.16228,3.16228,2.23607,2.23607,2.23607,2.23607,2.23607,2.23607,2.23607,2.23607,55.36244,55.36244,50.32892,49.39636,50.56679,48.46648,49.64877,50.60632,47.50789,44.94441,43.909,46.40043,49.64877,45.34314,45.60702,43.41659,45.25483,43.86342,45.96738,44.68781,41.7732,41.7732,38.94868,40.31129,41.01219,40.36087,37.48333,39.62323,37.53665,37.80212,37.73592,38.27532,32.44996,31.76476,34.88553,30.8707,30.08322,26.92582,27.51363,24.18677,20.22375,20.0,22.0,22.02272,16.0,15.81139,15.65248,12.16553,14.31782,12.72792,11.40175,13.0384,9.89949,9.21954,7.2111,9.43398,11.18034,51.97115,54.34151,54.40588,53.75872,53.85165,55.36244,54.78138,58.87274,63.97656,58.30952,61.84658,64.4748,65.39113,67.54258,65.30697,66.03787,69.46222,67.97794,65.30697,67.08204,62.6099,70.66116,64.84597,65.30697,67.1193,66.85058,66.70832,68.942,62.76942,63.69458,66.7308,65.80274,64.28841,64.53681,65.51336,65.30697,63.78871,66.09841,67.36468,67.47592,68.593,66.0303,66.1211,70.02857,68.00735,60.03332,64.03124,66.1211,68.11755,66.06815,64.03124,62.514,62.39391,56.56854,62.28965,58.85576,58.42089
7.81025,7.81025,8.60233,8.60233,8.60233,7.2111,8.06226,8.06226,8.06226,8.06226,7.61577,7.61577,7.61577,7.61577,6.7082,7.61577,6.7082,6.7082,6.7082,6.7082,6.7082,6.7082,6.7082,6.7082,6.7082,5.83095,5.83095,5.83095,5.0,5.0,5.0,5.0,4.24264,3.60555,3.60555,3.60555,3.16228,3.16228,3.0,3.0,2.0,2.23607,2.23607,1.41421,1.41421,1.41421,1.41421,1.41421,1.41421,2.23607,2.0,2.0,51.73973,53.8145,53.60037,49.92995,52.83938,48.8774,51.10773,48.37355,46.52956,45.61798,44.94441,48.76474,44.27189,44.59821,45.22168,42.44997,45.60702,39.56008,41.23106,45.89118,43.73786,41.97618,38.07887,43.17407,38.32754,39.05125,38.07887,38.60052,38.60052,39.21734,35.73514,34.17601,33.61547,33.54102,28.79236,29.15476,26.07681,28.01785,24.83948,21.40093,20.51828,21.2132,20.24846,18.35756,18.35756,15.26434,12.52996,13.15295,9.21954,10.19804,10.0,7.0,9.21954,10.19804,9.21954,7.07107,7.2111,49.72927,50.01,54.91812,53.93515,54.58938,54.33231,56.56854,59.13544,61.52235,60.29925,62.00806,66.00758,65.06919,65.00769,67.06713,65.0,66.00758,68.0,67.0,65.0,67.00746,69.11584,69.06519,66.0,65.00769,67.02984,66.1211,66.27217,67.26812,63.78871,64.93843,65.51336,65.96969,65.25335,68.96376,64.19502,66.09841,67.35726,65.19202,67.41662,67.62396,66.64083,67.60178,71.58911,66.24198,63.81222,65.73431,64.89992,65.73431,64.66065,62.43397,63.24555,60.21628,61.84658,63.89053,59.46427,55.97321
8.06226,7.2111,8.60233,8.06226,8.60233,7.2111,7.81025,7.81025,7.81025,7.81025,7.07107,7.07107,7.07107,7.07107,7.07107,7.07107,6.40312,7.07107,6.40312,7.07107,6.40312,6.40312,5.65685,5.65685,6.40312,5.65685,5.0,5.83095,5.0,4.47214,4.47214,4.47214,4.47214,4.12311,3.16228,3.0,3.0,3.0,3.0,2.23607,2.23607,2.23607,2.23607,1.41421,1.41421,1.41421,2.23607,2.23607,2.23607,1.0,2.0,2.0,51.41984,50.21952,54.08327,49.64877,45.69464,47.85394,47.42362,46.09772,45.18849,43.909,47.50789,46.61545,44.65423,41.88078,44.65423,42.63801,44.82187,44.82187,43.01163,40.45986,46.01087,39.82462,43.18565,40.45986,41.40048,39.05125,36.12478,37.80212,35.80503,36.23534,33.83785,35.22783,34.88553,34.0,31.76476,28.79236,29.73214,25.96151,26.68333,22.09072,19.10497,19.10497,20.02498,19.0263,19.23538,10.77033,13.0,12.64911,12.20656,10.0,9.89949,8.544,10.63015,7.81025,8.94427,9.21954,10.0,50.32892,53.75872,52.0,57.77543,55.9017,60.41523,58.13777,59.48109,59.05929,60.03332,62.96825,64.14047,64.66065,61.85467,71.56116,64.07027,67.41662,64.07027,68.26419,66.0303,69.63476,69.63476,64.89992,68.00735,67.23095,66.24198,65.8635,69.46222,63.52952,67.08204,60.92618,66.30988,63.69458,63.90618,66.40783,66.09841,65.25335,66.21933,66.4906,66.09841,71.19691,64.77654,68.88396,66.61081,66.37017,66.61081,67.06713,63.00794,70.06426,64.07027,64.03124,64.03124,63.0,59.13544,61.0,62.28965,57.14018
8.06226,8.06226,8.24621,8.24621,8.24621,7.28011,7.28011,7.61577,7.61577,7.61577,7.61577,7.61577,6.7082,6.7082,6.7082,6.7082,6.7082,6.7082,6.7082,6.7082,6.7082,6.7082,6.7082,6.7082,6.7082,5.38516,5.38516,5.38516,5.09902,5.09902,5.0,5.09902,5.0,4.0,4.12311,3.16228,3.16228,3.16228,2.23607,2.23607,2.82843,2.82843,2.23607,2.23607,2.23607,2.23607,2.0,2.0,2.0,2.0,2.23607,2.23607,50.01,53.08484,51.35173,49.16299,49.36598,48.05206,50.9902,47.07441,47.29693,47.53946,49.0408,46.48656,45.54119,44.01136,42.15448,47.01064,44.38468,45.61798,42.94182,42.94182,42.94182,40.70626,40.24922,41.59327,41.62932,40.70626,35.8469,41.23106,37.33631,34.9285,36.05551,34.48188,35.44009,32.98485,30.41381,32.06244,30.14963,28.0,25.01999,22.09072,22.2036,18.68154,19.64688,17.08801,16.76305,14.42221,13.0384,9.84886,11.40175,12.04159,9.48683,6.7082,11.40175,8.06226,10.29563,8.544,8.24621,51.31277,50.47772,52.15362,53.25411,55.0,56.22277,58.25805,57.38467,60.87693,61.55485,62.28965,62.24147,67.88225,67.26812,65.79514,65.05382,67.88225,66.52819,65.76473,67.17887,69.31089,70.00714,65.05382,67.17887,65.11528,69.31089,65.19202,65.8559,65.94695,65.29931,62.20129,64.2028,64.89992,64.14047,65.51336,64.88451,68.47627,66.7308,64.40497,66.64083,68.54196,67.06713,68.70953,72.44998,63.56886,66.76077,66.21933,65.25335,66.94027,65.80274,64.7611,63.56099,62.36986,60.20797,61.66036,59.3043,59.4138
8.94427,9.43398,9.43398,8.60233,8.60233,8.60233,9.21954,9.21954,9.21954,8.48528,9.21954,8.48528,8.48528,8.48528,7.81025,8.48528,8.48528,8.48528,7.81025,7.81025,7.81025,7.81025,7.07107,7.07107,7.07107,7.07107,6.40312,6.40312,5.83095,5.83095,5.0,4.47214,4.47214,4.47214,4.12311,4.12311,4.12311,3.0,2.0,2.0,2.0,2.0,2.0,2.0,1.0,1.41421,1.41421,1.0,1.0,1.0,1.0,1.0,51.24451,50.59644,52.55473,49.0408,50.56679,45.61798,47.01064,49.24429,46.64762,48.8774,49.64877,46.61545,44.04543,44.20407,44.20407,46.75468,43.18565,43.27817,40.31129,43.93177,43.13931,41.7732,43.27817,40.36087,38.8973,37.48333,39.05125,40.31129,36.23534,39.40812,33.01515,35.0,32.01562,34.66987,31.76476,28.23119,27.29469,25.4951,25.63201,25.70992,22.80351,23.19483,18.11077,15.0333,16.03122,14.14214,13.34166,11.18034,12.08305,12.08305,9.48683,8.60233,6.40312,6.40312,6.7082,7.2111,9.05539,49.98,48.46648,52.20153,53.31041,53.66563,58.13777,58.60034,57.70615,59.94164,61.05735,61.29437,62.42596,61.85467,63.24555,65.73431,66.0303,68.7968,68.00735,68.50547,66.85058,67.1193,64.14047,65.21503,68.00735,66.0303,67.6757,62.1289,63.63175,65.76473,67.08204,63.50591,63.97656,65.78754,60.08328,67.05222,64.28841,65.52099,68.68042,65.73431,63.34824,63.78871,66.37017,68.593,63.1981,67.1193,67.1193,65.0,67.0,62.03225,63.0,66.0303,64.00781,60.00833,63.07139,61.40033,56.22277,56.56854
8.60233,8.60233,9.21954,9.21954,8.48528,8.48528,8.48528,8.48528,8.48528,7.81025,8.48528,8.48528,7.81025,7.81025,7.81025,7.81025,7.81025,7.81025,7.2111,7.2111,6.40312,6.40312,7.07107,6.40312,7.07107,7.07107,6.40312,6.40312,5.0,5.83095,4.47214,5.38516,5.38516,4.12311,5.09902,4.12311,4.0,3.0,3.0,3.0,3.16228,3.16228,3.16228,3.16228,2.23607,2.23607,2.23607,1.41421,1.41421,2.23607,1.41421,2.23607,51.61395,55.80323,53.15073,48.16638,51.22499,48.10405,49.51767,49.57822,47.63402,44.04543,48.01042,49.20366,45.80393,48.54894,45.0,44.65423,46.32494,42.72002,42.94182,43.41659,43.82921,41.88078,42.19005,39.0,40.49691,38.94868,44.29447,38.27532,36.35932,37.53665,37.64306,36.87818,32.20248,32.64966,36.06938,30.41381,29.73214,25.4951,28.30194,24.69818,23.76973,22.47221,21.18962,16.76305,17.26268,17.46425,13.0,10.04988,12.16553,13.0384,9.43398,9.21954,12.80625,8.60233,7.2111,10.0,9.43398,50.80354,51.15662,53.23533,54.08327,59.07622,56.0,58.00862,61.0082,60.03332,61.13101,63.28507,63.28507,67.36468,67.08204,66.61081,67.74216,67.47592,70.21396,63.78871,68.73136,67.89698,68.593,69.72087,67.47592,66.75328,66.27217,64.49806,63.28507,65.03076,63.0,66.00758,62.00806,66.0303,64.19502,65.37584,64.49806,69.35416,66.75328,65.73431,68.65858,64.53681,65.45991,65.25335,68.96376,65.52099,68.54196,62.39391,62.96825,68.02941,65.0,63.56099,64.40497,62.39391,64.40497,62.6099,57.80138,58.66856
8.544,7.61577,8.544,8.544,8.94427,7.61577,8.06226,8.06226,7.2111,8.06226,7.2111,7.2111,7.2111,7.2111,7.2111,7.2111,7.2111,7.2111,6.40312,6.40312,6.40312,6.40312,6.40312,6.40312,5.83095,5.83095,5.83095,5.83095,5.38516,5.38516,5.09902,5.09902,5.09902,4.12311,4.0,3.0,3.16228,3.16228,3.16228,2.23607,2.23607,1.41421,2.82843,2.23607,2.23607,2.0,2.0,2.23607,2.0,2.0,2.0,2.0,55.54278,49.24429,51.92302,49.64877,49.0408,48.46648,48.46648,50.15974,44.72136,45.79301,46.32494,43.41659,44.10215,42.43819,45.22168,43.41659,44.20407,40.80441,47.20169,39.05125,43.86342,37.80212,44.59821,42.44997,41.40048,41.23106,39.82462,40.0,36.61967,33.01515,35.8469,35.35534,35.51056,34.43835,29.06888,30.08322,28.4605,27.51363,25.70992,23.08679,24.0,18.0,21.0238,17.02939,17.46425,12.16553,15.23155,13.0,10.0,10.0,11.31371,7.81025,9.89949,8.06226,9.48683,8.0,9.05539,51.66237,51.92302,51.86521,55.97321,54.23099,57.27128,53.85165,57.70615,58.13777,60.37384,63.95311,64.88451,63.63175,66.37017,66.57327,64.66065,68.26419,66.03787,67.41662,65.0,65.8635,67.41662,67.6757,65.29931,68.09552,67.1193,63.28507,66.7308,61.32699,68.8767,62.24147,63.69458,64.4748,66.40783,65.52099,64.84597,62.58594,65.0,66.28725,66.75328,69.05071,64.49806,70.5762,68.18358,66.1211,68.26419,66.37017,68.06614,68.02941,64.12488,64.03124,64.03124,62.1289,60.20797,63.03174,59.13544,56.56854
10.0,10.0,9.43398,9.43398,9.43398,9.43398,8.94427,8.94427,8.94427,8.544,8.94427,8.544,8.544,8.544,8.544,8.544,8.544,7.61577,8.544,7.61577,7.61577,7.61577,7.61577,7.61577,7.61577,7.61577,6.7082,5.83095,5.83095,5.83095,5.0,5.0,5.0,4.24264,4.24264,3.60555,3.60555,3.60555,3.16228,2.23607,2.23607,2.23607,2.0,2.0,2.0,2.0,1.0,1.0,0.0,0.0,1.41421,1.0,52.0,53.22593,50.11986,48.37355,49.92995,47.16991,48.82622,48.82622,46.2277,47.63402,47.50789,49.51767,48.16638,45.27693,45.25483,45.34314,45.27693,46.09772,44.68781,45.45327,43.41659,39.82462,41.40048,41.03657,39.05125,41.03657,40.36087,41.86884,39.82462,39.62323,33.24154,37.01351,34.05877,32.20248,30.52868,28.01785,28.30194,24.59675,24.16609,25.96151,21.58703,18.43909,21.2132,14.14214,15.0333,17.0,14.31782,12.64911,11.7047,11.18034,8.60233,9.43398,7.81025,5.65685,9.21954,8.544,9.21954,48.09366,50.15974,54.33231,52.95281,51.97115,54.91812,56.51548,57.97413,60.44005,59.66574,60.08328,62.0967,67.44627,65.80274,66.7308,65.19202,66.48308,64.62198,66.40783,67.23095,65.55151,67.62396,66.48308,65.55151,65.14599,67.05222,67.05222,65.14599,64.84597,68.41053,64.53681,61.81424,62.96825,64.77654,63.50591,66.37017,64.12488,65.06919,64.00781,67.02984,63.03174,65.06919,67.06713,66.27217,67.1193,64.49806,65.19202,65.37584,64.62971,65.76473,65.11528,64.93843,60.20797,60.82763,57.00877,57.00877,58.5235
9.21954,9.21954,9.21954,9.21954,9.48683,9.21954,8.544,8.544,8.544,8.544,8.544,8.94427,8.94427,8.94427,8.06226,8.94427,8.06226,8.06226,8.06226,8.06226,8.06226,8.06226,7.61577,7.61577,7.61577,7.61577,7.28011,6.32456,6.32456,6.08276,6.08276,6.08276,5.09902,5.09902,5.0,4.0,4.12311,4.0,3.0,3.0,3.16228,2.23607,2.23607,2.23607,2.23607,1.41421,1.41421,1.41421,1.41421,1.41421,1.0,1.0,52.08647,52.03845,52.00961,49.0408,48.09366,48.25971,49.81967,50.44799,47.07441,46.87217,47.53946,47.43416,42.72002,46.17359,47.16991,45.88028,47.16991,46.23851,44.38468,44.01136,43.38202,43.65776,43.38202,44.72136,43.65776,44.38468,39.84972,41.4367,39.21734,39.21734,32.98485,34.71311,37.65634,33.54102,29.27456,29.01724,32.06244,27.0,26.0,22.02272,20.88061,20.39608,20.24846,20.12461,18.60108,13.0384,14.86607,14.86607,11.40175,11.6619,8.06226,8.544,9.48683,6.32456,6.7082,7.07107,8.544,46.8188,51.89412,52.80152,53.66563,53.0,55.75841,56.85948,58.5235,59.40539,62.00806,62.00806,62.20129,66.0303,65.60488,63.89053,64.53681,67.47592,65.11528,68.76772,64.44377,64.53681,69.52697,62.96825,66.6033,63.12686,64.66065,62.482,63.25346,65.0,65.21503,58.60034,64.89992,64.63745,62.76942,65.76473,63.52952,62.24147,63.07139,66.48308,66.48308,65.39113,65.78754,67.35726,68.00735,65.45991,62.0967,61.68468,66.76077,63.06346,61.84658,63.78871,60.41523,57.07013,56.56854,59.84146,56.56854,59.5399
8.48528,8.48528,8.48528,7.81025,8.60233,7.81025,8.60233,8.60233,7.81025,8.06226,8.60233,8.06226,8.06226,8.06226,7.2111,8.06226,7.2111,7.2111,6.7082,6.7082,7.2111,7.2111,7.2111,7.2111,6.40312,6.40312,6.40312,5.65685,5.65685,5.65685,5.0,5.0,4.47214,4.47214,4.47214,4.12311,4.12311,3.0,3.0,3.0,3.0,3.0,2.0,3.16228,2.23607,2.23607,2.23607,2.23607,2.23607,1.41421,2.23607,2.23607,55.0,50.80354,51.66237,49.67897,48.10405,50.91169,48.16638,48.27007,47.63402,47.80167,49.0408,46.40043,45.60702,44.94441,43.82921,43.56604,46.14109,44.77723,41.59327,42.72002,44.41846,43.41659,40.24922,42.05948,39.82462,40.70626,39.96248,40.81666,37.58989,38.83298,35.60899,36.87818,34.05877,32.01562,33.24154,28.28427,26.87006,27.01851,26.92582,25.05993,22.84732,23.76973,18.68154,18.11077,16.12452,16.27882,14.03567,13.0,11.7047,13.15295,13.0,8.60233,7.81025,6.40312,8.60233,9.21954,9.43398,51.97115,51.62364,52.61179,56.14268,58.30952,57.21888,56.0803,60.13319,62.0,59.00847,63.28507,63.03174,68.11755,67.26812,68.11755,66.48308,68.26419,68.26419,68.26419,68.35934,65.27634,69.35416,66.1211,67.36468,66.61081,65.37584,66.18912,67.18631,66.06815,65.0,63.12686,64.07027,66.61081,63.28507,66.91039,65.9242,65.30697,66.09841,65.73431,66.94027,67.44627,66.48308,68.30813,66.12866,63.89053,64.84597,65.9242,65.74192,68.02941,65.0,64.07808,64.4748,62.64982,62.16912,62.16912,62.43397,56.0803
7.81025,7.81025,7.81025,7.81025,7.81025,7.81025,7.81025,7.81025,7.81025,7.81025,7.81025,7.2111,7.2111,6.40312,7.2111,7.2111,7.2111,6.7082,6.40312,7.2111,7.2111,6.7082,5.83095,6.40312,6.40312,5.65685,5.65685,5.65685,5.65685,4.24264,5.0,5.0,4.47214,4.47214,3.16228,3.16228,3.0,3.0,3.0,2.0,2.23607,2.23607,2.23607,1.41421,1.41421,1.41421,1.41421,1.41421,2.23607,2.0,1.0,2.0,48.76474,49.64877,52.35456,49.09175,51.22499,46.8615,46.09772,46.09772,46.69047,46.66905,46.01087,43.93177,46.09772,41.10961,43.18565,43.27817,44.82187,41.86884,43.60046,41.04875,43.56604,38.58756,41.34005,40.22437,39.40812,41.6173,38.83298,38.01316,38.60052,35.4683,36.87818,33.24154,35.38361,31.89044,29.69848,29.41088,30.52868,29.15476,26.83282,21.0238,20.59126,21.54066,20.61553,17.11724,16.03122,15.0333,15.0333,13.15295,9.84886,7.28011,11.6619,7.28011,9.89949,12.04159,8.60233,7.07107,8.24621,51.47815,48.50773,51.78803,54.57105,54.34151,57.00877,54.57105,59.13544,60.08328,60.74537,61.46544,63.32456,65.9242,66.12866,65.0,67.06713,67.77905,66.85058,67.06713,66.7308,67.41662,67.23095,65.9242,69.46222,66.70832,64.62198,63.56886,63.60031,63.32456,65.0,62.36986,63.95311,67.08204,64.49806,65.62012,64.12488,64.12488,66.1211,67.06713,66.06815,69.06519,68.18358,66.37017,69.26038,64.49806,68.24954,64.53681,65.11528,65.9242,63.95311,65.11528,64.03124,61.39218,58.5235,58.24088,60.08328,59.13544
9.89949,9.89949,9.89949,9.89949,9.21954,9.21954,8.60233,8.60233,8.60233,8.60233,8.60233,9.43398,9.43398,8.60233,8.60233,8.06226,8.06226,8.06226,8.06226,8.06226,8.06226,8.06226,7.2111,8.06226,7.2111,7.2111,6.40312,7.07107,7.07107,5.65685,6.40312,6.40312,6.40312,5.83095,5.0,4.47214,4.47214,4.47214,4.12311,3.16228,3.16228,3.16228,3.0,2.0,2.0,2.0,2.0,2.0,2.0,2.23607,1.41421,1.41421,53.85165,52.3259,54.12024,52.15362,49.64877,51.0392,48.82622,47.16991,47.63402,46.09772,46.75468,46.01087,49.57822,45.27693,47.38143,47.63402,44.59821,46.09772,42.63801,45.60702,41.6173,43.60046,41.23106,44.20407,40.36087,38.41875,38.94868,40.0,41.03657,38.28838,37.48333,34.65545,33.30165,32.80244,31.14482,29.15476,29.15476,28.17801,23.70654,24.16609,19.72308,19.64688,20.39608,21.2132,19.0263,14.14214,13.0,14.03567,9.0,10.44031,8.06226,9.43398,9.43398,10.0,8.48528,7.61577,7.07107,47.26521,49.49747,52.95281,55.7853,53.85165,56.32051,53.75872,56.30275,56.921,61.68468,61.35145,62.03225,66.12866,64.07808,65.0,66.70832,66.85058,63.15853,65.19202,64.07808,67.1193,67.23095,66.70832,65.39113,65.55151,65.19202,62.03225,61.03278,64.19502,64.28841,63.78871,66.21933,66.4906,61.66036,66.09841,62.39391,65.37584,67.06713,63.03174,65.00769,63.00794,68.18358,65.27634,67.18631,63.1981,66.75328,65.62012,65.76473,66.91039,65.76473,63.34824,65.73431,61.18823,59.48109,60.16644,58.5235,57.00877
9.43398,8.94427,8.94427,8.94427,8.544,8.544,8.544,8.544,8.544,8.24621,8.544,8.24621,8.24621,8.24621,8.24621,8.24621,8.24621,8.24621,8.24621,7.28011,7.28011,7.28011,7.28011,7.28011,7.28011,7.28011,6.7082,6.32456,5.38516,5.83095,5.83095,4.47214,4.47214,4.47214,4.24264,4.24264,4.24264,2.82843,2.82843,2.23607,2.23607,2.23607,1.41421,2.23607,1.0,1.0,1.0,1.0,1.0,1.0,1.41421,1.0,50.20956,53.07542,53.41348,51.08816,50.0,50.80354,48.02083,49.09175,47.41308,47.88528,48.30114,45.69464,44.38468,44.28318,44.72136,42.54409,46.48656,44.01136,45.22168,43.17407,48.08326,39.84972,43.68066,43.32436,39.05125,37.94733,37.69615,42.15448,39.92493,36.24914,36.23534,34.88553,32.69557,32.20248,30.80584,29.20616,26.07681,27.20294,25.45584,23.60085,22.2036,22.47221,16.64332,18.78829,16.15549,15.52417,15.13275,11.18034,13.0,12.04159,13.15295,12.36932,6.0,5.09902,7.81025,7.61577,8.94427,48.27007,53.15073,50.01,56.08921,52.46904,59.13544,58.21512,59.4138,59.21149,57.07889,66.00758,63.0,64.0,63.03174,63.03174,65.12296,71.00704,64.07027,67.00746,69.0,65.0,67.00746,67.06713,66.0303,66.0303,66.06815,62.00806,64.07027,62.20129,67.47592,60.67125,65.62012,63.56099,64.03124,65.0,61.68468,61.03278,67.35726,67.35726,67.23095,65.30697,65.0,67.62396,65.30697,66.21178,64.40497,65.36819,65.36819,63.28507,62.1289,64.49806,61.40033,61.03278,58.24946,57.68882,57.48913,54.48853
9.21954,9.48683,8.544,8.544,8.544,8.544,8.94427,8.94427,8.06226,8.06226,8.94427,8.06226,8.06226,8.06226,8.06226,8.06226,8.06226,8.06226,7.2111,7.2111,7.2111,7.2111,7.2111,7.2111,6.7082,6.7082,6.7082,6.32456,5.38516,5.38516,5.09902,5.09902,4.12311,4.0,4.0,4.0,3.0,3.16228,2.23607,2.23607,2.23607,1.41421,1.41421,1.41421,1.41421,1.41421,1.0,1.0,1.0,1.0,1.0,1.0,53.0,51.0098,51.08816,51.0098,48.37355,52.7731,42.42641,50.48762,44.38468,48.76474,46.32494,48.38388,46.48656,40.8534,46.8188,45.31004,42.54409,46.09772,43.86342,41.62932,47.85394,40.8534,40.24922,42.54409,38.91015,41.78516,37.57659,36.76955,38.62642,39.0,37.69615,39.05125,32.75668,32.75668,29.61419,30.06659,26.01922,28.01785,25.31798,27.16616,21.2132,20.39608,18.43909,18.35756,14.76482,15.81139,13.0384,9.21954,12.04159,13.0384,8.94427,9.43398,8.24621,7.07107,8.544,3.16228,7.07107,48.76474,53.0,48.25971,56.0357,53.60037,58.24946,56.85068,57.80138,60.1415,56.0803,60.20797,62.36986,64.38167,64.3506,69.31089,61.6198,68.593,62.93648,65.76473,65.79514,63.65532,66.52819,60.82763,65.76473,65.11528,66.48308,63.65532,68.68042,60.1415,65.29931,60.44005,64.40497,62.20129,63.51378,62.1289,65.0,59.5399,64.88451,65.74192,66.70832,70.21396,62.76942,69.46222,66.30988,68.00735,68.94926,66.76077,66.21933,67.05222,58.94065,61.13101,65.0,66.4906,58.46366,63.78871,63.15061,56.56854
10.04988,9.0,10.0,9.0,9.0,9.0,9.05539,9.05539,9.05539,9.05539,9.05539,9.21954,8.06226,8.24621,8.06226,9.21954,8.24621,8.24621,8.24621,7.07107,8.06226,7.07107,8.06226,7.07107,7.07107,7.07107,7.07107,7.0,6.0,6.0,6.08276,5.09902,5.09902,5.38516,5.09902,5.38516,4.47214,3.60555,3.60555,3.60555,3.60555,2.82843,2.82843,2.82843,2.82843,2.23607,2.23607,2.23607,2.23607,2.0,2.23607,2.0,54.34151,51.1957,50.48762,52.23983,52.08647,50.08992,51.0,50.0,49.0,48.0,46.09772,48.37355,51.08816,44.40721,46.52956,44.14748,43.73786,43.73786,44.14748,45.35416,43.68066,42.95346,41.0,39.81206,39.29377,38.47077,40.79216,40.79216,38.47077,38.63936,37.65634,36.01389,33.01515,31.01612,32.01562,29.42788,26.4764,28.86174,28.23119,22.13594,22.13594,22.47221,19.23538,17.80449,15.0,16.27882,16.27882,14.21267,12.80625,11.31371,9.84886,9.05539,10.44031,8.0,8.24621,7.07107,8.06226,51.86521,52.00961,52.49762,55.15433,54.48853,55.86591,54.45181,57.28001,59.81639,60.959,63.03174,63.25346,63.78087,64.03124,65.80274,68.24222,68.60029,63.60031,66.4003,63.24555,64.2028,68.24222,66.4003,66.21933,66.21933,65.60488,64.66065,63.12686,64.66065,64.44377,61.55485,65.06919,63.63961,63.78087,65.8559,65.19202,65.0,63.24555,64.89992,67.1193,66.28725,64.66065,68.26419,67.1193,64.40497,67.60178,69.83552,66.21178,64.41273,64.4748,61.46544,62.96825,63.32456,61.09828,59.77458,59.48109,60.72891
9.21954,9.48683,9.48683,9.48683,9.48683,8.544,8.544,8.94427,8.544,8.94427,8.94427,8.06226,8.94427,8.06226,8.06226,8.06226,8.06226,8.06226,8.06226,8.06226,8.06226,8.06226,6.7082,7.2111,7.61577,6.7082,6.32456,6.7082,6.32456,6.08276,6.08276,6.08276,5.09902,5.09902,5.0,4.0,4.0,4.0,4.0,3.0,3.16228,2.23607,3.16228,2.23607,2.23607,1.41421,1.41421,1.41421,1.41421,1.41421,1.0,1.0,55.03635,52.81098,52.81098,47.80167,52.63079,48.27007,50.01,48.6621,47.38143,47.16991,44.18144,48.04165,49.0,47.0,45.0,42.0119,45.04442,44.0,44.18144,45.09989,44.10215,45.04442,43.18565,40.04997,40.04997,41.01219,40.11234,41.01219,38.01316,36.05551,32.0,34.52535,36.49658,31.257,31.7805,32.55764,28.86174,27.85678,25.07987,21.47091,20.59126,18.35756,21.40093,20.61553,19.10497,14.21267,10.77033,10.81665,8.24621,8.06226,9.21954,8.06226,9.0,8.06226,7.07107,8.06226,7.81025,47.38143,52.40229,50.9902,52.63079,56.0803,54.40588,54.08327,58.82176,60.53924,57.68882,62.26556,64.00781,64.49806,63.52952,63.52952,65.74192,67.08204,62.17717,65.29931,64.84597,64.14047,68.02941,66.64833,67.53518,64.41273,64.88451,63.52952,61.40033,65.36819,63.81222,62.42596,64.2028,63.41136,63.89053,63.12686,65.94695,62.96825,65.05382,65.05382,66.6033,65.8559,65.43699,64.66065,67.35726,63.25346,62.42596,64.63745,67.20119,63.00794,64.40497,66.0303,64.66065,59.90826,58.30952,60.03332,56.60389,55.56978
9.21954,9.21954,8.60233,8.60233,9.43398,8.60233,8.60233,8.94427,8.06226,8.06226,8.06226,8.06226,7.61577,7.61577,7.61577,7.61577,7.61577,7.61577,7.61577,7.61577,6.7082,7.61577,6.7082,6.7082,6.7082,6.7082,6.40312,6.40312,5.65685,6.40312,5.65685,5.0,5.0,5.0,4.47214,4.47214,4.47214,3.16228,3.16228,3.0,3.0,3.0,3.0,3.16228,3.16228,2.23607,2.23607,2.23607,1.41421,1.41421,2.82843,2.23607,52.80152,53.8145,50.20956,52.34501,54.67175,46.75468,49.20366,46.2277,47.43416,46.2277,47.16991,46.87217,46.04346,45.17743,45.27693,43.38202,45.31004,45.31004,43.08132,41.14608,41.62932,41.62932,40.16217,39.39543,40.49691,42.04759,39.35734,39.0,38.62642,38.01316,36.71512,34.1321,35.51056,31.38471,30.80584,25.6125,27.58623,25.45584,27.80288,24.20744,24.18677,20.12461,21.47091,21.0238,15.52417,18.24829,15.0333,12.16553,13.0,10.19804,10.19804,9.84886,9.48683,7.28011,7.81025,10.29563,10.63015,51.78803,49.64877,52.46904,54.00926,54.03702,56.0,57.14018,59.03389,60.03332,59.13544,62.07254,64.03124,64.28063,65.37584,64.28063,65.62012,67.60178,68.88396,61.66036,66.61081,68.18358,68.26419,68.18358,65.27634,64.19502,66.18912,66.00758,66.0,66.06815,65.0,64.07027,65.27634,63.28507,65.62012,65.62012,64.62971,64.13267,64.7611,64.03124,65.25335,65.19202,69.89278,63.24555,69.07966,63.69458,66.30988,65.9242,65.79514,66.18912,64.84597,63.06346,63.95311,59.5399,59.5399,60.03332,58.83026,57.68882
9.84886,9.48683,9.48683,9.48683,9.48683,8.24621,9.21954,9.21954,9.21954,9.21954,9.21954,9.05539,8.24621,8.24621,8.06226,9.05539,8.06226,8.06226,8.06226,8.06226,7.07107,7.07107,8.06226,7.07107,7.28011,7.07107,7.28011,6.32456,6.32456,6.32456,5.38516,5.83095,5.83095,5.0,5.0,5.0,4.24264,4.24264,3.60555,3.60555,2.82843,2.82843,3.16228,2.23607,2.23607,2.23607,2.23607,2.0,2.0,2.0,2.0,1.0,56.64804,52.88667,50.69517,52.7731,52.95281,52.46904,50.08992,47.38143,48.09366,46.04346,47.01064,49.0102,50.01,46.0,45.17743,45.27693,43.73786,46.27094,45.54119,45.70558,43.73786,43.93177,41.97618,39.62323,39.31921,39.45884,42.42641,40.79216,39.05125,40.04997,34.52535,35.01428,36.12478,31.0,31.14482,30.26549,28.63564,27.65863,26.57066,25.29822,24.04163,22.36068,15.81139,18.43909,16.40122,15.0,15.0,15.26434,12.08305,11.6619,11.40175,8.544,11.0,9.0,8.24621,10.19804,9.05539,50.24938,49.81967,54.20332,55.44367,55.80323,54.6443,54.70832,56.4358,58.83026,61.40033,58.66856,61.77378,64.49806,64.00781,63.50591,68.02941,65.30697,65.74192,65.74192,65.29931,68.942,68.8767,67.53518,65.74192,63.95311,65.8635,64.49806,61.91123,68.26419,59.90826,62.42596,64.2028,62.20129,63.89053,64.44377,65.11528,64.3506,65.76473,63.03174,66.06815,65.19202,68.8186,68.41053,67.20119,64.40497,67.23095,67.1193,67.23095,63.28507,64.89992,62.64982,64.88451,60.41523,62.24147,63.50591,61.7414,61.32699
9.43398,9.43398,10.29563,10.29563,10.29563,9.84886,9.84886,9.84886,9.48683,8.94427,9.48683,9.48683,8.544,8.544,8.544,8.24621,8.24621,8.24621,8.544,8.24621,8.544,8.24621,8.544,8.544,7.61577,7.61577,7.61577,6.7082,6.7082,6.7082,6.40312,6.40312,5.65685,5.65685,5.0,4.24264,4.24264,5.0,3.60555,3.60555,3.60555,3.16228,3.16228,2.23607,2.23607,2.23607,2.0,2.0,2.0,2.0,2.0,1.0,55.31727,50.60632,53.00943,50.21952,48.8774,49.65884,47.88528,48.37355,46.95743,48.33218,49.0408,48.8467,44.38468,45.69464,46.48656,48.27007,44.91102,44.92215,43.68066,42.57934,45.27693,39.62323,43.17407,39.29377,40.80441,39.56008,41.0,40.5216,40.26164,36.40055,37.94733,34.53983,34.9285,34.9285,28.79236,30.88689,30.80584,27.20294,24.20744,24.41311,22.67157,22.67157,20.59126,16.64332,17.0,16.15549,12.52996,11.40175,11.7047,9.0,10.0,6.0,10.0,9.21954,8.06226,7.07107,6.7082,48.50773,53.48832,50.69517,56.08921,51.78803,57.55867,55.44367,59.5399,62.28965,59.3043,62.28965,63.3877,62.514,65.37584,64.12488,62.07254,68.06614,66.0,66.0303,65.03076,63.07139,66.06815,64.28063,68.18358,64.19502,65.37584,64.38167,61.66036,63.50591,66.09841,60.20797,67.91171,63.78871,61.98387,66.76077,66.40783,61.84658,65.79514,67.53518,65.76473,68.42514,62.26556,71.19691,62.64982,66.57327,67.41662,62.96825,67.42403,64.89992,64.40497,63.60031,64.03124,66.06815,55.22681,59.5483,60.82763,59.39697
8.06226,8.06226,8.06226,8.06226,8.06226,8.24621,8.24621,8.24621,8.24621,7.28011,8.24621,7.61577,7.28011,7.28011,6.32456,7.61577,7.61577,7.61577,6.7082,6.7082,6.32456,6.32456,6.7082,6.32456,6.32456,6.32456,6.32456,5.09902,5.09902,5.09902,5.0,4.0,4.0,4.0,4.0,3.0,3.16228,2.23607,2.23607,2.23607,2.23607,1.41421,1.41421,1.41421,1.41421,1.41421,1.0,1.0,1.0,1.41421,1.0,1.41421,53.93515,50.9902,52.7731,53.03772,50.15974,49.0102,49.0102,46.0,45.01111,49.25444,47.67599,46.52956,47.85394,45.89118,45.89118,45.12206,41.7732,40.5216,41.97618,43.9659,45.88028,42.95346,39.21734,40.5216,40.80441,37.85499,40.02499,40.02499,34.52535,37.85499,37.65634,36.34556,32.14032,32.14032,33.06055,30.26549,25.07987,26.30589,24.73863,22.36068,24.35159,19.64688,17.0,13.0384,13.60147,14.76482,14.86607,10.63015,10.81665,10.63015,8.06226,8.94427,9.0,10.44031,8.544,6.0,6.7082,49.0408,51.73973,50.9902,54.56189,55.17246,54.67175,56.0803,56.85068,59.03389,60.44005,62.00806,64.63745,64.40497,65.45991,67.1193,68.26419,68.8186,66.03787,65.73431,62.68174,67.41662,68.50547,67.6757,69.63476,63.51378,65.73431,64.63745,65.0,64.81512,65.43699,63.12686,63.70243,65.06919,60.1415,65.79514,64.53681,64.53681,67.20119,65.0,63.00794,64.63745,67.41662,67.95587,66.57327,67.23095,65.74192,64.00781,67.1193,63.50591,62.64982,60.82763,62.64982,62.64982,59.09315,59.23681,56.921,58.82176
9.05539,9.05539,9.05539,8.06226,8.06226,8.24621,8.24621,8.24621,8.24621,8.24621,8.544,8.544,8.24621,7.28011,7.61577,8.06226,7.61577,7.61577,7.61577,7.61577,6.7082,7.61577,7.61577,6.7082,6.32456,6.32456,6.32456,6.08276,5.09902,6.08276,5.0,5.0,5.0,4.0,4.0,4.0,3.0,3.16228,2.23607,2.23607,2.23607,2.23607,1.41421,1.41421,1.41421,1.41421,1.0,1.0,1.0,1.0,1.0,1.41421,49.16299,51.24451,53.03772,52.03845,49.09175,48.37355,45.39824,48.25971,44.28318,47.67599,48.6621,48.27007,46.57252,43.41659,48.27007,46.57252,44.92215,43.32436,43.65776,43.01163,45.54119,40.16217,41.10961,42.37924,40.80441,38.8973,40.49691,39.05125,37.64306,36.68787,35.90265,36.49658,32.38827,31.14482,31.14482,31.01612,26.01922,26.0,23.19483,23.08679,21.37756,21.58703,18.86796,16.15549,15.26434,15.81139,17.20465,10.81665,12.04159,10.63015,9.48683,8.544,8.06226,9.0,7.0,7.28011,6.08276,50.47772,52.63079,52.80152,57.31492,55.22681,56.58622,56.58622,57.31492,62.36986,59.5483,63.78087,62.36986,64.03124,64.66065,66.21933,62.80127,67.20119,66.85058,65.80274,62.62587,65.45991,66.61081,64.2028,67.20119,67.00746,66.21933,63.03174,63.78087,63.65532,67.89698,61.6198,65.06919,65.05382,63.89053,64.66065,64.66065,63.51378,67.95587,64.3506,63.28507,66.37017,65.74192,67.53518,64.40497,68.8767,63.15853,68.02941,65.39113,64.88451,63.89053,61.68468,67.35726,62.62587,56.32051,60.74537,62.64184,57.97413
8.06226,8.24621,8.24621,8.24621,8.544,7.28011,7.61577,7.61577,7.61577,7.61577,7.61577,7.61577,7.61577,7.61577,6.7082,6.7082,6.7082,6.7082,6.7082,6.7082,6.7082,6.7082,6.7082,5.83095,6.7082,5.38516,5.38516,5.38516,5.09902,5.09902,5.09902,5.0,4.0,4.0,4.12311,3.16228,3.16228,3.16228,3.16228,2.23607,2.82843,2.23607,2.23607,2.23607,2.23607,2.0,2.0,2.0,2.0,2.0,2.23607,2.23607,55.22681,54.03702,53.33854,49.24429,50.9902,51.1957,48.50773,49.72927,49.33559,42.37924,47.53946,46.51881,46.61545,46.23851,45.31004,43.08132,45.61798,44.77723,42.04759,42.19005,43.04649,39.82462,42.19005,39.44617,42.54409,39.44617,37.58989,39.81206,36.24914,34.53983,33.61547,33.83785,35.4683,32.31099,31.57531,30.59412,29.42788,29.15476,24.02082,22.02272,21.0238,19.64688,19.92486,18.97367,16.76305,13.92839,15.0,14.31782,8.60233,10.0,9.84886,8.24621,10.29563,9.48683,8.24621,8.06226,7.28011,52.35456,51.97115,53.0,55.75841,56.85948,56.40035,55.80323,59.20304,59.20304,62.28965,62.28965,62.96825,63.70243,64.3506,63.12686,67.20863,68.62215,68.62215,65.76473,64.3506,65.8559,68.62215,67.89698,70.03571,66.46804,65.79514,61.55485,61.07373,66.21933,66.8431,61.29437,67.1193,67.23095,63.50591,65.79514,65.30697,66.64083,65.39113,67.97794,67.77905,65.19202,69.26038,67.44627,68.15424,65.14599,69.37579,66.28725,64.53681,67.08204,66.28725,64.7611,59.68249,62.96825,60.82763,65.11528,60.29925,57.14018
8.60233,8.60233,8.60233,8.06226,8.06226,8.60233,8.06226,8.06226,8.06226,7.61577,8.06226,7.61577,7.61577,7.61577,7.61577,7.61577,7.61577,6.7082,7.28011,6.32456,6.7082,6.7082,6.7082,6.7082,6.7082,6.7082,6.40312,5.83095,5.65685,5.65685,5.0,5.0,5.0,4.47214,4.47214,4.47214,4.12311,3.16228,3.16228,3.0,3.0,3.0,2.0,3.16228,2.23607,2.23607,2.23607,2.23607,1.41421,1.41421,1.41421,1.41421,56.63921,51.73973,49.40648,48.27007,49.81967,50.0,48.76474,51.47815,49.92995,47.01064,49.24429,46.51881,46.95743,46.95743,44.72136,44.77723,44.38468,43.46263,42.54409,40.8534,43.46263,42.95346,43.32436,40.8534,40.31129,40.31129,36.71512,38.62642,37.16181,37.58989,35.77709,37.73592,31.76476,32.64966,29.20616,28.3196,26.90725,24.75884,25.4951,25.80698,21.63331,24.16609,18.97367,17.08801,15.52417,16.49242,14.03567,11.18034,12.16553,13.0,11.18034,8.544,9.48683,7.2111,8.60233,5.83095,10.29563,51.42956,50.15974,52.39275,54.78138,54.78138,56.921,57.56735,59.90826,59.90826,58.46366,62.58594,61.61169,65.51336,66.28725,66.75328,65.76473,68.73136,66.61081,65.9242,67.60178,63.3877,68.73136,64.49806,65.9242,66.09841,66.61081,66.09841,65.11528,63.78871,65.52099,61.40033,66.21933,64.84597,65.14599,65.78754,67.77905,62.24147,67.23095,64.00781,70.71068,67.97794,64.49806,67.74216,68.26419,66.37017,68.60029,67.1193,66.0303,64.89992,62.1289,65.0,64.40497,66.4003,61.03278,61.7171,58.89822,58.89822
8.544,8.24621,8.24621,8.24621,8.24621,8.06226,8.06226,8.0,8.0,8.0,8.0,8.0,8.0,7.0,7.0,8.0,7.07107,7.07107,7.0,7.0,7.0,7.0,6.0,7.0,6.0,6.0,6.0,5.09902,5.09902,5.09902,4.12311,4.47214,4.47214,4.47214,3.60555,3.60555,2.82843,2.82843,2.82843,2.23607,2.23607,1.41421,2.0,1.0,1.0,1.0,1.0,1.41421,1.41421,1.41421,1.41421,1.0,52.7731,50.53712,50.56679,51.62364,50.69517,47.75982,51.24451,48.76474,45.60702,48.05206,45.54119,47.16991,46.52956,46.52956,45.04442,46.04346,44.10215,41.04875,39.05125,41.0,44.0,44.04543,38.0,40.04997,38.0526,38.11824,39.01282,38.32754,36.22154,39.05125,36.34556,35.35534,31.57531,32.75668,30.41381,28.79236,29.41088,27.313,27.29469,23.76973,23.32381,21.40093,19.10497,16.27882,15.81139,13.45362,12.80625,13.0,10.0,8.94427,8.544,8.544,10.04988,9.05539,8.06226,7.61577,4.47214,52.3259,52.39275,53.31041,53.31041,57.24509,55.02727,58.24088,57.97413,59.20304,61.40033,64.03124,60.87693,63.56099,64.7611,63.95311,67.08204,67.68309,68.15424,66.70832,66.91039,65.73431,69.12308,64.28841,66.21933,68.44706,63.89053,63.60031,61.68468,65.78754,65.9242,65.9242,64.4748,64.4748,62.16912,65.29931,63.28507,66.28725,68.8186,64.2028,67.62396,65.80274,69.42622,66.06815,67.26812,65.94695,66.46804,65.06919,70.00714,65.79514,67.89698,64.03124,61.84658,63.25346,60.80296,61.84658,58.41233,58.82176
9.48683,9.21954,9.21954,9.21954,9.21954,9.21954,9.05539,9.05539,9.05539,9.05539,9.05539,9.05539,8.06226,8.06226,8.06226,8.0,8.0,8.0,8.0,8.0,8.0,8.0,8.0,7.0,7.07107,7.07107,7.07107,6.08276,6.32456,6.08276,5.38516,5.38516,5.38516,5.38516,4.47214,4.47214,4.47214,4.24264,4.24264,3.60555,2.82843,2.82843,3.60555,2.23607,2.23607,2.23607,2.23607,2.23607,2.23607,2.0,2.0,1.0,52.35456,51.89412,53.22593,47.92703,47.43416,51.5461,49.33559,47.80167,46.48656,51.41984,50.9902,46.87217,44.72136,45.54119,45.17743,47.16991,45.17743,43.04649,44.10215,44.01136,46.01087,43.01163,44.0,43.0,39.62323,39.05125,38.0526,39.05125,38.01316,38.11824,36.12478,38.47077,34.52535,36.67424,30.59412,31.7805,29.15476,26.92582,26.41969,24.59675,21.9545,21.47091,20.51828,16.27882,17.49286,16.27882,14.21267,12.08305,13.0384,10.19804,9.21954,8.06226,9.0,8.24621,9.84886,7.28011,7.61577,48.75449,51.47815,51.07837,54.42426,51.26402,55.36244,57.56735,56.04463,58.24088,57.97413,63.06346,62.29767,65.52099,66.94027,64.93843,63.56099,70.61161,61.98387,66.94027,67.68309,65.30697,62.36986,64.03124,68.41053,63.32456,66.40783,63.60031,63.32456,62.96825,67.06713,62.76942,63.56099,64.4748,64.40497,66.64833,64.00781,66.28725,66.0303,62.20129,65.60488,65.0,65.8559,68.0147,62.24147,66.52819,64.38167,64.3506,65.76473,63.65532,65.06919,64.81512,59.20304,63.41136,61.85467,61.40033,61.61169,62.42596
7.81025,7.81025,8.48528,8.48528,7.81025,7.81025,7.81025,7.2111,7.81025,7.2111,7.2111,7.2111,7.2111,7.2111,7.2111,6.7082,6.7082,6.7082,6.7082,6.7082,6.7082,6.7082,5.83095,5.83095,5.83095,5.83095,5.0,5.0,5.65685,4.24264,5.0,4.24264,4.24264,3.60555,3.60555,3.16228,3.16228,3.16228,3.0,2.0,2.0,2.0,2.23607,1.41421,1.41421,1.41421,1.41421,1.41421,1.41421,1.41421,1.0,2.0,51.42956,51.0,54.6443,48.60041,48.9183,50.0,49.67897,50.32892,48.83646,47.38143,46.75468,45.60702,46.8615,45.60702,43.60046,46.64762,43.60046,43.41659,41.88078,44.94441,43.909,39.66106,41.04875,42.19005,38.01316,36.89173,39.11521,40.49691,37.44329,35.22783,35.0,33.97058,35.4683,34.05877,31.14482,29.83287,29.20616,29.20616,25.23886,21.63331,21.9545,18.38478,20.88061,18.68154,15.13275,14.03567,11.0,13.0,9.05539,11.18034,10.81665,9.43398,9.43398,9.48683,8.60233,7.81025,6.7082,50.80354,51.41984,53.36666,57.72348,56.61272,53.75872,55.36244,60.08328,61.03278,60.74537,63.32456,61.46544,64.62198,64.07808,65.39113,65.39113,68.54196,64.84597,67.41662,66.30988,67.77905,65.39113,65.39113,68.02941,62.03225,66.48308,65.78754,63.60031,66.21933,65.0,63.15061,64.32729,65.9242,65.49046,67.18631,66.18912,65.00769,66.06815,65.0,67.00746,67.00746,65.12296,67.18631,70.45566,65.76473,66.75328,63.34824,64.53681,67.46851,61.39218,64.32729,64.56005,62.0967,59.77458,61.68468,58.5235,61.98387
10.19804,9.05539,9.05539,9.05539,9.0,9.0,9.0,9.0,9.0,9.0,9.0,8.0,9.05539,9.05539,8.06226,9.05539,8.06226,8.06226,8.24621,8.06226,8.06226,8.06226,8.06226,8.06226,8.0,7.0,7.0,7.0,6.0,6.08276,6.08276,6.08276,5.09902,5.09902,4.47214,4.47214,4.47214,3.16228,3.16228,2.23607,2.82843,2.82843,2.23607,1.41421,1.41421,1.41421,1.41421,1.41421,1.0,1.0,1.0,1.0,55.22681,56.36488,49.65884,47.16991,51.07837,46.8188,53.45091,48.50773,49.0408,45.35416,46.09772,48.6621,48.6621,48.6621,46.52956,46.52956,46.27094,45.17743,46.04346,44.18144,44.40721,41.30375,42.0,43.04649,39.01282,42.0119,39.05125,41.19466,37.48333,37.48333,33.73426,37.10795,36.13862,32.57299,31.62278,30.67572,27.85678,28.6531,29.15476,23.32381,23.60085,20.61553,19.84943,19.10497,16.40122,16.40122,13.0384,12.52996,10.04988,9.48683,8.06226,9.21954,6.08276,7.61577,7.28011,6.7082,8.544,48.27007,48.01042,51.0392,52.15362,54.70832,56.60389,55.07268,56.35601,57.27128,59.5063,59.09315,61.46544,64.62198,65.39113,62.39391,64.84597,66.76077,67.6757,63.90618,63.90618,64.2573,66.12866,67.06713,67.06713,61.84658,68.54196,63.56886,60.41523,66.85058,60.00833,60.83584,60.03332,61.40033,64.14047,63.24555,62.20129,65.21503,62.80127,65.0,64.03124,64.44377,65.79514,61.7171,65.05382,62.93648,61.52235,65.06919,62.28965,63.25346,66.6033,62.36986,61.7171,59.03389,57.80138,55.31727,56.61272,61.03278
8.544,8.544,8.24621,8.24621,8.24621,8.24621,8.24621,8.06226,8.24621,8.06226,8.06226,8.06226,8.06226,8.06226,7.07107,8.06226,7.07107,7.07107,7.0,7.0,7.07107,7.07107,7.07107,7.07107,6.08276,6.32456,6.32456,6.32456,5.38516,5.83095,5.38516,4.47214,5.0,5.0,4.24264,4.24264,3.60555,3.60555,3.60555,3.16228,3.16228,3.0,2.0,3.0,2.0,2.0,2.23607,2.23607,2.23607,2.23607,2.23607,2.23607,53.60037,51.85557,53.0,49.64877,49.39636,47.41308,51.07837,49.1935,46.23851,45.18849,47.01064,45.31004,44.94441,44.92215,43.9659,41.97618,47.07441,43.93177,43.41659,43.68066,43.17407,41.97618,41.97618,40.02499,41.23106,40.5216,37.64306,40.02499,38.32754,37.0,35.8469,33.24154,34.17601,34.43835,30.23243,31.06445,30.0,27.20294,26.24881,24.75884,22.67157,22.47221,20.12461,18.02776,14.31782,13.15295,18.02776,13.34166,12.0,14.31782,9.48683,10.44031,7.61577,7.2111,6.7082,8.06226,9.84886,48.01042,51.97115,55.56978,52.80152,57.27128,55.15433,57.93962,58.87274,60.08328,60.08328,64.51356,62.29767,66.12866,66.09841,67.44627,65.11528,67.68309,69.63476,68.65858,69.2315,65.30697,65.73431,64.53681,67.05222,66.09841,67.35726,65.52099,64.56005,63.89053,65.19202,63.32456,68.15424,65.39113,65.0,66.64083,61.26989,66.64833,66.7308,66.03787,66.61081,65.73431,68.24222,66.4003,69.02898,68.60029,67.80118,66.4003,66.8431,64.44377,65.11528,66.46804,62.93648,61.52235,62.93648,62.24147,61.6198,63.03174
10.0,9.43398,9.43398,8.60233,9.43398,9.43398,8.94427,8.94427,8.94427,8.94427,8.94427,8.94427,8.94427,8.94427,8.94427,8.544,8.544,8.544,7.61577,7.61577,7.61577,7.61577,7.61577,7.61577,7.61577,6.7082,6.7082,7.2111,6.40312,6.40312,5.65685,5.65685,5.65685,5.0,5.0,4.24264,3.60555,4.47214,4.47214,3.16228,3.16228,3.16228,3.16228,2.23607,2.0,2.0,2.0,2.0,2.0,2.0,1.0,1.0,54.48853,55.9017,55.17246,52.40229,52.49762,53.2635,51.22499,52.80152,49.64877,50.11986,48.54894,50.60632,48.8774,48.76474,47.41308,46.51881,49.65884,46.09772,42.04759,44.01136,47.16991,41.4367,39.92493,42.15448,42.48529,41.78516,42.15448,42.04759,42.04759,38.91015,36.24914,39.35734,34.66987,32.44996,30.80584,30.4795,33.30165,28.3196,28.42534,24.83948,22.02272,21.63331,19.23538,19.92486,18.38478,15.23155,14.31782,14.03567,11.7047,9.05539,9.84886,8.06226,12.36932,8.06226,7.81025,5.83095,7.81025,51.97115,51.47815,53.33854,55.08176,54.08327,57.07889,60.0,61.0082,60.00833,58.07753,62.20129,63.03174,64.12488,65.19202,63.07139,64.38167,68.18358,68.26419,67.47592,65.49046,64.12488,68.18358,66.27217,67.26812,69.18092,66.0,64.00781,66.0303,65.00769,66.1211,66.37017,64.28063,66.48308,61.66036,67.89698,64.53681,64.03124,68.96376,67.72001,68.94926,64.56005,69.64194,69.64194,68.35203,67.23095,68.02941,67.97794,68.8767,67.97794,65.0,65.76473,64.14047,64.49806,61.77378,64.89992,65.19202,56.60389
9.21954,9.48683,8.544,9.48683,8.544,8.544,8.94427,8.94427,8.94427,8.06226,8.94427,8.06226,8.06226,8.06226,8.06226,8.06226,8.06226,7.2111,8.06226,7.2111,7.2111,6.7082,7.2111,7.2111,6.7082,6.7082,6.7082,5.38516,5.38516,5.38516,5.09902,4.12311,5.09902,4.0,4.0,4.0,3.0,3.16228,2.23607,2.23607,2.23607,2.23607,1.41421,1.41421,1.41421,1.41421,1.41421,1.0,1.0,1.0,1.0,1.41421,53.15073,52.23983,52.08647,51.35173,53.75872,52.7731,46.57252,47.53946,47.53946,47.75982,48.70318,48.33218,46.8188,43.46263,46.09772,46.09772,43.82921,44.72136,45.17743,46.06517,47.41308,42.04759,42.94182,41.59327,39.39543,38.91015,40.31129,39.35734,35.8469,35.4683,36.40055,35.17101,31.32092,30.36445,32.28002,29.42788,28.16026,24.02082,26.1725,25.07987,22.09072,21.09502,16.12452,15.52417,16.15549,15.23155,13.89244,12.04159,13.45362,9.43398,9.43398,10.63015,8.24621,9.05539,7.28011,8.544,9.05539,50.15974,49.65884,49.65884,55.9464,53.33854,56.30275,59.07622,57.2014,58.60034,57.42822,63.00794,60.959,63.25346,63.12686,65.29931,64.53681,67.26812,64.3506,69.42622,64.38167,64.66065,66.6033,63.89053,66.6033,66.06815,64.03124,64.2028,66.61081,60.21628,65.21503,62.43397,66.03787,63.63175,64.00781,65.8635,66.21178,63.56099,65.39113,65.0,63.32456,64.62198,67.06713,69.37579,63.60031,69.12308,66.70832,66.48308,66.94027,63.56099,60.63827,64.62971,60.53098,61.66036,58.0517,62.28965,60.13319,57.14018
8.06226,8.06226,8.06226,8.0,8.0,8.0,8.06226,8.06226,8.06226,7.07107,8.06226,8.06226,8.06226,7.07107,7.07107,7.28011,7.28011,7.28011,7.28011,6.32456,7.07107,6.32456,6.08276,6.08276,6.08276,6.08276,6.08276,5.0,5.0,5.0,5.0,4.12311,4.12311,4.12311,4.12311,3.16228,3.16228,2.23607,2.82843,2.23607,1.41421,1.41421,1.41421,1.41421,1.0,1.0,1.0,1.0,1.0,1.41421,1.41421,1.41421,53.15073,51.41984,50.80354,50.48762,52.46904,49.16299,48.04165,49.0102,43.01163,48.0,50.03998,48.09366,49.49747,43.41659,46.52956,45.12206,43.56604,42.95346,41.30375,40.79216,45.70558,41.59327,41.76123,41.48494,39.62323,37.85499,39.62323,37.65634,36.87818,38.47077,36.34556,36.12478,33.06055,32.06244,32.0,27.07397,26.30589,25.17936,25.70992,25.63201,20.24846,22.13594,19.41649,19.23538,15.0,15.0,15.55635,14.42221,13.41641,12.04159,10.81665,8.94427,8.06226,8.544,9.21954,6.08276,8.24621,49.51767,53.2635,52.00961,54.6443,54.08327,54.08327,55.75841,58.18075,61.40033,58.13777,61.26989,64.00781,63.95311,66.18912,64.41273,65.74192,68.96376,62.6099,66.37017,67.97794,67.1193,67.97794,66.21178,67.97794,66.21178,63.95311,67.23095,67.23095,61.58734,66.85058,63.24555,63.41136,65.43699,65.8559,65.8559,65.76473,62.24147,66.46804,63.89053,65.60488,66.06815,67.42403,68.24222,68.24222,66.28725,69.06519,67.1193,62.26556,67.60178,63.63175,65.36819,62.6099,63.95311,58.18075,59.23681,61.32699,56.64804
8.544,8.544,8.544,8.94427,8.544,7.61577,8.06226,8.06226,8.06226,8.06226,8.06226,7.2111,8.06226,7.2111,7.2111,7.2111,7.81025,7.2111,7.2111,7.2111,7.2111,6.40312,6.40312,7.2111,7.2111,5.83095,5.83095,5.83095,5.38516,5.38516,5.38516,5.09902,4.12311,4.12311,4.0,4.0,3.16228,3.0,3.16228,3.16228,2.23607,2.23607,2.82843,1.41421,2.23607,2.23607,2.23607,2.23607,2.23607,2.0,2.0,2.0,53.36666,56.04463,56.30275,49.65884,51.47815,49.1935,48.30114,48.30114,48.37355,44.41846,44.10215,45.80393,47.43416,46.87217,42.2019,45.45327,45.45327,43.27817,43.13931,42.44997,41.72529,41.72529,41.03657,41.10961,39.69887,41.7732,38.28838,38.28838,33.6006,37.20215,32.80244,35.60899,34.4093,32.20248,32.75668,30.67572,27.29469,26.40076,26.57066,22.36068,21.09502,22.09072,21.09502,17.11724,18.02776,13.15295,10.44031,13.15295,10.29563,10.0,9.43398,8.48528,7.81025,8.06226,9.48683,8.544,8.0,49.98,53.31041,54.12947,55.9017,54.56189,57.3062,56.93856,57.98276,60.53924,59.90826,62.1289,62.42596,64.89992,66.0303,65.8635,64.63745,66.0303,65.73431,64.89992,66.57327,67.1193,68.50547,63.82006,66.03787,67.42403,67.41662,65.0,65.29931,65.76473,64.07808,61.7414,67.1193,64.07808,62.62587,65.14599,65.52099,66.94027,67.18631,65.73431,65.11528,67.26812,66.37017,65.49046,69.26038,67.18631,63.0,65.00769,65.0,66.00758,67.0,67.0,65.03076,64.12488,58.13777,61.20457,61.29437,58.69412
9.43398,8.94427,8.94427,8.94427,8.544,8.544,8.544,8.544,8.544,8.544,8.544,8.544,8.24621,8.24621,8.24621,8.24621,8.24621,7.28011,8.24621,7.28011,7.28011,7.28011,7.28011,7.28011,6.32456,6.32456,6.7082,6.7082,5.83095,5.83095,5.0,5.0,5.0,4.24264,4.24264,4.24264,3.60555,2.82843,2.82843,2.82843,2.23607,2.23607,2.23607,2.23607,1.0,1.0,1.0,1.0,1.0,0.0,1.41421,0.0,54.08327,51.61395,51.85557,52.20153,52.00961,50.20956,51.62364,50.91169,47.50789,46.69047,47.38143,47.50789,44.82187,46.8615,46.01087,47.20169,47.20169,46.61545,45.0,45.22168,44.40721,41.40048,44.29447,43.56604,39.66106,41.88078,40.60788,40.22437,39.20459,37.01351,37.48333,36.76955,34.65545,32.55764,34.82815,29.83287,28.01785,26.62705,26.07681,24.69818,25.29822,20.09975,16.49242,15.0,14.03567,13.0,14.03567,11.04536,9.48683,12.16553,8.94427,8.60233,8.60233,6.40312,6.7082,7.2111,9.48683,48.76474,49.47727,53.36666,52.7731,54.33231,56.14268,55.14526,58.13777,60.00833,59.00847,59.00847,60.0,64.0,65.03076,62.1289,65.19202,67.1193,64.12488,67.1193,62.39391,62.1289,67.18631,67.60178,65.27634,65.27634,66.1211,65.27634,65.06919,62.03225,64.00781,61.03278,66.1211,65.12296,63.50591,64.19502,63.63961,65.76473,65.11528,64.13267,65.25335,65.0,67.18631,64.84597,68.30813,65.14599,65.78754,62.03225,65.78754,62.96825,64.2573,62.24147,63.32456,61.46544,60.53924,61.32699,57.70615,60.90156
9.43398,9.43398,9.43398,9.43398,9.43398,8.60233,9.21954,8.60233,9.21954,8.60233,9.21954,9.21954,9.21954,9.21954,8.60233,8.48528,8.48528,7.81025,8.48528,7.81025,7.81025,7.81025,7.81025,7.81025,7.81025,7.81025,7.2111,7.2111,6.7082,5.83095,6.7082,5.38516,5.38516,5.09902,4.12311,4.12311,4.0,4.12311,4.0,4.0,3.0,3.0,3.0,2.0,2.23607,2.0,2.23607,2.23607,1.41421,1.41421,1.41421,1.41421,54.81788,53.16014,51.62364,51.62364,52.39275,50.56679,51.88449,52.80152,49.24429,46.64762,46.87217,47.43416,48.16638,49.09175,44.94441,45.27693,45.80393,47.20169,43.41659,46.09772,45.60702,41.23106,43.41659,39.69887,41.10961,41.23106,39.62323,39.82462,39.40812,38.60052,36.05551,36.05551,34.88553,34.43835,31.30495,30.46309,31.01612,28.4605,29.41088,24.5153,23.19483,20.02498,24.02082,16.49242,16.03122,14.31782,15.13275,13.0,11.7047,11.6619,10.63015,8.60233,10.77033,10.0,7.2111,8.544,8.06226,50.0,49.72927,52.49762,52.20153,52.55473,55.15433,57.38467,54.23099,57.38467,58.13777,63.13478,62.64982,62.64982,64.49806,63.63175,63.13478,64.89992,64.3506,64.49806,63.13478,64.40497,64.88451,65.76473,65.8635,64.14047,64.84597,62.64982,59.9333,64.88451,64.88451,62.39391,64.84597,62.29767,62.8172,65.0,63.34824,64.77654,66.09841,65.11528,65.76473,65.62012,67.36468,65.27634,67.18631,65.12296,65.03076,64.28063,67.36468,66.06815,65.19202,65.03076,66.18912,61.40033,57.21888,63.12686,58.42089,56.32051
10.04988,10.0,10.0,10.0,9.0,10.0,10.04988,9.05539,9.05539,9.05539,9.05539,9.05539,9.05539,9.05539,9.05539,9.21954,9.21954,8.06226,8.06226,8.06226,8.06226,8.06226,8.06226,8.06226,8.0,7.07107,7.0,7.0,6.08276,6.0,6.08276,6.08276,5.09902,5.38516,5.38516,4.47214,4.47214,3.60555,3.60555,4.24264,3.60555,2.82843,2.82843,2.82843,2.82843,2.23607,2.23607,2.23607,2.23607,2.0,2.0,2.0,56.08921,53.33854,55.08176,52.46904,51.08816,49.0102,53.0,45.01111,47.01064,48.25971,48.01042,51.24451,49.25444,47.51842,44.91102,43.93177,44.38468,45.60702,40.79216,46.32494,45.35416,45.12206,38.32754,38.83298,40.60788,40.4475,39.81206,38.32754,37.65634,37.85499,37.21559,33.13608,37.01351,32.01562,34.0,30.26549,28.44293,27.20294,27.20294,25.29822,25.63201,22.80351,19.69772,21.09502,17.80449,18.02776,14.14214,13.89244,12.04159,13.0384,10.81665,11.40175,9.05539,8.06226,10.19804,8.06226,8.24621,53.66563,47.01064,54.3783,54.08327,57.00877,53.41348,58.89822,59.4138,59.4138,59.46427,64.38167,61.55485,65.29931,66.52819,63.78087,67.35726,62.93648,70.03571,63.70243,66.06815,64.53681,65.94695,67.35726,65.79514,65.05382,65.11528,63.65532,61.52235,65.79514,63.65532,65.43699,62.482,64.53681,62.00806,65.60488,65.45991,65.19202,66.24198,65.76473,66.64083,62.26556,68.8767,66.64833,70.26379,66.64083,67.41662,65.9242,66.70832,63.56099,63.32456,62.93648,66.48308,63.89053,63.60031,63.06346,61.84658,59.43904
9.21954,9.21954,8.48528,8.48528,8.48528,8.48528,9.21954,9.21954,8.48528,8.60233,8.60233,8.60233,8.60233,8.60233,7.81025,8.60233,7.81025,7.81025,7.2111,7.2111,7.2111,7.81025,7.81025,7.2111,6.40312,7.07107,7.07107,5.65685,6.40312,6.40312,5.0,5.83095,5.38516,4.47214,5.09902,5.09902,5.09902,4.12311,4.0,3.0,3.0,3.16228,3.16228,3.16228,3.16228,2.23607,2.23607,2.23607,2.82843,2.23607,2.23607,2.23607,54.3783,52.15362,53.00943,48.02083,54.20332,47.01064,48.60041,51.08816,48.08326,44.55334,49.57822,47.38143,47.38143,45.45327,43.27817,46.61545,46.2277,42.43819,43.60046,44.20407,44.10215,43.60046,43.04649,42.0119,40.80441,39.69887,40.0,37.20215,39.05125,37.64306,38.8973,36.79674,31.89044,33.24154,35.0,30.0,30.88689,27.78489,25.05993,26.24881,24.5153,21.2132,20.39608,18.02776,17.11724,17.11724,14.31782,12.16553,12.16553,13.0,13.41641,12.52996,8.544,10.29563,11.40175,11.40175,9.48683,53.60037,52.15362,54.14795,56.0357,59.00847,54.00926,57.03508,55.3263,59.03389,60.40695,61.40033,63.1981,64.77654,68.26419,64.13267,65.62012,66.70832,69.2315,68.73136,66.4906,64.93843,70.03571,67.46851,64.62971,63.78871,63.95311,64.49806,67.26812,63.12686,63.28507,64.07027,61.0082,64.03124,64.00781,65.00769,64.12488,66.48308,65.76473,65.11528,67.26812,65.9242,65.96969,67.46851,66.09841,66.48308,71.06335,63.89053,65.45991,65.78754,64.84597,64.62198,62.39391,64.84597,62.76942,60.16644,61.32699,61.26989
8.48528,8.60233,8.60233,8.60233,8.60233,8.06226,8.06226,8.06226,8.06226,8.06226,8.06226,7.61577,7.61577,7.61577,7.61577,7.61577,7.28011,6.7082,7.61577,7.61577,6.7082,7.61577,6.32456,6.7082,6.7082,6.7082,5.83095,5.83095,5.83095,5.0,5.0,5.0,4.24264,4.24264,3.60555,3.60555,3.16228,3.16228,3.16228,3.16228,2.0,2.0,2.0,2.23607,1.41421,1.41421,1.41421,1.41421,1.41421,1.41421,1.0,2.0,50.77401,51.40039,49.81967,50.20956,50.9902,46.69047,45.45327,48.16638,45.45327,48.41487,47.43416,46.32494,43.56604,45.22168,45.79301,45.27693,46.87217,42.94182,39.96248,47.42362,42.95346,41.59327,41.59327,39.35734,38.47077,38.58756,40.70626,39.82462,37.20215,36.61967,36.89173,35.0,34.20526,32.64966,30.41381,31.89044,30.4795,25.4951,25.23886,21.63331,25.4951,20.24846,18.43909,18.43909,16.76305,13.15295,10.0,15.0333,11.0,10.19804,10.77033,8.94427,8.94427,12.04159,10.0,8.06226,7.61577,48.37355,49.49747,51.47815,57.14018,53.03772,55.00909,56.0357,59.07622,59.03389,59.03389,63.3877,66.37017,65.37584,67.74216,64.49806,62.96825,68.18358,65.9242,68.35934,66.48308,66.48308,68.593,64.38167,66.48308,67.36468,65.62012,64.28063,63.03174,66.06815,67.02984,65.00769,65.00769,65.27634,63.1981,67.89698,64.62971,66.91039,66.61081,62.80127,65.96969,65.96969,68.00735,68.00735,65.14599,64.62198,68.70953,64.88451,66.70832,66.30988,64.07808,64.07808,62.64982,61.26989,58.18075,62.6099,60.53924,60.90156
8.60233,8.60233,8.60233,8.60233,8.06226,8.06226,7.61577,7.61577,7.61577,7.61577,7.61577,7.61577,7.61577,7.61577,6.7082,7.28011,7.28011,6.32456,7.28011,6.32456,6.32456,6.32456,6.32456,6.32456,6.7082,5.38516,5.83095,5.83095,5.0,5.0,5.0,4.24264,4.24264,4.24264,2.82843,2.82843,3.16228,3.16228,3.16228,2.23607,2.0,2.0,2.0,1.0,1.41421,1.41421,1.41421,1.41421,1.41421,1.41421,1.0,2.0,55.22681,49.64877,53.41348,51.66237,48.9183,47.42362,48.83646,48.83646,46.01087,47.42362,47.01064,45.0,47.70744,46.40043,44.40721,45.22168,46.87217,43.60046,43.01163,41.34005,44.29447,41.88078,40.81666,41.67733,37.73592,37.73592,38.94868,38.01316,38.41875,32.44996,35.80503,34.05877,34.05877,35.38361,31.14482,33.6006,28.84441,26.62705,24.41311,20.61553,21.09502,17.72005,20.22375,19.23538,18.24829,14.14214,12.16553,16.0,9.0,10.44031,8.24621,8.544,9.43398,10.0,9.21954,8.94427,5.0,52.23983,52.08647,51.08816,57.00877,55.00909,56.0357,55.03635,57.21888,60.13319,58.54912,61.66036,62.80127,63.50591,64.32729,63.78871,66.28725,66.09841,65.30697,67.60178,66.75328,67.74216,66.91039,65.62012,68.44706,68.44706,65.9242,65.49046,65.27634,62.28965,68.11755,62.1289,65.00769,65.00769,64.38167,63.3877,64.38167,65.76473,64.77654,68.06614,67.08204,66.28725,65.0,67.44627,67.91171,66.48308,64.51356,67.06713,66.48308,62.96825,68.00735,63.32456,64.62198,60.00833,60.40695,64.07808,60.83584,57.70615
10.0,10.0,8.60233,9.43398,8.60233,9.43398,8.94427,8.94427,8.94427,8.544,8.94427,8.94427,8.544,8.544,8.544,8.544,8.544,7.61577,7.28011,7.28011,7.61577,7.61577,7.61577,7.28011,7.61577,7.61577,6.7082,6.7082,5.83095,5.83095,5.0,5.0,5.0,4.24264,4.24264,4.24264,3.60555,2.82843,2.82843,2.23607,2.23607,2.23607,2.23607,2.0,2.0,2.0,1.0,1.0,1.0,1.0,0.0,1.41421,52.43091,51.61395,48.16638,50.32892,52.34501,48.16638,53.8145,49.0408,48.9183,44.68781,49.81967,47.20169,47.63402,47.20169,45.80393,46.61545,45.48626,42.72002,41.67733,46.52956,44.10215,45.79301,39.35734,41.67733,40.24922,38.27532,44.10215,40.81666,39.40812,40.22437,37.20215,32.55764,35.80503,33.42155,31.82766,28.28427,26.1725,26.40076,24.41311,22.82542,22.36068,22.84732,19.92486,17.08801,15.23155,16.03122,15.0333,12.04159,13.0,11.18034,12.36932,10.63015,7.07107,7.2111,5.83095,8.06226,8.544,50.63596,49.25444,52.61179,50.03998,56.0803,53.03772,55.03635,59.00847,58.07753,62.20129,61.29437,60.40695,63.1981,63.28507,61.66036,64.93843,65.49046,66.75328,63.3877,63.50591,64.19502,67.36468,68.73136,67.89698,64.38167,64.28063,62.1289,61.13101,65.06919,64.03124,63.0,61.13101,64.12488,59.3043,64.49806,62.1289,66.75328,66.09841,67.08204,63.34824,61.84658,67.44627,65.80274,65.52099,61.03278,65.80274,61.68468,68.00735,64.62198,66.30988,62.76942,64.40497,58.18075,63.07139,62.24147,58.18075,59.16925
9.0,8.0,9.0,8.06226,8.06226,8.06226,8.06226,8.06226,8.06226,8.24621,8.24621,7.28011,8.24621,7.28011,7.28011,7.28011,7.28011,7.28011,7.28011,7.61577,7.28011,6.32456,6.32456,6.32456,6.32456,6.08276,6.08276,6.08276,5.09902,5.0,5.0,5.0,4.0,4.12311,4.12311,4.47214,3.60555,3.16228,3.16228,2.82843,2.82843,2.23607,2.82843,2.23607,2.23607,2.0,2.0,2.0,2.0,2.0,2.0,2.23607,53.36666,53.60037,53.23533,50.24938,51.0392,49.0,48.0,50.03998,46.38965,47.26521,47.09565,45.70558,45.54119,46.52956,45.89118,43.68066,46.09772,44.64303,42.2019,43.68066,43.01163,40.5216,42.37924,42.2019,40.26164,38.8973,36.87818,39.84972,38.83298,34.9285,32.75668,37.33631,35.35534,34.1321,30.06659,32.01562,29.0,28.16026,25.4951,21.18962,22.47221,18.97367,20.24846,18.38478,19.72308,13.89244,12.80625,12.80625,13.0,11.18034,9.84886,10.77033,8.94427,10.04988,10.19804,9.05539,7.0,48.27007,51.73973,51.73973,55.17246,53.8145,59.03389,53.60037,58.00862,60.80296,61.61169,65.45991,63.00794,64.07027,65.0,64.3506,64.89992,68.7968,64.66065,68.50547,64.3506,66.03787,68.26419,66.03787,68.8186,69.06519,68.41053,62.20129,67.20119,64.03124,67.17887,61.7171,65.06919,65.8559,65.06919,67.17887,64.53681,66.21933,64.63745,65.80274,68.50547,65.45991,67.74216,68.26419,67.23095,64.00781,66.64083,64.49806,65.29931,63.56099,65.39113,65.9242,63.69458,64.2573,60.53924,63.89053,63.60031,60.72891
10.0,10.0,9.0,9.0,9.05539,9.05539,9.05539,9.05539,9.05539,8.06226,9.21954,9.21954,8.24621,8.24621,8.24621,8.24621,8.24621,8.24621,8.24621,8.24621,7.28011,8.24621,7.07107,7.28011,7.07107,7.07107,7.07107,7.0,6.0,6.0,6.08276,6.08276,5.09902,5.09902,5.09902,5.09902,4.47214,4.47214,3.60555,3.60555,3.60555,3.60555,2.82843,2.82843,2.82843,2.23607,2.23607,2.23607,2.23607,2.23607,2.23607,2.0,54.70832,50.0,51.66237,55.7853,52.61179,50.48762,46.69047,50.24938,47.38143,52.08647,50.01,49.0102,48.01042,47.09565,49.16299,47.26521,46.17359,42.29657,42.42641,43.10452,46.38965,43.28972,43.41659,39.62323,40.4475,41.4367,41.30375,38.32754,39.05125,40.0125,38.11824,38.0,37.21559,32.14032,35.0571,28.28427,27.89265,27.29469,26.92582,25.63201,25.94224,21.9545,19.72308,17.02939,14.86607,19.10497,16.27882,11.6619,14.21267,13.45362,11.18034,10.77033,7.28011,12.0,7.07107,7.0,8.06226,51.62364,53.15073,52.49762,52.00961,54.20332,52.20153,56.85948,56.61272,60.20797,60.74537,61.05735,63.28507,61.29437,65.0,61.77378,65.76473,66.24198,63.50591,66.24198,68.0,65.8635,65.76473,63.52952,65.36819,66.7308,68.26419,65.19202,64.89992,62.96825,66.85058,62.80127,68.41053,62.482,65.8559,66.48308,61.55485,66.48308,65.11528,65.29931,65.43699,65.43699,66.4003,67.00746,68.00735,66.28725,68.50547,67.95587,66.03787,66.37017,65.51336,63.28507,60.82763,63.52952,60.82763,62.64982,62.24147,60.83584
9.89949,9.89949,9.21954,9.21954,9.21954,9.21954,8.60233,8.60233,8.60233,8.06226,8.60233,8.60233,8.06226,8.06226,8.06226,8.06226,8.06226,8.06226,7.61577,7.61577,7.2111,7.2111,7.2111,7.2111,7.2111,7.2111,6.40312,6.40312,5.65685,6.40312,5.65685,5.0,5.0,4.47214,4.47214,4.47214,4.12311,3.16228,4.12311,3.0,3.0,3.0,3.0,3.16228,3.16228,3.16228,2.23607,2.23607,2.23607,2.23607,2.23607,2.23607,55.97321,50.9902,55.17246,52.34501,48.83646,47.50789,48.9183,51.08816,49.0408,48.41487,47.70744,49.73932,44.40721,45.17743,44.41846,45.27693,46.95743,44.29447,44.72136,43.56604,45.61798,42.05948,41.59327,41.14608,39.39543,38.91015,39.81206,38.48376,38.94868,37.73592,36.89173,38.01316,34.4093,32.01562,30.41381,31.82766,27.58623,29.06888,25.4951,28.30194,21.9545,24.16609,19.23538,16.12452,18.43909,15.13275,16.0,15.29706,12.36932,11.18034,11.18034,10.77033,8.06226,9.43398,7.81025,8.60233,9.21954,49.24429,53.36666,53.93515,54.74486,54.45181,56.32051,56.32051,61.13101,60.03332,59.03389,61.03278,62.03225,66.00758,64.03124,65.00769,63.12686,68.11755,66.27217,65.00769,66.06815,66.00758,69.00725,64.03124,65.00769,65.00769,66.0303,66.0303,67.0,65.00769,68.18358,60.40695,66.75328,62.96825,66.09841,67.26812,65.51336,66.21933,66.94027,65.78754,67.41662,69.89278,62.62587,69.64194,66.70832,67.62396,67.23095,65.30697,68.0,67.08204,65.29931,63.28507,61.40033,63.13478,58.59181,62.96825,62.42596,61.03278
9.48683,9.48683,9.48683,9.48683,9.48683,8.544,8.94427,8.94427,8.94427,8.94427,8.94427,8.94427,8.06226,8.06226,8.60233,8.06226,8.06226,8.06226,8.60233,8.06226,8.06226,8.06226,7.2111,8.06226,8.06226,6.7082,6.7082,6.7082,6.7082,6.32456,6.32456,6.32456,5.09902,5.09902,5.0,5.0,4.0,4.0,4.0,3.0,3.0,3.16228,2.23607,2.23607,2.23607,2.23607,2.23607,1.41421,2.23607,1.41421,1.41421,1.41421,55.57877,53.75872,52.88667,50.69517,51.5461,50.32892,52.55473,50.32892,47.92703,49.24429,47.41308,47.01064,44.77723,45.79301,48.02083,45.65085,47.01064,47.20169,45.48626,44.40721,44.04543,43.82921,41.7732,45.60702,41.6173,40.60788,39.11521,39.40812,41.04875,36.89173,34.88553,38.47077,36.24914,34.0,30.8707,30.67572,29.73214,30.08322,29.27456,23.02173,19.0263,20.02498,20.0,21.0238,17.02939,15.52417,12.64911,15.81139,12.52996,11.6619,13.60147,9.43398,10.44031,7.81025,9.21954,8.544,8.06226,50.15974,49.65884,50.53712,53.23533,52.15362,53.25411,54.3783,56.0803,58.82176,59.90826,58.60034,62.20129,62.68174,63.24555,64.2028,66.8431,66.8431,63.89053,63.82006,65.60488,67.80118,66.4003,65.60488,64.40497,65.80274,66.85058,65.80274,63.51378,62.96825,64.88451,63.06346,64.41273,63.97656,62.24147,63.15853,63.69458,64.51356,63.56886,63.06346,68.88396,65.80274,65.11528,66.28725,67.26812,63.95311,67.47592,65.30697,67.18631,64.19502,64.19502,64.28063,61.0082,62.0,59.00847,64.0,61.03278,57.14018
9.21954,9.21954,9.21954,9.21954,8.544,9.48683,8.544,8.544,8.544,8.544,8.544,8.94427,8.06226,8.06226,7.61577,8.06226,8.06226,7.61577,8.06226,7.61577,7.61577,6.7082,6.7082,6.7082,6.7082,6.7082,6.32456,6.32456,6.32456,6.08276,6.08276,6.0,5.0,5.0,5.0,5.0,4.12311,4.12311,3.16228,3.16228,3.16228,3.16228,2.82843,2.82843,2.82843,2.82843,2.82843,2.23607,2.23607,2.23607,2.23607,2.23607,53.03772,53.08484,52.15362,55.00909,53.03772,54.08327,51.24451,48.6621,47.85394,49.36598,48.6621,46.57252,51.1957,46.32494,47.53946,47.43416,44.92215,46.8188,43.32436,44.64303,46.17359,44.94441,42.15448,42.15448,37.33631,39.92493,40.80441,38.60052,37.94733,41.23106,37.36308,38.07887,32.55764,33.24154,35.22783,27.07397,30.0,26.1725,29.27456,24.18677,25.96151,23.5372,19.92486,18.38478,18.35756,14.42221,13.60147,13.60147,12.72792,12.04159,12.52996,12.72792,8.94427,8.544,9.21954,8.544,8.06226,49.64877,51.40039,51.22499,53.75872,54.48853,54.45181,54.45181,56.58622,60.1415,60.20797,58.25805,59.5483,63.03174,63.89053,65.19202,63.00794,64.66065,63.25346,64.03124,64.03124,63.12686,66.8431,66.48308,66.21933,66.06815,65.94695,66.6033,65.05382,60.82763,62.24147,60.959,61.6198,66.8431,64.2028,64.40497,65.19202,68.26419,66.28725,65.73431,64.84597,66.18912,66.64083,68.44706,68.02941,64.62198,63.24555,62.62587,67.35726,65.78754,64.51356,62.62587,62.36185,61.84658,61.13101,59.66574,60.20797,59.22837
10.19804,10.19804,10.04988,10.04988,9.05539,10.04988,10.0,9.0,9.0,9.0,9.0,9.0,9.0,9.0,9.0,9.05539,9.05539,8.06226,8.06226,8.0,8.06226,8.0,8.06226,8.06226,8.0,8.0,7.0,7.07107,7.07107,6.08276,6.32456,6.32456,6.32456,5.38516,5.38516,4.47214,4.47214,5.0,4.24264,4.24264,3.60555,3.60555,2.82843,2.82843,2.82843,2.23607,2.23607,2.23607,2.23607,2.0,2.23607,2.0,52.83938,52.35456,52.39275,51.26402,53.75872,49.98,52.20153,49.0408,46.57252,47.85394,49.49747,46.69047,46.38965,45.39824,47.38143,47.16991,47.16991,43.28972,41.0,47.01064,45.01111,47.01064,40.0,41.01219,42.29657,37.12142,42.0,41.19466,38.20995,38.20995,37.12142,38.47077,35.69314,31.32092,34.52535,31.62278,26.92582,30.46309,25.94224,25.05993,24.18677,23.85372,21.26029,19.84943,16.40122,16.97056,14.21267,14.42221,13.89244,13.92839,7.61577,10.44031,12.0,11.04536,10.04988,8.0,8.06226,51.10773,47.88528,53.23533,52.0,57.38467,53.48832,55.15433,57.38467,59.13544,61.03278,62.93648,61.98387,64.56005,63.32456,62.0967,64.03124,63.56099,66.94027,62.64184,64.56005,64.56005,64.84597,67.35726,63.89053,65.52099,65.80274,65.78754,63.56886,66.85058,60.16644,62.64982,62.64982,64.84597,65.0,65.0,64.3506,65.73431,65.21503,65.45991,64.2028,62.00806,71.06335,66.52819,67.89698,63.65532,67.17887,65.79514,67.17887,63.12686,66.8431,60.959,64.53681,63.41136,60.46487,63.24555,56.0357,60.20797
8.60233,8.60233,9.21954,8.48528,8.48528,8.48528,8.48528,8.48528,8.48528,7.81025,8.48528,7.81025,7.81025,7.81025,7.81025,7.81025,7.81025,7.81025,7.2111,7.2111,7.2111,7.2111,7.07107,6.40312,6.40312,7.07107,7.07107,6.40312,5.0,5.83095,5.0,5.0,5.0,4.47214,5.38516,5.09902,4.12311,4.0,4.0,3.0,4.0,3.0,3.16228,3.16228,3.16228,2.23607,2.23607,2.23607,2.23607,1.41421,2.82843,2.23607,51.88449,50.53712,52.47857,51.62364,51.10773,49.09175,49.20366,52.00961,49.57822,47.63402,48.79549,46.8615,46.66905,47.38143,47.38143,44.04543,45.45327,39.62323,42.80187,43.18565,44.20407,46.2277,38.41875,41.88078,39.62323,39.69887,41.10961,37.64306,36.87818,41.72529,39.62323,35.35534,36.12478,33.24154,33.6006,29.83287,30.80584,26.83282,25.94224,25.96151,25.96151,22.80351,19.23538,19.23538,18.24829,20.0,15.29706,13.0384,15.13275,15.52417,12.08305,11.6619,9.21954,10.81665,7.07107,9.43398,7.61577,49.16299,50.35871,51.35173,54.45181,54.34151,54.57105,56.51548,59.77458,59.66574,61.03278,61.03278,63.60031,63.24555,64.51356,65.14599,66.09841,67.05222,66.85058,65.14599,66.09841,64.84597,64.19502,66.7308,68.30813,67.06713,68.68042,63.60031,65.80274,64.03124,64.13267,61.66036,63.63961,64.62971,68.18358,66.27217,66.18912,66.0303,67.00746,65.03076,67.06713,65.27634,70.45566,68.593,69.35416,68.593,70.03571,67.89698,65.11528,64.53681,65.25335,63.78871,64.28841,62.0967,64.84597,62.93648,57.87055,56.04463
8.0,8.06226,8.06226,8.06226,8.06226,8.06226,8.06226,7.28011,7.28011,7.28011,7.28011,7.61577,7.61577,7.61577,7.61577,7.61577,7.61577,6.32456,6.7082,6.7082,6.7082,6.32456,6.32456,6.7082,6.32456,5.38516,6.08276,5.09902,5.09902,5.09902,5.09902,5.0,5.0,4.0,4.12311,3.16228,3.16228,3.16228,3.16228,2.23607,2.82843,2.82843,2.82843,2.23607,2.23607,2.23607,2.0,2.23607,2.0,2.0,2.0,2.0,54.81788,50.21952,52.7731,53.15073,48.50773,50.08992,49.25444,51.0,45.01111,48.01042,47.04253,45.17743,49.09175,46.04346,45.04442,43.28972,47.16991,44.40721,45.54119,42.19005,45.39824,40.4475,42.57934,41.0,37.65634,39.31921,38.32754,41.30375,38.47077,39.31921,34.0147,40.0,36.22154,33.01515,29.15476,30.59412,30.41381,29.15476,26.68333,23.25941,24.59675,21.47091,22.47221,19.23538,19.10497,14.86607,16.27882,14.86607,13.0384,11.40175,11.40175,9.21954,9.84886,9.05539,10.04988,10.04988,9.43398,48.16638,51.66237,52.49762,54.40588,52.80152,56.85948,56.60389,59.36329,61.91123,57.14018,64.88451,65.36819,64.49806,62.64982,64.00781,63.50591,70.21396,64.00781,70.71068,66.64833,67.23095,67.1193,65.36819,68.96376,65.76473,65.19202,61.77378,65.73431,64.07027,67.42403,59.03389,65.60488,63.89053,63.03174,68.0147,64.44377,64.3506,64.3506,66.6033,67.47592,67.62396,63.25346,70.80254,65.80274,67.42403,68.7968,66.88797,65.0,66.37017,65.0,65.76473,64.00781,62.17717,59.48109,61.84658,62.24147,60.53924
9.48683,9.48683,9.48683,9.48683,9.48683,9.21954,9.21954,9.21954,9.21954,9.21954,9.05539,9.05539,8.06226,8.06226,8.06226,8.06226,8.0,8.0,8.06226,8.06226,8.06226,8.06226,7.07107,7.07107,7.07107,7.07107,7.07107,7.07107,6.32456,6.32456,6.32456,5.83095,5.83095,5.83095,5.0,5.0,4.47214,4.24264,4.24264,4.24264,3.60555,2.82843,3.60555,2.23607,2.23607,2.23607,2.23607,2.23607,2.23607,2.0,2.0,2.0,53.00943,50.60632,51.86521,51.62364,52.83938,48.75449,49.1935,52.3259,47.01064,48.70318,48.10405,49.33559,48.38388,48.38388,47.43416,44.92215,48.08326,43.9659,45.12206,44.72136,47.16991,44.91102,41.4367,43.73786,40.79216,40.26164,39.62323,41.0,37.36308,40.26164,38.60052,37.64306,35.17101,32.20248,31.62278,31.06445,29.15476,28.30194,29.83287,24.41311,23.32381,23.34524,21.40093,20.0,17.49286,17.0,14.42221,13.34166,13.0384,13.34166,11.18034,12.0,11.04536,11.40175,11.40175,8.24621,8.60233,51.07837,49.64877,52.49762,52.63079,54.34151,56.29387,56.7186,56.7186,59.68249,60.01666,60.53098,59.3043,64.49806,64.38167,62.39391,64.38167,66.1211,61.13101,65.37584,66.18912,65.27634,66.1211,64.62971,65.19202,64.38167,66.75328,63.15061,61.81424,62.80127,62.58594,61.98387,63.06346,65.52099,65.14599,62.93648,63.69458,64.4748,65.30697,65.74192,67.1193,65.29931,66.7308,66.28725,66.88797,66.28725,66.0303,65.80274,65.60488,67.35726,62.62587,64.66065,63.70243,64.03124,58.0,61.6198,56.58622,60.81118
8.94427,9.43398,8.60233,9.43398,8.60233,8.60233,8.60233,8.60233,8.60233,7.81025,8.60233,7.81025,8.48528,7.81025,7.81025,7.81025,8.48528,7.81025,7.07107,7.07107,7.07107,7.07107,7.07107,7.07107,7.07107,7.2111,7.2111,5.83095,5.83095,5.83095,5.38516,5.38516,5.38516,5.09902,5.09902,5.09902,4.0,4.0,4.0,3.0,3.16228,3.16228,3.16228,3.16228,3.16228,2.23607,2.23607,2.82843,2.23607,2.23607,2.23607,2.23607,51.47815,51.62364,57.00877,50.21952,51.86521,51.86521,49.39636,51.26402,47.42362,51.07837,49.24429,46.95743,49.64877,46.95743,43.82921,45.65085,44.94441,46.61545,44.40721,43.01163,45.80393,42.43819,41.40048,42.80187,38.83298,40.60788,38.83298,40.49691,40.49691,38.94868,39.35734,35.8469,33.61547,34.0,32.89377,30.67572,29.41088,26.92582,26.4764,28.28427,24.0,24.02082,19.23538,20.09975,16.49242,15.81139,17.46425,12.64911,12.52996,13.0384,12.04159,13.45362,9.21954,8.06226,9.43398,10.0,9.48683,50.15974,50.69517,51.07837,55.47071,53.7122,56.60389,56.93856,55.75841,61.29437,56.85948,59.40539,62.20129,64.07027,63.60031,64.03124,62.20129,66.4003,64.03124,65.80274,65.60488,65.60488,65.80274,64.40497,63.82006,65.80274,65.0,64.3506,66.03787,60.90156,68.0,62.26556,65.29931,62.24147,63.56099,67.77905,64.84597,62.96825,66.09841,64.28841,65.73431,67.46851,65.9242,71.19691,65.9242,67.47592,61.52235,66.09841,66.37017,65.06919,64.12488,66.1211,66.0303,65.06919,61.0,62.0,62.07254,59.07622
9.05539,9.21954,9.21954,9.21954,8.24621,8.24621,8.544,8.544,8.544,8.544,8.544,8.94427,7.61577,7.61577,7.61577,8.06226,8.06226,8.06226,8.06226,7.2111,6.7082,7.61577,8.06226,6.7082,6.7082,6.7082,6.7082,6.32456,6.32456,5.38516,5.09902,5.09902,5.09902,4.0,4.12311,4.0,3.0,3.0,3.16228,2.23607,2.23607,2.23607,2.23607,1.41421,1.41421,1.41421,1.41421,1.0,1.0,1.0,1.0,1.0,55.00909,51.08816,56.0357,52.34501,51.78803,52.63079,48.27007,50.44799,46.84015,50.69517,53.14132,49.0408,47.43416,45.22168,47.53946,46.95743,45.18849,42.94182,44.28318,45.79301,46.52956,45.61798,42.94182,40.24922,42.15448,41.62932,42.48529,40.71855,38.07887,38.01316,37.69615,38.27532,36.68787,33.95585,32.98485,32.38827,28.16026,31.0,28.01785,29.01724,22.09072,25.07987,19.92486,17.46425,15.81139,16.76305,15.29706,12.52996,14.42221,11.31371,11.40175,9.21954,8.06226,9.84886,9.43398,7.61577,7.0,48.8774,50.47772,52.43091,55.60576,54.81788,56.63921,58.79626,58.0517,59.39697,62.24147,60.82763,64.38167,62.24147,67.89698,66.48308,64.53681,67.26812,66.48308,67.89698,69.35416,66.6033,68.11755,67.20863,69.29646,67.17887,66.52819,67.94115,67.26812,66.52819,67.00746,65.0,67.00746,66.61081,67.42403,65.73431,65.51336,67.23095,66.64833,68.54196,67.1193,65.39113,68.00735,69.57011,70.83784,68.30813,69.57011,67.6757,65.80274,62.0967,61.84658,65.51336,63.56099,64.53681,59.43904,59.5399,61.52235,58.69412
8.0,8.06226,8.06226,8.06226,8.06226,8.06226,7.07107,7.28011,7.28011,7.28011,7.28011,7.28011,7.61577,7.61577,7.61577,7.61577,6.7082,6.32456,6.7082,6.32456,6.7082,6.32456,6.32456,6.7082,6.32456,6.32456,6.08276,6.08276,5.09902,5.0,5.0,5.0,4.0,4.0,4.12311,3.16228,3.16228,3.16228,3.16228,2.23607,2.82843,2.82843,2.82843,2.23607,2.23607,2.23607,2.23607,2.0,2.0,2.0,2.0,2.0,53.85165,52.63079,53.60037,49.36598,51.24451,49.09175,49.0102,50.24938,46.0,45.04442,48.09366,47.85394,46.27094,44.55334,44.28318,44.55334,45.54119,43.17407,45.60702,43.17407,40.79216,41.0,42.05948,40.80441,40.5216,39.84972,34.9285,40.26164,39.56008,38.47077,37.65634,35.22783,38.11824,33.24154,27.0,28.07134,30.0,29.0,29.42788,24.5153,22.80351,17.46425,22.13594,17.0,19.72308,15.6205,14.14214,12.04159,12.72792,10.81665,10.81665,8.544,9.43398,9.84886,13.0,8.0,8.544,52.00961,53.00943,53.82379,54.91812,54.20332,56.82429,58.30952,58.30952,55.9464,57.3062,61.32699,62.64982,63.07139,64.40497,65.0,64.2573,64.2573,64.07808,65.30697,64.84597,64.41273,68.88396,68.42514,66.18912,62.17717,63.50591,63.52952,65.0,62.96825,64.3506,61.29437,65.60488,63.78087,67.26812,65.76473,66.52819,62.93648,65.76473,67.26812,68.0147,68.76772,63.41136,69.02898,68.60029,65.45991,65.19202,64.3506,66.64833,68.42514,64.49806,66.7308,64.41273,62.17717,57.27128,64.07808,64.62198,61.35145
10.19804,10.19804,10.04988,10.19804,9.05539,10.04988,10.04988,9.0,9.0,9.0,9.0,9.0,9.0,8.0,9.0,9.0,9.05539,8.0,8.0,8.0,8.0,8.0,8.0,8.0,8.0,8.0,7.07107,7.07107,7.07107,6.32456,6.32456,6.32456,5.83095,5.38516,4.47214,5.0,5.0,4.24264,4.24264,4.24264,3.60555,3.60555,3.60555,3.60555,2.82843,2.23607,2.23607,2.23607,2.23607,2.0,2.0,2.0,54.58938,55.9464,54.626,53.31041,49.76947,50.59644,48.76474,48.76474,44.92215,48.08326,49.0306,47.85394,46.87217,44.55334,47.38143,48.04165,45.27693,45.27693,44.10215,43.10452,46.04346,43.18565,45.09989,42.19005,39.45884,40.60788,41.30375,40.1995,38.47077,37.33631,39.45884,36.87818,35.17101,33.52611,33.83785,30.8707,29.52965,27.313,28.01785,21.09502,24.41311,25.0,21.26029,20.80865,18.43909,19.72308,13.60147,17.0,14.76482,12.08305,11.40175,10.04988,10.04988,11.04536,9.0,7.28011,8.24621,49.92995,50.47772,50.24938,53.23533,54.12024,56.0803,54.626,58.30952,57.38467,59.61543,61.09828,63.24555,62.96825,61.68468,65.45991,64.28841,67.05222,65.80274,68.62215,67.44627,64.84597,61.68468,63.60031,66.7308,64.84597,64.62198,63.32456,65.39113,65.0,64.88451,61.7171,66.64083,65.74192,62.26556,64.3506,62.1289,64.40497,64.2028,64.2028,61.7171,65.43699,66.52819,65.94695,63.65532,64.3506,70.00714,65.76473,65.79514,64.44377,63.03174,62.36986,62.62587,63.03174,59.81639,60.0,57.42822,56.61272
9.05539,9.05539,9.0,9.0,9.0,9.0,9.05539,9.05539,9.0,8.06226,8.06226,9.05539,8.24621,9.21954,8.06226,8.24621,8.24621,8.24621,8.24621,8.24621,8.06226,8.06226,7.07107,7.28011,8.06226,7.07107,7.07107,7.0,7.0,6.0,6.0,6.0,5.09902,5.09902,4.12311,4.12311,4.12311,4.12311,3.16228,3.16228,2.23607,2.82843,2.23607,2.23607,1.41421,1.41421,1.41421,1.41421,1.41421,1.41421,1.0,1.0,52.0,52.0,51.24451,50.59644,50.21952,50.01,51.1957,49.64877,51.15662,45.17743,47.26521,46.27094,46.17359,47.04253,44.0,46.17359,49.0408,47.01064,43.01163,43.04649,43.18565,43.10452,46.27094,41.04875,44.10215,39.11521,41.04875,41.10961,40.31129,38.0526,38.0526,35.0,38.11824,34.1321,33.13608,31.7805,30.59412,29.83287,27.20294,28.23119,26.83282,22.36068,18.78829,17.20465,17.69181,17.69181,14.42221,17.80449,12.20656,10.44031,11.18034,7.61577,9.21954,8.06226,9.05539,9.0,8.06226,51.61395,49.73932,53.23533,51.89412,53.66563,54.12947,55.71355,57.77543,59.23681,60.92618,60.16644,60.74537,64.07808,63.90618,62.93648,62.93648,63.24555,63.89053,62.93648,64.56005,65.45991,68.30813,64.84597,64.62198,64.2573,61.09828,65.19202,65.0,60.92618,64.40497,62.17717,60.53924,63.63175,65.19202,66.57327,63.51378,63.41136,63.25346,64.38167,65.79514,64.38167,65.76473,62.93648,68.0147,63.78087,66.52819,64.53681,62.482,65.43699,64.03124,62.20129,62.1289,62.68174,58.24946,61.77378,59.36329,60.37384
10.19804,10.19804,9.21954,9.21954,9.21954,9.48683,9.48683,9.48683,9.48683,8.544,9.84886,8.544,8.94427,8.94427,8.06226,8.94427,8.06226,8.06226,8.06226,8.06226,7.61577,7.61577,8.06226,7.61577,7.61577,7.61577,7.61577,6.32456,6.32456,6.32456,6.08276,6.08276,5.0,5.0,5.0,5.0,5.0,4.12311,4.12311,4.12311,3.16228,3.16228,3.60555,3.60555,2.82843,2.82843,2.82843,2.82843,2.82843,2.23607,2.23607,2.23607,53.60037,53.23533,54.03702,53.00943,53.08484,52.03845,48.09366,49.25444,47.51842,48.50773,51.47815,48.6621,49.0306,45.12206,46.17359,47.43416,46.17359,42.05948,44.59821,45.22168,44.64303,41.78516,40.8534,43.9659,38.60052,40.5216,39.0,39.56008,37.33631,38.8973,37.85499,37.65634,33.54102,34.52535,35.51056,29.06888,30.01666,29.06888,27.16616,27.16616,24.5153,23.08679,18.97367,18.78829,17.46425,18.86796,15.23155,13.45362,13.60147,14.86607,12.04159,10.63015,9.84886,7.61577,11.7047,7.28011,7.07107,50.0,51.08816,52.40229,53.75872,55.86591,54.45181,54.40588,54.81788,59.81639,57.31492,60.30755,61.22091,64.66065,63.89053,64.2028,65.60488,66.85058,63.82006,66.06815,63.82006,63.24555,66.85058,63.41136,64.81512,65.60488,65.06919,64.44377,65.19202,63.03174,60.87693,62.93648,62.96825,63.70243,62.28965,62.24147,64.66065,61.85467,65.0,64.14047,64.88451,65.8635,64.88451,66.64083,66.64833,63.69458,67.54258,65.30697,65.55151,64.4748,62.39391,62.62587,64.19502,62.93648,62.93648,60.82763,60.16644,55.02727
9.84886,9.84886,9.48683,9.84886,8.544,8.544,9.48683,9.21954,9.21954,8.24621,8.24621,8.24621,8.24621,8.24621,8.24621,8.06226,8.06226,8.06226,8.06226,8.06226,7.28011,8.24621,7.07107,8.24621,7.28011,7.28011,7.28011,6.7082,6.7082,6.32456,5.83095,5.83095,5.83095,5.0,5.0,5.0,4.24264,4.24264,3.60555,3.60555,3.60555,3.60555,3.16228,3.16228,2.23607,2.23607,2.23607,2.23607,2.0,2.0,2.0,2.0,53.85165,55.9017,51.88449,52.7731,51.07837,51.24451,48.8467,51.26402,47.12749,49.47727,51.41984,48.6621,49.49747,44.64303,49.49747,47.04253,43.41659,44.40721,48.25971,44.40721,47.04253,44.18144,44.55334,43.18565,40.4475,42.29657,42.42641,40.60788,41.59327,40.4475,39.81206,37.36308,38.32754,34.17601,35.73514,29.52965,31.7805,29.15476,27.01851,22.47221,23.02173,21.2132,21.26029,19.84943,18.86796,16.40122,14.76482,15.23155,13.0384,11.40175,11.40175,10.19804,12.04159,9.21954,12.36932,7.28011,8.24621,52.20153,52.69725,53.7122,55.47071,54.12024,56.36488,56.36488,57.77543,60.00833,57.93962,61.35145,61.09828,65.19202,64.56005,65.14599,63.89053,69.26038,64.84597,66.7308,64.84597,65.80274,68.62215,67.35726,67.35726,64.51356,66.48308,65.0,65.19202,65.55151,64.07808,61.32699,66.64833,66.18912,63.63175,64.66065,66.03787,64.40497,67.00746,69.6563,66.21933,67.62396,68.0147,66.52819,69.35416,65.79514,65.06919,65.76473,67.26812,65.11528,67.26812,65.19202,64.44377,63.12686,63.60031,62.00806,64.2028,61.7171
9.84886,9.43398,9.43398,9.43398,9.43398,8.60233,9.21954,8.60233,9.21954,9.21954,8.60233,8.48528,9.21954,8.48528,8.48528,8.48528,8.48528,8.48528,7.81025,8.48528,8.48528,7.81025,7.81025,8.48528,7.81025,7.07107,6.40312,7.81025,6.40312,5.83095,5.83095,5.83095,5.83095,5.38516,5.38516,4.47214,4.12311,4.12311,4.12311,4.12311,3.0,3.0,3.0,2.0,2.0,2.0,2.23607,2.0,2.23607,2.23607,1.41421,1.41421,54.12024,53.75872,48.38388,49.64877,52.80152,45.61798,56.36488,48.30114,49.64877,47.50789,47.43416,44.94441,46.40043,46.40043,44.68781,45.45327,47.01064,44.04543,46.09772,45.45327,43.86342,45.34314,41.03657,41.72529,41.7732,43.86342,43.86342,41.10961,39.05125,38.41875,38.41875,36.61967,39.40812,32.44996,34.1321,32.64966,33.10589,28.23119,27.51363,23.76973,24.04163,22.09072,21.0,21.0238,19.10497,15.0333,13.15295,16.49242,12.36932,11.18034,11.40175,10.81665,9.84886,8.48528,7.2111,5.83095,7.28011,52.20153,46.48656,53.48832,50.15974,56.36488,50.53712,54.12024,54.56189,60.90156,60.20797,59.5399,59.68249,60.74537,63.51378,62.68174,64.3506,61.29437,68.24222,61.29437,61.58734,64.3506,67.41662,67.41662,62.76942,64.14047,66.24198,64.88451,59.5399,67.54258,59.61543,63.07139,60.53924,63.56886,63.24555,64.19502,65.0,65.51336,62.36986,66.09841,66.61081,63.78871,65.12296,62.1289,70.25667,57.07889,67.00746,64.00781,63.00794,66.00758,69.00725,63.0,62.07254,55.14526,59.4138,61.81424,55.44367,61.98387
9.84886,8.94427,9.43398,9.43398,9.43398,9.43398,9.43398,8.60233,8.60233,8.60233,8.60233,9.21954,9.21954,9.21954,8.48528,9.21954,8.48528,8.48528,8.48528,8.48528,8.48528,7.81025,7.81025,7.81025,7.81025,7.81025,7.2111,7.2111,7.2111,6.7082,6.7082,6.7082,5.38516,5.38516,5.09902,5.09902,4.12311,4.12311,4.12311,4.0,3.0,3.0,3.0,2.23607,2.0,2.23607,2.23607,2.23607,2.23607,2.23607,1.41421,1.41421,55.08176,50.9902,53.15073,51.1957,51.41984,50.96077,50.92151,49.64877,46.8188,47.85394,45.18849,45.27693,45.79301,44.29447,45.65085,44.10215,46.14109,46.64762,45.22168,42.43819,43.26662,43.82921,43.01163,45.79301,43.82921,40.81666,38.60052,38.83298,39.44617,38.47077,40.31129,34.88553,37.33631,36.76955,30.67572,31.62278,29.83287,29.12044,27.65863,25.07987,24.08319,22.02272,21.0238,22.0,21.0238,16.49242,17.46425,15.23155,12.52996,12.80625,10.77033,9.43398,12.04159,9.21954,9.43398,9.43398,10.0,49.64877,49.39636,52.35456,54.91812,54.91812,54.6443,55.80323,54.6443,57.62812,55.60576,57.62812,61.84658,63.89053,65.29931,63.12686,63.70243,65.19202,61.55485,63.03174,65.11528,64.53681,66.06815,61.7171,63.89053,63.78087,65.0,63.25346,59.81639,60.60528,61.58734,61.85467,62.26556,65.29931,63.97656,63.15853,64.88451,60.00833,63.56886,63.90618,65.14599,65.80274,64.7611,66.4906,67.18631,61.61169,67.74216,63.15061,61.52235,65.76473,63.95311,64.77654,60.53098,62.1289,55.08176,61.29437,57.07889,56.0357
8.94427,8.94427,8.544,8.94427,8.544,8.544,8.24621,8.24621,8.24621,8.24621,8.06226,8.06226,8.06226,8.06226,8.06226,7.07107,8.06226,7.07107,7.07107,7.07107,7.07107,7.07107,7.07107,7.07107,7.07107,7.07107,6.08276,6.32456,6.32456,5.38516,5.38516,4.47214,5.0,4.47214,3.60555,3.60555,2.82843,3.60555,3.60555,2.23607,2.23607,2.23607,2.0,2.0,1.0,1.0,1.41421,1.41421,1.41421,1.41421,1.41421,1.41421,50.9902,50.91169,51.73973,48.9183,52.49762,48.60041,46.87217,45.48626,44.94441,47.50789,47.88528,46.95743,46.52956,42.94182,45.61798,46.09772,46.09772,39.92493,43.32436,42.37924,41.23106,42.72002,41.78516,41.62932,37.69615,38.62642,37.33631,37.94733,38.07887,37.16181,35.77709,34.88553,34.98571,33.28663,32.24903,30.0,31.82766,29.0,26.90725,25.6125,20.51828,19.20937,20.61553,20.61553,18.78829,16.49242,15.81139,14.31782,11.18034,12.04159,11.04536,8.06226,9.48683,10.29563,7.2111,7.81025,7.07107,52.17279,50.35871,49.25444,54.14795,56.32051,56.00893,56.0357,58.00862,58.13777,59.00847,60.07495,62.28965,66.1211,64.19502,63.12686,64.38167,69.35416,66.18912,65.37584,64.49806,64.28063,63.50591,64.49806,65.12296,63.12686,65.19202,62.1289,65.00769,65.03076,64.00781,63.1981,64.12488,64.38167,64.62971,63.63961,62.96825,63.32456,63.06346,65.96969,65.14599,63.60031,65.0,65.0,66.30988,64.88451,70.26379,61.7414,63.97656,65.79514,60.37384,61.29437,62.64982,64.14047,61.05735,56.85948,56.60389,58.60034
8.94427,8.544,8.544,8.544,8.544,8.24621,8.24621,8.24621,8.24621,8.06226,8.06226,8.06226,8.0,8.0,7.07107,8.06226,7.0,7.07107,7.0,7.0,7.0,7.07107,7.07107,7.0,7.07107,7.07107,6.08276,6.08276,6.08276,5.38516,5.38516,5.38516,4.47214,5.0,5.0,4.24264,4.24264,4.24264,2.82843,3.60555,3.16228,3.16228,3.16228,3.16228,3.0,3.0,3.0,2.0,2.0,2.23607,2.23607,2.23607,55.47071,54.70832,55.00909,50.56679,47.53946,48.10405,51.24451,49.64877,52.20153,47.53946,46.84015,47.07441,48.05206,46.38965,46.69047,44.55334,46.09772,45.04442,42.29657,43.04649,42.10701,43.41659,43.01163,43.0,40.04997,41.10961,43.18565,40.1995,37.12142,37.48333,37.85499,36.13862,35.51056,33.95585,34.78505,33.24154,29.15476,29.41088,29.54657,23.85372,25.80698,24.75884,19.79899,19.84943,19.41649,20.24846,14.31782,14.76482,13.92839,13.15295,13.0,12.16553,6.0,8.06226,10.04988,8.06226,7.2111,52.43091,53.7122,54.20332,54.12947,57.00877,55.54278,54.626,61.68468,60.16644,63.56886,63.89053,68.30813,68.00735,65.78754,61.68468,66.76077,68.41053,65.73431,68.94926,63.56886,66.4906,69.89278,72.8011,68.00735,68.62215,64.84597,67.05222,64.56005,65.79514,66.30988,67.1193,68.09552,63.28507,68.26419,64.14047,63.81222,66.0303,68.24222,67.00746,65.43699,68.41053,67.94115,68.0147,70.83784,64.38167,69.31089,65.11528,67.94115,65.29931,66.52819,64.53681,66.06815,64.53681,61.22091,64.81512,63.82006,61.58734
9.84886,8.94427,8.94427,8.94427,8.94427,8.94427,9.43398,8.60233,8.60233,8.60233,8.60233,8.60233,8.60233,7.81025,7.81025,7.81025,7.81025,7.81025,7.81025,7.81025,7.81025,7.81025,7.81025,7.2111,7.2111,7.2111,7.2111,5.83095,5.38516,6.7082,5.38516,5.38516,5.09902,4.12311,4.12311,4.12311,4.0,3.0,3.0,2.0,2.0,2.23607,2.23607,2.23607,1.41421,1.41421,1.41421,1.41421,1.0,1.0,1.0,1.0,52.63079,49.24429,54.57105,50.28916,50.44799,50.28916,47.92703,49.65884,45.88028,47.53946,47.53946,49.39636,47.50789,44.41846,48.76474,44.94441,43.04649,41.34005,42.80187,45.80393,46.32494,42.72002,42.80187,41.40048,38.41875,40.0,40.0,37.73592,39.11521,40.70626,37.73592,38.94868,33.10589,32.69557,32.31099,30.08322,30.08322,27.65863,25.17936,28.07134,25.01999,22.02272,22.36068,18.24829,13.60147,17.72005,16.76305,12.52996,12.52996,11.6619,13.60147,10.63015,10.0,8.48528,8.94427,5.83095,9.84886,48.70318,49.98,49.39636,52.80152,55.4617,56.60389,55.47071,59.48109,57.98276,56.60389,59.90826,62.42596,61.03278,64.63745,64.89992,64.81512,68.00735,63.60031,67.20119,64.63745,64.40497,65.0,63.24555,64.63745,67.42403,64.3506,65.73431,64.49806,60.20797,66.7308,58.13777,63.52952,63.15853,62.96825,63.90618,63.32456,61.03278,66.09841,62.36185,65.0,64.7611,64.53681,65.51336,65.9242,66.09841,69.46222,63.3877,66.18912,63.1981,61.20457,59.3043,63.03174,61.07373,58.00862,62.0,57.03508,56.0
10.0,9.43398,9.43398,9.43398,9.43398,8.94427,8.94427,8.94427,8.94427,8.544,8.544,8.544,8.544,8.544,8.544,8.544,8.544,8.24621,8.544,7.61577,7.61577,7.61577,7.28011,7.61577,7.61577,7.61577,6.7082,7.2111,6.7082,5.83095,6.40312,6.40312,5.65685,5.65685,5.65685,5.0,4.24264,4.47214,3.60555,3.60555,3.60555,3.60555,3.16228,2.23607,2.23607,2.23607,2.0,2.0,2.0,2.0,2.0,1.0,54.20332,53.2635,51.73973,52.40229,49.51767,50.24938,52.34501,53.03772,48.16638,50.60632,49.20366,49.64877,49.64877,45.79301,47.16991,47.88528,44.29447,43.04649,43.04649,44.38468,45.61798,43.86342,47.85394,44.77723,42.94182,41.18252,40.71855,40.31129,40.70626,40.70626,38.07887,39.11521,36.87818,37.80212,35.0,35.38361,33.24154,30.80584,30.23243,25.55386,25.55386,24.59675,22.47221,22.36068,19.92486,19.31321,15.13275,18.02776,14.31782,12.04159,12.0,11.04536,11.18034,11.18034,9.43398,7.61577,9.21954,49.25444,51.08816,52.15362,56.00893,56.0357,57.07889,56.0803,58.21512,60.40695,58.21512,63.3877,61.81424,63.28507,65.62012,63.78871,65.9242,67.46851,61.39218,68.88396,64.53681,66.28725,68.06614,66.91039,66.48308,65.49046,67.18631,61.20457,65.27634,64.62971,64.03124,63.03174,66.0,64.12488,64.00781,64.19502,64.38167,65.11528,61.39218,66.94027,64.7611,65.96969,65.96969,68.41053,68.00735,66.40783,68.00735,67.41662,65.55151,62.24147,61.46544,63.56099,62.16912,63.50591,57.3062,59.5063,63.13478,57.3062
9.0,9.0,9.05539,9.05539,8.06226,8.06226,8.24621,8.24621,8.24621,8.24621,8.24621,8.24621,8.24621,7.28011,7.28011,8.544,7.61577,7.61577,7.61577,7.28011,7.28011,7.28011,7.28011,7.28011,7.28011,7.28011,6.08276,6.08276,6.08276,5.09902,5.0,5.0,5.09902,4.12311,4.12311,4.12311,3.16228,3.16228,3.16228,2.82843,2.23607,2.23607,1.41421,1.41421,1.41421,1.41421,1.0,1.0,2.0,1.0,1.0,1.41421,51.26402,53.16014,53.93515,51.24451,48.09366,51.47815,47.09565,49.16299,48.01042,49.0408,47.51842,48.37355,45.70558,45.39824,45.04442,47.38143,46.52956,44.28318,43.73786,43.41659,45.12206,43.41659,41.7732,43.73786,43.17407,41.7732,43.41659,40.4475,38.20995,39.45884,38.20995,38.11824,36.0,36.01389,33.01515,32.24903,31.40064,26.68333,27.20294,27.51363,23.34524,23.25941,20.80865,19.20937,18.43909,17.69181,14.86607,15.81139,10.63015,13.45362,8.94427,8.94427,11.18034,11.40175,13.0,10.19804,8.24621,50.44799,51.85557,52.80152,56.40035,56.0803,56.60389,55.22681,58.5235,61.40033,59.16925,62.17717,66.18912,67.1193,64.84597,66.21178,66.21178,65.30697,68.42514,66.64083,67.97794,68.47627,67.53518,68.42514,64.84597,66.70832,65.8635,66.24198,64.14047,64.66065,65.19202,66.85058,64.81512,64.66065,64.53681,65.06919,64.3506,68.593,68.593,63.70243,64.66065,64.53681,69.81404,66.8431,67.80118,66.85058,69.33974,66.03787,65.8635,62.76942,60.90156,61.40033,65.36819,60.41523,59.03389,64.00781,60.37384,57.24509
8.06226,8.06226,8.24621,8.24621,8.24621,8.24621,8.24621,7.28011,7.61577,7.61577,7.28011,7.61577,7.61577,7.61577,6.7082,7.61577,6.7082,6.7082,6.7082,6.7082,6.7082,6.7082,6.32456,6.7082,6.32456,6.32456,6.32456,6.32456,6.08276,5.09902,5.09902,5.0,5.0,4.0,4.12311,4.12311,3.16228,3.16228,3.16228,3.16228,2.82843,2.82843,2.82843,2.23607,2.23607,2.23607,2.23607,2.23607,2.0,2.0,2.0,2.0,55.14526,49.16299,53.03772,49.0408,48.04165,49.0408,45.27693,48.37355,48.16638,45.89118,44.72136,42.95346,44.38468,45.35416,44.64303,43.65776,44.92215,46.17359,43.32436,41.78516,43.65776,39.56008,41.23106,42.54409,43.32436,40.49691,39.39543,43.08132,38.27532,39.84972,36.05551,36.49658,34.9285,35.22783,30.26549,32.14032,32.01562,29.01724,28.16026,20.22375,20.22375,20.24846,21.58703,18.38478,18.78829,15.26434,15.81139,17.20465,10.81665,10.81665,10.29563,9.48683,10.29563,11.7047,9.21954,9.05539,11.0,48.82622,52.49762,51.22499,53.90733,53.07542,55.15433,56.58622,58.0,59.5483,59.66574,59.66574,60.30755,67.62396,64.81512,64.81512,64.2028,66.4003,66.85058,68.11755,66.06815,64.2028,66.21933,63.89053,66.21933,67.20119,62.96825,64.66065,64.53681,63.12686,68.593,60.10824,65.79514,65.29931,60.80296,65.21503,63.00794,61.91123,64.3506,64.66065,66.24198,68.26419,63.50591,67.08204,67.53518,66.30988,64.07808,64.07808,64.2573,62.62587,64.84597,64.51356,64.28841,61.84658,55.08176,62.0967,61.61169,57.87055
9.43398,9.43398,9.43398,9.43398,9.21954,8.60233,9.21954,8.60233,8.60233,8.48528,9.21954,8.48528,8.48528,8.48528,8.48528,7.81025,8.48528,8.48528,7.81025,7.81025,7.07107,7.07107,7.07107,7.07107,7.07107,7.81025,7.07107,6.40312,6.40312,6.40312,5.83095,5.83095,5.38516,5.38516,5.09902,5.09902,5.09902,4.0,4.0,4.0,4.0,3.0,3.16228,3.16228,3.16228,3.16228,3.16228,2.23607,2.23607,2.82843,2.82843,2.82843,54.12024,55.71355,52.0,52.92447,49.39636,48.75449,51.88449,51.10773,50.47772,48.25971,48.8774,45.22168,47.01064,47.20169,46.8615,47.01064,47.42362,43.86342,43.18565,46.2277,43.93177,46.01087,43.13931,41.03657,41.72529,39.59798,40.45986,40.60788,37.20215,39.40812,37.80212,35.35534,39.11521,33.61547,38.01316,32.20248,32.69557,31.38471,29.12044,29.83287,28.63564,27.01851,20.39608,19.0263,17.02939,20.09975,15.29706,14.86607,14.31782,15.65248,14.42221,13.0384,11.6619,9.43398,10.63015,10.29563,9.48683,50.35871,49.0306,56.51548,53.85165,59.20304,56.921,57.58472,59.61543,61.32699,63.15853,62.16912,65.76473,65.0,66.18912,64.4748,69.31811,63.50591,68.47627,65.74192,68.0,67.97794,67.97794,68.42514,67.53518,67.62396,66.70832,64.88451,61.84658,70.2282,61.68468,65.45991,62.93648,63.60031,64.03124,68.88396,64.53681,68.88396,68.26419,65.12296,65.06919,64.12488,68.11755,68.11755,70.02857,63.0,70.00714,64.00781,66.0303,68.18358,67.00746,63.78871,63.50591,60.29925,64.28063,64.32729,58.0517,62.64982
