type,id,mac,rssi,rate,sig_mode,mcs,bandwidth,smoothing,not_sounding,aggregation,stbc,fec_coding,sgi,noise_floor,ampdu_cnt,channel,secondary_channel,local_timestamp,ant,sig_len,rx_state,len,first_word,data
CSI_DATA,13,1a:00:00:00:00:00,-45,11,1,0,1,1,1,0,0,0,1,-96,0,11,2,420166,0,44,0,384,0,"[0,0,0,0,0,0,0,0,0,0,0,0,-8,-9,-8,-9,-8,-9,-7,-8,-7,-8,-7,-8,-7,-7,-7,-7,-7,-7,-7,-7,-7,-7,-7,-6,-7,-6,-7,-6,-7,-6,-7,-6,-6,-6,-6,-5,-6,-5,-6,-5,-6,-5,-6,-5,-6,-5,-6,-5,-6,-5,-6,-5,0,0,-5,-5,-5,-5,-5,-5,-4,-5,-4,-5,-4,-5,-3,-5,-3,-5,-3,-5,-2,-4,-2,-4,-2,-4,-1,-4,-1,-3,-1,-3,-1,-3,-1,-2,0,-2,0,-2,0,-2,0,-1,0,-1,0,-1,0,0,0,0,0,0,0,0,0,0,0,0,0,0,0,0,0,0,0,0,-47,-63,-43,-61,-46,-62,-40,-55,-39,-55,-39,-54,-38,-52,-34,-53,-35,-46,-35,-49,-33,-47,-35,-39,-34,-44,-35,-39,-33,-36,-33,-37,-32,-38,-32,-33,-35,-33,-28,-31,-35,-32,-32,-32,-33,-31,-32,-29,-31,-25,-30,-29,-27,-29,-32,-29,-26,-29,-31,-31,-25,-29,-27,-31,-25,-26,-22,-26,-20,-29,-19,-26,-15,-28,-13,-28,-13,-26,-8,-23,-9,-22,-8,-23,-6,-19,-3,-17,-3,-17,0,-16,-2,-11,1,-12,5,-10,2,-6,2,-7,4,-3,6,-5,2,-1,2,1,0,3,-2,3,0,0,0,0,0,0,0,0,0,0,0,0,0,0,0,0,0,0,0,0,0,0,-20,-9,-19,-12,-19,-13,-22,-14,-19,-20,-18,-25,-16,-24,-18,-28,-16,-31,-16,-33,-17,-35,-15,-38,-14,-39,-9,-43,-8,-47,-5,-49,-5,-55,0,-50,4,-57,6,-57,9,-61,13,-67,15,-59,17,-63,21,-60,20,-63,25,-60,29,-64,26,-60,34,-63,34,-59,41,-62,39,-58,37,-59,38,-57,40,-59,40,-57,35,-59,42,-57,41,-58,42,-61,40,-61,44,-61,46,-65,47,-64,42,-66,48,-63,50,-68,56,-68,53,-63,57,-65,61,-64,61,-65,57,-58,63,-60,63,-63,64,-55,0,0]"
CSI_DATA,14,1a:00:00:00:00:00,-44,11,1,0,1,1,1,0,0,0,1,-96,0,11,2,430083,0,44,0,384,0,"[0,0,0,0,0,0,0,0,0,0,0,0,11,1,10,1,10,1,10,1,10,1,9,0,9,1,9,0,8,0,8,0,8,-1,8,-1,8,-1,8,-1,7,-1,7,-1,7,-1,7,-1,7,-1,7,-1,7,-1,7,-1,6,-1,7,-1,6,-1,6,-1,0,0,6,-1,6,0,6,0,6,0,5,0,5,1,5,1,4,1,4,1,3,1,3,1,2,1,2,1,2,1,1,1,1,1,1,1,1,1,0,1,0,0,-1,1,-1,0,-1,0,-1,0,-1,-1,-2,-1,0,0,0,0,0,0,0,0,0,0,0,0,0,0,71,21,66,24,70,19,66,22,70,20,58,23,63,18,56,17,55,16,54,15,51,15,49,10,50,11,50,7,47,12,45,8,51,7,47,6,43,5,43,7,43,7,41,6,39,4,36,5,39,0,40,4,41,2,37,-1,37,1,37,2,35,0,35,3,33,7,32,7,31,4,27,7,29,7,24,9,22,13,24,10,20,14,21,9,16,10,14,13,12,11,10,9,5,9,7,9,4,10,2,7,0,6,-2,3,0,4,-3,1,-4,3,-2,0,-5,-1,0,0,0,0,0,0,0,0,0,0,0,0,0,0,0,0,0,0,0,0,0,0,18,-2,22,0,23,4,24,5,28,8,24,8,28,13,30,15,30,18,28,19,28,20,29,24,32,29,32,31,28,34,27,37,30,41,28,47,25,49,23,51,19,49,23,58,21,56,14,60,11,59,11,62,7,64,7,65,1,66,1,67,2,68,0,66,-1,67,2,69,-3,68,-3,68,-3,67,-1,69,0,65,-2,73,-1,74,-3,71,-5,72,-2,76,-4,76,-4,79,-5,79,-5,80,-8,82,-9,83,-12,83,-17,86,-19,83,-19,78,-16,84,-21,82,-19,86,0,0]"
CSI_DATA,15,1a:00:00:00:00:00,-44,11,1,0,1,1,1,0,0,0,1,-96,0,11,2,440076,0,44,0,384,0,"[0,0,0,0,0,0,0,0,0,0,0,0,9,-8,8,-8,8,-8,7,-7,7,-8,7,-7,7,-7,7,-7,6,-7,6,-7,6,-7,6,-7,5,-7,5,-6,5,-6,5,-7,4,-7,4,-7,4,-6,4,-6,4,-6,4,-6,4,-6,4,-6,4,-6,4,-6,0,0,4,-5,4,-5,4,-4,4,-5,4,-4,3,-4,4,-3,3,-3,4,-3,3,-2,3,-2,3,-1,3,-1,2,-1,2,-1,2,-1,1,-1,1,0,1,0,1,0,0,0,0,0,0,0,-1,0,-1,0,-1,0,0,0,0,0,0,0,0,0,0,0,0,0,0,0,54,-51,53,-51,51,-51,47,-46,47,-45,45,-45,42,-44,45,-44,40,-45,37,-38,36,-41,37,-39,34,-39,33,-37,29,-39,34,-39,29,-39,27,-36,26,-32,27,-38,26,-36,23,-34,22,-35,22,-34,18,-32,24,-31,19,-32,21,-33,24,-31,24,-34,20,-31,23,-31,21,-27,22,-25,21,-27,24,-23,27,-23,19,-20,21,-15,21,-15,20,-13,19,-11,17,-7,15,-6,15,-5,13,-4,13,-3,11,-2,10,0,6,1,6,4,2,1,2,3,2,3,0,1,-3,3,-5,1,0,0,0,0,0,0,0,0,0,0,0,0,0,0,0,0,0,0,0,0,0,0,7,-20,6,-22,11,-19,15,-21,16,-20,19,-19,21,-19,21,-20,28,-19,30,-18,33,-19,37,-19,39,-17,40,-14,45,-11,46,-8,50,-9,52,-5,52,-2,54,0,56,2,60,6,60,6,61,14,62,16,62,17,62,20,60,20,62,24,60,25,63,27,58,32,59,32,61,32,59,32,57,30,62,32,60,30,59,35,62,32,62,31,66,34,66,33,65,36,63,36,71,36,70,36,67,43,69,41,67,46,68,45,70,47,71,49,66,51,62,53,64,54,62,56,0,0]"
CSI_DATA,16,1a:00:00:00:00:00,-45,11,1,0,1,1,1,0,0,0,1,-96,0,11,2,470094,0,44,0,384,0,"[0,0,0,0,0,0,0,0,0,0,0,0,-6,-11,-6,-10,-6,-10,-6,-10,-6,-9,-6,-9,-6,-9,-6,-8,-6,-8,-6,-8,-6,-8,-6,-8,-5,-7,-5,-7,-5,-7,-6,-7,-6,-6,-5,-6,-5,-6,-5,-6,-5,-6,-5,-6,-5,-6,-5,-6,-5,-6,-5,-6,0,0,-4,-6,-4,-6,-4,-6,-4,-6,-3,-5,-3,-5,-2,-5,-2,-5,-2,-5,-1,-5,-1,-4,-1,-4,-1,-4,0,-4,0,-3,0,-3,0,-2,0,-2,0,-2,0,-1,0,-1,0,-1,0,-1,0,0,0,0,0,0,0,0,0,0,0,0,0,0,0,0,0,0,0,0,-42,-59,-37,-57,-41,-60,-38,-58,-35,-53,-37,-51,-36,-52,-34,-46,-33,-46,-34,-48,-35,-44,-31,-43,-32,-40,-33,-41,-30,-39,-34,-38,-34,-37,-32,-36,-29,-34,-31,-33,-33,-32,-31,-34,-30,-32,-29,-29,-29,-31,-29,-29,-26,-28,-29,-29,-28,-28,-25,-27,-24,-30,-23,-27,-22,-23,-24,-27,-19,-24,-18,-28,-18,-27,-13,-27,-11,-27,-8,-23,-11,-21,-7,-23,-5,-20,-1,-19,-3,-15,1,-14,-2,-15,0,-12,2,-9,1,-8,3,-5,3,-4,7,-1,4,-1,2,0,1,3,1,5,0,0,0,0,0,0,0,0,0,0,0,0,0,0,0,0,0,0,0,0,0,0,-17,-9,-21,-9,-19,-14,-20,-16,-18,-20,-17,-23,-16,-25,-18,-26,-20,-28,-14,-32,-15,-34,-10,-40,-10,-42,-8,-42,-7,-47,-5,-48,-3,-51,-2,-50,6,-56,8,-57,13,-53,12,-55,16,-58,20,-59,20,-57,26,-60,28,-56,31,-59,32,-57,33,-59,38,-55,36,-57,39,-59,37,-58,42,-57,42,-56,41,-55,41,-55,39,-56,40,-54,42,-59,44,-60,43,-59,43,-62,48,-59,52,-63,52,-56,52,-62,53,-59,52,-61,56,-65,56,-62,60,-55,59,-60,62,-57,63,-56,62,-52,0,0]"
CSI_DATA,17,1a:00:00:00:00:00,-45,11,1,0,1,1,1,0,0,0,1,-96,0,11,2,480095,0,44,0,384,0,"[0,0,0,0,0,0,0,0,0,0,0,0,-11,-6,-10,-6,-10,-6,-10,-6,-9,-6,-9,-5,-9,-5,-9,-5,-9,-4,-8,-4,-8,-4,-8,-4,-8,-4,-8,-3,-8,-4,-8,-3,-8,-3,-8,-3,-8,-3,-8,-3,-7,-3,-7,-3,-7,-3,-7,-2,-7,-3,-7,-3,0,0,-7,-3,-6,-3,-6,-3,-6,-4,-5,-4,-5,-3,-5,-4,-4,-3,-4,-3,-4,-3,-3,-3,-2,-3,-2,-3,-2,-3,-2,-3,-1,-3,-1,-2,-1,-2,-1,-2,0,-2,0,-1,0,-1,0,-1,0,0,0,0,0,0,0,0,0,0,0,0,0,0,0,0,0,0,0,0,-52,-53,-53,-53,-50,-49,-47,-49,-45,-49,-46,-48,-39,-45,-45,-46,-41,-41,-43,-38,-36,-40,-38,-36,-38,-35,-39,-31,-41,-33,-38,-32,-38,-32,-36,-33,-34,-30,-34,-25,-36,-28,-35,-27,-35,-21,-31,-26,-29,-24,-32,-24,-32,-24,-33,-21,-31,-20,-30,-22,-30,-23,-25,-23,-26,-23,-23,-22,-26,-22,-19,-23,-22,-26,-18,-24,-16,-22,-12,-23,-11,-22,-10,-19,-7,-19,-6,-18,-5,-18,-2,-13,0,-12,4,-10,0,-10,-1,-6,2,-8,2,-3,3,-6,5,-1,0,2,3,3,3,5,0,0,0,0,0,0,0,0,0,0,0,0,0,0,0,0,0,0,0,0,0,0,-21,-5,-20,-7,-21,-10,-22,-14,-20,-17,-18,-20,-21,-18,-20,-20,-24,-25,-21,-30,-19,-31,-28,-34,-22,-40,-18,-40,-19,-47,-12,-45,-9,-53,-10,-56,-10,-60,-5,-55,0,-54,6,-58,3,-61,4,-65,13,-65,8,-65,12,-63,19,-62,18,-65,22,-64,24,-64,25,-64,24,-62,29,-64,29,-61,30,-62,26,-65,26,-61,27,-65,25,-68,33,-69,27,-68,32,-67,35,-70,33,-70,38,-68,38,-71,38,-72,42,-74,41,-71,43,-72,46,-74,48,-71,47,-68,50,-68,51,-69,53,-64,0,0]"
CSI_DATA,18,1a:00:00:00:00:00,-45,11,1,0,1,1,1,0,0,0,1,-96,0,11,2,500567,0,44,0,384,0,"[0,0,0,0,0,0,0,0,0,0,0,0,1,11,1,11,1,10,1,10,1,10,1,9,1,9,1,9,1,8,2,8,2,8,2,8,2,7,2,7,2,7,2,7,2,7,2,7,2,6,2,6,2,6,2,6,2,6,3,6,2,6,2,5,0,0,1,6,1,5,1,5,1,5,0,5,0,5,0,5,-1,4,-1,4,-1,4,-1,3,-1,3,-1,2,-1,2,-1,2,-1,1,-2,1,-2,1,-1,0,-1,0,-1,0,-1,-1,-1,-1,-1,-1,0,-1,0,-1,0,0,0,0,0,0,0,0,0,0,0,0,0,0,2,74,3,74,4,70,2,71,4,69,-1,67,4,61,7,60,5,59,6,55,4,53,7,55,8,53,8,50,8,49,7,48,11,47,7,46,9,45,10,41,12,39,10,41,13,36,10,39,10,36,11,38,9,38,10,36,9,38,9,38,9,35,11,37,6,35,7,35,6,34,4,33,3,30,1,30,0,26,-1,28,-7,27,-5,19,-4,19,-4,15,-6,14,-8,10,-7,11,-6,7,-8,7,-8,6,-9,1,-8,-1,-4,4,-1,-2,-4,-1,-4,-6,0,-7,0,0,0,0,0,0,0,0,0,0,0,0,0,0,0,0,0,0,0,0,0,0,9,15,6,20,6,23,7,23,4,25,2,29,2,29,-3,29,-5,34,-9,34,-13,38,-14,38,-17,40,-20,41,-23,41,-30,39,-33,41,-34,41,-37,41,-41,42,-42,42,-46,38,-48,34,-52,35,-57,35,-60,34,-64,34,-61,30,-61,27,-63,28,-63,24,-63,22,-63,26,-67,24,-67,24,-67,25,-66,24,-67,24,-67,23,-69,21,-70,26,-69,24,-70,26,-76,25,-74,24,-77,28,-75,27,-78,24,-80,21,-85,20,-84,19,-87,18,-86,18,-83,16,-86,17,-86,13,-81,8,0,0]"
CSI_DATA,19,1a:00:00:00:00:00,-45,11,1,0,1,1,1,0,0,0,1,-96,0,11,2,510364,0,44,0,384,0,"[0,0,0,0,0,0,0,0,0,0,0,0,9,-8,9,-8,9,-8,8,-7,8,-7,8,-7,7,-7,7,-7,7,-7,6,-7,6,-7,6,-7,6,-6,6,-7,5,-6,5,-7,5,-6,5,-6,4,-6,5,-6,4,-6,5,-6,5,-6,4,-6,4,-5,4,-5,0,0,4,-5,4,-5,4,-4,4,-4,4,-4,4,-3,4,-3,4,-3,4,-2,4,-2,3,-2,3,-1,2,-1,2,-1,2,-1,2,0,1,0,1,0,1,0,1,0,0,0,0,0,0,0,-1,0,-1,0,-1,0,0,0,0,0,0,0,0,0,0,0,0,0,0,0,61,-43,59,-41,60,-37,57,-37,54,-36,51,-36,51,-37,48,-33,48,-33,44,-31,40,-33,43,-29,41,-33,40,-32,37,-31,38,-31,34,-32,35,-30,35,-28,30,-32,35,-30,30,-29,27,-30,28,-28,29,-30,29,-25,29,-31,24,-28,24,-26,27,-26,30,-24,25,-22,27,-21,26,-19,27,-19,26,-16,26,-14,27,-13,26,-12,23,-10,22,-11,17,-5,14,-4,19,1,15,0,13,-1,12,2,13,0,7,2,7,1,3,5,5,1,0,3,0,2,-4,4,-3,0,-4,0,0,0,0,0,0,0,0,0,0,0,0,0,0,0,0,0,0,0,0,0,0,0,7,-19,9,-20,12,-20,16,-19,17,-19,18,-21,20,-18,26,-17,28,-17,31,-19,33,-18,37,-15,41,-12,45,-15,45,-9,45,-6,49,-7,53,-2,51,1,59,6,58,8,60,9,58,11,58,17,55,21,56,23,56,26,62,27,58,28,58,33,57,34,58,33,58,35,55,36,59,34,58,37,56,37,55,37,58,40,58,39,58,41,61,42,60,44,59,47,61,42,65,45,64,47,64,49,62,51,60,54,60,55,58,58,60,62,59,58,55,60,51,63,53,62,0,0]"
CSI_DATA,20,1a:00:00:00:00:00,-45,11,1,0,1,1,1,0,0,0,1,-96,0,11,2,520781,0,44,0,384,0,"[0,0,0,0,0,0,0,0,0,0,0,0,-6,10,-6,9,-5,9,-6,9,-5,9,-5,8,-5,9,-5,8,-4,8,-4,8,-4,7,-4,8,-4,7,-4,7,-3,7,-3,7,-3,7,-3,7,-3,7,-2,7,-2,6,-3,6,-3,6,-2,6,-3,6,-3,6,0,0,-3,6,-3,5,-3,5,-3,5,-3,4,-3,4,-3,4,-3,3,-3,3,-3,3,-3,2,-3,2,-3,1,-3,1,-3,1,-3,0,-2,0,-2,0,-2,0,-2,-1,-1,-1,-1,-1,-1,-1,-1,-1,0,-1,0,-1,0,0,0,0,0,0,0,0,0,0,0,0,0,0,-44,64,-42,60,-35,60,-38,55,-36,58,-31,57,-35,51,-32,55,-29,48,-28,50,-29,48,-26,49,-26,47,-23,45,-21,47,-18,45,-20,45,-19,43,-24,43,-19,46,-16,43,-15,42,-14,38,-16,38,-17,35,-17,37,-16,40,-13,36,-15,34,-12,36,-12,36,-15,34,-14,32,-15,29,-17,31,-16,28,-21,25,-19,21,-19,20,-19,19,-19,19,-16,14,-16,10,-14,8,-18,6,-15,8,-13,7,-12,3,-8,-2,-6,0,-5,0,-5,-1,0,-3,-3,-4,-2,-4,1,-8,1,-4,0,0,0,0,0,0,0,0,0,0,0,0,0,0,0,0,0,0,0,0,0,0,-1,21,-4,24,-8,23,-6,23,-10,25,-11,21,-14,25,-17,23,-25,27,-25,28,-28,32,-31,25,-31,27,-36,26,-41,24,-44,26,-48,22,-52,20,-52,19,-57,17,-58,11,-59,7,-62,8,-66,9,-66,4,-68,5,-68,1,-69,-4,-71,-8,-67,-8,-68,-9,-68,-13,-65,-18,-69,-15,-70,-14,-70,-19,-72,-17,-69,-12,-68,-14,-74,-14,-72,-15,-75,-15,-73,-16,-77,-17,-74,-17,-76,-21,-78,-23,-79,-24,-83,-28,-84,-24,-85,-29,-82,-28,-82,-34,-80,-30,-82,-33,-76,-42,-73,-41,0,0]"
CSI_DATA,21,1a:00:00:00:00:00,-45,11,1,0,1,1,1,0,0,0,1,-96,0,11,2,530104,0,44,0,384,0,"[0,0,0,0,0,0,0,0,0,0,0,0,9,7,8,7,8,6,8,6,8,6,8,5,7,5,7,5,7,5,7,4,7,4,7,4,7,4,6,4,7,4,7,3,7,3,6,3,6,3,6,3,6,3,6,3,6,3,6,3,6,3,5,3,0,0,5,2,5,3,5,3,4,3,4,3,3,3,3,3,3,3,2,3,2,2,2,2,1,2,1,2,1,2,1,2,0,2,0,1,0,1,0,1,-1,1,-1,0,-1,0,-1,0,-1,-1,-1,-1,-1,-1,0,0,0,0,0,0,0,0,0,0,0,0,0,0,47,56,47,53,45,50,47,49,42,50,40,45,44,46,40,43,40,39,38,38,39,37,37,36,36,36,38,35,37,33,35,33,34,32,34,29,34,27,34,28,34,27,35,25,33,23,35,25,33,22,33,24,34,24,31,23,28,22,28,24,28,24,27,24,27,22,22,25,21,25,23,26,21,22,19,25,14,23,17,22,12,19,9,21,6,19,6,19,4,14,3,15,2,10,0,10,-1,9,-3,8,-3,3,-1,5,-4,3,-3,1,-5,2,-4,-2,-3,-5,0,0,0,0,0,0,0,0,0,0,0,0,0,0,0,0,0,0,0,0,0,0,19,5,19,8,23,10,20,14,17,16,17,20,21,19,21,24,20,26,18,30,18,33,17,34,13,41,12,42,13,42,10,46,5,50,3,50,-2,53,0,56,0,58,-7,56,-14,59,-17,60,-20,60,-20,59,-23,60,-28,61,-28,62,-26,59,-29,60,-30,58,-29,57,-32,57,-34,60,-32,58,-36,59,-36,62,-36,57,-34,59,-37,58,-39,63,-38,61,-41,65,-38,64,-42,65,-42,65,-42,67,-44,68,-46,66,-52,64,-52,61,-54,64,-54,62,-53,61,-53,59,-58,62,0,0]"
CSI_DATA,22,1a:00:00:00:00:00,-45,11,1,0,1,1,1,0,0,0,1,-96,0,11,2,540097,0,44,0,384,0,"[0,0,0,0,0,0,0,0,0,0,0,0,11,-2,12,-2,10,-2,11,-2,10,-2,10,-2,9,-2,9,-2,9,-2,8,-2,8,-2,8,-3,8,-3,8,-3,8,-3,8,-3,7,-3,7,-3,7,-3,7,-3,7,-2,7,-3,6,-2,6,-3,6,-2,6,-2,0,0,6,-2,6,-2,6,-1,6,-1,5,-1,5,-1,5,0,4,0,4,0,4,0,3,0,3,1,2,1,2,1,2,1,2,1,1,1,1,1,1,0,0,0,0,1,0,0,-1,0,-1,0,-1,0,-1,-1,0,0,0,0,0,0,0,0,0,0,0,0,0,0,73,-10,71,-8,71,-7,65,-4,65,-12,61,-9,64,-7,57,-6,54,-11,53,-11,50,-10,46,-10,52,-10,46,-10,46,-14,49,-14,44,-11,43,-15,42,-11,42,-13,39,-16,41,-14,38,-17,37,-14,38,-14,40,-13,36,-13,37,-15,35,-11,34,-13,35,-10,34,-13,33,-10,34,-7,33,-8,29,-4,31,-5,28,-2,28,-1,25,1,19,3,20,1,18,3,16,2,17,6,16,4,11,6,10,4,5,6,6,2,3,6,4,3,1,3,-1,2,-2,0,-3,1,-3,0,0,0,0,0,0,0,0,0,0,0,0,0,0,0,0,0,0,0,0,0,0,0,17,-13,22,-11,22,-11,24,-6,25,-7,26,-5,31,-3,30,0,32,0,35,2,36,5,38,7,39,10,46,14,42,18,44,18,43,21,43,28,45,26,44,36,45,36,44,42,41,45,42,46,39,50,38,51,36,52,37,54,33,54,33,59,32,57,30,60,29,59,29,63,26,61,26,62,29,59,29,62,29,60,31,61,29,65,32,63,32,64,33,68,29,65,30,75,30,70,31,73,30,78,28,79,23,76,25,78,20,76,24,76,20,81,16,80,17,79,0,0]"
CSI_DATA,23,1a:00:00:00:00:00,-45,11,1,0,1,1,1,0,0,0,1,-96,0,11,2,550075,0,44,0,384,0,"[0,0,0,0,0,0,0,0,0,0,0,0,-1,-12,0,-12,-1,-11,-1,-11,-1,-11,-1,-10,-1,-10,-1,-10,-1,-10,-1,-9,-1,-9,-1,-9,-2,-9,-2,-8,-2,-8,-2,-8,-2,-8,-2,-8,-2,-8,-2,-7,-2,-7,-2,-7,-2,-7,-2,-7,-2,-7,-1,-7,0,0,-1,-7,-1,-6,-1,-7,-1,-6,0,-6,0,-6,0,-6,0,-5,0,-5,1,-4,1,-4,1,-4,1,-3,1,-3,1,-2,1,-2,1,-2,1,-2,1,-1,0,-1,0,-1,0,-1,0,0,0,0,0,0,-1,0,0,0,0,0,0,0,0,0,0,0,0,0,0,0,-2,-77,1,-75,0,-71,1,-67,1,-66,0,-63,-4,-62,-1,-61,-5,-56,1,-56,-5,-55,-5,-55,-6,-51,-4,-48,-5,-51,-7,-50,-7,-48,-5,-46,-9,-44,-9,-46,-10,-46,-8,-44,-8,-44,-9,-42,-6,-40,-7,-40,-10,-39,-14,-38,-8,-36,-7,-40,-5,-37,-5,-39,-6,-36,-1,-35,-1,-32,-1,-35,4,-34,2,-31,3,-28,7,-26,7,-23,10,-23,7,-19,7,-18,9,-14,8,-14,8,-9,6,-11,5,-6,8,-6,5,-2,4,1,3,-1,5,0,1,1,2,3,-1,3,0,0,0,0,0,0,0,0,0,0,0,0,0,0,0,0,0,0,0,0,0,0,-12,-19,-12,-19,-11,-22,-7,-25,-8,-27,-3,-28,-1,-29,0,-33,1,-32,6,-34,7,-38,10,-41,13,-43,19,-43,21,-44,25,-46,28,-45,31,-43,35,-46,38,-41,43,-41,45,-47,46,-39,51,-40,53,-40,56,-39,56,-35,61,-34,60,-32,60,-30,61,-27,64,-30,64,-24,65,-26,66,-23,62,-22,65,-26,64,-29,65,-25,67,-27,70,-27,70,-27,72,-25,71,-27,74,-25,79,-23,76,-22,78,-24,80,-23,81,-18,79,-24,81,-17,85,-14,83,-11,83,-18,83,-9,84,-12,0,0]"
CSI_DATA,24,1a:00:00:00:00:00,-45,11,1,0,1,1,1,0,0,0,1,-96,0,11,2,562536,0,44,0,384,0,"[0,0,0,0,0,0,0,0,0,0,0,0,-9,-9,-9,-9,-9,-8,-8,-8,-8,-8,-8,-7,-8,-7,-7,-7,-8,-7,-8,-6,-8,-6,-8,-6,-8,-6,-7,-5,-7,-5,-7,-5,-7,-4,-7,-5,-7,-4,-7,-5,-6,-4,-7,-4,-7,-5,-7,-4,-7,-5,-6,-4,0,0,-6,-4,-6,-4,-6,-4,-5,-4,-5,-5,-5,-4,-4,-5,-4,-4,-3,-4,-3,-4,-2,-4,-2,-4,-2,-4,-2,-3,-1,-3,-1,-3,-1,-3,-1,-2,0,-2,0,-2,0,-2,0,-1,0,-1,0,-1,0,0,0,0,0,0,0,0,0,0,0,0,0,0,0,0,0,0,-55,-54,-50,-52,-50,-47,-48,-48,-46,-50,-41,-43,-44,-47,-42,-41,-43,-38,-41,-39,-39,-36,-40,-33,-39,-34,-40,-31,-37,-30,-37,-33,-36,-31,-36,-26,-36,-25,-36,-26,-40,-23,-36,-26,-38,-23,-36,-21,-32,-20,-33,-19,-32,-23,-33,-19,-34,-21,-32,-22,-31,-21,-31,-20,-30,-19,-28,-20,-27,-21,-24,-21,-24,-21,-21,-22,-20,-23,-17,-23,-13,-22,-12,-20,-10,-19,-9,-16,-8,-16,-6,-14,-6,-12,-5,-13,-3,-11,1,-8,2,-6,-1,-7,3,-5,2,-2,4,-2,2,-1,3,4,0,0,0,0,0,0,0,0,0,0,0,0,0,0,0,0,0,0,0,0,0,0,-20,-9,-18,-10,-21,-11,-22,-13,-21,-16,-21,-22,-18,-25,-17,-27,-21,-29,-20,-30,-20,-36,-13,-40,-15,-39,-14,-45,-12,-45,-7,-46,-7,-51,-6,-53,-1,-55,1,-60,9,-56,5,-58,13,-61,15,-62,20,-62,20,-63,22,-60,24,-61,23,-65,29,-60,29,-63,33,-60,33,-63,30,-59,36,-64,33,-61,34,-61,33,-62,35,-58,33,-64,34,-63,37,-67,34,-65,32,-69,37,-65,42,-69,42,-67,42,-69,42,-68,45,-68,47,-69,48,-68,50,-65,49,-68,53,-65,52,-62,55,-61,0,0]"
CSI_DATA,25,1a:00:00:00:00:00,-45,11,1,0,1,1,1,0,0,0,1,-96,0,11,2,570110,0,44,0,384,0,"[0,0,0,0,0,0,0,0,0,0,0,0,0,-12,0,-12,0,-11,0,-11,0,-11,0,-10,-1,-10,-1,-10,-1,-10,-1,-9,-1,-9,-1,-9,-2,-9,-1,-9,-1,-8,-1,-8,-2,-9,-2,-8,-2,-8,-2,-8,-2,-8,-2,-7,-2,-7,-2,-8,-2,-7,-1,-7,0,0,-1,-7,-1,-7,0,-7,0,-6,0,-6,0,-6,0,-6,1,-5,1,-5,1,-5,1,-4,1,-4,1,-3,1,-3,1,-3,1,-2,1,-2,1,-2,1,-1,1,-1,0,-1,0,-1,0,0,0,0,0,0,-1,0,0,0,0,0,0,0,0,0,0,0,0,0,0,0,13,-78,13,-66,13,-71,12,-66,12,-65,11,-63,12,-58,14,-56,6,-54,6,-56,9,-56,5,-53,5,-50,5,-48,2,-50,4,-50,2,-48,0,-45,1,-48,-1,-45,1,-47,-2,-42,-6,-43,-2,-41,-3,-45,1,-41,-2,-40,-4,-37,-3,-38,-2,-42,-1,-39,2,-41,1,-37,-1,-35,6,-34,3,-31,4,-29,6,-29,8,-29,9,-23,10,-23,10,-21,11,-17,9,-19,8,-13,11,-10,9,-11,7,-7,9,-4,6,-4,6,-2,7,1,5,-2,3,0,1,4,0,1,-3,4,0,0,0,0,0,0,0,0,0,0,0,0,0,0,0,0,0,0,0,0,0,0,-10,-18,-6,-23,-4,-24,-5,-26,0,-28,0,-28,5,-28,7,-32,9,-33,9,-33,13,-38,16,-37,18,-40,25,-40,27,-38,32,-35,34,-38,35,-35,43,-36,43,-35,48,-32,52,-30,54,-33,54,-28,55,-27,60,-28,61,-25,64,-21,61,-18,65,-16,65,-14,71,-12,67,-11,67,-10,67,-9,68,-9,66,-7,67,-11,65,-11,71,-11,71,-12,69,-10,74,-12,77,-11,76,-8,72,-9,76,-6,80,-9,81,-3,80,-5,81,-3,86,-1,88,3,77,4,81,3,82,8,83,7,0,0]"
CSI_DATA,26,1a:00:00:00:00:00,-45,11,1,0,1,1,1,0,0,0,1,-96,0,11,2,590563,0,44,0,384,0,"[0,0,0,0,0,0,0,0,0,0,0,0,-7,9,-7,9,-6,9,-6,9,-6,8,-5,8,-5,8,-5,8,-5,8,-5,7,-4,7,-4,7,-4,7,-4,7,-3,7,-3,7,-3,7,-3,7,-3,6,-3,7,-3,6,-3,6,-3,6,-3,6,-3,6,-3,6,0,0,-3,6,-3,5,-3,5,-3,5,-3,4,-4,4,-4,4,-3,3,-4,3,-4,3,-4,2,-3,2,-3,1,-3,1,-3,1,-3,0,-2,0,-2,0,-2,0,-2,-1,-2,-1,-1,-1,-1,-1,-1,-1,0,-1,0,-1,0,0,0,0,0,0,0,0,0,0,0,0,0,0,-41,62,-41,62,-37,59,-34,56,-32,57,-32,51,-32,52,-29,49,-27,50,-26,46,-22,48,-21,46,-19,43,-19,47,-18,43,-16,45,-18,42,-18,41,-14,42,-13,44,-15,38,-11,39,-9,40,-11,38,-10,39,-12,40,-8,37,-9,37,-8,36,-12,35,-7,34,-10,35,-12,31,-12,32,-10,31,-14,30,-13,22,-15,23,-14,22,-16,22,-15,20,-12,18,-16,16,-14,12,-13,10,-10,8,-11,6,-12,5,-8,0,-8,6,-10,-1,-8,-1,-4,1,-3,-5,0,-3,-1,-5,1,-5,0,0,0,0,0,0,0,0,0,0,0,0,0,0,0,0,0,0,0,0,0,0,-4,19,-4,20,-9,21,-14,21,-12,23,-17,22,-20,21,-22,22,-25,22,-28,24,-30,22,-34,23,-37,20,-38,20,-41,20,-49,17,-51,14,-51,13,-49,14,-55,11,-57,5,-62,0,-61,2,-64,-4,-65,-5,-63,-7,-66,-11,-67,-11,-67,-12,-67,-16,-69,-16,-65,-18,-62,-20,-66,-20,-67,-20,-67,-19,-70,-21,-65,-23,-66,-20,-68,-20,-71,-22,-71,-19,-69,-17,-71,-23,-73,-20,-72,-23,-75,-22,-77,-27,-79,-28,-78,-29,-78,-36,-81,-31,-78,-32,-78,-37,-76,-37,-75,-35,-76,-38,0,0]"
CSI_DATA,27,1a:00:00:00:00:00,-45,11,1,0,1,1,1,0,0,0,1,-96,0,11,2,602906,0,44,0,384,0,"[0,0,0,0,0,0,0,0,0,0,0,0,-13,-2,-12,-2,-12,-1,-11,-2,-11,-2,-11,-1,-11,-1,-10,-1,-10,-1,-10,-1,-9,-1,-9,-1,-9,-1,-9,0,-9,0,-9,0,-9,0,-8,0,-8,0,-8,0,-8,0,-8,0,-8,0,-8,0,-8,0,-7,0,0,0,-7,0,-7,-1,-7,-1,-7,-1,-6,-1,-6,-1,-6,-2,-5,-2,-5,-2,-5,-2,-4,-2,-4,-2,-3,-3,-3,-2,-3,-2,-2,-2,-2,-2,-1,-2,-1,-2,-1,-2,-1,-2,-1,-1,0,-1,0,-1,0,0,0,0,0,0,0,0,0,0,0,0,0,0,0,0,0,0,-76,-11,-72,-10,-73,-9,-69,-8,-65,-7,-63,-5,-63,-8,-63,-4,-58,-5,-54,-5,-53,-3,-53,-4,-52,-3,-52,-1,-51,1,-50,2,-49,4,-48,4,-44,0,-49,4,-47,8,-45,3,-45,5,-43,5,-41,2,-41,1,-40,3,-40,4,-37,2,-37,3,-41,5,-39,3,-36,2,-38,1,-36,0,-36,-2,-30,-7,-31,-8,-29,-8,-28,-6,-24,-8,-25,-9,-18,-12,-17,-11,-16,-8,-10,-9,-9,-11,-6,-9,-3,-10,-6,-7,-3,-5,-2,-4,0,-7,1,-6,1,-3,-1,-3,3,0,0,0,0,0,0,0,0,0,0,0,0,0,0,0,0,0,0,0,0,0,0,0,-19,11,-20,7,-23,7,-24,6,-26,2,-28,2,-32,-2,-31,-3,-35,-5,-36,-6,-39,-11,-40,-17,-40,-17,-41,-21,-43,-25,-42,-30,-42,-30,-41,-39,-41,-37,-39,-46,-39,-46,-40,-49,-37,-52,-36,-57,-34,-59,-33,-59,-32,-59,-28,-62,-26,-65,-27,-68,-24,-66,-21,-66,-21,-69,-17,-68,-16,-70,-16,-67,-17,-67,-21,-70,-19,-68,-21,-71,-21,-72,-22,-73,-20,-77,-19,-78,-17,-72,-12,-81,-14,-80,-14,-81,-16,-84,-12,-86,-12,-87,-12,-84,-11,-84,-8,-85,-9,-84,0,-86,4,-88,0,0]"
CSI_DATA,28,1a:00:00:00:00:00,-45,11,1,0,1,1,1,0,0,0,1,-96,0,11,2,610433,0,44,0,384,0,"[0,0,0,0,0,0,0,0,0,0,0,0,-9,8,-9,7,-8,7,-8,7,-8,7,-8,7,-8,7,-7,7,-7,7,-7,6,-7,6,-7,6,-6,6,-6,6,-6,6,-5,6,-5,6,-5,6,-5,6,-5,5,-5,5,-5,6,-5,5,-5,5,-5,5,-5,5,0,0,-5,5,-5,4,-5,4,-5,4,-5,4,-5,3,-5,3,-5,2,-5,2,-4,2,-4,1,-4,1,-4,0,-3,0,-3,0,-3,0,-3,0,-2,-1,-2,0,-2,-1,-2,-1,-1,-1,-1,-1,0,-1,0,-1,0,-1,0,0,0,0,0,0,0,0,0,0,0,0,0,0,-52,51,-54,49,-49,50,-50,47,-46,48,-45,44,-43,41,-43,38,-41,42,-37,42,-36,41,-36,41,-35,41,-33,39,-31,37,-31,38,-30,36,-28,37,-26,37,-25,38,-25,38,-25,33,-23,36,-22,36,-18,33,-21,33,-21,32,-22,36,-20,33,-21,34,-20,33,-22,31,-25,30,-22,28,-23,26,-21,23,-23,21,-24,19,-25,19,-25,15,-23,12,-18,12,-19,7,-19,8,-16,6,-16,4,-15,5,-12,0,-10,-2,-9,0,-9,-3,-5,-2,-4,-3,0,-6,1,-2,1,-3,2,-1,0,0,0,0,0,0,0,0,0,0,0,0,0,0,0,0,0,0,0,0,0,0,-3,18,-8,22,-9,22,-12,22,-15,24,-17,20,-19,23,-24,21,-28,24,-26,23,-36,22,-36,20,-39,19,-43,17,-45,16,-48,10,-52,11,-53,10,-54,8,-60,1,-60,2,-65,-5,-64,-6,-68,-11,-65,-12,-66,-14,-65,-15,-68,-20,-66,-20,-67,-22,-61,-26,-63,-27,-66,-28,-66,-31,-64,-30,-65,-33,-62,-30,-66,-30,-62,-31,-65,-30,-68,-29,-69,-35,-73,-32,-72,-35,-69,-36,-73,-34,-68,-38,-74,-40,-73,-41,-71,-45,-73,-47,-74,-46,-71,-52,-69,-47,-68,-53,-64,-54,-65,-56,0,0]"
CSI_DATA,29,1a:00:00:00:00:00,-45,11,1,0,1,1,1,0,0,0,1,-96,0,11,2,630132,0,44,0,384,0,"[0,0,0,0,0,0,0,0,0,0,0,0,-9,7,-9,7,-8,7,-8,7,-8,7,-8,7,-7,6,-7,6,-7,6,-6,6,-6,6,-6,6,-6,6,-6,6,-6,6,-5,6,-5,6,-5,6,-5,6,-5,5,-5,5,-5,5,-5,6,-5,5,-5,5,-5,5,0,0,-5,5,-5,4,-5,4,-5,4,-5,3,-5,3,-5,3,-5,2,-5,2,-5,1,-4,1,-4,1,-4,1,-3,0,-3,0,-3,-1,-3,0,-2,-1,-2,-1,-2,-1,-1,-1,-1,-1,-1,-1,-1,-1,0,-1,0,-1,0,0,0,0,0,0,0,0,0,0,0,0,0,0,-59,51,-53,50,-54,49,-49,45,-47,46,-45,43,-45,44,-47,39,-40,34,-40,41,-40,38,-35,40,-36,40,-33,34,-32,40,-33,37,-32,38,-30,34,-33,37,-25,35,-26,36,-24,36,-25,35,-25,37,-24,33,-25,35,-24,35,-26,36,-21,30,-21,35,-20,32,-23,29,-21,30,-24,26,-25,24,-27,24,-24,19,-22,13,-25,15,-24,17,-23,13,-18,10,-22,6,-18,6,-15,5,-16,1,-17,3,-12,0,-12,-1,-9,-1,-6,-2,-2,-3,-2,-3,-3,-6,1,-2,1,-3,3,-2,0,0,0,0,0,0,0,0,0,0,0,0,0,0,0,0,0,0,0,0,0,0,-3,21,-8,22,-8,20,-11,22,-17,23,-16,23,-17,23,-23,24,-25,26,-29,21,-31,23,-35,21,-38,21,-45,20,-45,16,-49,17,-53,13,-52,9,-55,5,-59,4,-60,2,-63,0,-66,-2,-69,-7,-64,-10,-68,-10,-67,-15,-66,-22,-63,-19,-64,-24,-63,-23,-67,-27,-64,-28,-64,-26,-64,-28,-64,-30,-65,-29,-63,-30,-63,-31,-63,-30,-69,-32,-67,-34,-69,-36,-72,-39,-72,-38,-66,-36,-68,-36,-76,-36,-71,-44,-76,-45,-70,-47,-73,-46,-70,-51,-68,-50,-65,-54,-63,-55,-64,-58,0,0]"
CSI_DATA,30,1a:00:00:00:00:00,-45,11,1,0,1,1,1,0,0,0,1,-96,0,11,2,641064,0,44,0,384,0,"[0,0,0,0,0,0,0,0,0,0,0,0,12,-3,11,-3,11,-3,10,-3,10,-3,10,-3,10,-3,9,-3,9,-3,9,-3,9,-4,8,-4,8,-4,8,-4,7,-4,7,-4,7,-4,7,-4,7,-4,7,-4,6,-4,6,-4,7,-4,7,-4,6,-4,6,-3,0,0,6,-3,6,-3,6,-2,6,-2,5,-2,5,-2,5,-1,5,-1,5,0,4,0,4,0,3,0,3,0,3,0,2,0,2,1,1,1,1,0,1,0,0,1,0,0,0,0,-1,0,-1,0,-1,0,-1,-1,0,0,0,0,0,0,0,0,0,0,0,0,0,0,71,-8,68,-6,73,-3,69,-7,64,-6,60,-6,60,-3,58,-6,58,-7,55,-4,54,-9,50,-9,49,-10,51,-7,45,-8,48,-8,48,-11,46,-11,44,-9,44,-13,41,-15,40,-12,37,-14,40,-15,42,-11,36,-16,38,-12,39,-11,39,-9,36,-11,38,-10,36,-8,34,-5,33,-8,32,-7,31,-2,31,-2,32,-1,30,1,32,0,22,3,22,3,18,8,16,8,17,6,10,8,10,8,8,5,8,11,6,6,4,6,2,4,1,6,-1,6,-1,2,-4,1,-1,2,0,0,0,0,0,0,0,0,0,0,0,0,0,0,0,0,0,0,0,0,0,0,16,-12,18,-15,20,-14,23,-10,23,-10,26,-6,28,-9,31,-8,30,-2,39,-1,39,2,42,7,43,7,44,11,46,18,47,19,45,24,48,25,47,28,49,32,47,34,47,39,46,42,42,48,43,51,42,54,38,55,39,55,35,56,38,60,34,58,32,60,34,65,32,61,32,60,31,60,29,62,28,64,29,65,31,65,31,68,31,69,30,69,31,71,29,69,31,74,29,73,32,75,31,77,26,81,28,81,21,83,22,81,21,83,16,82,14,77,15,86,0,0]"
CSI_DATA,31,1a:00:00:00:00:00,-45,11,1,0,1,1,1,0,0,0,1,-96,0,11,2,672942,0,44,0,384,0,"[0,0,0,0,0,0,0,0,0,0,0,0,6,9,6,9,6,9,6,8,6,8,5,8,6,7,5,7,5,7,6,7,5,6,5,6,5,6,5,6,5,5,5,5,5,5,5,5,5,5,5,4,5,5,5,4,5,4,5,4,5,4,4,4,0,0,4,5,4,4,3,4,4,5,3,4,3,4,2,4,2,4,1,4,1,4,1,4,0,3,0,3,0,3,0,2,0,2,-1,2,-1,1,-1,1,-1,1,-1,0,-1,0,-1,0,-1,-1,-1,-1,-1,-1,0,0,0,0,0,0,0,0,0,0,0,0,0,0,39,58,39,60,41,51,42,55,37,51,34,53,39,50,35,46,36,48,34,46,35,42,32,42,36,39,32,37,33,38,37,37,34,34,32,34,31,30,30,31,32,29,33,31,32,29,30,28,29,23,30,26,32,28,28,31,25,27,30,26,25,29,25,25,24,26,24,25,20,24,22,27,18,27,17,25,15,26,14,26,12,24,5,20,6,19,4,16,2,17,1,16,1,15,-1,12,-4,9,-3,8,-2,6,-5,6,-1,2,-4,3,-2,1,-2,-3,-4,-5,0,0,0,0,0,0,0,0,0,0,0,0,0,0,0,0,0,0,0,0,0,0,19,8,21,11,20,12,18,17,20,18,18,22,18,25,19,27,19,30,15,34,13,37,13,41,10,42,6,42,4,46,4,51,3,52,-1,55,-3,57,-8,59,-11,59,-10,58,-18,64,-22,65,-26,60,-26,62,-30,59,-29,62,-34,59,-36,61,-38,56,-38,55,-42,57,-36,56,-45,57,-39,53,-44,59,-34,65,-49,74,-44,0,-56,49,-49,66,-48,64,-50,59,-49,58,-43,67,-49,63,-47,66,-54,64,-59,66,-55,60,-58,59,-61,56,-64,55,-63,57,-64,55,-66,54,0,0]"
CSI_DATA,32,1a:00:00:00:00:00,-45,11,1,0,1,1,1,0,0,0,1,-96,0,11,2,680039,0,44,0,384,0,"[0,0,0,0,0,0,0,0,0,0,0,0,-9,7,-9,6,-9,6,-8,6,-8,6,-8,6,-8,6,-7,6,-7,6,-7,5,-7,6,-6,6,-6,6,-6,5,-6,5,-5,5,-5,6,-5,5,-5,5,-5,5,-5,5,-5,5,-5,5,-5,5,-5,4,-5,5,0,0,-5,5,-5,4,-5,4,-5,4,-5,3,-5,3,-5,2,-5,2,-5,2,-4,1,-4,1,-4,1,-4,0,-3,0,-3,0,-3,0,-3,0,-2,-1,-2,-1,-2,-1,-2,-1,-1,-1,-1,-1,-1,-1,0,-1,0,-1,0,0,0,0,0,0,0,0,0,0,0,0,0,0,-67,32,-63,34,-62,31,-60,32,-61,37,-57,26,-54,29,-55,30,-51,31,-48,33,-47,29,-46,29,-45,28,-41,27,-42,27,-38,28,-40,28,-37,27,-35,28,-32,28,-32,30,-33,31,-31,31,-31,30,-30,28,-30,30,-31,29,-29,26,-28,24,-30,25,-28,22,-31,25,-32,22,-31,21,-28,19,-28,14,-29,16,-27,14,-25,10,-24,10,-23,6,-19,4,-20,3,-19,2,-16,1,-15,-1,-15,0,-13,-2,-10,-4,-9,-4,-8,-5,-7,-5,-5,-5,-2,-3,1,-7,2,-4,3,-1,0,0,0,0,0,0,0,0,0,0,0,0,0,0,0,0,0,0,0,0,0,0,-8,16,-13,18,-18,16,-19,18,-22,17,-24,18,-25,17,-32,14,-32,13,-36,11,-37,9,-41,5,-43,5,-48,1,-48,-1,-53,-2,-52,-6,-55,-9,-54,-12,-56,-15,-55,-19,-61,-25,-59,-27,-56,-29,-57,-34,-59,-34,-61,-39,-55,-39,-54,-42,-55,-43,-54,-44,-54,-44,-54,-47,-53,-48,-53,-48,-54,-50,-50,-47,-53,-45,-50,-50,-53,-51,-54,-52,-58,-50,-56,-51,-56,-52,-56,-53,-57,-57,-56,-56,-58,-59,-60,-62,-55,-65,-55,-65,-53,-68,-54,-66,-50,-65,-52,-70,-49,-73,-44,-70,0,0]"
CSI_DATA,33,1a:00:00:00:00:00,-45,11,1,0,1,1,1,0,0,0,1,-96,0,11,2,692825,0,44,0,384,0,"[0,0,0,0,0,0,0,0,0,0,0,0,-4,11,-4,11,-4,10,-3,10,-4,10,-4,9,-3,9,-3,9,-3,9,-2,9,-2,9,-2,8,-2,8,-2,8,-2,8,-2,8,-2,7,-1,8,-1,7,-1,7,-1,7,-1,7,-1,7,-1,6,-1,7,-2,6,0,0,-2,6,-2,6,-2,6,-2,5,-2,5,-2,5,-3,5,-3,4,-3,4,-3,3,-3,3,-3,2,-3,2,-3,2,-3,1,-3,1,-2,0,-2,0,-2,0,-2,-1,-1,-1,-1,-1,-1,-1,-1,-1,-1,-1,0,-1,0,0,0,0,0,0,0,0,0,0,0,0,0,0,-27,67,-31,64,-29,65,-31,62,-30,61,-28,59,-25,59,-24,54,-21,55,-22,51,-20,54,-18,49,-19,53,-19,49,-17,48,-14,47,-16,47,-13,43,-11,44,-12,43,-10,43,-12,43,-8,43,-8,37,-9,40,-7,40,-8,38,-8,38,-12,36,-9,39,-11,37,-10,37,-13,37,-12,32,-8,32,-13,28,-13,27,-18,28,-17,24,-15,20,-19,20,-18,19,-17,16,-16,11,-13,8,-16,10,-12,8,-11,6,-11,3,-10,-2,-10,-2,-8,-4,-5,-1,-3,-4,-4,-2,-2,-6,3,-2,0,0,0,0,0,0,0,0,0,0,0,0,0,0,0,0,0,0,0,0,0,0,6,18,4,23,-1,23,0,27,-3,27,-3,30,-7,29,-9,28,-13,34,-17,34,-21,34,-23,37,-29,35,-29,35,-36,34,-40,29,-41,31,-46,29,-46,28,-53,27,-54,27,-56,26,-59,23,-60,19,-64,17,-64,15,-66,13,-69,10,-70,9,-70,5,-66,3,-73,1,-69,0,-74,1,-71,2,-74,-1,-73,-2,-70,0,-69,-1,-72,-3,-72,-5,-74,-4,-76,-3,-78,-3,-78,-3,-85,-7,-81,-6,-83,-5,-81,-8,-82,-15,-82,-15,-85,-16,-86,-22,-81,-22,-81,-24,-80,-21,-78,-25,0,0]"
CSI_DATA,34,1a:00:00:00:00:00,-45,11,1,0,1,1,1,0,0,0,1,-96,0,11,2,700056,0,44,0,384,0,"[0,0,0,0,0,0,0,0,0,0,0,0,-7,9,-7,9,-7,8,-7,8,-6,8,-6,8,-6,7,-5,7,-5,7,-5,7,-5,7,-5,7,-4,7,-4,6,-4,7,-4,7,-4,7,-4,6,-3,6,-4,6,-3,6,-3,6,-4,6,-3,6,-3,6,-4,6,0,0,-4,5,-4,5,-3,5,-4,4,-4,4,-4,4,-4,3,-4,3,-4,3,-4,2,-4,2,-3,2,-3,1,-3,1,-3,1,-3,0,-2,0,-2,0,-2,0,-2,0,-2,-1,-1,-1,-1,-1,-1,-1,0,-1,0,-1,0,0,0,0,0,0,0,0,0,0,0,0,0,0,-57,43,-54,44,-54,49,-53,47,-49,44,-44,43,-49,40,-44,41,-43,37,-42,36,-41,38,-38,39,-37,40,-38,35,-34,37,-32,35,-33,37,-29,34,-29,35,-30,37,-28,37,-27,38,-24,34,-27,34,-24,34,-23,32,-22,34,-24,34,-25,33,-23,30,-22,32,-23,28,-24,25,-27,26,-24,24,-24,19,-21,21,-26,21,-23,17,-21,19,-26,13,-17,10,-19,9,-16,7,-16,6,-16,4,-16,3,-14,1,-10,2,-11,-2,-7,1,-7,-2,-4,-1,-2,-6,1,-4,-1,-4,3,-3,0,0,0,0,0,0,0,0,0,0,0,0,0,0,0,0,0,0,0,0,0,0,-8,18,-13,20,-13,22,-16,19,-20,21,-24,19,-24,19,-24,16,-28,19,-32,17,-37,14,-39,15,-42,15,-43,11,-48,8,-53,5,-53,1,-55,1,-57,-2,-60,-5,-61,-7,-63,-13,-62,-15,-61,-18,-64,-20,-66,-22,-63,-25,-60,-28,-59,-31,-60,-34,-60,-35,-62,-38,-60,-37,-58,-38,-62,-42,-58,-37,-60,-39,-59,-38,-58,-37,-61,-38,-63,-41,-67,-38,-63,-42,-66,-43,-62,-46,-67,-40,-71,-46,-69,-47,-70,-50,-69,-50,-66,-56,-70,-66,-64,-53,-64,-57,-69,-61,-65,-62,-58,-58,0,0]"
CSI_DATA,35,1a:00:00:00:00:00,-45,11,1,0,1,1,1,0,0,0,1,-96,0,11,2,710079,0,44,0,384,0,"[0,0,0,0,0,0,0,0,0,0,0,0,-10,6,-9,6,-9,6,-9,6,-8,5,-8,6,-8,6,-7,6,-7,5,-7,5,-7,5,-7,5,-7,5,-6,5,-6,5,-6,5,-6,5,-5,5,-5,5,-5,5,-5,5,-5,5,-5,5,-5,5,-5,4,-5,4,0,0,-5,4,-5,4,-5,4,-5,4,-5,3,-5,3,-5,2,-5,2,-5,2,-5,1,-4,1,-4,0,-4,0,-4,0,-3,0,-3,0,-3,-1,-2,-1,-2,-1,-2,-1,-2,-1,-1,-1,-1,-1,0,-1,0,-1,0,-1,0,0,0,0,0,0,0,0,0,0,0,0,0,0,-64,41,-60,38,-57,38,-56,34,-57,35,-52,28,-53,29,-50,33,-45,28,-44,31,-45,28,-42,34,-42,30,-38,30,-41,30,-39,28,-38,27,-31,28,-36,31,-34,30,-32,28,-32,31,-31,30,-30,26,-30,27,-28,24,-29,27,-29,28,-29,23,-26,26,-30,26,-30,25,-26,24,-28,21,-25,21,-26,17,-26,14,-28,11,-25,11,-25,11,-26,9,-27,7,-20,2,-21,1,-16,-2,-16,-1,-15,-3,-13,-2,-10,-2,-7,-3,-7,-3,-8,-5,-2,-3,-2,-8,1,-3,2,-4,5,-3,0,0,0,0,0,0,0,0,0,0,0,0,0,0,0,0,0,0,0,0,0,0,-10,15,-11,17,-14,18,-19,20,-19,16,-20,17,-25,15,-29,16,-30,15,-31,12,-34,12,-38,11,-42,9,-45,5,-47,3,-48,0,-53,-1,-54,-9,-55,-9,-54,-12,-57,-14,-56,-18,-58,-21,-60,-24,-56,-26,-60,-29,-60,-32,-59,-34,-55,-37,-56,-39,-56,-40,-55,-41,-55,-40,-51,-44,-51,-45,-50,-42,-54,-45,-54,-44,-53,-45,-53,-45,-58,-46,-52,-45,-58,-50,-57,-49,-56,-49,-56,-48,-57,-53,-59,-55,-57,-54,-54,-59,-57,-57,-58,-60,-55,-61,-49,-60,-53,-67,-48,-66,-50,-67,0,0]"
CSI_DATA,36,1a:00:00:00:00:00,-45,11,1,0,1,1,1,0,0,0,1,-96,0,11,2,720966,0,44,0,384,0,"[0,0,0,0,0,0,0,0,0,0,0,0,-3,-12,-3,-12,-3,-12,-3,-11,-3,-11,-3,-10,-3,-10,-3,-10,-3,-9,-3,-9,-3,-9,-4,-9,-4,-9,-4,-8,-4,-8,-4,-8,-4,-8,-4,-8,-4,-7,-4,-7,-4,-7,-4,-7,-4,-7,-4,-7,-4,-7,-3,-7,0,0,-3,-7,-3,-7,-3,-7,-3,-6,-2,-6,-2,-6,-2,-6,-1,-6,-1,-5,-1,-5,-1,-4,0,-4,0,-4,0,-4,0,-3,0,-3,0,-2,0,-2,1,-2,0,-1,0,-1,0,-1,0,0,0,0,0,0,-1,0,0,0,0,0,0,0,0,0,0,0,0,0,0,0,-7,-75,-1,-71,-1,-73,-5,-71,-3,-65,-1,-66,-4,-62,-7,-60,-5,-60,-4,-56,-7,-54,-7,-55,-11,-49,-11,-50,-10,-50,-13,-51,-12,-47,-9,-45,-12,-46,-14,-41,-16,-45,-10,-44,-13,-43,-15,-41,-14,-38,-13,-40,-16,-38,-10,-39,-10,-37,-11,-40,-9,-39,-11,-37,-8,-36,-12,-39,-4,-35,-3,-36,-5,-33,-4,-33,-4,-29,-1,-28,2,-28,8,-22,5,-23,5,-21,7,-17,7,-13,7,-12,5,-12,6,-7,5,-7,6,-6,5,-4,5,0,4,1,4,-1,3,0,0,3,0,0,0,0,0,0,0,0,0,0,0,0,0,0,0,0,0,0,0,0,0,0,-9,-20,-7,-21,-7,-23,-4,-28,-4,-28,-3,-27,-1,-33,-1,-35,3,-34,8,-37,10,-41,15,-41,16,-40,20,-41,22,-41,27,-41,33,-46,33,-40,37,-41,39,-49,39,-51,47,-37,47,-39,53,-37,54,-32,58,-36,60,-31,60,-30,61,-27,65,-29,61,-25,67,-25,65,-26,64,-26,67,-24,66,-23,67,-23,67,-19,66,-24,67,-22,67,-24,69,-22,74,-24,74,-24,74,-26,72,-26,76,-23,78,-26,79,-23,78,-21,80,-18,84,-19,88,-19,77,-15,81,-14,84,-14,82,-11,0,0]"
CSI_DATA,37,1a:00:00:00:00:00,-45,11,1,0,1,1,1,0,0,0,1,-96,0,11,2,750263,0,44,0,384,0,"[0,0,0,0,0,0,0,0,0,0,0,0,4,10,4,9,4,10,4,9,4,9,4,8,4,8,4,8,4,7,4,7,4,7,4,7,4,7,4,6,4,6,4,6,4,6,4,6,4,5,4,5,4,5,4,5,4,6,4,5,4,5,3,5,0,0,3,5,3,5,3,5,2,5,2,5,2,5,1,5,1,4,1,4,0,4,0,3,0,3,-1,3,-1,3,-1,2,-1,2,-1,1,-1,1,-1,1,-1,1,-1,0,-1,0,-1,0,-1,-1,-1,-1,-1,-1,0,0,0,0,0,0,0,0,0,0,0,0,0,0,31,68,28,62,29,65,27,61,27,56,25,58,24,55,27,58,24,50,30,48,25,47,26,46,20,42,26,42,22,43,26,41,27,40,28,37,22,36,27,35,29,37,24,36,29,33,26,31,24,29,26,31,27,30,25,32,24,29,27,30,24,30,24,30,21,27,22,28,17,31,18,33,16,30,11,29,10,24,7,27,7,23,3,24,4,25,4,17,0,16,0,15,-2,14,-1,9,-3,8,-8,9,-4,6,-3,3,-7,2,-5,0,-4,-1,-1,-4,-2,-5,0,0,0,0,0,0,0,0,0,0,0,0,0,0,0,0,0,0,0,0,0,0,14,16,16,14,16,17,14,20,11,26,11,26,9,26,9,30,6,34,10,36,3,38,-1,42,-1,39,-3,47,-9,48,-9,45,-13,50,-20,50,-18,53,-24,53,-25,53,-28,54,-31,52,-38,50,-35,54,-40,52,-45,51,-48,51,-46,49,-53,49,-45,48,-54,51,-53,47,-51,43,-52,45,-55,45,-51,43,-55,42,-52,45,-52,42,-57,49,-53,42,-61,47,-58,49,-59,51,-59,48,-60,47,-62,47,-65,48,-64,46,-70,46,-69,51,-71,48,-73,43,-75,46,-74,43,-71,38,0,0]"
CSI_DATA,38,1a:00:00:00:00:00,-45,11,1,0,1,1,1,0,0,0,1,-96,0,11,2,760088,0,44,0,384,0,"[0,0,0,0,0,0,0,0,0,0,0,0,11,3,11,2,10,2,10,2,9,2,9,2,9,1,8,1,8,1,8,1,8,1,8,1,8,1,8,0,8,0,7,0,7,0,7,0,7,0,7,0,7,0,7,0,7,0,6,0,6,0,7,0,0,0,6,0,6,1,6,1,5,1,5,1,5,2,4,1,4,2,4,2,3,2,3,2,2,2,2,2,2,2,1,1,1,2,1,1,0,1,0,1,0,1,-1,1,-1,0,-1,0,-1,0,-1,0,-1,-1,0,0,0,0,0,0,0,0,0,0,0,0,0,0,66,27,65,29,67,25,61,26,57,28,57,22,53,24,52,21,53,18,50,17,51,19,46,16,47,10,46,12,45,12,44,10,43,10,45,11,44,11,41,8,42,6,41,10,41,6,40,6,41,8,39,8,39,0,39,6,36,9,36,8,36,8,39,9,33,13,35,7,33,10,34,10,27,14,26,12,24,14,25,16,21,15,16,15,14,14,12,12,11,11,7,13,7,10,3,9,4,12,3,8,1,5,-2,7,-1,5,-5,5,-5,0,-3,-1,-4,-3,0,0,0,0,0,0,0,0,0,0,0,0,0,0,0,0,0,0,0,0,0,0,21,-4,22,0,21,-2,26,2,23,4,25,6,24,13,28,12,30,16,31,20,34,23,33,24,32,30,30,30,32,34,27,38,28,42,26,43,23,45,21,51,21,52,20,58,15,57,14,61,10,61,8,61,6,66,5,67,2,64,2,68,1,65,-2,64,-6,68,-6,65,-6,66,-4,67,-8,65,-6,66,-5,70,-8,70,-2,72,-3,69,-7,74,-6,73,-8,74,-11,73,-13,75,-10,75,-12,77,-14,78,-14,80,-13,81,-20,81,-22,76,-21,79,-22,79,-23,77,0,0]"
CSI_DATA,39,1a:00:00:00:00:00,-45,11,1,0,1,1,1,0,0,0,1,-96,0,11,2,790096,0,44,0,384,0,"[0,0,0,0,0,0,0,0,0,0,0,0,9,-8,8,-8,8,-7,8,-7,7,-7,7,-7,6,-7,6,-7,6,-7,6,-7,6,-7,6,-7,5,-7,5,-6,5,-7,5,-6,5,-7,4,-6,4,-7,4,-6,4,-6,4,-6,4,-6,4,-6,4,-6,4,-6,0,0,4,-6,4,-5,4,-5,4,-5,4,-4,4,-4,4,-4,4,-3,4,-3,4,-2,4,-2,3,-2,3,-1,3,-1,2,-1,2,0,2,0,1,0,1,0,1,0,0,0,0,0,0,0,0,0,-1,0,-1,0,0,0,0,0,0,0,0,0,0,0,0,0,0,0,67,-31,66,-32,67,-28,60,-33,60,-24,56,-25,57,-27,52,-25,51,-24,48,-28,45,-27,47,-26,44,-27,46,-26,42,-26,39,-24,44,-28,39,-24,40,-24,37,-29,33,-28,36,-29,31,-28,34,-27,34,-26,34,-26,33,-27,31,-24,31,-21,33,-24,31,-21,32,-22,29,-19,32,-19,34,-17,31,-16,30,-12,30,-10,27,-6,28,-8,25,-6,23,-2,16,-3,20,1,20,-2,16,5,15,1,12,2,7,4,6,4,9,5,4,6,5,3,1,4,-2,5,-3,4,-4,-1,0,0,0,0,0,0,0,0,0,0,0,0,0,0,0,0,0,0,0,0,0,0,12,-19,13,-20,19,-19,15,-17,23,-17,22,-14,21,-17,31,-14,34,-15,39,-8,39,-8,40,-8,43,-9,47,-6,49,-1,52,4,50,9,52,7,50,11,53,16,53,18,52,17,57,27,54,29,54,32,57,35,52,39,52,41,55,39,49,43,51,46,49,47,49,47,44,46,48,49,48,48,47,49,50,50,46,50,49,52,46,52,51,51,55,53,51,55,51,54,56,57,54,57,55,61,51,62,47,66,47,66,50,68,48,71,46,66,45,72,43,71,41,71,0,0]"
CSI_DATA,40,1a:00:00:00:00:00,-45,11,1,0,1,1,1,0,0,0,1,-96,0,11,2,800099,0,44,0,384,0,"[0,0,0,0,0,0,0,0,0,0,0,0,4,-11,4,-11,4,-11,4,-10,4,-10,3,-10,3,-10,3,-10,3,-9,2,-9,2,-9,2,-9,2,-9,2,-8,1,-8,2,-9,1,-9,1,-8,1,-8,1,-8,1,-8,1,-8,1,-8,1,-8,1,-8,1,-8,0,0,1,-7,1,-7,2,-7,2,-7,2,-6,2,-6,2,-5,2,-5,2,-5,3,-4,2,-4,2,-3,2,-3,2,-3,2,-2,2,-2,2,-2,1,-1,1,-1,1,-1,1,0,0,0,0,0,0,0,0,0,-1,0,0,0,0,0,0,0,0,0,0,0,0,0,0,0,30,-68,31,-66,29,-65,30,-64,27,-57,26,-60,25,-58,27,-54,21,-54,19,-53,22,-53,19,-51,14,-52,14,-49,17,-49,16,-47,13,-45,9,-44,11,-45,10,-45,8,-49,8,-44,11,-43,6,-43,7,-41,10,-44,5,-42,8,-42,10,-40,8,-42,7,-40,12,-37,9,-37,11,-33,12,-32,16,-31,14,-32,14,-27,16,-27,14,-26,15,-24,14,-17,19,-18,14,-15,13,-12,13,-5,12,-9,9,-7,11,-5,9,-2,8,-2,7,-2,5,0,3,2,1,5,-3,2,-3,4,0,0,0,0,0,0,0,0,0,0,0,0,0,0,0,0,0,0,0,0,0,0,-4,-21,-2,-22,-1,-26,4,-27,5,-27,7,-28,11,-29,14,-31,16,-32,21,-29,23,-34,27,-32,28,-31,32,-31,36,-31,37,-31,43,-29,44,-27,50,-27,50,-24,57,-22,56,-22,58,-18,61,-13,64,-10,67,-10,65,-9,67,-7,66,-5,70,2,65,0,69,1,68,6,65,5,68,6,67,4,69,4,70,8,67,3,72,4,73,5,70,6,75,6,77,5,73,10,77,4,73,7,81,11,79,13,81,15,82,19,84,22,80,19,81,19,79,24,78,26,79,28,0,0]"
CSI_DATA,41,1a:00:00:00:00:00,-45,11,1,0,1,1,1,0,0,0,1,-96,0,11,2,810116,0,44,0,384,0,"[0,0,0,0,0,0,0,0,0,0,0,0,7,-9,7,-9,6,-9,6,-9,6,-8,6,-8,5,-8,5,-8,5,-8,4,-8,4,-8,4,-8,4,-8,4,-8,3,-7,3,-8,3,-7,3,-7,3,-7,3,-7,3,-7,3,-7,3,-7,3,-7,3,-7,3,-7,0,0,3,-6,3,-6,3,-6,3,-5,3,-5,3,-5,3,-4,3,-4,3,-4,3,-3,3,-3,3,-2,3,-2,2,-2,2,-1,2,-1,1,-1,1,-1,1,0,1,0,1,0,0,0,0,0,0,0,-1,0,-1,0,0,0,0,0,0,0,0,0,0,0,0,0,0,0,51,-55,48,-55,46,-53,44,-51,44,-51,43,-45,39,-48,40,-45,39,-46,38,-43,33,-45,33,-44,29,-44,28,-42,26,-42,26,-41,30,-40,25,-41,26,-38,21,-42,24,-42,21,-40,19,-40,18,-36,18,-37,18,-37,20,-40,19,-35,18,-36,19,-35,18,-34,21,-33,20,-32,18,-29,21,-29,23,-25,22,-26,19,-24,23,-23,18,-18,21,-18,19,-14,19,-8,17,-8,16,-6,19,-5,14,-9,12,-5,10,-1,7,-2,8,-1,6,3,7,3,5,5,2,3,1,3,-3,5,0,0,0,0,0,0,0,0,0,0,0,0,0,0,0,0,0,0,0,0,0,0,4,-22,6,-21,10,-21,13,-23,18,-24,17,-23,20,-24,25,-21,27,-23,30,-20,32,-19,37,-16,39,-16,44,-15,46,-13,43,-13,52,-11,52,-5,59,-6,58,-4,56,2,61,0,63,4,63,9,62,15,66,15,63,19,64,18,61,23,62,20,62,25,64,28,64,28,60,30,62,31,61,31,62,33,66,31,64,28,62,30,63,29,66,35,65,37,69,32,69,34,68,34,70,36,74,34,69,36,71,39,67,41,73,46,69,49,68,45,69,46,65,48,66,50,0,0]"
CSI_DATA,42,1a:00:00:00:00:00,-45,11,1,0,1,1,1,0,0,0,1,-96,0,11,2,820468,0,44,0,384,0,"[0,0,0,0,0,0,0,0,0,0,0,0,10,-6,10,-5,9,-5,9,-5,9,-5,8,-5,8,-5,8,-5,8,-5,8,-6,7,-5,7,-6,7,-5,6,-5,6,-5,6,-6,6,-6,6,-5,5,-5,5,-5,5,-5,5,-5,5,-5,5,-5,5,-5,5,-5,0,0,5,-4,5,-4,5,-3,5,-3,5,-3,5,-3,5,-2,4,-2,4,-2,4,-1,4,-1,3,-1,3,0,3,0,2,0,2,0,2,0,1,0,1,1,1,0,0,0,0,0,0,0,-1,0,-1,0,-1,0,0,0,0,0,0,0,0,0,0,0,0,0,0,0,68,-31,70,-33,62,-28,63,-27,61,-30,54,-23,54,-26,51,-25,54,-23,50,-25,50,-26,44,-28,46,-26,46,-27,41,-26,41,-30,41,-30,39,-25,36,-26,36,-29,35,-25,39,-24,34,-26,35,-23,34,-24,30,-27,33,-30,33,-25,32,-24,32,-26,29,-21,33,-22,31,-20,32,-19,30,-18,27,-16,30,-12,31,-14,30,-10,27,-10,28,-6,24,-2,22,1,23,-3,19,-3,17,4,14,3,12,4,10,1,7,4,6,4,6,3,2,4,0,5,0,3,-1,3,-7,-1,0,0,0,0,0,0,0,0,0,0,0,0,0,0,0,0,0,0,0,0,0,0,12,-18,11,-18,16,-17,18,-20,21,-17,24,-15,26,-16,30,-15,29,-11,34,-12,39,-6,40,-8,42,-8,45,-3,44,-1,50,7,48,7,53,9,50,10,56,17,56,22,55,25,56,25,53,30,52,33,56,35,54,39,52,39,51,43,48,45,52,48,47,44,45,49,44,49,50,49,47,48,48,49,46,49,50,49,48,52,48,55,50,55,49,53,52,58,49,55,56,58,53,58,52,58,52,64,51,67,49,70,51,64,45,71,47,68,45,69,43,69,41,73,0,0]"
CSI_DATA,43,1a:00:00:00:00:00,-45,11,1,0,1,1,1,0,0,0,1,-96,0,11,2,831269,0,44,0,384,0,"[0,0,0,0,0,0,0,0,0,0,0,0,-1,-13,-1,-12,-1,-12,-1,-11,-1,-11,-1,-11,-1,-11,-1,-10,-1,-10,-1,-10,-1,-10,-2,-10,-1,-9,-2,-9,-2,-9,-2,-9,-2,-8,-2,-8,-3,-8,-3,-8,-2,-8,-3,-8,-2,-8,-2,-8,-2,-8,-2,-8,0,0,-2,-7,-1,-7,-1,-7,-1,-7,-1,-7,-1,-6,-1,-6,0,-6,0,-5,1,-5,1,-5,1,-4,1,-4,1,-3,1,-3,1,-3,1,-3,1,-2,1,-2,1,-1,0,-1,0,-1,0,0,0,0,0,0,-1,0,0,0,0,0,0,0,0,0,0,0,0,0,0,0,2,-70,1,-71,2,-70,-2,-67,-5,-65,0,-66,-4,-62,0,-57,-4,-60,-3,-57,-7,-55,-7,-50,-7,-52,-7,-51,-7,-51,-11,-51,-10,-47,-9,-46,-8,-49,-12,-46,-13,-42,-12,-44,-12,-44,-11,-40,-9,-42,-13,-41,-12,-39,-14,-41,-12,-37,-11,-43,-11,-38,-7,-40,-6,-35,-7,-35,-6,-38,0,-37,0,-31,2,-32,2,-29,2,-30,5,-28,5,-24,7,-23,5,-19,8,-14,8,-16,8,-13,4,-9,4,-8,6,-7,7,-4,9,-3,5,-5,2,-1,3,1,-1,2,-2,5,0,0,0,0,0,0,0,0,0,0,0,0,0,0,0,0,0,0,0,0,0,0,-9,-16,-9,-19,-9,-23,-6,-26,-4,-28,-2,-29,-1,-28,4,-33,-1,-35,9,-37,7,-39,11,-38,14,-41,20,-42,23,-41,25,-44,33,-45,33,-42,36,-44,38,-44,44,-41,46,-36,49,-42,52,-36,53,-36,55,-33,57,-33,61,-34,63,-30,61,-29,63,-24,61,-26,66,-23,67,-20,68,-21,67,-20,66,-20,69,-24,67,-21,65,-22,68,-21,70,-27,72,-25,74,-27,73,-23,69,-25,77,-21,76,-23,80,-18,81,-19,81,-16,79,-20,80,-19,84,-12,80,-17,83,-7,84,-12,0,0]"
CSI_DATA,44,1a:00:00:00:00:00,-45,11,1,0,1,1,1,0,0,0,1,-96,0,11,2,840717,0,44,0,384,0,"[0,0,0,0,0,0,0,0,0,0,0,0,-6,10,-5,9,-5,10,-5,9,-5,9,-4,8,-4,9,-4,8,-4,8,-4,8,-3,8,-3,8,-3,8,-3,8,-3,7,-3,7,-2,7,-3,7,-2,7,-2,7,-3,7,-3,7,-3,7,-3,7,-2,7,-3,6,0,0,-3,6,-3,6,-3,5,-3,5,-3,5,-3,4,-4,4,-4,4,-4,3,-4,3,-4,3,-3,2,-3,2,-3,1,-3,1,-3,1,-3,0,-2,0,-2,0,-2,0,-2,-1,-1,-1,-1,-1,-1,-1,-1,-1,0,-1,0,0,0,0,0,0,0,0,0,0,0,0,0,0,-34,62,-39,61,-35,63,-37,59,-32,58,-32,57,-31,52,-29,51,-28,45,-26,50,-25,48,-25,49,-23,47,-22,45,-20,48,-19,46,-20,47,-18,44,-15,41,-15,42,-15,43,-16,41,-13,42,-12,37,-13,38,-15,40,-11,40,-12,38,-10,37,-13,38,-15,39,-16,35,-18,34,-14,32,-18,34,-17,29,-17,26,-21,28,-16,23,-20,23,-21,21,-18,18,-18,15,-16,10,-15,7,-13,8,-14,7,-12,5,-10,1,-9,0,-7,2,-5,0,-4,1,-3,-3,-2,-6,-1,-3,0,-4,0,0,0,0,0,0,0,0,0,0,0,0,0,0,0,0,0,0,0,0,0,0,1,20,-5,23,-4,26,-7,25,-12,25,-14,25,-18,25,-21,25,-22,30,-25,27,-27,26,-32,26,-38,26,-37,25,-42,23,-47,20,-48,25,-53,18,-55,20,-57,16,-55,13,-60,10,-62,5,-63,5,-65,0,-67,1,-64,-6,-69,-2,-68,-7,-70,-9,-68,-14,-68,-14,-66,-14,-68,-13,-65,-16,-68,-17,-69,-20,-69,-16,-65,-17,-70,-16,-70,-18,-70,-16,-75,-17,-76,-19,-77,-18,-80,-19,-82,-21,-76,-22,-79,-24,-80,-25,-77,-28,-81,-28,-80,-33,-76,-32,-77,-34,-78,-38,-74,-39,0,0]"
CSI_DATA,45,1a:00:00:00:00:00,-45,11,1,0,1,1,1,0,0,0,1,-96,0,11,2,852420,0,44,0,384,0,"[0,0,0,0,0,0,0,0,0,0,0,0,-10,-8,-9,-8,-9,-7,-9,-7,-9,-7,-8,-6,-8,-6,-8,-6,-8,-6,-8,-6,-8,-5,-8,-5,-8,-5,-8,-5,-7,-5,-8,-5,-8,-4,-7,-4,-7,-4,-7,-4,-7,-4,-7,-4,-7,-4,-7,-4,-7,-4,-7,-4,0,0,-6,-4,-6,-4,-6,-4,-5,-4,-5,-4,-5,-4,-4,-5,-4,-5,-4,-4,-3,-4,-3,-4,-3,-4,-2,-3,-2,-3,-1,-3,-1,-3,-1,-3,0,-3,0,-2,0,-2,0,-2,0,-1,0,-1,0,-1,0,0,0,0,0,0,0,0,0,0,0,0,0,0,0,0,0,0,-49,-53,-52,-55,-45,-50,-46,-47,-50,-48,-42,-44,-43,-41,-41,-38,-43,-40,-39,-38,-41,-37,-40,-34,-40,-35,-41,-31,-37,-36,-41,-35,-41,-33,-36,-28,-37,-25,-41,-29,-38,-23,-40,-25,-37,-21,-35,-22,-36,-23,-35,-25,-38,-24,-37,-21,-36,-25,-33,-22,-31,-22,-28,-22,-32,-23,-28,-24,-29,-23,-25,-24,-24,-25,-20,-24,-21,-25,-15,-21,-13,-25,-15,-22,-8,-23,-8,-18,-3,-16,-2,-17,-4,-13,-1,-11,1,-12,2,-14,3,-9,0,-8,-2,-5,4,-4,1,-4,5,2,2,2,0,0,0,0,0,0,0,0,0,0,0,0,0,0,0,0,0,0,0,0,0,0,-19,-5,-22,-6,-22,-10,-24,-15,-24,-17,-19,-19,-22,-22,-20,-23,-21,-28,-21,-32,-22,-35,-19,-38,-17,-41,-17,-43,-14,-44,-13,-49,-10,-49,-5,-57,-5,-52,0,-59,0,-59,5,-63,11,-63,9,-62,16,-61,18,-64,21,-68,21,-63,24,-66,22,-61,27,-64,32,-58,29,-66,27,-63,31,-62,31,-61,33,-65,33,-61,34,-62,35,-61,33,-65,35,-68,31,-66,36,-76,41,-63,36,-73,39,-69,36,-71,43,-68,49,-75,47,-70,50,-73,52,-67,50,-66,52,-64,54,-61,57,-64,0,0]"
CSI_DATA,46,1a:00:00:00:00:00,-45,11,1,0,1,1,1,0,0,0,1,-96,0,11,2,860107,0,44,0,384,0,"[0,0,0,0,0,0,0,0,0,0,0,0,-11,3,-11,3,-11,3,-10,3,-10,3,-10,3,-9,3,-9,3,-9,3,-8,3,-8,3,-8,3,-8,3,-8,3,-7,3,-7,4,-7,4,-7,4,-7,4,-7,4,-6,4,-6,3,-7,3,-6,3,-6,3,-6,3,0,0,-6,3,-6,2,-6,2,-6,2,-6,2,-6,2,-6,1,-5,1,-5,0,-5,0,-5,0,-4,-1,-4,-1,-3,-1,-3,-1,-3,-1,-3,-1,-2,-1,-2,-1,-2,-1,-1,-1,-1,-1,-1,-1,0,-1,0,-1,0,-1,0,0,0,0,0,0,0,0,0,0,0,0,0,0,-70,26,-69,21,-69,23,-66,23,-61,21,-60,21,-54,20,-56,22,-52,21,-53,23,-52,21,-45,23,-44,23,-45,22,-42,21,-41,23,-44,24,-41,25,-41,26,-38,24,-38,28,-33,22,-37,25,-37,24,-38,22,-35,23,-32,22,-35,24,-35,22,-32,21,-32,21,-31,21,-31,16,-31,19,-29,15,-33,14,-34,12,-30,12,-28,5,-26,5,-24,3,-27,3,-25,1,-21,-1,-21,-1,-13,-4,-14,-3,-13,-3,-12,-6,-8,-6,-7,-4,-5,-6,-3,-9,-1,-5,1,-1,4,-6,5,-2,0,0,0,0,0,0,0,0,0,0,0,0,0,0,0,0,0,0,0,0,0,0,-13,15,-15,15,-19,14,-24,14,-23,14,-29,10,-32,6,-30,6,-33,7,-38,5,-39,1,-42,-1,-43,-1,-45,-7,-48,-8,-48,-15,-51,-15,-49,-15,-53,-19,-53,-20,-52,-27,-52,-36,-52,-31,-50,-36,-51,-42,-50,-44,-50,-44,-48,-47,-48,-47,-49,-52,-48,-51,-46,-55,-40,-55,-44,-55,-42,-56,-44,-58,-43,-54,-43,-52,-42,-56,-45,-61,-47,-59,-41,-58,-45,-62,-47,-60,-47,-64,-44,-62,-46,-66,-47,-64,-46,-69,-45,-67,-46,-75,-42,-71,-45,-77,-36,-70,-37,-76,-36,-72,-37,-72,0,0]"
CSI_DATA,47,1a:00:00:00:00:00,-45,11,1,0,1,1,1,0,0,0,1,-96,0,11,2,871558,0,44,0,384,0,"[0,0,0,0,0,0,0,0,0,0,0,0,1,12,1,12,1,11,1,11,1,10,1,10,1,10,1,9,1,9,2,9,1,9,2,9,2,8,2,8,2,8,2,8,2,7,2,7,2,7,2,7,2,7,2,7,2,7,2,7,2,7,2,6,0,0,2,7,1,6,1,6,1,6,0,6,0,6,0,5,-1,5,-1,4,-1,4,-1,4,-1,3,-2,3,-1,2,-2,2,-2,2,-2,1,-2,1,-2,1,-2,0,-1,0,-1,0,-1,0,-1,-1,-1,-1,-1,-1,0,0,0,0,0,0,0,0,0,0,0,0,0,0,-5,74,-7,72,-5,71,-5,63,-4,67,-2,64,-4,60,-1,57,0,57,0,54,3,57,3,52,5,53,2,51,2,47,5,47,6,48,6,45,6,43,6,44,7,45,6,44,8,42,8,40,6,42,6,39,5,41,12,39,5,35,6,40,5,38,8,40,2,37,3,35,0,36,-1,33,3,32,-3,33,-3,30,-6,27,-7,23,-5,23,-9,19,-7,16,-5,17,-11,14,-8,11,-6,9,-8,8,-8,5,-6,2,-4,3,-7,0,-6,-3,-2,-3,-1,-5,-1,-4,0,0,0,0,0,0,0,0,0,0,0,0,0,0,0,0,0,0,0,0,0,0,5,20,5,21,3,24,5,24,1,26,-1,28,-6,28,-6,29,-8,30,-10,36,-18,35,-18,38,-19,36,-26,37,-28,37,-32,36,-35,38,-40,39,-41,36,-44,34,-48,37,-54,33,-51,29,-56,30,-60,28,-63,26,-64,22,-62,21,-68,20,-65,20,-65,18,-65,17,-64,16,-69,15,-69,13,-69,12,-68,14,-68,13,-69,12,-71,13,-73,15,-71,14,-76,14,-77,17,-76,12,-80,16,-78,11,-79,13,-82,12,-84,9,-82,7,-84,9,-85,8,-84,5,-87,1,-86,0,-84,-2,0,0]"
CSI_DATA,48,1a:00:00:00:00:00,-45,11,1,0,1,1,1,0,0,0,1,-96,0,11,2,880157,0,44,0,384,0,"[0,0,0,0,0,0,0,0,0,0,0,0,-8,-9,-8,-9,-8,-8,-8,-8,-8,-8,-8,-8,-8,-7,-7,-7,-7,-7,-7,-6,-7,-6,-7,-6,-7,-6,-7,-6,-7,-6,-7,-5,-7,-5,-7,-5,-7,-5,-7,-5,-7,-5,-6,-5,-6,-5,-6,-4,-6,-5,-6,-5,0,0,-6,-5,-5,-5,-5,-5,-5,-5,-4,-5,-4,-5,-4,-5,-3,-5,-3,-5,-3,-4,-2,-4,-2,-4,-1,-4,-1,-4,-1,-3,-1,-3,0,-3,0,-2,0,-2,0,-2,0,-2,0,-1,0,-1,0,-1,0,0,0,0,0,0,0,0,0,0,0,0,0,0,0,0,0,0,-30,-70,-31,-69,-34,-63,-32,-60,-32,-60,-27,-57,-28,-55,-28,-53,-26,-51,-28,-54,-28,-48,-30,-46,-26,-43,-27,-41,-26,-42,-27,-37,-29,-41,-29,-40,-29,-37,-29,-39,-30,-38,-26,-34,-27,-33,-30,-30,-27,-29,-27,-31,-25,-31,-31,-29,-27,-34,-25,-34,-23,-30,-24,-32,-24,-28,-17,-31,-20,-31,-16,-30,-17,-30,-15,-29,-13,-27,-11,-23,-7,-26,-3,-22,-2,-21,2,-22,-4,-20,-3,-17,1,-16,1,-12,2,-8,1,-8,3,-9,4,-5,1,-2,6,-3,5,-1,2,2,2,5,0,0,0,0,0,0,0,0,0,0,0,0,0,0,0,0,0,0,0,0,0,0,-17,-13,-17,-15,-16,-18,-16,-23,-15,-25,-13,-26,-15,-29,-14,-33,-11,-36,-9,-35,-4,-38,-2,-44,-3,-46,0,-47,1,-49,8,-50,10,-52,14,-51,12,-55,22,-55,21,-55,22,-55,30,-55,33,-54,33,-52,40,-55,40,-53,45,-53,42,-52,46,-51,48,-49,49,-47,47,-51,49,-48,50,-48,51,-48,49,-43,50,-44,50,-45,51,-49,55,-52,52,-49,59,-51,54,-55,57,-50,51,-56,59,-53,61,-51,62,-54,64,-48,67,-48,67,-48,74,-52,65,-45,71,-41,71,-43,70,-43,0,0]"
CSI_DATA,49,1a:00:00:00:00:00,-45,11,1,0,1,1,1,0,0,0,1,-96,0,11,2,890104,0,44,0,384,0,"[0,0,0,0,0,0,0,0,0,0,0,0,0,11,0,10,1,10,0,10,1,9,0,9,0,8,1,9,1,8,1,8,1,8,1,8,1,7,1,7,2,7,1,7,1,7,1,7,2,7,2,7,2,6,2,7,1,7,2,7,1,6,1,6,0,0,1,6,1,6,0,6,0,5,0,6,0,5,-1,5,-1,5,-1,4,-1,4,-1,3,-1,3,-2,3,-2,2,-2,2,-2,2,-2,1,-2,1,-1,0,-1,0,-2,0,-2,0,-2,-1,-1,-1,-1,-1,0,-1,0,0,0,0,0,0,0,0,0,0,0,0,0,0,-7,72,-6,69,-6,75,-7,67,-6,67,-5,62,-6,60,-5,58,-1,58,-3,56,-6,54,-1,51,-1,50,0,50,3,50,4,49,2,47,5,43,3,44,2,44,4,43,4,43,7,42,6,39,4,41,4,38,5,43,4,41,5,40,4,40,1,39,1,36,-1,35,0,35,1,36,-5,32,-5,31,-9,29,-5,31,-6,26,-8,21,-9,18,-12,20,-9,15,-9,12,-10,16,-7,9,-8,7,-8,6,-8,4,-8,2,-7,1,-4,-2,-4,-2,-4,-4,-4,-2,1,-4,0,0,0,0,0,0,0,0,0,0,0,0,0,0,0,0,0,0,0,0,0,0,11,18,11,22,7,24,6,22,5,26,4,25,3,28,-4,33,-4,34,-8,34,-8,35,-13,41,-16,42,-16,41,-23,43,-27,39,-31,42,-34,42,-38,42,-40,38,-43,36,-49,35,-53,37,-52,36,-56,36,-57,32,-60,31,-58,27,-62,24,-63,26,-64,25,-65,21,-69,15,-67,18,-69,20,-68,15,-63,21,-69,20,-71,21,-68,21,-70,13,-71,19,-74,18,-72,17,-76,16,-79,20,-78,15,-76,17,-84,16,-85,11,-85,11,-83,9,-84,3,-85,6,-83,6,-84,6,-85,-4,0,0]"
CSI_DATA,50,1a:00:00:00:00:00,-45,11,1,0,1,1,1,0,0,0,1,-96,0,11,2,910092,0,44,0,384,0,"[0,0,0,0,0,0,0,0,0,0,0,0,10,2,10,2,10,2,10,2,9,2,9,1,9,0,9,0,9,0,8,0,8,0,8,0,8,0,8,0,7,0,7,-1,7,-1,7,-1,7,-1,7,-1,7,-1,7,-1,7,-1,7,-1,6,-1,7,-1,0,0,6,-1,6,0,6,0,5,0,5,0,5,0,5,0,4,1,4,1,4,1,3,1,2,1,2,1,2,1,2,1,1,1,1,1,1,1,0,1,0,1,0,1,0,0,-1,0,-1,0,-1,0,-1,0,0,0,0,0,0,0,0,0,0,0,0,0,0,0,71,20,69,16,70,16,65,15,61,17,59,16,56,12,58,12,53,11,50,9,51,9,51,7,49,5,48,4,46,7,47,3,45,5,47,1,46,1,45,1,47,-1,42,2,42,-3,41,1,43,0,42,1,38,-3,43,-2,39,0,38,-2,39,0,40,-1,35,1,39,3,34,3,32,7,31,6,30,8,27,8,26,10,24,11,20,9,18,11,16,11,13,11,13,11,8,8,7,12,4,10,2,9,0,5,0,4,-1,5,-1,3,-6,0,-6,1,-5,-1,0,0,0,0,0,0,0,0,0,0,0,0,0,0,0,0,0,0,0,0,0,0,17,-5,21,-5,25,-1,25,2,26,2,26,3,29,6,31,11,30,12,32,15,34,17,33,19,31,27,36,30,33,31,35,33,33,40,30,40,33,44,28,50,29,50,28,51,26,55,21,58,22,59,17,61,14,62,13,67,10,67,10,64,8,64,7,66,6,68,3,66,7,65,4,70,2,72,3,69,7,78,-2,76,6,72,5,77,8,77,5,76,2,74,8,72,2,76,1,79,-1,86,-3,82,-5,82,-5,82,-8,83,-10,77,-10,80,-15,82,-14,80,0,0]"
CSI_DATA,51,1a:00:00:00:00:00,-45,11,1,0,1,1,1,0,0,0,1,-96,0,11,2,930062,0,44,0,384,0,"[0,0,0,0,0,0,0,0,0,0,0,0,-1,-12,-2,-12,-2,-11,-2,-11,-2,-11,-2,-11,-2,-10,-2,-10,-2,-10,-2,-9,-2,-9,-2,-9,-2,-9,-2,-9,-2,-9,-3,-8,-3,-8,-3,-8,-3,-8,-3,-8,-3,-8,-3,-8,-2,-8,-2,-8,-2,-8,-2,-7,0,0,-2,-7,-2,-7,-2,-7,-1,-7,-1,-7,0,-6,0,-6,0,-6,0,-5,0,-5,1,-5,1,-4,1,-4,1,-4,1,-3,1,-3,1,-2,1,-2,1,-2,1,-1,1,-1,0,-1,0,0,0,0,0,0,0,0,0,0,0,0,0,0,0,0,0,0,0,0,0,0,7,-75,9,-72,7,-73,7,-67,3,-69,8,-62,3,-61,6,-58,1,-59,2,-57,1,-57,0,-54,-2,-55,0,-51,-2,-53,-3,-51,-4,-49,-5,-47,0,-44,-2,-47,-6,-46,-5,-45,-8,-43,-6,-41,-7,-41,-7,-38,-4,-42,-8,-43,-1,-43,-8,-41,-2,-42,-3,-37,-3,-37,1,-35,-1,-35,0,-34,4,-33,1,-29,4,-31,5,-26,8,-25,10,-22,6,-20,7,-15,13,-17,11,-12,7,-13,7,-10,6,-8,7,-5,7,-2,6,-1,7,-1,1,4,4,4,-1,5,-2,3,0,0,0,0,0,0,0,0,0,0,0,0,0,0,0,0,0,0,0,0,0,0,-8,-19,-8,-20,-4,-24,-3,-24,-3,-27,0,-29,2,-29,5,-32,5,-35,7,-35,15,-36,17,-41,19,-39,22,-40,27,-41,28,-41,36,-41,34,-38,37,-40,43,-39,46,-38,50,-36,54,-35,52,-30,55,-29,61,-29,62,-28,65,-28,65,-24,68,-21,65,-20,68,-21,70,-19,65,-16,68,-13,67,-15,69,-16,68,-15,68,-16,70,-15,73,-16,73,-14,74,-15,75,-18,77,-17,74,-14,74,-12,82,-15,82,-14,82,-9,80,-7,84,-10,87,-7,85,-3,84,-3,87,-2,83,3,0,0]"
CSI_DATA,52,1a:00:00:00:00:00,-45,11,1,0,1,1,1,0,0,0,1,-96,0,11,2,940181,0,44,0,384,0,"[0,0,0,0,0,0,0,0,0,0,0,0,-10,7,-9,7,-8,6,-8,6,-8,6,-8,6,-8,6,-8,6,-8,5,-6,6,-7,6,-7,6,-6,6,-6,6,-6,6,-6,5,-6,6,-5,5,-5,5,-5,5,-5,5,-5,5,-5,5,-5,5,-5,4,-5,5,0,0,-6,4,-5,4,-5,4,-5,3,-5,3,-5,3,-5,2,-5,2,-5,1,-5,1,-4,1,-4,0,-4,0,-3,0,-3,-1,-3,-1,-3,-1,-2,-1,-2,-1,-1,-1,-1,-1,-1,-1,-1,-1,0,-1,0,-1,0,-1,0,0,0,0,0,0,0,0,0,0,0,0,0,0,-66,38,-60,33,-59,42,-58,33,-58,36,-54,35,-50,31,-52,34,-46,29,-48,35,-48,29,-42,28,-45,31,-36,27,-36,31,-36,31,-37,29,-34,29,-36,31,-33,28,-35,35,-32,30,-32,31,-32,28,-31,30,-31,27,-28,26,-30,31,-30,27,-27,29,-30,27,-33,25,-31,20,-30,22,-29,20,-31,16,-32,15,-29,12,-25,8,-26,9,-26,9,-24,6,-20,3,-20,2,-19,-3,-15,1,-17,2,-12,-4,-9,-4,-5,-4,-8,-3,-5,-4,-6,-7,2,-5,2,-2,4,-3,5,-5,0,0,0,0,0,0,0,0,0,0,0,0,0,0,0,0,0,0,0,0,0,0,-7,19,-11,24,-11,20,-16,21,-16,18,-21,19,-22,17,-27,18,-33,19,-29,15,-37,17,-37,16,-43,13,-43,12,-46,7,-44,5,-52,6,-50,0,-57,-1,-59,-10,-58,-10,-58,-13,-58,-17,-62,-18,-59,-21,-61,-24,-62,-26,-64,-32,-58,-33,-61,-34,-59,-34,-60,-38,-58,-43,-58,-39,-59,-47,-59,-42,-56,-37,-56,-33,-62,-44,-59,-42,-60,-44,-58,-42,-66,-48,-60,-47,-60,-50,-55,-47,-60,-53,-65,-56,-62,-58,-62,-58,-60,-60,-61,-59,-58,-64,-52,-62,-58,-61,-57,-69,-53,-69,0,0]"
CSI_DATA,53,1a:00:00:00:00:00,-45,11,1,0,1,1,1,0,0,0,1,-96,0,11,2,950172,0,44,0,384,0,"[0,0,0,0,0,0,0,0,0,0,0,0,-2,11,-2,11,-1,11,-1,10,-2,10,-2,9,-1,10,-2,9,-1,9,-1,9,-1,9,-1,8,0,8,0,8,0,8,0,8,0,7,0,8,0,7,0,7,0,7,0,7,0,7,0,7,0,7,-1,7,0,0,-1,7,-1,7,-1,6,-1,6,-1,5,-2,5,-2,5,-2,5,-3,4,-3,4,-3,3,-3,3,-3,2,-3,2,-2,2,-2,1,-2,1,-2,0,-2,0,-2,0,-2,-1,-1,-1,-1,-1,-1,-1,0,-1,0,-1,0,0,0,0,0,0,0,0,0,0,0,0,0,0,-13,72,-12,70,-12,69,-13,69,-15,63,-7,62,-12,62,-7,57,-8,57,-7,57,-5,54,-4,53,-5,52,-4,45,-3,50,2,49,-4,45,-1,45,-1,49,3,45,5,41,5,44,6,42,2,45,1,39,0,42,3,39,0,39,0,42,-1,39,0,38,1,38,-1,33,0,35,-2,36,-4,33,-7,31,-7,28,-9,25,-10,25,-12,24,-12,18,-14,17,-10,15,-10,15,-10,13,-11,11,-10,10,-10,4,-8,7,-9,1,-10,-2,-7,-1,-6,-3,-3,-5,2,-5,2,-7,0,0,0,0,0,0,0,0,0,0,0,0,0,0,0,0,0,0,0,0,0,0,8,18,7,21,7,20,3,22,3,24,0,25,-4,26,-4,28,-8,34,-11,37,-15,37,-17,37,-19,36,-22,36,-25,37,-28,38,-34,39,-35,35,-40,40,-37,38,-47,36,-46,33,-49,35,-57,30,-59,28,-61,29,-60,24,-64,22,-63,23,-67,22,-65,20,-68,15,-69,13,-67,12,-71,11,-70,17,-72,15,-70,12,-71,12,-71,12,-70,15,-74,14,-77,15,-75,15,-76,11,-80,9,-78,11,-82,12,-83,11,-79,5,-86,2,-83,4,-84,0,-85,0,-86,0,-87,-8,-84,-8,0,0]"
CSI_DATA,54,1a:00:00:00:00:00,-45,11,1,0,1,1,1,0,0,0,1,-96,0,11,2,960077,0,44,0,384,0,"[0,0,0,0,0,0,0,0,0,0,0,0,-9,-8,-8,-8,-9,-8,-8,-7,-8,-7,-8,-7,-7,-7,-7,-6,-8,-6,-8,-6,-7,-5,-7,-5,-7,-5,-7,-5,-7,-5,-7,-5,-7,-4,-7,-4,-7,-4,-7,-4,-7,-4,-7,-4,-7,-4,-7,-4,-7,-4,-6,-4,0,0,-6,-4,-6,-4,-5,-4,-5,-4,-5,-5,-5,-5,-4,-5,-4,-5,-4,-4,-3,-4,-3,-4,-2,-4,-2,-4,-2,-3,-1,-3,-1,-3,-1,-3,-1,-2,-1,-2,0,-2,0,-2,0,-1,0,-1,0,-1,0,0,0,0,0,0,0,0,0,0,0,0,0,0,0,0,0,0,-48,-58,-46,-56,-45,-52,-44,-52,-43,-50,-40,-46,-42,-46,-42,-44,-38,-44,-41,-41,-39,-35,-37,-39,-38,-36,-38,-33,-36,-33,-37,-31,-39,-32,-40,-29,-36,-29,-37,-28,-36,-27,-36,-25,-38,-23,-38,-25,-35,-26,-38,-22,-35,-25,-35,-24,-36,-22,-30,-25,-33,-23,-31,-23,-28,-25,-30,-24,-27,-24,-23,-25,-24,-25,-20,-26,-22,-24,-19,-25,-13,-24,-12,-23,-8,-19,-8,-19,-7,-18,-6,-15,-4,-15,-4,-12,-1,-11,2,-9,4,-8,5,-4,2,-5,2,-4,0,0,3,3,4,3,0,0,0,0,0,0,0,0,0,0,0,0,0,0,0,0,0,0,0,0,0,0,-21,-8,-19,-8,-21,-16,-20,-17,-19,-19,-21,-21,-19,-23,-19,-27,-15,-31,-15,-33,-15,-34,-13,-39,-15,-39,-12,-44,-9,-45,-4,-47,-5,-53,-2,-53,2,-53,5,-57,11,-60,12,-58,15,-60,13,-61,20,-63,21,-59,22,-62,26,-63,28,-62,32,-62,32,-60,37,-62,36,-59,37,-59,38,-60,37,-60,39,-60,35,-61,35,-61,38,-62,39,-62,37,-66,42,-66,41,-68,43,-64,43,-69,46,-65,51,-67,48,-67,51,-69,52,-69,53,-65,58,-67,56,-65,55,-68,60,-60,60,-57,0,0]"
CSI_DATA,55,1a:00:00:00:00:00,-45,11,1,0,1,1,1,0,0,0,1,-96,0,11,2,970320,0,44,0,384,0,"[0,0,0,0,0,0,0,0,0,0,0,0,11,2,11,2,10,2,10,2,10,2,10,1,9,1,9,1,9,0,9,0,9,0,8,0,8,0,8,0,8,0,8,-1,8,-1,8,-1,7,-1,7,-1,7,-1,7,-1,7,-1,7,-1,7,-1,7,-1,0,0,7,-1,7,0,7,0,6,0,6,0,6,1,5,1,5,1,5,1,4,1,4,1,3,1,3,1,2,1,2,2,1,1,1,1,1,1,0,1,0,1,0,1,-1,1,-1,0,-1,0,-1,0,-1,-1,0,0,0,0,0,0,0,0,0,0,0,0,0,0,64,35,59,36,64,31,56,32,57,28,54,25,52,27,49,23,51,18,51,22,51,20,50,16,47,17,44,13,47,16,47,14,45,13,45,9,45,12,41,10,41,11,41,10,43,9,42,8,42,5,42,8,39,4,39,7,42,7,37,5,40,4,36,8,36,7,34,9,32,7,31,12,30,14,28,15,27,12,25,14,20,11,18,11,15,17,14,16,11,15,8,16,7,12,6,10,1,10,0,11,2,8,0,7,-3,6,-4,4,-6,1,-2,-2,-4,-5,0,0,0,0,0,0,0,0,0,0,0,0,0,0,0,0,0,0,0,0,0,0,21,1,19,4,22,4,26,9,25,10,23,11,23,14,25,18,26,22,24,24,25,27,28,28,29,29,26,39,24,40,23,41,19,47,22,47,22,53,15,57,12,56,10,59,11,60,4,61,3,64,-2,67,-4,68,-4,67,-7,66,-11,68,-7,67,-11,68,-12,67,-13,71,-14,64,-17,69,-14,68,-10,69,-15,68,-15,72,-14,73,-16,74,-18,73,-14,76,-18,75,-15,84,-18,77,-18,78,-21,85,-22,81,-25,79,-26,84,-31,82,-31,74,-32,79,-32,77,-32,76,0,0]"
CSI_DATA,56,1a:00:00:00:00:00,-45,11,1,0,1,1,1,0,0,0,1,-96,0,11,2,980137,0,44,0,384,0,"[0,0,0,0,0,0,0,0,0,0,0,0,8,-9,7,-8,7,-8,6,-8,6,-8,6,-8,6,-7,6,-8,5,-7,5,-7,5,-8,5,-8,4,-7,4,-7,4,-7,4,-7,4,-7,4,-7,3,-7,3,-7,3,-7,3,-7,3,-7,3,-6,3,-6,3,-6,0,0,4,-6,3,-5,3,-5,4,-5,3,-5,4,-4,3,-3,3,-3,4,-3,3,-3,3,-2,3,-2,3,-2,2,-1,2,-1,2,-1,2,0,1,0,1,0,1,0,0,0,0,0,0,0,-1,0,-1,0,-1,0,0,0,0,0,0,0,0,0,0,0,0,0,0,0,63,-33,61,-36,58,-37,55,-33,58,-37,53,-31,52,-29,50,-31,47,-31,41,-32,46,-30,42,-31,37,-30,37,-29,36,-31,36,-33,35,-35,33,-31,35,-30,28,-31,31,-35,30,-29,28,-32,30,-30,28,-25,25,-30,31,-30,28,-29,26,-28,24,-32,28,-28,32,-30,26,-26,28,-24,26,-22,26,-18,29,-17,29,-16,27,-11,26,-11,24,-9,22,-10,17,-6,18,-1,18,-1,17,0,12,1,11,2,8,1,8,2,6,5,6,3,-1,2,0,4,0,3,-3,2,-5,4,0,0,0,0,0,0,0,0,0,0,0,0,0,0,0,0,0,0,0,0,0,0,10,-18,12,-19,16,-20,20,-19,19,-15,22,-16,24,-15,29,-16,30,-14,35,-13,37,-11,37,-14,42,-8,46,-7,47,-2,49,-1,50,0,55,2,56,7,54,12,56,16,59,19,60,23,59,25,58,28,62,28,61,35,60,36,56,39,53,41,55,42,56,43,52,45,54,45,54,49,52,49,52,47,55,47,55,44,55,47,54,49,56,48,56,51,57,50,58,48,64,53,59,56,57,56,58,58,56,60,55,62,56,63,56,65,55,65,53,68,49,68,43,68,0,0]"
CSI_DATA,57,1a:00:00:00:00:00,-45,11,1,0,1,1,1,0,0,0,1,-96,0,11,2,990132,0,44,0,384,0,"[0,0,0,0,0,0,0,0,0,0,0,0,2,-11,2,-11,1,-11,1,-10,1,-10,1,-10,1,-10,1,-9,1,-9,0,-9,0,-9,0,-9,0,-8,-1,-8,-1,-8,0,-8,0,-8,-1,-8,-1,-7,-1,-7,-1,-7,-1,-7,-1,-8,-1,-7,-1,-7,0,-7,0,0,0,-7,0,-7,0,-7,1,-6,1,-6,1,-6,1,-6,1,-5,2,-5,1,-4,1,-4,1,-3,2,-3,1,-3,1,-2,1,-2,1,-2,1,-1,1,-1,1,-1,1,0,0,0,0,0,0,0,0,1,-1,0,0,0,0,0,0,0,0,0,0,0,0,0,0,0,22,-69,24,-64,26,-64,20,-60,18,-62,16,-61,20,-53,15,-53,14,-50,9,-55,11,-52,7,-52,8,-50,10,-47,8,-47,6,-49,6,-46,2,-46,3,-42,3,-45,3,-42,7,-43,-1,-40,2,-41,1,-40,1,-42,-2,-38,1,-40,0,-38,1,-41,2,-39,4,-40,5,-34,4,-32,4,-32,7,-32,10,-33,9,-28,10,-25,9,-24,12,-24,11,-21,12,-16,14,-15,12,-13,11,-10,12,-9,9,-7,10,-4,5,-2,4,1,5,0,6,4,1,2,1,4,-1,2,-2,2,0,0,0,0,0,0,0,0,0,0,0,0,0,0,0,0,0,0,0,0,0,0,-2,-23,-3,-24,-1,-27,0,-26,5,-27,5,-28,9,-29,11,-30,13,-34,15,-32,20,-34,21,-33,28,-37,31,-38,34,-33,37,-32,41,-33,44,-29,46,-32,49,-28,50,-27,55,-28,56,-23,57,-17,62,-17,65,-16,66,-10,64,-11,65,-12,69,-8,67,-6,73,-6,67,-1,65,-2,69,0,70,1,68,0,69,-1,72,-1,74,-1,74,3,72,-3,78,1,75,0,73,1,75,-5,80,2,80,4,82,2,80,10,83,10,83,11,81,13,80,15,76,17,80,16,78,18,0,0]"
CSI_DATA,58,1a:00:00:00:00:00,-45,11,1,0,1,1,1,0,0,0,1,-96,0,11,2,1000895,0,44,0,384,0,"[0,0,0,0,0,0,0,0,0,0,0,0,-8,8,-8,7,-7,7,-7,7,-7,7,-7,7,-6,7,-6,6,-6,6,-6,6,-5,6,-5,6,-5,6,-5,6,-5,6,-4,6,-4,6,-4,6,-4,6,-4,6,-4,6,-4,6,-4,5,-4,6,-4,5,-4,5,0,0,-4,5,-4,5,-4,4,-5,4,-4,4,-4,4,-4,3,-4,3,-4,2,-4,2,-4,2,-4,1,-3,1,-3,0,-3,0,-3,0,-3,0,-2,-1,-2,-1,-2,-1,-1,-1,-1,-1,0,-1,0,-1,0,-1,0,-1,0,0,0,0,0,0,0,0,0,0,0,0,0,0,-49,51,-49,49,-49,48,-41,48,-41,47,-42,45,-40,42,-40,41,-38,39,-33,43,-32,42,-31,39,-29,41,-26,38,-29,37,-25,37,-25,39,-23,40,-21,35,-19,37,-23,41,-20,35,-17,37,-20,34,-20,32,-18,34,-21,33,-18,35,-18,34,-15,34,-18,30,-19,33,-20,29,-21,30,-19,26,-20,22,-21,23,-21,22,-21,21,-21,18,-22,16,-18,12,-19,9,-16,6,-13,5,-15,2,-14,2,-15,0,-10,3,-13,-1,-6,-1,-4,-3,-2,-3,-1,-1,-1,-6,2,-5,4,-2,0,0,0,0,0,0,0,0,0,0,0,0,0,0,0,0,0,0,0,0,0,0,-4,20,-5,24,-9,21,-14,24,-17,23,-18,25,-25,27,-26,25,-27,28,-30,21,-35,23,-38,22,-40,21,-43,19,-44,20,-47,18,-51,15,-52,11,-58,9,-54,5,-61,4,-60,2,-64,-2,-62,-8,-65,-7,-69,-9,-66,-15,-66,-15,-66,-18,-69,-21,-67,-22,-68,-26,-65,-25,-65,-26,-66,-26,-67,-28,-67,-24,-63,-28,-64,-28,-69,-27,-68,-34,-69,-30,-70,-30,-72,-33,-70,-33,-71,-28,-70,-36,-75,-37,-70,-41,-72,-40,-73,-43,-73,-43,-68,-46,-66,-48,-68,-48,-68,-51,-65,-50,0,0]"
CSI_DATA,59,1a:00:00:00:00:00,-45,11,1,0,1,1,1,0,0,0,1,-96,0,11,2,1010486,0,44,0,384,0,"[0,0,0,0,0,0,0,0,0,0,0,0,4,-11,4,-10,3,-10,3,-9,3,-9,3,-9,3,-9,2,-9,2,-9,2,-9,2,-8,2,-8,1,-8,1,-8,1,-8,1,-7,1,-8,1,-8,1,-8,1,-7,1,-7,1,-7,1,-7,1,-7,1,-7,1,-7,0,0,2,-6,1,-6,1,-6,2,-6,2,-6,2,-5,2,-5,2,-5,2,-4,2,-3,2,-3,2,-3,2,-2,2,-2,2,-2,2,-1,1,-1,1,-1,1,0,1,0,0,0,0,0,0,0,0,0,-1,0,-1,0,0,0,0,0,0,0,0,0,0,0,0,0,0,0,37,-67,35,-63,34,-60,33,-59,32,-54,26,-51,25,-51,24,-51,27,-49,26,-47,20,-48,20,-48,21,-44,17,-46,21,-44,16,-44,17,-42,13,-42,10,-42,13,-43,10,-45,8,-40,11,-40,9,-42,15,-40,15,-40,12,-40,8,-40,13,-38,11,-37,10,-38,11,-36,13,-37,14,-33,12,-32,16,-32,12,-29,14,-24,13,-22,14,-20,14,-19,16,-18,16,-11,15,-12,13,-9,13,-7,10,-8,13,-4,10,-3,8,-1,2,1,5,4,4,0,0,5,2,4,0,4,-5,5,0,0,0,0,0,0,0,0,0,0,0,0,0,0,0,0,0,0,0,0,0,0,-1,-23,-1,-24,3,-24,5,-28,7,-24,9,-29,10,-26,17,-31,18,-33,22,-31,22,-31,29,-31,31,-32,32,-31,37,-29,42,-32,44,-30,49,-24,48,-28,55,-22,56,-19,58,-20,62,-17,64,-17,65,-11,68,-12,66,-6,71,-2,71,-2,70,0,70,-2,71,2,74,6,72,6,71,13,69,7,72,8,71,9,73,9,70,8,71,10,76,7,77,13,79,13,76,13,82,19,81,19,80,20,82,20,81,22,80,27,82,23,79,28,77,30,79,30,73,32,74,33,0,0]"
CSI_DATA,60,1a:00:00:00:00:00,-45,11,1,0,1,1,1,0,0,0,1,-96,0,11,2,1021396,0,44,0,384,0,"[0,0,0,0,0,0,0,0,0,0,0,0,-6,10,-5,10,-4,10,-5,9,-5,9,-5,9,-4,9,-4,9,-4,8,-3,8,-3,8,-3,8,-2,8,-2,8,-2,8,-2,7,-2,8,-2,7,-1,7,-1,7,-2,7,-2,7,-2,7,-2,6,-2,6,-2,7,0,0,-2,6,-2,6,-2,6,-3,5,-3,5,-3,5,-3,4,-3,4,-4,4,-3,3,-3,3,-3,2,-3,2,-3,1,-3,1,-3,0,-2,0,-2,0,-2,-1,-2,-1,-2,-1,-1,-1,-1,-1,0,-1,0,-1,0,-1,0,0,0,0,0,0,0,0,0,0,0,0,0,0,-14,33,-14,31,-13,31,-11,31,-12,30,-12,26,-10,27,-10,26,-8,24,-11,24,-6,25,-8,24,-6,23,-7,23,-6,21,-6,20,-6,21,-3,20,-4,20,-3,20,-3,23,-3,20,-3,20,-1,18,-4,19,-1,20,-1,19,-3,18,-3,18,-3,19,-3,18,-4,18,-4,17,-3,16,-4,14,-5,14,-5,15,-7,13,-6,11,-7,11,-7,9,-7,8,-7,6,-6,5,-8,5,-6,4,-7,4,-5,1,-4,0,-5,1,-3,0,-4,-2,-4,-2,-2,-3,-2,-5,0,-2,1,-4,0,0,0,0,0,0,0,0,0,0,0,0,0,0,0,0,0,0,0,0,0,0,3,10,2,11,2,11,0,12,-2,13,-3,13,-4,15,-6,14,-6,16,-9,16,-9,16,-10,16,-12,18,-14,15,-17,18,-18,17,-20,19,-21,16,-22,17,-24,16,-24,12,-27,15,-29,12,-31,9,-31,8,-32,10,-32,9,-33,6,-32,5,-35,6,-32,5,-37,2,-36,1,-35,2,-35,1,-36,0,-35,0,-36,0,-37,0,-36,-1,-37,1,-37,1,-39,0,-38,0,-41,0,-43,-2,-43,-2,-40,-3,-42,-3,-43,-6,-42,-6,-42,-7,-42,-8,-42,-9,-42,-9,-41,-11,-38,-12,0,0]"
CSI_DATA,61,1a:00:00:00:00:00,-45,11,1,0,1,1,1,0,0,0,1,-96,0,11,2,1052225,0,44,0,384,0,"[0,0,0,0,0,0,0,0,0,0,0,0,3,11,3,11,3,11,3,10,3,10,3,9,3,9,3,8,3,8,3,8,3,8,4,8,4,7,3,7,4,7,4,7,4,7,4,6,4,6,4,6,4,6,4,6,3,6,4,6,4,6,3,6,0,0,3,6,2,6,2,6,2,6,2,6,1,6,1,5,0,5,0,4,0,4,-1,4,-1,4,-1,3,-1,3,-2,2,-2,2,-2,2,-1,1,-2,1,-1,0,-1,0,-2,0,-2,-1,-1,-1,-1,-1,-1,-2,0,0,0,0,0,0,0,0,0,0,0,0,0,0,25,74,24,65,26,65,25,64,22,62,19,62,22,59,22,53,18,50,18,48,20,46,22,48,20,44,23,43,25,43,24,41,24,40,22,35,22,36,26,36,24,38,25,33,29,34,23,32,24,32,25,34,27,35,23,33,21,32,23,33,23,33,18,32,18,28,17,31,18,33,14,29,13,32,9,31,8,31,-1,25,5,24,3,21,3,20,0,21,-4,18,-2,16,-3,12,-3,12,-6,8,-7,8,-5,6,-6,-1,-5,0,-7,-1,-6,-5,-5,-6,-2,-9,0,0,0,0,0,0,0,0,0,0,0,0,0,0,0,0,0,0,0,0,0,0,16,10,15,10,14,8,13,14,15,17,12,21,12,20,11,23,10,24,9,27,9,33,6,31,7,39,5,39,-2,40,-4,40,-6,44,-8,47,-9,48,-17,51,-19,52,-19,53,-22,52,-29,51,-30,54,-33,55,-37,54,-41,52,-38,48,-43,52,-43,47,-46,49,-48,48,-46,45,-54,48,-49,45,-50,48,-47,47,-47,46,-48,51,-54,52,-53,48,-58,55,-57,55,-60,51,-63,52,-62,49,-67,53,-65,52,-67,49,-70,49,-73,49,-77,47,-73,45,-75,44,-78,41,-73,40,0,0]"
CSI_DATA,62,1a:00:00:00:00:00,-45,11,1,0,1,1,1,0,0,0,1,-96,0,11,2,1060609,0,44,0,384,0,"[0,0,0,0,0,0,0,0,0,0,0,0,-5,11,-4,10,-4,10,-4,10,-4,9,-4,9,-3,8,-3,8,-3,8,-2,8,-2,8,-2,8,-1,8,-1,8,-1,7,-2,7,-1,7,-1,7,-1,7,-1,7,-1,7,-1,7,-1,7,0,7,-1,6,-1,7,0,0,-2,6,-2,6,-2,6,-2,6,-2,5,-3,5,-3,5,-3,4,-3,4,-3,3,-3,3,-3,2,-3,2,-3,2,-3,1,-3,1,-2,0,-2,0,-2,0,-2,-1,-1,-1,-1,-1,-1,-1,-1,-1,0,-1,0,-1,0,0,0,0,0,0,0,0,0,0,0,0,0,0,-39,68,-38,64,-36,67,-41,62,-35,56,-33,56,-33,53,-33,51,-24,48,-28,51,-26,49,-20,49,-23,46,-18,46,-17,48,-19,44,-16,47,-18,42,-15,44,-15,44,-14,44,-12,43,-11,41,-11,40,-12,39,-11,41,-8,40,-11,39,-11,33,-13,39,-9,42,-13,39,-14,35,-14,35,-16,33,-19,32,-17,30,-17,24,-19,24,-19,21,-19,17,-19,16,-17,13,-23,12,-15,9,-17,8,-12,4,-13,0,-12,4,-10,0,-8,-7,-9,-3,-7,-6,-2,1,2,-7,1,-5,4,-6,0,0,0,0,0,0,0,0,0,0,0,0,0,0,0,0,0,0,0,0,0,0,0,17,1,20,-3,16,-3,20,-8,20,-5,24,-9,23,-11,26,-16,27,-17,27,-22,27,-27,22,-30,26,-32,27,-35,28,-38,25,-39,28,-40,24,-45,27,-49,21,-53,21,-52,19,-57,16,-58,10,-61,6,-63,9,-64,3,-69,4,-69,2,-68,0,-69,-1,-70,-5,-71,-9,-70,-10,-71,-8,-68,-11,-72,-11,-69,-3,-73,-11,-74,-9,-76,-11,-73,-9,-79,-9,-76,-12,-83,-13,-80,-22,-81,-20,-82,-20,-87,-18,-84,-20,-86,-24,-86,-24,-87,-30,-81,-32,-84,-34,-82,-34,-82,-40,0,0]"
CSI_DATA,63,1a:00:00:00:00:00,-46,11,1,0,1,1,1,0,0,0,1,-96,0,11,2,1071231,0,44,0,384,0,"[0,0,0,0,0,0,0,0,0,0,0,0,10,1,10,1,10,2,9,2,9,1,9,1,9,1,8,0,8,0,8,0,8,0,8,0,8,0,8,0,7,0,7,-1,7,-1,7,-1,7,-1,7,-1,7,-1,7,-1,7,-1,6,-1,6,-1,6,-1,0,0,6,-1,6,0,6,0,6,0,5,0,5,0,5,1,4,1,4,1,4,1,3,1,2,1,2,2,2,1,1,1,1,1,1,1,1,1,0,1,0,1,0,1,-1,1,-1,0,-1,0,-1,-1,-1,-1,0,0,0,0,0,0,0,0,0,0,0,0,0,0,73,13,73,13,68,11,67,12,65,13,61,14,60,12,56,9,52,11,55,7,54,6,49,0,48,0,49,4,49,3,46,-2,45,0,42,-3,42,-4,46,-7,40,-1,40,-5,41,-4,41,-6,38,-6,41,-4,41,-6,40,-6,37,-4,38,-6,34,-2,34,-2,34,-3,35,0,38,3,33,4,33,3,26,5,27,6,24,9,26,8,22,9,17,10,16,6,13,10,10,10,8,9,5,7,1,5,4,5,2,5,-2,4,-4,5,-4,2,-3,2,-10,-2,-6,-4,0,0,0,0,0,0,0,0,0,0,0,0,0,0,0,0,0,0,0,0,0,0,16,-6,18,-6,19,-4,21,-4,21,-4,26,-1,25,2,28,3,31,8,31,10,32,13,34,16,36,18,39,21,39,21,37,27,34,30,38,34,35,37,36,40,31,45,32,47,31,51,29,53,31,54,28,59,27,58,24,60,18,66,23,65,19,65,18,63,18,68,16,67,16,67,14,68,16,67,18,66,13,67,16,72,10,70,14,74,14,72,14,81,15,75,13,80,13,81,13,83,8,86,11,86,2,86,4,86,1,83,-1,87,-3,86,-6,83,-5,87,0,0]"
CSI_DATA,64,1a:00:00:00:00:00,-46,11,1,0,1,1,1,0,0,0,1,-96,0,11,2,1090065,0,44,0,384,0,"[0,0,0,0,0,0,0,0,0,0,0,0,4,-10,4,-10,3,-9,4,-9,3,-9,3,-9,3,-8,2,-8,2,-8,2,-8,2,-8,2,-8,1,-8,1,-8,1,-7,1,-7,1,-7,1,-7,0,-7,1,-7,1,-7,0,-7,1,-7,0,-7,1,-7,1,-7,0,0,1,-6,1,-6,1,-6,2,-6,2,-5,2,-5,2,-5,2,-4,2,-4,2,-3,2,-3,2,-3,2,-3,2,-2,2,-2,1,-1,1,-1,1,-1,1,0,1,0,0,0,0,0,0,0,0,0,-1,0,-1,0,0,0,0,0,0,0,0,0,0,0,0,0,0,0,43,-59,40,-60,38,-61,36,-51,36,-51,35,-53,32,-44,30,-51,27,-40,25,-48,24,-41,18,-44,25,-42,22,-37,19,-42,18,-41,20,-37,13,-37,17,-43,17,-39,14,-39,10,-36,11,-38,13,-36,12,-37,13,-39,12,-38,10,-38,9,-35,12,-37,11,-38,16,-36,15,-32,16,-35,14,-26,15,-27,15,-24,17,-25,19,-21,17,-21,17,-16,17,-14,16,-12,18,-9,15,-7,12,-7,11,-4,11,-2,7,-1,9,-2,4,0,6,1,6,1,2,6,-1,7,-4,5,-5,3,0,0,0,0,0,0,0,0,0,0,0,0,0,0,0,0,0,0,0,0,0,0,-3,-19,4,-25,4,-23,5,-24,6,-25,9,-26,12,-28,15,-29,15,-32,19,-27,24,-32,27,-29,34,-28,34,-30,38,-30,38,-27,46,-26,46,-23,52,-24,54,-20,55,-21,58,-16,58,-13,62,-12,63,-11,65,-4,69,-3,69,-1,64,2,73,1,70,5,75,6,72,9,68,12,72,14,74,13,70,13,70,11,72,13,76,11,79,16,75,18,81,18,82,15,83,19,77,22,81,21,81,24,83,26,77,26,81,27,81,32,80,40,73,31,75,36,77,42,69,39,0,0]"
CSI_DATA,65,1a:00:00:00:00:00,-46,11,1,0,1,1,1,0,0,0,1,-96,0,11,2,1100110,0,44,0,384,0,"[0,0,0,0,0,0,0,0,0,0,0,0,10,2,9,2,9,2,9,2,8,2,8,1,8,0,8,0,7,1,8,1,7,0,7,0,7,0,7,0,7,0,7,-1,7,-1,7,-1,6,-1,6,-1,6,-1,6,-1,6,-1,6,0,6,0,6,-1,0,0,6,0,5,0,5,0,5,0,5,1,4,1,4,1,4,1,4,1,3,1,3,1,2,2,1,2,1,1,1,1,1,1,0,1,0,1,0,1,0,1,-1,0,-1,0,-1,0,-1,0,-1,-1,-1,-1,0,0,0,0,0,0,0,0,0,0,0,0,0,0,71,23,62,28,63,29,59,22,56,23,58,23,54,21,50,18,46,16,47,17,43,15,44,11,45,12,43,10,45,9,42,8,42,6,43,3,42,7,43,4,40,4,37,6,41,2,36,5,40,1,38,2,38,1,37,3,36,1,34,3,36,3,33,4,32,7,34,5,30,3,29,10,28,10,24,14,23,12,17,10,21,12,15,12,14,14,11,13,8,11,6,11,7,11,7,8,3,7,0,7,-3,6,-3,5,-4,2,-6,2,-4,0,-3,-2,-5,-6,0,0,0,0,0,0,0,0,0,0,0,0,0,0,0,0,0,0,0,0,0,0,20,-5,20,-3,23,-3,27,0,28,1,29,3,30,7,34,8,35,12,37,17,37,19,38,25,39,24,38,31,38,31,36,35,37,39,36,44,38,50,33,47,35,47,30,53,29,57,26,64,23,64,24,65,21,63,18,70,14,70,16,69,12,71,8,74,7,78,7,73,5,73,7,72,8,75,5,74,1,77,5,73,3,79,1,79,5,80,0,78,0,79,4,85,-1,83,-4,86,-2,88,-10,86,-11,88,-11,87,-13,84,-15,87,-22,85,-24,83,-24,83,0,0]"
CSI_DATA,66,1a:00:00:00:00:00,-46,11,1,0,1,1,1,0,0,0,1,-96,0,11,2,1110108,0,44,0,384,0,"[0,0,0,0,0,0,0,0,0,0,0,0,10,-1,9,-1,9,-1,8,-1,8,-1,8,-2,7,-2,7,-2,7,-2,7,-2,6,-2,6,-3,6,-2,6,-3,6,-2,6,-3,6,-3,5,-3,5,-3,5,-3,5,-3,5,-3,5,-3,5,-3,5,-3,5,-3,0,0,5,-3,5,-2,5,-2,5,-2,4,-1,4,-1,4,-1,4,0,4,0,3,0,3,0,3,0,2,0,2,0,1,1,1,0,1,0,1,1,0,0,0,1,0,0,-1,0,-1,0,-1,0,-1,-1,-2,-1,0,0,0,0,0,0,0,0,0,0,0,0,0,0,66,2,63,3,62,1,60,4,60,2,56,2,49,1,51,0,51,-3,47,-4,45,-5,43,-2,42,-4,41,-6,40,-8,38,-9,41,-11,37,-10,38,-6,34,-10,37,-8,34,-11,36,-11,34,-11,35,-13,36,-12,31,-10,35,-11,29,-8,33,-9,33,-11,32,-10,30,-7,30,-6,27,-4,27,-1,26,0,25,0,28,2,21,2,19,1,20,3,17,6,15,6,14,4,9,6,5,6,4,6,4,6,3,6,5,4,0,3,-3,2,-2,4,-6,1,-6,1,-6,-2,0,0,0,0,0,0,0,0,0,0,0,0,0,0,0,0,0,0,0,0,0,0,19,-14,22,-9,26,-12,29,-7,30,-7,34,-3,33,-2,33,-1,36,1,39,4,43,6,44,7,44,11,47,14,50,18,47,24,52,27,47,28,52,33,47,36,46,40,46,47,44,42,43,51,41,51,39,55,40,58,39,59,37,58,35,63,32,62,33,62,29,65,32,67,28,65,26,68,28,65,28,67,24,67,29,70,27,66,29,67,26,72,25,74,27,74,24,75,22,74,24,81,23,79,19,81,18,82,17,85,10,84,14,79,8,81,4,83,3,81,0,0]"
CSI_DATA,67,1a:00:00:00:00:00,-47,11,1,0,1,1,1,0,0,0,1,-96,0,11,2,1122400,0,44,0,384,0,"[0,0,0,0,0,0,0,0,0,0,0,0,9,-5,9,-5,8,-4,8,-4,7,-4,7,-4,7,-5,7,-5,6,-5,6,-4,6,-5,6,-5,5,-5,5,-5,5,-4,5,-5,5,-5,5,-5,4,-5,4,-4,4,-4,4,-5,5,-5,4,-4,4,-4,5,-4,0,0,5,-4,4,-4,4,-3,5,-3,4,-3,4,-3,4,-2,3,-2,4,-1,3,-1,3,-1,3,0,2,0,2,0,2,0,1,0,1,0,1,0,1,0,0,0,0,0,-1,0,-1,0,-1,0,-2,0,-2,-1,0,0,0,0,0,0,0,0,0,0,0,0,0,0,64,-27,58,-24,60,-24,54,-20,51,-22,50,-21,48,-21,46,-21,41,-20,43,-24,38,-25,37,-25,37,-21,36,-19,34,-22,31,-24,32,-22,32,-23,29,-25,29,-23,27,-28,31,-24,27,-24,23,-23,26,-23,26,-22,26,-22,28,-23,24,-23,25,-20,26,-20,25,-24,27,-19,27,-18,24,-14,26,-12,25,-11,22,-11,24,-8,21,-8,20,-7,20,-1,16,-1,14,0,15,3,10,1,8,4,10,3,7,6,3,7,4,3,-1,0,-2,4,-1,3,-4,3,-7,1,-8,-2,0,0,0,0,0,0,0,0,0,0,0,0,0,0,0,0,0,0,0,0,0,0,9,-21,14,-25,17,-24,20,-27,24,-21,24,-23,30,-20,32,-20,34,-18,34,-18,45,-15,47,-15,50,-11,48,-8,52,-9,56,-2,57,0,56,3,60,6,64,9,63,14,62,18,65,18,61,26,65,28,62,28,57,32,60,36,58,40,60,41,57,43,60,43,56,45,54,49,55,45,54,45,54,43,53,47,52,47,53,48,52,46,57,52,56,49,55,55,51,56,57,52,56,57,54,60,53,63,48,63,50,63,48,66,51,70,43,70,42,71,40,72,37,69,0,0]"
CSI_DATA,68,1a:00:00:00:00:00,-47,11,1,0,1,1,1,0,0,0,1,-96,0,11,2,1140292,0,44,0,384,0,"[0,0,0,0,0,0,0,0,0,0,0,0,10,2,9,2,9,2,8,2,8,1,8,1,8,0,8,0,7,0,7,0,7,0,7,-1,7,-1,7,-1,7,-1,7,-1,7,-1,6,-2,6,-1,6,-1,6,-2,6,-2,6,-2,6,-2,6,-1,6,-1,0,0,6,-1,6,0,6,-1,6,-1,5,0,5,0,5,0,4,1,5,1,4,1,4,1,3,2,2,2,2,1,2,2,1,1,1,1,0,1,0,1,0,1,-1,1,-1,1,-2,0,-2,0,-2,0,-2,-1,0,0,0,0,0,0,0,0,0,0,0,0,0,0,69,19,61,15,61,18,57,16,56,13,53,12,50,12,48,12,47,6,44,7,45,8,43,5,44,-1,39,2,40,1,42,-3,41,-3,40,-3,40,0,36,-6,37,-7,38,-7,32,-9,36,-8,35,-9,33,-6,36,-9,39,-5,34,-8,37,-7,39,-11,33,-5,38,-3,34,-1,34,-1,33,1,33,1,32,1,29,7,30,4,24,9,21,6,21,10,19,10,16,7,14,10,9,8,7,9,1,12,3,9,0,5,-2,5,-3,5,-6,4,-9,5,-5,2,-5,-5,0,0,0,0,0,0,0,0,0,0,0,0,0,0,0,0,0,0,0,0,0,0,24,-12,25,-8,32,-6,30,-4,32,-2,36,1,38,2,41,6,38,11,40,14,43,18,43,21,42,25,45,27,43,31,40,37,39,37,39,43,37,44,36,51,35,48,36,60,32,61,28,64,24,66,23,64,22,66,15,70,18,69,13,70,11,68,8,71,9,69,7,70,6,72,6,68,6,70,4,68,4,68,5,73,5,74,4,72,3,73,2,82,1,75,3,76,1,74,2,81,-1,80,-4,80,-3,81,-10,82,-11,80,-12,79,-17,78,-19,76,-19,77,0,0]"
CSI_DATA,69,1a:00:00:00:00:00,-47,11,1,0,1,1,1,0,0,0,1,-96,0,11,2,1151869,0,44,0,384,0,"[0,0,0,0,0,0,0,0,0,0,0,0,-8,-8,-8,-7,-8,-7,-7,-7,-7,-6,-7,-5,-7,-5,-7,-5,-7,-5,-7,-5,-7,-4,-7,-4,-7,-4,-7,-4,-7,-3,-7,-3,-7,-3,-7,-3,-7,-3,-7,-3,-7,-3,-7,-3,-7,-3,-7,-3,-7,-3,-7,-3,0,0,-7,-3,-7,-3,-6,-4,-6,-3,-6,-4,-5,-4,-5,-4,-5,-4,-4,-4,-4,-4,-3,-4,-3,-4,-2,-4,-2,-4,-2,-3,-1,-3,-1,-3,0,-3,0,-3,0,-2,0,-2,0,-1,1,-1,1,-1,0,0,0,0,0,0,0,0,0,0,0,0,0,0,0,0,0,0,-55,-39,-54,-36,-55,-33,-50,-35,-51,-32,-48,-33,-41,-29,-42,-29,-43,-21,-41,-20,-43,-22,-41,-19,-41,-15,-40,-14,-38,-13,-41,-11,-42,-10,-36,-7,-41,-5,-39,-9,-38,-6,-39,-6,-41,0,-40,-1,-39,-3,-36,-3,-39,-4,-39,0,-41,-2,-40,-6,-38,-3,-39,-6,-37,-3,-38,-9,-36,-9,-34,-13,-34,-11,-31,-15,-33,-14,-24,-16,-24,-16,-21,-13,-17,-12,-17,-15,-14,-15,-10,-13,-10,-14,-6,-12,-2,-14,-1,-10,1,-11,2,-10,5,-10,2,-4,5,-3,6,3,3,-1,0,0,0,0,0,0,0,0,0,0,0,0,0,0,0,0,0,0,0,0,0,0,-21,6,-28,6,-27,5,-32,2,-33,-3,-36,-5,-35,-9,-37,-6,-38,-12,-38,-17,-39,-23,-38,-25,-37,-35,-37,-36,-37,-40,-37,-48,-30,-47,-31,-44,-30,-51,-24,-57,-26,-59,-20,-60,-17,-61,-13,-66,-12,-68,-5,-69,-4,-68,-1,-72,-1,-68,3,-70,7,-70,10,-70,11,-74,12,-65,13,-72,18,-65,14,-69,16,-72,13,-70,15,-73,14,-72,18,-73,17,-73,18,-76,21,-74,23,-75,24,-71,23,-76,25,-78,25,-79,28,-76,31,-74,36,-74,34,-75,34,-74,39,-73,40,-69,0,0]"
CSI_DATA,70,1a:00:00:00:00:00,-48,11,1,0,1,1,1,0,0,0,1,-96,0,11,2,1160103,0,44,0,384,0,"[0,0,0,0,0,0,0,0,0,0,0,0,6,-9,6,-9,5,-8,5,-8,4,-8,4,-8,4,-8,4,-8,4,-7,2,-7,3,-7,2,-7,2,-7,1,-7,2,-7,2,-7,2,-8,2,-7,1,-7,1,-7,1,-7,2,-7,2,-7,1,-7,1,-7,2,-7,0,0,3,-7,2,-7,3,-7,3,-6,3,-6,3,-6,3,-5,3,-4,3,-4,3,-3,3,-3,3,-3,3,-2,3,-2,3,-1,2,-1,2,-1,2,0,1,0,1,0,1,0,0,0,0,1,-1,1,-1,0,-1,0,0,0,0,0,0,0,0,0,0,0,0,0,0,0,55,-38,53,-35,49,-34,46,-36,49,-33,46,-30,47,-29,43,-23,40,-29,36,-30,34,-31,31,-33,29,-33,32,-28,27,-28,29,-33,28,-30,24,-29,23,-30,19,-30,23,-33,22,-36,19,-32,21,-29,19,-29,17,-33,22,-35,24,-29,24,-29,23,-36,24,-29,22,-28,22,-27,24,-22,27,-24,18,-23,23,-23,27,-17,24,-18,26,-15,25,-13,23,-7,21,-6,18,-2,18,-3,20,-2,17,2,14,4,11,1,8,4,9,7,7,3,3,4,-1,5,-5,1,-5,4,-9,3,0,0,0,0,0,0,0,0,0,0,0,0,0,0,0,0,0,0,0,0,0,0,-15,-20,-15,-22,-13,-26,-7,-27,-3,-29,-3,-29,-1,-32,4,-33,3,-35,11,-37,16,-40,18,-36,25,-36,27,-37,28,-36,34,-34,37,-36,41,-33,45,-29,51,-27,52,-25,58,-18,61,-21,60,-12,63,-6,68,-6,66,1,67,0,67,3,71,9,70,11,65,12,65,13,64,15,66,17,70,18,66,23,67,26,65,24,66,28,66,28,66,29,67,29,72,31,66,30,64,31,69,36,72,38,67,40,70,45,63,51,66,45,67,51,64,52,61,54,54,59,54,54,0,0]"
CSI_DATA,71,1a:00:00:00:00:00,-47,11,1,0,1,1,1,0,0,0,1,-96,0,11,2,1170237,0,44,0,384,0,"[0,0,0,0,0,0,0,0,0,0,0,0,-8,-8,-8,-8,-7,-8,-8,-7,-7,-7,-7,-7,-7,-6,-7,-5,-7,-5,-7,-5,-7,-5,-7,-4,-7,-4,-7,-4,-7,-4,-7,-4,-7,-4,-7,-3,-7,-4,-7,-4,-7,-4,-7,-3,-6,-3,-7,-3,-7,-4,-7,-3,0,0,-7,-3,-6,-4,-6,-4,-5,-4,-5,-4,-5,-4,-5,-4,-4,-5,-4,-4,-4,-4,-3,-4,-3,-4,-2,-4,-2,-4,-1,-3,-1,-3,0,-3,-1,-3,0,-2,0,-2,0,-1,0,-1,1,-1,0,0,0,0,0,0,0,0,0,0,0,0,0,0,0,0,0,0,0,0,-44,-60,-35,-59,-34,-54,-33,-57,-28,-52,-33,-51,-30,-48,-32,-45,-28,-42,-28,-39,-25,-39,-29,-40,-27,-37,-30,-33,-30,-31,-31,-33,-31,-29,-30,-27,-30,-26,-29,-26,-33,-28,-30,-26,-32,-23,-29,-24,-33,-24,-30,-28,-29,-26,-29,-27,-29,-22,-30,-25,-29,-26,-26,-31,-26,-27,-27,-28,-22,-31,-23,-27,-17,-33,-15,-30,-15,-30,-10,-25,-6,-26,-5,-20,-3,-23,-4,-22,-3,-18,0,-15,1,-12,-3,-14,3,-10,4,-10,6,-8,8,-6,9,-2,4,1,7,0,-1,0,2,8,0,0,0,0,0,0,0,0,0,0,0,0,0,0,0,0,0,0,0,0,0,0,-15,14,-16,12,-22,9,-23,11,-24,7,-24,2,-27,0,-33,-6,-30,-5,-32,-8,-36,-13,-35,-18,-36,-20,-37,-27,-36,-22,-34,-31,-33,-38,-27,-44,-24,-45,-24,-46,-22,-46,-25,-55,-14,-55,-14,-58,-12,-64,-7,-64,-4,-67,3,-65,4,-64,5,-67,12,-66,14,-70,17,-67,18,-67,15,-63,23,-68,19,-65,22,-67,24,-66,28,-73,27,-67,29,-70,32,-71,34,-78,34,-70,39,-71,41,-73,43,-71,43,-74,46,-69,48,-69,52,-72,56,-66,52,-63,59,-60,56,-61,59,-59,0,0]"
CSI_DATA,72,1a:00:00:00:00:00,-46,11,1,0,1,1,1,0,0,0,1,-96,0,11,2,1190740,0,44,0,384,0,"[0,0,0,0,0,0,0,0,0,0,0,0,-5,-10,-5,-10,-5,-9,-5,-9,-5,-8,-5,-8,-5,-8,-5,-7,-5,-7,-5,-7,-5,-7,-5,-6,-5,-6,-5,-6,-5,-6,-5,-6,-5,-5,-5,-5,-5,-5,-5,-5,-5,-5,-5,-5,-5,-5,-5,-5,-5,-5,-5,-5,0,0,-4,-5,-4,-5,-4,-5,-4,-5,-3,-5,-3,-5,-2,-5,-2,-5,-2,-5,-1,-4,-1,-4,-1,-4,0,-4,0,-3,0,-3,0,-3,0,-2,0,-2,0,-2,0,-1,0,-1,0,0,0,0,0,0,0,0,0,1,0,0,0,0,0,0,0,0,0,0,0,0,0,0,-39,-69,-35,-62,-31,-62,-31,-58,-30,-56,-30,-53,-28,-50,-28,-50,-29,-48,-30,-45,-30,-40,-26,-41,-29,-38,-27,-37,-26,-38,-31,-34,-27,-35,-26,-34,-27,-30,-28,-31,-28,-29,-27,-29,-32,-30,-24,-28,-27,-26,-29,-25,-28,-27,-28,-23,-26,-27,-28,-25,-25,-29,-24,-28,-24,-28,-18,-30,-19,-26,-20,-29,-14,-29,-14,-28,-14,-26,-9,-27,-7,-24,-6,-23,-3,-20,0,-18,-1,-21,2,-13,3,-14,2,-14,3,-10,4,-3,4,-5,6,-3,7,0,4,0,5,3,1,5,1,6,0,0,0,0,0,0,0,0,0,0,0,0,0,0,0,0,0,0,0,0,0,0,-18,-1,-21,-2,-23,-5,-22,-10,-23,-12,-21,-13,-23,-16,-26,-19,-23,-20,-22,-24,-24,-27,-24,-33,-21,-36,-17,-38,-16,-41,-15,-43,-15,-51,-7,-50,-8,-57,-6,-54,0,-54,-1,-57,7,-62,10,-66,13,-65,16,-65,19,-66,23,-65,25,-62,27,-67,25,-65,33,-67,31,-61,32,-66,33,-63,35,-62,34,-61,38,-59,39,-63,38,-60,41,-62,40,-62,47,-65,43,-64,51,-65,46,-64,45,-65,52,-67,49,-70,57,-62,59,-62,59,-60,64,-62,67,-57,68,-56,69,-57,70,-51,0,0]"
CSI_DATA,73,1a:00:00:00:00:00,-46,11,1,0,1,1,1,0,0,0,1,-96,0,11,2,1200071,0,44,0,384,0,"[0,0,0,0,0,0,0,0,0,0,0,0,-11,-2,-11,-2,-10,-2,-10,-2,-10,-2,-10,-1,-9,-1,-9,-1,-9,0,-8,-1,-8,0,-8,0,-8,0,-8,0,-8,0,-8,1,-8,1,-7,1,-7,1,-7,1,-7,1,-7,1,-7,1,-7,1,-7,1,-7,1,0,0,-7,1,-6,0,-6,0,-6,0,-6,-1,-6,-1,-5,-1,-5,-1,-5,-2,-5,-2,-4,-2,-3,-2,-3,-2,-3,-2,-3,-2,-2,-2,-1,-2,-1,-2,-1,-2,-1,-2,0,-2,0,-1,0,-1,0,-1,1,-1,1,0,0,0,0,0,0,0,0,0,0,0,0,0,0,0,-72,-17,-72,-13,-66,-16,-65,-15,-62,-13,-56,-17,-57,-15,-58,-14,-49,-12,-53,-10,-53,-8,-45,-4,-49,-6,-46,-4,-42,-4,-45,-4,-41,1,-43,0,-42,5,-43,4,-35,6,-38,4,-42,6,-40,6,-39,8,-40,11,-40,5,-39,3,-41,4,-37,4,-36,6,-38,1,-33,4,-33,3,-35,-4,-35,-4,-34,-3,-29,-6,-27,-6,-24,-7,-26,-11,-21,-7,-19,-9,-17,-12,-11,-9,-12,-13,-10,-13,-7,-12,-4,-10,-4,-9,1,-7,0,-8,6,-5,5,-2,6,-1,3,2,9,2,0,0,0,0,0,0,0,0,0,0,0,0,0,0,0,0,0,0,0,0,0,0,-19,9,-21,8,-26,4,-28,5,-30,2,-31,-1,-30,-3,-35,-6,-35,-7,-38,-13,-38,-17,-39,-17,-35,-23,-40,-26,-44,-29,-41,-30,-40,-38,-40,-41,-41,-44,-39,-47,-36,-49,-38,-56,-35,-57,-31,-63,-26,-66,-30,-68,-23,-65,-26,-71,-23,-70,-20,-71,-20,-74,-16,-75,-14,-72,-14,-72,-10,-74,-13,-74,-14,-75,-8,-77,-7,-72,-10,-77,-8,-80,-15,-76,-11,-81,-9,-85,-12,-82,-12,-82,-10,-82,-6,-86,-11,-86,-5,-87,-2,-91,2,-89,2,-89,3,-90,7,-90,8,-86,7,-91,0,0]"
CSI_DATA,74,1a:00:00:00:00:00,-46,11,1,0,1,1,1,0,0,0,1,-96,0,11,2,1210123,0,44,0,384,0,"[0,0,0,0,0,0,0,0,0,0,0,0,3,-11,3,-10,2,-10,2,-9,2,-9,2,-9,2,-9,2,-8,2,-8,1,-8,1,-8,1,-8,0,-8,0,-8,0,-7,0,-7,0,-7,0,-7,0,-7,0,-7,0,-7,0,-7,0,-7,-1,-7,0,-7,0,-7,0,0,1,-6,1,-7,1,-6,1,-6,1,-6,1,-6,2,-5,2,-5,2,-4,2,-3,2,-3,2,-3,2,-2,2,-2,2,-1,2,-1,1,-1,1,0,1,0,1,0,1,0,0,1,0,1,0,1,-1,1,-1,1,0,0,0,0,0,0,0,0,0,0,0,0,0,0,41,-60,38,-56,35,-57,36,-54,31,-54,31,-48,26,-49,30,-45,21,-44,22,-45,21,-45,19,-46,20,-43,19,-44,15,-40,17,-42,10,-43,13,-40,10,-38,10,-40,12,-37,7,-36,8,-37,10,-37,5,-36,11,-37,9,-38,8,-34,7,-35,10,-36,9,-36,11,-37,11,-30,10,-34,11,-32,16,-26,16,-27,13,-24,14,-23,16,-22,16,-16,14,-18,13,-11,14,-12,16,-6,14,-7,11,-2,10,-1,10,1,7,3,7,-1,6,6,3,4,1,5,-2,8,-4,7,-5,9,0,0,0,0,0,0,0,0,0,0,0,0,0,0,0,0,0,0,0,0,0,0,-1,-23,-2,-23,1,-26,6,-28,8,-29,12,-31,16,-32,18,-34,19,-29,23,-32,28,-32,32,-27,34,-31,37,-34,44,-30,52,-26,49,-24,51,-26,54,-24,61,-19,58,-14,65,-18,63,-9,62,-9,66,-5,73,-7,69,0,74,1,70,6,72,8,71,10,70,8,70,12,74,13,73,12,73,12,72,16,69,16,74,20,76,16,78,14,72,16,73,17,74,14,76,17,78,22,80,27,80,23,82,22,77,26,78,31,83,31,81,38,75,29,76,35,76,40,73,37,0,0]"
CSI_DATA,75,1a:00:00:00:00:00,-47,11,1,0,1,1,1,0,0,0,1,-96,0,11,2,1220097,0,44,0,384,0,"[0,0,0,0,0,0,0,0,0,0,0,0,-10,-4,-10,-3,-10,-3,-10,-3,-9,-3,-9,-2,-9,-2,-9,-2,-9,-1,-8,-1,-8,-1,-8,-1,-8,-1,-8,-1,-8,-1,-8,0,-8,0,-7,0,-7,0,-7,0,-7,0,-7,0,-7,1,-7,0,-7,0,-7,0,0,0,-7,0,-7,0,-7,-1,-6,-1,-6,-1,-6,-2,-6,-2,-5,-2,-5,-2,-5,-2,-4,-2,-3,-3,-3,-3,-3,-3,-2,-3,-2,-3,-1,-2,-1,-2,-1,-2,0,-2,0,-2,0,-2,1,-1,1,-1,1,-1,1,0,0,0,0,0,0,0,0,0,0,0,0,0,0,0,-64,-30,-62,-33,-58,-24,-57,-27,-51,-24,-54,-22,-52,-22,-50,-20,-50,-15,-46,-15,-50,-11,-41,-12,-41,-12,-42,-8,-45,-8,-42,-7,-41,-8,-42,-5,-41,-3,-41,-4,-38,1,-37,-3,-40,1,-37,0,-38,-2,-37,-3,-37,0,-39,-2,-38,-1,-35,1,-37,-2,-34,-5,-38,-7,-33,-7,-36,-8,-28,-15,-27,-12,-28,-12,-29,-13,-22,-13,-19,-13,-18,-16,-15,-15,-14,-13,-12,-13,-10,-15,-4,-13,-2,-12,-2,-13,2,-10,2,-11,5,-7,2,-5,7,-3,8,-3,7,-2,11,1,0,0,0,0,0,0,0,0,0,0,0,0,0,0,0,0,0,0,0,0,0,0,-23,3,-25,4,-28,-2,-29,-3,-34,-9,-30,-11,-36,-12,-33,-16,-31,-17,-35,-22,-36,-24,-39,-28,-36,-31,-34,-39,-32,-39,-33,-42,-29,-49,-27,-51,-28,-54,-29,-57,-22,-58,-22,-67,-18,-65,-18,-68,-14,-69,-10,-71,-7,-74,-6,-72,-3,-72,-1,-72,1,-73,3,-73,5,-71,7,-72,3,-73,4,-72,3,-74,3,-75,5,-72,9,-78,5,-79,8,-78,6,-78,7,-80,7,-74,11,-84,9,-81,11,-77,12,-84,17,-87,18,-82,17,-79,21,-79,25,-82,24,-84,24,-75,26,-73,0,0]"
CSI_DATA,76,1a:00:00:00:00:00,-46,11,1,0,1,1,1,0,0,0,1,-96,0,11,2,1231695,0,44,0,384,0,"[0,0,0,0,0,0,0,0,0,0,0,0,-2,10,-1,9,0,9,-1,9,0,9,0,8,0,8,0,8,0,7,1,7,1,7,1,7,1,7,1,7,1,6,2,6,2,6,2,6,2,6,2,6,2,6,2,6,2,6,2,6,2,6,1,5,0,0,1,6,2,6,1,6,1,5,1,5,0,5,0,5,0,5,-1,4,-2,4,-2,3,-2,3,-2,3,-2,2,-2,2,-2,2,-3,1,-2,1,-3,0,-2,0,-2,0,-2,-1,-2,-1,-2,-1,-2,-2,-1,-2,0,0,0,0,0,0,0,0,0,0,0,0,0,0,-20,68,-18,66,-10,61,-13,55,-13,64,-16,58,-15,51,-8,51,-7,47,-4,48,-5,46,1,45,-3,45,0,44,1,41,5,39,2,39,6,37,6,37,5,40,7,38,6,35,8,33,8,35,9,35,10,34,12,36,9,31,8,34,9,33,5,37,6,33,4,31,4,34,4,33,3,28,-1,28,-4,27,-5,27,-7,24,-7,25,-8,24,-8,14,-12,17,-10,13,-10,11,-14,8,-11,9,-12,3,-10,3,-10,-1,-9,-3,-11,-4,-6,-7,-9,-7,-7,-10,-4,-13,0,0,0,0,0,0,0,0,0,0,0,0,0,0,0,0,0,0,0,0,0,0,3,21,1,25,0,24,-5,25,-6,30,-9,29,-10,31,-16,31,-20,32,-16,35,-24,35,-31,36,-28,40,-37,35,-36,35,-41,32,-42,33,-47,30,-45,28,-56,30,-55,28,-59,26,-63,21,-64,20,-65,19,-70,19,-73,13,-72,9,-72,6,-71,9,-74,5,-71,5,-70,1,-72,5,-69,1,-74,1,-73,0,-71,3,-73,3,-75,4,-73,1,-74,6,-76,4,-83,0,-76,2,-78,3,-83,-1,-82,0,-86,-2,-82,-1,-82,-5,-86,-2,-83,-3,-81,-9,-83,-11,-80,-11,-81,-15,0,0]"
CSI_DATA,77,1a:00:00:00:00:00,-47,11,1,0,1,1,1,0,0,0,1,-96,0,11,2,1240340,0,44,0,384,0,"[0,0,0,0,0,0,0,0,0,0,0,0,10,-4,9,-4,8,-3,8,-3,7,-3,7,-4,7,-4,7,-4,6,-4,6,-4,6,-5,6,-5,5,-4,5,-4,5,-4,5,-5,5,-5,5,-5,4,-5,4,-5,4,-5,4,-5,4,-5,4,-5,4,-4,4,-5,0,0,4,-5,4,-4,4,-4,5,-4,4,-3,4,-3,4,-2,4,-2,4,-2,4,-1,3,-1,3,-1,3,0,2,0,3,0,2,1,2,1,1,1,1,1,1,1,0,1,0,1,-1,1,-1,1,-2,1,-2,1,0,0,0,0,0,0,0,0,0,0,0,0,0,0,71,-22,65,-20,60,-21,57,-21,54,-21,52,-19,49,-21,50,-23,44,-21,46,-20,42,-23,39,-22,38,-24,40,-24,35,-24,32,-23,34,-26,29,-27,29,-24,30,-28,27,-24,27,-29,25,-27,27,-26,24,-24,27,-25,26,-28,25,-27,25,-27,24,-24,25,-27,25,-22,25,-22,25,-19,28,-22,28,-19,26,-19,27,-12,25,-13,25,-5,23,-7,23,-6,19,0,20,1,19,3,16,-1,12,2,11,5,11,8,8,8,7,7,4,10,-3,9,-1,9,-6,13,-4,6,-9,9,0,0,0,0,0,0,0,0,0,0,0,0,0,0,0,0,0,0,0,0,0,0,18,-15,20,-16,23,-14,28,-11,28,-10,29,-8,31,-6,33,-6,35,-1,39,1,40,0,43,5,47,8,48,11,47,15,50,20,52,21,48,26,52,29,51,32,51,34,52,38,51,43,49,44,47,48,50,50,48,52,46,55,43,56,43,57,43,55,37,61,40,62,37,66,38,62,37,59,35,63,39,60,36,59,44,61,42,66,43,65,42,67,45,70,39,63,44,75,39,71,48,74,40,75,40,74,42,72,36,75,38,76,34,76,33,79,28,78,31,75,0,0]"
CSI_DATA,78,1a:00:00:00:00:00,-47,11,1,0,1,1,1,0,0,0,1,-96,0,11,2,1261300,0,44,0,384,0,"[0,0,0,0,0,0,0,0,0,0,0,0,-6,-10,-6,-9,-6,-9,-6,-9,-6,-8,-5,-7,-6,-7,-5,-7,-5,-6,-6,-6,-5,-6,-6,-6,-6,-5,-6,-5,-6,-5,-5,-4,-6,-5,-5,-4,-6,-4,-6,-4,-6,-4,-6,-4,-5,-4,-6,-4,-6,-4,-5,-4,0,0,-5,-4,-5,-4,-5,-5,-4,-4,-4,-4,-4,-5,-3,-5,-3,-5,-2,-5,-2,-4,-2,-4,-1,-4,-1,-4,-1,-4,0,-3,0,-3,0,-3,1,-3,1,-2,1,-2,1,-1,1,-1,2,-1,2,-1,1,0,1,1,0,0,0,0,0,0,0,0,0,0,0,0,0,0,-18,-69,-17,-67,-18,-60,-18,-64,-15,-60,-18,-53,-14,-52,-17,-50,-18,-45,-20,-41,-14,-43,-16,-38,-18,-39,-19,-36,-19,-34,-23,-31,-23,-32,-20,-29,-20,-32,-23,-28,-25,-26,-25,-28,-24,-24,-23,-24,-23,-27,-23,-24,-21,-22,-19,-24,-22,-26,-21,-24,-22,-27,-19,-25,-19,-27,-19,-26,-21,-25,-14,-27,-11,-25,-10,-24,-7,-26,-7,-23,-2,-26,1,-19,1,-20,0,-19,4,-16,7,-15,6,-13,9,-16,10,-7,10,-7,12,-3,9,-2,9,-3,14,3,8,5,10,5,8,8,0,0,0,0,0,0,0,0,0,0,0,0,0,0,0,0,0,0,0,0,0,0,-16,-12,-16,-23,-17,-23,-12,-26,-13,-25,-10,-33,-10,-35,-5,-37,-5,-38,-1,-37,0,-44,5,-43,6,-50,9,-46,14,-49,16,-50,19,-55,22,-52,26,-54,27,-54,33,-52,34,-56,39,-53,41,-54,44,-52,47,-52,47,-49,52,-50,55,-48,50,-50,54,-45,56,-43,57,-42,59,-39,59,-42,58,-40,59,-42,56,-43,57,-43,57,-41,63,-43,61,-46,59,-44,61,-44,63,-41,62,-42,65,-43,68,-42,66,-43,72,-42,70,-40,73,-44,72,-40,75,-36,74,-37,76,-33,73,-32,0,0]"
CSI_DATA,79,1a:00:00:00:00:00,-47,11,1,0,1,1,1,0,0,0,1,-96,0,11,2,1270089,0,44,0,384,0,"[0,0,0,0,0,0,0,0,0,0,0,0,1,9,1,9,1,8,1,8,1,8,1,7,1,7,1,7,1,6,2,6,2,6,2,5,2,5,2,5,2,5,2,5,2,5,2,4,3,5,2,4,3,4,2,4,2,4,3,4,2,4,2,4,0,0,2,4,2,4,2,4,1,4,1,4,1,4,0,4,0,4,0,3,-1,3,-1,3,-1,3,-1,2,-2,2,-2,2,-2,1,-2,1,-2,1,-3,0,-2,0,-3,0,-2,0,-2,-1,-2,-2,-2,-2,-2,-2,0,0,0,0,0,0,0,0,0,0,0,0,0,0,-8,68,-10,68,-11,64,-11,59,-6,60,-11,56,-10,52,-7,51,-4,47,-4,46,-4,39,-2,44,1,44,-1,41,1,40,2,37,4,37,7,35,6,36,5,35,4,36,7,34,10,32,7,29,8,29,8,34,11,33,8,29,6,30,10,32,7,30,7,28,2,27,2,28,1,26,1,27,-1,27,-1,24,1,24,-5,23,-6,18,-8,18,-7,15,-12,14,-8,13,-14,10,-12,7,-9,7,-12,3,-11,-1,-11,0,-9,-6,-13,-4,-8,-8,-8,-8,-9,-14,-6,-8,0,0,0,0,0,0,0,0,0,0,0,0,0,0,0,0,0,0,0,0,0,0,4,28,3,27,-1,26,-4,30,-7,31,-11,33,-11,34,-16,35,-15,37,-17,35,-24,37,-26,38,-31,39,-35,43,-38,41,-39,36,-47,36,-46,37,-51,39,-54,32,-54,33,-61,30,-60,29,-65,26,-66,23,-69,22,-73,19,-72,18,-71,14,-71,14,-73,10,-72,10,-69,11,-74,11,-75,8,-74,11,-68,10,-72,5,-74,7,-76,12,-77,7,-74,8,-78,8,-76,10,-75,9,-83,6,-85,10,-84,9,-83,8,-80,4,-87,2,-88,2,-90,-5,-81,-2,-85,-5,-81,-5,-79,-7,0,0]"
CSI_DATA,80,1a:00:00:00:00:00,-47,11,1,0,1,1,1,0,0,0,1,-96,0,11,2,1280093,0,44,0,384,0,"[0,0,0,0,0,0,0,0,0,0,0,0,2,9,2,9,2,9,3,8,3,8,2,7,2,7,2,7,2,6,3,6,3,6,3,5,3,5,3,5,3,5,3,5,3,4,3,4,4,4,3,4,4,4,3,4,3,4,3,4,3,4,3,4,0,0,3,4,3,4,2,4,2,3,2,4,2,4,1,4,1,4,0,3,0,3,0,3,-1,3,-1,3,-1,3,-2,2,-2,2,-2,1,-2,1,-2,0,-2,0,-3,0,-3,0,-3,-1,-3,-1,-2,-2,-2,-2,0,0,0,0,0,0,0,0,0,0,0,0,0,0,5,66,6,67,6,64,5,61,4,55,7,56,5,48,6,50,5,43,9,48,10,45,12,41,13,42,13,40,12,35,17,34,17,36,16,30,14,29,16,33,17,32,16,31,20,29,17,25,16,28,18,26,19,27,16,27,17,23,14,25,17,29,15,24,11,27,12,27,11,25,11,26,7,23,4,27,4,26,-1,25,-2,25,-5,18,-2,17,-5,14,-4,14,-8,14,-7,12,-10,10,-11,3,-16,5,-12,3,-14,-2,-14,-2,-13,-4,-11,-1,-13,-13,-12,-10,0,0,0,0,0,0,0,0,0,0,0,0,0,0,0,0,0,0,0,0,0,0,10,25,9,28,9,32,5,33,2,35,0,37,-2,40,-7,36,-5,43,-15,42,-17,46,-14,48,-21,50,-23,51,-27,48,-31,47,-38,54,-37,48,-38,50,-43,46,-50,47,-55,48,-60,45,-59,42,-61,42,-64,37,-68,34,-64,38,-69,35,-69,33,-67,26,-71,31,-71,32,-69,33,-72,30,-74,30,-70,26,-71,29,-71,25,-70,27,-73,30,-73,29,-72,28,-74,28,-74,29,-81,34,-80,32,-75,32,-79,27,-82,29,-77,25,-82,20,-82,15,-86,21,-85,13,-87,19,-83,17,0,0]"
CSI_DATA,81,1a:00:00:00:00:00,-48,11,1,0,1,1,1,0,0,0,1,-96,0,11,2,1290111,0,44,0,384,0,"[0,0,0,0,0,0,0,0,0,0,0,0,0,10,0,9,0,9,0,8,0,8,0,8,1,7,1,7,1,7,1,7,1,6,2,6,2,6,2,5,2,5,2,5,2,5,2,5,2,5,2,5,3,5,3,5,2,5,3,5,3,4,2,4,0,0,1,4,2,4,1,4,1,4,1,4,1,4,0,4,0,4,0,4,-1,3,-1,3,-1,3,-1,2,-1,2,-2,2,-2,1,-2,1,-3,1,-3,0,-3,0,-3,-1,-3,-1,-3,-1,-3,-2,-2,-2,-2,-2,0,0,0,0,0,0,0,0,0,0,0,0,0,0,-4,68,-6,64,-2,59,-6,57,-4,55,-1,56,-1,52,0,44,-3,43,3,42,2,37,6,42,3,40,3,37,7,35,11,34,6,34,10,30,9,31,13,28,13,30,7,32,15,26,13,28,14,27,15,27,14,31,14,26,10,27,12,25,12,30,6,27,10,27,10,29,6,27,4,23,5,23,-1,26,-1,23,-1,22,-2,23,-6,18,-5,18,-8,14,-8,12,-8,9,-10,10,-11,7,-8,3,-11,0,-13,2,-14,-2,-14,-2,-13,-4,-12,-10,-13,-9,-5,-14,0,0,0,0,0,0,0,0,0,0,0,0,0,0,0,0,0,0,0,0,0,0,9,27,7,28,4,30,3,33,0,32,-5,36,-7,35,-11,40,-11,40,-14,39,-18,41,-19,41,-26,46,-27,47,-33,46,-38,44,-40,41,-43,45,-43,42,-49,42,-51,42,-57,39,-57,38,-61,35,-66,31,-68,32,-69,29,-71,27,-70,25,-69,23,-71,25,-68,23,-70,17,-70,20,-73,17,-72,17,-70,18,-68,15,-70,16,-72,20,-73,20,-74,19,-74,20,-77,23,-76,21,-72,23,-78,17,-79,19,-79,19,-83,18,-77,14,-81,17,-83,13,-80,12,-81,9,-82,3,-79,7,0,0]"
CSI_DATA,82,1a:00:00:00:00:00,-48,11,1,0,1,1,1,0,0,0,1,-96,0,11,2,1300196,0,44,0,384,0,"[0,0,0,0,0,0,0,0,0,0,0,0,-2,-11,-2,-10,-2,-10,-2,-9,-2,-9,-2,-9,-3,-8,-3,-8,-3,-7,-3,-7,-3,-7,-3,-7,-4,-7,-4,-6,-4,-6,-4,-6,-4,-6,-4,-5,-5,-5,-4,-5,-4,-5,-4,-5,-4,-5,-4,-5,-4,-5,-4,-5,0,0,-4,-5,-4,-5,-3,-5,-3,-5,-3,-5,-3,-5,-2,-5,-2,-5,-1,-5,0,-4,0,-4,0,-4,0,-4,1,-3,1,-3,1,-2,1,-2,1,-2,2,-2,1,-1,2,-1,2,0,2,0,2,0,2,1,1,1,0,0,0,0,0,0,0,0,0,0,0,0,0,0,-7,-72,-6,-67,-11,-62,-10,-60,-6,-60,-6,-55,-7,-52,-8,-48,-10,-47,-11,-46,-12,-44,-15,-43,-9,-40,-13,-37,-14,-38,-17,-36,-20,-34,-17,-31,-16,-35,-17,-30,-20,-28,-19,-29,-19,-28,-19,-26,-19,-27,-23,-24,-20,-26,-21,-24,-22,-27,-20,-27,-17,-30,-15,-29,-14,-28,-13,-24,-15,-25,-8,-27,-7,-28,-6,-26,-7,-24,-5,-21,0,-24,4,-23,2,-14,3,-16,6,-19,7,-14,11,-12,5,-12,8,-9,10,-4,12,-4,12,1,12,1,11,3,12,5,10,10,9,10,0,0,0,0,0,0,0,0,0,0,0,0,0,0,0,0,0,0,0,0,0,0,-12,-26,-13,-28,-13,-30,-5,-33,-6,-34,2,-38,0,-40,-1,-40,3,-42,8,-43,11,-46,13,-46,15,-45,20,-51,25,-52,27,-47,29,-54,32,-51,36,-51,40,-50,42,-49,47,-50,53,-49,56,-51,61,-41,61,-46,63,-41,61,-41,65,-37,59,-38,66,-34,64,-32,67,-30,68,-31,70,-30,67,-31,67,-33,65,-31,67,-32,69,-31,67,-31,71,-33,71,-33,70,-37,70,-33,74,-38,73,-36,70,-39,74,-33,78,-30,80,-32,76,-27,78,-27,76,-25,80,-20,76,-18,79,-15,0,0]"
CSI_DATA,83,1a:00:00:00:00:00,-48,11,1,0,1,1,1,0,0,0,1,-96,0,11,2,1310096,0,44,0,384,0,"[0,0,0,0,0,0,0,0,0,0,0,0,10,2,9,1,9,1,9,1,8,1,8,0,7,0,7,0,7,-1,7,-1,6,-1,6,-1,6,-1,6,-1,6,-1,6,-2,6,-2,5,-2,6,-2,5,-2,5,-2,5,-2,5,-3,5,-2,5,-2,5,-2,0,0,5,-2,5,-1,5,-1,5,-2,5,-1,4,-1,4,0,4,0,4,0,4,0,3,1,3,1,2,2,2,2,2,2,1,1,1,2,1,2,0,2,0,2,-1,2,-1,2,-1,2,-2,2,-2,1,-3,1,0,0,0,0,0,0,0,0,0,0,0,0,0,0,62,20,59,23,60,23,59,18,52,16,48,18,50,12,49,13,45,12,45,10,42,9,38,5,43,5,37,3,40,2,39,1,36,2,34,-4,35,-4,32,-6,35,-4,35,-5,31,-8,33,-9,32,-7,33,-9,33,-8,34,-10,30,-8,31,-7,29,-6,27,-5,28,-4,29,-10,28,-3,27,1,27,-5,25,-2,23,3,24,6,19,7,18,8,21,8,16,6,11,11,12,12,11,13,6,13,1,10,6,14,2,11,-3,12,-6,14,-9,13,-10,7,-10,8,-16,7,0,0,0,0,0,0,0,0,0,0,0,0,0,0,0,0,0,0,0,0,0,0,23,3,26,5,26,13,28,15,27,17,24,19,26,24,27,26,28,27,27,27,25,33,29,41,26,40,25,40,21,48,19,53,19,54,17,55,17,57,14,62,9,65,8,62,6,64,1,68,-1,69,1,68,-2,68,-4,69,-5,70,-6,73,-11,71,-11,69,-16,70,-9,69,-10,70,-11,70,-14,66,-9,69,-11,68,-12,71,-6,67,-12,71,-8,75,-11,77,-9,74,-12,77,-10,78,-13,79,-10,78,-13,79,-12,76,-16,77,-16,79,-21,76,-26,75,-22,79,-23,73,0,0]"
CSI_DATA,84,1a:00:00:00:00:00,-47,11,1,0,1,1,1,0,0,0,1,-96,0,11,2,1320245,0,44,0,384,0,"[0,0,0,0,0,0,0,0,0,0,0,0,8,-7,7,-7,6,-7,6,-7,5,-6,5,-6,5,-7,5,-6,4,-6,4,-6,4,-6,4,-6,3,-6,3,-6,3,-6,3,-6,2,-6,2,-6,2,-6,2,-6,2,-6,2,-6,2,-6,2,-6,2,-6,2,-6,0,0,2,-6,2,-5,2,-5,3,-5,2,-5,3,-5,3,-4,2,-4,3,-3,3,-3,3,-2,3,-2,3,-2,3,-1,3,-1,2,0,2,0,2,0,2,1,1,1,1,1,1,1,0,1,0,2,0,2,-1,2,0,0,0,0,0,0,0,0,0,0,0,0,0,0,53,-48,50,-42,49,-43,45,-40,46,-40,43,-37,37,-38,34,-37,32,-37,31,-35,29,-34,25,-35,26,-34,27,-32,21,-33,20,-37,18,-35,17,-36,19,-31,15,-33,16,-35,13,-32,11,-34,12,-35,13,-33,14,-29,11,-32,12,-32,10,-29,12,-31,16,-32,15,-31,15,-28,15,-27,17,-27,16,-21,20,-23,20,-20,20,-19,21,-15,19,-14,20,-11,16,-8,19,-8,17,-5,19,-4,17,-4,14,2,13,2,10,1,13,6,8,7,7,10,4,11,3,12,0,12,-4,12,0,0,0,0,0,0,0,0,0,0,0,0,0,0,0,0,0,0,0,0,0,0,12,-24,14,-22,14,-24,17,-25,21,-21,26,-21,28,-21,32,-19,34,-17,37,-22,42,-20,40,-18,46,-16,51,-13,46,-11,54,2,50,7,76,50,66,2,58,7,60,11,64,18,63,11,66,17,64,19,70,23,69,26,65,29,62,32,63,32,61,35,62,37,59,41,58,37,58,41,55,41,59,39,59,37,58,37,64,35,60,40,60,40,62,39,67,38,66,39,64,46,67,47,64,44,66,45,66,45,62,46,66,46,66,53,61,52,62,52,58,51,58,56,0,0]"
CSI_DATA,85,1a:00:00:00:00:00,-46,11,1,0,1,1,1,0,0,0,1,-96,0,11,2,1350106,0,44,0,384,0,"[0,0,0,0,0,0,0,0,0,0,0,0,5,-10,5,-10,4,-9,4,-9,3,-8,4,-9,3,-8,3,-8,3,-8,2,-8,2,-8,2,-8,1,-7,1,-7,1,-7,1,-7,1,-7,1,-7,0,-7,1,-7,1,-7,0,-7,1,-7,0,-7,1,-7,1,-7,0,0,1,-7,1,-6,1,-6,2,-6,2,-6,2,-6,2,-5,2,-5,2,-4,2,-3,3,-3,3,-3,2,-3,2,-2,2,-1,2,-1,2,-1,2,-1,2,0,1,0,1,0,1,1,0,1,0,1,-1,1,-1,1,0,0,0,0,0,0,0,0,0,0,0,0,0,0,37,-60,41,-54,38,-57,36,-52,30,-53,32,-46,31,-50,28,-46,30,-48,22,-46,24,-44,20,-43,19,-43,16,-39,14,-43,15,-40,14,-40,12,-36,11,-41,9,-39,6,-39,7,-39,6,-40,9,-40,8,-37,6,-37,6,-35,5,-38,3,-34,3,-35,6,-37,8,-35,9,-36,7,-32,9,-32,14,-29,11,-27,12,-27,12,-25,15,-24,15,-22,16,-19,12,-15,17,-15,15,-10,14,-11,17,-9,16,-2,13,-4,11,1,11,2,7,4,6,5,4,6,1,9,2,6,0,7,0,0,0,0,0,0,0,0,0,0,0,0,0,0,0,0,0,0,0,0,0,0,0,-25,3,-23,8,-25,9,-26,11,-28,16,-27,16,-23,22,-29,23,-29,25,-29,32,-28,33,-26,38,-27,39,-27,42,-26,46,-23,48,-21,49,-21,53,-24,55,-14,57,-13,64,-9,62,-9,64,-3,66,2,67,-1,69,3,74,5,70,9,68,11,70,11,69,14,65,13,69,13,69,15,71,21,72,20,68,18,67,18,73,16,70,20,71,17,71,20,77,19,76,18,73,23,77,23,79,21,79,26,76,25,79,28,80,25,82,35,74,32,75,36,77,34,72,40,0,0]"
CSI_DATA,86,1a:00:00:00:00:00,-46,11,1,0,1,1,1,0,0,0,1,-96,0,11,2,1360098,0,44,0,384,0,"[0,0,0,0,0,0,0,0,0,0,0,0,-4,-11,-4,-11,-4,-11,-4,-10,-4,-10,-4,-9,-4,-9,-4,-8,-4,-8,-4,-8,-4,-7,-4,-7,-5,-7,-5,-7,-4,-7,-5,-7,-5,-6,-4,-6,-5,-6,-5,-6,-5,-6,-5,-6,-4,-6,-5,-6,-5,-6,-4,-6,0,0,-4,-6,-4,-6,-4,-6,-3,-5,-3,-6,-3,-6,-2,-6,-2,-5,-1,-5,-1,-5,-1,-5,0,-4,0,-4,0,-4,0,-3,1,-3,1,-2,1,-2,1,-1,1,-1,1,-1,1,0,1,0,1,0,0,1,0,1,0,0,0,0,0,0,0,0,0,0,0,0,0,0,-21,-69,-17,-70,-17,-70,-13,-68,-10,-61,-12,-59,-12,-56,-12,-54,-13,-51,-16,-51,-14,-47,-15,-49,-18,-47,-17,-43,-15,-39,-22,-39,-16,-38,-15,-38,-19,-38,-21,-35,-22,-35,-21,-33,-21,-35,-22,-32,-21,-32,-21,-30,-21,-33,-19,-32,-17,-32,-20,-32,-20,-34,-18,-33,-14,-31,-16,-28,-13,-28,-10,-32,-9,-32,-4,-31,-4,-28,-2,-29,-1,-25,0,-23,0,-21,3,-16,5,-16,8,-17,7,-15,6,-10,7,-8,8,-3,7,-4,7,-2,10,3,7,5,7,4,4,8,0,7,0,0,0,0,0,0,0,0,0,0,0,0,0,0,0,0,0,0,0,0,0,0,-19,-15,-19,-15,-17,-19,-17,-24,-17,-24,-14,-27,-15,-29,-10,-35,-10,-34,-9,-38,-5,-40,-6,-43,-2,-45,0,-46,2,-50,5,-49,12,-56,15,-54,17,-57,21,-57,24,-56,26,-58,31,-56,37,-54,38,-55,41,-57,45,-51,47,-53,47,-49,50,-51,55,-50,51,-50,56,-50,58,-45,56,-46,57,-47,57,-45,60,-45,53,-43,59,-45,59,-47,60,-47,62,-47,63,-48,65,-46,65,-42,65,-44,70,-47,72,-43,69,-44,78,-43,72,-42,74,-39,74,-34,76,-37,81,-31,78,-29,0,0]"
CSI_DATA,87,1a:00:00:00:00:00,-46,11,1,0,1,1,1,0,0,0,1,-96,0,11,2,1370491,0,44,0,384,0,"[0,0,0,0,0,0,0,0,0,0,0,0,11,0,11,0,10,0,10,0,9,0,9,-1,9,-1,8,-2,8,-1,7,-1,8,-2,8,-2,7,-2,7,-2,7,-2,7,-3,6,-3,6,-3,6,-3,6,-3,6,-3,6,-3,6,-3,6,-3,6,-3,6,-3,0,0,6,-3,5,-2,5,-1,5,-2,5,-1,5,-1,4,0,4,0,4,0,4,0,3,1,3,1,2,1,2,1,2,1,1,1,1,1,1,1,0,1,0,1,-1,1,-1,1,-1,1,-2,0,-2,0,-2,0,0,0,0,0,0,0,0,0,0,0,0,0,0,0,76,5,75,5,68,3,66,9,65,6,57,5,61,-3,51,1,52,2,52,1,49,2,47,0,46,-2,45,-5,44,-6,42,-14,38,-9,40,-11,38,-6,34,-10,36,-12,36,-11,35,-9,36,-8,36,-10,35,-10,35,-15,36,-12,32,-10,35,-12,34,-10,32,-9,31,-7,30,-7,33,-4,30,-4,27,-1,28,3,27,4,26,4,23,3,17,5,16,6,13,5,10,9,11,7,8,10,7,14,2,7,2,6,-1,5,-4,7,-7,4,-6,1,-9,2,-8,4,-8,-2,0,0,0,0,0,0,0,0,0,0,0,0,0,0,0,0,0,0,0,0,0,0,19,-10,21,-9,24,-7,25,-5,26,-3,28,-1,27,3,33,2,35,9,34,6,35,8,41,13,42,13,42,17,40,21,45,26,41,32,43,32,44,38,42,42,43,44,38,51,38,51,39,55,37,53,39,55,38,57,31,62,31,63,30,67,28,65,23,65,23,66,21,68,19,68,17,68,23,70,25,69,20,71,23,70,20,70,25,70,19,70,21,78,20,72,22,75,20,74,20,81,17,84,18,82,19,79,20,87,12,86,9,84,10,83,4,85,1,88,0,0]"
CSI_DATA,88,1a:00:00:00:00:00,-46,11,1,0,1,1,1,0,0,0,1,-96,0,11,2,1410093,0,44,0,384,0,"[0,0,0,0,0,0,0,0,0,0,0,0,-1,11,-1,11,0,10,0,10,0,9,0,9,0,9,0,8,0,8,0,8,0,8,1,8,1,7,1,7,1,7,1,6,1,6,1,6,2,6,1,6,1,6,2,6,1,6,2,6,1,6,1,5,0,0,1,6,1,5,0,5,0,5,0,5,-1,5,-1,4,-2,4,-1,4,-2,3,-2,3,-2,2,-2,2,-2,1,-2,1,-2,1,-2,0,-2,0,-1,-1,-1,-1,-1,-1,-1,-1,-1,-2,0,-2,0,-2,0,-2,0,0,0,0,0,0,0,0,0,0,0,0,0,0,2,75,2,73,0,74,-1,66,1,69,3,61,-1,57,1,54,2,52,3,53,0,50,3,46,2,46,7,43,4,43,9,46,6,41,7,40,11,39,11,40,11,38,9,36,12,37,7,35,11,36,12,36,11,31,11,32,7,31,10,35,10,33,8,32,4,32,4,31,3,33,3,27,1,24,-1,27,-3,22,-8,24,-6,20,-6,16,-7,16,-9,14,-10,13,-11,7,-7,6,-11,1,-4,2,-10,-2,-8,-1,-4,-4,-8,-5,0,-9,1,-11,0,-7,5,-9,0,0,0,0,0,0,0,0,0,0,0,0,0,0,0,0,0,0,0,0,0,0,10,15,9,17,7,21,7,25,6,22,7,27,3,32,0,29,-1,32,-2,33,-9,37,-10,39,-12,37,-15,42,-15,40,-23,42,-25,47,-30,45,-34,47,-38,45,-40,42,-43,44,-45,44,-50,39,-53,40,-57,40,-56,37,-60,38,-56,33,-62,33,-64,32,-66,32,-68,27,-69,29,-65,27,-68,27,-67,26,-70,25,-67,24,-68,25,-74,25,-72,32,-75,27,-71,32,-75,24,-74,25,-78,25,-78,26,-82,23,-80,24,-82,20,-84,22,-84,19,-84,17,-88,13,-87,15,-82,12,0,0]"
CSI_DATA,89,1a:00:00:00:00:00,-46,11,1,0,1,1,1,0,0,0,1,-96,0,11,2,1420689,0,44,0,384,0,"[0,0,0,0,0,0,0,0,0,0,0,0,3,-11,3,-10,2,-10,2,-10,2,-9,2,-9,2,-9,2,-9,1,-8,1,-8,1,-8,1,-8,0,-8,0,-7,0,-7,1,-7,0,-7,0,-7,0,-7,0,-7,0,-7,0,-7,0,-7,0,-7,0,-7,1,-6,0,0,1,-6,1,-6,1,-6,1,-6,1,-5,1,-5,1,-5,1,-4,2,-4,2,-3,2,-3,2,-2,1,-2,1,-1,1,-1,1,-1,1,-1,1,0,1,0,0,0,0,0,0,0,-1,1,-1,1,-2,0,-2,1,0,0,0,0,0,0,0,0,0,0,0,0,0,0,16,-72,16,-72,17,-69,20,-70,16,-66,14,-62,13,-54,14,-56,12,-51,12,-54,10,-53,9,-48,6,-50,8,-46,6,-45,4,-43,0,-44,-3,-41,2,-40,-2,-43,4,-41,-3,-40,-2,-39,-3,-40,2,-36,-1,-40,-3,-37,-3,-39,2,-36,-2,-35,-2,-31,2,-35,0,-31,1,-31,9,-32,9,-30,8,-26,12,-27,8,-23,9,-23,9,-17,8,-19,12,-17,9,-11,10,-12,8,-8,10,-7,8,-3,11,0,4,0,5,1,3,5,0,3,-3,8,-4,7,-8,6,-10,5,0,0,0,0,0,0,0,0,0,0,0,0,0,0,0,0,0,0,0,0,0,0,-9,-16,-6,-18,-11,-22,-5,-25,-5,-24,-3,-28,2,-30,3,-30,4,-33,7,-34,11,-34,13,-38,17,-39,21,-39,23,-39,27,-42,34,-45,35,-41,40,-41,42,-40,46,-40,51,-37,52,-36,56,-33,57,-29,59,-32,62,-29,64,-28,65,-25,68,-24,68,-21,72,-17,75,-17,67,-17,71,-12,69,-12,75,-15,71,-16,71,-16,71,-15,72,-13,77,-17,76,-14,78,-13,80,-14,79,-10,81,-10,82,-10,79,-1,85,-5,83,0,89,-3,86,1,87,3,86,3,86,4,84,15,0,0]"
CSI_DATA,90,1a:00:00:00:00:00,-46,11,1,0,1,1,1,0,0,0,1,-96,0,11,2,1440179,0,44,0,384,0,"[0,0,0,0,0,0,0,0,0,0,0,0,-12,-1,-11,-1,-11,-1,-11,-1,-10,-1,-10,-1,-10,0,-9,0,-9,0,-9,0,-9,0,-8,0,-8,0,-8,0,-7,0,-8,1,-7,1,-7,1,-7,1,-7,1,-7,1,-7,1,-7,1,-6,1,-7,1,-7,1,0,0,-7,1,-6,0,-6,0,-6,0,-6,-1,-5,-1,-5,-1,-5,-1,-4,-1,-4,-2,-4,-1,-3,-2,-3,-2,-2,-2,-2,-2,-2,-2,-1,-2,-1,-2,-1,-2,0,-1,0,-1,0,-1,0,-1,1,0,1,0,1,0,0,0,0,0,0,0,0,0,0,0,0,0,0,0,-77,-13,-73,-22,-72,-19,-69,-19,-67,-16,-61,-17,-60,-14,-55,-13,-55,-10,-50,-10,-47,-11,-50,-13,-48,-6,-46,-9,-43,-7,-45,-8,-45,-7,-42,-2,-42,-1,-38,0,-39,-1,-41,-2,-40,1,-36,-1,-41,-2,-39,-1,-40,0,-38,3,-35,-1,-36,0,-37,-2,-36,-4,-33,-5,-32,-4,-29,-1,-27,-8,-25,-6,-31,-10,-25,-10,-20,-7,-18,-10,-16,-13,-15,-14,-10,-11,-10,-11,-8,-10,-3,-8,-3,-8,-4,-6,-1,-6,0,-4,3,-2,2,-1,3,-2,4,5,5,2,5,8,0,0,0,0,0,0,0,0,0,0,0,0,0,0,0,0,0,0,0,0,0,0,-18,7,-20,3,-19,1,-22,2,-25,-3,-30,-4,-27,-3,-31,-5,-33,-8,-34,-13,-36,-14,-36,-21,-39,-20,-36,-22,-42,-27,-39,-31,-39,-36,-40,-41,-38,-39,-39,-47,-37,-48,-36,-53,-33,-56,-33,-58,-29,-63,-28,-60,-27,-67,-23,-69,-23,-67,-20,-69,-19,-70,-20,-73,-17,-71,-20,-72,-12,-70,-16,-73,-15,-75,-11,-72,-12,-76,-11,-71,-12,-78,-14,-75,-10,-77,-13,-80,-14,-77,-11,-77,-10,-80,-12,-87,-9,-89,-6,-88,0,-86,-5,-88,0,-87,1,-87,7,-90,8,-90,9,-86,0,0]"
CSI_DATA,91,1a:00:00:00:00:00,-46,11,1,0,1,1,1,0,0,0,1,-96,0,11,2,1450109,0,44,0,384,0,"[0,0,0,0,0,0,0,0,0,0,0,0,10,-4,10,-3,10,-3,9,-3,9,-3,8,-3,8,-4,8,-3,8,-4,7,-3,7,-4,6,-4,6,-4,6,-4,6,-3,6,-4,6,-4,5,-4,5,-4,5,-4,5,-4,5,-4,5,-4,5,-4,5,-4,5,-4,0,0,5,-3,5,-3,4,-3,5,-3,4,-2,4,-2,4,-1,3,-1,3,-1,3,-1,3,-1,2,0,2,0,2,0,1,0,1,0,1,0,0,0,0,0,0,0,-1,0,-1,0,-1,0,-2,0,-2,-1,-2,-1,0,0,0,0,0,0,0,0,0,0,0,0,0,0,77,-14,68,-15,74,-19,66,-15,63,-16,65,-11,58,-13,59,-18,49,-14,54,-16,50,-18,48,-16,46,-17,40,-14,42,-17,42,-19,41,-17,35,-16,38,-21,34,-21,38,-23,34,-17,34,-25,36,-18,32,-20,33,-21,29,-21,31,-19,31,-19,33,-19,30,-17,29,-17,28,-12,29,-14,24,-13,27,-15,26,-9,27,-8,24,0,22,-3,18,0,18,-2,17,4,17,3,13,3,8,6,6,2,8,3,2,7,1,2,1,3,-3,5,-4,4,-5,1,-5,2,-9,-3,-6,1,0,0,0,0,0,0,0,0,0,0,0,0,0,0,0,0,0,0,0,0,0,0,17,-9,20,-8,19,-5,22,-5,24,-3,27,-4,22,-3,27,0,30,3,29,6,35,6,37,7,40,14,43,14,45,17,46,19,46,19,45,24,45,31,44,34,50,36,47,38,46,42,47,45,42,49,44,52,45,51,46,59,39,55,42,63,40,57,39,65,39,62,38,64,39,62,35,63,33,61,39,62,37,64,37,65,38,69,38,63,43,66,42,69,41,71,46,70,41,71,40,77,38,73,33,73,37,76,37,84,35,82,28,74,28,80,27,84,23,79,0,0]"
CSI_DATA,92,1a:00:00:00:00:00,-46,11,1,0,1,1,1,0,0,0,1,-96,0,11,2,1460957,0,44,0,384,0,"[0,0,0,0,0,0,0,0,0,0,0,0,11,3,10,3,10,3,9,3,9,3,8,2,8,2,8,2,8,1,8,2,8,1,7,1,7,1,7,1,7,1,7,0,7,0,6,0,6,0,6,0,6,0,6,0,6,0,6,0,6,0,6,0,0,0,5,1,5,1,5,1,5,1,4,2,4,2,4,2,3,2,3,1,3,1,2,2,1,2,1,2,1,1,0,1,0,1,0,1,0,1,-1,0,-1,0,-1,0,-1,-1,-1,-1,-1,-1,-1,-2,-1,-2,0,0,0,0,0,0,0,0,0,0,0,0,0,0,72,25,64,27,67,27,61,26,62,24,55,24,52,23,55,19,51,17,50,16,47,16,49,15,44,9,44,16,42,11,44,13,44,9,44,6,44,8,41,8,38,9,38,4,38,4,37,7,37,4,40,9,37,6,36,6,36,7,34,2,30,7,32,7,27,6,31,11,28,11,28,12,24,10,21,13,18,11,15,11,14,12,11,11,11,13,12,10,7,11,3,9,2,7,-1,7,2,5,-5,2,-3,3,-3,4,-8,2,-5,-2,-4,-4,-3,-5,-5,-14,0,0,0,0,0,0,0,0,0,0,0,0,0,0,0,0,0,0,0,0,0,0,16,-2,17,-6,21,-1,26,0,22,6,24,5,27,7,26,12,28,13,30,13,33,18,34,24,35,24,36,24,33,34,33,35,33,41,35,42,33,42,31,50,31,50,32,54,27,56,24,60,22,63,26,65,21,67,15,69,12,70,12,72,9,66,7,70,5,74,7,70,8,69,3,71,5,70,4,71,8,74,6,77,8,77,1,73,5,77,7,80,4,80,0,81,2,81,-1,81,-3,86,-4,82,-7,86,-7,86,-11,87,-14,80,-16,84,-20,89,-19,85,0,0]"
CSI_DATA,93,1a:00:00:00:00:00,-46,11,1,0,1,1,1,0,0,0,1,-96,0,11,2,1470088,0,44,0,384,0,"[0,0,0,0,0,0,0,0,0,0,0,0,-7,-10,-7,-10,-7,-9,-7,-9,-7,-8,-6,-8,-6,-7,-6,-7,-7,-7,-6,-7,-6,-7,-6,-6,-6,-6,-6,-6,-6,-6,-6,-5,-6,-5,-6,-5,-6,-5,-6,-5,-6,-5,-6,-5,-5,-5,-6,-5,-5,-5,-5,-5,0,0,-5,-5,-4,-5,-5,-5,-4,-5,-4,-5,-3,-5,-3,-5,-2,-5,-2,-4,-2,-4,-1,-4,-1,-4,-1,-3,-1,-3,0,-2,0,-2,0,-2,0,-1,0,-1,0,-1,0,0,0,0,0,0,0,1,0,1,-1,1,0,0,0,0,0,0,0,0,0,0,0,0,0,0,-36,-66,-31,-64,-36,-63,-28,-59,-25,-55,-30,-57,-29,-53,-25,-52,-26,-47,-28,-45,-23,-44,-23,-43,-26,-40,-26,-36,-26,-41,-23,-37,-28,-36,-28,-33,-27,-35,-21,-31,-25,-33,-27,-32,-28,-27,-22,-30,-24,-29,-24,-29,-24,-27,-24,-26,-21,-32,-21,-27,-20,-26,-21,-31,-14,-28,-18,-29,-14,-28,-15,-27,-8,-27,-7,-21,-4,-21,-4,-23,-3,-19,3,-18,-2,-16,-1,-16,1,-9,5,-11,2,-7,1,-7,2,-3,3,-4,2,-1,1,2,3,0,0,6,1,5,0,9,-6,8,0,0,0,0,0,0,0,0,0,0,0,0,0,0,0,0,0,0,0,0,0,0,-13,-11,-16,-15,-16,-17,-13,-18,-13,-21,-12,-25,-14,-24,-13,-28,-12,-32,-13,-32,-11,-37,-10,-39,-10,-40,-7,-45,-3,-47,1,-47,2,-53,6,-53,7,-57,14,-60,13,-59,21,-60,15,-60,23,-60,25,-62,27,-61,33,-61,34,-62,35,-61,38,-58,39,-58,42,-59,43,-54,42,-55,46,-57,45,-57,40,-56,43,-57,40,-56,44,-58,47,-60,46,-57,48,-60,49,-62,53,-65,52,-57,53,-61,51,-59,59,-63,60,-58,59,-60,57,-59,66,-56,64,-49,66,-49,70,-46,70,-50,0,0]"
CSI_DATA,94,1a:00:00:00:00:00,-46,11,1,0,1,1,1,0,0,0,1,-96,0,11,2,1490094,0,44,0,384,0,"[0,0,0,0,0,0,0,0,0,0,0,0,-11,0,-11,0,-10,0,-10,0,-10,0,-9,1,-9,0,-9,1,-9,1,-8,0,-8,1,-8,2,-8,1,-7,1,-7,1,-7,2,-7,2,-7,2,-7,1,-7,1,-7,1,-7,1,-7,1,-7,1,-7,1,-7,1,0,0,-6,1,-6,0,-6,0,-6,0,-5,-1,-5,-1,-5,-1,-4,-2,-4,-2,-4,-1,-3,-1,-3,-1,-2,-2,-2,-2,-2,-2,-2,-1,-1,-1,-1,-1,-1,-1,0,-1,0,-1,0,0,0,0,1,0,0,0,0,1,0,0,0,0,0,0,0,0,0,0,0,0,0,0,-73,-1,-69,-9,-66,-4,-66,-6,-60,-5,-59,-8,-61,-3,-53,-3,-50,1,-51,0,-51,-1,-49,4,-48,4,-49,1,-41,1,-46,4,-45,3,-44,5,-41,6,-43,4,-40,6,-41,6,-36,9,-40,9,-36,9,-40,5,-35,7,-37,5,-36,4,-34,7,-32,7,-32,5,-31,-4,-32,1,-29,2,-28,-3,-30,-7,-30,-5,-28,-7,-23,-8,-19,-7,-17,-12,-15,-11,-12,-9,-11,-10,-9,-8,-4,-8,-3,-7,-4,-6,2,-1,0,-3,2,-2,6,2,6,0,5,4,2,4,8,7,0,0,0,0,0,0,0,0,0,0,0,0,0,0,0,0,0,0,0,0,0,0,-18,4,-23,0,-21,-4,-26,0,-28,-4,-30,-4,-30,-5,-34,-10,-31,-13,-35,-12,-37,-15,-39,-17,-38,-22,-39,-27,-37,-32,-41,-37,-39,-37,-40,-39,-41,-41,-42,-45,-40,-50,-38,-53,-36,-58,-33,-56,-33,-59,-31,-63,-25,-64,-29,-65,-26,-65,-25,-69,-23,-65,-20,-70,-20,-69,-19,-67,-19,-70,-21,-70,-17,-70,-17,-70,-20,-71,-23,-73,-20,-74,-24,-72,-22,-75,-22,-73,-23,-75,-18,-81,-21,-77,-20,-82,-23,-84,-16,-84,-10,-85,-12,-84,-10,-83,-9,-83,-7,-82,-1,-85,-7,-83,0,0]"
CSI_DATA,95,1a:00:00:00:00:00,-47,11,1,0,1,1,1,0,0,0,1,-96,0,11,2,1501576,0,44,0,384,0,"[0,0,0,0,0,0,0,0,0,0,0,0,-9,6,-9,6,-7,5,-8,5,-7,5,-7,5,-7,5,-6,5,-6,5,-6,5,-6,5,-5,5,-5,5,-5,5,-5,5,-5,5,-5,5,-5,5,-4,5,-5,5,-4,4,-4,4,-5,5,-4,4,-5,4,-5,4,0,0,-5,4,-4,3,-4,3,-4,3,-4,2,-4,2,-4,2,-4,1,-4,1,-4,0,-3,0,-3,0,-2,0,-2,0,-2,-1,-2,-1,-1,-1,-1,-1,-1,-1,0,-1,0,-1,1,0,1,-1,1,0,1,0,1,0,0,0,0,0,0,0,0,0,0,0,0,0,0,0,-64,22,-63,19,-63,19,-59,15,-56,17,-58,19,-54,19,-50,23,-49,18,-48,19,-47,17,-44,16,-45,15,-41,18,-42,18,-38,16,-36,19,-35,23,-37,18,-34,20,-36,21,-32,18,-37,23,-33,21,-30,17,-35,16,-30,18,-32,19,-34,18,-31,18,-33,19,-35,14,-32,12,-29,12,-27,11,-28,7,-29,3,-25,2,-24,2,-20,0,-20,-1,-19,-5,-15,-5,-13,-6,-9,-4,-6,-5,-8,-3,-8,-4,-2,-1,0,-1,3,-2,5,2,6,-2,8,3,6,3,8,4,6,6,0,0,0,0,0,0,0,0,0,0,0,0,0,0,0,0,0,0,0,0,0,0,-16,15,-21,13,-24,11,-23,12,-28,12,-31,10,-27,11,-34,7,-38,7,-36,6,-42,2,-46,-2,-45,1,-47,-6,-55,-11,-56,-11,-58,-16,-55,-16,-60,-20,-55,-28,-56,-31,-60,-30,-57,-35,-54,-39,-57,-40,-57,-44,-53,-44,-56,-48,-50,-50,-51,-54,-48,-52,-47,-54,-46,-55,-44,-56,-44,-57,-43,-55,-46,-52,-44,-55,-47,-54,-47,-55,-48,-56,-43,-55,-52,-60,-47,-58,-51,-66,-45,-59,-45,-62,-49,-67,-45,-68,-44,-70,-42,-70,-43,-71,-40,-74,-37,-72,-41,-71,-37,-79,-33,-75,0,0]"
CSI_DATA,96,1a:00:00:00:00:00,-48,11,1,0,1,1,1,0,0,0,1,-96,0,11,2,1510113,0,44,0,384,0,"[0,0,0,0,0,0,0,0,0,0,0,0,-8,7,-8,6,-7,6,-7,6,-7,6,-7,6,-7,6,-6,6,-6,6,-5,5,-6,6,-5,6,-5,6,-5,5,-5,5,-5,6,-5,6,-4,6,-4,5,-4,5,-4,5,-4,5,-5,5,-4,5,-4,5,-5,5,0,0,-5,4,-4,3,-4,4,-5,3,-4,3,-4,2,-4,2,-4,1,-4,1,-4,1,-4,0,-3,0,-2,0,-2,0,-2,-1,-1,-1,-1,-1,-1,-1,0,-1,0,-1,0,-1,1,0,1,0,1,0,1,0,1,1,0,0,0,0,0,0,0,0,0,0,0,0,0,0,-52,48,-49,44,-49,48,-50,39,-41,40,-40,39,-37,39,-36,36,-36,34,-35,36,-31,35,-28,34,-29,32,-25,34,-24,34,-29,35,-26,32,-23,30,-20,36,-21,36,-20,39,-19,34,-19,32,-19,34,-20,32,-20,33,-18,30,-18,33,-19,29,-22,32,-18,26,-23,29,-23,22,-21,24,-17,24,-25,20,-21,18,-22,14,-19,11,-17,8,-18,10,-18,8,-13,2,-11,3,-10,1,-4,0,-4,0,-4,-3,-1,-1,-2,-2,2,-1,2,-4,5,-6,7,0,9,2,11,0,10,4,0,0,0,0,0,0,0,0,0,0,0,0,0,0,0,0,0,0,0,0,0,0,-10,17,-15,19,-16,20,-21,19,-24,20,-25,23,-28,22,-30,21,-36,18,-33,17,-40,18,-44,15,-45,17,-49,12,-52,14,-57,6,-57,8,-60,2,-61,3,-65,-1,-66,-6,-64,-6,-68,-13,-67,-15,-72,-19,-68,-16,-68,-24,-67,-23,-67,-25,-69,-31,-68,-28,-67,-33,-60,-31,-66,-35,-66,-32,-65,-36,-63,-31,-65,-31,-62,-35,-63,-34,-66,-35,-69,-34,-69,-37,-70,-42,-66,-38,-72,-34,-68,-38,-72,-42,-70,-44,-69,-42,-65,-49,-66,-50,-66,-54,-68,-60,-63,-49,-61,-51,-59,-56,0,0]"
CSI_DATA,97,1a:00:00:00:00:00,-48,11,1,0,1,1,1,0,0,0,1,-96,0,11,2,1520181,0,44,0,384,0,"[0,0,0,0,0,0,0,0,0,0,0,0,-5,-10,-5,-9,-5,-9,-5,-9,-5,-9,-5,-8,-5,-8,-5,-7,-5,-7,-5,-7,-5,-7,-5,-7,-5,-7,-5,-6,-5,-6,-5,-6,-5,-6,-5,-6,-5,-6,-5,-6,-5,-6,-5,-6,-4,-5,-5,-6,-5,-5,-4,-6,0,0,-4,-6,-3,-6,-3,-6,-3,-5,-3,-5,-2,-5,-1,-5,-1,-4,-1,-4,-1,-3,0,-3,0,-3,0,-2,0,-2,0,-1,0,-1,0,-1,0,0,0,0,-1,0,-1,1,-1,1,-1,1,-2,1,-2,1,-3,1,0,0,0,0,0,0,0,0,0,0,0,0,0,0,-10,-63,-7,-63,-8,-62,-7,-62,-9,-58,-7,-54,-9,-50,-12,-51,-8,-51,-14,-47,-11,-47,-12,-42,-17,-43,-15,-37,-17,-39,-17,-42,-16,-40,-16,-35,-20,-34,-16,-34,-20,-37,-17,-36,-19,-34,-18,-34,-13,-33,-12,-33,-13,-36,-12,-34,-13,-32,-10,-34,-9,-33,-11,-36,-9,-29,-7,-31,-7,-27,-3,-25,1,-26,2,-25,0,-22,3,-22,1,-13,3,-16,5,-9,6,-13,0,-7,4,-1,4,-6,1,-1,0,0,-3,4,-4,6,-7,4,-4,8,-9,7,-11,5,-10,5,-13,5,0,0,0,0,0,0,0,0,0,0,0,0,0,0,0,0,0,0,0,0,0,0,-14,-21,-13,-23,-12,-19,-9,-28,-9,-33,-6,-34,-4,-36,-2,-37,-2,-41,-1,-42,4,-48,6,-48,8,-46,14,-51,13,-56,20,-50,25,-55,28,-57,31,-58,38,-52,40,-51,44,-58,42,-54,48,-54,51,-48,54,-55,58,-48,61,-50,60,-41,59,-42,60,-38,66,-38,62,-35,60,-36,62,-36,67,-39,61,-31,63,-32,63,-34,65,-36,68,-38,65,-35,69,-33,67,-36,71,-36,74,-32,74,-34,71,-33,76,-35,73,-28,76,-29,78,-33,81,-29,78,-24,75,-24,73,-20,78,-16,0,0]"
CSI_DATA,98,1a:00:00:00:00:00,-49,11,1,0,1,1,1,0,0,0,1,-96,0,11,2,1531569,0,44,0,384,0,"[0,0,0,0,0,0,0,0,0,0,0,0,8,2,7,2,7,2,7,2,7,2,7,1,7,1,6,0,7,0,6,1,6,0,6,0,6,0,6,0,6,0,6,0,6,-1,6,0,5,-1,5,0,6,0,5,0,5,-1,5,0,5,0,5,0,0,0,4,0,4,1,4,1,4,0,3,1,3,1,2,1,2,2,2,1,1,1,1,1,0,1,0,0,0,0,0,0,-1,0,-1,-1,-1,-1,-1,-1,-1,-2,-1,-2,-1,-2,-1,-2,-1,-3,0,-3,0,-3,0,0,0,0,0,0,0,0,0,0,0,0,0,0,57,24,56,15,60,17,52,20,48,16,41,16,48,11,44,12,42,9,38,11,37,9,40,8,36,3,44,7,37,5,33,3,36,4,36,1,35,2,36,2,36,0,33,-1,31,-1,34,-3,37,-2,38,-1,33,-1,35,0,32,2,28,4,31,5,27,5,29,6,24,5,23,3,19,11,19,9,17,8,17,10,10,8,9,11,4,4,5,2,7,8,-1,4,0,3,-5,0,-3,2,-5,-2,-6,-5,-8,-9,-5,-11,-4,-11,-8,-13,-5,-13,-3,-14,1,-17,0,0,0,0,0,0,0,0,0,0,0,0,0,0,0,0,0,0,0,0,0,0,23,-6,26,-8,30,0,31,0,30,8,33,8,39,11,34,15,38,14,36,19,36,28,40,31,40,32,41,36,38,36,41,43,42,47,35,48,36,59,37,54,32,60,31,63,27,67,24,66,16,72,15,73,10,72,13,76,14,78,10,76,8,72,5,75,1,72,4,71,0,74,2,66,2,69,0,71,-3,74,0,72,0,71,4,69,0,74,0,74,-2,76,-5,80,-5,75,-3,78,-1,79,-9,81,-13,80,-11,75,-13,80,-17,75,-15,80,-19,75,-18,67,0,0]"
CSI_DATA,99,1a:00:00:00:00:00,-51,11,1,0,1,1,1,0,0,0,1,-96,0,11,2,1540077,0,44,0,384,0,"[0,0,0,0,0,0,0,0,0,0,0,0,5,-9,4,-8,4,-8,3,-7,3,-7,3,-7,3,-7,3,-7,2,-7,2,-7,2,-7,2,-7,1,-6,1,-7,1,-6,1,-7,1,-7,1,-7,0,-6,1,-6,0,-6,0,-6,1,-6,1,-6,1,-6,1,-6,0,0,1,-5,1,-5,1,-4,2,-4,1,-4,1,-3,1,-3,1,-2,2,-2,1,-1,1,-1,0,-1,0,-1,0,0,0,0,-1,0,-1,1,-1,0,-2,0,-2,1,-2,0,-3,0,-3,0,-3,0,-4,0,-4,-1,0,0,0,0,0,0,0,0,0,0,0,0,0,0,36,-45,36,-45,37,-42,34,-42,31,-39,27,-40,27,-36,24,-35,26,-35,18,-38,18,-33,15,-33,16,-34,18,-34,14,-34,9,-32,14,-31,11,-31,9,-26,8,-29,7,-34,10,-32,9,-31,8,-25,9,-31,8,-27,8,-29,16,-26,11,-28,10,-24,10,-27,13,-27,10,-21,10,-20,12,-22,13,-14,12,-13,13,-11,11,-6,12,-12,10,-6,9,-5,8,0,0,2,0,1,1,1,-3,2,-6,4,-4,2,-12,5,-8,3,-13,3,-14,0,-20,3,-17,-4,-21,-9,-18,-6,0,0,0,0,0,0,0,0,0,0,0,0,0,0,0,0,0,0,0,0,0,0,0,-27,4,-27,6,-30,7,-33,14,-32,11,-34,17,-33,23,-35,22,-34,29,-34,29,-37,35,-36,43,-34,43,-35,45,-28,54,-27,57,-29,57,-22,58,-25,68,-20,68,-15,68,-17,70,-14,71,-7,74,-3,74,-1,74,1,75,2,74,7,76,10,75,8,74,15,72,14,72,14,71,17,69,14,69,12,68,18,70,17,70,21,72,19,71,19,71,22,70,24,72,19,69,16,73,16,76,25,73,26,74,29,71,28,70,32,70,36,69,36,65,40,69,37,59,38,0,0]"
CSI_DATA,100,1a:00:00:00:00:00,-51,11,1,0,1,1,1,0,0,0,1,-96,0,11,2,1550152,0,44,0,384,0,"[0,0,0,0,0,0,0,0,0,0,0,0,0,7,0,7,1,7,0,7,0,6,0,6,1,5,1,5,1,5,1,5,1,4,1,4,1,5,2,4,2,4,2,4,2,4,2,4,2,4,2,4,2,4,1,3,1,3,2,4,2,4,1,3,0,0,1,3,1,3,0,3,0,2,0,2,0,2,-1,2,-1,2,-1,0,-1,0,-1,0,-1,-1,-1,-1,-1,-1,-1,-2,-1,-2,-1,-2,-1,-2,0,-3,0,-3,0,-3,1,-3,1,-3,1,-3,2,-3,2,-3,0,0,0,0,0,0,0,0,0,0,0,0,0,0,-7,61,-7,54,-5,53,-7,49,0,55,-6,45,-1,41,0,42,4,42,5,40,1,34,6,34,5,36,7,36,3,30,8,28,8,26,10,26,11,26,9,30,10,29,9,26,9,21,14,21,10,22,10,20,12,24,15,21,10,19,8,22,10,23,11,19,8,14,4,20,7,16,3,11,0,13,-2,11,-3,10,-8,11,-4,8,-3,4,-8,0,-5,-4,-5,-7,-7,-5,-5,-7,-2,-7,-2,-12,-3,-13,0,-14,2,-13,8,-17,6,-18,12,-18,7,-22,15,-18,0,0,0,0,0,0,0,0,0,0,0,0,0,0,0,0,0,0,0,0,0,0,2,27,1,31,-4,32,-8,35,-7,36,-13,34,-14,39,-17,38,-23,39,-23,41,-24,39,-33,42,-31,45,-36,44,-41,47,-50,44,-47,41,-55,37,-56,34,-62,36,-60,33,-67,31,-66,29,-70,28,-70,28,-73,24,-71,25,-76,18,-73,20,-74,15,-75,15,-73,12,-75,12,-75,13,-76,9,-72,7,-74,13,-69,8,-72,12,-74,16,-76,14,-75,15,-72,15,-75,11,-72,12,-79,16,-77,12,-76,10,-80,8,-78,8,-78,4,-81,8,-82,7,-74,2,-77,-2,-71,-6,-70,1,0,0]"
CSI_DATA,101,1a:00:00:00:00:00,-52,11,1,0,1,1,1,0,0,0,1,-96,0,11,2,1570069,0,44,0,384,0,"[0,0,0,0,0,0,0,0,0,0,0,0,-9,-2,-8,-2,-8,-2,-7,-1,-8,-2,-7,-1,-7,0,-6,-1,-6,0,-6,-1,-5,0,-5,0,-5,0,-5,0,-5,0,-5,1,-4,1,-5,1,-4,1,-4,1,-4,1,-4,1,-4,1,-4,1,-4,0,-4,1,0,0,-4,1,-3,0,-3,0,-4,0,-3,-1,-3,-1,-2,-1,-2,-2,-2,-2,-2,-2,-2,-2,-1,-2,-1,-2,0,-3,0,-3,0,-2,1,-2,1,-2,1,-2,2,-2,2,-2,2,-2,3,-2,3,-1,3,-1,4,-1,0,0,0,0,0,0,0,0,0,0,0,0,0,0,-59,-14,-58,-14,-53,-13,-48,-14,-50,-12,-43,-6,-46,-5,-42,-8,-37,-3,-34,-3,-32,-3,-35,1,-34,0,-36,2,-32,2,-26,2,-27,6,-28,8,-26,11,-23,7,-23,8,-21,10,-20,12,-24,10,-20,13,-23,10,-19,10,-23,10,-23,12,-16,8,-14,9,-19,7,-19,8,-19,4,-15,5,-16,0,-16,2,-11,1,-12,-3,-10,-4,-9,-9,-6,-7,-8,-10,-3,-7,-2,-13,0,-13,2,-12,7,-16,11,-12,8,-16,11,-14,15,-11,14,-8,18,-13,18,-5,24,-5,27,-2,0,0,0,0,0,0,0,0,0,0,0,0,0,0,0,0,0,0,0,0,0,0,-24,-18,-22,-19,-24,-21,-19,-30,-20,-33,-21,-35,-19,-39,-19,-39,-17,-44,-16,-44,-13,-48,-14,-49,-15,-55,-6,-61,-8,-59,-10,-60,-3,-66,-1,-69,-1,-67,5,-71,5,-71,6,-72,10,-73,13,-71,15,-75,15,-75,20,-77,18,-77,11,-74,19,-75,21,-75,24,-71,19,-70,20,-71,20,-71,19,-72,16,-70,14,-69,17,-68,15,-73,10,-73,11,-75,13,-77,12,-78,8,-73,14,-79,11,-78,10,-75,14,-74,10,-77,7,-77,9,-79,12,-77,15,-78,9,-74,14,-73,8,-71,0,0]"
CSI_DATA,102,1a:00:00:00:00:00,-52,11,1,0,1,1,1,0,0,0,1,-96,0,11,2,1580106,0,44,0,384,0,"[0,0,0,0,0,0,0,0,0,0,0,0,-5,-8,-6,-8,-5,-7,-5,-6,-5,-6,-5,-5,-5,-5,-5,-4,-5,-4,-5,-4,-5,-4,-5,-3,-5,-3,-5,-3,-5,-3,-4,-3,-4,-2,-4,-2,-5,-2,-5,-2,-4,-2,-5,-2,-4,-2,-5,-2,-4,-2,-4,-2,0,0,-4,-2,-4,-2,-4,-2,-3,-2,-3,-3,-3,-3,-2,-3,-2,-3,-1,-3,-1,-3,-1,-3,-1,-3,0,-3,1,-3,1,-2,1,-2,1,-2,2,-2,2,-2,2,-2,3,-2,3,-1,3,-1,3,-1,3,0,3,1,0,0,0,0,0,0,0,0,0,0,0,0,0,0,-33,-52,-32,-53,-39,-51,-30,-44,-29,-45,-34,-38,-29,-33,-29,-34,-26,-27,-31,-31,-27,-25,-28,-23,-29,-22,-27,-16,-26,-21,-25,-15,-27,-13,-32,-10,-26,-11,-25,-10,-28,-9,-21,-9,-24,-6,-23,-5,-25,-6,-27,-7,-25,-4,-24,-5,-24,-5,-23,-6,-21,-7,-22,-4,-22,-5,-21,-11,-13,-9,-18,-8,-13,-11,-12,-13,-12,-14,-7,-13,-6,-14,-1,-14,4,-12,-2,-13,7,-14,9,-12,5,-12,10,-9,12,-6,14,-9,14,-9,21,-6,17,-10,18,-1,23,-2,23,4,22,7,0,0,0,0,0,0,0,0,0,0,0,0,0,0,0,0,0,0,0,0,0,0,1,-33,3,-34,4,-34,12,-33,9,-37,14,-34,15,-40,20,-45,24,-43,25,-42,29,-44,32,-46,39,-45,36,-51,42,-47,45,-45,50,-48,53,-45,53,-51,58,-50,58,-47,59,-48,63,-44,64,-40,67,-40,69,-41,68,-35,69,-40,62,-37,68,-42,70,-34,69,-44,65,-41,69,-41,68,-38,68,-37,62,-38,61,-37,63,-46,59,-44,61,-41,60,-48,60,-50,62,-49,64,-50,54,-54,58,-49,60,-51,61,-49,61,-51,62,-52,60,-49,68,-48,63,-46,60,-48,66,-44,59,-43,0,0]"
CSI_DATA,103,1a:00:00:00:00:00,-51,11,1,0,1,1,1,0,0,0,1,-96,0,11,2,1590839,0,44,0,384,0,"[0,0,0,0,0,0,0,0,0,0,0,0,8,-2,7,-2,7,-2,7,-2,6,-2,6,-3,5,-3,5,-3,5,-4,5,-4,4,-3,4,-4,4,-4,3,-4,3,-4,3,-4,2,-4,3,-4,2,-4,2,-4,3,-4,2,-4,2,-4,2,-3,2,-4,2,-4,0,0,2,-4,2,-3,2,-3,2,-3,2,-2,2,-2,2,-2,2,-2,2,-1,2,-1,2,-1,2,0,2,0,2,1,2,0,1,1,1,1,1,1,1,2,1,2,0,2,0,3,0,3,-1,3,-1,3,-2,3,0,0,0,0,0,0,0,0,0,0,0,0,0,0,60,-8,65,-2,53,-12,48,-9,49,-12,43,-8,47,-14,37,-12,38,-14,34,-16,34,-16,33,-13,27,-18,32,-23,23,-18,23,-19,22,-19,27,-17,16,-25,16,-17,18,-19,12,-22,12,-21,18,-25,17,-24,14,-22,11,-21,15,-19,15,-20,11,-20,13,-17,12,-19,16,-15,13,-13,17,-15,14,-15,19,-12,16,-10,17,-8,10,-6,14,-2,15,1,15,2,18,1,14,4,13,6,10,9,11,9,10,11,7,14,7,15,2,17,4,17,2,21,-1,18,-4,18,-7,17,0,0,0,0,0,0,0,0,0,0,0,0,0,0,0,0,0,0,0,0,0,0,16,23,14,26,12,31,14,33,13,35,14,36,12,40,10,46,13,46,9,47,12,54,10,56,5,57,7,60,4,63,1,65,-2,66,-1,69,-2,72,-5,72,-6,68,-10,76,-13,73,-16,76,-15,77,-13,74,-14,73,-16,73,-17,76,-20,74,-16,74,-16,74,-17,74,-14,72,-11,74,-11,70,-7,74,-4,68,-2,70,-1,73,-2,72,3,74,3,77,0,76,3,75,10,75,5,77,12,77,11,76,6,79,11,73,12,77,8,74,10,73,8,70,8,70,12,72,0,0]"
CSI_DATA,104,1a:00:00:00:00:00,-51,11,1,0,1,1,1,0,0,0,1,-96,0,11,2,1600449,0,44,0,384,0,"[0,0,0,0,0,0,0,0,0,0,0,0,-9,-2,-8,-2,-8,-2,-7,-2,-7,-1,-7,-1,-7,-1,-7,0,-6,0,-6,0,-5,0,-6,1,-6,0,-5,1,-5,1,-5,1,-5,2,-5,2,-5,1,-5,1,-4,2,-5,2,-4,2,-4,2,-4,2,-4,2,0,0,-4,2,-4,1,-4,1,-4,1,-4,0,-4,0,-4,0,-4,-1,-3,-1,-3,-1,-3,-1,-3,-2,-3,-2,-2,-3,-2,-3,-2,-3,-2,-3,-1,-3,-1,-3,-1,-3,0,-4,0,-3,0,-4,1,-3,1,-3,2,-3,0,0,0,0,0,0,0,0,0,0,0,0,0,0,-51,-36,-46,-28,-48,-27,-40,-22,-39,-19,-42,-24,-40,-14,-38,-16,-33,-11,-36,-11,-28,-10,-35,-3,-34,-3,-28,-2,-27,-7,-28,0,-27,-1,-31,3,-26,3,-25,5,-26,2,-25,5,-27,5,-28,7,-24,6,-25,12,-21,7,-25,10,-23,2,-19,7,-23,4,-20,0,-22,4,-26,1,-18,2,-24,1,-20,-4,-22,-5,-20,-4,-16,-8,-16,-11,-17,-12,-13,-12,-13,-13,-11,-14,-7,-13,-6,-17,-2,-17,-3,-14,-1,-15,6,-19,6,-14,4,-18,8,-12,12,-15,10,-17,14,-12,0,0,0,0,0,0,0,0,0,0,0,0,0,0,0,0,0,0,0,0,0,0,-1,-33,1,-34,3,-38,4,-42,7,-39,13,-44,11,-42,11,-48,13,-49,17,-51,20,-50,26,-52,25,-57,28,-59,32,-57,36,-53,41,-62,39,-58,39,-59,45,-61,43,-59,47,-64,48,-55,51,-58,52,-58,53,-59,58,-54,58,-61,56,-53,59,-61,49,-55,59,-54,50,-54,51,-54,49,-52,49,-56,46,-53,47,-56,45,-58,51,-56,45,-59,35,-56,41,-65,38,-65,38,-61,39,-59,37,-66,35,-62,36,-71,37,-62,39,-63,38,-64,36,-66,34,-58,33,-64,32,-67,33,-61,0,0]"
CSI_DATA,105,1a:00:00:00:00:00,-52,11,1,0,1,1,1,0,0,0,1,-96,0,11,2,1621702,0,44,0,384,0,"[0,0,0,0,0,0,0,0,0,0,0,0,8,-2,7,-2,7,-2,6,-1,6,-2,5,-2,5,-3,4,-3,4,-4,3,-3,3,-4,3,-4,3,-4,3,-3,2,-4,2,-4,2,-4,2,-4,1,-4,2,-4,1,-4,1,-4,1,-5,1,-4,1,-5,1,-4,0,0,1,-5,2,-4,1,-4,2,-4,2,-4,2,-4,2,-3,2,-3,3,-3,2,-3,3,-3,3,-2,3,-1,3,-1,3,-2,3,-1,3,-1,3,-1,3,0,3,0,3,1,3,1,3,1,3,2,3,2,2,2,0,0,0,0,0,0,0,0,0,0,0,0,0,0,61,7,53,3,51,5,47,-2,40,-3,40,2,38,0,35,-9,34,-7,34,-7,31,-7,28,-13,27,-11,26,-13,15,-17,19,-10,20,-19,18,-15,17,-17,12,-19,15,-19,14,-18,6,-19,13,-24,14,-20,10,-23,5,-23,12,-22,10,-22,11,-22,6,-22,13,-19,13,-25,11,-21,10,-22,11,-15,18,-21,18,-18,16,-18,13,-14,15,-16,14,-9,23,-10,22,-9,21,-3,19,-3,20,0,24,-1,20,8,21,-1,20,3,18,7,23,7,20,4,20,12,18,15,12,18,0,0,0,0,0,0,0,0,0,0,0,0,0,0,0,0,0,0,0,0,0,0,-10,37,-14,41,-16,43,-16,44,-19,44,-20,44,-26,45,-27,47,-25,46,-29,49,-35,55,-34,54,-35,56,-35,56,-39,58,-45,60,-45,59,-47,61,-48,59,-49,61,-49,62,-51,60,-56,62,-60,64,-54,63,-53,63,-53,60,-48,61,-51,60,-45,59,-47,65,-42,54,-48,61,-45,61,-40,64,-39,61,-35,63,-30,62,-28,66,-27,63,-24,65,-27,72,-19,69,-16,72,-18,69,-11,78,-18,73,-14,72,-11,73,-14,76,-9,80,-10,72,-15,71,-6,73,-11,68,-11,74,-8,80,0,0]"
CSI_DATA,106,1a:00:00:00:00:00,-51,11,1,0,1,1,1,0,0,0,1,-96,0,11,2,1630449,0,44,0,384,0,"[0,0,0,0,0,0,0,0,0,0,0,0,-9,3,-8,3,-7,3,-7,3,-6,3,-6,3,-5,3,-5,4,-5,4,-4,4,-4,4,-3,4,-3,4,-3,4,-2,4,-2,4,-2,4,-1,4,-1,4,-1,4,-1,4,-1,4,-1,4,-1,4,-1,4,0,5,0,0,-1,5,-1,4,-1,5,-1,5,-1,4,-1,5,-2,5,-2,4,-2,5,-2,4,-3,4,-3,4,-3,4,-3,4,-4,4,-4,3,-4,3,-4,3,-4,3,-5,3,-5,2,-5,2,-5,2,-6,1,-6,1,-6,0,0,0,0,0,0,0,0,0,0,0,0,0,0,0,-9,57,-7,55,-8,48,-6,54,0,49,2,43,1,38,5,39,6,38,5,35,10,32,9,29,12,29,8,25,8,24,13,20,11,19,17,18,13,19,19,20,17,16,20,18,19,10,20,12,15,11,21,11,24,14,26,7,23,14,24,13,24,12,23,9,22,10,24,12,21,14,16,13,23,16,19,13,19,16,23,17,17,20,15,21,16,21,16,21,14,22,9,25,9,26,10,21,6,19,6,22,7,25,0,27,0,26,0,26,-2,26,-6,26,-10,25,0,0,0,0,0,0,0,0,0,0,0,0,0,0,0,0,0,0,0,0,0,0,-37,-11,-37,-10,-39,-17,-41,-20,-45,-20,-43,-23,-47,-28,-47,-27,-45,-29,-47,-28,-48,-31,-51,-36,-54,-37,-57,-41,-54,-40,-57,-40,-49,-41,-61,-44,-58,-42,-56,-47,-56,-47,-59,-47,-60,-52,-58,-50,-61,-55,-59,-49,-59,-51,-61,-49,-56,-49,-57,-46,-59,-43,-57,-43,-57,-41,-56,-38,-58,-34,-66,-32,-59,-31,-60,-27,-60,-26,-61,-24,-67,-23,-68,-18,-66,-17,-71,-19,-66,-15,-71,-7,-67,-10,-71,-12,-75,-12,-71,-7,-70,-9,-67,-9,-73,-7,-75,-8,-69,-6,-70,-7,-68,-5,0,0]"
CSI_DATA,107,1a:00:00:00:00:00,-49,11,1,0,1,1,1,0,0,0,1,-96,0,11,2,1640187,0,44,0,384,0,"[0,0,0,0,0,0,0,0,0,0,0,0,-1,-10,-1,-10,-2,-9,-2,-9,-2,-8,-2,-8,-3,-7,-3,-7,-3,-7,-3,-6,-4,-6,-4,-6,-4,-5,-4,-5,-4,-5,-5,-4,-5,-4,-5,-4,-5,-4,-5,-3,-5,-3,-6,-3,-6,-3,-6,-3,-6,-3,-6,-3,0,0,-6,-3,-6,-3,-6,-3,-6,-3,-6,-3,-6,-4,-6,-4,-6,-4,-6,-4,-6,-5,-6,-5,-5,-5,-5,-5,-5,-5,-4,-5,-4,-5,-4,-6,-3,-6,-3,-6,-3,-6,-3,-6,-2,-6,-2,-6,-1,-7,-1,-7,0,-6,0,0,0,0,0,0,0,0,0,0,0,0,0,0,-57,-21,-59,-18,-59,-14,-53,-8,-53,-12,-49,-9,-49,-9,-42,-7,-41,-6,-41,-2,-43,-1,-39,0,-36,0,-32,3,-35,8,-30,9,-31,9,-29,10,-32,9,-30,16,-26,16,-29,15,-25,18,-24,24,-22,20,-22,21,-22,22,-23,24,-24,22,-21,27,-24,24,-25,24,-24,26,-22,24,-28,23,-29,20,-29,25,-30,22,-27,20,-29,21,-32,13,-32,18,-33,12,-32,9,-31,9,-27,8,-34,7,-29,3,-27,1,-32,3,-32,4,-31,-3,-33,-5,-35,-3,-29,-11,-26,-11,-25,-14,0,0,0,0,0,0,0,0,0,0,0,0,0,0,0,0,0,0,0,0,0,0,-4,-38,1,-39,4,-42,6,-42,4,-42,10,-46,10,-44,9,-48,14,-50,14,-54,16,-53,19,-56,18,-53,25,-60,23,-59,27,-55,26,-59,29,-61,29,-57,30,-59,31,-66,35,-55,36,-61,34,-57,42,-61,37,-58,38,-59,37,-59,35,-58,36,-57,43,-56,38,-58,37,-56,33,-56,31,-59,29,-60,30,-57,27,-61,25,-59,23,-60,25,-59,24,-60,23,-62,15,-68,13,-70,18,-69,14,-69,11,-70,15,-77,14,-73,18,-74,20,-72,14,-72,18,-71,14,-74,15,-74,19,-69,0,0]"
CSI_DATA,108,1a:00:00:00:00:00,-48,11,1,0,1,1,1,0,0,0,1,-96,0,11,2,1660092,0,44,0,384,0,"[0,0,0,0,0,0,0,0,0,0,0,0,11,-3,11,-3,10,-3,10,-3,9,-3,9,-4,8,-4,8,-4,7,-4,7,-5,7,-5,6,-5,6,-5,5,-6,5,-6,5,-6,5,-6,4,-6,4,-7,4,-7,4,-7,3,-7,3,-7,3,-7,3,-7,3,-8,0,0,3,-8,3,-8,3,-8,3,-8,3,-7,4,-7,4,-7,4,-7,4,-7,4,-6,5,-6,5,-6,5,-5,5,-5,5,-4,5,-4,5,-3,5,-3,5,-3,5,-2,5,-2,5,-1,5,0,5,0,5,1,5,2,0,0,0,0,0,0,0,0,0,0,0,0,0,0,39,-59,29,-59,28,-61,27,-52,30,-59,28,-56,19,-49,20,-50,16,-43,13,-48,10,-45,11,-47,8,-47,5,-44,4,-43,2,-39,1,-38,-4,-38,-3,-40,-4,-42,-11,-45,-8,-45,-13,-40,-12,-34,-12,-35,-16,-38,-13,-36,-15,-36,-16,-33,-18,-38,-20,-38,-15,-38,-19,-35,-15,-40,-14,-41,-14,-33,-9,-36,-11,-41,-12,-41,-3,-37,-4,-39,-6,-37,4,-36,4,-35,2,-37,3,-35,10,-33,9,-27,7,-29,12,-25,12,-28,18,-26,15,-23,22,-21,22,-14,25,-9,23,-11,0,0,0,0,0,0,0,0,0,0,0,0,0,0,0,0,0,0,0,0,0,0,27,-18,32,-14,33,-11,32,-13,37,-10,38,-10,37,-5,43,-6,44,-8,42,-4,44,-3,51,0,51,-2,51,4,54,8,56,11,56,12,54,12,54,12,58,18,53,20,59,24,54,20,58,23,56,28,56,24,60,30,60,30,50,28,55,31,57,30,51,33,51,31,55,32,55,32,58,31,53,33,53,25,54,25,59,28,59,24,58,25,60,28,69,22,62,25,62,21,67,23,66,19,71,21,70,27,71,26,74,25,77,33,71,31,65,31,64,27,66,33,0,0]"
CSI_DATA,109,1a:00:00:00:00:00,-48,11,1,0,1,1,1,0,0,0,1,-96,0,11,2,1670091,0,44,0,384,0,"[0,0,0,0,0,0,0,0,0,0,0,0,-7,-10,-7,-9,-7,-9,-7,-8,-7,-9,-6,-8,-7,-7,-7,-6,-6,-6,-7,-6,-6,-6,-7,-5,-7,-6,-7,-5,-7,-5,-7,-4,-7,-4,-7,-4,-7,-3,-7,-3,-7,-3,-7,-3,-7,-3,-8,-3,-7,-3,-7,-3,0,0,-7,-3,-7,-4,-7,-3,-7,-3,-7,-4,-6,-4,-6,-4,-6,-4,-5,-4,-5,-5,-5,-5,-4,-5,-4,-5,-4,-5,-3,-5,-3,-5,-2,-5,-2,-5,-2,-5,-1,-5,0,-5,0,-5,1,-4,1,-4,2,-4,2,-3,0,0,0,0,0,0,0,0,0,0,0,0,0,0,-38,-65,-33,-62,-34,-60,-30,-57,-33,-48,-34,-51,-31,-44,-31,-45,-32,-39,-30,-38,-33,-35,-29,-35,-32,-32,-33,-27,-32,-29,-33,-29,-35,-22,-33,-21,-31,-23,-31,-20,-37,-18,-34,-16,-33,-18,-36,-12,-34,-15,-38,-9,-36,-9,-38,-10,-36,-10,-40,-12,-37,-10,-41,-12,-36,-6,-36,-9,-33,-12,-39,-15,-37,-15,-29,-12,-30,-16,-30,-20,-26,-22,-24,-23,-22,-25,-22,-23,-22,-21,-15,-23,-19,-20,-11,-26,-4,-22,-5,-20,-6,-23,-5,-20,-5,-23,5,-27,8,-19,9,-20,14,-18,0,0,0,0,0,0,0,0,0,0,0,0,0,0,0,0,0,0,0,0,0,0,-3,-31,1,-30,2,-31,3,-32,11,-32,7,-36,14,-37,14,-38,17,-40,19,-42,24,-41,24,-42,25,-42,31,-42,31,-41,36,-38,38,-42,41,-37,42,-38,46,-40,45,-42,50,-34,56,-37,50,-35,54,-31,55,-34,57,-28,58,-27,57,-29,58,-27,60,-29,61,-29,57,-27,58,-26,57,-29,55,-31,54,-30,58,-30,58,-31,56,-34,58,-36,55,-33,56,-36,58,-39,59,-43,55,-39,58,-45,63,-41,61,-40,59,-46,62,-42,67,-46,65,-43,67,-39,67,-43,67,-41,67,-42,0,0]"
CSI_DATA,110,1a:00:00:00:00:00,-49,11,1,0,1,1,1,0,0,0,1,-96,0,11,2,1682484,0,44,0,384,0,"[0,0,0,0,0,0,0,0,0,0,0,0,9,6,8,5,8,5,9,5,8,5,8,4,7,3,7,3,7,3,7,2,7,2,7,1,7,2,7,2,6,1,7,1,6,0,6,0,6,0,6,0,6,0,6,0,6,-1,6,0,6,0,6,-1,0,0,6,0,6,0,5,0,6,0,5,1,5,1,5,1,5,2,5,2,4,2,3,2,3,3,3,3,2,3,2,3,2,3,1,3,1,3,0,3,0,3,-1,3,-1,3,-2,3,-2,3,-3,2,-3,2,0,0,0,0,0,0,0,0,0,0,0,0,0,0,60,44,55,45,57,41,52,41,48,40,52,33,51,31,45,26,48,26,40,30,44,24,39,25,43,20,42,16,45,26,37,15,40,15,35,12,39,8,40,7,38,9,35,9,40,4,36,-2,41,5,36,-3,35,2,40,6,36,1,38,4,35,-1,33,4,37,2,33,3,33,7,36,7,33,8,31,13,30,15,30,12,22,14,22,14,21,14,18,19,12,19,10,15,15,21,10,16,4,20,0,20,-3,19,-3,17,-6,15,-4,17,-11,19,-11,10,-18,14,0,0,0,0,0,0,0,0,0,0,0,0,0,0,0,0,0,0,0,0,0,0,21,15,19,14,23,20,18,20,18,25,17,28,19,31,18,31,17,35,15,44,14,42,12,44,7,51,2,52,-1,53,2,55,-4,59,-7,59,-7,61,-8,57,-14,63,-15,63,-18,66,-24,61,-27,63,-25,63,-35,62,-33,61,-32,62,-33,61,-30,57,-39,57,-33,61,-36,59,-35,65,-34,62,-35,60,-35,58,-36,59,-36,61,-31,62,-33,64,-33,67,-37,68,-33,66,-46,86,-31,68,-39,76,-34,74,-44,75,-40,74,-47,73,-40,69,-45,72,-44,72,-42,72,-48,67,0,0]"
CSI_DATA,111,1a:00:00:00:00:00,-48,11,1,0,1,1,1,0,0,0,1,-96,0,11,2,1690050,0,44,0,384,0,"[0,0,0,0,0,0,0,0,0,0,0,0,7,8,6,7,6,8,6,7,7,7,6,6,6,6,6,5,6,5,6,5,6,4,6,4,6,4,6,4,6,3,6,3,6,3,6,2,6,2,6,2,6,2,6,2,6,2,6,2,6,2,6,2,0,0,5,2,6,2,5,2,5,2,5,2,5,3,4,3,4,3,3,3,3,3,3,3,2,3,2,3,1,3,1,3,0,2,0,3,-1,2,-1,2,-1,2,-2,2,-2,2,-3,1,-3,1,-3,0,-3,0,0,0,0,0,0,0,0,0,0,0,0,0,0,0,44,61,42,57,43,52,35,52,38,52,35,49,32,42,33,37,35,37,36,32,34,31,37,34,36,29,32,27,31,25,31,28,34,25,38,23,32,17,36,19,35,18,32,15,33,15,36,14,35,9,34,10,35,16,32,12,35,11,36,14,34,12,32,15,35,13,34,16,29,15,29,13,27,18,27,15,25,18,21,21,20,20,14,20,14,21,15,19,10,17,6,19,1,18,4,19,-3,17,-7,14,-6,12,-8,10,-8,11,-13,12,-14,9,-16,3,-18,2,0,0,0,0,0,0,0,0,0,0,0,0,0,0,0,0,0,0,0,0,0,0,15,18,18,16,12,23,9,23,11,26,9,27,7,28,11,34,5,32,3,39,-3,36,-1,39,-2,42,-7,48,-11,46,-13,50,-14,50,-21,49,-20,55,-24,53,-25,51,-32,57,-33,52,-35,47,-38,49,-39,51,-43,49,-45,44,-45,47,-50,49,-50,49,-49,45,-47,48,-47,44,-51,45,-51,41,-46,43,-50,46,-47,47,-52,48,-48,49,-50,50,-55,52,-53,57,-50,55,-46,50,-55,56,-54,58,-52,58,-57,54,-58,59,-50,68,-60,55,-57,54,-65,55,-63,55,-58,53,0,0]"
CSI_DATA,112,1a:00:00:00:00:00,-47,11,1,0,1,1,1,0,0,0,1,-96,0,11,2,1700108,0,44,0,384,0,"[0,0,0,0,0,0,0,0,0,0,0,0,-8,8,-8,8,-7,8,-6,7,-6,7,-6,7,-5,7,-5,7,-5,7,-5,7,-4,7,-4,6,-3,6,-3,6,-3,6,-3,6,-3,6,-3,6,-2,6,-2,6,-2,6,-2,6,-2,6,-2,6,-2,6,-2,6,0,0,-3,6,-3,5,-3,5,-3,5,-3,5,-3,4,-3,4,-3,4,-4,3,-4,3,-4,2,-3,2,-3,1,-3,1,-3,0,-3,0,-3,0,-2,-1,-2,-1,-3,-1,-2,-2,-2,-2,-1,-2,-1,-2,-1,-3,0,-3,0,0,0,0,0,0,0,0,0,0,0,0,0,0,-48,61,-51,50,-45,48,-43,50,-42,46,-43,45,-37,41,-37,41,-32,40,-29,43,-28,41,-26,47,-25,45,-24,39,-18,42,-22,42,-20,37,-19,35,-19,41,-17,39,-18,41,-14,36,-15,36,-13,38,-9,38,-14,35,-9,37,-11,34,-15,37,-9,39,-13,31,-13,37,-12,31,-14,36,-15,29,-16,27,-18,29,-20,23,-20,20,-18,23,-17,19,-20,14,-20,10,-21,5,-19,9,-19,8,-19,4,-15,1,-15,-3,-13,-5,-14,-7,-9,-7,-10,-10,-4,-12,-5,-16,0,-13,4,-13,0,0,0,0,0,0,0,0,0,0,0,0,0,0,0,0,0,0,0,0,0,0,-9,19,-11,21,-16,18,-17,20,-20,17,-22,16,-24,14,-29,15,-32,13,-34,11,-37,15,-42,12,-45,10,-44,6,-50,7,-49,2,-57,-1,-56,-2,-56,-3,-57,-3,-59,-6,-61,-9,-62,-15,-62,-20,-60,-20,-66,-23,-61,-26,-63,-28,-63,-31,-65,-31,-62,-32,-61,-32,-61,-31,-63,-34,-61,-31,-64,-30,-62,-33,-61,-31,-61,-34,-64,-38,-64,-35,-68,-34,-70,-35,-73,-35,-69,-34,-78,-33,-75,-40,-74,-34,-77,-40,-73,-40,-72,-43,-77,-46,-74,-44,-71,-46,-67,-50,-69,-51,-63,-49,0,0]"
CSI_DATA,113,1a:00:00:00:00:00,-46,11,1,0,1,1,1,0,0,0,1,-96,0,11,2,1730157,0,44,0,384,0,"[0,0,0,0,0,0,0,0,0,0,0,0,-5,11,-4,10,-4,10,-4,9,-3,9,-3,9,-3,9,-2,8,-3,8,-2,8,-2,8,-2,8,-1,8,-1,7,-1,7,-1,7,-1,7,-1,7,0,7,0,6,0,7,0,7,0,7,0,7,0,7,0,6,0,0,-1,6,-1,6,-1,6,-1,6,-1,5,-2,5,-2,5,-2,5,-2,4,-3,4,-3,3,-3,3,-3,2,-3,2,-3,1,-3,1,-3,1,-3,0,-3,0,-3,-1,-2,-1,-2,-1,-2,-2,-2,-2,-1,-2,-1,-2,0,0,0,0,0,0,0,0,0,0,0,0,0,0,-26,72,-22,71,-23,69,-18,68,-21,68,-22,63,-20,58,-20,55,-12,54,-10,54,-10,49,-9,48,-6,49,-6,47,-4,42,-1,48,-4,43,-1,45,-1,42,5,45,7,45,3,44,5,43,6,40,5,42,5,40,10,41,1,40,8,39,6,41,6,41,5,40,3,36,2,38,0,36,-4,34,-3,31,-6,31,-5,25,-7,31,-10,27,-9,24,-8,17,-12,16,-11,13,-11,14,-15,9,-12,6,-14,6,-14,0,-11,1,-9,0,-12,-3,-9,-8,-5,-5,-8,-10,-6,-13,0,0,0,0,0,0,0,0,0,0,0,0,0,0,0,0,0,0,0,0,0,0,-6,18,-5,18,-6,20,-9,18,-9,19,-10,19,-15,22,-17,23,-22,22,-23,23,-27,25,-29,27,-32,22,-34,22,-36,23,-45,21,-45,19,-50,17,-51,20,-51,14,-55,13,-56,11,-63,7,-65,7,-65,5,-68,3,-67,1,-68,-2,-67,-2,-67,-2,-67,-3,-67,-8,-71,-7,-69,-9,-70,-10,-70,-10,-71,-8,-72,-5,-69,-3,-75,-4,-80,-6,-75,-8,-83,-4,-79,-4,-80,-4,-85,-9,-85,-7,-85,-5,-88,-8,-85,-6,-85,-10,-88,-7,-92,-14,-90,-14,-90,-15,-91,-15,-88,-17,0,0]"
CSI_DATA,114,1a:00:00:00:00:00,-46,11,1,0,1,1,1,0,0,0,1,-96,0,11,2,1740084,0,44,0,384,0,"[0,0,0,0,0,0,0,0,0,0,0,0,-2,-12,-2,-12,-2,-11,-2,-11,-2,-10,-2,-10,-2,-10,-2,-10,-2,-9,-3,-9,-3,-9,-3,-8,-4,-8,-4,-8,-4,-8,-3,-8,-3,-7,-3,-7,-4,-7,-4,-7,-4,-7,-4,-7,-4,-7,-4,-7,-4,-7,-3,-7,0,0,-3,-7,-3,-7,-3,-6,-2,-6,-2,-6,-2,-7,-1,-6,-1,-6,0,-6,0,-5,0,-4,0,-4,1,-4,0,-3,1,-3,1,-3,1,-2,1,-2,1,-2,1,-1,1,-1,1,0,1,0,1,1,1,1,0,1,0,0,0,0,0,0,0,0,0,0,0,0,0,0,4,-74,4,-76,4,-74,6,-73,5,-71,3,-65,5,-66,0,-59,3,-53,1,-58,-1,-57,-4,-52,-6,-52,-6,-50,-2,-49,-5,-49,-8,-47,-6,-45,-8,-42,-8,-47,-10,-44,-9,-43,-11,-39,-15,-41,-11,-39,-13,-40,-14,-43,-9,-41,-10,-38,-13,-40,-8,-40,-6,-37,-7,-36,-12,-38,-5,-38,-4,-34,-2,-32,0,-33,2,-26,3,-27,6,-29,11,-26,11,-21,11,-22,9,-14,10,-12,11,-12,13,-9,11,-8,10,-5,9,-4,11,2,11,-1,11,6,9,8,6,6,1,11,0,0,0,0,0,0,0,0,0,0,0,0,0,0,0,0,0,0,0,0,0,0,-8,-16,-3,-15,-5,-21,-3,-22,-2,-24,1,-26,2,-28,4,-29,11,-30,11,-32,16,-32,18,-35,20,-33,26,-34,27,-34,29,-37,35,-39,36,-37,39,-34,43,-35,46,-35,45,-33,55,-30,58,-29,57,-27,64,-27,65,-26,63,-22,65,-20,64,-19,68,-20,66,-17,66,-17,70,-17,72,-19,71,-15,71,-15,70,-15,68,-16,71,-14,70,-19,77,-18,74,-21,78,-22,77,-18,80,-23,81,-17,84,-20,84,-19,82,-12,88,-9,87,-11,87,-11,87,-6,86,-3,85,-5,90,-2,0,0]"
CSI_DATA,115,1a:00:00:00:00:00,-46,11,1,0,1,1,1,0,0,0,1,-96,0,11,2,1750103,0,44,0,384,0,"[0,0,0,0,0,0,0,0,0,0,0,0,-2,-13,-2,-12,-3,-12,-2,-12,-3,-11,-2,-11,-3,-10,-3,-9,-3,-9,-4,-9,-3,-9,-3,-9,-4,-8,-4,-8,-4,-8,-4,-8,-4,-7,-4,-7,-5,-7,-4,-7,-4,-7,-4,-7,-4,-7,-4,-7,-4,-7,-4,-7,0,0,-3,-7,-3,-7,-3,-7,-2,-7,-2,-7,-2,-7,-1,-7,-1,-6,-1,-5,0,-5,0,-5,0,-5,1,-4,1,-4,1,-3,1,-3,1,-3,1,-2,1,-2,1,-1,1,0,1,0,1,0,1,1,1,1,0,1,0,0,0,0,0,0,0,0,0,0,0,0,0,0,9,-77,10,-79,9,-71,10,-72,4,-70,3,-68,4,-59,-2,-60,3,-58,1,-61,-1,-56,-2,-50,-3,-54,-7,-48,-8,-49,-7,-47,-8,-48,-9,-45,-6,-46,-10,-41,-11,-43,-8,-40,-12,-41,-13,-35,-13,-37,-15,-40,-12,-34,-11,-38,-10,-40,-9,-38,-8,-36,-9,-41,-5,-33,-6,-36,-5,-32,-4,-34,-2,-34,-1,-31,1,-29,0,-28,6,-25,10,-26,8,-22,8,-16,12,-15,10,-14,10,-11,11,-11,10,-8,8,-5,12,2,10,1,10,0,8,2,4,8,5,9,5,9,0,0,0,0,0,0,0,0,0,0,0,0,0,0,0,0,0,0,0,0,0,0,-3,-19,-5,-19,0,-20,-1,-22,0,-22,3,-25,3,-24,11,-27,11,-26,13,-28,15,-33,16,-32,23,-35,30,-33,28,-36,32,-34,38,-36,37,-33,40,-32,45,-32,45,-32,47,-31,52,-25,55,-26,59,-25,57,-25,61,-22,64,-21,64,-20,68,-22,65,-18,68,-13,67,-20,70,-16,68,-16,67,-14,66,-14,73,-17,70,-16,69,-15,69,-16,71,-15,73,-16,80,-19,76,-17,81,-15,77,-20,82,-21,84,-18,82,-11,86,-11,86,-8,88,-7,85,-7,87,-4,88,-2,84,-1,0,0]"
CSI_DATA,116,1a:00:00:00:00:00,-46,11,1,0,1,1,1,0,0,0,1,-96,0,11,2,1760088,0,44,0,384,0,"[0,0,0,0,0,0,0,0,0,0,0,0,-13,-1,-12,0,-12,-1,-11,-1,-11,-1,-10,0,-10,1,-10,1,-10,1,-9,0,-9,1,-9,1,-8,1,-8,1,-8,1,-8,2,-8,2,-8,2,-7,2,-7,2,-7,2,-7,2,-7,2,-7,2,-7,2,-7,2,0,0,-7,2,-7,1,-7,1,-7,1,-6,0,-6,0,-6,0,-6,-1,-5,-1,-5,-1,-5,-2,-4,-2,-4,-2,-3,-2,-3,-2,-3,-2,-2,-2,-2,-2,-1,-2,-1,-2,0,-2,0,-2,0,-2,1,-2,1,-2,1,-1,0,0,0,0,0,0,0,0,0,0,0,0,0,0,-78,0,-71,1,-71,-2,-69,-3,-67,3,-64,3,-57,0,-62,4,-57,5,-55,2,-52,9,-52,7,-51,6,-49,12,-47,12,-44,15,-45,16,-43,14,-41,16,-40,17,-42,17,-40,13,-41,20,-39,18,-36,19,-38,15,-36,19,-38,20,-33,16,-36,18,-37,18,-37,17,-37,13,-37,15,-31,11,-35,7,-32,6,-33,6,-29,1,-29,0,-27,2,-24,-5,-24,-6,-21,-7,-16,-10,-16,-9,-14,-11,-10,-9,-7,-13,-4,-13,-4,-10,-2,-11,-1,-9,5,-9,7,-9,4,-5,9,-7,0,0,0,0,0,0,0,0,0,0,0,0,0,0,0,0,0,0,0,0,0,0,-15,4,-16,2,-19,0,-25,3,-23,-1,-25,-5,-30,-6,-29,-5,-32,-10,-30,-12,-31,-14,-33,-19,-34,-21,-34,-24,-35,-29,-34,-33,-38,-37,-34,-33,-38,-42,-34,-47,-30,-49,-33,-51,-31,-50,-35,-56,-29,-54,-26,-56,-25,-62,-28,-65,-22,-60,-22,-67,-20,-65,-18,-65,-17,-64,-17,-67,-16,-70,-21,-68,-15,-67,-19,-68,-21,-69,-25,-68,-22,-72,-22,-67,-24,-71,-22,-75,-21,-76,-19,-78,-22,-82,-26,-81,-24,-85,-20,-81,-24,-85,-22,-85,-18,-85,-20,-87,-17,-87,-16,-94,-11,-84,0,0]"
CSI_DATA,117,1a:00:00:00:00:00,-46,11,1,0,1,1,1,0,0,0,1,-96,0,11,2,1771565,0,44,0,384,0,"[0,0,0,0,0,0,0,0,0,0,0,0,-7,9,-7,9,-6,8,-6,8,-5,7,-6,8,-5,7,-4,7,-5,7,-4,7,-4,7,-4,7,-3,7,-3,6,-3,6,-3,7,-2,7,-2,6,-2,6,-2,6,-2,6,-2,6,-2,6,-1,6,-2,6,-2,6,0,0,-3,6,-2,5,-3,5,-3,5,-3,5,-3,4,-3,4,-3,4,-4,3,-4,3,-3,2,-3,2,-3,2,-3,1,-3,0,-3,0,-3,0,-3,-1,-2,-1,-2,-1,-2,-2,-1,-2,-1,-2,-1,-2,0,-2,0,-2,0,0,0,0,0,0,0,0,0,0,0,0,0,0,-51,57,-56,56,-49,56,-46,48,-45,49,-44,45,-42,45,-37,46,-35,43,-38,40,-30,43,-32,42,-30,42,-29,38,-26,41,-26,41,-21,38,-20,39,-20,34,-19,38,-17,39,-16,40,-15,37,-15,38,-14,35,-13,38,-17,37,-18,39,-12,35,-16,37,-15,36,-16,35,-18,31,-15,30,-21,29,-18,28,-21,24,-15,21,-22,20,-20,16,-22,20,-19,16,-19,10,-19,8,-20,3,-15,3,-16,-3,-14,-1,-12,-1,-11,-3,-7,-6,-7,-7,-2,-12,-2,-11,1,-9,2,-10,5,-10,0,0,0,0,0,0,0,0,0,0,0,0,0,0,0,0,0,0,0,0,0,0,-6,15,-9,13,-12,17,-14,19,-17,18,-17,18,-23,17,-22,16,-28,20,-32,16,-35,16,-37,15,-37,13,-42,13,-44,6,-48,8,-52,4,-52,0,-53,-2,-55,-7,-58,-4,-60,-9,-61,-13,-63,-12,-64,-21,-68,-15,-62,-19,-63,-20,-64,-26,-63,-26,-68,-28,-65,-31,-63,-33,-64,-36,-62,-35,-63,-33,-65,-33,-66,-31,-62,-33,-67,-33,-67,-36,-73,-35,-72,-36,-71,-34,-71,-35,-70,-32,-70,-38,-74,-41,-73,-39,-76,-44,-75,-44,-72,-45,-70,-47,-74,-48,-71,-51,-74,-53,-73,-55,0,0]"
CSI_DATA,118,1a:00:00:00:00:00,-46,11,1,0,1,1,1,0,0,0,1,-96,0,11,2,1780064,0,44,0,384,0,"[0,0,0,0,0,0,0,0,0,0,0,0,9,5,9,5,9,5,8,5,8,4,8,4,8,3,8,3,7,3,7,3,7,2,7,2,7,2,6,2,7,2,7,1,7,1,6,1,6,1,6,1,6,1,6,1,6,1,6,1,6,1,6,1,0,0,6,1,5,1,5,2,5,2,5,2,5,2,4,2,3,2,3,2,3,3,2,2,2,3,1,2,1,2,1,2,0,2,0,2,-1,1,-1,1,-1,1,-1,1,-2,0,-2,0,-2,0,-2,-1,-2,-1,0,0,0,0,0,0,0,0,0,0,0,0,0,0,62,40,65,42,62,38,58,35,59,37,56,31,53,34,51,33,47,27,45,24,49,26,43,25,47,21,47,19,42,20,41,14,40,13,40,13,39,15,46,12,39,10,43,8,40,9,40,8,42,10,37,8,37,10,42,4,38,7,36,7,36,9,35,8,38,9,33,7,33,11,31,14,31,16,26,17,23,15,21,20,20,19,18,15,15,15,13,18,7,12,7,15,4,13,4,13,-2,10,-3,12,-5,10,-6,8,-4,6,-9,4,-8,2,-10,-3,-10,-8,0,0,0,0,0,0,0,0,0,0,0,0,0,0,0,0,0,0,0,0,0,0,18,3,15,6,16,9,19,9,16,14,20,12,18,17,22,21,21,25,22,28,19,29,18,35,18,35,17,38,17,41,18,44,13,44,11,53,9,54,7,54,3,57,0,60,-2,63,-2,63,-6,65,-6,64,-14,66,-12,66,-14,65,-16,66,-19,67,-21,67,-21,72,-22,68,-21,67,-24,69,-23,66,-21,70,-17,69,-18,72,-23,70,-24,74,-20,71,-25,78,-23,73,-29,76,-27,76,-23,80,-29,81,-30,78,-26,79,-33,84,-34,80,-38,81,-36,81,-41,78,-43,75,0,0]"
CSI_DATA,119,1a:00:00:00:00:00,-46,11,1,0,1,1,1,0,0,0,1,-96,0,11,2,1790107,0,44,0,384,0,"[0,0,0,0,0,0,0,0,0,0,0,0,2,10,2,10,3,10,3,9,3,9,2,8,2,8,2,8,2,7,3,8,2,7,3,7,3,6,3,6,3,6,3,6,3,6,3,6,3,5,4,6,4,5,3,5,3,5,4,5,3,5,3,5,0,0,2,5,3,5,2,5,2,5,2,5,1,5,1,5,0,5,0,4,-1,4,-1,3,-1,3,-1,3,-2,3,-1,2,-2,2,-2,1,-2,1,-2,0,-2,0,-2,0,-2,-1,-2,-1,-2,-1,-1,-2,-1,-2,0,0,0,0,0,0,0,0,0,0,0,0,0,0,16,76,16,74,13,72,13,68,16,66,15,65,12,60,13,57,13,57,13,52,15,50,17,49,19,49,17,45,16,43,18,41,19,40,19,39,18,38,22,38,17,39,26,37,21,34,22,33,21,32,21,33,25,34,23,35,22,29,22,31,21,31,19,30,18,28,15,30,15,30,10,29,9,31,6,31,5,29,5,26,2,26,-1,25,-3,21,-1,16,-4,15,-6,14,-7,13,-7,11,-9,8,-10,5,-10,2,-10,-1,-11,-2,-11,-4,-11,-9,-7,-5,-7,-7,0,0,0,0,0,0,0,0,0,0,0,0,0,0,0,0,0,0,0,0,0,0,4,18,6,17,8,22,2,21,3,24,1,29,-1,28,-4,30,-7,31,-9,32,-13,37,-16,40,-17,36,-21,35,-22,38,-29,39,-29,45,-33,40,-36,41,-37,41,-43,42,-48,42,-48,40,-50,37,-57,36,-57,34,-57,37,-55,33,-59,35,-65,34,-63,31,-61,28,-68,32,-64,31,-62,30,-63,25,-67,30,-65,32,-64,29,-69,32,-65,32,-68,37,-66,30,-71,34,-71,32,-71,38,-74,35,-80,33,-80,33,-80,31,-82,31,-82,35,-83,29,-83,28,-85,30,-86,25,-79,22,0,0]"
CSI_DATA,120,1a:00:00:00:00:00,-46,11,1,0,1,1,1,0,0,0,1,-96,0,11,2,1820416,0,44,0,384,0,"[0,0,0,0,0,0,0,0,0,0,0,0,-4,-12,-4,-11,-5,-11,-4,-10,-5,-10,-4,-9,-5,-9,-5,-9,-5,-8,-5,-8,-4,-8,-5,-8,-5,-7,-5,-7,-5,-6,-5,-7,-5,-6,-5,-6,-5,-6,-5,-6,-7,-6,-6,-6,-5,-5,-5,-6,-6,-6,-5,-5,0,0,-5,-5,-5,-6,-4,-6,-4,-6,-4,-6,-3,-5,-3,-5,-3,-5,-2,-5,-2,-5,-1,-5,-1,-4,0,-4,0,-4,0,-3,0,-3,1,-3,1,-2,1,-2,1,-2,1,-1,1,-1,1,0,1,0,1,0,1,1,0,0,0,0,0,0,0,0,0,0,0,0,0,0,-21,-76,-20,-72,-21,-70,-21,-68,-21,-63,-17,-62,-15,-60,-19,-61,-20,-58,-21,-54,-19,-55,-20,-48,-23,-49,-23,-45,-23,-39,-20,-40,-25,-37,-22,-36,-27,-37,-25,-36,-27,-36,-24,-34,-25,-32,-25,-30,-28,-32,-26,-30,-28,-31,-27,-30,-22,-30,-27,-29,-22,-32,-25,-32,-20,-28,-19,-31,-18,-31,-19,-31,-17,-29,-12,-30,-11,-29,-9,-24,-7,-27,-5,-23,-2,-24,2,-23,1,-19,3,-18,3,-16,1,-15,4,-10,7,-9,8,-9,7,-3,11,-2,7,2,10,1,8,6,8,10,0,0,0,0,0,0,0,0,0,0,0,0,0,0,0,0,0,0,0,0,0,0,-5,-19,-8,-21,-8,-22,-3,-22,0,-24,1,-27,-1,-28,5,-31,3,-32,9,-32,14,-36,15,-40,17,-37,21,-39,20,-37,31,-42,31,-38,33,-41,33,-43,38,-40,44,-36,48,-42,51,-41,51,-35,55,-35,51,-37,59,-36,62,-33,65,-35,65,-33,66,-29,63,-29,68,-31,62,-31,65,-29,64,-26,66,-33,66,-29,65,-32,67,-33,69,-34,65,-32,68,-36,71,-36,71,-32,67,-32,70,-36,76,-42,72,-41,76,-35,74,-35,79,-33,78,-32,78,-34,83,-32,83,-29,83,-32,0,0]"
CSI_DATA,121,1a:00:00:00:00:00,-46,11,1,0,1,1,1,0,0,0,1,-96,0,11,2,1831360,0,44,0,384,0,"[0,0,0,0,0,0,0,0,0,0,0,0,-3,11,-2,11,-2,10,-2,10,-2,9,-2,9,-1,9,-1,9,-1,9,-1,8,-1,8,0,8,0,8,0,7,0,7,0,7,0,7,0,7,1,7,1,6,1,7,1,6,0,6,1,6,1,6,0,6,0,0,0,6,0,6,0,6,-1,6,-1,5,-1,5,-1,5,-2,5,-2,4,-2,4,-2,3,-2,3,-3,3,-3,2,-3,1,-3,1,-3,1,-2,0,-2,0,-2,-1,-2,-1,-2,-1,-2,-1,-2,-2,-1,-2,-1,-3,0,0,0,0,0,0,0,0,0,0,0,0,0,0,-22,73,-23,69,-17,72,-20,68,-14,65,-17,62,-16,63,-14,59,-11,55,-7,53,-7,52,-6,52,-7,51,-2,45,-2,47,-2,47,-3,42,2,43,2,42,4,45,3,42,5,42,5,38,8,40,5,37,6,40,8,37,8,40,5,38,5,38,3,37,3,38,1,34,3,36,1,33,0,28,-4,31,-5,33,-7,27,-6,26,-7,28,-12,22,-10,21,-15,16,-14,16,-11,10,-16,9,-14,8,-11,4,-13,4,-13,-1,-7,-1,-11,-6,-7,-5,-6,-9,-4,-11,-2,-12,0,0,0,0,0,0,0,0,0,0,0,0,0,0,0,0,0,0,0,0,0,0,-1,19,-6,18,-3,21,-10,21,-9,21,-13,21,-12,24,-17,22,-21,25,-23,24,-25,26,-26,24,-31,25,-37,28,-40,27,-42,26,-45,26,-52,22,-52,23,-55,22,-53,19,-60,14,-58,13,-62,8,-65,6,-64,8,-64,2,-72,3,-68,1,-70,-1,-71,-5,-69,-4,-71,-5,-72,-4,-70,-3,-71,-3,-72,-3,-71,-2,-72,-4,-72,-4,-75,-5,-72,0,-79,-3,-78,-2,-81,-2,-76,-5,-81,-4,-86,-2,-88,-2,-83,-6,-85,-6,-87,-7,-85,-8,-85,-9,-87,-10,-88,-18,-83,-14,0,0]"
CSI_DATA,122,1a:00:00:00:00:00,-46,11,1,0,1,1,1,0,0,0,1,-96,0,11,2,1853119,0,44,0,384,0,"[0,0,0,0,0,0,0,0,0,0,0,0,-4,-12,-4,-11,-4,-11,-4,-11,-4,-10,-4,-10,-4,-9,-4,-9,-4,-9,-4,-9,-4,-8,-4,-8,-5,-8,-5,-8,-5,-7,-4,-7,-5,-7,-4,-7,-5,-6,-5,-6,-5,-6,-5,-6,-5,-6,-5,-6,-5,-6,-4,-6,0,0,-4,-6,-4,-6,-4,-6,-3,-6,-3,-6,-3,-6,-2,-6,-2,-6,-1,-6,-1,-5,0,-5,0,-5,0,-4,0,-4,1,-3,1,-3,1,-3,1,-2,2,-2,1,-1,2,-1,2,0,1,0,1,1,1,1,1,1,0,0,0,0,0,0,0,0,0,0,0,0,0,0,-11,-77,-9,-75,-15,-72,-9,-70,-13,-73,-14,-62,-13,-65,-11,-58,-12,-58,-15,-55,-15,-52,-16,-53,-14,-49,-17,-47,-14,-47,-19,-43,-19,-45,-17,-43,-17,-42,-21,-38,-22,-39,-23,-33,-25,-36,-20,-33,-22,-32,-25,-34,-22,-35,-27,-31,-21,-35,-21,-35,-26,-34,-19,-33,-16,-31,-19,-33,-19,-35,-13,-31,-11,-32,-10,-29,-6,-28,-4,-30,0,-25,-2,-24,2,-22,4,-21,4,-19,9,-15,10,-15,7,-12,5,-11,13,-9,9,-4,9,-3,7,0,10,1,8,3,10,8,6,12,0,0,0,0,0,0,0,0,0,0,0,0,0,0,0,0,0,0,0,0,0,0,-8,-19,-6,-22,-3,-23,3,-22,6,-31,3,-23,3,-30,7,-31,11,-34,11,-33,16,-34,19,-40,21,-39,24,-38,27,-33,30,-38,35,-40,38,-38,40,-38,42,-38,46,-34,52,-37,52,-34,56,-35,57,-30,58,-34,63,-27,63,-27,64,-24,67,-26,66,-26,67,-23,67,-20,65,-20,68,-22,64,-23,68,-22,66,-23,66,-24,70,-26,70,-27,71,-26,69,-29,76,-28,72,-28,73,-32,73,-30,79,-29,77,-29,83,-26,84,-29,83,-31,85,-28,81,-24,84,-23,81,-21,84,-15,0,0]"
CSI_DATA,123,1a:00:00:00:00:00,-46,11,1,0,1,1,1,0,0,0,1,-96,0,11,2,1861732,0,44,0,384,0,"[0,0,0,0,0,0,0,0,0,0,0,0,8,7,8,7,8,7,8,7,8,6,7,5,7,5,7,4,7,4,7,4,7,3,7,3,7,3,6,3,7,3,7,3,7,2,6,2,7,2,6,2,6,2,6,2,6,2,6,2,6,2,6,2,0,0,5,2,5,2,5,2,5,2,5,3,4,3,4,3,3,3,3,3,3,3,2,3,1,3,1,3,1,3,0,3,0,2,-1,2,-1,2,-1,1,-1,1,-2,1,-2,1,-2,0,-3,0,-3,-1,-2,-1,0,0,0,0,0,0,0,0,0,0,0,0,0,0,61,51,51,44,56,45,54,41,47,42,50,44,40,36,46,31,38,36,44,33,41,28,41,26,41,23,39,26,37,21,43,23,42,22,39,20,43,19,38,13,41,14,36,14,39,17,36,10,38,6,36,12,35,15,37,14,32,16,36,13,33,13,38,16,30,10,32,13,31,14,32,18,24,18,25,17,22,16,17,19,17,19,11,22,10,23,5,15,5,17,1,18,-1,16,-4,13,-5,13,-3,12,-7,10,-6,8,-8,5,-9,2,-10,3,-12,-2,-10,-2,0,0,0,0,0,0,0,0,0,0,0,0,0,0,0,0,0,0,0,0,0,0,13,6,16,10,18,10,16,14,16,16,19,18,16,23,15,24,16,27,12,29,16,35,10,37,9,40,12,43,11,42,4,44,4,48,1,50,-1,57,-1,56,-8,58,-10,59,-9,57,-15,56,-19,62,-19,65,-24,59,-25,64,-26,61,-27,64,-29,55,-32,67,-31,60,-28,58,-34,58,-32,61,-34,58,-35,63,-31,61,-32,62,-36,66,-30,63,-34,66,-33,69,-37,69,-32,67,-34,67,-40,74,-39,76,-44,71,-42,72,-46,73,-49,74,-44,68,-47,70,-52,73,-49,70,0,0]"
CSI_DATA,124,1a:00:00:00:00:00,-46,11,1,0,1,1,1,0,0,0,1,-96,0,11,2,1870242,0,44,0,384,0,"[0,0,0,0,0,0,0,0,0,0,0,0,9,-8,8,-7,8,-7,8,-7,7,-7,6,-7,6,-7,6,-7,6,-7,5,-6,5,-7,5,-7,5,-7,4,-6,3,-6,4,-7,4,-7,4,-6,3,-6,3,-6,3,-6,3,-7,3,-7,3,-6,3,-6,3,-6,0,0,3,-6,3,-6,3,-5,3,-5,3,-4,3,-4,4,-4,3,-4,4,-3,4,-2,3,-2,3,-2,3,-2,2,-1,3,-1,2,0,2,0,2,0,1,1,1,1,1,1,0,1,0,2,-1,2,-1,2,-1,1,0,0,0,0,0,0,0,0,0,0,0,0,0,0,56,-49,57,-46,55,-50,51,-47,48,-46,48,-46,42,-44,44,-44,39,-39,35,-41,35,-42,30,-43,30,-41,29,-38,24,-40,25,-38,28,-42,21,-36,23,-40,17,-37,18,-34,19,-35,17,-35,19,-39,19,-35,13,-35,14,-42,17,-35,16,-38,14,-38,15,-39,17,-36,18,-31,18,-33,17,-31,22,-28,18,-26,17,-25,20,-22,18,-18,19,-16,20,-18,20,-10,19,-11,18,-3,16,-1,13,-3,17,-1,14,4,12,0,8,7,7,7,8,11,3,10,1,10,-1,12,-3,10,0,0,0,0,0,0,0,0,0,0,0,0,0,0,0,0,0,0,0,0,0,0,10,-15,15,-15,16,-18,20,-14,22,-13,28,-12,27,-14,25,-11,29,-8,37,-8,39,-6,41,-6,41,0,45,-1,44,2,49,2,49,6,51,10,54,13,56,21,55,23,55,24,55,23,55,29,54,33,56,33,57,36,58,41,50,41,58,46,53,42,55,47,55,47,55,44,53,46,55,44,54,42,54,47,55,47,55,43,58,48,57,44,60,48,61,45,61,46,69,47,64,47,66,48,69,50,60,52,65,54,66,54,65,53,69,55,59,63,64,62,59,57,0,0]"
CSI_DATA,125,1a:00:00:00:00:00,-47,11,1,0,1,1,1,0,0,0,1,-96,0,11,2,1880117,0,44,0,384,0,"[0,0,0,0,0,0,0,0,0,0,0,0,11,-1,11,0,10,-1,10,0,10,0,9,-1,9,-1,9,-2,8,-2,8,-2,8,-2,8,-3,7,-2,7,-2,7,-3,7,-3,6,-3,6,-3,6,-3,6,-3,6,-3,6,-3,6,-4,6,-3,6,-3,6,-3,0,0,6,-3,6,-2,5,-2,5,-2,5,-1,5,-1,5,-1,5,0,5,0,4,0,4,0,3,1,3,1,2,1,2,1,2,1,1,1,1,1,1,1,0,2,0,2,-1,2,-1,1,-2,1,-2,1,-2,1,0,0,0,0,0,0,0,0,0,0,0,0,0,0,77,-2,68,-1,73,2,72,-1,62,1,60,0,60,-2,58,-4,54,-4,55,-8,55,-12,50,-12,54,-10,48,-10,47,-9,43,-11,44,-12,46,-13,41,-17,35,-15,40,-15,40,-19,37,-17,35,-16,36,-17,34,-17,34,-18,35,-16,32,-15,35,-18,35,-17,35,-14,35,-13,35,-13,38,-10,34,-5,32,-6,28,-4,30,-2,28,0,23,3,23,6,22,9,19,9,19,8,14,8,11,9,9,12,9,12,5,12,2,14,2,11,-4,13,-4,11,-5,11,-11,6,-14,8,0,0,0,0,0,0,0,0,0,0,0,0,0,0,0,0,0,0,0,0,0,0,19,-8,19,-4,22,-2,25,0,23,4,22,4,28,7,29,4,32,7,31,12,34,17,35,22,34,21,39,30,38,29,37,32,39,37,37,38,31,39,30,46,35,48,34,54,29,53,26,58,23,60,25,66,23,64,23,68,21,63,24,67,19,68,19,69,16,70,15,67,19,70,16,71,15,70,16,68,18,72,21,71,16,71,20,73,22,75,21,73,19,77,23,73,21,77,21,80,19,79,15,79,17,84,16,87,13,89,12,80,6,85,9,85,7,83,0,0]"
CSI_DATA,126,1a:00:00:00:00:00,-47,11,1,0,1,1,1,0,0,0,1,-96,0,11,2,1890098,0,44,0,384,0,"[0,0,0,0,0,0,0,0,0,0,0,0,1,-13,1,-12,0,-12,0,-11,0,-10,0,-11,0,-10,-1,-10,-1,-9,-1,-9,-1,-9,-1,-9,-2,-9,-2,-8,-2,-9,-2,-8,-2,-8,-2,-8,-3,-7,-3,-7,-3,-7,-3,-7,-2,-7,-3,-7,-3,-7,-2,-8,0,0,-2,-7,-2,-7,-2,-7,-1,-7,-1,-7,0,-6,-1,-6,0,-6,1,-5,1,-5,1,-4,1,-4,1,-3,1,-3,2,-3,2,-2,2,-2,2,-1,2,-1,2,0,2,0,2,0,1,1,1,1,1,1,0,2,0,0,0,0,0,0,0,0,0,0,0,0,0,0,10,-38,10,-36,9,-35,9,-34,9,-33,7,-30,8,-30,7,-29,7,-27,6,-27,4,-26,2,-26,3,-24,2,-24,3,-24,2,-24,0,-22,1,-22,0,-22,-2,-21,-1,-20,0,-19,-3,-20,-2,-20,-1,-20,-2,-19,-3,-19,-2,-20,0,-20,-4,-20,-2,-20,-1,-20,0,-19,-1,-18,1,-19,1,-17,1,-16,4,-14,4,-12,1,-14,7,-13,6,-12,6,-10,4,-10,6,-8,8,-5,7,-5,8,-4,7,-1,9,1,4,0,5,0,4,3,3,4,3,5,2,6,2,7,0,0,0,0,0,0,0,0,0,0,0,0,0,0,0,0,0,0,0,0,0,0,-1,-10,0,-12,1,-12,2,-13,3,-14,4,-13,6,-15,6,-15,8,-14,9,-15,12,-15,15,-16,15,-16,18,-16,18,-14,20,-14,20,-15,23,-14,23,-14,26,-13,28,-10,30,-7,31,-9,30,-9,32,-7,32,-7,35,-4,34,-4,34,-3,34,-3,32,1,34,-1,36,1,34,0,36,1,35,2,34,1,36,0,36,2,35,0,36,-2,37,1,36,-2,39,-2,38,0,37,-1,41,1,42,-2,43,0,41,3,41,2,44,4,43,5,42,3,41,5,42,7,39,7,0,0]"
CSI_DATA,127,1a:00:00:00:00:00,-47,11,1,0,1,1,1,0,0,0,1,-96,0,11,2,1900329,0,44,0,384,0,"[0,0,0,0,0,0,0,0,0,0,0,0,10,1,10,1,10,1,9,1,9,0,9,0,8,-1,8,-1,8,-1,7,0,8,-1,7,-1,7,-1,7,-1,6,-1,7,-2,6,-2,6,-2,6,-2,6,-2,6,-2,6,-2,5,-3,6,-2,5,-2,6,-2,0,0,6,-2,5,-1,5,-1,5,-2,5,-1,5,0,5,0,4,0,4,0,4,1,3,1,3,1,2,1,2,1,2,1,1,2,1,2,0,2,0,2,0,2,-1,2,-1,1,-2,1,-2,1,-2,0,-3,0,0,0,0,0,0,0,0,0,0,0,0,0,0,0,72,10,73,16,67,14,62,13,57,7,53,9,59,5,54,9,58,6,46,7,49,6,44,2,46,-2,44,0,45,-1,42,-3,43,-3,41,-9,41,-7,38,-7,40,-8,36,-8,37,-8,37,-13,38,-10,36,-13,35,-12,36,-11,39,-15,31,-10,34,-10,35,-8,38,-6,34,-9,32,-6,32,-5,31,-2,26,5,27,3,26,5,28,9,21,7,22,12,17,9,15,9,15,10,9,11,6,13,3,13,4,13,0,10,-2,9,-4,13,-6,10,-12,10,-10,7,-15,4,0,0,0,0,0,0,0,0,0,0,0,0,0,0,0,0,0,0,0,0,0,0,16,1,17,1,19,5,21,9,24,8,25,10,24,15,27,16,24,19,28,22,27,23,26,29,24,30,25,31,23,33,26,45,28,41,24,47,20,47,22,52,18,56,16,60,16,60,13,62,7,63,10,62,7,67,4,64,0,68,5,70,2,70,-3,66,-1,67,-5,67,-1,70,-5,68,-3,69,1,67,-1,69,0,73,1,67,1,72,1,70,1,80,-2,70,2,78,-4,79,5,78,-2,82,-1,86,-1,82,-4,81,-6,84,-6,83,-4,81,-8,80,-10,84,0,0]"
CSI_DATA,128,1a:00:00:00:00:00,-47,11,1,0,1,1,1,0,0,0,1,-96,0,11,2,1912228,0,44,0,384,0,"[0,0,0,0,0,0,0,0,0,0,0,0,-11,4,-10,4,-10,4,-9,4,-9,4,-9,4,-8,4,-8,4,-7,4,-7,4,-7,4,-7,4,-6,4,-6,4,-6,4,-6,5,-5,5,-5,5,-5,4,-5,4,-5,4,-5,4,-5,5,-5,4,-5,4,-5,4,0,0,-5,4,-5,4,-5,3,-5,3,-5,3,-5,2,-5,2,-5,1,-5,1,-5,0,-5,0,-4,0,-4,-1,-3,-1,-3,-1,-3,-1,-3,-2,-3,-2,-2,-2,-2,-3,-1,-2,-1,-3,-1,-3,0,-3,0,-3,1,-3,0,0,0,0,0,0,0,0,0,0,0,0,0,0,-72,23,-65,24,-67,23,-60,29,-57,25,-59,27,-51,23,-57,26,-51,21,-49,28,-44,26,-42,24,-42,24,-43,21,-36,26,-31,26,-35,26,-35,28,-35,24,-26,25,-33,26,-24,25,-29,31,-25,26,-23,28,-30,27,-23,29,-26,29,-26,26,-22,27,-23,24,-28,27,-26,21,-31,26,-20,22,-26,19,-28,16,-27,17,-27,8,-25,10,-22,10,-23,4,-21,1,-20,-1,-21,-2,-17,-4,-17,-4,-11,-8,-11,-9,-12,-11,-9,-11,-4,-12,-3,-16,-3,-15,0,-11,6,-17,10,-12,0,0,0,0,0,0,0,0,0,0,0,0,0,0,0,0,0,0,0,0,0,0,-18,10,-21,7,-21,6,-24,5,-23,4,-28,4,-29,1,-31,3,-35,-3,-34,-8,-39,-9,-38,-9,-43,-15,-43,-16,-48,-18,-42,-22,-47,-27,-44,-24,-49,-32,-48,-37,-47,-37,-50,-43,-46,-39,-44,-48,-45,-49,-45,-52,-43,-56,-44,-56,-39,-59,-41,-59,-36,-59,-37,-65,-35,-60,-37,-62,-37,-62,-36,-59,-36,-60,-39,-60,-36,-60,-41,-63,-41,-66,-42,-59,-44,-65,-45,-60,-45,-62,-49,-60,-45,-64,-47,-66,-45,-70,-43,-71,-43,-69,-45,-74,-45,-80,-40,-71,-41,-75,-43,-77,-36,-78,0,0]"
CSI_DATA,129,1a:00:00:00:00:00,-47,11,1,0,1,1,1,0,0,0,1,-96,0,11,2,1921175,0,44,0,384,0,"[0,0,0,0,0,0,0,0,0,0,0,0,7,-10,7,-9,6,-9,5,-8,5,-8,5,-9,5,-8,4,-8,4,-8,3,-8,3,-8,3,-8,2,-8,2,-8,2,-7,2,-8,2,-8,2,-8,1,-7,1,-7,1,-7,1,-7,1,-7,1,-7,1,-7,1,-7,0,0,2,-7,1,-7,2,-6,2,-6,2,-6,2,-5,2,-5,2,-5,3,-4,3,-4,3,-3,3,-2,3,-2,3,-1,3,-1,3,-1,2,0,2,0,2,0,1,1,1,1,1,1,1,2,0,2,0,2,-1,2,0,0,0,0,0,0,0,0,0,0,0,0,0,0,35,-71,36,-55,38,-59,30,-60,24,-54,30,-56,24,-55,25,-53,26,-44,21,-51,17,-48,16,-47,9,-44,15,-43,11,-46,12,-46,13,-44,6,-42,5,-37,2,-41,0,-42,2,-36,1,-37,-2,-36,1,-36,-5,-38,-2,-38,-2,-38,-1,-36,-3,-38,3,-35,-5,-40,-2,-34,4,-30,1,-33,9,-31,3,-29,7,-29,11,-26,9,-25,11,-21,12,-20,12,-17,15,-13,17,-8,12,-14,13,-10,16,-7,15,-4,17,0,15,2,9,4,10,4,6,7,9,11,3,11,2,15,0,0,0,0,0,0,0,0,0,0,0,0,0,0,0,0,0,0,0,0,0,0,10,-14,12,-17,15,-17,19,-19,22,-14,23,-16,24,-13,26,-14,31,-15,34,-9,39,-12,40,-7,42,-7,45,-4,48,-5,46,-2,53,-1,55,5,56,10,55,4,58,10,59,12,58,15,64,23,63,22,60,23,58,27,64,23,64,26,65,29,61,28,64,33,64,30,60,31,60,33,62,30,63,28,61,34,60,32,64,30,67,35,67,27,74,28,70,30,74,24,69,30,73,26,78,28,75,28,75,32,77,35,76,36,78,35,73,33,72,37,79,43,75,38,0,0]"
CSI_DATA,130,1a:00:00:00:00:00,-47,11,1,0,1,1,1,0,0,0,1,-96,0,11,2,1932458,0,44,0,384,0,"[0,0,0,0,0,0,0,0,0,0,0,0,-11,-3,-11,-2,-10,-2,-10,-2,-10,-2,-10,-2,-9,-1,-9,-1,-9,-1,-8,-1,-8,-1,-8,0,-8,0,-8,0,-7,0,-7,1,-7,1,-7,1,-7,1,-7,1,-7,1,-7,1,-6,1,-7,1,-7,1,-7,1,0,0,-7,1,-6,1,-6,0,-6,0,-6,0,-6,0,-5,-1,-5,-1,-5,-1,-5,-1,-4,-2,-4,-2,-3,-2,-3,-3,-2,-2,-2,-3,-2,-3,-1,-3,-1,-3,-1,-3,0,-3,0,-3,1,-2,1,-2,1,-2,2,-1,0,0,0,0,0,0,0,0,0,0,0,0,0,0,-73,-20,-67,-15,-72,-14,-68,-13,-60,-13,-56,-12,-60,-14,-59,-11,-58,-7,-50,-6,-49,-5,-49,-6,-47,-6,-48,-2,-46,-4,-44,2,-42,6,-44,6,-41,6,-39,7,-39,9,-38,9,-37,11,-41,8,-36,12,-39,13,-33,12,-40,11,-37,10,-37,11,-34,14,-32,7,-32,7,-33,6,-36,8,-31,1,-34,0,-31,-2,-29,-4,-25,-2,-29,-8,-27,-9,-18,-7,-18,-12,-18,-14,-16,-11,-16,-13,-11,-14,-3,-9,-3,-12,-4,-13,2,-12,2,-17,4,-10,10,-14,12,-12,11,-8,0,0,0,0,0,0,0,0,0,0,0,0,0,0,0,0,0,0,0,0,0,0,-17,-6,-20,-6,-23,-6,-22,-11,-20,-13,-22,-15,-24,-22,-25,-22,-26,-25,-27,-28,-24,-30,-22,-33,-25,-40,-27,-42,-22,-41,-19,-51,-16,-49,-20,-52,-16,-58,-12,-57,-13,-57,-10,-57,-6,-63,-7,-69,-1,-66,-3,-66,3,-72,4,-70,4,-68,8,-70,5,-71,13,-71,10,-69,10,-72,11,-70,6,-72,7,-70,4,-72,6,-72,2,-72,6,-73,4,-74,2,-74,6,-78,5,-78,10,-83,6,-87,6,-82,8,-86,3,-83,6,-84,9,-85,13,-89,12,-85,12,-87,9,-84,18,-84,0,0]"
CSI_DATA,131,1a:00:00:00:00:00,-48,11,1,0,1,1,1,0,0,0,1,-96,0,11,2,1951561,0,44,0,384,0,"[0,0,0,0,0,0,0,0,0,0,0,0,0,-12,0,-11,-1,-10,0,-10,-1,-10,-1,-9,-1,-9,-1,-9,-1,-9,-2,-8,-2,-8,-2,-8,-3,-7,-3,-7,-3,-7,-3,-7,-3,-7,-3,-6,-3,-6,-3,-7,-3,-6,-3,-6,-3,-6,-3,-6,-3,-6,-3,-6,0,0,-3,-6,-2,-6,-2,-6,-2,-6,-2,-6,-1,-6,-1,-6,-1,-5,0,-5,0,-5,0,-4,0,-4,1,-4,1,-3,2,-3,2,-2,1,-2,2,-2,2,-1,2,-1,2,0,2,0,2,0,2,1,1,1,1,2,0,0,0,0,0,0,0,0,0,0,0,0,0,0,19,-74,23,-69,19,-66,15,-66,11,-65,12,-56,11,-57,7,-57,12,-49,8,-47,8,-50,4,-47,3,-49,1,-42,-1,-44,0,-43,-1,-43,-6,-38,-5,-39,-6,-41,-6,-37,-8,-39,-7,-38,-8,-33,-13,-35,-14,-33,-12,-38,-11,-33,-9,-31,-9,-32,-15,-35,-10,-36,-11,-34,-5,-31,-1,-35,-5,-27,-4,-29,-1,-31,-1,-25,2,-29,5,-25,6,-20,8,-18,8,-15,13,-16,6,-9,14,-12,11,-10,13,-4,10,-1,11,-2,13,2,12,3,13,7,12,9,9,11,9,14,0,0,0,0,0,0,0,0,0,0,0,0,0,0,0,0,0,0,0,0,0,0,3,-19,9,-23,7,-20,12,-20,13,-21,17,-23,15,-24,21,-22,22,-24,26,-21,28,-23,34,-23,39,-26,41,-23,46,-24,43,-16,49,-20,54,-17,53,-15,55,-9,56,-8,63,-5,63,-4,64,-2,62,0,67,0,70,2,71,3,64,7,70,7,68,7,68,12,65,8,69,14,67,12,68,11,70,13,67,7,65,9,73,8,72,7,75,8,73,7,75,7,79,7,71,3,77,5,80,4,78,9,80,11,82,11,85,7,83,10,78,13,84,12,79,17,79,14,0,0]"
CSI_DATA,132,1a:00:00:00:00:00,-48,11,1,0,1,1,1,0,0,0,1,-96,0,11,2,1960077,0,44,0,384,0,"[0,0,0,0,0,0,0,0,0,0,0,0,-12,-4,-11,-4,-11,-3,-10,-4,-10,-3,-9,-2,-9,-2,-9,-2,-8,-2,-9,-1,-8,-1,-8,-1,-8,-1,-8,0,-8,0,-7,0,-7,1,-7,1,-7,1,-7,1,-7,0,-7,1,-7,1,-7,1,-7,1,-7,1,0,0,-6,1,-6,0,-7,0,-6,0,-6,0,-6,-1,-6,-1,-5,-1,-5,-1,-5,-2,-4,-2,-4,-2,-4,-3,-3,-2,-3,-3,-2,-3,-1,-3,-1,-3,-1,-3,-1,-3,0,-3,1,-3,1,-3,1,-2,2,-2,2,-2,0,0,0,0,0,0,0,0,0,0,0,0,0,0,-66,-35,-64,-32,-67,-28,-60,-26,-58,-29,-52,-27,-55,-24,-53,-20,-48,-21,-46,-19,-43,-14,-45,-13,-46,-13,-46,-11,-42,-9,-43,-8,-46,-8,-43,-4,-44,-3,-37,-2,-42,-1,-41,-2,-42,4,-37,2,-40,6,-38,2,-39,3,-36,2,-40,2,-32,-1,-31,2,-36,-2,-37,-4,-36,3,-32,1,-31,-6,-32,-4,-31,-7,-28,-10,-25,-15,-23,-13,-21,-8,-17,-14,-18,-14,-17,-15,-10,-15,-10,-15,-5,-13,-2,-15,0,-14,0,-12,6,-13,7,-12,11,-11,12,-9,14,-9,17,-4,0,0,0,0,0,0,0,0,0,0,0,0,0,0,0,0,0,0,0,0,0,0,-17,-9,-18,-14,-21,-12,-20,-16,-22,-18,-18,-23,-20,-25,-23,-25,-21,-32,-18,-32,-19,-38,-19,-41,-15,-44,-14,-47,-12,-48,-9,-52,-10,-52,-3,-51,-6,-56,-4,-60,0,-63,5,-65,6,-65,13,-64,14,-68,14,-67,18,-68,20,-71,20,-68,25,-67,24,-65,25,-68,27,-68,26,-68,24,-69,24,-70,23,-68,23,-65,25,-70,24,-69,22,-72,19,-72,22,-77,22,-74,20,-71,24,-81,21,-80,20,-84,20,-79,22,-82,25,-80,30,-79,31,-81,31,-82,27,-83,33,-81,32,-77,0,0]"
CSI_DATA,133,1a:00:00:00:00:00,-48,11,1,0,1,1,1,0,0,0,1,-96,0,11,2,1971998,0,44,0,384,0,"[0,0,0,0,0,0,0,0,0,0,0,0,9,5,9,5,9,5,8,4,8,4,8,3,7,3,7,3,7,2,7,2,7,2,7,1,7,1,7,1,6,1,6,0,6,0,6,0,6,0,6,0,6,0,6,0,6,-1,6,0,6,0,6,0,0,0,6,-1,6,0,5,1,5,0,5,1,5,1,4,1,4,2,3,2,3,2,3,2,2,2,2,2,1,2,1,2,0,2,0,2,0,2,-1,2,-1,2,-2,2,-2,1,-2,1,-3,1,-3,1,-3,0,0,0,0,0,0,0,0,0,0,0,0,0,0,0,60,42,57,46,56,37,48,39,49,38,43,37,45,32,48,31,47,27,41,27,38,25,40,23,39,24,41,18,40,19,37,14,39,15,36,13,34,9,38,10,35,6,35,7,38,2,37,4,39,3,38,2,36,1,37,-2,31,4,33,2,33,4,33,9,33,5,34,9,31,10,32,9,31,11,27,13,24,12,20,12,19,15,17,18,14,17,14,15,12,17,5,15,4,15,-1,17,1,14,-8,12,-8,10,-9,11,-10,8,-13,8,-14,7,-18,1,-16,-3,0,0,0,0,0,0,0,0,0,0,0,0,0,0,0,0,0,0,0,0,0,0,17,13,18,13,15,12,18,16,16,21,19,24,17,23,13,26,11,32,9,31,9,36,11,40,8,42,7,46,4,48,3,49,-3,52,-1,54,-5,58,-9,54,-12,59,-16,64,-17,61,-21,61,-25,63,-25,62,-29,63,-28,62,-35,62,-34,64,-35,61,-36,62,-35,60,-35,60,-35,61,-38,59,-38,62,-35,58,-35,65,-37,62,-34,64,-33,64,-36,65,-34,70,-41,66,-31,67,-36,69,-37,72,-42,75,-39,76,-43,74,-45,73,-49,73,-46,68,-48,70,-48,71,-49,71,0,0]"
CSI_DATA,134,1a:00:00:00:00:00,-48,11,1,0,1,1,1,0,0,0,1,-96,0,11,2,1990695,0,44,0,384,0,"[0,0,0,0,0,0,0,0,0,0,0,0,7,-9,7,-9,6,-8,6,-8,5,-8,5,-8,5,-8,4,-8,4,-8,3,-7,3,-7,3,-7,2,-7,2,-7,2,-7,2,-7,2,-7,1,-7,1,-7,1,-7,1,-6,1,-7,1,-7,1,-7,1,-6,1,-7,0,0,2,-7,1,-6,2,-6,2,-6,2,-6,2,-5,3,-5,3,-4,3,-4,3,-3,3,-3,3,-3,3,-2,2,-2,2,-1,2,-1,2,0,2,0,2,0,1,1,1,1,1,1,0,2,0,2,0,2,-1,2,0,0,0,0,0,0,0,0,0,0,0,0,0,0,58,-45,58,-48,49,-46,50,-45,53,-44,47,-44,43,-39,40,-34,36,-39,39,-37,34,-35,36,-36,29,-39,26,-32,25,-39,20,-37,25,-36,20,-36,16,-36,15,-36,16,-40,16,-33,14,-34,12,-31,14,-30,10,-31,11,-39,12,-35,13,-34,10,-35,13,-32,10,-34,16,-32,14,-30,12,-33,18,-26,20,-21,18,-25,19,-19,21,-20,21,-15,18,-11,18,-13,17,-3,14,-2,19,-2,18,-3,16,-3,16,4,10,2,14,10,10,9,8,12,4,14,3,17,-3,15,-4,17,0,0,0,0,0,0,0,0,0,0,0,0,0,0,0,0,0,0,0,0,0,0,12,-16,16,-16,17,-18,24,-17,20,-17,26,-15,29,-14,33,-10,35,-11,35,-9,39,-10,44,-6,43,-2,48,1,48,2,50,5,58,7,55,8,54,11,55,20,53,25,59,19,60,29,59,32,57,36,62,38,60,40,61,39,55,41,57,42,62,43,57,48,52,46,51,48,55,50,56,52,53,48,55,46,51,45,57,46,51,51,64,45,63,46,63,50,62,48,65,47,64,52,64,55,65,54,58,53,63,55,63,53,62,57,59,58,63,56,54,63,52,63,0,0]"
CSI_DATA,135,1a:00:00:00:00:00,-49,11,1,0,1,1,1,0,0,0,1,-96,0,11,2,2000348,0,44,0,384,0,"[0,0,0,0,0,0,0,0,0,0,0,0,-11,-5,-10,-5,-10,-5,-10,-4,-9,-4,-9,-3,-9,-3,-9,-3,-8,-3,-8,-2,-8,-2,-8,-2,-8,-1,-7,-1,-8,-1,-7,0,-7,0,-7,0,-7,0,-7,0,-7,0,-7,0,-7,0,-7,1,-7,0,-7,0,0,0,-6,0,-7,-1,-7,-1,-6,0,-6,-1,-6,-1,-5,-2,-6,-2,-5,-2,-4,-2,-4,-3,-4,-3,-3,-3,-2,-3,-2,-3,-2,-3,-1,-3,-1,-3,0,-3,0,-3,0,-3,1,-3,1,-2,2,-2,2,-2,2,-1,0,0,0,0,0,0,0,0,0,0,0,0,0,0,-64,-38,-64,-34,-60,-29,-52,-31,-56,-25,-47,-28,-56,-28,-50,-22,-48,-21,-43,-19,-46,-17,-42,-15,-44,-14,-43,-11,-42,-6,-42,-5,-43,-4,-38,-4,-37,-1,-38,-4,-39,2,-32,-1,-35,4,-35,7,-38,5,-37,5,-36,1,-38,2,-34,5,-36,7,-31,4,-34,5,-36,5,-34,5,-34,3,-33,-6,-32,-7,-28,-6,-31,-6,-23,-7,-24,-17,-17,-13,-18,-14,-18,-11,-15,-16,-9,-13,-7,-15,-10,-14,-7,-13,-2,-13,1,-14,3,-16,6,-18,3,-13,11,-14,14,-9,15,-3,0,0,0,0,0,0,0,0,0,0,0,0,0,0,0,0,0,0,0,0,0,0,-17,-11,-16,-10,-21,-13,-19,-16,-18,-20,-15,-24,-19,-25,-19,-25,-18,-31,-17,-33,-15,-39,-16,-41,-15,-43,-13,-46,-8,-48,-7,-49,-5,-51,-1,-55,-1,-55,4,-56,5,-56,7,-64,14,-61,15,-66,18,-63,19,-65,20,-65,23,-64,25,-67,25,-68,27,-67,31,-66,30,-64,28,-63,31,-66,27,-64,31,-67,24,-63,25,-65,27,-66,26,-67,28,-66,23,-67,23,-75,24,-67,23,-76,25,-75,26,-73,24,-79,27,-77,28,-74,31,-79,29,-76,34,-74,31,-73,36,-69,33,-71,0,0]"
CSI_DATA,136,1a:00:00:00:00:00,-49,11,1,0,1,1,1,0,0,0,1,-96,0,11,2,2010081,0,44,0,384,0,"[0,0,0,0,0,0,0,0,0,0,0,0,3,-11,3,-11,3,-10,2,-10,2,-9,2,-9,1,-9,1,-9,1,-8,0,-8,1,-8,0,-8,-1,-8,-1,-7,-1,-7,-1,-7,-1,-7,-1,-7,-2,-7,-2,-7,-2,-7,-2,-7,-1,-7,-2,-7,-2,-7,-1,-7,0,0,-1,-6,-1,-6,-1,-7,0,-6,0,-6,0,-6,0,-6,0,-5,1,-5,1,-4,2,-4,2,-4,1,-3,2,-3,2,-2,2,-2,2,-1,2,-1,2,0,2,0,2,0,2,1,2,1,1,2,1,2,0,2,0,0,0,0,0,0,0,0,0,0,0,0,0,0,34,-63,31,-63,27,-58,29,-58,31,-60,26,-54,24,-49,22,-52,19,-45,23,-52,18,-44,15,-47,15,-42,12,-37,11,-41,7,-43,9,-39,10,-40,0,-40,6,-39,1,-40,4,-34,-2,-34,1,-37,-3,-38,2,-34,-2,-36,-2,-34,1,-36,-5,-35,-1,-40,5,-39,2,-30,2,-35,6,-34,5,-30,9,-26,11,-27,12,-24,13,-26,12,-19,12,-18,16,-18,16,-15,16,-7,14,-8,19,-4,12,-3,15,3,16,5,15,5,10,9,12,11,4,11,7,12,4,16,0,16,0,0,0,0,0,0,0,0,0,0,0,0,0,0,0,0,0,0,0,0,0,0,3,-22,3,-24,6,-21,12,-25,10,-26,14,-27,16,-25,21,-25,21,-30,26,-27,33,-25,32,-27,35,-26,39,-22,48,-23,44,-23,54,-23,53,-18,56,-15,59,-18,58,-10,61,-8,65,-6,65,-1,67,2,73,4,72,2,73,12,70,10,73,9,68,9,68,18,66,19,66,20,69,16,71,19,65,18,69,15,68,13,73,15,72,17,71,17,76,15,76,10,74,18,77,13,77,18,78,17,80,18,73,21,81,22,87,24,80,27,78,25,79,25,76,31,71,29,0,0]"
CSI_DATA,137,1a:00:00:00:00:00,-49,11,1,0,1,1,1,0,0,0,1,-96,0,11,2,2030146,0,44,0,384,0,"[0,0,0,0,0,0,0,0,0,0,0,0,7,-8,6,-8,6,-8,6,-7,5,-8,5,-7,4,-7,4,-7,4,-7,3,-7,3,-7,3,-7,2,-7,2,-7,2,-6,2,-7,2,-7,2,-7,1,-7,1,-6,1,-6,1,-6,1,-6,1,-6,1,-6,1,-6,0,0,1,-6,1,-6,1,-6,2,-6,2,-5,2,-5,2,-5,2,-4,3,-4,2,-3,3,-3,2,-3,2,-2,2,-2,2,-1,2,-1,2,-1,2,0,1,1,2,1,1,1,1,1,1,2,0,2,0,2,-1,2,0,0,0,0,0,0,0,0,0,0,0,0,0,0,57,-39,55,-39,58,-45,46,-41,41,-44,43,-41,40,-39,40,-37,31,-34,28,-40,32,-41,30,-35,26,-38,20,-35,22,-39,18,-36,16,-34,16,-34,17,-35,11,-37,13,-38,11,-33,7,-34,15,-33,8,-36,10,-29,5,-35,5,-32,11,-34,8,-38,7,-34,8,-34,6,-30,11,-30,11,-30,13,-29,10,-28,15,-26,13,-20,18,-21,18,-19,16,-15,15,-9,20,-8,18,-6,20,-9,18,-6,16,-1,13,2,14,5,16,7,12,8,10,14,6,11,5,12,2,17,2,19,0,0,0,0,0,0,0,0,0,0,0,0,0,0,0,0,0,0,0,0,0,0,15,-11,16,-9,20,-12,24,-12,26,-12,31,-6,32,-11,31,-7,34,-4,35,-1,43,-2,40,2,45,4,45,7,50,9,48,12,51,16,51,17,55,23,54,26,51,29,51,30,51,34,57,39,52,43,54,40,53,46,55,49,51,47,50,51,49,50,51,54,45,57,47,53,45,51,44,54,51,49,51,50,45,45,54,50,55,52,54,46,54,51,54,50,54,53,62,52,61,54,59,53,62,53,56,54,58,57,59,56,57,56,56,55,58,62,55,58,51,62,0,0]"
CSI_DATA,138,1a:00:00:00:00:00,-49,11,1,0,1,1,1,0,0,0,1,-96,0,11,2,2041499,0,44,0,384,0,"[0,0,0,0,0,0,0,0,0,0,0,0,9,-5,9,-6,8,-5,8,-5,7,-5,7,-5,6,-5,6,-5,6,-5,6,-5,5,-5,5,-5,5,-5,4,-5,4,-5,4,-6,4,-5,4,-5,3,-5,3,-6,3,-5,3,-5,3,-6,3,-5,3,-5,3,-5,0,0,3,-6,3,-5,3,-4,3,-4,3,-4,3,-4,3,-3,3,-3,4,-3,4,-2,3,-1,3,-1,3,-1,2,0,2,0,2,0,2,1,2,1,2,1,1,2,1,2,0,2,0,2,-1,2,-1,2,-2,2,0,0,0,0,0,0,0,0,0,0,0,0,0,0,64,-30,58,-27,63,-26,49,-29,53,-28,49,-26,49,-23,46,-23,48,-23,39,-28,40,-26,36,-29,34,-24,35,-24,32,-28,31,-29,30,-28,24,-24,25,-25,22,-30,22,-28,21,-27,21,-27,22,-30,14,-28,20,-30,18,-33,15,-31,18,-28,17,-28,19,-30,16,-26,15,-23,20,-24,18,-24,21,-21,23,-16,23,-20,21,-15,18,-18,20,-11,21,-8,22,-5,20,-4,17,2,15,1,15,3,15,4,15,6,9,11,8,9,9,11,4,13,0,14,-1,14,-5,17,-9,12,0,0,0,0,0,0,0,0,0,0,0,0,0,0,0,0,0,0,0,0,0,0,19,-8,20,-11,19,-7,23,-7,27,-5,33,-2,30,-1,34,0,35,4,35,5,41,7,42,15,40,15,45,17,49,21,44,22,43,24,45,30,46,30,46,37,46,35,49,42,43,45,44,50,42,54,41,51,39,54,41,60,37,56,41,59,35,58,31,61,34,63,31,60,34,59,30,61,33,62,33,63,31,61,32,63,36,60,36,61,40,58,46,62,44,64,37,68,40,66,44,62,44,66,41,72,44,66,38,71,42,68,41,68,33,70,32,72,37,72,0,0]"
CSI_DATA,139,1a:00:00:00:00:00,-49,11,1,0,1,1,1,0,0,0,1,-96,0,11,2,2050398,0,44,0,384,0,"[0,0,0,0,0,0,0,0,0,0,0,0,10,0,10,0,10,1,9,1,9,0,9,-1,8,-1,8,-1,8,-1,7,-2,7,-2,7,-2,6,-2,7,-2,6,-2,6,-4,6,-3,5,-4,5,-4,5,-3,5,-4,5,-4,5,-4,5,-4,5,-4,5,-4,0,0,5,-4,5,-3,5,-3,5,-2,5,-2,5,-2,5,-2,4,-1,4,-1,4,-1,4,0,3,1,3,1,2,1,2,1,2,1,1,2,1,1,0,2,0,2,0,2,-1,2,-1,2,-2,2,-2,2,-3,2,0,0,0,0,0,0,0,0,0,0,0,0,0,0,70,18,70,12,63,15,61,15,56,15,57,13,59,12,55,9,54,8,47,4,48,8,43,-1,44,5,44,3,40,-1,37,-2,43,-6,36,-6,41,-5,37,-8,36,-10,35,-8,36,-13,35,-8,31,-15,34,-14,35,-14,35,-11,36,-14,33,-14,31,-12,37,-9,31,-9,33,-7,34,-7,32,-6,27,1,28,-1,27,2,28,3,22,8,24,9,20,5,20,13,15,10,12,14,7,15,5,16,6,15,6,12,-2,12,-1,13,-3,15,-13,12,-10,10,-12,9,-14,8,0,0,0,0,0,0,0,0,0,0,0,0,0,0,0,0,0,0,0,0,0,0,19,1,19,5,21,7,25,11,26,13,25,17,24,18,26,22,26,25,25,26,31,29,26,33,27,40,23,41,25,46,22,50,20,54,20,53,19,57,16,62,14,61,13,66,6,65,4,68,2,68,1,72,-2,69,-9,69,-6,71,-4,71,-8,74,-13,75,-12,72,-13,74,-16,68,-8,66,-10,64,-7,70,-13,73,-7,73,-8,72,-8,74,-10,66,-6,78,-5,76,-12,80,-7,82,-3,81,-12,83,-11,91,-10,80,-9,85,-16,80,-10,78,-14,80,-15,82,-18,82,0,0]"
CSI_DATA,140,1a:00:00:00:00:00,-49,11,1,0,1,1,1,0,0,0,1,-96,0,11,2,2070113,0,44,0,384,0,"[0,0,0,0,0,0,0,0,0,0,0,0,10,-4,9,-4,9,-4,9,-4,7,-4,8,-4,7,-5,6,-5,7,-4,6,-4,6,-5,5,-5,5,-4,4,-4,5,-5,4,-5,4,-5,4,-5,4,-5,4,-5,3,-5,3,-5,4,-5,3,-5,4,-5,4,-5,0,0,4,-5,4,-4,3,-5,4,-4,4,-3,4,-3,4,-3,3,-2,4,-2,4,-2,4,-1,3,-1,2,0,3,0,2,0,2,0,2,1,2,1,1,1,1,1,1,2,0,2,-1,2,-1,2,-1,2,-2,2,0,0,0,0,0,0,0,0,0,0,0,0,0,0,69,-9,75,-11,71,-10,58,-10,61,-13,58,-12,57,-12,58,-12,51,-14,50,-18,42,-18,37,-15,38,-18,42,-14,36,-15,33,-20,32,-22,34,-22,32,-22,28,-25,32,-24,26,-24,26,-24,30,-21,27,-21,25,-21,28,-22,30,-24,26,-24,25,-26,25,-23,26,-24,26,-20,23,-19,28,-22,28,-16,29,-12,29,-14,28,-9,26,-7,24,-10,22,-1,22,4,20,6,21,5,15,6,14,4,14,8,11,13,11,12,3,13,4,11,2,14,-3,16,-7,13,-4,17,-8,10,0,0,0,0,0,0,0,0,0,0,0,0,0,0,0,0,0,0,0,0,0,0,20,-6,25,-2,25,-3,27,0,31,2,33,1,32,9,26,10,33,11,36,17,34,19,38,22,36,29,35,26,38,35,37,32,39,39,35,41,36,45,36,50,40,52,31,56,35,54,32,55,26,62,29,61,27,60,25,63,22,66,22,66,21,67,20,67,19,67,20,67,14,66,18,65,20,66,21,64,20,68,20,68,22,66,22,65,26,72,21,72,25,68,30,72,24,71,25,78,26,77,22,83,25,76,25,77,21,78,22,81,20,82,17,83,19,81,0,0]"
CSI_DATA,141,1a:00:00:00:00:00,-49,11,1,0,1,1,1,0,0,0,1,-96,0,11,2,2080087,0,44,0,384,0,"[0,0,0,0,0,0,0,0,0,0,0,0,-9,-8,-9,-7,-9,-7,-9,-6,-8,-7,-8,-5,-8,-5,-8,-4,-8,-4,-8,-4,-8,-3,-8,-3,-8,-3,-8,-3,-7,-3,-7,-2,-7,-2,-7,-2,-7,-2,-7,-2,-7,-2,-7,-2,-7,-1,-7,-1,-7,-2,-7,-1,0,0,-7,-1,-6,-2,-6,-2,-6,-2,-6,-2,-5,-3,-5,-3,-5,-3,-5,-3,-4,-3,-3,-4,-3,-4,-2,-4,-2,-4,-1,-3,-1,-3,-1,-3,0,-3,0,-3,1,-3,1,-3,1,-2,2,-2,2,-2,2,-1,2,-1,0,0,0,0,0,0,0,0,0,0,0,0,0,0,-48,-56,-47,-53,-45,-48,-44,-49,-49,-47,-40,-47,-43,-43,-42,-35,-39,-31,-32,-33,-33,-30,-34,-28,-37,-24,-35,-25,-34,-20,-34,-18,-38,-20,-39,-18,-39,-13,-35,-14,-35,-11,-38,-11,-37,-8,-33,-7,-35,-10,-37,-4,-32,-4,-38,-3,-38,-7,-31,-6,-36,-7,-33,-9,-28,-8,-36,-5,-32,-12,-32,-12,-27,-14,-28,-13,-26,-13,-22,-12,-24,-22,-14,-21,-15,-15,-14,-15,-6,-17,-5,-17,-5,-15,-1,-16,3,-14,0,-16,5,-12,3,-11,10,-11,12,-12,14,-12,20,-8,16,-1,0,0,0,0,0,0,0,0,0,0,0,0,0,0,0,0,0,0,0,0,0,0,-11,-19,-9,-22,-10,-24,-8,-29,-4,-26,-7,-29,-5,-30,-4,-36,-3,-37,1,-41,1,-42,7,-46,8,-48,9,-50,13,-49,23,-46,24,-56,22,-49,28,-52,26,-50,34,-54,34,-54,36,-51,37,-53,40,-49,45,-49,44,-53,49,-52,49,-50,51,-44,51,-46,56,-50,52,-44,52,-44,53,-44,51,-51,51,-42,54,-50,48,-46,53,-51,52,-56,47,-50,53,-57,49,-60,49,-55,49,-63,52,-59,54,-60,54,-61,53,-61,57,-57,54,-60,59,-63,51,-57,58,-55,55,-57,57,-58,0,0]"
CSI_DATA,142,1a:00:00:00:00:00,-49,11,1,0,1,1,1,0,0,0,1,-96,0,11,2,2090153,0,44,0,384,0,"[0,0,0,0,0,0,0,0,0,0,0,0,6,-9,6,-9,5,-8,5,-8,4,-8,4,-8,3,-8,3,-8,3,-8,2,-8,2,-7,2,-7,2,-7,1,-7,1,-7,1,-7,1,-7,1,-7,0,-7,0,-7,0,-6,0,-7,1,-7,0,-6,0,-7,0,-7,0,0,1,-6,1,-6,1,-6,2,-5,1,-5,1,-6,2,-5,2,-4,2,-4,3,-3,2,-3,3,-3,2,-2,2,-2,2,-1,2,-1,2,-1,2,0,2,0,1,1,2,1,1,2,1,2,0,2,0,3,-1,2,0,0,0,0,0,0,0,0,0,0,0,0,0,0,43,-64,38,-62,30,-55,28,-53,35,-57,29,-51,31,-47,25,-44,21,-46,21,-44,19,-48,16,-47,14,-43,17,-41,14,-41,9,-41,10,-39,8,-36,8,-41,3,-41,7,-39,2,-41,-1,-31,1,-35,-2,-35,1,-37,-1,-38,2,-34,-1,-35,1,-38,1,-38,1,-38,7,-32,5,-31,5,-37,11,-28,11,-29,10,-22,10,-28,10,-30,15,-22,16,-20,12,-13,14,-17,15,-11,18,-4,16,-6,18,1,13,1,13,2,13,3,12,7,11,3,10,11,5,13,7,13,3,17,0,0,0,0,0,0,0,0,0,0,0,0,0,0,0,0,0,0,0,0,0,0,10,-21,14,-21,16,-24,19,-21,23,-26,24,-21,25,-21,28,-26,32,-17,39,-19,38,-16,44,-18,45,-12,47,-12,50,-14,53,-9,55,-5,58,-3,57,4,56,1,62,1,65,4,61,10,65,14,61,17,68,18,66,22,66,24,67,25,65,28,68,26,63,28,61,27,60,28,63,31,63,33,62,31,63,27,61,29,66,29,66,29,67,30,69,27,72,29,69,27,67,30,73,30,76,26,75,27,73,37,74,33,80,36,76,40,77,40,73,37,70,39,68,32,0,0]"
CSI_DATA,143,1a:00:00:00:00:00,-49,11,1,0,1,1,1,0,0,0,1,-96,0,11,2,2100370,0,44,0,384,0,"[0,0,0,0,0,0,0,0,0,0,0,0,10,-5,9,-5,9,-5,8,-4,8,-4,8,-5,7,-5,7,-5,6,-5,6,-5,6,-5,5,-5,5,-5,4,-5,4,-5,4,-5,4,-6,4,-6,4,-5,4,-5,3,-5,3,-5,3,-6,3,-5,3,-6,3,-6,0,0,3,-6,3,-5,3,-5,3,-5,3,-4,3,-4,3,-3,4,-3,4,-3,4,-2,3,-2,3,-1,3,-1,3,-1,3,0,2,0,2,0,2,1,1,1,1,1,1,2,0,2,0,2,-1,2,-1,2,-1,2,0,0,0,0,0,0,0,0,0,0,0,0,0,0,68,-23,69,-22,67,-18,65,-15,63,-16,56,-15,59,-24,54,-18,50,-15,48,-25,44,-21,44,-20,37,-24,46,-19,34,-22,36,-25,32,-20,34,-25,35,-25,27,-24,27,-31,28,-28,24,-27,27,-25,27,-29,27,-25,26,-27,27,-23,26,-27,24,-26,23,-30,25,-26,25,-20,25,-22,26,-23,26,-19,27,-17,29,-12,26,-15,26,-10,25,-7,21,-6,26,-1,21,-2,16,5,17,3,13,3,13,6,9,12,11,13,8,11,6,11,4,13,1,15,-3,16,-8,14,-12,14,0,0,0,0,0,0,0,0,0,0,0,0,0,0,0,0,0,0,0,0,0,0,20,-7,27,-6,29,-4,29,1,31,2,34,1,34,5,33,7,38,11,39,17,39,16,44,19,40,25,40,28,42,30,41,34,44,40,41,37,44,40,41,45,42,46,39,57,39,54,32,58,33,64,35,61,28,62,32,68,31,64,29,64,24,69,21,67,23,70,21,65,22,67,22,65,26,69,20,69,26,64,27,69,27,71,34,68,29,74,32,73,30,69,37,69,31,70,34,78,36,83,28,77,30,77,35,81,29,76,25,77,23,80,24,85,24,76,0,0]"
CSI_DATA,144,1a:00:00:00:00:00,-49,11,1,0,1,1,1,0,0,0,1,-96,0,11,2,2120190,0,44,0,384,0,"[0,0,0,0,0,0,0,0,0,0,0,0,-12,0,-11,0,-11,0,-10,0,-10,0,-10,1,-10,1,-9,1,-9,1,-9,1,-8,2,-8,2,-7,2,-7,2,-7,2,-7,3,-7,3,-7,3,-6,3,-6,2,-6,3,-6,3,-6,3,-6,3,-6,3,-6,3,0,0,-6,3,-6,2,-6,2,-6,2,-6,1,-6,1,-5,1,-5,1,-5,0,-5,0,-4,-1,-4,-1,-4,-2,-3,-2,-3,-2,-3,-2,-3,-3,-2,-2,-2,-3,-1,-3,-1,-3,0,-3,0,-3,1,-3,1,-3,2,-3,0,0,0,0,0,0,0,0,0,0,0,0,0,0,-75,1,-69,-1,-69,3,-61,0,-63,0,-57,1,-59,3,-56,1,-52,4,-47,6,-49,10,-47,10,-44,10,-41,11,-42,14,-40,13,-40,14,-37,14,-35,15,-34,17,-33,16,-28,19,-32,16,-30,23,-26,25,-31,23,-27,18,-31,22,-28,18,-28,15,-26,19,-29,20,-29,15,-29,18,-24,12,-28,12,-30,12,-31,11,-28,5,-25,0,-28,1,-24,-2,-25,-6,-18,-3,-21,-7,-13,-7,-13,-8,-9,-11,-12,-13,-6,-16,-5,-15,-3,-11,-1,-15,0,-12,4,-16,4,-13,14,-15,0,0,0,0,0,0,0,0,0,0,0,0,0,0,0,0,0,0,0,0,0,0,-18,-2,-25,-4,-30,-3,-23,-9,-27,-15,-30,-9,-32,-22,-36,-18,-34,-21,-29,-28,-31,-31,-29,-36,-30,-37,-34,-33,-41,-43,-24,-44,-35,-46,-29,-38,-25,-51,-22,-55,-28,-61,-21,-62,-18,-64,-13,-66,-15,-62,-12,-71,-12,-69,-13,-72,-11,-66,-5,-70,-8,-65,-11,-75,-4,-69,-2,-70,-7,-69,-5,-75,-6,-69,-6,-71,-3,-69,-7,-71,-7,-73,-10,-71,-8,-73,-12,-72,-10,-75,-17,-80,-14,-72,-13,-73,-17,-82,-10,-78,-8,-79,-3,-85,-7,-84,-5,-78,-4,-82,-6,-84,-6,-80,0,0]"
CSI_DATA,145,1a:00:00:00:00:00,-49,11,1,0,1,1,1,0,0,0,1,-96,0,11,2,2131537,0,44,0,384,0,"[0,0,0,0,0,0,0,0,0,0,0,0,-11,0,-11,0,-10,0,-10,0,-9,0,-9,1,-9,1,-9,1,-8,1,-8,1,-8,2,-7,2,-7,2,-7,2,-7,2,-7,2,-6,2,-6,3,-6,2,-6,3,-6,2,-6,3,-6,3,-6,3,-6,3,-5,3,0,0,-6,2,-6,2,-6,2,-6,2,-5,1,-5,1,-5,0,-5,0,-5,0,-5,-1,-5,-1,-4,-1,-4,-2,-3,-2,-3,-2,-3,-2,-2,-2,-2,-2,-2,-2,-1,-3,-1,-3,0,-3,0,-3,1,-3,1,-3,1,-3,0,0,0,0,0,0,0,0,0,0,0,0,0,0,-74,0,-65,2,-69,6,-64,3,-62,-2,-57,1,-57,1,-56,4,-57,3,-48,5,-53,4,-46,9,-46,8,-48,8,-39,10,-38,12,-40,13,-36,14,-35,17,-33,11,-33,15,-32,18,-37,17,-32,17,-29,18,-33,20,-28,19,-30,17,-35,13,-28,17,-32,21,-28,12,-32,12,-33,14,-32,13,-31,10,-33,6,-29,6,-28,2,-24,6,-22,-4,-26,-3,-23,-10,-17,-5,-23,-10,-14,-11,-13,-11,-13,-11,-10,-14,-6,-14,-2,-13,0,-14,3,-17,3,-17,6,-14,11,-14,10,-9,0,0,0,0,0,0,0,0,0,0,0,0,0,0,0,0,0,0,0,0,0,0,-25,4,-26,0,-25,-2,-31,-2,-28,-5,-33,-6,-36,-12,-33,-9,-35,-15,-36,-15,-37,-21,-34,-24,-40,-25,-37,-30,-38,-36,-36,-40,-36,-45,-36,-48,-39,-47,-34,-51,-30,-52,-28,-54,-29,-59,-28,-61,-24,-61,-26,-62,-20,-63,-20,-67,-18,-69,-15,-68,-17,-70,-17,-70,-15,-71,-12,-70,-13,-68,-14,-68,-16,-71,-15,-68,-19,-66,-13,-70,-12,-69,-14,-71,-17,-69,-19,-76,-15,-74,-10,-80,-15,-76,-19,-71,-18,-76,-16,-79,-16,-83,-14,-83,-12,-76,-12,-79,-13,-86,-9,-78,-10,-86,0,0]"
CSI_DATA,146,1a:00:00:00:00:00,-49,11,1,0,1,1,1,0,0,0,1,-96,0,11,2,2141436,0,44,0,384,0,"[0,0,0,0,0,0,0,0,0,0,0,0,-3,-11,-3,-11,-4,-10,-3,-10,-4,-9,-3,-9,-3,-9,-4,-9,-3,-8,-4,-8,-4,-7,-4,-7,-5,-7,-5,-7,-4,-6,-4,-6,-5,-6,-4,-6,-5,-5,-5,-6,-5,-5,-5,-6,-5,-6,-5,-5,-5,-5,-4,-5,0,0,-4,-5,-5,-5,-4,-6,-4,-5,-3,-6,-3,-6,-3,-5,-2,-6,-1,-5,-1,-5,-1,-4,0,-4,0,-4,0,-4,1,-3,1,-3,1,-3,2,-2,2,-2,2,-1,2,-1,2,-1,2,0,2,0,2,1,2,1,0,0,0,0,0,0,0,0,0,0,0,0,0,0,-16,-69,-10,-63,-14,-64,-15,-60,-13,-59,-14,-55,-15,-56,-15,-51,-16,-47,-12,-48,-18,-50,-18,-46,-18,-42,-18,-39,-18,-42,-18,-40,-17,-34,-23,-35,-23,-33,-20,-35,-22,-30,-25,-31,-26,-30,-23,-27,-26,-28,-22,-28,-23,-30,-23,-24,-20,-27,-23,-30,-25,-29,-18,-30,-21,-25,-20,-27,-18,-28,-14,-26,-14,-25,-12,-29,-7,-26,-2,-28,-2,-25,-5,-25,-1,-20,2,-21,4,-17,12,-17,10,-17,9,-14,10,-11,15,-8,11,-7,17,-5,13,-1,16,-2,14,1,12,10,9,9,0,0,0,0,0,0,0,0,0,0,0,0,0,0,0,0,0,0,0,0,0,0,-6,-22,-4,-25,-6,-26,-3,-28,1,-30,2,-34,6,-36,6,-37,12,-38,13,-39,20,-39,16,-39,23,-43,27,-44,24,-44,30,-42,36,-41,37,-43,40,-40,43,-39,44,-39,46,-42,52,-36,53,-36,56,-31,59,-30,62,-33,61,-28,65,-31,67,-30,66,-25,66,-24,66,-23,63,-29,62,-26,65,-22,66,-24,62,-23,62,-20,69,-27,63,-28,65,-30,69,-29,67,-30,69,-29,68,-35,70,-28,74,-33,71,-34,75,-30,78,-30,85,-23,80,-29,77,-25,76,-19,78,-27,76,-26,0,0]"
CSI_DATA,147,1a:00:00:00:00:00,-49,11,1,0,1,1,1,0,0,0,1,-96,0,11,2,2161585,0,44,0,384,0,"[0,0,0,0,0,0,0,0,0,0,0,0,-1,11,-1,11,0,10,-1,9,0,9,0,9,0,9,1,8,0,8,1,7,0,7,1,7,1,7,2,7,2,6,2,6,2,6,2,6,2,6,3,6,3,5,3,5,2,5,3,5,3,5,2,5,0,0,2,5,2,6,2,5,1,5,1,5,1,5,1,5,0,5,-1,4,-1,4,-2,4,-2,3,-2,3,-2,3,-2,2,-3,2,-3,1,-3,1,-3,1,-3,0,-3,0,-3,-1,-3,-1,-3,-2,-3,-2,-2,-3,0,0,0,0,0,0,0,0,0,0,0,0,0,0,-9,65,-7,67,-8,65,-3,64,-5,59,-6,63,-5,56,-5,53,-3,49,-1,52,0,50,-2,46,1,46,2,38,4,44,7,43,9,35,10,34,7,36,9,37,12,38,9,36,18,31,8,29,10,34,14,33,14,35,17,29,18,33,17,34,15,33,12,35,10,31,13,29,11,35,6,27,6,27,4,31,1,26,-1,24,-9,25,-7,22,-7,18,-9,19,-11,14,-15,14,-14,10,-10,12,-14,8,-16,3,-16,0,-13,5,-11,-4,-16,-5,-10,-6,-14,-14,-12,-13,0,0,0,0,0,0,0,0,0,0,0,0,0,0,0,0,0,0,0,0,0,0,-3,24,-8,26,-6,24,-12,24,-15,26,-17,30,-16,28,-18,26,-24,30,-26,32,-28,30,-29,32,-35,31,-40,28,-42,27,-44,28,-48,27,-53,25,-55,24,-54,19,-58,22,-59,18,-64,17,-63,15,-68,15,-69,9,-67,9,-66,8,-69,3,-70,4,-69,4,-69,-2,-66,-2,-70,4,-67,1,-64,0,-72,1,-71,4,-67,3,-72,3,-71,4,-73,4,-74,6,-74,3,-77,2,-78,11,-78,7,-77,4,-80,2,-81,3,-81,5,-83,1,-84,2,-80,2,-82,-4,-81,-4,-81,-6,0,0]"
CSI_DATA,148,1a:00:00:00:00:00,-49,11,1,0,1,1,1,0,0,0,1,-96,0,11,2,2180092,0,44,0,384,0,"[0,0,0,0,0,0,0,0,0,0,0,0,2,-11,2,-10,1,-10,1,-10,1,-9,1,-9,1,-9,0,-9,0,-9,-1,-8,0,-8,-1,-8,-1,-8,-1,-7,-1,-7,-1,-7,-2,-7,-1,-7,-2,-7,-2,-6,-2,-7,-2,-6,-2,-6,-2,-7,-2,-6,-2,-6,0,0,-2,-6,-2,-6,-2,-6,-1,-6,-1,-6,-1,-6,-1,-6,0,-5,1,-5,1,-5,1,-4,1,-4,2,-3,2,-3,2,-3,1,-2,2,-2,2,-1,2,-1,2,-1,2,0,2,0,2,0,2,1,1,1,1,2,0,0,0,0,0,0,0,0,0,0,0,0,0,0,12,-72,10,-66,12,-69,7,-66,14,-62,9,-60,7,-54,5,-52,8,-54,5,-51,4,-48,3,-44,1,-44,-1,-45,-1,-46,-6,-44,-4,-39,-8,-37,-9,-35,-7,-42,-7,-41,-6,-36,-10,-34,-7,-36,-11,-34,-8,-31,-11,-39,-10,-36,-12,-34,-11,-37,-9,-35,-4,-34,-5,-31,-4,-28,-2,-32,-2,-33,-2,-27,4,-25,1,-25,9,-26,10,-23,9,-24,9,-20,12,-15,13,-14,14,-12,15,-11,10,-6,12,-4,14,-3,13,-2,15,4,10,8,14,4,10,8,9,8,6,13,0,0,0,0,0,0,0,0,0,0,0,0,0,0,0,0,0,0,0,0,0,0,-1,-26,-2,-25,1,-28,0,-31,7,-29,10,-32,8,-34,11,-36,15,-32,18,-33,25,-35,25,-34,28,-37,35,-36,37,-35,38,-34,44,-33,50,-33,48,-32,51,-27,54,-26,53,-27,60,-28,62,-23,64,-21,64,-20,67,-18,67,-14,65,-13,72,-14,65,-6,67,-9,69,-9,69,-7,69,-6,64,-7,68,-7,66,-7,66,-8,68,-7,69,-10,73,-6,70,-7,78,-7,74,-7,79,-4,80,-6,78,-9,81,-5,77,-7,77,-1,86,-4,81,0,77,5,82,4,82,7,79,5,0,0]"
CSI_DATA,149,1a:00:00:00:00:00,-49,11,1,0,1,1,1,0,0,0,1,-96,0,11,2,2210109,0,44,0,384,0,"[0,0,0,0,0,0,0,0,0,0,0,0,-4,10,-4,9,-3,9,-3,9,-3,8,-3,8,-2,8,-2,8,-2,8,-1,7,-1,7,-1,7,-1,6,0,7,-1,6,0,6,0,6,0,6,0,6,1,6,1,5,1,6,1,6,1,6,1,6,0,6,0,0,0,5,0,5,0,5,-1,5,0,5,0,5,-1,5,-2,5,-2,4,-2,4,-2,3,-3,3,-3,3,-3,2,-3,2,-3,1,-3,1,-3,0,-3,0,-3,0,-3,-1,-3,-1,-3,-2,-3,-2,-3,-2,-2,-3,0,0,0,0,0,0,0,0,0,0,0,0,0,0,-20,68,-23,71,-16,67,-17,68,-18,62,-14,57,-15,56,-12,54,-13,53,-7,53,-4,52,-4,51,-4,52,-5,44,-3,44,1,45,-2,40,1,41,1,39,3,37,3,39,7,41,4,36,10,37,9,36,8,35,9,37,9,33,6,31,13,38,5,40,2,37,4,32,3,32,0,36,-2,29,0,29,-5,29,-8,25,-5,28,-10,25,-10,22,-13,21,-14,16,-14,18,-12,14,-19,11,-14,7,-13,4,-15,1,-22,6,-17,2,-15,-2,-19,-6,-12,-10,-12,-12,-10,-15,0,0,0,0,0,0,0,0,0,0,0,0,0,0,0,0,0,0,0,0,0,0,2,26,-5,27,-8,26,-12,29,-12,29,-14,33,-17,32,-20,35,-26,31,-29,34,-31,31,-36,37,-40,34,-43,31,-43,30,-48,29,-49,31,-51,25,-49,27,-60,21,-59,23,-63,20,-63,20,-67,10,-70,14,-67,11,-71,9,-69,6,-69,6,-71,0,-73,1,-74,1,-71,4,-70,2,-72,-3,-71,-3,-72,0,-70,-1,-69,3,-69,0,-72,0,-74,4,-76,1,-77,-1,-74,2,-83,2,-81,5,-83,0,-83,-2,-82,-2,-86,-8,-87,-8,-90,-7,-81,-10,-84,-9,-83,-14,-83,-16,0,0]"
CSI_DATA,150,1a:00:00:00:00:00,-49,11,1,0,1,1,1,0,0,0,1,-96,0,11,2,2220358,0,44,0,384,0,"[0,0,0,0,0,0,0,0,0,0,0,0,-10,-7,-8,-6,-9,-6,-8,-6,-9,-5,-8,-5,-8,-4,-8,-4,-8,-3,-8,-3,-8,-3,-7,-3,-8,-3,-7,-2,-7,-2,-7,-2,-7,-1,-7,-1,-7,-1,-7,-1,-7,-1,-7,-1,-7,-1,-7,-1,-7,-1,-6,-1,0,0,-6,-1,-7,-1,-6,-1,-6,-1,-6,-2,-6,-2,-5,-2,-5,-3,-5,-3,-4,-3,-4,-3,-3,-3,-3,-4,-2,-3,-2,-4,-2,-3,-1,-4,-1,-3,-1,-3,0,-3,0,-3,1,-3,1,-3,2,-3,1,-2,2,-2,0,0,0,0,0,0,0,0,0,0,0,0,0,0,-65,-37,-59,-36,-61,-33,-52,-37,-55,-34,-54,-35,-51,-25,-50,-25,-47,-21,-48,-21,-45,-25,-41,-20,-41,-17,-40,-11,-42,-14,-43,-13,-40,-8,-41,-4,-39,-7,-37,-9,-41,-4,-35,-5,-37,1,-39,2,-36,1,-35,0,-36,3,-38,3,-38,4,-38,-3,-34,-4,-33,-1,-34,-1,-34,-3,-35,-2,-25,-6,-39,-8,-28,-5,-31,-12,-27,-9,-23,-14,-27,-16,-21,-15,-19,-14,-20,-14,-11,-19,-9,-20,-11,-18,-7,-18,-5,-12,2,-20,-1,-15,2,-15,6,-16,9,-18,10,-10,11,-12,0,0,0,0,0,0,0,0,0,0,0,0,0,0,0,0,0,0,0,0,0,0,-21,-17,-17,-21,-21,-23,-19,-28,-19,-25,-14,-31,-17,-35,-15,-36,-13,-37,-14,-39,-10,-43,-10,-43,-9,-49,-5,-48,-5,-55,-6,-52,0,-55,2,-57,8,-66,10,-58,8,-66,24,-49,-18,-96,32,-55,26,-57,27,-65,23,-64,26,-67,19,-64,26,-60,27,-66,29,-68,33,-59,31,-63,30,-63,33,-59,26,-62,27,-61,24,-62,26,-66,28,-66,26,-66,24,-71,24,-70,25,-77,32,-71,34,-70,32,-74,32,-72,28,-75,27,-79,32,-73,31,-79,36,-77,33,-77,40,-72,41,-70,0,0]"
CSI_DATA,151,1a:00:00:00:00:00,-49,11,1,0,1,1,1,0,0,0,1,-96,0,11,2,2230085,0,44,0,384,0,"[0,0,0,0,0,0,0,0,0,0,0,0,2,-12,1,-11,1,-11,1,-10,1,-10,1,-10,0,-10,0,-9,0,-9,-1,-9,-1,-9,-1,-8,-2,-8,-2,-7,-2,-7,-2,-7,-2,-8,-2,-7,-3,-7,-3,-7,-3,-7,-3,-7,-2,-7,-3,-7,-3,-7,-2,-6,0,0,-2,-7,-2,-7,-2,-7,-1,-7,-1,-7,-1,-6,-1,-6,0,-6,1,-6,1,-5,1,-5,1,-4,1,-4,2,-4,2,-3,2,-3,2,-3,2,-2,2,-2,3,-1,2,-1,2,-1,2,0,2,0,2,1,2,2,0,0,0,0,0,0,0,0,0,0,0,0,0,0,22,-66,28,-60,25,-63,25,-63,20,-65,22,-58,17,-50,21,-53,14,-48,14,-51,11,-50,11,-49,9,-44,3,-42,9,-45,3,-44,2,-38,-2,-39,-6,-36,-3,-39,-2,-42,-8,-39,-8,-34,-8,-30,-10,-35,-8,-33,-11,-37,-9,-32,-5,-33,-9,-35,-7,-34,-7,-38,-8,-36,-5,-32,-5,-33,-3,-27,-4,-34,-1,-31,2,-28,1,-27,6,-26,7,-25,9,-23,12,-22,13,-16,12,-15,17,-16,15,-13,18,-9,16,-9,18,-9,18,-1,16,-2,17,1,17,0,13,8,14,10,0,0,0,0,0,0,0,0,0,0,0,0,0,0,0,0,0,0,0,0,0,0,11,-19,17,-21,22,-20,24,-21,24,-21,29,-21,28,-18,31,-18,35,-16,38,-14,41,-15,49,-14,48,-13,48,-9,50,-13,51,-3,54,-4,53,-5,56,-4,61,1,58,3,62,5,61,9,63,16,59,14,65,14,68,16,71,16,66,19,67,17,67,19,65,17,64,16,64,21,59,23,65,21,62,21,66,20,63,21,63,17,68,20,70,18,73,13,69,17,75,19,82,10,80,15,79,13,80,16,75,22,77,25,81,22,83,24,77,24,75,24,75,29,75,24,0,0]"
CSI_DATA,152,1a:00:00:00:00:00,-49,11,1,0,1,1,1,0,0,0,1,-96,0,11,2,2240226,0,44,0,384,0,"[0,0,0,0,0,0,0,0,0,0,0,0,-10,5,-9,5,-9,5,-8,5,-8,4,-8,5,-8,5,-7,5,-7,5,-6,4,-6,5,-6,5,-5,4,-5,5,-5,5,-5,5,-4,5,-4,5,-4,5,-4,5,-4,5,-4,5,-4,5,-4,5,-3,5,-4,5,0,0,-4,5,-4,4,-5,4,-4,4,-4,3,-4,3,-5,3,-5,2,-5,2,-5,2,-5,1,-5,1,-4,0,-5,0,-4,-1,-4,-1,-3,-1,-4,-2,-3,-2,-3,-2,-3,-2,-2,-3,-2,-3,-2,-3,-1,-3,-1,-4,0,0,0,0,0,0,0,0,0,0,0,0,0,0,-72,21,-70,27,-69,23,-63,24,-55,23,-58,23,-57,18,-58,24,-51,21,-51,22,-44,24,-40,24,-40,24,-38,17,-43,25,-34,25,-35,25,-33,23,-29,23,-27,23,-30,26,-23,28,-25,28,-21,26,-23,23,-23,29,-20,30,-24,28,-22,29,-19,27,-22,28,-26,27,-24,25,-26,28,-24,23,-29,22,-26,21,-26,16,-32,14,-27,12,-25,7,-27,2,-26,1,-28,1,-24,0,-21,3,-19,-3,-20,-5,-16,-4,-21,-10,-15,-10,-14,-15,-12,-17,-11,-18,-7,-19,-2,-17,-2,-20,0,0,0,0,0,0,0,0,0,0,0,0,0,0,0,0,0,0,0,0,0,0,-27,10,-30,6,-29,4,-36,4,-38,-4,-35,-8,-39,-5,-39,-9,-40,-10,-43,-15,-42,-19,-48,-20,-47,-21,-44,-25,-44,-31,-45,-32,-47,-34,-46,-42,-50,-41,-42,-43,-40,-47,-39,-50,-42,-53,-43,-54,-37,-56,-41,-60,-43,-54,-37,-61,-37,-57,-34,-63,-32,-57,-33,-62,-31,-62,-32,-67,-32,-64,-35,-61,-33,-59,-35,-64,-34,-59,-36,-64,-34,-66,-40,-67,-41,-63,-42,-63,-44,-63,-48,-70,-44,-71,-47,-69,-45,-70,-41,-71,-42,-72,-43,-73,-38,-74,-39,-74,-37,-79,-37,-81,-36,-77,0,0]"
CSI_DATA,153,1a:00:00:00:00:00,-49,11,1,0,1,1,1,0,0,0,1,-96,0,11,2,2250101,0,44,0,384,0,"[0,0,0,0,0,0,0,0,0,0,0,0,-11,0,-11,0,-10,0,-10,0,-9,0,-9,1,-9,1,-8,1,-8,1,-7,1,-8,1,-8,2,-7,2,-7,2,-6,2,-6,2,-6,2,-6,3,-5,2,-6,2,-5,2,-5,3,-6,3,-5,3,-6,3,-6,3,0,0,-6,3,-5,2,-6,2,-6,2,-5,1,-5,1,-5,1,-5,0,-5,0,-5,0,-5,0,-4,-1,-4,-1,-4,-2,-4,-2,-4,-2,-3,-2,-3,-2,-3,-2,-2,-3,-2,-3,-1,-3,-1,-3,-1,-3,0,-4,1,-3,0,0,0,0,0,0,0,0,0,0,0,0,0,0,-75,2,-74,0,-70,1,-66,6,-64,5,-58,3,-60,7,-58,7,-52,7,-48,8,-43,11,-46,15,-47,12,-46,10,-40,13,-36,18,-44,16,-40,14,-39,20,-32,18,-34,21,-28,20,-30,25,-27,22,-28,21,-31,26,-24,22,-33,25,-28,27,-30,23,-25,23,-23,20,-29,20,-30,25,-29,20,-29,13,-32,16,-30,18,-30,15,-31,10,-26,4,-26,3,-29,1,-26,0,-20,-3,-19,-7,-20,-5,-22,-10,-18,-10,-13,-12,-16,-9,-9,-15,-13,-17,-7,-18,-4,-19,-4,-19,0,-20,0,0,0,0,0,0,0,0,0,0,0,0,0,0,0,0,0,0,0,0,0,0,-28,-10,-25,-14,-28,-14,-30,-15,-28,-20,-30,-24,-28,-22,-28,-27,-29,-32,-28,-34,-26,-34,-33,-38,-31,-43,-31,-42,-29,-46,-29,-49,-25,-53,-28,-50,-25,-53,-19,-57,-18,-62,-19,-63,-14,-63,-17,-71,-12,-72,-13,-65,-12,-74,-11,-72,-9,-69,-9,-74,-4,-67,-7,-68,-8,-68,-7,-71,-11,-72,-11,-72,-13,-74,-11,-71,-6,-70,-9,-74,-14,-74,-15,-70,-16,-75,-17,-75,-14,-80,-22,-71,-14,-80,-17,-84,-17,-82,-17,-86,-18,-87,-19,-79,-19,-86,-13,-79,-13,-82,-12,-90,-7,-86,0,0]"
CSI_DATA,154,1a:00:00:00:00:00,-49,11,1,0,1,1,1,0,0,0,1,-96,0,11,2,2260084,0,44,0,384,0,"[0,0,0,0,0,0,0,0,0,0,0,0,6,9,6,8,6,8,6,8,6,7,5,7,5,6,5,6,5,6,5,5,6,5,5,4,5,4,5,4,6,4,5,3,6,3,5,3,6,2,6,2,5,2,5,2,5,2,6,2,6,2,5,2,0,0,5,2,5,3,5,3,4,3,4,3,4,3,4,4,4,4,3,3,3,4,2,4,1,3,1,4,1,4,0,3,0,3,-1,3,-1,3,-1,3,-2,3,-2,2,-2,2,-3,2,-3,2,-3,1,-4,0,0,0,0,0,0,0,0,0,0,0,0,0,0,0,19,65,20,64,20,64,14,62,21,62,13,52,18,50,20,50,21,44,19,47,20,41,25,38,19,37,19,32,20,35,23,34,27,30,24,28,25,28,25,24,26,26,24,22,21,23,26,21,21,22,26,24,30,21,28,15,26,18,28,24,26,22,25,23,26,22,28,23,23,24,19,19,18,19,17,25,14,25,13,26,9,25,5,22,4,22,4,20,0,22,-2,18,-4,21,-6,17,-11,21,-12,13,-9,15,-11,11,-12,12,-15,6,-16,10,-17,3,-20,1,0,0,0,0,0,0,0,0,0,0,0,0,0,0,0,0,0,0,0,0,0,0,0,23,-2,32,-5,30,-10,33,-9,33,-14,32,-17,34,-17,39,-20,33,-24,33,-26,41,-27,38,-28,39,-35,41,-37,42,-39,34,-45,38,-44,38,-43,40,-47,34,-52,35,-58,39,-53,32,-57,33,-59,30,-59,34,-59,29,-64,27,-57,28,-63,28,-61,27,-65,24,-62,24,-65,21,-66,24,-69,22,-59,19,-63,23,-59,29,-61,31,-66,31,-62,31,-68,35,-60,33,-70,32,-63,36,-67,31,-72,30,-70,35,-71,30,-69,32,-80,36,-78,33,-72,27,-74,28,-80,29,-71,29,0,0]"
CSI_DATA,155,1a:00:00:00:00:00,-49,11,1,0,1,1,1,0,0,0,1,-96,0,11,2,2281580,0,44,0,384,0,"[0,0,0,0,0,0,0,0,0,0,0,0,7,-8,7,-8,6,-8,6,-8,5,-7,4,-8,4,-8,4,-7,4,-7,3,-7,3,-7,3,-7,2,-6,2,-7,2,-7,1,-7,2,-7,1,-7,0,-7,0,-6,0,-6,0,-6,1,-7,0,-6,0,-7,1,-6,0,0,1,-7,0,-6,0,-6,1,-6,1,-6,1,-5,2,-5,2,-5,2,-5,3,-4,3,-4,3,-3,2,-3,3,-2,3,-2,3,-2,3,-2,3,-1,3,-1,3,0,3,0,2,0,3,1,2,1,2,2,2,2,0,0,0,0,0,0,0,0,0,0,0,0,0,0,48,-48,54,-47,46,-45,45,-46,41,-46,36,-39,34,-42,41,-39,37,-39,29,-44,27,-38,26,-42,23,-41,21,-37,19,-37,17,-37,18,-36,12,-32,13,-27,9,-38,5,-35,9,-35,10,-31,4,-35,5,-30,5,-32,-1,-38,7,-33,7,-32,3,-36,8,-34,4,-34,4,-32,10,-35,7,-30,11,-28,12,-31,12,-27,12,-23,14,-25,16,-24,12,-20,18,-19,16,-11,19,-11,19,-14,21,-9,20,-13,20,-3,18,-6,19,-2,17,-1,18,2,19,3,13,12,16,11,18,11,0,0,0,0,0,0,0,0,0,0,0,0,0,0,0,0,0,0,0,0,0,0,26,-10,30,-11,32,-4,33,-4,36,-6,39,1,43,-1,43,2,38,1,46,12,46,9,48,9,49,12,49,17,48,17,50,18,52,23,56,26,54,27,53,31,54,31,54,34,54,40,57,41,50,43,54,38,50,45,53,45,51,45,50,46,54,47,54,48,49,45,48,48,46,47,50,46,55,45,57,42,50,43,56,43,54,41,59,44,59,48,61,48,54,44,67,43,67,46,61,44,64,44,62,52,63,50,66,51,66,53,68,52,67,55,67,54,59,55,0,0]"
CSI_DATA,156,1a:00:00:00:00:00,-49,11,1,0,1,1,1,0,0,0,1,-96,0,11,2,2290452,0,44,0,384,0,"[0,0,0,0,0,0,0,0,0,0,0,0,2,-11,2,-10,1,-10,1,-10,0,-9,1,-9,0,-9,0,-8,0,-8,-1,-8,-1,-7,-1,-7,-2,-7,-2,-7,-2,-6,-2,-7,-2,-6,-3,-6,-3,-6,-3,-6,-3,-6,-3,-5,-3,-6,-4,-6,-4,-6,-3,-6,0,0,-3,-6,-3,-6,-3,-6,-3,-6,-2,-6,-2,-6,-2,-6,-2,-6,-1,-5,-1,-5,0,-5,0,-5,0,-5,1,-4,1,-4,1,-4,1,-4,2,-3,2,-3,2,-3,2,-2,2,-2,3,-2,3,-2,3,-1,3,0,0,0,0,0,0,0,0,0,0,0,0,0,0,0,17,-69,17,-65,15,-66,8,-60,6,-61,11,-59,8,-55,8,-46,2,-45,-2,-45,-3,-45,0,-48,-3,-47,-8,-39,-10,-37,-14,-41,-13,-35,-16,-34,-10,-33,-17,-35,-19,-29,-18,-29,-17,-27,-21,-31,-18,-25,-19,-30,-19,-31,-18,-24,-27,-26,-25,-28,-24,-27,-24,-21,-25,-25,-19,-28,-22,-27,-18,-29,-17,-27,-11,-25,-10,-24,-12,-29,-7,-28,-10,-26,-6,-25,1,-27,-1,-24,1,-23,-1,-23,5,-19,9,-24,7,-17,9,-11,11,-21,13,-18,12,-14,19,-11,20,-9,16,-5,0,0,0,0,0,0,0,0,0,0,0,0,0,0,0,0,0,0,0,0,0,0,27,-13,29,-10,29,-11,32,-8,36,-8,38,-5,40,-4,42,-5,41,-1,44,-2,50,1,48,1,54,4,50,6,54,7,55,11,56,11,60,10,59,17,61,14,59,19,61,23,60,22,65,25,60,26,66,22,63,24,69,26,62,27,67,28,66,29,60,31,60,26,61,23,60,25,63,28,64,21,67,21,64,22,69,18,68,18,72,12,74,17,78,15,73,14,78,16,78,8,80,7,82,9,79,10,78,13,78,8,81,15,81,15,82,13,75,17,82,18,0,0]"
CSI_DATA,157,1a:00:00:00:00:00,-50,11,1,0,1,1,1,0,0,0,1,-96,0,11,2,2310153,0,44,0,384,0,"[0,0,0,0,0,0,0,0,0,0,0,0,-9,-5,-9,-4,-9,-5,-8,-5,-8,-4,-8,-3,-8,-3,-7,-2,-7,-2,-7,-2,-7,-1,-7,-1,-7,-1,-7,-1,-6,0,-7,-1,-6,0,-6,0,-6,0,-6,0,-6,0,-6,0,-6,1,-6,1,-6,0,-6,1,0,0,-6,1,-6,0,-6,0,-6,0,-6,-1,-6,-1,-5,-1,-5,-1,-5,-2,-5,-2,-5,-2,-4,-2,-4,-3,-3,-3,-4,-3,-3,-3,-3,-3,-2,-3,-2,-4,-2,-4,-2,-4,-1,-4,-1,-4,0,-4,0,-4,1,-4,0,0,0,0,0,0,0,0,0,0,0,0,0,0,-58,-30,-56,-34,-57,-28,-54,-31,-47,-25,-52,-24,-52,-20,-43,-21,-45,-16,-43,-18,-41,-9,-39,-11,-36,-10,-42,-13,-39,-7,-38,-1,-34,-3,-37,-1,-33,3,-32,4,-31,4,-31,3,-32,5,-30,5,-33,6,-30,11,-33,8,-30,8,-31,10,-36,9,-28,3,-33,10,-32,9,-29,6,-31,4,-31,4,-29,-3,-32,0,-26,-4,-24,-6,-28,-6,-24,-7,-22,-10,-20,-6,-20,-14,-15,-14,-16,-17,-13,-18,-11,-17,-10,-18,-10,-19,-8,-17,-5,-18,-3,-21,-1,-22,3,-19,6,-22,0,0,0,0,0,0,0,0,0,0,0,0,0,0,0,0,0,0,0,0,0,0,-12,-27,-9,-33,-13,-32,-10,-37,-10,-39,-6,-38,-6,-41,-2,-46,-2,-46,-3,-48,1,-51,0,-52,4,-55,6,-57,10,-54,10,-62,12,-61,17,-64,18,-57,22,-62,21,-68,25,-65,26,-66,25,-63,32,-63,24,-65,26,-66,32,-61,34,-65,31,-62,35,-61,32,-64,37,-58,34,-61,35,-63,34,-62,31,-64,26,-65,25,-64,26,-65,25,-67,20,-69,26,-71,24,-73,25,-67,28,-79,24,-69,26,-72,24,-74,26,-76,27,-78,26,-75,32,-75,28,-79,31,-74,28,-73,33,-69,0,0]"
CSI_DATA,158,1a:00:00:00:00:00,-50,11,1,0,1,1,1,0,0,0,1,-96,0,11,2,2320107,0,44,0,384,0,"[0,0,0,0,0,0,0,0,0,0,0,0,7,5,7,5,7,5,7,5,6,4,6,3,6,3,6,2,6,2,6,2,6,1,6,1,6,1,5,0,6,1,5,0,5,-1,5,-1,5,-1,5,-1,5,-1,5,-1,5,-1,5,-1,5,-1,5,-1,0,0,5,-1,5,-1,5,-1,5,-1,5,0,5,0,5,1,4,1,4,1,4,1,3,2,4,2,3,2,3,2,2,2,2,3,2,3,2,3,1,3,1,3,0,3,0,3,0,3,0,3,-1,3,-2,3,0,0,0,0,0,0,0,0,0,0,0,0,0,0,48,46,45,45,44,49,40,39,39,38,43,32,42,30,39,36,31,28,40,25,33,26,35,22,35,16,30,15,33,8,33,8,32,8,33,4,37,9,30,4,30,5,25,2,34,-2,28,0,33,-4,32,-5,29,0,35,-4,32,-7,32,-3,30,2,30,-4,29,2,28,5,29,5,27,6,27,-1,27,3,28,6,26,10,21,10,19,9,19,11,20,15,15,14,9,18,14,19,13,24,8,19,10,17,5,14,5,21,5,24,2,22,-4,23,-3,24,-11,22,0,0,0,0,0,0,0,0,0,0,0,0,0,0,0,0,0,0,0,0,0,0,-6,29,-4,31,-13,32,-12,35,-12,34,-21,39,-21,39,-23,36,-22,38,-22,40,-30,43,-31,40,-32,48,-33,47,-40,44,-40,41,-46,41,-46,39,-49,46,-52,39,-52,41,-56,45,-54,40,-54,44,-58,38,-59,44,-58,40,-64,41,-61,39,-62,40,-59,36,-59,39,-62,40,-59,39,-56,37,-54,36,-56,38,-54,43,-54,43,-57,48,-52,50,-50,41,-54,50,-49,51,-53,52,-56,51,-54,57,-51,55,-56,59,-49,61,-55,58,-54,61,-53,61,-49,54,-57,55,-60,62,-50,52,0,0]"
CSI_DATA,159,1a:00:00:00:00:00,-50,11,1,0,1,1,1,0,0,0,1,-96,0,11,2,2332346,0,44,0,384,0,"[0,0,0,0,0,0,0,0,0,0,0,0,-11,1,-10,1,-9,1,-8,1,-8,1,-8,2,-8,2,-7,2,-7,2,-7,2,-6,3,-6,3,-5,2,-5,3,-5,3,-5,4,-4,4,-5,4,-4,4,-4,4,-4,4,-4,4,-4,4,-4,4,-3,4,-4,4,0,0,-4,4,-4,4,-4,3,-4,4,-4,3,-4,3,-5,2,-5,2,-5,2,-5,1,-5,1,-4,0,-5,0,-4,0,-4,0,-4,-1,-4,-1,-4,-1,-4,-1,-4,-2,-4,-2,-4,-3,-4,-3,-3,-3,-3,-4,-2,-4,0,0,0,0,0,0,0,0,0,0,0,0,0,0,-68,14,-67,10,-64,15,-57,10,-49,11,-50,13,-48,16,-49,19,-41,14,-40,18,-35,19,-36,14,-31,20,-29,20,-28,23,-27,22,-27,24,-26,22,-25,23,-18,20,-21,24,-11,20,-18,28,-19,27,-17,28,-18,24,-12,21,-18,28,-17,23,-18,24,-12,26,-18,23,-20,26,-22,24,-18,24,-21,22,-20,22,-25,20,-19,21,-19,12,-25,11,-24,12,-25,9,-23,4,-23,1,-19,4,-20,1,-22,-4,-26,1,-17,-3,-20,-7,-23,-10,-18,-13,-20,-17,-17,-19,-18,-16,-16,-24,0,0,0,0,0,0,0,0,0,0,0,0,0,0,0,0,0,0,0,0,0,0,-24,-20,-26,-25,-26,-28,-25,-34,-25,-38,-23,-38,-17,-42,-20,-41,-26,-45,-21,-48,-21,-50,-19,-50,-16,-56,-14,-58,-16,-59,-15,-60,-17,-62,-14,-63,-11,-66,-13,-66,-9,-66,-3,-71,-2,-70,-1,-74,1,-79,-4,-76,-2,-74,-2,-77,-3,-72,-1,-77,-5,-74,2,-77,3,-74,1,-70,2,-72,-1,-71,-6,-66,-12,-67,-10,-68,-9,-73,-11,-72,-16,-70,-18,-73,-21,-72,-16,-71,-24,-77,-21,-74,-27,-74,-22,-74,-19,-75,-21,-85,-26,-76,-22,-85,-24,-78,-19,-76,-14,-80,-17,-72,0,0]"
CSI_DATA,160,1a:00:00:00:00:00,-51,11,1,0,1,1,1,0,0,0,1,-96,0,11,2,2340141,0,44,0,384,0,"[0,0,0,0,0,0,0,0,0,0,0,0,4,-9,4,-9,3,-8,3,-8,2,-7,2,-7,2,-7,1,-7,1,-7,0,-7,1,-6,0,-7,-1,-6,-1,-6,-1,-6,-1,-6,-1,-6,-1,-6,-2,-5,-2,-5,-2,-5,-2,-6,-2,-5,-2,-5,-2,-5,-2,-6,0,0,-2,-6,-1,-5,-1,-5,-1,-5,-1,-5,-1,-5,0,-5,0,-5,1,-5,1,-4,1,-4,2,-4,2,-3,2,-3,2,-3,2,-3,2,-2,3,-2,3,-2,3,-2,3,-1,3,-1,3,-1,3,0,3,1,3,1,0,0,0,0,0,0,0,0,0,0,0,0,0,0,34,-55,29,-51,30,-50,24,-48,27,-48,22,-46,20,-40,15,-40,16,-38,13,-39,11,-42,6,-35,7,-39,5,-37,4,-33,3,-35,1,-32,-1,-33,-3,-32,-5,-27,-3,-29,-4,-28,-7,-31,-4,-26,-11,-27,-12,-28,-9,-30,-12,-29,-8,-29,-11,-28,-9,-26,-8,-31,-2,-32,-5,-22,-2,-27,-3,-30,0,-30,1,-22,7,-32,5,-24,12,-22,8,-24,10,-19,14,-21,15,-17,13,-16,16,-15,18,-17,15,-9,20,-12,19,-7,20,-6,18,-4,19,-3,24,2,21,4,21,9,0,0,0,0,0,0,0,0,0,0,0,0,0,0,0,0,0,0,0,0,0,0,30,-8,33,-5,34,1,36,0,41,1,42,3,40,6,43,3,47,6,46,9,50,13,51,13,55,16,54,19,58,21,55,25,59,25,59,29,62,30,58,30,58,32,58,38,59,36,55,41,57,44,62,41,56,41,57,44,54,47,56,46,53,45,53,48,56,42,58,47,53,41,56,43,56,37,56,37,56,34,58,38,62,35,59,35,65,32,64,34,64,28,70,34,66,30,62,28,70,28,72,30,68,35,65,32,69,38,63,31,65,36,67,36,65,36,0,0]"
CSI_DATA,161,1a:00:00:00:00:00,-51,11,1,0,1,1,1,0,0,0,1,-96,0,11,2,2350092,0,44,0,384,0,"[0,0,0,0,0,0,0,0,0,0,0,0,-10,0,-9,1,-9,1,-8,1,-8,1,-7,2,-7,2,-7,2,-6,2,-6,2,-6,3,-5,3,-5,3,-5,3,-4,3,-4,3,-4,4,-4,4,-4,4,-3,4,-3,4,-3,4,-3,4,-3,4,-3,4,-3,4,0,0,-3,4,-3,4,-4,3,-4,3,-4,3,-4,3,-4,2,-4,2,-4,2,-4,2,-4,1,-4,1,-4,0,-4,0,-4,0,-4,-1,-4,-1,-4,-1,-4,-2,-4,-2,-4,-2,-4,-3,-4,-3,-4,-4,-3,-4,-3,-4,0,0,0,0,0,0,0,0,0,0,0,0,0,0,-24,60,-20,57,-18,57,-17,52,-12,52,-14,48,-6,47,-6,43,-7,41,-2,45,2,35,5,37,3,34,3,32,3,31,8,31,11,30,9,27,16,29,14,24,13,24,14,27,19,22,16,26,14,25,12,26,16,20,18,26,17,22,21,18,15,24,22,23,14,25,14,23,13,25,13,24,8,22,9,25,5,20,7,23,3,23,-4,22,0,16,-7,20,-4,18,-5,20,-10,19,-11,19,-11,15,-14,13,-14,14,-18,13,-20,14,-22,11,-23,7,-22,3,-25,2,0,0,0,0,0,0,0,0,0,0,0,0,0,0,0,0,0,0,0,0,0,0,-34,2,-36,2,-39,0,-38,-4,-37,-5,-42,-4,-46,-9,-46,-8,-49,-15,-50,-13,-55,-20,-54,-19,-58,-18,-61,-22,-57,-23,-57,-29,-60,-30,-59,-30,-57,-31,-61,-36,-62,-34,-62,-40,-63,-44,-63,-41,-61,-44,-59,-43,-55,-47,-60,-42,-60,-45,-62,-45,-60,-44,-63,-45,-57,-42,-59,-41,-60,-37,-60,-36,-62,-33,-61,-32,-65,-28,-67,-31,-68,-32,-65,-25,-68,-30,-68,-24,-76,-24,-76,-29,-73,-23,-77,-23,-75,-23,-75,-20,-78,-21,-74,-21,-76,-26,-76,-17,-73,-25,-77,-20,-74,-29,0,0]"
CSI_DATA,162,1a:00:00:00:00:00,-51,11,1,0,1,1,1,0,0,0,1,-96,0,11,2,2360273,0,44,0,384,0,"[0,0,0,0,0,0,0,0,0,0,0,0,-8,6,-7,6,-7,5,-6,5,-6,5,-5,5,-5,5,-4,5,-4,5,-4,5,-3,5,-3,5,-2,5,-2,5,-2,5,-2,5,-1,5,-1,5,-1,4,-2,3,-1,6,0,5,-1,5,-1,5,-1,5,-1,5,0,0,-1,5,-1,4,-1,5,-1,4,-2,4,-2,4,-2,4,-3,3,-3,3,-3,3,-3,3,-4,2,-4,2,-4,1,-4,1,-4,1,-4,0,-4,0,-5,0,-5,-1,-5,-1,-5,-1,-5,-2,-5,-3,-4,-3,-4,-4,0,0,0,0,0,0,0,0,0,0,0,0,0,0,11,58,9,58,11,55,16,50,13,50,11,45,6,42,14,38,18,38,16,37,17,33,21,29,17,29,20,26,19,25,24,29,23,21,22,21,20,17,22,19,25,18,24,19,25,11,26,13,22,12,23,14,27,14,23,11,27,16,25,15,24,13,24,15,18,14,20,17,20,14,14,14,16,19,16,19,11,23,8,20,5,20,4,16,3,21,3,16,0,19,-2,21,-3,16,-6,18,-12,18,-10,16,-12,16,-13,19,-13,11,-15,14,-15,11,-20,8,-22,8,0,0,0,0,0,0,0,0,0,0,0,0,0,0,0,0,0,0,0,0,0,0,-21,23,-25,22,-29,22,-33,20,-36,20,-34,19,-42,19,-43,17,-47,15,-46,16,-50,17,-56,13,-59,17,-60,14,-62,14,-64,10,-66,9,-67,6,-70,7,-69,4,-70,5,-76,3,-72,1,-74,-1,-75,0,-78,2,-78,-2,-76,-6,-78,-3,-77,-4,-76,-5,-73,0,-76,-5,-71,-3,-70,-4,-73,-2,-71,1,-70,8,-71,5,-73,7,-72,10,-72,10,-75,11,-75,13,-73,11,-78,20,-76,18,-74,22,-75,22,-78,20,-78,20,-78,19,-75,20,-77,16,-77,20,-72,14,-69,12,0,0]"
CSI_DATA,163,1a:00:00:00:00:00,-51,11,1,0,1,1,1,0,0,0,1,-96,0,11,2,2370684,0,44,0,384,0,"[0,0,0,0,0,0,0,0,0,0,0,0,-4,-9,-4,-8,-5,-8,-4,-7,-5,-7,-5,-6,-5,-6,-5,-5,-5,-5,-5,-5,-5,-4,-5,-4,-5,-4,-5,-3,-5,-3,-5,-3,-5,-3,-5,-2,-6,-2,-5,-2,-5,-2,-5,-2,-5,-2,-5,-2,-5,-2,-5,-2,0,0,-5,-2,-5,-2,-5,-2,-4,-3,-4,-3,-4,-3,-4,-3,-3,-3,-3,-4,-2,-4,-2,-4,-2,-4,-1,-4,-1,-4,-1,-4,0,-4,0,-4,1,-4,1,-4,1,-4,2,-4,2,-4,2,-3,3,-3,3,-3,4,-2,0,0,0,0,0,0,0,0,0,0,0,0,0,0,-67,-5,-62,-4,-63,3,-58,2,-48,0,-42,2,-45,5,-44,4,-39,7,-39,12,-34,8,-34,10,-31,16,-31,14,-29,16,-29,17,-27,21,-25,20,-25,20,-22,20,-24,15,-21,20,-23,25,-22,20,-19,24,-18,22,-19,21,-18,19,-21,19,-18,21,-18,19,-20,21,-20,14,-19,16,-22,17,-22,12,-24,14,-23,10,-26,8,-20,6,-18,3,-23,1,-21,-3,-21,-2,-20,-9,-21,-8,-15,-12,-15,-13,-13,-13,-14,-13,-9,-11,-10,-16,-11,-18,-7,-22,-6,-20,-2,-23,1,-23,0,0,0,0,0,0,0,0,0,0,0,0,0,0,0,0,0,0,0,0,0,0,-16,-27,-17,-28,-18,-32,-15,-36,-15,-35,-14,-41,-13,-41,-13,-48,-11,-48,-11,-50,-10,-56,-8,-53,-6,-57,-5,-56,-2,-60,-1,-63,2,-67,1,-71,4,-68,6,-71,6,-72,13,-74,14,-77,13,-72,17,-77,13,-76,20,-75,20,-71,18,-75,16,-75,21,-76,16,-76,17,-72,15,-69,18,-73,13,-68,11,-72,8,-69,1,-72,6,-74,6,-71,1,-72,0,-76,-1,-79,0,-74,2,-70,-4,-77,-6,-78,-7,-81,-3,-82,-4,-81,-4,-79,-2,-76,0,-82,-3,-81,-2,-76,2,-74,0,0]"
CSI_DATA,164,1a:00:00:00:00:00,-52,11,1,0,1,1,1,0,0,0,1,-96,0,11,2,2381177,0,44,0,384,0,"[0,0,0,0,0,0,0,0,0,0,0,0,-2,8,-2,8,-1,8,-1,7,0,7,-1,7,0,6,0,6,0,6,1,6,0,6,0,5,1,5,1,5,2,5,1,4,1,5,1,4,2,4,2,4,2,4,2,4,1,4,2,4,1,4,1,4,0,0,0,4,1,4,1,4,0,3,0,4,0,4,-1,3,-1,3,-2,3,-2,2,-2,2,-2,2,-3,2,-3,1,-3,1,-3,0,-3,0,-3,0,-4,0,-3,-1,-4,-2,-4,-1,-3,-2,-3,-2,-3,-3,-3,-3,0,0,0,0,0,0,0,0,0,0,0,0,0,0,-22,61,-21,56,-17,57,-17,50,-13,52,-13,45,-12,42,-7,44,-9,40,-1,42,-5,39,0,39,1,33,2,33,3,37,5,35,6,32,6,30,7,26,7,28,9,29,8,30,9,25,11,28,13,29,13,26,10,27,11,27,12,23,14,25,9,24,11,27,8,24,6,24,6,25,1,22,1,19,-5,23,-5,19,-5,14,-10,17,-11,14,-10,14,-13,9,-16,9,-16,10,-16,8,-17,1,-19,0,-19,5,-18,-1,-15,-1,-18,-4,-20,-9,-15,-13,-15,-15,-16,-18,0,0,0,0,0,0,0,0,0,0,0,0,0,0,0,0,0,0,0,0,0,0,-22,17,-25,17,-32,18,-36,15,-38,10,-37,11,-45,14,-44,11,-49,5,-52,8,-53,3,-53,-3,-57,0,-58,-1,-61,-4,-61,-6,-67,-7,-68,-10,-73,-10,-73,-12,-69,-15,-78,-22,-74,-29,-72,-28,-70,-33,-74,-32,-70,-31,-72,-34,-70,-31,-73,-36,-73,-33,-70,-33,-68,-32,-69,-31,-70,-31,-69,-29,-72,-29,-70,-26,-69,-25,-66,-21,-74,-28,-77,-23,-72,-17,-78,-19,-75,-20,-79,-22,-77,-19,-78,-16,-78,-18,-80,-18,-78,-22,-80,-19,-78,-20,-76,-26,-78,-24,-77,-25,-71,-25,0,0]"
CSI_DATA,165,1a:00:00:00:00:00,-53,11,1,0,1,1,1,0,0,0,1,-96,0,11,2,2400660,0,44,0,384,0,"[0,0,0,0,0,0,0,0,0,0,0,0,7,-5,7,-5,6,-5,6,-4,6,-4,5,-4,4,-4,4,-4,4,-4,4,-4,4,-4,4,-5,4,-5,3,-5,3,-5,3,-5,3,-4,3,-4,2,-4,2,-4,2,-4,2,-4,2,-4,3,-4,3,-4,3,-4,0,0,3,-4,3,-3,3,-3,3,-2,3,-2,3,-2,2,-1,2,-1,2,0,2,0,2,0,1,0,1,1,0,1,0,1,0,1,-1,1,-1,2,-1,2,-2,2,-2,2,-3,2,-3,2,-4,2,-4,2,-5,2,0,0,0,0,0,0,0,0,0,0,0,0,0,0,0,-63,1,-61,0,-59,0,-57,-1,-54,-1,-51,-2,-49,-3,-46,-4,-44,-5,-42,-6,-40,-7,-39,-8,-36,-9,-35,-10,-34,-11,-33,-12,-33,-12,-32,-14,-31,-14,-31,-14,-30,-14,-30,-14,-29,-14,-28,-14,-28,-13,-28,-13,-27,-11,-28,-11,-27,-9,-27,-8,-26,-7,-26,-6,-25,-4,-25,-3,-24,-1,-22,1,-21,3,-19,4,-17,5,-16,6,-14,7,-12,7,-10,8,-7,9,-5,9,-3,10,-1,10,1,10,3,10,5,9,7,8,8,7,10,6,12,5,13,4,15,3,15,0,0,0,0,0,0,0,0,0,0,0,0,0,0,0,0,0,0,0,0,0,0,-3,-28,-2,-30,-1,-31,1,-33,3,-34,5,-36,8,-37,11,-39,14,-40,17,-41,21,-42,24,-43,28,-43,31,-43,35,-44,38,-44,41,-44,44,-44,47,-43,51,-41,54,-40,56,-38,59,-36,62,-34,64,-32,66,-30,67,-28,69,-27,70,-26,70,-24,71,-23,71,-22,70,-21,70,-20,70,-19,70,-19,70,-19,70,-19,70,-19,70,-20,71,-20,71,-20,72,-20,73,-21,73,-21,73,-20,74,-19,74,-18,76,-17,76,-16,76,-15,77,-13,76,-11,76,-9,76,-8,76,-7,75,-5,0,0]"
CSI_DATA,166,1a:00:00:00:00:00,-51,11,1,0,1,1,1,0,0,0,1,-96,0,11,2,2410090,0,44,0,384,0,"[0,0,0,0,0,0,0,0,0,0,0,0,10,1,9,1,9,1,8,1,8,0,8,0,8,0,7,-1,7,-1,7,-1,7,-2,6,-2,7,-2,6,-2,6,-2,6,-2,5,-3,5,-3,5,-2,5,-2,5,-2,5,-2,5,-2,5,-2,5,-2,5,-2,0,0,4,-2,4,-1,4,-1,4,-1,3,-1,3,0,3,0,3,1,2,0,2,1,2,1,1,1,1,2,0,2,0,1,0,1,-1,1,-1,1,-1,1,-2,1,-2,1,-2,1,-3,1,-3,0,-3,0,-4,-1,0,0,0,0,0,0,0,0,0,0,0,0,0,0,33,7,32,5,30,4,27,4,28,4,24,4,24,2,25,1,24,1,20,1,20,-2,18,0,18,-3,21,-2,19,-3,16,-3,18,-3,17,-4,16,-5,15,-5,14,-6,16,-4,16,-9,16,-5,17,-5,17,-6,14,-6,15,-5,15,-4,13,-5,13,-4,12,-2,12,-3,13,-3,10,-3,11,0,10,1,10,1,8,3,8,2,5,1,6,2,5,2,3,5,2,6,-1,4,1,4,-3,2,-3,3,-4,4,-6,4,-5,4,-7,3,-8,0,-8,0,-11,-1,-11,-3,0,0,0,0,0,0,0,0,0,0,0,0,0,0,0,0,0,0,0,0,0,0,13,1,11,2,14,3,14,4,14,7,15,7,17,9,15,11,17,11,16,13,15,16,16,19,17,19,14,21,15,22,15,25,15,26,15,27,13,28,12,28,12,31,9,33,9,35,6,34,5,35,5,35,4,37,4,36,0,37,0,38,1,38,1,36,2,39,-2,36,0,39,0,36,-1,36,-1,35,-1,35,0,38,0,38,2,39,1,38,1,40,0,37,5,40,2,42,2,40,2,42,1,43,-2,39,-2,41,-4,42,-3,41,-6,42,-8,41,-7,41,0,0]"
CSI_DATA,167,1a:00:00:00:00:00,-50,11,1,0,1,1,1,0,0,0,1,-96,0,11,2,2420126,0,44,0,384,0,"[0,0,0,0,0,0,0,0,0,0,0,0,9,-1,9,-1,8,-1,8,-1,8,-1,7,-2,7,-2,7,-2,6,-2,6,-2,6,-2,6,-3,6,-2,5,-3,5,-2,6,-3,5,-3,5,-3,5,-3,5,-3,5,-3,5,-3,5,-3,5,-3,5,-2,4,-3,0,0,4,-2,4,-1,4,-1,4,-1,4,-1,3,0,3,0,2,0,2,0,2,0,2,1,1,1,1,1,0,1,0,1,0,1,-1,1,-1,0,-1,1,-2,0,-2,0,-2,0,-2,-1,-3,-1,-3,-1,-3,-1,0,0,0,0,0,0,0,0,0,0,0,0,0,0,70,-1,59,-5,62,-3,58,-2,56,-4,50,-4,50,-6,46,-7,45,-8,45,-11,43,-5,42,-9,38,-10,40,-11,37,-12,33,-14,37,-15,34,-16,33,-16,27,-17,32,-11,31,-16,32,-17,30,-11,31,-16,30,-11,28,-16,30,-13,30,-10,24,-12,28,-9,26,-9,29,-8,25,-7,24,-6,26,2,22,2,23,-1,20,7,14,1,15,6,9,5,10,7,5,8,3,4,1,3,-2,8,0,8,-4,3,-8,5,-6,7,-9,5,-11,4,-15,2,-12,1,-14,-3,-15,-3,0,0,0,0,0,0,0,0,0,0,0,0,0,0,0,0,0,0,0,0,0,0,20,-13,25,-10,25,-9,27,-6,30,-4,36,-4,34,-2,37,1,37,4,40,6,44,10,46,15,48,17,47,20,51,24,44,30,51,35,47,36,46,36,46,45,50,44,44,52,44,50,43,55,41,56,42,57,37,59,38,65,34,64,33,71,27,62,28,70,26,68,26,66,28,64,26,66,27,60,27,63,32,67,28,68,26,67,30,66,29,72,26,70,28,70,29,72,29,72,29,74,31,75,26,78,23,78,22,80,20,81,16,73,17,77,12,79,13,78,0,0]"
CSI_DATA,168,1a:00:00:00:00:00,-48,11,1,0,1,1,1,0,0,0,1,-96,0,11,2,2440082,0,44,0,384,0,"[0,0,0,0,0,0,0,0,0,0,0,0,-7,8,-6,8,-6,7,-5,7,-5,6,-5,6,-5,6,-5,7,-4,6,-4,6,-4,6,-4,6,-3,6,-3,6,-3,6,-3,6,-3,6,-3,6,-3,6,-3,5,-3,5,-3,5,-3,5,-3,5,-3,5,-4,5,0,0,-4,4,-3,4,-3,4,-4,3,-4,2,-4,3,-4,2,-3,2,-4,1,-4,1,-3,1,-3,0,-2,0,-2,0,-2,-1,-2,-1,-1,-1,-1,-1,-1,-1,0,-1,0,-1,0,-1,1,-1,1,-1,1,-1,2,-1,0,0,0,0,0,0,0,0,0,0,0,0,0,0,-49,51,-46,50,-42,51,-39,48,-39,47,-39,48,-32,42,-36,44,-27,42,-30,44,-27,37,-31,43,-27,41,-20,35,-22,39,-17,36,-18,33,-20,36,-17,36,-19,35,-13,38,-15,34,-17,34,-19,35,-16,33,-22,30,-16,34,-16,31,-15,27,-18,32,-20,31,-20,27,-17,23,-22,23,-21,21,-22,15,-20,12,-20,11,-23,11,-21,8,-16,6,-16,5,-14,4,-14,1,-12,1,-8,-2,-9,-3,-5,-5,-3,-4,-1,-5,0,-6,5,-6,4,-5,8,-5,7,-3,11,1,13,0,0,0,0,0,0,0,0,0,0,0,0,0,0,0,0,0,0,0,0,0,0,0,2,21,4,22,-1,26,-4,26,-7,29,-11,31,-13,32,-16,31,-19,30,-23,34,-26,34,-28,34,-33,35,-35,34,-42,32,-44,23,-49,32,-54,24,-56,25,-60,19,-58,15,-65,16,-63,16,-65,12,-67,8,-72,7,-71,4,-75,2,-71,-3,-76,-7,-72,-9,-75,-11,-69,-16,-65,-4,-68,-10,-72,-14,-71,-12,-72,-15,-75,-11,-74,-16,-75,-18,-78,-19,-76,-17,-78,-17,-78,-18,-86,-19,-79,-24,-77,-26,-84,-28,-80,-33,-79,-32,-85,-30,-82,-36,-73,-37,-74,-44,-71,-41,-69,-44,0,0]"
CSI_DATA,169,1a:00:00:00:00:00,-46,11,1,0,1,1,1,0,0,0,1,-96,0,11,2,2460212,0,44,0,384,0,"[0,0,0,0,0,0,0,0,0,0,0,0,-3,-12,-3,-11,-3,-11,-3,-11,-3,-11,-3,-10,-3,-10,-4,-9,-3,-9,-4,-9,-4,-9,-4,-8,-4,-8,-4,-8,-4,-8,-4,-8,-4,-8,-4,-7,-5,-7,-4,-8,-5,-8,-4,-7,-4,-7,-4,-8,-4,-7,-3,-7,0,0,-3,-7,-3,-7,-2,-7,-2,-7,-2,-6,-1,-6,-1,-6,-1,-6,0,-5,0,-5,0,-4,0,-4,1,-3,0,-3,0,-3,1,-2,1,-2,1,-1,1,-1,0,-1,0,0,0,0,0,0,-1,0,-1,1,-1,1,0,0,0,0,0,0,0,0,0,0,0,0,0,0,-14,-72,-13,-68,-18,-67,-15,-66,-15,-58,-15,-57,-14,-57,-15,-57,-17,-50,-18,-48,-14,-49,-16,-43,-17,-43,-16,-44,-18,-43,-16,-43,-16,-40,-19,-40,-20,-42,-21,-42,-22,-37,-20,-39,-22,-39,-12,-36,-10,-33,-21,-38,-18,-28,-18,-31,-14,-32,-18,-35,-15,-37,-14,-36,-13,-33,-13,-35,-9,-32,-4,-30,-3,-33,-4,-29,-3,-27,1,-24,-1,-24,3,-22,1,-18,5,-15,1,-13,7,-10,3,-9,8,-7,7,-7,4,-4,3,-3,0,0,2,1,2,2,0,4,-5,5,-5,6,0,0,0,0,0,0,0,0,0,0,0,0,0,0,0,0,0,0,0,0,0,0,-15,-14,-15,-15,-14,-17,-12,-20,-16,-25,-13,-23,-7,-29,-10,-30,-5,-34,-5,-34,-2,-41,0,-42,3,-41,8,-44,11,-46,12,-44,12,-50,18,-49,18,-51,25,-50,27,-49,33,-54,32,-50,38,-49,39,-46,41,-52,44,-49,47,-47,46,-43,49,-49,50,-43,53,-44,58,-39,55,-41,55,-38,60,-40,55,-40,54,-44,57,-40,53,-44,59,-42,61,-43,64,-49,59,-44,63,-45,69,-46,67,-45,67,-45,68,-43,72,-38,72,-38,78,-37,79,-40,70,-36,77,-33,81,-28,72,-26,0,0]"
CSI_DATA,170,1a:00:00:00:00:00,-46,11,1,0,1,1,1,0,0,0,1,-96,0,11,2,2471071,0,44,0,384,0,"[0,0,0,0,0,0,0,0,0,0,0,0,-5,-11,-5,-11,-5,-11,-5,-10,-5,-10,-5,-9,-5,-9,-4,-9,-5,-8,-5,-8,-5,-8,-5,-8,-6,-8,-5,-8,-5,-8,-5,-7,-5,-7,-5,-7,-5,-7,-5,-7,-5,-7,-5,-7,-4,-7,-5,-7,-5,-7,-4,-7,0,0,-3,-6,-4,-7,-4,-7,-3,-6,-2,-7,-2,-6,-2,-6,-1,-6,-1,-5,-1,-5,0,-4,0,-4,0,-4,0,-3,0,-3,0,-3,0,-2,0,-2,1,-2,1,-1,0,-1,1,-1,0,0,0,0,0,0,-1,1,0,0,0,0,0,0,0,0,0,0,0,0,0,0,-35,-69,-33,-68,-30,-65,-29,-62,-28,-58,-29,-55,-31,-50,-24,-52,-28,-54,-26,-51,-29,-47,-25,-48,-30,-45,-26,-44,-26,-40,-29,-41,-27,-41,-30,-37,-27,-41,-32,-36,-29,-34,-29,-33,-32,-32,-27,-35,-28,-34,-26,-35,-24,-33,-27,-37,-27,-35,-25,-36,-24,-34,-25,-33,-21,-30,-22,-29,-17,-29,-14,-29,-11,-34,-14,-30,-10,-30,-6,-28,-6,-26,-2,-23,-1,-22,1,-23,2,-18,5,-17,-1,-12,0,-12,3,-10,4,-8,4,-6,7,-3,5,-2,7,0,2,3,4,3,0,6,0,0,0,0,0,0,0,0,0,0,0,0,0,0,0,0,0,0,0,0,0,0,-14,-11,-14,-14,-12,-19,-14,-19,-13,-27,-13,-21,-9,-25,-7,-30,-7,-30,-6,-33,-5,-35,-2,-37,0,-40,0,-41,6,-43,7,-46,11,-48,11,-50,16,-52,20,-52,21,-45,25,-52,32,-51,32,-53,36,-51,36,-52,42,-53,44,-53,42,-52,45,-51,47,-50,50,-48,48,-50,49,-45,52,-47,50,-49,52,-46,50,-48,52,-49,54,-51,53,-50,54,-50,54,-52,55,-57,56,-50,57,-50,60,-50,64,-57,65,-54,67,-54,70,-55,70,-52,72,-48,73,-44,72,-47,73,-44,72,-49,0,0]"
CSI_DATA,171,1a:00:00:00:00:00,-46,11,1,0,1,1,1,0,0,0,1,-96,0,11,2,2480080,0,44,0,384,0,"[0,0,0,0,0,0,0,0,0,0,0,0,-11,6,-11,5,-10,5,-10,5,-9,5,-10,5,-9,5,-8,5,-8,5,-8,5,-8,5,-8,6,-7,5,-7,5,-7,5,-7,6,-6,6,-6,6,-6,6,-6,5,-6,5,-6,5,-6,5,-6,5,-6,5,-6,5,0,0,-6,5,-6,4,-6,4,-6,4,-6,3,-6,3,-5,2,-5,2,-5,1,-5,1,-5,1,-4,0,-4,0,-4,0,-4,0,-3,-1,-3,-1,-2,-1,-2,-1,-2,-2,-1,-2,-1,-1,-1,-1,0,-1,0,-1,0,-1,0,0,0,0,0,0,0,0,0,0,0,0,0,0,-61,41,-70,37,-62,38,-61,30,-64,35,-55,34,-52,34,-53,31,-48,32,-45,29,-44,31,-43,28,-45,30,-38,31,-38,26,-35,33,-39,35,-35,33,-35,31,-31,35,-30,35,-35,33,-30,32,-28,33,-31,29,-30,30,-30,32,-29,27,-32,28,-29,26,-30,27,-33,23,-27,24,-30,22,-27,23,-29,16,-30,15,-34,14,-27,10,-25,5,-26,5,-23,3,-22,1,-19,3,-18,2,-18,1,-13,0,-14,-5,-9,-4,-8,-4,-8,-5,-5,-4,-3,-6,3,-5,1,-6,4,-3,5,-7,0,0,0,0,0,0,0,0,0,0,0,0,0,0,0,0,0,0,0,0,0,0,-8,11,-10,14,-15,16,-17,11,-17,15,-20,13,-22,14,-26,10,-27,9,-31,11,-31,7,-37,5,-39,7,-42,5,-41,1,-44,-1,-48,-8,-48,-11,-48,-8,-51,-16,-52,-21,-52,-22,-56,-23,-55,-25,-54,-29,-55,-29,-52,-31,-53,-34,-57,-36,-54,-40,-55,-42,-49,-39,-49,-45,-50,-44,-49,-48,-53,-50,-51,-46,-51,-41,-52,-43,-55,-45,-54,-48,-57,-48,-54,-48,-61,-50,-54,-50,-59,-52,-57,-52,-61,-56,-61,-56,-63,-63,-61,-60,-62,-62,-54,-66,-58,-64,-56,-66,-53,-68,-52,-72,0,0]"
CSI_DATA,172,1a:00:00:00:00:00,-45,11,1,0,1,1,1,0,0,0,1,-96,0,11,2,2490167,0,44,0,384,0,"[0,0,0,0,0,0,0,0,0,0,0,0,-1,-13,-1,-12,-2,-12,-2,-11,-2,-11,-2,-11,-2,-10,-2,-10,-2,-10,-3,-10,-2,-9,-2,-9,-3,-9,-3,-8,-3,-8,-3,-9,-3,-8,-3,-8,-3,-8,-3,-8,-3,-8,-4,-8,-3,-8,-3,-8,-3,-8,-2,-7,0,0,-2,-7,-2,-7,-2,-7,-2,-7,-1,-7,-1,-6,-1,-6,0,-6,0,-6,1,-5,1,-5,1,-4,1,-4,1,-4,1,-3,1,-3,1,-2,1,-2,1,-1,1,-1,1,-1,1,-1,1,0,0,0,0,0,0,1,0,0,0,0,0,0,0,0,0,0,0,0,0,0,-15,-79,-13,-71,-17,-71,-17,-68,-14,-67,-13,-68,-16,-61,-13,-62,-13,-57,-15,-58,-15,-55,-16,-54,-19,-54,-17,-50,-21,-49,-18,-50,-24,-44,-19,-42,-19,-42,-22,-44,-23,-44,-23,-47,-22,-43,-26,-42,-21,-43,-19,-42,-19,-40,-21,-37,-19,-38,-17,-39,-17,-39,-16,-41,-13,-37,-17,-36,-10,-37,-11,-33,-9,-37,-8,-32,-2,-31,-3,-29,0,-25,0,-25,2,-22,2,-20,6,-16,7,-17,5,-14,5,-12,8,-10,8,-10,4,-4,3,-3,6,-3,8,0,6,2,4,5,1,9,0,0,0,0,0,0,0,0,0,0,0,0,0,0,0,0,0,0,0,0,0,0,-12,-13,-10,-15,-8,-17,-11,-21,-10,-23,-9,-26,-5,-25,-4,-29,-4,-31,0,-32,4,-35,5,-38,3,-36,8,-38,14,-39,16,-44,17,-44,23,-40,24,-46,28,-43,31,-44,33,-47,37,-43,40,-45,41,-44,47,-44,48,-45,52,-41,55,-37,55,-38,52,-36,56,-34,55,-38,53,-35,55,-36,57,-36,58,-37,62,-35,60,-33,63,-36,58,-37,63,-37,69,-38,66,-43,66,-40,73,-40,68,-39,72,-43,79,-42,77,-44,76,-37,77,-36,81,-35,81,-32,84,-30,83,-27,83,-30,0,0]"
CSI_DATA,173,1a:00:00:00:00:00,-46,11,1,0,1,1,1,0,0,0,1,-96,0,11,2,2500382,0,44,0,384,0,"[0,0,0,0,0,0,0,0,0,0,0,0,5,-11,5,-11,4,-10,4,-10,4,-9,4,-9,4,-9,4,-9,3,-9,3,-9,3,-9,3,-9,2,-8,2,-8,2,-8,2,-8,2,-8,2,-8,1,-8,1,-8,1,-8,1,-8,2,-8,1,-8,2,-7,2,-7,0,0,2,-7,2,-7,2,-6,3,-6,2,-6,3,-6,3,-5,3,-4,3,-4,3,-4,3,-3,3,-3,3,-2,2,-2,2,-2,2,-1,1,-1,1,-1,1,0,1,0,1,0,1,0,0,0,0,0,-1,1,-1,1,0,0,0,0,0,0,0,0,0,0,0,0,0,0,42,-62,40,-63,43,-63,44,-58,40,-55,36,-49,35,-55,35,-51,32,-52,27,-49,28,-49,29,-44,26,-50,26,-46,22,-45,23,-45,19,-46,14,-46,20,-46,18,-46,14,-49,13,-46,14,-45,18,-43,15,-41,17,-42,13,-43,14,-43,12,-40,15,-40,13,-41,15,-39,19,-34,20,-30,20,-34,19,-30,19,-30,20,-24,21,-23,21,-21,15,-19,19,-18,18,-12,18,-11,15,-8,20,-4,15,-4,16,-3,10,-1,12,2,4,1,6,3,9,4,2,8,1,6,0,5,-3,6,0,0,0,0,0,0,0,0,0,0,0,0,0,0,0,0,0,0,0,0,0,0,0,-21,1,-20,6,-21,5,-24,10,-23,12,-20,15,-23,16,-27,21,-20,25,-22,25,-24,30,-21,30,-24,37,-23,38,-19,41,-15,41,-16,48,-17,48,-14,54,-7,54,-3,57,-1,57,-3,58,-5,60,-2,63,8,64,5,63,8,64,11,63,12,62,12,65,18,65,23,62,19,63,20,66,26,66,22,64,17,69,16,70,18,72,22,74,21,74,22,74,22,74,25,78,20,77,27,80,30,79,31,78,29,80,33,83,31,80,43,77,38,79,40,75,42,74,46,0,0]"
CSI_DATA,174,1a:00:00:00:00:00,-47,11,1,0,1,1,1,0,0,0,1,-96,0,11,2,2522141,0,44,0,384,0,"[0,0,0,0,0,0,0,0,0,0,0,0,11,1,10,1,10,2,10,1,10,1,9,1,8,0,9,0,9,0,9,0,8,-1,8,-1,8,-1,7,-1,7,-1,8,-2,7,-2,7,-2,7,-2,7,-1,7,-1,7,-1,7,-2,6,-2,7,-1,7,-1,0,0,6,-1,6,-1,6,-1,6,-1,6,0,5,0,5,1,5,1,4,1,4,1,4,1,2,1,2,1,2,1,2,1,1,1,1,1,1,1,0,1,0,1,-1,1,-1,1,-1,1,-2,0,-2,0,-2,-1,0,0,0,0,0,0,0,0,0,0,0,0,0,0,74,7,72,11,71,8,68,8,64,6,60,8,60,7,58,5,58,0,58,0,52,-1,49,0,53,-1,51,-4,46,-3,45,-4,45,-5,43,-9,46,-8,42,-9,45,-10,41,-5,42,-11,40,-12,43,-9,45,-9,39,-9,40,-11,44,-5,38,-10,37,-8,40,-6,40,-3,37,-5,37,-4,36,1,32,2,29,0,30,3,30,3,25,4,21,8,23,5,15,8,15,8,13,9,10,10,8,8,4,8,6,7,-2,6,-2,6,2,9,-6,8,-5,5,-5,0,-11,2,0,0,0,0,0,0,0,0,0,0,0,0,0,0,0,0,0,0,0,0,0,0,19,-6,21,-4,26,-3,27,2,29,4,29,7,31,8,30,8,31,14,36,17,29,18,32,22,34,29,35,28,32,36,33,34,34,39,33,44,30,45,30,47,27,50,34,56,26,56,24,59,20,63,21,63,18,64,15,68,17,68,14,68,12,69,9,70,9,71,8,68,8,71,6,72,9,70,6,72,13,73,8,75,10,76,9,72,11,79,14,82,9,77,10,74,6,77,10,81,5,86,10,85,4,83,2,84,0,86,-2,85,0,90,-3,89,-1,83,0,0]"
CSI_DATA,175,1a:00:00:00:00:00,-46,11,1,0,1,1,1,0,0,0,1,-96,0,11,2,2531153,0,44,0,384,0,"[0,0,0,0,0,0,0,0,0,0,0,0,3,-11,3,-11,2,-10,2,-10,2,-10,2,-10,2,-9,1,-9,1,-9,1,-9,1,-9,1,-8,0,-9,0,-8,0,-8,1,-8,1,-8,0,-8,0,-8,0,-8,0,-8,0,-8,0,-7,0,-8,0,-8,1,-7,0,0,1,-7,1,-7,1,-7,1,-6,2,-6,2,-6,2,-5,2,-5,3,-4,2,-4,3,-3,2,-3,2,-3,2,-2,2,-2,2,-1,2,-1,2,-1,1,0,1,0,0,0,0,0,0,0,0,1,-1,1,-1,0,0,0,0,0,0,0,0,0,0,0,0,0,0,0,32,-70,29,-65,29,-70,26,-60,31,-56,24,-61,25,-54,25,-55,19,-51,23,-49,16,-51,14,-48,16,-47,14,-43,14,-46,11,-48,10,-44,7,-43,10,-42,8,-41,10,-45,11,-41,7,-43,10,-42,8,-39,10,-42,9,-38,9,-38,8,-39,7,-38,9,-39,11,-39,13,-35,12,-32,14,-33,17,-27,18,-31,16,-28,15,-21,20,-17,17,-17,16,-18,14,-13,16,-14,13,-9,16,-7,14,-3,10,0,11,-1,10,1,9,2,7,5,3,4,2,5,1,8,-3,5,-6,7,0,0,0,0,0,0,0,0,0,0,0,0,0,0,0,0,0,0,0,0,0,0,-6,-23,-7,-22,-5,-25,-1,-27,2,-29,3,-28,9,-30,8,-33,12,-31,15,-31,16,-32,19,-37,26,-40,30,-35,30,-37,38,-31,41,-35,44,-33,47,-33,50,-26,55,-26,57,-28,54,-22,56,-19,64,-16,67,-17,66,-14,71,-13,68,-11,72,-12,61,-9,69,-5,73,-1,72,-1,70,0,68,-2,65,2,72,-2,74,-3,73,1,73,0,75,1,75,1,77,-2,77,4,78,0,77,3,79,5,83,7,83,9,81,11,87,15,88,20,75,18,77,19,81,24,77,26,0,0]"
CSI_DATA,176,1a:00:00:00:00:00,-46,11,1,0,1,1,1,0,0,0,1,-96,0,11,2,2540102,0,44,0,384,0,"[0,0,0,0,0,0,0,0,0,0,0,0,6,9,6,8,6,8,6,8,6,8,5,7,6,7,5,6,5,6,6,6,5,6,5,5,6,6,5,5,5,5,5,5,5,5,5,5,6,4,6,4,5,4,5,4,5,4,6,4,5,4,5,4,0,0,4,4,4,5,4,5,4,4,3,5,3,5,3,4,2,4,1,4,1,4,0,3,0,3,0,3,0,2,-1,2,-1,2,-1,1,-1,1,-1,1,-2,1,-2,0,-1,0,-1,-1,-2,-1,-1,-1,-1,-2,0,0,0,0,0,0,0,0,0,0,0,0,0,0,43,59,36,62,43,54,35,54,35,52,32,51,33,49,32,42,33,44,36,41,36,40,31,37,34,34,30,35,33,35,34,31,34,31,31,30,32,27,37,27,32,26,34,25,34,24,34,23,32,22,33,22,35,23,31,24,29,25,28,27,25,25,26,21,26,22,24,26,21,29,19,27,19,24,15,23,16,25,13,24,10,20,5,21,7,19,3,18,1,14,-1,13,-2,13,-1,14,-3,10,-8,6,-4,5,-7,3,-7,3,-6,1,-7,-1,-5,-4,-7,-5,0,0,0,0,0,0,0,0,0,0,0,0,0,0,0,0,0,0,0,0,0,0,18,12,14,13,16,18,11,19,14,23,12,25,9,24,12,28,13,32,10,36,4,40,6,41,1,43,-1,44,-1,45,-7,49,-8,52,-11,50,-11,53,-17,53,-16,55,-21,59,-23,59,-30,57,-34,56,-33,58,-38,55,-37,58,-41,57,-41,53,-45,55,-45,56,-45,54,-47,53,-44,54,-45,56,-47,53,-47,52,-48,51,-51,57,-49,56,-47,55,-49,57,-49,63,-52,58,-48,60,-55,58,-53,61,-53,61,-59,59,-64,57,-62,62,-65,58,-63,52,-69,56,-67,53,-64,53,0,0]"
CSI_DATA,177,1a:00:00:00:00:00,-45,11,1,0,1,1,1,0,0,0,1,-96,0,11,2,2570265,0,44,0,384,0,"[0,0,0,0,0,0,0,0,0,0,0,0,-12,3,-11,3,-10,3,-10,2,-10,2,-9,3,-9,3,-9,3,-9,3,-8,3,-8,3,-8,3,-8,3,-7,3,-7,3,-7,4,-7,4,-7,4,-7,4,-7,4,-7,3,-6,3,-7,3,-6,3,-6,3,-7,3,0,0,-7,3,-6,2,-6,2,-6,2,-6,1,-6,1,-6,1,-5,0,-5,0,-5,0,-4,-1,-4,-1,-3,-1,-3,-1,-3,-1,-2,-1,-2,-1,-2,-1,-2,-1,-1,-1,-1,-1,0,-1,0,-1,0,-1,0,-1,0,0,0,0,0,0,0,0,0,0,0,0,0,0,0,0,-73,24,-74,19,-69,20,-69,22,-60,23,-63,21,-56,18,-58,18,-53,17,-52,22,-47,18,-49,21,-48,20,-43,20,-36,21,-43,23,-43,21,-39,23,-42,21,-35,22,-39,24,-34,27,-38,26,-36,23,-37,24,-36,18,-36,21,-37,21,-34,20,-34,23,-33,20,-36,21,-32,15,-33,14,-31,14,-34,10,-31,11,-29,5,-27,5,-25,5,-23,3,-23,-1,-17,1,-14,-6,-16,0,-13,-4,-13,-3,-10,-4,-7,-5,-8,-5,-5,-5,-2,-6,-1,-7,1,-5,2,-1,6,-2,6,0,0,0,0,0,0,0,0,0,0,0,0,0,0,0,0,0,0,0,0,0,0,0,-10,15,-15,14,-17,13,-22,12,-22,10,-29,10,-26,10,-30,7,-31,8,-33,2,-41,5,-39,-1,-43,0,-43,-4,-46,-7,-44,-12,-53,-14,-48,-15,-50,-21,-54,-23,-48,-28,-55,-32,-50,-32,-53,-35,-56,-43,-52,-40,-52,-48,-56,-48,-53,-48,-46,-53,-46,-50,-44,-57,-46,-54,-49,-56,-43,-59,-46,-58,-43,-57,-44,-55,-44,-60,-47,-61,-51,-64,-45,-60,-50,-62,-49,-65,-51,-67,-43,-64,-48,-66,-46,-69,-48,-73,-47,-73,-44,-74,-47,-80,-41,-79,-39,-72,-36,-77,-36,-83,-34,-81,0,0]"
CSI_DATA,178,1a:00:00:00:00:00,-45,11,1,0,1,1,1,0,0,0,1,-96,0,11,2,2580088,0,44,0,384,0,"[0,0,0,0,0,0,0,0,0,0,0,0,6,9,5,8,6,9,5,8,6,7,5,7,5,7,5,6,5,6,5,6,5,6,5,6,5,6,5,6,5,5,5,5,5,5,5,5,5,5,6,5,5,5,5,5,5,4,5,5,4,5,4,4,0,0,4,4,4,5,4,5,3,5,3,5,2,4,2,4,1,4,1,4,1,3,0,3,0,3,0,3,-1,3,-1,2,-1,2,-1,1,-1,1,-1,1,-1,0,-1,0,-1,0,-1,0,-1,-1,-1,-1,-1,-1,0,0,0,0,0,0,0,0,0,0,0,0,0,0,43,63,38,62,36,61,37,50,33,55,32,53,35,48,32,49,32,47,32,43,30,42,31,43,31,39,26,40,31,38,30,37,31,34,29,35,33,29,32,32,31,32,28,30,29,29,34,29,29,29,32,30,28,27,29,26,26,28,29,28,24,29,24,29,23,27,20,27,19,28,18,29,14,29,12,31,11,30,11,23,7,24,3,23,2,20,1,18,-2,17,0,15,0,14,-3,10,-3,9,-5,6,-7,5,-4,2,-3,2,-8,0,-2,-1,-3,-4,-1,-5,0,0,0,0,0,0,0,0,0,0,0,0,0,0,0,0,0,0,0,0,0,0,15,1,17,6,16,8,20,10,20,11,19,15,19,17,19,20,19,24,16,27,17,30,14,32,16,35,13,39,11,40,9,43,7,50,5,52,0,50,3,52,-1,53,-8,58,-9,58,-14,62,-20,63,-22,63,-24,60,-22,61,-25,61,-28,64,-32,60,-35,63,-33,59,-38,58,-38,58,-40,60,-35,60,-40,61,-41,59,-42,63,-42,62,-42,62,-43,62,-47,69,-47,63,-47,60,-47,62,-50,66,-53,70,-56,65,-59,65,-60,62,-63,61,-65,57,-63,61,-66,54,-65,52,0,0]"
CSI_DATA,179,1a:00:00:00:00:00,-45,11,1,0,1,1,1,0,0,0,1,-96,0,11,2,2590432,0,44,0,384,0,"[0,0,0,0,0,0,0,0,0,0,0,0,11,2,10,2,10,2,10,2,9,2,9,1,9,1,9,1,9,1,8,1,8,0,8,0,8,0,8,0,7,0,8,-1,7,-1,7,-1,7,0,7,0,7,0,7,-1,7,-1,7,0,7,0,7,0,0,0,7,0,6,1,6,1,6,0,5,1,5,1,4,1,4,2,4,1,4,2,3,2,2,2,2,2,1,1,1,1,1,1,1,1,0,1,0,1,0,1,0,1,-1,0,-1,0,-1,0,-1,0,-1,-1,0,0,0,0,0,0,0,0,0,0,0,0,0,0,74,26,71,23,63,26,61,25,59,25,58,26,61,18,52,21,51,20,49,19,52,15,51,15,47,12,48,13,48,13,42,7,46,9,44,10,42,9,44,5,43,5,46,4,47,4,45,6,44,3,42,3,46,5,45,8,42,5,40,6,41,7,36,6,40,9,33,8,36,12,29,11,33,12,27,13,25,15,22,15,20,15,20,12,16,16,13,15,10,11,9,10,8,10,5,8,3,7,2,9,-2,12,0,6,-3,6,-1,1,-3,0,1,-4,-5,-4,0,0,0,0,0,0,0,0,0,0,0,0,0,0,0,0,0,0,0,0,0,0,15,-8,16,-8,20,-5,22,-3,23,0,25,0,27,5,25,2,29,8,28,13,29,14,30,16,33,20,33,26,31,28,34,34,33,36,32,39,29,45,28,47,29,49,26,52,27,57,22,60,16,63,20,61,16,65,10,65,10,66,10,67,9,68,4,72,3,72,6,68,0,70,-1,72,1,73,0,69,-1,71,1,73,0,77,-2,79,-3,77,1,81,-3,79,-7,82,-3,82,-6,83,-9,86,-11,86,-9,87,-10,86,-14,89,-14,88,-22,85,-26,86,-23,84,0,0]"
CSI_DATA,180,1a:00:00:00:00:00,-46,11,1,0,1,1,1,0,0,0,1,-96,0,11,2,2600082,0,44,0,384,0,"[0,0,0,0,0,0,0,0,0,0,0,0,-7,-10,-6,-9,-7,-9,-6,-9,-7,-9,-6,-8,-6,-8,-6,-7,-6,-7,-6,-8,-6,-7,-6,-7,-6,-7,-6,-7,-6,-6,-6,-6,-6,-6,-6,-6,-7,-6,-6,-6,-6,-5,-6,-6,-6,-5,-6,-6,-6,-6,-5,-5,0,0,-5,-6,-5,-6,-5,-6,-4,-5,-4,-5,-3,-6,-3,-6,-2,-5,-2,-5,-2,-4,-1,-4,-1,-4,-1,-4,-1,-4,-1,-3,0,-3,0,-2,0,-2,0,-2,0,-1,0,-1,0,-1,0,0,0,0,0,0,0,0,0,0,0,0,0,0,0,0,0,0,0,0,0,0,-39,-65,-38,-61,-37,-60,-37,-55,-35,-58,-32,-54,-34,-51,-32,-49,-28,-48,-29,-47,-31,-46,-35,-44,-31,-42,-29,-39,-29,-40,-31,-36,-33,-36,-33,-32,-30,-35,-30,-34,-32,-36,-30,-30,-33,-31,-37,-27,-27,-25,-30,-29,-30,-30,-30,-29,-31,-33,-27,-32,-27,-27,-27,-32,-24,-30,-16,-31,-19,-31,-17,-31,-15,-27,-15,-29,-14,-28,-13,-28,-6,-26,-3,-21,-1,-20,-3,-19,0,-16,-1,-13,2,-13,2,-13,3,-9,3,-9,2,-7,2,-6,3,-3,4,0,0,2,5,5,4,5,0,0,0,0,0,0,0,0,0,0,0,0,0,0,0,0,0,0,0,0,0,0,-19,-1,-20,-5,-21,-6,-21,-8,-24,-14,-22,-14,-23,-17,-24,-19,-22,-24,-22,-25,-23,-32,-19,-35,-18,-39,-16,-39,-15,-41,-12,-45,-10,-54,-8,-48,-4,-57,-6,-58,2,-59,3,-60,9,-64,10,-64,18,-63,18,-64,23,-63,24,-66,27,-68,29,-66,33,-61,35,-64,32,-61,36,-63,34,-62,41,-60,37,-62,41,-64,43,-64,43,-64,40,-65,43,-63,45,-66,45,-69,49,-64,47,-63,51,-67,50,-68,54,-67,54,-62,58,-64,62,-65,69,-62,66,-59,69,-61,71,-60,65,-51,0,0]"
CSI_DATA,181,1a:00:00:00:00:00,-46,11,1,0,1,1,1,0,0,0,1,-96,0,11,2,2611510,0,44,0,384,0,"[0,0,0,0,0,0,0,0,0,0,0,0,10,5,9,4,9,5,9,4,9,4,8,3,8,3,8,3,8,2,8,2,8,2,7,2,8,2,7,2,7,1,7,1,7,1,7,1,7,1,7,1,7,1,7,1,7,1,7,1,7,1,6,1,0,0,6,1,6,2,5,2,5,2,5,2,5,2,4,2,3,2,3,2,3,2,3,2,2,2,1,2,1,2,1,1,1,1,0,1,0,1,0,1,0,1,-1,0,-1,0,-1,0,-1,0,-1,-1,-1,-1,0,0,0,0,0,0,0,0,0,0,0,0,0,0,63,36,62,43,59,36,55,35,52,35,54,32,53,28,51,26,46,27,47,27,46,23,46,22,44,20,42,18,44,20,42,14,43,17,40,12,40,12,39,16,40,13,40,10,41,12,40,11,40,9,39,12,42,12,39,12,37,14,35,10,37,11,34,14,35,12,35,15,30,14,26,17,25,15,24,15,20,16,18,16,15,17,15,16,12,17,7,15,6,12,6,10,6,13,1,10,1,6,1,7,-1,5,0,1,-5,3,-6,1,-8,-2,-4,-5,-4,-5,0,0,0,0,0,0,0,0,0,0,0,0,0,0,0,0,0,0,0,0,0,0,18,-9,20,-6,21,-4,27,-3,26,1,28,6,31,6,29,10,31,13,32,16,33,21,31,23,33,27,31,27,32,32,32,35,32,42,30,44,28,49,26,52,21,57,23,56,16,62,18,62,12,64,10,65,5,67,5,66,1,71,0,71,-2,67,-6,72,-8,70,-8,69,-10,70,-9,71,-10,69,-8,71,-14,70,-10,71,-7,71,-10,74,-16,77,-12,78,-17,76,-20,79,-18,77,-20,83,-18,80,-25,83,-26,80,-26,82,-25,79,-30,77,-29,81,-37,80,-35,75,0,0]"
CSI_DATA,182,1a:00:00:00:00:00,-46,11,1,0,1,1,1,0,0,0,1,-96,0,11,2,2621114,0,44,0,384,0,"[0,0,0,0,0,0,0,0,0,0,0,0,-11,5,-10,5,-10,4,-9,4,-9,4,-9,4,-8,4,-8,4,-8,5,-7,4,-8,5,-7,5,-7,4,-6,4,-6,4,-7,5,-7,5,-6,4,-6,4,-6,4,-6,4,-6,4,-6,4,-6,4,-6,4,-6,4,0,0,-6,3,-6,3,-6,3,-6,2,-5,2,-5,1,-5,1,-5,1,-5,0,-5,0,-4,0,-4,0,-3,0,-3,0,-3,-1,-2,-1,-2,-1,-2,-1,-2,-1,-1,-1,-1,-1,-1,-1,0,-1,0,-1,0,-1,0,-1,0,0,0,0,0,0,0,0,0,0,0,0,0,0,-70,27,-65,19,-73,20,-61,20,-57,21,-58,19,-54,18,-55,19,-52,16,-51,18,-45,20,-47,20,-43,20,-43,19,-43,20,-41,25,-42,23,-38,19,-38,19,-37,21,-37,25,-36,24,-34,25,-37,23,-35,21,-33,24,-34,22,-35,23,-38,20,-32,21,-32,17,-33,16,-33,16,-34,11,-32,14,-28,12,-30,6,-28,10,-28,7,-25,5,-25,4,-21,0,-19,-1,-17,-1,-16,-2,-16,-2,-15,-3,-9,-6,-10,-2,-4,-2,-6,-7,-5,-3,1,-3,3,-4,2,-1,3,0,4,0,0,0,0,0,0,0,0,0,0,0,0,0,0,0,0,0,0,0,0,0,0,0,-6,21,-9,20,-13,23,-19,20,-20,22,-22,20,-23,20,-29,18,-32,16,-36,17,-37,16,-41,11,-43,12,-46,7,-50,8,-52,2,-57,0,-54,-6,-59,-8,-59,-12,-59,-15,-60,-20,-59,-24,-61,-29,-61,-32,-59,-32,-59,-40,-60,-39,-55,-41,-58,-44,-57,-45,-56,-44,-52,-48,-52,-47,-50,-48,-54,-52,-54,-51,-48,-57,-49,-52,-51,-56,-54,-55,-52,-52,-53,-60,-51,-58,-54,-61,-59,-58,-52,-61,-52,-61,-51,-65,-51,-72,-50,-69,-44,-70,-47,-73,-41,-71,-43,-75,-43,-78,-38,-78,0,0]"
CSI_DATA,183,1a:00:00:00:00:00,-45,11,1,0,1,1,1,0,0,0,1,-96,0,11,2,2630085,0,44,0,384,0,"[0,0,0,0,0,0,0,0,0,0,0,0,10,-6,9,-5,9,-5,9,-5,8,-5,8,-5,8,-5,8,-5,7,-5,7,-5,7,-5,7,-5,6,-5,6,-5,5,-5,6,-6,5,-6,5,-6,5,-5,5,-6,5,-5,5,-5,5,-5,5,-5,5,-5,5,-5,0,0,5,-5,5,-4,4,-4,5,-4,4,-3,4,-3,4,-2,4,-2,4,-2,4,-2,3,-1,3,-1,3,-1,2,-1,2,-1,2,0,1,0,1,0,1,0,0,0,0,0,0,0,-1,0,-1,0,-1,0,-1,-1,0,0,0,0,0,0,0,0,0,0,0,0,0,0,60,-45,55,-44,56,-41,50,-38,51,-39,43,-36,48,-37,45,-33,41,-33,39,-29,38,-32,37,-35,33,-34,35,-32,31,-32,33,-35,29,-35,27,-33,27,-31,28,-35,24,-34,27,-34,25,-31,24,-30,24,-31,27,-30,26,-31,26,-34,23,-29,23,-28,26,-28,27,-25,26,-23,22,-20,24,-25,25,-18,24,-19,27,-16,26,-14,23,-11,23,-14,20,-6,18,-6,16,-6,13,-4,14,0,10,-1,12,-1,11,-1,7,1,4,2,4,-2,0,-2,2,3,-1,3,-7,1,-2,0,0,0,0,0,0,0,0,0,0,0,0,0,0,0,0,0,0,0,0,0,0,0,-1,-23,4,-22,3,-26,10,-25,14,-30,18,-25,18,-28,22,-29,28,-27,27,-24,33,-24,34,-26,35,-24,40,-23,43,-21,52,-17,49,-16,54,-13,57,-10,58,-9,59,-4,59,-1,64,1,64,7,67,11,67,12,65,16,63,18,70,24,65,24,68,23,64,25,65,30,60,29,62,31,63,31,66,31,63,33,61,32,62,32,65,34,65,37,66,36,68,38,65,40,68,36,67,41,69,43,71,46,70,46,66,50,64,53,62,53,63,58,62,58,59,60,53,61,0,0]"
CSI_DATA,184,1a:00:00:00:00:00,-45,11,1,0,1,1,1,0,0,0,1,-96,0,11,2,2670268,0,44,0,384,0,"[0,0,0,0,0,0,0,0,0,0,0,0,11,2,10,2,10,2,10,2,9,1,9,1,9,1,9,1,8,0,8,0,8,0,8,0,8,0,8,0,7,0,8,-1,7,-1,7,0,7,-1,7,-1,7,-1,7,-1,7,-1,7,0,7,0,7,0,0,0,6,0,6,0,6,1,6,1,6,1,5,1,4,1,4,2,4,2,3,2,3,2,2,2,2,2,2,2,2,2,1,1,1,1,1,1,0,1,0,1,0,1,0,1,-1,0,-1,0,-1,0,-1,0,0,0,0,0,0,0,0,0,0,0,0,0,0,0,71,17,66,15,63,12,62,14,58,16,58,13,56,10,55,11,53,7,51,8,54,6,49,6,48,5,48,6,44,2,48,1,48,3,46,2,45,0,44,-1,47,-1,43,-3,43,-1,44,1,47,1,44,-3,40,3,40,0,43,2,37,-1,39,0,37,1,36,6,36,3,35,7,33,12,31,10,29,12,29,15,23,13,19,11,23,12,16,12,14,11,14,12,9,11,8,11,9,12,2,6,1,8,2,6,1,4,-2,0,-5,0,-3,4,-3,1,-3,0,0,0,0,0,0,0,0,0,0,0,0,0,0,0,0,0,0,0,0,0,0,0,15,-5,15,-5,18,-5,22,-6,20,-1,22,2,27,2,25,3,27,6,31,10,31,11,31,12,36,16,38,17,34,22,36,26,38,29,36,33,38,35,36,39,34,42,32,43,33,49,30,51,31,50,29,53,26,57,25,60,23,62,26,61,19,62,17,67,17,70,13,64,15,70,12,64,11,66,16,68,14,68,17,68,13,72,11,69,12,74,12,75,11,74,7,78,7,76,8,79,6,83,4,82,2,83,5,81,-1,80,3,85,-5,83,-9,82,-13,81,0,0]"
CSI_DATA,185,1a:00:00:00:00:00,-45,11,1,0,1,1,1,0,0,0,1,-96,0,11,2,2681743,0,44,0,384,0,"[0,0,0,0,0,0,0,0,0,0,0,0,2,-12,2,-12,2,-12,1,-11,1,-11,1,-10,1,-10,1,-10,1,-10,0,-9,0,-9,0,-9,-1,-9,-1,-9,-1,-9,-1,-9,-1,-9,-1,-8,-1,-9,-1,-8,-1,-8,-1,-8,-1,-8,-1,-8,-1,-8,-1,-8,0,0,0,-8,0,-8,0,-8,0,-7,1,-7,1,-7,1,-6,1,-6,2,-6,1,-5,1,-4,1,-4,1,-4,1,-3,2,-3,1,-3,1,-2,1,-2,1,-1,1,-1,1,-1,1,-1,0,0,0,0,0,0,0,0,0,0,0,0,0,0,0,0,0,0,0,0,0,0,18,-75,21,-74,15,-67,16,-64,18,-68,16,-60,15,-61,14,-56,13,-57,7,-53,9,-54,8,-53,7,-53,3,-50,6,-50,1,-50,4,-46,3,-50,1,-45,1,-47,-1,-46,0,-48,-2,-44,0,-41,-1,-44,-1,-45,0,-44,-1,-42,0,-43,1,-43,0,-43,3,-45,3,-42,0,-38,2,-39,7,-36,6,-32,7,-33,11,-30,11,-28,9,-28,10,-21,11,-20,8,-18,11,-17,10,-18,10,-12,9,-8,9,-11,10,-5,11,-5,8,-2,5,-1,4,-1,0,1,3,1,-2,3,0,0,0,0,0,0,0,0,0,0,0,0,0,0,0,0,0,0,0,0,0,0,-5,-18,-4,-19,0,-22,-1,-25,1,-22,4,-24,4,-28,6,-28,11,-26,11,-32,16,-30,19,-32,20,-32,25,-36,25,-32,31,-31,32,-33,38,-31,38,-32,43,-28,46,-31,51,-29,51,-28,56,-27,57,-21,58,-21,62,-21,66,-20,65,-17,62,-12,68,-13,66,-13,68,-10,68,-10,66,-8,71,-9,71,-9,70,-7,70,-6,73,-8,76,-6,76,-9,75,-7,79,-6,78,-5,78,-11,84,-8,84,-4,85,-4,87,-4,84,3,87,3,84,3,86,8,85,12,84,14,85,12,0,0]"
CSI_DATA,186,1a:00:00:00:00:00,-45,11,1,0,1,1,1,0,0,0,1,-96,0,11,2,2710493,0,44,0,384,0,"[0,0,0,0,0,0,0,0,0,0,0,0,-12,6,-10,5,-11,5,-10,5,-10,5,-9,5,-9,6,-9,6,-8,6,-8,6,-8,6,-8,6,-7,5,-7,5,-7,5,-7,6,-7,6,-7,6,-6,6,-7,6,-6,5,-6,5,-7,5,-7,5,-7,5,-7,5,0,0,-7,5,-7,4,-6,4,-7,4,-6,3,-6,3,-6,2,-6,1,-6,1,-6,1,-5,0,-5,0,-4,0,-4,-1,-4,-1,-3,-1,-3,-1,-3,-1,-2,-1,-2,-1,-1,-2,-1,-1,-1,-1,-1,-1,0,-1,0,-1,0,0,0,0,0,0,0,0,0,0,0,0,0,0,-69,39,-67,37,-60,35,-61,35,-59,36,-55,31,-53,32,-52,30,-50,34,-47,28,-45,29,-48,31,-39,31,-40,34,-39,32,-38,31,-37,35,-32,33,-35,34,-35,38,-32,36,-32,34,-32,33,-32,32,-32,33,-32,33,-35,34,-31,34,-36,31,-32,32,-36,33,-32,27,-31,27,-33,24,-32,24,-29,21,-31,18,-30,17,-30,13,-29,11,-27,10,-24,4,-23,2,-20,5,-18,-1,-19,-1,-16,-3,-18,0,-15,-7,-8,-3,-9,-4,-9,-7,-2,-6,0,-5,-1,-7,-1,-7,1,-5,0,0,0,0,0,0,0,0,0,0,0,0,0,0,0,0,0,0,0,0,0,0,-6,9,-6,9,-8,11,-12,10,-17,10,-17,11,-21,10,-23,10,-22,7,-28,7,-30,9,-34,5,-35,3,-37,2,-34,0,-43,-3,-43,-2,-47,-5,-47,-10,-51,-11,-49,-17,-50,-18,-55,-21,-55,-25,-53,-29,-51,-30,-54,-32,-51,-32,-55,-34,-52,-36,-55,-42,-49,-43,-51,-45,-49,-44,-49,-47,-53,-49,-57,-48,-50,-45,-53,-47,-55,-50,-57,-52,-60,-50,-54,-49,-64,-51,-57,-54,-62,-55,-61,-57,-59,-60,-65,-63,-58,-67,-55,-63,-63,-69,-57,-66,-57,-70,-57,-73,-54,-71,-52,-70,0,0]"
CSI_DATA,187,1a:00:00:00:00:00,-45,11,1,0,1,1,1,0,0,0,1,-96,0,11,2,2720147,0,44,0,384,0,"[0,0,0,0,0,0,0,0,0,0,0,0,10,5,10,5,10,4,10,4,9,4,9,3,9,3,9,2,8,3,8,2,9,2,9,1,8,2,8,2,8,1,8,1,8,1,7,1,8,1,8,1,8,1,8,1,8,0,7,1,8,1,7,1,0,0,7,1,6,2,7,2,6,2,5,2,5,2,5,2,4,3,4,2,3,2,3,2,2,2,2,2,2,2,1,2,1,2,0,1,0,1,0,1,0,1,-1,1,-1,0,-1,0,-1,0,-1,0,-1,-1,0,0,0,0,0,0,0,0,0,0,0,0,0,0,60,45,61,45,57,40,53,41,55,36,54,35,47,31,54,31,50,29,47,26,50,27,50,25,49,24,45,22,47,27,44,21,47,19,46,16,45,14,44,16,44,14,44,10,43,12,43,14,42,10,46,13,42,13,41,13,40,14,37,11,41,16,38,15,36,16,37,15,35,14,28,20,32,18,27,21,24,19,23,19,19,18,14,18,12,17,12,14,9,17,6,13,5,12,5,12,2,4,2,6,-1,6,-1,4,-1,5,-3,3,-5,1,-4,-2,-4,-2,0,0,0,0,0,0,0,0,0,0,0,0,0,0,0,0,0,0,0,0,0,0,11,1,15,4,15,3,15,5,15,6,17,8,20,13,18,16,19,19,19,21,19,23,18,25,17,32,18,35,19,35,15,39,15,42,13,42,10,46,10,48,9,54,5,56,2,51,-1,57,-4,56,-3,62,-10,62,-12,59,-16,61,-16,66,-16,67,-18,65,-17,63,-20,63,-19,67,-21,64,-23,65,-22,66,-22,64,-25,68,-23,72,-22,69,-24,70,-27,76,-24,70,-26,80,-31,76,-27,76,-29,78,-32,79,-37,78,-37,77,-38,80,-40,72,-45,77,-46,75,-45,73,0,0]"
CSI_DATA,188,1a:00:00:00:00:00,-45,11,1,0,1,1,1,0,0,0,1,-96,0,11,2,2730092,0,44,0,384,0,"[0,0,0,0,0,0,0,0,0,0,0,0,-12,1,-12,1,-12,1,-11,1,-11,1,-10,1,-11,2,-10,2,-10,2,-10,2,-10,2,-10,2,-9,2,-9,2,-8,2,-9,3,-8,3,-9,3,-8,3,-8,3,-8,2,-8,2,-8,3,-8,2,-8,2,-8,2,0,0,-8,2,-8,1,-7,1,-8,1,-7,0,-7,0,-6,0,-6,-1,-6,-1,-6,-1,-5,-1,-4,-1,-4,-2,-4,-2,-3,-2,-3,-2,-3,-2,-2,-2,-2,-2,-2,-1,-1,-1,-1,-1,-1,-1,0,-1,0,-1,0,-1,0,0,0,0,0,0,0,0,0,0,0,0,0,0,-77,12,-72,9,-72,14,-67,7,-64,10,-61,10,-61,11,-60,9,-57,13,-51,14,-56,13,-51,15,-50,16,-48,14,-46,17,-47,21,-49,17,-44,15,-45,16,-45,20,-43,17,-42,18,-39,21,-41,17,-42,18,-41,19,-38,17,-38,19,-42,15,-42,14,-41,14,-41,10,-39,10,-36,7,-37,9,-36,8,-32,7,-31,3,-31,3,-30,0,-28,-4,-26,-4,-22,-3,-21,-6,-16,-3,-17,-6,-14,-8,-12,-8,-10,-7,-10,-5,-6,-5,-3,-6,-4,-8,-4,1,0,-4,5,-6,2,-4,0,0,0,0,0,0,0,0,0,0,0,0,0,0,0,0,0,0,0,0,0,0,-8,10,-11,13,-14,10,-18,11,-17,11,-20,10,-19,6,-25,7,-29,7,-30,1,-31,2,-35,-3,-36,0,-37,-6,-42,-10,-39,-11,-43,-13,-42,-17,-48,-16,-48,-24,-49,-24,-46,-29,-47,-32,-47,-35,-47,-38,-46,-42,-46,-44,-44,-49,-43,-49,-42,-53,-42,-55,-44,-54,-39,-52,-41,-55,-39,-58,-42,-58,-39,-55,-40,-61,-36,-61,-38,-61,-39,-64,-41,-64,-41,-68,-40,-69,-39,-67,-38,-75,-40,-75,-42,-73,-39,-75,-35,-77,-36,-80,-35,-81,-31,-87,-30,-80,-27,-83,-25,-85,-23,-86,0,0]"
CSI_DATA,189,1a:00:00:00:00:00,-45,11,1,0,1,1,1,0,0,0,1,-96,0,11,2,2740636,0,44,0,384,0,"[0,0,0,0,0,0,0,0,0,0,0,0,-12,-4,-11,-3,-12,-3,-10,-3,-11,-3,-10,-2,-10,-2,-10,-2,-10,-2,-10,-2,-10,-2,-10,-2,-10,-1,-9,-1,-9,-1,-9,-1,-9,0,-9,-1,-9,-1,-9,-1,-9,-1,-8,-1,-9,-1,-9,-1,-8,-1,-8,-1,0,0,-8,-1,-8,-2,-7,-2,-8,-2,-7,-2,-7,-2,-6,-3,-6,-3,-5,-3,-5,-3,-4,-3,-3,-3,-3,-3,-3,-3,-3,-3,-3,-2,-2,-2,-1,-2,-2,-2,-1,-2,-1,-2,-1,-2,0,-1,0,-1,0,-1,0,0,0,0,0,0,0,0,0,0,0,0,0,0,0,0,-39,-6,-37,-5,-38,-5,-35,-4,-33,-5,-31,-6,-31,-1,-31,-3,-30,0,-28,-2,-28,-4,-27,0,-26,0,-26,1,-28,1,-26,1,-26,0,-27,3,-24,0,-25,2,-24,3,-24,2,-24,3,-25,1,-25,1,-24,4,-24,2,-23,2,-23,1,-21,2,-20,1,-21,1,-21,-1,-19,-1,-21,0,-18,-3,-18,-2,-19,-4,-16,-4,-16,-5,-14,-5,-13,-5,-11,-5,-10,-5,-8,-6,-7,-6,-6,-5,-5,-7,-6,-4,-3,-5,-3,-4,-2,-6,-1,-2,-2,-3,-1,-3,1,0,2,-1,0,0,0,0,0,0,0,0,0,0,0,0,0,0,0,0,0,0,0,0,0,0,-5,4,-8,2,-8,2,-11,2,-11,1,-11,1,-13,0,-12,-1,-13,-2,-14,-3,-16,-5,-15,-4,-17,-7,-18,-7,-21,-10,-20,-11,-21,-13,-20,-15,-19,-16,-20,-17,-19,-19,-21,-20,-19,-23,-19,-23,-17,-26,-18,-26,-16,-27,-15,-28,-16,-30,-13,-30,-13,-32,-12,-33,-11,-33,-14,-34,-11,-33,-11,-34,-11,-35,-10,-33,-10,-35,-12,-35,-10,-36,-11,-37,-11,-38,-11,-40,-9,-39,-13,-39,-11,-42,-8,-42,-9,-41,-8,-42,-6,-44,-6,-43,-5,-44,-3,-44,-3,-46,0,-44,2,-43,0,0]"
CSI_DATA,190,1a:00:00:00:00:00,-45,11,1,0,1,1,1,0,0,0,1,-96,0,11,2,2750189,0,44,0,384,0,"[0,0,0,0,0,0,0,0,0,0,0,0,-11,-5,-11,-5,-11,-5,-10,-5,-10,-4,-10,-4,-10,-4,-10,-3,-10,-3,-10,-3,-9,-2,-9,-2,-9,-2,-9,-2,-9,-2,-9,-2,-9,-2,-9,-1,-9,-2,-9,-2,-9,-2,-9,-2,-8,-2,-9,-2,-8,-2,-8,-2,0,0,-8,-2,-8,-3,-7,-3,-7,-3,-6,-3,-6,-3,-6,-4,-5,-3,-5,-4,-5,-3,-4,-3,-4,-3,-3,-4,-3,-3,-3,-3,-2,-3,-2,-3,-2,-2,-1,-2,-1,-2,-1,-2,0,-2,0,-1,0,-1,0,-1,0,0,0,0,0,0,0,0,0,0,0,0,0,0,0,0,-61,-45,-56,-45,-62,-47,-56,-44,-53,-40,-55,-37,-51,-37,-51,-34,-51,-33,-49,-30,-49,-30,-49,-25,-48,-29,-48,-23,-46,-27,-48,-24,-47,-24,-49,-23,-46,-18,-46,-18,-48,-18,-45,-18,-44,-15,-46,-15,-47,-14,-44,-17,-43,-19,-44,-18,-44,-18,-42,-18,-41,-17,-41,-18,-39,-22,-36,-22,-32,-20,-34,-23,-30,-22,-28,-20,-25,-22,-23,-22,-23,-20,-19,-22,-10,-21,-14,-19,-10,-18,-11,-16,-8,-18,-5,-16,-2,-13,-4,-12,-1,-10,1,-10,-1,-6,4,-4,2,-6,4,-1,5,1,0,0,0,0,0,0,0,0,0,0,0,0,0,0,0,0,0,0,0,0,0,0,-13,-1,-15,-4,-15,-5,-16,-9,-21,-11,-17,-9,-18,-12,-21,-17,-16,-19,-20,-21,-19,-21,-21,-26,-18,-30,-19,-34,-19,-35,-15,-40,-15,-42,-14,-40,-13,-48,-13,-50,-7,-55,-9,-58,-6,-56,0,-60,3,-61,4,-61,8,-64,7,-65,8,-61,12,-68,15,-66,17,-68,17,-63,18,-68,17,-70,20,-66,18,-68,21,-67,23,-66,21,-71,23,-75,18,-71,27,-68,25,-75,30,-78,21,-73,26,-79,31,-81,29,-83,31,-79,36,-80,41,-76,41,-81,40,-73,45,-77,47,-79,46,-74,0,0]"
CSI_DATA,191,1a:00:00:00:00:00,-45,11,1,0,1,1,1,0,0,0,1,-96,0,11,2,2763108,0,44,0,384,0,"[0,0,0,0,0,0,0,0,0,0,0,0,11,3,11,2,10,2,10,2,10,2,9,2,9,1,9,1,9,1,9,1,9,0,8,0,8,0,9,0,8,0,8,-1,8,-1,8,-1,8,-1,8,0,8,0,8,0,7,0,8,0,7,0,8,0,0,0,7,0,7,1,7,1,6,1,6,1,5,1,5,2,4,2,4,2,4,2,3,2,3,2,2,2,2,2,2,1,1,1,1,2,1,1,0,1,0,1,0,1,0,0,-1,1,-1,0,-1,0,-1,0,0,0,0,0,0,0,0,0,0,0,0,0,0,0,74,19,67,19,72,19,67,20,62,22,62,23,59,18,59,15,57,10,57,14,55,11,52,8,55,5,49,7,49,7,47,4,52,1,51,3,49,-2,48,1,49,0,45,4,52,-3,43,0,47,-1,43,0,44,0,47,0,41,0,45,2,39,3,46,2,39,7,38,8,35,7,37,7,34,9,31,11,27,11,27,10,24,11,20,16,18,13,18,12,14,14,11,10,10,12,6,13,7,12,5,10,4,9,5,6,1,5,-3,5,-6,4,-2,3,-6,-1,0,0,0,0,0,0,0,0,0,0,0,0,0,0,0,0,0,0,0,0,0,0,14,-2,12,-3,17,-1,18,-2,15,0,23,4,24,5,22,9,25,10,26,10,25,14,25,19,28,21,30,23,31,27,26,33,27,36,23,36,28,41,26,43,25,48,21,50,18,51,17,54,15,57,15,59,12,60,8,64,9,66,12,68,6,63,2,69,2,65,2,66,2,70,2,71,0,68,2,70,3,69,3,73,2,74,0,72,0,78,-2,79,-2,79,4,84,-6,83,-3,79,-4,88,-6,83,-9,86,-13,84,-14,84,-16,81,-20,85,-19,87,-20,83,0,0]"
CSI_DATA,192,1a:00:00:00:00:00,-45,11,1,0,1,1,1,0,0,0,1,-96,0,11,2,2770117,0,44,0,384,0,"[0,0,0,0,0,0,0,0,0,0,0,0,-9,-8,-8,-8,-9,-8,-9,-8,-8,-7,-8,-7,-8,-6,-8,-6,-8,-6,-8,-6,-8,-5,-8,-5,-8,-5,-8,-5,-8,-5,-8,-4,-8,-4,-8,-4,-8,-4,-8,-4,-8,-4,-8,-4,-7,-4,-8,-4,-7,-4,-7,-4,0,0,-7,-4,-7,-5,-6,-5,-6,-5,-5,-5,-5,-5,-4,-5,-4,-5,-4,-4,-3,-5,-3,-4,-2,-4,-2,-4,-2,-4,-2,-3,-2,-3,-1,-3,-1,-2,-1,-2,0,-2,0,-2,0,-2,0,-1,0,-1,0,-1,0,0,0,0,0,0,0,0,0,0,0,0,0,0,0,0,-57,-51,-57,-49,-54,-50,-51,-51,-52,-47,-50,-45,-47,-41,-47,-39,-48,-41,-46,-38,-47,-35,-46,-33,-46,-32,-42,-30,-43,-33,-44,-28,-45,-29,-47,-22,-47,-31,-44,-24,-46,-25,-45,-23,-44,-21,-39,-19,-41,-22,-43,-17,-43,-25,-42,-20,-41,-23,-36,-23,-37,-24,-39,-26,-37,-22,-36,-25,-34,-24,-31,-25,-25,-25,-23,-28,-22,-24,-22,-23,-16,-23,-14,-22,-13,-19,-12,-20,-8,-18,-7,-17,-5,-13,-2,-17,-1,-12,-1,-12,0,-10,2,-7,3,-6,1,-4,3,-4,4,1,5,3,0,0,0,0,0,0,0,0,0,0,0,0,0,0,0,0,0,0,0,0,0,0,-16,-2,-18,-4,-17,-6,-21,-9,-17,-11,-23,-13,-18,-15,-20,-20,-22,-23,-16,-26,-20,-29,-21,-31,-20,-33,-20,-37,-15,-44,-15,-44,-17,-46,-11,-48,-9,-52,-7,-54,-3,-57,4,-57,4,-60,7,-64,9,-63,12,-65,15,-65,20,-67,16,-67,20,-68,20,-66,20,-67,31,-62,27,-66,33,-61,34,-64,29,-70,23,-65,33,-66,30,-69,31,-72,29,-72,35,-71,33,-75,38,-72,36,-75,42,-74,39,-77,43,-79,47,-75,48,-72,48,-81,49,-77,47,-72,54,-73,57,-71,56,-73,0,0]"
CSI_DATA,193,1a:00:00:00:00:00,-45,11,1,0,1,1,1,0,0,0,1,-96,0,11,2,2780109,0,44,0,384,0,"[0,0,0,0,0,0,0,0,0,0,0,0,-6,10,-6,10,-5,9,-5,9,-4,9,-5,9,-4,9,-4,9,-4,8,-3,8,-3,8,-3,8,-3,8,-3,7,-2,8,-2,8,-2,8,-3,7,-2,7,-2,7,-2,7,-2,7,-3,7,-2,7,-2,7,-3,6,0,0,-3,6,-3,6,-3,6,-3,5,-3,5,-3,4,-3,4,-4,4,-4,3,-4,3,-4,2,-4,2,-3,2,-3,2,-3,1,-3,1,-3,1,-2,0,-2,0,-2,0,-2,0,-2,-1,-1,-1,-1,-1,-1,-1,0,-1,0,0,0,0,0,0,0,0,0,0,0,0,0,0,-35,65,-34,66,-33,64,-34,61,-30,61,-29,58,-25,59,-22,53,-24,53,-25,50,-22,53,-19,51,-17,50,-17,47,-16,50,-16,47,-15,48,-11,47,-13,44,-11,47,-13,46,-10,49,-5,46,-12,44,-10,41,-11,40,-11,44,-8,42,-11,41,-13,44,-13,39,-14,42,-11,36,-15,33,-18,33,-19,28,-18,29,-18,23,-20,23,-17,22,-18,20,-15,18,-18,14,-16,15,-17,7,-14,8,-16,7,-11,5,-10,0,-11,4,-7,4,-12,3,-8,-5,-8,-4,-2,-4,-3,-5,1,-5,0,0,0,0,0,0,0,0,0,0,0,0,0,0,0,0,0,0,0,0,0,0,7,16,0,17,2,21,-2,21,-2,21,-5,25,-6,25,-8,27,-14,29,-14,26,-17,33,-21,31,-26,31,-29,30,-29,29,-35,30,-38,28,-42,32,-45,28,-49,26,-48,23,-58,22,-59,21,-60,20,-63,15,-65,16,-67,11,-68,8,-66,7,-70,4,-69,3,-69,-5,-72,0,-72,-2,-71,-3,-73,-6,-71,-6,-75,-2,-73,-8,-71,-5,-75,-8,-76,-8,-78,-6,-78,-6,-78,-13,-84,-10,-85,-10,-83,-12,-88,-12,-83,-19,-84,-17,-85,-18,-85,-23,-86,-22,-81,-25,-83,-31,-79,-30,0,0]"
CSI_DATA,194,1a:00:00:00:00:00,-45,11,1,0,1,1,1,0,0,0,1,-96,0,11,2,2791694,0,44,0,384,0,"[0,0,0,0,0,0,0,0,0,0,0,0,-4,-11,-4,-11,-4,-11,-4,-10,-4,-10,-4,-9,-4,-9,-4,-9,-4,-9,-5,-9,-4,-9,-5,-8,-5,-8,-5,-8,-5,-8,-5,-7,-5,-8,-5,-7,-5,-7,-5,-7,-5,-7,-5,-7,-5,-7,-5,-7,-4,-7,-4,-7,0,0,-4,-7,-4,-7,-4,-7,-3,-7,-3,-7,-2,-7,-2,-6,-1,-6,-1,-5,-1,-5,-1,-5,0,-5,0,-4,0,-4,0,-3,0,-3,0,-3,0,-2,0,-2,0,-2,0,-2,1,-1,0,-1,0,-1,0,0,0,0,0,0,0,0,0,0,0,0,0,0,0,0,0,0,-15,-70,-20,-67,-17,-65,-13,-65,-16,-61,-15,-60,-18,-59,-16,-56,-15,-52,-18,-55,-18,-47,-18,-49,-21,-48,-19,-48,-15,-46,-23,-49,-23,-42,-20,-44,-25,-42,-23,-40,-21,-39,-21,-43,-25,-40,-26,-37,-26,-38,-23,-36,-22,-38,-24,-39,-23,-37,-18,-37,-19,-39,-20,-40,-20,-34,-16,-34,-11,-34,-12,-32,-11,-33,-7,-30,-5,-33,-6,-30,-1,-27,-1,-26,1,-23,1,-23,2,-18,5,-19,4,-13,4,-14,5,-11,4,-10,6,-7,6,-6,7,-2,5,1,5,0,3,3,4,1,0,0,0,0,0,0,0,0,0,0,0,0,0,0,0,0,0,0,0,0,0,0,-13,-14,-9,-17,-8,-19,-9,-21,-9,-22,-9,-24,-5,-24,-4,-29,-5,-30,-1,-28,3,-33,6,-37,6,-38,10,-40,13,-39,13,-43,19,-45,26,-42,24,-45,25,-43,32,-43,34,-44,41,-46,41,-42,46,-41,46,-43,52,-38,50,-42,50,-37,53,-41,51,-38,56,-36,57,-36,56,-36,57,-38,56,-38,60,-36,59,-33,61,-31,62,-36,59,-38,61,-35,62,-39,65,-35,68,-37,71,-42,69,-37,71,-39,72,-42,71,-37,72,-35,77,-34,80,-31,72,-27,81,-29,81,-22,77,-26,0,0]"
CSI_DATA,195,1a:00:00:00:00:00,-45,11,1,0,1,1,1,0,0,0,1,-96,0,11,2,2800466,0,44,0,384,0,"[0,0,0,0,0,0,0,0,0,0,0,0,11,-4,10,-3,11,-3,10,-3,10,-3,9,-4,9,-4,8,-4,8,-4,8,-4,8,-4,7,-4,8,-4,7,-4,7,-4,7,-5,7,-5,7,-5,6,-5,7,-5,6,-4,6,-5,6,-5,6,-4,6,-4,7,-4,0,0,6,-4,6,-3,6,-3,6,-3,5,-2,5,-2,5,-2,5,-1,5,-2,5,-1,4,-1,4,0,3,0,3,0,3,0,2,0,2,0,2,0,1,0,1,1,1,0,0,1,0,0,-1,0,-1,0,-1,0,0,0,0,0,0,0,0,0,0,0,0,0,0,0,73,-10,74,-13,69,-14,69,-15,66,-15,61,-11,62,-15,57,-14,52,-16,55,-15,53,-14,51,-17,51,-21,50,-17,47,-19,46,-25,45,-21,42,-21,44,-22,40,-20,40,-23,43,-23,40,-24,41,-23,38,-22,36,-23,39,-19,40,-24,36,-20,37,-25,38,-23,35,-21,37,-18,35,-16,38,-16,37,-12,33,-8,34,-11,31,-6,32,-5,29,-5,24,-4,24,1,21,3,18,6,21,5,15,3,13,3,9,2,11,5,10,6,8,5,3,4,2,3,-1,4,-4,2,-4,3,0,0,0,0,0,0,0,0,0,0,0,0,0,0,0,0,0,0,0,0,0,0,12,-8,14,-8,18,-7,18,-6,24,-7,24,0,25,-1,25,1,30,3,29,1,32,4,35,10,34,9,37,16,37,20,41,20,38,23,40,27,38,28,40,32,38,36,39,40,38,43,40,46,37,47,37,51,35,53,36,54,32,53,29,57,31,59,29,59,30,61,27,62,30,66,29,60,29,62,28,62,29,63,32,65,28,67,32,67,32,70,33,71,30,67,37,73,33,75,35,74,34,78,31,78,29,78,33,79,26,81,24,84,23,86,22,83,23,86,0,0]"
CSI_DATA,196,1a:00:00:00:00:00,-45,11,1,0,1,1,1,0,0,0,1,-96,0,11,2,2810099,0,44,0,384,0,"[0,0,0,0,0,0,0,0,0,0,0,0,-12,1,-12,2,-11,1,-11,1,-11,2,-11,2,-10,2,-9,2,-10,3,-9,2,-9,2,-9,2,-9,3,-9,2,-8,2,-8,3,-8,3,-8,3,-8,3,-8,3,-8,3,-8,2,-8,3,-8,2,-8,2,-8,2,0,0,-8,2,-7,1,-7,1,-7,1,-7,0,-7,0,-6,0,-6,-1,-6,-1,-5,-1,-5,-1,-4,-1,-4,-2,-3,-2,-3,-2,-3,-2,-3,-2,-2,-2,-2,-2,-2,-2,-1,-2,-1,-2,0,-2,0,-1,0,-1,0,-1,0,0,0,0,0,0,0,0,0,0,0,0,0,0,-75,6,-75,8,-71,4,-66,8,-67,6,-62,5,-65,9,-57,6,-57,9,-57,14,-51,10,-55,13,-54,14,-51,9,-46,11,-51,15,-48,15,-49,18,-50,13,-49,15,-44,16,-44,19,-45,18,-43,17,-42,16,-47,16,-39,17,-42,17,-44,11,-42,15,-44,17,-43,10,-38,8,-39,8,-38,4,-39,1,-34,0,-32,-2,-34,-3,-30,-5,-27,-3,-30,-6,-22,-7,-23,-6,-17,-9,-18,-7,-13,-7,-11,-8,-12,-5,-9,-8,-6,-8,-6,-11,-2,-10,-3,-9,2,-3,1,-6,4,-5,0,0,0,0,0,0,0,0,0,0,0,0,0,0,0,0,0,0,0,0,0,0,-13,7,-15,5,-19,5,-20,7,-23,7,-24,5,-25,0,-28,-1,-31,1,-30,-3,-30,-5,-35,-9,-36,-9,-40,-13,-38,-12,-38,-17,-43,-22,-38,-24,-40,-29,-43,-30,-43,-36,-43,-38,-42,-38,-42,-45,-41,-45,-42,-51,-35,-49,-35,-55,-31,-54,-37,-58,-33,-60,-33,-59,-29,-58,-26,-64,-26,-65,-28,-63,-26,-62,-27,-63,-29,-62,-34,-69,-30,-68,-28,-69,-29,-69,-31,-73,-32,-73,-32,-75,-27,-75,-32,-78,-29,-78,-28,-78,-21,-79,-26,-82,-25,-83,-19,-81,-17,-91,-17,-86,-17,-84,0,0]"
CSI_DATA,197,1a:00:00:00:00:00,-45,11,1,0,1,1,1,0,0,0,1,-96,0,11,2,2822459,0,44,0,384,0,"[0,0,0,0,0,0,0,0,0,0,0,0,-11,-4,-11,-4,-11,-4,-11,-3,-11,-3,-10,-3,-10,-2,-10,-2,-10,-2,-9,-2,-9,-2,-10,-1,-9,-2,-9,-1,-9,-1,-9,-1,-9,-1,-9,-1,-9,-1,-8,-1,-8,-1,-8,-1,-9,-1,-8,-1,-8,-1,-8,-1,0,0,-8,-1,-7,-2,-7,-2,-7,-2,-6,-2,-6,-3,-6,-3,-5,-3,-5,-3,-4,-3,-4,-3,-3,-3,-3,-3,-3,-3,-3,-2,-2,-2,-2,-2,-2,-2,-1,-2,-1,-2,0,-2,0,-2,0,-2,0,-1,0,-1,0,-1,0,0,0,0,0,0,0,0,0,0,0,0,0,0,-68,-33,-67,-33,-65,-28,-64,-33,-63,-32,-58,-29,-55,-27,-56,-26,-56,-23,-53,-20,-53,-20,-53,-19,-51,-16,-51,-15,-52,-15,-50,-14,-52,-16,-51,-9,-47,-10,-49,-8,-50,-6,-48,-10,-47,-7,-46,-9,-44,-9,-45,-9,-44,-6,-45,-6,-43,-7,-41,-7,-44,-8,-40,-9,-41,-11,-35,-11,-38,-12,-30,-15,-32,-14,-29,-14,-27,-16,-24,-16,-22,-18,-20,-16,-18,-15,-14,-17,-12,-16,-10,-14,-8,-13,-7,-13,-5,-11,-5,-13,-4,-12,-1,-10,1,-7,2,-6,4,-4,5,-3,5,1,0,0,0,0,0,0,0,0,0,0,0,0,0,0,0,0,0,0,0,0,0,0,-19,0,-18,-2,-22,-4,-22,-5,-23,-8,-23,-11,-22,-13,-24,-16,-22,-16,-26,-19,-26,-25,-27,-29,-29,-33,-25,-35,-24,-36,-22,-39,-22,-42,-22,-47,-22,-46,-18,-54,-14,-58,-11,-58,-8,-61,-7,-62,-5,-65,-4,-63,-1,-64,-1,-67,5,-68,6,-69,9,-70,8,-70,14,-69,13,-67,12,-66,13,-68,12,-68,14,-70,15,-71,14,-76,11,-75,12,-75,12,-71,16,-80,14,-78,18,-82,18,-82,20,-85,19,-84,25,-81,26,-85,23,-83,27,-82,26,-84,27,-81,31,-80,35,-80,0,0]"
CSI_DATA,198,1a:00:00:00:00:00,-45,11,1,0,1,1,1,0,0,0,1,-96,0,11,2,2830077,0,44,0,384,0,"[0,0,0,0,0,0,0,0,0,0,0,0,5,-11,5,-10,4,-10,4,-9,3,-10,3,-9,3,-9,3,-9,3,-9,2,-9,3,-9,2,-9,2,-9,2,-8,1,-8,2,-9,1,-9,1,-8,1,-8,1,-8,1,-8,1,-8,1,-8,1,-8,1,-7,2,-7,0,0,2,-7,2,-6,2,-6,2,-6,2,-5,2,-5,2,-5,2,-4,3,-4,2,-4,2,-3,2,-3,2,-3,2,-2,2,-1,2,-1,1,-1,1,-1,1,-1,1,0,1,0,0,0,0,0,0,0,0,0,-1,1,0,0,0,0,0,0,0,0,0,0,0,0,0,0,27,-69,29,-69,26,-65,23,-62,25,-64,23,-59,24,-54,23,-58,22,-55,15,-50,15,-52,12,-51,11,-52,12,-50,13,-48,11,-47,10,-47,8,-46,9,-47,5,-46,6,-46,7,-48,4,-43,7,-44,6,-42,6,-42,4,-41,7,-40,7,-40,6,-42,9,-40,7,-39,11,-36,10,-33,8,-34,12,-29,12,-29,12,-25,15,-24,13,-25,16,-23,17,-20,9,-16,13,-14,11,-12,11,-9,10,-9,9,-6,11,-3,7,-3,6,0,7,1,5,1,4,2,3,7,-2,5,-1,4,0,0,0,0,0,0,0,0,0,0,0,0,0,0,0,0,0,0,0,0,0,0,-5,-19,-3,-21,0,-21,0,-25,5,-23,5,-25,9,-26,8,-27,11,-27,15,-28,19,-30,22,-30,26,-29,29,-31,32,-29,38,-30,40,-28,43,-24,44,-25,47,-25,48,-22,54,-22,57,-18,56,-14,56,-9,62,-13,65,-9,61,-7,63,-5,67,-2,68,-3,67,3,67,2,68,5,68,3,69,3,71,5,68,3,70,4,71,5,73,4,72,8,73,6,78,6,77,7,76,10,79,11,80,7,82,10,79,14,76,18,82,18,84,20,82,21,82,24,79,23,80,26,0,0]"
CSI_DATA,199,1a:00:00:00:00:00,-45,11,1,0,1,1,1,0,0,0,1,-96,0,11,2,2840215,0,44,0,384,0,"[0,0,0,0,0,0,0,0,0,0,0,0,-10,6,-10,5,-9,5,-9,5,-9,5,-8,5,-8,5,-8,5,-8,5,-7,5,-7,5,-7,5,-6,5,-6,5,-6,4,-6,5,-6,5,-6,5,-6,5,-6,5,-6,4,-6,5,-5,4,-5,4,-6,4,-5,4,0,0,-6,4,-6,3,-5,3,-5,2,-5,2,-5,2,-5,2,-5,1,-5,1,-5,1,-4,0,-4,0,-3,0,-3,-1,-3,-1,-3,-1,-2,-1,-2,-1,-2,-1,-2,-1,-1,-1,-1,-1,-1,-1,0,-1,0,-1,0,-1,0,0,0,0,0,0,0,0,0,0,0,0,0,0,-67,32,-67,34,-62,29,-59,30,-59,31,-55,26,-54,24,-54,26,-47,27,-45,25,-47,29,-46,31,-44,31,-41,27,-41,29,-39,30,-39,29,-37,30,-38,30,-36,30,-33,31,-33,32,-30,30,-31,29,-32,33,-31,25,-28,26,-29,26,-31,24,-32,25,-32,29,-27,26,-29,20,-34,18,-25,20,-29,18,-29,14,-26,12,-24,12,-23,10,-22,7,-24,3,-25,1,-21,3,-17,3,-15,-2,-13,-3,-12,-1,-14,-2,-9,-7,-7,-3,-7,-5,-2,-4,-2,-6,-2,-4,4,-5,5,-5,0,0,0,0,0,0,0,0,0,0,0,0,0,0,0,0,0,0,0,0,0,0,-11,16,-16,18,-16,16,-19,16,-22,15,-24,15,-28,12,-29,14,-33,7,-34,8,-39,8,-40,6,-43,1,-45,-2,-49,-3,-50,-10,-52,-9,-50,-12,-57,-16,-58,-17,-55,-20,-63,-26,-56,-29,-55,-33,-55,-36,-58,-40,-55,-43,-55,-43,-52,-46,-52,-49,-53,-48,-52,-50,-48,-52,-50,-52,-48,-55,-49,-51,-52,-53,-47,-54,-49,-53,-49,-52,-54,-57,-50,-57,-51,-60,-53,-62,-53,-60,-52,-60,-53,-62,-53,-62,-55,-63,-52,-66,-52,-68,-51,-70,-51,-73,-48,-73,-45,-73,-46,-70,-43,-74,0,0]"
CSI_DATA,200,1a:00:00:00:00:00,-45,11,1,0,1,1,1,0,0,0,1,-96,0,11,2,2860460,0,44,0,384,0,"[0,0,0,0,0,0,0,0,0,0,0,0,-9,8,-8,8,-7,7,-8,7,-7,7,-7,7,-6,7,-6,7,-6,6,-5,7,-5,7,-5,7,-5,7,-5,6,-4,6,-5,6,-5,6,-4,6,-4,6,-4,6,-4,6,-4,6,-4,6,-4,6,-4,6,-4,5,0,0,-4,5,-4,5,-4,4,-5,4,-4,4,-4,3,-5,3,-4,3,-4,2,-4,2,-4,1,-4,1,-3,1,-3,1,-3,0,-3,0,-2,0,-2,-1,-2,-1,-2,-1,-2,-1,-1,-1,-1,-1,-1,-2,0,-1,0,-1,0,0,0,0,0,0,0,0,0,0,0,0,0,0,-63,41,-60,34,-57,38,-57,34,-52,35,-50,34,-51,30,-46,28,-41,31,-42,31,-43,32,-39,32,-42,31,-39,30,-35,30,-34,30,-35,30,-30,30,-30,33,-32,32,-30,32,-29,30,-27,33,-27,30,-26,29,-26,32,-26,29,-29,27,-29,26,-27,27,-29,26,-27,25,-27,23,-29,20,-26,24,-26,18,-25,13,-27,12,-23,16,-24,9,-23,9,-21,8,-21,5,-21,6,-18,1,-13,1,-16,0,-10,-4,-11,-2,-10,-5,-6,-4,-7,-4,-5,-2,0,-6,0,-4,0,-5,2,-4,0,0,0,0,0,0,0,0,0,0,0,0,0,0,0,0,0,0,0,0,0,0,-12,15,-16,20,-13,16,-19,14,-20,17,-28,18,-26,14,-32,18,-33,17,-37,9,-36,11,-40,7,-42,5,-46,2,-47,3,-51,-1,-58,-4,-51,-6,-55,-8,-58,-14,-56,-16,-63,-20,-59,-23,-56,-25,-60,-30,-58,-31,-58,-35,-60,-39,-56,-38,-56,-42,-56,-41,-57,-42,-56,-44,-56,-47,-54,-46,-58,-46,-53,-46,-52,-43,-52,-44,-57,-46,-57,-53,-55,-45,-57,-52,-58,-51,-59,-53,-61,-50,-61,-54,-58,-56,-62,-58,-58,-61,-57,-61,-56,-62,-56,-66,-55,-61,-50,-64,-51,-70,-48,-68,0,0]"
CSI_DATA,201,1a:00:00:00:00:00,-45,11,1,0,1,1,1,0,0,0,1,-96,0,11,2,2870113,0,44,0,384,0,"[0,0,0,0,0,0,0,0,0,0,0,0,11,1,11,1,10,1,10,1,9,0,10,0,9,0,9,0,9,0,8,0,8,-1,8,-1,8,-1,8,-1,8,-1,8,-1,8,-2,7,-1,8,-2,7,-1,7,-1,7,-1,7,-1,7,-1,7,-1,7,-1,0,0,7,-1,6,0,6,0,5,0,5,1,5,1,5,1,4,1,4,1,4,1,3,1,3,1,2,1,2,2,2,1,1,1,1,1,1,1,0,1,0,1,0,1,-1,1,-1,0,-1,0,-1,0,-1,0,0,0,0,0,0,0,0,0,0,0,0,0,0,0,69,24,64,19,68,18,63,18,58,15,59,17,55,15,56,16,51,13,51,8,48,11,50,8,48,7,45,4,47,2,45,2,46,-1,48,2,43,0,43,2,41,0,40,1,42,0,41,1,43,-3,41,0,37,-2,40,-2,41,-1,38,-1,37,1,38,2,35,8,34,5,34,3,32,8,29,6,28,9,25,10,24,10,21,11,18,13,15,14,12,13,11,11,11,11,10,8,5,10,4,8,4,6,2,7,1,6,-1,6,-4,5,-4,2,-4,3,-2,0,0,0,0,0,0,0,0,0,0,0,0,0,0,0,0,0,0,0,0,0,0,0,21,-5,21,-2,21,-1,23,2,27,0,26,5,27,10,28,11,29,13,29,12,33,18,34,22,37,24,35,27,36,30,30,34,33,39,32,40,30,44,25,50,26,53,26,55,22,52,21,58,20,61,21,61,16,65,10,68,11,65,11,71,10,65,5,66,4,68,4,71,0,70,4,70,5,68,5,69,6,70,4,75,3,76,5,71,0,73,3,77,4,78,-2,76,0,79,0,78,-1,84,-4,79,-4,82,-4,84,-11,85,-10,74,-9,81,-14,83,-14,83,0,0]"
CSI_DATA,202,1a:00:00:00:00:00,-44,11,1,0,1,1,1,0,0,0,1,-96,0,11,2,2911631,0,44,0,384,0,"[0,0,0,0,0,0,0,0,0,0,0,0,4,10,4,10,4,9,4,9,4,9,4,8,4,8,4,8,4,8,4,7,5,7,4,7,5,6,4,6,4,6,5,6,4,6,5,6,5,6,5,5,5,6,4,5,4,5,4,5,4,5,4,5,0,0,3,5,3,6,3,5,3,5,2,5,2,5,2,5,1,5,1,4,0,4,0,4,0,3,0,3,0,3,-1,3,-1,2,-1,2,-1,2,-1,1,-1,1,-2,1,-1,0,-2,0,-1,0,-2,-1,-1,-1,0,0,0,0,0,0,0,0,0,0,0,0,0,0,33,68,33,66,33,61,27,60,28,59,25,56,29,54,29,52,27,46,28,50,25,43,29,43,25,42,29,42,27,39,28,37,28,38,30,35,27,34,30,35,32,34,31,32,31,32,30,30,29,31,27,34,29,32,28,33,27,29,27,30,27,31,24,32,21,30,19,29,19,32,16,29,16,31,13,30,11,30,8,25,5,27,2,23,4,20,-2,21,-2,19,-3,16,-2,16,-3,11,-3,12,-6,9,-3,7,-6,6,-7,5,-6,1,-5,0,-8,-1,-5,-3,0,0,0,0,0,0,0,0,0,0,0,0,0,0,0,0,0,0,0,0,0,0,17,12,16,14,16,18,13,21,13,23,12,26,11,26,13,28,6,33,7,32,4,39,5,37,4,43,-2,44,-6,47,-9,48,-11,50,-11,49,-14,53,-22,54,-24,55,-25,57,-28,54,-31,54,-35,55,-34,56,-41,54,-43,53,-43,52,-47,52,-46,53,-48,49,-49,47,-50,48,-50,49,-52,49,-51,48,-52,53,-52,47,-53,54,-57,51,-52,49,-54,54,-57,57,-56,56,-53,51,-63,51,-59,56,-63,56,-63,54,-64,53,-66,53,-72,49,-69,48,-73,45,-71,45,-73,46,0,0]"
CSI_DATA,203,1a:00:00:00:00:00,-44,11,1,0,1,1,1,0,0,0,1,-96,0,11,2,2921833,0,44,0,384,0,"[0,0,0,0,0,0,0,0,0,0,0,0,7,8,7,8,7,7,7,7,7,6,7,6,6,6,6,6,6,5,6,5,6,5,6,4,7,4,6,4,7,4,6,4,6,4,6,3,6,3,6,3,6,3,6,3,6,3,6,3,6,3,6,3,0,0,5,4,5,4,5,4,5,3,4,4,4,4,3,4,3,4,2,4,2,4,2,3,1,3,1,3,1,3,0,3,0,2,0,2,-1,2,0,1,-1,1,-1,1,-1,1,-1,0,-1,0,-1,0,-2,-1,0,0,0,0,0,0,0,0,0,0,0,0,0,0,43,61,39,61,40,57,38,53,34,55,36,53,37,49,37,49,33,43,32,45,33,41,33,41,35,40,34,36,35,37,33,32,36,33,33,31,36,33,33,33,36,30,33,30,32,29,32,27,30,29,31,26,32,26,33,29,31,26,29,27,30,27,31,28,24,26,27,29,23,30,20,27,18,27,19,28,13,27,13,27,9,25,8,21,6,21,1,20,3,17,0,19,1,17,-1,15,-4,11,-5,10,-2,8,-5,6,-6,6,-6,3,-6,6,-7,1,-6,-2,0,0,0,0,0,0,0,0,0,0,0,0,0,0,0,0,0,0,0,0,0,0,17,12,16,14,15,16,15,18,13,23,13,27,9,27,6,29,11,34,8,33,6,38,5,36,3,42,-1,46,-3,48,-4,44,-5,52,-11,53,-11,54,-19,56,-22,55,-21,57,-28,57,-27,55,-31,55,-33,56,-35,55,-41,59,-36,55,-40,55,-43,55,-44,54,-45,51,-44,50,-50,54,-48,52,-42,53,-49,53,-46,53,-46,56,-47,55,-49,55,-49,59,-48,57,-52,58,-55,61,-55,59,-56,63,-54,64,-59,58,-59,59,-61,60,-64,57,-63,54,-62,53,-67,53,-67,52,0,0]"
CSI_DATA,204,1a:00:00:00:00:00,-44,11,1,0,1,1,1,0,0,0,1,-96,0,11,2,2930253,0,44,0,384,0,"[0,0,0,0,0,0,0,0,0,0,0,0,-2,11,-2,11,-2,10,-2,10,-2,10,-2,9,-1,9,-1,9,-1,9,-1,9,-1,9,0,8,0,8,0,8,0,8,0,8,0,8,0,7,0,8,0,7,0,7,0,7,0,7,0,7,0,7,0,7,0,0,-1,7,-1,6,-1,6,-1,6,-1,6,-1,6,-2,5,-2,5,-2,4,-3,4,-3,3,-2,3,-2,3,-2,2,-2,2,-2,1,-2,1,-2,1,-2,1,-2,0,-2,0,-2,0,-2,-1,-2,-1,-1,-1,-1,-1,0,0,0,0,0,0,0,0,0,0,0,0,0,0,-15,72,-16,68,-14,67,-15,65,-13,60,-13,60,-11,58,-8,59,-5,53,-12,58,-6,54,-6,53,-2,52,-5,49,0,47,-1,49,0,46,2,44,1,44,1,44,5,47,3,46,6,44,3,43,4,42,6,41,5,40,1,43,2,39,0,42,1,36,0,42,-1,35,-1,37,-5,40,-5,32,-6,33,-8,33,-9,30,-8,26,-12,24,-8,24,-13,19,-11,14,-12,14,-12,15,-13,12,-10,8,-12,6,-10,7,-9,4,-9,0,-10,1,-6,3,-7,-2,-6,-3,-4,-6,0,0,0,0,0,0,0,0,0,0,0,0,0,0,0,0,0,0,0,0,0,0,3,17,1,22,1,21,-7,27,-6,24,-10,26,-12,26,-12,27,-15,27,-19,30,-20,31,-27,31,-28,31,-34,29,-32,30,-38,31,-42,30,-44,27,-47,30,-51,23,-54,20,-54,26,-57,19,-63,18,-63,14,-64,13,-65,13,-66,12,-67,11,-65,12,-65,9,-71,4,-71,6,-70,3,-69,1,-69,4,-71,3,-71,3,-70,4,-70,4,-73,1,-73,9,-78,6,-77,6,-79,4,-81,3,-81,4,-82,8,-83,0,-82,-2,-83,-2,-85,-2,-84,-3,-83,-6,-81,-7,-87,-7,-84,-13,0,0]"
CSI_DATA,205,1a:00:00:00:00:00,-44,11,1,0,1,1,1,0,0,0,1,-96,0,11,2,2940856,0,44,0,384,0,"[0,0,0,0,0,0,0,0,0,0,0,0,-6,-11,-6,-10,-6,-10,-6,-10,-6,-9,-6,-9,-6,-9,-6,-8,-6,-8,-6,-8,-6,-7,-6,-8,-6,-7,-6,-7,-6,-7,-6,-6,-6,-6,-6,-6,-6,-6,-6,-6,-6,-6,-6,-6,-6,-6,-6,-6,-6,-6,-6,-6,0,0,-5,-6,-5,-6,-4,-6,-4,-6,-4,-6,-4,-6,-3,-6,-3,-6,-2,-5,-2,-5,-1,-5,-1,-4,-1,-4,-1,-4,0,-4,0,-4,0,-3,0,-2,0,-2,0,-2,0,-2,0,-2,1,-1,0,-1,1,-1,0,0,0,0,0,0,0,0,0,0,0,0,0,0,0,0,-25,-68,-25,-67,-28,-63,-23,-66,-25,-62,-27,-58,-24,-56,-26,-53,-21,-52,-26,-50,-21,-50,-23,-45,-25,-45,-26,-42,-26,-41,-29,-42,-30,-39,-30,-36,-30,-37,-29,-36,-29,-34,-25,-38,-29,-33,-28,-31,-28,-33,-26,-34,-28,-35,-28,-29,-28,-32,-26,-34,-26,-30,-25,-32,-24,-33,-19,-32,-21,-33,-19,-32,-19,-32,-15,-33,-13,-31,-13,-26,-7,-26,-4,-25,-2,-24,1,-23,-1,-20,0,-16,0,-16,2,-13,4,-14,3,-7,3,-8,6,-6,6,-7,4,-4,3,1,1,2,2,1,0,0,0,0,0,0,0,0,0,0,0,0,0,0,0,0,0,0,0,0,0,0,-14,-16,-13,-20,-9,-19,-11,-26,-7,-27,-4,-30,-5,-28,0,-30,-2,-33,-1,-39,3,-40,0,-40,7,-43,12,-39,13,-42,19,-45,23,-49,24,-48,24,-50,32,-49,31,-51,37,-51,39,-50,38,-49,45,-46,45,-49,48,-47,49,-45,51,-45,54,-42,53,-43,56,-46,58,-40,54,-40,56,-41,58,-43,58,-42,53,-42,57,-42,58,-45,60,-44,59,-46,59,-44,62,-48,63,-48,58,-44,64,-45,68,-49,70,-48,66,-48,71,-46,71,-45,73,-42,75,-45,77,-41,73,-38,75,-34,0,0]"
CSI_DATA,206,1a:00:00:00:00:00,-44,11,1,0,1,1,1,0,0,0,1,-96,0,11,2,2950091,0,44,0,384,0,"[0,0,0,0,0,0,0,0,0,0,0,0,0,-12,0,-12,-1,-11,0,-11,-1,-11,-1,-10,-1,-10,-1,-10,-1,-10,-2,-9,-1,-9,-2,-9,-2,-9,-2,-9,-2,-8,-2,-9,-2,-8,-2,-8,-2,-8,-2,-8,-2,-8,-2,-8,-2,-8,-2,-8,-2,-8,-2,-8,0,0,-1,-7,-1,-7,-1,-7,-1,-7,0,-7,0,-6,0,-6,0,-6,1,-5,1,-5,1,-5,1,-4,1,-4,1,-3,1,-3,1,-3,1,-2,1,-2,1,-2,1,-1,1,-1,1,-1,1,-1,0,0,0,0,0,0,0,0,0,0,0,0,0,0,0,0,0,0,0,0,-9,-74,-10,-78,-7,-69,-6,-66,-10,-69,-8,-62,-11,-59,-10,-57,-7,-57,-13,-54,-11,-53,-12,-52,-14,-51,-14,-50,-14,-48,-17,-49,-15,-47,-16,-46,-15,-42,-16,-44,-19,-43,-16,-40,-16,-39,-19,-36,-16,-40,-17,-40,-16,-44,-15,-42,-16,-37,-14,-42,-17,-39,-12,-40,-13,-39,-11,-35,-8,-37,-5,-33,-4,-34,-1,-33,-2,-30,2,-30,3,-29,3,-24,7,-24,8,-18,5,-18,7,-17,7,-18,5,-14,7,-12,7,-10,6,-7,4,-7,5,-1,5,-1,5,3,4,2,1,2,0,0,0,0,0,0,0,0,0,0,0,0,0,0,0,0,0,0,0,0,0,0,-10,-19,-10,-20,-7,-22,-7,-26,-4,-27,-4,-24,0,-29,1,-33,6,-33,4,-34,8,-39,10,-38,14,-41,19,-41,21,-43,26,-43,27,-41,30,-43,33,-40,37,-45,40,-42,44,-38,50,-40,52,-42,53,-37,54,-38,57,-34,56,-37,61,-33,60,-32,63,-33,59,-28,62,-30,63,-28,66,-30,62,-28,64,-31,65,-28,61,-28,65,-29,65,-26,69,-27,68,-27,69,-31,68,-27,74,-30,76,-30,73,-30,79,-28,80,-27,79,-23,80,-24,73,-20,81,-27,85,-19,77,-17,80,-17,0,0]"
CSI_DATA,207,1a:00:00:00:00:00,-44,11,1,0,1,1,1,0,0,0,1,-96,0,11,2,2961101,0,44,0,384,0,"[0,0,0,0,0,0,0,0,0,0,0,0,-9,-8,-9,-7,-9,-7,-8,-7,-8,-6,-8,-6,-8,-5,-8,-5,-8,-5,-8,-5,-8,-5,-8,-5,-8,-5,-8,-5,-8,-4,-7,-4,-8,-4,-7,-4,-8,-4,-8,-4,-8,-4,-7,-4,-7,-4,-7,-4,-7,-4,-7,-4,0,0,-7,-4,-6,-4,-6,-4,-6,-4,-5,-5,-5,-5,-5,-4,-4,-4,-4,-4,-3,-4,-3,-4,-3,-4,-2,-4,-2,-4,-2,-3,-1,-3,-1,-3,-1,-3,-1,-3,0,-2,0,-2,0,-2,0,-1,0,-1,0,-1,0,-1,0,0,0,0,0,0,0,0,0,0,0,0,0,0,-55,-53,-56,-54,-53,-44,-48,-50,-47,-45,-46,-43,-48,-42,-44,-42,-41,-33,-44,-36,-44,-32,-39,-33,-43,-28,-42,-28,-42,-28,-41,-27,-44,-26,-41,-22,-40,-24,-38,-20,-40,-19,-44,-20,-41,-19,-40,-19,-41,-20,-41,-18,-38,-18,-37,-18,-38,-21,-38,-20,-38,-22,-34,-23,-32,-21,-30,-21,-30,-22,-28,-22,-27,-24,-27,-23,-21,-23,-17,-22,-18,-26,-13,-20,-10,-21,-12,-20,-7,-16,-7,-17,-7,-16,-6,-15,-2,-13,1,-9,0,-11,0,-9,3,-11,3,-6,6,-4,6,0,6,1,0,0,0,0,0,0,0,0,0,0,0,0,0,0,0,0,0,0,0,0,0,0,-20,-9,-19,-10,-20,-12,-21,-16,-22,-18,-19,-21,-22,-25,-19,-25,-18,-26,-16,-31,-17,-39,-18,-39,-16,-42,-13,-40,-10,-47,-9,-45,-5,-53,-3,-54,-4,-54,0,-57,3,-57,6,-61,9,-62,14,-63,14,-60,18,-65,21,-63,21,-63,23,-61,23,-63,25,-62,30,-65,30,-61,29,-63,32,-64,31,-65,28,-57,28,-81,31,-64,30,-67,31,-68,34,-66,36,-68,32,-69,37,-70,32,-74,37,-73,37,-71,35,-73,41,-73,41,-74,44,-72,50,-73,46,-69,45,-70,54,-64,51,-68,0,0]"
CSI_DATA,208,1a:00:00:00:00:00,-44,11,1,0,1,1,1,0,0,0,1,-96,0,11,2,2970182,0,44,0,384,0,"[0,0,0,0,0,0,0,0,0,0,0,0,2,-12,2,-12,1,-12,1,-11,1,-11,0,-11,1,-10,0,-10,0,-10,0,-9,0,-9,-1,-10,-1,-9,-1,-9,-1,-9,-1,-9,-1,-9,-1,-9,-2,-8,-1,-8,-1,-8,-1,-8,-1,-8,-1,-8,-1,-8,-1,-8,0,0,-1,-8,0,-8,0,-7,0,-7,0,-7,1,-6,1,-6,1,-6,1,-5,1,-5,2,-5,1,-4,2,-4,2,-3,1,-3,2,-2,2,-2,1,-2,1,-2,1,-1,1,-1,1,-1,1,0,1,0,0,0,0,0,0,0,0,0,0,0,0,0,0,0,0,0,0,0,25,-72,26,-70,24,-66,26,-65,24,-62,21,-55,21,-58,15,-57,17,-55,14,-52,13,-51,11,-52,10,-52,9,-48,13,-47,6,-46,7,-49,7,-46,6,-45,4,-46,1,-46,4,-48,2,-44,4,-43,2,-46,3,-42,2,-39,2,-42,7,-40,5,-41,8,-40,8,-40,12,-38,7,-33,11,-36,10,-32,14,-33,11,-31,14,-28,14,-26,12,-23,14,-20,14,-17,13,-18,11,-11,14,-13,15,-9,12,-8,10,-2,10,-6,8,-2,8,-2,7,1,7,2,2,2,5,4,0,4,0,0,0,0,0,0,0,0,0,0,0,0,0,0,0,0,0,0,0,0,0,0,-4,-20,-3,-22,-2,-23,0,-25,1,-28,6,-28,7,-31,9,-33,14,-29,17,-32,22,-34,23,-34,23,-35,30,-34,32,-33,36,-35,39,-31,44,-30,46,-28,49,-28,49,-28,53,-26,59,-21,58,-20,61,-15,65,-18,67,-16,65,-14,68,-14,64,-11,69,-6,65,-5,67,-5,69,-3,68,-4,69,-6,70,0,69,-2,70,-2,72,2,70,-3,76,-2,77,-1,81,1,76,1,80,-5,80,-2,84,2,82,4,84,6,84,8,84,9,80,12,84,11,83,16,81,16,79,20,0,0]"
CSI_DATA,209,1a:00:00:00:00:00,-44,11,1,0,1,1,1,0,0,0,1,-96,0,11,2,3000161,0,44,0,384,0,"[0,0,0,0,0,0,0,0,0,0,0,0,5,-11,5,-10,4,-10,5,-9,4,-9,4,-9,4,-9,3,-9,3,-9,3,-8,3,-9,3,-9,2,-8,2,-8,2,-8,2,-8,2,-8,2,-8,2,-8,2,-8,2,-8,1,-8,2,-8,2,-8,2,-7,2,-7,0,0,2,-7,2,-7,2,-6,2,-6,3,-5,3,-5,3,-5,3,-5,3,-4,3,-4,3,-3,3,-3,2,-3,2,-2,2,-2,2,-2,2,-1,2,-1,1,-1,1,-1,1,0,1,0,1,0,0,0,0,0,0,0,0,0,0,0,0,0,0,0,0,0,0,0,0,0,43,-62,42,-60,37,-59,34,-55,36,-56,32,-53,33,-50,33,-53,27,-48,25,-49,27,-47,21,-49,22,-49,20,-45,18,-43,19,-45,21,-47,17,-44,14,-43,14,-42,11,-43,15,-42,12,-44,11,-39,14,-40,11,-39,15,-42,12,-40,15,-38,17,-38,14,-38,15,-40,14,-35,18,-35,18,-33,18,-29,16,-31,20,-27,20,-23,21,-20,22,-19,17,-16,18,-13,16,-14,13,-8,15,-9,16,-9,12,-4,10,-3,10,-1,8,-2,9,1,8,1,5,4,-1,1,-1,4,-1,4,0,0,0,0,0,0,0,0,0,0,0,0,0,0,0,0,0,0,0,0,0,0,2,-21,5,-20,7,-22,11,-27,12,-22,12,-26,17,-25,17,-24,20,-24,28,-24,31,-23,32,-25,39,-22,39,-22,40,-22,45,-18,49,-19,51,-15,53,-14,54,-10,58,-6,60,-6,64,-5,64,-1,63,6,65,3,66,8,69,7,65,11,66,14,66,13,66,16,66,16,64,16,68,17,69,17,67,21,68,18,67,21,65,18,71,19,72,20,71,23,80,21,73,20,81,23,74,25,75,25,79,27,77,29,78,29,79,30,76,35,76,37,73,40,74,37,75,41,0,0]"
CSI_DATA,210,1a:00:00:00:00:00,-44,11,1,0,1,1,1,0,0,0,1,-96,0,11,2,3020135,0,44,0,384,0,"[0,0,0,0,0,0,0,0,0,0,0,0,6,8,6,8,6,8,6,8,6,7,6,7,6,7,6,6,6,6,6,6,6,5,6,5,6,5,6,5,6,5,6,5,6,5,6,5,6,4,6,4,5,4,6,4,5,4,5,4,5,4,5,4,0,0,5,4,4,4,4,4,4,4,3,4,3,4,3,4,2,4,1,4,1,3,1,4,1,3,0,3,0,3,0,2,0,2,-1,2,-1,2,-1,1,-1,1,-1,1,-1,0,-1,0,-1,0,-1,0,-1,-1,0,0,0,0,0,0,0,0,0,0,0,0,0,0,45,60,39,57,42,57,37,55,38,53,38,52,33,49,34,47,34,43,36,42,34,42,33,37,35,37,30,37,34,34,34,33,34,29,35,33,34,31,34,30,34,31,33,26,31,27,35,24,33,25,32,27,35,27,32,25,29,27,31,28,27,26,26,28,21,23,25,26,19,28,19,27,21,28,18,26,13,23,13,20,10,25,7,21,4,22,5,21,2,17,1,18,-1,14,-1,14,-2,12,-5,7,-3,7,-4,7,-4,4,-5,3,-5,4,-4,1,-6,-4,0,0,0,0,0,0,0,0,0,0,0,0,0,0,0,0,0,0,0,0,0,0,18,9,19,11,15,12,18,17,17,16,16,22,14,21,16,25,15,27,15,32,11,37,10,38,10,44,9,43,7,45,0,47,-3,54,-6,51,-6,53,-7,59,-13,59,-17,58,-17,60,-24,60,-26,57,-25,61,-31,59,-33,60,-34,57,-36,57,-35,53,-38,58,-40,60,-40,58,-40,58,-44,55,-42,54,-43,57,-44,58,-44,55,-47,60,-45,57,-49,62,-46,61,-48,59,-51,62,-51,61,-51,64,-52,62,-53,61,-59,57,-59,60,-63,59,-61,57,-63,56,-62,57,-65,50,0,0]"
CSI_DATA,211,1a:00:00:00:00:00,-44,11,1,0,1,1,1,0,0,0,1,-96,0,11,2,3030186,0,44,0,384,0,"[0,0,0,0,0,0,0,0,0,0,0,0,3,10,4,10,4,10,3,9,3,9,4,8,4,8,4,8,4,8,4,7,4,7,4,7,4,7,4,7,4,7,4,6,4,6,4,6,4,6,4,6,4,6,4,6,3,6,4,6,3,6,3,6,0,0,3,6,3,6,3,5,2,5,2,5,2,5,1,5,0,5,0,4,0,4,0,4,-1,3,-1,3,-1,3,-1,2,-1,2,-1,2,-1,1,-1,1,-1,1,-1,1,-1,0,-1,0,-1,0,-1,-1,-1,-1,0,0,0,0,0,0,0,0,0,0,0,0,0,0,17,66,16,71,16,63,18,63,17,66,14,56,18,59,17,49,17,55,19,51,14,52,19,48,19,52,17,47,20,43,20,43,23,43,20,38,19,38,24,40,23,38,20,40,22,35,19,39,15,37,19,33,21,36,21,34,18,35,20,36,20,36,15,34,16,35,10,32,9,34,11,30,5,31,4,31,4,29,3,26,2,26,2,22,-1,20,-3,23,-4,17,-6,15,-6,13,-7,15,-3,8,-5,7,-7,7,-7,7,-11,-1,-4,5,-5,2,-6,-2,-5,-4,0,0,0,0,0,0,0,0,0,0,0,0,0,0,0,0,0,0,0,0,0,0,15,13,11,15,13,19,12,19,9,25,7,26,5,30,4,32,1,34,2,36,-2,38,-2,40,-7,44,-7,42,-11,41,-16,47,-16,46,-22,48,-25,47,-29,50,-34,47,-38,46,-41,51,-39,48,-45,48,-44,51,-49,48,-50,42,-54,45,-52,41,-53,42,-52,39,-57,40,-59,37,-61,39,-61,35,-63,38,-59,42,-58,40,-59,43,-61,38,-63,45,-62,40,-67,43,-63,40,-65,43,-73,42,-70,39,-74,42,-76,41,-73,40,-76,40,-76,32,-80,34,-75,37,-77,26,-79,28,0,0]"
CSI_DATA,212,1a:00:00:00:00:00,-44,11,1,0,1,1,1,0,0,0,1,-96,0,11,2,3040139,0,44,0,384,0,"[0,0,0,0,0,0,0,0,0,0,0,0,-7,-11,-7,-10,-6,-10,-6,-10,-6,-9,-6,-9,-6,-8,-6,-8,-6,-8,-6,-7,-6,-7,-6,-7,-6,-7,-6,-7,-6,-6,-6,-6,-6,-6,-6,-6,-6,-6,-6,-6,-6,-6,-6,-6,-6,-6,-6,-6,-5,-6,-5,-6,0,0,-5,-6,-4,-6,-4,-6,-4,-6,-4,-6,-3,-6,-3,-6,-2,-5,-2,-5,-2,-5,-1,-5,-1,-4,-1,-4,0,-4,0,-3,0,-3,0,-3,0,-2,0,-2,0,-2,0,-1,1,-1,0,-1,0,-1,0,0,0,0,0,0,0,0,0,0,0,0,0,0,0,0,0,0,-44,-59,-42,-57,-41,-55,-39,-56,-40,-54,-36,-52,-36,-52,-38,-47,-34,-47,-37,-45,-38,-43,-35,-40,-33,-42,-33,-36,-31,-38,-36,-35,-35,-34,-36,-31,-35,-31,-35,-32,-35,-28,-35,-31,-36,-28,-36,-29,-33,-27,-35,-28,-32,-27,-34,-25,-32,-29,-31,-26,-27,-28,-27,-30,-27,-30,-24,-31,-22,-31,-22,-30,-22,-31,-15,-27,-15,-24,-12,-24,-10,-24,-5,-25,-6,-23,-6,-19,-6,-18,0,-18,-1,-15,0,-13,4,-14,2,-11,4,-10,1,-6,7,-4,4,-4,5,-4,1,-1,4,4,0,0,0,0,0,0,0,0,0,0,0,0,0,0,0,0,0,0,0,0,0,0,-22,-6,-18,-11,-20,-12,-22,-15,-20,-20,-21,-21,-21,-24,-20,-31,-19,-31,-17,-33,-13,-36,-13,-40,-15,-41,-9,-46,-6,-48,-9,-52,-4,-54,1,-55,3,-58,7,-59,9,-60,11,-58,17,-63,19,-65,24,-63,24,-64,28,-63,31,-61,31,-61,36,-64,35,-61,38,-62,41,-60,36,-59,39,-61,43,-57,45,-60,42,-63,41,-60,42,-60,42,-60,45,-63,46,-62,43,-63,47,-64,50,-68,51,-63,53,-66,52,-68,53,-65,53,-65,56,-64,64,-62,58,-62,61,-58,65,-57,68,-56,0,0]"
CSI_DATA,213,1a:00:00:00:00:00,-44,11,1,0,1,1,1,0,0,0,1,-96,0,11,2,3052343,0,44,0,384,0,"[0,0,0,0,0,0,0,0,0,0,0,0,0,-12,0,-11,0,-11,0,-11,-1,-11,0,-10,-1,-10,-1,-10,-1,-10,-1,-10,-2,-9,-1,-9,-2,-9,-2,-9,-2,-8,-2,-9,-2,-8,-2,-8,-2,-8,-2,-8,-2,-8,-2,-8,-2,-8,-2,-8,-2,-8,-2,-8,0,0,-1,-7,-1,-7,-1,-7,0,-7,0,-7,0,-6,1,-6,1,-6,1,-5,1,-5,1,-4,1,-4,1,-4,1,-3,1,-3,1,-2,1,-2,1,-2,1,-1,1,-1,1,-1,1,-1,0,-1,0,0,0,0,0,0,0,0,0,0,0,0,0,0,0,0,0,0,0,0,5,-72,5,-67,4,-65,2,-66,5,-64,4,-58,5,-64,3,-56,1,-54,-1,-54,-5,-53,-4,-54,-4,-51,0,-49,-4,-48,-6,-46,-3,-45,-6,-45,-6,-45,-6,-47,-9,-46,-9,-42,-9,-42,-10,-41,-8,-41,-7,-39,-7,-43,-8,-41,-8,-38,-6,-38,-5,-42,-5,-37,-3,-37,1,-34,1,-36,2,-34,3,-32,5,-30,5,-32,8,-26,8,-24,9,-23,10,-20,10,-17,8,-15,10,-13,10,-10,9,-7,9,-8,6,-5,8,-6,6,-4,7,-3,6,-2,4,2,2,0,-1,2,0,0,0,0,0,0,0,0,0,0,0,0,0,0,0,0,0,0,0,0,0,0,-12,-18,-8,-21,-6,-23,-4,-24,-3,-27,-2,-26,2,-31,4,-32,3,-35,8,-34,14,-38,15,-37,19,-37,22,-42,22,-39,26,-40,30,-39,34,-41,36,-40,39,-41,41,-40,49,-38,48,-36,56,-37,54,-31,59,-30,61,-29,59,-30,65,-24,63,-24,65,-23,64,-20,64,-19,66,-20,67,-20,68,-19,68,-21,68,-18,69,-19,73,-19,68,-21,72,-18,72,-18,76,-16,74,-19,78,-21,77,-16,78,-19,79,-19,85,-13,80,-10,84,-8,79,-7,81,-4,83,-2,80,-4,86,-3,0,0]"
CSI_DATA,214,1a:00:00:00:00:00,-44,11,1,0,1,1,1,0,0,0,1,-96,0,11,2,3060120,0,44,0,384,0,"[0,0,0,0,0,0,0,0,0,0,0,0,11,0,10,0,10,0,10,0,9,0,9,-1,9,-1,8,-1,8,-1,8,-1,8,-2,8,-2,7,-1,7,-1,7,-2,7,-2,7,-2,7,-2,7,-2,7,-2,7,-2,6,-2,7,-2,6,-2,6,-1,7,-2,0,0,6,-2,6,-1,6,-1,6,-1,5,-1,5,0,5,0,5,0,4,0,4,0,3,1,3,1,2,1,2,1,2,1,2,1,1,1,1,1,1,1,0,1,0,1,0,1,0,0,-1,0,-1,0,-1,0,0,0,0,0,0,0,0,0,0,0,0,0,0,0,70,30,70,24,65,19,63,19,60,20,58,21,57,19,55,16,51,17,50,16,54,14,50,11,49,9,50,9,46,9,46,4,46,8,50,7,50,1,42,2,46,2,47,2,42,0,45,1,42,-1,42,3,40,2,42,4,41,4,38,1,39,4,41,3,39,6,36,4,33,7,31,7,31,10,27,8,30,10,25,8,22,11,19,14,16,14,14,13,11,13,12,12,6,9,6,10,7,6,5,9,3,9,2,9,-2,6,-4,4,-4,1,-4,1,-3,-1,0,0,0,0,0,0,0,0,0,0,0,0,0,0,0,0,0,0,0,0,0,0,20,-1,18,0,22,1,27,2,27,6,25,8,26,10,27,13,31,15,30,21,30,26,27,27,30,32,31,33,30,39,28,42,24,47,23,49,24,47,23,53,24,54,20,61,12,60,11,68,8,65,9,65,3,70,5,73,1,71,0,68,0,68,-4,71,-2,71,-2,71,-5,74,-6,72,-5,70,-6,69,-5,72,-6,76,-5,76,-6,73,-8,75,-7,77,-2,79,-8,79,-8,81,-7,79,-10,85,-13,84,-18,81,-16,84,-16,85,-15,81,-20,78,-23,82,-22,81,0,0]"
CSI_DATA,215,1a:00:00:00:00:00,-45,11,1,0,1,1,1,0,0,0,1,-96,0,11,2,3070110,0,44,0,384,0,"[0,0,0,0,0,0,0,0,0,0,0,0,-5,-11,-5,-11,-5,-10,-5,-10,-5,-10,-5,-9,-5,-9,-5,-9,-5,-9,-5,-8,-5,-8,-5,-8,-5,-8,-5,-7,-5,-7,-5,-7,-5,-7,-5,-7,-5,-6,-5,-6,-5,-7,-5,-7,-5,-7,-5,-6,-5,-6,-4,-6,0,0,-4,-7,-4,-6,-3,-6,-3,-6,-3,-6,-3,-6,-2,-6,-2,-6,-1,-5,-1,-5,-1,-5,0,-4,0,-4,0,-3,0,-3,0,-3,0,-2,1,-2,1,-2,0,-1,0,-1,0,-1,0,-1,0,0,0,0,0,0,0,0,0,0,0,0,0,0,0,0,0,0,0,0,-11,-75,-16,-68,-10,-69,-10,-63,-9,-63,-8,-65,-8,-60,-9,-59,-8,-56,-15,-55,-14,-50,-16,-52,-16,-50,-15,-46,-13,-47,-12,-47,-17,-46,-17,-48,-19,-43,-15,-40,-19,-44,-15,-42,-20,-42,-17,-40,-21,-35,-16,-42,-16,-39,-16,-36,-16,-38,-12,-38,-11,-39,-9,-37,-13,-31,-8,-38,-8,-36,-4,-36,-4,-37,1,-33,-3,-28,1,-29,3,-28,8,-25,6,-21,3,-18,6,-16,4,-16,5,-12,6,-12,7,-7,8,-5,6,-2,7,-4,5,-1,3,-1,4,0,1,4,0,2,0,0,0,0,0,0,0,0,0,0,0,0,0,0,0,0,0,0,0,0,0,0,-16,-15,-11,-14,-12,-17,-11,-21,-12,-24,-11,-30,-8,-31,-8,-32,-7,-36,-2,-37,0,-41,7,-42,4,-42,9,-48,11,-48,18,-47,22,-50,23,-49,23,-51,34,-51,35,-53,38,-52,40,-47,43,-46,47,-47,51,-44,54,-44,53,-43,54,-38,58,-43,60,-35,61,-36,60,-36,61,-38,64,-38,64,-37,59,-32,65,-36,63,-32,65,-37,67,-35,65,-35,70,-36,68,-36,72,-40,70,-34,72,-35,73,-39,77,-36,76,-33,78,-28,80,-32,83,-25,80,-27,81,-25,81,-20,80,-20,0,0]"
CSI_DATA,216,1a:00:00:00:00:00,-45,11,1,0,1,1,1,0,0,0,1,-96,0,11,2,3080109,0,44,0,384,0,"[0,0,0,0,0,0,0,0,0,0,0,0,-9,6,-9,6,-8,6,-8,6,-8,6,-8,6,-7,6,-7,6,-7,6,-6,6,-6,6,-6,6,-6,6,-6,5,-5,6,-5,6,-5,6,-5,5,-5,5,-5,5,-5,5,-5,5,-5,5,-5,5,-5,5,-5,5,0,0,-5,4,-5,4,-5,4,-5,3,-5,3,-5,3,-5,2,-5,2,-5,1,-5,1,-4,1,-4,0,-4,0,-3,0,-3,0,-3,-1,-3,-1,-2,-1,-2,-1,-2,-1,-2,-1,-1,-1,-1,-1,-1,-1,0,-1,0,-1,0,0,0,0,0,0,0,0,0,0,0,0,0,0,-64,41,-57,37,-57,38,-55,34,-53,35,-50,36,-49,31,-45,34,-41,31,-46,36,-39,30,-37,31,-41,35,-35,27,-36,30,-33,34,-32,34,-33,34,-33,31,-27,29,-32,34,-30,29,-32,33,-29,29,-26,29,-29,32,-30,29,-30,29,-27,29,-24,29,-28,26,-28,25,-26,23,-29,26,-27,19,-31,19,-27,15,-29,12,-24,14,-24,7,-27,6,-19,7,-21,2,-20,3,-17,0,-16,-1,-12,-2,-12,-1,-11,-5,-7,-6,-5,-5,-5,-4,-2,-5,-2,-3,-1,-3,2,-6,5,-3,0,0,0,0,0,0,0,0,0,0,0,0,0,0,0,0,0,0,0,0,0,0,-6,15,-12,18,-12,18,-16,24,-18,18,-23,18,-23,18,-29,18,-31,16,-33,15,-34,13,-39,11,-43,10,-46,9,-48,8,-48,5,-54,2,-53,0,-59,-3,-56,-8,-55,-11,-61,-17,-59,-17,-61,-18,-62,-24,-64,-27,-66,-30,-61,-32,-59,-32,-62,-38,-54,-35,-57,-42,-58,-42,-56,-44,-59,-42,-59,-44,-55,-43,-57,-40,-57,-42,-59,-44,-63,-47,-56,-44,-59,-48,-62,-50,-62,-50,-61,-50,-64,-52,-62,-54,-64,-56,-60,-54,-60,-56,-60,-60,-61,-61,-55,-60,-58,-65,-55,-68,-51,-68,0,0]"
CSI_DATA,217,1a:00:00:00:00:00,-45,11,1,0,1,1,1,0,0,0,1,-96,0,11,2,3092041,0,44,0,384,0,"[0,0,0,0,0,0,0,0,0,0,0,0,8,-9,7,-8,7,-8,6,-8,6,-8,6,-7,5,-8,5,-7,5,-8,5,-8,5,-7,4,-7,4,-7,4,-7,4,-7,4,-7,3,-7,4,-7,3,-7,3,-7,3,-7,3,-7,3,-7,3,-7,3,-6,4,-6,0,0,4,-6,3,-6,3,-5,4,-5,4,-4,4,-4,4,-4,3,-3,4,-3,3,-3,3,-2,3,-2,2,-2,2,-1,2,-1,2,-1,2,-1,1,0,1,0,1,0,1,0,0,0,0,0,0,0,-1,0,-1,0,0,0,0,0,0,0,0,0,0,0,0,0,0,0,42,-58,42,-60,39,-54,33,-56,36,-56,33,-50,33,-53,30,-46,27,-47,27,-44,27,-47,19,-47,22,-47,22,-41,20,-46,20,-43,20,-42,17,-41,16,-41,15,-42,13,-45,13,-42,13,-38,12,-40,11,-39,14,-38,12,-37,13,-38,11,-35,16,-40,14,-37,17,-33,13,-34,14,-31,16,-32,20,-29,17,-25,20,-25,22,-19,18,-20,17,-19,18,-15,14,-13,16,-12,15,-7,15,-7,10,-4,11,-2,10,-2,11,-3,9,0,8,2,5,1,3,5,0,5,1,4,-3,5,0,0,0,0,0,0,0,0,0,0,0,0,0,0,0,0,0,0,0,0,0,0,-1,-22,2,-21,6,-23,8,-24,12,-26,11,-26,15,-27,19,-23,25,-25,29,-23,34,-22,33,-23,33,-24,40,-21,44,-21,45,-18,49,-18,53,-17,54,-11,60,-8,59,-7,63,-8,62,0,63,2,65,7,70,5,69,11,68,12,70,14,66,16,69,18,66,18,69,20,66,21,69,20,68,21,67,18,68,20,70,23,72,21,70,23,73,23,70,22,77,25,73,25,78,24,76,29,77,27,78,29,74,31,75,36,74,33,71,36,75,37,73,37,74,41,74,46,0,0]"
CSI_DATA,218,1a:00:00:00:00:00,-45,11,1,0,1,1,1,0,0,0,1,-96,0,11,2,3112273,0,44,0,384,0,"[0,0,0,0,0,0,0,0,0,0,0,0,-2,-12,-2,-11,-3,-11,-3,-10,-3,-10,-3,-10,-3,-9,-3,-9,-3,-9,-3,-9,-4,-9,-3,-8,-3,-8,-3,-7,-4,-7,-4,-8,-3,-8,-3,-7,-4,-7,-4,-7,-4,-7,-3,-7,-3,-7,-3,-7,-3,-7,-3,-7,0,0,-2,-7,-2,-7,-2,-6,-2,-6,-1,-6,-1,-6,-1,-6,-1,-6,0,-5,0,-5,0,-4,0,-4,0,-3,1,-3,1,-3,1,-2,1,-2,0,-2,0,-2,0,-1,1,-1,0,-1,0,0,0,0,0,0,0,0,0,0,0,0,0,0,0,0,0,0,0,0,0,0,-13,-71,-10,-71,-10,-67,-13,-64,-12,-63,-12,-60,-12,-54,-11,-58,-9,-50,-13,-52,-12,-54,-15,-48,-16,-45,-15,-44,-15,-47,-16,-47,-14,-43,-21,-44,-17,-40,-16,-39,-22,-39,-20,-39,-16,-41,-20,-38,-17,-37,-21,-36,-16,-38,-14,-38,-13,-35,-12,-40,-11,-37,-9,-37,-10,-36,-8,-31,-11,-31,-4,-30,-5,-31,-3,-26,-1,-30,-2,-26,1,-25,4,-23,6,-22,5,-19,4,-15,3,-17,6,-12,3,-11,8,-9,5,-6,6,-7,4,-4,5,-3,5,1,2,-1,3,3,-1,5,0,0,0,0,0,0,0,0,0,0,0,0,0,0,0,0,0,0,0,0,0,0,-10,-17,-12,-16,-13,-21,-10,-21,-12,-27,-6,-29,-7,-32,-4,-32,-3,-35,0,-37,5,-38,7,-44,9,-45,10,-46,12,-45,19,-46,21,-50,28,-48,28,-47,32,-47,38,-46,39,-46,46,-47,47,-44,51,-41,52,-43,54,-39,55,-39,58,-37,57,-38,57,-36,61,-34,62,-35,61,-31,63,-31,64,-31,64,-29,63,-32,63,-29,67,-29,67,-30,69,-30,69,-34,68,-34,75,-32,69,-34,73,-32,73,-31,71,-30,77,-27,77,-25,79,-26,80,-25,76,-25,81,-20,80,-18,78,-18,0,0]"
CSI_DATA,219,1a:00:00:00:00:00,-45,11,1,0,1,1,1,0,0,0,1,-96,0,11,2,3121085,0,44,0,384,0,"[0,0,0,0,0,0,0,0,0,0,0,0,0,11,0,10,0,10,0,10,0,9,0,9,1,9,1,8,1,8,1,8,1,8,1,8,1,8,1,8,1,7,1,7,2,7,2,7,2,7,2,7,2,7,1,7,1,7,2,6,1,6,1,6,0,0,0,6,0,6,0,6,0,6,0,5,-1,5,-1,5,-1,4,-1,4,-1,4,-2,3,-2,3,-2,2,-2,2,-2,2,-2,1,-2,1,-2,0,-2,0,-2,0,-2,0,-1,-1,-1,-1,-1,-1,-1,-1,0,-1,0,0,0,0,0,0,0,0,0,0,0,0,0,0,-3,69,-1,68,0,68,0,61,0,63,-2,60,0,57,-2,57,0,51,2,51,5,54,7,47,6,50,10,45,6,47,8,47,11,45,10,41,11,38,12,43,10,41,9,40,12,39,10,38,11,38,10,41,10,34,12,36,8,37,11,38,10,38,8,35,1,33,1,33,3,35,0,31,-2,28,-4,27,-3,24,-6,23,-9,24,-7,20,-6,17,-7,18,-8,15,-9,12,-11,8,-8,9,-8,9,-7,7,-10,4,-5,3,-4,-2,-4,0,-7,0,-1,-4,-2,-7,0,0,0,0,0,0,0,0,0,0,0,0,0,0,0,0,0,0,0,0,0,0,10,13,11,18,6,24,5,24,3,25,2,27,1,29,-1,31,-6,33,-8,34,-10,36,-13,37,-16,40,-19,42,-25,41,-26,39,-34,43,-34,44,-37,43,-39,39,-42,42,-45,39,-51,38,-52,37,-53,35,-58,34,-61,31,-59,29,-62,26,-64,27,-64,27,-68,23,-63,23,-65,24,-65,20,-68,20,-68,19,-68,20,-67,19,-69,22,-69,21,-69,21,-73,19,-74,21,-77,19,-77,22,-79,18,-80,20,-79,22,-80,18,-79,16,-83,12,-80,13,-83,8,-81,5,-82,8,-81,7,0,0]"
CSI_DATA,220,1a:00:00:00:00:00,-45,11,1,0,1,1,1,0,0,0,1,-96,0,11,2,3130096,0,44,0,384,0,"[0,0,0,0,0,0,0,0,0,0,0,0,10,-1,10,-1,10,-1,9,-1,9,-1,9,-2,8,-2,8,-2,8,-2,8,-2,8,-2,7,-2,7,-2,7,-2,7,-2,7,-3,7,-3,6,-3,6,-3,6,-3,6,-2,6,-3,6,-3,6,-2,6,-2,6,-2,0,0,6,-2,5,-1,5,-1,6,-1,4,-1,5,-1,4,0,4,0,4,0,4,0,3,1,2,1,2,1,2,1,2,0,1,1,1,1,1,1,0,1,0,0,0,1,0,0,-1,0,-1,0,-1,0,-1,0,0,0,0,0,0,0,0,0,0,0,0,0,0,0,71,5,69,1,69,4,62,3,60,1,58,1,57,2,53,-1,49,-2,49,-5,52,-3,50,-4,47,-3,44,-4,46,-6,46,-11,44,-11,42,-10,43,-7,43,-8,41,-10,39,-9,41,-11,39,-12,38,-10,39,-10,39,-12,39,-12,38,-9,38,-9,37,-9,36,-7,32,-5,33,-2,33,-2,31,-2,31,1,27,1,26,4,21,3,22,2,18,8,16,5,16,5,13,9,12,7,11,5,6,9,7,7,6,4,4,5,0,6,-1,5,-4,5,-4,4,-3,3,-4,1,0,0,0,0,0,0,0,0,0,0,0,0,0,0,0,0,0,0,0,0,0,0,15,-6,17,-9,21,-8,27,-6,25,-5,29,0,29,1,30,0,34,4,33,5,35,10,36,14,36,17,39,21,42,24,38,27,42,31,38,35,41,37,39,41,37,47,38,49,32,50,34,56,30,57,29,58,26,58,27,62,23,58,21,63,21,60,18,63,18,69,17,66,17,67,19,68,18,65,19,66,14,67,20,69,17,71,16,66,16,72,19,73,16,75,18,75,14,78,18,76,12,78,13,78,12,82,10,83,10,84,9,81,5,83,1,82,2,77,0,0]"
CSI_DATA,221,1a:00:00:00:00:00,-45,11,1,0,1,1,1,0,0,0,1,-96,0,11,2,3150278,0,44,0,384,0,"[0,0,0,0,0,0,0,0,0,0,0,0,-12,-1,-12,-1,-11,-1,-11,-1,-11,-1,-10,-1,-10,0,-10,0,-10,0,-9,0,-9,0,-9,0,-9,0,-9,1,-8,1,-8,1,-8,1,-8,1,-8,1,-8,1,-8,1,-8,1,-7,1,-8,1,-8,1,-7,1,0,0,-7,0,-7,0,-7,0,-6,0,-6,-1,-6,-1,-6,-1,-5,-1,-5,-2,-4,-2,-4,-2,-4,-2,-3,-2,-3,-2,-2,-2,-2,-2,-2,-2,-2,-2,-1,-2,-1,-2,-1,-2,0,-1,0,-1,0,-1,0,-1,1,-1,0,0,0,0,0,0,0,0,0,0,0,0,0,0,-67,-26,-64,-20,-65,-22,-59,-24,-59,-22,-61,-20,-57,-16,-58,-18,-52,-18,-51,-12,-52,-14,-52,-14,-51,-8,-46,-9,-48,-10,-44,-7,-48,-9,-49,0,-47,-5,-44,-6,-42,-2,-40,-5,-41,2,-44,0,-43,-1,-44,-3,-41,-3,-42,-4,-38,-3,-38,-7,-37,-1,-37,-7,-37,-6,-37,-8,-33,-10,-31,-11,-30,-11,-28,-12,-23,-12,-24,-11,-19,-15,-17,-11,-18,-13,-14,-13,-13,-12,-8,-12,-9,-11,-6,-10,-5,-6,-3,-7,-5,-6,1,-5,-1,-6,4,-6,4,-3,2,1,6,2,0,0,0,0,0,0,0,0,0,0,0,0,0,0,0,0,0,0,0,0,0,0,-21,5,-23,0,-24,0,-25,-4,-26,-8,-27,-7,-29,-12,-29,-12,-32,-15,-32,-18,-33,-24,-33,-27,-33,-29,-34,-33,-33,-38,-32,-41,-31,-44,-30,-46,-30,-49,-30,-49,-24,-55,-22,-61,-19,-57,-21,-64,-16,-63,-15,-68,-12,-65,-6,-71,-9,-65,-3,-75,-5,-69,-1,-73,2,-74,4,-70,2,-70,4,-73,0,-69,2,-71,0,-74,0,-75,4,-75,2,-74,4,-79,3,-77,2,-81,6,-77,5,-80,6,-81,9,-84,10,-82,13,-81,12,-82,17,-83,17,-81,17,-78,18,-82,18,-80,0,0]"
CSI_DATA,222,1a:00:00:00:00:00,-45,11,1,0,1,1,1,0,0,0,1,-96,0,11,2,3160802,0,44,0,384,0,"[0,0,0,0,0,0,0,0,0,0,0,0,-11,4,-11,3,-10,3,-10,3,-10,3,-10,3,-9,4,-9,4,-9,4,-8,3,-8,4,-8,4,-8,4,-8,3,-7,4,-7,4,-7,4,-7,4,-7,4,-7,4,-7,4,-7,4,-7,4,-6,4,-7,3,-7,4,0,0,-7,3,-6,3,-6,2,-6,2,-6,1,-5,1,-6,1,-5,1,-5,1,-5,0,-4,0,-4,-1,-3,-1,-3,-1,-3,-1,-3,-1,-2,-1,-2,-1,-2,-1,-1,-1,-1,-1,-1,-2,0,-1,0,-1,0,-1,0,-1,0,0,0,0,0,0,0,0,0,0,0,0,0,0,-71,10,-68,8,-66,9,-64,8,-62,12,-58,8,-56,11,-54,7,-56,14,-51,11,-52,14,-47,14,-48,15,-45,13,-45,13,-45,17,-46,14,-42,13,-42,16,-42,17,-40,19,-39,18,-37,19,-35,20,-36,14,-38,17,-36,18,-38,16,-34,14,-33,16,-34,15,-35,13,-33,10,-35,7,-32,7,-32,9,-30,2,-31,5,-25,4,-25,3,-23,-1,-22,-1,-19,-5,-17,-4,-13,-4,-13,-4,-12,-2,-12,-6,-7,-4,-5,-7,-7,-4,-3,-6,-2,-6,2,-4,3,-3,5,-3,3,-3,0,0,0,0,0,0,0,0,0,0,0,0,0,0,0,0,0,0,0,0,0,0,-18,12,-19,11,-18,7,-22,6,-24,7,-24,3,-26,3,-33,2,-31,1,-35,-5,-37,-5,-43,-8,-40,-17,-45,-18,-44,-21,-42,-22,-45,-26,-46,-28,-45,-32,-46,-34,-44,-37,-48,-43,-41,-47,-43,-46,-43,-51,-40,-52,-39,-57,-34,-56,-39,-57,-32,-62,-32,-61,-32,-60,-31,-65,-29,-64,-31,-63,-29,-65,-26,-62,-32,-65,-31,-66,-32,-69,-31,-68,-34,-71,-32,-71,-35,-72,-30,-71,-34,-77,-34,-74,-33,-78,-31,-78,-27,-78,-27,-77,-28,-79,-25,-77,-26,-78,-22,-83,-21,-81,-18,-81,0,0]"
CSI_DATA,223,1a:00:00:00:00:00,-45,11,1,0,1,1,1,0,0,0,1,-96,0,11,2,3170122,0,44,0,384,0,"[0,0,0,0,0,0,0,0,0,0,0,0,10,4,9,3,10,4,9,4,9,3,8,3,9,2,8,2,8,2,8,2,8,2,8,1,8,2,7,1,7,1,8,1,7,0,7,1,7,1,7,1,7,1,7,1,7,1,7,1,7,1,6,1,0,0,6,1,6,2,5,2,6,2,5,2,4,2,4,3,3,2,3,2,3,2,2,2,2,2,1,2,1,2,1,2,1,2,0,2,0,1,0,1,-1,1,-1,1,-1,0,-1,0,-1,0,-1,-1,-1,-1,0,0,0,0,0,0,0,0,0,0,0,0,0,0,66,35,61,32,60,27,54,31,54,30,55,26,53,24,53,25,46,23,49,23,48,17,46,20,44,18,47,19,46,14,45,14,44,12,43,13,45,13,42,9,44,10,40,12,37,9,40,9,40,13,39,11,39,10,37,6,37,8,38,11,36,10,32,10,33,12,32,14,30,14,25,15,25,16,23,18,20,14,17,15,15,15,14,14,12,15,12,14,5,14,5,10,4,10,3,9,1,12,1,7,-6,5,0,4,-4,2,-5,5,-4,1,-7,0,-3,0,0,0,0,0,0,0,0,0,0,0,0,0,0,0,0,0,0,0,0,0,0,0,22,-4,19,-6,21,4,23,-3,27,9,23,9,23,13,29,12,28,15,29,20,29,23,27,31,30,31,31,30,29,35,26,39,31,43,23,47,28,49,21,52,17,55,16,60,16,61,7,63,11,63,9,64,6,67,3,65,-3,69,-6,71,-7,66,-6,68,-10,68,-10,70,-14,69,-10,72,-11,69,-12,69,-10,70,-10,71,-13,74,-11,76,-17,72,-11,76,-10,73,-22,75,-20,75,-20,80,-22,81,-24,81,-22,79,-24,80,-30,81,-28,79,-30,78,-32,78,-32,75,0,0]"
CSI_DATA,224,1a:00:00:00:00:00,-45,11,1,0,1,1,1,0,0,0,1,-96,0,11,2,3181587,0,44,0,384,0,"[0,0,0,0,0,0,0,0,0,0,0,0,-5,-11,-5,-10,-5,-10,-5,-10,-5,-9,-5,-9,-5,-9,-5,-8,-5,-8,-5,-8,-5,-8,-5,-8,-5,-8,-5,-8,-5,-7,-5,-7,-5,-7,-5,-7,-6,-7,-5,-7,-5,-6,-6,-7,-5,-7,-5,-7,-5,-7,-4,-6,0,0,-4,-6,-4,-6,-3,-6,-3,-6,-3,-6,-2,-6,-2,-6,-1,-6,-1,-5,-1,-5,-1,-4,0,-4,0,-4,0,-4,0,-3,1,-3,0,-2,1,-2,0,-1,0,-1,1,-1,0,-1,0,0,0,0,0,0,0,0,0,0,0,0,0,0,0,0,0,0,0,0,0,0,-17,-75,-17,-66,-15,-69,-16,-64,-17,-62,-17,-61,-16,-52,-15,-55,-14,-56,-12,-48,-17,-53,-18,-48,-19,-48,-18,-47,-19,-44,-20,-42,-20,-43,-19,-44,-21,-40,-22,-39,-22,-39,-20,-38,-21,-38,-22,-37,-21,-34,-20,-38,-20,-37,-20,-36,-18,-37,-19,-34,-15,-35,-16,-36,-13,-31,-10,-34,-8,-35,-10,-30,-8,-32,-4,-32,-4,-30,0,-25,-1,-24,3,-20,2,-22,1,-17,3,-13,8,-11,5,-11,1,-10,4,-7,3,-6,5,-5,4,-3,3,-1,7,5,2,1,4,6,4,4,0,0,0,0,0,0,0,0,0,0,0,0,0,0,0,0,0,0,0,0,0,0,-12,-15,-13,-17,-15,-20,-14,-23,-12,-25,-11,-27,-8,-29,-7,-31,-4,-33,-1,-34,-1,-39,1,-40,3,-42,7,-45,9,-48,13,-47,19,-52,20,-48,21,-53,30,-49,32,-50,38,-51,39,-49,42,-47,42,-45,45,-46,52,-47,51,-47,50,-43,54,-45,56,-42,59,-39,58,-40,59,-39,58,-39,59,-38,61,-38,60,-40,62,-39,62,-40,66,-38,61,-41,64,-39,68,-40,70,-42,74,-44,72,-39,72,-37,76,-37,76,-37,76,-33,80,-37,80,-30,77,-32,77,-31,77,-28,80,-23,0,0]"
CSI_DATA,225,1a:00:00:00:00:00,-45,11,1,0,1,1,1,0,0,0,1,-96,0,11,2,3200156,0,44,0,384,0,"[0,0,0,0,0,0,0,0,0,0,0,0,-12,3,-11,3,-11,3,-10,2,-10,2,-10,3,-10,3,-10,3,-9,3,-8,3,-9,4,-9,4,-8,3,-8,3,-8,3,-8,4,-8,3,-8,4,-7,3,-8,3,-7,3,-7,3,-8,3,-7,3,-7,3,-7,3,0,0,-8,2,-7,2,-7,1,-7,1,-6,1,-6,0,-6,0,-5,0,-5,-1,-5,-1,-4,-1,-4,-1,-4,-1,-3,-2,-3,-2,-2,-2,-2,-2,-2,-2,-2,-2,-1,-2,-1,-2,0,-1,0,-1,0,-1,0,-1,1,-1,0,0,0,0,0,0,0,0,0,0,0,0,0,0,-71,19,-68,24,-65,18,-64,18,-65,18,-56,16,-58,19,-50,16,-56,20,-50,18,-49,18,-48,19,-48,19,-50,19,-47,16,-43,20,-47,20,-41,18,-40,17,-37,27,-36,20,-38,21,-39,23,-37,18,-35,18,-35,21,-38,24,-39,18,-37,16,-36,17,-38,12,-34,13,-37,13,-34,10,-34,10,-32,8,-30,4,-35,1,-29,4,-28,0,-24,2,-22,-3,-19,-4,-18,-6,-17,-5,-17,-4,-11,-9,-8,-7,-6,-7,-4,-10,-3,-7,-4,-6,0,-4,3,-7,1,-4,3,1,3,1,0,0,0,0,0,0,0,0,0,0,0,0,0,0,0,0,0,0,0,0,0,0,-12,15,-12,17,-16,12,-23,14,-21,12,-23,11,-26,11,-30,9,-35,8,-33,7,-39,3,-41,1,-44,0,-45,-6,-46,-4,-49,-8,-52,-11,-53,-15,-49,-19,-52,-20,-52,-24,-54,-28,-54,-36,-50,-39,-50,-43,-50,-45,-52,-45,-47,-42,-51,-52,-47,-51,-51,-55,-44,-53,-43,-56,-44,-58,-44,-59,-41,-55,-47,-58,-44,-58,-42,-57,-42,-60,-41,-57,-48,-64,-43,-60,-49,-66,-45,-63,-45,-70,-44,-68,-43,-70,-42,-75,-43,-76,-39,-75,-38,-76,-40,-74,-37,-83,-33,-80,-30,-77,-29,-80,0,0]"
CSI_DATA,226,1a:00:00:00:00:00,-45,11,1,0,1,1,1,0,0,0,1,-96,0,11,2,3210372,0,44,0,384,0,"[0,0,0,0,0,0,0,0,0,0,0,0,-11,1,-11,1,-11,1,-10,1,-10,1,-10,2,-9,2,-9,2,-9,2,-9,2,-9,2,-8,2,-8,2,-8,2,-8,2,-8,3,-8,3,-8,3,-7,3,-7,3,-7,2,-7,2,-7,2,-7,2,-7,2,-7,2,0,0,-7,2,-7,1,-6,1,-6,1,-6,0,-6,0,-5,0,-5,0,-5,-1,-5,-1,-4,-1,-3,-1,-3,-2,-3,-2,-3,-1,-2,-2,-2,-2,-2,-2,-1,-2,-1,-2,-1,-1,0,-2,0,-1,0,-1,0,-1,1,-1,0,0,0,0,0,0,0,0,0,0,0,0,0,0,-75,17,-67,15,-73,17,-66,14,-61,17,-61,16,-59,14,-63,15,-50,12,-56,16,-55,18,-51,19,-45,20,-47,16,-47,19,-47,22,-45,22,-43,22,-43,23,-39,23,-45,25,-36,23,-39,23,-39,22,-34,21,-38,21,-36,23,-32,23,-35,20,-38,19,-36,18,-35,20,-35,13,-35,17,-32,10,-33,11,-30,9,-30,7,-30,3,-26,0,-25,2,-26,1,-21,-2,-19,-2,-16,-2,-15,-1,-11,-7,-10,-3,-11,-4,-11,-7,-5,-8,-6,-6,-4,-7,-1,-4,2,-2,6,-3,6,-2,0,0,0,0,0,0,0,0,0,0,0,0,0,0,0,0,0,0,0,0,0,0,-19,13,-18,10,-20,10,-22,9,-29,8,-31,5,-30,6,-32,2,-34,-2,-37,-4,-37,-8,-42,-9,-40,-12,-44,-14,-44,-17,-43,-21,-48,-23,-47,-27,-53,-32,-46,-33,-42,-38,-47,-42,-46,-42,-47,-47,-41,-51,-45,-51,-39,-55,-42,-58,-38,-58,-42,-61,-37,-59,-35,-67,-38,-62,-34,-67,-34,-64,-35,-63,-34,-63,-35,-66,-32,-64,-37,-66,-36,-69,-35,-68,-39,-74,-36,-67,-37,-73,-41,-73,-37,-75,-36,-76,-36,-81,-32,-79,-33,-77,-32,-82,-33,-82,-28,-78,-29,-83,-22,-83,-26,-82,0,0]"
CSI_DATA,227,1a:00:00:00:00:00,-45,11,1,0,1,1,1,0,0,0,1,-96,0,11,2,3230107,0,44,0,384,0,"[0,0,0,0,0,0,0,0,0,0,0,0,-5,10,-5,10,-4,10,-4,9,-4,9,-4,9,-3,9,-3,9,-3,8,-3,8,-3,8,-3,8,-2,8,-2,8,-2,8,-2,8,-2,8,-2,8,-1,7,-1,7,-1,7,-1,7,-2,7,-2,7,-2,7,-2,6,0,0,-2,6,-2,6,-2,6,-3,5,-3,5,-3,4,-3,4,-3,4,-4,3,-3,3,-4,2,-3,2,-3,1,-3,1,-3,1,-3,0,-2,0,-2,0,-2,-1,-2,-1,-1,-1,-1,-1,-1,-1,0,-1,0,-1,0,-1,0,0,0,0,0,0,0,0,0,0,0,0,0,0,-31,65,-27,64,-27,67,-24,59,-29,62,-21,58,-22,54,-22,52,-19,54,-18,53,-15,51,-15,50,-14,48,-15,49,-15,49,-14,46,-10,46,-8,45,-11,46,-5,46,-8,44,-9,43,-7,39,-6,46,-3,43,-6,41,-7,43,-7,37,-7,38,-9,39,-8,37,-10,38,-9,37,-12,33,-14,34,-15,25,-16,29,-14,26,-16,23,-13,21,-16,20,-17,17,-13,9,-16,9,-14,4,-12,7,-12,6,-11,4,-12,0,-8,0,-6,1,-9,-1,-5,-4,-5,-4,-3,-9,1,-3,4,-6,0,0,0,0,0,0,0,0,0,0,0,0,0,0,0,0,0,0,0,0,0,0,4,19,4,20,2,22,-2,23,-4,25,-6,22,-7,30,-9,26,-13,30,-18,31,-20,29,-23,33,-27,31,-33,31,-32,33,-36,29,-40,30,-42,32,-48,29,-50,28,-52,27,-57,25,-59,19,-65,15,-62,13,-65,12,-66,7,-66,4,-71,9,-68,3,-73,5,-69,2,-74,0,-71,0,-71,-3,-69,-1,-73,-5,-75,-2,-73,-4,-72,-3,-74,-6,-78,-5,-78,-6,-78,-4,-79,-7,-80,-3,-80,-6,-85,-7,-88,-9,-87,-16,-87,-18,-85,-19,-86,-21,-87,-22,-85,-24,-81,-25,-77,-23,0,0]"
CSI_DATA,228,1a:00:00:00:00:00,-45,11,1,0,1,1,1,0,0,0,1,-96,0,11,2,3240085,0,44,0,384,0,"[0,0,0,0,0,0,0,0,0,0,0,0,9,-6,9,-6,8,-5,8,-6,8,-6,8,-6,7,-6,7,-6,7,-6,6,-6,6,-6,6,-6,6,-6,6,-6,6,-6,6,-6,5,-6,5,-6,5,-6,5,-6,5,-5,5,-6,5,-5,5,-5,5,-5,5,-5,0,0,5,-5,5,-4,5,-4,5,-4,4,-3,4,-3,4,-3,4,-2,4,-2,4,-1,4,-1,3,-1,2,0,2,0,2,0,2,0,1,0,1,0,1,0,0,0,0,1,0,0,-1,0,-1,0,-1,0,-1,0,0,0,0,0,0,0,0,0,0,0,0,0,0,0,68,-21,65,-22,63,-23,61,-19,60,-18,56,-17,56,-21,54,-19,52,-21,50,-20,51,-18,50,-23,47,-22,44,-21,46,-18,44,-23,41,-22,43,-23,41,-24,44,-25,41,-24,38,-24,40,-22,33,-25,35,-22,37,-20,36,-23,35,-22,36,-19,38,-22,36,-16,36,-16,33,-16,32,-14,32,-7,31,-7,34,-5,28,-5,26,-3,28,-3,25,0,22,-1,22,5,16,6,14,3,13,2,14,3,9,6,7,8,3,7,4,9,-1,5,0,8,-4,5,-7,3,-6,2,-10,0,0,0,0,0,0,0,0,0,0,0,0,0,0,0,0,0,0,0,0,0,0,0,10,-17,14,-16,15,-18,20,-17,19,-14,25,-13,24,-12,26,-10,29,-10,34,-8,38,-7,40,-6,42,-1,42,1,44,3,47,9,46,9,51,11,54,14,53,21,52,25,55,28,56,29,52,34,51,37,52,40,49,43,49,44,49,46,49,47,48,49,47,52,44,50,44,57,45,54,43,53,46,55,43,56,43,57,44,60,42,58,46,59,48,62,47,64,47,63,48,61,47,67,44,66,42,71,43,74,41,74,38,72,36,74,34,77,35,76,33,76,32,78,0,0]"
CSI_DATA,229,1a:00:00:00:00:00,-45,11,1,0,1,1,1,0,0,0,1,-96,0,11,2,3250089,0,44,0,384,0,"[0,0,0,0,0,0,0,0,0,0,0,0,-5,-11,-5,-10,-5,-10,-5,-10,-5,-9,-5,-9,-5,-9,-5,-8,-5,-8,-5,-8,-5,-7,-5,-7,-6,-7,-6,-7,-5,-7,-5,-7,-5,-7,-5,-6,-6,-6,-5,-7,-6,-6,-6,-6,-5,-6,-5,-6,-5,-7,-5,-6,0,0,-4,-6,-4,-6,-4,-6,-3,-6,-3,-6,-2,-6,-2,-5,-2,-5,-2,-5,-1,-5,-1,-4,-1,-4,0,-4,0,-3,0,-3,0,-3,0,-2,0,-2,0,-2,0,-1,0,-1,1,-1,1,0,0,0,0,0,0,1,0,0,0,0,0,0,0,0,0,0,0,0,0,0,-30,-70,-29,-69,-26,-66,-28,-61,-26,-62,-27,-60,-24,-55,-25,-56,-25,-52,-27,-50,-24,-52,-29,-48,-26,-48,-27,-46,-26,-47,-27,-43,-29,-41,-28,-40,-26,-39,-29,-42,-30,-38,-28,-40,-29,-35,-28,-37,-28,-35,-29,-33,-28,-35,-30,-34,-28,-35,-23,-36,-20,-35,-23,-37,-18,-31,-18,-33,-17,-35,-16,-32,-9,-33,-9,-32,-8,-29,-3,-28,-5,-27,-1,-21,-2,-25,-1,-19,0,-16,4,-14,5,-14,0,-11,3,-9,8,-8,3,-3,4,-5,4,0,9,0,3,2,5,5,4,7,0,0,0,0,0,0,0,0,0,0,0,0,0,0,0,0,0,0,0,0,0,0,-20,-12,-16,-11,-15,-16,-16,-24,-14,-22,-13,-26,-14,-29,-12,-29,-10,-30,-5,-38,-7,-38,-4,-40,-2,-43,-2,-45,1,-46,7,-47,11,-52,12,-56,17,-55,20,-55,20,-54,26,-56,32,-57,30,-56,35,-55,38,-55,41,-55,45,-53,47,-51,49,-54,49,-49,49,-47,53,-58,53,-52,50,-46,55,-46,51,-46,55,-49,56,-47,59,-47,58,-52,56,-50,60,-51,65,-53,64,-49,60,-53,63,-54,65,-55,68,-51,71,-49,71,-50,77,-51,74,-47,72,-43,76,-41,74,-41,76,-42,0,0]"
CSI_DATA,230,1a:00:00:00:00:00,-45,11,1,0,1,1,1,0,0,0,1,-96,0,11,2,3271254,0,44,0,384,0,"[0,0,0,0,0,0,0,0,0,0,0,0,4,10,3,9,4,10,4,9,4,9,4,8,4,8,4,8,4,7,4,7,4,7,4,7,4,7,4,6,4,7,4,6,4,6,4,6,4,6,4,6,4,6,4,6,3,6,4,6,4,6,3,5,0,0,3,5,3,6,2,6,2,5,1,5,1,5,1,5,0,5,0,4,0,4,-1,4,0,3,-1,3,-1,3,-1,2,-1,2,-2,2,-2,1,-1,1,-1,0,-2,0,-2,0,-2,-1,-1,-1,-1,-1,-1,-2,0,0,0,0,0,0,0,0,0,0,0,0,0,0,33,60,32,62,32,62,32,56,31,54,29,57,30,47,29,49,26,46,29,49,30,42,29,43,30,41,29,40,31,38,30,38,31,35,31,34,31,34,30,29,30,34,32,32,30,29,27,28,28,27,32,27,29,33,29,29,26,30,27,28,24,30,25,34,22,30,20,28,21,29,16,27,17,28,10,25,14,25,5,25,4,22,4,21,2,22,1,18,-3,16,-6,17,-5,14,-4,8,-6,10,-4,7,-4,5,-4,4,-7,3,-5,-1,-2,-3,-3,-7,-3,-7,0,0,0,0,0,0,0,0,0,0,0,0,0,0,0,0,0,0,0,0,0,0,16,4,13,13,18,15,16,23,13,20,16,18,12,27,13,24,12,29,10,31,7,36,3,38,6,38,7,44,0,43,-4,46,-4,48,-5,46,-6,53,-13,52,-21,54,-18,55,-21,52,-29,57,-31,57,-33,56,-35,54,-39,59,-35,58,-46,53,-44,52,-47,55,-43,52,-43,53,-46,54,-46,49,-44,52,-48,52,-46,51,-49,56,-52,54,-52,54,-56,55,-54,58,-54,56,-60,56,-58,56,-57,57,-62,57,-64,55,-64,50,-67,55,-66,53,-68,49,-67,44,-77,42,-67,41,0,0]"
CSI_DATA,231,1a:00:00:00:00:00,-45,11,1,0,1,1,1,0,0,0,1,-96,0,11,2,3280121,0,44,0,384,0,"[0,0,0,0,0,0,0,0,0,0,0,0,11,2,10,2,10,2,9,2,10,2,9,1,9,1,9,1,9,1,9,1,9,0,8,0,8,0,8,0,8,0,8,-1,8,-1,8,-1,8,-1,7,0,7,0,7,0,7,-1,7,-1,7,0,7,0,0,0,7,0,6,0,6,1,6,0,6,1,5,1,5,2,4,2,4,1,4,1,3,2,2,2,2,2,1,1,1,2,1,1,1,1,0,1,0,1,0,1,-1,1,-1,0,-1,0,-2,0,-1,0,-2,-1,0,0,0,0,0,0,0,0,0,0,0,0,0,0,66,17,68,14,67,15,63,11,60,12,55,11,57,12,55,11,50,5,57,2,54,2,50,3,50,0,51,0,49,-1,47,-1,43,-1,49,-2,47,-1,43,-3,46,-4,43,-2,43,-10,40,-6,41,-4,43,-7,42,-5,40,-2,38,-2,37,-6,41,-2,40,0,35,-2,38,2,32,5,34,5,34,5,29,4,28,10,24,9,20,10,19,9,20,11,13,11,10,13,11,11,9,8,7,11,5,11,4,9,2,6,1,5,-2,6,-4,0,-6,5,-7,0,-7,-2,0,0,0,0,0,0,0,0,0,0,0,0,0,0,0,0,0,0,0,0,0,0,17,-5,20,-5,22,-2,23,1,24,2,25,5,25,7,26,7,27,8,31,14,30,16,33,21,33,25,30,26,34,31,32,32,34,40,34,38,35,41,29,46,27,47,27,53,26,53,23,60,19,58,19,60,18,60,13,66,12,63,12,68,9,65,10,69,9,70,7,71,5,70,6,69,7,70,8,71,7,71,6,70,3,74,5,71,5,76,5,78,7,76,4,77,5,79,4,85,3,86,2,82,-4,83,-5,80,-13,86,-11,83,-11,83,-9,83,-9,84,0,0]"
CSI_DATA,232,1a:00:00:00:00:00,-45,11,1,0,1,1,1,0,0,0,1,-96,0,11,2,3290089,0,44,0,384,0,"[0,0,0,0,0,0,0,0,0,0,0,0,-11,-5,-11,-5,-10,-5,-10,-5,-10,-5,-10,-4,-9,-4,-9,-3,-9,-3,-9,-3,-9,-2,-9,-3,-9,-2,-9,-2,-9,-3,-8,-2,-9,-2,-8,-2,-9,-2,-8,-2,-8,-2,-8,-2,-8,-1,-8,-2,-8,-2,-8,-2,0,0,-7,-2,-7,-2,-7,-3,-6,-2,-6,-3,-6,-3,-5,-3,-5,-3,-5,-3,-4,-3,-4,-3,-3,-3,-2,-3,-2,-3,-2,-3,-2,-3,-1,-2,-1,-2,-1,-2,0,-2,0,-2,0,-1,0,-1,0,-1,1,0,1,0,0,0,0,0,0,0,0,0,0,0,0,0,0,0,-53,-52,-50,-58,-53,-49,-49,-47,-45,-47,-45,-45,-40,-39,-45,-43,-45,-36,-40,-37,-43,-31,-43,-33,-42,-28,-40,-33,-39,-32,-39,-27,-44,-28,-45,-23,-42,-27,-41,-22,-41,-24,-40,-22,-42,-20,-37,-19,-39,-20,-39,-18,-37,-21,-36,-22,-36,-23,-37,-24,-36,-22,-37,-22,-32,-21,-27,-20,-27,-22,-28,-25,-25,-22,-25,-22,-22,-23,-15,-23,-15,-19,-12,-21,-12,-19,-7,-19,-7,-18,-3,-12,-1,-17,-3,-10,3,-12,1,-8,2,-6,4,-7,3,-7,5,-4,6,1,2,0,4,4,0,0,0,0,0,0,0,0,0,0,0,0,0,0,0,0,0,0,0,0,0,0,-16,-8,-16,-13,-19,-11,-24,-14,-18,-19,-19,-21,-17,-21,-19,-24,-18,-27,-16,-32,-16,-33,-14,-38,-15,-38,-15,-43,-13,-46,-8,-48,-4,-52,-3,-51,-1,-57,0,-57,5,-56,6,-60,13,-61,11,-61,23,-62,23,-65,23,-64,26,-64,22,-63,30,-65,28,-65,30,-65,31,-62,33,-63,35,-64,36,-61,34,-64,36,-60,36,-66,39,-67,38,-67,36,-70,42,-68,42,-70,38,-70,35,-70,43,-72,42,-72,45,-74,48,-70,52,-68,50,-70,55,-65,53,-69,53,-65,59,-67,54,-65,0,0]"
CSI_DATA,233,1a:00:00:00:00:00,-45,11,1,0,1,1,1,0,0,0,1,-96,0,11,2,3303882,0,44,0,384,0,"[0,0,0,0,0,0,0,0,0,0,0,0,-7,9,-6,9,-5,9,-5,8,-5,8,-5,8,-5,8,-5,8,-4,8,-4,7,-4,7,-4,8,-3,7,-3,7,-3,7,-3,7,-3,7,-3,7,-2,7,-2,7,-3,7,-2,7,-3,7,-2,6,-3,6,-3,6,0,0,-3,6,-3,6,-3,5,-4,5,-3,5,-3,4,-4,4,-4,3,-4,3,-4,2,-4,2,-3,2,-3,1,-3,1,-3,0,-3,0,-3,0,-2,0,-2,-1,-2,-1,-2,-1,-1,-1,-1,-1,-1,-1,0,-1,0,-2,0,0,0,0,0,0,0,0,0,0,0,0,0,0,-45,59,-42,55,-40,56,-40,54,-39,52,-38,49,-38,45,-33,44,-30,45,-32,48,-29,45,-22,45,-27,46,-23,43,-22,47,-19,45,-17,45,-20,45,-17,40,-17,41,-17,42,-17,44,-16,38,-17,40,-11,43,-14,43,-15,42,-14,41,-13,37,-14,39,-17,39,-17,38,-16,32,-18,32,-17,31,-20,27,-21,27,-20,24,-21,21,-19,20,-20,21,-17,15,-19,12,-14,10,-15,8,-16,7,-14,2,-14,1,-10,2,-9,-1,-6,-2,-7,-4,-7,-4,-3,-5,-3,-8,2,-8,5,-6,0,0,0,0,0,0,0,0,0,0,0,0,0,0,0,0,0,0,0,0,0,0,-3,19,-3,18,-6,20,-15,24,-11,23,-14,23,-17,18,-18,23,-21,23,-28,23,-32,24,-31,22,-34,24,-37,23,-44,20,-43,17,-47,15,-48,13,-51,14,-56,7,-58,5,-61,4,-61,5,-63,-2,-64,-3,-62,-1,-66,-8,-68,-10,-68,-12,-68,-17,-71,-20,-69,-15,-69,-22,-66,-22,-67,-21,-67,-21,-66,-20,-70,-24,-68,-21,-73,-21,-73,-26,-72,-25,-74,-25,-75,-26,-78,-27,-76,-26,-79,-28,-81,-34,-78,-35,-84,-37,-76,-34,-79,-38,-77,-37,-73,-43,-76,-41,-73,-45,-69,-44,0,0]"
CSI_DATA,234,1a:00:00:00:00:00,-45,11,1,0,1,1,1,0,0,0,1,-96,0,11,2,3310447,0,44,0,384,0,"[0,0,0,0,0,0,0,0,0,0,0,0,3,10,3,10,3,10,3,9,3,9,3,8,3,8,3,8,3,8,4,8,3,7,4,7,4,7,4,7,4,7,4,6,4,6,4,6,4,6,4,6,4,6,4,6,3,6,4,6,4,6,3,6,0,0,3,6,3,6,2,6,2,5,2,5,2,5,1,5,1,5,0,4,0,4,0,4,-1,3,-1,3,-1,3,-1,2,-2,2,-1,2,-1,1,-1,0,-1,0,-2,0,-1,0,-2,0,-1,-1,-1,-1,-1,-2,0,0,0,0,0,0,0,0,0,0,0,0,0,0,16,70,13,64,13,67,14,63,12,57,9,59,15,55,14,49,13,52,17,51,14,48,18,49,19,45,18,40,17,44,18,48,15,41,18,37,18,36,20,39,22,42,20,37,23,35,22,38,20,35,21,37,18,38,17,35,19,36,18,34,14,33,15,36,16,31,11,36,9,32,11,33,7,32,3,30,3,29,0,25,-2,22,-1,22,0,20,-1,15,-7,17,-6,14,-6,12,-7,10,-6,11,-4,6,-6,4,-9,2,-6,-1,-5,-1,-3,-3,-8,-8,-1,-9,0,0,0,0,0,0,0,0,0,0,0,0,0,0,0,0,0,0,0,0,0,0,14,10,12,17,11,16,9,22,8,23,10,25,8,27,9,27,6,28,3,33,2,34,-1,39,-3,39,-6,40,-9,42,-15,44,-16,48,-20,46,-22,45,-23,50,-31,49,-32,48,-34,49,-40,49,-39,47,-44,47,-49,43,-50,46,-51,38,-53,41,-55,38,-57,42,-53,39,-56,39,-57,40,-59,39,-60,38,-58,36,-59,35,-60,38,-62,38,-64,39,-65,39,-66,40,-70,41,-66,38,-69,38,-69,42,-77,41,-76,33,-75,34,-77,35,-76,31,-75,32,-76,26,-82,26,-75,25,0,0]"
CSI_DATA,235,1a:00:00:00:00:00,-45,11,1,0,1,1,1,0,0,0,1,-96,0,11,2,3320101,0,44,0,384,0,"[0,0,0,0,0,0,0,0,0,0,0,0,4,-11,4,-11,2,-11,3,-10,3,-10,2,-10,2,-10,2,-10,2,-9,1,-9,1,-9,1,-9,1,-9,0,-9,0,-9,0,-9,0,-9,1,-8,0,-8,0,-8,0,-8,0,-8,0,-8,0,-8,0,-8,1,-8,0,0,1,-7,1,-7,1,-7,1,-7,1,-6,1,-6,2,-6,2,-5,2,-4,2,-4,2,-4,2,-3,2,-3,2,-3,1,-2,2,-2,2,-2,1,-1,1,-1,1,0,1,0,1,0,0,0,0,1,-1,1,-1,1,0,0,0,0,0,0,0,0,0,0,0,0,0,0,36,-63,38,-65,32,-60,30,-53,33,-60,27,-55,26,-56,27,-54,27,-51,16,-49,21,-49,17,-52,19,-47,14,-48,17,-48,13,-45,14,-44,10,-49,8,-43,11,-44,11,-45,10,-43,10,-44,11,-43,9,-42,9,-41,7,-42,6,-42,8,-41,8,-42,10,-38,10,-41,14,-39,13,-34,15,-37,16,-29,18,-33,16,-29,15,-25,15,-21,16,-20,15,-17,14,-15,16,-14,11,-11,13,-6,11,-8,13,-6,11,-4,10,0,9,-1,7,2,3,4,0,4,-1,4,-6,5,-3,6,0,0,0,0,0,0,0,0,0,0,0,0,0,0,0,0,0,0,0,0,0,0,0,-20,2,-19,-1,-21,6,-22,7,-25,10,-22,11,-26,12,-29,17,-26,18,-30,24,-28,25,-27,28,-30,32,-28,32,-25,39,-26,43,-26,44,-27,49,-22,53,-17,55,-19,56,-16,59,-14,61,-13,63,-4,63,-9,67,-2,67,0,68,5,61,3,68,7,68,7,66,11,67,10,70,14,71,13,70,10,71,8,70,12,73,12,71,13,75,11,74,16,83,18,77,16,80,12,81,17,80,19,82,22,83,25,81,26,79,27,81,31,81,32,78,31,71,35,80,37,0,0]"
CSI_DATA,236,1a:00:00:00:00:00,-45,11,1,0,1,1,1,0,0,0,1,-96,0,11,2,3330706,0,44,0,384,0,"[0,0,0,0,0,0,0,0,0,0,0,0,2,11,2,10,3,10,3,10,3,9,3,9,3,9,3,8,3,8,4,8,3,8,3,8,4,7,3,7,4,7,4,7,4,7,3,7,4,6,4,6,4,6,4,6,3,6,4,6,3,6,3,6,0,0,3,6,3,6,2,6,2,6,2,6,1,5,1,5,1,5,0,4,-1,4,-1,4,-1,3,-1,3,-1,3,-1,2,-1,2,-2,2,-2,1,-2,1,-2,0,-2,0,-2,0,-2,-1,-1,-1,-1,-1,-1,-2,0,0,0,0,0,0,0,0,0,0,0,0,0,0,-1,70,1,68,-3,66,-2,64,0,61,2,63,0,61,1,57,3,57,4,55,4,54,7,53,9,48,9,49,6,48,9,50,9,48,15,42,8,43,11,42,11,47,11,44,16,40,14,37,11,36,15,43,14,41,12,39,8,38,11,39,6,41,9,36,8,36,5,36,7,32,2,36,3,34,0,29,-4,28,-7,25,-7,23,-11,21,-5,19,-9,20,-6,18,-9,15,-9,10,-8,11,-6,8,-10,5,-10,1,-7,0,-9,2,-8,0,-6,-4,-4,-6,-4,-8,0,0,0,0,0,0,0,0,0,0,0,0,0,0,0,0,0,0,0,0,0,0,9,17,9,16,8,19,7,22,7,21,4,28,2,27,0,29,-3,29,-6,30,-9,34,-11,37,-16,34,-18,35,-20,40,-23,38,-28,43,-29,43,-34,38,-38,40,-39,42,-44,43,-48,40,-46,37,-52,34,-57,35,-57,33,-61,32,-59,30,-65,31,-65,26,-65,26,-64,26,-63,27,-64,24,-63,26,-67,27,-69,22,-69,22,-72,24,-72,23,-72,24,-76,21,-75,24,-76,22,-80,28,-78,25,-81,23,-80,20,-82,22,-85,15,-83,13,-84,13,-83,9,-85,9,-86,1,-82,4,0,0]"
CSI_DATA,237,1a:00:00:00:00:00,-46,11,1,0,1,1,1,0,0,0,1,-96,0,11,2,3350124,0,44,0,384,0,"[0,0,0,0,0,0,0,0,0,0,0,0,7,7,7,7,8,6,7,6,7,5,7,5,7,5,6,5,7,4,7,4,7,4,7,4,7,4,7,3,7,3,7,3,7,2,6,3,7,2,7,3,6,3,6,3,6,2,6,3,6,3,6,3,0,0,5,3,5,3,5,3,5,3,4,3,4,3,4,4,3,4,2,3,2,3,2,3,1,3,1,2,1,2,0,2,0,2,0,1,0,1,-1,1,-1,1,-1,1,-1,0,-2,0,-2,0,-1,-1,-1,-1,0,0,0,0,0,0,0,0,0,0,0,0,0,0,54,47,52,44,51,43,52,37,48,38,47,37,49,36,44,33,44,32,41,33,43,28,43,24,40,23,40,25,43,22,41,24,43,20,40,17,44,17,40,18,45,16,41,15,40,16,44,12,40,13,38,11,41,15,40,13,38,18,35,14,37,15,35,16,36,16,30,18,29,17,30,20,27,17,23,16,22,21,19,17,13,19,16,16,9,19,10,13,6,14,7,11,6,15,2,13,-1,10,-1,10,-3,6,-2,6,-4,5,-4,1,-7,-1,-8,-3,-7,-6,0,0,0,0,0,0,0,0,0,0,0,0,0,0,0,0,0,0,0,0,0,0,14,2,18,0,20,7,19,7,18,15,22,15,19,17,23,22,21,23,17,25,20,29,22,28,21,33,21,38,15,41,14,38,11,45,13,48,13,51,10,53,5,55,2,59,2,58,-1,59,-8,63,-8,64,-13,62,-10,62,-14,62,-17,65,-18,64,-20,65,-22,65,-22,65,-25,66,-23,64,-19,68,-26,64,-28,66,-24,71,-26,70,-26,71,-30,73,-27,75,-31,73,-28,70,-29,72,-31,76,-36,78,-37,71,-41,70,-45,77,-44,73,-44,71,-46,70,-48,70,-49,61,0,0]"
CSI_DATA,238,1a:00:00:00:00:00,-46,11,1,0,1,1,1,0,0,0,1,-96,0,11,2,3360165,0,44,0,384,0,"[0,0,0,0,0,0,0,0,0,0,0,0,9,5,9,4,9,4,9,4,9,4,8,3,8,2,7,2,8,2,8,3,8,2,8,2,8,2,7,2,7,1,7,1,7,1,7,1,7,1,7,1,7,1,7,1,7,1,7,1,6,1,6,2,0,0,6,2,6,2,5,2,6,2,5,2,4,2,4,3,4,3,3,2,3,2,3,2,2,3,1,2,1,2,1,2,1,2,0,2,0,1,0,1,-1,1,-1,0,-1,0,-1,0,-1,0,-2,-1,-2,-1,0,0,0,0,0,0,0,0,0,0,0,0,0,0,67,20,70,21,64,25,59,23,62,21,56,20,59,18,53,16,55,15,52,14,52,7,52,7,49,10,53,5,46,6,47,5,48,3,46,5,44,0,47,3,45,0,46,0,40,-2,43,-2,41,2,46,5,41,1,42,2,41,3,42,3,39,1,37,1,41,4,38,6,36,7,35,7,34,10,30,11,28,8,24,12,24,15,21,14,18,16,15,13,13,12,12,15,7,13,9,12,3,10,3,10,2,7,-2,6,-3,5,-6,3,-6,5,-4,0,-8,0,0,0,0,0,0,0,0,0,0,0,0,0,0,0,0,0,0,0,0,0,0,0,18,-7,16,-4,23,0,21,-1,23,1,23,4,26,6,25,6,31,7,29,11,29,18,32,20,34,24,30,25,30,30,31,31,32,34,31,44,30,42,29,45,26,48,26,51,24,57,22,56,17,60,15,63,14,64,14,62,8,67,10,68,10,72,5,69,6,70,3,68,5,73,1,70,1,73,4,69,0,74,3,71,4,72,5,77,-1,77,-1,82,-3,79,-4,81,-4,82,-3,84,-4,88,-6,86,-9,86,-11,83,-15,84,-16,87,-18,85,-18,79,-18,85,0,0]"
CSI_DATA,239,1a:00:00:00:00:00,-45,11,1,0,1,1,1,0,0,0,1,-96,0,11,2,3370827,0,44,0,384,0,"[0,0,0,0,0,0,0,0,0,0,0,0,6,-10,6,-9,5,-9,5,-9,5,-9,4,-8,4,-9,4,-8,4,-8,3,-8,4,-8,3,-8,3,-8,2,-8,2,-7,3,-8,2,-8,2,-8,2,-7,2,-7,2,-8,2,-7,2,-8,2,-7,2,-7,2,-7,0,0,3,-7,2,-6,2,-6,3,-6,3,-5,3,-5,3,-5,3,-4,3,-4,3,-3,3,-3,3,-3,2,-2,2,-2,2,-1,2,-1,2,-1,1,-1,1,0,1,0,1,0,1,0,0,0,0,0,-1,1,-1,0,0,0,0,0,0,0,0,0,0,0,0,0,0,0,46,-66,45,-60,41,-58,37,-52,35,-55,36,-48,34,-48,33,-53,29,-47,28,-48,25,-50,28,-45,25,-50,24,-43,21,-47,19,-48,19,-44,19,-45,13,-44,15,-46,12,-45,15,-44,15,-43,11,-40,13,-39,14,-45,11,-39,14,-39,12,-39,11,-41,14,-42,18,-38,13,-32,16,-33,17,-34,17,-30,18,-26,18,-26,21,-25,18,-23,21,-16,19,-15,18,-11,16,-11,12,-7,13,-8,14,-5,16,-6,13,2,9,0,7,0,7,3,2,6,1,3,1,6,-3,4,-4,3,0,0,0,0,0,0,0,0,0,0,0,0,0,0,0,0,0,0,0,0,0,0,-2,-22,0,-19,4,-22,7,-21,9,-22,9,-23,14,-21,13,-25,18,-23,21,-23,25,-24,26,-25,31,-24,35,-23,41,-22,39,-21,44,-21,46,-16,53,-15,55,-13,54,-10,60,-7,57,-5,57,-3,68,0,65,4,67,6,71,5,68,9,68,10,64,12,71,13,65,15,64,16,65,21,69,19,68,20,69,17,71,18,71,17,75,18,69,19,76,24,77,24,73,24,78,29,77,28,78,33,83,29,75,36,79,35,79,40,80,41,75,39,72,40,74,42,71,37,0,0]"
CSI_DATA,240,1a:00:00:00:00:00,-46,11,1,0,1,1,1,0,0,0,1,-96,0,11,2,3380591,0,44,0,384,0,"[0,0,0,0,0,0,0,0,0,0,0,0,7,8,7,7,7,8,7,7,7,7,6,6,7,5,6,5,7,5,6,6,6,5,6,4,6,5,6,4,6,4,7,4,6,3,6,3,6,3,6,4,6,4,6,3,6,3,6,4,6,4,5,3,0,0,5,3,5,4,4,4,4,4,4,4,4,4,3,4,3,4,3,3,2,4,1,3,1,3,1,3,0,3,0,2,0,2,-1,2,-1,2,-1,1,-1,1,-1,1,-1,0,-2,0,-2,-1,-1,-1,-1,-1,0,0,0,0,0,0,0,0,0,0,0,0,0,0,59,38,63,34,58,35,54,39,57,33,49,28,52,30,52,25,54,23,52,22,48,24,49,20,49,20,46,19,47,16,47,16,44,13,47,12,41,13,48,11,44,9,44,9,44,4,46,7,42,10,42,11,43,8,41,11,40,11,40,9,38,9,40,11,38,11,35,12,34,12,33,19,33,16,28,17,26,19,22,17,18,18,17,18,15,15,11,15,11,15,6,12,3,13,5,10,1,13,1,10,-1,4,2,4,-5,5,-3,2,-7,3,-5,1,-6,0,0,0,0,0,0,0,0,0,0,0,0,0,0,0,0,0,0,0,0,0,0,0,14,-4,16,-3,22,2,23,-1,19,8,24,14,21,7,26,16,24,18,24,19,26,26,27,27,29,27,22,37,21,32,24,42,25,36,16,44,20,54,12,53,18,55,15,58,12,62,5,63,4,63,6,64,0,64,0,62,-2,72,-3,70,-7,70,-10,67,-11,71,-8,66,-12,70,-12,70,-12,73,-13,73,-10,69,-13,71,-13,70,-15,80,-16,73,-20,78,-16,78,-13,83,-19,80,-20,84,-27,80,-25,86,-30,84,-31,84,-30,76,-32,84,-38,81,-37,75,-35,74,0,0]"
CSI_DATA,241,1a:00:00:00:00:00,-45,11,1,0,1,1,1,0,0,0,1,-96,0,11,2,3392480,0,44,0,384,0,"[0,0,0,0,0,0,0,0,0,0,0,0,-5,10,-5,10,-4,9,-4,9,-4,9,-4,9,-4,8,-3,9,-3,8,-3,8,-3,8,-2,8,-2,8,-2,8,-2,7,-2,8,-2,8,-2,7,-1,7,-1,7,-2,7,-1,7,-2,7,-1,7,-2,7,-2,7,0,0,-2,6,-2,6,-2,6,-3,5,-3,5,-3,5,-3,4,-3,4,-4,4,-3,3,-4,3,-3,2,-3,2,-3,1,-3,1,-3,1,-3,1,-3,0,-2,0,-2,-1,-2,-1,-2,-1,-1,-1,-1,-1,-1,-2,0,-2,0,0,0,0,0,0,0,0,0,0,0,0,0,0,-38,64,-39,58,-36,58,-34,55,-36,55,-31,53,-28,50,-29,54,-24,47,-26,46,-25,48,-21,42,-21,46,-18,40,-20,46,-15,45,-19,40,-18,43,-14,38,-14,45,-10,43,-12,42,-11,39,-10,41,-14,41,-14,43,-12,40,-10,38,-11,38,-12,42,-11,37,-12,38,-12,37,-16,35,-14,31,-16,26,-17,29,-23,26,-19,22,-18,20,-21,19,-19,16,-16,11,-15,9,-16,9,-17,7,-16,5,-16,4,-10,2,-12,-1,-11,-5,-5,-4,-7,-4,-6,-4,0,-6,3,-5,4,-7,0,0,0,0,0,0,0,0,0,0,0,0,0,0,0,0,0,0,0,0,0,0,3,12,3,18,0,19,-7,19,-5,25,-7,21,-4,22,-15,27,-22,28,-20,23,-23,26,-27,26,-28,33,-30,24,-30,22,-35,27,-46,25,-39,27,-43,16,-51,17,-55,19,-50,15,-53,16,-59,10,-63,12,-59,3,-60,7,-65,3,-71,-1,-68,-4,-70,-4,-68,-7,-69,-12,-68,-8,-66,-11,-68,-13,-71,-10,-69,-12,-71,-10,-70,-10,-74,-12,-71,-11,-77,-13,-76,-14,-77,-17,-77,-15,-78,-21,-81,-21,-83,-23,-81,-29,-83,-28,-84,-26,-77,-33,-80,-31,-77,-36,-77,-38,-72,-34,0,0]"
CSI_DATA,242,1a:00:00:00:00:00,-45,11,1,0,1,1,1,0,0,0,1,-96,0,11,2,3411805,0,44,0,384,0,"[0,0,0,0,0,0,0,0,0,0,0,0,-7,-10,-7,-9,-8,-9,-7,-9,-8,-8,-7,-7,-7,-8,-7,-7,-7,-7,-8,-7,-7,-7,-7,-6,-7,-6,-8,-6,-7,-6,-7,-6,-7,-5,-7,-5,-7,-5,-7,-5,-7,-5,-8,-5,-6,-5,-7,-5,-7,-5,-7,-5,0,0,-6,-5,-6,-6,-6,-5,-5,-5,-5,-6,-4,-6,-4,-5,-3,-6,-3,-5,-2,-5,-2,-4,-2,-5,-1,-4,-1,-4,-1,-3,-1,-3,0,-3,0,-3,0,-3,0,-2,0,-2,0,-2,1,-1,1,-1,0,0,0,0,0,0,0,0,0,0,0,0,0,0,0,0,0,0,-43,-60,-35,-57,-35,-58,-36,-53,-35,-49,-32,-54,-32,-49,-29,-46,-35,-44,-36,-41,-35,-40,-33,-43,-34,-37,-30,-37,-33,-38,-35,-35,-37,-30,-37,-35,-34,-31,-36,-32,-39,-30,-35,-30,-37,-29,-34,-23,-31,-26,-33,-26,-31,-25,-32,-26,-32,-27,-30,-27,-30,-29,-28,-29,-28,-23,-24,-28,-25,-28,-22,-31,-24,-28,-20,-30,-15,-28,-13,-26,-12,-24,-9,-22,-9,-22,-6,-21,-5,-20,-3,-18,1,-14,-1,-14,1,-9,3,-10,3,-8,3,-6,2,-7,5,-3,6,0,6,3,4,3,0,0,0,0,0,0,0,0,0,0,0,0,0,0,0,0,0,0,0,0,0,0,-15,-7,-15,-8,-20,-12,-18,-14,-20,-15,-17,-20,-16,-23,-17,-23,-17,-23,-14,-28,-12,-34,-13,-35,-12,-36,-10,-39,-7,-40,-5,-44,-4,-48,1,-48,2,-52,8,-52,7,-54,8,-54,14,-58,16,-59,21,-59,24,-57,26,-56,31,-61,28,-60,34,-59,36,-55,38,-61,41,-56,37,-56,39,-55,38,-56,36,-55,43,-59,44,-56,40,-59,46,-60,43,-59,46,-60,48,-63,52,-60,53,-67,51,-64,55,-64,53,-65,58,-62,59,-63,62,-58,66,-59,63,-53,65,-54,67,-56,65,-54,0,0]"
CSI_DATA,243,1a:00:00:00:00:00,-45,11,1,0,1,1,1,0,0,0,1,-96,0,11,2,3430504,0,44,0,384,0,"[0,0,0,0,0,0,0,0,0,0,0,0,3,10,3,10,4,9,3,9,3,9,3,8,4,8,4,7,3,8,4,7,4,7,4,7,4,7,4,6,4,6,4,6,4,6,4,6,5,6,4,5,4,5,4,6,4,5,4,5,4,6,4,5,0,0,4,5,3,6,3,5,3,5,2,5,2,5,1,5,1,5,0,4,0,4,0,4,0,4,0,3,-1,3,-1,2,-1,2,-1,2,-1,1,-1,1,-1,1,-1,0,-2,0,-2,0,-1,-1,-1,-1,-1,-1,0,0,0,0,0,0,0,0,0,0,0,0,0,0,12,70,10,72,7,67,10,62,13,63,10,62,10,57,14,57,15,52,14,54,16,51,14,50,15,46,17,45,14,44,19,45,19,43,20,43,17,41,19,42,22,42,20,38,22,37,21,38,19,38,19,37,21,34,20,36,19,35,17,37,17,38,14,40,14,35,12,35,12,33,7,31,8,33,4,34,4,30,2,28,3,27,-1,26,-4,22,-2,19,-6,17,-7,13,-4,13,-5,13,-7,10,-7,3,-8,4,-7,5,-5,3,-6,0,-3,-2,-6,-4,-2,-5,0,0,0,0,0,0,0,0,0,0,0,0,0,0,0,0,0,0,0,0,0,0,14,11,14,11,13,17,12,18,10,22,9,24,7,25,5,23,3,29,0,31,2,32,0,36,-3,38,-6,40,-11,42,-17,39,-16,44,-19,45,-24,43,-31,42,-31,43,-33,44,-37,42,-38,45,-42,44,-43,41,-47,42,-52,43,-49,39,-54,41,-55,40,-60,37,-58,37,-59,37,-62,33,-63,33,-58,32,-60,40,-63,38,-65,38,-64,37,-63,37,-70,37,-71,39,-73,37,-72,33,-79,34,-75,35,-80,38,-76,32,-83,30,-84,32,-82,29,-79,22,-82,26,-88,21,-79,20,0,0]"
CSI_DATA,244,1a:00:00:00:00:00,-45,11,1,0,1,1,1,0,0,0,1,-96,0,11,2,3440971,0,44,0,384,0,"[0,0,0,0,0,0,0,0,0,0,0,0,0,-12,0,-11,-1,-10,-1,-11,-1,-10,-1,-10,-1,-10,-2,-10,-1,-9,-2,-9,-1,-9,-2,-9,-2,-9,-2,-8,-2,-8,-2,-8,-2,-8,-2,-8,-3,-8,-3,-8,-3,-8,-3,-8,-2,-8,-2,-8,-3,-8,-2,-7,0,0,-2,-8,-1,-7,-1,-7,-1,-7,-1,-7,-1,-7,0,-6,0,-6,0,-6,1,-5,1,-4,1,-4,1,-4,1,-4,1,-3,1,-2,1,-2,1,-2,1,-1,1,-1,1,-1,1,-1,0,0,0,0,0,0,0,0,0,0,0,0,0,0,0,0,0,0,0,0,0,0,20,-76,22,-69,17,-72,20,-65,15,-65,17,-65,15,-58,12,-61,13,-54,7,-55,7,-51,10,-51,5,-52,7,-51,6,-48,4,-49,2,-47,0,-49,3,-47,-1,-45,0,-51,1,-44,-1,-47,-3,-46,0,-45,-2,-44,1,-40,-1,-43,2,-42,-1,-43,3,-45,6,-42,0,-39,2,-39,4,-37,6,-37,9,-34,10,-34,10,-32,13,-28,13,-21,15,-22,18,-17,14,-20,13,-14,12,-12,14,-13,13,-7,12,-7,10,-4,10,-3,9,0,6,1,6,2,3,1,0,4,-2,6,0,0,0,0,0,0,0,0,0,0,0,0,0,0,0,0,0,0,0,0,0,0,-9,-18,-8,-19,-8,-19,-7,-23,-5,-25,-5,-26,-1,-26,2,-26,5,-31,6,-31,12,-34,15,-31,13,-32,19,-36,22,-32,26,-34,29,-35,32,-36,38,-36,40,-35,43,-34,43,-34,47,-30,52,-30,55,-25,61,-24,60,-22,63,-19,65,-22,65,-20,64,-18,69,-18,69,-16,70,-14,73,-10,70,-11,71,-10,69,-8,72,-8,74,-8,79,-11,74,-11,78,-12,79,-11,85,-9,79,-6,86,-6,83,-6,88,-3,84,2,88,3,91,3,91,6,86,10,86,13,86,16,84,18,0,0]"
CSI_DATA,245,1a:00:00:00:00:00,-45,11,1,0,1,1,1,0,0,0,1,-96,0,11,2,3452139,0,44,0,384,0,"[0,0,0,0,0,0,0,0,0,0,0,0,-10,-5,-10,-5,-10,-5,-10,-5,-10,-5,-9,-4,-9,-4,-9,-3,-9,-3,-9,-3,-9,-3,-9,-2,-9,-2,-8,-2,-8,-2,-9,-2,-8,-2,-9,-2,-8,-2,-8,-2,-8,-2,-8,-2,-8,-1,-8,-2,-8,-2,-8,-2,0,0,-7,-2,-7,-3,-7,-3,-7,-3,-6,-3,-6,-3,-5,-3,-5,-3,-5,-3,-5,-3,-4,-3,-3,-3,-3,-3,-3,-3,-2,-3,-2,-3,-2,-3,-1,-3,-1,-2,-1,-2,0,-2,0,-2,0,-1,0,-1,0,-1,0,-1,0,0,0,0,0,0,0,0,0,0,0,0,0,0,-67,-36,-63,-35,-62,-37,-57,-26,-56,-29,-55,-28,-52,-29,-52,-28,-50,-23,-49,-25,-48,-22,-47,-22,-50,-17,-48,-19,-43,-18,-47,-15,-46,-13,-45,-13,-47,-10,-41,-9,-43,-10,-42,-9,-43,-9,-43,-7,-46,-7,-41,-9,-43,-5,-42,-10,-39,-8,-39,-10,-41,-8,-41,-12,-37,-12,-40,-11,-38,-9,-32,-14,-32,-18,-30,-14,-26,-17,-24,-17,-23,-17,-19,-15,-18,-18,-15,-18,-17,-17,-9,-16,-8,-13,-6,-14,-6,-12,-4,-9,-1,-12,1,-8,3,-8,4,-4,3,-4,5,-1,5,0,0,0,0,0,0,0,0,0,0,0,0,0,0,0,0,0,0,0,0,0,0,0,-19,1,-18,1,-22,1,-22,-3,-21,-6,-21,-5,-21,-10,-26,-12,-22,-15,-24,-19,-27,-22,-25,-25,-31,-33,-27,-30,-27,-38,-28,-37,-25,-40,-18,-44,-23,-46,-20,-48,-17,-49,-16,-59,-14,-54,-9,-59,-3,-60,-6,-62,0,-62,-1,-70,6,-64,5,-70,4,-65,5,-66,8,-66,9,-67,10,-69,13,-68,13,-66,13,-69,13,-70,15,-73,15,-77,14,-76,10,-77,16,-75,15,-76,13,-82,18,-81,20,-81,19,-86,22,-79,26,-79,29,-83,28,-83,28,-76,31,-81,36,-80,36,-76,0,0]"
CSI_DATA,246,1a:00:00:00:00:00,-45,11,1,0,1,1,1,0,0,0,1,-96,0,11,2,3460104,0,44,0,384,0,"[0,0,0,0,0,0,0,0,0,0,0,0,10,-7,9,-6,9,-6,8,-6,8,-6,8,-6,7,-6,7,-6,7,-6,6,-6,6,-6,6,-7,6,-6,5,-6,5,-6,5,-7,5,-7,5,-6,5,-6,5,-6,5,-6,4,-6,5,-6,4,-6,4,-6,5,-6,0,0,5,-6,4,-5,5,-5,5,-5,5,-4,5,-4,4,-4,4,-3,4,-3,4,-2,4,-2,3,-1,3,-1,3,-1,2,0,2,0,2,0,2,0,1,0,1,0,1,0,0,0,0,0,-1,0,-1,0,-1,0,0,0,0,0,0,0,0,0,0,0,0,0,0,0,68,-33,68,-28,62,-31,60,-28,58,-28,58,-29,53,-28,53,-24,51,-26,47,-27,47,-25,44,-25,42,-28,40,-27,40,-28,39,-30,37,-26,37,-29,35,-31,32,-31,34,-30,33,-31,33,-30,34,-32,33,-30,31,-27,31,-25,31,-31,30,-26,31,-29,34,-27,33,-23,28,-23,33,-25,29,-19,31,-16,32,-14,28,-14,30,-12,27,-7,28,-9,23,-9,19,-1,17,-6,19,1,18,0,15,2,16,5,12,4,5,6,11,5,7,7,3,8,3,4,0,5,-1,6,-3,3,0,0,0,0,0,0,0,0,0,0,0,0,0,0,0,0,0,0,0,0,0,0,5,-19,6,-14,11,-18,12,-15,15,-19,16,-17,23,-14,21,-12,24,-14,27,-11,32,-9,35,-12,36,-6,40,-4,41,-2,45,-1,47,4,47,4,53,7,51,12,50,13,53,17,55,20,55,23,53,26,57,29,52,33,51,35,49,33,54,37,51,38,53,44,50,46,51,44,51,47,49,48,50,46,54,48,52,46,55,48,54,52,53,50,55,54,56,58,55,54,60,64,58,61,54,63,55,66,54,71,56,65,53,71,52,69,50,70,48,73,43,77,40,73,0,0]"
CSI_DATA,247,1a:00:00:00:00:00,-45,11,1,0,1,1,1,0,0,0,1,-96,0,11,2,3470115,0,44,0,384,0,"[0,0,0,0,0,0,0,0,0,0,0,0,-3,-12,-3,-11,-4,-11,-3,-10,-4,-10,-3,-10,-4,-10,-4,-9,-4,-9,-4,-9,-4,-9,-4,-8,-4,-8,-5,-8,-4,-8,-4,-8,-4,-8,-4,-8,-5,-7,-5,-8,-5,-7,-5,-7,-4,-7,-5,-7,-4,-7,-4,-7,0,0,-3,-7,-4,-7,-3,-7,-3,-7,-2,-7,-2,-7,-2,-6,-1,-6,-1,-6,0,-6,0,-5,0,-5,0,-4,0,-4,0,-3,1,-3,1,-3,1,-2,1,-2,1,-1,1,-1,1,-1,1,-1,1,0,0,0,0,0,0,0,0,0,0,0,0,0,0,0,0,0,0,0,-24,-79,-22,-72,-20,-63,-22,-67,-19,-63,-17,-62,-19,-56,-21,-56,-20,-55,-21,-47,-21,-48,-22,-49,-21,-45,-19,-47,-22,-41,-24,-44,-25,-41,-25,-42,-26,-39,-28,-37,-28,-39,-24,-40,-24,-38,-25,-31,-24,-35,-26,-33,-25,-34,-26,-35,-26,-36,-24,-36,-22,-38,-22,-34,-21,-34,-19,-38,-15,-31,-14,-32,-13,-32,-9,-29,-9,-31,-7,-28,-5,-28,-1,-26,-2,-26,-1,-19,1,-21,4,-18,2,-14,4,-13,3,-10,9,-10,6,-6,5,-5,5,-2,5,-1,4,2,3,3,2,4,0,0,0,0,0,0,0,0,0,0,0,0,0,0,0,0,0,0,0,0,0,0,-16,-12,-14,-13,-15,-14,-12,-17,-15,-21,-6,-25,-10,-24,-8,-26,-3,-29,-5,-30,-4,-35,-3,-37,-2,-39,4,-41,7,-40,10,-42,9,-47,17,-43,19,-49,21,-48,28,-53,27,-49,33,-51,34,-49,38,-50,43,-46,46,-46,44,-46,47,-49,48,-45,50,-42,53,-43,53,-42,57,-44,57,-41,58,-39,55,-40,59,-41,53,-43,60,-42,62,-43,62,-45,66,-44,62,-45,66,-44,69,-48,69,-44,75,-42,73,-43,74,-40,74,-40,75,-41,77,-35,80,-37,80,-35,76,-32,81,-31,0,0]"
CSI_DATA,248,1a:00:00:00:00:00,-45,11,1,0,1,1,1,0,0,0,1,-96,0,11,2,3501850,0,44,0,384,0,"[0,0,0,0,0,0,0,0,0,0,0,0,-10,6,-9,6,-9,6,-9,5,-8,6,-8,6,-8,6,-7,6,-7,6,-7,6,-7,6,-6,6,-6,5,-6,6,-6,5,-6,6,-6,6,-6,6,-5,5,-5,5,-5,5,-5,5,-5,5,-5,5,-5,5,-5,5,0,0,-6,5,-5,4,-5,4,-6,4,-5,3,-5,3,-5,2,-5,2,-5,2,-5,1,-5,1,-5,1,-4,0,-4,0,-4,0,-3,0,-3,-1,-3,-1,-2,-1,-2,-1,-2,-1,-1,-1,-1,-1,-1,-1,0,-1,0,-1,0,0,0,0,0,0,0,0,0,0,0,0,0,0,-71,36,-70,31,-59,31,-58,29,-62,29,-55,26,-57,27,-56,29,-49,29,-52,25,-46,26,-44,27,-46,30,-45,28,-41,27,-41,29,-40,27,-39,27,-34,28,-35,31,-35,33,-34,32,-33,29,-37,30,-34,27,-33,29,-33,30,-34,27,-36,29,-30,25,-32,26,-32,23,-31,23,-34,22,-33,19,-34,14,-32,16,-33,10,-32,9,-30,7,-28,5,-24,3,-26,-1,-22,-1,-21,-2,-18,-2,-15,1,-16,-4,-10,-6,-11,-2,-9,-2,-7,-5,-4,-8,-3,-6,-2,-4,2,-4,4,-5,0,0,0,0,0,0,0,0,0,0,0,0,0,0,0,0,0,0,0,0,0,0,-6,17,-5,15,-10,18,-12,17,-13,19,-17,17,-22,19,-24,16,-23,15,-27,15,-32,12,-33,13,-37,15,-42,7,-42,7,-43,6,-47,7,-50,3,-51,-3,-54,-7,-50,-11,-57,-14,-57,-17,-55,-21,-58,-27,-58,-28,-60,-33,-58,-31,-60,-36,-61,-35,-57,-36,-54,-40,-54,-44,-54,-39,-55,-44,-54,-42,-56,-45,-57,-44,-52,-45,-57,-48,-56,-50,-64,-50,-59,-52,-61,-54,-58,-56,-63,-57,-58,-58,-60,-66,-63,-66,-57,-67,-54,-68,-56,-70,-51,-68,-53,-73,-49,-70,-43,-71,-46,-74,0,0]"
CSI_DATA,249,1a:00:00:00:00:00,-45,11,1,0,1,1,1,0,0,0,1,-96,0,11,2,3510073,0,44,0,384,0,"[0,0,0,0,0,0,0,0,0,0,0,0,-7,9,-7,8,-6,8,-6,8,-6,8,-6,8,-5,7,-5,7,-5,7,-5,7,-5,7,-4,7,-3,7,-4,7,-4,7,-4,7,-4,7,-3,7,-3,7,-3,7,-3,6,-3,6,-4,6,-3,6,-3,6,-3,6,0,0,-4,6,-3,5,-4,5,-4,5,-4,5,-4,4,-4,4,-4,3,-4,3,-4,2,-4,2,-4,2,-4,2,-4,1,-3,1,-3,0,-3,1,-3,0,-2,-1,-2,-1,-2,-1,-1,-1,-1,-1,-1,-1,0,-1,0,-1,0,0,0,0,0,0,0,0,0,0,0,0,0,0,-47,58,-46,57,-44,51,-43,50,-40,52,-33,46,-39,50,-36,47,-37,45,-32,43,-27,44,-29,44,-28,49,-24,42,-25,42,-21,43,-22,45,-19,43,-20,42,-17,44,-18,40,-17,43,-16,40,-15,41,-17,38,-15,39,-16,42,-14,38,-16,37,-16,38,-15,36,-18,35,-18,33,-18,31,-20,33,-21,30,-20,26,-20,23,-21,22,-21,20,-25,21,-23,18,-20,13,-22,11,-18,8,-16,8,-15,7,-15,1,-14,2,-12,-1,-8,0,-11,0,-3,-1,-9,-4,-3,-5,-1,-2,1,-7,0,0,0,0,0,0,0,0,0,0,0,0,0,0,0,0,0,0,0,0,0,0,0,17,-1,18,-2,18,-5,20,-7,23,-11,21,-13,22,-15,22,-19,22,-24,26,-24,26,-27,24,-29,23,-35,25,-36,22,-40,22,-43,18,-45,18,-46,17,-54,14,-54,12,-56,11,-59,8,-58,3,-61,0,-64,-2,-65,-3,-64,-7,-69,-7,-69,-12,-70,-10,-64,-15,-64,-18,-68,-16,-66,-16,-69,-19,-72,-22,-67,-20,-68,-22,-70,-23,-70,-23,-75,-21,-70,-22,-82,-27,-73,-25,-78,-29,-79,-31,-82,-34,-82,-34,-80,-37,-76,-35,-82,-39,-79,-42,-77,-42,-76,-43,-69,-46,-70,-49,0,0]"
CSI_DATA,250,1a:00:00:00:00:00,-45,11,1,0,1,1,1,0,0,0,1,-96,0,11,2,3541414,0,44,0,384,0,"[0,0,0,0,0,0,0,0,0,0,0,0,-8,-9,-7,-9,-8,-9,-7,-9,-7,-8,-7,-8,-7,-8,-7,-7,-7,-7,-7,-7,-7,-7,-7,-6,-7,-6,-7,-6,-7,-6,-7,-6,-7,-5,-7,-5,-7,-5,-7,-5,-7,-5,-7,-5,-7,-5,-7,-5,-6,-5,-6,-5,0,0,-6,-5,-5,-5,-5,-6,-5,-5,-5,-6,-4,-6,-4,-5,-3,-6,-3,-5,-3,-5,-2,-5,-2,-4,-1,-4,-1,-4,-1,-4,-1,-3,-1,-3,0,-3,0,-2,0,-2,0,-2,0,-1,0,-1,0,-1,0,0,0,0,0,0,0,0,0,0,0,0,0,0,0,0,0,0,-57,-53,-55,-51,-55,-48,-55,-49,-49,-50,-50,-45,-44,-44,-48,-44,-48,-39,-46,-36,-44,-31,-43,-34,-42,-31,-42,-30,-42,-28,-45,-28,-43,-26,-42,-23,-43,-23,-40,-19,-44,-26,-41,-22,-41,-19,-41,-20,-39,-24,-41,-23,-40,-20,-42,-18,-39,-19,-39,-21,-39,-22,-35,-18,-34,-20,-33,-24,-28,-26,-31,-24,-29,-28,-27,-26,-23,-28,-19,-23,-18,-21,-15,-23,-11,-22,-11,-22,-6,-19,-5,-19,-6,-17,-5,-14,-4,-13,0,-13,2,-8,3,-6,3,-8,3,-6,1,-4,5,1,-1,3,0,0,0,0,0,0,0,0,0,0,0,0,0,0,0,0,0,0,0,0,0,0,-18,-2,-20,-1,-19,-1,-24,-6,-25,-10,-24,-12,-22,-15,-24,-16,-24,-23,-23,-21,-22,-27,-23,-32,-24,-30,-21,-37,-24,-45,-17,-39,-17,-48,-15,-46,-13,-54,-11,-54,-9,-55,-3,-57,-3,-59,-3,-62,-1,-62,4,-63,8,-65,11,-64,14,-64,13,-68,17,-65,17,-68,20,-68,20,-64,24,-68,25,-66,20,-66,23,-68,21,-69,23,-70,25,-77,27,-71,29,-73,33,-78,31,-76,27,-79,37,-77,37,-78,40,-77,41,-75,41,-79,47,-77,51,-76,46,-70,47,-74,53,-73,53,-67,0,0]"
CSI_DATA,251,1a:00:00:00:00:00,-45,11,1,0,1,1,1,0,0,0,1,-96,0,11,2,3550087,0,44,0,384,0,"[0,0,0,0,0,0,0,0,0,0,0,0,-3,11,-3,11,-2,10,-2,10,-2,9,-2,9,-1,9,-1,9,-1,9,-1,9,-1,8,-1,8,0,8,0,8,0,8,0,8,0,8,0,7,0,8,0,7,0,7,0,7,0,7,0,8,0,7,-1,7,0,0,-1,7,-1,7,-1,6,-2,6,-2,6,-2,6,-2,5,-3,5,-3,4,-3,4,-3,3,-3,3,-3,3,-3,2,-3,2,-3,1,-3,1,-3,1,-2,0,-2,0,-2,0,-2,-1,-2,-1,-1,-1,-1,-1,-1,-1,0,0,0,0,0,0,0,0,0,0,0,0,0,0,-10,35,-9,34,-9,34,-11,32,-8,30,-8,30,-7,29,-6,30,-5,27,-4,28,-3,26,-5,28,-4,26,-2,25,-2,24,-2,25,-2,25,-2,23,0,24,0,23,0,23,-1,23,1,22,0,22,0,21,0,21,2,21,0,21,-1,21,0,22,-2,21,0,21,-3,18,-3,18,-3,18,-5,17,-5,17,-6,15,-5,14,-6,13,-6,12,-7,9,-7,10,-7,8,-7,7,-6,6,-6,4,-6,4,-7,3,-5,1,-4,1,-4,0,-5,0,-4,-1,-2,-1,-2,-2,-2,-3,0,0,0,0,0,0,0,0,0,0,0,0,0,0,0,0,0,0,0,0,0,0,2,7,4,8,3,9,4,11,2,11,0,11,-1,12,-1,13,-4,14,-4,17,-6,17,-6,17,-8,17,-8,18,-9,19,-13,18,-15,19,-17,18,-19,19,-21,18,-22,18,-23,15,-25,17,-27,15,-27,12,-28,14,-29,14,-32,12,-31,10,-32,9,-32,8,-35,8,-33,7,-33,9,-34,6,-35,6,-33,8,-35,6,-35,8,-36,6,-36,5,-37,5,-38,6,-40,5,-40,5,-40,3,-42,3,-42,4,-43,2,-44,0,-42,0,-45,1,-44,-2,-43,-2,-43,-5,-43,-5,-42,-7,0,0]"
CSI_DATA,252,1a:00:00:00:00:00,-45,11,1,0,1,1,1,0,0,0,1,-96,0,11,2,3560084,0,44,0,384,0,"[0,0,0,0,0,0,0,0,0,0,0,0,10,-3,10,-3,10,-3,10,-3,9,-3,9,-3,8,-4,8,-4,8,-4,8,-4,8,-4,8,-4,7,-4,7,-4,7,-4,7,-4,7,-5,7,-4,6,-4,6,-4,6,-4,6,-4,6,-5,6,-4,6,-4,6,-4,0,0,6,-4,6,-3,6,-3,6,-3,6,-2,5,-2,5,-2,5,-1,5,-1,5,-1,4,-1,4,0,3,0,3,0,3,1,3,1,2,0,2,1,1,1,1,1,1,1,0,0,0,1,-1,0,-1,0,-1,0,0,0,0,0,0,0,0,0,0,0,0,0,0,0,73,-6,64,-5,71,-8,65,-5,61,-8,61,-2,56,-9,62,-12,52,-12,52,-10,53,-8,51,-13,53,-16,48,-16,52,-15,48,-20,45,-19,45,-17,45,-19,41,-16,46,-21,41,-17,39,-24,42,-20,39,-15,40,-18,39,-21,40,-19,39,-16,39,-20,35,-20,42,-20,38,-10,38,-12,34,-14,34,-8,34,-7,34,-5,32,-4,27,-1,25,-1,24,2,24,3,20,1,23,6,17,8,14,6,12,8,10,7,10,5,3,8,6,5,-1,7,4,4,-2,8,-2,1,-7,3,0,0,0,0,0,0,0,0,0,0,0,0,0,0,0,0,0,0,0,0,0,0,13,-13,13,-12,18,-8,19,-8,21,-8,25,-6,26,-4,27,-2,29,0,32,3,35,6,37,7,35,8,36,12,41,20,40,18,40,21,37,25,43,28,41,37,38,37,40,38,37,41,40,46,38,46,39,50,35,51,40,57,30,51,33,59,28,57,30,62,29,62,27,64,29,61,26,62,27,59,28,63,29,65,29,64,28,69,30,67,31,72,31,73,30,77,27,69,25,74,28,73,27,83,26,79,26,80,26,80,22,87,21,78,21,81,14,87,9,84,0,0]"
CSI_DATA,253,1a:00:00:00:00:00,-45,11,1,0,1,1,1,0,0,0,1,-96,0,11,2,3570107,0,44,0,384,0,"[0,0,0,0,0,0,0,0,0,0,0,0,3,-11,3,-11,2,-11,2,-11,2,-10,2,-10,2,-10,1,-10,2,-9,1,-10,1,-10,1,-9,0,-9,0,-9,0,-9,0,-9,0,-9,0,-9,0,-8,0,-8,0,-8,-1,-8,0,-8,-1,-8,-1,-8,0,-8,0,0,0,-8,0,-8,0,-8,1,-7,1,-7,1,-7,1,-6,2,-6,2,-5,2,-5,2,-5,2,-4,2,-3,2,-3,2,-3,2,-2,2,-2,2,-2,1,-1,1,-1,1,-1,1,-1,0,0,0,0,0,0,0,0,0,0,0,0,0,0,0,0,0,0,0,0,0,0,25,-72,29,-71,24,-67,23,-62,20,-63,17,-60,17,-58,18,-55,11,-59,13,-52,14,-57,4,-52,7,-52,7,-52,11,-51,3,-50,5,-50,6,-49,-2,-47,-1,-48,2,-46,0,-49,-1,-46,-1,-47,-4,-46,-2,-43,0,-47,-1,-42,0,-43,1,-45,-2,-43,-1,-44,3,-41,3,-42,5,-38,9,-36,7,-36,7,-34,9,-32,16,-29,11,-30,13,-25,12,-23,10,-20,12,-17,12,-13,13,-10,11,-10,9,-6,11,-12,10,-6,10,0,5,0,2,2,3,1,2,5,-2,6,0,0,0,0,0,0,0,0,0,0,0,0,0,0,0,0,0,0,0,0,0,0,-4,-19,-4,-18,0,-20,4,-23,2,-22,7,-23,10,-27,10,-26,12,-29,15,-26,18,-29,25,-30,26,-29,29,-30,34,-28,35,-27,40,-29,42,-26,41,-26,46,-23,51,-20,54,-20,54,-19,57,-15,59,-8,62,-12,61,-9,63,-8,63,-6,67,-7,64,-2,63,-2,65,-1,68,1,66,0,68,1,71,2,71,0,68,4,76,-1,74,1,77,2,76,1,79,0,78,3,79,2,82,7,84,7,83,11,84,13,82,15,84,18,85,17,83,18,83,20,81,21,81,25,0,0]"
CSI_DATA,254,1a:00:00:00:00:00,-45,11,1,0,1,1,1,0,0,0,1,-96,0,11,2,3580373,0,44,0,384,0,"[0,0,0,0,0,0,0,0,0,0,0,0,8,7,8,7,8,7,8,6,8,6,7,5,7,5,7,5,7,5,7,5,7,4,7,4,7,4,7,4,7,4,7,3,7,3,7,3,7,3,7,3,7,3,7,3,7,3,7,3,6,3,6,3,0,0,6,3,6,4,5,4,5,4,5,4,4,4,4,4,4,4,3,3,3,4,2,4,1,3,1,3,1,3,0,3,0,2,0,2,0,2,0,2,-1,1,-1,1,-1,1,-1,0,-1,0,-1,0,-1,-1,0,0,0,0,0,0,0,0,0,0,0,0,0,0,54,56,48,54,51,49,47,49,42,48,45,47,42,40,41,41,42,39,40,38,43,35,38,36,41,29,40,32,41,30,37,31,41,29,41,25,39,25,39,24,41,27,40,23,38,22,38,25,40,22,37,18,37,21,35,21,35,23,34,23,34,22,36,22,32,22,26,22,27,23,30,26,26,28,22,26,24,25,16,27,12,22,10,22,8,20,7,21,6,19,6,17,3,14,0,15,1,9,1,9,0,10,-1,5,-4,6,-6,3,-6,3,-8,-2,-8,-1,0,0,0,0,0,0,0,0,0,0,0,0,0,0,0,0,0,0,0,0,0,0,17,-1,20,4,19,10,21,10,20,10,20,12,19,17,21,17,18,22,19,27,22,28,18,27,14,34,18,38,13,39,11,40,7,47,3,50,4,52,3,53,3,53,-1,56,-8,58,-9,59,-9,58,-14,58,-16,62,-21,61,-24,62,-24,64,-23,63,-27,65,-28,60,-28,60,-28,60,-33,63,-28,62,-31,62,-30,63,-33,66,-33,70,-36,63,-38,68,-36,70,-40,67,-35,71,-44,67,-43,75,-45,72,-49,70,-49,68,-52,72,-53,69,-53,67,-57,65,-56,63,-58,62,0,0]"
CSI_DATA,255,1a:00:00:00:00:00,-45,11,1,0,1,1,1,0,0,0,1,-96,0,11,2,3610700,0,44,0,384,0,"[0,0,0,0,0,0,0,0,0,0,0,0,1,11,1,10,2,10,2,9,2,9,2,9,2,9,3,8,2,8,3,8,2,8,2,8,3,8,3,8,3,7,3,7,3,7,3,7,3,7,3,7,3,7,3,7,3,7,3,7,3,7,2,7,0,0,2,6,2,6,2,6,1,6,1,6,1,6,1,6,0,5,0,5,-1,5,-1,4,-1,4,-1,4,-1,3,-2,2,-2,2,-2,2,-2,1,-2,1,-2,1,-2,0,-2,0,-2,0,-2,0,-1,-1,-1,-1,0,0,0,0,0,0,0,0,0,0,0,0,0,0,8,71,8,75,10,69,9,67,7,64,10,65,7,61,7,59,8,59,8,57,10,54,14,53,13,51,13,48,12,48,16,47,18,50,15,44,17,45,15,44,18,44,18,47,16,41,19,42,14,44,17,42,15,42,17,42,15,40,15,40,12,41,8,40,12,42,7,37,7,38,6,37,5,36,2,34,1,33,-3,29,-3,30,-3,28,-9,23,-5,22,-9,19,-11,17,-10,11,-7,12,-8,11,-7,8,-7,3,-9,1,-7,-1,-6,-2,-4,-3,-3,-2,-4,-4,0,0,0,0,0,0,0,0,0,0,0,0,0,0,0,0,0,0,0,0,0,0,12,9,11,11,13,16,12,16,11,21,10,21,9,23,6,28,7,30,4,33,2,33,-1,38,-7,38,-5,39,-7,41,-12,42,-12,47,-16,48,-18,46,-24,43,-25,45,-34,48,-34,47,-38,45,-42,45,-46,47,-46,45,-47,44,-50,39,-55,41,-55,37,-53,39,-58,36,-59,37,-58,37,-62,39,-62,38,-59,34,-62,36,-61,37,-66,37,-66,39,-66,37,-70,38,-72,36,-73,35,-73,34,-77,38,-80,35,-84,32,-79,30,-83,32,-85,28,-84,26,-83,23,-83,19,-83,22,0,0]"
CSI_DATA,256,1a:00:00:00:00:00,-45,11,1,0,1,1,1,0,0,0,1,-96,0,11,2,3620118,0,44,0,384,0,"[0,0,0,0,0,0,0,0,0,0,0,0,-10,6,-10,6,-9,6,-9,6,-8,5,-8,6,-8,6,-8,6,-8,6,-7,5,-7,6,-7,6,-6,6,-6,6,-6,6,-6,6,-6,6,-6,6,-5,6,-5,6,-5,5,-5,5,-6,6,-5,5,-5,5,-6,6,0,0,-6,5,-6,4,-6,4,-6,4,-6,3,-6,3,-5,3,-5,2,-5,2,-5,1,-5,1,-4,1,-4,0,-4,0,-4,0,-4,-1,-3,-1,-3,-1,-2,-1,-2,-1,-2,-1,-1,-1,-1,-1,-1,-1,0,-1,0,-1,0,0,0,0,0,0,0,0,0,0,0,0,0,0,-67,38,-61,38,-62,38,-59,34,-58,37,-55,31,-52,33,-51,34,-45,31,-48,32,-40,32,-40,33,-42,33,-39,32,-38,35,-40,36,-36,36,-33,35,-33,37,-32,34,-31,37,-30,34,-31,35,-30,30,-33,30,-33,34,-32,36,-28,32,-31,32,-31,34,-28,33,-30,31,-29,29,-30,26,-29,24,-30,23,-31,20,-28,19,-30,17,-26,18,-26,12,-27,9,-26,7,-21,5,-21,5,-20,1,-17,1,-16,-2,-14,0,-13,-5,-8,-4,-6,-2,-5,-5,-6,-3,-4,-4,-1,-7,1,-6,0,0,0,0,0,0,0,0,0,0,0,0,0,0,0,0,0,0,0,0,0,0,-10,14,-11,16,-13,16,-16,15,-19,15,-21,14,-24,11,-24,12,-29,14,-28,11,-34,10,-35,8,-38,8,-42,8,-42,3,-45,1,-48,-7,-47,-5,-51,-7,-53,-13,-54,-17,-51,-16,-56,-20,-57,-26,-53,-27,-59,-29,-55,-34,-58,-36,-56,-35,-55,-41,-54,-39,-57,-39,-56,-42,-55,-44,-54,-42,-56,-45,-53,-42,-51,-43,-57,-50,-61,-47,-61,-49,-61,-47,-58,-51,-62,-50,-60,-52,-61,-54,-56,-52,-62,-57,-64,-57,-58,-62,-60,-64,-65,-65,-58,-67,-54,-67,-54,-70,-54,-70,-47,-72,0,0]"
CSI_DATA,257,1a:00:00:00:00:00,-45,11,1,0,1,1,1,0,0,0,1,-96,0,11,2,3630110,0,44,0,384,0,"[0,0,0,0,0,0,0,0,0,0,0,0,10,4,9,4,10,4,9,4,9,4,9,3,8,3,8,2,8,2,8,2,8,2,8,2,8,2,8,2,8,2,8,1,8,1,7,1,8,1,7,1,8,1,7,1,7,1,7,1,7,1,7,1,0,0,7,1,6,2,6,2,6,2,5,2,5,3,5,3,4,2,4,3,4,3,3,2,2,3,2,2,2,2,1,2,1,2,1,2,0,1,0,1,0,1,-1,1,-1,1,-1,0,-1,0,-1,0,-1,-1,0,0,0,0,0,0,0,0,0,0,0,0,0,0,66,35,65,37,61,26,59,28,56,33,55,32,55,25,56,22,53,23,52,23,51,17,48,19,45,20,47,19,49,18,48,12,46,14,46,12,44,13,46,11,47,10,45,11,44,8,43,9,40,10,44,9,44,10,45,10,39,10,40,11,41,11,39,15,39,13,37,13,37,15,34,18,31,15,28,19,27,20,24,22,20,19,19,17,17,15,16,16,8,17,9,15,5,16,2,14,1,13,4,11,2,8,3,8,-2,7,-1,2,-6,0,-5,-2,-5,0,0,0,0,0,0,0,0,0,0,0,0,0,0,0,0,0,0,0,0,0,0,0,16,-2,16,-6,20,-2,19,-1,21,2,21,6,23,4,25,8,25,12,29,15,30,17,28,21,27,26,28,27,25,33,29,33,26,39,24,44,24,46,19,46,20,49,19,55,14,58,14,59,11,62,10,61,4,65,3,65,3,66,2,69,0,66,-5,68,-6,68,-5,67,-6,67,-9,70,-6,70,-7,68,-8,71,-8,72,-8,72,-9,76,-12,76,-11,80,-16,78,-13,77,-16,79,-16,85,-14,85,-21,86,-25,81,-28,82,-30,82,-33,83,-32,82,-37,78,-38,79,0,0]"
CSI_DATA,258,1a:00:00:00:00:00,-45,11,1,0,1,1,1,0,0,0,1,-96,0,11,2,3650149,0,44,0,384,0,"[0,0,0,0,0,0,0,0,0,0,0,0,-1,-12,-1,-12,-2,-11,-2,-11,-2,-11,-2,-10,-2,-10,-2,-10,-2,-10,-3,-10,-2,-9,-2,-9,-3,-9,-3,-9,-3,-9,-3,-9,-3,-8,-3,-8,-4,-8,-3,-8,-3,-8,-3,-8,-3,-8,-3,-8,-3,-8,-2,-8,0,0,-2,-8,-2,-8,-2,-7,-1,-7,-1,-7,-1,-7,0,-7,0,-6,0,-6,1,-5,1,-5,1,-4,1,-4,1,-4,1,-3,1,-3,1,-3,1,-2,1,-2,1,-1,1,-1,1,-1,1,-1,0,0,0,0,0,0,0,0,0,0,0,0,0,0,0,0,0,0,0,0,7,-77,13,-66,10,-73,8,-67,10,-68,6,-65,6,-62,6,-63,4,-57,4,-57,4,-58,0,-56,0,-57,4,-53,2,-51,-1,-54,-5,-48,-5,-49,-6,-54,-6,-45,-4,-50,-6,-48,-9,-46,-4,-44,-3,-45,-4,-48,-5,-41,-3,-47,-2,-44,-1,-47,-3,-43,1,-44,3,-41,1,-40,0,-37,4,-36,5,-31,5,-34,9,-33,8,-32,13,-26,14,-23,12,-21,11,-19,10,-15,12,-15,12,-12,9,-12,9,-6,8,-6,8,-6,5,-5,7,-3,5,3,5,-1,5,2,3,4,0,0,0,0,0,0,0,0,0,0,0,0,0,0,0,0,0,0,0,0,0,0,-11,-13,-9,-15,-10,-18,-12,-20,-5,-21,-6,-23,-2,-25,-3,-28,1,-31,4,-30,4,-32,8,-35,10,-38,15,-39,20,-39,19,-41,26,-40,27,-41,28,-37,34,-38,37,-37,43,-39,44,-34,46,-33,52,-36,54,-33,54,-28,58,-33,56,-27,61,-29,60,-27,64,-24,63,-23,64,-25,65,-21,67,-21,65,-16,63,-21,70,-20,71,-22,74,-18,71,-21,73,-21,77,-20,76,-21,79,-15,79,-14,81,-18,85,-18,83,-11,84,-5,93,-9,91,-5,81,-4,88,1,83,4,86,-2,0,0]"
CSI_DATA,259,1a:00:00:00:00:00,-45,11,1,0,1,1,1,0,0,0,1,-96,0,11,2,3660110,0,44,0,384,0,"[0,0,0,0,0,0,0,0,0,0,0,0,2,10,1,10,2,10,2,9,2,9,2,8,2,8,3,8,2,8,3,8,2,8,3,7,3,7,3,7,3,7,3,7,3,7,3,6,4,6,4,6,4,6,4,6,3,6,4,6,3,6,3,6,0,0,2,6,2,6,2,6,1,6,1,6,1,6,1,5,0,5,0,4,0,4,-1,4,-1,4,-1,3,-1,3,-1,2,-1,2,-1,2,-1,1,-2,1,-2,1,-1,0,-1,0,-2,0,-1,-1,-1,-1,-1,-1,0,0,0,0,0,0,0,0,0,0,0,0,0,0,9,73,12,77,11,69,10,68,7,62,8,65,10,61,13,60,13,56,12,55,15,56,18,49,17,49,17,48,13,49,16,50,18,44,17,44,20,45,21,43,22,44,20,41,20,37,19,40,19,41,21,39,19,39,19,42,18,38,14,37,18,40,17,38,16,37,15,36,7,37,10,39,7,33,7,37,3,29,3,31,-2,30,-5,25,-5,21,-2,22,-3,18,-4,16,-6,13,-4,13,-4,10,-7,9,-9,7,-8,4,-7,1,-8,0,-3,-5,-2,-5,-4,-6,0,0,0,0,0,0,0,0,0,0,0,0,0,0,0,0,0,0,0,0,0,0,12,9,10,12,11,14,9,20,10,19,10,22,7,26,5,26,7,26,3,32,0,35,-4,35,-2,38,-7,40,-11,42,-13,42,-17,44,-22,43,-21,48,-26,49,-27,46,-33,47,-37,43,-41,45,-46,42,-46,43,-48,42,-50,41,-52,41,-56,41,-54,38,-56,39,-59,36,-57,36,-58,39,-61,39,-57,37,-60,35,-58,35,-64,39,-65,37,-70,39,-70,38,-72,41,-68,40,-70,40,-70,39,-74,41,-78,38,-80,34,-76,36,-85,32,-84,31,-86,29,-82,22,-83,24,-86,24,0,0]"
CSI_DATA,260,1a:00:00:00:00:00,-45,11,1,0,1,1,1,0,0,0,1,-96,0,11,2,3671071,0,44,0,384,0,"[0,0,0,0,0,0,0,0,0,0,0,0,1,-12,1,-12,1,-12,1,-11,0,-11,0,-11,0,-11,0,-10,0,-10,0,-10,0,-10,0,-10,-1,-9,-1,-9,-1,-9,-1,-9,-1,-9,-1,-9,-2,-9,-2,-9,-2,-9,-2,-8,-1,-9,-2,-8,-1,-8,-1,-8,0,0,-1,-8,-1,-8,0,-8,0,-7,0,-7,0,-7,0,-7,1,-6,1,-6,1,-5,2,-5,1,-4,2,-4,1,-4,1,-3,1,-3,1,-2,1,-2,1,-2,1,-1,1,-1,1,0,0,0,0,0,0,0,0,0,0,0,0,0,0,0,0,0,0,0,0,0,0,0,7,-78,7,-74,5,-74,5,-68,4,-68,3,-62,3,-62,3,-60,3,-58,1,-57,0,-58,0,-55,-2,-53,-3,-52,-7,-51,-9,-52,-8,-50,-5,-52,-5,-46,-6,-48,-6,-46,-6,-49,-9,-46,-6,-45,-10,-45,-11,-46,-8,-46,-10,-46,-6,-44,-9,-43,-7,-42,-4,-42,-4,-42,-3,-41,-2,-46,0,-35,4,-37,3,-35,2,-31,8,-31,5,-30,9,-27,8,-22,8,-21,10,-18,8,-14,8,-13,9,-11,6,-10,9,-6,10,-4,6,-7,6,-3,6,-1,4,2,3,0,0,6,0,0,0,0,0,0,0,0,0,0,0,0,0,0,0,0,0,0,0,0,0,0,-12,-14,-10,-18,-9,-20,-6,-19,-2,-26,-3,-22,0,-28,-3,-29,4,-31,5,-33,7,-34,11,-35,14,-37,16,-40,23,-36,25,-37,24,-39,33,-41,35,-41,36,-39,38,-33,43,-34,45,-38,48,-36,51,-32,56,-32,59,-28,59,-23,59,-26,59,-24,63,-25,64,-25,68,-18,64,-21,67,-17,68,-18,68,-19,68,-21,69,-23,72,-23,71,-21,75,-19,73,-19,81,-20,78,-15,79,-18,82,-15,82,-16,83,-13,84,-12,87,-13,92,-10,84,-2,85,-5,89,-2,86,-3,84,-1,0,0]"
CSI_DATA,261,1a:00:00:00:00:00,-45,11,1,0,1,1,1,0,0,0,1,-96,0,11,2,3680111,0,44,0,384,0,"[0,0,0,0,0,0,0,0,0,0,0,0,-6,-10,-6,-10,-6,-9,-6,-9,-6,-9,-6,-9,-6,-8,-6,-8,-6,-8,-6,-8,-6,-7,-6,-7,-6,-7,-6,-7,-6,-7,-6,-6,-6,-6,-6,-6,-6,-6,-6,-6,-6,-6,-6,-6,-6,-6,-6,-6,-6,-6,-5,-6,0,0,-5,-6,-4,-6,-4,-6,-4,-6,-4,-6,-4,-6,-3,-6,-2,-6,-2,-5,-2,-5,-1,-5,-1,-5,-1,-4,-1,-4,0,-3,0,-3,0,-3,0,-3,0,-2,0,-2,0,-1,0,-1,0,-1,0,-1,0,0,0,0,0,0,0,0,0,0,0,0,0,0,0,0,0,0,-30,-68,-25,-69,-27,-67,-29,-65,-28,-61,-24,-57,-23,-57,-28,-54,-25,-51,-29,-50,-25,-48,-29,-46,-29,-46,-24,-44,-29,-41,-29,-45,-29,-42,-30,-39,-27,-39,-30,-40,-32,-38,-32,-38,-32,-36,-33,-33,-28,-33,-26,-36,-27,-34,-27,-33,-24,-33,-27,-36,-28,-36,-27,-35,-23,-34,-20,-33,-20,-33,-19,-33,-15,-34,-15,-32,-11,-32,-11,-30,-6,-29,-4,-26,-3,-25,-2,-22,-2,-16,1,-18,2,-17,4,-14,3,-14,3,-14,5,-9,4,-5,5,-4,9,-4,5,0,4,3,5,2,0,0,0,0,0,0,0,0,0,0,0,0,0,0,0,0,0,0,0,0,0,0,-18,-8,-16,-10,-16,-12,-17,-13,-13,-19,-17,-20,-15,-24,-14,-25,-13,-27,-10,-28,-6,-33,-4,-35,-3,-38,-3,-41,0,-41,5,-44,7,-48,11,-48,8,-47,15,-50,18,-51,19,-53,25,-53,29,-49,35,-52,33,-53,39,-52,44,-53,42,-53,43,-49,45,-52,46,-53,48,-51,50,-50,50,-47,49,-47,52,-47,53,-46,54,-51,52,-54,55,-51,54,-53,58,-55,59,-55,61,-51,56,-55,66,-53,66,-53,69,-52,68,-51,74,-47,76,-48,76,-52,75,-42,73,-44,78,-40,76,-41,0,0]"
CSI_DATA,262,1a:00:00:00:00:00,-45,11,1,0,1,1,1,0,0,0,1,-96,0,11,2,3690480,0,44,0,384,0,"[0,0,0,0,0,0,0,0,0,0,0,0,-9,-8,-8,-8,-8,-7,-8,-7,-8,-7,-8,-7,-8,-6,-8,-5,-8,-5,-8,-6,-8,-5,-8,-5,-8,-5,-8,-5,-8,-5,-8,-4,-8,-4,-8,-4,-8,-4,-7,-4,-8,-4,-7,-4,-7,-4,-7,-4,-7,-4,-7,-4,0,0,-7,-4,-6,-4,-6,-4,-6,-4,-5,-4,-5,-5,-5,-4,-4,-5,-4,-4,-3,-4,-3,-4,-2,-4,-2,-4,-2,-4,-1,-3,-1,-3,-1,-3,-1,-3,-1,-2,0,-2,0,-2,0,-1,0,-1,0,-1,0,-1,0,0,0,0,0,0,0,0,0,0,0,0,0,0,0,0,-57,-47,-54,-47,-57,-46,-50,-42,-51,-40,-52,-37,-48,-35,-46,-36,-47,-32,-48,-32,-45,-30,-44,-29,-42,-25,-44,-26,-42,-26,-45,-23,-47,-20,-44,-19,-43,-18,-42,-19,-44,-15,-43,-20,-43,-15,-42,-12,-41,-12,-43,-14,-39,-16,-39,-18,-40,-18,-40,-20,-36,-15,-38,-16,-36,-17,-37,-19,-30,-14,-31,-21,-30,-19,-26,-21,-26,-20,-25,-20,-15,-24,-18,-21,-14,-17,-13,-18,-12,-19,-8,-13,-10,-18,-6,-15,-5,-13,-3,-9,-1,-10,1,-7,4,-4,1,-6,4,-1,5,-1,7,0,0,0,0,0,0,0,0,0,0,0,0,0,0,0,0,0,0,0,0,0,0,0,-15,-1,-21,-2,-20,-5,-18,-10,-19,-9,-21,-15,-22,-15,-21,-21,-21,-19,-20,-25,-21,-27,-18,-33,-19,-35,-18,-36,-16,-39,-14,-42,-15,-46,-10,-45,-12,-49,-5,-51,-4,-52,-3,-59,2,-56,3,-60,7,-57,8,-61,10,-60,12,-64,12,-64,17,-61,18,-61,21,-65,22,-63,21,-62,22,-67,24,-64,25,-63,26,-63,25,-66,25,-63,23,-69,27,-70,28,-74,27,-71,30,-69,33,-74,36,-72,33,-75,36,-78,39,-74,41,-78,45,-77,44,-73,45,-70,46,-71,45,-75,43,-71,0,0]"
CSI_DATA,263,1a:00:00:00:00:00,-45,11,1,0,1,1,1,0,0,0,1,-96,0,11,2,3720102,0,44,0,384,0,"[0,0,0,0,0,0,0,0,0,0,0,0,-11,4,-11,4,-11,4,-10,4,-10,4,-10,4,-9,5,-9,5,-8,4,-9,4,-8,5,-8,5,-8,5,-7,4,-7,4,-8,5,-7,5,-7,5,-7,4,-7,5,-6,4,-7,5,-7,5,-6,5,-6,4,-7,4,0,0,-7,4,-6,4,-6,3,-7,3,-6,2,-6,2,-6,2,-5,1,-6,1,-6,1,-5,0,-4,0,-4,0,-4,-1,-4,-1,-3,-1,-3,-1,-2,-1,-2,-1,-2,-1,-2,-2,-1,-1,-1,-1,-1,-2,0,-1,0,-1,0,0,0,0,0,0,0,0,0,0,0,0,0,0,-72,31,-71,30,-60,32,-60,32,-62,31,-56,27,-55,28,-55,24,-53,26,-50,29,-47,30,-46,29,-45,30,-42,26,-41,26,-44,26,-43,30,-38,28,-35,30,-38,29,-33,31,-36,27,-35,30,-32,30,-32,32,-34,30,-33,31,-29,29,-31,29,-35,28,-32,25,-35,26,-28,25,-32,23,-31,22,-31,21,-27,20,-31,15,-29,15,-26,8,-28,8,-22,6,-25,5,-21,2,-18,-1,-18,2,-18,-1,-15,-3,-14,-1,-10,-4,-9,-4,-8,-4,-6,-8,-1,-7,-2,-1,1,-8,3,-3,0,0,0,0,0,0,0,0,0,0,0,0,0,0,0,0,0,0,0,0,0,0,-10,15,-15,17,-18,14,-19,14,-20,14,-24,13,-23,13,-30,14,-30,12,-29,6,-37,3,-41,6,-42,0,-43,0,-44,-1,-46,-7,-54,-6,-49,-14,-50,-16,-51,-16,-50,-20,-56,-27,-53,-29,-52,-30,-53,-36,-53,-37,-54,-44,-53,-43,-54,-44,-52,-46,-50,-44,-50,-51,-48,-49,-48,-50,-50,-52,-50,-50,-49,-53,-48,-54,-49,-55,-49,-57,-56,-57,-57,-59,-54,-58,-53,-60,-51,-62,-57,-56,-57,-65,-52,-65,-55,-69,-53,-72,-48,-74,-51,-78,-50,-76,-45,-76,-41,-77,-44,-75,-44,-77,0,0]"
CSI_DATA,264,1a:00:00:00:00:00,-45,11,1,0,1,1,1,0,0,0,1,-96,0,11,2,3741543,0,44,0,384,0,"[0,0,0,0,0,0,0,0,0,0,0,0,-9,-8,-9,-7,-9,-7,-9,-7,-9,-7,-8,-6,-8,-6,-8,-5,-8,-5,-8,-5,-8,-5,-8,-5,-8,-5,-8,-5,-8,-5,-8,-4,-8,-4,-8,-4,-8,-4,-8,-4,-7,-4,-8,-4,-7,-4,-7,-4,-7,-4,-7,-4,0,0,-6,-4,-6,-4,-6,-4,-6,-4,-5,-4,-5,-5,-4,-5,-4,-5,-4,-4,-4,-4,-3,-4,-2,-4,-2,-4,-1,-3,-1,-3,-1,-3,-1,-3,-1,-3,-1,-2,0,-2,0,-2,0,-1,0,-1,0,-1,0,0,0,0,0,0,0,0,0,0,0,0,0,0,0,0,0,0,-53,-52,-51,-56,-52,-51,-48,-45,-43,-45,-46,-43,-42,-40,-46,-39,-40,-36,-41,-35,-42,-33,-42,-31,-43,-31,-40,-29,-39,-29,-42,-31,-40,-25,-40,-24,-39,-26,-40,-22,-39,-26,-36,-22,-38,-20,-39,-20,-37,-22,-38,-20,-34,-20,-35,-20,-36,-22,-32,-22,-32,-22,-33,-21,-33,-21,-30,-22,-29,-23,-26,-23,-23,-25,-20,-23,-23,-23,-17,-23,-12,-22,-12,-23,-12,-19,-6,-21,-6,-20,-4,-15,-3,-17,-2,-13,-2,-11,1,-13,1,-8,3,-5,1,-6,5,-5,3,-4,3,0,6,3,0,0,0,0,0,0,0,0,0,0,0,0,0,0,0,0,0,0,0,0,0,0,-19,-1,-20,-3,-21,-3,-21,-9,-22,-8,-22,-14,-23,-14,-24,-20,-25,-19,-22,-24,-22,-24,-23,-29,-21,-32,-22,-37,-21,-42,-15,-39,-18,-47,-10,-46,-14,-50,-6,-52,-8,-54,-4,-58,-2,-56,6,-58,4,-62,9,-60,13,-63,15,-68,12,-62,17,-68,18,-62,21,-67,23,-62,23,-63,22,-63,22,-67,26,-62,30,-68,26,-63,29,-68,29,-75,29,-68,32,-71,34,-69,34,-72,30,-74,33,-72,36,-71,39,-77,41,-74,48,-72,48,-72,53,-76,50,-68,54,-68,53,-68,50,-67,0,0]"
CSI_DATA,265,1a:00:00:00:00:00,-45,11,1,0,1,1,1,0,0,0,1,-96,0,11,2,3750159,0,44,0,384,0,"[0,0,0,0,0,0,0,0,0,0,0,0,10,-7,9,-6,9,-6,8,-5,9,-6,8,-6,8,-6,8,-6,7,-6,7,-6,7,-6,7,-7,6,-6,6,-6,6,-6,6,-7,5,-6,6,-7,5,-6,5,-6,5,-6,5,-6,6,-6,5,-6,5,-6,5,-5,0,0,5,-5,5,-5,5,-4,5,-4,5,-4,5,-3,5,-3,4,-2,5,-2,4,-2,4,-1,4,-1,3,-1,3,0,3,0,2,0,2,0,1,0,1,0,1,1,0,0,0,0,0,0,-1,0,-1,0,-1,0,0,0,0,0,0,0,0,0,0,0,0,0,0,0,70,-27,66,-27,66,-29,60,-26,58,-24,57,-25,55,-23,49,-29,53,-23,46,-29,49,-25,46,-28,44,-27,42,-23,41,-28,38,-27,36,-30,37,-25,35,-26,35,-27,37,-32,37,-31,32,-28,31,-26,33,-25,34,-29,32,-26,32,-26,32,-23,31,-26,33,-22,32,-22,29,-18,30,-17,30,-19,31,-18,29,-12,30,-13,30,-6,24,-6,25,-6,23,-3,24,0,19,2,19,5,15,3,14,2,10,3,9,5,8,4,5,3,5,4,4,4,0,7,-1,3,-4,6,-4,0,0,0,0,0,0,0,0,0,0,0,0,0,0,0,0,0,0,0,0,0,0,0,7,-16,8,-17,11,-17,14,-17,17,-18,16,-17,19,-16,24,-14,28,-17,31,-13,31,-16,36,-12,38,-8,41,-7,41,-3,47,-3,46,2,48,4,52,8,52,10,53,14,55,16,55,19,54,26,55,24,57,27,55,31,54,35,52,35,56,36,53,42,51,41,49,44,52,45,50,47,48,47,49,45,50,45,51,48,50,49,53,54,53,53,54,56,58,57,54,59,51,55,53,58,56,59,54,66,50,65,49,67,49,69,46,69,43,69,40,73,40,73,38,72,0,0]"
CSI_DATA,266,1a:00:00:00:00:00,-45,11,1,0,1,1,1,0,0,0,1,-96,0,11,2,3770097,0,44,0,384,0,"[0,0,0,0,0,0,0,0,0,0,0,0,11,-4,10,-4,10,-4,9,-4,9,-4,9,-4,9,-4,8,-4,8,-5,8,-4,8,-5,8,-5,7,-4,7,-4,7,-4,7,-5,6,-5,7,-5,6,-5,6,-4,6,-5,6,-5,6,-5,6,-5,6,-4,6,-4,0,0,6,-4,6,-3,5,-3,6,-3,5,-2,5,-2,5,-2,5,-2,5,-2,4,-1,4,-1,4,0,3,0,3,0,3,0,2,0,2,0,2,0,1,1,1,1,0,0,0,1,0,0,-1,0,-1,0,-1,0,0,0,0,0,0,0,0,0,0,0,0,0,0,0,71,-15,67,-17,66,-14,61,-17,63,-18,56,-13,58,-18,53,-18,51,-19,46,-17,48,-19,48,-17,44,-21,47,-20,42,-23,42,-21,38,-24,37,-25,41,-22,39,-21,35,-23,38,-25,34,-23,39,-20,36,-18,39,-21,33,-25,35,-22,33,-21,37,-23,38,-21,33,-19,38,-18,29,-15,32,-16,31,-12,33,-7,30,-9,27,-4,26,-3,25,-3,22,-2,25,0,19,2,15,4,13,2,12,3,11,6,7,2,8,8,4,8,5,4,1,3,3,5,-3,6,-4,3,-3,1,0,0,0,0,0,0,0,0,0,0,0,0,0,0,0,0,0,0,0,0,0,0,12,-15,12,-15,15,-15,18,-15,19,-12,23,-14,25,-10,25,-12,28,-8,33,-9,34,-6,33,-3,37,1,41,0,40,5,46,10,42,9,45,12,45,15,52,24,48,26,47,33,46,35,53,33,49,37,49,39,49,39,46,41,47,48,43,50,43,50,39,47,42,54,37,58,38,55,39,57,42,57,43,56,41,55,48,54,43,60,44,60,42,60,45,68,42,63,43,69,41,69,40,70,37,76,41,76,39,75,39,77,36,76,32,78,34,75,28,77,29,78,0,0]"
CSI_DATA,267,1a:00:00:00:00:00,-45,11,1,0,1,1,1,0,0,0,1,-96,0,11,2,3780113,0,44,0,384,0,"[0,0,0,0,0,0,0,0,0,0,0,0,0,-12,0,-11,-1,-11,-1,-10,-1,-11,-1,-10,-1,-9,-1,-9,-1,-9,-2,-9,-1,-9,-2,-9,-2,-8,-2,-8,-2,-8,-2,-8,-2,-8,-2,-8,-3,-8,-2,-8,-2,-7,-2,-8,-2,-7,-2,-7,-2,-8,-1,-7,0,0,-1,-7,-1,-7,-1,-7,-1,-7,-1,-7,0,-6,0,-6,0,-6,1,-5,1,-5,1,-4,1,-4,1,-4,1,-3,1,-2,1,-2,1,-2,1,-2,1,-1,1,-1,1,-1,0,-1,1,0,0,0,0,0,0,0,0,0,0,0,0,0,0,0,0,0,0,0,0,0,-1,-76,1,-72,-2,-72,4,-69,1,-67,-3,-63,-3,-62,-2,-59,-4,-57,-2,-56,-6,-54,-6,-53,-6,-52,-5,-51,-9,-50,-11,-51,-13,-46,-10,-43,-10,-44,-13,-44,-12,-47,-10,-44,-15,-44,-12,-43,-16,-42,-10,-42,-13,-41,-9,-39,-11,-41,-6,-41,-10,-38,-8,-41,-5,-40,-6,-38,-5,-36,-2,-36,-1,-32,-2,-31,2,-32,0,-29,2,-29,9,-25,9,-20,6,-17,6,-18,8,-12,8,-12,11,-11,7,-9,5,-5,6,-4,7,-1,5,-2,4,0,3,3,4,2,-2,3,0,0,0,0,0,0,0,0,0,0,0,0,0,0,0,0,0,0,0,0,0,0,-12,-12,-14,-14,-13,-16,-12,-21,-10,-23,-5,-25,-9,-28,-4,-28,-3,-32,-1,-34,3,-36,6,-40,6,-38,11,-43,16,-44,16,-45,22,-46,23,-47,32,-47,29,-47,34,-45,39,-48,45,-44,48,-47,51,-41,53,-43,50,-40,54,-40,57,-34,59,-39,57,-35,64,-33,62,-29,62,-31,65,-31,64,-30,63,-28,68,-32,67,-31,71,-29,70,-31,68,-31,71,-32,75,-29,79,-31,78,-33,81,-29,82,-26,79,-27,83,-22,86,-21,87,-18,92,-15,85,-12,85,-14,91,-12,85,-8,0,0]"
CSI_DATA,268,1a:00:00:00:00:00,-45,11,1,0,1,1,1,0,0,0,1,-96,0,11,2,3790129,0,44,0,384,0,"[0,0,0,0,0,0,0,0,0,0,0,0,-11,-4,-11,-4,-11,-4,-10,-4,-10,-3,-10,-3,-9,-2,-9,-2,-10,-2,-9,-2,-9,-2,-9,-2,-9,-2,-9,-2,-9,-1,-8,-1,-9,-1,-8,0,-9,-1,-8,-1,-8,-1,-8,-1,-8,-1,-8,-1,-8,-1,-7,-1,0,0,-7,-1,-7,-1,-7,-1,-7,-2,-6,-2,-6,-2,-6,-2,-5,-2,-5,-3,-5,-3,-4,-3,-3,-3,-3,-3,-3,-3,-2,-3,-2,-2,-2,-2,-1,-2,-1,-2,-1,-2,-1,-2,0,-2,0,-1,0,-1,0,-1,0,-1,0,0,0,0,0,0,0,0,0,0,0,0,0,0,-66,-40,-66,-39,-61,-34,-57,-36,-58,-35,-57,-31,-55,-30,-52,-28,-53,-28,-51,-23,-48,-25,-47,-20,-49,-18,-48,-18,-46,-16,-47,-18,-45,-12,-48,-14,-46,-12,-46,-14,-42,-12,-43,-12,-45,-7,-42,-14,-44,-14,-42,-9,-39,-11,-43,-11,-40,-15,-39,-12,-39,-9,-37,-15,-37,-15,-37,-15,-33,-13,-30,-18,-28,-17,-25,-16,-25,-18,-24,-19,-19,-18,-20,-18,-16,-20,-12,-14,-7,-17,-9,-13,-6,-11,-9,-14,-1,-10,0,-12,0,-7,1,-9,-1,-8,3,-4,7,0,5,-2,7,3,0,0,0,0,0,0,0,0,0,0,0,0,0,0,0,0,0,0,0,0,0,0,-20,5,-20,3,-25,0,-23,1,-27,-2,-25,-4,-28,-10,-29,-14,-29,-19,-33,-17,-32,-20,-34,-24,-33,-30,-32,-31,-34,-32,-27,-42,-28,-44,-28,-45,-24,-47,-24,-54,-20,-54,-18,-60,-16,-60,-19,-63,-12,-62,-11,-64,-7,-66,-2,-68,0,-73,-1,-70,2,-67,3,-69,6,-68,5,-74,5,-71,10,-73,7,-68,7,-72,7,-74,6,-78,8,-78,9,-80,12,-78,11,-81,14,-80,9,-83,17,-83,18,-87,19,-85,23,-90,23,-85,28,-88,25,-83,32,-81,33,-84,33,-80,39,-75,0,0]"
CSI_DATA,269,1a:00:00:00:00:00,-45,11,1,0,1,1,1,0,0,0,1,-96,0,11,2,3800134,0,44,0,384,0,"[0,0,0,0,0,0,0,0,0,0,0,0,-4,10,-4,9,-3,9,-3,9,-3,9,-3,9,-3,8,-2,8,-2,8,-2,8,-2,8,-2,8,-1,8,-1,7,-1,7,-1,7,-1,7,-1,7,-1,7,-1,7,-1,7,-1,7,-1,7,-1,6,-1,7,-1,6,0,0,-2,6,-1,6,-2,6,-2,5,-2,5,-2,5,-2,5,-2,4,-3,3,-3,3,-3,3,-3,2,-3,2,-3,2,-3,1,-2,1,-2,1,-2,0,-2,0,-2,-1,-2,-1,-2,-1,-1,-1,-1,-1,-1,-1,0,-1,0,0,0,0,0,0,0,0,0,0,0,0,0,0,-36,66,-38,61,-34,67,-31,59,-31,59,-30,56,-26,53,-29,54,-22,49,-23,51,-20,50,-19,51,-17,49,-20,46,-14,45,-14,49,-14,45,-11,47,-10,45,-11,44,-9,45,-10,41,-7,43,-10,40,-7,40,-10,42,-8,40,-4,42,-10,39,-11,38,-10,40,-11,37,-12,30,-14,33,-13,33,-15,28,-15,30,-14,25,-15,28,-20,24,-18,17,-18,16,-20,17,-12,14,-16,10,-15,7,-14,6,-10,6,-13,4,-8,0,-8,-1,-9,-1,-8,-4,-7,-5,-1,-2,-1,-4,3,-4,0,0,0,0,0,0,0,0,0,0,0,0,0,0,0,0,0,0,0,0,0,0,5,17,2,21,2,24,-4,24,-6,23,-9,25,-13,27,-11,31,-15,27,-18,26,-20,27,-26,31,-24,33,-33,32,-37,30,-40,29,-43,30,-46,26,-47,28,-51,23,-56,20,-60,21,-62,16,-64,15,-63,9,-67,11,-65,7,-70,6,-66,5,-72,-1,-69,0,-72,-3,-70,0,-73,-6,-72,-4,-71,-8,-73,-5,-73,-6,-75,-7,-77,-9,-79,-5,-76,-5,-80,-9,-80,-9,-79,-12,-87,-10,-86,-14,-86,-16,-85,-16,-87,-20,-85,-25,-90,-23,-88,-28,-84,-25,-83,-30,-84,-31,-78,-36,0,0]"
CSI_DATA,270,1a:00:00:00:00:00,-45,11,1,0,1,1,1,0,0,0,1,-96,0,11,2,3811534,0,44,0,384,0,"[0,0,0,0,0,0,0,0,0,0,0,0,-12,1,-11,1,-11,1,-10,0,-10,1,-9,1,-9,1,-9,1,-9,1,-9,1,-8,2,-8,2,-8,2,-8,1,-8,1,-8,2,-8,2,-8,2,-7,2,-7,2,-7,2,-7,2,-8,2,-7,2,-7,2,-7,2,0,0,-7,1,-7,1,-6,0,-7,0,-6,0,-6,0,-6,-1,-5,-1,-5,-1,-5,-1,-5,-2,-4,-2,-4,-2,-3,-2,-3,-2,-3,-2,-2,-2,-2,-2,-2,-2,-1,-2,-1,-2,-1,-2,0,-1,0,-1,0,-1,0,-1,0,0,0,0,0,0,0,0,0,0,0,0,0,0,-74,-6,-70,-8,-69,-8,-68,-7,-64,-4,-62,-6,-58,-5,-61,0,-54,-4,-54,1,-51,-4,-53,2,-49,0,-50,2,-48,6,-50,7,-45,7,-48,5,-46,5,-45,8,-46,9,-43,7,-42,12,-42,6,-41,6,-39,8,-41,9,-39,9,-39,6,-39,8,-41,6,-38,5,-35,2,-38,3,-36,4,-36,-4,-36,-2,-30,-3,-28,-5,-29,-5,-25,-8,-21,-8,-16,-8,-18,-7,-17,-7,-13,-8,-10,-10,-10,-8,-9,-7,-6,-8,-2,-9,-3,-10,2,-5,-3,-2,2,-7,2,-2,4,1,0,0,0,0,0,0,0,0,0,0,0,0,0,0,0,0,0,0,0,0,0,0,-15,9,-17,8,-20,9,-23,6,-25,7,-26,5,-29,2,-31,2,-33,-1,-36,-7,-37,-6,-39,-12,-41,-10,-38,-15,-42,-21,-42,-23,-40,-27,-39,-27,-42,-33,-39,-36,-39,-39,-41,-44,-37,-46,-37,-48,-36,-52,-38,-53,-32,-59,-32,-58,-29,-60,-32,-62,-30,-64,-25,-61,-21,-66,-21,-66,-24,-65,-23,-66,-25,-65,-26,-68,-22,-65,-24,-70,-24,-73,-22,-69,-27,-74,-23,-77,-19,-76,-24,-81,-23,-82,-18,-85,-15,-80,-14,-82,-15,-87,-14,-88,-6,-85,-3,-83,-8,-88,-2,-87,0,-81,0,0]"
CSI_DATA,271,1a:00:00:00:00:00,-45,11,1,0,1,1,1,0,0,0,1,-96,0,11,2,3820096,0,44,0,384,0,"[0,0,0,0,0,0,0,0,0,0,0,0,-12,2,-11,2,-11,2,-10,1,-10,1,-10,2,-9,2,-9,3,-9,3,-9,2,-9,3,-8,3,-8,3,-8,3,-7,3,-8,3,-7,3,-7,3,-7,3,-7,3,-7,3,-7,3,-7,3,-7,3,-7,3,-7,3,0,0,-7,3,-6,2,-6,2,-6,2,-6,1,-6,1,-6,1,-5,0,-6,0,-5,0,-5,0,-4,-1,-4,-1,-4,-1,-3,-1,-3,-1,-3,-1,-2,-2,-2,-2,-1,-2,-1,-1,-1,-2,0,-1,0,-1,0,-1,0,-1,0,0,0,0,0,0,0,0,0,0,0,0,0,0,-73,-3,-73,0,-70,1,-65,-2,-61,2,-57,2,-61,3,-61,2,-56,4,-55,9,-51,5,-48,5,-49,8,-47,9,-46,11,-45,11,-47,13,-48,11,-42,13,-44,12,-42,15,-41,14,-42,15,-40,14,-39,8,-39,13,-39,11,-39,14,-37,9,-38,12,-39,12,-40,12,-34,7,-37,10,-34,8,-32,2,-28,3,-32,0,-31,-1,-29,-3,-25,-2,-20,-5,-21,-7,-19,-3,-18,-7,-15,-6,-11,-7,-12,-9,-7,-6,-10,-7,-4,-8,-5,-7,-1,-6,-1,-6,1,-5,1,-4,6,-3,0,0,0,0,0,0,0,0,0,0,0,0,0,0,0,0,0,0,0,0,0,0,-16,10,-17,12,-19,10,-22,7,-23,8,-29,6,-28,3,-30,0,-31,-4,-32,-1,-38,-3,-35,-8,-40,-7,-42,-12,-43,-17,-41,-20,-46,-23,-43,-28,-44,-31,-40,-33,-40,-38,-46,-45,-41,-42,-41,-47,-40,-49,-41,-52,-38,-55,-39,-56,-34,-56,-35,-60,-30,-57,-31,-59,-27,-63,-32,-64,-28,-67,-27,-64,-26,-62,-29,-63,-27,-66,-30,-70,-30,-73,-29,-68,-29,-72,-34,-74,-28,-76,-26,-77,-28,-78,-26,-79,-26,-84,-23,-80,-21,-82,-21,-82,-20,-85,-15,-80,-17,-84,-14,-84,-8,-84,0,0]"
CSI_DATA,272,1a:00:00:00:00:00,-45,11,1,0,1,1,1,0,0,0,1,-96,0,11,2,3831002,0,44,0,384,0,"[0,0,0,0,0,0,0,0,0,0,0,0,-4,-11,-4,-10,-4,-10,-4,-10,-5,-10,-4,-9,-5,-9,-4,-8,-5,-8,-4,-8,-4,-8,-5,-8,-5,-8,-5,-7,-5,-7,-5,-7,-5,-7,-5,-7,-5,-7,-5,-7,-5,-7,-4,-7,-4,-6,-4,-7,-4,-7,-4,-6,0,0,-4,-6,-3,-6,-3,-6,-3,-6,-2,-6,-2,-6,-2,-6,-1,-6,-1,-5,-1,-5,0,-4,0,-4,0,-4,0,-3,0,-3,0,-3,1,-2,0,-2,1,-2,0,-1,0,-1,0,-1,0,0,0,0,0,0,0,0,0,0,0,0,0,0,0,0,0,0,0,0,0,0,-19,-77,-17,-71,-20,-74,-16,-67,-17,-59,-17,-64,-14,-55,-16,-62,-15,-54,-18,-56,-18,-52,-18,-52,-19,-48,-18,-47,-17,-46,-20,-48,-25,-41,-22,-44,-22,-44,-22,-39,-22,-43,-18,-38,-23,-41,-23,-37,-18,-41,-21,-36,-19,-38,-19,-37,-18,-36,-19,-41,-14,-34,-15,-42,-14,-32,-12,-39,-11,-33,-9,-37,-7,-34,-5,-32,-2,-32,-1,-31,0,-29,2,-23,2,-22,5,-21,5,-18,4,-16,6,-14,1,-11,7,-8,7,-6,7,-4,7,-6,8,-3,5,1,2,1,1,2,2,8,0,0,0,0,0,0,0,0,0,0,0,0,0,0,0,0,0,0,0,0,0,0,-20,-6,-20,-12,-21,-14,-20,-18,-20,-18,-18,-20,-15,-27,-19,-32,-16,-29,-12,-31,-12,-37,-11,-40,-9,-41,-7,-46,-4,-47,3,-46,8,-55,7,-50,10,-52,16,-51,20,-53,24,-58,26,-56,26,-57,32,-55,31,-57,37,-53,42,-57,42,-54,47,-53,45,-52,51,-52,49,-48,53,-50,47,-51,52,-50,51,-48,53,-46,52,-46,57,-53,59,-51,56,-47,65,-56,61,-48,68,-51,66,-50,72,-48,73,-49,74,-50,69,-48,77,-48,77,-45,85,-42,74,-35,77,-36,85,-33,81,-29,0,0]"
CSI_DATA,273,1a:00:00:00:00:00,-45,11,1,0,1,1,1,0,0,0,1,-96,0,11,2,3840095,0,44,0,384,0,"[0,0,0,0,0,0,0,0,0,0,0,0,7,-9,7,-8,6,-8,6,-8,6,-8,5,-8,5,-8,5,-8,5,-8,4,-8,4,-7,4,-8,3,-8,3,-7,3,-7,3,-7,3,-7,3,-7,2,-7,3,-7,3,-7,3,-7,3,-7,3,-7,2,-7,3,-6,0,0,3,-6,3,-6,3,-6,3,-6,3,-5,3,-5,3,-4,3,-4,3,-3,3,-3,3,-2,3,-2,3,-2,2,-2,2,-1,2,-1,2,-1,1,-1,1,0,1,0,1,0,0,0,0,0,0,0,-1,0,-1,0,0,0,0,0,0,0,0,0,0,0,0,0,0,0,50,-54,49,-54,45,-55,43,-53,41,-52,42,-48,37,-48,35,-45,32,-44,31,-45,29,-48,31,-43,27,-46,29,-44,28,-40,23,-46,24,-45,22,-42,21,-40,16,-44,16,-43,19,-40,17,-39,15,-40,16,-38,19,-38,18,-40,14,-38,16,-34,15,-39,16,-35,15,-37,16,-34,18,-31,20,-30,20,-28,22,-25,21,-25,19,-22,18,-21,24,-16,18,-13,18,-13,16,-9,15,-6,17,-8,13,-5,12,-2,9,-3,6,-2,4,1,8,3,3,3,4,3,1,6,-1,4,-5,6,0,0,0,0,0,0,0,0,0,0,0,0,0,0,0,0,0,0,0,0,0,0,0,-21,5,-23,7,-24,7,-21,12,-25,10,-23,16,-25,18,-24,20,-27,24,-23,29,-24,32,-24,34,-23,36,-23,38,-22,44,-19,48,-21,49,-16,49,-12,53,-11,57,-6,60,-4,62,-2,63,-1,65,4,64,5,66,10,66,7,64,13,65,14,67,14,67,16,68,20,65,21,66,21,69,22,70,21,68,25,67,23,71,25,71,22,75,23,73,31,78,28,72,27,78,33,80,34,81,32,87,35,80,42,75,41,79,43,78,46,72,46,74,47,74,47,73,47,0,0]"
CSI_DATA,274,1a:00:00:00:00:00,-45,11,1,0,1,1,1,0,0,0,1,-96,0,11,2,3852129,0,44,0,384,0,"[0,0,0,0,0,0,0,0,0,0,0,0,9,-6,8,-6,8,-6,8,-6,7,-6,7,-6,7,-6,6,-6,6,-6,6,-6,6,-6,6,-6,5,-6,5,-6,5,-6,5,-6,5,-6,5,-6,4,-6,4,-6,5,-5,4,-6,5,-5,4,-5,4,-5,5,-5,0,0,5,-5,4,-4,4,-4,5,-4,4,-3,4,-3,4,-3,4,-2,4,-2,4,-2,4,-1,3,-1,3,-1,2,-1,2,0,2,0,1,0,1,0,1,0,1,0,0,0,0,0,0,0,-1,0,-1,0,-1,0,0,0,0,0,0,0,0,0,0,0,0,0,0,0,65,-40,62,-41,54,-37,53,-33,53,-40,52,-34,51,-37,46,-34,45,-35,41,-33,40,-33,40,-34,34,-35,37,-32,40,-33,36,-32,35,-33,34,-34,31,-33,30,-36,31,-36,28,-37,28,-34,27,-31,27,-31,29,-31,28,-35,28,-32,26,-30,27,-30,28,-29,27,-26,26,-23,28,-26,24,-20,27,-22,26,-18,29,-17,27,-14,23,-13,21,-12,23,-6,22,-3,17,-4,16,-3,17,0,15,1,12,4,9,3,6,4,8,3,5,2,2,5,-1,5,-1,3,-4,4,-5,3,0,0,0,0,0,0,0,0,0,0,0,0,0,0,0,0,0,0,0,0,0,0,2,-19,4,-19,6,-24,11,-19,14,-20,16,-19,18,-22,21,-21,24,-23,27,-19,30,-22,35,-17,40,-17,41,-15,44,-12,46,-13,54,-10,54,-4,54,-3,56,-6,57,0,61,3,59,8,59,13,62,17,58,18,65,21,61,23,65,28,64,28,61,30,63,31,63,34,59,32,61,33,61,35,59,36,64,38,61,38,65,38,67,44,62,40,68,43,69,47,65,44,63,48,66,51,70,56,69,58,67,56,61,58,64,61,63,63,56,60,56,61,50,70,57,66,0,0]"
CSI_DATA,275,1a:00:00:00:00:00,-45,11,1,0,1,1,1,0,0,0,1,-96,0,11,2,3860208,0,44,0,384,0,"[0,0,0,0,0,0,0,0,0,0,0,0,10,-5,9,-5,9,-5,9,-5,8,-5,8,-5,8,-5,8,-5,7,-5,7,-5,7,-5,7,-6,6,-5,6,-5,6,-5,6,-6,6,-5,6,-5,5,-5,5,-5,6,-5,5,-5,6,-5,5,-5,5,-4,5,-4,0,0,6,-4,5,-4,5,-3,5,-3,5,-3,5,-2,4,-2,4,-2,4,-1,4,-1,4,-1,3,0,3,0,3,0,2,0,2,0,1,0,1,0,1,1,0,0,0,1,0,0,0,0,-1,0,-1,0,-1,0,0,0,0,0,0,0,0,0,0,0,0,0,0,0,71,-22,69,-20,64,-22,63,-17,61,-22,57,-20,58,-17,52,-22,50,-19,48,-19,43,-23,44,-22,44,-21,43,-22,38,-22,41,-22,42,-23,37,-23,40,-23,38,-23,38,-25,33,-27,34,-20,36,-25,33,-21,35,-21,34,-23,30,-23,32,-20,34,-20,32,-20,34,-21,29,-17,30,-14,34,-17,30,-13,29,-10,26,-7,26,-9,25,-7,24,-2,20,-5,18,4,19,3,15,2,14,2,13,2,10,4,9,5,8,5,5,5,3,6,5,5,1,4,-4,7,-3,4,-8,2,0,0,0,0,0,0,0,0,0,0,0,0,0,0,0,0,0,0,0,0,0,0,8,-18,13,-16,14,-19,19,-18,22,-15,20,-14,26,-14,25,-15,31,-11,32,-12,36,-5,37,-8,40,-4,43,-2,45,-1,47,4,47,3,45,8,52,10,54,13,51,20,53,22,50,24,53,30,50,32,54,32,49,36,55,40,51,41,49,45,47,47,46,48,47,49,47,48,47,51,48,51,47,49,47,51,44,54,47,52,48,54,48,57,50,62,50,62,48,61,49,57,53,62,48,63,45,69,44,73,43,73,42,71,40,75,39,73,34,79,34,77,32,78,0,0]"
CSI_DATA,276,1a:00:00:00:00:00,-45,11,1,0,1,1,1,0,0,0,1,-96,0,11,2,3870092,0,44,0,384,0,"[0,0,0,0,0,0,0,0,0,0,0,0,10,-5,9,-5,8,-5,8,-5,8,-4,8,-5,7,-5,7,-5,7,-5,6,-5,7,-5,7,-5,6,-5,6,-5,6,-5,6,-5,6,-5,6,-5,5,-5,5,-5,5,-5,5,-5,5,-5,5,-4,5,-4,5,-4,0,0,5,-4,4,-4,5,-4,5,-3,4,-3,4,-2,4,-2,4,-2,4,-2,4,-1,3,-1,3,-1,3,0,3,0,2,0,2,0,1,0,1,0,1,0,0,0,0,0,0,0,0,0,-1,0,-1,0,-1,0,0,0,0,0,0,0,0,0,0,0,0,0,0,0,65,-32,67,-30,61,-29,58,-29,58,-28,52,-26,51,-28,50,-22,45,-28,40,-27,40,-27,44,-28,38,-25,38,-30,38,-27,38,-29,36,-27,33,-30,33,-30,33,-31,31,-28,30,-28,30,-32,28,-28,29,-29,26,-28,29,-28,30,-28,27,-26,30,-27,28,-26,27,-24,25,-21,27,-24,27,-19,28,-19,29,-16,27,-12,25,-12,23,-8,24,-8,23,-6,18,-2,18,-2,15,-2,15,3,15,3,10,0,9,2,7,4,6,4,4,2,1,6,0,4,-1,3,-3,3,-5,2,0,0,0,0,0,0,0,0,0,0,0,0,0,0,0,0,0,0,0,0,0,0,9,-20,13,-19,14,-17,17,-18,20,-19,21,-15,22,-16,26,-16,28,-13,30,-14,36,-11,35,-11,38,-10,43,-6,42,-2,48,1,49,4,52,8,53,4,50,13,52,16,53,18,57,22,55,28,55,26,54,27,54,33,53,38,50,39,52,42,53,40,52,43,51,45,49,46,50,44,48,46,48,47,51,47,51,44,51,47,51,50,54,50,55,53,58,55,58,57,55,57,49,62,58,60,56,64,56,67,53,64,48,67,48,67,49,68,43,71,42,72,46,70,0,0]"
CSI_DATA,277,1a:00:00:00:00:00,-45,11,1,0,1,1,1,0,0,0,1,-96,0,11,2,3900119,0,44,0,384,0,"[0,0,0,0,0,0,0,0,0,0,0,0,3,10,3,10,4,9,4,9,4,9,3,8,3,8,3,8,4,7,4,7,3,7,4,7,4,7,4,7,4,6,4,6,4,6,4,6,4,6,4,6,4,6,4,5,4,5,4,5,4,6,3,5,0,0,3,5,3,5,3,6,2,5,2,5,1,5,1,5,1,5,0,4,0,4,0,4,-1,3,-1,3,-1,3,-1,2,-1,2,-1,2,-1,1,-1,1,-1,0,-1,0,-1,0,-1,-1,-1,-1,-1,-1,-1,-1,0,0,0,0,0,0,0,0,0,0,0,0,0,0,21,71,19,63,18,66,14,61,17,58,19,59,17,55,15,52,16,47,19,48,19,48,22,48,22,47,18,41,22,41,19,41,21,42,19,41,20,38,21,34,21,37,20,33,21,37,21,33,23,32,21,35,21,30,21,32,18,31,20,32,17,33,14,34,16,32,14,32,13,33,12,27,10,29,5,29,7,26,4,27,5,25,-1,23,0,19,-2,19,-3,14,-4,14,-8,13,-2,10,-6,11,-6,4,-6,6,-3,3,-6,0,-6,1,-1,-5,-2,-3,-3,-6,0,0,0,0,0,0,0,0,0,0,0,0,0,0,0,0,0,0,0,0,0,0,17,8,16,15,16,15,13,17,15,20,14,24,16,23,8,27,9,29,7,31,5,35,3,38,1,42,-3,42,-2,44,-8,41,-13,49,-13,50,-18,51,-19,49,-20,51,-28,51,-27,47,-32,48,-36,48,-40,51,-43,49,-47,49,-41,46,-49,49,-48,45,-54,44,-52,42,-53,44,-54,44,-54,41,-56,39,-54,42,-55,40,-56,44,-61,48,-56,43,-62,47,-64,45,-65,46,-64,44,-70,43,-70,45,-73,44,-70,38,-75,40,-78,40,-80,38,-76,35,-81,32,-78,31,-80,27,0,0]"
CSI_DATA,278,1a:00:00:00:00:00,-45,11,1,0,1,1,1,0,0,0,1,-96,0,11,2,3911615,0,44,0,384,0,"[0,0,0,0,0,0,0,0,0,0,0,0,11,-4,10,-4,10,-4,9,-4,9,-4,9,-5,8,-5,8,-5,8,-5,7,-4,7,-5,7,-5,7,-5,6,-5,6,-4,6,-5,6,-5,6,-5,6,-5,6,-5,6,-5,5,-5,6,-5,5,-5,5,-5,5,-5,0,0,5,-4,5,-4,5,-3,5,-4,5,-3,5,-3,5,-2,4,-2,5,-2,4,-1,4,-1,3,-1,3,0,2,0,2,0,2,0,2,0,1,1,1,0,1,0,1,0,0,0,0,0,-1,0,-1,0,-1,0,0,0,0,0,0,0,0,0,0,0,0,0,0,0,75,-16,75,-14,67,-14,62,-14,58,-13,62,-13,54,-12,59,-15,51,-16,51,-18,50,-14,48,-15,50,-16,46,-17,43,-17,46,-21,42,-24,41,-21,44,-20,41,-18,38,-22,37,-23,37,-19,36,-19,34,-20,37,-17,34,-22,36,-21,34,-18,34,-19,33,-22,35,-15,35,-15,35,-11,32,-11,31,-9,33,-7,31,-7,31,-5,24,-5,22,1,23,0,20,1,18,4,12,3,17,6,11,4,9,8,8,3,5,7,4,3,1,5,-2,6,-2,6,-3,6,-3,6,-4,-1,0,0,0,0,0,0,0,0,0,0,0,0,0,0,0,0,0,0,0,0,0,0,11,-18,14,-17,17,-16,19,-16,24,-14,25,-14,24,-11,29,-12,34,-8,34,-10,36,-5,39,-5,41,1,44,-1,49,4,47,10,49,6,49,15,53,17,50,25,47,26,52,37,47,34,52,33,50,36,50,42,47,45,45,49,46,47,48,50,41,52,45,55,40,55,38,59,40,58,40,61,43,58,42,56,44,56,45,58,47,65,40,64,45,68,46,65,43,68,44,68,41,72,40,76,41,77,40,78,38,79,39,78,38,85,30,75,28,81,27,83,28,81,0,0]"
CSI_DATA,279,1a:00:00:00:00:00,-45,11,1,0,1,1,1,0,0,0,1,-96,0,11,2,3930086,0,44,0,384,0,"[0,0,0,0,0,0,0,0,0,0,0,0,9,5,9,5,9,5,8,5,8,4,8,4,7,3,8,3,7,3,7,3,7,3,7,2,7,3,7,2,7,2,7,2,7,2,7,1,7,2,7,2,7,2,7,2,7,1,6,2,6,2,6,1,0,0,6,2,5,3,5,3,5,2,5,3,4,3,4,3,3,3,3,3,3,2,2,3,1,3,1,2,1,2,1,2,1,2,0,2,0,1,0,1,-1,1,-1,1,-1,0,-1,0,-1,0,-1,-1,-1,-1,0,0,0,0,0,0,0,0,0,0,0,0,0,0,58,42,58,43,58,40,56,36,54,39,50,33,47,30,47,30,46,30,45,28,45,23,44,25,46,24,41,25,43,22,42,20,43,20,42,17,39,18,42,18,41,14,37,15,42,15,40,15,40,13,41,14,38,15,36,12,40,13,37,13,34,16,36,17,33,16,33,18,28,13,28,20,27,19,23,22,21,19,19,19,15,20,13,21,10,17,8,14,7,13,8,18,7,13,1,11,1,9,1,6,0,11,-2,5,-5,5,-5,4,-7,-1,-5,-3,-4,-6,0,0,0,0,0,0,0,0,0,0,0,0,0,0,0,0,0,0,0,0,0,0,19,-5,19,-4,21,-2,21,-2,24,5,25,10,28,10,27,14,29,16,30,18,27,25,29,25,29,32,30,34,27,36,26,36,25,46,24,45,25,48,18,50,20,54,16,59,11,58,10,62,4,63,3,65,-1,67,1,70,-2,66,-1,71,-5,68,-9,70,-9,67,-13,68,-11,70,-13,70,-16,68,-13,69,-18,72,-16,74,-17,76,-18,73,-16,78,-17,80,-20,75,-18,80,-22,80,-23,83,-24,78,-35,79,-35,77,-35,81,-36,79,-39,78,-39,78,-46,72,-41,71,0,0]"
CSI_DATA,280,1a:00:00:00:00:00,-45,11,1,0,1,1,1,0,0,0,1,-96,0,11,2,3940109,0,44,0,384,0,"[0,0,0,0,0,0,0,0,0,0,0,0,8,-7,8,-7,7,-6,7,-6,7,-6,6,-6,6,-7,6,-7,6,-7,5,-6,5,-7,5,-7,5,-6,4,-6,4,-6,5,-7,4,-6,4,-6,4,-6,4,-6,4,-6,4,-6,4,-6,4,-6,4,-6,4,-6,0,0,4,-5,4,-5,4,-4,4,-4,4,-4,4,-3,4,-3,4,-3,4,-3,4,-2,3,-2,3,-1,3,-1,2,-1,2,0,2,0,1,0,1,0,1,0,1,0,0,0,0,0,0,0,-1,0,-1,0,-1,0,0,0,0,0,0,0,0,0,0,0,0,0,0,0,61,-37,63,-33,56,-36,52,-32,56,-32,49,-29,47,-29,49,-28,43,-28,41,-31,41,-30,38,-28,34,-32,39,-28,32,-31,31,-32,32,-29,33,-31,30,-31,30,-34,30,-33,28,-33,27,-33,26,-29,25,-28,27,-32,26,-31,24,-25,28,-27,25,-27,28,-26,28,-25,27,-21,26,-22,27,-18,29,-18,26,-17,24,-14,28,-11,24,-8,24,-9,19,-7,23,-4,16,0,15,-5,14,0,14,4,13,2,7,6,7,5,5,3,5,5,4,3,0,7,1,9,-2,5,-6,1,0,0,0,0,0,0,0,0,0,0,0,0,0,0,0,0,0,0,0,0,0,0,4,-18,5,-20,11,-22,15,-23,15,-18,17,-19,18,-18,23,-19,25,-21,31,-19,30,-15,35,-15,32,-15,37,-11,42,-10,45,-8,47,-6,48,-7,52,0,52,4,57,4,56,9,57,11,56,11,58,15,61,18,60,22,62,30,59,28,62,31,59,32,57,35,55,35,55,35,58,38,59,37,59,38,58,38,56,37,57,43,58,42,61,44,63,43,60,47,59,45,60,46,62,49,61,52,63,55,63,53,58,62,59,58,56,63,55,62,50,64,50,66,48,66,0,0]"
CSI_DATA,281,1a:00:00:00:00:00,-45,11,1,0,1,1,1,0,0,0,1,-96,0,11,2,3950270,0,44,0,384,0,"[0,0,0,0,0,0,0,0,0,0,0,0,-10,-6,-10,-5,-10,-5,-10,-5,-9,-5,-9,-4,-9,-4,-9,-4,-9,-4,-9,-3,-9,-3,-9,-3,-8,-3,-8,-3,-8,-3,-8,-2,-8,-2,-8,-2,-8,-2,-8,-2,-8,-2,-8,-2,-8,-2,-8,-3,-8,-3,-8,-2,0,0,-7,-2,-7,-3,-7,-3,-6,-3,-6,-3,-5,-4,-5,-4,-5,-4,-4,-3,-4,-4,-3,-4,-3,-4,-2,-3,-2,-3,-2,-3,-2,-3,-1,-2,-1,-2,-1,-2,0,-2,0,-2,0,-1,0,-1,0,-1,1,-1,0,0,0,0,0,0,0,0,0,0,0,0,0,0,0,0,-57,-52,-52,-46,-55,-47,-52,-44,-52,-43,-46,-40,-48,-36,-46,-37,-44,-30,-43,-32,-43,-29,-43,-29,-43,-30,-43,-23,-42,-24,-44,-19,-43,-21,-44,-23,-43,-20,-38,-20,-40,-22,-41,-22,-41,-15,-38,-19,-36,-16,-39,-19,-38,-18,-37,-19,-36,-15,-38,-14,-34,-20,-34,-17,-33,-18,-32,-20,-28,-18,-28,-22,-21,-20,-20,-22,-20,-22,-20,-19,-15,-23,-14,-22,-9,-22,-9,-19,-5,-16,-9,-14,-4,-14,1,-9,-3,-12,2,-7,3,-7,5,-5,3,-4,2,-5,6,-1,5,0,5,0,0,0,0,0,0,0,0,0,0,0,0,0,0,0,0,0,0,0,0,0,0,0,-20,2,-26,-3,-25,-4,-25,-5,-25,-7,-25,-11,-26,-17,-29,-17,-30,-20,-30,-21,-27,-26,-32,-30,-27,-31,-27,-34,-28,-39,-25,-43,-18,-49,-21,-49,-20,-50,-13,-52,-14,-57,-10,-59,-7,-59,-8,-61,-3,-68,-5,-66,-2,-67,3,-70,6,-68,11,-68,11,-68,13,-69,17,-67,15,-68,16,-67,20,-69,15,-71,15,-69,17,-69,18,-72,17,-72,21,-74,24,-76,24,-78,25,-77,27,-76,27,-75,32,-78,35,-81,32,-80,33,-80,39,-76,41,-78,44,-73,44,-77,49,-72,51,-73,0,0]"
CSI_DATA,282,1a:00:00:00:00:00,-45,11,1,0,1,1,1,0,0,0,1,-96,0,11,2,3961639,0,44,0,384,0,"[0,0,0,0,0,0,0,0,0,0,0,0,-10,-5,-10,-5,-10,-5,-9,-5,-9,-5,-9,-4,-9,-4,-9,-3,-9,-3,-9,-3,-8,-3,-8,-3,-9,-3,-8,-3,-8,-3,-8,-2,-8,-2,-8,-2,-8,-2,-8,-2,-8,-2,-7,-2,-8,-2,-8,-2,-7,-2,-7,-2,0,0,-7,-2,-7,-3,-6,-3,-6,-3,-6,-3,-5,-3,-5,-4,-4,-3,-4,-3,-4,-3,-3,-3,-3,-3,-2,-3,-2,-3,-2,-3,-1,-3,-1,-3,-1,-2,-1,-2,0,-2,0,-2,0,-1,0,-1,0,-1,0,0,0,0,0,0,0,0,0,0,0,0,0,0,0,0,0,0,-66,-33,-66,-32,-64,-31,-58,-26,-57,-27,-59,-27,-53,-25,-57,-25,-52,-22,-52,-22,-52,-17,-46,-19,-48,-16,-45,-15,-47,-14,-46,-15,-44,-11,-46,-11,-46,-7,-44,-9,-45,-7,-40,-8,-43,-8,-45,-9,-42,-5,-40,-7,-39,-10,-42,-9,-39,-8,-39,-12,-39,-9,-38,-13,-35,-9,-36,-13,-30,-11,-32,-14,-25,-13,-27,-16,-24,-17,-22,-15,-20,-16,-15,-16,-14,-17,-12,-14,-11,-14,-9,-12,-5,-13,-4,-12,-3,-7,-3,-9,2,-10,1,-9,0,-9,4,-5,4,-1,4,0,5,1,0,0,0,0,0,0,0,0,0,0,0,0,0,0,0,0,0,0,0,0,0,0,-20,7,-22,4,-24,3,-27,2,-27,-2,-30,-6,-31,-9,-31,-10,-33,-12,-31,-15,-36,-18,-32,-20,-35,-26,-36,-26,-35,-31,-34,-33,-36,-41,-30,-41,-32,-46,-30,-47,-28,-50,-27,-56,-22,-56,-21,-58,-19,-60,-18,-63,-14,-64,-10,-68,-13,-66,-14,-69,-9,-68,-2,-74,-1,-72,-1,-68,-2,-73,-3,-70,-1,-71,-3,-72,0,-70,-1,-72,1,-78,3,-75,-2,-81,2,-79,8,-83,2,-84,9,-85,6,-84,24,-88,25,-85,21,-88,21,-83,26,-83,22,-85,23,-82,27,-83,28,-78,0,0]"
CSI_DATA,283,1a:00:00:00:00:00,-45,11,1,0,1,1,1,0,0,0,1,-96,0,11,2,3970472,0,44,0,384,0,"[0,0,0,0,0,0,0,0,0,0,0,0,4,9,5,9,5,9,5,9,5,8,4,7,5,7,5,7,5,7,5,7,4,7,4,6,5,6,5,6,4,6,4,6,5,5,4,5,5,5,5,5,5,5,4,5,4,5,4,5,4,5,4,5,0,0,3,5,3,5,3,5,3,5,2,5,2,5,1,5,1,5,0,4,0,4,0,3,-1,3,-1,3,-1,2,-1,2,-1,2,-1,2,-1,1,-1,1,-1,1,-1,0,-2,0,-1,-1,-1,-1,-1,-1,-1,-1,0,0,0,0,0,0,0,0,0,0,0,0,0,0,32,65,27,58,30,63,26,57,31,51,26,57,26,50,28,53,31,43,29,48,26,45,31,39,28,41,25,40,30,37,27,39,31,37,26,34,29,36,26,34,31,33,27,30,29,30,31,28,28,31,25,30,26,30,28,27,25,28,26,32,24,33,22,32,20,26,20,30,19,29,17,29,14,27,12,28,9,29,8,24,11,25,2,21,0,18,-1,18,-1,17,1,16,-2,15,-5,12,-6,15,-5,4,-3,4,-6,0,-6,1,-6,-1,-5,-3,-5,-6,-8,-6,0,0,0,0,0,0,0,0,0,0,0,0,0,0,0,0,0,0,0,0,0,0,17,8,21,12,17,13,21,17,18,18,19,22,15,24,14,27,14,26,11,28,11,33,9,39,4,41,6,43,3,46,-2,46,-1,53,-7,50,-9,54,-15,55,-14,56,-21,60,-23,53,-26,56,-27,59,-30,58,-33,56,-34,61,-37,51,-42,58,-40,53,-45,56,-46,55,-46,53,-48,55,-47,49,-47,51,-49,54,-49,55,-52,57,-54,56,-48,57,-56,59,-56,57,-60,60,-55,58,-57,55,-59,59,-65,58,-66,54,-71,53,-65,56,-73,52,-68,43,-73,47,-75,46,-74,43,0,0]"
CSI_DATA,284,1a:00:00:00:00:00,-45,11,1,0,1,1,1,0,0,0,1,-96,0,11,2,3980121,0,44,0,384,0,"[0,0,0,0,0,0,0,0,0,0,0,0,-1,-11,-1,-11,-1,-10,-2,-10,-2,-10,-1,-9,-1,-9,-2,-9,-2,-9,-2,-9,-2,-8,-2,-8,-3,-8,-3,-8,-3,-8,-3,-8,-2,-8,-2,-7,-3,-7,-3,-7,-2,-7,-2,-7,-2,-7,-3,-7,-2,-7,-2,-7,0,0,-2,-7,-1,-7,-1,-7,-1,-6,-1,-6,0,-6,0,-6,0,-5,0,-5,1,-4,1,-4,1,-4,1,-3,1,-3,1,-3,1,-2,1,-2,1,-2,1,-1,1,-1,1,-1,0,0,0,0,0,0,0,0,0,0,0,0,0,0,0,0,0,0,0,0,0,0,0,0,-5,-73,-6,-71,-8,-66,-7,-69,-8,-64,-8,-61,-11,-59,-11,-56,-8,-55,-8,-56,-14,-47,-12,-50,-15,-50,-11,-46,-11,-45,-18,-46,-15,-45,-14,-45,-12,-37,-15,-45,-18,-44,-16,-39,-16,-39,-15,-37,-15,-42,-14,-36,-16,-39,-15,-38,-16,-39,-16,-39,-12,-37,-11,-38,-10,-37,-11,-33,-7,-34,-5,-32,-2,-31,1,-28,1,-30,3,-25,2,-23,6,-22,5,-19,5,-18,6,-16,8,-15,5,-12,10,-11,9,-6,6,-6,6,-4,7,-1,5,-2,6,-2,2,-2,2,6,0,4,0,0,0,0,0,0,0,0,0,0,0,0,0,0,0,0,0,0,0,0,0,0,-18,-13,-16,-18,-16,-19,-17,-21,-15,-24,-15,-27,-9,-29,-12,-33,-9,-30,-8,-35,-6,-39,-3,-41,0,-41,4,-45,8,-48,6,-49,11,-48,17,-49,17,-50,23,-52,24,-52,33,-49,34,-52,37,-51,38,-51,40,-51,45,-51,45,-48,51,-47,52,-43,54,-42,55,-42,58,-40,57,-38,62,-39,60,-39,59,-44,60,-40,59,-39,59,-41,63,-37,64,-40,66,-42,70,-41,68,-40,73,-42,74,-39,77,-37,80,-40,78,-38,82,-34,79,-31,82,-31,83,-28,84,-23,80,-23,84,-18,0,0]"
CSI_DATA,285,1a:00:00:00:00:00,-46,11,1,0,1,1,1,0,0,0,1,-96,0,11,2,4000098,0,44,0,384,0,"[0,0,0,0,0,0,0,0,0,0,0,0,11,-3,10,-3,9,-3,10,-2,9,-2,9,-3,9,-3,8,-3,8,-4,8,-3,8,-3,8,-4,7,-3,7,-3,7,-4,7,-4,7,-4,7,-4,7,-4,6,-4,6,-4,6,-4,6,-4,6,-3,6,-3,6,-3,0,0,6,-3,5,-3,6,-2,6,-2,5,-1,5,-1,5,-1,5,0,5,0,4,0,4,0,3,0,2,1,2,1,2,1,2,1,1,1,1,1,1,1,0,1,0,1,0,1,-1,0,-1,0,-1,0,-1,0,0,0,0,0,0,0,0,0,0,0,0,0,0,0,73,-5,68,0,65,-5,61,-4,64,-6,57,-6,58,-4,57,-3,52,-7,49,-9,45,-11,50,-15,49,-15,46,-10,44,-12,46,-13,43,-13,42,-17,42,-15,40,-15,41,-18,37,-16,39,-19,39,-14,35,-14,36,-16,39,-13,39,-17,37,-13,37,-11,35,-14,36,-9,35,-10,35,-9,34,-9,32,-7,28,-2,30,-1,29,1,25,-1,21,2,23,4,22,7,20,3,16,6,13,6,10,6,12,5,6,7,5,6,2,8,4,6,-2,5,-3,6,-4,3,-4,2,-7,4,0,0,0,0,0,0,0,0,0,0,0,0,0,0,0,0,0,0,0,0,0,0,13,-13,19,-11,19,-16,21,-12,26,-7,28,-10,29,-6,31,-5,32,-1,34,0,37,2,39,5,39,6,41,11,44,15,42,17,45,24,44,24,45,26,43,33,46,36,45,38,49,42,44,46,40,47,42,48,37,53,39,55,38,55,36,59,35,58,32,60,33,63,32,63,33,60,31,61,33,62,27,63,32,61,31,65,29,68,31,71,31,70,33,76,26,71,33,78,29,73,34,78,31,82,27,78,24,82,19,83,23,83,18,81,14,84,12,86,9,85,0,0]"
CSI_DATA,286,1a:00:00:00:00:00,-45,11,1,0,1,1,1,0,0,0,1,-96,0,11,2,4020275,0,44,0,384,0,"[0,0,0,0,0,0,0,0,0,0,0,0,-10,5,-10,5,-9,5,-9,5,-8,5,-8,5,-8,5,-8,6,-8,5,-7,5,-7,5,-7,5,-6,5,-6,5,-6,5,-6,5,-6,5,-6,5,-5,5,-5,5,-6,5,-5,5,-5,5,-5,5,-5,4,-6,4,0,0,-6,4,-5,4,-6,3,-6,3,-6,3,-5,2,-5,2,-5,1,-5,1,-5,1,-5,0,-4,0,-4,0,-4,0,-3,-1,-3,-1,-2,-1,-2,-1,-2,-1,-2,-1,-2,-2,-1,-1,-1,-1,0,-1,0,-1,0,-1,0,0,0,0,0,0,0,0,0,0,0,0,0,0,-75,20,-67,16,-67,21,-61,18,-59,18,-59,17,-52,17,-53,16,-53,15,-50,20,-47,16,-46,20,-47,20,-41,23,-43,20,-38,24,-43,22,-37,21,-39,21,-37,24,-37,24,-38,23,-35,22,-34,22,-34,21,-35,22,-33,24,-33,23,-32,21,-32,22,-33,19,-33,17,-34,14,-31,19,-34,13,-32,8,-29,8,-30,4,-29,5,-26,1,-23,0,-24,0,-22,1,-19,-2,-18,-8,-16,-6,-15,-7,-12,-7,-9,-5,-10,-8,-5,-8,-3,-9,-4,-6,3,-5,1,-6,5,-3,6,-1,0,0,0,0,0,0,0,0,0,0,0,0,0,0,0,0,0,0,0,0,0,0,-8,17,-11,20,-16,20,-19,20,-23,15,-25,16,-25,11,-30,10,-32,9,-31,11,-38,10,-41,8,-44,2,-45,2,-44,-1,-48,-3,-54,-7,-52,-9,-54,-16,-55,-18,-52,-20,-56,-28,-50,-23,-56,-30,-51,-29,-56,-35,-54,-40,-53,-42,-51,-43,-52,-49,-48,-47,-54,-53,-49,-51,-45,-52,-43,-53,-46,-57,-50,-48,-48,-53,-47,-55,-47,-54,-46,-59,-50,-57,-48,-61,-49,-63,-49,-64,-49,-69,-48,-66,-48,-66,-47,-72,-46,-73,-44,-71,-45,-77,-43,-82,-37,-79,-40,-81,-35,-79,-31,-78,0,0]"
CSI_DATA,287,1a:00:00:00:00:00,-46,11,1,0,1,1,1,0,0,0,1,-96,0,11,2,4031081,0,44,0,384,0,"[0,0,0,0,0,0,0,0,0,0,0,0,10,-1,11,-1,10,-1,10,-1,9,-2,9,-2,9,-2,9,-2,8,-2,8,-2,8,-2,8,-3,8,-2,8,-2,8,-3,7,-3,8,-3,7,-3,7,-3,7,-3,7,-3,7,-3,7,-3,6,-2,7,-2,7,-3,0,0,7,-2,6,-2,6,-2,6,-1,6,-1,5,-1,5,0,5,0,4,0,4,0,4,1,3,1,3,1,2,1,2,1,2,1,1,1,1,1,0,1,0,1,0,1,0,0,-1,0,-1,0,-1,0,-2,0,0,0,0,0,0,0,0,0,0,0,0,0,0,0,75,13,64,9,66,7,63,9,64,6,59,7,57,4,53,6,56,0,50,4,48,1,49,-2,52,1,49,0,47,-1,47,-5,46,-3,44,-4,45,-5,42,-9,45,-8,41,-8,40,-9,43,-7,42,-7,43,-7,40,-4,39,-8,40,-8,39,-9,36,-5,38,-3,36,-4,36,1,36,-2,33,3,32,4,29,2,29,8,26,6,24,8,18,6,17,11,16,12,12,11,11,9,8,8,7,10,5,6,5,8,2,6,0,4,-1,7,-2,5,-4,4,-7,1,-6,1,0,0,0,0,0,0,0,0,0,0,0,0,0,0,0,0,0,0,0,0,0,0,14,-11,19,-11,23,-6,26,-7,27,-4,27,-3,30,-1,31,3,33,3,33,6,35,10,38,14,40,14,43,16,40,21,38,27,41,28,40,34,40,32,39,41,39,43,36,47,35,50,33,50,33,55,31,54,31,57,25,58,25,64,22,62,23,66,18,65,19,65,18,67,17,67,18,67,18,67,18,65,20,69,16,71,17,73,20,74,17,74,19,79,13,74,18,80,13,81,12,82,14,85,7,85,6,83,5,87,5,85,1,83,0,84,-6,85,-2,79,0,0]"
CSI_DATA,288,1a:00:00:00:00:00,-45,11,1,0,1,1,1,0,0,0,1,-96,0,11,2,4040114,0,44,0,384,0,"[0,0,0,0,0,0,0,0,0,0,0,0,5,-11,4,-11,3,-10,3,-10,3,-10,3,-9,3,-9,3,-10,3,-9,2,-9,2,-9,2,-9,2,-9,1,-9,1,-8,1,-8,1,-8,1,-8,1,-8,1,-8,1,-8,1,-8,2,-8,1,-8,1,-7,2,-7,0,0,3,-7,2,-7,2,-7,3,-6,2,-6,3,-5,3,-5,3,-5,3,-4,3,-3,3,-3,3,-3,2,-2,2,-2,2,-2,2,-1,2,-1,1,-1,1,0,1,0,0,0,0,0,0,0,0,0,-1,0,-1,0,0,0,0,0,0,0,0,0,0,0,0,0,0,0,38,-64,33,-56,36,-62,35,-54,32,-54,30,-54,30,-53,24,-52,19,-47,21,-49,21,-52,18,-47,19,-48,15,-47,16,-45,16,-44,16,-46,13,-44,11,-41,6,-44,13,-43,12,-46,9,-42,13,-41,11,-42,13,-41,7,-42,14,-42,15,-41,13,-38,11,-38,13,-38,15,-36,16,-32,17,-34,16,-29,18,-26,21,-25,18,-23,18,-21,22,-21,14,-17,16,-13,14,-11,11,-7,16,-10,13,-2,10,-4,13,-2,8,-1,5,1,10,4,7,3,2,2,1,5,-1,7,-5,7,0,0,0,0,0,0,0,0,0,0,0,0,0,0,0,0,0,0,0,0,0,0,-8,-21,-5,-25,-6,-22,-3,-23,1,-28,5,-28,8,-30,5,-32,13,-31,15,-33,14,-36,25,-34,27,-35,29,-33,31,-33,35,-31,37,-34,42,-33,45,-30,48,-26,52,-24,53,-25,60,-23,62,-20,63,-17,69,-15,65,-11,68,-10,69,-6,73,-7,71,-4,68,-1,73,-1,67,4,73,4,70,2,72,3,73,0,72,6,75,8,78,5,79,9,79,9,80,1,82,8,86,15,82,14,86,16,87,19,84,16,81,24,83,23,85,26,82,28,80,31,81,34,74,34,0,0]"
CSI_DATA,289,1a:00:00:00:00:00,-45,11,1,0,1,1,1,0,0,0,1,-96,0,11,2,4070192,0,44,0,384,0,"[0,0,0,0,0,0,0,0,0,0,0,0,-7,9,-6,9,-6,8,-5,8,-5,8,-5,8,-5,8,-4,7,-5,8,-4,8,-4,8,-4,8,-3,7,-3,7,-3,7,-3,7,-3,7,-3,7,-2,7,-2,7,-3,7,-3,7,-3,7,-2,6,-3,6,-3,6,0,0,-3,6,-3,6,-3,5,-3,5,-4,4,-3,4,-4,4,-4,3,-4,3,-4,2,-4,2,-3,2,-3,1,-3,1,-3,1,-3,0,-3,0,-2,0,-2,-1,-2,0,-2,-1,-2,-1,-1,-1,-1,-1,0,-1,0,-1,0,0,0,0,0,0,0,0,0,0,0,0,0,0,-45,57,-43,53,-40,59,-41,51,-37,49,-37,52,-35,46,-32,47,-27,44,-27,42,-29,42,-25,44,-25,44,-22,40,-17,45,-18,44,-19,41,-21,42,-15,39,-15,42,-16,44,-16,38,-13,40,-16,39,-15,38,-15,38,-13,35,-13,38,-14,37,-14,38,-15,35,-18,39,-16,30,-15,31,-18,34,-22,26,-19,22,-19,24,-20,21,-20,16,-18,18,-18,12,-18,11,-18,10,-17,9,-15,5,-15,4,-13,3,-11,2,-11,1,-10,-1,-8,-3,-6,-2,-1,-6,-1,-5,2,-5,3,-7,0,0,0,0,0,0,0,0,0,0,0,0,0,0,0,0,0,0,0,0,0,0,0,20,-1,22,-5,21,-6,21,-10,25,-13,24,-13,26,-15,27,-21,27,-22,27,-27,26,-31,25,-31,28,-37,24,-37,23,-37,18,-47,21,-49,20,-52,17,-54,14,-55,10,-60,11,-56,5,-59,4,-62,2,-64,-1,-68,-3,-67,-5,-68,-4,-67,-12,-65,-11,-66,-16,-65,-15,-66,-20,-67,-16,-69,-18,-66,-17,-69,-17,-68,-21,-70,-20,-74,-25,-71,-19,-75,-24,-76,-24,-74,-24,-80,-23,-78,-28,-79,-30,-84,-33,-76,-35,-75,-34,-82,-36,-78,-37,-75,-40,-76,-40,-78,-44,-70,-46,0,0]"
CSI_DATA,290,1a:00:00:00:00:00,-45,11,1,0,1,1,1,0,0,0,1,-96,0,11,2,4080157,0,44,0,384,0,"[0,0,0,0,0,0,0,0,0,0,0,0,4,-11,4,-10,3,-10,3,-10,3,-9,3,-10,3,-10,2,-9,2,-9,2,-9,2,-9,2,-9,1,-9,1,-8,1,-8,1,-9,1,-9,1,-8,1,-8,1,-8,1,-8,1,-8,1,-8,1,-8,1,-8,1,-8,0,0,2,-7,2,-7,2,-7,2,-6,2,-6,2,-5,2,-5,2,-4,3,-4,3,-4,3,-3,2,-3,2,-2,2,-2,2,-1,2,-1,2,-1,1,-1,1,-1,1,0,1,0,0,0,0,0,0,0,-1,0,-1,1,0,0,0,0,0,0,0,0,0,0,0,0,0,0,35,-67,35,-60,31,-63,31,-62,32,-57,28,-59,24,-51,24,-52,25,-47,20,-50,20,-50,19,-49,15,-47,19,-49,15,-43,15,-45,16,-48,12,-45,13,-44,12,-43,13,-44,11,-42,9,-42,12,-41,12,-41,10,-38,14,-43,13,-39,13,-37,11,-38,13,-39,16,-39,15,-34,15,-34,17,-32,18,-28,17,-28,20,-26,16,-23,21,-21,15,-18,15,-15,16,-12,16,-13,13,-8,15,-5,13,-5,14,-1,10,-1,8,1,7,1,6,6,3,2,3,3,0,3,-1,6,-1,7,0,0,0,0,0,0,0,0,0,0,0,0,0,0,0,0,0,0,0,0,0,0,-10,-19,-8,-20,-8,-24,-4,-26,-1,-27,1,-31,2,-28,5,-30,9,-35,10,-33,13,-36,18,-36,22,-37,25,-39,27,-36,30,-39,32,-39,42,-36,40,-33,47,-33,50,-31,52,-27,54,-29,59,-25,63,-23,62,-20,65,-20,68,-14,65,-12,67,-12,68,-11,68,-6,71,-1,70,-1,73,0,68,0,70,1,68,-2,71,0,74,0,77,2,73,1,81,3,82,6,79,7,84,8,85,7,84,11,82,12,83,20,84,18,85,18,83,24,75,22,83,32,79,29,83,35,0,0]"
CSI_DATA,291,1a:00:00:00:00:00,-46,11,1,0,1,1,1,0,0,0,1,-96,0,11,2,4090100,0,44,0,384,0,"[0,0,0,0,0,0,0,0,0,0,0,0,6,8,5,8,6,8,6,8,6,7,5,7,6,6,5,6,5,6,6,6,5,6,5,5,5,5,6,5,6,5,6,4,5,4,5,4,6,4,6,4,6,4,5,4,5,4,5,4,5,4,4,4,0,0,4,4,4,4,4,5,3,4,3,4,3,5,3,4,2,4,2,4,1,4,1,4,0,3,0,3,0,3,0,2,-1,1,-1,2,-1,1,-1,1,-1,1,-1,0,-2,0,-1,0,-1,0,-1,-1,-1,-1,0,0,0,0,0,0,0,0,0,0,0,0,0,0,36,63,36,58,37,57,29,55,30,50,34,51,29,42,30,49,27,41,29,45,30,41,31,42,28,39,33,38,29,37,32,33,33,32,32,28,32,29,33,31,36,31,31,27,33,29,28,28,28,27,28,28,32,25,31,26,25,26,29,28,27,26,26,28,25,27,23,24,23,25,20,25,20,28,16,26,15,25,9,25,10,23,6,21,4,23,4,18,4,19,3,18,-1,15,-3,11,-6,11,-4,8,-8,7,-6,2,-4,0,-4,2,-4,-2,-4,-4,-5,-6,0,0,0,0,0,0,0,0,0,0,0,0,0,0,0,0,0,0,0,0,0,0,20,8,22,8,21,11,18,15,17,17,15,20,15,22,17,22,17,29,16,29,14,33,14,37,11,42,10,44,10,46,5,44,2,48,-2,49,-7,54,-10,55,-9,53,-12,57,-19,57,-19,60,-26,59,-22,60,-27,59,-34,57,-31,57,-35,59,-38,56,-41,59,-42,55,-42,56,-46,55,-41,52,-40,56,-41,57,-43,55,-44,54,-47,57,-47,59,-52,64,-51,61,-50,60,-50,57,-56,54,-58,61,-60,56,-58,58,-65,59,-60,58,-67,59,-64,53,-68,53,-72,51,-68,49,0,0]"
CSI_DATA,292,1a:00:00:00:00:00,-45,11,1,0,1,1,1,0,0,0,1,-96,0,11,2,4100114,0,44,0,384,0,"[0,0,0,0,0,0,0,0,0,0,0,0,10,-5,10,-5,9,-5,9,-5,8,-5,8,-5,8,-5,8,-5,8,-5,7,-5,7,-6,7,-6,7,-5,6,-6,6,-5,6,-6,6,-6,6,-5,5,-5,6,-5,6,-5,6,-5,6,-5,5,-5,5,-5,6,-5,0,0,6,-4,5,-4,6,-3,6,-3,5,-3,5,-2,5,-2,4,-1,4,-1,4,-1,4,-1,3,0,3,0,3,0,2,0,2,0,1,0,1,1,1,1,0,1,0,1,0,0,-1,1,-1,0,-1,0,-1,0,0,0,0,0,0,0,0,0,0,0,0,0,0,0,74,-10,67,-9,67,-12,61,-11,63,-13,56,-9,55,-11,56,-13,57,-13,49,-14,49,-12,46,-12,48,-19,46,-19,43,-20,44,-22,42,-21,42,-18,40,-20,40,-21,38,-24,38,-21,36,-23,38,-24,40,-22,35,-19,37,-22,37,-18,36,-21,35,-18,34,-18,34,-18,32,-16,36,-9,36,-13,29,-9,29,-7,33,-4,26,0,27,-1,25,-1,23,-1,21,3,20,4,17,6,14,7,14,5,10,7,6,4,6,7,5,3,2,5,1,7,-4,5,0,1,-4,4,-5,2,0,0,0,0,0,0,0,0,0,0,0,0,0,0,0,0,0,0,0,0,0,0,13,-19,15,-16,20,-14,21,-15,23,-14,27,-11,25,-7,33,-10,32,-4,34,-6,38,1,40,-2,44,3,43,6,45,9,47,10,48,16,45,18,50,23,48,26,51,31,49,36,48,34,48,38,45,41,50,47,47,47,47,49,45,53,44,55,41,54,41,60,39,62,38,59,34,61,40,61,38,60,40,59,38,64,42,62,35,67,36,66,41,65,40,70,38,71,39,64,34,74,37,76,36,77,39,82,35,79,31,81,29,82,26,80,23,81,23,82,19,84,0,0]"
CSI_DATA,293,1a:00:00:00:00:00,-45,11,1,0,1,1,1,0,0,0,1,-96,0,11,2,4110089,0,44,0,384,0,"[0,0,0,0,0,0,0,0,0,0,0,0,-11,2,-11,3,-10,2,-10,2,-9,3,-9,3,-9,3,-8,3,-8,3,-8,3,-8,3,-8,4,-8,3,-7,3,-7,3,-7,4,-7,4,-7,4,-6,4,-7,4,-6,3,-6,3,-7,4,-6,3,-6,3,-7,3,0,0,-7,3,-6,2,-6,2,-6,2,-6,2,-6,1,-6,1,-5,0,-6,0,-5,0,-5,0,-4,-1,-4,-1,-4,-1,-3,-1,-3,-1,-2,-1,-2,-1,-2,-1,-2,-1,-1,-1,-1,-1,-1,-1,0,-1,0,-1,0,-1,0,0,0,0,0,0,0,0,0,0,0,0,0,0,-70,21,-74,17,-71,18,-61,20,-59,20,-62,20,-58,15,-55,17,-54,21,-47,19,-50,22,-46,22,-44,22,-45,24,-43,22,-41,22,-41,24,-40,22,-38,26,-39,25,-39,23,-37,25,-35,26,-35,27,-33,23,-33,24,-32,25,-35,25,-34,21,-38,22,-33,22,-35,24,-32,18,-34,16,-28,20,-29,14,-30,9,-31,11,-29,9,-28,5,-28,9,-25,1,-19,0,-21,0,-17,-2,-17,1,-16,-1,-14,-2,-10,-6,-7,-6,-5,-7,-7,-3,-5,-4,0,-5,0,-5,1,-4,3,-4,0,0,0,0,0,0,0,0,0,0,0,0,0,0,0,0,0,0,0,0,0,0,-15,16,-17,14,-19,14,-21,12,-23,11,-29,7,-31,7,-32,9,-34,5,-36,4,-39,-2,-42,-5,-42,-5,-45,-10,-44,-11,-48,-17,-50,-18,-49,-20,-51,-21,-52,-27,-49,-31,-51,-33,-50,-37,-47,-40,-46,-44,-46,-47,-48,-49,-49,-50,-42,-52,-43,-54,-44,-55,-40,-56,-43,-57,-41,-60,-43,-57,-43,-61,-40,-58,-43,-57,-42,-60,-42,-64,-42,-67,-42,-60,-43,-68,-43,-67,-43,-70,-48,-67,-43,-71,-44,-74,-41,-77,-38,-77,-38,-77,-40,-77,-36,-81,-34,-77,-30,-81,-29,-83,-27,-80,0,0]"
CSI_DATA,294,1a:00:00:00:00:00,-45,11,1,0,1,1,1,0,0,0,1,-96,0,11,2,4120714,0,44,0,384,0,"[0,0,0,0,0,0,0,0,0,0,0,0,10,-4,10,-4,9,-4,9,-4,8,-4,8,-4,9,-4,8,-5,8,-5,7,-4,7,-5,7,-5,6,-5,6,-5,7,-4,6,-5,6,-5,6,-5,6,-4,6,-4,5,-4,5,-4,6,-5,6,-4,6,-4,6,-4,0,0,6,-4,5,-3,6,-3,5,-3,5,-3,5,-2,5,-2,5,-1,5,-1,4,-1,4,-1,3,0,3,0,3,0,2,0,2,1,2,0,1,1,1,1,0,1,0,1,0,0,-1,0,-1,0,-1,0,-1,0,0,0,0,0,0,0,0,0,0,0,0,0,0,0,74,-10,72,-8,65,-6,61,-10,62,-5,61,-10,57,-10,55,-7,54,-10,54,-15,49,-9,50,-16,51,-13,50,-16,47,-16,41,-18,44,-19,44,-19,45,-19,46,-19,43,-19,36,-19,40,-17,41,-15,39,-14,40,-17,36,-17,36,-21,38,-15,40,-15,36,-15,37,-13,37,-9,32,-9,35,-5,37,-5,32,-1,31,3,30,3,27,3,24,0,23,4,19,5,17,5,17,6,14,9,12,9,10,6,9,10,7,8,4,5,2,8,0,8,-1,6,-5,2,-4,2,-7,2,0,0,0,0,0,0,0,0,0,0,0,0,0,0,0,0,0,0,0,0,0,0,10,-14,18,-17,14,-16,22,-17,20,-15,27,-16,25,-9,29,-9,32,-9,34,-7,36,-7,40,-3,41,2,43,4,46,8,43,15,49,18,48,17,49,18,49,27,48,29,54,35,47,32,49,38,47,44,51,42,48,45,48,51,43,53,43,55,39,58,42,57,38,59,35,59,39,58,34,63,36,59,39,57,38,62,40,65,38,66,38,66,37,68,40,69,34,70,42,73,35,75,37,77,33,79,31,78,34,79,33,79,28,88,21,80,21,85,20,85,20,80,0,0]"
CSI_DATA,295,1a:00:00:00:00:00,-45,11,1,0,1,1,1,0,0,0,1,-96,0,11,2,4130087,0,44,0,384,0,"[0,0,0,0,0,0,0,0,0,0,0,0,4,-10,4,-10,4,-9,4,-10,3,-9,3,-9,3,-9,3,-9,2,-9,2,-8,2,-9,2,-9,1,-8,1,-8,1,-8,1,-8,1,-8,1,-8,0,-8,0,-8,0,-8,0,-8,0,-7,0,-8,0,-7,1,-8,0,0,1,-7,1,-7,1,-7,2,-6,2,-6,2,-6,2,-5,2,-5,2,-4,2,-4,2,-3,2,-3,2,-3,2,-3,2,-2,1,-2,1,-1,2,-1,1,-1,1,-1,1,0,1,-1,0,0,0,0,-1,0,0,0,0,0,0,0,0,0,0,0,0,0,0,0,0,0,46,-57,48,-48,46,-56,43,-47,41,-46,42,-48,35,-46,38,-48,35,-43,32,-47,28,-48,29,-47,29,-46,27,-41,22,-43,23,-43,24,-40,19,-41,18,-45,17,-41,22,-44,17,-44,15,-40,18,-39,15,-41,15,-36,12,-40,14,-36,17,-36,17,-40,16,-39,19,-37,17,-31,20,-33,19,-30,19,-29,24,-25,21,-22,19,-21,20,-21,20,-18,19,-13,19,-14,14,-9,19,-9,11,-6,13,-5,13,-6,11,-3,10,0,8,3,7,3,6,1,3,4,1,5,-2,4,-2,6,0,0,0,0,0,0,0,0,0,0,0,0,0,0,0,0,0,0,0,0,0,0,0,-22,1,-25,2,-24,8,-24,11,-26,14,-28,15,-23,20,-26,23,-26,22,-27,29,-26,31,-25,35,-25,40,-27,41,-21,46,-17,49,-19,50,-15,52,-16,54,-10,58,-3,59,-4,58,-2,64,1,62,3,61,5,65,9,71,17,66,9,69,16,64,19,68,19,66,22,62,23,65,25,65,25,63,25,67,22,67,27,73,21,74,25,69,24,73,24,73,27,73,33,78,29,75,33,71,37,79,36,74,38,79,40,80,42,78,46,68,46,70,47,66,54,66,51,0,0]"
CSI_DATA,296,1a:00:00:00:00:00,-45,11,1,0,1,1,1,0,0,0,1,-96,0,11,2,4140116,0,44,0,384,0,"[0,0,0,0,0,0,0,0,0,0,0,0,-5,-11,-5,-11,-5,-10,-5,-10,-5,-9,-5,-9,-5,-8,-5,-8,-5,-8,-5,-8,-5,-7,-6,-7,-6,-7,-6,-7,-6,-7,-5,-7,-5,-7,-5,-6,-6,-7,-5,-6,-6,-6,-5,-7,-5,-6,-6,-6,-5,-6,-5,-6,0,0,-5,-6,-4,-6,-4,-7,-3,-6,-3,-6,-3,-6,-3,-6,-2,-6,-2,-5,-1,-5,-1,-5,-1,-5,-1,-4,0,-4,0,-3,0,-3,0,-3,0,-2,0,-2,0,-2,0,-1,0,-1,0,-1,0,0,0,0,0,0,0,0,0,0,0,0,0,0,0,0,0,0,0,0,-12,-73,-12,-66,-13,-69,-12,-66,-15,-58,-12,-60,-15,-56,-14,-54,-15,-53,-15,-54,-15,-55,-17,-49,-20,-51,-21,-46,-20,-47,-21,-45,-17,-42,-17,-39,-18,-42,-21,-39,-20,-40,-19,-39,-22,-39,-20,-37,-20,-36,-20,-35,-20,-37,-17,-37,-18,-37,-17,-35,-16,-37,-12,-37,-12,-35,-13,-38,-13,-34,-10,-33,-7,-32,-8,-35,-5,-27,-3,-27,-2,-25,4,-26,3,-21,4,-18,1,-18,4,-16,3,-14,5,-14,5,-9,8,-7,6,-5,7,-4,6,1,2,-1,3,5,3,1,0,4,0,0,0,0,0,0,0,0,0,0,0,0,0,0,0,0,0,0,0,0,0,0,-20,-11,-17,-14,-18,-18,-15,-22,-14,-23,-12,-26,-11,-29,-8,-30,-10,-36,-7,-34,-7,-37,-2,-39,1,-41,2,-45,6,-45,12,-46,14,-50,13,-47,19,-49,23,-53,24,-50,30,-52,32,-47,34,-51,37,-50,43,-54,44,-47,46,-47,50,-46,51,-45,51,-41,54,-42,55,-42,54,-42,54,-37,58,-38,60,-39,57,-40,60,-40,59,-37,62,-44,60,-40,65,-43,66,-44,68,-41,65,-46,67,-40,70,-42,74,-40,73,-37,78,-32,78,-31,82,-30,77,-28,78,-27,85,-25,84,-24,0,0]"
CSI_DATA,297,1a:00:00:00:00:00,-46,11,1,0,1,1,1,0,0,0,1,-96,0,11,2,4150087,0,44,0,384,0,"[0,0,0,0,0,0,0,0,0,0,0,0,2,10,2,10,3,10,3,9,3,9,2,8,3,8,3,8,3,8,3,8,3,7,4,7,4,7,4,7,3,7,3,6,4,6,4,6,4,6,3,6,4,6,4,6,3,6,3,6,3,6,3,6,0,0,2,5,3,6,2,6,2,6,2,5,1,5,1,5,0,5,0,4,0,4,-1,4,-1,4,-1,3,-1,3,-1,2,-1,2,-1,2,-1,1,-1,1,-2,0,-2,0,-2,0,-1,-1,-1,-1,-1,-1,-1,-1,0,0,0,0,0,0,0,0,0,0,0,0,0,0,20,68,17,64,18,64,15,62,20,61,18,59,15,53,20,57,16,51,17,51,17,51,15,48,18,45,21,46,20,42,24,42,23,41,24,38,22,39,21,36,26,38,25,39,26,34,23,36,20,32,22,34,23,35,24,30,23,35,20,35,17,34,20,35,17,28,18,30,16,32,15,33,13,33,10,28,8,26,7,28,4,22,-1,27,-1,22,-3,17,-2,19,-2,15,-4,15,-2,13,-9,10,-8,8,-6,3,-2,5,-3,2,-6,2,-5,0,-4,-3,-5,-1,0,0,0,0,0,0,0,0,0,0,0,0,0,0,0,0,0,0,0,0,0,0,17,11,16,14,16,19,13,20,14,22,11,26,10,29,9,30,6,31,6,31,2,38,1,38,-2,40,-6,43,-8,47,-12,44,-14,47,-17,48,-19,53,-22,48,-27,47,-32,50,-32,49,-37,47,-40,48,-45,48,-48,44,-48,46,-48,44,-56,44,-51,39,-58,40,-55,38,-55,38,-54,36,-59,38,-53,39,-59,38,-56,39,-60,42,-61,40,-59,40,-67,41,-63,41,-63,40,-74,43,-70,42,-72,39,-78,44,-76,40,-73,39,-75,34,-79,37,-75,30,-75,34,-79,32,-78,29,0,0]"
CSI_DATA,298,1a:00:00:00:00:00,-45,11,1,0,1,1,1,0,0,0,1,-96,0,11,2,4160178,0,44,0,384,0,"[0,0,0,0,0,0,0,0,0,0,0,0,-11,4,-11,4,-10,3,-10,3,-9,3,-10,4,-9,4,-9,4,-8,4,-8,3,-8,4,-8,4,-7,4,-7,4,-7,4,-7,4,-7,4,-7,4,-7,4,-7,4,-7,4,-7,4,-7,4,-6,3,-7,3,-7,4,0,0,-7,3,-6,2,-6,2,-7,2,-6,1,-6,1,-6,1,-6,1,-6,0,-5,0,-5,0,-4,-1,-4,-1,-4,-1,-3,-1,-3,-1,-3,-2,-2,-2,-2,-1,-2,-2,-1,-2,-1,-2,0,-2,0,-1,0,-1,0,-1,0,0,0,0,0,0,0,0,0,0,0,0,0,0,-71,17,-72,10,-73,14,-62,14,-62,15,-62,15,-58,13,-55,13,-57,12,-57,12,-54,17,-52,16,-52,15,-52,18,-47,14,-46,22,-45,17,-39,20,-43,19,-40,22,-40,19,-39,21,-39,21,-40,19,-39,19,-37,17,-37,21,-38,22,-35,15,-37,19,-37,17,-39,18,-37,15,-34,15,-33,11,-37,10,-37,5,-33,6,-30,1,-31,3,-27,-1,-23,0,-23,-7,-22,-5,-19,-7,-15,-6,-12,-5,-11,-8,-12,-7,-8,-6,-6,-7,-4,-7,-2,-9,-1,-5,2,-7,5,-2,4,-2,0,0,0,0,0,0,0,0,0,0,0,0,0,0,0,0,0,0,0,0,0,0,-13,16,-16,17,-18,13,-21,14,-23,15,-27,13,-29,9,-31,5,-34,7,-36,4,-39,3,-42,0,-43,0,-46,-6,-46,-10,-47,-12,-49,-15,-49,-17,-51,-22,-51,-29,-52,-29,-52,-34,-46,-34,-49,-39,-44,-43,-48,-44,-47,-47,-45,-52,-45,-49,-44,-55,-42,-56,-39,-58,-37,-60,-40,-59,-34,-61,-38,-59,-37,-58,-42,-61,-38,-62,-42,-63,-42,-66,-43,-66,-38,-67,-40,-72,-42,-74,-37,-71,-35,-75,-38,-75,-37,-77,-38,-78,-33,-83,-32,-83,-33,-82,-24,-80,-27,-83,-24,-83,-25,-80,0,0]"
CSI_DATA,299,1a:00:00:00:00:00,-45,11,1,0,1,1,1,0,0,0,1,-96,0,11,2,4170124,0,44,0,384,0,"[0,0,0,0,0,0,0,0,0,0,0,0,4,-11,4,-11,3,-11,3,-11,3,-10,3,-10,2,-10,2,-9,2,-10,2,-9,2,-9,1,-9,1,-9,1,-9,1,-9,1,-9,1,-9,1,-8,0,-8,0,-8,0,-8,0,-8,1,-8,0,-8,1,-8,1,-8,0,0,1,-8,1,-7,1,-7,2,-7,2,-6,2,-6,2,-6,2,-5,3,-5,2,-4,3,-3,2,-4,2,-3,2,-3,2,-2,2,-2,2,-1,2,-1,1,-1,1,-1,1,-1,0,0,0,0,0,0,0,0,-1,0,0,0,0,0,0,0,0,0,0,0,0,0,0,0,14,-35,12,-33,11,-32,11,-31,12,-30,10,-30,10,-27,8,-28,7,-27,8,-26,7,-28,4,-26,6,-26,5,-25,5,-23,5,-23,4,-23,3,-21,3,-22,3,-22,3,-23,2,-22,2,-23,1,-22,1,-22,1,-21,3,-22,4,-21,3,-19,3,-20,4,-19,5,-20,6,-19,6,-19,4,-17,5,-16,6,-16,6,-15,7,-13,7,-13,8,-9,9,-9,8,-8,7,-7,8,-7,6,-5,5,-4,4,-3,6,-3,5,-2,4,0,3,0,2,0,2,1,1,1,-1,2,0,2,0,0,0,0,0,0,0,0,0,0,0,0,0,0,0,0,0,0,0,0,0,0,-7,-9,-5,-11,-4,-11,-2,-12,-3,-13,-1,-13,0,-13,0,-15,0,-17,6,-16,7,-19,8,-18,10,-18,11,-18,12,-19,15,-19,17,-18,17,-18,20,-18,21,-17,23,-16,24,-16,25,-13,29,-12,28,-10,30,-11,31,-10,32,-11,31,-8,33,-8,33,-7,33,-6,33,-5,33,-6,35,-4,34,-4,34,-2,35,-2,34,-2,35,-2,37,-2,37,-3,38,-2,39,-2,38,1,41,-2,40,0,40,1,42,2,40,5,40,6,42,7,42,7,39,8,40,8,42,11,40,11,0,0]"
CSI_DATA,300,1a:00:00:00:00:00,-45,11,1,0,1,1,1,0,0,0,1,-96,0,11,2,4180104,0,44,0,384,0,"[0,0,0,0,0,0,0,0,0,0,0,0,-9,8,-8,8,-7,8,-7,7,-7,7,-7,7,-6,7,-6,7,-6,7,-6,7,-6,7,-6,7,-5,7,-5,7,-4,6,-5,7,-4,7,-4,7,-4,6,-4,7,-4,6,-4,6,-4,6,-4,6,-4,6,-4,6,0,0,-4,6,-4,5,-4,5,-5,5,-4,4,-5,4,-5,3,-4,3,-5,3,-5,2,-5,2,-4,1,-4,1,-3,1,-4,0,-3,0,-3,0,-2,0,-2,-1,-2,-1,-2,-1,-2,-1,-1,-1,-1,-1,0,-1,0,-1,0,0,0,0,0,0,0,0,0,0,0,0,0,0,-57,52,-55,48,-51,48,-52,46,-45,46,-49,46,-43,42,-40,39,-38,42,-38,42,-39,44,-36,39,-32,39,-33,37,-30,40,-31,36,-28,40,-24,38,-26,39,-22,40,-25,40,-23,39,-23,35,-24,39,-21,39,-24,36,-22,38,-22,37,-23,34,-20,38,-25,36,-24,34,-22,32,-27,26,-23,25,-25,27,-24,22,-25,20,-24,17,-26,16,-26,12,-20,13,-21,10,-17,6,-19,6,-16,6,-17,3,-15,0,-10,1,-13,0,-7,-4,-8,-3,-7,-2,-2,-6,-2,-6,1,-4,3,-5,0,0,0,0,0,0,0,0,0,0,0,0,0,0,0,0,0,0,0,0,0,0,0,22,-2,21,-3,20,-8,25,-9,23,-12,25,-17,25,-18,26,-24,23,-23,22,-31,26,-35,22,-37,26,-37,24,-42,23,-44,20,-47,18,-51,15,-52,14,-55,10,-60,8,-61,1,-62,2,-64,1,-68,-3,-69,-5,-67,-10,-68,-13,-65,-17,-68,-17,-68,-19,-68,-18,-66,-23,-65,-26,-68,-24,-65,-25,-66,-29,-67,-27,-66,-27,-71,-28,-71,-28,-70,-27,-70,-19,-75,-36,-74,-33,-77,-38,-78,-37,-77,-39,-74,-42,-73,-44,-76,-44,-77,-47,-71,-49,-71,-50,-70,-53,-68,-59,-61,-55,0,0]"
CSI_DATA,301,1a:00:00:00:00:00,-45,11,1,0,1,1,1,0,0,0,1,-96,0,11,2,4190151,0,44,0,384,0,"[0,0,0,0,0,0,0,0,0,0,0,0,-7,9,-7,8,-6,8,-6,8,-6,8,-6,8,-5,8,-5,7,-5,7,-4,7,-4,7,-4,7,-4,7,-4,7,-4,7,-4,7,-3,7,-4,7,-3,6,-3,6,-3,6,-3,6,-3,6,-3,6,-3,6,-3,6,0,0,-4,6,-4,5,-4,5,-4,5,-3,5,-4,4,-4,4,-4,3,-4,3,-4,2,-4,2,-4,2,-3,1,-3,1,-3,0,-3,0,-3,0,-3,0,-2,0,-2,-1,-2,-1,-2,-1,-1,-1,-1,-1,0,-1,0,-1,0,0,0,0,0,0,0,0,0,0,0,0,0,0,-58,46,-58,44,-54,45,-51,42,-49,43,-49,42,-47,38,-48,38,-39,42,-40,42,-38,38,-33,37,-38,38,-33,36,-34,37,-31,37,-34,39,-28,36,-27,39,-23,36,-24,39,-28,35,-24,37,-25,35,-24,36,-23,33,-24,34,-25,36,-26,32,-23,33,-24,34,-26,30,-25,27,-25,27,-26,28,-26,25,-24,21,-22,19,-25,19,-23,13,-25,15,-20,10,-22,8,-20,6,-20,5,-18,0,-17,0,-14,1,-12,-2,-13,0,-9,-1,-7,-4,-7,-2,-5,-7,-2,-3,-1,-6,0,-5,0,0,0,0,0,0,0,0,0,0,0,0,0,0,0,0,0,0,0,0,0,0,-4,20,-3,24,-7,21,-14,23,-15,22,-15,24,-20,20,-22,21,-25,19,-26,20,-29,20,-35,21,-37,20,-39,14,-43,13,-42,10,-50,9,-46,7,-54,5,-54,1,-56,2,-57,-5,-56,-5,-60,-13,-61,-12,-62,-15,-64,-20,-66,-22,-59,-22,-65,-27,-62,-25,-65,-32,-59,-30,-59,-35,-59,-33,-63,-35,-62,-34,-64,-36,-64,-36,-65,-41,-69,-36,-64,-33,-71,-39,-67,-36,-65,-43,-76,-39,-71,-46,-68,-49,-71,-52,-66,-48,-67,-54,-69,-56,-68,-60,-60,-53,-63,-63,-67,-64,-57,-61,0,0]"
CSI_DATA,302,1a:00:00:00:00:00,-45,11,1,0,1,1,1,0,0,0,1,-96,0,11,2,4210937,0,44,0,384,0,"[0,0,0,0,0,0,0,0,0,0,0,0,-12,0,-11,0,-11,0,-11,0,-10,0,-10,0,-10,1,-10,1,-9,1,-9,1,-9,1,-9,1,-9,1,-8,1,-8,1,-9,2,-8,2,-8,2,-8,2,-8,2,-8,2,-7,1,-8,2,-8,1,-7,1,-8,1,0,0,-7,1,-7,1,-7,0,-7,0,-6,-1,-6,0,-6,-1,-5,-1,-6,-1,-5,-1,-5,-2,-4,-2,-4,-2,-3,-2,-3,-2,-3,-2,-2,-2,-2,-2,-2,-2,-1,-2,-1,-2,0,-2,0,-1,0,-1,0,-1,0,-1,0,0,0,0,0,0,0,0,0,0,0,0,0,0,-75,-3,-69,-1,-70,-3,-68,-4,-64,-2,-65,-5,-60,-1,-58,3,-52,-1,-52,3,-57,2,-55,4,-51,4,-49,4,-51,8,-50,8,-50,9,-48,7,-47,9,-46,10,-45,7,-43,11,-43,12,-43,11,-45,9,-43,10,-41,8,-42,12,-40,7,-41,10,-40,10,-39,7,-40,5,-39,3,-38,3,-38,0,-35,1,-32,-2,-32,-4,-29,-6,-26,-8,-27,-7,-25,-8,-19,-11,-16,-7,-16,-12,-15,-11,-11,-8,-11,-10,-5,-7,-7,-8,-4,-3,-1,-8,1,-5,4,-4,1,-6,5,-2,0,0,0,0,0,0,0,0,0,0,0,0,0,0,0,0,0,0,0,0,0,0,-15,14,-22,13,-20,10,-25,10,-25,8,-27,4,-30,3,-31,1,-32,2,-34,-3,-36,-6,-38,-8,-42,-13,-42,-14,-42,-20,-43,-22,-45,-23,-38,-28,-43,-32,-42,-40,-40,-38,-43,-43,-42,-44,-41,-49,-36,-52,-37,-54,-33,-56,-31,-58,-29,-55,-29,-63,-30,-61,-28,-64,-22,-67,-24,-66,-24,-66,-21,-69,-24,-66,-27,-68,-24,-69,-25,-68,-25,-72,-25,-76,-26,-76,-25,-74,-25,-74,-26,-78,-23,-80,-22,-80,-22,-82,-14,-81,-19,-87,-14,-87,-14,-87,-12,-85,-13,-87,-4,-86,-4,-81,0,0]"
CSI_DATA,303,1a:00:00:00:00:00,-45,11,1,0,1,1,1,0,0,0,1,-96,0,11,2,4220922,0,44,0,384,0,"[0,0,0,0,0,0,0,0,0,0,0,0,9,5,9,4,9,5,8,4,8,4,8,3,7,3,7,3,7,3,7,3,7,2,7,2,7,2,7,2,7,2,7,2,7,1,7,2,7,1,7,2,6,2,6,2,6,1,7,1,6,1,6,1,0,0,6,2,6,2,5,2,5,2,4,2,4,3,4,3,4,3,3,3,3,2,3,2,2,3,1,2,1,2,1,2,1,2,0,2,0,1,0,1,0,1,-1,1,-1,1,-1,0,-1,0,-1,0,-1,0,0,0,0,0,0,0,0,0,0,0,0,0,0,0,61,49,54,40,59,43,51,43,48,36,52,37,45,32,46,36,45,31,48,30,48,30,44,28,43,25,41,23,42,27,45,20,43,20,43,20,43,18,40,14,44,18,40,15,42,17,40,15,39,18,40,15,38,14,38,16,39,15,37,17,40,16,40,15,35,13,37,18,30,17,32,20,27,20,24,20,20,21,20,20,17,20,16,16,13,19,10,16,9,16,7,16,5,16,4,13,3,12,0,10,0,8,-2,7,-4,6,-5,6,-1,0,-5,3,-2,-2,0,0,0,0,0,0,0,0,0,0,0,0,0,0,0,0,0,0,0,0,0,0,18,-2,23,-2,21,2,24,5,25,8,26,9,24,12,24,16,26,19,25,23,27,28,23,30,23,33,25,34,21,41,18,40,21,46,15,46,15,52,9,54,10,55,6,58,4,57,3,60,-3,62,-5,62,-8,61,-11,66,-14,59,-17,72,-15,61,-20,65,-20,65,-21,66,-23,65,-21,65,-21,64,-21,62,-24,67,-23,70,-26,75,-25,69,-27,74,-26,71,-29,74,-31,79,-30,74,-33,77,-33,75,-36,74,-36,78,-39,76,-47,78,-43,72,-41,73,-47,76,-47,68,0,0]"
CSI_DATA,304,1a:00:00:00:00:00,-45,11,1,0,1,1,1,0,0,0,1,-96,0,11,2,4258025,0,44,0,384,0,"[0,0,0,0,0,0,0,0,0,0,0,0,-3,11,-3,11,-2,11,-2,10,-1,10,-2,9,-1,9,-2,9,-1,9,-1,9,-1,9,-1,8,0,8,0,8,0,8,0,8,0,8,0,8,0,7,0,7,0,7,0,7,0,7,1,7,0,7,0,7,0,0,-1,7,0,7,-1,7,-1,6,-1,6,-2,6,-2,5,-2,5,-3,4,-2,4,-3,3,-3,3,-2,3,-2,2,-3,2,-2,2,-3,1,-2,1,-2,0,-2,0,-2,0,-2,0,-2,-1,-2,-1,-1,-1,0,-1,0,0,0,0,0,0,0,0,0,0,0,0,0,0,-8,37,-8,37,-7,35,-7,33,-7,33,-6,31,-6,29,-6,28,-5,28,-4,28,-3,27,-2,27,-2,25,-2,26,-2,25,-1,25,0,24,1,25,1,22,1,23,0,23,2,21,3,22,3,21,2,21,1,21,0,20,0,19,1,20,0,22,1,22,1,19,-1,19,-2,19,-1,19,-1,16,-3,17,-5,15,-4,13,-6,14,-6,14,-6,12,-7,11,-7,10,-6,8,-6,7,-6,6,-6,4,-5,5,-5,3,-5,1,-4,0,-3,-1,-4,-2,-2,-1,-2,-1,-1,-3,0,0,0,0,0,0,0,0,0,0,0,0,0,0,0,0,0,0,0,0,0,0,4,9,4,9,3,11,2,12,0,13,0,13,-3,15,-3,16,-5,17,-7,18,-8,17,-10,18,-12,15,-14,18,-12,18,-16,17,-18,19,-19,17,-20,18,-22,15,-24,15,-26,14,-26,13,-29,14,-30,12,-31,9,-31,10,-33,8,-33,7,-33,7,-35,6,-33,4,-34,6,-34,4,-35,4,-36,4,-37,4,-36,3,-36,3,-38,4,-38,3,-40,4,-39,3,-39,4,-40,2,-40,5,-41,1,-45,0,-45,3,-44,0,-43,-3,-46,-3,-45,-4,-44,-5,-44,-7,-44,-7,-43,-9,0,0]"
CSI_DATA,305,1a:00:00:00:00:00,-45,11,1,0,1,1,1,0,0,0,1,-96,0,11,2,4258139,0,44,0,384,0,"[0,0,0,0,0,0,0,0,0,0,0,0,11,-3,11,-3,10,-2,10,-2,9,-3,10,-3,9,-3,9,-3,9,-4,8,-3,8,-4,8,-3,7,-3,7,-3,7,-3,7,-4,8,-4,7,-4,7,-4,6,-4,6,-4,6,-4,7,-4,6,-3,6,-3,7,-4,0,0,7,-3,6,-3,6,-2,6,-2,6,-2,6,-2,5,-1,5,-1,5,-1,5,0,4,0,3,0,3,0,3,1,2,1,2,1,2,1,1,1,1,1,1,1,0,1,0,1,0,1,-1,1,-1,0,-1,0,0,0,0,0,0,0,0,0,0,0,0,0,0,0,76,-8,71,-4,65,-3,61,-4,65,-6,61,-7,56,-5,58,-6,55,-6,52,-9,52,-7,49,-9,54,-10,48,-11,45,-10,48,-12,47,-14,42,-11,43,-15,42,-12,43,-16,40,-12,39,-15,38,-13,40,-14,42,-12,41,-13,38,-16,38,-10,39,-13,39,-13,38,-8,37,-6,37,-7,35,-7,34,-6,33,-3,32,-1,29,1,30,2,26,5,22,6,20,6,19,8,16,8,16,10,12,7,11,6,10,7,5,7,3,9,2,5,-1,8,-1,5,-2,4,-3,2,-5,4,0,0,0,0,0,0,0,0,0,0,0,0,0,0,0,0,0,0,0,0,0,0,12,-15,15,-18,18,-13,23,-13,21,-14,24,-13,25,-6,28,-8,32,-4,32,-3,35,2,39,1,39,4,42,9,43,11,42,15,40,17,42,20,44,21,44,27,43,30,48,38,41,38,42,40,40,46,41,46,38,48,37,52,38,54,37,55,31,57,30,58,32,57,28,62,32,60,28,61,31,61,27,63,28,64,31,64,30,68,30,63,30,68,31,69,29,71,31,75,24,75,28,75,27,82,22,81,23,75,22,85,20,86,14,80,15,83,10,81,14,79,0,0]"
CSI_DATA,306,1a:00:00:00:00:00,-45,11,1,0,1,1,1,0,0,0,1,-96,0,11,2,4258253,0,44,0,384,0,"[0,0,0,0,0,0,0,0,0,0,0,0,-6,-10,-6,-9,-6,-9,-6,-9,-6,-9,-6,-8,-6,-8,-6,-8,-6,-7,-6,-8,-6,-7,-6,-6,-6,-7,-6,-6,-6,-7,-6,-6,-6,-6,-6,-6,-6,-6,-6,-6,-6,-6,-6,-6,-6,-5,-6,-5,-6,-6,-5,-5,0,0,-5,-6,-5,-6,-5,-6,-4,-5,-4,-6,-3,-6,-3,-6,-3,-5,-2,-5,-2,-5,-2,-5,-1,-5,-1,-4,-1,-4,-1,-3,0,-3,0,-3,0,-3,0,-2,0,-2,0,-2,1,-1,1,-1,0,-1,0,-1,0,0,0,0,0,0,0,0,0,0,0,0,0,0,0,0,-50,-62,-45,-61,-43,-55,-40,-52,-40,-54,-38,-51,-41,-53,-39,-47,-38,-44,-37,-42,-41,-43,-39,-37,-39,-38,-39,-40,-38,-40,-34,-37,-36,-34,-35,-32,-31,-31,-39,-31,-39,-25,-36,-28,-37,-27,-35,-25,-36,-26,-34,-24,-37,-30,-34,-27,-35,-27,-34,-30,-32,-26,-27,-26,-30,-26,-26,-30,-27,-28,-25,-29,-24,-28,-22,-27,-18,-26,-16,-28,-15,-26,-10,-24,-11,-26,-6,-23,-5,-18,-1,-17,-5,-16,-2,-15,3,-13,4,-9,0,-11,-1,-6,6,-12,4,-4,4,-3,3,0,3,2,0,0,0,0,0,0,0,0,0,0,0,0,0,0,0,0,0,0,0,0,0,0,-20,-2,-21,-4,-24,-12,-20,-10,-21,-17,-21,-15,-21,-20,-23,-22,-23,-25,-21,-29,-19,-35,-15,-35,-12,-39,-16,-42,-11,-43,-8,-48,-8,-49,-7,-56,-2,-52,-1,-59,1,-53,8,-58,10,-62,15,-60,21,-61,23,-60,26,-61,22,-60,26,-63,29,-58,30,-62,35,-62,35,-62,35,-60,36,-62,38,-63,35,-63,36,-61,37,-59,37,-63,40,-63,40,-67,40,-65,46,-72,45,-64,48,-68,47,-65,50,-70,51,-72,57,-68,58,-66,58,-65,59,-62,65,-59,64,-60,61,-56,67,-60,0,0]"
CSI_DATA,307,1a:00:00:00:00:00,-45,11,1,0,1,1,1,0,0,0,1,-96,0,11,2,4270105,0,44,0,384,0,"[0,0,0,0,0,0,0,0,0,0,0,0,-10,-6,-10,-6,-10,-6,-10,-6,-10,-6,-9,-5,-9,-5,-9,-4,-9,-4,-9,-4,-9,-3,-9,-3,-9,-3,-8,-3,-8,-3,-8,-2,-8,-2,-8,-2,-8,-2,-8,-2,-8,-2,-8,-2,-8,-2,-8,-2,-8,-2,-7,-2,0,0,-8,-2,-7,-3,-7,-3,-7,-3,-6,-3,-6,-3,-5,-4,-5,-4,-5,-3,-4,-3,-4,-3,-3,-4,-3,-3,-2,-3,-3,-3,-2,-3,-2,-3,-1,-2,-1,-2,-1,-2,-1,-2,0,-2,0,-2,0,-1,0,-1,0,-1,0,0,0,0,0,0,0,0,0,0,0,0,0,0,-63,-35,-64,-36,-65,-33,-53,-32,-58,-31,-54,-28,-54,-30,-52,-27,-52,-21,-52,-21,-50,-23,-48,-17,-51,-17,-48,-15,-48,-16,-47,-13,-48,-10,-43,-11,-46,-11,-41,-9,-46,-7,-42,-11,-43,-8,-46,-10,-42,-8,-44,-10,-39,-6,-42,-5,-41,-9,-39,-7,-37,-10,-38,-14,-35,-8,-37,-11,-36,-9,-32,-17,-29,-12,-32,-19,-27,-16,-21,-14,-21,-16,-17,-17,-17,-16,-16,-17,-14,-16,-9,-15,-10,-13,-5,-14,-3,-13,-2,-13,-4,-11,3,-7,0,-8,1,-7,4,-4,6,-3,4,2,0,0,0,0,0,0,0,0,0,0,0,0,0,0,0,0,0,0,0,0,0,0,-14,3,-24,5,-22,-1,-28,0,-29,-4,-28,-7,-28,-7,-30,-7,-29,-17,-29,-19,-31,-21,-29,-28,-30,-30,-32,-38,-28,-35,-29,-38,-28,-38,-25,-41,-22,-47,-19,-49,-15,-50,-17,-55,-14,-58,-14,-59,-11,-62,-9,-64,-4,-63,-6,-68,-2,-63,2,-67,1,-68,3,-67,7,-69,8,-68,10,-67,8,-70,6,-72,10,-71,6,-72,6,-75,11,-73,8,-75,12,-75,11,-83,14,-77,13,-78,17,-80,16,-82,17,-82,20,-84,23,-82,23,-82,28,-81,30,-81,29,-81,31,-78,36,-78,0,0]"
CSI_DATA,308,1a:00:00:00:00:00,-45,11,1,0,1,1,1,0,0,0,1,-96,0,11,2,4280092,0,44,0,384,0,"[0,0,0,0,0,0,0,0,0,0,0,0,3,11,3,10,4,10,3,10,4,9,3,9,3,8,3,8,3,8,4,8,3,8,4,7,4,7,4,7,3,6,4,6,4,6,3,6,4,6,4,6,4,6,4,6,3,6,4,6,3,6,3,6,0,0,2,6,2,6,2,6,2,5,1,5,1,6,1,6,0,5,0,5,0,4,-1,4,-1,4,-1,3,-1,3,-1,2,-1,2,-2,2,-1,1,-2,1,-2,1,-2,0,-2,0,-2,0,-2,0,-1,-1,-1,-1,0,0,0,0,0,0,0,0,0,0,0,0,0,0,26,68,22,66,24,65,22,61,25,57,22,55,19,55,22,56,25,50,22,48,24,48,24,48,20,45,23,44,21,42,25,42,24,40,23,42,26,38,23,38,26,38,26,35,28,31,25,33,23,34,27,31,23,32,27,33,24,35,25,33,21,33,21,34,18,32,18,36,16,34,14,32,13,33,11,30,8,25,6,27,4,24,3,25,1,21,0,16,1,21,-2,17,-6,13,-4,13,-9,10,-7,9,-3,7,-6,6,-5,6,-9,0,-5,-1,-8,-1,-6,-6,0,0,0,0,0,0,0,0,0,0,0,0,0,0,0,0,0,0,0,0,0,0,19,7,19,8,19,13,18,15,19,17,17,23,14,23,15,25,12,27,10,28,9,36,7,38,7,38,3,42,-1,44,-3,46,-5,49,-7,49,-13,51,-13,52,-14,55,-21,54,-25,51,-31,51,-29,54,-36,51,-36,52,-35,51,-38,49,-44,52,-46,50,-46,50,-46,47,-48,46,-47,49,-52,48,-49,47,-51,47,-53,43,-55,50,-55,49,-54,49,-58,50,-60,53,-58,49,-56,53,-65,51,-64,50,-69,53,-67,47,-71,41,-77,46,-76,45,-69,39,-76,38,-73,42,-76,38,0,0]"
CSI_DATA,309,1a:00:00:00:00:00,-45,11,1,0,1,1,1,0,0,0,1,-96,0,11,2,4290886,0,44,0,384,0,"[0,0,0,0,0,0,0,0,0,0,0,0,-1,-12,-2,-12,-2,-12,-2,-11,-2,-11,-2,-10,-2,-10,-2,-10,-2,-10,-3,-10,-3,-9,-3,-9,-3,-9,-3,-9,-3,-9,-3,-8,-3,-8,-3,-8,-4,-8,-3,-8,-3,-8,-4,-8,-3,-8,-4,-8,-3,-8,-3,-8,0,0,-3,-8,-2,-8,-2,-7,-2,-7,-1,-7,-1,-7,0,-7,0,-6,0,-6,0,-5,0,-5,1,-5,1,-4,1,-4,1,-3,1,-3,1,-3,1,-2,1,-2,1,-1,1,-1,1,-1,1,0,1,0,0,0,0,0,0,0,0,0,0,0,0,0,0,0,0,0,0,0,-3,-72,-5,-72,-2,-65,-8,-69,-10,-67,-9,-63,-6,-63,-7,-55,-8,-58,-8,-60,-10,-54,-12,-50,-10,-52,-11,-49,-9,-50,-12,-48,-14,-46,-17,-43,-16,-46,-15,-45,-14,-43,-16,-42,-17,-40,-15,-38,-16,-40,-20,-41,-15,-43,-18,-40,-15,-39,-15,-40,-16,-37,-12,-40,-12,-39,-11,-34,-7,-38,-6,-33,-7,-35,-5,-35,-1,-30,2,-31,1,-26,2,-27,5,-21,6,-26,3,-21,8,-18,6,-15,5,-13,6,-9,8,-9,6,-6,5,-4,4,-3,7,-2,6,-1,3,0,6,3,0,0,0,0,0,0,0,0,0,0,0,0,0,0,0,0,0,0,0,0,0,0,-14,-15,-14,-16,-11,-18,-13,-21,-13,-25,-10,-25,-7,-29,-5,-30,-2,-33,-2,-35,3,-37,3,-38,6,-40,11,-44,11,-42,19,-45,22,-43,26,-50,26,-40,30,-44,33,-44,40,-46,40,-45,44,-41,46,-40,50,-41,55,-41,55,-38,55,-36,54,-35,61,-35,60,-32,61,-32,63,-31,63,-26,63,-31,62,-33,60,-31,65,-25,68,-34,65,-29,69,-32,68,-30,73,-32,71,-29,71,-32,75,-30,77,-29,80,-29,83,-26,83,-24,83,-23,83,-22,86,-21,86,-16,81,-12,83,-15,0,0]"
CSI_DATA,310,1a:00:00:00:00:00,-45,11,1,0,1,1,1,0,0,0,1,-96,0,11,2,4311800,0,44,0,384,0,"[0,0,0,0,0,0,0,0,0,0,0,0,-5,-10,-6,-10,-6,-9,-6,-9,-6,-9,-6,-8,-6,-8,-6,-7,-5,-7,-6,-7,-6,-7,-6,-7,-6,-7,-6,-6,-6,-6,-6,-6,-6,-6,-5,-6,-6,-6,-6,-6,-6,-6,-6,-6,-5,-6,-5,-6,-5,-6,-5,-6,0,0,-5,-6,-5,-6,-4,-6,-4,-5,-4,-6,-3,-6,-3,-6,-3,-5,-2,-5,-2,-5,-1,-5,-1,-4,-1,-4,-1,-4,-1,-3,0,-3,0,-3,0,-2,0,-2,0,-2,0,-1,1,-1,1,-1,1,-1,0,0,0,0,0,0,0,0,0,0,0,0,0,0,0,0,0,0,-29,-68,-32,-62,-34,-62,-30,-63,-27,-61,-28,-56,-25,-55,-27,-52,-29,-52,-29,-50,-27,-50,-29,-45,-26,-44,-26,-43,-26,-40,-27,-40,-28,-40,-29,-39,-26,-37,-28,-35,-28,-35,-32,-38,-32,-32,-26,-30,-27,-32,-29,-34,-27,-34,-28,-32,-24,-34,-24,-34,-25,-34,-23,-32,-23,-35,-20,-31,-20,-31,-15,-30,-15,-31,-13,-32,-12,-31,-10,-30,-7,-27,-3,-25,-5,-24,-5,-21,0,-20,0,-15,4,-14,1,-16,5,-11,7,-9,2,-7,5,-8,8,-5,8,-6,3,0,4,3,3,4,0,0,0,0,0,0,0,0,0,0,0,0,0,0,0,0,0,0,0,0,0,0,-21,-6,-18,-11,-21,-11,-21,-14,-18,-17,-19,-19,-20,-20,-16,-27,-20,-31,-18,-31,-16,-35,-12,-37,-13,-39,-9,-42,-8,-41,-3,-46,-1,-51,-2,-50,5,-50,11,-52,14,-52,17,-57,21,-56,18,-58,25,-56,32,-58,31,-55,33,-57,36,-60,34,-59,39,-57,38,-54,41,-52,46,-52,45,-51,44,-54,48,-54,44,-52,46,-52,44,-57,53,-54,50,-57,53,-58,50,-60,55,-54,54,-61,57,-54,60,-56,65,-59,69,-56,65,-54,64,-50,70,-51,72,-50,72,-46,74,-42,69,-43,0,0]"
CSI_DATA,311,1a:00:00:00:00:00,-45,11,1,0,1,1,1,0,0,0,1,-96,0,11,2,4330123,0,44,0,384,0,"[0,0,0,0,0,0,0,0,0,0,0,0,7,-9,7,-8,6,-8,6,-8,6,-7,6,-8,5,-8,5,-8,5,-8,4,-7,5,-8,4,-8,4,-7,3,-7,3,-8,3,-8,3,-8,3,-7,3,-7,3,-7,3,-7,2,-7,3,-7,2,-7,3,-7,3,-7,0,0,3,-7,3,-6,3,-6,3,-6,3,-5,3,-5,3,-5,3,-4,3,-4,3,-3,3,-3,3,-3,3,-2,2,-2,2,-2,2,-1,2,-1,2,-1,1,0,1,0,1,0,0,0,0,0,0,0,0,0,-1,0,0,0,0,0,0,0,0,0,0,0,0,0,0,0,50,-57,51,-50,50,-50,46,-47,44,-51,42,-48,43,-44,37,-41,37,-44,34,-43,31,-43,33,-44,29,-43,29,-43,24,-42,23,-43,23,-46,22,-41,20,-43,22,-39,20,-43,17,-41,17,-42,18,-40,13,-39,18,-37,15,-39,15,-39,16,-36,19,-38,15,-34,18,-35,19,-31,20,-33,15,-31,20,-29,20,-27,21,-25,19,-24,20,-22,22,-19,16,-15,21,-13,18,-9,17,-11,15,-6,15,-4,13,-4,13,-4,9,-3,7,1,7,-1,4,2,4,2,0,3,2,4,-2,4,0,0,0,0,0,0,0,0,0,0,0,0,0,0,0,0,0,0,0,0,0,0,3,-22,4,-21,7,-22,8,-24,12,-22,14,-24,19,-22,19,-24,23,-24,26,-23,30,-24,36,-18,40,-19,40,-20,42,-17,41,-13,47,-10,51,-7,50,-5,51,-4,54,-2,57,1,58,5,56,6,61,13,62,11,65,15,63,15,59,21,63,20,64,19,62,26,63,27,64,25,60,27,65,30,64,28,63,31,64,29,66,31,65,34,68,32,69,33,73,33,73,33,69,34,70,39,73,39,74,43,72,41,73,47,74,47,74,51,66,46,63,53,62,58,64,52,0,0]"
CSI_DATA,312,1a:00:00:00:00:00,-45,11,1,0,1,1,1,0,0,0,1,-96,0,11,2,4360640,0,44,0,384,0,"[0,0,0,0,0,0,0,0,0,0,0,0,9,6,9,6,9,5,9,6,9,5,8,5,8,4,8,4,8,4,8,4,8,3,8,3,8,3,8,3,8,3,8,2,8,2,7,2,7,2,7,2,7,2,7,2,7,2,7,2,7,2,7,2,0,0,7,2,6,2,6,3,6,2,5,3,5,3,5,3,4,3,3,3,3,3,3,3,2,3,1,3,1,3,1,2,1,2,0,2,0,2,0,1,0,1,-1,1,-1,1,-1,0,-1,0,-2,0,-2,0,0,0,0,0,0,0,0,0,0,0,0,0,0,0,57,42,59,48,54,39,55,40,50,39,49,37,44,35,45,34,49,32,43,27,47,32,42,25,40,23,46,25,42,19,45,18,46,19,44,15,44,17,42,15,46,14,46,14,41,11,42,13,41,13,39,15,40,12,40,12,36,12,39,14,37,15,40,15,33,17,32,14,34,14,27,19,28,20,25,22,22,21,21,20,19,19,16,13,14,17,13,14,10,17,8,14,4,15,4,14,0,11,0,9,-3,9,0,6,-5,5,-4,4,-7,3,-6,3,-7,-2,0,0,0,0,0,0,0,0,0,0,0,0,0,0,0,0,0,0,0,0,0,0,24,-2,20,-1,21,2,23,4,23,7,22,11,22,16,22,18,22,22,25,24,26,26,23,29,23,27,25,34,24,41,16,41,15,46,13,47,13,49,7,51,6,53,3,57,4,58,1,62,-2,64,-2,60,-4,63,-10,64,-11,64,-12,64,-15,64,-16,65,-20,64,-21,63,-20,63,-25,64,-23,68,-21,63,-17,70,-17,72,-24,69,-26,69,-22,73,-25,72,-29,73,-25,72,-32,75,-31,78,-34,76,-35,77,-35,79,-34,78,-40,77,-44,70,-40,72,-46,71,-46,71,0,0]"
CSI_DATA,313,1a:00:00:00:00:00,-45,11,1,0,1,1,1,0,0,0,1,-96,0,11,2,4361524,0,44,0,384,0,"[0,0,0,0,0,0,0,0,0,0,0,0,-11,2,-11,2,-10,2,-10,2,-10,2,-10,3,-9,3,-9,3,-9,3,-8,3,-8,3,-8,3,-8,3,-8,3,-8,3,-8,3,-8,4,-8,3,-7,3,-7,3,-7,3,-7,3,-7,3,-6,3,-7,3,-7,3,0,0,-7,3,-7,2,-7,2,-7,2,-6,1,-6,1,-6,0,-6,0,-6,0,-5,-1,-5,0,-4,-1,-4,-1,-4,-1,-3,-1,-3,-1,-3,-2,-2,-2,-2,-2,-2,-2,-1,-2,-1,-2,-1,-1,0,-2,0,-1,0,-1,0,0,0,0,0,0,0,0,0,0,0,0,0,0,-75,-6,-74,-6,-71,-1,-69,-2,-68,-1,-66,0,-63,-2,-57,0,-58,2,-54,1,-55,4,-53,7,-53,2,-52,5,-48,8,-50,8,-50,9,-49,6,-45,10,-50,11,-46,10,-47,12,-47,11,-46,8,-39,9,-45,10,-42,9,-44,15,-41,9,-42,12,-43,7,-41,7,-43,4,-40,4,-39,1,-35,-1,-34,0,-34,-2,-32,-5,-30,-6,-29,-7,-23,-7,-21,-9,-21,-9,-14,-9,-17,-8,-11,-12,-13,-10,-6,-10,-5,-8,-4,-9,-3,-8,0,-6,2,-7,1,-4,2,-6,2,-2,0,0,0,0,0,0,0,0,0,0,0,0,0,0,0,0,0,0,0,0,0,0,-17,12,-18,11,-21,13,-25,10,-24,8,-29,3,-30,2,-33,1,-31,0,-33,-1,-37,-6,-39,-10,-42,-11,-42,-15,-44,-18,-44,-23,-41,-28,-44,-30,-40,-30,-42,-39,-38,-37,-42,-45,-41,-50,-37,-50,-37,-52,-38,-53,-35,-57,-35,-52,-31,-64,-29,-62,-30,-60,-26,-62,-27,-66,-23,-67,-26,-68,-19,-68,-26,-68,-25,-67,-25,-69,-25,-72,-23,-73,-24,-73,-22,-74,-26,-79,-22,-76,-25,-79,-21,-83,-20,-86,-20,-85,-16,-89,-16,-88,-16,-88,-16,-86,-9,-88,-7,-88,-6,-89,-2,-87,0,0]"
CSI_DATA,314,1a:00:00:00:00:00,-45,11,1,0,1,1,1,0,0,0,1,-96,0,11,2,4361868,0,44,0,384,0,"[0,0,0,0,0,0,0,0,0,0,0,0,-12,-3,-12,-3,-11,-3,-11,-3,-11,-3,-10,-2,-10,-2,-10,-2,-10,-2,-10,-1,-9,-1,-9,-1,-9,-1,-9,-1,-9,-1,-9,0,-9,0,-9,0,-9,0,-9,0,-8,-1,-8,0,-8,0,-8,0,-8,0,-8,0,0,0,-8,-1,-8,-1,-7,-1,-7,-1,-7,-2,-7,-2,-6,-3,-6,-2,-6,-2,-5,-2,-5,-3,-4,-3,-4,-3,-3,-3,-3,-3,-3,-3,-2,-2,-2,-3,-1,-2,-1,-2,-1,-2,0,-2,0,-2,0,-1,0,-1,0,-1,0,0,0,0,0,0,0,0,0,0,0,0,0,0,-67,-35,-62,-30,-61,-27,-58,-27,-56,-24,-55,-27,-58,-25,-56,-23,-51,-20,-49,-18,-54,-17,-48,-16,-45,-18,-47,-12,-47,-11,-48,-12,-47,-6,-48,-6,-47,-6,-46,-7,-46,-9,-43,-9,-43,-4,-44,-7,-46,-4,-42,-3,-39,-5,-43,-3,-39,-7,-38,-6,-38,-5,-39,-9,-38,-9,-35,-10,-38,-10,-34,-12,-31,-13,-29,-11,-27,-15,-27,-14,-22,-15,-24,-16,-19,-15,-14,-13,-15,-13,-13,-10,-9,-13,-6,-12,-5,-12,-4,-12,-3,-8,-2,-10,0,-9,3,-9,5,-7,6,-2,7,-2,0,0,0,0,0,0,0,0,0,0,0,0,0,0,0,0,0,0,0,0,0,0,-18,5,-20,3,-22,0,-22,-2,-24,-3,-25,-7,-29,-11,-28,-13,-27,-15,-30,-16,-32,-19,-32,-25,-26,-29,-28,-32,-30,-30,-28,-38,-23,-42,-24,-43,-25,-46,-20,-48,-21,-52,-19,-54,-17,-55,-17,-57,-14,-57,-13,-62,-7,-63,-7,-65,-4,-64,-1,-67,1,-66,1,-68,5,-71,5,-66,6,-67,3,-67,5,-68,6,-71,6,-70,6,-73,2,-74,8,-74,8,-77,9,-78,12,-77,13,-78,13,-78,16,-79,15,-81,15,-79,19,-83,19,-85,25,-82,24,-79,25,-83,29,-82,30,-78,0,0]"
CSI_DATA,315,1a:00:00:00:00:00,-45,11,1,0,1,1,1,0,0,0,1,-96,0,11,2,4370100,0,44,0,384,0,"[0,0,0,0,0,0,0,0,0,0,0,0,-12,0,-11,0,-11,0,-11,0,-10,0,-10,1,-10,1,-10,1,-10,1,-10,1,-9,1,-9,1,-9,1,-9,1,-8,1,-8,2,-8,2,-8,2,-8,2,-8,2,-8,2,-8,2,-8,2,-8,2,-8,1,-8,2,0,0,-7,1,-7,1,-7,1,-7,1,-7,0,-7,0,-6,-1,-6,-1,-6,-1,-5,-1,-5,-2,-4,-2,-4,-2,-3,-2,-3,-2,-3,-2,-2,-2,-2,-2,-2,-2,-1,-2,-1,-2,-1,-2,0,-2,0,-2,0,-1,0,-1,0,0,0,0,0,0,0,0,0,0,0,0,0,0,-76,2,-75,4,-74,3,-67,2,-65,6,-63,2,-60,5,-59,8,-55,5,-58,8,-55,8,-51,13,-48,11,-49,10,-50,12,-47,16,-48,14,-44,17,-48,13,-47,16,-46,18,-44,13,-47,21,-40,17,-42,17,-40,19,-41,15,-43,16,-42,13,-40,16,-38,12,-41,10,-37,11,-40,9,-39,9,-36,5,-35,0,-36,-1,-33,0,-31,-1,-33,-1,-24,-2,-21,-5,-20,-8,-19,-6,-16,-8,-15,-11,-13,-7,-10,-8,-10,-9,-7,-9,-5,-6,-2,-8,-3,-9,2,-6,4,-3,4,-3,0,0,0,0,0,0,0,0,0,0,0,0,0,0,0,0,0,0,0,0,0,0,-15,12,-18,13,-21,9,-25,9,-25,7,-27,5,-27,6,-31,1,-32,2,-34,-2,-35,-3,-41,-7,-41,-11,-40,-13,-43,-16,-47,-18,-45,-25,-45,-28,-44,-29,-44,-34,-46,-35,-44,-40,-43,-40,-40,-48,-39,-51,-37,-52,-36,-53,-37,-58,-32,-57,-33,-59,-29,-61,-29,-65,-29,-65,-31,-65,-30,-65,-28,-66,-30,-67,-29,-66,-31,-65,-28,-70,-28,-70,-29,-70,-33,-74,-33,-77,-31,-76,-32,-81,-28,-75,-32,-79,-29,-82,-24,-82,-22,-87,-23,-83,-22,-86,-19,-88,-15,-86,-13,-90,-12,-87,0,0]"
CSI_DATA,316,1a:00:00:00:00:00,-44,11,1,0,1,1,1,0,0,0,1,-96,0,11,2,4380118,0,44,0,384,0,"[0,0,0,0,0,0,0,0,0,0,0,0,-3,11,-3,11,-2,10,-2,10,-2,9,-2,9,-2,9,-2,9,-2,9,-1,9,-1,9,0,8,0,8,0,8,0,8,0,8,0,8,0,7,1,7,0,7,0,7,0,7,0,7,1,7,0,7,0,7,0,0,-1,7,-1,6,-1,6,-2,6,-1,6,-2,6,-2,5,-2,5,-3,4,-3,4,-3,3,-2,3,-2,3,-2,2,-3,2,-2,1,-2,1,-2,1,-2,0,-2,0,-2,0,-2,-1,-2,-1,-1,-1,-1,-1,-1,-2,0,0,0,0,0,0,0,0,0,0,0,0,0,0,-34,72,-27,61,-27,66,-29,60,-27,57,-29,60,-22,57,-25,54,-20,52,-21,56,-17,51,-16,48,-15,50,-13,49,-13,47,-8,52,-8,48,-9,50,-8,48,-8,47,-7,48,-8,43,-6,43,-8,44,-2,41,-5,44,-5,42,-2,42,-5,44,-5,43,-9,43,-8,44,-7,39,-10,38,-9,38,-13,35,-13,30,-13,32,-15,27,-18,26,-17,23,-19,20,-15,18,-17,16,-15,15,-19,10,-14,11,-11,8,-12,4,-10,6,-11,4,-10,1,-8,-3,-7,-3,-4,-4,-4,-8,-3,-5,0,0,0,0,0,0,0,0,0,0,0,0,0,0,0,0,0,0,0,0,0,0,5,19,1,19,0,21,-4,27,-7,25,-6,27,-10,28,-15,29,-20,29,-16,26,-21,28,-27,26,-27,30,-31,33,-35,27,-40,25,-42,26,-46,22,-49,23,-49,21,-54,20,-59,16,-58,15,-55,14,-60,6,-64,11,-65,5,-69,4,-64,0,-71,0,-69,-5,-69,-3,-69,-8,-72,-8,-69,-9,-72,-6,-69,-6,-72,-8,-69,-8,-75,-3,-77,-10,-75,-8,-82,-5,-78,-9,-79,-11,-82,-13,-83,-14,-84,-17,-86,-17,-84,-20,-88,-20,-92,-22,-88,-27,-81,-26,-84,-25,-83,-32,-79,-31,0,0]"
CSI_DATA,317,1a:00:00:00:00:00,-45,11,1,0,1,1,1,0,0,0,1,-96,0,11,2,4390115,0,44,0,384,0,"[0,0,0,0,0,0,0,0,0,0,0,0,11,-1,10,-1,10,0,10,0,9,-1,9,-1,9,-1,9,-2,9,-1,8,-2,8,-2,8,-2,8,-2,7,-2,8,-2,8,-3,7,-3,7,-3,7,-3,7,-2,7,-2,6,-3,7,-3,6,-3,7,-2,7,-2,0,0,7,-2,6,-2,6,-1,6,-1,6,-1,6,0,5,0,5,0,5,0,4,0,4,0,3,1,3,1,2,1,2,1,2,1,1,1,1,1,1,1,1,1,0,1,0,1,0,0,-1,1,-1,0,-1,0,0,0,0,0,0,0,0,0,0,0,0,0,0,0,69,19,67,17,67,15,62,14,63,17,64,12,60,10,56,9,51,9,57,8,55,5,53,6,51,2,47,5,49,3,46,-2,47,2,48,-2,45,-2,44,-5,47,-1,43,-2,42,-4,44,-6,41,-2,43,-5,40,-5,45,-5,43,-1,44,-2,38,-4,41,-1,37,1,38,0,35,3,37,5,33,6,30,8,29,11,27,10,24,9,21,9,21,11,16,10,14,10,10,13,12,10,5,8,6,11,6,8,7,8,0,10,-2,9,-3,5,-5,6,-6,5,-4,1,0,0,0,0,0,0,0,0,0,0,0,0,0,0,0,0,0,0,0,0,0,0,18,-6,17,-9,20,-5,23,-1,24,0,27,3,29,7,28,9,31,11,31,13,31,15,33,21,33,23,31,22,33,29,31,30,30,36,29,35,30,42,26,47,27,46,24,48,22,50,21,55,21,56,17,59,17,61,13,59,13,62,9,64,7,64,6,66,2,64,5,66,2,71,3,66,4,65,3,66,2,67,5,69,3,74,7,73,2,75,2,75,4,78,7,82,-1,83,0,83,-4,83,-3,83,-1,82,-4,88,-4,87,-8,81,-11,85,-14,85,-17,81,0,0]"
CSI_DATA,318,1a:00:00:00:00:00,-45,11,1,0,1,1,1,0,0,0,1,-96,0,11,2,4410095,0,44,0,384,0,"[0,0,0,0,0,0,0,0,0,0,0,0,-1,11,-1,11,0,10,0,11,0,10,0,10,0,9,1,9,0,9,1,9,1,9,1,9,2,8,2,8,2,8,2,8,2,8,1,7,2,8,2,7,2,7,2,7,1,7,2,7,2,7,1,7,0,0,1,7,1,7,1,7,0,6,0,6,0,6,-1,6,-1,5,-2,5,-2,4,-2,4,-2,4,-2,3,-2,3,-2,2,-2,2,-2,2,-2,1,-2,1,-2,0,-2,0,-2,0,-2,-1,-2,-1,-1,-1,-1,-1,0,0,0,0,0,0,0,0,0,0,0,0,0,0,-10,73,-10,72,-9,61,-10,64,-7,64,-6,59,-6,56,-6,58,-1,55,-5,56,-2,53,1,51,1,50,2,52,3,48,3,48,5,46,4,49,5,44,9,47,5,41,8,45,9,43,8,40,6,39,7,45,7,44,5,41,6,39,6,42,4,39,4,38,3,40,2,34,0,36,-1,36,-5,34,-1,31,-5,31,-9,28,-10,24,-10,21,-11,24,-9,18,-11,16,-12,13,-10,13,-10,9,-13,8,-9,6,-11,4,-9,2,-8,0,-6,-4,-3,-5,-4,-5,-4,-8,0,0,0,0,0,0,0,0,0,0,0,0,0,0,0,0,0,0,0,0,0,0,8,16,6,18,6,18,5,21,0,27,-1,24,-3,29,-2,28,-6,33,-10,31,-13,34,-17,35,-17,33,-20,35,-26,36,-25,37,-30,37,-33,34,-37,36,-41,31,-43,29,-46,31,-50,30,-49,28,-55,28,-58,25,-58,26,-58,22,-63,16,-63,17,-62,15,-60,13,-66,16,-67,15,-66,14,-67,13,-65,13,-67,15,-66,12,-69,14,-70,14,-74,14,-73,14,-76,14,-76,15,-81,10,-81,11,-80,8,-83,8,-83,7,-86,4,-87,4,-84,3,-82,0,-81,-5,-86,-6,-87,-9,0,0]"
CSI_DATA,319,1a:00:00:00:00:00,-45,11,1,0,1,1,1,0,0,0,1,-96,0,11,2,4422230,0,44,0,384,0,"[0,0,0,0,0,0,0,0,0,0,0,0,8,-9,8,-8,7,-7,7,-8,6,-7,7,-8,6,-8,6,-8,6,-7,5,-7,5,-8,5,-7,4,-7,4,-7,4,-7,5,-8,4,-8,4,-7,4,-7,4,-7,4,-7,4,-7,4,-7,4,-7,4,-7,4,-7,0,0,4,-6,4,-6,4,-6,4,-6,4,-5,4,-5,4,-4,4,-4,4,-3,4,-3,4,-2,3,-2,3,-1,3,-1,3,-1,2,-1,2,0,2,0,1,0,1,0,1,0,0,0,0,0,0,0,-1,0,-1,1,0,0,0,0,0,0,0,0,0,0,0,0,0,0,60,-43,55,-42,53,-43,49,-38,51,-38,47,-41,47,-37,44,-42,42,-33,40,-36,38,-33,37,-37,35,-35,32,-35,33,-38,31,-38,34,-34,29,-36,31,-35,29,-34,28,-34,27,-36,25,-38,26,-37,26,-34,26,-36,24,-34,26,-36,27,-33,25,-33,24,-31,25,-33,25,-33,28,-27,27,-27,26,-24,24,-19,26,-19,25,-19,24,-16,22,-12,23,-8,20,-10,17,-4,18,-5,18,-2,14,-2,13,-3,12,2,10,4,7,3,5,2,3,2,3,5,2,4,-5,5,-3,5,0,0,0,0,0,0,0,0,0,0,0,0,0,0,0,0,0,0,0,0,0,0,3,-19,7,-20,12,-21,14,-21,15,-18,17,-18,18,-18,21,-18,25,-19,28,-19,31,-17,35,-13,36,-14,38,-8,41,-13,43,-9,46,-2,49,0,52,-1,50,5,54,7,55,12,53,12,57,18,56,22,58,20,55,26,59,28,56,27,58,33,54,28,56,34,56,36,56,38,58,39,57,37,53,35,57,39,56,40,56,39,64,43,59,40,61,44,61,47,64,45,62,42,63,48,64,55,61,50,62,55,58,57,65,57,62,60,56,61,55,58,51,62,51,64,0,0]"
CSI_DATA,320,1a:00:00:00:00:00,-45,11,1,0,1,1,1,0,0,0,1,-96,0,11,2,4462906,0,44,0,384,0,"[0,0,0,0,0,0,0,0,0,0,0,0,1,-12,1,-12,0,-12,0,-11,0,-11,0,-10,0,-11,0,-10,0,-10,-1,-10,-1,-10,-1,-9,-2,-9,-1,-9,-1,-9,-1,-9,-2,-9,-1,-9,-2,-9,-2,-9,-2,-8,-2,-9,-1,-9,-1,-8,-1,-8,-1,-8,0,0,-1,-8,-1,-8,0,-8,0,-8,0,-7,1,-7,1,-6,1,-6,1,-5,1,-5,2,-4,2,-4,2,-4,1,-3,1,-3,1,-2,1,-2,1,-2,1,-1,1,-1,1,-1,1,0,1,0,0,0,0,0,-1,0,0,0,0,0,0,0,0,0,0,0,0,0,0,0,-4,-77,-9,-69,-7,-68,-8,-68,-10,-69,-10,-64,-7,-61,-8,-59,-6,-58,-10,-54,-13,-56,-17,-53,-11,-52,-15,-52,-16,-50,-18,-47,-12,-45,-15,-47,-16,-46,-18,-45,-21,-45,-15,-44,-20,-41,-16,-41,-16,-41,-16,-42,-17,-42,-13,-39,-16,-40,-15,-40,-16,-41,-16,-41,-11,-38,-11,-35,-10,-35,-6,-35,-5,-35,-3,-31,-1,-32,0,-30,4,-28,1,-27,3,-22,6,-20,6,-19,8,-17,6,-12,5,-12,7,-12,10,-9,9,-6,8,-6,5,-1,9,-5,6,-1,4,2,-1,3,0,0,0,0,0,0,0,0,0,0,0,0,0,0,0,0,0,0,0,0,0,0,-13,-14,-14,-17,-13,-21,-11,-21,-11,-27,-8,-27,-2,-27,-3,-31,0,-32,-1,-33,2,-36,6,-37,7,-39,10,-41,13,-42,17,-44,21,-45,23,-44,27,-43,31,-47,33,-43,35,-44,42,-44,41,-41,46,-39,47,-40,51,-40,54,-37,55,-34,56,-32,58,-31,57,-30,57,-29,57,-33,60,-26,63,-29,62,-32,62,-34,62,-31,61,-34,68,-32,62,-31,67,-31,71,-30,71,-31,74,-28,73,-30,80,-30,78,-30,78,-28,85,-27,85,-28,80,-21,83,-25,82,-19,83,-17,83,-15,0,0]"
CSI_DATA,321,1a:00:00:00:00:00,-45,11,1,0,1,1,1,0,0,0,1,-96,0,11,2,4463143,0,44,0,384,0,"[0,0,0,0,0,0,0,0,0,0,0,0,3,11,2,10,3,10,3,10,3,10,3,9,3,9,3,9,3,8,4,8,3,8,4,8,4,7,4,7,4,7,4,7,4,7,3,7,4,6,4,7,4,6,4,6,3,6,4,6,4,6,3,6,0,0,3,6,3,6,2,6,2,6,2,6,1,6,1,5,0,5,0,5,0,4,-1,4,-1,4,-1,3,-1,3,-1,2,-1,2,-2,2,-2,1,-2,1,-2,1,-2,0,-2,0,-2,0,-2,-1,-1,-1,-1,-1,0,0,0,0,0,0,0,0,0,0,0,0,0,0,24,70,23,66,24,62,21,62,21,63,19,59,24,55,19,53,21,54,24,52,20,45,22,49,24,45,21,46,24,44,23,46,28,43,24,40,24,39,31,40,27,37,23,38,25,35,25,34,25,35,23,34,22,35,22,33,18,34,20,34,22,37,17,32,16,32,15,33,12,34,11,34,10,29,6,32,5,28,7,31,0,29,0,24,-2,22,-1,19,-3,20,-6,16,-4,14,-4,13,-5,11,-9,8,-6,9,-10,6,-4,5,-6,-1,-6,-1,-6,-4,-5,-6,0,0,0,0,0,0,0,0,0,0,0,0,0,0,0,0,0,0,0,0,0,0,20,8,17,13,17,14,15,15,16,18,12,22,9,24,9,25,9,31,9,30,5,36,0,38,2,40,1,43,-2,43,-4,44,-7,45,-16,48,-16,50,-19,49,-25,47,-27,51,-29,52,-35,49,-37,49,-39,51,-41,48,-44,47,-43,49,-46,48,-45,43,-45,40,-50,47,-53,44,-52,44,-52,43,-52,41,-52,46,-54,42,-53,44,-57,43,-59,44,-56,47,-58,52,-60,46,-66,52,-65,45,-67,46,-71,47,-73,45,-73,42,-75,45,-80,42,-76,40,-76,37,-78,36,-76,35,0,0]"
CSI_DATA,322,1a:00:00:00:00:00,-45,11,1,0,1,1,1,0,0,0,1,-96,0,11,2,4480113,0,44,0,384,0,"[0,0,0,0,0,0,0,0,0,0,0,0,3,10,3,10,4,10,4,10,3,9,3,9,4,8,4,8,4,8,4,8,3,8,4,7,4,7,4,7,4,7,4,6,4,7,4,6,4,6,5,6,4,6,5,6,4,6,4,6,4,6,3,6,0,0,3,6,3,6,3,6,2,5,2,6,2,5,1,5,1,5,0,4,0,4,0,4,-1,4,-1,3,-1,3,-1,3,-1,2,-1,2,-1,2,-2,1,-2,1,-2,0,-2,0,-2,0,-2,-1,-1,-1,-1,-1,0,0,0,0,0,0,0,0,0,0,0,0,0,0,36,65,30,65,32,60,27,61,30,59,28,55,33,52,29,52,30,47,32,48,32,47,27,44,30,42,27,40,32,42,29,39,32,36,31,34,28,35,32,34,33,35,31,30,31,32,32,34,25,32,27,28,29,33,30,28,28,30,26,31,26,30,22,32,23,29,21,30,22,29,18,29,17,28,15,28,9,28,9,28,7,27,4,24,1,24,2,20,1,20,0,20,-4,17,-1,15,-4,11,-6,9,-7,7,-11,7,-7,6,-5,1,-5,0,-3,-4,-6,-6,0,0,0,0,0,0,0,0,0,0,0,0,0,0,0,0,0,0,0,0,0,0,18,9,17,11,18,10,17,16,17,18,15,18,14,23,14,28,14,27,11,30,8,34,9,37,9,39,2,40,3,45,0,45,-3,50,-6,47,-11,51,-14,52,-16,50,-16,54,-23,51,-25,55,-28,54,-31,57,-31,51,-33,55,-35,56,-35,52,-41,50,-44,51,-45,51,-44,49,-44,50,-48,50,-45,53,-47,52,-48,53,-47,55,-47,54,-50,55,-53,54,-52,58,-55,55,-55,53,-60,55,-62,54,-64,57,-66,55,-66,52,-64,58,-69,51,-68,50,-67,49,-70,46,-74,44,0,0]"
CSI_DATA,323,1a:00:00:00:00:00,-44,11,1,0,1,1,1,0,0,0,1,-96,0,11,2,4490101,0,44,0,384,0,"[0,0,0,0,0,0,0,0,0,0,0,0,5,-11,5,-10,4,-10,4,-10,4,-10,4,-10,3,-10,3,-9,3,-9,3,-9,3,-9,3,-9,2,-9,2,-9,2,-9,2,-9,2,-9,2,-8,1,-8,1,-8,1,-8,1,-8,1,-8,1,-8,2,-8,2,-8,0,0,2,-8,2,-7,2,-7,2,-6,2,-6,2,-6,2,-6,2,-5,3,-5,3,-4,3,-4,2,-3,3,-3,2,-2,2,-2,2,-2,2,-2,2,-1,2,-1,1,-1,1,0,1,0,0,0,0,0,0,0,0,0,0,0,0,0,0,0,0,0,0,0,0,0,0,0,49,-58,45,-57,45,-59,42,-53,39,-55,38,-48,35,-47,32,-50,33,-44,32,-51,28,-45,27,-46,22,-48,21,-46,24,-47,20,-46,22,-47,17,-44,20,-47,18,-42,20,-45,16,-43,15,-43,16,-37,15,-44,16,-41,14,-42,16,-40,14,-40,14,-40,15,-40,17,-39,19,-35,15,-30,19,-35,18,-27,20,-29,20,-29,21,-23,22,-21,20,-19,17,-18,16,-14,16,-14,16,-8,15,-10,15,-6,13,-4,8,-2,10,-3,13,0,8,1,7,4,3,3,4,2,1,3,-1,4,0,0,0,0,0,0,0,0,0,0,0,0,0,0,0,0,0,0,0,0,0,0,4,-21,7,-21,4,-22,11,-22,10,-23,14,-21,18,-24,20,-19,22,-20,25,-23,29,-20,30,-21,35,-20,38,-20,41,-19,43,-14,46,-10,46,-9,51,-9,53,-4,53,-4,58,2,56,3,59,4,61,6,63,10,60,9,62,16,60,15,64,19,61,21,62,22,60,27,61,24,60,29,63,27,63,24,66,22,65,22,67,25,68,25,67,23,70,27,69,26,73,31,70,29,71,36,75,36,74,36,73,36,74,37,75,41,76,43,71,43,70,44,67,46,70,49,0,0]"
CSI_DATA,324,1a:00:00:00:00:00,-45,11,1,0,1,1,1,0,0,0,1,-96,0,11,2,4500116,0,44,0,384,0,"[0,0,0,0,0,0,0,0,0,0,0,0,-8,-9,-8,-8,-8,-8,-8,-8,-8,-8,-8,-7,-8,-7,-8,-7,-7,-7,-8,-7,-7,-6,-7,-5,-8,-6,-7,-6,-7,-5,-8,-5,-7,-5,-7,-5,-7,-5,-7,-5,-7,-5,-7,-5,-7,-4,-7,-5,-7,-4,-6,-4,0,0,-6,-4,-6,-5,-6,-5,-5,-5,-5,-5,-4,-5,-4,-5,-4,-5,-3,-5,-3,-4,-3,-4,-2,-4,-2,-4,-1,-4,-1,-3,-1,-3,-1,-3,-1,-3,0,-2,0,-2,0,-2,0,-2,0,-1,0,-1,0,-1,0,0,0,0,0,0,0,0,0,0,0,0,0,0,0,0,-52,-52,-49,-55,-47,-51,-44,-50,-45,-48,-44,-45,-42,-46,-42,-43,-42,-40,-43,-38,-40,-39,-38,-34,-37,-37,-37,-32,-39,-29,-40,-34,-41,-31,-40,-30,-42,-26,-36,-26,-39,-26,-40,-26,-39,-24,-37,-21,-37,-26,-36,-26,-36,-24,-38,-23,-36,-23,-35,-23,-33,-28,-33,-29,-30,-25,-30,-26,-28,-26,-25,-27,-23,-26,-19,-26,-15,-28,-18,-23,-14,-20,-12,-23,-8,-20,-12,-18,-9,-19,-4,-18,-5,-18,-3,-13,-1,-15,0,-10,5,-11,2,-10,5,-5,4,-6,6,-3,3,-1,4,1,0,0,0,0,0,0,0,0,0,0,0,0,0,0,0,0,0,0,0,0,0,0,-17,-3,-20,-6,-22,-9,-25,-12,-22,-14,-23,-16,-21,-19,-22,-20,-20,-24,-21,-29,-20,-30,-20,-31,-19,-36,-20,-39,-19,-44,-10,-43,-7,-47,-7,-49,-7,-53,-2,-56,-4,-54,4,-56,6,-58,3,-62,7,-59,12,-60,16,-62,17,-63,17,-62,24,-65,25,-59,40,-61,30,-55,26,-62,38,-55,28,-63,31,-62,30,-60,30,-62,27,-67,34,-70,29,-63,34,-68,34,-70,39,-72,36,-67,42,-70,42,-70,46,-72,43,-73,47,-71,45,-71,53,-67,52,-64,51,-67,58,-67,55,-60,0,0]"
CSI_DATA,325,1a:00:00:00:00:00,-45,11,1,0,1,1,1,0,0,0,1,-96,0,11,2,4513026,0,44,0,384,0,"[0,0,0,0,0,0,0,0,0,0,0,0,11,-2,10,-2,10,-2,10,-2,9,-2,9,-2,9,-3,9,-3,8,-3,8,-2,8,-3,8,-3,7,-3,7,-3,7,-3,7,-3,7,-4,7,-3,7,-3,6,-3,7,-3,6,-3,7,-3,6,-3,6,-3,6,-3,0,0,6,-3,6,-2,6,-2,6,-2,5,-1,5,-1,5,-1,5,0,4,0,4,0,4,0,3,0,3,1,2,1,2,1,2,1,1,1,1,1,1,1,0,1,0,1,0,1,-1,0,-1,1,-1,0,-1,0,0,0,0,0,0,0,0,0,0,0,0,0,0,0,75,-10,73,-7,71,-11,67,-6,61,-8,60,-4,61,-7,61,-6,54,-11,56,-12,55,-11,54,-9,51,-14,50,-9,48,-13,49,-15,49,-14,47,-12,45,-12,43,-15,42,-17,43,-17,38,-18,39,-14,40,-13,40,-15,40,-18,40,-17,43,-12,38,-13,38,-13,39,-12,37,-12,35,-12,35,-7,35,-6,33,-5,32,-3,32,-3,29,2,27,2,24,2,22,6,20,3,17,7,16,5,14,6,9,6,10,7,10,4,8,7,4,10,2,5,1,5,-3,9,-5,4,-2,0,0,0,0,0,0,0,0,0,0,0,0,0,0,0,0,0,0,0,0,0,0,0,18,-12,78,-25,24,-16,23,-11,25,-8,26,-5,27,-5,28,-4,32,-2,34,-1,32,6,33,8,40,10,41,10,40,12,39,20,45,23,42,26,41,28,40,31,41,35,42,40,41,42,38,44,37,49,40,51,39,54,35,54,31,55,34,56,28,58,33,60,26,62,27,59,22,64,28,64,28,62,27,62,26,63,33,66,28,67,29,67,30,67,28,69,30,71,35,76,27,77,27,78,27,79,25,80,20,79,22,82,19,82,19,84,20,83,19,87,13,81,0,0]"
CSI_DATA,326,1a:00:00:00:00:00,-45,11,1,0,1,1,1,0,0,0,1,-96,0,11,2,4540062,0,44,0,384,0,"[0,0,0,0,0,0,0,0,0,0,0,0,8,7,8,6,8,7,7,7,8,6,7,6,7,5,7,5,7,5,7,5,7,4,6,4,7,5,7,4,6,4,6,4,6,3,6,4,6,4,6,3,6,3,6,3,6,3,6,3,6,4,5,3,0,0,5,3,5,4,4,4,4,4,4,4,3,4,3,4,3,4,2,3,2,4,2,3,1,3,1,3,0,3,0,2,0,2,0,2,0,2,-1,1,-1,1,-1,1,-1,1,-1,0,-1,0,-1,0,-1,-1,0,0,0,0,0,0,0,0,0,0,0,0,0,0,53,54,51,52,52,52,46,50,48,45,46,47,44,44,42,40,41,39,43,36,40,35,39,34,41,36,40,34,40,29,40,27,38,27,40,25,38,23,35,23,39,22,39,21,39,21,35,19,37,25,36,19,35,24,38,17,34,24,35,20,33,24,30,24,31,22,28,27,24,23,24,28,22,24,18,22,16,25,18,25,11,23,10,22,9,19,8,16,6,19,4,16,3,14,1,14,0,11,0,12,-2,9,-5,7,-3,4,-4,6,-4,1,-6,-1,-4,-1,0,0,0,0,0,0,0,0,0,0,0,0,0,0,0,0,0,0,0,0,0,0,19,3,19,1,20,5,23,6,20,9,23,10,22,17,23,20,23,20,21,22,22,25,24,28,23,32,20,36,19,38,16,45,11,47,10,46,11,51,6,56,7,52,3,56,3,53,-1,64,-3,61,-5,65,-14,62,-14,63,-15,64,-18,63,-22,61,-20,65,-22,62,-25,62,-25,64,-25,64,-27,63,-26,64,-27,67,-27,67,-29,67,-31,69,-35,69,-34,71,-34,70,-34,76,-37,72,-41,72,-42,73,-43,73,-46,72,-43,75,-51,70,-54,67,-55,67,-53,62,-52,65,0,0]"
CSI_DATA,327,1a:00:00:00:00:00,-45,11,1,0,1,1,1,0,0,0,1,-96,0,11,2,4550193,0,44,0,384,0,"[0,0,0,0,0,0,0,0,0,0,0,0,-9,-9,-9,-9,-8,-8,-8,-8,-8,-8,-8,-7,-8,-7,-8,-6,-8,-6,-8,-6,-7,-6,-8,-6,-8,-6,-8,-6,-8,-6,-7,-5,-8,-5,-7,-4,-8,-5,-7,-5,-7,-5,-7,-5,-7,-4,-7,-5,-7,-5,-7,-4,0,0,-6,-5,-6,-5,-6,-5,-5,-4,-5,-5,-4,-5,-5,-5,-4,-5,-4,-5,-3,-4,-3,-4,-2,-4,-2,-4,-2,-4,-2,-3,-1,-3,-1,-3,-1,-3,0,-2,0,-2,0,-2,0,-2,0,-1,0,-1,0,-1,0,0,0,0,0,0,0,0,0,0,0,0,0,0,0,0,-32,-67,-33,-63,-30,-62,-26,-64,-29,-58,-29,-59,-30,-55,-30,-53,-27,-55,-28,-51,-28,-47,-28,-46,-28,-42,-28,-42,-28,-44,-30,-42,-32,-40,-29,-37,-28,-36,-31,-36,-31,-37,-29,-37,-29,-33,-27,-37,-26,-33,-30,-36,-27,-34,-30,-35,-25,-31,-26,-30,-25,-31,-23,-34,-22,-30,-21,-31,-18,-31,-17,-29,-15,-27,-15,-32,-13,-31,-9,-26,-6,-25,-5,-26,-4,-25,0,-24,0,-17,-2,-15,0,-15,2,-16,2,-11,1,-10,4,-9,2,-7,3,-3,6,-3,4,-3,4,2,5,2,0,0,0,0,0,0,0,0,0,0,0,0,0,0,0,0,0,0,0,0,0,0,-18,-9,-17,-9,-18,-12,-18,-16,-17,-21,-16,-23,-15,-22,-13,-25,-13,-28,-11,-33,-10,-36,-10,-35,-10,-38,-5,-39,-4,-43,1,-43,3,-47,5,-52,5,-53,8,-52,14,-49,17,-58,21,-52,25,-55,28,-55,32,-57,33,-55,34,-55,35,-55,36,-55,40,-53,43,-54,42,-51,47,-52,46,-50,47,-51,45,-53,47,-53,48,-53,49,-55,52,-57,49,-53,56,-55,59,-59,54,-57,59,-57,60,-54,59,-56,64,-58,63,-57,67,-53,68,-55,73,-51,73,-44,71,-47,73,-45,74,-42,0,0]"
CSI_DATA,328,1a:00:00:00:00:00,-45,11,1,0,1,1,1,0,0,0,1,-96,0,11,2,4570158,0,44,0,384,0,"[0,0,0,0,0,0,0,0,0,0,0,0,6,-11,5,-11,5,-10,5,-10,4,-10,4,-10,4,-10,3,-9,3,-9,3,-9,3,-9,3,-9,2,-8,2,-8,2,-8,2,-9,2,-8,2,-8,2,-8,1,-8,1,-8,1,-8,2,-8,1,-8,2,-7,2,-7,0,0,2,-7,2,-7,2,-6,3,-6,3,-6,2,-6,3,-5,2,-5,3,-4,3,-4,3,-3,3,-3,3,-3,2,-3,2,-2,2,-2,2,-1,2,-1,1,-1,1,-1,1,0,1,0,0,0,0,0,0,0,-1,0,0,0,0,0,0,0,0,0,0,0,0,0,0,0,41,-62,41,-63,37,-61,38,-56,34,-56,35,-57,30,-49,33,-53,26,-50,28,-51,26,-47,26,-50,20,-49,22,-45,22,-47,19,-43,18,-47,15,-46,17,-43,17,-46,15,-46,15,-42,16,-43,11,-37,15,-43,15,-41,17,-41,12,-43,15,-41,14,-41,15,-37,14,-37,14,-32,13,-31,18,-31,20,-31,18,-26,18,-26,20,-20,19,-21,18,-22,18,-17,14,-14,16,-13,14,-12,17,-9,15,-8,12,-4,12,-3,11,-6,8,-1,9,-2,8,2,4,0,5,3,-1,5,-1,7,0,0,0,0,0,0,0,0,0,0,0,0,0,0,0,0,0,0,0,0,0,0,0,-17,1,-21,2,-21,5,-24,7,-24,9,-26,11,-23,13,-25,16,-25,21,-27,24,-26,27,-29,29,-24,32,-25,35,-27,39,-24,44,-23,41,-19,45,-22,48,-15,54,-13,50,-15,55,-8,63,-8,60,-4,62,-3,63,-1,64,-1,62,4,67,7,66,7,66,11,65,14,67,13,67,13,66,13,67,12,67,12,68,12,72,14,72,17,72,15,72,20,78,19,78,17,74,19,77,28,79,24,81,27,79,29,80,29,80,30,75,38,75,28,78,27,74,36,67,39,0,0]"
CSI_DATA,329,1a:00:00:00:00:00,-45,11,1,0,1,1,1,0,0,0,1,-96,0,11,2,4584005,0,44,0,384,0,"[0,0,0,0,0,0,0,0,0,0,0,0,9,-8,9,-8,8,-7,8,-7,7,-7,7,-7,7,-7,7,-7,7,-7,6,-7,6,-7,6,-7,5,-7,5,-6,5,-6,5,-7,5,-7,5,-7,4,-6,4,-6,4,-6,4,-6,4,-6,4,-6,4,-6,4,-6,0,0,5,-6,4,-5,4,-5,5,-5,4,-4,4,-4,4,-4,4,-3,4,-3,4,-2,4,-2,3,-2,3,-1,2,-1,3,-1,2,-1,2,-1,2,0,2,0,1,0,1,0,0,0,0,0,0,0,-1,0,-1,0,0,0,0,0,0,0,0,0,0,0,0,0,0,0,61,-49,55,-43,53,-44,55,-39,49,-42,48,-40,42,-37,47,-40,43,-37,44,-40,42,-35,37,-40,35,-38,33,-36,37,-35,31,-35,33,-37,32,-36,32,-36,30,-35,31,-37,28,-32,23,-34,25,-34,27,-36,26,-33,24,-33,24,-33,23,-33,23,-35,24,-27,25,-29,25,-26,29,-26,26,-27,27,-21,27,-22,23,-21,25,-16,25,-13,23,-14,24,-10,18,-7,19,-7,18,-5,17,-4,16,-4,14,0,12,2,9,-1,8,3,5,0,5,2,1,5,2,5,0,3,-2,6,0,0,0,0,0,0,0,0,0,0,0,0,0,0,0,0,0,0,0,0,0,0,3,-17,3,-20,7,-20,9,-21,13,-19,14,-23,16,-22,17,-20,21,-19,27,-17,29,-21,31,-19,32,-16,40,-15,36,-15,41,-13,46,-11,46,-8,49,-8,53,-4,52,0,58,4,54,6,60,9,58,11,61,12,59,14,59,19,56,24,62,23,59,23,61,28,60,30,59,32,63,30,61,31,60,31,62,29,61,31,62,32,66,38,65,38,68,39,63,39,67,40,73,40,70,43,70,49,70,50,65,52,66,50,67,54,64,61,61,56,59,57,63,65,58,60,0,0]"
CSI_DATA,330,1a:00:00:00:00:00,-45,11,1,0,1,1,1,0,0,0,1,-96,0,11,2,4590299,0,44,0,384,0,"[0,0,0,0,0,0,0,0,0,0,0,0,10,5,10,5,9,5,9,5,9,4,9,4,9,3,8,3,8,3,8,3,8,3,8,2,8,3,8,2,7,3,7,2,7,2,7,2,7,2,7,2,7,2,7,2,7,2,7,2,7,2,7,1,0,0,6,2,6,2,5,2,5,2,5,3,5,2,4,3,4,3,4,3,3,3,3,3,2,3,2,2,1,2,1,2,1,2,0,2,0,2,0,1,0,1,-1,1,-1,1,-1,0,-1,0,-1,0,-1,0,0,0,0,0,0,0,0,0,0,0,0,0,0,0,69,35,61,35,66,36,62,29,58,30,56,29,57,29,58,24,50,20,51,24,52,19,49,19,51,19,50,15,48,19,47,16,46,17,45,12,44,12,44,13,45,9,45,10,45,8,45,8,44,9,44,11,39,10,40,9,42,9,37,11,39,12,38,12,34,11,33,11,34,12,32,16,32,15,25,16,26,17,22,15,21,16,17,13,16,18,13,15,12,15,7,13,6,16,6,16,3,11,4,9,1,12,-2,8,0,4,-3,7,-2,1,-3,1,-3,-2,0,0,0,0,0,0,0,0,0,0,0,0,0,0,0,0,0,0,0,0,0,0,19,-4,20,-4,20,-4,24,-1,24,6,27,4,24,9,26,11,30,13,28,16,30,21,32,21,28,27,29,27,32,35,28,38,32,37,26,41,25,44,28,48,24,49,22,54,18,58,18,58,15,59,11,63,5,62,9,64,3,65,3,66,3,68,-4,69,-4,68,-1,70,-4,71,-1,70,-4,68,-3,73,-8,74,-6,75,-5,76,-7,75,-10,79,-9,83,-14,80,-6,83,-12,85,-15,86,-16,83,-18,84,-23,88,-27,84,-27,87,-27,80,-31,81,-35,79,-36,80,0,0]"
CSI_DATA,331,1a:00:00:00:00:00,-45,11,1,0,1,1,1,0,0,0,1,-96,0,11,2,4600402,0,44,0,384,0,"[0,0,0,0,0,0,0,0,0,0,0,0,-10,7,-9,6,-9,6,-8,6,-8,6,-8,6,-8,6,-7,6,-8,6,-7,6,-7,6,-7,6,-6,5,-6,6,-6,5,-6,6,-6,6,-6,6,-5,5,-5,6,-5,5,-5,5,-6,6,-5,5,-5,5,-5,5,0,0,-6,5,-5,5,-5,4,-6,4,-5,3,-5,3,-5,3,-5,2,-5,2,-5,1,-5,1,-4,1,-4,0,-4,0,-4,0,-3,0,-3,-1,-3,-1,-2,-1,-2,-1,-2,-1,-1,-1,-1,-1,-1,-1,-1,-1,0,-1,0,0,0,0,0,0,0,0,0,0,0,0,0,0,-65,42,-61,38,-63,41,-60,38,-54,34,-52,35,-50,32,-48,37,-49,34,-42,32,-44,30,-42,37,-40,32,-36,34,-40,32,-39,32,-39,34,-33,31,-35,29,-33,33,-32,33,-31,32,-29,34,-30,30,-27,31,-29,33,-29,29,-30,29,-32,26,-28,31,-29,28,-30,26,-29,25,-29,24,-27,22,-30,17,-25,18,-30,12,-29,12,-28,12,-24,10,-24,9,-24,5,-20,3,-20,1,-16,2,-18,4,-16,0,-14,0,-11,-4,-12,-2,-11,-7,-5,-3,-3,-5,-4,-6,0,-6,-1,-4,0,0,0,0,0,0,0,0,0,0,0,0,0,0,0,0,0,0,0,0,0,0,-5,19,-10,20,-11,15,-12,21,-16,18,-19,20,-18,20,-22,18,-24,16,-28,16,-31,15,-31,15,-39,11,-40,12,-44,8,-43,7,-45,2,-49,3,-50,3,-52,-6,-56,-8,-55,-8,-57,-13,-58,-18,-60,-19,-60,-19,-58,-22,-58,-27,-58,-27,-61,-29,-56,-28,-57,-33,-58,-37,-58,-35,-58,-36,-60,-39,-58,-38,-57,-39,-60,-39,-57,-40,-61,-41,-63,-42,-62,-42,-65,-46,-64,-49,-68,-52,-63,-50,-64,-52,-65,-55,-62,-60,-63,-57,-59,-60,-61,-64,-59,-62,-54,-65,-51,-68,-50,-70,0,0]"
CSI_DATA,332,1a:00:00:00:00:00,-45,11,1,0,1,1,1,0,0,0,1,-96,0,11,2,4620184,0,44,0,384,0,"[0,0,0,0,0,0,0,0,0,0,0,0,-12,0,-12,0,-11,0,-11,0,-11,0,-11,0,-11,1,-10,1,-10,1,-10,1,-9,1,-9,1,-9,1,-9,1,-9,1,-9,2,-8,2,-8,1,-8,1,-8,2,-8,1,-8,1,-8,1,-8,1,-8,1,-8,1,0,0,-8,1,-7,0,-7,0,-7,0,-7,-1,-7,-1,-6,-1,-6,-1,-5,-1,-5,-2,-5,-2,-4,-2,-4,-2,-4,-2,-3,-2,-3,-2,-2,-2,-2,-2,-2,-2,-2,-2,-1,-2,-1,-2,-1,-2,0,-2,0,-1,0,-1,0,0,0,0,0,0,0,0,0,0,0,0,0,0,-74,4,-72,5,-71,4,-66,2,-62,5,-63,3,-62,3,-60,8,-55,5,-58,9,-55,10,-55,12,-55,13,-51,10,-50,9,-49,11,-48,12,-45,10,-43,13,-43,16,-43,15,-41,14,-44,15,-36,14,-43,12,-42,13,-38,11,-43,16,-40,12,-43,13,-37,15,-36,11,-37,10,-35,7,-38,8,-37,4,-35,2,-33,1,-33,0,-29,-2,-27,-5,-25,-3,-22,-6,-22,-5,-17,-3,-17,-8,-15,-6,-14,-8,-11,-9,-9,-6,-9,-8,-1,-7,-4,-5,-1,-7,-1,-5,3,-7,1,-2,0,0,0,0,0,0,0,0,0,0,0,0,0,0,0,0,0,0,0,0,0,0,-15,11,-15,13,-18,9,-20,6,-24,9,-25,4,-27,4,-27,2,-31,0,-33,-5,-37,-3,-35,-6,-39,-7,-38,-13,-43,-17,-41,-15,-44,-18,-40,-27,-44,-28,-41,-34,-40,-33,-41,-39,-40,-42,-42,-46,-38,-47,-39,-49,-34,-49,-35,-55,-36,-54,-35,-58,-34,-58,-31,-58,-29,-64,-28,-61,-28,-62,-31,-61,-28,-60,-32,-65,-33,-63,-30,-64,-30,-69,-28,-69,-32,-75,-30,-72,-30,-73,-29,-72,-31,-78,-28,-78,-24,-80,-27,-80,-25,-82,-24,-82,-18,-84,-18,-85,-16,-87,-14,-87,-13,-82,0,0]"
CSI_DATA,333,1a:00:00:00:00:00,-44,11,1,0,1,1,1,0,0,0,1,-96,0,11,2,4630194,0,44,0,384,0,"[0,0,0,0,0,0,0,0,0,0,0,0,-2,11,-2,10,-1,10,-1,10,-1,10,-1,9,-1,9,-1,9,-1,9,-1,8,0,8,0,8,0,8,0,8,0,8,0,8,0,7,0,7,1,7,0,7,0,7,0,7,0,7,1,7,1,7,0,7,0,0,-1,7,0,6,0,6,-1,6,-1,6,-2,5,-2,5,-2,5,-2,4,-2,4,-2,3,-2,3,-2,3,-2,3,-3,2,-2,2,-3,2,-2,1,-2,1,-2,0,-2,0,-2,0,-2,-1,-1,-1,-1,-1,-1,-1,0,0,0,0,0,0,0,0,0,0,0,0,0,0,-22,72,-21,68,-14,68,-19,64,-13,65,-17,60,-15,60,-11,58,-12,57,-6,54,-7,53,-8,51,-9,50,-4,48,-2,53,-2,50,-2,48,1,46,2,45,1,44,0,45,3,46,5,42,2,42,2,40,1,44,5,40,7,43,0,41,2,43,3,42,1,38,-2,37,0,37,-3,36,-4,35,-7,34,-6,29,-10,28,-8,28,-10,21,-12,24,-11,21,-9,19,-12,17,-10,15,-15,14,-8,12,-12,7,-7,4,-10,3,-9,2,-8,3,-9,1,-6,-2,-7,-5,-4,-7,0,0,0,0,0,0,0,0,0,0,0,0,0,0,0,0,0,0,0,0,0,0,4,16,4,18,0,21,1,22,0,23,-1,23,-2,25,-10,27,-9,26,-10,31,-14,29,-19,30,-18,33,-24,34,-29,33,-30,34,-33,32,-36,32,-42,31,-44,27,-46,27,-49,27,-53,28,-52,28,-54,19,-57,20,-62,17,-63,20,-61,15,-66,15,-66,14,-64,11,-66,8,-68,6,-70,6,-69,2,-68,9,-68,9,-70,8,-75,10,-77,5,-70,9,-75,4,-78,7,-81,6,-80,6,-81,2,-82,4,-84,1,-86,-1,-85,-1,-89,-3,-90,-8,-85,-5,-87,-7,-83,-13,-83,-15,0,0]"
CSI_DATA,334,1a:00:00:00:00:00,-44,11,1,0,1,1,1,0,0,0,1,-96,0,11,2,4641649,0,44,0,384,0,"[0,0,0,0,0,0,0,0,0,0,0,0,3,-12,3,-11,2,-11,2,-11,2,-11,2,-10,2,-10,2,-10,1,-10,1,-10,1,-10,1,-9,0,-9,0,-9,0,-9,0,-9,0,-9,0,-9,-1,-8,0,-9,0,-8,0,-8,0,-8,-1,-8,0,-8,0,-8,0,0,0,-8,0,-8,0,-7,1,-7,1,-7,1,-7,1,-7,1,-6,2,-5,2,-5,2,-4,2,-4,2,-4,2,-3,2,-3,2,-2,2,-2,1,-2,1,-2,1,-1,1,-1,1,-1,1,0,0,0,0,0,0,0,0,0,0,0,0,0,0,0,0,0,0,0,0,0,25,-72,24,-66,22,-66,24,-64,15,-62,17,-62,17,-56,16,-59,13,-54,13,-59,12,-56,11,-51,11,-55,13,-49,7,-50,6,-49,4,-54,4,-48,5,-48,2,-48,2,-47,3,-45,-1,-45,0,-42,1,-40,0,-43,-1,-44,-4,-43,1,-42,-1,-47,0,-41,3,-43,4,-36,1,-38,6,-37,8,-36,8,-32,6,-30,9,-29,11,-27,9,-24,13,-24,9,-18,13,-19,13,-19,14,-14,12,-12,8,-12,11,-9,6,-8,7,-6,10,-3,5,-2,5,3,3,2,5,3,3,5,0,0,0,0,0,0,0,0,0,0,0,0,0,0,0,0,0,0,0,0,0,0,-5,-19,-1,-19,-1,-21,2,-23,5,-24,7,-25,9,-24,10,-29,14,-28,15,-28,18,-27,21,-29,25,-31,29,-30,32,-27,31,-28,39,-30,44,-26,44,-27,48,-23,45,-22,52,-21,55,-19,57,-17,57,-14,62,-12,61,-9,64,-12,63,-10,65,-6,63,-2,65,0,66,0,66,-4,69,1,72,1,66,0,71,-1,71,1,72,-3,76,0,71,4,76,0,79,1,79,2,82,4,83,5,80,6,85,5,82,10,86,13,84,10,85,13,81,16,83,18,80,24,78,19,0,0]"
CSI_DATA,335,1a:00:00:00:00:00,-45,11,1,0,1,1,1,0,0,0,1,-96,0,11,2,4651565,0,44,0,384,0,"[0,0,0,0,0,0,0,0,0,0,0,0,12,-2,11,-3,11,-2,10,-2,10,-2,10,-3,10,-3,9,-3,9,-3,9,-3,9,-3,8,-4,8,-3,8,-3,8,-3,8,-4,7,-4,7,-4,7,-3,7,-4,7,-4,7,-4,7,-4,7,-4,7,-4,7,-4,0,0,7,-4,6,-3,6,-3,6,-3,6,-2,6,-2,6,-1,5,-1,5,-1,5,0,4,0,4,0,3,0,3,0,3,0,3,0,2,0,2,1,1,1,1,1,1,1,0,1,0,1,-1,1,-1,1,-1,0,0,0,0,0,0,0,0,0,0,0,0,0,0,0,70,5,68,9,67,7,63,8,62,6,61,1,58,0,56,1,57,0,55,3,54,2,52,1,51,-1,51,-1,45,-3,48,-8,48,-6,44,-7,46,-8,47,-6,43,-8,43,-7,42,-11,41,-4,42,-4,41,-7,40,-8,41,-8,41,-9,38,-8,38,-9,40,-3,39,-6,38,-3,35,-1,34,-1,33,0,34,4,31,7,25,7,27,4,25,7,21,10,20,6,17,9,14,9,11,7,10,9,7,8,5,8,6,11,5,9,1,7,0,6,-1,7,-2,4,-1,1,0,0,0,0,0,0,0,0,0,0,0,0,0,0,0,0,0,0,0,0,0,0,12,-8,16,-8,18,-9,21,-8,23,-5,24,-5,26,-2,25,-1,29,5,28,3,33,8,35,10,35,15,37,15,37,18,35,21,38,24,37,32,37,33,36,40,34,43,32,43,32,45,36,46,31,48,33,50,30,53,28,56,26,55,27,61,19,58,20,62,19,60,22,64,17,64,14,63,18,64,21,61,22,66,18,66,20,68,19,68,17,71,17,73,17,74,15,75,11,78,12,81,11,82,8,83,13,79,13,81,4,83,0,82,3,83,2,87,2,83,0,0]"
CSI_DATA,336,1a:00:00:00:00:00,-45,11,1,0,1,1,1,0,0,0,1,-96,0,11,2,4662462,0,44,0,384,0,"[0,0,0,0,0,0,0,0,0,0,0,0,7,8,7,7,7,7,7,7,7,7,7,6,7,6,7,5,7,5,7,5,6,5,6,5,7,4,6,4,7,4,6,4,6,4,6,4,6,4,7,4,6,3,6,3,6,3,6,4,6,3,6,3,0,0,5,3,5,4,5,4,5,3,4,4,4,4,4,4,3,4,3,3,2,3,2,3,1,3,1,3,1,3,1,2,0,2,0,2,0,2,0,1,-1,1,-1,1,-1,1,-1,0,-1,0,-1,0,-2,-1,0,0,0,0,0,0,0,0,0,0,0,0,0,0,40,63,39,60,38,55,34,54,32,54,35,50,32,48,34,48,33,47,32,46,32,42,32,40,34,38,30,36,33,35,31,35,33,36,34,30,34,30,32,31,34,28,31,29,33,28,30,29,30,28,30,25,31,26,28,26,28,27,31,27,29,26,29,27,26,25,26,25,27,27,22,29,22,29,18,30,15,27,11,28,10,25,11,21,7,23,5,21,4,21,-1,19,1,19,0,15,-3,12,-4,9,-7,11,-4,7,-7,4,-6,3,-7,4,-9,-1,-5,-5,0,0,0,0,0,0,0,0,0,0,0,0,0,0,0,0,0,0,0,0,0,0,11,5,14,8,16,8,18,12,16,15,18,16,15,23,15,22,15,24,12,30,14,30,10,34,10,36,9,35,7,41,2,44,4,47,-2,47,-4,49,-11,49,-12,50,-14,53,-17,52,-20,53,-24,54,-24,57,-27,52,-30,54,-32,54,-34,55,-36,56,-37,53,-37,53,-36,53,-40,51,-40,52,-37,54,-41,54,-41,53,-41,57,-45,56,-48,55,-47,59,-46,58,-46,56,-55,60,-54,59,-55,61,-56,60,-57,58,-61,60,-61,62,-61,59,-65,55,-66,56,-68,50,-66,52,0,0]"
CSI_DATA,337,1a:00:00:00:00:00,-45,11,1,0,1,1,1,0,0,0,1,-96,0,11,2,4670140,0,44,0,384,0,"[0,0,0,0,0,0,0,0,0,0,0,0,-1,-12,-1,-12,-2,-11,-2,-11,-2,-11,-2,-11,-2,-10,-2,-10,-2,-10,-2,-10,-2,-10,-2,-9,-2,-9,-2,-9,-3,-8,-2,-8,-2,-8,-2,-8,-3,-8,-3,-8,-3,-8,-3,-8,-2,-8,-3,-8,-2,-8,-2,-8,0,0,-2,-8,-1,-7,-1,-7,-1,-7,-1,-7,0,-7,0,-6,0,-6,1,-6,0,-5,1,-5,1,-4,1,-4,1,-4,1,-3,1,-3,1,-3,1,-2,1,-2,1,-1,1,-1,1,-1,1,-1,1,0,0,0,0,0,0,0,0,0,0,0,0,0,0,0,0,0,0,0,-4,-75,-7,-75,-6,-71,-7,-69,-7,-68,-8,-63,-6,-63,-9,-63,-2,-59,-8,-55,-11,-57,-12,-52,-12,-57,-10,-51,-10,-51,-13,-48,-14,-49,-12,-47,-13,-45,-13,-44,-15,-49,-13,-44,-14,-40,-14,-42,-13,-44,-15,-40,-18,-41,-14,-39,-11,-42,-11,-40,-13,-38,-11,-37,-12,-38,-9,-34,-5,-35,-5,-36,-5,-35,-7,-34,-2,-35,0,-33,2,-30,7,-29,3,-23,7,-21,5,-17,6,-19,6,-17,7,-11,7,-13,8,-10,9,-7,6,-8,9,-5,9,-1,1,1,4,3,4,3,0,0,0,0,0,0,0,0,0,0,0,0,0,0,0,0,0,0,0,0,0,0,-10,-14,-11,-16,-11,-21,-11,-21,-8,-22,-8,-24,-6,-26,-6,-29,-2,-31,-3,-32,4,-33,8,-38,9,-38,11,-42,15,-41,16,-39,18,-40,24,-41,29,-45,31,-40,29,-43,34,-43,40,-42,42,-41,46,-36,49,-44,50,-39,56,-38,52,-37,56,-35,56,-32,55,-32,58,-33,59,-33,57,-35,61,-33,62,-35,64,-32,66,-31,63,-34,67,-32,70,-31,70,-34,72,-34,74,-31,75,-35,75,-32,76,-32,81,-32,82,-28,82,-25,85,-22,85,-18,82,-19,86,-15,84,-17,81,-18,0,0]"
CSI_DATA,338,1a:00:00:00:00:00,-44,11,1,0,1,1,1,0,0,0,1,-96,0,11,2,4680187,0,44,0,384,0,"[0,0,0,0,0,0,0,0,0,0,0,0,-2,-12,-2,-12,-3,-12,-2,-11,-3,-11,-2,-11,-3,-10,-3,-10,-3,-10,-3,-9,-3,-9,-3,-9,-4,-9,-4,-9,-4,-8,-3,-9,-4,-8,-3,-8,-4,-8,-4,-8,-4,-8,-4,-8,-3,-7,-4,-8,-3,-8,-3,-8,0,0,-3,-7,-3,-8,-3,-7,-2,-7,-2,-7,-2,-7,-1,-7,-1,-6,0,-6,0,-5,0,-5,0,-5,0,-4,0,-4,0,-4,1,-3,1,-3,1,-2,1,-2,1,-2,1,-1,1,-1,1,-1,1,-1,1,0,0,0,0,0,0,0,0,0,0,0,0,0,0,0,0,0,-2,-77,2,-74,2,-74,3,-71,0,-65,-3,-62,-4,-61,-3,-60,-8,-55,-6,-57,-5,-58,-4,-53,-6,-56,-7,-52,-9,-51,-10,-48,-12,-50,-12,-46,-12,-46,-14,-43,-13,-46,-11,-45,-13,-43,-13,-44,-11,-41,-11,-41,-12,-43,-16,-41,-12,-40,-10,-42,-14,-41,-9,-41,-8,-40,-7,-38,-6,-38,-3,-35,-3,-34,-1,-36,2,-28,4,-30,3,-27,4,-25,6,-23,6,-21,5,-20,8,-16,5,-15,10,-13,9,-13,9,-10,8,-8,8,-7,6,-4,6,-4,3,3,5,1,0,2,0,0,0,0,0,0,0,0,0,0,0,0,0,0,0,0,0,0,0,0,0,0,-15,-16,-13,-16,-11,-21,-9,-23,-10,-23,-11,-23,-4,-27,0,-27,-2,-29,-1,-30,4,-35,7,-40,13,-37,11,-41,21,-41,23,-40,22,-41,26,-40,26,-45,35,-41,36,-37,38,-40,45,-39,46,-39,45,-38,52,-36,53,-39,54,-35,53,-32,57,-30,59,-31,60,-29,63,-27,59,-25,62,-25,65,-27,63,-29,62,-28,64,-29,63,-31,70,-30,70,-26,68,-29,74,-31,73,-26,73,-31,79,-27,81,-22,84,-24,80,-25,83,-26,89,-21,87,-16,83,-15,85,-17,89,-5,83,-7,0,0]"
CSI_DATA,339,1a:00:00:00:00:00,-44,11,1,0,1,1,1,0,0,0,1,-96,0,11,2,4692073,0,44,0,384,0,"[0,0,0,0,0,0,0,0,0,0,0,0,8,-9,7,-9,7,-9,6,-8,6,-8,6,-8,6,-8,6,-8,5,-8,5,-8,5,-8,5,-8,4,-8,4,-8,3,-7,4,-8,4,-7,3,-7,3,-7,3,-7,3,-7,3,-7,3,-7,3,-7,3,-7,4,-7,0,0,4,-7,3,-6,3,-6,3,-6,3,-5,3,-5,4,-5,3,-4,4,-4,3,-4,3,-3,3,-3,3,-3,3,-2,3,-2,2,-1,2,-1,2,-1,2,-1,1,0,1,0,1,0,1,0,0,0,0,0,0,1,0,0,0,0,0,0,0,0,0,0,0,0,0,0,55,-50,50,-46,51,-47,48,-47,49,-44,44,-43,45,-43,41,-39,40,-40,39,-42,33,-41,33,-40,36,-40,34,-39,31,-39,30,-40,31,-42,30,-38,23,-36,25,-38,22,-41,26,-38,21,-39,22,-38,20,-37,21,-37,22,-37,22,-36,23,-33,21,-32,23,-35,21,-33,22,-31,23,-29,23,-29,24,-26,23,-24,25,-24,23,-22,21,-19,24,-16,21,-13,19,-9,21,-6,18,-8,15,-7,17,-5,13,-1,12,-1,8,-3,10,-2,6,3,7,3,6,3,2,6,1,5,-1,5,0,0,0,0,0,0,0,0,0,0,0,0,0,0,0,0,0,0,0,0,0,0,3,-16,4,-19,8,-20,8,-21,12,-20,14,-20,18,-18,17,-21,21,-19,25,-17,31,-17,32,-16,33,-13,38,-15,39,-13,40,-12,47,-7,45,-7,49,-5,50,0,51,-2,56,3,56,6,54,10,56,12,60,16,56,18,60,21,59,22,59,23,62,24,59,26,59,28,61,29,62,28,62,33,63,28,59,34,58,33,61,36,63,32,66,31,66,35,69,35,65,37,67,33,66,41,71,42,69,46,67,50,66,53,69,52,67,52,64,54,61,56,61,58,62,57,0,0]"
CSI_DATA,340,1a:00:00:00:00:00,-44,11,1,0,1,1,1,0,0,0,1,-96,0,11,2,4710281,0,44,0,384,0,"[0,0,0,0,0,0,0,0,0,0,0,0,-10,6,-10,5,-9,5,-9,5,-9,5,-9,5,-9,5,-8,5,-8,5,-7,5,-7,5,-7,5,-6,5,-6,5,-6,5,-6,5,-6,5,-6,5,-5,5,-5,5,-5,5,-6,5,-6,5,-5,5,-5,5,-6,5,0,0,-6,4,-5,4,-5,4,-6,4,-5,3,-5,3,-5,3,-5,2,-5,1,-5,1,-5,1,-4,1,-4,1,-4,0,-4,0,-4,0,-3,0,-3,-1,-3,-1,-2,-1,-2,-1,-2,-1,-1,-1,-1,-1,-1,-1,0,-1,0,0,0,0,0,0,0,0,0,0,0,0,0,0,-72,15,-74,13,-67,16,-70,12,-62,15,-60,13,-60,12,-55,13,-57,16,-54,16,-53,11,-53,12,-50,15,-45,14,-47,17,-45,20,-44,18,-43,21,-42,20,-40,18,-44,23,-38,22,-37,19,-37,20,-36,19,-39,21,-37,22,-34,22,-35,17,-34,20,-36,20,-36,18,-31,16,-34,12,-31,11,-33,9,-34,6,-32,7,-33,4,-32,3,-30,4,-21,1,-24,0,-20,0,-21,-3,-20,-3,-15,-6,-15,-6,-13,-5,-13,-7,-10,-6,-7,-6,-7,-7,-5,-7,-1,-5,1,-5,3,-5,0,0,0,0,0,0,0,0,0,0,0,0,0,0,0,0,0,0,0,0,0,0,-12,14,-16,11,-17,10,-19,14,-22,11,-25,9,-27,4,-28,6,-30,2,-32,1,-40,-2,-35,-3,-39,-3,-43,-11,-46,-10,-44,-13,-48,-18,-44,-16,-45,-21,-45,-28,-44,-28,-45,-36,-43,-35,-45,-36,-44,-41,-46,-45,-44,-44,-43,-48,-39,-51,-43,-54,-39,-53,-41,-54,-37,-55,-35,-57,-34,-56,-36,-61,-37,-59,-39,-59,-37,-58,-39,-64,-40,-64,-39,-66,-40,-65,-43,-67,-37,-67,-36,-73,-37,-74,-37,-74,-37,-75,-38,-76,-36,-78,-38,-81,-33,-82,-27,-79,-30,-82,-23,-85,-24,-81,0,0]"
CSI_DATA,341,1a:00:00:00:00:00,-45,11,1,0,1,1,1,0,0,0,1,-96,0,11,2,4720510,0,44,0,384,0,"[0,0,0,0,0,0,0,0,0,0,0,0,-12,0,-11,0,-11,0,-11,0,-11,0,-10,0,-10,1,-9,0,-10,1,-9,1,-9,0,-9,1,-9,1,-8,1,-8,1,-8,1,-8,1,-8,1,-8,1,-8,1,-7,1,-8,1,-7,1,-8,1,-7,1,-7,1,0,0,-7,0,-7,0,-7,0,-7,0,-7,0,-6,-1,-6,-1,-6,-1,-5,-1,-5,-2,-5,-2,-4,-2,-4,-2,-3,-2,-3,-2,-3,-2,-2,-2,-2,-2,-2,-2,-1,-2,-1,-2,-1,-2,0,-2,0,-1,0,-1,0,-1,0,0,0,0,0,0,0,0,0,0,0,0,0,0,-76,10,-70,8,-75,11,-70,10,-65,6,-67,7,-61,9,-64,9,-59,8,-58,11,-56,9,-52,8,-50,10,-54,13,-49,13,-48,13,-48,13,-50,16,-46,15,-42,15,-43,17,-42,13,-42,16,-41,17,-39,14,-42,12,-38,14,-44,17,-40,15,-40,16,-42,12,-38,14,-37,10,-38,10,-34,6,-34,7,-36,1,-35,3,-33,1,-32,0,-29,-2,-28,-4,-25,-6,-22,-7,-21,-5,-18,-9,-17,-9,-13,-9,-15,-9,-10,-8,-8,-10,-4,-9,-4,-9,-3,-9,-2,-7,2,-9,4,-4,0,0,0,0,0,0,0,0,0,0,0,0,0,0,0,0,0,0,0,0,0,0,-11,15,-14,13,-19,15,-23,12,-23,11,-26,9,-30,8,-30,8,-33,4,-33,4,-38,3,-39,0,-41,-4,-43,-3,-43,-12,-44,-16,-46,-16,-42,-18,-46,-25,-44,-26,-45,-33,-46,-35,-47,-36,-48,-37,-49,-43,-45,-41,-45,-48,-42,-50,-41,-52,-42,-55,-42,-59,-42,-56,-36,-58,-37,-60,-36,-61,-36,-62,-35,-60,-39,-62,-39,-63,-41,-65,-37,-67,-42,-65,-39,-74,-35,-70,-37,-75,-43,-74,-36,-78,-35,-79,-35,-80,-35,-79,-34,-84,-35,-82,-29,-84,-27,-81,-26,-88,-25,-84,-20,-86,0,0]"
CSI_DATA,342,1a:00:00:00:00:00,-44,11,1,0,1,1,1,0,0,0,1,-96,0,11,2,4730549,0,44,0,384,0,"[0,0,0,0,0,0,0,0,0,0,0,0,-12,3,-12,2,-11,2,-11,2,-11,3,-10,3,-10,3,-9,3,-9,3,-9,3,-9,3,-9,3,-9,3,-8,3,-8,3,-8,4,-8,4,-8,4,-7,4,-7,4,-7,4,-7,3,-7,4,-7,3,-7,3,-7,3,0,0,-7,3,-7,2,-7,2,-7,2,-6,2,-7,1,-6,1,-6,1,-6,0,-5,0,-5,0,-5,0,-4,-1,-4,-1,-4,-1,-4,-1,-3,-1,-3,-1,-2,-2,-2,-2,-2,-2,-1,-2,-1,-2,-1,-2,0,-2,0,-1,0,0,0,0,0,0,0,0,0,0,0,0,0,0,-74,13,-69,12,-67,19,-65,15,-66,16,-60,19,-59,15,-61,20,-55,17,-53,21,-55,18,-50,17,-51,20,-47,16,-44,20,-46,22,-44,20,-41,20,-43,19,-42,21,-39,22,-40,20,-40,22,-37,20,-36,19,-38,20,-38,23,-34,22,-36,19,-35,19,-36,21,-36,17,-34,15,-33,13,-33,13,-36,12,-34,10,-32,9,-33,4,-31,7,-26,-1,-26,3,-23,0,-21,-4,-20,-2,-18,-4,-18,-5,-16,-6,-15,-7,-11,-6,-10,-7,-7,-7,-4,-7,-4,-8,-3,-7,-1,-6,2,-7,0,0,0,0,0,0,0,0,0,0,0,0,0,0,0,0,0,0,0,0,0,0,-8,13,-16,13,-19,12,-20,13,-24,12,-24,10,-29,6,-25,7,-30,4,-31,2,-36,2,-39,-2,-40,-3,-39,-6,-43,-8,-45,-9,-48,-15,-47,-20,-49,-19,-45,-25,-47,-28,-50,-30,-47,-32,-49,-39,-48,-39,-47,-43,-46,-43,-43,-48,-44,-49,-42,-52,-41,-52,-42,-53,-40,-54,-39,-56,-41,-57,-40,-57,-42,-59,-40,-58,-42,-58,-42,-62,-45,-64,-45,-63,-45,-63,-44,-66,-44,-67,-40,-66,-42,-68,-42,-74,-45,-74,-42,-75,-37,-75,-38,-77,-34,-78,-35,-80,-32,-81,-32,-81,-24,-82,0,0]"
CSI_DATA,343,1a:00:00:00:00:00,-44,11,1,0,1,1,1,0,0,0,1,-96,0,11,2,4750098,0,44,0,384,0,"[0,0,0,0,0,0,0,0,0,0,0,0,6,9,6,8,6,8,6,8,5,7,6,7,6,7,5,6,5,7,6,6,5,6,5,6,5,6,5,5,5,5,5,5,6,5,5,4,5,4,5,4,5,4,5,4,5,4,5,4,5,5,5,4,0,0,4,4,4,4,4,5,4,4,3,4,3,5,2,5,2,4,2,4,1,4,1,4,0,4,0,3,0,3,0,3,-1,2,-1,2,-1,2,-1,2,-1,1,-1,1,-2,1,-1,0,-2,0,-2,0,-1,-1,0,0,0,0,0,0,0,0,0,0,0,0,0,0,30,66,24,65,24,64,23,60,26,60,22,55,23,51,22,55,25,49,21,49,22,48,24,45,24,43,25,43,23,42,25,40,25,40,26,36,23,37,23,33,28,36,28,36,28,32,26,33,26,30,25,28,27,29,28,30,26,31,25,28,22,28,25,30,23,29,20,31,19,27,17,30,13,30,12,29,12,28,10,26,6,27,3,26,1,24,3,21,1,20,-3,17,-3,16,-1,13,-5,11,-2,12,-7,9,-4,7,-6,4,-5,5,-7,-2,-7,-1,-5,0,0,0,0,0,0,0,0,0,0,0,0,0,0,0,0,0,0,0,0,0,0,0,16,10,15,13,15,15,14,17,14,20,14,21,11,23,11,27,11,29,10,30,6,33,0,41,0,37,-1,42,-2,45,-6,41,-10,47,-13,45,-14,47,-19,50,-19,48,-24,49,-27,48,-31,50,-34,49,-34,49,-38,49,-36,49,-41,50,-43,48,-41,46,-48,46,-47,48,-48,45,-47,48,-48,47,-50,44,-50,44,-53,44,-54,47,-53,48,-56,50,-59,48,-60,48,-59,49,-55,48,-65,54,-65,53,-65,50,-65,48,-71,47,-69,46,-74,43,-71,42,-76,37,-73,38,-74,38,0,0]"
CSI_DATA,344,1a:00:00:00:00:00,-44,11,1,0,1,1,1,0,0,0,1,-96,0,11,2,4760087,0,44,0,384,0,"[0,0,0,0,0,0,0,0,0,0,0,0,1,-12,0,-12,0,-11,0,-11,0,-11,0,-10,0,-10,0,-10,0,-10,-1,-9,0,-9,-1,-9,-1,-9,-1,-9,-1,-8,-1,-8,-1,-8,-1,-8,-2,-8,-1,-8,-2,-8,-2,-8,-1,-8,-2,-8,-1,-7,-1,-7,0,0,-1,-8,0,-7,0,-7,0,-7,0,-7,0,-6,1,-6,1,-6,1,-5,1,-5,1,-4,1,-4,1,-4,2,-3,1,-3,2,-3,2,-3,2,-2,1,-2,1,-1,1,-1,1,-1,1,0,1,0,0,0,0,0,0,0,0,0,0,0,0,0,0,0,0,0,0,0,11,-75,12,-69,9,-67,7,-69,9,-62,10,-64,5,-55,10,-60,3,-56,7,-55,0,-57,-2,-54,0,-53,2,-52,4,-54,1,-49,3,-50,-4,-46,-3,-45,-4,-47,-5,-46,-5,-43,-6,-46,-7,-40,-6,-45,-4,-44,-3,-41,-5,-42,-5,-40,-5,-43,-4,-38,-2,-44,-2,-37,1,-39,-1,-36,0,-35,0,-36,5,-34,9,-29,8,-28,11,-28,7,-24,11,-21,8,-20,12,-17,11,-16,10,-12,11,-12,9,-8,10,-9,9,-7,8,-3,8,-3,8,-2,6,2,3,4,3,3,0,0,0,0,0,0,0,0,0,0,0,0,0,0,0,0,0,0,0,0,0,0,-11,-18,-10,-19,-9,-21,-6,-21,-5,-26,1,-25,0,-28,1,-29,5,-33,9,-35,10,-37,16,-34,19,-36,22,-37,24,-39,28,-37,30,-38,34,-35,36,-38,38,-39,43,-37,42,-35,48,-30,54,-30,54,-26,58,-31,58,-25,60,-27,61,-20,63,-23,63,-20,63,-19,64,-18,62,-17,64,-16,66,-18,67,-18,68,-14,67,-16,69,-17,71,-15,73,-16,77,-17,78,-17,77,-10,81,-19,80,-19,86,-15,84,-9,86,-8,86,-3,88,-3,85,-2,83,1,85,3,87,2,84,4,0,0]"
CSI_DATA,345,1a:00:00:00:00:00,-44,11,1,0,1,1,1,0,0,0,1,-96,0,11,2,4780497,0,44,0,384,0,"[0,0,0,0,0,0,0,0,0,0,0,0,-7,-11,-6,-11,-7,-10,-6,-10,-6,-9,-6,-9,-6,-9,-6,-8,-6,-8,-6,-8,-6,-8,-6,-8,-6,-7,-6,-7,-6,-7,-6,-7,-6,-6,-6,-6,-6,-6,-6,-6,-6,-6,-6,-6,-6,-6,-6,-6,-6,-6,-6,-6,0,0,-5,-6,-5,-6,-5,-6,-5,-6,-4,-6,-4,-6,-3,-6,-3,-6,-2,-5,-2,-5,-2,-5,-1,-5,-1,-4,-1,-4,-1,-4,0,-4,0,-3,0,-3,0,-3,0,-2,1,-2,1,-2,1,-1,1,-1,1,0,0,0,0,0,0,0,0,0,0,0,0,0,0,0,0,0,-45,-61,-35,-61,-38,-64,-36,-55,-39,-54,-34,-52,-39,-52,-37,-50,-34,-45,-36,-47,-35,-45,-34,-45,-36,-44,-35,-37,-36,-40,-37,-35,-36,-35,-35,-34,-35,-34,-31,-30,-34,-32,-35,-29,-37,-28,-35,-25,-30,-26,-33,-27,-31,-25,-34,-29,-34,-27,-31,-29,-32,-28,-30,-29,-28,-24,-29,-28,-25,-24,-27,-30,-20,-28,-20,-23,-18,-26,-14,-25,-13,-27,-11,-25,-10,-24,-5,-19,-3,-22,-6,-18,-2,-19,-3,-17,-2,-13,2,-10,2,-13,4,-9,6,-9,7,-6,6,-6,5,1,7,3,0,0,0,0,0,0,0,0,0,0,0,0,0,0,0,0,0,0,0,0,0,0,-19,-7,-18,-14,-15,-17,-17,-18,-17,-19,-16,-23,-13,-26,-13,-26,-12,-31,-10,-32,-10,-37,-7,-38,-8,-41,-7,-43,-3,-43,0,-48,5,-49,5,-48,7,-54,16,-54,11,-54,17,-57,16,-54,24,-55,30,-56,30,-56,31,-55,33,-57,32,-52,36,-59,37,-52,41,-52,38,-53,43,-54,41,-52,46,-56,41,-55,49,-67,45,-56,43,-59,48,-62,46,-59,50,-60,47,-63,49,-64,56,-63,58,-66,56,-63,56,-66,60,-60,63,-58,65,-62,66,-62,66,-55,68,-54,67,-55,69,-52,0,0]"
CSI_DATA,346,1a:00:00:00:00:00,-44,11,1,0,1,1,1,0,0,0,1,-96,0,11,2,4790213,0,44,0,384,0,"[0,0,0,0,0,0,0,0,0,0,0,0,-7,-10,-7,-10,-7,-10,-7,-9,-7,-9,-7,-9,-6,-8,-6,-8,-6,-8,-6,-7,-7,-7,-6,-7,-7,-7,-6,-6,-6,-6,-7,-6,-6,-6,-6,-6,-7,-5,-6,-6,-6,-6,-6,-6,-6,-6,-6,-6,-6,-6,-6,-6,0,0,-5,-6,-5,-6,-5,-6,-5,-6,-4,-6,-4,-6,-3,-6,-3,-5,-3,-5,-2,-5,-2,-5,-2,-5,-1,-4,-1,-4,-1,-4,-1,-3,0,-3,0,-3,0,-3,0,-2,0,-2,1,-2,1,-1,1,-1,1,0,0,0,0,0,0,0,0,0,0,0,0,0,0,0,0,0,-44,-60,-43,-62,-41,-55,-39,-58,-39,-59,-34,-50,-40,-50,-36,-46,-36,-44,-34,-46,-33,-43,-34,-42,-36,-41,-36,-38,-33,-42,-34,-38,-38,-33,-31,-35,-36,-34,-34,-35,-33,-28,-36,-36,-34,-26,-36,-29,-34,-25,-34,-26,-31,-30,-35,-33,-30,-28,-34,-29,-30,-27,-28,-31,-26,-32,-23,-25,-24,-29,-22,-30,-20,-28,-18,-29,-14,-29,-14,-26,-11,-26,-10,-25,-6,-25,-4,-23,-6,-21,-1,-19,-2,-21,1,-14,6,-15,4,-13,4,-13,7,-9,5,-6,6,-6,5,-3,3,1,6,2,0,0,0,0,0,0,0,0,0,0,0,0,0,0,0,0,0,0,0,0,0,0,-20,-8,-22,-8,-19,-10,-19,-12,-20,-17,-17,-16,-18,-22,-18,-23,-17,-29,-18,-31,-17,-31,-13,-35,-12,-40,-15,-40,-11,-41,-9,-49,-6,-52,-2,-53,0,-52,6,-54,5,-55,7,-59,11,-60,16,-59,21,-61,20,-60,23,-59,26,-58,31,-62,28,-58,30,-58,32,-57,34,-62,36,-60,36,-59,38,-58,37,-63,39,-60,39,-61,40,-64,37,-64,43,-67,43,-65,42,-67,47,-64,48,-69,49,-67,51,-66,52,-70,57,-68,59,-62,61,-61,58,-62,65,-59,63,-62,62,-56,66,-55,0,0]"
CSI_DATA,347,1a:00:00:00:00:00,-44,11,1,0,1,1,1,0,0,0,1,-96,0,11,2,4800142,0,44,0,384,0,"[0,0,0,0,0,0,0,0,0,0,0,0,10,-6,9,-6,9,-6,9,-6,8,-6,8,-6,8,-6,7,-6,7,-6,7,-6,7,-6,7,-6,6,-6,6,-6,6,-6,6,-6,5,-6,5,-6,5,-6,5,-6,5,-6,5,-6,5,-6,5,-6,5,-5,5,-5,0,0,5,-5,5,-4,5,-5,5,-4,5,-4,5,-3,5,-3,4,-3,5,-2,4,-2,4,-2,4,-1,3,-1,3,-1,3,0,2,0,2,0,2,0,2,0,1,0,1,1,1,1,0,1,0,1,-1,1,-1,1,0,0,0,0,0,0,0,0,0,0,0,0,0,0,66,-32,66,-35,61,-31,62,-29,62,-30,56,-28,53,-25,52,-30,52,-29,47,-28,47,-26,44,-29,43,-25,41,-24,40,-30,40,-30,40,-27,37,-26,34,-29,37,-32,35,-29,27,-30,33,-30,29,-27,34,-24,31,-25,29,-26,29,-29,33,-25,30,-27,30,-28,31,-20,28,-21,30,-21,33,-21,31,-17,34,-17,29,-13,29,-10,23,-12,26,-8,23,-6,23,-6,24,0,21,0,15,1,18,5,17,1,13,3,10,5,8,5,8,3,7,6,3,6,2,8,-2,6,-3,4,0,0,0,0,0,0,0,0,0,0,0,0,0,0,0,0,0,0,0,0,0,0,9,-16,12,-19,13,-18,18,-16,18,-16,19,-16,24,-13,28,-12,30,-14,29,-9,35,-12,37,-6,41,-8,43,-5,44,-2,46,-2,48,3,45,6,48,10,52,17,50,15,54,21,54,22,50,23,51,28,52,28,53,34,55,36,53,38,52,38,52,40,49,40,50,45,48,50,53,46,50,47,48,44,51,45,50,48,55,51,58,54,54,51,58,53,58,55,56,55,50,57,54,65,56,62,56,66,50,67,55,67,53,68,50,70,46,69,49,71,44,73,41,73,0,0]"
CSI_DATA,348,1a:00:00:00:00:00,-45,11,1,0,1,1,1,0,0,0,1,-96,0,11,2,4810343,0,44,0,384,0,"[0,0,0,0,0,0,0,0,0,0,0,0,8,-9,7,-8,7,-8,6,-8,6,-8,6,-8,6,-8,5,-8,5,-8,5,-8,5,-8,4,-8,4,-8,4,-7,4,-7,3,-7,3,-7,3,-7,3,-7,3,-7,3,-7,3,-7,3,-7,2,-7,3,-7,3,-7,0,0,3,-6,3,-6,3,-6,3,-6,3,-5,3,-5,3,-5,3,-4,3,-4,3,-4,3,-3,3,-3,3,-2,3,-2,2,-1,2,-1,2,-1,2,-1,2,-1,1,0,1,0,1,0,1,0,0,0,0,1,0,1,0,0,0,0,0,0,0,0,0,0,0,0,0,0,57,-50,58,-45,55,-43,53,-42,48,-43,47,-40,46,-41,45,-40,42,-40,41,-39,41,-38,36,-37,34,-40,33,-36,36,-40,32,-38,31,-36,28,-38,30,-36,27,-38,24,-37,23,-38,25,-38,24,-36,24,-34,25,-35,21,-35,25,-35,27,-34,21,-36,22,-30,25,-30,24,-28,26,-24,24,-26,25,-24,23,-24,27,-20,28,-18,22,-17,24,-16,20,-12,19,-7,20,-10,19,-11,19,-6,16,-4,14,-1,14,0,11,0,8,1,9,3,4,4,6,8,2,4,-1,6,0,6,0,0,0,0,0,0,0,0,0,0,0,0,0,0,0,0,0,0,0,0,0,0,7,-18,7,-18,10,-17,12,-21,16,-15,19,-16,19,-17,24,-20,25,-15,28,-14,30,-15,37,-12,38,-13,40,-9,44,-9,44,-5,47,-4,51,-3,51,2,51,2,51,5,57,11,56,10,56,13,59,17,57,16,58,22,61,23,60,25,59,27,55,27,58,33,58,33,61,32,57,34,56,35,57,35,63,35,60,32,59,35,62,37,67,42,68,39,69,39,65,39,67,45,66,45,72,48,74,51,68,51,69,56,65,54,66,57,62,55,62,64,59,63,58,64,0,0]"
CSI_DATA,349,1a:00:00:00:00:00,-45,11,1,0,1,1,1,0,0,0,1,-96,0,11,2,4821071,0,44,0,384,0,"[0,0,0,0,0,0,0,0,0,0,0,0,12,-1,11,-1,11,-1,11,-1,10,-2,10,-2,10,-2,9,-2,9,-2,9,-2,9,-2,9,-2,8,-2,8,-2,8,-2,8,-3,8,-3,7,-3,7,-3,7,-3,7,-3,7,-3,7,-3,7,-3,7,-3,7,-3,0,0,7,-3,7,-2,6,-2,6,-2,6,-1,6,-1,5,0,5,0,5,0,5,0,4,0,4,1,3,1,3,1,2,1,2,1,2,1,2,1,1,1,1,1,0,1,0,1,0,1,-1,1,-1,1,-1,0,0,0,0,0,0,0,0,0,0,0,0,0,0,0,38,0,37,1,34,0,33,1,31,-1,30,0,30,-2,28,-1,28,0,27,-3,26,-2,26,-2,25,-3,24,-4,24,-4,23,-5,22,-5,22,-7,22,-5,22,-6,23,-6,21,-7,20,-6,21,-8,19,-5,21,-5,19,-7,20,-7,20,-5,19,-6,18,-5,18,-4,19,-3,18,-5,18,-4,16,-2,17,-1,15,0,15,1,15,2,13,2,11,2,10,2,11,3,9,3,8,4,8,3,6,5,4,3,5,4,4,3,2,4,0,4,-1,3,0,3,-1,2,-4,1,0,0,0,0,0,0,0,0,0,0,0,0,0,0,0,0,0,0,0,0,0,0,7,-6,9,-4,11,-4,11,-4,12,-2,13,-2,13,-1,14,1,15,1,15,4,16,4,18,4,18,8,18,8,19,9,18,11,19,12,19,15,20,16,17,18,18,20,18,21,18,23,18,24,17,25,15,24,15,27,15,28,13,30,14,30,12,30,12,29,10,31,11,32,10,32,10,32,12,32,10,32,12,32,13,34,11,35,12,34,13,35,11,39,11,37,11,37,10,39,11,40,9,41,9,42,9,43,9,44,6,44,4,43,7,44,1,42,2,42,0,0]"
CSI_DATA,350,1a:00:00:00:00:00,-44,11,1,0,1,1,1,0,0,0,1,-96,0,11,2,4830085,0,44,0,384,0,"[0,0,0,0,0,0,0,0,0,0,0,0,-3,-12,-3,-11,-4,-12,-3,-11,-4,-11,-3,-10,-4,-10,-4,-10,-3,-9,-4,-9,-4,-9,-4,-9,-4,-9,-4,-8,-4,-8,-4,-8,-4,-8,-4,-8,-4,-7,-4,-7,-4,-7,-4,-7,-4,-7,-4,-7,-4,-7,-4,-7,0,0,-3,-7,-3,-7,-3,-7,-3,-7,-2,-7,-2,-7,-2,-6,-1,-6,-1,-6,0,-5,0,-5,0,-5,0,-4,0,-4,0,-4,0,-3,1,-3,1,-2,1,-3,1,-2,1,-2,1,-1,1,-1,1,0,1,0,0,0,0,0,0,0,0,0,0,0,0,0,0,0,0,0,-17,-71,-18,-67,-20,-71,-16,-66,-17,-64,-17,-66,-13,-60,-17,-58,-16,-57,-18,-56,-17,-52,-17,-52,-17,-49,-20,-46,-19,-47,-20,-45,-23,-44,-23,-43,-23,-43,-22,-43,-24,-39,-20,-40,-21,-38,-21,-38,-23,-38,-24,-39,-21,-37,-21,-37,-21,-35,-18,-38,-19,-36,-16,-39,-17,-35,-15,-31,-14,-34,-15,-34,-12,-34,-6,-31,-9,-31,-5,-28,-1,-26,-2,-27,2,-26,3,-23,3,-21,4,-19,7,-17,4,-14,7,-13,7,-11,5,-8,8,-4,4,-6,7,-4,5,-1,7,1,7,3,0,0,0,0,0,0,0,0,0,0,0,0,0,0,0,0,0,0,0,0,0,0,-16,-10,-14,-14,-10,-17,-10,-19,-11,-23,-8,-24,-9,-28,-6,-27,-6,-29,-4,-32,-1,-34,3,-38,4,-39,7,-42,11,-45,13,-45,13,-47,18,-45,21,-50,21,-49,26,-49,33,-52,32,-45,34,-48,36,-46,40,-47,41,-47,44,-44,45,-45,45,-44,48,-41,51,-39,53,-41,53,-42,56,-42,54,-39,53,-43,55,-40,57,-44,59,-45,61,-46,58,-45,65,-47,68,-43,66,-43,69,-50,71,-42,70,-46,76,-45,73,-42,79,-42,79,-43,81,-35,77,-34,79,-34,82,-29,79,-27,0,0]"
CSI_DATA,351,1a:00:00:00:00:00,-44,11,1,0,1,1,1,0,0,0,1,-96,0,11,2,4841000,0,44,0,384,0,"[0,0,0,0,0,0,0,0,0,0,0,0,11,-4,10,-4,10,-4,10,-3,9,-3,9,-4,9,-4,8,-4,8,-4,8,-4,8,-4,8,-4,7,-4,7,-4,7,-4,7,-4,7,-5,6,-5,6,-4,6,-4,6,-4,6,-4,6,-5,6,-4,6,-4,6,-4,0,0,6,-4,6,-3,6,-3,5,-3,5,-2,5,-2,5,-2,5,-2,4,-2,4,-1,4,-1,4,0,3,0,3,0,3,0,3,0,2,0,2,1,1,1,1,1,1,1,0,1,0,1,-1,1,-1,1,-1,0,0,0,0,0,0,0,0,0,0,0,0,0,0,0,75,-21,72,-20,69,-18,63,-16,61,-16,58,-13,60,-16,59,-15,53,-16,50,-18,51,-21,51,-22,48,-19,47,-18,45,-17,42,-23,42,-24,44,-21,41,-20,37,-22,42,-22,37,-22,35,-26,35,-25,36,-22,36,-23,35,-22,35,-20,35,-18,34,-22,35,-19,33,-19,33,-17,33,-16,35,-16,35,-13,31,-13,32,-15,31,-7,27,-5,26,-3,26,0,24,-1,20,3,20,4,19,4,16,3,15,7,11,4,11,6,8,7,7,8,3,8,3,9,-2,5,-3,3,-1,3,0,0,0,0,0,0,0,0,0,0,0,0,0,0,0,0,0,0,0,0,0,0,10,-13,14,-13,16,-14,21,-12,20,-12,25,-9,24,-8,27,-8,30,-7,33,-5,33,1,35,3,41,3,42,7,41,5,42,12,44,14,44,17,49,20,47,25,45,28,46,30,48,33,46,37,40,37,44,40,45,47,44,44,42,44,42,49,41,50,41,55,42,52,39,53,40,53,40,53,43,52,37,59,40,60,42,58,42,59,46,58,42,63,47,62,46,66,49,70,46,71,45,70,44,73,40,75,37,78,41,78,39,80,36,78,33,80,31,80,26,83,0,0]"
CSI_DATA,352,1a:00:00:00:00:00,-45,11,1,0,1,1,1,0,0,0,1,-96,0,11,2,4872538,0,44,0,384,0,"[0,0,0,0,0,0,0,0,0,0,0,0,-12,4,-12,4,-11,4,-11,4,-10,3,-10,4,-10,4,-9,4,-9,3,-9,4,-9,4,-8,4,-8,4,-8,4,-8,4,-8,4,-7,4,-7,4,-7,4,-7,4,-7,4,-6,4,-7,4,-6,4,-7,3,-7,4,0,0,-6,3,-6,3,-6,2,-6,2,-6,2,-6,2,-6,1,-6,1,-5,1,-5,0,-5,0,-4,0,-4,-1,-4,-1,-4,-1,-4,-1,-3,-1,-3,-1,-2,-1,-2,-2,-2,-2,-1,-2,-1,-2,0,-2,0,-1,0,-1,0,0,0,0,0,0,0,0,0,0,0,0,0,0,-70,24,-69,22,-71,21,-65,20,-65,20,-62,22,-60,18,-57,20,-54,17,-52,18,-52,17,-49,18,-47,20,-45,19,-47,19,-45,24,-40,22,-40,20,-41,21,-39,22,-39,22,-39,24,-35,21,-38,24,-36,19,-37,21,-35,19,-36,23,-36,19,-33,20,-34,18,-34,16,-35,16,-32,16,-33,11,-35,10,-31,8,-31,9,-28,6,-26,3,-26,4,-22,-2,-24,-2,-20,-4,-19,-7,-18,-7,-17,-6,-14,-5,-12,-6,-9,-6,-10,-8,-5,-7,-3,-6,-2,-7,-1,-7,3,-8,2,-6,0,0,0,0,0,0,0,0,0,0,0,0,0,0,0,0,0,0,0,0,0,0,-9,16,-14,15,-13,14,-16,14,-18,16,-23,11,-26,13,-28,14,-31,11,-32,10,-35,10,-39,6,-44,6,-38,3,-46,0,-47,-3,-51,-6,-48,-9,-50,-12,-50,-16,-52,-18,-53,-24,-53,-25,-56,-28,-55,-31,-57,-35,-52,-36,-53,-38,-48,-40,-50,-46,-49,-40,-52,-46,-46,-49,-47,-52,-49,-52,-48,-51,-51,-47,-50,-50,-46,-54,-51,-54,-51,-57,-51,-53,-53,-57,-53,-55,-53,-60,-51,-65,-50,-67,-52,-66,-51,-72,-50,-75,-48,-70,-48,-74,-42,-74,-42,-74,-39,-77,-38,-77,-32,-81,0,0]"
CSI_DATA,353,1a:00:00:00:00:00,-45,11,1,0,1,1,1,0,0,0,1,-96,0,11,2,4873171,0,44,0,384,0,"[0,0,0,0,0,0,0,0,0,0,0,0,-3,11,-3,10,-3,10,-3,10,-3,10,-3,9,-2,9,-2,9,-2,8,-2,8,-2,9,-1,8,-1,8,-1,7,-1,7,-1,7,-1,7,-1,7,0,7,-1,7,-1,7,0,7,-1,7,0,7,0,6,-1,6,0,0,-1,6,-1,6,-1,6,-1,6,-2,5,-2,5,-2,5,-2,5,-3,4,-2,3,-3,4,-3,3,-3,2,-3,2,-3,2,-3,1,-3,1,-3,1,-2,0,-2,0,-2,-1,-2,-1,-2,-1,-1,-1,-1,-1,-1,-2,0,0,0,0,0,0,0,0,0,0,0,0,0,0,-16,73,-15,75,-16,68,-13,64,-14,65,-17,61,-15,62,-11,57,-14,54,-13,54,-10,54,-8,52,-9,49,-5,48,-5,48,-6,47,-5,46,-3,45,-4,42,0,43,-1,44,-1,42,1,41,-2,40,1,38,2,38,2,42,1,38,1,39,1,39,2,39,-2,36,0,36,-1,34,-6,35,-7,34,-7,31,-9,28,-9,28,-11,25,-12,27,-11,19,-12,21,-9,15,-12,15,-14,14,-15,12,-11,9,-15,7,-10,4,-10,4,-10,1,-9,0,-6,-4,-7,-6,-3,-4,-3,-9,0,0,0,0,0,0,0,0,0,0,0,0,0,0,0,0,0,0,0,0,0,0,5,17,5,18,5,21,4,24,-3,24,0,27,-5,24,-6,28,-8,31,-11,32,-12,33,-18,35,-21,35,-21,35,-25,33,-31,34,-31,39,-36,35,-38,34,-44,32,-48,26,-48,31,-54,28,-52,27,-58,25,-56,25,-59,22,-62,19,-62,19,-61,18,-63,18,-64,14,-66,13,-67,12,-66,12,-67,9,-72,13,-71,13,-69,11,-71,14,-72,13,-77,13,-74,10,-80,13,-78,12,-82,7,-85,1,-86,4,-89,4,-92,2,-89,2,-86,0,-87,0,-91,-5,-87,-7,-85,-10,-87,-10,0,0]"
CSI_DATA,354,1a:00:00:00:00:00,-45,11,1,0,1,1,1,0,0,0,1,-96,0,11,2,4880189,0,44,0,384,0,"[0,0,0,0,0,0,0,0,0,0,0,0,8,-8,8,-8,8,-8,7,-8,7,-8,7,-7,6,-7,6,-7,6,-7,5,-7,5,-7,5,-7,4,-7,4,-7,4,-7,4,-7,4,-7,4,-7,3,-7,3,-7,3,-7,3,-7,3,-7,3,-7,3,-6,3,-6,0,0,3,-6,3,-6,3,-6,4,-5,4,-5,4,-5,4,-4,4,-4,4,-3,3,-3,3,-3,3,-2,3,-2,3,-2,3,-1,2,-1,2,-1,2,0,1,-1,1,0,1,0,1,0,0,1,0,1,0,0,-1,1,0,0,0,0,0,0,0,0,0,0,0,0,0,0,60,-50,58,-50,56,-48,50,-50,51,-43,47,-45,47,-43,45,-42,42,-40,41,-40,40,-41,39,-40,36,-40,37,-37,32,-35,33,-37,29,-37,27,-36,29,-36,25,-38,24,-36,25,-38,20,-35,22,-36,19,-37,21,-33,20,-36,24,-35,25,-36,21,-32,22,-33,22,-33,23,-34,21,-30,23,-28,22,-26,21,-25,23,-24,26,-20,21,-17,21,-17,23,-15,22,-11,18,-9,18,-8,18,-5,16,-3,14,-3,12,0,10,0,10,1,9,5,5,4,6,6,1,5,1,5,-3,6,0,0,0,0,0,0,0,0,0,0,0,0,0,0,0,0,0,0,0,0,0,0,3,-21,9,-19,12,-20,13,-19,16,-19,18,-22,19,-18,26,-19,23,-22,28,-20,37,-17,35,-14,37,-16,43,-13,44,-9,44,-7,48,-7,48,-5,52,-3,53,1,60,6,61,8,58,11,60,13,59,13,59,18,61,19,61,25,61,20,64,24,62,25,60,28,63,30,63,33,62,32,60,33,62,33,64,34,65,34,63,34,67,37,70,36,69,40,71,39,70,42,67,43,72,42,74,47,74,49,70,53,73,55,73,58,70,59,65,59,65,59,60,59,58,64,0,0]"
CSI_DATA,355,1a:00:00:00:00:00,-45,11,1,0,1,1,1,0,0,0,1,-96,0,11,2,4920517,0,44,0,384,0,"[0,0,0,0,0,0,0,0,0,0,0,0,1,-13,1,-12,0,-12,0,-11,0,-11,0,-11,0,-10,0,-10,-1,-10,-1,-10,0,-10,-1,-10,-1,-9,-2,-9,-2,-9,-2,-9,-1,-8,-1,-8,-2,-8,-2,-8,-2,-8,-2,-8,-2,-8,-2,-8,-2,-8,-1,-8,0,0,-1,-7,-1,-8,-1,-7,-1,-7,0,-7,0,-7,0,-6,0,-6,1,-6,1,-5,1,-5,1,-4,1,-4,1,-4,1,-3,1,-3,1,-2,1,-2,1,-1,1,-1,1,-1,1,-1,1,0,1,0,0,0,0,0,0,0,0,0,0,0,0,0,0,0,0,0,0,0,-1,-37,-3,-36,-2,-33,-1,-32,-3,-32,-3,-33,-3,-30,-2,-29,-3,-27,-5,-28,-4,-26,-5,-26,-5,-25,-4,-24,-5,-23,-6,-26,-6,-23,-7,-21,-6,-22,-8,-22,-8,-22,-6,-20,-8,-19,-8,-19,-6,-20,-8,-19,-7,-19,-9,-19,-6,-20,-6,-21,-6,-20,-4,-20,-5,-19,-5,-17,-4,-18,-4,-17,-3,-17,-1,-15,1,-15,0,-14,3,-14,2,-13,3,-13,2,-10,2,-11,3,-10,3,-8,4,-7,3,-6,1,-6,4,-3,3,-3,5,-2,3,-1,3,-1,2,1,0,2,0,0,0,0,0,0,0,0,0,0,0,0,0,0,0,0,0,0,0,0,0,0,-6,-9,-6,-8,-6,-10,-5,-10,-5,-13,-3,-14,-3,-14,0,-15,-1,-16,0,-17,2,-17,2,-18,3,-20,6,-20,7,-20,8,-21,10,-23,12,-22,12,-22,17,-22,19,-22,19,-21,21,-21,23,-20,23,-19,24,-20,26,-20,25,-18,27,-18,28,-17,30,-17,28,-16,30,-15,30,-17,32,-15,31,-14,31,-15,32,-17,32,-15,31,-16,35,-16,34,-16,35,-16,36,-17,36,-16,36,-14,38,-14,39,-14,39,-15,40,-14,40,-12,42,-10,40,-9,43,-11,41,-8,41,-6,42,-6,0,0]"
CSI_DATA,356,1a:00:00:00:00:00,-45,11,1,0,1,1,1,0,0,0,1,-96,0,11,2,4930894,0,44,0,384,0,"[0,0,0,0,0,0,0,0,0,0,0,0,2,-12,1,-12,1,-11,1,-11,1,-11,1,-10,0,-10,0,-10,0,-10,0,-10,0,-9,-1,-9,-1,-9,-1,-9,-1,-9,-1,-9,-1,-9,-1,-8,-1,-8,-1,-8,-1,-8,-2,-8,-1,-8,-1,-8,-1,-8,-1,-8,0,0,-1,-7,-1,-7,0,-7,0,-7,0,-7,0,-7,1,-6,1,-6,1,-5,1,-5,2,-5,2,-4,2,-4,2,-4,2,-3,1,-2,2,-2,2,-2,1,-1,1,-1,1,-1,1,0,1,0,0,0,0,0,0,0,0,0,0,0,0,0,0,0,0,0,0,0,0,0,8,-38,8,-36,7,-35,7,-33,4,-33,5,-33,6,-30,4,-30,4,-29,3,-28,4,-27,2,-28,0,-26,1,-26,0,-24,0,-25,-1,-24,-1,-24,-1,-23,-1,-24,-2,-24,-1,-22,-3,-22,-3,-21,-3,-21,-2,-23,-4,-22,-2,-20,-2,-21,-2,-22,-3,-21,-2,-21,2,-18,-1,-19,-1,-19,0,-18,0,-19,2,-16,1,-16,5,-15,4,-12,4,-12,5,-12,6,-11,6,-10,3,-9,6,-8,5,-6,3,-5,4,-4,5,-3,3,-2,3,-2,3,0,2,1,2,2,0,1,0,0,0,0,0,0,0,0,0,0,0,0,0,0,0,0,0,0,0,0,0,0,-2,-9,-3,-10,0,-12,0,-13,1,-13,1,-14,2,-14,3,-16,5,-15,6,-15,7,-15,8,-18,10,-17,12,-17,15,-19,17,-16,18,-18,20,-15,21,-17,22,-16,23,-17,27,-13,25,-14,27,-13,29,-11,29,-12,30,-10,33,-9,33,-9,33,-8,33,-8,32,-6,33,-7,33,-8,34,-5,35,-4,33,-4,35,-4,36,-4,37,-4,37,-6,37,-5,39,-4,41,-6,39,-5,42,-6,41,-5,41,-2,43,-3,43,-1,43,1,45,3,44,1,42,1,43,5,43,5,40,5,0,0]"
CSI_DATA,357,1a:00:00:00:00:00,-45,11,1,0,1,1,1,0,0,0,1,-96,0,11,2,4960110,0,44,0,384,0,"[0,0,0,0,0,0,0,0,0,0,0,0,9,7,8,7,8,7,8,7,8,6,7,5,7,5,7,5,7,5,8,5,7,4,7,4,7,4,7,4,7,3,7,3,7,2,7,3,7,3,7,2,7,3,7,2,7,2,7,2,7,2,6,2,0,0,6,2,6,3,5,3,5,3,5,3,5,3,4,3,4,3,3,3,3,3,3,3,2,3,2,3,1,3,1,3,1,2,0,2,0,2,0,1,0,2,-1,1,-1,1,-1,1,-1,0,-2,0,-1,0,0,0,0,0,0,0,0,0,0,0,0,0,0,0,66,41,64,41,57,35,59,36,54,39,54,34,52,30,51,30,54,27,49,28,47,24,46,24,50,23,47,19,45,17,42,19,45,18,44,16,42,13,45,14,43,14,42,9,43,8,40,11,41,10,40,12,43,11,40,10,38,9,39,9,37,11,39,8,40,13,38,15,35,14,34,16,34,17,30,14,25,17,24,15,22,17,17,18,16,18,13,18,11,18,9,15,7,15,6,15,2,17,2,12,0,13,-1,10,-4,8,-6,10,-5,4,-4,2,-5,2,0,0,0,0,0,0,0,0,0,0,0,0,0,0,0,0,0,0,0,0,0,0,18,2,17,2,20,6,19,8,22,10,23,13,24,15,22,17,24,18,25,21,26,23,25,29,25,31,24,33,23,38,21,39,20,49,20,46,20,51,12,54,6,52,10,54,5,58,6,60,1,62,-1,65,-2,64,-6,65,-7,66,-10,66,-9,65,-12,66,-14,67,-15,66,-18,70,-20,69,-14,72,-14,70,-17,69,-15,71,-18,72,-16,72,-20,76,-18,80,-20,80,-24,82,-27,81,-26,84,-27,84,-28,83,-30,82,-29,79,-34,78,-38,79,-35,79,-40,76,-43,76,0,0]"
CSI_DATA,358,1a:00:00:00:00:00,-45,11,1,0,1,1,1,0,0,0,1,-96,0,11,2,4970158,0,44,0,384,0,"[0,0,0,0,0,0,0,0,0,0,0,0,8,7,8,7,8,6,8,6,7,6,7,5,7,5,7,4,7,4,7,4,7,4,7,3,7,4,7,4,7,3,7,3,6,2,7,2,6,2,7,2,7,2,7,2,7,2,7,2,6,2,6,2,0,0,6,2,6,3,5,3,5,2,5,3,5,3,4,3,4,3,4,3,3,3,3,2,2,3,2,3,1,2,1,2,1,2,1,2,0,2,0,2,0,1,0,1,-1,1,-1,1,-1,0,-1,0,-2,0,0,0,0,0,0,0,0,0,0,0,0,0,0,0,47,59,43,57,43,52,39,53,43,52,41,47,38,47,37,44,41,39,35,39,34,40,38,34,38,37,37,35,40,30,38,30,39,30,39,29,38,28,35,24,38,24,34,24,35,18,35,23,34,23,37,22,36,25,34,19,34,20,34,23,36,24,33,24,33,24,29,24,30,22,25,25,27,21,23,25,19,25,17,22,20,20,13,23,11,22,10,21,7,16,2,16,3,18,3,17,0,14,-3,14,-2,12,-5,7,-4,7,-3,5,-3,5,-8,-1,-9,1,0,0,0,0,0,0,0,0,0,0,0,0,0,0,0,0,0,0,0,0,0,0,16,6,18,7,18,11,20,11,18,16,16,13,18,21,13,21,14,27,14,29,15,34,13,35,13,36,15,38,11,42,3,45,4,45,3,50,-1,51,-4,53,-7,52,-8,58,-14,58,-14,57,-21,58,-23,60,-23,60,-26,62,-28,63,-29,58,-30,60,-34,59,-35,56,-35,60,-37,60,-36,59,-37,61,-36,61,-39,61,-37,64,-42,63,-40,63,-40,63,-42,70,-44,64,-42,69,-51,65,-51,67,-50,68,-53,68,-54,69,-57,68,-58,63,-63,60,-59,61,-62,60,-63,55,0,0]"
CSI_DATA,359,1a:00:00:00:00:00,-45,11,1,0,1,1,1,0,0,0,1,-96,0,11,2,4980190,0,44,0,384,0,"[0,0,0,0,0,0,0,0,0,0,0,0,11,0,11,-1,10,0,10,0,9,0,9,-1,9,-1,8,-2,8,-2,8,-1,8,-2,8,-2,7,-2,7,-2,7,-2,7,-2,7,-3,7,-2,7,-3,6,-2,6,-3,6,-3,6,-3,6,-3,6,-2,6,-3,0,0,6,-3,6,-2,6,-2,6,-2,6,-1,5,-1,5,-1,5,0,5,0,4,0,4,0,4,0,3,1,3,1,3,1,2,1,2,1,2,1,2,1,1,1,1,1,0,1,0,1,-1,1,-1,0,-1,0,0,0,0,0,0,0,0,0,0,0,0,0,0,0,74,13,70,9,70,8,64,6,62,8,59,9,60,7,57,8,54,2,54,3,55,1,51,1,48,-2,49,-2,47,2,48,-4,46,-3,47,-8,44,-6,42,-7,46,-8,41,-12,41,-10,40,-13,41,-11,37,-12,37,-11,39,-9,39,-13,39,-8,39,-9,38,-8,37,-5,36,-6,35,-4,34,-2,32,-1,33,1,31,2,28,3,27,0,24,8,23,6,21,10,16,10,20,5,12,9,12,9,10,8,9,7,7,8,4,8,3,7,2,5,-1,6,-3,3,-6,1,0,0,0,0,0,0,0,0,0,0,0,0,0,0,0,0,0,0,0,0,0,0,17,-6,19,-5,20,-3,23,1,24,2,26,5,25,8,28,4,28,9,30,13,29,18,29,18,33,24,33,27,33,30,32,31,31,35,30,37,33,39,30,43,26,46,26,51,25,47,21,54,19,56,20,57,17,63,16,62,16,63,13,62,12,63,14,66,11,66,10,67,10,66,12,68,8,67,10,70,8,67,12,73,10,73,12,70,7,77,11,77,8,77,18,74,8,77,12,82,6,84,1,84,1,85,0,85,-1,83,0,79,-9,83,-8,82,-3,82,0,0]"
CSI_DATA,360,1a:00:00:00:00:00,-44,11,1,0,1,1,1,0,0,0,1,-96,0,11,2,5000066,0,44,0,384,0,"[0,0,0,0,0,0,0,0,0,0,0,0,-7,-10,-6,-10,-7,-10,-7,-9,-7,-9,-6,-9,-6,-8,-6,-8,-6,-8,-7,-8,-6,-7,-6,-7,-7,-7,-7,-7,-7,-7,-6,-6,-6,-6,-6,-6,-7,-6,-7,-6,-6,-6,-7,-6,-6,-5,-6,-6,-6,-6,-6,-6,0,0,-6,-6,-6,-6,-5,-6,-5,-6,-4,-6,-4,-6,-4,-6,-4,-6,-3,-5,-3,-5,-2,-5,-2,-5,-2,-5,-1,-5,-1,-4,-1,-4,0,-4,0,-3,0,-3,0,-2,0,-2,1,-2,1,-1,1,-1,1,-1,0,0,0,0,0,0,0,0,0,0,0,0,0,0,0,0,-43,-63,-44,-60,-44,-56,-40,-56,-44,-53,-43,-48,-36,-46,-39,-47,-37,-43,-39,-43,-33,-42,-37,-39,-38,-38,-35,-35,-36,-35,-35,-30,-40,-28,-39,-30,-39,-27,-36,-27,-43,-27,-36,-25,-35,-26,-35,-26,-37,-22,-37,-23,-39,-21,-37,-22,-38,-21,-37,-21,-35,-24,-36,-22,-32,-25,-33,-23,-31,-26,-31,-27,-26,-25,-22,-26,-20,-26,-19,-22,-19,-23,-16,-24,-11,-21,-8,-21,-8,-19,-9,-18,-4,-19,-3,-17,-1,-15,-1,-15,2,-13,3,-9,4,-7,2,-7,7,-6,6,-3,5,0,0,0,0,0,0,0,0,0,0,0,0,0,0,0,0,0,0,0,0,0,0,0,-15,-10,-19,-12,-18,-12,-15,-18,-17,-19,-17,-22,-13,-22,-16,-26,-15,-31,-12,-33,-9,-34,-9,-37,-9,-41,-7,-44,-3,-45,1,-45,2,-51,7,-51,10,-52,11,-54,10,-53,18,-57,20,-57,22,-55,28,-59,23,-60,31,-61,35,-59,33,-58,36,-58,36,-55,41,-55,41,-58,39,-58,41,-57,43,-57,43,-55,40,-55,42,-57,47,-60,47,-64,45,-59,46,-60,49,-67,50,-63,45,-61,54,-64,56,-64,54,-65,56,-65,60,-64,59,-63,61,-62,61,-60,59,-57,68,-59,65,-54,0,0]"
CSI_DATA,361,1a:00:00:00:00:00,-44,11,1,0,1,1,1,0,0,0,1,-96,0,11,2,5010314,0,44,0,384,0,"[0,0,0,0,0,0,0,0,0,0,0,0,7,-9,7,-9,6,-8,6,-8,6,-8,5,-8,5,-8,5,-8,5,-8,4,-8,5,-8,4,-8,4,-7,3,-7,3,-7,3,-8,3,-7,3,-7,3,-7,2,-7,2,-7,2,-7,3,-7,2,-7,3,-7,3,-7,0,0,3,-7,3,-6,3,-6,3,-6,3,-5,3,-5,3,-5,3,-4,3,-4,3,-4,4,-3,3,-3,3,-3,3,-2,3,-2,3,-2,2,-1,2,-1,2,-1,2,0,1,0,1,0,0,0,0,0,0,0,0,1,0,0,0,0,0,0,0,0,0,0,0,0,0,0,44,-58,48,-54,46,-52,40,-53,42,-51,40,-49,35,-48,35,-48,34,-46,33,-48,29,-44,26,-44,24,-47,24,-41,21,-41,24,-44,23,-45,21,-41,22,-37,18,-42,18,-47,18,-41,13,-40,17,-41,16,-37,15,-38,14,-41,14,-37,14,-38,14,-40,15,-38,16,-36,19,-35,18,-33,15,-32,21,-30,22,-28,20,-27,21,-25,21,-24,23,-20,19,-18,20,-15,17,-12,19,-11,17,-9,16,-8,15,-4,17,-3,10,-4,9,1,12,1,6,3,4,2,2,3,1,4,-1,3,0,0,0,0,0,0,0,0,0,0,0,0,0,0,0,0,0,0,0,0,0,0,3,-19,3,-23,5,-20,5,-19,11,-20,13,-24,17,-24,19,-21,19,-20,26,-21,27,-22,30,-24,32,-19,37,-21,42,-18,40,-13,45,-15,46,-15,52,-12,56,-7,52,-7,56,-1,56,0,60,-2,59,5,59,6,60,11,63,13,63,14,64,18,60,19,65,20,60,25,66,22,68,22,61,25,63,21,65,21,62,23,67,25,66,26,68,28,71,27,72,28,70,24,76,32,73,27,73,31,71,38,73,36,74,39,74,39,72,41,71,45,70,44,69,49,66,49,0,0]"
CSI_DATA,362,1a:00:00:00:00:00,-45,11,1,0,1,1,1,0,0,0,1,-96,0,11,2,5020121,0,44,0,384,0,"[0,0,0,0,0,0,0,0,0,0,0,0,-11,5,-10,5,-10,5,-9,5,-9,5,-9,5,-9,5,-8,5,-8,5,-7,5,-7,5,-7,5,-7,5,-7,5,-6,5,-6,5,-6,5,-6,5,-5,5,-5,5,-5,5,-5,5,-6,5,-5,5,-5,5,-6,5,0,0,-5,5,-5,4,-5,4,-6,4,-5,3,-6,3,-5,3,-5,2,-5,2,-5,1,-5,1,-4,1,-5,1,-4,0,-4,0,-4,0,-3,0,-3,-1,-3,-1,-2,-1,-2,-2,-2,-1,-1,-1,-1,-2,-1,-2,0,-1,0,0,0,0,0,0,0,0,0,0,0,0,0,0,-73,28,-69,22,-68,26,-62,27,-62,28,-58,23,-55,22,-57,25,-53,26,-51,27,-51,25,-48,27,-46,28,-43,27,-42,25,-43,29,-39,26,-40,25,-36,27,-34,29,-35,27,-31,31,-29,31,-30,29,-29,27,-33,30,-31,32,-32,30,-32,28,-31,27,-32,28,-30,29,-32,23,-30,25,-31,23,-31,20,-31,19,-30,16,-30,16,-29,16,-24,10,-26,8,-26,5,-23,2,-23,3,-21,1,-18,1,-15,-4,-17,-2,-13,-6,-13,-3,-8,-6,-7,-6,-4,-8,-4,-7,-1,-6,2,-6,0,0,0,0,0,0,0,0,0,0,0,0,0,0,0,0,0,0,0,0,0,0,-12,11,-16,14,-18,12,-22,10,-25,9,-24,8,-29,8,-30,6,-31,5,-35,2,-37,0,-42,0,-38,-6,-42,-9,-45,-10,-44,-14,-47,-16,-48,-17,-50,-22,-50,-26,-50,-26,-49,-33,-46,-34,-46,-40,-47,-42,-48,-46,-45,-45,-48,-49,-44,-50,-42,-50,-45,-53,-44,-55,-42,-57,-43,-58,-41,-56,-44,-51,-44,-58,-44,-57,-39,-56,-42,-60,-48,-60,-47,-60,-46,-62,-50,-61,-47,-65,-48,-64,-49,-65,-51,-65,-47,-71,-48,-73,-45,-73,-43,-77,-45,-75,-38,-72,-38,-77,-35,-75,-36,-75,0,0]"
CSI_DATA,363,1a:00:00:00:00:00,-44,11,1,0,1,1,1,0,0,0,1,-96,0,11,2,5030820,0,44,0,384,0,"[0,0,0,0,0,0,0,0,0,0,0,0,-8,8,-8,8,-7,8,-7,8,-7,7,-7,8,-6,8,-6,7,-6,7,-5,7,-5,7,-5,7,-5,7,-4,7,-4,7,-4,7,-4,7,-4,7,-3,7,-3,7,-3,6,-3,7,-4,6,-3,6,-3,6,-4,6,0,0,-4,6,-3,6,-3,5,-4,5,-4,5,-4,5,-4,4,-4,4,-4,3,-4,3,-4,3,-4,2,-4,2,-3,1,-4,1,-3,1,-3,1,-3,0,-3,0,-2,-1,-2,-1,-2,-1,-2,-1,-2,-1,-1,-1,-1,-1,0,0,0,0,0,0,0,0,0,0,0,0,0,0,-46,57,-41,54,-42,57,-38,50,-38,49,-35,50,-36,49,-35,47,-30,44,-26,42,-26,47,-24,48,-21,47,-26,42,-22,44,-21,42,-22,41,-22,42,-16,41,-16,42,-17,42,-16,42,-14,41,-12,41,-10,39,-11,38,-13,40,-15,41,-13,39,-14,38,-14,36,-12,37,-12,37,-15,33,-16,34,-18,31,-17,28,-18,27,-17,25,-18,23,-19,21,-19,19,-16,18,-18,13,-17,10,-13,12,-15,9,-16,7,-13,6,-13,3,-13,-2,-12,-1,-10,-2,-5,-6,-6,-3,-5,-3,-3,-6,0,0,0,0,0,0,0,0,0,0,0,0,0,0,0,0,0,0,0,0,0,0,-3,16,-7,18,-7,19,-12,20,-9,20,-14,19,-17,20,-20,23,-23,21,-24,21,-29,22,-34,18,-35,17,-36,17,-42,12,-45,17,-48,10,-49,12,-52,7,-55,9,-53,4,-59,1,-59,-2,-60,-4,-59,-10,-62,-10,-63,-11,-61,-14,-62,-16,-63,-21,-61,-20,-64,-20,-65,-24,-64,-22,-64,-24,-68,-22,-64,-22,-63,-22,-62,-25,-68,-26,-68,-25,-68,-26,-73,-24,-70,-26,-72,-31,-77,-21,-75,-30,-77,-28,-79,-33,-74,-35,-72,-41,-72,-39,-77,-42,-77,-43,-73,-45,-67,-44,-72,-45,0,0]"
CSI_DATA,364,1a:00:00:00:00:00,-44,11,1,0,1,1,1,0,0,0,1,-96,0,11,2,5050381,0,44,0,384,0,"[0,0,0,0,0,0,0,0,0,0,0,0,9,7,9,7,9,7,8,6,8,6,8,5,8,5,8,4,8,4,8,4,8,4,8,3,8,3,7,4,8,3,7,3,7,2,7,2,7,2,7,3,7,2,7,2,7,2,7,2,7,2,7,2,0,0,7,2,6,3,6,2,6,2,5,3,5,3,5,3,4,3,4,3,3,3,3,3,3,3,2,3,2,3,1,3,1,2,1,2,1,2,0,2,0,2,0,1,-1,1,-1,1,-1,0,-1,0,-1,0,0,0,0,0,0,0,0,0,0,0,0,0,0,0,53,60,51,54,47,57,50,49,43,50,43,54,43,45,43,43,42,40,42,40,41,36,41,33,39,35,39,31,38,33,38,29,37,32,38,26,38,25,36,26,39,22,36,20,39,23,36,19,35,18,36,20,37,20,35,20,38,17,34,21,32,21,36,22,32,22,35,20,29,21,29,22,25,21,24,25,23,28,22,25,16,21,14,20,11,20,12,20,8,20,5,17,4,16,3,17,0,12,2,14,-3,13,-5,9,-4,6,-6,7,-7,3,-3,2,-8,0,0,0,0,0,0,0,0,0,0,0,0,0,0,0,0,0,0,0,0,0,0,0,18,8,16,10,21,12,17,15,18,18,15,18,16,20,17,22,17,24,14,32,12,32,12,37,11,38,9,38,6,44,4,48,2,48,-2,49,-3,55,-8,57,-9,60,-11,57,-15,58,-20,59,-24,60,-26,60,-27,56,-28,62,-29,59,-33,61,-34,60,-34,61,-37,59,-38,59,-36,58,-39,58,-35,59,-38,60,-41,57,-42,61,-42,67,-38,60,-44,66,-45,68,-41,66,-42,74,-44,67,-50,68,-47,71,-54,67,-56,66,-56,69,-56,66,-55,65,-61,64,-62,60,-57,61,0,0]"
CSI_DATA,365,1a:00:00:00:00:00,-44,11,1,0,1,1,1,0,0,0,1,-96,0,11,2,5061193,0,44,0,384,0,"[0,0,0,0,0,0,0,0,0,0,0,0,-2,-12,-2,-12,-2,-11,-2,-11,-2,-11,-2,-10,-2,-10,-3,-10,-3,-9,-3,-9,-3,-9,-3,-9,-4,-8,-4,-8,-4,-8,-3,-8,-3,-8,-3,-7,-4,-8,-4,-7,-4,-7,-4,-7,-4,-7,-4,-7,-4,-7,-3,-7,0,0,-3,-7,-3,-7,-3,-7,-3,-6,-2,-7,-2,-7,-2,-6,-1,-6,-1,-6,-1,-5,0,-5,0,-5,0,-5,0,-4,0,-4,1,-4,0,-3,1,-3,1,-2,1,-2,1,-2,1,-1,1,-1,1,-1,1,0,0,0,0,0,0,0,0,0,0,0,0,0,0,0,0,0,-2,-76,-1,-77,-1,-68,-5,-67,-2,-68,-1,-63,-1,-61,-2,-60,-5,-60,-1,-57,-7,-56,-4,-55,-7,-55,-6,-54,-8,-52,-12,-52,-9,-46,-10,-48,-10,-47,-14,-47,-14,-47,-14,-45,-12,-44,-15,-40,-15,-40,-12,-41,-12,-39,-14,-43,-13,-42,-14,-42,-14,-43,-9,-39,-10,-38,-8,-33,-6,-37,-4,-33,-2,-37,-4,-33,2,-32,0,-29,2,-29,9,-26,9,-24,6,-21,8,-17,9,-20,7,-16,8,-13,10,-11,8,-11,9,-8,10,-9,8,-4,8,-4,6,-1,5,3,5,3,0,0,0,0,0,0,0,0,0,0,0,0,0,0,0,0,0,0,0,0,0,0,-11,-17,-9,-17,-12,-19,-6,-23,-6,-24,-4,-27,-4,-28,-1,-30,2,-32,6,-34,8,-35,13,-39,12,-37,16,-39,19,-38,22,-44,26,-43,31,-42,30,-42,38,-42,40,-45,41,-39,44,-38,53,-34,50,-32,54,-35,55,-34,54,-29,56,-33,60,-30,65,-28,60,-25,65,-29,62,-28,65,-24,67,-26,69,-23,67,-25,67,-24,68,-26,69,-27,71,-28,71,-27,74,-26,72,-22,73,-27,75,-25,81,-25,82,-26,86,-21,82,-18,86,-21,82,-17,90,-15,83,-9,84,-7,82,-12,0,0]"
CSI_DATA,366,1a:00:00:00:00:00,-45,11,1,0,1,1,1,0,0,0,1,-96,0,11,2,5070125,0,44,0,384,0,"[0,0,0,0,0,0,0,0,0,0,0,0,11,-3,11,-2,10,-2,10,-2,9,-2,9,-3,9,-3,9,-3,8,-3,8,-3,8,-3,8,-4,7,-3,7,-3,7,-3,7,-4,6,-4,7,-4,6,-4,6,-4,6,-4,6,-4,6,-4,6,-4,6,-4,6,-4,0,0,6,-4,6,-4,5,-3,6,-3,5,-3,5,-2,5,-2,5,-2,5,-1,5,-1,4,-1,4,-1,4,0,3,0,3,0,3,0,2,0,2,0,2,1,1,1,1,1,0,1,0,1,0,1,-1,1,-1,0,0,0,0,0,0,0,0,0,0,0,0,0,0,0,78,-13,74,-7,74,-7,66,-9,65,-8,68,-7,60,-7,60,-11,57,-10,54,-9,53,-17,53,-15,51,-17,49,-15,46,-12,44,-13,48,-13,45,-15,43,-14,41,-20,42,-19,41,-20,37,-19,35,-19,34,-20,37,-22,39,-19,37,-18,41,-15,37,-21,39,-19,36,-19,32,-16,36,-16,34,-16,34,-14,34,-10,34,-10,32,-8,28,-6,26,-1,26,0,25,1,21,0,22,2,16,6,15,3,13,4,13,8,11,8,10,9,7,10,4,8,2,7,-2,8,-3,6,-5,5,0,0,0,0,0,0,0,0,0,0,0,0,0,0,0,0,0,0,0,0,0,0,14,-9,18,-9,21,-8,19,-6,21,-6,27,-5,26,-4,28,-2,32,2,33,2,33,9,37,15,37,14,39,20,42,19,38,23,39,25,41,32,41,31,40,33,43,37,39,40,37,44,36,49,31,53,37,55,29,56,34,58,27,57,31,61,27,59,28,64,29,58,27,63,31,65,28,64,26,63,20,65,23,68,24,70,30,71,29,66,30,71,31,75,33,73,28,71,32,76,34,80,30,79,23,79,22,79,22,83,24,84,20,82,14,86,14,84,17,81,0,0]"
CSI_DATA,367,1a:00:00:00:00:00,-45,11,1,0,1,1,1,0,0,0,1,-96,0,11,2,5080091,0,44,0,384,0,"[0,0,0,0,0,0,0,0,0,0,0,0,-12,0,-12,0,-11,0,-11,0,-11,0,-10,0,-10,0,-10,1,-10,1,-10,1,-9,1,-9,1,-9,1,-9,1,-8,1,-9,1,-8,1,-8,1,-8,2,-8,2,-7,2,-8,2,-8,2,-8,1,-8,1,-8,1,0,0,-7,1,-7,1,-7,0,-7,0,-7,0,-7,0,-6,-1,-6,-1,-6,-1,-5,-1,-5,-2,-4,-2,-4,-2,-4,-2,-4,-2,-3,-2,-3,-2,-2,-2,-2,-2,-2,-2,-1,-2,-1,-2,-1,-2,0,-2,0,-1,0,-1,0,0,0,0,0,0,0,0,0,0,0,0,0,0,-74,1,-73,3,-72,9,-66,4,-65,6,-64,2,-62,6,-59,6,-58,5,-55,8,-53,7,-51,7,-50,9,-53,7,-49,8,-44,12,-47,9,-40,11,-47,10,-42,16,-42,15,-41,14,-42,16,-36,16,-42,14,-37,16,-41,14,-42,16,-39,13,-37,16,-39,11,-37,10,-37,9,-36,11,-36,8,-36,5,-34,6,-35,7,-33,-1,-32,-1,-31,-2,-28,-2,-22,-5,-21,-5,-16,-6,-17,-7,-15,-8,-15,-10,-12,-11,-12,-11,-7,-9,-4,-11,-3,-12,2,-11,1,-5,2,-4,6,-6,0,0,0,0,0,0,0,0,0,0,0,0,0,0,0,0,0,0,0,0,0,0,-14,11,-15,9,-21,9,-20,9,-24,6,-26,6,-29,2,-29,1,-32,0,-32,-3,-36,-4,-38,-6,-41,-13,-39,-14,-39,-19,-46,-20,-42,-23,-41,-28,-45,-30,-40,-32,-40,-35,-42,-39,-41,-46,-38,-49,-39,-50,-37,-50,-34,-51,-33,-57,-35,-59,-36,-58,-31,-59,-31,-59,-29,-62,-26,-59,-26,-62,-27,-59,-30,-63,-29,-62,-26,-64,-32,-64,-30,-65,-33,-67,-27,-69,-32,-71,-29,-71,-40,-67,-25,-75,-31,-76,-27,-80,-25,-81,-23,-82,-26,-79,-19,-81,-22,-85,-24,-85,-17,-84,-14,-82,0,0]"
CSI_DATA,368,1a:00:00:00:00:00,-44,11,1,0,1,1,1,0,0,0,1,-96,0,11,2,5090189,0,44,0,384,0,"[0,0,0,0,0,0,0,0,0,0,0,0,2,-12,2,-12,2,-11,1,-11,1,-10,2,-10,1,-10,1,-10,1,-10,0,-9,1,-9,0,-9,0,-9,0,-9,0,-9,0,-9,0,-9,-1,-8,-1,-8,-1,-8,-1,-8,-1,-8,0,-8,-1,-8,-1,-8,0,-8,0,0,0,-7,0,-8,0,-7,1,-7,1,-7,1,-7,1,-6,1,-6,2,-5,2,-5,2,-4,2,-4,2,-4,2,-3,2,-3,2,-2,2,-2,2,-2,2,-2,1,-1,1,-1,1,-1,1,0,1,0,0,0,0,0,0,0,0,0,0,0,0,0,0,0,0,0,0,0,17,-76,13,-71,14,-73,12,-67,13,-60,12,-65,10,-58,9,-61,12,-57,7,-56,6,-52,4,-53,0,-53,5,-52,3,-50,3,-50,0,-45,-1,-48,1,-45,-3,-44,-1,-48,-1,-41,-6,-43,-6,-43,-8,-43,-4,-43,-5,-44,-4,-43,-2,-40,-4,-40,-3,-39,-1,-44,-2,-39,1,-38,0,-39,6,-36,4,-36,5,-31,3,-32,4,-31,5,-28,11,-23,11,-21,13,-20,10,-19,13,-15,11,-14,10,-10,11,-11,10,-7,7,-4,11,-5,10,-4,8,-1,6,3,6,3,1,6,0,0,0,0,0,0,0,0,0,0,0,0,0,0,0,0,0,0,0,0,0,0,-5,-18,-11,-19,-7,-20,-4,-28,2,-20,1,-27,-1,-30,5,-31,10,-32,9,-33,20,-31,15,-34,24,-35,24,-34,28,-30,32,-35,30,-39,38,-33,40,-34,43,-33,48,-33,50,-32,51,-29,55,-22,57,-21,61,-23,59,-18,61,-19,62,-17,64,-15,62,-18,65,-14,64,-11,65,-13,66,-12,68,-12,65,-10,67,-7,69,-8,69,-7,71,-10,72,-10,76,-9,74,-14,77,-8,82,-9,78,-13,83,-12,80,-12,83,-3,80,1,87,1,87,4,82,1,83,5,87,9,82,8,0,0]"
CSI_DATA,369,1a:00:00:00:00:00,-45,11,1,0,1,1,1,0,0,0,1,-96,0,11,2,5101768,0,44,0,384,0,"[0,0,0,0,0,0,0,0,0,0,0,0,10,6,9,5,9,5,9,5,9,5,8,4,9,4,8,4,8,3,8,3,8,3,8,3,8,2,7,2,8,2,7,2,7,2,7,1,7,1,7,1,7,1,7,1,7,1,7,1,7,1,6,1,0,0,6,2,6,2,6,2,6,2,5,2,5,2,5,3,4,3,4,3,3,3,3,3,3,3,2,3,2,2,1,2,1,2,1,2,1,2,0,2,0,1,-1,1,-1,1,-1,1,-1,0,-2,0,-1,0,0,0,0,0,0,0,0,0,0,0,0,0,0,0,63,38,59,36,61,32,60,32,56,34,53,30,52,28,55,28,49,23,49,24,47,24,47,19,48,20,48,16,44,17,46,14,44,15,47,10,45,12,43,13,45,10,42,10,40,8,40,8,37,7,40,8,41,9,41,6,38,6,37,11,40,10,38,9,35,12,36,15,32,17,31,10,30,11,27,14,28,16,24,13,21,18,19,14,15,15,18,17,12,16,11,15,10,15,6,15,7,10,1,14,0,10,-1,9,1,8,-3,8,-4,3,-4,2,-6,1,0,0,0,0,0,0,0,0,0,0,0,0,0,0,0,0,0,0,0,0,0,0,14,-1,21,1,20,3,23,4,21,8,23,13,26,11,25,12,25,17,26,22,28,23,24,26,24,29,28,34,22,36,20,42,21,41,19,45,22,48,13,53,13,57,13,60,8,54,8,60,3,60,-2,62,0,63,-1,65,-6,64,-4,67,-10,63,-12,69,-12,66,-11,64,-11,67,-13,69,-15,63,-11,67,-15,66,-12,71,-13,73,-12,72,-15,73,-16,76,-17,76,-16,76,-18,82,-20,79,-24,80,-22,79,-25,82,-29,84,-29,79,-28,79,-34,79,-35,76,-37,75,0,0]"
CSI_DATA,370,1a:00:00:00:00:00,-45,11,1,0,1,1,1,0,0,0,1,-96,0,11,2,5110719,0,44,0,384,0,"[0,0,0,0,0,0,0,0,0,0,0,0,-11,4,-11,4,-10,4,-10,3,-10,3,-10,4,-9,4,-9,4,-9,4,-8,4,-8,4,-8,4,-7,4,-7,4,-7,4,-7,4,-7,4,-6,4,-6,4,-6,4,-6,4,-6,4,-6,4,-6,4,-6,4,-6,4,0,0,-6,4,-6,3,-6,3,-6,3,-6,2,-5,2,-6,2,-6,1,-6,1,-5,1,-5,0,-5,0,-4,0,-4,-1,-4,-1,-3,-1,-3,-1,-3,-1,-3,-1,-2,-1,-2,-2,-1,-2,-1,-2,-1,-2,-1,-2,0,-2,0,0,0,0,0,0,0,0,0,0,0,0,0,0,-71,13,-72,16,-68,16,-65,16,-66,18,-61,13,-63,16,-59,14,-56,13,-55,17,-54,15,-49,19,-50,16,-47,18,-46,16,-44,19,-44,18,-42,19,-40,21,-41,19,-41,22,-35,21,-37,21,-37,20,-37,19,-38,17,-37,21,-35,21,-34,18,-34,19,-34,20,-34,16,-33,13,-31,12,-34,15,-32,10,-32,9,-32,7,-30,6,-30,4,-29,3,-26,-1,-24,-4,-21,-3,-19,-5,-21,-5,-19,-4,-15,-6,-13,-5,-10,-8,-8,-8,-4,-6,-2,-6,-3,-9,-2,-6,-2,-7,1,-7,0,0,0,0,0,0,0,0,0,0,0,0,0,0,0,0,0,0,0,0,0,0,-10,17,-14,12,-15,13,-23,10,-20,10,-25,11,-25,9,-30,7,-31,5,-33,3,-38,1,-38,-1,-41,-3,-44,-8,-42,-7,-46,-16,-49,-15,-48,-22,-50,-18,-49,-25,-46,-28,-49,-32,-49,-34,-46,-37,-45,-40,-45,-45,-45,-46,-45,-49,-42,-50,-43,-50,-38,-51,-38,-54,-42,-57,-40,-52,-36,-54,-39,-53,-41,-54,-38,-54,-38,-55,-43,-59,-39,-62,-42,-59,-41,-61,-41,-66,-41,-65,-46,-66,-42,-72,-41,-70,-42,-71,-38,-74,-39,-73,-42,-81,-35,-78,-28,-77,-32,-79,-27,-77,-28,-77,0,0]"
CSI_DATA,371,1a:00:00:00:00:00,-44,11,1,0,1,1,1,0,0,0,1,-96,0,11,2,5120096,0,44,0,384,0,"[0,0,0,0,0,0,0,0,0,0,0,0,-8,9,-8,9,-7,9,-7,8,-7,8,-7,8,-6,8,-6,8,-6,8,-5,7,-6,7,-5,7,-5,7,-4,7,-4,7,-4,8,-4,7,-4,7,-3,7,-3,7,-3,6,-3,7,-4,7,-3,7,-3,6,-4,6,0,0,-4,6,-4,6,-3,6,-4,6,-4,5,-4,5,-4,5,-4,4,-4,3,-5,3,-4,3,-4,2,-4,2,-4,1,-4,1,-3,1,-3,1,-3,0,-3,0,-3,-1,-2,-1,-2,-1,-1,-1,-1,-1,-1,-2,0,-1,0,0,0,0,0,0,0,0,0,0,0,0,0,0,-47,58,-47,57,-49,61,-43,52,-40,54,-41,52,-38,48,-38,49,-34,48,-32,49,-29,50,-31,46,-28,46,-27,41,-23,43,-25,45,-22,43,-19,44,-17,38,-20,40,-17,43,-14,42,-13,41,-16,42,-16,36,-15,42,-14,40,-14,40,-17,39,-13,39,-12,38,-13,35,-11,35,-15,34,-12,33,-20,30,-19,30,-21,29,-19,26,-16,21,-20,22,-18,22,-18,15,-18,11,-15,11,-19,8,-15,8,-15,3,-14,2,-13,5,-12,2,-9,-2,-10,0,-8,-2,-6,-7,-1,-6,-2,-5,0,0,0,0,0,0,0,0,0,0,0,0,0,0,0,0,0,0,0,0,0,0,-3,17,-2,19,-7,18,-11,20,-15,22,-16,19,-19,19,-23,19,-27,21,-27,19,-28,21,-32,18,-38,18,-39,17,-41,18,-44,12,-49,12,-51,6,-55,11,-55,7,-54,0,-57,-2,-56,-2,-60,-6,-63,-8,-65,-10,-66,-11,-66,-15,-65,-17,-68,-18,-67,-20,-64,-22,-65,-25,-66,-26,-65,-24,-66,-27,-67,-24,-67,-24,-66,-25,-71,-25,-72,-26,-72,-27,-73,-27,-72,-28,-75,-31,-81,-28,-80,-34,-78,-33,-78,-36,-79,-39,-80,-39,-78,-39,-77,-41,-73,-45,-77,-45,-72,-49,-71,-51,0,0]"
CSI_DATA,372,1a:00:00:00:00:00,-45,11,1,0,1,1,1,0,0,0,1,-96,0,11,2,5130114,0,44,0,384,0,"[0,0,0,0,0,0,0,0,0,0,0,0,5,11,5,10,5,10,5,9,5,9,4,8,5,8,4,8,5,8,5,8,5,7,5,7,5,7,5,6,5,6,5,6,5,5,5,6,5,5,5,5,5,5,5,5,5,5,5,5,4,5,4,5,0,0,4,5,4,6,3,5,3,5,3,5,2,5,2,5,1,5,1,5,0,4,0,4,0,4,0,4,0,3,-1,3,-1,2,-1,2,-1,2,-2,2,-2,1,-2,1,-2,1,-1,0,-2,0,-1,-1,-1,-1,0,0,0,0,0,0,0,0,0,0,0,0,0,0,36,61,33,68,32,59,32,61,32,59,29,53,25,53,26,52,30,52,26,47,28,46,29,43,31,40,27,38,29,39,29,37,28,34,30,33,28,32,28,34,27,34,27,33,28,30,29,28,31,30,26,30,29,31,29,29,26,28,27,28,26,32,24,33,24,31,23,28,18,32,18,28,15,28,16,31,13,30,9,24,6,28,2,21,2,24,1,19,-1,17,-2,16,-1,17,-3,13,-7,13,-3,7,-8,9,-6,4,-7,7,-7,2,-7,0,-4,-2,-2,-3,0,0,0,0,0,0,0,0,0,0,0,0,0,0,0,0,0,0,0,0,0,0,17,4,18,7,19,8,19,11,17,16,15,16,18,18,15,22,17,29,17,30,15,30,13,32,10,37,11,41,6,43,5,47,0,49,-4,52,-4,50,-9,52,-8,53,-11,58,-19,55,-17,56,-23,53,-24,59,-30,58,-32,58,-34,53,-35,56,-38,56,-40,53,-41,52,-40,52,-40,56,-42,54,-40,57,-41,53,-42,54,-44,55,-45,56,-49,59,-49,56,-48,61,-49,57,-48,62,-54,59,-54,61,-59,61,-62,60,-63,58,-63,58,-68,58,-65,49,-71,52,-68,50,-72,48,0,0]"
CSI_DATA,373,1a:00:00:00:00:00,-45,11,1,0,1,1,1,0,0,0,1,-96,0,11,2,5140108,0,44,0,384,0,"[0,0,0,0,0,0,0,0,0,0,0,0,7,-10,7,-10,6,-9,7,-9,6,-9,6,-9,5,-9,5,-9,5,-8,4,-8,4,-8,4,-8,4,-8,3,-8,4,-8,3,-8,3,-8,3,-7,3,-7,2,-7,2,-7,2,-7,2,-7,2,-7,2,-7,3,-7,0,0,3,-7,3,-7,3,-6,3,-6,3,-6,3,-5,4,-5,3,-5,3,-4,3,-4,3,-3,3,-3,3,-3,2,-2,3,-2,2,-1,2,-1,2,-1,2,0,2,0,1,0,1,0,1,0,0,0,0,1,0,1,0,0,0,0,0,0,0,0,0,0,0,0,0,0,49,-56,51,-53,47,-49,50,-49,44,-51,41,-48,43,-43,42,-42,40,-42,38,-42,35,-43,35,-40,34,-42,31,-39,27,-42,24,-39,25,-41,21,-40,21,-39,20,-38,23,-41,21,-40,16,-38,24,-35,16,-40,21,-39,20,-36,16,-38,18,-36,16,-38,19,-36,20,-38,20,-32,20,-32,18,-33,20,-27,19,-25,25,-22,22,-18,22,-18,20,-20,21,-16,20,-13,17,-11,20,-9,15,-7,15,-5,16,-4,12,-2,10,1,6,4,9,2,7,5,5,3,3,2,1,7,0,5,0,0,0,0,0,0,0,0,0,0,0,0,0,0,0,0,0,0,0,0,0,0,2,-18,3,-19,6,-18,9,-21,11,-22,15,-20,20,-19,18,-20,20,-23,26,-22,28,-20,32,-22,32,-17,38,-17,39,-14,41,-12,47,-14,49,-11,50,-9,56,-5,52,-5,55,3,55,3,57,4,60,10,58,8,61,10,62,17,62,17,64,19,63,22,60,24,62,24,58,26,61,24,62,27,59,26,67,25,66,28,68,25,67,27,66,28,66,30,69,31,70,31,72,30,71,34,74,40,73,31,73,46,69,42,75,45,75,46,68,47,67,51,64,53,66,53,0,0]"
CSI_DATA,374,1a:00:00:00:00:00,-45,11,1,0,1,1,1,0,0,0,1,-96,0,11,2,5160090,0,44,0,384,0,"[0,0,0,0,0,0,0,0,0,0,0,0,5,9,5,9,5,9,5,8,5,8,5,7,5,7,5,7,5,6,5,6,5,6,5,6,5,6,5,6,5,5,5,5,5,5,5,5,5,5,5,5,5,4,5,5,4,4,5,4,5,4,4,4,0,0,4,4,4,5,3,4,3,4,3,4,3,5,2,5,2,4,1,4,1,4,1,4,0,4,0,3,0,3,0,3,-1,2,-1,2,-1,2,-1,1,-1,1,-1,1,-2,1,-2,0,-2,0,-1,-1,-1,-1,0,0,0,0,0,0,0,0,0,0,0,0,0,0,21,73,18,71,18,71,18,64,17,66,15,62,18,61,20,58,19,54,19,53,18,51,18,51,19,48,15,48,19,46,19,43,19,43,21,41,21,39,19,40,21,42,22,39,22,36,20,37,20,34,19,36,22,36,24,33,21,32,20,35,18,34,19,37,18,33,15,32,12,33,13,32,12,31,7,30,5,32,0,29,2,30,0,26,-1,25,0,22,-5,21,-7,19,-4,14,-3,13,-6,13,-7,6,-8,7,-10,6,-7,3,-9,0,-7,1,-6,-3,-4,-4,0,0,0,0,0,0,0,0,0,0,0,0,0,0,0,0,0,0,0,0,0,0,14,9,14,14,14,13,13,19,13,21,11,24,7,22,7,28,9,30,6,32,1,35,2,39,-1,39,-6,42,-4,45,-10,46,-13,48,-14,48,-22,49,-24,48,-24,48,-29,50,-31,51,-34,50,-38,46,-44,48,-45,49,-43,48,-44,47,-50,44,-51,43,-56,46,-54,42,-57,43,-56,42,-56,42,-55,44,-53,43,-58,42,-57,44,-61,44,-61,48,-65,47,-66,50,-62,45,-73,48,-70,45,-73,44,-70,43,-74,44,-79,42,-80,43,-79,39,-76,36,-81,41,-85,30,-83,32,0,0]"
CSI_DATA,375,1a:00:00:00:00:00,-45,11,1,0,1,1,1,0,0,0,1,-96,0,11,2,5170127,0,44,0,384,0,"[0,0,0,0,0,0,0,0,0,0,0,0,9,7,9,6,9,6,8,6,8,6,8,5,8,5,8,5,8,4,8,4,7,4,7,4,7,3,7,3,7,3,7,3,7,2,7,3,7,2,7,2,7,2,7,2,7,2,6,2,6,2,6,2,0,0,6,2,6,3,6,2,5,3,5,3,5,3,4,3,4,3,3,3,3,3,2,3,2,3,2,3,1,2,1,3,1,2,0,2,0,2,0,2,0,1,-1,1,-1,1,-1,1,-1,0,-1,0,-1,0,0,0,0,0,0,0,0,0,0,0,0,0,0,0,57,51,49,51,53,49,49,45,46,46,46,44,45,40,44,36,41,38,43,35,40,35,43,30,41,33,39,30,39,28,37,26,42,25,39,22,37,26,40,22,39,24,37,24,39,20,34,18,38,18,35,18,35,16,38,19,32,18,31,16,32,19,35,21,30,21,36,18,29,22,24,22,27,23,25,21,21,24,21,19,18,20,11,21,13,20,11,18,2,16,8,14,6,16,1,14,2,13,1,10,-2,12,-6,9,-4,4,-6,4,-5,4,-4,1,-7,-2,0,0,0,0,0,0,0,0,0,0,0,0,0,0,0,0,0,0,0,0,0,0,17,1,19,2,18,6,21,11,20,12,22,13,23,14,22,17,19,22,23,24,19,27,21,34,15,36,16,37,17,40,13,39,14,46,11,48,7,51,8,53,0,54,2,55,-5,59,-3,58,-8,61,-10,61,-15,60,-11,63,-14,61,-18,64,-18,61,-23,63,-24,60,-23,64,-27,62,-25,64,-24,64,-25,64,-22,63,-24,65,-29,69,-28,66,-29,69,-30,69,-34,70,-34,72,-36,73,-39,74,-37,72,-41,70,-42,73,-46,74,-45,72,-46,69,-51,69,-53,69,-50,65,0,0]"
CSI_DATA,376,1a:00:00:00:00:00,-45,11,1,0,1,1,1,0,0,0,1,-96,0,11,2,5181499,0,44,0,384,0,"[0,0,0,0,0,0,0,0,0,0,0,0,6,9,5,9,6,9,6,8,5,8,5,7,5,7,5,7,5,7,5,7,5,6,5,6,5,6,5,5,5,5,5,5,5,5,5,5,5,5,5,4,5,4,5,5,5,4,5,4,5,4,4,4,0,0,5,4,4,5,4,5,4,4,3,5,3,5,3,4,2,4,2,4,1,4,1,4,1,4,1,3,0,3,0,3,0,2,-1,2,-1,2,-1,1,-1,1,-1,1,-1,0,-2,0,-2,0,-1,-1,-1,-1,0,0,0,0,0,0,0,0,0,0,0,0,0,0,22,74,20,73,16,66,18,63,18,72,14,62,19,59,16,57,16,59,18,50,19,50,19,51,18,49,19,45,18,46,18,46,18,43,21,43,17,38,18,41,20,40,20,39,22,37,21,32,20,35,22,36,21,36,24,34,21,36,19,32,19,35,15,35,18,32,19,33,12,33,10,31,11,30,7,32,7,32,4,26,3,27,1,25,1,22,1,21,-1,18,-8,18,-5,17,-6,15,-7,12,-5,9,-8,8,-9,6,-6,6,-7,1,-6,0,-5,-2,-4,-7,0,0,0,0,0,0,0,0,0,0,0,0,0,0,0,0,0,0,0,0,0,0,17,10,10,13,12,16,12,19,9,21,9,22,12,25,8,30,7,31,6,35,2,34,-1,37,-3,39,-7,40,-5,44,-12,45,-15,46,-18,47,-17,47,-21,50,-23,51,-32,50,-33,50,-37,48,-39,49,-44,47,-44,45,-47,46,-50,46,-49,47,-51,43,-52,44,-56,44,-53,43,-52,44,-56,41,-56,42,-58,41,-58,43,-60,40,-58,44,-66,47,-64,46,-66,48,-61,44,-68,52,-68,47,-74,44,-74,45,-77,45,-76,41,-76,41,-80,36,-81,35,-81,32,-83,28,-77,31,0,0]"
CSI_DATA,377,1a:00:00:00:00:00,-45,11,1,0,1,1,1,0,0,0,1,-96,0,11,2,5200052,0,44,0,384,0,"[0,0,0,0,0,0,0,0,0,0,0,0,5,-11,5,-10,4,-10,4,-10,4,-9,3,-9,3,-9,3,-9,3,-9,2,-9,2,-9,2,-9,1,-8,2,-8,1,-8,2,-8,1,-8,1,-8,1,-7,1,-7,1,-7,1,-7,1,-7,0,-7,1,-7,1,-7,0,0,1,-7,1,-7,1,-7,2,-6,2,-6,2,-6,2,-6,2,-5,3,-4,2,-4,3,-4,2,-4,2,-3,2,-3,2,-2,2,-1,2,-2,2,-1,1,-1,1,-1,1,0,1,0,1,0,0,0,0,0,0,0,0,0,0,0,0,0,0,0,0,0,0,0,0,0,44,-63,42,-62,39,-59,39,-57,41,-59,39,-52,39,-54,36,-51,28,-48,32,-50,31,-46,29,-46,30,-47,23,-47,23,-44,21,-42,20,-44,21,-45,19,-44,18,-41,14,-41,15,-40,14,-40,15,-37,16,-41,15,-41,14,-35,13,-39,16,-39,11,-38,12,-38,16,-36,15,-32,16,-32,18,-33,17,-29,20,-28,18,-23,20,-25,19,-20,22,-18,18,-19,17,-14,20,-13,14,-11,18,-10,18,-7,13,-5,12,-2,11,1,9,0,9,1,6,3,5,6,3,5,0,6,-2,4,0,0,0,0,0,0,0,0,0,0,0,0,0,0,0,0,0,0,0,0,0,0,-3,-21,-2,-22,-1,-22,5,-26,6,-24,8,-26,13,-24,15,-26,20,-28,18,-26,24,-27,28,-27,28,-25,33,-27,38,-25,42,-23,41,-27,45,-21,48,-19,49,-15,51,-15,60,-12,59,-9,60,-10,64,0,62,-1,65,-6,68,1,64,4,68,7,62,7,71,8,65,11,67,14,64,16,68,17,69,15,69,13,68,11,72,13,71,17,75,11,74,18,76,17,81,20,80,30,79,29,82,27,82,23,76,26,80,28,83,31,85,35,79,34,81,38,81,45,75,42,0,0]"
CSI_DATA,378,1a:00:00:00:00:00,-45,11,1,0,1,1,1,0,0,0,1,-96,0,11,2,5210151,0,44,0,384,0,"[0,0,0,0,0,0,0,0,0,0,0,0,8,8,8,8,8,7,8,7,8,6,7,6,7,6,7,6,7,5,7,5,7,5,7,4,7,4,7,4,7,4,7,3,7,3,6,3,7,3,7,3,7,3,7,3,6,3,6,3,6,3,6,3,0,0,6,3,6,3,5,3,5,3,5,3,4,4,4,3,3,4,3,3,3,3,2,3,2,3,1,3,1,3,1,2,1,2,0,2,0,2,0,2,0,1,-1,1,-1,1,-1,0,-1,0,-1,0,-1,0,0,0,0,0,0,0,0,0,0,0,0,0,0,0,34,66,32,62,37,61,31,60,33,54,31,56,30,51,33,50,28,46,31,45,27,43,32,42,31,38,30,38,29,36,31,37,33,35,30,32,32,32,28,27,32,30,27,24,32,28,32,28,29,26,32,22,31,24,29,25,29,24,26,26,32,29,28,27,31,24,26,26,25,29,21,26,21,25,21,25,17,26,9,25,11,18,10,22,5,24,6,21,3,19,4,14,3,14,0,14,0,18,-4,14,-2,8,-6,6,-6,7,-4,6,-7,5,-8,-1,-5,-1,0,0,0,0,0,0,0,0,0,0,0,0,0,0,0,0,0,0,0,0,0,0,15,9,17,12,14,14,13,20,9,20,11,24,10,24,12,28,11,29,5,33,5,35,2,38,2,41,0,40,-3,47,-9,40,-9,46,-11,48,-12,48,-18,48,-20,51,-21,51,-28,51,-29,52,-31,51,-35,49,-37,48,-42,52,-40,49,-45,52,-44,47,-44,48,-47,49,-44,48,-48,49,-46,48,-48,50,-47,49,-49,49,-51,51,-52,56,-51,54,-54,57,-55,55,-57,55,-53,54,-58,56,-58,59,-58,57,-63,54,-65,55,-72,53,-71,54,-64,48,-71,47,-71,52,-74,47,0,0]"
CSI_DATA,379,1a:00:00:00:00:00,-45,11,1,0,1,1,1,0,0,0,1,-96,0,11,2,5220250,0,44,0,384,0,"[0,0,0,0,0,0,0,0,0,0,0,0,-13,2,-12,2,-11,2,-11,1,-10,2,-11,2,-10,2,-10,2,-10,2,-9,2,-9,2,-9,3,-8,3,-8,3,-8,3,-8,3,-8,3,-8,3,-7,3,-7,3,-7,3,-7,3,-7,3,-7,3,-7,2,-7,3,0,0,-8,2,-7,2,-7,1,-7,1,-7,1,-6,1,-6,0,-6,0,-6,0,-6,0,-5,-1,-5,-1,-4,-1,-4,-1,-4,-2,-4,-2,-3,-2,-3,-2,-2,-2,-2,-2,-1,-2,-1,-2,-1,-2,0,-2,0,-1,0,-1,0,0,0,0,0,0,0,0,0,0,0,0,0,0,-79,-2,-75,-5,-72,-4,-69,-2,-69,-2,-64,0,-60,-5,-64,-1,-55,1,-57,-1,-56,2,-55,-1,-51,4,-52,5,-49,6,-52,10,-47,8,-48,9,-48,12,-42,7,-47,8,-42,12,-42,13,-44,10,-40,9,-40,8,-38,12,-39,14,-42,12,-41,11,-39,9,-39,12,-37,10,-37,5,-36,6,-35,1,-37,1,-33,-1,-30,-3,-28,-3,-28,-8,-27,-3,-23,-9,-21,-6,-18,-9,-16,-9,-17,-9,-14,-8,-13,-7,-8,-9,-5,-9,-4,-9,-3,-7,-2,-7,3,-8,1,-8,4,-3,0,0,0,0,0,0,0,0,0,0,0,0,0,0,0,0,0,0,0,0,0,0,-14,7,-19,7,-19,5,-25,5,-25,3,-25,1,-27,-2,-28,-4,-30,-6,-31,-8,-34,-10,-36,-16,-42,-18,-38,-22,-42,-23,-38,-25,-37,-33,-36,-31,-41,-38,-37,-39,-32,-42,-36,-47,-34,-46,-34,-48,-31,-53,-35,-54,-29,-58,-31,-61,-27,-60,-25,-62,-25,-62,-24,-66,-21,-64,-22,-67,-19,-64,-20,-69,-21,-65,-23,-67,-23,-68,-24,-70,-26,-75,-22,-71,-21,-76,-24,-74,-22,-79,-24,-81,-22,-84,-19,-83,-19,-84,-18,-84,-15,-89,-19,-89,-10,-95,-13,-85,-10,-84,-5,-90,-5,-85,0,0]"
CSI_DATA,380,1a:00:00:00:00:00,-45,11,1,0,1,1,1,0,0,0,1,-96,0,11,2,5230119,0,44,0,384,0,"[0,0,0,0,0,0,0,0,0,0,0,0,-10,7,-9,6,-8,6,-8,6,-8,6,-8,6,-8,6,-7,6,-7,6,-6,5,-7,6,-6,6,-6,5,-6,5,-6,5,-5,6,-5,6,-5,5,-5,5,-5,5,-5,5,-5,5,-5,5,-5,4,-5,5,-5,5,0,0,-6,5,-5,4,-5,4,-5,4,-5,3,-5,3,-5,3,-5,2,-5,2,-5,1,-5,1,-4,1,-4,0,-4,0,-4,0,-4,-1,-3,-1,-3,-1,-3,-1,-2,-1,-2,-1,-2,-1,-1,-1,-1,-1,-1,-1,0,-1,0,0,0,0,0,0,0,0,0,0,0,0,0,0,-58,47,-60,46,-54,45,-55,41,-51,39,-48,39,-50,43,-48,39,-45,36,-45,33,-44,40,-41,35,-37,35,-38,35,-35,34,-35,35,-38,33,-32,31,-30,31,-28,35,-28,37,-30,33,-27,36,-25,32,-26,32,-24,32,-28,30,-28,33,-25,29,-25,32,-25,30,-26,32,-26,29,-26,27,-27,25,-29,20,-27,18,-30,18,-25,19,-25,13,-25,12,-23,10,-25,9,-18,7,-19,4,-19,2,-18,3,-16,-1,-14,-2,-10,-3,-11,-9,-8,-6,-8,-6,-5,-7,-7,-5,-3,-7,-1,-5,0,0,0,0,0,0,0,0,0,0,0,0,0,0,0,0,0,0,0,0,0,0,-2,15,-6,19,-9,19,-10,19,-15,20,-16,21,-19,22,-20,22,-22,19,-27,20,-32,19,-33,19,-36,18,-37,11,-41,14,-42,12,-46,9,-53,8,-53,8,-54,4,-59,-2,-59,-3,-61,-7,-62,-9,-62,-11,-63,-13,-63,-17,-63,-20,-63,-21,-63,-26,-64,-26,-62,-28,-60,-28,-61,-28,-64,-32,-63,-31,-65,-33,-64,-31,-65,-32,-68,-33,-69,-36,-72,-36,-70,-39,-72,-42,-70,-39,-77,-43,-74,-42,-72,-43,-72,-46,-71,-50,-69,-50,-73,-55,-69,-55,-68,-63,-64,-60,-62,-61,-61,-62,0,0]"
CSI_DATA,381,1a:00:00:00:00:00,-45,11,1,0,1,1,1,0,0,0,1,-96,0,11,2,5240969,0,44,0,384,0,"[0,0,0,0,0,0,0,0,0,0,0,0,-2,11,-2,10,-1,10,-1,10,-1,10,-1,9,0,9,0,8,0,8,0,8,-1,8,0,8,0,8,0,7,1,7,0,7,0,7,1,7,1,7,1,6,2,7,1,7,1,7,1,6,1,6,1,6,0,0,0,6,0,6,0,6,0,6,0,5,-1,6,-1,5,-1,5,-2,4,-2,4,-2,3,-2,3,-2,3,-2,2,-3,2,-2,2,-2,1,-2,1,-2,1,-2,0,-2,0,-2,0,-2,-1,-2,-1,-1,-1,-1,-1,0,0,0,0,0,0,0,0,0,0,0,0,0,0,-4,70,-5,75,-7,69,-9,69,-2,66,-5,62,-3,60,-4,57,-3,55,-1,55,0,52,3,51,2,53,2,46,4,46,5,48,6,44,4,42,10,45,9,43,5,47,8,41,10,42,8,38,8,41,12,42,11,37,5,36,2,38,8,39,12,38,6,39,6,32,5,40,5,37,1,34,-1,33,1,30,-3,30,-2,28,-6,27,-8,25,-10,21,-4,23,-8,19,-7,15,-12,13,-10,12,-8,7,-9,7,-10,4,-9,5,-10,1,-9,-2,-5,-4,-6,-3,-3,-6,0,0,0,0,0,0,0,0,0,0,0,0,0,0,0,0,0,0,0,0,0,0,9,14,10,19,8,20,5,22,3,22,-1,23,1,24,-3,27,-5,30,-6,29,-12,33,-13,35,-16,37,-22,36,-21,37,-24,38,-26,36,-32,35,-32,36,-39,33,-40,35,-44,37,-46,31,-51,31,-53,31,-55,29,-57,28,-61,28,-59,25,-61,23,-59,22,-59,24,-65,22,-65,21,-64,21,-67,21,-67,23,-68,19,-64,21,-68,22,-71,20,-70,23,-74,23,-74,22,-77,23,-74,20,-79,20,-83,21,-82,18,-84,15,-82,13,-87,15,-89,9,-84,8,-84,4,-87,2,-88,3,0,0]"
CSI_DATA,382,1a:00:00:00:00:00,-45,11,1,0,1,1,1,0,0,0,1,-96,0,11,2,5260117,0,44,0,384,0,"[0,0,0,0,0,0,0,0,0,0,0,0,-12,-2,-11,-2,-11,-2,-10,-2,-10,-2,-10,-1,-10,-1,-9,-1,-10,-1,-9,-1,-9,0,-9,0,-9,0,-8,0,-8,0,-9,0,-8,1,-8,1,-7,0,-8,0,-7,1,-8,1,-8,1,-8,1,-8,0,-7,1,0,0,-7,0,-7,0,-7,-1,-7,0,-7,-1,-6,-1,-6,-2,-6,-2,-6,-2,-5,-2,-5,-2,-4,-2,-4,-2,-3,-2,-3,-2,-3,-2,-2,-2,-2,-2,-2,-2,-2,-2,-1,-2,-1,-2,-1,-2,0,-2,0,-1,0,-1,0,0,0,0,0,0,0,0,0,0,0,0,0,0,-75,-11,-76,-16,-71,-13,-65,-10,-65,-11,-63,-11,-60,-5,-62,-10,-58,-6,-55,-10,-55,-5,-54,-3,-50,-3,-48,-1,-51,-3,-49,-1,-47,2,-41,3,-44,2,-45,5,-42,5,-42,5,-40,7,-40,5,-41,6,-40,7,-41,8,-44,8,-42,4,-37,7,-39,4,-36,3,-39,2,-39,0,-38,1,-36,-3,-35,-3,-36,-3,-32,-6,-29,-9,-23,-6,-24,-10,-23,-12,-21,-11,-20,-13,-15,-8,-10,-9,-13,-8,-10,-11,-9,-10,-8,-10,-2,-7,-2,-11,-1,-9,2,-7,1,-5,4,-2,0,0,0,0,0,0,0,0,0,0,0,0,0,0,0,0,0,0,0,0,0,0,-18,10,-18,0,-23,6,-26,2,-24,1,-24,-2,-28,-5,-29,-8,-31,-9,-31,-11,-35,-16,-35,-19,-33,-23,-35,-25,-38,-28,-36,-33,-34,-35,-34,-38,-37,-39,-33,-41,-33,-46,-33,-49,-29,-50,-28,-58,-25,-57,-22,-57,-19,-57,-22,-61,-18,-63,-21,-65,-17,-63,-15,-65,-16,-64,-13,-69,-15,-65,-16,-64,-14,-68,-16,-69,-14,-67,-15,-69,-14,-72,-12,-74,-16,-75,-16,-76,-13,-78,-20,-85,-13,-85,-14,-79,-11,-85,-8,-86,-8,-85,-5,-86,-1,-86,-3,-85,6,-86,4,-86,9,-86,0,0]"
CSI_DATA,383,1a:00:00:00:00:00,-45,11,1,0,1,1,1,0,0,0,1,-96,0,11,2,5272616,0,44,0,384,0,"[0,0,0,0,0,0,0,0,0,0,0,0,-11,5,-11,5,-11,5,-10,5,-9,4,-9,5,-9,5,-9,5,-9,4,-8,4,-8,5,-8,5,-7,5,-7,5,-7,5,-7,5,-6,5,-6,5,-6,5,-6,5,-6,5,-6,5,-6,5,-6,5,-6,5,-6,5,0,0,-6,4,-6,4,-6,4,-6,4,-6,3,-6,3,-6,2,-5,2,-5,2,-5,1,-5,1,-4,0,-4,0,-4,0,-4,0,-4,0,-3,-1,-3,-1,-3,-1,-2,-1,-2,-1,-2,-2,-1,-1,-1,-2,-1,-2,0,-1,0,0,0,0,0,0,0,0,0,0,0,0,0,0,-73,20,-68,20,-73,23,-68,23,-59,22,-59,19,-56,19,-59,22,-55,20,-50,20,-50,22,-47,19,-44,23,-40,23,-43,23,-43,26,-38,22,-39,27,-38,24,-36,24,-37,29,-33,25,-35,27,-32,24,-34,24,-32,27,-30,27,-34,26,-29,26,-31,24,-30,26,-33,27,-31,19,-33,21,-32,18,-32,18,-29,15,-31,13,-29,12,-29,8,-26,7,-28,6,-23,4,-20,0,-22,-1,-18,-4,-17,-3,-18,-4,-14,-5,-12,-5,-12,-4,-8,-7,-6,-4,-4,-7,-2,-10,0,-8,1,-6,0,0,0,0,0,0,0,0,0,0,0,0,0,0,0,0,0,0,0,0,0,0,-14,12,-19,10,-17,11,-22,8,-24,8,-27,6,-26,4,-31,3,-32,0,-33,-2,-36,-2,-36,-9,-43,-7,-40,-12,-43,-14,-43,-14,-47,-23,-43,-26,-46,-26,-44,-30,-45,-31,-44,-37,-42,-34,-45,-40,-45,-43,-47,-46,-41,-48,-46,-51,-39,-47,-43,-53,-36,-50,-43,-55,-39,-56,-42,-54,-41,-54,-38,-56,-41,-52,-40,-56,-43,-58,-44,-59,-45,-67,-41,-62,-46,-67,-46,-64,-45,-63,-48,-68,-47,-69,-43,-69,-45,-76,-41,-72,-42,-78,-39,-78,-42,-79,-35,-77,-35,-78,-34,-82,-31,-80,0,0]"
CSI_DATA,384,1a:00:00:00:00:00,-45,11,1,0,1,1,1,0,0,0,1,-96,0,11,2,5280057,0,44,0,384,0,"[0,0,0,0,0,0,0,0,0,0,0,0,-10,-8,-10,-8,-10,-7,-9,-7,-9,-7,-9,-6,-9,-6,-8,-6,-8,-5,-8,-5,-8,-5,-8,-4,-8,-4,-8,-4,-8,-4,-8,-4,-8,-4,-8,-4,-8,-3,-8,-4,-7,-3,-8,-3,-8,-3,-7,-3,-7,-4,-7,-3,0,0,-7,-3,-7,-4,-6,-4,-6,-4,-6,-4,-5,-4,-5,-5,-5,-4,-4,-4,-4,-4,-4,-4,-3,-4,-2,-4,-2,-4,-2,-4,-2,-3,-1,-3,-1,-3,0,-3,0,-2,0,-2,0,-2,0,-2,0,-1,1,-1,0,-1,0,0,0,0,0,0,0,0,0,0,0,0,0,0,-55,-56,-55,-52,-50,-49,-52,-50,-53,-50,-50,-45,-46,-46,-45,-43,-44,-40,-42,-40,-44,-33,-42,-36,-42,-33,-39,-34,-39,-31,-44,-27,-39,-26,-40,-25,-41,-25,-40,-24,-41,-20,-42,-25,-39,-21,-41,-22,-37,-21,-37,-20,-42,-19,-38,-19,-38,-19,-38,-20,-40,-20,-37,-23,-35,-20,-35,-21,-34,-23,-26,-24,-26,-21,-27,-23,-24,-23,-20,-22,-16,-23,-15,-21,-17,-20,-13,-20,-9,-20,-6,-18,-7,-19,-5,-15,-1,-15,-1,-10,1,-13,4,-12,5,-7,6,-12,5,-3,5,-4,6,1,0,0,0,0,0,0,0,0,0,0,0,0,0,0,0,0,0,0,0,0,0,0,-19,-3,-19,-7,-24,-10,-23,-15,-21,-14,-19,-19,-21,-20,-23,-25,-21,-23,-20,-29,-20,-31,-20,-36,-14,-40,-17,-43,-14,-43,-11,-47,-11,-48,-7,-53,-4,-48,-3,-55,1,-56,3,-60,7,-61,5,-65,14,-62,12,-61,19,-66,16,-65,18,-68,20,-65,22,-66,23,-64,27,-62,27,-66,26,-66,27,-66,28,-66,28,-63,27,-66,30,-69,32,-73,34,-71,31,-72,32,-76,33,-74,35,-71,40,-73,39,-77,42,-75,44,-73,45,-75,46,-77,49,-75,51,-73,51,-71,54,-73,58,-71,0,0]"
CSI_DATA,385,1a:00:00:00:00:00,-44,11,1,0,1,1,1,0,0,0,1,-96,0,11,2,5312735,0,44,0,384,0,"[0,0,0,0,0,0,0,0,0,0,0,0,12,1,11,1,11,1,10,1,10,1,10,0,10,0,9,-1,9,-1,9,0,9,-1,8,-1,8,-1,8,-1,8,-1,8,-2,8,-2,7,-2,7,-2,7,-2,7,-2,7,-2,7,-2,7,-2,7,-2,7,-2,0,0,7,-2,7,-1,7,-1,6,-1,6,0,6,0,6,0,5,1,5,0,4,1,4,1,4,1,3,1,3,1,2,1,2,1,2,1,1,1,1,1,1,1,0,1,0,1,-1,1,-1,1,-1,1,-1,0,0,0,0,0,0,0,0,0,0,0,0,0,0,0,36,10,35,9,34,7,34,10,32,8,30,6,27,6,28,6,26,4,27,4,25,4,24,3,25,3,23,2,25,0,21,0,23,-1,22,0,23,0,21,0,21,-2,20,-3,22,-3,20,-3,21,-2,21,-3,21,-3,21,-3,19,-3,19,-4,19,-3,20,-3,19,0,17,-1,17,-1,18,1,16,2,18,2,14,3,14,3,12,4,13,4,10,5,11,6,9,6,7,5,7,6,5,5,2,4,3,5,2,4,2,4,1,4,-1,5,-1,3,-2,2,-4,1,0,0,0,0,0,0,0,0,0,0,0,0,0,0,0,0,0,0,0,0,0,0,8,-1,11,0,9,0,12,0,11,2,12,3,12,5,13,5,13,7,13,8,15,11,15,11,15,12,15,15,13,17,14,15,14,20,13,20,13,22,12,22,11,24,8,27,8,27,8,27,7,28,9,28,6,32,5,32,3,30,3,33,3,33,3,35,2,32,2,33,0,32,1,33,2,33,2,35,2,34,2,36,2,38,0,35,3,38,1,38,1,39,-3,39,-1,42,1,40,-1,42,-3,41,-2,43,-3,42,-5,44,-6,42,-6,42,-8,41,-7,39,0,0]"
CSI_DATA,386,1a:00:00:00:00:00,-45,11,1,0,1,1,1,0,0,0,1,-96,0,11,2,5321832,0,44,0,384,0,"[0,0,0,0,0,0,0,0,0,0,0,0,-3,11,-3,10,-2,10,-3,10,-3,10,-2,9,-2,9,-2,9,-2,9,-1,8,-1,8,-1,8,-1,8,0,8,0,8,-1,8,0,7,-1,8,0,7,0,7,0,7,0,7,0,7,0,7,0,7,0,7,0,0,-1,7,-1,6,-1,7,-2,6,-1,6,-2,6,-2,5,-2,5,-3,4,-3,4,-3,3,-2,3,-3,3,-3,2,-3,2,-3,2,-3,1,-3,1,-2,1,-2,0,-2,0,-2,0,-2,-1,-2,-1,-1,-1,-1,-2,0,0,0,0,0,0,0,0,0,0,0,0,0,0,-24,70,-26,72,-24,64,-23,65,-22,63,-23,59,-19,64,-17,56,-16,56,-14,52,-14,55,-14,51,-14,51,-12,48,-8,53,-6,45,-5,49,-9,46,-6,43,-2,48,-4,43,-5,44,-2,39,-4,42,-4,40,0,42,-2,41,-3,43,-2,40,-3,39,-3,42,-5,38,-4,40,-7,33,-7,38,-9,35,-10,35,-9,32,-16,30,-15,29,-14,26,-13,24,-15,19,-15,19,-14,16,-17,13,-16,12,-13,8,-11,8,-9,3,-11,5,-9,-1,-11,2,-8,-3,-7,-5,-5,-5,-1,-5,0,0,0,0,0,0,0,0,0,0,0,0,0,0,0,0,0,0,0,0,0,0,4,17,2,20,2,21,-2,24,-6,24,-7,24,-10,24,-12,29,-15,29,-18,33,-21,30,-24,29,-28,33,-35,31,-32,26,-38,32,-38,27,-41,30,-45,26,-47,26,-50,25,-52,25,-57,21,-61,19,-62,16,-60,16,-64,12,-62,11,-67,10,-62,7,-67,9,-63,5,-68,3,-65,1,-71,3,-68,3,-72,3,-73,5,-70,2,-73,2,-74,0,-80,0,-79,1,-84,-1,-77,0,-83,-3,-83,-5,-87,-2,-87,-6,-89,-8,-91,-9,-88,-10,-84,-10,-91,-12,-89,-18,-86,-19,-82,-23,0,0]"
CSI_DATA,387,1a:00:00:00:00:00,-45,11,1,0,1,1,1,0,0,0,1,-96,0,11,2,5340481,0,44,0,384,0,"[0,0,0,0,0,0,0,0,0,0,0,0,-12,-2,-12,-1,-12,-2,-11,-2,-11,-1,-11,-1,-11,0,-10,0,-10,0,-10,-1,-10,0,-9,0,-9,0,-9,0,-9,0,-9,1,-9,1,-9,1,-8,1,-8,1,-8,1,-8,1,-8,1,-8,1,-8,1,-8,1,0,0,-8,1,-8,0,-7,0,-8,0,-7,-1,-7,-1,-6,-1,-6,-2,-6,-2,-6,-2,-5,-2,-4,-2,-4,-3,-4,-2,-3,-2,-3,-2,-2,-3,-2,-2,-2,-3,-2,-2,-1,-2,-1,-2,0,-2,0,-2,0,-1,0,-1,0,0,0,0,0,0,0,0,0,0,0,0,0,0,-38,-7,-38,-4,-35,-3,-34,-5,-33,-5,-34,-4,-34,-5,-30,-4,-29,-2,-28,-4,-27,-2,-27,-1,-26,-2,-24,0,-25,0,-26,1,-26,1,-25,3,-24,3,-24,5,-24,2,-22,4,-22,3,-23,3,-20,4,-22,2,-20,4,-20,5,-21,4,-19,4,-21,2,-20,4,-21,0,-20,1,-19,0,-19,1,-18,-2,-16,0,-17,-2,-16,-3,-14,-4,-13,-5,-12,-6,-11,-5,-11,-6,-10,-5,-9,-7,-7,-5,-5,-6,-6,-5,-3,-6,-2,-3,-2,-4,0,-5,-1,-4,1,-4,1,-3,0,0,0,0,0,0,0,0,0,0,0,0,0,0,0,0,0,0,0,0,0,0,-10,2,-10,2,-12,1,-13,1,-13,0,-15,-2,-14,-3,-15,-5,-16,-7,-18,-7,-18,-8,-18,-10,-19,-12,-17,-12,-19,-14,-16,-17,-18,-18,-18,-19,-18,-21,-16,-23,-16,-23,-15,-26,-14,-26,-14,-27,-13,-30,-13,-30,-12,-30,-12,-31,-9,-33,-10,-31,-8,-31,-8,-34,-7,-35,-7,-35,-7,-34,-7,-35,-9,-34,-9,-34,-8,-35,-8,-37,-8,-38,-9,-37,-7,-39,-7,-40,-7,-39,-9,-41,-8,-41,-7,-41,-6,-45,-4,-45,-4,-45,-3,-46,-2,-45,-3,-43,-1,-46,1,-45,1,-43,0,0]"
CSI_DATA,388,1a:00:00:00:00:00,-45,11,1,0,1,1,1,0,0,0,1,-96,0,11,2,5350479,0,44,0,384,0,"[0,0,0,0,0,0,0,0,0,0,0,0,2,11,2,11,2,10,2,10,2,10,2,10,2,9,2,9,2,9,2,8,2,8,2,8,3,8,3,7,3,7,3,7,3,7,3,7,3,7,3,6,4,6,3,6,3,6,3,6,3,7,3,7,0,0,2,6,2,6,2,7,1,6,2,6,1,6,1,6,0,5,0,5,0,5,-1,4,-1,4,-1,4,-1,3,-2,3,-2,2,-2,2,-2,2,-2,1,-2,1,-2,1,-2,1,-2,0,-2,0,-2,-1,-1,-1,0,0,0,0,0,0,0,0,0,0,0,0,0,0,-2,74,-3,75,-3,68,-4,70,-1,71,-1,65,-3,62,-1,56,-4,57,-1,58,1,55,3,54,4,49,7,51,6,46,8,48,10,48,10,41,8,47,8,47,10,43,10,42,12,40,15,40,8,41,14,38,14,40,12,40,9,41,11,40,12,39,9,39,9,38,7,38,5,36,6,38,3,35,-2,34,-1,30,-6,28,-4,30,-7,27,-4,24,-9,22,-8,18,-9,16,-10,14,-11,15,-10,9,-12,9,-11,5,-8,5,-7,3,-10,1,-7,1,-4,0,-3,-3,0,0,0,0,0,0,0,0,0,0,0,0,0,0,0,0,0,0,0,0,0,0,8,16,6,19,8,17,5,25,4,26,2,24,-1,30,-2,32,-5,34,-9,31,-9,35,-15,35,-14,36,-19,34,-24,39,-25,39,-32,40,-35,41,-34,39,-36,36,-41,38,-46,37,-49,36,-48,33,-53,35,-55,32,-56,29,-58,31,-61,30,-62,27,-61,26,-61,24,-66,21,-66,22,-65,21,-65,21,-65,23,-68,24,-68,20,-71,23,-70,22,-70,24,-73,25,-75,23,-76,22,-77,26,-80,22,-80,21,-86,19,-84,16,-85,18,-86,15,-89,12,-88,11,-89,6,-87,5,-84,2,0,0]"
CSI_DATA,389,1a:00:00:00:00:00,-45,11,1,0,1,1,1,0,0,0,1,-96,0,11,2,5360292,0,44,0,384,0,"[0,0,0,0,0,0,0,0,0,0,0,0,3,-12,3,-11,2,-11,2,-11,2,-11,2,-10,1,-10,1,-10,1,-10,1,-10,1,-10,1,-9,0,-9,0,-9,0,-8,0,-9,0,-9,0,-8,-1,-8,0,-8,-1,-8,-1,-8,-1,-8,-1,-8,0,-8,0,-8,0,0,0,-8,0,-7,0,-8,1,-7,1,-7,1,-7,1,-6,2,-6,2,-5,2,-5,2,-4,2,-4,2,-4,2,-3,2,-3,2,-3,2,-2,2,-2,2,-1,1,-1,1,-1,1,-1,1,0,1,0,0,0,0,0,0,0,0,0,0,0,0,0,0,0,0,0,0,0,18,-71,19,-66,18,-67,19,-65,13,-63,15,-61,15,-58,14,-57,16,-52,10,-52,10,-51,10,-54,7,-52,6,-49,6,-48,3,-46,6,-48,0,-46,-1,-48,-1,-45,-3,-47,1,-47,-6,-44,-3,-42,-2,-40,-4,-43,-2,-40,-1,-41,1,-43,-2,-43,-1,-42,0,-43,-2,-40,2,-37,3,-38,7,-36,5,-35,6,-33,8,-29,10,-31,8,-27,9,-26,15,-23,11,-19,11,-18,10,-16,10,-14,13,-10,13,-7,9,-8,9,-6,9,-2,7,-3,6,3,5,3,6,2,2,5,0,0,0,0,0,0,0,0,0,0,0,0,0,0,0,0,0,0,0,0,0,0,-3,-17,-3,-20,2,-23,4,-21,4,-26,7,-24,9,-25,10,-29,13,-29,19,-27,20,-28,24,-26,26,-29,30,-28,32,-29,34,-28,41,-27,42,-24,41,-23,46,-24,49,-23,53,-25,54,-20,57,-18,57,-12,63,-16,63,-12,64,-12,61,-12,63,-6,65,-8,64,-4,66,-5,63,-3,68,-6,66,-4,67,-6,66,-3,71,-2,71,-1,72,-2,71,-5,75,-4,76,-4,76,-1,80,-2,81,0,81,-2,84,1,80,3,82,6,84,9,84,8,86,10,82,15,83,19,82,14,0,0]"
CSI_DATA,390,1a:00:00:00:00:00,-45,11,1,0,1,1,1,0,0,0,1,-96,0,11,2,5372329,0,44,0,384,0,"[0,0,0,0,0,0,0,0,0,0,0,0,10,-5,10,-5,9,-5,9,-5,8,-5,8,-5,8,-6,7,-5,7,-5,7,-5,7,-5,7,-6,6,-5,6,-5,6,-5,6,-6,5,-6,5,-6,5,-6,5,-5,5,-5,5,-6,5,-6,5,-5,5,-5,5,-5,0,0,5,-5,5,-4,5,-4,5,-4,5,-4,5,-4,5,-3,4,-3,5,-2,4,-2,4,-2,4,-1,3,-1,3,-1,3,0,3,0,2,0,2,0,2,0,1,0,1,0,1,1,0,0,0,1,0,1,-1,0,0,0,0,0,0,0,0,0,0,0,0,0,0,0,73,-25,72,-23,68,-20,64,-21,65,-26,59,-18,55,-20,57,-20,53,-26,51,-20,48,-25,46,-22,44,-24,46,-24,43,-25,43,-22,44,-28,41,-27,39,-22,38,-25,36,-27,36,-28,36,-26,31,-27,33,-24,35,-28,36,-29,32,-30,35,-25,34,-25,34,-26,35,-23,32,-20,33,-19,30,-18,32,-16,28,-17,33,-13,31,-10,28,-10,30,-7,23,-7,23,-3,22,-2,20,-2,16,0,17,3,16,3,13,2,10,4,9,9,9,7,6,6,2,7,2,5,-2,5,-4,6,0,0,0,0,0,0,0,0,0,0,0,0,0,0,0,0,0,0,0,0,0,0,13,-13,18,-13,22,-11,19,-12,21,-12,23,-9,29,-7,31,-3,31,-3,36,-3,38,1,38,3,39,4,41,9,45,12,44,14,44,14,46,22,46,20,45,26,48,27,48,30,47,33,47,38,46,42,46,42,44,45,46,49,46,50,44,49,40,51,40,52,38,53,41,54,40,52,41,55,42,54,46,54,41,57,45,57,43,56,45,60,45,61,47,64,48,59,49,68,45,68,47,70,46,74,41,76,44,73,45,76,43,75,37,80,39,77,33,76,36,79,0,0]"
CSI_DATA,391,1a:00:00:00:00:00,-44,11,1,0,1,1,1,0,0,0,1,-96,0,11,2,5381050,0,44,0,384,0,"[0,0,0,0,0,0,0,0,0,0,0,0,8,-9,8,-8,7,-8,7,-8,7,-8,6,-8,6,-8,6,-8,6,-8,5,-8,5,-8,5,-8,4,-7,4,-7,3,-7,4,-8,4,-8,3,-7,3,-7,3,-7,3,-7,3,-7,3,-7,3,-7,3,-7,3,-7,0,0,3,-7,3,-6,3,-6,4,-6,3,-6,3,-5,3,-5,3,-4,4,-4,4,-4,4,-3,3,-3,3,-3,2,-2,3,-2,3,-1,2,-1,2,-1,2,-1,2,0,1,0,1,0,1,0,0,0,0,1,-1,0,0,0,0,0,0,0,0,0,0,0,0,0,0,0,59,-41,57,-43,54,-43,56,-35,54,-39,51,-41,48,-37,46,-37,43,-34,44,-35,39,-35,41,-38,39,-33,36,-34,36,-36,33,-37,33,-33,29,-33,32,-35,25,-35,26,-34,29,-34,25,-33,26,-32,25,-31,22,-37,27,-33,25,-38,23,-32,23,-34,23,-31,25,-31,26,-27,27,-28,27,-30,29,-25,25,-20,29,-21,25,-14,27,-16,25,-14,22,-15,21,-8,21,-10,22,-4,19,-6,17,-7,15,-2,14,1,11,2,9,1,9,1,8,4,4,3,3,4,-1,7,0,5,0,0,0,0,0,0,0,0,0,0,0,0,0,0,0,0,0,0,0,0,0,0,9,-17,11,-16,11,-20,15,-16,18,-16,19,-18,22,-19,27,-15,28,-13,31,-11,33,-13,36,-12,38,-10,40,-8,42,-8,46,-4,47,-2,51,0,49,3,52,8,53,10,52,14,55,16,56,18,53,21,55,24,56,27,55,27,56,30,53,31,58,33,55,36,54,35,52,37,56,39,53,37,55,37,57,36,57,38,60,39,61,40,62,41,63,43,62,45,60,43,62,51,62,49,63,52,63,55,63,55,60,55,62,56,59,58,60,59,60,62,54,61,48,64,0,0]"
CSI_DATA,392,1a:00:00:00:00:00,-44,11,1,0,1,1,1,0,0,0,1,-96,0,11,2,5390197,0,44,0,384,0,"[0,0,0,0,0,0,0,0,0,0,0,0,-11,5,-11,5,-10,5,-10,5,-9,4,-9,5,-9,5,-9,5,-8,5,-8,4,-8,5,-7,5,-7,5,-6,5,-6,5,-7,5,-6,5,-6,5,-6,5,-6,5,-6,5,-6,5,-6,5,-5,5,-6,5,-6,5,0,0,-6,4,-6,4,-6,4,-6,4,-6,3,-6,3,-6,3,-6,2,-6,2,-6,1,-5,1,-5,0,-5,0,-4,0,-4,-1,-4,-1,-3,-1,-3,-1,-3,-1,-2,-1,-2,-1,-2,-2,-1,-1,-1,-1,-1,-2,0,-2,0,0,0,0,0,0,0,0,0,0,0,0,0,0,-70,27,-72,21,-69,21,-66,20,-62,25,-62,23,-59,19,-56,24,-56,22,-55,21,-50,22,-49,22,-45,24,-46,22,-47,25,-43,21,-39,26,-40,25,-36,24,-38,27,-37,29,-36,27,-33,25,-34,28,-36,26,-35,26,-33,27,-35,28,-32,25,-34,27,-33,23,-35,25,-32,20,-35,24,-31,19,-32,18,-33,15,-35,13,-30,15,-30,12,-29,10,-28,3,-25,4,-22,0,-22,1,-19,-2,-19,0,-17,-4,-18,-1,-12,-6,-12,-10,-10,-4,-8,-8,-5,-6,-5,-8,0,-8,2,-6,0,0,0,0,0,0,0,0,0,0,0,0,0,0,0,0,0,0,0,0,0,0,-14,14,-17,13,-19,14,-22,11,-23,11,-26,8,-29,5,-30,2,-33,0,-35,2,-35,-1,-38,-2,-41,-5,-45,-8,-43,-14,-44,-13,-48,-19,-51,-23,-49,-22,-50,-29,-47,-29,-47,-36,-48,-35,-49,-38,-47,-42,-48,-43,-47,-46,-43,-51,-44,-45,-43,-52,-39,-50,-43,-53,-42,-59,-42,-55,-40,-55,-41,-57,-40,-56,-43,-57,-43,-58,-49,-60,-43,-64,-45,-60,-47,-59,-52,-65,-47,-62,-51,-59,-48,-67,-48,-69,-49,-72,-46,-71,-46,-76,-45,-77,-45,-82,-39,-73,-43,-80,-40,-78,-31,-76,0,0]"
CSI_DATA,393,1a:00:00:00:00:00,-44,11,1,0,1,1,1,0,0,0,1,-96,0,11,2,5400093,0,44,0,384,0,"[0,0,0,0,0,0,0,0,0,0,0,0,-13,0,-12,0,-12,0,-12,0,-11,0,-11,0,-11,1,-10,1,-10,1,-10,1,-9,1,-9,1,-9,1,-9,1,-8,1,-9,2,-8,2,-9,2,-8,2,-8,1,-8,2,-8,1,-8,2,-8,2,-8,1,-8,2,0,0,-8,1,-8,1,-7,0,-8,0,-7,0,-7,-1,-7,-1,-6,-1,-6,-1,-6,-2,-5,-2,-5,-2,-4,-2,-4,-2,-4,-2,-3,-2,-3,-2,-2,-2,-2,-2,-1,-2,-1,-2,-1,-2,-1,-2,0,-2,0,-2,0,-1,0,0,0,0,0,0,0,0,0,0,0,0,0,0,-76,0,-72,2,-77,-1,-72,-2,-69,0,-62,2,-63,1,-62,1,-59,3,-57,6,-55,3,-54,9,-55,6,-52,6,-48,8,-50,10,-47,8,-46,9,-45,12,-46,10,-45,12,-44,11,-42,12,-40,12,-42,10,-43,14,-39,12,-39,13,-44,10,-43,12,-45,12,-40,9,-41,9,-39,4,-35,8,-36,3,-36,4,-35,-1,-35,-1,-32,-4,-29,-7,-27,-8,-25,-7,-21,-7,-20,-9,-20,-11,-16,-10,-13,-7,-10,-11,-10,-11,-8,-9,-4,-11,-5,-12,0,-9,3,-7,2,-5,1,-5,0,0,0,0,0,0,0,0,0,0,0,0,0,0,0,0,0,0,0,0,0,0,-18,8,-18,8,-23,7,-25,3,-27,5,-30,2,-30,-1,-32,-3,-33,-4,-35,-4,-37,-9,-37,-12,-40,-15,-39,-17,-40,-21,-39,-23,-42,-29,-40,-32,-41,-34,-42,-37,-39,-39,-38,-47,-37,-47,-38,-50,-36,-51,-34,-55,-31,-56,-32,-57,-31,-57,-30,-62,-28,-61,-28,-60,-26,-63,-20,-65,-25,-63,-26,-64,-25,-64,-26,-66,-28,-70,-30,-71,-26,-71,-27,-70,-26,-72,-28,-75,-29,-78,-23,-74,-24,-80,-31,-76,-25,-86,-23,-84,-17,-85,-22,-83,-14,-90,-14,-84,-13,-89,-8,-87,-9,-83,0,0]"
CSI_DATA,394,1a:00:00:00:00:00,-44,11,1,0,1,1,1,0,0,0,1,-96,0,11,2,5410120,0,44,0,384,0,"[0,0,0,0,0,0,0,0,0,0,0,0,-10,7,-9,7,-9,6,-9,6,-8,6,-8,6,-8,6,-7,6,-7,6,-7,6,-7,6,-6,6,-6,6,-6,5,-5,5,-6,6,-6,6,-5,6,-5,6,-5,5,-5,5,-5,6,-5,6,-5,5,-5,5,-5,5,0,0,-6,5,-5,5,-5,4,-6,4,-5,4,-5,3,-5,3,-5,2,-6,2,-5,2,-5,1,-5,1,-4,0,-4,0,-4,0,-4,0,-3,-1,-3,-1,-3,-1,-2,-1,-2,-2,-2,-1,-1,-2,-1,-2,-1,-1,0,-2,0,0,0,0,0,0,0,0,0,0,0,0,0,0,-58,47,-60,42,-57,38,-58,40,-55,41,-52,35,-48,36,-47,38,-46,33,-43,34,-41,36,-40,36,-40,35,-40,33,-39,35,-34,36,-38,36,-32,33,-31,34,-28,36,-29,36,-30,34,-27,37,-23,33,-25,34,-28,35,-25,33,-28,34,-24,32,-26,34,-24,33,-27,32,-25,27,-27,29,-27,27,-28,23,-27,24,-30,22,-25,19,-28,14,-26,13,-26,8,-23,4,-23,5,-22,2,-22,5,-20,4,-18,1,-16,0,-14,-2,-11,-3,-14,-5,-8,-7,-6,-8,-5,-5,-1,-8,4,-8,0,0,0,0,0,0,0,0,0,0,0,0,0,0,0,0,0,0,0,0,0,0,-8,16,-11,18,-14,19,-18,19,-21,17,-21,18,-24,18,-25,15,-28,14,-31,11,-37,13,-41,11,-42,9,-46,4,-45,4,-47,1,-48,-1,-52,-2,-54,-5,-55,-10,-53,-12,-58,-13,-57,-16,-58,-23,-57,-29,-57,-25,-58,-28,-61,-34,-60,-31,-59,-33,-54,-36,-58,-41,-57,-40,-58,-37,-59,-38,-59,-35,-59,-39,-58,-41,-56,-39,-61,-41,-65,-46,-65,-43,-65,-48,-64,-44,-69,-48,-65,-47,-67,-50,-70,-51,-67,-52,-67,-56,-65,-59,-66,-54,-65,-65,-60,-59,-63,-66,-61,-68,-57,-67,0,0]"
CSI_DATA,395,1a:00:00:00:00:00,-45,11,1,0,1,1,1,0,0,0,1,-96,0,11,2,5421018,0,44,0,384,0,"[0,0,0,0,0,0,0,0,0,0,0,0,-10,-7,-10,-7,-10,-7,-10,-6,-9,-6,-9,-5,-9,-5,-9,-5,-9,-4,-9,-5,-8,-4,-8,-4,-8,-4,-8,-4,-8,-3,-8,-3,-8,-3,-8,-2,-8,-3,-8,-3,-8,-2,-8,-2,-8,-2,-8,-2,-8,-3,-8,-2,0,0,-7,-3,-7,-3,-7,-3,-7,-3,-6,-3,-6,-4,-6,-4,-5,-4,-5,-4,-5,-4,-4,-4,-3,-4,-3,-4,-3,-4,-2,-3,-2,-3,-2,-3,-1,-3,-1,-3,-1,-3,0,-2,0,-2,0,-2,0,-1,0,-1,0,-1,0,0,0,0,0,0,0,0,0,0,0,0,0,0,-55,-50,-50,-54,-55,-46,-43,-45,-48,-44,-47,-43,-45,-41,-44,-41,-43,-36,-45,-34,-43,-33,-40,-34,-41,-33,-42,-27,-43,-27,-40,-24,-40,-26,-44,-24,-41,-23,-39,-18,-43,-22,-40,-20,-42,-18,-40,-18,-36,-16,-40,-18,-37,-14,-37,-16,-38,-18,-37,-17,-36,-19,-38,-21,-34,-20,-35,-21,-34,-21,-30,-23,-28,-21,-24,-24,-22,-23,-20,-24,-18,-21,-16,-22,-16,-23,-15,-20,-10,-19,-5,-18,-6,-17,-6,-15,-2,-15,-1,-11,-1,-9,1,-10,0,-10,3,-6,8,-6,6,-3,3,1,0,0,0,0,0,0,0,0,0,0,0,0,0,0,0,0,0,0,0,0,0,0,-19,-5,-18,-5,-22,-10,-18,-9,-19,-15,-19,-18,-18,-21,-21,-22,-23,-24,-17,-26,-17,-31,-21,-39,-15,-37,-15,-44,-18,-48,-10,-37,-9,-51,-5,-48,-4,-53,-7,-54,1,-55,4,-58,5,-55,9,-58,13,-60,12,-60,14,-60,18,-61,19,-57,20,-65,26,-57,22,-59,26,-59,24,-61,31,-60,30,-64,30,-58,27,-60,28,-65,28,-64,32,-71,25,-68,30,-70,31,-70,31,-71,31,-66,34,-70,37,-71,39,-74,39,-70,43,-70,44,-71,49,-76,44,-69,49,-70,50,-69,49,-65,0,0]"
CSI_DATA,396,1a:00:00:00:00:00,-44,11,1,0,1,1,1,0,0,0,1,-96,0,11,2,5440076,0,44,0,384,0,"[0,0,0,0,0,0,0,0,0,0,0,0,-6,10,-6,10,-5,9,-5,9,-5,9,-5,9,-4,9,-4,8,-4,8,-3,8,-3,8,-3,8,-3,8,-2,7,-2,7,-3,8,-2,8,-2,7,-2,7,-2,7,-2,7,-2,7,-2,7,-1,7,-2,7,-2,7,0,0,-3,6,-2,6,-2,6,-3,6,-3,5,-3,5,-3,5,-3,5,-4,4,-4,3,-4,3,-3,3,-3,2,-3,2,-3,2,-3,1,-3,1,-3,0,-3,0,-3,0,-2,0,-2,-1,-2,-1,-2,-1,-1,-1,-1,-1,0,0,0,0,0,0,0,0,0,0,0,0,0,0,-50,55,-48,57,-44,56,-43,53,-43,53,-39,49,-36,49,-35,46,-33,46,-30,44,-30,43,-30,42,-27,45,-30,42,-23,44,-24,43,-22,44,-20,43,-19,43,-18,41,-18,46,-15,40,-14,38,-18,39,-16,40,-14,39,-13,43,-14,39,-17,40,-16,40,-17,39,-17,39,-18,34,-16,33,-18,34,-20,31,-19,29,-24,30,-23,25,-20,26,-21,21,-20,19,-25,14,-22,14,-19,12,-20,10,-17,7,-14,7,-14,4,-14,1,-9,1,-11,-1,-8,-5,-8,-3,-7,-2,-2,-7,-2,-6,0,0,0,0,0,0,0,0,0,0,0,0,0,0,0,0,0,0,0,0,0,0,-6,17,-9,19,-13,22,-11,20,-15,22,-19,19,-20,18,-26,19,-27,18,-28,19,-31,18,-38,17,-38,18,-40,15,-42,15,-49,11,-47,7,-51,7,-52,5,-55,-2,-55,-5,-60,-2,-62,-3,-56,-5,-63,-10,-62,-13,-62,-13,-60,-17,-62,-16,-62,-18,-62,-21,-63,-23,-62,-25,-63,-26,-62,-26,-64,-28,-66,-24,-64,-22,-64,-26,-69,-22,-69,-28,-70,-25,-70,-28,-76,-28,-74,-29,-73,-30,-73,-36,-77,-35,-76,-36,-80,-40,-77,-39,-81,-42,-76,-37,-77,-43,-74,-42,-75,-47,-70,-49,0,0]"
CSI_DATA,397,1a:00:00:00:00:00,-44,11,1,0,1,1,1,0,0,0,1,-96,0,11,2,5460715,0,44,0,384,0,"[0,0,0,0,0,0,0,0,0,0,0,0,-4,-11,-4,-11,-5,-10,-4,-10,-4,-10,-4,-9,-4,-9,-4,-9,-5,-8,-5,-8,-5,-8,-5,-8,-5,-7,-5,-7,-5,-7,-5,-7,-5,-7,-5,-6,-6,-6,-5,-6,-5,-6,-5,-6,-5,-6,-5,-6,-5,-6,-5,-6,0,0,-5,-6,-4,-6,-4,-6,-4,-6,-3,-6,-3,-6,-3,-6,-3,-6,-2,-6,-2,-5,-1,-5,-1,-5,-1,-4,-1,-4,0,-4,0,-3,0,-3,0,-3,0,-2,0,-2,1,-2,1,-2,1,-1,1,-1,1,0,0,0,0,0,0,0,0,0,0,0,0,0,0,0,0,0,-13,-76,-9,-70,-12,-68,-12,-66,-13,-64,-10,-63,-9,-59,-14,-61,-12,-56,-13,-55,-16,-52,-15,-50,-16,-51,-13,-46,-15,-46,-18,-45,-17,-46,-19,-45,-21,-41,-21,-41,-18,-42,-20,-37,-22,-37,-21,-37,-18,-37,-23,-38,-23,-41,-20,-39,-23,-40,-19,-35,-19,-36,-18,-38,-17,-32,-13,-34,-16,-36,-11,-36,-12,-34,-9,-35,-6,-35,-1,-30,-4,-26,1,-28,1,-24,4,-24,4,-22,4,-17,5,-18,4,-15,7,-11,6,-12,4,-6,9,-4,7,-6,6,-1,6,-2,3,-1,5,1,0,0,0,0,0,0,0,0,0,0,0,0,0,0,0,0,0,0,0,0,0,0,-12,-17,-9,-16,-8,-21,-7,-22,-8,-25,-6,-27,-3,-27,-4,-31,2,-28,2,-31,6,-36,10,-37,9,-39,12,-39,15,-44,19,-38,24,-45,23,-45,28,-43,31,-43,34,-44,39,-43,42,-41,42,-35,46,-37,49,-38,51,-39,53,-39,52,-36,56,-39,55,-32,59,-34,58,-32,58,-32,59,-33,61,-33,58,-31,57,-30,61,-29,65,-31,65,-36,60,-36,65,-34,67,-36,67,-34,68,-35,73,-33,73,-32,73,-36,75,-34,77,-28,80,-31,82,-32,76,-26,78,-23,80,-23,81,-24,0,0]"
CSI_DATA,398,1a:00:00:00:00:00,-44,11,1,0,1,1,1,0,0,0,1,-96,0,11,2,5470100,0,44,0,384,0,"[0,0,0,0,0,0,0,0,0,0,0,0,-5,-12,-4,-11,-5,-10,-5,-11,-5,-10,-4,-9,-5,-9,-4,-9,-5,-8,-5,-8,-5,-8,-5,-8,-5,-8,-5,-7,-5,-7,-5,-7,-5,-7,-5,-7,-6,-6,-5,-6,-5,-6,-5,-7,-5,-7,-6,-6,-6,-6,-5,-6,0,0,-5,-6,-5,-6,-4,-6,-4,-6,-4,-6,-3,-6,-3,-6,-2,-6,-2,-6,-2,-5,-1,-5,-1,-5,-1,-5,-1,-4,-1,-4,0,-3,0,-3,0,-3,0,-3,0,-2,1,-2,1,-2,1,-1,1,-1,1,-1,0,0,0,0,0,0,0,0,0,0,0,0,0,0,0,0,-16,-75,-19,-70,-21,-66,-19,-66,-18,-66,-18,-62,-18,-63,-17,-56,-19,-55,-18,-56,-18,-56,-19,-51,-22,-48,-20,-47,-18,-46,-21,-48,-23,-44,-21,-40,-23,-41,-25,-39,-26,-41,-26,-35,-25,-33,-25,-35,-23,-36,-24,-37,-22,-37,-27,-36,-22,-39,-24,-38,-24,-36,-20,-36,-18,-36,-20,-35,-15,-34,-14,-33,-11,-37,-11,-33,-8,-32,-8,-30,-4,-31,-4,-31,-3,-26,1,-23,-1,-22,2,-20,0,-19,4,-14,1,-12,8,-13,6,-12,7,-5,8,-9,7,-3,9,-3,9,0,6,2,0,0,0,0,0,0,0,0,0,0,0,0,0,0,0,0,0,0,0,0,0,0,-13,-15,-10,-17,-12,-22,-10,-22,-7,-28,-5,-24,-5,-29,-2,-31,-1,-33,0,-37,6,-38,6,-38,10,-41,11,-42,14,-43,17,-45,20,-44,23,-46,26,-45,30,-42,34,-45,36,-46,39,-45,43,-44,45,-42,49,-44,49,-44,53,-42,52,-42,54,-39,54,-37,55,-38,55,-36,55,-37,57,-38,59,-37,59,-37,58,-35,61,-36,62,-40,62,-38,64,-43,66,-38,65,-46,65,-40,65,-40,68,-41,75,-42,72,-42,76,-38,81,-39,79,-35,82,-38,79,-32,78,-37,78,-27,83,-30,0,0]"
CSI_DATA,399,1a:00:00:00:00:00,-44,11,1,0,1,1,1,0,0,0,1,-96,0,11,2,5490285,0,44,0,384,0,"[0,0,0,0,0,0,0,0,0,0,0,0,-4,11,-4,11,-3,11,-2,10,-3,10,-3,10,-3,9,-2,9,-2,9,-2,9,-2,9,-2,8,-1,8,-1,8,-1,8,-1,8,-1,8,-1,8,0,8,0,8,-1,7,0,8,-1,7,0,7,-1,7,-1,7,0,0,-1,7,-1,7,-1,7,-2,6,-2,6,-2,6,-2,6,-2,5,-3,5,-3,4,-3,4,-3,3,-3,3,-3,2,-3,2,-3,2,-3,1,-3,1,-3,0,-3,0,-2,0,-2,-1,-2,-1,-2,-1,-1,-1,-1,-1,0,0,0,0,0,0,0,0,0,0,0,0,0,0,-18,34,-16,32,-14,30,-14,31,-12,30,-14,29,-13,27,-11,26,-10,26,-11,26,-9,25,-9,25,-8,23,-6,23,-6,25,-6,23,-5,23,-5,22,-5,20,-5,24,-4,23,-4,22,-3,20,-2,19,-3,21,-1,20,-3,21,-2,21,-3,20,-1,21,-4,19,-2,21,-5,20,-6,17,-6,19,-5,15,-7,17,-7,14,-8,14,-8,12,-8,12,-8,9,-7,10,-8,9,-8,6,-8,7,-7,5,-8,5,-7,3,-6,2,-6,3,-5,1,-6,-1,-4,-1,-4,-1,-5,-2,0,-4,0,0,0,0,0,0,0,0,0,0,0,0,0,0,0,0,0,0,0,0,0,0,-1,9,-2,9,-2,13,-4,12,-5,10,-6,12,-8,11,-9,12,-10,12,-13,13,-13,12,-15,12,-15,12,-16,11,-18,10,-21,11,-22,11,-23,10,-25,10,-26,8,-28,7,-26,6,-30,3,-31,3,-31,1,-31,3,-33,1,-32,-2,-31,-3,-33,-4,-34,-2,-34,-4,-33,-5,-32,-5,-35,-5,-35,-4,-33,-5,-35,-5,-35,-4,-35,-4,-36,-5,-37,-6,-39,-6,-39,-6,-38,-6,-39,-9,-40,-8,-43,-7,-41,-9,-40,-8,-41,-9,-40,-10,-42,-11,-43,-12,-42,-13,-42,-14,-39,-17,0,0]"
CSI_DATA,400,1a:00:00:00:00:00,-44,11,1,0,1,1,1,0,0,0,1,-96,0,11,2,5500120,0,44,0,384,0,"[0,0,0,0,0,0,0,0,0,0,0,0,11,1,11,1,11,1,10,1,10,1,9,0,9,0,9,0,9,0,8,0,8,-1,8,-1,8,-1,8,-1,8,-1,8,-1,8,-1,7,-2,7,-1,7,-1,7,-1,7,-1,7,-2,7,-1,7,-1,7,-2,0,0,7,-1,7,-1,6,-1,6,-1,6,0,5,0,5,1,5,1,5,1,5,1,4,1,3,1,3,1,3,2,3,2,2,1,1,2,1,2,1,1,1,1,0,1,0,1,-1,1,-1,1,-1,0,-1,0,0,0,0,0,0,0,0,0,0,0,0,0,0,0,72,19,70,14,68,12,69,10,68,11,61,9,61,10,58,7,60,6,54,6,55,1,51,2,51,2,54,1,47,-2,48,-2,47,-1,45,-2,41,-4,46,-5,43,-8,44,-5,41,-5,41,-9,43,-7,42,-7,42,-10,40,-6,42,-9,41,-5,41,-6,38,-8,40,-3,38,-3,39,-1,35,3,34,2,35,4,30,1,29,5,26,5,25,7,24,8,21,11,20,7,15,9,13,10,12,7,9,9,10,11,6,8,4,9,4,8,1,6,3,7,-4,5,-6,7,0,0,0,0,0,0,0,0,0,0,0,0,0,0,0,0,0,0,0,0,0,0,17,-3,17,-6,20,1,18,1,28,0,27,8,23,6,29,9,29,14,28,22,24,21,25,24,28,22,33,32,29,29,26,39,24,34,31,38,27,42,21,46,18,47,23,54,18,53,19,53,14,58,15,59,12,61,11,60,7,63,10,60,7,65,4,58,4,64,4,65,2,61,6,65,6,67,5,68,6,66,8,71,8,69,5,72,3,71,8,76,5,74,4,75,5,77,7,83,0,87,3,83,-3,85,-3,87,-5,81,-4,82,-8,88,-5,84,-8,85,0,0]"
CSI_DATA,401,1a:00:00:00:00:00,-44,11,1,0,1,1,1,0,0,0,1,-96,0,11,2,5510087,0,44,0,384,0,"[0,0,0,0,0,0,0,0,0,0,0,0,-12,-5,-11,-4,-11,-5,-11,-4,-11,-4,-10,-4,-10,-3,-10,-3,-10,-3,-10,-3,-9,-2,-9,-2,-9,-2,-9,-2,-9,-2,-9,-1,-9,-1,-9,-1,-8,-1,-9,-1,-8,-1,-9,0,-8,-1,-8,-1,-9,-1,-8,-1,0,0,-8,-1,-8,-1,-8,-1,-8,-2,-7,-2,-7,-2,-6,-2,-6,-3,-6,-3,-5,-3,-5,-3,-4,-3,-4,-3,-3,-3,-3,-3,-3,-3,-3,-3,-2,-3,-2,-3,-1,-2,-1,-3,-1,-2,0,-2,0,-2,0,-2,0,-1,0,0,0,0,0,0,0,0,0,0,0,0,0,0,-62,-38,-65,-36,-62,-37,-58,-38,-58,-35,-54,-30,-57,-30,-53,-29,-52,-25,-51,-26,-48,-22,-49,-20,-48,-18,-50,-15,-49,-17,-46,-15,-45,-14,-45,-12,-46,-12,-44,-11,-44,-8,-46,-10,-44,-9,-43,-9,-45,-9,-46,-8,-42,-9,-41,-6,-37,-6,-44,-7,-41,-8,-41,-7,-42,-10,-39,-10,-40,-10,-34,-13,-33,-13,-33,-14,-26,-15,-27,-16,-25,-19,-23,-15,-21,-18,-17,-18,-15,-16,-15,-14,-11,-13,-8,-14,-8,-12,-8,-14,-8,-10,-3,-10,0,-10,1,-5,2,-10,4,-4,7,-3,0,0,0,0,0,0,0,0,0,0,0,0,0,0,0,0,0,0,0,0,0,0,-19,-6,-21,-6,-21,-11,-21,-11,-21,-15,-21,-15,-23,-18,-20,-25,-20,-25,-22,-28,-20,-30,-23,-33,-19,-36,-16,-38,-16,-41,-12,-44,-14,-45,-10,-53,-9,-49,-8,-56,-3,-55,-4,-56,-1,-57,2,-59,5,-64,7,-63,13,-64,9,-58,13,-66,13,-63,16,-66,13,-66,20,-66,22,-61,18,-65,20,-65,18,-66,18,-67,18,-66,18,-67,21,-71,14,-70,18,-72,20,-75,17,-75,20,-72,20,-75,22,-80,23,-84,32,-78,29,-83,30,-79,32,-79,34,-82,34,-77,33,-75,40,-79,0,0]"
CSI_DATA,402,1a:00:00:00:00:00,-44,11,1,0,1,1,1,0,0,0,1,-96,0,11,2,5530479,0,44,0,384,0,"[0,0,0,0,0,0,0,0,0,0,0,0,-11,6,-11,6,-10,5,-10,5,-9,5,-9,5,-9,5,-8,6,-8,5,-8,5,-8,5,-8,6,-7,5,-7,5,-6,5,-6,6,-7,6,-6,6,-6,5,-5,5,-6,5,-5,5,-6,6,-5,5,-6,5,-6,5,0,0,-6,5,-6,4,-6,4,-6,4,-6,3,-5,4,-6,3,-6,2,-6,2,-5,2,-5,1,-5,1,-5,1,-4,0,-4,0,-4,-1,-3,-1,-3,-1,-3,-1,-2,-1,-2,-1,-2,-1,-1,-1,-1,-2,-1,-2,0,-2,0,0,0,0,0,0,0,0,0,0,0,0,0,0,-72,29,-71,30,-67,31,-64,27,-59,30,-62,28,-57,24,-55,28,-50,28,-51,30,-46,28,-48,25,-46,28,-45,27,-43,27,-43,25,-39,28,-37,31,-38,29,-36,28,-36,33,-33,31,-32,29,-33,28,-34,29,-31,28,-31,28,-33,30,-32,29,-31,29,-30,26,-35,27,-33,24,-33,25,-32,24,-31,21,-30,19,-30,16,-29,12,-31,11,-27,8,-28,8,-27,5,-23,1,-24,2,-17,1,-20,-2,-18,-1,-16,-7,-15,-3,-10,-4,-11,-6,-13,-6,-5,-6,-3,-8,-3,-6,0,-8,0,0,0,0,0,0,0,0,0,0,0,0,0,0,0,0,0,0,0,0,0,0,-14,13,-15,14,-20,14,-21,10,-23,7,-28,11,-26,8,-30,4,-33,2,-36,0,-37,0,-41,-4,-44,-5,-44,-8,-45,-10,-46,-11,-49,-17,-47,-19,-49,-20,-51,-25,-49,-29,-50,-29,-46,-31,-49,-36,-46,-41,-51,-43,-51,-43,-48,-44,-45,-46,-43,-49,-46,-48,-47,-51,-41,-54,-44,-50,-42,-55,-45,-52,-47,-51,-42,-53,-45,-55,-50,-53,-45,-60,-47,-58,-55,-60,-51,-57,-53,-62,-55,-66,-53,-65,-54,-64,-54,-68,-47,-70,-49,-69,-50,-73,-49,-72,-47,-75,-47,-72,-42,-77,-40,-71,0,0]"
CSI_DATA,403,1a:00:00:00:00:00,-44,11,1,0,1,1,1,0,0,0,1,-96,0,11,2,5540900,0,44,0,384,0,"[0,0,0,0,0,0,0,0,0,0,0,0,-3,-12,-4,-12,-4,-11,-4,-11,-4,-11,-4,-10,-4,-10,-4,-10,-4,-9,-4,-9,-4,-9,-4,-9,-5,-8,-5,-9,-5,-8,-4,-8,-5,-8,-4,-7,-5,-7,-5,-7,-5,-7,-5,-7,-5,-7,-5,-7,-5,-7,-5,-7,0,0,-4,-7,-4,-7,-4,-7,-3,-7,-3,-7,-3,-7,-2,-7,-2,-6,-1,-6,-1,-6,-1,-5,-1,-5,0,-5,0,-5,0,-4,0,-3,0,-4,0,-3,1,-2,1,-2,1,-2,1,-2,1,-1,1,-1,1,0,0,0,0,0,0,0,0,0,0,0,0,0,0,0,0,0,-15,-72,-14,-74,-10,-71,-18,-66,-17,-66,-12,-61,-13,-61,-12,-57,-17,-57,-17,-53,-17,-54,-17,-54,-17,-50,-18,-49,-14,-48,-18,-47,-18,-43,-15,-43,-18,-43,-23,-42,-20,-37,-21,-39,-22,-32,-20,-37,-22,-35,-19,-39,-22,-37,-23,-37,-20,-38,-22,-38,-20,-38,-18,-37,-16,-35,-17,-37,-13,-40,-12,-34,-10,-31,-11,-33,-9,-32,-7,-32,-5,-32,0,-28,1,-24,-1,-24,1,-22,5,-19,4,-17,2,-14,7,-13,6,-11,6,-10,8,-5,6,-8,4,-3,6,-4,5,0,5,2,0,0,0,0,0,0,0,0,0,0,0,0,0,0,0,0,0,0,0,0,0,0,-11,-21,-9,-17,-7,-21,-7,-23,-5,-27,-3,-27,-4,-24,0,-30,1,-34,3,-33,8,-33,9,-35,9,-39,16,-40,19,-39,20,-42,26,-40,30,-43,29,-39,31,-41,35,-41,41,-42,41,-40,44,-39,47,-39,50,-41,56,-32,54,-35,53,-32,56,-32,57,-32,55,-33,57,-33,57,-28,59,-32,59,-31,60,-34,62,-33,59,-33,66,-31,63,-34,67,-35,63,-35,68,-36,68,-34,71,-33,69,-34,71,-36,77,-37,75,-33,74,-31,79,-29,80,-28,78,-31,82,-26,78,-23,84,-24,0,0]"
CSI_DATA,404,1a:00:00:00:00:00,-44,11,1,0,1,1,1,0,0,0,1,-96,0,11,2,5550185,0,44,0,384,0,"[0,0,0,0,0,0,0,0,0,0,0,0,9,7,8,7,8,7,8,6,8,6,7,6,7,5,7,5,7,5,7,4,7,4,8,3,7,3,7,3,7,3,7,3,7,2,7,2,7,2,7,2,7,2,7,2,6,2,7,2,7,2,6,2,0,0,6,2,6,2,6,2,6,2,5,3,5,3,5,3,4,3,4,3,4,3,3,3,2,3,2,3,2,2,1,3,1,2,1,2,0,2,1,2,0,2,0,1,-1,1,-1,1,-1,0,-1,0,-1,0,0,0,0,0,0,0,0,0,0,0,0,0,0,0,52,54,52,52,49,52,44,50,46,47,47,44,44,43,43,42,44,39,46,35,41,38,40,31,41,34,40,28,38,26,41,28,42,26,41,24,42,26,40,24,43,22,38,22,41,15,39,19,39,20,40,19,38,17,39,16,40,15,39,18,39,16,36,20,36,17,30,20,34,19,31,22,27,19,26,25,22,23,21,20,19,24,17,19,15,23,11,23,11,15,8,18,6,18,7,21,4,13,2,11,-1,9,-6,8,-2,10,-5,9,-4,5,-6,2,-8,0,0,0,0,0,0,0,0,0,0,0,0,0,0,0,0,0,0,0,0,0,0,0,17,10,19,10,14,11,18,16,18,21,16,22,14,23,14,26,16,26,9,31,12,37,12,39,12,40,6,43,7,43,2,46,-2,49,-2,51,-7,50,-10,52,-12,55,-14,57,-15,57,-16,59,-22,58,-21,58,-25,61,-25,58,-29,64,-30,58,-32,60,-35,61,-37,56,-35,55,-39,55,-37,60,-34,57,-34,61,-36,60,-38,63,-40,64,-36,65,-37,65,-41,70,-41,68,-42,72,-42,68,-43,70,-50,74,-51,69,-50,68,-49,71,-53,69,-55,67,-55,70,-56,65,-59,65,0,0]"
CSI_DATA,405,1a:00:00:00:00:00,-44,11,1,0,1,1,1,0,0,0,1,-96,0,11,2,5590179,0,44,0,384,0,"[0,0,0,0,0,0,0,0,0,0,0,0,12,1,11,1,11,1,10,1,10,1,10,0,10,0,10,0,9,-1,9,0,9,-1,9,-2,8,-1,8,-1,8,-1,8,-2,8,-2,8,-2,7,-2,7,-2,7,-2,7,-2,7,-3,7,-2,7,-2,7,-2,0,0,7,-2,7,-1,7,-1,6,-1,6,0,6,0,6,0,5,0,5,1,5,0,4,1,3,1,3,1,3,1,3,1,2,1,2,1,2,1,1,1,1,1,1,1,0,1,0,1,-1,1,-1,0,-1,0,0,0,0,0,0,0,0,0,0,0,0,0,0,0,35,16,33,15,32,14,31,13,29,14,31,13,27,10,27,13,26,9,26,9,26,9,25,6,24,10,24,8,23,6,22,6,24,6,22,6,23,4,21,4,20,4,21,3,20,0,21,2,20,1,22,5,21,1,21,2,20,2,21,2,19,2,21,2,18,3,19,5,18,5,16,5,16,5,14,4,14,6,13,7,11,8,10,8,9,8,8,7,6,8,6,7,5,6,4,7,3,6,1,7,1,5,-1,4,0,3,-3,3,-2,2,-2,2,-2,1,0,0,0,0,0,0,0,0,0,0,0,0,0,0,0,0,0,0,0,0,0,0,9,-1,8,0,11,0,10,3,11,4,11,5,10,7,13,7,11,7,13,10,13,10,13,13,11,14,12,16,13,17,11,19,11,20,11,21,10,23,8,25,9,25,8,28,3,27,5,29,3,29,2,30,1,30,1,32,0,30,-2,32,-2,32,-3,33,-4,32,-2,33,-4,31,-3,32,-3,32,-3,32,-5,35,-5,35,-4,37,-4,35,-5,37,-4,36,-5,38,-5,40,-5,38,-6,39,-8,42,-9,39,-9,41,-10,40,-10,42,-12,38,-13,39,-16,40,-14,38,0,0]"
CSI_DATA,406,1a:00:00:00:00:00,-44,11,1,0,1,1,1,0,0,0,1,-96,0,11,2,5600109,0,44,0,384,0,"[0,0,0,0,0,0,0,0,0,0,0,0,-7,9,-7,9,-6,9,-6,9,-6,8,-6,8,-6,8,-5,8,-5,8,-5,8,-5,7,-5,8,-4,7,-4,7,-4,7,-4,7,-4,7,-4,7,-3,7,-3,7,-3,7,-3,7,-3,7,-3,7,-3,6,-3,7,0,0,-4,6,-4,6,-4,6,-4,5,-4,5,-4,5,-4,4,-4,4,-5,3,-5,3,-4,2,-4,2,-4,2,-4,1,-4,1,-3,0,-3,0,-3,0,-3,-1,-3,0,-2,-1,-2,-1,-2,-1,-1,-1,-1,-1,-1,-1,0,0,0,0,0,0,0,0,0,0,0,0,0,0,-43,60,-39,62,-37,64,-33,57,-31,55,-34,57,-32,48,-29,51,-26,47,-28,48,-28,51,-24,48,-20,48,-21,43,-24,43,-18,46,-19,42,-15,42,-17,43,-17,44,-13,46,-13,38,-13,41,-11,44,-12,42,-10,41,-11,42,-11,42,-16,38,-11,41,-13,40,-15,40,-13,36,-16,34,-15,35,-20,32,-14,30,-18,29,-19,28,-20,26,-21,21,-18,18,-19,15,-14,12,-16,10,-16,12,-17,10,-17,10,-10,4,-12,2,-12,-1,-13,0,-10,-2,-8,-6,-10,-6,-4,-6,-3,-7,0,0,0,0,0,0,0,0,0,0,0,0,0,0,0,0,0,0,0,0,0,0,0,18,-3,17,-5,18,-6,20,-11,21,-16,19,-15,22,-20,19,-25,22,-29,18,-29,19,-30,20,-34,16,-37,21,-42,20,-43,21,-43,15,-47,10,-52,12,-51,9,-54,3,-56,8,-59,2,-61,0,-61,-5,-60,-8,-61,-8,-63,-9,-64,-10,-65,-13,-62,-12,-67,-17,-63,-14,-62,-17,-64,-16,-66,-20,-68,-16,-66,-16,-66,-20,-69,-18,-71,-17,-72,-18,-75,-17,-78,-17,-76,-21,-76,-20,-78,-25,-82,-24,-82,-25,-79,-27,-80,-29,-79,-32,-80,-34,-76,-35,-79,-36,-78,-37,-76,-39,0,0]"
CSI_DATA,407,1a:00:00:00:00:00,-44,11,1,0,1,1,1,0,0,0,1,-96,0,11,2,5610920,0,44,0,384,0,"[0,0,0,0,0,0,0,0,0,0,0,0,12,-2,11,-2,10,-2,10,-2,10,-1,10,-2,9,-2,9,-2,9,-2,8,-2,8,-3,8,-3,8,-3,7,-3,8,-3,7,-3,7,-4,7,-4,7,-3,7,-3,7,-3,7,-3,7,-4,6,-3,7,-3,7,-3,0,0,7,-3,6,-2,6,-2,6,-2,6,-1,6,-1,5,-1,5,0,5,-1,5,0,4,0,4,1,3,1,3,1,3,0,2,1,2,1,2,1,1,1,1,1,1,1,0,1,0,1,-1,1,-1,1,-1,0,0,0,0,0,0,0,0,0,0,0,0,0,0,0,74,-4,72,-7,70,-2,67,-3,67,-4,63,-4,59,-7,61,-5,57,-3,53,-9,52,-7,51,-4,52,-8,51,-8,47,-9,46,-10,46,-13,45,-11,44,-12,41,-14,45,-17,37,-14,41,-15,38,-13,39,-14,41,-15,37,-13,41,-20,38,-13,40,-16,37,-13,42,-11,37,-11,37,-8,36,-6,37,-6,38,-3,33,-2,34,-1,31,1,27,2,27,5,25,7,20,5,20,5,17,4,16,5,10,6,13,8,11,6,5,10,4,5,5,7,-1,6,1,6,-2,8,-3,5,0,0,0,0,0,0,0,0,0,0,0,0,0,0,0,0,0,0,0,0,0,0,15,-8,21,-8,17,-7,21,-6,22,-4,25,1,24,2,26,2,31,6,30,6,33,8,36,11,37,15,36,18,40,23,36,22,37,24,36,28,37,33,36,38,35,38,36,43,32,43,32,47,32,47,30,49,33,55,29,56,28,56,28,59,24,58,25,62,23,61,21,62,23,63,22,63,26,65,26,62,26,61,29,71,25,70,27,65,27,70,27,69,27,73,23,74,23,76,22,76,21,82,24,77,20,79,23,82,18,82,15,81,18,83,12,81,11,82,0,0]"
CSI_DATA,408,1a:00:00:00:00:00,-44,11,1,0,1,1,1,0,0,0,1,-96,0,11,2,5620126,0,44,0,384,0,"[0,0,0,0,0,0,0,0,0,0,0,0,9,-8,9,-7,8,-7,8,-7,8,-7,7,-7,7,-7,7,-7,7,-7,6,-7,6,-7,6,-7,5,-7,5,-7,5,-7,5,-7,5,-7,4,-7,4,-7,4,-6,4,-7,4,-7,4,-7,4,-7,4,-7,4,-7,0,0,4,-6,4,-6,4,-5,4,-6,4,-5,4,-4,4,-4,4,-4,4,-3,4,-3,4,-3,4,-2,3,-2,3,-2,3,-1,3,-1,2,-1,2,0,2,0,2,0,1,0,1,0,0,0,0,0,0,0,0,0,0,0,0,0,0,0,0,0,0,0,0,0,0,0,69,-34,60,-30,64,-31,59,-30,58,-32,57,-29,53,-30,54,-31,50,-32,46,-32,43,-28,44,-28,41,-27,41,-31,40,-29,39,-31,38,-34,36,-29,34,-32,31,-31,38,-35,26,-30,33,-34,30,-31,26,-33,30,-32,30,-35,28,-33,28,-32,29,-29,26,-30,30,-31,27,-23,30,-28,27,-24,31,-25,26,-21,30,-20,28,-17,27,-15,25,-14,27,-9,24,-9,23,-5,21,-3,19,0,20,-1,15,-4,17,-1,11,-1,12,1,8,3,7,4,6,4,4,7,0,8,-4,6,0,0,0,0,0,0,0,0,0,0,0,0,0,0,0,0,0,0,0,0,0,0,10,-12,20,-13,18,-11,20,-11,22,-9,23,-7,27,-4,27,-4,33,-3,32,0,36,-1,36,6,39,6,39,7,41,9,41,16,46,14,42,17,45,20,42,27,45,28,48,29,44,31,48,34,44,34,48,42,48,43,49,44,43,42,44,47,42,44,43,49,42,50,41,48,42,49,43,54,44,50,46,55,43,53,49,53,47,54,47,55,49,55,52,56,53,59,50,62,50,61,53,64,52,66,50,65,50,65,50,71,50,73,43,67,45,72,44,77,42,73,0,0]"
CSI_DATA,409,1a:00:00:00:00:00,-44,11,1,0,1,1,1,0,0,0,1,-96,0,11,2,5630116,0,44,0,384,0,"[0,0,0,0,0,0,0,0,0,0,0,0,-11,-7,-10,-7,-10,-7,-10,-7,-10,-6,-9,-6,-9,-5,-9,-5,-9,-5,-9,-5,-9,-4,-9,-4,-9,-4,-9,-4,-9,-4,-9,-3,-9,-3,-8,-3,-8,-3,-8,-3,-8,-3,-8,-3,-8,-3,-8,-3,-8,-3,-8,-3,0,0,-8,-3,-7,-4,-7,-4,-7,-4,-6,-4,-6,-4,-6,-4,-5,-4,-5,-4,-4,-4,-4,-4,-3,-4,-3,-4,-2,-4,-2,-4,-2,-3,-2,-3,-1,-3,-1,-3,-1,-2,0,-2,0,-2,0,-2,0,-1,0,-1,0,-1,0,0,0,0,0,0,0,0,0,0,0,0,0,0,-65,-43,-59,-41,-59,-42,-60,-43,-55,-42,-54,-36,-50,-34,-52,-33,-48,-29,-50,-30,-48,-27,-48,-29,-47,-26,-45,-22,-44,-23,-44,-20,-47,-21,-43,-20,-41,-19,-43,-17,-45,-17,-39,-15,-44,-16,-41,-15,-43,-13,-41,-11,-41,-17,-42,-12,-41,-15,-42,-15,-40,-12,-42,-11,-41,-16,-32,-16,-36,-17,-32,-18,-30,-22,-29,-22,-27,-21,-24,-20,-22,-23,-22,-20,-15,-18,-15,-21,-10,-18,-10,-18,-10,-16,-9,-17,-8,-16,-2,-11,0,-12,-3,-11,4,-11,3,-7,1,-6,4,-2,7,-1,0,0,0,0,0,0,0,0,0,0,0,0,0,0,0,0,0,0,0,0,0,0,-16,-5,-22,-10,-20,-8,-21,-12,-20,-13,-21,-14,-20,-19,-19,-20,-21,-24,-22,-26,-20,-28,-18,-37,-20,-32,-19,-37,-20,-42,-15,-46,-16,-49,-12,-48,-11,-51,-7,-54,-4,-58,-4,-53,2,-58,2,-57,5,-64,7,-63,8,-61,13,-63,11,-62,15,-61,12,-64,19,-64,15,-65,18,-65,23,-65,19,-63,20,-65,18,-66,20,-64,20,-71,21,-72,23,-72,24,-75,21,-75,23,-74,26,-75,28,-73,27,-77,31,-80,30,-80,33,-79,36,-80,37,-79,41,-78,40,-76,44,-74,41,-72,0,0]"
CSI_DATA,410,1a:00:00:00:00:00,-44,11,1,0,1,1,1,0,0,0,1,-96,0,11,2,5662039,0,44,0,384,0,"[0,0,0,0,0,0,0,0,0,0,0,0,-13,0,-12,0,-12,0,-11,0,-11,0,-10,0,-11,0,-10,1,-10,1,-10,1,-10,1,-9,2,-9,2,-9,1,-9,2,-9,2,-8,2,-8,2,-8,2,-8,2,-8,2,-8,2,-8,2,-8,2,-8,2,-8,2,0,0,-8,2,-8,1,-7,1,-8,1,-7,0,-7,0,-7,-1,-6,-1,-6,-1,-6,-1,-5,-1,-5,-1,-4,-1,-4,-1,-4,-2,-3,-2,-3,-2,-2,-2,-2,-2,-2,-2,-1,-2,-1,-2,-1,-2,-1,-2,0,-1,0,-1,0,0,0,0,0,0,0,0,0,0,0,0,0,0,-78,8,-77,7,-76,5,-71,1,-65,6,-68,8,-63,5,-64,5,-57,11,-58,7,-55,10,-54,10,-56,9,-49,9,-54,12,-51,14,-50,13,-47,16,-50,15,-46,14,-43,16,-45,17,-45,17,-39,18,-43,17,-41,17,-44,16,-40,18,-40,15,-41,16,-38,13,-42,12,-39,11,-40,11,-39,9,-35,6,-36,5,-36,5,-35,0,-33,0,-31,-3,-26,-4,-25,-5,-25,-4,-23,-8,-24,-3,-16,-4,-16,-9,-13,-8,-13,-10,-8,-8,-6,-10,-4,-10,-3,-9,1,-9,-1,-6,3,-7,0,0,0,0,0,0,0,0,0,0,0,0,0,0,0,0,0,0,0,0,0,0,-16,7,-16,10,-20,6,-25,6,-25,3,-28,3,-30,1,-32,-2,-32,-6,-33,-5,-37,-10,-35,-15,-34,-13,-38,-18,-39,-21,-41,-21,-45,-29,-40,-26,-41,-34,-41,-37,-40,-40,-42,-43,-39,-45,-39,-50,-37,-52,-37,-51,-36,-52,-33,-57,-30,-58,-32,-61,-35,-62,-29,-62,-29,-62,-27,-62,-30,-67,-28,-63,-30,-63,-34,-68,-31,-65,-35,-66,-35,-72,-29,-70,-32,-73,-32,-74,-32,-71,-32,-79,-33,-80,-33,-78,-30,-85,-30,-79,-25,-85,-27,-82,-23,-82,-21,-85,-19,-89,-15,-87,-15,-89,0,0]"
CSI_DATA,411,1a:00:00:00:00:00,-44,11,1,0,1,1,1,0,0,0,1,-96,0,11,2,5662278,0,44,0,384,0,"[0,0,0,0,0,0,0,0,0,0,0,0,11,-4,11,-4,10,-4,10,-4,9,-4,9,-4,9,-4,9,-4,8,-4,8,-4,8,-5,8,-5,7,-5,7,-5,7,-5,7,-5,6,-5,6,-5,6,-5,6,-5,6,-5,6,-5,6,-5,6,-5,6,-5,6,-5,0,0,6,-5,6,-4,6,-4,5,-4,6,-3,5,-3,5,-2,5,-2,5,-2,5,-1,4,-1,4,-1,4,-1,3,-1,3,0,3,0,2,0,2,0,2,0,1,1,1,1,1,1,0,1,0,1,0,1,-1,1,0,0,0,0,0,0,0,0,0,0,0,0,0,0,72,-31,67,-28,63,-31,60,-29,59,-30,60,-25,54,-27,51,-26,52,-24,52,-23,47,-29,44,-26,49,-26,44,-25,39,-27,44,-31,40,-31,39,-30,41,-32,34,-32,38,-30,33,-27,31,-31,32,-29,31,-26,33,-29,32,-30,32,-30,31,-30,33,-31,32,-30,34,-27,32,-23,33,-24,31,-24,33,-17,32,-17,31,-17,29,-14,29,-11,27,-9,23,-8,24,-8,22,-5,21,-1,21,-1,14,1,16,0,12,1,15,4,11,4,8,5,6,5,5,8,2,8,-1,6,-4,4,0,0,0,0,0,0,0,0,0,0,0,0,0,0,0,0,0,0,0,0,0,0,14,-13,17,-15,15,-10,20,-8,26,-9,28,-8,25,-6,27,-7,29,-3,32,-2,31,-1,36,2,37,6,39,7,43,11,41,10,46,16,43,20,46,21,43,26,45,29,47,27,44,31,47,35,44,39,49,41,46,43,47,46,42,44,46,46,42,46,42,51,41,54,39,53,40,52,42,52,43,48,43,51,45,51,43,55,46,57,41,50,51,58,48,58,49,61,47,61,47,63,47,65,50,68,47,69,44,73,48,71,46,76,38,71,40,73,39,78,37,73,0,0]"
CSI_DATA,412,1a:00:00:00:00:00,-44,11,1,0,1,1,1,0,0,0,1,-96,0,11,2,5662526,0,44,0,384,0,"[0,0,0,0,0,0,0,0,0,0,0,0,-12,3,-12,2,-11,2,-11,2,-10,2,-10,3,-10,3,-9,3,-9,3,-9,3,-9,3,-9,3,-8,3,-8,3,-8,3,-8,4,-8,4,-8,4,-7,4,-7,4,-7,3,-7,3,-7,4,-7,3,-7,3,-7,4,0,0,-7,3,-7,2,-7,2,-7,2,-6,2,-6,1,-6,1,-6,1,-6,1,-6,0,-5,0,-5,0,-5,-1,-4,-1,-4,-1,-4,-1,-3,-1,-3,-2,-3,-1,-2,-2,-2,-2,-1,-2,-1,-2,-1,-2,0,-1,0,-1,0,0,0,0,0,0,0,0,0,0,0,0,0,0,-73,16,-74,20,-66,16,-67,16,-65,17,-62,12,-61,16,-58,17,-58,22,-53,13,-50,17,-50,16,-49,19,-47,22,-46,19,-46,22,-48,19,-42,21,-38,21,-41,22,-37,25,-37,26,-37,22,-34,23,-38,21,-36,20,-35,27,-37,25,-37,26,-34,21,-37,24,-35,21,-38,21,-35,18,-35,17,-32,15,-38,10,-34,10,-32,8,-30,3,-29,6,-26,2,-22,1,-23,2,-21,-3,-19,-3,-14,-3,-16,-4,-15,-5,-15,-7,-9,-8,-7,-5,-5,-3,-2,-8,0,-7,-1,-5,1,-6,0,0,0,0,0,0,0,0,0,0,0,0,0,0,0,0,0,0,0,0,0,0,-16,11,-16,7,-20,9,-18,7,-24,2,-27,4,-28,0,-34,-4,-32,1,-32,-5,-34,-6,-36,-6,-37,-11,-40,-15,-40,-18,-41,-20,-39,-24,-40,-27,-43,-32,-43,-34,-40,-36,-43,-39,-42,-42,-40,-42,-39,-48,-40,-49,-36,-49,-33,-48,-38,-54,-36,-54,-38,-56,-32,-56,-33,-57,-32,-59,-34,-57,-33,-59,-35,-63,-38,-61,-36,-58,-35,-62,-36,-60,-38,-63,-38,-65,-38,-68,-37,-65,-45,-71,-38,-68,-40,-75,-37,-76,-34,-80,-33,-73,-36,-76,-34,-81,-34,-83,-31,-82,-23,-77,-26,-81,0,0]"
CSI_DATA,413,1a:00:00:00:00:00,-44,11,1,0,1,1,1,0,0,0,1,-96,0,11,2,5670448,0,44,0,384,0,"[0,0,0,0,0,0,0,0,0,0,0,0,-11,-5,-11,-5,-10,-5,-11,-5,-10,-4,-10,-4,-10,-4,-9,-4,-10,-3,-9,-3,-9,-3,-9,-3,-9,-3,-9,-3,-9,-2,-8,-2,-9,-2,-8,-1,-8,-1,-8,-1,-8,-2,-8,-2,-8,-1,-8,-1,-8,-1,-8,-1,0,0,-8,-2,-7,-2,-7,-2,-7,-2,-7,-3,-7,-3,-6,-3,-6,-3,-5,-3,-5,-3,-5,-3,-4,-3,-4,-3,-3,-3,-3,-3,-3,-3,-2,-3,-2,-3,-2,-3,-1,-2,-1,-2,0,-2,0,-2,0,-2,0,-2,0,-1,0,0,0,0,0,0,0,0,0,0,0,0,0,0,-56,-47,-54,-41,-58,-42,-57,-41,-51,-42,-49,-42,-48,-36,-50,-36,-47,-31,-48,-35,-46,-32,-44,-25,-48,-25,-42,-25,-44,-26,-42,-23,-43,-20,-45,-22,-44,-17,-41,-19,-46,-17,-43,-19,-41,-16,-44,-16,-42,-14,-41,-15,-37,-16,-39,-17,-38,-15,-40,-14,-41,-13,-36,-15,-37,-15,-35,-18,-35,-17,-33,-21,-32,-22,-27,-22,-27,-20,-25,-20,-18,-20,-20,-23,-16,-19,-16,-22,-15,-20,-9,-19,-10,-17,-4,-17,-5,-15,-2,-12,-2,-10,-1,-10,1,-10,1,-9,4,-7,4,-7,7,-4,0,0,0,0,0,0,0,0,0,0,0,0,0,0,0,0,0,0,0,0,0,0,-20,-6,-19,-8,-19,-11,-20,-13,-17,-17,-21,-22,-16,-21,-19,-21,-17,-27,-14,-28,-16,-35,-15,-36,-12,-37,-11,-39,-12,-44,-7,-45,-11,-49,-4,-47,-3,-51,-3,-52,2,-53,3,-56,7,-58,9,-58,16,-58,15,-60,19,-60,18,-62,17,-58,21,-62,21,-59,25,-63,23,-61,25,-63,27,-64,24,-62,22,-63,28,-62,26,-59,27,-65,26,-70,27,-68,27,-72,30,-75,29,-76,30,-74,35,-73,32,-74,37,-81,38,-73,41,-74,41,-75,45,-73,41,-71,46,-72,47,-73,48,-76,0,0]"
CSI_DATA,414,1a:00:00:00:00:00,-44,11,1,0,1,1,1,0,0,0,1,-96,0,11,2,5690173,0,44,0,384,0,"[0,0,0,0,0,0,0,0,0,0,0,0,-11,6,-11,5,-10,5,-10,5,-9,5,-9,5,-9,5,-8,5,-8,5,-7,5,-8,5,-7,5,-7,5,-6,5,-6,5,-7,5,-7,5,-6,6,-6,5,-6,5,-5,5,-6,5,-6,5,-6,5,-5,5,-6,5,0,0,-6,5,-6,4,-6,4,-6,4,-6,3,-6,3,-5,3,-5,2,-5,2,-5,2,-5,1,-4,1,-4,0,-4,0,-4,0,-4,0,-3,-1,-3,-1,-3,-1,-2,-1,-2,-1,-2,-1,-2,-1,-1,-2,-1,-2,0,-1,0,0,0,0,0,0,0,0,0,0,0,0,0,0,-70,34,-67,31,-62,33,-61,30,-60,38,-56,30,-58,28,-57,30,-52,27,-50,31,-44,30,-46,31,-46,30,-44,33,-43,32,-39,34,-38,30,-38,29,-32,34,-35,33,-33,35,-31,35,-31,34,-29,34,-32,29,-32,33,-31,33,-32,37,-27,32,-29,31,-26,34,-28,30,-30,26,-31,26,-28,26,-31,24,-31,22,-30,20,-29,19,-29,14,-25,12,-28,13,-26,9,-22,5,-21,3,-19,2,-19,3,-15,1,-14,0,-12,0,-13,-3,-12,-1,-10,-6,-7,-6,-6,-6,-4,-6,0,-9,0,0,0,0,0,0,0,0,0,0,0,0,0,0,0,0,0,0,0,0,0,0,-16,12,-14,9,-20,11,-22,7,-24,9,-28,3,-29,6,-30,2,-35,-1,-36,1,-37,-1,-36,-5,-38,-8,-42,-8,-43,-13,-44,-16,-49,-19,-46,-24,-49,-23,-47,-27,-49,-30,-51,-34,-49,-38,-48,-38,-47,-41,-48,-43,-45,-45,-45,-46,-48,-50,-44,-51,-47,-51,-41,-50,-44,-52,-43,-53,-44,-52,-44,-53,-48,-54,-47,-52,-45,-57,-49,-56,-46,-56,-53,-61,-51,-58,-50,-61,-50,-60,-56,-63,-55,-64,-54,-67,-53,-71,-53,-70,-51,-70,-53,-69,-51,-74,-51,-74,-48,-75,-41,-75,-43,-75,0,0]"
CSI_DATA,415,1a:00:00:00:00:00,-44,11,1,0,1,1,1,0,0,0,1,-96,0,11,2,5700403,0,44,0,384,0,"[0,0,0,0,0,0,0,0,0,0,0,0,-12,-3,-12,-3,-12,-2,-11,-3,-11,-2,-10,-2,-10,-2,-10,-2,-10,-2,-10,-1,-9,-1,-9,-1,-9,-1,-9,0,-9,0,-9,0,-9,0,-8,0,-8,0,-8,0,-8,0,-8,0,-8,0,-8,0,-8,0,-8,0,0,0,-8,0,-8,0,-7,-1,-7,-1,-7,-1,-7,-2,-6,-2,-6,-2,-6,-2,-5,-2,-5,-2,-4,-2,-4,-3,-4,-2,-3,-3,-3,-2,-3,-3,-2,-3,-2,-2,-2,-2,-1,-2,-1,-2,-1,-2,-1,-2,0,-1,0,-1,0,0,0,0,0,0,0,0,0,0,0,0,0,0,-75,-11,-70,-13,-73,-10,-70,-11,-67,-9,-65,-13,-60,-8,-61,-11,-56,-7,-57,-7,-54,-1,-50,-1,-56,0,-50,-3,-50,-2,-47,-1,-47,1,-49,2,-48,6,-47,5,-47,6,-43,3,-43,9,-44,7,-42,7,-42,6,-42,8,-44,8,-42,5,-44,6,-39,7,-41,4,-39,-1,-42,2,-39,0,-38,-2,-38,-2,-36,0,-33,-1,-29,-5,-28,-8,-27,-5,-27,-9,-23,-10,-22,-8,-18,-10,-13,-11,-15,-13,-7,-12,-9,-8,-10,-8,-6,-8,-4,-10,-3,-5,0,-9,-1,-5,2,-5,0,0,0,0,0,0,0,0,0,0,0,0,0,0,0,0,0,0,0,0,0,0,-16,3,-18,-1,-23,-1,-25,-4,-23,-5,-24,-10,-25,-8,-28,-12,-28,-16,-29,-16,-27,-21,-30,-22,-28,-26,-32,-29,-34,-36,-26,-36,-31,-41,-30,-41,-26,-45,-24,-45,-26,-48,-22,-55,-20,-55,-18,-56,-18,-59,-18,-60,-16,-62,-14,-64,-10,-62,-11,-66,-10,-63,-6,-66,-7,-68,-7,-68,-10,-68,-8,-65,-6,-67,-6,-68,-11,-71,-8,-71,-10,-73,-5,-71,-7,-76,-9,-77,-7,-79,-7,-76,-8,-81,-7,-80,-8,-85,-4,-85,1,-85,1,-83,3,-89,3,-84,2,-90,8,-86,10,-89,0,0]"
