type,id,mac,rssi,rate,sig_mode,mcs,bandwidth,smoothing,not_sounding,aggregation,stbc,fec_coding,sgi,noise_floor,ampdu_cnt,channel,secondary_channel,local_timestamp,ant,sig_len,rx_state,len,first_word,data
CSI_DATA,19,1a:00:00:00:00:00,-44,11,1,0,1,1,1,0,0,0,1,-97,0,11,2,530135,0,44,0,384,0,"[0,0,0,0,0,0,0,0,0,0,0,0,3,9,3,8,3,7,3,7,4,6,3,5,4,5,4,4,4,4,5,3,5,2,5,2,6,1,6,0,6,0,7,-1,6,-2,6,-2,7,-3,7,-3,7,-3,8,-4,8,-4,8,-5,9,-5,9,-6,0,0,9,-6,10,-6,10,-7,11,-7,11,-6,11,-6,11,-6,11,-6,11,-6,12,-5,12,-5,11,-4,11,-4,11,-3,11,-3,11,-3,10,-2,10,-2,9,-1,9,-1,9,0,8,0,8,1,7,1,6,1,5,2,0,0,0,0,0,0,0,0,0,0,0,0,0,0,24,59,16,57,27,52,25,52,22,42,22,44,23,35,29,35,24,31,28,29,27,23,29,16,29,17,29,10,27,8,27,3,32,3,32,-4,34,-6,33,-7,37,-12,37,-12,30,-18,34,-20,36,-21,39,-23,39,-28,39,-34,43,-34,44,-38,41,-37,50,-40,44,-38,49,-39,47,-47,51,-40,55,-39,54,-41,55,-33,58,-36,59,-34,57,-31,62,-29,57,-27,60,-26,58,-26,58,-21,55,-21,53,-18,49,-15,52,-11,49,-9,45,-2,42,0,42,4,36,7,37,9,0,0,0,0,0,0,0,0,0,0,0,0,0,0,0,0,0,0,0,0,0,0,-18,-61,-15,-58,-8,-62,-4,-65,0,-64,0,-60,-2,-61,5,-61,7,-61,9,-53,10,-57,9,-56,12,-55,7,-49,11,-45,7,-46,7,-44,6,-45,4,-36,1,-35,1,-34,0,-32,0,-33,-7,-27,-9,-26,-14,-27,-10,-24,-16,-21,-12,-16,-18,-17,-16,-14,-24,-14,-22,-13,-25,-9,-26,-8,-27,-5,-30,-6,-39,0,-35,4,-41,9,-39,11,-43,10,-47,17,-47,19,-47,18,-53,25,-56,28,-54,27,-58,30,-60,31,-63,30,-65,35,-70,33,-67,31,-72,36,-73,30,-68,28,0,0]"
CSI_DATA,20,1a:00:00:00:00:00,-44,11,1,0,1,1,1,0,0,0,1,-97,0,11,2,544231,0,44,0,384,0,"[0,0,0,0,0,0,0,0,0,0,0,0,7,-7,6,-8,5,-7,5,-7,4,-7,3,-7,2,-7,1,-6,1,-6,0,-6,0,-6,-1,-7,-2,-6,-2,-6,-3,-7,-3,-6,-4,-6,-5,-6,-6,-6,-6,-6,-6,-6,-7,-6,-6,-6,-8,-6,-8,-7,-9,-6,0,0,-10,-7,-9,-7,-11,-8,-10,-7,-10,-8,-10,-9,-10,-9,-10,-9,-9,-9,-9,-9,-9,-10,-8,-10,-8,-10,-7,-10,-6,-10,-6,-10,-6,-9,-5,-10,-4,-10,-4,-9,-4,-9,-3,-8,-2,-8,-2,-8,-1,-7,0,-7,0,0,0,0,0,0,0,0,0,0,0,0,0,0,65,-23,57,-20,55,-24,47,-22,49,-23,45,-27,38,-28,38,-31,29,-27,26,-24,18,-31,14,-27,13,-31,11,-26,8,-29,3,-29,-3,-35,-7,-32,-8,-30,-15,-37,-21,-35,-14,-31,-23,-32,-31,-37,-22,-38,-32,-36,-26,-37,-41,-39,-23,-37,-43,-40,-41,-53,-61,-17,-55,-44,-50,-56,-52,-31,-52,-46,-57,-52,-50,-48,-55,-52,-48,-47,-49,-52,-47,-56,-46,-55,-46,-54,-43,-51,-40,-47,-35,-53,-37,-51,-34,-44,-26,-47,-25,-46,-25,-46,-19,-42,-11,-45,-11,-43,-9,-41,-2,-37,0,0,0,0,0,0,0,0,0,0,0,0,0,0,0,0,0,0,0,0,0,0,-65,3,-65,-7,-62,-8,-71,-15,-61,-16,-61,-21,-58,-19,-51,-21,-59,-19,-53,-18,-49,-24,-49,-24,-54,-20,-50,-26,-45,-23,-39,-16,-47,-15,-38,-13,-40,-17,-40,-10,-40,-10,-34,-4,-31,0,-31,-2,-31,0,-28,8,-26,7,-29,10,-21,10,-24,14,-19,14,-20,22,-18,20,-15,23,-13,26,-8,28,-6,27,0,34,-2,35,0,40,0,46,12,44,14,51,13,49,15,51,26,48,19,55,28,54,27,55,26,65,27,64,33,64,32,72,30,63,31,79,30,80,27,65,0,0]"
CSI_DATA,21,1a:00:00:00:00:00,-44,11,1,0,1,1,1,0,0,0,1,-97,0,11,2,551379,0,44,0,384,0,"[0,0,0,0,0,0,0,0,0,0,0,0,-1,10,0,9,1,8,1,8,1,7,1,7,2,5,2,5,3,5,3,4,4,4,4,3,4,3,5,2,5,2,6,1,6,1,7,1,7,0,7,0,8,-1,8,-1,8,-1,9,-2,9,-2,10,-2,0,0,11,-3,11,-3,11,-3,12,-3,11,-2,12,-2,12,-2,12,-1,12,-1,12,-1,12,0,11,0,11,1,11,1,10,1,10,2,10,2,9,2,9,3,8,2,8,3,7,3,6,3,6,3,5,4,4,4,0,0,0,0,0,0,0,0,0,0,0,0,0,0,-10,67,-13,63,-2,58,-2,55,-1,60,-2,46,12,47,6,43,5,42,12,35,13,34,18,30,19,29,21,25,22,24,29,23,31,16,29,19,30,8,37,9,39,5,42,9,42,2,40,-2,47,-2,46,-7,52,-5,52,-13,51,-11,62,-12,58,-13,61,-12,61,-11,66,-13,66,-21,66,-9,66,-9,69,-11,70,-3,70,-4,68,-2,69,0,69,4,67,3,60,5,68,5,62,9,55,11,59,11,54,17,48,16,47,18,42,16,40,25,37,24,31,25,24,25,0,0,0,0,0,0,0,0,0,0,0,0,0,0,0,0,0,0,0,0,0,0,2,-65,10,-63,11,-64,16,-60,19,-61,23,-57,24,-54,30,-53,24,-54,29,-53,29,-52,27,-48,26,-47,28,-41,26,-37,22,-41,20,-39,20,-37,18,-33,14,-31,15,-28,9,-32,10,-28,7,-32,0,-29,-2,-29,-2,-28,-5,-26,-7,-27,-15,-27,-14,-21,-14,-19,-24,-26,-21,-18,-23,-18,-29,-13,-29,-17,-35,-16,-33,-9,-42,-6,-42,-7,-49,-7,-49,-3,-53,-2,-52,-4,-60,5,-60,1,-63,3,-67,2,-74,4,-68,2,-79,3,-76,-2,-79,1,-83,-4,-81,0,-77,-6,0,0]"
CSI_DATA,22,1a:00:00:00:00:00,-44,11,1,0,1,1,1,0,0,0,1,-97,0,11,2,591798,0,44,0,384,0,"[0,0,0,0,0,0,0,0,0,0,0,0,-10,-1,-10,-1,-9,0,-9,0,-9,1,-8,1,-7,2,-7,2,-6,2,-5,3,-5,4,-5,4,-4,4,-4,5,-4,5,-3,6,-2,6,-2,6,-2,7,-1,7,-2,8,-1,8,0,8,0,9,0,9,1,10,0,0,1,11,0,12,0,12,1,12,0,12,-1,12,-1,12,-1,12,-1,13,-1,12,-2,12,-2,12,-3,11,-3,11,-4,10,-4,10,-4,10,-4,9,-4,8,-4,8,-5,7,-5,6,-5,6,-5,5,-6,4,-5,3,0,0,0,0,0,0,0,0,0,0,0,0,0,0,-65,-30,-63,-24,-58,-20,-53,-19,-54,-18,-48,-15,-44,-13,-48,-6,-40,-6,-40,-2,-31,4,-35,5,-35,8,-29,11,-26,15,-26,17,-24,23,-19,27,-22,29,-17,27,-21,34,-19,30,-11,39,-14,41,-12,44,-9,49,-5,44,-8,54,-4,53,-1,57,-3,58,-2,65,-7,58,-8,65,-3,64,-9,70,-8,69,-6,68,-11,67,-12,70,-12,63,-18,65,-18,65,-19,68,-25,63,-25,55,-26,57,-24,52,-30,50,-28,40,-26,44,-28,39,-30,39,-32,35,-29,32,-29,24,-35,17,0,0,0,0,0,0,0,0,0,0,0,0,0,0,0,0,0,0,0,0,0,0,60,27,59,29,50,32,51,35,50,38,45,40,42,40,41,40,37,50,39,41,33,41,34,39,37,39,32,37,31,40,28,32,28,33,24,31,25,27,27,29,28,19,26,21,23,15,25,18,28,11,25,6,25,7,30,5,28,5,29,-3,25,-4,27,-7,27,-12,24,-17,26,-19,26,-19,22,-23,21,-24,20,-31,21,-39,21,-37,14,-39,18,-44,20,-49,15,-53,12,-48,20,-51,14,-61,16,-63,17,-65,14,-66,13,-73,22,-80,24,-68,22,-78,21,-81,24,-73,0,0]"
CSI_DATA,23,1a:00:00:00:00:00,-45,11,1,0,1,1,1,0,0,0,1,-97,0,11,2,610510,0,44,0,384,0,"[0,0,0,0,0,0,0,0,0,0,0,0,-5,8,-4,8,-3,8,-3,7,-2,7,-2,6,-1,7,-1,6,0,6,1,5,1,5,2,5,3,5,3,4,3,4,4,4,5,4,5,4,6,3,6,3,6,3,7,3,7,3,9,3,9,3,9,2,0,0,10,3,10,4,11,4,11,3,10,4,11,5,11,4,10,5,10,5,10,6,11,6,9,6,9,6,8,7,8,7,7,7,7,7,6,7,5,7,5,6,4,6,4,7,3,6,3,6,1,6,1,5,0,0,0,0,0,0,0,0,0,0,0,0,0,0,-53,50,-44,47,-34,53,-32,40,-32,46,-26,46,-21,37,-20,37,-14,37,-12,38,-7,39,-3,34,-1,33,2,34,7,28,7,31,12,31,20,26,20,30,25,28,28,31,28,28,31,21,38,23,39,20,43,26,42,21,50,20,49,21,50,15,53,20,58,21,55,27,63,23,60,22,62,34,63,33,59,32,58,34,58,35,55,37,54,36,53,40,52,42,49,41,48,42,44,43,41,42,37,41,35,41,29,43,25,42,22,43,18,40,15,42,12,39,5,37,0,0,0,0,0,0,0,0,0,0,0,0,0,0,0,0,0,0,0,0,0,0,35,-55,44,-48,44,-44,46,-45,50,-41,49,-36,48,-35,51,-28,51,-36,51,-31,47,-27,45,-28,45,-28,44,-26,44,-22,42,-22,39,-23,30,-22,30,-21,34,-17,29,-19,30,-19,23,-23,20,-24,19,-25,13,-28,15,-26,9,-25,10,-24,5,-29,1,-25,1,-30,-4,-26,-10,-27,-12,-30,-15,-32,-18,-28,-20,-33,-24,-29,-31,-27,-31,-33,-39,-31,-38,-34,-46,-30,-45,-30,-47,-26,-49,-31,-53,-32,-58,-31,-58,-36,-64,-38,-69,-37,-72,-41,-66,-41,-74,-46,-69,-45,-62,-49,0,0]"
CSI_DATA,24,1a:00:00:00:00:00,-45,11,1,0,1,1,1,0,0,0,1,-97,0,11,2,620118,0,44,0,384,0,"[0,0,0,0,0,0,0,0,0,0,0,0,-10,-5,-9,-4,-9,-3,-8,-3,-8,-2,-7,-2,-7,-1,-7,0,-7,0,-7,1,-6,1,-6,2,-6,3,-5,4,-5,4,-5,5,-4,5,-4,6,-4,6,-4,7,-3,7,-3,8,-3,8,-2,9,-3,10,-3,10,0,0,-2,11,-3,11,-3,12,-2,12,-3,11,-4,12,-3,12,-4,11,-4,12,-5,12,-5,11,-5,11,-5,10,-5,10,-6,10,-6,9,-6,9,-6,8,-6,8,-6,7,-6,6,-6,6,-6,5,-6,4,-7,3,-6,2,0,0,0,0,0,0,0,0,0,0,0,0,0,0,-64,-25,-62,-32,-60,-24,-54,-20,-50,-15,-47,-18,-48,-10,-44,-9,-48,-5,-41,1,-37,2,-37,7,-34,11,-33,10,-32,15,-24,18,-27,24,-20,23,-21,24,-21,28,-14,38,-17,33,-12,36,-10,44,-9,45,-7,47,-9,50,-6,54,-6,53,-5,58,-3,59,-6,62,-6,64,0,65,-1,63,-8,70,-3,73,-3,69,-14,70,-10,69,-14,64,-16,65,-21,65,-18,67,-22,59,-22,59,-24,56,-21,52,-27,50,-25,49,-26,38,-29,40,-27,36,-31,36,-29,31,-36,25,-32,21,0,0,0,0,0,0,0,0,0,0,0,0,0,0,0,0,0,0,0,0,0,0,54,31,51,34,52,37,47,40,46,43,38,46,42,41,36,47,35,48,38,44,33,50,28,42,32,42,30,38,26,36,21,35,26,34,21,32,24,27,27,28,30,23,27,21,27,18,26,19,23,15,24,8,25,7,25,1,26,2,28,-5,29,-7,26,-2,28,-11,23,-15,28,-19,22,-19,26,-26,25,-28,25,-30,23,-32,20,-36,21,-47,20,-45,17,-48,17,-50,21,-60,22,-57,18,-59,15,-63,15,-70,19,-69,20,-73,19,-73,21,-77,24,-76,22,-79,30,-77,0,0]"
CSI_DATA,25,1a:00:00:00:00:00,-45,11,1,0,1,1,1,0,0,0,1,-97,0,11,2,631289,0,44,0,384,0,"[0,0,0,0,0,0,0,0,0,0,0,0,9,-3,9,-4,8,-4,8,-4,6,-4,6,-4,5,-5,4,-5,4,-5,3,-5,3,-6,2,-6,2,-6,1,-7,0,-6,-1,-7,-1,-7,-1,-7,-2,-8,-2,-8,-3,-8,-3,-9,-3,-9,-4,-9,-4,-10,-4,-10,0,0,-5,-11,-5,-11,-5,-12,-6,-11,-5,-12,-5,-12,-5,-13,-4,-13,-4,-13,-3,-12,-3,-13,-2,-12,-2,-12,-2,-12,-1,-12,-1,-12,0,-11,0,-11,0,-10,0,-9,1,-9,2,-9,2,-8,2,-7,3,-7,3,-6,0,0,0,0,0,0,0,0,0,0,0,0,0,0,70,-13,60,-8,62,-12,57,-13,50,-14,48,-13,44,-16,42,-15,35,-21,32,-22,27,-22,24,-26,21,-27,20,-26,14,-28,10,-29,10,-35,6,-33,8,-35,-3,-35,-6,-40,-3,-36,-9,-40,-12,-38,-13,-41,-16,-43,-17,-46,-26,-49,-21,-51,-29,-53,-24,-52,-27,-54,-25,-53,-26,-59,-33,-51,-23,-64,-25,-65,-27,-61,-22,-66,-21,-65,-16,-62,-16,-65,-12,-62,-13,-73,-10,-68,-10,-60,-10,-59,-5,-59,0,-55,1,-53,1,-51,7,-49,8,-45,12,-45,12,-37,15,-34,19,-32,0,0,0,0,0,0,0,0,0,0,0,0,0,0,0,0,0,0,0,0,0,0,-60,13,-62,9,-62,2,-65,2,-60,-3,-61,-12,-56,-9,-58,-12,-58,-14,-55,-14,-53,-14,-47,-15,-51,-13,-51,-17,-48,-14,-40,-10,-43,-10,-37,-9,-37,-7,-40,-5,-37,-7,-36,1,-32,1,-33,3,-30,0,-28,6,-28,10,-24,13,-23,13,-25,20,-20,13,-18,24,-18,21,-14,22,-13,26,-8,30,-5,30,-4,32,-2,34,3,41,1,41,8,42,7,50,13,48,14,46,16,59,15,55,22,58,20,61,19,67,18,67,25,70,25,75,15,65,21,79,19,79,19,72,0,0]"
CSI_DATA,26,1a:00:00:00:00:00,-44,11,1,0,1,1,1,0,0,0,1,-97,0,11,2,640861,0,44,0,384,0,"[0,0,0,0,0,0,0,0,0,0,0,0,9,-3,8,-3,8,-3,8,-3,7,-3,6,-4,5,-4,4,-4,4,-5,4,-5,3,-5,2,-6,2,-6,1,-6,1,-6,0,-7,0,-7,-1,-7,-1,-8,-2,-8,-2,-8,-2,-8,-3,-9,-3,-9,-3,-10,-4,-10,0,0,-4,-11,-4,-12,-4,-12,-5,-12,-4,-12,-4,-12,-4,-12,-3,-12,-3,-12,-3,-13,-2,-12,-1,-12,-1,-12,0,-11,0,-12,0,-11,0,-11,0,-10,1,-10,1,-9,2,-9,2,-8,3,-8,3,-7,3,-6,3,-5,0,0,0,0,0,0,0,0,0,0,0,0,0,0,68,-16,63,-17,62,-18,53,-20,54,-20,47,-16,46,-21,42,-20,34,-18,30,-25,28,-24,26,-23,19,-27,19,-27,13,-28,7,-33,8,-38,5,-29,-2,-35,-3,-37,-9,-38,-9,-41,-13,-41,-15,-40,-17,-41,-19,-44,-25,-45,-25,-46,-29,-49,-32,-48,-33,-50,-33,-53,-32,-54,-31,-57,-38,-54,-32,-62,-41,-62,-34,-63,-33,-61,-27,-61,-27,-63,-26,-66,-21,-61,-22,-64,-16,-61,-19,-63,-10,-62,-12,-58,-10,-55,-7,-54,-3,-51,-4,-51,0,-47,7,-43,6,-42,11,-40,15,-31,0,0,0,0,0,0,0,0,0,0,0,0,0,0,0,0,0,0,0,0,0,0,-66,13,-63,5,-64,3,-66,-4,-63,-9,-61,-6,-59,-8,-59,-13,-55,-8,-56,-12,-54,-16,-51,-14,-52,-11,-49,-14,-44,-18,-43,-13,-44,-9,-39,-13,-37,-6,-43,-6,-37,-7,-37,2,-34,-1,-31,3,-33,4,-25,10,-27,11,-23,14,-26,12,-24,21,-19,16,-23,23,-16,21,-12,25,-9,28,-7,32,-6,32,-6,34,-1,36,0,40,4,44,9,44,11,49,12,50,18,47,25,58,24,53,20,55,25,60,26,71,21,70,27,70,26,73,24,71,24,82,30,75,21,78,0,0]"
CSI_DATA,27,1a:00:00:00:00:00,-45,11,1,0,1,1,1,0,0,0,1,-97,0,11,2,650324,0,44,0,384,0,"[0,0,0,0,0,0,0,0,0,0,0,0,-10,4,-9,4,-8,4,-8,4,-7,4,-6,4,-5,5,-5,4,-4,5,-3,5,-3,5,-2,6,-2,5,-1,6,-1,6,0,6,1,6,1,6,2,6,2,7,3,7,4,7,4,7,5,8,5,8,5,8,0,0,6,9,6,10,6,10,6,10,6,10,5,11,6,11,5,11,5,11,5,11,4,11,3,11,3,11,3,10,2,10,2,10,1,10,1,9,0,9,0,8,-1,9,-2,8,-1,7,-2,7,-3,6,-3,5,0,0,0,0,0,0,0,0,0,0,0,0,0,0,-69,11,-61,7,-66,16,-57,11,-54,14,-46,10,-48,16,-46,15,-36,14,-35,21,-28,22,-24,19,-23,25,-18,25,-17,25,-11,33,-7,31,-4,37,-4,32,2,35,2,40,5,35,8,37,8,38,13,41,17,45,18,47,23,49,24,49,27,50,25,50,26,55,28,55,31,61,31,60,27,65,27,67,27,63,21,68,23,64,19,60,16,66,16,65,16,67,12,66,11,59,4,60,4,57,4,58,2,54,-2,49,-8,49,-6,45,-12,41,-13,38,-17,39,-15,28,0,0,0,0,0,0,0,0,0,0,0,0,0,0,0,0,0,0,0,0,0,0,63,-16,61,-6,61,-5,65,1,67,8,58,8,58,8,56,12,61,12,58,12,49,16,50,12,55,13,48,14,47,17,43,9,41,9,37,12,42,9,35,7,37,4,34,2,28,-2,30,-3,29,-6,27,-11,26,-9,24,-14,21,-13,22,-19,17,-21,19,-24,19,-22,14,-28,12,-30,12,-29,7,-33,3,-35,0,-34,-4,-43,-5,-42,-11,-49,-6,-50,-13,-47,-13,-52,-14,-53,-19,-59,-22,-62,-25,-61,-17,-66,-20,-72,-29,-74,-21,-74,-24,-72,-20,-83,-25,-77,-21,-75,0,0]"
CSI_DATA,28,1a:00:00:00:00:00,-45,11,1,0,1,1,1,0,0,0,1,-97,0,11,2,660137,0,44,0,384,0,"[0,0,0,0,0,0,0,0,0,0,0,0,-2,-11,-3,-9,-3,-8,-3,-9,-3,-7,-3,-7,-4,-6,-4,-5,-4,-5,-5,-4,-5,-4,-6,-4,-6,-3,-6,-2,-6,-2,-7,-1,-7,-1,-7,-1,-8,0,-8,1,-8,1,-9,2,-9,1,-9,2,-10,2,-10,3,0,0,-11,3,-12,3,-12,3,-12,3,-12,2,-12,2,-12,2,-12,2,-13,2,-12,1,-13,0,-12,0,-12,0,-11,-1,-11,-1,-11,-2,-11,-2,-10,-2,-10,-2,-9,-2,-9,-3,-8,-3,-8,-4,-7,-4,-6,-4,-5,-4,0,0,0,0,0,0,0,0,0,0,0,0,0,0,10,-72,4,-63,0,-60,1,-59,1,-59,2,-55,-6,-48,-3,-48,-10,-39,-10,-40,-14,-38,-15,-31,-22,-32,-21,-27,-20,-23,-26,-23,-28,-19,-34,-13,-30,-12,-34,-12,-41,-10,-41,-5,-39,-1,-43,-3,-42,1,-50,1,-50,5,-49,8,-52,6,-60,12,-56,11,-64,8,-61,3,-63,11,-64,15,-67,3,-69,7,-69,7,-71,0,-71,0,-69,0,-69,-5,-70,-11,-70,-9,-61,-8,-62,-11,-60,-17,-61,-13,-57,-16,-50,-19,-48,-21,-44,-22,-42,-21,-36,-24,-33,-24,-30,-28,-26,-30,0,0,0,0,0,0,0,0,0,0,0,0,0,0,0,0,0,0,0,0,0,0,1,67,-2,61,-11,62,-17,59,-19,61,-20,58,-19,57,-24,54,-26,57,-22,46,-25,51,-22,49,-26,47,-31,42,-25,42,-23,38,-16,42,-19,38,-16,36,-14,34,-10,29,-8,32,-4,27,-7,29,-1,31,6,33,2,28,2,24,7,24,10,24,14,22,19,20,17,22,21,17,27,18,28,21,31,13,38,13,34,11,42,9,46,7,44,2,47,3,51,4,51,1,58,-6,60,-6,60,-4,65,-7,69,-3,68,-4,75,-2,81,-4,76,-4,82,0,79,1,71,1,0,0]"
CSI_DATA,29,1a:00:00:00:00:00,-45,11,1,0,1,1,1,0,0,0,1,-97,0,11,2,670118,0,44,0,384,0,"[0,0,0,0,0,0,0,0,0,0,0,0,9,-5,8,-5,7,-5,7,-5,5,-5,5,-5,4,-6,3,-6,3,-6,2,-5,2,-6,1,-7,0,-6,0,-6,-1,-7,-2,-7,-2,-7,-3,-7,-4,-7,-4,-8,-4,-7,-5,-8,-5,-8,-6,-8,-6,-9,-7,-9,0,0,-8,-9,-8,-10,-8,-11,-8,-10,-7,-11,-8,-11,-8,-11,-7,-11,-7,-11,-7,-11,-6,-12,-5,-11,-5,-11,-5,-11,-4,-11,-4,-11,-3,-10,-4,-10,-3,-10,-2,-10,-2,-9,-1,-9,-1,-8,0,-8,1,-7,1,-7,0,0,0,0,0,0,0,0,0,0,0,0,0,0,68,-14,64,-15,65,-18,53,-15,51,-15,46,-14,49,-18,43,-21,36,-24,34,-21,29,-27,22,-25,25,-26,19,-29,17,-31,10,-33,8,-34,3,-33,7,-34,1,-37,-9,-34,-5,-43,-14,-41,-12,-43,-16,-39,-18,-44,-21,-45,-24,-47,-25,-50,-32,-51,-31,-47,-32,-57,-27,-54,-35,-62,-30,-56,-32,-66,-26,-61,-32,-65,-25,-67,-24,-66,-20,-60,-23,-64,-16,-63,-19,-66,-13,-64,-12,-60,-7,-64,-9,-61,-5,-57,-2,-53,3,-51,1,-52,3,-43,9,-44,10,-44,11,-37,16,-33,0,0,0,0,0,0,0,0,0,0,0,0,0,0,0,0,0,0,0,0,0,0,-63,16,-68,12,-64,8,-67,3,-65,-4,-65,-5,-57,-6,-58,-9,-59,-9,-58,-9,-58,-11,-52,-10,-54,-11,-51,-12,-45,-10,-44,-11,-47,-9,-40,-7,-43,-7,-36,-8,-35,-5,-34,0,-31,-1,-29,4,-28,9,-31,11,-27,10,-24,15,-26,16,-24,18,-19,17,-18,24,-11,22,-14,26,-15,27,-7,30,-2,31,-4,41,-1,36,1,40,2,40,6,43,10,46,9,49,15,55,18,51,19,55,25,60,22,61,26,65,24,71,31,71,29,77,26,70,28,77,23,81,19,76,0,0]"
CSI_DATA,30,1a:00:00:00:00:00,-45,11,1,0,1,1,1,0,0,0,1,-97,0,11,2,680455,0,44,0,384,0,"[0,0,0,0,0,0,0,0,0,0,0,0,10,-3,9,-3,8,-4,8,-4,7,-4,6,-4,5,-5,5,-4,4,-5,3,-5,3,-5,2,-6,2,-6,1,-6,1,-7,0,-7,-1,-8,-1,-8,-2,-8,-2,-8,-2,-9,-3,-9,-3,-9,-3,-10,-4,-11,-4,-10,0,0,-5,-11,-5,-12,-5,-12,-5,-12,-4,-12,-4,-12,-4,-13,-4,-12,-4,-13,-3,-13,-2,-13,-1,-12,-1,-12,-1,-12,-1,-12,0,-12,0,-11,0,-10,1,-10,1,-10,1,-9,2,-9,2,-8,3,-7,3,-6,3,-6,0,0,0,0,0,0,0,0,0,0,0,0,0,0,68,-12,67,-11,61,-21,55,-19,52,-16,44,-13,45,-17,39,-19,40,-20,28,-22,25,-25,21,-28,20,-26,20,-28,14,-27,7,-29,12,-32,2,-35,3,-35,-4,-37,-6,-38,-7,-37,-12,-39,-11,-39,-12,-43,-16,-46,-23,-41,-26,-45,-28,-47,-29,-50,-32,-49,-29,-52,-30,-54,-33,-61,-31,-58,-28,-63,-30,-68,-29,-62,-23,-67,-26,-63,-23,-64,-20,-65,-20,-67,-17,-67,-17,-66,-12,-60,-9,-61,-8,-59,-7,-51,-3,-51,-4,-49,1,-49,6,-46,10,-44,11,-44,13,-39,18,-30,0,0,0,0,0,0,0,0,0,0,0,0,0,0,0,0,0,0,0,0,0,0,-61,21,-60,14,-64,8,-66,5,-64,4,-63,-2,-57,-1,-58,-10,-62,-7,-60,-8,-56,-10,-51,-7,-56,-4,-53,-13,-46,-11,-46,-11,-46,-6,-42,-7,-37,-5,-39,0,-36,-3,-40,-2,-30,3,-34,7,-28,8,-26,11,-25,11,-23,17,-23,18,-23,18,-16,19,-14,23,-19,27,-12,28,-12,32,-8,32,-1,34,-2,35,2,41,3,41,6,43,9,46,8,46,16,55,10,49,20,55,22,56,25,60,27,61,28,70,26,67,31,70,27,76,27,69,27,79,25,81,24,74,0,0]"
CSI_DATA,31,1a:00:00:00:00:00,-45,11,1,0,1,1,1,0,0,0,1,-97,0,11,2,690139,0,44,0,384,0,"[0,0,0,0,0,0,0,0,0,0,0,0,-10,-6,-9,-5,-9,-4,-9,-4,-8,-3,-8,-3,-8,-2,-7,-1,-7,0,-6,0,-6,1,-6,2,-6,2,-6,3,-6,3,-5,4,-5,5,-5,5,-5,6,-5,6,-5,7,-4,7,-4,7,-4,8,-4,9,-4,10,0,0,-4,10,-5,10,-5,11,-5,11,-6,11,-6,11,-6,11,-6,11,-6,10,-7,10,-7,10,-7,9,-8,9,-8,8,-8,8,-8,7,-8,7,-8,7,-8,6,-7,5,-8,4,-8,4,-8,3,-7,3,-7,2,-7,1,0,0,0,0,0,0,0,0,0,0,0,0,0,0,-51,-49,-45,-47,-49,-46,-40,-43,-43,-36,-39,-35,-37,-29,-40,-20,-37,-21,-34,-15,-36,-19,-36,-14,-30,-7,-29,2,-31,3,-32,9,-35,13,-32,12,-30,15,-30,20,-30,26,-29,24,-22,30,-26,34,-27,33,-25,37,-28,39,-21,43,-27,47,-26,53,-23,53,-24,57,-29,54,-29,58,-27,59,-35,60,-38,55,-39,56,-39,56,-45,57,-39,57,-42,57,-43,54,-38,52,-43,49,-41,45,-48,40,-44,39,-44,34,-45,34,-43,29,-44,25,-42,20,-41,17,-40,21,-36,11,-36,4,0,0,0,0,0,0,0,0,0,0,0,0,0,0,0,0,0,0,0,0,0,0,40,49,36,55,31,54,25,56,26,59,18,59,18,58,12,57,10,59,14,55,14,55,15,53,16,53,9,50,9,47,4,43,14,44,10,39,15,30,10,35,14,33,16,26,15,29,16,24,18,20,18,19,22,21,25,17,23,11,23,11,25,6,30,1,31,4,30,-3,31,-7,33,-3,33,-9,34,-16,31,-18,35,-26,36,-26,34,-27,36,-33,38,-35,33,-35,47,-36,43,-41,41,-48,47,-49,44,-54,42,-57,47,-57,56,-59,46,-54,55,-63,50,-59,53,-53,0,0]"
CSI_DATA,32,1a:00:00:00:00:00,-45,11,1,0,1,1,1,0,0,0,1,-97,0,11,2,700201,0,44,0,384,0,"[0,0,0,0,0,0,0,0,0,0,0,0,3,10,3,8,4,7,3,7,3,7,3,6,4,5,4,4,4,4,5,3,5,3,5,1,6,1,6,1,6,0,6,-1,6,-2,6,-2,6,-3,7,-3,7,-4,8,-4,7,-4,8,-5,9,-5,8,-6,0,0,9,-7,10,-7,10,-7,10,-7,9,-6,10,-7,10,-7,11,-6,11,-6,11,-6,11,-5,11,-4,11,-4,10,-4,10,-3,10,-3,10,-2,9,-2,9,-2,8,-1,9,0,8,0,7,0,6,1,6,1,5,2,0,0,0,0,0,0,0,0,0,0,0,0,0,0,-2,70,-1,65,2,64,5,59,6,54,5,47,7,49,7,44,12,35,15,38,18,32,17,30,21,28,20,20,25,22,28,17,34,15,30,8,32,10,34,5,40,1,34,-1,41,0,38,-6,41,-8,46,-6,48,-11,50,-20,50,-20,54,-20,54,-17,63,-21,56,-21,60,-21,59,-24,66,-20,65,-25,64,-19,67,-14,68,-14,65,-13,71,-13,68,-6,65,-8,58,-3,61,-4,65,0,57,-1,56,5,53,3,53,7,45,7,43,12,42,13,36,15,32,18,32,20,0,0,0,0,0,0,0,0,0,0,0,0,0,0,0,0,0,0,0,0,0,0,4,-61,6,-66,7,-60,14,-65,17,-57,21,-60,18,-57,25,-58,22,-55,23,-48,27,-52,23,-47,22,-46,23,-46,25,-43,18,-42,19,-40,18,-40,15,-38,9,-32,6,-34,8,-31,4,-33,4,-33,-2,-33,-4,-29,-3,-28,-6,-29,-8,-27,-18,-26,-15,-25,-21,-26,-23,-24,-25,-17,-29,-16,-27,-14,-28,-18,-37,-16,-38,-10,-44,-8,-45,-8,-45,-1,-45,-4,-53,4,-55,2,-56,5,-59,6,-61,10,-69,7,-71,11,-68,11,-79,10,-79,2,-78,5,-79,7,-81,5,-81,9,0,0]"
CSI_DATA,33,1a:00:00:00:00:00,-45,11,1,0,1,1,1,0,0,0,1,-97,0,11,2,720745,0,44,0,384,0,"[0,0,0,0,0,0,0,0,0,0,0,0,-9,-7,-8,-6,-8,-5,-8,-5,-8,-4,-7,-4,-7,-2,-7,-2,-7,-1,-6,0,-6,0,-7,1,-6,2,-6,2,-6,3,-6,4,-6,4,-5,4,-5,5,-5,6,-5,6,-5,7,-5,7,-5,8,-5,9,-5,9,0,0,-5,9,-6,10,-6,11,-6,11,-6,10,-7,10,-7,10,-7,10,-8,10,-8,10,-8,9,-8,9,-8,8,-9,7,-9,7,-8,7,-9,7,-8,6,-9,5,-8,5,-8,4,-8,3,-8,2,-7,2,-7,1,-7,0,0,0,0,0,0,0,0,0,0,0,0,0,0,0,-56,-48,-47,-44,-53,-35,-39,-38,-41,-34,-40,-30,-37,-24,-43,-27,-39,-14,-39,-14,-35,-10,-34,-8,-40,-5,-33,0,-30,3,-30,8,-33,8,-34,15,-29,17,-25,23,-24,27,-26,28,-23,31,-29,33,-26,35,-27,41,-22,42,-20,47,-26,46,-22,54,-23,52,-22,59,-23,55,-23,61,-26,60,-33,63,-31,61,-29,60,-37,56,-34,59,-38,59,-41,58,-38,58,-41,52,-38,48,-43,48,-43,44,-41,43,-41,36,-42,37,-43,29,-43,26,-40,23,-37,20,-39,15,-39,9,-34,5,0,0,0,0,0,0,0,0,0,0,0,0,0,0,0,0,0,0,0,0,0,0,48,40,43,50,43,49,37,54,31,56,27,54,25,51,23,54,26,55,21,49,18,53,18,49,21,51,16,47,15,42,13,39,20,47,15,36,16,36,16,31,20,25,22,28,18,24,24,19,22,19,25,14,22,16,24,9,27,8,28,5,24,1,31,6,29,1,29,-4,32,-10,31,-12,31,-13,30,-17,32,-23,32,-32,33,-32,32,-34,33,-36,33,-40,32,-45,41,-46,39,-51,36,-52,36,-56,37,-59,45,-62,43,-64,52,-67,42,-63,43,-66,46,-68,44,-67,0,0]"
CSI_DATA,34,1a:00:00:00:00:00,-45,11,1,0,1,1,1,0,0,0,1,-97,0,11,2,740246,0,44,0,384,0,"[0,0,0,0,0,0,0,0,0,0,0,0,-10,-3,-10,-2,-10,-1,-9,-1,-8,-1,-7,0,-7,1,-7,1,-7,1,-6,2,-6,2,-5,3,-5,3,-4,4,-4,4,-4,6,-3,5,-3,6,-3,6,-2,8,-2,7,-2,8,-2,8,-2,9,-1,10,-1,9,0,0,-1,10,-1,11,-1,11,-1,12,-2,11,-1,12,-2,12,-2,12,-2,12,-3,12,-4,11,-4,11,-4,10,-4,10,-5,10,-5,9,-5,9,-5,8,-5,8,-5,7,-6,7,-5,6,-6,5,-6,4,-6,4,-6,3,0,0,0,0,0,0,0,0,0,0,0,0,0,0,-59,-35,-55,-34,-57,-28,-55,-29,-49,-23,-46,-19,-46,-20,-47,-13,-38,-5,-37,-4,-37,-2,-33,0,-35,0,-36,9,-32,7,-28,20,-30,19,-27,20,-29,22,-25,25,-20,32,-23,29,-21,34,-19,39,-18,38,-19,47,-13,47,-11,50,-14,52,-13,56,-11,54,-14,62,-16,56,-15,67,-17,67,-18,68,-17,65,-18,64,-22,64,-26,62,-22,60,-32,62,-26,62,-28,61,-32,54,-30,51,-31,54,-34,50,-33,43,-37,40,-38,43,-32,35,-36,31,-34,27,-35,24,-34,21,-36,12,0,0,0,0,0,0,0,0,0,0,0,0,0,0,0,0,0,0,0,0,0,0,54,29,54,37,48,38,48,42,41,46,38,48,35,47,32,46,37,48,32,47,27,48,28,45,30,43,26,43,23,39,22,37,24,39,21,36,22,30,23,24,22,23,28,20,24,21,28,18,24,11,25,10,26,8,30,6,28,2,30,-2,23,-2,33,-8,33,-9,26,-13,32,-13,28,-19,31,-22,27,-26,26,-26,25,-35,27,-38,25,-39,23,-42,27,-43,23,-51,23,-58,19,-55,23,-57,21,-60,26,-69,28,-69,27,-70,34,-66,30,-72,37,-74,28,-75,38,-71,0,0]"
CSI_DATA,35,1a:00:00:00:00:00,-45,11,1,0,1,1,1,0,0,0,1,-97,0,11,2,750130,0,44,0,384,0,"[0,0,0,0,0,0,0,0,0,0,0,0,-1,10,0,9,1,8,0,8,1,7,2,7,2,6,2,5,3,5,3,5,3,4,4,4,5,3,5,2,5,2,6,1,6,1,6,1,7,0,7,0,7,0,8,-1,8,-1,9,-1,9,-2,10,-2,0,0,10,-2,11,-2,11,-2,11,-2,11,-1,12,-1,12,-1,11,-1,12,-1,12,0,12,0,11,1,11,1,11,1,10,2,10,2,9,2,9,2,8,3,8,3,7,4,7,4,6,4,5,4,5,4,4,4,0,0,0,0,0,0,0,0,0,0,0,0,0,0,-8,66,-10,67,-5,57,-4,60,3,57,-3,50,-1,49,7,45,8,40,8,41,16,36,12,35,17,28,24,28,19,27,27,21,32,17,27,13,29,9,32,6,37,10,34,7,38,-2,39,1,42,2,44,-2,48,-4,48,-11,50,-10,53,-13,54,-15,62,-12,57,-11,61,-16,60,-21,64,-8,64,-8,68,-7,66,-4,65,-5,70,-6,71,0,65,0,61,1,62,2,62,5,60,9,57,8,54,12,54,13,50,13,48,17,43,22,39,20,34,22,33,22,28,26,0,0,0,0,0,0,0,0,0,0,0,0,0,0,0,0,0,0,0,0,0,0,6,-67,13,-63,19,-61,20,-60,26,-58,27,-58,27,-53,29,-50,28,-51,32,-47,31,-46,28,-43,27,-46,28,-45,26,-35,26,-37,19,-38,21,-37,20,-34,14,-33,15,-34,10,-30,8,-32,6,-28,2,-32,-4,-29,-3,-28,-10,-28,-7,-28,-12,-30,-14,-22,-22,-24,-20,-23,-20,-19,-25,-20,-27,-20,-32,-21,-34,-18,-37,-11,-44,-10,-41,-14,-48,-7,-50,-8,-53,-5,-50,-3,-63,1,-60,-6,-62,5,-69,1,-73,-3,-73,4,-77,5,-82,-1,-81,3,-84,-2,-80,-8,-79,-10,0,0]"
CSI_DATA,36,1a:00:00:00:00:00,-45,11,1,0,1,1,1,0,0,0,1,-97,0,11,2,760111,0,44,0,384,0,"[0,0,0,0,0,0,0,0,0,0,0,0,-9,5,-8,6,-7,5,-7,6,-6,5,-5,5,-4,6,-4,5,-3,5,-2,5,-2,6,-1,6,0,6,0,5,0,6,2,6,2,6,2,6,3,6,4,6,4,6,5,6,5,6,6,6,7,7,7,7,0,0,8,7,7,8,8,8,8,8,7,8,7,9,8,9,7,9,7,9,7,9,7,9,5,10,5,9,4,9,4,10,4,9,4,9,3,9,2,8,2,8,1,8,1,8,0,7,0,7,-1,6,-2,6,0,0,0,0,0,0,0,0,0,0,0,0,0,0,-62,34,-61,31,-59,36,-47,32,-47,30,-38,27,-38,30,-36,31,-28,29,-24,28,-20,35,-16,31,-16,31,-13,28,-6,28,1,35,0,32,5,32,3,31,14,32,16,34,18,30,23,34,25,34,22,34,30,34,32,32,39,33,40,36,45,39,45,37,50,39,46,39,49,42,49,34,52,48,50,48,48,48,45,53,46,50,46,48,45,51,40,53,40,54,41,53,33,49,32,55,30,49,25,48,21,45,17,43,17,46,11,43,9,41,6,43,1,37,-5,38,0,0,0,0,0,0,0,0,0,0,0,0,0,0,0,0,0,0,0,0,0,0,56,-27,62,-22,60,-18,66,-14,61,-11,62,-6,59,-5,60,-5,60,-1,56,1,53,3,53,-3,53,0,52,2,48,3,45,-2,43,-5,37,-3,38,-5,39,-6,36,-7,31,-10,27,-8,27,-14,27,-18,24,-16,22,-17,21,-21,18,-21,20,-24,11,-25,11,-30,7,-31,7,-31,6,-35,-3,-39,-5,-36,-10,-37,-9,-39,-12,-39,-16,-42,-22,-43,-24,-48,-23,-49,-32,-47,-30,-41,-33,-54,-44,-50,-42,-53,-42,-58,-42,-59,-47,-59,-48,-68,-42,-60,-54,-68,-48,-72,-43,-70,0,0]"
CSI_DATA,37,1a:00:00:00:00:00,-45,11,1,0,1,1,1,0,0,0,1,-97,0,11,2,770205,0,44,0,384,0,"[0,0,0,0,0,0,0,0,0,0,0,0,3,9,3,8,4,8,3,7,3,6,3,6,4,5,4,4,4,4,5,3,5,3,5,2,5,1,6,0,6,0,6,-1,6,-1,6,-2,6,-2,7,-3,7,-3,7,-4,8,-4,8,-4,9,-5,9,-5,0,0,9,-5,10,-6,10,-6,10,-6,11,-6,11,-6,11,-6,11,-5,11,-5,12,-4,12,-3,11,-2,11,-2,10,-2,11,-1,10,-1,10,-1,10,0,9,0,9,0,8,1,8,1,7,1,6,2,6,3,4,3,0,0,0,0,0,0,0,0,0,0,0,0,0,0,9,65,13,65,16,55,13,54,15,54,11,44,15,43,14,43,22,34,19,30,22,33,19,26,25,24,27,19,28,18,30,8,32,6,34,6,34,1,38,1,38,-4,35,-3,36,-8,42,-11,35,-12,41,-14,51,-19,50,-22,43,-20,53,-27,51,-25,57,-26,53,-27,56,-28,63,-28,57,-25,62,-23,70,-23,65,-19,69,-22,67,-17,67,-16,64,-10,62,-15,55,-6,62,-6,56,-5,60,-6,51,0,56,2,50,4,50,6,43,9,42,14,38,14,35,15,28,18,0,0,0,0,0,0,0,0,0,0,0,0,0,0,0,0,0,0,0,0,0,0,-25,-64,-20,-59,-13,-66,-10,-61,-3,-67,-5,-60,1,-57,2,-61,9,-61,6,-62,6,-56,5,-49,4,-51,5,-51,10,-43,4,-47,3,-45,3,-43,1,-37,-1,-36,-1,-34,-5,-35,-8,-31,-10,-27,-9,-30,-14,-25,-15,-26,-16,-22,-20,-23,-22,-20,-24,-18,-27,-17,-29,-15,-28,-11,-27,-9,-33,-7,-34,-6,-38,0,-40,3,-46,6,-44,6,-47,9,-46,10,-55,15,-52,15,-50,14,-56,19,-59,20,-61,28,-70,29,-66,25,-71,33,-72,27,-76,28,-79,27,-70,22,-79,21,0,0]"
CSI_DATA,38,1a:00:00:00:00:00,-45,11,1,0,1,1,1,0,0,0,1,-97,0,11,2,780912,0,44,0,384,0,"[0,0,0,0,0,0,0,0,0,0,0,0,4,9,4,8,5,7,4,7,4,6,4,5,4,4,5,4,5,3,4,2,5,2,6,1,5,1,6,0,6,0,6,-1,7,-2,6,-3,6,-3,7,-4,7,-4,7,-5,7,-4,8,-6,8,-6,8,-6,0,0,9,-7,9,-7,10,-7,9,-7,10,-7,10,-7,10,-6,10,-6,10,-6,10,-5,11,-5,10,-4,10,-4,10,-3,10,-3,10,-3,10,-3,9,-2,9,-2,8,-1,8,0,8,0,7,0,7,1,6,1,5,2,0,0,0,0,0,0,0,0,0,0,0,0,0,0,18,64,21,61,24,55,20,57,20,53,20,48,27,41,25,40,23,33,24,31,24,26,22,26,29,18,28,16,28,13,31,5,32,4,36,-4,30,-2,33,1,35,-8,34,-8,35,-16,39,-17,40,-19,44,-23,39,-23,42,-30,42,-28,49,-33,46,-31,52,-35,49,-32,54,-40,53,-36,56,-36,61,-40,59,-36,62,-33,60,-32,61,-29,65,-24,59,-24,62,-26,59,-23,60,-17,61,-18,58,-12,49,-11,49,-6,50,-3,52,-8,48,1,45,7,40,7,39,10,35,14,0,0,0,0,0,0,0,0,0,0,0,0,0,0,0,0,0,0,0,0,0,0,-27,-62,-19,-62,-17,-61,-14,-62,-10,-63,-3,-61,-4,-58,0,-58,-1,-61,3,-57,2,-55,4,-57,4,-57,2,-49,6,-47,2,-44,1,-49,4,-45,1,-40,0,-34,-4,-33,-10,-32,-4,-31,-15,-28,-13,-23,-15,-24,-17,-23,-18,-19,-18,-17,-23,-17,-26,-13,-24,-14,-29,-13,-28,-6,-33,-10,-32,-1,-36,-4,-35,1,-38,7,-41,9,-43,7,-47,13,-44,18,-46,21,-50,23,-57,30,-58,27,-56,32,-61,30,-65,28,-65,30,-68,39,-73,33,-72,30,-77,33,-77,38,-72,26,0,0]"
CSI_DATA,39,1a:00:00:00:00:00,-45,11,1,0,1,1,1,0,0,0,1,-97,0,11,2,790084,0,44,0,384,0,"[0,0,0,0,0,0,0,0,0,0,0,0,6,8,6,7,6,6,6,5,6,5,5,4,5,3,5,2,6,2,5,1,6,0,5,0,6,-1,5,-2,6,-2,6,-3,6,-4,6,-4,5,-5,6,-5,5,-6,6,-6,6,-6,6,-8,6,-8,6,-8,0,0,6,-9,7,-10,7,-10,7,-10,7,-10,8,-10,8,-10,8,-9,8,-9,9,-9,9,-8,9,-8,9,-7,9,-7,9,-6,9,-5,9,-6,8,-5,8,-4,8,-4,8,-3,7,-3,7,-2,7,-1,6,0,6,0,0,0,0,0,0,0,0,0,0,0,0,0,0,0,32,60,31,56,35,52,29,46,33,44,28,43,28,36,33,31,29,28,31,27,32,20,31,18,34,16,33,7,30,6,32,0,34,-4,34,-6,32,-8,36,-12,31,-19,33,-17,33,-21,34,-26,33,-27,34,-30,38,-25,34,-37,36,-41,41,-44,42,-41,41,-47,42,-44,45,-46,42,-47,48,-48,42,-48,44,-51,52,-46,51,-47,51,-42,53,-41,52,-39,53,-38,50,-33,56,-26,54,-27,46,-27,51,-25,50,-23,50,-21,47,-14,43,-10,41,-8,39,-6,37,-1,39,3,0,0,0,0,0,0,0,0,0,0,0,0,0,0,0,0,0,0,0,0,0,0,-30,-58,-26,-58,-23,-60,-18,-61,-17,-57,-13,-63,-11,-60,-7,-62,-6,-61,-4,-59,-2,-57,1,-54,-3,-58,-2,-49,1,-48,-2,-49,-7,-46,2,-38,-8,-36,-12,-34,-11,-35,-10,-34,-11,-26,-16,-26,-14,-25,-19,-21,-13,-23,-18,-20,-23,-16,-27,-11,-26,-13,-31,-9,-32,-6,-31,-5,-31,-3,-35,-1,-33,8,-38,4,-41,10,-41,19,-44,16,-45,20,-47,24,-46,30,-49,30,-50,37,-51,39,-47,39,-49,43,-53,44,-60,43,-61,47,-67,44,-65,46,-68,47,-66,45,-70,36,0,0]"
CSI_DATA,40,1a:00:00:00:00:00,-45,11,1,0,1,1,1,0,0,0,1,-97,0,11,2,810788,0,44,0,384,0,"[0,0,0,0,0,0,0,0,0,0,0,0,-7,7,-7,7,-5,7,-5,7,-4,6,-4,6,-3,7,-2,6,-2,6,-1,5,0,5,0,6,1,6,2,5,2,5,3,5,4,5,4,5,4,5,5,5,5,4,6,4,6,4,7,4,8,5,9,5,0,0,9,5,9,5,10,6,10,5,10,6,10,6,10,6,9,6,10,7,9,7,9,8,8,8,7,8,7,8,7,8,6,8,6,8,5,8,5,8,4,7,3,7,3,7,2,7,1,6,1,6,0,6,0,0,0,0,0,0,0,0,0,0,0,0,0,0,-54,51,-52,48,-41,41,-42,43,-40,52,-38,42,-35,36,-29,41,-22,33,-17,40,-13,36,-9,34,-9,37,-4,31,3,29,6,27,8,36,12,33,13,30,18,33,25,31,23,28,26,25,31,29,32,29,40,30,40,30,44,25,44,27,52,27,53,26,54,29,50,34,61,28,59,28,60,37,60,37,65,34,57,40,57,42,55,36,51,41,51,47,45,49,46,45,43,46,39,45,40,43,37,43,34,42,30,43,25,41,23,42,17,39,8,42,11,36,4,36,0,0,0,0,0,0,0,0,0,0,0,0,0,0,0,0,0,0,0,0,0,0,40,-51,47,-45,48,-40,54,-35,53,-33,53,-30,52,-28,57,-28,55,-29,53,-21,53,-18,50,-22,49,-21,50,-17,47,-13,40,-14,41,-21,34,-14,36,-16,30,-17,30,-16,26,-18,21,-22,24,-23,20,-20,11,-24,13,-27,12,-28,9,-25,4,-30,0,-27,0,-33,-2,-30,-3,-28,-6,-33,-12,-35,-14,-35,-19,-33,-22,-30,-33,-36,-30,-38,-34,-37,-35,-33,-38,-40,-45,-38,-55,-35,-52,-37,-52,-37,-58,-38,-60,-45,-57,-44,-63,-42,-65,-56,-62,-52,-67,-53,-63,-54,-58,-60,0,0]"
CSI_DATA,41,1a:00:00:00:00:00,-45,11,1,0,1,1,1,0,0,0,1,-97,0,11,2,820137,0,44,0,384,0,"[0,0,0,0,0,0,0,0,0,0,0,0,-2,10,-1,9,0,8,0,8,0,7,0,7,1,6,2,6,2,5,2,5,3,5,4,4,4,4,5,3,5,2,6,2,6,2,6,2,6,1,7,1,7,1,8,0,8,0,9,0,10,-1,10,-1,0,0,11,-1,11,0,12,-1,12,-1,12,0,12,0,12,0,11,0,12,1,12,2,12,2,11,3,10,3,10,3,10,4,9,3,9,4,9,3,8,4,7,4,7,4,6,4,5,5,4,5,3,5,2,5,0,0,0,0,0,0,0,0,0,0,0,0,0,0,-25,64,-19,60,-16,63,-16,58,-15,58,-8,54,-9,45,-6,45,-5,39,0,43,4,41,10,33,18,37,11,27,16,27,22,25,24,27,26,19,30,21,27,18,39,17,34,13,39,9,39,12,43,9,44,6,47,7,51,0,53,4,59,2,60,2,64,1,59,5,67,0,61,-3,67,4,66,1,71,7,69,8,70,10,65,10,67,16,63,19,63,21,60,18,57,22,55,24,52,21,51,23,46,24,45,25,39,23,39,25,28,30,27,28,22,28,17,33,0,0,0,0,0,0,0,0,0,0,0,0,0,0,0,0,0,0,0,0,0,0,13,-61,18,-63,23,-60,31,-62,29,-54,29,-56,27,-50,29,-50,30,-51,33,-41,36,-41,35,-42,34,-44,34,-40,29,-37,27,-35,26,-35,26,-31,21,-31,17,-30,18,-31,13,-31,8,-29,9,-29,8,-26,4,-30,1,-31,-7,-33,-6,-27,-10,-25,-10,-25,-17,-30,-18,-24,-21,-24,-27,-22,-29,-23,-26,-22,-29,-19,-37,-17,-42,-17,-45,-18,-45,-17,-50,-12,-52,-11,-52,-13,-62,-13,-64,-9,-61,-7,-70,-7,-69,-13,-72,-8,-81,-10,-87,-15,-78,-15,-83,-15,-86,-11,-77,-16,0,0]"
CSI_DATA,42,1a:00:00:00:00:00,-44,11,1,0,1,1,1,0,0,0,1,-97,0,11,2,840122,0,44,0,384,0,"[0,0,0,0,0,0,0,0,0,0,0,0,1,-11,0,-10,-1,-10,-1,-10,-1,-9,-1,-8,-3,-8,-3,-7,-3,-6,-4,-6,-4,-6,-5,-5,-5,-5,-6,-4,-6,-4,-7,-3,-7,-3,-7,-3,-8,-2,-8,-2,-9,-1,-9,-1,-10,-1,-10,0,-11,-1,-11,0,0,0,-12,0,-12,0,-13,-1,-13,0,-13,-1,-13,-1,-14,-1,-13,-2,-13,-2,-13,-3,-13,-3,-12,-4,-12,-4,-11,-4,-11,-4,-11,-5,-10,-5,-10,-5,-9,-5,-9,-5,-8,-6,-7,-6,-6,-6,-5,-6,-4,-6,-4,-6,0,0,0,0,0,0,0,0,0,0,0,0,0,0,-3,-68,2,-67,-6,-64,-4,-59,-5,-57,-7,-52,-10,-45,-10,-46,-12,-39,-14,-38,-19,-36,-21,-30,-20,-29,-19,-21,-24,-24,-31,-21,-32,-16,-31,-11,-33,-13,-35,-8,-38,-3,-40,-1,-38,2,-40,5,-45,3,-46,7,-46,12,-52,9,-55,13,-58,16,-54,15,-61,19,-59,15,-63,16,-59,21,-64,14,-64,17,-68,17,-68,10,-67,9,-66,8,-70,5,-66,6,-64,3,-62,3,-63,1,-65,-6,-56,-6,-60,-9,-52,-10,-50,-13,-50,-17,-43,-13,-39,-19,-35,-19,-33,-19,-27,-24,0,0,0,0,0,0,0,0,0,0,0,0,0,0,0,0,0,0,0,0,0,0,3,61,-3,61,-8,63,-9,65,-14,58,-16,59,-18,57,-19,54,-25,58,-25,47,-23,51,-22,48,-20,47,-23,42,-23,41,-19,39,-15,42,-14,37,-14,36,-13,33,-9,33,-8,31,-2,30,0,32,2,30,9,31,4,28,10,24,10,21,17,22,15,25,20,22,20,20,25,17,26,14,32,14,34,15,38,5,39,8,46,4,42,1,51,-3,54,-5,53,-5,54,-5,59,-10,61,-9,60,-8,62,-11,69,-10,70,-12,76,-13,81,-14,74,-10,84,-8,85,-9,78,-11,0,0]"
CSI_DATA,43,1a:00:00:00:00:00,-45,11,1,0,1,1,1,0,0,0,1,-97,0,11,2,850148,0,44,0,384,0,"[0,0,0,0,0,0,0,0,0,0,0,0,3,9,3,8,4,8,4,7,4,6,4,5,4,5,4,4,4,4,5,3,5,2,5,2,6,1,6,0,5,0,7,-1,6,-2,7,-2,7,-2,6,-3,7,-3,7,-4,7,-4,7,-5,8,-5,8,-6,0,0,9,-6,10,-6,10,-6,10,-6,10,-5,10,-5,10,-5,11,-5,11,-4,11,-4,11,-4,10,-3,10,-3,10,-2,10,-2,10,-2,10,-1,9,-1,9,0,8,0,8,1,7,1,7,1,6,1,5,2,4,3,0,0,0,0,0,0,0,0,0,0,0,0,0,0,23,71,18,63,24,57,18,54,20,52,19,46,25,42,21,37,23,33,24,29,24,26,27,25,31,21,28,13,31,15,32,9,31,6,34,7,30,-3,34,-4,40,-12,38,-10,35,-13,38,-14,36,-20,45,-18,44,-20,41,-25,43,-27,46,-30,51,-27,51,-29,52,-31,57,-34,52,-33,62,-31,57,-31,56,-31,62,-27,63,-29,61,-25,64,-22,60,-17,61,-20,61,-14,61,-14,55,-9,60,-6,53,-6,48,-3,53,0,46,1,44,5,42,8,36,9,38,14,33,15,0,0,0,0,0,0,0,0,0,0,0,0,0,0,0,0,0,0,0,0,0,0,-30,-55,-24,-58,-21,-61,-16,-63,-9,-63,-12,-61,-6,-58,-8,-62,-3,-61,-3,-57,4,-53,-3,-55,-4,-53,1,-50,6,-49,2,-46,-5,-43,-3,-41,-3,-36,-2,-35,-6,-37,-6,-35,-12,-32,-11,-28,-12,-25,-17,-24,-16,-22,-20,-25,-19,-19,-23,-13,-22,-14,-28,-13,-32,-14,-31,-5,-29,-6,-34,-6,-36,1,-40,3,-38,6,-44,12,-44,10,-42,18,-48,16,-47,22,-51,21,-54,20,-57,26,-55,33,-59,32,-64,34,-67,30,-68,36,-76,34,-65,33,-81,36,-69,32,-74,35,0,0]"
CSI_DATA,44,1a:00:00:00:00:00,-45,11,1,0,1,1,1,0,0,0,1,-97,0,11,2,860329,0,44,0,384,0,"[0,0,0,0,0,0,0,0,0,0,0,0,-10,3,-9,4,-8,3,-9,4,-8,4,-7,4,-6,4,-5,4,-5,5,-4,4,-4,5,-3,5,-2,6,-2,6,-1,6,0,6,0,6,0,7,1,6,2,7,2,7,3,8,3,7,3,8,4,9,4,9,0,0,5,9,5,10,5,10,5,10,4,11,4,11,4,11,4,11,4,11,3,11,3,11,2,11,1,11,1,11,0,10,1,11,0,10,0,9,-1,9,-1,8,-1,8,-2,7,-3,7,-3,7,-3,6,-4,4,0,0,0,0,0,0,0,0,0,0,0,0,0,0,-71,9,-68,6,-63,16,-54,17,-53,13,-52,14,-48,16,-47,20,-42,19,-33,19,-28,21,-26,17,-28,27,-22,24,-20,24,-12,31,-18,30,-11,35,-4,33,-6,36,5,40,2,38,5,37,10,44,13,39,10,45,19,44,20,50,19,49,22,56,20,51,27,54,23,57,26,60,28,60,24,63,24,66,20,66,20,67,23,61,20,64,16,67,14,65,11,69,8,64,5,62,-2,57,2,61,2,54,1,55,-2,49,-5,50,-7,47,-13,44,-18,41,-15,37,-19,30,0,0,0,0,0,0,0,0,0,0,0,0,0,0,0,0,0,0,0,0,0,0,65,-14,67,-7,65,-7,67,0,63,5,62,11,59,8,57,13,62,16,57,16,51,20,49,13,54,14,48,15,45,18,41,13,40,6,39,11,44,7,37,6,35,2,36,-1,27,-2,31,-2,29,-12,24,-12,23,-13,21,-16,25,-13,24,-19,16,-21,21,-26,16,-24,12,-30,11,-31,8,-32,8,-33,4,-40,5,-43,-2,-45,-3,-45,-8,-47,-6,-51,-13,-54,-13,-55,-21,-57,-19,-55,-23,-59,-22,-67,-21,-74,-21,-72,-26,-76,-22,-81,-23,-77,-20,-85,-20,-88,-20,-82,0,0]"
CSI_DATA,45,1a:00:00:00:00:00,-45,11,1,0,1,1,1,0,0,0,1,-97,0,11,2,870101,0,44,0,384,0,"[0,0,0,0,0,0,0,0,0,0,0,0,-11,-4,-10,-3,-9,-2,-9,-2,-9,-2,-8,-1,-8,0,-7,0,-7,1,-6,1,-6,2,-6,3,-6,3,-5,4,-5,4,-4,5,-4,6,-4,6,-4,6,-3,7,-3,7,-3,8,-2,8,-2,9,-3,10,-2,9,0,0,-2,10,-3,11,-2,11,-2,12,-3,12,-3,12,-3,12,-3,12,-3,12,-4,11,-5,11,-6,10,-6,10,-6,10,-6,9,-6,9,-6,9,-6,8,-6,7,-6,7,-6,6,-6,6,-7,5,-7,4,-7,3,-6,2,0,0,0,0,0,0,0,0,0,0,0,0,0,0,-60,-35,-60,-31,-61,-20,-51,-23,-53,-18,-46,-19,-45,-17,-44,-11,-43,-8,-38,0,-35,1,-35,4,-34,6,-35,9,-31,10,-28,16,-29,20,-25,17,-23,26,-19,26,-19,31,-22,33,-12,33,-13,38,-15,40,-16,46,-14,48,-11,53,-14,51,-11,58,-10,52,-8,56,-13,60,-9,62,-11,66,-14,64,-12,66,-14,60,-19,67,-20,63,-18,65,-27,60,-27,59,-27,63,-24,57,-31,57,-28,51,-30,48,-29,42,-24,42,-31,41,-30,37,-29,34,-34,30,-30,22,-32,17,-34,16,0,0,0,0,0,0,0,0,0,0,0,0,0,0,0,0,0,0,0,0,0,0,59,27,54,32,55,33,52,34,48,40,44,40,44,39,40,40,43,44,38,41,34,44,28,40,32,41,30,38,28,33,27,34,29,32,25,32,26,24,24,24,25,19,27,21,25,17,24,16,25,11,23,10,25,7,24,1,30,-3,28,-4,26,-4,29,-12,28,-13,24,-17,26,-19,22,-20,21,-28,27,-30,25,-32,23,-38,24,-37,20,-47,22,-44,24,-52,20,-48,19,-52,20,-57,13,-64,15,-63,22,-67,27,-74,22,-68,25,-73,26,-76,28,-82,24,-73,28,-75,0,0]"
CSI_DATA,46,1a:00:00:00:00:00,-45,11,1,0,1,1,1,0,0,0,1,-97,0,11,2,880118,0,44,0,384,0,"[0,0,0,0,0,0,0,0,0,0,0,0,9,-6,8,-6,7,-6,7,-6,6,-6,5,-6,4,-6,3,-6,3,-6,2,-6,2,-7,1,-7,1,-7,0,-7,-1,-7,-1,-7,-3,-7,-2,-7,-3,-7,-3,-7,-4,-8,-5,-8,-5,-8,-6,-9,-6,-9,-7,-9,0,0,-7,-10,-7,-10,-7,-11,-8,-10,-7,-11,-7,-11,-7,-11,-7,-11,-7,-12,-6,-12,-6,-12,-5,-12,-4,-12,-4,-12,-3,-11,-3,-11,-3,-11,-2,-10,-2,-10,-1,-10,-1,-10,0,-9,0,-8,1,-8,2,-7,2,-7,0,0,0,0,0,0,0,0,0,0,0,0,0,0,72,-14,67,-18,62,-21,52,-18,53,-19,46,-18,43,-16,39,-23,34,-24,29,-22,25,-22,20,-30,23,-30,17,-27,11,-26,13,-32,12,-33,6,-33,1,-34,-2,-34,-5,-34,-10,-41,-12,-32,-12,-40,-14,-36,-18,-45,-22,-45,-24,-48,-25,-47,-32,-50,-28,-49,-29,-56,-32,-52,-32,-55,-31,-52,-28,-60,-26,-60,-28,-63,-26,-66,-24,-62,-24,-61,-15,-61,-15,-65,-16,-66,-14,-64,-10,-64,-4,-61,-6,-61,-6,-53,2,-51,-1,-47,5,-48,6,-46,13,-41,11,-40,11,-37,18,-34,0,0,0,0,0,0,0,0,0,0,0,0,0,0,0,0,0,0,0,0,0,0,-60,27,-60,17,-62,16,-62,11,-62,9,-60,7,-56,3,-56,1,-63,-5,-59,-3,-55,-5,-51,-2,-58,-3,-53,-6,-52,-5,-44,-4,-42,1,-42,-6,-36,-2,-38,1,-34,2,-35,0,-25,9,-28,10,-28,12,-23,17,-23,12,-21,15,-16,18,-18,21,-12,22,-15,23,-13,26,-9,27,-6,31,-1,34,-2,32,2,40,4,38,7,41,9,43,12,44,16,45,20,53,21,48,25,48,22,55,26,56,31,61,28,67,29,66,35,68,29,72,27,70,27,74,30,78,26,79,0,0]"
CSI_DATA,47,1a:00:00:00:00:00,-45,11,1,0,1,1,1,0,0,0,1,-97,0,11,2,890120,0,44,0,384,0,"[0,0,0,0,0,0,0,0,0,0,0,0,1,10,1,9,2,8,2,8,2,7,2,7,3,6,3,5,3,5,4,4,4,4,5,3,5,3,5,2,5,1,6,1,6,0,6,0,7,-1,7,-1,7,-1,8,-2,7,-2,8,-3,9,-3,9,-3,0,0,10,-4,11,-4,11,-4,11,-4,11,-3,12,-3,12,-3,11,-2,12,-2,12,-2,11,-1,11,0,11,-1,10,0,10,0,10,1,9,1,9,1,9,2,8,2,8,2,7,3,7,3,6,3,5,3,4,4,0,0,0,0,0,0,0,0,0,0,0,0,0,0,-1,68,-2,64,3,62,4,53,1,56,9,55,5,44,6,45,13,39,12,40,15,31,16,29,20,29,24,25,17,19,26,20,25,18,29,12,32,13,34,10,37,5,34,1,37,-3,40,-2,41,-4,45,-4,48,-6,50,-13,50,-12,58,-10,54,-12,58,-14,59,-14,60,-12,59,-15,66,-9,65,-12,68,-10,62,-7,64,-5,66,-7,66,-3,63,3,65,2,57,1,62,5,59,8,58,9,52,10,51,11,46,17,45,13,43,15,34,20,34,21,30,25,27,24,0,0,0,0,0,0,0,0,0,0,0,0,0,0,0,0,0,0,0,0,0,0,-5,-67,2,-66,6,-66,11,-65,13,-59,17,-61,16,-57,16,-54,20,-58,26,-52,22,-49,20,-52,18,-47,23,-45,23,-40,17,-41,18,-42,13,-40,13,-33,8,-34,11,-27,6,-30,7,-33,0,-29,-5,-30,-5,-26,-8,-26,-13,-26,-9,-29,-16,-26,-19,-21,-24,-19,-23,-17,-24,-21,-29,-19,-31,-9,-34,-14,-37,-11,-37,-10,-41,-5,-46,-6,-48,-3,-57,-3,-56,1,-56,5,-64,2,-62,6,-65,6,-66,9,-74,5,-74,12,-79,9,-79,5,-80,4,-84,4,-80,8,-82,2,0,0]"
CSI_DATA,48,1a:00:00:00:00:00,-45,11,1,0,1,1,1,0,0,0,1,-97,0,11,2,901555,0,44,0,384,0,"[0,0,0,0,0,0,0,0,0,0,0,0,10,2,9,1,8,1,9,1,8,0,7,-1,7,-2,6,-2,6,-2,5,-3,5,-4,5,-4,4,-5,3,-5,3,-6,3,-6,3,-7,2,-7,2,-7,2,-7,2,-8,2,-9,1,-9,1,-10,1,-10,1,-11,0,0,1,-12,1,-12,1,-13,1,-12,1,-12,2,-13,2,-12,3,-12,3,-12,3,-12,3,-12,3,-11,4,-11,4,-11,5,-10,5,-10,4,-9,5,-9,5,-8,5,-7,6,-7,5,-6,5,-6,5,-5,5,-4,5,-3,0,0,0,0,0,0,0,0,0,0,0,0,0,0,62,40,57,35,57,29,51,29,50,23,52,21,43,17,42,17,39,8,41,10,33,6,30,-1,37,-1,35,-5,31,-12,28,-13,31,-15,27,-23,26,-20,23,-23,23,-29,21,-33,18,-31,17,-35,12,-36,21,-45,17,-44,14,-45,16,-51,10,-54,14,-58,11,-62,18,-58,15,-59,15,-60,20,-63,20,-63,17,-66,27,-63,26,-62,26,-60,28,-55,29,-62,28,-58,32,-58,32,-51,35,-51,31,-47,33,-42,33,-38,37,-37,39,-31,36,-32,35,-26,32,-21,34,-18,31,-11,0,0,0,0,0,0,0,0,0,0,0,0,0,0,0,0,0,0,0,0,0,0,-55,-32,-52,-40,-49,-40,-46,-42,-42,-46,-39,-45,-35,-47,-34,-47,-34,-52,-27,-47,-27,-46,-26,-46,-30,-44,-26,-44,-24,-42,-18,-40,-25,-38,-21,-33,-24,-32,-23,-29,-21,-26,-24,-24,-24,-23,-26,-18,-25,-12,-30,-8,-26,-12,-27,-5,-26,-4,-32,-3,-26,-1,-31,7,-28,7,-28,13,-27,10,-29,17,-25,17,-25,23,-27,25,-27,32,-32,34,-25,40,-28,40,-25,47,-29,48,-21,47,-28,54,-25,58,-26,63,-30,64,-29,66,-29,74,-41,77,-33,66,-37,77,-39,70,-38,68,0,0]"
CSI_DATA,49,1a:00:00:00:00:00,-45,11,1,0,1,1,1,0,0,0,1,-97,0,11,2,920076,0,44,0,384,0,"[0,0,0,0,0,0,0,0,0,0,0,0,8,-8,7,-7,6,-8,6,-7,5,-7,4,-6,3,-7,3,-7,2,-7,1,-7,1,-7,0,-7,-1,-7,-1,-7,-2,-6,-3,-7,-4,-6,-4,-7,-4,-7,-5,-7,-5,-7,-6,-7,-6,-8,-8,-7,-8,-8,-8,-8,0,0,-9,-8,-9,-9,-10,-9,-10,-9,-9,-9,-10,-9,-9,-10,-9,-10,-9,-10,-9,-11,-8,-11,-7,-11,-6,-10,-7,-10,-6,-10,-6,-10,-5,-10,-5,-9,-4,-10,-3,-9,-2,-9,-2,-9,-2,-9,-1,-8,0,-7,1,-7,0,0,0,0,0,0,0,0,0,0,0,0,0,0,55,-40,57,-39,49,-37,49,-35,45,-44,36,-36,34,-36,32,-33,29,-31,27,-31,15,-35,15,-33,8,-34,10,-33,9,-33,2,-32,1,-37,-3,-32,-7,-32,-11,-38,-18,-33,-23,-35,-24,-33,-26,-35,-27,-35,-34,-32,-35,-39,-36,-35,-33,-36,-42,-39,-47,-39,-45,-39,-50,-41,-48,-42,-51,-44,-46,-46,-54,-48,-50,-49,-43,-52,-50,-47,-47,-49,-40,-54,-34,-52,-41,-53,-33,-49,-38,-54,-30,-52,-27,-53,-27,-48,-24,-46,-21,-48,-17,-46,-13,-45,-7,-45,-2,-44,1,-39,0,-35,0,0,0,0,0,0,0,0,0,0,0,0,0,0,0,0,0,0,0,0,0,0,-50,37,-51,33,-56,33,-57,28,-63,22,-53,17,-56,18,-55,15,-60,14,-60,11,-54,3,-51,11,-56,10,-51,7,-47,5,-46,13,-42,9,-39,9,-37,10,-35,12,-32,11,-33,13,-26,12,-27,16,-25,16,-18,20,-20,24,-11,18,-15,29,-12,27,-7,28,-5,29,-2,32,-1,30,3,31,5,35,12,34,11,35,13,37,19,39,21,40,31,38,28,40,29,42,32,39,43,39,40,41,43,43,46,47,48,56,50,56,55,56,56,59,51,57,53,62,51,60,53,64,0,0]"
CSI_DATA,50,1a:00:00:00:00:00,-45,11,1,0,1,1,1,0,0,0,1,-96,0,11,2,930122,0,44,0,384,0,"[0,0,0,0,0,0,0,0,0,0,0,0,-10,4,-9,4,-9,4,-8,4,-7,4,-6,4,-6,4,-5,4,-4,5,-3,5,-3,5,-2,6,-2,6,-1,5,-1,6,1,6,1,6,1,6,2,6,2,7,3,7,3,7,4,7,5,8,5,8,5,8,0,0,6,8,6,9,6,9,7,9,6,9,6,10,6,10,5,10,6,10,5,11,4,11,4,10,3,10,3,10,2,10,2,10,2,9,1,9,1,9,0,8,0,8,-1,7,-1,7,-2,7,-2,6,-3,6,0,0,0,0,0,0,0,0,0,0,0,0,0,0,-66,32,-65,27,-59,33,-52,29,-45,28,-46,31,-40,29,-41,28,-32,28,-27,29,-20,32,-22,28,-17,29,-19,31,-11,34,-3,31,-4,33,2,29,2,36,10,34,17,36,13,38,18,35,22,35,21,37,23,43,29,37,34,39,31,44,37,44,33,44,43,51,37,42,46,49,42,45,39,52,40,52,46,53,39,58,33,55,34,53,29,59,27,60,26,57,23,54,25,57,19,52,15,57,15,53,11,48,6,47,8,46,3,46,-2,43,0,43,-7,37,-8,31,0,0,0,0,0,0,0,0,0,0,0,0,0,0,0,0,0,0,0,0,0,0,52,-37,58,-29,56,-27,60,-22,59,-16,60,-16,58,-12,57,-7,59,-7,55,-6,54,-1,53,-6,56,-7,46,-1,44,-3,42,-4,42,-3,40,-5,37,-6,38,-4,32,-7,32,-10,28,-11,22,-9,27,-18,21,-16,16,-20,16,-23,19,-24,17,-24,10,-29,9,-31,8,-30,3,-28,0,-33,-5,-32,-7,-32,-11,-36,-10,-37,-14,-41,-12,-41,-24,-45,-25,-49,-29,-49,-32,-47,-41,-50,-39,-48,-41,-55,-40,-53,-41,-61,-46,-61,-48,-58,-45,-69,-43,-67,-50,-72,-38,-69,-39,-68,0,0]"
CSI_DATA,51,1a:00:00:00:00:00,-45,11,1,0,1,1,1,0,0,0,1,-96,0,11,2,970241,0,44,0,384,0,"[0,0,0,0,0,0,0,0,0,0,0,0,1,10,2,9,3,8,3,8,3,7,3,7,3,6,4,5,4,5,4,3,4,4,6,3,5,2,6,1,6,1,7,1,7,0,6,-1,7,-1,7,-2,7,-2,8,-2,8,-3,9,-3,9,-4,9,-4,0,0,10,-4,10,-4,12,-4,11,-4,11,-4,12,-4,12,-4,12,-3,12,-3,11,-2,12,-2,11,-1,11,-1,12,-1,11,1,11,0,10,1,10,1,9,1,8,2,8,2,7,3,6,2,6,3,5,4,4,4,0,0,0,0,0,0,0,0,0,0,0,0,0,0,-14,71,-15,67,-2,64,-3,62,-5,62,-5,55,2,48,4,46,5,43,6,38,16,35,11,38,17,35,16,28,19,28,26,23,29,22,28,18,31,17,33,9,37,12,38,10,34,1,40,2,40,1,47,-1,47,-3,52,-4,50,-3,55,-6,55,-5,63,-5,59,-6,64,-6,63,-9,66,0,66,-5,69,-2,71,1,69,3,67,6,67,14,64,11,63,11,61,14,59,16,56,15,56,18,50,20,48,17,48,18,45,27,39,25,34,26,30,26,29,29,21,30,0,0,0,0,0,0,0,0,0,0,0,0,0,0,0,0,0,0,0,0,0,0,1,-69,7,-62,10,-67,13,-62,17,-61,20,-60,20,-55,19,-55,24,-58,24,-53,28,-52,22,-45,18,-48,27,-43,22,-39,23,-38,17,-41,18,-38,14,-33,9,-31,12,-30,6,-33,4,-31,5,-29,-1,-29,-5,-30,-7,-30,-11,-28,-12,-25,-15,-24,-19,-21,-18,-23,-22,-23,-23,-18,-29,-18,-30,-16,-33,-15,-33,-11,-38,-11,-46,-18,-49,-9,-50,-7,-53,-5,-54,-3,-56,-2,-64,0,-65,4,-63,3,-68,5,-74,3,-73,6,-82,0,-84,1,-84,-1,-89,-3,-84,0,-82,-5,0,0]"
CSI_DATA,52,1a:00:00:00:00:00,-45,11,1,0,1,1,1,0,0,0,1,-96,0,11,2,990786,0,44,0,384,0,"[0,0,0,0,0,0,0,0,0,0,0,0,-5,-10,-6,-9,-6,-8,-5,-8,-5,-7,-5,-7,-6,-6,-6,-5,-6,-5,-6,-3,-6,-3,-6,-2,-7,-2,-7,-1,-7,-1,-8,0,-7,0,-8,1,-8,2,-8,2,-8,2,-8,3,-8,3,-9,4,-9,5,-9,5,0,0,-11,6,-11,5,-11,6,-11,6,-11,5,-12,6,-12,5,-11,5,-12,5,-12,4,-12,3,-12,3,-12,2,-12,2,-12,1,-12,1,-11,1,-10,1,-10,0,-9,0,-9,-1,-9,-1,-8,-2,-8,-3,-7,-3,-6,-3,0,0,0,0,0,0,0,0,0,0,0,0,0,0,-4,-67,-8,-68,-11,-64,-8,-56,-6,-58,-9,-54,-14,-45,-12,-45,-13,-37,-18,-38,-21,-38,-23,-31,-23,-30,-22,-27,-28,-24,-27,-18,-33,-16,-33,-16,-31,-10,-36,-12,-38,-6,-40,-4,-38,2,-41,1,-39,6,-44,5,-45,6,-51,13,-49,9,-54,14,-57,11,-59,16,-62,14,-62,14,-62,16,-62,13,-64,15,-66,18,-69,10,-66,11,-67,7,-63,3,-66,0,-69,2,-62,-3,-63,-3,-56,-7,-58,-6,-56,-9,-51,-12,-52,-14,-50,-16,-44,-16,-40,-20,-33,-22,-32,-24,-24,-27,0,0,0,0,0,0,0,0,0,0,0,0,0,0,0,0,0,0,0,0,0,0,14,63,8,61,1,63,-2,60,-8,62,-9,59,-10,60,-14,55,-10,59,-15,56,-15,52,-18,50,-16,51,-17,45,-16,44,-16,41,-15,42,-10,38,-10,32,-11,35,-9,34,-3,32,0,29,1,27,5,24,6,28,11,23,13,26,17,20,20,18,18,18,21,16,23,13,26,8,30,11,30,9,32,6,35,5,39,3,42,1,46,-5,49,-8,50,-3,52,-7,57,-12,59,-17,58,-15,62,-18,63,-20,68,-16,68,-18,73,-19,79,-19,77,-17,83,-15,76,-16,79,-14,0,0]"
CSI_DATA,53,1a:00:00:00:00:00,-44,11,1,0,1,1,1,0,0,0,1,-96,0,11,2,1000455,0,44,0,384,0,"[0,0,0,0,0,0,0,0,0,0,0,0,-2,10,-1,9,0,9,-1,8,0,7,0,7,1,7,2,6,2,6,3,5,3,5,4,4,4,4,5,3,5,3,6,3,5,2,6,2,7,1,7,1,7,1,8,1,8,0,9,0,10,0,10,0,0,0,10,0,11,0,12,1,12,0,12,1,12,1,12,1,12,1,11,2,12,3,12,3,11,4,10,3,10,4,10,4,9,4,9,4,9,4,7,4,7,5,6,5,5,5,5,5,4,5,3,5,2,5,0,0,0,0,0,0,0,0,0,0,0,0,0,0,-24,67,-20,60,-19,58,-16,60,-13,56,-8,55,-10,46,-2,46,-1,43,2,42,7,37,9,38,8,35,10,30,15,30,23,25,25,29,23,24,25,23,29,18,34,24,34,18,35,13,38,13,41,10,46,10,48,7,54,5,51,7,60,4,57,6,62,10,59,11,64,8,61,4,68,10,68,8,69,13,66,18,66,17,64,15,65,21,61,25,62,27,55,28,56,26,54,33,52,29,50,31,46,31,42,29,37,29,34,31,25,30,26,33,22,33,19,35,0,0,0,0,0,0,0,0,0,0,0,0,0,0,0,0,0,0,0,0,0,0,6,-65,13,-60,20,-59,21,-59,25,-59,25,-55,29,-51,29,-51,33,-48,30,-43,33,-40,29,-41,29,-41,32,-38,28,-34,25,-34,24,-39,22,-31,22,-35,17,-29,18,-23,12,-29,10,-27,8,-24,3,-28,-1,-28,-1,-29,-5,-28,-5,-26,-12,-27,-10,-23,-21,-28,-19,-23,-21,-21,-24,-18,-28,-18,-28,-20,-38,-21,-36,-16,-42,-16,-42,-12,-46,-16,-51,-16,-50,-14,-58,-11,-64,-10,-62,-12,-66,-9,-70,-6,-67,-9,-76,-12,-76,-13,-83,-16,-78,-10,-84,-15,-83,-16,-77,-16,0,0]"
CSI_DATA,54,1a:00:00:00:00:00,-45,11,1,0,1,1,1,0,0,0,1,-96,0,11,2,1010145,0,44,0,384,0,"[0,0,0,0,0,0,0,0,0,0,0,0,10,-3,9,-4,8,-5,8,-4,7,-4,6,-4,5,-5,5,-5,4,-6,3,-6,3,-6,2,-6,2,-6,1,-7,1,-7,-1,-8,-1,-8,-1,-8,-2,-8,-3,-8,-3,-8,-3,-8,-3,-9,-4,-9,-4,-10,-5,-10,0,0,-6,-10,-6,-12,-5,-11,-6,-12,-5,-12,-5,-12,-6,-13,-5,-12,-5,-13,-4,-13,-3,-13,-2,-13,-2,-12,-2,-11,-2,-12,-1,-11,-1,-11,-1,-11,0,-11,0,-10,1,-9,1,-9,1,-8,2,-7,2,-7,3,-6,0,0,0,0,0,0,0,0,0,0,0,0,0,0,74,-21,72,-19,60,-20,57,-23,54,-28,44,-22,46,-27,42,-24,39,-22,31,-27,27,-29,25,-27,17,-34,19,-33,16,-26,8,-29,8,-32,3,-33,6,-33,-4,-38,-7,-39,-6,-40,-14,-37,-18,-41,-17,-45,-21,-42,-19,-47,-29,-47,-30,-48,-31,-46,-27,-48,-34,-51,-34,-55,-36,-54,-39,-55,-33,-57,-38,-61,-37,-64,-35,-67,-29,-61,-30,-64,-24,-68,-21,-63,-22,-65,-20,-61,-20,-62,-14,-58,-14,-60,-8,-51,-6,-51,-6,-52,-2,-53,1,-49,7,-44,8,-43,7,-38,12,-34,0,0,0,0,0,0,0,0,0,0,0,0,0,0,0,0,0,0,0,0,0,0,-60,22,-62,12,-66,12,-60,9,-63,5,-65,3,-61,0,-59,-6,-59,-6,-59,-6,-56,-8,-57,-7,-53,-1,-49,-6,-47,-10,-44,-5,-42,-5,-40,-6,-38,-2,-38,1,-34,2,-32,6,-29,7,-28,10,-28,11,-25,12,-21,12,-20,16,-23,16,-19,21,-15,24,-12,26,-10,29,-8,29,-9,34,-5,28,0,34,4,35,5,41,12,39,10,40,16,46,16,52,24,53,25,50,24,57,24,58,30,56,33,58,33,70,34,65,37,69,30,72,35,73,37,78,38,79,26,82,0,0]"
CSI_DATA,55,1a:00:00:00:00:00,-45,11,1,0,1,1,1,0,0,0,1,-96,0,11,2,1020637,0,44,0,384,0,"[0,0,0,0,0,0,0,0,0,0,0,0,4,-11,4,-10,3,-9,3,-9,1,-9,1,-8,0,-8,0,-8,-1,-7,-2,-7,-2,-7,-3,-6,-4,-6,-4,-6,-4,-6,-6,-6,-6,-5,-6,-5,-6,-4,-8,-4,-8,-5,-8,-4,-9,-4,-10,-4,-10,-4,-11,-4,0,0,-12,-4,-12,-4,-12,-5,-12,-4,-11,-5,-12,-6,-12,-5,-12,-5,-12,-6,-12,-6,-12,-7,-11,-7,-10,-7,-10,-7,-9,-8,-9,-8,-8,-8,-8,-8,-7,-7,-7,-7,-6,-8,-5,-7,-5,-7,-3,-7,-3,-7,-2,-6,0,0,0,0,0,0,0,0,0,0,0,0,0,0,48,-48,44,-49,39,-49,38,-48,32,-47,32,-40,31,-41,21,-38,15,-36,16,-39,10,-37,3,-39,3,-38,2,-36,-6,-35,-9,-34,-8,-35,-14,-32,-14,-29,-17,-32,-24,-31,-25,-32,-30,-26,-32,-24,-38,-26,-40,-30,-42,-26,-42,-24,-44,-25,-48,-26,-50,-28,-56,-25,-50,-28,-53,-29,-62,-29,-54,-36,-59,-35,-62,-37,-59,-42,-52,-40,-59,-38,-51,-41,-43,-46,-48,-44,-42,-42,-48,-45,-39,-46,-37,-46,-34,-40,-30,-43,-27,-41,-28,-43,-23,-42,-18,-44,-17,-40,-11,-36,-6,-37,0,0,0,0,0,0,0,0,0,0,0,0,0,0,0,0,0,0,0,0,0,0,-47,47,-44,43,-55,39,-55,31,-57,31,-52,30,-51,25,-55,27,-56,23,-56,22,-51,17,-46,17,-53,14,-49,14,-43,13,-42,12,-39,12,-41,12,-33,12,-33,15,-30,15,-27,15,-22,16,-21,16,-19,19,-10,20,-10,24,-8,24,-5,25,-10,25,-7,27,-2,26,5,29,8,26,7,28,11,35,12,32,19,29,23,30,29,32,26,28,35,34,37,33,39,39,40,32,52,29,52,35,52,37,51,37,58,45,58,43,67,48,67,49,66,46,65,50,58,48,65,50,0,0]"
CSI_DATA,56,1a:00:00:00:00:00,-45,11,1,0,1,1,1,0,0,0,1,-96,0,11,2,1030108,0,44,0,384,0,"[0,0,0,0,0,0,0,0,0,0,0,0,-7,8,-6,8,-5,8,-5,7,-4,7,-4,6,-3,6,-2,7,-2,6,-1,6,0,6,1,6,1,6,1,5,2,5,4,6,4,5,4,5,5,4,5,5,5,5,7,5,6,5,7,5,8,5,8,5,0,0,9,5,9,6,10,6,10,6,10,6,10,7,10,7,10,7,10,8,9,8,9,8,7,8,7,8,7,8,6,8,6,9,6,8,5,8,5,8,4,8,3,8,3,7,2,7,1,7,0,7,0,6,0,0,0,0,0,0,0,0,0,0,0,0,0,0,-54,48,-44,46,-39,47,-39,43,-37,44,-31,42,-28,38,-25,39,-22,41,-19,36,-15,35,-9,31,-2,34,-3,29,-2,33,6,28,6,33,12,32,15,32,21,27,25,29,24,29,31,23,30,31,33,24,33,29,35,27,45,26,46,25,48,24,46,27,55,26,48,34,55,32,57,27,52,42,55,36,54,36,53,40,53,43,48,38,52,46,46,43,47,48,43,44,40,43,38,48,35,43,33,44,31,39,22,42,22,44,19,41,9,39,9,41,5,38,5,37,0,0,0,0,0,0,0,0,0,0,0,0,0,0,0,0,0,0,0,0,0,0,37,-46,44,-43,45,-44,49,-36,53,-34,49,-31,48,-28,54,-24,54,-28,50,-21,52,-22,47,-22,50,-21,48,-19,43,-17,42,-17,39,-18,34,-13,32,-17,31,-16,28,-15,25,-14,21,-18,19,-19,17,-19,12,-24,12,-23,9,-22,7,-24,6,-28,3,-26,-2,-27,-4,-30,-5,-31,-10,-29,-10,-31,-15,-31,-20,-36,-21,-30,-29,-35,-32,-32,-38,-38,-39,-33,-42,-34,-44,-30,-51,-37,-47,-35,-55,-34,-54,-36,-60,-45,-64,-42,-64,-39,-62,-51,-63,-47,-68,-52,-63,-47,-58,-52,0,0]"
CSI_DATA,57,1a:00:00:00:00:00,-45,11,1,0,1,1,1,0,0,0,1,-96,0,11,2,1040132,0,44,0,384,0,"[0,0,0,0,0,0,0,0,0,0,0,0,2,-11,1,-10,0,-10,0,-9,-1,-9,-1,-8,-2,-8,-2,-7,-3,-7,-3,-6,-4,-6,-4,-5,-5,-5,-5,-5,-5,-4,-7,-4,-7,-3,-7,-3,-7,-3,-8,-2,-8,-2,-9,-2,-9,-2,-10,-1,-11,-2,-11,-1,0,0,-12,0,-12,-1,-12,-1,-13,-1,-12,-2,-13,-1,-13,-2,-12,-2,-13,-2,-13,-3,-13,-3,-11,-4,-11,-4,-11,-4,-11,-4,-10,-5,-10,-5,-9,-5,-9,-5,-8,-5,-7,-6,-7,-6,-6,-6,-6,-6,-4,-6,-4,-5,0,0,0,0,0,0,0,0,0,0,0,0,0,0,16,-65,8,-63,5,-62,6,-61,-3,-55,5,-56,-1,-47,-3,-48,-3,-46,-8,-42,-17,-39,-16,-35,-14,-36,-15,-32,-19,-28,-28,-25,-29,-20,-33,-20,-29,-15,-32,-10,-40,-14,-34,-12,-40,-6,-41,-3,-43,-4,-46,1,-45,1,-54,5,-53,5,-53,5,-56,8,-62,9,-57,4,-68,9,-62,10,-66,6,-68,5,-67,7,-68,0,-64,-1,-68,-2,-68,-3,-67,-5,-68,-6,-61,-5,-64,-5,-60,-13,-56,-12,-53,-15,-51,-14,-48,-16,-45,-20,-41,-21,-40,-22,-37,-25,-31,-23,-29,-26,0,0,0,0,0,0,0,0,0,0,0,0,0,0,0,0,0,0,0,0,0,0,-17,61,-23,61,-26,58,-27,59,-32,54,-33,50,-34,49,-35,45,-33,48,-37,42,-36,42,-35,40,-34,36,-33,35,-35,30,-29,31,-24,31,-25,30,-21,35,-21,22,-20,25,-13,27,-14,25,-7,26,-9,25,1,24,4,25,3,29,4,23,10,22,11,25,16,24,19,23,23,19,21,18,29,18,28,18,34,10,32,13,39,9,40,11,49,12,49,11,51,9,53,4,53,3,62,5,64,0,67,-4,69,-2,73,3,78,-3,84,9,77,5,83,4,79,6,79,13,0,0]"
CSI_DATA,58,1a:00:00:00:00:00,-45,11,1,0,1,1,1,0,0,0,1,-96,0,11,2,1050568,0,44,0,384,0,"[0,0,0,0,0,0,0,0,0,0,0,0,-7,8,-6,7,-5,7,-5,7,-4,6,-4,6,-3,6,-2,6,-2,6,-1,6,-1,6,0,6,1,5,1,5,2,5,3,5,4,5,4,5,4,5,5,5,5,5,6,5,6,5,7,5,7,5,7,5,0,0,8,5,8,6,9,6,9,6,9,6,9,7,9,7,8,7,9,7,8,8,8,8,7,8,6,8,6,8,6,8,5,8,5,8,4,8,4,8,4,7,2,7,2,7,2,7,1,7,0,6,-1,5,0,0,0,0,0,0,0,0,0,0,0,0,0,0,-56,39,-54,42,-46,42,-40,38,-41,40,-36,37,-31,32,-28,37,-24,35,-19,31,-17,31,-14,34,-12,35,-6,33,-3,32,1,32,5,36,8,34,9,30,15,32,21,32,22,35,24,29,30,31,25,28,34,32,34,29,39,27,41,35,45,34,46,34,50,33,48,36,50,35,55,38,52,44,48,39,50,44,46,44,50,45,47,45,46,46,44,48,43,47,38,46,35,53,34,44,34,47,29,47,24,42,22,40,18,45,16,41,10,41,10,36,2,39,-1,33,0,0,0,0,0,0,0,0,0,0,0,0,0,0,0,0,0,0,0,0,0,0,52,-37,51,-34,58,-28,55,-26,61,-22,59,-18,57,-16,55,-13,63,-12,56,-11,55,-8,50,-7,54,-8,48,-4,45,-2,37,-7,40,-9,36,-11,32,-8,32,-7,32,-12,32,-11,24,-14,25,-15,21,-18,13,-18,14,-22,11,-23,14,-21,10,-24,7,-24,7,-27,7,-30,-1,-31,-6,-31,-6,-30,-7,-32,-16,-31,-15,-35,-20,-36,-20,-36,-28,-40,-28,-39,-38,-44,-36,-40,-39,-37,-42,-41,-46,-42,-48,-47,-52,-50,-51,-49,-59,-54,-55,-57,-57,-56,-55,-65,-56,-58,-51,-63,0,0]"
CSI_DATA,59,1a:00:00:00:00:00,-45,11,1,0,1,1,1,0,0,0,1,-96,0,11,2,1070109,0,44,0,384,0,"[0,0,0,0,0,0,0,0,0,0,0,0,-10,-5,-10,-5,-9,-3,-9,-3,-9,-3,-8,-2,-8,-1,-8,-1,-8,0,-7,0,-7,1,-7,2,-6,2,-6,3,-6,3,-5,5,-5,5,-5,5,-5,6,-5,6,-5,7,-4,7,-4,7,-4,8,-4,9,-4,9,0,0,-4,10,-4,11,-5,11,-5,11,-5,11,-5,11,-5,11,-6,11,-6,11,-6,11,-7,10,-7,10,-7,9,-7,9,-7,8,-7,8,-8,8,-7,7,-7,6,-7,6,-8,5,-7,5,-7,4,-7,3,-7,2,-6,1,0,0,0,0,0,0,0,0,0,0,0,0,0,0,-58,-39,-55,-35,-55,-31,-47,-30,-49,-28,-49,-22,-45,-22,-48,-16,-44,-14,-42,-13,-42,-9,-31,-2,-33,-1,-33,5,-32,6,-32,11,-35,16,-31,18,-27,18,-29,27,-27,31,-23,29,-21,31,-22,35,-22,38,-26,41,-19,46,-19,49,-19,52,-17,53,-20,52,-19,54,-25,59,-27,58,-26,62,-28,62,-32,64,-28,61,-32,61,-34,60,-34,57,-38,59,-36,56,-39,54,-37,49,-41,51,-42,42,-40,48,-33,38,-37,33,-43,31,-40,32,-39,25,-37,23,-36,16,-38,17,-39,5,0,0,0,0,0,0,0,0,0,0,0,0,0,0,0,0,0,0,0,0,0,0,56,33,53,40,53,40,51,40,45,48,41,48,35,48,35,47,35,50,34,49,28,49,25,44,30,43,25,44,22,39,21,38,24,35,19,36,16,28,18,26,18,24,22,24,21,20,21,17,24,12,22,9,26,6,26,7,25,1,26,-2,24,-2,27,-8,29,-12,27,-9,28,-15,26,-18,22,-21,26,-26,26,-31,28,-36,25,-38,26,-42,24,-44,25,-50,29,-48,25,-55,23,-54,27,-56,22,-58,28,-67,31,-65,29,-71,33,-74,33,-72,38,-81,36,-75,48,-74,0,0]"
CSI_DATA,60,1a:00:00:00:00:00,-45,11,1,0,1,1,1,0,0,0,1,-96,0,11,2,1090141,0,44,0,384,0,"[0,0,0,0,0,0,0,0,0,0,0,0,-7,8,-6,8,-4,8,-5,8,-4,7,-3,7,-2,7,-1,6,-1,6,0,6,0,6,2,6,2,6,2,5,2,5,4,6,4,5,4,5,5,4,6,5,6,5,7,4,7,4,8,4,8,5,9,4,0,0,10,4,10,5,10,5,11,5,10,6,10,6,10,6,10,6,11,6,9,7,9,7,8,8,8,8,8,7,7,8,7,8,7,8,6,7,5,7,5,7,4,7,3,7,3,7,2,7,1,6,0,6,0,0,0,0,0,0,0,0,0,0,0,0,0,0,-56,38,-52,37,-49,43,-45,34,-41,34,-37,35,-36,33,-32,34,-24,31,-24,31,-18,35,-16,33,-13,37,-4,31,-1,33,4,31,6,35,12,34,12,31,15,36,19,33,18,36,21,29,21,34,24,31,31,38,30,34,36,35,37,38,44,37,37,39,44,35,39,36,48,44,49,38,42,47,41,51,44,48,39,54,43,49,44,47,39,53,37,54,37,55,32,50,32,49,22,52,23,52,21,49,16,47,14,49,11,49,11,41,3,39,2,40,1,39,-6,35,0,0,0,0,0,0,0,0,0,0,0,0,0,0,0,0,0,0,0,0,0,0,47,-46,51,-42,53,-36,54,-35,57,-31,57,-25,53,-25,58,-22,58,-21,56,-17,55,-14,54,-13,50,-16,53,-11,47,-10,43,-9,43,-12,37,-8,36,-7,34,-8,33,-10,31,-8,26,-11,22,-15,21,-16,18,-21,17,-19,13,-24,12,-22,11,-23,3,-26,8,-30,1,-28,1,-26,-5,-31,-7,-30,-11,-32,-16,-35,-15,-29,-23,-33,-21,-34,-29,-38,-31,-35,-35,-42,-38,-38,-40,-33,-47,-41,-45,-44,-47,-46,-51,-47,-51,-50,-59,-49,-57,-56,-49,-56,-57,-60,-52,-63,-52,-63,0,0]"
CSI_DATA,61,1a:00:00:00:00:00,-45,11,1,0,1,1,1,0,0,0,1,-96,0,11,2,1110173,0,44,0,384,0,"[0,0,0,0,0,0,0,0,0,0,0,0,6,7,6,6,6,5,6,5,6,4,6,3,6,3,5,2,6,2,5,1,6,0,6,-1,6,-1,6,-1,6,-2,6,-3,6,-4,5,-4,6,-5,6,-5,6,-5,6,-6,6,-6,6,-7,7,-8,7,-8,0,0,7,-9,7,-9,8,-10,8,-10,8,-9,8,-9,9,-9,8,-9,9,-9,9,-8,9,-7,10,-6,9,-6,9,-6,9,-5,9,-5,9,-5,9,-4,9,-3,8,-3,8,-2,7,-2,7,-2,7,-1,6,0,5,1,0,0,0,0,0,0,0,0,0,0,0,0,0,0,34,54,33,57,36,51,35,44,36,44,28,39,32,34,29,29,30,27,28,20,32,18,34,17,33,13,30,8,29,5,30,0,36,-2,33,-8,33,-8,35,-11,36,-20,34,-18,38,-26,35,-26,35,-26,34,-30,35,-30,35,-37,36,-37,38,-41,39,-39,40,-51,41,-44,41,-46,41,-48,46,-44,43,-47,46,-47,49,-45,54,-45,47,-41,56,-40,52,-34,51,-37,52,-34,53,-32,53,-24,49,-27,45,-25,48,-19,49,-19,48,-15,41,-10,39,-3,41,-3,34,-1,35,7,0,0,0,0,0,0,0,0,0,0,0,0,0,0,0,0,0,0,0,0,0,0,-38,-59,-31,-57,-30,-67,-23,-67,-20,-66,-17,-66,-19,-66,-10,-65,-12,-64,-10,-65,-3,-66,-2,-62,-8,-60,-6,-55,-4,-53,-1,-50,-3,-47,-1,-44,-5,-39,-6,-36,-7,-34,-8,-38,-7,-32,-12,-31,-11,-29,-13,-24,-14,-23,-16,-19,-14,-18,-23,-17,-21,-10,-24,-9,-25,-8,-30,-5,-31,-1,-31,4,-28,5,-34,5,-35,15,-39,18,-39,19,-40,25,-41,23,-40,30,-48,32,-45,33,-44,39,-49,43,-47,46,-52,46,-53,43,-58,50,-62,49,-62,50,-66,53,-63,44,-62,45,0,0]"
CSI_DATA,62,1a:00:00:00:00:00,-45,11,1,0,1,1,1,0,0,0,1,-97,0,11,2,1120114,0,44,0,384,0,"[0,0,0,0,0,0,0,0,0,0,0,0,5,7,5,6,6,6,5,5,5,4,5,4,5,3,5,2,5,2,5,1,5,1,5,-1,6,-1,5,-2,6,-2,6,-3,6,-3,5,-4,5,-4,6,-5,6,-6,6,-6,6,-6,6,-7,7,-8,7,-8,0,0,7,-9,8,-8,7,-9,8,-9,8,-8,8,-8,8,-9,8,-8,9,-8,9,-7,9,-7,9,-6,9,-6,9,-6,9,-5,9,-5,9,-4,8,-4,8,-4,8,-3,8,-2,7,-2,6,-1,6,-1,6,0,5,0,0,0,0,0,0,0,0,0,0,0,0,0,0,0,35,57,32,58,35,51,28,42,28,40,32,37,26,35,28,30,31,28,31,23,28,21,30,12,30,11,31,5,28,6,30,0,37,-2,32,-10,30,-9,31,-11,36,-20,30,-18,29,-26,33,-27,31,-26,36,-29,31,-32,32,-36,34,-40,36,-42,40,-44,40,-47,40,-47,42,-46,40,-43,44,-47,45,-46,46,-44,53,-46,53,-43,49,-38,51,-37,51,-35,51,-36,51,-35,57,-28,52,-28,53,-27,46,-21,45,-21,48,-13,44,-14,41,-11,43,-8,37,-4,37,-1,34,6,0,0,0,0,0,0,0,0,0,0,0,0,0,0,0,0,0,0,0,0,0,0,-43,-58,-34,-65,-30,-64,-26,-66,-21,-67,-19,-68,-17,-67,-16,-64,-13,-67,-8,-60,-7,-63,-8,-61,-7,-60,-3,-61,-2,-54,-1,-50,-5,-52,-1,-48,-5,-47,-6,-41,-4,-38,-6,-38,-6,-33,-8,-29,-12,-28,-16,-23,-15,-20,-16,-21,-16,-19,-23,-15,-20,-12,-24,-7,-28,-7,-27,-4,-28,-3,-32,0,-29,3,-28,12,-33,13,-37,15,-37,18,-34,23,-39,24,-41,32,-43,27,-46,36,-45,38,-42,39,-48,46,-53,40,-50,47,-56,48,-65,51,-61,45,-65,48,-68,50,-60,40,0,0]"
CSI_DATA,63,1a:00:00:00:00:00,-45,11,1,0,1,1,1,0,0,0,1,-97,0,11,2,1130551,0,44,0,384,0,"[0,0,0,0,0,0,0,0,0,0,0,0,-2,-10,-2,-9,-3,-9,-3,-8,-3,-7,-3,-7,-3,-7,-4,-5,-5,-6,-5,-5,-5,-4,-6,-3,-6,-3,-6,-2,-7,-3,-8,-2,-8,-1,-7,-1,-8,-1,-8,1,-9,0,-9,1,-9,1,-10,2,-10,2,-10,2,0,0,-11,3,-12,2,-12,2,-12,3,-12,2,-13,2,-13,2,-12,1,-13,1,-13,1,-12,0,-12,0,-12,-1,-11,-1,-11,-2,-11,-1,-11,-2,-10,-2,-9,-3,-9,-3,-8,-3,-8,-3,-7,-4,-6,-4,-6,-5,-5,-4,0,0,0,0,0,0,0,0,0,0,0,0,0,0,-7,-64,-4,-66,-10,-62,-9,-53,-8,-54,-10,-52,-13,-46,-14,-39,-14,-35,-17,-34,-16,-34,-22,-34,-27,-24,-27,-21,-24,-24,-26,-14,-37,-13,-34,-10,-32,-8,-35,-6,-40,-1,-39,0,-41,4,-42,5,-38,5,-44,12,-49,11,-51,12,-53,13,-55,17,-58,13,-59,18,-56,14,-59,18,-61,21,-64,19,-65,21,-65,17,-66,15,-70,12,-65,10,-64,5,-61,-1,-62,4,-61,1,-64,1,-59,1,-57,-5,-52,-11,-51,-5,-51,-10,-48,-9,-45,-15,-35,-19,-36,-21,-32,-18,-27,-18,0,0,0,0,0,0,0,0,0,0,0,0,0,0,0,0,0,0,0,0,0,0,13,68,9,68,-3,72,-1,75,-8,69,-11,66,-9,69,-13,69,-17,69,-21,64,-24,60,-25,59,-21,56,-26,52,-26,49,-21,49,-17,52,-22,43,-18,38,-13,43,-14,37,-11,36,-10,38,-8,28,-8,30,-3,29,3,27,4,24,6,26,7,24,12,19,15,17,17,14,19,15,25,17,23,10,31,5,32,9,31,4,35,-3,38,-1,41,-3,45,-3,44,-7,49,-13,54,-14,55,-17,58,-15,61,-17,67,-17,69,-13,73,-18,79,-16,74,-13,79,-11,75,-13,74,-11,0,0]"
CSI_DATA,64,1a:00:00:00:00:00,-45,11,1,0,1,1,1,0,0,0,1,-97,0,11,2,1150165,0,44,0,384,0,"[0,0,0,0,0,0,0,0,0,0,0,0,-4,8,-3,8,-2,7,-2,7,-2,7,-1,6,0,6,0,6,1,5,1,5,2,5,2,5,3,4,4,4,4,4,5,4,5,3,6,3,6,3,7,3,7,3,8,3,8,2,9,3,10,3,9,2,0,0,11,2,11,3,11,3,11,3,11,3,11,3,11,4,11,4,11,5,11,5,10,5,9,6,9,6,8,6,8,6,8,6,7,6,6,6,6,6,6,6,5,6,4,6,4,6,3,6,2,6,1,5,0,0,0,0,0,0,0,0,0,0,0,0,0,0,-42,52,-42,49,-34,46,-28,43,-23,47,-25,44,-21,34,-16,42,-9,31,-10,33,-3,35,2,32,0,36,4,26,9,30,14,27,19,28,18,27,24,25,24,28,29,25,33,23,33,19,34,21,37,19,46,20,40,16,47,18,46,20,52,20,55,16,61,22,54,21,61,20,63,20,61,26,62,24,65,26,57,31,55,32,59,28,53,35,53,37,53,37,49,36,49,34,44,40,42,34,38,36,37,34,33,34,29,35,27,36,22,33,16,37,15,33,9,33,0,0,0,0,0,0,0,0,0,0,0,0,0,0,0,0,0,0,0,0,0,0,39,-57,46,-51,47,-49,54,-45,54,-41,58,-41,51,-40,55,-32,59,-36,56,-28,57,-25,56,-26,56,-28,57,-23,52,-19,54,-17,47,-23,42,-16,41,-20,39,-23,34,-21,33,-18,32,-21,30,-13,25,-16,19,-22,18,-21,16,-22,17,-21,8,-23,4,-23,7,-20,1,-23,-2,-20,-6,-19,-11,-26,-9,-24,-18,-26,-21,-25,-22,-26,-30,-25,-32,-25,-38,-29,-40,-25,-40,-23,-56,-30,-52,-29,-51,-25,-58,-31,-52,-33,-57,-35,-63,-34,-66,-38,-60,-31,-62,-45,-66,-39,-60,-40,0,0]"
CSI_DATA,65,1a:00:00:00:00:00,-45,11,1,0,1,1,1,0,0,0,1,-96,0,11,2,1161119,0,44,0,384,0,"[0,0,0,0,0,0,0,0,0,0,0,0,-8,-6,-8,-5,-8,-4,-8,-3,-7,-3,-7,-2,-7,-1,-6,0,-6,0,-6,1,-6,2,-6,2,-6,3,-6,3,-6,4,-6,5,-5,5,-5,5,-5,6,-5,7,-4,7,-4,7,-5,8,-5,9,-5,9,-5,10,0,0,-5,11,-5,10,-5,11,-5,11,-6,11,-6,11,-6,11,-6,11,-6,11,-7,10,-8,10,-8,9,-8,9,-8,9,-8,7,-8,8,-7,7,-8,7,-8,6,-7,6,-7,5,-7,4,-7,3,-7,3,-7,2,-7,1,0,0,0,0,0,0,0,0,0,0,0,0,0,0,-44,-44,-40,-41,-48,-38,-41,-31,-39,-28,-37,-27,-38,-21,-40,-20,-33,-15,-34,-11,-32,-5,-31,-3,-33,2,-33,4,-28,8,-28,12,-33,13,-26,19,-29,24,-30,23,-27,34,-29,24,-26,34,-24,37,-24,42,-22,46,-21,46,-25,49,-27,50,-29,53,-22,54,-23,59,-28,60,-28,60,-27,62,-30,65,-33,65,-28,63,-36,65,-34,61,-37,58,-39,58,-36,58,-39,54,-38,50,-41,45,-39,44,-39,46,-42,39,-39,33,-41,30,-35,32,-32,27,-39,21,-36,18,-38,13,-35,11,0,0,0,0,0,0,0,0,0,0,0,0,0,0,0,0,0,0,0,0,0,0,40,59,30,55,30,59,24,61,20,64,18,63,19,59,15,60,11,64,17,56,7,62,7,57,12,61,6,55,4,48,4,52,10,54,7,49,8,39,8,40,7,41,8,36,12,34,12,31,12,28,16,23,11,27,18,24,14,17,18,12,11,11,22,9,21,6,24,2,26,0,23,-4,25,-7,27,-12,23,-17,26,-17,29,-22,27,-28,33,-29,29,-32,28,-38,33,-41,33,-44,33,-47,33,-52,42,-51,40,-56,46,-61,50,-56,45,-55,47,-61,43,-62,49,-58,0,0]"
CSI_DATA,66,1a:00:00:00:00:00,-45,11,1,0,1,1,1,0,0,0,1,-97,0,11,2,1170106,0,44,0,384,0,"[0,0,0,0,0,0,0,0,0,0,0,0,-8,-5,-7,-5,-8,-4,-7,-4,-7,-3,-7,-2,-7,-1,-6,-1,-6,0,-6,1,-6,1,-6,2,-6,2,-6,3,-6,4,-5,5,-6,5,-5,5,-5,6,-5,7,-5,7,-4,8,-5,8,-5,9,-5,9,-5,10,0,0,-5,10,-5,11,-5,11,-5,11,-6,11,-6,11,-6,11,-6,11,-6,11,-7,10,-7,10,-8,9,-7,8,-7,8,-8,8,-8,8,-8,7,-7,7,-7,6,-7,5,-7,5,-7,4,-7,3,-7,2,-7,2,-6,1,0,0,0,0,0,0,0,0,0,0,0,0,0,0,-48,-48,-41,-43,-46,-36,-38,-36,-39,-31,-39,-27,-39,-28,-41,-21,-34,-17,-32,-14,-33,-8,-34,-5,-35,-1,-30,7,-28,7,-31,12,-31,18,-25,22,-27,19,-28,27,-29,30,-29,35,-26,33,-26,39,-23,38,-28,42,-27,43,-23,55,-26,50,-26,53,-25,59,-30,61,-26,56,-28,67,-30,62,-31,62,-32,63,-32,64,-38,63,-39,58,-41,56,-40,54,-40,55,-42,53,-36,51,-42,52,-42,44,-41,44,-42,40,-42,38,-44,32,-40,27,-40,26,-37,22,-41,19,-37,14,-35,10,0,0,0,0,0,0,0,0,0,0,0,0,0,0,0,0,0,0,0,0,0,0,32,58,27,57,24,62,16,64,15,65,11,61,11,61,7,59,7,64,6,57,3,60,3,56,3,59,1,52,1,50,1,49,7,49,1,43,9,43,6,41,0,36,4,36,10,34,11,32,11,27,12,23,10,24,15,24,18,16,20,17,17,13,21,10,22,11,21,5,27,-3,25,-2,26,-7,27,-8,27,-14,32,-19,32,-19,32,-25,32,-26,32,-34,29,-33,38,-35,35,-36,33,-45,39,-47,43,-51,42,-48,39,-56,51,-52,49,-55,50,-61,48,-55,48,-53,0,0]"
CSI_DATA,67,1a:00:00:00:00:00,-44,11,1,0,1,1,1,0,0,0,1,-97,0,11,2,1180129,0,44,0,384,0,"[0,0,0,0,0,0,0,0,0,0,0,0,9,-1,8,-1,7,-2,7,-3,6,-2,6,-3,4,-4,4,-4,4,-4,3,-5,3,-5,2,-6,2,-7,1,-7,1,-7,0,-8,-1,-8,-1,-9,-2,-9,-2,-9,-2,-9,-3,-10,-3,-10,-3,-11,-4,-12,-4,-12,0,0,-5,-12,-4,-13,-4,-13,-5,-13,-4,-13,-4,-13,-5,-13,-4,-14,-4,-14,-3,-13,-3,-13,-2,-13,-2,-13,-1,-12,-1,-12,0,-12,0,-11,0,-11,1,-10,0,-10,2,-9,1,-9,2,-8,2,-7,3,-7,3,-6,0,0,0,0,0,0,0,0,0,0,0,0,0,0,65,7,59,7,55,2,54,3,47,3,40,-3,45,-2,37,-9,35,-12,31,-12,27,-15,25,-12,22,-21,22,-25,18,-28,11,-25,17,-35,8,-36,6,-35,4,-39,1,-44,0,-46,-2,-42,-5,-47,-6,-52,-8,-56,-9,-55,-11,-57,-18,-59,-20,-62,-16,-58,-18,-63,-18,-66,-20,-68,-22,-71,-17,-71,-17,-74,-16,-72,-6,-76,-10,-70,-8,-71,-8,-71,-2,-68,-4,-74,-2,-62,-3,-67,3,-64,3,-62,9,-53,7,-52,9,-51,10,-46,10,-44,15,-43,18,-40,20,-35,19,-28,0,0,0,0,0,0,0,0,0,0,0,0,0,0,0,0,0,0,0,0,0,0,-60,-20,-54,-29,-59,-32,-52,-32,-56,-38,-45,-36,-46,-38,-45,-40,-44,-43,-43,-36,-39,-41,-39,-37,-40,-37,-37,-36,-31,-37,-34,-34,-33,-26,-29,-29,-30,-22,-34,-23,-28,-19,-31,-25,-27,-19,-31,-13,-29,-15,-30,-9,-24,-6,-26,-4,-26,-3,-28,3,-28,4,-22,7,-26,10,-21,11,-20,15,-19,20,-17,21,-14,26,-13,29,-11,34,-11,35,-7,40,-9,45,-5,48,-6,47,-6,49,-1,52,3,55,3,58,-1,68,1,65,2,68,-5,77,-8,66,-1,82,-5,74,-9,78,0,0]"
CSI_DATA,68,1a:00:00:00:00:00,-45,11,1,0,1,1,1,0,0,0,1,-97,0,11,2,1190408,0,44,0,384,0,"[0,0,0,0,0,0,0,0,0,0,0,0,1,-10,0,-9,-1,-8,-1,-8,-1,-7,-2,-7,-3,-6,-3,-6,-3,-5,-4,-5,-5,-4,-6,-4,-6,-4,-7,-3,-6,-3,-8,-2,-8,-1,-8,-1,-8,-1,-9,0,-9,0,-10,0,-10,0,-11,1,-11,1,-11,1,0,0,-12,2,-13,1,-13,1,-13,2,-13,1,-14,1,-13,1,-14,1,-14,0,-14,0,-14,-1,-13,-1,-12,-2,-12,-1,-12,-2,-11,-2,-11,-3,-10,-2,-10,-3,-9,-3,-9,-4,-8,-4,-8,-4,-7,-4,-6,-5,-5,-4,0,0,0,0,0,0,0,0,0,0,0,0,0,0,25,-64,17,-55,15,-53,13,-56,11,-50,9,-44,2,-45,2,-42,-6,-33,-1,-35,-8,-33,-13,-32,-17,-29,-19,-26,-20,-22,-23,-21,-32,-18,-30,-17,-33,-15,-37,-11,-40,-9,-43,-9,-43,-3,-44,-7,-47,-3,-51,1,-55,-1,-58,3,-59,6,-62,7,-62,13,-71,6,-67,8,-67,4,-69,9,-74,4,-73,6,-71,1,-75,1,-76,1,-68,1,-73,-3,-69,-5,-75,-8,-64,-12,-65,-9,-63,-12,-62,-16,-56,-15,-51,-15,-52,-19,-50,-20,-46,-21,-43,-25,-38,-25,-35,-27,-28,-27,0,0,0,0,0,0,0,0,0,0,0,0,0,0,0,0,0,0,0,0,0,0,-39,46,-41,43,-47,39,-49,38,-50,33,-49,35,-48,29,-45,30,-50,30,-47,25,-48,24,-46,25,-45,20,-44,24,-42,18,-36,19,-35,25,-39,20,-31,23,-29,18,-29,20,-25,19,-20,20,-23,20,-20,28,-9,28,-12,24,-10,28,-8,23,-4,27,-3,22,4,25,-1,25,8,22,12,25,21,22,18,20,23,25,25,17,31,20,37,18,36,15,44,20,45,15,45,12,46,12,58,18,53,10,58,19,67,17,68,16,69,10,77,23,73,19,75,22,71,23,73,22,0,0]"
CSI_DATA,69,1a:00:00:00:00:00,-45,11,1,0,1,1,1,0,0,0,1,-96,0,11,2,1200231,0,44,0,384,0,"[0,0,0,0,0,0,0,0,0,0,0,0,6,7,6,6,6,5,6,5,6,4,5,3,5,2,5,2,5,1,5,0,6,-1,5,-2,5,-2,5,-3,5,-3,6,-4,5,-5,5,-6,5,-6,5,-6,5,-6,5,-8,5,-8,5,-9,5,-10,5,-10,0,0,6,-11,6,-11,7,-12,7,-11,7,-11,7,-11,7,-11,8,-11,8,-11,8,-10,8,-10,8,-9,8,-9,8,-9,8,-7,8,-7,8,-7,7,-7,8,-6,7,-5,7,-5,7,-4,7,-3,7,-3,6,-2,6,-1,0,0,0,0,0,0,0,0,0,0,0,0,0,0,34,61,28,53,32,51,27,49,28,44,23,36,29,32,26,29,29,22,27,18,27,16,24,15,28,8,26,4,28,0,34,-6,30,-5,29,-13,32,-12,28,-10,36,-21,34,-23,31,-26,34,-33,31,-35,35,-36,36,-38,34,-47,38,-47,36,-52,35,-48,39,-54,37,-50,45,-54,37,-56,46,-53,46,-60,46,-56,46,-53,51,-51,49,-49,53,-49,53,-45,51,-44,51,-43,50,-40,49,-33,47,-32,50,-28,45,-26,46,-26,46,-23,43,-18,43,-14,41,-12,41,-9,35,-3,0,0,0,0,0,0,0,0,0,0,0,0,0,0,0,0,0,0,0,0,0,0,-13,-60,-5,-63,-4,-60,4,-63,8,-61,10,-58,6,-57,8,-59,9,-57,9,-51,19,-54,13,-46,9,-50,9,-44,15,-38,13,-40,9,-39,11,-36,9,-35,-1,-33,4,-27,-4,-36,-2,-26,-6,-26,-7,-23,-11,-23,-11,-22,-17,-19,-16,-18,-18,-15,-18,-14,-26,-13,-25,-7,-22,-3,-28,-4,-31,1,-28,0,-34,7,-34,9,-33,13,-36,15,-38,17,-45,19,-44,21,-43,27,-47,34,-51,36,-50,29,-51,40,-57,36,-57,43,-62,48,-67,39,-63,42,-64,42,-64,45,-67,37,0,0]"
CSI_DATA,70,1a:00:00:00:00:00,-45,11,1,0,1,1,1,0,0,0,1,-96,0,11,2,1210370,0,44,0,384,0,"[0,0,0,0,0,0,0,0,0,0,0,0,4,8,5,7,6,7,5,6,5,5,4,4,5,3,5,3,5,2,5,2,5,1,6,0,6,-1,6,-2,6,-2,7,-3,6,-3,7,-3,6,-4,7,-5,6,-5,7,-6,7,-6,7,-7,8,-8,8,-7,0,0,8,-8,9,-8,9,-9,10,-9,9,-8,10,-8,10,-8,11,-8,11,-8,11,-7,11,-7,11,-6,11,-6,10,-5,11,-4,10,-4,10,-4,9,-4,9,-3,9,-2,9,-1,8,-1,8,-1,7,0,7,1,6,1,0,0,0,0,0,0,0,0,0,0,0,0,0,0,33,59,33,55,34,50,31,45,31,44,30,39,28,34,34,29,29,26,28,22,29,17,27,15,34,9,33,6,35,6,30,2,31,-3,34,-6,30,-4,30,-13,34,-20,36,-17,34,-24,33,-25,35,-28,34,-33,38,-37,41,-41,38,-37,38,-44,46,-42,44,-47,43,-43,46,-51,45,-49,51,-47,49,-49,46,-50,50,-44,55,-45,55,-41,56,-37,57,-30,57,-34,51,-28,54,-36,61,-29,54,-28,53,-23,51,-20,47,-13,48,-15,46,-11,41,-6,38,-5,38,2,35,4,0,0,0,0,0,0,0,0,0,0,0,0,0,0,0,0,0,0,0,0,0,0,-26,-60,-21,-61,-12,-59,-12,-60,-10,-61,-2,-59,-7,-57,-1,-56,-4,-59,4,-53,7,-53,5,-53,5,-48,2,-46,5,-42,4,-47,3,-45,4,-36,1,-35,-1,-34,3,-30,-2,-25,-5,-26,-6,-23,-6,-23,-13,-21,-11,-18,-15,-14,-14,-14,-20,-8,-19,-8,-27,-6,-25,-2,-25,-2,-28,0,-26,5,-33,6,-30,11,-31,11,-35,18,-38,22,-40,24,-44,29,-45,36,-40,31,-43,37,-47,37,-46,44,-49,42,-56,49,-57,46,-61,48,-66,51,-62,43,-69,52,-72,48,-61,45,0,0]"
CSI_DATA,71,1a:00:00:00:00:00,-45,11,1,0,1,1,1,0,0,0,1,-96,0,11,2,1220137,0,44,0,384,0,"[0,0,0,0,0,0,0,0,0,0,0,0,-2,10,-2,9,0,9,0,8,0,8,0,7,1,7,2,6,2,6,2,5,3,5,4,5,4,4,5,4,5,3,6,3,6,2,7,2,7,2,8,2,8,2,8,1,9,1,10,1,10,1,10,0,0,0,11,0,11,1,12,1,12,1,12,2,12,2,12,2,12,2,12,2,12,3,12,4,11,4,10,4,10,4,10,5,9,5,8,5,8,5,7,5,7,5,6,5,6,6,5,5,4,5,4,6,2,5,0,0,0,0,0,0,0,0,0,0,0,0,0,0,-14,66,-17,54,-10,57,-10,55,-12,55,-5,52,-2,46,0,44,2,44,2,39,6,35,8,38,10,35,16,26,19,27,23,26,29,25,26,19,27,13,33,19,37,20,34,18,36,11,38,12,42,10,49,9,46,7,51,4,53,5,57,5,57,5,62,6,62,8,62,7,64,5,63,9,70,10,65,10,65,18,66,18,65,17,63,18,58,19,61,23,55,23,54,26,50,26,48,26,46,26,43,31,41,28,36,29,29,29,29,31,28,30,23,31,17,33,0,0,0,0,0,0,0,0,0,0,0,0,0,0,0,0,0,0,0,0,0,0,12,-66,19,-59,22,-60,27,-60,28,-54,31,-50,36,-50,35,-48,37,-45,37,-43,35,-42,30,-39,35,-38,34,-37,34,-32,30,-26,29,-34,24,-25,18,-28,22,-22,20,-22,17,-19,11,-25,12,-16,8,-17,4,-18,0,-21,0,-21,-4,-16,-9,-18,-11,-17,-15,-17,-15,-16,-21,-19,-22,-18,-23,-13,-26,-10,-31,-12,-36,-5,-38,-6,-41,-7,-44,-4,-47,-9,-52,-2,-51,-1,-57,-6,-61,-3,-62,0,-67,-5,-68,-3,-70,-2,-77,4,-82,-9,-73,-10,-80,-11,-76,-11,-78,-11,0,0]"
CSI_DATA,72,1a:00:00:00:00:00,-44,11,1,0,1,1,1,0,0,0,1,-96,0,11,2,1233304,0,44,0,384,0,"[0,0,0,0,0,0,0,0,0,0,0,0,8,6,8,6,8,4,7,5,7,4,7,3,7,3,7,2,7,1,6,0,7,0,7,-1,7,-2,7,-3,7,-3,7,-4,7,-5,7,-5,6,-6,7,-6,7,-6,7,-7,7,-7,7,-8,7,-9,7,-9,0,0,8,-9,9,-9,9,-10,8,-10,9,-9,9,-9,9,-9,9,-9,10,-9,10,-8,10,-8,10,-7,10,-7,10,-6,10,-5,10,-5,10,-5,9,-4,9,-3,8,-3,9,-2,8,-2,7,-1,7,-1,7,0,6,1,0,0,0,0,0,0,0,0,0,0,0,0,0,0,38,56,34,59,40,43,39,46,36,45,30,40,37,34,35,30,36,22,32,24,35,16,33,15,37,12,33,8,40,5,34,1,37,-3,38,-4,40,-5,38,-11,40,-17,38,-16,39,-23,34,-23,41,-22,40,-32,38,-29,47,-33,45,-31,44,-40,50,-39,51,-42,49,-40,50,-43,54,-44,56,-42,53,-44,55,-45,58,-38,60,-38,57,-35,61,-27,65,-31,56,-23,59,-20,64,-23,60,-17,57,-17,54,-12,52,-14,52,-9,51,-4,45,-10,43,-2,40,4,41,5,33,14,0,0,0,0,0,0,0,0,0,0,0,0,0,0,0,0,0,0,0,0,0,0,-41,-54,-31,-55,-26,-56,-22,-64,-19,-62,-16,-61,-17,-57,-11,-59,-12,-60,-7,-57,-6,-62,-4,-54,-5,-54,-1,-52,-2,-44,0,-44,-9,-44,0,-41,-6,-34,-6,-31,-6,-28,-8,-29,-3,-29,-7,-27,-9,-25,-10,-20,-13,-15,-18,-16,-18,-11,-19,-12,-20,-7,-22,0,-24,1,-24,0,-31,4,-29,9,-30,10,-28,8,-33,17,-37,23,-35,19,-34,26,-38,29,-38,33,-37,40,-39,45,-44,37,-43,43,-42,47,-51,44,-53,47,-52,49,-59,53,-58,51,-66,49,-61,48,-63,50,0,0]"
CSI_DATA,73,1a:00:00:00:00:00,-44,11,1,0,1,1,1,0,0,0,1,-96,0,11,2,1260808,0,44,0,384,0,"[0,0,0,0,0,0,0,0,0,0,0,0,10,-2,9,-2,8,-3,8,-3,7,-3,6,-4,6,-4,5,-4,5,-5,4,-5,4,-6,3,-6,3,-7,2,-7,2,-7,1,-8,0,-8,0,-8,-1,-9,-1,-9,-1,-9,-1,-10,-1,-10,-2,-11,-3,-11,-3,-11,0,0,-3,-12,-3,-12,-3,-13,-3,-13,-3,-13,-2,-13,-2,-13,-2,-13,-1,-13,0,-13,0,-13,1,-13,1,-12,1,-12,1,-12,2,-11,2,-11,2,-10,2,-10,2,-9,3,-8,3,-8,3,-7,4,-6,4,-6,4,-5,0,0,0,0,0,0,0,0,0,0,0,0,0,0,73,-11,68,-10,62,-14,56,-13,52,-13,47,-16,45,-20,48,-15,36,-21,32,-22,26,-22,24,-23,23,-29,21,-27,19,-31,14,-33,15,-39,9,-35,8,-40,-3,-40,-2,-42,2,-42,-2,-41,-4,-46,-11,-47,-11,-50,-11,-45,-20,-54,-15,-58,-21,-57,-18,-57,-20,-65,-21,-64,-24,-65,-19,-66,-19,-73,-22,-64,-18,-72,-11,-72,-10,-71,-9,-69,-6,-67,-3,-67,-3,-72,-2,-64,-1,-64,5,-62,6,-59,7,-53,8,-51,8,-51,12,-48,11,-43,23,-42,14,-39,18,-32,24,-25,0,0,0,0,0,0,0,0,0,0,0,0,0,0,0,0,0,0,0,0,0,0,-65,8,-67,-1,-62,-6,-63,-8,-58,-11,-53,-15,-54,-16,-52,-17,-51,-21,-51,-19,-43,-27,-43,-23,-42,-19,-38,-20,-36,-21,-34,-14,-34,-12,-29,-11,-27,-5,-28,-6,-23,-5,-25,-2,-20,1,-23,3,-19,5,-18,6,-22,10,-15,11,-16,18,-14,21,-9,20,-9,25,-8,24,-4,29,-8,29,-2,32,1,33,5,40,2,40,10,48,6,46,13,50,9,51,13,55,15,52,18,63,17,63,22,63,22,66,19,72,19,72,22,74,18,80,23,72,15,83,23,81,16,82,0,0]"
CSI_DATA,74,1a:00:00:00:00:00,-44,11,1,0,1,1,1,0,0,0,1,-96,0,11,2,1280219,0,44,0,384,0,"[0,0,0,0,0,0,0,0,0,0,0,0,-11,0,-10,0,-10,1,-9,1,-9,1,-8,2,-7,3,-7,3,-7,3,-6,4,-6,4,-5,4,-5,5,-4,5,-4,5,-4,7,-3,7,-3,7,-2,7,-2,7,-2,7,-2,8,-2,8,-1,9,-1,10,-1,10,0,0,0,11,-2,11,-1,12,-1,11,-2,11,-2,12,-2,12,-2,12,-2,12,-3,11,-3,11,-4,10,-4,10,-4,10,-5,9,-5,9,-5,8,-5,8,-5,7,-5,7,-6,6,-6,6,-6,5,-6,4,-6,3,-6,2,0,0,0,0,0,0,0,0,0,0,0,0,0,0,-75,-14,-68,-13,-64,-9,-60,-10,-56,-7,-55,-4,-52,-1,-47,-1,-44,4,-40,4,-35,14,-33,11,-38,17,-35,20,-31,16,-27,26,-24,30,-26,29,-23,28,-22,33,-23,37,-19,36,-12,37,-14,44,-13,39,-11,48,-12,51,-7,51,-7,56,-7,54,-4,60,-5,58,-5,59,-9,65,-8,65,-15,61,-11,63,-11,68,-18,69,-18,63,-20,64,-19,61,-24,60,-21,60,-22,55,-29,53,-26,51,-27,52,-26,44,-27,39,-30,36,-29,36,-31,36,-34,29,-33,24,-31,21,-31,15,0,0,0,0,0,0,0,0,0,0,0,0,0,0,0,0,0,0,0,0,0,0,65,9,60,15,61,20,59,24,58,27,53,30,50,29,47,31,48,37,47,32,42,34,39,36,38,31,39,33,32,29,29,31,33,25,23,25,23,17,21,21,24,15,25,19,20,11,21,8,24,6,20,3,20,6,20,-3,20,-3,23,-8,18,-8,18,-11,17,-13,15,-21,15,-26,10,-26,13,-30,8,-31,6,-35,7,-41,7,-40,5,-49,6,-48,7,-54,3,-55,4,-57,2,-59,-2,-64,3,-71,0,-75,0,-73,3,-77,4,-80,6,-79,5,-84,8,-81,6,-79,0,0]"
CSI_DATA,75,1a:00:00:00:00:00,-44,11,1,0,1,1,1,0,0,0,1,-96,0,11,2,1291422,0,44,0,384,0,"[0,0,0,0,0,0,0,0,0,0,0,0,8,5,8,5,9,4,8,4,7,2,7,3,7,2,7,1,7,1,6,-1,7,-1,6,-2,6,-2,6,-3,6,-3,6,-4,6,-5,6,-5,6,-6,6,-6,6,-7,6,-7,5,-7,6,-9,6,-9,6,-9,0,0,6,-10,7,-10,7,-11,6,-11,7,-10,7,-10,8,-11,8,-10,8,-10,8,-9,8,-9,9,-8,9,-8,9,-8,9,-6,9,-7,8,-6,8,-6,8,-5,8,-4,8,-3,7,-3,7,-2,7,-2,7,-1,6,0,0,0,0,0,0,0,0,0,0,0,0,0,0,0,33,61,35,59,39,51,33,57,33,43,30,42,30,39,38,32,32,25,35,27,37,24,33,19,37,18,35,14,37,7,37,4,41,-1,37,-3,37,-6,41,-9,42,-10,39,-13,36,-20,38,-19,42,-22,42,-23,42,-27,46,-31,41,-37,48,-39,45,-38,48,-41,48,-37,51,-43,49,-41,57,-39,59,-38,57,-44,58,-38,62,-35,61,-35,63,-32,56,-33,60,-28,55,-24,59,-22,57,-15,55,-16,51,-15,53,-7,49,-8,49,-4,48,-2,41,2,40,8,37,7,33,13,0,0,0,0,0,0,0,0,0,0,0,0,0,0,0,0,0,0,0,0,0,0,-41,-51,-32,-54,-31,-57,-27,-58,-22,-61,-18,-57,-13,-60,-10,-59,-11,-58,-12,-56,-7,-56,-8,-54,-10,-54,-6,-51,-5,-44,-5,-44,-6,-45,-1,-43,-8,-37,-7,-35,-9,-32,-16,-30,-12,-28,-17,-27,-16,-20,-20,-23,-20,-20,-21,-13,-21,-15,-26,-9,-23,-7,-29,-9,-27,-3,-27,1,-30,2,-28,3,-35,7,-38,9,-38,15,-35,19,-37,20,-40,24,-44,27,-43,29,-40,32,-52,40,-47,34,-51,40,-52,45,-60,46,-55,48,-56,51,-67,46,-64,52,-67,52,-68,51,-67,42,0,0]"
CSI_DATA,76,1a:00:00:00:00:00,-43,11,1,0,1,1,1,0,0,0,1,-96,0,11,2,1310137,0,44,0,384,0,"[0,0,0,0,0,0,0,0,0,0,0,0,11,-3,10,-3,9,-4,9,-3,8,-4,8,-4,7,-4,6,-5,6,-5,5,-5,5,-6,4,-7,4,-7,3,-7,3,-7,3,-8,2,-8,2,-8,1,-9,1,-9,1,-9,0,-10,0,-10,0,-11,0,-11,0,-12,0,0,-1,-12,0,-13,0,-13,0,-13,0,-13,1,-13,1,-13,1,-13,1,-13,2,-13,3,-13,3,-12,3,-12,4,-11,4,-11,4,-11,4,-10,4,-9,4,-9,4,-8,5,-7,5,-7,5,-7,5,-5,5,-5,5,-4,0,0,0,0,0,0,0,0,0,0,0,0,0,0,69,1,65,2,69,-5,60,2,58,-6,57,-1,52,-3,54,-6,46,-8,47,-13,42,-18,37,-18,37,-22,30,-19,29,-22,28,-32,29,-34,22,-35,22,-32,17,-36,15,-38,15,-41,12,-45,12,-46,13,-47,12,-48,7,-51,7,-57,7,-58,3,-62,4,-59,10,-67,7,-61,6,-67,6,-69,11,-67,16,-70,13,-70,20,-69,19,-67,21,-62,18,-64,21,-62,22,-69,25,-63,27,-57,32,-52,32,-54,27,-52,30,-44,32,-43,34,-39,32,-33,32,-32,31,-28,29,-21,32,-16,0,0,0,0,0,0,0,0,0,0,0,0,0,0,0,0,0,0,0,0,0,0,-56,18,-62,10,-57,4,-60,3,-53,-5,-55,-8,-52,-11,-52,-12,-53,-13,-49,-13,-49,-14,-48,-13,-49,-14,-46,-14,-40,-15,-34,-14,-41,-10,-36,-12,-36,-6,-31,-8,-28,-4,-30,-2,-30,-1,-27,2,-22,4,-25,6,-19,10,-18,14,-17,14,-17,18,-12,22,-16,25,-17,25,-14,28,-11,32,-10,32,-3,33,-1,36,-1,38,1,45,3,48,4,52,8,54,9,53,4,58,13,63,11,67,8,63,13,71,9,74,11,74,13,78,9,87,9,72,14,89,0,85,3,80,0,0]"
CSI_DATA,77,1a:00:00:00:00:00,-44,11,1,0,1,1,1,0,0,0,1,-96,0,11,2,1320235,0,44,0,384,0,"[0,0,0,0,0,0,0,0,0,0,0,0,0,-11,0,-11,-1,-10,-1,-9,-2,-9,-2,-8,-2,-8,-3,-7,-3,-7,-4,-6,-5,-6,-5,-6,-6,-5,-6,-5,-7,-5,-7,-4,-7,-4,-7,-3,-8,-3,-9,-3,-9,-3,-9,-3,-10,-3,-10,-2,-11,-2,-11,-2,0,0,-12,-2,-12,-3,-13,-3,-13,-2,-12,-3,-13,-4,-13,-4,-12,-4,-13,-5,-12,-5,-12,-5,-11,-5,-11,-5,-10,-6,-10,-6,-10,-7,-9,-6,-9,-6,-8,-6,-8,-6,-7,-7,-6,-7,-5,-7,-5,-7,-4,-7,-3,-6,0,0,0,0,0,0,0,0,0,0,0,0,0,0,4,-68,6,-68,-3,-60,0,-61,-5,-61,-6,-55,-5,-47,-7,-46,-7,-47,-13,-40,-18,-38,-15,-35,-21,-31,-21,-28,-26,-29,-28,-24,-31,-23,-32,-20,-35,-17,-40,-16,-42,-13,-43,-15,-41,-6,-48,-11,-44,-8,-49,-5,-52,-2,-55,-2,-55,-2,-58,0,-60,-3,-63,2,-62,-1,-62,-2,-65,3,-64,-6,-71,1,-68,-1,-68,-10,-67,-7,-69,-10,-64,-12,-65,-18,-65,-17,-57,-21,-62,-20,-52,-23,-54,-22,-50,-24,-47,-23,-46,-23,-45,-26,-39,-24,-36,-30,-27,-31,-25,-29,-23,-33,0,0,0,0,0,0,0,0,0,0,0,0,0,0,0,0,0,0,0,0,0,0,10,58,1,55,-1,59,-4,59,-9,59,-11,53,-11,49,-12,52,-12,51,-17,49,-19,49,-16,42,-17,47,-18,41,-19,37,-14,39,-10,40,-16,36,-13,29,-7,29,-8,29,-6,32,-8,29,-2,23,0,24,6,21,4,21,8,18,11,19,14,17,13,16,17,18,22,13,19,11,27,11,32,10,29,7,34,6,36,4,42,-1,42,0,51,-1,51,1,54,-6,52,-8,60,-13,58,-11,62,-8,65,-10,69,-7,70,-12,80,-10,80,-6,80,-8,82,-8,76,-2,78,0,0,0]"
CSI_DATA,78,1a:00:00:00:00:00,-44,11,1,0,1,1,1,0,0,0,1,-96,0,11,2,1331466,0,44,0,384,0,"[0,0,0,0,0,0,0,0,0,0,0,0,-12,-1,-11,-1,-10,1,-10,0,-9,0,-8,1,-8,2,-7,2,-7,2,-6,3,-6,3,-5,4,-5,4,-4,5,-4,5,-4,6,-3,6,-3,7,-2,7,-2,7,-2,7,-1,9,-1,8,-1,9,-1,10,-1,10,0,0,0,11,-1,11,-1,12,-1,11,-1,12,-1,12,-1,12,-2,12,-2,12,-3,11,-3,12,-4,10,-4,10,-4,10,-5,10,-5,9,-5,9,-5,8,-5,8,-5,7,-5,7,-5,6,-5,5,-5,5,-6,4,-6,3,0,0,0,0,0,0,0,0,0,0,0,0,0,0,-71,-13,-70,-18,-71,-10,-62,-7,-62,-8,-54,-5,-54,4,-55,-4,-45,2,-44,0,-43,2,-34,12,-34,14,-31,15,-34,18,-25,22,-26,24,-28,26,-22,29,-19,34,-21,35,-15,34,-11,37,-8,45,-8,42,-11,46,-10,49,-5,53,-9,53,-1,60,-9,53,-4,63,-6,56,-7,67,-4,64,-10,70,-10,72,-10,65,-12,64,-14,65,-15,61,-24,62,-25,60,-23,58,-25,55,-23,53,-27,55,-24,46,-30,48,-26,45,-30,40,-31,39,-30,35,-29,32,-33,27,-32,22,-30,15,0,0,0,0,0,0,0,0,0,0,0,0,0,0,0,0,0,0,0,0,0,0,59,-10,58,-5,57,1,59,2,58,9,55,14,58,9,55,14,58,15,46,15,52,21,46,17,47,13,48,16,41,17,38,15,44,11,36,13,39,7,39,7,31,8,34,3,28,5,27,3,26,1,27,-4,27,-3,26,-12,26,-11,24,-16,23,-18,23,-19,19,-23,20,-25,18,-27,12,-29,11,-34,13,-35,11,-43,7,-44,9,-46,6,-50,4,-57,3,-58,2,-56,-6,-61,-3,-63,-3,-70,-2,-71,-1,-78,1,-78,1,-79,4,-85,1,-80,7,-90,8,-89,9,-85,0,0]"
CSI_DATA,79,1a:00:00:00:00:00,-44,11,1,0,1,1,1,0,0,0,1,-96,0,11,2,1340134,0,44,0,384,0,"[0,0,0,0,0,0,0,0,0,0,0,0,4,-11,4,-10,3,-10,3,-10,3,-9,2,-8,1,-8,0,-8,0,-8,-1,-7,-2,-7,-3,-7,-3,-6,-4,-6,-4,-6,-5,-6,-5,-6,-5,-6,-6,-6,-7,-6,-7,-5,-7,-5,-8,-5,-9,-5,-9,-6,-9,-5,0,0,-10,-6,-11,-7,-11,-6,-11,-7,-10,-6,-11,-7,-11,-7,-10,-7,-11,-8,-10,-8,-10,-9,-9,-9,-8,-8,-8,-9,-7,-9,-7,-9,-6,-8,-6,-8,-5,-8,-5,-8,-4,-8,-4,-8,-3,-8,-3,-7,-2,-7,-1,-6,0,0,0,0,0,0,0,0,0,0,0,0,0,0,40,-64,39,-55,36,-64,27,-57,23,-54,28,-52,24,-44,16,-51,19,-44,15,-45,6,-41,4,-39,-2,-42,-4,-33,-6,-32,-11,-35,-13,-34,-17,-31,-17,-27,-24,-29,-31,-28,-27,-22,-31,-24,-34,-27,-34,-24,-42,-27,-44,-21,-45,-26,-48,-26,-51,-23,-51,-26,-57,-24,-51,-30,-59,-34,-55,-30,-60,-34,-57,-32,-58,-29,-58,-39,-57,-35,-56,-33,-48,-41,-47,-43,-44,-41,-43,-39,-42,-45,-39,-44,-36,-42,-35,-38,-30,-40,-30,-41,-30,-37,-26,-37,-19,-38,-14,-41,-13,-36,-3,-38,0,0,0,0,0,0,0,0,0,0,0,0,0,0,0,0,0,0,0,0,0,0,-15,52,-23,49,-24,49,-28,50,-30,45,-29,44,-29,42,-28,43,-33,39,-28,34,-29,35,-32,37,-29,34,-31,30,-30,31,-28,30,-25,32,-23,29,-19,31,-21,25,-17,27,-16,29,-11,27,-12,27,-9,28,-3,30,1,28,3,26,-1,22,9,29,8,27,11,27,14,26,21,22,21,25,26,26,27,24,33,26,33,22,42,20,41,25,47,22,52,27,56,24,57,20,58,23,60,21,68,19,68,18,70,22,74,28,77,28,80,35,76,28,78,44,78,36,77,41,0,0]"
CSI_DATA,80,1a:00:00:00:00:00,-44,11,1,0,1,1,1,0,0,0,1,-97,0,11,2,1350321,0,44,0,384,0,"[0,0,0,0,0,0,0,0,0,0,0,0,9,6,9,5,9,5,9,5,8,4,8,4,8,2,7,2,7,1,7,0,7,0,7,-1,7,-1,7,-2,7,-2,7,-4,7,-4,7,-4,6,-5,7,-5,7,-5,7,-6,7,-6,7,-7,8,-8,8,-8,0,0,8,-8,9,-8,9,-9,9,-9,9,-8,10,-8,10,-8,10,-7,11,-7,11,-6,10,-6,10,-5,10,-5,10,-4,10,-3,10,-4,10,-3,9,-2,9,-2,8,-1,8,0,8,0,7,0,6,1,6,1,5,2,0,0,0,0,0,0,0,0,0,0,0,0,0,0,63,51,53,46,59,45,52,41,47,37,53,37,44,26,48,30,40,22,45,22,40,15,40,16,44,6,39,8,39,0,37,-5,44,-4,40,-10,41,-12,35,-15,40,-21,42,-17,38,-24,38,-27,36,-27,39,-30,38,-30,43,-37,40,-38,44,-42,44,-40,49,-47,45,-41,51,-45,43,-44,56,-43,53,-46,56,-45,59,-38,57,-38,55,-32,61,-33,58,-30,60,-25,57,-25,59,-17,58,-18,48,-17,54,-16,53,-13,48,-6,48,-4,43,-2,41,2,39,8,40,6,34,14,0,0,0,0,0,0,0,0,0,0,0,0,0,0,0,0,0,0,0,0,0,0,-50,-17,-48,-25,-44,-24,-43,-28,-41,-30,-36,-34,-34,-35,-32,-31,-35,-34,-30,-31,-28,-33,-28,-32,-27,-30,-25,-25,-23,-26,-21,-23,-24,-19,-21,-17,-22,-18,-24,-17,-24,-11,-19,-8,-20,-11,-20,0,-23,-4,-21,5,-19,2,-23,9,-23,9,-25,11,-21,9,-25,20,-23,18,-22,25,-24,28,-25,29,-21,30,-21,34,-18,42,-22,45,-24,43,-21,48,-27,54,-26,54,-25,60,-20,61,-29,65,-30,67,-30,72,-34,74,-36,75,-39,75,-46,82,-39,70,-48,80,-45,81,-52,70,0,0]"
CSI_DATA,81,1a:00:00:00:00:00,-44,11,1,0,1,1,1,0,0,0,1,-96,0,11,2,1360186,0,44,0,384,0,"[0,0,0,0,0,0,0,0,0,0,0,0,-8,-10,-7,-8,-7,-7,-7,-7,-7,-7,-7,-6,-7,-5,-7,-4,-7,-4,-8,-3,-7,-2,-8,-2,-8,-1,-8,0,-8,0,-9,0,-9,1,-9,1,-9,2,-9,3,-9,3,-9,3,-10,4,-10,4,-11,5,-11,5,0,0,-11,5,-12,5,-12,5,-13,6,-12,4,-13,4,-13,5,-13,4,-13,4,-13,3,-13,2,-12,2,-12,1,-11,1,-11,0,-11,0,-11,0,-10,-1,-10,-1,-10,-1,-9,-2,-9,-2,-8,-3,-8,-3,-7,-3,-5,-3,0,0,0,0,0,0,0,0,0,0,0,0,0,0,-33,-58,-34,-62,-37,-57,-33,-52,-35,-47,-35,-44,-32,-39,-32,-34,-38,-28,-36,-29,-38,-25,-37,-24,-37,-17,-41,-15,-40,-10,-36,-5,-44,-6,-41,2,-41,1,-41,5,-44,9,-47,8,-43,14,-47,19,-50,16,-51,19,-51,23,-55,30,-54,20,-56,29,-56,27,-62,31,-57,30,-59,32,-62,34,-68,27,-65,27,-69,25,-67,21,-67,22,-71,19,-67,12,-66,13,-61,13,-59,10,-67,10,-62,2,-58,5,-54,0,-55,-5,-50,-6,-49,-7,-44,-8,-44,-12,-36,-10,-34,-13,-31,-18,0,0,0,0,0,0,0,0,0,0,0,0,0,0,0,0,0,0,0,0,0,0,24,50,15,53,14,50,7,54,0,52,0,47,-4,45,-5,47,-6,47,-7,45,-9,41,-8,38,-8,38,-9,32,-11,30,-5,29,-5,26,-7,21,-3,21,-3,15,-2,15,3,9,4,13,6,10,8,5,9,5,11,2,9,0,11,-1,11,-7,15,-6,24,-9,17,-7,19,-10,24,-14,26,-21,26,-20,26,-24,29,-26,29,-34,31,-35,36,-36,36,-34,43,-37,38,-42,43,-49,44,-50,46,-48,48,-53,59,-51,59,-53,59,-56,62,-54,64,-55,65,-60,63,-53,71,-50,0,0]"
CSI_DATA,82,1a:00:00:00:00:00,-44,11,1,0,1,1,1,0,0,0,1,-96,0,11,2,1370119,0,44,0,384,0,"[0,0,0,0,0,0,0,0,0,0,0,0,-9,-5,-9,-4,-9,-3,-9,-3,-8,-3,-8,-2,-8,-1,-8,0,-8,1,-7,1,-7,1,-7,3,-7,3,-7,4,-7,4,-6,6,-6,6,-6,6,-6,6,-6,8,-6,7,-6,9,-6,8,-6,10,-7,10,-6,10,0,0,-6,11,-7,12,-7,12,-7,12,-7,12,-7,12,-7,12,-8,11,-8,11,-9,10,-9,10,-9,9,-9,8,-9,9,-9,8,-9,7,-9,7,-8,6,-8,5,-8,5,-8,4,-8,4,-8,3,-8,2,-8,2,-7,1,0,0,0,0,0,0,0,0,0,0,0,0,0,0,-55,-41,-47,-39,-47,-32,-41,-33,-47,-28,-45,-29,-40,-20,-43,-17,-42,-10,-35,-12,-42,-6,-35,-1,-36,4,-37,6,-32,8,-34,15,-35,21,-33,21,-33,24,-34,26,-33,33,-33,30,-31,37,-30,41,-27,40,-28,46,-32,48,-27,53,-28,53,-31,60,-34,56,-33,64,-33,61,-37,63,-35,63,-45,63,-41,63,-36,65,-43,64,-44,60,-38,60,-46,57,-49,50,-49,52,-44,49,-48,51,-46,43,-45,44,-46,36,-47,35,-41,33,-40,29,-40,24,-38,19,-37,22,-38,14,-40,8,0,0,0,0,0,0,0,0,0,0,0,0,0,0,0,0,0,0,0,0,0,0,10,65,9,63,0,64,-1,62,-4,58,-10,59,-10,54,-14,54,-16,56,-19,49,-20,53,-16,48,-20,44,-17,43,-18,41,-20,37,-17,40,-18,34,-16,32,-15,23,-11,15,-12,14,-12,14,-6,15,-7,10,-6,12,3,7,-2,5,5,0,0,-1,4,-7,11,-3,12,-10,12,-11,14,-16,12,-14,14,-22,18,-21,25,-35,20,-36,19,-38,22,-41,22,-43,24,-44,25,-44,24,-52,24,-50,24,-55,30,-55,31,-60,36,-61,39,-62,43,-64,41,-60,44,-63,41,-63,49,-65,0,0]"
CSI_DATA,83,1a:00:00:00:00:00,-45,11,1,0,1,1,1,0,0,0,1,-96,0,11,2,1380707,0,44,0,384,0,"[0,0,0,0,0,0,0,0,0,0,0,0,9,-2,7,-3,7,-3,7,-3,6,-3,5,-4,4,-5,4,-5,3,-5,2,-6,2,-6,1,-7,1,-6,0,-7,-1,-7,-1,-8,-2,-8,-2,-8,-3,-8,-3,-9,-3,-9,-4,-9,-5,-9,-6,-10,-6,-11,-6,-11,0,0,-7,-11,-7,-12,-7,-13,-7,-12,-7,-13,-6,-13,-7,-13,-6,-13,-6,-13,-5,-13,-5,-14,-4,-13,-3,-12,-3,-12,-3,-12,-3,-12,-2,-12,-2,-11,-2,-11,-1,-10,0,-10,0,-9,0,-9,1,-8,1,-8,1,-6,0,0,0,0,0,0,0,0,0,0,0,0,0,0,59,-9,60,-12,49,-11,46,-16,47,-14,39,-14,42,-13,35,-22,31,-20,21,-19,24,-21,15,-25,18,-28,15,-27,10,-30,2,-33,4,-36,-2,-36,-1,-36,-2,-40,-11,-42,-12,-41,-18,-39,-21,-44,-19,-45,-28,-51,-24,-51,-27,-48,-30,-57,-36,-57,-31,-57,-36,-61,-42,-61,-40,-62,-37,-62,-36,-67,-40,-65,-36,-62,-36,-70,-32,-71,-25,-69,-30,-69,-24,-69,-24,-71,-22,-62,-20,-67,-13,-62,-17,-63,-11,-54,-11,-56,-8,-51,-7,-49,-4,-48,2,-49,6,-44,12,-41,13,-34,0,0,0,0,0,0,0,0,0,0,0,0,0,0,0,0,0,0,0,0,0,0,-57,-41,-47,-48,-49,-48,-40,-52,-40,-59,-37,-54,-34,-52,-31,-56,-35,-59,-27,-59,-21,-56,-21,-54,-22,-54,-15,-56,-18,-49,-15,-47,-17,-46,-9,-42,-12,-38,-8,-34,-11,-33,-15,-32,-7,-27,-5,-28,-13,-21,-7,-16,-1,-14,-4,-12,-4,-7,-7,-6,-7,-3,-4,1,-4,4,-4,8,-4,12,0,12,0,18,3,21,4,24,7,28,6,31,10,36,8,35,13,37,11,38,19,49,11,50,19,49,20,52,20,62,17,59,23,63,19,70,18,65,14,73,18,70,13,68,0,0]"
CSI_DATA,84,1a:00:00:00:00:00,-45,11,1,0,1,1,1,0,0,0,1,-96,0,11,2,1401166,0,44,0,384,0,"[0,0,0,0,0,0,0,0,0,0,0,0,9,-3,8,-3,8,-3,7,-3,6,-3,6,-3,5,-4,4,-4,4,-5,3,-5,3,-5,2,-6,2,-6,1,-6,1,-6,0,-8,-1,-7,-1,-8,-1,-8,-2,-8,-2,-8,-3,-9,-3,-9,-4,-10,-4,-10,-5,-10,0,0,-5,-11,-5,-12,-5,-12,-5,-12,-4,-12,-4,-13,-4,-13,-4,-13,-4,-13,-3,-13,-3,-13,-2,-12,-1,-12,-1,-11,-1,-11,-1,-11,0,-11,0,-10,0,-10,0,-9,1,-9,1,-8,2,-8,2,-7,2,-7,2,-5,0,0,0,0,0,0,0,0,0,0,0,0,0,0,65,-9,63,-10,53,-15,48,-11,52,-15,45,-11,44,-15,39,-18,38,-22,31,-19,28,-23,22,-21,24,-28,23,-30,13,-28,6,-35,7,-31,1,-33,5,-34,1,-40,-4,-38,-7,-39,-14,-32,-11,-44,-13,-41,-20,-47,-22,-49,-28,-50,-21,-51,-30,-54,-29,-54,-32,-56,-29,-63,-33,-53,-36,-61,-29,-63,-31,-62,-30,-66,-28,-69,-27,-68,-22,-69,-17,-69,-18,-68,-24,-69,-14,-62,-15,-66,-8,-58,-12,-63,-7,-52,-3,-52,0,-53,-1,-52,2,-50,5,-48,9,-47,10,-38,13,-32,0,0,0,0,0,0,0,0,0,0,0,0,0,0,0,0,0,0,0,0,0,0,-69,-28,-62,-33,-61,-38,-59,-39,-58,-45,-49,-44,-49,-45,-47,-47,-46,-53,-48,-51,-39,-51,-38,-48,-41,-50,-32,-50,-32,-45,-31,-48,-31,-37,-24,-41,-24,-34,-25,-36,-20,-33,-22,-31,-18,-30,-19,-24,-18,-22,-14,-16,-15,-19,-15,-14,-17,-9,-12,-4,-8,-1,-8,1,-8,2,-7,1,-5,8,-4,16,-2,16,1,19,0,20,3,27,7,27,7,35,10,37,12,40,11,37,12,48,11,43,17,46,18,56,23,62,21,61,24,59,15,67,20,65,21,75,15,68,13,73,0,0]"
CSI_DATA,85,1a:00:00:00:00:00,-44,11,1,0,1,1,1,0,0,0,1,-96,0,11,2,1430415,0,44,0,384,0,"[0,0,0,0,0,0,0,0,0,0,0,0,10,-2,9,-2,8,-3,8,-3,7,-4,7,-3,6,-4,5,-5,4,-5,4,-5,4,-5,3,-6,2,-6,2,-6,1,-7,1,-8,0,-7,0,-8,-1,-8,-1,-8,-2,-9,-2,-9,-2,-9,-3,-10,-2,-11,-3,-10,0,0,-3,-11,-4,-12,-4,-13,-4,-13,-3,-13,-3,-13,-3,-14,-3,-13,-2,-13,-2,-13,-1,-13,0,-13,0,-12,0,-12,0,-12,0,-11,1,-11,1,-10,2,-10,2,-10,2,-9,2,-8,3,-8,3,-7,4,-6,4,-5,0,0,0,0,0,0,0,0,0,0,0,0,0,0,63,-15,61,-14,60,-17,49,-17,49,-17,47,-18,44,-20,45,-23,39,-23,31,-25,31,-28,21,-22,23,-29,16,-29,19,-28,11,-35,13,-35,8,-37,6,-32,2,-36,-7,-39,-2,-39,-9,-42,-14,-40,-15,-42,-15,-48,-17,-44,-23,-50,-21,-52,-28,-53,-22,-50,-27,-60,-27,-55,-29,-64,-29,-60,-27,-67,-30,-67,-26,-67,-23,-68,-23,-67,-19,-63,-13,-69,-15,-71,-12,-69,-9,-65,-7,-62,-3,-62,-2,-59,-1,-56,0,-54,3,-49,1,-49,5,-45,11,-43,12,-44,18,-36,17,-31,0,0,0,0,0,0,0,0,0,0,0,0,0,0,0,0,0,0,0,0,0,0,-70,0,-70,-9,-71,-8,-71,-16,-64,-22,-66,-26,-58,-24,-57,-28,-60,-28,-57,-26,-51,-35,-52,-29,-53,-32,-46,-34,-44,-32,-41,-32,-40,-33,-36,-28,-35,-29,-33,-24,-33,-26,-31,-23,-24,-20,-29,-17,-22,-14,-21,-13,-18,-8,-18,-7,-14,-6,-12,-4,-10,1,-8,8,-9,8,-6,12,-4,16,0,18,0,15,1,21,1,22,5,26,6,27,13,31,14,38,18,40,18,39,25,39,25,42,26,51,26,53,27,56,28,60,25,59,25,68,25,60,29,77,27,76,26,68,0,0]"
CSI_DATA,86,1a:00:00:00:00:00,-44,11,1,0,1,1,1,0,0,0,1,-96,0,11,2,1441024,0,44,0,384,0,"[0,0,0,0,0,0,0,0,0,0,0,0,-10,3,-9,3,-9,4,-8,4,-8,4,-7,3,-6,4,-5,4,-5,4,-4,4,-4,5,-3,5,-2,5,-2,5,-1,6,-1,6,0,7,0,7,1,7,1,7,2,7,3,7,2,8,4,8,4,8,4,9,0,0,5,9,5,10,5,10,5,10,5,10,5,11,5,11,4,11,4,12,3,11,3,11,3,11,2,11,2,11,1,11,1,10,1,10,1,9,0,9,0,9,-1,8,-2,8,-2,7,-3,7,-3,6,-3,5,0,0,0,0,0,0,0,0,0,0,0,0,0,0,-71,6,-66,8,-64,19,-55,10,-52,14,-51,13,-49,15,-48,15,-42,18,-36,19,-34,19,-27,17,-26,26,-25,22,-22,23,-15,28,-19,32,-8,32,-9,30,-6,32,-2,37,1,39,6,37,6,39,8,39,7,43,12,46,15,48,16,52,23,51,24,53,25,57,25,59,25,59,24,60,20,59,22,63,26,66,15,68,16,64,15,62,9,68,9,67,8,65,4,61,5,60,2,60,2,57,0,52,-3,52,-6,49,-7,49,-8,47,-15,47,-14,36,-16,36,-18,31,0,0,0,0,0,0,0,0,0,0,0,0,0,0,0,0,0,0,0,0,0,0,68,13,64,23,68,22,62,25,66,36,54,33,54,34,50,37,51,40,49,41,45,43,41,40,50,42,39,38,37,38,34,35,32,34,32,38,30,37,25,28,26,27,23,30,20,23,21,21,18,22,17,13,15,12,13,6,13,3,15,1,9,-2,9,-4,11,-5,6,-10,4,-12,0,-17,-1,-19,-3,-23,-4,-26,-4,-32,-3,-30,-8,-39,-8,-37,-13,-41,-10,-46,-21,-45,-15,-45,-18,-52,-16,-55,-19,-60,-18,-62,-24,-65,-21,-70,-20,-71,-22,-75,-18,-79,-16,-71,0,0]"
CSI_DATA,87,1a:00:00:00:00:00,-44,11,1,0,1,1,1,0,0,0,1,-96,0,11,2,1450148,0,44,0,384,0,"[0,0,0,0,0,0,0,0,0,0,0,0,7,7,6,6,6,6,6,6,6,5,5,4,6,4,5,3,6,2,5,1,6,1,6,0,6,-1,6,-1,6,-1,6,-3,6,-3,6,-3,6,-4,6,-4,6,-5,6,-5,6,-6,6,-7,7,-7,7,-8,0,0,7,-8,7,-8,8,-9,8,-9,8,-8,8,-8,9,-8,9,-8,9,-8,9,-7,10,-7,9,-6,9,-6,9,-5,9,-5,9,-5,9,-5,8,-4,9,-3,8,-3,8,-2,7,-2,7,-2,7,-1,6,0,5,0,0,0,0,0,0,0,0,0,0,0,0,0,0,0,36,62,33,52,35,56,29,56,36,48,33,44,31,35,28,39,30,30,32,31,36,27,31,21,30,18,32,12,32,10,34,9,36,3,33,0,29,-3,36,-9,36,-9,37,-10,32,-15,38,-21,37,-21,41,-23,44,-30,45,-33,43,-35,47,-40,44,-37,45,-37,43,-40,53,-45,49,-40,55,-46,59,-43,53,-42,57,-39,56,-37,53,-37,62,-32,59,-31,60,-29,60,-27,59,-27,60,-21,53,-21,58,-23,56,-13,51,-15,50,-10,47,-8,43,-4,44,2,40,0,33,8,0,0,0,0,0,0,0,0,0,0,0,0,0,0,0,0,0,0,0,0,0,0,-16,-72,-10,-75,-7,-74,-1,-75,2,-74,9,-73,9,-67,13,-72,12,-68,18,-65,19,-60,19,-64,19,-60,23,-56,27,-50,23,-54,22,-52,25,-37,18,-41,18,-42,16,-35,15,-34,14,-31,11,-33,7,-24,9,-22,10,-20,1,-19,1,-11,-3,-13,-6,-9,-8,-9,-9,-4,-14,-1,-12,-3,-17,6,-20,6,-23,7,-17,10,-24,14,-28,16,-29,21,-35,23,-36,25,-34,28,-42,38,-38,33,-39,40,-43,38,-53,42,-50,48,-57,45,-61,49,-54,46,-65,47,-62,51,-65,43,0,0]"
CSI_DATA,88,1a:00:00:00:00:00,-44,11,1,0,1,1,1,0,0,0,1,-96,0,11,2,1460112,0,44,0,384,0,"[0,0,0,0,0,0,0,0,0,0,0,0,0,10,1,10,2,9,1,9,2,8,2,7,2,7,2,6,3,6,3,5,4,5,4,4,5,4,5,3,5,3,6,3,6,2,6,2,7,1,7,1,7,1,8,0,8,1,9,0,9,0,10,0,0,0,11,0,11,0,11,0,11,-1,11,1,11,1,11,1,11,1,12,2,11,2,11,3,10,3,10,3,10,4,9,4,9,4,8,4,8,4,7,5,7,4,6,5,5,5,5,5,5,5,3,5,2,5,0,0,0,0,0,0,0,0,0,0,0,0,0,0,6,67,5,60,12,58,10,61,12,57,14,50,14,47,15,45,16,39,18,38,18,40,16,34,21,27,22,23,22,29,27,21,30,16,28,15,28,16,35,12,40,8,33,8,40,3,43,3,43,0,44,2,47,-3,49,-6,53,-6,54,-8,57,-7,60,-8,57,-7,61,-8,59,-8,65,-1,65,-4,65,-2,69,3,65,0,60,1,66,7,60,10,62,10,56,15,58,11,56,13,49,16,52,16,46,17,43,20,40,22,38,23,31,27,29,26,28,24,22,25,0,0,0,0,0,0,0,0,0,0,0,0,0,0,0,0,0,0,0,0,0,0,-16,-73,-2,-72,6,-73,9,-72,16,-72,14,-68,17,-64,23,-63,26,-64,26,-61,28,-59,26,-56,29,-60,34,-55,34,-47,29,-43,26,-44,31,-37,28,-35,25,-34,26,-25,24,-32,21,-27,17,-23,14,-24,8,-26,10,-17,11,-16,6,-13,6,-16,0,-9,-3,-8,-9,-6,-10,-3,-11,-5,-14,-2,-21,2,-24,2,-24,5,-26,8,-28,9,-34,9,-36,12,-37,14,-44,19,-44,21,-43,24,-52,22,-54,20,-57,26,-58,21,-63,28,-70,21,-63,21,-72,21,-75,20,-69,20,0,0]"
CSI_DATA,89,1a:00:00:00:00:00,-45,11,1,0,1,1,1,0,0,0,1,-96,0,11,2,1470774,0,44,0,384,0,"[0,0,0,0,0,0,0,0,0,0,0,0,10,-1,9,-2,9,-2,9,-2,8,-2,7,-2,7,-3,6,-3,7,-4,6,-4,5,-5,5,-5,5,-5,4,-6,4,-6,3,-7,3,-7,3,-7,2,-7,2,-8,2,-8,1,-9,1,-9,1,-10,1,-10,1,-11,0,0,1,-11,1,-12,2,-12,2,-12,2,-12,2,-12,2,-12,3,-11,3,-12,4,-11,4,-11,5,-10,5,-10,5,-9,5,-9,5,-9,5,-8,5,-7,5,-7,5,-7,5,-6,5,-5,5,-5,5,-4,5,-3,5,-3,0,0,0,0,0,0,0,0,0,0,0,0,0,0,69,29,62,19,59,15,57,17,51,17,50,16,47,10,50,7,44,5,41,3,40,-1,37,-3,39,-8,37,-9,35,-6,33,-17,32,-19,29,-20,29,-20,29,-24,24,-29,30,-27,21,-30,25,-33,22,-33,24,-42,21,-44,21,-44,20,-47,24,-51,21,-51,20,-52,25,-51,22,-53,24,-55,31,-56,28,-57,34,-59,36,-57,36,-51,35,-49,38,-53,39,-49,38,-47,38,-44,39,-39,37,-35,37,-37,38,-32,37,-27,36,-25,40,-21,35,-17,38,-16,38,-13,35,-5,30,-3,0,0,0,0,0,0,0,0,0,0,0,0,0,0,0,0,0,0,0,0,0,0,-72,-25,-67,-30,-64,-32,-65,-40,-58,-46,-56,-47,-50,-48,-45,-50,-46,-55,-47,-52,-42,-53,-36,-51,-40,-55,-32,-54,-27,-52,-26,-53,-26,-47,-18,-48,-23,-40,-18,-44,-19,-38,-16,-39,-17,-34,-14,-31,-15,-28,-14,-23,-14,-20,-10,-19,-10,-14,-11,-9,-5,-7,-11,-3,-7,-2,-7,2,-7,7,-7,10,-7,13,-8,23,-7,21,-5,27,-8,27,-7,34,-6,36,-8,41,-3,43,-6,42,-7,48,-7,48,-7,58,-9,64,-10,63,-6,67,-14,68,-13,67,-10,74,-16,75,-18,72,0,0]"
CSI_DATA,90,1a:00:00:00:00:00,-45,11,1,0,1,1,1,0,0,0,1,-96,0,11,2,1480801,0,44,0,384,0,"[0,0,0,0,0,0,0,0,0,0,0,0,-10,4,-10,3,-9,4,-9,3,-8,4,-8,4,-7,4,-7,4,-6,4,-6,4,-5,5,-5,5,-4,5,-3,6,-3,6,-2,6,-2,7,-2,6,-1,7,-1,7,-1,7,0,8,-1,8,0,9,0,9,0,9,0,0,1,10,0,10,0,11,1,10,0,11,-1,11,-1,11,-1,11,-1,11,-2,10,-2,11,-3,10,-3,10,-3,9,-3,9,-3,9,-4,8,-4,8,-4,7,-4,7,-5,6,-5,6,-5,5,-5,4,-5,3,-5,3,0,0,0,0,0,0,0,0,0,0,0,0,0,0,-70,14,-65,12,-66,18,-63,11,-55,17,-56,16,-49,14,-52,20,-46,18,-45,17,-40,22,-34,22,-31,23,-30,27,-29,23,-25,27,-26,34,-18,31,-20,39,-15,32,-15,40,-11,38,-7,42,-11,42,-7,41,-6,48,-2,46,-1,51,-1,51,0,56,2,56,0,63,-2,56,1,64,1,60,-4,68,-7,64,-6,66,-12,62,-11,62,-9,59,-17,56,-16,57,-17,60,-19,54,-23,52,-27,47,-23,48,-21,46,-21,38,-27,41,-29,33,-27,33,-29,25,-28,28,-24,22,-25,16,0,0,0,0,0,0,0,0,0,0,0,0,0,0,0,0,0,0,0,0,0,0,69,-31,70,-20,73,-17,77,-11,74,-5,78,-1,72,2,71,7,74,11,65,12,69,16,63,14,68,16,64,22,60,20,53,22,54,22,46,25,51,24,45,20,41,19,40,19,32,17,33,17,30,17,28,11,18,10,19,10,19,4,16,-2,12,1,10,-7,11,-8,7,-9,-1,-15,3,-17,-2,-16,-5,-19,-7,-22,-11,-28,-5,-30,-16,-33,-15,-39,-16,-39,-17,-41,-22,-38,-23,-45,-27,-47,-25,-53,-22,-56,-30,-56,-30,-61,-28,-70,-26,-65,-30,-71,-27,-73,-21,-71,0,0]"
CSI_DATA,91,1a:00:00:00:00:00,-45,11,1,0,1,1,1,0,0,0,1,-96,0,11,2,1491424,0,44,0,384,0,"[0,0,0,0,0,0,0,0,0,0,0,0,10,-2,10,-2,9,-3,10,-2,8,-3,8,-3,7,-4,6,-4,6,-4,5,-4,6,-4,5,-5,5,-6,4,-6,4,-6,3,-7,3,-7,3,-7,2,-7,2,-8,2,-8,2,-9,2,-9,1,-10,2,-10,1,-10,0,0,2,-11,2,-11,2,-12,2,-12,2,-12,2,-12,2,-12,3,-11,3,-11,4,-11,4,-11,5,-10,5,-10,4,-9,5,-8,5,-8,5,-8,5,-8,5,-7,5,-6,5,-6,5,-5,5,-4,5,-3,5,-3,5,-2,0,0,0,0,0,0,0,0,0,0,0,0,0,0,68,4,69,5,67,-8,61,0,55,0,52,-5,55,-1,52,-7,51,-6,45,-13,44,-12,38,-12,38,-18,36,-19,36,-15,25,-23,29,-28,25,-30,26,-29,19,-34,23,-34,19,-36,14,-36,19,-41,20,-37,21,-46,13,-45,11,-51,16,-52,15,-54,13,-53,14,-58,17,-59,16,-58,17,-60,20,-59,21,-60,24,-62,34,-59,28,-58,26,-56,30,-57,31,-55,29,-54,30,-47,35,-44,34,-41,34,-40,28,-33,36,-31,31,-29,32,-27,31,-25,34,-21,31,-19,29,-10,32,-9,0,0,0,0,0,0,0,0,0,0,0,0,0,0,0,0,0,0,0,0,0,0,-75,14,-75,2,-76,1,-76,-6,-75,-14,-74,-16,-67,-21,-65,-28,-67,-26,-69,-28,-63,-26,-61,-27,-61,-27,-60,-28,-53,-32,-50,-32,-52,-30,-47,-31,-42,-28,-39,-32,-36,-29,-33,-32,-32,-27,-34,-20,-29,-19,-25,-13,-24,-17,-22,-7,-19,-8,-20,-2,-13,-2,-15,-1,-14,3,-10,6,-11,13,-6,17,-3,15,-5,23,-7,22,-1,25,-2,31,3,31,5,35,4,41,2,43,10,45,6,46,6,49,10,57,12,62,9,64,13,62,6,69,4,66,8,71,7,70,1,72,0,0]"
CSI_DATA,92,1a:00:00:00:00:00,-45,11,1,0,1,1,1,0,0,0,1,-96,0,11,2,1500125,0,44,0,384,0,"[0,0,0,0,0,0,0,0,0,0,0,0,-11,1,-10,1,-10,1,-10,1,-9,2,-8,1,-8,3,-7,3,-7,3,-7,3,-6,3,-6,4,-6,5,-5,5,-5,5,-5,6,-4,6,-4,6,-3,6,-3,7,-3,7,-3,7,-2,7,-2,8,-2,9,-2,9,0,0,-2,9,-3,10,-3,10,-3,10,-3,10,-3,11,-3,11,-4,11,-4,10,-5,10,-5,9,-5,9,-5,8,-5,8,-6,7,-6,7,-6,7,-6,6,-6,6,-6,5,-6,4,-6,4,-6,3,-6,3,-6,2,-5,1,0,0,0,0,0,0,0,0,0,0,0,0,0,0,-71,3,-66,2,-64,8,-62,7,-59,9,-51,8,-52,8,-51,12,-45,13,-41,13,-40,16,-37,15,-36,20,-34,19,-31,19,-29,23,-31,28,-28,28,-28,29,-21,34,-18,40,-16,38,-11,38,-14,41,-14,43,-14,47,-11,44,-8,47,-11,48,-4,55,-13,56,-12,57,-12,56,-11,59,-8,61,-18,61,-18,64,-13,62,-22,62,-24,59,-28,56,-29,55,-29,53,-28,50,-26,51,-29,43,-27,42,-31,42,-29,35,-31,33,-34,28,-33,28,-29,26,-36,20,-30,16,-27,13,-29,6,0,0,0,0,0,0,0,0,0,0,0,0,0,0,0,0,0,0,0,0,0,0,68,-29,69,-20,73,-15,75,-9,74,-1,67,1,67,5,71,9,75,8,70,11,68,16,62,17,68,13,65,18,57,22,53,21,54,17,44,25,47,20,45,22,44,19,41,18,33,18,32,17,28,17,30,11,23,10,22,5,21,6,16,-4,12,-2,15,-7,13,-8,9,-11,10,-14,8,-18,4,-17,3,-22,-1,-24,-2,-28,-3,-31,-5,-34,-7,-37,-10,-43,-7,-42,-11,-38,-13,-47,-20,-49,-17,-57,-20,-61,-15,-62,-21,-66,-17,-67,-18,-69,-15,-74,-19,-77,-16,-72,0,0]"
CSI_DATA,93,1a:00:00:00:00:00,-45,11,1,0,1,1,1,0,0,0,1,-96,0,11,2,1511565,0,44,0,384,0,"[0,0,0,0,0,0,0,0,0,0,0,0,-4,10,-3,9,-3,9,-3,9,-2,8,-2,8,-2,8,-1,7,0,7,0,6,1,6,1,7,2,6,2,6,3,6,4,6,4,5,4,5,5,5,6,4,6,5,6,5,6,4,7,5,8,5,8,5,0,0,9,5,9,5,9,6,9,6,9,6,9,6,9,7,9,7,9,7,8,8,8,8,6,8,6,8,6,8,5,7,5,8,5,7,4,7,4,7,3,6,2,7,2,6,1,6,0,6,0,6,-1,5,0,0,0,0,0,0,0,0,0,0,0,0,0,0,-33,60,-38,57,-22,57,-20,54,-19,62,-19,50,-22,51,-13,48,-15,48,-9,42,-4,45,0,44,3,41,1,41,2,41,12,40,14,37,16,30,20,30,22,31,24,34,24,29,28,22,31,30,33,31,39,32,41,29,44,26,44,31,50,27,47,30,54,27,54,32,52,34,59,33,50,36,53,39,55,38,50,45,50,46,45,41,47,44,42,52,40,47,32,44,38,46,35,38,32,47,25,39,24,40,18,39,19,39,16,39,5,38,7,35,3,36,2,28,0,0,0,0,0,0,0,0,0,0,0,0,0,0,0,0,0,0,0,0,0,0,29,-72,35,-61,42,-65,44,-62,50,-56,52,-50,47,-49,56,-46,61,-48,63,-44,60,-43,52,-34,60,-37,56,-28,55,-26,51,-31,50,-35,52,-29,47,-18,42,-21,44,-21,38,-20,35,-16,31,-16,29,-16,22,-19,22,-17,11,-13,19,-14,8,-17,6,-12,5,-21,2,-13,-4,-14,-7,-16,-12,-14,-17,-17,-19,-15,-21,-14,-28,-16,-26,-20,-35,-16,-40,-19,-42,-18,-43,-16,-50,-11,-56,-19,-57,-16,-51,-19,-62,-20,-62,-23,-67,-21,-70,-25,-70,-31,-71,-29,-63,-28,-74,-35,0,0]"
CSI_DATA,94,1a:00:00:00:00:00,-45,11,1,0,1,1,1,0,0,0,1,-96,0,11,2,1520257,0,44,0,384,0,"[0,0,0,0,0,0,0,0,0,0,0,0,0,-11,-1,-10,-1,-10,-2,-10,-2,-9,-2,-8,-3,-8,-3,-7,-3,-7,-4,-6,-4,-7,-5,-6,-5,-6,-5,-5,-6,-4,-7,-4,-7,-4,-7,-4,-7,-3,-8,-3,-8,-2,-8,-2,-9,-3,-10,-2,-10,-2,-10,-2,0,0,-11,-2,-11,-2,-12,-2,-12,-2,-12,-3,-12,-3,-12,-3,-12,-4,-12,-4,-11,-5,-11,-5,-10,-6,-9,-6,-9,-6,-9,-6,-9,-6,-9,-6,-7,-6,-7,-6,-7,-6,-6,-6,-5,-6,-5,-6,-4,-6,-3,-6,-2,-5,0,0,0,0,0,0,0,0,0,0,0,0,0,0,-3,-67,1,-61,-5,-58,-2,-56,-7,-58,-2,-47,-11,-49,-9,-46,-10,-44,-13,-42,-17,-40,-17,-35,-17,-40,-19,-32,-20,-29,-23,-27,-27,-24,-29,-21,-30,-15,-34,-18,-37,-15,-39,-14,-37,-3,-46,-5,-38,-9,-43,-4,-45,-4,-52,-5,-52,-2,-58,-3,-53,-5,-61,-1,-57,-5,-61,0,-60,1,-66,-6,-62,-5,-65,-8,-62,-10,-66,-10,-67,-9,-60,-17,-57,-17,-61,-21,-51,-19,-55,-24,-50,-21,-50,-23,-40,-24,-38,-24,-38,-19,-36,-21,-30,-25,-26,-25,-19,-26,-21,-27,-18,-24,0,0,0,0,0,0,0,0,0,0,0,0,0,0,0,0,0,0,0,0,0,0,2,71,-5,69,-10,72,-16,71,-22,67,-23,64,-19,61,-24,64,-29,65,-25,63,-35,56,-29,54,-34,60,-38,51,-36,43,-31,47,-30,46,-32,43,-30,37,-31,38,-26,32,-27,33,-24,30,-19,24,-22,22,-16,21,-8,15,-7,18,-8,15,-4,15,-1,11,2,13,9,9,11,8,17,10,20,8,21,6,23,4,26,4,29,1,36,-2,37,-2,37,-3,40,-6,46,-5,47,-11,48,-5,55,-15,56,-11,62,-11,64,-12,60,-12,68,-9,72,-10,75,-7,75,-5,75,-9,0,0]"
CSI_DATA,95,1a:00:00:00:00:00,-45,11,1,0,1,1,1,0,0,0,1,-96,0,11,2,1530700,0,44,0,384,0,"[0,0,0,0,0,0,0,0,0,0,0,0,-7,8,-6,8,-5,7,-5,8,-4,7,-4,7,-3,7,-3,7,-2,6,-1,6,-1,7,0,6,0,6,1,6,2,6,3,6,3,6,4,5,4,6,5,6,5,5,5,6,6,6,7,6,7,6,7,6,0,0,8,6,8,7,9,7,8,7,8,8,8,8,8,8,8,8,7,9,7,9,7,9,6,9,5,9,5,9,4,9,4,9,4,8,3,8,2,8,2,7,1,7,0,7,0,6,0,6,-1,6,-1,5,0,0,0,0,0,0,0,0,0,0,0,0,0,0,-57,42,-50,37,-48,47,-45,41,-42,44,-37,38,-34,34,-35,31,-27,34,-26,34,-22,36,-16,36,-14,38,-12,34,-10,34,-3,33,-2,39,1,39,5,36,8,36,14,37,17,37,19,34,23,38,23,38,31,41,25,34,32,40,34,45,40,42,37,42,42,46,36,47,43,46,44,46,40,59,43,54,40,56,38,56,30,53,34,53,30,59,23,58,25,59,22,59,22,53,14,50,17,58,14,48,10,44,5,47,6,42,0,47,-5,39,-7,40,-4,33,-10,25,0,0,0,0,0,0,0,0,0,0,0,0,0,0,0,0,0,0,0,0,0,0,56,-47,64,-37,64,-34,65,-29,67,-27,68,-22,65,-17,65,-19,71,-18,63,-11,66,-8,64,-6,69,-5,64,-4,56,2,52,1,54,-3,50,2,49,4,46,0,45,3,41,4,33,-2,30,2,28,3,27,-3,23,-5,14,-9,13,-2,9,-7,5,-13,9,-12,2,-13,2,-16,-4,-15,-10,-20,-14,-17,-17,-25,-16,-23,-19,-28,-24,-31,-29,-33,-31,-33,-36,-36,-38,-36,-43,-32,-40,-37,-49,-38,-52,-44,-48,-41,-49,-46,-56,-43,-54,-49,-54,-51,-53,-59,-50,-54,-48,-55,0,0]"
CSI_DATA,96,1a:00:00:00:00:00,-45,11,1,0,1,1,1,0,0,0,1,-96,0,11,2,1541120,0,44,0,384,0,"[0,0,0,0,0,0,0,0,0,0,0,0,3,-11,3,-11,2,-10,2,-10,1,-9,1,-9,0,-9,-1,-8,-1,-8,-2,-7,-3,-7,-3,-7,-4,-7,-4,-6,-5,-6,-6,-6,-6,-6,-6,-5,-7,-5,-8,-6,-7,-5,-8,-5,-9,-5,-9,-4,-10,-5,-10,-5,0,0,-11,-5,-11,-6,-12,-6,-12,-5,-12,-6,-12,-7,-12,-7,-11,-7,-12,-8,-11,-8,-11,-8,-10,-8,-9,-8,-8,-8,-8,-9,-7,-9,-7,-8,-7,-8,-6,-8,-5,-7,-4,-8,-4,-8,-3,-7,-3,-7,-2,-6,-1,-6,0,0,0,0,0,0,0,0,0,0,0,0,0,0,44,-48,38,-50,39,-54,29,-46,28,-50,24,-44,23,-42,22,-43,18,-39,9,-34,9,-39,6,-37,2,-41,-2,-37,-3,-37,-5,-34,-9,-32,-15,-36,-19,-31,-18,-33,-21,-31,-22,-34,-29,-29,-34,-28,-34,-30,-37,-29,-41,-32,-46,-33,-44,-30,-50,-30,-48,-26,-50,-35,-48,-36,-53,-36,-57,-35,-59,-41,-54,-42,-53,-38,-51,-51,-51,-43,-48,-45,-42,-48,-43,-52,-42,-50,-37,-49,-33,-46,-32,-47,-31,-46,-26,-44,-23,-43,-25,-43,-14,-43,-13,-41,-12,-37,-9,-39,-4,-34,1,-32,0,0,0,0,0,0,0,0,0,0,0,0,0,0,0,0,0,0,0,0,0,0,-52,42,-53,33,-56,32,-61,30,-60,26,-62,23,-62,22,-60,17,-63,17,-60,16,-61,8,-53,9,-61,6,-58,7,-53,2,-51,4,-48,5,-45,5,-38,1,-41,-1,-41,0,-35,3,-31,4,-27,4,-22,5,-17,6,-19,4,-14,10,-9,10,-4,11,0,12,-3,16,0,14,6,13,7,14,12,19,12,22,20,19,23,20,25,21,26,23,37,22,37,25,40,27,42,27,45,20,47,25,51,31,52,27,56,31,59,36,63,31,61,37,56,39,63,42,62,40,60,43,0,0]"
CSI_DATA,97,1a:00:00:00:00:00,-45,11,1,0,1,1,1,0,0,0,1,-96,0,11,2,1561855,0,44,0,384,0,"[0,0,0,0,0,0,0,0,0,0,0,0,-1,10,0,10,1,9,1,10,1,8,1,8,2,7,2,7,3,6,3,5,4,6,4,5,5,4,5,4,6,4,6,3,7,3,7,3,8,2,8,2,8,2,9,2,9,2,10,1,10,1,11,1,0,0,11,1,12,1,12,1,12,1,12,2,12,3,12,3,12,3,12,3,12,4,11,4,10,5,10,5,9,5,9,5,8,5,8,5,7,5,6,6,6,5,5,6,5,6,4,5,3,5,2,6,1,5,0,0,0,0,0,0,0,0,0,0,0,0,0,0,-14,64,-4,66,-4,62,-4,60,-4,60,-1,52,1,47,5,46,4,43,9,43,8,42,14,40,14,41,18,35,19,30,24,28,29,27,29,22,27,19,33,21,34,20,39,20,41,14,42,17,45,15,46,16,57,14,53,4,57,12,60,10,55,13,67,9,64,13,69,12,74,12,68,17,69,16,67,20,72,22,62,20,65,23,60,25,56,30,60,29,53,29,53,32,50,30,48,35,41,28,36,27,32,32,31,35,27,35,20,34,18,31,16,30,11,27,0,0,0,0,0,0,0,0,0,0,0,0,0,0,0,0,0,0,0,0,0,0,26,-61,29,-55,33,-52,37,-51,38,-45,38,-46,36,-41,38,-35,45,-42,42,-35,42,-32,39,-33,44,-31,42,-28,42,-25,36,-21,32,-23,30,-18,28,-20,30,-16,22,-17,20,-12,19,-14,18,-12,12,-12,8,-14,6,-15,0,-10,-2,-12,-6,-9,-9,-12,-16,-11,-15,-6,-22,-8,-24,-7,-25,-5,-29,-6,-32,-8,-36,-6,-41,0,-45,-3,-49,-2,-49,-5,-50,0,-51,-3,-60,-1,-59,-7,-62,0,-67,2,-74,0,-72,2,-79,-2,-73,-4,-75,-8,-78,-5,-76,-7,-76,-6,0,0]"
CSI_DATA,98,1a:00:00:00:00:00,-45,11,1,0,1,1,1,0,0,0,1,-96,0,11,2,1570125,0,44,0,384,0,"[0,0,0,0,0,0,0,0,0,0,0,0,-10,3,-10,4,-9,3,-9,4,-8,4,-8,5,-7,5,-6,5,-5,6,-5,5,-4,6,-4,7,-3,6,-3,6,-3,7,-2,7,-1,8,0,7,0,8,0,9,0,8,1,9,1,9,2,10,2,11,2,10,0,0,3,11,3,12,2,12,3,12,2,13,2,13,2,13,1,13,0,13,0,12,0,13,-2,12,-1,11,-2,10,-2,10,-2,10,-3,10,-3,9,-3,9,-3,8,-4,7,-4,7,-4,6,-5,5,-4,4,-4,4,0,0,0,0,0,0,0,0,0,0,0,0,0,0,-67,11,-67,8,-60,16,-55,13,-57,17,-51,15,-50,19,-52,21,-41,23,-37,24,-36,27,-28,23,-29,32,-31,27,-25,36,-20,31,-19,36,-13,41,-15,40,-9,36,-4,48,-5,44,0,45,2,46,4,49,5,54,7,53,11,53,9,57,14,63,13,66,15,66,14,65,11,68,15,65,8,74,10,71,9,70,7,69,2,71,1,68,-4,66,-2,66,-6,69,-6,62,-14,57,-12,58,-16,54,-11,52,-18,50,-15,46,-17,45,-19,40,-22,33,-25,34,-26,26,-24,23,0,0,0,0,0,0,0,0,0,0,0,0,0,0,0,0,0,0,0,0,0,0,63,17,57,20,54,25,56,26,50,28,45,32,46,31,45,33,43,36,41,32,37,36,32,33,38,32,35,32,28,32,25,27,25,27,18,25,22,19,21,21,16,14,18,16,15,14,14,8,14,2,8,2,10,2,7,-5,9,-9,8,-11,6,-13,5,-16,4,-21,4,-26,3,-23,-3,-28,-1,-28,-3,-34,-1,-37,-9,-43,-10,-46,-8,-44,-10,-49,-11,-51,-16,-49,-10,-55,-20,-58,-21,-61,-18,-63,-24,-64,-17,-67,-21,-74,-20,-74,-14,-69,-16,-80,-19,-79,-15,-75,0,0]"
CSI_DATA,99,1a:00:00:00:00:00,-45,11,1,0,1,1,1,0,0,0,1,-96,0,11,2,1580293,0,44,0,384,0,"[0,0,0,0,0,0,0,0,0,0,0,0,-9,-7,-9,-6,-9,-5,-9,-5,-9,-4,-8,-4,-8,-3,-8,-2,-8,-2,-8,-1,-8,-1,-8,0,-8,0,-8,1,-8,2,-8,3,-7,3,-8,3,-7,4,-8,5,-7,5,-7,6,-8,6,-8,7,-8,7,-8,7,0,0,-9,8,-9,9,-10,9,-9,10,-9,9,-10,9,-10,8,-10,8,-11,8,-11,7,-11,7,-11,5,-11,5,-10,5,-10,4,-10,4,-10,4,-10,3,-9,2,-9,2,-9,1,-8,1,-8,0,-8,-1,-7,-2,-6,-2,0,0,0,0,0,0,0,0,0,0,0,0,0,0,-55,-40,-51,-41,-54,-31,-46,-36,-50,-37,-47,-32,-48,-27,-51,-17,-43,-15,-42,-17,-39,-15,-41,-7,-47,-8,-41,-2,-40,2,-38,6,-42,12,-40,17,-37,15,-35,18,-37,28,-37,23,-32,27,-35,30,-36,30,-39,32,-37,38,-35,43,-36,45,-40,48,-38,50,-44,51,-42,45,-46,53,-43,51,-52,49,-49,50,-55,47,-54,43,-55,42,-57,43,-56,40,-57,35,-55,35,-53,31,-54,30,-53,24,-54,26,-51,17,-50,13,-48,12,-48,10,-45,4,-43,4,-39,-1,-38,-2,-35,-4,0,0,0,0,0,0,0,0,0,0,0,0,0,0,0,0,0,0,0,0,0,0,30,51,25,50,22,53,16,54,11,55,13,54,7,48,6,51,5,53,1,48,1,48,0,47,-1,45,-1,41,-5,41,-3,40,-4,33,-3,31,3,25,-4,22,1,21,0,15,4,14,6,14,5,8,5,5,8,6,10,5,11,-3,10,-9,13,-2,20,-11,19,-13,16,-16,21,-18,24,-24,22,-24,20,-27,24,-30,28,-36,30,-35,31,-40,27,-42,31,-45,28,-44,34,-52,32,-53,34,-55,32,-62,38,-65,35,-57,38,-65,44,-65,41,-61,46,-72,41,-61,47,-64,0,0]"
CSI_DATA,100,1a:00:00:00:00:00,-45,11,1,0,1,1,1,0,0,0,1,-96,0,11,2,1590128,0,44,0,384,0,"[0,0,0,0,0,0,0,0,0,0,0,0,10,1,10,0,10,0,10,0,8,-1,8,-1,8,-2,7,-2,7,-3,6,-3,6,-4,6,-5,6,-5,5,-6,5,-6,4,-8,4,-7,4,-8,3,-8,3,-9,3,-9,2,-9,2,-10,2,-11,2,-12,2,-12,0,0,2,-13,3,-13,3,-13,3,-13,3,-13,4,-13,4,-13,4,-13,4,-13,5,-12,5,-12,5,-11,6,-11,5,-10,6,-10,6,-9,6,-9,5,-8,6,-7,6,-7,6,-6,6,-6,6,-5,6,-4,5,-3,5,-2,0,0,0,0,0,0,0,0,0,0,0,0,0,0,67,18,70,14,65,7,61,6,57,5,52,8,56,-1,48,0,47,-6,45,-4,49,-14,42,-13,40,-15,38,-19,35,-21,30,-24,31,-32,27,-33,26,-30,22,-35,21,-40,22,-42,16,-46,15,-45,16,-48,16,-53,9,-55,11,-61,11,-57,6,-63,12,-61,11,-61,15,-74,9,-70,9,-73,12,-70,18,-71,15,-70,21,-68,23,-68,28,-68,29,-68,28,-61,30,-58,30,-52,34,-57,30,-51,32,-52,32,-45,33,-39,33,-39,32,-38,34,-32,33,-28,32,-27,30,-14,29,-11,0,0,0,0,0,0,0,0,0,0,0,0,0,0,0,0,0,0,0,0,0,0,-49,-36,-43,-40,-44,-44,-38,-45,-36,-45,-34,-48,-32,-47,-28,-49,-25,-48,-23,-43,-18,-46,-20,-41,-20,-40,-13,-39,-14,-36,-12,-37,-20,-31,-11,-33,-11,-25,-12,-19,-9,-15,-10,-16,-8,-13,-10,-5,-10,-5,-9,-2,-6,1,-8,4,-18,9,-15,17,-11,13,-17,21,-19,27,-16,21,-14,29,-12,28,-16,28,-12,37,-14,40,-7,42,-13,45,-14,48,-9,49,-10,59,-4,56,-11,60,-12,60,-4,66,-8,70,-5,74,-10,77,-4,73,-9,73,-12,78,-16,81,-12,78,-14,78,0,0]"
CSI_DATA,101,1a:00:00:00:00:00,-46,11,1,0,1,1,1,0,0,0,1,-96,0,11,2,1610211,0,44,0,384,0,"[0,0,0,0,0,0,0,0,0,0,0,0,10,3,10,2,9,1,9,1,9,1,8,0,7,0,7,-1,7,-1,6,-2,6,-3,6,-4,6,-4,6,-5,5,-5,5,-6,5,-6,4,-6,4,-7,4,-7,4,-8,4,-9,3,-9,3,-10,4,-10,3,-11,0,0,4,-11,4,-11,5,-12,5,-12,5,-12,6,-12,5,-12,6,-11,6,-11,7,-10,7,-10,7,-9,7,-9,8,-8,7,-7,7,-7,7,-7,6,-6,7,-6,6,-5,6,-4,7,-4,6,-3,6,-2,6,-1,5,-1,0,0,0,0,0,0,0,0,0,0,0,0,0,0,60,52,56,47,55,37,52,38,47,36,45,35,48,31,49,27,45,20,42,17,36,11,36,6,38,9,37,5,33,1,38,-7,41,-12,34,-10,36,-15,34,-19,36,-26,37,-26,26,-30,32,-34,33,-33,32,-39,30,-39,31,-43,35,-43,33,-50,39,-50,40,-51,36,-52,40,-58,40,-55,44,-57,45,-55,46,-54,47,-52,51,-46,51,-45,56,-40,53,-36,53,-34,52,-32,51,-28,51,-26,51,-26,48,-26,46,-18,50,-15,42,-10,44,-9,38,-5,35,0,34,6,33,7,0,0,0,0,0,0,0,0,0,0,0,0,0,0,0,0,0,0,0,0,0,0,-41,-47,-38,-49,-29,-48,-28,-54,-24,-50,-24,-54,-21,-53,-17,-49,-13,-56,-11,-47,-10,-47,-7,-45,-10,-42,-7,-43,-8,-37,-2,-33,-9,-33,-8,-26,-11,-23,-5,-24,-9,-16,-16,-17,-12,-11,-14,-12,-16,-8,-18,-4,-15,-7,-19,-1,-23,3,-25,10,-24,9,-26,14,-21,19,-25,22,-28,22,-27,29,-29,28,-33,30,-30,35,-28,38,-35,37,-31,43,-30,44,-33,54,-34,51,-26,57,-35,57,-33,59,-37,66,-41,65,-44,60,-45,70,-49,72,-44,65,-54,66,-42,74,-47,67,0,0]"
CSI_DATA,102,1a:00:00:00:00:00,-46,11,1,0,1,1,1,0,0,0,1,-96,0,11,2,1620131,0,44,0,384,0,"[0,0,0,0,0,0,0,0,0,0,0,0,10,-6,9,-5,8,-5,8,-6,7,-5,7,-5,6,-6,5,-6,4,-6,3,-6,2,-7,2,-7,2,-7,1,-7,1,-7,0,-8,-1,-8,-1,-8,-2,-8,-2,-8,-3,-8,-3,-8,-4,-9,-5,-9,-5,-10,-5,-10,0,0,-5,-11,-6,-11,-6,-12,-6,-12,-5,-12,-4,-13,-4,-13,-4,-13,-3,-13,-3,-13,-2,-13,-2,-12,-1,-11,-1,-11,-1,-11,0,-11,0,-11,0,-10,1,-9,1,-9,1,-8,2,-8,3,-7,3,-6,3,-5,3,-5,0,0,0,0,0,0,0,0,0,0,0,0,0,0,74,-21,69,-24,62,-26,62,-23,56,-25,53,-19,46,-26,45,-26,37,-28,34,-30,30,-27,28,-31,27,-29,18,-32,21,-28,9,-35,12,-37,7,-34,4,-36,1,-36,-5,-44,-4,-38,-9,-38,-13,-41,-13,-38,-18,-49,-22,-45,-21,-48,-24,-51,-29,-55,-27,-55,-26,-57,-29,-56,-31,-61,-32,-57,-29,-65,-26,-66,-28,-66,-20,-64,-19,-66,-17,-63,-13,-70,-10,-64,-12,-61,-6,-59,-5,-59,0,-60,1,-53,-1,-49,7,-45,3,-47,11,-44,6,-42,14,-39,16,-33,15,-28,19,-24,0,0,0,0,0,0,0,0,0,0,0,0,0,0,0,0,0,0,0,0,0,0,-66,9,-63,3,-63,-1,-65,-10,-57,-8,-55,-14,-54,-16,-54,-16,-55,-18,-49,-17,-47,-17,-45,-18,-48,-12,-43,-15,-34,-11,-31,-14,-32,-14,-27,-11,-27,-4,-23,-5,-25,-5,-22,-2,-10,4,-13,10,-15,12,-13,15,-13,19,-9,17,-9,22,-3,24,-1,25,-3,34,-4,29,-1,36,2,35,5,41,5,40,10,39,12,47,17,45,14,47,21,48,23,53,26,56,23,58,30,49,29,59,32,62,35,65,37,71,34,73,41,75,36,80,30,76,35,83,35,79,36,81,0,0]"
CSI_DATA,103,1a:00:00:00:00:00,-47,11,1,0,1,1,1,0,0,0,1,-96,0,11,2,1640965,0,44,0,384,0,"[0,0,0,0,0,0,0,0,0,0,0,0,9,-7,8,-8,7,-7,7,-7,6,-6,5,-6,4,-7,4,-7,3,-7,1,-6,1,-7,0,-6,-1,-6,-1,-6,-2,-6,-3,-7,-3,-6,-3,-6,-5,-7,-5,-6,-6,-6,-6,-6,-6,-6,-8,-6,-8,-7,-8,-7,0,0,-9,-8,-9,-9,-10,-8,-10,-9,-9,-9,-9,-10,-9,-10,-8,-10,-8,-10,-7,-10,-7,-10,-6,-11,-6,-10,-5,-10,-5,-10,-4,-10,-3,-9,-3,-9,-3,-9,-3,-8,-1,-8,0,-7,0,-7,0,-6,1,-6,1,-5,0,0,0,0,0,0,0,0,0,0,0,0,0,0,70,-43,66,-41,59,-39,57,-35,47,-34,47,-31,43,-32,39,-30,32,-34,31,-33,21,-35,18,-32,16,-35,13,-30,8,-29,3,-28,-2,-33,-6,-35,-7,-30,-13,-32,-17,-35,-17,-30,-25,-33,-28,-33,-27,-35,-32,-38,-36,-36,-38,-33,-41,-41,-46,-40,-45,-38,-49,-42,-46,-44,-48,-46,-49,-40,-42,-54,-53,-52,-43,-50,-44,-55,-40,-50,-39,-51,-34,-57,-33,-54,-31,-54,-25,-53,-23,-52,-21,-54,-21,-51,-16,-47,-12,-47,-12,-43,-10,-43,-6,-42,0,-36,1,-38,8,-28,9,-27,0,0,0,0,0,0,0,0,0,0,0,0,0,0,0,0,0,0,0,0,0,0,-66,17,-67,11,-61,6,-65,1,-59,-2,-57,-7,-57,-5,-59,-6,-58,-2,-50,-6,-47,-11,-43,-8,-49,-7,-43,-11,-36,-6,-33,-6,-34,-4,-30,-3,-26,0,-29,2,-28,4,-22,6,-19,9,-14,12,-11,15,-11,21,-9,21,-5,21,-8,25,-2,31,4,25,0,33,3,34,10,40,13,38,17,39,12,40,21,43,19,43,26,46,27,47,33,48,33,52,42,52,39,50,48,48,49,53,49,57,54,56,50,66,49,68,57,65,51,71,53,73,48,75,51,74,54,75,0,0]"
CSI_DATA,104,1a:00:00:00:00:00,-48,11,1,0,1,1,1,0,0,0,1,-96,0,11,2,1661353,0,44,0,384,0,"[0,0,0,0,0,0,0,0,0,0,0,0,-12,1,-11,1,-10,2,-9,2,-8,2,-7,2,-6,3,-5,3,-4,3,-4,3,-4,4,-2,4,-2,4,-1,5,-1,6,1,5,1,5,1,6,2,5,3,6,3,6,4,6,4,6,5,7,5,8,6,8,0,0,7,8,7,9,7,10,8,10,7,10,7,11,7,10,7,11,6,10,5,10,5,11,4,10,3,10,3,10,2,10,3,9,2,9,2,8,1,8,1,7,0,7,0,7,-1,6,-1,6,-2,5,-2,4,0,0,0,0,0,0,0,0,0,0,0,0,0,0,-41,-2,-37,-3,-34,1,-32,2,-30,0,-25,2,-24,3,-23,1,-23,4,-17,5,-17,7,-13,8,-14,9,-11,9,-8,9,-7,13,-6,12,-2,12,-2,13,-2,14,4,16,4,16,4,14,6,19,6,18,12,21,10,20,13,21,15,22,15,23,16,24,15,25,15,25,19,26,20,28,16,29,18,29,16,29,13,29,14,31,13,30,12,29,9,29,10,30,7,25,5,28,4,24,3,26,3,22,1,23,1,20,-1,22,-1,18,-6,21,-4,16,-5,14,-6,11,0,0,0,0,0,0,0,0,0,0,0,0,0,0,0,0,0,0,0,0,0,0,25,20,21,21,23,23,18,22,17,25,14,23,16,22,15,23,15,24,15,21,10,22,11,18,11,17,10,16,7,16,10,15,9,11,7,10,8,7,8,9,8,6,11,2,10,1,9,0,10,-1,10,-4,8,-5,9,-7,12,-7,8,-9,8,-11,6,-13,7,-15,8,-17,7,-16,5,-21,6,-20,4,-22,4,-24,1,-26,3,-27,1,-30,0,-29,0,-34,-2,-29,-5,-30,-5,-35,-3,-36,-4,-40,-6,-43,-5,-42,-4,-45,-4,-44,-4,-47,-4,-45,-4,-43,-4,-45,0,0]"
CSI_DATA,105,1a:00:00:00:00:00,-48,11,1,0,1,1,1,0,0,0,1,-96,0,11,2,1691625,0,44,0,384,0,"[0,0,0,0,0,0,0,0,0,0,0,0,3,-10,2,-10,1,-9,1,-8,0,-7,0,-6,-1,-7,-2,-5,-2,-5,-3,-4,-4,-4,-4,-3,-5,-2,-6,-2,-6,-1,-6,-1,-7,0,-6,0,-7,1,-8,1,-8,2,-8,3,-8,3,-9,4,-10,5,-10,4,0,0,-11,5,-12,5,-12,5,-11,5,-12,5,-12,5,-12,5,-12,4,-13,4,-12,4,-13,3,-12,2,-12,2,-11,2,-11,1,-11,1,-11,1,-10,0,-9,0,-9,0,-9,-1,-8,-2,-8,-2,-7,-2,-6,-3,-5,-3,0,0,0,0,0,0,0,0,0,0,0,0,0,0,44,-60,47,-54,37,-52,33,-47,26,-46,24,-43,16,-38,13,-40,12,-36,4,-33,2,-33,0,-24,-6,-27,-11,-19,-11,-19,-20,-14,-18,-13,-24,-12,-29,-12,-32,-7,-36,-7,-35,-4,-35,3,-42,2,-42,5,-47,8,-50,10,-51,11,-56,16,-61,19,-55,17,-59,13,-64,15,-66,16,-63,16,-68,11,-71,6,-71,9,-73,6,-68,4,-65,6,-75,3,-66,4,-65,3,-63,-2,-60,-5,-54,-8,-52,-6,-51,-7,-49,-10,-44,-14,-42,-12,-42,-18,-38,-18,-34,-20,-25,-18,-26,-18,0,0,0,0,0,0,0,0,0,0,0,0,0,0,0,0,0,0,0,0,0,0,-66,-10,-64,-14,-61,-17,-61,-20,-55,-25,-51,-21,-46,-21,-49,-25,-50,-24,-46,-18,-43,-21,-39,-18,-44,-14,-38,-18,-29,-16,-27,-12,-29,-7,-28,-6,-23,-7,-23,1,-21,2,-19,5,-17,6,-13,6,-10,11,-7,19,-7,16,-6,20,-5,23,-1,27,4,25,6,32,9,31,10,28,13,35,19,33,19,35,22,32,30,37,34,38,38,40,41,35,43,39,46,43,49,34,49,40,52,38,61,33,64,39,65,46,69,41,73,39,71,46,74,45,74,46,72,47,72,48,0,0]"
CSI_DATA,106,1a:00:00:00:00:00,-48,11,1,0,1,1,1,0,0,0,1,-96,0,11,2,1700169,0,44,0,384,0,"[0,0,0,0,0,0,0,0,0,0,0,0,-11,-1,-10,-1,-9,0,-9,0,-8,0,-7,1,-6,1,-5,2,-4,2,-3,2,-3,4,-2,4,-2,4,-1,4,0,4,1,5,1,6,1,5,2,6,3,6,4,7,4,7,4,7,6,7,6,8,7,7,0,0,7,9,7,9,8,10,8,10,7,11,7,11,7,11,7,11,6,11,5,11,6,11,5,11,4,10,4,11,3,10,3,10,2,10,2,9,1,9,1,8,0,8,0,7,-1,7,-1,7,-2,5,-2,4,0,0,0,0,0,0,0,0,0,0,0,0,0,0,-39,-7,-36,-10,-34,-7,-31,-3,-28,-4,-27,-2,-22,0,-21,0,-19,1,-16,1,-14,5,-11,4,-12,8,-7,9,-7,8,-2,11,-2,12,1,13,3,14,1,13,8,14,6,17,8,15,12,18,10,16,14,21,13,19,19,19,17,22,21,21,21,23,25,25,22,25,22,25,23,25,23,30,23,29,23,27,21,29,20,27,19,30,17,31,16,31,15,30,14,26,13,27,11,28,10,28,8,23,9,24,4,22,4,22,3,21,0,19,-1,18,-3,18,-4,14,0,0,0,0,0,0,0,0,0,0,0,0,0,0,0,0,0,0,0,0,0,0,8,30,4,31,3,32,3,29,3,31,0,26,1,28,1,28,-1,27,0,24,-2,24,-1,22,-2,21,1,20,-2,18,3,15,0,16,3,13,2,13,5,11,7,8,6,7,7,4,7,2,9,3,10,-3,11,-3,11,0,10,-4,11,-8,8,-7,13,-11,9,-12,13,-12,12,-12,12,-15,12,-18,12,-19,11,-22,11,-23,10,-24,7,-26,9,-28,9,-31,7,-31,4,-35,7,-36,4,-35,4,-41,4,-39,4,-42,5,-43,4,-44,5,-41,7,-46,6,-45,6,-44,0,0]"
CSI_DATA,107,1a:00:00:00:00:00,-48,11,1,0,1,1,1,0,0,0,1,-96,0,11,2,1710131,0,44,0,384,0,"[0,0,0,0,0,0,0,0,0,0,0,0,-10,-6,-8,-5,-9,-4,-8,-4,-8,-2,-6,-2,-6,0,-5,0,-5,1,-5,2,-4,2,-3,3,-3,4,-2,4,-2,5,-1,5,0,6,0,6,1,6,1,7,2,7,3,7,3,8,4,9,4,9,5,9,0,0,6,11,5,12,6,11,6,12,5,12,6,12,6,12,5,12,5,12,4,12,4,12,3,12,2,12,3,11,2,11,2,10,1,11,1,9,1,9,0,9,0,9,0,8,-1,8,-2,7,-3,6,-3,5,0,0,0,0,0,0,0,0,0,0,0,0,0,0,-67,-31,-62,-27,-66,-23,-57,-20,-55,-20,-46,-17,-47,-7,-44,-5,-34,-1,-31,5,-30,3,-27,7,-22,13,-19,12,-18,14,-15,24,-12,24,-1,28,2,28,3,33,10,36,6,31,14,33,15,36,18,38,23,36,25,41,30,46,30,45,35,47,32,46,44,51,37,50,47,55,44,50,43,61,43,60,44,61,38,61,40,63,38,59,27,61,30,63,32,61,23,57,25,53,19,58,19,56,13,52,18,47,15,48,12,46,11,42,0,40,3,40,-4,36,-9,31,0,0,0,0,0,0,0,0,0,0,0,0,0,0,0,0,0,0,0,0,0,0,-12,64,-16,65,-19,62,-19,62,-23,55,-24,53,-20,51,-26,50,-21,51,-24,48,-21,45,-19,41,-20,40,-20,36,-17,30,-11,30,-7,32,-7,28,-2,27,2,20,1,18,6,17,3,15,10,14,14,9,12,3,17,7,25,0,26,2,25,-3,22,-2,36,-8,27,-10,29,-18,30,-19,28,-21,31,-24,32,-29,33,-31,35,-38,32,-46,33,-46,32,-48,32,-52,29,-59,19,-56,32,-64,27,-67,29,-71,28,-80,29,-77,32,-80,36,-83,29,-73,33,-84,34,-82,34,-80,0,0]"
CSI_DATA,108,1a:00:00:00:00:00,-48,11,1,0,1,1,1,0,0,0,1,-96,0,11,2,1720124,0,44,0,384,0,"[0,0,0,0,0,0,0,0,0,0,0,0,6,-8,5,-8,3,-7,3,-6,2,-6,1,-6,1,-5,0,-5,-1,-4,-2,-4,-2,-4,-3,-4,-3,-3,-5,-2,-5,-2,-6,-1,-6,-1,-7,0,-6,1,-7,1,-8,2,-8,2,-8,2,-9,3,-10,3,-10,4,0,0,-11,4,-12,4,-12,5,-12,5,-12,4,-12,4,-12,4,-13,3,-13,3,-13,3,-13,3,-12,2,-11,1,-11,2,-12,1,-11,1,-10,1,-10,1,-10,0,-9,0,-9,-1,-9,-1,-8,-2,-7,-2,-7,-3,-6,-3,0,0,0,0,0,0,0,0,0,0,0,0,0,0,57,-51,46,-50,41,-47,38,-49,33,-43,30,-41,28,-38,20,-35,16,-33,11,-29,2,-31,2,-29,-3,-24,-11,-19,-12,-17,-15,-15,-17,-16,-21,-12,-23,-7,-25,-5,-31,-1,-34,-2,-33,5,-35,7,-39,7,-47,12,-47,17,-50,18,-48,24,-58,27,-54,24,-58,25,-60,23,-68,30,-62,35,-69,26,-73,22,-66,29,-70,23,-69,18,-71,20,-72,20,-69,14,-65,16,-66,9,-63,11,-59,10,-59,3,-52,3,-49,3,-48,4,-52,-1,-44,0,-50,-5,-39,-7,-38,-13,-30,-16,0,0,0,0,0,0,0,0,0,0,0,0,0,0,0,0,0,0,0,0,0,0,-57,-45,-46,-43,-51,-43,-45,-48,-42,-50,-38,-49,-39,-43,-33,-45,-33,-43,-35,-41,-33,-37,-33,-35,-32,-34,-27,-36,-25,-28,-27,-30,-28,-22,-18,-15,-23,-13,-19,-8,-18,-9,-23,-6,-18,1,-18,0,-19,5,-14,11,-14,12,-12,15,-16,24,-11,26,-8,25,-7,28,-4,35,-1,35,1,40,4,36,6,38,12,44,18,43,17,44,24,46,25,49,28,50,32,52,37,40,47,53,38,53,50,50,51,51,56,56,58,57,58,54,59,58,63,56,62,61,59,53,61,59,0,0]"
CSI_DATA,109,1a:00:00:00:00:00,-48,11,1,0,1,1,1,0,0,0,1,-96,0,11,2,1730113,0,44,0,384,0,"[0,0,0,0,0,0,0,0,0,0,0,0,8,4,7,4,7,3,7,3,6,2,5,1,5,0,4,0,3,-1,2,-2,2,-3,1,-4,1,-4,1,-4,0,-5,-1,-5,-2,-6,-2,-6,-2,-6,-3,-7,-3,-8,-4,-7,-4,-8,-5,-8,-6,-9,-6,-9,0,0,-7,-10,-7,-10,-7,-11,-8,-10,-7,-11,-8,-12,-7,-12,-7,-11,-7,-12,-6,-12,-6,-12,-5,-12,-5,-12,-5,-12,-5,-11,-4,-11,-4,-10,-3,-10,-3,-10,-3,-9,-2,-9,-2,-9,-2,-9,0,-8,1,-7,1,-6,0,0,0,0,0,0,0,0,0,0,0,0,0,0,51,49,51,45,52,36,45,35,47,35,47,28,40,24,37,21,32,14,26,10,26,2,24,-2,22,-4,20,-10,17,-7,11,-17,16,-19,3,-21,2,-21,1,-25,2,-32,-6,-31,-11,-32,-11,-35,-10,-36,-16,-39,-17,-44,-25,-43,-26,-48,-32,-51,-30,-49,-33,-54,-39,-54,-34,-57,-36,-59,-30,-62,-33,-65,-34,-64,-28,-72,-25,-66,-30,-69,-29,-65,-31,-67,-26,-68,-28,-61,-21,-62,-14,-56,-16,-55,-15,-54,-10,-55,-6,-51,-7,-50,-2,-44,1,-44,1,-42,5,-38,12,-33,0,0,0,0,0,0,0,0,0,0,0,0,0,0,0,0,0,0,0,0,0,0,30,-62,30,-58,39,-60,36,-55,41,-49,35,-50,36,-48,39,-41,37,-46,38,-39,33,-38,33,-37,30,-42,31,-36,22,-34,25,-31,15,-26,19,-26,9,-24,10,-21,8,-25,0,-25,2,-21,-5,-18,-5,-14,-12,-15,-12,-17,-20,-13,-25,-9,-29,-8,-27,-4,-32,-6,-33,-6,-35,4,-35,4,-40,8,-40,8,-42,15,-43,22,-40,24,-43,25,-47,32,-45,33,-50,40,-46,38,-41,41,-48,51,-47,53,-45,58,-49,59,-50,60,-50,63,-54,64,-50,62,-51,72,-53,71,-47,62,0,0]"
CSI_DATA,110,1a:00:00:00:00:00,-48,11,1,0,1,1,1,0,0,0,1,-96,0,11,2,1740167,0,44,0,384,0,"[0,0,0,0,0,0,0,0,0,0,0,0,-5,-10,-4,-9,-5,-7,-5,-7,-4,-6,-4,-5,-4,-4,-4,-3,-4,-2,-4,-2,-3,-1,-4,0,-3,1,-3,2,-3,2,-3,3,-2,4,-2,4,-2,5,-2,6,-1,6,-1,7,-1,7,0,9,0,9,1,9,0,0,0,10,1,11,1,12,1,12,1,12,0,13,0,12,0,12,-1,13,-1,13,-1,13,-2,12,-1,11,-2,11,-2,11,-2,10,-2,10,-2,9,-3,9,-3,8,-4,8,-4,7,-4,7,-4,6,-5,5,-5,4,0,0,0,0,0,0,0,0,0,0,0,0,0,0,-32,-68,-26,-57,-33,-57,-30,-53,-25,-44,-25,-44,-25,-35,-20,-33,-22,-31,-23,-20,-24,-18,-18,-11,-21,-8,-17,-6,-18,-2,-16,6,-13,10,-10,14,-12,16,-8,19,-11,24,-5,24,-4,31,-1,29,-2,35,5,39,2,39,12,43,7,48,13,51,12,50,12,58,14,53,16,61,21,59,16,67,16,66,15,68,12,68,11,66,9,66,9,69,3,64,6,64,5,66,4,64,0,57,-2,57,-3,54,-5,52,-2,48,-5,49,-7,46,-10,38,-19,38,-16,35,-18,31,0,0,0,0,0,0,0,0,0,0,0,0,0,0,0,0,0,0,0,0,0,0,-54,41,-55,33,-57,30,-58,31,-61,26,-62,22,-57,25,-55,19,-54,25,-52,20,-50,17,-49,21,-44,18,-43,19,-41,18,-36,16,-26,19,-27,17,-25,15,-17,16,-16,18,-16,17,-13,20,-6,22,-3,16,-1,19,5,19,12,20,9,20,20,17,15,16,25,22,29,15,28,16,30,9,33,8,37,7,38,3,43,1,46,-4,48,-6,49,-11,53,-8,54,-15,56,-20,54,-21,61,-24,60,-31,67,-31,66,-29,69,-35,67,-35,74,-35,73,-37,75,-43,75,-40,73,-36,0,0]"
CSI_DATA,111,1a:00:00:00:00:00,-48,11,1,0,1,1,1,0,0,0,1,-96,0,11,2,1750129,0,44,0,384,0,"[0,0,0,0,0,0,0,0,0,0,0,0,1,-11,0,-10,0,-9,0,-9,-1,-7,-1,-6,-1,-6,-2,-5,-2,-5,-3,-3,-3,-3,-3,-2,-3,-1,-3,0,-3,0,-3,1,-3,2,-3,3,-4,3,-3,4,-3,5,-3,6,-3,6,-3,7,-3,8,-2,9,0,0,-3,10,-3,10,-2,11,-3,11,-3,11,-3,12,-3,11,-3,12,-4,12,-4,11,-5,11,-5,11,-4,10,-5,10,-5,10,-5,10,-5,9,-5,9,-5,8,-5,8,-5,7,-5,7,-5,6,-5,5,-6,5,-6,4,0,0,0,0,0,0,0,0,0,0,0,0,0,0,33,-77,27,-64,25,-66,24,-62,15,-58,16,-49,10,-45,9,-39,2,-37,0,-36,-2,-30,-5,-27,-10,-25,-7,-16,-12,-18,-14,-8,-14,-7,-15,1,-15,3,-18,7,-23,14,-21,13,-15,14,-22,26,-20,26,-20,31,-22,33,-19,40,-21,39,-20,48,-23,48,-26,57,-28,55,-26,62,-23,60,-31,62,-21,66,-23,64,-29,64,-32,66,-33,60,-34,56,-34,59,-34,60,-35,57,-35,55,-36,49,-36,48,-31,46,-30,45,-36,41,-30,38,-33,34,-32,26,-35,24,-35,23,-37,18,0,0,0,0,0,0,0,0,0,0,0,0,0,0,0,0,0,0,0,0,0,0,-72,-23,-70,-25,-64,-31,-67,-31,-63,-30,-57,-34,-59,-28,-53,-28,-58,-28,-52,-26,-52,-30,-49,-29,-52,-21,-45,-21,-44,-24,-40,-15,-37,-12,-40,-10,-36,-10,-30,-6,-33,-4,-27,2,-26,4,-23,8,-19,8,-19,15,-19,19,-14,23,-10,23,-5,26,-3,27,0,37,5,32,8,35,11,35,17,33,14,34,15,37,22,38,31,37,32,40,40,35,43,35,44,37,52,31,52,40,55,36,61,26,65,27,68,29,72,31,79,32,82,34,76,28,83,33,86,29,81,29,0,0]"
CSI_DATA,112,1a:00:00:00:00:00,-48,11,1,0,1,1,1,0,0,0,1,-96,0,11,2,1760146,0,44,0,384,0,"[0,0,0,0,0,0,0,0,0,0,0,0,-8,7,-7,7,-7,7,-6,6,-5,6,-4,5,-3,5,-3,4,-2,4,-1,3,-1,3,0,2,0,1,1,1,1,0,3,0,3,-1,3,-1,3,-2,3,-3,4,-3,4,-4,4,-5,4,-6,5,-7,5,-7,0,0,6,-8,6,-9,6,-9,6,-10,6,-9,7,-10,7,-10,7,-10,8,-10,8,-10,8,-10,8,-9,8,-9,8,-9,8,-8,8,-8,8,-8,7,-8,7,-7,7,-7,7,-6,7,-5,7,-5,7,-4,7,-3,6,-2,0,0,0,0,0,0,0,0,0,0,0,0,0,0,33,75,27,67,29,65,26,54,29,51,25,51,23,51,26,38,24,34,24,24,21,26,21,18,19,16,17,11,12,7,11,-2,13,-6,8,-2,5,-9,6,-15,3,-19,2,-18,-4,-21,-4,-27,-6,-25,-4,-28,-12,-32,-18,-37,-16,-36,-23,-40,-26,-41,-28,-46,-24,-47,-31,-47,-34,-48,-34,-50,-31,-57,-37,-51,-31,-57,-32,-56,-31,-59,-31,-59,-28,-58,-30,-56,-27,-54,-27,-56,-22,-57,-20,-53,-21,-51,-20,-47,-14,-51,-13,-47,-15,-47,-9,-43,-4,-41,-5,-40,1,-39,0,0,0,0,0,0,0,0,0,0,0,0,0,0,0,0,0,0,0,0,0,0,62,-33,64,-32,63,-28,69,-26,64,-24,64,-22,63,-18,63,-19,60,-24,56,-21,60,-18,55,-20,51,-24,51,-17,48,-23,41,-17,35,-27,33,-25,31,-24,28,-24,24,-22,25,-21,17,-27,10,-23,5,-22,0,-27,2,-23,-7,-29,-9,-27,-13,-26,-15,-25,-22,-30,-24,-22,-29,-20,-34,-21,-34,-19,-36,-18,-41,-14,-44,-13,-47,-7,-53,-7,-54,-1,-56,4,-59,5,-62,9,-58,14,-62,17,-67,22,-67,29,-74,28,-75,29,-74,32,-85,32,-81,35,-85,39,-82,41,-77,39,0,0]"
CSI_DATA,113,1a:00:00:00:00:00,-48,11,1,0,1,1,1,0,0,0,1,-96,0,11,2,1780220,0,44,0,384,0,"[0,0,0,0,0,0,0,0,0,0,0,0,-10,9,-9,8,-8,8,-8,7,-7,6,-6,6,-5,6,-4,5,-4,5,-3,4,-2,4,-1,3,-1,3,0,2,0,2,1,2,2,1,2,1,2,0,3,-1,3,-1,3,-2,4,-2,4,-3,5,-3,5,-4,0,0,6,-5,6,-5,7,-6,7,-6,8,-6,8,-6,8,-6,8,-6,9,-6,9,-5,9,-5,9,-5,9,-5,9,-4,9,-4,9,-4,8,-4,8,-4,8,-3,8,-3,8,-2,7,-2,7,-1,7,-1,7,0,6,1,0,0,0,0,0,0,0,0,0,0,0,0,0,0,30,85,27,82,35,75,27,68,25,68,28,61,22,53,24,55,22,45,19,42,16,36,18,30,20,28,21,22,13,21,20,11,19,11,16,4,13,1,8,-5,17,-6,9,-9,6,-15,5,-18,3,-20,4,-24,1,-26,-2,-27,1,-35,-3,-37,-1,-40,-5,-42,-2,-46,-10,-49,-9,-47,-5,-55,-7,-50,-6,-59,-1,-53,-7,-56,-4,-54,4,-58,3,-58,-2,-58,5,-54,5,-54,3,-54,0,-50,4,-49,7,-49,4,-44,9,-43,11,-41,18,-39,17,-32,17,-30,21,-26,0,0,0,0,0,0,0,0,0,0,0,0,0,0,0,0,0,0,0,0,0,0,22,-66,31,-64,28,-62,35,-63,33,-59,36,-59,31,-55,36,-54,35,-54,33,-49,33,-50,35,-48,31,-46,26,-42,29,-43,28,-42,23,-45,20,-40,14,-36,10,-38,6,-32,6,-36,3,-34,-1,-33,-3,-32,-11,-30,-12,-26,-19,-27,-17,-26,-24,-23,-30,-19,-30,-22,-37,-18,-38,-20,-42,-19,-48,-9,-46,-9,-47,-8,-52,-3,-58,1,-58,1,-63,9,-64,8,-65,14,-69,15,-75,23,-72,23,-70,26,-76,33,-75,31,-79,36,-82,37,-91,37,-82,38,-93,43,-89,42,-92,36,0,0]"
CSI_DATA,114,1a:00:00:00:00:00,-48,11,1,0,1,1,1,0,0,0,1,-96,0,11,2,1790126,0,44,0,384,0,"[0,0,0,0,0,0,0,0,0,0,0,0,13,-4,12,-3,11,-4,10,-3,9,-3,9,-3,7,-4,6,-3,5,-3,4,-3,4,-4,3,-4,2,-3,2,-3,1,-3,0,-4,-1,-3,-1,-4,-2,-3,-2,-3,-3,-3,-4,-3,-5,-3,-5,-3,-6,-3,-7,-3,0,0,-8,-2,-8,-3,-8,-3,-9,-3,-9,-3,-9,-4,-10,-3,-9,-4,-10,-4,-10,-5,-10,-5,-9,-6,-9,-5,-9,-5,-9,-6,-8,-5,-8,-5,-8,-5,-8,-6,-7,-5,-6,-6,-5,-6,-5,-6,-5,-6,-4,-6,-3,-6,0,0,0,0,0,0,0,0,0,0,0,0,0,0,44,-13,42,-11,41,-15,36,-10,36,-9,31,-8,30,-9,28,-11,25,-8,23,-9,19,-9,16,-7,16,-10,14,-10,10,-7,7,-8,6,-9,3,-9,3,-9,0,-8,-2,-10,-2,-9,-4,-8,-7,-7,-6,-7,-11,-8,-11,-8,-14,-6,-16,-7,-18,-6,-18,-6,-21,-7,-20,-7,-24,-6,-25,-6,-25,-10,-27,-12,-25,-8,-25,-13,-26,-10,-25,-12,-25,-14,-26,-14,-25,-15,-23,-15,-23,-14,-22,-14,-23,-14,-19,-13,-18,-15,-16,-15,-15,-16,-15,-16,-12,-15,-11,-16,-9,-17,-7,-13,0,0,0,0,0,0,0,0,0,0,0,0,0,0,0,0,0,0,0,0,0,0,-32,1,-32,-3,-32,-5,-33,-7,-30,-7,-29,-9,-30,-10,-28,-10,-29,-10,-29,-11,-25,-12,-25,-10,-25,-9,-22,-9,-20,-8,-18,-6,-21,-6,-17,-4,-17,-3,-18,-1,-17,-2,-15,1,-14,4,-13,4,-12,5,-11,8,-9,8,-10,11,-9,11,-7,16,-5,17,-8,19,-7,21,-5,20,-5,21,-3,24,-2,24,1,25,1,26,4,28,4,29,6,29,7,33,11,32,11,32,15,36,16,36,18,36,18,37,18,42,18,42,22,42,19,45,17,45,20,50,18,47,18,48,0,0]"
CSI_DATA,115,1a:00:00:00:00:00,-48,11,1,0,1,1,1,0,0,0,1,-96,0,11,2,1800153,0,44,0,384,0,"[0,0,0,0,0,0,0,0,0,0,0,0,-11,9,-10,8,-9,8,-9,7,-8,7,-7,6,-6,6,-5,5,-5,5,-4,5,-3,5,-2,4,-2,4,-1,3,0,3,1,3,2,3,2,2,3,2,3,1,4,1,4,0,5,1,6,0,6,1,7,0,0,0,8,-1,8,0,9,-1,9,-1,9,0,10,0,10,-1,10,-1,10,0,10,1,10,1,10,2,9,1,9,2,9,1,9,2,8,2,8,2,8,2,7,2,6,3,6,3,6,4,5,4,4,4,3,5,0,0,0,0,0,0,0,0,0,0,0,0,0,0,-69,63,-68,60,-55,62,-59,51,-57,54,-46,46,-50,49,-42,41,-35,36,-30,37,-25,36,-23,32,-22,29,-16,28,-13,24,-6,26,-4,25,-2,23,4,16,10,15,12,15,13,15,16,11,19,9,20,10,28,4,30,1,30,-2,34,-1,39,-5,37,-2,43,-5,42,-5,47,-3,51,-4,49,-4,52,-6,54,-5,55,-1,62,0,55,3,59,2,55,6,56,7,50,7,52,9,50,10,50,10,43,8,41,12,41,13,40,15,38,17,33,18,27,19,24,22,23,26,0,0,0,0,0,0,0,0,0,0,0,0,0,0,0,0,0,0,0,0,0,0,54,-28,54,-18,58,-16,55,-13,58,-7,54,-9,54,-7,54,-4,54,-6,50,0,47,-3,46,0,44,0,40,2,38,-2,33,0,30,-1,28,-3,23,-7,23,-3,22,-5,20,-13,13,-13,8,-13,7,-18,1,-19,2,-21,2,-22,-5,-24,-6,-31,-8,-27,-17,-32,-13,-38,-18,-34,-19,-36,-26,-38,-29,-40,-31,-36,-41,-41,-42,-43,-42,-41,-48,-43,-51,-44,-56,-44,-56,-38,-58,-51,-67,-49,-69,-47,-73,-47,-81,-49,-77,-51,-85,-55,-78,-58,-80,-64,-88,-67,-86,-61,-85,-65,0,0]"
CSI_DATA,116,1a:00:00:00:00:00,-47,11,1,0,1,1,1,0,0,0,1,-96,0,11,2,1820118,0,44,0,384,0,"[0,0,0,0,0,0,0,0,0,0,0,0,-1,-14,-1,-14,-1,-12,-1,-12,-1,-10,-1,-10,-2,-9,-2,-7,-2,-8,-3,-6,-3,-6,-3,-5,-4,-4,-4,-3,-4,-3,-4,-2,-5,-1,-5,-1,-5,0,-5,0,-5,1,-5,1,-6,2,-6,3,-7,4,-7,4,0,0,-7,5,-8,5,-8,6,-8,6,-9,6,-9,5,-9,6,-9,6,-10,5,-10,5,-10,5,-10,4,-10,4,-10,4,-10,3,-10,3,-9,3,-10,2,-10,2,-9,2,-9,0,-8,1,-8,0,-8,-1,-8,-2,-7,-2,0,0,0,0,0,0,0,0,0,0,0,0,0,0,7,-44,10,-44,8,-40,7,-41,3,-38,5,-34,7,-30,2,-33,3,-29,1,-26,0,-23,-3,-21,-2,-20,-3,-17,-4,-16,-6,-16,-7,-10,-8,-11,-10,-7,-12,-8,-13,-5,-12,-4,-12,-1,-13,2,-12,2,-13,1,-17,3,-18,8,-17,7,-19,8,-20,9,-21,11,-22,11,-23,12,-23,14,-26,12,-27,14,-24,13,-29,14,-29,15,-27,14,-27,10,-28,9,-28,9,-27,8,-27,8,-26,7,-26,6,-26,5,-25,4,-26,2,-26,3,-23,-1,-23,-1,-20,-6,-20,-5,-19,-8,0,0,0,0,0,0,0,0,0,0,0,0,0,0,0,0,0,0,0,0,0,0,-27,15,-26,11,-26,11,-28,8,-28,6,-27,5,-26,6,-26,3,-28,1,-25,1,-24,-2,-23,0,-24,-2,-22,-3,-18,-3,-18,-3,-17,-5,-14,-4,-12,-3,-10,-2,-8,0,-7,-2,-4,-2,-2,-3,-3,-2,0,0,1,0,3,-2,4,2,7,-1,7,1,11,2,11,0,15,2,16,1,17,1,19,1,21,1,22,3,25,0,26,-1,26,-2,30,-1,33,-3,32,-3,34,-3,36,-3,39,-5,41,-4,45,-4,42,1,45,0,49,0,49,-1,50,4,50,4,47,3,0,0]"
CSI_DATA,117,1a:00:00:00:00:00,-46,11,1,0,1,1,1,0,0,0,1,-96,0,11,2,1850151,0,44,0,384,0,"[0,0,0,0,0,0,0,0,0,0,0,0,-2,-12,-2,-11,-3,-10,-2,-10,-3,-9,-3,-8,-4,-8,-3,-7,-4,-6,-4,-5,-4,-5,-5,-4,-5,-4,-5,-3,-5,-3,-6,-2,-6,-1,-6,-1,-6,0,-7,1,-7,1,-7,2,-7,2,-7,3,-8,3,-8,4,0,0,-9,5,-9,5,-10,6,-10,5,-10,5,-10,6,-11,6,-11,5,-11,5,-11,5,-12,4,-12,3,-11,3,-11,3,-11,2,-11,2,-11,2,-11,2,-10,1,-10,1,-10,0,-9,0,-9,-1,-9,-2,-8,-3,-8,-3,0,0,0,0,0,0,0,0,0,0,0,0,0,0,2,-74,0,-68,-4,-70,-4,-66,-3,-59,-6,-61,-8,-51,-9,-51,-10,-47,-12,-41,-16,-40,-12,-36,-18,-33,-19,-27,-17,-27,-24,-21,-26,-19,-25,-16,-24,-11,-29,-6,-29,-7,-31,-4,-33,2,-30,4,-34,4,-36,10,-36,6,-41,17,-43,19,-49,27,-44,25,-50,27,-47,25,-55,27,-51,28,-56,25,-59,28,-60,29,-62,25,-61,25,-60,24,-64,20,-62,19,-60,19,-63,14,-59,14,-61,12,-55,11,-57,9,-52,4,-51,-2,-54,-1,-51,-2,-44,-5,-45,-6,-43,-13,-40,-18,0,0,0,0,0,0,0,0,0,0,0,0,0,0,0,0,0,0,0,0,0,0,-30,69,-41,63,-42,59,-50,57,-52,53,-51,46,-49,45,-55,40,-58,42,-54,40,-57,34,-57,34,-58,32,-54,28,-53,25,-51,26,-46,23,-44,20,-39,20,-37,19,-37,14,-33,16,-30,13,-24,11,-24,12,-16,15,-14,13,-11,14,-6,10,-4,11,-1,9,0,11,8,10,8,9,13,6,18,7,19,8,24,5,27,0,31,2,33,-3,37,-2,43,1,42,-3,46,-7,45,-9,56,-11,54,-8,60,-7,66,-11,68,-8,72,-11,80,-9,72,-6,79,-10,82,-12,77,-8,0,0]"
CSI_DATA,118,1a:00:00:00:00:00,-46,11,1,0,1,1,1,0,0,0,1,-96,0,11,2,1860122,0,44,0,384,0,"[0,0,0,0,0,0,0,0,0,0,0,0,6,-10,5,-10,4,-9,4,-9,3,-8,3,-8,2,-8,1,-8,1,-7,0,-7,0,-6,-1,-6,-2,-6,-2,-6,-3,-5,-4,-5,-5,-4,-5,-5,-6,-4,-6,-4,-6,-4,-7,-3,-8,-4,-8,-3,-9,-3,-10,-3,0,0,-11,-3,-11,-3,-12,-3,-12,-2,-11,-3,-12,-4,-12,-3,-12,-4,-13,-4,-12,-5,-13,-5,-11,-6,-11,-6,-10,-6,-11,-6,-10,-6,-10,-6,-9,-6,-9,-6,-8,-6,-8,-7,-7,-7,-6,-7,-5,-7,-5,-8,-3,-7,0,0,0,0,0,0,0,0,0,0,0,0,0,0,47,-51,46,-54,36,-53,45,-47,37,-53,32,-42,26,-41,24,-39,20,-45,15,-36,12,-34,12,-33,7,-38,6,-32,1,-31,-2,-34,-4,-31,-8,-27,-12,-24,-18,-30,-22,-24,-20,-24,-23,-19,-30,-17,-32,-18,-40,-14,-41,-18,-43,-15,-48,-11,-48,-13,-50,-8,-56,-16,-57,-15,-56,-14,-61,-9,-62,-19,-61,-18,-64,-20,-63,-20,-62,-24,-60,-20,-63,-26,-58,-24,-61,-24,-51,-31,-60,-29,-48,-28,-51,-29,-45,-26,-41,-33,-43,-35,-40,-30,-38,-35,-30,-36,-28,-35,-25,-37,-18,-35,0,0,0,0,0,0,0,0,0,0,0,0,0,0,0,0,0,0,0,0,0,0,-63,33,-65,26,-70,23,-67,15,-72,16,-68,11,-66,9,-66,4,-68,6,-64,2,-62,-1,-61,2,-64,-1,-58,-2,-50,-4,-54,-6,-47,0,-45,-4,-41,-3,-41,-3,-37,-3,-39,1,-37,1,-33,4,-28,4,-23,14,-21,9,-20,10,-13,12,-12,16,-10,16,-8,16,-1,22,-2,18,2,26,9,24,10,29,14,26,19,23,22,27,23,29,31,32,32,30,39,32,36,32,43,35,42,38,47,32,47,42,57,41,60,41,62,39,59,47,63,46,66,50,60,47,65,49,0,0]"
CSI_DATA,119,1a:00:00:00:00:00,-46,11,1,0,1,1,1,0,0,0,1,-96,0,11,2,1870118,0,44,0,384,0,"[0,0,0,0,0,0,0,0,0,0,0,0,8,5,8,5,8,4,8,4,8,3,6,2,6,1,6,1,6,1,5,0,5,-1,5,-2,5,-2,5,-3,5,-3,4,-5,4,-5,4,-5,3,-6,3,-6,3,-6,3,-8,3,-7,2,-9,2,-9,2,-10,0,0,2,-10,3,-11,3,-11,2,-12,2,-12,3,-12,3,-12,4,-12,4,-12,4,-11,5,-11,5,-11,5,-11,5,-10,6,-9,6,-9,5,-9,5,-8,6,-8,6,-7,6,-7,6,-6,6,-5,6,-4,6,-4,6,-2,0,0,0,0,0,0,0,0,0,0,0,0,0,0,51,47,47,47,51,44,46,43,41,41,36,38,44,34,35,30,38,21,34,21,39,16,34,15,30,8,30,5,31,5,33,-1,35,-6,30,-5,28,-10,30,-14,31,-21,25,-16,24,-25,28,-29,25,-28,27,-36,24,-36,23,-41,22,-43,20,-48,23,-46,23,-53,25,-52,24,-59,31,-54,31,-55,35,-60,30,-57,36,-55,39,-57,38,-56,40,-54,41,-52,39,-50,41,-47,45,-42,47,-42,42,-43,42,-33,44,-34,41,-33,43,-27,41,-23,37,-26,42,-16,41,-12,41,-6,0,0,0,0,0,0,0,0,0,0,0,0,0,0,0,0,0,0,0,0,0,0,-34,-63,-25,-67,-22,-66,-19,-67,-18,-68,-11,-67,-6,-68,-4,-65,-4,-64,0,-62,2,-64,3,-58,4,-58,8,-54,8,-48,6,-48,4,-43,5,-40,2,-36,5,-34,1,-31,-1,-28,-1,-26,-11,-22,-9,-15,-7,-17,-10,-12,-13,-8,-18,-4,-17,-5,-16,-3,-24,4,-21,3,-26,7,-30,9,-26,10,-26,14,-30,20,-33,22,-35,31,-36,30,-36,34,-38,32,-38,36,-35,41,-36,43,-38,40,-42,48,-42,54,-46,56,-48,56,-48,57,-52,58,-49,56,-53,66,-58,62,-51,65,0,0]"
CSI_DATA,120,1a:00:00:00:00:00,-46,11,1,0,1,1,1,0,0,0,1,-96,0,11,2,1880258,0,44,0,384,0,"[0,0,0,0,0,0,0,0,0,0,0,0,9,6,9,5,9,5,8,5,8,4,7,3,7,2,7,2,6,1,6,1,6,0,6,-1,6,-1,6,-1,6,-2,6,-4,5,-4,5,-4,5,-5,5,-5,5,-6,5,-7,5,-7,5,-8,5,-8,5,-9,0,0,5,-9,6,-10,6,-10,6,-11,6,-10,7,-10,7,-10,7,-10,7,-10,8,-9,8,-9,8,-8,8,-7,8,-7,9,-7,8,-6,8,-6,8,-5,8,-5,8,-4,8,-3,8,-3,8,-2,7,-1,7,0,6,0,0,0,0,0,0,0,0,0,0,0,0,0,0,0,70,21,72,20,67,15,66,17,64,17,56,17,54,8,51,7,50,5,45,8,41,-1,42,-4,35,-10,38,-9,34,-10,32,-17,27,-15,28,-22,27,-23,23,-28,20,-34,19,-30,14,-34,12,-37,10,-37,7,-44,12,-47,10,-49,8,-52,6,-55,9,-54,5,-57,7,-60,6,-61,6,-65,8,-66,7,-67,7,-69,11,-66,14,-64,17,-64,25,-65,24,-61,26,-60,22,-54,24,-57,27,-53,30,-50,27,-44,27,-44,28,-41,29,-40,32,-36,33,-30,33,-23,33,-21,28,-14,0,0,0,0,0,0,0,0,0,0,0,0,0,0,0,0,0,0,0,0,0,0,-59,-42,-50,-43,-52,-51,-46,-52,-38,-55,-35,-57,-36,-51,-33,-53,-33,-57,-27,-58,-19,-58,-18,-51,-17,-51,-10,-45,-11,-41,-13,-40,-9,-35,-8,-34,-6,-29,-9,-26,-6,-21,-9,-19,-8,-17,-12,-13,-11,-7,-14,-2,-10,3,-13,6,-14,6,-9,10,-12,14,-15,16,-15,19,-14,23,-14,26,-15,30,-16,32,-15,35,-12,35,-17,39,-10,45,-15,52,-10,53,-7,56,-11,57,-9,59,-7,64,-5,67,-5,70,-11,76,-14,80,-17,77,-16,82,-12,82,-21,87,-15,86,-17,87,0,0]"
CSI_DATA,121,1a:00:00:00:00:00,-45,11,1,0,1,1,1,0,0,0,1,-96,0,11,2,1890099,0,44,0,384,0,"[0,0,0,0,0,0,0,0,0,0,0,0,-13,-2,-12,-1,-11,-1,-11,-1,-10,0,-9,0,-9,1,-8,1,-8,1,-7,2,-7,3,-6,3,-6,3,-5,4,-5,4,-5,5,-5,5,-4,5,-3,6,-3,6,-3,6,-3,6,-2,7,-2,8,-2,8,-2,9,0,0,-1,10,-2,10,-2,11,-2,10,-2,10,-3,10,-3,11,-3,10,-3,10,-3,10,-4,10,-5,9,-4,9,-5,9,-5,8,-5,8,-5,8,-5,7,-5,6,-6,6,-6,5,-6,4,-6,4,-6,4,-6,3,-5,2,0,0,0,0,0,0,0,0,0,0,0,0,0,0,-41,-9,-38,-10,-38,-6,-32,-8,-32,-6,-31,-6,-29,-5,-31,-2,-26,-3,-26,-1,-22,1,-20,3,-21,5,-19,4,-19,5,-16,6,-18,9,-12,9,-12,11,-12,13,-13,13,-12,13,-8,17,-8,18,-8,18,-9,19,-8,20,-5,23,-7,25,-6,25,-7,25,-7,28,-7,25,-7,30,-5,29,-9,30,-9,27,-6,29,-11,28,-10,28,-11,26,-14,26,-13,26,-14,27,-14,25,-15,21,-17,22,-17,20,-16,20,-18,17,-17,16,-18,13,-17,15,-18,11,-16,8,-16,5,-16,2,0,0,0,0,0,0,0,0,0,0,0,0,0,0,0,0,0,0,0,0,0,0,31,6,30,10,28,9,29,11,27,14,23,15,22,14,23,16,23,18,17,16,16,17,16,16,14,16,13,15,13,16,9,14,12,11,9,7,8,8,8,6,6,4,8,3,5,4,6,-2,5,-3,5,-2,8,-5,5,-8,6,-7,6,-10,6,-11,6,-14,6,-16,5,-16,5,-16,5,-20,4,-20,3,-21,4,-23,2,-26,1,-27,1,-32,-1,-30,0,-34,0,-33,-3,-33,-5,-35,-2,-36,-4,-39,-1,-42,2,-43,0,-43,1,-48,5,-42,2,-48,3,-46,4,-49,0,0]"
CSI_DATA,122,1a:00:00:00:00:00,-45,11,1,0,1,1,1,0,0,0,1,-96,0,11,2,1900143,0,44,0,384,0,"[0,0,0,0,0,0,0,0,0,0,0,0,12,3,11,3,10,2,10,2,9,1,8,1,8,0,8,0,7,0,7,-1,7,-1,6,-2,6,-3,6,-3,5,-4,5,-5,4,-5,4,-5,4,-6,4,-6,4,-6,3,-7,3,-7,4,-8,3,-8,3,-9,0,0,3,-9,4,-10,4,-10,4,-10,5,-10,5,-10,5,-10,5,-10,6,-10,6,-9,6,-9,7,-9,7,-8,7,-7,7,-7,7,-7,7,-6,7,-6,6,-5,6,-5,7,-4,6,-3,6,-3,6,-2,6,-1,5,0,0,0,0,0,0,0,0,0,0,0,0,0,0,0,40,13,35,15,36,12,32,10,29,11,27,12,28,5,29,9,24,9,23,6,23,0,21,1,20,-2,21,-2,18,0,16,-3,19,-5,16,-7,14,-8,14,-9,14,-11,13,-11,12,-13,12,-17,11,-15,11,-18,10,-17,9,-20,10,-20,10,-25,12,-21,12,-24,13,-26,10,-26,12,-24,15,-26,13,-28,13,-27,15,-26,15,-23,17,-24,20,-23,21,-22,20,-20,18,-19,20,-19,19,-16,20,-16,19,-14,18,-14,19,-12,20,-10,19,-7,20,-5,17,-3,16,-2,15,0,0,0,0,0,0,0,0,0,0,0,0,0,0,0,0,0,0,0,0,0,0,0,-32,2,-32,-2,-28,-6,-30,-8,-30,-9,-26,-11,-26,-9,-25,-11,-23,-13,-24,-13,-19,-15,-19,-14,-19,-13,-17,-13,-14,-11,-16,-10,-13,-9,-11,-8,-13,-6,-11,-3,-11,1,-10,0,-9,0,-11,2,-9,3,-7,5,-10,6,-9,8,-9,10,-11,12,-10,12,-11,13,-9,16,-9,16,-9,18,-7,19,-8,21,-7,23,-8,21,-7,26,-6,26,-6,27,-7,29,-5,31,-6,29,-4,34,-1,36,-4,38,-5,37,-6,39,-7,42,-8,41,-10,42,-8,41,-12,44,-12,45,-13,44,0,0]"
CSI_DATA,123,1a:00:00:00:00:00,-46,11,1,0,1,1,1,0,0,0,1,-96,0,11,2,1910120,0,44,0,384,0,"[0,0,0,0,0,0,0,0,0,0,0,0,2,12,2,12,2,10,2,10,2,9,2,8,3,8,3,7,3,6,3,5,3,5,4,5,4,4,4,3,5,3,5,3,5,1,5,2,6,1,6,0,6,-1,7,-1,7,-1,8,-1,9,-1,8,-2,0,0,9,-2,10,-2,10,-2,10,-2,10,-1,10,-1,11,-1,10,0,11,-1,10,1,10,1,10,1,9,2,9,2,9,3,9,3,8,3,8,3,7,3,7,3,6,4,6,4,4,4,4,5,3,5,2,4,0,0,0,0,0,0,0,0,0,0,0,0,0,0,2,38,1,36,2,39,-1,34,1,37,2,32,2,28,2,29,4,24,4,25,7,22,5,23,5,18,7,15,10,14,8,16,11,11,15,11,13,11,13,9,16,6,15,7,18,6,15,3,19,2,19,2,19,0,21,-1,22,-1,24,-2,25,-2,26,-1,24,-2,29,-4,27,-2,29,-2,31,0,31,1,29,2,28,5,30,4,30,3,28,6,28,6,26,7,27,6,24,10,24,9,23,9,21,11,18,13,17,12,14,14,13,13,12,13,10,14,8,14,0,0,0,0,0,0,0,0,0,0,0,0,0,0,0,0,0,0,0,0,0,0,-10,-32,-7,-32,-2,-30,-1,-33,3,-31,3,-31,4,-29,5,-27,7,-29,8,-26,9,-25,7,-23,7,-23,9,-21,6,-16,4,-16,4,-16,3,-15,3,-13,0,-12,0,-11,-2,-13,-3,-9,-7,-8,-6,-9,-8,-7,-10,-8,-12,-8,-12,-6,-15,-6,-15,-5,-18,-3,-17,-5,-18,-3,-20,-3,-22,-4,-21,-1,-25,-1,-24,0,-27,3,-30,2,-30,7,-33,5,-31,6,-34,7,-31,6,-35,6,-37,7,-39,6,-39,8,-42,9,-43,12,-46,6,-43,8,-47,6,-46,6,-47,5,0,0]"
CSI_DATA,124,1a:00:00:00:00:00,-46,11,1,0,1,1,1,0,0,0,1,-96,0,11,2,1960137,0,44,0,384,0,"[0,0,0,0,0,0,0,0,0,0,0,0,-5,-13,-6,-12,-6,-11,-5,-11,-6,-10,-5,-9,-5,-9,-6,-7,-5,-7,-5,-6,-5,-6,-6,-5,-6,-4,-6,-4,-6,-3,-7,-2,-7,-2,-7,-2,-7,-1,-7,0,-7,0,-8,1,-8,1,-8,2,-9,2,-9,2,0,0,-9,3,-10,3,-11,3,-10,3,-11,3,-11,3,-11,3,-11,2,-11,2,-11,1,-11,1,-11,0,-11,0,-10,0,-10,-1,-10,-1,-10,-1,-9,-2,-9,-2,-8,-2,-8,-3,-7,-3,-7,-3,-6,-4,-5,-5,-4,-4,0,0,0,0,0,0,0,0,0,0,0,0,0,0,-23,-74,-21,-73,-26,-67,-22,-66,-24,-64,-20,-62,-22,-56,-23,-54,-22,-48,-18,-47,-23,-41,-24,-34,-25,-37,-26,-27,-20,-30,-24,-26,-26,-26,-28,-24,-29,-14,-30,-14,-33,-8,-35,-8,-36,-1,-34,0,-35,-1,-39,4,-39,5,-40,6,-41,4,-44,13,-43,8,-48,13,-48,10,-51,10,-50,15,-54,10,-52,9,-51,12,-57,11,-56,4,-55,4,-58,-1,-57,-3,-54,-5,-49,-2,-51,-6,-52,-13,-51,-11,-43,-11,-42,-12,-40,-17,-41,-19,-34,-18,-28,-18,-24,-23,-22,-25,-19,-26,0,0,0,0,0,0,0,0,0,0,0,0,0,0,0,0,0,0,0,0,0,0,46,41,44,45,40,47,36,51,33,52,27,52,25,50,23,53,25,54,19,50,13,54,16,49,15,47,9,43,6,41,8,39,14,36,13,34,14,27,11,26,14,20,19,21,17,17,16,17,18,15,24,7,22,12,28,9,28,5,30,1,30,4,35,-3,35,-4,36,-8,42,-12,41,-16,39,-14,46,-12,46,-19,46,-21,50,-27,53,-32,52,-28,55,-36,57,-32,53,-39,56,-39,63,-42,56,-44,66,-43,73,-44,72,-42,82,-47,77,-42,83,-40,81,-41,84,-34,0,0]"
CSI_DATA,125,1a:00:00:00:00:00,-46,11,1,0,1,1,1,0,0,0,1,-96,0,11,2,1980167,0,44,0,384,0,"[0,0,0,0,0,0,0,0,0,0,0,0,-11,8,-10,7,-9,7,-9,6,-8,6,-7,6,-7,6,-6,6,-5,6,-4,5,-5,6,-3,6,-3,5,-2,5,-2,5,-1,6,-1,5,0,6,1,6,1,6,1,6,2,6,2,6,3,7,3,7,4,7,0,0,4,7,4,8,5,8,5,8,4,8,4,8,4,9,4,9,4,9,3,9,2,9,2,9,2,9,1,8,1,9,0,8,0,8,0,8,-1,7,-1,7,-1,7,-2,6,-3,5,-3,5,-3,4,-4,4,0,0,0,0,0,0,0,0,0,0,0,0,0,0,-73,43,-75,40,-63,43,-64,37,-62,37,-56,30,-57,31,-50,31,-47,31,-37,30,-37,28,-33,29,-30,35,-25,32,-25,30,-20,30,-15,32,-13,30,-15,29,-8,36,0,30,1,36,0,31,2,35,4,34,12,37,8,37,11,40,14,42,19,44,22,44,20,44,19,46,19,46,23,52,16,53,21,54,21,56,19,57,15,54,16,57,13,55,5,56,10,58,0,52,5,50,-2,49,-3,53,-3,43,-2,45,-8,40,-12,37,-14,39,-15,36,-21,30,-18,26,-21,21,0,0,0,0,0,0,0,0,0,0,0,0,0,0,0,0,0,0,0,0,0,0,36,-55,35,-48,43,-54,46,-43,52,-39,48,-30,50,-35,50,-31,48,-29,52,-28,47,-20,45,-16,44,-22,44,-20,36,-13,35,-13,25,-16,30,-17,28,-15,23,-19,21,-14,23,-18,15,-20,11,-20,11,-24,3,-25,2,-26,2,-24,2,-27,-4,-32,-8,-32,-8,-30,-9,-37,-15,-34,-19,-43,-20,-38,-21,-38,-26,-41,-26,-41,-30,-43,-31,-44,-41,-49,-39,-47,-45,-52,-46,-46,-42,-45,-44,-51,-52,-50,-56,-53,-55,-62,-60,-66,-60,-64,-62,-66,-61,-71,-61,-76,-57,-73,-56,-80,0,0]"
CSI_DATA,126,1a:00:00:00:00:00,-46,11,1,0,1,1,1,0,0,0,1,-96,0,11,2,1990684,0,44,0,384,0,"[0,0,0,0,0,0,0,0,0,0,0,0,-11,9,-9,9,-8,8,-9,8,-8,7,-7,7,-6,7,-6,7,-5,7,-4,6,-4,6,-3,6,-2,6,-1,6,-1,6,0,6,0,6,1,6,1,6,1,6,2,6,3,6,3,6,4,6,4,7,4,7,0,0,5,7,5,8,5,8,6,8,5,8,5,9,5,9,4,9,5,9,4,9,3,10,2,9,2,9,2,9,1,9,1,9,1,9,0,8,0,8,0,7,-2,7,-2,7,-2,6,-3,6,-3,5,-3,4,0,0,0,0,0,0,0,0,0,0,0,0,0,0,-71,53,-69,53,-59,51,-54,47,-55,47,-46,38,-49,43,-45,41,-40,38,-36,41,-33,44,-25,36,-24,37,-26,34,-19,35,-11,35,-11,33,-5,34,-5,35,0,37,5,35,7,37,8,32,11,36,12,36,13,36,19,39,20,35,24,36,29,36,27,43,33,42,28,46,29,47,30,48,31,50,26,56,29,53,22,56,27,54,19,51,18,54,15,56,15,57,7,53,11,55,9,48,8,51,4,43,1,45,-5,42,-2,44,-9,38,-12,39,-13,30,-17,30,-18,23,0,0,0,0,0,0,0,0,0,0,0,0,0,0,0,0,0,0,0,0,0,0,23,-65,26,-58,34,-61,35,-55,46,-50,44,-42,41,-42,45,-39,45,-38,44,-29,45,-30,39,-25,40,-29,40,-23,32,-17,33,-22,27,-19,29,-20,21,-21,25,-23,24,-20,14,-19,12,-23,7,-18,5,-20,3,-25,-2,-26,-2,-27,-6,-25,-10,-31,-11,-28,-12,-31,-21,-31,-23,-28,-25,-36,-21,-30,-29,-33,-34,-29,-35,-33,-44,-32,-40,-33,-49,-41,-48,-39,-57,-36,-53,-40,-63,-40,-54,-39,-68,-39,-69,-43,-68,-52,-66,-51,-72,-49,-75,-56,-78,-59,-75,-63,-71,-61,-68,-65,0,0]"
CSI_DATA,127,1a:00:00:00:00:00,-46,11,1,0,1,1,1,0,0,0,1,-96,0,11,2,2000153,0,44,0,384,0,"[0,0,0,0,0,0,0,0,0,0,0,0,8,-11,7,-10,7,-10,6,-9,6,-9,6,-8,5,-9,4,-8,3,-8,2,-7,2,-8,1,-8,1,-7,0,-7,-1,-7,-1,-7,-2,-7,-2,-7,-3,-6,-3,-7,-4,-6,-5,-6,-5,-6,-6,-7,-6,-7,-7,-7,0,0,-7,-7,-7,-8,-8,-9,-8,-8,-7,-9,-8,-9,-8,-9,-7,-9,-7,-9,-7,-10,-7,-10,-5,-10,-5,-10,-4,-10,-4,-10,-4,-9,-3,-10,-3,-9,-3,-9,-2,-9,-1,-8,-1,-8,0,-8,1,-7,1,-7,2,-6,0,0,0,0,0,0,0,0,0,0,0,0,0,0,53,-66,54,-63,46,-65,47,-57,41,-59,37,-54,38,-50,34,-48,28,-46,24,-47,21,-47,14,-42,17,-42,10,-36,12,-40,5,-39,0,-40,-3,-31,-3,-33,-9,-32,-12,-33,-15,-32,-18,-31,-22,-31,-21,-30,-25,-32,-28,-30,-29,-29,-31,-32,-39,-33,-38,-30,-36,-35,-37,-37,-42,-40,-46,-35,-42,-44,-44,-48,-39,-44,-38,-46,-41,-46,-32,-48,-37,-50,-33,-53,-28,-52,-25,-50,-28,-45,-23,-50,-19,-50,-18,-43,-13,-46,-10,-43,-6,-43,-3,-37,3,-43,3,-36,5,-34,9,-29,0,0,0,0,0,0,0,0,0,0,0,0,0,0,0,0,0,0,0,0,0,0,-21,62,-27,57,-30,59,-38,58,-38,52,-37,45,-42,40,-43,39,-42,41,-44,37,-43,32,-39,33,-40,32,-39,27,-34,20,-30,23,-27,21,-28,18,-23,21,-20,16,-16,17,-9,18,-10,21,-5,16,-5,21,-1,19,2,19,8,22,9,20,13,20,21,22,18,25,19,27,21,24,27,29,30,23,30,26,38,27,37,24,43,26,45,23,51,22,52,23,60,29,54,20,60,28,60,26,67,25,70,28,74,30,76,33,80,30,80,38,83,38,88,46,78,44,78,52,0,0]"
CSI_DATA,128,1a:00:00:00:00:00,-46,11,1,0,1,1,1,0,0,0,1,-96,0,11,2,2010203,0,44,0,384,0,"[0,0,0,0,0,0,0,0,0,0,0,0,-11,8,-11,7,-9,7,-9,6,-8,6,-8,6,-7,6,-6,6,-5,6,-4,5,-4,6,-3,6,-2,5,-1,6,-1,6,0,6,0,6,1,5,2,6,2,6,2,6,3,6,3,6,4,6,5,6,5,6,0,0,6,7,5,7,6,8,6,7,6,8,6,9,6,9,5,8,5,9,5,9,5,9,4,9,3,9,3,9,3,9,3,9,2,8,2,8,1,8,1,7,0,8,-1,7,-1,6,-2,6,-2,5,-2,5,0,0,0,0,0,0,0,0,0,0,0,0,0,0,-78,29,-72,31,-70,33,-63,29,-62,32,-56,28,-53,24,-51,23,-44,25,-39,25,-39,26,-36,26,-31,28,-25,28,-23,32,-15,27,-17,31,-13,31,-10,29,-8,33,-1,35,-2,33,3,34,10,36,10,35,10,35,15,34,22,42,18,42,29,39,22,37,31,46,25,43,27,50,24,43,28,54,27,49,30,57,20,55,18,57,23,46,19,55,17,55,13,54,9,54,12,54,8,49,7,47,5,49,-2,44,-3,44,-5,42,-7,41,-11,35,-16,38,-14,27,-19,25,0,0,0,0,0,0,0,0,0,0,0,0,0,0,0,0,0,0,0,0,0,0,62,-29,64,-22,64,-17,64,-8,64,-5,62,-1,61,1,58,3,57,6,54,9,54,6,48,5,52,4,49,11,46,8,37,11,35,7,32,6,31,5,27,1,26,6,22,-2,17,-2,19,-7,12,-8,10,-12,12,-17,8,-19,4,-17,7,-22,3,-22,2,-29,0,-28,-7,-31,-2,-32,-9,-33,-13,-35,-11,-40,-17,-36,-21,-42,-22,-43,-28,-47,-30,-49,-28,-51,-32,-51,-38,-49,-39,-52,-41,-59,-43,-60,-44,-68,-49,-68,-50,-64,-46,-77,-44,-71,-45,-80,-46,-80,-42,-82,0,0]"
CSI_DATA,129,1a:00:00:00:00:00,-46,11,1,0,1,1,1,0,0,0,1,-96,0,11,2,2020296,0,44,0,384,0,"[0,0,0,0,0,0,0,0,0,0,0,0,7,10,7,10,7,8,7,8,6,7,5,7,5,6,5,5,5,4,5,4,5,3,5,2,6,2,6,1,6,1,5,-1,5,-1,5,-1,6,-2,6,-2,6,-3,6,-3,6,-4,7,-5,7,-5,6,-6,0,0,8,-7,8,-6,9,-7,8,-7,9,-6,9,-6,9,-6,9,-6,10,-5,9,-5,10,-5,9,-4,9,-4,10,-4,9,-3,9,-2,9,-2,9,-2,8,-1,8,-1,8,0,7,0,7,1,6,1,5,2,4,3,0,0,0,0,0,0,0,0,0,0,0,0,0,0,35,77,34,74,38,71,29,66,31,63,26,56,32,51,24,52,28,45,24,47,27,39,27,33,25,32,26,24,27,24,32,15,36,14,28,13,27,8,29,2,36,0,32,-1,31,-3,35,-4,33,-6,37,-13,38,-10,35,-19,38,-19,44,-25,44,-23,44,-24,51,-24,49,-29,48,-24,57,-23,56,-25,49,-25,57,-23,57,-18,55,-18,59,-17,56,-10,58,-13,55,-5,54,-5,52,-4,51,-4,48,-2,50,1,45,6,46,3,41,9,38,10,36,14,32,17,27,18,0,0,0,0,0,0,0,0,0,0,0,0,0,0,0,0,0,0,0,0,0,0,-36,-64,-28,-66,-26,-67,-18,-73,-13,-67,-8,-70,-7,-65,-3,-65,0,-67,0,-60,6,-61,4,-57,4,-55,5,-53,5,-43,11,-44,7,-43,5,-37,2,-35,3,-34,3,-29,0,-29,-1,-21,-7,-18,-5,-18,-10,-15,-10,-10,-17,-8,-21,-5,-19,-5,-18,-4,-25,0,-29,2,-32,4,-34,2,-32,9,-35,11,-35,16,-37,18,-38,20,-41,24,-43,28,-46,27,-49,33,-50,33,-48,38,-52,44,-49,43,-60,43,-62,51,-63,49,-62,46,-75,55,-74,49,-79,52,-78,52,-76,45,0,0]"
CSI_DATA,130,1a:00:00:00:00:00,-46,11,1,0,1,1,1,0,0,0,1,-96,0,11,2,2050151,0,44,0,384,0,"[0,0,0,0,0,0,0,0,0,0,0,0,4,11,3,10,4,9,4,9,4,8,3,7,4,7,4,6,4,6,4,4,4,4,5,3,5,3,5,2,5,2,6,1,6,0,5,0,6,-1,6,-1,6,-2,6,-2,6,-3,7,-4,7,-4,7,-5,0,0,8,-5,9,-6,9,-6,9,-6,9,-6,10,-6,10,-5,10,-5,10,-5,10,-5,11,-4,10,-4,10,-4,9,-3,9,-3,10,-2,9,-2,9,-2,9,-1,9,-1,8,0,8,0,7,1,7,1,6,2,5,3,0,0,0,0,0,0,0,0,0,0,0,0,0,0,30,73,28,71,28,66,23,59,28,61,21,59,26,48,26,50,24,47,27,43,26,39,27,35,27,31,29,26,25,21,29,16,34,16,30,11,29,6,34,7,38,2,33,1,35,-11,36,-9,35,-10,39,-11,32,-20,43,-20,40,-25,46,-26,38,-26,43,-29,48,-30,48,-38,43,-32,51,-32,54,-32,54,-34,56,-29,54,-32,54,-29,56,-25,58,-25,57,-27,60,-20,57,-24,53,-17,55,-11,53,-13,53,-9,52,-8,50,-4,43,-1,45,5,43,4,39,10,39,13,0,0,0,0,0,0,0,0,0,0,0,0,0,0,0,0,0,0,0,0,0,0,-5,-72,4,-73,7,-78,13,-75,18,-72,22,-66,24,-65,24,-62,28,-67,31,-60,27,-57,29,-56,30,-59,35,-51,32,-45,29,-45,28,-44,22,-36,19,-34,21,-36,17,-32,18,-28,13,-25,11,-27,7,-23,6,-24,-2,-22,-5,-23,-5,-17,-9,-15,-12,-13,-12,-14,-21,-10,-24,-8,-19,-11,-31,-3,-30,-4,-32,3,-31,6,-33,9,-38,9,-44,12,-41,10,-45,15,-48,16,-46,30,-58,21,-55,20,-60,29,-60,36,-58,35,-68,37,-77,34,-65,32,-75,37,-72,37,-74,36,0,0]"
CSI_DATA,131,1a:00:00:00:00:00,-46,11,1,0,1,1,1,0,0,0,1,-96,0,11,2,2070148,0,44,0,384,0,"[0,0,0,0,0,0,0,0,0,0,0,0,-1,-13,-2,-13,-2,-12,-2,-12,-2,-11,-2,-10,-3,-10,-3,-9,-3,-8,-4,-7,-4,-7,-4,-6,-5,-6,-5,-5,-6,-4,-6,-4,-6,-3,-6,-3,-7,-3,-8,-2,-7,-2,-8,-1,-8,-1,-9,0,-9,1,-10,0,0,0,-10,1,-11,1,-11,1,-12,2,-11,1,-12,0,-12,0,-12,0,-13,0,-13,-1,-13,-1,-12,-1,-12,-2,-11,-2,-11,-3,-11,-3,-10,-3,-11,-3,-10,-4,-9,-4,-9,-5,-8,-5,-8,-5,-7,-5,-6,-6,-5,-6,0,0,0,0,0,0,0,0,0,0,0,0,0,0,9,-75,11,-73,5,-77,7,-70,1,-66,2,-63,-2,-55,3,-61,1,-50,-6,-50,-10,-48,-10,-44,-7,-42,-13,-35,-14,-36,-20,-32,-23,-29,-24,-26,-24,-22,-28,-20,-31,-21,-26,-17,-30,-10,-34,-12,-36,-13,-40,-7,-36,-3,-46,0,-50,-1,-50,-1,-52,6,-56,4,-48,3,-58,4,-58,6,-66,3,-61,6,-61,5,-61,-7,-63,-3,-62,-1,-64,-6,-62,-6,-59,-10,-60,-14,-55,-14,-57,-15,-50,-13,-53,-16,-46,-20,-46,-23,-43,-18,-38,-23,-32,-26,-36,-24,-30,-28,-23,-31,0,0,0,0,0,0,0,0,0,0,0,0,0,0,0,0,0,0,0,0,0,0,-46,76,-51,76,-42,69,-35,81,-53,73,-67,57,-26,46,-27,44,-40,64,-21,60,-48,43,-16,40,-72,54,-27,15,-55,53,-67,32,-19,28,-17,23,-55,37,-27,9,-34,-1,-15,38,-15,34,-16,28,-33,16,-1,25,-1,21,-19,27,6,5,9,7,9,4,23,5,16,28,4,8,7,31,34,18,17,3,28,13,26,13,32,9,37,14,42,3,44,9,45,3,52,5,47,1,55,3,61,-3,63,-3,62,-2,72,-1,69,-8,79,-1,71,-1,80,-2,81,3,78,5,0,0]"
CSI_DATA,132,1a:00:00:00:00:00,-46,11,1,0,1,1,1,0,0,0,1,-96,0,11,2,2080111,0,44,0,384,0,"[0,0,0,0,0,0,0,0,0,0,0,0,5,-12,5,-11,3,-10,4,-10,3,-10,3,-9,2,-9,1,-8,1,-8,1,-7,0,-7,-1,-7,-2,-7,-2,-7,-2,-6,-4,-6,-4,-6,-4,-5,-4,-5,-5,-5,-5,-5,-6,-5,-6,-5,-7,-5,-8,-5,-8,-5,0,0,-9,-4,-10,-5,-10,-5,-10,-5,-10,-5,-10,-6,-10,-6,-10,-6,-10,-7,-10,-7,-10,-7,-9,-7,-8,-7,-8,-8,-8,-8,-8,-8,-7,-7,-6,-8,-6,-8,-6,-8,-5,-8,-4,-8,-4,-8,-3,-8,-2,-8,-1,-7,0,0,0,0,0,0,0,0,0,0,0,0,0,0,43,-64,37,-56,37,-67,31,-60,33,-59,30,-53,26,-53,26,-50,25,-43,19,-45,9,-46,8,-39,6,-46,6,-45,6,-41,-4,-36,-5,-38,-11,-34,-15,-29,-13,-31,-22,-32,-17,-31,-23,-23,-23,-28,-28,-24,-30,-24,-37,-22,-41,-25,-45,-23,-46,-23,-46,-19,-49,-16,-49,-24,-50,-23,-51,-22,-55,-26,-57,-25,-56,-28,-54,-34,-54,-27,-51,-30,-53,-30,-49,-39,-47,-35,-48,-36,-44,-38,-45,-39,-41,-43,-40,-36,-38,-37,-32,-40,-34,-40,-24,-42,-22,-40,-14,-40,-13,-37,-9,-38,0,0,0,0,0,0,0,0,0,0,0,0,0,0,0,0,0,0,0,0,0,0,-49,55,-55,47,-54,47,-60,42,-60,36,-59,35,-59,30,-62,24,-62,30,-62,22,-63,17,-59,14,-65,17,-58,11,-52,10,-50,9,-51,14,-47,9,-40,8,-41,7,-37,9,-33,11,-29,15,-29,12,-25,11,-19,10,-14,15,-14,17,-8,14,-5,15,-3,13,2,18,1,18,1,21,8,22,11,19,16,20,16,23,19,18,24,25,27,22,35,26,38,26,37,15,46,23,43,27,48,26,51,25,53,24,63,28,66,31,70,25,68,29,67,28,70,41,74,37,71,38,0,0]"
CSI_DATA,133,1a:00:00:00:00:00,-46,11,1,0,1,1,1,0,0,0,1,-96,0,11,2,2090265,0,44,0,384,0,"[0,0,0,0,0,0,0,0,0,0,0,0,9,-9,8,-9,7,-8,7,-8,6,-7,6,-7,5,-8,4,-7,4,-7,3,-7,3,-7,2,-7,1,-7,0,-7,0,-7,-1,-7,-1,-7,-2,-6,-3,-7,-3,-7,-3,-6,-4,-7,-5,-6,-5,-7,-6,-7,-6,-7,0,0,-7,-8,-7,-8,-8,-8,-8,-8,-7,-9,-8,-10,-8,-9,-7,-10,-7,-10,-7,-10,-7,-10,-6,-10,-6,-10,-6,-10,-5,-10,-5,-10,-4,-10,-4,-10,-3,-9,-3,-9,-2,-9,-1,-9,-1,-8,0,-8,0,-8,1,-7,0,0,0,0,0,0,0,0,0,0,0,0,0,0,78,-18,78,-11,69,-17,61,-16,64,-17,55,-17,56,-14,53,-18,52,-20,43,-21,42,-16,35,-25,36,-25,34,-27,25,-21,21,-26,24,-27,20,-29,15,-30,9,-35,8,-38,9,-34,3,-35,4,-38,1,-39,-4,-38,-6,-37,-9,-45,-10,-44,-12,-49,-12,-46,-14,-55,-13,-52,-16,-52,-14,-57,-19,-55,-12,-58,-14,-59,-13,-63,-13,-61,-7,-59,-2,-62,-6,-64,2,-66,3,-61,0,-58,2,-54,7,-56,7,-50,10,-49,10,-45,12,-47,13,-45,20,-42,24,-38,22,-32,24,-30,0,0,0,0,0,0,0,0,0,0,0,0,0,0,0,0,0,0,0,0,0,0,-73,14,-70,9,-74,3,-73,-7,-73,-5,-64,-11,-63,-14,-64,-15,-68,-20,-63,-18,-59,-24,-57,-23,-64,-19,-57,-26,-45,-26,-45,-26,-46,-21,-42,-22,-37,-22,-40,-15,-29,-13,-37,-13,-29,-11,-26,-11,-25,-9,-24,-1,-21,0,-20,6,-19,2,-11,8,-14,9,-13,16,-14,16,-10,22,-10,20,-6,28,-3,24,-4,28,4,29,3,32,4,34,9,40,12,42,9,47,9,40,17,52,23,51,24,50,21,56,23,69,27,63,29,70,28,71,23,72,23,78,23,73,22,77,0,0]"
CSI_DATA,134,1a:00:00:00:00:00,-46,11,1,0,1,1,1,0,0,0,1,-96,0,11,2,2120125,0,44,0,384,0,"[0,0,0,0,0,0,0,0,0,0,0,0,11,-4,11,-4,10,-4,9,-3,9,-4,8,-4,7,-4,6,-4,7,-4,6,-5,5,-5,4,-5,4,-5,3,-5,3,-5,3,-6,2,-6,1,-6,1,-6,0,-7,0,-7,-1,-7,-1,-7,-2,-8,-2,-9,-3,-8,0,0,-3,-10,-3,-10,-3,-10,-3,-11,-3,-11,-2,-11,-3,-11,-2,-11,-2,-11,-1,-11,-1,-12,0,-11,0,-11,0,-11,1,-10,1,-10,1,-10,1,-10,2,-9,2,-9,3,-8,3,-8,4,-7,4,-7,4,-6,4,-5,0,0,0,0,0,0,0,0,0,0,0,0,0,0,75,-13,77,-12,70,-14,68,-11,70,-11,60,-11,61,-15,55,-15,57,-15,45,-16,43,-20,38,-19,41,-21,39,-18,29,-19,29,-22,23,-27,20,-28,18,-27,18,-33,13,-31,12,-35,5,-32,4,-39,1,-36,2,-40,-1,-40,-9,-40,-5,-44,-10,-48,-10,-49,-12,-52,-11,-53,-11,-51,-15,-58,-12,-54,-12,-58,-14,-60,-8,-60,-4,-61,-2,-62,3,-59,3,-58,0,-61,1,-56,3,-57,8,-55,6,-57,9,-49,13,-47,14,-48,14,-45,17,-41,23,-41,24,-30,26,-30,30,-23,0,0,0,0,0,0,0,0,0,0,0,0,0,0,0,0,0,0,0,0,0,0,-76,18,-70,7,-74,5,-71,-1,-72,-9,-65,-11,-67,-12,-70,-17,-67,-20,-68,-20,-60,-24,-60,-25,-60,-23,-51,-22,-49,-23,-44,-25,-43,-19,-42,-21,-34,-15,-36,-15,-32,-14,-36,-12,-29,-9,-28,-6,-31,-5,-25,1,-23,0,-22,6,-19,7,-17,12,-17,14,-14,17,-13,19,-16,23,-14,27,-8,28,-9,29,-1,29,0,34,2,39,5,39,9,42,7,46,12,50,14,44,17,54,15,55,19,56,24,59,18,70,24,68,24,67,22,77,21,76,23,79,23,77,20,85,0,0]"
CSI_DATA,135,1a:00:00:00:00:00,-46,11,1,0,1,1,1,0,0,0,1,-96,0,11,2,2130135,0,44,0,384,0,"[0,0,0,0,0,0,0,0,0,0,0,0,-3,11,-3,11,-2,10,-2,10,-1,9,-2,8,-1,9,0,7,0,7,0,7,0,6,1,6,2,5,2,5,2,5,3,4,4,4,4,4,4,4,5,3,5,3,5,3,5,2,7,2,7,1,7,1,0,0,8,2,9,2,9,2,9,2,9,2,9,3,10,3,9,3,9,4,9,4,9,4,8,4,8,4,8,4,7,5,7,5,7,6,7,6,6,6,5,6,4,6,4,6,3,6,3,6,1,6,1,6,0,0,0,0,0,0,0,0,0,0,0,0,0,0,-11,79,-5,71,-7,69,-8,69,-5,65,-4,62,-5,58,-1,56,-3,51,2,50,4,48,6,44,6,47,8,36,11,38,14,34,15,29,15,24,23,25,20,22,28,24,30,19,26,16,31,14,29,10,34,9,36,9,37,5,44,4,49,4,46,3,53,-1,49,-1,57,-2,58,-1,57,3,58,6,57,1,58,6,55,11,60,9,61,12,59,20,55,18,55,19,53,20,48,23,50,18,48,17,45,19,40,22,36,26,36,29,33,32,25,33,22,27,14,34,0,0,0,0,0,0,0,0,0,0,0,0,0,0,0,0,0,0,0,0,0,0,10,-73,17,-72,21,-69,26,-67,34,-65,34,-59,28,-59,37,-58,36,-55,39,-50,42,-50,40,-46,41,-46,38,-35,35,-33,37,-33,30,-36,28,-29,23,-32,23,-29,22,-24,17,-26,13,-26,12,-26,8,-25,5,-23,3,-22,-5,-15,-5,-22,-9,-21,-7,-21,-11,-19,-16,-18,-23,-16,-24,-19,-28,-17,-30,-16,-35,-14,-35,-15,-38,-10,-39,-7,-47,-8,-51,-8,-47,-5,-52,-2,-54,-6,-59,-2,-61,0,-64,2,-68,0,-73,-3,-76,1,-84,1,-81,-1,-84,-7,-85,-3,-81,-2,0,0]"
CSI_DATA,136,1a:00:00:00:00:00,-46,11,1,0,1,1,1,0,0,0,1,-96,0,11,2,2150124,0,44,0,384,0,"[0,0,0,0,0,0,0,0,0,0,0,0,0,-14,-1,-13,-2,-12,-1,-12,-1,-11,-1,-10,-2,-10,-2,-9,-2,-9,-3,-8,-3,-8,-3,-7,-3,-6,-4,-5,-4,-5,-5,-5,-5,-4,-5,-3,-6,-3,-7,-3,-6,-2,-7,-2,-7,-1,-8,-1,-8,-1,-9,-1,0,0,-10,0,-10,-1,-11,-1,-11,-1,-11,-1,-11,-1,-11,-1,-11,-1,-11,-2,-11,-3,-11,-3,-10,-4,-10,-4,-10,-4,-9,-4,-9,-5,-9,-5,-9,-5,-8,-5,-8,-5,-7,-6,-6,-5,-5,-6,-5,-6,-3,-6,-3,-6,0,0,0,0,0,0,0,0,0,0,0,0,0,0,17,-82,19,-81,12,-81,12,-79,12,-76,11,-67,11,-69,11,-63,12,-57,3,-53,1,-53,0,-47,-9,-48,-8,-42,-10,-42,-15,-36,-17,-34,-18,-29,-14,-28,-23,-26,-25,-27,-24,-23,-26,-18,-28,-17,-33,-17,-34,-18,-41,-12,-42,-8,-42,-8,-44,-8,-49,-8,-51,-9,-47,-9,-60,-6,-59,-5,-53,-18,-59,-14,-59,-13,-61,-18,-61,-17,-57,-21,-56,-19,-56,-21,-54,-27,-48,-22,-50,-27,-47,-32,-43,-28,-41,-33,-37,-30,-35,-33,-32,-35,-30,-37,-27,-34,-21,-33,-16,-29,-13,-30,0,0,0,0,0,0,0,0,0,0,0,0,0,0,0,0,0,0,0,0,0,0,5,70,-3,70,-8,70,-15,70,-19,68,-20,65,-26,62,-24,60,-28,59,-32,55,-36,54,-29,55,-32,48,-32,43,-26,39,-28,38,-23,38,-22,36,-20,31,-15,25,-17,24,-13,30,-9,27,-3,24,-4,23,-4,26,8,21,5,22,9,21,13,21,18,17,18,19,25,16,27,14,31,18,29,17,38,14,40,10,39,11,46,4,45,3,54,1,49,-1,54,-2,61,0,56,3,61,-1,66,-6,69,-4,80,-2,77,-6,86,-6,83,-3,86,-5,92,-3,91,4,90,8,0,0]"
CSI_DATA,137,1a:00:00:00:00:00,-46,11,1,0,1,1,1,0,0,0,1,-96,0,11,2,2160190,0,44,0,384,0,"[0,0,0,0,0,0,0,0,0,0,0,0,-10,9,-9,9,-8,8,-8,8,-8,7,-7,7,-6,7,-6,7,-5,6,-3,6,-4,6,-3,6,-2,5,-1,5,-1,5,0,6,0,5,1,5,1,5,2,5,3,5,3,5,3,5,4,5,4,5,5,5,0,0,6,6,6,6,6,6,7,6,6,7,7,7,7,7,6,7,6,7,6,8,5,9,4,8,4,8,4,8,3,8,3,8,3,8,3,8,2,7,1,7,1,7,0,6,0,6,-1,6,-2,5,-2,5,0,0,0,0,0,0,0,0,0,0,0,0,0,0,-60,65,-60,60,-55,61,-51,58,-49,51,-49,48,-47,47,-42,47,-38,43,-37,44,-28,44,-24,35,-23,39,-17,38,-16,33,-11,37,-10,38,-4,34,-1,32,-1,31,10,34,8,32,13,30,11,30,19,31,22,32,20,25,26,29,27,31,31,28,34,32,36,30,33,30,40,34,40,33,40,38,38,39,42,38,38,43,36,45,32,43,28,48,29,45,24,50,25,45,22,47,18,47,15,45,16,42,15,41,12,41,9,39,2,41,1,35,-2,36,-5,34,-8,31,0,0,0,0,0,0,0,0,0,0,0,0,0,0,0,0,0,0,0,0,0,0,28,-63,37,-59,36,-55,46,-58,44,-48,47,-43,44,-41,47,-39,49,-40,49,-36,51,-31,46,-25,47,-32,43,-26,41,-23,37,-22,36,-21,34,-20,31,-21,26,-18,22,-23,20,-24,20,-20,14,-21,14,-21,6,-25,5,-26,-3,-26,-4,-23,-5,-27,-5,-26,-11,-31,-15,-29,-15,-29,-16,-32,-26,-31,-25,-34,-30,-32,-32,-31,-41,-33,-36,-35,-43,-27,-47,-35,-52,-38,-54,-35,-55,-30,-61,-32,-63,-35,-68,-38,-72,-41,-74,-44,-78,-47,-80,-51,-74,-52,-77,-55,-85,-56,-77,-58,0,0]"
CSI_DATA,138,1a:00:00:00:00:00,-46,11,1,0,1,1,1,0,0,0,1,-96,0,11,2,2172608,0,44,0,384,0,"[0,0,0,0,0,0,0,0,0,0,0,0,-4,13,-2,12,-3,12,-3,11,-3,10,-2,9,-1,9,-1,8,-1,8,0,7,0,7,1,6,1,6,1,5,2,5,3,5,3,4,3,4,4,4,4,3,4,3,5,3,5,3,6,2,6,2,7,2,0,0,7,2,8,3,8,3,8,3,8,3,8,4,8,3,8,4,8,4,8,4,7,5,7,5,6,5,6,5,6,5,5,6,5,5,4,5,4,5,4,5,3,5,3,5,2,5,1,5,0,5,0,5,0,0,0,0,0,0,0,0,0,0,0,0,0,0,-8,40,-10,39,-7,39,-7,38,-5,32,-4,30,-3,29,-5,30,-4,26,-4,25,-3,24,-1,22,-1,22,0,20,1,19,4,16,4,17,7,13,6,14,6,13,12,10,8,9,11,9,13,10,13,7,16,9,15,8,17,6,17,5,19,5,21,6,24,4,20,4,25,7,22,6,26,9,25,7,24,8,24,9,24,8,22,10,23,12,23,15,21,14,19,12,19,12,18,14,17,14,17,15,14,15,15,15,12,14,10,16,6,13,7,13,6,16,3,13,0,0,0,0,0,0,0,0,0,0,0,0,0,0,0,0,0,0,0,0,0,0,-14,-29,-11,-33,-9,-32,-7,-33,-4,-31,-2,-30,-1,-29,0,-27,2,-31,3,-29,2,-27,1,-28,3,-25,4,-25,5,-21,3,-21,0,-19,0,-20,1,-18,0,-16,-3,-17,-2,-16,-3,-17,-6,-16,-6,-16,-11,-13,-9,-13,-11,-12,-11,-13,-14,-13,-14,-10,-16,-10,-18,-11,-18,-7,-19,-9,-21,-10,-21,-8,-24,-6,-24,-7,-27,-2,-28,-3,-29,-1,-32,-1,-34,-1,-33,0,-32,1,-37,1,-36,1,-39,3,-41,1,-40,0,-44,0,-47,-1,-44,-1,-47,0,-49,-1,-47,-4,0,0]"
CSI_DATA,139,1a:00:00:00:00:00,-46,11,1,0,1,1,1,0,0,0,1,-96,0,11,2,2180134,0,44,0,384,0,"[0,0,0,0,0,0,0,0,0,0,0,0,-10,-11,-9,-11,-9,-9,-9,-9,-8,-8,-8,-8,-8,-7,-7,-6,-7,-6,-6,-5,-7,-4,-6,-3,-6,-3,-6,-2,-7,-2,-6,-1,-6,-1,-6,0,-6,1,-7,1,-6,2,-6,2,-6,2,-7,4,-7,4,-7,4,0,0,-7,5,-8,5,-9,5,-8,5,-9,5,-9,5,-9,5,-9,4,-10,5,-10,3,-10,3,-10,2,-10,2,-10,2,-9,1,-10,1,-9,1,-9,1,-9,0,-8,-1,-8,-1,-8,-2,-6,-2,-6,-3,-5,-3,-5,-4,0,0,0,0,0,0,0,0,0,0,0,0,0,0,-48,-69,-44,-70,-52,-71,-42,-59,-39,-56,-35,-55,-36,-45,-39,-51,-36,-44,-34,-42,-32,-35,-26,-32,-33,-32,-28,-27,-28,-25,-29,-19,-31,-15,-30,-11,-29,-9,-28,-6,-32,-5,-27,-4,-32,5,-34,4,-31,4,-30,9,-32,10,-34,23,-36,18,-35,23,-36,23,-38,26,-37,21,-40,28,-43,25,-47,26,-49,24,-43,25,-49,22,-48,20,-48,16,-53,19,-50,19,-46,16,-46,11,-48,8,-47,3,-45,7,-45,1,-41,-2,-38,2,-39,0,-39,-5,-32,-8,-33,-8,-29,-14,-24,-19,0,0,0,0,0,0,0,0,0,0,0,0,0,0,0,0,0,0,0,0,0,0,62,17,62,21,56,25,57,31,54,36,50,37,48,36,45,37,46,38,43,41,42,37,39,35,43,35,36,35,34,35,34,32,34,28,30,28,30,23,27,23,29,19,32,20,28,17,34,13,32,13,32,1,29,1,37,5,37,2,35,-2,31,-6,42,-10,41,-13,35,-13,43,-13,43,-17,38,-19,40,-25,38,-25,41,-35,44,-31,39,-40,48,-40,43,-41,42,-42,43,-52,44,-49,46,-55,43,-52,52,-58,55,-66,55,-63,64,-66,55,-63,66,-70,65,-64,63,-60,0,0]"
CSI_DATA,140,1a:00:00:00:00:00,-46,11,1,0,1,1,1,0,0,0,1,-96,0,11,2,2190270,0,44,0,384,0,"[0,0,0,0,0,0,0,0,0,0,0,0,-12,-8,-11,-7,-11,-6,-10,-7,-9,-6,-9,-5,-8,-4,-8,-4,-7,-4,-7,-3,-7,-3,-7,-2,-6,-1,-6,-1,-6,0,-6,0,-5,1,-5,1,-5,2,-5,3,-5,3,-5,3,-4,3,-5,4,-5,5,-5,5,0,0,-5,6,-6,6,-6,7,-6,7,-6,6,-7,7,-7,7,-7,7,-7,6,-7,6,-8,5,-8,5,-8,4,-8,4,-8,3,-8,3,-8,3,-8,3,-8,2,-7,2,-7,1,-7,1,-7,0,-7,-1,-6,-2,-5,-2,0,0,0,0,0,0,0,0,0,0,0,0,0,0,-63,-58,-59,-55,-65,-48,-52,-52,-49,-43,-49,-48,-51,-39,-51,-36,-45,-31,-37,-31,-37,-27,-33,-20,-38,-20,-32,-19,-35,-12,-34,-9,-36,-4,-28,-3,-29,0,-29,5,-31,6,-26,5,-25,14,-27,12,-24,15,-23,19,-24,17,-24,26,-23,29,-29,31,-23,32,-25,33,-28,33,-29,36,-29,38,-35,38,-32,39,-38,40,-39,39,-39,33,-37,34,-41,30,-41,31,-44,28,-42,27,-40,28,-42,22,-43,20,-41,17,-41,10,-40,16,-37,9,-36,7,-33,3,-35,0,-34,-3,-26,-8,0,0,0,0,0,0,0,0,0,0,0,0,0,0,0,0,0,0,0,0,0,0,65,8,68,15,62,19,64,25,59,27,57,30,56,30,50,33,56,36,50,33,45,33,42,31,44,30,45,31,41,28,36,29,39,24,35,27,37,19,36,25,33,20,35,19,34,13,37,10,36,8,36,1,33,1,38,-2,33,-2,38,-5,34,-8,39,-17,36,-15,36,-21,38,-21,33,-25,33,-24,35,-32,33,-31,37,-42,42,-41,33,-45,38,-46,38,-52,33,-54,33,-52,38,-57,37,-60,35,-66,41,-69,41,-69,40,-72,52,-78,44,-74,50,-73,52,-80,52,-78,0,0]"
CSI_DATA,141,1a:00:00:00:00:00,-46,11,1,0,1,1,1,0,0,0,1,-96,0,11,2,2200197,0,44,0,384,0,"[0,0,0,0,0,0,0,0,0,0,0,0,-13,2,-12,3,-11,3,-11,2,-10,2,-9,2,-9,3,-8,2,-7,3,-6,3,-6,3,-5,3,-5,3,-4,3,-4,4,-3,4,-3,4,-2,4,-2,5,-1,5,-1,5,0,5,0,6,0,6,1,7,1,7,0,0,1,7,1,8,1,8,2,8,1,8,1,9,1,9,0,9,0,9,0,9,-1,9,-1,8,-1,8,-2,8,-2,8,-2,8,-2,7,-3,7,-3,7,-3,6,-4,5,-4,5,-4,4,-4,4,-4,3,-5,2,0,0,0,0,0,0,0,0,0,0,0,0,0,0,-82,4,-78,6,-76,6,-69,0,-73,4,-62,6,-64,2,-60,5,-54,7,-45,7,-42,9,-39,6,-43,11,-39,14,-33,11,-27,13,-29,22,-24,20,-27,15,-14,22,-13,26,-13,23,-11,25,-9,28,-5,29,-6,30,0,33,0,34,4,35,3,40,4,40,6,44,4,44,1,49,11,48,2,48,3,51,4,52,-2,49,-4,49,-2,51,-8,51,-8,52,-13,50,-14,45,-14,48,-18,44,-18,43,-16,37,-22,35,-16,31,-21,32,-21,31,-27,28,-21,21,-25,18,-23,15,0,0,0,0,0,0,0,0,0,0,0,0,0,0,0,0,0,0,0,0,0,0,53,-46,57,-37,62,-34,61,-27,66,-26,59,-24,61,-18,57,-13,64,-17,63,-13,55,-9,57,-13,57,-11,56,-9,48,-4,48,-5,43,-10,46,-7,38,-12,40,-11,40,-15,34,-17,33,-14,30,-17,31,-21,26,-24,25,-28,26,-24,24,-26,19,-36,21,-33,15,-36,18,-33,14,-40,10,-37,12,-48,5,-45,2,-46,-1,-51,-2,-54,-1,-54,-3,-56,-7,-55,-14,-59,-13,-57,-10,-63,-15,-66,-19,-67,-19,-75,-22,-80,-19,-80,-24,-81,-16,-88,-21,-83,-20,-92,-13,-81,-15,-93,0,0]"
CSI_DATA,142,1a:00:00:00:00:00,-46,11,1,0,1,1,1,0,0,0,1,-96,0,11,2,2210125,0,44,0,384,0,"[0,0,0,0,0,0,0,0,0,0,0,0,-9,9,-9,9,-7,8,-8,8,-7,7,-7,7,-6,7,-5,6,-5,6,-4,6,-4,5,-2,5,-2,5,-1,5,-1,5,0,5,1,5,1,5,1,4,2,5,2,4,3,5,3,4,4,5,4,5,5,5,0,0,5,6,5,6,6,7,6,6,6,7,6,7,5,7,5,7,5,8,4,8,5,8,4,8,3,8,3,8,2,7,2,8,1,7,1,7,1,7,1,7,0,6,-1,6,-1,6,-2,5,-2,5,-3,4,0,0,0,0,0,0,0,0,0,0,0,0,0,0,-73,47,-69,37,-66,44,-59,37,-59,37,-54,30,-50,33,-49,29,-44,26,-41,29,-35,33,-29,27,-28,30,-24,31,-24,29,-16,26,-20,27,-15,27,-11,28,-4,28,-1,32,-2,27,3,28,2,29,9,25,12,30,14,27,15,33,22,35,22,32,22,34,27,38,19,35,26,41,28,37,23,48,23,42,26,50,20,45,17,48,19,42,15,51,10,51,15,51,10,52,6,49,5,48,-1,43,1,44,1,41,2,40,0,38,-5,35,-8,34,-17,30,-13,27,-15,25,0,0,0,0,0,0,0,0,0,0,0,0,0,0,0,0,0,0,0,0,0,0,15,-69,26,-64,27,-59,34,-61,38,-53,38,-52,36,-49,38,-48,41,-49,40,-39,42,-40,41,-39,41,-43,42,-40,38,-36,34,-29,30,-33,30,-27,29,-33,25,-33,25,-33,23,-35,16,-31,17,-31,12,-32,9,-35,8,-33,2,-37,2,-40,5,-41,-2,-36,-5,-42,-7,-39,-10,-37,-14,-38,-18,-43,-13,-38,-23,-40,-25,-43,-27,-42,-29,-45,-38,-42,-38,-49,-39,-47,-41,-47,-47,-51,-50,-51,-54,-45,-52,-51,-54,-52,-56,-60,-62,-60,-62,-65,-59,-63,-58,-72,-58,-69,-55,-67,0,0]"
CSI_DATA,143,1a:00:00:00:00:00,-46,11,1,0,1,1,1,0,0,0,1,-96,0,11,2,2220338,0,44,0,384,0,"[0,0,0,0,0,0,0,0,0,0,0,0,-3,-13,-4,-12,-4,-11,-4,-11,-3,-10,-3,-9,-4,-8,-4,-8,-3,-7,-4,-6,-4,-6,-4,-5,-5,-5,-5,-4,-5,-3,-5,-3,-5,-3,-6,-2,-6,-1,-6,-1,-6,-1,-7,0,-7,0,-8,1,-8,1,-8,1,0,0,-9,1,-9,1,-10,1,-10,2,-10,1,-10,1,-11,1,-10,0,-11,0,-11,-1,-11,-1,-10,-2,-10,-2,-10,-2,-9,-3,-9,-3,-9,-3,-8,-3,-8,-4,-7,-3,-7,-4,-6,-4,-6,-5,-5,-5,-4,-5,-3,-5,0,0,0,0,0,0,0,0,0,0,0,0,0,0,-11,-80,-12,-79,-18,-74,-14,-69,-19,-70,-12,-61,-10,-59,-15,-56,-18,-47,-14,-48,-17,-45,-15,-38,-17,-37,-18,-32,-21,-28,-21,-24,-20,-22,-24,-18,-27,-13,-23,-15,-29,-13,-26,-10,-30,-3,-32,0,-31,0,-33,2,-35,6,-36,10,-40,5,-40,11,-40,12,-52,14,-42,10,-45,15,-43,13,-52,15,-50,12,-48,12,-52,11,-55,7,-54,8,-57,4,-54,4,-50,-1,-50,-5,-50,-2,-48,-6,-44,-5,-49,-10,-42,-9,-43,-15,-39,-16,-36,-14,-32,-17,-27,-21,-24,-22,-20,-25,0,0,0,0,0,0,0,0,0,0,0,0,0,0,0,0,0,0,0,0,0,0,45,49,38,53,32,60,30,60,25,60,23,60,16,60,16,59,13,65,11,57,10,58,12,55,10,53,6,50,7,48,8,49,15,44,8,41,9,36,13,36,13,32,18,34,15,29,18,29,17,25,24,23,24,24,29,20,30,18,30,14,34,15,37,12,36,14,37,6,44,8,42,7,46,4,47,2,48,-2,49,-8,56,-5,56,-15,53,-14,59,-18,61,-20,60,-20,59,-22,67,-28,66,-27,70,-30,71,-28,75,-31,84,-29,78,-27,88,-31,88,-26,83,-31,0,0]"
CSI_DATA,144,1a:00:00:00:00:00,-46,11,1,0,1,1,1,0,0,0,1,-96,0,11,2,2250362,0,44,0,384,0,"[0,0,0,0,0,0,0,0,0,0,0,0,-8,-11,-9,-10,-8,-9,-7,-9,-7,-8,-7,-8,-7,-6,-7,-6,-6,-6,-6,-5,-6,-4,-6,-3,-6,-3,-6,-2,-6,-1,-6,-1,-6,0,-6,0,-6,1,-6,1,-6,2,-6,2,-6,3,-6,4,-7,4,-7,5,0,0,-7,6,-8,5,-8,6,-8,6,-8,5,-9,5,-9,5,-9,5,-9,4,-9,4,-10,4,-9,3,-9,3,-10,2,-9,2,-9,2,-9,1,-9,1,-8,1,-8,0,-8,-1,-8,-1,-7,-1,-6,-2,-6,-3,-5,-3,0,0,0,0,0,0,0,0,0,0,0,0,0,0,-51,-70,-46,-67,-49,-61,-44,-60,-40,-59,-37,-53,-36,-43,-40,-49,-33,-43,-29,-38,-36,-31,-34,-30,-29,-29,-31,-19,-31,-18,-25,-18,-33,-12,-30,-8,-29,-4,-27,-1,-31,2,-31,-1,-31,8,-30,13,-27,12,-31,19,-31,15,-33,24,-34,23,-34,25,-30,26,-35,32,-37,27,-41,33,-43,32,-44,33,-39,36,-40,35,-48,30,-48,31,-52,28,-54,21,-50,23,-53,23,-45,22,-50,19,-52,12,-47,16,-43,8,-42,9,-42,5,-40,3,-40,0,-34,-6,-34,-5,-33,-13,-29,-14,0,0,0,0,0,0,0,0,0,0,0,0,0,0,0,0,0,0,0,0,0,0,55,31,52,34,46,38,47,43,40,44,39,45,38,41,35,44,34,47,31,43,24,45,25,42,31,39,25,37,20,34,23,35,25,33,23,29,23,26,26,23,29,17,27,21,26,16,26,13,27,12,31,10,32,11,35,4,36,2,36,-3,34,-5,42,-6,38,-6,40,-12,42,-15,43,-20,41,-20,41,-24,44,-23,43,-26,43,-33,46,-37,49,-33,50,-41,43,-38,41,-48,45,-46,48,-54,51,-60,55,-54,59,-55,63,-61,65,-62,61,-55,70,-62,64,-65,73,-63,0,0]"
CSI_DATA,145,1a:00:00:00:00:00,-46,11,1,0,1,1,1,0,0,0,1,-96,0,11,2,2260195,0,44,0,384,0,"[0,0,0,0,0,0,0,0,0,0,0,0,13,1,12,1,12,0,11,0,10,0,9,0,9,-1,8,-1,7,-1,7,-2,6,-2,6,-3,5,-3,4,-4,5,-4,4,-5,3,-5,3,-6,2,-6,2,-6,2,-6,1,-7,1,-7,0,-8,0,-9,0,-9,0,0,0,-9,0,-10,0,-10,0,-10,1,-11,1,-11,1,-11,1,-11,1,-11,2,-10,3,-10,3,-10,3,-10,3,-9,3,-9,4,-9,4,-9,4,-8,4,-7,4,-7,5,-6,5,-5,5,-5,5,-4,5,-4,5,-3,0,0,0,0,0,0,0,0,0,0,0,0,0,0,38,19,37,18,36,16,33,15,30,17,27,13,29,12,27,13,27,11,22,9,22,6,19,6,21,5,20,2,19,2,16,-3,18,-2,17,-5,17,-7,14,-6,14,-10,12,-9,10,-11,12,-13,12,-11,11,-14,8,-16,9,-18,7,-20,7,-22,7,-21,8,-23,11,-24,10,-25,9,-24,13,-24,13,-29,11,-26,14,-24,15,-25,16,-22,15,-22,16,-25,18,-23,17,-22,17,-19,20,-18,19,-18,19,-15,19,-14,18,-12,18,-10,17,-9,18,-7,18,-4,16,-3,15,0,0,0,0,0,0,0,0,0,0,0,0,0,0,0,0,0,0,0,0,0,0,0,-33,3,-32,-2,-33,-2,-32,-5,-30,-8,-29,-8,-27,-9,-26,-11,-26,-11,-26,-11,-25,-12,-23,-11,-24,-9,-22,-12,-20,-10,-18,-9,-18,-7,-15,-7,-18,-4,-16,-4,-17,-2,-16,-1,-16,-1,-16,3,-17,3,-17,6,-16,5,-16,7,-17,8,-18,11,-14,11,-16,15,-17,13,-16,14,-15,16,-14,19,-16,19,-11,22,-12,22,-13,26,-14,24,-12,28,-13,28,-10,31,-9,28,-11,33,-10,33,-9,34,-10,35,-11,42,-12,42,-10,45,-14,44,-11,43,-14,48,-16,44,-15,45,0,0]"
CSI_DATA,146,1a:00:00:00:00:00,-46,11,1,0,1,1,1,0,0,0,1,-96,0,11,2,2270468,0,44,0,384,0,"[0,0,0,0,0,0,0,0,0,0,0,0,-4,-14,-4,-13,-5,-12,-4,-11,-4,-11,-4,-10,-5,-9,-4,-8,-4,-8,-5,-7,-5,-7,-5,-6,-5,-5,-6,-4,-6,-4,-6,-4,-6,-3,-6,-2,-6,-1,-6,-1,-7,-1,-7,0,-8,0,-8,1,-9,1,-9,1,0,0,-9,2,-10,2,-10,2,-11,2,-11,2,-11,1,-11,1,-11,1,-12,1,-12,0,-11,0,-11,-1,-10,-1,-10,-2,-10,-2,-10,-2,-10,-3,-9,-3,-8,-4,-8,-4,-7,-4,-7,-4,-6,-5,-6,-5,-5,-5,-4,-5,0,0,0,0,0,0,0,0,0,0,0,0,0,0,-26,-81,-21,-78,-27,-77,-26,-69,-21,-68,-20,-66,-24,-58,-22,-57,-20,-52,-20,-54,-19,-45,-23,-41,-27,-43,-21,-31,-21,-35,-26,-28,-25,-24,-25,-18,-28,-16,-29,-15,-34,-14,-32,-9,-29,-4,-34,0,-31,5,-35,4,-36,7,-40,7,-41,12,-45,11,-42,11,-47,13,-44,12,-47,15,-52,18,-56,11,-54,14,-55,17,-56,11,-59,11,-56,5,-59,1,-55,-4,-56,-2,-50,-2,-52,-7,-50,-7,-49,-9,-50,-14,-45,-10,-45,-13,-41,-12,-41,-16,-32,-19,-27,-21,-25,-25,-21,-24,0,0,0,0,0,0,0,0,0,0,0,0,0,0,0,0,0,0,0,0,0,0,45,41,42,52,32,49,36,53,23,54,24,55,24,48,20,49,20,51,15,44,15,47,11,47,13,42,9,43,8,41,13,35,15,35,13,28,19,25,15,24,18,25,21,21,18,23,21,21,23,19,26,15,29,14,35,10,33,6,38,2,35,9,44,-1,42,0,42,-3,48,-4,47,-6,46,-8,52,-8,49,-11,55,-17,57,-19,53,-21,63,-21,56,-29,61,-29,65,-32,66,-33,65,-38,67,-40,66,-38,74,-37,78,-40,85,-39,77,-37,87,-43,85,-43,78,-34,0,0]"
CSI_DATA,147,1a:00:00:00:00:00,-46,11,1,0,1,1,1,0,0,0,1,-96,0,11,2,2283270,0,44,0,384,0,"[0,0,0,0,0,0,0,0,0,0,0,0,-12,-8,-11,-7,-11,-6,-11,-6,-10,-6,-9,-5,-9,-4,-8,-3,-8,-3,-8,-2,-7,-2,-7,-1,-7,0,-6,0,-6,1,-6,1,-6,2,-6,2,-5,3,-5,3,-5,4,-5,4,-5,5,-5,6,-5,6,-5,6,0,0,-4,7,-5,8,-5,8,-5,9,-6,8,-5,8,-6,8,-6,8,-7,8,-7,8,-7,8,-7,7,-7,6,-8,6,-8,6,-7,5,-8,5,-7,4,-8,4,-7,3,-8,3,-7,2,-7,2,-7,1,-7,0,-6,-1,0,0,0,0,0,0,0,0,0,0,0,0,0,0,-69,-54,-67,-52,-65,-43,-56,-43,-58,-45,-53,-37,-57,-37,-53,-34,-47,-28,-48,-28,-43,-21,-38,-21,-42,-14,-40,-12,-36,-11,-35,-5,-32,-5,-34,0,-32,7,-30,8,-31,12,-28,14,-24,17,-23,23,-25,21,-22,30,-24,25,-20,34,-23,33,-24,34,-23,38,-25,45,-24,45,-22,43,-27,45,-27,47,-29,45,-28,49,-32,46,-37,44,-35,42,-42,45,-41,43,-41,38,-42,35,-40,35,-39,34,-41,32,-39,28,-36,23,-39,18,-37,18,-37,19,-36,7,-39,2,-37,0,-33,-5,0,0,0,0,0,0,0,0,0,0,0,0,0,0,0,0,0,0,0,0,0,0,63,16,52,26,49,24,53,31,45,32,45,35,39,32,39,35,37,36,34,33,32,35,32,34,32,30,27,27,28,24,26,24,26,22,25,20,26,13,24,12,22,10,32,3,23,4,29,0,30,-2,29,-8,32,-8,32,-9,30,-16,32,-21,32,-16,32,-21,41,-25,37,-27,35,-25,34,-28,36,-34,34,-37,38,-40,34,-46,37,-46,30,-50,34,-52,34,-59,26,-57,34,-67,34,-62,29,-66,34,-75,36,-75,37,-70,38,-81,40,-81,46,-74,46,-90,41,-87,47,-80,0,0]"
CSI_DATA,148,1a:00:00:00:00:00,-46,11,1,0,1,1,1,0,0,0,1,-96,0,11,2,2290103,0,44,0,384,0,"[0,0,0,0,0,0,0,0,0,0,0,0,-4,13,-4,12,-2,11,-3,11,-3,10,-3,10,-2,9,-1,8,-1,7,0,7,0,7,1,6,1,6,2,5,2,5,3,4,3,4,4,3,5,3,5,3,5,2,6,2,5,2,7,1,7,1,8,2,0,0,8,1,9,1,9,1,9,1,9,2,10,2,10,2,10,2,10,3,10,3,10,3,9,4,9,4,8,4,8,5,8,5,7,4,7,5,6,5,6,5,5,6,4,5,4,5,3,5,2,6,1,5,0,0,0,0,0,0,0,0,0,0,0,0,0,0,-22,35,-26,34,-20,31,-19,33,-21,33,-17,27,-16,28,-15,25,-11,22,-10,21,-8,22,-7,20,-5,21,-4,19,-4,16,-1,18,0,17,4,15,4,13,3,13,8,14,7,15,10,11,11,12,10,10,14,10,15,8,17,9,15,9,19,8,20,9,21,9,20,11,21,10,26,10,24,11,25,12,25,14,23,16,25,15,23,16,23,19,21,18,21,18,18,19,19,19,16,19,17,18,14,16,13,18,12,18,10,21,9,18,6,17,2,19,1,18,1,16,0,0,0,0,0,0,0,0,0,0,0,0,0,0,0,0,0,0,0,0,0,0,9,-29,10,-27,13,-28,14,-24,16,-26,17,-21,16,-20,17,-19,17,-20,18,-18,17,-16,16,-17,15,-15,14,-13,13,-13,11,-11,10,-14,10,-14,7,-11,5,-12,4,-11,2,-15,2,-14,2,-11,0,-14,-6,-15,-3,-16,-7,-13,-7,-16,-9,-15,-11,-17,-13,-16,-12,-17,-13,-15,-15,-17,-17,-18,-17,-15,-22,-16,-19,-17,-22,-17,-20,-16,-28,-17,-28,-15,-29,-16,-27,-14,-32,-16,-32,-15,-34,-12,-36,-17,-39,-16,-37,-16,-42,-17,-42,-19,-42,-19,-44,-22,-43,-21,-39,-19,0,0]"
CSI_DATA,149,1a:00:00:00:00:00,-46,11,1,0,1,1,1,0,0,0,1,-96,0,11,2,2300763,0,44,0,384,0,"[0,0,0,0,0,0,0,0,0,0,0,0,13,-1,13,-1,12,-1,11,-1,10,-1,10,-2,9,-3,8,-3,8,-3,7,-3,6,-4,6,-4,5,-4,4,-5,4,-5,3,-6,2,-6,2,-6,1,-6,1,-6,1,-7,0,-7,0,-8,-1,-8,-1,-9,-1,-9,0,0,-3,-10,-2,-10,-3,-11,-3,-11,-2,-11,-1,-12,-2,-12,-1,-12,-1,-12,0,-12,0,-11,0,-11,1,-11,1,-11,1,-10,1,-10,2,-10,2,-10,3,-9,3,-8,3,-8,4,-8,4,-7,4,-6,5,-5,4,-5,0,0,0,0,0,0,0,0,0,0,0,0,0,0,42,-4,43,-4,39,-4,37,-4,36,-6,30,-4,30,-4,30,-8,27,-7,24,-5,22,-9,21,-8,21,-9,19,-8,17,-9,13,-10,12,-13,12,-12,12,-15,7,-12,5,-15,5,-16,2,-17,2,-17,0,-17,-1,-19,-3,-18,-5,-22,-4,-22,-6,-23,-8,-23,-6,-26,-7,-25,-9,-27,-9,-26,-7,-28,-6,-29,-4,-28,-5,-29,-4,-30,-4,-29,-3,-30,-1,-28,-2,-31,0,-29,1,-28,2,-26,5,-26,4,-25,5,-24,4,-22,9,-23,6,-21,9,-19,12,-17,11,-16,12,-11,0,0,0,0,0,0,0,0,0,0,0,0,0,0,0,0,0,0,0,0,0,0,-32,7,-32,5,-32,4,-31,1,-30,-2,-30,-5,-30,-5,-27,-5,-27,-6,-26,-6,-25,-9,-23,-6,-24,-5,-23,-7,-19,-5,-17,-6,-17,-3,-18,-3,-15,-1,-14,0,-12,1,-14,3,-12,3,-11,6,-11,6,-10,8,-10,9,-10,11,-8,13,-7,16,-6,15,-7,18,-5,19,-5,21,-5,21,-6,23,-4,24,-3,24,1,25,1,27,1,28,3,30,4,31,4,31,5,31,8,36,9,36,9,35,9,39,11,41,9,41,13,43,9,46,10,42,11,46,11,47,7,46,0,0]"
CSI_DATA,150,1a:00:00:00:00:00,-46,11,1,0,1,1,1,0,0,0,1,-96,0,11,2,2313036,0,44,0,384,0,"[0,0,0,0,0,0,0,0,0,0,0,0,8,9,8,8,8,7,8,7,8,7,6,5,7,5,6,4,6,4,6,3,6,2,6,1,6,1,5,0,5,0,5,-1,5,-2,5,-2,5,-3,5,-4,5,-4,4,-4,5,-5,5,-6,5,-6,4,-7,0,0,5,-8,5,-8,5,-9,5,-8,6,-9,6,-9,6,-9,7,-9,7,-9,7,-8,8,-7,8,-7,8,-7,8,-7,8,-6,8,-6,8,-6,7,-5,7,-4,7,-4,7,-3,7,-3,7,-2,7,-1,6,0,5,1,0,0,0,0,0,0,0,0,0,0,0,0,0,0,53,65,46,65,46,60,43,63,46,57,34,53,41,45,38,43,42,36,29,37,39,31,33,32,36,28,32,18,30,17,33,15,35,6,31,5,29,2,30,-1,30,-6,30,-4,30,-11,27,-13,34,-13,30,-17,28,-24,26,-25,28,-28,30,-32,27,-34,29,-34,34,-35,36,-38,36,-43,38,-41,42,-42,35,-45,46,-38,46,-40,44,-40,45,-40,45,-35,43,-33,46,-28,46,-32,46,-27,46,-25,44,-18,45,-19,40,-19,44,-13,39,-9,42,-7,40,-1,37,3,33,9,0,0,0,0,0,0,0,0,0,0,0,0,0,0,0,0,0,0,0,0,0,0,-40,-52,-28,-52,-26,-56,-22,-55,-19,-57,-16,-58,-12,-56,-11,-55,-9,-55,-6,-54,-6,-52,-8,-49,-8,-49,-5,-43,-4,-37,-7,-37,-4,-33,-5,-32,-7,-28,-11,-21,-7,-24,-15,-21,-14,-19,-18,-14,-16,-12,-22,-9,-20,-6,-22,-7,-25,-4,-34,-2,-36,0,-33,-3,-37,5,-35,8,-39,10,-38,13,-37,13,-40,21,-43,21,-43,27,-48,27,-45,32,-50,34,-50,38,-48,40,-47,51,-51,47,-56,52,-52,54,-53,60,-59,62,-60,60,-67,64,-67,56,-69,61,-66,63,-66,63,0,0]"
CSI_DATA,151,1a:00:00:00:00:00,-46,11,1,0,1,1,1,0,0,0,1,-96,0,11,2,2321301,0,44,0,384,0,"[0,0,0,0,0,0,0,0,0,0,0,0,-8,11,-7,10,-6,10,-6,10,-5,8,-5,8,-4,8,-4,7,-3,7,-2,7,-2,7,-2,6,-1,6,0,5,1,5,1,5,2,5,2,4,3,5,3,4,4,4,5,3,5,4,6,4,6,3,7,3,0,0,8,3,8,3,9,4,9,4,8,4,9,4,9,5,9,4,9,5,8,6,9,7,8,6,7,6,7,6,6,7,6,7,6,7,6,7,5,7,5,7,4,7,3,7,2,6,1,7,0,7,0,6,0,0,0,0,0,0,0,0,0,0,0,0,0,0,-42,73,-44,72,-35,71,-32,70,-32,64,-27,58,-26,57,-25,59,-24,49,-19,51,-16,49,-15,45,-11,45,-9,42,-7,41,1,37,3,35,4,33,6,30,11,33,18,29,15,23,18,22,23,23,26,22,29,18,32,20,35,16,36,16,44,14,44,14,45,19,48,15,49,18,51,16,49,18,56,20,55,20,55,26,53,22,53,29,53,30,48,32,50,33,44,32,48,33,41,35,39,34,36,32,33,36,33,35,26,39,23,39,21,40,16,42,14,36,5,33,0,0,0,0,0,0,0,0,0,0,0,0,0,0,0,0,0,0,0,0,0,0,24,-59,28,-58,32,-58,36,-52,41,-51,38,-48,40,-45,43,-43,47,-41,43,-34,44,-31,41,-33,38,-34,38,-31,36,-20,34,-24,29,-28,28,-22,22,-23,18,-23,17,-20,14,-20,9,-20,6,-20,6,-26,-1,-25,0,-22,-9,-26,-10,-26,-15,-27,-16,-25,-20,-30,-23,-31,-25,-24,-30,-29,-34,-26,-34,-29,-39,-26,-39,-28,-42,-27,-44,-26,-52,-24,-57,-26,-61,-25,-58,-23,-69,-20,-67,-21,-69,-27,-69,-23,-79,-22,-78,-29,-86,-26,-84,-29,-89,-33,-88,-34,-90,-32,-85,-39,0,0]"
CSI_DATA,152,1a:00:00:00:00:00,-46,11,1,0,1,1,1,0,0,0,1,-96,0,11,2,2330787,0,44,0,384,0,"[0,0,0,0,0,0,0,0,0,0,0,0,10,-10,9,-9,8,-9,8,-9,7,-8,6,-8,5,-8,5,-8,4,-7,3,-7,3,-7,2,-8,1,-7,0,-6,0,-6,-1,-7,-1,-6,-2,-6,-3,-6,-3,-6,-4,-6,-4,-5,-5,-6,-6,-5,-7,-6,-7,-6,0,0,-8,-5,-8,-6,-9,-6,-9,-6,-9,-7,-9,-7,-9,-8,-9,-8,-9,-8,-9,-8,-8,-8,-7,-9,-7,-9,-7,-9,-7,-9,-6,-9,-6,-9,-6,-9,-5,-9,-5,-9,-4,-9,-3,-8,-2,-9,-1,-8,-1,-8,0,-7,0,0,0,0,0,0,0,0,0,0,0,0,0,0,73,-49,67,-42,69,-44,59,-41,60,-44,57,-44,51,-41,46,-42,46,-36,43,-34,27,-36,26,-38,32,-31,26,-35,21,-34,15,-32,16,-36,6,-30,5,-30,0,-34,-5,-36,-6,-32,-8,-27,-9,-28,-14,-29,-16,-31,-23,-29,-32,-31,-26,-31,-36,-32,-33,-33,-36,-30,-34,-33,-45,-40,-39,-36,-45,-41,-43,-42,-44,-41,-43,-49,-42,-44,-37,-44,-37,-46,-40,-50,-34,-48,-34,-51,-36,-46,-26,-52,-26,-51,-25,-48,-20,-45,-17,-42,-14,-45,-10,-47,-7,-43,-3,-44,1,-41,8,-40,0,0,0,0,0,0,0,0,0,0,0,0,0,0,0,0,0,0,0,0,0,0,-53,36,-59,29,-62,24,-61,21,-64,14,-59,13,-58,8,-55,6,-57,5,-58,6,-53,5,-52,6,-55,0,-50,3,-45,-3,-40,-5,-39,2,-34,-4,-34,5,-29,2,-30,6,-27,8,-21,11,-18,14,-22,13,-13,13,-9,21,-8,20,-12,24,-7,32,-2,26,-3,30,2,34,0,33,4,31,8,41,10,41,12,35,21,39,21,44,19,45,26,47,28,51,32,48,34,49,40,57,45,54,48,47,45,53,47,58,52,58,58,56,52,67,51,63,56,72,55,68,57,71,0,0]"
CSI_DATA,153,1a:00:00:00:00:00,-46,11,1,0,1,1,1,0,0,0,1,-96,0,11,2,2340144,0,44,0,384,0,"[0,0,0,0,0,0,0,0,0,0,0,0,4,-13,3,-12,2,-11,2,-11,2,-10,2,-10,1,-10,0,-9,0,-9,-1,-8,-1,-8,-1,-7,-2,-6,-2,-6,-3,-6,-4,-6,-4,-5,-5,-4,-5,-4,-5,-4,-6,-3,-7,-3,-6,-3,-8,-2,-8,-3,-8,-2,0,0,-9,-2,-10,-2,-10,-2,-10,-2,-10,-3,-11,-3,-11,-3,-11,-3,-11,-3,-11,-4,-11,-5,-10,-5,-10,-5,-10,-5,-9,-6,-9,-6,-9,-6,-8,-6,-8,-6,-7,-6,-7,-7,-6,-7,-5,-7,-4,-7,-3,-7,-2,-7,0,0,0,0,0,0,0,0,0,0,0,0,0,0,37,-71,38,-74,32,-73,34,-64,29,-67,31,-61,26,-53,22,-56,17,-51,15,-51,11,-50,4,-44,6,-44,6,-41,3,-40,-3,-38,-5,-37,-9,-29,-14,-30,-15,-33,-18,-26,-19,-25,-22,-22,-25,-27,-23,-20,-32,-25,-31,-18,-37,-14,-40,-15,-47,-14,-42,-18,-45,-16,-43,-23,-49,-15,-52,-17,-59,-19,-59,-20,-58,-12,-57,-30,-57,-24,-56,-24,-56,-26,-55,-32,-51,-32,-50,-31,-51,-33,-40,-28,-45,-36,-42,-35,-38,-33,-32,-32,-34,-37,-29,-38,-19,-39,-19,-40,-15,-35,-9,-37,0,0,0,0,0,0,0,0,0,0,0,0,0,0,0,0,0,0,0,0,0,0,-28,59,-36,52,-39,51,-44,51,-46,47,-46,39,-44,41,-48,36,-48,36,-46,34,-48,30,-44,28,-42,34,-41,26,-41,25,-38,23,-32,28,-29,20,-27,18,-23,21,-22,18,-20,23,-21,26,-11,19,-10,23,-5,23,-3,21,4,24,3,28,7,30,6,30,14,23,15,28,18,28,21,32,22,29,27,31,30,26,36,25,36,28,36,26,46,25,49,31,53,26,51,21,59,30,60,28,66,23,63,24,71,28,75,27,81,23,86,26,81,28,85,36,84,29,81,32,0,0]"
CSI_DATA,154,1a:00:00:00:00:00,-46,11,1,0,1,1,1,0,0,0,1,-96,0,11,2,2352885,0,44,0,384,0,"[0,0,0,0,0,0,0,0,0,0,0,0,-10,9,-10,9,-8,8,-8,8,-7,7,-7,7,-6,8,-5,7,-5,7,-4,6,-4,6,-3,6,-2,6,-1,6,-1,6,0,5,1,5,2,5,2,5,2,5,3,5,4,5,4,5,5,5,5,5,6,5,0,0,7,5,7,5,7,6,8,5,8,6,8,6,8,6,8,6,8,7,8,7,7,8,7,8,7,8,6,8,5,8,5,8,5,8,5,8,4,8,4,7,3,8,2,8,1,8,0,7,0,7,-1,7,0,0,0,0,0,0,0,0,0,0,0,0,0,0,-72,48,-67,48,-61,44,-60,41,-58,43,-54,35,-48,40,-53,38,-45,36,-40,36,-36,31,-32,33,-30,39,-29,34,-22,33,-18,35,-15,34,-9,36,-14,37,-9,31,-1,34,3,32,8,32,9,30,13,30,17,34,17,28,22,29,27,37,33,34,34,33,33,32,34,38,38,33,37,35,37,43,34,40,39,44,38,44,34,47,30,44,31,49,30,50,30,53,25,51,24,50,22,48,21,53,20,48,16,44,14,45,10,46,3,46,-3,41,-4,44,-6,39,-10,36,0,0,0,0,0,0,0,0,0,0,0,0,0,0,0,0,0,0,0,0,0,0,52,-38,53,-34,57,-30,60,-23,62,-22,62,-17,57,-14,59,-10,61,-13,58,-9,55,-7,53,-5,51,-9,52,-5,47,-5,42,-2,39,-6,39,-5,30,-8,32,-7,32,-11,26,-14,23,-12,22,-14,20,-18,17,-18,13,-25,13,-23,7,-26,9,-30,7,-30,5,-35,4,-35,-1,-34,0,-35,-8,-42,-11,-36,-10,-42,-11,-39,-20,-46,-21,-43,-26,-45,-28,-46,-31,-52,-36,-47,-34,-44,-36,-51,-45,-49,-45,-54,-47,-60,-51,-62,-59,-57,-57,-62,-57,-62,-56,-73,-56,-71,-56,-67,0,0]"
CSI_DATA,155,1a:00:00:00:00:00,-46,11,1,0,1,1,1,0,0,0,1,-96,0,11,2,2380121,0,44,0,384,0,"[0,0,0,0,0,0,0,0,0,0,0,0,-3,-14,-3,-12,-4,-12,-4,-12,-3,-10,-3,-10,-4,-9,-4,-8,-4,-8,-4,-7,-4,-7,-5,-6,-5,-5,-5,-5,-5,-4,-6,-3,-6,-3,-6,-3,-6,-2,-6,-2,-7,-1,-7,0,-7,0,-8,1,-8,1,-8,1,0,0,-9,2,-10,2,-10,2,-10,2,-10,1,-11,2,-11,2,-11,1,-11,1,-11,1,-12,0,-11,0,-11,0,-11,-1,-10,-2,-10,-2,-10,-2,-10,-2,-9,-3,-9,-3,-8,-4,-8,-4,-8,-4,-7,-5,-6,-6,-5,-6,0,0,0,0,0,0,0,0,0,0,0,0,0,0,-15,-82,-10,-78,-14,-77,-14,-74,-9,-67,-6,-67,-7,-59,-14,-63,-13,-48,-10,-52,-16,-47,-16,-41,-16,-41,-17,-38,-18,-35,-21,-30,-23,-28,-28,-21,-22,-23,-26,-19,-31,-14,-27,-16,-30,-8,-34,-5,-34,-1,-36,-5,-35,-1,-40,4,-36,1,-47,12,-49,2,-54,8,-47,10,-54,13,-48,13,-57,5,-58,12,-56,8,-60,3,-60,5,-61,1,-61,-4,-56,-2,-57,-3,-56,-9,-53,-6,-54,-8,-54,-12,-52,-14,-50,-14,-43,-16,-40,-20,-38,-21,-36,-27,-33,-31,-31,-29,-21,-29,0,0,0,0,0,0,0,0,0,0,0,0,0,0,0,0,0,0,0,0,0,0,25,59,19,62,17,63,11,63,4,61,2,63,4,59,0,57,-4,62,-7,53,-13,56,-9,53,-4,54,-10,47,-11,45,-6,40,-8,45,-6,37,-4,34,-2,35,-1,30,6,32,4,25,6,28,8,23,18,26,19,20,17,24,22,14,28,19,24,14,33,13,33,17,31,9,39,8,39,8,40,4,40,5,47,-2,50,-5,51,-5,52,-3,54,-5,56,-10,55,-11,64,-12,57,-18,62,-18,66,-22,73,-19,71,-19,73,-27,87,-25,75,-23,87,-21,86,-24,77,-22,0,0]"
CSI_DATA,156,1a:00:00:00:00:00,-46,11,1,0,1,1,1,0,0,0,1,-96,0,11,2,2410089,0,44,0,384,0,"[0,0,0,0,0,0,0,0,0,0,0,0,-7,11,-6,11,-5,10,-5,10,-5,9,-4,9,-3,8,-3,8,-2,8,-1,7,-1,7,0,6,0,6,1,6,2,5,2,5,3,5,3,4,4,3,4,3,4,3,5,3,5,3,6,2,7,2,7,2,0,0,9,2,9,2,10,2,10,2,10,2,10,3,10,2,10,3,11,4,10,4,10,4,9,4,8,5,9,5,8,5,8,5,7,5,7,6,6,6,6,6,5,6,4,6,4,6,3,6,2,6,1,7,0,0,0,0,0,0,0,0,0,0,0,0,0,0,-52,67,-49,67,-42,65,-41,56,-39,57,-36,54,-32,51,-31,52,-23,48,-24,46,-16,42,-17,45,-11,41,-11,40,-11,36,-3,32,1,36,6,33,4,30,10,32,12,23,15,28,20,24,23,21,26,22,28,23,29,16,36,19,35,18,37,17,39,14,42,14,44,18,53,15,48,13,53,23,54,22,54,21,54,24,55,26,51,26,48,28,47,32,48,33,42,33,43,36,41,34,40,33,34,33,32,36,31,35,27,37,25,35,20,39,14,39,9,37,6,36,0,0,0,0,0,0,0,0,0,0,0,0,0,0,0,0,0,0,0,0,0,0,33,-56,37,-53,40,-52,45,-51,45,-48,48,-39,44,-40,47,-37,50,-36,47,-35,48,-28,45,-26,45,-31,41,-25,42,-18,38,-22,30,-25,29,-21,25,-23,26,-22,21,-22,15,-26,11,-24,15,-25,5,-23,4,-32,3,-29,-5,-35,-5,-32,-12,-34,-11,-33,-15,-38,-17,-36,-15,-33,-24,-41,-27,-40,-27,-37,-32,-40,-36,-38,-36,-39,-41,-38,-46,-38,-47,-40,-52,-41,-53,-33,-60,-31,-61,-35,-60,-34,-65,-37,-69,-38,-74,-39,-75,-35,-74,-41,-71,-45,-81,-47,-79,-46,-77,-47,0,0]"
CSI_DATA,157,1a:00:00:00:00:00,-46,11,1,0,1,1,1,0,0,0,1,-96,0,11,2,2420923,0,44,0,384,0,"[0,0,0,0,0,0,0,0,0,0,0,0,12,-7,10,-7,10,-6,9,-6,8,-6,7,-6,7,-6,6,-6,5,-6,4,-6,4,-6,3,-6,3,-6,2,-6,1,-6,0,-7,0,-6,0,-6,-1,-6,-2,-6,-2,-6,-3,-6,-3,-7,-4,-7,-4,-7,-5,-7,0,0,-5,-8,-6,-8,-6,-9,-6,-9,-5,-9,-5,-9,-6,-10,-5,-10,-5,-10,-4,-10,-4,-11,-3,-10,-3,-10,-2,-10,-2,-10,-2,-10,-1,-10,-1,-9,-1,-9,-1,-9,0,-8,1,-8,2,-7,2,-7,3,-6,3,-5,0,0,0,0,0,0,0,0,0,0,0,0,0,0,81,-33,72,-35,64,-37,62,-35,64,-33,58,-29,55,-25,48,-33,47,-33,39,-27,32,-30,32,-27,31,-29,29,-32,20,-27,18,-31,13,-33,6,-33,7,-28,4,-30,-1,-33,-3,-33,-4,-31,-7,-35,-11,-29,-11,-35,-18,-35,-26,-36,-20,-35,-27,-35,-31,-32,-29,-39,-31,-42,-36,-37,-35,-46,-32,-43,-32,-45,-31,-47,-29,-51,-29,-50,-27,-53,-22,-52,-25,-52,-21,-55,-21,-53,-17,-55,-14,-50,-14,-52,-10,-50,-8,-47,-4,-48,-2,-46,2,-44,8,-45,8,-33,13,-34,16,-27,0,0,0,0,0,0,0,0,0,0,0,0,0,0,0,0,0,0,0,0,0,0,-50,43,-52,35,-58,31,-60,29,-61,25,-56,20,-53,13,-57,15,-57,16,-56,15,-52,11,-49,13,-51,12,-53,9,-43,9,-40,7,-36,12,-35,9,-30,10,-28,13,-28,9,-21,18,-20,18,-17,19,-19,20,-17,30,-8,27,-9,31,-6,27,-6,32,0,34,1,39,2,46,-1,43,4,48,8,50,14,46,15,50,12,45,17,55,23,54,26,52,31,49,33,59,33,53,40,51,36,57,41,62,45,56,47,69,44,66,54,67,49,71,49,70,53,75,47,76,48,80,0,0]"
CSI_DATA,158,1a:00:00:00:00:00,-46,11,1,0,1,1,1,0,0,0,1,-96,0,11,2,2430794,0,44,0,384,0,"[0,0,0,0,0,0,0,0,0,0,0,0,-14,-2,-13,-2,-12,-1,-12,-2,-11,-2,-10,-1,-10,0,-9,1,-8,1,-7,1,-8,2,-7,2,-6,2,-6,2,-5,3,-5,4,-5,4,-4,4,-4,5,-3,5,-3,5,-3,6,-3,6,-2,7,-2,7,-2,8,0,0,-1,8,-2,9,-2,9,-2,10,-2,9,-3,10,-3,10,-3,10,-3,9,-4,10,-4,9,-5,8,-5,8,-5,8,-5,7,-5,8,-6,7,-5,6,-6,6,-6,5,-6,5,-6,4,-6,3,-6,3,-6,2,-6,1,0,0,0,0,0,0,0,0,0,0,0,0,0,0,-41,-11,-40,-12,-42,-7,-36,-6,-34,-8,-31,-8,-30,-7,-32,-6,-29,-6,-25,-1,-22,-1,-23,0,-23,0,-18,1,-18,3,-18,6,-17,6,-16,8,-15,7,-12,8,-12,11,-10,11,-10,11,-11,15,-10,13,-8,18,-6,17,-8,18,-7,18,-5,22,-7,20,-6,24,-6,22,-8,25,-5,24,-7,27,-9,25,-7,25,-9,29,-10,26,-10,24,-14,24,-15,24,-15,23,-14,21,-16,21,-15,19,-17,19,-15,16,-16,16,-15,11,-14,11,-17,12,-16,8,-17,7,-16,3,-17,0,0,0,0,0,0,0,0,0,0,0,0,0,0,0,0,0,0,0,0,0,0,0,29,-7,30,-6,30,-5,29,-3,30,1,28,4,27,3,28,4,26,4,25,4,24,8,21,7,22,4,21,5,20,6,16,4,17,2,15,3,17,0,13,-1,13,-2,14,-3,14,-3,12,-7,13,-8,9,-8,12,-10,10,-16,9,-13,14,-15,9,-17,12,-18,11,-19,8,-20,9,-22,7,-21,8,-23,8,-26,8,-25,6,-29,7,-28,3,-30,3,-33,3,-33,2,-34,-1,-37,2,-37,1,-38,1,-40,2,-41,2,-44,2,-43,3,-46,6,-42,5,-47,3,-49,4,-46,0,0]"
CSI_DATA,159,1a:00:00:00:00:00,-46,11,1,0,1,1,1,0,0,0,1,-96,0,11,2,2440667,0,44,0,384,0,"[0,0,0,0,0,0,0,0,0,0,0,0,10,7,10,6,9,5,9,5,9,5,8,4,8,3,7,3,7,3,7,2,7,1,6,1,6,0,6,-1,6,-1,6,-2,5,-3,5,-3,5,-3,5,-4,5,-4,5,-4,5,-5,5,-6,5,-6,5,-6,0,0,5,-7,6,-7,6,-8,6,-8,6,-7,7,-8,7,-8,7,-6,7,-7,7,-6,7,-6,8,-5,8,-5,8,-4,8,-4,8,-4,7,-4,7,-3,7,-2,6,-2,7,-1,6,-1,6,0,6,1,5,1,4,2,0,0,0,0,0,0,0,0,0,0,0,0,0,0,68,52,62,51,66,46,55,45,59,42,47,39,49,35,45,33,48,31,42,26,45,24,38,21,40,17,38,13,34,14,32,7,39,3,35,0,30,-4,32,-5,29,-8,32,-10,26,-15,30,-20,27,-18,32,-21,33,-23,25,-25,30,-29,27,-30,29,-34,31,-33,34,-35,35,-38,36,-36,40,-31,39,-36,41,-31,41,-31,47,-29,43,-31,44,-28,46,-25,44,-23,39,-19,46,-18,45,-16,44,-17,38,-12,37,-9,42,-3,37,-2,39,0,36,4,33,8,30,12,24,13,0,0,0,0,0,0,0,0,0,0,0,0,0,0,0,0,0,0,0,0,0,0,-62,5,-56,-4,-56,-9,-56,-10,-57,-13,-49,-17,-44,-16,-51,-20,-54,-16,-48,-19,-44,-20,-39,-15,-45,-16,-38,-17,-38,-15,-38,-14,-33,-8,-35,-11,-32,-2,-35,-1,-32,1,-35,0,-33,4,-34,8,-31,10,-30,15,-36,13,-36,12,-34,17,-37,25,-37,23,-36,27,-36,28,-38,29,-39,34,-42,36,-35,41,-35,42,-35,44,-37,50,-33,46,-36,53,-34,54,-32,59,-34,58,-34,67,-35,67,-38,64,-33,74,-39,71,-37,71,-39,79,-43,78,-46,78,-45,82,-43,80,-50,80,0,0]"
CSI_DATA,160,1a:00:00:00:00:00,-46,11,1,0,1,1,1,0,0,0,1,-96,0,11,2,2450763,0,44,0,384,0,"[0,0,0,0,0,0,0,0,0,0,0,0,9,-10,9,-9,7,-9,8,-9,7,-8,6,-8,6,-8,5,-7,4,-7,3,-7,4,-7,2,-6,2,-6,1,-6,1,-6,0,-6,-1,-6,-1,-6,-2,-6,-2,-6,-2,-6,-3,-6,-3,-6,-4,-7,-5,-7,-5,-7,0,0,-5,-7,-5,-7,-6,-8,-6,-8,-5,-8,-6,-8,-6,-8,-5,-9,-6,-9,-4,-9,-4,-9,-3,-9,-3,-9,-3,-9,-3,-9,-3,-9,-2,-9,-2,-8,-1,-8,-1,-8,0,-7,0,-7,1,-6,2,-6,2,-6,2,-4,0,0,0,0,0,0,0,0,0,0,0,0,0,0,56,-52,57,-56,57,-56,50,-49,51,-51,47,-46,46,-42,44,-43,39,-37,32,-41,30,-40,24,-36,23,-37,20,-32,18,-30,8,-34,11,-33,4,-32,4,-28,-1,-30,-2,-33,-1,-32,-9,-31,-6,-30,-8,-29,-14,-33,-16,-30,-23,-26,-21,-30,-24,-28,-26,-28,-26,-38,-29,-35,-29,-37,-32,-34,-27,-38,-29,-41,-27,-40,-27,-46,-23,-43,-21,-45,-22,-46,-23,-47,-21,-46,-17,-45,-16,-44,-11,-46,-8,-42,-4,-43,-6,-42,-5,-38,-1,-40,6,-38,5,-34,12,-34,12,-30,17,-27,0,0,0,0,0,0,0,0,0,0,0,0,0,0,0,0,0,0,0,0,0,0,-1,58,-9,55,-14,54,-17,52,-18,54,-22,46,-18,46,-28,46,-22,44,-23,40,-25,40,-20,38,-19,40,-22,37,-19,33,-17,35,-10,36,-12,33,-7,33,-7,32,-8,32,-7,32,1,37,3,35,0,37,11,38,10,38,11,40,13,39,20,39,19,40,19,44,27,46,25,45,25,46,27,45,33,43,37,43,35,40,43,42,41,41,48,43,49,44,48,40,50,41,59,40,58,43,59,42,64,46,65,48,67,50,72,53,70,57,67,55,74,55,70,56,68,57,0,0]"
CSI_DATA,161,1a:00:00:00:00:00,-46,11,1,0,1,1,1,0,0,0,1,-96,0,11,2,2460999,0,44,0,384,0,"[0,0,0,0,0,0,0,0,0,0,0,0,-9,10,-8,9,-8,8,-7,9,-7,8,-6,7,-5,7,-5,7,-5,6,-4,6,-3,6,-3,6,-2,5,-1,5,-1,5,0,5,1,5,0,4,1,4,2,4,2,4,2,4,3,4,4,4,4,4,4,4,0,0,5,5,5,5,5,5,6,5,5,5,5,6,6,6,5,6,5,7,5,7,5,7,4,7,4,7,3,7,3,7,2,7,2,7,2,7,1,6,0,6,0,6,0,6,-1,5,-2,5,-2,5,-3,4,0,0,0,0,0,0,0,0,0,0,0,0,0,0,-62,54,-62,47,-54,54,-57,53,-47,54,-48,48,-42,46,-38,40,-39,38,-38,34,-30,41,-25,36,-25,37,-22,30,-20,36,-14,31,-11,33,-7,31,-6,35,1,30,2,33,7,28,5,21,11,26,9,28,19,24,20,26,23,26,23,25,31,30,27,25,37,24,30,28,37,28,38,25,30,34,33,33,39,36,32,38,36,36,34,36,30,40,30,39,29,45,21,38,24,40,24,40,20,40,17,36,15,41,10,35,8,36,6,37,1,31,-4,34,-2,31,-7,25,0,0,0,0,0,0,0,0,0,0,0,0,0,0,0,0,0,0,0,0,0,0,17,-58,21,-56,27,-57,29,-52,33,-46,33,-45,32,-43,29,-38,33,-45,31,-41,35,-38,29,-33,30,-35,29,-32,26,-34,22,-31,19,-37,17,-38,17,-32,16,-35,10,-34,8,-36,7,-34,3,-39,0,-42,-4,-38,-1,-39,-5,-41,-8,-46,-13,-45,-15,-40,-17,-46,-20,-50,-23,-46,-19,-48,-28,-50,-23,-50,-34,-51,-28,-45,-39,-51,-40,-49,-40,-47,-44,-43,-47,-48,-50,-46,-61,-48,-56,-50,-60,-46,-62,-50,-67,-53,-69,-58,-74,-55,-70,-58,-69,-53,-73,-65,-76,-63,-69,-63,0,0]"
CSI_DATA,162,1a:00:00:00:00:00,-46,11,1,0,1,1,1,0,0,0,1,-96,0,11,2,2470124,0,44,0,384,0,"[0,0,0,0,0,0,0,0,0,0,0,0,12,3,12,2,12,2,11,2,10,2,10,1,9,1,8,0,8,0,7,-1,7,-1,7,-1,6,-2,5,-2,5,-2,5,-3,4,-3,4,-4,3,-4,3,-5,3,-5,2,-5,2,-6,2,-6,2,-7,1,-7,0,0,1,-8,2,-8,1,-9,2,-9,2,-9,2,-9,2,-10,3,-9,3,-10,4,-10,4,-9,4,-8,4,-8,4,-8,5,-7,5,-7,5,-7,5,-6,5,-6,5,-5,5,-4,5,-4,5,-3,5,-2,5,-2,5,-1,0,0,0,0,0,0,0,0,0,0,0,0,0,0,39,11,40,10,40,7,33,6,34,5,32,7,29,5,29,4,26,3,25,3,23,2,21,1,21,-1,21,-2,16,-2,17,-3,18,-4,14,-8,14,-8,12,-7,12,-10,10,-9,9,-11,8,-12,8,-12,7,-16,5,-13,3,-16,5,-19,3,-19,5,-19,2,-20,4,-21,2,-25,3,-23,4,-22,3,-24,3,-27,5,-27,6,-25,10,-24,9,-25,11,-23,10,-24,11,-20,11,-21,11,-20,11,-19,12,-18,12,-17,13,-16,14,-15,13,-14,14,-11,13,-9,14,-4,14,-3,0,0,0,0,0,0,0,0,0,0,0,0,0,0,0,0,0,0,0,0,0,0,-29,9,-30,8,-30,5,-28,3,-31,1,-29,2,-28,0,-27,-1,-28,-2,-25,-2,-27,-5,-24,-3,-24,-2,-23,-2,-21,-2,-21,-2,-21,-1,-18,0,-17,2,-19,4,-18,5,-21,6,-16,6,-17,8,-16,9,-18,12,-15,11,-15,14,-16,14,-16,17,-15,16,-16,19,-16,18,-12,22,-12,23,-11,23,-12,24,-12,26,-10,26,-9,28,-9,29,-7,29,-8,32,-6,33,-5,34,-3,34,-4,35,-1,37,-4,37,-4,41,-5,40,-3,42,-5,44,-4,43,-6,45,-4,44,-7,44,0,0]"
CSI_DATA,163,1a:00:00:00:00:00,-46,11,1,0,1,1,1,0,0,0,1,-96,0,11,2,2490148,0,44,0,384,0,"[0,0,0,0,0,0,0,0,0,0,0,0,-6,-12,-6,-11,-6,-11,-6,-10,-6,-10,-5,-9,-5,-8,-5,-8,-5,-7,-5,-6,-5,-6,-5,-5,-5,-5,-5,-4,-5,-3,-5,-3,-5,-2,-6,-2,-6,-1,-5,-1,-5,-1,-5,0,-6,0,-6,1,-6,2,-6,2,0,0,-7,3,-8,3,-8,3,-8,3,-8,3,-8,3,-8,3,-9,2,-9,2,-9,2,-9,1,-9,1,-9,0,-9,0,-9,-1,-8,-1,-8,-1,-8,-1,-7,-2,-7,-2,-6,-2,-6,-3,-6,-3,-5,-3,-4,-4,-4,-4,0,0,0,0,0,0,0,0,0,0,0,0,0,0,-46,-70,-39,-72,-44,-65,-42,-65,-39,-58,-36,-56,-38,-54,-34,-52,-29,-48,-32,-43,-29,-39,-32,-38,-32,-36,-33,-28,-28,-30,-27,-22,-32,-19,-26,-16,-27,-13,-27,-9,-30,-9,-26,-8,-28,0,-30,-1,-27,6,-27,7,-27,11,-30,12,-31,17,-32,21,-30,19,-38,20,-37,20,-33,22,-40,21,-42,25,-43,22,-45,24,-44,22,-46,18,-45,18,-50,15,-46,12,-49,16,-43,11,-49,10,-42,2,-44,4,-41,1,-39,0,-39,-2,-35,-5,-34,-7,-34,-13,-31,-12,-25,-16,-22,-18,0,0,0,0,0,0,0,0,0,0,0,0,0,0,0,0,0,0,0,0,0,0,61,14,53,20,52,26,50,29,50,32,46,33,47,31,39,33,41,34,37,33,34,36,35,31,38,31,34,30,28,28,27,30,32,27,27,21,30,16,30,13,33,14,35,14,34,10,36,12,36,3,36,-1,38,0,38,-1,39,-3,43,-7,41,-7,45,-15,46,-12,40,-16,45,-20,52,-23,49,-24,50,-27,47,-28,47,-33,48,-34,48,-37,48,-40,52,-45,50,-46,52,-48,56,-52,51,-56,54,-53,58,-57,64,-58,67,-65,69,-60,67,-57,71,-58,69,-56,74,-58,0,0]"
CSI_DATA,164,1a:00:00:00:00:00,-46,11,1,0,1,1,1,0,0,0,1,-96,0,11,2,2500322,0,44,0,384,0,"[0,0,0,0,0,0,0,0,0,0,0,0,6,-12,6,-12,5,-12,5,-11,5,-10,4,-10,3,-10,3,-9,3,-8,2,-8,2,-8,0,-7,1,-7,-1,-6,-1,-6,-2,-6,-2,-6,-2,-6,-3,-5,-3,-5,-4,-5,-5,-4,-5,-4,-5,-4,-6,-4,-6,-4,0,0,-7,-4,-7,-5,-8,-4,-8,-4,-8,-5,-9,-5,-8,-5,-8,-5,-8,-5,-8,-6,-8,-6,-7,-6,-7,-6,-6,-7,-6,-7,-6,-7,-5,-7,-5,-6,-4,-7,-4,-6,-3,-7,-3,-6,-2,-6,-2,-6,-1,-6,0,-5,0,0,0,0,0,0,0,0,0,0,0,0,0,0,26,-36,25,-37,22,-33,21,-31,18,-32,19,-30,17,-27,18,-27,14,-24,13,-25,10,-24,12,-21,7,-24,6,-19,4,-19,3,-21,1,-19,0,-18,0,-15,-3,-16,-4,-17,-6,-13,-6,-12,-7,-13,-6,-11,-8,-11,-13,-11,-12,-10,-13,-10,-16,-10,-16,-9,-18,-11,-18,-12,-19,-12,-20,-11,-19,-13,-19,-13,-21,-14,-20,-17,-19,-16,-18,-16,-19,-16,-19,-18,-18,-18,-18,-18,-17,-16,-14,-18,-14,-20,-12,-18,-8,-19,-9,-18,-8,-20,-7,-18,-3,-17,-3,-17,-2,-15,0,-15,0,0,0,0,0,0,0,0,0,0,0,0,0,0,0,0,0,0,0,0,0,0,2,29,-3,28,-3,28,-7,29,-9,26,-9,26,-8,24,-12,24,-9,25,-10,23,-10,23,-7,22,-10,23,-10,20,-8,19,-7,16,-4,18,-5,19,-2,18,-2,17,-2,18,0,19,1,18,2,16,4,16,6,18,7,15,8,17,10,19,12,16,13,18,13,18,15,21,16,16,15,19,19,20,19,17,23,16,24,17,25,14,24,17,27,13,29,17,29,15,29,14,32,11,33,15,35,16,36,17,37,14,39,16,41,13,40,17,38,18,45,18,39,20,40,20,0,0]"
CSI_DATA,165,1a:00:00:00:00:00,-46,11,1,0,1,1,1,0,0,0,1,-96,0,11,2,2510129,0,44,0,384,0,"[0,0,0,0,0,0,0,0,0,0,0,0,12,6,11,6,11,5,10,5,9,4,9,4,8,3,8,3,7,3,7,2,7,2,6,1,6,1,6,0,5,-1,5,-1,5,-2,4,-2,4,-3,4,-3,4,-3,4,-4,4,-4,4,-6,4,-5,4,-6,0,0,4,-6,4,-7,4,-8,4,-8,4,-7,5,-8,6,-8,5,-8,6,-7,6,-7,6,-7,6,-6,7,-6,6,-6,7,-5,7,-5,6,-4,6,-4,6,-3,6,-3,6,-2,6,-1,6,-1,6,0,5,0,4,1,0,0,0,0,0,0,0,0,0,0,0,0,0,0,35,23,34,20,34,18,30,19,31,19,28,18,29,14,27,15,25,13,22,12,23,11,21,11,20,10,21,10,17,8,17,2,17,2,19,0,15,-1,14,-2,16,-4,14,-4,15,-6,13,-8,11,-9,12,-9,9,-12,12,-13,11,-13,10,-15,10,-14,12,-18,13,-16,15,-19,11,-18,17,-19,14,-21,15,-20,18,-22,18,-19,18,-18,18,-17,18,-14,20,-16,18,-13,18,-12,19,-9,21,-12,20,-9,18,-7,20,-8,19,-6,15,-4,18,0,16,-3,15,1,13,4,0,0,0,0,0,0,0,0,0,0,0,0,0,0,0,0,0,0,0,0,0,0,-29,3,-30,1,-29,0,-29,-2,-29,-6,-28,-6,-27,-4,-25,-8,-25,-8,-25,-8,-22,-10,-21,-7,-23,-8,-22,-8,-18,-4,-17,-6,-18,-2,-19,-4,-18,0,-18,1,-16,2,-18,2,-15,5,-16,4,-17,5,-17,9,-16,7,-15,11,-17,10,-16,14,-16,12,-19,16,-16,18,-17,16,-19,20,-16,18,-17,20,-16,23,-15,24,-16,25,-14,26,-13,28,-12,28,-12,33,-12,32,-15,33,-14,33,-13,37,-14,37,-15,39,-15,39,-15,40,-18,41,-16,41,-19,44,-19,44,-20,43,0,0]"
CSI_DATA,166,1a:00:00:00:00:00,-46,11,1,0,1,1,1,0,0,0,1,-96,0,11,2,2520114,0,44,0,384,0,"[0,0,0,0,0,0,0,0,0,0,0,0,-3,13,-3,12,-2,12,-2,11,-2,10,-2,10,-2,9,-1,8,-1,8,0,7,0,7,0,6,1,6,2,5,1,5,2,5,3,4,3,4,3,3,4,4,4,3,4,3,4,3,5,2,6,2,6,2,0,0,7,2,7,2,8,2,8,2,8,3,8,2,8,3,8,3,8,3,8,4,8,4,7,4,7,4,7,4,6,5,6,5,5,5,5,5,4,5,4,5,3,5,3,5,2,5,1,5,0,5,0,5,0,0,0,0,0,0,0,0,0,0,0,0,0,0,-13,40,-12,40,-8,41,-9,37,-11,36,-9,35,-8,32,-9,32,-8,28,-6,27,-4,27,-3,25,-2,26,0,22,-1,22,2,19,3,15,2,17,4,16,7,14,8,14,7,11,10,12,11,11,10,11,11,9,13,9,15,8,18,9,17,7,17,9,22,10,19,9,21,9,22,9,22,11,23,11,24,10,22,11,22,13,23,14,21,17,17,17,19,15,18,16,18,17,17,18,15,18,12,18,10,17,11,16,9,18,6,16,5,17,2,14,0,15,-1,15,0,0,0,0,0,0,0,0,0,0,0,0,0,0,0,0,0,0,0,0,0,0,-17,-26,-13,-27,-11,-27,-9,-28,-6,-27,-6,-27,-6,-26,-4,-26,-4,-28,-3,-25,-1,-25,-1,-24,-2,-22,-1,-21,-2,-18,-5,-17,-4,-17,-5,-18,-5,-17,-7,-16,-7,-15,-9,-15,-10,-15,-11,-13,-11,-12,-14,-12,-16,-11,-17,-11,-16,-10,-19,-10,-20,-9,-21,-11,-23,-10,-24,-8,-25,-11,-25,-9,-26,-7,-27,-6,-26,-7,-31,-7,-29,-6,-32,-2,-34,-3,-35,-1,-34,1,-38,4,-39,1,-38,2,-41,1,-44,-2,-44,-2,-48,-1,-49,-5,-47,-3,-50,-5,-50,-2,-46,-6,0,0]"
CSI_DATA,167,1a:00:00:00:00:00,-46,11,1,0,1,1,1,0,0,0,1,-96,0,11,2,2540776,0,44,0,384,0,"[0,0,0,0,0,0,0,0,0,0,0,0,2,14,3,13,3,12,3,12,2,10,2,10,3,9,3,9,3,8,3,7,3,7,3,5,4,5,4,4,4,4,5,3,5,3,4,2,5,2,5,2,5,1,6,0,6,0,7,0,7,-1,7,-1,0,0,8,-1,9,-1,9,-1,9,-1,10,-1,10,-1,10,0,10,0,10,0,9,1,10,1,9,1,9,2,8,2,8,3,8,3,8,3,7,3,7,4,6,3,6,4,5,4,4,4,4,5,3,5,2,4,0,0,0,0,0,0,0,0,0,0,0,0,0,0,2,43,-2,41,1,41,0,36,0,40,-2,34,0,32,0,32,2,26,2,27,2,27,3,23,6,22,5,18,5,18,7,16,8,16,9,15,8,14,10,12,12,11,12,8,15,7,14,7,15,5,16,5,16,3,18,3,20,2,21,1,21,2,24,1,21,1,27,2,23,0,24,2,29,3,27,1,26,1,28,4,25,5,26,8,26,10,25,9,25,7,23,11,21,11,19,9,20,11,17,13,16,13,15,12,13,13,10,15,10,14,7,13,3,16,0,0,0,0,0,0,0,0,0,0,0,0,0,0,0,0,0,0,0,0,0,0,-15,-27,-13,-26,-10,-27,-6,-29,-4,-28,-4,-30,-4,-26,-2,-25,-2,-25,0,-23,-1,-23,0,-22,0,-22,0,-19,0,-17,-2,-18,-3,-19,-4,-14,-4,-13,-9,-15,-9,-12,-8,-11,-7,-13,-10,-10,-13,-10,-15,-10,-15,-11,-17,-8,-15,-9,-20,-7,-17,-9,-21,-8,-21,-8,-23,-5,-24,-5,-26,-6,-23,-4,-27,-5,-28,-1,-30,0,-30,0,-31,0,-33,1,-35,5,-31,5,-35,5,-37,5,-38,9,-39,9,-37,7,-40,7,-43,11,-46,5,-44,9,-47,6,-45,9,-45,5,0,0]"
CSI_DATA,168,1a:00:00:00:00:00,-46,11,1,0,1,1,1,0,0,0,1,-96,0,11,2,2550452,0,44,0,384,0,"[0,0,0,0,0,0,0,0,0,0,0,0,3,-14,2,-14,2,-13,2,-13,1,-11,2,-11,0,-10,1,-10,0,-10,0,-9,-1,-9,-2,-8,-2,-7,-3,-7,-3,-6,-3,-7,-3,-6,-4,-5,-5,-5,-5,-5,-6,-5,-6,-4,-6,-4,-7,-4,-8,-4,-8,-4,0,0,-9,-4,-9,-4,-10,-5,-10,-4,-10,-5,-9,-5,-10,-5,-9,-5,-9,-6,-9,-6,-8,-7,-8,-7,-8,-7,-7,-7,-7,-7,-7,-7,-6,-7,-6,-7,-5,-7,-4,-7,-4,-7,-3,-7,-2,-6,-2,-7,-1,-6,0,-6,0,0,0,0,0,0,0,0,0,0,0,0,0,0,6,-44,9,-40,5,-43,7,-37,7,-36,8,-35,5,-31,3,-32,3,-29,4,-27,0,-27,0,-25,1,-24,0,-21,-1,-22,-5,-19,-4,-19,-6,-18,-7,-15,-10,-15,-11,-15,-11,-12,-11,-10,-12,-11,-13,-8,-15,-8,-19,-9,-17,-8,-17,-7,-18,-7,-22,-7,-22,-7,-23,-7,-25,-7,-24,-7,-24,-9,-26,-11,-27,-9,-26,-12,-25,-13,-25,-12,-23,-14,-23,-15,-22,-15,-20,-14,-23,-16,-19,-17,-18,-16,-17,-16,-15,-16,-14,-18,-12,-18,-9,-16,-6,-17,-6,-16,-4,-17,-2,-17,0,0,0,0,0,0,0,0,0,0,0,0,0,0,0,0,0,0,0,0,0,0,9,25,4,29,1,28,1,28,-2,28,-2,27,-2,26,-5,24,-4,24,-6,23,-6,22,-5,20,-5,20,-5,19,-5,17,-4,16,-2,14,-3,14,1,13,-1,11,2,13,3,12,4,12,7,12,7,11,10,10,12,11,14,10,13,11,15,11,16,9,19,11,18,10,19,11,22,10,21,9,22,8,25,7,25,7,24,5,26,5,30,3,31,2,33,3,32,2,32,3,34,1,39,-1,36,3,42,1,41,-2,42,-1,46,1,44,4,48,1,44,2,44,2,0,0]"
CSI_DATA,169,1a:00:00:00:00:00,-46,11,1,0,1,1,1,0,0,0,1,-96,0,11,2,2560079,0,44,0,384,0,"[0,0,0,0,0,0,0,0,0,0,0,0,11,7,12,7,11,6,11,6,10,6,9,5,8,4,8,3,7,3,7,2,7,2,7,1,7,0,6,0,6,-1,6,-2,5,-2,5,-2,5,-3,5,-4,5,-4,5,-5,4,-5,5,-6,5,-6,5,-7,0,0,5,-8,6,-8,6,-9,6,-8,7,-8,7,-8,7,-8,8,-8,7,-8,8,-7,8,-7,8,-7,8,-6,8,-6,8,-5,8,-5,8,-5,8,-4,8,-3,7,-3,7,-2,7,-1,7,-1,6,0,6,1,5,1,0,0,0,0,0,0,0,0,0,0,0,0,0,0,33,27,29,28,33,29,27,25,26,25,24,26,25,23,26,20,22,18,21,18,21,16,19,14,19,13,17,11,19,8,18,4,18,5,16,2,15,1,15,0,14,-2,14,-3,16,-5,15,-7,15,-6,16,-11,14,-9,15,-13,15,-14,14,-17,13,-17,17,-17,16,-15,18,-20,17,-19,21,-19,19,-18,21,-20,23,-19,23,-15,20,-16,24,-15,23,-15,25,-13,23,-12,23,-9,23,-8,23,-9,23,-5,21,-6,22,-4,21,-1,20,-2,18,1,17,2,16,4,14,9,0,0,0,0,0,0,0,0,0,0,0,0,0,0,0,0,0,0,0,0,0,0,-29,-11,-28,-13,-25,-16,-27,-17,-23,-19,-22,-19,-20,-19,-18,-19,-19,-21,-16,-19,-16,-19,-15,-18,-16,-17,-14,-17,-10,-16,-12,-12,-14,-11,-10,-12,-12,-10,-12,-7,-13,-6,-15,-5,-13,-6,-15,-2,-15,-1,-15,0,-16,0,-15,4,-15,7,-19,8,-17,8,-21,11,-20,10,-18,12,-20,12,-20,14,-19,14,-20,16,-20,18,-19,21,-21,21,-21,23,-21,23,-21,25,-21,24,-22,30,-20,29,-19,33,-21,35,-22,34,-22,35,-22,36,-26,37,-25,35,-29,38,-28,41,-28,35,0,0]"
CSI_DATA,170,1a:00:00:00:00:00,-46,11,1,0,1,1,1,0,0,0,1,-96,0,11,2,2570145,0,44,0,384,0,"[0,0,0,0,0,0,0,0,0,0,0,0,-5,-14,-5,-12,-6,-11,-5,-12,-5,-10,-5,-10,-5,-9,-4,-8,-4,-8,-5,-7,-5,-7,-5,-5,-5,-5,-5,-4,-6,-4,-6,-3,-6,-2,-6,-2,-6,-2,-7,-1,-7,-1,-7,0,-7,1,-8,1,-8,1,-8,2,0,0,-9,2,-9,2,-10,3,-10,3,-10,2,-11,2,-10,1,-10,2,-11,1,-10,1,-11,1,-10,0,-10,-1,-10,-1,-10,-2,-10,-2,-10,-2,-9,-2,-8,-3,-8,-3,-7,-4,-7,-4,-6,-4,-6,-4,-5,-5,-4,-5,0,0,0,0,0,0,0,0,0,0,0,0,0,0,-20,-89,-18,-77,-25,-77,-17,-73,-22,-70,-18,-67,-20,-63,-22,-56,-22,-56,-19,-50,-21,-50,-21,-46,-16,-42,-25,-35,-23,-36,-25,-29,-27,-24,-27,-16,-27,-18,-30,-18,-32,-13,-26,-13,-30,0,-29,-7,-33,-2,-33,1,-33,4,-40,13,-41,8,-43,12,-44,16,-46,21,-47,17,-47,17,-51,22,-53,14,-53,16,-54,13,-56,14,-54,7,-55,10,-58,14,-56,7,-57,6,-52,3,-53,5,-51,-6,-54,-2,-47,-6,-45,-7,-41,-10,-42,-13,-37,-14,-33,-15,-31,-18,-31,-20,-26,-24,0,0,0,0,0,0,0,0,0,0,0,0,0,0,0,0,0,0,0,0,0,0,27,54,20,53,14,62,15,59,5,55,3,57,3,53,-2,53,-4,55,-2,51,-4,52,1,48,1,45,-3,40,-5,36,1,36,-1,37,4,30,4,30,5,23,5,21,12,23,13,24,17,18,17,17,21,17,22,11,23,15,27,10,37,10,33,8,39,7,42,9,41,5,44,8,45,0,44,1,52,-4,48,-3,53,-11,51,-8,58,-17,57,-15,57,-23,57,-18,65,-27,69,-22,68,-29,67,-25,74,-32,70,-33,77,-35,88,-33,81,-35,84,-38,82,-38,88,-32,0,0]"
CSI_DATA,171,1a:00:00:00:00:00,-46,11,1,0,1,1,1,0,0,0,1,-96,0,11,2,2580155,0,44,0,384,0,"[0,0,0,0,0,0,0,0,0,0,0,0,13,1,12,0,12,0,11,1,11,0,9,0,9,-1,8,-1,7,-2,7,-2,7,-2,6,-2,6,-2,5,-3,4,-3,4,-4,3,-5,3,-5,2,-5,2,-5,2,-6,1,-6,1,-6,1,-7,1,-7,0,-8,0,0,0,-9,0,-9,0,-10,0,-10,1,-10,0,-10,1,-11,2,-11,1,-11,2,-11,3,-10,3,-9,3,-10,3,-9,3,-9,4,-8,4,-8,4,-8,4,-7,4,-7,5,-6,5,-5,6,-5,6,-4,5,-3,5,-2,0,0,0,0,0,0,0,0,0,0,0,0,0,0,81,-7,84,-11,81,-11,74,-7,68,-7,63,-7,64,-5,64,-8,59,-9,54,-13,45,-17,41,-16,42,-16,38,-15,36,-15,33,-15,30,-20,24,-17,23,-21,20,-22,17,-24,18,-31,8,-28,8,-29,9,-30,2,-33,-1,-32,-6,-40,-5,-39,-9,-42,-7,-41,-11,-44,-9,-49,-14,-47,-11,-51,-9,-50,-8,-55,-10,-56,-6,-59,-7,-56,-2,-59,1,-52,3,-53,2,-52,6,-55,5,-52,5,-48,10,-48,13,-44,8,-44,14,-45,18,-42,18,-38,15,-33,28,-31,26,-26,31,-18,0,0,0,0,0,0,0,0,0,0,0,0,0,0,0,0,0,0,0,0,0,0,-59,19,-57,9,-62,10,-60,4,-60,1,-58,-1,-52,-4,-55,-8,-57,-3,-54,-11,-51,-13,-47,-12,-45,-10,-42,-11,-38,-11,-38,-5,-35,-2,-36,-7,-35,-1,-30,4,-27,8,-31,4,-26,9,-26,10,-26,13,-18,14,-19,18,-18,22,-20,23,-17,30,-11,31,-12,34,-18,35,-12,36,-13,45,-7,42,-8,45,-7,45,-5,52,-2,50,-3,50,6,55,7,59,8,64,11,62,10,61,15,60,18,70,16,70,21,78,16,83,25,80,16,80,16,83,19,96,21,88,20,85,0,0]"
CSI_DATA,172,1a:00:00:00:00:00,-46,11,1,0,1,1,1,0,0,0,1,-96,0,11,2,2600146,0,44,0,384,0,"[0,0,0,0,0,0,0,0,0,0,0,0,-14,2,-13,2,-13,2,-12,2,-11,2,-11,2,-10,3,-9,2,-9,3,-8,2,-8,3,-7,3,-6,3,-5,3,-5,3,-4,4,-3,4,-3,4,-2,4,-2,4,-2,5,-1,5,-1,5,0,5,1,6,1,6,0,0,2,7,1,7,2,8,2,8,2,8,2,9,2,9,1,8,1,9,1,9,0,9,0,9,-1,9,-1,9,-1,9,-1,9,-2,9,-2,8,-2,8,-3,7,-3,7,-4,6,-4,6,-5,5,-5,4,-5,3,0,0,0,0,0,0,0,0,0,0,0,0,0,0,-88,16,-84,12,-78,14,-71,18,-77,16,-63,10,-68,12,-62,11,-60,9,-54,11,-50,17,-44,16,-42,16,-41,19,-38,12,-33,18,-34,22,-27,17,-25,20,-22,23,-14,25,-13,24,-7,25,-5,28,1,28,-2,24,3,32,1,36,4,37,11,38,8,34,16,40,11,43,17,41,18,43,19,43,14,48,21,52,17,51,14,51,15,49,7,55,1,54,7,51,3,50,4,51,1,50,-1,52,-2,47,-6,43,-9,42,-7,40,-11,41,-19,36,-21,32,-21,26,-20,27,0,0,0,0,0,0,0,0,0,0,0,0,0,0,0,0,0,0,0,0,0,0,56,-18,57,-13,62,-10,61,-7,65,0,60,2,57,2,53,3,59,4,56,10,51,16,48,15,50,9,46,12,38,12,40,9,35,3,32,7,28,4,34,-3,32,-4,30,-5,26,-5,29,-12,27,-12,22,-17,19,-20,20,-22,21,-23,21,-33,15,-31,18,-36,12,-40,10,-38,11,-42,9,-43,6,-46,6,-50,0,-48,3,-54,-3,-47,-10,-55,-5,-57,-14,-67,-11,-57,-15,-59,-18,-67,-19,-66,-25,-67,-20,-78,-21,-77,-25,-80,-23,-83,-21,-87,-26,-94,-25,-87,-26,-92,0,0]"
CSI_DATA,173,1a:00:00:00:00:00,-46,11,1,0,1,1,1,0,0,0,1,-96,0,11,2,2610110,0,44,0,384,0,"[0,0,0,0,0,0,0,0,0,0,0,0,-14,-3,-14,-2,-13,-2,-14,-3,-12,-2,-11,-2,-10,-1,-10,0,-10,-1,-9,-1,-8,0,-8,1,-7,1,-7,1,-7,1,-6,2,-5,3,-5,3,-4,3,-4,4,-4,4,-3,4,-3,4,-2,6,-2,6,-1,6,0,0,-1,7,-1,8,-1,8,-1,8,-1,9,-1,9,-1,9,-2,9,-2,9,-2,9,-2,9,-3,9,-3,9,-4,9,-4,8,-4,8,-4,7,-4,7,-5,7,-4,7,-5,6,-6,5,-6,5,-6,4,-6,3,-6,2,0,0,0,0,0,0,0,0,0,0,0,0,0,0,-44,-10,-44,-12,-43,-7,-36,-9,-37,-6,-33,-8,-35,-6,-35,-8,-31,-4,-27,-6,-26,-1,-26,-2,-24,-2,-24,-1,-21,0,-19,3,-21,5,-16,2,-14,4,-13,6,-14,9,-11,6,-10,9,-8,10,-8,12,-9,12,-6,12,-3,15,-4,16,-3,17,-1,18,-2,19,-4,18,-2,22,-1,23,-2,23,-2,24,-1,25,-2,26,-3,25,-3,25,-6,26,-4,25,-6,25,-5,24,-8,23,-8,23,-9,23,-9,18,-9,21,-8,19,-11,18,-12,18,-17,15,-13,13,-14,10,-15,6,0,0,0,0,0,0,0,0,0,0,0,0,0,0,0,0,0,0,0,0,0,0,30,4,27,6,31,8,27,11,28,14,25,15,23,12,24,13,24,16,23,14,21,16,20,15,19,13,18,15,18,13,14,13,17,11,14,11,17,9,13,8,14,2,16,2,13,1,16,2,13,-2,13,-4,12,-5,14,-5,15,-7,15,-9,14,-11,15,-11,15,-13,14,-15,12,-18,12,-19,9,-20,12,-21,12,-21,11,-24,11,-25,9,-28,7,-26,7,-31,4,-29,6,-35,5,-32,2,-35,2,-37,4,-38,6,-39,5,-38,8,-44,4,-44,5,-46,1,-47,7,-47,0,0]"
CSI_DATA,174,1a:00:00:00:00:00,-46,11,1,0,1,1,1,0,0,0,1,-96,0,11,2,2620110,0,44,0,384,0,"[0,0,0,0,0,0,0,0,0,0,0,0,3,-15,2,-14,1,-13,2,-13,1,-12,1,-11,0,-12,0,-10,0,-10,0,-9,0,-9,-1,-8,-1,-7,-2,-7,-2,-6,-3,-6,-4,-5,-3,-5,-4,-4,-4,-4,-4,-4,-5,-3,-5,-3,-6,-2,-6,-3,-7,-2,0,0,-8,-2,-8,-2,-9,-1,-9,-1,-9,-2,-9,-2,-9,-2,-9,-2,-10,-3,-10,-3,-10,-4,-9,-4,-9,-4,-9,-4,-8,-4,-9,-5,-8,-5,-8,-5,-7,-6,-7,-5,-7,-6,-6,-6,-5,-6,-4,-6,-3,-7,-2,-7,0,0,0,0,0,0,0,0,0,0,0,0,0,0,10,-43,7,-42,6,-41,8,-43,7,-40,6,-38,6,-37,6,-33,3,-30,2,-30,0,-31,0,-28,-3,-27,-2,-25,0,-23,-1,-21,-4,-20,-5,-17,-7,-16,-7,-15,-8,-15,-9,-16,-10,-12,-12,-9,-12,-8,-13,-6,-12,-7,-17,-4,-16,-5,-19,-3,-21,-4,-22,-2,-20,-4,-23,-3,-24,-2,-25,-3,-24,-6,-26,-4,-27,-5,-26,-5,-26,-6,-25,-6,-26,-8,-25,-9,-26,-10,-25,-8,-23,-11,-22,-12,-21,-12,-21,-11,-21,-14,-17,-13,-15,-12,-13,-15,-11,-18,-11,-16,-6,-17,0,0,0,0,0,0,0,0,0,0,0,0,0,0,0,0,0,0,0,0,0,0,5,31,2,34,-2,31,-5,32,-6,31,-7,30,-6,29,-8,28,-11,27,-11,27,-13,26,-10,23,-11,25,-12,22,-12,20,-9,20,-4,20,-9,16,-6,18,-5,14,-3,16,-1,17,0,15,1,14,3,16,6,15,6,13,8,15,8,15,11,13,11,12,12,13,13,12,17,13,18,11,18,12,18,10,20,9,22,9,24,7,27,8,28,5,30,4,30,4,32,2,32,-2,33,-2,36,0,37,-1,39,-1,39,-1,44,0,47,1,43,-2,47,4,48,0,45,0,0,0]"
CSI_DATA,175,1a:00:00:00:00:00,-46,11,1,0,1,1,1,0,0,0,1,-96,0,11,2,2630592,0,44,0,384,0,"[0,0,0,0,0,0,0,0,0,0,0,0,-14,-4,-14,-4,-13,-4,-13,-4,-12,-4,-12,-3,-11,-3,-10,-2,-10,-2,-9,-2,-9,-1,-8,-1,-8,-1,-7,0,-7,1,-6,1,-6,1,-5,2,-5,2,-5,3,-4,3,-4,3,-3,3,-3,4,-3,5,-3,5,0,0,-3,6,-3,7,-3,7,-2,8,-3,8,-3,8,-3,8,-4,8,-4,8,-4,8,-4,8,-5,8,-5,7,-5,7,-5,7,-6,7,-6,7,-6,6,-6,5,-7,5,-7,4,-7,4,-7,3,-7,2,-7,1,-7,0,0,0,0,0,0,0,0,0,0,0,0,0,0,0,-81,-31,-81,-30,-81,-28,-75,-30,-70,-31,-66,-27,-71,-23,-65,-25,-61,-19,-47,-17,-52,-20,-47,-7,-48,-11,-45,-8,-40,-10,-37,-4,-38,-3,-36,0,-30,5,-34,6,-32,9,-30,8,-23,14,-27,17,-21,16,-25,23,-19,18,-23,23,-21,27,-16,33,-16,31,-15,35,-16,39,-13,36,-12,40,-17,39,-18,42,-17,44,-19,44,-23,45,-27,45,-26,44,-28,44,-30,42,-27,39,-29,39,-29,32,-36,37,-37,27,-35,29,-33,28,-31,19,-33,21,-36,16,-36,11,-35,7,-34,-4,0,0,0,0,0,0,0,0,0,0,0,0,0,0,0,0,0,0,0,0,0,0,64,-7,63,-1,62,4,61,6,57,13,57,16,59,15,53,16,58,14,53,22,47,26,48,23,47,20,40,22,37,24,38,17,40,16,35,20,36,11,30,9,33,7,33,1,26,1,31,-3,28,-2,26,-7,28,-9,27,-13,27,-16,28,-26,28,-18,28,-26,29,-27,24,-30,26,-30,27,-30,27,-36,21,-40,22,-39,24,-51,17,-46,19,-52,14,-54,16,-61,12,-57,9,-58,15,-62,8,-71,7,-74,13,-78,16,-77,9,-83,17,-84,19,-85,18,-92,11,-86,22,-93,0,0]"
CSI_DATA,176,1a:00:00:00:00:00,-47,11,1,0,1,1,1,0,0,0,1,-96,0,11,2,2680240,0,44,0,384,0,"[0,0,0,0,0,0,0,0,0,0,0,0,12,-7,11,-7,10,-6,11,-6,9,-6,9,-6,8,-6,7,-6,7,-6,5,-5,5,-6,5,-6,4,-5,2,-5,3,-5,2,-6,1,-6,0,-5,0,-5,0,-6,-1,-5,-2,-5,-2,-5,-3,-6,-4,-6,-4,-6,0,0,-5,-7,-5,-6,-6,-8,-6,-7,-6,-8,-6,-8,-6,-8,-6,-8,-7,-9,-6,-9,-6,-9,-5,-9,-5,-9,-5,-9,-4,-9,-4,-9,-4,-9,-4,-8,-3,-9,-3,-8,-2,-8,-1,-8,0,-7,0,-8,1,-7,1,-6,0,0,0,0,0,0,0,0,0,0,0,0,0,0,84,-19,88,-16,80,-22,76,-18,74,-23,67,-20,71,-21,64,-18,61,-20,51,-21,50,-22,49,-19,44,-20,40,-20,37,-22,31,-24,28,-26,25,-25,21,-26,15,-26,11,-30,10,-25,6,-27,1,-26,0,-31,0,-28,-8,-31,-9,-32,-13,-32,-17,-36,-19,-35,-19,-40,-18,-39,-21,-41,-25,-39,-26,-45,-25,-45,-23,-49,-23,-50,-24,-49,-24,-49,-17,-51,-17,-51,-19,-54,-17,-51,-13,-53,-9,-50,-9,-51,-9,-49,-4,-48,1,-46,2,-45,5,-43,9,-39,12,-36,11,-33,17,-29,0,0,0,0,0,0,0,0,0,0,0,0,0,0,0,0,0,0,0,0,0,0,-63,12,-62,6,-64,4,-59,2,-62,-7,-60,-6,-57,-9,-55,-10,-56,-15,-51,-13,-54,-15,-49,-13,-48,-10,-41,-16,-41,-14,-39,-12,-38,-6,-34,-8,-33,-4,-32,3,-29,2,-29,6,-25,10,-25,11,-26,11,-20,15,-21,16,-21,25,-18,27,-16,29,-16,30,-17,36,-13,39,-15,37,-13,42,-12,44,-6,43,-3,47,-1,48,4,53,3,52,6,58,7,60,10,64,16,63,26,64,21,68,25,70,24,71,24,77,30,77,31,77,30,87,33,83,30,87,34,87,27,91,0,0]"
CSI_DATA,177,1a:00:00:00:00:00,-46,11,1,0,1,1,1,0,0,0,1,-96,0,11,2,2690157,0,44,0,384,0,"[0,0,0,0,0,0,0,0,0,0,0,0,0,-16,0,-14,-2,-14,-1,-13,-1,-12,-1,-12,-1,-11,-1,-10,-1,-10,-2,-9,-2,-9,-3,-8,-3,-7,-4,-6,-4,-6,-5,-6,-5,-5,-5,-4,-5,-3,-6,-4,-6,-3,-6,-3,-7,-2,-7,-2,-8,-1,-8,-1,0,0,-9,-1,-10,-1,-10,0,-10,0,-10,-1,-10,-1,-11,-1,-11,-1,-11,-2,-11,-3,-11,-3,-10,-3,-10,-3,-10,-4,-9,-4,-10,-4,-9,-4,-9,-5,-8,-5,-7,-5,-6,-6,-6,-6,-6,-6,-5,-6,-4,-6,-3,-7,0,0,0,0,0,0,0,0,0,0,0,0,0,0,-5,-45,0,-42,-4,-44,-5,-40,-3,-38,-3,-35,-4,-36,-2,-34,-3,-30,-4,-30,-5,-29,-7,-24,-6,-25,-6,-21,-6,-22,-10,-20,-10,-18,-9,-16,-9,-13,-11,-11,-13,-11,-13,-10,-13,-7,-14,-6,-15,-6,-16,-5,-17,-5,-18,-1,-18,0,-22,1,-20,2,-21,2,-23,1,-25,2,-25,3,-26,1,-27,0,-30,2,-28,-1,-26,-3,-28,-1,-28,-3,-29,-5,-27,-5,-25,-5,-26,-8,-25,-7,-24,-10,-22,-11,-23,-11,-21,-11,-20,-10,-19,-12,-16,-12,-15,-16,-12,-14,-10,-17,0,0,0,0,0,0,0,0,0,0,0,0,0,0,0,0,0,0,0,0,0,0,13,27,8,29,6,28,3,30,2,30,0,30,0,28,-2,28,-3,27,-5,27,-4,25,-4,24,-3,23,-4,19,-3,19,-3,19,0,17,0,16,0,15,0,14,5,13,3,14,6,12,7,13,8,11,10,9,11,8,12,8,14,8,16,8,16,5,20,8,20,8,19,7,21,6,21,4,22,3,25,2,26,0,26,-1,26,-2,27,-1,31,-3,31,-4,31,-6,33,-11,34,-9,37,-10,35,-10,42,-11,38,-11,42,-13,43,-11,44,-8,48,-9,47,-10,47,-8,0,0]"
CSI_DATA,178,1a:00:00:00:00:00,-46,11,1,0,1,1,1,0,0,0,1,-96,0,11,2,2700326,0,44,0,384,0,"[0,0,0,0,0,0,0,0,0,0,0,0,10,-11,9,-11,8,-10,8,-9,7,-9,7,-8,6,-9,5,-9,5,-8,3,-7,3,-8,3,-8,2,-7,1,-7,1,-6,0,-7,-1,-7,-1,-6,-1,-6,-2,-6,-2,-6,-3,-6,-3,-6,-4,-6,-4,-7,-5,-7,0,0,-5,-7,-6,-8,-6,-7,-7,-8,-6,-8,-6,-9,-6,-9,-6,-9,-6,-9,-5,-9,-5,-9,-4,-9,-4,-9,-3,-9,-3,-10,-3,-9,-2,-9,-2,-8,-1,-9,-1,-9,0,-9,0,-8,1,-7,1,-7,2,-6,3,-5,0,0,0,0,0,0,0,0,0,0,0,0,0,0,65,-63,66,-58,57,-59,57,-51,54,-53,55,-48,47,-44,47,-47,41,-41,41,-41,34,-47,29,-40,25,-43,25,-36,20,-38,17,-40,13,-41,10,-32,11,-34,6,-35,1,-37,2,-34,-7,-33,-7,-30,-13,-30,-16,-32,-15,-31,-16,-28,-16,-34,-26,-31,-29,-32,-33,-38,-28,-36,-36,-40,-32,-41,-32,-44,-34,-43,-33,-42,-30,-45,-30,-45,-29,-45,-23,-47,-25,-53,-19,-53,-14,-49,-17,-51,-11,-49,-13,-49,-9,-51,-9,-44,-6,-45,-1,-43,0,-40,6,-39,10,-38,13,-30,16,-29,0,0,0,0,0,0,0,0,0,0,0,0,0,0,0,0,0,0,0,0,0,0,-17,55,-25,53,-23,48,-31,52,-34,37,-31,43,-31,40,-33,40,-34,39,-36,33,-35,31,-31,28,-31,35,-31,23,-31,28,-25,28,-22,27,-20,26,-17,27,-16,25,-11,26,-8,26,-8,26,-5,33,-3,28,5,30,6,32,5,35,5,30,11,38,15,35,17,36,16,40,20,38,23,40,23,38,29,39,33,43,36,41,37,44,40,40,42,39,49,47,50,44,56,41,53,44,62,41,65,43,61,45,67,44,66,52,75,48,75,58,69,50,70,64,76,65,75,63,0,0]"
CSI_DATA,179,1a:00:00:00:00:00,-46,11,1,0,1,1,1,0,0,0,1,-96,0,11,2,2710121,0,44,0,384,0,"[0,0,0,0,0,0,0,0,0,0,0,0,13,4,13,4,12,2,12,3,11,2,10,2,10,1,9,1,9,1,8,0,8,0,7,-1,7,-1,6,-2,6,-2,6,-2,5,-3,5,-3,5,-4,5,-4,4,-4,4,-5,4,-5,4,-7,4,-6,4,-7,0,0,4,-7,4,-7,5,-8,5,-8,5,-8,6,-8,5,-8,6,-8,6,-8,6,-8,6,-7,7,-7,6,-6,7,-6,7,-5,7,-5,7,-4,7,-4,7,-3,7,-3,7,-2,6,-2,6,-1,6,0,6,1,5,1,0,0,0,0,0,0,0,0,0,0,0,0,0,0,38,15,39,17,39,10,36,14,35,12,33,13,31,11,28,12,28,8,23,9,24,7,23,5,23,5,22,3,20,1,20,-3,19,-1,18,-3,17,-4,14,-4,15,-5,14,-8,14,-9,14,-10,12,-12,12,-11,11,-14,12,-14,10,-16,10,-17,9,-19,9,-21,11,-19,11,-22,12,-20,13,-22,12,-23,13,-22,16,-21,16,-21,15,-20,16,-19,18,-20,17,-19,17,-17,19,-14,19,-12,17,-13,18,-12,17,-11,19,-9,20,-8,17,-6,17,-6,17,-3,16,0,14,2,0,0,0,0,0,0,0,0,0,0,0,0,0,0,0,0,0,0,0,0,0,0,-26,8,-28,3,-28,2,-26,1,-26,-1,-28,-3,-23,-3,-23,-5,-25,-7,-24,-5,-22,-6,-20,-4,-22,-2,-20,-3,-17,-3,-18,-2,-20,-2,-16,-1,-16,-1,-14,1,-14,3,-16,4,-15,6,-15,6,-14,7,-15,10,-15,9,-14,11,-14,13,-13,15,-14,14,-14,17,-15,18,-14,19,-15,21,-13,22,-12,20,-12,20,-10,24,-8,27,-12,26,-7,27,-9,32,-9,33,-8,32,-8,36,-6,35,-6,34,-6,38,-9,41,-8,41,-8,43,-10,45,-10,43,-12,47,-10,47,-12,47,0,0]"
CSI_DATA,180,1a:00:00:00:00:00,-46,11,1,0,1,1,1,0,0,0,1,-96,0,11,2,2740374,0,44,0,384,0,"[0,0,0,0,0,0,0,0,0,0,0,0,8,10,8,9,8,8,8,9,7,8,6,7,7,7,6,6,6,6,5,4,5,4,6,3,5,3,6,2,5,2,6,1,5,0,5,0,5,-1,5,-1,5,-1,5,-2,5,-2,5,-3,5,-4,6,-4,0,0,6,-5,6,-5,7,-5,6,-5,7,-5,7,-5,7,-5,7,-4,7,-5,7,-4,8,-4,8,-3,8,-3,8,-3,8,-2,8,-1,8,-1,7,-1,7,0,7,0,6,1,6,1,6,1,5,2,4,2,4,3,0,0,0,0,0,0,0,0,0,0,0,0,0,0,40,68,45,66,50,67,40,60,42,54,35,60,39,47,36,51,34,46,37,43,30,39,28,37,29,33,30,27,31,26,30,20,34,17,30,9,28,12,24,9,32,4,23,2,28,-3,25,-4,26,-8,27,-10,29,-13,30,-15,26,-16,31,-18,28,-20,31,-22,34,-22,38,-26,36,-23,40,-24,43,-26,41,-26,41,-26,42,-19,44,-20,43,-20,45,-21,42,-18,44,-13,45,-13,47,-10,43,-10,40,-3,41,-3,41,-2,39,4,34,5,30,5,32,10,26,9,23,16,0,0,0,0,0,0,0,0,0,0,0,0,0,0,0,0,0,0,0,0,0,0,-56,-20,-50,-25,-48,-29,-48,-34,-46,-34,-42,-38,-41,-35,-39,-37,-39,-41,-38,-35,-36,-38,-37,-31,-38,-34,-34,-29,-33,-29,-30,-33,-32,-33,-29,-24,-33,-20,-33,-20,-32,-17,-36,-15,-36,-14,-35,-10,-36,-6,-38,-9,-35,-7,-42,-6,-41,-6,-43,1,-43,5,-50,7,-45,7,-44,8,-47,12,-50,11,-48,13,-51,24,-46,28,-49,28,-49,28,-48,33,-53,33,-48,36,-50,40,-55,45,-58,48,-52,48,-57,49,-58,55,-58,56,-60,55,-67,57,-66,58,-71,57,-70,63,-67,55,0,0]"
CSI_DATA,181,1a:00:00:00:00:00,-47,11,1,0,1,1,1,0,0,0,1,-96,0,11,2,2750156,0,44,0,384,0,"[0,0,0,0,0,0,0,0,0,0,0,0,-3,13,-2,12,-1,12,-2,11,-2,10,-2,9,-1,9,-1,8,-1,8,-1,7,0,7,0,7,0,6,1,6,1,5,2,5,2,4,2,4,3,4,3,3,3,3,4,3,4,2,5,2,5,2,5,2,0,0,7,1,7,2,8,2,7,2,7,2,7,2,8,3,7,3,8,3,7,4,7,4,7,4,6,4,6,4,6,5,6,5,5,5,5,5,4,5,4,5,3,5,2,5,2,5,1,5,0,5,-1,4,0,0,0,0,0,0,0,0,0,0,0,0,0,0,-14,41,-12,39,-9,39,-10,36,-8,38,-10,33,-8,30,-8,33,-8,29,-6,30,-6,25,-3,25,-5,25,-1,21,-1,22,0,20,2,19,4,15,5,16,5,16,7,14,6,13,7,10,10,8,9,8,11,8,12,8,15,6,14,5,18,5,17,4,20,5,19,6,20,6,22,5,21,7,20,7,22,6,22,9,23,11,20,11,22,9,19,10,22,11,19,11,19,13,20,13,18,14,17,14,15,15,12,13,11,15,11,15,7,15,6,15,5,15,1,15,0,0,0,0,0,0,0,0,0,0,0,0,0,0,0,0,0,0,0,0,0,0,-13,-30,-12,-30,-9,-31,-7,-31,-5,-32,-3,-31,-3,-29,0,-28,1,-31,1,-29,2,-27,0,-25,-2,-25,-1,-27,0,-25,-1,-21,-2,-21,0,-23,-5,-20,-6,-20,-5,-20,-7,-20,-8,-18,-8,-18,-10,-18,-13,-17,-12,-17,-14,-17,-13,-17,-15,-15,-16,-13,-19,-16,-20,-14,-22,-15,-21,-15,-23,-14,-24,-14,-26,-11,-27,-12,-27,-7,-29,-9,-31,-6,-32,-8,-32,-5,-34,-5,-35,-3,-36,-5,-38,-4,-39,-6,-42,-4,-40,0,-43,-2,-45,-6,-44,-5,-50,-6,-48,-5,-47,-6,0,0]"
CSI_DATA,182,1a:00:00:00:00:00,-47,11,1,0,1,1,1,0,0,0,1,-96,0,11,2,2760252,0,44,0,384,0,"[0,0,0,0,0,0,0,0,0,0,0,0,14,0,13,-1,13,-1,12,0,11,0,10,0,10,-2,9,-2,8,-1,8,-2,7,-2,6,-3,6,-3,5,-3,5,-3,5,-4,4,-4,3,-4,3,-5,3,-5,2,-5,2,-5,2,-6,1,-6,1,-7,0,-7,0,0,0,-8,0,-8,0,-9,0,-9,0,-9,1,-10,1,-10,1,-9,1,-10,1,-10,2,-9,3,-9,3,-9,3,-8,3,-8,3,-8,4,-8,3,-7,4,-7,4,-7,4,-6,5,-5,5,-5,5,-4,5,-3,4,-2,0,0,0,0,0,0,0,0,0,0,0,0,0,0,44,-2,42,-3,42,-5,37,-1,38,-2,34,-4,35,-1,32,-3,26,-3,27,-4,25,-4,22,-4,23,-5,22,-6,19,-5,17,-7,20,-8,14,-7,13,-12,11,-10,9,-12,10,-12,7,-14,5,-14,6,-14,4,-16,3,-15,2,-15,1,-18,1,-18,-1,-20,-3,-21,0,-18,-3,-22,-4,-23,-1,-25,-1,-26,-3,-25,2,-26,4,-25,2,-26,4,-24,5,-25,4,-24,7,-23,7,-21,7,-23,8,-21,9,-19,10,-17,10,-18,10,-16,12,-17,12,-13,14,-13,12,-8,11,-6,0,0,0,0,0,0,0,0,0,0,0,0,0,0,0,0,0,0,0,0,0,0,-25,20,-26,17,-25,15,-29,15,-28,11,-27,8,-28,9,-28,8,-29,5,-29,6,-26,4,-27,5,-26,5,-24,7,-26,3,-22,5,-22,5,-22,6,-20,7,-20,8,-19,8,-19,10,-15,11,-15,12,-16,11,-14,14,-13,13,-13,17,-12,15,-12,16,-10,16,-10,21,-8,21,-10,24,-9,24,-5,22,-5,23,-4,26,-5,26,-1,28,-1,30,4,30,1,31,3,30,3,34,6,30,5,33,8,37,8,37,4,38,6,41,10,41,8,42,8,41,6,47,8,50,6,46,0,0]"
CSI_DATA,183,1a:00:00:00:00:00,-46,11,1,0,1,1,1,0,0,0,1,-96,0,11,2,2770123,0,44,0,384,0,"[0,0,0,0,0,0,0,0,0,0,0,0,-12,-8,-12,-7,-11,-7,-11,-7,-10,-6,-9,-6,-9,-4,-9,-4,-8,-5,-8,-3,-8,-3,-7,-2,-7,-2,-7,-2,-6,-1,-6,0,-6,1,-5,1,-6,1,-5,2,-5,2,-5,2,-4,3,-5,3,-5,4,-4,5,0,0,-5,6,-5,5,-5,6,-5,6,-6,6,-6,6,-6,6,-6,6,-6,6,-6,6,-7,6,-8,5,-8,5,-8,4,-7,4,-8,4,-8,3,-7,3,-7,2,-7,2,-7,1,-7,1,-7,0,-7,-1,-6,-1,-6,-2,0,0,0,0,0,0,0,0,0,0,0,0,0,0,-61,-60,-65,-57,-61,-59,-53,-54,-51,-52,-51,-53,-43,-48,-52,-46,-50,-44,-39,-38,-42,-37,-38,-30,-40,-28,-38,-26,-36,-27,-29,-19,-35,-18,-31,-11,-30,-14,-31,-6,-32,-5,-29,-6,-30,2,-30,3,-29,7,-29,12,-26,13,-29,19,-30,20,-27,22,-28,23,-29,25,-31,26,-36,25,-32,30,-39,32,-41,32,-36,32,-40,28,-39,28,-38,23,-45,21,-41,22,-42,21,-42,19,-42,15,-45,15,-40,15,-44,12,-42,6,-38,8,-40,4,-37,3,-37,-3,-38,-10,-32,-14,-28,-14,0,0,0,0,0,0,0,0,0,0,0,0,0,0,0,0,0,0,0,0,0,0,59,3,60,15,56,9,60,18,57,22,53,24,48,26,47,27,49,24,44,24,43,27,41,25,44,25,41,22,38,20,43,21,43,18,37,21,41,15,33,14,36,11,41,8,37,6,40,4,41,2,44,-3,40,0,44,-6,39,-9,42,-18,43,-14,46,-19,38,-22,42,-23,43,-24,43,-27,43,-23,44,-30,43,-33,45,-39,45,-39,42,-46,43,-46,41,-51,37,-49,34,-56,42,-58,39,-61,38,-64,46,-65,50,-66,49,-74,56,-70,52,-76,55,-80,53,-79,53,-70,0,0]"
CSI_DATA,184,1a:00:00:00:00:00,-47,11,1,0,1,1,1,0,0,0,1,-96,0,11,2,2780125,0,44,0,384,0,"[0,0,0,0,0,0,0,0,0,0,0,0,8,-12,7,-11,6,-11,7,-10,6,-10,5,-9,4,-9,4,-9,4,-8,4,-8,3,-8,2,-7,2,-7,1,-7,1,-6,0,-7,-1,-5,-1,-6,-2,-6,-2,-6,-2,-5,-3,-5,-3,-5,-4,-5,-4,-6,-5,-6,0,0,-5,-5,-6,-6,-6,-6,-6,-6,-6,-6,-6,-7,-6,-7,-6,-7,-6,-7,-6,-7,-5,-8,-5,-8,-4,-8,-4,-8,-4,-8,-3,-8,-3,-8,-2,-7,-2,-7,-2,-7,-1,-7,0,-7,0,-6,1,-6,1,-6,2,-5,0,0,0,0,0,0,0,0,0,0,0,0,0,0,48,-74,47,-65,45,-69,43,-67,41,-65,40,-61,38,-52,38,-59,29,-48,31,-53,24,-45,22,-43,24,-48,17,-39,14,-41,12,-39,7,-40,6,-37,3,-34,1,-33,-4,-33,-3,-30,-10,-29,-13,-26,-12,-25,-15,-29,-18,-28,-21,-27,-23,-27,-30,-24,-28,-24,-33,-25,-32,-26,-35,-30,-36,-26,-32,-36,-40,-30,-36,-33,-34,-38,-31,-37,-31,-38,-29,-42,-23,-41,-22,-43,-24,-43,-24,-44,-21,-43,-19,-38,-16,-37,-13,-41,-9,-38,-7,-40,-4,-40,2,-35,10,-34,6,-31,11,-32,0,0,0,0,0,0,0,0,0,0,0,0,0,0,0,0,0,0,0,0,0,0,17,59,9,61,4,58,0,63,-4,58,-3,58,-8,53,-10,54,-8,54,-14,53,-15,49,-10,49,-10,51,-10,48,-9,46,-5,43,-5,46,-5,38,3,43,0,42,0,39,0,43,3,38,7,38,6,42,11,39,11,40,15,41,20,37,21,40,19,36,29,38,24,38,27,34,30,43,36,36,36,34,43,33,43,35,43,33,47,36,53,30,53,29,57,28,58,24,64,31,67,29,70,23,74,29,75,36,75,37,79,34,85,40,78,33,86,39,86,44,84,40,0,0]"
CSI_DATA,185,1a:00:00:00:00:00,-46,11,1,0,1,1,1,0,0,0,1,-96,0,11,2,2790143,0,44,0,384,0,"[0,0,0,0,0,0,0,0,0,0,0,0,6,11,6,11,6,9,6,10,5,9,4,8,5,7,5,7,4,7,5,5,5,5,4,5,5,4,5,3,5,3,5,2,5,1,4,1,5,1,5,0,5,0,5,-1,5,-1,5,-2,6,-3,6,-2,0,0,6,-3,7,-3,7,-3,7,-4,7,-3,7,-3,8,-3,8,-3,8,-3,8,-2,8,-2,8,-2,8,-2,8,-1,7,0,8,0,7,0,7,0,7,1,6,1,6,2,6,2,5,2,4,3,4,3,2,3,0,0,0,0,0,0,0,0,0,0,0,0,0,0,29,83,19,83,25,75,21,74,22,78,10,69,22,62,20,60,16,61,18,53,19,47,14,49,24,45,20,40,14,38,20,32,25,34,25,22,17,21,23,22,29,20,29,13,25,9,29,14,25,8,27,2,33,5,34,-4,35,3,34,-4,37,-8,43,-4,37,-9,43,-9,45,-10,45,-4,47,-4,52,-6,47,-4,51,0,47,0,51,3,45,5,48,3,45,4,46,12,42,11,44,15,36,12,38,18,37,16,34,22,32,17,29,21,24,25,20,23,11,28,0,0,0,0,0,0,0,0,0,0,0,0,0,0,0,0,0,0,0,0,0,0,-54,-29,-49,-33,-45,-37,-41,-41,-43,-44,-34,-43,-36,-46,-33,-48,-33,-48,-29,-42,-30,-47,-26,-41,-27,-41,-28,-42,-22,-35,-25,-39,-28,-34,-27,-30,-29,-33,-29,-29,-29,-26,-33,-23,-36,-26,-37,-23,-38,-19,-40,-18,-40,-20,-40,-11,-44,-15,-48,-8,-43,-10,-49,-8,-49,-10,-48,-4,-53,-1,-48,4,-52,5,-56,5,-54,7,-57,12,-56,10,-59,15,-58,19,-62,24,-61,20,-61,28,-63,33,-68,35,-64,36,-75,36,-73,33,-82,43,-84,36,-85,36,-85,40,-83,35,-87,30,0,0]"
CSI_DATA,186,1a:00:00:00:00:00,-46,11,1,0,1,1,1,0,0,0,1,-96,0,11,2,2800640,0,44,0,384,0,"[0,0,0,0,0,0,0,0,0,0,0,0,13,4,12,4,12,3,11,3,11,3,10,3,10,2,8,2,8,2,7,1,8,1,7,0,7,0,6,-1,6,-1,6,-2,5,-2,5,-2,4,-3,4,-3,4,-3,4,-4,3,-4,4,-5,4,-6,3,-6,0,0,4,-6,4,-7,4,-7,4,-7,5,-7,5,-7,5,-7,5,-7,5,-7,6,-7,6,-7,6,-6,6,-6,6,-5,6,-5,7,-5,6,-4,6,-4,6,-4,6,-3,6,-2,6,-1,6,-1,5,0,5,1,4,1,0,0,0,0,0,0,0,0,0,0,0,0,0,0,41,17,37,16,39,14,34,14,32,15,33,16,30,13,31,13,25,9,27,12,25,8,21,8,22,7,21,5,20,6,19,1,19,1,16,-1,15,-2,15,-1,16,-3,14,-2,15,-8,13,-9,12,-10,13,-10,11,-13,10,-13,11,-14,10,-13,11,-15,14,-15,13,-15,16,-18,13,-18,16,-17,16,-19,16,-18,17,-17,18,-16,17,-14,19,-13,21,-14,19,-14,22,-11,19,-10,21,-8,20,-10,19,-7,19,-6,18,-4,17,-3,18,-3,16,-1,17,2,15,3,12,6,0,0,0,0,0,0,0,0,0,0,0,0,0,0,0,0,0,0,0,0,0,0,-22,18,-24,18,-23,13,-27,14,-25,10,-27,11,-24,8,-26,7,-25,5,-24,6,-26,4,-24,4,-23,7,-22,3,-21,5,-20,4,-21,7,-17,5,-19,8,-18,8,-18,9,-18,9,-18,10,-17,13,-18,12,-17,14,-15,13,-17,16,-15,15,-16,20,-13,15,-16,20,-13,19,-14,20,-16,22,-14,21,-9,23,-10,25,-10,24,-9,28,-9,27,-7,28,-8,30,-8,31,-6,33,-8,33,-7,34,-5,35,-5,37,-5,39,-5,42,-7,42,-10,44,-9,42,-13,46,-11,48,-12,45,0,0]"
CSI_DATA,187,1a:00:00:00:00:00,-46,11,1,0,1,1,1,0,0,0,1,-96,0,11,2,2810433,0,44,0,384,0,"[0,0,0,0,0,0,0,0,0,0,0,0,2,13,3,12,4,11,3,12,2,10,2,10,2,9,2,8,2,8,3,7,3,7,3,6,3,6,4,5,4,4,4,4,4,3,4,3,4,2,5,2,5,2,5,1,5,1,6,1,6,0,6,0,0,0,7,0,7,0,8,0,8,-1,8,0,8,0,9,0,8,1,8,1,8,1,8,2,8,2,8,2,7,2,7,3,7,3,7,3,6,3,5,4,5,4,4,4,4,4,3,4,3,5,2,5,1,4,0,0,0,0,0,0,0,0,0,0,0,0,0,0,22,86,15,77,27,79,15,73,13,76,15,67,19,64,10,65,11,60,13,53,15,53,14,48,15,46,15,39,13,43,17,35,19,33,20,26,20,24,23,24,28,22,19,20,27,13,21,14,26,16,32,10,30,11,32,5,34,5,38,-1,37,5,39,5,40,6,45,5,44,1,41,5,49,3,50,1,44,5,52,11,47,16,46,16,42,17,40,17,38,20,41,21,39,22,37,27,34,19,30,24,27,23,26,27,23,25,15,29,11,31,10,33,4,29,0,0,0,0,0,0,0,0,0,0,0,0,0,0,0,0,0,0,0,0,0,0,-54,-11,-50,-21,-52,-24,-46,-30,-45,-28,-40,-30,-41,-34,-37,-34,-40,-33,-38,-32,-34,-32,-30,-34,-35,-31,-32,-30,-30,-24,-30,-26,-35,-24,-32,-26,-34,-22,-33,-20,-33,-19,-33,-16,-36,-17,-37,-9,-35,-14,-41,-8,-41,-8,-43,-10,-45,-7,-44,0,-44,-3,-49,2,-50,-2,-51,2,-49,6,-50,7,-48,6,-57,8,-52,15,-52,19,-61,19,-57,21,-61,26,-61,29,-56,29,-69,41,-68,34,-67,37,-66,37,-73,39,-74,39,-78,42,-81,35,-80,38,-87,39,-88,32,-84,32,0,0]"
CSI_DATA,188,1a:00:00:00:00:00,-46,11,1,0,1,1,1,0,0,0,1,-96,0,11,2,2821074,0,44,0,384,0,"[0,0,0,0,0,0,0,0,0,0,0,0,3,-14,2,-14,2,-13,2,-12,2,-12,2,-10,1,-11,1,-10,1,-9,0,-9,0,-9,0,-8,-1,-7,-1,-7,-1,-7,-2,-7,-3,-6,-3,-6,-3,-6,-4,-6,-4,-5,-5,-4,-5,-5,-5,-4,-6,-4,-6,-4,0,0,-7,-4,-7,-4,-7,-5,-8,-5,-7,-5,-7,-6,-7,-6,-8,-6,-7,-6,-7,-7,-7,-7,-6,-7,-6,-7,-6,-7,-5,-7,-5,-7,-5,-7,-4,-7,-3,-7,-3,-7,-2,-7,-2,-7,-1,-7,0,-7,0,-6,1,-5,0,0,0,0,0,0,0,0,0,0,0,0,0,0,12,-44,12,-41,10,-39,10,-39,8,-38,11,-35,11,-31,8,-33,7,-27,6,-28,5,-29,4,-27,5,-26,4,-24,2,-22,-1,-22,-2,-21,-2,-19,-4,-17,-5,-16,-8,-16,-8,-15,-8,-14,-12,-15,-8,-13,-11,-15,-13,-11,-15,-12,-15,-10,-18,-10,-18,-10,-21,-12,-18,-11,-21,-11,-21,-11,-20,-14,-21,-14,-21,-13,-19,-15,-19,-16,-19,-16,-21,-17,-18,-19,-18,-16,-17,-18,-15,-20,-14,-19,-14,-19,-12,-19,-10,-19,-8,-18,-8,-19,-5,-18,-4,-17,-3,-17,0,-16,2,-16,0,0,0,0,0,0,0,0,0,0,0,0,0,0,0,0,0,0,0,0,0,0,16,20,15,24,13,24,10,27,8,25,6,25,7,26,4,24,3,25,2,21,3,24,4,21,3,23,1,22,2,20,2,19,5,19,6,18,6,16,5,16,6,15,9,17,10,14,9,15,11,14,16,13,14,12,15,14,16,14,17,13,17,11,20,14,20,15,22,10,21,11,23,9,22,9,25,8,25,6,26,7,28,6,29,5,30,4,32,4,32,4,36,1,34,0,34,0,37,1,40,2,41,-1,41,1,45,3,43,4,46,5,46,4,47,6,0,0]"
CSI_DATA,189,1a:00:00:00:00:00,-46,11,1,0,1,1,1,0,0,0,1,-96,0,11,2,2830139,0,44,0,384,0,"[0,0,0,0,0,0,0,0,0,0,0,0,7,12,6,11,7,10,6,10,5,9,5,9,5,8,5,7,5,7,5,6,5,6,5,5,5,4,5,4,5,3,5,2,5,2,5,2,5,1,5,1,5,0,6,-1,6,0,6,-1,7,-1,6,-2,0,0,7,-2,7,-3,8,-3,8,-3,8,-2,8,-2,8,-3,8,-2,9,-2,8,-1,8,-1,8,0,8,0,8,0,8,1,8,1,7,1,7,1,6,2,6,2,6,2,5,3,5,3,4,4,3,4,3,4,0,0,0,0,0,0,0,0,0,0,0,0,0,0,49,75,43,71,47,73,40,68,39,67,38,62,33,58,39,61,29,53,32,50,31,44,31,40,31,41,29,31,27,32,33,30,32,27,30,23,28,20,28,21,30,12,32,13,32,8,32,2,35,-2,32,4,37,4,36,-6,36,-7,38,-6,39,-6,41,-9,43,-5,42,-14,45,-9,47,-5,49,-11,47,-15,52,-4,50,-5,48,-2,51,4,49,-1,48,3,48,2,50,10,42,9,44,5,39,15,39,13,38,13,32,15,32,18,23,22,24,22,20,24,11,23,0,0,0,0,0,0,0,0,0,0,0,0,0,0,0,0,0,0,0,0,0,0,-55,-7,-57,-12,-50,-13,-50,-22,-50,-23,-51,-26,-43,-25,-45,-28,-46,-30,-38,-29,-41,-24,-35,-28,-37,-26,-38,-25,-32,-24,-29,-20,-36,-17,-33,-17,-32,-14,-33,-14,-36,-12,-34,-10,-38,-6,-39,-3,-37,-3,-39,-1,-37,-1,-42,9,-40,5,-47,11,-43,7,-50,11,-46,16,-47,16,-47,19,-45,16,-45,23,-46,26,-47,30,-47,33,-49,33,-52,33,-51,40,-48,42,-53,44,-48,44,-51,49,-54,55,-55,54,-62,57,-59,60,-64,60,-70,63,-65,62,-72,65,-72,63,-73,54,0,0]"
CSI_DATA,190,1a:00:00:00:00:00,-46,11,1,0,1,1,1,0,0,0,1,-96,0,11,2,2841166,0,44,0,384,0,"[0,0,0,0,0,0,0,0,0,0,0,0,1,-15,0,-14,0,-13,0,-13,0,-12,0,-11,-1,-11,-1,-10,-1,-10,-1,-8,-1,-9,-2,-8,-2,-8,-3,-7,-3,-7,-4,-7,-4,-6,-5,-5,-5,-5,-4,-5,-5,-5,-5,-5,-6,-4,-7,-4,-7,-4,-7,-4,0,0,-8,-5,-8,-4,-9,-5,-9,-4,-8,-5,-9,-5,-8,-6,-8,-6,-8,-6,-8,-6,-8,-7,-7,-7,-6,-7,-7,-7,-6,-7,-6,-8,-5,-7,-5,-7,-4,-7,-4,-7,-3,-7,-2,-7,-2,-7,-1,-7,0,-6,1,-5,0,0,0,0,0,0,0,0,0,0,0,0,0,0,7,-44,9,-41,5,-42,6,-39,4,-38,7,-36,5,-33,5,-33,3,-29,1,-29,2,-28,1,-28,1,-26,0,-23,-1,-23,-4,-20,-5,-22,-6,-17,-7,-18,-8,-17,-8,-17,-11,-16,-10,-11,-11,-13,-11,-13,-14,-12,-15,-10,-16,-8,-18,-9,-19,-8,-19,-10,-23,-11,-19,-10,-23,-10,-23,-11,-22,-13,-24,-13,-23,-13,-22,-17,-22,-15,-21,-14,-21,-16,-22,-16,-21,-16,-18,-18,-17,-18,-16,-18,-16,-19,-13,-20,-13,-18,-12,-20,-9,-18,-5,-18,-5,-17,-4,-17,-3,-17,2,-16,0,0,0,0,0,0,0,0,0,0,0,0,0,0,0,0,0,0,0,0,0,0,16,20,14,24,11,24,11,24,10,25,6,25,7,23,3,23,4,24,3,23,3,23,5,21,5,22,3,21,2,20,5,17,6,17,5,16,6,16,4,14,7,14,10,13,9,14,11,14,11,13,13,11,13,12,15,12,15,11,17,10,18,9,20,11,20,9,19,8,23,8,23,9,25,6,25,3,25,4,29,2,26,4,31,3,32,2,32,0,32,-2,34,-3,33,0,39,-5,38,-5,39,-2,41,-3,44,-4,47,-2,43,-2,49,2,45,1,46,1,0,0]"
CSI_DATA,191,1a:00:00:00:00:00,-46,11,1,0,1,1,1,0,0,0,1,-96,0,11,2,2860109,0,44,0,384,0,"[0,0,0,0,0,0,0,0,0,0,0,0,1,-15,0,-14,-1,-13,0,-13,-1,-12,0,-11,-1,-11,-1,-10,-1,-10,-2,-9,-2,-9,-3,-8,-3,-7,-3,-7,-4,-6,-4,-6,-5,-6,-5,-5,-6,-4,-6,-4,-6,-4,-7,-4,-6,-4,-7,-3,-8,-3,-8,-3,0,0,-9,-3,-9,-3,-10,-3,-9,-3,-10,-3,-10,-3,-10,-3,-10,-3,-10,-4,-10,-5,-10,-5,-9,-5,-9,-5,-9,-6,-7,-6,-8,-6,-7,-6,-7,-6,-6,-7,-6,-6,-5,-7,-5,-6,-4,-7,-3,-6,-2,-7,-1,-6,0,0,0,0,0,0,0,0,0,0,0,0,0,0,5,-41,8,-42,6,-40,6,-41,5,-42,4,-36,5,-33,3,-32,1,-29,4,-29,0,-29,0,-26,-1,-28,-4,-23,-3,-21,-6,-20,-9,-22,-5,-18,-9,-17,-12,-15,-11,-14,-11,-15,-13,-12,-13,-11,-15,-10,-14,-8,-18,-10,-19,-7,-20,-7,-21,-8,-19,-8,-24,-6,-24,-9,-25,-6,-24,-6,-25,-9,-27,-9,-26,-11,-24,-12,-25,-12,-26,-10,-28,-12,-24,-15,-24,-13,-21,-12,-24,-14,-22,-15,-20,-17,-18,-17,-16,-16,-16,-16,-14,-17,-12,-17,-9,-18,-8,-17,-6,-18,-3,-16,0,0,0,0,0,0,0,0,0,0,0,0,0,0,0,0,0,0,0,0,0,0,7,24,3,26,2,27,0,26,-1,28,-2,25,-2,26,-4,24,-4,25,-5,23,-5,23,-3,19,-6,22,-6,20,-5,17,-2,17,-1,16,0,16,1,14,-1,15,1,14,5,14,7,13,8,14,7,14,13,15,11,12,13,12,13,11,14,12,15,12,17,11,17,15,17,10,20,11,21,12,21,8,23,9,25,7,26,6,25,5,31,5,30,2,31,2,31,2,35,2,35,2,36,0,38,-2,39,-1,40,1,43,-2,43,4,46,1,46,2,45,2,46,2,0,0]"
CSI_DATA,192,1a:00:00:00:00:00,-46,11,1,0,1,1,1,0,0,0,1,-96,0,11,2,2870185,0,44,0,384,0,"[0,0,0,0,0,0,0,0,0,0,0,0,-11,10,-10,9,-9,9,-9,8,-8,8,-7,7,-7,7,-6,7,-6,7,-5,7,-5,6,-4,7,-3,6,-2,6,-2,6,-1,6,-1,6,0,6,0,5,1,5,1,5,2,5,3,6,3,6,3,6,4,6,0,0,4,6,4,7,5,7,5,7,5,7,5,8,4,8,4,8,5,8,4,9,4,9,3,9,2,9,2,9,2,9,1,9,1,8,1,8,0,8,0,7,-1,8,-2,7,-2,7,-3,6,-3,5,-4,4,0,0,0,0,0,0,0,0,0,0,0,0,0,0,-65,64,-65,59,-61,58,-54,57,-52,62,-50,50,-46,52,-44,53,-40,48,-36,45,-29,48,-27,45,-27,39,-25,39,-22,35,-14,38,-13,37,-11,36,-7,34,-3,36,3,36,7,34,9,30,7,34,13,33,20,31,17,35,23,31,28,34,30,33,32,31,31,34,27,36,32,33,36,37,35,40,37,45,34,37,32,46,34,45,32,44,27,48,28,49,24,47,21,47,26,50,21,48,16,46,14,43,13,47,9,46,3,42,0,43,-6,43,-7,37,-7,34,-15,33,0,0,0,0,0,0,0,0,0,0,0,0,0,0,0,0,0,0,0,0,0,0,22,-53,26,-50,31,-53,32,-45,37,-44,37,-37,35,-36,37,-35,40,-31,40,-32,38,-29,33,-29,38,-31,34,-25,33,-24,28,-30,18,-27,23,-27,16,-25,15,-25,8,-24,10,-30,9,-31,5,-27,3,-31,-7,-34,-5,-31,-5,-35,-5,-34,-15,-35,-10,-37,-15,-39,-15,-44,-16,-39,-21,-38,-25,-41,-28,-44,-26,-41,-29,-42,-37,-41,-37,-39,-41,-42,-46,-39,-48,-43,-51,-39,-59,-40,-56,-47,-56,-38,-67,-39,-66,-49,-66,-46,-73,-45,-65,-58,-77,-54,-81,-57,-73,-58,-79,-59,0,0]"
CSI_DATA,193,1a:00:00:00:00:00,-46,11,1,0,1,1,1,0,0,0,1,-96,0,11,2,2890148,0,44,0,384,0,"[0,0,0,0,0,0,0,0,0,0,0,0,-5,-15,-5,-13,-6,-13,-5,-12,-5,-11,-4,-10,-5,-10,-4,-9,-4,-9,-5,-8,-5,-8,-6,-6,-6,-5,-6,-5,-6,-5,-6,-4,-6,-3,-6,-3,-6,-2,-7,-1,-6,-1,-7,0,-7,0,-7,1,-8,1,-8,2,0,0,-9,2,-9,3,-10,3,-10,3,-10,3,-11,3,-10,3,-11,2,-11,2,-11,2,-11,2,-11,1,-11,1,-10,1,-11,0,-10,-1,-10,0,-10,-1,-9,-2,-9,-2,-9,-3,-8,-3,-8,-3,-7,-4,-6,-5,-5,-5,0,0,0,0,0,0,0,0,0,0,0,0,0,0,-25,-84,-23,-84,-26,-79,-23,-75,-23,-73,-18,-66,-20,-63,-24,-61,-21,-60,-20,-55,-23,-51,-22,-49,-21,-43,-19,-44,-24,-37,-22,-36,-29,-28,-29,-23,-22,-25,-33,-17,-31,-13,-33,-10,-30,-9,-31,-8,-36,-7,-33,-1,-39,1,-41,9,-37,5,-46,13,-38,9,-45,11,-45,11,-49,17,-54,15,-52,13,-56,11,-56,17,-57,10,-56,10,-56,12,-57,6,-58,7,-56,7,-52,4,-59,4,-52,-2,-55,-6,-50,-4,-48,-9,-46,-10,-46,-16,-41,-13,-39,-22,-40,-21,-33,-24,-22,-25,0,0,0,0,0,0,0,0,0,0,0,0,0,0,0,0,0,0,0,0,0,0,26,51,16,53,16,56,14,58,6,59,3,54,5,55,-3,55,0,51,-5,51,-3,50,-2,45,-1,45,-1,41,-5,39,1,37,4,35,-2,36,4,27,4,27,8,31,6,24,14,25,15,22,19,22,22,17,19,20,24,21,27,14,31,17,32,12,41,12,39,11,40,9,44,10,40,3,48,6,52,2,49,0,53,-7,51,-6,54,-12,55,-13,55,-14,56,-14,62,-19,60,-23,63,-28,64,-27,72,-33,73,-35,74,-38,78,-31,81,-37,85,-36,85,-30,90,-37,0,0]"
CSI_DATA,194,1a:00:00:00:00:00,-46,11,1,0,1,1,1,0,0,0,1,-96,0,11,2,2900715,0,44,0,384,0,"[0,0,0,0,0,0,0,0,0,0,0,0,12,-7,12,-7,11,-8,11,-7,9,-6,9,-6,8,-6,7,-6,7,-6,6,-6,5,-6,4,-7,4,-6,3,-6,2,-6,1,-7,1,-7,1,-6,0,-6,-1,-6,-1,-6,-2,-6,-2,-6,-3,-7,-4,-7,-5,-7,0,0,-6,-8,-5,-8,-6,-9,-6,-8,-6,-8,-6,-9,-6,-9,-6,-10,-6,-10,-6,-10,-5,-10,-4,-10,-4,-10,-4,-10,-3,-10,-3,-11,-3,-10,-3,-10,-2,-10,-2,-9,-1,-9,0,-9,0,-8,2,-8,2,-7,3,-7,0,0,0,0,0,0,0,0,0,0,0,0,0,0,87,-15,83,-11,81,-20,78,-12,75,-12,70,-11,67,-11,64,-13,63,-17,53,-12,53,-19,50,-18,43,-21,42,-20,39,-20,31,-23,30,-25,23,-24,20,-23,20,-26,15,-29,14,-30,9,-28,12,-30,10,-31,4,-37,-5,-36,-8,-35,-9,-40,-11,-43,-15,-43,-14,-47,-11,-44,-15,-46,-14,-44,-11,-56,-17,-57,-12,-54,-10,-59,-10,-55,-9,-57,-9,-55,-12,-57,-6,-62,-1,-59,-1,-52,1,-52,3,-53,5,-49,12,-46,11,-49,14,-47,17,-42,19,-39,18,-37,21,-32,25,-29,0,0,0,0,0,0,0,0,0,0,0,0,0,0,0,0,0,0,0,0,0,0,-60,15,-59,8,-61,4,-62,1,-59,-5,-56,-9,-57,-9,-55,-13,-55,-15,-56,-12,-49,-13,-44,-10,-51,-5,-50,-10,-41,-13,-40,-9,-39,-6,-38,-7,-34,-5,-30,-3,-30,-1,-33,3,-29,6,-27,10,-29,11,-23,14,-24,17,-21,22,-26,21,-19,27,-19,29,-24,32,-22,34,-15,34,-18,35,-11,40,-12,40,-7,42,-3,48,-4,50,-4,47,1,54,2,54,6,59,7,56,14,55,12,62,13,66,20,67,19,74,23,68,26,77,20,83,20,76,28,90,27,85,24,89,0,0]"
CSI_DATA,195,1a:00:00:00:00:00,-46,11,1,0,1,1,1,0,0,0,1,-96,0,11,2,2910147,0,44,0,384,0,"[0,0,0,0,0,0,0,0,0,0,0,0,3,13,4,12,4,11,4,12,3,11,3,10,4,9,3,8,3,7,4,6,4,6,4,5,4,5,4,4,4,3,5,3,5,2,4,2,5,1,5,0,5,0,6,-1,6,-1,6,-2,7,-2,7,-3,0,0,7,-3,8,-4,8,-4,8,-4,8,-4,9,-4,9,-4,10,-3,10,-3,9,-3,10,-2,10,-2,10,-2,10,-1,10,0,10,0,9,0,9,0,9,1,8,1,8,2,7,2,7,3,6,3,5,4,4,4,0,0,0,0,0,0,0,0,0,0,0,0,0,0,26,82,25,80,32,79,26,73,24,73,21,65,25,66,26,64,23,58,20,49,24,51,24,47,21,41,22,37,20,36,25,34,25,29,25,25,25,20,29,15,34,16,29,7,29,6,30,4,34,0,33,-6,38,-7,37,-11,38,-10,43,-15,40,-14,43,-18,44,-19,48,-22,43,-26,50,-23,54,-22,55,-22,56,-17,54,-19,53,-19,56,-12,58,-12,57,-12,51,-10,56,-5,56,-2,53,-1,51,1,49,3,49,6,50,11,46,7,40,20,36,20,34,19,30,25,0,0,0,0,0,0,0,0,0,0,0,0,0,0,0,0,0,0,0,0,0,0,-29,-55,-20,-58,-19,-60,-14,-66,-10,-65,-6,-61,-5,-58,-1,-59,-1,-60,2,-54,5,-55,3,-50,1,-53,6,-49,4,-42,0,-42,1,-42,1,-36,-3,-34,-6,-37,-2,-34,-9,-32,-9,-30,-15,-28,-17,-27,-18,-24,-23,-25,-26,-23,-26,-20,-33,-14,-31,-18,-38,-15,-41,-10,-38,-13,-42,-13,-40,-10,-44,-2,-44,-5,-47,-4,-47,5,-47,3,-57,13,-58,11,-54,19,-54,20,-59,19,-62,24,-64,26,-65,28,-73,29,-68,30,-71,34,-79,34,-79,35,-85,33,-88,37,-83,38,0,0]"
CSI_DATA,196,1a:00:00:00:00:00,-47,11,1,0,1,1,1,0,0,0,1,-96,0,11,2,2923894,0,44,0,384,0,"[0,0,0,0,0,0,0,0,0,0,0,0,14,0,13,0,12,-1,12,0,11,0,10,0,10,-1,9,-2,8,-2,8,-2,7,-2,7,-3,6,-3,5,-4,5,-4,4,-5,4,-5,3,-5,2,-5,2,-6,2,-6,1,-6,1,-7,0,-7,0,-8,-1,-8,0,0,-2,-9,-1,-10,-2,-10,-2,-10,-2,-10,-1,-11,-1,-11,-1,-11,-1,-11,-1,-11,0,-11,1,-11,1,-11,1,-11,1,-10,2,-10,2,-10,2,-10,3,-10,3,-9,4,-8,4,-8,4,-7,5,-6,5,-6,4,-5,0,0,0,0,0,0,0,0,0,0,0,0,0,0,87,16,87,19,77,15,76,17,75,14,69,15,69,6,68,11,58,5,51,3,52,6,50,-2,53,0,46,-2,38,-5,38,-10,37,-11,32,-14,29,-14,26,-19,28,-22,21,-24,16,-24,16,-27,14,-25,13,-32,10,-33,6,-38,10,-42,3,-40,2,-44,5,-47,0,-45,0,-49,-3,-51,5,-54,7,-53,3,-60,3,-60,10,-58,10,-60,9,-58,10,-61,12,-62,13,-50,18,-55,15,-49,21,-52,21,-42,22,-43,26,-45,26,-39,28,-39,30,-33,32,-29,31,-22,35,-18,0,0,0,0,0,0,0,0,0,0,0,0,0,0,0,0,0,0,0,0,0,0,-60,-11,-61,-20,-59,-26,-60,-29,-57,-29,-52,-31,-51,-32,-45,-35,-50,-40,-48,-35,-47,-35,-37,-33,-46,-32,-37,-31,-34,-29,-31,-29,-33,-28,-32,-23,-33,-17,-29,-17,-31,-18,-34,-9,-35,-10,-31,-7,-31,-2,-33,7,-30,4,-34,6,-28,9,-35,14,-34,16,-33,19,-33,18,-35,22,-31,24,-27,29,-30,30,-25,33,-28,39,-20,41,-21,41,-19,45,-17,46,-14,54,-17,50,-13,62,-13,63,-8,63,-9,72,-12,70,-10,73,-10,78,-10,83,-7,80,-9,87,-9,87,-14,88,0,0]"
CSI_DATA,197,1a:00:00:00:00:00,-46,11,1,0,1,1,1,0,0,0,1,-96,0,11,2,2930966,0,44,0,384,0,"[0,0,0,0,0,0,0,0,0,0,0,0,12,-6,11,-7,10,-6,10,-6,10,-5,9,-5,8,-6,7,-5,7,-5,6,-5,5,-5,4,-6,4,-6,3,-6,3,-6,2,-7,1,-6,1,-6,0,-6,-1,-6,-1,-5,-2,-6,-2,-6,-3,-6,-3,-7,-4,-7,0,0,-5,-7,-5,-8,-6,-8,-6,-8,-6,-8,-6,-9,-6,-9,-6,-9,-6,-9,-6,-9,-5,-10,-4,-10,-4,-10,-4,-10,-4,-10,-4,-10,-3,-9,-3,-10,-2,-9,-2,-9,-1,-9,0,-9,0,-8,1,-8,1,-7,2,-7,0,0,0,0,0,0,0,0,0,0,0,0,0,0,83,-34,82,-27,78,-37,75,-24,73,-27,65,-28,64,-25,60,-26,59,-21,52,-21,46,-26,47,-28,42,-28,37,-29,33,-24,28,-33,27,-31,23,-28,14,-29,14,-25,15,-32,4,-27,2,-31,3,-29,-2,-31,-6,-35,-9,-32,-15,-38,-13,-32,-23,-34,-23,-36,-27,-45,-29,-45,-32,-48,-29,-42,-30,-53,-29,-49,-30,-49,-30,-53,-24,-48,-25,-52,-24,-55,-19,-55,-22,-56,-18,-57,-14,-56,-12,-57,-11,-54,-9,-53,-4,-50,-3,-48,2,-49,1,-47,10,-46,11,-39,15,-42,16,-34,0,0,0,0,0,0,0,0,0,0,0,0,0,0,0,0,0,0,0,0,0,0,-59,26,-66,17,-63,13,-67,11,-66,6,-66,3,-60,0,-59,-2,-62,-2,-57,-4,-55,-7,-55,-6,-59,-4,-55,-8,-49,-5,-43,-7,-46,-4,-40,-1,-39,2,-39,0,-38,6,-39,8,-31,10,-27,13,-30,14,-27,21,-25,21,-22,23,-27,20,-18,28,-16,27,-19,33,-15,31,-15,33,-13,39,-13,41,-7,37,-8,40,-3,42,6,48,6,47,9,51,11,55,15,55,19,56,25,53,25,58,26,60,30,63,31,69,37,67,39,68,36,79,36,72,42,80,40,82,38,81,0,0]"
CSI_DATA,198,1a:00:00:00:00:00,-47,11,1,0,1,1,1,0,0,0,1,-96,0,11,2,2941303,0,44,0,384,0,"[0,0,0,0,0,0,0,0,0,0,0,0,13,-6,12,-6,12,-6,11,-6,11,-5,9,-5,9,-6,8,-6,7,-5,6,-5,6,-6,5,-6,4,-6,3,-6,3,-5,2,-6,1,-6,1,-6,0,-6,0,-6,-1,-6,-2,-7,-2,-6,-3,-7,-4,-7,-4,-8,0,0,-5,-8,-5,-8,-6,-9,-6,-9,-6,-9,-6,-10,-6,-9,-6,-10,-7,-10,-6,-11,-5,-11,-5,-11,-4,-11,-4,-11,-4,-11,-4,-10,-3,-11,-2,-10,-2,-10,-2,-10,-1,-10,0,-9,1,-9,1,-8,2,-8,2,-7,0,0,0,0,0,0,0,0,0,0,0,0,0,0,78,-34,74,-33,68,-34,67,-34,65,-29,62,-28,59,-31,58,-32,52,-29,49,-28,44,-31,38,-23,37,-27,32,-30,30,-28,26,-30,26,-32,17,-30,14,-30,6,-27,7,-28,7,-27,5,-30,-3,-28,-4,-30,-9,-30,-12,-36,-19,-34,-17,-35,-27,-36,-19,-33,-27,-37,-29,-41,-32,-40,-34,-37,-35,-44,-33,-44,-38,-43,-34,-49,-29,-46,-30,-47,-29,-50,-24,-54,-23,-52,-22,-49,-23,-54,-19,-53,-17,-53,-11,-49,-12,-50,-6,-49,-7,-45,-2,-46,2,-42,7,-40,10,-42,15,-33,0,0,0,0,0,0,0,0,0,0,0,0,0,0,0,0,0,0,0,0,0,0,-59,23,-60,18,-62,15,-64,13,-63,7,-61,2,-60,-2,-59,-3,-64,-3,-58,-6,-55,-10,-50,-5,-55,-3,-50,-8,-44,-7,-45,-4,-42,0,-40,-2,-40,4,-37,8,-35,10,-35,7,-33,13,-27,16,-26,15,-22,20,-25,16,-25,23,-27,24,-18,30,-18,25,-15,34,-13,34,-12,35,-11,39,-8,41,-6,42,1,44,1,49,5,48,9,48,12,51,14,54,14,54,19,52,18,54,18,55,31,55,30,56,31,62,35,64,38,65,39,74,39,70,43,75,46,77,38,77,0,0]"
CSI_DATA,199,1a:00:00:00:00:00,-47,11,1,0,1,1,1,0,0,0,1,-96,0,11,2,2950132,0,44,0,384,0,"[0,0,0,0,0,0,0,0,0,0,0,0,11,5,11,4,11,4,11,4,10,4,9,3,8,2,8,2,7,1,7,1,7,1,7,0,6,-1,5,-1,5,-2,5,-3,4,-3,4,-3,4,-4,3,-5,3,-5,2,-6,2,-6,2,-7,2,-7,1,-7,0,0,1,-8,1,-9,2,-9,1,-10,2,-10,2,-10,2,-11,2,-10,2,-10,3,-10,3,-10,4,-10,4,-10,4,-9,4,-9,4,-9,5,-9,5,-8,5,-7,5,-7,5,-6,6,-6,6,-5,6,-4,6,-3,5,-2,0,0,0,0,0,0,0,0,0,0,0,0,0,0,78,29,76,30,76,26,67,24,71,26,61,24,59,23,61,20,54,15,49,14,49,6,44,7,47,6,42,2,36,4,35,0,34,-1,33,-10,28,-9,27,-17,24,-15,24,-17,21,-24,15,-26,13,-26,13,-30,12,-30,13,-33,10,-37,7,-40,9,-39,8,-43,8,-44,6,-50,8,-53,10,-57,7,-58,5,-61,13,-59,16,-54,16,-50,17,-51,22,-58,22,-54,22,-50,21,-51,25,-49,25,-49,25,-39,27,-43,25,-38,30,-34,30,-34,33,-30,36,-21,33,-18,35,-16,0,0,0,0,0,0,0,0,0,0,0,0,0,0,0,0,0,0,0,0,0,0,-57,-27,-56,-34,-54,-36,-49,-39,-48,-41,-41,-38,-44,-39,-40,-42,-40,-41,-36,-42,-31,-45,-32,-38,-36,-38,-32,-40,-27,-35,-27,-32,-25,-29,-25,-28,-24,-23,-31,-21,-33,-20,-32,-17,-25,-12,-32,-13,-33,-10,-31,-5,-31,-2,-34,0,-31,1,-32,10,-30,9,-37,12,-29,18,-32,16,-36,20,-32,22,-32,29,-36,30,-32,30,-31,38,-33,37,-32,43,-28,43,-28,48,-24,48,-25,49,-27,57,-20,61,-20,68,-23,67,-26,71,-21,73,-28,73,-23,75,-30,82,-21,79,-26,82,0,0]"
CSI_DATA,200,1a:00:00:00:00:00,-46,11,1,0,1,1,1,0,0,0,1,-96,0,11,2,3000142,0,44,0,384,0,"[0,0,0,0,0,0,0,0,0,0,0,0,-7,12,-6,11,-5,11,-5,10,-5,9,-4,9,-3,9,-3,8,-3,8,-2,7,-2,7,-2,7,0,6,0,6,0,5,1,6,1,5,1,5,2,5,2,5,3,5,4,5,4,5,5,4,5,5,5,4,0,0,6,5,6,5,7,5,7,5,6,5,6,6,7,6,7,6,6,7,6,7,6,8,5,7,5,7,4,7,4,8,3,7,3,7,3,7,2,7,2,7,1,7,0,6,0,7,-2,5,-2,6,-3,5,0,0,0,0,0,0,0,0,0,0,0,0,0,0,-31,79,-35,77,-26,77,-22,68,-26,68,-27,69,-23,61,-24,58,-20,51,-19,58,-11,49,-6,49,-9,44,-8,44,-2,43,2,39,0,36,5,31,6,32,9,30,11,33,13,28,14,26,16,30,24,28,21,23,27,26,29,19,34,27,34,22,36,24,41,21,38,24,45,26,42,22,39,31,44,32,45,28,40,34,40,33,37,35,37,37,35,40,32,37,27,40,34,42,27,41,27,39,23,39,22,36,16,39,14,39,7,35,3,37,0,39,-2,33,-7,29,0,0,0,0,0,0,0,0,0,0,0,0,0,0,0,0,0,0,0,0,0,0,-24,-51,-18,-56,-16,-51,-13,-57,-8,-53,-3,-53,-4,-50,-2,-51,-1,-52,2,-50,4,-50,1,-45,2,-47,3,-43,1,-36,0,-40,-6,-40,-6,-40,-8,-36,-10,-34,-8,-38,-14,-35,-19,-32,-17,-36,-18,-36,-26,-32,-21,-35,-27,-33,-29,-32,-29,-32,-29,-29,-36,-37,-35,-33,-38,-31,-42,-33,-42,-27,-46,-28,-47,-24,-46,-23,-51,-20,-53,-20,-59,-15,-65,-19,-67,-13,-58,-12,-72,-3,-68,-10,-73,-11,-77,-12,-81,-13,-83,-13,-83,-11,-93,-20,-89,-19,-94,-22,-95,-26,-93,-24,0,0]"
CSI_DATA,201,1a:00:00:00:00:00,-46,11,1,0,1,1,1,0,0,0,1,-96,0,11,2,3010662,0,44,0,384,0,"[0,0,0,0,0,0,0,0,0,0,0,0,-3,13,-2,13,-1,12,-2,11,-2,10,-2,9,-1,10,0,9,0,8,0,7,1,7,2,7,1,6,2,5,2,5,3,5,3,4,4,4,4,3,4,3,4,3,5,2,6,2,6,2,7,2,7,1,0,0,8,1,8,1,8,2,9,1,8,2,9,2,9,2,9,3,9,3,9,4,9,4,8,4,8,4,7,4,7,5,7,5,6,5,6,5,5,6,4,5,4,6,3,6,3,6,2,6,1,6,0,5,0,0,0,0,0,0,0,0,0,0,0,0,0,0,-13,41,-15,40,-11,36,-11,34,-12,36,-13,32,-10,31,-8,26,-8,27,-6,23,-4,25,-4,24,-2,22,-2,22,-3,19,0,17,3,18,4,15,4,14,6,16,9,13,8,14,11,9,10,11,10,10,13,9,15,10,18,7,17,8,19,6,20,8,21,9,21,8,22,8,22,8,23,10,22,10,24,11,24,14,23,11,23,13,21,12,22,15,21,15,18,16,19,18,17,16,17,18,14,16,13,19,11,18,12,17,8,18,8,19,5,18,3,17,0,15,0,0,0,0,0,0,0,0,0,0,0,0,0,0,0,0,0,0,0,0,0,0,-12,-29,-8,-28,-7,-30,-5,-30,-2,-31,-1,-29,-1,-26,1,-28,2,-28,2,-27,3,-26,1,-25,1,-27,2,-25,0,-21,0,-24,-1,-21,-2,-20,-3,-20,-3,-22,-4,-22,-7,-22,-7,-21,-9,-21,-10,-19,-12,-19,-10,-19,-13,-18,-12,-20,-15,-17,-14,-17,-18,-17,-16,-17,-18,-17,-21,-18,-22,-14,-20,-15,-23,-14,-25,-14,-26,-12,-25,-11,-28,-10,-29,-8,-34,-9,-31,-8,-32,-8,-35,-9,-37,-6,-37,-6,-43,-7,-40,-7,-43,-6,-45,-6,-45,-7,-46,-11,-45,-8,-44,-10,0,0]"
CSI_DATA,202,1a:00:00:00:00:00,-47,11,1,0,1,1,1,0,0,0,1,-96,0,11,2,3020078,0,44,0,384,0,"[0,0,0,0,0,0,0,0,0,0,0,0,-13,3,-13,2,-11,3,-11,2,-11,2,-9,2,-9,3,-9,2,-8,3,-7,3,-7,3,-6,3,-5,3,-5,4,-4,3,-3,5,-3,5,-3,5,-2,5,-2,5,-2,5,0,6,0,6,0,6,0,6,1,6,0,0,1,7,2,8,1,8,1,9,1,9,1,9,1,9,1,9,1,9,0,9,0,9,-1,9,-1,9,-1,8,-2,8,-2,8,-2,8,-2,8,-2,7,-3,7,-3,6,-4,6,-4,5,-5,5,-5,4,-5,3,0,0,0,0,0,0,0,0,0,0,0,0,0,0,-81,-2,-84,2,-80,3,-77,-2,-76,4,-67,3,-66,-2,-63,4,-57,9,-56,5,-51,9,-49,8,-41,12,-40,9,-34,14,-30,13,-37,18,-28,23,-25,20,-22,26,-21,24,-15,25,-13,27,-10,30,-10,29,-9,32,-1,33,-1,36,-1,38,3,41,5,43,2,47,4,43,3,46,5,50,-2,51,-1,47,0,57,-2,56,-3,53,-2,53,-2,53,-7,54,-9,59,-9,52,-12,47,-12,47,-15,48,-17,43,-17,39,-21,37,-20,37,-21,33,-23,32,-31,25,-25,21,-29,15,0,0,0,0,0,0,0,0,0,0,0,0,0,0,0,0,0,0,0,0,0,0,55,-31,59,-20,61,-20,62,-13,59,-8,55,-7,56,-5,54,-3,56,-2,58,-1,53,-1,53,-4,53,-4,52,0,44,-5,40,-2,44,-5,40,-9,40,-9,39,-9,40,-12,41,-15,36,-22,33,-22,33,-20,33,-27,35,-28,26,-34,30,-26,26,-33,26,-32,26,-37,23,-40,25,-42,23,-43,20,-42,18,-47,19,-52,15,-50,11,-55,8,-53,6,-56,2,-62,2,-66,-6,-60,-2,-71,-7,-69,-10,-71,-13,-76,-5,-85,-13,-79,-22,-83,-7,-89,-8,-83,-10,-98,-11,-91,-4,-94,0,0]"
CSI_DATA,203,1a:00:00:00:00:00,-47,11,1,0,1,1,1,0,0,0,1,-96,0,11,2,3030139,0,44,0,384,0,"[0,0,0,0,0,0,0,0,0,0,0,0,12,1,12,1,11,1,11,1,10,1,9,0,9,-1,8,-1,8,-1,7,-2,6,-2,6,-3,6,-3,5,-3,4,-4,4,-5,4,-5,3,-5,3,-5,2,-5,2,-6,1,-6,1,-6,1,-7,1,-8,0,-8,0,0,0,-9,0,-10,0,-10,0,-10,0,-10,1,-10,1,-10,1,-10,1,-11,1,-10,2,-10,3,-10,3,-9,3,-10,3,-9,3,-9,4,-9,3,-8,4,-8,4,-7,4,-7,5,-6,5,-5,5,-4,5,-4,5,-2,0,0,0,0,0,0,0,0,0,0,0,0,0,0,84,3,80,3,81,-5,69,1,71,0,65,-2,57,0,60,-3,55,-7,51,-5,47,-13,44,-12,45,-11,39,-15,34,-11,32,-15,34,-17,21,-19,22,-23,15,-22,19,-25,12,-24,14,-29,8,-28,10,-30,5,-36,3,-34,-4,-39,-1,-43,-2,-42,-3,-43,-4,-48,-1,-46,-7,-53,-10,-46,-3,-54,-3,-50,-5,-55,-3,-58,3,-58,1,-55,5,-55,6,-54,8,-54,10,-51,13,-47,14,-49,12,-45,13,-45,17,-43,17,-40,18,-38,17,-35,23,-34,26,-28,27,-21,29,-18,0,0,0,0,0,0,0,0,0,0,0,0,0,0,0,0,0,0,0,0,0,0,-61,21,-66,12,-59,7,-65,8,-63,3,-63,0,-59,-3,-59,-6,-61,-5,-52,-3,-52,-10,-52,-6,-54,-4,-50,-8,-48,-6,-48,-5,-44,1,-42,-5,-43,2,-39,3,-42,8,-40,8,-35,12,-38,13,-36,15,-35,17,-34,17,-34,22,-36,25,-32,28,-28,27,-32,34,-27,37,-23,37,-21,45,-22,40,-17,39,-21,43,-16,48,-11,53,-15,52,-11,49,-11,56,-3,55,-4,59,-5,65,0,66,10,66,8,74,6,74,7,76,8,80,6,87,4,82,6,91,5,89,6,90,0,0]"
CSI_DATA,204,1a:00:00:00:00:00,-47,11,1,0,1,1,1,0,0,0,1,-96,0,11,2,3041435,0,44,0,384,0,"[0,0,0,0,0,0,0,0,0,0,0,0,12,2,11,2,11,2,11,1,9,1,9,1,9,0,7,-1,7,-1,6,-1,6,-1,6,-2,5,-2,5,-3,4,-3,4,-4,4,-4,3,-4,3,-5,3,-5,2,-5,2,-6,2,-6,1,-7,1,-7,1,-8,0,0,1,-9,1,-9,1,-9,1,-10,2,-9,1,-10,2,-11,2,-10,2,-10,3,-10,3,-10,4,-9,4,-9,4,-9,4,-8,5,-8,4,-7,4,-7,4,-7,4,-6,5,-5,5,-5,5,-4,6,-4,5,-3,5,-2,0,0,0,0,0,0,0,0,0,0,0,0,0,0,77,38,72,43,73,33,63,32,64,30,58,28,57,26,57,28,48,19,49,16,46,17,46,9,43,10,38,3,38,2,36,-4,29,-3,34,-7,32,-8,25,-13,26,-14,24,-12,24,-19,19,-20,19,-25,20,-28,20,-30,17,-34,16,-35,14,-41,19,-39,15,-49,22,-44,15,-52,16,-49,23,-51,19,-53,23,-50,23,-52,30,-50,26,-47,32,-44,29,-47,34,-48,30,-43,29,-39,35,-37,34,-34,33,-34,33,-27,36,-31,36,-25,36,-22,38,-17,37,-15,34,-8,34,-3,0,0,0,0,0,0,0,0,0,0,0,0,0,0,0,0,0,0,0,0,0,0,-66,-8,-66,-13,-62,-16,-60,-26,-59,-26,-59,-26,-51,-28,-53,-26,-55,-32,-47,-25,-44,-32,-46,-31,-49,-27,-42,-29,-42,-28,-38,-25,-40,-25,-36,-20,-35,-14,-39,-16,-37,-11,-41,-8,-38,-5,-39,-1,-37,-2,-41,7,-36,2,-39,8,-39,9,-39,13,-39,13,-38,20,-36,20,-36,24,-35,23,-40,30,-32,29,-34,32,-30,39,-34,43,-34,44,-28,47,-28,48,-23,52,-25,56,-19,55,-23,60,-21,65,-23,71,-24,74,-25,75,-24,80,-27,82,-30,79,-31,82,-33,84,-32,89,0,0]"
CSI_DATA,205,1a:00:00:00:00:00,-46,11,1,0,1,1,1,0,0,0,1,-96,0,11,2,3050263,0,44,0,384,0,"[0,0,0,0,0,0,0,0,0,0,0,0,7,10,7,10,8,9,7,9,7,8,5,7,6,6,5,5,5,5,5,4,5,4,6,3,6,2,5,1,5,1,5,0,5,-1,5,-1,5,-2,5,-3,5,-3,5,-4,5,-4,6,-5,6,-5,5,-6,0,0,6,-6,7,-7,6,-7,7,-8,7,-7,7,-7,8,-7,8,-7,8,-7,8,-6,8,-6,8,-5,8,-4,8,-5,9,-4,8,-4,9,-4,8,-3,8,-3,8,-2,7,-1,7,-1,7,0,6,0,6,2,5,1,0,0,0,0,0,0,0,0,0,0,0,0,0,0,55,66,50,63,53,54,49,57,46,53,48,47,41,43,42,46,37,38,37,35,36,28,33,28,36,25,34,17,32,18,30,14,33,9,34,6,26,5,32,-1,29,-6,26,-3,28,-9,25,-15,29,-15,26,-20,31,-23,28,-26,33,-27,29,-34,29,-30,31,-34,29,-33,35,-36,33,-42,39,-41,40,-44,39,-40,42,-40,43,-36,40,-39,47,-33,44,-34,47,-30,45,-26,44,-27,46,-23,47,-23,43,-20,42,-19,43,-15,46,-9,40,-9,41,-3,38,0,34,3,34,9,0,0,0,0,0,0,0,0,0,0,0,0,0,0,0,0,0,0,0,0,0,0,-54,-39,-50,-42,-45,-46,-43,-49,-38,-49,-36,-53,-31,-47,-33,-50,-28,-54,-22,-51,-27,-49,-25,-47,-27,-47,-25,-41,-22,-41,-22,-36,-24,-39,-24,-32,-23,-28,-23,-26,-26,-23,-26,-23,-27,-24,-33,-18,-34,-14,-35,-14,-32,-14,-35,-7,-35,-7,-40,-6,-36,-3,-39,3,-42,1,-37,6,-46,10,-44,12,-41,13,-43,15,-43,22,-45,28,-47,28,-43,31,-43,34,-48,39,-45,34,-39,40,-48,45,-48,52,-44,53,-52,57,-54,61,-56,64,-62,64,-58,62,-62,67,-65,66,-59,63,0,0]"
CSI_DATA,206,1a:00:00:00:00:00,-47,11,1,0,1,1,1,0,0,0,1,-96,0,11,2,3070117,0,44,0,384,0,"[0,0,0,0,0,0,0,0,0,0,0,0,8,-11,7,-10,6,-10,7,-10,6,-9,6,-8,4,-9,4,-8,3,-7,2,-7,2,-7,1,-7,1,-6,0,-6,0,-6,-1,-7,-2,-6,-2,-6,-3,-6,-3,-5,-4,-5,-5,-5,-5,-5,-5,-6,-6,-6,-6,-6,0,0,-8,-6,-8,-6,-8,-7,-8,-7,-8,-7,-8,-7,-8,-7,-8,-8,-8,-8,-7,-8,-8,-9,-6,-9,-6,-9,-5,-9,-5,-8,-5,-9,-4,-8,-4,-8,-4,-8,-3,-8,-2,-8,-2,-8,-1,-8,0,-7,1,-7,1,-6,0,0,0,0,0,0,0,0,0,0,0,0,0,0,58,-65,57,-62,47,-60,45,-55,46,-57,38,-48,42,-51,39,-50,34,-43,30,-40,24,-43,18,-39,21,-43,14,-37,13,-36,12,-36,4,-34,3,-35,-1,-33,-5,-30,-11,-31,-12,-30,-12,-29,-17,-26,-17,-29,-26,-28,-27,-25,-30,-20,-31,-23,-35,-24,-33,-22,-42,-27,-43,-29,-46,-29,-47,-30,-46,-33,-45,-36,-45,-31,-46,-37,-45,-38,-40,-40,-38,-44,-39,-43,-37,-45,-32,-42,-36,-42,-33,-45,-29,-44,-22,-42,-24,-38,-20,-41,-20,-42,-14,-41,-7,-40,-5,-40,-1,-35,4,-34,0,0,0,0,0,0,0,0,0,0,0,0,0,0,0,0,0,0,0,0,0,0,-31,57,-36,51,-37,47,-40,45,-42,39,-42,40,-41,35,-43,34,-47,39,-46,31,-42,26,-40,29,-40,30,-38,32,-35,27,-31,25,-28,26,-28,25,-26,26,-24,25,-23,29,-17,32,-17,33,-10,32,-13,30,-10,34,-4,35,-1,41,-4,36,6,39,8,35,9,40,10,40,14,37,16,42,16,39,22,40,26,35,26,39,32,41,34,39,40,43,43,40,46,39,51,36,48,38,53,38,60,35,64,38,66,42,65,47,69,47,74,52,65,49,76,57,76,51,72,49,0,0]"
CSI_DATA,207,1a:00:00:00:00:00,-47,11,1,0,1,1,1,0,0,0,1,-96,0,11,2,3080229,0,44,0,384,0,"[0,0,0,0,0,0,0,0,0,0,0,0,-7,-12,-7,-12,-7,-10,-7,-11,-6,-9,-6,-9,-6,-8,-6,-7,-5,-7,-6,-5,-6,-6,-6,-4,-6,-4,-6,-3,-6,-2,-6,-2,-6,-1,-6,-1,-6,0,-6,0,-7,1,-7,2,-6,1,-7,3,-7,3,-7,3,0,0,-8,4,-9,4,-9,5,-9,4,-9,4,-10,4,-10,4,-10,4,-10,4,-10,3,-10,3,-10,2,-10,2,-10,2,-10,1,-10,1,-10,1,-10,0,-9,0,-8,-1,-8,-2,-8,-2,-8,-2,-7,-3,-6,-4,-5,-4,0,0,0,0,0,0,0,0,0,0,0,0,0,0,-44,-76,-33,-75,-39,-71,-36,-66,-34,-67,-33,-61,-32,-55,-32,-55,-27,-47,-29,-50,-31,-41,-29,-38,-30,-38,-29,-30,-27,-26,-31,-22,-30,-21,-29,-11,-28,-15,-32,-5,-34,-5,-32,-4,-35,5,-30,7,-32,5,-32,10,-35,11,-36,19,-38,18,-42,22,-38,23,-43,29,-44,23,-50,27,-46,27,-49,27,-48,26,-51,27,-53,21,-54,23,-51,20,-54,19,-54,14,-55,13,-56,12,-51,13,-53,9,-50,7,-52,5,-47,3,-48,-1,-46,0,-43,-4,-38,-8,-37,-11,-37,-18,-29,-20,0,0,0,0,0,0,0,0,0,0,0,0,0,0,0,0,0,0,0,0,0,0,44,44,36,49,34,47,30,55,29,52,29,56,21,49,18,53,21,53,16,48,12,53,14,47,15,47,16,42,11,41,11,38,18,40,16,33,19,30,19,27,23,24,22,27,24,23,25,22,29,21,31,19,32,17,36,18,29,13,41,12,34,7,43,5,40,2,43,2,46,-2,48,1,47,-7,46,-9,48,-11,49,-14,48,-18,49,-19,53,-24,50,-31,55,-32,58,-37,59,-42,56,-42,60,-43,65,-49,64,-44,67,-52,77,-45,71,-50,81,-50,80,-54,79,-48,0,0]"
CSI_DATA,208,1a:00:00:00:00:00,-47,11,1,0,1,1,1,0,0,0,1,-96,0,11,2,3101112,0,44,0,384,0,"[0,0,0,0,0,0,0,0,0,0,0,0,2,-14,2,-12,0,-12,1,-12,1,-11,1,-10,0,-10,0,-9,0,-9,-1,-8,-1,-8,-2,-7,-3,-6,-3,-6,-4,-5,-4,-6,-5,-5,-5,-4,-5,-3,-6,-3,-6,-3,-7,-3,-6,-3,-7,-2,-8,-1,-8,-2,0,0,-9,-1,-10,-2,-10,-1,-10,-1,-10,-2,-10,-2,-11,-2,-11,-3,-10,-3,-11,-3,-10,-4,-10,-4,-9,-4,-9,-4,-9,-5,-9,-5,-9,-5,-8,-5,-8,-5,-7,-5,-6,-6,-6,-6,-5,-6,-4,-6,-4,-6,-3,-6,0,0,0,0,0,0,0,0,0,0,0,0,0,0,17,-86,15,-81,9,-83,8,-77,10,-75,8,-70,9,-61,3,-62,2,-56,4,-56,-5,-50,-3,-48,-8,-48,-8,-42,-9,-36,-12,-36,-11,-29,-15,-29,-24,-28,-24,-21,-26,-24,-21,-16,-29,-13,-32,-13,-31,-11,-36,-13,-33,-7,-37,-7,-39,-9,-47,-5,-46,-2,-51,-1,-45,-7,-52,-2,-53,3,-55,-11,-57,-7,-56,-5,-58,-9,-59,-11,-56,-14,-55,-13,-53,-16,-58,-20,-53,-23,-49,-17,-48,-22,-45,-24,-41,-21,-36,-24,-39,-25,-37,-28,-33,-28,-29,-31,-26,-30,-18,-32,-15,-33,0,0,0,0,0,0,0,0,0,0,0,0,0,0,0,0,0,0,0,0,0,0,8,58,5,59,-2,59,-4,61,-5,61,-9,55,-11,52,-13,54,-13,54,-15,49,-16,50,-11,46,-11,48,-9,46,-14,40,-8,39,-4,44,-5,39,-1,37,1,35,1,37,7,38,9,35,12,34,10,36,18,34,19,34,20,35,23,32,29,35,24,29,33,31,33,27,29,29,33,33,37,27,36,22,40,22,49,22,48,18,49,17,52,9,59,10,59,6,62,4,68,3,65,4,70,-3,77,-2,81,0,79,1,83,-4,90,2,83,5,95,2,92,1,90,4,0,0]"
CSI_DATA,209,1a:00:00:00:00:00,-47,11,1,0,1,1,1,0,0,0,1,-96,0,11,2,3112707,0,44,0,384,0,"[0,0,0,0,0,0,0,0,0,0,0,0,-9,10,-8,10,-7,10,-7,9,-6,8,-6,8,-5,8,-4,8,-4,7,-3,6,-3,7,-2,6,-1,6,-1,5,0,5,1,6,1,5,1,5,2,5,3,4,3,4,4,4,4,4,5,3,6,4,6,4,0,0,7,4,7,4,8,4,8,5,8,5,8,5,8,5,8,6,8,6,7,6,8,7,7,6,6,7,6,7,6,7,6,7,5,7,5,7,4,7,4,7,3,7,2,7,1,6,0,6,0,6,-1,6,0,0,0,0,0,0,0,0,0,0,0,0,0,0,-55,66,-57,58,-54,58,-51,57,-50,56,-48,50,-45,51,-41,48,-41,44,-36,44,-28,43,-25,42,-21,42,-23,31,-17,35,-7,36,-10,39,-5,32,0,32,8,30,4,31,15,28,9,29,16,27,17,24,23,27,23,25,30,26,34,26,38,24,37,27,42,24,37,30,43,28,44,26,43,34,49,30,48,28,42,37,43,38,44,38,37,36,40,43,39,39,36,40,37,45,29,46,32,42,26,43,25,40,26,39,20,40,14,41,5,37,3,40,1,39,-3,37,0,0,0,0,0,0,0,0,0,0,0,0,0,0,0,0,0,0,0,0,0,0,29,-50,35,-45,38,-44,40,-41,45,-37,43,-36,42,-37,38,-33,41,-34,40,-31,40,-31,37,-25,41,-34,34,-27,32,-22,30,-25,24,-30,27,-29,22,-33,18,-30,19,-31,17,-37,14,-35,12,-36,17,-37,3,-42,4,-37,5,-43,2,-42,-1,-41,-7,-39,-1,-44,-9,-50,-8,-40,-16,-43,-18,-44,-19,-45,-22,-47,-25,-40,-24,-40,-31,-42,-39,-39,-43,-46,-46,-46,-44,-40,-53,-41,-59,-40,-60,-41,-62,-42,-61,-51,-67,-49,-73,-54,-76,-49,-71,-45,-80,-57,-74,-56,-65,-63,0,0]"
CSI_DATA,210,1a:00:00:00:00:00,-46,11,1,0,1,1,1,0,0,0,1,-96,0,11,2,3120269,0,44,0,384,0,"[0,0,0,0,0,0,0,0,0,0,0,0,9,-11,8,-11,7,-10,7,-10,6,-9,6,-9,5,-9,4,-8,4,-8,3,-7,3,-8,2,-7,1,-7,0,-7,-1,-6,-1,-7,-2,-7,-2,-6,-3,-6,-3,-6,-4,-6,-4,-6,-4,-6,-6,-5,-6,-6,-6,-6,0,0,-7,-7,-8,-7,-8,-7,-8,-7,-8,-7,-8,-8,-8,-8,-8,-8,-8,-8,-7,-9,-7,-9,-6,-9,-6,-9,-5,-9,-5,-9,-5,-9,-4,-9,-4,-9,-4,-9,-3,-9,-2,-9,-1,-8,0,-8,0,-7,1,-7,2,-6,0,0,0,0,0,0,0,0,0,0,0,0,0,0,48,-66,49,-65,41,-63,39,-62,42,-60,39,-54,35,-50,33,-52,31,-46,26,-45,20,-45,22,-42,16,-42,14,-40,7,-36,5,-40,3,-35,-2,-31,-4,-33,-8,-32,-10,-33,-12,-32,-16,-28,-16,-26,-17,-24,-22,-26,-27,-27,-31,-25,-30,-26,-36,-23,-38,-22,-42,-28,-38,-26,-38,-29,-44,-31,-44,-31,-44,-32,-45,-32,-43,-37,-44,-38,-42,-39,-37,-43,-36,-43,-37,-42,-30,-38,-32,-44,-28,-43,-28,-45,-24,-38,-20,-39,-17,-44,-16,-42,-9,-42,-10,-43,-3,-37,4,-36,5,-31,0,0,0,0,0,0,0,0,0,0,0,0,0,0,0,0,0,0,0,0,0,0,-11,59,-17,52,-19,51,-24,49,-28,49,-27,45,-29,45,-30,44,-30,45,-31,42,-27,42,-26,37,-27,40,-26,37,-19,34,-23,34,-19,37,-17,36,-15,38,-13,35,-11,31,-5,37,-6,39,-3,36,-3,37,-1,42,0,37,5,35,10,41,13,40,13,38,11,40,13,42,19,39,22,41,25,38,31,39,31,37,33,37,34,39,34,36,46,36,45,33,50,36,48,30,59,31,61,30,61,29,67,30,71,36,71,30,77,34,72,41,75,38,79,44,74,41,80,47,0,0]"
CSI_DATA,211,1a:00:00:00:00:00,-46,11,1,0,1,1,1,0,0,0,1,-96,0,11,2,3130189,0,44,0,384,0,"[0,0,0,0,0,0,0,0,0,0,0,0,-10,-11,-9,-9,-10,-9,-9,-9,-8,-8,-8,-7,-8,-7,-7,-6,-7,-5,-7,-5,-7,-4,-7,-3,-6,-3,-7,-2,-6,-2,-6,0,-6,0,-6,0,-6,1,-7,1,-6,2,-6,3,-7,3,-6,4,-6,4,-6,5,0,0,-7,5,-7,6,-8,6,-8,6,-8,6,-8,6,-9,6,-9,6,-9,6,-9,5,-9,5,-9,5,-9,4,-9,4,-9,3,-9,3,-9,3,-9,2,-9,1,-9,0,-9,0,-8,-1,-8,-1,-7,-1,-7,-2,-6,-3,0,0,0,0,0,0,0,0,0,0,0,0,0,0,-51,-67,-43,-67,-50,-60,-45,-63,-46,-55,-39,-48,-40,-54,-39,-46,-37,-41,-36,-41,-38,-38,-32,-30,-32,-29,-36,-29,-32,-22,-33,-15,-36,-18,-30,-9,-28,-4,-33,-4,-32,2,-30,0,-30,7,-29,9,-30,9,-32,15,-33,15,-33,22,-34,25,-32,26,-34,26,-35,31,-36,30,-36,36,-37,36,-42,33,-46,36,-42,35,-47,31,-48,29,-49,26,-46,25,-50,25,-47,25,-45,22,-48,21,-45,17,-50,17,-42,14,-46,8,-41,8,-41,4,-42,2,-41,-3,-36,-7,-34,-9,-31,-15,0,0,0,0,0,0,0,0,0,0,0,0,0,0,0,0,0,0,0,0,0,0,46,28,44,33,43,38,40,40,37,42,35,41,32,40,29,41,32,45,31,41,26,41,25,36,29,36,26,33,23,31,27,30,28,25,27,29,27,21,31,21,28,18,33,16,35,21,33,13,35,13,41,8,38,6,41,7,39,6,39,4,39,2,45,-1,45,-1,45,-8,43,-7,47,-11,45,-14,46,-15,44,-20,45,-26,47,-23,45,-33,47,-33,48,-38,44,-39,49,-51,47,-43,49,-48,51,-54,59,-61,57,-58,58,-62,64,-61,61,-61,63,-68,60,-61,68,-61,0,0]"
CSI_DATA,212,1a:00:00:00:00:00,-46,11,1,0,1,1,1,0,0,0,1,-96,0,11,2,3160152,0,44,0,384,0,"[0,0,0,0,0,0,0,0,0,0,0,0,5,11,5,10,6,10,5,10,5,9,4,8,5,7,4,7,4,6,5,5,4,5,5,4,5,3,5,3,5,2,5,1,5,0,5,1,6,0,5,-1,5,-1,6,-2,5,-2,6,-3,7,-4,6,-3,0,0,7,-5,8,-5,8,-5,8,-5,8,-5,9,-4,9,-5,9,-4,9,-4,9,-4,9,-3,9,-3,9,-3,9,-3,9,-1,9,-2,8,-1,8,-1,8,0,7,0,7,1,7,1,7,1,6,2,5,3,4,3,0,0,0,0,0,0,0,0,0,0,0,0,0,0,29,79,27,74,35,77,29,74,27,67,27,69,22,60,28,59,25,49,26,52,29,43,26,39,27,37,26,31,24,30,26,27,28,24,31,22,28,12,28,13,32,6,29,8,32,4,32,0,32,-5,35,-4,34,-7,39,-14,41,-10,36,-16,40,-17,47,-19,44,-19,48,-24,47,-21,57,-21,53,-20,51,-21,56,-15,53,-13,48,-17,58,-13,54,-14,51,-12,58,-7,52,-10,51,-2,50,-1,49,0,46,4,47,4,46,9,41,13,38,11,37,17,30,19,26,21,0,0,0,0,0,0,0,0,0,0,0,0,0,0,0,0,0,0,0,0,0,0,-46,-41,-42,-45,-34,-46,-35,-50,-33,-50,-29,-48,-25,-47,-21,-48,-19,-48,-18,-47,-20,-46,-19,-43,-20,-46,-19,-40,-16,-38,-18,-36,-22,-34,-21,-33,-24,-30,-24,-29,-26,-26,-28,-27,-28,-28,-33,-23,-32,-22,-39,-18,-38,-18,-38,-17,-37,-14,-45,-16,-43,-11,-47,-9,-43,-8,-44,-4,-47,-5,-48,-1,-49,4,-48,3,-52,9,-55,12,-55,13,-52,17,-60,18,-60,26,-63,26,-54,26,-59,31,-66,36,-63,37,-68,43,-72,42,-77,46,-82,42,-72,42,-80,47,-85,48,-80,43,0,0]"
CSI_DATA,213,1a:00:00:00:00:00,-47,11,1,0,1,1,1,0,0,0,1,-96,0,11,2,3170390,0,44,0,384,0,"[0,0,0,0,0,0,0,0,0,0,0,0,-6,-13,-6,-12,-7,-11,-6,-11,-5,-10,-5,-9,-5,-9,-5,-8,-6,-7,-6,-7,-5,-6,-6,-5,-6,-5,-6,-4,-6,-3,-6,-2,-6,-2,-6,-2,-6,-1,-6,0,-7,0,-7,1,-7,1,-7,2,-8,2,-7,2,0,0,-8,3,-9,4,-9,4,-9,4,-9,4,-10,4,-10,3,-10,3,-10,3,-10,2,-11,3,-11,2,-10,2,-10,1,-10,1,-10,1,-9,0,-9,0,-8,-1,-8,-1,-9,-2,-8,-2,-8,-2,-7,-4,-6,-4,-5,-4,0,0,0,0,0,0,0,0,0,0,0,0,0,0,-44,-75,-35,-71,-42,-65,-34,-65,-43,-62,-35,-57,-33,-55,-35,-57,-32,-44,-31,-44,-29,-38,-27,-34,-36,-38,-29,-29,-28,-27,-32,-21,-35,-17,-30,-14,-31,-8,-31,-8,-35,-4,-32,-7,-31,0,-31,3,-31,5,-36,7,-32,12,-30,18,-34,23,-33,21,-36,26,-44,27,-38,25,-39,29,-41,26,-48,29,-46,25,-49,27,-48,26,-48,25,-50,26,-53,23,-47,23,-50,22,-48,15,-48,12,-49,10,-46,11,-44,10,-47,3,-45,4,-46,3,-40,0,-38,-6,-37,-8,-34,-11,-32,-15,0,0,0,0,0,0,0,0,0,0,0,0,0,0,0,0,0,0,0,0,0,0,43,36,36,39,35,43,33,47,28,47,26,46,24,45,21,47,22,45,20,44,22,44,19,38,25,39,18,38,17,36,21,35,21,34,21,31,21,29,26,27,28,23,29,22,27,20,35,21,32,19,33,15,38,16,34,14,37,13,40,7,38,8,45,6,42,2,41,4,46,1,44,-4,43,-7,46,-12,47,-14,50,-21,49,-19,46,-25,50,-28,51,-31,53,-32,49,-42,53,-36,54,-46,57,-48,60,-46,62,-51,61,-57,70,-54,66,-52,70,-55,71,-58,74,-53,0,0]"
CSI_DATA,214,1a:00:00:00:00:00,-46,11,1,0,1,1,1,0,0,0,1,-96,0,11,2,3180180,0,44,0,384,0,"[0,0,0,0,0,0,0,0,0,0,0,0,2,-13,1,-13,0,-12,1,-12,1,-11,1,-10,0,-10,0,-9,0,-9,-2,-7,-1,-8,-2,-7,-2,-7,-3,-6,-3,-6,-4,-5,-4,-5,-4,-4,-5,-3,-5,-3,-5,-3,-6,-3,-6,-3,-7,-3,-8,-2,-8,-3,0,0,-9,-2,-9,-2,-10,-2,-10,-2,-10,-2,-10,-2,-10,-3,-10,-3,-10,-3,-10,-4,-10,-4,-9,-4,-9,-5,-9,-5,-8,-5,-8,-6,-8,-5,-8,-6,-7,-6,-6,-6,-6,-6,-5,-6,-5,-6,-4,-6,-3,-7,-2,-6,0,0,0,0,0,0,0,0,0,0,0,0,0,0,11,-84,13,-82,10,-76,10,-75,8,-72,10,-68,8,-64,3,-61,3,-55,1,-53,-1,-55,-1,-46,-4,-48,-4,-41,-5,-41,-9,-35,-14,-35,-13,-30,-15,-27,-19,-29,-22,-24,-24,-22,-25,-18,-26,-18,-25,-14,-30,-14,-34,-14,-41,-10,-35,-10,-41,-6,-42,-9,-46,-12,-43,-6,-52,-7,-50,-6,-49,-12,-53,-8,-53,-15,-53,-19,-54,-15,-52,-15,-51,-18,-51,-22,-50,-21,-47,-19,-47,-20,-44,-25,-43,-26,-35,-27,-38,-28,-34,-28,-33,-31,-29,-30,-22,-34,-19,-31,-13,-34,-9,-36,0,0,0,0,0,0,0,0,0,0,0,0,0,0,0,0,0,0,0,0,0,0,15,54,12,53,8,52,4,59,0,58,-1,57,0,51,-5,52,-3,55,-3,50,-4,48,-6,47,-3,42,-3,43,-8,44,-1,37,7,37,4,35,3,35,3,36,5,37,11,37,13,30,15,29,15,34,19,32,21,31,23,29,22,30,29,31,29,29,34,33,33,24,35,23,37,20,41,25,41,22,43,19,45,18,50,14,53,12,55,9,57,5,62,3,60,8,60,3,65,0,70,-5,69,-4,78,-1,79,-3,83,-3,89,0,83,-1,89,1,93,2,86,2,0,0]"
CSI_DATA,215,1a:00:00:00:00:00,-47,11,1,0,1,1,1,0,0,0,1,-96,0,11,2,3190135,0,44,0,384,0,"[0,0,0,0,0,0,0,0,0,0,0,0,4,-14,3,-13,2,-12,3,-11,2,-11,2,-10,1,-10,1,-9,1,-9,0,-8,0,-8,-1,-7,-2,-7,-3,-6,-2,-6,-3,-6,-4,-6,-4,-5,-5,-5,-5,-4,-5,-4,-5,-4,-6,-3,-7,-3,-7,-3,-7,-4,0,0,-8,-3,-9,-3,-9,-4,-9,-4,-9,-4,-9,-4,-10,-4,-10,-5,-9,-5,-9,-6,-9,-6,-8,-6,-8,-6,-8,-6,-8,-7,-7,-7,-7,-7,-7,-7,-6,-7,-5,-7,-5,-7,-4,-7,-3,-7,-3,-7,-2,-7,-1,-7,0,0,0,0,0,0,0,0,0,0,0,0,0,0,15,-42,14,-40,11,-40,11,-35,10,-35,10,-34,10,-32,11,-31,7,-29,6,-27,5,-25,4,-23,2,-25,1,-22,0,-20,-2,-17,-3,-18,-5,-18,-6,-15,-7,-13,-11,-15,-9,-15,-12,-12,-12,-12,-13,-11,-14,-9,-16,-10,-16,-7,-20,-8,-23,-9,-22,-7,-24,-7,-23,-9,-24,-7,-25,-7,-26,-9,-28,-9,-27,-11,-25,-11,-26,-11,-24,-11,-26,-14,-23,-15,-24,-14,-22,-17,-22,-17,-21,-17,-19,-18,-19,-17,-16,-16,-14,-17,-13,-17,-12,-18,-9,-20,-10,-18,-6,-20,-3,-17,0,0,0,0,0,0,0,0,0,0,0,0,0,0,0,0,0,0,0,0,0,0,0,29,-3,29,-2,28,-7,30,-8,28,-10,28,-8,25,-9,24,-10,25,-11,22,-10,24,-9,21,-10,21,-8,23,-7,20,-7,18,-3,20,-5,17,-3,18,-3,18,-1,17,-1,19,1,17,2,16,3,18,7,19,8,18,6,17,7,16,11,19,10,15,12,18,14,17,15,15,15,17,19,16,16,14,20,13,21,13,25,13,25,11,25,10,27,11,28,8,30,7,35,8,33,7,34,5,35,5,37,6,39,9,43,8,46,8,41,8,44,10,42,9,43,12,0,0]"
CSI_DATA,216,1a:00:00:00:00:00,-47,11,1,0,1,1,1,0,0,0,1,-96,0,11,2,3201471,0,44,0,384,0,"[0,0,0,0,0,0,0,0,0,0,0,0,12,0,12,-1,11,-1,11,0,10,-1,10,-1,8,-2,8,-2,7,-2,7,-2,6,-3,6,-3,5,-3,4,-3,4,-4,4,-5,3,-5,2,-5,2,-5,2,-6,2,-6,1,-6,1,-7,0,-7,0,-8,0,-8,0,0,-1,-9,0,-10,0,-10,-1,-10,0,-10,0,-11,1,-11,1,-10,1,-11,1,-10,1,-11,3,-10,2,-9,3,-10,3,-9,3,-9,4,-8,3,-8,4,-8,4,-7,5,-7,5,-6,5,-5,5,-5,5,-4,5,-3,0,0,0,0,0,0,0,0,0,0,0,0,0,0,82,5,78,14,75,9,72,12,73,13,68,13,65,7,59,5,57,3,56,4,51,-2,47,-3,44,-5,40,-5,35,-8,35,-9,34,-14,30,-13,25,-20,22,-21,20,-25,19,-21,14,-24,14,-29,17,-29,14,-35,7,-36,10,-34,5,-41,4,-44,5,-41,5,-44,6,-51,3,-50,5,-52,12,-49,10,-56,10,-55,11,-58,12,-48,18,-55,20,-50,21,-54,19,-54,21,-45,24,-47,29,-44,27,-46,27,-37,28,-37,28,-34,30,-31,30,-29,31,-22,35,-21,30,-14,31,-7,0,0,0,0,0,0,0,0,0,0,0,0,0,0,0,0,0,0,0,0,0,0,-57,18,-57,13,-60,10,-59,4,-59,1,-56,-1,-56,-2,-56,-5,-55,-8,-52,-5,-50,-9,-51,-7,-48,-4,-44,-7,-41,-5,-40,1,-40,2,-37,-1,-35,6,-37,4,-36,10,-36,9,-34,10,-31,15,-34,14,-33,21,-35,15,-32,21,-32,25,-30,30,-25,30,-28,33,-28,36,-22,34,-23,37,-20,39,-19,43,-18,47,-21,47,-15,50,-13,49,-10,56,-11,53,-2,61,-1,61,-5,67,0,66,1,68,5,72,4,80,-2,79,2,82,-4,86,0,86,-1,94,-3,89,-6,91,0,0]"
CSI_DATA,217,1a:00:00:00:00:00,-47,11,1,0,1,1,1,0,0,0,1,-96,0,11,2,3210134,0,44,0,384,0,"[0,0,0,0,0,0,0,0,0,0,0,0,-2,14,-2,13,-1,11,-1,12,-1,11,-1,10,0,9,0,8,0,8,1,7,0,7,2,6,2,5,3,5,3,5,4,4,4,3,4,3,5,3,5,2,5,2,6,1,6,1,7,0,7,1,8,0,0,0,8,0,9,0,10,0,9,0,10,0,10,0,10,0,10,1,10,1,10,2,10,2,9,3,9,3,9,4,8,4,8,4,8,3,8,4,7,4,7,4,6,5,5,5,4,5,4,6,2,6,2,5,0,0,0,0,0,0,0,0,0,0,0,0,0,0,-4,42,-4,42,-2,40,-2,37,-4,38,-2,33,-3,32,-3,32,0,29,0,25,3,26,0,23,2,22,2,21,4,19,7,17,6,17,8,14,8,12,9,11,13,9,12,9,11,6,16,6,14,5,17,3,17,3,20,1,20,1,22,1,21,0,23,-1,24,1,26,1,26,-2,26,1,27,0,29,0,29,3,29,1,27,4,27,7,28,7,28,6,24,8,26,9,23,9,25,8,22,9,21,10,19,11,18,13,18,12,13,14,11,16,11,16,6,15,0,0,0,0,0,0,0,0,0,0,0,0,0,0,0,0,0,0,0,0,0,0,-7,-31,-5,-31,-4,-32,-1,-31,0,-31,3,-29,1,-28,4,-28,3,-28,4,-26,6,-26,5,-26,3,-25,4,-24,2,-20,2,-21,1,-23,1,-20,-2,-19,-3,-20,-3,-20,-6,-21,-6,-19,-8,-19,-7,-17,-10,-16,-12,-16,-13,-16,-13,-14,-15,-15,-16,-14,-17,-15,-17,-13,-19,-14,-18,-14,-22,-12,-24,-12,-25,-8,-25,-12,-26,-8,-26,-6,-30,-4,-30,-4,-33,-4,-27,-1,-38,0,-37,0,-36,3,-39,2,-41,2,-40,2,-46,4,-46,1,-45,4,-49,0,-47,1,-46,0,0,0]"
CSI_DATA,218,1a:00:00:00:00:00,-47,11,1,0,1,1,1,0,0,0,1,-96,0,11,2,3221570,0,44,0,384,0,"[0,0,0,0,0,0,0,0,0,0,0,0,13,0,12,-1,11,-1,11,0,11,-1,9,-1,9,-2,8,-2,8,-2,7,-2,7,-3,6,-3,6,-3,5,-4,5,-4,4,-5,3,-5,3,-5,2,-5,2,-5,2,-6,1,-6,1,-6,0,-7,1,-8,0,-8,0,0,0,-9,0,-9,0,-10,-1,-10,1,-10,1,-11,1,-11,1,-11,1,-11,2,-11,2,-11,3,-10,3,-10,3,-9,3,-9,4,-9,4,-9,4,-8,4,-7,4,-7,5,-7,5,-6,5,-5,5,-5,5,-3,5,-3,0,0,0,0,0,0,0,0,0,0,0,0,0,0,87,13,86,10,78,5,74,10,75,10,66,11,65,7,62,3,57,-2,50,-2,48,1,45,-4,48,-3,41,-5,41,-5,36,-17,32,-13,29,-15,27,-18,22,-22,25,-24,21,-25,14,-28,13,-28,14,-26,12,-32,15,-38,4,-39,2,-41,6,-44,3,-44,7,-52,7,-51,7,-48,3,-53,10,-58,8,-53,7,-57,12,-60,16,-56,12,-54,15,-51,20,-56,17,-57,23,-44,21,-48,21,-45,26,-47,25,-41,25,-37,27,-35,32,-36,30,-35,32,-26,30,-24,36,-16,29,-9,0,0,0,0,0,0,0,0,0,0,0,0,0,0,0,0,0,0,0,0,0,0,-62,19,-60,11,-62,9,-60,4,-58,-2,-58,-5,-56,-3,-59,-5,-58,-6,-55,-2,-49,-9,-53,-1,-47,-4,-49,-5,-42,-2,-40,-4,-41,-1,-40,-2,-39,4,-39,4,-39,8,-40,12,-36,11,-34,14,-36,19,-33,22,-29,19,-30,25,-31,26,-29,31,-30,26,-30,35,-27,37,-23,38,-28,42,-19,45,-21,38,-19,44,-16,47,-15,53,-15,53,-7,57,-9,60,-3,64,-1,61,2,59,1,69,4,70,6,75,3,82,7,81,9,87,5,91,2,86,2,91,2,94,1,93,0,0]"
CSI_DATA,219,1a:00:00:00:00:00,-47,11,1,0,1,1,1,0,0,0,1,-96,0,11,2,3230160,0,44,0,384,0,"[0,0,0,0,0,0,0,0,0,0,0,0,8,-12,7,-11,6,-11,6,-10,5,-10,5,-9,4,-9,4,-8,3,-8,2,-7,2,-8,1,-7,0,-6,-1,-6,-1,-6,-2,-7,-3,-6,-3,-6,-3,-5,-4,-5,-4,-5,-5,-5,-5,-5,-6,-5,-7,-5,-7,-5,0,0,-8,-5,-9,-5,-9,-6,-9,-6,-9,-5,-9,-6,-9,-6,-9,-6,-9,-7,-9,-7,-9,-7,-7,-7,-7,-7,-7,-8,-7,-8,-7,-8,-6,-8,-6,-7,-5,-8,-5,-8,-4,-8,-3,-8,-3,-7,-2,-7,-1,-7,0,-7,0,0,0,0,0,0,0,0,0,0,0,0,0,0,54,-70,55,-61,50,-70,40,-60,41,-57,40,-60,38,-50,39,-51,33,-47,32,-49,19,-48,20,-42,19,-42,12,-40,12,-39,9,-35,5,-38,1,-34,-6,-33,-7,-33,-10,-31,-9,-29,-17,-29,-21,-27,-20,-26,-26,-24,-25,-23,-31,-24,-34,-28,-39,-22,-37,-19,-43,-25,-41,-27,-45,-29,-47,-22,-46,-32,-48,-31,-46,-29,-45,-33,-44,-36,-42,-35,-42,-40,-39,-39,-39,-39,-34,-41,-37,-40,-33,-46,-33,-41,-32,-43,-27,-44,-23,-39,-20,-39,-17,-39,-10,-39,-6,-41,-3,-39,3,-35,0,0,0,0,0,0,0,0,0,0,0,0,0,0,0,0,0,0,0,0,0,0,-20,54,-29,56,-28,55,-36,52,-35,46,-36,45,-33,43,-36,43,-37,40,-37,36,-39,35,-37,34,-31,34,-32,32,-32,29,-25,29,-26,38,-23,30,-23,34,-21,31,-15,33,-13,34,-12,33,-8,34,-8,35,0,38,-4,35,0,41,4,40,4,40,7,34,13,45,14,43,15,40,21,42,18,42,24,40,26,38,29,41,32,40,36,39,39,37,46,39,44,34,50,36,67,34,61,36,60,34,65,34,64,38,73,40,75,38,79,45,72,41,81,49,79,50,73,50,0,0]"
CSI_DATA,220,1a:00:00:00:00:00,-47,11,1,0,1,1,1,0,0,0,1,-96,0,11,2,3244623,0,44,0,384,0,"[0,0,0,0,0,0,0,0,0,0,0,0,-12,7,-11,7,-10,6,-10,6,-9,6,-8,6,-7,6,-7,5,-7,5,-5,5,-5,5,-4,5,-4,5,-3,5,-2,5,-2,5,-1,5,-1,5,0,5,1,5,1,5,2,5,2,6,3,6,3,6,4,6,0,0,5,6,4,7,5,7,5,8,5,7,5,8,5,8,5,8,5,8,4,9,4,9,3,9,3,8,2,9,2,9,2,9,1,9,1,8,1,8,0,8,-1,8,-1,7,-2,7,-3,6,-3,6,-3,5,0,0,0,0,0,0,0,0,0,0,0,0,0,0,-74,45,-72,41,-69,48,-65,36,-59,38,-59,36,-52,32,-52,38,-45,34,-44,33,-35,35,-35,32,-29,33,-29,31,-25,29,-21,27,-19,31,-13,28,-11,30,-5,30,-2,32,-4,30,5,35,7,28,11,28,8,31,15,32,21,29,23,33,26,35,27,31,31,36,29,35,32,41,31,39,30,48,31,49,31,46,30,46,24,46,30,46,22,50,23,51,24,52,16,49,20,49,15,49,12,50,10,43,7,43,5,46,2,44,-2,44,-2,40,-9,39,-11,33,-16,30,0,0,0,0,0,0,0,0,0,0,0,0,0,0,0,0,0,0,0,0,0,0,36,-48,42,-42,42,-42,48,-40,49,-32,49,-30,50,-31,46,-27,45,-27,47,-22,50,-26,42,-23,44,-24,43,-22,37,-20,38,-19,30,-28,32,-22,30,-23,27,-25,27,-27,23,-27,22,-30,17,-30,13,-31,14,-31,15,-33,8,-35,8,-40,5,-41,2,-40,5,-45,4,-44,-3,-45,-5,-46,-6,-43,-8,-48,-17,-47,-13,-45,-23,-45,-17,-47,-30,-49,-32,-52,-32,-49,-38,-52,-44,-46,-42,-51,-47,-56,-46,-54,-53,-58,-56,-61,-57,-59,-56,-69,-54,-64,-58,-73,-61,-74,-56,-78,0,0]"
CSI_DATA,221,1a:00:00:00:00:00,-47,11,1,0,1,1,1,0,0,0,1,-96,0,11,2,3250186,0,44,0,384,0,"[0,0,0,0,0,0,0,0,0,0,0,0,-14,3,-12,3,-12,3,-12,3,-11,3,-10,3,-9,3,-8,3,-8,4,-7,3,-7,3,-6,4,-5,4,-4,3,-4,4,-3,5,-2,5,-2,5,-1,5,-1,5,-1,5,0,6,0,6,1,6,1,6,2,7,0,0,3,8,3,8,2,8,3,9,3,8,3,9,3,10,2,9,3,10,2,10,1,10,0,10,0,9,0,9,0,9,0,9,-1,9,-1,8,-2,8,-2,8,-3,7,-3,6,-4,6,-4,5,-4,5,-5,4,0,0,0,0,0,0,0,0,0,0,0,0,0,0,-80,33,-75,26,-76,35,-70,32,-64,29,-69,28,-59,32,-61,29,-50,22,-49,29,-41,25,-41,25,-37,24,-34,26,-30,25,-27,30,-23,29,-16,26,-15,28,-9,32,-9,34,-5,28,-2,29,-2,31,6,32,4,31,11,32,15,36,17,33,22,36,19,37,22,40,18,40,25,45,29,40,24,50,24,51,24,47,21,56,21,46,16,52,16,53,12,56,14,50,10,53,10,51,5,49,6,49,3,48,-1,46,-1,45,-6,43,-7,38,-13,35,-14,37,-18,30,-19,25,0,0,0,0,0,0,0,0,0,0,0,0,0,0,0,0,0,0,0,0,0,0,44,-43,49,-41,50,-34,52,-31,51,-27,53,-23,50,-20,53,-20,51,-23,49,-18,49,-13,44,-15,47,-18,45,-19,45,-15,38,-15,33,-24,32,-19,37,-20,31,-20,29,-23,29,-26,26,-26,23,-30,21,-27,22,-32,16,-31,18,-34,11,-35,15,-42,9,-37,8,-48,7,-44,3,-43,2,-47,-4,-43,-2,-45,-5,-48,-6,-50,-14,-48,-14,-50,-19,-54,-23,-57,-25,-56,-26,-57,-39,-58,-38,-59,-38,-58,-43,-59,-42,-65,-41,-70,-50,-70,-49,-77,-43,-73,-49,-81,-49,-81,-42,-80,0,0]"
CSI_DATA,222,1a:00:00:00:00:00,-47,11,1,0,1,1,1,0,0,0,1,-96,0,11,2,3261462,0,44,0,384,0,"[0,0,0,0,0,0,0,0,0,0,0,0,-8,11,-8,11,-7,10,-7,9,-6,8,-5,8,-5,8,-4,8,-4,7,-3,6,-3,6,-2,7,-1,6,-1,5,0,5,1,5,1,5,1,4,2,5,3,4,3,4,4,4,4,4,5,3,5,4,6,4,0,0,7,4,7,4,7,4,8,4,7,5,8,5,8,5,8,5,8,6,7,6,7,7,6,7,6,7,6,6,5,7,6,7,5,7,4,7,4,7,3,7,3,7,2,6,1,6,0,6,-1,6,-1,6,0,0,0,0,0,0,0,0,0,0,0,0,0,0,-60,67,-56,62,-49,65,-44,54,-50,60,-43,51,-41,50,-43,54,-33,44,-28,43,-26,45,-20,38,-21,40,-17,40,-14,32,-10,39,-7,36,-3,33,2,32,4,32,8,28,11,29,15,23,14,27,10,24,23,28,21,24,31,20,30,25,36,27,41,26,40,26,36,29,36,30,43,27,41,32,43,35,45,36,38,37,41,41,37,39,42,37,35,42,37,43,35,40,32,43,25,44,26,40,22,36,19,43,19,44,13,40,10,41,5,37,-1,36,1,37,-5,33,0,0,0,0,0,0,0,0,0,0,0,0,0,0,0,0,0,0,0,0,0,0,12,-61,19,-58,26,-57,26,-53,30,-53,30,-49,28,-46,32,-42,36,-44,30,-45,31,-42,28,-40,28,-40,29,-41,29,-37,25,-37,17,-36,22,-35,16,-33,16,-35,18,-35,13,-42,7,-36,8,-35,5,-35,-5,-38,-3,-34,-4,-41,-5,-38,-6,-42,-11,-36,-18,-41,-18,-42,-21,-41,-22,-43,-24,-37,-26,-37,-29,-41,-30,-37,-40,-38,-39,-36,-44,-35,-42,-34,-51,-35,-48,-34,-52,-38,-60,-40,-63,-32,-67,-40,-68,-41,-72,-38,-77,-35,-75,-44,-70,-40,-82,-45,-79,-46,-79,-51,0,0]"
CSI_DATA,223,1a:00:00:00:00:00,-47,11,1,0,1,1,1,0,0,0,1,-96,0,11,2,3280367,0,44,0,384,0,"[0,0,0,0,0,0,0,0,0,0,0,0,11,6,10,5,11,5,11,4,10,4,9,3,9,3,7,2,7,2,7,1,7,0,6,0,6,-1,5,-1,5,-1,5,-3,4,-3,4,-3,4,-4,4,-5,4,-5,4,-5,3,-6,3,-6,3,-7,3,-8,0,0,3,-9,3,-9,3,-9,3,-9,4,-9,4,-9,4,-9,4,-9,5,-9,5,-9,6,-9,6,-8,6,-8,6,-8,6,-7,7,-7,7,-7,6,-7,6,-6,6,-5,6,-4,7,-4,7,-3,7,-3,6,-1,5,-1,0,0,0,0,0,0,0,0,0,0,0,0,0,0,80,25,77,26,79,20,75,21,68,25,64,24,63,13,58,15,55,13,48,11,45,9,46,7,45,3,40,2,42,-2,36,-4,38,-13,28,-11,24,-12,26,-19,22,-20,21,-16,20,-20,16,-23,18,-26,20,-27,11,-30,8,-39,13,-41,5,-43,7,-39,8,-47,10,-47,15,-49,8,-51,17,-53,13,-53,16,-55,21,-55,20,-53,17,-53,23,-52,22,-52,25,-50,23,-43,27,-43,26,-41,29,-43,26,-34,35,-30,34,-31,29,-31,33,-28,37,-22,35,-18,34,-14,32,-8,0,0,0,0,0,0,0,0,0,0,0,0,0,0,0,0,0,0,0,0,0,0,-61,3,-61,-5,-60,-3,-59,-8,-57,-14,-57,-16,-49,-15,-52,-20,-53,-22,-50,-21,-48,-21,-48,-18,-48,-17,-39,-19,-42,-17,-40,-14,-44,-9,-37,-11,-39,-5,-38,-7,-35,-4,-38,1,-37,-1,-37,7,-31,5,-36,17,-32,7,-34,14,-35,18,-33,22,-29,23,-31,22,-32,27,-28,27,-33,30,-31,33,-28,34,-28,41,-25,42,-20,46,-24,47,-20,56,-16,54,-16,58,-13,58,-17,64,-15,64,-14,65,-14,74,-9,81,-9,80,-10,83,-16,84,-16,84,-17,89,-17,89,-16,91,0,0]"
CSI_DATA,224,1a:00:00:00:00:00,-47,11,1,0,1,1,1,0,0,0,1,-96,0,11,2,3300157,0,44,0,384,0,"[0,0,0,0,0,0,0,0,0,0,0,0,-12,6,-12,6,-10,5,-11,5,-10,5,-9,5,-8,5,-7,5,-7,5,-6,4,-5,5,-4,5,-4,5,-3,5,-3,5,-2,5,-1,6,0,6,0,5,0,5,1,5,2,5,2,5,3,5,4,6,4,6,0,0,5,7,5,7,5,7,6,7,5,7,5,8,5,8,5,8,5,9,5,9,5,9,4,9,4,8,3,9,3,8,3,9,2,8,2,8,1,8,1,8,1,8,0,7,-1,7,-2,6,-2,6,-3,6,0,0,0,0,0,0,0,0,0,0,0,0,0,0,-84,16,-84,12,-79,17,-75,14,-72,12,-66,16,-66,10,-60,10,-61,10,-50,19,-49,22,-42,19,-41,16,-36,17,-34,17,-30,22,-28,25,-23,26,-20,24,-14,26,-12,28,-7,29,-4,29,-6,32,1,34,4,35,7,33,9,34,13,37,13,39,14,36,19,44,13,49,19,48,20,48,16,56,20,51,22,52,14,53,13,54,15,57,11,56,7,58,7,59,5,54,3,56,3,52,1,51,0,50,-4,48,-7,46,-8,42,-11,40,-18,38,-21,31,-24,28,-21,26,0,0,0,0,0,0,0,0,0,0,0,0,0,0,0,0,0,0,0,0,0,0,61,-23,59,-17,63,-14,61,-12,61,-8,61,2,53,-3,57,-2,57,-4,55,3,53,3,50,7,51,0,49,6,43,0,44,0,42,-4,43,-4,40,-4,34,-6,35,-12,29,-13,36,-16,32,-15,31,-16,23,-24,27,-25,23,-28,22,-30,22,-34,19,-35,20,-43,15,-40,17,-44,10,-47,12,-43,10,-43,9,-48,5,-53,-1,-56,-2,-58,-10,-55,-5,-60,-12,-63,-11,-61,-15,-61,-19,-64,-25,-68,-29,-69,-29,-78,-22,-78,-29,-85,-24,-88,-27,-84,-28,-91,-27,-91,-24,-90,0,0]"
CSI_DATA,225,1a:00:00:00:00:00,-47,11,1,0,1,1,1,0,0,0,1,-96,0,11,2,3320371,0,44,0,384,0,"[0,0,0,0,0,0,0,0,0,0,0,0,13,-1,12,-1,11,-2,12,-1,10,-1,9,-2,8,-2,7,-2,7,-3,6,-2,6,-3,5,-4,5,-4,4,-4,4,-4,2,-5,2,-6,2,-5,1,-6,1,-6,0,-6,-1,-7,-1,-7,-1,-7,-2,-8,-2,-8,0,0,-3,-9,-2,-9,-3,-10,-3,-9,-3,-10,-3,-11,-3,-11,-2,-11,-2,-11,-2,-11,-2,-11,-1,-10,-1,-10,0,-10,-1,-10,0,-10,0,-9,1,-10,1,-9,1,-9,2,-8,3,-8,3,-7,3,-7,4,-6,4,-5,0,0,0,0,0,0,0,0,0,0,0,0,0,0,40,6,41,7,38,4,34,6,36,6,30,4,31,4,28,1,27,2,23,2,22,-1,22,-2,22,-3,19,-5,17,-5,16,-6,16,-8,14,-9,11,-9,11,-11,9,-13,9,-12,6,-14,5,-15,5,-16,3,-16,1,-19,-2,-18,0,-18,-1,-21,-2,-22,-3,-26,-2,-24,-4,-26,-4,-23,-2,-29,-1,-27,-3,-28,1,-28,1,-28,-1,-28,5,-28,3,-27,5,-29,5,-26,4,-26,6,-24,6,-25,6,-23,7,-22,10,-22,9,-20,12,-19,12,-18,12,-15,13,-14,14,-10,0,0,0,0,0,0,0,0,0,0,0,0,0,0,0,0,0,0,0,0,0,0,-31,-2,-29,-4,-31,-8,-28,-7,-30,-11,-26,-11,-26,-12,-24,-14,-27,-14,-26,-14,-24,-13,-22,-11,-23,-11,-19,-10,-18,-10,-21,-11,-20,-6,-17,-8,-18,-4,-19,-4,-18,-2,-19,-2,-16,0,-18,1,-16,2,-16,4,-17,6,-17,7,-16,9,-17,10,-16,11,-15,13,-14,14,-14,15,-16,15,-14,16,-13,20,-11,20,-10,21,-10,23,-9,24,-6,25,-7,27,-6,29,-5,28,-6,32,-4,35,-2,33,-2,37,-4,40,-1,37,0,42,-2,43,-3,42,-2,46,-1,44,-4,46,0,0]"
CSI_DATA,226,1a:00:00:00:00:00,-47,11,1,0,1,1,1,0,0,0,1,-96,0,11,2,3331509,0,44,0,384,0,"[0,0,0,0,0,0,0,0,0,0,0,0,5,11,5,10,6,10,5,9,5,8,5,7,5,7,5,6,4,6,5,5,4,5,5,3,5,3,5,2,5,1,5,1,5,0,5,-1,5,-2,5,-2,5,-2,5,-3,5,-3,5,-4,6,-5,5,-6,0,0,6,-6,7,-7,7,-7,7,-7,7,-7,8,-7,8,-7,8,-7,8,-7,8,-6,9,-6,9,-6,9,-6,9,-5,9,-4,8,-4,9,-4,8,-3,8,-2,8,-2,8,-1,7,-2,7,0,7,0,6,1,5,1,0,0,0,0,0,0,0,0,0,0,0,0,0,0,43,76,41,71,46,67,38,61,41,64,34,59,35,51,33,54,35,46,34,44,34,35,29,32,31,33,27,27,30,19,30,15,32,14,27,7,28,6,28,2,33,-3,29,-7,30,-7,28,-11,31,-12,30,-17,26,-20,28,-27,30,-28,29,-32,28,-32,34,-35,31,-36,37,-45,37,-39,44,-40,35,-43,41,-42,45,-40,43,-36,39,-38,46,-39,44,-39,50,-37,46,-28,47,-27,48,-30,46,-23,45,-17,46,-20,43,-19,42,-13,43,-13,44,-5,38,-1,40,2,34,9,0,0,0,0,0,0,0,0,0,0,0,0,0,0,0,0,0,0,0,0,0,0,-35,-55,-28,-57,-27,-57,-21,-62,-14,-59,-11,-59,-16,-57,-13,-56,-7,-59,-9,-56,-5,-54,-6,-49,-13,-47,-5,-46,-7,-45,-8,-44,-13,-41,-13,-40,-15,-34,-13,-31,-15,-26,-17,-27,-19,-24,-22,-22,-24,-26,-24,-20,-29,-18,-33,-13,-33,-12,-40,-15,-38,-7,-44,-8,-41,-6,-44,-7,-46,-3,-46,4,-46,4,-51,8,-47,8,-49,17,-49,17,-50,23,-55,26,-54,31,-56,34,-53,32,-59,39,-59,43,-63,43,-65,49,-66,50,-69,53,-78,49,-68,53,-79,51,-78,54,-78,48,0,0]"
CSI_DATA,227,1a:00:00:00:00:00,-47,11,1,0,1,1,1,0,0,0,1,-96,0,11,2,3340214,0,44,0,384,0,"[0,0,0,0,0,0,0,0,0,0,0,0,-8,-11,-7,-11,-8,-10,-8,-10,-7,-9,-6,-8,-7,-8,-6,-7,-6,-6,-7,-5,-6,-5,-7,-4,-6,-3,-6,-2,-6,-2,-6,0,-6,0,-6,0,-6,1,-6,2,-6,2,-6,3,-5,3,-6,4,-6,5,-6,5,0,0,-6,6,-7,7,-7,7,-7,7,-7,7,-8,7,-8,7,-8,7,-9,7,-9,6,-9,6,-9,6,-9,5,-9,5,-9,4,-9,4,-9,4,-8,3,-9,3,-9,3,-9,2,-9,1,-9,0,-8,0,-7,-2,-7,-2,0,0,0,0,0,0,0,0,0,0,0,0,0,0,-44,-70,-48,-71,-48,-66,-45,-64,-44,-61,-39,-53,-42,-54,-33,-43,-36,-43,-31,-40,-35,-37,-32,-30,-36,-29,-35,-23,-35,-22,-30,-15,-33,-12,-31,-5,-27,-3,-29,-4,-32,6,-33,2,-29,9,-29,11,-27,14,-27,16,-33,18,-26,27,-28,30,-30,33,-27,33,-31,35,-31,39,-34,40,-35,44,-37,41,-42,44,-40,39,-45,38,-43,40,-44,40,-47,38,-47,35,-46,37,-47,30,-49,29,-46,22,-52,26,-42,19,-46,16,-45,11,-44,12,-42,10,-44,4,-44,4,-37,-4,-35,-10,0,0,0,0,0,0,0,0,0,0,0,0,0,0,0,0,0,0,0,0,0,0,39,46,36,48,32,55,30,51,28,56,17,55,17,52,15,53,17,55,15,52,18,54,12,49,14,48,12,46,11,36,13,41,19,38,14,36,13,28,17,29,10,25,20,28,21,22,25,19,30,18,28,16,31,13,34,11,38,8,38,6,37,6,44,3,44,3,40,-1,43,-4,43,-3,49,-8,45,-15,44,-15,50,-29,45,-24,52,-31,50,-30,50,-36,48,-37,55,-40,58,-37,55,-48,55,-50,62,-55,56,-56,62,-63,66,-57,71,-58,66,-63,67,-62,71,-58,0,0]"
CSI_DATA,228,1a:00:00:00:00:00,-47,11,1,0,1,1,1,0,0,0,1,-96,0,11,2,3350166,0,44,0,384,0,"[0,0,0,0,0,0,0,0,0,0,0,0,-10,-10,-9,-9,-10,-8,-9,-8,-9,-7,-8,-6,-8,-6,-7,-5,-7,-5,-7,-4,-7,-3,-7,-3,-7,-2,-6,-1,-6,-1,-6,0,-5,1,-5,1,-6,2,-6,2,-5,2,-5,4,-5,4,-5,4,-5,5,-5,6,0,0,-5,6,-6,7,-6,7,-6,7,-7,7,-7,8,-7,7,-8,7,-7,7,-8,6,-8,7,-9,6,-9,6,-9,5,-8,4,-9,4,-9,4,-8,4,-9,3,-8,3,-8,1,-8,1,-8,0,-8,0,-7,-1,-6,-2,0,0,0,0,0,0,0,0,0,0,0,0,0,0,-66,-63,-56,-62,-56,-50,-58,-55,-49,-50,-48,-48,-53,-55,-47,-38,-41,-36,-40,-31,-38,-28,-42,-25,-41,-24,-36,-16,-33,-12,-31,-9,-38,-5,-34,-1,-29,-1,-33,7,-28,7,-27,11,-26,18,-27,18,-27,15,-27,21,-22,26,-23,34,-26,31,-23,35,-23,36,-27,38,-29,39,-27,41,-31,47,-33,46,-36,47,-35,44,-37,44,-41,41,-44,44,-38,42,-43,39,-46,38,-42,32,-41,35,-45,31,-46,32,-41,22,-47,21,-44,19,-43,18,-43,16,-43,8,-40,5,-41,-1,-32,-7,0,0,0,0,0,0,0,0,0,0,0,0,0,0,0,0,0,0,0,0,0,0,54,29,51,33,51,38,45,39,43,43,37,43,39,42,36,43,38,46,34,44,35,41,31,37,36,40,28,37,22,34,26,34,29,32,25,27,26,27,23,23,24,22,28,18,29,13,32,13,30,6,33,4,33,2,32,-4,37,-7,37,-8,37,-8,38,-9,37,-13,40,-19,41,-18,41,-19,41,-23,38,-26,41,-32,36,-36,40,-34,38,-43,41,-39,37,-47,38,-42,41,-59,43,-61,41,-60,42,-63,45,-63,45,-73,42,-68,54,-71,49,-75,52,-76,54,-73,54,-71,0,0]"
CSI_DATA,229,1a:00:00:00:00:00,-47,11,1,0,1,1,1,0,0,0,1,-96,0,11,2,3360169,0,44,0,384,0,"[0,0,0,0,0,0,0,0,0,0,0,0,7,-11,6,-11,5,-11,6,-10,4,-9,4,-9,3,-9,3,-8,2,-8,2,-7,1,-7,0,-7,-1,-6,-1,-6,-1,-6,-3,-6,-3,-5,-4,-5,-4,-5,-4,-4,-5,-4,-5,-4,-6,-4,-7,-3,-7,-3,-8,-3,0,0,-9,-3,-9,-3,-10,-3,-10,-3,-10,-4,-10,-4,-11,-4,-10,-4,-11,-4,-10,-5,-11,-5,-9,-5,-9,-5,-9,-5,-9,-6,-9,-6,-8,-6,-8,-6,-7,-6,-7,-6,-6,-7,-5,-7,-5,-7,-4,-7,-3,-7,-2,-6,0,0,0,0,0,0,0,0,0,0,0,0,0,0,52,-69,55,-64,47,-68,42,-63,41,-59,36,-55,35,-56,32,-53,31,-44,22,-45,16,-44,16,-41,14,-42,12,-36,11,-40,2,-35,-5,-34,-5,-32,-6,-28,-8,-28,-17,-28,-12,-26,-19,-24,-22,-21,-27,-18,-25,-19,-32,-16,-34,-17,-40,-14,-44,-17,-44,-11,-48,-12,-48,-15,-53,-11,-50,-14,-53,-20,-54,-15,-56,-18,-56,-21,-57,-23,-53,-26,-55,-28,-50,-26,-49,-26,-45,-34,-46,-28,-45,-33,-46,-31,-41,-33,-36,-34,-33,-35,-31,-32,-26,-35,-27,-36,-18,-37,-15,-36,-12,-35,0,0,0,0,0,0,0,0,0,0,0,0,0,0,0,0,0,0,0,0,0,0,-38,48,-44,43,-46,43,-50,37,-52,33,-53,32,-49,33,-52,29,-51,27,-52,24,-50,20,-44,23,-48,27,-43,19,-38,16,-37,19,-38,21,-31,21,-29,25,-26,22,-20,23,-20,25,-17,26,-16,31,-15,26,-7,31,-5,31,-2,33,-6,32,2,36,1,35,2,40,10,44,10,37,13,40,24,41,21,42,25,39,27,35,33,45,30,38,43,43,42,38,47,36,49,34,54,37,53,37,59,40,64,34,70,44,69,46,71,41,74,45,74,48,74,49,79,49,80,51,0,0]"
CSI_DATA,230,1a:00:00:00:00:00,-47,11,1,0,1,1,1,0,0,0,1,-96,0,11,2,3370286,0,44,0,384,0,"[0,0,0,0,0,0,0,0,0,0,0,0,-6,-13,-6,-11,-6,-11,-6,-11,-6,-10,-5,-9,-5,-8,-5,-8,-5,-7,-6,-6,-5,-5,-6,-4,-5,-4,-5,-3,-5,-2,-6,-2,-6,-1,-6,-1,-6,0,-6,1,-6,1,-6,2,-6,2,-7,4,-7,4,-6,4,0,0,-7,5,-8,6,-8,5,-9,6,-9,6,-9,6,-9,6,-9,6,-10,5,-10,4,-10,4,-10,4,-10,4,-9,3,-10,3,-10,2,-10,2,-9,2,-9,1,-9,1,-9,0,-9,0,-9,-1,-8,-2,-7,-3,-6,-3,0,0,0,0,0,0,0,0,0,0,0,0,0,0,-44,-73,-44,-70,-41,-66,-39,-67,-39,-66,-34,-52,-37,-51,-35,-51,-33,-45,-30,-39,-34,-35,-30,-36,-39,-28,-32,-24,-30,-23,-28,-15,-34,-13,-27,-10,-30,-6,-31,2,-31,3,-26,1,-28,7,-30,12,-28,12,-29,19,-29,21,-30,22,-32,24,-27,31,-31,34,-35,37,-34,35,-30,37,-37,42,-43,39,-41,39,-40,41,-41,39,-45,43,-42,39,-49,35,-47,30,-50,34,-46,30,-50,27,-51,26,-48,25,-45,18,-45,15,-44,16,-48,18,-44,8,-45,1,-40,0,-38,-6,-38,-12,0,0,0,0,0,0,0,0,0,0,0,0,0,0,0,0,0,0,0,0,0,0,35,50,32,53,31,58,24,54,20,56,14,54,18,50,12,54,12,54,9,50,11,51,11,53,12,48,9,47,2,41,8,40,13,38,8,37,13,35,12,33,17,29,18,27,22,25,23,22,23,17,28,14,25,16,35,11,35,7,35,5,35,3,41,1,39,-1,41,-1,44,-5,43,-4,47,-6,44,-10,48,-13,49,-21,44,-23,46,-26,51,-26,50,-32,43,-33,54,-39,54,-41,49,-48,59,-48,62,-56,64,-50,66,-58,67,-57,69,-58,72,-56,72,-54,73,-59,0,0]"
CSI_DATA,231,1a:00:00:00:00:00,-47,11,1,0,1,1,1,0,0,0,1,-96,0,11,2,3381670,0,44,0,384,0,"[0,0,0,0,0,0,0,0,0,0,0,0,9,8,9,7,8,7,8,7,7,6,7,5,7,4,7,4,6,3,6,3,6,2,6,1,6,0,5,0,5,-1,5,-2,5,-2,4,-2,4,-3,4,-4,4,-4,4,-5,3,-5,4,-6,4,-6,3,-7,0,0,4,-8,4,-8,4,-9,4,-9,5,-9,5,-9,5,-9,5,-9,6,-9,6,-8,6,-8,7,-8,7,-8,7,-8,7,-7,7,-6,7,-6,7,-5,7,-5,7,-5,7,-4,7,-3,7,-3,7,-2,6,-1,5,0,0,0,0,0,0,0,0,0,0,0,0,0,0,0,59,67,54,60,63,55,51,55,48,57,44,51,47,47,45,42,39,35,37,34,39,30,35,29,35,24,31,20,31,17,31,12,32,5,28,2,27,-1,30,-1,31,-9,26,-9,29,-16,24,-20,23,-18,22,-24,26,-25,27,-34,25,-30,24,-40,24,-34,26,-40,27,-43,28,-43,29,-46,36,-46,33,-51,36,-51,36,-49,39,-44,41,-46,41,-41,42,-42,44,-40,44,-39,39,-38,46,-32,44,-32,43,-28,40,-23,44,-23,45,-20,41,-19,38,-13,42,-5,40,-2,33,6,0,0,0,0,0,0,0,0,0,0,0,0,0,0,0,0,0,0,0,0,0,0,-49,-44,-40,-45,-40,-50,-37,-55,-27,-53,-28,-55,-26,-51,-26,-55,-24,-56,-20,-50,-16,-50,-18,-49,-17,-51,-18,-46,-13,-43,-14,-41,-18,-36,-17,-30,-22,-26,-21,-30,-22,-29,-23,-20,-25,-17,-27,-20,-26,-14,-30,-12,-32,-11,-35,-10,-37,-7,-42,-1,-36,-1,-39,-2,-45,10,-41,18,-42,11,-40,17,-48,10,-45,19,-46,22,-45,27,-45,28,-45,36,-47,37,-50,42,-45,42,-53,50,-50,49,-47,54,-50,56,-52,62,-56,66,-54,67,-60,64,-59,69,-67,71,-65,72,-64,69,0,0]"
CSI_DATA,232,1a:00:00:00:00:00,-47,11,1,0,1,1,1,0,0,0,1,-96,0,11,2,3390228,0,44,0,384,0,"[0,0,0,0,0,0,0,0,0,0,0,0,6,-13,4,-13,3,-11,3,-11,3,-10,3,-9,2,-10,2,-9,1,-9,0,-8,0,-7,-1,-7,-1,-6,-2,-6,-2,-5,-3,-6,-4,-5,-4,-5,-4,-4,-5,-4,-5,-4,-6,-4,-6,-3,-7,-3,-8,-3,-8,-3,0,0,-9,-3,-9,-3,-10,-3,-10,-3,-10,-3,-10,-3,-10,-4,-10,-4,-10,-5,-10,-5,-10,-6,-9,-5,-9,-6,-9,-6,-9,-7,-8,-7,-8,-7,-7,-6,-7,-7,-6,-7,-5,-7,-5,-7,-4,-7,-3,-7,-2,-8,-2,-7,0,0,0,0,0,0,0,0,0,0,0,0,0,0,33,-78,34,-73,25,-69,28,-67,26,-72,20,-61,23,-61,21,-58,18,-54,15,-49,10,-50,8,-49,3,-46,7,-41,-2,-38,-5,-37,-7,-32,-12,-28,-13,-29,-18,-26,-22,-28,-18,-22,-24,-22,-28,-16,-24,-13,-31,-14,-34,-12,-35,-12,-36,-11,-45,-11,-43,-6,-51,-9,-42,-12,-53,-13,-50,-8,-59,-21,-55,-13,-54,-13,-57,-16,-57,-18,-52,-18,-50,-21,-48,-27,-55,-25,-48,-28,-49,-24,-45,-27,-44,-33,-41,-31,-39,-34,-35,-32,-32,-30,-29,-35,-21,-35,-18,-34,-14,-32,-9,-35,0,0,0,0,0,0,0,0,0,0,0,0,0,0,0,0,0,0,0,0,0,0,-14,60,-18,61,-23,56,-29,58,-31,51,-30,48,-29,49,-35,45,-34,46,-34,39,-35,43,-30,35,-31,42,-31,35,-32,29,-27,31,-19,33,-19,30,-20,31,-14,28,-13,29,-10,33,-3,27,-2,28,0,30,10,31,6,29,12,27,13,31,20,35,16,28,21,33,24,33,27,30,27,29,31,31,35,25,36,29,41,28,42,23,47,27,48,23,54,23,54,17,58,18,59,9,62,17,67,10,70,16,78,14,75,18,83,20,85,24,76,21,87,27,88,22,83,23,0,0]"
CSI_DATA,233,1a:00:00:00:00:00,-47,11,1,0,1,1,1,0,0,0,1,-96,0,11,2,3410145,0,44,0,384,0,"[0,0,0,0,0,0,0,0,0,0,0,0,4,-13,3,-12,3,-12,2,-12,2,-10,2,-10,1,-10,1,-9,0,-8,0,-8,0,-8,-1,-7,-2,-7,-2,-6,-3,-5,-3,-6,-4,-5,-4,-5,-4,-4,-5,-4,-5,-4,-6,-3,-6,-3,-7,-3,-8,-3,-8,-3,0,0,-8,-3,-10,-3,-9,-3,-10,-3,-10,-3,-10,-3,-10,-3,-10,-3,-11,-4,-10,-4,-10,-5,-9,-5,-9,-5,-9,-6,-9,-6,-8,-6,-8,-6,-8,-6,-7,-6,-7,-6,-6,-7,-5,-7,-4,-7,-4,-7,-2,-7,-2,-7,0,0,0,0,0,0,0,0,0,0,0,0,0,0,24,-87,30,-78,17,-78,26,-71,24,-66,20,-66,19,-55,15,-63,16,-55,10,-56,11,-54,9,-47,7,-45,-2,-38,0,-41,-6,-40,-9,-37,-11,-30,-16,-31,-17,-28,-21,-21,-19,-21,-23,-19,-29,-17,-25,-16,-28,-14,-31,-11,-35,-9,-39,-12,-46,-10,-44,-8,-50,-9,-52,-14,-54,-6,-53,-12,-54,-15,-56,-11,-57,-14,-58,-19,-58,-15,-55,-19,-57,-22,-53,-25,-57,-26,-52,-28,-52,-25,-46,-29,-47,-28,-44,-27,-42,-27,-38,-33,-34,-33,-32,-31,-24,-36,-21,-33,-18,-37,-10,-36,0,0,0,0,0,0,0,0,0,0,0,0,0,0,0,0,0,0,0,0,0,0,-9,66,-15,62,-20,59,-23,59,-25,55,-29,55,-31,48,-29,48,-30,49,-27,45,-36,41,-31,42,-27,42,-28,35,-26,29,-24,31,-22,32,-19,27,-14,30,-13,29,-7,27,-7,32,-3,24,0,29,5,26,8,29,10,27,15,29,12,32,21,30,19,26,21,30,29,32,29,28,34,34,39,28,36,26,38,26,42,21,46,22,52,21,50,17,54,20,58,15,59,14,67,18,69,13,68,12,73,14,80,9,80,13,88,9,85,14,86,16,88,23,95,18,94,20,0,0]"
CSI_DATA,234,1a:00:00:00:00:00,-47,11,1,0,1,1,1,0,0,0,1,-96,0,11,2,3420113,0,44,0,384,0,"[0,0,0,0,0,0,0,0,0,0,0,0,8,-11,7,-11,7,-10,6,-10,6,-9,6,-9,5,-9,4,-8,3,-8,2,-7,2,-7,1,-7,0,-7,0,-6,-1,-6,-2,-6,-2,-6,-3,-6,-3,-5,-4,-5,-4,-5,-5,-4,-5,-5,-7,-4,-6,-5,-7,-4,0,0,-8,-4,-9,-5,-9,-5,-10,-5,-10,-5,-10,-6,-9,-6,-9,-6,-10,-6,-10,-7,-9,-7,-8,-7,-8,-7,-8,-7,-8,-7,-7,-7,-7,-8,-7,-7,-6,-8,-5,-8,-5,-8,-4,-8,-3,-8,-2,-8,-1,-8,-1,-7,0,0,0,0,0,0,0,0,0,0,0,0,0,0,55,-61,57,-63,51,-61,46,-58,47,-58,42,-55,38,-52,38,-51,37,-48,30,-50,22,-44,16,-43,18,-42,13,-39,11,-36,10,-38,3,-38,4,-35,-5,-34,-6,-32,-10,-31,-10,-30,-16,-26,-21,-29,-24,-24,-25,-25,-24,-22,-29,-20,-29,-26,-38,-26,-42,-22,-39,-27,-41,-25,-48,-25,-47,-23,-47,-28,-50,-29,-52,-28,-46,-32,-48,-36,-45,-34,-43,-40,-40,-38,-43,-38,-38,-39,-36,-39,-36,-38,-33,-43,-26,-36,-27,-41,-26,-42,-22,-40,-19,-41,-10,-41,-9,-41,-4,-36,-1,-35,0,0,0,0,0,0,0,0,0,0,0,0,0,0,0,0,0,0,0,0,0,0,-39,54,-41,45,-45,48,-47,43,-53,36,-49,34,-45,28,-49,29,-49,30,-50,27,-46,22,-44,21,-50,21,-42,23,-35,17,-33,18,-29,22,-31,15,-25,16,-19,18,-19,17,-16,24,-14,23,-13,25,-7,25,-6,29,-4,30,2,30,2,33,7,31,7,33,8,40,11,38,14,37,17,42,24,37,24,42,26,41,31,37,31,37,33,38,44,41,42,39,46,41,47,34,56,40,58,38,61,38,60,40,72,41,69,50,72,44,75,49,78,52,82,52,76,53,76,56,0,0]"
CSI_DATA,235,1a:00:00:00:00:00,-48,11,1,0,1,1,1,0,0,0,1,-96,0,11,2,3450161,0,44,0,384,0,"[0,0,0,0,0,0,0,0,0,0,0,0,1,-14,0,-14,-1,-13,0,-12,-1,-11,0,-11,-1,-10,-2,-9,-1,-9,-2,-7,-2,-8,-3,-7,-3,-6,-4,-5,-4,-5,-4,-5,-5,-4,-5,-4,-6,-3,-5,-3,-7,-2,-7,-2,-6,-1,-7,-2,-8,-1,-9,-1,0,0,-9,0,-10,-1,-10,0,-10,0,-10,-1,-11,-1,-11,-1,-11,-1,-11,-1,-11,-2,-11,-3,-10,-3,-10,-3,-10,-3,-10,-4,-9,-5,-9,-4,-8,-5,-8,-5,-8,-5,-7,-6,-6,-5,-6,-6,-5,-6,-4,-7,-3,-6,0,0,0,0,0,0,0,0,0,0,0,0,0,0,4,-45,5,-42,2,-44,0,-40,0,-39,3,-35,0,-34,-1,-34,-3,-27,-2,-28,-4,-24,-4,-24,-6,-24,-6,-20,-6,-20,-7,-17,-8,-17,-10,-14,-10,-14,-12,-12,-13,-10,-13,-8,-14,-6,-15,-5,-15,-4,-16,-5,-17,-2,-19,0,-19,0,-25,3,-24,1,-25,2,-24,1,-25,2,-26,3,-27,2,-27,0,-30,3,-28,0,-30,-1,-31,-1,-28,-4,-26,-4,-28,-4,-26,-6,-27,-5,-25,-8,-25,-7,-25,-9,-22,-12,-21,-10,-21,-12,-21,-13,-17,-14,-14,-16,-12,-15,-10,-16,0,0,0,0,0,0,0,0,0,0,0,0,0,0,0,0,0,0,0,0,0,0,3,30,1,31,-1,31,-3,31,-5,28,-4,28,-7,27,-7,26,-8,25,-7,25,-11,22,-9,22,-7,23,-10,23,-7,19,-7,17,-4,18,-4,16,-1,16,-2,15,1,12,3,14,4,14,7,13,6,14,10,11,10,10,11,14,11,12,15,10,14,11,21,11,17,12,18,7,20,7,21,8,22,9,25,8,22,5,26,6,25,4,28,0,30,2,30,0,30,-2,37,-4,34,-5,35,-5,39,-6,41,-7,42,-6,46,-5,47,-5,44,-4,46,-4,47,-5,46,-1,0,0]"
CSI_DATA,236,1a:00:00:00:00:00,-48,11,1,0,1,1,1,0,0,0,1,-96,0,11,2,3461252,0,44,0,384,0,"[0,0,0,0,0,0,0,0,0,0,0,0,-6,-14,-6,-12,-7,-12,-7,-12,-6,-11,-5,-9,-6,-9,-5,-8,-5,-7,-6,-7,-6,-6,-6,-5,-6,-4,-6,-3,-6,-3,-6,-2,-6,-2,-5,-1,-6,0,-6,0,-7,0,-6,1,-6,1,-7,3,-8,3,-7,3,0,0,-8,4,-9,4,-9,4,-9,4,-9,5,-9,5,-9,5,-10,5,-10,4,-10,4,-11,3,-11,3,-10,3,-10,2,-10,2,-10,1,-10,1,-9,1,-9,0,-9,0,-9,-2,-8,-1,-8,-2,-7,-3,-6,-4,-6,-4,0,0,0,0,0,0,0,0,0,0,0,0,0,0,-25,-87,-24,-76,-29,-74,-22,-71,-26,-67,-23,-66,-20,-61,-27,-59,-24,-53,-24,-52,-26,-45,-22,-40,-24,-41,-23,-30,-27,-30,-24,-21,-25,-23,-27,-20,-31,-13,-31,-10,-32,-7,-29,-10,-32,1,-32,2,-31,7,-33,9,-34,11,-34,17,-34,18,-36,20,-36,15,-40,22,-40,20,-44,27,-40,24,-50,22,-50,20,-53,22,-50,24,-52,22,-51,18,-50,14,-52,18,-53,17,-53,11,-51,9,-51,6,-51,6,-50,0,-46,0,-45,-3,-43,-7,-41,-7,-37,-9,-38,-14,-33,-17,-28,-21,0,0,0,0,0,0,0,0,0,0,0,0,0,0,0,0,0,0,0,0,0,0,27,53,20,57,16,61,12,61,9,58,4,56,1,55,3,54,3,56,-3,51,-4,52,-3,44,0,43,1,38,-7,37,-2,36,4,38,6,32,3,29,8,30,15,20,10,22,14,25,23,20,23,19,24,16,28,15,27,15,34,13,34,13,37,10,42,10,42,3,42,6,40,6,45,4,48,-1,48,-4,51,-7,51,-11,53,-13,53,-16,57,-22,61,-25,60,-22,53,-30,61,-30,64,-33,69,-33,67,-34,71,-40,78,-46,83,-43,79,-35,81,-43,82,-39,82,-36,0,0]"
CSI_DATA,237,1a:00:00:00:00:00,-48,11,1,0,1,1,1,0,0,0,1,-96,0,11,2,3480139,0,44,0,384,0,"[0,0,0,0,0,0,0,0,0,0,0,0,-5,13,-4,12,-3,11,-3,11,-3,10,-2,9,-1,9,-2,8,-1,8,0,7,0,7,0,6,1,6,1,5,2,4,3,5,3,4,3,3,3,3,4,3,4,3,5,2,5,2,6,1,7,1,6,1,0,0,7,1,8,1,9,1,9,1,9,1,9,1,10,2,9,2,10,3,9,3,9,4,9,3,8,4,8,4,7,5,7,5,7,5,6,5,6,5,5,6,5,6,4,5,4,5,3,6,2,6,1,5,0,0,0,0,0,0,0,0,0,0,0,0,0,0,-13,40,-15,39,-12,42,-13,34,-14,34,-14,33,-10,30,-11,31,-9,26,-6,27,-4,27,-7,22,-3,22,-2,20,-2,20,2,17,4,18,5,15,4,15,8,13,9,12,7,11,9,10,13,9,11,8,12,9,16,7,15,5,19,5,21,4,20,5,22,4,21,5,25,5,26,3,25,6,26,6,26,5,25,11,26,10,25,9,26,12,25,13,24,11,23,12,22,12,21,14,21,15,19,17,16,14,16,16,15,16,11,16,9,15,7,18,4,18,2,16,0,0,0,0,0,0,0,0,0,0,0,0,0,0,0,0,0,0,0,0,0,0,3,-30,5,-32,8,-30,10,-30,10,-28,13,-27,12,-26,13,-26,14,-25,13,-22,12,-22,12,-21,12,-21,12,-19,11,-17,8,-17,6,-17,9,-17,4,-16,5,-14,6,-14,-2,-16,-1,-12,-1,-15,-4,-14,-9,-16,-7,-14,-10,-15,-9,-15,-12,-17,-11,-13,-15,-15,-14,-14,-17,-12,-17,-15,-20,-14,-20,-11,-22,-11,-22,-13,-25,-9,-27,-12,-27,-9,-29,-9,-31,-7,-33,-7,-35,-4,-36,-4,-36,-6,-39,-5,-42,-7,-42,-7,-46,-6,-49,-10,-44,-7,-48,-9,-50,-11,-46,-9,0,0]"
CSI_DATA,238,1a:00:00:00:00:00,-48,11,1,0,1,1,1,0,0,0,1,-96,0,11,2,3490556,0,44,0,384,0,"[0,0,0,0,0,0,0,0,0,0,0,0,-8,-13,-7,-12,-8,-10,-7,-11,-7,-10,-6,-8,-6,-8,-6,-7,-6,-7,-6,-5,-6,-5,-6,-4,-6,-4,-6,-2,-6,-2,-6,-1,-6,-1,-6,0,-6,0,-6,1,-6,2,-6,2,-6,3,-6,4,-6,4,-6,5,0,0,-6,6,-7,6,-7,6,-7,6,-7,6,-8,7,-8,6,-8,6,-9,6,-8,6,-9,6,-9,6,-9,5,-9,5,-9,4,-10,4,-9,3,-9,3,-8,2,-8,2,-9,1,-8,0,-8,0,-8,0,-7,-2,-7,-3,0,0,0,0,0,0,0,0,0,0,0,0,0,0,-27,-82,-21,-83,-28,-74,-24,-74,-27,-71,-25,-68,-20,-64,-22,-60,-24,-52,-23,-46,-27,-43,-21,-43,-28,-41,-21,-33,-26,-31,-27,-22,-27,-21,-27,-18,-28,-11,-30,-10,-35,-8,-30,-4,-28,1,-31,2,-32,5,-36,10,-33,14,-33,18,-33,17,-40,22,-32,23,-38,28,-40,25,-37,31,-44,31,-49,32,-43,29,-51,31,-52,27,-50,30,-49,24,-49,28,-50,25,-51,20,-51,19,-53,21,-48,14,-51,18,-45,12,-48,12,-42,5,-43,1,-45,-4,-41,-5,-37,-6,-35,-11,-32,-17,0,0,0,0,0,0,0,0,0,0,0,0,0,0,0,0,0,0,0,0,0,0,17,66,9,60,4,61,3,58,-4,60,-7,53,-6,55,-8,56,-11,55,-12,52,-13,47,-7,44,-8,46,-14,44,-6,37,-4,36,-1,36,-4,32,2,29,5,28,7,27,5,24,12,23,19,20,19,23,26,19,27,17,32,17,30,15,32,16,31,14,39,13,38,13,41,10,46,8,48,4,45,5,49,-5,52,-5,50,-13,50,-11,57,-16,59,-15,65,-23,59,-23,68,-27,68,-29,67,-29,72,-33,76,-37,76,-37,81,-38,86,-36,80,-40,90,-41,84,-37,85,-32,0,0]"
CSI_DATA,239,1a:00:00:00:00:00,-48,11,1,0,1,1,1,0,0,0,1,-96,0,11,2,3500871,0,44,0,384,0,"[0,0,0,0,0,0,0,0,0,0,0,0,-14,-4,-14,-3,-13,-3,-13,-4,-12,-3,-11,-2,-10,-2,-10,-1,-9,-1,-8,0,-8,0,-7,1,-7,1,-6,2,-6,2,-5,3,-5,3,-4,3,-4,4,-4,5,-3,4,-3,5,-2,6,-2,6,-2,7,-1,7,0,0,-1,8,-1,9,-1,9,-2,10,-2,9,-2,10,-2,10,-2,10,-3,10,-3,10,-4,10,-4,10,-4,9,-5,9,-4,8,-5,8,-5,8,-5,7,-6,7,-5,6,-6,6,-6,5,-7,4,-7,4,-7,3,-6,2,0,0,0,0,0,0,0,0,0,0,0,0,0,0,-45,-9,-43,-10,-39,-7,-40,-7,-38,-8,-35,-8,-32,-4,-31,-4,-31,-3,-28,-5,-26,-1,-24,-1,-23,-1,-24,1,-18,2,-18,4,-17,8,-15,6,-15,7,-12,7,-9,9,-9,10,-9,13,-7,13,-6,12,-6,16,-5,16,-2,20,-1,19,-1,22,-2,19,0,24,-2,22,-1,25,2,26,-2,25,-3,26,-2,27,-6,29,-4,28,-5,26,-7,28,-6,26,-7,28,-10,24,-11,27,-11,23,-11,22,-10,20,-13,20,-13,19,-15,19,-14,16,-16,12,-16,11,-15,8,-16,7,0,0,0,0,0,0,0,0,0,0,0,0,0,0,0,0,0,0,0,0,0,0,32,-1,30,1,31,4,32,5,29,6,27,9,26,9,24,10,26,10,23,9,22,12,21,12,23,9,19,9,15,10,16,6,18,5,14,6,14,3,13,0,14,-1,15,-2,14,-4,11,-5,13,-6,13,-8,11,-9,12,-11,13,-13,13,-14,10,-15,12,-20,13,-18,14,-18,11,-21,11,-20,10,-23,8,-25,7,-26,6,-27,4,-28,5,-30,4,-31,1,-34,0,-32,0,-37,-2,-37,-2,-36,0,-39,0,-41,-1,-45,-3,-45,0,-48,3,-47,2,-49,0,-50,3,-49,0,0]"
CSI_DATA,240,1a:00:00:00:00:00,-48,11,1,0,1,1,1,0,0,0,1,-96,0,11,2,3510388,0,44,0,384,0,"[0,0,0,0,0,0,0,0,0,0,0,0,0,13,0,12,1,11,1,11,1,10,0,9,1,9,1,7,1,7,2,6,2,6,3,5,3,5,3,4,3,4,4,2,4,2,4,2,4,1,5,1,5,0,5,0,6,0,6,-1,7,-2,6,-2,0,0,7,-3,8,-3,9,-3,8,-3,9,-3,9,-2,9,-3,9,-2,10,-2,10,-1,10,-1,10,-1,9,0,9,0,9,0,9,0,8,1,8,1,8,2,7,2,7,3,6,2,6,3,5,3,4,4,3,4,0,0,0,0,0,0,0,0,0,0,0,0,0,0,-5,42,-4,41,0,38,-7,36,-6,39,-4,34,-3,30,-2,32,-1,28,1,28,0,24,1,23,3,23,3,21,1,17,7,17,8,13,9,13,8,11,9,10,12,9,10,8,13,6,14,4,13,5,14,1,17,4,16,-1,19,-1,19,-4,20,-1,22,-2,23,-1,22,-2,25,-3,27,0,26,1,28,-2,29,0,26,2,27,3,28,4,25,6,26,6,24,5,25,7,23,9,25,9,23,9,19,11,18,11,17,10,15,12,13,14,12,14,10,16,7,14,0,0,0,0,0,0,0,0,0,0,0,0,0,0,0,0,0,0,0,0,0,0,-8,-29,-2,-30,-1,-31,0,-30,1,-29,5,-28,4,-27,3,-26,6,-28,6,-25,6,-25,4,-23,8,-24,5,-20,7,-17,2,-19,1,-18,0,-16,0,-14,0,-15,-2,-14,-4,-12,-7,-14,-8,-12,-8,-12,-10,-12,-10,-11,-12,-11,-14,-9,-18,-10,-16,-10,-19,-9,-18,-10,-19,-9,-21,-7,-21,-7,-23,-7,-26,-6,-25,-3,-29,-4,-28,-2,-31,-1,-31,-1,-32,1,-32,3,-37,7,-36,5,-37,6,-37,7,-42,6,-44,6,-45,8,-48,4,-47,5,-49,4,-48,6,-47,-1,0,0]"
CSI_DATA,241,1a:00:00:00:00:00,-48,11,1,0,1,1,1,0,0,0,1,-96,0,11,2,3520381,0,44,0,384,0,"[0,0,0,0,0,0,0,0,0,0,0,0,-11,9,-11,9,-9,8,-9,8,-9,7,-7,7,-7,7,-5,7,-5,6,-4,6,-4,6,-3,6,-2,6,-1,5,-1,5,0,6,1,5,1,5,2,4,2,4,2,4,4,4,4,4,5,4,6,4,6,4,0,0,7,4,6,5,8,5,8,4,8,5,8,5,9,5,8,6,8,6,8,6,8,6,7,7,6,6,6,7,6,7,6,7,5,7,5,7,4,7,4,7,3,7,3,7,2,7,1,6,0,7,-1,6,0,0,0,0,0,0,0,0,0,0,0,0,0,0,-76,49,-79,46,-67,49,-62,43,-60,42,-59,42,-52,39,-52,37,-46,35,-44,36,-39,31,-33,32,-27,36,-30,34,-18,29,-16,31,-19,32,-10,30,-10,27,1,26,5,34,5,25,11,25,11,25,11,25,17,25,24,25,27,24,29,27,39,25,33,24,34,25,36,36,42,32,39,32,47,32,45,35,44,31,44,41,42,39,42,37,42,41,42,42,34,45,32,45,34,47,26,42,24,47,26,43,20,43,19,42,14,38,12,44,11,41,4,37,-1,36,-7,31,0,0,0,0,0,0,0,0,0,0,0,0,0,0,0,0,0,0,0,0,0,0,54,-36,55,-27,61,-25,60,-21,57,-17,55,-12,55,-16,52,-9,57,-6,51,-6,52,-4,45,-8,51,-8,40,-7,38,-6,34,-8,33,-8,29,-12,24,-11,27,-16,19,-16,26,-22,18,-18,17,-25,12,-24,8,-34,9,-34,5,-32,4,-30,1,-40,5,-41,1,-47,-7,-46,-2,-45,-9,-46,-12,-44,-12,-49,-22,-49,-17,-49,-29,-53,-31,-52,-33,-49,-36,-51,-41,-58,-43,-53,-45,-52,-46,-58,-56,-53,-58,-59,-58,-62,-64,-65,-69,-66,-58,-77,-61,-72,-61,-78,-65,-75,-57,-78,0,0]"
CSI_DATA,242,1a:00:00:00:00:00,-48,11,1,0,1,1,1,0,0,0,1,-96,0,11,2,3530879,0,44,0,384,0,"[0,0,0,0,0,0,0,0,0,0,0,0,3,13,3,12,4,11,3,11,3,10,3,9,3,8,3,7,3,7,3,5,3,6,4,4,3,4,4,3,4,3,4,2,5,1,5,1,5,0,5,0,5,-1,5,-1,6,-2,6,-2,6,-3,6,-4,0,0,8,-4,8,-4,9,-4,8,-4,8,-4,10,-4,9,-4,9,-3,9,-3,10,-3,10,-2,9,-1,9,-1,9,-1,9,0,9,0,9,0,9,1,8,1,8,1,7,2,6,2,6,3,5,3,4,4,3,4,0,0,0,0,0,0,0,0,0,0,0,0,0,0,27,77,22,79,23,75,19,72,20,75,17,64,20,61,18,54,17,52,16,45,23,42,21,42,21,38,22,36,21,26,23,27,26,25,27,16,25,17,26,10,26,9,28,9,24,0,29,2,27,0,27,-6,30,-11,35,-15,36,-11,34,-16,36,-15,42,-15,41,-18,44,-21,44,-26,50,-22,46,-26,49,-23,54,-18,50,-20,56,-18,51,-11,61,-8,55,-7,48,-9,55,-2,51,-4,51,-3,43,1,47,5,45,5,46,6,38,10,35,16,33,18,28,21,20,24,0,0,0,0,0,0,0,0,0,0,0,0,0,0,0,0,0,0,0,0,0,0,-31,-51,-27,-55,-28,-56,-17,-56,-17,-61,-13,-55,-12,-52,-7,-53,-10,-51,-6,-49,-9,-54,-7,-46,-2,-44,-7,-40,-1,-33,-7,-39,-13,-39,-7,-28,-9,-27,-16,-23,-10,-19,-15,-18,-20,-20,-21,-14,-21,-16,-28,-11,-25,-15,-32,-10,-34,-6,-41,-2,-39,0,-42,1,-46,-2,-43,0,-47,1,-50,7,-46,6,-52,4,-51,10,-51,16,-51,11,-53,22,-56,27,-63,28,-55,24,-65,30,-68,31,-61,39,-66,38,-76,43,-74,41,-73,43,-81,39,-77,47,-87,45,-85,40,-89,39,0,0]"
CSI_DATA,243,1a:00:00:00:00:00,-48,11,1,0,1,1,1,0,0,0,1,-96,0,11,2,3580282,0,44,0,384,0,"[0,0,0,0,0,0,0,0,0,0,0,0,9,10,9,9,9,8,8,9,7,7,6,6,7,5,6,4,7,4,6,4,6,2,5,2,5,1,5,1,5,0,4,-1,4,-2,4,-2,4,-3,4,-3,3,-4,4,-5,3,-5,4,-5,4,-7,3,-7,0,0,4,-8,4,-9,4,-9,4,-9,5,-10,5,-9,6,-10,5,-9,5,-9,6,-9,7,-8,7,-8,7,-8,7,-7,7,-7,8,-7,7,-6,7,-6,7,-5,7,-4,7,-4,7,-3,7,-3,6,-2,6,-1,5,0,0,0,0,0,0,0,0,0,0,0,0,0,0,0,50,66,49,65,52,60,41,58,40,60,33,51,43,48,33,48,31,38,31,37,33,31,35,31,36,27,26,21,29,16,28,13,31,9,27,2,25,1,27,-1,26,-5,26,-5,20,-11,22,-15,23,-12,20,-20,22,-22,20,-28,21,-30,21,-36,24,-35,23,-37,25,-40,23,-42,28,-40,29,-46,34,-43,33,-42,35,-41,38,-36,41,-38,39,-36,42,-39,37,-36,42,-34,43,-30,41,-27,46,-28,41,-22,42,-26,40,-16,40,-17,39,-11,42,-9,40,-5,34,0,28,3,0,0,0,0,0,0,0,0,0,0,0,0,0,0,0,0,0,0,0,0,0,0,-41,-43,-35,-47,-32,-51,-26,-49,-24,-52,-22,-50,-24,-49,-18,-47,-20,-49,-20,-49,-14,-48,-17,-40,-14,-39,-13,-39,-12,-33,-10,-33,-17,-27,-12,-29,-14,-20,-21,-20,-21,-15,-22,-16,-22,-15,-27,-7,-29,-6,-32,-2,-30,0,-34,0,-41,1,-35,3,-37,2,-42,6,-42,8,-44,12,-45,16,-44,11,-44,17,-45,23,-46,25,-46,28,-44,28,-48,37,-40,33,-46,47,-45,42,-49,44,-55,49,-49,53,-54,59,-56,63,-56,66,-60,68,-69,65,-65,65,-72,70,-66,64,-72,63,0,0]"
CSI_DATA,244,1a:00:00:00:00:00,-48,11,1,0,1,1,1,0,0,0,1,-96,0,11,2,3590163,0,44,0,384,0,"[0,0,0,0,0,0,0,0,0,0,0,0,-5,-13,-4,-13,-6,-12,-5,-11,-6,-11,-5,-10,-5,-9,-4,-7,-4,-7,-5,-6,-5,-6,-5,-5,-5,-4,-5,-3,-5,-3,-6,-2,-5,-1,-5,-1,-5,0,-6,1,-6,1,-6,2,-6,2,-6,3,-7,4,-6,4,0,0,-7,5,-7,6,-8,6,-8,7,-8,5,-9,6,-9,6,-9,5,-9,6,-10,5,-10,5,-9,4,-10,4,-9,3,-10,3,-9,3,-9,2,-9,2,-9,2,-9,1,-9,0,-9,0,-8,-1,-8,-2,-7,-2,-6,-3,0,0,0,0,0,0,0,0,0,0,0,0,0,0,-36,-76,-42,-72,-41,-69,-40,-70,-34,-63,-34,-62,-33,-56,-33,-49,-28,-44,-28,-40,-30,-40,-30,-34,-27,-28,-26,-26,-26,-22,-26,-20,-29,-16,-28,-13,-23,-5,-26,-7,-29,-4,-29,2,-26,5,-27,10,-25,11,-22,16,-28,24,-29,25,-29,28,-29,27,-29,28,-33,30,-26,34,-34,37,-31,38,-35,37,-42,42,-40,40,-40,37,-40,38,-44,36,-44,30,-46,30,-46,29,-48,28,-45,26,-48,22,-47,22,-44,18,-46,19,-43,14,-41,12,-41,8,-44,-1,-35,-2,-34,-5,-32,-8,0,0,0,0,0,0,0,0,0,0,0,0,0,0,0,0,0,0,0,0,0,0,33,52,21,50,18,52,13,54,10,53,8,52,10,53,5,50,12,47,3,50,1,52,3,43,-1,41,5,39,0,32,4,33,8,31,11,30,9,21,15,20,16,21,22,20,22,19,24,14,27,16,29,11,30,9,29,10,32,5,42,4,34,3,44,4,43,1,42,-9,53,-1,45,-6,48,-6,47,-9,48,-14,51,-18,46,-20,51,-28,52,-28,54,-39,59,-38,57,-33,57,-44,59,-48,63,-46,69,-51,65,-52,73,-55,75,-51,75,-54,82,-53,78,-52,77,-57,0,0]"
CSI_DATA,245,1a:00:00:00:00:00,-48,11,1,0,1,1,1,0,0,0,1,-96,0,11,2,3600157,0,44,0,384,0,"[0,0,0,0,0,0,0,0,0,0,0,0,11,-9,9,-9,8,-9,8,-8,8,-8,6,-7,6,-8,5,-7,4,-7,3,-7,3,-7,2,-6,1,-6,1,-5,0,-6,-1,-6,-2,-6,-1,-6,-3,-5,-3,-5,-3,-4,-4,-4,-5,-5,-6,-4,-6,-5,-7,-5,0,0,-8,-5,-8,-5,-9,-6,-9,-6,-9,-6,-9,-6,-9,-7,-9,-7,-9,-7,-9,-8,-8,-8,-7,-9,-7,-8,-6,-8,-7,-8,-6,-9,-5,-8,-5,-8,-5,-8,-4,-8,-4,-8,-2,-8,-2,-8,-1,-7,0,-7,1,-6,0,0,0,0,0,0,0,0,0,0,0,0,0,0,75,-46,75,-48,67,-47,60,-44,61,-48,53,-38,52,-40,43,-35,45,-33,37,-31,33,-31,28,-29,30,-33,19,-35,18,-28,11,-30,10,-33,3,-29,5,-26,-2,-28,-10,-24,-5,-30,-9,-22,-12,-22,-8,-23,-18,-25,-22,-22,-28,-21,-26,-19,-37,-22,-40,-23,-41,-24,-42,-30,-41,-29,-45,-26,-42,-32,-44,-30,-46,-39,-45,-35,-48,-36,-44,-34,-43,-38,-41,-42,-42,-38,-31,-40,-33,-43,-34,-37,-31,-44,-31,-36,-27,-41,-25,-41,-17,-43,-15,-39,-9,-35,-8,-37,0,-39,2,-32,0,0,0,0,0,0,0,0,0,0,0,0,0,0,0,0,0,0,0,0,0,0,-54,29,-53,24,-58,21,-54,18,-59,12,-50,10,-50,8,-55,12,-52,6,-53,4,-51,6,-48,6,-43,9,-48,5,-36,3,-36,7,-33,10,-31,12,-30,9,-25,11,-25,15,-17,21,-18,19,-16,21,-11,27,-9,31,-9,29,-11,34,-8,34,-2,40,-1,43,-1,45,5,41,6,40,4,44,4,46,12,42,19,48,19,48,25,50,26,47,34,49,28,48,38,51,37,47,50,47,45,52,45,57,56,57,61,67,59,63,66,63,60,71,63,69,68,69,60,70,64,76,0,0]"
CSI_DATA,246,1a:00:00:00:00:00,-48,11,1,0,1,1,1,0,0,0,1,-96,0,11,2,3611285,0,44,0,384,0,"[0,0,0,0,0,0,0,0,0,0,0,0,13,-1,11,-2,11,-2,11,-1,10,-1,9,-2,8,-3,7,-3,6,-3,6,-3,5,-3,4,-4,4,-4,4,-4,3,-4,2,-5,1,-5,0,-6,0,-5,0,-5,-1,-6,-2,-6,-2,-6,-2,-7,-2,-7,-3,-8,0,0,-5,-9,-4,-9,-4,-9,-5,-10,-4,-9,-5,-10,-4,-10,-5,-10,-5,-10,-3,-10,-3,-11,-2,-10,-2,-10,-2,-10,-1,-10,-1,-10,-1,-10,-1,-9,-1,-9,-1,-8,0,-8,1,-8,2,-8,2,-6,3,-6,3,-5,0,0,0,0,0,0,0,0,0,0,0,0,0,0,42,-12,40,-11,39,-16,36,-12,33,-12,30,-8,29,-13,28,-12,23,-10,24,-13,20,-11,19,-10,16,-13,13,-10,13,-12,12,-13,10,-12,4,-14,4,-14,-1,-15,0,-14,2,-14,-3,-14,-6,-15,-3,-15,-8,-16,-9,-15,-9,-13,-15,-18,-14,-15,-14,-16,-14,-17,-16,-20,-17,-18,-14,-19,-16,-23,-16,-21,-17,-23,-18,-24,-15,-26,-14,-24,-14,-26,-14,-25,-13,-25,-11,-25,-11,-24,-9,-24,-8,-25,-8,-21,-5,-23,-3,-24,-3,-21,1,-21,2,-20,3,-20,3,-18,8,-16,0,0,0,0,0,0,0,0,0,0,0,0,0,0,0,0,0,0,0,0,0,0,-29,8,-30,5,-29,4,-32,0,-29,-1,-28,-2,-28,-4,-28,-4,-27,-4,-26,-3,-25,-6,-23,-6,-23,-3,-22,-3,-19,-3,-18,0,-19,-2,-16,-1,-16,2,-14,3,-14,4,-13,6,-12,7,-10,11,-12,11,-10,14,-10,12,-8,14,-9,15,-8,18,-4,16,-6,23,-6,21,-4,22,-3,23,-2,22,-1,23,1,26,3,25,4,27,6,26,8,28,8,27,11,30,12,30,13,33,12,32,17,32,17,35,19,37,19,39,20,37,18,42,17,41,20,43,20,42,18,45,0,0]"
CSI_DATA,247,1a:00:00:00:00:00,-48,11,1,0,1,1,1,0,0,0,1,-96,0,11,2,3620130,0,44,0,384,0,"[0,0,0,0,0,0,0,0,0,0,0,0,5,11,5,11,6,10,5,9,5,8,4,8,5,7,4,6,4,5,4,4,4,4,4,3,4,2,5,2,5,1,5,0,4,-1,4,-1,4,-2,5,-2,5,-3,5,-4,4,-3,5,-5,5,-5,5,-6,0,0,6,-6,7,-7,7,-7,7,-7,7,-8,8,-7,8,-7,8,-7,8,-7,8,-6,9,-5,9,-5,8,-5,9,-5,9,-4,9,-4,8,-4,8,-2,8,-2,8,-2,8,-1,7,-1,7,0,6,1,6,2,5,2,0,0,0,0,0,0,0,0,0,0,0,0,0,0,44,76,37,73,42,67,37,68,37,62,32,56,32,51,31,49,29,47,31,43,27,34,24,31,27,27,29,24,28,23,29,15,28,11,26,9,25,6,29,4,29,-2,24,-4,28,-12,24,-12,24,-14,21,-19,23,-24,26,-30,28,-30,29,-37,27,-32,29,-38,27,-39,25,-43,32,-41,39,-48,37,-44,34,-47,40,-44,39,-38,39,-38,41,-37,43,-34,43,-33,43,-32,44,-31,44,-28,45,-24,43,-20,44,-21,42,-17,44,-14,39,-9,39,-5,37,-4,33,2,30,10,0,0,0,0,0,0,0,0,0,0,0,0,0,0,0,0,0,0,0,0,0,0,-26,-57,-21,-56,-16,-56,-20,-56,-12,-59,-9,-55,-10,-56,-7,-56,-5,-53,0,-53,-2,-51,-2,-45,-1,-45,-4,-41,-2,-35,-3,-38,-8,-34,-10,-29,-12,-31,-14,-24,-19,-22,-18,-21,-20,-17,-23,-16,-27,-18,-30,-9,-25,-10,-29,-9,-36,-3,-41,-2,-39,-6,-46,-7,-42,-3,-40,5,-48,2,-43,7,-46,8,-48,12,-47,13,-52,21,-53,22,-53,25,-57,31,-54,32,-51,34,-60,43,-59,39,-58,47,-62,47,-68,53,-65,50,-71,56,-74,48,-76,56,-80,63,-72,53,-83,55,0,0]"
CSI_DATA,248,1a:00:00:00:00:00,-48,11,1,0,1,1,1,0,0,0,1,-96,0,11,2,3630135,0,44,0,384,0,"[0,0,0,0,0,0,0,0,0,0,0,0,-11,9,-10,9,-8,8,-8,8,-7,7,-7,7,-6,7,-5,6,-5,6,-3,6,-3,6,-2,6,-1,5,-1,5,0,4,0,5,2,4,2,4,2,4,3,4,4,4,4,3,5,3,5,3,6,4,7,3,0,0,8,3,8,3,9,3,9,3,8,4,9,4,9,4,9,4,10,4,9,5,9,6,8,6,7,6,7,6,7,6,7,6,6,6,6,6,5,6,5,7,4,6,3,6,3,7,2,6,1,6,0,5,0,0,0,0,0,0,0,0,0,0,0,0,0,0,-67,49,-69,43,-66,48,-59,44,-61,43,-55,39,-54,40,-43,33,-41,29,-37,35,-26,30,-25,30,-26,32,-21,30,-17,28,-12,28,-12,32,-6,27,-4,26,3,28,8,29,6,25,7,25,15,24,19,19,23,21,25,21,30,17,30,19,33,20,37,24,41,24,41,26,43,31,43,28,41,30,47,34,46,31,44,39,42,33,40,34,38,37,41,42,42,41,38,37,36,43,29,39,34,38,26,40,19,38,21,37,16,40,15,38,11,34,9,35,3,36,-4,33,0,0,0,0,0,0,0,0,0,0,0,0,0,0,0,0,0,0,0,0,0,0,55,-32,56,-21,57,-21,58,-12,57,-16,53,-8,53,-6,51,-9,52,-7,52,-6,49,-2,45,2,45,-1,45,-2,33,-3,34,-2,31,-11,34,-9,28,-8,23,-12,19,-20,23,-16,16,-20,14,-20,13,-23,8,-28,9,-31,7,-38,3,-35,0,-41,-4,-38,0,-41,-4,-45,-2,-44,-8,-42,-10,-45,-11,-44,-19,-48,-18,-44,-23,-46,-28,-48,-38,-50,-35,-54,-39,-52,-41,-49,-42,-44,-47,-56,-53,-56,-52,-56,-58,-66,-57,-65,-59,-68,-62,-72,-61,-63,-63,-80,-62,-73,-58,-79,0,0]"
CSI_DATA,249,1a:00:00:00:00:00,-48,11,1,0,1,1,1,0,0,0,1,-96,0,11,2,3640132,0,44,0,384,0,"[0,0,0,0,0,0,0,0,0,0,0,0,-11,-8,-11,-8,-11,-6,-11,-6,-9,-6,-9,-5,-9,-4,-8,-3,-8,-3,-7,-2,-7,-2,-6,0,-6,-1,-6,1,-6,0,-6,1,-5,2,-4,3,-5,3,-4,3,-4,4,-4,5,-4,5,-3,6,-4,6,-3,7,0,0,-3,9,-4,8,-5,9,-3,9,-4,9,-5,10,-5,9,-5,9,-6,9,-6,9,-6,9,-7,8,-6,8,-7,8,-7,7,-7,7,-7,6,-7,5,-7,5,-7,5,-8,4,-7,3,-7,3,-7,2,-7,1,-7,0,0,0,0,0,0,0,0,0,0,0,0,0,0,0,-36,-26,-35,-25,-34,-21,-32,-20,-32,-20,-27,-19,-27,-17,-25,-16,-25,-11,-22,-10,-23,-9,-19,-8,-20,-7,-18,-3,-19,-2,-17,-3,-18,-1,-15,4,-11,4,-12,7,-13,8,-13,7,-9,7,-10,9,-9,12,-9,15,-5,15,-6,17,-7,20,-6,19,-5,21,-3,23,-6,23,-6,25,-5,24,-9,27,-7,27,-6,29,-9,26,-10,26,-10,25,-15,23,-15,24,-14,25,-12,22,-14,22,-15,20,-14,20,-17,18,-15,17,-15,18,-15,15,-17,14,-17,9,-19,7,-19,7,-16,4,0,0,0,0,0,0,0,0,0,0,0,0,0,0,0,0,0,0,0,0,0,0,25,17,23,17,20,21,20,21,17,22,17,23,17,19,13,23,16,22,12,20,12,21,9,20,10,20,9,19,8,17,6,14,9,13,10,10,8,8,11,7,11,4,11,5,10,4,11,2,11,-1,14,-3,15,-3,13,-3,15,-6,15,-10,16,-8,20,-11,17,-10,18,-13,16,-13,17,-15,18,-16,17,-18,17,-17,16,-22,17,-21,15,-24,16,-28,15,-27,12,-29,15,-33,16,-34,13,-34,14,-37,19,-39,18,-39,18,-43,21,-41,19,-42,20,-45,23,-42,22,-44,0,0]"
CSI_DATA,250,1a:00:00:00:00:00,-48,11,1,0,1,1,1,0,0,0,1,-96,0,11,2,3651316,0,44,0,384,0,"[0,0,0,0,0,0,0,0,0,0,0,0,13,-1,12,-2,11,-2,11,-1,9,-2,9,-2,8,-3,7,-3,7,-3,5,-3,5,-4,4,-4,4,-4,3,-4,2,-5,2,-5,2,-6,0,-5,0,-6,0,-6,-1,-6,-1,-6,-1,-7,-2,-7,-3,-7,-3,-8,0,0,-4,-9,-4,-9,-4,-10,-5,-10,-4,-10,-4,-10,-4,-11,-3,-11,-4,-11,-3,-11,-3,-11,-2,-10,-2,-10,-1,-10,-1,-10,-1,-10,0,-9,0,-9,0,-9,0,-9,2,-8,2,-8,2,-7,3,-7,3,-6,3,-5,0,0,0,0,0,0,0,0,0,0,0,0,0,0,40,0,40,4,38,-3,36,1,33,0,32,-1,30,-1,30,-1,24,-3,24,-2,22,-4,22,-4,16,-7,16,-7,14,-7,13,-8,12,-11,9,-11,5,-10,8,-12,5,-14,3,-13,3,-14,0,-15,0,-16,-2,-18,-2,-17,-7,-19,-5,-20,-8,-23,-6,-23,-8,-23,-5,-24,-7,-27,-8,-23,-6,-28,-6,-27,-6,-27,-6,-29,-6,-28,-2,-27,0,-28,-1,-29,0,-29,0,-27,2,-27,4,-27,3,-25,4,-26,7,-22,7,-23,7,-20,7,-20,9,-18,12,-15,11,-15,11,-12,0,0,0,0,0,0,0,0,0,0,0,0,0,0,0,0,0,0,0,0,0,0,-32,1,-30,0,-30,-3,-32,-6,-30,-6,-27,-7,-26,-9,-25,-9,-26,-11,-23,-9,-22,-9,-21,-9,-21,-7,-20,-7,-18,-8,-15,-5,-14,-4,-16,-4,-14,-3,-10,-1,-11,1,-12,2,-11,5,-9,5,-11,5,-10,10,-11,8,-8,14,-10,13,-10,16,-8,16,-10,19,-9,19,-8,19,-5,20,-6,23,-4,21,-3,24,-4,23,0,26,-1,28,2,29,2,33,2,32,4,32,3,37,6,33,7,36,8,39,8,40,8,42,7,44,5,48,6,43,7,49,5,48,3,49,0,0]"
CSI_DATA,251,1a:00:00:00:00:00,-48,11,1,0,1,1,1,0,0,0,1,-96,0,11,2,3660148,0,44,0,384,0,"[0,0,0,0,0,0,0,0,0,0,0,0,12,4,12,3,11,3,10,3,9,2,9,2,8,0,7,0,8,0,6,-1,6,-1,6,-2,5,-2,5,-3,4,-3,4,-4,3,-5,3,-5,2,-5,2,-5,2,-5,1,-7,0,-7,0,-8,0,-8,0,-9,0,0,-1,-10,0,-10,0,-10,-1,-11,0,-10,0,-11,1,-11,0,-11,1,-11,2,-11,2,-11,2,-10,2,-10,2,-10,3,-9,3,-10,4,-9,3,-8,4,-8,3,-7,4,-7,5,-7,5,-6,5,-5,5,-4,5,-3,0,0,0,0,0,0,0,0,0,0,0,0,0,0,39,21,38,20,37,18,32,18,33,17,28,17,29,13,28,12,25,10,21,8,19,6,19,5,20,5,18,2,15,1,16,-1,15,-4,14,-6,12,-8,12,-9,10,-10,10,-12,7,-12,11,-14,6,-15,6,-17,8,-17,5,-19,3,-21,4,-25,3,-25,5,-26,4,-24,3,-27,4,-28,5,-29,7,-28,6,-28,9,-28,9,-29,9,-25,10,-28,10,-30,12,-27,13,-24,13,-23,13,-22,15,-24,12,-21,14,-20,14,-17,15,-15,15,-13,15,-12,15,-11,17,-8,17,-7,0,0,0,0,0,0,0,0,0,0,0,0,0,0,0,0,0,0,0,0,0,0,-29,-14,-27,-18,-24,-20,-23,-21,-23,-21,-19,-22,-18,-21,-18,-22,-16,-22,-14,-20,-11,-22,-12,-19,-14,-18,-12,-18,-10,-15,-11,-15,-13,-13,-11,-11,-9,-8,-10,-6,-12,-5,-13,-3,-14,0,-13,2,-15,4,-13,6,-15,5,-16,6,-16,8,-17,10,-14,11,-17,14,-19,11,-17,12,-20,15,-20,17,-16,17,-14,19,-15,23,-16,24,-14,25,-14,26,-14,28,-13,32,-12,30,-14,34,-15,36,-11,36,-13,40,-15,40,-15,41,-15,43,-19,45,-16,41,-16,46,-18,46,-19,47,0,0]"
CSI_DATA,252,1a:00:00:00:00:00,-48,11,1,0,1,1,1,0,0,0,1,-96,0,11,2,3670423,0,44,0,384,0,"[0,0,0,0,0,0,0,0,0,0,0,0,10,-9,8,-8,8,-9,7,-8,7,-8,6,-7,5,-8,4,-7,3,-7,3,-7,2,-7,1,-6,1,-6,0,-6,-1,-6,-2,-6,-2,-5,-3,-5,-3,-5,-4,-5,-4,-5,-5,-4,-6,-5,-7,-5,-7,-5,-8,-4,0,0,-9,-5,-9,-5,-10,-5,-10,-5,-10,-5,-10,-6,-11,-6,-10,-6,-10,-6,-10,-7,-10,-8,-9,-8,-8,-8,-8,-8,-8,-8,-8,-8,-7,-9,-7,-8,-6,-8,-6,-8,-5,-8,-4,-8,-3,-8,-2,-8,-1,-8,0,-7,0,0,0,0,0,0,0,0,0,0,0,0,0,0,-52,-69,-54,-67,-53,-70,-45,-64,-44,-53,-38,-52,-39,-53,-39,-48,-34,-43,-37,-39,-37,-32,-32,-30,-34,-27,-33,-17,-29,-17,-32,-12,-36,-7,-35,-4,-31,-3,-30,1,-28,10,-30,8,-29,8,-27,14,-27,16,-24,22,-22,27,-24,29,-27,31,-25,39,-24,32,-31,40,-27,41,-28,43,-32,43,-37,44,-38,47,-38,47,-40,42,-39,43,-39,43,-43,45,-44,38,-46,37,-44,37,-44,31,-47,29,-47,29,-46,23,-40,19,-44,19,-44,14,-40,11,-40,8,-40,1,-36,-2,-34,-3,0,0,0,0,0,0,0,0,0,0,0,0,0,0,0,0,0,0,0,0,0,0,35,51,31,52,25,56,22,55,19,55,14,53,13,50,6,51,11,52,9,45,5,48,5,43,4,39,2,35,7,31,4,32,11,28,7,23,11,22,11,19,17,16,16,15,18,13,23,3,25,4,27,2,32,2,28,0,38,3,38,-5,35,-5,46,-9,42,-14,40,-18,50,-15,45,-15,44,-20,42,-22,45,-28,46,-31,49,-34,49,-38,50,-42,50,-50,47,-47,58,-58,52,-56,52,-58,49,-58,56,-62,59,-65,64,-67,73,-68,67,-64,76,-71,64,-71,70,-66,0,0]"
CSI_DATA,253,1a:00:00:00:00:00,-48,11,1,0,1,1,1,0,0,0,1,-96,0,11,2,3680611,0,44,0,384,0,"[0,0,0,0,0,0,0,0,0,0,0,0,9,-9,8,-9,7,-9,8,-8,6,-7,6,-8,5,-8,4,-7,4,-7,3,-6,2,-6,1,-7,1,-6,0,-6,-1,-5,-1,-6,-2,-5,-2,-5,-3,-5,-4,-5,-4,-5,-5,-5,-5,-5,-6,-5,-7,-5,-7,-5,0,0,-8,-5,-8,-6,-9,-6,-9,-6,-9,-7,-9,-7,-9,-7,-8,-7,-9,-8,-8,-8,-9,-9,-7,-8,-7,-8,-7,-9,-6,-9,-6,-9,-6,-8,-5,-8,-5,-8,-3,-8,-3,-8,-2,-8,-2,-8,-1,-7,0,-7,0,-6,0,0,0,0,0,0,0,0,0,0,0,0,0,0,79,-38,77,-34,74,-38,65,-39,63,-30,63,-33,55,-31,52,-29,47,-29,43,-26,39,-31,31,-30,31,-30,20,-30,20,-29,15,-29,13,-33,8,-28,9,-26,3,-30,-3,-33,-3,-29,-7,-31,-8,-31,-14,-31,-13,-29,-22,-27,-23,-30,-25,-34,-32,-36,-32,-33,-36,-35,-36,-39,-37,-38,-38,-36,-36,-44,-38,-46,-39,-44,-36,-47,-36,-49,-32,-51,-31,-52,-33,-52,-27,-51,-27,-50,-23,-53,-16,-56,-18,-52,-14,-50,-11,-49,-8,-50,-4,-48,-4,-47,2,-39,4,-42,7,-37,10,-31,0,0,0,0,0,0,0,0,0,0,0,0,0,0,0,0,0,0,0,0,0,0,-56,31,-59,25,-57,23,-60,16,-55,14,-58,12,-51,7,-52,4,-51,6,-48,0,-47,-5,-44,5,-41,0,-43,1,-36,1,-28,3,-26,3,-28,7,-25,10,-16,11,-15,11,-14,18,-9,18,-12,22,-7,22,-2,25,-10,32,-3,34,2,34,0,38,1,36,3,45,4,46,6,46,6,47,12,48,16,47,19,49,18,49,26,52,26,53,33,53,31,57,40,56,40,57,41,51,39,59,48,63,56,60,58,72,52,70,59,71,60,83,53,71,53,80,58,81,54,81,0,0]"
CSI_DATA,254,1a:00:00:00:00:00,-48,11,1,0,1,1,1,0,0,0,1,-96,0,11,2,3690136,0,44,0,384,0,"[0,0,0,0,0,0,0,0,0,0,0,0,-12,-8,-11,-7,-11,-6,-11,-6,-10,-5,-8,-4,-9,-4,-8,-3,-8,-3,-7,-2,-7,-1,-7,0,-7,0,-6,1,-6,1,-6,2,-5,2,-4,3,-4,3,-5,3,-4,4,-4,5,-4,5,-3,6,-4,7,-3,7,0,0,-3,8,-4,8,-4,9,-4,9,-5,9,-5,9,-5,9,-5,9,-6,9,-6,9,-6,9,-7,8,-6,8,-7,8,-7,7,-7,7,-7,6,-7,6,-7,5,-7,5,-8,4,-8,3,-8,3,-7,2,-7,1,-6,0,0,0,0,0,0,0,0,0,0,0,0,0,0,0,-34,-30,-33,-28,-31,-26,-29,-25,-30,-22,-27,-23,-26,-21,-23,-19,-22,-17,-22,-15,-20,-13,-22,-11,-21,-8,-21,-5,-19,-5,-17,-2,-17,0,-14,2,-15,0,-15,4,-13,7,-12,7,-11,9,-13,9,-11,12,-12,11,-11,14,-9,16,-10,19,-9,20,-8,19,-12,21,-12,20,-12,25,-14,24,-14,25,-15,24,-15,25,-18,23,-19,24,-18,23,-19,22,-18,21,-18,21,-17,20,-22,21,-21,17,-21,19,-19,14,-20,12,-21,10,-20,9,-21,10,-20,7,-20,4,-19,4,-17,0,0,0,0,0,0,0,0,0,0,0,0,0,0,0,0,0,0,0,0,0,0,0,24,18,21,20,19,24,17,24,16,24,13,22,12,22,11,21,11,24,11,22,10,20,7,18,9,20,7,17,5,14,5,14,8,10,7,11,7,7,6,8,10,4,9,2,12,1,14,-1,12,-1,13,-6,15,-5,16,-3,16,-6,17,-6,17,-10,19,-11,19,-11,18,-13,20,-13,21,-14,20,-15,18,-18,19,-19,17,-22,20,-23,19,-23,19,-24,22,-31,18,-29,19,-31,19,-34,20,-34,21,-35,21,-37,21,-41,20,-40,27,-41,23,-38,26,-43,27,-42,30,-39,0,0]"
CSI_DATA,255,1a:00:00:00:00:00,-48,11,1,0,1,1,1,0,0,0,1,-96,0,11,2,3700145,0,44,0,384,0,"[0,0,0,0,0,0,0,0,0,0,0,0,9,-11,8,-10,7,-10,6,-9,6,-8,5,-8,4,-8,4,-8,3,-7,2,-7,2,-7,1,-7,0,-6,-1,-6,-1,-6,-2,-6,-2,-5,-3,-6,-4,-5,-4,-4,-5,-4,-5,-5,-6,-5,-6,-4,-7,-5,-8,-4,0,0,-9,-5,-9,-5,-9,-5,-9,-5,-9,-5,-9,-6,-9,-6,-9,-6,-10,-7,-9,-8,-9,-8,-8,-8,-8,-7,-8,-8,-7,-8,-7,-8,-7,-8,-6,-8,-5,-8,-5,-8,-4,-8,-3,-8,-3,-7,-2,-8,-1,-8,0,-6,0,0,0,0,0,0,0,0,0,0,0,0,0,0,62,-60,61,-49,58,-54,51,-49,53,-47,47,-41,47,-41,42,-44,33,-34,34,-40,28,-38,22,-33,21,-35,14,-35,12,-33,6,-37,5,-30,-1,-34,-6,-31,-6,-27,-10,-29,-14,-28,-17,-22,-17,-20,-22,-21,-25,-25,-29,-22,-32,-25,-35,-21,-39,-22,-37,-22,-45,-25,-39,-27,-46,-28,-45,-25,-45,-35,-49,-36,-50,-34,-44,-37,-46,-36,-45,-33,-44,-45,-42,-38,-42,-37,-37,-42,-37,-39,-36,-42,-26,-44,-25,-40,-24,-44,-21,-41,-20,-39,-13,-43,-10,-40,-4,-40,0,-37,5,-32,0,0,0,0,0,0,0,0,0,0,0,0,0,0,0,0,0,0,0,0,0,0,-42,36,-49,32,-47,28,-55,26,-49,19,-51,16,-49,16,-45,15,-45,11,-42,9,-38,10,-36,11,-40,10,-37,8,-34,8,-26,8,-24,10,-23,12,-18,14,-18,13,-14,15,-9,22,-7,19,-3,21,-2,21,-2,30,2,29,8,37,3,30,11,40,9,38,9,45,12,38,18,39,17,42,21,42,22,37,26,44,29,44,32,44,39,40,40,43,39,46,47,40,53,43,53,48,57,50,59,49,58,48,64,47,67,54,73,56,73,60,67,56,75,66,73,66,65,64,0,0]"
CSI_DATA,256,1a:00:00:00:00:00,-48,11,1,0,1,1,1,0,0,0,1,-96,0,11,2,3720235,0,44,0,384,0,"[0,0,0,0,0,0,0,0,0,0,0,0,-4,-13,-4,-12,-5,-11,-5,-11,-5,-10,-5,-9,-5,-8,-4,-7,-5,-7,-5,-6,-5,-5,-5,-5,-5,-4,-6,-3,-5,-3,-5,-2,-6,-1,-6,-1,-6,-1,-6,0,-6,1,-7,1,-6,2,-7,3,-7,3,-7,3,0,0,-8,4,-9,4,-9,5,-9,5,-10,4,-10,4,-10,4,-10,4,-11,3,-10,3,-11,3,-11,2,-11,3,-10,1,-10,1,-10,0,-10,1,-10,0,-9,-1,-9,-1,-8,-2,-8,-2,-7,-3,-7,-3,-6,-4,-5,-4,0,0,0,0,0,0,0,0,0,0,0,0,0,0,-17,-86,-8,-86,-16,-83,-15,-76,-16,-71,-13,-67,-14,-62,-14,-58,-15,-53,-17,-51,-22,-41,-23,-41,-21,-42,-19,-35,-21,-31,-29,-26,-24,-23,-26,-19,-24,-12,-28,-14,-34,-9,-32,-6,-28,-1,-29,0,-32,8,-35,6,-35,7,-41,17,-41,14,-44,19,-42,17,-44,26,-43,18,-50,24,-48,26,-50,26,-56,26,-53,23,-56,21,-53,24,-59,18,-54,12,-58,15,-52,14,-52,14,-60,10,-59,6,-51,7,-53,3,-47,-2,-45,-7,-44,-7,-46,-8,-37,-12,-37,-14,-33,-16,-26,-19,0,0,0,0,0,0,0,0,0,0,0,0,0,0,0,0,0,0,0,0,0,0,3,59,2,58,-5,58,-6,56,-9,55,-13,52,-10,49,-8,45,-17,48,-15,45,-16,41,-14,41,-11,41,-7,33,-11,27,-6,26,-1,26,-1,26,0,23,6,15,12,17,11,18,17,12,16,16,24,11,18,12,30,17,33,16,34,13,38,12,37,14,43,12,46,11,46,6,49,7,49,4,49,1,54,-1,50,-3,61,-6,59,-8,62,-14,64,-8,64,-17,67,-21,67,-28,72,-24,74,-32,74,-31,84,-28,81,-30,88,-35,93,-32,88,-27,100,-27,95,-30,95,-26,0,0]"
CSI_DATA,257,1a:00:00:00:00:00,-48,11,1,0,1,1,1,0,0,0,1,-96,0,11,2,3730092,0,44,0,384,0,"[0,0,0,0,0,0,0,0,0,0,0,0,5,12,4,10,5,10,5,9,5,9,5,8,5,6,4,6,5,5,5,4,4,4,4,3,5,2,5,2,5,1,5,0,5,0,5,0,5,-2,5,-2,5,-3,5,-4,5,-4,6,-5,6,-6,6,-5,0,0,6,-6,7,-7,7,-7,7,-8,8,-7,8,-7,8,-7,9,-7,9,-7,9,-6,10,-6,9,-5,9,-5,9,-4,9,-4,9,-3,9,-3,9,-3,8,-2,8,-1,8,-1,7,-1,7,0,7,1,5,2,5,2,0,0,0,0,0,0,0,0,0,0,0,0,0,0,52,68,48,61,51,60,46,61,45,54,39,46,36,49,39,45,34,34,32,30,38,25,31,27,37,22,32,15,31,20,32,6,33,8,34,2,31,3,29,-2,26,-8,29,-8,26,-11,25,-11,23,-20,27,-21,22,-27,23,-31,25,-33,27,-36,23,-35,28,-43,28,-38,32,-47,28,-47,36,-45,34,-46,34,-46,43,-45,40,-46,41,-42,36,-46,43,-40,40,-36,40,-32,41,-32,44,-33,43,-29,38,-30,41,-23,42,-19,38,-14,40,-17,39,-9,37,-3,34,-3,31,7,0,0,0,0,0,0,0,0,0,0,0,0,0,0,0,0,0,0,0,0,0,0,-33,-48,-25,-51,-21,-51,-19,-53,-12,-52,-13,-50,-12,-48,-5,-46,-7,-49,-6,-44,-8,-45,-7,-39,-7,-40,-3,-34,-4,-30,-8,-26,-10,-26,-2,-23,-10,-14,-15,-19,-14,-16,-21,-8,-16,-6,-25,-3,-23,-2,-29,3,-33,-2,-35,2,-40,2,-43,7,-42,9,-41,9,-45,9,-44,12,-44,16,-47,15,-45,21,-52,22,-45,23,-46,30,-49,32,-51,39,-49,37,-48,43,-47,50,-58,55,-54,52,-53,54,-56,57,-54,64,-58,61,-63,67,-70,64,-66,60,-68,70,-73,69,-73,63,0,0]"
CSI_DATA,258,1a:00:00:00:00:00,-48,11,1,0,1,1,1,0,0,0,1,-96,0,11,2,3740125,0,44,0,384,0,"[0,0,0,0,0,0,0,0,0,0,0,0,-13,-2,-13,-1,-12,-1,-12,-1,-11,-1,-10,-1,-9,0,-8,0,-8,1,-7,1,-7,2,-6,2,-6,2,-5,2,-4,3,-4,5,-4,4,-3,4,-2,4,-2,5,-2,5,-1,6,-1,6,0,7,0,7,1,8,0,0,2,8,1,9,1,9,2,10,1,10,0,10,1,10,0,10,1,10,0,10,-1,10,-1,10,-1,9,-2,10,-2,9,-2,9,-2,9,-2,8,-3,8,-3,7,-4,6,-4,6,-4,6,-4,5,-5,4,-5,3,0,0,0,0,0,0,0,0,0,0,0,0,0,0,-46,-5,-42,-3,-43,-2,-40,-3,-36,-2,-32,-1,-32,1,-30,0,-26,2,-24,2,-26,2,-21,7,-20,6,-16,7,-15,5,-16,7,-12,12,-14,10,-10,12,-9,12,-6,14,-5,11,-5,14,-2,13,0,15,-1,18,2,15,5,19,4,21,4,23,6,21,6,23,7,24,7,25,6,26,6,27,7,29,7,27,5,29,4,29,4,26,2,29,4,28,1,30,0,27,-1,26,-4,28,-3,25,-5,25,-6,24,-7,23,-6,22,-8,22,-10,18,-11,16,-13,15,-14,10,0,0,0,0,0,0,0,0,0,0,0,0,0,0,0,0,0,0,0,0,0,0,28,5,27,8,25,9,26,13,23,12,22,12,22,12,20,13,22,12,18,12,17,11,17,12,14,10,15,8,14,10,12,6,12,6,8,3,10,1,10,-2,8,-4,9,-4,9,-6,9,-10,10,-10,9,-10,10,-15,9,-17,11,-14,10,-19,10,-16,11,-22,10,-20,8,-26,8,-23,10,-25,8,-25,5,-26,6,-27,3,-31,3,-33,1,-31,2,-34,1,-35,-2,-37,-3,-34,-3,-39,-4,-41,-6,-42,-3,-44,-5,-43,-7,-48,-3,-50,0,-45,-4,-52,-4,-50,-3,-51,0,0]"
CSI_DATA,259,1a:00:00:00:00:00,-48,11,1,0,1,1,1,0,0,0,1,-96,0,11,2,3760219,0,44,0,384,0,"[0,0,0,0,0,0,0,0,0,0,0,0,-12,-8,-11,-7,-11,-6,-10,-6,-10,-5,-9,-4,-9,-3,-8,-3,-8,-2,-8,-1,-7,-1,-7,0,-6,1,-6,1,-6,2,-6,3,-5,3,-5,3,-4,4,-4,5,-3,5,-3,6,-3,6,-2,7,-2,8,-2,8,0,0,-2,9,-2,10,-2,10,-2,11,-2,10,-2,11,-2,11,-3,11,-3,11,-3,11,-4,11,-4,10,-5,10,-4,10,-5,10,-5,9,-5,9,-5,8,-6,8,-6,7,-6,7,-6,6,-7,5,-7,4,-7,3,-7,2,0,0,0,0,0,0,0,0,0,0,0,0,0,0,-61,67,-59,60,-54,62,-47,55,-46,50,-40,49,-39,48,-37,51,-32,48,-24,40,-22,43,-18,42,-20,37,-12,36,-10,33,-1,32,3,34,5,28,4,25,7,27,14,26,17,28,21,23,24,21,23,21,26,21,29,16,38,18,39,18,41,18,42,20,49,12,50,19,51,21,51,16,52,26,50,23,54,21,55,29,51,27,54,27,51,27,46,35,44,32,42,30,43,34,36,34,44,38,34,31,34,31,33,34,26,34,25,35,24,38,18,34,8,33,5,30,0,0,0,0,0,0,0,0,0,0,0,0,0,0,0,0,0,0,0,0,0,0,47,-41,45,-32,48,-31,57,-29,47,-19,49,-17,48,-14,45,-17,43,-20,45,-12,45,-7,40,-9,37,-13,37,-9,24,-13,20,-10,19,-11,27,-10,15,-20,8,-18,10,-16,7,-17,6,-20,4,-22,0,-20,-9,-27,-8,-31,-8,-37,-11,-37,-13,-43,-18,-38,-18,-45,-23,-40,-23,-48,-29,-44,-34,-45,-29,-46,-35,-42,-40,-46,-42,-47,-40,-44,-50,-44,-47,-46,-53,-49,-55,-38,-70,-47,-65,-42,-67,-44,-71,-45,-73,-46,-76,-55,-83,-49,-81,-52,-79,-61,-81,-61,-83,-58,-80,-60,0,0]"
CSI_DATA,260,1a:00:00:00:00:00,-48,11,1,0,1,1,1,0,0,0,1,-96,0,11,2,3790127,0,44,0,384,0,"[0,0,0,0,0,0,0,0,0,0,0,0,-14,0,-14,0,-12,0,-12,1,-11,0,-10,1,-9,2,-8,2,-8,2,-7,2,-7,3,-5,3,-6,3,-5,4,-4,4,-3,5,-2,6,-2,5,-1,5,0,5,0,6,1,6,2,7,2,7,2,8,3,8,0,0,4,9,4,9,4,10,4,9,3,10,4,10,4,11,3,10,3,11,2,11,2,11,1,11,1,10,1,11,1,10,0,10,0,10,0,10,-1,9,-1,8,-2,8,-2,7,-4,7,-4,6,-4,6,-5,4,0,0,0,0,0,0,0,0,0,0,0,0,0,0,-42,6,-44,6,-40,10,-39,6,-36,5,-31,4,-30,9,-28,6,-26,8,-21,6,-22,12,-19,8,-16,8,-17,12,-13,9,-11,12,-12,13,-7,12,-6,10,-4,15,-3,15,-1,12,2,15,1,15,4,16,4,17,7,17,7,20,11,19,12,19,11,20,11,19,15,22,13,21,14,22,14,25,14,26,12,24,12,27,13,29,11,27,9,30,8,27,7,27,9,25,7,26,5,27,3,28,4,25,0,23,1,23,-1,24,-2,20,-5,21,-4,17,-8,16,-9,14,0,0,0,0,0,0,0,0,0,0,0,0,0,0,0,0,0,0,0,0,0,0,30,-2,26,3,27,3,26,5,27,6,26,7,24,7,23,8,23,9,20,9,20,10,18,8,18,5,13,4,14,6,12,3,12,3,10,2,7,-1,6,-1,7,-3,8,-5,8,-8,6,-8,6,-12,5,-16,6,-15,7,-16,6,-18,5,-19,5,-23,3,-22,4,-22,4,-22,2,-27,1,-23,-2,-28,1,-29,-2,-29,-4,-32,-7,-29,-8,-34,-8,-31,-11,-36,-10,-33,-13,-37,-12,-38,-14,-36,-14,-40,-17,-43,-16,-42,-17,-44,-15,-44,-14,-47,-15,-49,-15,-47,-13,-49,0,0]"
CSI_DATA,261,1a:00:00:00:00:00,-49,11,1,0,1,1,1,0,0,0,1,-96,0,11,2,3800627,0,44,0,384,0,"[0,0,0,0,0,0,0,0,0,0,0,0,-4,12,-3,11,-2,11,-2,9,-2,9,-2,9,-1,8,-1,7,0,7,1,6,1,6,1,6,2,5,3,4,3,4,4,4,4,3,4,2,4,1,5,1,5,1,6,0,6,0,7,0,8,0,8,0,0,0,9,0,10,-1,10,-1,11,-1,10,0,11,0,11,0,11,0,11,0,11,2,10,2,9,2,9,2,9,2,9,3,9,3,9,3,8,3,8,4,7,4,6,5,5,4,5,5,4,5,3,5,2,5,0,0,0,0,0,0,0,0,0,0,0,0,0,0,-7,41,-9,41,-4,41,-5,36,-7,32,-3,33,-5,29,-3,32,-1,25,1,25,1,23,2,20,4,19,3,16,5,13,7,12,7,13,8,10,10,9,13,7,14,6,12,7,15,5,15,2,17,1,16,1,16,-3,20,-5,22,-5,23,-6,21,-8,24,-8,24,-4,27,-7,24,-9,31,-6,29,-4,30,-6,29,-2,28,0,31,-3,29,-2,30,1,29,2,25,2,26,0,27,4,25,5,26,6,23,6,21,8,21,8,19,10,16,10,15,12,13,11,9,15,0,0,0,0,0,0,0,0,0,0,0,0,0,0,0,0,0,0,0,0,0,0,7,-26,7,-28,8,-28,13,-27,12,-25,14,-23,13,-21,13,-22,14,-21,14,-19,14,-18,12,-14,13,-15,11,-13,8,-13,9,-11,4,-12,4,-10,1,-10,-1,-11,-3,-9,-4,-9,-6,-8,-9,-7,-10,-9,-15,-8,-14,-10,-16,-11,-15,-12,-19,-11,-18,-11,-21,-11,-20,-11,-22,-8,-22,-11,-26,-11,-22,-9,-28,-10,-29,-4,-30,-5,-31,-6,-33,-3,-33,-5,-35,-2,-37,-2,-38,3,-37,2,-39,1,-40,2,-43,1,-44,2,-45,2,-47,-3,-48,1,-51,-1,-50,-2,-49,-3,0,0]"
CSI_DATA,262,1a:00:00:00:00:00,-48,11,1,0,1,1,1,0,0,0,1,-96,0,11,2,3810153,0,44,0,384,0,"[0,0,0,0,0,0,0,0,0,0,0,0,12,3,11,2,10,2,10,2,9,2,8,1,8,0,7,0,6,0,6,0,6,-2,5,-3,4,-3,4,-3,4,-3,3,-5,3,-5,2,-5,2,-5,2,-6,1,-6,1,-6,0,-7,0,-8,0,-9,0,-9,0,0,0,-10,0,-10,-1,-11,0,-11,0,-11,0,-11,1,-12,1,-12,1,-12,2,-12,2,-11,3,-11,3,-10,3,-10,3,-10,4,-10,4,-9,3,-9,4,-8,4,-8,5,-7,5,-6,5,-5,6,-5,6,-4,5,-3,0,0,0,0,0,0,0,0,0,0,0,0,0,0,43,8,40,10,40,5,35,7,36,5,31,3,28,5,27,4,26,-1,23,0,21,-3,18,-2,21,-5,16,-7,13,-6,13,-11,12,-9,10,-13,8,-11,7,-12,7,-13,5,-15,2,-15,0,-15,-1,-17,-1,-19,-2,-19,-4,-19,-4,-22,-5,-23,-8,-24,-7,-26,-6,-27,-7,-27,-6,-27,-6,-28,-6,-29,-6,-31,-4,-30,-4,-31,-3,-30,0,-32,-1,-31,-1,-30,1,-29,3,-29,6,-28,3,-27,4,-26,6,-27,6,-23,7,-22,9,-20,10,-20,12,-17,13,-16,13,-11,0,0,0,0,0,0,0,0,0,0,0,0,0,0,0,0,0,0,0,0,0,0,-28,-11,-27,-12,-25,-15,-25,-18,-22,-17,-19,-18,-19,-16,-17,-16,-17,-19,-16,-14,-14,-19,-14,-14,-13,-14,-12,-14,-13,-11,-10,-11,-8,-8,-7,-8,-10,-2,-10,-1,-10,0,-9,3,-10,2,-11,5,-11,9,-11,10,-13,11,-13,13,-11,14,-13,17,-12,14,-12,18,-12,20,-10,21,-10,23,-12,23,-10,23,-10,23,-10,24,-7,28,-6,29,-5,30,-6,31,-5,35,-2,33,-1,39,-2,37,-3,39,-3,40,-3,43,-3,44,-1,44,-4,47,-2,44,-7,51,-3,50,-2,47,0,0]"
CSI_DATA,263,1a:00:00:00:00:00,-48,11,1,0,1,1,1,0,0,0,1,-96,0,11,2,3820128,0,44,0,384,0,"[0,0,0,0,0,0,0,0,0,0,0,0,11,5,10,4,10,4,9,3,8,3,8,2,7,1,7,1,5,0,6,0,6,-1,5,-1,5,-2,5,-3,4,-3,4,-4,3,-4,3,-5,3,-5,3,-5,2,-6,2,-6,1,-7,1,-8,1,-8,1,-8,0,0,1,-9,1,-10,1,-10,0,-11,2,-11,2,-11,2,-11,2,-11,2,-11,3,-11,4,-11,4,-10,4,-10,4,-10,4,-10,4,-9,5,-9,5,-8,5,-8,5,-7,5,-6,5,-6,6,-5,6,-4,6,-3,5,-2,0,0,0,0,0,0,0,0,0,0,0,0,0,0,78,35,74,36,75,30,66,31,60,27,53,26,51,20,51,21,45,11,49,19,43,8,37,8,37,0,36,-5,33,-3,32,-10,31,-10,26,-16,22,-17,25,-18,22,-24,18,-26,13,-26,16,-28,16,-32,13,-31,7,-35,2,-42,9,-39,-2,-47,2,-50,8,-54,6,-52,2,-58,2,-61,7,-61,11,-61,9,-62,14,-59,16,-58,17,-54,20,-58,22,-56,17,-53,26,-56,23,-51,25,-51,27,-49,25,-40,29,-43,25,-37,32,-37,30,-29,32,-24,36,-22,30,-18,30,-9,0,0,0,0,0,0,0,0,0,0,0,0,0,0,0,0,0,0,0,0,0,0,-53,-28,-47,-34,-44,-31,-43,-37,-39,-40,-33,-42,-34,-41,-30,-39,-31,-36,-23,-42,-24,-37,-22,-32,-26,-31,-14,-26,-12,-27,-16,-22,-16,-19,-17,-14,-18,-10,-15,-8,-18,-2,-19,3,-17,7,-20,7,-23,8,-23,17,-26,18,-28,22,-33,22,-29,28,-29,24,-30,32,-30,36,-29,34,-31,38,-31,39,-32,42,-28,45,-28,48,-28,51,-26,51,-26,59,-19,65,-23,64,-22,67,-14,73,-18,75,-17,78,-23,76,-25,88,-25,87,-19,87,-29,93,-29,87,-27,99,-30,92,-31,88,0,0]"
CSI_DATA,264,1a:00:00:00:00:00,-48,11,1,0,1,1,1,0,0,0,1,-96,0,11,2,3830819,0,44,0,384,0,"[0,0,0,0,0,0,0,0,0,0,0,0,10,6,9,6,9,4,9,4,8,4,8,3,7,2,7,1,7,1,6,0,6,-1,5,-1,5,-2,4,-3,4,-3,4,-4,3,-5,3,-5,3,-5,2,-6,2,-6,1,-7,1,-7,1,-8,1,-9,0,-9,0,0,-1,-10,0,-11,0,-12,-1,-12,0,-12,0,-12,0,-13,0,-12,0,-13,1,-12,2,-12,2,-12,2,-11,2,-12,3,-11,3,-11,3,-11,3,-10,4,-10,4,-9,4,-8,5,-8,5,-7,5,-6,6,-5,5,-4,0,0,0,0,0,0,0,0,0,0,0,0,0,0,69,-49,71,-51,58,-51,54,-48,49,-49,54,-36,45,-48,40,-42,36,-36,31,-31,25,-39,23,-29,16,-33,16,-30,11,-33,3,-32,7,-36,1,-33,-5,-32,-9,-31,-15,-29,-13,-28,-19,-25,-19,-24,-18,-27,-30,-25,-30,-28,-36,-25,-33,-23,-42,-22,-44,-22,-46,-22,-41,-30,-50,-24,-52,-19,-51,-33,-52,-33,-56,-29,-54,-33,-51,-31,-52,-36,-49,-35,-48,-37,-45,-41,-41,-40,-42,-41,-38,-38,-37,-38,-33,-39,-32,-39,-30,-39,-27,-36,-23,-39,-17,-34,-14,-39,-8,-38,-3,-34,0,0,0,0,0,0,0,0,0,0,0,0,0,0,0,0,0,0,0,0,0,0,-55,12,-55,9,-51,7,-57,1,-55,0,-57,-6,-49,-3,-48,-2,-50,-5,-45,-8,-43,-8,-37,-6,-36,-5,-33,-6,-30,-6,-28,-3,-23,3,-17,0,-16,2,-13,8,-12,12,-10,17,-8,15,-8,17,-2,24,0,28,-2,28,3,33,5,36,6,43,9,36,5,47,9,47,10,46,13,44,17,50,18,46,21,49,22,50,25,49,28,55,33,55,36,55,43,54,43,53,43,56,49,51,56,53,56,59,56,62,62,64,65,64,65,74,61,69,61,74,61,78,63,71,0,0]"
CSI_DATA,265,1a:00:00:00:00:00,-48,11,1,0,1,1,1,0,0,0,1,-96,0,11,2,3840257,0,44,0,384,0,"[0,0,0,0,0,0,0,0,0,0,0,0,7,9,7,8,7,7,7,7,7,6,6,6,6,4,5,4,5,3,6,2,5,2,5,0,6,0,5,-1,5,-2,6,-2,4,-3,4,-3,4,-3,4,-4,4,-5,4,-6,3,-6,4,-7,4,-8,4,-8,0,0,3,-9,5,-9,5,-10,4,-10,5,-10,6,-10,6,-10,6,-10,6,-10,6,-9,7,-9,7,-9,7,-9,7,-8,7,-7,7,-7,7,-6,7,-6,7,-6,7,-5,8,-4,7,-4,6,-3,7,-2,6,-1,6,-1,0,0,0,0,0,0,0,0,0,0,0,0,0,0,51,72,39,73,44,68,39,59,37,58,31,49,33,44,30,39,32,41,29,33,33,24,28,22,31,23,28,21,27,11,28,8,31,8,29,-4,26,3,29,-6,30,-12,26,-11,29,-19,22,-23,24,-20,28,-28,30,-28,25,-31,29,-33,24,-40,29,-44,27,-44,30,-44,30,-47,30,-49,34,-47,40,-50,39,-50,40,-45,39,-49,42,-47,42,-44,46,-37,47,-41,43,-31,44,-35,45,-31,45,-31,43,-27,41,-22,41,-19,41,-17,42,-11,41,-8,41,-3,37,1,36,2,0,0,0,0,0,0,0,0,0,0,0,0,0,0,0,0,0,0,0,0,0,0,-23,-53,-18,-55,-11,-54,-11,-58,-3,-53,-5,-52,0,-48,0,-51,4,-48,2,-43,2,-42,6,-39,2,-40,6,-29,-1,-27,-1,-26,-2,-27,-7,-19,-4,-15,-9,-17,-12,-16,-17,-9,-16,-9,-21,-5,-25,1,-26,-1,-32,-1,-34,-3,-35,1,-38,5,-38,3,-48,8,-48,9,-47,11,-48,12,-46,15,-46,17,-50,19,-48,23,-53,29,-55,23,-49,32,-57,36,-58,39,-52,38,-63,48,-58,47,-58,49,-62,54,-67,56,-66,54,-67,59,-75,56,-76,58,-76,61,-74,58,-75,59,0,0]"
CSI_DATA,266,1a:00:00:00:00:00,-48,11,1,0,1,1,1,0,0,0,1,-96,0,11,2,3850140,0,44,0,384,0,"[0,0,0,0,0,0,0,0,0,0,0,0,-2,-13,-2,-12,-3,-11,-3,-10,-3,-10,-3,-8,-4,-7,-3,-6,-4,-6,-4,-6,-4,-6,-4,-5,-5,-4,-5,-3,-5,-2,-5,-2,-6,-1,-6,-1,-6,0,-6,1,-6,1,-7,2,-7,2,-7,3,-8,3,-8,3,0,0,-9,4,-9,5,-9,4,-10,5,-10,5,-10,5,-11,5,-10,5,-11,5,-11,4,-11,3,-11,2,-11,3,-10,3,-11,2,-10,2,-10,1,-9,1,-10,0,-9,0,-9,-1,-8,-1,-8,-1,-8,-2,-7,-3,-5,-3,0,0,0,0,0,0,0,0,0,0,0,0,0,0,3,-43,1,-41,-4,-39,-1,-37,-3,-33,-1,-32,-5,-29,-5,-29,-5,-25,-6,-19,-8,-23,-8,-21,-9,-19,-10,-15,-8,-15,-10,-10,-12,-13,-12,-7,-14,-7,-14,-5,-16,-5,-17,-2,-16,1,-17,1,-15,4,-18,6,-18,4,-19,8,-19,8,-22,12,-21,8,-26,12,-25,11,-24,12,-26,15,-27,14,-27,13,-30,15,-30,11,-30,10,-30,12,-29,9,-30,6,-30,6,-29,6,-30,5,-27,5,-29,2,-26,0,-26,0,-25,0,-23,1,-23,-4,-21,-5,-21,-6,-17,-9,-17,-11,0,0,0,0,0,0,0,0,0,0,0,0,0,0,0,0,0,0,0,0,0,0,-12,26,-12,24,-16,23,-14,23,-18,20,-16,19,-18,16,-18,17,-17,18,-18,17,-18,13,-14,13,-15,12,-13,10,-13,9,-8,10,-6,8,-4,9,-6,4,-1,6,-1,8,4,7,1,8,5,7,8,9,11,7,14,9,13,10,14,10,18,10,16,7,20,9,21,9,21,8,25,8,22,7,24,8,24,7,27,4,29,5,29,6,30,0,31,2,35,-2,33,-3,36,0,37,0,38,-6,40,-6,42,-5,42,-4,45,-6,46,-5,46,-3,47,-5,46,-1,47,-2,0,0]"
CSI_DATA,267,1a:00:00:00:00:00,-48,11,1,0,1,1,1,0,0,0,1,-96,0,11,2,3891055,0,44,0,384,0,"[0,0,0,0,0,0,0,0,0,0,0,0,-3,12,-2,11,-1,10,-1,10,-1,9,-1,9,1,8,1,7,1,7,2,6,2,5,3,5,3,4,4,3,3,3,5,3,5,2,5,2,5,1,6,1,6,0,7,0,6,0,7,-2,8,-1,8,-2,0,0,9,-2,10,-2,10,-2,11,-2,10,-2,11,-2,11,-1,10,-1,10,0,11,0,11,0,10,1,10,1,10,2,10,2,10,3,9,2,8,3,8,3,7,3,7,4,6,4,6,4,5,4,4,5,3,5,0,0,0,0,0,0,0,0,0,0,0,0,0,0,0,42,1,36,2,37,3,32,2,34,-1,30,3,28,4,27,3,20,6,22,6,20,5,19,9,17,8,16,9,12,9,12,12,10,10,8,13,7,15,6,15,5,13,2,14,0,18,-1,13,-3,20,-5,20,-6,19,-8,21,-7,24,-10,23,-8,24,-10,24,-7,25,-10,27,-12,28,-9,29,-10,32,-11,30,-8,30,-7,28,-7,30,-3,29,-4,29,-3,28,-3,30,0,28,-1,26,-1,25,1,24,2,24,2,22,5,20,7,19,9,17,10,16,11,13,12,0,0,0,0,0,0,0,0,0,0,0,0,0,0,0,0,0,0,0,0,0,0,4,-29,7,-27,8,-26,10,-27,12,-24,14,-22,11,-22,14,-21,14,-21,13,-18,14,-18,14,-15,11,-17,10,-13,11,-11,8,-11,5,-11,4,-9,2,-9,1,-9,-1,-8,-5,-7,-6,-6,-6,-6,-9,-6,-11,-7,-12,-8,-13,-6,-14,-7,-20,-7,-17,-7,-23,-8,-22,-10,-21,-5,-25,-6,-24,-5,-25,-6,-28,-4,-27,-2,-29,-2,-32,0,-27,3,-35,2,-34,0,-35,7,-33,4,-38,6,-37,9,-38,5,-40,5,-41,6,-45,10,-48,6,-43,6,-45,5,-48,4,-44,4,0,0]"
CSI_DATA,268,1a:00:00:00:00:00,-48,11,1,0,1,1,1,0,0,0,1,-96,0,11,2,3900148,0,44,0,384,0,"[0,0,0,0,0,0,0,0,0,0,0,0,-3,-13,-4,-12,-5,-10,-4,-11,-5,-9,-4,-8,-4,-8,-5,-7,-5,-6,-5,-6,-5,-5,-6,-4,-6,-4,-6,-3,-6,-2,-6,-1,-6,0,-6,0,-7,0,-7,2,-7,2,-7,2,-7,3,-7,4,-8,4,-8,4,0,0,-8,6,-9,6,-9,6,-10,6,-10,6,-10,6,-10,6,-11,6,-11,6,-11,5,-11,5,-11,4,-10,3,-10,3,-11,2,-11,3,-11,2,-10,1,-11,1,-10,1,-9,0,-9,0,-9,-2,-8,-2,-7,-3,-6,-3,0,0,0,0,0,0,0,0,0,0,0,0,0,0,-10,-42,-11,-37,-13,-36,-9,-34,-11,-34,-11,-31,-11,-27,-12,-27,-10,-24,-11,-21,-12,-19,-14,-19,-13,-16,-10,-14,-12,-13,-17,-10,-16,-7,-16,-5,-14,-3,-17,-1,-18,-1,-16,2,-16,6,-19,6,-19,5,-16,8,-20,12,-18,13,-19,12,-20,18,-20,16,-21,21,-23,17,-23,21,-22,22,-24,19,-24,17,-27,18,-27,18,-27,17,-26,17,-26,16,-26,16,-28,16,-28,12,-28,12,-28,10,-27,10,-24,6,-24,9,-27,5,-24,4,-22,4,-22,0,-21,-3,-21,-4,-19,-7,0,0,0,0,0,0,0,0,0,0,0,0,0,0,0,0,0,0,0,0,0,0,-3,30,-7,27,-10,27,-12,27,-12,24,-13,23,-12,22,-14,21,-12,22,-12,17,-12,16,-12,16,-11,16,-12,14,-11,12,-8,8,-6,10,-4,5,-2,8,-1,5,-1,6,2,7,4,4,7,5,8,6,11,6,12,4,13,5,15,3,18,1,17,3,23,4,22,4,21,1,26,3,26,1,25,-1,26,-2,26,-5,28,-6,30,-5,29,-8,32,-8,33,-8,32,-11,35,-17,36,-15,35,-15,38,-15,40,-17,40,-19,41,-19,46,-18,38,-17,46,-15,44,-15,44,-18,0,0]"
CSI_DATA,269,1a:00:00:00:00:00,-48,11,1,0,1,1,1,0,0,0,1,-96,0,11,2,3910152,0,44,0,384,0,"[0,0,0,0,0,0,0,0,0,0,0,0,9,7,9,7,8,6,8,6,7,5,7,4,7,3,6,2,6,2,6,1,6,0,6,-1,5,-1,5,-2,5,-3,5,-3,4,-4,4,-4,4,-5,4,-5,3,-6,3,-7,3,-7,3,-8,3,-9,2,-9,0,0,3,-11,3,-11,3,-12,3,-11,3,-11,4,-12,4,-12,4,-12,5,-12,5,-11,5,-11,6,-11,6,-10,6,-10,6,-9,7,-10,6,-9,6,-8,7,-8,6,-7,7,-6,7,-5,7,-5,7,-4,7,-3,6,-2,0,0,0,0,0,0,0,0,0,0,0,0,0,0,81,-20,81,-16,75,-22,66,-20,61,-15,59,-18,53,-21,53,-20,47,-22,40,-20,36,-21,32,-22,27,-23,23,-20,22,-30,13,-27,17,-29,6,-31,9,-31,5,-28,-4,-31,1,-33,-8,-32,-10,-36,-11,-35,-16,-33,-20,-34,-23,-36,-26,-40,-29,-38,-27,-41,-30,-45,-30,-46,-36,-48,-37,-48,-33,-54,-34,-53,-33,-51,-27,-54,-32,-53,-26,-55,-26,-56,-20,-54,-23,-56,-14,-54,-17,-54,-13,-51,-12,-54,-10,-47,-6,-50,-5,-51,-4,-46,4,-45,6,-45,11,-41,14,-37,18,-31,0,0,0,0,0,0,0,0,0,0,0,0,0,0,0,0,0,0,0,0,0,0,-57,3,-55,1,-58,-9,-56,-17,-54,-13,-54,-14,-49,-14,-44,-16,-42,-20,-44,-15,-37,-19,-34,-21,-36,-19,-33,-16,-28,-16,-23,-15,-23,-10,-19,-9,-14,-5,-13,0,-13,2,-14,6,-5,11,-11,14,-8,18,-2,28,-6,26,-3,30,-6,33,-7,33,-2,37,-3,42,-3,44,-1,41,0,49,4,52,5,48,10,47,12,49,13,59,14,57,17,57,18,59,21,65,28,61,25,59,26,69,33,65,34,72,35,78,36,79,39,82,33,86,33,81,31,90,35,84,30,89,0,0]"
CSI_DATA,270,1a:00:00:00:00:00,-48,11,1,0,1,1,1,0,0,0,1,-96,0,11,2,3920141,0,44,0,384,0,"[0,0,0,0,0,0,0,0,0,0,0,0,12,1,11,1,11,1,10,0,9,0,8,-1,8,-2,7,-2,6,-2,6,-2,5,-3,5,-4,4,-5,3,-5,3,-5,2,-6,3,-6,2,-6,1,-6,1,-7,0,-7,-1,-7,-1,-7,-1,-8,-2,-9,-2,-9,0,0,-2,-11,-2,-10,-3,-11,-3,-11,-3,-10,-2,-11,-2,-12,-2,-12,-2,-12,-1,-12,0,-12,0,-12,1,-11,0,-12,0,-11,1,-10,2,-10,1,-10,2,-9,2,-9,3,-8,4,-8,3,-7,4,-6,4,-6,4,-4,0,0,0,0,0,0,0,0,0,0,0,0,0,0,41,1,39,5,40,0,34,2,32,2,29,3,28,-1,29,1,24,-2,21,-3,21,-7,17,-6,18,-7,15,-9,13,-8,11,-11,12,-12,8,-13,8,-13,6,-13,5,-15,3,-15,0,-18,1,-16,-1,-17,-3,-17,-3,-18,-5,-21,-6,-24,-8,-25,-7,-25,-8,-25,-7,-25,-11,-27,-12,-27,-9,-28,-11,-30,-9,-33,-8,-29,-6,-29,-6,-29,-4,-31,-2,-32,-2,-30,-3,-30,-2,-30,0,-27,0,-29,3,-27,3,-25,3,-24,5,-23,6,-23,7,-21,10,-17,10,-16,12,-13,0,0,0,0,0,0,0,0,0,0,0,0,0,0,0,0,0,0,0,0,0,0,-26,-15,-26,-15,-26,-18,-21,-22,-22,-18,-20,-18,-17,-19,-16,-20,-17,-20,-15,-19,-12,-18,-13,-16,-11,-17,-7,-19,-7,-12,-8,-12,-9,-9,-6,-7,-7,-7,-7,-3,-7,-1,-6,1,-9,1,-7,5,-7,7,-9,10,-9,10,-8,10,-9,13,-9,16,-9,17,-11,19,-9,20,-10,18,-10,20,-11,23,-8,24,-7,24,-8,25,-5,29,-4,29,-4,28,-2,32,-1,33,-2,33,2,37,1,36,0,36,2,40,0,43,3,43,1,44,0,48,0,43,-1,47,-1,45,-2,48,0,0]"
CSI_DATA,271,1a:00:00:00:00:00,-48,11,1,0,1,1,1,0,0,0,1,-96,0,11,2,3930326,0,44,0,384,0,"[0,0,0,0,0,0,0,0,0,0,0,0,6,11,6,9,6,9,6,8,6,7,5,6,5,6,5,4,5,4,5,3,6,3,5,1,5,1,5,0,5,-1,6,-1,5,-2,5,-3,5,-3,5,-4,5,-5,5,-6,5,-6,5,-6,6,-7,5,-8,0,0,5,-8,6,-9,6,-9,6,-9,6,-9,7,-9,8,-10,7,-9,8,-8,9,-9,9,-8,9,-8,8,-7,8,-7,9,-6,9,-6,9,-6,8,-5,8,-4,8,-4,8,-3,8,-3,8,-2,7,-1,7,0,6,0,0,0,0,0,0,0,0,0,0,0,0,0,0,0,33,75,33,69,35,64,34,64,36,55,29,55,33,49,28,42,28,37,28,34,31,34,26,25,29,26,31,20,29,16,33,10,34,4,31,1,25,2,27,-1,35,-10,34,-9,28,-13,32,-13,25,-18,31,-22,28,-29,24,-30,31,-32,30,-37,30,-35,38,-41,37,-38,38,-46,33,-50,40,-45,42,-43,43,-43,49,-46,45,-43,49,-42,44,-38,47,-37,49,-36,50,-33,49,-28,49,-27,49,-25,44,-21,50,-20,46,-15,46,-12,42,-8,42,-6,41,-3,39,4,35,5,0,0,0,0,0,0,0,0,0,0,0,0,0,0,0,0,0,0,0,0,0,0,-12,-59,-3,-55,3,-55,7,-60,8,-53,9,-52,12,-49,14,-51,14,-47,12,-44,20,-44,12,-37,12,-39,13,-31,17,-24,12,-22,7,-24,7,-19,2,-13,-6,-13,-8,-10,-11,-9,-16,-8,-17,-2,-18,-3,-25,-5,-27,1,-28,4,-33,1,-40,2,-35,6,-43,4,-46,6,-39,10,-53,9,-48,14,-53,14,-54,16,-54,19,-52,21,-54,23,-53,26,-57,31,-64,36,-57,40,-54,37,-62,35,-66,48,-63,43,-68,48,-71,50,-75,55,-80,49,-76,47,-83,52,-83,49,-81,46,0,0]"
CSI_DATA,272,1a:00:00:00:00:00,-48,11,1,0,1,1,1,0,0,0,1,-96,0,11,2,3940180,0,44,0,384,0,"[0,0,0,0,0,0,0,0,0,0,0,0,-11,-7,-10,-7,-10,-5,-10,-6,-9,-5,-9,-4,-8,-3,-8,-2,-7,-1,-7,-1,-7,-1,-7,0,-6,0,-6,1,-6,1,-5,2,-5,3,-4,4,-4,5,-5,4,-4,5,-4,5,-4,6,-3,8,-3,7,-3,8,0,0,-4,9,-4,10,-4,10,-4,10,-4,10,-5,10,-5,10,-6,9,-6,10,-6,9,-7,9,-6,9,-7,8,-7,8,-7,7,-8,8,-8,7,-8,6,-7,5,-7,4,-8,4,-8,3,-8,3,-7,2,-7,1,-6,0,0,0,0,0,0,0,0,0,0,0,0,0,0,0,-35,-24,-34,-24,-35,-19,-31,-19,-29,-18,-24,-15,-25,-15,-25,-12,-24,-10,-20,-9,-22,-6,-21,-4,-21,-4,-21,-1,-17,0,-16,3,-15,4,-14,6,-15,5,-15,9,-14,9,-13,13,-11,13,-7,14,-9,17,-7,18,-6,18,-6,20,-6,22,-6,26,-9,26,-6,28,-7,26,-8,27,-7,30,-10,30,-11,29,-10,30,-14,28,-14,29,-12,27,-15,30,-15,26,-14,28,-13,24,-17,26,-17,22,-18,22,-15,18,-17,19,-19,18,-18,16,-20,15,-18,11,-20,10,-18,7,-17,4,0,0,0,0,0,0,0,0,0,0,0,0,0,0,0,0,0,0,0,0,0,0,21,20,17,21,15,22,14,23,12,25,9,21,9,23,8,25,9,24,6,20,2,22,5,20,3,19,3,17,2,14,3,13,3,12,1,10,3,7,2,4,1,2,4,-1,5,-1,8,-2,9,-6,8,-7,12,-9,13,-9,15,-10,12,-11,15,-13,17,-15,16,-15,14,-17,16,-18,16,-17,18,-19,16,-20,14,-20,14,-26,16,-25,17,-26,15,-26,16,-31,13,-29,14,-38,16,-39,12,-37,15,-40,18,-42,19,-41,18,-44,21,-42,19,-43,21,-43,19,-45,22,-43,0,0]"
CSI_DATA,273,1a:00:00:00:00:00,-48,11,1,0,1,1,1,0,0,0,1,-96,0,11,2,3950148,0,44,0,384,0,"[0,0,0,0,0,0,0,0,0,0,0,0,-10,-9,-9,-8,-10,-7,-9,-7,-9,-5,-8,-5,-8,-4,-7,-3,-7,-2,-7,-2,-6,-1,-7,0,-7,0,-6,1,-6,1,-6,2,-5,3,-5,2,-5,3,-5,4,-5,5,-4,6,-4,6,-5,7,-4,7,-4,8,0,0,-4,9,-5,9,-5,9,-5,9,-6,10,-6,10,-6,10,-6,10,-6,9,-7,8,-7,9,-8,8,-7,8,-8,7,-7,7,-8,7,-8,6,-8,6,-8,5,-8,4,-9,4,-8,3,-8,3,-7,1,-7,0,-7,0,0,0,0,0,0,0,0,0,0,0,0,0,0,0,-76,-41,-69,-36,-67,-34,-65,-34,-61,-32,-61,-28,-59,-25,-53,-20,-49,-19,-50,-17,-48,-6,-40,-8,-42,-3,-40,-1,-42,1,-34,9,-37,14,-28,13,-27,14,-27,20,-20,24,-22,27,-18,29,-18,33,-16,37,-12,38,-13,40,-9,44,-9,47,-11,51,-11,47,-7,52,-9,52,-6,56,-4,60,-20,66,-16,64,-10,60,-22,62,-20,58,-23,59,-23,59,-25,55,-25,53,-25,49,-28,61,-26,50,-30,50,-28,43,-33,40,-32,38,-32,34,-36,32,-41,26,-36,21,-36,14,-36,11,0,0,0,0,0,0,0,0,0,0,0,0,0,0,0,0,0,0,0,0,0,0,42,37,39,40,40,45,32,46,30,44,24,48,23,42,18,45,21,41,15,38,14,41,11,40,9,31,7,31,5,26,5,23,11,18,6,12,11,12,6,6,7,8,7,-2,12,-7,14,-6,14,-12,16,-15,21,-18,25,-19,26,-27,26,-30,21,-29,31,-32,34,-34,30,-37,33,-32,30,-46,30,-40,33,-48,30,-47,26,-53,26,-56,23,-63,29,-62,23,-65,25,-66,17,-69,23,-69,25,-80,22,-79,32,-84,29,-84,29,-86,39,-86,36,-91,37,-94,35,-90,39,-87,0,0]"
CSI_DATA,274,1a:00:00:00:00:00,-48,11,1,0,1,1,1,0,0,0,1,-96,0,11,2,3962049,0,44,0,384,0,"[0,0,0,0,0,0,0,0,0,0,0,0,-4,-14,-3,-12,-5,-11,-3,-11,-4,-10,-3,-9,-5,-9,-4,-7,-4,-6,-5,-6,-4,-6,-5,-5,-5,-4,-6,-4,-6,-2,-7,-2,-6,-1,-6,0,-6,0,-7,1,-7,1,-8,2,-7,3,-8,3,-8,4,-8,4,0,0,-9,5,-10,5,-10,6,-10,6,-10,5,-10,5,-11,5,-11,4,-12,5,-12,4,-12,3,-11,3,-11,3,-11,2,-11,2,-12,2,-11,1,-10,1,-10,0,-9,0,-9,-2,-9,-1,-8,-2,-8,-2,-7,-4,-6,-4,0,0,0,0,0,0,0,0,0,0,0,0,0,0,-12,-43,-9,-40,-11,-35,-11,-34,-10,-33,-9,-30,-10,-28,-10,-26,-10,-22,-11,-21,-10,-19,-14,-14,-13,-15,-13,-16,-11,-11,-15,-10,-15,-8,-13,-7,-15,-3,-16,-2,-16,0,-17,1,-13,6,-16,5,-18,6,-19,7,-19,10,-19,13,-21,12,-20,16,-20,14,-19,17,-21,16,-23,16,-24,19,-27,15,-25,19,-25,19,-27,15,-28,17,-27,17,-30,13,-28,11,-29,14,-26,10,-28,11,-28,7,-27,7,-26,6,-24,6,-26,2,-26,3,-21,-2,-23,-2,-19,-4,-20,-6,-18,-7,0,0,0,0,0,0,0,0,0,0,0,0,0,0,0,0,0,0,0,0,0,0,-4,27,-8,27,-9,26,-10,25,-12,25,-12,21,-11,22,-12,20,-13,18,-14,19,-14,14,-14,13,-12,14,-12,13,-8,10,-5,11,-4,9,-4,7,-3,6,2,3,0,5,5,4,5,3,7,2,8,2,13,3,11,5,16,3,17,5,18,2,17,3,20,2,21,0,23,-1,22,0,23,0,23,-1,25,-1,28,-1,28,-8,29,-7,31,-9,30,-9,35,-10,30,-12,30,-17,35,-14,36,-16,37,-18,39,-17,42,-17,42,-18,45,-16,44,-17,44,-17,44,-15,43,-14,0,0]"
CSI_DATA,275,1a:00:00:00:00:00,-48,11,1,0,1,1,1,0,0,0,1,-96,0,11,2,3970166,0,44,0,384,0,"[0,0,0,0,0,0,0,0,0,0,0,0,11,5,10,3,10,3,10,3,9,3,8,2,8,1,7,0,7,0,6,-1,6,-1,5,-2,5,-2,5,-3,5,-3,4,-4,3,-5,3,-5,3,-6,3,-6,2,-6,2,-7,2,-7,1,-9,1,-9,1,-10,0,0,1,-11,1,-11,1,-12,1,-13,2,-12,2,-12,2,-12,3,-11,2,-12,4,-12,4,-12,4,-11,4,-10,5,-10,5,-10,5,-9,5,-10,5,-9,6,-8,5,-7,6,-7,6,-6,6,-5,6,-4,6,-3,6,-2,0,0,0,0,0,0,0,0,0,0,0,0,0,0,38,18,33,18,34,15,29,16,31,16,26,12,23,11,25,9,22,6,21,8,20,5,18,2,21,1,15,-2,16,-1,17,-5,17,-5,15,-8,11,-10,12,-10,10,-13,12,-14,9,-15,7,-15,7,-18,6,-20,5,-21,3,-22,6,-23,3,-25,3,-25,1,-28,4,-26,4,-28,1,-29,8,-32,7,-34,7,-32,8,-32,10,-30,8,-29,14,-31,10,-30,11,-27,15,-24,14,-27,15,-24,13,-22,15,-21,14,-24,16,-17,16,-17,15,-15,15,-13,18,-11,16,-8,16,-4,0,0,0,0,0,0,0,0,0,0,0,0,0,0,0,0,0,0,0,0,0,0,-24,-16,-19,-20,-20,-20,-18,-23,-16,-23,-16,-23,-12,-23,-10,-22,-12,-22,-11,-19,-7,-21,-9,-18,-8,-18,-6,-16,-3,-14,-4,-11,-5,-10,-3,-8,-5,-6,-4,-5,-4,-3,-5,-1,-5,2,-8,5,-9,6,-9,7,-8,9,-11,10,-14,11,-12,12,-12,13,-16,17,-14,16,-16,17,-15,18,-16,20,-16,20,-13,22,-14,25,-16,27,-13,27,-12,27,-13,30,-13,30,-12,30,-9,34,-13,33,-10,37,-12,38,-12,40,-13,43,-13,43,-16,43,-15,42,-18,45,-18,44,-17,44,0,0]"
CSI_DATA,276,1a:00:00:00:00:00,-48,11,1,0,1,1,1,0,0,0,1,-96,0,11,2,3990851,0,44,0,384,0,"[0,0,0,0,0,0,0,0,0,0,0,0,12,-1,11,-2,9,-1,10,-1,8,-2,8,-2,6,-3,6,-3,6,-3,5,-3,4,-4,3,-5,3,-4,3,-5,2,-5,1,-6,1,-6,0,-6,0,-6,-1,-6,-1,-7,-2,-7,-2,-7,-3,-8,-3,-9,-4,-9,0,0,-4,-10,-4,-10,-4,-11,-5,-11,-4,-11,-4,-11,-4,-12,-4,-11,-3,-11,-3,-11,-3,-11,-2,-11,-1,-11,-2,-11,-1,-11,-1,-11,0,-10,0,-10,0,-10,1,-9,1,-9,2,-8,3,-8,3,-7,3,-6,3,-5,0,0,0,0,0,0,0,0,0,0,0,0,0,0,41,3,40,3,35,1,34,-1,34,-1,30,1,29,0,27,-3,25,-3,20,-4,20,-5,17,-6,19,-6,17,-8,13,-10,10,-10,8,-12,9,-13,7,-14,5,-14,3,-14,4,-16,-1,-16,-2,-18,-1,-20,-3,-21,-3,-23,-7,-21,-7,-22,-10,-26,-8,-24,-9,-30,-8,-27,-9,-29,-12,-29,-8,-30,-8,-30,-7,-32,-7,-32,-6,-31,-7,-33,-4,-32,-3,-32,-2,-33,-3,-29,-1,-30,2,-30,2,-29,2,-27,5,-25,4,-25,6,-25,7,-21,9,-21,10,-19,11,-17,12,-15,0,0,0,0,0,0,0,0,0,0,0,0,0,0,0,0,0,0,0,0,0,0,-27,-7,-26,-10,-26,-13,-24,-13,-23,-13,-21,-13,-19,-15,-17,-15,-18,-17,-17,-17,-15,-16,-14,-14,-13,-12,-12,-11,-9,-10,-10,-9,-8,-5,-6,-7,-7,-4,-6,-1,-6,1,-6,1,-5,5,-6,5,-6,9,-6,11,-7,13,-6,15,-8,16,-5,17,-5,18,-7,19,-7,22,-5,24,-8,23,-7,23,-4,25,-2,26,-3,26,-1,30,-2,29,0,32,-1,31,2,36,4,34,8,39,5,38,4,39,5,39,5,43,3,42,7,45,6,47,1,46,3,50,4,48,2,48,0,0]"
CSI_DATA,277,1a:00:00:00:00:00,-48,11,1,0,1,1,1,0,0,0,1,-96,0,11,2,4000089,0,44,0,384,0,"[0,0,0,0,0,0,0,0,0,0,0,0,2,12,3,11,3,10,4,10,4,8,3,8,4,7,4,7,3,6,5,4,4,4,4,3,4,3,5,2,5,1,5,1,5,0,6,0,6,-1,7,-2,6,-2,7,-3,7,-3,7,-4,8,-5,8,-6,0,0,9,-5,10,-5,11,-5,10,-6,11,-5,11,-5,11,-5,11,-5,11,-4,11,-3,11,-3,11,-3,11,-2,11,-2,11,-1,11,-1,10,-1,10,0,9,1,9,1,9,2,8,2,7,2,7,3,5,4,5,4,0,0,0,0,0,0,0,0,0,0,0,0,0,0,4,43,2,40,5,37,4,33,2,33,7,29,3,27,5,28,5,22,7,18,8,18,9,18,10,15,11,11,10,13,11,9,12,7,10,7,14,6,14,4,14,1,15,0,15,-3,16,-3,17,-4,19,-5,19,-7,18,-10,22,-10,21,-11,22,-11,27,-14,25,-11,26,-13,27,-14,27,-12,28,-11,30,-13,30,-10,36,-8,29,-9,31,-5,31,-6,31,-5,30,-3,27,-1,28,-2,27,-1,27,0,24,2,22,4,24,6,20,5,18,6,16,8,17,11,13,10,0,0,0,0,0,0,0,0,0,0,0,0,0,0,0,0,0,0,0,0,0,0,-2,-28,0,-28,3,-29,6,-26,6,-27,8,-24,7,-21,9,-21,9,-21,9,-21,11,-17,9,-16,9,-17,10,-14,7,-12,5,-10,4,-10,2,-8,0,-8,-1,-6,-2,-2,-7,-5,-6,-4,-9,-2,-9,-3,-14,-2,-13,-4,-15,-3,-18,-3,-18,-2,-22,-1,-22,-3,-23,-1,-22,-2,-27,-1,-26,0,-27,1,-26,1,-29,2,-30,5,-31,4,-32,8,-33,7,-34,8,-33,8,-35,14,-37,11,-38,13,-40,15,-39,13,-44,12,-46,13,-48,13,-43,13,-46,10,-49,12,-47,10,0,0]"
CSI_DATA,278,1a:00:00:00:00:00,-48,11,1,0,1,1,1,0,0,0,1,-96,0,11,2,4011089,0,44,0,384,0,"[0,0,0,0,0,0,0,0,0,0,0,0,-10,-7,-10,-6,-10,-5,-10,-5,-8,-4,-8,-3,-8,-2,-7,-2,-6,-2,-7,-1,-6,0,-6,1,-5,1,-6,2,-5,2,-4,3,-4,3,-4,4,-4,5,-3,5,-3,5,-3,6,-3,6,-2,7,-3,8,-2,8,0,0,-2,10,-3,10,-3,10,-3,10,-3,10,-3,11,-3,11,-4,11,-4,10,-4,10,-5,10,-5,10,-5,9,-6,9,-5,8,-6,8,-6,7,-6,7,-7,6,-6,6,-7,5,-7,5,-6,4,-7,4,-7,2,-6,2,0,0,0,0,0,0,0,0,0,0,0,0,0,0,-59,-64,-54,-61,-59,-56,-53,-50,-52,-50,-45,-45,-46,-37,-41,-34,-38,-25,-37,-23,-32,-16,-38,-18,-36,-14,-32,-8,-31,-6,-28,1,-31,1,-29,9,-25,12,-29,15,-27,20,-28,20,-21,23,-20,27,-20,30,-22,36,-20,36,-20,43,-21,45,-20,49,-16,50,-15,51,-19,53,-19,58,-20,56,-22,50,-23,58,-24,59,-28,57,-31,55,-29,54,-26,53,-31,53,-35,53,-35,48,-34,49,-35,42,-37,43,-35,38,-37,35,-38,31,-37,27,-37,28,-39,22,-37,18,-36,12,-38,6,0,0,0,0,0,0,0,0,0,0,0,0,0,0,0,0,0,0,0,0,0,0,20,49,16,48,12,51,8,52,5,51,1,48,2,46,-3,43,-3,45,-2,39,-5,39,-7,34,-4,34,-4,31,-2,26,-5,22,2,20,2,19,3,11,5,8,8,3,14,3,17,-2,20,-5,20,-9,26,-5,22,-10,30,-6,30,-15,31,-16,33,-18,36,-18,41,-19,37,-21,45,-27,48,-29,44,-26,38,-35,41,-34,43,-41,47,-45,43,-47,43,-51,52,-55,43,-51,42,-67,42,-64,46,-66,48,-69,54,-71,53,-70,55,-75,64,-81,58,-71,56,-79,62,-72,59,-71,0,0]"
CSI_DATA,279,1a:00:00:00:00:00,-48,11,1,0,1,1,1,0,0,0,1,-96,0,11,2,4020791,0,44,0,384,0,"[0,0,0,0,0,0,0,0,0,0,0,0,3,11,4,10,4,9,4,9,4,8,3,6,4,6,4,5,4,4,5,4,4,3,5,2,5,1,5,1,5,0,5,-1,5,-1,5,-2,5,-3,5,-3,5,-4,6,-4,6,-5,6,-6,7,-6,6,-7,0,0,7,-8,8,-7,8,-8,8,-7,8,-8,9,-8,9,-8,8,-7,9,-7,9,-6,10,-7,9,-5,10,-5,10,-5,9,-5,10,-4,9,-4,9,-3,9,-3,8,-2,8,-2,8,-1,7,0,7,1,6,1,5,2,0,0,0,0,0,0,0,0,0,0,0,0,0,0,14,83,14,79,15,72,13,68,14,66,10,60,13,54,15,51,14,49,14,40,17,31,17,31,23,33,25,27,23,20,24,19,30,15,28,15,25,9,33,5,33,2,27,-3,33,-5,36,-7,31,-11,34,-17,35,-17,41,-21,44,-21,47,-30,48,-24,50,-25,46,-25,54,-30,50,-30,58,-24,58,-24,57,-24,58,-28,58,-23,57,-20,61,-20,61,-21,61,-15,60,-13,58,-11,56,-8,56,-7,49,-8,50,1,49,2,47,9,44,8,41,12,34,15,31,20,31,15,0,0,0,0,0,0,0,0,0,0,0,0,0,0,0,0,0,0,0,0,0,0,-6,-56,5,-49,7,-48,14,-54,17,-50,15,-44,22,-44,15,-41,18,-42,21,-36,18,-29,16,-33,20,-29,15,-29,12,-26,10,-23,7,-19,4,-13,6,-9,-2,-12,-8,-11,-9,-11,-16,-9,-18,-4,-23,-9,-27,-2,-26,-7,-34,-6,-35,-5,-39,-4,-42,-5,-39,-5,-44,-2,-49,-4,-49,-3,-53,1,-52,3,-52,4,-54,7,-62,14,-61,12,-65,16,-67,13,-68,26,-64,19,-78,28,-78,29,-74,28,-80,21,-87,30,-82,27,-88,34,-89,26,-94,29,-91,25,-89,25,-92,20,0,0]"
CSI_DATA,280,1a:00:00:00:00:00,-48,11,1,0,1,1,1,0,0,0,1,-96,0,11,2,4030350,0,44,0,384,0,"[0,0,0,0,0,0,0,0,0,0,0,0,10,6,10,5,9,4,9,4,8,4,8,3,7,2,6,1,6,0,6,-1,5,-1,5,-2,5,-2,5,-3,5,-4,4,-4,4,-5,3,-5,3,-6,3,-6,2,-7,2,-7,2,-8,1,-9,1,-10,1,-10,0,0,2,-11,2,-11,1,-12,1,-12,2,-12,3,-12,2,-12,3,-12,4,-13,3,-11,4,-12,4,-11,4,-11,5,-11,5,-9,6,-10,5,-9,5,-9,5,-8,5,-7,6,-7,6,-6,6,-5,6,-5,6,-4,6,-2,0,0,0,0,0,0,0,0,0,0,0,0,0,0,25,31,24,32,25,29,22,27,21,26,19,20,21,18,19,19,17,16,17,13,16,11,17,10,19,8,14,5,14,3,14,0,14,0,15,-2,13,-4,12,-5,14,-10,11,-7,10,-12,11,-14,10,-15,10,-15,11,-16,10,-20,10,-21,9,-25,11,-24,10,-28,11,-23,14,-28,11,-30,14,-30,13,-31,15,-27,16,-28,17,-26,16,-26,21,-25,22,-26,20,-25,19,-24,21,-21,20,-19,20,-20,18,-17,18,-16,21,-16,18,-12,20,-12,19,-8,19,-5,17,-5,18,-2,0,0,0,0,0,0,0,0,0,0,0,0,0,0,0,0,0,0,0,0,0,0,-10,-25,-6,-26,-5,-26,-1,-27,-2,-24,0,-24,1,-24,0,-24,2,-22,1,-19,1,-21,1,-17,0,-17,2,-16,3,-11,2,-9,0,-10,0,-8,0,-7,-5,-5,-5,-6,-7,-1,-8,-2,-10,-1,-11,1,-13,3,-15,1,-17,5,-17,4,-19,6,-19,8,-23,9,-21,8,-21,12,-23,10,-22,11,-22,10,-23,13,-25,14,-25,17,-25,18,-23,22,-26,20,-24,23,-25,24,-30,29,-28,29,-25,28,-29,31,-30,30,-28,30,-31,34,-33,35,-34,29,-36,34,-35,32,-35,32,0,0]"
CSI_DATA,281,1a:00:00:00:00:00,-48,11,1,0,1,1,1,0,0,0,1,-96,0,11,2,4040160,0,44,0,384,0,"[0,0,0,0,0,0,0,0,0,0,0,0,0,12,-1,11,0,10,1,9,1,8,1,7,1,7,2,6,2,6,3,5,3,5,4,4,4,3,4,2,5,2,5,1,5,1,5,0,5,-1,6,-2,6,-1,7,-2,7,-3,7,-4,8,-4,8,-4,0,0,8,-4,9,-5,9,-5,10,-6,10,-4,11,-5,11,-5,10,-4,11,-5,11,-4,11,-3,10,-2,10,-2,10,-2,10,-2,10,-1,10,-1,9,-1,9,0,8,0,8,1,8,1,7,2,6,2,6,3,5,3,0,0,0,0,0,0,0,0,0,0,0,0,0,0,-2,39,-1,37,3,36,2,33,1,32,1,29,2,28,5,27,4,23,6,21,6,18,7,17,8,16,9,15,9,12,12,9,12,7,13,6,14,5,13,3,19,-2,16,1,17,1,18,-4,15,-5,19,-6,19,-7,21,-12,21,-11,23,-10,23,-11,25,-11,25,-11,26,-11,24,-14,27,-9,28,-11,28,-14,29,-10,28,-13,32,-8,28,-8,31,-5,30,-6,29,-4,29,-4,29,-2,26,-1,26,-3,25,0,25,2,23,3,22,3,17,7,18,7,17,7,14,10,0,0,0,0,0,0,0,0,0,0,0,0,0,0,0,0,0,0,0,0,0,0,6,-26,7,-25,11,-25,11,-24,14,-20,14,-21,11,-19,13,-17,12,-19,11,-15,12,-16,11,-15,11,-15,9,-11,9,-8,7,-8,4,-8,2,-7,3,-5,-1,-7,-3,-6,-6,-5,-5,-5,-8,-5,-12,-7,-15,-6,-15,-5,-15,-6,-17,-7,-19,-6,-19,-6,-23,-5,-22,-6,-24,-4,-26,-6,-26,-3,-25,-5,-28,-2,-28,-2,-31,1,-32,0,-33,1,-33,4,-35,6,-34,6,-35,7,-36,5,-41,7,-41,7,-41,9,-42,7,-45,8,-48,6,-44,6,-48,5,-50,9,-47,7,0,0]"
CSI_DATA,282,1a:00:00:00:00:00,-48,11,1,0,1,1,1,0,0,0,1,-96,0,11,2,4050389,0,44,0,384,0,"[0,0,0,0,0,0,0,0,0,0,0,0,-9,-9,-8,-8,-9,-8,-8,-7,-8,-7,-7,-5,-7,-4,-7,-3,-7,-2,-7,-2,-6,-2,-6,-1,-7,0,-6,1,-6,1,-6,3,-4,3,-5,4,-5,4,-5,5,-5,5,-5,6,-4,6,-5,7,-5,8,-4,8,0,0,-5,9,-6,10,-5,10,-6,11,-6,10,-6,10,-6,10,-7,10,-7,10,-7,10,-8,9,-8,9,-8,8,-8,8,-9,7,-9,7,-8,7,-8,6,-8,5,-8,4,-8,4,-9,3,-8,2,-8,2,-8,1,-7,-1,0,0,0,0,0,0,0,0,0,0,0,0,0,0,-54,-69,-54,-68,-51,-55,-51,-47,-48,-52,-41,-46,-44,-41,-38,-35,-44,-30,-37,-25,-32,-18,-35,-12,-35,-13,-34,-9,-34,-6,-30,0,-30,1,-28,5,-27,7,-29,17,-27,18,-28,24,-24,30,-17,26,-23,31,-19,37,-26,38,-22,41,-21,42,-25,48,-20,55,-19,55,-22,54,-23,55,-24,59,-29,54,-30,60,-25,59,-32,60,-31,58,-35,57,-44,54,-42,52,-38,55,-35,43,-38,49,-35,40,-37,44,-37,31,-33,36,-38,34,-41,30,-39,29,-38,22,-39,15,-34,10,-35,4,0,0,0,0,0,0,0,0,0,0,0,0,0,0,0,0,0,0,0,0,0,0,20,51,17,47,15,54,6,49,3,53,-1,49,-1,44,-2,49,-2,42,-4,46,-4,41,-9,36,-4,34,-3,27,0,25,-3,23,-2,20,0,16,6,8,7,13,10,8,15,1,15,-3,14,-4,24,2,23,-6,30,-10,33,-8,40,-10,38,-14,40,-14,36,-14,42,-13,43,-22,45,-22,46,-25,48,-27,50,-30,47,-34,50,-44,52,-36,50,-44,48,-46,48,-53,50,-48,47,-63,47,-60,53,-61,56,-68,64,-70,69,-69,57,-76,61,-68,65,-75,67,-74,61,-69,70,-72,0,0]"
CSI_DATA,283,1a:00:00:00:00:00,-48,11,1,0,1,1,1,0,0,0,1,-96,0,11,2,4060135,0,44,0,384,0,"[0,0,0,0,0,0,0,0,0,0,0,0,-12,3,-11,3,-9,3,-9,3,-8,3,-7,3,-7,4,-6,4,-6,5,-4,3,-4,5,-3,4,-2,4,-1,4,-1,5,0,5,1,5,0,5,2,5,2,5,3,5,3,6,4,5,5,5,5,6,6,6,0,0,6,8,6,8,7,8,7,8,6,8,6,8,6,9,6,9,6,10,5,9,5,9,5,9,5,9,4,10,4,9,4,9,3,9,3,8,2,8,1,8,0,8,0,7,-1,7,-1,7,-2,6,-2,5,0,0,0,0,0,0,0,0,0,0,0,0,0,0,-81,4,-76,9,-73,15,-65,7,-68,8,-53,12,-53,9,-52,14,-43,11,-41,16,-35,20,-33,18,-30,23,-25,19,-17,24,-14,25,-13,27,-7,28,-3,30,-2,30,5,31,2,32,10,33,12,36,17,33,17,36,22,39,29,38,29,41,32,44,34,43,35,47,31,47,41,52,40,47,37,58,37,55,40,54,31,60,32,58,36,55,25,60,23,57,22,60,22,59,19,56,17,59,15,57,16,54,3,53,8,49,4,49,5,46,-1,42,-6,42,-11,39,-17,34,0,0,0,0,0,0,0,0,0,0,0,0,0,0,0,0,0,0,0,0,0,0,52,8,50,19,47,21,44,24,44,25,39,30,33,27,35,26,36,27,31,27,28,27,25,18,29,24,19,20,17,18,20,15,12,7,14,13,12,7,13,-2,11,-4,11,-7,17,-8,8,-13,7,-19,8,-24,13,-29,15,-36,12,-31,12,-43,7,-37,11,-47,9,-45,9,-47,8,-48,1,-51,4,-53,0,-57,-4,-59,0,-57,-3,-61,-11,-67,-12,-70,-11,-70,-12,-70,-22,-78,-23,-80,-18,-75,-24,-75,-24,-85,-23,-87,-28,-90,-19,-95,-22,-94,-24,-96,-28,-93,-16,-92,0,0]"
CSI_DATA,284,1a:00:00:00:00:00,-48,11,1,0,1,1,1,0,0,0,1,-96,0,11,2,4070139,0,44,0,384,0,"[0,0,0,0,0,0,0,0,0,0,0,0,-11,-8,-10,-7,-10,-6,-9,-6,-9,-5,-8,-3,-7,-3,-7,-2,-7,-1,-7,-1,-6,0,-6,1,-6,1,-5,2,-5,3,-5,4,-5,4,-4,5,-4,6,-4,6,-4,6,-3,7,-3,7,-3,9,-3,9,-3,10,0,0,-3,11,-3,11,-3,11,-3,12,-3,12,-4,12,-3,12,-4,12,-5,12,-5,11,-6,11,-6,11,-5,10,-6,10,-6,10,-6,9,-6,9,-6,8,-7,8,-6,7,-7,6,-7,5,-7,5,-7,4,-7,3,-6,1,0,0,0,0,0,0,0,0,0,0,0,0,0,0,-66,-43,-61,-41,-69,-34,-54,-38,-52,-32,-50,-27,-48,-22,-46,-24,-44,-18,-45,-15,-41,-7,-35,-4,-35,-4,-29,-3,-29,5,-26,8,-26,12,-23,11,-27,20,-25,22,-20,29,-18,27,-13,30,-14,33,-13,39,-12,43,-10,42,-8,49,-7,45,-5,54,-6,53,-10,59,-8,55,-8,57,-7,61,-9,63,-12,66,-14,63,-18,63,-18,61,-20,62,-24,59,-27,59,-25,59,-24,53,-28,53,-33,49,-30,48,-27,46,-29,39,-27,40,-32,36,-31,33,-33,25,-33,25,-35,22,-34,16,0,0,0,0,0,0,0,0,0,0,0,0,0,0,0,0,0,0,0,0,0,0,35,39,30,42,25,42,25,45,21,46,21,42,18,41,16,41,14,42,9,37,9,38,8,36,8,33,7,30,5,24,2,21,8,20,6,15,10,14,10,8,13,4,16,-1,16,-3,15,-5,22,-6,15,-18,22,-17,25,-17,27,-21,29,-20,27,-23,31,-27,36,-26,30,-29,33,-35,31,-38,33,-34,36,-41,31,-42,34,-50,32,-49,31,-54,29,-54,35,-62,28,-63,32,-57,31,-70,35,-77,29,-71,33,-82,33,-80,34,-85,41,-87,40,-82,41,-85,37,-83,42,-79,0,0]"
CSI_DATA,285,1a:00:00:00:00:00,-48,11,1,0,1,1,1,0,0,0,1,-96,0,11,2,4100174,0,44,0,384,0,"[0,0,0,0,0,0,0,0,0,0,0,0,0,11,0,9,1,9,1,8,1,7,1,7,2,6,2,6,3,4,3,4,3,4,4,3,5,2,5,2,5,1,6,1,5,0,6,0,6,-1,6,-1,7,-2,7,-2,8,-2,8,-3,9,-3,8,-4,0,0,9,-4,10,-4,10,-4,11,-5,10,-4,11,-4,11,-4,11,-4,11,-3,11,-2,11,-2,11,-2,10,-1,10,-1,10,-1,10,0,10,0,9,0,8,1,8,1,8,2,7,2,6,2,6,3,5,4,4,4,0,0,0,0,0,0,0,0,0,0,0,0,0,0,-4,39,-8,37,-2,36,-2,30,0,30,-1,28,2,24,0,24,3,23,5,20,5,17,7,14,9,16,11,14,10,12,12,8,13,7,14,4,14,5,14,4,16,2,17,0,16,-1,19,-2,19,-4,21,-4,21,-5,21,-7,24,-8,25,-10,24,-11,28,-11,28,-9,31,-11,29,-12,33,-10,31,-11,32,-11,30,-8,31,-8,33,-6,32,-7,29,-4,30,-3,28,-1,28,-1,29,0,28,0,28,1,23,2,23,4,22,3,22,5,19,7,19,11,17,8,14,12,0,0,0,0,0,0,0,0,0,0,0,0,0,0,0,0,0,0,0,0,0,0,10,-28,13,-24,14,-23,16,-23,15,-19,17,-17,19,-16,16,-17,16,-16,14,-14,16,-14,14,-12,14,-12,14,-10,10,-7,8,-6,5,-9,5,-5,4,-6,3,-5,2,-6,-4,-4,-4,-7,-4,-5,-6,-6,-10,-5,-12,-6,-10,-8,-15,-7,-15,-7,-16,-7,-18,-7,-20,-7,-20,-8,-22,-8,-22,-7,-26,-7,-24,-6,-28,-4,-29,-2,-28,-3,-32,-2,-31,-3,-33,-3,-31,1,-39,5,-36,0,-39,5,-40,2,-42,1,-43,4,-46,5,-44,3,-44,1,-46,2,-43,0,-44,0,0,0]"
CSI_DATA,286,1a:00:00:00:00:00,-48,11,1,0,1,1,1,0,0,0,1,-96,0,11,2,4111184,0,44,0,384,0,"[0,0,0,0,0,0,0,0,0,0,0,0,-5,-12,-5,-10,-5,-8,-6,-9,-5,-8,-5,-7,-6,-6,-5,-5,-6,-4,-6,-4,-6,-3,-6,-2,-7,-2,-6,-1,-7,0,-7,0,-7,1,-7,1,-7,2,-7,3,-7,4,-7,4,-7,4,-9,5,-8,6,-8,6,0,0,-9,7,-10,7,-10,7,-10,8,-10,7,-10,7,-11,8,-11,7,-11,7,-12,5,-12,5,-11,4,-11,4,-11,4,-11,3,-11,3,-11,3,-10,2,-10,2,-9,1,-10,0,-9,0,-9,-1,-8,-2,-8,-3,-7,-3,0,0,0,0,0,0,0,0,0,0,0,0,0,0,-34,-70,-25,-69,-33,-60,-27,-57,-28,-52,-22,-42,-17,-36,-29,-41,-24,-39,-30,-36,-31,-25,-30,-28,-28,-21,-32,-18,-33,-17,-31,-7,-38,-3,-33,-1,-32,1,-32,8,-39,13,-31,13,-32,18,-33,23,-29,24,-32,28,-35,30,-37,35,-40,31,-37,40,-41,41,-44,44,-45,40,-47,45,-41,39,-49,45,-50,43,-47,43,-55,41,-52,43,-47,36,-61,33,-56,30,-54,28,-53,26,-52,32,-52,20,-55,21,-53,18,-50,16,-47,15,-48,7,-46,9,-40,1,-45,-2,-37,-5,-33,-14,0,0,0,0,0,0,0,0,0,0,0,0,0,0,0,0,0,0,0,0,0,0,2,54,-3,57,-5,52,-11,57,-16,49,-19,49,-16,43,-16,41,-18,42,-19,34,-17,37,-19,31,-19,30,-21,27,-13,19,-11,20,-9,16,-10,14,-6,10,4,12,0,4,10,8,11,4,12,4,11,3,23,0,28,1,30,0,29,-2,36,-3,31,-6,40,-4,41,-5,41,-4,46,-10,43,-9,46,-12,47,-15,50,-13,52,-18,55,-24,55,-23,62,-27,57,-31,59,-32,72,-39,62,-38,63,-42,69,-42,70,-44,70,-40,72,-45,79,-47,73,-41,79,-42,80,-47,77,-39,0,0]"
CSI_DATA,287,1a:00:00:00:00:00,-48,11,1,0,1,1,1,0,0,0,1,-96,0,11,2,4130430,0,44,0,384,0,"[0,0,0,0,0,0,0,0,0,0,0,0,10,4,9,2,9,2,9,2,8,0,7,1,7,-1,6,-1,6,-2,5,-2,5,-3,4,-4,4,-4,4,-4,4,-5,3,-6,2,-7,2,-7,1,-6,1,-7,1,-7,0,-8,0,-9,0,-10,0,-10,-1,-11,0,0,-1,-12,-1,-12,-1,-13,-1,-12,-1,-13,0,-13,0,-13,1,-12,0,-13,1,-12,1,-13,2,-12,2,-12,2,-11,2,-10,3,-10,3,-11,3,-9,3,-9,3,-8,4,-8,4,-7,4,-7,5,-6,5,-5,5,-4,0,0,0,0,0,0,0,0,0,0,0,0,0,0,75,28,69,34,67,22,58,15,63,18,52,17,51,14,48,7,44,6,39,4,40,-5,36,-4,35,-9,34,-10,32,-9,28,-22,24,-23,22,-27,24,-23,20,-31,16,-34,15,-35,7,-37,6,-41,6,-40,4,-46,-1,-43,2,-50,3,-51,0,-58,-4,-57,-4,-61,-1,-62,-2,-61,-6,-68,-2,-62,1,-68,-1,-73,4,-69,11,-65,10,-67,12,-68,16,-65,13,-63,13,-63,17,-60,17,-53,20,-60,19,-48,17,-46,24,-48,21,-47,25,-40,28,-38,30,-32,28,-26,29,-20,0,0,0,0,0,0,0,0,0,0,0,0,0,0,0,0,0,0,0,0,0,0,-41,-47,-32,-46,-33,-49,-27,-48,-24,-49,-23,-46,-19,-45,-15,-48,-14,-44,-10,-44,-8,-41,-5,-38,-8,-34,-3,-36,-3,-31,-7,-29,-5,-21,-8,-22,-9,-12,-8,-10,-9,-5,-12,0,-12,-1,-14,8,-16,10,-18,13,-20,14,-18,14,-23,20,-21,29,-23,22,-29,31,-25,31,-26,31,-26,39,-28,37,-28,43,-26,41,-28,44,-24,54,-22,54,-22,60,-23,56,-21,69,-16,60,-22,68,-23,71,-15,72,-15,76,-23,83,-23,78,-21,86,-22,89,-26,85,-28,86,-28,81,-29,86,0,0]"
CSI_DATA,288,1a:00:00:00:00:00,-48,11,1,0,1,1,1,0,0,0,1,-96,0,11,2,4140113,0,44,0,384,0,"[0,0,0,0,0,0,0,0,0,0,0,0,-11,-4,-11,-4,-10,-3,-10,-3,-9,-2,-8,-1,-8,0,-7,0,-7,1,-7,1,-6,2,-5,3,-5,3,-5,4,-5,4,-4,5,-3,6,-3,5,-3,6,-2,6,-2,7,-1,8,-1,8,-1,9,-1,9,0,10,0,0,0,11,-1,11,0,12,0,11,-1,12,-1,12,-1,13,-1,12,-2,12,-3,11,-3,12,-3,11,-4,10,-4,11,-4,9,-5,10,-4,9,-5,9,-5,8,-5,8,-6,7,-5,6,-6,5,-6,5,-6,4,-5,3,0,0,0,0,0,0,0,0,0,0,0,0,0,0,-31,-18,-32,-17,-33,-13,-29,-15,-30,-12,-25,-12,-25,-8,-19,-6,-22,-6,-19,-2,-17,-1,-19,0,-18,5,-15,4,-15,3,-13,5,-13,8,-13,9,-10,11,-11,11,-10,13,-7,16,-4,16,-5,19,-2,19,-2,22,-3,22,-1,22,-3,26,1,28,-1,27,1,29,-2,30,0,29,2,31,-5,34,-2,32,0,33,-4,33,-4,31,-4,33,-7,30,-6,30,-9,32,-8,28,-10,28,-11,27,-11,27,-10,23,-10,24,-12,22,-12,22,-12,18,-15,16,-13,15,-16,11,-16,9,0,0,0,0,0,0,0,0,0,0,0,0,0,0,0,0,0,0,0,0,0,0,18,23,15,24,12,23,8,24,7,26,7,25,7,24,4,22,5,23,3,20,0,22,0,17,1,16,1,17,-1,14,0,11,1,11,0,9,3,4,2,7,2,3,4,2,5,0,5,-3,6,-4,6,-5,8,-6,10,-6,12,-11,12,-12,13,-12,14,-15,14,-15,13,-15,14,-18,15,-17,14,-21,15,-21,15,-23,16,-23,14,-27,12,-27,13,-29,12,-32,12,-32,9,-31,13,-33,11,-35,12,-38,15,-40,15,-37,15,-40,16,-42,15,-40,19,-43,15,-40,18,-42,0,0]"
CSI_DATA,289,1a:00:00:00:00:00,-48,11,1,0,1,1,1,0,0,0,1,-96,0,11,2,4160139,0,44,0,384,0,"[0,0,0,0,0,0,0,0,0,0,0,0,10,-1,10,-1,9,-1,8,-2,8,-2,6,-3,6,-4,5,-3,5,-4,4,-4,3,-5,3,-5,2,-6,2,-6,1,-6,0,-7,0,-7,-1,-7,-1,-7,-1,-7,-2,-8,-2,-8,-3,-8,-3,-9,-4,-9,-5,-10,0,0,-5,-11,-5,-11,-5,-12,-5,-12,-4,-11,-4,-12,-5,-12,-3,-12,-4,-13,-3,-13,-2,-12,-2,-12,-1,-12,-1,-12,-1,-11,-1,-11,0,-11,0,-10,1,-10,1,-9,1,-9,2,-9,2,-8,3,-7,4,-6,3,-5,0,0,0,0,0,0,0,0,0,0,0,0,0,0,39,1,36,3,33,-1,31,1,31,-1,26,-1,26,0,25,-3,20,-5,22,-6,16,-5,17,-8,16,-9,12,-9,11,-12,11,-14,8,-15,6,-15,5,-16,2,-16,0,-20,2,-17,-2,-21,-1,-19,-4,-20,-5,-24,-6,-22,-11,-22,-9,-27,-12,-25,-10,-26,-11,-29,-8,-28,-13,-30,-11,-30,-10,-32,-10,-31,-10,-34,-6,-33,-7,-32,-4,-33,-6,-34,-3,-32,-2,-35,-1,-30,-1,-31,2,-31,3,-30,2,-28,2,-25,2,-26,6,-25,7,-24,9,-21,7,-21,11,-15,11,-14,0,0,0,0,0,0,0,0,0,0,0,0,0,0,0,0,0,0,0,0,0,0,-26,-14,-27,-15,-25,-17,-21,-20,-20,-20,-19,-18,-19,-20,-16,-17,-16,-20,-13,-18,-11,-18,-12,-17,-12,-18,-9,-15,-9,-16,-6,-13,-6,-11,-5,-10,-5,-5,-4,-3,-5,-4,-6,-1,-4,3,-6,6,-5,5,-5,9,-4,9,-5,13,-9,10,-6,16,-7,15,-8,18,-9,17,-6,21,-6,18,-4,22,-4,22,-6,23,-2,28,-1,27,0,29,-1,28,1,31,0,34,1,35,1,30,1,37,4,36,3,40,6,41,2,40,3,43,2,49,1,40,1,46,-1,45,1,44,0,0]"
CSI_DATA,290,1a:00:00:00:00:00,-48,11,1,0,1,1,1,0,0,0,1,-96,0,11,2,4170122,0,44,0,384,0,"[0,0,0,0,0,0,0,0,0,0,0,0,10,3,9,3,9,2,9,1,8,1,7,0,6,-1,6,-1,6,-2,5,-2,5,-3,4,-4,4,-4,3,-5,3,-5,3,-7,2,-7,2,-7,1,-7,1,-8,1,-8,0,-9,0,-9,-1,-10,-1,-11,-1,-11,0,0,-2,-12,-2,-12,-2,-12,-2,-13,-1,-13,-1,-13,-1,-13,-1,-13,-1,-14,0,-13,1,-13,1,-12,1,-12,1,-12,2,-11,2,-11,2,-11,2,-11,2,-10,3,-9,3,-8,3,-8,4,-7,4,-7,4,-6,5,-4,0,0,0,0,0,0,0,0,0,0,0,0,0,0,69,34,64,32,62,27,57,25,54,22,47,17,47,15,44,6,40,9,38,5,38,-4,36,-4,32,-13,28,-11,23,-13,28,-21,23,-20,17,-24,18,-24,17,-31,11,-37,9,-36,12,-33,13,-40,6,-41,4,-44,2,-46,2,-51,1,-57,-6,-59,-2,-56,-1,-67,1,-63,-3,-71,0,-60,6,-69,12,-66,2,-72,11,-65,7,-72,8,-66,11,-69,15,-65,12,-66,16,-63,16,-58,18,-58,16,-53,20,-54,21,-47,21,-46,23,-42,30,-39,28,-34,28,-30,29,-28,26,-20,0,0,0,0,0,0,0,0,0,0,0,0,0,0,0,0,0,0,0,0,0,0,-36,-46,-33,-51,-31,-50,-27,-52,-18,-51,-15,-53,-15,-52,-12,-51,-9,-52,-4,-43,-4,-42,-6,-40,-5,-38,-3,-36,-1,-30,-1,-29,-3,-24,-1,-20,-5,-14,-3,-10,-5,-4,-5,-4,-11,0,-10,7,-17,5,-15,13,-20,12,-19,18,-22,16,-21,24,-24,22,-26,30,-31,29,-23,26,-31,34,-30,39,-25,36,-28,41,-26,45,-27,49,-23,53,-26,55,-24,60,-23,61,-22,59,-29,61,-20,70,-27,69,-26,73,-22,74,-21,82,-23,80,-27,83,-31,76,-27,84,-30,83,-36,81,0,0]"
CSI_DATA,291,1a:00:00:00:00:00,-48,11,1,0,1,1,1,0,0,0,1,-96,0,11,2,4190125,0,44,0,384,0,"[0,0,0,0,0,0,0,0,0,0,0,0,-8,8,-7,7,-5,7,-5,7,-5,6,-4,6,-3,6,-2,6,-2,6,0,5,0,5,1,5,2,5,3,4,3,5,4,5,5,4,4,4,5,3,5,4,6,4,7,3,7,3,9,3,9,3,9,3,0,0,11,4,10,4,11,4,11,4,11,5,11,5,11,5,11,6,10,6,10,6,10,6,9,6,9,7,9,6,7,7,8,8,7,7,7,7,6,7,5,7,5,7,4,7,3,6,3,7,2,6,1,6,0,0,0,0,0,0,0,0,0,0,0,0,0,0,-60,38,-55,39,-50,41,-45,39,-40,35,-39,35,-35,36,-31,33,-25,30,-23,30,-12,32,-8,28,-9,31,-1,28,1,30,6,29,9,27,12,25,14,26,18,32,21,28,25,28,28,22,31,26,32,23,41,26,36,25,44,23,43,21,48,25,48,20,55,26,56,28,54,31,58,29,56,34,56,35,61,31,56,39,58,35,53,34,53,38,48,39,49,42,45,38,47,40,40,42,39,42,29,37,33,37,25,43,27,41,20,38,19,40,15,38,9,34,3,31,0,0,0,0,0,0,0,0,0,0,0,0,0,0,0,0,0,0,0,0,0,0,61,-7,57,1,58,3,53,7,54,8,50,17,44,15,49,14,48,21,42,17,40,18,34,21,35,12,34,18,28,18,23,11,23,11,14,10,16,6,10,3,12,0,4,-3,7,-10,0,-6,-3,-14,-4,-12,-8,-21,-6,-22,-4,-26,-9,-31,-11,-30,-7,-37,-12,-36,-15,-37,-19,-41,-19,-41,-19,-46,-20,-41,-26,-43,-31,-45,-30,-46,-33,-47,-36,-49,-43,-48,-41,-50,-36,-53,-42,-56,-53,-48,-48,-58,-56,-51,-54,-59,-57,-64,-56,-64,-54,-63,-59,-68,-59,-60,-52,-68,0,0]"
CSI_DATA,292,1a:00:00:00:00:00,-48,11,1,0,1,1,1,0,0,0,1,-96,0,11,2,4200215,0,44,0,384,0,"[0,0,0,0,0,0,0,0,0,0,0,0,10,0,9,0,8,-1,8,-1,7,-2,6,-2,6,-3,5,-4,5,-4,4,-4,3,-4,3,-5,3,-5,2,-6,2,-6,0,-7,0,-7,0,-7,0,-7,-1,-8,-2,-7,-2,-8,-2,-9,-3,-9,-3,-10,-4,-10,0,0,-4,-11,-4,-12,-4,-12,-4,-12,-4,-12,-4,-13,-3,-13,-4,-12,-3,-12,-2,-12,-2,-13,-1,-12,-1,-12,0,-12,0,-11,0,-11,0,-11,0,-10,0,-10,1,-9,2,-9,2,-8,2,-8,4,-7,4,-6,3,-5,0,0,0,0,0,0,0,0,0,0,0,0,0,0,71,16,64,21,67,7,60,15,54,6,54,5,44,0,49,-2,37,-5,35,-9,34,-8,29,-17,30,-18,28,-19,19,-21,16,-23,17,-29,15,-29,12,-30,6,-29,0,-40,5,-35,-7,-45,-5,-43,-6,-41,-8,-43,-15,-48,-15,-50,-15,-51,-21,-57,-17,-56,-26,-59,-14,-57,-16,-62,-25,-60,-18,-66,-21,-69,-22,-73,-16,-68,-19,-68,-11,-67,-12,-71,-9,-67,-10,-65,-3,-60,1,-63,-5,-59,1,-57,4,-55,7,-52,3,-51,9,-50,11,-45,16,-43,20,-41,18,-37,23,-27,0,0,0,0,0,0,0,0,0,0,0,0,0,0,0,0,0,0,0,0,0,0,-39,-46,-32,-50,-28,-52,-26,-54,-24,-53,-21,-52,-15,-51,-13,-51,-12,-53,-9,-45,-3,-49,-5,-40,-7,-39,-1,-41,-3,-34,2,-25,-5,-23,0,-25,-2,-16,-2,-8,-3,-7,-8,-2,-4,-4,-10,4,-11,7,-11,10,-18,12,-19,19,-18,18,-21,20,-21,19,-20,29,-25,31,-23,31,-27,38,-23,37,-21,37,-22,46,-21,46,-20,52,-19,57,-15,54,-14,58,-13,62,-11,63,-11,65,-13,69,-11,72,-9,73,-13,78,-12,83,-12,89,-18,84,-10,79,-13,83,-13,84,-12,82,0,0]"
CSI_DATA,293,1a:00:00:00:00:00,-48,11,1,0,1,1,1,0,0,0,1,-96,0,11,2,4220126,0,44,0,384,0,"[0,0,0,0,0,0,0,0,0,0,0,0,6,-9,5,-9,4,-8,4,-8,3,-7,2,-7,1,-7,0,-7,0,-7,-1,-6,-1,-6,-3,-6,-3,-5,-4,-6,-4,-5,-5,-5,-6,-5,-6,-5,-7,-4,-7,-4,-8,-4,-8,-4,-8,-4,-10,-3,-10,-4,-11,-4,0,0,-12,-4,-12,-4,-12,-4,-12,-4,-12,-4,-12,-5,-12,-5,-12,-5,-12,-6,-12,-6,-11,-6,-10,-7,-10,-7,-10,-7,-10,-7,-9,-7,-9,-7,-8,-6,-8,-7,-7,-7,-6,-7,-5,-7,-5,-7,-3,-7,-3,-8,-2,-7,0,0,0,0,0,0,0,0,0,0,0,0,0,0,52,-47,49,-52,47,-55,38,-44,35,-41,34,-40,29,-43,25,-45,22,-31,12,-33,5,-38,7,-31,5,-33,-2,-31,-8,-32,-10,-30,-14,-31,-18,-29,-19,-30,-18,-29,-30,-26,-31,-25,-38,-23,-33,-29,-37,-20,-44,-23,-46,-22,-53,-21,-54,-18,-57,-19,-60,-21,-62,-21,-54,-18,-67,-23,-62,-17,-63,-31,-64,-27,-66,-27,-70,-34,-59,-34,-59,-34,-61,-36,-57,-31,-58,-37,-57,-36,-54,-36,-48,-39,-49,-41,-40,-35,-38,-40,-33,-33,-33,-41,-31,-37,-24,-41,-20,-41,-14,-37,-9,-40,0,0,0,0,0,0,0,0,0,0,0,0,0,0,0,0,0,0,0,0,0,0,-64,15,-62,4,-61,3,-62,-10,-60,-9,-57,-11,-55,-10,-54,-18,-53,-14,-47,-16,-40,-19,-43,-16,-39,-16,-34,-12,-31,-18,-28,-15,-26,-10,-21,-12,-18,-8,-18,-4,-10,-4,-5,1,-2,2,-1,7,-2,11,4,16,2,21,1,23,9,28,11,28,9,28,9,31,14,34,16,32,16,38,21,42,23,39,27,44,25,41,33,38,35,46,39,47,40,48,44,45,44,41,53,55,51,51,53,46,57,50,61,53,61,53,62,48,62,58,59,55,67,58,66,58,55,58,0,0]"
CSI_DATA,294,1a:00:00:00:00:00,-48,11,1,0,1,1,1,0,0,0,1,-96,0,11,2,4230117,0,44,0,384,0,"[0,0,0,0,0,0,0,0,0,0,0,0,9,-5,8,-6,7,-5,7,-5,6,-5,5,-6,4,-6,3,-6,3,-6,2,-5,2,-6,0,-6,0,-6,-1,-6,-1,-7,-2,-7,-3,-7,-3,-7,-5,-7,-4,-6,-5,-7,-6,-7,-6,-8,-8,-7,-8,-8,-8,-8,0,0,-10,-8,-9,-8,-10,-10,-10,-8,-9,-9,-9,-10,-10,-10,-9,-10,-9,-10,-8,-10,-7,-11,-7,-11,-6,-11,-6,-10,-6,-10,-6,-10,-5,-9,-5,-10,-4,-9,-4,-9,-3,-9,-2,-9,-1,-9,-1,-8,0,-8,1,-7,0,0,0,0,0,0,0,0,0,0,0,0,0,0,66,-26,63,-28,59,-28,50,-31,49,-24,39,-24,38,-22,34,-25,30,-28,25,-31,21,-27,15,-29,9,-32,9,-31,12,-27,-1,-35,-2,-31,-1,-33,-5,-30,-18,-28,-26,-33,-19,-32,-23,-32,-23,-35,-28,-29,-37,-35,-32,-36,-37,-32,-43,-40,-47,-35,-46,-35,-53,-43,-41,-41,-51,-44,-51,-39,-55,-45,-49,-49,-54,-45,-50,-54,-41,-53,-41,-50,-47,-58,-42,-54,-37,-51,-34,-53,-33,-54,-27,-52,-36,-54,-25,-51,-22,-49,-15,-49,-18,-49,-16,-45,-4,-44,-5,-40,-4,-39,2,-37,0,0,0,0,0,0,0,0,0,0,0,0,0,0,0,0,0,0,0,0,0,0,-62,-12,-61,-17,-55,-19,-55,-25,-55,-27,-46,-29,-48,-27,-44,-33,-41,-30,-35,-30,-34,-30,-34,-30,-31,-27,-27,-30,-22,-25,-19,-21,-17,-20,-18,-18,-13,-18,-12,-11,-6,-4,-10,-1,-4,5,-3,6,-5,11,1,17,1,20,1,20,0,21,-2,29,-2,23,5,32,1,32,3,38,6,34,4,39,6,45,4,42,13,43,19,52,14,56,22,49,24,54,26,58,26,57,37,51,28,61,34,60,37,63,41,65,33,68,43,71,39,75,36,66,38,79,40,76,36,81,0,0]"
CSI_DATA,295,1a:00:00:00:00:00,-48,11,1,0,1,1,1,0,0,0,1,-96,0,11,2,4240560,0,44,0,384,0,"[0,0,0,0,0,0,0,0,0,0,0,0,-10,4,-9,4,-8,4,-7,4,-6,4,-6,4,-5,4,-4,5,-3,5,-2,4,-2,5,-1,5,-1,6,0,5,0,5,2,6,2,6,2,6,3,6,4,6,4,6,5,6,5,7,5,6,7,7,7,7,0,0,7,8,7,8,8,9,8,8,8,10,7,9,7,10,7,10,7,10,6,10,6,10,5,10,4,10,4,10,4,10,3,10,3,10,3,9,2,9,1,8,1,8,0,8,-1,8,-1,7,-2,7,-3,6,0,0,0,0,0,0,0,0,0,0,0,0,0,0,-68,12,-64,7,-58,16,-57,11,-55,17,-46,16,-45,17,-41,17,-38,14,-26,21,-28,26,-22,28,-21,23,-19,27,-16,28,-10,27,-7,35,2,35,-1,31,4,34,8,37,12,38,17,36,18,34,17,37,20,41,25,38,30,46,29,45,37,47,36,44,36,44,32,49,37,52,42,55,37,55,37,60,41,57,33,58,34,58,31,59,26,59,22,65,26,58,21,60,20,58,13,54,22,55,11,51,11,51,7,48,7,51,4,47,-4,42,-10,46,-12,38,-13,32,0,0,0,0,0,0,0,0,0,0,0,0,0,0,0,0,0,0,0,0,0,0,55,22,51,24,53,26,48,30,53,36,41,36,39,32,34,39,33,38,31,36,28,38,25,35,24,36,18,34,17,30,12,27,13,21,12,16,11,17,7,13,5,7,7,-3,2,-3,6,-3,1,-9,4,-12,3,-16,6,-18,7,-26,1,-27,2,-29,5,-33,3,-34,-1,-35,2,-40,-4,-40,0,-44,-1,-46,-3,-51,-6,-50,-7,-56,-10,-53,-18,-56,-13,-58,-17,-63,-28,-62,-24,-63,-20,-66,-23,-66,-26,-73,-21,-77,-26,-71,-21,-79,-21,-77,-26,-84,-22,-81,-23,-80,0,0]"
CSI_DATA,296,1a:00:00:00:00:00,-48,11,1,0,1,1,1,0,0,0,1,-96,0,11,2,4250886,0,44,0,384,0,"[0,0,0,0,0,0,0,0,0,0,0,0,-2,9,-1,9,-1,8,-1,8,0,7,0,6,1,6,1,5,2,4,3,4,3,4,3,4,5,2,5,2,5,2,6,1,6,1,6,1,7,0,8,-1,7,-1,8,-2,8,-1,10,-2,10,-2,10,-2,0,0,11,-3,12,-3,11,-3,12,-3,12,-3,12,-2,13,-3,12,-2,12,-2,13,-1,13,0,11,0,11,0,11,1,11,1,11,1,10,1,9,2,9,2,9,2,8,3,8,3,7,3,6,4,5,4,4,5,0,0,0,0,0,0,0,0,0,0,0,0,0,0,-4,73,-5,64,5,58,3,51,1,57,-3,51,8,42,7,41,14,35,15,35,20,28,18,29,25,23,24,17,24,15,29,12,29,6,28,8,29,5,35,1,39,-4,35,1,31,-9,40,-13,41,-13,44,-16,45,-19,50,-22,50,-23,55,-28,52,-26,54,-32,56,-26,60,-31,55,-33,66,-27,59,-28,65,-35,63,-21,63,-21,66,-20,70,-18,67,-18,64,-17,59,-15,60,-7,59,-7,63,-11,51,-5,54,-6,51,1,49,-1,46,7,43,12,36,12,37,13,32,13,0,0,0,0,0,0,0,0,0,0,0,0,0,0,0,0,0,0,0,0,0,0,39,-51,42,-44,44,-44,48,-42,49,-32,48,-29,49,-25,46,-24,46,-22,45,-21,44,-15,42,-17,41,-18,40,-12,32,-5,30,-5,27,-2,21,-4,15,-4,12,-6,9,1,4,-5,0,-4,-8,-4,-12,-6,-14,-1,-16,-6,-25,-12,-19,-18,-31,-14,-26,-15,-32,-15,-33,-14,-36,-12,-35,-12,-42,-15,-46,-11,-46,-7,-46,-15,-51,-6,-54,-4,-61,-8,-60,-4,-64,-1,-57,1,-62,5,-65,4,-73,4,-72,7,-78,6,-78,6,-77,9,-81,1,-80,7,-86,4,-81,-2,-78,-3,0,0]"
CSI_DATA,297,1a:00:00:00:00:00,-48,11,1,0,1,1,1,0,0,0,1,-96,0,11,2,4260277,0,44,0,384,0,"[0,0,0,0,0,0,0,0,0,0,0,0,0,10,0,8,2,8,2,8,3,6,2,6,3,5,4,4,3,4,4,3,4,2,5,2,5,1,5,1,5,0,6,-1,6,-2,6,-2,7,-3,7,-3,7,-4,8,-5,8,-4,8,-5,9,-5,9,-6,0,0,9,-7,10,-7,10,-8,10,-7,11,-7,10,-7,11,-7,11,-6,11,-7,11,-6,12,-5,11,-5,11,-4,10,-4,10,-4,11,-4,10,-3,10,-3,9,-2,9,-2,9,-1,8,-1,8,0,7,1,6,1,5,2,0,0,0,0,0,0,0,0,0,0,0,0,0,0,-5,67,-1,63,-1,59,4,54,2,54,3,47,4,39,12,43,12,37,11,32,15,33,19,22,23,20,19,18,25,15,25,14,31,10,29,10,30,3,31,2,32,-2,39,-3,37,-8,42,-14,39,-10,45,-14,46,-18,46,-23,49,-23,49,-25,52,-28,60,-25,57,-27,59,-33,60,-30,66,-22,64,-31,59,-31,67,-21,61,-25,61,-17,65,-19,66,-11,63,-11,60,-12,60,-13,57,-9,56,-3,53,-6,51,-5,50,-1,47,0,42,6,43,4,41,10,34,14,27,19,0,0,0,0,0,0,0,0,0,0,0,0,0,0,0,0,0,0,0,0,0,0,42,-44,40,-39,43,-40,50,-35,48,-31,44,-27,48,-25,45,-19,45,-20,45,-15,44,-13,44,-8,40,-11,37,-6,30,-2,29,-5,26,-7,18,-7,16,-6,13,-3,9,1,4,-4,2,-5,-1,-5,-7,-8,-9,-7,-17,-12,-21,-12,-17,-11,-26,-9,-22,-8,-32,-11,-32,-18,-30,-11,-30,-16,-44,-10,-42,-15,-43,-14,-44,-8,-50,-8,-46,-7,-54,-4,-56,-4,-56,-2,-61,0,-57,2,-63,5,-65,3,-69,1,-72,2,-76,-2,-80,-3,-82,2,-76,1,-85,-2,-83,2,-81,-3,0,0]"
CSI_DATA,298,1a:00:00:00:00:00,-48,11,1,0,1,1,1,0,0,0,1,-96,0,11,2,4270280,0,44,0,384,0,"[0,0,0,0,0,0,0,0,0,0,0,0,-9,5,-8,5,-6,5,-6,6,-5,5,-4,5,-3,6,-3,5,-2,5,-1,5,-1,6,0,5,1,5,2,5,3,5,4,5,4,5,4,5,5,5,6,5,6,5,7,4,7,4,8,5,8,5,9,5,0,0,10,5,10,6,10,6,11,6,10,6,10,6,11,7,10,6,10,7,9,7,10,8,8,8,8,8,8,7,8,8,7,8,7,8,6,7,6,8,5,7,4,7,3,8,3,7,2,7,1,7,0,6,0,0,0,0,0,0,0,0,0,0,0,0,0,0,-64,23,-65,24,-55,31,-48,27,-48,26,-40,23,-40,27,-33,24,-30,28,-30,31,-20,29,-16,26,-14,29,-14,29,-3,26,-1,34,2,34,12,30,9,29,17,31,20,26,19,32,22,31,24,33,33,30,32,30,37,31,41,31,44,37,50,35,44,34,52,35,50,39,52,42,55,37,53,44,52,50,48,45,48,46,45,49,47,47,45,55,40,51,38,57,38,45,40,54,33,52,32,48,28,43,22,44,25,44,20,47,16,46,12,44,10,43,3,36,-2,36,0,0,0,0,0,0,0,0,0,0,0,0,0,0,0,0,0,0,0,0,0,0,59,9,59,19,56,21,53,30,52,32,47,31,45,33,43,30,36,33,39,33,30,34,26,34,28,32,27,28,18,24,18,28,13,21,14,14,4,13,12,11,9,4,4,4,5,-1,2,-6,2,-9,3,-12,3,-12,-1,-21,4,-24,-2,-27,-1,-26,-4,-37,-4,-41,-4,-39,-8,-39,-8,-45,-8,-42,-9,-47,-8,-44,-17,-47,-15,-46,-19,-52,-23,-53,-24,-58,-30,-48,-32,-69,-36,-61,-37,-63,-36,-68,-40,-68,-36,-70,-42,-69,-39,-73,-41,-70,-40,-78,-36,-68,-40,-79,0,0]"
CSI_DATA,299,1a:00:00:00:00:00,-48,11,1,0,1,1,1,0,0,0,1,-96,0,11,2,4280412,0,44,0,384,0,"[0,0,0,0,0,0,0,0,0,0,0,0,0,9,0,9,1,8,1,7,2,6,2,6,2,5,3,5,3,5,4,3,4,3,4,2,5,2,5,1,5,0,7,0,6,0,6,-1,7,-2,7,-2,8,-3,8,-3,7,-3,9,-4,9,-4,9,-5,0,0,10,-5,11,-5,12,-5,11,-5,11,-5,12,-5,12,-4,11,-4,12,-4,12,-3,12,-3,12,-2,11,-1,10,-2,10,-1,11,0,9,0,9,0,9,0,9,0,8,1,7,1,7,2,6,3,6,3,5,3,0,0,0,0,0,0,0,0,0,0,0,0,0,0,0,70,-4,65,1,64,-2,55,4,54,4,58,7,46,12,44,9,37,16,36,18,31,16,27,23,25,22,19,22,16,23,7,30,10,34,2,34,1,33,4,43,-5,36,-10,38,-8,41,-14,41,-15,48,-18,49,-15,47,-20,50,-23,57,-29,53,-20,61,-28,57,-26,64,-31,59,-31,70,-33,69,-24,66,-28,68,-23,69,-21,67,-20,67,-16,68,-7,68,-15,65,-7,62,-8,61,-7,57,-9,58,1,55,-1,51,3,53,3,44,5,43,9,39,15,38,18,33,15,0,0,0,0,0,0,0,0,0,0,0,0,0,0,0,0,0,0,0,0,0,0,34,-52,42,-48,45,-39,52,-46,47,-36,54,-33,47,-31,51,-25,48,-29,48,-21,47,-18,42,-17,39,-16,35,-9,33,-9,30,-6,21,-3,25,-6,25,-3,13,-8,13,-6,6,-2,-6,-7,-6,-5,-9,-6,-12,-4,-16,-11,-16,-6,-21,-8,-31,-10,-26,-10,-32,-13,-36,-13,-37,-15,-40,-13,-42,-11,-48,-7,-51,-13,-50,-9,-48,-5,-56,-2,-58,-1,-65,-5,-62,0,-62,3,-76,9,-72,8,-71,7,-75,8,-73,7,-78,3,-88,5,-89,0,-78,8,-90,-5,-87,5,-83,2,0,0]"
CSI_DATA,300,1a:00:00:00:00:00,-47,11,1,0,1,1,1,0,0,0,1,-96,0,11,2,4300458,0,44,0,384,0,"[0,0,0,0,0,0,0,0,0,0,0,0,1,-10,1,-9,-1,-8,-1,-8,-2,-7,-1,-7,-3,-7,-2,-6,-3,-5,-4,-5,-4,-5,-5,-3,-6,-3,-6,-2,-6,-2,-7,-2,-7,-1,-8,-1,-8,0,-8,0,-9,1,-8,1,-9,1,-10,2,-11,2,-11,3,0,0,-11,3,-12,3,-12,3,-12,3,-12,3,-13,3,-13,4,-13,3,-13,3,-13,2,-13,1,-13,1,-12,0,-12,0,-12,0,-11,0,-11,0,-11,-1,-10,-1,-10,-1,-10,-2,-9,-2,-8,-3,-7,-4,-7,-4,-6,-4,0,0,0,0,0,0,0,0,0,0,0,0,0,0,31,-63,32,-61,19,-55,22,-55,14,-53,11,-49,9,-43,7,-46,0,-37,-7,-38,-6,-33,-5,-31,-13,-33,-15,-28,-21,-27,-23,-21,-30,-15,-30,-14,-35,-11,-35,-7,-40,-12,-38,-6,-40,-3,-45,-6,-48,-1,-55,-4,-52,0,-53,11,-58,5,-62,8,-61,7,-66,7,-64,4,-69,8,-70,8,-67,5,-71,4,-70,7,-72,-5,-71,0,-68,-2,-70,-1,-68,-4,-73,-2,-61,-10,-64,-17,-58,-16,-60,-13,-57,-13,-51,-14,-48,-18,-48,-19,-40,-20,-41,-23,-38,-24,-36,-26,-33,-27,0,0,0,0,0,0,0,0,0,0,0,0,0,0,0,0,0,0,0,0,0,0,-56,28,-56,20,-59,17,-61,11,-60,9,-54,2,-54,3,-53,-4,-59,-6,-51,-4,-47,-6,-43,-10,-46,-3,-41,-8,-34,-8,-30,-8,-32,-8,-22,-11,-21,-6,-12,-3,-10,-3,-6,2,-3,-1,0,2,-1,8,8,12,10,11,11,15,12,15,21,20,23,21,25,25,26,28,27,22,26,24,34,26,34,24,36,25,43,24,47,27,45,25,54,23,50,23,60,22,57,21,64,18,64,26,64,21,67,27,73,27,71,20,79,25,79,26,73,23,81,30,78,35,72,28,0,0]"
CSI_DATA,301,1a:00:00:00:00:00,-48,11,1,0,1,1,1,0,0,0,1,-96,0,11,2,4310102,0,44,0,384,0,"[0,0,0,0,0,0,0,0,0,0,0,0,7,6,6,5,7,4,6,4,5,2,6,2,6,1,5,1,5,0,5,-1,5,-2,5,-3,5,-3,5,-4,5,-5,5,-5,4,-6,4,-6,4,-6,4,-7,4,-7,4,-8,4,-9,4,-9,4,-10,4,-10,0,0,5,-12,5,-12,5,-12,5,-12,5,-11,6,-12,6,-12,6,-11,6,-12,7,-10,7,-10,7,-9,7,-10,7,-9,7,-8,7,-8,7,-8,7,-7,7,-6,7,-6,7,-5,7,-4,7,-4,7,-3,6,-2,6,-1,0,0,0,0,0,0,0,0,0,0,0,0,0,0,49,40,43,44,45,35,42,33,42,28,36,24,43,21,35,18,36,13,31,10,33,9,28,1,33,-5,25,-9,27,-8,24,-14,26,-20,24,-21,25,-25,23,-31,22,-30,17,-33,18,-35,16,-37,18,-42,16,-51,19,-46,14,-57,16,-52,16,-60,12,-55,13,-58,18,-65,16,-60,15,-67,21,-67,23,-70,20,-66,24,-65,26,-64,25,-60,28,-61,24,-58,28,-62,30,-54,27,-55,33,-51,31,-51,29,-46,29,-44,32,-42,33,-35,33,-35,36,-29,36,-27,32,-18,33,-13,0,0,0,0,0,0,0,0,0,0,0,0,0,0,0,0,0,0,0,0,0,0,-10,-58,-1,-61,8,-64,6,-61,12,-59,11,-51,13,-52,14,-53,18,-53,14,-43,23,-42,18,-41,22,-36,19,-33,20,-25,19,-24,14,-22,15,-22,11,-14,10,-13,5,-8,1,-5,2,-2,-4,0,-4,3,-14,5,-18,3,-18,1,-23,5,-24,12,-25,11,-32,12,-30,15,-34,19,-31,17,-35,18,-33,20,-37,20,-39,26,-41,33,-41,35,-39,42,-41,38,-40,46,-36,50,-43,45,-42,47,-40,53,-44,55,-42,58,-44,60,-45,60,-49,60,-48,59,-55,61,-49,64,-47,60,0,0]"
CSI_DATA,302,1a:00:00:00:00:00,-47,11,1,0,1,1,1,0,0,0,1,-96,0,11,2,4320819,0,44,0,384,0,"[0,0,0,0,0,0,0,0,0,0,0,0,10,0,8,-1,8,-2,7,-1,7,-2,6,-2,5,-4,5,-4,4,-4,3,-4,3,-6,2,-6,2,-6,1,-6,1,-7,0,-8,0,-8,0,-8,-1,-8,-2,-9,-2,-9,-2,-10,-3,-9,-4,-10,-4,-11,-4,-11,0,0,-5,-12,-5,-13,-5,-13,-5,-13,-4,-13,-4,-14,-5,-13,-4,-13,-4,-13,-3,-13,-3,-13,-2,-13,-2,-13,-2,-13,-2,-12,-1,-11,-1,-12,0,-10,0,-11,0,-10,2,-9,2,-9,2,-9,2,-8,3,-7,3,-6,0,0,0,0,0,0,0,0,0,0,0,0,0,0,67,8,64,8,60,2,56,5,51,0,49,-3,46,-9,39,-12,33,-14,32,-13,26,-14,28,-16,25,-24,22,-22,16,-20,17,-28,12,-34,5,-29,3,-36,1,-39,-2,-43,-1,-41,-5,-40,-9,-43,-9,-43,-16,-50,-18,-47,-20,-51,-24,-57,-31,-60,-23,-60,-27,-67,-30,-59,-27,-62,-30,-69,-28,-66,-26,-70,-23,-71,-25,-67,-17,-70,-17,-65,-17,-70,-14,-73,-13,-70,-12,-59,-7,-63,-5,-62,-7,-61,0,-57,0,-53,1,-52,6,-54,10,-47,13,-42,13,-41,16,-37,23,-32,0,0,0,0,0,0,0,0,0,0,0,0,0,0,0,0,0,0,0,0,0,0,-50,-42,-41,-48,-36,-54,-35,-50,-24,-51,-26,-55,-23,-58,-15,-51,-16,-48,-16,-49,-13,-47,-10,-44,-8,-43,-9,-37,-1,-38,-2,-29,1,-26,0,-24,-5,-17,-6,-16,-3,-13,-5,-8,-6,-5,-5,1,-6,7,-10,6,-8,12,-12,16,-15,19,-8,21,-15,21,-19,26,-20,29,-19,35,-16,39,-17,36,-13,37,-15,42,-16,43,-12,51,-9,52,-10,56,-10,61,-6,63,-5,57,-1,73,-4,66,-3,67,1,73,-1,77,2,76,3,83,-3,84,-6,75,-3,82,-3,81,-4,84,0,0]"
CSI_DATA,303,1a:00:00:00:00:00,-48,11,1,0,1,1,1,0,0,0,1,-96,0,11,2,4340137,0,44,0,384,0,"[0,0,0,0,0,0,0,0,0,0,0,0,0,-11,-1,-9,-3,-9,-3,-8,-3,-8,-2,-7,-3,-6,-4,-6,-4,-5,-5,-4,-5,-4,-6,-2,-7,-2,-7,-2,-7,-1,-8,0,-8,0,-8,0,-8,1,-9,2,-9,2,-10,3,-10,3,-10,3,-11,4,-11,4,0,0,-12,5,-13,4,-13,4,-13,5,-12,4,-14,4,-14,5,-13,4,-14,4,-14,3,-13,2,-13,2,-13,1,-12,1,-12,1,-12,0,-12,0,-11,0,-11,0,-10,-1,-10,-1,-9,-2,-9,-2,-8,-3,-7,-5,-7,-4,0,0,0,0,0,0,0,0,0,0,0,0,0,0,-8,-65,-5,-67,-6,-60,-9,-51,-13,-55,-11,-41,-6,-47,-13,-38,-18,-36,-18,-31,-24,-27,-24,-24,-30,-22,-29,-17,-32,-15,-30,-5,-34,-5,-32,-2,-35,2,-40,3,-38,8,-39,10,-43,15,-45,18,-47,20,-47,21,-50,24,-46,29,-51,32,-53,37,-51,35,-57,36,-63,29,-66,34,-65,37,-66,30,-66,31,-66,37,-72,25,-70,34,-66,26,-73,23,-67,18,-64,19,-60,11,-61,18,-62,12,-58,9,-53,6,-57,3,-53,8,-49,3,-50,-6,-50,-8,-45,-9,-39,-11,-35,-15,0,0,0,0,0,0,0,0,0,0,0,0,0,0,0,0,0,0,0,0,0,0,-33,54,-39,45,-47,47,-46,45,-47,36,-47,33,-43,31,-42,28,-45,26,-48,23,-40,20,-42,22,-45,21,-37,10,-31,7,-30,9,-25,11,-25,4,-18,4,-16,3,-12,4,-8,-1,-2,4,5,6,9,5,10,5,17,5,19,6,23,8,23,3,25,7,32,4,33,6,35,4,40,7,39,9,46,2,44,6,45,2,51,1,48,-3,60,-3,59,-3,60,-4,57,-6,66,-15,66,-11,68,-12,67,-10,76,-14,77,-11,78,-13,77,-10,80,-17,87,-14,77,-11,86,-10,0,0]"
CSI_DATA,304,1a:00:00:00:00:00,-47,11,1,0,1,1,1,0,0,0,1,-96,0,11,2,4350141,0,44,0,384,0,"[0,0,0,0,0,0,0,0,0,0,0,0,7,-7,6,-6,5,-7,5,-7,4,-6,3,-6,2,-7,1,-7,1,-6,0,-6,-1,-7,-2,-7,-2,-6,-4,-6,-4,-6,-5,-7,-5,-6,-6,-6,-6,-5,-7,-6,-8,-6,-8,-6,-8,-6,-10,-6,-10,-7,-10,-6,0,0,-11,-6,-11,-7,-12,-7,-12,-7,-12,-8,-11,-8,-12,-8,-11,-8,-12,-8,-11,-8,-10,-9,-10,-10,-9,-10,-9,-9,-8,-9,-8,-9,-7,-9,-8,-9,-7,-9,-6,-8,-6,-8,-4,-8,-4,-8,-3,-8,-3,-8,-1,-7,0,0,0,0,0,0,0,0,0,0,0,0,0,0,52,-39,49,-38,44,-40,42,-34,40,-38,34,-38,28,-35,23,-35,15,-32,14,-33,7,-34,4,-30,3,-29,-3,-29,-6,-30,-11,-29,-16,-32,-21,-28,-20,-28,-26,-25,-31,-30,-33,-30,-33,-28,-37,-28,-38,-27,-42,-27,-47,-30,-52,-27,-49,-29,-55,-25,-53,-25,-58,-33,-54,-30,-64,-28,-65,-30,-61,-37,-63,-38,-64,-35,-59,-40,-59,-43,-58,-37,-52,-41,-58,-41,-52,-44,-43,-46,-48,-47,-41,-44,-39,-44,-37,-40,-34,-44,-30,-43,-26,-42,-22,-39,-15,-41,-17,-42,-12,-38,-4,-33,0,0,0,0,0,0,0,0,0,0,0,0,0,0,0,0,0,0,0,0,0,0,-58,3,-59,-2,-61,-8,-59,-14,-56,-17,-52,-14,-52,-24,-49,-22,-47,-27,-42,-26,-42,-26,-35,-23,-41,-21,-29,-23,-23,-21,-23,-23,-22,-20,-15,-18,-12,-9,-12,-5,-8,-9,-6,-7,-1,4,3,4,1,8,3,9,1,17,5,19,5,18,11,24,9,27,8,31,14,32,13,33,13,37,21,39,19,40,21,40,23,37,29,40,30,44,37,40,35,48,35,46,37,43,39,45,40,45,47,50,45,53,49,51,51,53,54,56,52,63,50,56,60,59,49,62,49,60,0,0]"
CSI_DATA,305,1a:00:00:00:00:00,-47,11,1,0,1,1,1,0,0,0,1,-96,0,11,2,4360790,0,44,0,384,0,"[0,0,0,0,0,0,0,0,0,0,0,0,-10,4,-8,4,-7,3,-7,4,-6,3,-5,4,-5,5,-4,5,-3,5,-2,4,-2,5,0,5,0,6,1,6,1,6,2,6,3,7,3,6,4,6,4,6,5,7,5,7,5,7,7,7,7,8,7,8,0,0,8,8,8,9,9,10,8,9,8,9,8,10,8,9,7,9,7,10,7,10,7,10,6,10,5,10,5,10,4,10,4,10,4,10,3,9,2,8,2,8,1,8,0,8,0,8,-1,7,-1,7,-2,6,0,0,0,0,0,0,0,0,0,0,0,0,0,0,-66,1,-64,7,-60,11,-55,11,-49,12,-45,5,-42,18,-37,15,-34,15,-33,19,-29,22,-19,21,-18,23,-15,25,-12,24,-4,31,-1,35,2,28,0,34,10,31,14,41,14,37,23,38,24,42,21,40,27,43,26,44,33,45,33,45,41,49,38,51,43,52,41,51,43,53,46,55,36,60,42,61,40,60,38,60,30,57,36,60,38,57,28,59,30,57,31,56,23,62,22,60,20,54,19,51,12,49,9,50,8,50,6,45,-1,45,-5,44,-6,38,-12,36,0,0,0,0,0,0,0,0,0,0,0,0,0,0,0,0,0,0,0,0,0,0,48,40,41,43,38,47,33,48,33,47,27,46,26,49,21,47,16,47,16,42,14,40,18,42,12,39,10,37,6,31,6,31,5,27,-1,22,1,21,4,14,6,12,-2,6,1,1,1,-8,3,-10,2,-12,7,-14,3,-17,5,-19,3,-28,3,-28,10,-27,6,-36,6,-36,11,-39,6,-40,3,-41,2,-47,2,-47,-4,-52,1,-52,1,-55,-3,-60,-7,-60,-6,-64,-5,-58,-12,-65,-13,-67,-10,-70,-15,-75,-13,-78,-17,-80,-15,-80,-18,-74,-11,-87,-12,-78,-14,-79,0,0]"
CSI_DATA,306,1a:00:00:00:00:00,-47,11,1,0,1,1,1,0,0,0,1,-96,0,11,2,4380115,0,44,0,384,0,"[0,0,0,0,0,0,0,0,0,0,0,0,0,9,1,8,2,7,2,7,3,6,2,5,3,4,3,4,4,3,5,2,5,2,5,1,6,1,6,-1,6,0,7,-1,6,-3,7,-2,7,-3,7,-3,8,-3,8,-4,8,-4,9,-6,10,-6,9,-6,0,0,10,-7,11,-7,11,-7,11,-7,11,-7,12,-6,11,-6,12,-6,12,-6,12,-5,12,-5,11,-4,11,-4,11,-3,11,-3,11,-2,10,-3,9,-2,9,-1,9,-1,9,-1,8,0,7,0,7,1,7,2,5,2,0,0,0,0,0,0,0,0,0,0,0,0,0,0,-3,67,-2,59,8,55,6,51,5,54,8,46,10,37,10,40,14,38,14,24,22,29,22,23,28,20,20,15,23,12,32,9,35,6,33,5,38,1,38,-6,44,-8,33,-4,39,-13,44,-11,43,-13,52,-20,45,-19,53,-28,53,-27,55,-34,56,-28,65,-27,56,-24,66,-27,60,-28,69,-26,65,-27,71,-24,68,-22,66,-18,64,-20,65,-14,70,-13,65,-11,64,-13,58,-9,60,-8,55,-3,57,-2,55,-2,52,1,47,0,47,7,39,11,38,14,39,18,30,20,0,0,0,0,0,0,0,0,0,0,0,0,0,0,0,0,0,0,0,0,0,0,33,-52,37,-49,42,-45,43,-42,41,-39,45,-36,40,-28,43,-29,45,-26,42,-18,44,-18,42,-20,37,-19,35,-13,35,-13,25,-7,22,-10,22,-9,18,-6,10,-3,11,1,5,-6,2,-8,-6,-5,-9,-3,-16,-6,-17,0,-19,-7,-21,-8,-28,-11,-27,-8,-33,-6,-35,-12,-37,-9,-36,-9,-39,-8,-39,-8,-47,-5,-49,-4,-54,-2,-55,-3,-56,1,-60,-1,-57,4,-64,5,-65,4,-66,4,-70,13,-73,9,-75,10,-76,8,-78,16,-85,6,-74,5,-79,6,-85,8,-76,3,0,0]"
CSI_DATA,307,1a:00:00:00:00:00,-47,11,1,0,1,1,1,0,0,0,1,-96,0,11,2,4410173,0,44,0,384,0,"[0,0,0,0,0,0,0,0,0,0,0,0,9,-1,8,-2,8,-2,7,-3,6,-3,5,-4,5,-4,4,-5,3,-4,2,-5,3,-6,1,-6,1,-6,0,-7,0,-6,-1,-8,-2,-8,-1,-8,-2,-8,-3,-9,-3,-9,-4,-10,-4,-10,-5,-11,-5,-11,-5,-11,0,0,-6,-12,-6,-12,-6,-13,-6,-13,-5,-13,-5,-13,-5,-13,-5,-13,-5,-14,-4,-14,-3,-13,-2,-13,-2,-13,-2,-12,-2,-12,-1,-12,-1,-11,-1,-11,0,-10,0,-10,1,-10,1,-9,1,-9,3,-8,2,-7,3,-6,0,0,0,0,0,0,0,0,0,0,0,0,0,0,65,-1,63,1,60,-7,49,-6,48,-7,42,-3,42,-12,38,-15,35,-14,31,-18,23,-18,21,-29,20,-21,14,-26,10,-28,10,-26,1,-32,1,-37,-3,-39,-5,-42,-13,-44,-9,-38,-15,-43,-17,-45,-15,-42,-21,-47,-26,-50,-28,-54,-31,-54,-34,-59,-34,-57,-33,-56,-32,-58,-35,-64,-36,-63,-33,-68,-30,-68,-38,-68,-31,-67,-29,-66,-26,-64,-22,-69,-20,-68,-18,-69,-19,-61,-16,-60,-13,-61,-12,-59,-11,-54,-10,-57,-7,-51,-4,-50,-3,-51,4,-48,12,-46,14,-38,17,-35,0,0,0,0,0,0,0,0,0,0,0,0,0,0,0,0,0,0,0,0,0,0,-44,-42,-39,-47,-35,-43,-32,-54,-31,-52,-18,-53,-28,-53,-20,-51,-18,-53,-17,-46,-13,-46,-8,-42,-12,-43,-7,-39,-2,-35,-2,-31,0,-24,2,-26,-2,-16,-2,-13,2,-10,-3,-4,-5,4,-7,4,-1,6,-3,15,-7,14,-10,18,-11,22,-11,25,-11,25,-11,29,-12,34,-10,33,-12,39,-10,40,-10,42,-8,49,-10,49,-8,53,-10,53,1,56,-4,61,2,60,-3,63,13,70,4,65,7,66,12,70,6,78,1,73,4,82,5,85,1,82,6,87,-1,84,3,75,0,0]"
CSI_DATA,308,1a:00:00:00:00:00,-47,11,1,0,1,1,1,0,0,0,1,-96,0,11,2,4420440,0,44,0,384,0,"[0,0,0,0,0,0,0,0,0,0,0,0,-10,-1,-9,0,-8,1,-8,1,-7,1,-6,1,-5,2,-4,3,-5,3,-4,4,-4,4,-3,5,-3,5,-2,5,-1,6,0,7,0,7,1,7,0,7,1,8,2,8,3,9,3,9,3,9,3,10,4,10,0,0,4,10,4,11,4,12,4,12,4,12,4,12,3,12,4,12,3,12,2,12,2,12,2,11,0,11,1,11,0,11,0,11,0,10,0,9,0,9,-1,9,-1,9,-2,8,-3,8,-3,7,-3,6,-4,5,0,0,0,0,0,0,0,0,0,0,0,0,0,0,-69,-6,-63,-5,-60,-6,-52,2,-51,5,-47,8,-38,6,-41,12,-33,11,-37,13,-24,15,-25,17,-19,23,-17,25,-11,28,-8,30,-8,35,-8,34,2,33,2,39,5,37,6,41,10,43,13,46,13,44,20,49,20,49,23,48,28,54,32,56,27,59,32,61,27,59,33,64,33,59,30,63,29,72,31,67,24,68,26,64,22,62,19,69,17,69,19,67,12,63,10,65,4,61,9,58,6,58,6,55,2,52,0,52,-1,45,-7,45,-9,44,-9,39,-19,35,0,0,0,0,0,0,0,0,0,0,0,0,0,0,0,0,0,0,0,0,0,0,41,43,34,43,32,49,31,52,24,53,19,51,16,52,16,51,13,53,7,44,9,44,8,42,6,40,2,35,1,30,-1,30,1,25,3,19,1,15,0,13,1,7,-1,3,0,-3,3,-6,4,-6,3,-11,8,-11,7,-17,10,-21,12,-27,7,-24,12,-29,11,-34,14,-30,15,-32,11,-39,8,-45,10,-44,12,-47,10,-47,8,-53,2,-57,7,-62,4,-59,2,-64,-10,-65,2,-65,-1,-70,-4,-71,5,-71,-1,-77,-4,-78,7,-83,-2,-77,1,-87,0,-82,1,-74,0,0]"
CSI_DATA,309,1a:00:00:00:00:00,-47,11,1,0,1,1,1,0,0,0,1,-96,0,11,2,4430135,0,44,0,384,0,"[0,0,0,0,0,0,0,0,0,0,0,0,8,3,7,3,7,1,6,1,7,1,6,0,5,-1,4,-1,5,-2,4,-2,4,-3,3,-5,3,-5,3,-6,3,-6,2,-7,2,-7,2,-7,2,-8,2,-8,1,-9,1,-10,1,-10,0,-11,1,-11,0,-12,0,0,0,-13,1,-13,0,-13,0,-13,1,-13,1,-13,1,-13,1,-13,2,-13,3,-13,3,-13,3,-12,3,-12,3,-11,3,-10,4,-10,4,-10,4,-9,4,-9,4,-8,5,-8,4,-8,5,-7,5,-6,5,-5,5,-4,0,0,0,0,0,0,0,0,0,0,0,0,0,0,57,29,53,32,50,28,48,27,48,26,44,21,40,11,37,11,36,6,35,1,27,-7,29,-5,28,-11,23,-18,20,-15,22,-26,20,-26,17,-31,16,-35,10,-35,14,-42,15,-38,8,-43,7,-47,8,-49,5,-51,5,-53,2,-57,0,-59,1,-66,0,-63,2,-70,5,-63,-1,-74,5,-71,8,-75,3,-73,5,-75,10,-74,9,-74,12,-69,15,-69,16,-66,18,-71,15,-64,18,-59,22,-59,20,-55,22,-56,20,-53,22,-51,26,-46,24,-44,31,-34,30,-36,29,-27,33,-22,0,0,0,0,0,0,0,0,0,0,0,0,0,0,0,0,0,0,0,0,0,0,-17,-59,-16,-59,-6,-58,-3,-61,0,-60,4,-56,0,-54,5,-56,9,-55,7,-48,11,-46,8,-43,14,-41,13,-37,15,-30,15,-22,6,-32,7,-22,9,-14,6,-13,0,-8,2,-6,-2,-5,-7,0,-7,3,-14,5,-14,9,-19,12,-21,13,-19,19,-25,16,-29,22,-26,22,-25,22,-29,26,-28,27,-31,28,-32,32,-28,38,-30,41,-30,46,-29,47,-33,52,-30,54,-29,52,-35,60,-30,64,-25,63,-32,69,-30,66,-32,68,-33,72,-42,74,-38,70,-44,73,-35,71,-38,67,0,0]"
CSI_DATA,310,1a:00:00:00:00:00,-47,11,1,0,1,1,1,0,0,0,1,-96,0,11,2,4440669,0,44,0,384,0,"[0,0,0,0,0,0,0,0,0,0,0,0,9,-2,8,-2,7,-2,7,-3,5,-3,5,-3,4,-4,3,-4,4,-5,3,-5,1,-6,1,-6,0,-7,0,-7,-1,-7,-2,-8,-3,-8,-3,-8,-3,-8,-4,-8,-4,-9,-5,-9,-5,-9,-6,-9,-7,-10,-7,-10,0,0,-8,-11,-8,-11,-8,-12,-8,-11,-8,-12,-7,-12,-7,-12,-7,-12,-7,-12,-6,-11,-6,-12,-5,-12,-5,-12,-5,-12,-4,-11,-4,-12,-3,-10,-3,-10,-2,-10,-2,-10,-2,-9,-1,-10,-1,-9,0,-8,1,-7,1,-7,0,0,0,0,0,0,0,0,0,0,0,0,0,0,66,4,59,2,62,-4,54,-3,49,-5,45,-3,37,-7,40,-11,33,-14,30,-16,28,-20,18,-25,15,-27,14,-26,13,-27,4,-29,6,-37,2,-36,1,-40,-4,-34,-8,-43,-10,-41,-13,-43,-18,-42,-18,-46,-19,-48,-21,-48,-29,-53,-30,-50,-35,-52,-35,-57,-36,-64,-29,-59,-38,-63,-35,-57,-31,-70,-36,-66,-35,-68,-32,-67,-31,-67,-25,-65,-25,-68,-21,-62,-20,-70,-20,-66,-15,-64,-13,-60,-12,-60,-7,-56,-5,-55,-4,-56,1,-52,0,-48,7,-45,5,-41,11,-40,16,-39,0,0,0,0,0,0,0,0,0,0,0,0,0,0,0,0,0,0,0,0,0,0,-47,-39,-43,-48,-38,-52,-34,-53,-28,-46,-25,-53,-23,-52,-20,-48,-21,-56,-14,-45,-12,-49,-10,-43,-8,-42,-6,-41,-2,-33,-2,-32,-9,-28,-2,-23,-4,-19,3,-14,-2,-7,-1,-11,1,0,-6,-3,-5,5,-7,16,-9,12,-9,17,-10,22,-10,24,-14,26,-12,33,-13,38,-12,36,-15,36,-12,39,-9,40,-7,44,-10,49,-9,51,-5,55,0,58,0,62,3,58,-1,62,12,68,4,68,0,70,6,71,4,72,4,77,2,82,3,82,3,80,0,81,-1,84,4,77,0,0]"
CSI_DATA,311,1a:00:00:00:00:00,-47,11,1,0,1,1,1,0,0,0,1,-96,0,11,2,4450122,0,44,0,384,0,"[0,0,0,0,0,0,0,0,0,0,0,0,-5,8,-4,7,-3,7,-2,7,-2,6,-1,6,0,6,1,5,0,5,2,4,3,4,3,4,4,4,5,3,5,3,6,2,6,2,6,2,8,2,8,1,8,2,9,1,9,1,9,1,10,1,11,1,0,0,11,0,12,1,13,0,12,0,12,1,12,1,13,1,13,2,12,2,12,2,12,3,11,3,10,4,10,3,10,4,9,4,9,3,8,4,8,4,8,4,7,5,6,5,5,5,5,5,4,5,3,5,0,0,0,0,0,0,0,0,0,0,0,0,0,0,-46,54,-40,47,-32,45,-34,42,-25,40,-26,42,-19,37,-16,40,-14,33,-5,34,0,35,3,29,10,33,9,27,12,30,22,24,24,24,22,21,28,25,31,20,35,19,39,11,39,11,49,12,49,7,49,9,53,5,57,10,62,11,65,5,60,9,69,3,63,9,72,12,69,9,76,16,75,16,76,10,71,14,72,21,68,17,65,24,69,28,66,25,60,26,57,28,56,28,51,29,52,27,49,27,46,29,42,28,39,30,32,30,27,31,24,32,16,35,0,0,0,0,0,0,0,0,0,0,0,0,0,0,0,0,0,0,0,0,0,0,58,-12,62,-4,60,3,60,8,56,15,53,15,51,12,47,13,47,17,43,17,36,21,39,21,38,18,32,20,31,18,24,15,19,15,17,11,15,10,10,11,4,8,6,4,-5,0,-4,-2,-3,-9,-9,-12,-6,-14,-11,-21,-12,-24,-15,-29,-13,-22,-15,-34,-21,-31,-23,-30,-20,-31,-26,-37,-26,-30,-28,-37,-32,-35,-34,-36,-39,-39,-45,-38,-43,-40,-48,-40,-51,-38,-48,-37,-55,-39,-61,-33,-62,-41,-63,-43,-63,-48,-62,-42,-68,-50,-58,-44,-66,-58,-67,-50,-63,-50,0,0]"
CSI_DATA,312,1a:00:00:00:00:00,-47,11,1,0,1,1,1,0,0,0,1,-96,0,11,2,4460111,0,44,0,384,0,"[0,0,0,0,0,0,0,0,0,0,0,0,-9,5,-7,5,-6,5,-6,5,-5,4,-4,5,-4,5,-3,5,-2,5,0,5,-1,6,1,5,2,5,2,5,2,6,4,6,4,5,4,6,5,5,6,5,6,5,7,5,7,6,8,5,9,6,9,6,0,0,10,7,10,7,11,7,10,7,10,7,10,8,10,8,10,8,10,8,10,8,9,9,8,9,8,9,8,9,7,9,7,9,6,8,6,8,5,8,5,8,4,8,3,8,2,7,2,7,1,7,0,6,0,0,0,0,0,0,0,0,0,0,0,0,0,0,-62,17,-63,16,-57,18,-54,19,-46,21,-46,22,-37,20,-34,16,-29,19,-24,27,-16,27,-14,25,-9,32,-8,29,-8,31,1,33,7,35,9,33,12,31,16,34,28,34,22,36,32,30,29,36,33,34,35,38,36,37,46,41,46,40,48,39,50,41,54,43,51,41,55,46,54,42,59,51,54,49,59,47,52,49,49,49,52,55,49,58,44,50,46,57,37,53,37,50,34,55,32,50,29,49,25,47,25,48,24,48,16,44,15,42,10,41,6,42,-2,37,0,0,0,0,0,0,0,0,0,0,0,0,0,0,0,0,0,0,0,0,0,0,54,30,44,35,46,38,40,40,38,44,34,43,32,40,25,45,26,43,25,45,16,41,20,35,17,35,11,36,10,30,7,27,6,23,5,23,6,13,2,10,6,9,2,5,3,-2,6,-6,0,-8,0,-13,3,-16,4,-22,3,-22,3,-23,-2,-27,4,-32,4,-35,3,-39,-2,-39,-5,-41,-2,-42,-5,-44,-8,-49,-9,-48,-13,-55,-17,-55,-16,-60,-18,-59,-20,-62,-23,-66,-23,-64,-28,-66,-22,-67,-27,-74,-29,-72,-29,-75,-26,-77,-25,-79,-28,-82,-29,-76,-23,-78,0,0]"
CSI_DATA,313,1a:00:00:00:00:00,-47,11,1,0,1,1,1,0,0,0,1,-96,0,11,2,4470809,0,44,0,384,0,"[0,0,0,0,0,0,0,0,0,0,0,0,3,8,3,8,4,7,4,6,4,5,4,4,5,3,4,2,4,2,5,1,5,0,5,0,5,-1,6,-3,6,-3,6,-4,6,-4,7,-5,7,-5,6,-6,6,-5,7,-7,6,-7,7,-8,7,-9,8,-9,0,0,7,-10,9,-10,9,-11,9,-11,9,-10,9,-10,9,-10,9,-10,9,-10,10,-9,10,-9,10,-8,9,-7,10,-7,9,-6,10,-6,9,-6,9,-6,9,-5,8,-4,8,-4,8,-4,8,-3,7,-2,7,-1,6,0,0,0,0,0,0,0,0,0,0,0,0,0,0,0,18,61,17,58,21,57,24,56,27,45,20,37,25,35,26,33,24,28,28,24,26,23,26,12,33,8,27,3,28,5,30,-2,35,-11,36,-11,29,-15,32,-17,37,-26,29,-23,34,-31,34,-34,30,-33,35,-42,37,-40,33,-46,40,-42,38,-51,40,-49,43,-58,41,-53,47,-58,40,-57,48,-56,48,-60,52,-60,48,-53,47,-55,48,-50,54,-53,61,-46,56,-47,50,-44,52,-37,54,-32,49,-32,47,-34,46,-29,45,-28,44,-26,44,-24,46,-12,43,-12,40,-7,40,-3,0,0,0,0,0,0,0,0,0,0,0,0,0,0,0,0,0,0,0,0,0,0,26,-54,31,-47,38,-47,39,-48,39,-36,45,-41,39,-35,40,-32,42,-31,37,-26,40,-29,33,-24,38,-20,35,-16,31,-13,29,-13,23,-13,17,-9,16,-7,15,-6,12,-8,6,-1,-1,-6,-3,-1,-8,3,-15,-4,-16,-9,-21,-2,-22,-3,-29,-1,-29,-2,-32,3,-32,1,-36,-3,-39,-2,-41,1,-45,3,-46,5,-47,9,-52,18,-52,8,-52,16,-58,18,-60,23,-61,21,-60,31,-63,28,-63,28,-67,26,-66,30,-75,30,-76,31,-83,32,-69,27,-81,27,-77,35,-76,25,0,0]"
CSI_DATA,314,1a:00:00:00:00:00,-47,11,1,0,1,1,1,0,0,0,1,-96,0,11,2,4480108,0,44,0,384,0,"[0,0,0,0,0,0,0,0,0,0,0,0,-4,-10,-4,-8,-5,-7,-5,-7,-5,-6,-4,-6,-5,-5,-5,-4,-5,-3,-6,-2,-6,-2,-6,0,-7,0,-7,1,-6,1,-7,2,-7,3,-6,3,-6,4,-7,5,-7,6,-7,6,-7,6,-7,7,-8,8,-8,8,0,0,-8,9,-9,10,-9,9,-9,10,-9,9,-9,9,-9,9,-10,10,-9,10,-10,9,-11,8,-11,7,-10,7,-9,6,-10,6,-10,6,-9,6,-9,5,-10,5,-9,4,-9,4,-9,3,-8,3,-8,1,-8,0,-7,0,0,0,0,0,0,0,0,0,0,0,0,0,0,0,-20,-66,-22,-56,-20,-55,-24,-46,-27,-40,-24,-40,-22,-40,-26,-34,-24,-27,-27,-22,-31,-21,-21,-9,-34,-14,-28,-4,-30,-1,-32,4,-29,6,-30,8,-30,9,-30,19,-38,28,-32,23,-29,28,-33,30,-28,31,-33,37,-27,38,-32,45,-34,49,-32,52,-34,49,-38,57,-38,47,-38,57,-42,56,-44,62,-45,55,-44,56,-46,55,-46,55,-41,50,-49,49,-49,47,-46,47,-45,43,-48,36,-50,34,-45,37,-45,34,-41,30,-48,27,-44,22,-39,22,-41,13,-42,12,-39,7,-42,2,0,0,0,0,0,0,0,0,0,0,0,0,0,0,0,0,0,0,0,0,0,0,-26,47,-35,47,-37,41,-41,44,-39,35,-46,36,-37,31,-42,28,-46,29,-37,24,-41,23,-36,22,-40,20,-33,17,-31,10,-27,11,-21,13,-19,9,-17,4,-11,4,-7,1,-6,1,-3,5,5,0,8,-1,11,4,16,0,21,-2,16,3,26,2,23,4,33,1,31,0,30,-2,38,-3,39,-1,41,-4,42,-5,41,-7,48,-13,52,-13,52,-17,56,-21,54,-21,60,-22,69,-25,58,-25,58,-27,66,-33,69,-26,70,-32,72,-32,73,-29,68,-31,76,-33,74,-30,70,-31,0,0]"
CSI_DATA,315,1a:00:00:00:00:00,-47,11,1,0,1,1,1,0,0,0,1,-96,0,11,2,4500447,0,44,0,384,0,"[0,0,0,0,0,0,0,0,0,0,0,0,3,-10,2,-10,0,-8,0,-8,-1,-7,0,-7,-2,-7,-2,-6,-2,-6,-3,-5,-4,-5,-5,-4,-5,-4,-6,-3,-6,-3,-7,-3,-7,-2,-8,-2,-8,-1,-8,-1,-9,-1,-10,0,-9,0,-10,0,-12,0,-12,0,0,0,-12,1,-13,0,-14,0,-13,1,-13,0,-14,-1,-14,-1,-13,-1,-14,-1,-13,-1,-13,-2,-12,-3,-11,-3,-12,-3,-11,-3,-12,-4,-10,-3,-11,-4,-9,-4,-9,-4,-9,-5,-8,-5,-7,-5,-7,-5,-6,-6,-5,-6,0,0,0,0,0,0,0,0,0,0,0,0,0,0,31,-63,27,-58,21,-54,23,-51,11,-54,13,-44,6,-47,8,-42,2,-40,0,-34,-6,-36,-14,-28,-11,-32,-16,-27,-20,-19,-24,-20,-27,-18,-26,-15,-32,-18,-38,-7,-42,-7,-42,-9,-37,-3,-44,-4,-49,4,-52,3,-56,5,-56,10,-60,6,-64,8,-65,7,-61,13,-65,10,-66,8,-70,15,-67,7,-74,6,-71,4,-70,5,-75,3,-72,-1,-68,-3,-70,-6,-71,-2,-60,-11,-69,-8,-59,-6,-62,-10,-53,-7,-52,-10,-50,-10,-46,-12,-47,-17,-45,-19,-39,-23,-36,-21,-26,-27,0,0,0,0,0,0,0,0,0,0,0,0,0,0,0,0,0,0,0,0,0,0,-58,17,-56,14,-63,9,-57,4,-61,1,-53,-3,-56,-6,-53,-9,-50,-4,-48,-8,-44,-10,-43,-10,-43,-10,-39,-14,-35,-16,-29,-11,-23,-10,-21,-7,-19,-4,-14,-4,-8,-3,-7,-2,-6,-1,1,5,3,5,9,10,9,13,12,13,13,20,18,16,14,21,17,22,25,23,24,24,29,28,30,25,32,23,36,25,39,27,42,23,44,23,51,22,49,23,55,21,60,21,52,26,59,28,65,24,70,25,70,26,72,23,71,24,75,27,77,27,77,30,73,28,76,33,0,0]"
CSI_DATA,316,1a:00:00:00:00:00,-47,11,1,0,1,1,1,0,0,0,1,-96,0,11,2,4520110,0,44,0,384,0,"[0,0,0,0,0,0,0,0,0,0,0,0,-7,7,-5,7,-4,7,-4,7,-4,6,-3,6,-1,6,-2,6,0,6,0,4,1,5,2,5,2,4,4,4,4,4,5,3,5,4,6,3,6,3,7,3,7,3,8,3,9,3,9,2,10,2,10,2,0,0,12,2,12,3,12,3,12,3,12,3,12,4,12,4,12,4,12,4,12,5,11,5,11,6,10,6,10,6,9,6,9,6,8,5,8,6,7,6,7,6,6,6,5,6,5,6,4,6,3,6,2,6,0,0,0,0,0,0,0,0,0,0,0,0,0,0,-43,55,-38,48,-34,53,-32,51,-26,44,-22,44,-19,38,-19,39,-12,34,-8,38,-2,35,4,32,8,28,10,26,10,25,14,23,20,23,24,19,24,21,31,19,35,20,34,12,38,12,45,11,43,13,49,9,47,4,54,5,59,10,64,7,60,5,68,3,65,6,69,2,69,6,69,11,67,11,73,9,69,13,71,15,65,14,64,17,60,19,64,22,62,20,58,21,56,27,50,22,48,23,47,20,47,27,45,28,37,25,36,29,30,29,28,30,23,33,0,0,0,0,0,0,0,0,0,0,0,0,0,0,0,0,0,0,0,0,0,0,58,-9,59,-4,58,0,57,4,56,7,57,11,49,10,48,18,49,12,44,17,42,18,40,14,40,17,36,19,31,20,22,15,19,12,20,11,15,7,13,4,15,4,9,-3,5,-3,0,-6,0,-6,-5,-14,-2,-13,-8,-19,-8,-16,-12,-25,-12,-23,-14,-28,-18,-25,-17,-25,-21,-32,-24,-34,-25,-31,-30,-35,-33,-37,-37,-34,-37,-32,-43,-31,-44,-38,-45,-39,-51,-40,-49,-33,-53,-41,-61,-36,-61,-40,-63,-40,-65,-42,-70,-40,-69,-49,-67,-47,-69,-52,-73,-48,-63,-46,0,0]"
CSI_DATA,317,1a:00:00:00:00:00,-47,11,1,0,1,1,1,0,0,0,1,-96,0,11,2,4540152,0,44,0,384,0,"[0,0,0,0,0,0,0,0,0,0,0,0,8,-7,7,-7,6,-6,5,-7,4,-6,4,-6,2,-6,2,-6,0,-6,0,-6,-1,-6,-2,-6,-3,-6,-4,-6,-4,-6,-5,-6,-5,-6,-6,-5,-6,-6,-7,-6,-7,-6,-8,-5,-8,-5,-10,-5,-10,-6,-11,-6,0,0,-12,-6,-12,-7,-12,-7,-13,-7,-12,-7,-12,-8,-12,-8,-11,-7,-12,-8,-11,-8,-11,-9,-10,-9,-10,-9,-9,-9,-9,-9,-9,-8,-8,-9,-8,-8,-7,-8,-7,-8,-6,-8,-5,-8,-4,-8,-3,-8,-3,-8,-2,-7,0,0,0,0,0,0,0,0,0,0,0,0,0,0,57,-43,53,-35,47,-38,47,-38,42,-33,32,-35,30,-33,27,-28,18,-33,14,-31,11,-31,5,-30,1,-32,6,-29,-5,-30,-10,-26,-15,-29,-16,-30,-16,-28,-23,-28,-32,-28,-28,-33,-33,-25,-35,-21,-37,-26,-50,-23,-46,-22,-53,-25,-49,-27,-60,-27,-55,-29,-58,-27,-59,-26,-65,-27,-61,-26,-67,-35,-66,-33,-65,-36,-66,-38,-62,-37,-60,-34,-59,-44,-55,-39,-57,-38,-46,-41,-50,-40,-43,-42,-44,-41,-39,-41,-38,-40,-34,-40,-33,-38,-24,-42,-20,-39,-21,-41,-14,-34,-9,-37,0,0,0,0,0,0,0,0,0,0,0,0,0,0,0,0,0,0,0,0,0,0,-61,-6,-57,-11,-56,-17,-59,-23,-55,-21,-55,-27,-52,-27,-44,-26,-45,-24,-40,-27,-41,-31,-35,-28,-37,-26,-30,-26,-25,-28,-23,-22,-22,-22,-17,-18,-15,-16,-15,-12,-9,-6,-9,-8,-8,3,-6,4,-5,8,-3,11,0,14,0,17,4,21,3,26,4,23,6,29,3,30,9,29,8,33,12,33,14,36,16,40,17,38,25,42,24,43,26,46,29,46,31,49,40,46,35,55,38,53,41,53,45,53,51,56,47,61,50,59,53,61,47,63,49,60,52,58,50,62,0,0]"
CSI_DATA,318,1a:00:00:00:00:00,-47,11,1,0,1,1,1,0,0,0,1,-96,0,11,2,4550134,0,44,0,384,0,"[0,0,0,0,0,0,0,0,0,0,0,0,9,-5,7,-5,7,-5,6,-5,5,-4,4,-5,3,-5,2,-6,2,-6,2,-6,1,-6,0,-6,-1,-6,-2,-6,-2,-6,-3,-7,-3,-7,-4,-7,-5,-6,-5,-7,-6,-7,-7,-7,-6,-7,-8,-8,-8,-8,-9,-7,0,0,-9,-8,-9,-9,-10,-9,-10,-9,-9,-9,-10,-10,-10,-11,-9,-10,-9,-11,-8,-11,-8,-11,-7,-11,-7,-10,-6,-10,-6,-11,-6,-11,-5,-10,-5,-10,-5,-9,-4,-9,-3,-9,-2,-9,-2,-8,-1,-8,0,-8,1,-7,0,0,0,0,0,0,0,0,0,0,0,0,0,0,66,-18,61,-15,60,-21,53,-23,49,-18,40,-17,38,-19,31,-24,33,-19,23,-23,21,-30,17,-25,16,-27,10,-28,5,-26,0,-30,2,-35,-3,-28,-12,-30,-13,-33,-17,-38,-19,-34,-24,-33,-26,-35,-28,-34,-34,-40,-35,-38,-36,-39,-40,-43,-46,-43,-47,-46,-52,-45,-49,-46,-52,-46,-49,-47,-52,-53,-51,-50,-54,-52,-48,-62,-49,-56,-47,-52,-41,-56,-40,-58,-36,-58,-33,-57,-33,-54,-30,-56,-25,-51,-24,-52,-21,-49,-19,-51,-19,-50,-17,-49,-8,-43,-5,-45,-3,-45,2,-37,0,0,0,0,0,0,0,0,0,0,0,0,0,0,0,0,0,0,0,0,0,0,-55,-19,-52,-32,-52,-33,-52,-33,-48,-40,-43,-39,-41,-40,-33,-38,-42,-39,-28,-41,-30,-43,-27,-39,-25,-34,-23,-31,-22,-27,-17,-27,-15,-27,-10,-25,-8,-20,-12,-16,-10,-11,-13,-9,-5,-6,-6,-1,-5,6,-7,9,-7,12,-5,17,-5,18,-2,21,-3,19,-9,29,-6,28,-5,37,-3,32,0,36,1,41,6,44,5,44,6,47,9,52,10,51,18,56,19,56,19,53,26,61,23,62,25,59,26,66,25,71,23,72,30,70,27,76,31,69,27,80,26,76,26,77,0,0]"
CSI_DATA,319,1a:00:00:00:00:00,-47,11,1,0,1,1,1,0,0,0,1,-96,0,11,2,4560242,0,44,0,384,0,"[0,0,0,0,0,0,0,0,0,0,0,0,-6,-9,-6,-8,-7,-7,-6,-6,-6,-6,-6,-4,-6,-4,-6,-3,-6,-2,-6,-1,-6,-1,-6,1,-7,1,-6,2,-7,2,-6,3,-6,4,-6,4,-6,5,-6,5,-6,6,-6,7,-6,7,-6,8,-7,8,-6,9,0,0,-7,10,-7,10,-8,11,-7,10,-8,10,-9,11,-9,11,-9,10,-9,10,-9,10,-9,9,-9,9,-10,8,-10,7,-10,7,-10,7,-9,6,-9,6,-9,5,-9,5,-9,4,-8,3,-8,2,-8,2,-8,0,-7,0,0,0,0,0,0,0,0,0,0,0,0,0,0,0,-21,-72,-21,-65,-27,-54,-30,-52,-26,-48,-21,-43,-27,-39,-26,-33,-24,-25,-27,-26,-31,-21,-24,-12,-29,-11,-23,-10,-26,-3,-27,1,-28,9,-31,11,-29,13,-30,14,-31,24,-32,22,-26,28,-30,32,-27,32,-32,40,-32,41,-32,46,-31,47,-33,52,-32,55,-29,57,-29,55,-38,60,-33,64,-36,58,-38,65,-37,64,-39,60,-43,56,-40,56,-49,52,-49,48,-50,45,-46,44,-52,47,-43,42,-46,42,-38,39,-40,34,-43,32,-40,28,-39,24,-41,21,-43,17,-39,13,-40,4,0,0,0,0,0,0,0,0,0,0,0,0,0,0,0,0,0,0,0,0,0,0,-33,52,-35,48,-48,46,-41,42,-44,43,-39,36,-42,35,-44,31,-42,31,-44,29,-44,24,-40,20,-40,21,-37,16,-32,18,-30,12,-29,18,-27,11,-18,9,-19,8,-11,9,-11,4,-1,8,2,4,4,8,9,5,9,10,15,7,20,5,23,2,25,8,32,4,26,4,31,3,34,1,41,-1,37,-3,40,-7,44,-5,47,-10,49,-14,48,-14,53,-18,58,-18,54,-27,61,-26,64,-29,60,-34,67,-29,65,-30,64,-28,75,-31,74,-33,76,-31,79,-32,74,-28,70,-34,0,0]"
CSI_DATA,320,1a:00:00:00:00:00,-47,11,1,0,1,1,1,0,0,0,1,-96,0,11,2,4570809,0,44,0,384,0,"[0,0,0,0,0,0,0,0,0,0,0,0,2,-10,2,-9,0,-8,0,-9,-1,-8,-1,-7,-2,-7,-3,-6,-3,-6,-4,-5,-4,-4,-5,-4,-5,-3,-6,-3,-6,-2,-7,-2,-7,-2,-8,-2,-8,0,-8,0,-8,0,-10,1,-9,1,-10,1,-11,1,-12,2,0,0,-12,3,-13,2,-13,2,-13,3,-13,2,-14,2,-14,2,-13,2,-14,2,-13,1,-14,0,-12,-1,-12,-1,-12,-1,-12,-2,-12,-1,-11,-1,-11,-2,-11,-2,-10,-2,-9,-3,-9,-3,-8,-3,-7,-4,-7,-5,-6,-4,0,0,0,0,0,0,0,0,0,0,0,0,0,0,23,-60,24,-63,22,-52,15,-51,13,-58,14,-46,6,-44,1,-38,-1,-33,-2,-35,-10,-34,-9,-28,-13,-30,-17,-24,-17,-21,-21,-19,-28,-13,-27,-14,-25,-11,-36,-11,-36,-8,-37,-8,-39,0,-42,-3,-44,1,-51,5,-49,8,-51,13,-56,10,-59,14,-60,13,-62,14,-62,14,-63,12,-71,19,-67,9,-66,11,-70,8,-72,3,-71,5,-67,4,-69,5,-63,2,-66,1,-64,-3,-66,-6,-59,-5,-59,-7,-50,-8,-49,-14,-53,-14,-48,-12,-43,-17,-40,-20,-40,-20,-32,-20,-26,-21,0,0,0,0,0,0,0,0,0,0,0,0,0,0,0,0,0,0,0,0,0,0,-53,27,-54,21,-59,16,-56,15,-58,8,-52,8,-52,3,-52,2,-54,-2,-48,-3,-47,0,-43,-2,-44,-4,-38,-4,-35,-9,-29,-2,-25,-1,-25,-1,-24,-3,-16,-2,-10,0,-14,1,-7,3,0,6,-4,7,-2,13,3,9,8,12,10,15,13,17,16,20,14,21,16,24,24,25,24,25,27,21,28,22,32,21,36,25,44,18,41,24,44,17,51,20,53,21,55,19,51,24,57,23,63,19,65,21,68,20,68,16,77,15,71,21,74,23,77,24,72,25,75,22,0,0]"
CSI_DATA,321,1a:00:00:00:00:00,-47,11,1,0,1,1,1,0,0,0,1,-96,0,11,2,4590116,0,44,0,384,0,"[0,0,0,0,0,0,0,0,0,0,0,0,-10,1,-9,1,-8,1,-8,1,-7,1,-7,2,-6,3,-5,3,-5,4,-3,3,-3,5,-2,4,-2,5,-1,5,-1,6,1,6,1,6,2,6,2,7,2,7,3,7,4,7,4,7,5,8,6,8,6,9,0,0,7,9,6,9,7,11,7,10,7,11,7,11,7,11,6,10,6,11,5,10,6,10,5,11,4,11,4,11,3,10,3,11,3,10,3,9,2,9,1,8,1,9,1,8,0,7,0,7,-1,7,-2,6,0,0,0,0,0,0,0,0,0,0,0,0,0,0,-65,-25,-60,-19,-58,-15,-55,-19,-47,-15,-43,-7,-44,-8,-43,-5,-37,0,-36,4,-28,8,-30,8,-31,13,-23,17,-23,17,-16,21,-15,25,-13,28,-5,32,-6,30,0,37,-2,39,1,38,2,47,8,43,7,48,14,51,15,49,15,57,21,60,18,59,22,66,17,62,20,67,21,64,20,76,24,67,18,72,13,69,15,69,11,67,11,72,6,67,7,63,10,64,1,62,2,63,0,56,-1,57,-2,51,-1,50,-6,52,-3,46,-11,41,-16,42,-15,43,-23,32,0,0,0,0,0,0,0,0,0,0,0,0,0,0,0,0,0,0,0,0,0,0,22,54,16,57,12,55,9,60,4,60,-2,60,3,54,-3,53,-5,55,-5,49,-7,48,-5,42,-7,44,-5,37,-11,39,-11,33,-6,30,-6,28,-3,23,-3,18,-1,14,2,13,5,5,6,7,8,0,9,-2,14,1,10,-8,16,-10,20,-11,20,-13,26,-15,24,-21,23,-25,24,-23,26,-29,22,-29,22,-31,24,-36,25,-44,23,-42,22,-45,26,-55,22,-54,21,-56,19,-52,24,-57,15,-66,19,-67,16,-73,22,-74,18,-79,25,-77,22,-76,23,-77,23,-83,24,-75,0,0]"
CSI_DATA,322,1a:00:00:00:00:00,-47,11,1,0,1,1,1,0,0,0,1,-96,0,11,2,4601401,0,44,0,384,0,"[0,0,0,0,0,0,0,0,0,0,0,0,-6,7,-6,7,-4,6,-4,6,-3,6,-3,6,-2,6,-1,6,-1,6,0,4,1,4,2,4,2,4,4,3,4,4,5,3,6,3,5,3,6,3,7,3,8,2,8,1,8,2,9,1,10,1,10,1,0,0,11,1,12,1,12,1,12,1,12,2,13,3,13,2,12,2,13,3,12,3,12,4,11,4,11,4,11,4,10,4,10,5,9,4,9,4,8,5,7,5,7,5,6,5,5,6,5,5,4,5,3,5,0,0,0,0,0,0,0,0,0,0,0,0,0,0,-54,37,-51,36,-51,34,-45,34,-42,35,-35,29,-29,34,-32,28,-21,30,-16,30,-15,30,-7,27,-2,26,-2,27,1,26,10,27,12,27,18,23,19,22,22,24,28,23,28,24,28,22,42,23,39,21,46,22,49,21,50,18,53,23,62,17,54,19,61,22,62,24,63,24,63,22,66,31,71,25,64,29,63,34,58,31,64,26,58,37,59,37,57,36,53,36,51,39,51,41,51,38,42,31,39,35,37,37,35,35,33,36,25,38,22,35,21,37,13,37,0,0,0,0,0,0,0,0,0,0,0,0,0,0,0,0,0,0,0,0,0,0,56,8,57,17,57,22,59,26,54,23,47,31,49,30,42,34,44,33,40,32,38,28,34,26,36,26,33,28,25,24,19,25,21,21,17,18,17,15,14,9,6,8,10,5,11,-2,9,-3,9,-3,7,-9,5,-12,-1,-16,3,-17,2,-20,1,-24,-1,-29,0,-25,-2,-33,-7,-33,-7,-38,-11,-38,-15,-44,-17,-42,-23,-45,-24,-44,-28,-49,-29,-50,-35,-50,-31,-49,-46,-47,-40,-53,-40,-50,-43,-54,-41,-62,-48,-61,-53,-62,-45,-59,-45,-65,-52,-66,-48,-61,-47,-66,0,0]"
CSI_DATA,323,1a:00:00:00:00:00,-47,11,1,0,1,1,1,0,0,0,1,-96,0,11,2,4620122,0,44,0,384,0,"[0,0,0,0,0,0,0,0,0,0,0,0,9,1,8,1,8,0,7,0,7,-1,6,-1,5,-3,5,-3,5,-3,4,-4,3,-5,3,-5,2,-5,1,-6,1,-6,0,-8,-1,-8,-1,-8,-2,-8,-2,-9,-2,-9,-3,-9,-3,-10,-4,-10,-4,-11,-5,-11,0,0,-5,-12,-6,-12,-6,-13,-6,-13,-5,-13,-5,-14,-6,-14,-5,-13,-4,-14,-4,-13,-4,-14,-3,-14,-3,-13,-2,-12,-2,-12,-1,-12,-1,-12,-1,-11,-1,-11,-1,-10,0,-10,0,-10,1,-9,2,-9,2,-8,2,-7,0,0,0,0,0,0,0,0,0,0,0,0,0,0,63,26,57,19,53,17,51,15,52,15,48,12,46,0,40,4,39,0,34,-3,29,-6,28,-9,24,-17,25,-14,20,-19,19,-24,11,-26,11,-31,7,-30,8,-35,2,-36,1,-38,-4,-42,-1,-44,-7,-46,-10,-53,-8,-49,-14,-51,-16,-58,-20,-57,-19,-62,-19,-65,-18,-64,-21,-71,-22,-66,-15,-73,-19,-74,-16,-72,-14,-73,-9,-69,-10,-71,-6,-68,-4,-66,-6,-66,-5,-68,-4,-64,4,-64,0,-64,6,-52,4,-54,6,-56,5,-50,9,-47,18,-41,15,-42,19,-38,26,-35,0,0,0,0,0,0,0,0,0,0,0,0,0,0,0,0,0,0,0,0,0,0,-27,-56,-21,-60,-17,-63,-15,-60,-11,-60,-3,-58,-7,-59,-1,-58,0,-58,2,-54,4,-53,8,-48,4,-47,3,-39,5,-36,7,-36,6,-30,8,-23,1,-24,-1,-23,-3,-17,-5,-13,-4,-9,-7,-7,-4,-2,-13,-1,-15,5,-16,8,-20,7,-20,10,-21,18,-22,14,-26,17,-22,21,-25,27,-26,25,-24,30,-24,34,-23,32,-25,40,-21,40,-28,46,-23,48,-24,50,-25,52,-21,64,-21,62,-22,60,-20,68,-23,69,-24,69,-20,69,-25,76,-22,72,-26,77,-23,76,-28,74,0,0]"
CSI_DATA,324,1a:00:00:00:00:00,-47,11,1,0,1,1,1,0,0,0,1,-96,0,11,2,4630126,0,44,0,384,0,"[0,0,0,0,0,0,0,0,0,0,0,0,1,9,1,8,3,8,2,7,3,6,2,5,2,4,3,4,4,4,4,3,4,2,4,1,5,0,5,0,5,0,7,-2,6,-2,6,-2,6,-3,7,-4,7,-4,7,-5,7,-6,8,-6,9,-7,9,-7,0,0,9,-7,10,-8,10,-8,10,-8,10,-8,11,-7,11,-8,11,-7,12,-7,12,-6,12,-6,11,-5,11,-5,11,-4,11,-3,10,-4,11,-4,10,-3,10,-2,9,-2,9,-1,8,-1,8,0,7,0,7,1,6,2,0,0,0,0,0,0,0,0,0,0,0,0,0,0,-1,68,-2,60,-1,55,1,58,4,46,8,47,9,40,10,42,14,32,14,31,16,25,19,18,23,21,18,16,21,12,32,12,32,4,25,0,31,-3,34,-6,34,-9,31,-7,36,-17,38,-16,37,-20,45,-23,38,-28,43,-35,48,-33,50,-38,49,-42,48,-41,55,-37,56,-41,54,-42,61,-37,58,-39,63,-40,63,-36,62,-34,61,-36,64,-33,66,-31,62,-30,62,-27,62,-23,58,-19,58,-23,53,-16,51,-12,51,-9,50,-9,49,-5,47,-1,41,2,36,4,36,12,0,0,0,0,0,0,0,0,0,0,0,0,0,0,0,0,0,0,0,0,0,0,42,-47,46,-42,44,-36,51,-36,45,-27,53,-27,51,-28,50,-20,51,-19,44,-18,45,-10,44,-14,43,-15,43,-9,38,-7,29,-9,31,-9,28,-5,22,-9,19,-11,15,-4,8,-6,7,-12,1,-12,-5,-7,-5,-13,-12,-12,-11,-12,-15,-15,-22,-13,-19,-14,-22,-15,-26,-16,-32,-15,-33,-15,-32,-13,-36,-11,-46,-9,-43,-13,-48,-9,-50,-11,-53,-7,-59,-5,-60,-2,-58,-5,-61,0,-62,0,-69,6,-64,1,-76,5,-78,1,-78,11,-85,6,-76,5,-85,6,-82,1,-77,2,0,0]"
CSI_DATA,325,1a:00:00:00:00:00,-47,11,1,0,1,1,1,0,0,0,1,-96,0,11,2,4641824,0,44,0,384,0,"[0,0,0,0,0,0,0,0,0,0,0,0,0,9,0,8,1,8,2,8,2,6,2,6,3,5,3,4,3,3,3,3,4,3,5,1,5,0,5,-1,5,-1,6,-2,6,-2,6,-2,6,-3,6,-4,7,-4,7,-5,7,-5,8,-6,8,-7,8,-7,0,0,9,-8,10,-8,10,-8,10,-8,11,-8,10,-9,11,-8,11,-7,11,-7,11,-7,12,-6,11,-6,11,-5,10,-5,10,-4,11,-4,10,-4,10,-4,9,-3,9,-3,9,-1,8,-2,8,-1,7,0,7,1,6,1,0,0,0,0,0,0,0,0,0,0,0,0,0,0,-5,69,-7,62,1,58,4,54,1,49,4,46,7,39,9,43,4,32,13,32,17,29,18,25,19,21,19,17,25,11,27,9,29,6,30,-1,34,1,32,-4,37,-9,34,-10,37,-18,37,-14,39,-15,44,-21,44,-27,46,-28,42,-32,46,-35,44,-37,55,-38,49,-32,63,-41,55,-37,63,-43,61,-37,62,-39,65,-34,66,-34,63,-31,62,-33,65,-29,61,-26,65,-27,58,-18,59,-20,58,-19,57,-14,50,-5,53,-7,50,-5,50,-3,44,-1,40,4,43,7,38,12,0,0,0,0,0,0,0,0,0,0,0,0,0,0,0,0,0,0,0,0,0,0,43,-44,54,-39,49,-34,55,-29,49,-27,54,-28,53,-21,50,-23,55,-21,47,-14,48,-12,48,-12,43,-13,43,-8,37,-6,33,-5,29,-9,27,-2,24,-7,20,-5,18,-5,13,-5,4,-8,4,-6,-1,-11,-5,-13,-6,-12,-14,-14,-12,-16,-20,-14,-21,-15,-27,-18,-25,-13,-28,-17,-34,-15,-39,-17,-30,-18,-40,-15,-41,-12,-49,-11,-50,-14,-52,-10,-58,-11,-58,-8,-64,-6,-61,5,-64,-1,-67,-2,-72,-1,-73,-4,-73,1,-80,3,-80,0,-74,0,-79,-3,-88,1,-75,-3,0,0]"
CSI_DATA,326,1a:00:00:00:00:00,-47,11,1,0,1,1,1,0,0,0,1,-96,0,11,2,4650137,0,44,0,384,0,"[0,0,0,0,0,0,0,0,0,0,0,0,-8,-7,-7,-6,-8,-4,-8,-4,-7,-3,-7,-3,-6,-1,-5,-1,-6,0,-5,0,-5,1,-5,2,-5,2,-5,3,-4,4,-4,5,-4,5,-4,6,-3,6,-3,7,-3,7,-3,8,-2,8,-2,9,-3,10,-2,11,0,0,-2,11,-2,12,-2,12,-2,12,-2,12,-3,13,-3,13,-3,12,-3,12,-4,12,-4,12,-5,11,-5,11,-5,10,-5,10,-5,10,-6,10,-6,9,-6,8,-6,7,-6,6,-6,7,-6,6,-7,5,-6,4,-6,3,0,0,0,0,0,0,0,0,0,0,0,0,0,0,-58,-47,-47,-41,-50,-32,-44,-33,-45,-27,-41,-24,-43,-21,-39,-20,-39,-12,-39,-13,-34,-6,-31,1,-34,4,-26,7,-25,10,-22,12,-24,22,-18,22,-22,25,-22,29,-17,33,-14,31,-10,34,-10,40,-10,46,-7,50,-7,51,-2,53,-5,57,-3,62,-1,62,-9,65,-6,62,-5,72,-2,66,-11,71,-4,72,-6,72,-16,70,-14,69,-13,68,-20,68,-17,65,-22,71,-19,62,-25,61,-25,57,-23,56,-21,50,-27,46,-26,46,-27,44,-30,40,-30,34,-29,34,-31,27,-32,18,0,0,0,0,0,0,0,0,0,0,0,0,0,0,0,0,0,0,0,0,0,0,15,61,8,62,6,58,0,62,-6,62,-10,54,-9,50,-13,55,-11,52,-12,48,-17,48,-16,43,-14,44,-17,42,-15,35,-15,32,-12,31,-13,27,-10,24,-3,17,-2,18,-5,10,2,8,7,5,10,3,9,2,12,-2,18,-6,16,-4,24,-4,21,-6,28,-13,27,-13,28,-19,31,-19,30,-21,35,-25,33,-28,34,-27,34,-34,34,-32,35,-43,36,-40,40,-45,38,-48,27,-53,36,-51,41,-57,37,-60,41,-64,37,-62,43,-69,48,-69,45,-62,45,-68,51,-67,51,-67,0,0]"
CSI_DATA,327,1a:00:00:00:00:00,-47,11,1,0,1,1,1,0,0,0,1,-96,0,11,2,4660157,0,44,0,384,0,"[0,0,0,0,0,0,0,0,0,0,0,0,8,-6,8,-6,6,-5,6,-6,4,-6,4,-6,3,-6,2,-5,2,-6,0,-5,0,-6,-1,-6,-2,-6,-3,-5,-3,-6,-4,-6,-5,-6,-5,-5,-6,-5,-6,-6,-6,-5,-8,-5,-8,-6,-9,-5,-9,-6,-11,-6,0,0,-11,-6,-11,-7,-12,-7,-11,-7,-12,-7,-11,-8,-11,-8,-11,-8,-12,-9,-11,-9,-11,-9,-9,-10,-9,-9,-9,-9,-8,-9,-8,-9,-7,-9,-7,-8,-6,-9,-6,-8,-5,-9,-4,-8,-3,-8,-3,-8,-2,-8,-1,-8,0,0,0,0,0,0,0,0,0,0,0,0,0,0,66,-27,62,-29,54,-33,46,-26,45,-26,38,-28,37,-23,30,-27,29,-25,24,-28,17,-27,16,-26,9,-25,7,-25,1,-27,-2,-28,-6,-31,-9,-31,-12,-28,-20,-23,-27,-31,-26,-29,-30,-29,-34,-24,-39,-28,-38,-26,-43,-30,-46,-22,-43,-29,-55,-29,-52,-25,-61,-28,-57,-31,-67,-33,-62,-33,-65,-34,-65,-36,-62,-38,-65,-42,-63,-42,-58,-41,-58,-45,-52,-46,-57,-45,-53,-42,-50,-42,-45,-41,-42,-46,-37,-42,-33,-43,-36,-44,-29,-42,-27,-38,-23,-43,-20,-42,-16,-40,-11,-40,0,0,0,0,0,0,0,0,0,0,0,0,0,0,0,0,0,0,0,0,0,0,-62,-15,-56,-24,-53,-26,-54,-30,-52,-35,-45,-39,-45,-37,-42,-36,-43,-40,-40,-35,-36,-40,-36,-36,-37,-36,-30,-36,-21,-33,-20,-30,-21,-20,-16,-20,-17,-16,-14,-12,-11,-10,-11,-9,-10,-4,-9,0,-12,7,-6,13,-9,12,-5,12,-9,20,-4,23,0,24,-5,33,-1,30,-3,32,3,36,4,41,8,36,5,40,7,41,12,50,15,49,20,46,21,52,29,57,25,53,30,61,33,60,34,58,32,59,34,65,34,69,41,66,38,74,38,74,39,76,35,74,35,74,0,0]"
CSI_DATA,328,1a:00:00:00:00:00,-47,11,1,0,1,1,1,0,0,0,1,-96,0,11,2,4670117,0,44,0,384,0,"[0,0,0,0,0,0,0,0,0,0,0,0,5,-10,4,-9,2,-8,2,-8,2,-8,1,-7,0,-7,0,-7,-1,-6,-2,-5,-2,-6,-3,-5,-4,-4,-5,-4,-5,-4,-6,-4,-6,-3,-7,-3,-8,-2,-8,-2,-9,-2,-9,-2,-10,-2,-11,-1,-11,-1,-12,0,0,0,-13,-1,-14,-1,-14,-1,-14,-1,-14,-1,-14,-2,-14,-2,-13,-2,-14,-2,-14,-3,-14,-4,-13,-3,-12,-4,-12,-4,-12,-4,-11,-5,-11,-5,-11,-4,-10,-5,-10,-5,-9,-6,-8,-6,-7,-6,-6,-6,-5,-6,-5,-6,0,0,0,0,0,0,0,0,0,0,0,0,0,0,35,-60,30,-60,28,-53,24,-48,23,-45,14,-40,12,-43,5,-39,3,-40,4,-36,1,-37,-6,-32,-10,-28,-10,-27,-16,-21,-18,-19,-25,-19,-28,-15,-27,-16,-32,-11,-34,-12,-36,-7,-39,-8,-44,-2,-39,-3,-47,-1,-45,4,-55,9,-55,4,-55,12,-58,9,-66,9,-63,8,-66,9,-65,11,-74,7,-68,6,-68,5,-69,0,-72,2,-70,1,-70,-7,-67,-8,-69,-7,-64,-7,-59,-15,-59,-13,-58,-14,-55,-17,-52,-18,-50,-16,-47,-15,-45,-22,-40,-27,-34,-28,-33,-26,-26,-26,0,0,0,0,0,0,0,0,0,0,0,0,0,0,0,0,0,0,0,0,0,0,-55,26,-59,21,-58,18,-61,12,-62,9,-57,4,-56,5,-54,-2,-57,-2,-54,1,-51,-7,-43,-8,-47,-4,-44,-4,-38,-11,-36,-8,-31,-3,-30,-6,-22,-5,-21,-1,-19,1,-14,5,-13,6,-3,7,-4,5,-4,10,3,11,4,17,6,16,14,19,13,22,14,24,17,23,21,26,22,24,27,26,28,23,29,28,34,28,36,23,42,28,49,24,51,27,53,25,46,25,62,20,60,23,58,26,68,28,66,31,66,28,72,25,71,30,75,34,76,28,72,29,70,31,0,0]"
CSI_DATA,329,1a:00:00:00:00:00,-47,11,1,0,1,1,1,0,0,0,1,-96,0,11,2,4680287,0,44,0,384,0,"[0,0,0,0,0,0,0,0,0,0,0,0,8,-6,7,-7,6,-7,5,-6,5,-6,4,-6,2,-6,2,-6,1,-7,0,-5,0,-6,-1,-6,-2,-6,-3,-6,-3,-6,-4,-6,-5,-6,-5,-6,-6,-5,-7,-5,-6,-5,-8,-5,-8,-6,-9,-5,-9,-6,-10,-6,0,0,-11,-6,-11,-7,-12,-7,-12,-7,-11,-8,-12,-8,-12,-8,-11,-8,-12,-8,-10,-9,-11,-9,-9,-9,-9,-9,-9,-10,-8,-9,-9,-9,-7,-9,-7,-9,-6,-9,-6,-9,-5,-9,-4,-9,-3,-8,-2,-8,-2,-8,-1,-7,0,0,0,0,0,0,0,0,0,0,0,0,0,0,62,-36,55,-34,44,-38,44,-33,45,-34,40,-30,31,-33,27,-35,21,-28,18,-33,20,-31,11,-29,8,-30,3,-26,-3,-28,-6,-25,-9,-29,-15,-29,-15,-30,-25,-24,-27,-26,-23,-28,-29,-22,-32,-24,-32,-24,-44,-27,-44,-25,-54,-21,-51,-25,-56,-24,-57,-24,-61,-27,-58,-24,-64,-29,-64,-27,-62,-31,-66,-34,-68,-32,-58,-43,-61,-43,-61,-36,-58,-39,-58,-42,-61,-43,-49,-42,-51,-44,-48,-43,-47,-39,-35,-36,-35,-39,-35,-43,-30,-42,-30,-42,-22,-39,-22,-38,-14,-42,-9,-39,0,0,0,0,0,0,0,0,0,0,0,0,0,0,0,0,0,0,0,0,0,0,-67,-5,-60,-12,-60,-16,-61,-23,-58,-24,-50,-26,-49,-31,-48,-32,-51,-29,-44,-29,-42,-35,-41,-28,-36,-29,-36,-31,-30,-31,-26,-27,-27,-24,-24,-19,-24,-17,-13,-14,-15,-12,-9,-10,-9,-4,-7,2,-10,5,-4,5,-3,10,-2,14,-7,17,-2,23,-3,24,4,29,-4,29,7,36,8,34,6,37,10,35,15,36,21,44,23,45,23,47,25,49,25,52,34,51,32,50,29,48,33,54,38,55,44,57,46,61,43,60,53,60,44,67,48,64,50,66,46,65,44,68,0,0]"
CSI_DATA,330,1a:00:00:00:00:00,-47,11,1,0,1,1,1,0,0,0,1,-96,0,11,2,4700131,0,44,0,384,0,"[0,0,0,0,0,0,0,0,0,0,0,0,-10,4,-9,3,-8,3,-7,4,-6,3,-6,4,-5,4,-4,4,-4,4,-3,4,-2,5,-1,5,0,5,0,5,0,5,2,5,3,6,3,6,4,5,4,6,5,6,5,6,6,6,7,6,7,7,8,6,0,0,8,7,8,7,9,7,9,8,9,8,9,9,9,9,8,8,8,9,8,9,8,9,7,9,7,9,6,9,6,8,6,9,5,8,4,8,4,9,4,8,3,8,2,8,2,7,1,7,0,7,-1,6,0,0,0,0,0,0,0,0,0,0,0,0,0,0,-72,7,-65,5,-60,10,-59,15,-53,12,-47,13,-44,12,-39,14,-36,19,-30,18,-27,17,-22,24,-18,26,-15,25,-13,21,-1,30,-3,33,3,29,7,32,9,31,12,32,13,37,15,35,19,35,23,36,25,41,29,40,34,37,39,40,41,45,42,45,45,42,45,45,44,49,47,46,51,53,47,56,51,53,43,49,44,56,40,57,37,60,38,62,40,57,32,57,33,54,29,57,28,54,23,47,19,47,18,45,17,46,14,44,8,43,5,39,1,40,-5,39,0,0,0,0,0,0,0,0,0,0,0,0,0,0,0,0,0,0,0,0,0,0,52,34,48,43,42,47,45,47,37,50,33,49,31,50,31,50,28,52,26,47,19,48,22,43,19,42,19,42,12,37,11,37,15,32,9,24,9,24,5,19,11,14,10,12,11,9,10,4,8,-2,6,-6,5,-8,7,-13,10,-15,11,-22,11,-19,12,-28,13,-26,9,-29,5,-32,7,-38,2,-41,2,-45,3,-43,2,-52,-3,-55,-1,-54,0,-59,-7,-66,-6,-56,-8,-57,-9,-64,-18,-64,-13,-70,-19,-75,-14,-73,-20,-76,-16,-84,-13,-77,-15,-87,-17,-84,-13,-76,0,0]"
CSI_DATA,331,1a:00:00:00:00:00,-47,11,1,0,1,1,1,0,0,0,1,-96,0,11,2,4711886,0,44,0,384,0,"[0,0,0,0,0,0,0,0,0,0,0,0,1,-10,-1,-10,-2,-9,-2,-9,-2,-8,-2,-7,-3,-7,-2,-6,-3,-6,-4,-4,-4,-4,-5,-4,-6,-3,-6,-2,-6,-2,-7,-2,-7,-1,-8,-1,-8,0,-8,0,-9,1,-9,1,-9,1,-10,2,-10,2,-11,3,0,0,-11,3,-12,3,-13,3,-13,3,-13,3,-13,3,-13,3,-13,2,-13,2,-13,1,-13,1,-13,0,-12,0,-12,0,-12,-1,-12,-1,-11,-1,-11,-2,-11,-2,-10,-2,-9,-3,-9,-3,-8,-3,-7,-3,-7,-5,-6,-5,0,0,0,0,0,0,0,0,0,0,0,0,0,0,18,-67,21,-62,11,-63,10,-53,8,-54,6,-49,2,-43,-4,-46,-9,-37,-4,-34,-9,-34,-15,-27,-15,-29,-20,-27,-20,-21,-23,-16,-26,-21,-29,-14,-30,-12,-34,-9,-39,-7,-37,-4,-42,4,-41,3,-44,3,-51,7,-51,5,-53,10,-57,9,-60,17,-55,10,-60,18,-63,12,-65,16,-63,16,-71,14,-76,14,-72,11,-76,9,-69,5,-68,9,-70,3,-71,1,-68,1,-65,2,-64,-4,-61,-6,-60,-3,-56,-5,-56,-6,-52,-10,-51,-14,-43,-16,-41,-19,-40,-22,-35,-23,-30,-23,0,0,0,0,0,0,0,0,0,0,0,0,0,0,0,0,0,0,0,0,0,0,-48,41,-52,36,-53,33,-58,29,-54,21,-57,18,-56,20,-58,14,-60,15,-51,11,-54,6,-46,5,-53,6,-48,5,-37,3,-30,6,-30,2,-28,3,-26,-1,-26,3,-17,9,-15,4,-9,6,-7,9,-11,6,-4,9,-3,10,6,11,13,14,12,17,22,11,23,16,24,17,24,17,31,17,31,21,33,18,36,17,37,17,42,16,45,15,51,16,47,18,57,14,55,15,62,15,64,13,69,12,63,9,71,11,74,16,78,15,79,21,78,16,83,17,81,16,77,21,0,0]"
CSI_DATA,332,1a:00:00:00:00:00,-47,11,1,0,1,1,1,0,0,0,1,-96,0,11,2,4730130,0,44,0,384,0,"[0,0,0,0,0,0,0,0,0,0,0,0,9,-4,8,-3,8,-3,7,-4,6,-4,5,-4,5,-5,4,-5,3,-5,2,-5,2,-6,1,-6,0,-6,-1,-7,-1,-7,-2,-7,-2,-7,-3,-8,-4,-7,-4,-8,-4,-8,-5,-8,-6,-8,-6,-9,-7,-9,-8,-9,0,0,-8,-10,-8,-11,-8,-11,-9,-11,-8,-11,-7,-12,-8,-12,-7,-12,-7,-12,-6,-12,-6,-12,-6,-12,-5,-12,-5,-12,-4,-11,-4,-12,-4,-11,-3,-11,-3,-10,-2,-10,-1,-10,0,-10,0,-9,1,-9,1,-8,1,-7,0,0,0,0,0,0,0,0,0,0,0,0,0,0,68,-15,63,-17,62,-22,55,-16,46,-22,49,-14,40,-20,32,-24,36,-21,26,-25,23,-20,16,-24,19,-23,9,-27,12,-26,5,-31,2,-35,-8,-32,-6,-37,-14,-33,-20,-37,-19,-39,-25,-34,-27,-32,-28,-37,-30,-39,-38,-37,-39,-40,-38,-38,-46,-42,-46,-42,-55,-47,-52,-43,-49,-53,-49,-47,-52,-53,-50,-54,-53,-53,-49,-56,-47,-53,-45,-48,-38,-55,-41,-57,-36,-55,-36,-57,-32,-55,-31,-55,-30,-53,-25,-52,-22,-51,-21,-51,-21,-47,-15,-47,-11,-41,-9,-44,-3,-42,4,-38,0,0,0,0,0,0,0,0,0,0,0,0,0,0,0,0,0,0,0,0,0,0,-59,-27,-52,-35,-53,-34,-50,-41,-46,-44,-42,-44,-40,-44,-39,-46,-39,-47,-34,-46,-28,-46,-29,-41,-29,-45,-27,-39,-16,-37,-18,-31,-16,-32,-15,-22,-16,-17,-15,-19,-12,-19,-15,-14,-10,-8,-8,-4,-8,1,-11,7,-14,12,-11,11,-12,12,-8,25,-8,18,-9,27,-10,28,-8,28,-6,36,-1,35,-4,34,-4,41,3,44,2,47,5,49,3,45,11,56,11,56,16,55,17,61,14,60,24,60,20,67,22,68,22,69,26,76,22,76,22,69,23,80,26,81,19,75,0,0]"
CSI_DATA,333,1a:00:00:00:00:00,-47,11,1,0,1,1,1,0,0,0,1,-96,0,11,2,4740127,0,44,0,384,0,"[0,0,0,0,0,0,0,0,0,0,0,0,8,6,7,4,7,4,7,4,7,3,6,2,6,1,6,0,5,-1,5,-1,5,-2,4,-2,4,-3,4,-4,4,-5,4,-6,3,-6,3,-6,3,-7,3,-8,3,-8,2,-9,3,-9,2,-10,3,-11,2,-11,0,0,2,-12,2,-12,2,-13,2,-13,3,-13,3,-13,4,-13,3,-13,4,-13,4,-13,5,-12,5,-11,5,-12,5,-11,6,-11,5,-10,6,-10,5,-9,5,-9,6,-8,6,-7,6,-7,6,-6,6,-5,6,-4,6,-3,0,0,0,0,0,0,0,0,0,0,0,0,0,0,57,41,49,42,52,32,50,31,48,28,44,26,36,20,43,9,36,10,36,8,32,4,32,2,29,-5,24,-8,27,-10,23,-15,23,-19,25,-18,18,-27,19,-27,13,-32,16,-33,12,-41,7,-40,10,-43,7,-47,5,-53,3,-53,10,-58,2,-60,3,-57,8,-62,7,-64,7,-71,2,-69,8,-73,12,-71,1,-70,16,-72,14,-68,16,-72,17,-67,20,-65,23,-65,22,-57,25,-63,26,-58,24,-56,26,-51,23,-44,25,-43,26,-42,25,-43,31,-34,32,-28,32,-26,30,-20,0,0,0,0,0,0,0,0,0,0,0,0,0,0,0,0,0,0,0,0,0,0,-24,-60,-19,-62,-16,-61,-10,-67,-7,-61,-2,-60,-1,-57,0,-56,1,-53,6,-57,11,-56,6,-50,7,-49,10,-43,10,-43,5,-38,6,-32,4,-27,4,-24,2,-18,-1,-19,-2,-15,-6,-15,-5,-9,-8,-9,-11,-1,-16,-2,-18,-1,-21,4,-21,6,-21,9,-27,9,-27,14,-30,17,-27,23,-29,23,-32,22,-35,28,-37,27,-33,32,-34,34,-32,41,-38,44,-36,46,-35,47,-30,52,-34,57,-36,60,-31,64,-43,65,-41,66,-41,67,-45,68,-41,64,-50,71,-49,69,-47,68,0,0]"
CSI_DATA,334,1a:00:00:00:00:00,-47,11,1,0,1,1,1,0,0,0,1,-96,0,11,2,4750431,0,44,0,384,0,"[0,0,0,0,0,0,0,0,0,0,0,0,6,-8,5,-8,4,-8,4,-8,3,-7,2,-7,1,-7,1,-7,0,-6,-1,-6,-1,-6,-2,-6,-3,-5,-4,-5,-4,-5,-5,-5,-6,-5,-6,-5,-7,-4,-8,-4,-7,-3,-9,-3,-8,-4,-10,-3,-11,-4,-11,-3,0,0,-12,-3,-12,-4,-12,-4,-13,-3,-12,-4,-13,-4,-13,-4,-12,-4,-13,-4,-12,-5,-13,-6,-11,-7,-11,-6,-10,-6,-11,-6,-10,-6,-10,-7,-9,-6,-9,-7,-8,-7,-7,-7,-6,-7,-6,-7,-5,-7,-4,-7,-3,-7,0,0,0,0,0,0,0,0,0,0,0,0,0,0,51,-50,43,-51,36,-51,31,-46,28,-47,22,-39,20,-44,20,-40,17,-37,6,-33,4,-31,1,-34,-1,-30,-8,-31,-9,-26,-16,-25,-21,-26,-24,-23,-24,-23,-27,-21,-34,-19,-33,-21,-32,-8,-42,-14,-43,-11,-45,-13,-50,-9,-51,-5,-58,-5,-57,-3,-65,-8,-61,-4,-64,-9,-66,-10,-68,-6,-69,-16,-66,-13,-68,-12,-72,-20,-70,-15,-67,-17,-66,-18,-64,-19,-64,-22,-58,-16,-64,-22,-53,-23,-57,-27,-46,-23,-45,-27,-45,-28,-45,-31,-38,-31,-31,-32,-29,-30,-26,-32,-22,-28,0,0,0,0,0,0,0,0,0,0,0,0,0,0,0,0,0,0,0,0,0,0,-61,16,-58,8,-64,6,-54,0,-62,-3,-56,-8,-56,-7,-56,-9,-52,-10,-56,-14,-47,-13,-44,-13,-47,-10,-42,-11,-34,-15,-30,-11,-29,-9,-26,-8,-22,-5,-22,-6,-14,0,-21,1,-14,-1,-7,2,-5,6,-2,13,-1,15,1,18,2,19,3,21,7,23,8,27,8,26,12,27,16,30,18,33,19,30,24,34,26,32,34,34,33,35,43,37,38,39,42,42,45,36,47,34,47,41,54,37,58,37,65,43,62,38,63,37,65,43,64,46,68,50,62,47,61,50,0,0]"
CSI_DATA,335,1a:00:00:00:00:00,-47,11,1,0,1,1,1,0,0,0,1,-96,0,11,2,4770123,0,44,0,384,0,"[0,0,0,0,0,0,0,0,0,0,0,0,-7,-8,-7,-6,-8,-6,-7,-6,-7,-5,-6,-4,-7,-3,-5,-1,-6,-1,-6,-1,-6,0,-6,1,-6,1,-5,2,-5,2,-5,4,-5,4,-5,4,-5,5,-5,6,-5,6,-4,7,-4,7,-5,8,-5,8,-5,9,0,0,-4,10,-5,10,-5,11,-4,11,-5,11,-5,12,-5,11,-5,11,-6,11,-7,10,-7,10,-7,9,-7,9,-7,9,-7,8,-8,8,-7,8,-7,7,-7,7,-7,6,-7,5,-7,5,-7,4,-7,3,-7,2,-7,1,0,0,0,0,0,0,0,0,0,0,0,0,0,0,-46,-59,-44,-50,-39,-45,-39,-44,-38,-39,-40,-34,-37,-27,-32,-24,-30,-20,-34,-18,-30,-10,-31,-6,-27,-7,-32,0,-33,1,-26,12,-28,15,-26,18,-25,17,-25,23,-27,30,-25,29,-22,32,-24,39,-17,36,-19,41,-22,47,-19,47,-16,49,-19,57,-19,56,-23,57,-18,56,-24,66,-22,63,-30,66,-26,66,-25,65,-28,61,-28,64,-33,60,-37,61,-35,56,-35,58,-38,54,-34,51,-35,50,-35,46,-35,42,-38,39,-39,34,-39,31,-35,25,-36,23,-38,25,-40,16,-36,11,0,0,0,0,0,0,0,0,0,0,0,0,0,0,0,0,0,0,0,0,0,0,9,62,0,61,-3,63,-1,60,-16,58,-14,55,-13,51,-13,51,-17,56,-20,47,-19,45,-19,41,-20,40,-18,36,-22,26,-16,29,-11,27,-17,24,-10,22,-4,17,-2,14,-3,14,5,11,4,10,10,5,8,3,17,2,23,3,18,-2,23,-6,26,-7,29,-10,30,-10,29,-11,38,-13,35,-17,38,-17,38,-20,38,-26,41,-25,45,-30,45,-31,47,-33,42,-38,43,-42,47,-41,47,-46,46,-48,46,-50,55,-55,55,-50,59,-59,59,-54,55,-53,64,-57,56,-59,60,-55,0,0]"
CSI_DATA,336,1a:00:00:00:00:00,-47,11,1,0,1,1,1,0,0,0,1,-96,0,11,2,4780970,0,44,0,384,0,"[0,0,0,0,0,0,0,0,0,0,0,0,3,9,4,8,4,6,4,7,4,5,3,5,5,4,4,3,5,2,4,1,5,1,5,0,4,-1,5,-1,6,-3,6,-3,5,-3,6,-4,7,-5,6,-6,6,-5,6,-6,6,-6,6,-8,7,-8,6,-9,0,0,7,-9,8,-9,8,-10,8,-10,9,-9,9,-9,9,-9,9,-9,9,-9,10,-8,11,-8,10,-7,10,-7,10,-7,10,-6,10,-5,9,-5,9,-5,9,-4,9,-4,8,-3,8,-3,8,-2,8,-1,7,0,6,1,0,0,0,0,0,0,0,0,0,0,0,0,0,0,17,63,18,62,22,55,20,48,23,50,19,41,22,37,21,35,21,34,22,24,21,20,24,18,27,15,25,11,24,5,26,5,29,-1,27,-5,28,-4,30,-12,35,-17,31,-16,32,-18,32,-23,32,-22,33,-31,37,-37,33,-40,35,-33,37,-42,38,-43,41,-45,39,-46,44,-52,42,-48,47,-45,50,-48,49,-48,52,-44,50,-43,53,-39,55,-43,56,-39,50,-35,53,-34,52,-32,49,-26,53,-26,49,-21,49,-21,51,-20,43,-15,47,-12,39,-7,41,-1,41,-4,32,4,0,0,0,0,0,0,0,0,0,0,0,0,0,0,0,0,0,0,0,0,0,0,13,-62,16,-56,22,-56,25,-52,30,-53,29,-47,31,-45,34,-43,33,-41,32,-36,34,-37,29,-33,34,-31,34,-29,28,-23,22,-22,21,-21,18,-18,15,-14,13,-15,7,-16,3,-12,2,-11,-2,-12,-6,-6,-12,-7,-11,-8,-18,-7,-22,-7,-24,-7,-23,-5,-30,-2,-30,-4,-36,-6,-35,-1,-40,-4,-39,3,-43,3,-45,5,-46,9,-46,8,-53,15,-55,9,-56,20,-55,11,-64,16,-66,19,-60,26,-63,27,-68,30,-66,28,-73,26,-71,29,-73,31,-76,29,-72,26,-76,21,0,0]"
CSI_DATA,337,1a:00:00:00:00:00,-47,11,1,0,1,1,1,0,0,0,1,-96,0,11,2,4790221,0,44,0,384,0,"[0,0,0,0,0,0,0,0,0,0,0,0,-10,1,-9,2,-9,3,-9,3,-8,3,-6,3,-6,3,-5,4,-4,4,-4,4,-3,4,-2,5,-2,5,-1,5,0,5,1,6,2,6,2,6,2,6,3,6,3,6,5,7,5,7,6,7,6,7,6,8,0,0,7,8,8,9,8,9,8,9,7,9,7,10,8,9,7,10,7,10,7,10,6,10,5,11,5,10,5,10,4,10,4,10,4,10,4,9,3,9,2,9,2,9,1,8,0,8,-1,7,-1,7,-2,6,0,0,0,0,0,0,0,0,0,0,0,0,0,0,-69,10,-64,14,-60,20,-50,20,-50,21,-44,15,-44,21,-39,24,-33,23,-28,19,-21,24,-24,23,-14,28,-11,29,-9,28,-4,25,3,33,2,32,9,31,12,31,18,31,17,30,19,28,25,34,26,35,30,37,31,35,41,36,38,37,44,38,38,36,46,39,44,45,50,43,52,42,48,45,49,46,51,51,46,53,45,51,45,51,43,53,42,51,41,54,35,48,39,51,30,48,30,50,29,46,22,46,23,49,21,47,16,45,13,44,10,43,7,40,-4,37,0,0,0,0,0,0,0,0,0,0,0,0,0,0,0,0,0,0,0,0,0,0,57,25,53,33,54,31,48,37,45,38,40,40,37,37,38,40,37,41,28,41,30,45,27,39,24,35,24,34,18,31,18,29,18,25,14,24,12,19,11,16,11,12,11,7,6,4,9,0,9,-6,10,-10,7,-9,8,-20,6,-19,9,-24,6,-25,10,-27,8,-30,1,-34,3,-42,1,-37,3,-41,2,-44,-3,-43,-9,-52,-9,-48,-9,-59,-16,-63,-14,-58,-15,-60,-21,-67,-22,-66,-22,-66,-20,-67,-27,-76,-25,-74,-30,-74,-23,-78,-23,-79,-25,-79,-23,-76,-23,-82,0,0]"
CSI_DATA,338,1a:00:00:00:00:00,-47,11,1,0,1,1,1,0,0,0,1,-96,0,11,2,4810394,0,44,0,384,0,"[0,0,0,0,0,0,0,0,0,0,0,0,0,-11,-1,-10,-2,-9,-2,-9,-2,-8,-2,-7,-3,-6,-3,-6,-4,-5,-4,-4,-5,-4,-5,-3,-6,-2,-6,-3,-6,-2,-7,-1,-7,-1,-7,0,-8,0,-8,1,-8,1,-9,2,-9,2,-10,3,-10,3,-10,3,0,0,-11,4,-11,4,-12,4,-12,4,-12,4,-13,3,-13,3,-12,3,-13,3,-13,2,-13,2,-12,1,-12,0,-11,0,-11,-1,-11,0,-11,0,-10,-1,-10,-1,-10,-1,-9,-2,-9,-3,-8,-3,-8,-3,-7,-4,-5,-4,0,0,0,0,0,0,0,0,0,0,0,0,0,0,11,-67,9,-69,4,-60,4,-58,1,-55,1,-51,-1,-46,-1,-45,-6,-40,-9,-40,-16,-35,-14,-28,-22,-28,-23,-22,-19,-24,-28,-20,-30,-12,-29,-12,-37,-8,-33,-5,-41,-4,-34,2,-37,6,-42,6,-43,7,-44,11,-46,8,-51,20,-50,15,-56,20,-57,20,-60,23,-58,19,-64,24,-62,25,-67,18,-67,23,-66,22,-68,17,-63,16,-62,15,-69,11,-67,5,-65,8,-59,4,-63,5,-63,1,-59,-3,-56,-3,-53,-2,-51,-4,-48,-8,-43,-8,-43,-12,-39,-18,-38,-18,-33,-20,0,0,0,0,0,0,0,0,0,0,0,0,0,0,0,0,0,0,0,0,0,0,-36,49,-42,45,-45,44,-49,38,-52,34,-48,28,-47,27,-47,25,-48,26,-50,21,-51,19,-46,13,-49,16,-42,13,-39,6,-34,6,-30,8,-28,4,-21,8,-22,7,-19,1,-8,2,-4,7,-2,10,-3,7,4,4,9,10,15,10,15,10,19,15,22,14,29,13,27,15,31,18,34,13,35,14,41,10,41,13,44,13,49,11,51,11,55,8,58,7,64,7,60,7,71,11,65,4,65,1,70,-3,77,0,80,6,81,-2,83,9,81,7,86,6,81,6,79,8,0,0]"
CSI_DATA,339,1a:00:00:00:00:00,-47,11,1,0,1,1,1,0,0,0,1,-96,0,11,2,4820417,0,44,0,384,0,"[0,0,0,0,0,0,0,0,0,0,0,0,9,0,9,0,9,-1,8,-1,7,-2,7,-2,6,-3,5,-3,5,-3,4,-4,3,-4,3,-5,3,-5,2,-6,2,-6,1,-7,0,-8,0,-7,0,-8,-1,-8,-2,-8,-2,-9,-2,-10,-2,-10,-3,-11,-3,-11,0,0,-4,-12,-4,-12,-4,-13,-4,-13,-4,-13,-3,-13,-3,-14,-3,-13,-2,-13,-2,-13,-2,-13,-1,-13,-1,-12,-1,-12,0,-12,0,-11,0,-11,0,-11,1,-10,1,-10,2,-9,3,-9,3,-8,4,-8,4,-7,4,-5,0,0,0,0,0,0,0,0,0,0,0,0,0,0,69,18,59,8,63,10,54,11,56,6,53,5,49,1,44,-2,42,-5,34,-11,31,-8,31,-9,25,-13,24,-19,19,-24,17,-24,17,-30,14,-30,10,-34,7,-35,3,-37,5,-38,3,-36,-5,-40,-4,-43,-6,-48,-12,-46,-13,-51,-8,-52,-16,-52,-14,-61,-16,-60,-15,-61,-18,-65,-15,-61,-19,-71,-17,-68,-17,-69,-12,-71,-11,-68,-6,-68,-3,-70,-6,-66,-3,-66,3,-61,3,-62,8,-62,6,-60,5,-56,7,-53,9,-50,12,-48,11,-47,18,-41,19,-40,22,-33,23,-26,0,0,0,0,0,0,0,0,0,0,0,0,0,0,0,0,0,0,0,0,0,0,-47,-42,-42,-47,-39,-47,-36,-52,-31,-51,-29,-52,-25,-53,-24,-53,-23,-54,-19,-49,-14,-50,-15,-47,-10,-47,-10,-41,-7,-37,-5,-33,-7,-30,-3,-22,-5,-22,-11,-19,-6,-17,-8,-14,-7,-5,-10,0,-7,3,-8,2,-12,8,-17,10,-14,13,-12,18,-17,19,-16,22,-18,31,-16,30,-19,34,-16,31,-17,33,-17,42,-15,44,-9,52,-12,53,-12,55,-16,58,-12,60,-8,60,-11,56,-11,64,-8,65,-9,69,-11,76,-11,76,-8,78,-12,85,-11,72,-15,85,-11,85,-15,79,0,0]"
CSI_DATA,340,1a:00:00:00:00:00,-47,11,1,0,1,1,1,0,0,0,1,-96,0,11,2,4850218,0,44,0,384,0,"[0,0,0,0,0,0,0,0,0,0,0,0,-10,-3,-9,-2,-9,-1,-9,-1,-8,-1,-7,0,-7,1,-6,1,-7,1,-5,2,-5,3,-4,4,-4,3,-3,4,-3,4,-3,6,-1,6,-2,6,-1,7,-1,7,-1,7,0,8,-1,8,0,9,1,9,1,10,0,0,1,11,1,11,1,11,1,12,1,12,0,12,0,12,0,13,0,12,-1,12,-1,12,-2,11,-2,11,-2,10,-3,10,-3,10,-3,10,-3,9,-3,8,-3,8,-4,7,-5,7,-5,7,-5,6,-5,5,-5,3,0,0,0,0,0,0,0,0,0,0,0,0,0,0,-70,-16,-67,-17,-65,-1,-54,-12,-55,-3,-49,-4,-49,3,-42,2,-44,1,-40,10,-33,8,-32,11,-28,15,-24,16,-22,21,-18,24,-14,23,-12,27,-11,34,-5,33,-11,38,-5,33,-5,38,-2,42,1,41,5,45,8,50,13,50,15,51,18,55,18,59,14,60,15,58,15,67,16,64,16,68,11,71,13,68,8,71,8,67,6,65,6,67,1,66,5,68,-5,63,-1,66,-6,61,-3,61,-12,55,-10,51,-15,49,-17,49,-16,42,-18,38,-20,36,-21,35,-24,28,0,0,0,0,0,0,0,0,0,0,0,0,0,0,0,0,0,0,0,0,0,0,57,30,49,41,46,41,45,46,40,47,37,47,31,47,31,53,27,51,26,48,23,45,22,42,23,46,12,39,12,39,5,36,11,32,8,26,9,20,9,20,5,15,5,8,5,10,9,4,0,-3,5,-5,8,-8,9,-14,11,-15,13,-19,9,-21,16,-30,12,-28,13,-32,9,-33,9,-37,14,-42,8,-48,9,-48,7,-55,10,-55,6,-56,4,-61,4,-61,3,-64,13,-68,8,-66,2,-74,2,-71,8,-74,2,-77,0,-82,7,-83,9,-83,2,-87,6,-87,11,-83,0,0]"
CSI_DATA,341,1a:00:00:00:00:00,-47,11,1,0,1,1,1,0,0,0,1,-96,0,11,2,4860389,0,44,0,384,0,"[0,0,0,0,0,0,0,0,0,0,0,0,-9,-7,-8,-6,-8,-5,-9,-5,-8,-4,-7,-3,-7,-2,-7,-1,-6,-1,-7,0,-7,1,-6,2,-5,2,-6,2,-5,3,-5,4,-5,5,-4,5,-4,6,-5,7,-4,7,-4,7,-4,8,-4,9,-5,9,-4,10,0,0,-4,11,-4,10,-5,11,-4,12,-5,12,-6,12,-5,12,-5,11,-6,12,-7,11,-8,11,-7,10,-7,9,-7,9,-7,8,-8,8,-7,8,-7,7,-7,6,-7,6,-7,5,-8,5,-8,4,-7,3,-7,2,-7,1,0,0,0,0,0,0,0,0,0,0,0,0,0,0,-52,-45,-49,-43,-52,-38,-44,-37,-45,-34,-41,-27,-40,-22,-42,-25,-42,-10,-39,-16,-38,-7,-33,-7,-35,0,-30,1,-28,7,-30,9,-29,17,-25,18,-24,19,-23,25,-20,33,-22,31,-19,39,-23,37,-19,36,-21,45,-18,45,-14,54,-16,52,-16,58,-15,56,-17,60,-19,58,-15,60,-19,67,-27,65,-23,65,-22,65,-28,62,-31,63,-27,63,-31,62,-35,59,-31,57,-34,54,-34,54,-38,45,-31,47,-31,43,-35,43,-37,38,-36,34,-34,31,-35,25,-39,22,-36,17,-34,12,0,0,0,0,0,0,0,0,0,0,0,0,0,0,0,0,0,0,0,0,0,0,28,58,22,57,18,58,11,63,11,63,7,60,3,59,-2,61,-5,59,-7,52,-5,54,-3,46,-8,45,-15,44,-9,38,-16,36,-11,33,-10,27,-10,24,-5,21,-1,19,-4,13,2,8,6,3,11,0,9,-3,12,-5,12,-7,15,-4,20,-8,18,-14,24,-18,28,-15,30,-20,28,-23,31,-26,31,-27,28,-32,32,-31,35,-39,33,-40,35,-43,33,-48,35,-47,36,-50,35,-61,37,-56,38,-56,35,-65,38,-60,42,-64,47,-69,41,-73,44,-62,48,-71,48,-68,47,-63,0,0]"
CSI_DATA,342,1a:00:00:00:00:00,-47,11,1,0,1,1,1,0,0,0,1,-96,0,11,2,4870356,0,44,0,384,0,"[0,0,0,0,0,0,0,0,0,0,0,0,-7,-7,-7,-6,-8,-6,-7,-5,-7,-5,-6,-4,-7,-3,-6,-2,-6,-2,-6,-1,-6,0,-6,1,-5,1,-5,2,-5,3,-6,4,-5,4,-5,4,-5,5,-5,6,-5,6,-5,7,-5,7,-5,8,-5,9,-5,9,0,0,-5,10,-6,10,-6,11,-5,11,-6,10,-7,11,-6,11,-7,10,-7,10,-7,10,-7,10,-8,9,-8,8,-8,8,-8,8,-8,7,-8,7,-7,7,-8,6,-7,5,-8,4,-7,4,-8,3,-8,2,-7,1,-7,1,0,0,0,0,0,0,0,0,0,0,0,0,0,0,-38,-61,-40,-55,-40,-51,-35,-46,-32,-44,-38,-38,-30,-33,-32,-31,-31,-24,-36,-24,-32,-15,-27,-9,-32,-7,-31,0,-31,-5,-28,4,-33,11,-27,9,-30,14,-29,20,-29,28,-32,28,-24,32,-27,32,-24,32,-29,37,-27,36,-30,46,-28,45,-28,49,-27,46,-31,58,-30,54,-31,62,-31,58,-38,56,-42,58,-38,58,-44,57,-43,53,-42,52,-44,48,-49,53,-45,47,-44,40,-43,42,-47,39,-42,38,-42,33,-43,33,-50,30,-44,27,-43,20,-40,20,-41,9,-39,5,-38,2,0,0,0,0,0,0,0,0,0,0,0,0,0,0,0,0,0,0,0,0,0,0,8,64,1,63,-5,62,-9,66,-14,62,-20,59,-15,56,-25,54,-25,53,-24,45,-26,49,-23,46,-27,43,-24,37,-23,33,-22,28,-22,24,-23,20,-14,19,-13,16,-8,13,-3,12,-3,7,1,5,9,3,8,1,10,-5,12,-3,21,0,23,-8,21,-6,31,-7,30,-17,34,-11,35,-16,34,-14,33,-17,41,-20,44,-24,46,-26,45,-28,45,-29,52,-27,48,-35,52,-37,39,-46,48,-40,54,-46,56,-46,59,-49,64,-49,63,-48,66,-53,63,-51,67,-53,63,-52,64,-48,0,0]"
CSI_DATA,343,1a:00:00:00:00:00,-47,11,1,0,1,1,1,0,0,0,1,-96,0,11,2,4880108,0,44,0,384,0,"[0,0,0,0,0,0,0,0,0,0,0,0,-10,0,-9,1,-9,1,-9,1,-8,1,-7,2,-6,3,-5,3,-5,3,-4,3,-4,4,-3,5,-3,5,-2,5,-2,5,-1,6,0,6,0,6,1,7,1,7,1,7,2,7,2,8,3,9,3,9,3,9,0,0,4,10,4,10,4,11,4,11,4,11,4,12,4,12,4,11,4,11,3,11,2,11,1,11,1,10,1,10,1,10,0,10,0,10,0,9,-1,9,0,8,-2,8,-2,8,-3,8,-3,7,-3,6,-4,5,0,0,0,0,0,0,0,0,0,0,0,0,0,0,-73,-7,-69,-10,-66,2,-58,-5,-55,1,-48,2,-43,4,-46,3,-37,9,-34,16,-32,14,-27,18,-27,18,-21,21,-23,22,-13,28,-14,30,-2,28,-6,33,-2,35,0,42,1,36,9,39,3,45,9,39,8,45,15,45,17,53,17,52,22,47,23,58,25,64,19,58,20,64,21,56,22,66,20,64,20,68,14,67,15,66,14,62,10,66,9,66,11,64,3,62,1,61,1,62,7,56,-2,54,-2,50,-6,51,-13,49,-9,49,-14,43,-12,35,-18,37,-22,27,0,0,0,0,0,0,0,0,0,0,0,0,0,0,0,0,0,0,0,0,0,0,55,31,55,33,48,41,49,47,38,47,41,47,30,42,31,50,30,49,26,47,22,45,24,44,21,42,16,40,13,38,9,33,8,32,10,27,8,21,7,16,8,16,8,12,7,5,8,0,6,1,7,-11,8,-12,10,-14,5,-15,8,-25,9,-22,13,-33,9,-30,12,-34,10,-39,9,-42,8,-39,10,-45,5,-44,6,-53,12,-55,5,-55,8,-61,3,-66,-1,-65,2,-59,5,-67,-5,-72,-1,-76,0,-77,-3,-76,-6,-81,3,-86,3,-78,-3,-85,5,-86,5,-84,0,0]"
CSI_DATA,344,1a:00:00:00:00:00,-47,11,1,0,1,1,1,0,0,0,1,-96,0,11,2,4890168,0,44,0,384,0,"[0,0,0,0,0,0,0,0,0,0,0,0,9,-4,8,-4,7,-4,7,-4,6,-4,5,-5,4,-5,4,-5,3,-5,2,-5,2,-6,1,-6,0,-6,0,-6,-1,-6,-2,-7,-2,-7,-3,-7,-3,-7,-4,-8,-4,-8,-5,-8,-5,-8,-6,-8,-7,-9,-7,-9,0,0,-8,-9,-8,-10,-8,-10,-8,-10,-8,-10,-7,-11,-8,-11,-8,-11,-7,-11,-6,-11,-6,-11,-5,-11,-5,-11,-5,-11,-5,-11,-4,-11,-4,-11,-4,-9,-3,-10,-3,-9,-2,-9,-1,-9,-1,-9,0,-8,1,-7,1,-6,0,0,0,0,0,0,0,0,0,0,0,0,0,0,70,6,65,2,60,-2,56,0,54,-4,50,-3,44,-6,42,-7,38,-13,37,-14,31,-14,25,-20,25,-18,18,-23,21,-22,11,-25,17,-32,8,-33,5,-32,5,-36,-1,-40,-7,-43,-6,-40,-8,-43,-10,-43,-9,-49,-18,-48,-20,-52,-18,-52,-27,-54,-22,-58,-23,-61,-26,-58,-28,-62,-27,-61,-27,-65,-24,-68,-26,-70,-19,-66,-17,-67,-14,-67,-11,-70,-11,-68,-9,-67,-8,-64,-4,-61,0,-59,1,-60,0,-54,2,-51,3,-53,3,-48,9,-45,13,-40,17,-40,16,-35,23,-31,0,0,0,0,0,0,0,0,0,0,0,0,0,0,0,0,0,0,0,0,0,0,-62,-27,-54,-34,-54,-37,-51,-41,-46,-43,-45,-44,-37,-48,-38,-47,-40,-51,-31,-42,-27,-48,-25,-43,-29,-46,-19,-41,-20,-38,-9,-35,-16,-33,-9,-25,-7,-21,-8,-22,-5,-14,-11,-7,-4,-4,-9,-3,-5,4,-8,2,-3,10,-10,13,-11,18,-14,18,-9,27,-11,34,-8,33,-6,36,-10,36,-9,40,-5,40,-8,41,-1,49,-5,56,-3,53,-2,58,-4,60,7,65,0,61,10,64,1,72,6,69,6,74,7,73,3,85,7,78,5,91,4,83,1,84,3,82,-1,84,0,0]"
CSI_DATA,345,1a:00:00:00:00:00,-47,11,1,0,1,1,1,0,0,0,1,-96,0,11,2,4900187,0,44,0,384,0,"[0,0,0,0,0,0,0,0,0,0,0,0,-1,9,-1,8,0,8,0,7,1,6,1,7,2,5,2,5,2,5,3,3,3,3,4,3,4,2,4,2,5,1,6,1,6,1,6,0,6,-1,7,-1,7,-1,8,-2,8,-2,9,-3,9,-3,9,-4,0,0,10,-4,10,-3,11,-4,11,-4,11,-3,11,-3,12,-3,11,-2,12,-2,12,-2,12,-1,11,-1,10,0,10,0,10,1,10,0,10,1,9,1,8,1,8,2,7,2,7,2,7,2,6,3,5,3,4,4,0,0,0,0,0,0,0,0,0,0,0,0,0,0,-9,73,-16,65,-4,66,-1,59,-2,52,-4,53,1,45,5,46,6,40,7,36,11,33,13,28,17,28,19,22,21,19,25,19,30,15,29,10,30,11,34,8,40,1,38,-1,42,0,40,-9,39,-5,46,-5,47,-10,57,-12,55,-18,58,-17,56,-15,63,-15,58,-13,66,-14,67,-13,71,-12,71,-18,68,-16,69,-10,68,-10,71,-8,71,-4,70,1,67,-3,65,-1,62,1,57,7,59,2,57,5,52,10,48,10,47,13,45,18,40,17,36,21,33,20,27,23,0,0,0,0,0,0,0,0,0,0,0,0,0,0,0,0,0,0,0,0,0,0,31,-52,34,-52,37,-54,45,-49,48,-44,47,-36,44,-35,47,-35,50,-32,46,-25,50,-23,40,-24,44,-21,39,-16,37,-11,32,-5,34,-15,25,-5,21,-6,21,-6,13,-6,13,-9,4,-6,1,-7,-7,-8,-9,-7,-14,-11,-14,-10,-17,-11,-24,-7,-28,-10,-33,-14,-32,-13,-34,-11,-38,-14,-43,-8,-39,-12,-47,-12,-45,-5,-54,-9,-56,-10,-57,-7,-61,-8,-65,-6,-68,-5,-72,-8,-71,-2,-72,4,-77,-1,-76,0,-78,-3,-83,-4,-81,-1,-82,-3,-92,-5,-92,-5,-83,-13,0,0]"
CSI_DATA,346,1a:00:00:00:00:00,-47,11,1,0,1,1,1,0,0,0,1,-96,0,11,2,4912281,0,44,0,384,0,"[0,0,0,0,0,0,0,0,0,0,0,0,-6,8,-4,9,-3,9,-4,7,-2,7,-3,7,-1,6,0,5,0,6,1,5,1,5,2,5,3,4,4,4,4,4,5,4,6,4,6,3,7,2,7,2,7,2,8,2,8,2,10,2,10,2,10,2,0,0,12,1,11,2,12,2,12,2,12,2,12,2,12,2,12,3,12,3,12,4,11,4,11,5,10,5,10,5,9,5,9,5,9,4,8,5,8,5,8,5,7,5,6,5,5,6,4,6,3,6,2,6,0,0,0,0,0,0,0,0,0,0,0,0,0,0,-45,53,-38,43,-40,50,-36,49,-33,39,-25,43,-26,34,-16,38,-16,32,-9,40,-2,35,-3,28,1,32,5,29,6,29,16,29,17,25,20,21,22,23,29,19,32,22,30,24,36,19,38,18,40,23,44,16,44,14,53,15,51,14,54,17,56,12,58,14,61,18,62,15,63,13,64,21,63,21,61,21,65,26,60,23,60,26,58,30,54,29,56,30,52,29,51,28,47,31,46,32,41,32,40,31,38,32,35,34,31,31,26,35,23,35,20,35,12,35,0,0,0,0,0,0,0,0,0,0,0,0,0,0,0,0,0,0,0,0,0,0,57,-27,57,-15,61,-14,65,-11,59,-6,60,-1,51,-1,56,3,51,4,53,6,48,10,46,9,46,8,42,11,34,11,30,13,27,8,24,6,18,8,18,10,11,2,6,0,9,-2,4,-2,1,-7,-6,-7,-3,-10,-7,-16,-12,-20,-16,-18,-16,-23,-15,-24,-23,-26,-20,-29,-26,-29,-27,-31,-24,-30,-31,-35,-35,-33,-42,-32,-38,-36,-44,-38,-47,-40,-48,-39,-51,-37,-58,-39,-56,-40,-61,-40,-61,-39,-65,-45,-65,-43,-65,-43,-64,-49,-65,-46,-70,-45,-70,-46,-59,-52,0,0]"
CSI_DATA,347,1a:00:00:00:00:00,-47,11,1,0,1,1,1,0,0,0,1,-96,0,11,2,4920167,0,44,0,384,0,"[0,0,0,0,0,0,0,0,0,0,0,0,-11,0,-10,1,-8,1,-9,1,-8,2,-7,2,-6,3,-6,3,-5,4,-4,3,-4,4,-3,5,-2,5,-3,5,-2,6,-1,7,0,6,-1,6,0,7,1,8,1,8,2,8,2,8,2,9,3,9,4,10,0,0,4,10,4,11,4,11,4,11,3,11,3,12,3,12,2,11,2,12,2,11,2,12,1,11,0,11,0,11,0,10,0,10,-1,10,-1,9,-2,9,-1,9,-3,8,-3,8,-3,7,-4,6,-4,6,-4,4,0,0,0,0,0,0,0,0,0,0,0,0,0,0,-66,-6,-62,-7,-62,-1,-55,0,-53,6,-45,1,-49,7,-43,9,-36,12,-31,19,-34,14,-28,18,-27,23,-22,20,-17,20,-10,26,-11,32,-13,32,-3,33,1,33,5,40,3,36,6,36,8,40,9,41,15,46,16,46,22,47,13,49,22,54,19,53,21,57,21,57,22,58,26,58,22,64,19,66,19,65,16,63,15,66,16,64,7,64,11,65,8,65,7,62,8,60,2,59,-1,58,-3,53,1,50,-3,49,-8,47,-7,47,-17,41,-17,36,-20,35,-21,31,0,0,0,0,0,0,0,0,0,0,0,0,0,0,0,0,0,0,0,0,0,0,59,25,50,33,47,37,43,39,45,46,36,43,36,43,31,44,30,45,22,46,21,43,23,41,24,41,16,41,11,36,10,34,9,30,6,25,10,24,9,17,4,11,4,9,0,2,3,2,6,-5,3,-6,6,-10,8,-17,6,-15,8,-25,6,-27,9,-31,11,-31,9,-35,7,-37,10,-38,7,-39,4,-47,5,-46,0,-58,0,-55,-2,-60,3,-59,-4,-63,-7,-63,-2,-57,2,-68,-4,-70,-5,-70,-7,-74,-6,-74,-8,-77,-4,-86,-2,-77,-5,-85,4,-82,-1,-81,0,0]"
CSI_DATA,348,1a:00:00:00:00:00,-47,11,1,0,1,1,1,0,0,0,1,-96,0,11,2,4930464,0,44,0,384,0,"[0,0,0,0,0,0,0,0,0,0,0,0,0,9,1,9,2,8,2,8,2,6,2,6,3,5,3,4,3,4,5,3,4,3,5,2,5,1,5,1,6,0,7,-1,6,-1,7,-1,7,-2,7,-3,7,-2,8,-4,8,-3,9,-4,9,-5,9,-5,0,0,10,-6,10,-6,11,-6,11,-7,11,-6,11,-6,11,-6,11,-5,11,-5,12,-4,12,-4,11,-3,10,-3,11,-3,11,-3,10,-2,10,-2,10,-2,9,-2,9,-1,9,0,8,0,8,1,7,2,7,2,5,3,0,0,0,0,0,0,0,0,0,0,0,0,0,0,1,70,-3,61,4,60,8,57,11,51,10,48,9,43,13,39,13,36,19,35,17,29,24,22,26,21,28,16,24,16,27,9,28,2,32,1,31,-1,34,-2,43,-11,38,-6,38,-17,41,-17,40,-18,42,-24,40,-24,44,-25,47,-25,47,-29,47,-30,56,-41,54,-33,58,-34,58,-33,62,-30,62,-35,60,-35,59,-27,60,-28,60,-27,62,-32,60,-25,58,-26,61,-16,58,-17,57,-18,52,-17,54,-15,52,-11,52,-7,47,-4,49,-1,45,2,41,6,38,7,32,10,0,0,0,0,0,0,0,0,0,0,0,0,0,0,0,0,0,0,0,0,0,0,35,-49,37,-47,42,-46,47,-41,44,-38,44,-32,46,-30,45,-28,45,-26,49,-25,47,-21,45,-16,41,-17,36,-12,36,-9,32,-12,26,-9,26,-10,20,-6,17,-3,12,-2,8,-6,3,-1,-1,-3,-5,-4,-7,-5,-10,-6,-13,-7,-20,-9,-21,-6,-28,-10,-27,-5,-32,-7,-37,-7,-39,-8,-41,-6,-40,-6,-47,-4,-47,-6,-56,0,-54,1,-55,2,-56,2,-59,2,-61,9,-67,-2,-70,12,-67,9,-73,13,-75,10,-74,12,-79,12,-76,6,-83,10,-85,9,-80,8,-80,5,0,0]"
CSI_DATA,349,1a:00:00:00:00:00,-47,11,1,0,1,1,1,0,0,0,1,-96,0,11,2,4943647,0,44,0,384,0,"[0,0,0,0,0,0,0,0,0,0,0,0,9,3,8,2,8,2,8,1,7,0,6,0,6,-1,6,-1,6,-2,5,-3,5,-3,4,-4,4,-4,4,-5,4,-5,3,-6,3,-6,2,-7,2,-7,2,-8,2,-9,2,-9,2,-9,1,-10,1,-11,1,-11,0,0,1,-12,2,-12,1,-13,1,-13,2,-13,2,-13,2,-13,2,-12,3,-13,3,-12,4,-12,4,-11,4,-11,4,-11,5,-10,5,-10,4,-9,5,-9,5,-8,4,-8,5,-7,6,-7,5,-6,6,-5,6,-4,5,-3,0,0,0,0,0,0,0,0,0,0,0,0,0,0,55,44,50,34,53,33,44,30,46,25,40,21,41,20,37,16,37,9,33,8,34,3,31,2,34,-2,30,-13,34,-9,27,-16,26,-19,27,-28,24,-25,24,-31,21,-35,24,-39,16,-36,16,-41,19,-41,19,-47,16,-43,13,-52,13,-54,13,-63,12,-62,14,-64,14,-63,8,-67,15,-68,17,-65,18,-68,22,-67,28,-63,22,-62,22,-64,29,-66,26,-62,30,-58,31,-51,28,-51,31,-49,33,-52,31,-45,30,-45,34,-42,33,-34,33,-35,37,-29,36,-25,36,-20,36,-14,0,0,0,0,0,0,0,0,0,0,0,0,0,0,0,0,0,0,0,0,0,0,-33,-53,-26,-54,-19,-60,-15,-59,-13,-59,-7,-58,-4,-59,-2,-57,-1,-58,3,-54,4,-53,6,-46,6,-48,8,-44,10,-34,12,-35,4,-34,7,-29,7,-20,7,-18,2,-8,3,-10,-3,-7,-4,-3,-1,-1,-7,5,-13,7,-13,11,-18,12,-19,14,-18,16,-27,21,-26,24,-25,26,-29,25,-29,27,-26,30,-30,33,-31,36,-34,38,-32,41,-31,48,-31,46,-33,54,-34,51,-39,56,-33,59,-29,61,-36,62,-39,70,-41,66,-37,70,-41,73,-40,63,-46,76,-40,69,-46,71,0,0]"
CSI_DATA,350,1a:00:00:00:00:00,-47,11,1,0,1,1,1,0,0,0,1,-96,0,11,2,4950148,0,44,0,384,0,"[0,0,0,0,0,0,0,0,0,0,0,0,10,-1,9,-2,8,-2,8,-2,7,-2,6,-3,5,-4,5,-4,4,-5,4,-5,4,-6,2,-6,2,-6,1,-6,2,-7,0,-8,0,-7,-1,-8,-1,-8,-2,-9,-2,-8,-3,-9,-2,-9,-3,-10,-3,-11,-4,-11,0,0,-4,-12,-5,-12,-5,-12,-4,-12,-3,-13,-4,-13,-4,-13,-3,-13,-3,-13,-2,-13,-2,-13,-1,-13,-1,-12,-1,-12,0,-12,0,-11,0,-11,0,-11,0,-10,0,-10,2,-9,2,-9,3,-8,4,-8,3,-7,4,-5,0,0,0,0,0,0,0,0,0,0,0,0,0,0,70,-7,63,-8,61,-14,55,-14,54,-14,46,-15,40,-19,40,-21,37,-18,34,-22,30,-22,26,-25,17,-26,17,-24,16,-27,9,-30,10,-38,7,-32,1,-33,-2,-35,-7,-39,-9,-42,-11,-39,-10,-45,-15,-43,-21,-45,-15,-49,-26,-46,-31,-54,-29,-49,-31,-52,-30,-59,-30,-56,-30,-56,-31,-58,-26,-68,-25,-62,-29,-65,-23,-66,-23,-64,-21,-63,-23,-66,-16,-70,-17,-65,-14,-60,-13,-62,-8,-61,-6,-58,-4,-56,-2,-56,1,-55,0,-52,4,-47,8,-45,9,-42,12,-41,15,-31,0,0,0,0,0,0,0,0,0,0,0,0,0,0,0,0,0,0,0,0,0,0,-62,-16,-61,-23,-53,-28,-57,-34,-50,-33,-47,-35,-44,-41,-42,-38,-42,-44,-32,-33,-33,-40,-30,-39,-32,-35,-26,-42,-16,-32,-17,-29,-20,-23,-10,-25,-11,-21,-9,-13,-11,-9,-8,-8,-4,-4,-6,0,-3,8,-5,4,-3,9,-5,15,-2,20,-7,24,-7,26,0,33,0,34,0,37,-3,39,1,37,2,38,2,44,3,45,9,51,7,54,10,54,14,57,13,58,13,59,16,68,15,70,15,71,15,72,19,74,16,74,21,75,18,86,21,74,15,87,16,89,11,79,0,0]"
CSI_DATA,351,1a:00:00:00:00:00,-47,11,1,0,1,1,1,0,0,0,1,-96,0,11,2,4981216,0,44,0,384,0,"[0,0,0,0,0,0,0,0,0,0,0,0,3,9,4,8,5,7,4,7,4,6,4,5,4,4,5,4,5,3,5,2,5,2,5,1,6,0,6,-1,6,-1,6,-3,7,-2,7,-3,7,-4,7,-4,7,-4,7,-6,7,-5,8,-6,8,-7,8,-7,0,0,9,-8,9,-8,10,-8,9,-8,10,-8,10,-8,11,-8,10,-7,11,-7,11,-6,12,-6,11,-5,11,-5,10,-5,11,-4,11,-3,10,-3,10,-3,10,-2,9,-2,9,-1,9,-1,8,0,8,1,7,2,6,2,0,0,0,0,0,0,0,0,0,0,0,0,0,0,13,62,14,63,18,61,21,54,18,46,13,44,22,38,19,38,21,34,21,30,23,31,24,24,26,15,26,10,27,13,30,3,35,5,35,-5,34,-6,37,-7,37,-14,34,-10,34,-18,39,-14,39,-22,43,-24,41,-25,43,-32,40,-32,46,-35,48,-41,52,-35,48,-34,55,-39,52,-40,58,-37,56,-38,58,-41,60,-35,58,-34,56,-31,62,-30,61,-26,61,-23,62,-23,61,-21,60,-21,55,-16,50,-15,50,-9,52,-8,44,-6,45,-2,43,2,42,7,40,12,33,13,0,0,0,0,0,0,0,0,0,0,0,0,0,0,0,0,0,0,0,0,0,0,8,-62,18,-59,20,-55,29,-59,29,-52,35,-54,30,-45,34,-46,31,-44,36,-42,34,-41,32,-37,37,-30,34,-26,31,-20,26,-22,24,-20,19,-14,21,-16,14,-10,10,-9,10,-5,6,0,1,-4,-9,-3,-6,-2,-13,-1,-16,-1,-22,-2,-26,1,-30,-1,-31,-1,-34,6,-33,3,-43,3,-43,3,-43,6,-48,8,-46,8,-49,11,-54,13,-55,17,-62,17,-55,19,-65,17,-60,28,-61,22,-68,26,-69,22,-71,24,-73,27,-73,31,-77,29,-79,23,-79,30,-79,25,-75,19,0,0]"
CSI_DATA,352,1a:00:00:00:00:00,-47,11,1,0,1,1,1,0,0,0,1,-96,0,11,2,5020139,0,44,0,384,0,"[0,0,0,0,0,0,0,0,0,0,0,0,-7,7,-6,7,-4,6,-5,6,-4,5,-3,6,-2,6,-2,6,-2,6,0,5,1,5,1,5,2,5,2,4,3,5,4,5,4,5,5,4,5,4,6,4,6,4,7,4,7,4,8,4,9,4,9,4,0,0,10,5,10,5,11,5,11,5,10,6,11,6,10,6,10,7,10,6,9,6,10,7,8,7,8,7,7,7,7,7,7,8,6,7,6,7,5,8,5,8,4,7,3,7,3,7,2,7,1,7,0,6,0,0,0,0,0,0,0,0,0,0,0,0,0,0,-57,46,-47,43,-43,47,-35,43,-31,38,-30,33,-25,36,-21,36,-15,34,-13,29,-6,33,0,32,3,33,5,33,4,29,13,29,12,27,18,27,19,30,27,25,31,25,31,26,33,21,41,19,40,20,47,19,48,20,48,18,52,17,61,19,54,19,62,19,58,21,67,19,61,22,64,29,64,26,64,27,65,30,63,29,59,26,57,33,54,36,58,34,52,34,50,34,51,41,48,35,39,36,36,34,39,36,33,39,30,38,23,42,21,37,15,37,10,37,0,0,0,0,0,0,0,0,0,0,0,0,0,0,0,0,0,0,0,0,0,0,58,-15,59,-12,60,-8,61,-6,58,3,58,7,53,3,57,7,55,10,50,14,51,16,44,10,46,15,40,17,33,26,25,13,31,15,22,11,21,13,16,7,10,5,11,-2,1,2,1,-2,-1,-7,-3,-9,-5,-12,-8,-13,-7,-15,-15,-26,-15,-23,-18,-29,-17,-28,-21,-26,-25,-30,-25,-32,-28,-32,-30,-37,-33,-32,-36,-38,-39,-41,-46,-41,-47,-42,-45,-43,-47,-40,-54,-37,-56,-40,-54,-41,-60,-43,-64,-45,-60,-49,-62,-48,-62,-55,-60,-50,-64,-52,-69,-52,-57,-56,0,0]"
CSI_DATA,353,1a:00:00:00:00:00,-47,11,1,0,1,1,1,0,0,0,1,-96,0,11,2,5030139,0,44,0,384,0,"[0,0,0,0,0,0,0,0,0,0,0,0,-9,-3,-9,-2,-8,-1,-8,-1,-7,-1,-7,0,-7,1,-6,1,-5,2,-5,2,-5,3,-4,4,-4,4,-3,5,-3,5,-3,6,-2,6,-2,6,-2,6,-1,7,0,7,0,8,0,8,0,9,0,9,1,10,0,0,2,11,1,11,1,11,1,12,1,11,1,12,1,12,0,11,0,12,0,12,-2,12,-2,11,-2,11,-2,10,-2,10,-3,10,-2,10,-3,9,-3,9,-3,8,-3,7,-4,7,-4,7,-5,6,-5,5,-5,4,0,0,0,0,0,0,0,0,0,0,0,0,0,0,-57,-33,-58,-36,-53,-27,-52,-26,-48,-27,-45,-15,-38,-16,-41,-11,-38,-3,-38,-2,-34,-1,-31,4,-32,7,-25,11,-27,11,-25,18,-23,23,-22,26,-21,30,-19,29,-17,36,-16,34,-11,39,-9,42,-8,43,-10,51,-6,47,-6,53,-2,54,-2,58,-5,58,-2,69,-5,62,0,70,-3,69,-8,65,-5,69,-7,68,-15,67,-14,68,-15,65,-13,67,-20,62,-21,68,-21,60,-21,58,-23,56,-19,52,-23,52,-27,49,-28,44,-28,41,-27,43,-31,37,-30,31,-31,31,-32,22,0,0,0,0,0,0,0,0,0,0,0,0,0,0,0,0,0,0,0,0,0,0,30,61,22,57,19,59,10,62,11,60,8,57,3,59,-2,58,-2,58,-2,51,-10,50,-4,52,-9,44,-13,42,-9,32,-12,32,-9,32,-12,25,-6,17,-8,16,-6,10,-2,8,1,5,1,3,4,0,7,-8,6,-9,9,-11,12,-12,18,-19,16,-19,21,-19,22,-24,23,-26,25,-25,22,-31,21,-31,27,-36,27,-37,27,-45,33,-47,31,-52,27,-54,31,-55,29,-58,29,-54,33,-60,27,-65,31,-66,34,-72,34,-70,33,-76,39,-71,33,-65,40,-80,42,-68,37,-70,0,0]"
CSI_DATA,354,1a:00:00:00:00:00,-47,11,1,0,1,1,1,0,0,0,1,-96,0,11,2,5040453,0,44,0,384,0,"[0,0,0,0,0,0,0,0,0,0,0,0,-6,7,-6,8,-5,7,-4,6,-4,6,-3,6,-2,6,-1,6,-1,5,1,5,1,5,2,5,3,5,3,4,3,4,5,4,5,4,5,4,6,4,6,3,7,3,8,3,8,3,9,3,10,3,10,3,0,0,11,3,11,4,12,3,12,4,11,4,12,4,12,4,11,4,12,4,11,5,11,5,10,6,10,6,9,6,9,6,9,6,8,6,8,6,7,6,7,6,6,7,5,6,4,6,4,7,3,6,1,6,0,0,0,0,0,0,0,0,0,0,0,0,0,0,-45,43,-41,44,-37,46,-34,37,-34,35,-29,42,-18,29,-18,37,-16,33,-11,33,-3,33,-3,30,0,32,4,26,10,29,14,25,12,27,18,25,18,20,27,25,35,21,31,20,33,20,38,20,37,18,45,16,46,17,52,14,52,16,58,17,57,15,63,16,59,16,64,15,63,18,64,25,66,24,63,17,59,31,61,27,62,29,63,27,57,30,55,33,48,31,51,32,49,31,47,33,41,33,41,32,35,33,35,33,31,36,30,36,22,33,17,37,9,35,0,0,0,0,0,0,0,0,0,0,0,0,0,0,0,0,0,0,0,0,0,0,61,-17,58,-9,59,-6,61,-1,61,4,58,12,54,9,55,14,52,12,51,18,51,18,42,15,42,16,36,17,34,17,27,19,23,12,22,15,17,13,14,13,14,7,7,4,4,3,2,-1,-1,-7,-6,-9,-6,-10,-5,-15,-8,-20,-13,-18,-12,-21,-14,-25,-17,-27,-18,-27,-21,-33,-22,-31,-26,-33,-29,-37,-34,-36,-35,-32,-37,-42,-41,-40,-42,-38,-46,-40,-43,-37,-51,-49,-51,-44,-54,-45,-54,-44,-61,-47,-60,-48,-62,-49,-56,-52,-58,-48,-69,-53,-61,-54,-54,-57,0,0]"
CSI_DATA,355,1a:00:00:00:00:00,-47,11,1,0,1,1,1,0,0,0,1,-96,0,11,2,5060120,0,44,0,384,0,"[0,0,0,0,0,0,0,0,0,0,0,0,9,-1,9,-2,7,-2,7,-2,6,-2,5,-3,5,-4,4,-4,4,-4,3,-5,3,-5,1,-6,2,-6,0,-6,0,-7,-1,-7,-1,-8,-1,-7,-2,-8,-2,-9,-3,-9,-3,-9,-3,-9,-5,-10,-4,-10,-5,-11,0,0,-6,-12,-5,-12,-6,-13,-6,-12,-6,-13,-5,-13,-6,-13,-5,-13,-5,-13,-4,-12,-4,-13,-3,-13,-3,-12,-3,-12,-2,-12,-2,-12,-2,-11,-1,-11,-1,-11,-1,-10,0,-10,1,-9,1,-9,2,-9,2,-8,2,-7,0,0,0,0,0,0,0,0,0,0,0,0,0,0,62,20,60,18,54,16,52,13,50,7,44,9,44,8,42,-1,34,-4,35,-7,34,-12,29,-12,29,-16,21,-16,24,-21,15,-22,23,-28,12,-33,11,-33,12,-35,8,-41,4,-39,1,-37,-1,-45,2,-43,-3,-52,-7,-47,-7,-55,-12,-56,-14,-62,-12,-58,-15,-67,-11,-64,-8,-68,-15,-69,-15,-70,-12,-70,-9,-75,-7,-69,-3,-76,-2,-64,1,-69,-1,-69,-1,-69,2,-66,8,-61,7,-64,6,-58,7,-59,14,-52,15,-49,12,-46,15,-47,15,-43,24,-38,23,-35,21,-31,0,0,0,0,0,0,0,0,0,0,0,0,0,0,0,0,0,0,0,0,0,0,-36,-49,-33,-57,-27,-57,-19,-60,-20,-57,-15,-59,-14,-58,-11,-57,-8,-63,-5,-54,1,-52,-1,-50,-2,-47,-3,-46,7,-41,6,-35,2,-31,2,-31,2,-24,5,-18,0,-12,0,-13,0,-5,-4,-2,-7,-4,-3,5,-13,6,-13,10,-12,10,-15,19,-10,22,-19,25,-15,27,-21,29,-20,29,-19,36,-17,35,-17,36,-20,39,-24,48,-21,51,-19,52,-24,55,-18,61,-18,57,-19,68,-21,66,-17,63,-17,72,-23,69,-18,74,-22,80,-25,79,-19,72,-24,81,-28,79,-24,75,0,0]"
CSI_DATA,356,1a:00:00:00:00:00,-47,11,1,0,1,1,1,0,0,0,1,-96,0,11,2,5080498,0,44,0,384,0,"[0,0,0,0,0,0,0,0,0,0,0,0,-4,9,-3,8,-1,7,-2,6,0,6,-1,6,0,6,1,5,2,5,2,4,3,4,3,4,4,3,5,3,5,3,6,2,6,2,7,2,7,1,8,0,7,0,8,-1,8,0,9,-1,10,-1,10,-1,0,0,11,-2,12,-1,12,-1,12,-2,12,-1,12,-1,13,-1,12,-1,13,0,12,0,12,1,11,1,11,2,10,2,11,2,11,2,10,2,9,2,9,2,8,2,8,3,7,3,7,3,6,4,5,4,4,4,0,0,0,0,0,0,0,0,0,0,0,0,0,0,-29,60,-30,54,-21,53,-23,48,-17,56,-16,47,-13,46,-6,40,-7,37,3,30,5,36,9,26,11,33,15,28,18,27,24,26,26,21,27,15,26,12,34,11,35,11,40,15,37,5,42,5,43,4,45,7,54,4,56,0,59,-2,59,-5,59,-3,62,-2,62,-3,72,-1,67,-6,68,4,67,3,72,6,73,1,68,5,68,8,69,9,66,8,62,11,59,11,61,11,58,17,61,18,51,15,49,18,46,22,44,22,43,20,36,28,36,25,30,28,22,27,0,0,0,0,0,0,0,0,0,0,0,0,0,0,0,0,0,0,0,0,0,0,55,-34,55,-27,56,-26,62,-19,59,-17,58,-9,56,-10,55,-9,57,-3,52,-1,52,3,49,0,49,5,45,7,36,6,39,8,31,4,28,7,23,8,19,3,13,0,12,3,9,2,5,-3,-5,-7,-5,-10,-8,-8,-11,-10,-10,-13,-17,-15,-17,-15,-21,-19,-23,-17,-21,-19,-29,-22,-31,-19,-35,-22,-42,-25,-38,-24,-45,-23,-45,-23,-51,-21,-53,-25,-57,-23,-54,-26,-67,-26,-60,-27,-65,-23,-67,-24,-72,-22,-72,-28,-74,-25,-73,-24,-72,-31,-79,-34,-75,-31,-72,-33,0,0]"
CSI_DATA,357,1a:00:00:00:00:00,-47,11,1,0,1,1,1,0,0,0,1,-96,0,11,2,5090152,0,44,0,384,0,"[0,0,0,0,0,0,0,0,0,0,0,0,-5,-9,-5,-8,-6,-7,-6,-6,-6,-6,-5,-5,-6,-4,-6,-3,-6,-3,-6,-2,-7,-1,-7,0,-7,0,-7,1,-7,1,-7,2,-7,3,-7,3,-7,4,-7,5,-7,5,-8,6,-8,6,-8,7,-8,7,-8,8,0,0,-8,9,-10,9,-9,9,-9,10,-9,9,-10,9,-10,9,-10,9,-10,9,-11,8,-11,7,-11,7,-10,7,-10,7,-11,6,-11,5,-10,5,-10,4,-9,4,-10,4,-10,3,-9,2,-9,1,-8,1,-9,0,-8,-1,0,0,0,0,0,0,0,0,0,0,0,0,0,0,-25,-58,-28,-59,-29,-51,-29,-45,-29,-47,-24,-39,-31,-39,-24,-30,-28,-22,-28,-21,-28,-16,-29,-15,-32,-10,-33,-5,-28,-2,-29,5,-32,9,-33,9,-31,9,-34,15,-34,23,-34,22,-32,27,-40,30,-36,31,-35,30,-37,39,-34,45,-37,46,-36,51,-37,51,-35,50,-45,57,-39,51,-42,58,-43,52,-48,52,-41,54,-56,50,-54,48,-49,48,-53,52,-52,41,-49,45,-49,36,-54,41,-49,35,-49,37,-45,29,-45,25,-52,24,-44,21,-47,20,-46,11,-40,13,-41,5,-39,0,0,0,0,0,0,0,0,0,0,0,0,0,0,0,0,0,0,0,0,0,0,0,-10,62,-20,57,-25,57,-24,53,-33,55,-32,49,-35,47,-37,44,-38,42,-36,43,-37,34,-37,34,-35,30,-31,26,-35,25,-33,23,-25,17,-24,16,-20,16,-18,6,-13,4,-9,6,-4,5,3,2,8,4,8,4,7,2,16,-1,17,-2,21,-5,19,-4,28,-4,30,-8,29,-5,35,-4,40,-11,43,-11,41,-15,43,-16,51,-18,41,-21,47,-25,50,-22,56,-25,53,-26,50,-27,58,-28,65,-32,62,-38,72,-40,65,-34,64,-42,70,-38,71,-38,71,-37,62,-36,70,-40,0,0]"
CSI_DATA,358,1a:00:00:00:00:00,-47,11,1,0,1,1,1,0,0,0,1,-96,0,11,2,5100512,0,44,0,384,0,"[0,0,0,0,0,0,0,0,0,0,0,0,0,-10,0,-9,-2,-8,-2,-8,-2,-7,-3,-6,-4,-6,-3,-5,-4,-5,-4,-4,-5,-4,-5,-4,-6,-3,-6,-3,-7,-3,-8,-2,-7,0,-7,0,-8,0,-9,0,-9,1,-9,1,-9,2,-10,2,-11,2,-11,3,0,0,-11,2,-12,3,-13,2,-13,3,-13,2,-13,2,-13,2,-13,2,-13,2,-13,1,-13,0,-12,0,-12,-1,-12,-1,-12,-1,-12,-1,-11,-2,-11,-1,-10,-2,-10,-3,-9,-3,-8,-3,-8,-4,-7,-4,-7,-5,-6,-5,0,0,0,0,0,0,0,0,0,0,0,0,0,0,1,-61,-4,-59,-8,-58,-2,-48,-7,-46,-9,-39,-9,-40,-12,-38,-12,-30,-18,-31,-21,-21,-20,-22,-20,-18,-22,-16,-24,-13,-29,-11,-30,-11,-33,-2,-33,-4,-34,-1,-41,7,-36,10,-36,9,-42,9,-42,15,-42,17,-46,18,-46,23,-48,23,-52,25,-53,25,-57,25,-56,25,-62,35,-54,28,-61,24,-61,27,-61,26,-68,23,-63,23,-61,22,-63,17,-63,12,-61,13,-59,7,-60,13,-59,5,-58,11,-52,7,-48,-1,-52,-2,-48,-4,-42,-8,-46,-10,-43,-12,-35,-14,-29,-18,0,0,0,0,0,0,0,0,0,0,0,0,0,0,0,0,0,0,0,0,0,0,-17,66,-30,64,-60,39,-64,39,-52,67,-66,11,-43,2,-25,56,-82,25,-18,0,-50,23,-23,39,-66,24,-45,25,-28,16,-23,17,-28,27,-49,14,-36,-16,-29,33,-47,15,-2,-29,-25,-27,11,-28,14,27,33,11,30,0,26,16,12,-7,17,-3,24,9,30,7,24,7,39,13,36,-7,33,17,26,-4,42,0,40,3,50,1,50,0,47,-2,53,-3,56,-7,56,-12,67,-5,63,-3,62,-10,63,-7,67,-10,71,-9,73,-13,75,-9,72,-11,77,-10,77,-6,72,-8,0,0]"
CSI_DATA,359,1a:00:00:00:00:00,-46,11,1,0,1,1,1,0,0,0,1,-96,0,11,2,5110530,0,44,0,384,0,"[0,0,0,0,0,0,0,0,0,0,0,0,9,1,8,0,8,0,7,0,7,-1,6,-2,6,-3,5,-3,5,-4,3,-4,4,-4,3,-6,3,-6,3,-6,2,-7,2,-7,1,-8,1,-8,1,-9,0,-9,0,-9,-1,-10,-1,-10,-2,-11,-2,-11,-2,-12,0,0,-2,-12,-2,-13,-2,-14,-2,-13,-2,-13,-2,-14,-2,-13,-1,-13,-1,-14,0,-13,0,-14,1,-13,1,-13,1,-13,2,-11,2,-11,2,-11,2,-11,2,-10,2,-10,3,-9,3,-9,4,-8,4,-7,5,-6,4,-5,0,0,0,0,0,0,0,0,0,0,0,0,0,0,60,25,64,22,53,15,52,14,53,11,41,3,46,10,38,4,42,0,32,-5,32,-8,28,-10,31,-16,25,-18,23,-20,21,-25,19,-31,16,-31,16,-30,12,-37,7,-40,10,-46,3,-38,3,-45,-3,-45,-2,-49,-3,-54,-8,-57,-6,-56,-7,-61,-8,-64,-11,-68,-3,-65,-12,-67,-13,-69,-2,-70,-3,-74,-3,-71,0,-74,-3,-71,-1,-67,4,-71,6,-69,5,-67,8,-63,11,-66,14,-60,10,-60,11,-51,12,-54,16,-51,19,-48,20,-46,24,-44,25,-39,24,-31,23,-27,0,0,0,0,0,0,0,0,0,0,0,0,0,0,0,0,0,0,0,0,0,0,-31,-58,-23,-58,-21,-60,-17,-64,-14,-63,-8,-59,-2,-58,-3,-57,-3,-58,2,-56,4,-53,5,-46,3,-51,6,-44,10,-40,10,-34,6,-30,7,-30,7,-21,4,-19,3,-16,3,-12,2,-9,0,-5,-5,-2,-6,4,-7,3,-11,10,-15,9,-17,12,-13,18,-19,19,-19,22,-22,26,-20,28,-22,30,-24,31,-26,38,-22,36,-21,42,-26,45,-24,47,-25,51,-26,56,-22,50,-16,53,-25,61,-20,62,-22,64,-21,72,-19,72,-20,75,-27,72,-28,72,-31,77,-25,72,-31,71,0,0]"
CSI_DATA,360,1a:00:00:00:00:00,-47,11,1,0,1,1,1,0,0,0,1,-96,0,11,2,5120561,0,44,0,384,0,"[0,0,0,0,0,0,0,0,0,0,0,0,-7,7,-6,7,-4,6,-4,6,-4,6,-3,6,-2,6,-2,6,-1,6,0,6,0,6,2,5,2,5,2,5,3,5,5,5,5,5,5,5,6,4,6,4,7,4,8,4,8,4,9,4,9,4,10,4,0,0,11,4,11,5,12,5,12,5,11,5,11,6,12,5,10,6,11,6,11,7,11,7,9,7,9,7,8,7,8,7,8,7,8,7,7,6,6,7,6,6,5,7,4,7,3,7,3,7,2,7,1,6,0,0,0,0,0,0,0,0,0,0,0,0,0,0,-59,39,-50,33,-46,41,-35,42,-34,33,-30,39,-37,37,-24,38,-18,32,-13,33,-10,35,-4,29,-1,33,1,32,6,31,13,30,14,36,18,31,23,29,21,30,32,29,21,32,34,29,38,25,40,26,43,25,43,27,52,23,48,28,59,25,50,26,66,26,57,26,69,29,62,25,66,37,60,31,64,34,63,38,61,35,56,34,59,36,61,43,59,44,55,45,45,35,47,43,42,40,42,39,35,38,38,38,33,35,29,41,25,42,15,35,14,38,8,39,0,0,0,0,0,0,0,0,0,0,0,0,0,0,0,0,0,0,0,0,0,0,64,1,67,10,61,12,69,20,57,18,61,23,52,25,49,26,54,27,51,25,43,33,41,32,40,29,35,30,31,29,26,26,26,25,20,22,21,23,12,16,13,12,10,7,6,7,4,7,4,-7,4,-6,0,-13,-3,-15,1,-16,-4,-21,-6,-20,-13,-30,-13,-30,-13,-29,-15,-34,-19,-32,-17,-33,-18,-37,-25,-41,-24,-42,-25,-48,-34,-49,-35,-50,-36,-46,-41,-51,-46,-47,-48,-52,-46,-50,-49,-53,-46,-57,-51,-55,-52,-58,-54,-62,-49,-52,-54,-63,-57,-62,-46,-60,0,0]"
CSI_DATA,361,1a:00:00:00:00:00,-46,11,1,0,1,1,1,0,0,0,1,-96,0,11,2,5130501,0,44,0,384,0,"[0,0,0,0,0,0,0,0,0,0,0,0,0,9,0,7,2,8,2,7,2,6,2,5,3,5,3,4,3,4,5,3,5,3,5,2,5,2,6,1,6,0,7,-1,7,-1,7,-1,7,-2,8,-2,8,-3,8,-3,9,-3,10,-4,9,-4,9,-4,0,0,10,-5,11,-5,11,-4,11,-5,11,-4,12,-4,12,-4,12,-4,12,-4,12,-3,12,-2,11,-1,11,-2,10,-1,11,-1,10,-1,10,0,10,0,9,0,8,1,8,1,8,1,7,2,7,2,6,3,5,3,0,0,0,0,0,0,0,0,0,0,0,0,0,0,10,66,4,61,11,56,13,51,12,49,15,44,14,43,20,39,22,35,18,30,25,25,23,22,29,21,32,18,30,16,28,6,35,5,35,6,36,-2,35,-7,42,-12,40,-7,39,-12,42,-17,39,-19,43,-22,51,-25,52,-27,50,-30,55,-36,52,-31,55,-37,55,-35,58,-37,58,-35,59,-33,63,-35,59,-35,65,-33,62,-30,63,-29,65,-29,64,-24,64,-23,63,-21,61,-15,60,-10,55,-11,54,-8,54,-13,54,-5,52,-4,47,-3,46,4,43,7,41,11,36,13,0,0,0,0,0,0,0,0,0,0,0,0,0,0,0,0,0,0,0,0,0,0,26,-55,30,-54,40,-55,41,-48,42,-49,46,-41,43,-38,46,-37,47,-34,43,-32,45,-25,44,-23,45,-22,40,-16,38,-14,34,-8,30,-13,27,-9,25,-9,19,-7,19,-6,9,-7,7,-3,2,-9,0,-7,-9,-2,-9,-5,-15,-6,-14,-9,-20,-2,-24,-3,-28,-3,-25,-4,-31,-4,-35,-1,-37,-1,-44,-3,-43,0,-43,1,-48,4,-46,5,-57,7,-58,2,-58,5,-59,2,-67,19,-64,16,-67,15,-65,16,-74,18,-70,12,-78,13,-75,13,-78,9,-83,11,-82,10,-76,9,0,0]"
CSI_DATA,362,1a:00:00:00:00:00,-47,11,1,0,1,1,1,0,0,0,1,-96,0,11,2,5171763,0,44,0,384,0,"[0,0,0,0,0,0,0,0,0,0,0,0,-9,-4,-9,-3,-8,-2,-8,-3,-8,-1,-7,-1,-7,0,-7,1,-6,1,-6,2,-6,3,-6,3,-6,4,-5,4,-5,5,-5,6,-4,6,-4,6,-4,6,-4,8,-4,7,-4,9,-3,9,-3,10,-3,10,-3,11,0,0,-3,12,-4,12,-3,12,-3,12,-4,11,-4,13,-4,12,-5,12,-4,12,-5,12,-5,11,-5,11,-5,10,-6,10,-7,9,-6,9,-6,9,-6,8,-6,7,-6,7,-7,6,-7,6,-7,5,-7,5,-7,3,-7,2,0,0,0,0,0,0,0,0,0,0,0,0,0,0,-57,-40,-52,-34,-56,-31,-46,-31,-44,-23,-39,-19,-43,-14,-40,-14,-36,-7,-41,-6,-36,0,-35,4,-34,9,-31,13,-30,11,-30,19,-25,20,-24,27,-28,25,-25,31,-24,35,-23,36,-21,40,-19,41,-21,43,-21,53,-18,45,-17,56,-21,56,-15,60,-19,59,-19,66,-23,62,-20,69,-22,63,-23,66,-26,66,-22,65,-31,65,-32,63,-29,60,-33,58,-30,63,-36,59,-36,54,-32,52,-41,50,-34,44,-36,44,-32,44,-35,41,-36,36,-37,35,-38,24,-34,20,-39,16,-41,11,0,0,0,0,0,0,0,0,0,0,0,0,0,0,0,0,0,0,0,0,0,0,32,56,23,61,20,58,14,64,8,63,6,62,5,58,1,58,1,63,-2,54,-6,56,-9,47,-8,51,-15,46,-12,42,-8,35,-9,35,-7,26,-11,24,-5,18,-10,15,-8,11,1,10,-4,5,2,2,7,-4,6,-5,11,-5,14,-6,16,-14,13,-13,18,-14,20,-19,21,-23,22,-26,23,-28,24,-30,22,-33,26,-37,26,-39,25,-44,28,-43,27,-46,30,-50,33,-48,36,-64,30,-59,31,-56,28,-60,33,-68,33,-67,38,-72,36,-67,34,-69,41,-68,43,-72,40,-64,0,0]"
CSI_DATA,363,1a:00:00:00:00:00,-46,11,1,0,1,1,1,0,0,0,1,-96,0,11,2,5180120,0,44,0,384,0,"[0,0,0,0,0,0,0,0,0,0,0,0,3,8,4,7,5,6,4,6,5,5,4,5,5,3,5,2,5,2,5,2,5,1,5,0,6,-1,6,-1,6,-2,6,-2,7,-3,7,-3,7,-4,7,-4,7,-5,7,-5,8,-6,8,-6,8,-7,9,-7,0,0,9,-8,9,-8,9,-8,9,-8,10,-7,10,-8,10,-7,10,-7,11,-6,10,-6,11,-6,11,-5,10,-5,10,-5,10,-4,10,-3,9,-3,9,-3,9,-2,9,-2,9,-1,8,-1,8,0,7,1,7,1,6,2,0,0,0,0,0,0,0,0,0,0,0,0,0,0,20,64,19,57,23,52,23,47,18,49,19,39,26,36,23,32,23,25,24,22,25,18,29,15,33,12,30,10,32,13,33,3,36,-1,36,-1,35,-2,37,-8,42,-16,38,-12,40,-17,39,-19,42,-24,46,-24,46,-26,42,-33,49,-33,50,-40,51,-32,51,-38,52,-35,54,-38,58,-38,59,-34,62,-37,62,-37,62,-31,58,-31,59,-30,63,-29,60,-25,58,-27,57,-17,61,-20,58,-10,58,-14,49,-14,51,-10,49,-6,52,-4,46,-1,43,2,44,7,40,5,35,13,0,0,0,0,0,0,0,0,0,0,0,0,0,0,0,0,0,0,0,0,0,0,4,-65,12,-61,13,-62,20,-63,22,-58,27,-54,24,-53,30,-52,33,-51,35,-45,33,-40,29,-39,34,-34,33,-34,33,-24,29,-25,26,-27,26,-18,20,-17,22,-13,13,-13,13,-12,7,-7,2,-5,0,-3,-8,0,-9,-4,-12,-3,-17,3,-20,0,-24,3,-26,3,-28,5,-30,7,-34,6,-38,6,-37,10,-42,11,-40,13,-44,17,-48,19,-51,22,-47,23,-53,24,-55,26,-50,33,-49,29,-58,28,-59,29,-63,31,-67,28,-65,34,-70,33,-67,30,-74,28,-76,32,-71,28,0,0]"
CSI_DATA,364,1a:00:00:00:00:00,-46,11,1,0,1,1,1,0,0,0,1,-96,0,11,2,5190154,0,44,0,384,0,"[0,0,0,0,0,0,0,0,0,0,0,0,-10,-3,-9,-2,-9,-2,-9,-1,-8,-1,-8,0,-7,1,-7,2,-6,2,-6,2,-6,3,-6,4,-5,4,-5,5,-4,5,-4,6,-4,7,-4,7,-3,7,-3,7,-3,8,-3,9,-2,9,-2,10,-3,10,-1,11,0,0,-1,12,-2,12,-2,13,-2,12,-3,13,-3,12,-3,13,-3,12,-4,12,-4,12,-4,12,-4,11,-5,11,-5,10,-5,10,-5,10,-5,9,-5,9,-5,8,-6,7,-6,7,-7,6,-7,6,-7,5,-7,3,-7,3,0,0,0,0,0,0,0,0,0,0,0,0,0,0,-58,-32,-51,-31,-53,-26,-55,-24,-46,-22,-48,-19,-42,-15,-45,-9,-34,-8,-38,-5,-35,2,-35,7,-37,6,-29,15,-34,14,-31,19,-29,21,-28,27,-25,26,-26,32,-26,34,-23,36,-18,38,-19,42,-21,42,-22,49,-20,50,-14,51,-13,59,-10,59,-14,57,-15,64,-17,62,-15,63,-19,69,-19,65,-20,71,-20,67,-22,68,-25,64,-25,67,-30,62,-28,62,-31,59,-27,57,-30,54,-38,52,-30,49,-28,41,-33,42,-33,43,-38,34,-34,35,-39,27,-37,26,-33,20,-32,13,0,0,0,0,0,0,0,0,0,0,0,0,0,0,0,0,0,0,0,0,0,0,35,53,33,58,29,57,21,63,16,62,10,59,14,57,4,61,3,59,-1,59,-5,53,-5,50,-7,46,-9,42,-12,38,-10,42,-8,34,-12,30,-6,21,-5,18,-1,13,-2,12,-3,8,-1,7,1,0,3,-4,6,-2,9,-7,12,-6,12,-13,16,-18,16,-21,18,-22,22,-25,22,-25,18,-27,20,-29,25,-40,22,-37,23,-47,24,-44,25,-48,27,-50,24,-55,25,-49,24,-66,25,-60,25,-59,27,-62,30,-64,31,-69,29,-72,36,-70,38,-67,32,-75,38,-69,36,-73,0,0]"
CSI_DATA,365,1a:00:00:00:00:00,-46,11,1,0,1,1,1,0,0,0,1,-96,0,11,2,5200124,0,44,0,384,0,"[0,0,0,0,0,0,0,0,0,0,0,0,-9,-4,-10,-4,-9,-3,-9,-3,-8,-2,-8,-1,-7,0,-7,0,-7,1,-7,1,-7,2,-7,3,-6,3,-6,4,-6,5,-5,6,-5,6,-5,6,-5,7,-4,7,-4,7,-4,8,-4,8,-4,9,-4,10,-4,11,0,0,-4,11,-5,11,-5,12,-4,11,-5,12,-5,12,-5,12,-6,11,-6,12,-6,11,-6,10,-7,10,-7,9,-7,10,-7,8,-8,8,-7,8,-7,7,-8,7,-7,6,-7,5,-7,5,-8,4,-8,3,-7,2,-7,1,0,0,0,0,0,0,0,0,0,0,0,0,0,0,-53,-35,-53,-34,-53,-29,-48,-28,-48,-26,-44,-20,-43,-19,-40,-9,-39,-9,-41,-7,-35,0,-29,0,-37,5,-32,8,-32,11,-31,16,-33,20,-31,22,-27,25,-32,29,-26,35,-30,35,-20,36,-25,37,-26,37,-23,46,-19,45,-21,52,-21,53,-19,59,-21,54,-30,61,-26,57,-26,63,-24,61,-33,60,-30,55,-34,60,-36,59,-34,59,-37,57,-39,55,-38,52,-40,55,-38,48,-40,45,-38,42,-40,39,-42,34,-43,32,-39,28,-40,29,-38,25,-40,19,-38,13,-41,12,-38,8,0,0,0,0,0,0,0,0,0,0,0,0,0,0,0,0,0,0,0,0,0,0,43,46,33,49,29,51,31,57,22,56,20,54,15,56,11,54,8,59,9,55,6,51,4,47,0,53,-4,47,-5,40,-7,38,-4,31,-3,31,-4,27,-7,17,-7,12,-2,11,-1,10,-1,8,2,1,4,-6,7,-3,11,-9,10,-10,12,-12,16,-14,15,-18,20,-20,14,-21,21,-24,19,-29,20,-30,20,-36,22,-39,22,-44,25,-40,17,-48,25,-50,23,-53,25,-53,24,-58,28,-56,29,-62,26,-64,34,-65,31,-64,30,-66,35,-69,33,-65,36,-70,38,-68,35,-64,0,0]"
CSI_DATA,366,1a:00:00:00:00:00,-47,11,1,0,1,1,1,0,0,0,1,-96,0,11,2,5220156,0,44,0,384,0,"[0,0,0,0,0,0,0,0,0,0,0,0,7,5,6,4,7,3,7,3,7,2,5,1,6,1,5,0,6,-1,5,-1,5,-1,5,-2,6,-3,5,-4,4,-4,5,-5,5,-5,4,-6,4,-6,4,-7,5,-7,4,-8,4,-8,4,-9,4,-9,4,-10,0,0,4,-11,5,-11,5,-11,5,-12,5,-11,5,-12,5,-11,5,-11,6,-11,6,-11,7,-11,7,-10,6,-9,6,-9,7,-9,7,-8,7,-8,6,-7,7,-7,6,-6,7,-5,6,-5,7,-4,7,-3,6,-2,6,-1,0,0,0,0,0,0,0,0,0,0,0,0,0,0,54,41,53,35,56,31,50,29,50,24,45,22,41,17,38,9,38,9,35,7,35,-4,36,-2,33,-7,33,-12,31,-14,29,-18,29,-24,27,-24,26,-27,30,-29,23,-39,25,-35,18,-40,19,-44,17,-44,19,-50,13,-51,18,-51,19,-57,13,-58,18,-56,18,-64,17,-65,16,-66,16,-66,23,-63,18,-66,17,-68,23,-64,27,-66,30,-61,33,-61,32,-61,33,-58,31,-56,36,-55,33,-49,33,-49,34,-47,33,-42,29,-40,37,-39,37,-34,36,-30,34,-25,38,-20,38,-13,0,0,0,0,0,0,0,0,0,0,0,0,0,0,0,0,0,0,0,0,0,0,-33,-58,-26,-60,-21,-62,-16,-61,-10,-63,-10,-58,-7,-59,-4,-62,-2,-58,3,-61,8,-54,7,-48,5,-52,15,-44,15,-40,13,-42,8,-33,8,-32,9,-24,2,-21,5,-15,6,-14,3,-12,3,-4,2,-2,-9,1,-9,4,-12,6,-11,7,-14,12,-17,13,-18,22,-24,18,-21,20,-24,26,-29,28,-29,30,-28,34,-26,36,-31,39,-30,42,-27,44,-30,48,-32,49,-29,51,-24,58,-31,55,-34,60,-33,63,-39,65,-38,63,-38,73,-39,72,-40,66,-41,67,-40,67,-38,65,0,0]"
CSI_DATA,367,1a:00:00:00:00:00,-47,11,1,0,1,1,1,0,0,0,1,-96,0,11,2,5231779,0,44,0,384,0,"[0,0,0,0,0,0,0,0,0,0,0,0,2,-10,1,-10,0,-9,0,-9,-1,-8,-1,-8,-2,-7,-2,-7,-3,-7,-4,-6,-4,-6,-5,-5,-6,-5,-6,-4,-6,-4,-8,-4,-8,-4,-7,-3,-8,-3,-9,-2,-9,-2,-10,-2,-10,-1,-11,-1,-11,-1,-12,-1,0,0,-13,0,-13,-1,-14,-1,-13,-1,-13,-1,-14,-2,-14,-2,-13,-2,-14,-2,-13,-2,-14,-3,-12,-4,-12,-4,-12,-4,-11,-4,-11,-4,-10,-4,-10,-4,-10,-5,-9,-5,-9,-5,-8,-5,-7,-6,-7,-6,-6,-7,-4,-6,0,0,0,0,0,0,0,0,0,0,0,0,0,0,26,-62,26,-54,17,-54,20,-52,13,-47,12,-43,10,-42,6,-46,5,-37,-4,-35,-5,-36,-11,-34,-14,-30,-17,-28,-21,-29,-25,-29,-31,-27,-31,-22,-25,-19,-32,-22,-37,-18,-35,-19,-47,-14,-41,-12,-45,-9,-49,-13,-49,-9,-60,-6,-62,-8,-60,-3,-59,-4,-64,-5,-66,-11,-69,-10,-68,-6,-70,-12,-68,-10,-68,-10,-70,-11,-65,-18,-62,-16,-67,-17,-68,-14,-63,-19,-59,-26,-61,-22,-52,-27,-51,-24,-48,-26,-48,-26,-43,-29,-43,-26,-41,-29,-34,-32,-30,-34,-26,-31,-18,-34,0,0,0,0,0,0,0,0,0,0,0,0,0,0,0,0,0,0,0,0,0,0,-49,39,-60,29,-57,24,-62,22,-59,14,-59,15,-51,13,-56,11,-55,11,-54,5,-52,1,-53,6,-50,-1,-44,-7,-43,-5,-36,-9,-37,-3,-24,-6,-26,-7,-23,-3,-19,-7,-12,-2,-11,-3,-4,2,-3,0,5,5,5,6,5,7,6,10,14,14,14,14,21,16,19,19,22,19,27,15,28,20,29,23,38,19,38,21,40,19,40,23,48,22,52,27,51,21,55,20,57,30,64,22,65,22,61,22,65,24,68,27,74,24,67,29,66,28,70,28,79,25,71,28,0,0]"
CSI_DATA,368,1a:00:00:00:00:00,-46,11,1,0,1,1,1,0,0,0,1,-96,0,11,2,5240138,0,44,0,384,0,"[0,0,0,0,0,0,0,0,0,0,0,0,-8,5,-7,5,-6,5,-6,4,-5,5,-4,5,-3,6,-3,5,-2,5,-2,5,-2,6,-1,6,0,6,1,6,1,6,2,7,3,6,3,6,4,6,4,7,4,6,5,6,6,7,7,7,7,7,7,7,0,0,8,7,8,8,8,8,8,9,8,8,7,9,8,9,7,9,8,9,7,10,7,10,6,10,5,9,4,9,5,9,4,9,4,9,4,8,3,8,3,8,2,8,1,8,0,8,-1,7,-1,7,-2,6,0,0,0,0,0,0,0,0,0,0,0,0,0,0,-54,43,-52,40,-45,42,-36,36,-34,38,-32,33,-27,37,-23,37,-23,33,-16,33,-8,34,-7,32,-3,38,-1,35,3,32,10,36,13,36,19,33,14,29,21,27,29,29,23,32,29,31,30,27,32,27,40,31,43,29,49,30,49,32,52,31,47,33,56,36,56,37,66,31,60,34,56,38,59,38,63,41,58,43,55,38,55,42,53,44,49,44,45,47,44,42,44,47,42,48,39,47,31,41,34,40,28,43,26,40,22,43,21,43,11,44,9,37,0,34,0,0,0,0,0,0,0,0,0,0,0,0,0,0,0,0,0,0,0,0,0,0,65,-11,61,-8,65,-4,66,2,63,8,58,17,60,11,55,18,53,18,54,23,51,25,47,26,48,18,39,26,35,24,31,19,30,22,26,18,19,15,19,11,14,16,9,8,9,4,4,1,1,-2,-3,-7,2,-9,0,-14,-2,-15,-9,-21,-11,-20,-13,-24,-12,-30,-14,-31,-17,-29,-21,-28,-22,-37,-24,-37,-23,-37,-29,-40,-28,-42,-35,-41,-37,-44,-40,-43,-42,-46,-52,-45,-46,-47,-53,-49,-46,-44,-54,-51,-48,-55,-57,-55,-51,-54,-54,-55,-52,-65,-57,-60,-52,-59,0,0]"
CSI_DATA,369,1a:00:00:00:00:00,-46,11,1,0,1,1,1,0,0,0,1,-96,0,11,2,5250129,0,44,0,384,0,"[0,0,0,0,0,0,0,0,0,0,0,0,-10,-2,-9,-1,-9,0,-9,0,-8,0,-7,1,-7,2,-6,2,-6,3,-5,3,-6,4,-5,5,-5,5,-4,5,-4,6,-3,7,-2,7,-2,7,-2,8,-1,8,-1,8,0,9,-1,9,0,10,0,10,0,11,0,0,1,11,1,11,1,12,1,12,-1,12,0,12,0,12,0,12,0,12,-2,12,-2,12,-2,11,-3,11,-3,11,-3,10,-3,10,-4,10,-3,10,-4,9,-4,8,-4,8,-4,7,-5,6,-5,6,-6,5,-5,4,0,0,0,0,0,0,0,0,0,0,0,0,0,0,-65,-22,-64,-21,-59,-11,-51,-15,-55,-6,-49,-7,-44,3,-45,0,-36,1,-36,13,-36,12,-33,14,-28,22,-27,24,-28,21,-20,29,-21,30,-23,35,-20,36,-14,37,-11,43,-10,34,-6,44,-4,48,-6,50,-7,53,-2,55,2,57,6,58,5,63,2,56,8,68,2,66,8,70,6,67,1,71,2,74,4,69,1,72,2,71,-1,64,-8,66,-6,67,-5,70,-11,66,-13,61,-13,55,-17,58,-20,54,-19,54,-18,52,-17,47,-19,43,-25,38,-25,39,-28,31,-28,23,0,0,0,0,0,0,0,0,0,0,0,0,0,0,0,0,0,0,0,0,0,0,43,51,34,56,34,57,28,57,21,62,19,59,14,54,10,58,10,60,8,58,5,54,3,50,6,55,0,46,-3,38,-7,36,-3,35,-7,28,-1,27,-7,20,-2,20,-3,11,-1,8,-2,5,1,-1,6,-2,5,-3,10,-8,9,-9,12,-14,13,-15,14,-19,19,-25,16,-27,17,-30,13,-33,17,-31,19,-39,15,-41,21,-47,19,-42,17,-49,19,-55,15,-56,15,-57,16,-58,16,-62,15,-69,16,-65,15,-72,18,-75,16,-77,17,-75,11,-72,21,-79,15,-73,19,-74,0,0]"
CSI_DATA,370,1a:00:00:00:00:00,-46,11,1,0,1,1,1,0,0,0,1,-96,0,11,2,5260187,0,44,0,384,0,"[0,0,0,0,0,0,0,0,0,0,0,0,9,-1,8,-2,8,-2,8,-2,7,-2,6,-3,5,-4,5,-4,5,-5,4,-5,4,-6,3,-6,3,-6,3,-7,2,-7,1,-8,1,-8,1,-9,0,-9,-1,-9,-1,-9,-1,-10,-1,-10,-2,-11,-2,-12,-3,-12,0,0,-3,-13,-2,-13,-2,-14,-2,-14,-2,-13,-2,-14,-1,-14,-1,-13,-1,-13,0,-13,0,-14,1,-13,1,-13,1,-12,2,-12,2,-11,2,-11,2,-11,3,-10,2,-9,3,-9,4,-9,4,-9,4,-7,5,-6,4,-5,0,0,0,0,0,0,0,0,0,0,0,0,0,0,61,19,63,15,62,7,51,12,51,6,47,3,42,2,40,-4,37,-8,31,-12,35,-11,23,-17,26,-17,26,-20,24,-22,20,-30,18,-32,17,-36,13,-36,12,-37,9,-42,12,-39,7,-40,5,-47,1,-50,4,-48,-1,-53,-7,-55,-7,-58,-7,-63,-8,-60,-12,-67,-7,-64,-8,-71,-8,-70,-3,-68,-6,-73,-4,-73,0,-67,5,-69,5,-67,3,-70,8,-66,6,-69,8,-61,12,-63,8,-59,12,-57,18,-51,18,-48,17,-48,17,-47,23,-40,21,-43,25,-36,26,-32,27,-28,0,0,0,0,0,0,0,0,0,0,0,0,0,0,0,0,0,0,0,0,0,0,-44,-45,-34,-50,-35,-52,-31,-57,-23,-57,-22,-60,-19,-56,-13,-57,-13,-61,-13,-56,-7,-57,-7,-52,-8,-51,-6,-47,2,-38,2,-41,-1,-33,2,-35,1,-26,1,-20,2,-15,-3,-11,-3,-6,-3,-12,-5,-4,-4,3,-8,3,-6,8,-10,11,-10,13,-16,15,-14,20,-16,25,-16,24,-17,29,-12,29,-19,31,-15,39,-12,41,-16,44,-16,46,-14,48,-16,48,-15,55,-14,51,-8,54,-14,58,-13,64,-15,66,-13,73,-15,71,-13,74,-20,74,-16,72,-17,76,-11,72,-20,69,0,0]"
CSI_DATA,371,1a:00:00:00:00:00,-46,11,1,0,1,1,1,0,0,0,1,-96,0,11,2,5270120,0,44,0,384,0,"[0,0,0,0,0,0,0,0,0,0,0,0,6,-7,5,-7,4,-7,4,-7,3,-7,3,-7,1,-7,1,-7,1,-7,0,-6,-1,-7,-2,-7,-2,-7,-3,-6,-3,-6,-4,-7,-5,-7,-4,-6,-6,-6,-6,-7,-6,-7,-7,-7,-7,-7,-8,-6,-9,-7,-10,-7,0,0,-10,-8,-10,-8,-10,-9,-10,-8,-10,-9,-10,-9,-10,-10,-9,-9,-9,-10,-9,-10,-9,-9,-8,-9,-7,-9,-7,-10,-6,-10,-6,-10,-6,-9,-5,-9,-4,-10,-4,-8,-3,-9,-2,-9,-2,-8,-2,-8,-1,-8,0,-7,0,0,0,0,0,0,0,0,0,0,0,0,0,0,48,-43,49,-39,44,-45,41,-41,33,-38,31,-37,26,-37,23,-36,16,-32,13,-34,9,-34,5,-34,4,-37,0,-34,-4,-35,-12,-34,-16,-35,-13,-35,-17,-35,-22,-38,-26,-38,-27,-33,-27,-31,-35,-30,-32,-29,-36,-35,-36,-36,-46,-34,-45,-37,-51,-35,-48,-34,-55,-42,-50,-41,-55,-42,-54,-37,-54,-48,-54,-45,-54,-48,-54,-49,-51,-48,-49,-49,-42,-51,-47,-52,-45,-55,-41,-49,-37,-50,-34,-53,-30,-49,-29,-48,-25,-47,-23,-47,-23,-44,-19,-43,-11,-42,-7,-46,-5,-41,0,-38,0,0,0,0,0,0,0,0,0,0,0,0,0,0,0,0,0,0,0,0,0,0,-63,20,-61,9,-66,8,-65,5,-63,-2,-62,-9,-57,-9,-56,-12,-57,-13,-52,-16,-49,-17,-47,-15,-47,-18,-44,-20,-35,-22,-31,-18,-29,-21,-23,-18,-22,-13,-18,-13,-15,-13,-15,-9,-8,-5,-6,-3,-5,3,3,3,0,6,4,16,2,12,3,16,9,22,9,24,11,23,15,25,13,30,18,29,20,30,23,31,24,32,31,34,32,39,36,35,37,43,38,40,42,41,43,39,42,45,52,45,45,44,49,49,52,54,51,53,52,55,52,58,55,56,51,61,53,56,0,0]"
CSI_DATA,372,1a:00:00:00:00:00,-46,11,1,0,1,1,1,0,0,0,1,-96,0,11,2,5280120,0,44,0,384,0,"[0,0,0,0,0,0,0,0,0,0,0,0,9,3,8,2,8,1,8,1,8,0,6,-1,6,-1,6,-2,6,-3,5,-3,5,-4,5,-5,5,-5,5,-5,4,-6,4,-7,3,-7,2,-8,3,-8,2,-9,2,-9,2,-10,2,-10,1,-11,1,-11,1,-12,0,0,1,-13,2,-13,2,-13,1,-14,2,-14,2,-13,2,-13,2,-13,2,-13,3,-13,4,-13,4,-12,4,-12,5,-11,5,-11,4,-10,4,-10,4,-9,5,-9,5,-9,5,-8,5,-8,6,-6,6,-6,6,-5,6,-3,0,0,0,0,0,0,0,0,0,0,0,0,0,0,58,33,55,35,48,22,49,20,47,21,46,16,48,15,44,8,39,6,39,4,35,-1,36,-5,31,-12,30,-13,29,-15,26,-22,30,-25,27,-26,23,-28,20,-30,21,-42,22,-41,13,-35,18,-42,17,-41,18,-49,13,-52,12,-53,11,-61,12,-62,11,-59,9,-63,15,-62,12,-64,10,-65,17,-67,15,-68,14,-70,22,-66,25,-64,23,-68,23,-65,26,-65,28,-64,29,-56,24,-54,29,-51,26,-48,29,-46,31,-44,31,-40,34,-37,34,-37,34,-34,32,-27,36,-25,31,-16,0,0,0,0,0,0,0,0,0,0,0,0,0,0,0,0,0,0,0,0,0,0,-31,-57,-28,-56,-19,-58,-16,-64,-13,-63,-4,-58,-3,-61,-1,-55,3,-58,2,-53,3,-55,4,-54,9,-49,8,-39,7,-39,14,-38,11,-34,10,-30,7,-25,7,-20,6,-19,5,-13,1,-12,-4,-3,-4,-4,-8,5,-8,0,-11,4,-15,11,-17,12,-16,13,-21,20,-22,20,-22,23,-23,26,-23,29,-25,31,-26,32,-24,34,-25,39,-26,41,-22,46,-30,44,-30,53,-28,46,-30,62,-36,58,-28,58,-32,61,-33,67,-33,69,-28,70,-38,71,-36,65,-40,70,-36,71,-34,65,0,0]"
CSI_DATA,373,1a:00:00:00:00:00,-46,11,1,0,1,1,1,0,0,0,1,-96,0,11,2,5290143,0,44,0,384,0,"[0,0,0,0,0,0,0,0,0,0,0,0,-8,7,-6,7,-5,6,-5,6,-4,6,-3,6,-3,6,-2,6,-2,6,0,6,-1,7,1,6,1,6,2,6,2,6,3,6,3,6,4,7,5,6,5,6,6,6,7,6,7,6,7,7,8,7,8,7,0,0,9,8,9,8,9,8,9,8,9,9,9,9,9,9,9,9,8,9,8,10,7,10,7,10,6,10,5,10,5,10,5,10,4,9,4,9,4,9,3,9,2,9,1,8,0,8,0,7,-1,7,-1,7,0,0,0,0,0,0,0,0,0,0,0,0,0,0,-57,39,-54,42,-42,42,-39,39,-41,41,-36,31,-31,36,-22,40,-23,34,-18,31,-10,36,-13,34,-5,37,-3,32,-1,40,6,35,8,36,13,31,12,37,20,36,26,38,23,36,27,31,34,36,32,31,35,36,39,37,48,32,45,37,50,37,49,37,52,40,51,42,51,41,52,43,54,43,55,47,50,46,53,52,48,52,50,52,39,52,46,53,40,53,33,48,34,51,28,52,28,51,22,47,24,45,20,49,15,45,12,43,11,46,6,43,1,42,-7,37,0,0,0,0,0,0,0,0,0,0,0,0,0,0,0,0,0,0,0,0,0,0,62,-26,60,-18,65,-13,64,-5,66,-2,60,4,56,4,56,5,59,11,54,13,55,15,47,14,49,12,45,14,37,19,30,20,29,18,25,14,21,17,16,12,16,6,12,5,9,4,5,0,1,-4,-6,-6,-5,-9,-4,-15,-5,-14,-10,-18,-13,-20,-11,-26,-14,-26,-13,-30,-18,-34,-21,-34,-25,-32,-27,-33,-25,-34,-33,-36,-34,-37,-39,-45,-37,-39,-41,-43,-45,-41,-40,-44,-43,-47,-53,-45,-51,-53,-52,-50,-55,-52,-59,-53,-56,-56,-53,-59,-59,-61,-56,-59,-53,-60,0,0]"
CSI_DATA,374,1a:00:00:00:00:00,-46,11,1,0,1,1,1,0,0,0,1,-96,0,11,2,5300497,0,44,0,384,0,"[0,0,0,0,0,0,0,0,0,0,0,0,-9,4,-8,5,-6,5,-6,5,-5,5,-5,5,-4,5,-3,5,-3,5,-2,5,-2,6,-1,6,0,6,1,6,1,6,2,7,2,6,3,6,3,6,4,6,4,6,5,7,5,7,6,7,6,7,7,8,0,0,7,8,7,9,7,9,8,9,7,9,7,10,7,10,7,10,6,10,6,10,5,10,5,10,4,10,4,10,4,10,4,9,3,10,3,9,2,9,2,8,1,8,0,8,0,8,-1,7,-2,7,-2,6,0,0,0,0,0,0,0,0,0,0,0,0,0,0,-57,30,-58,28,-53,34,-44,30,-47,31,-42,28,-36,28,-31,26,-27,27,-27,30,-19,31,-13,30,-12,36,-6,33,-5,34,0,34,1,40,6,38,7,37,16,37,17,40,16,42,26,38,26,39,29,37,28,41,32,39,38,38,35,44,44,48,41,45,42,55,45,50,46,49,46,52,47,55,44,57,44,53,44,60,39,57,40,57,32,62,35,61,32,58,27,60,23,60,23,58,21,57,20,48,17,49,12,54,9,48,6,48,4,45,0,44,-1,42,-10,42,0,0,0,0,0,0,0,0,0,0,0,0,0,0,0,0,0,0,0,0,0,0,67,-6,66,1,63,8,65,7,58,14,56,18,57,20,54,21,58,27,49,25,47,27,43,31,42,23,38,25,28,27,26,23,27,23,21,24,20,14,14,17,8,9,12,8,5,3,2,2,5,0,-3,-7,-2,-9,1,-13,-2,-15,-5,-24,-5,-23,-5,-29,-5,-29,-12,-37,-9,-35,-12,-33,-19,-35,-20,-41,-21,-42,-24,-45,-25,-45,-19,-50,-31,-50,-27,-50,-34,-51,-40,-58,-36,-58,-40,-53,-39,-63,-39,-64,-46,-61,-47,-68,-45,-75,-41,-63,-38,-71,-43,-68,-40,-68,0,0]"
CSI_DATA,375,1a:00:00:00:00:00,-46,11,1,0,1,1,1,0,0,0,1,-96,0,11,2,5320810,0,44,0,384,0,"[0,0,0,0,0,0,0,0,0,0,0,0,-9,4,-8,4,-8,4,-6,4,-6,4,-5,5,-5,5,-4,5,-3,5,-3,5,-2,6,-1,6,0,6,0,6,0,6,1,7,2,6,2,7,2,7,3,6,4,7,4,7,5,8,5,8,6,8,6,8,0,0,7,8,7,10,7,10,7,9,6,10,7,10,7,10,6,10,6,10,5,11,5,11,4,10,3,10,3,10,3,10,3,10,3,10,3,9,2,9,2,8,1,8,0,8,-1,8,-1,7,-2,7,-2,6,0,0,0,0,0,0,0,0,0,0,0,0,0,0,-63,23,-59,21,-53,27,-47,28,-39,22,-40,20,-36,26,-36,30,-32,23,-21,23,-24,32,-18,28,-12,33,-11,36,-12,31,0,36,0,37,1,35,5,37,8,37,16,41,12,37,20,38,19,32,23,40,26,42,30,44,33,42,29,43,38,47,42,45,42,50,42,50,38,50,44,51,37,56,39,56,38,56,36,61,36,56,35,56,36,60,31,57,25,58,22,57,22,60,22,54,21,58,17,52,13,50,13,51,9,47,3,44,-1,47,-3,41,-7,40,-9,34,0,0,0,0,0,0,0,0,0,0,0,0,0,0,0,0,0,0,0,0,0,0,67,-2,59,10,64,16,60,19,56,24,51,24,50,29,49,27,47,32,47,27,41,32,36,26,36,30,29,32,27,29,23,31,21,24,16,24,15,23,11,14,9,16,11,9,3,8,5,-2,5,-2,0,-9,1,-10,0,-14,-1,-17,-4,-20,-3,-22,-2,-24,-5,-27,-4,-33,-6,-35,-5,-33,-14,-40,-11,-42,-10,-43,-18,-46,-20,-48,-20,-53,-22,-48,-28,-52,-25,-52,-17,-53,-29,-57,-31,-60,-28,-55,-36,-69,-35,-63,-37,-65,-31,-70,-36,-69,-32,-74,-35,-71,-29,-72,0,0]"
CSI_DATA,376,1a:00:00:00:00:00,-46,11,1,0,1,1,1,0,0,0,1,-96,0,11,2,5351285,0,44,0,384,0,"[0,0,0,0,0,0,0,0,0,0,0,0,-10,0,-9,1,-9,1,-8,1,-8,2,-6,2,-7,3,-6,3,-5,4,-5,4,-5,5,-4,6,-4,5,-3,5,-2,6,-2,7,-2,6,-1,7,-1,7,0,8,0,8,0,9,1,9,1,9,1,10,2,10,0,0,2,11,2,12,2,12,2,12,1,12,1,12,1,12,0,12,0,12,0,12,0,12,-1,12,-1,11,-1,11,-2,10,-2,10,-3,10,-2,9,-3,9,-3,8,-4,8,-4,7,-5,7,-5,6,-5,5,-5,4,0,0,0,0,0,0,0,0,0,0,0,0,0,0,-67,7,-63,9,-56,13,-51,10,-50,11,-40,9,-41,14,-40,15,-34,20,-30,22,-33,22,-26,26,-27,29,-20,30,-19,28,-12,34,-8,38,-11,35,-8,38,-5,38,2,43,0,43,4,42,7,45,7,44,11,49,14,51,19,50,18,51,21,58,25,53,21,59,19,63,23,64,21,62,23,65,18,66,24,66,14,67,14,65,13,67,13,68,7,65,8,64,3,61,1,63,-3,59,-1,58,-5,50,-6,54,-8,48,-12,46,-11,42,-19,42,-18,35,-22,32,-23,31,0,0,0,0,0,0,0,0,0,0,0,0,0,0,0,0,0,0,0,0,0,0,64,14,57,21,57,25,53,29,53,33,46,31,42,35,42,38,40,41,38,40,36,41,30,40,33,39,28,35,17,31,17,31,17,29,13,30,11,19,12,17,9,14,7,10,4,4,4,1,6,-2,2,-7,5,-11,5,-14,3,-17,4,-21,1,-21,2,-28,3,-27,1,-32,2,-37,0,-40,0,-39,-1,-45,-4,-44,-7,-48,-4,-49,-9,-61,-8,-54,-10,-61,-13,-56,-6,-61,-7,-61,-17,-64,-17,-67,-16,-70,-21,-73,-21,-79,-18,-76,-17,-72,-15,-80,-14,-77,-17,-78,0,0]"
CSI_DATA,377,1a:00:00:00:00:00,-46,11,1,0,1,1,1,0,0,0,1,-96,0,11,2,5360203,0,44,0,384,0,"[0,0,0,0,0,0,0,0,0,0,0,0,9,1,8,0,8,-1,8,-1,7,-1,6,-2,6,-3,5,-3,5,-4,5,-4,5,-5,4,-6,4,-6,3,-6,3,-6,3,-7,2,-8,2,-8,2,-8,2,-8,1,-9,1,-10,0,-9,0,-11,0,-11,0,-11,0,0,0,-12,0,-12,0,-13,0,-13,1,-13,1,-13,1,-13,1,-13,2,-13,2,-12,3,-13,3,-12,3,-12,3,-12,4,-10,4,-11,4,-10,4,-9,4,-9,4,-8,5,-8,5,-7,5,-6,5,-6,6,-5,5,-4,0,0,0,0,0,0,0,0,0,0,0,0,0,0,64,23,61,20,56,14,53,16,50,8,48,9,40,0,44,-2,35,-4,35,-5,31,-10,34,-14,32,-16,33,-20,25,-18,30,-27,25,-33,24,-29,22,-32,22,-38,21,-43,15,-39,13,-41,11,-42,11,-45,8,-55,5,-51,3,-58,6,-57,1,-59,7,-61,4,-64,8,-63,6,-72,5,-71,11,-69,8,-72,10,-74,12,-72,11,-69,15,-67,18,-66,19,-68,19,-65,22,-64,25,-60,24,-57,24,-52,21,-50,25,-51,25,-44,29,-45,29,-40,30,-35,31,-28,32,-23,31,-20,0,0,0,0,0,0,0,0,0,0,0,0,0,0,0,0,0,0,0,0,0,0,-46,-44,-44,-49,-37,-54,-33,-57,-29,-58,-25,-56,-21,-56,-18,-55,-18,-59,-14,-56,-12,-54,-10,-49,-2,-50,-3,-46,1,-41,0,-40,2,-34,2,-34,-2,-24,2,-22,0,-18,-3,-8,-3,-7,-3,-6,-6,-2,-9,1,-8,7,-12,10,-16,13,-12,18,-16,17,-12,22,-18,27,-15,25,-17,30,-17,31,-17,32,-18,39,-17,42,-18,47,-18,48,-17,48,-18,48,-17,57,-19,55,-11,62,-17,63,-19,65,-17,67,-20,76,-20,71,-18,73,-27,75,-20,74,-23,82,-22,73,-26,73,0,0]"
CSI_DATA,378,1a:00:00:00:00:00,-46,11,1,0,1,1,1,0,0,0,1,-96,0,11,2,5390098,0,44,0,384,0,"[0,0,0,0,0,0,0,0,0,0,0,0,9,2,8,1,8,0,8,1,7,0,7,-1,6,-2,6,-2,5,-3,5,-4,5,-4,4,-5,5,-5,4,-6,3,-6,3,-7,3,-8,2,-8,2,-8,2,-9,2,-9,1,-9,1,-9,1,-11,1,-11,1,-11,0,0,1,-12,1,-12,2,-13,1,-13,2,-13,2,-13,2,-13,2,-13,2,-13,3,-12,4,-12,3,-12,3,-11,4,-12,5,-10,5,-10,5,-10,5,-9,5,-9,5,-9,5,-8,5,-7,5,-6,5,-6,6,-5,5,-3,0,0,0,0,0,0,0,0,0,0,0,0,0,0,58,26,60,25,56,19,51,20,45,15,49,11,46,8,44,-1,41,-1,37,-1,36,-8,39,-7,33,-15,31,-13,32,-19,28,-27,25,-27,23,-27,22,-32,20,-36,18,-38,19,-39,13,-37,11,-43,9,-41,15,-50,11,-50,9,-55,9,-53,7,-59,8,-59,7,-64,6,-65,6,-68,4,-64,12,-63,13,-69,16,-70,21,-67,18,-67,17,-64,24,-64,23,-58,24,-60,23,-57,23,-57,28,-53,27,-54,25,-45,26,-43,30,-41,33,-38,32,-37,31,-29,36,-30,30,-25,33,-14,0,0,0,0,0,0,0,0,0,0,0,0,0,0,0,0,0,0,0,0,0,0,-48,-47,-43,-51,-42,-51,-34,-53,-26,-60,-27,-54,-18,-55,-16,-51,-17,-57,-11,-49,-10,-51,-11,-50,-10,-50,-3,-47,-1,-43,-1,-38,-1,-37,-1,-30,-3,-21,2,-16,0,-15,-2,-11,-2,-9,-5,-5,-6,-1,-7,3,-10,7,-10,7,-12,12,-14,16,-15,19,-18,21,-16,23,-14,24,-18,29,-20,29,-19,34,-14,39,-18,40,-17,41,-20,41,-18,50,-23,50,-18,56,-19,51,-22,61,-19,61,-17,65,-21,70,-20,65,-18,72,-19,71,-26,75,-23,67,-28,77,-28,72,-22,67,0,0]"
CSI_DATA,379,1a:00:00:00:00:00,-46,11,1,0,1,1,1,0,0,0,1,-96,0,11,2,5400681,0,44,0,384,0,"[0,0,0,0,0,0,0,0,0,0,0,0,-2,9,-2,8,-1,8,-1,8,0,7,-1,6,1,6,1,5,2,6,3,5,3,5,4,5,5,4,5,4,5,3,6,3,6,3,6,3,7,2,7,2,8,1,8,1,9,1,10,1,10,1,10,1,0,0,11,1,12,1,12,1,11,1,12,2,12,2,12,2,11,2,12,3,11,3,12,3,11,4,10,4,9,4,10,5,9,4,9,4,8,4,8,5,7,5,6,6,6,5,5,5,4,5,3,6,2,6,0,0,0,0,0,0,0,0,0,0,0,0,0,0,-23,60,-21,60,-16,59,-11,55,-13,52,-3,43,-3,47,-2,43,0,41,2,37,7,33,10,31,14,36,16,32,21,30,25,27,27,24,30,18,28,19,36,21,38,13,40,18,41,13,44,10,45,12,50,12,53,9,55,5,56,5,60,4,58,2,63,7,64,6,63,7,66,9,63,11,68,9,66,14,68,16,64,15,64,18,65,19,59,20,61,18,55,19,58,29,54,28,53,28,45,25,44,27,41,27,35,28,34,28,34,33,25,31,20,33,16,33,0,0,0,0,0,0,0,0,0,0,0,0,0,0,0,0,0,0,0,0,0,0,36,-52,39,-48,46,-48,45,-42,52,-38,49,-31,49,-31,51,-25,50,-25,52,-21,55,-16,48,-13,47,-12,42,-8,39,-4,35,-5,33,-6,28,1,24,-1,20,-5,12,2,11,-5,5,-3,2,-4,-2,-6,-6,-4,-8,-11,-8,-9,-14,-12,-21,-14,-21,-12,-24,-15,-21,-15,-32,-13,-32,-16,-35,-17,-38,-19,-37,-15,-39,-19,-49,-11,-47,-9,-51,-14,-54,-16,-60,-16,-63,-11,-58,-17,-63,-13,-71,-11,-68,-14,-75,-13,-73,-17,-73,-15,-76,-20,-75,-19,-82,-23,-75,-13,-73,-20,0,0]"
CSI_DATA,380,1a:00:00:00:00:00,-46,11,1,0,1,1,1,0,0,0,1,-96,0,11,2,5410121,0,44,0,384,0,"[0,0,0,0,0,0,0,0,0,0,0,0,-11,-2,-10,-1,-10,-1,-9,-1,-8,0,-7,1,-7,2,-7,2,-6,3,-6,4,-6,4,-5,4,-5,5,-5,5,-4,6,-4,7,-3,7,-3,7,-2,7,-2,8,-3,8,-1,9,-2,9,-1,10,-1,11,-1,10,0,0,-1,11,-1,12,-1,12,-1,13,-1,12,-1,12,-2,13,-2,12,-2,13,-3,12,-3,12,-3,11,-4,11,-4,10,-4,10,-5,10,-5,10,-5,9,-5,9,-5,7,-6,7,-6,7,-6,6,-6,5,-7,4,-6,3,0,0,0,0,0,0,0,0,0,0,0,0,0,0,-61,-8,-63,-11,-67,-4,-59,-9,-53,-7,-46,-1,-44,-2,-45,1,-39,5,-37,9,-33,12,-34,14,-28,20,-27,25,-28,24,-22,28,-18,31,-18,35,-17,34,-16,34,-12,40,-11,41,-7,43,-7,46,-6,46,-3,49,0,49,2,54,2,55,4,59,0,61,-1,64,-2,63,0,67,2,65,-4,68,-3,68,-2,69,-8,69,-12,66,-9,61,-11,67,-12,65,-15,64,-17,57,-18,53,-18,57,-24,50,-20,51,-22,49,-24,42,-23,43,-25,39,-26,33,-30,32,-29,26,-29,20,0,0,0,0,0,0,0,0,0,0,0,0,0,0,0,0,0,0,0,0,0,0,54,32,51,38,47,41,43,46,40,45,34,46,37,45,31,45,28,49,25,46,21,46,16,50,18,45,12,43,7,34,11,36,8,26,2,26,6,21,3,18,-1,16,4,10,5,9,2,6,7,0,2,-5,4,-8,5,-11,8,-12,8,-22,7,-19,11,-27,11,-28,10,-34,11,-34,12,-38,10,-37,6,-43,10,-42,7,-53,12,-51,7,-51,7,-56,6,-60,6,-61,4,-66,8,-70,4,-67,4,-71,7,-73,6,-76,1,-74,12,-82,7,-77,9,-80,7,-80,11,-74,0,0]"
CSI_DATA,381,1a:00:00:00:00:00,-47,11,1,0,1,1,1,0,0,0,1,-96,0,11,2,5420127,0,44,0,384,0,"[0,0,0,0,0,0,0,0,0,0,0,0,0,-11,0,-10,-1,-9,-1,-8,-2,-8,-2,-7,-3,-7,-3,-6,-4,-6,-4,-5,-4,-6,-6,-5,-6,-5,-7,-4,-7,-4,-8,-4,-8,-3,-7,-3,-9,-2,-9,-2,-9,-2,-10,-2,-10,-1,-10,-1,-11,-1,-12,0,0,0,-12,-1,-13,-1,-13,-1,-13,-1,-13,-1,-13,-2,-14,-1,-13,-2,-13,-2,-13,-3,-12,-3,-12,-4,-12,-4,-11,-4,-11,-5,-11,-5,-10,-5,-10,-5,-9,-5,-9,-5,-8,-6,-7,-6,-7,-6,-6,-6,-5,-7,-4,-7,0,0,0,0,0,0,0,0,0,0,0,0,0,0,22,-67,22,-58,16,-60,15,-54,12,-53,3,-51,2,-44,5,-42,-1,-41,-1,-36,-11,-39,-13,-33,-13,-39,-20,-29,-17,-29,-27,-25,-28,-23,-30,-22,-30,-24,-33,-26,-39,-15,-36,-15,-38,-9,-42,-14,-43,-13,-51,-15,-48,-9,-51,-6,-60,-5,-59,-6,-62,-8,-66,-6,-65,-13,-69,-6,-62,-6,-69,-14,-68,-13,-67,-12,-66,-18,-69,-19,-62,-22,-65,-20,-61,-23,-65,-23,-63,-25,-58,-24,-56,-26,-52,-30,-48,-24,-42,-27,-42,-30,-38,-32,-35,-33,-30,-31,-26,-39,-24,-38,-17,-35,0,0,0,0,0,0,0,0,0,0,0,0,0,0,0,0,0,0,0,0,0,0,-39,50,-40,46,-45,40,-50,39,-48,36,-50,32,-48,26,-53,23,-52,25,-50,17,-47,15,-48,9,-50,14,-44,9,-39,7,-37,4,-33,5,-29,0,-23,3,-20,-2,-18,0,-15,0,-5,3,-2,4,-1,4,2,9,9,10,10,7,13,7,18,11,20,10,21,15,22,13,28,13,29,13,34,19,34,16,38,16,42,17,47,14,47,15,51,13,51,15,60,18,56,10,59,11,64,12,68,13,70,12,74,17,71,13,84,15,75,23,74,17,81,21,73,19,74,17,0,0]"
CSI_DATA,382,1a:00:00:00:00:00,-47,11,1,0,1,1,1,0,0,0,1,-96,0,11,2,5430220,0,44,0,384,0,"[0,0,0,0,0,0,0,0,0,0,0,0,-10,3,-10,3,-9,4,-8,3,-7,3,-7,4,-6,4,-5,5,-4,6,-4,5,-3,6,-3,7,-2,6,-1,6,-1,6,0,8,0,7,1,8,1,7,2,8,2,8,2,8,2,8,3,9,3,10,4,10,0,0,4,10,4,11,4,12,5,12,4,11,3,12,4,12,3,12,3,12,3,12,2,12,1,12,1,12,1,11,0,11,0,11,-1,10,0,10,-1,9,-1,9,-2,8,-2,8,-3,7,-4,7,-4,6,-4,5,0,0,0,0,0,0,0,0,0,0,0,0,0,0,-65,3,-63,0,-61,12,-59,8,-53,10,-47,12,-46,11,-42,13,-33,15,-34,17,-36,22,-23,23,-24,25,-22,24,-20,28,-15,30,-10,37,-14,39,-11,37,-5,37,-3,46,-1,43,3,41,4,44,6,43,9,49,10,45,8,52,10,58,19,58,16,57,18,62,12,53,14,65,21,60,12,66,10,70,13,67,8,68,6,69,4,63,1,62,6,65,4,67,-1,62,0,58,-8,54,-11,58,-8,54,-16,52,-15,48,-14,45,-13,44,-19,41,-22,39,-22,32,-25,28,0,0,0,0,0,0,0,0,0,0,0,0,0,0,0,0,0,0,0,0,0,0,60,12,59,17,52,21,58,29,52,26,48,34,45,34,41,34,41,39,41,33,35,39,32,38,32,36,29,35,21,35,14,28,16,29,15,17,12,22,4,18,4,14,5,9,5,4,0,-5,6,-5,1,-8,3,-9,3,-13,3,-15,1,-27,2,-21,3,-31,5,-27,5,-35,-1,-36,-1,-38,-2,-39,-3,-42,-2,-44,-7,-46,-6,-53,-6,-50,-8,-54,-12,-62,-9,-61,-16,-60,-13,-63,-16,-67,-14,-68,-17,-72,-13,-71,-13,-75,-9,-81,-12,-70,-16,-79,-18,-80,-14,-79,0,0]"
CSI_DATA,383,1a:00:00:00:00:00,-46,11,1,0,1,1,1,0,0,0,1,-96,0,11,2,5440198,0,44,0,384,0,"[0,0,0,0,0,0,0,0,0,0,0,0,-10,-1,-10,0,-9,1,-8,1,-8,1,-8,2,-7,2,-6,3,-6,3,-5,3,-5,4,-5,5,-5,5,-4,5,-4,6,-3,7,-3,7,-3,7,-2,7,-2,8,-2,8,-1,9,-1,9,0,10,-1,10,0,11,0,0,0,11,0,12,0,12,0,12,0,12,-1,12,-1,12,-1,12,-1,12,-2,12,-3,11,-3,11,-3,11,-3,11,-3,10,-3,10,-4,9,-4,9,-4,8,-5,8,-5,7,-5,7,-6,7,-6,6,-6,4,-6,3,0,0,0,0,0,0,0,0,0,0,0,0,0,0,-66,-25,-62,-16,-58,-11,-55,-16,-54,-6,-53,-8,-44,-7,-48,-2,-41,2,-42,8,-38,8,-36,12,-33,14,-29,19,-28,18,-25,22,-26,29,-23,29,-24,34,-20,33,-20,44,-16,35,-9,37,-8,45,-10,47,-10,51,-6,52,-5,55,-7,55,-2,58,0,63,-6,68,-6,60,-2,69,-5,64,-4,70,-9,72,-8,68,-11,71,-19,67,-12,63,-13,69,-17,61,-19,62,-21,62,-18,55,-24,61,-23,50,-21,52,-26,47,-26,47,-26,43,-28,40,-30,35,-29,31,-32,27,-34,19,0,0,0,0,0,0,0,0,0,0,0,0,0,0,0,0,0,0,0,0,0,0,48,42,43,48,32,52,30,57,31,50,26,56,19,56,18,53,16,52,16,49,12,53,11,52,9,46,4,41,3,41,-4,36,0,34,-2,31,1,25,-1,18,2,15,5,13,4,7,3,5,1,-2,7,-4,11,-7,13,-12,12,-15,13,-21,15,-18,17,-25,17,-30,16,-32,18,-36,18,-34,19,-35,16,-40,18,-40,17,-48,19,-51,21,-51,16,-58,19,-58,14,-62,19,-62,16,-64,15,-70,16,-68,14,-71,15,-72,18,-75,20,-81,21,-74,25,-81,20,-83,20,-76,0,0]"
CSI_DATA,384,1a:00:00:00:00:00,-46,11,1,0,1,1,1,0,0,0,1,-96,0,11,2,5461143,0,44,0,384,0,"[0,0,0,0,0,0,0,0,0,0,0,0,2,-11,1,-10,0,-9,-1,-9,-1,-8,-1,-8,-1,-8,-3,-7,-3,-7,-4,-6,-4,-7,-5,-5,-6,-5,-6,-4,-7,-4,-7,-4,-8,-4,-8,-4,-8,-2,-9,-3,-9,-3,-10,-2,-10,-2,-11,-1,-12,-1,-12,-1,0,0,-12,-1,-13,-1,-14,-1,-14,-1,-13,-1,-13,-2,-13,-2,-13,-3,-14,-3,-13,-3,-13,-3,-12,-3,-12,-4,-11,-4,-11,-4,-11,-5,-10,-4,-10,-5,-9,-6,-9,-5,-8,-6,-7,-6,-7,-6,-6,-6,-5,-7,-5,-6,0,0,0,0,0,0,0,0,0,0,0,0,0,0,33,-60,29,-56,29,-55,23,-50,21,-49,17,-41,10,-46,10,-42,10,-42,5,-38,-3,-36,-2,-32,-12,-37,-12,-33,-16,-34,-24,-29,-22,-28,-25,-30,-28,-27,-29,-27,-36,-21,-33,-25,-36,-18,-42,-19,-42,-21,-45,-22,-49,-22,-54,-15,-57,-12,-61,-12,-60,-11,-66,-16,-61,-16,-63,-17,-64,-18,-66,-22,-62,-21,-67,-23,-66,-24,-62,-27,-61,-31,-60,-29,-60,-29,-62,-31,-54,-33,-55,-33,-53,-34,-45,-33,-45,-35,-40,-31,-41,-31,-38,-33,-33,-36,-28,-36,-22,-37,-19,-36,-13,-32,0,0,0,0,0,0,0,0,0,0,0,0,0,0,0,0,0,0,0,0,0,0,-49,36,-55,30,-58,25,-61,25,-58,18,-57,14,-54,9,-56,9,-55,6,-55,6,-53,0,-46,-2,-47,-5,-44,-4,-38,-9,-33,-6,-33,-5,-29,-6,-22,-6,-18,-6,-16,-5,-9,-3,-7,-2,-7,2,0,3,-1,9,8,10,9,11,9,10,15,17,18,16,18,19,22,23,25,22,32,22,31,27,30,25,39,27,39,26,39,23,44,27,48,28,50,27,55,25,55,30,61,28,59,28,59,25,63,34,65,27,66,29,69,29,73,37,68,31,70,36,69,39,72,38,0,0]"
CSI_DATA,385,1a:00:00:00:00:00,-46,11,1,0,1,1,1,0,0,0,1,-96,0,11,2,5471458,0,44,0,384,0,"[0,0,0,0,0,0,0,0,0,0,0,0,-7,-7,-8,-6,-8,-5,-7,-5,-7,-4,-7,-3,-7,-3,-7,-2,-6,-1,-7,-1,-7,0,-7,1,-7,1,-7,2,-7,2,-7,3,-7,4,-6,4,-6,4,-7,5,-7,5,-7,6,-6,6,-7,7,-7,8,-7,8,0,0,-8,9,-8,8,-8,9,-8,9,-8,9,-8,9,-9,9,-9,8,-10,8,-9,8,-10,7,-9,6,-10,6,-10,6,-10,5,-10,5,-9,5,-9,4,-9,4,-9,3,-9,2,-9,2,-8,1,-8,1,-8,-1,-7,-2,0,0,0,0,0,0,0,0,0,0,0,0,0,0,-35,-56,-32,-58,-32,-48,-28,-47,-34,-45,-31,-43,-31,-38,-31,-31,-29,-27,-31,-24,-31,-21,-35,-13,-37,-8,-36,-11,-35,-3,-38,-2,-41,5,-35,9,-38,10,-37,12,-41,16,-42,16,-40,22,-44,19,-42,26,-43,29,-43,30,-39,37,-42,34,-45,41,-45,41,-53,40,-51,39,-51,45,-53,44,-57,38,-59,42,-58,41,-61,36,-58,37,-59,30,-59,32,-61,33,-63,29,-58,24,-61,24,-62,18,-58,20,-53,12,-53,12,-55,8,-50,7,-46,2,-49,-5,-43,-3,-44,-11,-38,-11,0,0,0,0,0,0,0,0,0,0,0,0,0,0,0,0,0,0,0,0,0,0,21,56,11,57,10,61,-1,60,-2,64,-6,57,-8,56,-8,53,-13,54,-15,51,-18,47,-14,47,-18,46,-20,40,-20,31,-20,32,-16,25,-17,20,-13,20,-13,15,-6,12,-8,6,-3,8,6,4,5,3,9,1,8,0,15,-7,17,-6,19,-9,26,-8,27,-9,31,-8,31,-15,34,-14,33,-16,36,-20,36,-18,34,-24,42,-27,42,-30,45,-35,49,-32,48,-39,50,-35,55,-46,51,-44,53,-42,54,-44,59,-48,64,-48,60,-58,70,-48,66,-41,67,-47,60,-44,68,-43,0,0]"
CSI_DATA,386,1a:00:00:00:00:00,-46,11,1,0,1,1,1,0,0,0,1,-96,0,11,2,5480093,0,44,0,384,0,"[0,0,0,0,0,0,0,0,0,0,0,0,-5,-10,-5,-8,-6,-7,-5,-8,-6,-6,-5,-6,-6,-5,-6,-4,-7,-3,-7,-3,-7,-3,-7,-1,-8,-1,-7,0,-8,0,-8,1,-8,1,-8,2,-8,3,-8,3,-8,3,-9,4,-9,4,-10,4,-10,5,-10,5,0,0,-11,6,-11,6,-12,6,-12,6,-12,6,-12,5,-12,6,-12,5,-12,5,-12,4,-13,4,-12,3,-12,3,-12,3,-12,2,-12,2,-11,2,-11,1,-10,1,-10,0,-10,-1,-9,-1,-9,-2,-8,-3,-8,-4,-7,-4,0,0,0,0,0,0,0,0,0,0,0,0,0,0,-25,-62,-22,-59,-25,-57,-27,-49,-26,-48,-19,-43,-24,-34,-30,-36,-22,-30,-35,-23,-32,-22,-29,-19,-31,-13,-30,-11,-35,-11,-36,-3,-36,-1,-33,0,-36,5,-39,8,-42,10,-40,11,-39,15,-38,19,-39,18,-47,23,-48,25,-46,30,-46,28,-51,34,-49,33,-58,34,-51,38,-53,42,-53,38,-59,35,-58,38,-58,36,-58,33,-59,33,-57,32,-64,27,-64,25,-66,28,-58,19,-57,19,-55,15,-55,14,-53,15,-54,11,-50,8,-53,6,-48,4,-46,-5,-41,-7,-40,-15,-34,-15,0,0,0,0,0,0,0,0,0,0,0,0,0,0,0,0,0,0,0,0,0,0,1,61,-4,61,-14,59,-11,59,-16,57,-21,55,-19,48,-25,51,-29,56,-25,44,-30,41,-30,37,-30,38,-27,32,-29,25,-22,27,-22,24,-18,16,-13,13,-12,12,-7,10,-8,10,-1,5,2,4,4,2,9,3,13,0,20,-5,17,-3,21,-3,20,-3,32,-2,29,-5,33,-7,35,-6,34,-11,39,-10,41,-12,43,-11,48,-17,47,-19,50,-22,52,-20,57,-30,52,-25,62,-33,54,-30,57,-31,60,-37,66,-33,68,-32,66,-35,71,-38,66,-27,73,-37,70,-37,68,-30,0,0]"
CSI_DATA,387,1a:00:00:00:00:00,-47,11,1,0,1,1,1,0,0,0,1,-96,0,11,2,5492065,0,44,0,384,0,"[0,0,0,0,0,0,0,0,0,0,0,0,6,7,5,7,6,6,6,5,6,4,5,4,5,3,6,2,6,2,5,1,6,0,6,-1,6,-1,6,-2,6,-2,6,-3,6,-3,6,-3,6,-4,7,-4,7,-5,7,-6,7,-6,6,-7,7,-8,8,-8,0,0,8,-8,9,-8,9,-9,9,-8,10,-8,9,-8,10,-8,10,-7,10,-7,10,-7,10,-7,10,-6,10,-6,10,-5,10,-4,10,-4,9,-4,9,-3,9,-3,9,-2,8,-1,8,-1,8,0,7,0,7,1,6,2,0,0,0,0,0,0,0,0,0,0,0,0,0,0,19,65,17,61,20,56,20,53,23,50,20,43,22,40,24,36,19,30,26,30,29,21,27,19,31,18,36,13,30,10,35,2,39,2,38,-2,38,-1,40,0,40,-6,38,-7,42,-13,41,-20,44,-21,46,-22,46,-25,48,-26,55,-27,52,-32,53,-32,57,-34,57,-29,55,-34,56,-34,60,-30,58,-31,62,-30,65,-27,65,-26,62,-26,62,-23,64,-20,66,-20,61,-14,61,-12,56,-8,58,-12,51,-8,50,-3,52,-4,52,2,47,5,44,13,39,13,40,13,34,17,0,0,0,0,0,0,0,0,0,0,0,0,0,0,0,0,0,0,0,0,0,0,-1,-66,6,-60,11,-62,15,-64,20,-58,20,-56,22,-54,25,-48,27,-49,30,-44,26,-39,30,-39,26,-38,29,-30,23,-24,25,-28,21,-18,19,-21,18,-16,9,-14,8,-8,7,-6,3,-6,-1,-5,-5,-3,-8,-2,-14,0,-18,0,-20,2,-22,-1,-23,-2,-30,2,-30,4,-33,5,-40,5,-41,6,-42,6,-43,7,-44,12,-49,19,-48,10,-54,21,-55,18,-62,23,-58,19,-55,28,-58,24,-61,29,-61,30,-67,33,-72,33,-70,33,-76,30,-71,28,-75,29,-74,29,-75,22,0,0]"
CSI_DATA,388,1a:00:00:00:00:00,-46,11,1,0,1,1,1,0,0,0,1,-96,0,11,2,5500126,0,44,0,384,0,"[0,0,0,0,0,0,0,0,0,0,0,0,0,9,1,9,2,8,3,7,2,6,2,6,3,5,4,5,4,4,4,4,5,4,5,3,6,2,6,2,6,2,7,1,7,1,7,0,7,0,8,-1,8,-1,9,-2,9,-2,9,-2,10,-2,10,-3,0,0,11,-3,11,-3,12,-3,11,-3,12,-2,12,-2,12,-2,12,-2,12,-2,12,-1,12,0,11,0,11,0,10,0,10,1,10,2,10,1,10,1,9,2,9,2,8,3,7,3,7,3,6,4,5,5,4,5,0,0,0,0,0,0,0,0,0,0,0,0,0,0,8,69,1,59,9,62,11,53,8,50,14,51,13,41,13,38,18,36,17,36,22,25,25,25,28,24,25,22,27,20,34,15,40,14,31,10,36,10,36,5,44,3,41,7,45,-6,42,-3,46,-6,46,-6,49,-6,55,-11,59,-16,54,-14,59,-13,65,-17,59,-15,69,-15,61,-15,66,-15,69,-11,69,-17,62,-6,65,-6,64,-2,70,1,67,0,67,4,65,5,61,4,62,7,54,10,56,11,51,11,47,16,49,14,43,18,37,21,37,22,31,27,27,25,0,0,0,0,0,0,0,0,0,0,0,0,0,0,0,0,0,0,0,0,0,0,5,-65,15,-63,20,-59,25,-60,26,-52,27,-51,33,-45,30,-45,35,-46,30,-37,37,-33,35,-31,39,-31,33,-24,34,-26,27,-16,29,-20,24,-13,19,-13,14,-13,13,-10,7,-9,1,-6,-3,-2,-9,-7,-5,-8,-9,-5,-17,-10,-20,-4,-24,-5,-27,-5,-30,-8,-30,-4,-36,-2,-39,0,-41,0,-38,1,-44,0,-44,3,-53,2,-54,6,-54,4,-60,7,-56,9,-64,7,-68,17,-64,14,-67,13,-69,12,-66,14,-74,10,-81,14,-81,12,-76,10,-86,4,-85,9,-75,6,0,0]"
CSI_DATA,389,1a:00:00:00:00:00,-47,11,1,0,1,1,1,0,0,0,1,-96,0,11,2,5510211,0,44,0,384,0,"[0,0,0,0,0,0,0,0,0,0,0,0,5,-10,4,-10,3,-8,3,-8,1,-8,1,-8,0,-8,-1,-7,-1,-8,-2,-7,-3,-7,-4,-7,-4,-7,-5,-7,-5,-6,-6,-6,-6,-6,-6,-5,-7,-6,-7,-6,-8,-5,-8,-5,-8,-5,-10,-5,-11,-5,-11,-5,0,0,-12,-6,-11,-6,-12,-6,-12,-6,-12,-7,-12,-6,-12,-7,-11,-7,-11,-7,-11,-8,-11,-8,-10,-8,-10,-8,-10,-8,-8,-8,-9,-9,-8,-8,-8,-8,-7,-8,-6,-8,-5,-8,-5,-8,-4,-8,-4,-8,-2,-8,-1,-8,0,0,0,0,0,0,0,0,0,0,0,0,0,0,45,-57,40,-56,33,-52,34,-49,24,-51,20,-44,17,-42,15,-41,13,-40,9,-36,1,-42,-4,-36,-2,-37,-10,-37,-12,-33,-18,-32,-18,-34,-23,-31,-20,-29,-30,-30,-35,-29,-35,-31,-36,-22,-41,-26,-40,-26,-49,-24,-49,-22,-49,-24,-54,-24,-60,-20,-58,-20,-59,-26,-60,-25,-61,-29,-65,-24,-65,-32,-66,-34,-60,-33,-59,-38,-59,-36,-63,-38,-55,-41,-54,-38,-55,-38,-49,-38,-48,-44,-42,-40,-40,-45,-38,-33,-34,-39,-34,-41,-35,-42,-25,-39,-25,-44,-19,-41,-14,-40,-6,-37,0,0,0,0,0,0,0,0,0,0,0,0,0,0,0,0,0,0,0,0,0,0,-53,36,-54,27,-60,28,-58,23,-61,15,-58,12,-59,6,-56,3,-56,4,-55,1,-51,-3,-48,-4,-48,-2,-47,-6,-42,-7,-34,-9,-31,-6,-25,-6,-22,-6,-16,-3,-18,-1,-14,-1,-11,3,-7,2,-2,7,3,6,7,13,6,16,11,17,12,18,13,20,17,25,21,27,21,28,27,29,27,27,29,33,35,30,33,32,40,29,38,33,47,32,48,30,50,36,48,29,62,36,59,35,61,32,63,37,65,37,62,40,71,35,63,39,69,40,66,47,67,46,70,46,0,0]"
CSI_DATA,390,1a:00:00:00:00:00,-46,11,1,0,1,1,1,0,0,0,1,-96,0,11,2,5521087,0,44,0,384,0,"[0,0,0,0,0,0,0,0,0,0,0,0,-9,-6,-9,-5,-8,-3,-8,-4,-8,-3,-7,-2,-7,-1,-7,0,-7,0,-7,0,-7,1,-7,2,-7,2,-7,3,-6,3,-6,4,-6,4,-6,5,-5,5,-6,5,-6,7,-6,7,-6,7,-5,8,-7,8,-6,9,0,0,-6,9,-7,10,-7,10,-7,10,-8,9,-8,10,-8,10,-8,9,-8,10,-9,9,-9,8,-9,7,-9,7,-9,7,-9,6,-9,6,-9,6,-8,5,-9,4,-8,3,-8,3,-8,3,-8,2,-8,1,-8,0,-7,-1,0,0,0,0,0,0,0,0,0,0,0,0,0,0,-57,-39,-51,-39,-55,-37,-51,-26,-45,-28,-46,-22,-51,-20,-42,-11,-43,-12,-37,-16,-39,-3,-36,1,-38,7,-39,5,-34,5,-28,16,-36,20,-29,22,-31,24,-26,23,-31,32,-27,31,-24,33,-27,36,-25,41,-23,46,-25,44,-23,48,-25,48,-20,54,-28,57,-29,61,-25,55,-25,60,-26,60,-31,59,-33,57,-33,59,-34,61,-39,56,-40,54,-41,53,-39,51,-45,51,-42,47,-45,48,-46,38,-45,44,-43,36,-37,31,-43,30,-45,24,-43,25,-39,17,-41,13,-38,5,-38,1,0,0,0,0,0,0,0,0,0,0,0,0,0,0,0,0,0,0,0,0,0,0,47,43,40,46,34,48,27,55,23,53,19,53,18,53,13,52,16,53,9,50,3,50,6,47,4,47,4,41,-3,35,-2,34,-1,33,-3,30,0,25,-1,19,3,11,1,9,4,6,4,2,9,-3,11,-5,12,-6,17,-8,15,-9,14,-12,19,-20,19,-19,20,-23,21,-22,22,-29,26,-34,25,-30,25,-35,23,-42,27,-43,26,-45,28,-45,28,-53,30,-55,30,-49,20,-58,25,-57,28,-61,27,-68,35,-69,29,-64,35,-75,40,-73,36,-64,42,-69,39,-71,39,-65,0,0]"
CSI_DATA,391,1a:00:00:00:00:00,-47,11,1,0,1,1,1,0,0,0,1,-96,0,11,2,5540123,0,44,0,384,0,"[0,0,0,0,0,0,0,0,0,0,0,0,8,-6,7,-7,6,-7,6,-6,4,-6,4,-7,3,-7,3,-7,2,-7,1,-7,1,-8,-1,-7,-1,-7,-2,-8,-2,-8,-3,-8,-3,-8,-4,-8,-4,-7,-5,-8,-5,-8,-6,-8,-6,-8,-7,-9,-7,-9,-8,-9,0,0,-8,-10,-7,-10,-8,-11,-8,-10,-8,-11,-8,-12,-7,-12,-7,-12,-7,-13,-6,-11,-6,-12,-5,-12,-5,-11,-4,-12,-3,-11,-3,-11,-3,-11,-3,-10,-2,-10,-2,-10,-1,-9,0,-9,1,-9,1,-9,2,-8,2,-7,0,0,0,0,0,0,0,0,0,0,0,0,0,0,62,-29,57,-27,56,-33,49,-29,45,-26,45,-29,39,-28,38,-35,23,-30,23,-36,19,-33,15,-30,14,-37,11,-35,4,-34,1,-34,-3,-38,-5,-37,-5,-42,-7,-35,-17,-40,-17,-36,-20,-38,-20,-41,-21,-43,-28,-46,-28,-45,-35,-44,-37,-49,-40,-47,-36,-44,-40,-52,-37,-47,-41,-53,-40,-50,-39,-61,-38,-59,-41,-62,-35,-61,-34,-61,-33,-60,-30,-60,-27,-65,-27,-62,-26,-60,-19,-56,-17,-62,-16,-55,-12,-57,-7,-50,-6,-55,-3,-55,0,-49,6,-45,6,-44,11,-41,12,-33,0,0,0,0,0,0,0,0,0,0,0,0,0,0,0,0,0,0,0,0,0,0,-61,18,-64,10,-58,3,-61,4,-61,-3,-61,-9,-60,-10,-55,-12,-52,-18,-51,-18,-49,-15,-43,-18,-47,-18,-34,-19,-36,-22,-30,-15,-31,-17,-21,-20,-18,-15,-16,-7,-13,-6,-13,-6,-9,-1,-5,3,-3,7,-2,8,-2,11,2,19,6,20,2,22,9,22,5,29,11,31,8,31,12,39,12,32,15,39,21,42,19,38,24,44,21,47,30,46,28,49,30,56,32,53,34,57,33,59,41,57,36,61,37,60,41,63,45,65,44,69,41,61,47,76,37,72,39,69,0,0]"
CSI_DATA,392,1a:00:00:00:00:00,-46,11,1,0,1,1,1,0,0,0,1,-96,0,11,2,5550116,0,44,0,384,0,"[0,0,0,0,0,0,0,0,0,0,0,0,8,4,9,3,8,2,8,2,8,1,7,0,7,-1,6,-1,6,-2,5,-2,6,-3,5,-4,6,-4,5,-5,5,-5,4,-7,4,-7,4,-7,4,-7,3,-8,3,-8,3,-9,3,-9,3,-10,3,-10,3,-11,0,0,2,-12,3,-12,3,-13,3,-13,3,-13,4,-13,4,-12,4,-12,4,-12,5,-11,5,-12,6,-11,6,-10,6,-11,6,-9,6,-10,6,-9,6,-8,6,-7,6,-7,6,-6,6,-6,6,-5,7,-5,6,-3,6,-3,0,0,0,0,0,0,0,0,0,0,0,0,0,0,49,40,42,44,49,42,45,34,36,34,42,32,42,24,42,22,36,16,38,12,34,8,34,3,33,-1,35,-2,35,-1,36,-9,38,-10,35,-16,36,-20,28,-23,35,-33,31,-26,31,-35,26,-35,31,-35,28,-41,27,-45,31,-48,35,-45,30,-54,28,-56,29,-58,34,-53,35,-58,31,-54,36,-63,35,-61,35,-58,37,-57,38,-55,37,-50,45,-50,46,-50,43,-49,45,-42,44,-40,45,-43,40,-40,43,-34,41,-33,39,-32,46,-30,36,-24,44,-15,40,-13,42,-8,36,1,0,0,0,0,0,0,0,0,0,0,0,0,0,0,0,0,0,0,0,0,0,0,-25,-56,-20,-63,-17,-53,-10,-62,-10,-60,-2,-57,-5,-57,1,-56,3,-55,4,-47,10,-51,12,-47,8,-45,11,-44,12,-35,15,-31,4,-28,8,-26,7,-20,3,-18,4,-10,0,-12,-1,-9,-3,-2,-7,-2,-12,0,-13,1,-18,4,-21,5,-25,10,-19,12,-25,14,-28,17,-28,22,-34,21,-31,21,-31,24,-37,32,-38,30,-40,37,-41,34,-38,39,-45,43,-37,41,-40,47,-36,53,-37,54,-43,51,-44,56,-49,54,-48,59,-44,58,-55,65,-55,55,-55,59,-53,65,-55,57,0,0]"
CSI_DATA,393,1a:00:00:00:00:00,-47,11,1,0,1,1,1,0,0,0,1,-96,0,11,2,5560290,0,44,0,384,0,"[0,0,0,0,0,0,0,0,0,0,0,0,5,8,5,7,5,6,5,6,5,5,5,4,5,3,5,2,6,2,6,1,6,1,6,0,7,0,7,-1,6,-2,7,-3,7,-3,7,-3,7,-4,7,-5,7,-4,8,-5,7,-5,8,-6,9,-6,8,-7,0,0,8,-8,9,-8,10,-8,10,-8,9,-8,10,-8,10,-8,10,-8,10,-7,11,-7,11,-6,11,-5,10,-4,10,-5,10,-3,10,-4,10,-4,9,-3,9,-2,9,-2,9,-1,8,-1,8,0,8,1,7,2,6,2,0,0,0,0,0,0,0,0,0,0,0,0,0,0,25,60,29,62,29,54,30,49,33,51,28,42,27,38,28,33,30,29,30,28,30,21,28,16,41,17,38,10,32,7,36,3,41,2,40,-7,40,-9,40,-7,45,-15,38,-17,42,-22,37,-20,38,-24,44,-29,47,-29,46,-32,48,-35,49,-36,46,-38,49,-39,53,-38,54,-43,55,-46,54,-40,53,-42,60,-43,60,-39,59,-32,61,-31,62,-34,61,-30,60,-24,61,-24,57,-25,54,-20,55,-20,49,-15,55,-10,52,-9,52,-8,51,-5,49,3,40,6,41,9,38,12,0,0,0,0,0,0,0,0,0,0,0,0,0,0,0,0,0,0,0,0,0,0,-10,-64,-2,-64,4,-68,9,-62,14,-63,14,-58,14,-53,18,-51,20,-55,24,-50,24,-46,22,-43,25,-41,23,-37,22,-27,24,-29,14,-23,14,-22,13,-15,9,-14,5,-8,3,-6,4,-7,0,-2,-4,-3,-11,-2,-13,1,-19,0,-23,3,-27,3,-26,6,-32,7,-33,3,-34,3,-38,7,-40,15,-42,10,-47,11,-49,16,-49,24,-49,23,-55,22,-55,25,-60,31,-53,28,-60,27,-61,30,-61,39,-61,41,-70,41,-64,41,-73,44,-74,40,-72,36,-75,39,-73,39,-73,36,0,0]"
CSI_DATA,394,1a:00:00:00:00:00,-47,11,1,0,1,1,1,0,0,0,1,-96,0,11,2,5570485,0,44,0,384,0,"[0,0,0,0,0,0,0,0,0,0,0,0,-7,7,-6,7,-5,7,-5,6,-4,6,-3,6,-2,6,-2,6,-1,6,0,5,0,6,1,6,2,6,2,6,2,5,3,6,4,5,4,5,4,5,6,5,6,5,6,5,7,5,8,5,8,6,8,5,0,0,9,5,10,6,10,6,10,6,9,6,9,7,9,7,9,7,9,7,8,8,9,8,7,8,7,8,6,8,6,8,6,8,5,8,5,7,5,8,4,7,3,8,3,7,2,8,1,7,0,7,-1,6,0,0,0,0,0,0,0,0,0,0,0,0,0,0,-50,48,-45,47,-40,50,-35,51,-34,42,-27,43,-29,39,-23,43,-16,38,-12,37,-5,36,-5,33,-1,38,2,35,2,33,12,37,7,31,14,32,14,32,25,31,29,39,25,29,37,29,33,29,34,28,39,28,38,25,46,27,45,29,52,29,50,25,57,31,53,30,61,30,56,32,58,37,59,34,58,37,58,43,52,39,53,43,55,42,49,45,46,46,44,47,44,46,43,45,40,42,33,42,32,42,29,41,26,42,22,42,18,42,12,44,8,39,-1,36,0,0,0,0,0,0,0,0,0,0,0,0,0,0,0,0,0,0,0,0,0,0,53,-30,59,-22,60,-19,55,-16,58,-15,55,-7,52,-7,51,-3,53,-2,47,0,49,6,47,5,43,7,41,11,33,13,31,7,32,7,23,7,19,4,19,1,12,0,9,0,4,-3,3,-4,-1,-5,-3,-9,-7,-15,-5,-21,-8,-18,-13,-20,-15,-22,-13,-27,-18,-29,-23,-29,-24,-32,-27,-33,-28,-36,-28,-36,-34,-36,-38,-34,-41,-37,-43,-39,-48,-38,-47,-40,-47,-41,-57,-31,-53,-43,-52,-37,-55,-43,-61,-46,-66,-46,-65,-47,-65,-55,-59,-49,-68,-53,-64,-55,-62,-52,0,0]"
CSI_DATA,395,1a:00:00:00:00:00,-47,11,1,0,1,1,1,0,0,0,1,-96,0,11,2,5582129,0,44,0,384,0,"[0,0,0,0,0,0,0,0,0,0,0,0,8,4,8,3,8,2,7,3,7,2,6,1,6,0,6,-1,6,-1,6,-2,5,-3,5,-3,6,-4,5,-4,5,-5,5,-6,5,-6,4,-6,4,-7,4,-7,4,-7,4,-8,4,-9,3,-9,4,-10,3,-10,0,0,4,-11,4,-12,4,-12,4,-12,5,-11,5,-12,5,-12,6,-12,6,-11,6,-11,6,-11,6,-10,6,-9,7,-9,7,-8,6,-8,7,-8,6,-7,7,-6,7,-6,7,-5,7,-5,7,-5,6,-4,6,-3,6,-2,0,0,0,0,0,0,0,0,0,0,0,0,0,0,49,46,46,42,51,38,43,35,43,33,43,30,36,26,40,20,38,19,40,13,34,3,34,2,31,4,34,-3,35,-6,36,-8,37,-16,32,-20,30,-17,34,-26,28,-28,33,-26,28,-32,26,-36,31,-35,26,-41,28,-43,30,-49,30,-50,33,-51,26,-49,29,-53,33,-54,34,-58,31,-57,40,-55,36,-57,35,-56,42,-53,42,-55,38,-50,44,-47,45,-50,42,-45,45,-42,47,-42,46,-38,44,-36,41,-31,45,-27,47,-27,44,-24,43,-23,43,-15,44,-11,38,-10,39,-2,0,0,0,0,0,0,0,0,0,0,0,0,0,0,0,0,0,0,0,0,0,0,-30,-49,-28,-54,-24,-58,-18,-57,-16,-57,-9,-58,-6,-59,-7,-55,-4,-55,-3,-49,4,-53,6,-44,4,-44,4,-41,10,-37,9,-31,4,-30,7,-26,3,-20,6,-18,-2,-11,0,-9,-8,-1,-5,-5,-9,-2,-11,2,-13,4,-16,7,-19,12,-20,13,-24,12,-27,15,-30,17,-30,22,-29,25,-33,23,-34,31,-36,27,-37,36,-36,39,-33,38,-37,39,-38,45,-39,46,-39,42,-44,52,-47,48,-39,55,-44,57,-42,64,-46,59,-46,59,-53,66,-48,63,-52,68,-48,63,-51,58,0,0]"
CSI_DATA,396,1a:00:00:00:00:00,-47,11,1,0,1,1,1,0,0,0,1,-96,0,11,2,5590139,0,44,0,384,0,"[0,0,0,0,0,0,0,0,0,0,0,0,7,-7,6,-7,5,-7,4,-7,4,-7,4,-7,2,-7,2,-7,1,-8,0,-7,0,-8,0,-7,-1,-7,-2,-8,-3,-7,-3,-8,-4,-7,-4,-7,-4,-7,-5,-7,-5,-7,-6,-7,-6,-8,-8,-8,-8,-8,-8,-8,0,0,-8,-9,-9,-9,-9,-10,-9,-10,-8,-10,-9,-10,-8,-10,-8,-10,-8,-11,-7,-11,-7,-11,-6,-12,-5,-11,-5,-11,-5,-11,-4,-11,-4,-10,-4,-10,-3,-10,-3,-10,-2,-9,-1,-9,-1,-9,0,-8,1,-8,1,-7,0,0,0,0,0,0,0,0,0,0,0,0,0,0,54,-41,55,-38,48,-39,41,-36,42,-39,35,-32,37,-35,28,-35,24,-31,17,-30,13,-37,9,-31,8,-37,5,-38,5,-35,-5,-39,-7,-40,-12,-35,-12,-35,-18,-33,-19,-36,-22,-40,-24,-33,-29,-36,-30,-32,-34,-37,-38,-42,-36,-38,-41,-41,-46,-43,-42,-45,-44,-47,-49,-44,-48,-44,-51,-46,-44,-51,-47,-53,-43,-52,-44,-53,-42,-56,-44,-58,-38,-56,-32,-57,-33,-55,-31,-53,-30,-57,-26,-51,-26,-54,-19,-49,-18,-49,-14,-46,-12,-51,-6,-42,-2,-43,2,-45,2,-39,7,-36,0,0,0,0,0,0,0,0,0,0,0,0,0,0,0,0,0,0,0,0,0,0,-57,27,-59,19,-60,16,-61,14,-60,4,-56,2,-54,-1,-51,0,-52,-5,-52,-6,-50,-8,-41,-12,-43,-13,-40,-14,-35,-14,-33,-11,-28,-12,-21,-13,-17,-7,-13,-8,-11,-7,-8,-2,-8,2,-5,7,-1,9,2,15,2,14,4,15,6,21,12,23,9,23,12,28,12,28,16,30,18,35,21,34,22,37,28,39,26,39,31,41,33,44,42,44,39,42,36,48,38,45,51,43,46,45,52,47,49,50,50,54,50,56,54,56,54,64,56,58,50,68,50,59,53,64,0,0]"
CSI_DATA,397,1a:00:00:00:00:00,-46,11,1,0,1,1,1,0,0,0,1,-96,0,11,2,5600141,0,44,0,384,0,"[0,0,0,0,0,0,0,0,0,0,0,0,9,4,8,3,8,2,7,2,8,1,7,1,7,-1,6,-1,6,-1,6,-2,6,-3,5,-4,5,-3,5,-5,5,-4,4,-6,4,-6,4,-7,4,-7,4,-8,4,-8,3,-9,3,-9,3,-10,3,-11,3,-11,0,0,2,-12,3,-12,3,-12,3,-13,4,-12,4,-12,4,-13,4,-12,5,-12,5,-12,5,-11,6,-11,6,-10,6,-10,6,-9,6,-9,6,-9,6,-8,6,-8,6,-7,6,-6,7,-6,7,-5,6,-4,6,-3,6,-2,0,0,0,0,0,0,0,0,0,0,0,0,0,0,61,40,53,34,56,28,56,25,46,23,42,22,43,14,42,13,38,11,40,8,36,-1,36,-4,34,-11,34,-11,34,-10,29,-17,33,-23,25,-25,27,-26,26,-26,28,-32,25,-36,21,-41,20,-41,21,-38,18,-46,17,-45,22,-51,20,-54,17,-58,22,-55,20,-64,19,-60,20,-62,13,-60,26,-65,22,-62,20,-68,28,-69,26,-62,28,-59,33,-57,36,-58,37,-56,31,-54,31,-54,40,-47,37,-46,35,-37,31,-38,35,-35,33,-37,35,-31,37,-23,39,-20,34,-16,34,-10,0,0,0,0,0,0,0,0,0,0,0,0,0,0,0,0,0,0,0,0,0,0,-36,-47,-32,-51,-26,-53,-25,-58,-22,-54,-15,-56,-14,-54,-11,-56,-10,-54,-4,-52,-1,-51,-2,-47,0,-44,4,-41,5,-38,5,-33,4,-29,-1,-27,2,-19,2,-17,-3,-13,-2,-11,0,-3,-7,-5,-10,0,-9,5,-18,9,-21,12,-18,15,-16,13,-18,16,-27,20,-25,24,-25,27,-26,29,-26,32,-30,33,-28,33,-28,38,-34,38,-35,41,-28,44,-34,50,-32,54,-30,55,-33,54,-30,56,-24,64,-28,67,-38,70,-38,68,-39,73,-39,68,-38,68,-47,71,-45,71,-40,70,0,0]"
CSI_DATA,398,1a:00:00:00:00:00,-47,11,1,0,1,1,1,0,0,0,1,-96,0,11,2,5610516,0,44,0,384,0,"[0,0,0,0,0,0,0,0,0,0,0,0,3,9,3,8,4,8,4,7,4,6,4,5,4,4,5,4,5,3,5,3,6,2,6,1,6,1,7,1,7,0,7,-1,7,-1,7,-1,7,-3,8,-3,8,-3,8,-3,8,-4,9,-5,9,-4,9,-5,0,0,9,-5,11,-5,11,-6,11,-6,11,-5,11,-5,12,-5,11,-4,12,-4,12,-4,12,-3,11,-3,11,-3,11,-2,11,-2,11,-1,10,-1,10,-1,9,0,9,0,9,2,8,1,7,2,7,2,6,3,5,3,0,0,0,0,0,0,0,0,0,0,0,0,0,0,18,72,16,63,18,61,16,58,19,50,19,50,18,41,21,36,24,30,27,31,31,23,26,24,30,20,30,16,28,16,36,9,38,8,39,6,35,5,40,-3,40,-8,43,-11,38,-15,40,-21,40,-18,43,-20,47,-23,48,-27,50,-28,51,-30,51,-26,52,-36,51,-33,56,-35,60,-34,59,-35,59,-34,61,-34,62,-32,62,-31,67,-26,64,-20,60,-15,58,-19,57,-19,64,-17,58,-14,62,-11,53,-8,48,-6,52,-4,51,-4,50,0,45,5,42,13,36,17,36,22,0,0,0,0,0,0,0,0,0,0,0,0,0,0,0,0,0,0,0,0,0,0,2,-64,7,-59,14,-63,19,-56,20,-57,23,-53,17,-52,27,-48,27,-51,31,-42,34,-40,28,-37,30,-33,29,-33,27,-26,25,-24,23,-23,21,-19,17,-13,9,-9,7,-9,3,-9,2,-10,-6,-8,-9,-6,-11,-2,-16,-4,-21,-1,-18,-5,-25,-3,-28,0,-32,3,-35,4,-36,4,-39,0,-43,6,-42,10,-49,10,-51,9,-52,10,-54,13,-57,18,-60,13,-67,19,-62,22,-63,29,-64,24,-71,28,-67,32,-72,28,-75,22,-82,29,-82,26,-74,27,-83,27,-80,28,-78,21,0,0]"
CSI_DATA,399,1a:00:00:00:00:00,-47,11,1,0,1,1,1,0,0,0,1,-96,0,11,2,5620592,0,44,0,384,0,"[0,0,0,0,0,0,0,0,0,0,0,0,1,-10,0,-10,-1,-9,-1,-9,-1,-8,-2,-8,-3,-8,-3,-7,-3,-6,-5,-5,-5,-6,-5,-5,-6,-5,-6,-3,-7,-4,-7,-4,-7,-3,-7,-3,-8,-1,-9,-2,-9,-2,-9,-1,-9,-1,-10,0,-11,-1,-11,0,0,0,-12,0,-12,-1,-13,0,-13,0,-13,-1,-13,-1,-13,-1,-13,-1,-13,-2,-13,-2,-13,-3,-12,-3,-11,-4,-12,-3,-11,-4,-11,-4,-10,-4,-10,-4,-9,-5,-9,-4,-8,-5,-8,-5,-7,-6,-6,-6,-5,-7,-4,-6,0,0,0,0,0,0,0,0,0,0,0,0,0,0,21,-66,20,-66,13,-63,15,-57,11,-56,5,-46,4,-50,3,-48,-6,-37,-9,-38,-9,-42,-12,-32,-15,-36,-18,-28,-20,-31,-25,-26,-26,-22,-27,-22,-29,-18,-35,-18,-40,-17,-39,-17,-41,-9,-45,-11,-42,-13,-50,-8,-49,-7,-54,-6,-54,-8,-62,-3,-59,-7,-57,-6,-58,-6,-68,-8,-68,-5,-63,-8,-65,-11,-63,-11,-68,-15,-71,-13,-66,-17,-68,-15,-62,-20,-59,-20,-55,-24,-61,-28,-51,-26,-48,-29,-50,-26,-43,-27,-43,-30,-38,-31,-36,-30,-33,-36,-27,-34,-27,-34,-21,-33,0,0,0,0,0,0,0,0,0,0,0,0,0,0,0,0,0,0,0,0,0,0,-28,53,-33,47,-39,50,-38,42,-43,41,-39,34,-42,32,-45,25,-46,30,-43,27,-47,22,-42,18,-41,21,-37,18,-32,6,-31,10,-25,7,-25,8,-18,5,-16,5,-12,5,-8,2,-2,4,0,8,0,5,12,8,12,9,19,11,17,10,18,14,25,10,27,10,28,9,30,13,36,15,36,16,41,16,43,12,44,11,50,7,50,11,54,13,56,15,61,12,58,10,71,6,64,10,68,10,70,7,77,11,72,9,78,8,79,13,83,12,80,16,76,14,79,21,0,0]"
CSI_DATA,400,1a:00:00:00:00:00,-47,11,1,0,1,1,1,0,0,0,1,-96,0,11,2,5633246,0,44,0,384,0,"[0,0,0,0,0,0,0,0,0,0,0,0,1,-11,1,-10,1,-9,-1,-9,-2,-8,-1,-7,-2,-8,-3,-7,-3,-7,-4,-6,-4,-6,-5,-5,-5,-4,-6,-4,-6,-4,-7,-4,-7,-3,-8,-3,-8,-3,-9,-2,-9,-2,-10,-1,-9,-1,-11,-1,-11,0,-11,-1,0,0,-12,0,-12,0,-13,0,-13,0,-13,-1,-13,-1,-13,-1,-13,-1,-13,-2,-13,-2,-13,-2,-12,-3,-12,-3,-11,-3,-11,-4,-11,-4,-10,-4,-10,-4,-10,-5,-9,-5,-9,-5,-8,-5,-7,-6,-6,-6,-6,-6,-4,-6,0,0,0,0,0,0,0,0,0,0,0,0,0,0,16,-69,15,-56,12,-63,9,-62,4,-60,8,-50,-6,-49,-5,-46,-8,-41,-3,-37,-12,-38,-14,-35,-18,-30,-22,-31,-26,-26,-24,-21,-30,-26,-30,-22,-33,-19,-37,-15,-42,-13,-37,-16,-44,-6,-38,-6,-45,-5,-48,-2,-54,-3,-55,2,-53,3,-56,5,-57,6,-59,5,-60,-4,-64,6,-65,3,-66,-2,-71,-2,-67,-4,-71,-4,-65,-6,-67,-6,-66,-8,-64,-9,-62,-11,-58,-13,-60,-13,-55,-16,-54,-17,-54,-19,-50,-20,-46,-18,-45,-21,-39,-20,-37,-29,-33,-29,-27,-26,-21,-28,0,0,0,0,0,0,0,0,0,0,0,0,0,0,0,0,0,0,0,0,0,0,-33,54,-39,44,-39,41,-45,42,-48,35,-45,32,-46,28,-45,25,-47,24,-43,24,-44,19,-45,16,-40,14,-41,12,-34,9,-31,9,-26,7,-26,3,-18,8,-17,4,-12,2,-6,4,-6,6,1,9,9,6,9,8,10,9,13,9,16,10,20,12,22,13,31,16,30,16,32,14,34,9,38,14,40,16,42,11,43,14,47,9,50,9,57,9,60,9,60,11,61,9,64,3,62,9,70,6,69,5,74,5,77,7,81,7,84,11,79,13,85,17,78,10,76,14,0,0]"
CSI_DATA,401,1a:00:00:00:00:00,-47,11,1,0,1,1,1,0,0,0,1,-96,0,11,2,5671064,0,44,0,384,0,"[0,0,0,0,0,0,0,0,0,0,0,0,9,3,9,2,8,1,8,1,7,0,7,-1,6,-1,6,-2,6,-3,5,-2,5,-3,5,-5,4,-4,4,-4,4,-5,4,-7,3,-7,3,-7,2,-7,2,-8,2,-8,2,-9,2,-9,2,-11,2,-11,1,-11,0,0,1,-12,2,-12,2,-13,2,-13,2,-13,3,-13,2,-13,2,-12,3,-13,4,-12,5,-12,5,-11,5,-11,5,-11,5,-10,5,-10,5,-10,5,-9,5,-9,5,-7,6,-7,6,-6,6,-6,6,-5,6,-4,6,-3,0,0,0,0,0,0,0,0,0,0,0,0,0,0,66,29,63,25,60,21,55,17,52,15,44,13,45,8,46,5,38,-2,41,0,38,-4,35,-10,33,-15,34,-15,27,-18,26,-21,27,-30,22,-27,23,-30,19,-34,20,-40,16,-32,12,-42,11,-44,12,-45,11,-50,9,-49,10,-56,8,-53,5,-60,8,-59,3,-63,7,-61,7,-65,5,-64,9,-71,11,-70,9,-70,17,-67,15,-65,16,-64,18,-66,23,-63,23,-63,24,-62,23,-62,29,-58,23,-54,28,-49,26,-47,32,-41,31,-41,32,-37,36,-34,34,-30,32,-24,32,-18,0,0,0,0,0,0,0,0,0,0,0,0,0,0,0,0,0,0,0,0,0,0,-43,-41,-44,-46,-37,-48,-37,-51,-28,-48,-24,-52,-20,-52,-16,-47,-19,-53,-20,-50,-13,-51,-13,-45,-10,-47,-8,-39,-3,-34,-7,-35,-6,-35,-3,-21,1,-25,-3,-18,-6,-14,-9,-9,-6,-2,-7,3,-7,4,-11,9,-13,9,-14,15,-17,16,-19,21,-16,19,-24,26,-25,27,-23,32,-25,36,-21,35,-25,37,-21,41,-21,43,-21,50,-22,51,-21,51,-25,60,-20,61,-22,58,-28,68,-24,68,-21,67,-21,69,-23,77,-18,74,-24,80,-28,82,-25,78,-28,82,-27,78,-33,79,0,0]"
CSI_DATA,402,1a:00:00:00:00:00,-47,11,1,0,1,1,1,0,0,0,1,-96,0,11,2,5690125,0,44,0,384,0,"[0,0,0,0,0,0,0,0,0,0,0,0,-10,3,-10,3,-9,3,-8,3,-7,3,-7,4,-6,5,-5,5,-5,5,-4,5,-4,6,-3,6,-3,6,-1,6,-1,6,0,7,1,7,1,7,1,7,2,7,2,8,4,8,3,8,4,9,4,9,5,9,0,0,5,10,5,11,5,11,5,10,5,11,5,11,5,11,4,11,4,11,4,11,3,12,2,11,2,11,1,11,1,11,2,11,1,10,1,10,0,10,0,9,-1,9,-2,8,-2,8,-3,7,-4,6,-4,5,0,0,0,0,0,0,0,0,0,0,0,0,0,0,-66,13,-64,7,-60,15,-51,19,-50,13,-48,12,-47,18,-42,22,-38,19,-30,19,-30,25,-24,26,-21,27,-22,31,-14,31,-13,31,-12,37,-5,36,-9,34,0,36,2,40,5,39,6,40,10,42,13,40,17,47,18,51,19,55,21,49,22,52,19,54,23,54,22,55,27,59,28,58,27,60,26,65,29,59,19,63,20,62,17,61,11,64,10,63,8,66,7,60,12,62,5,56,3,55,-3,52,-1,51,-1,48,-8,46,-6,48,-14,44,-15,41,-19,33,-21,28,0,0,0,0,0,0,0,0,0,0,0,0,0,0,0,0,0,0,0,0,0,0,63,3,58,13,52,10,56,17,52,21,47,27,46,19,46,29,45,25,37,28,35,37,27,28,30,30,30,30,22,24,20,24,17,18,15,16,17,13,13,11,7,3,7,0,7,-1,5,-7,10,-9,10,-14,4,-13,3,-17,6,-22,4,-31,0,-32,0,-33,1,-35,-4,-39,-6,-40,-8,-38,-4,-43,-2,-49,-7,-48,-7,-47,-11,-53,-15,-51,-13,-57,-22,-65,-14,-60,-18,-60,-19,-64,-20,-66,-24,-65,-19,-72,-23,-76,-24,-77,-22,-82,-24,-77,-18,-84,-22,-83,-18,-83,0,0]"
