12.20656,12.20656,11.6619,12.20656,12.52996,12.52996,12.52996,12.52996,12.08305,12.08305,13.0,12.64911,12.64911,12.64911,12.64911,12.36932,13.60147,12.64911,13.34166,13.34166,12.36932,13.34166,12.36932,13.34166,12.36932,13.34166,12.36932,12.64911,12.64911,11.7047,10.77033,10.77033,10.77033,10.29563,10.29563,9.84886,8.94427,8.60233,8.60233,7.2111,7.81025,6.40312,6.40312,5.65685,5.65685,5.65685,5.0,4.47214,3.60555,3.16228,3.16228,2.23607,59.36329,67.41662,59.03389,63.25346,68.62215,65.19202,68.68042,66.8431,67.94115,65.79514,70.17834,67.20863,68.41053,70.17834,67.62396,69.06519,72.42237,65.80274,64.89992,69.77822,66.88797,70.21396,69.11584,62.76942,66.85058,70.17834,71.19691,67.97794,71.19691,69.31811,65.19202,65.73431,63.51378,66.37017,68.50547,62.36986,60.60528,59.20304,57.62812,54.03702,55.22681,50.20956,50.9902,43.84062,44.10215,39.20459,39.96248,35.51056,32.20248,28.23119,27.89265,24.59675,23.5372,20.61553,22.36068,18.43909,16.03122,30.41381,35.51056,36.89173,38.28838,40.31129,36.79674,38.01316,38.60052,40.81666,40.49691,37.21559,40.0,41.59327,40.31129,39.35734,44.41846,39.35734,38.01316,34.9285,41.62932,38.07887,35.51056,34.1321,36.71512,34.82815,34.20526,37.48333,30.41381,33.24154,35.80503,36.23534,35.0,36.89173,40.24922,38.94868,37.94733,35.8469,43.17407,35.4683,41.7732,41.10961,44.28318,41.10961,48.04165,44.28318,46.0,46.0,49.25444,54.91812,53.93515,48.27007,53.16014,53.75872,52.0,56.79789,52.7731,59.5399
11.7047,12.08305,12.64911,13.0,12.08305,12.52996,13.41641,12.52996,12.52996,13.0384,13.0384,13.0384,13.0384,13.0384,12.80625,13.60147,12.80625,12.04159,13.45362,12.80625,13.45362,12.04159,13.45362,13.45362,13.45362,13.45362,12.80625,12.80625,12.80625,12.20656,12.20656,12.20656,10.81665,10.81665,10.29563,9.84886,8.94427,8.544,8.544,7.28011,7.28011,7.28011,6.08276,6.08276,5.09902,5.0,4.0,4.0,3.0,3.0,2.23607,2.23607,65.27634,70.02857,68.46897,61.81424,65.49046,67.08204,65.51336,72.56721,67.18631,68.41053,71.56815,59.46427,65.9242,66.09841,69.89278,69.46222,75.15318,68.44706,71.55418,68.02941,69.35416,67.53518,70.3278,67.54258,65.36819,69.64194,69.64194,68.96376,68.09552,69.83552,66.37017,68.8767,69.77105,65.29931,63.95311,64.2573,63.69458,58.87274,56.30275,54.57105,54.81788,50.44799,48.05206,44.28318,44.55334,39.11521,37.05401,37.01351,34.1321,32.01562,28.86174,24.33105,25.0,21.54066,18.97367,22.67157,20.61553,34.20526,37.44329,35.34119,39.92493,37.0,36.49658,40.79216,41.59327,43.10452,44.18144,39.05125,43.0,44.04543,42.0119,40.04997,38.0526,41.30375,39.0,43.01163,37.01351,39.01282,38.0,37.12142,37.33631,39.31921,39.20459,35.17101,40.5216,38.32754,39.56008,37.12142,46.95743,41.18252,47.16991,40.49691,35.60899,39.20459,42.44997,45.25483,46.69047,45.0,47.20169,45.27693,45.79301,46.14109,57.3062,48.76474,48.10405,53.22593,50.15974,55.36244,52.63079,56.29387,52.95281,55.57877,53.23533,63.00794
12.80625,12.72792,12.80625,12.80625,12.80625,13.0384,13.60147,13.0384,13.0384,13.0384,13.0384,12.52996,13.41641,13.41641,13.41641,13.41641,13.0,13.0,13.0,13.0,13.0,13.0,13.0,13.0,13.0,13.0,13.0,13.0,12.52996,12.52996,11.6619,11.6619,10.81665,10.81665,10.0,10.0,10.0,9.21954,8.48528,8.48528,7.81025,7.81025,7.2111,5.83095,5.83095,5.38516,5.38516,4.47214,4.47214,4.12311,4.12311,3.0,67.95587,65.06919,69.02898,61.55485,71.50524,70.29225,69.52697,69.31089,69.35416,65.76473,68.0147,71.06335,73.40981,69.63476,67.80118,69.02898,72.20111,65.73431,71.02112,69.46222,69.89278,72.56032,69.77822,71.19691,68.54196,76.48529,69.97142,68.60029,70.83078,74.68601,73.24616,69.89278,67.1193,64.89992,62.1289,66.21933,64.2028,61.40033,60.44005,57.31492,55.22681,51.66237,47.80167,47.01064,48.25971,40.31129,36.05551,35.51056,38.62642,34.17601,28.79236,29.83287,25.70992,24.5153,21.0,17.11724,15.29706,34.78505,37.64306,38.07887,39.82462,32.80244,35.4683,40.60788,36.87818,41.72529,40.31129,43.86342,41.7732,41.23106,42.2019,37.64306,40.49691,38.27532,39.05125,34.05877,41.23106,37.48333,38.8973,38.20995,37.80212,34.65545,40.36087,32.52691,37.64306,35.22783,38.07887,38.01316,39.92493,34.9285,34.17601,41.76123,41.0,31.257,40.60788,38.63936,45.09989,46.09772,46.52956,45.54119,52.34501,47.0,46.48656,50.44799,50.0,50.28916,55.36244,53.14132,56.30275,54.23099,55.9464,57.80138,62.76942,63.24555
12.04159,11.31371,12.04159,12.04159,12.72792,11.31371,12.80625,12.80625,12.80625,12.80625,12.20656,12.20656,12.20656,12.20656,11.6619,12.52996,12.52996,12.52996,12.08305,12.52996,12.52996,12.52996,12.52996,12.52996,12.52996,12.52996,12.08305,11.6619,10.81665,11.6619,10.81665,10.81665,10.0,10.63015,9.89949,9.89949,9.21954,9.21954,7.81025,7.81025,7.2111,7.2111,6.7082,5.38516,5.38516,5.38516,5.09902,5.09902,4.0,4.0,3.0,3.0,64.2028,67.80118,68.24954,69.02898,71.06335,67.26812,68.0147,68.11755,73.5527,69.35416,66.46804,70.29225,67.00746,69.6563,69.2026,69.40461,69.02898,66.85058,68.00735,71.02112,69.35416,69.46222,69.97142,68.09552,64.14047,67.1193,69.77105,71.02112,72.20111,71.55418,64.00781,66.88797,66.57327,62.68174,62.80127,67.00746,61.22091,59.81639,55.9017,55.9017,53.03772,50.93133,54.67175,48.60041,47.70744,41.18252,37.73592,38.47077,32.69557,30.8707,22.47221,30.08322,24.18677,19.23538,18.11077,15.0,15.81139,33.83785,35.34119,37.12142,40.70626,38.28838,43.18565,39.69887,41.72529,36.79674,41.86884,41.7732,43.41659,40.0,41.40048,38.60052,38.41875,37.80212,37.21559,38.28838,46.32494,40.31129,37.48333,33.97058,37.20215,37.80212,36.12478,37.64306,36.35932,40.22437,40.49691,40.31129,35.77709,41.14608,42.37924,40.8534,38.60052,44.91102,43.73786,42.42641,44.28318,44.72136,45.0,46.27094,54.08327,51.0392,43.9659,45.88028,54.81788,53.15073,53.16014,54.70832,56.46238,50.56679,53.22593,61.7171,61.05735,60.74537
12.20656,12.20656,12.20656,12.20656,12.80625,12.80625,12.72792,11.31371,12.04159,12.72792,12.72792,12.80625,12.04159,12.80625,12.20656,12.20656,13.0384,11.40175,12.52996,11.6619,11.6619,11.6619,11.6619,12.52996,13.0384,13.0384,12.52996,12.20656,12.20656,10.81665,11.40175,11.40175,10.63015,10.0,9.89949,9.89949,9.21954,8.60233,8.60233,7.2111,7.2111,7.2111,6.7082,6.7082,5.38516,5.38516,5.09902,5.09902,5.0,4.0,4.0,3.16228,65.76473,67.97794,70.68239,62.96825,63.60031,71.84706,68.7968,71.84706,66.61081,68.76772,65.11528,70.00714,68.593,66.48308,65.06919,68.24954,68.0147,68.60029,71.06335,65.21503,70.72482,67.42403,72.94518,67.74216,70.49113,69.11584,64.14047,74.94665,71.02112,69.46222,63.63175,71.02112,65.73431,63.81222,62.20129,64.81512,62.62587,57.00877,62.28965,55.9017,52.34501,50.93133,50.0,46.40043,42.0119,40.22437,42.43819,37.20215,30.88689,35.77709,30.36445,26.92582,27.89265,20.61553,20.0,16.0,15.0333,34.1321,32.80244,36.06938,39.05125,33.6006,41.67733,39.96248,38.94868,39.35734,37.69615,39.81206,39.84972,38.91015,44.38468,39.84972,38.32754,39.39543,34.53983,37.94733,40.31129,34.48188,39.81206,35.22783,34.43835,40.24922,38.28838,35.60899,32.20248,36.61967,36.12478,36.23534,40.60788,41.40048,40.49691,41.04875,38.94868,39.56008,41.4367,41.10961,44.38468,45.88028,41.04875,49.64877,48.04165,47.0,48.50773,53.08484,54.23099,49.16299,53.08484,51.47815,52.88667,61.13101,57.28001,57.00877,67.05222,61.09828
11.40175,10.77033,11.7047,11.7047,12.08305,11.18034,11.18034,11.18034,11.6619,11.6619,11.6619,11.6619,11.40175,11.40175,11.40175,11.40175,12.04159,11.40175,12.04159,12.04159,12.04159,12.04159,11.40175,11.31371,11.40175,11.40175,11.40175,11.40175,11.40175,10.81665,10.81665,10.29563,10.29563,10.29563,9.84886,9.48683,8.544,7.61577,7.28011,7.28011,7.07107,6.08276,6.08276,5.0,5.09902,5.09902,4.12311,4.12311,3.16228,3.60555,2.82843,2.82843,63.89053,62.96825,68.15424,64.84597,69.31811,63.50591,65.76473,64.49806,63.13478,65.8635,68.8186,66.4003,65.21503,68.24954,67.20119,69.52697,66.06815,65.11528,63.41136,67.89698,72.13876,67.88225,65.76473,66.48308,69.42622,70.43437,70.76722,69.31089,67.88225,68.593,65.76473,67.89698,70.00714,65.76473,66.46804,63.03174,63.03174,58.79626,57.68882,57.45433,54.3783,53.22593,47.92703,45.18849,41.62932,40.8534,39.21734,34.9285,33.24154,32.98485,32.38827,29.01724,24.02082,23.08679,20.61553,14.86607,17.49286,36.87818,34.65545,41.10961,37.80212,42.43819,40.31129,41.34005,40.70626,40.24922,40.49691,42.37924,43.41659,42.72002,42.95346,40.02499,39.56008,38.27532,43.01163,39.21734,39.92493,41.4367,40.49691,40.81666,36.24914,38.91015,41.59327,34.98571,36.61967,36.87818,41.72529,40.31129,37.53665,39.82462,42.2019,43.01163,40.31129,42.48529,43.04649,42.19005,45.18849,42.72002,47.12749,44.92215,49.24429,48.50773,48.05206,49.36598,56.0357,50.03998,53.15073,51.08816,56.00893,56.32051,57.55867,61.03278,61.0,57.72348
12.20656,12.80625,12.04159,12.04159,12.04159,12.04159,12.04159,12.04159,12.04159,12.04159,12.04159,12.80625,11.40175,12.20656,12.20656,13.0384,11.6619,12.20656,12.52996,12.52996,11.6619,12.52996,12.52996,12.52996,11.6619,11.6619,11.6619,12.20656,11.40175,12.20656,10.63015,10.81665,10.63015,10.63015,9.89949,9.89949,9.21954,8.60233,8.60233,8.06226,7.2111,6.7082,6.7082,5.83095,5.38516,5.09902,5.09902,5.0,4.0,4.0,4.12311,3.16228,64.4748,66.21178,66.85058,68.26419,67.20119,65.43699,66.21933,70.21396,65.0,65.29931,66.52819,65.8559,69.35416,68.62215,71.44928,67.62396,71.50524,69.40461,72.00694,71.40028,69.89278,69.89278,68.60029,70.3278,64.41273,69.97142,67.1193,71.58911,66.28725,68.7968,68.24222,68.7968,64.07027,69.06519,68.24222,63.41136,60.60528,59.03389,60.959,58.89822,54.45181,52.40229,47.80167,45.0,44.20407,40.80441,41.18252,39.81206,34.53983,32.20248,29.83287,27.65863,25.4951,21.2132,20.02498,18.02776,17.11724,31.62278,35.4683,34.71311,38.94868,37.80212,39.40812,42.54409,36.23534,38.91015,40.16217,39.35734,39.39543,42.54409,42.05948,39.39543,39.92493,42.37924,37.16181,38.48376,38.60052,39.82462,37.12142,35.77709,39.44617,35.8469,36.61967,36.87818,38.8973,35.38361,36.06938,38.20995,43.27817,39.82462,40.22437,41.59327,37.57659,49.76947,43.08132,41.62932,45.88028,44.14748,46.32494,48.37355,49.81967,49.25444,55.3263,52.00961,52.34501,50.15974,52.15362,56.32051,51.62364,51.1957,57.00877,57.87055,57.77543,59.23681
11.18034,11.18034,11.04536,12.16553,11.04536,11.04536,11.04536,12.0,12.0,12.0,11.0,12.04159,12.04159,12.16553,12.16553,12.16553,12.16553,12.16553,12.36932,12.36932,12.36932,12.36932,11.40175,12.36932,12.36932,12.16553,12.36932,11.18034,12.16553,11.04536,11.04536,11.04536,10.04988,10.04988,9.0,9.0,9.05539,9.05539,8.06226,7.07107,7.28011,6.32456,6.08276,5.38516,5.38516,3.60555,4.47214,3.60555,3.60555,2.82843,2.23607,2.23607,61.32699,62.93648,63.24555,70.21396,62.0967,65.52099,62.8172,70.21396,66.4906,63.63961,67.47592,66.28725,66.18912,65.12296,65.49046,70.00714,69.26038,66.75328,70.45566,65.27634,70.45566,68.46897,71.70077,69.05071,70.21396,68.88396,67.60178,71.38627,66.09841,69.72087,69.63476,69.2315,65.37584,65.62012,65.27634,62.514,63.03174,62.03225,58.03447,56.0,54.03702,52.46904,53.23533,46.17359,44.55334,38.32754,41.4367,34.78505,34.0,32.64966,28.6531,20.80865,25.0,22.02272,16.40122,16.97056,13.60147,32.0,32.38827,34.9285,38.83298,37.0,39.81206,41.59327,39.81206,40.31129,40.31129,42.05948,40.0,42.43819,42.05948,44.10215,37.20215,37.80212,39.11521,45.65085,39.39543,38.83298,41.6173,34.88553,40.71855,39.84972,38.8973,34.53983,38.60052,41.19466,38.20995,36.67424,45.27693,41.04875,42.04759,43.18565,44.04543,37.65634,45.88028,43.9659,45.18849,48.38388,42.54409,48.76474,51.97115,50.11986,52.83938,49.67897,52.47857,52.63079,52.40229,51.08816,54.48853,53.41348,50.0,56.0357,62.96825,60.74537
12.64911,12.64911,13.0,13.0,13.0,13.0,13.41641,13.41641,13.41641,13.0384,13.89244,13.60147,13.0384,13.60147,13.0384,13.60147,13.60147,13.60147,13.45362,13.60147,12.80625,13.60147,14.21267,13.45362,13.45362,14.21267,13.60147,12.80625,12.80625,13.0384,11.6619,11.6619,11.6619,11.18034,11.18034,10.29563,10.77033,8.94427,9.48683,8.544,8.24621,7.28011,7.07107,7.07107,6.08276,5.0,5.0,5.0,4.0,4.0,3.16228,3.16228,60.87693,63.95311,67.18631,64.28841,68.96376,64.53681,67.6757,65.80274,65.78754,68.70953,71.51224,70.77429,70.38466,72.00694,69.46222,66.7308,72.11103,69.97142,70.49113,70.49113,71.34424,71.61006,70.43437,72.20111,71.02816,66.0303,67.80118,69.6563,70.17834,71.8401,69.06519,75.16648,68.00735,67.95587,68.26419,63.28507,59.5063,63.56099,61.68468,57.87055,55.15433,52.49762,50.28916,48.05206,43.93177,47.38143,39.45884,35.01428,34.0147,29.15476,28.16026,30.59412,24.08319,24.04163,20.59126,19.23538,19.20937,29.69848,36.06938,36.05551,37.20215,39.96248,39.21734,41.62932,39.56008,45.35416,44.38468,44.14748,44.14748,38.83298,40.26164,38.83298,41.48494,39.81206,37.85499,39.62323,41.19466,32.24903,39.29377,40.80441,38.07887,36.87818,37.0,37.33631,40.31129,38.58756,36.23534,41.18252,34.88553,40.45986,36.79674,37.53665,43.93177,41.86884,41.72529,39.96248,35.4683,43.26662,42.72002,50.9902,45.69464,48.70318,51.41984,49.64877,48.76474,53.60037,50.69517,56.4358,53.46027,55.03635,55.3263,54.08327,59.13544,58.54912
12.08305,13.41641,12.52996,13.0384,13.89244,12.52996,13.0384,13.0384,13.60147,13.60147,13.60147,12.80625,12.80625,13.45362,13.45362,13.45362,12.72792,14.14214,13.45362,13.45362,13.45362,12.72792,13.45362,12.72792,12.72792,12.72792,12.72792,12.72792,12.72792,12.04159,12.04159,11.40175,11.40175,11.40175,10.29563,10.81665,10.29563,8.94427,8.544,8.06226,7.61577,7.28011,7.61577,6.32456,6.08276,5.09902,5.09902,4.12311,4.0,4.0,4.0,3.16228,64.32729,71.8401,66.40783,69.89278,63.32456,68.35203,62.6099,69.35416,69.31811,69.46222,70.68239,68.96376,70.71068,68.0,69.64194,69.64194,69.06519,72.11103,66.28725,77.00649,70.17834,67.00746,68.76772,74.02702,65.60488,68.24954,66.70832,79.9062,68.62215,69.6563,68.41053,70.0,68.00735,66.8431,67.6757,66.24198,59.94164,59.94164,56.35601,54.626,53.7122,49.33559,51.66237,48.10405,46.09772,38.83298,37.21559,37.10795,40.04997,31.257,31.14482,26.92582,24.08319,19.92486,20.09975,18.38478,16.15549,32.64966,32.64966,39.62323,37.21559,39.66106,39.44617,38.48376,40.49691,43.01163,40.80441,41.10961,43.01163,41.23106,38.60052,36.40055,39.31921,38.27532,38.83298,37.33631,37.94733,35.17101,37.0,37.10795,35.4683,37.10795,36.67424,37.57659,41.14608,36.05551,37.20215,39.69887,35.38361,41.6173,40.31129,38.94868,42.0119,41.40048,40.49691,35.60899,46.61545,44.38468,43.46263,51.88449,44.64303,44.01136,52.17279,51.62364,50.48762,49.49747,52.03845,49.0408,54.00926,52.15362,49.09175,58.69412,55.3263,63.56099
12.20656,12.20656,11.6619,12.20656,11.6619,12.52996,12.52996,12.52996,12.52996,12.08305,13.0,13.0,13.0,12.64911,11.7047,12.64911,12.36932,12.36932,12.36932,12.36932,12.36932,12.36932,12.36932,12.36932,12.36932,12.64911,12.36932,11.7047,11.7047,12.36932,10.77033,10.77033,10.29563,9.84886,10.29563,8.94427,9.43398,8.60233,8.60233,7.81025,7.07107,7.07107,6.40312,6.40312,5.0,5.0,5.38516,4.47214,4.12311,4.12311,3.16228,3.0,61.52235,65.76473,64.53681,70.0,65.45991,69.97142,68.26419,66.28725,66.03787,68.96376,70.3278,70.77429,76.15773,63.56099,67.54258,70.00714,68.54196,71.7844,67.44627,65.52099,68.65858,68.65858,68.65858,66.4906,72.03471,71.80529,66.48308,68.65858,70.34202,68.65858,67.08204,68.06614,66.40783,66.21933,64.7611,66.48308,57.93962,59.23681,55.54278,56.85948,55.4617,48.75449,45.22168,50.21952,43.60046,40.22437,38.01316,38.20995,33.97058,26.90725,27.01851,28.6007,25.4951,22.2036,18.97367,17.46425,19.23538,31.32092,31.95309,40.71855,41.18252,35.80503,38.60052,39.20459,41.01219,45.25483,42.52058,43.13931,41.72529,42.43819,41.72529,37.20215,42.43819,41.23106,40.36087,40.45986,39.62323,38.28838,38.20995,35.35534,38.28838,36.89173,39.62323,39.66106,41.34005,39.35734,33.61547,33.10589,36.40055,36.13862,40.26164,38.60052,44.18144,41.01219,43.04649,41.19466,41.10961,46.09772,46.57252,45.54119,48.83646,52.49762,46.17359,52.92447,52.39275,53.22593,52.83938,51.88449,56.40035,57.80138,54.6443,58.82176,59.03389,68.11755
12.0,11.0,12.04159,12.04159,12.04159,12.16553,12.16553,12.16553,12.16553,12.16553,12.16553,12.36932,12.36932,12.64911,12.64911,13.0,12.08305,12.08305,12.08305,12.08305,12.08305,13.41641,12.08305,12.08305,12.08305,12.08305,12.08305,12.08305,12.08305,11.7047,11.7047,10.77033,10.44031,10.44031,9.48683,9.21954,9.05539,9.05539,8.06226,8.06226,7.0,6.0,6.0,5.09902,5.09902,5.09902,4.12311,4.12311,3.16228,3.60555,2.23607,1.41421,66.21178,67.72001,64.53681,69.2315,64.7611,61.52235,64.49806,72.33948,64.49806,70.25667,64.12488,65.00769,66.0303,67.1193,67.36468,68.18358,68.46897,70.85901,67.1193,64.93843,68.73136,68.24954,68.88396,71.19691,69.05071,65.30697,68.15424,67.72001,68.41053,72.18033,69.63476,63.15061,60.40695,66.4906,65.76473,61.52235,62.39391,63.03174,56.00893,56.0357,53.0,51.0392,53.00943,47.26521,41.19466,38.60052,43.01163,35.44009,34.17601,28.23119,29.15476,27.20294,21.9545,20.24846,21.26029,15.81139,15.0,37.48333,37.01351,35.01428,39.62323,38.63936,37.48333,43.17407,39.21734,40.31129,41.4367,39.66106,42.48529,39.0,43.65776,42.04759,39.35734,36.40055,35.8469,36.68787,38.91015,39.81206,42.37924,37.64306,35.69314,37.10795,39.62323,34.9285,36.12478,36.22154,39.05125,37.33631,37.33631,38.11824,43.28972,42.72002,41.97618,39.56008,45.88028,44.01136,48.75449,44.94441,45.79301,46.40043,52.69725,47.01064,53.07542,51.08816,45.96738,51.66237,53.75872,49.67897,54.56189,53.85165,55.07268,53.23533,58.13777,59.9333
11.04536,11.04536,11.0,11.0,11.0,12.0,12.04159,11.04536,11.04536,11.18034,12.04159,12.16553,12.16553,11.40175,11.40175,12.36932,11.40175,12.36932,11.7047,12.36932,11.7047,11.40175,12.64911,11.7047,11.7047,11.40175,11.40175,11.40175,11.40175,11.18034,10.19804,10.19804,10.04988,10.04988,9.0,9.0,9.05539,8.06226,7.07107,7.28011,7.07107,6.32456,6.32456,5.38516,5.83095,5.0,5.0,3.60555,3.60555,3.60555,3.16228,3.16228,63.63961,61.81424,67.26812,68.46897,65.06919,65.00769,62.0,68.06614,66.00758,69.11584,68.26419,65.49046,72.33948,64.62971,67.89698,66.70832,69.64194,67.91171,69.37579,68.00735,71.7844,66.09841,70.77429,69.26038,65.45991,67.35726,71.47027,70.2282,64.84597,69.26038,69.31811,70.5195,65.45991,68.30813,62.8172,62.36185,61.98387,57.87055,60.40695,57.14018,57.14018,52.03845,48.01042,44.18144,45.01111,39.05125,38.32754,34.23449,33.73426,31.7805,31.95309,30.41381,24.16609,21.0238,20.61553,16.40122,14.86607,32.31099,34.20526,35.35534,38.83298,39.11521,37.05401,40.0125,38.0526,41.19466,42.19005,44.72136,41.97618,42.95346,41.0,41.23106,39.84972,43.93177,39.05125,41.7732,40.26164,39.62323,38.83298,35.0571,38.20995,36.05551,40.04997,39.45884,38.01316,39.45884,39.56008,39.56008,37.64306,42.72002,38.48376,44.72136,40.31129,41.14608,37.57659,47.43416,47.42362,48.27007,47.63402,47.38143,46.69047,48.79549,50.32892,53.07542,48.02083,51.86521,53.82379,51.89412,55.9464,55.9017,53.48832,61.46544,58.18935,59.13544
12.72792,12.72792,12.04159,12.72792,12.80625,12.80625,12.80625,13.60147,13.0384,12.80625,13.0384,13.89244,12.52996,13.89244,12.52996,13.41641,14.31782,13.0,13.0,13.41641,13.41641,13.41641,13.0,13.92839,13.41641,13.41641,13.41641,13.0,13.41641,12.52996,11.6619,10.81665,10.81665,10.81665,11.40175,10.0,10.0,9.21954,8.48528,8.48528,7.81025,7.07107,6.40312,6.40312,5.83095,5.0,5.0,4.47214,3.16228,3.16228,3.16228,3.0,62.1289,60.74537,65.73431,66.70832,70.29225,68.11755,63.89053,70.0,68.24954,71.58911,67.20863,65.29931,68.00735,70.17834,67.94115,70.29225,69.52697,66.06815,67.62396,74.09453,69.83552,70.45566,71.86793,69.83552,67.74216,68.88396,69.64194,68.7968,69.33974,74.09453,70.49113,72.67049,64.89992,69.06519,64.14047,63.41136,62.20129,61.22091,59.81639,54.03702,52.34501,51.66237,49.40648,48.60041,46.75468,43.60046,41.88078,38.07887,33.12099,29.54657,28.79236,25.70992,22.13594,17.26268,19.0263,18.43909,14.31782,35.22783,38.60052,37.48333,36.79674,36.06938,40.36087,37.80212,38.83298,40.80441,40.81666,44.72136,41.59327,39.39543,44.77723,41.76123,39.0,39.39543,39.81206,38.62642,41.18252,39.39543,42.2019,36.89173,36.23534,38.58756,37.20215,34.71311,36.79674,36.23534,38.94868,31.40064,39.40812,40.24922,35.80503,40.81666,40.31129,40.71855,39.21734,40.49691,41.97618,41.7732,42.10701,43.10452,47.67599,47.01064,47.67599,51.0392,51.24451,53.93515,48.25971,53.46027,57.27128,57.87055,53.75872,55.65968,56.0803,57.24509
12.36932,12.36932,12.64911,12.64911,13.60147,12.64911,13.0,13.0,13.0,13.41641,14.31782,13.41641,13.41641,12.52996,13.0384,13.89244,13.0384,13.60147,13.60147,12.80625,13.60147,13.60147,14.42221,13.60147,13.60147,13.0384,13.60147,12.20656,12.52996,12.52996,11.6619,11.18034,12.08305,11.18034,10.77033,10.77033,10.44031,9.48683,9.21954,7.28011,8.24621,7.07107,7.07107,7.0,6.0,6.0,5.09902,5.0,4.12311,4.12311,3.16228,3.16228,60.82763,65.73431,65.80274,64.28841,63.89053,63.32456,66.48308,68.94926,64.84597,67.97794,67.54258,72.44998,69.46222,69.77105,71.11259,68.96376,68.26419,65.51336,65.19202,71.40028,68.41053,69.6563,70.60453,72.20111,71.28113,69.02898,74.02702,70.43437,72.20111,69.02898,66.8431,66.0303,66.85058,61.61169,65.21503,61.91123,61.29437,60.41523,58.13777,57.24509,60.53924,51.62364,50.92151,48.70318,42.2019,41.0,41.97618,41.4367,36.22154,33.01515,31.0,27.01851,24.02082,21.58703,21.58703,21.09502,13.92839,35.60899,34.20526,36.61967,35.51056,40.71855,37.33631,41.62932,42.05948,41.7732,41.7732,42.72002,43.56604,41.30375,41.30375,36.22154,41.30375,39.31921,41.4367,38.32754,38.32754,35.12834,38.07887,37.48333,35.17101,36.40055,38.60052,38.27532,36.40055,32.69557,37.44329,35.51056,36.61967,37.53665,36.87818,38.94868,38.20995,41.72529,40.60788,42.2019,42.19005,41.59327,46.14109,43.82921,48.46648,44.38468,56.0803,56.04463,51.41984,50.01,51.41984,51.24451,51.0098,53.08484,53.00943,56.14268,58.42089,61.29437
12.08305,11.6619,12.52996,11.6619,11.6619,11.6619,12.20656,12.20656,12.04159,12.20656,12.04159,12.04159,12.04159,12.04159,11.31371,12.72792,12.04159,12.72792,11.31371,12.04159,12.04159,12.04159,13.45362,12.80625,12.04159,12.04159,12.04159,12.72792,11.31371,12.04159,10.63015,10.63015,10.63015,10.0,9.43398,10.0,9.43398,8.06226,7.61577,7.61577,6.32456,6.32456,6.32456,5.09902,5.09902,5.09902,4.12311,4.0,3.0,3.16228,2.0,2.23607,58.87274,63.89053,62.03225,61.32699,67.97794,60.90156,67.54258,67.1193,68.09552,67.23095,66.24198,69.33974,66.85058,69.11584,67.00746,69.2026,72.8011,66.70832,67.62396,70.0928,73.53911,69.35416,67.89698,68.593,65.79514,67.35726,68.593,66.52819,70.71068,71.42129,67.88225,65.8559,65.11528,66.48308,63.12686,64.40497,61.61169,58.83026,56.4358,55.07268,53.23533,49.24429,48.75449,45.31004,41.78516,40.5216,37.10795,35.44009,34.23449,28.16026,28.16026,26.30589,26.30589,21.2132,21.47091,16.76305,13.34166,32.44996,34.65545,39.62323,38.60052,41.04875,39.82462,38.94868,41.23106,39.0,40.31129,39.56008,43.32436,40.16217,40.49691,40.02499,42.05948,39.56008,40.5216,37.69615,41.76123,40.5216,38.32754,37.64306,35.8469,38.47077,34.88553,34.48188,34.66987,35.60899,39.82462,35.35534,38.8973,38.20995,44.59821,42.0119,40.45986,40.81666,43.82921,41.67733,43.46263,45.18849,47.16991,46.48656,48.38388,52.17279,41.97618,46.09772,53.60037,49.49747,53.15073,53.0,57.07889,55.08176,53.15073,55.54278,58.69412,61.61169
12.36932,12.36932,12.36932,13.34166,12.36932,12.16553,12.04159,12.04159,13.0384,12.04159,13.0384,13.0,13.0,13.0,13.0,12.04159,13.0384,13.0384,13.0384,13.0384,13.0384,13.15295,13.0384,13.15295,13.0384,13.0384,13.0384,12.04159,12.0,12.0,12.0,12.0,11.04536,10.04988,10.04988,10.04988,10.19804,9.21954,8.24621,8.544,7.61577,7.61577,7.61577,6.7082,5.83095,5.83095,5.0,5.0,5.0,4.24264,4.24264,3.60555,65.36819,69.77105,64.88451,68.54196,64.62198,66.18912,68.15424,66.7308,72.8011,68.96376,70.88018,65.96969,63.78871,68.44706,67.60178,67.08204,73.1642,65.06919,68.11755,71.11259,75.02666,68.06614,68.0,68.0,67.00746,67.00746,67.02984,73.00685,68.00735,68.02941,68.00735,67.02984,70.02857,66.0303,63.12686,63.50591,61.07373,60.01666,59.03389,55.9017,51.41984,51.24451,47.12749,48.08326,44.77723,40.71855,36.71512,37.73592,33.83785,32.01562,29.68164,27.80288,26.1725,22.02272,24.18677,20.61553,17.46425,35.0,31.257,38.63936,37.0,38.27532,35.35534,33.54102,39.96248,43.909,40.31129,38.20995,39.40812,39.40812,40.45986,40.80441,38.60052,36.40055,36.87818,31.76476,41.23106,35.22783,37.57659,35.22783,38.91015,37.69615,37.0,37.16181,37.69615,36.40055,37.65634,38.07887,37.48333,43.28972,41.0,38.0,40.0125,39.05125,38.83298,42.95346,42.05948,45.22168,45.88028,42.72002,48.75449,44.29447,42.72002,44.29447,53.82379,54.08327,56.85948,50.20956,49.51767,53.07542,53.90733,59.03389,59.07622,63.82006
11.04536,11.0,11.0,11.0,11.0,12.0,12.04159,12.04159,12.04159,11.18034,12.04159,12.16553,11.18034,11.40175,11.40175,11.40175,12.64911,11.40175,11.7047,11.7047,11.40175,11.7047,11.7047,11.7047,11.7047,11.7047,11.7047,11.7047,11.40175,11.40175,11.18034,10.19804,10.04988,9.05539,9.0,10.0,9.0,8.0,8.06226,7.07107,7.28011,6.32456,6.32456,5.38516,5.38516,4.47214,4.47214,4.24264,4.24264,4.24264,3.60555,3.16228,69.46222,58.24088,64.56005,66.4906,67.08204,69.2315,64.77654,68.44706,63.15061,65.49046,68.02941,68.18358,70.17834,69.18092,65.12296,66.0303,71.02816,67.47592,70.11419,67.47592,75.66373,63.50591,70.03571,71.19691,67.26812,69.64194,70.5762,69.63476,69.46222,74.1485,66.75328,72.56032,61.29437,66.61081,65.27634,60.0,63.1981,58.0,59.07622,55.14526,53.15073,50.63596,47.07441,46.69047,43.9659,41.76123,38.48376,39.21734,33.83785,33.10589,27.45906,28.01785,24.41311,21.9545,22.67157,16.27882,18.35756,34.23449,33.0,36.01389,39.11521,40.4475,37.85499,41.48494,41.23106,40.80441,39.0,43.46263,42.72002,44.77723,41.59327,36.67424,37.12142,38.8973,38.07887,40.8534,36.24914,37.58989,35.4683,37.64306,36.05551,40.24922,36.87818,37.48333,36.67424,39.05125,41.01219,39.01282,39.0,38.01316,39.20459,42.42641,42.44997,41.4367,44.27189,45.88028,43.46263,43.41659,52.47857,49.73932,46.04346,43.41659,43.93177,49.49747,53.07542,49.57822,53.2635,57.38467,58.89822,62.20129,59.07622,53.82379,57.80138,64.07808
12.04159,12.04159,13.0,13.0,13.0,13.0,13.0384,13.0384,12.04159,13.0384,13.0384,12.16553,13.15295,13.15295,12.16553,12.36932,13.34166,12.36932,13.34166,12.36932,12.36932,13.34166,12.36932,13.60147,13.34166,12.36932,12.36932,12.16553,12.16553,12.16553,11.04536,11.04536,11.04536,11.0,10.0,10.04988,9.05539,9.05539,8.06226,8.24621,8.24621,7.28011,7.61577,6.7082,5.83095,5.83095,5.83095,5.0,5.0,4.24264,4.24264,3.60555,62.03225,66.00758,66.0303,64.07027,64.38167,68.18358,68.35934,66.48308,67.46851,64.53681,68.41053,68.06614,68.96376,71.80529,68.06614,71.56815,69.28925,65.80274,72.11103,68.54196,72.23573,68.942,68.8767,68.42514,70.66116,68.88396,68.88396,68.42514,66.70832,71.11962,71.11962,67.54258,65.9242,65.9242,64.84597,65.80274,60.08328,60.53924,58.24946,54.81788,54.40588,50.9902,54.14795,45.01111,42.0,43.01163,40.11234,35.0571,36.67424,29.61419,29.15476,30.08322,25.29822,23.70654,22.47221,16.27882,19.72308,34.0,32.24903,38.62642,38.8973,38.32754,36.67424,43.10452,40.11234,45.17743,40.0125,42.29657,46.0,40.11234,43.04649,40.0125,43.10452,40.11234,40.60788,39.11521,38.01316,39.01282,38.0,39.05125,40.31129,36.05551,33.06055,37.33631,35.44009,36.05551,37.36308,38.91015,37.57659,41.14608,41.34005,39.96248,43.26662,40.45986,42.63801,41.03657,46.01087,43.13931,49.81967,42.2019,49.39636,44.41846,56.60389,51.42956,49.64877,52.80152,55.00909,53.14132,53.75872,54.42426,56.88585,54.12947,58.85576,63.15061
13.0,12.08305,12.52996,13.41641,12.52996,13.0384,13.0384,13.0384,12.52996,13.60147,12.80625,12.80625,12.80625,12.80625,12.80625,12.80625,13.45362,12.72792,12.72792,12.72792,13.45362,13.45362,12.72792,13.45362,13.45362,13.45362,13.45362,12.80625,12.80625,12.80625,12.20656,11.40175,10.81665,10.81665,10.29563,10.29563,10.29563,8.94427,8.94427,8.544,7.28011,7.28011,7.28011,7.07107,6.08276,5.09902,5.0,5.0,4.0,4.0,4.12311,3.16228,65.49046,62.64982,67.46851,68.73136,66.4906,70.88018,67.72001,71.30919,66.40783,70.83784,68.35203,64.88451,74.24284,65.0,68.15424,67.53518,68.42514,67.23095,71.69379,70.3278,70.72482,71.28113,70.60453,69.89278,69.6563,68.41053,70.0,65.60488,70.80254,70.21396,67.20119,72.34639,67.42403,68.8186,63.81222,65.51336,62.76942,59.36329,61.26989,57.45433,54.23099,52.92447,48.76474,47.43416,47.53946,47.07441,41.4367,35.51056,35.0,35.01428,29.01724,26.0,21.37756,23.34524,21.37756,21.84033,20.80865,31.7805,32.69557,37.57659,38.60052,37.94733,39.05125,41.30375,39.62323,42.19005,40.04997,39.11521,34.05877,42.0119,41.59327,40.04997,39.11521,44.40721,37.21559,36.22154,37.21559,41.04875,41.01219,35.01428,33.01515,35.0,33.24154,37.36308,38.32754,32.89377,35.44009,38.62642,39.35734,34.20526,36.05551,38.20995,37.64306,40.36087,42.44997,43.27817,43.18565,44.77723,45.80393,49.40648,46.52956,49.39636,47.88528,47.01064,51.92302,50.32892,47.29693,53.75872,56.29387,53.36666,53.33854,57.31492,55.03635,64.07027
10.77033,11.7047,12.08305,11.18034,11.18034,11.18034,11.6619,11.6619,11.6619,11.40175,12.20656,11.40175,11.40175,11.40175,11.40175,12.04159,12.04159,12.04159,12.04159,11.31371,11.31371,11.31371,11.31371,12.04159,11.31371,12.04159,12.04159,12.04159,10.63015,11.40175,10.0,10.0,9.43398,9.43398,8.94427,8.94427,8.544,8.544,7.61577,7.28011,7.28011,6.08276,6.08276,6.0,5.0,4.12311,4.12311,4.12311,3.16228,3.16228,3.60555,2.82843,62.36185,60.72891,65.14599,64.62198,65.39113,70.77429,64.07808,66.64083,61.7171,71.11259,70.71068,66.24198,69.06519,65.19202,64.63745,66.21933,64.89992,66.61081,67.80118,66.6033,69.31089,67.89698,71.44928,66.46804,67.88225,71.44928,68.76772,67.88225,72.24957,69.31089,70.76722,70.43437,63.12686,66.8431,64.07027,60.80296,60.53924,61.58734,57.14018,51.0,52.83938,51.89412,49.76947,46.48656,47.12749,41.48494,40.79216,35.69314,34.1321,33.06055,29.06888,25.70992,22.02272,19.64688,17.72005,22.36068,14.31782,35.0,39.69887,39.20459,39.96248,38.83298,38.47077,38.07887,38.91015,43.32436,41.76123,39.84972,39.31921,45.60702,43.17407,40.26164,38.60052,41.76123,39.29377,37.36308,36.13862,33.61547,37.64306,37.33631,38.48376,39.0,38.91015,37.12142,39.66106,35.51056,38.60052,40.0,38.94868,38.8973,38.94868,42.2019,43.01163,44.40721,43.01163,43.41659,46.06517,44.72136,46.51881,48.33218,50.32892,54.40588,45.04442,50.21952,52.7731,51.97115,50.63596,50.03998,58.00862,58.0,52.15362,56.22277,56.56854,58.85576
13.0384,13.0384,13.15295,13.0384,14.14214,13.15295,13.34166,13.34166,13.34166,13.34166,13.34166,13.60147,13.60147,13.0,13.60147,13.92839,13.92839,13.0,13.41641,13.0,13.0,13.41641,13.0,13.41641,13.41641,13.0,13.0,13.92839,12.64911,12.64911,12.36932,12.36932,12.36932,11.18034,11.18034,10.19804,10.04988,9.05539,9.05539,9.0,8.06226,7.07107,7.07107,7.07107,6.08276,5.38516,5.38516,5.38516,5.38516,4.47214,4.47214,3.60555,65.73431,68.65858,68.593,67.26812,66.1211,67.74216,67.1193,72.99315,70.34913,67.06713,68.00735,66.0303,68.00735,70.02857,69.00725,69.06519,72.44308,70.03571,70.85901,69.58448,74.95332,69.05071,74.73286,73.1642,67.89698,75.50497,69.12308,70.83078,67.68309,68.15424,67.46851,64.77654,66.91039,64.93843,62.514,64.62971,58.21512,59.3043,59.00847,56.0,52.03845,52.23983,51.78803,48.25971,47.51842,42.57934,39.56008,35.73514,34.53983,31.38471,26.83282,29.15476,28.6531,20.51828,19.84943,17.02939,14.76482,36.40055,36.67424,37.65634,39.01282,39.01282,40.04997,40.31129,41.23106,40.02499,40.02499,40.5216,43.68066,44.18144,40.5216,43.32436,37.64306,40.80441,39.0,39.84972,41.10961,41.48494,37.10795,35.44009,37.65634,35.22783,38.0526,35.0571,39.0,38.0526,35.35534,38.0526,44.55334,38.47077,42.72002,50.32892,43.73786,39.66106,44.29447,44.72136,45.0,46.09772,43.93177,43.60046,46.75468,44.55334,48.27007,50.9902,47.80167,53.82379,49.40648,56.4358,50.08992,54.12024,54.626,59.5063,61.7171,59.13544
12.0,12.04159,12.04159,12.04159,12.16553,12.16553,12.36932,12.36932,12.36932,12.36932,12.36932,12.36932,12.36932,12.64911,12.64911,12.64911,13.0,12.08305,13.0,13.0,12.08305,13.0,13.0,13.0,13.0,12.08305,13.0,12.64911,11.7047,11.7047,11.40175,11.40175,11.40175,10.19804,10.19804,10.19804,10.04988,9.0,9.0,9.0,8.06226,7.07107,7.07107,6.32456,6.08276,5.38516,5.38516,4.47214,4.47214,4.24264,3.60555,2.82843,67.00746,65.12296,66.0303,67.18631,66.1211,66.1211,71.44928,67.47592,67.89698,70.61161,70.71068,70.0928,68.15424,69.64194,69.92138,68.00735,72.73239,68.00735,68.94926,68.00735,71.86793,67.62396,71.11259,69.35416,68.42514,71.17584,70.38466,68.942,69.07966,70.26379,68.942,68.02941,64.51356,64.62198,63.56886,66.48308,60.40695,61.03278,58.5235,57.72348,53.75872,51.62364,47.01064,44.10215,44.28318,41.10961,39.05125,35.12834,35.69314,28.63564,27.89265,24.5153,23.4094,25.05993,19.20937,17.69181,17.02939,34.20526,36.71512,36.23534,38.62642,38.60052,38.63936,36.87818,38.32754,40.60788,41.04875,45.04442,41.01219,39.0,44.01136,41.01219,40.04997,45.17743,41.30375,41.01219,39.01282,38.0526,37.05401,37.12142,40.11234,38.32754,35.35534,33.37664,35.73514,40.16217,35.8469,36.76955,39.81206,38.27532,48.25971,40.0,40.49691,56.40035,44.68781,44.55334,43.93177,42.44997,45.34314,48.01042,47.20169,48.37355,39.96248,47.01064,52.39275,48.8467,52.20153,50.69517,53.75872,54.81788,51.97115,56.08921,56.88585,63.07139
13.15295,12.16553,13.34166,12.36932,13.34166,12.36932,12.64911,13.60147,12.64911,12.64911,13.0,13.0,13.0,13.0,13.0,13.41641,12.52996,13.41641,12.52996,13.41641,12.52996,12.52996,13.41641,13.0384,13.41641,12.52996,12.08305,13.0,12.08305,13.0,11.7047,11.40175,11.40175,11.40175,10.19804,10.19804,9.21954,9.05539,9.05539,8.0,8.0,7.07107,7.07107,6.08276,6.08276,5.38516,5.38516,5.38516,4.47214,5.0,3.60555,3.60555,65.25335,67.18631,69.92138,64.19502,65.78754,66.7308,66.12866,69.857,64.4748,68.15424,65.9242,67.97794,67.53518,66.64083,67.60178,72.94518,71.02112,66.0303,69.06519,66.61081,74.02702,69.6563,70.93659,66.61081,68.41053,70.21396,71.8401,68.88396,69.2026,71.06335,68.60029,70.60453,66.21933,67.20119,64.63745,65.51336,62.6099,60.83584,57.77543,55.47071,53.48832,53.45091,50.28916,44.64303,42.44997,42.2019,37.65634,37.33631,36.12478,30.06659,26.1725,27.29469,25.31798,22.2036,20.39608,18.35756,16.15549,31.89044,36.06938,33.6006,40.81666,34.0,38.48376,39.44617,39.21734,42.05948,40.49691,40.26164,42.44997,43.73786,43.93177,43.17407,40.79216,42.95346,42.42641,41.59327,38.27532,34.9285,37.94733,31.62278,37.94733,40.49691,38.91015,35.35534,37.21559,37.73592,37.44329,36.87818,38.41875,40.0,39.05125,44.55334,40.31129,43.18565,46.40043,39.82462,45.17743,44.72136,44.28318,49.65884,48.38388,47.01064,50.69517,49.33559,47.07441,53.16014,52.7731,52.46904,54.00926,52.00961,50.15974,56.22277,62.28965,54.58938
11.18034,11.18034,11.6619,11.6619,11.6619,11.6619,11.6619,12.20656,12.20656,12.04159,12.04159,12.04159,12.04159,11.31371,11.31371,12.04159,11.31371,12.04159,12.04159,11.40175,12.04159,11.40175,12.04159,12.20656,11.40175,12.04159,11.40175,11.40175,11.40175,11.31371,10.63015,10.63015,9.89949,10.0,9.21954,9.21954,8.60233,8.06226,8.06226,7.61577,6.32456,6.32456,6.32456,5.38516,5.09902,4.0,4.0,4.0,3.0,3.16228,3.16228,2.23607,59.9333,60.82763,67.74216,63.06346,66.03787,68.24222,64.63745,68.24222,65.43699,63.89053,65.94695,66.52819,68.68042,65.79514,66.70832,64.44377,68.62215,65.29931,66.70832,68.88396,68.00735,67.80118,71.61006,67.6757,69.06519,66.57327,75.0,69.40461,70.0,70.45566,66.21933,68.41053,62.00806,64.66065,64.81512,63.89053,61.6198,62.24147,58.69412,58.72819,58.0,53.2635,44.82187,42.0119,43.82921,43.04649,37.57659,36.67424,33.24154,32.20248,26.0,23.5372,22.56103,22.02272,19.0263,19.23538,17.46425,36.40055,34.82815,33.42155,39.40812,41.04875,34.53983,40.70626,42.72002,34.17601,43.9659,40.80441,42.37924,43.93177,41.48494,41.59327,43.73786,39.29377,42.15448,39.05125,38.27532,42.05948,39.39543,38.8973,38.47077,34.48188,34.98571,33.61547,36.71512,40.45986,38.20995,38.8973,40.36087,39.82462,39.59798,41.6173,37.80212,47.16991,42.2019,36.40055,45.17743,44.01136,44.59821,49.24429,47.29693,50.44799,52.08647,48.37355,49.16299,54.00926,50.01,51.0098,56.22277,55.14526,53.93515,58.24946,54.91812,58.5235
12.04159,12.04159,12.16553,12.16553,13.15295,12.16553,13.34166,12.36932,12.36932,12.64911,13.60147,13.60147,13.92839,13.0,12.64911,13.0,13.0,13.0,13.41641,12.52996,13.41641,13.41641,13.41641,13.41641,13.41641,13.41641,13.0,13.0,12.08305,12.08305,11.7047,11.7047,11.40175,10.44031,11.40175,10.19804,10.19804,9.05539,9.05539,8.06226,8.0,7.0,7.0,6.08276,6.08276,5.09902,5.09902,4.12311,4.12311,3.16228,3.60555,3.16228,59.3043,65.06919,68.06614,63.03174,67.47592,67.18631,64.19502,72.56032,64.62971,67.18631,66.09841,68.44706,67.18631,70.21396,69.64194,68.62215,68.94926,68.00735,68.00735,72.09022,72.61543,67.54258,71.19691,71.55418,68.942,73.92564,73.34848,73.43024,67.54258,69.31811,70.77429,72.61543,63.69458,65.74192,68.15424,65.45991,62.29767,61.84658,55.08176,58.69412,56.75385,51.78803,46.17359,44.04543,45.17743,44.01136,40.04997,35.12834,33.54102,30.41381,27.65863,28.16026,23.76973,23.76973,22.2036,17.02939,15.6205,34.53983,36.76955,36.68787,39.62323,39.11521,39.62323,40.04997,41.0,37.01351,44.55334,40.60788,42.42641,41.59327,42.29657,42.57934,40.4475,42.75512,38.20995,39.31921,37.01351,36.12478,39.20459,41.04875,35.0,34.05877,37.01351,37.01351,40.1995,37.48333,37.10795,38.8973,36.40055,41.14608,37.57659,38.01316,42.05948,41.6173,44.10215,41.40048,46.69047,43.13931,46.66905,46.8615,43.93177,47.80167,53.0,49.64877,49.1935,52.35456,51.47815,49.65884,53.45091,51.26402,52.39275,54.81788,57.27128,57.70615
12.80625,11.40175,11.40175,12.04159,12.80625,12.04159,12.72792,12.04159,12.04159,12.04159,12.04159,13.45362,12.04159,12.04159,11.40175,12.20656,12.20656,12.20656,13.0384,11.6619,12.20656,11.6619,12.20656,11.6619,12.20656,12.20656,13.0384,11.40175,12.20656,11.40175,10.63015,10.63015,10.63015,9.89949,9.89949,9.89949,9.21954,8.60233,8.60233,7.2111,7.2111,6.7082,6.7082,6.32456,6.32456,5.09902,5.09902,5.09902,4.0,4.0,4.0,3.16228,64.44377,66.52819,61.07373,65.79514,70.76722,67.62396,65.60488,67.47592,69.02898,63.00794,71.56116,68.50547,68.96376,73.24616,69.46222,67.1193,72.71864,65.30697,66.64083,69.28925,69.64194,72.44998,64.84597,72.44998,71.17584,70.2282,72.11103,69.28925,68.94926,69.89278,65.9242,70.2282,70.77429,66.48308,65.30697,59.05929,63.63175,59.5399,59.68249,53.53504,51.86521,49.20366,48.27007,46.66905,41.03657,41.03657,37.64306,37.01351,31.89044,28.6007,28.84441,26.07681,26.40076,18.78829,21.58703,16.12452,15.0333,36.05551,32.69557,38.47077,40.24922,39.20459,38.01316,41.03657,42.44997,42.0119,41.03657,42.0119,41.40048,43.41659,40.31129,39.82462,44.20407,41.86884,42.2019,36.40055,43.01163,41.6173,36.40055,39.62323,41.01219,38.41875,36.79674,38.28838,35.0,38.01316,38.91015,38.94868,38.48376,40.71855,44.72136,44.59821,39.56008,45.89118,44.55334,40.60788,46.01087,45.09989,47.04253,45.54119,51.47815,48.6621,49.25444,49.64877,53.16014,50.0,52.49762,56.46238,53.31041,54.56189,56.93856,57.80138,59.07622,59.40539
12.64911,12.64911,12.64911,13.60147,13.60147,13.34166,13.34166,13.34166,13.34166,13.34166,13.15295,13.15295,13.0384,13.15295,13.0384,13.0384,13.0384,13.0384,14.0,13.0,13.0,13.0,13.0384,13.0,13.0,13.0384,13.0384,12.04159,13.0384,12.16553,12.16553,11.18034,11.40175,11.40175,10.44031,10.44031,9.84886,9.48683,8.94427,8.94427,8.06226,7.2111,7.2111,6.40312,6.40312,5.65685,5.65685,5.0,5.0,4.47214,3.60555,3.60555,64.66065,65.0,64.41273,68.47627,66.24198,68.8767,69.35416,70.26379,66.70832,65.0,68.94926,72.11103,69.64194,62.64184,69.57011,71.30919,72.8011,69.05071,68.24954,66.75328,69.05071,68.44706,65.27634,76.11833,67.74216,72.83543,71.19691,70.03571,70.71068,70.21396,71.44928,68.24954,64.53681,63.95311,68.06614,65.73431,64.53681,57.28001,57.58472,58.30952,54.626,53.31041,51.26402,43.46263,46.87217,44.40721,40.60788,36.05551,32.64966,29.69848,30.80584,32.44996,22.47221,21.0238,17.49286,16.76305,16.12452,32.01562,35.12834,36.67424,39.81206,35.69314,42.72002,38.8973,42.15448,40.71855,39.81206,39.66106,42.54409,44.28318,41.34005,38.27532,35.22783,40.22437,39.05125,40.22437,37.58989,37.69615,38.94868,37.73592,39.0,35.8469,38.91015,36.40055,31.7805,39.45884,37.65634,33.95585,40.04997,40.11234,39.11521,43.04649,37.10795,27.20294,35.69314,39.81206,44.27189,44.91102,45.18849,48.46648,49.64877,41.34005,48.8774,51.0392,48.82622,51.61395,49.0408,47.20169,54.67175,53.90733,48.79549,58.72819,59.81639,61.03278
11.7047,11.7047,12.08305,11.7047,12.08305,12.08305,12.52996,11.6619,11.6619,11.6619,12.20656,12.20656,12.20656,12.20656,11.40175,12.80625,12.04159,12.04159,12.04159,12.04159,12.04159,12.04159,12.04159,12.04159,12.04159,12.04159,12.04159,11.40175,11.40175,11.40175,10.81665,11.6619,10.29563,10.29563,8.94427,8.94427,8.544,8.544,8.544,7.61577,7.28011,6.32456,6.08276,5.09902,5.0,4.0,4.0,4.0,3.0,3.16228,2.23607,2.23607,59.68249,62.36185,64.53681,63.06346,65.14599,64.84597,67.23095,66.21178,71.11259,62.64982,65.76473,66.03787,69.83552,64.00781,64.14047,66.37017,69.2026,69.33974,67.20119,71.40028,70.60453,67.80118,70.00714,69.52697,69.81404,68.68042,72.91776,71.42129,73.59348,71.06335,69.52697,68.41053,67.80118,66.61081,65.60488,59.64059,62.68174,57.70615,60.03332,57.24509,50.53712,51.42956,46.84015,47.80167,45.18849,41.23106,36.87818,39.05125,33.13608,30.0,27.45906,25.07987,21.37756,23.08679,21.37756,19.69772,14.86607,35.38361,38.58756,38.47077,36.67424,40.31129,39.56008,40.26164,38.8973,42.95346,41.97618,44.28318,42.57934,43.56604,43.41659,42.57934,43.41659,43.18565,39.20459,39.31921,41.59327,40.31129,41.10961,39.31921,37.64306,38.07887,38.60052,34.9285,36.05551,36.67424,38.58756,37.58989,44.77723,38.83298,40.80441,40.31129,41.86884,37.01351,44.55334,41.23106,47.20169,43.60046,47.01064,45.61798,47.53946,44.72136,45.35416,45.60702,49.33559,54.34151,53.60037,52.17279,53.33854,51.24451,54.03702,57.21888,62.03225,58.21512
11.04536,11.04536,12.04159,11.04536,11.04536,11.0,12.0,11.04536,12.0,12.04159,12.04159,12.04159,12.04159,12.04159,11.18034,12.16553,12.16553,12.36932,11.40175,12.16553,12.16553,12.16553,12.36932,12.36932,12.36932,11.18034,11.18034,12.16553,11.18034,11.04536,10.04988,11.04536,10.04988,10.0,9.0,9.0,8.06226,7.07107,7.07107,7.28011,6.32456,6.32456,6.32456,5.38516,4.47214,4.47214,3.60555,3.60555,2.82843,2.82843,2.23607,2.23607,63.32456,62.16912,64.93843,67.74216,68.35934,66.61081,67.26812,72.24957,67.18631,65.06919,73.02739,66.06815,71.11259,68.11755,67.26812,70.17834,75.66373,69.87131,71.84706,67.74216,70.34202,67.18631,76.40026,70.34202,72.78049,76.92204,67.44627,70.61161,70.61161,70.0928,75.70997,73.97973,69.58448,69.72087,61.52235,67.26812,66.37017,58.13777,57.03508,55.14526,54.00926,53.33854,47.85394,44.38468,48.05206,44.64303,40.31129,34.17601,36.67424,26.83282,26.41969,29.68164,24.75884,24.08319,19.10497,18.60108,13.41641,38.27532,42.37924,37.0,37.85499,34.23449,41.04875,40.11234,41.0,43.41659,39.05125,42.95346,44.91102,47.07441,43.93177,45.89118,43.65776,47.53946,41.23106,41.4367,41.23106,34.9285,40.4475,41.0,35.35534,40.1995,37.0,38.0526,41.0,36.34556,45.27693,40.11234,44.72136,41.59327,43.32436,42.37924,40.16217,37.33631,38.27532,43.909,44.41846,49.20366,46.87217,51.40039,42.52058,47.42362,51.66237,47.63402,50.60632,54.67175,52.63079,52.69725,53.53504,53.0,52.15362,57.38467,59.61543,60.37384
12.04159,12.04159,12.04159,12.04159,12.72792,12.72792,12.04159,12.04159,12.04159,12.80625,12.80625,12.20656,12.20656,12.20656,12.20656,13.0384,13.0384,13.0384,12.52996,13.0384,12.52996,11.6619,13.0384,13.0384,11.6619,12.52996,12.20656,12.20656,12.20656,12.20656,11.40175,10.63015,10.63015,9.89949,9.89949,9.21954,9.21954,8.60233,8.06226,7.2111,7.2111,6.40312,5.83095,5.38516,5.38516,5.38516,4.12311,4.0,4.0,3.0,3.0,2.0,62.68174,64.89992,66.06815,61.84658,66.70832,65.19202,69.35416,65.79514,67.94115,67.89698,70.93659,69.02898,68.8186,70.0,68.88396,69.40461,67.6757,66.0303,66.21933,69.89278,71.86793,69.83552,66.88797,67.60178,69.64194,72.47068,70.83078,69.46222,68.60029,72.00694,63.63175,66.88797,65.19202,66.88797,62.42596,62.36986,61.6198,62.482,58.0,55.9017,51.85557,50.32892,49.0408,45.22168,42.0119,41.6173,39.66106,36.71512,32.69557,30.08322,29.12044,27.65863,26.30589,21.2132,17.11724,20.22375,14.56022,36.68787,37.12142,36.89173,38.83298,40.45986,40.45986,41.72529,40.31129,41.7732,41.10961,41.86884,41.23106,45.60702,41.34005,42.19005,43.04649,39.40812,41.14608,39.40812,41.6173,42.2019,40.60788,35.4683,40.45986,38.28838,35.60899,32.80244,39.62323,36.89173,38.27532,37.73592,38.07887,40.24922,41.14608,42.04759,40.80441,42.05948,42.75512,41.97618,42.29657,45.39824,43.04649,44.01136,48.09366,49.0408,47.04253,46.38965,52.95281,50.01,51.66237,49.81967,54.626,55.36244,48.70318,53.48832,56.36488,56.35601
11.40175,11.40175,11.7047,11.7047,11.7047,11.7047,12.08305,11.18034,12.08305,11.6619,12.08305,11.6619,11.6619,11.6619,10.81665,11.40175,11.40175,11.40175,12.04159,11.40175,11.40175,12.04159,12.04159,12.04159,12.04159,11.40175,11.40175,12.04159,10.0,11.40175,10.81665,10.0,10.0,9.43398,9.43398,8.94427,8.544,7.61577,6.7082,6.32456,7.28011,6.08276,6.08276,5.0,5.0,5.0,4.12311,4.12311,4.12311,3.16228,3.60555,2.82843,61.09828,62.62587,60.83584,67.97794,71.11259,65.79514,65.74192,64.41273,66.7308,69.97142,68.24222,67.80118,70.93659,65.60488,69.02898,69.02898,67.94115,65.94695,64.3506,69.42622,68.0147,68.593,65.94695,69.52697,67.89698,72.34639,71.50524,67.00746,68.24954,67.26812,67.94115,65.43699,64.44377,65.06919,66.6033,62.24147,59.4138,55.9017,58.13777,56.72742,52.00961,51.61395,46.04346,44.29447,40.70626,40.71855,38.01316,35.4683,31.01612,32.98485,30.36445,28.0,19.23538,20.0,22.2036,19.41649,14.86607,33.94113,32.20248,38.60052,39.35734,38.01316,40.31129,42.72002,39.92493,41.48494,42.44997,45.70558,46.09772,43.17407,42.57934,41.19466,41.7732,41.23106,41.59327,36.13862,38.47077,41.59327,40.16217,40.80441,37.36308,39.29377,36.05551,39.39543,39.35734,37.73592,38.41875,43.41659,42.52058,41.23106,41.10961,43.86342,41.7732,41.10961,44.65423,41.34005,42.54409,42.94182,45.18849,49.33559,49.0408,48.38388,48.08326,47.29693,51.47815,53.46027,52.00961,52.34501,52.00961,53.08484,54.08327,60.40695,58.46366,59.03389
13.0,13.0,12.52996,13.41641,12.52996,13.41641,12.52996,13.0384,13.0384,13.0384,13.0384,13.89244,13.60147,13.60147,12.80625,13.45362,13.60147,12.80625,13.45362,13.45362,13.45362,13.45362,12.80625,12.80625,12.80625,12.80625,12.80625,12.80625,12.80625,12.20656,12.20656,11.40175,11.6619,11.18034,11.18034,10.29563,9.84886,9.84886,8.544,8.24621,8.24621,7.28011,7.28011,7.07107,6.0,6.0,6.0,5.0,5.0,4.0,3.16228,3.16228,56.56854,69.12308,70.60453,59.90826,68.41053,65.25335,68.00735,65.80274,69.07966,69.35416,71.7844,69.35416,72.91776,67.1193,67.97794,65.36819,69.83552,69.11584,67.74216,65.73431,67.41662,72.71864,65.43699,71.28113,67.80118,67.00746,65.79514,73.81734,67.42403,72.42237,66.4003,75.80237,66.03787,71.86793,65.8635,63.81222,59.48109,57.27128,58.18075,53.7122,55.97321,49.64877,46.32494,43.68066,49.0306,39.62323,38.32754,36.0,35.01428,31.01612,32.24903,26.92582,25.96151,25.17936,19.64688,20.12461,16.55295,33.97058,30.61046,35.51056,39.44617,38.07887,35.1141,40.71855,41.48494,40.79216,36.87818,41.30375,43.56604,38.47077,45.27693,40.1995,40.4475,40.0125,44.14748,41.76123,48.09366,44.04543,36.87818,36.67424,34.36568,33.24154,37.33631,37.0,36.24914,33.61547,38.94868,37.12142,40.45986,36.61967,36.79674,37.48333,39.62323,41.03657,42.44997,41.18252,43.26662,39.40812,41.34005,45.18849,45.69464,42.95346,55.15433,47.12749,49.0408,53.15073,45.88028,50.35871,53.23533,51.08816,57.0,59.00847,55.00909,63.3877
11.18034,12.08305,10.77033,11.7047,11.7047,11.7047,12.64911,11.7047,11.40175,12.36932,12.36932,12.36932,11.18034,11.18034,12.16553,12.16553,12.16553,12.04159,12.04159,11.04536,12.04159,12.04159,12.04159,12.04159,12.04159,12.04159,12.04159,11.18034,11.18034,11.18034,10.19804,10.19804,10.44031,9.48683,9.48683,9.48683,8.94427,8.06226,8.06226,7.2111,7.2111,7.2111,6.40312,5.65685,5.65685,5.0,5.0,4.47214,3.60555,3.16228,3.16228,3.16228,62.76942,63.95311,66.21178,67.77905,65.39113,62.24147,65.55151,68.00735,70.21396,67.05222,69.37579,71.06335,68.24954,68.06614,69.87131,66.48308,71.84706,70.45566,66.61081,67.18631,68.06614,69.06519,70.00714,71.02816,72.0,66.0,67.02984,73.00685,67.1193,71.00704,69.02898,63.12686,68.0,63.12686,67.1193,62.39391,61.81424,61.81424,57.87055,57.72348,53.45091,50.0,49.0408,46.23851,43.38202,42.04759,35.8469,37.21559,31.241,29.20616,29.20616,24.20744,23.34524,22.67157,21.09502,19.23538,16.76305,36.01389,37.12142,37.33631,39.05125,42.05948,38.62642,39.56008,40.24922,45.18849,40.22437,44.77723,42.43819,41.04875,41.6173,38.01316,40.22437,38.01316,44.10215,42.19005,41.6173,36.05551,40.70626,38.91015,40.24922,38.94868,39.39543,39.84972,41.10961,37.85499,40.31129,38.47077,39.62323,42.57934,39.01282,38.11824,39.20459,42.57934,40.60788,42.95346,43.01163,44.92215,48.70318,48.33218,47.01064,48.30114,45.48626,48.25971,48.02083,49.67897,52.40229,51.73973,56.63921,54.45181,56.0803,58.13777,54.81788,62.20129
12.08305,13.0,13.0,13.0,12.64911,12.64911,12.64911,12.36932,12.64911,13.34166,13.34166,13.15295,13.15295,13.15295,12.16553,13.0384,13.0384,13.0384,13.0384,13.0384,13.0384,13.0384,13.0384,13.0,13.0,13.0384,13.0384,13.15295,13.15295,12.16553,12.16553,12.16553,11.40175,11.40175,10.44031,10.44031,9.84886,9.48683,8.94427,8.94427,8.60233,7.2111,7.2111,6.40312,6.40312,5.65685,5.65685,5.65685,5.0,4.47214,3.60555,3.16228,66.4003,67.6757,67.95587,67.6757,67.41662,70.66116,66.7308,73.78347,71.19691,65.30697,68.15424,71.69379,75.15318,69.64194,71.7844,65.45991,76.65507,73.76313,70.83078,67.91171,70.83078,65.51336,72.44308,71.19691,70.03571,73.75636,66.75328,70.5762,74.33034,74.43118,72.69113,75.66373,70.21396,69.857,64.7611,67.6757,57.56735,64.2573,62.24147,58.30952,57.69749,54.12947,53.7122,50.60632,48.54894,42.43819,37.01351,39.40812,34.65545,29.41088,31.89044,27.01851,25.6125,23.85372,26.92582,15.26434,20.61553,34.71311,35.17101,35.44009,41.78516,39.81206,39.35734,38.27532,43.93177,41.6173,39.82462,44.04543,44.04543,43.93177,41.72529,45.34314,35.4683,43.13931,43.86342,38.41875,40.31129,35.60899,43.18565,35.38361,36.23534,36.40055,37.21559,36.67424,40.49691,35.34119,39.39543,34.53983,40.79216,38.32754,41.0,47.07441,45.54119,40.0,45.04442,47.16991,43.10452,48.83646,39.45884,47.67599,52.49762,48.38388,52.7731,51.47815,49.24429,52.35456,45.79301,57.42822,54.70832,56.93856,54.70832,58.0,63.63961,60.959
10.63015,11.40175,11.40175,10.81665,11.6619,11.6619,10.81665,10.81665,11.18034,11.18034,12.08305,11.18034,10.77033,11.7047,11.7047,11.7047,11.40175,11.7047,11.40175,12.36932,11.40175,11.40175,11.7047,12.36932,11.40175,11.7047,11.7047,11.40175,11.7047,11.7047,10.77033,9.84886,10.29563,9.43398,9.43398,9.43398,8.60233,7.2111,7.07107,6.40312,6.40312,5.65685,5.65685,5.0,5.0,4.47214,4.12311,4.12311,3.16228,3.0,3.0,2.23607,63.89053,65.29931,67.20119,64.63745,68.60029,64.3506,66.88797,67.23095,68.60029,66.88797,63.07139,64.41273,67.62396,66.48308,68.00735,67.72001,69.57011,67.72001,67.72001,67.72001,72.78049,68.65858,68.35934,66.09841,66.28725,70.85901,68.24954,69.05071,66.91039,71.58911,71.02112,71.38627,66.91039,63.34824,66.21933,67.6757,57.58472,58.82176,55.02727,52.80152,52.35456,51.88449,48.37355,48.8774,44.94441,40.80441,35.80503,33.01515,32.52691,32.01562,27.01851,27.29469,24.18677,20.12461,18.86796,18.43909,14.86607,35.69314,35.73514,38.62642,38.48376,40.81666,43.01163,43.01163,42.0119,40.36087,42.63801,44.55334,41.01219,41.23106,43.13931,41.7732,39.69887,41.23106,41.01219,37.48333,41.10961,41.01219,39.62323,36.76955,37.64306,38.58756,39.20459,38.01316,39.96248,37.16181,42.04759,39.92493,37.33631,41.48494,43.68066,42.2019,42.42641,39.05125,40.0125,43.01163,46.09772,47.16991,47.67599,49.49747,50.9902,48.50773,54.08327,52.49762,50.69517,56.46238,55.54278,50.9902,53.33854,58.30952,53.7122,54.81788,58.60034,60.82763
12.36932,12.36932,12.36932,12.36932,12.36932,12.16553,12.04159,12.04159,12.04159,13.0,13.0384,13.0,12.0,12.0,12.0,13.0384,13.0384,12.04159,12.16553,12.04159,12.16553,12.16553,13.15295,13.15295,13.15295,13.0384,12.16553,12.04159,12.04159,12.04159,11.0,11.0,11.0,10.0,10.04988,10.04988,9.21954,8.24621,7.28011,7.28011,7.28011,6.32456,6.7082,5.83095,5.83095,5.0,5.0,4.24264,5.0,3.60555,3.60555,3.16228,60.92618,60.37384,66.18912,68.62215,66.12866,69.07966,61.13101,69.64194,65.52099,73.82412,69.2315,72.44308,70.61161,65.76473,72.44308,72.33948,70.11419,68.35934,69.11584,68.11755,75.0,68.00735,71.06335,73.33485,71.00704,69.00725,69.02898,72.11103,76.02631,72.24957,71.00704,73.02739,59.03389,66.1211,64.00781,72.24957,61.52235,60.29925,61.29437,57.42822,52.08647,49.72927,45.60702,47.43416,44.77723,42.95346,40.24922,31.62278,35.35534,30.0,26.40076,29.73214,22.02272,19.79899,19.41649,21.0238,14.86607,32.24903,39.0,39.31921,41.19466,36.34556,42.44997,40.16217,39.29377,40.5216,41.14608,44.38468,42.37924,42.48529,42.54409,42.48529,39.44617,48.37355,36.76955,42.05948,41.59327,39.35734,41.14608,35.34119,35.1141,35.34119,37.36308,43.17407,42.95346,37.12142,34.52535,38.01316,38.0526,40.11234,40.0125,42.10701,42.04759,41.76123,48.50773,41.10961,39.39543,52.20153,45.61798,49.65884,46.09772,49.64877,46.2277,49.92995,53.2635,54.03702,50.91169,52.34501,55.60576,59.4138,56.85068,58.41233,62.43397,61.77378
12.04159,13.0384,12.0,13.0,12.0,13.0,13.0384,13.0384,13.0384,13.15295,13.15295,13.15295,13.34166,13.34166,12.36932,13.34166,13.34166,12.36932,12.64911,12.64911,12.64911,12.64911,13.34166,13.60147,13.60147,12.64911,12.36932,12.36932,12.16553,12.36932,11.18034,11.04536,11.18034,11.04536,10.04988,10.0,10.0,9.0,8.06226,8.06226,8.06226,7.07107,6.32456,6.32456,6.32456,5.38516,5.38516,4.47214,4.47214,3.60555,2.82843,2.82843,68.88396,62.64982,63.63961,66.1211,68.26419,64.12488,69.02898,67.00746,64.00781,68.11755,74.16873,66.48308,69.58448,69.46222,69.58448,69.72087,70.40597,67.68309,71.02112,72.53275,72.53275,73.4983,72.12489,67.44627,72.42237,71.16881,75.58439,66.40783,68.62215,70.5195,69.64194,72.03471,68.88396,63.78871,63.34824,63.28507,59.68249,61.29437,62.20129,54.33231,54.00926,49.09175,49.0408,47.09565,45.27693,44.28318,39.29377,39.05125,31.32092,31.62278,29.96665,27.78489,22.47221,21.47091,19.20937,16.27882,16.27882,34.53983,37.36308,35.51056,38.63936,38.11824,42.0119,39.01282,40.1995,38.11824,41.30375,43.41659,39.45884,42.95346,41.59327,43.01163,40.5216,39.81206,42.42641,37.33631,39.81206,39.45884,38.32754,36.87818,40.4475,36.34556,41.0,37.01351,42.0119,38.63936,39.62323,38.07887,36.40055,38.8973,40.49691,43.32436,41.23106,41.04875,41.67733,42.72002,46.04346,43.41659,44.20407,49.49747,46.66905,48.10405,44.20407,47.80167,49.20366,53.25411,51.61395,47.70744,53.22593,54.58938,52.0,53.14132,57.87055,57.28001
13.0384,13.0384,12.52996,12.52996,12.52996,13.41641,13.41641,13.0,13.92839,13.0,13.60147,13.92839,13.60147,13.60147,13.60147,13.60147,14.31782,13.34166,14.31782,13.34166,13.34166,13.34166,13.34166,14.31782,13.60147,14.31782,13.60147,13.34166,13.60147,12.36932,11.7047,12.08305,12.08305,10.77033,11.18034,10.29563,10.29563,9.43398,8.60233,8.60233,7.81025,7.81025,7.07107,6.40312,5.65685,5.0,5.0,4.47214,3.60555,3.16228,3.16228,3.16228,60.82763,60.87693,63.89053,66.21933,62.36986,69.2026,67.26812,64.81512,65.21503,69.11584,67.74216,69.46222,71.11259,67.95587,70.21396,67.54258,66.18912,68.35203,66.21178,70.5762,71.51224,71.69379,70.2282,69.89278,67.6757,71.30919,69.28925,70.5762,68.00735,72.11103,68.44706,74.32362,67.1193,64.88451,63.07139,65.8635,65.0,62.26556,56.85948,59.64059,50.77401,49.64877,49.67897,48.79549,43.13931,40.31129,37.64306,36.89173,30.4795,32.75668,27.78489,25.05993,23.76973,18.38478,18.43909,17.02939,13.0384,30.80584,36.40055,37.64306,38.01316,39.39543,36.89173,38.60052,39.82462,40.31129,41.34005,42.80187,43.13931,41.01219,43.13931,38.94868,41.03657,41.10961,36.06938,43.13931,41.72529,38.8973,38.94868,35.38361,38.20995,41.03657,40.49691,34.98571,40.31129,41.67733,39.56008,37.94733,40.49691,41.48494,38.60052,42.72002,42.42641,39.62323,39.20459,38.0526,43.18565,42.04759,47.26521,43.41659,45.27693,51.86521,51.24451,56.04463,52.81098,51.07837,49.39636,49.65884,55.00909,54.56189,52.83938,56.82429,54.03702,54.91812
12.04159,11.04536,11.0,12.0,12.0,11.0,12.04159,11.04536,12.04159,12.16553,12.04159,12.16553,12.16553,11.18034,11.40175,12.36932,12.64911,11.7047,11.7047,11.7047,11.7047,12.08305,11.7047,11.7047,11.7047,11.7047,11.7047,11.7047,11.40175,10.44031,10.19804,10.19804,9.21954,9.05539,9.21954,9.05539,9.0,8.0,8.06226,7.0,7.07107,6.08276,6.08276,5.38516,5.09902,4.12311,4.47214,3.60555,3.60555,2.82843,2.82843,3.16228,64.03124,63.56099,64.7611,65.27634,69.26038,65.03076,66.27217,69.06519,68.06614,71.00704,72.06247,71.02816,72.00694,67.26812,71.17584,66.91039,67.36468,67.74216,67.89698,67.74216,70.83078,72.03471,70.0928,70.88018,69.42622,68.88396,68.68042,67.72001,68.88396,66.76077,66.09841,69.42622,65.51336,62.36185,66.21933,61.66036,54.45181,59.4138,61.0082,56.22277,53.00943,52.00961,48.16638,46.17359,39.62323,42.29657,36.87818,37.64306,30.8707,29.54657,26.0,26.92582,21.0238,20.51828,20.61553,16.97056,17.02939,35.90265,35.51056,36.05551,40.31129,41.01219,39.01282,43.01163,46.69047,44.91102,41.97618,42.57934,40.5216,46.17359,42.44997,39.84972,41.4367,41.10961,40.80441,40.26164,40.5216,38.07887,39.62323,39.45884,36.40055,35.69314,38.0526,39.81206,39.05125,40.0125,38.20995,38.20995,40.0125,38.63936,40.5216,40.02499,39.56008,38.8973,45.17743,46.61545,39.66106,40.0,49.09175,47.01064,46.69047,48.79549,50.44799,51.0392,50.0,54.91812,53.82379,48.01042,56.30275,58.30952,53.7122,55.71355,58.18935,60.40695
11.18034,11.18034,12.16553,11.40175,12.36932,11.40175,11.7047,11.7047,11.7047,11.7047,11.7047,12.08305,12.08305,12.08305,12.08305,12.52996,11.6619,11.6619,11.6619,12.52996,12.52996,12.52996,12.52996,11.6619,12.52996,12.52996,11.6619,11.18034,11.18034,11.18034,10.77033,10.77033,9.84886,10.44031,9.48683,9.48683,8.24621,8.06226,8.06226,7.07107,6.08276,6.0,6.0,5.09902,5.0,4.12311,4.12311,3.16228,3.16228,2.23607,2.23607,2.23607,64.77654,65.9242,66.94027,67.18631,67.91171,64.03124,68.30813,65.52099,67.35726,67.6757,65.78754,67.77905,69.35416,70.26379,68.54196,66.64833,65.36819,62.64982,65.36819,74.33034,69.02898,69.2026,70.43437,69.2026,70.17834,69.40461,67.80118,73.60027,69.81404,69.33974,70.80254,66.0303,68.24222,66.21933,63.51378,62.43397,64.41273,59.48109,56.36488,51.47815,55.71355,48.8467,47.01064,43.68066,42.44997,39.29377,36.87818,39.20459,34.23449,31.06445,26.01922,26.4764,21.37756,23.34524,23.4094,17.26268,11.18034,34.4093,36.67424,41.62932,41.62932,35.44009,39.21734,38.60052,41.0,39.45884,42.29657,42.0119,43.01163,45.01111,42.0,39.11521,42.0119,43.18565,42.10701,39.0,43.10452,44.01136,44.40721,40.1995,37.48333,42.29657,38.83298,37.65634,37.36308,35.73514,38.07887,36.23534,38.58756,41.88078,38.58756,43.27817,43.01163,41.03657,43.18565,42.44997,42.2019,46.75468,46.87217,44.65423,54.20332,46.52956,50.53712,48.8467,49.64877,54.42426,49.33559,50.63596,51.78803,51.35173,56.14268,59.03389,56.14268,56.14268
10.81665,11.40175,11.40175,11.40175,11.40175,11.40175,11.31371,11.31371,11.31371,11.31371,11.31371,12.04159,12.04159,12.04159,11.40175,12.20656,12.20656,12.20656,11.6619,11.6619,11.6619,11.6619,11.6619,11.6619,11.6619,11.40175,11.6619,10.81665,10.81665,11.40175,10.81665,10.63015,10.0,9.21954,9.21954,9.21954,9.21954,7.2111,6.40312,7.2111,6.7082,6.7082,5.38516,5.38516,5.09902,4.12311,4.12311,4.0,3.0,3.0,3.0,2.23607,61.7171,67.26812,69.42622,67.17887,68.593,63.65532,64.81512,70.00714,65.94695,70.60453,64.3506,68.00735,69.06519,65.8635,68.60029,69.64194,68.60029,69.46222,70.26379,73.40981,74.84651,72.94518,70.93659,68.94926,70.38466,72.8011,71.69379,73.53911,71.58911,72.23573,70.68239,69.46222,65.30697,66.64833,66.64083,65.51336,62.26556,57.3062,56.0803,54.12024,54.91812,50.44799,49.57822,42.44997,42.44997,41.01219,42.52058,36.35932,35.8469,30.0,29.54657,22.47221,19.69772,17.88854,17.26268,18.0,16.03122,38.62642,39.81206,39.35734,35.0,41.86884,44.55334,36.76955,41.72529,42.44997,38.27532,44.04543,42.2019,41.10961,39.40812,40.81666,42.72002,38.8973,43.82921,36.35932,42.44997,39.59798,41.72529,43.01163,38.94868,39.69887,37.48333,36.76955,41.10961,39.05125,42.04759,40.22437,40.70626,42.95346,40.31129,42.04759,42.05948,38.60052,46.32494,43.28972,44.18144,46.09772,50.08992,48.09366,51.0392,48.01042,53.46027,50.9902,51.86521,54.42426,55.36244,55.08176,55.15433,55.03635,54.12947,59.03389,59.07622,65.73431
12.04159,12.04159,11.31371,12.04159,11.31371,12.04159,12.80625,12.20656,12.04159,12.20656,13.0384,12.20656,13.0384,11.6619,12.20656,12.52996,13.0384,12.52996,12.52996,12.52996,12.52996,12.52996,13.41641,12.52996,12.52996,12.52996,12.52996,11.6619,12.52996,11.6619,10.81665,10.81665,10.81665,10.0,10.0,9.21954,9.21954,8.48528,7.81025,7.81025,6.40312,6.40312,5.83095,5.83095,5.83095,4.47214,4.47214,4.12311,3.16228,3.16228,2.23607,2.0,65.52099,62.64184,66.30988,63.32456,63.50591,70.23532,69.77105,72.47068,69.11584,65.36819,65.8635,65.60488,69.33974,65.45991,66.4003,70.29225,72.47068,68.68042,72.83543,63.65532,69.31089,65.79514,68.68042,70.72482,68.0147,70.83784,70.83784,67.47592,68.593,70.76722,69.42622,66.48308,61.6198,67.88225,60.1415,63.03174,61.7171,59.81639,59.40539,57.62812,52.69725,51.97115,46.64762,49.65884,43.82921,39.81206,38.62642,36.40055,33.24154,29.42788,25.4951,26.07681,25.07987,22.0,18.02776,15.29706,14.76482,34.71311,38.20995,37.80212,38.27532,40.49691,40.24922,39.21734,40.8534,40.80441,42.72002,41.7732,42.95346,45.35416,43.17407,40.60788,41.59327,38.83298,40.26164,38.83298,42.44997,40.16217,38.8973,36.05551,37.36308,37.69615,38.27532,38.91015,35.60899,36.35932,39.66106,37.01351,38.83298,38.20995,43.13931,41.7732,40.80441,40.22437,42.43819,42.2019,41.59327,49.1935,42.54409,49.0408,44.01136,44.64303,44.28318,42.95346,53.15073,51.47815,49.64877,54.08327,52.0,56.0357,46.01087,54.33231,56.7186,54.81788
10.81665,11.6619,11.18034,12.08305,11.6619,12.08305,12.08305,12.08305,12.08305,12.08305,11.7047,11.7047,12.64911,12.36932,12.36932,11.40175,12.36932,11.40175,12.36932,12.16553,12.16553,12.36932,12.16553,12.16553,12.36932,12.16553,11.40175,11.40175,11.40175,11.40175,10.44031,10.77033,9.84886,9.84886,8.94427,8.94427,8.06226,8.60233,8.06226,7.2111,6.40312,6.40312,5.65685,5.0,5.0,5.0,4.47214,3.60555,3.16228,3.0,3.0,2.0,60.81118,59.4138,60.959,67.26812,60.30755,62.62587,70.80254,61.6198,68.09552,68.50547,65.0,68.42514,69.97142,67.08204,67.54258,65.74192,69.77822,64.51356,69.28925,68.35203,69.46222,66.85058,68.00735,63.89053,67.91171,67.44627,71.56815,70.34202,67.18631,70.5195,67.41662,72.8011,65.0,63.90618,63.56099,61.7414,59.13544,62.96825,57.24509,61.77378,51.31277,52.00961,47.43416,51.08816,46.40043,41.01219,38.18377,32.55764,31.40064,31.06445,27.20294,28.30194,23.76973,24.69818,19.41649,22.2036,18.24829,34.78505,35.8469,36.23534,36.40055,36.89173,43.60046,37.48333,41.01219,45.25483,43.18565,42.0119,44.04543,44.82187,38.60052,40.36087,41.03657,40.60788,41.40048,39.20459,46.75468,43.18565,39.05125,37.53665,38.18377,40.31129,36.61967,38.28838,36.23534,35.8469,42.72002,38.94868,38.91015,39.84972,36.40055,32.57299,42.05948,42.2019,37.48333,39.20459,43.04649,47.01064,41.01219,46.09772,48.50773,48.50773,45.88028,42.44997,50.69517,49.64877,51.26402,48.8467,54.78138,51.47815,52.7731,51.86521,62.00806,57.2014
12.04159,12.80625,11.40175,12.20656,12.20656,12.20656,12.52996,11.6619,11.6619,11.18034,12.52996,12.08305,12.08305,12.08305,12.08305,12.08305,12.64911,11.7047,11.7047,11.7047,12.08305,11.7047,11.7047,11.7047,11.7047,11.7047,12.64911,11.7047,11.18034,10.77033,11.18034,11.18034,10.29563,9.43398,10.0,9.43398,8.60233,9.21954,8.48528,7.81025,7.07107,6.40312,6.40312,5.83095,5.83095,5.38516,5.38516,4.12311,4.12311,4.0,4.0,3.0,61.22091,59.46427,65.8559,65.80274,64.38167,64.40497,66.70832,67.42403,64.63745,69.89278,67.74216,63.28507,70.23532,63.81222,69.97142,67.54258,66.37017,66.64083,67.62396,64.2573,67.77905,66.64083,71.47027,69.46222,67.62396,69.07966,64.84597,70.5195,70.77429,67.41662,62.96825,69.46222,65.9242,65.74192,60.41523,68.0,57.98276,60.53924,57.80138,51.86521,50.44799,47.01064,50.20956,42.44997,42.63801,38.18377,42.0119,38.01316,36.35932,31.76476,27.73085,28.17801,22.84732,22.2036,21.18962,20.0,17.02939,32.38827,34.48188,35.4683,42.54409,37.33631,41.34005,38.94868,38.60052,41.40048,40.80441,45.60702,41.72529,43.86342,45.96738,41.7732,39.59798,46.8615,38.8973,43.18565,38.8973,33.97058,38.8973,40.36087,39.05125,38.18377,31.90611,37.12142,36.35932,37.12142,40.31129,37.57659,40.31129,39.84972,39.84972,40.79216,49.39636,53.16014,44.55334,46.17359,40.0,44.0,44.28318,47.67599,48.76474,44.91102,53.36666,47.80167,49.0408,50.32892,53.14132,51.62364,51.0,53.53504,55.21775,56.61272,59.40539,59.20304
11.0,11.04536,11.04536,11.04536,11.04536,11.04536,11.18034,11.18034,11.18034,11.18034,12.16553,11.40175,11.40175,11.40175,11.40175,11.7047,11.7047,11.7047,12.08305,12.08305,11.7047,12.08305,11.7047,11.7047,11.7047,11.7047,11.7047,11.7047,11.40175,10.44031,10.44031,10.44031,10.19804,9.21954,9.05539,9.05539,8.06226,8.0,8.0,7.07107,6.08276,6.08276,6.08276,5.09902,4.12311,4.12311,3.16228,3.16228,3.60555,2.82843,2.82843,2.23607,63.07139,64.0,57.03508,69.00725,66.27217,59.5399,69.35416,71.84706,72.69113,61.40033,62.8172,69.26038,69.57011,70.21396,62.93648,70.2282,66.12866,68.70953,69.46222,71.58911,69.857,67.23095,71.11962,70.21396,64.84597,70.66116,72.06941,69.77105,69.83552,73.79024,69.35416,65.30697,65.74192,63.50591,65.55151,61.09828,62.16912,61.35145,56.32051,55.7853,56.921,50.21952,49.64877,46.38965,44.28318,42.04759,39.11521,37.48333,30.14963,28.16026,31.14482,23.76973,19.92486,21.93171,20.0,19.84943,14.86607,33.10589,34.9285,36.05551,37.10795,41.30375,38.47077,34.0147,42.29657,45.01111,42.0,45.09989,43.93177,43.04649,42.29657,41.7732,41.19466,41.7732,41.59327,41.04875,43.04649,43.28972,38.0,38.11824,42.10701,37.12142,37.12142,35.0,32.14032,40.5216,37.36308,33.83785,38.60052,42.04759,38.07887,38.94868,48.02083,43.82921,40.60788,42.63801,43.27817,41.86884,45.34314,44.59821,47.63402,41.88078,45.48626,45.61798,51.47815,50.08992,55.4617,56.30275,56.04463,55.97321,54.12947,55.7853,54.57105,64.28063
12.08305,12.08305,12.08305,12.08305,12.08305,11.6619,11.6619,13.0384,12.20656,12.20656,13.0384,12.80625,12.80625,12.04159,12.04159,12.72792,12.72792,12.72792,12.72792,12.72792,12.72792,12.72792,12.72792,12.72792,12.04159,12.72792,12.72792,12.72792,12.04159,12.04159,10.63015,11.40175,11.40175,10.0,9.43398,9.43398,8.94427,8.94427,7.61577,7.61577,6.32456,6.7082,6.32456,5.38516,5.09902,5.09902,4.12311,4.12311,3.0,3.16228,3.0,2.23607,61.20457,62.8172,65.30697,63.78871,64.84597,67.35726,67.06713,68.94926,64.88451,63.90618,67.62396,67.62396,69.77822,70.71068,67.53518,69.89278,70.49113,66.21933,66.85058,69.02898,72.00694,69.2026,69.2026,69.02898,66.85058,70.29225,68.8186,70.0928,65.43699,69.6563,65.21503,70.60453,67.1193,67.47592,58.00862,62.43397,62.43397,57.45433,56.82429,53.66563,55.00909,49.39636,49.33559,45.60702,44.38468,41.0,40.02499,31.7805,35.0571,30.01666,30.06659,26.0,25.0,24.08319,20.61553,17.0,14.86607,32.75668,35.51056,35.35534,38.47077,42.05948,40.16217,38.63936,40.26164,44.10215,42.95346,42.0119,44.40721,41.19466,42.19005,43.10452,44.01136,42.0,41.19466,39.81206,45.04442,42.04759,43.28972,37.21559,37.85499,39.11521,36.67424,33.95585,39.39543,36.05551,38.91015,36.61967,41.88078,41.04875,42.2019,39.20459,36.40055,40.31129,43.86342,46.01087,45.45327,45.80393,44.10215,43.04649,46.09772,43.41659,47.43416,48.70318,53.14132,54.57105,50.0,50.69517,52.46904,54.33231,53.00943,59.3043,57.00877,57.31492
11.6619,12.08305,12.08305,12.08305,12.08305,13.0,12.08305,12.64911,11.7047,11.7047,12.64911,12.36932,12.36932,12.36932,12.36932,12.16553,12.16553,12.16553,12.16553,12.16553,12.16553,12.16553,12.16553,12.04159,12.16553,13.15295,12.16553,11.40175,11.40175,11.40175,10.77033,10.44031,10.44031,9.84886,9.84886,9.84886,8.94427,8.60233,8.60233,7.2111,7.81025,7.07107,6.40312,6.40312,6.40312,5.0,4.47214,4.47214,4.12311,4.12311,4.12311,4.0,61.05735,68.42514,59.03389,66.21178,68.54196,67.41662,63.69458,65.78754,66.21933,67.72001,68.00735,71.8401,68.88396,66.21933,66.4906,68.35934,71.84706,65.27634,70.45566,69.18092,71.17584,72.33948,65.03076,71.25307,66.18912,68.02941,67.02984,66.0,71.0,69.06519,69.26038,70.06426,65.19202,67.26812,60.53098,63.78871,61.0,59.90826,60.63827,54.81788,57.28001,48.46648,45.69464,44.77723,42.48529,42.54409,39.96248,34.1321,33.6006,30.80584,27.65863,24.08319,23.60085,22.82542,19.72308,20.24846,14.86607,36.05551,35.0,38.0526,39.31921,39.29377,43.68066,36.40055,40.8534,40.31129,40.24922,41.59327,42.04759,41.67733,44.77723,38.83298,43.26662,39.11521,39.96248,36.71512,40.49691,42.72002,40.81666,37.57659,36.24914,38.48376,38.48376,40.49691,36.05551,41.23106,35.51056,40.1995,41.10961,39.31921,43.18565,40.31129,40.04997,44.72136,41.23106,43.17407,43.01163,45.88028,43.08132,48.8467,52.35456,46.95743,52.83938,49.24429,50.60632,51.40039,51.31277,53.8145,46.69047,59.5483,52.80152,58.25805,57.80138,64.03124
12.36932,12.36932,12.36932,12.36932,13.34166,12.16553,12.16553,13.15295,12.16553,13.15295,13.0384,13.0384,13.0,13.0,13.0,13.0,13.0384,13.0384,13.0384,13.0,13.0,13.0384,13.0384,13.0384,13.0384,13.0384,12.0,13.0,12.0,12.04159,11.04536,12.04159,11.04536,11.04536,10.19804,10.19804,9.21954,9.21954,8.544,7.61577,7.61577,6.7082,7.61577,6.7082,5.83095,5.0,5.0,5.0,5.0,4.24264,3.60555,3.60555,66.76077,65.73431,62.8172,67.68309,68.44706,65.30697,70.34913,66.91039,67.89698,67.1193,71.17584,63.00794,70.11419,70.00714,66.0,69.02898,71.25307,69.18092,71.44928,68.35934,75.95393,72.18033,69.857,72.18033,68.06614,71.56815,67.46851,71.02112,70.85901,73.97973,67.60178,68.73136,66.48308,66.48308,65.27634,65.27634,62.03225,61.03278,58.13777,56.22277,56.32051,54.23099,48.25971,46.69047,42.95346,39.56008,39.56008,36.76955,34.53983,29.52965,30.01666,28.01785,25.80698,22.67157,19.84943,21.40093,17.0,35.73514,33.73426,36.49658,38.0,36.01389,39.11521,39.45884,42.42641,41.23106,40.80441,45.22168,42.05948,39.62323,41.48494,39.84972,40.8534,39.84972,37.64306,39.84972,39.84972,36.76955,39.29377,34.53983,37.48333,37.33631,38.47077,39.11521,40.4475,35.01428,38.11824,40.31129,41.30375,37.33631,39.56008,42.44997,38.60052,33.95585,43.32436,43.08132,44.41846,44.94441,44.94441,46.2277,48.16638,48.10405,44.59821,47.42362,48.79549,51.22499,49.67897,53.60037,53.0,53.53504,52.69725,55.56978,59.09315,60.40695
12.08305,12.08305,13.0,13.0,13.0,12.64911,12.64911,13.0,12.64911,12.36932,13.60147,13.15295,13.34166,13.15295,13.34166,13.15295,13.15295,13.15295,13.15295,13.15295,13.15295,13.15295,13.15295,13.0384,13.15295,13.15295,13.15295,13.15295,12.16553,12.36932,11.40175,11.40175,11.40175,10.77033,10.77033,9.48683,9.84886,9.84886,8.94427,8.06226,8.06226,7.2111,7.2111,7.07107,6.40312,5.65685,5.65685,5.0,4.47214,4.47214,4.47214,3.16228,64.3506,67.60178,68.47627,67.1193,67.54258,66.64833,71.58911,70.23532,70.26379,68.44706,69.07966,68.94926,74.33034,68.30813,69.37579,68.88396,71.30919,74.33034,72.56032,67.89698,72.00694,69.42622,72.33948,73.24616,69.87131,75.32596,71.84706,73.33485,67.89698,72.44308,71.02112,72.00694,70.03571,71.19691,62.514,65.51336,64.93843,60.41523,60.16644,54.70832,53.85165,50.53712,52.7731,48.37355,46.06517,41.59327,41.88078,38.27532,33.30165,29.0,31.241,24.69818,25.0,25.23886,21.0238,22.13594,16.49242,34.23449,35.44009,35.90265,40.8534,42.48529,40.70626,41.67733,38.47077,41.34005,45.0,45.34314,40.31129,40.36087,40.60788,41.7732,40.45986,44.55334,41.7732,42.43819,39.69887,42.44997,36.23534,40.0,40.22437,32.75668,39.44617,38.07887,43.04649,37.16181,41.4367,42.95346,40.4475,41.4367,41.10961,40.11234,46.04346,43.0,46.09772,43.56604,47.09565,47.29693,48.27007,45.12206,49.0408,53.48832,44.64303,46.95743,49.64877,51.31277,56.82429,52.63079,54.40588,52.20153,52.40229,57.28001,56.85068,61.55485
13.60147,13.60147,13.0,12.64911,13.0,13.0,13.41641,13.0,13.41641,14.31782,13.89244,13.89244,13.89244,13.0384,13.0384,14.42221,13.60147,14.42221,13.60147,13.60147,13.60147,13.60147,13.60147,14.21267,13.60147,13.60147,13.60147,13.60147,13.0384,13.0384,13.0384,11.6619,11.6619,11.6619,11.18034,10.77033,10.77033,9.48683,9.48683,8.24621,8.24621,7.28011,7.07107,7.07107,6.08276,6.0,5.0,5.0,4.0,4.12311,4.12311,3.16228,61.52235,58.24946,66.21933,63.56099,67.44627,66.09841,70.83784,68.41053,68.62215,71.69379,65.19202,66.18912,69.35416,72.00694,70.26379,68.8767,68.42514,68.47627,68.88396,67.42403,73.24616,71.40028,72.24957,70.29225,70.80254,69.02898,67.80118,72.00694,69.81404,68.60029,66.85058,66.21933,65.19202,64.81512,60.20797,60.46487,62.43397,59.36329,59.48109,57.3062,50.92151,53.14132,51.5461,44.59821,43.46263,42.72002,43.41659,39.05125,32.38827,35.12834,28.28427,29.83287,25.07987,21.0238,21.9545,17.02939,18.78829,34.66987,37.21559,36.67424,37.0,35.44009,40.02499,38.63936,41.4367,44.40721,38.01316,39.01282,43.10452,42.04759,41.0,38.0526,42.0119,42.10701,39.0,42.10701,43.01163,42.29657,37.12142,37.21559,40.11234,38.63936,37.94733,37.10795,33.83785,36.05551,37.12142,36.71512,37.58989,37.73592,39.96248,40.45986,37.64306,41.10961,42.44997,42.44997,42.2019,39.40812,43.01163,47.70744,47.41308,44.72136,49.98,49.76947,48.70318,49.49747,50.44799,48.27007,46.87217,53.33854,49.64877,54.08327,60.03332,61.0082
11.40175,11.40175,11.18034,11.40175,11.40175,11.7047,11.7047,11.7047,11.7047,12.08305,11.7047,13.0,12.08305,12.08305,12.08305,12.52996,12.52996,12.20656,12.20656,13.0384,11.6619,12.20656,12.20656,13.0384,12.20656,11.6619,12.20656,11.6619,11.6619,11.18034,11.18034,11.18034,10.29563,9.84886,8.94427,9.48683,8.544,8.24621,7.28011,7.07107,7.07107,6.08276,6.08276,5.0,5.0,4.12311,4.12311,4.12311,3.16228,3.16228,2.23607,2.23607,59.03389,64.12488,66.06815,65.00769,65.76473,64.49806,63.3877,68.73136,63.34824,69.42622,68.65858,64.19502,70.0928,67.72001,71.16881,71.51224,69.64194,70.38466,69.46222,68.8767,68.44706,68.942,69.35416,66.18912,69.77822,69.31811,68.42514,67.1193,67.74216,68.0,69.77105,66.21178,62.17717,66.85058,65.39113,62.62587,58.18935,61.03278,56.32051,51.66237,52.63079,52.7731,50.80354,46.17359,42.42641,44.18144,40.0125,35.01428,30.01666,30.26549,27.29469,24.5153,22.13594,21.37756,19.41649,14.21267,14.86607,35.34119,41.10961,37.36308,42.2019,38.83298,43.28972,40.11234,42.0,45.17743,42.0119,44.10215,44.10215,42.10701,44.72136,43.18565,40.60788,43.41659,37.65634,36.49658,44.40721,41.01219,39.01282,40.0,39.05125,37.05401,42.19005,38.32754,37.65634,37.48333,39.81206,35.73514,38.62642,42.37924,40.31129,43.46263,40.24922,40.70626,42.19005,41.88078,41.86884,45.27693,45.34314,46.69047,48.27007,49.0408,52.83938,49.64877,51.62364,51.42956,49.65884,46.51881,51.86521,52.20153,54.57105,57.28001,59.84146,57.87055
11.7047,12.08305,12.52996,12.08305,12.52996,12.52996,12.52996,13.0384,13.0384,12.20656,12.20656,12.20656,12.20656,12.80625,12.80625,12.80625,12.04159,12.72792,12.04159,12.72792,12.04159,12.72792,12.72792,12.72792,12.04159,12.04159,12.04159,12.04159,12.04159,11.40175,11.40175,11.40175,11.40175,10.29563,10.29563,8.94427,8.94427,8.94427,8.544,7.61577,7.28011,7.28011,7.28011,6.08276,6.08276,5.0,5.0,4.12311,4.12311,4.12311,3.16228,3.16228,63.60031,65.52099,65.80274,65.19202,61.68468,65.9242,68.70953,67.1193,67.1193,68.96376,70.83078,66.88797,72.40166,73.57309,66.37017,68.26419,68.8186,67.42403,68.00735,67.20119,68.88396,70.83784,68.0147,70.76722,65.19202,70.83784,71.50524,72.91776,68.76772,67.20863,65.29931,65.11528,68.88396,67.00746,64.66065,59.20304,61.03278,59.90826,56.0803,55.22681,51.89412,52.35456,47.01064,46.23851,42.37924,42.44997,36.05551,36.87818,32.24903,34.05877,27.0,27.01851,26.01922,22.56103,21.09502,17.08801,17.0,33.97058,36.05551,36.89173,40.31129,37.16181,37.33631,40.31129,40.80441,40.80441,41.4367,42.75512,41.19466,42.95346,40.60788,41.30375,42.29657,40.4475,40.4475,41.30375,37.12142,36.49658,41.23106,38.63936,37.65634,38.32754,36.68787,36.76955,36.40055,41.18252,39.44617,39.11521,37.48333,37.20215,43.60046,41.03657,41.72529,44.04543,39.69887,39.82462,45.65085,44.10215,43.41659,49.24429,48.46648,46.61545,48.27007,50.59644,48.83646,52.17279,56.08921,48.04165,54.03702,58.00862,56.0357,52.0,53.46027,60.41523
12.04159,12.04159,12.16553,12.16553,12.16553,12.16553,12.36932,12.36932,12.64911,12.64911,12.64911,12.64911,13.0,11.7047,12.08305,13.0,12.52996,12.08305,12.52996,12.52996,12.52996,12.52996,12.52996,12.52996,12.08305,12.08305,13.0,12.08305,11.7047,12.08305,10.44031,11.40175,10.44031,9.48683,9.21954,9.21954,9.05539,9.05539,8.0,8.0,7.0,7.07107,6.08276,6.08276,5.38516,5.09902,4.47214,4.47214,3.60555,4.24264,2.82843,3.60555,63.28507,62.20129,64.07027,65.37584,66.06815,64.19502,64.07027,64.03124,67.18631,70.45566,63.3877,67.47592,67.60178,67.36468,66.28725,69.05071,66.75328,65.0,66.76077,65.96969,68.96376,72.44998,68.70953,68.00735,66.09841,67.72001,70.5195,68.62215,69.26038,69.89278,69.92138,69.37579,61.84658,64.03124,64.28841,59.03389,59.84146,60.53098,60.29925,52.7731,54.03702,54.00926,46.17359,50.01,40.79216,37.21559,38.63936,33.83785,31.57531,32.31099,31.95309,28.30194,22.36068,22.2036,19.41649,19.10497,18.86796,29.15476,36.24914,38.60052,42.2019,38.83298,39.20459,38.20995,40.4475,41.01219,44.18144,42.10701,45.04442,39.45884,46.17359,39.62323,42.19005,47.26521,43.17407,39.62323,39.62323,34.0147,41.10961,38.20995,40.31129,37.12142,42.04759,37.01351,42.10701,34.71311,43.73786,38.62642,39.29377,40.49691,39.39543,40.70626,43.38202,42.95346,41.59327,42.80187,48.01042,42.43819,44.68781,45.34314,45.34314,46.01087,53.75872,49.81967,52.83938,49.73932,46.64762,47.92703,53.7122,52.81098,55.02727,58.24088,59.68249,58.94065
13.0,12.64911,12.64911,13.60147,13.60147,12.64911,13.34166,13.34166,13.34166,13.34166,13.15295,13.0384,13.15295,13.0384,13.0384,13.0384,13.0384,13.0384,13.0,13.0,13.0,13.0384,13.0384,13.0,13.0384,13.0,13.0,12.04159,12.04159,12.04159,12.16553,12.16553,11.18034,11.18034,10.19804,10.44031,9.48683,9.48683,8.544,8.94427,7.61577,8.06226,7.2111,6.40312,6.40312,5.65685,5.65685,5.65685,5.0,5.0,3.60555,3.16228,67.17887,60.60528,67.42403,65.43699,62.68174,65.8635,68.26419,71.19691,68.96376,73.79024,66.37017,67.97794,66.85058,69.46222,68.942,65.78754,71.51224,67.35726,68.30813,72.8011,69.92138,69.92138,67.46851,66.94027,65.25335,70.61161,67.91171,71.80529,72.78049,66.70832,66.94027,69.64194,65.14599,66.4906,64.84597,66.7308,63.90618,57.93962,58.5235,51.47815,55.9017,49.73932,50.08992,49.09175,45.27693,40.45986,43.27817,36.06938,37.48333,32.01562,27.78489,27.29469,21.63331,27.73085,21.0238,18.11077,17.02939,34.36568,32.98485,33.52611,38.48376,39.56008,39.82462,36.89173,37.44329,42.63801,38.41875,42.44997,39.62323,43.01163,43.86342,36.87818,41.01219,39.62323,39.59798,38.8973,38.41875,41.03657,37.20215,34.82815,36.05551,38.27532,34.98571,36.35932,38.58756,37.58989,39.21734,35.34119,38.60052,42.05948,41.7732,42.44997,37.48333,39.05125,35.0571,38.0526,45.27693,42.42641,45.12206,42.57934,44.27189,43.65776,47.92703,47.43416,48.02083,53.23533,51.89412,53.7122,53.90733,53.53504,52.00961,56.58622,59.46427,63.65532
11.18034,11.18034,12.16553,12.16553,12.16553,12.16553,11.40175,11.40175,11.40175,12.36932,12.64911,12.08305,11.7047,11.7047,11.7047,12.08305,12.52996,12.08305,12.52996,12.52996,12.08305,12.52996,11.18034,12.52996,12.52996,12.52996,12.08305,12.08305,12.08305,11.18034,10.77033,10.44031,10.44031,9.48683,9.48683,9.21954,8.24621,8.06226,8.06226,7.07107,7.0,6.0,6.0,5.0,5.09902,4.12311,4.12311,3.16228,3.16228,3.16228,2.23607,2.23607,60.53098,61.18823,63.78871,64.28063,64.12488,64.07027,65.06919,69.00725,67.00746,68.18358,67.26812,66.48308,65.27634,67.60178,67.74216,65.9242,67.26812,66.94027,67.46851,64.03124,71.7844,67.05222,71.16881,69.64194,69.57011,69.57011,66.40783,74.09453,67.6757,65.52099,66.09841,68.68042,65.80274,64.19502,63.06346,60.87693,60.53098,58.54912,58.69412,55.3263,53.08484,52.15362,47.01064,47.09565,43.04649,37.21559,37.65634,33.37664,32.89377,30.46309,29.15476,23.76973,21.93171,20.59126,18.60108,17.02939,17.80449,32.28002,36.49658,38.0526,41.0,39.05125,40.1995,40.60788,42.57934,42.19005,42.95346,42.2019,42.2019,41.48494,42.95346,39.84972,43.17407,43.32436,37.69615,41.97618,41.4367,42.15448,41.97618,36.40055,39.56008,39.45884,37.33631,35.0571,39.20459,38.01316,43.18565,40.4475,41.59327,41.7732,39.05125,41.97618,43.01163,42.37924,43.909,39.44617,41.04875,43.56604,46.61545,46.75468,50.9902,50.93133,47.20169,49.51767,47.42362,47.70744,51.97115,49.92995,48.54894,53.22593,54.12947,55.15433,61.35145,56.61272
12.08305,12.08305,12.08305,12.08305,12.08305,11.7047,12.64911,12.64911,12.64911,12.64911,12.64911,13.34166,12.16553,12.16553,12.36932,13.15295,13.15295,13.15295,13.0384,13.0384,13.0384,13.15295,13.0384,13.0384,13.0384,13.0384,13.15295,12.16553,12.16553,12.16553,11.40175,10.44031,11.40175,10.44031,10.44031,9.48683,9.48683,8.544,8.06226,7.61577,8.06226,6.7082,6.40312,5.83095,5.83095,5.0,4.24264,4.24264,3.60555,3.60555,2.82843,2.23607,56.82429,63.52952,63.97656,64.2573,67.6757,62.29767,66.7308,66.09841,70.34202,66.28725,66.70832,68.65858,70.85901,69.05071,70.45566,72.33948,70.17834,66.18912,68.11755,70.02857,66.06815,70.17834,69.00725,72.06247,69.00725,71.02816,72.02777,72.02777,68.06614,71.02816,71.02816,70.0,67.0,68.18358,64.03124,62.07254,65.19202,61.81424,58.85576,55.10898,52.95281,53.60037,48.50773,44.01136,43.08132,39.21734,40.31129,36.05551,32.24903,29.20616,27.45906,25.6125,21.93171,25.0,21.93171,18.35756,15.81139,33.0,34.23449,36.67424,37.85499,41.10961,42.54409,38.07887,38.47077,43.56604,39.82462,43.26662,38.07887,47.16991,42.2019,41.03657,45.0,41.6173,41.10961,37.01351,39.96248,40.49691,39.66106,37.44329,40.31129,40.31129,36.68787,36.13862,31.32092,37.0,37.0,36.34556,38.01316,35.35534,39.11521,38.11824,41.01219,40.11234,43.56604,45.35416,42.72002,43.9659,44.38468,47.75982,43.46263,48.76474,47.53946,49.1935,48.01042,54.20332,48.41487,47.50789,52.34501,51.66237,57.2014,52.80152,53.2635,59.36329
12.64911,12.64911,12.64911,12.64911,13.60147,12.36932,13.34166,13.34166,13.15295,12.36932,13.15295,13.15295,13.15295,13.0384,13.0384,14.03567,13.0384,13.0384,13.0,13.0,13.0384,13.0,13.0384,13.0,13.0384,13.0,13.0384,13.0384,12.04159,12.16553,11.18034,11.18034,11.40175,10.19804,10.19804,10.44031,9.48683,8.94427,7.61577,7.61577,7.61577,7.61577,5.83095,5.83095,5.83095,5.0,5.0,4.24264,4.24264,3.60555,3.16228,2.23607,59.66574,64.89992,67.97794,65.8635,68.942,69.35416,68.942,66.21178,68.8767,66.48308,71.16881,74.04053,68.68042,66.40783,70.60453,72.18033,66.48308,67.91171,75.69016,73.43705,73.97973,74.67262,72.83543,73.5459,69.18092,72.99315,72.56032,75.53807,70.5762,71.56815,68.593,68.24954,68.88396,68.06614,67.26812,61.68468,62.64184,59.48109,58.69412,59.46427,53.7122,54.626,48.30114,46.95743,42.72002,42.19005,37.58989,32.64966,31.241,32.52691,29.41088,25.4951,25.4951,22.2036,23.08679,17.88854,14.86607,35.0,37.01351,40.02499,32.98485,38.47077,44.01136,44.40721,44.41846,37.48333,38.01316,40.71855,39.0,53.66563,48.37355,46.75468,38.94868,50.44799,30.52868,46.04346,29.06888,37.64306,38.32754,33.83785,35.77709,38.48376,30.61046,35.12834,25.07987,30.46309,45.17743,45.04442,43.41659,45.35416,40.0125,41.30375,35.0571,41.19466,40.04997,41.30375,43.56604,42.42641,43.65776,42.15448,47.75982,51.86521,46.64762,47.85394,49.92995,49.24429,54.91812,48.01042,53.2635,54.56189,54.45181,55.9017,55.60576,59.81639
11.31371,11.31371,11.31371,12.04159,11.31371,12.04159,11.40175,11.40175,11.40175,10.81665,11.6619,11.6619,11.6619,11.6619,11.6619,11.18034,11.6619,11.18034,11.7047,11.18034,12.08305,12.08305,12.08305,11.7047,12.08305,12.08305,11.6619,11.18034,11.18034,10.81665,10.29563,10.29563,9.43398,9.43398,10.0,8.48528,8.48528,7.81025,7.07107,7.07107,5.83095,5.83095,5.83095,5.38516,5.38516,4.12311,4.12311,4.12311,3.0,3.0,3.16228,2.23607,67.41662,62.68174,67.20119,64.03124,62.80127,66.06815,68.24954,70.00714,61.52235,70.76722,64.38167,68.76772,69.42622,65.94695,74.51845,68.8186,71.8401,66.28725,68.60029,66.0303,72.20111,68.7968,72.56032,69.64194,69.97142,72.56032,67.41662,70.83078,69.33974,70.49113,69.11584,70.60453,59.64059,66.88797,64.03124,62.28965,64.53681,57.62812,56.63921,55.97321,55.17246,49.57822,48.01042,45.0,42.80187,42.19005,36.23534,37.58989,32.69557,30.36445,29.83287,27.51363,25.96151,25.4951,21.0,18.0,14.31782,35.34119,37.73592,40.49691,39.40812,37.44329,41.86884,41.7732,43.18565,38.60052,41.23106,44.20407,41.04875,47.16991,43.56604,39.96248,44.77723,44.77723,42.19005,40.49691,44.65423,44.10215,40.22437,37.01351,37.80212,40.31129,42.52058,38.28838,41.03657,35.4683,38.28838,36.35932,40.49691,42.54409,41.18252,41.14608,43.56604,44.38468,47.43416,41.23106,46.69047,44.14748,46.69047,51.24451,46.17359,51.0,55.03635,50.01,50.24938,53.60037,49.47727,54.40588,58.24088,56.51548,48.70318,60.83584,63.69458,55.03635
10.81665,10.81665,10.81665,10.81665,11.40175,11.40175,10.81665,11.40175,11.40175,11.31371,12.04159,11.31371,11.31371,11.31371,12.04159,11.40175,11.40175,11.40175,11.40175,11.40175,11.40175,11.40175,11.40175,11.6619,11.40175,12.20656,11.40175,10.63015,11.40175,11.31371,10.63015,9.89949,10.0,9.21954,8.60233,8.60233,8.60233,8.06226,7.2111,6.7082,6.7082,6.32456,5.38516,5.09902,5.09902,5.0,4.0,4.0,3.16228,3.16228,2.23607,2.23607,59.13544,61.98387,64.4748,68.942,64.84597,71.11259,63.06346,64.00781,64.66065,66.37017,63.63175,65.80274,67.20119,63.60031,65.43699,68.76772,71.44928,68.593,62.96825,66.46804,68.593,66.48308,68.11755,67.47592,65.43699,70.43437,66.6033,68.68042,67.88225,70.03571,67.89698,69.31089,65.06919,63.70243,66.52819,64.66065,59.66574,60.959,59.03389,51.40039,53.82379,50.47772,45.65085,44.94441,41.59327,41.18252,35.8469,35.4683,30.36445,30.80584,27.07397,26.4764,21.0238,20.02498,22.2036,17.46425,16.49242,33.97058,36.23534,39.82462,41.18252,39.0,42.95346,39.05125,44.92215,36.67424,43.17407,42.95346,45.54119,44.55334,44.55334,36.87818,39.45884,45.12206,41.4367,40.4475,44.40721,42.75512,44.92215,35.22783,35.90265,39.21734,41.4367,37.69615,38.07887,36.23534,41.6173,37.80212,37.64306,40.36087,43.18565,41.10961,45.27693,45.60702,43.41659,42.72002,44.10215,43.82921,45.69464,48.8467,49.98,52.81098,44.91102,45.60702,53.15073,49.81967,50.15974,54.14795,53.00943,56.0,52.00961,57.31492,58.85576,60.44005
12.04159,11.40175,12.20656,12.20656,11.40175,12.20656,12.20656,11.6619,11.6619,11.6619,12.08305,12.52996,12.08305,12.08305,12.08305,13.0,11.7047,11.7047,11.40175,12.64911,11.7047,12.08305,11.7047,11.7047,11.7047,12.64911,12.08305,12.08305,11.18034,11.18034,11.18034,11.6619,9.43398,10.0,10.0,9.21954,9.21954,7.81025,8.48528,7.81025,7.07107,6.40312,7.2111,5.83095,5.83095,5.38516,5.38516,4.12311,4.12311,4.0,4.0,3.0,66.48308,63.63961,62.28965,62.00806,60.87693,68.24954,64.03124,70.43437,65.29931,67.80118,72.71864,65.51336,67.1193,67.95587,65.36819,70.71068,71.19691,68.8767,71.58911,70.77429,74.0,65.0,72.8011,73.68175,70.93659,71.7844,69.46222,73.53911,68.54196,71.51224,66.7308,70.38466,68.54196,64.4748,64.84597,64.00781,60.90156,60.20797,62.76942,54.40588,51.0392,48.16638,47.42362,43.13931,43.13931,42.0119,37.64306,35.38361,30.88689,28.17801,27.20294,28.79236,22.36068,22.36068,22.0,19.0263,18.68154,32.98485,35.90265,34.9285,38.91015,40.24922,41.34005,38.60052,41.86884,43.27817,41.72529,40.45986,37.20215,41.72529,39.62323,42.44997,41.01219,41.7732,41.03657,41.6173,43.13931,41.03657,37.53665,36.12478,36.40055,36.23534,39.82462,35.22783,35.35534,38.27532,42.05948,33.61547,40.31129,40.49691,37.69615,43.17407,43.68066,42.2019,41.30375,41.10961,46.09772,45.0,47.26521,50.35871,51.62364,47.67599,41.48494,45.35416,51.86521,52.55473,52.20153,51.07837,56.35601,54.56189,55.75841,56.93856,58.00862,54.81788
12.04159,11.31371,12.04159,12.04159,12.72792,12.04159,12.20656,12.20656,12.20656,12.20656,13.60147,13.0384,12.20656,12.52996,11.6619,13.0,12.08305,13.0,12.08305,13.0,12.08305,13.0,13.0,13.0,12.52996,12.08305,12.08305,12.52996,11.6619,12.52996,10.29563,10.81665,10.81665,10.0,10.0,9.21954,9.21954,8.48528,7.81025,7.81025,7.81025,7.2111,7.2111,5.83095,5.38516,5.38516,5.38516,5.09902,5.0,4.0,4.0,3.16228,62.96825,63.70243,68.00735,63.25346,65.21503,65.19202,65.60488,68.00735,66.64833,71.69379,65.8635,64.84597,61.32699,63.95311,65.74192,68.54196,70.93659,68.35203,68.35203,66.30988,71.8401,68.62215,69.92138,68.24954,69.12308,65.73431,68.65858,70.61161,70.34202,65.30697,70.60453,70.83784,66.40783,70.5762,63.90618,63.56886,61.32699,59.09315,56.46238,50.60632,57.45433,50.77401,47.63402,49.20366,44.04543,39.62323,37.53665,35.35534,36.12478,29.73214,28.01785,25.0,24.41311,27.73085,22.13594,19.92486,19.0263,31.95309,35.4683,38.48376,38.91015,40.80441,39.82462,35.80503,41.10961,38.28838,39.62323,38.94868,38.20995,41.86884,42.63801,41.72529,38.8973,40.60788,41.10961,44.55334,39.82462,36.79674,39.62323,32.55764,41.03657,41.86884,34.82815,34.20526,38.94868,38.83298,39.0,40.49691,39.39543,41.78516,39.21734,43.17407,43.10452,42.10701,41.01219,43.41659,43.01163,44.01136,46.17359,48.37355,48.37355,50.69517,54.57105,50.59644,48.75449,52.92447,52.0,49.65884,51.88449,59.16925,57.45433,59.36329,58.60034,58.0517
12.04159,11.40175,11.40175,12.04159,11.40175,12.20656,12.20656,12.20656,11.6619,11.6619,12.52996,12.52996,12.52996,12.08305,12.08305,12.64911,11.7047,11.7047,11.7047,11.7047,11.7047,11.7047,12.64911,12.64911,11.7047,11.7047,12.64911,12.08305,11.7047,10.77033,11.18034,10.77033,10.29563,10.29563,9.43398,9.43398,8.60233,8.60233,7.81025,7.81025,7.07107,7.07107,6.40312,6.40312,5.83095,4.47214,4.47214,4.12311,4.12311,4.12311,4.12311,3.0,61.7171,61.84658,64.66065,64.14047,63.63175,69.89278,69.33974,69.77105,69.35416,63.52952,68.54196,67.1193,69.64194,67.97794,67.41662,65.78754,69.28925,67.05222,68.65858,65.52099,68.06614,66.70832,66.70832,71.19691,69.63476,69.87131,72.18033,68.88396,70.34202,72.56721,68.41053,67.18631,68.24954,66.09841,61.61169,60.08328,62.62587,57.00877,56.64804,55.15433,51.89412,48.76474,47.70744,44.65423,42.43819,41.40048,36.79674,34.82815,33.24154,31.241,28.3196,23.85372,23.43075,21.0238,19.69772,15.52417,13.60147,35.51056,35.44009,36.24914,38.27532,39.35734,38.07887,41.04875,39.40812,42.80187,41.86884,42.44997,45.25483,42.52058,39.69887,40.36087,38.28838,41.10961,43.84062,41.01219,41.03657,37.48333,36.40055,35.80503,38.20995,39.20459,38.41875,40.31129,37.21559,40.71855,39.21734,39.92493,42.72002,40.26164,42.2019,41.23106,42.42641,42.10701,40.0125,42.0,43.04649,47.04253,46.52956,46.32494,49.47727,45.88028,52.88667,48.70318,52.3259,49.1935,51.89412,51.42956,54.3783,55.80323,52.00961,55.44367,55.22681,60.30755
12.04159,12.04159,12.16553,12.16553,12.16553,12.16553,12.16553,12.16553,12.36932,12.36932,12.36932,12.64911,11.7047,11.7047,11.7047,13.0,12.64911,12.08305,12.08305,12.08305,12.08305,13.0,13.0,12.52996,12.08305,12.08305,11.7047,11.7047,11.7047,12.36932,11.40175,11.40175,10.19804,10.19804,10.19804,10.04988,9.0,8.0,8.0,7.07107,7.07107,7.07107,6.08276,6.32456,6.32456,5.38516,4.47214,3.60555,3.60555,2.82843,3.60555,3.60555,67.26812,58.0,66.91039,67.36468,62.80127,74.54529,62.36986,67.47592,66.94027,73.4983,67.91171,70.2282,70.5762,70.5195,69.26038,73.73602,75.23962,72.09022,67.62396,72.89719,79.60528,70.26379,75.29276,66.03787,67.1193,68.47627,66.88797,73.43024,68.0,75.17978,68.96376,76.02631,66.18912,70.26379,62.96825,65.19202,62.03225,59.13544,56.30275,59.48109,59.22837,53.60037,48.6621,44.38468,44.28318,43.18565,42.0,35.0,36.0,32.14032,29.42788,28.16026,28.63564,20.24846,21.47091,17.20465,19.20937,34.98571,38.91015,37.33631,42.05948,36.67424,42.42641,45.12206,42.04759,47.0,42.19005,44.04543,44.01136,43.41659,39.31921,42.10701,39.01282,42.0,44.18144,40.31129,40.1995,37.48333,35.01428,36.05551,34.05877,40.31129,42.95346,42.75512,40.5216,36.40055,46.09772,38.48376,42.48529,39.0,42.94182,39.05125,42.05948,41.6173,41.40048,40.36087,43.84062,48.79549,47.42362,50.60632,50.80354,51.86521,57.3062,50.47772,50.56679,53.22593,44.77723,51.92302,54.40588,55.10898,60.16644,59.43904,63.12686,58.21512
11.04536,11.04536,12.16553,11.04536,12.16553,11.18034,11.18034,11.18034,11.18034,11.40175,12.36932,11.7047,11.7047,11.7047,11.7047,11.7047,11.7047,11.7047,12.08305,12.08305,11.7047,12.08305,12.08305,11.18034,12.08305,12.08305,11.7047,11.7047,10.77033,11.40175,10.19804,10.19804,10.19804,9.21954,9.05539,9.05539,9.0,8.06226,7.0,7.0,7.07107,6.08276,6.08276,5.38516,5.38516,4.47214,4.47214,3.60555,3.60555,2.82843,2.82843,2.82843,64.28063,64.19502,64.38167,63.3877,65.30697,64.53681,62.64184,65.52099,69.26038,67.05222,67.6757,66.48308,72.44998,66.21178,64.19502,69.77822,67.97794,63.13478,70.23532,72.89719,70.71068,70.17834,68.7968,70.49113,67.23095,69.06519,67.95587,62.68174,68.47627,65.73431,64.89992,69.89278,64.49806,64.41273,65.29931,61.32699,61.26989,59.09315,52.92447,56.921,54.40588,47.29693,47.53946,45.89118,39.81206,41.19466,38.32754,38.01316,29.01724,30.06659,27.16616,26.30589,22.13594,24.04163,20.61553,18.60108,16.97056,34.98571,35.34119,34.78505,41.10961,42.72002,36.87818,38.0526,41.4367,41.19466,40.0,43.10452,44.01136,44.01136,42.10701,43.18565,39.05125,39.05125,43.04649,39.0,41.19466,38.0526,40.11234,38.20995,39.11521,38.47077,37.33631,36.87818,39.21734,35.69314,38.60052,42.04759,38.91015,42.05948,41.18252,37.44329,45.22168,40.0,42.63801,43.86342,43.93177,45.27693,43.41659,45.79301,44.10215,50.47772,44.59821,48.46648,47.01064,46.8188,50.69517,53.36666,52.39275,53.60037,53.75872,54.45181,56.4358,60.03332
11.40175,11.40175,11.7047,11.40175,11.7047,10.77033,11.7047,10.77033,11.18034,12.08305,12.08305,11.6619,11.6619,11.6619,11.6619,12.20656,11.40175,12.20656,11.40175,11.40175,11.40175,11.40175,12.20656,12.04159,12.20656,12.20656,10.81665,10.81665,10.29563,11.6619,10.29563,10.29563,9.84886,9.84886,8.94427,9.48683,8.544,8.24621,7.28011,7.07107,7.07107,6.0,6.0,5.0,5.09902,5.09902,4.12311,3.16228,3.16228,3.60555,3.60555,2.82843,61.84658,61.26989,64.00781,66.03787,69.46222,62.96825,66.28725,68.60029,67.00746,66.4003,63.24555,66.06815,68.593,68.11755,67.89698,70.72482,70.00714,66.48308,64.66065,71.06335,70.93659,65.80274,68.41053,66.0303,69.40461,69.33974,71.40028,70.72482,69.40461,69.81404,70.43437,67.00746,62.482,67.00746,65.11528,58.69412,54.45181,59.39697,56.72742,52.40229,56.22277,47.63402,48.54894,45.79301,43.04649,40.24922,35.77709,33.24154,29.83287,28.63564,26.30589,26.4764,22.09072,25.07987,21.09502,19.41649,11.6619,35.22783,33.24154,38.94868,35.22783,39.20459,36.35932,38.58756,41.14608,42.04759,41.4367,41.23106,40.8534,41.78516,43.68066,40.80441,41.78516,36.05551,41.48494,44.27189,42.72002,39.21734,37.33631,40.24922,38.48376,39.39543,37.58989,36.23534,40.0,36.12478,39.62323,40.36087,38.18377,41.72529,36.87818,42.2019,42.72002,41.14608,42.04759,43.46263,43.08132,43.32436,45.22168,41.48494,46.52956,44.91102,45.12206,48.04165,51.0,49.09175,50.01,49.0102,52.34501,49.81967,52.7731,56.32051,55.31727,56.921
13.0384,12.04159,12.0,13.0384,13.0,13.0,13.0384,13.0384,12.04159,12.04159,13.0384,13.15295,13.15295,13.15295,13.34166,13.34166,13.34166,13.34166,12.36932,12.36932,12.36932,13.60147,13.60147,13.60147,13.34166,13.34166,13.34166,12.36932,12.36932,12.16553,12.16553,11.18034,11.04536,10.04988,11.04536,10.0,9.0,8.06226,9.0,8.06226,8.06226,7.07107,7.07107,6.08276,6.08276,5.38516,5.38516,4.47214,3.16228,3.60555,3.60555,2.82843,63.32456,61.13101,70.21396,64.53681,68.06614,63.63961,63.95311,70.34913,66.18912,68.35934,71.17584,70.02857,68.02941,69.02898,72.00694,70.34913,65.19202,69.58448,71.34424,67.36468,72.83543,66.28725,72.56721,68.88396,67.08204,66.4906,68.44706,70.61161,68.44706,73.75636,68.44706,70.21396,68.73136,64.93843,66.75328,61.03278,63.07139,60.07495,59.13544,56.00893,56.22277,52.00961,45.54119,48.50773,44.55334,39.05125,39.84972,38.32754,32.69557,26.41969,29.52965,24.83948,25.23886,18.60108,20.61553,20.61553,18.02776,34.36568,35.12834,37.05401,35.01428,36.67424,38.47077,39.81206,40.5216,41.10961,40.8534,39.21734,46.61545,45.69464,43.86342,40.71855,41.59327,45.61798,40.31129,39.0,38.01316,39.56008,40.71855,37.57659,36.05551,38.32754,37.64306,37.65634,36.49658,41.4367,36.05551,36.05551,39.45884,40.1995,39.31921,42.29657,40.5216,40.26164,38.07887,40.31129,42.04759,44.77723,40.31129,50.60632,46.61545,44.68781,45.48626,49.57822,48.10405,49.49747,51.22499,47.50789,55.80323,55.56978,54.08327,54.626,55.4617,55.54278
10.63015,10.63015,11.40175,11.40175,11.40175,11.40175,11.40175,10.81665,11.6619,11.18034,11.6619,11.18034,11.18034,12.08305,11.18034,11.7047,11.7047,11.7047,12.36932,11.7047,11.7047,11.40175,11.7047,11.40175,11.40175,11.7047,11.7047,11.7047,10.77033,10.77033,10.77033,9.84886,10.29563,8.94427,9.43398,8.60233,8.60233,8.06226,7.81025,6.40312,5.65685,6.40312,5.65685,5.0,5.0,4.47214,4.47214,4.12311,3.16228,3.0,3.0,2.23607,67.00746,61.07373,63.12686,60.44005,62.28965,61.52235,74.41102,63.78087,65.94695,66.52819,67.26812,69.29646,73.24616,72.62231,71.28113,66.85058,73.78347,67.53518,67.60178,72.20111,69.31811,72.94518,68.02941,74.68601,68.88396,72.06941,70.26379,68.02941,71.58911,73.40981,69.31811,71.58911,68.0,66.7308,65.8635,60.74537,58.5235,59.90826,56.22277,54.67175,53.15073,52.34501,48.9183,43.13931,42.80187,41.10961,39.66106,38.27532,33.12099,33.10589,30.67572,26.92582,28.4605,23.76973,19.0263,17.0,15.0333,34.0147,38.94868,38.83298,41.23106,39.20459,42.52058,41.10961,41.40048,42.52058,38.28838,47.42362,40.81666,45.60702,43.56604,38.27532,40.49691,40.60788,42.19005,40.36087,42.05948,41.34005,40.80441,38.83298,36.06938,41.10961,40.60788,44.59821,42.44997,37.01351,33.83785,40.81666,43.04649,35.4683,39.96248,41.14608,39.92493,44.27189,42.2019,45.17743,43.56604,43.41659,50.0,46.01087,50.15974,45.0,54.00926,48.09366,52.34501,49.24429,57.97413,51.24451,55.36244,50.28916,54.78138,52.47857,57.69749,55.21775
10.81665,10.29563,11.18034,11.6619,11.18034,11.18034,10.77033,11.7047,11.7047,11.7047,11.7047,11.7047,11.40175,11.40175,11.40175,12.16553,12.16553,12.16553,12.16553,12.04159,12.16553,12.04159,11.18034,11.04536,12.16553,11.18034,11.18034,11.18034,11.18034,11.40175,10.19804,10.19804,10.44031,9.48683,9.48683,8.94427,8.06226,7.61577,7.2111,7.2111,7.2111,5.83095,5.65685,5.65685,4.24264,4.24264,3.60555,3.60555,3.60555,2.23607,2.0,2.0,61.03278,59.68249,67.08204,62.6099,61.7414,69.35416,63.56099,68.35203,63.69458,68.62215,63.90618,65.45991,68.00735,63.89053,67.68309,69.42622,67.47592,68.24954,71.56815,66.27217,76.05919,67.47592,71.11259,71.25307,67.47592,73.24616,69.06519,68.11755,69.02898,71.17584,67.26812,69.26038,62.1289,68.06614,61.13101,69.05071,54.58938,58.85576,57.28001,58.24088,52.20153,51.5461,49.33559,45.22168,42.54409,41.14608,39.66106,33.54102,37.01351,28.01785,28.3196,24.75884,23.02173,18.38478,20.59126,20.24846,18.02776,37.10795,36.67424,35.44009,38.01316,38.01316,44.77723,42.19005,42.2019,43.60046,39.69887,41.23106,44.04543,41.7732,41.86884,39.62323,39.69887,44.68781,41.86884,42.42641,39.05125,36.12478,37.53665,36.87818,37.21559,38.27532,42.05948,37.73592,38.91015,37.0,38.60052,37.94733,43.65776,40.02499,40.02499,39.62323,41.7732,43.04649,42.0119,42.10701,43.73786,46.17359,42.72002,50.28916,46.8188,49.72927,45.22168,48.46648,53.23533,49.64877,48.37355,51.61395,52.00961,53.90733,51.08816,57.38467,56.0803,60.82763
13.0384,13.0384,13.0384,13.0384,13.15295,13.15295,13.34166,13.34166,13.34166,13.60147,13.34166,13.60147,13.60147,12.64911,13.60147,13.0,14.31782,13.0,13.41641,13.92839,13.41641,13.41641,13.41641,14.31782,13.0,13.0,13.0,13.0,13.0,12.64911,12.64911,12.64911,11.40175,11.18034,10.44031,10.19804,10.04988,9.0,9.0,9.0,8.0,8.0,7.07107,7.07107,6.08276,6.08276,5.38516,5.38516,4.47214,4.47214,3.60555,3.60555,67.26812,63.03174,64.03124,67.02984,62.1289,64.19502,72.44308,67.26812,70.85901,64.38167,68.24954,70.21396,66.94027,70.83078,67.18631,66.40783,68.94926,66.7308,69.89278,68.44706,72.09022,70.2282,70.38466,70.21396,68.942,69.46222,67.97794,70.66116,69.77822,69.31811,72.49828,65.55151,63.69458,64.2573,65.39113,62.93648,64.7611,61.40033,59.66574,58.24946,51.78803,53.08484,48.50773,49.0408,43.01163,43.04649,40.04997,38.20995,31.40064,30.08322,26.92582,27.85678,20.88061,20.24846,22.82542,17.88854,17.49286,35.8469,36.40055,34.48188,39.45884,40.31129,37.0,38.0526,40.11234,41.0,42.42641,42.29657,40.31129,46.27094,42.19005,46.52956,39.20459,41.0,38.83298,40.1995,39.45884,38.20995,40.11234,38.0526,39.01282,37.0,34.0147,33.01515,36.22154,34.71311,39.05125,37.64306,39.21734,37.33631,42.94182,44.38468,41.59327,40.49691,41.04875,42.43819,46.01087,40.36087,42.0119,45.34314,47.01064,46.8615,50.47772,49.67897,44.41846,47.01064,53.66563,48.76474,55.36244,55.08176,54.57105,55.31727,54.81788,56.56854
13.41641,13.0,12.52996,12.52996,12.52996,12.52996,13.0384,12.20656,12.20656,12.80625,12.80625,12.80625,13.45362,13.45362,13.45362,13.45362,12.72792,12.72792,12.72792,12.72792,13.45362,13.45362,12.72792,13.45362,13.45362,12.72792,12.72792,12.72792,12.04159,12.04159,12.04159,11.40175,11.40175,10.81665,10.81665,10.81665,9.43398,8.94427,8.06226,8.06226,7.61577,7.61577,7.61577,6.32456,6.08276,5.09902,6.0,5.0,4.0,4.0,4.0,3.16228,62.76942,64.07808,66.21178,63.56099,67.62396,68.88396,71.19691,68.96376,68.7968,70.17834,68.26419,69.81404,70.45566,65.80274,72.8011,70.17834,72.13876,70.03571,67.89698,69.31089,70.0928,72.86288,72.47068,72.24957,69.42622,72.34639,72.91776,68.88396,69.42622,72.34639,67.20863,70.29225,68.593,67.17887,70.03571,62.00806,58.79626,60.44005,62.20129,58.41233,54.70832,48.54894,49.64877,47.50789,45.17743,45.18849,41.76123,38.07887,32.98485,36.05551,27.45906,30.26549,23.08679,21.0,19.0,20.22375,17.08801,32.55764,33.97058,36.40055,35.51056,42.54409,38.47077,39.92493,41.4367,41.78516,39.56008,45.35416,40.80441,44.72136,40.79216,40.79216,39.62323,40.60788,38.63936,36.87818,41.97618,38.63936,36.40055,35.73514,38.27532,37.0,38.60052,34.0147,36.71512,37.73592,34.66987,40.80441,40.22437,41.01219,38.94868,39.59798,38.28838,39.40812,39.96248,43.01163,46.14109,42.04759,43.38202,44.01136,48.76474,43.9659,45.27693,47.85394,51.24451,53.60037,50.24938,48.0,50.15974,54.08327,55.44367,55.57877,55.9017,54.81788
12.0,12.0,12.0,12.0,12.0,13.0,13.0384,12.04159,12.04159,12.16553,13.0384,13.15295,12.36932,12.36932,12.36932,12.64911,12.64911,12.36932,12.64911,11.7047,12.64911,12.64911,12.64911,12.64911,12.64911,12.64911,12.64911,11.40175,12.36932,11.40175,11.18034,11.18034,10.04988,10.04988,10.0,10.0,9.0,8.06226,8.06226,8.06226,7.28011,7.28011,6.32456,6.32456,5.38516,5.0,4.47214,5.0,4.24264,3.60555,3.60555,3.60555,57.07013,62.36986,65.30697,63.1981,71.70077,70.85901,64.38167,70.17834,67.1193,64.07027,69.00725,63.07139,66.06815,69.06519,65.00769,71.25307,68.35934,64.38167,70.85901,70.21396,69.63476,68.88396,67.68309,70.21396,64.77654,68.06614,71.30919,70.83078,69.42622,71.80529,73.5459,68.88396,64.49806,63.3877,65.49046,66.27217,57.21888,60.07495,59.00847,59.03389,56.0357,52.46904,44.40721,45.89118,42.57934,37.10795,39.21734,35.44009,35.1141,26.41969,27.29469,30.61046,26.24881,21.2132,20.80865,19.84943,14.76482,34.43835,38.32754,38.32754,40.4475,40.1995,36.05551,42.29657,41.19466,43.18565,39.29377,44.40721,46.52956,39.84972,41.23106,45.54119,36.87818,42.57934,41.0,38.60052,41.10961,38.60052,41.4367,38.32754,35.51056,40.04997,41.19466,41.30375,38.0,37.0,38.20995,39.81206,39.62323,37.36308,40.60788,40.26164,45.35416,41.62932,37.73592,42.19005,43.26662,44.94441,39.82462,52.00961,41.40048,48.9183,50.24938,48.79549,53.07542,46.8615,43.82921,51.40039,57.70615,58.59181,51.42956,56.36488,59.61543,55.15433
11.40175,11.40175,11.7047,11.7047,11.7047,10.77033,11.18034,12.08305,11.18034,12.08305,12.08305,11.18034,12.52996,11.6619,11.6619,11.6619,11.6619,12.20656,11.40175,11.40175,11.40175,12.04159,10.81665,11.6619,11.40175,11.6619,12.20656,11.6619,11.6619,11.18034,10.29563,10.29563,9.43398,8.94427,8.94427,9.48683,8.24621,8.24621,7.07107,7.07107,7.07107,6.0,6.0,6.08276,5.09902,5.09902,4.12311,4.12311,3.60555,2.82843,3.60555,2.82843,61.32699,62.93648,63.97656,63.97656,63.06346,67.1193,63.63175,69.35416,66.28725,66.88797,68.60029,64.89992,67.42403,66.28725,69.40461,66.6033,71.8401,63.70243,69.42622,70.03571,70.00714,66.46804,71.44928,70.76722,69.35416,68.593,70.00714,70.83784,67.89698,68.62215,70.03571,65.79514,62.96825,68.593,64.38167,61.22091,59.81639,55.80323,57.42822,56.30275,49.73932,53.66563,46.51881,47.01064,45.69464,40.49691,37.16181,37.10795,32.55764,29.15476,25.17936,28.01785,26.1725,23.19483,22.36068,18.97367,13.89244,35.4683,37.48333,40.31129,40.49691,37.12142,41.6173,40.24922,38.01316,39.39543,40.49691,40.49691,43.32436,46.32494,41.23106,44.38468,40.80441,43.17407,40.80441,41.97618,39.56008,39.56008,40.5216,40.49691,37.57659,39.39543,39.0,37.12142,45.17743,40.81666,37.73592,39.62323,41.01219,41.03657,37.53665,42.63801,44.20407,38.83298,42.2019,41.88078,44.77723,45.18849,43.9659,45.88028,46.48656,48.50773,49.36598,50.01,51.35173,49.0102,50.35871,50.01,51.08816,56.0357,52.23983,54.23099,58.69412,57.87055
11.40175,11.40175,12.16553,12.16553,12.16553,12.16553,12.04159,12.04159,12.04159,12.04159,12.0,12.0,12.0,12.0,12.0,12.16553,12.04159,12.04159,12.16553,12.16553,12.16553,12.16553,12.04159,12.16553,12.16553,12.04159,12.16553,12.04159,12.04159,11.04536,11.04536,11.0,10.0,10.0,10.04988,9.05539,9.21954,8.24621,7.28011,7.28011,6.32456,6.32456,6.7082,5.83095,5.83095,5.0,5.0,4.24264,4.24264,3.60555,3.60555,3.16228,57.55867,63.56099,62.1289,64.38167,63.00794,70.34913,70.06426,66.18912,69.02898,69.11584,69.18092,66.48308,70.85901,67.89698,61.0,68.24954,66.70832,68.88396,67.44627,68.30813,70.88018,70.2282,66.48308,69.07966,66.76077,71.51224,68.15424,68.00735,71.47027,68.62215,68.62215,66.40783,68.94926,67.44627,61.61169,60.87693,63.06346,55.36244,57.00877,55.7853,51.35173,50.03998,46.0,43.01163,44.0,41.10961,39.20459,36.22154,34.20526,32.98485,27.51363,26.57066,23.76973,20.24846,21.47091,18.60108,16.40122,35.35534,37.48333,42.0119,41.01219,41.10961,39.05125,39.81206,40.79216,46.09772,44.27189,43.01163,42.15448,43.82921,40.49691,41.10961,38.91015,38.62642,40.8534,39.21734,35.4683,37.36308,39.84972,40.16217,40.79216,40.26164,38.63936,38.0526,36.0,37.01351,37.12142,40.0125,42.29657,37.33631,40.79216,41.23106,41.4367,37.94733,42.54409,46.95743,44.41846,45.17743,46.2277,45.0,48.79549,49.81967,47.38143,48.27007,48.01042,49.81967,48.82622,51.62364,55.22681,54.12947,53.7122,60.92618,55.15433,57.87055
12.52996,12.08305,12.08305,12.08305,12.08305,12.64911,12.64911,12.36932,12.36932,12.64911,12.36932,12.36932,12.16553,12.16553,11.18034,13.0384,12.04159,12.04159,12.0,12.04159,12.04159,12.0,13.0384,12.04159,12.04159,13.0384,12.04159,12.04159,11.04536,12.04159,11.18034,10.19804,10.19804,9.21954,9.21954,10.44031,9.48683,8.544,7.61577,7.61577,7.2111,7.2111,6.40312,6.40312,5.65685,5.0,5.0,5.0,4.47214,4.47214,3.16228,3.16228,64.84597,61.68468,61.35145,65.80274,71.30919,71.58911,68.68042,67.46851,70.03571,68.593,70.21396,69.18092,68.35934,68.18358,74.00676,72.02777,73.00685,71.11259,69.18092,71.02816,76.05919,74.06079,70.5762,70.25667,71.06335,72.56032,68.46897,72.69113,71.17584,72.56032,68.46897,72.1734,69.18092,65.12296,66.06815,65.03076,62.03225,59.3043,58.07753,56.0803,55.57877,52.34501,50.9902,46.87217,44.64303,41.23106,37.94733,37.16181,34.88553,30.41381,30.80584,25.80698,24.75884,25.4951,18.43909,20.24846,18.78829,35.12834,34.0,37.01351,38.32754,35.17101,40.02499,38.32754,41.4367,41.78516,40.31129,43.82921,40.71855,44.28318,41.67733,45.79301,39.96248,39.44617,41.62932,39.96248,40.31129,42.54409,42.94182,41.62932,42.04759,38.27532,40.16217,37.10795,40.1995,41.30375,39.20459,37.05401,42.0,44.01136,38.20995,45.39824,38.83298,44.14748,58.30952,41.48494,43.46263,45.22168,47.85394,52.83938,49.73932,47.70744,53.75872,51.85557,51.66237,51.62364,50.32892,52.63079,54.48853,54.91812,56.30275,58.24946,56.60389,61.29437
12.36932,11.40175,12.36932,12.36932,12.36932,12.16553,12.16553,12.04159,12.04159,13.0384,13.0384,12.0,12.0,12.0,12.0,12.04159,12.04159,13.0384,13.0384,13.0384,13.0384,13.15295,13.0384,13.15295,13.0384,12.04159,12.04159,12.0,11.0,12.0,11.0,11.0,11.04536,10.0,10.04988,9.21954,9.21954,8.24621,8.24621,7.28011,6.7082,6.7082,6.32456,5.83095,5.0,4.24264,4.24264,4.24264,3.60555,3.60555,3.16228,2.23607,63.13478,63.32456,60.53924,63.69458,66.48308,63.56099,66.09841,72.53275,61.84658,67.18631,66.28725,68.65858,67.89698,65.62012,69.46222,63.07139,67.36468,70.00714,69.18092,70.02857,66.00758,69.0,74.06079,68.02941,65.03076,71.17584,68.06614,71.11259,69.11584,72.1734,68.35934,68.0,67.06713,67.00746,66.27217,64.28063,65.76473,61.84658,58.0517,58.69412,51.41984,52.81098,46.57252,44.27189,42.15448,38.07887,38.91015,34.98571,38.83298,30.61046,31.89044,25.4951,27.65863,19.41649,18.86796,20.12461,17.72005,32.06244,36.01389,36.22154,37.21559,38.07887,39.56008,42.15448,42.94182,40.24922,39.56008,43.82921,44.65423,39.44617,40.71855,41.04875,41.04875,41.59327,39.44617,42.72002,38.27532,37.58989,35.35534,36.05551,37.57659,39.21734,37.0,33.83785,38.60052,39.62323,38.32754,32.06244,40.04997,38.0526,44.01136,43.0,42.0119,41.7732,43.28972,43.68066,40.71855,48.10405,41.59327,45.69464,47.88528,49.1935,44.40721,46.40043,44.20407,51.62364,49.20366,54.48853,48.10405,50.9902,53.2635,47.01064,58.60034,63.00794
11.40175,11.40175,11.7047,11.7047,12.08305,12.08305,12.08305,12.08305,12.08305,11.6619,11.6619,11.6619,12.20656,12.20656,12.20656,11.40175,12.20656,12.04159,12.04159,12.04159,12.04159,12.04159,11.40175,12.04159,12.04159,12.04159,12.20656,11.40175,11.40175,11.40175,10.81665,10.81665,10.29563,10.29563,9.84886,8.94427,8.94427,7.61577,7.61577,7.28011,7.28011,6.32456,6.08276,5.0,5.0,5.09902,4.12311,4.12311,3.16228,3.16228,2.82843,2.82843,57.14018,60.82763,67.26812,63.32456,64.32729,65.52099,69.89278,63.24555,65.9242,68.00735,66.40783,69.07966,65.9242,70.68239,68.02941,71.69379,69.35416,72.71864,64.00781,71.56116,70.45566,64.63745,70.80254,70.21396,69.89278,65.73431,70.45566,68.41053,68.8186,69.02898,71.02112,67.20119,63.81222,68.7968,60.53924,57.69749,61.26989,57.77543,56.46238,56.85948,50.59644,55.31727,44.64303,44.38468,45.12206,40.79216,41.59327,34.23449,34.05877,31.06445,31.06445,26.24881,22.84732,22.47221,18.38478,21.93171,18.35756,36.61967,35.51056,38.47077,37.33631,36.68787,37.10795,39.81206,39.31921,45.17743,38.01316,44.04543,39.20459,40.1995,41.04875,44.0,39.01282,43.41659,37.12142,38.01316,39.05125,39.11521,34.0147,39.11521,33.73426,36.67424,37.85499,40.02499,40.49691,34.0147,34.53983,38.01316,42.19005,35.8469,41.34005,42.80187,44.59821,42.2019,46.66905,43.93177,44.68781,46.40043,48.37355,47.70744,47.42362,49.64877,54.56189,51.47815,55.65968,52.81098,49.0408,53.93515,51.97115,54.74486,53.46027,57.21888,60.0,54.03702
12.20656,12.20656,12.80625,12.80625,12.72792,13.45362,12.72792,12.72792,12.72792,13.45362,12.72792,13.45362,12.80625,12.80625,13.60147,12.80625,13.0384,13.0384,13.0384,13.0384,13.0384,13.0384,12.20656,13.89244,13.0384,13.0384,13.0384,12.20656,12.20656,12.04159,12.04159,12.04159,12.04159,11.31371,10.63015,10.63015,10.0,9.21954,9.21954,8.60233,8.06226,8.06226,6.7082,6.32456,6.32456,5.38516,5.38516,5.09902,4.12311,4.12311,4.0,3.0,63.82006,61.07373,63.89053,67.80118,64.53681,68.68042,65.76473,72.12489,65.06919,70.03571,70.72482,70.72482,70.76722,63.41136,65.45991,65.73431,69.64194,68.47627,67.41662,71.02816,72.00694,68.47627,70.71068,72.94518,68.26419,70.23532,68.88396,71.11962,74.30343,65.36819,66.24198,76.8505,62.26556,68.26419,63.00794,66.0303,63.41136,59.46427,56.63921,56.63921,50.93133,49.51767,50.24938,46.09772,45.60702,44.40721,39.11521,36.71512,35.35534,30.88689,28.63564,30.80584,23.34524,20.02498,18.97367,18.11077,17.26268,31.38471,36.05551,35.35534,36.35932,34.82815,38.8973,39.62323,40.45986,39.82462,38.41875,38.20995,40.80441,42.43819,43.41659,38.01316,35.51056,40.60788,34.98571,36.35932,34.9285,34.4093,35.35534,35.4683,34.71311,36.79674,41.72529,38.41875,35.38361,39.40812,36.61967,38.01316,42.48529,37.12142,38.8973,32.44996,52.3259,42.48529,42.05948,44.38468,44.01136,46.27094,45.01111,50.03998,51.0,49.0102,40.11234,48.25971,51.15662,48.6621,47.43416,51.07837,54.70832,57.00877,48.30114,50.24938,56.93856,57.68882
11.0,11.0,11.0,12.0,12.0,12.0,11.04536,12.16553,11.04536,12.16553,12.16553,12.16553,12.36932,12.36932,12.36932,11.40175,12.64911,11.7047,12.64911,11.7047,11.7047,12.64911,11.7047,12.64911,11.7047,12.64911,12.64911,11.7047,11.40175,11.40175,10.44031,10.44031,10.19804,10.19804,9.05539,9.05539,8.0,8.0,8.0,7.0,7.0,6.08276,6.08276,6.08276,5.09902,4.12311,4.12311,3.16228,3.60555,2.82843,2.82843,2.23607,63.89053,61.84658,64.32729,64.77654,65.76473,68.73136,66.18912,73.82412,64.28063,65.27634,65.00769,65.03076,69.02898,68.11755,70.25667,66.48308,70.34913,66.61081,70.40597,70.21396,69.2315,67.89698,70.60453,66.76077,68.41053,69.63476,69.12308,70.21396,67.68309,69.2315,69.857,74.52516,67.08204,68.06614,64.53681,60.40695,62.64982,56.08921,59.21149,55.22681,51.0098,52.0,51.24451,47.04253,44.40721,38.63936,37.10795,34.48188,33.61547,29.15476,29.73214,23.85372,22.47221,23.60085,20.61553,15.26434,16.55295,37.21559,37.0,36.12478,38.20995,38.32754,40.5216,42.05948,42.05948,40.31129,40.8534,44.38468,43.82921,37.12142,42.95346,40.24922,42.48529,39.35734,39.35734,40.31129,34.43835,39.92493,40.8534,38.27532,36.40055,38.62642,39.84972,36.87818,38.83298,35.51056,40.0125,39.01282,40.11234,42.10701,39.05125,40.31129,41.97618,41.4367,41.48494,42.54409,41.4367,42.94182,44.77723,51.62364,50.21952,45.79301,54.81788,51.66237,50.93133,52.40229,48.9183,52.80152,53.90733,53.2635,51.0392,55.75841,58.59181,60.41523
11.31371,11.31371,12.04159,12.04159,11.31371,12.04159,11.40175,11.40175,11.40175,12.20656,12.20656,11.6619,12.52996,11.6619,11.6619,12.52996,12.08305,12.52996,12.08305,12.08305,12.08305,12.08305,12.52996,12.08305,12.08305,12.08305,12.52996,11.6619,11.6619,10.81665,10.81665,10.81665,10.0,10.0,9.21954,8.48528,8.48528,7.81025,7.81025,6.40312,6.7082,5.83095,5.83095,5.38516,5.09902,4.12311,4.0,4.0,3.0,3.16228,3.16228,2.23607,63.89053,63.25346,60.60528,66.06815,64.3506,64.3506,67.89698,70.00714,67.62396,64.44377,66.52819,63.70243,71.21798,66.06815,66.70832,67.20119,72.20111,67.95587,72.06941,69.46222,68.96376,68.60029,68.54196,64.88451,69.35416,72.00694,69.77105,64.84597,70.23532,71.58911,66.03787,69.83552,69.83552,64.84597,63.50591,61.61169,62.26556,59.07622,58.00862,57.38467,50.32892,48.79549,47.38143,46.66905,42.63801,38.83298,38.58756,34.4093,33.12099,29.54657,30.67572,26.40076,26.1725,22.56103,20.02498,23.02173,15.29706,31.38471,36.40055,37.73592,35.38361,41.23106,39.05125,45.45327,46.04346,39.96248,41.88078,43.41659,38.47077,39.96248,43.41659,38.58756,38.07887,42.19005,45.27693,40.24922,38.27532,38.47077,36.40055,35.8469,35.8469,38.60052,37.48333,39.05125,38.28838,34.71311,36.23534,37.80212,37.21559,39.44617,38.47077,40.8534,37.57659,38.07887,45.54119,44.91102,41.4367,48.05206,41.10961,49.49747,45.0,47.09565,44.91102,48.04165,48.50773,47.67599,50.01,49.0408,50.96077,48.76474,57.00877,60.41523,55.9464,65.8635
12.16553,13.15295,12.04159,13.0384,13.0384,13.0384,13.0,13.0,13.0,13.0,13.0,13.0384,13.0384,13.15295,13.0384,13.15295,13.15295,13.15295,13.34166,13.15295,13.15295,13.15295,13.15295,13.34166,13.34166,13.15295,13.15295,13.15295,12.16553,12.04159,12.04159,11.04536,12.0,11.04536,10.04988,10.04988,10.04988,9.05539,9.21954,9.21954,8.24621,7.28011,7.28011,6.32456,5.83095,5.83095,5.83095,5.0,5.0,4.24264,4.24264,3.60555,65.39113,64.51356,69.26038,69.37579,65.51336,67.72001,67.91171,69.63476,72.00694,67.08204,66.75328,67.08204,68.73136,68.46897,70.11419,68.18358,72.02777,69.11584,70.11419,71.06335,72.56032,65.37584,68.593,74.16873,71.25307,69.06519,67.74216,74.8131,71.11259,69.72087,70.34913,69.35416,64.12488,65.37584,64.07027,61.20457,62.07254,58.03447,59.13544,52.46904,55.3263,52.46904,51.35173,43.41659,45.88028,42.72002,39.92493,38.91015,36.67424,33.01515,27.01851,28.01785,25.6125,25.0,19.84943,16.40122,18.38478,31.06445,33.54102,35.35534,39.21734,39.21734,39.21734,38.62642,40.71855,43.38202,42.04759,41.40048,42.0119,41.40048,41.14608,41.34005,42.0119,39.20459,32.80244,35.51056,40.22437,33.83785,33.28663,39.0,39.56008,35.1141,36.71512,32.89377,36.68787,33.24154,39.62323,38.11824,37.01351,40.11234,37.0,40.0125,41.19466,40.4475,41.97618,45.12206,41.14608,45.31004,46.09772,46.51881,44.65423,45.27693,52.43091,45.80393,48.79549,50.20956,50.24938,50.20956,50.93133,49.81967,50.21952,55.22681,59.5399,62.17717
12.64911,12.64911,12.36932,13.34166,12.36932,13.34166,13.15295,13.15295,13.15295,12.04159,13.15295,13.0384,14.03567,13.0384,13.0,13.0,13.0384,13.0,14.03567,14.03567,13.0384,13.0384,13.0,14.03567,13.0,14.03567,13.0384,13.0,13.0,12.0,12.04159,12.04159,11.04536,11.04536,11.18034,10.19804,9.48683,9.48683,9.48683,8.544,7.61577,7.61577,6.7082,6.7082,5.83095,5.83095,5.0,5.0,4.24264,4.24264,3.60555,3.60555,64.84597,60.03332,63.97656,64.4748,63.15853,66.30988,67.23095,71.51224,63.24555,68.35203,69.12308,69.63476,70.0928,64.53681,70.40597,72.69113,69.58448,68.593,71.84706,68.35934,73.17103,68.06614,72.11103,72.06247,69.00725,72.1734,67.06713,73.00685,67.02984,69.02898,70.11419,70.17834,66.1211,68.35934,62.20129,65.76473,63.78871,58.46366,58.69412,57.97413,50.59644,52.49762,46.23851,47.53946,40.71855,40.70626,39.35734,38.94868,35.60899,33.61547,27.58623,25.4951,24.20744,24.41311,22.47221,16.55295,17.46425,29.06888,37.65634,33.73426,41.76123,39.39543,41.14608,39.82462,40.81666,42.19005,36.23534,41.7732,42.0119,37.20215,38.28838,37.80212,40.31129,41.40048,40.36087,38.83298,39.20459,37.44329,36.40055,38.01316,37.73592,35.34119,39.81206,34.0147,37.12142,36.40055,35.51056,34.48188,38.20995,36.22154,35.01428,41.01219,36.01389,40.11234,41.59327,42.42641,42.2019,43.9659,44.27189,49.0408,47.01064,46.95743,46.61545,50.60632,47.70744,46.87217,53.25411,52.20153,53.07542,54.45181,52.40229,55.31727,58.89822,56.40035
11.40175,11.40175,11.6619,12.20656,11.6619,11.6619,11.6619,11.18034,11.6619,12.08305,12.08305,12.08305,12.08305,11.7047,11.7047,11.7047,11.40175,11.7047,12.64911,11.7047,12.64911,12.36932,11.7047,12.36932,12.36932,11.7047,11.7047,11.7047,11.7047,10.77033,10.77033,9.84886,10.29563,8.94427,9.43398,8.60233,8.60233,7.81025,7.81025,7.81025,6.40312,6.40312,6.40312,5.83095,4.47214,4.47214,4.12311,3.16228,3.16228,3.0,2.0,2.23607,61.6198,62.28965,66.21933,62.96825,63.25346,67.62396,63.78087,68.00735,59.03389,68.24222,66.7308,64.41273,66.64833,70.71068,65.76473,67.54258,70.26379,68.15424,70.00714,66.7308,70.88018,65.80274,68.00735,70.21396,64.56005,64.28841,71.47027,69.89278,64.2573,68.94926,68.30813,68.70953,67.6757,65.0,68.30813,60.00833,60.08328,57.24509,58.18075,54.3783,53.53504,49.92995,47.63402,46.2277,43.93177,41.03657,37.53665,32.80244,34.20526,27.80288,29.15476,25.55386,26.0,19.23538,19.64688,19.23538,14.14214,36.67424,36.67424,38.47077,42.05948,41.04875,41.10961,40.60788,40.36087,42.44997,40.45986,40.22437,44.65423,41.40048,39.96248,41.86884,41.88078,42.43819,39.40812,39.82462,41.40048,38.60052,41.72529,36.12478,41.10961,36.87818,37.53665,37.20215,37.53665,36.71512,38.48376,42.19005,38.91015,36.40055,35.90265,37.36308,43.32436,42.37924,41.30375,43.01163,43.10452,45.17743,42.29657,47.26521,47.07441,50.24938,42.75512,48.76474,49.98,48.70318,51.47815,52.55473,53.31041,55.00909,52.39275,56.4358,56.0357,58.89822
12.16553,11.18034,12.36932,12.36932,12.36932,12.36932,12.64911,11.7047,11.7047,12.64911,13.0,13.0,13.0,13.0,12.08305,12.52996,12.52996,12.52996,13.0384,13.0384,13.0384,13.0384,12.52996,13.0384,12.52996,12.52996,12.52996,12.52996,12.08305,12.08305,10.77033,10.77033,10.77033,10.77033,10.44031,10.44031,9.21954,8.06226,9.05539,7.07107,7.07107,7.0,6.0,5.0,5.0,5.09902,4.12311,4.12311,3.60555,3.16228,2.23607,2.23607,64.49806,63.07139,62.07254,61.81424,65.9242,65.30697,67.68309,70.21396,71.30919,69.64194,63.56886,70.00714,68.02941,67.23095,64.84597,65.39113,71.17584,71.55418,74.30343,70.3278,72.94518,63.81222,69.89278,69.64194,65.21503,73.78347,66.57327,72.71864,76.8505,71.56116,76.00658,70.45566,61.91123,73.78347,67.60178,59.94164,62.26556,62.24147,61.46544,58.87274,50.69517,50.92151,51.24451,49.81967,48.05206,40.04997,37.33631,38.0526,31.01612,24.33105,33.37664,26.30589,24.08319,19.31321,19.41649,18.35756,17.0,33.61547,36.40055,33.95585,42.19005,42.04759,43.0,44.10215,37.48333,41.04875,42.19005,42.75512,41.7732,45.89118,45.39824,40.79216,38.32754,41.48494,37.33631,38.07887,43.73786,40.1995,36.87818,35.01428,40.11234,36.01389,34.23449,36.0,40.60788,35.90265,36.87818,35.51056,40.31129,41.76123,41.67733,43.86342,40.49691,33.30165,42.63801,41.72529,42.44997,45.45327,41.40048,43.60046,48.01042,43.41659,49.1935,48.8774,48.8467,50.15974,49.0408,47.75982,55.08176,50.80354,48.76474,54.74486,58.54912,56.56854
12.16553,12.04159,12.04159,12.04159,12.0,12.0,12.0,12.04159,12.04159,12.04159,13.0384,12.16553,12.16553,12.16553,12.36932,12.36932,12.64911,12.36932,12.64911,12.64911,12.64911,12.64911,12.36932,12.64911,12.36932,12.36932,12.36932,12.36932,12.16553,12.16553,11.18034,10.19804,11.04536,10.04988,10.04988,10.0,9.0,9.05539,8.06226,8.06226,7.07107,7.28011,6.32456,6.32456,5.38516,5.0,5.0,4.24264,4.24264,3.60555,3.60555,3.16228,56.04463,63.56099,59.22837,63.56099,72.44308,62.39391,70.34913,67.06713,71.0,69.00725,65.03076,70.00714,69.18092,67.60178,66.37017,66.48308,68.06614,69.42622,67.89698,74.2159,68.24954,72.27724,67.05222,68.30813,67.44627,69.12308,71.16881,70.83784,67.6757,74.04053,68.96376,70.21396,68.65858,63.56099,68.15424,62.514,58.46366,56.56854,58.69412,59.3043,55.22681,54.08327,49.0102,43.04649,43.04649,42.04759,37.21559,37.94733,36.68787,28.4605,30.80584,26.24881,22.84732,22.80351,22.67157,17.02939,15.0,35.01428,32.01562,38.63936,40.4475,46.57252,39.39543,38.32754,38.27532,41.23106,41.34005,42.43819,41.34005,42.72002,39.11521,41.88078,40.81666,41.67733,39.66106,38.94868,38.47077,33.6006,37.12142,38.07887,35.35534,36.76955,33.83785,33.95585,33.13608,34.1321,38.11824,35.01428,39.05125,39.31921,36.22154,38.47077,41.76123,40.26164,39.21734,41.23106,42.05948,37.21559,41.34005,43.26662,44.94441,42.80187,50.60632,48.08326,45.27693,50.9902,47.01064,47.70744,52.63079,51.88449,53.7122,51.0,52.92447,58.18935
11.7047,12.08305,12.08305,12.08305,12.08305,12.52996,12.52996,13.0384,13.0384,13.0384,13.0384,12.80625,13.0384,12.80625,12.80625,12.80625,12.80625,12.80625,13.45362,13.45362,12.80625,12.80625,12.80625,13.45362,12.80625,13.45362,12.80625,12.20656,12.20656,12.20656,12.20656,11.6619,11.18034,11.18034,10.77033,9.84886,9.84886,9.48683,9.21954,8.24621,7.07107,7.07107,7.07107,6.0,6.0,5.0,5.09902,5.09902,4.47214,4.47214,4.12311,3.60555,65.25335,66.48308,66.7308,60.92618,64.2573,67.1193,72.49828,72.61543,65.29931,68.47627,73.78347,71.34424,66.61081,67.95587,70.72482,70.60453,73.00685,72.24957,73.0,68.0147,74.27651,65.8559,77.15569,70.00714,70.03571,73.75636,73.66139,72.18033,75.0733,73.66139,75.9276,69.02898,66.21933,71.06335,66.70832,65.21503,63.82006,61.29437,60.74537,58.30952,56.4358,53.66563,50.56679,46.8188,41.48494,44.27189,39.05125,39.05125,36.34556,32.0,30.41381,31.01612,23.0,24.08319,23.25941,18.38478,16.64332,34.98571,35.35534,36.40055,40.26164,40.26164,38.47077,39.31921,40.04997,42.10701,39.05125,44.10215,42.10701,42.10701,40.0125,41.04875,38.47077,40.1995,35.69314,39.05125,36.01389,37.0,41.01219,34.0147,35.01428,34.23449,32.98485,28.44293,35.4683,34.17601,35.8469,35.77709,33.83785,37.20215,39.69887,39.62323,35.38361,36.06938,35.80503,35.4683,45.48626,42.05948,40.81666,43.08132,50.08992,46.23851,41.62932,43.68066,47.29693,48.50773,50.01,49.16299,51.08816,52.08647,53.00943,54.14795,56.32051,61.98387
12.52996,12.52996,12.52996,12.52996,13.0,12.08305,13.0,12.64911,12.64911,13.60147,13.60147,13.34166,13.34166,13.34166,13.34166,13.34166,13.34166,13.15295,13.15295,14.14214,14.31782,14.14214,13.15295,13.15295,14.31782,13.34166,13.34166,13.34166,13.34166,13.60147,12.64911,11.7047,11.7047,11.7047,11.18034,11.18034,10.29563,9.43398,9.43398,8.60233,8.60233,7.81025,7.81025,7.07107,7.07107,5.83095,5.83095,4.47214,4.47214,4.47214,4.12311,3.16228,62.68174,54.20332,62.6099,63.56099,63.97656,62.76942,63.32456,73.1642,66.85058,67.6757,68.15424,66.21933,66.09841,69.857,67.08204,69.87131,72.36712,69.87131,70.5762,70.45566,74.02702,72.44308,75.10659,73.02739,70.17834,71.06335,72.44308,74.02702,73.24616,72.11103,70.11419,73.43705,65.49046,67.74216,67.60178,63.56099,65.9242,61.40033,62.93648,56.921,54.23099,50.32892,52.92447,48.82622,41.62932,45.27693,42.43819,37.64306,36.23534,31.62278,29.20616,27.80288,25.55386,24.41311,20.12461,20.12461,18.24829,33.52611,36.67424,37.58989,36.35932,35.22783,40.60788,38.94868,41.01219,43.86342,42.63801,44.04543,41.86884,40.45986,38.83298,40.0,43.41659,42.2019,36.35932,35.4683,36.87818,36.35932,36.76955,33.30165,36.79674,30.80584,28.84441,33.42155,29.41088,28.6531,31.62278,29.15476,28.86174,34.9285,38.20995,37.05401,37.65634,35.12834,37.01351,37.48333,37.65634,39.05125,39.84972,40.80441,45.54119,44.38468,38.94868,42.95346,49.39636,40.81666,48.82622,46.87217,51.40039,50.20956,47.38143,51.85557,53.8145,51.86521
12.04159,12.80625,12.20656,12.80625,12.20656,13.0384,13.0384,13.0384,13.41641,12.52996,13.41641,13.41641,13.41641,13.41641,13.0,13.92839,13.60147,13.60147,13.60147,13.60147,13.60147,13.60147,13.60147,13.60147,13.92839,13.92839,13.92839,13.92839,13.0,13.0,12.08305,12.08305,12.08305,11.18034,11.18034,10.81665,10.0,9.21954,9.21954,8.48528,7.81025,7.07107,7.07107,6.40312,5.65685,5.0,5.0,4.47214,4.47214,3.16228,3.16228,3.0,59.66574,58.72819,62.20129,59.4138,60.959,64.53681,68.11755,68.68042,67.47592,64.63745,69.89278,68.7968,66.03787,66.57327,67.60178,69.97142,70.83078,67.08204,68.60029,70.93659,72.44998,67.23095,70.21396,69.89278,71.86793,71.16881,75.69016,76.32169,71.86793,73.1642,75.23962,69.07966,72.23573,70.71068,69.857,67.97794,65.29931,62.64982,60.03332,61.05735,52.15362,50.44799,52.80152,46.40043,48.83646,42.52058,41.01219,30.61046,35.22783,32.01562,28.30194,27.45906,22.47221,21.84033,22.2036,18.24829,16.03122,36.23534,34.4093,38.27532,40.31129,38.07887,41.23106,38.60052,40.02499,43.41659,37.10795,39.20459,42.29657,43.17407,39.31921,38.32754,40.31129,40.79216,37.10795,39.05125,35.90265,34.9285,36.87818,31.04835,32.89377,34.0147,31.7805,34.43835,34.48188,32.20248,33.97058,32.52691,36.06938,39.82462,37.01351,37.20215,36.71512,35.77709,36.67424,38.91015,38.60052,40.16217,42.29657,40.1995,44.10215,39.45884,47.51842,43.10452,49.49747,47.29693,47.38143,48.83646,46.57252,47.53946,46.48656,52.39275,52.92447,51.89412
12.52996,12.20656,11.6619,12.20656,11.40175,13.60147,12.80625,12.04159,12.80625,12.04159,12.72792,13.45362,12.72792,12.04159,12.72792,12.04159,12.80625,12.04159,12.80625,12.80625,12.80625,12.80625,12.80625,13.60147,12.80625,13.60147,13.45362,12.72792,12.72792,12.04159,12.04159,12.04159,12.04159,10.63015,10.0,10.0,9.43398,9.43398,8.94427,8.94427,8.544,7.61577,7.28011,6.32456,6.08276,6.08276,5.0,5.09902,5.09902,4.12311,4.12311,3.16228,55.54278,61.32699,63.52952,57.80138,65.51336,66.03787,64.14047,69.89278,66.4003,65.43699,65.43699,65.11528,65.79514,66.52819,63.63961,68.68042,71.42129,70.29225,66.8431,68.0147,69.40461,70.0,71.84706,72.8011,67.35726,76.844,74.02702,71.8401,70.43437,72.94518,76.05919,71.06335,70.83784,72.24957,67.47592,67.20863,65.79514,62.482,63.03174,55.97321,56.85068,54.3783,48.33218,46.04346,44.28318,43.82921,42.72002,36.76955,34.20526,33.73426,29.01724,28.07134,27.07397,23.19483,16.27882,21.54066,18.38478,31.241,37.53665,35.22783,37.12142,35.4683,40.49691,43.41659,40.5216,40.60788,41.10961,38.83298,41.4367,40.4475,41.10961,40.11234,37.12142,39.81206,34.52535,38.63936,37.65634,32.75668,32.01562,33.54102,32.57299,33.24154,30.01666,29.15476,35.8469,31.40064,37.64306,33.42155,34.71311,35.38361,36.79674,36.87818,36.40055,36.23534,35.77709,38.01316,40.71855,41.23106,40.02499,43.41659,42.75512,44.40721,48.01042,46.17359,48.01042,47.01064,51.0098,44.10215,52.03845,53.46027,50.48762,54.74486,55.54278,54.08327
11.6619,11.6619,12.20656,12.20656,12.20656,12.20656,12.04159,12.04159,12.04159,12.04159,12.72792,12.72792,12.72792,12.04159,12.80625,12.80625,12.80625,12.80625,13.0384,12.20656,12.20656,12.80625,13.60147,13.60147,13.60147,12.80625,12.80625,12.80625,12.80625,12.04159,11.31371,11.31371,10.63015,10.63015,10.0,10.0,9.43398,8.60233,8.06226,8.06226,7.61577,6.7082,6.32456,6.08276,6.08276,5.09902,5.0,5.0,4.12311,3.16228,3.60555,3.60555,62.64184,64.84597,66.40783,55.65968,63.56099,64.88451,65.39113,68.44706,65.8635,67.60178,60.90156,65.21503,70.0,69.81404,72.67049,68.8186,69.52697,69.29646,68.62215,70.00714,70.76722,70.71068,71.50524,68.76772,72.91776,72.12489,71.42129,73.24616,70.0928,77.10383,74.96666,75.0733,67.88225,62.93648,65.05382,63.70243,60.959,61.07373,60.60528,63.00794,58.5235,55.21775,51.97115,51.0,43.46263,43.46263,40.49691,38.32754,33.37664,32.55764,32.38827,29.83287,21.0238,23.19483,23.5372,19.23538,16.76305,32.24903,34.9285,36.13862,35.22783,42.57934,40.60788,42.04759,42.0119,42.0119,40.0125,44.18144,40.4475,40.04997,38.32754,40.31129,37.12142,39.20459,36.01389,37.0,33.37664,35.0571,32.0,34.0147,31.40064,37.33631,31.257,38.83298,37.94733,31.76476,36.23534,37.16181,38.58756,32.01562,40.31129,38.8973,40.36087,37.53665,43.01163,38.20995,38.27532,40.70626,45.18849,47.41308,48.10405,47.01064,48.50773,43.65776,50.44799,50.69517,49.72927,52.46904,55.3263,52.61179,51.0392,58.69412,56.4358,55.9017
12.20656,11.40175,12.04159,12.04159,12.04159,11.31371,12.72792,12.04159,12.04159,12.04159,12.04159,12.80625,12.80625,13.60147,12.20656,13.0384,13.0384,13.0384,12.52996,12.52996,13.0384,12.52996,12.52996,12.52996,12.52996,13.0384,13.0384,12.20656,13.0384,11.6619,11.40175,11.40175,11.40175,10.63015,10.63015,9.89949,9.89949,9.21954,8.60233,8.60233,8.06226,6.7082,7.61577,6.32456,6.32456,6.08276,5.09902,5.09902,5.0,4.0,4.0,3.16228,66.18912,64.4748,63.13478,69.35416,63.81222,68.24222,66.37017,68.11755,72.20111,66.21933,69.35416,67.89698,70.93659,67.20863,70.76722,71.50524,74.33034,71.06335,68.0147,66.85058,70.49113,73.4983,72.94518,72.94518,74.33034,73.23933,77.10383,74.43118,72.8011,75.71658,69.33974,75.45197,70.21396,72.40166,66.0303,69.02898,72.62231,60.44005,58.69412,58.0517,57.28001,54.20332,55.21775,52.15362,50.60632,41.88078,39.82462,40.24922,35.73514,31.38471,36.13862,27.29469,30.41381,25.70992,25.17936,21.37756,19.31321,34.4093,35.22783,36.67424,35.77709,38.48376,38.32754,41.10961,39.56008,40.26164,41.30375,38.0526,39.45884,42.19005,42.0119,43.73786,38.83298,42.29657,39.11521,35.01428,34.9285,38.20995,35.44009,30.41381,42.2019,40.5216,37.16181,37.58989,36.24914,38.91015,40.22437,35.0,37.48333,45.25483,38.41875,38.83298,37.20215,43.82921,37.21559,41.23106,46.09772,44.77723,46.48656,47.75982,48.38388,51.47815,45.27693,48.83646,50.0,51.0098,51.15662,54.00926,54.14795,58.69412,53.36666,54.57105,55.31727,57.72348
12.36932,12.36932,13.92839,12.64911,13.0,13.0,13.41641,12.52996,13.41641,13.41641,13.41641,13.89244,13.0384,13.0384,12.80625,13.60147,13.60147,13.60147,13.60147,12.80625,13.60147,13.45362,13.60147,13.60147,13.60147,13.60147,13.60147,13.60147,13.0384,13.0384,11.6619,12.52996,11.6619,11.18034,11.18034,10.77033,10.77033,9.48683,8.24621,8.24621,8.24621,8.06226,7.07107,7.07107,7.07107,6.0,6.0,5.0,4.12311,4.12311,4.12311,3.16228,60.13319,61.81424,64.7611,62.80127,58.69412,59.43904,62.03225,68.41053,63.32456,69.857,67.1193,64.40497,65.30697,65.79514,71.11962,69.35416,71.86793,61.58734,62.68174,69.2026,67.80118,70.43437,68.41053,68.11755,68.11755,71.58911,73.10951,72.8011,68.60029,66.4003,65.73431,67.62396,65.0,69.81404,68.50547,59.07622,62.17717,59.07622,56.82429,54.12947,59.94164,50.56679,47.75982,44.64303,41.23106,42.72002,40.79216,33.73426,33.54102,31.40064,27.45906,29.06888,24.73863,21.18962,19.69772,18.38478,18.35756,34.17601,34.0147,39.81206,39.05125,39.31921,38.20995,41.19466,44.0,42.0119,40.60788,43.10452,41.19466,37.65634,35.44009,41.59327,42.10701,39.45884,38.83298,39.56008,36.13862,37.05401,39.62323,37.0,35.0,38.0526,35.12834,36.22154,34.36568,35.1141,34.48188,38.27532,42.04759,35.8469,39.96248,35.60899,38.41875,45.25483,44.59821,39.62323,40.36087,45.79301,46.8615,44.65423,45.65085,45.48626,42.48529,44.94441,47.16991,51.66237,51.47815,52.88667,50.44799,50.48762,53.46027,54.74486,53.00943,53.08484
12.52996,12.20656,12.20656,12.20656,12.80625,12.80625,12.04159,12.04159,12.72792,12.72792,12.72792,12.72792,13.45362,12.04159,12.04159,12.80625,12.80625,12.80625,13.0384,13.0384,13.0384,13.60147,12.80625,13.0384,12.20656,13.60147,12.80625,12.80625,12.80625,12.04159,12.04159,12.04159,10.63015,11.31371,10.63015,10.63015,10.0,8.60233,8.06226,8.06226,8.06226,6.7082,6.7082,6.7082,6.32456,5.38516,5.09902,5.09902,4.12311,4.0,3.0,3.0,63.97656,63.50591,62.17717,62.6099,64.49806,64.41273,68.7968,65.80274,66.06815,64.40497,66.06815,65.80274,68.0147,68.68042,70.00714,70.03571,71.44928,66.6033,68.11755,73.0,72.8011,72.42237,65.60488,73.60027,67.80118,68.60029,69.40461,71.61006,65.80274,70.45566,67.42403,71.21798,69.81404,66.70832,65.0,60.82763,58.69412,60.10824,58.79626,58.72819,55.60576,51.22499,45.48626,44.94441,40.24922,44.29447,37.16181,38.07887,29.41088,31.04835,31.57531,29.27456,23.08679,23.02173,21.0238,21.58703,17.46425,35.4683,37.64306,37.64306,39.66106,40.49691,39.11521,43.08132,42.54409,45.31004,43.9659,44.59821,43.41659,42.37924,42.72002,44.91102,42.44997,43.65776,44.72136,38.63936,35.51056,41.10961,42.44997,39.0,38.62642,37.69615,37.73592,36.35932,38.60052,37.64306,34.82815,34.65545,38.28838,37.48333,39.59798,42.43819,41.01219,43.84062,45.48626,46.14109,44.72136,45.31004,46.17359,49.0408,53.16014,49.0306,45.54119,48.6621,55.22681,50.35871,51.0392,51.78803,59.21149,53.15073,54.58938,56.08921,54.34151,56.32051
11.18034,11.18034,10.77033,11.18034,10.77033,11.7047,10.77033,10.44031,10.77033,11.40175,11.40175,11.18034,11.18034,11.18034,12.16553,11.18034,12.16553,11.18034,12.04159,11.04536,12.04159,11.04536,11.04536,12.04159,11.04536,12.16553,11.18034,10.19804,11.18034,10.19804,10.19804,10.19804,9.48683,9.48683,8.544,8.544,8.06226,8.06226,7.2111,6.7082,5.65685,6.40312,5.0,5.0,5.0,3.60555,3.60555,3.60555,2.23607,3.16228,2.0,2.23607,68.0147,63.65532,68.11755,61.52235,63.65532,58.0,60.82763,67.62396,65.80274,70.80254,61.05735,67.1193,66.21933,68.7968,66.7308,70.72482,70.71068,67.06713,70.26379,66.30988,70.38466,65.9242,67.77905,69.26038,65.9242,69.77822,69.28925,67.6757,66.85058,70.2282,68.54196,72.91776,66.18912,66.64083,67.08204,63.51378,58.59181,59.07622,58.83026,54.56189,52.63079,47.80167,46.8615,42.42641,45.25483,42.52058,33.83785,35.80503,30.52868,26.41969,28.4605,24.69818,23.76973,22.13594,17.11724,22.02272,16.76305,41.0,41.23106,39.0,40.31129,40.81666,42.72002,41.86884,39.59798,46.8615,44.04543,50.20956,48.16638,47.50789,49.20366,44.40721,46.87217,41.86884,43.82921,39.82462,43.93177,42.0119,43.13931,41.72529,39.20459,43.13931,39.69887,39.82462,44.82187,40.70626,40.71855,38.91015,42.04759,39.56008,41.76123,44.38468,42.37924,44.64303,47.16991,48.09366,48.04165,47.0,50.01,49.09175,53.60037,51.35173,46.09772,53.93515,60.01666,54.78138,54.70832,56.46238,58.30952,55.4617,55.54278,55.75841,63.24555,63.24555
11.18034,11.18034,11.04536,11.18034,11.04536,11.04536,11.0,11.0,11.0,11.0,11.04536,12.04159,12.04159,12.04159,11.04536,11.18034,12.16553,11.18034,12.16553,11.18034,12.16553,11.18034,11.18034,11.18034,11.18034,11.18034,11.04536,11.04536,11.04536,10.04988,10.0,10.0,10.0,9.0,9.05539,8.06226,8.24621,8.24621,7.28011,7.28011,6.32456,5.83095,5.38516,4.47214,4.47214,4.24264,3.60555,2.82843,2.82843,2.23607,2.23607,2.0,65.30697,63.56099,62.96825,64.51356,63.89053,63.56886,65.9242,68.88396,61.84658,65.51336,65.51336,59.68249,64.19502,66.91039,66.1211,66.0303,69.02898,69.11584,67.02984,62.0,72.00694,63.00794,71.25307,64.00781,68.02941,68.02941,64.0,66.27217,66.06815,69.11584,65.00769,66.06815,62.1289,66.00758,60.03332,62.28965,58.54912,58.46366,52.39275,47.53946,50.21952,46.48656,44.28318,41.4367,37.57659,36.67424,35.8469,30.0,31.82766,31.1127,26.62705,23.34524,24.83948,22.80351,18.38478,18.02776,15.29706,36.76955,40.02499,41.0,43.28972,41.01219,45.04442,44.01136,41.19466,44.55334,43.73786,44.14748,42.2019,47.85394,48.6621,43.9659,46.57252,45.22168,44.27189,46.32494,46.17359,45.60702,46.87217,42.44997,45.39824,41.59327,40.4475,43.56604,41.10961,45.01111,45.17743,41.19466,46.17359,46.17359,45.89118,45.70558,47.53946,41.18252,41.62932,43.86342,48.30114,48.37355,47.50789,52.3259,51.61395,50.47772,54.67175,53.15073,54.56189,51.73973,53.75872,55.15433,54.56189,56.0803,57.80138,63.00794,56.60389,59.68249
11.6619,11.6619,11.18034,11.18034,11.18034,11.18034,10.77033,10.77033,10.77033,11.7047,11.7047,11.7047,11.40175,11.40175,11.40175,11.40175,11.18034,12.16553,12.16553,11.18034,11.18034,11.40175,11.40175,12.16553,11.40175,11.18034,11.40175,10.44031,10.44031,10.44031,9.48683,9.48683,9.84886,8.94427,9.43398,8.06226,7.2111,7.2111,7.2111,6.40312,6.40312,5.65685,5.0,5.0,5.0,3.60555,3.16228,3.16228,3.0,3.0,3.0,2.23607,60.1415,64.3506,66.6033,61.22091,64.66065,63.41136,61.61169,62.43397,62.80127,63.60031,65.76473,62.16912,63.63175,63.07139,61.7171,61.77378,63.69458,66.21178,63.15853,68.35203,67.35726,64.19502,68.30813,69.26038,63.60031,66.48308,65.55151,70.60453,68.62215,63.90618,63.15853,62.24147,61.46544,61.40033,61.32699,55.00909,57.3062,55.9017,50.11986,51.86521,48.82622,51.08816,45.80393,41.72529,41.03657,37.64306,34.1321,35.0,35.34119,28.30194,28.79236,24.73863,24.18677,18.43909,16.12452,17.26268,15.52417,35.0571,39.62323,42.2019,40.49691,43.68066,43.46263,39.35734,44.77723,41.18252,48.41487,47.20169,46.2277,44.04543,44.82187,43.82921,44.59821,43.60046,48.41487,41.7732,44.65423,42.80187,42.43819,42.80187,44.65423,47.43416,41.18252,41.18252,37.33631,46.23851,42.72002,41.76123,41.76123,44.91102,39.81206,44.28318,40.4475,39.56008,47.01064,45.09989,45.04442,45.09989,47.51842,50.44799,54.12947,51.1957,45.22168,53.16014,51.0,51.42956,51.42956,56.35601,50.15974,54.6443,63.81222,58.24946,56.30275,61.7171
12.08305,12.52996,12.52996,12.08305,12.52996,12.20656,13.0384,12.20656,12.20656,12.20656,12.80625,12.80625,12.80625,12.72792,12.04159,12.72792,12.72792,12.72792,12.72792,12.72792,12.72792,12.72792,12.04159,12.04159,12.04159,12.72792,12.04159,12.04159,11.40175,11.40175,11.40175,10.81665,10.81665,9.43398,9.43398,9.43398,8.94427,7.61577,6.7082,6.7082,6.32456,6.32456,5.38516,5.09902,4.12311,4.12311,4.0,3.0,3.0,2.0,2.23607,2.23607,60.82763,68.15424,65.45991,69.57011,65.45991,64.62198,65.78754,69.57011,67.1193,65.30697,65.29931,67.54258,70.49113,68.96376,62.6099,66.88797,67.41662,68.60029,65.80274,67.20119,65.21503,67.62396,71.21798,69.2026,67.62396,67.62396,67.80118,63.41136,67.62396,68.11755,64.63745,61.29437,61.58734,61.29437,61.05735,58.66856,56.79789,58.18075,59.03389,52.80152,47.75982,44.94441,47.29693,40.79216,36.67424,33.01515,32.24903,33.0,26.01922,25.07987,23.34524,20.09975,18.11077,17.88854,16.12452,17.0,11.18034,39.20459,43.41659,41.03657,45.96738,42.19005,44.20407,45.17743,48.30114,48.76474,48.75449,45.18849,44.92215,47.16991,46.8188,49.76947,48.46648,46.17359,43.01163,48.70318,45.88028,45.54119,45.31004,45.18849,46.09772,43.46263,42.48529,38.47077,41.6173,42.72002,41.34005,38.20995,41.10961,45.27693,47.42362,41.03657,47.01064,42.72002,41.6173,46.64762,50.24938,49.64877,45.61798,49.0408,52.92447,50.96077,58.0517,53.15073,56.56854,57.42822,52.7731,51.97115,56.0803,57.00877,53.33854,59.03389,58.13777,60.20797
12.04159,11.40175,12.04159,12.04159,12.04159,12.04159,12.04159,12.04159,12.04159,11.31371,12.04159,12.04159,12.04159,12.04159,11.40175,12.20656,12.20656,12.20656,12.20656,12.20656,12.20656,11.6619,12.20656,12.20656,11.40175,11.40175,11.40175,10.63015,10.63015,10.63015,9.89949,9.89949,9.89949,8.48528,9.21954,8.60233,7.81025,7.2111,6.40312,5.83095,5.83095,5.83095,5.38516,4.12311,4.12311,3.16228,3.16228,3.16228,3.0,2.0,2.0,1.0,66.28725,63.06346,65.43699,61.7171,68.88396,67.35726,63.70243,64.38167,61.6198,72.86288,69.02898,65.94695,68.60029,65.8559,68.41053,69.81404,69.2026,69.81404,68.8186,67.42403,70.49113,70.45566,64.89992,67.41662,64.89992,65.45991,65.0,66.57327,64.63745,62.76942,64.2028,63.51378,61.07373,59.81639,57.00877,56.56854,54.56189,51.73973,53.8145,47.38143,50.20956,45.60702,43.82921,47.50789,40.70626,33.10589,36.24914,29.96665,28.16026,31.04835,20.24846,19.41649,19.0263,17.02939,19.10497,12.04159,10.0,36.13862,37.64306,44.28318,44.72136,42.43819,45.27693,43.82921,42.63801,46.87217,48.79549,46.66905,45.25483,50.24938,45.25483,46.2277,43.93177,46.01087,46.01087,46.09772,42.52058,42.42641,44.55334,38.20995,44.55334,45.27693,40.36087,40.0,40.80441,46.8615,42.54409,44.29447,46.51881,47.16991,45.35416,50.28916,46.17359,45.60702,44.40721,47.12749,52.46904,49.36598,50.03998,50.08992,52.23983,55.22681,52.39275,54.57105,54.34151,56.51548,55.54278,51.5461,61.13101,57.28001,59.61543,57.58472,60.16644,61.26989
12.0,12.0,13.0384,12.0,12.04159,12.04159,12.04159,12.16553,12.16553,12.16553,12.16553,12.36932,12.36932,12.36932,12.36932,11.7047,12.64911,11.7047,12.64911,11.7047,12.36932,12.64911,11.40175,11.7047,11.7047,11.7047,11.40175,11.40175,11.40175,10.19804,10.19804,10.04988,9.05539,9.05539,9.0,9.0,8.06226,8.06226,7.07107,7.07107,6.08276,6.32456,5.09902,5.38516,5.38516,4.47214,3.60555,4.24264,3.60555,2.82843,2.82843,2.23607,67.02984,69.02898,70.0,72.00694,64.28063,72.06247,70.02857,70.45566,68.593,65.27634,67.08204,64.32729,70.34202,66.94027,67.91171,67.18631,70.60453,67.91171,68.41053,62.62587,65.79514,64.19502,65.9242,68.942,66.30988,68.942,62.96825,69.89278,66.40783,64.51356,64.51356,63.89053,57.58472,62.03225,57.00877,58.18935,55.7315,52.7731,51.1957,51.62364,48.25971,43.18565,44.0,42.0,39.20459,35.12834,27.16616,29.83287,25.96151,25.07987,24.69818,25.07987,18.97367,14.86607,16.97056,13.0384,10.81665,40.0,39.35734,41.18252,45.31004,40.49691,41.23106,43.93177,46.38965,46.69047,48.25971,44.04543,48.04165,45.01111,47.01064,47.01064,45.01111,46.04346,42.0,45.27693,42.0,46.09772,43.41659,44.18144,45.70558,43.28972,41.23106,40.79216,43.32436,43.08132,42.48529,44.72136,47.50789,46.61545,48.54894,46.32494,46.66905,47.42362,44.59821,46.66905,55.22681,50.93133,50.44799,51.62364,54.70832,50.47772,52.3259,53.31041,55.00909,57.70615,55.15433,57.58472,57.00877,57.00877,58.24946,60.87693,66.09841,70.85901
13.0384,12.20656,12.20656,12.20656,12.80625,12.04159,12.04159,12.72792,12.72792,12.72792,12.72792,12.04159,12.04159,12.04159,12.04159,12.80625,12.80625,12.80625,11.40175,12.20656,11.40175,12.20656,12.20656,12.20656,11.40175,11.40175,11.40175,11.31371,10.63015,10.63015,9.89949,9.89949,9.21954,9.21954,9.21954,8.60233,8.06226,7.61577,7.61577,6.7082,6.32456,6.08276,6.08276,5.09902,5.09902,4.0,4.0,4.12311,3.16228,3.16228,2.23607,2.23607,67.44627,62.8172,65.79514,66.12866,66.30988,64.88451,63.56099,65.30697,68.88396,70.83078,72.94518,70.23532,70.3278,66.7308,66.88797,66.28725,68.24954,69.02898,68.50547,67.20119,70.21396,66.21933,63.70243,67.80118,62.62587,65.21503,58.13777,66.70832,66.6033,62.28965,63.60031,62.96825,57.68882,61.05735,56.0803,58.13777,54.56189,55.4617,55.03635,46.51881,45.31004,43.01163,44.38468,38.83298,38.11824,31.40064,31.14482,34.05877,23.34524,25.31798,20.39608,23.08679,19.23538,15.81139,12.04159,14.76482,12.80625,38.41875,40.36087,41.03657,43.41659,41.23106,45.48626,47.88528,42.94182,45.61798,42.95346,41.59327,43.32436,46.23851,43.32436,43.65776,44.64303,43.65776,42.72002,45.88028,39.81206,38.07887,43.38202,37.73592,41.59327,38.47077,37.44329,40.0,40.60788,41.86884,45.0,45.96738,44.04543,41.7732,46.75468,45.60702,42.54409,45.79301,42.54409,47.42362,50.9902,53.48832,49.33559,49.33559,51.41984,55.54278,44.40721,50.35871,53.08484,58.69412,56.14268,53.03772,61.13101,56.0803,59.68249,59.43904,65.76473,59.66574
11.6619,12.52996,12.08305,12.52996,12.08305,12.08305,11.7047,11.7047,11.7047,11.7047,12.64911,12.64911,12.36932,11.40175,11.40175,12.36932,12.36932,11.18034,12.16553,12.16553,12.16553,12.16553,11.18034,12.16553,11.18034,11.18034,11.18034,11.18034,10.19804,9.48683,9.48683,9.48683,9.48683,8.544,8.06226,8.06226,7.2111,7.2111,5.83095,5.83095,5.0,5.0,4.24264,3.60555,3.60555,3.16228,3.16228,3.0,2.0,2.23607,2.23607,1.41421,65.05382,65.79514,67.20863,67.89698,67.89698,68.60029,66.06815,71.40028,66.61081,66.0303,64.07027,63.00794,67.95587,67.74216,62.26556,64.4748,71.69379,68.44706,72.89719,61.7414,68.44706,66.30988,64.51356,68.15424,63.97656,64.88451,61.32699,61.68468,61.32699,65.78754,60.92618,67.62396,56.85948,58.59181,55.9017,54.08327,56.0357,50.47772,50.47772,47.01064,44.82187,43.60046,38.28838,37.53665,32.20248,33.28663,32.20248,24.69818,27.85678,24.35159,20.02498,19.41649,18.0,17.46425,10.04988,12.20656,8.544,36.40055,41.62932,43.41659,42.43819,41.86884,44.04543,45.25483,46.75468,45.96738,40.45986,44.04543,44.65423,45.34314,46.61545,46.2277,43.56604,41.40048,43.27817,44.20407,37.53665,41.6173,45.34314,37.53665,39.62323,41.04875,39.59798,42.80187,41.04875,39.39543,45.18849,41.67733,47.53946,41.76123,43.68066,47.12749,45.88028,43.41659,41.19466,45.27693,47.09565,48.04165,45.54119,49.0408,52.7731,51.47815,43.17407,50.44799,52.88667,57.56735,56.61272,51.88449,54.626,56.82429,47.88528,58.66856,58.5235,59.81639
12.04159,12.0,12.0,12.0,12.0,12.04159,12.04159,12.04159,12.16553,12.16553,12.16553,12.16553,12.36932,11.40175,11.40175,12.36932,12.64911,12.64911,11.40175,11.40175,11.40175,11.40175,11.40175,11.7047,11.40175,11.40175,11.18034,11.40175,10.19804,11.18034,9.05539,9.05539,9.0,8.0,8.0,8.06226,7.07107,7.28011,6.32456,5.38516,5.38516,5.38516,4.47214,4.47214,4.24264,3.60555,3.60555,3.16228,3.16228,3.16228,3.0,3.0,60.03332,66.0303,68.18358,65.76473,64.32729,70.40597,70.03571,69.42622,69.2315,66.94027,68.00735,68.70953,68.62215,67.1193,70.00714,71.30919,66.21178,64.40497,63.97656,67.97794,73.43024,68.60029,67.23095,66.64833,66.24198,67.23095,67.23095,64.41273,63.13478,64.00781,62.26556,63.13478,61.26989,56.79789,57.70615,55.02727,54.12947,50.92151,48.10405,46.32494,45.35416,44.40721,39.0,38.20995,35.22783,33.01515,29.06888,26.4764,27.29469,22.47221,21.47091,15.0,16.12452,14.42221,15.0,16.27882,9.48683,38.27532,39.11521,41.10961,42.10701,42.0119,47.0,45.04442,47.29693,45.54119,47.29693,50.44799,43.17407,48.08326,49.47727,45.60702,46.87217,43.56604,39.62323,42.95346,43.17407,48.25971,45.54119,43.0,41.01219,42.0,40.31129,40.60788,40.4475,41.4367,41.76123,41.4367,44.72136,46.48656,42.95346,48.8467,48.30114,46.40043,44.82187,46.8615,45.34314,48.27007,50.20956,52.63079,52.00961,48.41487,54.20332,55.00909,48.75449,54.56189,50.69517,44.77723,52.49762,63.15061,56.08921,59.03389,60.13319,68.26419
12.0,12.04159,12.04159,12.04159,12.04159,12.16553,12.16553,12.36932,12.36932,12.36932,12.36932,12.36932,12.36932,11.7047,11.40175,11.7047,12.08305,11.7047,12.08305,12.08305,11.7047,13.0,11.7047,12.08305,12.08305,11.7047,10.77033,10.77033,10.44031,10.44031,10.19804,10.19804,9.21954,9.05539,8.06226,7.07107,8.0,7.0,7.07107,6.08276,5.09902,4.47214,4.47214,3.60555,3.60555,2.82843,2.82843,2.82843,2.23607,2.23607,2.0,2.23607,64.19502,62.1289,65.03076,67.00746,70.45566,62.80127,65.76473,70.85901,65.11528,66.94027,67.68309,63.78871,75.58439,72.42237,68.00735,70.21396,70.2282,65.19202,69.35416,69.77822,70.21396,70.26379,70.71068,70.23532,66.64083,67.53518,66.18912,67.97794,63.06346,64.40497,65.30697,63.52952,59.61543,56.35601,60.16644,54.40588,56.32051,55.08176,49.0306,48.6621,43.56604,39.05125,39.01282,34.1321,35.0,30.41381,29.06888,27.89265,23.4094,22.82542,18.35756,17.80449,19.84943,16.27882,10.29563,16.15549,11.40175,42.19005,43.01163,43.04649,40.31129,41.59327,44.91102,44.59821,44.38468,46.8188,46.09772,45.88028,45.18849,47.16991,46.48656,45.18849,43.86342,44.01136,43.01163,40.5216,38.27532,35.8469,39.29377,39.56008,39.11521,43.41659,38.47077,42.0,38.0,43.28972,38.83298,42.75512,42.44997,45.60702,41.10961,43.08132,43.38202,48.30114,43.38202,45.48626,47.01064,48.60041,50.80354,48.9183,47.42362,45.34314,55.21775,50.47772,50.47772,57.80138,52.47857,54.12024,48.8467,56.30275,53.75872,56.08921,63.15061,63.63961
12.64911,13.60147,13.34166,13.60147,13.60147,13.34166,13.15295,13.34166,13.15295,13.15295,13.15295,13.0384,14.03567,13.0,14.0,13.0,14.0,13.0,14.0,13.0384,13.0,12.04159,12.0,13.0384,13.0,12.0,12.0,11.04536,12.0,11.04536,11.04536,10.04988,9.21954,9.05539,8.24621,8.544,7.28011,7.61577,6.7082,6.7082,5.83095,5.83095,5.65685,4.24264,3.60555,3.60555,3.16228,3.16228,3.16228,2.0,2.23607,2.82843,66.30988,61.46544,71.30919,67.97794,74.0,65.96969,72.12489,72.78049,70.61161,66.4906,68.41053,72.36712,70.71068,71.17584,74.16873,69.11584,73.00685,67.26812,75.02666,69.06519,74.00676,72.02777,70.34913,67.02984,69.18092,70.06426,66.0303,70.45566,66.00758,64.12488,62.03225,65.06919,62.03225,55.00909,59.03389,57.87055,54.33231,49.36598,52.39275,52.20153,45.60702,48.10405,38.94868,37.57659,37.12142,36.61967,30.61046,31.241,26.1725,27.01851,22.2036,20.24846,17.08801,14.14214,13.15295,13.15295,11.04536,36.68787,39.0,42.72002,39.82462,44.20407,45.60702,43.18565,46.69047,43.86342,42.42641,45.96738,45.27693,41.86884,40.60788,41.10961,37.20215,37.53665,39.20459,35.4683,36.40055,37.64306,37.53665,38.83298,36.61967,33.01515,36.76955,35.4683,37.33631,37.10795,38.8973,35.90265,40.79216,39.05125,35.01428,41.10961,39.01282,42.29657,41.10961,43.68066,43.17407,45.22168,47.92703,44.77723,48.76474,48.8774,41.62932,46.51881,51.61395,50.80354,53.90733,55.44367,50.9902,55.17246,49.81967,56.30275,58.30952,61.40033
12.80625,13.45362,12.72792,13.45362,12.72792,13.45362,14.21267,12.80625,13.60147,13.60147,13.60147,13.60147,13.60147,13.0384,13.0384,13.89244,13.41641,13.89244,13.89244,13.41641,13.41641,13.41641,13.41641,13.41641,12.52996,12.52996,12.52996,11.6619,11.6619,10.81665,10.81665,10.81665,10.0,9.21954,10.0,8.48528,8.48528,7.81025,7.81025,7.2111,5.83095,5.83095,5.38516,5.38516,5.09902,4.12311,4.12311,3.0,3.0,2.23607,2.23607,1.41421,67.42403,62.80127,69.40461,70.80254,75.00667,71.42129,70.0928,73.5527,65.76473,72.18033,74.33034,67.20863,76.83749,70.80254,72.00694,75.16648,74.09453,74.33034,71.19691,69.11584,72.00694,69.31811,76.05919,71.34424,69.64194,69.77822,68.42514,67.54258,69.83552,68.8767,68.60029,66.88797,65.36819,63.24555,59.07622,54.91812,54.67175,55.60576,55.31727,50.9902,50.24938,43.41659,41.40048,37.80212,38.60052,30.01666,31.38471,32.20248,27.20294,26.4764,18.02776,23.02173,25.01999,15.0333,16.55295,14.21267,13.41641,33.28663,38.48376,35.17101,40.49691,38.8973,43.56604,41.7732,37.33631,37.33631,38.11824,41.01219,39.05125,43.18565,41.01219,41.04875,40.31129,38.01316,29.15476,32.24903,32.24903,31.01612,33.37664,32.14032,31.95309,35.35534,33.61547,34.48188,30.01666,32.55764,39.05125,33.94113,37.48333,36.79674,35.60899,38.27532,40.31129,34.66987,39.35734,37.85499,42.2019,42.44997,40.26164,43.28972,50.35871,47.04253,50.35871,44.28318,47.26521,47.09565,51.47815,54.91812,53.7122,54.23099,53.14132,56.35601,60.41523,59.5399
13.41641,13.41641,13.41641,13.41641,14.31782,13.0,13.92839,13.60147,13.60147,13.60147,13.60147,14.31782,13.34166,13.34166,13.34166,14.14214,13.15295,14.14214,13.0384,13.0384,13.0384,13.0384,14.03567,13.0384,13.0384,13.0384,13.15295,13.15295,12.16553,12.36932,11.40175,11.40175,10.44031,10.77033,9.84886,9.84886,9.43398,8.60233,7.81025,7.81025,7.07107,6.40312,6.40312,5.83095,5.83095,5.38516,5.09902,5.09902,5.0,4.0,4.12311,3.60555,63.89053,66.48308,72.12489,70.00714,74.02702,70.03571,71.61006,68.60029,67.41662,72.40166,74.70609,71.34424,73.06162,72.47068,69.83552,75.58439,74.24284,72.8011,74.09453,72.42237,73.68175,73.08215,74.63243,65.45991,70.00714,72.8011,67.41662,67.44627,68.30813,63.89053,69.57011,62.29767,58.69412,60.41523,59.80803,57.70615,54.20332,54.3783,51.10773,50.47772,49.0408,42.63801,40.36087,37.48333,33.94113,34.71311,33.01515,30.52868,26.92582,24.73863,24.73863,22.02272,20.22375,20.09975,15.0333,16.15549,17.49286,35.0,31.90611,37.21559,34.0147,36.05551,40.02499,36.87818,38.83298,39.62323,41.19466,37.48333,38.20995,38.32754,36.67424,37.0,39.45884,37.48333,36.22154,29.01724,31.32092,31.04835,29.12044,27.85678,31.30495,30.41381,24.16609,28.42534,30.61046,31.89044,29.20616,32.55764,33.83785,28.30194,33.61547,33.83785,33.42155,35.73514,38.63936,37.21559,37.33631,41.30375,41.04875,41.19466,44.01136,47.38143,51.47815,43.18565,48.76474,53.14132,50.32892,50.11986,55.4617,55.00909,53.85165,56.40035,60.80296,59.20304
13.15295,13.15295,13.15295,13.15295,13.0384,13.0384,13.0384,13.0,13.0,13.0,13.0384,13.0384,13.0384,13.15295,13.0384,13.15295,13.34166,13.15295,13.34166,13.34166,13.15295,13.34166,13.15295,13.34166,13.34166,13.15295,12.16553,12.16553,12.16553,12.04159,11.04536,11.0,11.0,10.04988,10.04988,9.05539,9.21954,8.24621,7.28011,7.61577,6.7082,6.7082,5.83095,5.65685,5.65685,5.0,5.0,4.47214,4.12311,4.12311,4.0,4.0,74.33034,65.0,69.11584,74.68601,68.942,72.01389,71.11962,77.25283,73.92564,75.02666,73.68175,74.94665,80.04998,71.8401,79.12016,75.50497,75.69016,75.96052,75.95393,75.53807,77.78175,76.41989,72.0,72.44308,72.44308,72.02777,75.32596,73.10951,71.44928,71.44928,68.46897,68.593,66.27217,66.75328,64.49806,63.63961,59.22837,56.51548,56.0803,53.36666,49.76947,45.18849,45.18849,45.48626,41.88078,39.11521,36.79674,34.65545,34.82815,25.80698,29.52965,17.88854,20.22375,19.31321,17.02939,14.14214,16.12452,35.38361,36.79674,38.8973,38.28838,36.71512,44.77723,38.94868,39.92493,40.8534,41.10961,41.76123,41.7732,43.73786,38.60052,35.4683,34.78505,40.49691,34.9285,32.31099,30.88689,34.66987,35.8469,30.01666,29.41088,29.52965,29.20616,31.14482,30.80584,25.4951,34.48188,32.20248,33.24154,31.62278,33.52611,34.20526,34.71311,37.05401,36.12478,40.04997,37.85499,39.45884,39.21734,46.69047,46.17359,42.72002,53.48832,42.04759,52.69725,51.31277,49.92995,45.34314,53.15073,53.90733,56.63921,58.13777,62.96825,64.07027
14.03567,14.03567,14.14214,14.14214,14.14214,14.31782,14.31782,14.56022,14.56022,14.56022,14.56022,14.86607,13.92839,13.92839,13.92839,14.31782,14.31782,14.31782,14.76482,14.31782,14.31782,13.89244,13.41641,13.89244,13.41641,13.41641,13.41641,13.41641,13.0,13.0,11.7047,11.7047,11.7047,11.40175,10.44031,10.19804,10.04988,9.05539,9.0,8.0,8.0,7.07107,7.07107,6.32456,6.32456,5.38516,5.83095,5.0,4.24264,4.24264,3.60555,3.60555,68.44706,72.91776,68.54196,74.32362,68.35203,74.0,71.8401,70.60453,68.96376,71.38627,75.13322,74.8131,77.41447,74.67262,71.84706,69.18092,69.58448,74.24284,68.26419,73.0,79.02531,68.02941,69.11584,70.06426,69.0,73.10951,74.06079,67.00746,70.02857,71.02816,64.07027,68.11755,66.0,62.1289,63.07139,60.07495,57.42822,55.7315,54.74486,51.41984,52.17279,45.69464,46.23851,39.82462,38.48376,37.57659,37.58989,33.28663,26.90725,24.08319,26.1725,21.40093,19.23538,19.31321,17.26268,13.0384,16.27882,34.66987,36.89173,37.01351,36.23534,40.31129,37.64306,43.82921,40.22437,39.66106,44.94441,42.05948,43.04649,39.96248,39.81206,37.20215,40.70626,38.07887,41.67733,38.01316,34.66987,31.30495,33.6006,32.80244,33.42155,31.1127,29.0,31.40064,28.84441,30.01666,29.73214,28.63564,37.64306,30.80584,31.04835,38.32754,36.01389,33.01515,35.35534,35.51056,40.02499,37.36308,43.46263,45.69464,44.77723,46.52956,36.89173,45.48626,46.75468,48.54894,50.93133,46.75468,57.31492,56.30275,52.20153,61.40033,59.68249,63.13478
12.52996,12.08305,12.08305,12.08305,13.0,13.0,12.64911,12.64911,12.64911,12.36932,13.34166,12.36932,13.15295,12.16553,12.16553,13.15295,13.0384,13.0384,13.0384,13.0384,13.0384,12.04159,13.0384,13.0,12.04159,12.04159,12.04159,12.04159,11.04536,11.18034,10.19804,10.19804,10.19804,9.21954,9.48683,8.544,8.544,7.61577,6.7082,6.7082,6.40312,5.0,5.65685,4.24264,5.0,3.60555,3.16228,3.16228,3.0,3.0,2.23607,2.23607,70.49113,71.56116,66.61081,71.8401,77.80103,73.66139,69.6563,76.36753,75.66373,74.41102,76.41989,74.24958,74.27651,67.88225,68.68042,72.62231,78.24321,77.80103,67.42403,72.20111,77.42093,74.33034,69.11584,71.02112,65.8635,74.09453,68.09552,72.94518,75.21303,70.49113,68.24222,65.80274,62.1289,68.60029,64.07027,61.07373,61.84658,59.66574,48.83646,50.32892,53.03772,43.27817,42.72002,42.48529,40.49691,38.07887,34.53983,34.48188,24.73863,22.56103,30.14963,23.0,20.39608,13.34166,13.34166,14.76482,14.86607,35.22783,37.12142,41.14608,42.05948,38.27532,43.9659,40.26164,45.89118,42.10701,44.01136,40.79216,39.01282,45.01111,47.04253,43.0,40.0,42.0119,37.05401,40.1995,38.20995,36.05551,41.04875,35.69314,32.38827,32.89377,35.4683,34.78505,29.52965,35.8469,38.01316,33.01515,34.66987,36.06938,36.76955,37.48333,35.60899,34.1321,35.8469,40.80441,37.94733,34.53983,34.9285,40.1995,46.69047,41.59327,41.0,40.0125,44.18144,50.48762,49.64877,51.97115,52.63079,50.21952,51.5461,52.80152,55.9464,65.73431
13.0,13.0,11.7047,12.64911,12.64911,13.60147,12.36932,13.34166,13.34166,12.16553,12.36932,13.34166,13.15295,12.16553,13.0384,13.0384,13.0384,12.04159,13.0384,12.0,12.0,12.04159,12.04159,12.04159,12.04159,12.04159,12.04159,10.04988,11.18034,10.19804,10.44031,9.05539,9.21954,9.48683,8.544,8.544,8.06226,7.2111,7.2111,6.40312,6.40312,6.40312,5.0,5.0,4.47214,4.47214,3.60555,4.12311,3.0,3.0,3.0,2.23607,72.23573,69.89278,69.57011,71.8401,74.2159,70.60453,73.97973,77.10383,69.857,69.72087,71.56815,75.80237,74.16873,70.25667,73.43705,68.18358,69.02898,73.06162,72.00694,72.0,75.23962,67.1193,73.17103,77.31753,71.00704,70.34913,73.24616,70.45566,68.0,66.18912,68.11755,65.00769,65.00769,62.03225,64.07027,57.03508,59.3043,52.46904,52.61179,49.24429,48.27007,45.70558,40.26164,37.58989,35.77709,37.12142,31.38471,32.75668,26.24881,23.43075,20.61553,20.24846,19.23538,14.76482,16.49242,13.0384,11.18034,38.11824,38.20995,37.0,43.41659,39.82462,42.94182,39.39543,42.43819,42.54409,45.45327,46.40043,46.8615,43.41659,43.93177,45.25483,41.72529,39.59798,36.05551,40.36087,37.80212,36.12478,37.73592,37.58989,36.71512,34.48188,33.54102,31.01612,34.20526,38.32754,34.52535,34.0147,38.47077,37.05401,39.11521,43.04649,42.75512,40.80441,40.79216,39.84972,47.75982,45.69464,42.05948,44.94441,46.32494,46.04346,51.0392,47.01064,48.79549,49.51767,53.2635,49.0408,51.86521,59.16925,57.68882,58.30952,60.92618,63.52952
13.45362,12.80625,13.45362,12.80625,12.80625,13.60147,13.0384,13.60147,14.42221,13.0384,13.89244,13.89244,13.89244,13.41641,12.52996,13.0,13.92839,13.0,12.08305,13.0,13.0,13.0,13.0,13.0,12.08305,12.08305,12.08305,12.08305,11.18034,11.18034,10.29563,10.81665,10.0,10.0,9.21954,9.21954,8.48528,7.81025,7.81025,6.40312,6.7082,5.83095,5.38516,5.38516,5.09902,4.12311,4.0,4.0,3.16228,3.16228,3.16228,2.23607,71.8401,75.43209,69.2026,73.4983,78.60025,74.33034,74.62573,67.23095,76.66159,72.94518,75.17978,75.591,75.6439,81.02469,76.05919,79.47956,78.29432,70.93659,71.7844,76.65507,71.56815,74.63243,72.12489,72.03471,75.69016,70.34202,73.00685,76.15773,69.26038,68.41053,64.19502,65.45991,71.7844,67.35726,61.68468,63.07139,57.69749,58.69412,55.4617,50.60632,47.70744,47.50789,44.68781,42.80187,41.86884,35.4683,29.20616,30.61046,25.23886,20.80865,21.63331,21.18962,17.46425,21.0238,15.0333,14.31782,9.21954,35.35534,38.94868,43.01163,42.2019,47.63402,41.03657,45.27693,45.0,45.80393,45.45327,45.48626,46.51881,42.48529,41.59327,42.19005,45.18849,40.49691,36.23534,36.89173,37.73592,38.27532,35.4683,37.64306,38.20995,37.48333,36.79674,35.60899,32.75668,39.82462,41.59327,38.07887,43.08132,41.10961,43.17407,43.68066,43.56604,46.52956,43.93177,44.10215,41.01219,43.18565,43.73786,51.41984,42.95346,45.89118,52.92447,51.62364,51.89412,49.39636,53.66563,56.35601,52.15362,54.81788,60.82763,61.55485,60.20797,65.11528
13.0,14.31782,13.41641,14.31782,13.41641,13.89244,13.89244,13.0384,13.0384,13.0384,13.60147,13.60147,13.60147,13.60147,13.60147,13.45362,14.14214,12.80625,13.45362,12.80625,13.45362,13.45362,12.04159,12.04159,12.80625,12.80625,12.80625,11.40175,11.40175,10.81665,10.81665,10.81665,10.29563,10.29563,8.94427,8.94427,8.544,8.544,8.24621,7.07107,7.07107,6.08276,6.0,5.0,5.0,4.12311,4.12311,4.47214,3.60555,3.60555,2.82843,2.82843,71.56815,65.62012,71.19691,70.45566,73.5459,73.5459,78.64477,72.03471,73.4983,76.24303,72.11103,77.49194,73.53911,74.0,71.51224,72.23573,77.16217,76.48529,75.66373,73.82412,74.30343,69.35416,74.79305,73.24616,68.26419,71.19691,71.69379,72.56032,68.96376,70.23532,68.88396,63.28507,65.30697,60.41523,60.41523,57.93962,57.58472,53.85165,52.92447,51.66237,48.76474,49.0306,45.09989,40.31129,37.33631,34.1321,31.01612,27.29469,25.31798,22.80351,22.80351,22.13594,21.09502,18.43909,14.21267,9.43398,8.48528,37.36308,38.32754,42.19005,42.29657,40.04997,42.19005,41.19466,41.19466,46.09772,41.97618,41.48494,41.48494,45.12206,45.35416,44.38468,43.65776,39.84972,36.87818,38.32754,38.83298,37.64306,40.11234,35.12834,37.05401,35.0,35.51056,39.20459,37.85499,36.87818,36.87818,36.40055,43.08132,40.31129,41.59327,37.12142,41.04875,36.87818,44.55334,45.27693,44.55334,46.09772,47.01064,45.22168,44.94441,49.92995,42.05948,48.33218,54.08327,50.28916,54.626,52.81098,59.84146,56.75385,54.58938,56.22277,63.03174,65.03076
14.14214,14.31782,13.34166,14.31782,14.31782,14.31782,13.34166,14.56022,14.31782,13.60147,14.56022,13.92839,13.92839,13.92839,13.92839,13.92839,13.92839,13.92839,14.31782,13.92839,13.92839,13.92839,13.92839,13.0,13.0,13.0,12.64911,12.36932,12.64911,11.40175,11.18034,10.19804,10.19804,10.04988,10.04988,9.0,9.0,8.0,8.06226,7.07107,7.07107,6.32456,5.09902,5.38516,4.47214,4.47214,3.60555,3.60555,2.23607,2.82843,2.23607,1.41421,74.16873,70.25667,73.24616,73.24616,72.44308,74.1485,74.52516,72.18033,73.24616,74.72617,72.03471,71.47027,70.83784,70.83784,73.08215,73.1642,76.15773,67.41662,72.09022,68.8767,72.91776,72.09022,74.68601,75.13322,68.02941,72.94518,71.11259,68.47627,72.23573,69.35416,67.77905,66.30988,61.09828,66.40783,64.19502,58.5235,58.94065,52.7731,55.7315,48.25971,49.25444,43.18565,46.0,39.01282,41.4367,33.06055,32.38827,32.28002,34.48188,22.47221,21.9545,20.51828,17.49286,11.40175,14.21267,15.52417,12.04159,34.98571,33.12099,39.39543,42.37924,40.60788,41.97618,40.04997,42.04759,44.28318,42.0,43.01163,41.19466,43.0,43.28972,40.1995,39.31921,41.10961,39.20459,38.0526,39.20459,35.0571,39.0,39.20459,36.34556,36.34556,36.87818,37.33631,38.32754,33.83785,36.89173,43.26662,36.76955,39.82462,42.2019,42.2019,45.45327,44.59821,41.86884,42.44997,44.65423,43.01163,46.87217,47.50789,48.30114,48.75449,54.78138,49.64877,48.38388,48.08326,52.20153,50.9902,59.22837,58.69412,55.14526,62.07254,67.00746,63.00794
12.36932,12.16553,12.36932,13.34166,13.15295,12.16553,12.16553,12.04159,12.04159,12.04159,13.0384,13.0,13.0,13.0,13.0,12.04159,13.0384,12.0,13.0384,13.0384,12.04159,13.0384,12.0,12.04159,13.0384,12.04159,12.0,11.0,11.04536,11.04536,10.04988,10.04988,9.05539,9.21954,8.24621,7.28011,7.28011,7.28011,6.32456,6.32456,5.83095,5.65685,4.47214,4.24264,3.60555,3.60555,3.16228,2.23607,2.0,2.23607,2.0,1.41421,64.88451,69.07966,70.2282,66.7308,68.94926,67.18631,67.05222,72.56721,65.30697,71.30919,72.27724,67.68309,70.71068,66.91039,71.84706,69.58448,74.33034,69.18092,72.1734,68.06614,73.00685,70.0,69.0,70.06426,68.0,65.0,66.06815,66.00758,68.0,68.0,62.0,62.0,62.28965,63.3877,56.14268,58.85576,52.34501,52.61179,53.36666,45.70558,42.72002,42.72002,41.23106,37.69615,35.51056,32.44996,33.6006,26.90725,26.24881,22.02272,20.51828,14.76482,17.0,15.26434,13.0384,12.0,9.21954,33.01515,38.11824,37.10795,43.68066,38.07887,42.72002,38.47077,42.94182,43.82921,38.58756,42.05948,40.24922,40.49691,45.48626,42.19005,40.31129,41.59327,41.40048,41.18252,37.44329,38.58756,41.14608,38.07887,36.67424,38.8973,36.68787,33.73426,40.4475,38.83298,41.10961,38.0526,42.0119,37.01351,38.20995,45.70558,43.41659,43.56604,46.87217,47.75982,46.09772,49.76947,46.14109,48.76474,52.15362,47.16991,46.01087,48.01042,55.21775,52.3259,50.93133,54.67175,60.80296,57.62812,49.20366,58.24946,60.53924,61.29437
13.34166,13.60147,13.60147,13.60147,12.64911,13.60147,13.92839,13.92839,13.0,13.0,14.31782,14.31782,13.41641,13.41641,13.41641,13.89244,13.89244,13.41641,13.0384,13.0384,12.52996,12.52996,12.52996,12.52996,12.52996,12.52996,12.08305,11.7047,12.08305,10.77033,10.77033,10.44031,10.44031,9.48683,9.21954,9.21954,9.21954,8.06226,7.0,7.0,7.0,6.0,5.09902,5.09902,4.12311,4.12311,3.16228,3.16228,2.82843,2.23607,2.23607,1.41421,70.60453,71.56815,67.05222,71.51224,73.92564,66.30988,67.53518,73.34848,67.62396,69.35416,72.89719,74.62573,69.64194,70.49113,71.19691,66.0303,71.61006,73.87828,72.00694,68.60029,71.58911,66.8431,69.35416,70.29225,67.35726,69.42622,71.21798,65.94695,66.4003,69.6563,67.80118,64.03124,62.80127,58.41233,58.24946,56.93856,54.58938,55.07268,52.39275,48.75449,46.61545,44.01136,41.10961,36.05551,41.59327,34.23449,29.01724,25.17936,26.0,22.02272,18.43909,19.92486,17.46425,16.27882,14.42221,11.6619,9.21954,38.60052,35.4683,35.35534,38.01316,39.0,38.27532,42.37924,42.37924,40.26164,40.02499,42.29657,40.60788,44.72136,39.45884,39.20459,41.0,40.31129,38.83298,38.32754,38.32754,39.05125,36.13862,36.67424,33.52611,38.07887,37.16181,35.22783,38.27532,34.66987,42.0119,36.87818,39.69887,40.31129,37.48333,45.34314,39.96248,41.6173,47.16991,45.27693,50.11986,44.28318,46.09772,49.0408,51.92302,46.57252,41.48494,46.09772,50.15974,50.24938,53.08484,55.08176,53.08484,56.14268,62.514,59.84146,56.56854,63.56099
13.0384,13.0384,13.15295,13.0384,13.0384,13.15295,12.36932,13.34166,13.34166,12.36932,13.34166,12.64911,12.64911,13.60147,12.64911,13.0,13.0,13.0,12.08305,13.0,13.0,13.0,12.08305,12.08305,11.7047,11.7047,11.7047,11.7047,11.40175,11.40175,10.19804,10.19804,10.19804,9.21954,9.05539,8.0,8.0,8.0,7.07107,7.07107,6.08276,6.08276,6.08276,5.38516,4.47214,3.60555,3.60555,3.60555,2.82843,3.60555,3.60555,2.23607,69.0,70.0,66.75328,72.02777,72.24957,71.34424,72.24957,72.56032,73.68175,68.06614,71.19691,71.30919,75.50497,69.64194,70.21396,68.62215,73.05477,70.00714,74.09453,68.70953,73.53911,67.41662,69.857,70.93659,65.0,72.8011,66.21178,69.31811,65.0,66.21178,65.9242,63.89053,62.29767,62.64184,59.90826,53.93515,57.87055,52.17279,52.34501,51.08816,47.16991,41.01219,41.01219,36.12478,36.22154,39.05125,30.41381,28.63564,21.18962,24.18677,20.80865,17.49286,15.6205,16.27882,17.02939,13.0384,9.84886,36.35932,35.35534,39.81206,41.23106,37.10795,39.29377,40.79216,44.10215,42.0119,41.04875,44.10215,42.0119,39.05125,44.04543,42.0119,43.04649,42.04759,39.0,39.05125,39.01282,34.52535,37.21559,36.34556,39.29377,39.20459,42.2019,36.40055,40.80441,39.39543,40.24922,42.48529,45.17743,44.94441,46.61545,47.01064,46.40043,42.44997,44.55334,44.59821,50.91169,50.60632,46.2277,51.40039,51.97115,52.43091,46.09772,50.11986,51.07837,53.48832,47.75982,54.08327,57.87055,58.42089,52.61179,63.50591,63.12686,65.00769
12.36932,12.36932,12.36932,12.36932,12.36932,12.36932,12.16553,12.16553,12.16553,12.04159,12.04159,12.0,11.04536,12.0,11.0,12.0,12.0,12.0,11.04536,12.0,11.0,12.04159,11.0,11.04536,11.0,11.0,11.0,10.04988,10.04988,10.0,9.21954,9.21954,8.24621,8.24621,7.28011,7.28011,7.61577,6.7082,5.83095,5.83095,6.40312,5.65685,4.24264,4.24264,4.24264,3.60555,3.16228,3.16228,3.0,3.0,2.0,2.23607,69.28925,70.5762,70.21396,70.5195,73.37575,70.88018,68.68042,69.37579,71.16881,64.13267,69.2315,71.38627,68.593,67.74216,69.46222,71.25307,66.37017,72.11103,66.48308,73.02739,68.18358,70.0,66.0303,67.00746,67.0,66.06815,66.0,66.06815,66.00758,66.00758,62.1289,63.12686,62.28965,57.31492,56.22277,52.17279,50.80354,51.24451,49.64877,48.50773,47.12749,39.92493,41.62932,40.70626,33.83785,30.01666,30.0,25.45584,26.24881,24.69818,21.26029,18.78829,17.0,13.92839,16.12452,14.14214,10.04988,35.44009,39.01282,40.0125,41.01219,43.28972,40.31129,40.60788,44.38468,42.42641,43.01163,44.59821,42.05948,43.86342,43.46263,40.80441,44.77723,38.07887,43.9659,41.10961,42.44997,37.36308,36.87818,39.05125,40.11234,42.29657,39.20459,41.01219,42.0119,43.18565,44.0,44.18144,43.18565,47.26521,46.87217,49.64877,46.84015,47.75982,48.8467,44.28318,50.08992,46.51881,48.25971,53.53504,55.21775,51.22499,50.60632,49.67897,54.45181,53.03772,55.44367,60.87693,58.24946,59.81639,65.45991,63.81222,67.23095,62.16912
13.0,12.08305,13.0,12.64911,13.0,11.7047,12.64911,12.36932,13.60147,12.36932,12.36932,13.34166,12.16553,12.16553,12.16553,13.15295,12.04159,12.16553,12.04159,12.04159,12.04159,12.04159,12.04159,11.04536,11.04536,12.16553,11.18034,10.19804,10.19804,10.19804,9.48683,9.48683,8.544,8.544,8.94427,8.06226,7.2111,7.2111,6.40312,6.40312,6.40312,5.65685,5.0,4.47214,4.47214,4.47214,3.16228,3.16228,3.0,3.0,2.23607,2.23607,68.44706,67.62396,72.12489,67.41662,68.00735,71.16881,67.6757,73.05477,67.91171,72.03471,72.78049,72.18033,71.70077,65.9242,71.80529,74.8131,72.83543,71.44928,68.46897,65.19202,69.02898,64.12488,68.00735,68.06614,65.12296,69.02898,63.0,67.02984,62.39391,65.00769,62.07254,64.28063,58.30952,61.52235,54.33231,56.08921,54.58938,52.39275,48.38388,46.57252,47.16991,40.8534,41.14608,36.67424,38.01316,30.01666,29.73214,28.6007,24.75884,22.02272,20.80865,18.35756,16.12452,15.23155,15.13275,13.0384,10.44031,37.33631,39.05125,38.47077,44.18144,40.4475,43.93177,41.48494,42.37924,44.38468,41.23106,42.54409,42.37924,43.46263,48.10405,43.82921,41.23106,43.46263,38.07887,41.78516,40.79216,45.54119,42.05948,41.0,42.72002,45.12206,39.05125,41.19466,40.0,37.48333,45.01111,43.28972,42.10701,42.42641,44.91102,49.0306,42.75512,48.76474,48.08326,48.38388,46.61545,50.15974,51.10773,49.73932,55.60576,52.69725,45.79301,51.08816,54.45181,58.0517,55.22681,53.2635,62.62587,61.40033,58.24946,63.51378,65.0,68.0
13.0384,13.0,12.0,12.0,13.0384,12.0,13.0,12.04159,12.04159,12.16553,12.16553,12.16553,12.36932,12.36932,12.36932,12.36932,11.40175,12.36932,11.40175,11.40175,11.18034,11.40175,12.36932,11.7047,11.40175,11.40175,11.40175,10.04988,10.19804,10.04988,9.05539,9.0,9.0,9.0,8.0,8.06226,7.07107,7.28011,6.32456,5.38516,6.32456,5.38516,5.0,4.47214,4.24264,4.24264,2.82843,3.60555,3.16228,3.0,2.0,3.0,69.87131,68.88396,73.68175,71.70077,67.1193,72.44308,72.24957,71.06335,66.0303,72.00694,70.06426,67.00746,75.10659,68.11755,71.34424,70.45566,70.45566,71.02112,67.60178,69.2315,67.08204,67.68309,70.34202,67.46851,69.63476,68.88396,62.36986,64.03124,65.11528,64.53681,64.93843,65.62012,59.07622,60.53098,55.57877,57.00877,53.08484,52.0,48.16638,43.18565,44.28318,43.28972,39.62323,36.40055,36.68787,30.67572,31.30495,30.46309,23.02173,21.40093,23.60085,20.51828,15.6205,18.02776,13.0384,13.34166,14.03567,38.48376,38.62642,38.63936,40.4475,39.05125,47.09565,43.18565,44.18144,42.10701,44.40721,46.17359,40.4475,45.27693,44.91102,41.97618,40.04997,46.69047,38.63936,41.4367,42.04759,40.04997,38.01316,40.0125,39.0,41.01219,41.97618,35.0571,42.2019,40.02499,45.35416,39.84972,47.43416,41.23106,39.56008,42.95346,46.14109,44.29447,47.70744,50.47772,51.08816,50.9902,49.57822,55.17246,51.85557,52.00961,53.07542,53.41348,58.83026,55.75841,52.35456,56.79789,59.48109,64.62198,58.87274,61.40033,61.61169,66.91039
14.21267,13.60147,14.42221,15.0,14.42221,14.42221,14.76482,13.89244,14.76482,14.42221,13.89244,14.76482,14.76482,14.31782,14.76482,13.41641,13.92839,13.92839,13.92839,13.92839,13.92839,13.92839,13.0,13.92839,13.41641,13.41641,12.52996,12.52996,12.52996,11.6619,12.20656,11.6619,10.81665,10.0,10.0,9.21954,9.89949,8.48528,7.81025,7.2111,7.2111,5.83095,5.83095,5.38516,5.38516,4.47214,4.12311,4.12311,3.0,3.0,3.0,2.23607,72.20111,64.03124,69.2026,69.63476,71.61006,72.00694,67.1193,73.23933,71.02112,73.82412,71.19691,71.11962,69.35416,68.8767,68.02941,69.857,69.77822,66.40783,67.62396,62.96825,71.7844,65.78754,65.14599,66.40783,63.56886,65.45991,63.24555,63.90618,62.29767,65.55151,65.55151,63.15853,56.85948,55.9464,53.23533,55.22681,52.47857,51.31277,50.21952,49.09175,44.68781,43.13931,39.62323,40.36087,35.35534,27.80288,29.20616,25.94224,25.4951,24.04163,21.84033,16.12452,15.0333,13.0384,18.0,11.04536,11.18034,35.17101,41.19466,41.19466,42.95346,37.85499,39.56008,39.56008,34.17601,39.35734,38.60052,42.19005,45.60702,32.80244,45.65085,31.40064,50.53712,39.96248,33.30165,44.38468,38.28838,46.14109,37.73592,40.24922,37.0,43.65776,36.13862,37.36308,43.10452,34.0147,41.30375,42.72002,39.01282,38.83298,39.11521,48.6621,46.69047,39.21734,47.07441,46.27094,45.35416,47.43416,45.60702,49.33559,50.28916,48.33218,51.62364,49.1935,51.0,56.0357,53.53504,59.5483,51.40039,54.45181,57.62812,62.24147,60.82763,62.62587
14.14214,14.31782,13.34166,14.56022,13.34166,13.34166,13.60147,13.60147,14.56022,13.60147,13.60147,13.60147,13.0,13.0,13.0,13.0,13.92839,13.0,13.0,13.41641,13.0,13.41641,13.0,13.0,12.08305,13.0,12.64911,11.7047,11.7047,11.40175,10.19804,10.19804,10.19804,9.21954,9.05539,9.05539,8.0,8.0,7.0,7.0,7.07107,6.08276,5.09902,5.09902,4.47214,4.47214,3.60555,3.60555,2.82843,2.82843,1.41421,2.23607,68.35934,72.00694,71.84706,75.66373,73.00685,73.00685,70.34202,73.97973,72.12489,71.30919,71.16881,70.21396,69.89278,67.6757,74.0,72.94518,72.09022,73.82412,64.84597,72.47068,69.97142,66.21178,69.35416,68.88396,68.02941,67.1193,68.0,67.95587,67.53518,65.76473,65.76473,63.50591,62.24147,60.83584,58.18935,55.65968,54.12024,52.49762,51.41984,49.72927,50.9902,41.59327,42.0,41.19466,38.11824,33.13608,29.42788,28.01785,24.08319,24.69818,18.78829,19.69772,18.02776,15.23155,10.81665,7.61577,10.63015,34.05877,40.49691,39.44617,39.81206,41.14608,41.4367,43.41659,42.95346,39.62323,42.57934,43.41659,41.4367,42.75512,40.31129,40.4475,41.10961,41.59327,35.35534,36.67424,41.59327,43.93177,42.2019,35.90265,40.16217,36.76955,41.78516,38.94868,42.43819,40.31129,43.909,41.88078,47.20169,41.04875,46.2277,49.51767,46.75468,50.20956,47.43416,43.82921,49.73932,53.00943,50.60632,53.22593,52.80152,54.08327,51.10773,55.15433,55.08176,55.54278,54.12947,55.10898,58.21512,63.12686,55.0,60.20797,64.00781,64.19502
14.14214,14.14214,14.14214,14.14214,14.03567,14.03567,14.03567,14.03567,14.0,14.0,14.0,14.03567,13.0384,13.0384,13.0384,13.15295,13.15295,13.15295,13.34166,13.15295,13.15295,13.15295,13.15295,13.15295,13.15295,12.04159,12.16553,12.16553,12.16553,11.04536,11.04536,11.0,10.0,10.0,9.05539,9.05539,8.06226,8.06226,8.24621,7.28011,6.32456,6.32456,5.38516,4.47214,5.0,4.47214,4.24264,3.60555,3.60555,3.60555,3.16228,2.23607,72.18033,73.5459,75.16648,70.34913,73.02739,70.17834,68.06614,73.0,70.00714,70.00714,73.10951,70.5762,71.11259,69.35416,68.593,72.00694,73.1642,72.03471,69.42622,70.34202,73.24616,66.4906,68.68042,68.96376,68.35203,65.25335,70.88018,68.30813,64.84597,67.35726,65.14599,66.09841,62.58594,59.66574,55.36244,55.10898,53.93515,55.57877,51.08816,51.0098,45.17743,41.30375,39.05125,39.31921,35.44009,31.04835,31.04835,23.08679,22.84732,20.24846,18.35756,21.26029,14.21267,12.80625,13.60147,13.89244,9.21954,33.95585,34.20526,39.31921,40.4475,38.0526,39.0,41.0,44.28318,38.20995,42.57934,39.62323,44.14748,41.97618,40.4475,39.62323,37.10795,43.17407,38.32754,44.04543,38.32754,37.12142,41.30375,40.0125,43.01163,42.04759,42.0119,40.60788,41.97618,41.48494,43.9659,40.8534,43.9659,47.53946,47.92703,47.85394,47.85394,49.73932,46.32494,54.67175,51.85557,52.40229,51.62364,53.07542,55.97321,53.90733,53.00943,51.08816,57.68882,56.0803,61.05735,63.63175,55.03635,67.1193,59.20304,64.56005,68.30813,65.25335
13.0384,13.0384,13.60147,13.60147,13.60147,13.45362,13.45362,13.45362,13.45362,12.80625,12.72792,13.45362,12.72792,12.72792,12.04159,13.45362,12.80625,12.80625,12.04159,12.04159,12.04159,12.04159,12.04159,12.04159,12.04159,12.04159,11.31371,10.63015,10.63015,10.63015,10.0,10.0,9.43398,9.43398,8.94427,8.94427,7.61577,7.61577,7.28011,6.32456,6.08276,6.08276,6.0,5.0,5.0,4.0,4.12311,3.60555,4.12311,3.60555,2.82843,2.82843,68.96376,68.7968,74.33034,72.20111,62.96825,75.43209,70.80254,72.47068,67.41662,73.10951,70.0,71.50524,65.79514,70.76722,71.42129,72.13876,70.17834,63.12686,69.35416,67.20119,71.06335,62.28965,67.80118,68.68042,64.53681,67.26812,65.21503,66.8431,62.62587,63.25346,60.80296,62.482,61.52235,58.69412,54.67175,56.22277,51.73973,49.81967,54.91812,47.01064,43.26662,41.88078,42.04759,38.47077,36.24914,32.57299,28.86174,27.65863,26.4764,18.11077,20.02498,17.08801,20.24846,19.23538,14.42221,8.94427,11.6619,36.76955,38.01316,36.67424,41.86884,40.22437,41.7732,38.18377,38.18377,38.28838,35.38361,36.87818,38.94868,42.42641,42.63801,41.10961,39.20459,40.45986,35.38361,39.62323,37.80212,41.23106,43.93177,37.80212,40.0,39.96248,43.41659,40.49691,42.04759,41.67733,44.72136,45.22168,47.01064,43.08132,44.77723,49.33559,39.81206,47.80167,53.33854,49.25444,49.25444,54.08327,49.0408,56.00893,57.00877,55.22681,60.53098,56.7186,57.55867,58.69412,57.27128,57.48913,54.70832,59.80803,59.03389,60.41523,65.30697,65.74192
13.34166,12.36932,12.36932,12.36932,12.64911,11.7047,12.08305,13.0,12.08305,13.0,12.52996,13.41641,12.52996,12.52996,11.6619,13.0384,12.20656,13.0384,12.20656,12.20656,11.6619,12.20656,12.20656,12.20656,11.6619,10.81665,10.29563,11.18034,10.29563,10.29563,9.84886,9.84886,9.48683,8.544,8.544,8.24621,7.28011,7.07107,6.08276,6.0,5.0,5.0,4.0,4.12311,3.16228,3.16228,2.23607,2.23607,2.23607,1.41421,1.0,1.0,67.44627,62.64184,69.26038,69.26038,67.6757,71.30919,65.79514,73.92564,65.30697,68.942,70.71068,64.88451,69.46222,64.88451,66.0303,66.85058,65.21503,67.95587,71.02816,61.84658,70.43437,61.85467,69.6563,66.70832,61.22091,66.06815,63.82006,63.41136,62.28965,60.30755,62.20129,65.60488,53.41348,59.07622,54.70832,54.12024,54.12024,50.53712,45.61798,46.8188,40.49691,39.92493,38.60052,35.90265,37.65634,29.15476,28.07134,23.02173,24.08319,25.17936,18.68154,16.15549,15.29706,13.60147,12.36932,11.6619,8.94427,33.42155,34.05877,36.76955,38.28838,36.89173,41.04875,36.71512,38.07887,38.47077,37.16181,38.94868,42.04759,40.70626,37.16181,39.39543,33.83785,36.67424,40.31129,39.82462,40.24922,42.04759,44.29447,36.71512,44.41846,40.60788,39.40812,40.45986,42.52058,40.31129,48.16638,43.13931,44.59821,48.41487,44.04543,45.22168,44.65423,45.65085,44.29447,51.47815,51.07837,52.55473,49.39636,54.70832,51.1957,58.94065,57.56735,52.7731,47.51842,55.57877,56.14268,54.08327,56.00893,62.1289,58.13777,60.40695,67.74216,68.06614
12.16553,12.16553,12.16553,12.16553,12.36932,11.40175,11.40175,11.7047,11.40175,11.7047,12.08305,11.7047,11.18034,11.18034,11.18034,11.18034,11.18034,11.18034,10.29563,11.18034,11.18034,11.18034,10.77033,10.29563,11.18034,11.18034,10.77033,10.77033,9.84886,9.48683,9.48683,8.24621,8.24621,8.24621,8.06226,7.07107,7.07107,7.0,6.0,5.09902,5.09902,5.09902,4.12311,4.47214,4.47214,3.60555,3.60555,2.82843,2.23607,2.23607,2.0,2.0,68.11755,67.0,66.48308,69.02898,70.03571,67.08204,67.46851,72.18033,65.73431,67.6757,73.4983,69.37579,69.92138,67.06713,70.21396,68.15424,71.58911,70.68239,69.857,68.44706,69.46222,64.41273,65.29931,67.23095,65.29931,62.6099,64.41273,65.73431,63.95311,62.76942,66.18912,61.77378,57.77543,58.60034,55.9017,53.45091,52.0,48.76474,47.53946,45.12206,45.70558,38.63936,36.22154,36.34556,32.0,32.55764,27.29469,31.32092,23.19483,21.54066,19.23538,20.0,17.02939,14.14214,9.89949,7.61577,13.89244,37.48333,38.20995,39.20459,42.54409,39.35734,40.70626,40.31129,39.92493,43.9659,43.01163,42.05948,40.16217,40.60788,41.97618,40.80441,40.16217,43.01163,37.94733,40.16217,38.62642,42.15448,43.65776,43.46263,41.14608,43.41659,47.43416,47.20169,47.43416,43.82921,47.70744,47.80167,50.9902,50.32892,47.63402,50.93133,57.48913,54.03702,54.91812,50.47772,56.30275,56.30275,52.83938,57.24509,56.82429,57.80138,53.23533,52.80152,57.48913,58.5235,58.69412,56.08921,61.52235,62.39391,58.42089,64.07027,63.03174,67.06713
12.04159,12.04159,12.16553,11.18034,11.40175,11.18034,11.40175,11.40175,11.40175,11.40175,11.40175,11.7047,10.77033,10.77033,10.77033,11.18034,11.18034,11.18034,10.81665,11.18034,10.29563,10.29563,11.18034,10.29563,9.84886,10.77033,10.29563,9.84886,9.48683,9.48683,8.544,8.544,8.24621,8.24621,7.07107,7.07107,7.07107,7.0,6.0,5.0,5.09902,5.09902,4.12311,4.12311,3.60555,3.60555,3.60555,2.82843,2.23607,2.23607,2.23607,2.0,67.26812,62.64982,71.06335,71.19691,67.91171,70.21396,64.28841,67.72001,63.56886,68.35203,69.28925,65.55151,66.64833,63.32456,66.70832,62.16912,64.14047,63.52952,68.88396,64.14047,71.84706,63.24555,67.20119,65.21503,58.83026,64.89992,61.40033,60.20797,59.16925,62.42596,57.14018,61.03278,52.83938,57.80138,52.35456,53.7122,53.7122,49.65884,47.75982,46.17359,42.95346,40.79216,38.83298,38.32754,37.33631,33.13608,28.01785,28.07134,25.31798,24.5153,18.43909,18.02776,17.80449,17.49286,13.45362,7.07107,10.81665,34.20526,39.69887,38.41875,41.86884,35.0,42.72002,42.2019,41.59327,42.48529,42.04759,43.46263,44.77723,42.95346,42.72002,44.77723,42.94182,46.06517,40.24922,43.38202,40.70626,42.54409,45.65085,41.04875,44.94441,47.43416,48.60041,53.25411,44.04543,48.27007,51.22499,50.20956,52.34501,53.07542,49.0408,53.07542,51.22499,53.00943,52.43091,54.3783,53.85165,57.3062,53.23533,60.41523,54.42426,56.85948,64.84597,58.24088,60.63827,57.72348,54.57105,60.67125,61.81424,63.28507,60.07495,62.03225,70.06426,66.0
11.40175,12.64911,11.7047,11.7047,11.7047,11.7047,12.08305,11.18034,11.18034,11.6619,11.18034,11.6619,11.6619,11.6619,11.6619,10.81665,11.40175,10.81665,11.40175,10.63015,11.40175,10.63015,11.40175,11.40175,10.81665,10.81665,10.81665,9.43398,10.29563,9.43398,8.94427,8.94427,8.544,8.24621,7.28011,8.24621,7.07107,6.08276,6.08276,6.0,6.08276,5.0,5.09902,4.47214,4.12311,3.60555,3.60555,2.82843,2.82843,2.23607,2.23607,2.0,63.03174,65.27634,72.00694,68.65858,68.15424,65.51336,67.18631,67.44627,65.45991,68.35203,68.00735,65.9242,66.30988,63.07139,67.62396,67.1193,66.7308,65.51336,66.57327,63.63175,69.46222,62.68174,67.62396,68.96376,63.82006,62.76942,62.96825,65.29931,61.61169,64.14047,61.85467,57.14018,54.20332,55.56978,55.9464,55.03635,52.7731,54.08327,48.38388,47.12749,44.77723,44.92215,38.83298,36.34556,37.05401,35.01428,29.15476,25.4951,27.65863,21.37756,19.92486,22.47221,18.35756,15.81139,12.04159,10.81665,9.43398,38.60052,38.8973,41.72529,40.60788,41.23106,43.01163,40.31129,42.54409,44.29447,39.92493,44.29447,47.41308,41.14608,46.14109,42.05948,47.85394,43.38202,42.95346,47.01064,49.65884,46.64762,42.95346,48.02083,47.20169,48.10405,51.61395,43.93177,53.2635,50.44799,52.40229,47.38143,53.03772,54.45181,51.85557,53.60037,52.49762,55.21775,52.15362,54.08327,59.05929,55.9017,55.4617,55.54278,57.27128,61.84658,52.81098,57.24509,56.75385,59.66574,62.36986,59.22837,60.01666,65.12296,59.0,66.0303,67.0,61.0082
12.04159,11.0,11.0,12.0,11.0,11.04536,11.04536,11.04536,11.04536,11.18034,11.18034,11.40175,10.44031,10.44031,11.40175,11.7047,11.7047,11.7047,10.77033,10.77033,10.77033,10.44031,10.44031,10.77033,10.77033,10.44031,10.44031,9.48683,9.48683,9.21954,9.21954,9.21954,8.06226,8.0,8.0,8.0,7.0,7.07107,6.08276,5.09902,5.38516,5.38516,4.47214,4.47214,3.60555,4.24264,4.24264,3.60555,3.60555,2.23607,2.23607,3.0,63.56099,58.42089,63.3877,64.77654,69.26038,66.48308,60.53098,66.06815,62.00806,59.00847,63.07139,64.03124,63.12686,60.13319,63.63961,64.93843,60.63827,63.32456,62.0967,59.48109,67.44627,65.25335,61.03278,59.90826,61.84658,63.32456,61.13101,59.77458,55.54278,61.68468,61.68468,52.39275,59.84146,54.74486,55.9017,52.46904,51.15662,49.0408,48.16638,44.10215,47.09565,43.04649,40.1995,39.45884,32.28002,33.52611,34.0147,30.01666,21.54066,25.23886,24.08319,25.0,17.02939,13.0384,16.76305,10.29563,13.15295,38.60052,41.67733,38.47077,41.78516,40.5216,40.80441,41.0,39.29377,41.59327,43.56604,40.5216,44.55334,42.75512,43.73786,43.73786,44.40721,40.4475,41.97618,42.95346,45.39824,44.72136,46.57252,46.84015,46.57252,47.07441,53.14132,50.59644,53.31041,46.8188,50.56679,52.3259,58.13777,48.54894,53.33854,50.11986,53.53504,56.30275,56.72742,51.40039,57.28001,53.75872,58.0517,60.10824,59.40539,59.39697,56.85948,58.41233,62.1289,58.30952,56.40035,59.9333,62.64982,64.4748,61.68468,59.5063,64.62198,65.0
11.7047,11.18034,11.18034,12.08305,12.08305,11.18034,11.6619,11.6619,12.20656,11.6619,11.40175,11.40175,11.40175,11.40175,11.40175,12.04159,11.31371,11.31371,11.31371,11.31371,11.31371,11.31371,12.04159,12.04159,11.31371,11.31371,10.63015,10.63015,10.0,10.63015,10.0,10.0,10.0,8.60233,8.60233,8.06226,7.61577,6.7082,6.7082,6.32456,5.38516,5.09902,5.09902,4.12311,4.12311,4.0,3.0,3.0,3.16228,2.23607,2.23607,1.41421,57.93962,65.9242,67.06713,59.5063,59.94164,63.97656,70.83078,69.46222,64.63745,62.1289,61.61169,69.02898,64.03124,64.2028,61.6198,65.76473,64.44377,65.06919,63.70243,67.89698,66.6033,62.36986,65.60488,64.3506,61.6198,62.62587,62.28965,61.55485,63.70243,64.53681,60.87693,59.5483,58.79626,60.1415,55.9017,60.0,54.03702,52.00961,47.20169,45.45327,48.8774,47.88528,47.41308,39.35734,34.53983,35.4683,31.04835,31.32092,28.16026,22.36068,25.70992,18.02776,19.0263,12.64911,13.60147,10.77033,7.81025,34.17601,34.0147,35.8469,39.40812,39.82462,36.12478,40.36087,37.64306,42.52058,40.36087,40.22437,41.01219,41.03657,40.36087,39.62323,38.8973,42.52058,45.27693,43.86342,41.86884,45.96738,41.10961,42.42641,47.01064,47.50789,45.25483,50.0,46.40043,54.03702,52.69725,49.40648,49.09175,53.25411,51.88449,54.12024,48.30114,53.31041,52.0,52.92447,53.45091,50.0,49.72927,55.54278,57.07013,54.12947,53.15073,56.0803,57.00877,58.00862,62.00806,56.00893,54.23099,58.69412,55.9017,60.41523,63.06346,64.84597
12.52996,12.08305,13.0,12.08305,12.08305,12.64911,12.64911,12.64911,12.64911,12.36932,12.64911,12.36932,12.16553,12.16553,12.16553,13.15295,12.16553,12.16553,12.04159,12.04159,12.16553,12.04159,13.15295,12.04159,12.04159,12.04159,12.16553,11.18034,11.18034,11.18034,11.18034,10.19804,10.44031,9.48683,9.48683,9.48683,8.544,7.61577,7.2111,7.2111,7.2111,5.83095,6.40312,5.0,5.0,4.24264,4.24264,3.60555,3.60555,3.16228,2.23607,2.23607,62.43397,63.63175,69.46222,67.1193,69.07966,67.41662,67.23095,62.76942,65.78754,68.00735,64.56005,72.03471,66.70832,65.52099,68.65858,64.49806,68.06614,63.34824,63.78871,70.45566,69.18092,68.18358,65.06919,64.07027,63.95311,64.28063,70.17834,64.28063,64.62971,68.06614,60.13319,60.13319,61.13101,60.20797,58.69412,60.20797,56.7186,51.66237,55.36244,53.45091,52.63079,44.27189,44.77723,41.62932,35.51056,35.8469,38.01316,31.40064,26.24881,26.87006,29.20616,21.63331,20.24846,21.47091,18.38478,14.86607,12.64911,33.24154,32.38827,35.12834,37.48333,35.0571,35.12834,40.0,37.12142,36.22154,36.67424,40.31129,39.05125,43.41659,41.59327,42.95346,43.73786,42.10701,41.59327,43.73786,44.72136,47.67599,42.04759,47.09565,44.28318,47.26521,47.01064,51.0098,48.01042,51.0392,54.03702,48.16638,54.00926,50.01,55.44367,48.83646,50.01,50.80354,53.45091,50.28916,54.12024,54.23099,57.38467,55.9464,55.00909,57.70615,53.82379,52.69725,61.22091,54.20332,59.40539,57.38467,59.5483,55.86591,57.31492,59.03389,62.36986,62.20129
11.7047,10.77033,11.7047,11.7047,11.40175,11.40175,11.40175,11.40175,11.18034,11.18034,11.18034,11.18034,11.04536,11.04536,11.04536,12.04159,11.0,11.0,11.04536,11.0,11.04536,11.0,11.0,11.0,11.0,11.0,11.04536,11.04536,10.04988,10.04988,9.21954,9.21954,9.21954,8.544,8.544,8.24621,7.61577,6.7082,6.7082,6.7082,5.83095,5.0,5.0,4.24264,4.24264,3.60555,3.60555,3.16228,3.16228,2.23607,2.0,2.0,62.80127,65.76473,69.11584,68.24222,63.28507,63.81222,72.47068,67.08204,64.40497,61.7171,66.21178,67.62396,65.39113,60.92618,66.48308,64.51356,67.44627,63.60031,64.84597,62.36185,60.63827,64.56005,62.16912,63.34824,60.82763,64.53681,63.78871,64.53681,66.09841,62.16912,63.06346,64.28841,59.90826,57.00877,55.7853,57.93962,60.08328,54.42426,52.80152,43.909,52.47857,42.43819,40.22437,39.82462,35.80503,34.82815,34.71311,32.52691,28.3196,27.20294,26.40076,26.92582,21.9545,20.59126,13.60147,16.49242,15.0333,33.54102,34.52535,36.49658,35.01428,32.06244,34.23449,36.22154,37.33631,37.85499,38.32754,41.7732,40.8534,42.75512,39.05125,38.63936,43.93177,40.80441,43.68066,43.56604,44.28318,46.27094,44.14748,43.41659,44.18144,49.0408,43.01163,47.04253,50.01,50.08992,52.00961,51.0,52.15362,50.08992,53.60037,56.0803,52.7731,54.23099,51.41984,50.21952,54.40588,55.65968,54.12024,53.48832,59.23681,55.9017,59.61543,53.7122,53.23533,53.25411,60.80296,59.40539,59.20304,55.60576,58.69412,60.81118,61.52235,64.3506
11.6619,11.6619,11.6619,11.6619,11.6619,12.20656,12.20656,12.20656,12.20656,12.20656,11.40175,12.04159,12.04159,12.04159,11.31371,12.04159,12.04159,12.04159,11.31371,11.31371,11.31371,11.31371,11.31371,11.31371,11.31371,12.04159,11.31371,11.40175,10.63015,10.63015,10.0,10.0,9.43398,9.43398,8.60233,8.60233,8.06226,7.61577,7.61577,6.32456,6.32456,6.32456,5.09902,5.09902,4.12311,4.12311,4.0,3.0,3.0,3.0,2.0,2.23607,67.41662,70.00714,66.7308,67.06713,67.54258,68.88396,70.68239,64.88451,67.53518,70.83078,66.88797,65.45991,68.50547,67.95587,66.4003,71.84706,73.40981,74.02702,66.21933,64.38167,70.00714,67.17887,66.46804,65.94695,66.06815,68.68042,65.29931,65.76473,68.41053,66.52819,65.79514,63.65532,62.96825,60.82763,60.81118,60.46487,56.30275,52.69725,58.24946,51.10773,48.30114,44.29447,49.39636,43.08132,38.27532,37.0,35.4683,32.75668,27.01851,28.01785,25.01999,25.07987,24.02082,18.02776,19.23538,15.23155,12.72792,31.90611,33.01515,36.71512,33.42155,35.35534,33.94113,36.06938,36.79674,34.4093,36.12478,34.82815,38.58756,39.62323,34.98571,42.80187,38.41875,40.45986,41.72529,41.7732,41.7732,39.59798,44.59821,43.86342,42.52058,43.13931,46.75468,45.34314,47.42362,49.0408,54.81788,44.40721,49.40648,49.09175,53.25411,54.91812,53.0,54.12024,52.0,53.7122,55.03635,52.55473,52.20153,60.44005,56.75385,52.20153,48.76474,55.31727,59.5399,61.07373,54.08327,55.14526,57.55867,58.21512,59.68249,61.98387,59.21149,63.34824
12.72792,12.04159,12.04159,12.04159,12.04159,12.04159,11.40175,12.20656,11.40175,12.20656,12.20656,12.20656,11.6619,11.6619,11.18034,12.08305,11.18034,11.18034,11.18034,10.77033,11.18034,11.18034,12.08305,11.18034,10.77033,11.18034,11.18034,11.6619,10.29563,10.29563,10.0,9.43398,10.0,9.21954,9.21954,9.21954,8.48528,7.81025,7.2111,7.2111,7.2111,6.40312,5.83095,5.38516,5.38516,5.09902,5.09902,4.12311,4.0,3.0,3.0,3.16228,64.38167,67.20863,66.52819,64.66065,68.41053,67.20119,64.2028,70.21396,64.40497,69.40461,68.50547,68.47627,65.36819,61.77378,65.74192,68.942,65.30697,61.84658,64.62198,65.55151,69.07966,62.96825,66.48308,64.2573,63.56886,62.24147,62.93648,65.80274,62.39391,64.56005,60.40695,62.29767,59.5063,56.85948,56.35601,57.80138,56.93856,52.47857,49.73932,50.21952,48.82622,47.50789,47.50789,36.12478,43.13931,35.38361,32.64966,28.01785,31.30495,25.94224,26.57066,26.0,22.56103,17.72005,18.24829,14.0,16.03122,33.24154,39.05125,34.36568,40.04997,35.35534,36.13862,38.07887,39.92493,39.21734,39.84972,41.10961,38.8973,40.26164,38.27532,41.10961,38.62642,43.65776,38.8973,46.17359,41.48494,44.14748,40.16217,45.88028,46.09772,46.09772,44.72136,45.89118,46.09772,45.39824,55.7315,47.26521,54.14795,51.35173,53.08484,53.08484,55.00909,53.03772,51.35173,51.08816,57.55867,54.34151,52.95281,58.0517,54.12024,56.921,52.0,55.02727,59.46427,60.16644,59.94164,56.36488,58.83026,61.05735,59.90826,62.20129,61.61169,62.482
11.6619,12.52996,12.52996,11.6619,12.52996,12.08305,12.08305,12.08305,12.08305,11.7047,13.0,12.64911,12.64911,11.7047,11.7047,12.64911,12.36932,12.36932,11.40175,11.40175,11.40175,11.40175,11.40175,11.40175,11.40175,11.40175,11.40175,10.77033,10.44031,10.77033,9.84886,9.84886,9.84886,8.94427,8.94427,8.06226,8.06226,7.2111,6.40312,6.40312,6.40312,5.65685,5.0,5.0,5.0,3.60555,3.60555,3.16228,3.16228,3.16228,2.23607,2.0,61.7171,67.47592,64.53681,64.53681,70.17834,67.89698,63.63961,63.89053,62.24147,67.00746,65.45991,65.45991,70.17834,65.21503,66.37017,67.6757,65.19202,59.03389,64.41273,68.42514,63.13478,62.64982,60.41523,63.15853,58.18075,61.7414,62.62587,62.76942,58.13777,59.5063,58.60034,59.5399,57.69749,53.53504,58.30952,56.0357,50.77401,48.60041,50.21952,49.40648,46.2277,41.72529,42.63801,40.31129,39.82462,36.23534,33.01515,33.12099,27.313,24.69818,24.04163,20.59126,20.61553,21.37756,14.0,17.0,14.86607,37.0,37.01351,36.12478,36.40055,37.65634,36.40055,40.16217,39.84972,36.76955,38.91015,39.39543,39.11521,38.01316,41.78516,35.51056,42.04759,43.08132,40.5216,37.69615,43.68066,40.49691,43.32436,44.64303,41.23106,47.53946,47.43416,47.53946,41.48494,48.50773,46.84015,51.24451,48.25971,50.63596,48.04165,54.23099,53.23533,53.08484,54.00926,52.0,55.14526,53.33854,55.7853,52.46904,55.31727,57.00877,52.20153,52.81098,56.0803,56.46238,55.54278,54.08327,58.13777,59.03389,61.29437,54.70832,62.96825,64.81512
12.20656,12.20656,12.20656,12.20656,12.20656,11.6619,11.6619,11.6619,12.52996,11.18034,11.18034,12.08305,11.18034,11.18034,11.18034,11.18034,11.7047,10.77033,10.77033,10.77033,10.77033,10.77033,10.77033,10.77033,10.77033,10.77033,10.77033,9.84886,10.29563,10.29563,9.43398,8.60233,8.60233,8.60233,8.60233,7.81025,7.81025,7.07107,6.40312,6.40312,6.40312,5.83095,5.38516,5.38516,4.47214,4.12311,4.0,4.0,3.0,3.0,3.16228,3.16228,68.62215,63.89053,68.68042,68.68042,67.35726,67.42403,67.42403,68.24222,63.60031,66.64833,64.66065,64.00781,68.47627,63.63175,63.13478,63.50591,66.64833,65.74192,66.21178,61.46544,66.48308,62.24147,63.56886,63.15853,60.92618,60.53924,61.46544,59.23681,61.84658,59.46427,60.92618,62.16912,55.9464,56.35601,55.00909,52.80152,54.3783,53.00943,49.64877,46.8615,44.55334,39.62323,43.84062,37.64306,37.20215,29.83287,28.01785,27.45906,21.9545,25.4951,25.96151,20.61553,20.39608,15.0333,16.49242,15.29706,12.08305,37.64306,39.29377,42.29657,40.0,38.01316,43.0,41.19466,42.29657,43.28972,41.97618,44.38468,41.48494,39.81206,43.17407,43.41659,42.72002,47.67599,47.80167,48.27007,46.57252,47.38143,43.93177,42.57934,48.37355,47.85394,47.09565,48.01042,53.03772,50.0,50.03998,52.34501,51.24451,51.08816,51.08816,55.08176,55.57877,53.60037,51.66237,57.72348,57.00877,58.24088,57.00877,59.13544,60.74537,61.7414,56.85948,55.9464,57.27128,60.90156,54.20332,61.05735,59.5483,62.00806,59.5483,61.52235,60.1415,69.35416
13.0384,12.16553,12.16553,12.04159,12.16553,12.16553,12.16553,12.36932,12.36932,12.36932,12.36932,11.7047,11.7047,11.7047,11.7047,11.7047,11.18034,11.7047,12.08305,10.77033,11.7047,10.77033,10.77033,11.18034,10.77033,10.77033,10.77033,10.44031,10.44031,10.44031,10.19804,9.21954,9.21954,9.05539,9.05539,8.06226,8.0,8.0,7.0,7.07107,6.08276,6.08276,6.08276,5.38516,4.47214,4.47214,3.60555,3.60555,3.60555,4.24264,2.82843,2.82843,65.00769,63.28507,67.36468,66.61081,65.62012,69.05071,66.28725,71.02112,61.39218,67.68309,65.96969,68.00735,61.98387,65.14599,64.19502,63.56099,67.54258,66.70832,66.18912,61.32699,65.79514,60.37384,63.52952,60.03332,62.43397,65.19202,58.66856,59.68249,64.14047,61.7171,61.77378,59.5399,55.56978,59.09315,55.4617,50.53712,52.0,51.24451,47.43416,46.48656,43.73786,41.30375,42.10701,35.35534,36.05551,32.0,30.26549,30.41381,29.27456,26.1725,25.0,20.61553,19.23538,14.76482,15.26434,14.86607,14.86607,36.12478,35.60899,37.73592,38.83298,41.18252,41.67733,43.65776,41.62932,40.24922,42.37924,43.01163,39.84972,43.08132,43.01163,44.94441,40.26164,44.92215,42.05948,44.01136,43.65776,44.59821,47.16991,44.01136,47.01064,45.18849,47.41308,46.87217,50.80354,48.54894,50.80354,53.00943,52.00961,54.56189,53.8145,51.62364,56.56854,50.44799,53.07542,57.00877,54.91812,58.5235,54.91812,57.24509,54.20332,55.03635,57.93962,57.58472,55.65968,59.48109,54.12024,57.72348,62.80127,60.20797,58.30952,62.20129,65.06919,64.12488
13.0,13.0,13.0,12.08305,13.41641,12.52996,12.52996,12.52996,11.6619,13.0384,13.0384,12.20656,12.20656,12.20656,11.40175,12.80625,11.40175,12.20656,12.04159,11.40175,11.40175,12.04159,12.04159,12.04159,11.40175,11.40175,11.40175,11.40175,10.0,10.81665,10.29563,10.29563,9.43398,8.94427,8.94427,8.544,8.544,7.61577,7.28011,7.28011,7.07107,6.08276,6.08276,6.0,5.0,4.0,4.0,4.0,3.16228,3.16228,2.23607,2.23607,63.52952,66.18912,64.41273,67.1193,68.47627,65.8635,68.24222,64.89992,69.63476,69.33974,64.89992,68.50547,65.29931,65.94695,62.80127,66.21933,66.52819,58.69412,64.53681,62.36986,61.52235,59.46427,60.959,61.22091,57.31492,58.0,67.35726,63.89053,61.52235,59.4138,60.959,60.20797,59.39697,55.9017,53.90733,53.8145,54.03702,48.41487,46.40043,50.24938,40.70626,42.54409,41.67733,33.61547,35.8469,32.57299,32.57299,30.08322,28.63564,22.0,20.02498,21.0238,16.12452,16.0,12.52996,14.76482,10.81665,34.0147,38.47077,38.58756,35.8469,36.61967,39.05125,42.44997,37.64306,43.27817,42.44997,38.94868,45.96738,44.04543,41.40048,39.05125,45.34314,41.72529,40.36087,46.01087,43.18565,43.13931,46.66905,46.01087,45.45327,46.69047,47.20169,43.01163,47.01064,45.22168,49.73932,54.20332,50.11986,50.08992,48.8467,49.98,50.59644,53.48832,51.62364,47.80167,53.36666,50.01,48.83646,54.23099,59.07622,55.08176,58.00862,59.00847,55.22681,58.42089,56.56854,58.30952,58.85576,58.46366,56.08921,60.44005,61.68468,60.16644
10.81665,10.81665,11.6619,10.81665,11.6619,11.18034,11.18034,10.77033,11.18034,10.77033,10.77033,10.44031,10.77033,10.44031,10.77033,10.44031,10.44031,9.48683,10.44031,10.19804,10.44031,10.44031,9.21954,9.48683,9.48683,9.48683,9.48683,8.544,8.544,8.544,8.544,8.06226,7.61577,7.2111,7.2111,6.40312,6.40312,5.65685,5.0,5.65685,4.24264,3.60555,3.60555,3.60555,3.16228,3.16228,2.0,2.0,2.0,2.0,1.41421,1.41421,64.44377,69.81404,65.43699,64.66065,72.62231,59.81639,71.56116,59.90826,66.57327,61.58734,65.51336,69.11584,67.1193,66.64833,63.13478,61.32699,65.79514,63.15853,61.32699,62.64982,57.27128,63.69458,59.23681,56.46238,60.74537,61.03278,58.5235,58.87274,60.40695,61.68468,57.56735,54.23099,54.56189,53.66563,52.47857,46.09772,47.01064,45.27693,47.70744,43.86342,42.0119,40.31129,36.79674,32.64966,31.82766,31.06445,25.55386,28.6007,23.70654,21.54066,21.84033,19.10497,16.49242,14.14214,9.48683,10.44031,11.7047,41.7732,41.59327,49.16299,44.04543,47.38143,42.75512,49.16299,43.32436,49.47727,50.80354,47.80167,50.28916,47.53946,44.92215,45.60702,51.5461,48.76474,46.09772,42.2019,49.47727,51.1957,49.24429,46.32494,43.93177,50.9902,48.04165,44.55334,50.15974,50.63596,45.01111,54.08327,49.09175,54.00926,54.08327,56.14268,54.08327,61.29437,57.27128,50.69517,56.32051,52.63079,58.24088,55.71355,60.40695,53.23533,62.0967,61.09828,54.70832,58.66856,59.16925,63.00794,61.61169,57.42822,63.82006,65.94695,60.82763,64.3506
12.72792,12.04159,12.04159,12.04159,12.80625,12.80625,12.20656,12.20656,12.20656,12.20656,12.20656,11.6619,12.20656,11.6619,11.6619,12.52996,11.18034,11.18034,11.18034,11.18034,10.29563,10.29563,11.18034,10.29563,10.29563,10.29563,10.29563,9.43398,9.43398,9.43398,8.60233,8.60233,8.60233,7.07107,7.07107,7.07107,7.07107,6.40312,5.0,5.0,5.0,4.47214,4.47214,3.60555,3.16228,2.23607,2.23607,2.0,2.0,1.0,1.0,1.0,68.60029,69.06519,71.21798,61.52235,70.29225,68.593,74.41102,67.89698,63.78087,66.06815,67.94115,65.29931,68.8186,67.47592,65.94695,64.2028,64.03124,60.53924,61.29437,60.20797,60.20797,62.1289,59.68249,56.4358,56.85948,61.22091,60.20797,56.60389,57.14018,57.14018,54.20332,54.91812,55.31727,49.92995,48.41487,47.63402,50.44799,48.79549,44.55334,37.48333,40.80441,33.42155,34.4093,35.34119,29.52965,28.23119,26.0,28.23119,21.47091,20.39608,14.56022,13.0384,12.16553,12.64911,11.18034,9.0,9.89949,43.01163,43.18565,41.30375,42.44997,48.27007,44.38468,43.01163,44.94441,49.39636,47.42362,47.85394,46.06517,51.0,52.55473,46.95743,50.08992,46.8188,47.85394,48.8467,47.92703,48.33218,48.33218,49.39636,50.15974,50.53712,50.0,53.14132,53.60037,55.54278,51.92302,50.01,52.7731,50.63596,52.46904,57.70615,54.03702,54.03702,56.0357,57.00877,56.0803,57.14018,59.68249,61.39218,61.39218,59.13544,64.03124,62.93648,64.07808,62.76942,67.6757,61.32699,62.64982,63.56099,70.71068,59.68249,57.24509,63.00794
12.64911,12.64911,11.40175,12.36932,12.36932,12.64911,12.36932,12.36932,11.18034,11.18034,12.16553,11.18034,11.04536,11.04536,11.04536,11.04536,11.04536,10.04988,11.04536,10.04988,10.04988,10.04988,10.04988,10.04988,10.04988,9.21954,9.21954,9.21954,9.21954,9.21954,8.24621,8.24621,7.28011,7.61577,7.61577,6.7082,7.2111,5.83095,5.0,4.24264,5.0,5.0,5.0,3.60555,3.60555,2.23607,3.16228,3.0,2.0,2.0,2.0,2.23607,66.64833,66.21178,67.41662,69.89278,71.16881,70.2282,66.85058,66.40783,66.12866,71.30919,67.18631,69.12308,69.2315,63.34824,63.06346,67.08204,66.4906,61.0,60.82763,62.96825,67.60178,57.31492,57.07889,61.20457,55.00909,57.55867,58.0517,55.44367,58.69412,58.54912,58.0517,52.17279,53.85165,51.78803,52.63079,46.84015,46.48656,42.37924,44.59821,39.81206,38.01316,31.06445,37.20215,32.44996,29.15476,26.1725,23.43075,27.01851,20.51828,18.02776,20.0,15.65248,12.64911,11.04536,13.15295,6.32456,8.94427,39.35734,41.14608,41.78516,43.93177,45.39824,44.28318,41.59327,43.56604,47.26521,41.01219,43.01163,44.0,47.01064,45.09989,48.04165,45.01111,43.0,50.08992,47.26521,47.09565,46.38965,46.09772,48.50773,43.10452,50.21952,45.35416,47.07441,50.44799,49.47727,50.0,51.5461,48.38388,49.33559,52.39275,49.1935,59.05929,51.88449,55.9464,56.4358,56.61272,55.80323,57.62812,58.89822,61.6198,60.44005,67.47592,64.3506,59.66574,66.6033,59.66574,61.55485,69.81404,66.85058,62.96825,64.63745,68.88396,71.11962
12.64911,12.36932,13.34166,13.60147,13.34166,13.34166,13.15295,13.15295,12.16553,13.15295,13.15295,13.15295,13.0384,13.0384,12.04159,12.0,13.0,12.0,12.0,13.0,12.0,12.04159,12.0,12.0,12.0,12.0,11.04536,11.04536,11.04536,10.04988,10.04988,9.05539,8.24621,8.06226,8.24621,8.24621,7.28011,7.28011,6.7082,6.32456,5.83095,5.0,4.47214,4.24264,3.60555,3.60555,3.60555,2.23607,2.23607,2.23607,2.0,2.0,72.49828,66.48308,69.12308,76.24303,69.63476,73.00685,73.97973,76.11833,69.12308,75.50497,70.5762,73.97973,74.43118,75.23962,74.24284,74.02702,76.02631,69.02898,74.02702,73.00685,73.24616,70.00714,69.02898,69.0,67.00746,71.02816,67.0,62.1289,68.18358,68.11755,67.02984,65.06919,59.0,58.0,59.00847,57.14018,52.46904,50.48762,48.37355,47.80167,47.80167,45.69464,36.76955,38.8973,34.0147,34.43835,34.0,25.4951,26.24881,23.34524,22.80351,19.10497,17.02939,15.65248,14.31782,13.34166,11.7047,32.57299,39.56008,33.10589,38.91015,38.01316,37.80212,38.01316,36.87818,32.80244,29.73214,33.24154,34.05877,34.82815,32.20248,26.92582,30.80584,29.15476,29.15476,30.46309,29.52965,27.51363,29.12044,29.06888,28.28427,34.23449,32.14032,38.0,35.35534,35.51056,41.7732,36.34556,44.38468,43.9659,44.01136,45.54119,44.94441,49.73932,49.09175,51.47815,47.88528,50.80354,51.22499,52.80152,51.73973,55.97321,56.85948,55.97321,56.72742,59.39697,61.6198,57.00877,62.42596,60.21628,58.24946,59.36329,71.11259,62.76942
14.14214,14.31782,14.14214,14.14214,14.03567,15.0333,14.03567,15.0,14.0,14.0,14.0,14.03567,14.03567,14.03567,14.03567,14.14214,14.14214,14.14214,14.14214,13.15295,13.15295,14.14214,13.15295,13.15295,13.15295,13.15295,13.15295,12.16553,12.04159,12.04159,11.04536,11.04536,11.0,10.0,10.04988,9.0,9.05539,9.05539,8.06226,7.28011,7.07107,6.32456,6.32456,5.38516,5.38516,4.47214,4.47214,3.60555,2.82843,2.82843,2.82843,2.82843,71.69379,69.35416,69.26038,70.21396,76.15773,68.68042,71.30919,70.34202,73.1642,70.71068,74.1485,73.24616,75.32596,71.44928,72.06247,73.00685,73.06162,75.05998,79.1012,69.02898,69.0,69.18092,69.18092,69.06519,65.03076,74.00676,69.58448,67.36468,68.593,70.25667,69.35416,69.06519,62.00806,58.0,61.0082,54.0,59.3043,54.08327,49.25444,52.34501,43.41659,46.52956,42.75512,40.49691,38.07887,31.38471,32.31099,29.52965,25.55386,27.80288,24.04163,23.60085,22.02272,20.61553,16.64332,13.0384,11.0,28.30194,32.55764,34.65545,34.65545,35.38361,33.94113,30.4795,36.40055,38.07887,29.41088,34.98571,34.20526,30.52868,30.0,31.06445,26.24881,26.40076,27.65863,29.0,33.42155,23.60085,26.41969,24.69818,27.85678,26.57066,34.36568,29.01724,36.0,31.40064,38.01316,35.22783,39.20459,42.29657,43.28972,42.44997,43.01163,41.10961,48.46648,44.01136,48.30114,52.83938,48.76474,50.11986,51.10773,48.01042,56.0803,53.60037,53.07542,60.1415,61.07373,57.31492,63.78087,62.62587,55.9017,61.29437,62.96825,64.49806
12.04159,12.04159,12.20656,12.80625,13.0384,12.20656,12.20656,13.0384,11.6619,13.0384,11.6619,12.52996,13.0,12.52996,12.08305,13.0,11.7047,12.08305,12.64911,11.7047,12.64911,11.7047,12.08305,11.7047,11.7047,12.08305,10.77033,10.77033,10.77033,11.18034,10.29563,9.43398,9.43398,8.60233,9.21954,8.48528,7.81025,7.07107,7.07107,6.40312,5.83095,5.83095,5.0,5.38516,4.47214,4.47214,4.12311,3.0,2.0,2.0,3.16228,2.82843,66.48308,62.93648,68.76772,65.76473,66.70832,70.83784,69.02898,69.02898,71.40028,73.24616,71.02816,68.60029,74.62573,70.83078,73.34848,66.7308,69.31811,65.9242,68.54196,70.77429,71.11259,71.86793,64.2573,70.26379,67.97794,67.6757,63.56099,73.73602,66.40783,68.30813,62.24147,68.70953,67.1193,64.00781,59.61543,60.41523,55.56978,53.53504,50.47772,49.92995,46.40043,45.34314,43.27817,43.18565,40.31129,36.23534,34.4093,30.52868,28.6531,29.52965,23.5372,25.70992,21.0238,18.02776,21.09502,16.12452,15.29706,35.4683,38.01316,38.58756,40.71855,37.69615,42.05948,42.37924,42.72002,42.57934,40.80441,41.59327,39.29377,41.97618,39.84972,40.02499,30.41381,30.67572,37.12142,35.35534,28.84441,26.92582,34.4093,33.28663,35.80503,30.80584,34.82815,37.64306,37.20215,35.22783,39.44617,39.92493,38.01316,39.56008,43.9659,46.84015,47.07441,44.28318,49.0408,46.09772,49.0,51.0098,52.15362,52.15362,52.46904,54.58938,65.12296,56.7186,56.51548,60.87693,55.7853,57.56735,56.36488,59.23681,59.03389,68.47627,63.51378,62.1289
13.89244,13.89244,13.60147,14.42221,13.60147,13.60147,13.45362,14.21267,13.45362,13.45362,13.45362,13.45362,14.14214,14.14214,13.45362,14.14214,13.45362,13.45362,13.60147,13.60147,12.80625,12.80625,12.80625,12.80625,13.45362,12.04159,12.80625,12.04159,12.04159,12.04159,11.31371,11.31371,10.63015,10.63015,10.0,9.43398,8.60233,8.06226,7.61577,6.7082,7.61577,6.32456,6.32456,5.09902,6.08276,5.0,5.09902,4.0,4.0,3.0,4.12311,3.16228,67.23095,71.11259,68.54196,72.44998,72.44998,69.31811,72.20111,68.7968,75.47185,69.40461,75.16648,73.00685,72.34639,75.43209,72.62231,75.43209,72.12489,70.00714,69.31089,70.83784,69.42622,74.95332,71.50524,69.31089,65.79514,67.26812,70.71068,66.21933,65.76473,66.46804,63.70243,68.62215,65.06919,61.52235,64.3506,55.44367,58.24946,55.0,56.30275,49.20366,50.24938,46.51881,38.07887,38.07887,41.10961,36.05551,32.98485,36.49658,29.42788,22.2036,25.0,21.0,21.2132,19.64688,17.11724,16.64332,12.20656,37.33631,38.11824,42.19005,36.22154,37.05401,37.01351,38.0,40.4475,41.04875,39.62323,39.20459,38.63936,36.67424,36.22154,35.35534,34.05877,39.31921,34.0147,35.0,31.01612,31.14482,32.28002,34.71311,29.12044,29.83287,32.69557,30.46309,34.1321,32.20248,35.38361,38.28838,36.79674,38.8973,39.82462,38.01316,42.72002,43.08132,43.86342,43.909,46.51881,42.37924,50.69517,50.69517,54.81788,55.10898,51.66237,54.70832,56.4358,60.29925,57.14018,58.03447,58.13777,55.08176,57.42822,58.94065,62.16912,61.84658
13.34166,13.60147,13.60147,14.56022,12.64911,13.92839,13.92839,13.92839,13.0,13.92839,13.41641,14.31782,13.92839,13.41641,13.41641,13.41641,13.89244,12.52996,13.89244,13.0384,13.41641,13.0384,13.0384,13.0384,12.52996,12.52996,12.52996,11.18034,12.08305,11.18034,10.77033,10.44031,10.44031,9.48683,10.19804,9.21954,9.05539,8.0,7.0,7.0,7.07107,7.07107,6.08276,5.09902,5.09902,4.47214,4.47214,4.47214,3.60555,3.60555,2.82843,2.82843,68.41053,69.63476,68.96376,71.7844,65.52099,72.23573,68.62215,74.46476,68.30813,68.02941,72.61543,68.96376,72.47068,68.09552,69.35416,72.56032,71.34424,71.34424,73.92564,72.11103,74.33034,69.33974,74.8131,70.17834,68.00735,64.07027,65.21503,70.43437,68.26419,63.51378,64.63745,65.73431,60.46487,60.41523,56.93856,61.84658,59.5063,58.60034,55.54278,46.8188,44.64303,46.48656,41.7732,43.56604,37.12142,31.14482,37.05401,27.07397,25.07987,25.07987,24.33105,19.92486,18.38478,19.72308,16.64332,13.60147,13.45362,32.89377,36.34556,34.71311,42.10701,39.0,38.01316,40.1995,39.31921,42.19005,39.45884,36.49658,37.64306,37.65634,34.9285,35.51056,33.73426,35.12834,30.06659,35.0,32.06244,32.14032,34.1321,31.40064,30.59412,25.07987,31.38471,30.08322,33.83785,30.80584,37.01351,28.84441,38.28838,37.48333,41.7732,41.03657,37.64306,42.63801,43.909,45.65085,48.30114,49.73932,50.32892,53.16014,49.33559,53.36666,53.48832,57.00877,57.72348,59.4138,57.27128,57.55867,55.22681,60.03332,57.03508,61.07373,65.12296,60.67125
13.89244,13.0384,13.0384,13.0384,12.80625,12.20656,12.80625,12.80625,13.45362,13.45362,12.80625,13.45362,12.72792,13.45362,13.45362,13.45362,12.72792,12.72792,12.04159,12.04159,12.80625,12.80625,12.72792,12.80625,12.04159,12.04159,12.04159,10.63015,11.31371,10.63015,10.63015,10.63015,9.21954,8.60233,9.43398,8.06226,8.06226,7.61577,6.7082,7.61577,6.32456,6.08276,5.09902,5.0,4.0,4.12311,4.0,3.16228,3.16228,2.23607,2.23607,2.23607,64.07808,68.42514,64.49806,65.29931,68.24222,70.3278,72.94518,69.40461,70.45566,69.2026,68.88396,70.60453,70.0928,67.35726,69.81404,72.18033,71.42129,69.31089,69.31089,70.00714,73.10951,72.18033,66.8431,65.94695,63.03174,67.20863,69.6563,69.52697,64.44377,65.94695,66.06815,67.89698,63.63961,59.39697,58.79626,59.03389,55.97321,58.25805,50.77401,47.80167,48.82622,45.0,41.59327,43.41659,36.40055,34.53983,28.79236,32.28002,25.31798,23.02173,20.09975,18.11077,19.92486,20.02498,13.92839,11.40175,10.29563,33.61547,38.01316,40.5216,39.84972,37.64306,36.13862,32.98485,35.69314,42.29657,40.4475,37.12142,37.01351,38.20995,39.05125,39.0,34.36568,35.69314,35.69314,34.71311,35.17101,32.57299,32.28002,29.73214,28.63564,33.10589,29.41088,30.4795,34.20526,37.48333,35.4683,36.79674,37.01351,37.44329,39.39543,40.31129,46.14109,42.54409,45.54119,46.61545,44.94441,47.12749,50.21952,53.46027,50.08992,49.16299,57.21888,56.0,55.0,58.07753,63.03174,51.15662,56.4358,58.30952,58.54912,58.0517,62.0967,67.06713
13.0384,13.0384,13.0384,12.52996,13.0384,13.60147,13.60147,12.80625,13.60147,13.60147,13.45362,13.45362,12.80625,13.45362,13.45362,13.45362,13.45362,12.72792,13.45362,12.72792,12.72792,12.72792,12.72792,12.72792,12.72792,12.72792,11.31371,11.40175,12.04159,11.40175,10.81665,10.0,9.43398,9.43398,8.06226,8.06226,8.06226,7.61577,7.61577,6.32456,6.08276,5.09902,5.09902,4.12311,4.12311,4.0,3.0,3.0,3.0,2.23607,2.0,1.0,62.29767,64.51356,70.00714,65.74192,72.01389,69.77822,72.44998,71.11259,70.3278,70.83078,71.86793,69.33974,71.56116,73.78347,72.20111,71.40028,71.06335,67.94115,70.60453,71.70077,70.29225,69.31089,67.26812,68.76772,69.81404,67.47592,70.72482,68.593,61.84658,65.11528,64.53681,63.78087,58.0517,55.31727,56.0803,58.00862,58.24946,56.0803,51.97115,50.60632,46.95743,47.01064,40.31129,37.94733,34.17601,33.95585,31.40064,30.59412,24.08319,21.09502,21.09502,21.37756,21.37756,17.72005,14.86607,9.21954,9.21954,34.0,32.31099,37.94733,38.60052,37.0,37.21559,36.01389,38.11824,37.12142,39.11521,36.12478,41.01219,38.01316,39.11521,37.0,38.01316,35.12834,33.37664,30.26549,34.52535,33.95585,32.01562,29.61419,33.52611,33.61547,31.62278,33.42155,32.20248,34.82815,36.87818,38.94868,39.69887,36.40055,41.86884,37.44329,51.22499,41.67733,39.96248,43.82921,47.75982,44.92215,48.38388,48.76474,53.36666,50.9902,52.81098,51.1957,54.08327,58.30952,59.07622,58.03447,59.0,56.14268,55.22681,62.514,57.21888,66.4906
13.60147,13.60147,14.42221,13.0384,14.42221,13.0384,13.89244,13.89244,13.41641,13.89244,14.76482,14.76482,14.31782,13.41641,13.0,14.31782,13.92839,14.31782,13.0,13.0,13.0,13.92839,14.31782,13.0,13.0,13.0,12.08305,12.52996,11.18034,12.52996,10.29563,10.81665,10.29563,10.0,9.43398,10.0,8.60233,8.48528,7.81025,7.07107,7.07107,5.65685,5.0,5.0,4.47214,3.60555,3.60555,3.16228,3.16228,2.0,2.23607,2.0,69.52697,64.2028,71.8401,70.45566,68.60029,71.28113,69.40461,71.61006,72.67049,71.28113,72.47068,72.06941,69.35416,73.79024,73.79024,71.69379,72.94518,71.55418,68.44706,68.35203,73.92564,70.00714,71.16881,67.41662,73.1642,67.06713,70.00714,68.70953,66.64083,67.06713,67.62396,61.7414,62.64982,64.00781,60.82763,60.20797,58.66856,55.9017,54.6443,48.02083,49.20366,47.50789,44.55334,38.8973,36.79674,35.38361,30.41381,28.01785,26.41969,25.80698,24.16609,20.88061,18.02776,14.76482,14.03567,12.64911,12.04159,34.53983,35.35534,36.61967,40.0,36.06938,36.87818,36.12478,37.64306,37.48333,39.05125,39.62323,38.01316,33.83785,34.05877,38.41875,36.23534,34.82815,35.38361,30.41381,33.24154,35.4683,33.94113,32.44996,34.4093,34.1321,30.8707,31.95309,36.05551,37.64306,37.48333,36.49658,41.59327,43.17407,44.40721,42.10701,41.19466,39.56008,40.79216,42.29657,44.55334,46.09772,48.76474,55.36244,50.32892,55.02727,56.85948,51.42956,57.00877,56.4358,55.00909,61.58734,59.07622,62.42596,59.20304,57.62812,64.81512,63.65532
12.52996,12.52996,12.52996,12.52996,13.0384,12.52996,12.52996,11.6619,12.20656,12.20656,12.20656,12.80625,12.80625,12.04159,12.04159,12.04159,12.04159,12.04159,12.04159,12.04159,12.04159,12.04159,12.04159,11.31371,11.31371,11.31371,11.40175,10.63015,10.0,10.0,10.0,9.43398,9.43398,8.94427,8.544,8.544,8.06226,7.61577,7.28011,6.32456,6.08276,5.09902,5.0,5.0,4.0,4.12311,4.12311,3.16228,3.16228,2.82843,2.82843,2.23607,63.32456,63.90618,67.41662,70.38466,67.74216,66.64833,69.11584,68.96376,66.24198,67.41662,66.28725,71.28113,71.21798,66.57327,69.2026,67.62396,73.24616,65.94695,69.31089,71.42129,72.83543,66.48308,65.8559,67.89698,66.52819,62.96825,65.79514,68.76772,61.52235,64.3506,65.06919,63.63961,58.69412,59.5483,55.86591,59.46427,53.41348,53.85165,49.92995,51.62364,45.48626,47.01064,42.95346,38.47077,37.33631,33.24154,31.95309,28.4605,30.26549,24.0,21.09502,22.0,22.0,15.0333,15.52417,15.29706,9.48683,34.0,34.9285,34.9285,35.44009,33.73426,35.69314,34.36568,39.45884,29.15476,30.59412,49.09175,51.47815,30.01666,32.14032,32.01562,31.14482,35.69314,33.24154,34.52535,33.54102,30.36445,28.86174,28.4605,31.7805,34.17601,38.27532,30.0,35.0,35.35534,38.20995,35.38361,39.05125,40.0,39.40812,38.01316,41.03657,48.10405,41.67733,47.01064,47.53946,48.46648,51.86521,50.44799,49.24429,54.12947,46.87217,51.78803,53.08484,54.08327,54.00926,55.08176,58.00862,62.80127,57.21888,57.55867,61.61169,60.44005
12.72792,13.45362,13.45362,13.45362,13.45362,14.21267,13.60147,13.60147,13.60147,13.60147,14.42221,13.89244,13.0384,13.0384,13.89244,13.89244,13.89244,13.0384,13.41641,13.41641,12.52996,12.52996,13.89244,13.41641,12.52996,12.52996,12.52996,11.6619,11.6619,11.6619,10.81665,10.63015,10.0,10.0,9.89949,9.89949,8.48528,8.48528,7.81025,7.2111,6.40312,5.83095,5.83095,5.38516,4.47214,4.47214,3.16228,3.16228,3.0,2.0,2.0,2.0,63.13478,65.74192,64.07027,70.17834,71.8401,75.00667,71.21798,73.00685,70.17834,71.44928,70.71068,66.46804,72.83543,75.16648,69.81404,70.93659,72.34639,67.47592,69.52697,66.21933,71.84706,73.23933,72.67049,68.60029,64.07027,67.6757,69.33974,69.33974,67.42403,67.42403,67.62396,64.66065,64.07027,62.42596,62.00806,59.81639,58.25805,56.58622,50.93133,53.07542,48.41487,48.16638,41.86884,46.64762,35.77709,34.9285,34.48188,31.76476,28.16026,27.45906,25.0,21.18962,21.2132,19.23538,18.02776,15.0333,11.0,30.4795,32.20248,33.12099,35.35534,36.67424,35.44009,33.24154,35.44009,32.28002,35.44009,35.44009,35.17101,32.28002,34.71311,33.73426,28.63564,28.17801,32.28002,29.06888,30.67572,31.76476,34.66987,29.68164,31.82766,31.40064,31.1127,32.01562,31.90611,37.80212,38.27532,39.35734,40.31129,38.27532,39.92493,42.54409,42.72002,43.01163,42.75512,41.48494,47.26521,43.73786,48.0,47.09565,54.0,55.03635,48.09366,60.03332,60.53098,55.3263,52.34501,55.7315,57.48913,55.36244,59.48109,58.18935,64.2573,61.7171
13.45362,13.45362,13.45362,14.21267,14.21267,12.80625,14.21267,13.60147,13.60147,14.42221,13.89244,13.89244,13.89244,13.89244,13.89244,13.89244,13.41641,13.41641,13.41641,13.41641,12.52996,13.41641,13.41641,13.0,13.0,13.41641,12.52996,12.52996,12.52996,11.6619,11.6619,11.6619,10.81665,11.40175,10.0,9.21954,9.21954,9.21954,8.48528,7.81025,7.07107,7.2111,7.2111,5.83095,5.38516,5.38516,5.38516,4.12311,4.12311,3.16228,3.0,3.0,67.62396,67.62396,73.0,71.58911,63.65532,72.12489,69.31089,70.17834,65.79514,71.06335,73.87828,74.51845,77.10383,71.84706,73.40981,74.62573,72.11103,70.83078,70.83078,72.47068,73.82412,67.74216,69.35416,68.26419,67.23095,70.21396,68.42514,70.26379,66.64833,68.42514,65.8635,71.55418,64.41273,65.8635,63.28507,62.20129,61.22091,56.61272,54.03702,55.15433,52.34501,46.66905,47.42362,45.34314,41.86884,37.80212,37.21559,33.6006,35.4683,28.63564,26.24881,24.5153,21.09502,20.02498,18.02776,18.43909,13.15295,29.73214,32.64966,32.80244,34.20526,32.44996,31.62278,34.53983,36.67424,34.0,32.89377,36.05551,32.69557,32.20248,33.10589,34.9285,32.28002,30.46309,30.8707,32.44996,31.62278,23.70654,30.23243,25.4951,33.6006,33.6006,30.88689,32.75668,31.38471,34.0147,37.0,36.40055,37.64306,39.29377,40.79216,43.73786,40.02499,41.30375,45.54119,46.17359,49.0102,48.04165,49.0102,48.01042,54.74486,52.7731,58.54912,53.75872,57.28001,53.16014,53.75872,55.02727,56.46238,61.26989,57.24509,60.90156,60.41523,61.03278
12.16553,12.16553,12.16553,12.36932,12.16553,12.16553,12.04159,12.04159,13.0384,13.0384,13.0384,13.0,13.0,12.0,12.0,12.04159,12.04159,12.04159,12.04159,12.04159,12.04159,12.04159,12.04159,12.16553,12.04159,12.04159,11.04536,11.0,11.0,11.0,10.0,10.0,10.04988,10.04988,9.21954,8.06226,8.24621,7.28011,7.28011,6.32456,6.7082,5.83095,5.83095,5.0,5.0,4.24264,4.24264,3.60555,3.16228,2.23607,2.0,3.0,64.07808,63.90618,66.40783,67.05222,68.30813,66.48308,65.25335,62.36986,68.65858,69.72087,67.46851,67.18631,66.37017,70.11419,68.18358,67.06713,68.11755,73.02739,67.02984,72.00694,62.07254,66.0,66.06815,66.1211,68.06614,70.00714,67.26812,66.27217,70.17834,67.02984,67.00746,59.00847,64.00781,61.20457,64.07027,54.14795,57.42822,55.9017,55.7315,55.7853,52.20153,40.5216,45.54119,43.08132,38.27532,39.39543,33.28663,30.0,28.3196,29.73214,29.06888,20.61553,21.9545,16.40122,15.65248,16.27882,13.15295,31.7805,32.01562,32.89377,34.88553,29.96665,34.0,32.01562,34.48188,35.22783,33.6006,36.87818,30.0,31.40064,30.80584,33.01515,29.20616,28.6531,29.96665,24.16609,28.17801,30.46309,28.79236,33.52611,30.80584,30.01666,28.07134,32.0,36.05551,33.37664,34.36568,37.10795,38.83298,37.85499,40.5216,42.2019,49.64877,54.70832,43.41659,49.09175,43.56604,48.01042,48.82622,56.30275,52.80152,53.2635,47.63402,51.22499,54.81788,53.8145,56.58622,55.15433,60.21628,56.30275,59.07622,56.4358,59.05929,68.09552
12.20656,13.60147,13.89244,13.89244,13.89244,13.41641,13.41641,13.41641,14.31782,13.41641,13.41641,13.92839,13.92839,13.60147,13.60147,13.60147,13.60147,12.64911,13.60147,13.60147,12.36932,13.34166,12.64911,13.34166,12.64911,12.64911,12.64911,12.64911,12.64911,12.08305,12.08305,12.08305,12.08305,11.18034,10.81665,10.29563,10.0,9.21954,9.21954,8.48528,8.48528,7.81025,7.81025,7.2111,5.83095,5.83095,5.83095,5.38516,5.38516,4.12311,4.0,4.0,67.80118,67.1193,66.37017,70.49113,73.3553,64.49806,72.00694,72.89719,72.44998,71.11962,70.77429,70.5195,71.51224,72.44998,73.92564,72.73239,73.00685,67.91171,69.26038,74.46476,74.46476,73.75636,75.70997,72.56721,70.0928,70.85901,75.96052,70.40597,71.38627,69.05071,74.73286,65.45991,62.36185,66.76077,68.70953,61.46544,63.32456,63.06346,60.83584,55.9017,53.25411,52.47857,50.24938,43.26662,42.63801,40.31129,36.12478,41.03657,31.62278,36.23534,32.24903,26.41969,26.40076,20.61553,24.69818,16.03122,19.0263,30.8707,31.62278,30.0,29.83287,36.79674,31.82766,30.23243,34.20526,30.4795,32.55764,33.28663,30.61046,32.20248,26.40076,25.23886,26.90725,28.01785,28.28427,28.6531,26.87006,29.06888,30.41381,31.40064,26.83282,33.73426,25.0,35.17101,37.85499,35.35534,32.24903,40.11234,37.0,38.01316,41.01219,48.01042,45.54119,46.09772,43.73786,43.46263,45.54119,47.80167,50.15974,52.55473,60.53924,50.15974,58.66856,54.12024,56.93856,57.98276,57.42822,60.80296,60.959,62.42596,62.28965,65.06919,58.69412,64.3506
13.34166,13.15295,14.14214,13.15295,13.0384,14.03567,14.0,13.0384,13.0,14.0,14.0,15.0333,13.0384,14.03567,13.0384,14.03567,14.03567,14.03567,13.15295,13.34166,14.31782,13.34166,13.15295,13.34166,13.15295,14.14214,13.15295,13.0384,13.0384,12.04159,11.0,12.04159,11.04536,11.0,11.04536,10.04988,10.04988,9.21954,9.21954,8.24621,8.544,8.544,7.61577,6.7082,6.32456,5.0,5.0,5.0,4.24264,4.24264,3.60555,2.23607,69.2026,66.0303,72.56032,70.71068,68.88396,72.23573,65.39113,69.46222,65.19202,65.78754,68.30813,72.03471,68.96376,74.95332,71.30919,71.58911,73.5527,72.00694,72.99315,72.00694,74.43118,71.25307,69.35416,73.5527,72.24957,72.56032,68.06614,69.02898,68.06614,69.06519,70.00714,74.02702,59.84146,65.76473,56.4358,60.87693,57.55867,61.0,58.54912,56.04463,55.36244,55.36244,49.98,46.61545,45.18849,41.18252,40.22437,39.40812,35.4683,35.4683,29.73214,25.80698,25.94224,22.2036,25.4951,19.72308,19.41649,29.41088,30.4795,31.14482,34.71311,32.55764,38.41875,36.61967,37.21559,32.24903,33.83785,32.75668,30.80584,33.54102,30.41381,35.35534,30.46309,36.35932,31.06445,28.42534,28.6007,28.3196,29.06888,27.45906,29.73214,31.62278,32.57299,32.28002,36.68787,32.75668,39.29377,38.0526,41.4367,38.47077,40.11234,43.0,46.38965,45.70558,47.26521,47.29693,43.41659,49.64877,48.46648,49.33559,51.07837,49.65884,47.85394,51.07837,53.33854,56.35601,53.25411,55.21775,57.00877,59.81639,55.31727,59.46427,67.89698,61.52235
12.04159,11.04536,13.0384,13.0,12.0,12.0,12.04159,12.04159,13.0384,13.0384,13.15295,13.15295,13.15295,12.16553,12.16553,12.36932,12.36932,12.36932,12.36932,12.64911,12.64911,12.64911,12.64911,12.64911,12.64911,12.64911,12.64911,12.36932,12.36932,11.40175,10.19804,11.18034,10.19804,10.19804,10.04988,9.05539,9.0,8.0,8.06226,7.0,7.07107,6.08276,6.08276,5.38516,5.38516,4.47214,4.47214,4.47214,3.60555,4.24264,3.60555,2.23607,66.30988,69.31811,68.62215,66.40783,68.96376,62.64184,62.36986,68.593,67.26812,69.35416,66.75328,68.02941,73.33485,68.0,69.26038,75.00667,71.00704,69.0,71.0,70.17834,69.35416,71.02816,64.77654,67.60178,65.37584,68.46897,71.34424,73.82412,68.593,69.05071,71.11259,67.89698,67.60178,63.28507,64.38167,60.0,60.07495,55.08176,56.0803,51.08816,55.00909,51.08816,51.15662,44.92215,43.68066,41.10961,39.0,37.0,33.54102,30.80584,27.78489,25.4951,24.83948,23.34524,20.80865,18.35756,17.08801,32.69557,30.52868,34.82815,36.40055,36.05551,39.69887,37.20215,36.76955,36.87818,36.87818,34.05877,36.89173,32.20248,36.79674,29.69848,33.30165,30.41381,27.20294,29.41088,30.0,29.52965,33.52611,29.12044,26.41969,26.68333,32.28002,29.42788,35.0571,32.01562,39.31921,36.05551,40.0125,36.67424,43.93177,45.70558,40.8534,41.4367,46.8188,46.23851,51.47815,49.65884,48.54894,49.92995,53.53504,55.21775,50.21952,57.2014,56.22277,59.4138,53.07542,58.0517,57.28001,61.52235,59.5483,60.74537,62.00806,66.03787
12.80625,12.80625,12.20656,13.60147,13.60147,13.60147,13.0384,13.0384,13.89244,13.41641,13.41641,13.41641,13.41641,13.41641,13.0,13.0,13.92839,13.0,13.60147,12.64911,12.64911,13.92839,12.64911,12.64911,12.64911,13.0,13.0,12.08305,12.08305,12.08305,12.08305,12.08305,11.18034,10.29563,10.29563,10.0,9.21954,9.21954,9.21954,8.48528,8.48528,7.81025,7.07107,7.2111,5.83095,5.83095,5.83095,5.38516,4.47214,4.12311,4.12311,4.0,64.53681,65.94695,68.76772,72.62231,69.52697,68.11755,69.63476,69.40461,67.95587,67.95587,66.88797,70.49113,69.83552,68.09552,68.88396,69.35416,71.58911,69.35416,70.38466,70.5762,70.5762,71.69379,69.89278,70.5762,65.80274,72.44998,64.19502,69.57011,69.28925,71.16881,67.06713,70.5762,63.15853,66.48308,62.39391,60.41523,57.70615,60.90156,55.9464,59.36329,54.08327,48.82622,48.83646,47.50789,46.66905,41.03657,39.62323,35.80503,34.65545,33.12099,29.15476,28.79236,24.16609,23.76973,24.18677,19.10497,19.0263,29.06888,31.7805,34.20526,35.38361,35.35534,37.53665,35.35534,38.8973,36.76955,33.01515,35.60899,34.66987,35.80503,32.80244,34.48188,33.28663,30.23243,33.24154,25.80698,30.4795,32.52691,28.01785,30.23243,29.41088,26.62705,30.8707,34.0147,32.28002,33.95585,33.0,37.65634,38.20995,33.01515,42.19005,42.0,40.1995,40.1995,44.40721,44.0,45.39824,49.24429,48.08326,48.38388,52.55473,50.92151,57.38467,56.79789,52.7731,62.24147,57.14018,60.20797,59.16925,57.3062,55.0,64.53681,68.41053,61.07373
13.89244,13.89244,13.0384,13.0384,13.60147,13.0384,13.60147,13.60147,12.80625,12.80625,12.80625,13.45362,13.45362,12.72792,12.72792,12.72792,12.72792,13.45362,12.80625,13.45362,12.80625,13.45362,12.72792,12.80625,12.80625,12.72792,12.04159,12.72792,12.04159,11.31371,11.31371,11.31371,11.31371,10.63015,10.81665,10.0,10.0,9.43398,8.06226,7.61577,7.61577,7.61577,6.7082,6.32456,6.08276,6.08276,5.09902,5.09902,5.0,4.0,3.0,3.16228,69.64194,74.84651,69.46222,70.00714,72.49828,66.24198,72.91776,67.53518,73.92564,66.88797,71.02816,69.89278,66.85058,71.02816,72.8011,68.0147,72.83543,72.86288,67.94115,69.6563,70.0928,67.20863,64.44377,69.35416,67.26812,68.0147,72.18033,71.44928,70.0928,65.79514,67.26812,61.55485,64.38167,65.76473,67.94115,57.31492,56.40035,62.00806,57.42822,58.5235,60.53924,48.02083,50.9902,44.28318,43.46263,43.08132,37.36308,37.36308,31.257,31.57531,29.15476,27.07397,26.1725,23.02173,18.11077,15.81139,15.65248,31.241,30.80584,38.18377,36.89173,38.94868,32.20248,36.67424,35.77709,34.9285,36.40055,34.20526,38.8973,36.40055,32.89377,34.53983,38.60052,30.41381,36.76955,32.89377,34.48188,29.68164,29.96665,33.97058,31.62278,31.1127,37.48333,31.82766,37.20215,30.52868,33.83785,35.51056,39.81206,41.67733,39.39543,48.75449,41.76123,44.59821,41.30375,42.75512,46.27094,48.25971,51.47815,51.0098,59.0,50.03998,53.03772,55.22681,61.40033,57.21888,59.07622,62.80127,61.98387,62.16912,67.08204,62.96825,66.70832,69.64194
12.72792,12.72792,12.72792,12.72792,13.45362,13.45362,13.45362,12.80625,12.80625,12.80625,12.80625,13.60147,13.0384,12.20656,12.20656,13.0384,12.52996,13.0384,13.0384,13.0384,13.0384,13.0384,13.0384,12.52996,12.20656,11.6619,12.20656,12.20656,11.40175,11.40175,10.63015,10.63015,10.63015,9.89949,9.89949,9.89949,9.21954,8.60233,7.81025,7.2111,7.2111,6.7082,5.83095,5.83095,5.38516,4.12311,4.12311,4.12311,4.0,3.0,2.0,2.0,65.21503,67.20119,68.0147,71.8401,70.83784,72.91776,70.76722,72.13876,71.42129,68.62215,75.16648,70.76722,71.70077,71.06335,68.41053,67.80118,71.84706,69.40461,71.28113,67.1193,71.69379,67.95587,69.83552,71.86793,68.50547,69.11584,65.76473,65.19202,68.96376,70.49113,68.47627,67.74216,60.20797,61.91123,62.42596,56.85948,58.00862,57.38467,55.97321,54.56189,48.79549,50.20956,44.68781,43.86342,46.8615,38.83298,38.07887,36.89173,32.89377,29.96665,26.92582,22.13594,24.73863,19.64688,19.41649,18.0,14.03567,30.88689,33.10589,33.83785,38.01316,34.71311,36.06938,36.76955,33.30165,36.23534,36.40055,34.05877,38.58756,36.12478,36.61967,34.66987,35.77709,33.42155,30.61046,35.4683,33.97058,30.41381,30.4795,26.1725,31.241,26.92582,31.76476,34.66987,34.9285,33.24154,37.94733,34.53983,38.60052,41.97618,43.9659,52.61179,49.0408,40.4475,45.01111,48.16638,45.27693,47.38143,45.70558,50.80354,52.17279,53.36666,54.12947,56.51548,56.921,56.64804,59.09315,59.09315,62.16912,60.83584,60.37384,63.63175,66.03787,63.13478
14.03567,13.0,14.03567,13.0384,13.0384,13.0384,13.15295,13.15295,13.15295,13.15295,13.15295,13.15295,13.15295,13.15295,12.36932,12.36932,12.64911,13.60147,12.64911,12.64911,12.64911,11.7047,12.36932,12.36932,12.36932,12.36932,12.36932,11.40175,11.18034,11.18034,10.19804,11.18034,10.04988,10.04988,10.04988,10.0,9.0,8.0,8.06226,7.07107,7.07107,6.32456,6.08276,6.08276,5.38516,5.09902,4.47214,3.60555,3.60555,3.60555,2.82843,2.23607,75.23962,72.0,71.0,73.00685,75.02666,74.16873,71.11259,70.00714,65.12296,70.34913,70.17834,72.69113,74.8131,73.34848,74.33034,73.1642,66.91039,66.76077,63.32456,67.18631,69.64194,68.65858,66.09841,66.09841,62.36185,66.76077,69.57011,62.29767,65.78754,70.34202,67.72001,64.51356,61.40033,61.61169,64.03124,59.90826,60.87693,55.10898,52.15362,47.26521,48.01042,48.16638,44.10215,42.29657,39.31921,43.73786,33.95585,32.24903,30.80584,28.86174,30.08322,25.55386,25.55386,19.41649,18.35756,15.0,17.88854,34.05877,35.22783,33.28663,37.16181,33.61547,35.1141,35.8469,33.24154,38.32754,34.1321,39.62323,41.30375,35.51056,40.60788,37.21559,37.85499,38.11824,35.12834,34.23449,32.75668,29.61419,34.71311,32.01562,34.20526,32.69557,33.54102,34.88553,36.35932,33.12099,36.05551,38.41875,37.80212,39.62323,37.53665,40.45986,40.31129,43.60046,47.80167,43.04649,48.8774,42.94182,49.24429,52.0,53.85165,54.12947,53.75872,53.75872,61.13101,61.13101,55.36244,64.28841,63.78871,66.91039,64.13267,68.88396,65.76473,66.27217
13.89244,13.0384,13.89244,13.0384,14.42221,13.0384,13.60147,13.60147,12.80625,13.60147,12.80625,12.80625,13.45362,13.45362,12.04159,13.45362,12.72792,12.72792,12.72792,12.72792,12.72792,12.72792,12.72792,12.72792,12.72792,12.04159,12.04159,12.04159,12.04159,11.40175,11.40175,11.40175,10.81665,10.0,9.43398,9.43398,8.94427,8.94427,7.61577,7.61577,7.28011,7.28011,6.32456,6.08276,5.09902,5.09902,5.09902,4.0,4.0,3.0,3.0,3.16228,73.1642,75.02666,73.00685,76.47876,77.87811,67.23095,74.32362,70.26379,72.09022,72.00694,70.49113,71.19691,72.94518,72.11103,73.43024,71.28113,70.45566,68.24222,67.20119,72.62231,68.88396,70.83784,67.20863,68.24954,69.35416,63.89053,69.02898,68.11755,64.53681,66.70832,63.60031,64.53681,66.21933,59.40539,65.73431,60.20797,55.80323,60.53924,56.0357,53.66563,50.56679,48.70318,48.10405,40.79216,41.48494,40.5216,35.51056,36.49658,34.36568,31.40064,30.0,26.07681,23.19483,19.0263,18.43909,18.43909,18.02776,35.77709,33.54102,36.05551,35.60899,39.59798,36.87818,38.20995,41.03657,37.64306,37.53665,42.80187,40.80441,41.04875,36.05551,34.20526,38.41875,37.64306,37.73592,35.60899,38.94868,31.241,36.23534,36.12478,30.41381,33.94113,37.20215,40.24922,36.05551,36.35932,35.8469,41.59327,48.33218,41.76123,44.59821,43.93177,41.23106,46.32494,43.41659,47.38143,50.15974,48.16638,52.03845,54.08327,58.21512,54.08327,63.78871,59.5399,59.90826,59.48109,65.30697,62.96825,66.28725,64.53681,68.24954,66.94027,64.62198,65.78754
13.15295,14.14214,13.15295,13.15295,13.15295,13.15295,13.34166,12.36932,13.34166,12.36932,12.64911,12.64911,12.64911,12.64911,12.64911,12.08305,12.08305,12.08305,12.08305,12.08305,12.08305,12.08305,12.08305,12.08305,12.08305,12.08305,11.18034,10.77033,10.77033,10.77033,10.77033,10.44031,10.44031,10.19804,9.21954,9.21954,9.05539,8.0,8.0,8.0,7.0,7.0,6.08276,6.08276,6.08276,5.09902,5.38516,4.47214,4.47214,3.60555,3.60555,2.82843,72.0,69.18092,71.0,70.17834,67.00746,65.37584,66.0303,68.11755,69.18092,70.03571,68.593,72.69113,66.94027,67.74216,69.2315,67.91171,67.08204,68.88396,65.14599,69.26038,68.35203,64.2573,69.28925,66.48308,62.03225,65.39113,64.84597,66.40783,62.36185,58.5235,61.35145,62.03225,60.08328,61.13101,56.32051,52.63079,59.20304,54.91812,51.66237,47.67599,49.16299,43.18565,46.01087,42.0119,39.45884,38.01316,37.05401,33.37664,31.04835,28.63564,25.4951,25.4951,24.04163,19.23538,18.60108,13.45362,15.0,34.82815,34.71311,35.4683,37.44329,38.07887,36.67424,38.62642,32.69557,38.8973,37.33631,37.0,38.32754,43.17407,35.44009,39.84972,35.1141,37.36308,37.10795,37.64306,41.78516,35.8469,38.27532,34.53983,34.98571,36.71512,33.24154,35.80503,36.61967,36.06938,36.76955,38.28838,41.01219,39.59798,40.0,44.40721,42.72002,42.2019,45.48626,44.41846,50.9902,50.9902,51.07837,50.96077,52.20153,51.41984,61.13101,56.75385,58.24946,58.69412,60.01666,63.56099,59.22837,64.77654,67.60178,63.28507,68.26419,66.27217
12.36932,12.36932,12.36932,12.36932,12.36932,11.40175,11.7047,11.7047,11.7047,12.64911,11.7047,12.08305,12.08305,12.08305,11.18034,12.08305,11.18034,11.18034,11.6619,11.18034,11.18034,11.18034,11.18034,11.6619,11.6619,11.18034,11.18034,11.18034,9.84886,9.84886,9.84886,9.84886,9.48683,9.48683,9.21954,9.21954,8.06226,7.07107,7.07107,6.08276,6.08276,6.0,5.0,4.0,4.0,4.12311,4.12311,3.16228,3.16228,2.23607,2.23607,1.41421,72.02777,71.02816,73.00685,72.02777,70.5762,69.11584,68.26419,74.67262,66.48308,66.75328,66.61081,65.51336,65.11528,68.44706,66.28725,65.51336,65.80274,63.24555,70.21396,63.32456,62.03225,65.45991,63.56099,65.45991,64.51356,65.78754,65.39113,59.23681,61.35145,58.5235,61.46544,63.89053,63.56886,61.03278,59.13544,55.08176,53.60037,55.08176,52.63079,45.54119,48.16638,46.27094,45.27693,43.28972,37.01351,35.0571,32.55764,34.23449,32.14032,26.68333,26.92582,20.24846,21.84033,19.23538,17.88854,15.0,8.60233,34.65545,35.38361,39.05125,41.6173,39.11521,36.71512,39.82462,37.57659,38.62642,38.27532,39.84972,38.8973,43.08132,36.40055,35.44009,37.94733,40.02499,39.21734,38.60052,36.68787,32.28002,37.16181,35.8469,38.94868,37.12142,36.23534,34.4093,34.66987,36.87818,40.36087,41.03657,41.01219,41.86884,41.72529,45.96738,43.60046,43.909,43.56604,51.10773,49.92995,47.53946,49.0408,54.23099,53.48832,54.40588,51.24451,53.16014,54.57105,62.0967,62.58594,56.08921,61.52235,66.09841,62.28965,72.18033,67.36468,70.06426
12.16553,12.16553,12.16553,12.16553,12.04159,12.16553,12.04159,12.04159,12.04159,12.0,12.0,12.0,12.0,11.04536,12.04159,11.04536,12.04159,11.04536,11.18034,11.04536,11.04536,11.04536,11.18034,11.18034,11.18034,11.04536,10.19804,10.04988,10.04988,10.04988,10.0,10.0,9.0,9.0,9.05539,8.06226,8.06226,7.07107,7.07107,6.32456,5.38516,5.38516,4.47214,4.47214,4.47214,3.60555,2.82843,3.60555,2.82843,2.23607,1.41421,2.23607,76.32169,71.86793,73.00685,64.84597,69.64194,71.06335,68.96376,69.37579,65.96969,65.96969,65.73431,68.24954,65.30697,67.47592,67.60178,67.36468,68.26419,66.00758,71.11259,66.27217,68.00735,63.1981,67.00746,63.00794,65.03076,63.00794,66.06815,66.1211,64.03124,63.0,62.03225,63.07139,61.03278,61.29437,55.44367,56.32051,55.22681,55.57877,52.95281,48.76474,44.40721,42.2019,43.65776,39.56008,38.07887,34.0,37.58989,34.1321,26.40076,28.01785,20.80865,24.20744,24.08319,19.84943,14.86607,12.80625,11.7047,38.07887,34.48188,38.27532,36.76955,40.80441,37.33631,37.33631,43.18565,40.0125,38.11824,44.04543,41.04875,41.10961,41.01219,46.04346,41.0,39.20459,39.20459,39.05125,39.05125,41.10961,35.22783,33.24154,36.49658,40.80441,38.8973,38.60052,39.84972,41.76123,41.23106,40.8534,43.38202,48.76474,43.41659,47.88528,45.22168,43.41659,45.25483,47.38143,49.49747,51.62364,51.85557,55.31727,54.20332,53.2635,60.20797,56.85948,58.30952,62.26556,62.26556,64.88451,67.60178,67.08204,67.08204,68.54196,69.35416,68.15424
13.60147,12.80625,13.60147,13.60147,13.60147,13.0384,13.0384,13.0384,12.52996,13.89244,12.52996,12.52996,13.41641,12.52996,12.52996,12.08305,12.08305,12.08305,12.08305,13.0,12.08305,11.7047,11.7047,11.7047,11.7047,12.08305,12.08305,11.7047,11.18034,11.18034,11.18034,10.29563,10.29563,9.43398,9.43398,10.0,9.21954,8.60233,7.81025,7.07107,7.07107,7.07107,6.40312,5.83095,5.83095,5.0,4.47214,4.47214,4.47214,4.12311,3.16228,3.16228,70.17834,75.0,73.10951,72.34639,68.76772,71.02816,77.38863,72.94518,70.21396,68.7968,69.46222,66.0303,74.79305,69.35416,65.0,68.42514,67.54258,66.70832,66.12866,65.9242,67.6757,65.39113,63.32456,65.78754,65.9242,64.51356,64.88451,68.00735,63.07139,66.85058,62.39391,62.76942,63.15853,58.87274,61.46544,60.82763,56.35601,56.0803,53.33854,52.00961,50.47772,44.40721,45.96738,41.72529,38.94868,41.01219,36.12478,33.30165,26.92582,27.313,27.29469,23.32381,24.69818,16.64332,20.59126,13.0384,14.03567,37.64306,31.57531,39.45884,41.30375,39.11521,38.0526,41.4367,41.10961,41.30375,43.41659,44.38468,38.60052,40.49691,40.16217,42.44997,44.01136,41.76123,38.8973,39.56008,36.67424,36.13862,35.35534,37.36308,31.14482,36.34556,37.33631,40.0125,38.0,41.4367,39.20459,40.1995,41.7732,40.79216,44.64303,41.97618,46.09772,44.38468,45.61798,51.42956,51.0,51.0,44.77723,52.69725,54.08327,55.47071,60.959,58.24946,57.80138,65.29931,58.72819,64.44377,61.6198,65.06919,68.593,67.17887,69.31089,68.88396
13.0,13.0,13.0,13.0,12.64911,12.64911,12.64911,12.64911,12.36932,12.16553,13.34166,12.16553,12.16553,12.16553,12.16553,12.04159,12.04159,12.04159,12.04159,12.04159,12.04159,12.04159,12.04159,11.0,12.04159,12.04159,12.04159,11.04536,11.04536,11.04536,10.19804,10.19804,10.19804,9.21954,9.21954,9.21954,8.24621,7.61577,7.61577,6.7082,6.7082,6.7082,5.83095,5.83095,5.0,4.24264,4.24264,4.24264,2.82843,2.82843,2.82843,2.23607,74.06079,68.24222,71.84706,67.74216,70.49113,69.11584,71.02112,73.43024,68.0,67.74216,70.23532,71.86793,73.1642,65.0,70.5762,68.54196,70.5762,68.35203,64.84597,64.84597,70.88018,68.00735,66.94027,63.15061,62.58594,64.7611,60.63827,66.48308,64.84597,62.16912,62.0967,64.03124,57.00877,62.93648,56.61272,56.0803,57.00877,51.47815,54.23099,50.69517,49.24429,46.14109,45.48626,42.44997,36.40055,38.41875,36.12478,30.41381,33.30165,27.65863,26.1725,21.26029,23.25941,20.59126,18.78829,13.0,16.49242,32.69557,37.64306,40.31129,40.1995,40.04997,42.0,43.10452,42.04759,40.4475,41.0,44.72136,41.23106,43.9659,42.72002,39.84972,38.60052,40.80441,37.85499,41.76123,39.29377,34.20526,39.31921,40.60788,37.65634,37.36308,38.0,37.0,42.0,37.05401,43.28972,43.93177,40.79216,40.02499,44.14748,30.08322,42.19005,43.86342,51.88449,49.39636,46.14109,50.60632,50.24938,53.82379,52.63079,58.82176,63.24555,60.0,61.6198,60.10824,59.46427,64.44377,60.81118,68.0147,67.47592,65.06919,69.52697,67.62396
13.0384,13.0384,13.0384,13.0384,13.0384,12.04159,12.16553,12.16553,12.16553,13.15295,12.36932,12.36932,12.36932,12.36932,11.40175,12.64911,11.7047,12.64911,11.7047,11.7047,11.7047,11.7047,11.7047,11.7047,11.7047,11.7047,11.40175,11.40175,11.40175,11.40175,10.19804,10.19804,10.19804,10.04988,9.05539,9.05539,9.0,8.0,7.0,7.07107,7.07107,6.08276,6.08276,5.09902,4.47214,4.47214,4.47214,3.60555,3.60555,2.23607,2.82843,1.41421,72.49828,67.62396,68.54196,65.55151,72.8011,73.08215,66.48308,70.83784,68.30813,72.27724,73.24616,69.26038,67.18631,65.73431,67.68309,70.40597,64.32729,62.80127,62.96825,61.52235,67.47592,60.67125,65.12296,64.28063,60.13319,65.06919,65.06919,65.19202,61.13101,58.03447,65.03076,60.20797,58.30952,61.29437,53.60037,52.7731,49.64877,45.12206,54.81788,51.41984,50.59644,42.05948,43.32436,41.23106,42.48529,38.48376,35.77709,34.0,27.29469,30.01666,22.80351,19.79899,20.61553,19.41649,15.26434,17.0,14.03567,33.6006,37.12142,39.21734,37.0,37.85499,40.4475,38.32754,42.42641,42.10701,42.19005,44.0,40.04997,40.0,41.01219,41.04875,38.01316,40.11234,37.05401,39.01282,39.45884,40.04997,39.01282,37.21559,38.0526,40.04997,39.05125,36.68787,41.59327,37.69615,40.79216,43.08132,39.39543,41.78516,41.18252,38.94868,45.61798,46.01087,42.2019,46.8615,47.38143,52.00961,53.2635,56.72742,52.40229,60.10824,53.85165,52.63079,58.25805,57.42822,61.29437,62.00806,61.40033,64.89992,61.85467,64.00781,70.23532,61.29437
13.60147,13.60147,13.34166,13.60147,13.34166,13.34166,13.34166,13.34166,13.15295,12.16553,13.15295,13.15295,13.15295,12.04159,12.16553,13.0384,13.0,12.04159,12.04159,12.04159,12.04159,12.04159,12.04159,12.0,12.04159,12.04159,12.04159,11.04536,11.04536,11.18034,10.19804,10.19804,10.19804,10.44031,9.21954,8.24621,8.544,7.61577,7.61577,7.61577,6.7082,5.83095,5.83095,5.0,5.0,5.0,4.24264,4.24264,2.82843,2.82843,2.82843,2.23607,68.44706,67.1193,68.44706,74.0,70.5762,68.62215,68.70953,71.16881,66.94027,69.42622,69.12308,66.48308,68.88396,64.03124,68.88396,67.26812,67.26812,61.66036,60.29925,65.76473,69.26038,63.1981,63.00794,63.63961,60.40695,58.54912,61.40033,64.00781,58.30952,62.1289,62.20129,59.3043,59.21149,59.68249,56.7186,55.10898,56.32051,48.76474,50.28916,50.0,49.64877,44.59821,42.15448,39.81206,37.44329,37.58989,35.51056,33.42155,29.20616,28.3196,27.01851,23.34524,22.2036,19.72308,15.65248,11.6619,15.52417,35.4683,40.0,35.35534,41.62932,39.39543,39.21734,41.7732,41.7732,39.62323,43.56604,41.4367,43.28972,38.0526,41.0,39.20459,40.0125,39.01282,37.21559,40.31129,38.01316,38.0,40.31129,38.47077,39.20459,36.22154,40.5216,41.48494,43.08132,37.16181,38.94868,37.58989,37.57659,41.67733,43.38202,46.64762,47.16991,44.04543,45.34314,48.10405,45.96738,50.93133,47.50789,50.9902,51.40039,54.20332,57.42822,54.6443,61.29437,63.82006,62.68174,62.43397,68.47627,69.46222,64.84597,64.66065,66.70832,69.31811
14.03567,13.0384,13.0384,13.0384,13.0384,13.0384,13.15295,13.15295,13.15295,13.15295,13.15295,12.36932,12.36932,12.36932,12.36932,12.64911,12.64911,11.7047,11.7047,12.64911,11.40175,12.64911,11.7047,11.7047,11.7047,11.7047,11.40175,11.40175,11.40175,11.40175,10.19804,11.18034,10.04988,10.04988,10.0,9.05539,9.0,8.0,8.06226,7.07107,7.07107,6.08276,6.08276,6.32456,5.38516,5.38516,4.47214,4.47214,3.60555,3.60555,2.82843,2.82843,75.02666,70.00714,76.1643,70.00714,75.16648,70.00714,75.23962,70.34913,76.32169,74.1485,70.85901,71.19691,64.13267,71.30919,67.91171,70.60453,71.58911,64.56005,64.53681,65.55151,61.68468,63.24555,67.06713,64.07808,66.21933,68.35203,62.93648,65.9242,58.82176,63.24555,63.90618,61.98387,63.89053,64.28841,57.97413,60.41523,54.57105,54.91812,53.60037,55.3263,47.26521,48.01042,45.04442,44.01136,40.04997,35.12834,37.12142,32.98485,33.95585,25.94224,25.0,23.70654,26.0,19.72308,20.59126,16.40122,13.60147,39.82462,41.6173,37.20215,42.44997,43.86342,45.25483,44.20407,43.82921,41.04875,44.94441,43.41659,47.50789,50.11986,43.82921,44.72136,41.59327,44.77723,43.41659,44.94441,41.67733,44.77723,41.34005,38.27532,43.26662,42.19005,35.38361,38.8973,43.93177,45.27693,43.41659,42.63801,45.96738,45.45327,48.25971,48.37355,50.08992,51.62364,50.69517,50.69517,55.15433,56.921,54.81788,59.43904,59.20304,57.07013,60.53098,56.7186,62.80127,65.9242,60.67125,61.29437,65.37584,67.1193,67.00746,72.24957,68.0,70.0
13.41641,13.41641,14.31782,13.41641,14.31782,13.0,13.0,13.0,13.0,13.60147,13.0,13.0,12.64911,12.64911,12.64911,12.36932,12.36932,12.16553,12.16553,12.16553,12.36932,12.16553,12.36932,12.16553,12.36932,11.40175,11.40175,11.40175,11.40175,11.40175,10.44031,10.77033,10.77033,9.84886,9.84886,8.94427,8.94427,8.60233,8.06226,7.2111,7.2111,6.40312,6.40312,5.65685,5.0,5.0,5.0,5.0,3.60555,3.60555,3.60555,2.23607,72.47068,71.58911,75.76939,72.91776,67.62396,66.85058,66.85058,75.02666,72.44998,68.00735,67.72001,68.30813,67.46851,65.45991,66.09841,66.94027,64.7611,63.78871,65.11528,61.98387,68.593,62.64982,64.49806,63.3877,61.29437,58.42089,61.18823,61.81424,60.01666,59.4138,60.41523,60.87693,56.75385,58.46366,53.85165,53.45091,53.85165,55.08176,50.32892,46.23851,46.52956,47.88528,43.56604,40.70626,42.0119,38.41875,33.30165,33.30165,30.41381,27.65863,24.08319,21.09502,19.20937,17.46425,19.23538,15.65248,13.41641,37.48333,39.20459,42.43819,43.56604,40.70626,42.54409,45.22168,45.88028,42.44997,40.5216,42.95346,44.72136,44.55334,43.17407,41.97618,39.45884,39.05125,40.11234,42.0119,43.41659,41.4367,40.5216,41.4367,43.17407,43.17407,43.65776,39.56008,44.59821,43.46263,42.04759,41.88078,46.32494,43.38202,44.41846,51.97115,41.86884,41.34005,46.01087,49.57822,53.07542,52.63079,52.63079,54.20332,54.40588,56.85948,49.73932,57.68882,57.68882,60.41523,65.0,63.63175,64.00781,64.14047,67.1193,70.71068,68.8767,72.06941
13.0,13.0,11.7047,13.0,12.08305,12.64911,11.7047,11.7047,11.7047,11.40175,12.36932,11.40175,11.18034,11.18034,11.18034,11.18034,11.04536,11.18034,11.04536,11.04536,11.18034,11.04536,11.04536,11.04536,11.04536,11.18034,11.04536,10.19804,10.44031,10.19804,9.48683,9.21954,9.21954,8.544,8.544,8.544,8.06226,7.2111,6.7082,6.40312,6.40312,5.83095,5.65685,5.0,5.0,4.24264,5.0,3.60555,3.16228,3.16228,3.16228,3.0,81.12336,74.43118,76.15773,71.58911,75.17978,74.46476,68.02941,73.40981,69.31811,68.8767,69.28925,67.77905,73.53911,60.92618,64.2573,71.47027,67.72001,67.68309,61.61169,64.53681,68.44706,65.73431,61.66036,61.13101,62.8172,65.25335,62.8172,57.48913,61.0,65.30697,65.11528,62.80127,56.29387,57.48913,55.44367,52.55473,55.15433,54.42426,53.7122,48.33218,46.09772,47.01064,42.43819,43.909,38.07887,35.80503,37.20215,35.22783,28.3196,21.93171,22.80351,22.2036,17.88854,22.2036,14.86607,17.46425,10.77033,37.58989,41.67733,43.65776,45.60702,45.54119,40.79216,43.18565,42.19005,44.01136,45.27693,45.04442,44.01136,48.09366,43.01163,48.25971,43.18565,44.40721,39.05125,44.10215,43.28972,42.42641,44.04543,43.10452,44.18144,42.0119,45.17743,41.4367,42.95346,38.63936,46.32494,44.64303,42.37924,42.37924,48.46648,48.8467,47.53946,47.88528,47.16991,47.70744,50.0,48.54894,56.0803,59.5483,55.17246,62.2254,57.31492,59.66574,60.82763,61.6198,65.94695,62.80127,68.50547,68.88396,67.23095,67.42403,74.94665,73.24616
12.04159,12.16553,12.16553,13.15295,12.16553,12.16553,11.18034,12.16553,11.40175,11.40175,11.40175,11.40175,11.40175,11.40175,11.40175,11.7047,11.7047,10.77033,10.77033,10.77033,10.77033,10.77033,10.77033,10.77033,10.77033,10.77033,10.77033,9.84886,9.48683,9.48683,9.48683,8.544,9.21954,8.24621,8.06226,8.06226,7.07107,7.0,6.0,6.0,6.08276,5.0,5.09902,4.12311,4.12311,3.16228,3.16228,3.16228,2.23607,2.23607,1.41421,1.41421,71.34424,70.00714,79.15807,70.00714,74.16873,70.71068,75.32596,75.42546,69.26038,69.58448,68.593,68.65858,67.74216,63.95311,65.96969,64.56005,66.21933,64.56005,65.80274,62.76942,64.84597,61.09828,62.29767,65.45991,63.32456,64.84597,61.84658,64.07808,64.4748,63.69458,56.64804,56.64804,59.46427,61.68468,53.45091,54.12947,53.93515,55.44367,45.89118,46.17359,50.15974,46.69047,43.18565,39.0,36.12478,35.12834,30.59412,33.54102,25.4951,23.5372,18.38478,17.46425,21.0238,16.55295,15.55635,10.63015,12.04159,42.94182,36.23534,39.20459,45.96738,45.60702,44.82187,44.94441,43.82921,48.8774,45.48626,48.33218,46.06517,44.77723,46.09772,46.09772,41.78516,46.09772,42.04759,43.41659,46.52956,46.06517,44.41846,45.18849,44.65423,41.88078,43.41659,44.65423,41.88078,47.42362,44.55334,41.23106,46.66905,48.9183,46.61545,49.09175,42.72002,44.94441,47.85394,48.75449,50.56679,49.76947,51.07837,58.94065,57.93962,57.97413,58.5235,58.0517,58.85576,63.32456,64.53681,67.47592,66.06815,61.07373,65.19202,68.73136,70.02857,72.1734
14.03567,13.0384,13.0,13.0,13.0,13.0,13.0,12.0,13.0,12.04159,13.0384,13.0384,12.16553,12.16553,12.16553,13.15295,12.36932,12.36932,11.40175,11.40175,12.36932,11.40175,11.40175,11.40175,11.40175,11.40175,11.40175,11.40175,10.44031,11.18034,10.19804,9.21954,9.05539,9.05539,9.05539,9.0,9.0,8.0,8.0,6.08276,7.07107,6.08276,5.09902,5.09902,5.09902,4.12311,4.12311,3.16228,3.16228,2.23607,2.23607,2.23607,72.36712,74.33034,74.43118,72.99315,74.96666,74.43118,74.24284,73.43705,66.75328,68.02941,69.06519,71.06335,69.0,65.00769,67.00746,69.06519,68.02941,62.20129,63.28507,64.19502,63.28507,62.80127,64.93843,60.20797,63.78871,63.56099,63.50591,58.30952,60.07495,64.77654,59.3043,60.67125,57.55867,56.32051,58.30952,56.0357,56.0803,52.0,51.08816,51.0392,43.28972,40.79216,39.56008,37.85499,38.83298,38.60052,30.36445,30.01666,26.40076,22.82542,20.59126,21.26029,19.41649,15.6205,12.04159,14.21267,9.89949,38.18377,39.05125,41.6173,43.26662,41.67733,45.18849,45.65085,44.77723,46.23851,47.12749,44.64303,44.92215,44.14748,44.55334,47.67599,48.27007,41.30375,43.41659,43.28972,42.75512,43.68066,39.56008,45.12206,43.17407,40.16217,40.16217,41.62932,44.38468,40.24922,42.19005,44.72136,41.67733,42.80187,39.82462,44.59821,41.01219,49.51767,48.41487,45.60702,47.63402,48.54894,51.47815,50.47772,56.60389,59.03389,56.82429,58.60034,57.77543,59.80803,60.92618,66.48308,61.84658,64.51356,68.00735,68.68042,68.62215,70.40597
13.41641,12.52996,12.08305,13.41641,12.08305,12.08305,12.08305,12.08305,11.7047,11.7047,12.64911,11.7047,11.7047,11.40175,11.40175,11.40175,11.40175,11.40175,11.40175,11.18034,11.40175,11.40175,11.40175,11.40175,10.44031,10.44031,10.44031,10.44031,9.48683,9.48683,9.84886,9.48683,8.544,8.94427,8.94427,8.06226,8.06226,7.2111,6.40312,5.65685,6.40312,5.0,4.24264,4.24264,3.60555,3.60555,3.60555,2.82843,2.23607,2.23607,2.23607,1.41421,66.0303,69.97142,68.7968,70.17834,73.78347,65.51336,69.35416,68.26419,68.0,66.24198,68.88396,67.60178,67.62396,63.50591,66.21178,67.06713,64.84597,61.68468,61.32699,64.19502,65.78754,59.80803,64.03124,61.68468,59.80803,59.80803,59.90826,53.85165,60.40695,57.87055,60.44005,59.80803,54.78138,54.78138,51.62364,51.89412,54.12024,45.27693,50.21952,45.79301,42.43819,42.94182,37.64306,36.76955,34.65545,33.24154,31.1127,24.20744,22.82542,26.90725,21.40093,18.86796,13.34166,14.76482,11.18034,10.44031,8.24621,37.44329,41.14608,41.78516,41.76123,43.56604,43.73786,44.10215,44.0,46.04346,45.04442,49.0102,45.01111,47.16991,44.18144,44.55334,48.04165,48.09366,44.18144,42.2019,48.6621,39.05125,45.27693,43.0,43.18565,40.04997,39.31921,46.01087,44.40721,40.1995,40.60788,41.59327,40.60788,40.60788,42.44997,48.10405,41.59327,39.05125,51.89412,51.47815,41.34005,46.14109,55.0,53.00943,51.40039,58.41233,55.9017,58.0517,55.86591,62.93648,60.959,66.70832,66.21933,63.70243,67.26812,67.80118,65.29931,71.40028
13.45362,12.72792,12.72792,12.72792,12.80625,12.04159,12.80625,11.40175,11.40175,12.20656,12.20656,11.6619,11.6619,10.81665,11.6619,11.6619,11.18034,11.6619,11.18034,11.18034,10.29563,11.18034,11.18034,11.18034,10.29563,10.29563,10.29563,10.29563,10.29563,9.43398,9.43398,8.60233,8.60233,7.81025,7.81025,7.81025,7.07107,7.07107,5.65685,5.65685,5.0,5.0,5.0,3.60555,3.60555,3.60555,3.60555,2.23607,2.23607,1.41421,1.0,1.41421,74.62573,73.40981,77.00649,69.2026,71.06335,72.18033,69.52697,75.9276,69.02898,69.31089,67.94115,66.48308,68.62215,66.46804,66.8431,64.2028,68.0147,70.29225,68.76772,64.81512,64.81512,64.40497,67.47592,63.25346,57.2014,59.03389,58.83026,61.03278,63.60031,62.20129,58.00862,56.72742,54.56189,56.72742,51.08816,48.10405,49.51767,46.75468,50.9902,48.27007,46.2277,41.7732,37.12142,36.71512,38.94868,26.92582,27.313,29.73214,29.15476,22.36068,18.24829,19.10497,16.0,11.7047,13.0,13.0384,8.06226,41.30375,44.01136,41.04875,46.09772,44.72136,44.72136,44.91102,45.12206,46.61545,46.61545,50.9902,49.64877,51.42956,45.17743,45.17743,46.95743,47.42362,47.01064,43.56604,45.65085,45.79301,49.1935,42.72002,44.94441,43.32436,50.0,43.9659,47.53946,44.64303,45.12206,45.17743,43.41659,45.39824,48.37355,42.0119,45.01111,49.36598,46.87217,46.52956,43.73786,53.36666,54.12947,58.18935,53.75872,59.46427,54.56189,56.46238,59.5399,61.26989,58.18075,63.06346,63.51378,70.83078,64.49806,69.11584,68.0,73.06162
13.15295,13.15295,12.36932,13.15295,12.36932,12.36932,12.36932,12.36932,12.36932,12.64911,12.64911,12.64911,11.7047,11.7047,11.7047,11.7047,12.08305,12.08305,11.18034,11.18034,11.7047,11.18034,10.77033,11.18034,11.18034,10.77033,10.77033,10.44031,10.77033,9.48683,9.48683,9.21954,9.21954,9.21954,8.06226,8.06226,7.07107,7.07107,6.0,6.0,6.0,5.0,4.0,4.12311,4.12311,4.12311,3.16228,3.16228,2.0,2.0,2.23607,1.41421,69.72087,69.05071,75.53807,76.32169,76.10519,69.35416,69.18092,74.54529,70.11419,75.05998,67.02984,73.0,70.02857,65.19202,67.02984,64.38167,68.46897,67.47592,59.3043,65.76473,70.0928,64.93843,59.66574,61.13101,58.69412,62.58594,60.01666,58.94065,57.72348,57.27128,58.54912,65.51336,56.88585,51.97115,54.34151,52.0,52.61179,52.00961,47.0,47.26521,44.10215,42.42641,38.47077,37.65634,33.54102,30.08322,34.78505,25.94224,25.63201,23.85372,21.47091,19.23538,16.12452,13.60147,13.60147,13.45362,8.94427,42.63801,43.84062,42.63801,45.0,46.32494,48.8774,48.37355,48.33218,52.0,49.0408,49.72927,51.5461,54.57105,50.63596,51.41984,51.97115,49.36598,50.44799,49.47727,49.47727,45.35416,49.64877,48.05206,43.17407,44.38468,51.42956,42.95346,46.64762,44.77723,47.41308,46.64762,44.94441,46.87217,53.15073,46.61545,55.0,47.50789,49.39636,50.80354,50.80354,49.09175,53.85165,57.45433,54.56189,57.77543,54.12024,62.76942,62.03225,61.68468,57.77543,60.74537,67.18631,69.63476,65.73431,63.78871,64.32729,68.593
11.04536,12.04159,12.0,12.0,12.0,11.04536,11.0,11.0,11.0,11.0,11.0,11.04536,11.04536,11.04536,10.04988,10.04988,11.04536,10.04988,10.19804,10.19804,10.19804,9.21954,10.19804,9.21954,9.05539,10.04988,9.05539,9.05539,9.05539,9.0,8.0,8.0,8.0,7.07107,7.07107,7.07107,6.32456,5.09902,5.38516,5.38516,4.47214,4.47214,3.60555,3.60555,3.60555,3.60555,2.82843,2.23607,2.23607,2.23607,2.23607,2.0,67.26812,70.40597,70.21396,72.99315,70.5762,68.26419,66.27217,67.18631,69.72087,69.0,67.0,66.0303,72.1734,69.06519,65.03076,64.28063,65.03076,58.21512,60.13319,63.28507,64.28063,62.64982,55.57877,60.40695,64.38167,62.1289,59.4138,58.03447,57.70615,61.29437,60.41523,56.0,53.0,52.08647,52.0,49.0102,50.08992,46.04346,47.16991,49.0306,41.4367,40.26164,37.94733,32.69557,31.38471,32.89377,27.78489,26.40076,25.23886,17.80449,19.84943,20.59126,14.21267,11.40175,11.18034,6.40312,6.7082,45.0,49.81967,48.27007,46.09772,51.61395,43.909,51.47815,49.24429,48.33218,48.37355,49.39636,53.85165,55.9017,53.14132,51.62364,53.48832,55.65968,53.45091,50.44799,45.35416,50.0,49.64877,49.0408,46.17359,47.92703,46.23851,51.62364,48.30114,48.8774,44.77723,48.25971,48.02083,48.01042,48.82622,49.20366,54.56189,49.51767,47.01064,49.0408,50.0,49.09175,57.42822,54.20332,56.93856,54.70832,60.82763,60.37384,63.56099,61.09828,63.56886,62.03225,63.56886,68.00735,65.80274,74.52516,67.18631,66.94027
12.08305,11.7047,10.77033,11.7047,11.7047,11.7047,11.40175,11.40175,11.40175,10.44031,11.40175,11.18034,10.44031,11.18034,10.19804,10.19804,11.04536,10.19804,10.04988,10.19804,10.04988,10.19804,10.19804,9.05539,10.19804,9.05539,9.21954,9.21954,8.24621,9.48683,7.28011,7.28011,7.61577,6.7082,7.2111,7.2111,5.83095,6.40312,5.65685,5.0,5.0,5.0,3.60555,3.60555,3.60555,3.16228,3.16228,2.0,2.0,2.0,2.0,2.0,64.88451,67.53518,67.62396,71.51224,66.18912,67.77905,68.35203,67.23095,64.51356,67.1193,68.15424,67.35726,67.06713,61.68468,68.15424,67.44627,69.37579,59.66574,60.20797,60.20797,61.81424,60.01666,57.70615,62.64184,62.0967,54.81788,58.69412,60.01666,59.90826,54.74486,59.90826,57.48913,52.81098,48.50773,48.76474,50.53712,45.61798,43.38202,42.72002,43.909,38.27532,38.07887,33.97058,34.65545,29.69848,30.4795,25.4951,24.41311,18.02776,19.69772,20.24846,15.26434,10.44031,12.64911,11.0,8.06226,5.38516,44.20407,48.16638,43.41659,50.47772,48.54894,49.64877,46.95743,48.46648,50.32892,45.60702,51.92302,51.24451,52.95281,54.57105,54.12947,50.15974,52.95281,56.4358,46.27094,54.58938,52.7731,52.34501,49.81967,48.37355,46.09772,51.92302,50.69517,50.28916,44.94441,49.0408,50.69517,45.69464,47.42362,46.95743,48.8774,53.23533,49.24429,53.41348,51.61395,51.22499,51.62364,54.45181,57.28001,55.97321,56.72742,53.41348,55.47071,56.85068,55.9017,59.07622,59.81639,67.6757,65.45991,67.60178,63.56099,62.64982,67.54258
11.7047,11.7047,11.7047,11.40175,11.7047,11.40175,11.40175,11.40175,11.40175,11.18034,11.40175,11.18034,11.18034,10.19804,10.19804,11.18034,10.04988,10.04988,10.04988,10.04988,10.19804,10.04988,10.04988,10.04988,9.05539,10.19804,9.21954,9.21954,9.21954,9.21954,8.544,8.544,8.544,7.61577,7.61577,6.7082,5.83095,6.40312,5.0,5.0,5.0,5.0,4.24264,3.60555,3.60555,3.16228,3.16228,2.23607,2.0,3.0,2.0,2.0,63.90618,63.56886,67.6757,67.77905,68.68042,69.64194,68.30813,63.89053,59.66574,64.28841,65.51336,66.94027,65.62012,65.51336,68.35934,66.91039,60.67125,59.4138,62.514,60.67125,63.1981,57.21888,61.0082,57.07889,56.4358,61.40033,57.00877,61.29437,52.46904,53.75872,55.14526,53.46027,47.16991,47.51842,51.41984,49.24429,47.85394,43.68066,41.76123,42.15448,43.08132,40.70626,29.68164,31.30495,26.24881,25.55386,25.0,21.26029,21.93171,16.27882,14.76482,13.45362,13.0384,10.81665,9.05539,8.94427,7.2111,45.27693,46.8615,48.82622,51.97115,44.77723,49.64877,53.48832,51.07837,53.75872,51.5461,54.12947,51.41984,54.57105,49.64877,53.33854,52.34501,54.91812,57.27128,50.48762,49.16299,50.08992,54.03702,48.37355,50.01,52.34501,46.32494,49.49747,49.0306,49.47727,50.59644,46.61545,46.23851,50.56679,48.75449,48.8467,49.64877,50.47772,52.80152,50.60632,46.09772,55.31727,52.49762,55.17246,58.72819,55.22681,64.81512,60.44005,57.80138,60.959,57.00877,61.29437,65.19202,63.51378,64.88451,62.17717,66.30988,61.7171
12.08305,10.77033,11.7047,11.7047,11.7047,10.77033,11.40175,11.40175,11.40175,11.40175,10.44031,11.18034,11.04536,11.18034,11.18034,10.04988,11.04536,10.04988,11.04536,10.04988,10.19804,10.04988,10.04988,10.04988,10.04988,10.04988,9.05539,9.21954,9.21954,8.24621,8.24621,8.24621,7.28011,7.28011,6.7082,5.83095,5.83095,5.83095,5.0,5.0,4.24264,3.60555,4.24264,2.82843,2.23607,2.23607,2.23607,1.41421,1.0,1.0,0.0,1.0,68.26419,66.85058,65.45991,67.1193,62.42596,64.3506,66.70832,63.95311,64.62198,62.64982,61.09828,64.84597,64.62198,63.15853,58.18935,61.68468,67.6757,65.0,60.44005,60.82763,64.56005,62.64184,61.98387,62.8172,58.24946,57.72348,57.87055,54.58938,55.10898,52.49762,53.14132,54.34151,54.57105,47.43416,48.8467,42.54409,45.18849,43.38202,45.17743,42.43819,41.67733,38.01316,34.1321,29.83287,30.41381,29.20616,21.2132,20.51828,19.69772,20.24846,16.12452,15.81139,13.0384,12.64911,10.04988,8.06226,7.2111,45.31004,47.43416,49.72927,47.85394,48.09366,51.35173,52.03845,50.08992,54.03702,51.35173,50.35871,52.61179,55.57877,53.46027,52.7731,49.81967,59.90826,54.58938,52.17279,58.46366,52.61179,54.12947,52.20153,46.38965,53.75872,52.95281,54.33231,49.09175,56.0803,51.08816,50.01,51.0392,52.0,50.15974,51.47815,51.1957,49.64877,48.50773,51.62364,54.12947,52.39275,50.11986,56.35601,53.82379,51.89412,56.61272,51.0392,57.62812,62.28965,59.81639,56.58622,56.72742,60.81118,60.87693,64.44377,65.05382,68.88396
11.40175,10.81665,11.31371,12.04159,11.31371,11.31371,11.31371,11.31371,10.63015,10.63015,10.63015,11.40175,11.40175,11.40175,10.81665,10.81665,10.81665,10.81665,10.29563,10.81665,10.81665,10.29563,9.43398,10.29563,9.43398,10.0,9.43398,9.43398,8.60233,7.81025,7.81025,7.81025,7.81025,6.40312,7.07107,6.40312,6.40312,5.83095,5.0,4.47214,4.47214,4.12311,3.16228,3.16228,3.0,2.0,2.0,2.0,1.0,1.0,1.41421,1.41421,62.64982,62.64982,62.26556,65.0,62.43397,62.20129,60.21628,65.0,62.20129,63.78087,62.62587,63.78087,60.30755,58.72819,63.03174,62.96825,61.52235,58.72819,58.79626,63.41136,60.10824,60.10824,56.63921,57.48913,57.31492,56.40035,55.97321,56.58622,55.86591,52.80152,55.60576,56.63921,52.40229,51.66237,48.16638,45.45327,46.69047,42.52058,42.43819,42.43819,37.58989,39.81206,33.54102,29.52965,27.51363,26.24881,23.5372,22.09072,21.09502,15.0,16.12452,13.15295,12.16553,8.94427,8.24621,9.43398,7.61577,44.10215,46.38965,49.0306,48.76474,49.0408,52.0,50.11986,55.56978,54.70832,55.22681,56.30275,56.85948,55.0,52.63079,56.0803,59.20304,60.20797,55.97321,54.81788,54.03702,54.67175,57.62812,56.0803,56.85068,51.40039,54.03702,48.82622,53.33854,51.10773,51.47815,50.08992,52.3259,51.89412,53.22593,51.47815,47.80167,50.69517,50.9902,50.01,49.49747,54.03702,51.0098,54.03702,57.03508,57.0,53.33854,57.21888,58.54912,54.58938,60.20797,61.40033,62.64184,60.08328,57.56735,60.08328,61.98387,66.21178
11.7047,12.64911,11.7047,12.64911,11.40175,12.36932,11.40175,11.18034,12.16553,11.18034,12.04159,12.04159,11.04536,11.04536,11.04536,11.04536,12.04159,10.04988,11.0,11.0,10.04988,10.04988,10.04988,10.0,9.05539,11.04536,10.04988,9.05539,9.21954,9.05539,8.24621,8.24621,8.24621,7.28011,7.61577,6.7082,6.7082,5.83095,5.83095,5.0,5.0,5.0,3.60555,3.60555,3.16228,3.16228,3.16228,3.0,2.0,2.23607,2.23607,2.23607,65.8559,64.03124,67.20119,64.63745,65.21503,67.42403,60.74537,68.8186,63.81222,67.1193,63.52952,64.41273,63.50591,65.74192,62.76942,62.39391,62.24147,64.19502,60.74537,57.56735,61.03278,61.35145,61.18823,61.35145,55.65968,60.41523,58.94065,54.12024,55.36244,56.64804,56.0803,53.14132,50.15974,51.26402,45.69464,46.8188,39.39543,44.29447,43.82921,39.96248,37.44329,35.60899,30.61046,30.23243,29.73214,25.80698,22.02272,25.63201,19.72308,12.80625,17.26268,17.11724,13.15295,11.04536,9.21954,11.0,8.06226,46.38965,45.09989,48.04165,49.16299,52.23983,54.58938,51.47815,52.88667,55.36244,52.49762,54.42426,52.20153,53.7122,56.921,57.38467,53.48832,52.3259,51.42956,51.47815,52.3259,50.08992,57.77543,50.9902,50.56679,51.86521,51.86521,52.20153,50.96077,48.50773,50.96077,49.49747,49.64877,47.26521,49.25444,49.09175,50.01,50.0,46.09772,48.50773,52.63079,49.72927,51.62364,57.00877,53.45091,54.42426,60.03332,55.54278,54.56189,59.07622,59.48109,54.08327,60.80296,60.21628,57.2014,56.63921,63.65532,65.76473
11.7047,13.0,12.08305,13.0,12.52996,12.08305,12.52996,11.6619,12.52996,11.6619,12.52996,11.6619,11.6619,11.6619,11.6619,12.20656,12.20656,11.6619,12.20656,10.81665,11.6619,10.81665,11.6619,10.81665,10.29563,10.81665,10.29563,10.29563,10.29563,9.84886,8.544,8.544,8.544,7.28011,7.28011,7.07107,7.07107,6.08276,6.0,5.0,5.0,5.09902,4.0,4.12311,3.16228,3.16228,2.23607,2.23607,2.23607,1.41421,1.41421,1.41421,66.40783,67.35726,67.05222,67.41662,67.62396,62.24147,64.88451,63.06346,65.9242,66.64833,67.54258,62.17717,64.49806,65.19202,63.63175,65.21503,65.60488,59.07622,59.64059,61.40033,65.0,58.00862,57.42822,59.36329,56.61272,59.40539,61.29437,60.80296,59.40539,58.41233,55.75841,53.33854,54.40588,54.70832,50.69517,49.76947,46.61545,43.65776,39.56008,42.72002,37.64306,37.33631,37.12142,30.41381,27.89265,27.0,24.5153,19.0263,23.08679,18.97367,18.02776,14.42221,10.0,7.81025,9.48683,8.48528,6.08276,41.0,45.22168,43.65776,47.41308,49.1935,46.61545,48.01042,51.22499,48.79549,52.34501,53.74012,49.57822,52.40229,52.40229,51.66237,49.0408,53.75872,54.81788,51.85557,51.08816,49.0408,54.67175,52.49762,50.44799,49.0408,47.42362,48.79549,47.50789,46.01087,51.40039,48.01042,48.82622,46.87217,44.10215,48.76474,49.24429,51.89412,51.07837,50.28916,49.0408,49.33559,51.1957,55.9017,55.9017,54.45181,58.69412,61.98387,58.13777,56.0803,56.0357,57.31492,56.32051,55.44367,61.0,65.51336,60.41523,64.7611
12.80625,12.20656,13.0384,13.0384,13.0384,12.52996,12.52996,12.52996,12.52996,12.08305,12.08305,12.08305,12.08305,13.0,11.7047,11.7047,11.7047,12.08305,11.7047,11.7047,12.08305,11.7047,10.77033,11.7047,10.77033,10.77033,10.29563,10.29563,10.29563,9.43398,9.43398,9.43398,9.43398,8.60233,8.48528,7.81025,7.07107,7.07107,6.40312,5.83095,5.0,4.47214,4.47214,3.16228,4.12311,3.16228,3.0,3.0,2.0,2.0,1.41421,1.0,71.28113,66.85058,68.0,70.3278,62.26556,65.51336,66.18912,68.47627,65.29931,62.6099,67.1193,68.70953,64.62198,62.24147,64.62198,61.98387,68.00735,62.0967,62.0967,60.41523,65.52099,61.03278,62.96825,58.94065,59.13544,58.46366,61.09828,56.51548,57.97413,56.04463,57.56735,54.42426,52.3259,49.98,47.41308,49.24429,47.01064,45.17743,41.34005,38.83298,40.22437,34.65545,40.31129,29.0,28.42534,26.24881,23.32381,22.84732,18.02776,16.12452,15.52417,15.52417,13.34166,10.0,10.04988,6.08276,7.07107,44.94441,46.17359,44.14748,47.29693,51.24451,52.03845,50.0,51.08816,50.03998,52.23983,51.62364,50.48762,52.46904,51.97115,52.81098,54.57105,54.81788,50.96077,51.78803,49.0408,50.48762,52.63079,50.21952,51.35173,52.46904,50.15974,48.16638,52.15362,49.25444,53.03772,50.01,49.09175,49.0408,45.09989,55.22681,52.3259,58.18935,50.44799,54.626,50.15974,55.36244,52.83938,53.7122,52.47857,54.08327,52.80152,55.22681,59.81639,54.20332,59.66574,63.78087,60.10824,61.7171,60.10824,63.89053,68.41053,63.12686
13.41641,12.52996,12.52996,12.52996,12.52996,12.52996,12.20656,12.20656,12.20656,11.40175,12.20656,11.40175,12.20656,11.40175,11.40175,12.04159,11.31371,11.31371,11.31371,11.31371,10.63015,10.63015,10.63015,9.89949,10.63015,10.63015,9.89949,10.0,10.0,9.21954,8.60233,8.06226,8.06226,8.06226,7.61577,6.32456,7.28011,6.08276,6.08276,5.09902,5.0,5.0,5.0,4.0,4.0,3.16228,3.16228,2.23607,2.23607,2.23607,2.23607,1.41421,62.64184,61.03278,68.70953,67.6757,65.55151,59.5063,65.39113,67.1193,65.29931,65.0,65.0,67.1193,61.05735,68.60029,61.29437,62.43397,66.0303,61.03278,60.0,63.60031,62.00806,61.61169,59.5483,60.44005,55.60576,55.97321,60.21628,58.41233,59.03389,54.56189,56.40035,54.6443,53.60037,52.43091,46.52956,47.85394,46.51881,44.29447,43.38202,38.27532,36.13862,36.13862,36.87818,32.75668,27.01851,28.07134,26.4764,25.0,19.92486,16.15549,14.14214,13.34166,15.0,7.2111,5.09902,8.06226,8.24621,42.95346,41.48494,49.39636,49.1935,49.24429,49.09175,49.20366,50.0,51.61395,49.57822,53.2635,53.07542,54.48853,53.07542,52.3259,53.07542,55.31727,54.03702,54.56189,51.73973,51.62364,53.75872,52.49762,53.03772,48.08326,48.82622,53.07542,52.80152,50.60632,46.61545,53.00943,48.02083,53.85165,55.4617,49.1935,50.9902,54.08327,53.48832,50.69517,54.40588,51.41984,53.36666,55.9017,59.03389,57.31492,59.00847,60.07495,58.07753,60.03332,59.00847,62.03225,62.16912,60.01666,64.28841,64.7611,59.48109,70.88018
12.64911,12.36932,12.64911,12.36932,12.36932,12.16553,12.16553,12.16553,11.18034,12.16553,12.16553,12.16553,12.16553,12.16553,11.04536,12.04159,12.04159,11.04536,11.0,11.0,11.0,11.0,10.04988,11.0,11.04536,11.04536,10.04988,9.05539,10.19804,9.21954,9.21954,9.21954,8.24621,7.28011,7.61577,6.7082,6.7082,6.7082,5.83095,5.83095,5.0,4.24264,4.24264,4.24264,4.24264,3.60555,3.16228,2.82843,2.23607,2.0,2.0,2.0,68.44706,64.88451,63.69458,62.62587,60.16644,66.09841,64.84597,71.16881,64.32729,64.53681,65.52099,65.11528,61.98387,66.48308,62.80127,65.62012,62.20129,61.07373,61.0,61.13101,57.14018,59.03389,62.00806,59.03389,56.00893,56.0,56.7186,59.00847,54.14795,57.07889,52.08647,51.15662,53.23533,50.63596,49.49747,49.0408,45.70558,43.73786,42.2019,40.16217,36.05551,38.01316,36.67424,31.62278,30.01666,29.06888,23.60085,24.04163,18.60108,21.63331,15.65248,10.81665,11.6619,10.04988,13.15295,4.47214,9.21954,39.0,45.18849,46.84015,50.21952,49.81967,48.27007,44.40721,50.03998,53.03772,45.04442,52.23983,50.03998,51.0098,52.15362,53.60037,50.35871,52.03845,49.09175,49.25444,48.16638,53.00943,53.23533,43.04649,54.0,56.0357,47.04253,46.0,52.03845,46.69047,48.37355,45.70558,51.92302,50.01,45.88028,53.75872,54.70832,48.46648,50.08992,50.9902,53.60037,54.20332,50.0,54.03702,58.13777,53.03772,55.44367,53.03772,56.72742,60.44005,58.89822,58.79626,61.61169,59.66574,65.19202,62.64982,65.29931,59.94164
12.80625,12.80625,13.0384,13.60147,12.20656,12.20656,11.6619,12.52996,12.52996,12.52996,12.52996,12.08305,12.08305,12.08305,12.08305,11.18034,12.08305,12.08305,11.7047,11.7047,12.08305,10.77033,10.77033,11.7047,10.77033,10.77033,11.18034,10.29563,10.29563,9.43398,9.43398,9.43398,8.60233,8.60233,7.81025,7.81025,7.07107,7.07107,7.07107,5.65685,5.83095,4.47214,4.47214,4.12311,4.12311,3.16228,3.16228,3.16228,3.0,2.0,2.0,1.0,67.35726,70.03571,61.6198,67.00746,73.00685,68.24954,67.00746,66.03787,64.07027,66.28725,68.26419,63.81222,64.07027,67.23095,65.29931,62.6099,64.40497,63.07139,63.50591,63.15853,64.4748,60.82763,66.7308,59.09315,58.5235,63.07139,56.79789,62.62587,54.626,58.87274,55.03635,56.35601,55.00909,49.73932,48.54894,47.50789,47.43416,47.80167,43.60046,40.31129,38.94868,35.38361,33.94113,30.80584,26.1725,27.65863,25.94224,19.64688,23.4094,20.22375,20.22375,13.0,13.0,11.7047,10.04988,7.0,4.47214,40.80441,47.53946,46.69047,52.03845,48.09366,49.0408,49.0,50.15974,52.95281,50.63596,55.10898,50.80354,48.08326,53.45091,51.86521,52.55473,52.81098,52.81098,49.33559,54.42426,55.08176,57.28001,50.69517,52.49762,50.01,48.50773,49.81967,50.24938,50.80354,47.09565,50.48762,52.03845,53.00943,51.0392,54.03702,49.0102,51.62364,53.60037,51.66237,55.54278,54.81788,60.72891,54.70832,61.32699,55.15433,61.26989,58.13777,59.94164,58.5235,63.51378,59.07622,61.58734,60.46487,62.482,61.22091,62.28965,67.47592
12.08305,13.0,13.0,13.0,13.0,11.40175,11.7047,11.40175,12.36932,12.36932,12.36932,11.40175,12.16553,11.18034,11.18034,11.18034,12.16553,11.04536,11.04536,11.04536,11.04536,11.04536,11.04536,11.04536,11.04536,10.19804,10.19804,10.04988,9.21954,9.21954,9.21954,9.21954,8.24621,8.24621,7.61577,7.61577,6.7082,7.2111,5.83095,6.40312,5.65685,5.0,4.24264,4.24264,3.60555,3.60555,2.82843,3.16228,2.23607,2.23607,2.0,1.0,68.26419,69.35416,64.40497,69.77105,66.64083,65.79514,65.39113,63.69458,67.77905,64.28841,65.45991,66.21933,63.60031,66.21933,65.25335,62.96825,65.73431,63.56099,61.0,62.16912,65.37584,66.09841,60.20797,58.21512,55.3263,62.514,58.46366,57.87055,61.18823,54.74486,59.84146,53.46027,52.17279,52.88667,47.07441,47.75982,47.53946,44.92215,42.15448,41.14608,41.14608,36.61967,35.51056,33.42155,25.6125,29.0,26.1725,25.0,19.20937,14.42221,19.23538,15.65248,10.29563,11.0,12.16553,6.7082,11.18034,42.54409,44.01136,45.88028,46.32494,47.53946,46.57252,46.38965,52.15362,52.46904,52.03845,50.0,52.03845,52.08647,54.23099,54.03702,49.49747,55.22681,53.33854,54.08327,49.09175,50.01,50.01,47.16991,49.09175,48.25971,49.0408,46.01087,49.0102,50.48762,54.08327,52.61179,51.62364,48.05206,53.45091,52.81098,51.62364,50.69517,53.14132,52.3259,55.9464,56.0803,55.22681,53.85165,58.83026,58.60034,54.45181,60.1415,57.38467,62.24147,53.8145,55.9017,63.70243,60.959,59.03389,64.81512,65.36819,62.43397
13.0384,12.20656,12.80625,12.20656,12.20656,12.20656,12.04159,12.04159,12.04159,12.04159,12.04159,11.31371,11.31371,11.31371,12.04159,12.04159,12.04159,12.04159,11.40175,11.40175,11.40175,10.63015,10.63015,10.63015,10.63015,10.63015,9.89949,9.89949,9.89949,9.89949,9.21954,9.21954,8.48528,7.81025,8.06226,8.06226,6.7082,6.7082,6.7082,5.83095,5.38516,5.09902,5.09902,4.12311,4.12311,3.0,4.0,3.0,2.0,2.0,2.0,1.0,68.44706,62.64982,68.47627,66.7308,66.37017,63.51378,67.1193,65.45991,62.80127,62.20129,68.00735,66.06815,66.21933,61.07373,62.482,65.94695,65.79514,63.65532,61.07373,59.4138,62.96825,62.93648,58.25805,61.7171,57.31492,56.85068,58.79626,56.0803,57.28001,62.24147,60.1415,51.62364,50.44799,50.20956,51.73973,50.24938,47.80167,48.41487,40.81666,42.72002,39.11521,36.67424,35.1141,34.0147,33.61547,29.15476,25.17936,22.80351,18.24829,18.11077,16.03122,17.11724,13.0384,12.64911,7.28011,7.07107,11.40175,37.01351,43.18565,45.89118,45.88028,43.65776,44.77723,50.08992,47.85394,47.88528,49.1935,50.21952,50.21952,50.47772,52.43091,50.32892,52.49762,50.44799,50.0,47.50789,51.22499,49.67897,50.47772,50.60632,43.82921,51.0392,46.04346,50.60632,49.64877,48.75449,47.53946,50.15974,50.15974,53.85165,46.8188,49.0408,52.39275,53.15073,50.48762,50.9902,56.0803,56.00893,54.00926,59.00847,59.13544,55.22681,63.1981,60.29925,59.84146,59.90826,56.08921,62.16912,61.40033,62.93648,61.03278,66.48308,65.9242,67.23095
11.18034,11.04536,11.18034,11.18034,10.44031,11.18034,11.40175,10.44031,10.44031,10.44031,10.44031,10.44031,10.44031,9.84886,9.84886,10.77033,9.84886,10.77033,10.29563,9.84886,9.84886,10.29563,9.84886,9.84886,8.94427,8.94427,8.544,8.544,8.544,8.24621,8.24621,7.28011,7.28011,7.07107,7.07107,7.0,7.0,6.0,5.0,5.09902,4.12311,4.12311,4.12311,3.60555,3.60555,2.82843,2.82843,2.23607,2.82843,2.23607,2.0,2.0,64.32729,64.13267,68.15424,68.15424,64.56005,62.64184,64.19502,64.51356,60.74537,68.15424,65.79514,60.53924,63.07139,59.9333,56.36488,59.94164,61.7171,64.14047,58.59181,60.20797,62.43397,57.42822,61.29437,56.85948,56.4358,55.21775,58.83026,59.07622,58.82176,59.68249,52.15362,54.20332,48.02083,54.12024,50.9902,51.07837,44.38468,47.75982,43.17407,39.29377,43.17407,36.34556,37.64306,28.44293,32.0,28.01785,28.07134,25.07987,23.34524,18.68154,16.76305,15.65248,13.0,11.40175,11.6619,12.04159,7.81025,41.97618,44.14748,43.65776,48.75449,48.76474,47.16991,50.60632,49.20366,50.0,48.9183,52.49762,52.40229,53.75872,50.20956,49.67897,53.8145,50.24938,50.24938,53.15073,52.63079,47.80167,49.51767,50.93133,48.79549,53.03772,49.20366,50.32892,55.60576,45.48626,49.92995,48.82622,55.56978,54.91812,50.77401,53.33854,55.9017,53.31041,57.00877,53.14132,56.61272,58.5235,56.29387,60.41523,57.31492,57.87055,63.78871,61.18823,60.40695,64.28063,60.13319,67.02984,63.07139,66.1211,63.3877,66.48308,62.1289,65.62012
12.04159,12.04159,12.80625,13.45362,11.40175,12.80625,12.20656,12.20656,12.20656,12.20656,12.20656,11.6619,12.52996,11.6619,11.6619,11.6619,12.52996,11.6619,12.52996,11.6619,11.6619,10.81665,10.81665,11.6619,11.6619,11.6619,10.81665,10.0,11.40175,9.21954,9.89949,9.21954,9.89949,8.48528,8.60233,7.81025,7.81025,7.2111,7.2111,6.7082,5.38516,5.38516,5.38516,4.12311,5.09902,4.12311,3.0,3.0,3.0,3.0,2.0,2.0,70.0928,63.60031,68.593,70.72482,63.65532,67.94115,66.21933,66.48308,64.3506,61.6198,65.94695,66.61081,64.53681,64.03124,60.21628,61.40033,62.62587,59.64059,62.1289,62.1289,64.49806,63.82006,64.88451,59.68249,60.74537,61.05735,59.90826,58.83026,58.24946,60.46487,58.82176,52.00961,51.86521,53.53504,48.41487,51.73973,49.0408,48.16638,43.13931,42.44997,42.43819,37.21559,34.66987,32.20248,30.8707,32.64966,29.73214,27.89265,23.5372,19.23538,18.11077,19.41649,13.15295,16.03122,13.34166,9.05539,8.06226,41.67733,46.23851,43.01163,48.27007,46.87217,50.01,45.0,49.0102,49.0408,50.24938,53.46027,54.12947,50.01,50.63596,53.36666,50.01,51.41984,53.16014,52.17279,48.27007,49.72927,51.92302,47.43416,51.92302,51.1957,50.21952,50.80354,54.45181,52.61179,54.0,49.16299,52.08647,53.0,50.01,53.23533,53.15073,54.23099,53.33854,52.95281,53.60037,56.75385,50.69517,60.87693,59.80803,57.56735,61.98387,59.09315,59.48109,59.5063,62.16912,63.07139,62.6099,62.17717,63.28507,62.68174,68.24222,65.43699
12.16553,12.36932,11.40175,12.36932,11.40175,11.40175,11.7047,11.7047,11.7047,12.08305,11.7047,11.18034,10.77033,11.18034,11.18034,11.18034,11.6619,11.18034,11.6619,11.18034,11.18034,11.18034,11.18034,11.18034,10.77033,11.18034,10.77033,9.48683,10.77033,9.48683,9.21954,9.21954,9.21954,8.24621,8.06226,8.06226,7.0,7.0,7.07107,6.08276,6.08276,6.08276,5.09902,5.38516,4.12311,4.12311,4.47214,2.23607,3.60555,2.82843,2.82843,2.23607,67.18631,66.1211,69.02898,63.78871,66.75328,61.0,65.51336,62.96825,62.36986,60.16644,65.96969,60.72891,60.16644,57.58472,59.13544,60.53924,62.96825,59.94164,63.56886,60.41523,62.16912,54.58938,58.59181,66.64083,57.77543,57.93962,58.18075,52.7731,59.94164,58.60034,57.69749,59.05929,55.00909,49.24429,47.92703,49.0408,52.20153,46.52956,46.09772,44.38468,40.5216,36.05551,36.05551,33.06055,38.0526,28.01785,28.07134,24.33105,26.4764,19.64688,19.64688,21.9545,18.35756,15.0,13.60147,7.81025,10.0,41.59327,42.94182,44.41846,48.01042,49.40648,49.81967,45.27693,47.38143,47.63402,48.9183,50.60632,48.41487,52.69725,51.0392,52.15362,44.10215,52.15362,48.01042,54.08327,45.65085,49.39636,55.07268,50.77401,52.43091,53.60037,49.67897,51.66237,53.03772,46.69047,54.45181,47.38143,55.9017,53.8145,53.41348,56.85948,57.80138,48.76474,53.0,53.33854,53.7122,59.9333,55.4617,55.54278,60.00833,58.18935,59.46427,57.58472,57.70615,65.25335,57.27128,61.61169,59.3043,64.38167,57.42822,68.06614,68.02941,64.00781
11.18034,11.6619,11.6619,11.6619,11.6619,10.81665,10.81665,11.40175,11.40175,11.40175,11.40175,10.63015,10.63015,10.63015,10.63015,10.63015,11.31371,11.31371,10.63015,10.63015,9.89949,10.63015,10.63015,10.63015,10.63015,10.63015,9.89949,9.89949,10.0,9.21954,8.60233,8.60233,8.60233,8.06226,8.06226,7.2111,6.7082,6.32456,6.32456,5.38516,5.38516,4.12311,4.12311,4.12311,3.0,3.0,2.0,2.0,2.23607,2.0,1.0,1.0,62.6099,66.21178,64.84597,65.29931,67.1193,59.5399,62.64982,60.90156,64.14047,61.05735,61.61169,61.84658,61.03278,60.30755,60.87693,60.959,60.20797,60.20797,55.15433,62.28965,63.78087,59.46427,55.22681,57.98276,58.69412,58.0,59.46427,57.31492,59.4138,53.90733,57.98276,60.81118,56.56854,53.15073,53.2635,48.16638,49.20366,48.25971,43.909,42.54409,41.59327,40.31129,37.94733,33.24154,29.61419,29.15476,29.83287,26.92582,20.02498,21.0238,17.02939,19.0,15.29706,12.36932,8.24621,10.29563,6.7082,41.19466,41.01219,42.19005,43.17407,48.76474,45.22168,45.54119,50.69517,52.39275,52.39275,47.41308,51.31277,54.08327,53.33854,55.47071,49.64877,54.91812,53.2635,52.63079,52.43091,51.61395,51.40039,55.21775,53.25411,51.86521,49.1935,50.08992,47.85394,53.22593,51.89412,49.24429,54.23099,51.86521,49.64877,55.36244,49.47727,53.93515,52.95281,52.17279,56.4358,51.62364,56.14268,57.03508,59.00847,53.23533,53.03772,54.03702,58.30952,60.13319,60.53098,54.45181,59.68249,56.7186,58.46366,65.80274,62.36185,64.03124
12.20656,12.20656,13.0384,11.6619,12.52996,11.6619,11.18034,11.6619,12.08305,12.08305,12.08305,12.08305,11.7047,11.7047,11.7047,11.40175,11.40175,11.40175,11.40175,11.40175,11.40175,11.40175,11.40175,11.40175,11.40175,10.44031,10.44031,10.44031,10.44031,10.44031,10.77033,9.84886,9.84886,8.94427,8.06226,8.06226,7.2111,7.2111,7.2111,6.40312,6.40312,5.65685,5.65685,5.0,4.24264,3.60555,3.60555,3.60555,3.60555,3.16228,2.23607,2.23607,65.36819,69.857,72.44998,67.23095,65.0,62.29767,62.93648,65.52099,61.13101,63.60031,62.36185,61.52235,63.63961,63.34824,61.52235,62.80127,65.37584,61.20457,60.20797,64.49806,66.06815,63.3877,59.0,62.00806,61.03278,60.00833,60.00833,62.00806,56.0803,63.3877,55.03635,60.40695,53.23533,55.14526,55.7315,56.56854,45.89118,46.52956,50.69517,45.88028,39.56008,39.92493,42.05948,37.12142,35.8469,28.6531,28.42534,25.80698,21.26029,23.34524,19.84943,17.69181,17.0,15.26434,11.6619,11.7047,10.0,42.44997,44.04543,44.20407,43.82921,46.09772,51.62364,45.31004,46.17359,53.16014,49.0306,52.61179,53.33854,48.05206,54.33231,51.62364,51.24451,49.49747,53.23533,51.47815,52.15362,52.15362,53.23533,53.33854,53.46027,44.72136,48.37355,49.0306,52.17279,52.88667,50.0,47.29693,53.85165,52.92447,54.40588,55.03635,45.54119,42.72002,51.0,53.66563,51.61395,55.44367,53.2635,64.03124,58.79626,59.66574,67.20863,60.81118,58.0517,60.81118,53.75872,55.97321,59.40539,61.03278,58.82176,61.85467,63.95311,64.49806
11.04536,12.04159,11.18034,12.04159,11.18034,11.18034,11.18034,11.18034,11.18034,10.44031,10.44031,10.44031,10.77033,10.44031,9.84886,10.77033,10.77033,10.77033,10.77033,9.84886,10.77033,10.77033,9.84886,9.84886,9.84886,9.84886,10.44031,9.48683,9.48683,9.21954,8.24621,8.06226,8.06226,8.06226,8.0,7.0,7.0,7.0,6.0,6.0,5.38516,5.38516,4.12311,4.47214,3.16228,3.60555,3.60555,2.82843,2.82843,2.23607,2.23607,2.23607,64.38167,62.514,69.46222,68.73136,71.34424,67.18631,67.00746,67.26812,69.26038,67.00746,63.03174,65.12296,67.06713,61.03278,65.06919,64.62971,67.02984,66.37017,64.49806,62.96825,65.51336,56.08921,63.56099,59.43904,59.66574,64.77654,58.46366,58.85576,58.24946,60.20797,61.81424,64.28063,53.15073,51.15662,54.08327,51.0392,48.01042,50.01,49.0,47.04253,40.79216,40.79216,37.64306,37.10795,36.40055,34.53983,29.52965,29.15476,23.85372,23.60085,21.0238,19.84943,15.6205,11.6619,14.14214,14.21267,11.18034,41.18252,38.94868,42.72002,45.45327,45.96738,45.96738,44.55334,43.82921,46.40043,48.25971,47.16991,47.88528,49.39636,50.08992,51.47815,48.33218,52.3259,42.48529,50.56679,41.18252,45.65085,49.73932,48.8774,44.77723,48.8774,50.77401,47.01064,49.92995,45.48626,48.82622,51.08816,50.60632,48.08326,49.57822,49.49747,55.9017,49.67897,51.22499,54.03702,53.90733,52.43091,56.85948,56.4358,58.18075,57.80138,55.9017,57.77543,62.76942,61.46544,61.13101,63.89053,61.26989,66.7308,59.13544,62.58594,67.68309,65.11528
13.15295,13.15295,13.15295,12.16553,12.04159,13.15295,13.0384,12.04159,12.04159,12.0,12.0,12.0,12.0,12.0,12.0,12.0,12.04159,12.04159,11.04536,11.04536,12.04159,11.04536,12.04159,11.04536,11.04536,11.04536,11.0,11.0,10.0,10.04988,9.05539,10.04988,9.05539,9.05539,9.21954,8.24621,7.28011,7.28011,6.32456,6.7082,6.32456,5.83095,4.47214,5.0,5.0,3.60555,3.60555,3.60555,2.82843,2.82843,2.82843,2.23607,69.07966,67.35726,66.7308,67.72001,70.21396,70.34202,67.44627,69.857,63.32456,65.96969,68.24954,65.11528,65.9242,61.18823,62.96825,67.47592,66.18912,63.3877,64.38167,61.07373,67.1193,62.07254,64.03124,58.00862,59.21149,60.03332,60.07495,61.13101,61.20457,61.0082,56.00893,59.3043,55.08176,55.44367,55.44367,51.97115,46.84015,51.41984,50.0,43.68066,43.08132,44.59821,37.58989,38.01316,33.01515,33.61547,29.83287,28.42534,23.43075,23.43075,24.08319,22.67157,18.60108,17.88854,14.86607,12.16553,8.06226,34.48188,35.60899,36.23534,42.44997,41.23106,41.04875,41.59327,42.19005,42.48529,39.81206,47.53946,42.04759,45.88028,44.27189,45.35416,42.44997,47.43416,43.68066,43.41659,44.14748,41.48494,38.62642,41.48494,44.01136,41.76123,42.04759,43.46263,46.51881,46.95743,48.76474,43.82921,47.70744,49.24429,41.88078,50.77401,60.87693,50.32892,46.2277,55.17246,50.91169,54.45181,52.49762,51.40039,49.81967,52.80152,53.0,57.14018,59.07622,56.30275,56.93856,56.35601,58.13777,63.97656,64.84597,62.39391,66.85058,65.19202
12.36932,12.36932,11.40175,11.7047,10.77033,11.40175,10.77033,10.77033,11.18034,10.77033,10.77033,11.18034,10.29563,11.18034,10.29563,10.81665,10.81665,10.29563,10.0,10.81665,10.0,10.0,10.81665,10.0,10.0,10.29563,10.81665,9.43398,9.43398,8.94427,8.94427,8.94427,7.61577,7.61577,7.61577,7.28011,7.28011,6.08276,6.08276,5.09902,5.0,5.0,4.0,4.0,4.12311,3.16228,3.16228,3.16228,3.16228,2.23607,2.82843,2.23607,69.02898,69.02898,71.02816,65.12296,65.12296,72.0,68.593,68.46897,65.27634,69.58448,68.46897,67.60178,65.76473,65.30697,64.93843,69.857,65.25335,59.77458,63.60031,61.35145,66.09841,58.87274,63.95311,61.98387,61.09828,60.40695,57.87055,60.72891,59.20304,63.90618,61.03278,63.32456,56.7186,60.63827,53.60037,50.01,48.05206,50.63596,50.48762,45.17743,46.27094,45.01111,43.01163,36.12478,32.24903,33.54102,34.36568,33.13608,30.36445,28.16026,25.63201,19.72308,20.0,20.24846,14.21267,15.26434,12.72792,35.77709,37.57659,38.07887,38.41875,41.23106,39.82462,41.01219,39.69887,46.40043,37.80212,43.13931,42.63801,43.27817,43.82921,45.80393,42.43819,46.8615,41.40048,43.41659,41.88078,45.48626,42.72002,44.20407,43.41659,44.68781,47.50789,48.79549,51.85557,48.10405,48.83646,43.60046,43.60046,48.54894,53.25411,51.08816,50.21952,49.1935,50.9902,51.47815,55.15433,54.12947,58.5235,57.58472,58.5235,59.77458,62.39391,57.27128,58.46366,63.34824,56.7186,61.52235,63.63961,72.00694,63.3877,67.26812,69.18092,65.49046
11.7047,11.40175,11.40175,10.44031,10.44031,11.40175,10.19804,10.19804,10.19804,10.19804,10.19804,11.04536,10.04988,10.04988,10.04988,10.04988,10.04988,10.04988,10.0,10.0,10.04988,10.04988,10.04988,10.04988,9.05539,10.04988,9.05539,9.05539,9.21954,8.24621,8.24621,8.24621,8.24621,7.61577,7.61577,7.61577,6.7082,5.83095,5.83095,5.83095,5.0,5.0,5.0,5.0,4.24264,3.60555,3.60555,3.16228,3.16228,3.16228,3.0,2.0,71.56815,72.03471,69.63476,72.00694,68.88396,68.88396,68.593,68.88396,65.76473,68.06614,70.17834,68.06614,65.06919,66.48308,66.27217,69.02898,69.11584,62.0,66.0303,60.29925,65.03076,63.63961,61.66036,62.28965,62.07254,58.13777,61.40033,59.3043,61.0,61.40033,62.0,60.53098,56.0,57.03508,57.0,49.0102,52.03845,50.08992,49.36598,45.39824,47.26521,43.08132,40.80441,40.16217,35.34119,33.24154,32.75668,30.41381,23.60085,24.69818,21.09502,20.61553,20.0,17.69181,15.26434,13.0,11.18034,33.42155,22.02272,45.61798,42.0119,54.42426,26.83282,64.13267,57.97413,59.5483,52.39275,15.26434,49.24429,67.1193,106.738,54.08327,42.42641,65.0,30.41381,39.29377,29.06888,67.46851,48.8467,34.1321,53.15073,55.15433,36.12478,32.55764,62.1289,46.14109,79.70571,22.47221,44.04543,47.01064,59.46427,68.96376,33.97058,71.58911,39.29377,51.97115,54.48853,55.17246,55.07268,56.0803,55.60576,61.29437,50.11986,57.68882,57.24509,59.94164,60.83584,59.80803,62.39391,63.69458,64.84597,64.84597,67.72001,65.45991
13.0384,13.0384,13.89244,13.0384,13.0384,12.52996,12.52996,12.08305,12.08305,12.52996,12.08305,12.08305,12.08305,12.08305,11.7047,12.36932,11.40175,11.7047,12.36932,11.40175,11.40175,12.36932,11.40175,11.40175,10.44031,11.40175,11.40175,10.44031,10.77033,10.77033,9.84886,9.84886,8.94427,8.94427,8.94427,8.06226,7.2111,7.2111,7.2111,6.40312,5.65685,5.65685,5.65685,5.0,3.60555,3.60555,3.16228,3.16228,3.16228,2.0,2.0,2.0,71.84706,71.21798,78.03204,70.49113,69.2026,69.97142,76.53757,74.33034,69.83552,63.63175,72.00694,68.44706,69.07966,66.21178,68.44706,62.64982,69.64194,63.90618,61.40033,64.03124,66.09841,62.62587,63.06346,66.70832,65.52099,66.21933,64.19502,64.28841,64.56005,61.68468,58.94065,58.24088,65.0,53.75872,54.23099,54.626,53.31041,52.55473,49.24429,51.97115,47.41308,43.909,43.26662,35.80503,35.80503,29.83287,29.73214,31.1127,28.01785,25.94224,25.6125,24.16609,21.47091,17.88854,17.46425,14.86607,11.40175,34.48188,33.24154,33.52611,37.65634,38.63936,40.11234,38.20995,37.0,39.01282,38.11824,41.30375,38.32754,44.04543,38.11824,40.60788,37.05401,41.97618,42.29657,37.33631,44.04543,41.01219,42.04759,42.04759,40.0,43.01163,38.20995,41.01219,41.4367,40.4475,44.72136,47.67599,44.91102,46.84015,50.92151,49.39636,45.54119,49.64877,50.69517,54.12947,51.47815,54.70832,54.12024,53.82379,56.40035,54.08327,54.45181,61.55485,60.81118,70.0928,65.11528,65.79514,62.96825,65.76473,65.19202,66.6033,74.41102,70.21396
13.89244,12.52996,13.41641,12.52996,12.08305,12.52996,13.41641,13.0,12.08305,11.7047,12.08305,11.7047,11.7047,11.7047,11.40175,12.36932,11.40175,11.40175,11.40175,11.40175,11.40175,11.40175,11.40175,11.40175,11.40175,11.40175,10.44031,10.44031,9.48683,10.44031,9.48683,9.48683,9.84886,8.94427,8.94427,8.06226,7.2111,7.2111,7.2111,6.40312,6.40312,5.65685,5.65685,5.0,5.0,4.47214,4.47214,3.16228,3.16228,3.16228,3.0,3.0,78.29432,74.84651,76.48529,77.62087,76.89603,69.64194,73.73602,68.44706,69.92138,73.05477,68.94926,72.8011,70.88018,67.46851,62.36986,74.8131,67.47592,63.3877,67.36468,70.5762,73.43705,71.11259,65.12296,65.37584,67.18631,63.28507,67.26812,64.07027,59.21149,65.12296,65.06919,64.03124,57.55867,61.0,62.39391,57.70615,58.69412,48.83646,51.1957,52.63079,49.0408,44.14748,42.04759,36.23534,34.88553,36.23534,32.24903,31.90611,27.45906,27.80288,25.80698,22.02272,16.97056,16.97056,16.64332,17.20465,13.0,33.01515,34.88553,32.89377,36.76955,38.27532,35.12834,36.49658,36.34556,36.22154,37.21559,36.05551,37.12142,38.01316,42.0119,41.01219,37.05401,37.21559,38.32754,38.0,38.11824,40.0,43.41659,38.32754,38.83298,39.20459,42.72002,45.89118,41.23106,44.94441,40.16217,45.69464,43.82921,48.46648,47.01064,53.7122,51.31277,49.64877,54.91812,55.0,53.60037,53.41348,58.72819,55.15433,60.87693,55.86591,60.60528,58.89822,66.4003,56.0803,66.06815,63.78087,62.43397,66.57327,68.0,68.47627,69.35416,72.71864
13.89244,13.89244,13.89244,13.89244,13.41641,13.0384,13.60147,12.80625,13.0384,12.20656,12.80625,12.80625,12.20656,11.40175,12.04159,12.04159,12.72792,12.72792,12.04159,12.72792,12.72792,12.04159,12.04159,12.04159,11.31371,11.31371,11.31371,11.31371,10.63015,10.63015,10.63015,10.0,9.21954,8.60233,8.60233,8.60233,8.06226,8.06226,6.7082,6.7082,5.83095,5.38516,5.38516,5.38516,4.12311,4.12311,4.12311,3.16228,3.0,2.0,2.23607,1.0,71.70077,78.08969,79.42921,72.78049,77.49194,75.69016,71.06335,74.2159,77.88453,68.94926,70.93659,68.70953,71.58911,73.73602,68.54196,71.58911,70.26379,68.0,70.66116,66.88797,65.0,66.03787,68.09552,65.0,62.1289,67.1193,66.88797,68.26419,66.7308,60.74537,61.58734,58.30952,63.13478,54.70832,55.56978,57.77543,56.85948,52.0,52.0,53.85165,49.98,41.76123,41.48494,38.07887,35.90265,35.44009,27.45906,31.01612,26.07681,25.0,26.1725,21.37756,22.36068,16.12452,17.46425,16.15549,12.04159,30.23243,30.52868,32.64966,33.01515,32.55764,33.42155,35.80503,32.20248,33.83785,31.06445,33.28663,33.12099,34.66987,36.35932,35.22783,32.24903,41.40048,33.42155,35.80503,36.23534,40.0,37.20215,38.28838,40.36087,40.31129,42.63801,41.01219,42.44997,40.49691,45.48626,43.41659,44.41846,46.64762,48.75449,49.09175,46.61545,48.33218,47.43416,50.11986,48.76474,51.41984,55.10898,55.54278,58.0517,55.7315,53.03772,57.03508,61.0,62.514,63.12686,63.0,63.00794,64.0,64.38167,70.45566,69.46222,76.1643
12.80625,12.20656,12.20656,12.80625,12.20656,12.20656,12.20656,11.6619,11.6619,12.52996,11.6619,11.18034,12.08305,12.08305,11.18034,11.7047,10.77033,11.7047,10.44031,10.77033,10.77033,10.77033,10.77033,10.77033,10.77033,10.77033,9.84886,9.84886,9.84886,9.84886,8.94427,8.94427,8.94427,8.60233,8.60233,7.2111,7.07107,6.40312,6.40312,5.65685,5.65685,5.0,5.0,4.47214,4.47214,3.16228,3.16228,3.16228,3.16228,2.0,2.0,2.0,80.45496,79.07591,74.62573,76.6094,77.69813,72.67049,74.24958,73.78347,70.83078,69.83552,69.31811,70.26379,71.19691,71.17584,68.54196,67.23095,72.23573,67.35726,73.68175,62.29767,70.83784,64.51356,66.76077,66.76077,66.09841,67.44627,65.52099,66.40783,67.44627,61.68468,62.62587,64.84597,59.46427,61.46544,57.58472,57.77543,55.54278,49.0408,48.46648,49.24429,46.14109,44.41846,42.2019,41.7732,37.80212,33.42155,33.24154,33.94113,29.69848,29.73214,26.41969,21.47091,21.9545,17.08801,17.46425,14.03567,12.0,30.08322,33.24154,29.83287,31.7805,34.36568,34.05877,35.01428,34.0147,37.01351,35.22783,40.04997,35.12834,34.0,36.22154,35.0571,35.0571,34.36568,33.73426,32.0,39.11521,38.32754,39.01282,38.11824,37.05401,39.81206,40.4475,41.01219,40.60788,44.91102,45.88028,43.41659,49.64877,50.15974,55.00909,46.51881,50.15974,51.86521,47.88528,51.10773,53.0,52.47857,55.75841,57.2014,57.38467,56.40035,63.25346,62.00806,62.24147,69.31089,62.93648,71.42129,66.6033,73.0,63.03174,73.40981,74.20243,76.844
14.56022,14.56022,13.60147,14.56022,13.92839,13.60147,13.92839,13.0,13.92839,13.41641,13.0,13.41641,13.41641,13.41641,13.41641,12.52996,13.41641,12.52996,13.0384,12.52996,12.52996,12.52996,12.52996,13.0384,12.52996,12.52996,12.08305,11.18034,12.08305,11.7047,10.77033,10.77033,10.44031,9.48683,10.19804,9.21954,9.21954,8.06226,8.06226,7.07107,7.0,6.0,6.0,6.0,5.0,5.09902,4.12311,4.12311,3.16228,3.16228,3.16228,2.23607,76.02631,79.1012,75.00667,80.05623,79.02531,80.025,75.02666,71.06335,73.10951,72.24957,76.1643,74.67262,78.44743,70.40597,71.84706,70.61161,72.36712,70.40597,66.70832,71.02112,68.41053,67.18631,62.96825,62.58594,67.05222,70.61161,67.72001,66.48308,60.74537,69.37579,67.46851,63.34824,63.63961,62.16912,60.07495,56.22277,52.34501,55.14526,54.45181,51.0098,51.0098,43.18565,45.39824,42.95346,36.01389,39.05125,33.24154,35.1141,30.67572,24.35159,28.01785,24.69818,22.47221,18.78829,16.27882,15.0,15.55635,28.63564,26.0,31.90611,29.69848,33.42155,33.30165,29.0,32.52691,36.40055,32.01562,32.80244,30.23243,29.73214,31.06445,31.40064,33.12099,30.80584,34.20526,32.55764,27.58623,29.06888,36.23534,31.82766,35.38361,39.59798,38.28838,38.83298,43.93177,39.05125,39.66106,48.01042,40.70626,41.04875,44.29447,56.0803,51.10773,52.0,50.56679,46.23851,54.12947,50.92151,54.08327,58.18935,62.16912,55.7853,64.49806,58.46366,65.11528,63.63961,65.76473,63.1981,66.18912,69.18092,69.06519,73.10951,72.11103,73.0
14.31782,14.31782,14.31782,15.23155,13.92839,13.92839,13.92839,13.60147,13.92839,13.60147,13.60147,13.60147,13.60147,13.34166,13.34166,13.15295,13.34166,13.15295,13.15295,13.15295,13.15295,13.15295,12.16553,13.15295,13.15295,12.16553,12.16553,12.36932,12.36932,11.40175,11.40175,10.77033,10.44031,9.48683,9.84886,8.94427,8.94427,8.06226,8.06226,7.2111,7.2111,7.81025,6.40312,5.65685,5.65685,4.24264,5.0,5.0,3.60555,3.60555,3.60555,3.16228,76.15773,80.1561,80.13114,76.94154,77.17513,71.69379,75.591,74.24284,73.34848,73.82412,70.00714,68.42514,72.44998,72.11103,68.15424,70.38466,74.0,72.12489,64.03124,67.26812,73.00685,67.72001,64.28841,69.64194,70.5195,67.26812,67.35726,69.857,66.48308,67.18631,64.51356,67.6757,59.77458,59.48109,59.77458,60.83584,56.85948,55.71355,58.18075,50.9902,49.40648,46.87217,47.70744,41.18252,39.05125,38.94868,34.20526,31.82766,29.41088,28.6007,26.92582,22.02272,19.84943,20.24846,20.24846,12.04159,9.48683,23.25941,30.08322,30.67572,30.67572,32.75668,30.14963,30.01666,30.01666,30.26549,34.1321,31.01612,30.59412,29.15476,29.01724,30.14963,29.27456,30.06659,31.0,29.06888,30.06659,32.01562,32.14032,31.57531,37.65634,37.0,36.87818,33.52611,39.81206,40.24922,43.38202,39.0,43.86342,46.61545,42.94182,49.1935,43.38202,44.41846,45.79301,50.0,50.60632,50.44799,51.85557,58.79626,54.03702,54.56189,58.41233,58.0517,60.10824,60.80296,64.66065,65.60488,63.25346,68.00735,66.21933,70.21396,69.33974,75.71658
14.14214,13.34166,14.31782,14.31782,14.31782,13.34166,13.60147,13.60147,13.60147,13.92839,13.92839,13.92839,14.31782,13.0,13.0,13.92839,13.41641,13.41641,12.52996,12.52996,13.41641,13.41641,13.41641,12.52996,13.41641,12.08305,13.0,12.08305,12.64911,11.7047,11.7047,11.7047,10.44031,10.44031,10.19804,9.21954,9.21954,9.05539,8.06226,8.06226,7.07107,7.0,6.0,6.0,6.08276,5.09902,4.12311,4.12311,4.12311,3.16228,2.23607,2.23607,68.06614,77.64664,74.06079,72.33948,73.33485,70.11419,72.02777,70.02857,73.06162,68.02941,76.00658,71.00704,76.02631,73.06162,70.06426,70.5762,74.96666,70.21396,71.02112,69.2315,70.61161,69.42622,68.41053,67.74216,66.75328,72.03471,67.08204,63.60031,71.58911,70.40597,71.02112,65.76473,63.15061,63.50591,61.81424,62.07254,57.31492,56.00893,56.00893,52.0,46.04346,45.09989,43.18565,41.19466,43.73786,39.05125,35.44009,32.38827,27.51363,28.23119,25.05993,22.36068,21.09502,19.10497,15.6205,15.6205,12.20656,24.41311,24.69818,23.85372,26.0,29.73214,26.0,24.5153,28.16026,28.28427,23.08679,28.86174,26.01922,26.30589,27.07397,25.01999,26.30589,25.70992,27.51363,26.4764,26.68333,25.63201,29.15476,30.36445,26.92582,26.83282,30.52868,33.10589,36.23534,32.01562,33.42155,35.35534,34.82815,38.8973,39.20459,40.36087,42.44997,44.04543,45.22168,43.60046,46.61545,48.02083,48.01042,51.31277,55.4617,48.75449,60.20797,55.9464,61.13101,63.32456,74.63243,51.24451,59.90826,64.28841,62.36185,66.94027,64.53681,68.65858
14.14214,14.14214,14.31782,14.31782,14.31782,14.31782,14.56022,14.31782,14.56022,14.56022,14.56022,14.56022,13.92839,13.92839,13.92839,13.92839,14.31782,14.31782,13.41641,13.41641,14.31782,14.31782,13.0,13.41641,13.41641,13.92839,13.0,12.08305,13.0,13.0,11.7047,11.7047,11.40175,10.44031,10.19804,10.19804,9.05539,8.06226,8.06226,8.06226,7.0,7.0,7.0,6.0,6.0,5.09902,5.09902,4.12311,4.12311,3.16228,3.16228,3.16228,75.42546,79.07591,77.92946,75.43209,76.90254,72.78049,79.12016,75.0,76.24303,76.53757,79.12016,78.0,76.844,72.23573,73.53911,77.38863,78.39005,75.15318,72.89719,73.40981,78.03204,74.68601,72.56032,72.56032,69.46222,72.94518,75.66373,73.24616,70.72482,72.06941,67.97794,69.35416,70.68239,69.83552,65.79514,63.69458,64.62198,61.09828,56.61272,57.24509,55.08176,48.05206,48.05206,46.09772,42.42641,40.0125,36.01389,31.01612,32.01562,29.15476,28.16026,26.4764,22.2036,17.46425,20.59126,17.88854,13.41641,24.04163,24.41311,21.93171,26.83282,28.23119,28.86174,26.57066,25.29822,26.68333,24.33105,23.34524,25.31798,24.33105,25.4951,25.31798,27.45906,24.5153,25.96151,25.29822,25.0,22.47221,23.85372,27.45906,28.30194,28.42534,33.01515,32.55764,35.38361,34.82815,34.82815,34.4093,38.60052,41.04875,39.40812,41.18252,46.04346,43.82921,43.46263,45.69464,45.60702,45.22168,51.24451,53.60037,52.17279,57.48913,57.31492,56.08921,58.42089,57.70615,58.13777,56.22277,65.27634,66.0,60.03332,67.02984,67.06713,67.36468
14.56022,14.56022,14.56022,14.56022,14.31782,14.31782,14.31782,14.14214,14.31782,14.14214,15.13275,14.14214,14.03567,13.15295,14.03567,14.03567,15.0333,14.03567,14.0,14.0,13.0384,14.0,14.0,14.0,14.0,13.0384,13.0384,13.0384,13.0384,12.04159,11.18034,11.18034,11.18034,11.18034,10.44031,10.44031,9.48683,8.544,8.544,7.61577,7.61577,6.7082,6.7082,5.83095,5.83095,5.0,4.24264,3.60555,3.60555,2.82843,2.82843,2.23607,75.89466,71.47027,73.68175,74.0,74.95332,79.07591,71.30919,74.33034,70.40597,76.90254,74.8131,71.56815,74.96666,71.25307,74.24284,73.17103,76.41989,77.05842,73.06162,71.00704,74.10803,67.02984,71.02816,70.02857,70.0,72.00694,73.10951,72.11103,71.11259,73.00685,74.06079,74.0,62.0,70.00714,60.03332,63.12686,58.69412,56.7186,55.54278,54.74486,51.1957,50.92151,49.0408,44.38468,41.76123,39.21734,33.54102,31.38471,32.64966,30.0,26.1725,22.36068,21.93171,17.69181,18.60108,15.6205,9.48683,20.09975,21.09502,20.02498,26.0,22.02272,22.36068,22.36068,21.93171,26.40076,21.18962,22.47221,25.55386,22.82542,24.04163,19.92486,19.64688,21.84033,18.68154,23.02173,25.01999,23.02173,23.19483,23.0,24.18677,24.18677,27.89265,28.63564,30.36445,30.67572,35.1141,34.17601,34.0147,36.23534,33.61547,37.12142,42.72002,41.6173,42.72002,46.2277,41.72529,46.69047,46.8615,48.9183,50.24938,49.67897,45.96738,49.81967,55.22681,54.20332,49.40648,57.42822,59.48109,61.7171,59.09315,63.07139,68.54196,68.942
14.14214,13.45362,13.45362,13.45362,14.14214,13.45362,14.21267,14.21267,12.80625,13.60147,13.60147,13.60147,13.60147,13.0384,13.0384,13.89244,13.89244,13.89244,13.0384,13.89244,13.89244,13.89244,13.41641,13.41641,13.0384,12.52996,12.52996,12.20656,11.6619,12.20656,10.81665,10.81665,10.63015,10.63015,9.21954,9.89949,8.48528,8.48528,7.81025,7.81025,6.40312,6.40312,5.83095,5.83095,4.47214,4.47214,4.47214,3.16228,3.16228,3.16228,2.0,2.0,72.24957,73.0,76.38063,75.69016,75.69016,76.36753,74.27651,77.10383,72.91776,74.41102,70.0,79.61156,79.05694,73.00685,74.88658,71.28113,74.63243,74.06079,75.16648,69.64194,73.92564,69.97142,71.55418,71.51224,70.21396,68.8767,66.18912,72.56032,70.83078,71.58911,67.53518,69.33974,61.40033,64.89992,61.05735,60.959,63.81222,58.89822,55.44367,54.45181,52.34501,48.79549,46.2277,42.0119,42.80187,38.41875,32.20248,33.6006,32.64966,28.30194,28.63564,24.59675,22.80351,22.56103,18.02776,16.0,14.56022,20.61553,22.47221,18.02776,25.80698,20.61553,22.02272,26.1725,19.41649,20.51828,21.93171,22.2036,24.08319,20.61553,24.08319,22.67157,23.02173,22.80351,20.80865,22.82542,22.36068,21.0238,24.18677,22.47221,27.85678,29.96665,26.57066,28.44293,35.17101,30.01666,37.48333,35.01428,36.01389,36.0,38.01316,43.0,40.1995,41.4367,42.04759,43.18565,43.41659,45.12206,40.60788,45.12206,51.41984,49.24429,42.19005,45.31004,52.83938,52.7731,54.12024,57.3062,56.30275,62.1289,56.22277,61.58734,66.4003,62.24147
13.15295,13.34166,13.60147,13.34166,13.60147,13.34166,13.60147,13.34166,13.60147,13.0,13.92839,13.0,13.0,13.41641,13.0,13.41641,13.41641,13.41641,13.41641,12.52996,13.0,13.41641,13.0,12.52996,12.52996,12.52996,13.0,12.08305,12.08305,11.7047,10.44031,10.44031,10.44031,10.19804,9.21954,9.05539,9.05539,8.06226,8.0,7.0,7.07107,6.08276,6.08276,5.09902,5.38516,4.47214,4.47214,3.60555,3.60555,3.60555,2.82843,3.16228,71.17584,67.18631,74.24284,74.67262,76.1643,74.67262,75.53807,75.66373,77.27872,71.70077,77.66595,72.27724,75.28612,75.69016,76.92204,77.20104,75.69016,74.33034,70.88018,69.92138,75.96052,69.37579,74.46476,70.00714,68.942,70.00714,68.942,70.93659,68.94926,72.49828,69.57011,67.06713,65.96969,68.96376,66.70832,57.48913,60.20797,57.87055,55.9017,53.60037,54.91812,48.16638,48.0,44.04543,39.31921,39.81206,35.35534,34.20526,32.28002,29.96665,26.92582,26.0,21.40093,16.64332,21.93171,17.20465,13.89244,24.83948,24.41311,23.32381,27.29469,27.51363,25.0,24.5153,26.68333,24.35159,23.08679,26.68333,25.17936,22.80351,26.24881,24.73863,23.76973,25.29822,25.63201,23.76973,23.76973,27.29469,24.69818,27.45906,27.65863,31.06445,27.65863,30.41381,36.76955,30.41381,33.97058,38.20995,31.89044,37.01351,37.80212,40.60788,41.6173,44.77723,41.18252,44.29447,46.06517,47.92703,47.41308,49.39636,49.98,51.62364,53.45091,54.40588,57.42822,54.74486,56.4358,55.9017,57.31492,65.19202,62.03225,65.27634,65.03076,67.1193
14.31782,13.60147,14.31782,14.56022,14.56022,14.56022,13.60147,13.92839,13.92839,13.92839,13.92839,14.31782,14.31782,13.41641,13.41641,13.89244,13.89244,13.89244,13.89244,13.0384,13.89244,13.89244,13.89244,13.0384,13.89244,13.0384,13.0384,12.52996,12.52996,12.52996,12.08305,11.18034,10.77033,10.77033,9.48683,9.48683,9.21954,8.24621,8.24621,7.07107,7.07107,6.0,6.0,5.0,5.0,4.0,4.12311,3.16228,3.16228,2.23607,2.23607,1.41421,77.16217,72.33948,77.52419,78.23043,79.9062,77.64664,75.70997,78.91768,75.9276,70.0928,73.97973,71.38627,75.61085,75.28612,73.5459,74.04053,76.89603,75.27284,74.09453,74.32362,75.17978,71.17584,75.58439,72.44998,71.55418,71.34424,70.83078,72.91776,74.24284,70.68239,71.30919,68.02941,65.29931,68.44706,65.0,63.56886,61.35145,62.76942,59.20304,55.7853,50.44799,49.81967,46.87217,44.55334,48.09366,39.20459,38.01316,34.23449,34.1321,27.65863,28.28427,24.04163,19.31321,16.64332,16.12452,16.27882,11.40175,24.69818,25.96151,28.63564,26.4764,28.44293,28.16026,29.01724,28.16026,28.07134,24.08319,26.0,24.73863,31.14482,21.0238,26.1725,26.01922,25.31798,24.04163,28.44293,26.30589,26.92582,34.48188,28.16026,28.17801,29.73214,29.73214,31.38471,34.98571,36.89173,39.66106,34.20526,39.20459,41.23106,41.10961,44.04543,39.59798,44.82187,39.62323,43.18565,43.82921,47.20169,42.72002,46.64762,51.0,49.76947,56.85948,52.81098,51.86521,53.36666,56.04463,56.75385,56.7186,63.78871,59.84146,62.80127,70.00714,67.02984
14.31782,14.76482,13.41641,14.31782,14.31782,14.76482,15.26434,14.42221,14.42221,13.89244,14.42221,14.42221,13.60147,13.60147,15.0,14.21267,14.21267,14.21267,13.45362,13.45362,13.45362,14.14214,13.45362,13.45362,13.45362,13.45362,14.21267,12.80625,12.80625,12.20656,11.6619,11.6619,11.6619,10.81665,10.29563,9.84886,9.48683,9.48683,8.24621,8.24621,7.28011,7.07107,6.0,6.0,6.0,5.09902,5.09902,5.09902,4.47214,3.16228,3.60555,3.60555,74.2159,75.18643,77.83315,74.94665,74.0,77.49194,76.89603,75.02666,76.6942,78.92401,73.82412,72.01389,79.20227,78.39005,75.6439,76.94154,76.53757,72.94518,74.70609,74.43118,76.55064,75.47185,72.00694,74.06079,71.28113,72.40166,74.06079,71.56116,75.45197,74.63243,71.28113,73.78347,69.33974,66.88797,69.97142,64.41273,60.37384,61.7414,65.30697,57.38467,57.38467,50.69517,49.47727,44.14748,40.60788,40.60788,35.35534,36.05551,31.0,31.01612,24.02082,24.5153,21.37756,18.97367,19.31321,13.45362,15.0,29.73214,29.69848,26.40076,27.78489,27.73085,26.24881,26.92582,31.01612,29.15476,28.17801,25.70992,26.57066,29.41088,25.63201,26.57066,25.4951,26.24881,25.63201,26.41969,31.76476,29.15476,28.01785,27.01851,27.65863,31.14482,33.30165,32.80244,33.28663,33.6006,39.05125,37.20215,37.58989,38.27532,41.67733,43.38202,38.62642,42.95346,47.42362,44.01136,49.98,47.12749,49.49747,48.76474,51.97115,47.38143,54.74486,54.23099,51.24451,55.0,58.03447,59.03389,58.54912,62.28965,58.42089,63.63961,64.77654,69.42622
12.64911,13.92839,13.0,13.92839,13.0,13.0,13.41641,12.52996,13.0,12.52996,12.52996,13.0384,13.0384,12.20656,13.0384,13.0384,13.60147,12.20656,12.80625,12.20656,12.20656,12.20656,12.20656,11.40175,12.80625,12.20656,12.20656,10.81665,11.6619,11.6619,10.29563,10.29563,9.84886,9.84886,8.544,8.544,8.24621,7.28011,7.07107,7.07107,7.07107,6.0,5.0,5.09902,5.09902,4.12311,4.12311,3.16228,2.23607,2.82843,2.82843,2.23607,72.12489,71.16881,74.94665,73.05477,73.1642,76.53757,74.46476,73.40981,75.23962,73.40981,75.23962,72.01389,74.09453,73.79024,70.3278,74.94665,73.23933,70.60453,73.57309,73.23933,75.80237,70.0,70.29225,71.84706,71.06335,72.8011,66.61081,70.17834,72.00694,68.76772,69.2026,68.24954,64.07027,67.00746,62.1289,58.24946,60.82763,58.13777,59.5063,53.66563,52.80152,49.0408,46.61545,41.23106,41.97618,37.48333,34.1321,31.14482,32.01562,26.0,22.0,23.08679,20.88061,20.24846,12.16553,15.65248,14.42221,27.58623,28.6007,32.75668,30.46309,29.96665,28.23119,27.29469,29.41088,28.16026,29.41088,29.73214,28.4605,27.51363,30.08322,29.73214,26.40076,28.17801,26.92582,28.6531,28.6531,20.12461,26.62705,26.87006,28.42534,32.52691,31.62278,33.42155,34.20526,37.48333,39.40812,32.64966,37.44329,46.14109,38.94868,42.54409,33.42155,32.52691,38.07887,44.28318,47.29693,47.43416,46.32494,48.6621,48.05206,51.78803,51.0098,54.14795,54.08327,55.22681,53.0,58.21512,60.07495,62.80127,61.18823,66.4906,70.0928,66.4906
14.42221,14.42221,13.0384,14.42221,14.42221,13.89244,13.89244,13.89244,13.89244,13.41641,13.41641,13.41641,13.0,13.0,13.0,13.0,13.0,13.0,13.60147,12.64911,12.64911,12.64911,12.64911,12.64911,12.64911,12.64911,12.64911,11.7047,11.7047,12.08305,11.18034,11.18034,10.29563,10.81665,9.43398,9.43398,9.21954,8.48528,8.48528,7.07107,7.07107,6.40312,6.40312,5.83095,5.83095,4.47214,4.47214,4.12311,4.12311,3.0,3.0,2.0,76.02631,73.60027,75.47185,75.29276,72.71864,77.89737,74.09453,75.47185,74.30343,75.13322,71.11259,70.26379,76.32169,67.97794,69.64194,69.89278,74.67262,73.1642,72.8011,71.47027,76.40026,72.53275,66.48308,69.857,71.58911,73.97973,69.63476,70.83078,67.44627,68.41053,67.72001,70.88018,58.5235,64.19502,58.5235,62.03225,58.30952,56.46238,58.13777,55.00909,51.97115,41.88078,43.93177,42.2019,43.41659,36.12478,32.64966,32.64966,25.45584,23.02173,26.07681,22.47221,20.59126,17.08801,17.11724,12.36932,15.52417,24.08319,28.16026,26.68333,30.59412,26.57066,24.35159,26.57066,30.8707,27.73085,27.313,30.41381,28.30194,26.07681,25.4951,24.18677,25.63201,25.94224,26.40076,27.89265,26.4764,28.63564,25.0,29.01724,33.13608,32.14032,35.01428,33.01515,35.35534,38.0,37.33631,38.01316,44.40721,40.79216,41.97618,44.38468,44.14748,43.65776,44.01136,43.65776,48.46648,41.59327,46.51881,49.24429,53.25411,55.47071,46.04346,50.60632,55.17246,60.30755,56.72742,58.72819,63.78087,61.6198,60.87693,68.11755,70.60453,66.4003
14.03567,14.14214,14.03567,14.03567,14.14214,13.15295,13.34166,13.15295,13.15295,13.34166,13.34166,13.34166,12.36932,12.64911,12.64911,13.60147,12.64911,12.64911,12.64911,12.64911,12.64911,12.64911,12.64911,11.7047,11.7047,12.64911,11.40175,11.40175,11.40175,11.18034,10.44031,10.19804,10.19804,9.05539,9.0,9.0,8.0,8.06226,7.07107,7.0,6.32456,6.32456,5.38516,4.47214,4.47214,4.47214,3.60555,4.24264,2.82843,3.60555,2.23607,2.23607,77.05842,74.02702,76.10519,75.95393,77.41447,76.32169,72.11103,71.44928,74.43118,77.92946,73.82412,73.34848,76.48529,70.60453,77.12976,73.76313,72.12489,71.16881,71.47027,71.47027,77.25283,74.33034,71.17584,67.62396,68.94926,71.51224,71.69379,70.83784,69.89278,70.2282,66.40783,71.86793,64.28841,61.68468,60.08328,61.39218,60.87693,57.48913,53.15073,52.17279,50.35871,49.0408,42.19005,40.04997,41.10961,35.12834,35.12834,29.42788,26.92582,23.5372,22.56103,19.23538,19.41649,20.61553,13.89244,12.52996,12.72792,23.25941,22.13594,28.79236,30.08322,29.42788,27.07397,26.68333,26.92582,31.40064,26.92582,27.01851,27.16616,28.28427,29.42788,30.08322,25.31798,27.65863,29.41088,30.46309,30.46309,26.92582,29.06888,32.64966,34.43835,34.43835,37.21559,35.22783,38.28838,41.40048,40.31129,40.22437,40.36087,37.53665,45.96738,43.13931,47.38143,47.20169,48.41487,46.14109,46.14109,47.16991,50.53712,48.37355,53.31041,54.78138,50.32892,53.48832,59.20304,57.00877,55.08176,57.72348,60.82763,68.593,66.91039,68.11755,70.02857,72.0
15.26434,14.42221,16.12452,14.42221,15.26434,14.76482,14.76482,14.31782,14.76482,14.76482,14.31782,13.92839,13.92839,13.92839,13.92839,13.92839,13.60147,13.60147,13.60147,13.60147,12.64911,13.60147,13.60147,12.64911,12.64911,12.64911,12.64911,13.0,12.08305,12.08305,11.18034,11.18034,10.29563,10.29563,9.43398,9.43398,8.60233,9.21954,7.81025,7.07107,7.07107,6.40312,5.65685,5.0,5.0,3.60555,4.47214,3.60555,3.60555,3.16228,2.23607,2.0,81.21576,78.40918,79.40403,76.32169,78.24321,79.61156,77.93587,77.38863,72.40166,80.62258,73.57309,72.71864,74.30343,71.69379,73.24616,73.43024,72.49828,69.46222,71.69379,72.61543,74.84651,68.02941,76.53757,75.28612,65.14599,68.15424,65.0,66.85058,69.64194,64.88451,62.64982,65.19202,59.09315,64.62198,59.9333,65.30697,53.53504,49.92995,56.0803,49.92995,47.01064,43.93177,39.62323,38.94868,33.6006,34.71311,36.06938,26.24881,27.73085,22.82542,18.02776,19.69772,20.59126,15.52417,15.81139,10.04988,11.18034,31.01612,30.01666,31.40064,33.54102,34.20526,33.12099,33.24154,34.17601,32.31099,32.20248,35.34119,36.35932,37.58989,32.69557,38.8973,32.31099,30.8707,34.0147,31.01612,30.36445,31.57531,37.94733,36.13862,35.44009,34.52535,36.87818,34.1321,43.10452,43.04649,44.04543,37.01351,46.09772,41.19466,45.89118,46.17359,46.87217,45.22168,47.53946,44.94441,49.0408,54.23099,49.0408,50.32892,53.33854,54.58938,55.9017,54.20332,54.40588,56.85068,60.60528,62.36986,62.96825,60.87693,61.52235,72.18033,75.16648,70.17834
13.92839,13.92839,13.41641,14.31782,13.92839,13.41641,13.41641,13.41641,13.89244,13.0384,13.89244,13.0384,13.0384,13.0384,12.20656,13.60147,13.60147,12.80625,12.80625,13.45362,12.80625,12.04159,12.80625,12.80625,12.80625,12.20656,11.40175,11.40175,11.40175,10.81665,10.29563,10.81665,10.29563,9.43398,8.94427,8.94427,8.544,7.61577,7.28011,7.28011,6.32456,6.32456,5.09902,5.09902,4.0,4.0,4.0,3.0,3.0,3.0,2.0,2.0,73.24616,80.77747,71.16881,74.0,75.96052,75.02666,75.39231,73.38937,74.73286,74.46476,72.91776,73.92564,77.41447,75.66373,72.40166,74.33034,68.24222,71.21798,65.21503,71.06335,71.06335,72.47068,66.70832,69.2026,65.60488,72.47068,67.47592,66.6033,66.70832,68.41053,63.89053,67.26812,61.07373,60.44005,64.40497,54.70832,57.98276,52.47857,53.23533,46.52956,45.31004,45.61798,41.10961,43.65776,33.24154,33.24154,30.41381,29.27456,22.36068,21.37756,18.11077,22.0,15.81139,11.04536,11.0,11.18034,6.7082,35.38361,32.64966,36.35932,33.24154,38.01316,36.40055,38.27532,37.33631,37.94733,38.32754,36.05551,35.44009,34.48188,39.84972,35.1141,38.07887,36.40055,32.01562,34.53983,44.64303,36.24914,34.53983,34.88553,37.58989,39.44617,41.34005,43.56604,41.03657,37.48333,38.8973,40.36087,41.03657,39.62323,44.77723,36.71512,25.55386,51.47815,45.79301,48.76474,48.10405,47.53946,50.0,48.83646,53.60037,50.21952,50.15974,48.25971,55.3263,56.0,55.03635,58.03447,62.07254,63.12686,63.95311,64.13267,69.05071,71.06335
13.60147,13.60147,13.60147,13.60147,13.60147,13.0,13.0,13.0,13.41641,13.0,13.41641,13.41641,13.41641,12.52996,12.52996,13.0384,13.0384,13.41641,13.0384,12.52996,13.0384,11.6619,13.0384,13.0384,12.52996,11.6619,11.6619,11.18034,11.6619,11.18034,10.77033,9.84886,9.48683,9.48683,9.48683,8.544,8.06226,8.06226,7.07107,7.0,7.0,6.0,6.08276,5.09902,4.12311,4.12311,4.12311,4.12311,3.60555,2.23607,2.23607,2.82843,67.97794,75.23962,72.09022,70.71068,71.58911,73.3553,75.80237,73.78347,75.47185,67.74216,70.17834,72.42237,71.84706,71.84706,70.45566,70.0,73.81734,71.50524,70.17834,72.86288,71.44928,68.62215,65.76473,67.94115,68.88396,69.52697,70.03571,68.0147,66.48308,67.89698,63.65532,67.94115,65.06919,63.03174,62.80127,59.40539,59.36329,50.60632,51.47815,47.01064,48.75449,43.82921,37.33631,40.49691,35.73514,32.57299,32.01562,31.40064,24.02082,23.08679,23.08679,23.0,17.26268,19.23538,14.86607,14.31782,11.6619,35.80503,36.12478,41.72529,41.23106,40.22437,41.88078,42.48529,42.94182,38.47077,43.46263,38.8973,43.68066,40.8534,37.0,39.92493,39.92493,41.4367,35.1141,36.76955,35.8469,36.67424,35.8469,36.24914,34.98571,37.20215,37.80212,33.42155,35.60899,35.38361,38.20995,39.05125,38.60052,38.01316,39.66106,43.04649,43.909,40.71855,45.88028,46.17359,45.12206,46.09772,48.6621,45.70558,48.37355,50.08992,57.0,50.03998,52.08647,53.03772,55.08176,54.91812,59.90826,59.66574,60.87693,65.78754,63.56886,66.40783
13.0,13.0,14.0,13.0384,13.0,13.0,13.0,13.0384,13.0384,13.0384,13.0384,13.15295,13.15295,13.0384,12.16553,13.34166,13.34166,12.36932,12.36932,12.36932,12.16553,12.36932,12.36932,12.36932,12.16553,12.16553,12.16553,11.18034,11.18034,11.04536,10.04988,10.0,10.0,9.0,9.0,8.06226,8.06226,7.07107,6.08276,6.08276,5.38516,5.38516,5.38516,4.12311,3.16228,3.60555,3.60555,2.82843,2.23607,1.41421,1.0,1.0,73.10951,73.10951,74.00676,70.02857,73.17103,73.00685,74.24284,73.06162,74.16873,72.1734,73.17103,69.2315,71.56815,71.38627,70.03571,67.91171,70.61161,70.40597,71.06335,71.56815,68.96376,71.56815,72.11103,67.6757,66.48308,69.89278,69.64194,69.57011,65.0,67.05222,62.64184,64.77654,64.32729,61.84658,57.07013,56.08921,50.48762,56.4358,53.75872,49.0102,49.09175,42.04759,40.0125,38.32754,33.06055,33.24154,32.98485,31.01612,27.20294,20.24846,22.47221,19.69772,18.02776,11.6619,13.60147,12.72792,6.40312,36.40055,36.05551,39.56008,40.60788,42.0119,39.20459,38.0526,43.0,43.28972,43.04649,40.1995,41.10961,40.60788,39.81206,38.47077,39.20459,37.12142,35.35534,37.05401,39.05125,37.0,36.12478,34.0,34.05877,33.24154,33.52611,33.24154,38.32754,39.21734,36.67424,37.21559,34.88553,39.11521,41.88078,38.27532,39.69887,43.84062,41.7732,41.72529,44.68781,43.60046,46.04346,50.80354,46.06517,46.06517,55.07268,53.66563,54.78138,55.02727,53.85165,54.70832,58.0517,58.46366,58.24946,59.5399,63.78871,63.12686
13.45362,12.80625,13.45362,12.80625,13.45362,12.80625,13.60147,13.60147,13.60147,13.60147,13.60147,13.89244,13.0384,11.6619,12.20656,12.52996,12.52996,13.41641,12.08305,12.52996,12.52996,12.52996,12.52996,12.52996,12.52996,11.6619,11.6619,11.6619,10.81665,10.81665,10.0,10.0,10.0,9.21954,8.48528,8.48528,7.07107,7.07107,6.40312,5.83095,5.83095,5.0,4.47214,4.47214,4.47214,3.16228,3.16228,3.16228,2.0,2.0,1.0,1.0,73.59348,75.00667,76.57676,79.02531,77.23341,75.80237,76.6094,78.00641,75.21303,76.02631,76.55064,73.06162,76.66159,75.29276,75.16648,74.09453,77.69813,76.47876,73.43024,78.71467,75.15318,72.56032,75.23962,71.58911,68.44706,73.40981,70.71068,69.35416,68.47627,69.35416,65.36819,68.09552,64.00781,64.49806,60.53924,60.80296,58.60034,57.42822,56.40035,52.80152,47.50789,46.69047,47.38143,39.82462,37.01351,33.01515,30.41381,33.61547,24.35159,24.59675,23.34524,18.68154,17.72005,16.49242,14.0,11.18034,9.05539,40.1995,38.63936,41.48494,41.18252,41.14608,39.96248,41.59327,38.01316,37.44329,40.60788,40.45986,38.28838,40.36087,38.28838,44.59821,38.8973,38.94868,38.8973,39.40812,41.6173,36.05551,37.20215,34.4093,37.12142,32.24903,30.01666,35.4683,34.78505,38.83298,35.90265,36.49658,42.29657,40.11234,41.01219,44.01136,40.0,44.55334,43.41659,45.60702,45.70558,46.32494,50.92151,47.43416,51.62364,48.75449,55.15433,54.20332,55.75841,54.91812,55.21775,57.45433,56.22277,62.36986,57.48913,66.0303,69.31089,70.00714
14.14214,14.14214,12.72792,14.14214,13.45362,13.45362,13.45362,13.45362,12.80625,13.60147,13.60147,13.60147,13.0384,13.0384,13.0384,13.89244,13.41641,12.52996,12.52996,12.52996,13.0384,12.52996,12.52996,12.08305,12.52996,11.6619,12.52996,11.6619,11.6619,10.81665,10.0,10.0,10.0,9.21954,9.21954,8.48528,8.48528,7.07107,7.07107,6.40312,6.40312,5.65685,5.0,5.0,4.47214,3.60555,3.60555,2.23607,2.0,2.23607,2.23607,1.0,75.00667,72.18033,73.5527,77.83315,76.38063,77.07788,72.86288,76.38063,73.53911,74.51845,75.82216,74.33034,75.21303,74.02702,71.28113,72.8011,72.42237,72.42237,71.56116,71.69379,74.24284,72.00694,67.1193,71.55418,65.74192,67.97794,71.19691,68.88396,67.1193,68.60029,63.63175,64.00781,60.90156,64.14047,53.82379,55.60576,51.62364,51.0392,52.00961,46.40043,42.44997,43.18565,42.63801,41.01219,37.20215,30.0,30.01666,30.23243,25.94224,24.18677,20.12461,17.08801,19.41649,16.49242,12.0,13.0384,11.18034,34.17601,33.10589,34.66987,37.80212,40.36087,38.8973,38.20995,40.31129,43.01163,38.27532,38.60052,37.20215,38.83298,38.83298,39.40812,38.07887,36.87818,37.53665,34.4093,37.64306,34.65545,37.64306,34.65545,36.06938,37.53665,33.30165,32.01562,34.88553,37.73592,38.07887,37.36308,40.80441,37.64306,40.26164,42.72002,43.18565,43.18565,43.0,45.04442,46.09772,46.09772,46.87217,46.87217,51.41984,48.38388,55.65968,52.0,54.626,56.36488,57.27128,56.85948,58.59181,60.74537,59.40539,60.46487,64.40497,67.20119
13.60147,14.21267,12.80625,14.21267,12.80625,14.21267,13.45362,14.14214,12.72792,12.72792,14.14214,13.45362,13.45362,13.45362,12.80625,12.80625,12.80625,12.80625,13.60147,12.80625,12.80625,12.80625,12.20656,12.80625,12.80625,12.80625,12.04159,12.04159,11.31371,11.31371,11.31371,9.89949,9.89949,9.21954,9.21954,7.81025,7.81025,8.06226,6.7082,5.83095,5.83095,5.83095,4.47214,4.47214,4.47214,3.16228,3.16228,3.0,2.0,2.0,2.0,1.0,67.41662,73.53911,70.26379,75.15318,75.29276,73.57309,76.02631,66.7308,71.69379,73.24616,71.84706,68.41053,71.56116,69.63476,74.20243,71.8401,68.24222,71.58911,69.52697,69.31089,67.89698,67.20863,65.76473,66.52819,66.46804,64.3506,62.93648,65.06919,62.28965,62.93648,67.17887,60.1415,58.72819,59.5483,59.5483,56.60389,52.43091,55.47071,52.69725,55.47071,43.01163,43.56604,45.18849,38.48376,38.27532,36.40055,29.41088,28.16026,24.04163,22.09072,20.61553,19.0263,18.24829,17.26268,14.56022,10.04988,7.61577,33.97058,33.30165,36.79674,36.87818,40.0,36.76955,37.57659,38.91015,34.88553,42.72002,38.62642,36.05551,38.91015,41.97618,38.8973,33.95585,37.94733,34.53983,38.07887,34.43835,31.7805,38.58756,35.51056,35.51056,35.60899,37.64306,33.24154,40.31129,39.62323,36.23534,37.20215,39.69887,36.40055,38.83298,41.04875,43.04649,41.78516,41.76123,47.53946,46.57252,44.14748,46.52956,45.35416,51.0098,52.08647,43.18565,50.15974,52.23983,53.60037,59.03389,56.29387,57.07013,57.87055,59.48109,65.80274,62.0967,66.12866
13.92839,13.92839,14.31782,13.92839,13.41641,13.0,13.41641,13.41641,13.41641,13.41641,13.41641,13.89244,13.0384,12.52996,13.0384,13.0384,12.80625,12.80625,12.20656,12.20656,13.0384,12.20656,12.20656,12.20656,12.20656,12.20656,12.20656,11.6619,11.6619,11.18034,10.29563,10.29563,9.84886,9.84886,9.48683,9.21954,8.24621,8.06226,8.06226,7.07107,6.08276,6.0,6.0,5.0,5.0,4.12311,4.12311,4.12311,4.12311,3.16228,3.16228,2.82843,72.83543,77.66595,74.2159,78.16009,75.28612,77.16217,72.53275,73.4983,74.04053,73.08215,73.68175,71.69379,73.53911,74.32362,70.93659,72.49828,73.34848,74.24284,72.89719,70.23532,71.58911,72.94518,63.63175,70.3278,65.76473,71.56116,65.45991,68.50547,67.1193,71.11962,64.41273,66.24198,62.16912,59.94164,59.05929,57.69749,55.71355,58.18935,56.64804,48.10405,46.69047,46.84015,41.7732,37.48333,37.12142,30.0,34.0147,34.0,27.01851,25.07987,22.09072,18.78829,18.24829,17.26268,16.15549,15.65248,12.20656,36.76955,38.60052,36.12478,35.51056,43.82921,36.23534,38.07887,38.07887,40.49691,35.73514,40.80441,39.29377,41.10961,40.60788,37.36308,40.5216,34.9285,38.8973,34.78505,30.8707,36.40055,38.27532,35.77709,34.88553,39.82462,38.07887,37.80212,35.60899,37.53665,36.76955,38.8973,41.03657,36.76955,45.34314,35.38361,42.95346,45.79301,43.56604,43.38202,49.73932,49.64877,50.92151,50.01,55.08176,50.80354,45.39824,52.23983,53.33854,56.22277,63.50591,59.13544,63.12686,63.00794,63.3877,65.76473,70.02857,70.85901
13.60147,13.0384,13.60147,13.60147,12.20656,12.20656,13.0384,12.52996,12.52996,12.52996,12.52996,12.52996,12.08305,12.08305,12.08305,12.08305,11.7047,11.7047,11.7047,11.7047,11.7047,11.7047,11.7047,11.7047,11.7047,11.7047,10.77033,11.18034,11.18034,10.29563,10.29563,9.43398,9.43398,8.60233,8.60233,7.81025,7.81025,7.07107,6.40312,6.40312,6.40312,5.83095,5.0,4.47214,4.47214,4.47214,4.12311,3.16228,3.16228,3.0,2.0,2.23607,70.60453,77.23341,73.75636,74.96666,77.33693,72.47068,73.10951,71.70077,73.60027,68.41053,73.81734,68.50547,71.84706,68.50547,69.33974,71.58911,72.00694,66.64833,69.31811,72.06941,67.08204,70.77429,67.1193,69.77822,68.44706,70.71068,67.97794,67.77905,61.26989,63.56099,65.39113,65.74192,61.58734,61.7414,60.03332,53.41348,58.5235,56.61272,51.0392,48.27007,48.27007,44.59821,44.04543,39.20459,39.82462,29.83287,33.28663,33.28663,29.96665,21.47091,22.47221,18.68154,17.26268,19.64688,16.03122,16.0,16.27882,34.1321,36.05551,37.85499,37.85499,37.85499,40.49691,40.70626,38.07887,43.38202,38.58756,41.04875,34.43835,39.11521,40.31129,40.31129,38.01316,36.05551,35.80503,34.43835,38.01316,34.98571,39.96248,39.56008,36.67424,38.07887,41.48494,39.05125,37.48333,36.67424,38.32754,35.22783,41.19466,42.04759,45.01111,42.19005,45.17743,44.55334,44.72136,46.32494,49.72927,45.60702,53.7122,46.8188,54.12947,52.39275,48.8774,51.89412,52.47857,56.4358,58.5235,61.91123,64.2028,58.89822,63.12686,63.63961,66.52819,72.86288
14.03567,13.0384,14.14214,14.03567,14.14214,13.15295,14.14214,13.15295,13.34166,14.31782,13.34166,13.34166,12.36932,12.64911,12.64911,13.0,13.0,13.0,13.0,13.0,12.08305,12.08305,13.0,13.0,12.08305,11.7047,11.7047,11.7047,10.44031,11.7047,10.44031,10.44031,10.19804,9.21954,9.05539,9.05539,8.0,7.0,7.0,7.0,6.08276,5.09902,5.09902,5.38516,4.47214,4.47214,3.60555,3.60555,2.82843,2.82843,2.82843,2.23607,72.00694,64.28063,74.10803,78.00641,72.02777,76.02631,79.15807,73.5527,72.99315,76.53104,73.43705,69.72087,68.88396,69.42622,70.03571,73.00685,70.0928,69.37579,70.0928,72.11103,68.68042,72.11103,69.57011,67.05222,66.12866,65.55151,70.60453,64.19502,65.73431,66.7308,68.94926,65.25335,60.44005,57.27128,65.30697,57.87055,58.0517,53.23533,53.15073,48.25971,47.0,47.01064,42.10701,39.05125,37.12142,39.31921,33.24154,29.41088,31.7805,24.18677,25.63201,21.9545,18.86796,18.60108,17.69181,13.45362,14.31782,36.06938,33.83785,39.44617,38.27532,39.92493,43.46263,38.60052,37.94733,39.45884,37.10795,42.44997,39.62323,43.73786,39.62323,39.11521,39.45884,38.83298,40.31129,41.59327,38.83298,34.9285,40.02499,42.72002,38.07887,39.81206,38.48376,39.21734,39.44617,38.07887,38.83298,43.26662,38.01316,43.60046,43.86342,43.93177,47.50789,47.50789,50.0,48.82622,47.20169,46.32494,54.58938,53.33854,55.4617,50.15974,60.00833,60.74537,55.36244,60.44005,59.20304,59.03389,61.18823,62.80127,63.78871,66.61081,60.29925,72.00694
12.72792,12.72792,12.72792,13.45362,12.72792,12.72792,12.72792,12.80625,12.04159,12.04159,12.80625,12.80625,11.40175,12.20656,12.20656,12.20656,11.6619,11.6619,11.6619,11.6619,11.6619,12.20656,11.6619,11.6619,12.20656,10.81665,11.40175,10.63015,11.40175,10.0,9.89949,9.21954,9.89949,9.21954,9.21954,8.60233,7.81025,7.2111,7.2111,6.7082,5.83095,6.32456,5.38516,5.38516,5.09902,4.12311,4.0,4.0,4.0,3.0,3.16228,3.16228,70.80254,72.47068,68.88396,69.29646,70.72482,70.72482,74.96666,71.42129,70.71068,65.79514,72.86288,69.31089,73.0,72.00694,65.21503,68.60029,69.06519,65.51336,65.0,68.96376,65.51336,70.3278,63.13478,68.09552,65.19202,64.14047,68.96376,71.11962,65.0,65.19202,65.51336,59.90826,62.68174,57.62812,63.41136,53.90733,58.25805,53.75872,50.91169,52.49762,50.9902,46.8615,43.26662,40.0,42.19005,40.0,32.20248,36.05551,26.92582,26.57066,25.70992,19.64688,22.2036,18.68154,16.03122,14.86607,13.0384,32.14032,32.98485,37.33631,38.60052,42.48529,38.07887,41.04875,41.6173,36.05551,42.0119,41.23106,38.94868,41.7732,44.20407,42.42641,38.20995,39.20459,43.60046,38.41875,41.03657,38.41875,40.0,37.44329,32.44996,39.96248,33.61547,35.4683,37.33631,40.31129,37.57659,41.0,41.78516,40.79216,46.38965,39.45884,43.04649,47.01064,47.09565,41.04875,47.04253,45.01111,49.72927,49.64877,52.39275,52.20153,45.60702,48.38388,57.00877,52.80152,60.16644,57.80138,60.03332,59.90826,67.41662,64.40497,62.20129,65.0
12.72792,12.72792,12.80625,12.80625,12.80625,12.04159,12.80625,11.40175,12.80625,12.20656,12.20656,11.6619,13.0384,11.6619,12.20656,11.6619,12.52996,12.52996,12.52996,11.6619,11.6619,11.6619,11.6619,12.08305,11.6619,11.6619,11.6619,10.81665,11.40175,10.81665,10.63015,10.63015,9.89949,9.21954,9.21954,9.21954,7.81025,7.81025,7.2111,6.7082,6.7082,6.7082,6.32456,5.09902,5.09902,4.12311,4.0,4.0,4.0,3.0,3.16228,3.16228,71.44928,71.58911,70.03571,70.0928,71.42129,70.17834,67.89698,69.35416,70.03571,73.10951,73.0,75.0,72.47068,71.02816,72.40166,71.84706,72.40166,68.50547,70.17834,71.86793,75.80237,68.50547,67.1193,69.11584,66.37017,67.41662,67.23095,67.1193,64.3506,68.88396,64.66065,69.97142,63.41136,62.42596,64.03124,63.03174,57.62812,55.9017,52.3259,52.3259,49.67897,44.55334,47.43416,43.41659,40.49691,42.72002,30.88689,27.73085,30.67572,29.41088,28.16026,22.47221,23.76973,21.0,16.12452,11.04536,10.77033,38.11824,38.11824,35.17101,36.76955,40.49691,42.54409,37.57659,36.23534,43.26662,41.67733,44.77723,40.49691,41.04875,42.43819,40.0,38.01316,40.80441,41.23106,40.0,38.41875,35.22783,42.2019,38.58756,36.71512,43.909,34.9285,39.21734,42.15448,39.21734,39.84972,39.81206,38.47077,41.0,44.55334,40.31129,43.18565,41.01219,45.01111,41.59327,45.54119,48.37355,46.32494,47.53946,52.39275,51.5461,56.64804,53.31041,57.27128,58.13777,52.0,56.82429,60.20797,59.16925,59.20304,58.00862,65.80274,62.20129
12.20656,12.80625,13.0384,12.80625,13.0384,12.20656,13.0384,12.52996,12.52996,12.52996,12.52996,13.0,12.08305,12.08305,12.08305,12.64911,13.0,13.0,12.64911,12.64911,12.64911,11.7047,12.64911,11.7047,12.64911,12.08305,11.7047,12.08305,11.18034,11.18034,10.29563,10.29563,9.43398,9.43398,8.60233,8.60233,7.81025,7.81025,7.07107,6.40312,6.40312,5.0,5.0,5.0,4.47214,4.47214,3.16228,3.16228,3.16228,2.0,2.0,2.0,65.8559,67.89698,67.35726,67.20863,67.94115,70.76722,71.50524,65.29931,69.81404,67.62396,72.20111,70.80254,69.06519,68.50547,67.41662,63.82006,67.95587,67.41662,64.49806,69.97142,72.06941,68.47627,67.53518,68.942,65.74192,68.60029,71.58911,67.60178,69.46222,63.50591,64.41273,67.1193,60.90156,56.60389,61.58734,55.0,60.80296,54.03702,51.85557,51.08816,47.38143,48.16638,45.96738,41.6173,34.98571,34.66987,32.64966,32.20248,30.46309,29.12044,23.70654,24.16609,17.46425,15.13275,16.03122,14.03567,15.0,39.11521,34.9285,39.29377,37.33631,35.8469,39.35734,41.6173,44.29447,42.72002,44.10215,41.40048,44.82187,43.41659,39.82462,39.82462,44.82187,41.86884,44.82187,35.60899,39.05125,38.20995,38.07887,36.79674,36.23534,36.05551,36.35932,38.83298,36.76955,37.85499,37.36308,37.64306,39.81206,41.0,37.21559,41.04875,38.01316,40.1995,40.0125,44.18144,42.0119,45.39824,45.60702,48.37355,52.63079,49.72927,47.53946,48.75449,49.64877,53.66563,52.3259,50.24938,56.36488,57.45433,55.75841,61.22091,59.40539,66.70832
13.15295,13.15295,13.15295,13.15295,13.15295,13.0384,13.0384,13.0384,13.0384,13.0,13.0,13.0,13.0,13.0,13.0384,13.0384,13.0384,13.0384,13.0384,13.0384,13.0384,12.16553,12.04159,12.16553,12.04159,13.0384,12.04159,12.0,12.0,11.0,11.04536,11.0,11.04536,10.04988,9.21954,9.21954,8.24621,8.24621,7.28011,7.28011,7.61577,6.7082,6.7082,5.83095,5.83095,5.0,5.0,5.0,4.24264,4.24264,2.82843,2.82843,72.06941,64.84597,72.73239,71.16881,65.9242,70.93659,71.86793,76.89603,69.64194,69.57011,72.73239,66.94027,72.27724,71.56815,70.83078,74.33034,72.36712,70.21396,69.87131,69.87131,70.45566,68.593,68.26419,71.25307,68.06614,69.26038,68.18358,71.17584,66.61081,71.25307,67.26812,68.593,64.32729,66.75328,61.0,62.0967,60.41523,58.69412,51.1957,53.48832,50.69517,48.33218,47.41308,46.51881,42.19005,36.71512,37.44329,34.48188,31.82766,26.87006,28.30194,25.45584,21.40093,23.02173,18.35756,17.88854,13.60147,32.75668,39.0,36.0,39.05125,39.05125,40.31129,42.2019,41.48494,40.5216,41.76123,41.4367,42.05948,41.4367,43.08132,41.10961,38.48376,43.38202,40.24922,35.34119,39.81206,42.72002,39.21734,37.36308,34.9285,41.23106,37.64306,34.36568,34.1321,38.11824,39.0,36.12478,39.11521,38.47077,37.48333,44.14748,41.97618,42.37924,41.23106,42.15448,42.15448,48.76474,42.19005,47.70744,52.80152,51.85557,49.20366,46.01087,48.16638,55.9017,55.9017,58.0,53.00943,61.40033,56.0357,61.29437,64.49806,65.8635
13.0384,14.03567,13.0384,14.03567,13.0384,14.0,14.0,14.0,14.0,13.0384,14.03567,14.03567,13.15295,13.15295,13.15295,13.15295,14.14214,13.15295,13.34166,13.15295,13.34166,13.15295,12.16553,13.34166,13.34166,13.15295,13.15295,12.16553,12.16553,12.16553,11.04536,11.04536,11.0,10.0,10.0,9.0,9.0,9.05539,8.06226,8.06226,7.07107,7.28011,6.08276,5.38516,5.38516,5.38516,4.47214,4.47214,3.60555,2.23607,2.82843,2.82843,66.85058,66.24198,67.95587,69.77105,69.35416,67.08204,70.68239,71.11259,73.1642,70.93659,69.857,69.64194,69.57011,72.53275,71.8401,72.03471,70.61161,69.63476,71.30919,72.03471,73.97973,73.68175,72.00694,69.2315,68.65858,69.87131,70.5762,68.18358,66.75328,70.71068,65.27634,66.28725,63.32456,63.15061,61.39218,59.80803,60.72891,57.00877,55.15433,52.0,53.7122,44.29447,48.30114,43.38202,39.35734,39.40812,36.05551,35.4683,33.97058,24.08319,21.93171,24.20744,20.61553,18.60108,16.15549,18.38478,10.77033,34.0147,40.31129,36.67424,42.37924,39.0,42.54409,43.82921,41.23106,42.94182,43.41659,46.32494,44.29447,46.61545,43.04649,43.82921,42.0119,46.61545,40.0,39.11521,39.40812,37.20215,39.11521,36.35932,41.88078,34.98571,35.77709,36.40055,35.73514,36.05551,36.34556,37.21559,38.20995,40.31129,40.79216,40.0,38.8973,45.54119,39.45884,44.92215,42.72002,41.76123,44.77723,47.53946,48.37355,49.24429,42.94182,49.24429,49.64877,53.90733,56.0803,52.49762,54.56189,60.10824,57.62812,58.13777,60.46487,61.40033
13.0,12.0,13.0,12.0,13.0384,12.04159,13.15295,12.16553,12.16553,12.16553,12.16553,12.36932,12.36932,12.36932,12.36932,12.36932,12.64911,11.40175,12.64911,11.7047,11.40175,11.7047,11.7047,11.7047,11.7047,11.40175,11.40175,11.40175,11.40175,10.19804,10.19804,10.19804,10.04988,9.05539,9.0,9.0,8.06226,7.07107,7.07107,7.07107,6.08276,6.08276,5.09902,5.38516,4.47214,4.47214,3.60555,4.24264,2.82843,2.82843,2.23607,2.23607,66.0303,66.1211,67.02984,75.10659,71.17584,68.26419,73.17103,73.10951,69.00725,69.35416,70.34913,68.88396,70.5762,67.02984,69.26038,69.87131,65.49046,65.76473,66.75328,71.19691,72.27724,68.88396,67.08204,66.70832,66.70832,64.7611,69.857,69.64194,67.46851,66.21933,63.63961,65.49046,65.51336,63.3877,63.78871,59.13544,58.21512,53.03772,55.00909,54.00926,51.15662,45.54119,39.05125,41.7732,40.16217,37.36308,38.27532,31.04835,28.63564,30.88689,26.62705,26.41969,20.24846,19.72308,14.86607,15.6205,15.65248,37.21559,38.91015,40.24922,41.10961,41.23106,41.23106,39.05125,42.42641,41.4367,44.18144,43.10452,46.0,43.0,42.0119,43.04649,43.04649,44.10215,42.04759,41.01219,37.01351,40.04997,38.20995,37.05401,39.11521,40.04997,37.48333,36.49658,36.13862,33.95585,41.14608,39.21734,37.16181,35.34119,41.40048,38.60052,40.0,40.60788,43.86342,41.86884,38.28838,42.0119,43.27817,51.61395,46.32494,50.21952,47.01064,50.15974,54.23099,54.78138,53.48832,54.42426,53.75872,58.24088,58.5235,60.63827,59.68249,64.13267
12.20656,12.80625,12.80625,12.80625,11.40175,12.80625,12.04159,12.04159,12.04159,12.04159,12.72792,12.72792,12.04159,12.04159,12.04159,12.04159,12.20656,11.40175,12.20656,11.40175,11.40175,11.40175,11.40175,12.20656,11.40175,11.40175,12.20656,11.40175,10.63015,10.63015,10.63015,9.89949,9.89949,10.0,9.21954,9.21954,8.60233,8.06226,8.06226,6.7082,6.7082,6.7082,6.32456,5.38516,5.09902,5.09902,5.0,4.0,4.0,3.16228,3.16228,3.16228,68.47627,66.24198,69.40461,68.60029,69.40461,70.0,67.80118,69.02898,66.6033,68.76772,70.17834,66.70832,68.593,65.05382,66.52819,73.66139,66.48308,65.06919,66.06815,68.60029,68.8186,64.66065,66.0303,69.40461,67.20119,63.78087,71.61006,69.06519,64.63745,66.4003,65.21503,61.40033,61.40033,62.36986,58.41233,58.69412,56.63921,53.8145,56.63921,52.3259,48.60041,47.20169,46.61545,41.34005,40.81666,39.44617,32.80244,34.1321,28.63564,25.70992,23.76973,23.5372,22.2036,20.39608,18.02776,18.68154,15.0333,38.07887,37.73592,42.0119,39.69887,43.86342,39.69887,42.0119,39.82462,43.82921,41.04875,43.56604,43.86342,45.65085,42.95346,46.06517,39.35734,42.54409,39.81206,37.57659,38.91015,39.11521,40.31129,34.48188,40.60788,39.66106,37.01351,34.05877,36.79674,31.82766,33.6006,36.05551,38.60052,34.98571,39.39543,39.92493,40.49691,38.60052,36.87818,41.59327,43.93177,41.7732,45.04442,46.01087,51.0,45.04442,44.04543,47.26521,53.75872,52.88667,55.08176,57.56735,55.36244,59.80803,57.93962,59.13544,62.64982,66.18912
12.08305,12.08305,12.08305,12.08305,12.08305,12.52996,12.08305,12.52996,12.52996,11.6619,11.6619,12.20656,12.20656,12.20656,12.20656,12.20656,12.80625,11.40175,12.04159,11.40175,11.40175,11.40175,12.04159,11.40175,11.40175,11.40175,11.40175,10.81665,10.81665,10.81665,10.29563,8.94427,9.84886,8.94427,8.544,8.544,8.24621,7.28011,7.28011,6.08276,6.08276,6.0,5.0,5.0,4.0,4.12311,4.12311,3.16228,3.16228,3.60555,2.82843,2.82843,62.58594,63.89053,70.60453,71.47027,66.7308,66.48308,67.41662,72.23573,68.42514,68.44706,71.17584,69.77822,68.09552,69.35416,65.74192,69.83552,69.83552,66.57327,66.37017,67.42403,70.0,69.46222,67.26812,65.80274,63.82006,69.40461,67.74216,69.06519,63.24555,66.0303,66.88797,64.63745,60.80296,60.90156,57.45433,54.58938,55.4617,53.0,53.23533,53.7122,46.09772,47.75982,43.93177,43.56604,34.36568,35.35534,35.35534,32.01562,31.01612,30.06659,25.17936,28.01785,19.23538,21.93171,16.15549,18.78829,13.45362,36.12478,35.38361,39.82462,43.26662,42.05948,42.05948,43.86342,41.4367,44.27189,46.32494,43.17407,48.83646,39.05125,44.91102,39.05125,43.17407,42.2019,42.19005,39.56008,38.60052,40.26164,40.49691,40.5216,38.27532,39.21734,39.56008,39.0,36.05551,30.46309,35.0,39.82462,37.01351,41.03657,38.20995,40.45986,45.48626,44.28318,37.57659,40.31129,41.23106,44.59821,48.70318,44.59821,49.33559,47.29693,45.60702,48.50773,54.14795,49.09175,52.08647,50.01,54.0,55.14526,52.15362,61.52235,58.54912,63.78871
12.36932,12.36932,12.16553,12.16553,12.16553,12.16553,12.16553,12.04159,12.04159,12.04159,12.04159,12.0,12.0,12.0,12.0,12.04159,12.04159,12.04159,12.04159,12.04159,12.04159,12.04159,12.04159,12.04159,11.04536,11.04536,12.04159,11.04536,11.0,10.0,10.0,10.04988,10.04988,9.05539,9.21954,9.21954,8.24621,7.28011,7.61577,6.7082,6.7082,5.83095,5.83095,5.83095,5.0,5.0,4.24264,4.24264,3.60555,3.16228,3.16228,3.16228,64.93843,71.70077,69.46222,69.11584,72.1734,72.06247,69.11584,64.00781,65.03076,72.02777,72.24957,70.25667,68.11755,69.11584,70.34913,68.593,71.02112,70.71068,69.42622,71.58911,73.24616,69.37579,65.80274,66.40783,68.30813,67.72001,70.88018,64.84597,66.09841,66.70832,66.48308,70.60453,64.32729,62.58594,63.78871,58.69412,57.48913,56.7186,57.14018,51.24451,53.23533,44.10215,45.17743,39.45884,41.4367,36.49658,36.34556,31.62278,31.95309,27.51363,27.51363,22.84732,23.70654,18.43909,17.69181,22.62742,12.80625,37.64306,39.81206,42.29657,43.0,43.10452,47.51842,42.42641,43.93177,43.18565,45.88028,44.92215,44.14748,45.31004,47.01064,48.8467,42.05948,45.35416,42.15448,42.95346,38.63936,36.13862,43.01163,36.05551,35.69314,39.05125,38.20995,38.0,40.04997,34.23449,36.22154,36.13862,37.64306,36.13862,42.37924,33.73426,42.54409,38.91015,42.95346,44.10215,44.65423,45.34314,45.34314,50.20956,50.91169,48.25971,56.93856,51.40039,53.23533,48.8467,53.23533,54.70832,55.4617,57.38467,59.80803,61.35145,58.69412,58.46366
12.52996,12.52996,12.52996,12.52996,12.52996,12.08305,12.08305,12.08305,12.08305,12.64911,12.64911,11.7047,12.36932,12.36932,11.40175,12.36932,12.36932,11.40175,11.40175,12.36932,11.40175,12.36932,12.16553,11.18034,11.40175,11.18034,11.40175,11.40175,10.44031,10.77033,9.48683,9.84886,9.84886,8.94427,8.94427,8.94427,8.06226,7.81025,7.81025,7.07107,7.07107,5.65685,6.40312,5.0,5.0,4.47214,4.47214,4.12311,4.12311,3.16228,3.0,3.0,65.94695,71.06335,67.00746,69.81404,70.21396,69.06519,70.0,71.69379,70.71068,70.72482,72.56032,70.66116,74.70609,68.47627,68.88396,73.34848,70.23532,65.9242,70.00714,68.94926,71.47027,67.77905,70.88018,67.05222,68.94926,64.03124,68.62215,73.68175,68.30813,68.62215,72.42237,68.62215,62.39391,62.62587,63.56886,62.17717,58.60034,57.69749,56.82429,51.62364,50.24938,47.70744,43.13931,41.86884,38.94868,36.23534,36.79674,35.38361,31.40064,27.20294,26.40076,26.57066,23.32381,21.2132,18.43909,19.0,15.0333,39.31921,41.23106,38.62642,44.41846,43.56604,43.26662,40.22437,42.0119,46.2277,45.25483,43.18565,44.55334,43.13931,45.25483,44.55334,40.36087,41.7732,37.53665,41.72529,43.13931,39.59798,38.8973,36.79674,36.06938,38.94868,38.01316,36.89173,38.62642,36.23534,40.31129,32.98485,35.73514,36.67424,37.10795,30.0,39.11521,42.04759,47.0,43.04649,40.1995,44.91102,46.57252,48.8467,53.31041,50.96077,49.64877,49.1935,54.58938,49.24429,53.66563,51.62364,58.30952,57.68882,56.22277,59.66574,59.66574,67.17887
13.34166,13.60147,13.60147,13.34166,13.60147,12.64911,13.60147,13.60147,13.92839,13.0,13.0,13.41641,13.41641,13.0,12.52996,12.52996,13.0384,12.52996,13.0384,12.52996,12.52996,12.52996,12.52996,12.52996,12.52996,12.52996,12.52996,12.08305,12.08305,12.08305,11.18034,10.77033,10.77033,9.48683,10.44031,9.48683,9.21954,8.06226,8.06226,8.06226,7.07107,7.07107,6.0,6.0,6.0,5.09902,5.09902,4.12311,4.12311,3.16228,3.16228,2.23607,70.02857,67.00746,67.18631,69.02898,67.36468,73.24616,75.16648,72.56032,67.36468,73.43705,70.5762,69.2315,70.0928,67.72001,69.26038,69.89278,72.73239,69.46222,66.7308,68.00735,72.23573,72.23573,72.49828,70.38466,67.62396,68.94926,68.35203,67.08204,66.21178,67.23095,67.77905,69.28925,65.14599,65.14599,64.62198,61.03278,56.75385,59.43904,54.34151,56.29387,50.80354,48.09366,46.38965,46.04346,42.0,40.0125,37.12142,33.01515,34.9285,34.71311,29.42788,24.35159,20.12461,21.47091,20.0,20.0,17.69181,35.51056,38.47077,37.36308,38.63936,38.32754,41.30375,45.09989,44.18144,47.01064,41.0,42.0119,46.04346,42.04759,40.60788,44.55334,41.4367,44.18144,41.19466,41.19466,41.7732,39.11521,40.4475,36.01389,32.01562,38.0,38.47077,36.22154,39.62323,30.80584,31.01612,34.48188,35.8469,38.48376,36.35932,33.28663,38.83298,39.20459,41.03657,40.45986,39.62323,43.93177,41.6173,43.26662,45.65085,47.50789,46.09772,45.88028,49.39636,48.70318,48.38388,50.80354,53.36666,56.61272,55.54278,55.7315,60.40695,59.13544
13.0,13.0,13.0,13.0,13.0,13.0384,13.0,13.0384,13.0384,13.15295,13.15295,13.15295,13.34166,12.16553,12.36932,13.34166,13.34166,13.34166,12.64911,12.64911,12.64911,12.64911,12.36932,12.64911,12.64911,12.36932,12.36932,12.36932,11.40175,12.36932,11.18034,11.18034,10.19804,10.19804,10.04988,10.04988,9.0,8.0,8.0,8.0,7.07107,7.07107,6.08276,6.08276,5.09902,5.09902,4.12311,4.47214,3.16228,3.16228,3.16228,2.82843,69.42622,66.28725,76.53104,78.08969,75.32596,73.10951,73.00685,69.06519,70.06426,69.0,69.0,73.10951,72.1734,72.00694,73.17103,70.45566,73.82412,72.00694,67.26812,68.88396,75.50497,71.70077,69.92138,71.58911,72.18033,71.19691,70.61161,68.30813,68.65858,71.47027,71.38627,66.94027,66.28725,64.77654,63.95311,61.13101,57.14018,59.00847,63.00794,54.00926,49.0102,50.0,47.26521,44.55334,40.80441,37.33631,34.71311,38.60052,30.80584,28.86174,28.79236,25.4951,25.94224,21.63331,19.41649,14.21267,15.81139,35.69314,39.45884,42.42641,44.01136,42.10701,41.04875,43.56604,42.57934,45.89118,44.38468,46.32494,43.68066,47.12749,49.98,47.16991,44.38468,42.15448,43.46263,42.2019,40.24922,43.32436,37.36308,37.48333,42.72002,38.47077,35.0,35.01428,36.05551,31.01612,35.01428,34.20526,37.33631,36.49658,37.69615,37.94733,42.04759,40.49691,42.63801,40.60788,44.59821,41.7732,47.42362,46.75468,46.2277,48.82622,44.04543,51.31277,54.58938,54.91812,53.23533,57.27128,59.23681,58.87274,58.69412,59.13544,62.64184,68.88396
13.60147,12.64911,13.34166,12.64911,13.34166,13.34166,13.15295,13.15295,14.14214,13.15295,13.15295,14.14214,14.14214,13.0384,13.0384,14.03567,13.0,13.0,13.0,13.0,13.0384,13.0,13.0,13.0,13.0384,13.0,12.0,12.04159,12.04159,12.04159,11.04536,11.18034,11.18034,10.19804,10.44031,9.48683,8.544,8.544,7.61577,7.61577,7.61577,6.7082,6.40312,5.83095,5.0,5.0,4.24264,4.24264,3.60555,2.82843,2.82843,2.23607,71.56116,63.63175,69.35416,70.00714,77.07788,74.0,69.28925,69.07966,68.00735,75.58439,73.73602,71.56815,74.2159,67.44627,73.76313,70.40597,70.40597,72.83543,69.2315,73.5527,77.78175,69.11584,71.25307,69.26038,70.85901,72.44308,67.60178,71.34424,68.46897,67.47592,67.60178,73.5527,65.12296,65.76473,62.64982,63.89053,58.46366,61.13101,57.58472,56.921,51.62364,46.09772,47.42362,51.10773,43.04649,38.94868,40.0,34.4093,35.35534,29.20616,29.73214,23.43075,20.61553,23.02173,20.61553,17.08801,13.92839,39.0,43.04649,42.95346,43.17407,43.01163,40.80441,38.48376,43.46263,42.04759,42.48529,42.43819,43.82921,45.22168,39.40812,44.20407,39.66106,40.0,40.31129,41.18252,43.82921,42.04759,41.67733,33.12099,36.71512,35.51056,36.76955,33.83785,33.24154,34.52535,34.20526,33.06055,36.34556,36.01389,36.0,37.12142,40.26164,26.1725,37.36308,41.4367,40.16217,42.95346,45.65085,51.31277,41.67733,45.0,53.8145,52.40229,50.44799,57.38467,47.42362,52.34501,60.0,57.62812,54.6443,57.68882,65.21503,57.00877
11.7047,11.40175,12.36932,12.36932,12.36932,11.40175,12.16553,12.16553,12.16553,12.16553,12.16553,12.04159,12.04159,12.04159,12.0,12.04159,12.0,12.04159,12.0,12.0,12.0,12.0,12.0,12.0,12.0,12.0,12.04159,11.04536,11.04536,11.04536,10.04988,11.18034,10.19804,9.21954,9.21954,8.544,8.544,7.61577,7.61577,6.7082,5.83095,5.83095,5.83095,5.0,4.24264,4.24264,3.60555,3.60555,2.82843,2.23607,2.23607,2.0,68.42514,65.0,71.47027,64.40497,68.00735,67.91171,68.94926,68.00735,70.88018,66.48308,64.53681,66.70832,65.52099,66.75328,66.70832,66.27217,72.33948,66.18912,66.48308,69.26038,69.18092,67.1193,69.00725,68.06614,63.00794,71.0,68.0,66.0,68.0,65.03076,69.02898,62.00806,64.19502,65.49046,60.29925,58.69412,58.85576,57.07013,54.81788,54.12024,49.33559,48.08326,49.33559,40.71855,43.08132,35.35534,36.05551,32.75668,31.241,25.4951,25.0,25.45584,19.84943,15.26434,20.59126,16.12452,13.60147,37.12142,39.45884,40.4475,41.97618,43.56604,39.56008,42.95346,40.71855,42.19005,42.04759,43.56604,43.46263,44.29447,42.72002,41.34005,44.41846,42.72002,41.04875,41.34005,39.35734,40.70626,38.01316,39.81206,41.62932,33.24154,33.24154,40.16217,30.80584,34.1321,38.0526,32.06244,35.0571,39.01282,35.90265,39.05125,34.71311,32.69557,37.0,41.23106,39.35734,42.94182,42.94182,44.94441,48.02083,42.80187,52.20153,46.69047,48.79549,55.86591,50.9902,54.56189,55.17246,60.20797,56.85948,55.07268,60.90156,63.81222
13.41641,12.08305,13.0,13.0,13.0,13.0,13.0,12.64911,12.64911,12.36932,13.60147,13.34166,12.36932,12.36932,12.16553,12.16553,13.15295,13.15295,12.16553,12.16553,12.16553,12.16553,13.15295,12.04159,12.16553,12.16553,12.16553,11.18034,11.40175,11.40175,10.44031,10.77033,9.84886,9.84886,9.84886,9.84886,8.94427,8.06226,8.60233,7.81025,7.07107,6.40312,6.40312,6.40312,5.0,5.0,4.47214,4.12311,4.12311,3.16228,4.0,3.0,66.37017,64.14047,67.97794,68.88396,69.46222,66.64083,72.01389,72.23573,70.93659,74.09453,70.83784,73.76313,73.76313,70.34202,72.27724,69.857,74.1485,68.88396,69.42622,68.26419,79.07591,67.60178,73.33485,67.36468,69.05071,66.91039,69.35416,73.17103,64.77654,70.34913,66.37017,70.71068,67.46851,67.60178,60.41523,65.52099,59.20304,59.13544,56.61272,57.24509,54.42426,47.75982,47.41308,40.24922,42.94182,38.94868,37.12142,34.1321,32.20248,30.61046,31.82766,24.41311,22.47221,20.24846,21.09502,19.92486,13.60147,40.0,37.21559,38.60052,45.54119,42.44997,42.54409,39.39543,43.26662,44.77723,45.48626,44.94441,46.64762,45.45327,47.50789,44.20407,40.22437,39.82462,38.41875,42.80187,38.01316,42.43819,38.94868,32.20248,34.1321,38.07887,36.76955,30.08322,36.76955,33.95585,32.75668,33.37664,35.35534,38.20995,33.01515,38.11824,41.0,37.36308,42.2019,43.01163,39.81206,38.07887,44.29447,47.41308,47.88528,47.88528,50.20956,47.01064,51.62364,52.34501,50.24938,57.38467,58.13777,58.72819,60.21628,61.22091,62.68174,63.60031
13.15295,13.34166,13.15295,13.34166,13.15295,14.14214,14.14214,13.0384,13.0384,13.0,13.0,14.0,13.0384,13.0384,14.03567,13.0384,14.14214,13.0384,13.15295,14.14214,13.15295,13.15295,13.15295,13.15295,13.15295,13.15295,13.15295,12.04159,13.0384,12.04159,12.04159,11.0,11.04536,11.04536,11.04536,10.04988,9.05539,9.21954,8.24621,8.24621,7.28011,7.28011,6.32456,6.32456,5.38516,5.38516,4.47214,4.24264,3.60555,3.60555,2.82843,2.82843,61.58734,64.3506,68.88396,67.74216,74.73286,72.89719,66.64083,69.77822,73.73602,74.63243,68.15424,73.68175,74.33034,67.35726,72.42237,71.56815,72.36712,74.72617,71.02112,65.76473,69.72087,67.89698,68.73136,64.62971,69.58448,70.21396,72.69113,67.26812,63.50591,71.25307,68.593,71.02112,61.0,60.67125,61.81424,61.13101,60.87693,61.68468,56.30275,52.55473,53.45091,54.12947,51.0,46.14109,46.14109,40.31129,38.41875,33.6006,34.20526,28.3196,32.01562,24.75884,22.47221,22.47221,17.46425,19.92486,12.64911,37.10795,39.84972,40.71855,43.08132,43.38202,41.18252,39.20459,44.94441,42.0119,41.7732,43.18565,41.72529,46.01087,42.44997,46.66905,38.94868,39.62323,37.53665,41.72529,38.83298,41.72529,40.31129,35.51056,36.06938,34.82815,37.12142,30.01666,35.8469,34.0147,34.48188,32.57299,39.29377,33.95585,36.12478,36.22154,38.0526,36.05551,37.48333,40.60788,36.40055,43.93177,40.49691,44.59821,46.61545,51.10773,53.66563,51.10773,53.2635,50.60632,46.2277,49.67897,54.56189,59.46427,55.44367,58.13777,60.10824,60.959
12.20656,12.80625,12.80625,12.80625,12.80625,12.04159,12.72792,12.72792,12.72792,13.45362,13.45362,13.45362,13.45362,12.80625,12.80625,12.80625,13.0384,12.80625,13.0384,13.0384,12.20656,13.0384,13.0384,13.0384,12.20656,13.0384,12.20656,12.20656,12.20656,11.40175,12.04159,10.63015,10.63015,9.89949,9.89949,9.89949,9.21954,8.60233,7.81025,7.2111,7.2111,6.7082,5.83095,5.83095,5.38516,4.47214,4.12311,4.12311,3.16228,3.0,3.0,2.0,70.2282,65.78754,72.8011,66.64083,74.24284,71.58911,70.23532,71.34424,65.73431,71.86793,72.42237,64.2028,67.80118,73.81734,68.24954,70.00714,73.0,67.89698,69.35416,65.79514,72.91776,69.31089,70.00714,67.88225,65.06919,67.17887,66.21933,68.76772,67.89698,70.0928,70.72482,68.11755,59.39697,65.06919,58.72819,63.89053,60.81118,59.66574,60.60528,52.80152,51.31277,48.82622,50.77401,43.909,42.95346,35.34119,36.13862,34.20526,31.57531,31.7805,25.70992,22.0,22.0,20.09975,17.11724,15.52417,16.49242,38.94868,37.20215,37.21559,45.69464,37.57659,43.68066,42.44997,41.76123,44.14748,43.17407,42.75512,41.59327,43.17407,41.4367,44.28318,40.04997,42.19005,39.01282,42.29657,41.4367,35.90265,38.20995,33.54102,33.37664,34.17601,35.8469,31.62278,31.38471,33.01515,36.05551,28.3196,32.64966,33.24154,38.41875,34.20526,35.8469,34.48188,38.48376,35.8469,41.10961,42.95346,38.27532,42.42641,43.17407,46.27094,43.93177,50.35871,52.00961,48.01042,56.0357,45.70558,64.03124,73.5459,65.80274,65.80274,61.13101,59.20304
12.52996,13.0384,13.60147,13.0384,13.60147,13.60147,13.0384,12.80625,12.80625,12.80625,13.45362,13.45362,13.45362,12.72792,12.72792,13.45362,13.45362,13.45362,13.45362,13.45362,13.45362,13.45362,13.45362,12.80625,13.45362,13.45362,12.72792,12.72792,12.72792,12.04159,11.40175,11.40175,11.40175,10.0,10.81665,9.43398,10.29563,8.94427,8.94427,8.06226,7.28011,7.61577,6.32456,6.32456,6.08276,5.09902,5.0,5.0,4.0,4.0,3.16228,3.16228,68.35203,68.35203,69.857,71.17584,67.62396,71.69379,69.77105,72.00694,71.86793,73.43024,69.11584,67.23095,72.42237,69.33974,69.40461,72.00694,70.17834,72.62231,67.94115,67.47592,70.00714,73.0,70.72482,70.72482,67.89698,68.593,69.35416,73.5527,68.76772,67.89698,70.72482,71.44928,65.29931,69.29646,65.11528,60.959,62.42596,59.64059,55.60576,53.82379,51.31277,48.30114,48.76474,46.06517,43.08132,36.67424,40.26164,35.44009,32.38827,35.17101,31.06445,27.01851,22.2036,20.02498,20.61553,15.29706,15.65248,33.01515,37.44329,39.11521,39.81206,37.94733,42.05948,43.32436,39.05125,38.32754,41.4367,39.62323,39.81206,40.31129,43.28972,37.21559,38.11824,46.09772,37.05401,40.31129,36.49658,34.05877,32.55764,31.40064,30.08322,32.89377,30.67572,30.08322,30.88689,30.52868,31.241,32.44996,38.41875,32.55764,34.71311,34.20526,34.82815,35.22783,34.53983,35.8469,36.40055,38.8973,43.68066,42.72002,49.0306,48.50773,42.0,45.01111,50.01,49.36598,47.51842,52.61179,61.52235,58.0517,50.9902,58.24088,58.82176,67.18631
13.0384,13.0384,12.20656,13.60147,13.60147,13.60147,12.80625,12.80625,12.80625,12.72792,13.45362,13.45362,12.72792,12.72792,12.04159,13.45362,13.45362,13.60147,12.80625,12.80625,12.80625,13.45362,12.80625,12.80625,12.80625,12.80625,12.04159,12.04159,12.04159,11.31371,11.31371,10.63015,10.63015,10.0,10.0,9.21954,8.60233,8.06226,8.06226,7.61577,6.7082,6.32456,6.32456,5.38516,5.38516,4.12311,4.12311,4.0,3.0,3.16228,2.23607,2.23607,65.14599,72.42237,72.73239,69.07966,68.942,70.00714,73.34848,70.38466,70.21396,70.23532,71.58911,73.92564,75.71658,71.19691,72.40166,72.42237,72.11103,68.50547,69.63476,72.24957,67.26812,69.02898,65.0,65.60488,72.8011,71.70077,73.0,72.91776,68.68042,67.47592,65.19202,65.80274,66.28725,65.80274,60.46487,62.1289,61.40033,59.68249,57.69749,51.47815,52.3259,48.75449,47.75982,42.72002,43.9659,38.07887,37.65634,37.33631,29.15476,27.07397,27.0,28.16026,24.33105,24.18677,17.46425,16.27882,16.40122,35.38361,34.4093,42.54409,40.31129,43.08132,38.27532,37.36308,36.67424,38.07887,45.12206,42.19005,40.60788,48.37355,46.17359,40.04997,39.31921,39.81206,42.10701,38.32754,38.0526,37.01351,38.83298,35.12834,39.29377,29.73214,33.61547,31.76476,29.96665,32.24903,33.6006,28.42534,34.71311,33.97058,32.55764,37.48333,38.01316,34.88553,39.11521,39.96248,40.71855,41.23106,43.9659,47.07441,47.29693,43.17407,41.01219,44.28318,47.85394,52.00961,53.03772,54.03702,55.57877,51.08816,51.66237,57.03508,60.63827,60.87693
12.64911,13.0,13.0,13.0,12.08305,12.52996,12.08305,12.52996,12.52996,12.20656,12.20656,12.20656,12.80625,12.20656,12.80625,12.80625,11.40175,12.04159,12.04159,12.72792,12.04159,12.04159,12.04159,12.04159,12.04159,12.04159,12.04159,11.40175,10.81665,10.81665,10.81665,10.81665,10.29563,8.94427,9.84886,8.544,8.544,7.61577,7.28011,6.32456,7.28011,6.08276,6.08276,5.0,5.0,5.09902,4.12311,3.16228,3.16228,3.16228,2.82843,2.82843,65.25335,69.26038,71.16881,70.21396,71.17584,67.23095,72.49828,74.68601,70.38466,71.58911,72.06941,72.00694,72.06941,72.40166,70.17834,73.00685,72.20111,71.21798,67.62396,73.59348,70.93659,76.6942,67.89698,72.34639,69.52697,73.0,70.03571,65.8559,70.72482,72.24957,68.62215,68.0147,70.03571,60.81118,60.20797,60.21628,57.42822,61.40033,58.18075,55.47071,57.80138,51.88449,50.28916,42.72002,43.01163,42.72002,38.8973,32.01562,28.79236,33.06055,28.01785,29.06888,25.0,22.2036,20.88061,19.23538,17.08801,37.20215,36.24914,40.8534,40.49691,43.65776,38.07887,43.41659,46.17359,42.0,44.10215,40.0125,43.10452,39.01282,40.0125,39.05125,39.01282,42.04759,39.01282,39.11521,35.12834,34.0,33.13608,34.1321,34.71311,30.80584,36.40055,33.54102,33.83785,29.15476,33.01515,31.38471,38.41875,36.61967,32.01562,33.6006,39.05125,36.35932,37.80212,38.07887,40.31129,43.08132,46.17359,44.14748,50.9902,45.60702,48.0,49.47727,52.46904,56.56854,52.03845,49.0408,61.20457,55.08176,54.23099,61.13101,62.36986,66.21933
13.0384,13.15295,13.15295,13.15295,12.16553,12.36932,13.34166,12.36932,12.36932,12.64911,12.64911,12.64911,12.64911,12.64911,12.08305,13.0,13.0,12.08305,13.41641,12.52996,12.08305,12.08305,12.08305,12.08305,12.08305,13.0,12.08305,11.7047,11.7047,11.7047,11.40175,10.44031,10.19804,9.21954,10.19804,9.05539,9.05539,8.0,7.07107,7.07107,7.07107,7.07107,6.08276,5.38516,5.38516,4.47214,4.47214,3.60555,3.60555,3.60555,3.60555,3.60555,67.18631,68.593,70.00714,71.00704,74.0,73.06162,72.0,70.06426,66.1211,76.94154,69.26038,71.19691,79.83107,75.50497,74.43118,72.03471,71.56815,69.857,70.34202,69.64194,72.53275,70.88018,70.2282,70.88018,70.2282,71.16881,71.8401,70.5762,67.05222,67.35726,71.16881,74.2159,67.18631,69.12308,59.22837,62.80127,60.82763,62.1289,59.0,59.21149,49.0102,49.0102,45.17743,45.89118,48.16638,40.4475,41.10961,35.44009,30.8707,28.79236,30.01666,26.92582,21.93171,23.43075,19.20937,14.42221,13.0,38.07887,37.36308,41.23106,44.55334,41.59327,42.04759,41.0,41.01219,44.04543,37.0,42.04759,40.60788,43.10452,39.20459,42.75512,37.64306,40.11234,42.75512,37.85499,31.32092,33.24154,35.90265,35.0,34.05877,31.14482,31.40064,35.17101,33.95585,29.61419,36.40055,31.76476,41.59327,38.07887,36.61967,34.66987,40.60788,38.41875,41.03657,39.62323,44.82187,42.63801,45.45327,48.02083,44.41846,49.92995,59.61543,56.0803,53.7122,53.31041,54.12024,52.63079,57.87055,58.46366,59.43904,63.1981,65.12296,69.72087
12.72792,12.72792,12.04159,12.80625,12.80625,12.80625,12.80625,12.80625,12.80625,12.20656,12.20656,13.0384,13.0384,13.0384,13.0384,12.52996,12.52996,12.08305,12.08305,12.52996,12.52996,12.52996,12.52996,12.08305,12.52996,12.52996,11.6619,12.20656,11.6619,11.6619,11.40175,11.40175,10.63015,9.89949,9.89949,9.21954,9.21954,9.21954,7.81025,8.06226,7.2111,6.7082,6.7082,5.83095,5.38516,5.09902,5.09902,5.0,4.0,4.0,4.12311,3.16228,71.02816,72.67049,67.94115,67.26812,63.89053,74.27651,67.20863,71.44928,69.31089,73.66139,70.0928,69.6563,71.84706,68.24954,69.02898,75.43209,71.21798,71.02816,71.84706,69.33974,72.56032,69.35416,70.3278,70.23532,68.60029,67.60178,69.83552,71.11962,65.30697,67.74216,69.46222,69.35416,64.66065,66.28725,60.21628,58.13777,61.84658,59.81639,55.60576,55.0,53.03772,48.79549,48.27007,41.6173,42.43819,36.40055,38.07887,33.54102,32.20248,28.79236,27.85678,24.18677,21.58703,21.09502,23.02173,17.11724,13.60147,39.11521,37.20215,38.94868,41.7732,38.8973,38.8973,40.60788,43.909,40.81666,39.35734,40.70626,42.54409,38.47077,42.37924,34.88553,38.01316,42.05948,35.8469,38.47077,35.8469,36.71512,36.23534,31.62278,31.76476,32.01562,28.42534,29.06888,33.42155,30.61046,37.20215,29.41088,33.28663,38.32754,33.10589,40.26164,35.77709,34.0,36.40055,37.65634,42.19005,36.0,43.28972,43.73786,46.38965,47.67599,52.20153,49.98,47.53946,49.98,51.86521,51.89412,56.64804,54.3783,56.93856,62.96825,64.14047,64.07027
14.14214,13.0384,14.14214,14.14214,13.15295,14.03567,14.0,14.0,14.0,14.0,14.03567,14.03567,14.03567,13.15295,13.0384,13.15295,14.14214,13.15295,13.15295,13.15295,14.14214,14.31782,13.15295,13.34166,13.15295,13.15295,13.0384,13.15295,12.04159,12.04159,12.04159,12.0,12.0,11.0,11.04536,10.04988,10.04988,9.21954,9.21954,8.24621,7.28011,7.28011,7.61577,6.7082,6.7082,5.83095,5.0,5.0,5.0,4.24264,3.60555,3.60555,68.35203,69.57011,66.76077,68.30813,67.72001,62.58594,74.33034,74.1485,72.00694,66.28725,70.71068,66.06815,69.46222,68.46897,72.1734,71.17584,72.00694,68.00735,67.0,69.11584,69.26038,71.17584,68.593,70.25667,69.35416,70.34913,73.82412,71.44928,67.26812,73.10951,66.27217,67.18631,64.03124,65.19202,64.19502,63.00794,64.00781,59.0,58.21512,52.61179,54.23099,53.36666,49.64877,43.68066,42.37924,43.32436,34.9285,37.33631,32.24903,31.38471,29.83287,22.47221,22.67157,22.80351,19.84943,20.59126,16.55295,32.0,39.20459,35.51056,38.60052,40.5216,40.8534,43.65776,40.31129,41.18252,42.19005,40.24922,43.26662,40.70626,40.22437,39.66106,39.96248,38.83298,32.64966,34.0,31.76476,31.76476,35.8469,31.62278,34.43835,34.43835,31.32092,31.257,29.42788,29.01724,29.06888,33.13608,30.06659,28.16026,37.85499,36.05551,43.01163,49.64877,38.8973,43.82921,43.38202,39.44617,42.80187,40.60788,43.13931,48.10405,42.52058,50.44799,47.50789,52.69725,54.81788,52.20153,57.45433,51.62364,57.14018,57.93962,63.24555,66.70832
12.20656,11.6619,12.80625,12.80625,12.04159,11.40175,12.72792,12.04159,12.04159,12.04159,11.31371,12.04159,12.04159,11.40175,11.40175,12.20656,12.20656,11.40175,11.6619,11.6619,12.20656,12.20656,12.20656,11.6619,11.6619,12.20656,12.20656,10.81665,10.81665,10.81665,10.63015,10.0,9.89949,9.21954,8.48528,9.21954,8.60233,7.81025,7.2111,7.2111,5.83095,5.83095,5.83095,5.38516,5.09902,4.12311,4.0,3.0,3.0,3.16228,2.23607,2.23607,66.4003,65.45991,67.47592,67.80118,65.29931,67.94115,67.35726,68.62215,67.89698,70.03571,69.35416,66.48308,69.35416,70.29225,71.8401,69.63476,72.67049,67.41662,65.19202,69.64194,69.46222,68.26419,67.97794,67.74216,66.88797,65.76473,69.35416,67.54258,63.63175,67.08204,66.64083,66.18912,65.0,61.40033,60.53924,58.82176,62.42596,57.00877,55.21775,53.2635,50.24938,46.8615,47.42362,41.86884,42.52058,39.82462,35.22783,34.66987,30.41381,28.30194,29.12044,22.13594,21.2132,18.24829,18.11077,19.0263,14.14214,38.28838,36.79674,40.60788,40.0,39.11521,41.67733,41.23106,43.65776,39.92493,44.27189,45.22168,41.48494,41.76123,43.93177,40.26164,40.02499,41.0,36.68787,36.05551,37.33631,39.29377,37.10795,36.05551,33.12099,33.61547,31.30495,31.06445,33.30165,31.14482,34.05877,32.64966,34.98571,37.21559,34.48188,36.71512,37.94733,38.8973,38.60052,42.05948,40.4475,40.4475,44.10215,46.01087,45.09989,48.04165,46.04346,48.04165,50.01,52.17279,50.21952,52.20153,53.45091,67.6757,54.12947,56.79789,61.26989,63.63175
13.89244,13.89244,13.0384,13.0384,12.52996,13.41641,13.41641,13.41641,13.41641,13.0,13.92839,13.92839,12.64911,12.64911,12.64911,13.34166,13.60147,12.36932,13.34166,13.60147,12.64911,13.60147,13.34166,13.34166,13.34166,13.34166,12.64911,11.7047,13.0,11.7047,12.08305,10.77033,11.18034,10.29563,10.29563,9.43398,9.43398,8.60233,8.06226,7.81025,7.81025,7.07107,5.65685,5.65685,5.65685,5.0,4.24264,3.60555,3.60555,3.16228,2.23607,2.23607,66.21933,62.00806,62.96825,71.50524,74.24958,69.35416,77.15569,71.42129,72.83543,68.11755,70.43437,71.06335,75.80237,67.42403,67.00746,69.40461,69.64194,72.67049,70.49113,69.77105,71.02112,72.94518,69.77822,70.66116,68.88396,71.34424,67.53518,70.26379,70.83078,68.0,62.6099,67.1193,65.76473,61.91123,60.20797,62.80127,64.07027,60.60528,60.60528,56.0803,51.22499,51.08816,46.8615,45.34314,44.59821,39.82462,32.64966,35.0,29.83287,32.24903,21.9545,25.07987,23.34524,25.4951,18.68154,12.16553,16.03122,37.21559,39.40812,39.62323,42.63801,43.18565,40.45986,41.88078,41.6173,46.64762,45.17743,42.54409,43.82921,46.06517,44.28318,44.28318,40.8534,44.77723,41.62932,40.71855,38.27532,37.33631,33.61547,33.12099,34.1321,40.31129,32.20248,32.80244,33.24154,31.1127,31.82766,31.40064,36.05551,32.75668,39.66106,37.94733,38.32754,37.65634,35.51056,34.71311,37.33631,38.0526,38.20995,45.54119,47.09565,50.80354,40.8534,49.47727,50.69517,48.38388,53.85165,51.89412,55.71355,52.80152,52.80152,58.66856,55.22681,66.61081
12.04159,11.40175,12.80625,12.80625,12.20656,12.20656,12.52996,11.6619,12.52996,12.52996,12.52996,12.52996,12.08305,12.08305,12.08305,12.08305,13.0,13.0,12.64911,12.64911,12.64911,12.64911,11.7047,12.64911,12.64911,11.7047,11.7047,12.08305,11.7047,10.77033,10.29563,10.29563,10.29563,9.43398,10.0,9.21954,8.60233,7.81025,7.81025,7.07107,6.40312,6.40312,5.83095,5.83095,4.47214,5.09902,4.12311,4.12311,3.16228,3.0,2.23607,2.23607,67.47592,67.47592,73.24616,69.52697,68.0147,71.42129,72.83543,74.33034,66.52819,72.18033,70.83784,70.0928,72.62231,68.00735,68.24954,69.02898,71.56116,70.49113,70.83078,69.33974,71.58911,65.8635,71.17584,71.58911,71.19691,75.591,67.97794,70.21396,66.64833,75.58439,68.96376,71.11962,61.91123,67.41662,63.51378,64.2028,61.61169,59.81639,61.29437,55.17246,50.9902,51.62364,46.69047,43.93177,39.69887,40.0,43.41659,29.68164,31.90611,28.17801,29.83287,27.51363,26.30589,18.11077,19.41649,16.0,17.26268,38.27532,43.60046,38.8973,46.01087,43.41659,47.63402,39.96248,49.09175,47.85394,40.70626,45.18849,44.59821,44.77723,40.71855,43.65776,37.69615,45.31004,37.69615,39.92493,40.49691,37.16181,38.94868,32.20248,39.44617,36.89173,32.75668,31.89044,35.4683,32.55764,37.44329,31.89044,36.71512,30.67572,33.61547,35.17101,37.94733,35.17101,40.31129,37.48333,43.10452,44.0,40.4475,44.01136,47.09565,42.04759,44.10215,40.79216,46.84015,55.9017,50.59644,48.38388,54.42426,57.93962,56.36488,60.20797,64.14047,67.1193
11.6619,12.20656,12.20656,12.20656,11.40175,11.40175,11.40175,12.04159,12.04159,12.04159,12.04159,12.04159,12.04159,12.04159,11.40175,12.04159,11.40175,11.40175,12.20656,12.20656,12.20656,12.20656,12.20656,11.6619,11.6619,10.81665,11.40175,11.40175,11.40175,11.40175,10.63015,9.89949,9.89949,9.89949,9.21954,8.60233,8.60233,7.81025,7.2111,7.2111,6.7082,6.7082,5.38516,5.38516,5.09902,4.12311,4.0,3.0,3.0,3.16228,2.23607,2.82843,63.51378,64.07027,66.0303,68.24222,70.21396,68.24954,67.62396,71.8401,65.94695,64.38167,71.50524,67.89698,65.8559,68.62215,67.20863,71.70077,70.17834,67.80118,63.00794,71.02816,67.95587,67.74216,66.57327,63.51378,69.33974,71.02112,71.02112,68.0,66.57327,66.57327,61.58734,65.0,63.81222,66.28725,64.89992,60.44005,61.03278,57.38467,52.40229,52.34501,55.9017,48.9183,46.09772,46.61545,40.60788,40.70626,33.54102,36.89173,31.01612,27.20294,27.20294,24.73863,24.02082,19.10497,17.11724,13.0,14.03567,39.59798,37.48333,40.80441,40.80441,43.909,45.65085,45.27693,43.38202,44.38468,43.32436,47.75982,44.92215,42.05948,45.60702,43.73786,41.76123,43.41659,40.5216,39.05125,38.60052,35.90265,36.87818,37.0,34.48188,32.69557,31.38471,33.83785,34.71311,31.89044,35.35534,33.42155,32.64966,36.05551,39.66106,40.24922,38.07887,36.76955,37.64306,37.10795,41.0,40.31129,44.91102,44.10215,45.17743,43.04649,53.03772,50.08992,48.37355,48.83646,51.41984,51.66237,51.5461,55.02727,55.71355,59.46427,58.69412,59.94164
12.52996,12.52996,12.08305,12.08305,12.08305,12.08305,12.64911,12.64911,12.64911,12.64911,12.64911,12.36932,12.36932,11.40175,12.36932,13.15295,12.16553,12.16553,12.16553,12.04159,12.04159,12.04159,12.16553,12.04159,12.16553,12.04159,12.04159,11.04536,11.18034,12.16553,10.19804,10.19804,10.44031,9.48683,9.48683,9.48683,8.94427,8.06226,8.06226,7.2111,7.2111,6.40312,6.40312,5.65685,5.65685,5.0,5.0,3.60555,4.47214,4.12311,3.16228,3.0,71.17584,65.30697,69.92138,69.64194,70.88018,71.8401,70.34202,74.04053,72.8011,73.97973,71.58911,71.80529,71.56815,67.36468,68.46897,69.26038,75.05998,70.02857,71.25307,71.00704,70.06426,70.00714,73.10951,68.02941,69.02898,71.06335,68.26419,72.33948,73.5527,72.1734,70.45566,69.00725,67.26812,68.00735,61.0,62.07254,64.38167,57.87055,58.42089,55.3263,52.95281,48.83646,45.88028,46.48656,44.38468,38.62642,42.72002,33.12099,33.61547,28.6531,26.07681,23.43075,24.83948,21.93171,20.80865,18.02776,16.12452,36.22154,39.62323,40.5216,45.88028,42.54409,43.82921,46.23851,42.19005,45.27693,44.40721,47.43416,41.34005,46.61545,44.82187,41.7732,43.86342,42.2019,41.7732,39.82462,39.82462,36.87818,38.27532,37.21559,34.0147,34.0147,34.43835,29.73214,34.52535,29.27456,32.06244,35.22783,37.12142,39.0,34.36568,35.22783,39.45884,36.67424,40.49691,40.31129,40.71855,39.56008,44.94441,47.50789,45.48626,48.01042,52.40229,48.16638,48.27007,50.24938,51.62364,52.63079,55.56978,56.61272,54.08327,61.40033,61.7414,62.24147
11.18034,12.08305,11.6619,12.52996,11.6619,11.6619,12.20656,12.20656,12.20656,11.40175,11.40175,12.04159,12.04159,12.04159,12.04159,11.31371,12.04159,12.04159,12.04159,12.04159,11.31371,11.40175,11.31371,12.04159,12.04159,12.04159,11.31371,11.31371,11.31371,10.63015,10.63015,10.63015,10.0,10.0,9.43398,8.94427,8.94427,7.61577,7.61577,7.61577,7.28011,6.32456,5.09902,5.09902,5.0,5.0,4.12311,3.16228,3.16228,3.16228,2.82843,2.82843,62.64982,65.30697,67.77905,66.64833,69.77105,70.23532,67.95587,67.23095,67.60178,66.28725,69.63476,66.8431,71.70077,68.41053,70.21396,69.02898,69.02898,63.70243,63.89053,67.88225,68.62215,66.48308,66.52819,64.38167,65.05382,70.29225,68.88396,68.0147,65.11528,67.17887,67.20863,65.76473,64.3506,58.0,62.24147,59.66574,59.66574,57.38467,56.61272,51.31277,48.8774,50.24938,46.09772,42.15448,39.56008,38.32754,32.98485,37.10795,30.14963,26.30589,30.01666,24.08319,25.0,18.11077,18.68154,15.23155,13.60147,38.20995,38.01316,41.88078,43.26662,43.82921,46.8188,45.18849,42.95346,39.05125,44.38468,45.22168,46.17359,44.91102,42.57934,42.75512,44.91102,43.41659,38.07887,39.20459,37.65634,39.29377,35.73514,35.90265,34.9285,34.53983,33.54102,34.53983,32.44996,32.44996,34.66987,34.65545,35.35534,36.12478,36.40055,38.01316,40.49691,36.71512,39.82462,39.92493,39.84972,38.62642,47.07441,45.35416,48.25971,45.39824,51.97115,47.04253,50.15974,51.0098,53.23533,51.24451,52.46904,54.74486,55.08176,57.87055,61.68468,65.25335
13.34166,13.34166,13.34166,12.16553,13.15295,13.15295,13.0384,13.0384,13.0384,13.0384,13.0384,13.0,13.0,13.0,13.0,13.0,13.0384,13.0384,12.04159,13.0384,13.0384,13.0384,13.0384,13.15295,13.0384,13.0384,13.0384,12.04159,12.0,12.0,11.04536,11.04536,11.04536,10.04988,10.19804,10.19804,9.21954,8.24621,8.544,7.61577,7.61577,6.7082,6.7082,5.83095,5.83095,4.47214,5.0,3.60555,3.60555,2.82843,2.82843,2.23607,66.40783,65.52099,68.68042,67.68309,71.06335,69.2315,64.53681,69.72087,65.62012,71.44928,68.46897,68.26419,71.17584,66.00758,68.18358,66.0303,71.02816,65.00769,68.06614,70.17834,67.36468,67.26812,67.47592,68.73136,67.60178,69.35416,68.46897,67.47592,68.18358,69.26038,72.1734,69.06519,64.28063,62.28965,61.03278,63.00794,59.07622,56.22277,58.54912,53.15073,52.39275,49.0408,45.88028,46.17359,44.38468,36.40055,36.76955,33.24154,30.41381,29.52965,23.32381,22.02272,21.93171,22.62742,19.23538,19.41649,14.31782,37.21559,39.20459,42.19005,43.10452,41.10961,40.02499,39.84972,40.26164,43.9659,42.15448,47.53946,42.04759,44.77723,44.29447,47.41308,42.48529,39.11521,38.01316,36.76955,39.44617,35.35534,38.07887,31.95309,33.10589,32.89377,26.57066,35.22783,33.06055,32.24903,35.0571,34.52535,35.51056,34.36568,36.40055,37.36308,36.05551,37.94733,39.92493,35.77709,36.71512,42.43819,38.41875,43.01163,46.01087,46.69047,50.9902,46.75468,49.81967,52.00961,45.80393,49.64877,53.0,55.00909,56.82429,55.36244,64.2573,57.87055
12.64911,12.64911,12.64911,13.0,12.64911,13.0,13.0,13.0,13.0,13.41641,13.41641,12.52996,13.0384,13.0384,13.0384,13.0384,13.60147,13.0384,12.80625,12.80625,12.20656,13.60147,12.20656,12.04159,12.80625,12.20656,12.20656,12.20656,12.20656,12.20656,11.6619,11.6619,10.29563,11.18034,9.84886,9.84886,9.84886,8.544,8.544,7.61577,7.07107,7.07107,7.07107,6.08276,6.0,5.0,5.09902,4.0,4.12311,3.16228,3.16228,2.23607,66.91039,69.05071,71.06335,72.99315,73.08215,75.58439,74.94665,74.84651,71.7844,67.62396,70.00714,69.35416,73.40981,71.11259,69.97142,70.23532,75.47185,71.34424,72.40166,69.97142,72.20111,67.80118,73.24616,68.00735,68.60029,71.84706,66.4003,73.75636,72.47068,71.21798,69.81404,70.80254,66.28725,70.45566,64.40497,62.43397,63.28507,61.7414,58.69412,59.09315,58.69412,51.07837,48.08326,48.50773,41.97618,39.81206,36.12478,36.34556,33.24154,29.15476,28.07134,29.27456,23.08679,19.41649,18.35756,13.89244,15.0,41.59327,38.07887,43.9659,42.57934,40.31129,45.17743,42.19005,45.01111,41.01219,43.18565,46.04346,45.09989,47.16991,43.10452,44.55334,42.19005,45.39824,41.01219,41.59327,39.62323,39.31921,36.05551,37.01351,38.0526,35.22783,34.71311,31.40064,37.36308,34.78505,33.24154,34.88553,35.77709,37.73592,39.82462,38.94868,41.10961,35.38361,41.03657,40.45986,41.6173,43.56604,44.41846,47.53946,44.72136,49.39636,53.85165,50.92151,49.47727,50.21952,49.49747,52.15362,58.03447,55.08176,55.00909,60.00833,60.29925,62.514
12.80625,12.80625,13.0384,12.80625,13.0384,12.20656,13.0384,12.52996,12.52996,13.89244,12.52996,13.0,13.0,13.0,12.08305,13.92839,12.64911,12.64911,12.64911,12.64911,12.64911,13.60147,12.64911,13.60147,12.64911,12.64911,12.64911,12.64911,11.7047,12.08305,12.08305,11.18034,11.18034,10.29563,10.81665,10.81665,9.43398,8.60233,7.81025,7.81025,7.07107,6.40312,6.40312,6.40312,5.83095,5.0,5.38516,4.47214,4.12311,3.16228,3.16228,3.16228,68.8186,68.26419,74.09453,64.66065,68.0,69.97142,68.0,73.82412,67.97794,71.11962,72.61543,70.00714,70.00714,64.62198,69.28925,74.04053,68.88396,69.12308,72.42237,67.68309,69.63476,70.34202,68.88396,65.51336,68.44706,69.35416,69.05071,72.44308,66.09841,70.71068,67.08204,72.56721,61.61169,64.56005,62.36185,66.48308,61.68468,54.40588,57.77543,56.64804,53.22593,51.88449,47.50789,45.17743,44.68781,41.23106,37.01351,33.6006,34.4093,33.42155,28.01785,26.62705,23.76973,16.55295,21.18962,17.72005,13.0,37.21559,41.4367,41.10961,41.78516,42.04759,40.81666,41.04875,41.86884,45.60702,42.0119,45.96738,43.13931,42.52058,42.42641,43.13931,45.34314,47.42362,38.20995,38.94868,33.97058,38.8973,33.01515,39.62323,30.80584,31.76476,33.83785,32.69557,36.24914,30.36445,32.57299,31.04835,36.12478,35.69314,33.24154,42.19005,37.05401,37.21559,39.01282,41.7732,40.49691,42.04759,37.69615,42.95346,46.95743,47.85394,39.66106,46.32494,52.47857,50.21952,51.73973,55.44367,54.56189,55.17246,52.34501,59.66574,63.41136,60.30755
13.15295,13.0384,13.0384,13.0384,13.0384,13.0384,13.0,13.0,13.0384,13.0384,13.0384,13.0384,13.0384,13.0384,13.15295,13.15295,14.14214,13.15295,13.15295,12.36932,13.34166,13.34166,13.34166,12.36932,13.15295,13.15295,13.15295,12.16553,12.16553,12.04159,12.04159,11.04536,11.0,11.0,10.0,10.0,9.05539,8.06226,8.24621,7.28011,7.07107,7.28011,6.32456,6.32456,5.38516,4.47214,4.47214,3.60555,3.60555,2.82843,2.82843,2.23607,70.60453,69.2315,67.60178,72.18033,69.58448,65.9242,69.46222,76.05919,72.33948,70.17834,72.02777,70.02857,71.0,67.0,73.00685,74.33034,72.33948,67.1193,67.47592,73.97973,71.84706,69.05071,68.15424,69.63476,71.80529,70.40597,67.60178,70.61161,65.30697,66.28725,70.61161,70.34202,61.18823,65.30697,61.98387,62.1289,57.14018,61.29437,60.07495,59.00847,53.03772,51.24451,47.51842,46.38965,43.17407,36.40055,41.23106,33.95585,31.95309,27.73085,23.25941,22.82542,21.47091,20.61553,14.14214,13.60147,15.6205,39.31921,37.0,42.0119,39.31921,40.60788,44.91102,45.60702,42.15448,43.08132,41.78516,42.04759,43.41659,43.909,39.81206,38.07887,43.46263,36.89173,42.37924,37.44329,36.76955,34.9285,37.16181,36.24914,33.10589,33.73426,37.65634,35.90265,33.24154,32.14032,35.51056,36.05551,34.23449,36.49658,38.07887,38.07887,38.27532,35.4683,45.17743,36.89173,44.10215,42.43819,46.2277,42.0119,49.0408,48.10405,49.0408,50.20956,50.21952,54.08327,50.77401,54.20332,50.11986,57.77543,55.71355,56.32051,56.04463,62.8172
13.0384,12.20656,13.60147,13.60147,13.60147,12.80625,13.45362,12.80625,12.80625,12.72792,12.72792,12.72792,13.45362,12.80625,12.80625,13.45362,12.80625,12.80625,12.20656,12.80625,12.80625,12.80625,12.80625,13.0384,12.20656,12.80625,12.80625,12.04159,11.40175,12.04159,10.63015,11.31371,10.63015,10.0,10.0,10.0,9.21954,8.60233,8.06226,7.2111,7.61577,6.7082,5.83095,6.32456,5.38516,5.09902,5.09902,4.12311,4.12311,3.16228,3.0,2.0,63.81222,69.83552,68.47627,71.86793,75.45197,74.33034,73.00685,67.80118,71.61006,72.40166,68.50547,67.47592,68.68042,69.02898,71.50524,67.17887,70.72482,72.34639,72.91776,69.52697,69.2026,69.2026,66.4003,67.47592,71.50524,72.18033,74.65253,66.03787,67.80118,69.06519,70.17834,66.70832,70.17834,63.89053,65.79514,58.0,62.96825,58.0,56.60389,55.21775,53.2635,50.60632,45.17743,46.64762,42.54409,42.48529,36.23534,31.38471,33.52611,26.92582,32.06244,23.08679,18.68154,21.0,18.02776,13.92839,13.41641,40.36087,37.48333,41.7732,41.18252,38.83298,42.72002,42.05948,40.49691,39.56008,43.32436,44.01136,42.44997,43.73786,43.01163,42.44997,42.75512,40.80441,37.65634,38.60052,39.0,31.32092,37.0,35.90265,34.4093,32.20248,37.58989,31.14482,39.40812,34.05877,35.80503,37.01351,35.80503,32.64966,39.82462,37.21559,42.19005,41.62932,39.56008,39.56008,40.60788,39.62323,44.72136,40.4475,48.09366,44.04543,52.08647,53.33854,48.09366,54.74486,51.78803,49.47727,51.92302,55.7853,57.00877,59.46427,60.72891,65.30697
13.34166,13.60147,13.92839,13.60147,13.92839,13.60147,13.92839,13.0,13.41641,13.41641,13.41641,13.41641,13.41641,13.41641,13.41641,12.20656,13.0384,13.0384,13.0384,13.0384,13.0384,12.20656,13.0384,13.0384,13.0384,13.0384,12.52996,12.52996,12.52996,12.08305,12.08305,12.08305,11.7047,10.44031,9.48683,9.48683,9.21954,9.21954,8.06226,8.06226,7.07107,6.0,7.0,6.08276,5.09902,5.09902,4.47214,4.47214,4.47214,3.60555,3.60555,2.82843,74.73286,68.15424,73.75636,71.8401,70.0928,74.72617,70.60453,74.67262,66.30988,63.56099,71.86793,74.32362,71.16881,69.77105,67.54258,74.43118,74.70609,74.79305,72.56032,67.95587,80.77747,69.06519,70.45566,69.46222,68.26419,76.53757,66.28725,70.45566,67.6757,74.09453,72.67049,71.11962,68.26419,68.47627,62.6099,65.74192,57.93962,60.74537,60.63827,56.04463,56.29387,49.64877,49.0306,45.54119,40.79216,40.0,38.01316,34.1321,29.06888,28.86174,28.44293,22.13594,26.92582,23.25941,20.24846,18.35756,12.80625,39.05125,43.13931,40.80441,40.49691,38.47077,40.24922,40.16217,40.5216,41.0,39.21734,39.56008,31.7805,43.41659,40.26164,37.65634,36.22154,39.81206,37.10795,40.80441,35.17101,36.49658,41.10961,31.32092,26.92582,34.53983,29.96665,32.75668,34.98571,31.06445,35.80503,33.30165,36.87818,35.35534,42.52058,36.12478,37.80212,39.35734,37.73592,43.38202,44.41846,46.23851,43.41659,47.07441,49.76947,48.83646,44.38468,48.6621,48.25971,57.42822,56.00893,51.0098,53.15073,57.21888,55.3263,58.54912,67.60178,66.91039
12.64911,12.64911,12.36932,13.34166,13.34166,12.36932,12.16553,12.16553,13.15295,13.15295,12.16553,13.0384,12.04159,12.04159,13.0384,13.0,13.0,12.0,13.0,13.0,12.0,12.0,12.0,13.0,12.0,13.0,12.0,12.04159,11.04536,11.04536,11.04536,11.04536,11.18034,9.21954,8.24621,9.48683,8.544,8.24621,6.7082,6.7082,6.7082,5.83095,5.83095,5.0,4.24264,4.24264,2.82843,3.60555,3.16228,2.23607,2.23607,2.0,72.61543,70.77429,70.83784,73.38937,73.37575,70.34202,70.34202,71.06335,70.40597,69.63476,69.05071,69.72087,74.8131,70.03571,71.84706,71.34424,74.43118,73.06162,74.00676,71.00704,75.02666,72.00694,72.0,73.00685,70.02857,70.02857,69.06519,74.02702,70.06426,71.02816,68.02941,72.11103,69.26038,65.12296,65.19202,57.14018,58.54912,61.81424,57.27128,53.60037,54.12024,49.64877,45.88028,42.72002,40.31129,38.01316,33.28663,35.22783,30.80584,27.65863,21.93171,21.40093,21.93171,18.60108,15.65248,17.88854,14.76482,36.22154,39.11521,41.0,43.28972,41.4367,44.14748,38.62642,44.01136,42.05948,43.08132,43.82921,44.72136,40.24922,45.17743,39.39543,37.57659,39.44617,38.07887,38.01316,37.58989,33.54102,34.9285,28.17801,34.48188,33.95585,33.95585,33.24154,35.0571,37.33631,35.0,37.12142,39.45884,35.90265,42.95346,40.80441,38.8973,39.39543,40.8534,44.41846,44.65423,48.37355,48.60041,44.94441,52.63079,50.60632,50.24938,49.51767,51.73973,51.08816,55.44367,57.80138,56.61272,62.68174,55.07268,63.13478,62.6099,63.97656
13.0384,13.0384,14.03567,13.0384,14.03567,13.0,13.0,13.0,13.0384,14.0,14.03567,13.0384,13.0384,13.15295,13.0384,13.15295,13.34166,13.34166,12.36932,13.34166,13.15295,13.34166,13.34166,12.36932,13.34166,12.16553,12.36932,12.16553,12.16553,12.16553,11.04536,11.04536,11.04536,10.0,10.0,10.04988,9.05539,8.06226,8.06226,8.24621,7.28011,7.28011,6.32456,6.32456,5.38516,5.0,5.0,4.47214,4.24264,4.24264,3.60555,2.82843,70.11419,71.11259,75.10659,67.1193,70.45566,73.02739,69.06519,73.17103,75.16648,68.593,68.44706,72.83543,68.73136,70.61161,71.19691,76.40026,76.65507,71.16881,72.8011,72.42237,71.17584,74.46476,72.44998,74.73286,73.82412,72.44998,67.97794,70.68239,69.46222,68.30813,66.70832,71.17584,65.55151,68.942,65.45991,60.74537,64.56005,62.03225,59.48109,53.15073,51.62364,49.81967,44.72136,46.04346,41.01219,39.0,36.22154,34.36568,35.51056,28.01785,22.2036,24.69818,21.54066,18.02776,18.60108,14.31782,13.60147,32.24903,35.01428,38.20995,40.11234,37.33631,38.83298,38.83298,37.69615,41.23106,42.05948,36.23534,37.16181,38.27532,39.0,37.33631,35.77709,34.88553,34.1321,32.98485,32.69557,34.71311,31.40064,25.96151,30.26549,27.16616,27.16616,29.15476,32.01562,31.04835,34.71311,32.31099,38.27532,37.33631,35.51056,37.21559,33.61547,35.22783,38.83298,40.36087,41.7732,47.42362,45.0,47.70744,48.25971,48.82622,51.0,50.53712,56.0803,54.626,51.26402,52.20153,56.61272,54.12024,58.69412,59.77458,70.03571,67.26812
13.41641,13.41641,13.92839,13.0,13.92839,13.0,13.60147,13.60147,12.64911,13.60147,13.60147,13.34166,12.36932,12.36932,12.36932,13.15295,13.15295,13.15295,12.16553,13.0384,12.04159,13.0384,13.15295,13.0384,13.15295,13.15295,12.16553,12.16553,11.18034,12.36932,10.44031,11.40175,10.44031,9.48683,9.84886,9.84886,8.94427,8.06226,7.2111,7.2111,7.2111,6.40312,5.65685,5.65685,5.0,5.0,5.0,4.47214,4.12311,4.12311,3.16228,3.0,69.46222,74.0,72.73239,71.8401,77.62087,76.90254,69.92138,70.83078,70.40597,72.03471,72.44308,71.44928,72.44308,71.34424,68.46897,73.00685,71.11259,70.45566,68.06614,75.0,70.06426,70.02857,66.0303,70.25667,64.00781,70.45566,73.24616,72.06247,67.06713,71.34424,71.11259,69.46222,66.00758,62.00806,64.38167,57.21888,63.12686,59.13544,59.03389,53.60037,54.81788,50.21952,46.8188,46.09772,39.39543,38.62642,36.67424,35.35534,32.24903,25.6125,24.41311,27.80288,20.61553,23.70654,17.20465,14.42221,13.60147,37.12142,33.24154,38.0526,38.32754,39.21734,36.05551,35.44009,39.92493,39.39543,38.91015,34.88553,36.35932,35.34119,34.4093,37.21559,34.98571,34.48188,33.10589,27.78489,37.64306,29.54657,28.63564,30.67572,31.32092,34.23449,29.01724,29.01724,33.06055,35.12834,32.24903,33.54102,35.51056,36.13862,34.20526,39.39543,41.88078,39.11521,40.31129,41.18252,44.41846,46.2277,46.66905,52.34501,48.83646,51.62364,47.20169,53.00943,56.22277,53.25411,58.25805,56.85948,61.77378,59.36329,64.41273,65.0,62.03225,65.74192
13.0384,13.60147,13.60147,13.60147,13.0384,12.80625,13.45362,13.45362,13.45362,13.45362,13.45362,13.45362,12.72792,12.72792,13.45362,13.45362,12.80625,12.80625,12.80625,12.80625,12.80625,12.80625,13.45362,12.80625,12.04159,12.80625,12.04159,11.31371,12.72792,11.31371,11.40175,11.40175,10.0,10.0,10.0,9.43398,8.94427,8.94427,8.544,8.544,7.61577,7.28011,6.32456,6.08276,6.08276,5.0,5.0,5.0,4.12311,4.12311,3.16228,3.16228,75.60423,69.63476,71.70077,66.70832,65.8559,76.57676,70.00714,74.96666,70.29225,74.96666,70.71068,69.52697,72.34639,68.60029,68.88396,69.81404,72.24957,69.64194,72.8011,67.41662,73.4983,69.06519,69.64194,70.71068,67.00746,69.33974,67.1193,64.14047,71.02816,70.17834,67.1193,71.21798,61.61169,70.0,64.03124,68.76772,58.0517,57.98276,59.4138,53.03772,46.75468,44.20407,49.39636,44.94441,41.59327,41.67733,34.88553,34.20526,32.31099,27.20294,25.4951,21.2132,19.41649,22.02272,19.23538,15.13275,19.92486,33.24154,30.88689,34.48188,35.80503,34.1321,41.01219,37.48333,35.4683,33.30165,32.52691,34.05877,34.82815,36.23534,34.1321,36.61967,33.94113,30.0,29.83287,34.71311,30.4795,27.65863,29.0,28.3196,31.40064,28.01785,26.83282,31.95309,31.40064,34.43835,32.89377,28.16026,39.56008,38.63936,35.35534,39.31921,34.0,39.11521,43.0,40.0125,41.30375,45.54119,45.70558,47.53946,45.35416,49.33559,51.97115,50.28916,51.42956,52.55473,54.626,57.3062,53.66563,61.05735,59.16925,62.68174,68.50547,69.81404
13.60147,13.60147,13.92839,14.86607,13.92839,13.92839,13.92839,14.31782,14.31782,14.31782,14.31782,14.76482,13.89244,13.89244,13.89244,14.42221,13.60147,13.60147,13.60147,13.60147,13.60147,13.60147,13.89244,13.60147,13.60147,13.89244,13.89244,13.0384,13.0384,12.52996,12.52996,11.18034,12.08305,11.18034,10.77033,10.77033,9.48683,9.21954,8.24621,8.24621,8.06226,7.07107,7.07107,6.0,6.0,6.0,5.0,4.0,4.0,3.0,3.16228,3.16228,76.29548,69.857,77.88453,74.2159,73.37575,77.20104,75.89466,77.83315,72.23573,77.07788,74.33034,76.05919,77.47258,72.61543,75.13322,74.94665,76.05919,70.45566,71.34424,73.78347,72.94518,74.94665,76.844,75.21303,74.06079,73.75636,75.71658,72.00694,73.00685,73.81734,71.02816,73.60027,63.24555,69.33974,63.81222,64.88451,60.82763,59.94164,59.80803,57.77543,55.71355,52.55473,47.29693,46.17359,47.07441,41.59327,42.10701,34.9285,36.12478,35.01428,30.14963,28.28427,24.35159,21.58703,20.61553,18.97367,15.26434,30.41381,34.66987,31.38471,35.77709,36.68787,34.48188,33.83785,39.20459,38.83298,38.01316,33.73426,38.20995,37.33631,37.12142,36.12478,33.13608,36.12478,32.0,29.27456,31.7805,26.4764,32.24903,29.41088,30.08322,28.63564,34.0147,27.78489,33.42155,31.89044,35.4683,32.52691,35.60899,37.20215,38.83298,36.71512,40.22437,41.67733,43.38202,43.08132,46.17359,40.49691,46.84015,49.33559,48.37355,52.39275,50.28916,53.15073,54.45181,55.14526,55.22681,57.0,65.03076,63.1981,61.20457,68.73136,64.77654,70.0928
13.0384,12.20656,12.80625,12.20656,12.20656,12.20656,12.80625,12.04159,12.04159,12.04159,12.04159,12.72792,12.72792,12.04159,12.04159,12.04159,12.80625,12.04159,12.20656,12.80625,12.04159,11.40175,12.04159,12.04159,12.04159,12.04159,12.04159,10.63015,11.31371,11.31371,10.63015,10.0,10.0,8.60233,9.43398,8.60233,8.06226,8.06226,7.61577,6.7082,6.32456,6.32456,5.09902,5.09902,5.09902,4.0,4.0,3.0,3.0,3.16228,2.23607,2.23607,71.69379,73.24616,71.86793,71.40028,71.8401,72.00694,71.02816,74.20243,71.06335,71.8401,74.51845,67.94115,73.10951,72.91776,71.44928,74.33034,73.66139,68.24954,72.47068,68.88396,71.21798,71.40028,67.80118,66.85058,75.60423,67.35726,69.2026,74.4043,70.0,71.28113,65.60488,68.8186,63.41136,65.43699,64.03124,58.0517,62.96825,60.10824,58.0,54.81788,53.90733,49.57822,44.10215,43.82921,42.19005,39.11521,39.56008,33.54102,33.73426,28.4605,28.16026,24.5153,20.02498,20.02498,18.02776,16.27882,19.64688,35.51056,30.61046,36.40055,36.05551,39.82462,38.41875,34.98571,35.8469,36.23534,35.34119,36.05551,42.05948,31.7805,32.75668,36.40055,34.88553,32.31099,38.07887,37.12142,34.98571,28.6007,34.4093,32.64966,30.23243,29.83287,30.4795,27.80288,30.4795,29.52965,32.20248,33.28663,34.88553,40.31129,39.29377,40.5216,41.48494,38.47077,41.0,40.4475,41.10961,47.04253,44.10215,50.03998,51.24451,45.09989,44.28318,49.16299,55.9017,55.97321,58.5235,59.13544,56.36488,58.30952,57.00877,67.54258,68.02941,69.83552
13.0384,13.60147,14.42221,13.89244,13.89244,13.89244,13.89244,13.41641,13.89244,13.89244,13.41641,13.41641,13.0,13.0,13.0,13.0,13.0,13.60147,13.60147,13.60147,13.92839,13.60147,13.92839,13.60147,12.64911,12.64911,12.64911,12.64911,13.0,12.08305,12.08305,11.18034,11.6619,10.29563,10.81665,10.0,10.0,9.21954,9.21954,7.81025,7.81025,7.07107,7.81025,6.40312,6.40312,5.83095,5.38516,4.47214,4.47214,4.47214,3.16228,3.16228,69.46222,73.79024,77.16217,69.64194,76.89603,70.00714,75.76939,73.68175,73.24616,71.8401,76.48529,76.29548,78.08969,75.18643,70.34202,71.70077,72.83543,65.76473,70.45566,73.02739,74.24284,69.26038,74.0,72.24957,71.00704,75.16648,70.02857,73.10951,71.02816,71.06335,70.00714,71.00704,63.12686,66.00758,65.12296,66.91039,60.82763,56.4358,63.3877,56.75385,53.36666,50.59644,48.76474,45.22168,43.08132,40.71855,37.21559,36.71512,35.51056,31.62278,28.3196,29.41088,24.83948,19.10497,21.63331,18.60108,16.55295,29.06888,32.0,35.12834,34.9285,34.17601,34.88553,37.16181,34.43835,39.56008,35.34119,34.98571,38.07887,32.75668,27.78489,32.01562,30.80584,34.66987,33.10589,33.12099,30.67572,29.54657,30.08322,31.7805,29.83287,27.20294,28.16026,27.0,30.0,30.80584,36.22154,33.73426,34.71311,35.17101,36.76955,39.21734,38.60052,37.94733,42.15448,43.04649,45.27693,43.60046,44.65423,48.60041,52.34501,47.42362,47.38143,50.24938,56.85068,55.80323,55.0,58.41233,59.64059,56.60389,60.82763,63.07139,66.64833,71.69379
13.15295,12.16553,13.15295,13.15295,13.15295,12.16553,12.64911,12.36932,12.36932,12.36932,12.64911,12.64911,12.64911,12.64911,11.7047,12.52996,12.52996,12.08305,12.52996,12.52996,12.52996,12.52996,12.52996,12.52996,12.08305,12.08305,12.08305,12.08305,11.18034,12.08305,10.77033,10.77033,10.77033,9.84886,9.48683,9.48683,8.24621,8.24621,8.06226,7.07107,6.08276,6.08276,6.0,5.0,4.12311,4.12311,4.12311,3.16228,3.16228,3.16228,2.23607,1.41421,73.97973,71.56815,71.38627,73.24616,70.34202,73.97973,75.43209,78.1025,73.4983,72.44998,67.06713,71.30919,72.23573,68.00735,71.51224,69.46222,73.53911,70.66116,74.24284,71.69379,70.3278,62.96825,71.40028,68.7968,72.56032,71.28113,73.57309,72.56032,68.96376,70.83078,68.96376,71.55418,65.76473,69.46222,67.53518,63.69458,62.96825,59.48109,56.64804,50.92151,51.5461,47.80167,45.60702,42.75512,41.97618,37.12142,34.0147,35.0,34.0147,29.0,28.16026,21.2132,22.80351,20.61553,17.88854,14.86607,12.52996,35.80503,35.35534,35.22783,41.23106,39.21734,37.33631,37.48333,37.65634,37.65634,38.11824,38.0,37.01351,34.0147,32.06244,39.11521,33.24154,37.01351,32.14032,32.0,31.14482,33.37664,34.20526,29.83287,32.57299,33.24154,30.8707,31.06445,30.52868,31.38471,35.35534,28.3196,41.03657,35.60899,43.27817,40.22437,38.27532,36.89173,40.22437,42.05948,44.72136,44.77723,44.64303,47.12749,50.92151,45.88028,58.69412,48.50773,51.47815,54.12947,58.42089,56.7186,58.03447,58.00862,65.03076,67.02984,71.02816,67.36468
12.36932,12.36932,12.36932,13.34166,13.34166,12.16553,12.16553,12.04159,12.16553,13.0384,12.04159,12.0,13.0,12.04159,12.0,13.0384,12.04159,12.04159,12.04159,12.04159,12.04159,12.04159,12.04159,12.16553,12.04159,12.04159,12.04159,12.04159,12.04159,11.0,10.0,11.0,10.04988,10.04988,9.05539,9.05539,9.05539,8.06226,8.24621,7.28011,6.32456,6.32456,5.38516,5.38516,4.47214,4.24264,3.60555,2.82843,2.82843,2.82843,2.23607,1.41421,64.07808,75.15318,66.21178,67.06713,62.39391,68.15424,72.44998,70.60453,70.83784,68.00735,70.03571,62.36185,67.46851,68.44706,66.09841,71.25307,68.593,68.593,69.11584,69.0,63.03174,69.06519,65.0,69.00725,69.00725,69.00725,69.00725,73.0,65.00769,66.0303,68.0,63.00794,64.07027,61.07373,64.49806,59.07622,57.55867,55.44367,56.32051,54.81788,52.39275,47.12749,50.0,40.8534,38.07887,39.35734,33.54102,35.22783,28.3196,26.07681,27.65863,23.85372,20.51828,17.49286,15.23155,17.72005,13.0384,33.24154,35.01428,35.22783,37.10795,35.51056,33.24154,34.17601,36.05551,36.68787,39.92493,35.77709,32.24903,33.54102,38.07887,31.38471,36.24914,33.54102,32.75668,29.96665,31.38471,29.12044,28.28427,30.08322,29.27456,31.7805,29.15476,30.01666,31.01612,31.257,35.35534,34.52535,37.0,36.87818,39.21734,39.92493,38.01316,38.48376,35.77709,43.26662,43.56604,40.81666,45.80393,44.40721,53.15073,46.8615,48.16638,50.24938,50.44799,54.03702,57.48913,56.40035,57.80138,55.22681,62.68174,62.43397,60.90156,67.1193
12.20656,12.20656,12.80625,12.80625,12.80625,12.04159,12.04159,12.04159,12.04159,12.04159,12.04159,12.04159,12.04159,12.04159,12.20656,12.20656,11.6619,12.20656,12.52996,11.6619,11.6619,12.52996,11.6619,11.6619,11.6619,11.6619,10.81665,10.81665,10.81665,10.81665,10.0,10.63015,9.21954,9.21954,8.48528,9.21954,7.81025,7.81025,7.2111,7.2111,6.7082,5.83095,5.83095,5.38516,4.12311,5.09902,4.12311,3.0,3.0,2.23607,2.23607,2.23607,69.97142,65.8635,73.4983,72.71864,70.3278,75.29276,68.7968,75.71658,71.8401,69.89278,71.21798,72.8011,67.47592,75.0733,71.50524,71.42129,71.42129,67.89698,70.29225,72.83543,72.24957,70.00714,72.00694,73.87828,71.21798,72.47068,72.18033,73.81734,73.75636,68.41053,65.94695,63.89053,66.6033,67.20863,65.8559,61.52235,60.81118,58.13777,55.97321,56.40035,54.08327,50.24938,45.79301,44.41846,38.47077,39.92493,37.12142,34.17601,30.08322,31.04835,27.65863,27.01851,21.0238,23.02173,20.02498,16.0,16.12452,33.83785,33.01515,38.18377,37.64306,36.12478,37.73592,38.07887,38.83298,38.94868,34.43835,39.82462,36.67424,33.83785,35.4683,32.24903,34.9285,36.24914,35.77709,30.23243,35.35534,30.88689,30.23243,28.30194,31.89044,31.82766,33.24154,33.24154,35.38361,30.80584,32.75668,36.05551,34.0147,37.33631,38.48376,42.37924,40.31129,43.17407,41.23106,41.10961,43.18565,46.27094,46.04346,47.16991,51.24451,56.0,49.09175,53.08484,49.49747,53.33854,58.85576,58.24088,55.7853,56.64804,60.08328,69.57011,67.41662,60.83584
13.0384,13.0,13.0,13.0,13.0,13.0,13.0384,13.0384,13.0384,13.15295,13.15295,12.16553,12.36932,12.36932,12.36932,13.34166,12.36932,12.36932,11.7047,12.64911,12.36932,12.64911,12.64911,12.64911,12.64911,12.36932,12.36932,12.36932,11.40175,11.18034,11.18034,11.04536,10.04988,10.04988,10.0,9.0,10.0,8.06226,7.07107,7.07107,7.28011,6.32456,6.32456,5.38516,5.38516,4.47214,4.47214,4.24264,4.24264,3.60555,3.60555,2.23607,73.5459,70.5762,71.44928,70.71068,70.45566,74.43118,68.02941,75.00667,71.02816,70.17834,69.06519,67.18631,74.33034,68.26419,72.24957,70.71068,71.84706,68.593,71.38627,67.68309,71.58911,67.46851,71.30919,68.15424,70.0928,72.03471,67.6757,71.16881,65.73431,72.27724,64.03124,72.53275,63.78871,64.7611,61.18823,65.9242,65.12296,59.03389,60.07495,53.15073,53.03772,48.04165,52.23983,49.49747,44.72136,41.0,40.02499,32.57299,35.51056,31.01612,30.46309,26.92582,25.23886,22.36068,20.61553,15.81139,14.42221,33.61547,33.95585,34.36568,39.01282,36.01389,40.04997,37.05401,37.12142,39.20459,35.51056,35.44009,36.40055,39.05125,33.52611,36.13862,34.71311,32.98485,32.98485,34.36568,30.26549,28.16026,34.0147,35.01428,28.16026,30.06659,31.40064,33.95585,32.75668,30.08322,37.16181,36.05551,38.01316,35.8469,36.61967,41.88078,43.41659,40.0,46.2277,45.96738,47.50789,45.60702,48.10405,49.81967,49.09175,52.15362,55.9017,53.22593,53.85165,56.85948,56.36488,59.09315,59.13544,65.45991,62.93648,67.68309,69.64194,65.51336
12.04159,12.04159,12.04159,12.04159,12.04159,11.31371,12.04159,12.04159,12.04159,12.04159,12.04159,11.40175,12.20656,12.20656,11.40175,12.20656,11.6619,12.20656,11.6619,11.6619,11.6619,11.6619,11.6619,11.6619,10.81665,11.6619,12.20656,10.81665,11.40175,10.0,10.63015,10.63015,9.89949,9.89949,9.21954,8.60233,8.60233,7.2111,7.2111,7.2111,6.7082,5.83095,5.38516,5.09902,5.09902,4.12311,4.0,4.0,3.0,3.16228,2.23607,2.23607,71.40028,70.60453,71.70077,68.41053,69.2026,70.29225,70.03571,70.71068,70.93659,69.52697,72.91776,70.72482,66.6033,72.24957,68.0147,67.35726,72.47068,69.02898,70.80254,70.17834,72.00694,68.24222,71.56116,66.88797,67.95587,70.49113,70.45566,70.72482,71.56116,71.02816,64.89992,64.40497,65.60488,68.11755,63.78087,61.55485,58.79626,60.20797,57.31492,54.56189,52.49762,48.27007,47.70744,43.01163,43.82921,41.6173,37.16181,38.47077,30.36445,30.46309,27.89265,27.07397,25.0,20.09975,18.02776,15.81139,15.23155,32.28002,30.46309,33.10589,37.44329,33.61547,37.20215,36.87818,38.94868,37.48333,34.05877,36.06938,37.20215,36.12478,33.28663,34.20526,36.40055,32.80244,32.80244,34.65545,30.41381,27.65863,32.64966,31.14482,32.20248,30.52868,33.01515,35.22783,31.30495,33.24154,32.31099,35.1141,36.13862,33.95585,38.47077,40.0125,36.67424,41.19466,41.0,41.4367,42.0119,40.1995,41.7732,48.05206,51.62364,52.88667,49.49747,50.69517,55.02727,55.71355,54.23099,54.23099,59.61543,57.00877,62.76942,61.91123,65.8635,62.43397
13.15295,12.16553,12.16553,12.16553,12.16553,12.16553,12.36932,11.40175,11.40175,12.64911,12.36932,12.64911,11.7047,11.7047,11.7047,12.08305,12.08305,12.08305,11.18034,12.08305,11.18034,12.08305,12.08305,12.08305,12.08305,12.08305,11.7047,10.77033,10.77033,11.40175,9.48683,9.48683,10.19804,9.21954,9.05539,9.05539,9.0,8.0,8.0,7.0,7.07107,6.08276,6.08276,5.09902,5.38516,4.47214,4.47214,3.60555,3.60555,2.82843,2.82843,2.82843,68.11755,71.84706,70.34913,72.1734,72.99315,64.93843,67.26812,68.24954,69.2315,70.21396,70.61161,69.37579,66.09841,68.15424,68.94926,74.0,69.28925,68.942,66.30988,72.8011,68.02941,68.44706,67.08204,68.47627,63.56099,67.1193,69.31811,71.11962,67.60178,71.55418,62.6099,65.39113,65.39113,62.39391,62.24147,59.77458,59.20304,59.66574,54.81788,51.41984,55.9017,48.50773,48.50773,43.10452,40.11234,42.0,37.12142,36.34556,35.69314,32.01562,27.51363,25.0,21.47091,21.9545,21.47091,15.0,15.6205,31.241,31.62278,33.28663,34.0147,33.24154,32.64966,36.05551,37.85499,34.9285,37.65634,36.13862,33.73426,37.65634,32.98485,35.0,35.35534,33.24154,31.257,30.59412,32.75668,31.257,31.7805,29.41088,30.67572,32.31099,34.78505,31.38471,29.41088,36.87818,33.01515,37.53665,33.97058,39.62323,38.41875,38.41875,40.80441,40.80441,44.72136,37.12142,41.18252,44.77723,51.47815,47.12749,49.0408,50.32892,46.32494,46.57252,52.88667,53.75872,56.7186,58.21512,59.3043,58.07753,66.37017,64.07027,64.00781,68.02941
13.34166,12.36932,13.15295,13.15295,13.15295,12.16553,13.0384,12.04159,13.0384,13.0384,13.0384,12.0,13.0,13.0,12.04159,13.0384,12.04159,12.04159,12.16553,13.15295,12.04159,12.16553,12.04159,13.15295,12.04159,12.04159,12.04159,12.04159,12.04159,11.04536,11.0,11.0,10.0,10.0,10.04988,9.05539,9.05539,8.06226,8.06226,7.28011,6.32456,6.32456,6.32456,5.38516,5.38516,4.47214,3.60555,3.60555,2.82843,2.82843,2.23607,2.23607,66.21178,69.35416,72.23573,70.00714,75.39231,71.16881,70.83784,74.33034,68.96376,69.64194,71.30919,67.44627,67.18631,67.08204,71.56815,71.70077,71.11259,70.45566,69.06519,64.12488,69.00725,69.26038,67.02984,67.00746,66.06815,71.0,69.06519,66.0303,68.0,68.02941,67.00746,68.06614,62.1289,64.00781,59.00847,60.53098,62.514,59.5399,56.88585,53.93515,54.57105,50.0,50.44799,44.27189,43.68066,37.57659,40.31129,34.0,33.28663,29.15476,29.06888,23.43075,22.80351,22.02272,17.0,16.64332,15.81139,31.01612,33.13608,34.23449,35.35534,36.67424,33.83785,35.4683,33.83785,38.62642,34.98571,34.98571,34.48188,35.8469,31.95309,35.77709,34.0,35.22783,32.64966,31.7805,34.53983,33.52611,35.44009,33.52611,30.59412,34.52535,28.16026,33.06055,35.12834,35.22783,37.21559,33.54102,39.45884,40.31129,39.84972,41.76123,39.84972,33.24154,38.91015,45.27693,49.39636,46.52956,43.26662,48.60041,48.60041,46.2277,46.01087,53.07542,53.03772,62.2254,56.22277,52.80152,59.07622,58.24946,56.61272,61.40033,63.81222,69.77822
13.45362,12.72792,13.45362,12.72792,12.04159,13.45362,12.80625,12.80625,12.80625,12.20656,12.20656,12.20656,13.0384,12.52996,11.6619,12.52996,12.52996,12.52996,12.52996,12.52996,12.52996,12.52996,12.52996,12.08305,12.52996,12.52996,12.52996,11.6619,11.6619,11.6619,10.81665,11.40175,10.63015,10.63015,9.89949,9.89949,9.21954,8.60233,8.60233,7.2111,8.06226,7.2111,6.7082,6.32456,6.32456,5.38516,5.09902,5.09902,4.0,4.0,4.0,3.0,68.60029,71.69379,69.97142,70.72482,68.41053,69.2026,69.40461,74.4043,67.20119,74.41102,72.8011,70.76722,75.0733,65.43699,67.94115,70.76722,70.72482,67.62396,70.29225,66.06815,75.80237,68.88396,74.06079,68.00735,71.61006,72.00694,66.0303,67.6757,65.80274,71.02112,69.63476,68.24954,62.36986,68.76772,63.25346,62.93648,63.70243,58.79626,57.80138,52.20153,53.60037,52.69725,47.80167,44.40721,47.50789,42.48529,41.59327,37.12142,32.28002,26.4764,31.257,29.27456,23.19483,24.08319,21.37756,18.02776,17.46425,31.01612,33.54102,32.24903,37.64306,35.22783,37.53665,38.18377,33.30165,34.65545,35.35534,34.65545,35.60899,37.44329,32.75668,33.6006,28.01785,35.38361,28.42534,33.01515,36.35932,32.80244,33.24154,30.4795,31.82766,33.97058,33.6006,33.28663,37.44329,35.80503,35.77709,35.73514,37.69615,35.44009,39.81206,35.73514,40.79216,43.28972,39.31921,42.19005,42.0119,49.0102,43.18565,46.69047,50.80354,51.1957,46.84015,53.15073,57.07013,55.36244,50.69517,56.921,58.60034,65.29931,59.09315,62.17717,61.29437,67.23095
13.45362,13.45362,13.45362,12.80625,12.80625,13.45362,12.80625,12.20656,12.20656,13.0384,13.0384,12.52996,12.52996,12.52996,12.52996,13.41641,13.41641,13.0,12.08305,12.08305,12.08305,12.08305,13.0,13.0,12.08305,12.08305,12.08305,12.52996,12.08305,11.18034,11.6619,10.81665,10.81665,10.0,10.0,9.21954,9.21954,8.48528,8.48528,7.07107,7.07107,6.40312,6.40312,5.83095,5.83095,4.47214,4.47214,4.12311,3.16228,3.16228,3.16228,3.0,72.94518,66.7308,68.8767,69.46222,72.42237,71.86793,71.34424,70.43437,72.11103,73.24616,73.0,71.58911,72.86288,70.93659,69.52697,72.83543,72.83543,67.94115,72.24957,67.26812,72.47068,68.88396,72.8011,69.2026,72.00694,69.2026,69.06519,68.60029,69.6563,67.20119,67.80118,69.52697,65.79514,70.29225,64.03124,63.89053,63.70243,61.55485,58.0,54.56189,54.56189,50.80354,50.77401,46.52956,43.56604,40.24922,40.31129,35.77709,29.54657,30.08322,32.89377,29.61419,28.44293,24.18677,22.0,19.23538,19.10497,33.83785,31.62278,30.23243,33.01515,35.22783,33.83785,32.44996,35.80503,35.35534,37.16181,35.34119,39.92493,38.47077,35.73514,34.53983,33.12099,35.1141,35.77709,33.83785,33.54102,32.75668,31.62278,31.62278,31.62278,30.41381,34.82815,32.75668,39.62323,35.60899,38.83298,32.64966,37.73592,41.14608,35.35534,38.91015,41.4367,39.56008,43.93177,43.17407,41.7732,42.2019,39.01282,48.04165,48.04165,53.08484,48.16638,49.49747,53.75872,56.7186,47.67599,56.88585,53.16014,59.77458,56.30275,61.68468,66.30988,68.54196
14.03567,14.14214,14.31782,14.14214,14.14214,14.31782,14.56022,14.56022,14.56022,14.56022,14.56022,14.86607,13.92839,13.92839,13.0,13.92839,14.31782,14.31782,13.41641,13.41641,14.31782,14.31782,14.31782,13.41641,13.41641,13.41641,14.31782,13.0,13.0,13.0,12.64911,12.64911,11.7047,11.40175,11.40175,11.18034,10.19804,9.05539,9.05539,9.0,8.0,8.0,7.0,7.0,7.0,6.08276,6.08276,5.09902,4.12311,4.47214,3.16228,3.60555,73.10951,70.00714,70.17834,74.10803,72.02777,73.10951,69.46222,74.43118,69.35416,70.5762,73.17103,68.06614,70.83078,69.42622,71.19691,72.8011,74.63243,66.76077,67.35726,72.27724,73.1642,68.94926,69.857,70.5195,66.12866,68.35203,71.16881,72.09022,68.30813,70.38466,71.51224,72.23573,64.56005,68.68042,64.51356,61.98387,65.30697,63.34824,62.28965,58.0517,58.54912,50.24938,47.26521,45.01111,41.04875,41.30375,41.59327,37.10795,36.49658,32.24903,29.12044,28.23119,21.0238,22.82542,21.9545,22.02272,17.69181,30.0,30.88689,28.79236,35.44009,30.59412,32.75668,34.9285,37.33631,34.05877,31.01612,33.13608,35.01428,35.0571,32.06244,34.05877,35.01428,36.0,32.01562,33.06055,32.06244,34.05877,33.24154,31.57531,32.98485,32.01562,30.36445,35.8469,35.73514,29.68164,36.23534,36.23534,34.88553,36.61967,32.52691,39.40812,40.60788,45.27693,41.72529,39.69887,42.80187,44.65423,45.79301,47.70744,46.06517,47.01064,54.78138,53.7122,52.92447,57.28001,52.49762,52.20153,61.66036,58.82176,58.85576,64.07027,58.54912,62.39391
13.15295,13.15295,13.0384,13.15295,13.0384,13.0384,13.0384,13.0,13.0384,13.0,13.0384,13.0384,13.0384,13.0384,13.0384,13.15295,13.15295,13.15295,12.16553,13.15295,13.15295,13.15295,13.15295,13.34166,13.15295,13.15295,13.15295,13.0384,12.04159,12.04159,11.0,12.0,11.0,11.0,11.04536,10.04988,10.04988,9.05539,8.24621,8.24621,7.28011,7.28011,6.32456,6.32456,5.38516,5.83095,5.0,4.47214,4.24264,3.60555,3.60555,2.82843,72.00694,67.97794,68.35203,69.77822,67.41662,75.61085,73.38937,69.28925,70.2282,70.2282,72.73239,70.60453,72.12489,69.92138,72.27724,68.65858,71.80529,68.46897,70.85901,70.5762,70.45566,74.16873,65.12296,70.17834,69.46222,68.11755,69.35416,71.11259,69.35416,70.11419,71.34424,71.19691,62.80127,65.76473,65.9242,61.84658,60.87693,62.36185,56.61272,57.00877,54.70832,51.07837,47.92703,47.01064,45.65085,39.81206,38.41875,35.0,33.94113,33.94113,30.41381,24.83948,24.83948,23.60085,20.61553,21.58703,19.31321,28.16026,33.06055,32.0,36.05551,34.23449,32.38827,34.48188,32.28002,37.36308,37.33631,35.4683,37.0,35.35534,35.34119,37.69615,31.7805,37.69615,38.94868,36.68787,32.69557,32.31099,34.17601,31.32092,28.4605,30.67572,34.71311,33.01515,37.05401,33.13608,33.37664,36.49658,36.49658,38.83298,37.10795,37.85499,41.10961,39.84972,40.24922,42.04759,42.54409,39.35734,46.87217,46.61545,48.82622,45.60702,44.82187,49.51767,53.15073,53.75872,53.03772,50.44799,57.42822,56.0803,58.41233,58.00862,63.63175,62.6099
13.15295,13.15295,13.34166,14.14214,13.15295,13.34166,13.34166,13.60147,13.60147,13.60147,13.60147,13.92839,13.0,12.64911,13.0,13.0,13.41641,12.52996,13.41641,13.41641,13.41641,13.41641,12.52996,13.41641,13.41641,12.52996,12.52996,13.0,12.52996,12.08305,11.7047,11.7047,11.40175,11.40175,10.44031,10.19804,10.19804,9.05539,9.05539,8.06226,8.0,8.0,8.0,7.07107,6.08276,6.08276,5.09902,5.09902,4.47214,4.47214,4.47214,3.60555,71.25307,71.02816,72.56032,66.48308,70.03571,67.26812,70.03571,72.78049,69.42622,69.12308,71.30919,69.37579,71.56815,70.83784,71.16881,71.86793,70.38466,71.58911,66.21178,70.21396,69.31811,69.31811,66.37017,70.3278,71.19691,71.69379,73.06162,66.57327,70.83078,68.26419,72.11103,66.03787,68.42514,66.7308,67.97794,64.00781,59.5063,65.39113,61.68468,55.71355,56.32051,50.44799,53.16014,50.69517,43.93177,41.4367,39.31921,39.01282,30.01666,34.0,30.59412,25.4951,23.5372,25.70992,24.16609,20.12461,17.02939,29.68164,31.30495,29.54657,34.48188,33.95585,35.35534,31.40064,38.11824,39.11521,35.12834,39.0,36.22154,37.01351,36.01389,35.0,33.01515,35.0571,32.01562,38.01316,33.01515,31.06445,35.35534,31.257,31.62278,34.52535,34.71311,28.16026,37.16181,36.67424,38.47077,35.80503,39.11521,34.98571,46.09772,44.82187,39.62323,37.53665,39.05125,38.8973,41.88078,45.79301,46.52956,42.95346,47.50789,48.76474,46.8188,49.98,53.45091,52.88667,55.10898,48.50773,57.87055,59.21149,59.3043,59.84146,64.03124,71.11259
13.0384,13.0384,12.80625,12.20656,13.60147,12.80625,12.80625,12.80625,12.04159,12.80625,12.80625,12.72792,12.72792,12.72792,12.04159,12.04159,12.80625,12.04159,12.04159,12.80625,12.04159,12.20656,12.80625,12.80625,12.04159,12.80625,12.04159,12.04159,12.04159,12.04159,11.31371,10.63015,11.40175,10.0,10.0,10.0,8.60233,9.43398,8.94427,7.61577,7.61577,7.61577,7.28011,6.32456,6.08276,6.08276,5.0,5.0,5.0,4.12311,4.12311,4.12311,73.23933,72.42237,72.62231,71.21798,72.91776,71.42129,74.27651,79.20859,69.29646,72.13876,72.86288,73.59348,75.16648,64.66065,65.43699,69.2026,67.20119,69.63476,68.26419,68.26419,71.19691,67.60178,72.56032,70.68239,73.34848,74.68601,72.06941,70.71068,72.71864,66.64083,66.37017,64.84597,65.36819,66.0303,62.96825,64.3506,60.21628,62.20129,59.66574,58.79626,50.93133,52.3259,53.2635,48.83646,46.40043,44.20407,38.07887,40.0,37.12142,30.41381,31.01612,27.89265,26.92582,23.5372,23.5372,20.0,18.02776,29.54657,30.67572,34.48188,35.35534,36.12478,35.38361,38.18377,33.30165,36.79674,37.80212,39.05125,39.66106,37.01351,38.28838,37.20215,34.82815,34.05877,31.62278,37.21559,33.94113,35.35534,38.20995,33.97058,37.64306,37.01351,37.21559,33.01515,38.01316,37.12142,39.44617,34.88553,37.69615,41.23106,43.32436,43.17407,37.10795,32.14032,40.60788,38.20995,46.01087,46.0,47.38143,51.35173,46.87217,47.38143,53.36666,52.7731,54.42426,56.32051,54.78138,53.7122,54.56189,59.9333,61.29437,69.64194,63.63175,69.64194
13.60147,13.0,13.60147,13.60147,13.0,13.0,13.41641,13.41641,12.52996,12.52996,13.41641,13.89244,13.0384,13.0384,13.0384,13.0384,12.80625,12.80625,12.80625,13.0384,13.60147,13.60147,13.60147,12.80625,13.60147,12.80625,12.20656,13.0384,13.0384,12.20656,11.18034,11.6619,11.18034,10.29563,10.77033,9.84886,9.48683,8.24621,8.24621,8.24621,7.07107,7.07107,7.07107,6.0,6.0,5.0,5.0,5.09902,4.12311,3.16228,3.60555,2.23607,64.93843,71.34424,69.00725,68.00735,73.10951,62.00806,75.02666,71.06335,73.06162,66.06815,67.02984,66.37017,69.35416,72.24957,69.05071,66.75328,69.87131,68.88396,67.26812,71.30919,67.18631,67.44627,67.6757,67.91171,65.52099,67.91171,71.7844,66.48308,69.92138,71.16881,67.72001,63.56099,64.03124,61.84658,65.30697,62.16912,59.68249,62.514,59.13544,55.03635,52.0,49.0408,50.01,49.09175,45.54119,40.26164,37.16181,37.10795,35.17101,30.67572,28.79236,24.59675,26.40076,24.20744,21.93171,17.80449,13.0384,34.98571,34.43835,32.69557,33.95585,34.9285,33.24154,34.23449,36.0,36.05551,34.05877,35.22783,39.01282,42.0119,39.05125,37.21559,34.05877,32.24903,34.05877,35.12834,35.0,35.12834,40.0125,36.05551,34.52535,34.52535,37.65634,37.65634,39.05125,38.8973,37.16181,39.56008,35.8469,40.70626,43.909,41.34005,39.11521,35.4683,40.31129,42.2019,47.42362,46.69047,47.43416,41.6173,50.60632,44.94441,44.82187,46.61545,50.56679,55.9017,53.22593,53.75872,55.71355,55.02727,54.91812,61.13101,63.60031,68.44706
13.89244,13.41641,13.41641,13.41641,13.0,13.41641,14.31782,13.92839,13.0,13.92839,13.60147,13.92839,13.60147,13.60147,12.64911,14.31782,13.34166,13.34166,13.34166,13.34166,13.34166,13.15295,13.34166,13.34166,13.34166,13.34166,13.34166,13.34166,12.36932,13.60147,11.7047,11.7047,11.7047,10.77033,10.77033,11.18034,10.29563,9.43398,8.60233,8.60233,7.81025,7.81025,7.07107,6.40312,5.65685,5.65685,5.0,5.0,4.47214,4.12311,3.16228,2.23607,68.24222,59.81639,66.57327,71.19691,68.09552,69.35416,68.42514,69.31811,69.46222,70.26379,68.8767,70.93659,68.02941,70.5195,68.94926,67.06713,70.5762,68.96376,64.56005,66.48308,70.83078,72.78049,74.33034,67.26812,66.09841,65.76473,69.42622,72.03471,70.88018,71.19691,68.65858,70.40597,64.84597,64.03124,62.0967,60.53924,58.82176,59.09315,56.64804,53.22593,53.66563,50.53712,49.73932,43.60046,48.30114,44.04543,41.86884,38.20995,38.8973,34.71311,26.87006,28.42534,23.02173,19.69772,21.54066,17.08801,21.0238,29.0,33.06055,28.44293,32.98485,37.64306,34.20526,34.78505,34.17601,35.8469,37.44329,36.61967,34.98571,36.35932,38.01316,38.27532,31.90611,33.54102,38.07887,34.98571,34.43835,33.28663,34.66987,34.88553,38.47077,30.41381,34.48188,31.7805,33.95585,35.73514,34.23449,37.05401,39.20459,41.0,33.01515,37.12142,39.62323,36.68787,41.0,39.45884,42.72002,45.22168,44.94441,51.07837,49.24429,44.77723,52.35456,50.0,49.20366,55.0,48.60041,52.00961,53.03772,54.45181,57.31492,63.70243,62.62587,65.60488
13.45362,12.80625,12.80625,12.80625,12.80625,12.20656,12.20656,12.20656,13.0384,13.0384,12.52996,12.52996,12.52996,12.08305,12.08305,13.0,13.0,13.0,12.64911,12.64911,13.0,12.64911,13.0,13.0,13.0,13.0,12.64911,12.08305,12.08305,12.08305,11.6619,11.18034,11.18034,10.81665,10.29563,9.43398,10.0,9.21954,7.81025,7.81025,7.07107,7.07107,6.40312,6.40312,5.0,5.0,5.0,4.47214,4.47214,3.16228,3.16228,2.0,70.71068,69.31089,73.5527,75.69016,71.50524,70.43437,72.00694,70.17834,70.29225,71.21798,72.67049,71.02112,72.20111,71.40028,72.94518,75.66373,70.83078,68.88396,69.77105,72.89719,72.61543,77.25283,75.27284,67.06713,65.9242,70.93659,71.30919,72.23573,69.857,74.46476,66.48308,72.8011,67.23095,66.21178,65.79514,64.89992,65.29931,63.06346,60.21628,56.35601,59.16925,52.63079,54.20332,47.50789,46.69047,43.86342,38.28838,39.40812,31.62278,35.22783,30.80584,28.17801,26.57066,24.5153,19.0263,19.41649,18.02776,31.01612,30.46309,35.77709,37.58989,38.58756,36.61967,37.44329,34.20526,40.0,33.97058,39.69887,38.28838,37.48333,37.01351,41.10961,36.79674,36.06938,38.18377,35.38361,34.82815,37.48333,41.10961,33.42155,34.20526,37.01351,32.64966,33.54102,33.83785,38.62642,37.33631,37.10795,37.64306,42.75512,36.49658,43.41659,39.62323,41.01219,42.04759,41.10961,46.01087,44.28318,45.89118,49.0306,50.21952,49.98,52.92447,52.80152,49.65884,50.11986,52.7731,51.89412,56.85948,60.80296,61.61169,58.60034,63.60031,60.87693
13.0384,12.52996,13.41641,13.41641,13.41641,13.0,13.41641,13.0,13.0,13.92839,13.0,13.0,13.60147,12.64911,13.60147,12.64911,13.34166,13.34166,13.34166,13.34166,13.34166,13.15295,13.34166,13.15295,12.36932,13.34166,12.36932,12.36932,12.36932,12.36932,11.7047,11.7047,11.7047,10.77033,10.29563,10.29563,9.43398,9.43398,9.43398,8.60233,8.60233,7.81025,7.07107,7.07107,6.40312,5.65685,5.83095,5.0,5.0,4.47214,4.12311,3.16228,72.94518,71.56116,72.56032,70.77429,68.88396,71.17584,78.92401,72.09022,70.77429,71.47027,75.02666,68.41053,71.8401,71.56815,71.8401,70.5195,72.27724,69.42622,70.03571,68.65858,69.72087,70.85901,68.18358,73.24616,72.0,72.06247,68.88396,73.43705,72.83543,70.71068,71.56815,69.87131,72.00694,65.49046,67.68309,61.81424,60.63827,66.70832,62.36185,55.65968,56.64804,56.46238,49.73932,49.24429,47.01064,44.40721,39.66106,40.60788,34.82815,31.1127,31.82766,30.41381,24.75884,23.85372,23.32381,19.31321,18.24829,30.59412,35.0571,33.06055,33.95585,35.69314,32.75668,34.20526,35.73514,37.12142,42.04759,36.67424,40.70626,37.12142,36.23534,35.77709,37.21559,39.39543,36.23534,30.46309,34.53983,37.0,35.1141,35.1141,35.44009,38.32754,37.33631,32.01562,33.24154,38.0,37.01351,41.0,39.01282,37.01351,41.7732,41.10961,41.97618,43.41659,41.23106,42.05948,44.38468,43.82921,49.40648,43.41659,50.47772,51.0392,43.27817,43.18565,53.8145,51.62364,54.45181,62.24147,54.81788,54.20332,58.24946,61.40033,60.82763,68.60029
12.36932,12.36932,12.16553,12.36932,12.36932,13.15295,13.15295,12.16553,13.0384,12.04159,13.0384,13.0384,13.0384,12.04159,12.0,12.0,13.0,12.0,12.04159,13.0384,12.04159,12.04159,13.0384,12.04159,12.04159,12.04159,12.0,12.0,12.0,11.0,11.04536,11.04536,11.04536,10.04988,10.19804,10.19804,9.21954,8.24621,8.544,7.61577,7.61577,6.7082,5.83095,6.7082,5.83095,5.0,5.0,4.24264,4.24264,4.24264,2.82843,2.82843,69.92138,68.30813,70.0928,72.8011,73.97973,71.56815,67.68309,68.88396,65.51336,66.09841,71.44928,72.18033,71.34424,69.72087,68.35934,72.02777,72.06247,67.00746,68.0,69.02898,71.17584,70.17834,68.35934,69.26038,70.17834,65.27634,71.25307,71.17584,71.00704,72.33948,69.06519,72.1734,65.06919,67.00746,61.0,61.13101,64.12488,60.29925,56.4358,55.3263,54.58938,52.7731,51.66237,45.12206,43.9659,42.37924,43.32436,32.20248,34.88553,35.77709,25.0,27.29469,29.83287,21.93171,21.26029,18.38478,17.46425,28.28427,32.24903,33.06055,35.0,33.06055,38.47077,38.83298,33.52611,38.8973,37.33631,35.8469,41.4367,38.07887,35.77709,37.16181,37.33631,39.21734,32.31099,33.54102,38.48376,34.0147,31.95309,34.71311,34.20526,37.36308,33.54102,34.36568,35.0,34.0,36.05551,38.20995,37.12142,37.05401,38.32754,39.62323,42.72002,40.49691,44.28318,41.23106,42.48529,38.94868,47.20169,47.20169,45.27693,46.75468,47.50789,49.67897,51.73973,51.40039,48.27007,53.41348,54.08327,57.2014,57.80138,55.00909,60.37384,66.70832
12.36932,12.36932,12.64911,12.64911,12.64911,12.64911,12.64911,13.0,13.0,12.08305,12.08305,12.52996,12.52996,12.52996,12.52996,13.0384,12.20656,12.20656,12.20656,12.20656,12.20656,11.40175,12.20656,12.80625,12.20656,12.20656,12.20656,11.6619,11.6619,10.81665,11.18034,11.18034,9.84886,9.84886,9.48683,9.48683,8.544,8.24621,8.06226,7.07107,7.07107,7.0,6.0,6.0,5.09902,5.09902,5.09902,4.12311,3.60555,3.60555,3.60555,2.82843,65.9242,64.77654,70.40597,68.06614,66.28725,72.53275,65.80274,67.72001,66.7308,68.30813,70.2282,65.30697,74.46476,67.97794,68.02941,72.47068,73.82412,69.31811,67.1193,66.24198,72.94518,65.0,64.89992,69.63476,69.06519,66.57327,66.4003,66.8431,68.60029,71.56116,69.33974,69.33974,62.42596,64.07027,64.14047,64.41273,59.48109,59.5399,57.70615,56.35601,53.85165,50.28916,48.50773,44.91102,47.07441,41.0,43.01163,35.0,37.01351,30.0,30.06659,25.31798,22.56103,24.04163,20.59126,19.69772,18.02776,32.80244,35.60899,31.06445,40.49691,35.34119,38.91015,38.60052,35.73514,39.05125,37.65634,37.33631,39.45884,37.33631,38.11824,42.10701,33.06055,41.4367,38.32754,35.35534,34.36568,32.98485,36.68787,28.86174,29.54657,35.4683,34.88553,36.24914,38.58756,34.0,38.41875,35.60899,34.98571,37.53665,39.59798,38.41875,41.72529,38.8973,45.0,41.40048,43.41659,44.77723,47.01064,48.46648,48.46648,51.26402,44.72136,51.66237,56.29387,51.47815,51.78803,53.93515,60.67125,63.3877,57.07889,56.00893,66.1211,59.4138
11.7047,11.7047,11.7047,11.7047,12.08305,12.08305,11.18034,11.18034,11.18034,11.6619,11.6619,11.6619,10.81665,10.81665,11.40175,11.40175,11.40175,11.40175,11.31371,12.04159,10.63015,11.31371,12.04159,12.04159,10.63015,11.40175,11.40175,11.40175,10.0,11.40175,10.0,10.0,10.29563,9.43398,8.94427,8.94427,8.94427,7.61577,7.28011,7.28011,6.32456,6.08276,6.08276,5.0,5.0,5.0,4.12311,4.12311,4.12311,3.16228,3.60555,2.82843,65.96969,70.5195,69.64194,70.5195,70.93659,65.19202,66.18912,72.44998,65.30697,66.64083,67.60178,70.83078,70.83078,68.26419,69.35416,65.0,72.11103,68.50547,64.63745,66.70832,68.0147,65.94695,74.24958,71.50524,65.8559,64.3506,69.29646,67.20863,69.42622,70.03571,67.35726,65.76473,67.47592,65.11528,63.78087,62.00806,58.89822,57.48913,59.07622,56.30275,53.85165,51.88449,48.46648,44.01136,44.77723,43.65776,42.37924,34.9285,36.40055,28.44293,32.14032,28.86174,29.01724,22.09072,24.18677,21.54066,16.55295,31.14482,33.30165,37.21559,35.51056,33.54102,39.92493,35.4683,36.40055,37.0,39.81206,40.5216,38.63936,36.67424,39.31921,38.11824,38.32754,38.27532,38.32754,36.49658,33.83785,35.77709,36.24914,34.9285,33.24154,32.01562,38.48376,36.76955,34.48188,38.01316,38.41875,38.20995,36.87818,32.20248,37.80212,38.20995,41.40048,38.60052,41.40048,43.909,44.94441,44.77723,44.94441,44.64303,46.48656,48.05206,51.15662,47.38143,51.15662,51.08816,52.08647,48.16638,59.07622,61.07373,58.42089,65.27634,61.81424,58.94065
14.14214,13.15295,14.31782,14.14214,13.34166,13.34166,13.60147,13.34166,13.60147,13.60147,13.92839,13.92839,13.0,13.92839,13.0,13.41641,13.41641,13.41641,13.89244,13.41641,13.41641,13.41641,13.41641,13.89244,13.41641,12.52996,12.52996,13.41641,13.41641,12.08305,12.08305,11.7047,11.7047,11.40175,10.44031,10.44031,10.19804,9.21954,9.05539,9.05539,8.0,8.0,8.0,7.07107,6.08276,6.08276,6.32456,5.38516,5.38516,4.47214,4.47214,3.60555,74.43118,69.18092,74.54529,66.48308,72.18033,72.03471,68.44706,73.00685,72.78049,75.28612,68.88396,72.42237,71.16881,68.70953,68.00735,73.40981,68.30813,68.02941,75.23962,67.08204,74.70609,69.46222,72.20111,72.06941,69.46222,72.20111,66.37017,71.34424,70.71068,67.41662,64.14047,70.66116,63.95311,68.942,63.50591,61.46544,61.32699,59.5063,57.93962,59.13544,56.61272,53.85165,50.44799,51.1957,48.83646,44.18144,43.01163,39.0,36.49658,35.01428,30.41381,32.24903,29.54657,25.63201,26.57066,15.6205,17.20465,32.80244,34.98571,33.83785,38.91015,34.53983,38.60052,38.63936,33.37664,40.02499,36.34556,38.0526,40.04997,41.10961,38.01316,43.28972,35.35534,34.36568,33.06055,38.11824,36.34556,37.10795,41.23106,31.40064,31.04835,35.44009,33.24154,38.62642,38.48376,35.51056,39.40812,38.91015,45.22168,41.67733,42.80187,40.45986,41.03657,40.60788,36.79674,44.10215,45.27693,46.52956,45.65085,45.61798,45.65085,49.39636,49.72927,50.0,53.60037,53.15073,54.57105,52.61179,55.08176,59.13544,58.03447,63.07139,74.10803,65.27634
13.92839,13.41641,13.41641,13.41641,13.41641,13.41641,13.89244,13.89244,13.0384,13.0384,13.89244,13.60147,13.60147,13.60147,12.80625,12.80625,12.80625,12.80625,13.45362,13.45362,13.45362,13.45362,13.45362,13.45362,13.45362,13.45362,12.80625,12.80625,12.80625,12.20656,12.20656,12.20656,11.6619,11.18034,10.29563,10.29563,9.84886,9.48683,9.48683,8.544,8.24621,7.07107,7.07107,7.07107,7.0,6.0,5.09902,5.09902,5.09902,4.12311,4.47214,3.60555,67.44627,67.6757,68.35203,68.15424,69.64194,71.55418,66.48308,72.49828,70.21396,71.69379,69.31811,67.53518,69.33974,68.7968,69.46222,70.21396,72.20111,69.81404,69.02898,66.06815,68.0147,67.26812,68.593,65.8559,67.26812,70.0928,63.70243,70.76722,69.52697,68.62215,70.0928,68.0147,63.78087,69.2026,61.07373,64.2028,66.0303,59.07622,57.70615,57.45433,56.82429,48.70318,49.39636,46.8188,51.62364,41.97618,40.26164,38.83298,37.10795,30.26549,28.01785,29.15476,25.01999,24.08319,21.58703,18.78829,14.76482,32.44996,34.82815,33.97058,36.23534,36.40055,37.44329,33.54102,36.67424,38.07887,35.8469,37.36308,34.0147,39.39543,40.16217,39.0,37.33631,34.78505,36.40055,36.05551,34.48188,37.33631,38.48376,30.52868,33.24154,37.12142,32.80244,33.30165,38.8973,32.64966,36.12478,38.28838,41.7732,39.59798,39.05125,41.6173,43.04649,40.70626,39.0,43.38202,47.92703,45.54119,44.38468,43.93177,46.57252,52.46904,47.0,48.01042,51.0,57.03508,51.0098,51.0098,58.21512,61.52235,56.08921,61.18823,62.36986,62.36986
12.52996,12.52996,13.41641,13.41641,13.0,13.0,12.64911,12.64911,12.64911,12.64911,12.36932,12.36932,12.36932,12.16553,12.16553,13.15295,13.15295,12.16553,13.0384,12.16553,13.0384,13.0384,12.16553,13.0384,13.0384,13.0384,12.16553,12.16553,12.16553,11.18034,11.18034,11.40175,10.19804,10.44031,9.48683,9.48683,8.94427,8.544,8.06226,7.2111,7.2111,7.2111,6.40312,5.65685,5.65685,4.24264,4.24264,3.60555,3.60555,3.60555,3.16228,3.0,65.36819,66.7308,68.8767,69.97142,68.44706,68.8767,71.30919,72.09022,68.15424,66.70832,66.7308,65.19202,68.96376,69.12308,67.05222,70.0928,70.61161,66.75328,66.91039,68.44706,66.06815,65.76473,68.02941,63.03174,68.73136,70.17834,71.11259,72.11103,69.35416,65.62012,65.12296,65.27634,66.27217,66.91039,66.27217,64.32729,60.67125,57.70615,61.61169,55.65968,53.60037,50.92151,50.15974,43.46263,45.17743,44.28318,38.01316,35.22783,32.64966,30.61046,31.1127,29.73214,27.45906,25.4951,18.02776,19.92486,16.76305,31.40064,35.17101,35.44009,36.05551,36.40055,38.07887,39.82462,39.11521,40.31129,34.98571,39.40812,40.60788,37.73592,40.22437,38.41875,38.94868,36.61967,40.22437,34.43835,33.83785,33.28663,34.9285,37.58989,34.88553,35.8469,35.8469,29.73214,34.17601,37.65634,36.67424,33.37664,39.0,39.05125,40.0125,43.10452,38.11824,42.19005,41.4367,39.62323,39.05125,44.92215,47.01064,48.33218,47.92703,47.85394,47.92703,49.65884,50.60632,54.03702,53.8145,56.58622,50.32892,51.62364,57.31492,67.6757,64.03124,66.57327
13.0384,13.0384,13.0384,13.0384,13.0384,12.52996,12.52996,12.52996,12.52996,12.08305,13.41641,12.64911,12.08305,12.64911,12.64911,12.64911,12.36932,12.36932,12.36932,12.36932,12.36932,12.36932,12.36932,12.36932,12.36932,12.36932,12.64911,11.7047,11.40175,11.7047,10.77033,11.18034,11.18034,10.29563,10.29563,10.29563,9.43398,8.60233,8.60233,7.81025,7.81025,7.07107,6.40312,6.40312,5.83095,5.83095,5.38516,4.47214,4.47214,4.12311,4.12311,3.0,65.11528,67.26812,69.81404,67.20119,73.40981,73.00685,71.86793,74.43118,68.26419,73.24616,72.94518,73.92564,70.23532,66.21178,69.07966,67.62396,68.8767,68.35203,65.78754,68.30813,72.8011,66.7308,71.56815,69.63476,65.80274,69.89278,70.83078,71.80529,63.56886,71.56815,70.34202,69.57011,65.14599,66.76077,66.48308,61.84658,62.64982,60.92618,58.66856,54.56189,50.77401,51.61395,49.0408,47.01064,40.31129,42.0119,38.20995,36.06938,38.94868,33.42155,31.241,26.62705,28.63564,23.4094,25.4951,21.58703,17.02939,31.257,32.75668,34.78505,38.62642,34.48188,38.01316,35.8469,35.0,38.27532,35.38361,35.60899,36.61967,40.31129,40.36087,32.52691,36.40055,40.0,36.76955,35.0,32.01562,36.79674,34.05877,36.89173,34.66987,33.28663,34.88553,31.04835,37.64306,32.57299,39.81206,38.20995,35.51056,37.12142,34.23449,40.11234,42.0,42.0119,43.04649,42.42641,42.95346,43.73786,42.72002,43.65776,45.60702,45.31004,48.8467,50.9902,51.0,51.61395,51.86521,51.10773,57.48913,61.6198,58.13777,60.1415,65.05382,62.36986
12.16553,12.16553,12.04159,12.16553,12.04159,12.0,12.0,12.0,12.0,12.0,12.0,12.04159,12.04159,12.04159,12.04159,12.16553,12.16553,11.18034,12.16553,12.16553,12.16553,12.36932,12.16553,12.16553,12.16553,12.16553,12.16553,11.04536,11.04536,11.04536,11.0,11.0,10.04988,10.0,9.0,9.05539,8.06226,8.06226,8.24621,7.28011,6.32456,6.32456,6.32456,5.38516,5.0,4.47214,3.60555,3.60555,2.82843,2.82843,2.23607,2.23607,69.83552,67.08204,69.35416,71.17584,72.09022,68.44706,70.68239,72.49828,66.40783,68.62215,71.16881,65.80274,72.8011,67.91171,68.88396,69.2315,75.31268,70.03571,66.09841,67.36468,67.60178,70.71068,69.26038,72.44308,65.27634,75.42546,67.1193,67.0,70.25667,65.12296,66.27217,65.62012,66.75328,65.9242,62.80127,62.8172,63.56099,60.63827,54.12024,56.921,52.39275,51.62364,49.39636,45.17743,44.29447,38.07887,37.73592,35.4683,36.12478,29.06888,28.28427,24.69818,25.6125,22.82542,18.86796,21.84033,15.0,29.27456,34.05877,34.1321,31.57531,38.47077,35.17101,36.40055,35.44009,39.56008,35.1141,36.67424,39.92493,35.8469,39.81206,33.61547,40.31129,38.01316,31.30495,34.9285,32.89377,35.1141,37.10795,32.69557,34.48188,33.37664,35.17101,31.40064,34.23449,38.01316,34.05877,36.01389,37.05401,40.4475,39.45884,45.70558,40.26164,39.21734,41.48494,41.62932,39.44617,44.77723,43.26662,44.77723,52.15362,45.22168,51.85557,49.51767,48.83646,51.62364,56.58622,53.75872,54.03702,58.00862,58.41233,55.75841,61.91123,66.28725
13.0384,12.04159,12.16553,12.04159,12.16553,12.04159,12.16553,12.36932,12.16553,12.36932,12.36932,12.36932,11.40175,11.40175,11.7047,12.64911,11.7047,11.7047,11.18034,11.7047,11.7047,11.7047,11.7047,12.08305,11.7047,11.7047,11.40175,11.40175,11.40175,11.40175,10.19804,10.19804,10.19804,10.04988,10.04988,9.0,9.05539,8.0,8.06226,7.07107,7.07107,7.28011,6.32456,5.38516,5.38516,4.47214,5.0,4.24264,4.24264,3.60555,3.60555,3.16228,68.35934,70.17834,67.74216,67.74216,74.54529,73.1642,66.91039,69.857,74.04053,69.12308,66.28725,68.15424,73.68175,70.21396,69.64194,70.00714,68.70953,63.15853,70.93659,67.08204,72.06941,69.77822,67.53518,68.47627,64.88451,68.8767,73.43024,68.60029,66.7308,69.77822,70.66116,66.21178,66.64833,65.76473,62.76942,59.48109,63.32456,61.35145,57.97413,53.36666,53.60037,50.35871,48.01042,46.17359,45.01111,41.19466,35.01428,36.22154,31.257,32.38827,30.36445,28.4605,22.36068,19.69772,18.60108,20.51828,17.20465,32.52691,33.42155,37.44329,32.75668,35.77709,33.24154,35.8469,34.48188,38.60052,36.67424,37.65634,33.95585,40.02499,38.63936,33.24154,39.81206,35.44009,37.65634,31.57531,33.37664,38.63936,36.13862,36.68787,32.89377,36.40055,35.34119,37.44329,36.05551,35.80503,31.90611,40.0,38.28838,39.69887,33.94113,38.18377,42.44997,44.68781,40.22437,41.23106,46.52956,40.81666,46.95743,44.77723,49.0408,47.16991,54.42426,50.92151,51.97115,57.42822,49.49747,50.24938,56.0357,61.07373,60.07495,63.1981,64.28063,64.07027
12.04159,13.0384,12.04159,12.04159,12.0,13.0,13.0384,12.0,12.04159,12.04159,12.04159,12.16553,13.15295,12.16553,12.16553,12.36932,13.34166,12.16553,12.36932,12.36932,12.16553,12.36932,12.36932,12.36932,12.36932,12.36932,12.16553,11.18034,12.16553,11.18034,11.04536,11.04536,10.0,10.0,10.04988,9.05539,9.05539,8.06226,7.07107,7.07107,6.32456,6.32456,5.38516,5.38516,4.47214,4.47214,3.60555,3.60555,2.82843,2.82843,2.82843,2.23607,66.70832,73.4983,71.56815,73.00685,72.56721,69.87131,69.26038,72.69113,66.37017,70.06426,72.24957,70.34913,72.11103,71.06335,70.06426,72.11103,71.34424,68.35934,71.06335,67.47592,72.33948,71.84706,66.28725,67.74216,71.84706,70.03571,67.08204,70.60453,64.32729,66.91039,67.36468,66.75328,66.37017,64.07027,67.26812,65.03076,59.03389,63.03174,59.03389,52.08647,55.22681,49.09175,50.24938,48.37355,47.85394,41.23106,35.1141,35.73514,32.69557,28.30194,28.6007,26.24881,27.65863,22.80351,21.26029,19.20937,17.49286,33.83785,33.73426,32.38827,34.0147,37.0,38.0,35.69314,35.22783,36.49658,35.51056,37.85499,35.69314,39.05125,40.26164,36.67424,34.48188,40.02499,31.38471,38.60052,39.29377,31.04835,37.33631,27.45906,36.0,31.01612,30.01666,29.01724,35.22783,35.17101,37.94733,33.52611,38.83298,39.56008,35.73514,41.78516,38.27532,36.23534,41.88078,43.56604,44.40721,47.01064,45.96738,46.69047,50.20956,47.38143,50.24938,51.0392,51.85557,56.60389,50.47772,58.69412,62.64982,56.30275,58.5235,59.46427,65.19202,60.40695
13.60147,13.60147,14.21267,12.80625,13.45362,13.45362,13.45362,13.45362,13.45362,14.14214,14.14214,13.45362,13.45362,13.45362,13.45362,13.60147,12.80625,12.80625,13.60147,13.60147,13.60147,13.60147,13.60147,12.80625,12.80625,12.80625,12.80625,12.80625,12.04159,12.72792,11.31371,11.31371,11.31371,11.31371,10.63015,10.0,10.0,9.43398,9.43398,8.06226,8.06226,7.61577,6.7082,6.32456,6.32456,5.09902,5.09902,5.09902,5.09902,4.0,3.0,3.0,68.60029,76.27582,74.06079,70.71068,67.23095,69.63476,74.06079,75.80237,74.4043,73.24616,69.02898,73.59348,67.89698,70.72482,72.34639,71.42129,73.53911,67.94115,69.52697,72.91776,74.02702,68.0147,69.63476,73.81734,70.45566,68.41053,68.00735,73.81734,71.8401,71.70077,65.43699,70.76722,67.35726,67.35726,65.06919,62.96825,62.2254,60.20797,58.13777,60.30755,53.41348,54.20332,46.14109,46.40043,46.06517,42.95346,38.8973,38.27532,35.17101,32.28002,33.73426,26.1725,29.06888,24.02082,22.09072,16.12452,20.24846,27.73085,30.46309,33.83785,36.87818,37.48333,33.24154,35.4683,36.40055,34.20526,37.21559,39.20459,36.35932,35.8469,33.28663,35.34119,33.10589,34.48188,32.75668,34.82815,34.1321,30.0,31.14482,33.6006,30.41381,32.52691,36.12478,31.14482,33.42155,37.57659,38.07887,32.44996,37.0,37.33631,36.40055,37.0,40.5216,41.7732,41.48494,39.20459,40.31129,42.10701,43.18565,49.0,50.08992,47.04253,53.93515,48.05206,49.0306,52.95281,52.17279,51.24451,53.14132,58.87274,60.16644,62.17717,64.88451,64.00781
13.45362,13.45362,13.45362,14.14214,13.45362,13.45362,13.45362,13.60147,13.60147,13.60147,13.60147,14.42221,13.60147,13.89244,13.89244,13.41641,13.41641,12.52996,13.41641,13.41641,13.41641,13.0,13.41641,13.41641,13.41641,13.41641,13.41641,12.52996,12.52996,11.6619,11.6619,11.6619,10.81665,10.81665,10.81665,10.0,9.89949,9.21954,8.48528,8.48528,7.81025,7.81025,7.2111,7.2111,6.7082,5.83095,5.38516,5.38516,4.47214,4.12311,4.0,3.0,76.27582,74.41102,78.24321,72.47068,69.52697,72.00694,71.58911,75.00667,74.96666,70.76722,73.59348,72.86288,73.0,69.52697,69.81404,71.40028,72.47068,70.80254,68.50547,68.50547,73.06162,68.7968,71.11962,71.58911,73.43024,68.0,70.23532,73.3553,68.47627,71.69379,73.4983,74.94665,64.88451,66.88797,66.57327,64.03124,62.20129,57.80138,62.36986,57.31492,58.69412,50.91169,49.0408,45.60702,43.41659,42.80187,39.82462,34.66987,36.23534,31.7805,30.88689,27.20294,20.61553,22.80351,21.58703,16.0,17.0,31.76476,32.24903,30.52868,35.60899,34.65545,35.38361,32.80244,35.51056,37.01351,34.98571,34.98571,38.94868,34.0,32.20248,33.01515,35.8469,36.61967,38.94868,32.80244,32.80244,26.90725,31.82766,31.82766,31.89044,32.52691,32.55764,33.01515,36.05551,30.41381,33.10589,36.23534,39.92493,37.0,34.78505,38.32754,44.14748,40.79216,41.4367,43.01163,44.04543,44.10215,40.04997,46.17359,48.05206,50.15974,43.93177,45.12206,50.44799,53.75872,54.626,55.15433,57.93962,55.15433,56.93856,63.95311,66.4003,69.63476
12.16553,12.36932,13.15295,12.16553,13.34166,12.36932,12.64911,11.7047,12.64911,12.64911,12.64911,13.0,12.08305,13.0,12.08305,12.52996,12.52996,12.52996,11.6619,12.52996,12.52996,12.52996,12.52996,12.52996,12.52996,11.6619,11.6619,12.08305,12.08305,11.18034,10.77033,10.77033,10.77033,9.48683,9.48683,9.21954,9.21954,8.24621,7.07107,7.07107,7.0,6.08276,6.0,5.0,5.0,4.12311,4.12311,4.12311,3.16228,3.16228,2.23607,2.23607,70.61161,68.65858,72.00694,65.49046,70.25667,69.72087,70.34913,72.1734,72.1734,72.24957,68.00735,72.00694,70.11419,74.02702,71.11259,67.74216,74.54529,66.18912,72.56032,65.9242,75.9276,64.32729,69.37579,72.03471,66.70832,71.16881,65.73431,75.43209,68.41053,65.0,65.30697,66.21933,71.30919,66.09841,60.87693,62.96825,68.35934,63.3877,57.31492,58.07753,51.15662,53.15073,49.49747,48.25971,46.38965,39.31921,37.10795,39.84972,33.24154,30.36445,34.20526,27.29469,25.4951,25.80698,20.0,17.69181,18.35756,33.73426,35.0571,35.0571,37.01351,34.0147,37.65634,35.17101,35.17101,35.17101,34.20526,36.05551,34.78505,37.33631,39.21734,36.87818,35.73514,38.27532,29.73214,38.07887,37.10795,34.52535,33.24154,30.14963,34.23449,36.05551,31.01612,33.37664,34.0147,32.14032,33.95585,33.95585,36.68787,38.91015,40.71855,39.56008,38.01316,35.35534,40.81666,47.50789,44.68781,43.13931,41.03657,44.55334,48.41487,46.8615,44.41846,51.40039,49.92995,55.56978,56.4358,58.69412,53.85165,60.00833,56.61272,64.07808,65.19202,67.18631
13.60147,13.60147,13.60147,14.56022,13.34166,13.60147,13.60147,14.31782,13.34166,13.15295,13.15295,14.14214,13.15295,14.03567,13.0384,14.03567,14.03567,14.03567,13.0,13.0,14.0,14.0,13.0,13.0,13.0384,13.0,13.0384,13.0384,12.04159,13.0384,12.04159,11.18034,11.18034,10.19804,11.40175,10.44031,9.48683,9.48683,8.544,7.61577,7.61577,8.06226,6.7082,5.83095,5.83095,5.65685,5.0,4.24264,4.24264,3.60555,3.60555,2.82843,71.40028,70.60453,73.92564,74.43118,73.82412,71.02112,70.23532,70.71068,72.00694,72.06941,71.11259,73.00685,71.11259,71.58911,74.84651,74.67262,71.16881,72.78049,71.56815,70.0928,73.00685,73.5459,70.85901,68.88396,65.96969,70.40597,64.77654,64.32729,68.24954,68.73136,66.91039,72.00694,68.15424,68.00735,63.78871,62.96825,61.46544,61.09828,62.76942,56.79789,52.39275,52.3259,49.24429,47.01064,48.82622,43.04649,36.87818,35.60899,31.14482,31.1127,27.01851,25.0,23.85372,21.9545,19.31321,20.24846,16.15549,34.0147,31.04835,32.98485,31.38471,31.38471,34.53983,33.12099,35.51056,35.51056,33.6006,39.40812,32.64966,35.80503,35.80503,36.12478,34.20526,33.6006,37.44329,34.20526,32.64966,33.28663,29.41088,31.90611,32.75668,32.57299,32.31099,29.83287,33.95585,33.24154,32.14032,34.1321,33.13608,37.12142,40.0125,37.0,39.05125,35.51056,41.10961,42.72002,42.05948,46.17359,42.95346,45.61798,48.76474,47.01064,47.53946,51.10773,54.08327,54.81788,50.60632,53.8145,60.87693,62.2254,55.86591,60.87693,65.43699,63.00794
14.14214,14.14214,14.14214,14.14214,14.14214,13.0384,14.03567,14.0,14.0,14.0,14.0,14.0,13.0,14.0,13.0384,13.0384,13.0384,13.15295,13.15295,13.15295,12.16553,13.15295,13.15295,13.15295,13.15295,13.15295,13.15295,13.0384,13.0,12.04159,11.0,12.04159,11.0,11.0,10.04988,10.04988,10.19804,9.05539,9.21954,8.24621,8.24621,7.28011,7.61577,6.7082,6.7082,5.83095,5.83095,5.0,5.0,4.24264,3.60555,3.60555,76.15773,69.64194,72.03471,73.37575,74.46476,72.53275,73.97973,76.40026,72.78049,70.03571,72.18033,72.44308,74.10803,68.46897,69.26038,70.17834,71.17584,71.02816,72.0,69.00725,69.06519,68.02941,74.24284,71.17584,67.36468,73.24616,69.06519,67.74216,67.1193,72.11103,71.06335,71.02816,68.02941,68.00735,67.06713,64.07027,60.07495,64.19502,58.13777,53.60037,50.44799,52.17279,48.38388,51.24451,45.88028,39.92493,40.8534,34.88553,31.90611,28.6007,29.0,29.06888,25.4951,20.61553,20.51828,18.02776,18.68154,25.96151,32.55764,30.59412,32.06244,34.05877,35.22783,36.87818,36.13862,35.69314,33.73426,37.94733,32.57299,38.32754,29.83287,33.83785,34.78505,31.38471,31.32092,35.51056,32.55764,30.59412,31.7805,28.07134,29.15476,31.01612,29.01724,30.0,33.54102,33.54102,33.73426,37.85499,36.68787,35.4683,39.56008,39.0,37.12142,38.94868,38.47077,42.43819,43.27817,50.32892,47.01064,48.08326,44.55334,55.17246,53.07542,49.67897,54.3783,51.86521,56.0357,56.4358,57.80138,59.5063,56.0803,67.62396,65.78754,66.40783
13.34166,13.15295,13.0384,13.15295,13.0384,13.0384,13.0384,13.0384,13.0384,13.0,13.0,13.0,13.0384,12.0,12.04159,13.0384,13.0384,13.0384,12.16553,12.04159,12.16553,12.16553,13.15295,12.16553,12.04159,12.16553,12.04159,12.04159,11.0,12.0,10.04988,11.0,10.04988,10.04988,10.19804,9.21954,9.48683,8.24621,8.544,7.61577,7.61577,6.7082,5.83095,5.83095,5.83095,5.65685,4.24264,4.24264,4.24264,3.60555,3.16228,3.16228,72.11103,76.24303,70.34202,71.02112,71.58911,72.00694,71.70077,71.34424,73.5459,64.62971,67.26812,74.16873,74.06079,71.11259,71.17584,73.0,69.06519,67.02984,66.0303,72.24957,72.24957,68.26419,69.2315,64.93843,67.60178,69.87131,71.34424,71.56815,67.06713,72.56032,71.44928,68.35934,69.00725,65.19202,65.27634,65.00769,63.03174,55.03635,58.42089,57.31492,53.60037,48.05206,49.0408,47.43416,42.37924,43.32436,39.0,33.61547,32.24903,30.23243,29.68164,29.06888,27.65863,18.38478,19.20937,20.80865,13.15295,33.61547,35.73514,31.7805,37.21559,33.01515,33.06055,37.05401,34.23449,36.05551,35.51056,38.32754,37.21559,35.17101,34.36568,35.69314,36.67424,33.95585,32.38827,31.40064,33.73426,33.13608,30.41381,32.06244,30.06659,32.06244,31.06445,33.37664,34.9285,37.36308,34.78505,38.48376,38.27532,33.83785,38.91015,39.35734,46.14109,41.34005,42.19005,45.22168,44.59821,45.27693,47.38143,50.44799,50.9902,51.08816,50.32892,51.10773,52.47857,54.20332,58.30952,52.7731,63.15853,57.69749,63.07139,59.46427,63.60031,63.32456
13.15295,14.14214,14.31782,14.14214,14.14214,13.34166,13.34166,13.60147,13.60147,13.60147,13.34166,13.60147,13.60147,13.60147,13.92839,13.92839,13.0,13.0,13.41641,13.41641,13.0,13.41641,13.0,13.41641,13.0,13.41641,13.0,12.64911,13.0,11.7047,12.36932,11.40175,11.40175,11.18034,10.19804,10.19804,10.04988,10.04988,9.0,8.0,8.06226,7.07107,7.07107,6.32456,6.32456,5.38516,5.38516,5.38516,5.0,4.47214,3.60555,4.24264,69.00725,75.32596,74.24284,72.83543,71.19691,69.72087,73.34848,74.67262,72.56721,74.46476,69.12308,71.56815,73.4983,74.63243,71.47027,71.30919,71.16881,70.93659,67.77905,72.61543,72.00694,70.26379,72.44998,69.77105,70.66116,71.58911,70.21396,71.34424,70.26379,68.47627,67.54258,69.857,66.21178,69.35416,60.53924,64.4748,62.62587,61.84658,63.56886,56.61272,54.57105,50.21952,48.16638,48.37355,49.09175,43.0,41.01219,35.22783,36.49658,35.35534,29.73214,26.92582,25.96151,21.47091,21.09502,20.0,16.40122,29.73214,29.68164,31.38471,33.61547,34.20526,34.78505,33.24154,32.98485,35.69314,33.73426,34.1321,34.0147,33.37664,35.35534,32.14032,33.06055,33.37664,30.14963,33.54102,35.35534,32.38827,32.38827,29.12044,30.36445,32.89377,28.79236,33.10589,36.23534,31.38471,34.20526,32.80244,39.82462,40.22437,38.01316,37.53665,41.86884,38.60052,39.96248,42.19005,41.67733,43.38202,43.38202,44.38468,48.10405,47.12749,47.75982,49.24429,49.81967,56.29387,53.36666,53.33854,57.14018,61.03278,57.00877,70.02857,68.0,65.00769
13.15295,13.15295,13.15295,14.14214,13.15295,13.0384,13.15295,13.0384,13.0384,13.0,14.0,13.0,14.0,13.0,13.0384,14.03567,13.0384,13.0384,13.15295,13.15295,13.0384,13.15295,13.0384,13.15295,13.15295,13.0384,13.0384,13.0,12.04159,12.04159,12.0,12.0,11.04536,11.04536,10.19804,10.04988,9.21954,9.21954,9.21954,8.24621,7.61577,7.61577,6.7082,6.7082,5.83095,5.83095,5.0,5.0,4.24264,4.24264,4.24264,3.60555,76.47876,70.21396,72.09022,73.1642,74.32362,70.00714,74.09453,73.38937,70.5195,70.21396,72.12489,67.68309,71.80529,74.33034,72.53275,71.58911,73.34848,73.75636,72.1734,71.56815,74.16873,68.02941,71.00704,72.1734,66.00758,71.02816,70.25667,69.0,72.11103,71.06335,69.06519,72.00694,66.37017,66.27217,63.28507,62.514,59.4138,61.98387,59.43904,60.87693,53.45091,54.626,48.10405,47.01064,47.16991,40.31129,39.44617,35.51056,35.0,31.241,32.52691,28.42534,24.75884,22.02272,22.47221,20.80865,16.76305,29.01724,31.06445,32.14032,34.36568,33.24154,33.52611,32.89377,37.0,35.4683,33.10589,37.12142,34.0,34.0,34.0,34.48188,31.90611,30.61046,29.96665,31.38471,32.89377,32.89377,34.48188,32.31099,30.59412,34.17601,29.27456,33.37664,35.12834,32.14032,35.22783,32.0,39.20459,36.13862,40.79216,45.04442,38.32754,35.17101,39.56008,41.14608,44.77723,44.94441,44.40721,46.14109,49.67897,46.01087,53.07542,49.49747,51.22499,58.00862,53.90733,54.67175,60.60528,55.31727,54.58938,62.68174,63.13478,72.47068
13.34166,13.60147,13.60147,13.60147,13.60147,12.64911,13.0,13.0,13.0,13.0,13.41641,13.41641,12.52996,12.52996,12.52996,13.0384,13.0384,13.0384,13.0384,13.0384,13.0384,13.0384,12.20656,12.20656,12.20656,13.0384,13.0384,12.52996,12.52996,11.6619,11.18034,11.18034,11.18034,10.77033,9.84886,9.48683,9.48683,8.24621,8.24621,8.24621,7.07107,7.07107,6.08276,6.0,5.0,4.0,4.12311,4.12311,4.12311,3.16228,3.16228,2.23607,73.0,71.06335,76.23647,66.37017,68.593,74.1485,72.44308,75.66373,68.88396,68.88396,68.44706,68.24954,68.44706,66.94027,66.48308,68.15424,70.93659,68.54196,72.09022,66.30988,69.35416,65.79514,69.46222,71.58911,67.97794,71.58911,66.64083,67.1193,70.83078,68.0,66.7308,66.24198,67.1193,62.64982,60.41523,60.53924,60.41523,55.02727,52.81098,52.81098,49.49747,50.96077,48.6621,46.38965,43.01163,38.11824,39.11521,38.0526,34.1321,27.45906,27.89265,25.29822,20.61553,21.37756,22.82542,18.38478,15.6205,26.83282,34.43835,32.89377,31.38471,36.67424,35.12834,33.0,31.0,39.05125,35.12834,35.01428,33.24154,38.20995,36.0,40.0125,30.26549,34.05877,35.0,35.0571,35.01428,33.01515,35.0571,36.01389,28.16026,31.01612,31.32092,33.61547,34.17601,29.96665,37.57659,30.23243,39.11521,39.96248,36.89173,39.62323,35.60899,36.06938,39.69887,42.44997,44.20407,43.60046,41.88078,42.94182,46.06517,44.72136,50.9902,45.69464,49.76947,51.07837,47.29693,54.91812,57.21888,59.68249,57.55867,61.20457,68.02941,67.26812
13.92839,14.31782,13.41641,14.31782,13.41641,13.41641,13.89244,13.89244,13.89244,13.0384,13.89244,14.42221,13.60147,13.60147,13.60147,13.60147,13.45362,12.80625,13.45362,12.72792,13.45362,13.45362,12.80625,12.72792,13.45362,12.80625,13.45362,12.80625,12.80625,12.20656,12.20656,11.6619,10.81665,10.81665,10.29563,10.29563,9.84886,8.94427,8.544,8.544,7.28011,7.28011,7.07107,6.08276,6.08276,5.0,5.0,5.0,4.0,4.0,3.16228,3.16228,71.02112,72.12489,72.03471,77.46612,77.36924,75.9276,78.44743,76.24303,73.68175,78.0,76.55064,69.64194,78.79086,73.00685,70.26379,77.89737,69.97142,70.71068,74.79305,69.33974,77.17513,71.56116,72.8011,74.62573,70.72482,74.88658,75.45197,74.4043,68.60029,72.00694,69.89278,72.42237,68.50547,67.1193,63.97656,64.40497,63.15853,60.83584,59.9333,57.27128,58.5235,53.14132,50.59644,47.12749,44.92215,42.75512,38.11824,40.04997,36.05551,35.22783,29.0,26.4764,23.76973,24.73863,19.69772,16.76305,19.72308,29.83287,32.44996,32.24903,35.35534,33.10589,35.77709,34.0147,36.05551,36.68787,36.49658,35.69314,32.98485,36.40055,34.71311,34.23449,35.0571,37.94733,34.23449,32.38827,31.14482,32.89377,32.01562,30.08322,32.57299,37.12142,33.54102,32.24903,34.71311,33.94113,34.65545,36.79674,36.79674,36.12478,35.35534,43.18565,45.80393,37.01351,44.40721,37.0,42.04759,42.05948,48.08326,46.17359,49.72927,46.84015,49.25444,53.03772,53.33854,54.0,60.07495,57.07889,60.07495,62.03225,60.29925,58.69412,65.25335,71.19691
13.41641,13.92839,13.92839,13.92839,13.92839,13.92839,13.60147,13.60147,13.60147,13.60147,13.60147,13.60147,13.34166,13.34166,13.34166,13.15295,13.15295,13.15295,13.15295,13.0384,13.15295,13.0384,13.0384,13.0384,13.15295,13.15295,13.15295,12.16553,12.16553,12.16553,12.16553,11.40175,11.40175,10.44031,10.77033,10.77033,9.84886,9.84886,8.94427,8.06226,8.06226,7.2111,7.2111,7.2111,5.65685,5.65685,5.65685,5.0,5.0,4.47214,4.47214,3.16228,70.72482,70.66116,69.77105,77.38863,71.58911,72.94518,74.24958,73.92564,71.17584,68.70953,72.73239,69.28925,72.42237,74.94665,73.97973,73.76313,70.34202,70.0928,66.09841,70.61161,70.85901,69.05071,70.25667,70.34913,67.36468,68.46897,71.44928,72.44308,69.18092,72.56032,64.38167,70.5762,68.73136,62.80127,69.2315,67.18631,58.94065,55.7853,64.62198,55.54278,55.36244,52.39275,49.39636,45.17743,42.94182,43.26662,38.58756,38.60052,28.3196,27.58623,29.73214,28.42534,23.43075,22.47221,20.24846,21.54066,20.88061,31.40064,33.13608,30.01666,30.26549,33.95585,31.95309,35.1141,31.7805,32.20248,34.43835,40.16217,34.88553,33.10589,33.54102,33.54102,33.12099,33.54102,34.1321,30.67572,33.10589,28.79236,29.15476,29.83287,31.14482,30.80584,30.14963,30.41381,31.06445,32.01562,35.12834,33.37664,34.52535,35.51056,35.90265,38.07887,37.94733,37.94733,40.31129,42.04759,39.35734,44.77723,41.04875,48.27007,50.60632,46.04346,52.34501,49.67897,47.38143,54.67175,56.58622,59.20304,58.60034,54.81788,59.90826,61.58734,64.66065,69.31811
14.21267,15.0,14.21267,14.42221,13.60147,14.42221,14.42221,13.89244,13.89244,13.89244,13.89244,13.41641,13.41641,13.41641,13.41641,13.41641,13.92839,13.0,13.92839,13.92839,13.92839,13.92839,13.92839,13.92839,13.92839,13.0,13.41641,13.0,12.08305,12.52996,12.52996,11.6619,11.6619,11.6619,10.81665,10.81665,10.63015,9.21954,8.48528,8.48528,7.81025,7.81025,7.81025,7.2111,6.40312,5.83095,5.38516,5.38516,4.12311,4.12311,4.12311,3.0,77.89737,80.62258,74.24958,71.42129,77.07788,73.10951,77.15569,79.81228,79.64923,74.4043,75.43209,73.75636,74.63243,74.06079,70.17834,72.67049,76.66159,71.69379,71.69379,76.47876,76.02631,73.40981,69.31811,70.68239,68.70953,71.55418,76.15773,71.86793,70.66116,71.69379,71.58911,71.11962,67.53518,68.0,73.92564,64.07027,62.43397,62.68174,63.41136,61.61169,57.62812,55.31727,52.3259,50.20956,42.42641,46.09772,40.81666,38.01316,34.43835,37.12142,29.15476,29.54657,24.04163,24.33105,25.31798,24.18677,17.02939,30.80584,36.40055,31.01612,35.35534,35.35534,32.44996,33.6006,35.4683,37.48333,36.79674,33.24154,36.06938,36.87818,34.82815,31.82766,35.60899,33.42155,33.42155,27.65863,33.97058,31.62278,29.83287,33.30165,29.52965,31.90611,32.24903,30.01666,37.58989,34.20526,34.9285,40.1995,36.67424,38.07887,41.04875,44.18144,29.01724,42.0119,37.48333,43.41659,45.54119,50.21952,46.32494,46.09772,49.65884,45.88028,44.77723,53.22593,52.35456,55.22681,55.9464,57.68882,57.2014,57.42822,61.22091,68.41053,65.11528,73.10951
13.0,13.92839,13.60147,13.92839,13.60147,13.60147,13.34166,13.34166,13.34166,13.34166,13.34166,13.34166,13.15295,13.15295,13.15295,13.0384,13.0384,13.0384,13.0384,13.0,13.0384,13.0,13.0,13.0,13.0384,13.0384,13.0384,12.04159,12.04159,12.04159,11.18034,11.18034,11.18034,10.19804,10.44031,10.44031,9.48683,8.544,8.544,7.61577,7.61577,7.61577,7.2111,5.83095,5.83095,5.0,5.0,4.24264,3.60555,3.60555,3.60555,2.82843,70.71068,74.09453,72.44998,72.00694,72.49828,70.68239,69.35416,74.84651,70.00714,71.86793,73.73602,71.47027,72.44998,75.28612,74.72617,72.27724,72.27724,70.61161,71.19691,71.02112,75.13322,71.19691,69.72087,66.48308,67.36468,69.72087,72.24957,65.27634,68.46897,71.11259,67.1193,68.35934,66.75328,65.11528,64.77654,59.90826,55.57877,60.16644,59.13544,57.56735,53.45091,48.70318,49.64877,50.08992,44.29447,41.59327,36.89173,40.60788,33.30165,31.40064,27.58623,28.42534,25.6125,25.80698,21.47091,19.31321,15.81139,27.45906,30.06659,30.59412,35.8469,37.33631,33.12099,32.20248,35.8469,36.35932,34.05877,33.24154,34.4093,36.87818,35.60899,38.41875,35.0,32.44996,34.82815,33.01515,29.83287,30.01666,33.01515,30.46309,29.06888,30.41381,34.48188,33.73426,32.55764,33.54102,34.23449,35.01428,36.01389,34.05877,38.01316,37.48333,40.4475,41.48494,41.78516,42.72002,42.72002,42.37924,44.77723,44.94441,48.37355,48.54894,47.16991,50.0,51.73973,52.40229,53.75872,55.15433,61.07373,59.20304,56.61272,58.60034,64.81512,64.88451
14.14214,14.14214,14.14214,14.14214,14.14214,14.03567,14.03567,14.0,13.0,14.0,14.0,14.0,14.0,13.0384,14.03567,14.03567,13.15295,13.15295,13.15295,13.34166,13.15295,13.15295,13.34166,13.15295,13.15295,13.15295,13.15295,13.15295,13.0384,12.16553,12.04159,12.04159,11.04536,11.0,11.0,10.0,9.05539,9.05539,8.24621,8.06226,8.24621,7.28011,7.28011,6.32456,6.7082,5.83095,5.83095,5.0,5.0,4.24264,4.24264,3.60555,75.58439,81.15417,73.37575,71.7844,77.36924,72.8011,78.84795,75.9276,73.5459,73.75636,70.03571,73.43705,75.80237,72.18033,69.35416,77.23341,76.10519,73.06162,73.0,70.02857,73.02739,67.18631,73.17103,75.32596,70.17834,71.34424,71.11259,73.10951,70.34913,73.68175,72.24957,69.46222,66.06815,69.0,68.00735,60.00833,68.0,61.07373,61.0082,60.29925,59.03389,50.21952,46.69047,47.07441,44.94441,42.37924,41.78516,39.81206,35.1141,31.30495,30.0,32.24903,26.62705,21.2132,19.10497,18.43909,20.12461,32.38827,34.0,35.01428,38.11824,35.90265,34.52535,36.05551,32.89377,37.94733,34.17601,37.58989,33.10589,31.38471,32.89377,34.53983,29.96665,34.9285,30.41381,33.24154,29.15476,33.61547,29.83287,28.4605,32.55764,32.38827,23.76973,31.01612,34.05877,31.257,34.71311,33.13608,36.67424,37.33631,34.48188,43.46263,39.56008,45.69464,40.70626,38.41875,45.22168,46.61545,48.16638,48.10405,49.51767,44.55334,43.82921,46.09772,50.80354,55.80323,55.47071,57.80138,61.03278,60.82763,57.69749,68.44706,66.30988,67.77905
14.42221,13.45362,14.21267,14.21267,13.45362,13.45362,14.14214,14.14214,13.45362,13.45362,14.14214,14.14214,13.45362,13.60147,14.21267,13.60147,13.60147,13.60147,13.89244,13.0384,13.60147,13.60147,13.60147,13.89244,13.60147,13.60147,12.80625,12.80625,12.80625,12.80625,12.80625,12.04159,11.31371,11.31371,10.63015,10.63015,10.0,10.0,8.60233,8.60233,8.06226,8.06226,7.61577,6.7082,6.7082,5.38516,5.09902,5.09902,4.12311,4.0,4.0,3.0,72.94518,73.81734,74.51845,68.24954,74.51845,74.51845,69.42622,75.28612,72.12489,71.42129,67.89698,71.70077,70.17834,69.42622,68.62215,71.21798,71.21798,64.63745,69.02898,66.0303,76.32169,67.1193,71.19691,71.69379,69.46222,71.58911,69.97142,71.19691,68.26419,69.11584,68.60029,67.1193,63.63175,63.51378,63.60031,64.81512,60.21628,61.40033,59.5483,58.13777,55.9017,47.42362,47.50789,42.2019,45.48626,39.44617,40.31129,36.67424,34.43835,27.85678,27.20294,25.31798,24.73863,19.64688,19.0263,17.26268,14.03567,29.15476,30.52868,32.44996,34.05877,34.65545,36.40055,33.97058,35.51056,34.82815,35.80503,33.61547,35.35534,36.71512,32.20248,35.51056,30.46309,37.21559,33.83785,31.06445,31.89044,29.41088,30.80584,28.01785,27.65863,29.73214,31.89044,28.01785,32.80244,31.90611,29.15476,34.0147,35.8469,33.24154,37.36308,44.14748,42.42641,34.71311,39.31921,38.20995,42.04759,40.11234,41.59327,45.39824,44.38468,47.38143,52.20153,52.49762,53.60037,52.81098,52.92447,56.0803,56.85948,56.36488,61.29437,59.07622,67.1193,62.80127
13.41641,13.41641,13.89244,13.41641,13.41641,13.89244,13.89244,13.0384,13.89244,13.0384,14.42221,13.60147,12.80625,12.80625,12.80625,12.80625,13.45362,13.45362,13.45362,12.72792,13.45362,13.45362,13.45362,12.72792,13.45362,13.45362,13.45362,12.04159,12.80625,12.04159,12.20656,11.40175,11.40175,10.81665,10.29563,10.29563,9.84886,8.94427,8.94427,8.544,8.24621,7.28011,7.28011,6.08276,6.08276,5.09902,5.09902,5.0,4.0,4.12311,4.12311,3.0,72.33948,65.9242,73.97973,75.31268,72.99315,76.29548,74.33034,79.07591,71.06335,78.84795,77.62087,75.28612,76.2168,68.96376,75.61085,75.61085,81.15417,69.46222,72.49828,71.55418,75.29276,70.77429,74.43118,71.11962,70.68239,68.60029,72.00694,71.69379,70.66116,69.64194,69.857,70.68239,66.21178,67.54258,65.55151,65.52099,60.08328,60.16644,58.46366,59.66574,55.31727,53.60037,49.36598,48.37355,46.04346,44.01136,40.0125,39.11521,36.05551,32.75668,30.26549,26.4764,25.96151,23.08679,20.24846,19.72308,16.97056,30.41381,35.22783,31.7805,36.40055,32.20248,38.60052,36.13862,38.07887,37.48333,36.34556,37.01351,34.1321,34.1321,35.22783,37.05401,34.0147,40.1995,33.95585,34.23449,34.0147,35.22783,28.16026,29.42788,29.42788,33.95585,37.58989,30.08322,35.35534,28.01785,34.20526,38.28838,31.241,37.48333,43.26662,44.59821,52.35456,41.72529,38.47077,38.47077,41.88078,47.85394,46.51881,48.75449,48.76474,50.0,53.14132,46.09772,55.57877,53.93515,58.54912,53.15073,55.14526,62.1289,59.0,64.38167,66.27217,68.00735
12.04159,12.04159,12.72792,12.72792,12.72792,12.04159,12.72792,12.04159,12.04159,12.04159,12.04159,11.40175,12.20656,12.20656,11.6619,12.52996,11.6619,11.6619,11.6619,12.08305,11.6619,12.52996,11.6619,11.6619,11.6619,11.6619,11.6619,11.6619,10.81665,10.81665,10.0,10.0,10.0,9.21954,9.21954,8.48528,8.48528,7.81025,7.81025,7.2111,6.7082,5.83095,5.83095,5.38516,4.12311,4.12311,4.12311,3.16228,4.0,3.16228,3.16228,2.23607,72.18033,69.02898,70.83784,74.8131,69.02898,71.06335,69.31089,72.24957,67.94115,74.24958,70.83784,72.24957,68.62215,64.03124,66.70832,70.80254,71.8401,70.21396,72.11103,64.66065,72.11103,64.3506,71.69379,70.3278,71.69379,68.0,65.0,69.64194,69.46222,69.11584,67.23095,72.67049,66.03787,69.11584,63.82006,62.00806,57.2014,59.40539,60.1415,54.56189,52.34501,53.90733,46.40043,47.80167,47.20169,42.72002,41.18252,33.12099,33.24154,30.8707,33.52611,25.0,22.47221,17.02939,17.11724,17.02939,17.46425,32.57299,32.44996,35.34119,35.80503,35.51056,38.8973,35.4683,34.65545,35.38361,33.94113,38.20995,35.0,38.60052,39.20459,37.80212,34.66987,36.61967,31.62278,30.0,31.241,33.24154,29.83287,32.64966,31.14482,29.20616,31.06445,34.05877,39.81206,34.0147,33.61547,32.01562,40.26164,36.87818,36.13862,41.0,39.45884,40.1995,40.0125,40.11234,43.01163,47.04253,45.17743,46.17359,44.38468,47.26521,44.14748,47.67599,52.81098,55.36244,54.23099,54.56189,60.41523,59.5399,55.22681,59.36329,67.95587,68.8186
13.0,12.64911,13.0,12.64911,12.64911,12.64911,12.64911,12.36932,12.36932,13.34166,12.16553,12.16553,13.15295,12.16553,12.04159,13.0384,12.04159,12.04159,13.0,12.0,12.0,12.0,12.0,12.0,12.0,12.0,12.0,12.04159,12.04159,11.04536,11.04536,11.04536,10.04988,10.19804,9.21954,9.21954,8.24621,7.28011,7.61577,7.28011,6.7082,5.83095,5.83095,5.0,5.0,4.24264,4.24264,4.24264,3.60555,3.60555,2.23607,2.0,70.43437,71.50524,75.0,73.23933,71.02112,69.64194,72.06941,71.28113,72.71864,68.42514,72.94518,68.42514,72.44998,72.09022,70.77429,68.00735,71.47027,68.96376,68.30813,70.21396,69.37579,67.91171,68.15424,67.68309,65.96969,67.26812,68.24954,70.21396,67.26812,70.61161,68.44706,68.68042,65.73431,63.89053,61.98387,63.24555,59.13544,62.64184,56.79789,55.03635,55.00909,51.47815,47.16991,46.14109,41.88078,41.04875,40.60788,33.30165,35.38361,29.41088,27.80288,28.6531,25.80698,22.2036,17.08801,19.41649,15.29706,31.257,34.78505,34.1321,32.64966,34.43835,34.71311,34.71311,31.82766,36.23534,36.06938,40.36087,31.82766,38.20995,35.60899,36.76955,35.4683,35.4683,33.97058,32.01562,32.64966,31.82766,29.20616,34.20526,32.69557,29.96665,33.61547,32.20248,29.96665,35.17101,34.52535,33.73426,39.20459,41.04875,38.0,39.05125,40.04997,39.05125,40.79216,40.79216,42.44997,45.54119,46.48656,45.31004,51.0,46.51881,49.24429,47.41308,48.02083,50.24938,54.40588,55.31727,55.97321,59.46427,55.86591,62.36986,63.70243,67.35726
13.45362,13.45362,12.80625,13.45362,12.80625,12.80625,12.80625,13.0384,13.60147,13.0384,13.0384,12.52996,12.52996,12.52996,12.52996,13.41641,13.0,12.08305,12.08305,13.0,12.08305,13.0,13.0,13.0,12.08305,13.0,12.08305,12.52996,12.52996,12.52996,11.18034,10.81665,10.81665,10.0,10.0,10.0,9.21954,8.48528,7.81025,7.81025,7.07107,6.40312,6.40312,5.83095,5.83095,5.0,4.47214,4.12311,3.16228,3.16228,3.16228,2.0,71.70077,70.60453,70.72482,73.75636,76.38063,69.31089,73.59348,77.07788,67.17887,76.05919,72.47068,67.62396,78.1025,68.60029,70.0,69.11584,70.21396,70.17834,66.03787,66.57327,67.95587,68.47627,70.23532,69.35416,72.00694,71.19691,64.88451,69.31811,70.71068,71.17584,64.84597,72.44998,63.28507,62.26556,64.66065,62.00806,59.64059,59.20304,58.60034,57.80138,51.85557,50.9902,48.83646,44.59821,43.13931,41.03657,37.73592,38.60052,31.06445,33.6006,29.52965,24.35159,20.88061,20.24846,22.09072,18.11077,14.31782,29.54657,31.30495,30.23243,35.0,34.05877,38.8973,33.24154,35.38361,35.80503,36.23534,37.01351,34.88553,39.11521,33.01515,34.20526,34.82815,32.44996,32.01562,38.83298,33.42155,31.241,33.28663,30.4795,29.73214,31.1127,29.73214,30.52868,33.12099,31.90611,33.10589,29.96665,37.33631,36.40055,37.94733,39.56008,38.47077,36.22154,38.01316,44.04543,41.04875,45.0,43.18565,49.81967,48.83646,49.0408,46.84015,49.64877,53.31041,49.0408,52.3259,51.86521,56.36488,57.80138,59.64059,63.51378,65.45991,65.0
12.64911,12.64911,12.64911,12.64911,12.64911,13.34166,12.36932,12.36932,12.36932,12.36932,13.15295,13.15295,12.16553,12.04159,12.04159,13.0384,12.0,12.04159,12.0,12.0,12.04159,12.0,12.04159,12.0,12.0,12.0,12.04159,12.04159,11.04536,12.04159,10.19804,11.18034,10.19804,10.44031,10.44031,9.48683,9.48683,8.544,8.06226,7.2111,8.06226,6.40312,6.40312,5.65685,5.65685,5.0,5.0,4.47214,4.47214,3.60555,3.16228,3.16228,71.56815,66.94027,72.00694,71.80529,70.83078,71.58911,72.24957,76.94154,72.56032,81.15417,74.16873,71.17584,72.06247,71.25307,73.0,73.00685,74.00676,71.11259,68.0,71.44928,77.41447,69.26038,68.88396,67.60178,65.62012,70.34913,71.70077,68.06614,69.58448,72.69113,69.58448,66.61081,67.1193,68.26419,67.1193,66.00758,59.00847,61.0082,56.32051,55.22681,57.31492,52.95281,51.1957,46.87217,43.32436,39.84972,39.84972,35.8469,31.38471,30.52868,30.52868,28.01785,24.75884,22.02272,19.84943,16.64332,16.12452,33.83785,34.20526,32.14032,37.0,38.0,36.05551,38.01316,35.22783,37.33631,34.52535,34.71311,35.44009,38.27532,34.36568,32.89377,35.17101,33.54102,31.32092,34.52535,33.37664,29.42788,33.24154,28.0,34.36568,30.26549,32.55764,31.257,35.17101,39.29377,33.54102,33.83785,36.23534,36.68787,35.8469,41.18252,45.22168,38.27532,43.04649,41.88078,43.41659,43.13931,47.42362,48.9183,49.0408,47.63402,51.61395,49.09175,55.07268,52.35456,56.35601,59.03389,58.69412,59.80803,65.14599,65.45991,66.12866,68.00735
13.15295,14.31782,14.31782,14.31782,14.31782,13.34166,13.60147,13.60147,13.60147,13.60147,13.60147,13.0,13.0,13.0,13.0,13.41641,13.41641,13.41641,12.52996,13.41641,13.41641,12.52996,12.52996,13.0384,13.89244,12.52996,12.52996,12.52996,12.08305,12.08305,11.7047,12.08305,11.7047,11.40175,10.44031,10.44031,10.19804,9.21954,9.05539,8.06226,8.0,7.07107,7.0,7.07107,6.0,6.08276,5.38516,5.38516,4.47214,4.47214,4.47214,3.60555,72.11103,74.24284,73.43705,74.8131,71.70077,78.44743,76.29548,78.63841,71.58911,73.97973,73.24616,70.2282,74.33034,76.53757,69.57011,71.16881,71.16881,72.11103,74.73286,71.69379,72.09022,73.34848,72.71864,72.67049,73.82412,71.19691,68.60029,68.47627,69.35416,69.35416,71.58911,74.24284,64.41273,68.44706,63.50591,64.51356,61.32699,60.53924,61.03278,57.00877,51.86521,51.1957,48.50773,47.29693,45.27693,43.28972,41.01219,36.01389,33.0,29.83287,28.63564,25.29822,22.13594,23.25941,21.47091,17.02939,15.6205,30.41381,32.20248,33.61547,36.87818,34.71311,34.36568,34.1321,36.22154,35.0571,37.05401,39.0,35.0,38.01316,36.0,38.01316,30.41381,34.0,33.01515,34.1321,34.23449,31.0,34.52535,33.73426,29.61419,35.90265,32.28002,30.67572,35.35534,32.24903,37.20215,31.38471,35.80503,38.28838,35.60899,41.01219,41.10961,33.28663,41.10961,43.41659,48.54894,44.77723,42.94182,47.41308,52.7731,51.62364,52.88667,51.97115,52.39275,53.93515,51.92302,54.57105,61.0,61.29437,57.14018,63.12686,65.03076,69.06519
13.41641,13.89244,13.89244,13.89244,13.89244,13.89244,13.0384,13.60147,13.60147,13.60147,13.60147,12.80625,13.45362,13.45362,13.45362,13.45362,13.45362,12.72792,13.45362,13.45362,12.72792,13.45362,13.45362,12.80625,13.45362,13.45362,12.72792,12.72792,12.72792,12.72792,12.04159,12.04159,11.40175,10.81665,10.81665,10.81665,9.43398,9.43398,8.06226,8.94427,7.61577,7.61577,6.32456,6.32456,6.32456,6.08276,5.09902,5.0,4.12311,4.0,4.0,3.16228,72.23573,70.26379,70.21396,75.591,70.3278,72.06941,71.86793,74.43118,72.40166,72.20111,69.46222,75.0,70.45566,68.60029,68.60029,68.24954,72.20111,71.58911,70.71068,68.68042,74.95332,70.00714,68.0147,68.0147,67.35726,71.40028,67.89698,68.593,70.83784,73.0,72.91776,73.0,65.19202,67.26812,66.48308,64.38167,60.44005,57.28001,58.41233,51.73973,52.47857,51.86521,46.95743,46.51881,43.82921,42.94182,43.86342,37.33631,34.9285,31.04835,29.61419,29.15476,23.08679,25.31798,19.0263,18.02776,17.20465,30.61046,32.80244,31.40064,31.90611,34.0147,34.43835,33.10589,33.83785,34.0147,36.40055,33.24154,37.36308,36.87818,34.9285,34.23449,34.71311,33.24154,33.52611,34.48188,35.17101,34.17601,28.63564,29.73214,35.8469,27.29469,29.20616,35.0,36.06938,29.0,32.64966,34.05877,36.71512,31.62278,36.67424,37.44329,38.20995,36.01389,38.8973,41.0,39.11521,44.10215,42.75512,47.67599,47.67599,46.09772,41.19466,49.0102,55.22681,51.15662,53.36666,51.97115,54.12947,62.58594,57.72348,61.98387,62.93648,64.88451
12.36932,12.36932,12.36932,12.36932,12.64911,12.64911,13.0,12.64911,13.0,13.0,12.08305,12.52996,12.52996,12.52996,11.6619,13.0384,12.20656,12.20656,12.20656,12.20656,11.6619,12.20656,12.20656,12.80625,12.20656,12.20656,12.20656,12.20656,12.20656,11.6619,10.81665,10.29563,10.29563,9.84886,9.84886,8.94427,8.544,8.544,7.28011,7.28011,7.28011,7.28011,6.08276,5.09902,5.0,5.0,4.0,4.0,4.12311,3.16228,3.16228,2.23607,69.26038,74.96666,69.05071,74.96666,66.4906,69.37579,72.56721,71.8401,72.8011,72.12489,68.41053,66.12866,72.11103,68.70953,70.77429,68.44706,72.49828,63.06346,68.02941,73.79024,68.09552,67.6757,71.02816,69.11584,70.72482,67.41662,67.23095,73.23933,69.97142,68.00735,65.19202,66.88797,66.37017,64.49806,63.13478,62.16912,58.18075,62.76942,64.2573,54.42426,52.81098,52.20153,50.0,45.35416,40.60788,37.65634,37.33631,34.0147,35.0,29.06888,30.0,26.1725,23.5372,22.80351,22.2036,17.88854,17.88854,29.20616,31.90611,32.31099,34.9285,36.40055,36.68787,33.37664,37.21559,34.05877,34.52535,34.0147,39.81206,36.22154,36.01389,39.01282,34.0,35.12834,32.01562,35.22783,34.1321,32.06244,31.7805,32.01562,31.95309,34.48188,28.86174,33.61547,32.31099,32.64966,35.51056,34.05877,39.20459,37.20215,36.05551,38.60052,36.12478,38.18377,39.20459,41.88078,42.2019,42.54409,42.04759,41.4367,47.12749,45.88028,46.52956,47.67599,48.50773,53.36666,52.39275,55.44367,59.3043,53.23533,55.00909,61.0082,62.1289,68.11755
12.04159,12.04159,12.80625,12.04159,12.20656,12.04159,12.20656,12.20656,12.20656,12.20656,12.20656,11.6619,11.6619,11.6619,11.18034,12.08305,12.08305,11.18034,12.08305,12.08305,12.08305,12.08305,11.18034,12.08305,12.08305,12.08305,11.18034,11.18034,11.6619,10.81665,10.81665,10.29563,9.43398,9.43398,9.21954,8.48528,8.48528,8.48528,7.81025,6.40312,7.2111,6.40312,5.83095,5.38516,4.47214,4.12311,4.12311,4.12311,3.0,3.0,3.0,2.23607,68.88396,72.34639,67.47592,70.29225,70.76722,67.94115,69.31089,72.13876,67.89698,70.03571,68.62215,69.81404,70.80254,67.47592,65.60488,69.40461,69.6563,64.63745,68.96376,69.46222,69.64194,67.53518,68.942,68.942,68.88396,69.31811,64.49806,69.31811,69.46222,66.7308,63.81222,68.09552,67.60178,61.05735,59.07622,62.42596,58.82176,58.41233,54.56189,59.03389,57.31492,47.38143,49.49747,43.86342,44.65423,39.44617,38.58756,37.58989,33.12099,27.313,29.15476,22.36068,23.08679,20.02498,19.0263,20.09975,18.11077,32.89377,29.73214,32.75668,32.75668,35.0,36.06938,37.53665,35.35534,36.40055,38.60052,38.60052,36.40055,39.40812,33.01515,35.4683,38.01316,40.22437,34.05877,29.20616,32.80244,30.61046,29.69848,31.82766,29.69848,30.4795,32.75668,31.40064,31.90611,36.40055,33.24154,34.43835,37.33631,40.26164,37.65634,36.22154,40.26164,58.5235,42.29657,42.04759,45.04442,46.52956,40.31129,45.70558,46.84015,42.95346,43.32436,47.53946,46.48656,52.39275,53.66563,51.89412,61.77378,54.20332,59.68249,64.66065,64.89992,63.89053
13.0,12.08305,12.52996,11.18034,12.52996,12.08305,11.6619,12.52996,11.6619,12.20656,12.20656,12.20656,12.20656,11.40175,11.40175,12.04159,12.04159,12.04159,11.31371,12.04159,12.04159,11.31371,12.04159,11.31371,11.31371,12.04159,11.40175,11.31371,10.63015,11.40175,10.0,10.0,10.29563,9.43398,10.29563,8.94427,8.94427,7.61577,7.61577,6.32456,7.28011,6.08276,6.08276,5.09902,5.0,5.0,4.12311,4.12311,3.16228,3.16228,3.60555,2.82843,68.62215,73.73602,74.70609,69.857,73.40981,74.09453,73.79024,70.66116,67.08204,71.19691,75.29276,73.78347,71.69379,65.21503,71.56116,72.62231,70.60453,68.41053,67.26812,69.6563,75.0733,68.0147,64.3506,70.72482,69.42622,66.48308,69.35416,69.31089,73.0,72.13876,69.42622,70.76722,64.44377,68.24954,65.60488,63.00794,62.00806,60.60528,57.45433,56.82429,55.56978,53.23533,51.26402,42.15448,44.27189,43.65776,37.10795,35.51056,32.28002,34.05877,30.06659,29.0,21.0238,23.02173,18.68154,21.0238,15.26434,27.65863,33.30165,34.65545,38.60052,38.01316,33.12099,34.43835,37.12142,36.05551,35.44009,37.69615,39.05125,38.83298,41.48494,37.0,29.61419,32.31099,37.10795,34.17601,35.44009,39.21734,31.38471,34.43835,33.10589,31.38471,34.05877,32.52691,35.35534,36.06938,35.38361,34.05877,36.61967,37.20215,35.34119,42.72002,38.32754,34.0147,38.07887,39.29377,43.17407,42.72002,47.80167,50.01,43.10452,50.48762,58.54912,54.03702,53.03772,52.0,56.32051,56.32051,59.84146,62.20129,62.514,57.97413,62.36185,67.41662
13.60147,14.42221,13.89244,13.60147,13.89244,13.89244,13.89244,13.41641,13.41641,13.41641,13.41641,13.41641,13.0,13.0,13.92839,13.0,13.60147,12.64911,13.60147,12.64911,13.60147,12.64911,12.64911,12.64911,13.60147,13.92839,12.64911,13.0,12.64911,12.08305,12.08305,12.08305,11.18034,10.29563,10.81665,10.81665,10.0,10.0,9.21954,8.48528,8.48528,7.07107,7.07107,6.40312,6.40312,5.83095,5.83095,5.38516,4.47214,4.12311,4.12311,3.16228,74.24958,72.13876,73.0,72.86288,68.62215,74.41102,75.82216,72.47068,71.58911,67.35726,69.40461,68.8186,70.17834,69.2026,71.28113,71.02112,71.56116,68.42514,68.88396,66.24198,72.94518,71.11259,68.0,69.77105,69.31811,70.66116,66.64833,71.11259,70.21396,71.58911,71.55418,66.64833,65.51336,63.81222,66.28725,65.0,57.68882,59.40539,60.21628,56.0803,56.63921,55.9017,50.9902,46.75468,41.86884,40.49691,38.07887,38.07887,33.54102,33.54102,31.38471,26.24881,26.24881,23.34524,23.19483,20.02498,16.12452,29.12044,31.32092,30.41381,36.05551,36.61967,37.64306,32.80244,38.20995,39.82462,32.55764,38.20995,34.71311,38.20995,36.12478,34.71311,32.55764,36.76955,31.89044,31.241,31.1127,28.42534,31.82766,30.61046,24.69818,31.06445,30.52868,30.88689,28.23119,28.23119,33.54102,35.17101,33.95585,35.69314,38.63936,37.48333,37.21559,44.0,40.11234,38.47077,42.19005,44.72136,42.57934,46.52956,47.12749,48.08326,46.57252,49.0408,51.42956,54.12947,53.85165,57.14018,56.61272,54.81788,61.05735,62.28965,64.66065,65.0
13.60147,12.20656,12.80625,12.80625,12.80625,12.80625,13.45362,12.04159,12.72792,12.72792,12.72792,12.72792,12.72792,12.04159,12.04159,12.80625,12.20656,12.20656,12.20656,12.80625,12.80625,12.20656,12.80625,12.20656,12.20656,12.20656,12.20656,12.80625,11.40175,12.04159,11.31371,10.63015,10.63015,9.89949,9.89949,9.21954,9.21954,8.60233,8.06226,7.2111,7.2111,5.83095,6.32456,5.83095,5.38516,4.12311,4.12311,4.12311,4.0,3.0,3.0,2.0,69.46222,66.7308,75.0,72.06941,68.09552,73.24616,74.63243,72.67049,67.95587,69.2026,69.52697,67.94115,70.76722,70.0928,69.29646,65.19202,75.66373,69.42622,73.66139,65.0,71.58911,68.8186,69.81404,69.40461,66.70832,69.81404,66.70832,74.06079,69.2026,69.40461,66.4003,67.00746,68.8186,67.00746,67.26812,67.89698,68.0147,60.959,57.98276,54.45181,53.25411,48.60041,47.50789,48.37355,50.11986,43.04649,39.39543,35.8469,31.04835,30.46309,30.36445,23.08679,23.08679,20.02498,17.02939,14.14214,17.02939,29.06888,31.62278,34.65545,31.82766,37.01351,33.28663,33.61547,34.4093,37.44329,32.75668,34.66987,39.0,30.08322,34.88553,39.39543,32.57299,35.4683,31.38471,37.58989,34.0147,30.88689,29.41088,33.01515,33.83785,36.12478,31.14482,32.80244,29.06888,33.42155,35.22783,32.44996,35.51056,37.73592,38.47077,41.14608,37.64306,38.32754,43.56604,39.62323,45.17743,44.18144,43.0,45.09989,48.01042,46.01087,43.41659,47.0,54.74486,50.48762,53.36666,54.74486,53.14132,56.921,57.00877,57.27128,61.46544,63.07139
14.31782,14.14214,14.14214,14.14214,14.14214,13.0384,14.03567,13.0384,13.0384,14.0,13.0,14.0,14.0,14.03567,13.0384,14.03567,13.15295,13.0384,13.15295,14.14214,13.15295,13.15295,13.15295,13.15295,13.15295,13.15295,13.0384,13.0384,12.04159,13.0384,12.04159,12.0,12.0,11.0,11.04536,10.04988,10.19804,9.05539,9.21954,8.24621,8.544,7.61577,7.61577,6.7082,5.83095,5.83095,5.0,5.0,5.65685,4.24264,3.60555,3.60555,66.61081,70.5762,76.23647,72.1734,67.36468,70.45566,70.25667,76.00658,72.00694,70.17834,71.0,67.02984,73.02739,72.33948,70.25667,70.71068,69.72087,68.88396,71.44928,67.68309,75.13322,64.77654,69.64194,70.61161,67.08204,66.40783,70.34202,70.83078,69.64194,68.41053,65.30697,68.06614,65.30697,72.78049,65.51336,63.3877,62.20129,60.03332,60.20797,56.22277,55.0,51.35173,53.15073,48.50773,44.40721,41.48494,41.97618,38.8973,35.4683,31.62278,31.01612,27.45906,22.80351,21.47091,20.12461,17.69181,15.81139,28.23119,32.75668,30.41381,37.21559,30.01666,35.22783,33.01515,35.22783,34.23449,35.22783,33.73426,31.7805,32.24903,34.48188,32.55764,33.24154,35.51056,30.36445,33.13608,30.26549,30.41381,33.13608,30.01666,31.06445,33.24154,28.0,30.26549,31.04835,34.48188,34.53983,34.53983,37.16181,35.34119,34.0147,45.80393,29.61419,26.68333,34.20526,42.52058,38.60052,45.96738,44.20407,46.09772,46.2277,43.56604,45.69464,46.06517,49.24429,56.79789,50.9902,53.45091,55.08176,52.20153,60.08328,62.0967,67.72001,67.08204
14.76482,13.89244,13.89244,13.89244,13.89244,13.0384,13.0384,13.60147,14.42221,13.60147,14.21267,13.45362,14.14214,13.45362,13.45362,13.45362,12.72792,14.14214,13.45362,13.45362,14.14214,13.45362,14.14214,14.21267,13.45362,12.72792,12.72792,13.45362,12.72792,12.04159,11.40175,12.04159,11.40175,10.81665,10.81665,10.29563,10.29563,8.94427,8.94427,8.544,8.544,7.61577,7.28011,6.08276,6.08276,6.08276,5.0,5.0,5.0,4.0,4.0,3.16228,72.27724,65.96969,72.78049,68.88396,70.2282,69.37579,71.86793,74.33034,69.64194,73.68175,69.857,69.28925,71.11259,66.64833,71.17584,71.58911,72.47068,67.23095,69.46222,68.50547,72.40166,71.28113,70.43437,69.2026,69.40461,71.84706,69.81404,70.0,69.2026,71.61006,69.63476,70.45566,63.82006,67.95587,66.28725,60.41523,61.91123,59.9333,59.94164,60.37384,52.0,50.0,46.23851,45.22168,45.12206,41.30375,42.75512,36.49658,37.21559,31.01612,30.26549,28.01785,25.07987,25.0,19.92486,18.60108,18.78829,31.06445,33.6006,33.61547,32.20248,34.0,35.44009,33.24154,34.9285,35.69314,33.37664,33.24154,38.47077,35.22783,36.22154,38.11824,38.11824,30.14963,30.14963,32.38827,36.34556,31.40064,29.42788,28.44293,28.4605,27.51363,31.76476,31.7805,32.75668,35.4683,34.4093,36.79674,33.97058,33.30165,41.40048,34.4093,44.55334,21.63331,43.32436,49.0408,40.71855,44.72136,42.95346,44.27189,50.21952,48.08326,44.92215,50.21952,51.35173,54.14795,56.00893,52.00961,60.00833,57.03508,62.1289,61.66036,62.28965,66.91039
12.52996,13.41641,13.0,13.41641,12.08305,13.0,12.64911,12.64911,12.64911,12.64911,12.64911,12.64911,12.36932,12.36932,12.36932,12.16553,12.16553,12.16553,12.16553,12.16553,12.16553,12.16553,12.04159,12.04159,12.16553,12.16553,12.16553,12.16553,11.18034,11.18034,10.44031,11.40175,10.44031,10.44031,9.48683,9.48683,8.94427,8.06226,8.06226,7.2111,7.2111,6.40312,6.40312,5.65685,5.65685,5.0,5.0,4.47214,4.47214,4.12311,3.16228,3.0,65.19202,71.86793,70.21396,70.66116,67.23095,73.82412,68.942,72.49828,68.8767,69.46222,69.64194,70.34202,72.53275,67.06713,65.52099,70.83784,69.37579,69.37579,67.74216,68.06614,71.38627,63.95311,66.48308,65.76473,68.24954,73.33485,72.33948,67.36468,66.91039,68.26419,69.87131,70.03571,65.51336,62.96825,59.43904,62.0967,58.69412,58.69412,56.61272,56.64804,52.88667,52.80152,51.0,47.01064,46.64762,40.70626,40.60788,38.41875,37.01351,28.42534,29.83287,24.18677,27.78489,23.85372,21.93171,18.97367,18.43909,31.06445,33.0,33.24154,32.01562,31.57531,34.17601,34.17601,34.53983,36.24914,33.54102,34.88553,34.1321,35.8469,35.0,35.22783,35.22783,36.35932,33.28663,33.61547,30.01666,34.53983,35.77709,33.61547,28.4605,35.1141,33.54102,32.98485,34.71311,33.24154,33.06055,38.0526,37.0,37.0,38.63936,41.59327,41.23106,38.8973,43.68066,38.62642,43.46263,43.46263,46.14109,48.30114,50.47772,46.61545,57.42822,52.20153,49.49747,54.48853,46.66905,52.49762,57.28001,60.30755,58.41233,63.12686,64.40497,59.64059
12.36932,12.36932,12.36932,12.36932,11.18034,12.16553,12.16553,12.04159,12.16553,12.04159,12.04159,12.04159,12.0,12.04159,12.0,12.0,13.0384,12.04159,13.0384,12.04159,12.04159,12.04159,12.04159,12.04159,12.04159,12.04159,11.04536,11.0,12.0,10.0,11.04536,11.0,10.0,10.04988,9.05539,9.05539,8.24621,8.24621,7.28011,7.28011,6.32456,6.7082,5.83095,5.0,5.0,3.60555,4.24264,3.60555,2.82843,2.82843,2.23607,2.0,73.82412,69.64194,71.55418,67.97794,70.26379,68.942,68.15424,70.38466,72.01389,68.35203,67.06713,65.96969,74.46476,69.26038,69.857,70.21396,68.41053,71.84706,70.03571,67.89698,68.593,67.60178,68.73136,69.18092,68.02941,71.06335,64.19502,67.18631,70.11419,67.18631,71.19691,71.44928,64.13267,66.48308,61.61169,60.63827,63.56099,61.61169,58.46366,54.70832,49.0408,49.39636,45.31004,47.01064,44.41846,39.11521,36.12478,35.80503,31.89044,26.90725,27.58623,27.65863,24.08319,22.82542,20.61553,19.69772,15.65248,33.06055,32.01562,34.1321,36.87818,35.17101,34.78505,34.43835,36.24914,36.67424,36.23534,39.66106,35.80503,34.48188,33.61547,35.35534,32.75668,35.51056,33.83785,32.24903,38.47077,34.9285,35.8469,30.36445,29.12044,33.83785,26.92582,31.7805,33.95585,35.01428,39.0,35.0571,37.12142,39.11521,38.20995,39.62323,39.31921,37.64306,39.62323,43.08132,45.69464,46.95743,41.18252,46.14109,49.73932,47.43416,49.64877,48.41487,48.79549,53.75872,54.45181,59.39697,54.03702,55.80323,56.72742,63.00794,65.19202,63.24555
12.20656,13.0384,12.52996,13.0384,11.6619,13.0384,12.52996,12.08305,12.08305,12.08305,13.0,12.08305,11.7047,12.64911,12.64911,12.36932,12.36932,11.40175,12.36932,12.36932,11.40175,12.36932,12.36932,12.36932,12.36932,12.36932,11.40175,11.40175,11.40175,11.7047,10.77033,10.77033,10.77033,9.84886,9.84886,8.94427,8.94427,8.60233,7.2111,7.81025,7.07107,6.40312,5.65685,5.0,5.0,5.0,3.60555,3.60555,3.16228,3.16228,3.0,2.0,67.35726,66.8431,70.00714,69.42622,63.63961,71.58911,69.29646,70.93659,70.17834,63.25346,70.29225,66.61081,69.2026,68.7968,69.02898,67.95587,66.88797,68.26419,71.19691,67.74216,67.97794,70.23532,68.44706,67.97794,67.08204,64.40497,67.08204,69.857,67.97794,72.44998,63.95311,66.37017,63.95311,68.44706,67.60178,66.37017,64.66065,58.24946,59.64059,54.6443,52.49762,48.27007,49.49747,44.55334,39.05125,39.69887,38.60052,40.0,36.35932,34.4093,30.46309,28.86174,21.0238,22.13594,19.0263,19.41649,16.03122,32.89377,33.54102,33.10589,35.51056,34.20526,35.35534,38.20995,37.48333,39.62323,34.1321,38.41875,36.40055,33.01515,35.22783,35.4683,38.27532,35.4683,36.12478,35.38361,34.05877,32.55764,30.41381,35.35534,31.241,30.4795,33.83785,30.23243,31.90611,38.01316,34.43835,36.71512,41.48494,36.05551,35.51056,40.4475,38.32754,38.0526,40.4475,44.01136,41.04875,43.10452,42.0119,48.50773,51.1957,48.37355,46.32494,49.33559,52.0,52.0,55.4617,56.82429,55.54278,58.13777,61.77378,61.03278,64.66065,64.66065
13.0,12.64911,13.60147,12.64911,12.64911,12.36932,13.60147,12.36932,12.36932,13.15295,13.15295,13.15295,12.04159,12.04159,12.04159,12.04159,12.0,13.0,12.04159,12.0,12.0,12.0,13.0,12.0,12.0,12.0,12.0,12.0,11.04536,12.04159,11.04536,11.04536,11.18034,10.44031,9.21954,9.48683,9.48683,8.544,7.61577,7.61577,7.61577,6.7082,7.2111,6.40312,5.0,5.65685,4.24264,5.0,3.60555,3.60555,4.47214,3.16228,75.96052,67.35726,70.5195,71.7844,75.69016,69.12308,70.88018,70.61161,69.37579,73.97973,68.88396,74.67262,76.65507,70.45566,71.84706,74.10803,71.11259,69.00725,69.02898,72.02777,73.10951,71.02816,67.47592,72.24957,67.06713,73.43705,73.10951,69.58448,70.17834,70.06426,71.17584,70.25667,65.06919,74.33034,63.0,65.12296,60.03332,59.00847,61.29437,59.07622,54.45181,50.9902,50.0,46.48656,47.75982,40.8534,40.31129,37.16181,33.28663,30.01666,28.3196,28.01785,26.24881,23.34524,21.2132,23.02173,17.49286,32.14032,37.0,37.21559,36.49658,33.37664,32.89377,34.53983,34.9285,38.91015,38.91015,34.88553,37.16181,36.67424,37.58989,36.23534,31.7805,36.71512,33.28663,31.30495,34.0147,34.43835,35.4683,33.24154,34.9285,33.24154,34.23449,36.49658,36.01389,33.01515,35.22783,38.32754,39.01282,37.85499,37.85499,36.68787,43.46263,42.37924,40.31129,44.29447,43.41659,44.10215,45.45327,50.21952,53.2635,52.40229,57.31492,53.03772,50.9902,55.22681,57.42822,57.00877,56.61272,59.64059,58.66856,65.36819,65.74192,61.84658
12.64911,13.60147,13.60147,13.92839,13.34166,13.34166,13.34166,13.34166,12.36932,13.15295,13.15295,13.15295,14.14214,13.0384,13.0384,13.0384,13.0384,13.0384,13.0,13.0384,13.0,13.0384,13.0,13.0,13.0,13.0,13.0384,12.16553,12.04159,12.04159,12.16553,11.18034,11.18034,11.40175,10.44031,9.48683,9.48683,9.84886,8.544,8.544,7.2111,8.06226,7.2111,6.40312,6.40312,5.65685,5.65685,5.0,5.0,4.24264,3.60555,3.60555,70.66116,74.24958,72.89719,75.80237,74.68601,72.61543,72.11103,71.86793,74.09453,75.27284,70.2282,70.34202,71.56815,75.69016,74.33034,71.80529,72.18033,73.34848,71.56815,71.25307,71.34424,75.32596,69.26038,75.16648,75.42546,72.1734,73.10951,73.17103,77.05842,67.26812,68.06614,68.18358,67.47592,65.62012,67.08204,64.53681,63.32456,63.06346,61.13101,57.93962,56.30275,53.22593,49.98,46.95743,43.41659,43.41659,45.27693,38.83298,35.0,31.14482,34.65545,28.28427,24.20744,28.6007,23.32381,23.4094,20.39608,30.06659,33.37664,32.38827,34.52535,34.20526,31.62278,36.76955,34.88553,38.47077,32.69557,36.71512,37.58989,36.23534,33.54102,35.22783,37.20215,33.61547,31.90611,34.9285,36.35932,34.17601,30.36445,31.30495,37.36308,34.9285,31.7805,35.51056,34.23449,35.12834,36.01389,34.0147,37.01351,42.29657,39.20459,38.83298,42.42641,38.60052,37.69615,40.31129,47.85394,45.17743,44.82187,47.01064,48.60041,50.24938,47.38143,48.16638,50.24938,55.17246,50.9902,59.66574,56.85068,54.67175,60.21628,63.28507,68.47627,68.24222
14.56022,14.31782,14.31782,14.31782,14.31782,13.34166,14.14214,14.03567,14.03567,14.03567,14.03567,14.03567,14.0,13.0384,14.0,14.03567,14.03567,13.0,14.03567,14.03567,14.0,14.03567,13.0384,14.03567,14.03567,13.0384,13.0384,13.0,13.0,12.0,12.04159,12.04159,12.04159,11.18034,11.18034,10.19804,10.19804,9.48683,9.48683,9.48683,8.544,7.61577,7.61577,7.2111,6.7082,6.40312,5.65685,5.65685,5.0,5.0,4.24264,3.60555,74.68601,73.40981,70.5762,71.16881,76.15773,69.64194,76.24303,74.72617,77.36924,70.03571,72.18033,66.61081,71.34424,74.33034,67.08204,70.17834,71.44928,74.33034,70.00714,70.00714,73.0,69.18092,78.1025,72.33948,72.02777,71.34424,72.1734,70.34913,77.23341,71.00704,68.06614,67.02984,67.02984,67.02984,66.37017,62.00806,67.00746,60.29925,62.28965,57.07889,57.48913,55.7315,54.57105,46.8188,48.05206,42.54409,39.92493,39.81206,39.96248,34.48188,28.84441,30.0,25.6125,22.80351,23.34524,23.70654,19.23538,32.38827,32.38827,34.9285,37.65634,35.73514,36.05551,35.8469,34.88553,37.73592,38.07887,39.35734,38.47077,36.05551,35.22783,40.70626,35.22783,33.83785,34.66987,33.12099,35.8469,35.1141,32.69557,34.9285,33.83785,35.8469,31.04835,33.73426,34.1321,33.0,37.21559,37.0,39.31921,37.65634,38.83298,39.81206,40.49691,39.29377,42.37924,40.5216,43.909,44.28318,45.27693,46.04346,49.20366,45.80393,50.24938,52.34501,48.83646,53.8145,56.63921,57.31492,55.80323,57.48913,54.70832,62.96825,65.0,63.69458
13.41641,13.0,12.64911,13.0,13.0,13.0,12.64911,12.64911,12.64911,12.36932,13.34166,13.34166,12.16553,12.16553,12.16553,13.15295,12.16553,12.16553,12.04159,12.16553,12.16553,12.04159,12.16553,12.04159,12.04159,12.16553,12.16553,12.16553,12.16553,11.40175,11.40175,10.44031,10.44031,10.77033,9.84886,9.84886,9.84886,8.60233,8.06226,7.2111,7.81025,7.07107,5.65685,6.40312,5.83095,5.0,5.0,4.47214,4.47214,4.12311,4.12311,3.0,67.97794,71.58911,71.86793,70.5762,74.63243,72.23573,72.11103,70.00714,72.53275,66.7308,66.28725,73.00685,74.8131,73.34848,74.33034,72.18033,71.84706,69.46222,69.35416,74.06079,71.02816,70.06426,69.18092,71.44928,71.06335,69.0,73.17103,73.02739,72.02777,75.02666,72.1734,64.0,67.06713,69.00725,71.02816,61.98387,64.28063,60.40695,60.20797,54.34151,57.97413,51.5461,49.0408,45.31004,44.72136,44.01136,40.70626,34.66987,33.28663,33.12099,26.24881,28.3196,26.1725,22.80351,23.70654,20.12461,17.08801,32.01562,33.0,36.12478,35.69314,36.40055,34.48188,33.95585,35.1141,37.69615,37.58989,36.05551,36.35932,36.35932,38.01316,36.05551,34.98571,36.71512,33.28663,34.88553,34.53983,34.88553,32.28002,31.7805,31.95309,32.31099,35.69314,32.14032,35.0571,39.0,41.01219,35.22783,34.23449,39.11521,37.10795,39.56008,39.29377,44.38468,45.54119,42.54409,42.48529,44.28318,48.37355,44.40721,46.61545,48.82622,49.57822,52.40229,50.32892,54.03702,58.72819,54.48853,59.46427,62.68174,61.77378,62.26556,65.73431,60.20797
13.15295,13.15295,13.34166,13.34166,12.36932,12.36932,12.36932,12.36932,12.64911,12.64911,12.64911,12.64911,13.0,13.0,12.08305,12.08305,13.41641,12.52996,11.6619,12.52996,12.52996,13.0384,12.52996,12.52996,12.52996,12.52996,12.52996,11.18034,12.08305,12.08305,10.77033,10.77033,10.77033,9.48683,10.44031,9.21954,9.21954,8.06226,8.06226,8.06226,7.0,7.0,6.08276,6.08276,5.09902,5.38516,4.47214,4.47214,3.60555,3.60555,4.24264,3.60555,66.27217,66.18912,64.03124,68.00735,71.0,69.02898,72.00694,65.12296,65.37584,66.91039,70.45566,68.06614,69.05071,73.75636,68.44706,70.21396,65.80274,67.05222,67.44627,71.7844,64.84597,73.53911,64.51356,67.1193,66.48308,69.46222,72.8011,68.54196,71.51224,67.77905,70.5195,66.48308,65.39113,68.00735,67.06713,60.72891,60.72891,59.22837,55.54278,55.31727,57.42822,52.17279,47.16991,46.0,46.0,41.0,38.11824,34.71311,32.75668,33.37664,29.42788,29.15476,23.25941,25.55386,18.60108,19.10497,16.27882,31.95309,32.01562,33.52611,33.54102,37.21559,31.06445,35.0571,39.11521,37.21559,39.20459,34.20526,41.30375,34.36568,35.90265,38.47077,33.95585,36.49658,36.22154,34.1321,37.33631,37.48333,36.01389,30.06659,34.0147,34.1321,34.9285,34.71311,35.35534,34.43835,28.4605,39.92493,37.12142,35.8469,36.71512,39.96248,43.909,40.45986,41.40048,36.12478,43.60046,43.13931,45.0,44.04543,46.61545,46.64762,45.18849,46.51881,47.85394,52.0,54.23099,55.71355,55.36244,56.04463,60.16644,56.75385,61.0,62.80127
12.64911,13.0,13.92839,13.0,13.0,13.0,13.41641,12.52996,12.52996,12.52996,13.0384,13.0384,13.0384,13.0384,13.0384,12.80625,13.45362,12.04159,13.45362,13.45362,12.80625,13.45362,12.80625,13.45362,13.45362,13.45362,12.80625,12.80625,12.80625,12.20656,11.40175,10.81665,11.6619,10.81665,10.29563,10.29563,8.94427,8.94427,8.544,8.544,7.28011,7.28011,7.28011,6.08276,5.09902,5.0,4.0,4.0,4.0,3.16228,3.16228,2.23607,67.26812,69.58448,68.88396,67.26812,73.00685,66.94027,71.80529,65.25335,72.8011,67.35726,69.857,63.69458,68.44706,70.21396,67.1193,65.79514,70.66116,66.64833,68.7968,66.57327,67.20119,69.06519,68.41053,67.41662,69.63476,69.2026,69.06519,68.41053,66.61081,67.6757,60.53924,67.20119,71.28113,67.42403,63.81222,60.20797,59.5399,55.56978,59.05929,54.12947,50.11986,53.14132,51.62364,50.56679,46.57252,38.07887,36.13862,40.4475,34.23449,33.24154,30.06659,30.01666,23.19483,26.07681,25.94224,17.46425,18.68154,30.52868,30.46309,33.52611,34.9285,35.51056,34.0147,36.12478,36.12478,37.21559,39.01282,36.05551,36.01389,35.0,37.0,35.01428,35.0571,37.01351,35.0571,34.0147,34.0,33.0,34.05877,34.36568,33.37664,33.52611,30.08322,33.52611,31.32092,34.9285,36.40055,36.89173,36.35932,36.12478,39.20459,35.60899,37.48333,37.53665,36.87818,44.55334,41.04875,43.26662,44.28318,45.65085,51.07837,47.42362,49.24429,48.38388,47.85394,54.40588,53.85165,50.63596,53.60037,55.00909,55.03635,57.03508,60.07495,60.29925
13.60147,13.60147,13.60147,13.60147,13.60147,13.34166,14.31782,13.34166,14.14214,14.14214,13.15295,13.15295,14.03567,14.03567,14.03567,13.0384,14.0,13.0,14.0,14.0,13.0,14.0,13.0,14.03567,14.0,14.0,14.0,13.0,13.0,13.0384,12.04159,12.16553,12.16553,12.16553,11.18034,10.19804,10.19804,9.21954,9.48683,9.48683,8.94427,7.61577,7.61577,6.7082,7.2111,5.83095,5.65685,5.65685,5.0,4.24264,4.24264,3.60555,72.00694,70.23532,71.17584,68.42514,69.35416,73.34848,68.00735,72.8011,68.94926,67.35726,72.03471,68.30813,71.16881,72.03471,70.60453,73.97973,69.05071,73.68175,70.5762,67.60178,72.44308,68.46897,74.02702,75.42546,67.06713,73.5527,72.24957,78.1025,68.35934,76.23647,72.44308,72.56032,67.47592,68.18358,62.96825,65.51336,62.36185,62.36185,57.56735,59.46427,54.42426,51.62364,52.7731,48.76474,44.72136,46.14109,40.0,41.6173,36.79674,33.97058,32.52691,26.24881,22.67157,23.25941,23.25941,22.47221,19.41649,28.28427,31.01612,36.0,35.51056,34.20526,34.52535,38.32754,36.05551,40.26164,36.40055,35.8469,37.12142,34.9285,37.16181,33.12099,33.61547,35.22783,36.35932,34.0147,29.96665,35.77709,31.38471,31.32092,32.89377,32.55764,32.01562,33.54102,29.06888,38.01316,32.0,34.0,36.22154,38.20995,40.79216,40.26164,41.48494,36.13862,39.0,42.95346,43.38202,44.10215,42.43819,44.65423,46.40043,46.40043,42.2019,50.32892,52.40229,53.07542,55.86591,56.56854,57.62812,56.0357,53.8145,61.03278,60.90156,66.24198
14.31782,13.92839,14.76482,14.31782,14.76482,13.41641,13.89244,13.89244,13.89244,13.89244,14.42221,14.42221,13.60147,13.60147,12.80625,14.21267,13.45362,13.45362,13.45362,13.45362,13.45362,13.45362,14.21267,14.14214,13.45362,14.21267,14.21267,12.80625,12.80625,13.60147,12.20656,11.40175,12.20656,11.6619,11.6619,11.18034,10.77033,9.84886,9.48683,8.544,8.544,8.24621,7.28011,7.07107,6.08276,6.08276,6.0,5.0,4.0,4.0,4.12311,3.16228,70.60453,68.00735,71.47027,73.05477,71.51224,75.6439,72.89719,72.00694,75.13322,72.44998,73.79024,73.82412,76.94154,71.11962,71.19691,76.27582,73.78347,72.62231,70.80254,69.63476,78.40918,70.80254,69.31089,72.00694,72.20111,74.65253,70.17834,70.76722,66.8431,69.81404,70.0928,72.20111,66.61081,69.02898,66.0303,61.61169,60.53924,60.37384,61.29437,57.3062,52.39275,54.40588,48.38388,46.8188,47.42362,45.12206,45.89118,38.32754,38.32754,32.24903,33.01515,28.16026,26.07681,25.31798,18.68154,21.54066,19.72308,31.14482,34.65545,34.20526,37.01351,35.51056,36.67424,35.1141,36.40055,35.1141,37.85499,33.83785,33.83785,31.62278,41.0,37.85499,37.48333,36.87818,36.05551,31.7805,34.20526,35.73514,34.78505,32.89377,30.08322,29.54657,37.21559,35.80503,35.4683,29.0,30.61046,34.05877,35.60899,34.4093,38.27532,35.4683,44.20407,40.60788,45.65085,41.59327,45.54119,43.01163,43.68066,51.66237,47.51842,49.64877,50.01,50.24938,53.00943,54.14795,57.07889,55.3263,56.0357,58.21512,51.97115,59.48109,65.73431,63.60031
12.80625,12.80625,12.72792,13.45362,14.14214,12.72792,12.72792,13.45362,13.45362,13.45362,13.45362,12.80625,13.60147,13.60147,13.0384,13.0384,13.0384,13.0384,13.89244,12.52996,13.41641,13.41641,13.0384,13.41641,13.41641,12.52996,13.0384,12.52996,12.52996,12.20656,12.20656,11.40175,11.40175,11.40175,10.63015,10.63015,9.89949,9.21954,9.21954,7.81025,7.81025,7.2111,7.2111,6.7082,6.7082,5.38516,5.83095,5.38516,4.12311,4.12311,4.12311,4.0,68.8186,73.81734,71.21798,71.8401,67.20119,70.60453,73.0,74.95332,71.42129,69.31089,73.0,75.82216,72.13876,72.20111,70.43437,74.8131,69.2026,72.20111,70.72482,69.63476,75.29276,75.47185,73.06162,73.06162,73.06162,70.3278,69.35416,71.69379,68.09552,71.19691,71.02112,72.71864,68.60029,69.46222,65.45991,61.85467,61.91123,61.29437,60.60528,55.44367,56.72742,55.44367,52.34501,51.08816,43.41659,45.80393,43.26662,41.67733,34.88553,32.69557,33.61547,27.89265,27.313,22.02272,22.02272,14.03567,19.0263,28.84441,27.29469,31.62278,34.71311,32.64966,33.94113,37.73592,37.80212,37.20215,38.07887,40.31129,38.07887,36.89173,34.88553,38.07887,35.35534,36.67424,35.8469,32.64966,35.60899,30.0,31.38471,35.4683,29.83287,36.79674,32.55764,33.24154,37.73592,34.48188,32.31099,33.28663,33.54102,35.4683,35.4683,38.8973,39.92493,38.60052,37.65634,37.33631,45.09989,49.0,44.0,46.01087,47.16991,49.25444,48.27007,49.47727,54.12947,51.62364,52.20153,56.30275,60.83584,58.69412,59.03389,61.05735,61.91123,63.60031
12.20656,12.20656,12.20656,13.0384,12.80625,12.80625,12.80625,12.80625,12.80625,12.72792,13.45362,13.45362,13.45362,12.80625,12.04159,12.80625,12.80625,12.20656,12.80625,12.80625,12.80625,12.20656,13.60147,13.0384,12.20656,12.20656,12.80625,12.80625,12.04159,11.40175,11.31371,11.31371,10.63015,10.63015,10.63015,10.63015,9.21954,8.60233,8.60233,8.06226,7.2111,6.7082,6.7082,5.38516,5.38516,5.09902,5.09902,4.12311,4.12311,3.0,3.0,2.0,69.857,65.52099,70.5195,61.13101,71.51224,66.85058,63.69458,71.86793,70.00714,67.23095,68.88396,71.11259,69.11584,66.24198,64.63745,65.80274,73.24616,66.85058,69.81404,69.40461,72.00694,66.8431,69.52697,67.35726,67.42403,70.17834,67.35726,65.06919,63.41136,68.76772,66.70832,61.22091,62.00806,67.62396,61.40033,61.61169,61.29437,60.03332,54.70832,55.9464,55.00909,48.46648,50.32892,44.94441,45.22168,42.72002,38.60052,37.64306,33.95585,32.38827,26.0,26.07681,22.09072,21.58703,19.31321,18.78829,12.36932,31.14482,30.0,29.41088,35.35534,34.9285,37.57659,30.46309,36.68787,38.8973,36.87818,38.83298,35.22783,40.5216,33.73426,36.12478,32.14032,31.57531,34.9285,34.9285,37.48333,28.63564,38.63936,31.62278,31.95309,34.48188,30.41381,31.06445,31.06445,35.51056,34.66987,35.35534,37.01351,38.8973,37.01351,39.82462,39.20459,38.83298,39.81206,41.18252,40.71855,49.65884,42.15448,44.64303,46.32494,44.72136,49.0306,48.50773,51.24451,55.00909,54.33231,54.03702,58.13777,56.32051,55.22681,59.4138,63.3877,67.74216
12.04159,12.0,12.0,12.0,12.0,12.0,12.04159,12.04159,12.04159,12.04159,12.04159,12.16553,12.16553,11.18034,11.40175,12.36932,12.36932,12.36932,12.36932,12.36932,11.40175,12.36932,12.36932,12.64911,12.36932,12.36932,11.40175,11.40175,11.18034,11.40175,10.19804,10.19804,10.04988,10.04988,10.04988,9.0,8.0,8.0,8.0,8.06226,7.07107,6.08276,6.08276,5.38516,5.38516,4.47214,4.47214,3.60555,3.60555,2.82843,2.23607,2.82843,69.92138,71.8401,71.30919,70.34202,74.73286,68.65858,73.5527,71.44928,74.1485,67.74216,72.33948,72.06247,70.25667,72.00694,69.02898,75.00667,76.02631,68.35934,72.02777,74.16873,72.33948,71.56815,67.47592,71.25307,70.45566,73.33485,68.88396,71.02112,71.02112,72.56032,69.46222,69.18092,67.36468,62.07254,65.12296,59.03389,69.06519,63.00794,61.07373,52.34501,58.54912,53.60037,50.80354,45.12206,47.07441,44.92215,40.80441,37.69615,32.75668,32.44996,29.68164,26.1725,24.41311,25.0,22.67157,17.88854,20.24846,33.73426,33.73426,35.35534,34.05877,39.01282,33.24154,38.32754,35.69314,35.90265,39.56008,37.36308,36.68787,39.56008,37.36308,41.10961,35.8469,36.05551,38.27532,39.29377,37.85499,36.40055,35.17101,38.07887,36.49658,33.37664,32.06244,37.21559,30.0,36.49658,37.48333,36.87818,39.29377,38.32754,41.10961,38.27532,37.57659,37.69615,42.48529,41.88078,46.2277,43.41659,45.34314,48.10405,48.79549,45.34314,48.60041,46.2277,53.15073,54.81788,55.47071,56.61272,51.88449,55.47071,61.26989,60.92618,64.07808,70.00714
13.15295,13.34166,13.34166,13.34166,13.60147,13.60147,13.60147,13.60147,13.60147,13.92839,13.0,13.41641,13.41641,13.41641,13.41641,13.41641,13.89244,13.41641,13.0384,12.52996,13.89244,13.0384,13.41641,13.89244,13.89244,13.89244,13.41641,13.41641,12.52996,12.52996,12.08305,12.08305,11.7047,11.7047,11.7047,10.44031,10.19804,9.21954,9.21954,8.06226,8.06226,8.06226,7.0,7.0,6.08276,6.08276,6.08276,5.09902,4.12311,4.12311,3.16228,3.60555,68.73136,67.74216,71.30919,71.56815,73.75636,72.36712,73.34848,71.80529,71.8401,67.05222,69.89278,75.39231,73.00685,69.857,70.77429,72.06941,73.40981,66.64083,71.02112,71.56116,75.47185,67.1193,72.42237,69.33974,71.61006,74.94665,72.42237,76.40026,72.67049,69.63476,71.28113,71.56116,66.57327,65.51336,67.1193,61.29437,61.7171,67.23095,60.83584,56.85948,54.78138,54.78138,50.59644,49.47727,47.67599,43.73786,42.0,37.33631,34.0,32.0,31.257,27.29469,24.18677,22.80351,21.93171,19.31321,16.27882,31.40064,31.7805,34.88553,37.69615,36.13862,37.10795,34.9285,38.32754,38.11824,36.22154,33.13608,35.01428,37.33631,37.21559,37.05401,40.0,37.01351,34.0147,33.06055,35.22783,35.35534,31.57531,32.38827,31.57531,33.24154,28.6531,35.34119,30.8707,30.0,35.35534,36.40055,38.01316,36.12478,35.38361,38.20995,40.31129,43.60046,42.72002,41.40048,43.56604,43.82921,41.62932,45.27693,47.80167,45.22168,47.85394,45.12206,53.75872,52.95281,55.44367,53.33854,59.13544,50.35871,57.07889,62.03225,61.40033,65.27634
13.60147,13.60147,13.60147,13.60147,13.89244,13.0384,13.89244,13.89244,13.89244,13.41641,13.41641,13.41641,13.0,13.0,13.0,13.0,13.92839,13.0,13.60147,13.60147,13.60147,13.60147,13.60147,13.60147,13.60147,13.60147,12.64911,13.0,13.0,13.0,12.08305,12.08305,11.18034,11.18034,10.29563,10.81665,10.0,10.0,8.60233,8.60233,8.48528,7.81025,7.07107,6.40312,6.40312,5.83095,5.83095,5.38516,4.47214,4.47214,4.12311,4.12311,68.50547,72.34639,68.88396,68.76772,72.18033,73.59348,70.71068,72.13876,72.34639,67.47592,71.58911,70.83784,70.43437,69.6563,70.45566,73.40981,71.69379,73.92564,69.33974,68.7968,72.00694,71.19691,70.21396,67.53518,68.15424,73.3553,72.01389,73.1642,68.44706,71.58911,70.66116,74.68601,63.13478,66.64833,68.60029,63.24555,63.28507,60.21628,60.80296,61.22091,55.97321,56.0803,51.62364,47.38143,44.40721,45.45327,42.43819,37.20215,34.88553,33.12099,29.20616,28.16026,25.29822,24.73863,19.64688,22.02272,18.0,29.41088,31.38471,32.44996,36.23534,35.4683,36.87818,35.35534,36.61967,34.66987,37.01351,37.20215,38.60052,36.05551,34.66987,35.8469,37.0,36.40055,33.61547,32.64966,31.89044,36.23534,35.60899,34.05877,38.41875,29.73214,35.38361,32.01562,36.05551,32.64966,34.9285,35.77709,35.8469,37.0,38.8973,38.83298,40.16217,42.72002,39.05125,39.81206,47.04253,48.0,41.10961,38.0526,47.85394,43.04649,42.75512,50.44799,49.24429,50.32892,52.55473,53.7122,57.77543,56.0803,60.90156,56.85948,64.89992,65.19202
13.92839,13.92839,13.60147,13.92839,13.60147,13.60147,14.56022,13.34166,14.56022,13.34166,14.31782,14.14214,14.14214,14.14214,14.14214,14.14214,14.14214,14.14214,14.03567,14.03567,14.14214,14.03567,13.0384,14.03567,14.03567,14.03567,13.15295,12.04159,14.14214,13.15295,12.36932,12.36932,12.36932,11.40175,11.40175,10.77033,10.44031,9.84886,8.94427,8.94427,8.06226,8.06226,7.2111,7.2111,6.40312,5.65685,5.0,4.24264,4.24264,3.60555,3.60555,3.16228,70.72482,66.52819,63.78087,73.5527,74.41102,73.10951,73.66139,66.61081,70.29225,71.61006,74.63243,67.74216,70.72482,69.33974,72.40166,73.92564,72.20111,73.82412,73.82412,74.68601,71.11259,71.86793,66.70832,72.09022,69.35416,73.53911,70.38466,72.49828,69.857,69.07966,71.51224,73.34848,67.54258,68.47627,67.23095,58.5235,63.28507,61.29437,61.85467,55.31727,57.62812,48.79549,47.42362,46.01087,47.01064,42.63801,36.89173,38.58756,33.61547,32.64966,30.88689,26.83282,22.84732,22.2036,21.58703,18.24829,21.09502,27.45906,33.73426,34.48188,34.53983,35.51056,36.89173,32.44996,38.83298,41.72529,39.69887,38.60052,34.05877,36.76955,36.76955,36.12478,34.65545,36.79674,38.20995,38.20995,38.18377,34.82815,31.62278,30.4795,34.82815,32.20248,36.76955,33.10589,36.76955,33.61547,37.33631,38.07887,35.1141,38.63936,42.57934,38.47077,42.10701,43.01163,42.10701,41.19466,45.09989,46.38965,45.54119,51.1957,50.0,47.75982,45.54119,53.48832,50.69517,49.76947,49.65884,53.7122,55.07268,60.80296,57.62812,60.74537,60.959,61.22091
13.60147,12.80625,13.60147,13.60147,13.60147,13.60147,13.0384,13.0384,13.0384,13.89244,13.89244,13.41641,13.41641,14.31782,13.0,13.0,13.0,13.0,13.60147,13.60147,13.60147,13.60147,12.64911,12.64911,12.64911,13.0,13.0,12.08305,13.0,12.08305,12.08305,12.08305,11.6619,11.18034,10.81665,10.0,10.0,9.21954,9.21954,9.21954,8.48528,7.81025,7.07107,6.40312,6.40312,5.83095,5.83095,5.38516,4.47214,4.47214,4.12311,3.16228,72.42237,70.83784,73.0,74.41102,70.17834,72.83543,70.76722,74.95332,69.42622,69.42622,75.74299,70.43437,73.24616,66.21933,68.7968,75.29276,72.00694,73.92564,69.46222,70.49113,72.71864,70.71068,70.21396,71.69379,69.31811,72.06941,68.0,69.35416,68.44706,69.31811,71.11259,70.83078,68.42514,63.13478,62.17717,64.3506,61.29437,57.80138,59.5483,57.00877,55.31727,51.66237,50.24938,45.96738,47.63402,41.40048,39.66106,41.04875,38.01316,33.10589,30.8707,31.32092,27.89265,22.36068,21.18962,19.0,19.10497,28.16026,30.46309,31.06445,35.35534,32.64966,32.01562,32.52691,35.4683,35.4683,34.65545,38.94868,35.0,36.87818,37.01351,37.20215,36.05551,38.01316,35.0,31.89044,33.6006,33.6006,31.82766,30.41381,30.80584,35.0,33.42155,34.88553,38.07887,30.08322,35.8469,31.7805,36.40055,38.27532,37.69615,39.62323,39.05125,38.83298,37.12142,43.01163,45.09989,46.38965,42.29657,43.73786,48.27007,48.27007,42.95346,50.44799,48.38388,55.9464,50.56679,53.7122,55.4617,57.3062,54.70832,62.20129,65.73431,67.42403
12.52996,13.41641,13.0384,13.89244,13.0384,13.0384,13.60147,13.60147,13.60147,12.80625,12.80625,13.45362,13.45362,12.72792,12.72792,12.72792,13.45362,12.72792,13.45362,13.45362,13.45362,12.80625,12.72792,12.80625,12.80625,13.45362,12.72792,12.72792,12.72792,12.04159,12.04159,12.04159,11.40175,11.40175,10.81665,10.81665,9.43398,9.43398,8.94427,8.06226,7.61577,7.61577,6.7082,6.32456,6.08276,5.09902,5.09902,5.09902,4.0,4.0,4.0,4.12311,66.70832,68.88396,73.08215,66.94027,71.16881,75.02666,68.62215,75.02666,72.91776,75.76939,68.70953,74.73286,75.17978,68.88396,69.97142,70.66116,72.56032,73.24616,71.34424,69.33974,74.4043,70.93659,74.02702,73.81734,72.42237,70.21396,69.6563,69.02898,71.06335,70.93659,71.40028,70.21396,68.8186,71.02816,64.89992,65.51336,61.7171,60.03332,59.48109,59.5063,54.23099,52.20153,50.92151,44.38468,44.38468,40.79216,38.0526,39.31921,38.20995,35.0571,31.01612,29.01724,30.26549,23.76973,24.69818,23.25941,20.59126,31.82766,31.89044,27.80288,36.61967,37.58989,37.33631,35.34119,37.0,36.05551,35.90265,36.49658,33.54102,36.68787,37.21559,37.48333,33.24154,38.83298,34.52535,32.75668,31.62278,34.20526,29.41088,29.15476,32.57299,34.17601,28.79236,34.4093,36.05551,34.05877,31.89044,34.65545,36.79674,37.53665,34.20526,37.64306,38.41875,38.41875,45.18849,43.08132,41.78516,45.69464,47.43416,45.31004,44.91102,49.47727,48.38388,50.0,53.08484,55.03635,52.0,52.08647,59.07622,57.03508,58.07753,61.81424,62.64982,67.89698
12.80625,12.20656,12.20656,12.20656,13.0384,13.0384,13.0384,12.52996,12.52996,12.52996,12.52996,12.08305,12.08305,13.0,12.08305,13.0,12.64911,12.64911,11.7047,12.64911,12.64911,12.64911,12.64911,12.64911,12.64911,12.64911,12.64911,13.0,11.7047,12.08305,11.18034,11.18034,10.29563,10.81665,10.29563,10.81665,9.43398,8.60233,7.81025,7.07107,7.81025,6.40312,6.40312,5.65685,5.0,5.0,4.47214,3.60555,4.47214,4.12311,3.16228,2.0,67.94115,68.62215,67.20863,68.593,72.18033,70.93659,73.0,70.17834,72.00694,74.09453,69.11584,74.62573,72.00694,71.02112,69.97142,72.94518,71.19691,67.53518,70.38466,70.2282,69.35416,71.58911,72.44998,70.2282,73.1642,69.64194,75.27284,69.64194,70.5762,70.00714,72.61543,70.38466,68.15424,63.07139,69.31811,61.40033,61.29437,63.63175,59.68249,59.36329,56.40035,53.41348,53.90733,48.9183,48.10405,39.62323,36.87818,35.0,31.90611,28.6531,27.45906,25.55386,25.07987,25.4951,21.2132,18.68154,17.0,31.62278,34.17601,34.0,37.73592,36.40055,33.6006,35.0,34.65545,36.23534,36.76955,38.18377,36.12478,39.82462,38.60052,42.2019,34.82815,38.20995,35.60899,32.80244,37.53665,36.87818,37.64306,31.241,35.22783,36.12478,28.84441,36.71512,35.4683,33.10589,36.40055,36.40055,36.68787,37.48333,34.71311,37.10795,42.57934,39.05125,39.0,42.0119,43.10452,42.95346,48.83646,42.57934,44.91102,51.5461,44.28318,51.47815,52.3259,50.60632,55.4617,50.53712,56.4358,59.36329,51.73973,61.7171,65.0,66.06815
13.0,13.41641,12.52996,13.41641,12.52996,13.41641,13.0384,12.20656,13.0384,13.0384,13.0384,12.80625,12.80625,12.80625,12.80625,12.04159,12.72792,12.04159,12.72792,12.72792,12.04159,12.72792,12.72792,12.72792,12.72792,12.72792,12.72792,12.04159,12.04159,11.40175,11.40175,11.40175,10.81665,10.81665,10.29563,9.43398,9.43398,9.84886,8.544,8.544,8.24621,7.28011,7.07107,6.08276,6.08276,6.0,5.0,5.09902,5.09902,4.12311,4.12311,3.60555,69.28925,66.40783,71.56815,70.5762,73.00685,72.09022,75.27284,70.93659,71.11962,75.591,68.0,68.09552,72.40166,71.11962,68.96376,70.45566,68.60029,67.62396,70.80254,64.66065,72.47068,68.88396,74.41102,69.35416,70.0928,71.42129,72.13876,69.52697,66.4003,69.35416,68.76772,70.43437,64.2028,67.47592,65.19202,64.63745,63.60031,60.74537,60.53924,55.9464,51.89412,47.42362,51.86521,49.39636,48.10405,39.56008,42.75512,37.33631,36.34556,34.05877,30.01666,30.01666,28.28427,26.30589,21.58703,19.31321,21.84033,32.20248,30.41381,31.241,33.01515,31.76476,37.12142,35.1141,34.43835,34.17601,40.49691,34.48188,39.84972,37.10795,40.5216,31.04835,36.13862,33.24154,31.95309,37.10795,37.33631,34.53983,32.28002,31.95309,34.43835,35.8469,31.90611,34.20526,34.82815,37.64306,40.36087,33.97058,38.8973,36.23534,38.83298,40.80441,46.32494,42.19005,42.72002,41.67733,42.95346,44.38468,45.54119,47.51842,48.27007,51.78803,45.01111,47.04253,50.08992,57.03508,53.00943,55.03635,50.08992,70.03571,51.35173,60.82763,63.95311,63.89053
13.89244,13.0384,13.60147,13.0384,13.60147,12.80625,13.60147,12.80625,13.45362,13.45362,13.45362,13.45362,14.14214,12.72792,12.72792,13.45362,13.45362,13.45362,13.60147,14.21267,13.45362,12.80625,14.21267,13.60147,12.80625,12.80625,12.80625,12.80625,12.04159,12.04159,11.31371,12.04159,11.31371,11.31371,11.40175,10.0,10.0,10.0,8.60233,8.06226,8.06226,7.61577,7.61577,7.28011,6.32456,6.08276,5.09902,5.09902,5.09902,5.0,4.0,3.0,68.02941,67.62396,66.57327,73.3553,71.19691,69.97142,74.94665,68.50547,68.50547,68.8186,71.02816,69.02898,73.00685,69.31089,70.00714,72.91776,72.83543,73.59348,68.62215,68.88396,71.21798,72.18033,70.93659,70.03571,67.35726,70.93659,71.40028,69.40461,71.40028,69.2026,72.20111,68.88396,67.94115,66.21933,68.88396,58.0517,61.6198,65.76473,62.482,59.5483,55.0,55.47071,46.61545,44.77723,42.94182,47.01064,39.84972,40.8534,35.34119,31.40064,32.75668,25.07987,26.01922,23.02173,18.02776,21.09502,15.0333,29.52965,32.75668,33.30165,33.24154,33.97058,36.61967,37.01351,35.80503,37.12142,36.71512,34.88553,38.47077,37.12142,34.53983,31.62278,36.40055,35.8469,33.10589,32.75668,34.9285,35.34119,31.7805,38.27532,32.80244,30.0,33.24154,36.40055,35.38361,34.82815,32.80244,35.35534,34.43835,39.96248,35.35534,39.35734,42.04759,39.81206,40.80441,42.19005,42.42641,41.97618,43.41659,44.18144,48.16638,48.01042,43.0,48.04165,51.15662,52.34501,52.61179,54.12947,55.36244,55.10898,52.20153,56.85948,55.15433,63.15853
13.0384,13.15295,13.15295,13.15295,13.15295,13.15295,13.34166,12.36932,13.34166,12.36932,13.34166,12.64911,13.60147,12.64911,12.64911,13.0,13.0,12.08305,13.0,13.41641,13.0,13.0,12.08305,13.0,13.0,13.0,13.0,11.7047,12.64911,11.7047,11.40175,11.40175,11.40175,11.18034,10.19804,10.19804,9.05539,9.0,9.0,8.0,8.0,8.0,7.07107,7.07107,6.08276,6.08276,5.38516,5.38516,4.47214,4.47214,5.0,4.24264,74.10803,68.02941,75.32596,72.06247,69.58448,75.16648,64.28063,76.41989,71.06335,69.2315,70.21396,70.83078,71.80529,74.95332,70.5195,70.83784,71.16881,70.93659,72.61543,70.77429,72.01389,70.00714,69.857,69.857,71.58911,71.55418,71.55418,67.23095,71.11962,71.17584,67.97794,68.942,71.58911,71.30919,66.85058,62.62587,62.29767,60.74537,60.44005,55.54278,53.75872,51.62364,51.62364,49.36598,47.09565,41.0,40.11234,37.05401,36.34556,28.63564,26.92582,26.92582,29.12044,25.07987,21.47091,21.47091,19.10497,31.30495,30.08322,34.48188,32.75668,36.22154,35.0571,35.01428,35.0,42.42641,36.05551,33.73426,38.07887,38.32754,33.13608,35.69314,34.9285,34.20526,31.257,34.23449,38.0,32.24903,36.01389,31.0,35.22783,34.36568,34.23449,32.55764,31.7805,34.48188,44.01136,35.8469,39.82462,39.82462,40.49691,37.20215,39.69887,37.01351,39.82462,46.01087,47.50789,50.32892,45.22168,49.64877,48.54894,49.09175,42.54409,49.65884,46.61545,52.0,54.70832,55.97321,62.64184,58.5235,56.56854,61.66036,64.32729,62.07254
14.31782,13.41641,14.31782,14.31782,14.31782,13.92839,13.92839,13.92839,13.60147,14.56022,13.60147,13.60147,14.31782,14.56022,13.34166,14.31782,13.15295,13.34166,14.14214,14.14214,14.14214,14.14214,14.14214,14.14214,14.31782,14.14214,13.34166,13.15295,13.34166,13.34166,12.36932,12.64911,11.7047,11.7047,10.77033,10.77033,10.77033,10.29563,9.43398,9.43398,8.60233,7.81025,7.81025,7.81025,7.07107,5.65685,6.40312,5.0,4.47214,4.47214,4.12311,3.16228,73.53911,70.77429,69.64194,67.06713,71.16881,72.61543,74.0,71.30919,66.94027,69.92138,68.44706,72.36712,68.88396,70.03571,70.21396,76.94154,72.1734,69.18092,76.23647,70.06426,70.06426,72.00694,76.1643,70.00714,72.00694,72.02777,72.0,72.11103,67.0,77.0,66.18912,72.02777,67.06713,71.17584,64.12488,70.5762,63.28507,63.95311,59.68249,56.88585,57.72348,54.40588,52.20153,52.20153,46.61545,45.79301,40.31129,39.82462,38.60052,33.30165,32.01562,27.58623,28.3196,24.08319,20.51828,19.72308,18.02776,30.41381,33.01515,33.0,39.11521,34.20526,36.68787,37.69615,35.73514,39.21734,40.80441,35.77709,39.56008,36.67424,42.72002,33.61547,34.66987,38.07887,34.48188,35.44009,37.0,32.31099,34.17601,39.56008,37.10795,31.7805,33.24154,30.41381,34.23449,33.37664,38.20995,34.0147,37.21559,41.76123,34.23449,19.92486,31.7805,47.43416,45.54119,46.8188,46.52956,46.51881,44.10215,48.01042,48.82622,49.40648,46.75468,46.69047,50.32892,55.31727,53.75872,60.30755,60.0,56.61272,56.0357,60.03332,59.5399,68.47627
13.34166,12.36932,13.34166,13.34166,13.60147,12.64911,13.60147,12.64911,13.0,13.0,13.0,13.41641,13.0,12.08305,12.52996,13.0384,13.0384,13.0384,12.20656,13.0384,13.0384,13.0384,13.0384,13.0384,13.0384,12.52996,12.52996,13.0384,11.6619,12.52996,11.18034,11.18034,11.18034,10.77033,10.77033,10.44031,9.48683,9.21954,9.21954,8.06226,8.06226,7.0,7.0,7.0,6.08276,6.08276,5.09902,5.09902,4.12311,4.47214,4.47214,3.60555,68.24954,71.06335,73.75636,66.48308,71.56815,69.92138,71.51224,69.26038,70.38466,70.26379,68.44706,70.68239,68.942,72.91776,67.97794,69.46222,76.15773,69.11584,74.06079,70.21396,74.8131,69.2026,71.40028,67.35726,72.62231,72.34639,67.00746,72.34639,69.2026,69.40461,67.00746,69.2026,66.8431,66.4003,64.89992,61.77378,60.46487,60.53924,58.18075,54.12024,54.626,50.69517,55.02727,49.0408,50.28916,41.7732,38.07887,36.13862,35.69314,31.06445,29.01724,25.07987,25.0,24.5153,20.39608,22.47221,18.60108,29.83287,31.40064,35.35534,34.88553,31.7805,32.89377,34.71311,36.40055,35.69314,34.23449,39.01282,32.38827,36.34556,36.05551,33.37664,37.12142,38.11824,33.24154,35.35534,35.35534,36.13862,30.67572,29.73214,33.52611,35.17101,31.76476,34.1321,34.88553,34.98571,34.20526,37.01351,38.28838,40.60788,39.59798,39.62323,43.60046,40.80441,38.94868,40.81666,45.17743,44.77723,46.61545,48.8467,47.12749,47.29693,48.08326,49.81967,50.63596,52.61179,54.33231,54.14795,57.00877,59.00847,58.13777,59.00847,63.28507,62.80127
12.0,13.0,12.04159,13.0,12.04159,12.04159,12.04159,12.16553,12.16553,12.16553,12.16553,12.36932,12.36932,11.40175,12.36932,11.7047,12.64911,11.7047,12.08305,11.7047,11.7047,11.7047,11.7047,11.7047,11.7047,11.7047,11.7047,11.40175,10.44031,11.40175,11.40175,10.44031,10.19804,10.19804,10.04988,9.05539,9.0,8.0,7.0,7.0,7.07107,7.07107,6.08276,6.08276,5.38516,5.38516,4.47214,4.47214,3.60555,2.82843,3.60555,3.60555,64.93843,68.88396,68.73136,72.00694,73.68175,72.00694,68.46897,61.0,71.02816,68.0,72.1734,70.00714,71.00704,69.11584,69.18092,70.45566,66.61081,66.09841,69.87131,66.75328,68.88396,72.78049,64.28841,64.53681,67.91171,70.5762,71.30919,73.24616,68.41053,78.84795,72.27724,66.28725,70.21396,66.75328,65.11528,62.1289,60.29925,62.39391,59.00847,57.0,56.00893,53.15073,47.51842,44.18144,44.72136,43.73786,41.48494,37.10795,32.31099,32.20248,31.38471,30.88689,26.40076,22.62742,20.0,19.10497,16.64332,29.73214,34.71311,34.23449,37.33631,38.01316,33.06055,36.05551,30.08322,40.4475,38.32754,41.0,36.40055,36.22154,38.8973,34.71311,37.85499,35.69314,38.47077,34.1321,33.73426,35.51056,32.14032,41.30375,32.01562,34.0147,38.20995,34.71311,34.1321,36.40055,31.32092,38.83298,39.21734,38.27532,39.39543,48.75449,44.77723,45.22168,44.77723,40.49691,41.72529,46.8615,47.42362,47.38143,52.40229,49.57822,51.22499,50.47772,51.31277,53.85165,55.9464,57.24509,55.15433,57.24509,58.60034,58.82176,65.19202,61.68468
11.40175,10.63015,12.04159,11.31371,11.31371,12.04159,12.04159,11.31371,12.04159,12.04159,12.04159,11.40175,12.20656,10.81665,11.6619,11.6619,11.6619,11.6619,12.08305,11.18034,11.18034,11.18034,11.6619,12.08305,12.08305,11.6619,11.18034,11.6619,11.18034,10.81665,10.0,10.0,10.0,10.0,9.21954,9.21954,8.48528,7.07107,7.81025,7.2111,6.40312,5.83095,5.83095,5.38516,5.38516,4.47214,4.12311,4.12311,3.16228,3.0,3.16228,2.23607,71.56116,69.81404,71.40028,65.60488,67.88225,74.8131,64.3506,67.94115,67.20863,75.69016,68.68042,72.86288,69.42622,65.80274,73.24616,72.42237,67.95587,69.33974,69.64194,66.7308,73.43024,67.54258,72.01389,71.11259,69.31811,68.8767,67.23095,69.857,70.66116,69.31811,66.30988,69.31811,64.88451,65.36819,66.24198,65.51336,62.1289,60.20797,56.61272,58.82176,54.56189,52.40229,51.62364,46.2277,43.86342,42.42641,40.36087,37.64306,39.40812,30.88689,31.38471,27.78489,23.08679,21.58703,17.46425,19.10497,16.12452,34.98571,36.40055,34.71311,36.06938,37.01351,38.94868,39.66106,34.88553,38.47077,37.73592,36.23534,35.34119,39.39543,38.27532,40.31129,32.31099,39.92493,38.01316,39.81206,33.10589,34.88553,36.35932,37.21559,31.82766,34.82815,33.30165,36.12478,36.12478,33.12099,37.73592,36.61967,37.69615,39.82462,43.08132,40.16217,39.21734,43.65776,42.72002,41.7732,47.16991,46.04346,51.0,47.04253,46.01087,51.0392,48.05206,50.9902,49.81967,55.31727,56.04463,54.70832,60.44005,58.5235,54.23099,58.60034,65.74192,62.64982
13.0384,14.03567,13.0384,14.14214,14.14214,13.34166,13.60147,13.60147,13.60147,13.60147,13.60147,12.64911,12.64911,13.0,13.0,13.41641,13.41641,13.41641,13.0384,12.52996,13.41641,13.89244,13.41641,13.89244,13.41641,13.41641,13.0384,13.41641,12.52996,12.52996,12.08305,11.18034,12.08305,10.77033,10.77033,10.44031,9.48683,9.21954,9.21954,8.06226,8.06226,8.06226,8.0,7.0,6.0,6.08276,5.09902,5.09902,5.09902,4.47214,4.47214,3.60555,69.72087,71.34424,68.11755,69.11584,68.00735,69.06519,70.02857,74.02702,70.71068,70.71068,73.17103,68.73136,71.70077,76.79193,70.0928,70.0928,74.46476,69.26038,72.8011,68.30813,71.47027,72.8011,72.49828,74.09453,71.30919,69.07966,66.70832,73.00685,67.97794,73.00685,72.00694,68.35203,70.2282,69.46222,72.73239,66.09841,65.80274,61.98387,59.68249,60.16644,56.4358,51.62364,52.15362,47.16991,46.04346,44.01136,38.01316,37.33631,33.37664,33.95585,30.59412,27.85678,28.79236,23.70654,20.80865,17.88854,18.60108,32.89377,29.83287,34.36568,34.71311,39.20459,34.05877,37.12142,39.31921,37.10795,39.20459,40.5216,33.73426,40.02499,37.12142,36.34556,33.24154,35.35534,35.51056,35.35534,38.63936,32.98485,36.12478,30.26549,34.0147,35.0,33.0,32.75668,34.52535,37.0,37.33631,37.33631,39.92493,40.24922,39.35734,41.59327,39.11521,37.44329,39.40812,44.20407,47.38143,44.59821,44.59821,44.04543,50.80354,45.27693,46.2277,49.92995,51.0,51.89412,54.78138,54.23099,55.97321,58.5235,60.87693,64.03124,57.48913,64.77654
13.0,13.0,13.92839,13.0,13.0,13.41641,13.41641,13.89244,12.52996,13.41641,13.0384,13.0384,13.0384,13.0384,12.20656,12.80625,12.80625,12.80625,13.45362,13.45362,12.80625,13.45362,12.80625,12.72792,12.80625,12.80625,12.80625,12.20656,12.80625,12.20656,12.20656,11.40175,12.20656,11.6619,10.29563,10.29563,9.84886,9.48683,9.48683,8.544,8.24621,8.24621,7.07107,7.07107,6.08276,6.0,5.09902,5.09902,5.09902,4.12311,4.47214,3.60555,63.32456,68.00735,64.07808,66.48308,70.3278,68.02941,70.26379,73.82412,72.91776,69.97142,74.33034,66.88797,68.24222,71.84706,66.85058,65.60488,75.16648,73.24616,70.17834,67.88225,66.46804,73.53911,69.31089,71.42129,67.89698,72.83543,68.68042,68.41053,70.72482,69.35416,69.81404,69.35416,65.06919,69.35416,65.06919,63.12686,65.11528,61.7171,66.8431,59.81639,53.60037,54.3783,52.7731,49.92995,44.72136,43.08132,38.47077,38.48376,34.78505,30.36445,32.28002,25.17936,25.01999,24.08319,25.01999,20.09975,14.86607,30.4795,30.23243,33.12099,35.77709,35.8469,32.57299,35.1141,35.69314,38.32754,35.69314,36.13862,36.01389,37.65634,36.34556,34.23449,35.51056,30.59412,31.40064,37.0,35.44009,32.55764,35.73514,31.62278,34.17601,35.77709,30.8707,33.61547,33.30165,35.0,36.87818,38.20995,36.12478,38.20995,39.05125,38.83298,37.44329,38.07887,41.18252,44.29447,46.23851,43.32436,45.60702,45.60702,52.81098,47.29693,50.21952,55.3263,51.0,57.07889,53.03772,58.00862,59.00847,55.08176,54.12947,60.44005,61.39218,61.61169
12.04159,12.0,12.0,12.0,12.0,12.0,12.04159,12.04159,12.04159,13.0384,12.04159,12.16553,12.16553,12.16553,12.16553,12.36932,12.36932,12.64911,12.64911,12.64911,12.64911,12.64911,12.64911,11.7047,11.7047,12.36932,12.64911,11.40175,11.40175,11.40175,11.18034,10.19804,10.19804,10.19804,10.04988,9.05539,9.0,8.0,7.0,7.0,7.07107,6.08276,6.08276,5.38516,5.09902,4.47214,4.47214,3.60555,3.60555,2.82843,2.82843,2.82843,70.61161,69.42622,65.06919,69.58448,67.1193,69.11584,69.02898,73.02739,67.18631,65.06919,65.12296,68.11755,69.26038,67.18631,65.76473,70.03571,69.58448,68.44706,71.38627,70.61161,71.51224,68.96376,72.11103,71.16881,68.00735,71.8401,71.16881,69.28925,70.00714,69.92138,68.00735,69.57011,68.00735,68.94926,63.78871,64.7611,61.39218,62.80127,59.68249,58.21512,53.46027,50.15974,49.0,45.17743,45.09989,38.0526,38.83298,35.12834,36.34556,33.24154,30.8707,22.84732,23.4094,23.32381,19.72308,18.60108,17.02939,31.7805,34.52535,35.12834,36.01389,38.0526,38.0526,35.35534,39.45884,38.32754,39.56008,36.05551,37.85499,39.84972,36.87818,37.36308,34.17601,37.94733,34.53983,34.9285,35.44009,34.71311,36.49658,31.40064,37.01351,33.06055,33.0,33.24154,35.69314,34.71311,33.95585,37.48333,35.44009,39.84972,36.40055,43.38202,41.59327,41.14608,36.35932,41.40048,46.8615,44.04543,41.72529,45.96738,47.50789,46.40043,49.92995,49.20366,48.82622,52.15362,53.33854,51.47815,57.77543,55.03635,57.24509,56.04463,65.14599,67.46851
12.36932,12.36932,12.36932,12.64911,12.36932,12.64911,13.0,12.08305,13.0,12.08305,13.0,12.52996,12.52996,11.6619,11.6619,13.0384,12.20656,11.6619,12.20656,12.20656,12.20656,12.20656,12.20656,12.80625,12.20656,12.20656,12.20656,12.20656,12.20656,11.6619,11.6619,10.29563,11.18034,10.29563,9.84886,8.94427,8.94427,8.544,7.28011,8.24621,7.28011,6.08276,6.08276,5.09902,5.0,5.0,4.0,4.12311,3.0,3.16228,2.23607,2.23607,67.00746,71.34424,68.18358,66.91039,70.03571,63.50591,71.58911,66.91039,69.87131,64.28841,66.94027,65.80274,68.96376,68.30813,67.77905,65.79514,73.34848,71.11259,67.97794,69.77822,66.18912,68.60029,70.23532,73.78347,65.19202,71.28113,68.60029,69.46222,67.23095,66.85058,67.23095,68.09552,65.8635,63.52952,64.00781,61.7171,63.07139,59.61543,60.53924,52.81098,54.12024,54.81788,52.88667,42.95346,43.93177,43.56604,37.21559,34.23449,35.01428,31.01612,32.06244,23.19483,24.5153,24.73863,20.24846,19.69772,18.43909,32.44996,31.38471,38.62642,36.13862,34.20526,38.47077,39.81206,36.05551,38.01316,38.0526,36.49658,35.22783,39.20459,37.65634,36.12478,35.22783,36.34556,33.54102,32.01562,35.35534,33.24154,33.06055,36.22154,34.23449,33.73426,32.98485,33.37664,35.44009,35.17101,39.81206,39.35734,41.6173,40.81666,40.70626,37.80212,38.01316,36.61967,38.41875,39.05125,49.0408,39.59798,43.41659,45.65085,47.88528,47.42362,47.88528,51.42956,45.54119,55.97321,56.61272,55.97321,60.01666,58.42089,53.60037,56.22277,62.1289,62.0
11.40175,11.40175,11.40175,12.36932,11.40175,11.18034,11.18034,11.18034,12.04159,11.18034,12.16553,12.04159,12.04159,12.04159,12.0,12.04159,12.04159,11.04536,12.04159,12.04159,12.04159,12.04159,12.04159,12.04159,11.04536,12.04159,11.04536,11.0,11.04536,11.0,11.0,10.0,10.0,10.04988,9.05539,9.21954,8.24621,8.24621,7.28011,7.28011,6.7082,6.32456,5.38516,5.38516,4.47214,4.47214,4.24264,4.24264,2.82843,2.82843,2.23607,2.23607,62.96825,71.56815,70.38466,65.80274,73.4983,69.2315,68.44706,71.06335,67.08204,68.24954,69.35416,70.5762,70.02857,68.26419,67.26812,66.27217,69.26038,69.00725,67.0,72.00694,69.26038,65.76473,68.73136,69.58448,69.46222,71.84706,68.26419,70.45566,70.34913,67.26812,67.47592,72.69113,68.26419,68.35934,63.50591,66.0303,63.50591,62.07254,62.1289,54.00926,53.23533,50.63596,47.38143,45.70558,47.80167,41.4367,36.68787,36.24914,32.64966,29.41088,29.06888,27.20294,25.6125,25.4951,19.10497,18.43909,14.76482,29.06888,34.23449,34.36568,36.13862,33.24154,36.40055,34.0147,37.57659,40.31129,37.57659,33.28663,37.21559,39.11521,36.05551,38.58756,36.61967,41.59327,37.20215,35.77709,31.7805,34.9285,35.8469,34.0147,35.34119,36.13862,33.95585,34.9285,37.01351,31.01612,39.11521,35.0,36.34556,41.19466,38.20995,40.4475,41.10961,38.27532,43.68066,46.23851,44.01136,44.29447,42.05948,44.41846,46.04346,45.22168,51.66237,55.31727,52.63079,52.40229,53.74012,52.80152,55.0,59.20304,51.61395,56.0803,64.14047,64.41273
13.92839,13.0,13.41641,13.0,14.31782,13.41641,13.89244,13.89244,13.89244,13.89244,14.42221,14.42221,13.60147,13.60147,12.80625,14.21267,13.45362,14.21267,13.45362,13.45362,13.45362,13.45362,13.45362,13.45362,13.45362,14.21267,13.45362,13.60147,12.80625,13.60147,12.20656,12.20656,12.20656,11.6619,11.18034,11.18034,10.77033,9.48683,9.48683,8.544,8.24621,8.24621,7.28011,7.07107,6.08276,6.08276,5.0,5.0,5.0,4.12311,4.12311,3.16228,65.19202,64.2573,70.23532,71.58911,63.97656,71.19691,68.7968,72.91776,70.71068,76.00658,69.97142,68.8186,71.21798,66.61081,71.21798,69.81404,73.66139,63.12686,69.6563,70.83784,72.91776,68.593,68.62215,72.12489,70.72482,68.11755,72.91776,70.72482,75.74299,72.91776,65.79514,72.18033,69.42622,69.35416,64.38167,69.02898,68.00735,58.00862,58.30952,59.90826,58.30952,55.47071,46.95743,44.38468,47.12749,42.05948,44.92215,33.73426,41.4367,34.52535,29.06888,28.16026,26.01922,22.0,21.2132,18.68154,18.02776,34.17601,32.01562,36.12478,33.94113,33.94113,40.45986,34.82815,35.60899,38.27532,39.11521,35.35534,37.58989,38.94868,36.76955,37.16181,36.40055,38.01316,30.88689,37.69615,30.88689,33.28663,33.61547,31.38471,30.0,31.06445,31.90611,32.52691,39.59798,31.14482,38.28838,36.71512,41.88078,38.27532,38.91015,40.70626,43.909,38.48376,45.22168,38.27532,40.5216,37.85499,42.2019,47.67599,48.01042,51.35173,50.03998,49.16299,52.23983,48.09366,48.83646,55.7315,55.9017,56.75385,56.04463,61.13101,65.80274,65.78754
13.34166,13.34166,13.34166,13.34166,13.15295,14.14214,13.15295,13.15295,14.14214,13.0384,14.03567,13.0384,13.0,14.0,14.0,14.03567,14.03567,13.0384,13.15295,14.03567,14.03567,13.0384,13.15295,13.15295,13.15295,13.0384,13.0384,13.0,13.0384,12.0,13.0,12.0,12.04159,11.04536,11.04536,10.04988,10.19804,9.21954,9.21954,8.544,8.24621,7.61577,7.61577,6.7082,5.83095,5.83095,5.83095,5.0,5.0,4.24264,4.24264,3.60555,69.46222,72.11103,71.7844,67.6757,70.83078,70.83784,70.40597,72.27724,65.30697,69.2315,73.34848,68.46897,72.00694,73.68175,68.88396,71.17584,73.06162,75.02666,71.06335,69.00725,72.33948,69.00725,70.5762,70.34913,73.17103,70.34913,70.45566,73.82412,70.25667,71.11259,65.12296,70.17834,61.29437,65.76473,66.0,66.0303,60.03332,58.00862,60.03332,62.1289,51.35173,53.33854,52.39275,47.07441,46.84015,41.78516,41.10961,34.9285,37.57659,31.38471,33.28663,26.62705,26.62705,22.67157,19.10497,18.38478,18.60108,31.0,33.13608,35.22783,34.20526,36.87818,33.52611,34.53983,32.64966,36.71512,34.48188,38.58756,36.89173,36.24914,38.58756,36.23534,31.76476,37.12142,33.10589,37.21559,34.88553,31.38471,34.78505,33.24154,32.01562,34.78505,33.83785,39.05125,34.23449,36.01389,39.01282,36.0,34.0,43.18565,39.45884,47.29693,42.2019,39.56008,41.48494,41.78516,45.27693,43.82921,47.20169,46.32494,51.0392,49.0408,42.63801,48.41487,47.50789,47.38143,51.62364,57.80138,53.53504,54.40588,56.93856,59.48109,67.1193,64.40497
12.80625,12.80625,13.60147,13.60147,12.80625,13.60147,13.0384,13.0384,13.0384,13.89244,13.0384,13.41641,13.41641,13.41641,13.0,13.0,13.0,13.0,12.64911,13.60147,13.0,13.60147,13.0,13.0,13.0,13.0,13.0,13.0,12.08305,12.08305,12.08305,12.52996,11.6619,11.6619,11.6619,10.81665,10.0,9.21954,9.21954,8.48528,8.48528,7.81025,7.81025,6.40312,6.40312,5.83095,5.83095,4.47214,5.38516,4.47214,4.12311,4.12311,73.59348,72.24957,65.43699,69.02898,70.43437,69.81404,68.7968,71.84706,71.02816,72.11103,71.86793,71.34424,67.1193,68.60029,67.08204,71.55418,73.79024,67.41662,62.03225,68.70953,72.42237,68.94926,70.21396,76.53757,69.57011,72.12489,67.35726,71.47027,67.6757,73.24616,72.11103,70.21396,68.94926,65.0,64.4748,60.83584,63.06346,56.82429,58.30952,58.66856,57.14018,51.62364,49.81967,52.49762,45.0,43.93177,37.48333,43.13931,37.64306,34.4093,33.54102,28.23119,27.20294,24.35159,26.24881,18.43909,18.02776,29.42788,32.57299,32.28002,30.67572,37.12142,36.61967,35.22783,35.22783,36.40055,39.59798,38.28838,36.79674,35.35534,34.20526,36.12478,35.22783,37.48333,34.20526,31.14482,37.48333,33.42155,32.80244,33.6006,34.98571,33.01515,33.61547,34.48188,35.73514,38.27532,36.67424,34.20526,38.32754,38.63936,36.34556,41.04875,38.47077,41.19466,37.05401,41.04875,40.02499,44.38468,42.44997,44.14748,47.43416,47.16991,50.92151,50.69517,52.3259,55.9017,49.39636,54.20332,51.0392,59.40539,58.25805,58.0517,59.4138,65.94695
12.64911,13.60147,12.64911,12.64911,12.64911,13.0,13.0,13.0,13.0,13.41641,13.0,12.52996,13.0384,13.0384,13.0384,13.0384,13.0384,13.0384,13.60147,13.0384,13.0384,13.0384,12.80625,12.80625,13.0384,13.60147,13.0384,13.0384,13.0384,11.6619,11.6619,11.18034,11.18034,11.18034,11.18034,9.84886,9.84886,9.48683,8.544,8.24621,8.24621,7.07107,7.07107,6.08276,6.0,6.0,5.0,5.0,4.0,4.12311,3.16228,3.16228,68.02941,66.0303,70.11419,69.46222,72.69113,73.33485,69.05071,71.56815,70.83078,68.24954,72.27724,65.96969,73.37575,65.52099,66.09841,72.42237,68.30813,70.2282,70.5762,67.62396,70.77429,69.31811,74.70609,68.42514,68.47627,70.66116,73.79024,76.53757,70.77429,70.21396,75.23962,73.79024,67.1193,65.29931,65.19202,62.24147,65.19202,60.44005,61.68468,60.16644,55.10898,52.88667,50.63596,49.49747,43.28972,40.31129,41.01219,38.0,37.12142,33.24154,30.26549,24.33105,24.73863,25.07987,19.72308,16.40122,20.80865,31.38471,30.8707,30.88689,34.48188,34.9285,33.73426,33.54102,37.01351,36.34556,35.0571,37.01351,33.01515,40.0125,32.14032,38.0526,37.01351,40.0125,38.01316,31.06445,30.14963,35.01428,36.12478,33.13608,33.24154,30.59412,34.48188,33.24154,35.8469,32.20248,34.48188,37.57659,34.1321,34.82815,37.21559,39.69887,41.40048,44.55334,37.01351,43.41659,43.01163,43.18565,46.87217,43.909,47.01064,47.85394,43.46263,44.38468,52.20153,51.86521,54.08327,55.10898,56.75385,57.87055,52.34501,60.40695,58.21512,63.00794
13.89244,13.0384,13.89244,13.89244,13.41641,13.41641,13.0,13.0,13.0,13.0,13.92839,13.60147,13.60147,13.60147,13.60147,13.34166,13.34166,13.34166,13.15295,13.15295,13.15295,13.15295,13.15295,13.15295,13.34166,13.34166,13.15295,13.34166,13.34166,12.36932,11.40175,12.36932,11.40175,11.7047,10.77033,9.84886,9.84886,8.94427,8.94427,8.06226,7.81025,7.2111,7.2111,6.40312,6.40312,5.65685,5.65685,4.24264,4.24264,3.60555,3.60555,2.23607,69.81404,66.52819,70.43437,68.60029,74.06079,68.96376,65.73431,69.64194,68.26419,74.68601,70.3278,66.18912,69.77822,65.74192,73.1642,72.73239,70.00714,68.68042,75.27284,71.7844,70.88018,66.76077,68.15424,74.94665,67.68309,72.8011,69.42622,66.94027,72.03471,67.26812,70.61161,71.80529,67.72001,65.11528,64.28841,62.76942,61.46544,57.69749,60.82763,56.36488,51.89412,50.53712,50.24938,47.16991,47.43416,42.2019,40.60788,38.41875,36.87818,31.62278,27.58623,30.0,26.40076,23.70654,23.4094,16.55295,18.11077,32.01562,32.57299,33.83785,38.47077,38.07887,34.98571,33.97058,34.65545,40.36087,34.65545,36.12478,37.53665,34.71311,37.53665,34.05877,33.24154,34.71311,33.42155,36.23534,38.8973,33.97058,29.41088,30.4795,31.62278,31.38471,27.73085,32.98485,35.73514,31.95309,37.10795,37.48333,42.05948,35.69314,37.48333,35.35534,42.0119,38.01316,43.04649,39.31921,41.10961,44.40721,43.17407,46.23851,44.64303,50.59644,47.29693,47.43416,51.42956,55.9464,50.53712,54.6443,54.56189,55.60576,55.60576,58.69412,63.03174,63.65532
11.7047,11.7047,12.64911,12.64911,13.0,12.08305,12.08305,12.52996,12.08305,12.52996,12.52996,12.52996,12.52996,11.6619,12.20656,12.80625,12.80625,12.20656,12.20656,12.20656,12.20656,12.80625,12.20656,12.80625,12.80625,12.20656,12.20656,12.20656,10.81665,12.20656,10.81665,10.29563,11.18034,10.29563,9.84886,9.84886,9.48683,8.24621,7.28011,7.28011,7.28011,7.28011,6.08276,6.08276,5.0,5.0,4.0,4.0,3.16228,3.16228,2.23607,2.23607,70.61161,65.0,68.41053,69.92138,70.2282,63.89053,72.8011,67.06713,68.70953,69.857,69.31811,66.64833,68.0,67.97794,65.36819,65.73431,72.71864,66.28725,66.61081,69.63476,63.82006,74.02702,69.02898,68.41053,69.2026,65.43699,71.06335,69.6563,70.17834,72.86288,68.00735,65.0,67.42403,66.8431,68.41053,60.03332,64.89992,64.00781,60.83584,55.9017,52.92447,47.41308,48.10405,42.15448,42.2019,38.47077,38.60052,41.0,35.0571,33.01515,30.06659,28.16026,25.4951,23.5372,21.58703,18.38478,15.23155,32.55764,30.0,34.66987,36.71512,31.30495,38.48376,36.40055,38.07887,35.44009,37.36308,40.02499,38.47077,37.48333,36.13862,36.34556,37.10795,36.34556,35.35534,31.7805,34.71311,36.40055,34.20526,34.78505,34.9285,35.1141,35.8469,31.90611,36.67424,36.23534,37.73592,32.64966,35.60899,40.31129,40.31129,41.72529,41.10961,37.80212,41.04875,41.18252,45.65085,45.18849,48.70318,45.54119,47.16991,44.01136,54.34151,48.83646,50.63596,54.45181,51.24451,55.03635,55.00909,57.0,57.00877,61.07373,56.32051,68.46897
11.40175,12.20656,12.20656,12.20656,12.20656,13.0384,12.52996,11.6619,12.52996,12.52996,12.52996,12.08305,12.08305,12.08305,11.7047,12.64911,12.64911,12.64911,12.36932,12.36932,12.36932,12.36932,12.36932,12.36932,12.36932,12.36932,11.40175,11.40175,11.40175,11.7047,11.7047,11.7047,10.77033,9.84886,9.84886,9.43398,9.43398,8.06226,8.60233,7.2111,6.40312,6.40312,6.40312,5.65685,5.0,5.0,4.47214,4.47214,4.12311,3.16228,3.16228,3.0,70.17834,67.26812,72.18033,65.76473,70.76722,68.62215,69.02898,70.83784,68.60029,63.89053,73.24616,66.4003,72.11103,68.26419,67.1193,70.83078,70.23532,68.54196,68.96376,69.35416,73.40981,67.77905,67.77905,70.38466,68.54196,70.77429,70.2282,73.37575,70.77429,72.8011,72.11103,72.61543,62.16912,72.00694,59.9333,63.52952,60.03332,58.18075,57.3062,54.40588,55.21775,48.27007,49.81967,42.52058,45.34314,38.60052,38.94868,34.4093,32.75668,31.90611,28.79236,29.06888,24.04163,21.84033,20.88061,20.22375,16.12452,31.04835,30.8707,36.23534,37.73592,36.89173,40.0,33.97058,38.8973,36.87818,38.8973,41.86884,41.03657,42.80187,39.82462,34.71311,37.48333,40.22437,40.36087,31.82766,36.12478,36.06938,36.06938,38.20995,36.71512,36.12478,35.4683,33.42155,34.48188,35.8469,34.9285,41.62932,38.91015,43.9659,38.32754,48.37355,41.23106,40.1995,42.75512,42.0119,44.01136,49.16299,43.0,49.49747,45.88028,47.07441,43.93177,47.29693,50.92151,51.66237,51.47815,51.42956,50.60632,58.60034,57.70615,60.46487,64.2028,64.66065
12.72792,12.72792,13.45362,12.04159,12.72792,12.80625,12.80625,12.20656,12.20656,13.60147,13.0384,13.0384,12.52996,11.6619,11.6619,13.41641,13.41641,13.41641,12.08305,13.0,12.52996,12.52996,13.41641,13.0,13.41641,12.52996,12.52996,12.52996,12.52996,11.6619,10.81665,10.81665,10.81665,10.0,10.0,10.0,9.21954,8.48528,8.48528,7.81025,7.81025,6.40312,6.40312,5.83095,5.83095,4.47214,4.47214,4.12311,4.12311,3.16228,3.16228,2.0,64.49806,63.63175,69.33974,63.81222,70.0,67.80118,71.61006,69.02898,69.81404,66.52819,68.593,68.0147,68.593,69.31089,68.76772,71.58911,68.11755,65.43699,66.0303,69.06519,72.67049,67.41662,68.7968,65.19202,69.63476,71.61006,72.20111,73.06162,69.97142,70.21396,68.60029,67.80118,65.21503,67.1193,68.41053,64.03124,62.20129,62.36986,60.1415,55.22681,55.86591,51.08816,47.20169,47.20169,43.60046,45.48626,42.72002,39.82462,34.0147,28.6531,29.73214,29.06888,26.30589,20.88061,21.09502,18.24829,16.76305,28.63564,33.42155,34.20526,31.82766,37.48333,34.71311,33.01515,36.89173,37.73592,35.77709,38.94868,41.78516,38.07887,38.48376,38.07887,36.05551,40.24922,37.58989,36.23534,33.12099,33.61547,35.51056,34.82815,33.28663,36.89173,31.82766,32.64966,34.05877,37.01351,35.80503,36.89173,39.40812,43.04649,38.60052,42.05948,41.34005,44.77723,43.65776,40.80441,42.2019,43.41659,43.28972,48.16638,49.09175,47.0,54.00926,48.50773,52.34501,51.35173,51.62364,53.36666,52.88667,52.20153,55.03635,59.13544,60.00833,65.74192
13.34166,13.15295,13.15295,13.15295,14.14214,13.0384,13.0384,13.0384,14.0,14.03567,13.0,14.0,14.03567,13.0384,13.0384,13.15295,13.15295,13.15295,13.15295,13.15295,13.15295,13.15295,13.15295,13.15295,13.15295,13.15295,12.36932,13.15295,12.04159,12.04159,12.0,12.04159,12.0,11.0,11.0,11.04536,10.04988,9.21954,9.05539,9.21954,8.544,8.24621,7.28011,6.7082,6.32456,5.38516,5.83095,5.0,5.0,5.0,4.24264,3.60555,71.47027,66.7308,67.68309,69.63476,70.21396,67.89698,69.2315,68.593,74.43118,63.1981,70.17834,68.00735,69.00725,72.0,66.18912,68.00735,69.26038,71.17584,68.593,69.46222,68.73136,71.02112,70.34202,72.27724,71.8401,73.24616,72.27724,73.4983,69.63476,72.00694,70.21396,71.80529,64.13267,66.75328,66.28725,62.80127,64.7611,63.78871,62.514,57.00877,57.03508,55.00909,50.01,47.51842,47.09565,42.19005,41.7732,39.81206,31.95309,30.41381,34.20526,29.41088,26.92582,27.01851,20.51828,20.51828,17.69181,32.01562,31.01612,35.35534,32.38827,38.07887,34.20526,36.68787,32.98485,37.0,38.07887,34.0,38.58756,37.57659,36.71512,34.0147,34.98571,37.12142,37.12142,33.61547,37.33631,34.23449,31.95309,31.01612,36.40055,32.75668,33.73426,29.27456,35.0,34.1321,31.01612,39.11521,39.81206,38.07887,38.60052,42.37924,40.31129,40.16217,43.82921,45.17743,43.82921,44.65423,46.04346,46.61545,51.73973,46.75468,52.3259,52.40229,49.40648,55.47071,56.22277,60.44005,53.53504,56.82429,58.59181,63.95311,59.03389,65.45991
13.60147,12.80625,13.0384,13.60147,13.0384,13.0384,13.0384,13.0384,13.0384,12.52996,12.52996,13.41641,13.0,13.0,12.08305,13.0,13.0,13.0,12.64911,12.64911,12.64911,12.64911,12.64911,12.64911,12.64911,12.64911,13.0,12.08305,11.7047,12.08305,11.18034,11.6619,11.18034,10.81665,10.81665,10.0,10.0,9.21954,9.21954,8.48528,8.48528,7.07107,7.07107,6.40312,5.83095,5.83095,5.38516,4.47214,4.47214,4.12311,4.12311,4.12311,70.29225,68.41053,70.93659,68.593,74.27651,72.24957,74.96666,74.96666,72.91776,67.88225,72.18033,69.81404,73.00685,72.00694,75.21303,71.02816,73.24616,76.32169,73.4983,70.83078,75.80237,73.3553,72.94518,72.20111,71.69379,72.94518,77.17513,74.24284,70.83078,73.43024,71.34424,73.23933,70.17834,71.86793,66.0303,63.89053,66.03787,65.60488,65.06919,58.25805,60.81118,54.48853,53.60037,49.51767,44.10215,44.94441,47.16991,40.81666,36.67424,37.33631,29.73214,29.41088,27.85678,23.08679,23.02173,17.46425,24.18677,28.44293,36.68787,34.88553,30.88689,35.8469,38.27532,36.40055,38.01316,41.72529,37.48333,39.05125,40.36087,40.36087,36.87818,37.01351,36.79674,38.8973,31.1127,36.23534,37.80212,34.4093,37.20215,30.61046,34.1321,34.98571,36.40055,33.61547,36.35932,37.69615,41.23106,36.76955,40.02499,41.0,37.94733,43.17407,42.04759,39.45884,42.10701,45.01111,46.09772,48.04165,45.39824,47.09565,52.17279,45.70558,52.39275,50.28916,50.15974,57.69749,54.23099,52.20153,59.68249,60.82763,52.7731,61.91123,68.60029,65.0
13.60147,13.34166,13.34166,13.34166,13.34166,13.15295,13.15295,13.15295,13.15295,13.0384,13.0384,13.0,13.0384,13.0,13.0,13.0,13.0,13.0384,13.0384,13.0384,13.0384,13.0384,13.0384,13.0384,13.0,13.0,12.04159,12.0,12.0,12.0,12.04159,12.04159,11.04536,11.18034,10.19804,10.19804,10.19804,9.21954,8.544,8.544,7.61577,7.61577,6.7082,6.7082,5.83095,5.83095,5.65685,5.0,4.24264,5.0,3.60555,3.60555,67.1193,71.58911,67.97794,65.36819,67.23095,68.02941,73.53911,70.5762,71.47027,66.09841,70.83784,67.06713,71.30919,73.24616,67.46851,70.71068,67.89698,70.71068,65.9242,74.16873,73.33485,69.35416,69.0,70.5762,69.35416,73.17103,72.06247,72.00694,71.17584,73.33485,70.17834,68.11755,67.18631,62.64982,65.62012,61.61169,61.81424,61.40033,61.03278,58.69412,59.46427,53.14132,47.16991,46.61545,46.09772,41.18252,38.83298,38.01316,33.30165,35.38361,31.14482,26.24881,26.1725,25.0,21.9545,22.84732,21.47091,32.0,32.01562,35.0571,33.24154,36.49658,33.24154,36.68787,32.31099,34.17601,34.48188,39.92493,37.64306,36.23534,38.01316,32.75668,37.57659,35.35534,35.51056,31.01612,33.54102,32.28002,32.31099,32.20248,32.28002,36.87818,32.55764,32.14032,34.05877,40.0,37.0,35.0,34.23449,38.32754,34.36568,41.4367,41.48494,31.57531,38.60052,43.46263,40.71855,45.79301,45.65085,47.88528,50.77401,45.27693,53.41348,51.86521,50.24938,57.28001,53.75872,54.45181,56.85068,53.41348,56.22277,59.16925,57.80138,67.1193
11.6619,11.6619,11.6619,11.6619,11.6619,12.20656,11.40175,11.40175,12.04159,11.40175,12.04159,12.04159,11.31371,11.31371,12.04159,12.04159,11.40175,11.40175,11.40175,12.20656,11.40175,12.20656,11.40175,11.40175,11.40175,11.40175,11.40175,11.40175,10.63015,10.63015,10.63015,10.63015,9.89949,9.89949,9.21954,8.60233,8.60233,8.06226,8.06226,6.7082,6.7082,6.7082,5.38516,5.09902,5.09902,4.12311,4.12311,4.0,4.0,3.16228,3.16228,2.23607,64.4748,65.79514,65.0,66.24198,69.35416,67.60178,65.0,74.62573,64.63745,67.1193,67.6757,65.80274,73.24616,67.80118,65.76473,69.35416,72.13876,67.35726,70.0928,64.66065,73.87828,69.40461,64.07027,66.28725,71.61006,72.42237,67.42403,68.50547,71.28113,67.62396,66.85058,73.06162,70.60453,63.24555,64.40497,65.19202,58.25805,61.6198,57.98276,55.9017,55.97321,50.60632,48.10405,44.68781,44.40721,40.81666,41.67733,35.8469,34.9285,26.83282,28.4605,28.79236,25.70992,22.2036,22.2036,18.02776,19.41649,33.24154,31.1127,32.20248,36.89173,36.23534,34.78505,33.52611,36.68787,37.0,38.83298,41.0,37.0,39.05125,34.9285,34.20526,35.90265,38.07887,35.8469,37.64306,31.62278,33.95585,35.77709,36.67424,34.9285,34.48188,34.66987,34.20526,37.48333,29.06888,35.4683,36.06938,35.51056,31.62278,37.48333,35.0,39.11521,44.29447,46.52956,42.54409,46.48656,46.48656,46.84015,48.27007,47.09565,47.29693,51.1957,54.23099,50.03998,56.00893,50.08992,55.57877,58.69412,56.56854,53.60037,57.48913,64.84597,66.40783
13.0,13.0,13.0,13.41641,13.41641,13.41641,12.52996,13.0384,13.0384,13.89244,13.0384,13.60147,13.0384,12.20656,13.60147,13.60147,13.45362,13.45362,12.72792,13.45362,13.45362,13.45362,13.45362,13.45362,13.45362,13.45362,13.45362,12.80625,12.80625,12.80625,11.40175,11.40175,11.40175,10.81665,10.81665,10.81665,9.84886,8.94427,8.544,8.544,8.24621,7.28011,7.28011,7.07107,6.08276,6.08276,5.09902,5.0,4.0,4.0,4.0,3.16228,70.71068,68.44706,72.00694,67.89698,71.80529,73.4983,72.03471,71.56815,65.51336,71.38627,72.03471,71.47027,70.21396,64.19502,69.28925,67.97794,73.40981,70.3278,68.0,71.86793,73.43024,64.41273,72.56032,67.53518,65.51336,71.34424,70.83078,70.72482,73.43024,68.7968,72.11103,71.69379,66.64833,66.24198,66.64083,66.24198,66.21178,61.84658,59.46427,59.61543,54.78138,51.92302,53.15073,45.60702,46.52956,40.11234,40.31129,39.05125,37.0,35.01428,32.24903,29.06888,23.4094,25.63201,21.93171,17.08801,21.0238,31.14482,31.90611,33.61547,36.67424,31.38471,36.68787,35.44009,36.87818,34.23449,33.54102,36.49658,37.12142,35.01428,32.38827,38.01316,39.05125,40.1995,32.24903,32.01562,38.32754,35.22783,34.71311,34.71311,26.92582,33.52611,32.89377,35.8469,31.7805,30.8707,35.51056,34.88553,37.01351,40.31129,36.40055,36.12478,40.31129,38.41875,43.41659,40.22437,41.88078,44.10215,43.41659,45.27693,47.16991,48.8467,52.63079,46.17359,52.88667,51.78803,50.21952,52.95281,56.7186,56.29387,59.03389,57.03508,59.03389,63.00794
12.52996,12.52996,12.52996,13.41641,13.0384,12.52996,13.0384,13.0384,13.0384,12.80625,12.80625,12.80625,13.45362,12.72792,12.72792,12.72792,13.45362,13.45362,13.45362,13.45362,13.45362,13.45362,13.45362,13.45362,12.80625,12.72792,13.45362,12.72792,12.04159,11.31371,11.31371,12.04159,11.31371,10.63015,10.0,10.0,9.43398,8.60233,8.06226,8.06226,7.61577,7.61577,6.7082,6.32456,5.38516,5.09902,5.09902,4.0,3.16228,3.0,3.0,2.23607,72.24957,65.00769,70.45566,66.70832,66.91039,71.02112,69.12308,70.61161,68.41053,70.60453,64.51356,66.09841,70.00714,68.94926,68.94926,68.8767,69.07966,66.21178,71.11259,70.83078,69.64194,67.95587,72.11103,72.40166,71.02112,72.20111,64.40497,69.89278,71.02112,69.89278,65.8635,70.17834,66.88797,70.23532,68.60029,64.41273,62.76942,60.37384,60.82763,52.55473,57.24509,48.38388,48.83646,45.70558,44.40721,42.0,41.10961,37.12142,35.01428,34.0147,30.26549,26.07681,24.18677,20.39608,19.69772,18.68154,14.42221,26.40076,32.89377,32.57299,32.31099,35.44009,39.45884,38.32754,42.42641,38.11824,37.01351,40.0,40.0125,40.0125,38.0,42.10701,36.05551,37.05401,37.0,37.21559,38.01316,34.1321,39.11521,33.73426,35.22783,39.62323,35.44009,36.40055,34.53983,36.67424,39.96248,37.12142,39.11521,37.21559,40.0,39.69887,39.62323,38.8973,43.93177,42.44997,41.23106,43.60046,46.87217,48.37355,45.80393,46.61545,50.0,52.20153,51.92302,51.1957,53.16014,53.75872,55.54278,58.0517,54.33231,51.97115,61.20457,70.02857
11.40175,11.6619,11.6619,11.6619,11.6619,11.6619,12.52996,11.18034,11.18034,12.08305,12.08305,12.08305,11.7047,11.7047,11.7047,11.7047,11.40175,11.40175,12.36932,12.36932,11.40175,12.36932,11.40175,12.36932,11.40175,11.40175,11.7047,11.7047,11.7047,10.77033,10.77033,9.84886,9.84886,9.43398,9.43398,8.60233,8.60233,7.81025,7.81025,7.07107,6.40312,6.40312,6.40312,5.83095,5.0,4.47214,4.47214,4.12311,3.16228,3.16228,3.0,2.23607,67.88225,64.3506,64.44377,65.94695,67.94115,68.0147,63.82006,69.40461,65.21503,64.03124,67.80118,65.73431,69.33974,66.88797,71.02112,65.30697,71.69379,64.07808,66.70832,67.62396,70.77429,65.79514,71.16881,69.46222,70.2282,69.07966,65.45991,64.84597,70.5762,70.83784,64.2573,70.2282,63.69458,64.88451,60.82763,66.37017,62.76942,59.5399,61.05735,53.25411,52.20153,55.0,48.60041,44.55334,38.28838,42.44997,38.01316,35.0,34.1321,27.80288,29.06888,26.40076,23.76973,20.88061,17.72005,21.0,17.0,32.06244,30.80584,35.44009,35.8469,35.4683,37.16181,36.67424,33.28663,41.40048,34.05877,38.28838,40.36087,39.05125,36.12478,37.01351,39.05125,36.76955,36.06938,34.20526,33.83785,39.40812,35.60899,34.05877,35.8469,34.0,38.47077,34.88553,33.24154,34.78505,35.44009,36.87818,38.47077,40.4475,42.10701,40.0125,39.31921,40.11234,39.0,42.10701,40.1995,47.38143,44.14748,49.33559,46.57252,48.38388,50.0,51.24451,48.75449,53.85165,53.66563,56.60389,51.10773,55.22681,58.24946,56.85068,64.44377,63.41136
12.64911,13.0,13.0,13.0,13.0,13.41641,13.41641,12.08305,12.52996,12.52996,12.52996,13.0384,13.0384,12.80625,12.80625,12.80625,12.80625,12.80625,12.72792,12.80625,12.04159,12.80625,12.80625,13.45362,12.80625,12.04159,12.80625,11.40175,12.80625,12.20656,11.6619,11.6619,10.29563,10.29563,10.29563,9.84886,9.48683,8.544,8.24621,7.28011,7.28011,7.07107,6.08276,6.0,6.0,5.09902,5.09902,4.12311,4.47214,3.60555,3.60555,3.60555,65.03076,71.06335,67.26812,70.02857,68.26419,70.02857,67.74216,69.26038,71.19691,68.46897,68.06614,68.65858,72.56721,69.12308,69.12308,71.47027,66.48308,65.19202,65.55151,70.93659,68.42514,70.26379,63.95311,73.00685,68.8767,69.77822,72.94518,70.68239,71.30919,70.66116,69.77105,70.38466,63.32456,63.69458,63.56886,56.921,59.23681,60.16644,56.29387,60.01666,56.08921,51.24451,51.08816,45.09989,45.01111,47.04253,40.04997,35.22783,34.05877,33.83785,28.4605,27.20294,26.40076,26.62705,19.84943,20.61553,17.80449,35.0,34.0,33.61547,34.9285,33.24154,34.9285,38.32754,38.63936,38.47077,34.0147,39.05125,39.31921,37.01351,38.20995,39.01282,35.22783,38.01316,39.0,33.13608,32.24903,28.44293,35.44009,36.49658,32.98485,36.05551,34.78505,37.58989,31.7805,30.01666,35.35534,42.19005,38.58756,36.40055,38.83298,38.94868,44.68781,46.2277,39.62323,42.52058,42.80187,40.0,47.20169,49.92995,48.37355,48.02083,53.7122,50.15974,53.85165,51.24451,50.69517,58.69412,57.72348,60.82763,56.7186,57.21888,61.29437,60.03332
12.08305,12.08305,11.7047,11.7047,11.7047,11.7047,12.64911,12.36932,12.36932,12.36932,12.36932,12.16553,12.16553,11.18034,12.16553,12.04159,12.04159,12.16553,12.04159,12.04159,12.04159,12.04159,12.04159,12.04159,12.04159,12.04159,12.04159,11.18034,11.18034,11.18034,10.19804,11.40175,10.44031,9.48683,9.48683,9.48683,8.94427,8.06226,8.60233,8.06226,7.81025,6.40312,6.40312,5.65685,5.65685,5.0,5.0,4.47214,4.47214,4.12311,4.12311,3.16228,70.49113,66.57327,72.00694,73.79024,68.00735,71.58911,64.2573,72.23573,67.54258,75.02666,69.89278,69.92138,72.53275,65.52099,69.857,74.33034,74.33034,69.87131,73.1642,67.60178,74.43118,71.17584,72.1734,68.46897,71.17584,74.43118,69.02898,73.00685,72.44308,69.00725,75.16648,71.44928,68.88396,68.73136,65.37584,64.32729,64.53681,60.63827,61.84658,61.40033,59.77458,53.48832,52.0,51.89412,46.09772,42.05948,41.67733,35.60899,35.60899,31.1127,29.83287,27.80288,23.85372,23.70654,18.78829,20.61553,17.26268,28.28427,33.01515,35.51056,39.20459,38.63936,36.87818,40.26164,38.62642,38.32754,39.56008,43.65776,36.71512,38.91015,40.24922,39.81206,37.58989,42.05948,35.77709,37.57659,34.1321,32.57299,37.16181,33.10589,36.05551,32.89377,37.85499,39.20459,37.01351,37.21559,41.10961,36.05551,43.0,33.37664,38.20995,42.75512,43.17407,46.57252,45.54119,45.31004,47.53946,45.17743,49.1935,49.24429,48.30114,55.22681,49.0408,51.61395,58.41233,52.40229,53.82379,55.22681,63.03174,56.0803,58.00862,60.80296,73.60027,64.00781
12.64911,12.64911,13.0,12.64911,13.0,13.0,12.08305,12.08305,12.08305,12.52996,12.52996,13.0384,11.6619,12.20656,12.20656,12.80625,12.80625,12.20656,12.80625,12.80625,12.80625,12.80625,12.04159,12.04159,12.80625,12.04159,12.80625,11.40175,12.20656,10.81665,10.81665,10.81665,10.29563,10.29563,9.84886,9.84886,9.84886,8.544,8.24621,8.24621,7.28011,7.07107,7.07107,6.08276,6.0,6.0,5.09902,5.09902,4.12311,4.12311,4.47214,3.16228,60.07495,65.62012,70.03571,63.95311,63.32456,69.857,65.25335,71.30919,67.35726,69.26038,68.62215,71.16881,67.1193,71.86793,63.50591,72.47068,65.76473,67.74216,68.0,67.23095,73.23933,65.51336,68.60029,73.06162,71.34424,67.41662,70.80254,74.02702,67.42403,67.20119,69.06519,71.69379,65.19202,64.14047,59.90826,65.76473,64.88451,64.62198,60.00833,54.42426,52.88667,50.0,51.24451,48.70318,46.09772,42.95346,44.72136,35.35534,37.01351,34.1321,30.14963,28.28427,27.01851,26.4764,21.18962,20.61553,16.15549,28.42534,31.06445,33.54102,35.77709,31.76476,37.10795,39.62323,37.36308,33.52611,37.65634,37.36308,38.63936,39.81206,37.10795,34.23449,33.06055,36.22154,36.34556,38.47077,37.85499,37.85499,32.14032,32.75668,32.28002,35.1141,35.8469,31.38471,34.98571,36.05551,37.80212,35.4683,39.66106,38.83298,41.10961,39.05125,41.23106,40.45986,42.72002,46.04346,44.77723,44.38468,47.53946,46.09772,51.47815,49.64877,56.85948,49.64877,51.97115,54.12024,52.61179,55.3263,55.14526,52.00961,58.00862,59.5399,59.00847,59.21149
12.80625,12.20656,12.80625,12.80625,12.80625,12.80625,13.45362,12.72792,12.72792,12.72792,12.72792,13.45362,12.80625,12.80625,12.04159,12.80625,13.60147,13.60147,13.0384,13.60147,12.80625,13.60147,13.60147,13.0384,12.20656,12.80625,12.80625,12.80625,12.20656,12.04159,12.04159,11.31371,11.31371,10.63015,10.63015,10.0,9.21954,8.60233,8.60233,8.06226,8.06226,6.7082,6.7082,6.32456,5.38516,5.09902,5.09902,4.12311,4.0,3.0,3.0,3.0,67.77905,68.54196,68.942,73.06162,70.3278,66.37017,67.53518,68.60029,71.19691,65.80274,68.24222,67.42403,66.06815,65.94695,65.8559,65.8559,70.17834,69.35416,68.68042,72.86288,69.29646,69.35416,70.76722,73.0,70.72482,67.62396,72.18033,68.88396,69.52697,72.34639,70.71068,72.83543,63.65532,64.38167,63.70243,66.06815,64.2028,60.74537,57.80138,54.20332,53.82379,51.62364,51.89412,49.92995,44.28318,42.72002,39.0,34.17601,32.75668,30.59412,32.55764,28.16026,23.02173,22.09072,17.02939,19.41649,18.78829,30.01666,33.42155,34.20526,33.24154,33.30165,37.80212,35.60899,33.83785,38.48376,34.88553,35.77709,41.23106,41.78516,35.1141,40.31129,33.83785,35.77709,32.20248,33.54102,37.58989,37.12142,34.66987,35.8469,32.75668,36.61967,36.06938,35.4683,31.82766,37.48333,37.01351,35.0,40.60788,38.41875,41.18252,53.60037,40.49691,41.78516,37.36308,44.77723,43.01163,43.17407,42.29657,45.54119,47.26521,46.09772,48.83646,49.0102,52.17279,53.00943,55.44367,54.45181,59.03389,58.5235,59.20304,54.70832,59.77458,61.68468
12.08305,12.08305,12.08305,12.08305,12.08305,11.6619,11.6619,11.6619,11.6619,11.6619,12.20656,12.20656,11.40175,12.04159,11.40175,12.04159,12.04159,12.04159,12.04159,11.31371,12.04159,11.31371,12.04159,12.04159,11.31371,11.31371,11.31371,11.31371,12.04159,11.31371,10.63015,10.63015,10.0,10.0,9.43398,9.43398,8.60233,7.61577,7.61577,7.61577,7.28011,6.32456,6.32456,5.09902,5.09902,5.0,4.0,4.12311,4.12311,3.16228,3.16228,2.82843,73.5459,65.73431,72.27724,68.00735,67.68309,68.88396,69.26038,72.42237,68.30813,68.96376,73.00685,70.77429,71.30919,70.21396,71.19691,67.08204,70.71068,65.51336,65.45991,68.41053,69.40461,70.0,65.43699,66.70832,67.00746,67.6757,71.58911,66.21933,65.45991,68.8186,65.43699,71.40028,64.81512,64.07027,68.60029,61.29437,59.48109,58.30952,54.12024,53.85165,52.39275,50.92151,46.57252,45.22168,42.95346,39.56008,36.34556,35.35534,31.40064,33.01515,31.01612,26.01922,23.34524,23.25941,23.5372,17.88854,18.02776,34.71311,31.40064,31.241,37.58989,36.24914,38.07887,35.34119,40.02499,35.44009,35.90265,37.65634,38.63936,39.62323,34.52535,34.52535,37.85499,37.85499,32.55764,36.40055,34.48188,34.9285,34.9285,34.9285,35.73514,35.1141,35.73514,36.76955,34.66987,35.0,35.35534,36.40055,38.18377,38.20995,39.62323,44.55334,42.44997,43.93177,46.69047,43.82921,42.94182,45.65085,46.95743,46.23851,47.43416,53.85165,47.85394,51.92302,52.17279,54.12947,53.60037,50.15974,61.20457,55.14526,60.00833,61.0082,62.28965,61.29437
12.04159,11.04536,12.04159,12.04159,12.04159,12.0,12.0,11.0,12.0,12.04159,12.04159,12.04159,12.04159,12.16553,12.16553,12.36932,12.36932,12.16553,12.36932,12.36932,12.36932,12.36932,12.36932,12.36932,12.16553,12.36932,11.40175,12.16553,11.18034,12.16553,10.04988,11.04536,10.04988,10.0,9.0,9.0,9.0,8.06226,7.07107,7.07107,7.07107,6.08276,6.32456,5.38516,4.47214,4.47214,3.60555,3.60555,3.60555,2.82843,2.23607,2.23607,68.41053,68.96376,72.53275,71.58911,69.2315,68.44706,71.06335,70.83078,68.35934,66.27217,67.06713,68.11755,71.11259,68.26419,68.18358,65.00769,69.06519,71.11259,68.06614,68.46897,64.38167,65.49046,66.75328,69.63476,67.46851,69.2315,73.82412,72.83543,69.87131,69.72087,65.49046,66.37017,69.05071,65.37584,60.53098,59.00847,62.03225,58.03447,57.03508,54.23099,50.15974,50.9902,45.60702,43.41659,46.57252,42.29657,40.16217,36.05551,34.9285,29.15476,33.54102,30.52868,25.0,20.51828,21.93171,19.69772,18.38478,33.95585,30.80584,36.0,35.22783,36.01389,36.67424,37.48333,36.13862,39.05125,39.0,37.94733,36.05551,34.88553,42.95346,37.69615,39.56008,37.0,39.0,35.51056,37.94733,35.69314,37.48333,37.0,34.1321,36.22154,34.0147,30.59412,34.1321,43.10452,36.34556,35.0571,38.83298,45.89118,39.56008,43.01163,34.88553,31.38471,35.34119,42.94182,44.29447,45.60702,46.14109,44.68781,49.0408,46.69047,51.73973,44.55334,48.9183,55.97321,51.40039,51.97115,55.75841,52.15362,57.24509,60.82763,63.56099,59.03389
11.18034,11.18034,12.08305,12.08305,11.7047,12.08305,11.7047,11.7047,11.7047,11.40175,11.40175,11.40175,11.40175,11.18034,11.18034,12.16553,12.16553,11.18034,12.16553,12.16553,12.16553,12.16553,12.16553,12.04159,12.16553,12.16553,11.18034,12.16553,11.40175,11.40175,10.44031,10.44031,9.48683,9.48683,8.544,8.544,8.94427,8.06226,7.2111,7.2111,6.40312,6.40312,5.65685,5.65685,5.0,4.24264,4.47214,3.60555,3.16228,3.16228,2.0,2.0,65.8559,66.4003,68.7968,67.00746,67.23095,68.8186,66.7308,68.26419,67.1193,69.97142,64.84597,68.8767,70.26379,65.0,67.97794,68.70953,70.5762,64.56005,65.45991,69.92138,73.08215,68.96376,68.44706,67.68309,66.70832,68.15424,69.42622,67.18631,65.30697,71.06335,70.0928,66.28725,69.12308,65.25335,63.24555,60.44005,60.44005,60.53924,54.12947,58.60034,55.00909,47.16991,47.43416,42.05948,42.43819,41.6173,38.20995,38.28838,32.52691,31.14482,29.68164,29.73214,25.05993,20.61553,17.88854,18.97367,12.16553,34.23449,37.0,35.1141,35.1141,33.54102,37.73592,35.22783,37.20215,43.18565,34.82815,41.10961,38.28838,38.18377,38.41875,36.06938,36.12478,37.53665,38.18377,36.76955,39.20459,33.42155,36.61967,35.22783,36.35932,36.05551,32.24903,34.48188,38.07887,35.44009,38.60052,35.44009,36.40055,41.19466,44.18144,37.05401,45.09989,47.09565,45.0,43.28972,44.18144,46.38965,43.93177,54.34151,46.8188,49.47727,50.56679,49.24429,53.23533,50.77401,54.23099,56.0803,55.80323,56.30275,54.40588,58.89822,62.96825,61.52235
12.04159,12.04159,12.04159,12.72792,12.04159,12.04159,12.04159,12.80625,12.80625,11.40175,12.20656,13.0384,12.20656,12.52996,11.6619,12.52996,12.52996,12.08305,12.08305,12.08305,12.08305,12.08305,12.08305,12.08305,12.08305,12.08305,13.0,11.6619,12.52996,11.18034,10.81665,10.81665,10.81665,10.81665,10.0,9.21954,8.48528,8.48528,8.48528,7.81025,7.2111,7.2111,6.7082,5.83095,5.38516,5.38516,5.38516,5.09902,4.12311,4.0,4.0,4.12311,67.1193,65.39113,71.58911,69.33974,67.6757,71.02112,65.21503,66.37017,69.81404,65.21503,68.24954,70.03571,67.47592,66.48308,67.20863,67.26812,71.58911,70.83784,65.76473,65.0,73.4983,65.0,69.06519,68.8186,71.28113,67.00746,63.51378,69.89278,66.85058,71.02816,67.74216,70.45566,64.81512,67.47592,64.81512,67.20863,61.22091,64.38167,61.52235,58.69412,53.74012,56.61272,53.41348,48.02083,47.50789,42.05948,38.07887,33.12099,36.76955,32.57299,27.89265,26.24881,24.35159,23.76973,25.07987,22.0,15.29706,32.24903,32.01562,36.06938,35.4683,35.38361,37.80212,34.66987,36.35932,34.48188,35.35534,34.43835,36.24914,36.71512,37.94733,38.27532,34.0147,36.24914,35.34119,39.39543,33.10589,34.1321,37.21559,26.62705,32.75668,32.75668,34.4093,33.97058,36.06938,33.94113,39.82462,35.51056,38.83298,37.44329,39.35734,46.69047,43.08132,33.24154,39.56008,43.32436,48.05206,46.57252,42.04759,48.09366,49.16299,51.0392,46.27094,50.08992,48.25971,53.33854,50.35871,51.97115,57.48913,61.98387,57.00877,57.97413,56.85948,58.13777
12.64911,13.34166,12.36932,13.34166,11.40175,13.34166,13.15295,12.16553,12.16553,12.16553,13.15295,13.0384,13.0384,12.04159,13.0,12.0,13.0,12.0,13.0,13.0384,13.0,13.0384,12.0,13.0,13.0,13.0,13.0,12.0,12.0,12.04159,12.04159,11.04536,11.18034,11.18034,10.19804,9.21954,9.48683,8.544,8.544,8.544,7.61577,7.61577,7.2111,7.2111,6.40312,6.40312,5.65685,5.65685,4.24264,5.0,3.60555,3.16228,64.40497,64.40497,67.6757,68.15424,65.19202,68.30813,64.84597,74.33034,65.96969,68.15424,69.37579,65.76473,72.00694,67.74216,67.1193,66.61081,71.0,75.10659,71.00704,66.0303,73.02739,65.12296,73.0,72.00694,67.06713,69.0,68.06614,67.1193,69.02898,68.11755,70.00714,74.00676,67.1193,68.02941,62.1289,66.61081,63.07139,57.87055,55.57877,54.12947,54.57105,53.36666,48.70318,48.70318,52.55473,41.88078,41.18252,33.61547,39.40812,36.23534,31.241,26.90725,25.0,24.75884,21.9545,21.9545,19.23538,32.28002,31.57531,31.01612,36.01389,31.14482,39.31921,36.13862,33.73426,37.33631,35.73514,39.21734,38.07887,41.4367,36.76955,36.68787,37.57659,41.14608,30.67572,29.83287,35.73514,36.05551,36.68787,29.61419,32.14032,36.67424,33.13608,33.0,36.05551,32.01562,36.05551,33.24154,39.31921,39.45884,39.31921,40.5216,40.02499,38.91015,34.0,43.86342,47.41308,48.76474,43.82921,45.27693,48.27007,48.27007,38.8973,49.51767,45.27693,53.74012,49.51767,50.80354,56.72742,59.40539,48.54894,64.66065,59.5399,68.88396
12.20656,12.80625,12.80625,12.80625,12.80625,12.04159,12.04159,12.72792,12.04159,12.04159,12.80625,12.80625,12.80625,12.04159,12.80625,12.20656,12.20656,12.20656,13.0384,12.20656,11.6619,11.6619,12.20656,12.20656,12.20656,12.20656,12.20656,12.20656,11.40175,11.40175,11.40175,10.63015,11.31371,9.89949,9.89949,10.0,9.21954,8.60233,9.43398,8.06226,8.06226,7.61577,6.32456,6.32456,6.32456,5.09902,5.09902,5.0,4.0,4.0,4.12311,4.12311,68.26419,67.60178,73.78347,66.0303,68.11755,75.60423,66.61081,74.02702,61.84658,73.75636,75.0733,72.13876,67.35726,68.62215,72.24957,69.42622,72.62231,70.43437,72.34639,67.42403,75.45197,65.45991,73.4983,72.71864,73.23933,72.67049,70.21396,69.06519,72.11103,74.94665,72.42237,70.0,64.07027,65.43699,70.29225,70.80254,64.03124,58.72819,60.30755,54.48853,55.17246,54.40588,52.43091,47.70744,45.27693,40.71855,42.04759,36.24914,35.77709,32.69557,30.67572,28.16026,25.4951,22.0,25.07987,20.88061,16.12452,35.8469,36.05551,34.20526,35.4683,36.12478,40.31129,35.4683,38.8973,38.41875,42.63801,37.20215,39.40812,41.88078,37.21559,39.44617,32.44996,38.07887,36.71512,38.01316,37.58989,38.27532,37.01351,36.87818,34.65545,35.4683,38.20995,35.60899,35.4683,36.61967,40.49691,37.57659,38.27532,38.07887,41.10961,37.01351,41.76123,42.2019,46.87217,43.41659,42.75512,44.18144,45.04442,48.01042,50.03998,51.0392,48.50773,52.39275,54.34151,51.66237,60.82763,59.66574,56.921,57.87055,57.93962,60.16644,60.53924,62.64982
12.64911,12.64911,12.64911,13.60147,12.36932,13.34166,12.36932,12.16553,13.15295,13.15295,12.16553,13.0384,13.0384,13.0384,13.0384,13.0,13.0,13.0,13.0384,13.0384,13.0,13.0,13.0,13.0384,13.0,12.0,13.0,12.0,12.0,12.04159,12.04159,12.04159,11.04536,11.18034,10.19804,10.19804,10.19804,9.48683,8.544,8.544,7.61577,7.61577,6.7082,6.7082,5.83095,5.65685,5.0,5.0,5.0,4.24264,3.60555,3.60555,65.55151,70.2282,70.60453,69.12308,68.96376,65.96969,62.0967,70.34202,65.73431,69.857,72.69113,65.49046,66.61081,66.61081,66.48308,69.11584,74.00676,68.35934,71.06335,65.0,72.44308,69.06519,65.12296,72.1734,67.36468,67.26812,72.02777,71.17584,74.16873,70.25667,66.00758,71.00704,64.19502,64.03124,71.02816,59.3043,63.12686,57.42822,61.29437,55.3263,52.88667,51.1957,49.98,47.80167,48.33218,39.21734,39.92493,39.92493,37.21559,32.75668,26.62705,27.65863,26.1725,21.93171,21.63331,17.49286,19.23538,27.89265,32.06244,31.57531,34.05877,35.0571,36.22154,38.32754,37.33631,35.69314,36.13862,39.81206,38.8973,35.44009,35.73514,38.07887,40.31129,36.40055,36.68787,33.73426,36.40055,34.48188,33.54102,34.9285,38.0526,35.12834,34.0147,33.54102,34.05877,36.49658,41.23106,31.01612,38.07887,41.78516,39.56008,42.72002,38.01316,40.16217,43.46263,43.86342,43.56604,44.10215,44.10215,46.40043,49.20366,46.09772,43.86342,45.34314,49.57822,53.60037,56.63921,58.5235,52.20153,55.75841,57.27128,57.3062,63.06346,65.30697
12.72792,12.04159,12.72792,12.04159,12.80625,12.04159,12.20656,12.20656,12.20656,12.80625,12.20656,12.20656,12.20656,11.6619,12.52996,12.52996,12.08305,12.52996,12.08305,12.08305,12.08305,12.08305,12.08305,12.08305,12.08305,12.08305,12.52996,12.52996,11.6619,11.6619,10.81665,10.81665,10.81665,10.0,10.63015,9.21954,8.48528,8.48528,7.81025,7.81025,7.2111,7.2111,6.7082,5.83095,5.38516,5.38516,5.38516,5.09902,4.12311,4.0,4.0,3.16228,72.18033,68.11755,68.593,68.593,66.52819,69.35416,67.62396,68.76772,66.28725,69.40461,66.4003,68.09552,70.49113,65.8635,69.83552,67.97794,68.44706,67.54258,72.47068,68.02941,73.53911,64.4748,68.15424,71.17584,66.30988,70.26379,66.30988,66.40783,72.8011,68.00735,68.35203,70.68239,67.54258,69.46222,63.06346,64.49806,63.28507,62.43397,58.5235,59.03389,47.80167,53.75872,50.60632,46.69047,48.79549,41.03657,37.73592,37.01351,36.05551,30.80584,28.17801,30.08322,27.45906,21.37756,23.5372,19.41649,17.02939,31.14482,34.9285,31.57531,36.76955,35.44009,35.8469,39.44617,34.66987,35.8469,35.34119,37.73592,40.60788,39.20459,39.66106,39.05125,34.05877,38.18377,37.64306,38.60052,32.75668,31.62278,38.28838,33.6006,34.0,35.35534,34.48188,35.44009,38.8973,35.90265,35.73514,36.49658,39.29377,36.40055,43.73786,39.05125,40.0125,41.01219,40.60788,42.19005,43.28972,47.07441,42.44997,50.69517,43.9659,47.43416,51.47815,49.65884,50.08992,55.03635,54.626,51.88449,57.68882,61.61169,56.0803,59.36329,61.55485,62.20129
12.04159,12.04159,12.72792,12.72792,12.72792,12.72792,12.04159,12.04159,12.80625,12.80625,12.80625,12.20656,12.20656,13.0384,12.20656,12.52996,12.52996,12.52996,12.52996,12.52996,12.52996,12.52996,12.52996,13.41641,12.52996,12.52996,12.52996,11.6619,12.52996,11.6619,10.81665,10.81665,10.63015,10.0,10.0,9.21954,9.89949,8.48528,7.81025,7.81025,7.07107,6.40312,5.83095,5.83095,5.83095,4.47214,4.47214,4.12311,4.12311,3.16228,3.0,3.0,72.11103,61.91123,66.57327,63.25346,73.75636,67.17887,72.13876,70.76722,70.72482,65.19202,73.66139,71.70077,74.65253,69.52697,70.80254,71.84706,71.02816,73.60027,68.8186,75.591,69.35416,73.3553,68.0,71.11962,73.43024,76.15773,71.58911,73.06162,66.57327,73.3553,68.88396,69.83552,67.23095,71.34424,66.28725,65.51336,64.03124,61.22091,60.80296,59.20304,58.13777,52.40229,50.9902,53.25411,44.82187,44.40721,42.2019,38.58756,30.52868,33.01515,29.06888,26.83282,26.57066,24.18677,25.07987,16.49242,15.0,30.36445,32.64966,36.35932,35.80503,36.61967,38.18377,38.20995,40.31129,38.28838,42.44997,37.48333,42.43819,40.31129,42.43819,38.27532,42.72002,35.38361,31.82766,34.4093,39.82462,39.20459,36.40055,34.71311,35.80503,35.38361,35.0,34.98571,38.58756,38.01316,38.94868,38.01316,36.67424,41.23106,39.21734,40.49691,41.48494,43.73786,43.10452,43.93177,46.17359,46.09772,44.01136,45.09989,52.34501,46.69047,57.28001,52.39275,52.17279,54.34151,52.39275,54.70832,58.18075,56.36488,57.69749,56.82429,59.9333,66.88797
13.0384,13.0384,13.0,13.0,13.0,13.0,13.0,13.0384,13.0384,13.0384,13.15295,13.15295,13.15295,13.15295,13.15295,13.34166,13.60147,13.34166,12.64911,13.60147,13.60147,13.60147,12.64911,13.60147,12.64911,13.34166,12.64911,12.36932,12.36932,12.36932,12.16553,11.18034,11.04536,11.04536,10.04988,10.0,10.0,9.0,9.0,8.06226,8.06226,7.07107,7.07107,6.08276,6.32456,5.09902,5.38516,4.47214,4.47214,3.60555,3.60555,2.82843,73.0,69.02898,70.00714,72.0,69.0,71.06335,69.46222,76.05919,72.1734,76.65507,68.88396,73.1642,69.05071,70.71068,71.58911,73.24616,71.8401,68.30813,70.5195,72.11103,73.73602,71.16881,74.73286,73.00685,72.8011,76.02631,73.1642,75.39231,70.93659,72.91776,71.17584,68.942,67.62396,66.30988,70.5762,64.28841,67.05222,63.06346,61.81424,57.97413,57.48913,56.22277,51.0392,49.0102,49.0102,44.40721,42.10701,37.01351,36.67424,32.01562,34.48188,31.38471,26.83282,27.313,21.63331,21.09502,15.81139,33.12099,35.34119,33.52611,34.36568,35.51056,37.48333,36.12478,41.0,38.20995,39.0,35.01428,39.45884,34.05877,38.0526,35.01428,35.12834,41.10961,37.12142,33.13608,39.20459,36.22154,35.35534,35.12834,36.12478,34.52535,36.87818,32.28002,36.40055,36.76955,39.56008,38.01316,38.60052,45.61798,42.54409,52.69725,56.64804,47.01064,48.60041,44.94441,43.27817,45.27693,47.01064,50.60632,52.00961,48.25971,51.0392,47.85394,52.83938,52.0,51.62364,58.24088,54.12024,56.61272,61.13101,61.98387,60.16644,65.76473
12.80625,12.80625,13.60147,13.60147,12.80625,12.20656,13.60147,13.0384,12.52996,12.52996,12.52996,12.52996,13.41641,13.0,13.41641,13.0,13.0,13.0,12.64911,12.64911,13.0,13.0,13.0,12.64911,13.0,13.0,13.0,12.08305,13.0,12.08305,12.52996,11.18034,11.6619,10.81665,10.81665,10.0,10.0,9.21954,8.48528,8.48528,8.48528,7.81025,7.81025,6.40312,5.83095,5.83095,5.38516,5.38516,4.12311,4.12311,4.12311,3.16228,70.17834,74.24958,68.62215,73.75636,69.2026,69.42622,71.8401,71.61006,72.00694,72.40166,72.11103,70.71068,71.19691,74.24958,65.51336,68.8767,74.68601,75.6439,73.34848,68.02941,71.16881,70.77429,72.42237,76.2168,69.89278,75.61085,71.7844,75.0,77.20104,69.26038,74.0,70.5195,69.64194,68.15424,68.02941,63.06346,58.60034,62.26556,61.40033,58.13777,54.08327,53.82379,50.80354,49.57822,48.79549,43.86342,43.86342,41.01219,35.22783,33.01515,32.20248,28.17801,26.41969,24.59675,24.35159,18.68154,19.10497,31.57531,35.90265,32.69557,38.47077,37.58989,36.89173,32.24903,38.01316,37.80212,37.20215,38.8973,39.59798,38.8973,40.36087,39.40812,38.8973,38.20995,36.76955,32.01562,40.45986,31.89044,38.94868,36.40055,32.75668,36.24914,37.58989,34.0147,41.62932,37.33631,39.84972,39.21734,40.79216,42.72002,39.11521,41.01219,36.05551,45.27693,35.0571,43.10452,46.38965,46.38965,46.69047,49.47727,47.80167,45.60702,53.22593,54.42426,49.65884,58.59181,55.00909,56.4358,58.5235,59.64059,55.21775,64.2028,65.8559,64.53681
12.80625,12.04159,12.80625,12.80625,12.80625,12.20656,12.20656,12.20656,13.0384,13.0384,13.0384,12.52996,12.52996,12.52996,12.52996,13.41641,12.08305,13.0,13.0,13.0,12.08305,13.0,13.0,13.0,13.0,13.0,12.52996,12.52996,12.08305,11.6619,11.18034,11.6619,10.81665,10.81665,10.0,10.0,9.21954,8.48528,8.48528,7.81025,7.81025,7.07107,6.40312,5.0,5.0,4.47214,4.47214,4.47214,4.12311,3.16228,2.23607,2.0,62.96825,66.0303,68.60029,66.21933,69.6563,64.44377,64.03124,70.17834,65.94695,64.53681,70.71068,66.52819,71.58911,69.42622,68.88396,68.24954,70.60453,70.60453,68.41053,70.49113,68.60029,68.26419,68.09552,70.17834,69.64194,72.40166,70.3278,71.02112,69.11584,69.97142,66.03787,70.72482,65.19202,64.63745,64.81512,64.03124,60.20797,56.72742,58.69412,59.4138,53.75872,50.9902,50.0,46.40043,47.70744,38.83298,41.88078,37.73592,33.54102,31.01612,28.79236,25.63201,27.20294,22.09072,23.02173,20.02498,16.03122,31.95309,35.34119,33.54102,36.61967,36.05551,38.27532,34.71311,37.64306,36.87818,38.20995,38.41875,35.80503,35.51056,38.01316,39.66106,34.82815,39.69887,36.40055,37.80212,35.4683,36.87818,34.4093,33.30165,32.55764,35.4683,34.65545,37.73592,35.8469,38.01316,35.8469,36.35932,38.58756,38.01316,37.57659,42.54409,46.09772,40.60788,43.73786,43.56604,42.10701,43.0,47.01064,44.0,46.04346,49.25444,43.18565,48.25971,54.57105,51.41984,53.85165,49.33559,57.56735,58.69412,56.79789,60.82763,63.50591,63.13478
13.60147,13.60147,14.31782,13.34166,14.31782,13.34166,13.15295,13.34166,13.15295,14.14214,13.15295,13.0384,13.0384,13.0384,13.0384,14.0,13.0384,14.03567,13.0384,13.0384,13.0384,14.03567,14.03567,13.0384,14.03567,13.0384,13.0384,13.0,12.0,13.0384,11.0,13.0,11.04536,11.04536,11.04536,10.19804,10.19804,9.21954,9.48683,8.544,8.544,7.61577,7.61577,6.7082,6.7082,6.40312,5.0,5.0,5.65685,4.24264,4.24264,3.60555,65.51336,70.0928,65.52099,70.21396,64.19502,64.62971,71.34424,67.1193,72.06247,67.60178,72.02777,72.00694,71.11259,69.02898,67.26812,66.18912,69.26038,66.28725,69.42622,69.857,71.56815,73.34848,68.88396,73.05477,70.61161,71.47027,69.12308,72.53275,70.0928,71.80529,70.0928,66.94027,66.94027,67.46851,68.73136,67.26812,65.49046,60.20797,59.68249,58.13777,57.03508,51.24451,50.03998,48.04165,38.32754,42.19005,36.67424,36.87818,36.68787,31.95309,31.95309,26.0,25.07987,23.70654,21.63331,17.69181,15.81139,33.95585,32.38827,35.35534,36.12478,36.22154,35.12834,39.05125,38.63936,37.10795,35.69314,36.40055,34.88553,37.36308,37.94733,35.44009,35.73514,32.89377,34.9285,35.44009,34.48188,33.83785,31.06445,33.37664,36.49658,36.0,32.14032,36.12478,33.37664,33.24154,35.69314,35.35534,37.10795,38.8973,43.32436,43.86342,39.0,39.39543,41.18252,45.65085,42.72002,45.60702,44.59821,47.50789,54.45181,49.67897,55.0,54.20332,50.60632,48.37355,55.75841,57.80138,53.53504,52.83938,54.23099,66.12866,60.16644,63.89053
12.16553,12.04159,12.16553,12.16553,12.16553,11.40175,12.64911,11.7047,11.7047,11.7047,11.7047,12.08305,12.08305,12.08305,11.6619,11.6619,11.6619,11.6619,11.6619,12.20656,11.40175,12.20656,12.20656,12.20656,12.20656,11.6619,11.40175,10.81665,11.40175,11.6619,10.29563,10.29563,10.29563,10.29563,9.84886,8.94427,8.544,8.24621,7.28011,7.28011,7.07107,6.08276,6.08276,5.0,5.0,4.0,4.0,4.12311,3.16228,3.60555,3.16228,2.82843,67.0,68.00735,68.73136,71.17584,70.5762,65.62012,68.44706,67.08204,71.38627,66.28725,76.29548,69.37579,71.06335,68.94926,69.64194,66.40783,71.51224,70.23532,68.02941,72.49828,68.47627,67.60178,68.50547,69.35416,67.53518,75.13322,68.50547,71.02112,69.97142,68.7968,68.24222,73.3553,63.06346,68.60029,66.24198,61.46544,61.7414,61.68468,54.23099,60.40695,54.40588,56.32051,51.41984,47.07441,43.56604,40.60788,42.04759,38.01316,33.06055,32.24903,30.01666,27.45906,22.84732,21.84033,21.9545,20.24846,17.0,32.24903,31.30495,37.64306,41.97618,39.29377,40.1995,40.1995,39.11521,39.01282,38.01316,42.10701,37.0,39.05125,39.05125,38.0526,44.01136,39.05125,36.22154,40.0,42.29657,36.05551,37.0,41.59327,34.23449,36.40055,36.13862,41.76123,37.57659,37.94733,38.48376,32.75668,40.81666,39.82462,38.83298,40.49691,44.20407,43.13931,42.52058,46.01087,43.93177,42.63801,50.21952,49.39636,51.31277,48.37355,59.16925,54.58938,55.03635,54.56189,54.40588,57.28001,59.22837,60.01666,56.56854,62.1289,62.80127,65.00769
13.41641,13.41641,13.0384,13.0384,13.0384,13.0384,13.0384,13.60147,13.60147,13.60147,13.45362,13.45362,13.45362,13.45362,12.72792,14.14214,13.45362,13.45362,13.45362,13.45362,13.45362,13.45362,13.45362,12.80625,13.45362,13.45362,12.04159,12.72792,12.72792,12.72792,12.04159,12.04159,11.40175,11.40175,10.81665,10.81665,10.81665,9.43398,8.06226,8.94427,8.544,7.61577,7.61577,6.32456,6.32456,6.08276,5.09902,5.09902,4.0,4.0,4.0,3.16228,70.77429,66.64083,65.36819,68.54196,66.7308,65.0,65.76473,73.24616,66.03787,69.89278,67.95587,70.21396,70.21396,67.42403,68.24954,68.62215,68.11755,68.593,66.52819,64.44377,67.94115,69.31089,67.17887,66.70832,66.70832,67.47592,70.71068,73.87828,69.02898,68.76772,72.13876,67.94115,65.79514,65.8559,66.52819,63.65532,60.82763,56.72742,57.2014,57.62812,53.53504,50.47772,46.32494,45.17743,42.19005,42.94182,40.8534,35.73514,34.20526,31.04835,32.28002,29.06888,27.45906,23.02173,20.22375,19.0263,17.72005,29.68164,31.89044,32.80244,35.35534,30.4795,36.40055,35.60899,37.73592,36.24914,35.35534,36.76955,38.48376,38.01316,35.77709,38.07887,34.0147,39.0,34.53983,34.43835,30.08322,34.48188,31.76476,36.23534,32.44996,31.62278,34.4093,35.38361,38.20995,38.28838,34.71311,37.48333,40.70626,39.11521,35.22783,38.94868,42.94182,38.91015,41.4367,42.72002,41.23106,42.75512,42.57934,48.6621,42.0119,45.70558,54.0,51.0,52.00961,53.33854,52.7731,51.1957,52.17279,58.54912,55.54278,59.22837,60.72891,62.39391
13.45362,13.45362,12.72792,13.45362,12.72792,12.80625,12.80625,12.80625,12.80625,12.20656,13.0384,13.0384,13.0384,12.52996,12.52996,12.52996,12.52996,12.52996,13.41641,12.52996,12.08305,13.41641,12.08305,12.08305,12.52996,12.52996,12.52996,11.6619,11.6619,12.52996,11.6619,10.81665,10.81665,10.63015,10.63015,9.89949,9.89949,8.48528,9.21954,8.60233,7.2111,7.2111,6.7082,6.7082,5.38516,5.38516,5.38516,5.09902,4.12311,4.0,4.0,3.16228,67.47592,66.6033,66.6033,65.29931,68.11755,68.62215,65.11528,68.68042,67.00746,70.43437,70.45566,70.49113,67.95587,67.6757,68.7968,67.97794,69.83552,66.64833,67.53518,70.26379,64.51356,69.46222,69.64194,68.68042,70.38466,67.6757,65.55151,71.47027,63.90618,71.86793,69.64194,65.55151,64.88451,63.15853,60.83584,58.59181,63.06346,59.94164,57.80138,56.4358,52.69725,49.20366,50.24938,43.41659,48.10405,39.62323,40.60788,36.61967,35.60899,31.62278,28.30194,25.55386,26.40076,22.13594,19.64688,23.34524,16.03122,31.40064,35.1141,34.78505,40.31129,36.71512,34.66987,36.05551,39.11521,36.40055,38.41875,38.20995,35.35534,38.18377,38.94868,38.20995,36.79674,37.48333,33.24154,36.12478,38.20995,33.01515,35.60899,31.40064,35.60899,37.80212,31.95309,33.54102,35.1141,36.05551,37.57659,34.9285,41.48494,35.69314,40.02499,41.76123,41.01219,43.0,44.04543,43.01163,44.10215,46.52956,49.36598,49.0306,47.80167,48.08326,50.0,55.36244,52.92447,52.80152,54.56189,57.45433,57.98276,56.93856,55.80323,61.22091,63.00794,64.03124
12.52996,12.08305,13.0,12.08305,13.0,13.0,12.64911,11.7047,11.7047,12.64911,12.64911,12.36932,12.36932,12.36932,12.36932,13.15295,12.04159,13.15295,13.0384,12.04159,12.16553,13.15295,12.16553,13.0384,12.16553,12.16553,12.16553,12.16553,12.16553,11.18034,11.40175,11.40175,10.44031,9.48683,10.44031,9.84886,8.94427,8.94427,8.06226,7.2111,7.2111,7.2111,6.40312,6.40312,5.0,5.0,5.0,4.24264,4.24264,3.60555,2.82843,2.23607,68.7968,67.80118,72.20111,68.09552,71.55418,68.47627,70.26379,71.58911,66.85058,75.13322,71.86793,70.60453,71.16881,69.92138,73.08215,75.69016,73.08215,73.00685,70.03571,71.38627,72.56032,74.54529,72.18033,67.1193,68.73136,72.56032,73.68175,69.58448,74.10803,77.31753,71.34424,75.53807,67.26812,71.58911,63.63961,63.56099,62.8172,63.78871,61.68468,61.03278,56.36488,54.08327,46.06517,49.73932,48.02083,42.72002,42.63801,38.60052,36.06938,30.0,30.4795,29.73214,23.60085,22.82542,21.09502,19.72308,15.81139,35.0571,35.0,32.24903,34.71311,40.80441,38.07887,37.64306,37.64306,37.69615,36.67424,39.66106,37.80212,43.909,40.49691,35.22783,39.39543,39.44617,34.66987,38.41875,42.43819,36.89173,36.24914,35.8469,31.90611,37.16181,34.48188,39.21734,37.65634,35.22783,38.47077,39.20459,41.10961,37.21559,40.04997,38.0526,60.13319,52.03845,49.72927,45.70558,44.01136,46.8188,44.77723,48.75449,48.33218,49.24429,53.85165,50.80354,56.40035,54.91812,54.81788,55.97321,56.56854,60.20797,55.22681,61.07373,60.60528,65.43699
12.08305,11.7047,12.08305,12.08305,12.64911,11.7047,12.36932,12.64911,12.36932,12.36932,12.36932,12.36932,12.16553,12.16553,12.16553,12.04159,12.04159,12.04159,11.04536,12.04159,12.04159,12.04159,12.04159,12.0,12.04159,12.04159,11.18034,11.18034,11.04536,11.18034,10.19804,10.19804,10.44031,10.44031,9.48683,9.48683,8.94427,8.94427,8.06226,7.2111,7.2111,6.40312,5.65685,5.65685,5.65685,5.0,5.0,4.47214,4.47214,4.47214,4.12311,3.0,58.5235,68.70953,66.4906,68.65858,67.44627,66.48308,66.70832,65.11528,68.593,68.88396,65.76473,69.72087,64.38167,63.00794,71.06335,67.18631,69.0,69.06519,67.0,70.25667,70.11419,68.06614,69.06519,68.88396,68.11755,70.34913,65.11528,67.26812,64.07027,72.83543,68.46897,65.37584,67.26812,65.0,64.12488,61.40033,62.03225,59.13544,60.13319,55.7315,55.9017,50.01,50.80354,44.94441,42.05948,44.94441,39.35734,33.12099,32.75668,30.0,28.84441,27.80288,26.1725,26.1725,21.26029,20.59126,16.49242,32.20248,30.46309,33.73426,34.36568,36.12478,33.24154,37.01351,38.01316,40.0125,41.19466,38.11824,36.87818,37.48333,38.32754,38.47077,37.10795,35.12834,38.07887,34.23449,39.81206,36.87818,35.51056,37.05401,39.0,36.01389,37.01351,39.45884,35.90265,35.22783,34.71311,39.05125,35.4683,39.05125,37.16181,28.01785,40.49691,45.65085,45.0,43.82921,45.60702,47.70744,46.75468,48.08326,50.20956,48.08326,50.32892,54.67175,54.03702,51.61395,52.83938,50.47772,55.00909,56.36488,58.13777,62.76942,60.82763,63.15853
