type,id,mac,rssi,rate,sig_mode,mcs,bandwidth,smoothing,not_sounding,aggregation,stbc,fec_coding,sgi,noise_floor,ampdu_cnt,channel,secondary_channel,local_timestamp,ant,sig_len,rx_state,len,first_word,data
CSI_DATA,50,2a:00:00:00:00:00,-44,11,1,0,1,1,1,0,0,0,1,-96,0,11,2,932600,0,44,0,384,0,"[0,0,0,0,0,0,0,0,0,0,0,0,-6,8,-6,8,-5,8,-6,8,-5,7,-6,7,-5,7,-5,7,-5,7,-4,7,-5,7,-5,7,-4,7,-4,6,-4,7,-4,7,-4,6,-4,6,-3,6,-3,6,-4,6,-3,6,-4,6,-3,6,-3,6,-4,6,0,0,-3,5,-3,6,-3,6,-4,5,-3,5,-3,5,-3,5,-3,5,-4,4,-4,4,-4,4,-4,4,-4,4,-4,4,-4,3,-4,3,-4,3,-4,2,-4,2,-4,2,-4,2,-4,2,-4,1,-4,1,-3,1,-3,1,0,0,0,0,0,0,0,0,0,0,0,0,0,0,-40,50,-41,49,-36,50,-36,48,-34,47,-35,48,-33,43,-34,46,-29,46,-32,43,-30,39,-28,42,-25,39,-24,38,-25,40,-24,39,-21,43,-21,41,-24,39,-22,37,-21,43,-21,36,-18,41,-18,40,-18,38,-19,38,-19,36,-14,35,-18,39,-17,35,-17,32,-14,35,-17,35,-18,37,-16,31,-18,35,-13,35,-16,35,-16,31,-12,30,-16,28,-16,29,-20,29,-16,29,-19,26,-18,23,-20,24,-19,21,-21,20,-22,17,-18,15,-17,14,-19,13,-17,13,-20,7,-17,9,-16,9,0,0,0,0,0,0,0,0,0,0,0,0,0,0,0,0,0,0,0,0,0,0,-11,7,-12,9,-14,9,-18,11,-23,10,-19,10,-24,13,-28,11,-34,12,-32,12,-43,11,-43,10,-51,11,-49,6,-55,6,-55,2,-62,-6,-59,-7,-63,-9,-65,-14,-63,-18,-64,-21,-64,-23,-66,-26,-66,-32,-62,-30,-62,-33,-63,-38,-62,-37,-62,-39,-56,-37,-63,-43,-60,-41,-58,-41,-61,-44,-55,-44,-55,-43,-54,-42,-54,-42,-55,-45,-57,-42,-54,-41,-57,-42,-55,-41,-56,-44,-49,-39,-52,-40,-55,-41,-52,-40,-54,-37,-55,-39,-54,-38,-54,-43,-51,-39,-55,-39,-58,-42,-55,-40,0,0]"
CSI_DATA,51,2a:00:00:00:00:00,-44,11,1,0,1,1,1,0,0,0,1,-96,0,11,2,942855,0,44,0,384,0,"[0,0,0,0,0,0,0,0,0,0,0,0,-5,-11,-5,-10,-5,-10,-4,-10,-5,-10,-5,-9,-5,-9,-5,-9,-5,-9,-5,-8,-5,-8,-5,-8,-5,-8,-5,-8,-5,-8,-5,-8,-5,-7,-5,-7,-5,-8,-5,-7,-5,-7,-5,-8,-5,-7,-5,-7,-5,-7,-5,-6,0,0,-5,-6,-4,-7,-4,-7,-5,-6,-4,-7,-4,-7,-4,-7,-4,-6,-4,-6,-4,-6,-3,-7,-3,-6,-3,-6,-2,-6,-2,-6,-2,-6,-2,-6,-2,-5,-1,-5,-1,-5,-1,-5,-1,-5,-1,-4,0,-4,0,-4,0,-4,0,0,0,0,0,0,0,0,0,0,0,0,0,0,-9,-63,-6,-59,-9,-66,-8,-58,-11,-58,-13,-59,-10,-53,-10,-59,-8,-50,-13,-51,-13,-50,-11,-52,-11,-45,-13,-44,-15,-46,-14,-46,-11,-47,-13,-45,-11,-44,-17,-43,-18,-45,-18,-38,-17,-42,-14,-40,-12,-42,-12,-39,-16,-39,-10,-42,-11,-39,-17,-41,-17,-40,-15,-36,-14,-36,-16,-36,-14,-37,-11,-36,-13,-35,-11,-34,-9,-33,-11,-35,-9,-35,-10,-34,-7,-32,-6,-31,-5,-35,-5,-31,-4,-32,-1,-28,0,-31,0,-26,2,-29,3,-25,3,-25,1,-21,3,-19,3,-21,3,-19,0,0,0,0,0,0,0,0,0,0,0,0,0,0,0,0,0,0,0,0,0,0,-2,-16,0,-16,0,-18,2,-24,3,-23,4,-27,5,-27,9,-30,9,-36,14,-32,17,-40,17,-42,25,-45,26,-42,36,-45,36,-45,40,-47,41,-38,53,-46,50,-41,56,-35,59,-37,60,-31,61,-28,63,-26,66,-29,66,-26,72,-25,66,-18,69,-19,65,-19,71,-20,66,-14,68,-14,70,-15,69,-12,67,-14,67,-15,64,-14,69,-17,68,-12,66,-16,72,-14,67,-13,67,-14,61,-13,66,-11,66,-12,66,-11,64,-9,68,-8,67,-15,66,-14,63,-14,69,-17,68,-10,66,-13,0,0]"
CSI_DATA,52,2a:00:00:00:00:00,-44,11,1,0,1,1,1,0,0,0,1,-96,0,11,2,952517,0,44,0,384,0,"[0,0,0,0,0,0,0,0,0,0,0,0,-9,-7,-8,-7,-8,-7,-8,-7,-8,-6,-8,-6,-8,-6,-8,-5,-8,-6,-8,-5,-8,-5,-8,-5,-8,-5,-7,-5,-7,-5,-8,-4,-7,-4,-8,-4,-7,-4,-7,-5,-7,-4,-7,-4,-7,-4,-7,-4,-6,-4,-7,-4,0,0,-7,-4,-6,-4,-6,-4,-7,-4,-6,-4,-6,-5,-6,-4,-5,-4,-6,-4,-6,-4,-5,-5,-5,-4,-5,-4,-4,-4,-4,-4,-4,-4,-4,-4,-4,-4,-3,-4,-3,-4,-3,-4,-2,-4,-2,-4,-2,-4,-2,-4,-1,-3,0,0,0,0,0,0,0,0,0,0,0,0,0,0,-38,-51,-36,-48,-36,-51,-35,-50,-39,-47,-38,-47,-35,-40,-32,-44,-32,-41,-35,-41,-35,-42,-33,-37,-33,-40,-31,-36,-35,-35,-37,-34,-31,-33,-33,-31,-32,-31,-34,-31,-34,-34,-35,-35,-30,-31,-29,-29,-33,-31,-28,-29,-32,-30,-30,-27,-31,-28,-34,-27,-31,-26,-31,-29,-31,-25,-28,-25,-29,-28,-27,-28,-28,-20,-24,-12,-26,-26,-24,-26,-25,-25,-23,-27,-20,-25,-19,-21,-20,-25,-18,-28,-16,-26,-14,-24,-14,-24,-11,-24,-8,-25,-8,-21,-6,-20,-6,-21,-3,-21,-5,-22,-3,-17,0,0,0,0,0,0,0,0,0,0,0,0,0,0,0,0,0,0,0,0,0,0,-6,-13,-7,-16,-8,-15,-9,-19,-9,-21,-9,-24,-6,-25,-10,-34,-7,-36,-9,-38,-7,-40,-1,-48,-2,-46,6,-54,4,-54,9,-52,16,-57,15,-59,18,-58,27,-60,30,-59,36,-65,34,-62,37,-58,40,-58,40,-60,45,-56,46,-56,48,-52,48,-51,49,-52,50,-49,52,-44,50,-46,50,-45,52,-47,52,-46,51,-47,53,-44,51,-45,56,-45,52,-44,54,-45,52,-46,53,-42,51,-41,53,-44,51,-45,56,-43,53,-42,53,-45,52,-48,51,-45,49,-42,55,-41,56,-43,50,-43,0,0]"
CSI_DATA,53,2a:00:00:00:00:00,-44,11,1,0,1,1,1,0,0,0,1,-96,0,11,2,966186,0,44,0,384,0,"[0,0,0,0,0,0,0,0,0,0,0,0,-3,-10,-4,-10,-4,-10,-4,-10,-3,-10,-3,-9,-4,-9,-3,-9,-4,-8,-4,-9,-4,-8,-4,-8,-4,-8,-4,-8,-4,-8,-4,-7,-4,-7,-4,-7,-4,-8,-4,-8,-4,-7,-4,-7,-4,-7,-4,-7,-4,-7,-4,-7,0,0,-4,-6,-4,-7,-4,-6,-4,-6,-3,-7,-3,-7,-3,-7,-3,-6,-3,-6,-3,-6,-3,-6,-2,-6,-2,-6,-2,-6,-2,-6,-2,-5,-1,-5,-1,-5,-1,-5,-1,-5,-1,-4,0,-4,0,-4,0,-4,0,-4,0,-3,0,0,0,0,0,0,0,0,0,0,0,0,0,0,-21,-63,-17,-58,-21,-61,-20,-53,-19,-51,-19,-52,-21,-54,-21,-54,-22,-49,-24,-48,-20,-46,-24,-45,-23,-48,-20,-45,-19,-43,-23,-41,-25,-42,-20,-38,-25,-40,-24,-40,-26,-35,-26,-34,-25,-37,-25,-37,-24,-35,-24,-34,-24,-32,-24,-35,-23,-34,-22,-32,-15,-12,-30,-27,-22,-31,-23,-32,-21,-29,-20,-31,-23,-32,-19,-27,-22,-30,-20,-29,-19,-26,-18,-30,-17,-29,-17,-32,-15,-29,-12,-27,-11,-29,-9,-27,-7,-24,-8,-24,-9,-23,-5,-22,-5,-22,-2,-19,-2,-21,0,-18,-3,-20,0,0,0,0,0,0,0,0,0,0,0,0,0,0,0,0,0,0,0,0,0,0,1,-13,-1,-15,0,-21,3,-23,4,-22,4,-28,1,-32,5,-30,9,-35,10,-35,15,-38,17,-41,20,-45,27,-46,31,-44,32,-45,36,-45,41,-46,44,-46,49,-44,47,-42,57,-43,54,-37,60,-40,64,-37,65,-36,65,-31,69,-30,65,-29,68,-25,64,-24,68,-23,66,-25,66,-24,69,-24,65,-27,65,-24,67,-22,66,-22,66,-24,69,-20,64,-27,64,-23,66,-26,63,-22,57,-24,62,-25,63,-28,64,-25,64,-20,64,-23,60,-25,62,-24,56,-23,66,-19,68,-26,65,-24,0,0]"
CSI_DATA,54,2a:00:00:00:00:00,-44,11,1,0,1,1,1,0,0,0,1,-97,0,11,2,982522,0,44,0,384,0,"[0,0,0,0,0,0,0,0,0,0,0,0,-8,-7,-8,-7,-8,-7,-8,-7,-7,-7,-7,-6,-8,-6,-7,-6,-7,-6,-7,-6,-7,-6,-7,-5,-7,-6,-7,-5,-7,-5,-7,-5,-7,-4,-7,-4,-7,-5,-7,-5,-7,-5,-7,-4,-7,-4,-6,-4,-6,-4,-7,-4,0,0,-7,-3,-6,-4,-6,-4,-7,-3,-6,-4,-6,-4,-6,-4,-5,-4,-6,-4,-6,-4,-6,-4,-5,-4,-4,-4,-4,-4,-4,-4,-4,-4,-4,-4,-4,-4,-4,-4,-3,-4,-3,-4,-2,-4,-2,-3,-2,-3,-2,-3,-2,-3,0,0,0,0,0,0,0,0,0,0,0,0,0,0,-45,-47,-44,-43,-44,-45,-45,-42,-43,-38,-44,-39,-39,-42,-36,-40,-38,-37,-43,-36,-42,-30,-42,-27,-44,-31,-36,-27,-38,-29,-42,-30,-37,-27,-39,-27,-37,-25,-37,-25,-42,-23,-36,-24,-41,-23,-35,-22,-38,-20,-35,-19,-34,-19,-36,-23,-34,-19,-36,-20,-38,-21,-38,-16,-33,-14,-34,-19,-33,-16,-33,-19,-30,-19,-31,-19,-31,-16,-33,-16,-31,-18,-29,-15,-24,-21,-28,-20,-24,-16,-21,-19,-22,-17,-24,-20,-20,-19,-19,-21,-18,-19,-15,-20,-14,-17,-14,-19,-11,-18,-10,-18,-6,-18,0,0,0,0,0,0,0,0,0,0,0,0,0,0,0,0,0,0,0,0,0,0,-4,-11,-6,-17,-7,-17,-8,-21,-7,-25,-8,-25,-6,-30,-10,-30,-9,-38,-9,-37,-2,-45,-3,-45,0,-48,7,-51,4,-55,10,-53,13,-61,19,-57,19,-63,25,-62,25,-59,31,-57,33,-60,39,-57,42,-57,41,-59,48,-55,45,-57,47,-52,48,-56,47,-52,52,-54,51,-51,49,-50,52,-51,49,-52,49,-48,51,-50,51,-45,51,-51,53,-52,46,-47,50,-48,48,-47,49,-49,48,-51,47,-53,49,-48,46,-48,46,-46,47,-44,48,-46,49,-49,45,-52,47,-47,48,-51,47,-48,0,0]"
CSI_DATA,55,2a:00:00:00:00:00,-44,11,1,0,1,1,1,0,0,0,1,-97,0,11,2,1012596,0,44,0,384,0,"[0,0,0,0,0,0,0,0,0,0,0,0,-11,3,-10,3,-10,3,-10,2,-10,2,-10,3,-10,3,-9,3,-9,3,-8,3,-9,3,-8,3,-8,3,-8,3,-7,3,-8,3,-8,3,-7,3,-7,4,-7,3,-7,3,-7,3,-7,3,-6,4,-6,4,-7,3,0,0,-6,3,-6,3,-6,3,-7,3,-6,3,-6,3,-6,3,-6,3,-6,2,-6,2,-6,2,-6,2,-6,2,-5,2,-5,1,-5,1,-5,1,-5,0,-5,0,-5,0,-5,0,-4,0,-4,0,-4,0,-4,-1,-3,-1,0,0,0,0,0,0,0,0,0,0,0,0,0,0,-63,7,-62,6,-57,6,-56,5,-60,6,-59,1,-55,5,-57,7,-48,9,-50,5,-55,3,-46,5,-47,3,-46,8,-45,8,-48,10,-45,8,-42,11,-43,9,-40,12,-46,12,-45,10,-42,12,-41,10,-39,13,-41,11,-39,8,-39,13,-37,14,-36,10,-37,15,-40,9,-34,12,-32,11,-34,11,-34,10,-38,12,-36,12,-31,7,-33,6,-30,5,-32,3,-34,6,-31,6,-33,4,-29,1,-27,4,-31,-1,-27,-1,-25,-4,-23,-5,-21,-6,-23,-6,-18,-6,-19,-6,-16,-6,-14,-8,0,0,0,0,0,0,0,0,0,0,0,0,0,0,0,0,0,0,0,0,0,0,-13,-3,-17,-4,-20,-3,-22,-3,-20,-4,-23,-6,-26,-10,-29,-11,-31,-14,-34,-17,-34,-20,-37,-25,-39,-25,-40,-33,-42,-37,-38,-38,-37,-45,-36,-43,-37,-52,-34,-56,-33,-56,-31,-60,-26,-61,-27,-64,-23,-63,-25,-67,-22,-69,-16,-69,-17,-68,-15,-72,-14,-67,-13,-69,-9,-67,-12,-68,-8,-70,-9,-67,-8,-70,-9,-65,-9,-68,-11,-68,-6,-68,-12,-66,-8,-67,-13,-68,-8,-64,-4,-69,-7,-67,-5,-65,-6,-65,-6,-66,-9,-62,-8,-65,-8,-69,-10,-63,-13,-66,-8,-65,-9,-66,0,0]"
CSI_DATA,56,2a:00:00:00:00:00,-44,11,1,0,1,1,1,0,0,0,1,-97,0,11,2,1023259,0,44,0,384,0,"[0,0,0,0,0,0,0,0,0,0,0,0,-7,-10,-6,-9,-6,-9,-6,-9,-6,-9,-6,-9,-6,-8,-6,-8,-6,-8,-6,-8,-6,-8,-6,-7,-6,-7,-6,-8,-6,-7,-6,-7,-7,-6,-7,-7,-6,-6,-6,-7,-6,-7,-6,-7,-6,-6,-6,-6,-6,-6,-6,-6,0,0,-6,-6,-6,-6,-5,-6,-6,-5,-5,-5,-5,-6,-5,-6,-5,-6,-5,-5,-5,-6,-5,-5,-4,-5,-4,-5,-3,-5,-4,-5,-3,-5,-3,-5,-3,-5,-3,-5,-2,-5,-2,-5,-1,-4,-1,-4,-1,-4,-1,-4,-1,-3,0,0,0,0,0,0,0,0,0,0,0,0,0,0,-29,-55,-31,-53,-24,-55,-30,-52,-30,-52,-29,-47,-28,-47,-26,-49,-29,-46,-28,-43,-28,-39,-27,-43,-29,-38,-23,-40,-26,-40,-28,-40,-25,-39,-24,-36,-24,-39,-27,-33,-31,-35,-30,-35,-28,-33,-28,-31,-28,-33,-28,-32,-28,-31,-29,-30,-27,-29,-25,-30,-26,-28,-27,-28,-25,-28,-25,-28,-24,-24,-20,-30,-22,-26,-22,-27,-23,-27,-23,-30,-23,-29,-20,-29,-22,-26,-17,-26,-14,-28,-15,-27,-16,-25,-12,-25,-11,-26,-10,-25,-10,-23,-9,-23,-5,-19,-4,-19,-1,-20,-2,-19,-5,-17,0,0,0,0,0,0,0,0,0,0,0,0,0,0,0,0,0,0,0,0,0,0,-3,-13,-1,-16,-7,-17,-2,-23,-5,-20,-2,-26,-6,-28,-1,-30,0,-35,3,-40,2,-41,5,-45,7,-45,14,-47,15,-51,21,-53,22,-55,29,-52,30,-56,33,-52,40,-51,38,-53,46,-50,47,-49,49,-46,55,-49,54,-43,56,-43,54,-44,59,-41,56,-41,57,-40,60,-37,58,-37,61,-37,59,-34,60,-40,60,-35,54,-33,61,-32,60,-34,57,-38,61,-35,57,-35,59,-35,60,-33,57,-36,54,-37,57,-35,59,-34,57,-31,54,-34,57,-31,56,-36,58,-35,58,-32,55,-29,0,0]"
CSI_DATA,57,2a:00:00:00:00:00,-44,11,1,0,1,1,1,0,0,0,1,-97,0,11,2,1032462,0,44,0,384,0,"[0,0,0,0,0,0,0,0,0,0,0,0,5,-9,5,-9,5,-9,4,-9,4,-9,4,-8,4,-8,4,-8,4,-8,3,-8,3,-8,3,-8,3,-8,3,-8,3,-8,3,-8,3,-8,2,-7,2,-8,2,-8,2,-8,2,-7,2,-7,2,-7,2,-7,2,-7,0,0,1,-7,2,-7,1,-7,2,-6,2,-7,1,-7,2,-7,2,-6,2,-6,2,-6,2,-5,2,-6,2,-5,2,-5,2,-5,2,-5,2,-5,2,-4,2,-4,2,-3,2,-3,2,-3,2,-3,2,-3,2,-2,2,-2,0,0,0,0,0,0,0,0,0,0,0,0,0,0,49,-46,51,-43,45,-39,46,-37,44,-36,41,-37,44,-35,42,-35,41,-37,37,-35,36,-33,34,-35,36,-33,32,-35,30,-33,32,-34,34,-35,29,-36,30,-36,28,-34,28,-39,29,-34,26,-38,24,-38,27,-33,26,-33,25,-31,27,-33,24,-33,22,-29,23,-30,22,-30,21,-32,23,-30,21,-29,21,-31,23,-32,22,-35,19,-31,21,-27,22,-26,22,-24,25,-25,24,-22,24,-21,23,-19,24,-17,23,-13,24,-16,18,-13,21,-15,21,-10,19,-11,21,-6,17,-4,20,-6,15,-4,0,0,0,0,0,0,0,0,0,0,0,0,0,0,0,0,0,0,0,0,0,0,12,-6,13,-6,15,-7,18,-11,22,-8,22,-9,27,-6,30,-10,37,-7,36,-8,39,-1,44,0,50,-3,55,6,51,6,52,12,58,12,60,16,57,19,60,26,60,30,61,33,56,34,60,37,58,42,58,42,53,48,56,46,56,50,51,50,51,45,50,51,47,52,50,51,50,53,46,54,47,52,42,51,45,50,50,52,44,52,44,47,43,51,47,52,41,51,44,51,42,50,44,50,49,52,43,48,45,50,44,51,45,52,44,46,45,53,41,52,46,48,0,0]"
CSI_DATA,58,2a:00:00:00:00:00,-44,11,1,0,1,1,1,0,0,0,1,-97,0,11,2,1043337,0,44,0,384,0,"[0,0,0,0,0,0,0,0,0,0,0,0,-11,0,-11,1,-10,1,-10,1,-10,1,-10,1,-10,1,-10,1,-10,1,-9,1,-9,1,-9,1,-8,1,-8,1,-8,1,-9,2,-8,1,-8,1,-8,2,-8,1,-8,1,-7,1,-8,1,-7,2,-7,1,-8,1,0,0,-7,1,-7,1,-7,1,-7,1,-7,1,-7,1,-6,1,-7,1,-7,0,-7,0,-6,0,-6,0,-6,0,-6,0,-6,-1,-6,-1,-5,0,-5,-1,-5,-1,-5,-2,-4,-2,-4,-1,-4,-2,-4,-2,-3,-2,-3,-2,0,0,0,0,0,0,0,0,0,0,0,0,0,0,-64,-6,-61,-7,-63,0,-61,-5,-55,-5,-63,-4,-53,-3,-55,-6,-49,-1,-52,-2,-55,-3,-54,-5,-50,-2,-44,0,-49,0,-50,0,-45,2,-45,5,-48,5,-44,0,-51,3,-46,4,-45,6,-38,5,-43,6,-40,4,-39,3,-38,6,-42,5,-41,4,-39,4,-41,1,-36,2,-40,3,-36,2,-36,5,-36,3,-37,7,-34,3,-39,0,-35,-5,-33,-5,-33,1,-31,-1,-30,-1,-31,-4,-30,-7,-26,-5,-27,-9,-27,-8,-20,-8,-18,-10,-19,-9,-19,-8,-17,-8,-17,-12,-14,-10,0,0,0,0,0,0,0,0,0,0,0,0,0,0,0,0,0,0,0,0,0,0,-13,-7,-19,-4,-18,-4,-22,-6,-20,-6,-24,-10,-27,-14,-30,-14,-33,-17,-34,-21,-38,-24,-34,-28,-39,-31,-37,-36,-39,-43,-33,-43,-34,-50,-30,-51,-36,-58,-32,-58,-29,-59,-24,-66,-24,-66,-19,-65,-17,-71,-14,-71,-11,-72,-10,-72,-7,-69,-7,-75,-4,-66,-3,-75,-1,-70,-4,-72,-1,-74,3,-71,1,-67,2,-72,2,-70,1,-68,0,-70,0,-66,4,-74,0,-66,0,-71,-2,-68,1,-70,2,-66,-2,-68,0,-65,2,-68,4,-74,1,-73,2,-66,1,-70,2,-69,2,-63,0,0]"
CSI_DATA,59,2a:00:00:00:00:00,-44,11,1,0,1,1,1,0,0,0,1,-97,0,11,2,1053123,0,44,0,384,0,"[0,0,0,0,0,0,0,0,0,0,0,0,8,5,8,5,8,5,7,5,7,5,7,4,7,4,7,4,7,4,7,4,7,3,7,3,7,3,7,3,6,3,7,3,7,2,7,2,6,3,6,3,6,3,6,2,6,2,6,2,6,2,6,2,0,0,6,2,5,2,5,2,6,2,5,2,5,2,5,2,5,2,5,2,5,2,5,2,4,2,4,2,4,2,4,2,4,2,3,3,3,2,3,2,3,2,2,3,2,2,1,2,1,2,1,2,1,2,0,0,0,0,0,0,0,0,0,0,0,0,0,0,47,39,51,43,47,37,48,37,48,32,44,31,46,31,44,35,43,30,41,30,42,26,45,26,41,24,37,26,40,24,43,21,41,24,39,23,42,18,40,21,40,18,41,17,35,17,37,15,33,14,37,14,39,16,38,12,33,14,36,12,38,15,37,11,36,11,35,11,34,13,35,13,32,12,33,13,32,13,32,17,32,16,30,17,28,15,26,11,22,15,22,15,24,16,24,14,20,19,19,16,17,17,17,18,13,17,12,15,11,14,9,14,6,14,0,0,0,0,0,0,0,0,0,0,0,0,0,0,0,0,0,0,0,0,0,0,4,12,8,13,11,14,8,19,9,22,11,23,12,26,11,28,11,35,13,37,10,39,9,43,6,48,4,53,-1,55,-2,57,-5,58,-10,62,-11,62,-15,64,-15,64,-21,66,-28,67,-27,63,-32,61,-34,63,-36,64,-38,61,-38,59,-39,59,-43,60,-40,57,-41,55,-42,55,-41,57,-45,58,-46,55,-43,58,-41,52,-43,54,-46,52,-42,54,-40,53,-43,53,-41,54,-36,54,-39,55,-41,55,-39,58,-40,52,-37,51,-37,56,-40,54,-38,57,-43,55,-39,52,-43,52,0,0]"
CSI_DATA,60,2a:00:00:00:00:00,-44,11,1,0,1,1,1,0,0,0,1,-97,0,11,2,1062504,0,44,0,384,0,"[0,0,0,0,0,0,0,0,0,0,0,0,0,-11,0,-11,0,-11,0,-11,-1,-10,0,-9,0,-10,0,-9,0,-9,-1,-9,-1,-9,-1,-9,-1,-9,-1,-9,-1,-9,-1,-8,-1,-8,-1,-8,-2,-8,-1,-8,-2,-8,-2,-8,-1,-8,-2,-8,-2,-8,-1,-7,0,0,-2,-7,-1,-8,-2,-7,-1,-7,-1,-7,-1,-7,-1,-7,-1,-7,-1,-6,-1,-6,-1,-6,0,-6,0,-6,0,-6,0,-5,0,-5,1,-6,0,-5,0,-5,1,-4,1,-4,1,-4,1,-4,1,-4,1,-3,1,-3,0,0,0,0,0,0,0,0,0,0,0,0,0,0,4,-64,5,-61,7,-63,7,-58,3,-59,2,-58,1,-56,0,-55,2,-50,-1,-53,4,-48,-2,-48,0,-51,2,-49,-4,-50,-7,-47,-1,-50,-5,-49,-2,-47,-7,-45,-4,-46,-4,-43,-7,-46,-5,-44,-4,-42,-7,-46,-6,-38,-5,-45,-6,-41,-7,-43,-7,-35,-7,-40,-6,-39,-7,-36,-4,-35,-3,-38,-3,-35,-5,-37,-3,-38,-6,-34,-1,-33,-1,-35,-2,-35,1,-31,2,-32,-2,-29,3,-29,4,-28,5,-26,4,-24,6,-22,7,-21,7,-24,9,-19,9,-20,6,-17,9,-16,0,0,0,0,0,0,0,0,0,0,0,0,0,0,0,0,0,0,0,0,0,0,2,-16,5,-17,7,-21,8,-20,10,-22,12,-23,13,-24,14,-29,20,-30,24,-30,26,-31,31,-33,31,-34,40,-35,45,-36,45,-30,52,-32,52,-27,59,-31,60,-24,65,-20,66,-19,65,-16,67,-17,73,-9,72,-10,70,-6,72,-4,71,-4,73,-3,67,-2,72,0,68,3,71,4,73,7,69,5,69,3,65,3,69,3,72,8,71,6,69,4,68,6,68,2,66,4,65,-1,67,3,67,3,69,3,69,8,69,2,65,4,66,1,63,0,69,2,69,4,68,6,0,0]"
CSI_DATA,61,2a:00:00:00:00:00,-44,11,1,0,1,1,1,0,0,0,1,-97,0,11,2,1072653,0,44,0,384,0,"[0,0,0,0,0,0,0,0,0,0,0,0,-9,7,-8,6,-8,7,-8,6,-8,6,-8,6,-8,6,-7,6,-7,6,-7,6,-7,6,-7,6,-6,6,-6,6,-6,6,-6,6,-6,6,-6,6,-5,6,-5,6,-5,5,-5,5,-6,5,-5,6,-5,5,-5,5,0,0,-5,5,-5,5,-4,5,-5,5,-5,5,-5,5,-5,5,-5,4,-5,4,-5,4,-5,4,-5,4,-4,3,-4,3,-5,3,-5,2,-5,3,-5,2,-4,2,-4,1,-4,1,-4,1,-4,1,-4,1,-4,0,-3,0,0,0,0,0,0,0,0,0,0,0,0,0,0,0,-53,31,-55,29,-56,30,-50,24,-51,27,-52,26,-49,30,-44,22,-48,31,-45,24,-43,25,-44,23,-42,27,-43,28,-42,27,-36,23,-39,25,-36,25,-34,25,-36,29,-36,28,-39,23,-33,25,-33,27,-33,27,-30,28,-33,24,-31,29,-29,26,-28,22,-28,22,-31,24,-26,25,-28,25,-30,18,-28,20,-28,24,-29,21,-27,22,-24,17,-30,21,-28,18,-33,18,-30,17,-24,15,-24,10,-27,12,-25,11,-23,6,-25,7,-24,5,-21,4,-19,5,-21,4,-20,1,-15,-1,-17,0,0,0,0,0,0,0,0,0,0,0,0,0,0,0,0,0,0,0,0,0,0,0,-15,3,-15,4,-17,6,-19,5,-23,4,-24,2,-28,1,-31,3,-32,-1,-42,-2,-40,-1,-45,-5,-45,-11,-49,-12,-52,-16,-51,-21,-53,-22,-55,-28,-56,-33,-54,-33,-50,-41,-52,-38,-51,-49,-49,-48,-49,-50,-48,-53,-45,-55,-44,-53,-44,-59,-44,-56,-39,-59,-39,-60,-41,-59,-39,-60,-39,-61,-35,-60,-35,-62,-30,-59,-34,-59,-34,-59,-34,-56,-34,-60,-35,-57,-35,-59,-28,-59,-40,-55,-34,-56,-32,-57,-35,-57,-36,-61,-32,-59,-34,-58,-32,-54,-34,-59,-36,-59,-35,-56,-35,-56,0,0]"
CSI_DATA,62,2a:00:00:00:00:00,-44,11,1,0,1,1,1,0,0,0,1,-97,0,11,2,1082487,0,44,0,384,0,"[0,0,0,0,0,0,0,0,0,0,0,0,6,-9,6,-8,6,-9,5,-8,5,-8,5,-8,5,-8,5,-8,5,-8,4,-8,4,-8,4,-7,4,-8,4,-8,3,-8,4,-8,3,-8,3,-7,3,-8,3,-8,3,-7,3,-7,3,-7,3,-7,3,-7,3,-7,0,0,3,-7,2,-7,2,-7,3,-6,2,-7,2,-6,3,-6,2,-6,3,-5,3,-5,3,-5,3,-6,3,-5,3,-5,3,-4,3,-4,3,-4,3,-4,3,-3,3,-3,3,-3,3,-3,2,-3,3,-2,2,-2,2,-2,0,0,0,0,0,0,0,0,0,0,0,0,0,0,44,-48,43,-47,44,-46,38,-43,44,-42,41,-42,40,-40,37,-42,36,-40,39,-37,31,-39,31,-37,32,-37,31,-35,31,-35,29,-38,30,-37,28,-38,29,-39,27,-33,28,-37,26,-35,26,-37,23,-36,26,-36,23,-38,23,-34,24,-34,21,-34,20,-33,22,-32,26,-33,21,-30,21,-31,20,-31,24,-30,21,-30,22,-33,21,-32,21,-28,19,-26,21,-24,24,-25,22,-23,24,-24,21,-19,22,-19,21,-17,24,-14,21,-14,20,-14,19,-12,22,-11,19,-9,18,-10,18,-7,17,-3,0,0,0,0,0,0,0,0,0,0,0,0,0,0,0,0,0,0,0,0,0,0,9,-7,12,-11,13,-14,16,-10,19,-12,22,-13,24,-17,25,-18,29,-17,34,-14,39,-15,45,-12,48,-9,51,-10,54,-9,54,-1,62,3,60,6,66,8,67,14,66,9,68,17,66,23,66,25,62,27,67,31,62,36,65,37,58,37,63,40,56,38,61,41,60,40,62,43,59,45,53,44,51,43,53,45,53,46,55,43,58,45,50,41,55,50,53,46,53,44,56,42,54,41,50,39,53,42,48,41,46,47,47,45,52,46,48,41,49,43,52,43,52,44,0,0]"
CSI_DATA,63,2a:00:00:00:00:00,-44,11,1,0,1,1,1,0,0,0,1,-96,0,11,2,1112585,0,44,0,384,0,"[0,0,0,0,0,0,0,0,0,0,0,0,-8,-8,-8,-8,-8,-8,-7,-8,-7,-8,-7,-7,-8,-7,-8,-7,-7,-7,-7,-6,-7,-6,-7,-6,-7,-6,-7,-6,-7,-6,-7,-5,-7,-5,-7,-5,-7,-5,-7,-5,-6,-5,-7,-5,-6,-5,-6,-5,-6,-5,-7,-4,0,0,-6,-4,-6,-5,-6,-4,-6,-4,-6,-4,-6,-4,-5,-5,-5,-4,-6,-4,-5,-4,-5,-4,-5,-4,-4,-4,-4,-5,-4,-5,-4,-4,-4,-4,-3,-4,-3,-4,-3,-4,-2,-4,-2,-4,-2,-4,-2,-4,-2,-4,-1,-3,0,0,0,0,0,0,0,0,0,0,0,0,0,0,-40,-49,-38,-48,-38,-46,-39,-44,-39,-48,-38,-41,-37,-43,-37,-40,-33,-41,-40,-40,-36,-37,-38,-38,-37,-35,-31,-36,-34,-31,-38,-33,-33,-33,-33,-29,-33,-34,-35,-29,-37,-30,-34,-30,-34,-29,-35,-28,-32,-25,-32,-29,-35,-26,-30,-24,-30,-27,-33,-24,-34,-22,-33,-22,-31,-23,-27,-24,-33,-24,-26,-21,-26,-22,-29,-20,-26,-22,-27,-22,-26,-24,-27,-24,-21,-22,-25,-21,-18,-26,-20,-25,-19,-30,-16,-22,-15,-23,-14,-21,-15,-22,-11,-24,-7,-22,-7,-18,-6,-21,-5,-20,-5,-18,0,0,0,0,0,0,0,0,0,0,0,0,0,0,0,0,0,0,0,0,0,0,-7,-13,-7,-14,-9,-18,-11,-19,-9,-22,-10,-25,-9,-29,-7,-31,-5,-34,-7,-37,-4,-44,-3,-46,-2,-50,1,-52,4,-54,10,-56,17,-60,16,-60,19,-60,27,-60,26,-60,34,-61,32,-60,39,-60,38,-60,43,-59,42,-56,48,-57,48,-55,47,-52,50,-53,50,-51,53,-49,52,-51,52,-51,52,-46,50,-50,52,-49,50,-47,53,-46,54,-44,51,-49,50,-45,52,-44,50,-41,47,-48,48,-48,50,-45,50,-47,54,-45,50,-43,47,-48,54,-48,50,-45,51,-45,51,-46,52,-42,0,0]"
CSI_DATA,64,2a:00:00:00:00:00,-44,11,1,0,1,1,1,0,0,0,1,-96,0,11,2,1123104,0,44,0,384,0,"[0,0,0,0,0,0,0,0,0,0,0,0,1,9,1,9,1,9,1,9,1,9,1,8,1,8,1,8,1,8,1,8,1,8,1,8,1,7,2,7,2,7,2,7,2,6,2,7,1,7,2,7,2,7,2,6,1,6,2,6,2,6,1,6,0,0,2,6,2,6,2,6,2,5,1,6,1,6,1,5,1,5,1,5,1,5,1,5,0,5,0,5,0,5,0,5,0,4,-1,4,-1,4,-1,4,-1,4,-1,3,-1,3,-2,3,-2,3,-2,2,-2,2,0,0,0,0,0,0,0,0,0,0,0,0,0,0,15,60,14,56,15,61,14,57,14,56,12,55,11,52,11,58,10,45,16,47,13,48,15,49,11,49,10,42,14,42,20,42,17,45,17,42,19,41,17,40,15,42,17,36,21,41,15,37,17,39,14,42,16,32,13,36,20,36,20,33,19,33,20,38,15,33,17,36,16,31,13,36,13,32,15,33,12,34,11,33,9,28,13,30,8,29,7,29,6,34,6,28,5,30,3,25,1,28,2,25,0,21,-2,23,-3,23,-3,17,-3,17,-4,16,-4,15,0,0,0,0,0,0,0,0,0,0,0,0,0,0,0,0,0,0,0,0,0,0,-1,16,3,13,-3,17,1,22,-1,21,-4,26,-5,28,-6,32,-8,36,-9,37,-13,36,-17,41,-22,47,-23,46,-29,49,-32,44,-39,48,-38,44,-47,48,-52,43,-54,44,-61,40,-54,39,-59,36,-61,32,-65,35,-66,34,-70,29,-61,26,-72,25,-61,25,-70,26,-68,19,-66,21,-69,20,-70,17,-62,18,-66,22,-66,22,-69,18,-70,20,-61,19,-68,18,-68,17,-70,20,-63,23,-67,17,-63,17,-67,17,-65,14,-63,16,-64,20,-68,18,-59,15,-68,17,-67,20,-66,19,0,0]"
CSI_DATA,65,2a:00:00:00:00:00,-44,11,1,0,1,1,1,0,0,0,1,-96,0,11,2,1133001,0,44,0,384,0,"[0,0,0,0,0,0,0,0,0,0,0,0,-11,-3,-11,-2,-10,-2,-10,-2,-10,-3,-10,-2,-10,-2,-10,-2,-10,-2,-9,-2,-9,-2,-9,-1,-9,-1,-9,-1,-8,-1,-9,-1,-9,-1,-9,-1,-8,-1,-8,-1,-8,-1,-8,-1,-8,-1,-8,-1,-7,-1,-8,-1,0,0,-8,-1,-7,-1,-7,-1,-7,-1,-7,-1,-7,-1,-7,-1,-7,-1,-7,-2,-7,-2,-6,-2,-6,-2,-6,-2,-6,-2,-6,-2,-5,-2,-5,-2,-5,-2,-5,-2,-5,-3,-4,-3,-4,-3,-4,-3,-3,-3,-3,-3,-3,-3,0,0,0,0,0,0,0,0,0,0,0,0,0,0,-54,-22,-60,-24,-59,-23,-57,-22,-55,-23,-54,-23,-49,-20,-52,-20,-48,-18,-51,-20,-51,-19,-48,-18,-50,-17,-45,-14,-50,-17,-46,-13,-46,-13,-45,-12,-46,-9,-45,-12,-49,-11,-46,-11,-43,-7,-42,-10,-39,-7,-38,-10,-40,-11,-38,-4,-39,-5,-41,-8,-38,-8,-41,-9,-36,-7,-35,-8,-38,-9,-37,-5,-35,-9,-33,-9,-32,-5,-33,-8,-31,-13,-31,-13,-30,-12,-30,-10,-27,-12,-27,-13,-27,-17,-23,-13,-20,-12,-20,-14,-21,-16,-19,-17,-16,-12,-14,-15,-17,-17,-11,-14,-11,-15,0,0,0,0,0,0,0,0,0,0,0,0,0,0,0,0,0,0,0,0,0,0,-13,-5,-15,-10,-16,-10,-19,-13,-21,-13,-20,-17,-24,-19,-24,-22,-28,-25,-27,-25,-28,-33,-28,-36,-30,-40,-27,-48,-28,-50,-22,-50,-21,-57,-16,-58,-21,-62,-12,-62,-9,-68,-6,-74,-5,-70,-5,-71,6,-72,1,-73,8,-70,9,-76,9,-68,12,-72,14,-71,15,-74,17,-67,17,-68,16,-71,19,-70,17,-65,18,-68,18,-67,17,-68,20,-67,22,-68,20,-66,21,-63,18,-64,18,-69,19,-69,18,-64,20,-66,19,-63,21,-63,22,-67,19,-64,20,-63,22,-66,18,-68,21,-61,0,0]"
CSI_DATA,66,2a:00:00:00:00:00,-44,11,1,0,1,1,1,0,0,0,1,-97,0,11,2,1143106,0,44,0,384,0,"[0,0,0,0,0,0,0,0,0,0,0,0,0,10,0,9,0,10,0,9,0,9,0,8,0,8,0,8,0,7,0,8,1,8,1,7,1,7,1,7,1,7,1,7,1,7,1,7,1,7,1,7,1,7,1,7,1,6,1,6,1,6,1,6,0,0,1,6,1,6,1,6,1,5,1,6,1,6,0,6,0,6,0,5,0,5,0,5,0,5,0,5,-1,5,-1,4,-1,4,-1,5,-1,4,-1,4,-2,3,-2,3,-2,3,-2,3,-2,3,-2,2,-2,2,0,0,0,0,0,0,0,0,0,0,0,0,0,0,-9,63,-7,59,-10,63,-8,55,-6,61,-5,56,-5,57,-9,56,-8,54,0,53,-5,49,-1,46,-3,49,0,50,0,46,3,46,0,48,3,47,3,46,4,43,2,44,4,40,2,43,-1,44,-1,41,-1,40,3,37,4,43,2,38,5,38,5,38,6,39,2,36,6,37,3,35,-2,36,0,34,1,35,1,34,0,35,5,32,1,31,-3,32,-2,29,-4,29,-2,27,-5,26,-6,28,-6,25,-7,26,-7,21,-9,19,-9,23,-8,18,-9,14,-12,16,-10,16,0,0,0,0,0,0,0,0,0,0,0,0,0,0,0,0,0,0,0,0,0,0,-6,12,-7,14,-7,18,-9,21,-10,19,-11,23,-14,21,-15,29,-21,30,-23,29,-26,33,-31,33,-33,34,-40,36,-42,35,-50,28,-54,30,-54,29,-58,27,-65,22,-64,21,-73,16,-64,18,-68,14,-72,11,-70,10,-73,11,-73,1,-69,4,-72,0,-72,1,-74,-3,-70,-6,-71,-7,-73,-6,-71,-6,-70,-7,-69,-5,-71,-7,-75,-7,-71,-4,-69,-6,-67,-6,-71,-8,-70,-3,-67,-4,-68,-4,-67,-5,-68,-7,-67,-8,-68,-8,-69,-1,-70,-4,-63,-9,-70,-8,-72,-9,-69,-10,0,0]"
CSI_DATA,67,2a:00:00:00:00:00,-44,11,1,0,1,1,1,0,0,0,1,-97,0,11,2,1152673,0,44,0,384,0,"[0,0,0,0,0,0,0,0,0,0,0,0,-10,4,-10,4,-10,4,-10,4,-9,4,-9,4,-9,4,-9,4,-9,4,-8,4,-8,4,-8,4,-8,4,-8,4,-7,4,-8,4,-7,4,-7,4,-7,4,-7,4,-7,4,-6,4,-7,4,-6,4,-6,3,-7,3,0,0,-6,3,-6,4,-6,3,-6,3,-6,3,-6,3,-6,3,-5,3,-6,2,-6,2,-6,2,-6,2,-5,2,-5,2,-5,1,-5,1,-5,1,-5,0,-5,0,-5,0,-4,0,-4,0,-4,0,-4,-1,-4,-1,-4,-1,0,0,0,0,0,0,0,0,0,0,0,0,0,0,-55,29,-57,30,-54,27,-52,24,-52,24,-51,23,-47,25,-47,24,-46,25,-44,24,-48,21,-46,23,-45,23,-40,26,-38,23,-41,24,-38,25,-37,26,-34,24,-39,24,-35,21,-36,24,-33,23,-34,24,-33,22,-33,22,-32,20,-32,28,-33,23,-34,23,-35,19,-32,20,-29,22,-26,21,-30,17,-30,18,-31,20,-28,19,-30,18,-29,15,-30,15,-28,15,-29,14,-26,13,-26,10,-29,10,-23,8,-30,9,-26,5,-23,3,-23,3,-23,4,-23,4,-21,1,-19,-2,-19,-1,-18,-5,0,0,0,0,0,0,0,0,0,0,0,0,0,0,0,0,0,0,0,0,0,0,-14,5,-14,5,-18,6,-21,6,-23,7,-23,5,-28,6,-30,5,-34,4,-37,3,-41,0,-44,-1,-47,-5,-52,-7,-51,-13,-52,-17,-52,-22,-57,-23,-55,-23,-54,-32,-52,-35,-58,-42,-55,-41,-54,-44,-51,-47,-50,-50,-48,-52,-43,-51,-47,-55,-41,-54,-42,-55,-42,-55,-38,-56,-39,-56,-42,-58,-36,-61,-41,-60,-35,-58,-38,-57,-38,-57,-35,-57,-33,-58,-33,-57,-37,-58,-33,-55,-29,-55,-31,-59,-33,-58,-32,-58,-34,-59,-33,-55,-35,-59,-34,-57,-30,-57,-37,-56,-32,-58,-33,-61,0,0]"
CSI_DATA,68,2a:00:00:00:00:00,-44,11,1,0,1,1,1,0,0,0,1,-97,0,11,2,1162845,0,44,0,384,0,"[0,0,0,0,0,0,0,0,0,0,0,0,10,-1,10,-1,9,-1,9,-1,9,-1,9,-1,9,-1,9,-1,8,-1,8,-1,8,-1,8,-2,8,-2,7,-2,7,-2,8,-2,7,-2,7,-2,7,-2,6,-2,7,-2,7,-2,7,-2,6,-2,6,-2,6,-2,0,0,6,-2,6,-2,6,-2,6,-2,5,-2,6,-2,6,-2,5,-1,6,-1,6,-1,5,-1,5,-1,5,-1,4,0,5,0,5,0,4,0,4,0,3,1,3,1,3,1,3,0,3,1,3,1,2,1,2,1,0,0,0,0,0,0,0,0,0,0,0,0,0,0,62,10,59,3,63,-1,59,8,63,3,57,6,56,-1,53,4,49,1,52,1,51,3,48,0,50,-1,46,-2,46,3,45,-3,45,-5,45,-3,45,-4,43,-5,46,-5,40,-6,43,-7,41,-7,43,-11,39,-7,42,-8,39,-6,36,-6,38,-5,38,-5,39,-4,32,-11,35,-10,37,-6,36,-6,35,-7,34,-3,33,-6,34,-4,37,-3,33,1,30,-1,31,-2,32,0,28,2,29,2,28,0,26,5,26,6,24,7,23,7,21,7,19,5,17,7,14,8,13,12,0,0,0,0,0,0,0,0,0,0,0,0,0,0,0,0,0,0,0,0,0,0,14,2,13,4,15,6,20,4,21,9,23,8,26,11,27,15,32,18,31,19,31,23,36,29,34,31,38,38,35,42,32,44,32,48,30,52,29,56,27,61,27,60,22,65,17,63,19,70,12,71,14,72,6,73,7,71,7,70,7,73,4,70,2,71,1,70,1,70,3,71,0,71,-4,68,-3,67,-4,71,-3,69,-2,70,-1,68,-2,72,-1,71,-2,71,-6,67,0,68,-1,67,1,70,-1,65,-4,69,-3,68,-3,66,0,67,-4,67,-3,70,-2,72,0,0]"
CSI_DATA,69,2a:00:00:00:00:00,-44,11,1,0,1,1,1,0,0,0,1,-97,0,11,2,1172516,0,44,0,384,0,"[0,0,0,0,0,0,0,0,0,0,0,0,6,-8,6,-8,6,-8,6,-8,5,-8,5,-8,5,-7,5,-7,5,-7,4,-7,5,-7,4,-7,4,-7,4,-7,4,-7,4,-7,4,-7,4,-6,3,-7,3,-7,3,-7,3,-7,3,-6,3,-7,3,-6,3,-6,0,0,3,-6,3,-6,3,-6,3,-6,3,-6,3,-6,3,-6,3,-5,3,-5,3,-5,3,-5,3,-5,3,-4,3,-4,3,-4,3,-3,3,-4,3,-3,3,-3,3,-2,3,-3,3,-2,3,-2,2,-2,2,-2,2,-1,0,0,0,0,0,0,0,0,0,0,0,0,0,0,43,-50,42,-48,40,-50,40,-43,40,-44,41,-40,36,-44,37,-45,35,-42,37,-41,36,-36,33,-38,33,-37,28,-37,27,-38,27,-40,27,-40,23,-43,24,-40,26,-35,24,-38,19,-34,23,-40,26,-35,26,-37,23,-36,19,-33,19,-34,18,-33,22,-34,18,-32,22,-32,16,-34,18,-38,18,-32,19,-31,17,-32,22,-33,18,-28,17,-28,18,-29,17,-25,20,-25,21,-27,18,-22,20,-21,21,-19,20,-19,19,-18,17,-14,19,-14,17,-14,19,-14,17,-11,17,-8,15,-6,15,-5,0,0,0,0,0,0,0,0,0,0,0,0,0,0,0,0,0,0,0,0,0,0,10,-8,11,-12,13,-10,19,-11,17,-11,20,-13,25,-15,28,-15,34,-14,35,-14,37,-15,44,-12,48,-12,52,-10,57,-10,56,2,61,5,59,4,63,5,64,14,66,19,67,22,60,21,67,27,64,26,65,32,64,32,66,36,60,36,62,41,56,36,60,39,53,40,54,43,56,40,54,43,54,42,53,42,56,43,55,43,59,43,52,43,51,48,53,41,51,42,50,47,52,46,52,41,54,43,50,41,53,40,53,43,54,43,43,42,55,40,55,48,50,40,0,0]"
CSI_DATA,70,2a:00:00:00:00:00,-44,11,1,0,1,1,1,0,0,0,1,-97,0,11,2,1184475,0,44,0,384,0,"[0,0,0,0,0,0,0,0,0,0,0,0,-10,-6,-10,-6,-9,-6,-9,-6,-9,-6,-9,-5,-9,-5,-9,-5,-9,-5,-8,-5,-8,-5,-8,-4,-8,-4,-8,-4,-8,-4,-8,-4,-8,-3,-8,-4,-8,-3,-7,-4,-7,-4,-7,-4,-7,-3,-7,-3,-7,-3,-7,-3,0,0,-7,-3,-7,-3,-6,-3,-7,-3,-6,-3,-6,-3,-6,-3,-6,-3,-6,-3,-6,-3,-6,-3,-5,-3,-5,-3,-5,-3,-5,-4,-5,-4,-5,-4,-4,-4,-4,-4,-3,-4,-3,-4,-3,-3,-3,-3,-2,-3,-2,-3,-2,-3,0,0,0,0,0,0,0,0,0,0,0,0,0,0,-44,-42,-42,-46,-44,-39,-44,-45,-45,-45,-41,-40,-40,-38,-38,-38,-41,-36,-36,-36,-38,-40,-37,-36,-36,-34,-36,-34,-38,-32,-42,-32,-39,-31,-36,-28,-32,-27,-39,-29,-38,-23,-37,-30,-33,-23,-32,-25,-33,-24,-32,-23,-37,-27,-33,-20,-35,-23,-34,-21,-32,-22,-34,-20,-33,-21,-31,-20,-36,-20,-28,-23,-26,-21,-28,-20,-28,-21,-28,-22,-28,-23,-25,-21,-23,-24,-23,-22,-20,-18,-18,-21,-19,-22,-16,-23,-16,-21,-14,-23,-12,-20,-11,-21,-11,-19,-8,-20,-5,-17,-7,-13,-6,-16,0,0,0,0,0,0,0,0,0,0,0,0,0,0,0,0,0,0,0,0,0,0,-6,-12,-9,-13,-13,-17,-13,-19,-14,-20,-12,-23,-10,-28,-13,-31,-11,-34,-13,-38,-13,-41,-11,-45,-7,-47,-4,-51,-2,-52,2,-60,3,-59,6,-62,12,-63,15,-67,20,-64,22,-64,27,-70,29,-64,33,-64,32,-67,36,-61,36,-60,40,-61,41,-57,41,-60,43,-55,47,-55,45,-54,49,-53,48,-53,45,-56,44,-56,45,-53,44,-52,45,-47,48,-55,45,-51,49,-55,42,-50,46,-50,45,-51,45,-53,44,-50,47,-54,42,-50,45,-50,43,-50,48,-52,43,-53,45,-45,45,-51,0,0]"
CSI_DATA,71,2a:00:00:00:00:00,-44,11,1,0,1,1,1,0,0,0,1,-97,0,11,2,1192503,0,44,0,384,0,"[0,0,0,0,0,0,0,0,0,0,0,0,10,-5,9,-5,9,-5,9,-5,8,-5,8,-5,8,-5,8,-5,8,-5,7,-5,8,-4,7,-5,6,-5,6,-5,6,-5,7,-5,7,-5,6,-5,6,-5,5,-6,5,-5,6,-5,6,-5,5,-5,5,-5,6,-5,0,0,5,-5,4,-5,5,-5,5,-5,5,-5,4,-5,5,-5,4,-5,5,-4,5,-4,5,-3,4,-3,4,-4,4,-3,5,-3,4,-2,4,-3,4,-2,4,-2,3,-1,4,-1,4,-2,3,-1,3,-1,3,0,3,0,0,0,0,0,0,0,0,0,0,0,0,0,0,0,62,-19,59,-19,57,-20,56,-13,57,-19,55,-14,53,-19,48,-20,53,-17,49,-16,50,-15,48,-19,48,-18,49,-16,44,-21,44,-20,44,-23,41,-20,37,-24,39,-19,41,-22,38,-20,38,-25,38,-22,34,-20,38,-19,36,-18,34,-23,35,-22,34,-21,32,-20,32,-18,31,-22,29,-23,29,-17,35,-20,27,-20,32,-19,32,-17,32,-15,34,-15,30,-17,28,-14,30,-13,28,-13,27,-8,25,-8,29,-12,24,-9,26,-6,22,-1,20,-4,24,-5,21,0,20,-1,15,0,15,3,0,0,0,0,0,0,0,0,0,0,0,0,0,0,0,0,0,0,0,0,0,0,16,0,13,2,18,2,22,2,22,1,23,3,26,3,31,5,35,7,34,9,40,13,42,20,45,22,46,26,49,28,46,33,45,38,45,42,46,40,44,50,45,52,42,58,37,57,34,57,34,60,33,62,32,62,30,69,26,63,28,64,26,64,25,67,24,67,21,66,22,66,18,71,20,68,20,67,21,64,22,69,19,67,20,66,22,66,23,68,21,61,18,62,22,69,20,62,24,67,21,63,25,63,21,64,18,71,19,62,20,59,21,64,19,60,0,0]"
CSI_DATA,72,2a:00:00:00:00:00,-44,11,1,0,1,1,1,0,0,0,1,-97,0,11,2,1202496,0,44,0,384,0,"[0,0,0,0,0,0,0,0,0,0,0,0,9,-5,9,-5,8,-5,9,-5,8,-5,8,-5,8,-5,8,-5,8,-5,7,-5,7,-5,7,-5,6,-5,6,-5,6,-5,6,-5,6,-5,6,-5,6,-5,6,-5,6,-5,6,-5,5,-5,5,-5,5,-5,5,-5,0,0,5,-5,5,-5,4,-5,5,-4,4,-5,4,-4,4,-4,4,-4,5,-4,5,-4,4,-3,4,-4,4,-3,4,-3,4,-3,4,-3,4,-3,4,-2,4,-2,3,-1,3,-1,3,-1,3,-1,3,-1,3,-1,3,-1,0,0,0,0,0,0,0,0,0,0,0,0,0,0,59,-27,58,-20,58,-25,60,-23,57,-22,52,-19,50,-26,54,-22,47,-22,48,-18,47,-21,45,-22,44,-21,41,-22,44,-17,43,-22,40,-23,41,-21,40,-22,40,-23,42,-23,35,-24,35,-26,34,-23,35,-23,32,-26,35,-19,33,-23,34,-26,33,-23,30,-22,31,-22,28,-22,30,-25,30,-18,30,-21,28,-23,29,-23,29,-20,29,-17,29,-19,29,-16,29,-17,28,-17,30,-16,27,-12,28,-11,29,-12,24,-7,23,-7,22,-7,21,-4,22,-1,24,-5,20,-3,20,-2,16,2,0,0,0,0,0,0,0,0,0,0,0,0,0,0,0,0,0,0,0,0,0,0,11,-2,17,-2,16,-1,18,-1,23,2,25,1,31,2,31,1,36,5,37,7,39,14,43,12,43,17,47,24,48,28,49,29,50,35,45,38,50,39,49,42,48,47,49,53,43,56,37,59,39,58,41,60,34,61,32,65,30,62,30,65,28,61,28,62,26,65,28,63,30,66,27,71,25,62,23,67,25,64,26,61,26,63,24,63,25,65,26,63,24,56,26,67,24,61,22,66,28,61,27,62,25,63,25,65,24,64,24,58,24,62,28,60,26,62,0,0]"
CSI_DATA,73,2a:00:00:00:00:00,-44,11,1,0,1,1,1,0,0,0,1,-97,0,11,2,1212523,0,44,0,384,0,"[0,0,0,0,0,0,0,0,0,0,0,0,6,-8,6,-8,6,-8,6,-8,6,-8,6,-8,6,-7,5,-8,5,-7,5,-7,5,-7,5,-7,4,-7,4,-7,4,-7,4,-7,4,-7,4,-7,3,-7,4,-7,3,-7,3,-7,4,-6,3,-7,3,-7,4,-6,0,0,3,-6,3,-6,3,-6,3,-6,3,-6,3,-6,3,-6,3,-6,3,-5,3,-5,3,-5,3,-5,3,-5,3,-4,3,-4,3,-4,3,-4,3,-3,3,-3,3,-3,3,-3,3,-2,3,-2,3,-2,3,-1,2,-1,0,0,0,0,0,0,0,0,0,0,0,0,0,0,50,-42,49,-42,50,-42,46,-38,43,-39,45,-35,46,-36,41,-38,36,-35,39,-34,37,-34,37,-33,36,-32,35,-35,34,-32,33,-38,32,-35,28,-37,29,-37,30,-32,30,-36,25,-33,25,-37,26,-36,26,-34,23,-32,25,-30,23,-33,23,-33,22,-29,23,-32,25,-32,20,-30,26,-30,22,-28,24,-28,19,-29,24,-31,22,-26,23,-24,19,-24,23,-23,20,-25,23,-21,22,-21,21,-17,26,-16,21,-16,21,-14,21,-14,20,-11,20,-12,22,-11,19,-8,16,-8,14,-7,15,-4,0,0,0,0,0,0,0,0,0,0,0,0,0,0,0,0,0,0,0,0,0,0,13,-6,14,-10,13,-8,17,-9,21,-7,21,-10,26,-8,27,-10,34,-9,36,-8,39,-5,45,-3,48,-2,52,1,52,8,50,11,59,12,54,18,60,18,59,23,61,29,62,35,57,35,59,38,56,38,56,40,56,44,57,45,51,45,53,48,47,45,52,53,51,50,51,49,50,52,44,52,47,49,44,51,44,51,46,53,47,55,44,48,44,51,46,48,45,54,46,43,43,51,45,49,46,50,43,51,45,50,48,50,43,50,43,46,43,46,48,54,43,49,0,0]"
CSI_DATA,74,2a:00:00:00:00:00,-44,11,1,0,1,1,1,0,0,0,1,-97,0,11,2,1232751,0,44,0,384,0,"[0,0,0,0,0,0,0,0,0,0,0,0,0,10,1,9,1,10,0,9,0,9,0,8,0,9,0,8,0,8,1,9,1,8,1,8,1,8,1,7,1,7,1,7,1,7,1,7,1,7,1,7,1,7,1,7,1,6,2,7,1,6,1,5,0,0,1,6,1,6,1,6,1,5,1,6,1,6,1,6,0,6,1,5,1,5,1,5,0,5,0,5,0,5,0,5,-1,4,-1,4,-1,4,-1,4,-1,4,-1,3,-2,3,-2,3,-2,3,-2,3,-2,2,0,0,0,0,0,0,0,0,0,0,0,0,0,0,-7,63,-7,63,-3,64,-4,61,-2,57,-5,56,-8,55,-5,56,-4,54,-3,52,-1,51,3,47,0,49,-2,48,0,46,2,48,-1,44,1,47,4,44,2,43,2,44,6,44,8,44,2,42,3,42,5,40,5,37,4,39,5,41,4,36,6,36,8,36,6,34,5,33,5,33,4,36,6,36,4,34,5,34,6,32,4,31,2,31,1,31,-2,29,-3,28,-2,28,-5,29,-5,27,-5,25,-4,27,-7,22,-4,21,-8,22,-8,18,-11,17,-8,17,-10,13,0,0,0,0,0,0,0,0,0,0,0,0,0,0,0,0,0,0,0,0,0,0,-6,11,-5,15,-8,15,-8,19,-9,20,-12,20,-12,27,-17,25,-21,30,-23,31,-25,33,-34,33,-34,35,-39,33,-43,33,-46,32,-51,34,-57,27,-56,26,-62,26,-61,26,-66,21,-70,20,-69,14,-69,12,-72,9,-70,7,-71,6,-72,3,-71,2,-71,2,-71,1,-70,1,-69,4,-70,-3,-68,-1,-71,0,-69,0,-70,-6,-72,-5,-69,0,-71,0,-68,-4,-70,-4,-70,-2,-67,-3,-66,-3,-64,-1,-69,-5,-68,-4,-69,-5,-68,-2,-67,-1,-69,-3,-67,-5,-72,-3,-67,-4,0,0]"
CSI_DATA,75,2a:00:00:00:00:00,-44,11,1,0,1,1,1,0,0,0,1,-97,0,11,2,1242645,0,44,0,384,0,"[0,0,0,0,0,0,0,0,0,0,0,0,-12,-1,-11,-1,-11,-1,-10,-1,-10,-1,-10,-1,-10,-1,-10,0,-10,-1,-9,0,-10,0,-9,0,-9,0,-9,0,-8,0,-9,0,-9,0,-9,0,-8,0,-8,0,-7,0,-8,0,-8,0,-7,0,-7,0,-8,0,0,0,-8,1,-7,0,-7,0,-7,0,-7,0,-7,0,-7,0,-7,0,-7,0,-7,0,-7,-1,-6,0,-6,-1,-6,-1,-6,-1,-5,-1,-5,-1,-5,-1,-5,-2,-5,-2,-5,-2,-4,-2,-4,-2,-4,-2,-3,-2,-3,-2,0,0,0,0,0,0,0,0,0,0,0,0,0,0,-58,-19,-58,-20,-63,-19,-61,-24,-57,-20,-57,-22,-50,-19,-57,-18,-47,-15,-54,-16,-50,-18,-51,-10,-49,-12,-42,-12,-45,-10,-47,-14,-46,-14,-46,-11,-46,-10,-40,-10,-48,-11,-43,-9,-43,-6,-42,-5,-38,-7,-40,-7,-38,-7,-37,-6,-39,-8,-39,-5,-41,-8,-40,-7,-34,-4,-38,-5,-33,-5,-37,-7,-34,-5,-33,-4,-32,-6,-33,-10,-31,-11,-31,-11,-32,-9,-29,-6,-29,-10,-25,-10,-25,-13,-24,-11,-21,-17,-21,-14,-21,-16,-20,-15,-18,-14,-15,-12,-16,-11,-13,-12,-10,-12,0,0,0,0,0,0,0,0,0,0,0,0,0,0,0,0,0,0,0,0,0,0,-13,-6,-15,-9,-14,-7,-19,-10,-18,-12,-24,-18,-22,-15,-25,-21,-25,-29,-26,-25,-30,-32,-28,-38,-28,-39,-26,-44,-28,-52,-23,-50,-24,-58,-18,-53,-20,-63,-15,-65,-12,-65,-8,-70,-4,-65,-1,-68,6,-70,3,-73,7,-73,8,-76,7,-70,11,-74,12,-68,14,-71,14,-65,16,-69,14,-67,18,-72,13,-64,19,-68,20,-66,15,-68,22,-71,18,-66,17,-72,13,-66,21,-70,12,-64,18,-67,15,-67,17,-64,19,-62,24,-63,21,-66,20,-68,16,-58,20,-65,21,-67,18,-62,0,0]"
CSI_DATA,76,2a:00:00:00:00:00,-44,11,1,0,1,1,1,0,0,0,1,-97,0,11,2,1252502,0,44,0,384,0,"[0,0,0,0,0,0,0,0,0,0,0,0,8,-7,8,-7,7,-7,7,-6,7,-7,7,-6,7,-7,7,-6,7,-6,6,-6,7,-6,6,-6,6,-6,6,-6,5,-6,6,-6,6,-6,6,-6,4,-6,5,-7,5,-6,4,-6,5,-5,4,-6,4,-6,5,-6,0,0,5,-5,4,-6,4,-6,5,-5,4,-5,4,-5,4,-5,4,-5,4,-5,4,-4,4,-4,4,-4,4,-4,4,-4,4,-3,4,-3,4,-3,4,-3,4,-2,3,-2,3,-2,3,-2,3,-2,3,-1,3,-1,2,-1,0,0,0,0,0,0,0,0,0,0,0,0,0,0,53,-38,51,-36,50,-38,52,-29,49,-33,46,-30,46,-35,45,-33,45,-33,41,-29,40,-29,40,-29,38,-29,38,-30,40,-31,37,-30,30,-32,31,-30,33,-28,37,-33,34,-29,37,-29,31,-31,28,-29,31,-31,29,-29,33,-27,28,-30,25,-26,29,-30,26,-24,25,-25,26,-28,24,-28,26,-26,27,-24,23,-28,23,-28,25,-25,23,-21,26,-23,25,-17,24,-19,25,-19,26,-16,25,-15,21,-12,26,-12,20,-8,22,-11,23,-10,17,-7,21,-8,21,-4,19,-5,17,-2,17,-4,0,0,0,0,0,0,0,0,0,0,0,0,0,0,0,0,0,0,0,0,0,0,12,-8,15,-8,16,-9,20,-10,22,-9,25,-9,27,-9,26,-13,36,-6,40,-5,43,-3,49,-2,47,-2,48,3,51,8,55,15,59,16,61,23,59,20,60,26,59,29,58,33,60,41,57,42,56,42,58,46,51,50,50,48,49,51,49,49,46,51,47,51,47,54,49,52,42,52,43,54,45,54,43,56,44,52,44,53,40,50,44,56,39,52,41,57,41,53,44,55,42,55,52,56,38,50,38,62,49,42,43,50,39,52,40,55,40,53,41,54,44,55,0,0]"
CSI_DATA,77,2a:00:00:00:00:00,-44,11,1,0,1,1,1,0,0,0,1,-97,0,11,2,1272498,0,44,0,384,0,"[0,0,0,0,0,0,0,0,0,0,0,0,9,-6,8,-6,7,-6,8,-6,7,-6,7,-6,7,-5,7,-6,7,-6,6,-6,7,-6,7,-6,5,-6,5,-6,5,-6,6,-6,5,-6,5,-5,5,-6,5,-6,5,-5,5,-6,5,-5,4,-5,4,-5,5,-5,0,0,5,-5,4,-5,4,-5,5,-5,4,-5,4,-5,4,-5,4,-4,4,-4,4,-4,4,-4,4,-4,4,-4,4,-3,4,-3,4,-3,4,-3,4,-2,4,-2,4,-2,3,-2,3,-2,3,-1,3,-1,2,-1,3,-1,0,0,0,0,0,0,0,0,0,0,0,0,0,0,55,-31,54,-29,52,-31,53,-24,52,-27,51,-26,46,-29,50,-28,47,-29,47,-24,47,-25,46,-24,42,-24,38,-24,39,-26,42,-28,39,-29,36,-26,36,-28,37,-25,36,-28,35,-23,35,-29,35,-27,31,-27,30,-25,34,-22,33,-25,29,-25,28,-24,29,-23,33,-24,28,-24,29,-23,27,-23,30,-25,27,-22,29,-21,29,-22,23,-18,27,-15,27,-15,25,-19,26,-15,27,-15,26,-12,27,-12,25,-11,22,-9,23,-6,21,-7,20,-4,24,-4,18,0,21,-1,18,1,17,-1,0,0,0,0,0,0,0,0,0,0,0,0,0,0,0,0,0,0,0,0,0,0,12,-6,13,-7,19,-7,19,-9,22,-6,25,-5,26,-3,30,-6,33,0,37,1,43,-1,46,4,46,6,50,12,52,15,52,18,56,23,53,24,55,28,55,38,55,37,58,42,53,46,54,44,48,52,53,54,48,54,44,59,43,54,40,58,40,57,38,59,37,59,39,62,39,61,33,61,36,58,34,56,36,58,39,59,37,60,32,57,37,58,36,57,33,58,32,61,32,59,33,59,32,58,33,55,37,56,36,57,35,64,31,56,35,57,34,58,34,58,0,0]"
CSI_DATA,78,2a:00:00:00:00:00,-44,11,1,0,1,1,1,0,0,0,1,-97,0,11,2,1292501,0,44,0,384,0,"[0,0,0,0,0,0,0,0,0,0,0,0,9,-5,9,-5,8,-5,8,-5,8,-5,8,-5,8,-5,8,-5,8,-5,7,-5,8,-5,7,-5,6,-5,6,-4,6,-5,7,-5,6,-5,6,-5,6,-5,5,-5,5,-4,5,-5,6,-4,5,-4,5,-4,6,-4,0,0,5,-4,5,-4,5,-4,5,-4,5,-4,5,-4,4,-4,5,-3,5,-3,5,-3,5,-2,5,-3,5,-3,4,-2,4,-2,4,-2,4,-2,4,-1,4,-1,3,-1,3,-1,3,-1,3,-1,3,0,3,0,2,0,0,0,0,0,0,0,0,0,0,0,0,0,0,0,54,-30,49,-34,52,-34,52,-28,50,-27,51,-26,47,-27,49,-31,47,-26,47,-25,47,-24,43,-26,43,-25,39,-30,40,-22,40,-26,37,-33,35,-26,36,-28,32,-27,36,-25,34,-23,32,-28,35,-25,32,-24,32,-29,33,-23,30,-25,29,-27,31,-24,31,-21,29,-23,28,-21,25,-25,27,-18,26,-22,27,-19,26,-21,25,-19,26,-15,24,-14,28,-17,28,-19,29,-13,27,-11,23,-10,25,-9,25,-12,24,-5,23,-6,22,-5,24,-4,22,-6,18,-4,18,-1,18,-2,14,0,0,0,0,0,0,0,0,0,0,0,0,0,0,0,0,0,0,0,0,0,0,0,13,-7,13,-9,16,-8,18,-10,20,-10,24,-10,28,-9,29,-8,35,-5,35,-6,42,-2,43,1,49,0,51,4,54,6,52,13,54,18,57,20,58,22,56,28,58,33,60,35,56,35,54,41,53,43,52,47,50,49,47,52,45,52,43,55,41,51,47,55,43,55,43,53,42,53,40,58,44,54,41,55,44,54,43,57,38,58,39,57,36,57,41,58,39,56,36,56,35,55,39,54,39,55,36,54,37,55,38,56,36,58,35,55,36,56,36,56,34,55,0,0]"
CSI_DATA,79,2a:00:00:00:00:00,-44,11,1,0,1,1,1,0,0,0,1,-97,0,11,2,1313114,0,44,0,384,0,"[0,0,0,0,0,0,0,0,0,0,0,0,0,10,-1,10,-1,10,0,10,0,9,-1,9,-1,8,-1,8,-1,8,0,8,0,8,0,8,1,8,1,8,1,8,0,7,1,7,1,7,1,7,0,7,0,7,0,7,1,6,1,7,1,7,1,6,0,0,1,6,1,6,1,6,1,5,1,6,0,6,1,6,0,6,0,5,1,5,1,5,0,5,0,5,0,5,0,4,-1,4,-1,4,-1,4,-1,4,-1,4,-1,3,-2,3,-2,3,-2,3,-2,2,-2,2,0,0,0,0,0,0,0,0,0,0,0,0,0,0,-19,62,-13,60,-14,65,-10,55,-12,59,-15,55,-16,56,-13,57,-13,53,-10,49,-11,48,-5,47,-9,46,-7,47,-4,43,-1,48,-5,46,-3,47,-3,41,1,45,-1,44,-1,43,-1,44,-3,44,-2,42,-3,43,3,37,-1,42,0,36,4,39,2,38,4,36,1,37,-2,35,2,34,0,37,0,35,1,35,2,35,3,35,-1,33,1,35,-4,30,-5,29,-2,29,-4,27,-2,28,-6,28,-6,24,-4,24,-6,24,-8,22,-8,19,-10,20,-8,16,-7,17,-10,13,0,0,0,0,0,0,0,0,0,0,0,0,0,0,0,0,0,0,0,0,0,0,-8,9,-12,12,-13,13,-11,17,-14,15,-15,19,-18,20,-20,23,-22,22,-29,24,-35,26,-37,26,-39,24,-46,23,-51,20,-54,20,-57,21,-62,17,-61,14,-65,12,-68,11,-68,1,-69,5,-73,0,-69,-1,-70,-1,-71,-7,-70,-9,-73,-12,-68,-14,-69,-12,-74,-12,-71,-13,-69,-15,-70,-16,-69,-17,-69,-13,-70,-16,-67,-15,-68,-14,-68,-16,-68,-16,-67,-16,-70,-14,-68,-14,-72,-13,-66,-12,-66,-14,-69,-15,-68,-11,-65,-15,-66,-12,-64,-15,-67,-13,-67,-13,-70,-12,-68,-17,0,0]"
CSI_DATA,80,2a:00:00:00:00:00,-44,11,1,0,1,1,1,0,0,0,1,-97,0,11,2,1322530,0,44,0,384,0,"[0,0,0,0,0,0,0,0,0,0,0,0,4,-10,4,-10,3,-10,3,-10,3,-10,3,-9,3,-9,3,-9,3,-9,2,-9,2,-9,2,-8,2,-9,2,-8,2,-8,2,-8,2,-8,2,-8,1,-8,1,-8,1,-8,1,-8,2,-7,1,-8,1,-8,1,-7,0,0,2,-7,1,-7,1,-7,1,-7,1,-7,1,-7,2,-7,1,-6,2,-6,2,-6,2,-5,2,-6,2,-6,2,-5,2,-5,2,-4,2,-5,2,-4,2,-4,2,-4,2,-3,2,-3,2,-3,2,-3,2,-2,2,-2,0,0,0,0,0,0,0,0,0,0,0,0,0,0,29,-58,29,-61,25,-58,25,-53,25,-56,25,-51,23,-54,24,-50,25,-51,20,-47,19,-46,18,-48,19,-45,16,-45,17,-46,18,-43,19,-48,16,-44,12,-43,16,-43,12,-41,15,-44,12,-47,13,-43,11,-41,9,-44,9,-35,11,-39,10,-42,7,-39,9,-35,7,-37,8,-34,10,-34,10,-33,10,-32,9,-35,10,-36,11,-35,10,-31,11,-32,12,-30,9,-30,12,-31,13,-24,12,-27,10,-26,15,-24,12,-18,15,-19,13,-17,13,-18,16,-16,15,-15,13,-11,11,-12,13,-9,0,0,0,0,0,0,0,0,0,0,0,0,0,0,0,0,0,0,0,0,0,0,7,-11,6,-14,9,-18,9,-16,9,-21,14,-21,16,-24,19,-24,23,-24,29,-28,30,-25,37,-26,41,-27,46,-24,48,-25,54,-22,54,-21,60,-13,59,-14,63,-10,66,-7,68,-4,71,-1,71,2,70,5,71,9,68,9,66,11,71,15,65,17,68,17,67,19,65,16,69,19,68,18,67,19,69,20,64,18,66,18,67,23,63,20,65,23,62,24,72,23,59,23,64,22,61,20,63,22,65,25,65,22,64,24,63,22,61,23,61,27,62,26,63,25,68,23,0,0]"
CSI_DATA,81,2a:00:00:00:00:00,-44,11,1,0,1,1,1,0,0,0,1,-97,0,11,2,1332456,0,44,0,384,0,"[0,0,0,0,0,0,0,0,0,0,0,0,11,-1,10,-1,10,-1,9,0,9,-1,10,-1,9,-2,9,-2,9,-2,8,-2,9,-2,8,-2,8,-2,8,-2,7,-2,8,-2,8,-2,8,-2,7,-2,7,-2,7,-2,7,-2,7,-2,6,-2,6,-2,7,-2,0,0,7,-2,5,-2,6,-2,6,-2,6,-2,6,-2,5,-2,5,-2,6,-1,6,-1,6,-1,5,-1,5,-1,5,-1,5,0,5,0,4,0,4,0,4,0,4,1,4,1,3,0,3,1,3,1,2,1,2,1,0,0,0,0,0,0,0,0,0,0,0,0,0,0,62,4,65,6,63,1,62,6,61,1,60,4,51,0,56,-1,50,1,53,2,52,1,48,2,52,-4,48,3,48,-2,49,-1,43,-8,44,-8,44,-5,44,-7,45,-6,45,-6,43,-6,41,-3,37,-9,39,-6,41,-7,39,-8,35,-11,38,-7,38,-11,39,-9,35,-9,35,-10,34,-2,33,-7,33,-5,28,-8,35,-5,32,-7,35,-4,30,-2,28,-4,29,-2,27,-3,28,-3,24,4,26,1,24,4,22,3,22,6,20,5,22,3,19,6,19,3,15,6,11,6,0,0,0,0,0,0,0,0,0,0,0,0,0,0,0,0,0,0,0,0,0,0,17,1,13,5,17,4,19,4,16,6,21,12,23,12,26,17,29,19,29,21,34,26,34,32,34,33,36,39,37,42,32,43,29,51,30,53,28,53,26,59,21,61,21,64,14,67,17,68,14,69,10,71,10,71,6,71,5,68,3,73,0,69,0,71,-4,70,-1,65,-1,71,-4,71,0,70,-3,69,-1,68,1,69,-3,69,0,69,-4,70,-3,67,-6,65,2,68,-1,68,-3,68,-1,71,0,66,1,66,-1,69,1,72,1,67,0,68,0,68,-3,67,0,0]"
CSI_DATA,82,2a:00:00:00:00:00,-44,11,1,0,1,1,1,0,0,0,1,-97,0,11,2,1345834,0,44,0,384,0,"[0,0,0,0,0,0,0,0,0,0,0,0,6,-9,6,-9,5,-9,5,-8,5,-8,5,-8,5,-7,5,-7,5,-7,4,-8,4,-7,4,-7,3,-8,3,-7,3,-7,4,-7,4,-7,4,-7,3,-7,3,-7,3,-6,3,-7,3,-6,2,-7,2,-6,3,-6,0,0,3,-6,3,-6,3,-6,3,-6,2,-6,3,-6,3,-6,3,-5,3,-5,3,-5,3,-5,3,-5,3,-5,3,-5,3,-4,3,-4,3,-4,3,-3,3,-3,3,-3,3,-2,3,-2,2,-2,2,-2,2,-1,2,-1,0,0,0,0,0,0,0,0,0,0,0,0,0,0,47,-40,51,-39,50,-39,48,-35,49,-38,44,-37,45,-37,44,-32,42,-37,44,-30,39,-31,36,-30,37,-30,36,-31,33,-30,31,-30,36,-33,33,-35,31,-34,30,-31,32,-33,30,-30,31,-34,28,-33,29,-32,29,-32,27,-27,23,-33,24,-32,26,-25,23,-29,23,-28,26,-31,25,-30,23,-24,23,-26,21,-29,24,-27,23,-26,20,-22,21,-22,21,-20,24,-23,25,-20,22,-20,22,-17,24,-17,24,-19,18,-13,21,-9,20,-10,17,-9,24,-12,19,-8,18,-7,16,-3,18,-5,0,0,0,0,0,0,0,0,0,0,0,0,0,0,0,0,0,0,0,0,0,0,9,-9,10,-7,16,-8,16,-11,21,-12,24,-9,25,-10,31,-10,31,-7,35,-8,40,-7,42,-1,49,-1,51,0,53,6,56,13,56,11,55,18,58,20,58,27,59,28,59,33,58,35,61,34,55,40,60,44,53,47,56,44,49,48,54,49,47,50,49,52,49,52,43,51,47,52,42,54,44,49,44,51,46,52,49,50,46,55,43,51,42,51,44,51,44,52,42,55,42,53,41,48,42,50,44,54,44,52,44,49,43,52,43,49,45,50,44,56,43,51,0,0]"
CSI_DATA,83,2a:00:00:00:00:00,-44,11,1,0,1,1,1,0,0,0,1,-97,0,11,2,1353158,0,44,0,384,0,"[0,0,0,0,0,0,0,0,0,0,0,0,9,5,9,5,8,5,9,5,8,4,8,4,8,4,8,4,8,4,7,3,8,3,8,3,7,3,7,3,7,3,7,3,7,2,7,2,7,3,6,3,6,3,6,3,7,2,6,2,6,2,6,2,0,0,6,2,5,2,6,2,6,2,5,2,5,2,5,2,5,2,5,2,5,2,5,2,4,2,4,2,4,3,4,3,4,3,3,3,3,3,3,3,3,3,2,2,2,2,2,2,1,2,1,2,1,2,0,0,0,0,0,0,0,0,0,0,0,0,0,0,42,47,38,47,38,43,40,44,40,43,42,43,34,43,36,44,34,41,35,41,37,36,37,34,36,37,32,36,32,34,33,35,34,33,34,30,32,28,34,26,34,31,34,29,31,28,31,25,32,23,31,23,33,24,33,25,26,25,33,23,33,22,32,23,27,20,27,19,31,21,26,22,27,20,24,18,26,22,27,20,25,20,25,25,22,20,21,23,21,21,21,19,16,20,14,20,13,23,13,20,10,19,7,20,10,18,8,17,7,17,3,16,2,20,0,0,0,0,0,0,0,0,0,0,0,0,0,0,0,0,0,0,0,0,0,0,4,9,7,12,7,13,10,17,8,20,10,21,11,25,12,29,7,33,8,36,6,40,2,44,3,50,-1,51,-4,55,-10,51,-10,57,-15,59,-18,58,-20,60,-22,64,-28,64,-34,58,-35,59,-40,56,-41,60,-43,58,-45,57,-43,55,-50,53,-48,52,-50,53,-47,48,-48,53,-48,53,-51,52,-52,47,-55,48,-52,45,-51,45,-52,47,-48,46,-49,47,-50,50,-50,49,-41,48,-47,48,-45,49,-47,49,-46,45,-52,45,-51,47,-50,51,-50,44,-53,47,-51,49,-51,42,0,0]"
CSI_DATA,84,2a:00:00:00:00:00,-44,11,1,0,1,1,1,0,0,0,1,-97,0,11,2,1363348,0,44,0,384,0,"[0,0,0,0,0,0,0,0,0,0,0,0,-10,-4,-10,-4,-9,-4,-10,-4,-9,-4,-9,-4,-9,-3,-9,-3,-9,-3,-8,-3,-9,-2,-8,-2,-8,-3,-8,-2,-8,-2,-8,-2,-9,-2,-8,-2,-8,-2,-8,-2,-7,-2,-7,-2,-7,-1,-7,-1,-7,-1,-7,-1,0,0,-7,-1,-6,-1,-7,-1,-7,-1,-6,-2,-6,-2,-6,-2,-6,-1,-6,-2,-6,-2,-6,-2,-5,-2,-5,-2,-5,-2,-5,-2,-5,-2,-5,-2,-5,-2,-4,-2,-4,-2,-4,-3,-4,-2,-3,-2,-3,-2,-3,-2,-3,-2,0,0,0,0,0,0,0,0,0,0,0,0,0,0,-53,-35,-47,-36,-56,-36,-52,-36,-56,-35,-51,-34,-47,-33,-48,-31,-46,-27,-49,-27,-46,-28,-47,-24,-46,-25,-42,-22,-47,-24,-47,-22,-44,-22,-45,-18,-41,-21,-42,-16,-45,-16,-41,-18,-42,-16,-39,-16,-38,-13,-41,-18,-41,-15,-37,-12,-39,-12,-38,-13,-40,-13,-39,-14,-35,-7,-35,-11,-37,-11,-34,-12,-34,-9,-33,-12,-33,-8,-34,-13,-33,-12,-30,-14,-30,-12,-29,-13,-27,-11,-29,-11,-27,-15,-26,-13,-24,-13,-19,-17,-21,-18,-15,-15,-17,-13,-13,-16,-12,-13,-13,-15,-10,-15,0,0,0,0,0,0,0,0,0,0,0,0,0,0,0,0,0,0,0,0,0,0,-7,-14,-12,-11,-13,-13,-12,-17,-13,-23,-14,-23,-17,-27,-16,-29,-16,-34,-14,-36,-13,-44,-11,-44,-10,-51,-9,-54,-9,-56,-1,-56,-1,-60,7,-62,2,-63,10,-70,11,-67,17,-70,19,-65,22,-67,25,-68,30,-71,33,-68,30,-66,29,-64,34,-65,35,-66,35,-63,37,-61,35,-61,37,-66,37,-63,38,-61,39,-61,35,-55,40,-61,37,-62,35,-58,37,-60,36,-60,36,-63,35,-60,34,-60,34,-64,34,-62,34,-57,36,-59,36,-60,36,-62,34,-61,35,-59,40,-58,34,-61,0,0]"
CSI_DATA,85,2a:00:00:00:00:00,-44,11,1,0,1,1,1,0,0,0,1,-97,0,11,2,1372493,0,44,0,384,0,"[0,0,0,0,0,0,0,0,0,0,0,0,8,-6,8,-6,7,-7,7,-6,7,-6,7,-6,7,-6,6,-6,6,-6,6,-6,6,-6,6,-6,5,-6,5,-6,5,-6,6,-5,5,-6,5,-5,4,-6,5,-6,4,-6,4,-5,5,-5,4,-5,4,-5,5,-5,0,0,4,-5,4,-5,4,-5,4,-4,4,-5,4,-5,4,-5,4,-4,4,-3,4,-4,4,-3,4,-4,4,-3,4,-3,4,-2,3,-3,4,-3,3,-2,3,-2,3,-2,3,-2,3,-1,3,-1,3,-1,3,-1,2,-1,0,0,0,0,0,0,0,0,0,0,0,0,0,0,60,-37,51,-33,48,-35,51,-32,52,-31,49,-31,48,-30,47,-32,46,-31,45,-28,41,-26,41,-29,42,-26,40,-28,35,-26,37,-28,39,-31,34,-29,33,-27,35,-28,35,-26,35,-25,33,-29,30,-27,30,-28,30,-26,30,-28,27,-30,30,-28,30,-25,24,-23,28,-24,27,-26,29,-25,27,-22,28,-23,25,-23,30,-22,27,-23,26,-18,26,-17,25,-19,27,-21,26,-21,28,-15,26,-12,21,-13,24,-11,22,-10,20,-10,20,-8,18,-8,20,-5,19,-2,18,-2,17,0,17,-1,0,0,0,0,0,0,0,0,0,0,0,0,0,0,0,0,0,0,0,0,0,0,13,-7,14,-4,17,-6,21,-10,21,-8,22,-9,24,-7,32,-6,34,-6,37,-6,44,-3,45,-2,47,2,53,6,52,7,52,15,53,17,53,22,57,24,60,28,55,30,57,38,54,41,58,42,51,44,55,47,50,48,50,49,49,53,45,51,43,54,44,54,40,56,45,54,43,55,39,59,41,53,40,57,41,54,40,58,41,57,39,56,39,57,45,60,42,54,36,62,37,57,39,54,38,55,41,57,39,57,41,56,34,61,36,55,39,56,35,59,37,54,0,0]"
CSI_DATA,86,2a:00:00:00:00:00,-44,11,1,0,1,1,1,0,0,0,1,-97,0,11,2,1383199,0,44,0,384,0,"[0,0,0,0,0,0,0,0,0,0,0,0,10,-2,10,-3,9,-3,9,-3,8,-2,9,-2,9,-3,8,-3,8,-3,7,-3,8,-3,8,-3,7,-3,7,-3,7,-3,7,-3,7,-3,7,-3,6,-3,6,-3,6,-3,6,-3,6,-3,5,-3,6,-3,6,-3,0,0,6,-3,5,-3,5,-3,5,-2,5,-3,5,-3,5,-3,5,-2,5,-2,5,-2,5,-2,4,-2,5,-2,4,-2,4,-1,4,-1,4,-1,4,-1,4,0,3,0,3,0,3,0,3,0,3,0,2,0,2,0,0,0,0,0,0,0,0,0,0,0,0,0,0,0,59,-12,64,-8,60,-7,59,-12,58,-4,57,-6,58,-7,54,-8,53,-9,52,-8,49,-9,52,-8,49,-10,48,-8,49,-5,46,-7,45,-10,44,-8,45,-11,41,-13,43,-11,42,-11,41,-13,41,-16,38,-13,37,-16,40,-7,38,-12,34,-11,39,-8,34,-10,38,-10,32,-13,35,-13,34,-8,33,-12,33,-12,32,-13,35,-9,30,-6,30,-7,31,-3,32,-1,31,-4,27,-3,26,-2,27,1,27,-1,24,2,25,0,24,2,20,3,21,2,21,5,17,5,15,3,17,7,0,0,0,0,0,0,0,0,0,0,0,0,0,0,0,0,0,0,0,0,0,0,12,0,15,-1,19,0,19,-1,24,6,24,2,27,3,29,5,33,9,35,8,35,18,38,20,42,23,39,30,45,30,43,36,46,38,42,44,40,45,41,49,39,53,39,55,31,60,29,64,24,66,25,65,24,66,23,65,24,67,23,70,17,68,18,69,16,69,19,68,18,68,16,71,12,69,13,67,8,66,10,68,11,70,13,63,14,68,16,68,11,66,13,64,13,65,14,64,16,69,13,65,11,67,10,66,10,67,12,68,8,67,12,68,14,63,0,0]"
CSI_DATA,87,2a:00:00:00:00:00,-44,11,1,0,1,1,1,0,0,0,1,-97,0,11,2,1413374,0,44,0,384,0,"[0,0,0,0,0,0,0,0,0,0,0,0,-11,4,-10,4,-9,4,-10,4,-9,4,-10,4,-9,4,-9,4,-9,4,-8,4,-9,4,-8,4,-8,4,-7,4,-7,4,-8,4,-8,4,-7,4,-7,4,-7,4,-6,4,-6,4,-7,4,-6,4,-6,3,-7,4,0,0,-7,4,-6,3,-6,3,-6,3,-5,3,-5,3,-5,3,-5,3,-6,3,-6,2,-6,2,-5,2,-5,2,-5,2,-5,1,-5,1,-5,1,-5,1,-5,1,-5,0,-5,0,-4,0,-4,0,-4,0,-4,0,-3,-1,0,0,0,0,0,0,0,0,0,0,0,0,0,0,-62,1,-58,1,-62,-2,-62,-4,-60,-7,-59,-2,-56,-1,-55,-1,-54,1,-54,-4,-52,-2,-53,1,-52,-2,-44,3,-49,1,-47,3,-48,2,-46,2,-47,6,-46,0,-44,3,-46,5,-41,6,-40,6,-39,6,-40,6,-39,3,-38,4,-42,6,-37,5,-38,4,-39,5,-36,7,-36,6,-38,1,-38,2,-34,2,-36,6,-33,3,-33,0,-36,-2,-27,-1,-31,1,-32,1,-29,-1,-30,-6,-25,-4,-28,-2,-25,-8,-23,-9,-25,-8,-20,-9,-19,-8,-17,-10,-16,-10,-17,-8,-15,-10,0,0,0,0,0,0,0,0,0,0,0,0,0,0,0,0,0,0,0,0,0,0,-14,-2,-12,-1,-18,-3,-21,-4,-20,-5,-24,-5,-27,-8,-29,-9,-33,-11,-33,-15,-37,-21,-38,-24,-42,-27,-38,-31,-44,-36,-39,-40,-39,-45,-35,-47,-36,-49,-33,-55,-31,-57,-33,-62,-26,-63,-26,-63,-24,-68,-21,-70,-16,-71,-16,-72,-11,-71,-13,-67,-14,-70,-10,-72,-9,-71,-8,-72,-9,-70,-8,-71,-9,-66,-6,-69,-6,-70,-5,-71,-6,-70,-5,-66,-6,-69,-8,-69,-3,-65,-9,-68,-3,-64,-3,-68,-5,-68,-4,-66,-5,-66,0,-69,-1,-71,-3,-69,-1,-69,-3,-70,-2,-67,0,0]"
CSI_DATA,88,2a:00:00:00:00:00,-44,11,1,0,1,1,1,0,0,0,1,-97,0,11,2,1423050,0,44,0,384,0,"[0,0,0,0,0,0,0,0,0,0,0,0,-5,9,-5,9,-5,9,-4,9,-4,9,-4,8,-5,8,-4,8,-4,8,-3,8,-4,7,-3,7,-3,8,-3,8,-3,7,-3,7,-3,7,-3,7,-2,7,-2,7,-2,7,-3,7,-3,6,-2,6,-2,6,-2,6,0,0,-2,6,-2,6,-2,6,-2,5,-2,6,-2,6,-2,6,-2,5,-2,5,-2,4,-2,4,-3,5,-3,5,-3,4,-3,4,-3,4,-3,4,-3,3,-3,3,-3,3,-3,2,-3,2,-3,2,-3,2,-3,1,-3,1,0,0,0,0,0,0,0,0,0,0,0,0,0,0,-52,40,-45,43,-47,42,-49,36,-43,35,-45,39,-40,35,-46,41,-38,36,-37,35,-38,29,-38,31,-38,27,-34,32,-30,33,-32,32,-33,35,-33,36,-30,34,-29,29,-34,31,-28,30,-32,34,-30,31,-27,28,-31,31,-26,28,-27,31,-24,31,-21,30,-25,28,-24,30,-23,28,-24,30,-23,24,-26,26,-26,24,-26,27,-28,23,-25,23,-25,20,-21,19,-23,21,-26,23,-26,18,-24,16,-24,14,-23,15,-20,12,-21,10,-22,10,-17,7,-20,6,-19,7,-19,5,-18,3,-17,3,0,0,0,0,0,0,0,0,0,0,0,0,0,0,0,0,0,0,0,0,0,0,-9,9,-12,10,-15,9,-17,8,-18,12,-22,15,-26,13,-29,12,-33,14,-34,14,-39,11,-44,14,-47,10,-49,5,-56,3,-53,-2,-60,-5,-59,-8,-63,-13,-63,-18,-64,-18,-65,-26,-63,-25,-67,-31,-62,-29,-64,-32,-60,-36,-61,-40,-55,-39,-59,-45,-52,-39,-57,-48,-54,-46,-50,-46,-54,-48,-52,-48,-52,-45,-53,-45,-51,-45,-52,-46,-55,-48,-51,-46,-52,-47,-52,-44,-48,-49,-49,-45,-46,-47,-50,-48,-49,-51,-47,-45,-51,-49,-52,-46,-49,-50,-42,-44,-54,-48,-51,-51,-47,-53,0,0]"
CSI_DATA,89,2a:00:00:00:00:00,-44,11,1,0,1,1,1,0,0,0,1,-97,0,11,2,1453146,0,44,0,384,0,"[0,0,0,0,0,0,0,0,0,0,0,0,10,1,10,0,9,0,9,0,9,0,9,0,9,0,9,-1,9,-1,8,0,8,0,9,-1,7,-1,8,-1,7,-1,8,-1,8,-1,7,-1,7,-1,7,-1,7,-1,7,-1,7,-1,6,-1,6,-1,7,-1,0,0,6,-1,6,-1,6,-1,6,-1,5,-1,5,-1,5,-1,5,-1,6,-1,5,-1,5,0,5,-1,5,0,4,0,5,0,4,0,4,0,4,0,4,0,3,1,3,1,3,1,3,1,2,1,2,1,2,1,0,0,0,0,0,0,0,0,0,0,0,0,0,0,62,4,66,3,62,-1,59,3,64,4,56,5,57,2,55,1,52,3,51,0,53,6,51,4,50,2,48,1,49,0,51,-6,46,-2,47,-2,43,-1,46,-3,46,-3,44,-2,40,-6,42,-4,40,-2,40,-3,43,-1,38,-6,38,-2,38,-6,40,-1,42,-2,32,-5,33,-6,34,-2,32,0,35,-5,34,-1,31,-2,31,1,31,-1,31,3,28,0,29,1,25,2,27,5,25,7,23,6,26,8,22,9,23,9,20,9,18,7,16,7,17,9,13,10,13,9,0,0,0,0,0,0,0,0,0,0,0,0,0,0,0,0,0,0,0,0,0,0,12,1,14,2,17,2,18,1,18,5,20,9,23,11,26,11,32,11,33,17,33,22,38,25,40,29,39,33,36,34,35,39,35,46,37,48,35,51,28,57,28,61,26,63,19,65,25,65,19,69,19,68,15,70,12,70,11,69,9,69,6,68,6,70,3,65,4,68,1,68,0,72,4,71,0,67,3,68,1,70,-2,68,1,69,-2,71,5,72,-2,65,3,65,-2,69,-3,70,-2,69,1,66,1,66,0,70,0,68,-4,66,4,67,0,67,-2,67,0,0]"
CSI_DATA,90,2a:00:00:00:00:00,-44,11,1,0,1,1,1,0,0,0,1,-97,0,11,2,1482736,0,44,0,384,0,"[0,0,0,0,0,0,0,0,0,0,0,0,10,1,10,1,10,1,9,1,9,1,9,1,9,1,9,0,9,1,8,1,9,0,9,0,8,0,8,0,7,0,8,0,8,-1,7,-1,7,0,7,0,7,0,7,0,7,0,6,-1,6,0,7,-1,0,0,7,-1,6,0,6,-1,7,-1,6,0,5,0,6,0,5,0,6,0,5,0,6,0,5,0,5,0,4,0,5,1,5,1,4,0,4,1,4,1,3,1,3,1,3,1,3,1,2,1,2,1,2,1,0,0,0,0,0,0,0,0,0,0,0,0,0,0,60,17,56,21,60,22,55,19,58,16,56,19,51,18,52,19,50,15,53,18,50,12,49,12,48,13,45,11,47,10,47,10,45,9,45,5,45,5,45,8,46,10,41,8,42,4,42,5,41,4,37,7,41,5,38,5,38,4,42,4,39,8,38,4,34,1,38,1,36,3,34,2,34,4,33,1,30,0,33,5,32,-1,33,7,25,4,30,4,28,6,28,8,27,10,25,8,25,9,21,8,19,8,17,12,18,9,17,7,16,9,14,9,11,9,0,0,0,0,0,0,0,0,0,0,0,0,0,0,0,0,0,0,0,0,0,0,9,4,12,8,13,7,17,11,15,10,18,17,16,18,26,22,26,25,21,25,23,33,22,34,23,40,24,44,26,49,16,50,14,59,12,58,13,65,12,64,9,65,0,68,1,68,-4,70,-7,67,-8,74,-10,70,-14,72,-14,66,-18,69,-15,66,-20,69,-18,68,-17,67,-20,66,-20,67,-18,67,-20,67,-20,66,-20,61,-20,69,-19,66,-22,68,-20,66,-21,66,-18,67,-17,63,-19,66,-21,64,-17,64,-19,62,-20,64,-19,69,-19,65,-19,65,-18,67,-18,64,0,0]"
CSI_DATA,91,2a:00:00:00:00:00,-44,11,1,0,1,1,1,0,0,0,1,-97,0,11,2,1492517,0,44,0,384,0,"[0,0,0,0,0,0,0,0,0,0,0,0,-10,-7,-9,-6,-9,-7,-9,-7,-9,-6,-9,-6,-9,-6,-8,-5,-8,-5,-8,-5,-8,-5,-8,-4,-8,-5,-8,-5,-8,-4,-8,-4,-8,-4,-8,-3,-8,-4,-7,-4,-7,-4,-7,-4,-8,-3,-7,-4,-7,-3,-7,-3,0,0,-7,-3,-7,-3,-6,-3,-7,-3,-6,-3,-6,-3,-6,-3,-6,-3,-6,-3,-6,-3,-6,-3,-5,-3,-5,-3,-5,-3,-5,-3,-5,-3,-4,-3,-4,-3,-4,-3,-4,-3,-3,-4,-3,-3,-3,-3,-3,-3,-2,-3,-2,-3,0,0,0,0,0,0,0,0,0,0,0,0,0,0,-53,-40,-51,-40,-52,-37,-50,-35,-50,-34,-49,-30,-46,-34,-46,-35,-46,-30,-44,-34,-45,-30,-45,-27,-44,-27,-38,-28,-42,-26,-40,-24,-40,-26,-40,-22,-38,-25,-40,-22,-42,-18,-40,-19,-40,-22,-39,-18,-36,-17,-40,-18,-40,-18,-36,-18,-33,-17,-35,-16,-38,-14,-34,-16,-30,-13,-34,-16,-36,-17,-30,-16,-30,-13,-30,-14,-29,-15,-34,-14,-28,-15,-28,-19,-28,-15,-24,-15,-25,-15,-24,-16,-22,-18,-21,-13,-18,-15,-18,-17,-19,-18,-14,-15,-15,-14,-15,-13,-12,-14,-11,-17,-9,-15,0,0,0,0,0,0,0,0,0,0,0,0,0,0,0,0,0,0,0,0,0,0,-8,-8,-8,-11,-10,-14,-12,-14,-12,-16,-16,-20,-14,-20,-15,-28,-18,-32,-18,-34,-17,-39,-14,-43,-15,-46,-8,-50,-9,-52,-5,-55,-1,-60,-1,-61,4,-64,4,-62,13,-64,13,-67,18,-65,25,-66,28,-65,25,-64,29,-70,31,-63,34,-65,36,-61,34,-61,36,-60,36,-61,39,-58,34,-61,36,-61,37,-58,36,-60,35,-55,38,-54,40,-58,36,-61,39,-60,38,-57,37,-59,32,-54,37,-56,37,-58,37,-57,39,-58,37,-54,34,-58,39,-60,36,-54,36,-57,40,-58,37,-55,0,0]"
CSI_DATA,92,2a:00:00:00:00:00,-44,11,1,0,1,1,1,0,0,0,1,-97,0,11,2,1504416,0,44,0,384,0,"[0,0,0,0,0,0,0,0,0,0,0,0,-10,4,-10,4,-9,4,-9,4,-9,4,-9,3,-9,4,-9,4,-9,4,-8,4,-8,4,-8,4,-7,4,-7,4,-7,3,-8,4,-7,4,-7,4,-7,4,-6,4,-6,4,-6,4,-6,3,-6,4,-6,4,-6,4,0,0,-6,3,-5,4,-5,3,-6,3,-5,3,-5,4,-5,3,-5,3,-6,3,-6,2,-5,2,-5,2,-5,2,-5,2,-5,2,-5,1,-5,1,-5,1,-5,1,-4,0,-4,0,-4,0,-4,0,-4,0,-3,-1,-3,-1,0,0,0,0,0,0,0,0,0,0,0,0,0,0,-51,32,-52,31,-53,32,-53,28,-55,28,-57,25,-49,30,-46,25,-47,28,-46,25,-43,23,-42,23,-44,25,-40,27,-41,26,-39,28,-39,25,-39,25,-34,27,-36,26,-36,27,-36,26,-33,29,-33,29,-33,25,-31,26,-32,21,-32,26,-29,24,-33,24,-29,23,-31,23,-26,26,-27,25,-27,22,-29,26,-26,22,-27,24,-27,22,-26,15,-26,17,-27,16,-26,16,-26,18,-21,14,-23,14,-22,14,-26,12,-25,9,-21,8,-23,9,-20,6,-21,4,-18,4,-20,4,-17,-1,-20,3,0,0,0,0,0,0,0,0,0,0,0,0,0,0,0,0,0,0,0,0,0,0,-12,4,-15,3,-16,6,-21,7,-25,5,-26,5,-28,4,-31,4,-36,1,-37,0,-42,-3,-43,-6,-48,-8,-50,-12,-50,-16,-52,-19,-53,-24,-53,-28,-56,-30,-57,-35,-55,-38,-57,-43,-52,-47,-51,-47,-50,-53,-48,-53,-46,-57,-43,-55,-47,-55,-42,-55,-41,-59,-42,-57,-39,-58,-40,-57,-40,-58,-39,-60,-36,-58,-38,-59,-36,-57,-39,-60,-37,-57,-40,-60,-38,-59,-40,-57,-33,-57,-42,-58,-36,-56,-38,-55,-36,-54,-39,-58,-36,-57,-37,-58,-36,-61,-36,-60,-41,-60,-38,-60,-36,-60,0,0]"
CSI_DATA,93,2a:00:00:00:00:00,-44,11,1,0,1,1,1,0,0,0,1,-97,0,11,2,1512510,0,44,0,384,0,"[0,0,0,0,0,0,0,0,0,0,0,0,-11,-4,-10,-4,-10,-4,-9,-4,-10,-4,-9,-4,-9,-3,-9,-3,-9,-3,-8,-3,-9,-3,-9,-3,-8,-3,-8,-3,-8,-3,-9,-2,-8,-2,-8,-2,-8,-2,-8,-2,-7,-2,-7,-2,-8,-2,-7,-2,-7,-2,-7,-2,0,0,-7,-2,-7,-2,-6,-2,-7,-2,-6,-2,-6,-2,-6,-2,-6,-2,-6,-2,-6,-2,-6,-2,-5,-2,-5,-2,-5,-2,-5,-3,-5,-2,-4,-3,-4,-3,-4,-3,-4,-3,-4,-3,-3,-3,-3,-3,-3,-3,-3,-3,-2,-3,0,0,0,0,0,0,0,0,0,0,0,0,0,0,-55,-23,-57,-25,-54,-24,-53,-26,-60,-22,-51,-23,-54,-23,-53,-20,-50,-19,-49,-15,-49,-18,-48,-17,-50,-16,-44,-12,-47,-15,-49,-13,-47,-13,-43,-11,-42,-10,-46,-9,-46,-12,-46,-10,-41,-6,-41,-8,-37,-7,-39,-10,-43,-8,-38,-6,-40,-7,-38,-6,-41,-8,-39,-7,-35,-5,-31,-6,-39,-8,-33,-7,-32,-6,-30,-5,-32,-6,-32,-8,-35,-4,-32,-10,-28,-9,-29,-10,-24,-9,-32,-15,-27,-15,-25,-8,-21,-11,-22,-12,-22,-11,-20,-13,-17,-12,-19,-13,-16,-11,-15,-13,-8,-11,0,0,0,0,0,0,0,0,0,0,0,0,0,0,0,0,0,0,0,0,0,0,-10,-10,-14,-8,-12,-7,-14,-10,-17,-13,-15,-17,-19,-21,-21,-25,-25,-29,-24,-30,-22,-35,-22,-41,-23,-41,-23,-47,-19,-48,-17,-59,-11,-60,-12,-63,-11,-59,-7,-63,-3,-67,-2,-69,2,-69,7,-67,8,-72,11,-74,14,-71,15,-70,16,-68,18,-66,22,-68,17,-65,24,-69,20,-63,21,-68,22,-67,22,-68,23,-65,26,-66,23,-65,23,-65,22,-66,25,-63,25,-65,19,-62,23,-68,22,-65,21,-65,20,-65,24,-66,22,-61,24,-66,21,-67,20,-63,23,-66,23,-62,25,-65,0,0]"
CSI_DATA,94,2a:00:00:00:00:00,-44,11,1,0,1,1,1,0,0,0,1,-97,0,11,2,1532480,0,44,0,384,0,"[0,0,0,0,0,0,0,0,0,0,0,0,-10,-4,-10,-4,-10,-4,-10,-4,-9,-4,-9,-4,-9,-4,-9,-4,-9,-3,-8,-4,-9,-3,-9,-3,-8,-3,-8,-3,-8,-3,-8,-2,-9,-2,-8,-2,-8,-2,-7,-3,-7,-2,-8,-2,-8,-2,-7,-2,-7,-2,-7,-2,0,0,-7,-2,-6,-2,-6,-2,-7,-2,-6,-2,-6,-2,-6,-2,-6,-2,-6,-2,-6,-2,-6,-2,-5,-2,-5,-2,-5,-2,-5,-3,-5,-3,-5,-3,-4,-3,-4,-3,-4,-3,-4,-3,-3,-3,-3,-2,-3,-3,-3,-3,-3,-3,0,0,0,0,0,0,0,0,0,0,0,0,0,0,-61,-30,-56,-33,-57,-32,-55,-32,-56,-31,-56,-29,-47,-29,-50,-29,-47,-26,-48,-27,-50,-29,-50,-24,-47,-24,-44,-18,-47,-23,-44,-20,-44,-21,-43,-19,-46,-19,-45,-17,-47,-17,-44,-17,-42,-12,-42,-15,-36,-15,-40,-12,-39,-13,-35,-13,-37,-12,-39,-12,-39,-12,-38,-14,-33,-16,-33,-11,-38,-11,-31,-11,-34,-9,-34,-12,-33,-12,-31,-16,-31,-16,-30,-13,-31,-15,-28,-13,-23,-13,-25,-13,-25,-15,-26,-15,-19,-18,-19,-16,-17,-17,-18,-16,-16,-14,-13,-15,-14,-20,-11,-14,-9,-14,0,0,0,0,0,0,0,0,0,0,0,0,0,0,0,0,0,0,0,0,0,0,-9,-10,-15,-11,-14,-10,-15,-13,-16,-15,-19,-17,-17,-20,-21,-23,-23,-30,-20,-30,-23,-36,-23,-42,-21,-44,-21,-51,-17,-53,-12,-56,-12,-60,-10,-62,-6,-65,0,-64,2,-64,6,-73,6,-70,9,-68,15,-65,15,-70,21,-72,20,-72,21,-66,23,-70,25,-66,28,-69,27,-66,30,-64,29,-66,30,-68,27,-64,27,-68,29,-63,29,-65,29,-64,28,-68,30,-65,30,-63,28,-62,31,-69,31,-64,29,-64,27,-63,31,-64,27,-61,28,-67,32,-67,28,-60,30,-63,31,-62,32,-59,0,0]"
CSI_DATA,95,2a:00:00:00:00:00,-44,11,1,0,1,1,1,0,0,0,1,-97,0,11,2,1542708,0,44,0,384,0,"[0,0,0,0,0,0,0,0,0,0,0,0,9,-5,9,-5,9,-5,8,-5,8,-5,8,-5,8,-5,8,-5,8,-5,7,-5,8,-5,7,-5,6,-5,6,-5,6,-5,7,-5,6,-5,6,-5,6,-5,6,-5,6,-5,5,-5,6,-4,5,-5,5,-5,6,-4,0,0,6,-4,5,-4,5,-5,5,-4,5,-4,5,-4,5,-4,5,-4,5,-3,5,-3,5,-3,4,-3,4,-3,4,-3,4,-2,4,-2,4,-2,4,-1,4,-1,3,-1,3,-1,3,-1,3,-1,3,-1,3,0,2,0,0,0,0,0,0,0,0,0,0,0,0,0,0,0,57,-18,59,-18,58,-23,54,-20,54,-21,57,-16,52,-19,55,-17,49,-20,50,-18,47,-18,48,-17,48,-17,45,-19,46,-16,41,-16,43,-22,40,-20,38,-20,41,-20,42,-22,39,-18,40,-22,38,-20,36,-21,37,-16,36,-20,33,-19,32,-20,32,-20,33,-16,33,-20,32,-21,29,-19,30,-18,30,-17,30,-20,28,-18,30,-18,28,-10,28,-11,33,-11,27,-11,27,-11,25,-9,25,-9,25,-8,27,-6,27,-5,22,-3,22,-3,23,1,22,-2,18,1,19,1,15,0,13,-1,0,0,0,0,0,0,0,0,0,0,0,0,0,0,0,0,0,0,0,0,0,0,15,-5,15,-4,12,-5,15,-8,18,-6,28,-2,27,-3,31,-2,33,0,35,2,40,5,47,7,49,9,45,16,51,23,48,23,52,28,47,35,53,34,49,43,50,45,47,47,44,48,46,55,38,54,40,59,36,59,35,61,34,62,36,60,34,63,35,66,31,62,31,63,29,63,28,60,27,61,27,63,29,61,26,60,25,62,23,62,25,66,28,65,26,63,24,62,24,65,25,62,26,63,25,64,26,64,25,64,24,68,23,64,24,64,25,61,22,62,0,0]"
CSI_DATA,96,2a:00:00:00:00:00,-44,11,1,0,1,1,1,0,0,0,1,-97,0,11,2,1552699,0,44,0,384,0,"[0,0,0,0,0,0,0,0,0,0,0,0,8,-7,8,-7,7,-7,7,-7,7,-7,7,-6,7,-6,7,-6,7,-6,6,-6,7,-6,7,-6,6,-6,5,-6,5,-6,6,-6,6,-6,5,-6,4,-6,4,-6,5,-6,4,-6,5,-6,4,-6,4,-5,5,-5,0,0,5,-5,4,-5,4,-5,4,-5,4,-5,4,-5,4,-5,4,-5,4,-4,4,-4,4,-4,4,-4,4,-4,4,-4,4,-3,4,-3,4,-3,4,-2,4,-2,3,-2,3,-2,3,-2,3,-1,3,-1,3,-1,2,0,0,0,0,0,0,0,0,0,0,0,0,0,0,0,53,-37,50,-39,47,-38,48,-35,47,-36,47,-37,42,-38,42,-34,43,-35,43,-29,40,-29,42,-32,38,-29,35,-33,34,-31,36,-30,34,-35,34,-33,31,-32,31,-29,32,-32,30,-31,31,-29,31,-31,31,-29,33,-27,29,-25,28,-29,24,-29,27,-25,25,-24,33,-27,27,-28,22,-26,23,-21,26,-25,25,-25,24,-26,27,-23,26,-17,23,-19,24,-17,27,-19,26,-19,26,-20,23,-15,26,-13,24,-13,22,-11,22,-4,20,-6,19,-9,18,-7,21,-4,16,-5,16,-4,14,-4,0,0,0,0,0,0,0,0,0,0,0,0,0,0,0,0,0,0,0,0,0,0,10,-6,14,-9,11,-8,18,-12,16,-11,20,-7,25,-11,25,-13,31,-12,35,-13,40,-10,41,-11,48,-8,51,-6,54,-2,51,5,62,8,56,11,62,12,60,18,59,20,63,27,60,30,62,30,59,37,58,35,57,39,55,45,55,43,54,44,50,46,52,47,47,49,49,49,49,50,46,49,45,47,49,46,48,48,48,47,45,51,46,49,46,50,48,49,44,51,47,51,45,50,42,49,47,49,41,50,43,51,47,48,43,51,42,48,45,52,44,50,45,53,0,0]"
CSI_DATA,97,2a:00:00:00:00:00,-44,11,1,0,1,1,1,0,0,0,1,-97,0,11,2,1562803,0,44,0,384,0,"[0,0,0,0,0,0,0,0,0,0,0,0,-11,-5,-10,-4,-10,-5,-10,-5,-10,-4,-10,-4,-10,-4,-9,-4,-9,-4,-9,-4,-9,-3,-9,-3,-9,-3,-9,-3,-8,-3,-9,-2,-9,-2,-9,-2,-8,-3,-8,-3,-8,-3,-8,-3,-8,-2,-8,-2,-7,-2,-8,-2,0,0,-7,-2,-7,-2,-7,-2,-8,-2,-7,-2,-7,-2,-6,-2,-6,-2,-7,-2,-7,-2,-6,-2,-5,-2,-6,-2,-5,-2,-6,-3,-5,-3,-5,-3,-4,-3,-4,-3,-4,-3,-4,-3,-4,-3,-3,-3,-3,-3,-3,-3,-2,-3,0,0,0,0,0,0,0,0,0,0,0,0,0,0,-60,-28,-59,-25,-60,-24,-59,-23,-61,-19,-59,-24,-51,-20,-51,-18,-49,-22,-48,-18,-50,-19,-52,-16,-52,-14,-48,-15,-52,-15,-46,-11,-48,-10,-43,-8,-47,-8,-46,-7,-51,-6,-42,-10,-41,-7,-44,-8,-43,-6,-42,-7,-40,-4,-38,-6,-38,-5,-45,-4,-43,-3,-44,-6,-35,-1,-34,-7,-37,-3,-34,-5,-36,-7,-35,-4,-35,-6,-35,-3,-34,-6,-34,-10,-31,-4,-30,-4,-30,-4,-29,-13,-31,-10,-25,-8,-26,-13,-21,-12,-20,-14,-22,-10,-20,-10,-20,-13,-18,-8,-13,-11,-14,-14,0,0,0,0,0,0,0,0,0,0,0,0,0,0,0,0,0,0,0,0,0,0,-9,-10,-11,-9,-15,-12,-15,-14,-17,-15,-20,-20,-22,-22,-19,-22,-24,-28,-23,-33,-22,-38,-20,-42,-23,-42,-18,-47,-16,-58,-16,-55,-13,-60,-9,-60,-11,-63,-5,-69,2,-69,1,-71,5,-70,9,-73,13,-71,11,-76,16,-68,16,-70,21,-71,22,-72,24,-71,25,-71,25,-67,27,-68,25,-68,26,-66,25,-67,25,-70,24,-70,23,-67,23,-68,23,-65,25,-69,24,-66,26,-68,22,-69,22,-67,24,-67,22,-67,21,-64,23,-67,22,-71,24,-68,25,-67,23,-66,22,-66,24,-65,0,0]"
CSI_DATA,98,2a:00:00:00:00:00,-44,11,1,0,1,1,1,0,0,0,1,-97,0,11,2,1592519,0,44,0,384,0,"[0,0,0,0,0,0,0,0,0,0,0,0,1,10,1,10,2,10,1,10,1,10,1,9,1,9,1,9,1,8,2,8,1,8,1,8,2,8,2,8,2,8,2,7,2,7,2,7,2,7,2,7,2,7,2,7,2,6,2,7,2,7,2,6,0,0,2,6,1,7,1,6,1,5,1,6,1,6,1,6,1,6,1,5,1,5,0,5,0,5,0,5,0,5,0,5,0,4,-1,5,0,4,-1,4,-1,3,-1,4,-2,3,-1,3,-2,3,-2,3,-2,2,0,0,0,0,0,0,0,0,0,0,0,0,0,0,0,64,-3,63,1,64,-2,61,2,60,-2,56,1,59,3,56,2,53,1,54,2,51,0,53,2,51,1,51,1,46,9,46,6,49,4,49,3,45,5,46,8,44,4,41,5,43,6,44,-1,41,1,42,8,41,6,38,5,39,9,38,7,36,4,38,7,37,7,39,9,35,5,37,4,38,4,33,2,35,2,31,6,32,0,33,0,30,-3,29,-4,28,-2,31,-2,25,-4,25,-4,23,-9,24,-4,22,-7,23,-11,19,-7,19,-10,17,-9,13,-8,14,0,0,0,0,0,0,0,0,0,0,0,0,0,0,0,0,0,0,0,0,0,0,-1,10,1,14,-2,17,1,18,-2,20,-3,23,-5,29,-7,34,-9,32,-12,36,-17,34,-21,41,-25,43,-26,42,-32,43,-35,44,-40,45,-44,44,-50,44,-58,36,-57,36,-61,35,-63,34,-65,31,-65,27,-68,27,-70,27,-71,21,-74,18,-70,15,-71,18,-72,10,-74,11,-72,9,-72,9,-70,10,-69,11,-72,9,-69,12,-71,11,-70,9,-70,10,-70,13,-70,9,-70,11,-74,8,-71,6,-67,11,-71,9,-71,8,-72,8,-68,13,-71,9,-71,10,-71,7,-69,5,-69,3,0,0]"
CSI_DATA,99,2a:00:00:00:00:00,-44,11,1,0,1,1,1,0,0,0,1,-97,0,11,2,1602504,0,44,0,384,0,"[0,0,0,0,0,0,0,0,0,0,0,0,1,9,1,9,1,10,1,10,1,9,1,8,1,8,1,8,1,8,2,8,2,8,2,7,2,7,2,7,2,7,2,7,2,7,2,7,2,7,2,7,2,7,2,6,2,6,2,6,2,6,2,6,0,0,2,5,2,6,2,6,2,5,2,5,2,5,2,5,1,5,1,5,1,5,1,5,1,5,1,5,1,4,0,4,0,4,0,4,0,4,0,4,0,3,-1,3,-1,3,-1,3,-1,3,-1,2,-1,2,0,0,0,0,0,0,0,0,0,0,0,0,0,0,5,66,6,65,6,66,8,59,10,59,6,59,8,56,5,57,8,52,10,55,8,51,9,46,11,48,8,48,12,47,10,47,10,48,14,46,13,45,15,39,16,43,12,38,16,42,11,43,11,40,11,40,13,32,13,37,12,39,15,33,16,33,15,34,12,35,17,36,14,33,10,36,10,36,10,33,12,33,11,32,7,33,10,30,7,28,11,31,5,30,5,28,7,26,4,27,2,28,2,23,2,21,0,23,1,20,-4,15,-3,16,-5,18,-4,15,0,0,0,0,0,0,0,0,0,0,0,0,0,0,0,0,0,0,0,0,0,0,-2,11,-3,18,-4,16,-3,21,-8,20,-11,26,-11,25,-11,29,-17,32,-17,31,-20,36,-25,39,-32,38,-32,39,-40,41,-41,37,-49,38,-50,34,-54,35,-57,35,-57,30,-63,29,-61,27,-67,26,-70,21,-66,21,-69,17,-71,15,-66,14,-75,10,-69,12,-75,9,-71,7,-71,7,-72,9,-70,7,-64,9,-69,11,-68,8,-70,8,-69,9,-66,7,-74,9,-68,9,-75,6,-65,13,-69,9,-70,9,-67,6,-68,5,-71,6,-72,11,-70,12,-65,9,-69,10,-75,7,-71,10,0,0]"
CSI_DATA,100,2a:00:00:00:00:00,-44,11,1,0,1,1,1,0,0,0,1,-97,0,11,2,1612519,0,44,0,384,0,"[0,0,0,0,0,0,0,0,0,0,0,0,6,9,6,8,6,8,5,8,5,8,5,7,5,7,5,7,5,7,5,7,5,6,6,6,5,6,5,6,5,6,5,6,5,5,5,5,5,6,5,6,4,6,4,5,5,5,5,5,4,5,5,4,0,0,4,5,4,5,4,5,4,4,4,5,3,5,3,5,3,5,3,4,3,4,3,4,2,4,2,4,2,4,2,4,2,4,2,4,1,4,1,3,1,4,0,3,0,3,0,3,0,3,0,3,0,3,0,0,0,0,0,0,0,0,0,0,0,0,0,0,18,62,18,57,21,62,20,53,19,54,20,54,17,51,18,54,15,47,19,50,18,47,17,48,18,47,17,44,21,43,21,41,21,41,22,40,18,38,22,40,24,39,20,38,22,35,16,38,17,38,16,37,20,30,21,34,18,33,20,32,21,33,19,29,17,31,15,32,16,30,16,31,17,29,16,28,9,28,14,29,11,28,14,29,10,25,10,26,11,24,7,27,9,28,6,26,5,24,4,25,6,22,3,22,2,21,-1,16,1,19,-2,16,-3,18,0,0,0,0,0,0,0,0,0,0,0,0,0,0,0,0,0,0,0,0,0,0,5,11,5,14,5,15,5,17,4,21,3,23,1,27,-1,31,-4,33,-2,36,-7,41,-9,43,-9,45,-14,46,-23,49,-26,46,-31,52,-30,49,-34,51,-44,44,-45,47,-49,46,-52,44,-50,43,-53,44,-57,41,-59,41,-62,35,-59,33,-64,33,-58,32,-64,33,-65,27,-63,27,-67,26,-66,25,-63,30,-62,30,-60,29,-66,31,-66,28,-59,25,-65,28,-60,26,-62,33,-65,24,-62,27,-64,28,-61,24,-60,24,-61,24,-62,30,-64,28,-56,24,-61,27,-65,23,-64,23,0,0]"
CSI_DATA,101,2a:00:00:00:00:00,-44,11,1,0,1,1,1,0,0,0,1,-97,0,11,2,1623402,0,44,0,384,0,"[0,0,0,0,0,0,0,0,0,0,0,0,-4,-10,-4,-10,-4,-10,-4,-10,-4,-10,-4,-9,-4,-9,-4,-9,-3,-9,-4,-8,-4,-8,-4,-8,-4,-8,-4,-8,-4,-8,-4,-7,-4,-7,-4,-7,-4,-7,-4,-7,-4,-7,-4,-7,-4,-6,-4,-7,-4,-7,-4,-6,0,0,-4,-6,-4,-6,-4,-6,-4,-6,-3,-6,-3,-6,-3,-6,-3,-6,-3,-6,-3,-5,-3,-5,-2,-6,-2,-5,-2,-5,-2,-5,-2,-5,-2,-5,-1,-5,-1,-5,-1,-4,-1,-4,0,-4,-1,-4,0,-4,0,-3,0,-3,0,0,0,0,0,0,0,0,0,0,0,0,0,0,-5,-69,-3,-61,-9,-66,-8,-60,-13,-58,-7,-61,-8,-59,-4,-56,-10,-51,-12,-57,-9,-50,-10,-52,-9,-52,-8,-48,-10,-45,-13,-47,-10,-48,-9,-48,-12,-47,-12,-42,-17,-43,-14,-40,-15,-44,-13,-41,-14,-41,-11,-42,-15,-33,-13,-37,-13,-37,-17,-38,-19,-36,-14,-37,-14,-36,-14,-35,-14,-32,-11,-33,-11,-34,-12,-34,-12,-31,-12,-34,-11,-31,-10,-31,-6,-32,-8,-29,-6,-28,-5,-27,-6,-28,-1,-29,-3,-27,-2,-25,-4,-24,2,-20,-1,-20,2,-19,1,-17,3,-16,4,-17,0,0,0,0,0,0,0,0,0,0,0,0,0,0,0,0,0,0,0,0,0,0,3,-13,0,-15,5,-18,3,-20,4,-22,4,-29,8,-28,9,-29,11,-33,14,-32,19,-37,26,-38,26,-42,32,-41,36,-43,39,-38,45,-40,45,-35,53,-42,59,-34,57,-33,64,-31,60,-30,65,-29,65,-23,67,-22,66,-23,73,-19,69,-17,74,-15,66,-13,72,-15,69,-11,71,-9,69,-9,70,-10,66,-11,68,-9,69,-10,70,-9,72,-9,65,-8,69,-11,67,-9,70,-11,70,-15,66,-11,67,-11,72,-15,66,-10,70,-12,66,-12,68,-13,66,-14,67,-11,72,-10,73,-11,0,0]"
CSI_DATA,102,2a:00:00:00:00:00,-44,11,1,0,1,1,1,0,0,0,1,-97,0,11,2,1633106,0,44,0,384,0,"[0,0,0,0,0,0,0,0,0,0,0,0,-12,0,-11,0,-10,1,-10,0,-10,0,-10,0,-10,1,-10,1,-10,1,-9,1,-9,1,-9,1,-9,1,-8,1,-8,1,-9,2,-9,1,-8,1,-8,1,-7,1,-7,1,-8,1,-8,1,-7,2,-7,1,-8,1,0,0,-7,1,-7,1,-6,1,-8,1,-6,1,-6,1,-6,1,-6,1,-7,0,-7,0,-6,0,-6,1,-6,0,-5,0,-6,0,-5,-1,-5,0,-5,-1,-5,-1,-4,-1,-5,-1,-4,-1,-4,-1,-4,-2,-3,-2,-3,-2,0,0,0,0,0,0,0,0,0,0,0,0,0,0,-63,-2,-61,1,-60,0,-60,-2,-59,2,-61,0,-57,4,-55,2,-50,4,-52,-1,-51,2,-53,2,-51,4,-46,5,-47,1,-48,7,-44,6,-47,9,-47,4,-44,8,-46,8,-45,6,-40,8,-39,10,-39,5,-39,9,-40,5,-37,9,-38,5,-38,7,-38,7,-38,5,-33,9,-34,12,-32,8,-34,9,-33,7,-35,8,-33,4,-36,2,-30,3,-33,-1,-31,3,-31,1,-31,2,-29,0,-26,-1,-27,1,-22,-6,-23,-1,-24,-5,-20,-8,-21,-7,-19,-6,-18,-5,-14,-5,-14,-6,0,0,0,0,0,0,0,0,0,0,0,0,0,0,0,0,0,0,0,0,0,0,-11,-4,-14,-3,-17,-1,-21,-1,-18,-3,-23,-9,-27,-5,-27,-9,-32,-13,-33,-14,-35,-20,-37,-23,-41,-28,-41,-33,-41,-34,-38,-39,-41,-44,-35,-46,-39,-50,-34,-51,-32,-58,-32,-61,-28,-61,-24,-62,-19,-66,-22,-67,-19,-70,-13,-68,-18,-69,-14,-71,-11,-69,-13,-69,-7,-70,-8,-68,-7,-69,-10,-69,-7,-69,-9,-67,-7,-67,-10,-67,-7,-66,-8,-70,-8,-67,-8,-66,-6,-66,-7,-72,-4,-67,-5,-68,-6,-68,-6,-64,-4,-66,-8,-67,-7,-69,-8,-68,-9,-66,-5,-68,-4,-64,0,0]"
CSI_DATA,103,2a:00:00:00:00:00,-44,11,1,0,1,1,1,0,0,0,1,-97,0,11,2,1645464,0,44,0,384,0,"[0,0,0,0,0,0,0,0,0,0,0,0,10,3,10,3,9,3,9,3,9,3,9,2,9,2,9,2,9,2,8,2,8,2,9,1,8,1,7,1,8,1,8,1,8,1,8,1,7,1,7,1,7,1,7,1,7,1,6,0,6,1,7,0,0,0,7,0,6,1,6,1,7,1,5,1,6,1,5,1,5,1,5,1,5,1,5,1,4,1,4,1,5,1,4,2,4,2,4,1,4,2,3,2,3,2,3,2,2,2,2,2,2,2,2,2,2,2,0,0,0,0,0,0,0,0,0,0,0,0,0,0,59,31,51,29,54,29,52,28,56,31,52,24,49,27,48,27,51,23,48,25,47,26,47,23,48,23,42,18,43,21,46,18,41,17,40,14,43,17,43,18,43,17,37,16,42,13,40,14,37,14,39,15,38,15,34,13,37,12,37,11,39,12,38,16,33,9,32,11,33,9,31,14,30,10,31,10,29,13,31,14,29,13,28,18,26,12,27,15,24,16,24,15,22,16,23,16,19,13,19,15,17,15,12,17,13,10,15,15,9,14,10,13,6,15,0,0,0,0,0,0,0,0,0,0,0,0,0,0,0,0,0,0,0,0,0,0,11,8,11,8,13,7,16,11,18,13,20,16,19,16,20,21,23,26,22,28,24,33,23,37,25,41,22,45,19,52,15,55,12,57,12,60,11,62,5,69,4,67,-2,70,-3,71,-11,67,-13,72,-13,69,-18,69,-18,74,-24,69,-21,70,-22,70,-24,67,-26,65,-27,63,-26,65,-29,65,-28,61,-26,68,-31,64,-28,62,-25,62,-29,64,-33,63,-28,65,-28,63,-31,63,-32,67,-29,64,-29,63,-27,60,-30,60,-31,67,-34,62,-28,62,-27,60,-30,65,-31,59,0,0]"
CSI_DATA,104,2a:00:00:00:00:00,-44,11,1,0,1,1,1,0,0,0,1,-97,0,11,2,1654359,0,44,0,384,0,"[0,0,0,0,0,0,0,0,0,0,0,0,10,-2,10,-2,9,-2,9,-2,9,-2,9,-2,9,-2,9,-2,9,-2,8,-2,9,-2,8,-3,7,-3,7,-3,7,-2,8,-3,7,-3,7,-3,6,-3,7,-3,6,-3,6,-2,7,-2,6,-3,6,-3,7,-3,0,0,6,-3,6,-3,5,-3,6,-3,5,-2,5,-2,5,-2,5,-2,6,-2,6,-2,5,-2,5,-2,5,-1,4,-1,5,-1,4,-1,4,-1,4,0,4,0,4,0,4,0,3,0,3,0,3,0,2,0,2,0,0,0,0,0,0,0,0,0,0,0,0,0,0,0,66,-8,63,-6,58,-8,60,-4,65,-1,58,-2,55,-4,51,-9,53,-5,56,-4,51,-7,53,-6,50,-5,46,-8,50,-7,48,-10,44,-9,44,-12,43,-4,48,-11,44,-9,42,-8,39,-12,40,-8,40,-10,38,-8,40,-7,39,-9,38,-9,41,-11,34,-7,36,-7,35,-12,33,-7,35,-8,33,-10,35,-11,33,-7,33,-9,34,-6,33,-2,29,-2,33,-2,31,-3,29,-2,27,1,24,3,28,1,22,5,24,1,23,3,20,5,21,5,19,7,17,6,14,8,14,8,0,0,0,0,0,0,0,0,0,0,0,0,0,0,0,0,0,0,0,0,0,0,13,-1,12,2,17,2,17,-2,26,0,23,1,28,0,34,7,34,6,39,10,37,16,39,21,44,22,46,22,43,25,44,35,42,36,44,41,41,46,42,50,40,56,37,58,35,63,33,61,32,64,30,64,24,66,21,64,25,71,22,66,18,70,16,67,14,68,15,65,14,69,11,68,13,68,17,70,16,62,15,68,12,66,14,70,14,68,15,70,10,63,10,72,12,66,13,68,11,64,10,66,9,68,13,69,12,65,11,69,10,67,7,67,4,68,0,0]"
CSI_DATA,105,2a:00:00:00:00:00,-44,11,1,0,1,1,1,0,0,0,1,-97,0,11,2,1662497,0,44,0,384,0,"[0,0,0,0,0,0,0,0,0,0,0,0,11,-1,10,-1,10,-1,9,-1,9,-1,9,-1,9,-1,9,-1,9,-1,8,-1,8,-1,8,-1,7,-1,7,-2,7,-1,8,-2,8,-2,8,-2,7,-2,7,-2,7,-2,6,-2,7,-2,6,-2,6,-2,7,-2,0,0,6,-2,6,-2,5,-2,6,-1,5,-2,5,-2,5,-2,5,-1,6,-1,6,-1,5,-1,5,-1,5,-1,4,-1,5,0,4,0,4,0,4,0,4,0,3,1,3,1,3,0,3,1,2,1,2,1,2,1,0,0,0,0,0,0,0,0,0,0,0,0,0,0,62,-8,59,-13,63,-16,62,-9,59,-10,57,-7,55,-12,55,-10,50,-12,54,-9,51,-15,50,-10,49,-13,46,-13,43,-10,47,-16,43,-14,43,-14,43,-16,44,-15,46,-14,41,-13,39,-17,39,-19,39,-16,39,-14,40,-15,36,-18,34,-14,41,-11,36,-12,34,-13,32,-15,32,-16,34,-17,30,-16,32,-16,30,-14,30,-12,30,-11,32,-7,32,-8,30,-10,29,-10,28,-10,30,-4,26,-3,26,-6,22,-2,28,-2,19,1,20,0,20,-1,19,2,18,1,13,2,14,5,0,0,0,0,0,0,0,0,0,0,0,0,0,0,0,0,0,0,0,0,0,0,10,-1,13,0,17,-1,17,-1,21,1,27,4,28,2,28,5,34,9,34,11,38,14,44,17,42,19,42,26,45,30,43,35,45,38,43,41,45,44,41,51,39,54,42,53,32,59,34,63,31,64,30,65,28,66,24,69,22,66,24,67,21,67,17,66,21,67,22,65,21,66,14,65,19,69,18,67,16,64,16,68,18,67,16,65,15,69,17,68,14,66,17,67,16,63,17,67,13,66,17,62,14,63,17,69,16,67,16,67,15,67,13,67,14,66,0,0]"
CSI_DATA,106,2a:00:00:00:00:00,-44,11,1,0,1,1,1,0,0,0,1,-97,0,11,2,1672527,0,44,0,384,0,"[0,0,0,0,0,0,0,0,0,0,0,0,5,-10,6,-10,5,-9,5,-9,4,-9,5,-9,4,-9,4,-9,5,-8,3,-8,4,-8,4,-8,3,-8,3,-8,3,-8,3,-8,3,-8,3,-7,2,-8,2,-8,2,-8,2,-8,3,-7,2,-8,2,-8,3,-7,0,0,3,-7,2,-7,2,-7,2,-6,2,-7,2,-7,2,-7,2,-6,3,-6,2,-5,2,-5,2,-6,2,-5,2,-5,2,-4,3,-4,2,-4,3,-4,2,-3,2,-3,2,-3,2,-3,2,-3,2,-2,2,-2,2,-2,0,0,0,0,0,0,0,0,0,0,0,0,0,0,41,-52,41,-50,40,-49,43,-46,40,-45,38,-46,37,-47,39,-42,38,-41,35,-37,36,-40,33,-41,30,-40,33,-39,31,-40,26,-37,30,-42,26,-38,26,-37,26,-37,26,-36,26,-37,23,-38,24,-40,23,-36,23,-37,21,-35,19,-33,24,-30,21,-32,18,-31,25,-31,20,-33,23,-30,22,-28,21,-33,20,-30,22,-32,20,-29,18,-23,20,-25,23,-23,22,-23,20,-23,21,-22,20,-22,21,-20,23,-18,21,-15,18,-16,18,-11,21,-11,19,-8,14,-9,13,-10,14,-2,16,-7,0,0,0,0,0,0,0,0,0,0,0,0,0,0,0,0,0,0,0,0,0,0,7,-6,9,-12,12,-13,12,-14,14,-19,16,-19,17,-19,24,-20,26,-20,34,-18,37,-21,40,-19,46,-19,49,-13,51,-11,60,-10,59,-8,60,-1,63,0,64,5,68,7,68,14,68,16,67,21,63,26,66,25,63,30,62,32,64,34,62,34,59,37,60,35,61,37,59,34,62,35,57,38,57,40,57,42,59,37,58,40,57,37,56,37,55,38,58,40,54,38,56,41,55,42,56,39,57,37,61,38,55,41,52,41,51,40,54,43,54,40,56,44,56,42,0,0]"
CSI_DATA,107,2a:00:00:00:00:00,-44,11,1,0,1,1,1,0,0,0,1,-97,0,11,2,1692526,0,44,0,384,0,"[0,0,0,0,0,0,0,0,0,0,0,0,1,-11,1,-10,1,-11,1,-10,1,-10,1,-9,1,-9,1,-9,1,-9,0,-9,1,-9,0,-9,0,-9,0,-9,0,-8,0,-8,0,-8,0,-8,0,-8,0,-8,0,-8,0,-8,0,-7,0,-7,0,-8,0,-7,0,0,0,-7,0,-7,0,-7,0,-7,0,-7,0,-7,0,-7,0,-6,0,-6,1,-6,0,-6,1,-6,1,-6,1,-5,1,-5,1,-5,2,-5,1,-4,1,-4,1,-4,1,-4,2,-4,2,-3,2,-3,1,-3,1,-2,0,0,0,0,0,0,0,0,0,0,0,0,0,0,-3,-66,4,-65,2,-66,2,-59,3,-57,2,-55,3,-62,-1,-56,0,-55,4,-53,-1,-55,1,-48,-2,-48,1,-51,-2,-47,2,-47,-1,-49,1,-47,-2,-45,-3,-44,-7,-45,-3,-41,-2,-46,-6,-45,1,-42,-8,-41,-4,-37,-3,-42,-1,-36,-6,-40,-5,-38,-4,-36,-4,-39,-6,-37,-8,-30,2,-35,-3,-37,-1,-34,0,-34,-4,-33,-2,-33,0,-32,5,-33,6,-34,6,-27,1,-29,4,-28,3,-26,6,-23,4,-26,4,-21,10,-21,9,-19,9,-21,9,-13,9,-18,7,-13,0,0,0,0,0,0,0,0,0,0,0,0,0,0,0,0,0,0,0,0,0,0,-2,-11,-1,-15,0,-16,-3,-19,3,-21,2,-21,4,-28,7,-31,8,-32,13,-34,19,-38,22,-36,28,-41,30,-43,36,-40,39,-41,43,-45,47,-38,51,-40,52,-37,58,-33,60,-34,63,-28,65,-27,65,-17,67,-19,70,-17,65,-16,72,-15,69,-13,67,-12,69,-8,73,-8,68,-7,72,-5,69,-8,68,-3,67,-5,68,-4,70,-3,69,-5,71,-6,68,-5,71,-4,67,-4,66,-4,67,-3,66,-6,68,-2,69,-2,69,-2,65,-3,65,-1,67,-5,68,-1,67,0,67,0,0,0]"
CSI_DATA,108,2a:00:00:00:00:00,-44,11,1,0,1,1,1,0,0,0,1,-97,0,11,2,1712477,0,44,0,384,0,"[0,0,0,0,0,0,0,0,0,0,0,0,4,-10,3,-9,3,-10,3,-10,3,-10,3,-9,3,-9,3,-8,2,-8,2,-9,2,-8,2,-8,2,-8,2,-8,1,-8,2,-8,2,-8,1,-8,1,-8,1,-8,1,-8,1,-8,1,-7,1,-8,1,-7,1,-7,0,0,1,-6,1,-7,1,-7,1,-6,1,-7,1,-7,1,-6,1,-6,1,-6,1,-5,1,-5,1,-5,1,-5,1,-5,1,-5,2,-5,2,-5,1,-4,2,-4,2,-4,2,-3,2,-3,2,-3,2,-3,1,-3,1,-2,0,0,0,0,0,0,0,0,0,0,0,0,0,0,23,-61,25,-66,21,-59,20,-56,20,-55,16,-59,21,-59,20,-52,15,-55,17,-48,15,-50,14,-48,14,-50,16,-47,12,-45,11,-44,11,-49,12,-46,10,-45,10,-45,9,-46,6,-41,4,-44,10,-46,8,-42,7,-37,8,-41,5,-43,6,-41,2,-38,3,-39,5,-35,5,-36,7,-39,3,-36,8,-34,5,-38,7,-34,9,-35,5,-34,6,-33,6,-32,11,-28,7,-27,10,-29,9,-27,9,-27,12,-23,11,-22,11,-22,11,-21,13,-19,11,-17,14,-14,14,-15,11,-11,12,-11,0,0,0,0,0,0,0,0,0,0,0,0,0,0,0,0,0,0,0,0,0,0,5,-11,6,-14,7,-13,10,-19,7,-19,13,-22,15,-23,20,-23,22,-23,24,-29,31,-30,33,-30,36,-27,41,-26,45,-27,52,-23,54,-20,55,-18,60,-18,65,-15,63,-11,68,-4,67,-3,68,0,70,6,71,3,68,10,68,8,72,11,70,13,68,14,67,18,68,18,70,16,67,20,65,19,65,19,65,17,68,20,66,19,69,17,68,17,66,20,71,19,67,17,64,16,64,18,66,17,65,19,67,18,63,19,67,17,62,17,68,15,64,22,69,21,69,20,0,0]"
CSI_DATA,109,2a:00:00:00:00:00,-44,11,1,0,1,1,1,0,0,0,1,-97,0,11,2,1722662,0,44,0,384,0,"[0,0,0,0,0,0,0,0,0,0,0,0,1,10,1,10,1,10,1,10,1,9,1,9,1,9,1,9,1,8,2,8,2,8,2,8,2,8,2,8,2,8,2,7,2,7,2,6,3,7,2,7,2,7,2,7,2,6,3,6,2,6,2,6,0,0,2,5,2,6,2,6,2,5,2,6,2,6,2,6,2,5,2,4,2,5,2,5,2,5,1,5,1,5,1,5,1,4,1,4,0,4,0,4,0,3,0,3,0,3,0,3,-1,3,-1,3,-1,2,0,0,0,0,0,0,0,0,0,0,0,0,0,0,9,63,7,64,6,62,12,60,11,60,9,54,9,61,8,56,7,57,9,53,9,51,11,50,10,44,9,47,8,49,12,45,13,50,12,46,12,42,16,39,14,38,16,40,14,40,11,42,15,40,12,38,14,35,12,39,12,38,15,34,15,30,13,32,15,31,13,33,15,36,11,31,11,33,11,29,9,31,12,29,13,33,10,31,7,31,9,28,6,25,6,28,6,29,5,27,2,25,3,23,2,21,1,19,1,19,0,20,-2,19,-2,13,-3,17,0,0,0,0,0,0,0,0,0,0,0,0,0,0,0,0,0,0,0,0,0,0,-2,11,0,15,-5,17,-1,17,-7,23,-3,21,-5,28,-10,28,-11,32,-18,35,-17,37,-22,41,-26,39,-31,42,-32,41,-38,41,-43,42,-49,43,-48,37,-54,39,-59,36,-60,34,-64,30,-67,24,-68,24,-67,25,-70,25,-66,17,-71,20,-71,17,-68,16,-69,15,-73,15,-70,12,-69,15,-69,12,-70,11,-69,13,-68,12,-70,12,-68,8,-67,15,-66,12,-76,10,-67,10,-66,16,-66,14,-69,13,-69,12,-67,10,-65,13,-69,14,-67,11,-66,8,-69,12,-67,12,-74,12,0,0]"
CSI_DATA,110,2a:00:00:00:00:00,-45,11,1,0,1,1,1,0,0,0,1,-97,0,11,2,1732858,0,44,0,384,0,"[0,0,0,0,0,0,0,0,0,0,0,0,-9,-8,-8,-8,-9,-8,-8,-8,-8,-8,-8,-7,-8,-7,-8,-7,-8,-6,-8,-6,-8,-6,-8,-6,-8,-6,-7,-6,-8,-6,-7,-5,-7,-5,-7,-5,-7,-5,-7,-5,-7,-5,-7,-5,-7,-4,-7,-5,-7,-5,-7,-4,0,0,-7,-3,-6,-4,-6,-5,-6,-3,-6,-4,-6,-4,-6,-4,-6,-4,-6,-4,-5,-4,-6,-4,-5,-4,-4,-4,-4,-4,-5,-4,-4,-4,-4,-4,-4,-4,-3,-4,-3,-4,-3,-4,-2,-4,-2,-3,-2,-3,-2,-3,-2,-3,0,0,0,0,0,0,0,0,0,0,0,0,0,0,-40,-52,-41,-56,-40,-49,-41,-54,-42,-49,-38,-47,-38,-47,-38,-43,-33,-45,-39,-41,-33,-43,-34,-40,-33,-40,-33,-39,-38,-34,-34,-34,-36,-33,-37,-33,-32,-32,-34,-33,-37,-31,-37,-30,-31,-28,-32,-30,-30,-31,-32,-30,-32,-27,-33,-23,-29,-26,-34,-26,-36,-24,-31,-26,-30,-21,-24,-20,-31,-23,-25,-23,-25,-26,-24,-26,-21,-26,-24,-26,-24,-25,-23,-21,-20,-22,-21,-20,-19,-20,-22,-26,-17,-24,-15,-23,-16,-20,-11,-23,-11,-22,-10,-21,-7,-19,-8,-18,-8,-17,-4,-18,-5,-17,0,0,0,0,0,0,0,0,0,0,0,0,0,0,0,0,0,0,0,0,0,0,-9,-10,-9,-11,-13,-14,-10,-15,-10,-18,-11,-20,-12,-25,-13,-30,-12,-32,-16,-37,-11,-42,-10,-47,-8,-50,-4,-53,-3,-57,7,-61,9,-61,7,-66,12,-60,21,-63,22,-63,29,-65,32,-67,31,-63,33,-66,36,-67,42,-64,37,-60,46,-58,44,-52,49,-58,46,-53,54,-50,51,-53,53,-50,54,-49,51,-51,48,-54,49,-53,49,-52,48,-49,48,-51,50,-48,54,-53,47,-47,48,-51,53,-50,52,-48,53,-51,52,-49,45,-49,48,-53,49,-50,49,-50,52,-52,53,-47,54,-44,0,0]"
CSI_DATA,111,2a:00:00:00:00:00,-44,11,1,0,1,1,1,0,0,0,1,-97,0,11,2,1743121,0,44,0,384,0,"[0,0,0,0,0,0,0,0,0,0,0,0,5,-9,5,-9,4,-9,4,-9,5,-9,5,-8,4,-8,4,-8,4,-8,3,-8,4,-8,4,-7,3,-8,3,-7,3,-7,3,-8,3,-7,3,-7,2,-7,2,-7,2,-7,2,-7,3,-7,2,-7,2,-7,3,-6,0,0,2,-6,2,-6,2,-6,2,-6,2,-6,2,-6,2,-6,2,-6,2,-5,2,-5,2,-5,2,-5,2,-5,2,-5,3,-4,2,-4,2,-4,2,-3,2,-4,2,-3,2,-3,2,-3,2,-3,2,-2,2,-2,2,-2,0,0,0,0,0,0,0,0,0,0,0,0,0,0,42,-50,41,-51,38,-50,41,-47,39,-48,38,-42,38,-44,32,-46,32,-41,32,-41,32,-38,32,-38,29,-41,29,-40,32,-37,29,-40,23,-43,22,-39,24,-38,22,-39,21,-39,24,-35,21,-38,20,-36,23,-35,19,-32,20,-35,17,-40,18,-35,19,-33,18,-31,20,-29,20,-32,15,-33,17,-27,16,-30,18,-34,20,-31,17,-30,18,-26,18,-28,17,-22,18,-24,15,-23,19,-24,15,-21,18,-16,21,-19,18,-17,17,-15,14,-11,18,-14,15,-11,16,-9,13,-6,15,-7,16,-4,0,0,0,0,0,0,0,0,0,0,0,0,0,0,0,0,0,0,0,0,0,0,6,-10,6,-12,9,-13,12,-15,14,-18,19,-17,21,-18,23,-16,28,-19,31,-21,35,-18,40,-19,45,-16,48,-20,53,-13,57,-7,56,-4,60,-1,62,-2,62,9,66,11,67,12,68,17,67,17,67,20,67,22,64,24,61,28,65,31,63,30,60,31,61,33,62,35,58,37,59,36,56,37,58,39,57,38,56,38,57,34,58,34,58,38,56,41,60,38,55,36,55,42,55,39,54,38,54,36,54,37,58,36,56,35,51,41,58,42,57,38,54,40,55,40,0,0]"
CSI_DATA,112,2a:00:00:00:00:00,-44,11,1,0,1,1,1,0,0,0,1,-97,0,11,2,1754247,0,44,0,384,0,"[0,0,0,0,0,0,0,0,0,0,0,0,0,-11,0,-11,0,-11,0,-11,0,-11,0,-10,0,-10,0,-9,0,-9,0,-10,0,-9,0,-9,-1,-9,-1,-9,-1,-9,-1,-9,-1,-8,-1,-8,-1,-8,-1,-8,-1,-8,-1,-8,-1,-7,-1,-8,-1,-8,-1,-7,0,0,-1,-7,-1,-8,-1,-7,-1,-6,-1,-7,-1,-7,-1,-7,0,-7,-1,-6,0,-6,0,-6,0,-6,0,-6,0,-6,0,-6,0,-5,1,-5,0,-5,1,-4,1,-4,1,-4,1,-4,1,-4,1,-4,1,-3,1,-3,0,0,0,0,0,0,0,0,0,0,0,0,0,0,-15,-66,-14,-65,-13,-62,-13,-59,-13,-60,-12,-54,-13,-58,-10,-56,-12,-54,-11,-54,-10,-50,-13,-48,-14,-48,-11,-49,-12,-46,-17,-43,-14,-50,-13,-42,-17,-42,-17,-42,-17,-44,-13,-38,-19,-42,-13,-40,-15,-39,-15,-42,-16,-38,-15,-37,-13,-37,-15,-34,-13,-33,-14,-34,-16,-35,-10,-33,-15,-35,-10,-34,-11,-35,-12,-33,-11,-32,-11,-31,-10,-31,-9,-30,-8,-34,-7,-31,-2,-28,-5,-29,-7,-26,-7,-29,-1,-25,-2,-24,-1,-22,0,-21,0,-20,2,-19,6,-18,2,-16,0,-15,0,0,0,0,0,0,0,0,0,0,0,0,0,0,0,0,0,0,0,0,0,0,-2,-11,-2,-15,-3,-16,-1,-18,-1,-19,2,-24,0,-26,2,-33,5,-33,9,-35,9,-39,17,-39,17,-44,21,-44,25,-44,31,-47,35,-47,37,-45,41,-46,43,-44,52,-44,54,-42,57,-41,58,-41,62,-34,61,-32,61,-27,63,-28,67,-28,63,-26,63,-28,65,-22,67,-24,65,-22,68,-21,67,-16,63,-20,65,-19,68,-19,66,-20,65,-15,68,-20,65,-19,64,-22,64,-18,61,-18,64,-17,63,-18,65,-20,67,-14,62,-18,66,-22,67,-19,66,-17,68,-18,64,-16,68,-17,0,0]"
CSI_DATA,113,2a:00:00:00:00:00,-44,11,1,0,1,1,1,0,0,0,1,-97,0,11,2,1763102,0,44,0,384,0,"[0,0,0,0,0,0,0,0,0,0,0,0,3,-10,3,-10,2,-10,2,-10,2,-9,3,-9,2,-9,2,-9,2,-9,2,-9,2,-8,2,-8,1,-8,1,-8,1,-8,1,-8,1,-8,1,-7,1,-8,1,-8,1,-8,1,-7,1,-7,1,-7,1,-7,1,-7,0,0,1,-6,1,-7,1,-7,1,-6,1,-6,1,-6,1,-6,1,-6,1,-5,1,-6,1,-5,1,-6,2,-5,2,-5,2,-5,2,-4,2,-4,2,-4,2,-3,2,-3,2,-3,2,-3,2,-3,2,-3,2,-2,2,-2,0,0,0,0,0,0,0,0,0,0,0,0,0,0,26,-57,29,-54,29,-61,30,-53,30,-50,28,-55,25,-50,30,-47,27,-45,25,-49,27,-43,22,-44,24,-47,21,-43,22,-41,20,-43,22,-42,18,-44,20,-42,18,-36,16,-40,15,-38,15,-39,19,-39,19,-40,20,-39,13,-33,17,-34,16,-34,12,-33,14,-34,16,-37,16,-34,16,-35,9,-31,17,-31,20,-32,17,-33,16,-30,15,-30,14,-26,15,-27,15,-25,14,-25,17,-24,16,-20,17,-25,19,-18,20,-18,15,-19,21,-16,18,-16,16,-10,16,-11,16,-8,15,-8,14,-7,0,0,0,0,0,0,0,0,0,0,0,0,0,0,0,0,0,0,0,0,0,0,1,-12,4,-15,5,-14,5,-18,5,-18,11,-26,14,-24,17,-28,20,-29,23,-27,27,-28,31,-28,36,-31,40,-30,48,-30,49,-23,54,-22,52,-21,61,-20,63,-16,66,-13,70,-8,66,-3,69,0,69,3,70,3,68,7,71,12,64,11,69,16,64,16,71,21,66,18,66,18,65,23,65,23,60,23,65,19,64,25,66,23,68,25,62,19,62,24,61,21,64,21,59,23,60,25,64,23,68,24,58,26,64,23,61,26,63,26,54,25,62,29,68,30,58,22,0,0]"
CSI_DATA,114,2a:00:00:00:00:00,-44,11,1,0,1,1,1,0,0,0,1,-97,0,11,2,1773609,0,44,0,384,0,"[0,0,0,0,0,0,0,0,0,0,0,0,-8,7,-8,7,-7,7,-8,7,-7,7,-8,6,-7,6,-7,6,-7,6,-6,6,-6,6,-6,6,-6,6,-6,6,-6,6,-6,6,-6,6,-6,5,-5,6,-5,6,-5,5,-5,6,-5,5,-4,5,-5,5,-5,5,0,0,-5,4,-4,5,-4,5,-5,4,-4,5,-5,4,-5,4,-5,4,-5,3,-4,3,-5,3,-4,3,-5,3,-5,3,-5,2,-4,2,-5,2,-4,2,-4,2,-4,1,-4,1,-4,1,-4,1,-3,1,-3,0,-3,0,0,0,0,0,0,0,0,0,0,0,0,0,0,0,-48,47,-44,50,-46,48,-41,44,-45,40,-44,41,-43,40,-42,44,-36,43,-39,32,-38,32,-39,33,-38,33,-36,36,-35,33,-35,33,-33,36,-36,33,-29,35,-34,32,-27,34,-30,32,-27,34,-28,32,-30,30,-29,32,-29,29,-27,32,-30,35,-25,29,-26,27,-28,27,-24,30,-26,32,-24,27,-28,27,-25,25,-23,27,-23,23,-21,21,-30,21,-22,21,-27,16,-28,19,-24,17,-23,16,-24,12,-27,15,-20,8,-20,8,-20,6,-21,6,-20,6,-20,5,-20,5,-19,1,-17,2,0,0,0,0,0,0,0,0,0,0,0,0,0,0,0,0,0,0,0,0,0,0,-6,6,-9,11,-8,16,-11,16,-13,16,-17,18,-19,17,-24,16,-27,21,-32,19,-37,19,-40,17,-45,18,-50,16,-53,14,-57,8,-62,6,-62,3,-66,1,-70,-4,-65,-10,-70,-13,-68,-17,-68,-21,-69,-26,-69,-25,-65,-28,-68,-30,-65,-32,-66,-36,-59,-37,-62,-35,-57,-38,-58,-40,-59,-39,-58,-42,-58,-43,-59,-39,-57,-41,-57,-43,-58,-42,-59,-39,-54,-46,-58,-41,-54,-43,-52,-44,-55,-48,-53,-43,-59,-41,-56,-44,-54,-45,-54,-46,-52,-44,-54,-43,-54,-46,-52,-47,-57,-48,0,0]"
CSI_DATA,115,2a:00:00:00:00:00,-44,11,1,0,1,1,1,0,0,0,1,-97,0,11,2,1782520,0,44,0,384,0,"[0,0,0,0,0,0,0,0,0,0,0,0,0,10,0,9,0,10,0,9,0,9,0,8,0,8,0,8,0,8,0,8,0,8,0,7,1,8,0,8,0,8,0,7,1,7,0,7,1,7,0,7,0,7,1,7,0,6,1,6,0,6,1,6,0,0,1,5,1,6,0,6,0,5,0,6,0,6,0,6,0,5,0,5,0,5,0,5,-1,5,-1,4,-1,4,-1,4,-1,4,-1,4,-1,4,-1,3,-1,3,-1,3,-2,3,-2,2,-2,2,-2,2,-2,2,0,0,0,0,0,0,0,0,0,0,0,0,0,0,-13,63,-17,67,-15,61,-12,58,-10,58,-15,57,-13,60,-10,61,-14,59,-7,54,-12,51,-10,50,-11,49,-9,51,-10,44,-7,49,-8,45,-9,47,-5,42,-3,45,-2,47,-6,42,-4,45,-5,45,-8,42,-2,40,-1,41,-7,40,-5,40,0,36,-3,39,-2,36,-3,36,-2,37,-3,35,-4,34,-2,37,-4,34,-5,35,-3,30,5,33,-3,32,-8,32,-9,28,-9,27,-5,31,-8,24,-7,26,-9,25,-8,21,-6,21,-10,20,-13,20,-11,19,-10,13,-12,14,-9,11,0,0,0,0,0,0,0,0,0,0,0,0,0,0,0,0,0,0,0,0,0,0,-3,12,-5,13,-5,14,-6,17,-8,19,-9,20,-12,25,-14,25,-17,31,-21,29,-31,29,-32,33,-37,32,-41,31,-46,35,-50,28,-56,29,-56,24,-58,25,-59,21,-70,19,-70,16,-69,12,-71,8,-74,8,-73,1,-71,0,-71,-1,-74,-3,-73,-5,-71,-5,-72,-7,-68,-9,-70,-7,-72,-9,-73,-10,-72,-10,-70,-7,-73,-11,-74,-11,-71,-18,-71,-9,-70,-11,-69,-12,-69,-10,-67,-12,-71,-10,-69,-11,-71,-12,-68,-14,-69,-12,-69,-13,-65,-12,-65,-9,-69,-13,-73,-15,-69,-8,0,0]"
CSI_DATA,116,2a:00:00:00:00:00,-44,11,1,0,1,1,1,0,0,0,1,-97,0,11,2,1792979,0,44,0,384,0,"[0,0,0,0,0,0,0,0,0,0,0,0,10,-5,9,-5,9,-5,9,-5,8,-5,9,-4,9,-4,8,-4,8,-5,7,-4,8,-4,7,-4,7,-4,7,-4,6,-4,7,-5,7,-4,7,-4,6,-4,6,-4,6,-4,6,-4,6,-4,5,-4,5,-4,6,-4,0,0,6,-4,5,-4,5,-4,6,-4,5,-3,5,-4,5,-3,5,-3,5,-3,5,-3,5,-2,5,-3,5,-2,4,-2,4,-2,4,-2,4,-1,4,-1,4,-1,4,-1,3,0,3,0,3,0,3,0,2,0,2,0,0,0,0,0,0,0,0,0,0,0,0,0,0,0,54,-35,58,-36,53,-35,53,-31,55,-29,51,-30,53,-30,51,-32,44,-28,47,-27,46,-27,48,-26,44,-27,41,-25,41,-27,41,-27,40,-27,37,-29,37,-27,37,-23,37,-27,35,-25,36,-31,31,-23,34,-24,36,-28,34,-19,31,-23,31,-24,32,-22,33,-21,30,-18,28,-23,26,-26,32,-17,31,-21,26,-20,31,-22,27,-18,29,-18,27,-15,28,-16,31,-13,27,-14,26,-13,28,-10,24,-10,26,-10,23,-6,19,-7,24,-3,23,-5,20,-1,18,-4,17,0,18,0,16,0,0,0,0,0,0,0,0,0,0,0,0,0,0,0,0,0,0,0,0,0,0,0,6,-7,10,-10,12,-13,16,-13,17,-11,20,-12,20,-12,28,-12,31,-11,36,-13,38,-14,42,-7,48,-7,53,-2,53,-3,55,5,60,10,57,10,61,15,60,21,60,25,61,33,58,31,61,38,57,38,57,45,52,42,51,48,56,48,54,51,50,49,51,50,48,51,49,50,47,54,45,56,44,56,47,53,44,52,46,53,42,53,49,53,45,55,45,53,43,54,42,58,39,55,40,56,43,54,41,53,42,54,45,57,39,58,38,56,43,56,42,60,43,56,0,0]"
CSI_DATA,117,2a:00:00:00:00:00,-45,11,1,0,1,1,1,0,0,0,1,-97,0,11,2,1833100,0,44,0,384,0,"[0,0,0,0,0,0,0,0,0,0,0,0,-4,10,-3,10,-3,10,-3,10,-3,9,-3,8,-3,8,-3,8,-3,8,-3,8,-3,8,-3,8,-2,8,-2,8,-2,8,-2,7,-2,7,-2,7,-1,7,-1,7,-2,7,-2,7,-2,6,-1,7,-1,7,-2,6,0,0,-2,6,-1,6,-2,6,-2,6,-2,6,-1,6,-2,6,-2,6,-2,5,-2,5,-2,4,-2,5,-2,5,-3,4,-2,4,-2,4,-3,4,-3,3,-3,3,-3,3,-3,2,-3,3,-3,2,-3,2,-3,2,-3,1,0,0,0,0,0,0,0,0,0,0,0,0,0,0,-24,60,-24,62,-18,61,-25,57,-18,59,-19,54,-19,58,-22,56,-17,53,-17,47,-19,47,-20,49,-16,49,-17,51,-13,47,-9,48,-12,47,-12,42,-11,45,-10,43,-10,45,-10,42,-10,44,-11,41,-12,40,-10,44,-10,36,-9,40,-10,36,-7,33,-7,35,-8,34,-10,36,-7,37,-7,33,-6,31,-11,32,-9,32,-8,32,-10,30,-8,31,-7,29,-9,29,-11,27,-12,28,-10,25,-9,28,-14,22,-12,21,-13,21,-13,18,-12,15,-12,15,-13,15,-12,13,-10,11,-15,10,0,0,0,0,0,0,0,0,0,0,0,0,0,0,0,0,0,0,0,0,0,0,-2,10,-6,10,-3,13,-9,14,-9,21,-13,20,-16,23,-16,25,-22,29,-24,28,-29,28,-32,30,-36,30,-40,30,-44,28,-51,26,-49,23,-57,21,-60,23,-63,13,-71,7,-67,7,-71,5,-70,4,-71,0,-71,0,-70,-5,-72,-10,-73,-8,-72,-9,-72,-11,-69,-13,-71,-14,-68,-16,-71,-21,-66,-19,-67,-17,-71,-17,-68,-17,-68,-17,-68,-20,-70,-16,-66,-14,-70,-17,-62,-15,-70,-22,-68,-21,-66,-21,-66,-18,-64,-22,-70,-19,-63,-17,-64,-18,-68,-16,-67,-16,-70,-22,-68,-27,0,0]"
CSI_DATA,118,2a:00:00:00:00:00,-45,11,1,0,1,1,1,0,0,0,1,-97,0,11,2,1852747,0,44,0,384,0,"[0,0,0,0,0,0,0,0,0,0,0,0,8,6,8,7,7,6,8,7,7,6,8,6,7,6,7,5,6,6,6,5,7,4,7,4,7,4,7,4,6,5,6,4,7,4,6,3,7,4,6,4,6,4,5,4,6,2,6,3,6,3,6,2,0,0,6,2,5,3,5,3,5,2,5,3,5,3,5,3,4,3,5,3,4,2,4,2,4,2,4,2,4,2,4,2,4,3,3,2,3,3,3,3,2,3,2,3,2,3,1,2,1,2,1,2,1,2,0,0,0,0,0,0,0,0,0,0,0,0,0,0,16,60,19,62,16,55,19,56,21,65,17,57,17,54,20,54,15,48,19,51,20,46,18,49,23,48,16,45,16,42,25,42,21,45,20,42,18,42,21,43,21,37,22,42,18,36,18,36,18,33,17,37,21,33,17,33,17,33,19,35,19,33,18,31,16,32,15,27,17,31,17,30,13,28,11,30,15,29,16,29,15,30,13,28,13,24,14,28,8,26,9,27,8,28,10,26,6,26,3,23,4,18,4,23,3,22,3,19,1,17,1,16,-1,14,0,0,0,0,0,0,0,0,0,0,0,0,0,0,0,0,0,0,0,0,0,0,2,9,3,10,3,16,1,18,4,20,1,24,-1,26,-1,30,-6,38,-9,40,-11,41,-15,41,-18,44,-21,48,-24,47,-36,45,-35,46,-38,50,-41,46,-46,43,-48,45,-58,43,-56,40,-57,36,-60,37,-62,38,-66,35,-66,34,-67,28,-61,28,-65,27,-64,24,-65,22,-63,26,-66,23,-67,22,-67,26,-65,22,-64,22,-63,24,-68,22,-68,25,-65,23,-68,20,-63,21,-58,28,-64,25,-64,22,-66,22,-68,21,-64,26,-63,25,-65,26,-62,27,-63,23,-67,20,-67,20,0,0]"
CSI_DATA,119,2a:00:00:00:00:00,-44,11,1,0,1,1,1,0,0,0,1,-97,0,11,2,1863215,0,44,0,384,0,"[0,0,0,0,0,0,0,0,0,0,0,0,2,-11,2,-11,2,-11,2,-11,2,-11,2,-10,2,-10,2,-9,2,-9,2,-9,1,-9,1,-9,1,-9,1,-9,1,-9,1,-8,1,-9,1,-8,0,-9,1,-8,1,-8,0,-8,1,-7,0,-8,0,-8,0,-7,0,0,0,-7,0,-7,0,-7,0,-6,0,-7,0,-7,0,-7,0,-7,0,-6,2,-7,0,-6,1,-6,1,-6,1,-6,1,-5,1,-5,2,-5,1,-4,1,-4,1,-4,2,-4,2,-4,2,-3,2,-3,1,-3,1,-3,0,0,0,0,0,0,0,0,0,0,0,0,0,0,23,-65,20,-61,27,-63,18,-57,19,-55,23,-57,21,-56,23,-57,21,-51,18,-52,17,-50,17,-47,13,-47,17,-48,16,-44,15,-44,13,-46,12,-43,12,-48,11,-42,11,-46,7,-37,9,-45,6,-44,6,-42,7,-42,6,-39,10,-39,9,-40,7,-36,5,-36,4,-36,7,-36,4,-39,4,-31,9,-37,7,-37,10,-32,8,-25,4,-25,4,-37,4,-35,13,-28,9,-30,9,-31,6,-27,7,-27,7,-22,8,-27,11,-18,9,-21,10,-18,11,-20,12,-17,14,-14,9,-13,10,-12,0,0,0,0,0,0,0,0,0,0,0,0,0,0,0,0,0,0,0,0,0,0,7,-9,6,-13,6,-12,8,-16,12,-18,13,-23,17,-24,19,-26,25,-25,27,-23,31,-25,37,-24,42,-20,48,-22,52,-24,53,-17,60,-14,59,-12,63,-11,63,-7,67,-6,70,-2,65,2,69,7,69,11,70,14,69,17,69,16,64,15,68,19,64,17,67,21,69,21,69,20,69,22,67,19,61,24,60,24,66,25,67,24,68,23,59,18,65,25,65,23,64,22,63,22,64,19,63,22,64,24,63,21,62,24,67,25,64,24,59,22,67,26,67,23,67,24,0,0]"
CSI_DATA,120,2a:00:00:00:00:00,-45,11,1,0,1,1,1,0,0,0,1,-97,0,11,2,1882765,0,44,0,384,0,"[0,0,0,0,0,0,0,0,0,0,0,0,4,-10,4,-10,4,-10,3,-10,3,-9,4,-9,4,-9,4,-8,3,-8,3,-8,3,-8,3,-8,2,-8,2,-8,2,-8,2,-8,2,-8,2,-7,2,-8,2,-8,2,-7,1,-7,2,-7,1,-7,1,-7,2,-7,0,0,2,-7,1,-6,1,-7,2,-6,1,-6,1,-6,1,-6,2,-6,2,-5,2,-5,2,-5,2,-5,2,-5,2,-5,2,-4,2,-4,2,-4,2,-4,2,-4,2,-3,2,-3,2,-3,2,-2,2,-2,1,-2,2,-2,0,0,0,0,0,0,0,0,0,0,0,0,0,0,18,-62,20,-66,18,-62,19,-57,20,-59,18,-53,20,-58,16,-54,19,-53,16,-48,13,-51,15,-48,10,-49,12,-48,17,-46,12,-44,8,-48,10,-45,10,-47,11,-45,6,-43,10,-42,7,-44,8,-41,9,-44,5,-42,4,-43,0,-30,3,-42,3,-36,5,-34,4,-34,1,-36,4,-34,7,-36,5,-37,7,-37,7,-36,8,-34,5,-30,9,-31,11,-28,8,-28,9,-29,9,-26,9,-28,9,-24,10,-26,11,-20,11,-21,10,-18,11,-20,12,-18,12,-16,11,-15,12,-11,12,-10,0,0,0,0,0,0,0,0,0,0,0,0,0,0,0,0,0,0,0,0,0,0,4,-13,3,-13,5,-16,6,-19,7,-21,10,-21,15,-25,17,-26,18,-26,23,-33,30,-28,34,-35,36,-30,42,-29,43,-26,52,-25,53,-26,56,-18,58,-20,60,-18,66,-13,66,-12,74,-10,73,-6,70,0,71,1,71,8,69,5,73,9,71,9,69,9,68,11,71,12,70,10,68,14,67,13,67,12,68,20,64,16,67,18,66,19,71,18,66,18,72,13,66,14,63,11,66,13,64,12,67,12,67,16,66,19,67,20,63,20,66,17,63,22,62,20,69,16,0,0]"
CSI_DATA,121,2a:00:00:00:00:00,-45,11,1,0,1,1,1,0,0,0,1,-97,0,11,2,1902829,0,44,0,384,0,"[0,0,0,0,0,0,0,0,0,0,0,0,-11,-2,-12,-2,-10,-2,-11,-2,-10,-2,-11,-2,-10,-2,-10,-2,-10,-2,-9,-1,-9,-2,-9,-1,-9,-2,-9,-2,-8,-1,-9,-1,-9,-1,-8,-1,-8,-1,-8,0,-8,-1,-8,-1,-8,0,-8,-1,-7,-1,-8,0,0,0,-8,0,-7,0,-7,0,-7,0,-6,0,-6,0,-6,0,-6,0,-7,-1,-6,-1,-6,-1,-6,-1,-6,-1,-5,-1,-5,-1,-5,-2,-5,-1,-5,-2,-5,-2,-4,-2,-4,-2,-4,-2,-4,-2,-3,-2,-3,-2,-3,-2,0,0,0,0,0,0,0,0,0,0,0,0,0,0,-59,-20,-63,-18,-57,-16,-59,-18,-61,-15,-56,-14,-54,-15,-53,-13,-53,-13,-49,-14,-53,-14,-51,-19,-51,-12,-51,-10,-47,-11,-48,-9,-47,-10,-46,-5,-41,-6,-47,-7,-45,-8,-47,-6,-40,-3,-40,-6,-41,-5,-38,-6,-41,-5,-37,-3,-40,-8,-40,-1,-41,-3,-38,-4,-32,1,-32,4,-39,-3,-29,-2,-33,-4,-31,-3,-36,-7,-34,-7,-33,-6,-30,-3,-29,-5,-34,-5,-30,-5,-28,-8,-26,-7,-28,-6,-24,-11,-21,-9,-21,-12,-19,-10,-22,-10,-17,-11,-16,-9,-17,-9,-13,-11,0,0,0,0,0,0,0,0,0,0,0,0,0,0,0,0,0,0,0,0,0,0,-14,-3,-12,-5,-15,-5,-17,-8,-16,-8,-21,-11,-22,-17,-26,-19,-26,-24,-29,-25,-27,-29,-28,-35,-30,-38,-30,-44,-29,-45,-23,-50,-25,-56,-20,-58,-19,-58,-14,-65,-7,-64,-7,-69,-2,-69,-6,-69,1,-73,-2,-73,4,-75,8,-71,8,-74,7,-69,13,-72,13,-69,12,-67,14,-69,16,-69,14,-68,13,-70,16,-67,16,-66,14,-69,14,-66,16,-70,11,-66,13,-66,16,-64,16,-71,17,-69,17,-66,17,-70,17,-67,13,-65,12,-67,14,-67,14,-67,13,-67,15,-63,19,-65,0,0]"
CSI_DATA,122,2a:00:00:00:00:00,-45,11,1,0,1,1,1,0,0,0,1,-97,0,11,2,1912539,0,44,0,384,0,"[0,0,0,0,0,0,0,0,0,0,0,0,1,10,1,10,2,10,1,10,2,10,1,9,1,9,1,9,1,8,2,9,1,8,2,8,2,8,2,8,1,8,1,7,2,7,1,7,2,7,1,7,1,7,1,7,1,6,2,7,2,6,1,6,0,0,1,6,1,6,1,6,1,6,1,6,1,6,1,6,1,6,1,5,0,5,1,4,0,5,0,5,0,5,0,4,0,4,-1,4,-1,4,-1,4,-1,3,-1,3,-1,3,-1,3,-2,3,-1,2,-2,2,0,0,0,0,0,0,0,0,0,0,0,0,0,0,9,64,8,66,9,65,8,64,8,61,8,58,7,58,7,58,8,57,10,54,8,50,9,49,9,52,6,45,8,48,9,49,8,49,8,47,7,46,11,47,10,40,12,45,10,43,8,42,7,39,10,41,10,36,10,39,7,37,12,38,11,35,10,36,8,36,8,35,11,32,6,35,7,34,7,34,8,33,11,32,7,28,5,29,4,30,1,31,3,29,3,30,-2,25,-1,25,-2,22,-1,23,-3,22,-5,19,-8,18,-8,18,-7,16,-9,14,-11,12,0,0,0,0,0,0,0,0,0,0,0,0,0,0,0,0,0,0,0,0,0,0,2,8,4,11,1,16,2,20,2,23,0,25,1,29,-1,32,-4,33,-5,37,-13,43,-11,42,-15,45,-21,48,-24,48,-32,49,-33,50,-42,43,-43,49,-46,45,-47,44,-56,40,-58,40,-61,39,-65,33,-65,33,-66,32,-65,29,-69,26,-71,26,-67,23,-71,20,-68,21,-68,21,-72,20,-71,20,-66,17,-69,18,-68,17,-69,19,-72,15,-67,19,-67,19,-70,20,-65,20,-71,12,-67,15,-67,19,-69,14,-69,13,-68,11,-65,17,-70,13,-64,14,-71,12,-70,12,-70,16,0,0]"
CSI_DATA,123,2a:00:00:00:00:00,-45,11,1,0,1,1,1,0,0,0,1,-97,0,11,2,1923247,0,44,0,384,0,"[0,0,0,0,0,0,0,0,0,0,0,0,0,9,0,9,0,10,-1,10,-1,9,0,9,-1,8,0,8,-1,8,0,8,0,8,0,7,0,8,0,7,0,8,0,7,0,7,0,7,1,7,0,7,0,7,0,7,1,6,0,6,1,6,0,6,0,0,1,6,0,6,0,6,0,5,0,6,0,6,0,5,0,5,0,5,0,5,0,4,0,5,0,5,-1,4,-1,4,-1,4,-1,4,-1,4,-1,3,-1,3,-1,3,-2,3,-2,3,-2,2,-2,2,-2,2,0,0,0,0,0,0,0,0,0,0,0,0,0,0,-23,64,-20,61,-19,62,-18,58,-15,56,-15,58,-19,54,-17,58,-17,56,-16,53,-17,49,-13,53,-13,51,-13,52,-10,46,-6,44,-11,48,-8,46,-10,50,-9,44,-8,49,-5,39,-4,46,-8,42,-8,41,-10,43,-3,40,-4,39,-7,40,-1,37,-5,37,-4,36,-8,38,-6,36,-4,35,-7,35,-7,33,-4,35,-5,31,-5,34,-3,31,-7,29,-7,29,-10,30,-10,28,-9,26,-12,26,-7,25,-13,24,-11,18,-12,18,-11,21,-13,16,-11,14,-11,15,-12,16,-12,14,0,0,0,0,0,0,0,0,0,0,0,0,0,0,0,0,0,0,0,0,0,0,-4,10,-4,16,-1,15,-5,18,-7,20,-9,23,-14,26,-15,28,-22,27,-21,29,-28,32,-34,33,-36,32,-43,35,-47,32,-49,28,-54,28,-55,24,-58,23,-68,16,-66,12,-73,9,-66,9,-72,7,-75,4,-69,2,-77,0,-74,-5,-72,-6,-75,-3,-71,-10,-71,-13,-72,-15,-71,-14,-74,-16,-67,-15,-69,-11,-68,-10,-71,-13,-72,-15,-70,-18,-68,-13,-71,-13,-70,-13,-72,-13,-64,-16,-66,-16,-68,-14,-70,-17,-66,-17,-69,-15,-71,-14,-67,-16,-66,-17,-73,-15,-71,-19,-70,-15,0,0]"
CSI_DATA,124,2a:00:00:00:00:00,-45,11,1,0,1,1,1,0,0,0,1,-97,0,11,2,1932529,0,44,0,384,0,"[0,0,0,0,0,0,0,0,0,0,0,0,9,5,9,5,9,6,9,6,8,5,8,5,8,4,8,4,8,4,7,4,8,4,7,4,7,4,7,4,7,4,7,3,7,3,7,3,7,3,7,3,6,3,6,3,7,2,6,2,6,3,6,2,0,0,6,2,6,2,6,2,6,2,5,2,5,2,5,2,5,2,5,2,5,2,5,2,4,2,4,3,4,2,4,3,4,2,3,2,3,2,3,2,3,2,2,2,2,2,2,2,1,2,1,2,1,2,0,0,0,0,0,0,0,0,0,0,0,0,0,0,54,30,53,30,57,28,54,26,54,24,52,25,49,28,49,29,48,23,53,23,48,21,46,18,47,18,43,20,46,20,44,17,43,17,43,16,40,13,42,15,46,14,41,12,41,11,38,11,37,11,38,11,39,9,39,12,34,10,36,9,38,8,38,10,30,6,35,7,34,5,33,8,31,3,29,5,31,8,33,7,33,7,29,9,26,10,22,8,26,8,25,11,26,15,23,11,20,13,20,13,20,12,15,11,17,9,12,12,12,12,9,13,9,12,0,0,0,0,0,0,0,0,0,0,0,0,0,0,0,0,0,0,0,0,0,0,7,8,12,9,9,10,15,12,16,14,16,19,21,21,18,22,18,28,19,30,18,36,16,39,18,45,13,50,13,52,5,52,7,60,4,61,1,66,-7,63,-4,65,-10,67,-16,65,-19,66,-22,64,-23,67,-28,69,-29,64,-30,62,-30,62,-28,60,-33,62,-30,60,-34,68,-28,61,-29,60,-34,59,-32,60,-33,58,-35,60,-34,64,-32,57,-34,60,-34,60,-33,60,-26,58,-32,61,-29,63,-30,62,-30,56,-32,60,-32,62,-30,62,-29,57,-34,57,-39,57,-32,60,0,0]"
CSI_DATA,125,2a:00:00:00:00:00,-45,11,1,0,1,1,1,0,0,0,1,-97,0,11,2,1942650,0,44,0,384,0,"[0,0,0,0,0,0,0,0,0,0,0,0,-4,-11,-3,-10,-4,-11,-3,-11,-4,-11,-4,-10,-4,-9,-4,-9,-4,-9,-4,-9,-3,-9,-4,-8,-4,-9,-4,-8,-4,-8,-4,-8,-4,-7,-4,-8,-4,-8,-4,-8,-4,-8,-4,-8,-4,-7,-4,-7,-4,-7,-4,-6,0,0,-4,-6,-4,-7,-4,-6,-4,-6,-3,-6,-4,-6,-3,-6,-3,-6,-3,-6,-3,-6,-3,-6,-2,-6,-2,-6,-2,-6,-2,-5,-2,-5,-2,-5,-1,-5,-2,-5,-1,-5,-1,-4,-1,-4,-1,-4,0,-4,-1,-4,0,-3,0,0,0,0,0,0,0,0,0,0,0,0,0,0,-12,-63,-9,-65,-10,-65,-12,-62,-12,-62,-11,-63,-9,-59,-9,-59,-11,-55,-10,-55,-11,-54,-12,-47,-12,-51,-15,-48,-14,-47,-18,-45,-15,-45,-13,-46,-12,-46,-15,-43,-17,-43,-14,-43,-12,-43,-15,-40,-13,-39,-12,-41,-14,-37,-16,-37,-15,-41,-18,-35,-17,-34,-14,-36,-14,-37,-13,-33,-15,-34,-12,-34,-8,-33,-10,-32,-12,-33,-10,-31,-10,-31,-8,-32,-8,-30,-7,-28,-5,-29,-6,-27,-5,-26,-2,-29,0,-25,-3,-26,-1,-27,2,-19,3,-19,1,-21,1,-18,2,-16,4,-15,0,0,0,0,0,0,0,0,0,0,0,0,0,0,0,0,0,0,0,0,0,0,-4,-9,-4,-16,-3,-17,-3,-17,0,-23,-1,-25,0,-29,4,-31,7,-38,9,-36,11,-42,15,-44,18,-49,24,-47,28,-48,34,-44,40,-49,41,-45,45,-45,49,-43,55,-44,57,-40,57,-38,63,-39,63,-35,64,-34,62,-27,67,-27,67,-24,70,-23,67,-24,66,-20,67,-21,69,-19,67,-19,69,-18,65,-20,68,-21,66,-20,68,-17,70,-18,66,-16,69,-18,70,-17,66,-17,61,-16,68,-18,67,-19,70,-20,65,-19,67,-18,66,-25,68,-16,68,-16,69,-18,67,-18,69,-11,0,0]"
CSI_DATA,126,2a:00:00:00:00:00,-45,11,1,0,1,1,1,0,0,0,1,-97,0,11,2,1952542,0,44,0,384,0,"[0,0,0,0,0,0,0,0,0,0,0,0,9,-6,8,-6,8,-6,8,-6,8,-6,8,-6,8,-6,7,-6,7,-6,6,-6,7,-6,7,-6,6,-6,6,-6,5,-6,6,-6,6,-6,6,-6,5,-6,5,-6,5,-5,5,-5,6,-5,4,-5,5,-5,5,-5,0,0,5,-5,4,-5,4,-5,4,-5,4,-5,4,-5,4,-5,4,-5,4,-4,4,-4,4,-4,4,-4,3,-4,3,-4,3,-3,3,-3,4,-3,3,-3,3,-2,3,-2,3,-2,3,-2,3,-2,3,-1,2,-1,2,-1,0,0,0,0,0,0,0,0,0,0,0,0,0,0,50,-49,48,-41,49,-43,45,-40,46,-42,45,-38,43,-42,43,-40,41,-39,43,-36,38,-38,38,-43,36,-35,34,-38,38,-34,36,-32,37,-37,30,-36,30,-36,32,-33,28,-34,31,-33,25,-39,25,-35,26,-35,25,-32,25,-33,23,-34,25,-32,25,-27,24,-27,23,-30,19,-31,17,-33,19,-27,23,-25,15,-29,17,-30,20,-26,18,-23,19,-21,18,-21,22,-24,22,-24,18,-21,24,-17,20,-18,21,-18,18,-15,21,-16,18,-12,19,-11,18,-14,15,-11,19,-8,15,-6,14,-6,0,0,0,0,0,0,0,0,0,0,0,0,0,0,0,0,0,0,0,0,0,0,9,-7,14,-10,12,-10,17,-8,21,-8,22,-11,23,-11,26,-10,31,-12,36,-10,42,-7,48,1,47,-1,50,4,57,4,56,12,62,11,58,17,64,19,63,28,59,29,64,28,57,33,60,41,53,43,54,49,51,48,54,50,49,53,54,51,50,46,50,51,54,49,52,46,48,50,47,52,44,54,46,53,43,52,47,53,48,51,43,50,46,54,50,48,45,52,51,48,52,48,49,50,49,48,48,46,47,52,46,54,46,49,45,47,50,48,48,50,53,50,0,0]"
CSI_DATA,127,2a:00:00:00:00:00,-45,11,1,0,1,1,1,0,0,0,1,-97,0,11,2,1962525,0,44,0,384,0,"[0,0,0,0,0,0,0,0,0,0,0,0,8,-8,8,-7,7,-8,7,-7,7,-7,7,-7,7,-7,7,-6,6,-6,6,-7,6,-6,6,-6,5,-6,5,-6,5,-6,6,-6,5,-6,5,-6,5,-6,5,-6,5,-6,5,-6,5,-5,4,-6,4,-5,5,-5,0,0,4,-5,4,-5,4,-5,5,-4,4,-5,4,-5,4,-5,4,-5,4,-4,4,-4,4,-4,4,-4,4,-4,4,-3,4,-3,3,-2,4,-3,3,-2,3,-1,3,-2,3,-1,3,-2,3,-1,3,-1,2,-1,2,-1,0,0,0,0,0,0,0,0,0,0,0,0,0,0,45,-41,51,-47,42,-49,46,-41,47,-44,43,-37,44,-43,40,-40,39,-41,38,-36,43,-33,40,-37,39,-35,38,-36,33,-34,32,-38,32,-39,30,-37,30,-34,33,-35,31,-32,30,-33,24,-33,29,-34,28,-29,26,-31,29,-31,25,-33,25,-32,24,-30,22,-30,24,-26,24,-33,25,-30,21,-27,22,-24,23,-27,24,-27,25,-24,27,-22,21,-24,24,-22,21,-24,21,-20,22,-17,20,-17,21,-15,22,-16,20,-11,19,-12,19,-9,16,-11,19,-8,19,-5,17,-7,17,-3,15,-6,0,0,0,0,0,0,0,0,0,0,0,0,0,0,0,0,0,0,0,0,0,0,7,-11,7,-10,11,-14,13,-16,15,-17,20,-16,23,-18,24,-18,30,-20,32,-21,38,-14,43,-17,44,-18,48,-11,50,-12,57,-5,59,-1,63,1,62,3,67,9,66,14,69,18,69,24,64,20,63,29,68,27,63,31,58,35,64,36,58,38,62,41,56,39,58,41,55,37,57,44,52,46,55,44,55,41,55,39,57,42,52,43,55,43,52,42,60,43,48,43,47,41,51,45,52,47,51,44,55,42,58,44,55,43,51,46,54,45,58,44,52,48,55,46,0,0]"
CSI_DATA,128,2a:00:00:00:00:00,-45,11,1,0,1,1,1,0,0,0,1,-97,0,11,2,1972721,0,44,0,384,0,"[0,0,0,0,0,0,0,0,0,0,0,0,-3,10,-3,9,-3,10,-3,9,-3,9,-3,8,-3,9,-2,8,-3,8,-2,8,-2,8,-2,8,-2,8,-2,8,-1,7,-2,7,-2,7,-2,7,-1,7,-1,7,-1,7,-1,7,-2,6,-1,7,-1,6,-1,6,0,0,-1,6,-1,6,-1,6,-1,6,-1,6,-1,6,-1,6,-2,5,-1,5,-2,5,-2,5,-2,5,-2,4,-2,4,-2,4,-2,4,-2,4,-2,3,-2,3,-2,3,-2,3,-2,2,-3,2,-2,2,-2,2,-2,1,0,0,0,0,0,0,0,0,0,0,0,0,0,0,-21,61,-23,56,-21,63,-20,59,-19,56,-19,56,-18,53,-21,51,-17,55,-18,49,-14,48,-16,48,-14,48,-16,45,-12,48,-11,45,-13,45,-12,47,-14,46,-10,42,-7,47,-8,41,-8,42,-8,39,-7,41,-9,41,-7,37,-7,39,-6,39,-4,36,-7,34,-4,36,-7,36,-10,36,-3,35,-8,32,-6,36,-8,33,-8,34,-6,32,-5,28,-6,29,-12,29,-12,27,-13,27,-9,25,-12,22,-11,21,-12,21,-12,19,-11,18,-11,17,-16,17,-11,12,-11,14,-12,10,-10,10,0,0,0,0,0,0,0,0,0,0,0,0,0,0,0,0,0,0,0,0,0,0,-2,9,-4,13,-3,15,-6,20,-7,19,-12,22,-16,23,-17,25,-20,24,-22,29,-27,29,-32,32,-38,26,-42,29,-47,28,-50,23,-57,26,-58,20,-62,19,-65,16,-66,13,-71,10,-70,7,-70,4,-72,0,-74,-1,-73,-8,-74,-7,-67,-12,-74,-12,-67,-12,-70,-13,-70,-15,-68,-18,-70,-14,-68,-16,-63,-9,-66,-14,-68,-16,-70,-17,-69,-18,-65,-14,-70,-18,-67,-17,-67,-17,-66,-13,-64,-14,-67,-14,-70,-17,-68,-19,-64,-18,-68,-16,-71,-14,-63,-16,-73,-19,-73,-16,-66,-20,0,0]"
CSI_DATA,129,2a:00:00:00:00:00,-45,11,1,0,1,1,1,0,0,0,1,-97,0,11,2,1983016,0,44,0,384,0,"[0,0,0,0,0,0,0,0,0,0,0,0,-9,7,-9,6,-8,7,-8,6,-8,6,-8,6,-8,5,-8,6,-8,6,-7,6,-8,5,-7,5,-6,6,-7,5,-6,6,-7,6,-6,6,-6,5,-5,6,-6,5,-5,5,-5,5,-6,5,-5,5,-5,5,-6,5,0,0,-5,4,-5,5,-5,5,-5,4,-5,4,-5,4,-4,4,-4,4,-5,3,-5,3,-5,3,-5,4,-4,3,-4,3,-5,2,-4,2,-4,2,-4,2,-4,2,-4,1,-4,1,-4,1,-4,1,-4,0,-3,0,-3,0,0,0,0,0,0,0,0,0,0,0,0,0,0,0,-58,27,-60,31,-58,29,-54,23,-54,31,-51,24,-53,24,-52,27,-49,26,-49,23,-49,24,-44,23,-48,24,-43,30,-40,25,-43,27,-39,27,-37,29,-38,26,-40,24,-35,25,-38,24,-33,28,-34,25,-31,23,-30,24,-32,22,-28,24,-32,23,-32,25,-28,24,-28,21,-28,23,-29,29,-29,19,-26,25,-24,24,-25,24,-28,19,-25,18,-28,18,-24,16,-28,15,-22,19,-27,15,-27,17,-23,14,-24,14,-20,7,-20,8,-21,6,-20,4,-17,3,-19,3,-20,4,-18,3,-18,0,0,0,0,0,0,0,0,0,0,0,0,0,0,0,0,0,0,0,0,0,0,0,-10,3,-13,6,-17,6,-19,4,-22,8,-24,5,-28,4,-29,4,-35,1,-40,-1,-44,-4,-46,-8,-47,-11,-52,-11,-53,-15,-54,-23,-54,-28,-55,-31,-55,-35,-54,-40,-56,-42,-53,-48,-51,-48,-51,-50,-48,-54,-48,-54,-42,-59,-42,-55,-40,-61,-38,-61,-40,-62,-37,-61,-37,-57,-38,-62,-35,-66,-35,-62,-36,-61,-35,-63,-34,-60,-35,-60,-32,-60,-32,-61,-34,-62,-36,-65,-33,-58,-35,-64,-33,-63,-32,-60,-37,-61,-33,-58,-34,-56,-30,-61,-31,-61,-38,-59,-35,-61,-36,-64,-36,-61,0,0]"
CSI_DATA,130,2a:00:00:00:00:00,-45,11,1,0,1,1,1,0,0,0,1,-97,0,11,2,1992493,0,44,0,384,0,"[0,0,0,0,0,0,0,0,0,0,0,0,-2,-11,-2,-11,-2,-11,-2,-10,-2,-10,-2,-9,-2,-10,-2,-9,-2,-9,-2,-9,-2,-9,-2,-8,-2,-9,-2,-8,-2,-8,-2,-8,-2,-8,-2,-7,-2,-8,-2,-8,-2,-8,-3,-8,-2,-7,-2,-7,-2,-7,-2,-7,0,0,-3,-7,-2,-7,-2,-7,-2,-6,-2,-7,-2,-7,-2,-7,-2,-6,-2,-6,-2,-6,-1,-5,-1,-6,-1,-6,-1,-6,-1,-5,-1,-5,0,-5,-1,-5,-1,-4,0,-4,0,-4,0,-4,0,-4,0,-3,0,-3,0,-3,0,0,0,0,0,0,0,0,0,0,0,0,0,0,9,-68,11,-63,9,-63,8,-57,4,-60,8,-56,6,-62,6,-57,7,-53,5,-51,7,-51,2,-53,5,-52,2,-48,0,-45,-2,-47,1,-52,0,-47,0,-47,-2,-45,-4,-44,-2,-45,-4,-46,-2,-43,-3,-40,2,-43,-3,-39,-2,-40,-2,-41,-5,-36,-5,-36,-3,-37,-1,-36,-2,-36,-5,-34,-2,-34,-3,-35,2,-34,0,-34,-4,-33,-3,-31,0,-32,0,-28,5,-32,4,-27,2,-25,0,-26,4,-24,8,-22,5,-23,5,-24,6,-20,6,-18,7,-15,10,-13,8,-16,9,-12,0,0,0,0,0,0,0,0,0,0,0,0,0,0,0,0,0,0,0,0,0,0,-1,-15,3,-16,2,-14,1,-20,4,-19,9,-25,9,-27,13,-31,17,-30,17,-31,23,-33,28,-37,35,-34,39,-36,41,-39,48,-32,52,-31,51,-30,56,-31,61,-24,63,-21,69,-16,65,-16,66,-17,71,-11,68,-12,72,-8,70,-4,70,0,69,0,70,4,72,-1,67,5,71,7,68,4,69,6,67,4,67,6,67,5,70,3,69,7,66,2,66,5,69,4,65,3,66,5,64,4,67,4,68,4,67,0,63,4,67,6,71,3,61,3,69,6,71,8,72,7,0,0]"
CSI_DATA,131,2a:00:00:00:00:00,-45,11,1,0,1,1,1,0,0,0,1,-97,0,11,2,2002507,0,44,0,384,0,"[0,0,0,0,0,0,0,0,0,0,0,0,-9,-7,-9,-7,-9,-8,-8,-8,-8,-7,-8,-6,-8,-6,-8,-6,-8,-6,-8,-6,-8,-6,-8,-6,-8,-6,-7,-6,-7,-5,-8,-5,-8,-4,-7,-4,-7,-5,-7,-5,-7,-5,-7,-4,-7,-4,-7,-4,-6,-5,-7,-4,0,0,-7,-3,-6,-4,-6,-4,-6,-3,-6,-4,-6,-4,-6,-3,-6,-3,-6,-3,-6,-3,-6,-3,-5,-4,-5,-4,-5,-4,-5,-3,-5,-3,-4,-3,-4,-4,-4,-3,-3,-3,-3,-3,-3,-3,-3,-3,-2,-3,-2,-3,-2,-3,0,0,0,0,0,0,0,0,0,0,0,0,0,0,-44,-49,-41,-49,-43,-48,-45,-50,-46,-42,-42,-46,-38,-45,-40,-45,-39,-42,-40,-43,-39,-37,-38,-39,-37,-38,-36,-36,-40,-35,-40,-31,-41,-34,-38,-32,-35,-28,-39,-30,-38,-30,-35,-26,-36,-27,-34,-27,-32,-24,-34,-26,-35,-22,-33,-24,-32,-19,-33,-21,-31,-18,-33,-23,-29,-23,-31,-23,-32,-22,-30,-20,-26,-19,-27,-18,-30,-19,-28,-21,-27,-20,-24,-22,-22,-18,-23,-18,-21,-18,-18,-22,-22,-21,-20,-21,-20,-17,-13,-22,-14,-19,-13,-18,-11,-16,-13,-14,-11,-17,-10,-14,-6,-13,0,0,0,0,0,0,0,0,0,0,0,0,0,0,0,0,0,0,0,0,0,0,-8,-9,-10,-11,-9,-16,-11,-16,-13,-18,-11,-26,-9,-23,-10,-31,-10,-37,-8,-35,-4,-41,-7,-50,-3,-50,2,-52,7,-58,11,-60,18,-62,19,-61,19,-62,30,-60,30,-61,37,-60,37,-65,41,-59,41,-58,43,-61,46,-57,48,-56,46,-51,51,-53,51,-52,51,-50,53,-50,52,-48,52,-49,54,-49,52,-47,51,-51,52,-49,49,-48,54,-49,53,-45,54,-50,50,-50,50,-49,49,-50,51,-49,49,-48,50,-48,50,-47,53,-48,48,-53,53,-54,47,-51,49,-46,52,-51,53,-48,0,0]"
CSI_DATA,132,2a:00:00:00:00:00,-45,11,1,0,1,1,1,0,0,0,1,-97,0,11,2,2013062,0,44,0,384,0,"[0,0,0,0,0,0,0,0,0,0,0,0,11,1,11,2,10,2,10,2,9,2,10,1,9,1,9,1,9,1,8,0,9,0,9,0,8,0,8,0,7,0,8,0,8,-1,7,0,7,-1,7,0,7,0,7,-1,7,-1,6,-1,6,-1,7,-1,0,0,7,-1,6,-1,6,-1,6,-1,6,-1,6,-1,5,-1,5,-1,6,0,6,-1,5,-1,5,-1,4,0,5,0,5,0,5,0,4,0,4,0,4,0,3,1,4,1,3,1,3,0,2,1,2,1,2,1,0,0,0,0,0,0,0,0,0,0,0,0,0,0,55,17,55,26,61,26,61,25,58,25,53,25,56,19,51,21,50,20,50,20,47,21,48,19,50,18,46,17,48,18,46,12,46,11,41,14,43,13,49,11,44,12,45,11,45,7,41,9,39,10,39,7,41,8,38,8,35,6,37,5,38,9,35,7,35,5,35,4,37,6,34,5,31,4,33,2,31,7,30,9,31,7,28,6,29,9,24,10,26,7,25,9,23,11,23,11,20,9,21,10,19,14,20,14,18,9,12,14,15,8,12,9,8,11,0,0,0,0,0,0,0,0,0,0,0,0,0,0,0,0,0,0,0,0,0,0,8,5,10,5,14,5,15,10,15,10,20,15,19,16,21,22,22,24,26,26,25,34,24,35,26,37,24,45,20,45,17,53,17,57,11,59,14,60,8,63,5,66,-2,70,-3,69,-6,69,-8,68,-12,72,-14,70,-15,66,-16,68,-21,66,-19,65,-18,66,-22,66,-22,65,-22,66,-24,65,-24,66,-22,66,-22,66,-21,67,-26,62,-22,64,-23,62,-21,64,-23,68,-26,68,-25,67,-23,64,-25,64,-24,61,-22,60,-22,63,-21,63,-23,65,-24,63,-21,62,-25,63,0,0]"
CSI_DATA,133,2a:00:00:00:00:00,-45,11,1,0,1,1,1,0,0,0,1,-97,0,11,2,2022969,0,44,0,384,0,"[0,0,0,0,0,0,0,0,0,0,0,0,3,9,3,9,3,9,2,9,2,9,3,8,3,8,3,7,2,7,3,8,2,7,3,7,3,7,2,7,3,7,3,7,3,6,2,6,3,6,2,6,2,6,3,6,2,6,2,6,2,6,2,5,0,0,2,5,2,6,2,5,2,5,1,5,2,5,2,5,2,5,2,4,1,4,1,4,1,5,1,4,0,4,1,4,1,4,0,4,0,3,0,4,0,3,0,3,-1,3,-1,3,-1,3,-1,2,-1,2,0,0,0,0,0,0,0,0,0,0,0,0,0,0,12,67,11,58,16,64,18,63,16,59,13,60,10,56,11,64,9,53,14,55,14,50,13,52,12,50,9,49,12,45,18,48,14,47,14,46,14,48,16,37,18,45,15,40,16,39,13,38,15,41,12,41,14,34,15,35,12,34,14,33,17,35,17,36,14,35,15,37,17,32,13,30,9,29,13,32,13,32,15,30,11,27,9,28,7,29,11,29,5,27,9,27,5,28,3,25,2,26,1,25,1,22,4,24,0,17,0,18,-3,17,-4,14,-4,17,0,0,0,0,0,0,0,0,0,0,0,0,0,0,0,0,0,0,0,0,0,0,0,10,1,13,3,15,0,21,1,19,2,22,-3,28,-4,31,-8,36,-10,37,-16,39,-16,44,-19,48,-26,46,-29,49,-36,41,-42,47,-39,41,-50,47,-52,43,-53,42,-61,38,-59,36,-62,34,-65,29,-65,29,-69,27,-69,25,-66,24,-75,21,-66,24,-68,19,-66,17,-69,19,-70,16,-70,17,-65,21,-68,19,-66,17,-68,17,-72,17,-66,16,-68,17,-68,17,-69,18,-65,18,-68,17,-64,20,-71,17,-66,13,-68,15,-67,16,-71,21,-64,12,-70,17,-75,15,-70,14,0,0]"
CSI_DATA,134,2a:00:00:00:00:00,-45,11,1,0,1,1,1,0,0,0,1,-97,0,11,2,2043450,0,44,0,384,0,"[0,0,0,0,0,0,0,0,0,0,0,0,-3,-11,-3,-11,-3,-11,-3,-11,-3,-11,-3,-10,-3,-10,-3,-10,-3,-9,-3,-9,-3,-9,-3,-9,-3,-9,-3,-9,-3,-9,-3,-8,-4,-8,-3,-8,-3,-8,-3,-8,-3,-8,-3,-8,-3,-7,-3,-7,-3,-7,-3,-7,0,0,-3,-7,-3,-7,-3,-7,-3,-7,-3,-7,-2,-7,-3,-7,-2,-7,-2,-6,-2,-6,-2,-6,-2,-6,-2,-6,-2,-6,-2,-5,-2,-5,-1,-5,-1,-5,-1,-5,-1,-5,-1,-4,0,-4,0,-4,0,-4,0,-4,0,-3,0,0,0,0,0,0,0,0,0,0,0,0,0,0,-12,-66,-12,-62,-13,-63,-10,-60,-13,-55,-13,-58,-11,-59,-8,-57,-9,-53,-12,-51,-15,-51,-10,-51,-13,-49,-14,-47,-12,-47,-16,-46,-17,-43,-18,-45,-14,-44,-15,-39,-20,-43,-16,-38,-17,-44,-14,-41,-10,-41,-17,-38,-19,-37,-16,-37,-15,-35,-17,-39,-15,-31,-16,-32,-12,-33,-14,-32,-14,-32,-12,-36,-9,-34,-12,-31,-13,-31,-9,-28,-10,-28,-13,-29,-9,-28,-9,-29,-7,-31,-5,-27,-6,-25,-4,-23,-3,-26,-4,-26,0,-21,-1,-20,1,-22,0,-20,0,-19,3,-17,0,-16,0,0,0,0,0,0,0,0,0,0,0,0,0,0,0,0,0,0,0,0,0,0,-2,-11,-6,-14,-4,-14,-1,-18,-3,-20,1,-27,0,-26,3,-34,4,-32,9,-37,11,-39,17,-42,18,-44,25,-47,28,-48,32,-44,39,-47,42,-41,45,-48,50,-41,53,-40,57,-37,54,-37,61,-36,62,-32,65,-35,64,-28,66,-27,65,-22,69,-25,60,-17,66,-20,68,-16,69,-22,70,-19,66,-16,65,-19,63,-17,63,-21,67,-17,70,-13,63,-18,64,-16,64,-16,69,-19,68,-16,65,-16,65,-20,66,-15,63,-18,69,-18,64,-21,68,-19,60,-19,63,-18,68,-15,66,-18,0,0]"
CSI_DATA,135,2a:00:00:00:00:00,-45,11,1,0,1,1,1,0,0,0,1,-97,0,11,2,2053284,0,44,0,384,0,"[0,0,0,0,0,0,0,0,0,0,0,0,9,4,9,4,9,4,9,4,9,4,8,3,9,3,8,3,8,3,8,3,8,2,8,2,7,2,7,2,7,2,8,2,7,1,8,1,7,2,7,1,6,2,6,2,7,1,6,1,6,1,6,1,0,0,6,1,6,1,5,1,6,1,5,1,5,1,5,1,5,1,5,1,5,1,5,1,4,1,4,1,4,1,4,1,4,1,4,2,3,1,3,2,3,2,3,1,3,2,2,2,2,2,2,1,1,1,0,0,0,0,0,0,0,0,0,0,0,0,0,0,56,29,54,29,56,30,58,26,56,30,54,24,49,25,53,28,45,26,50,20,48,23,48,20,50,21,43,18,45,19,45,20,43,17,40,13,45,14,42,15,47,13,38,16,38,12,38,9,35,12,34,10,40,13,36,12,36,13,39,9,38,11,37,11,33,6,32,9,32,13,33,5,28,10,30,8,31,8,32,10,29,10,31,13,28,10,25,8,25,11,24,12,25,11,22,10,24,14,18,12,21,14,17,15,19,10,15,15,11,10,11,14,9,13,0,0,0,0,0,0,0,0,0,0,0,0,0,0,0,0,0,0,0,0,0,0,12,6,10,5,13,4,14,11,15,10,21,15,22,18,22,20,22,26,23,29,22,37,21,40,21,39,21,46,21,52,15,54,13,62,7,59,7,64,3,66,3,64,-4,69,-7,66,-14,67,-16,68,-18,70,-22,68,-26,71,-24,62,-25,71,-29,66,-27,64,-30,64,-26,65,-28,65,-29,61,-30,60,-28,66,-28,60,-27,62,-29,63,-28,66,-30,64,-29,62,-28,66,-26,59,-26,62,-29,65,-26,60,-29,58,-29,58,-25,61,-28,65,-28,61,-27,65,-32,65,-30,63,0,0]"
CSI_DATA,136,2a:00:00:00:00:00,-45,11,1,0,1,1,1,0,0,0,1,-97,0,11,2,2062497,0,44,0,384,0,"[0,0,0,0,0,0,0,0,0,0,0,0,9,6,8,6,9,6,8,6,8,6,8,5,8,5,7,5,7,4,7,5,7,4,7,4,7,4,7,3,7,4,7,3,7,3,7,3,7,3,6,4,6,3,6,3,6,3,6,3,6,3,6,2,0,0,6,2,5,3,5,2,6,2,5,3,5,2,5,2,4,2,5,2,5,2,5,3,4,2,4,2,4,2,4,2,4,2,3,3,3,2,3,2,3,2,2,2,2,2,2,2,1,2,1,2,1,2,0,0,0,0,0,0,0,0,0,0,0,0,0,0,51,37,44,41,49,38,50,38,45,40,46,37,42,34,43,33,42,31,43,32,43,30,41,30,41,26,37,29,41,26,37,27,36,30,37,22,35,24,37,23,41,20,35,20,35,21,33,22,32,22,31,19,33,21,33,21,28,18,34,18,33,18,35,16,31,17,33,16,30,18,28,14,30,17,25,15,24,15,28,22,24,20,26,18,24,16,23,15,22,21,20,17,21,19,18,18,16,16,14,16,11,19,11,19,13,15,9,14,10,13,9,15,4,12,0,0,0,0,0,0,0,0,0,0,0,0,0,0,0,0,0,0,0,0,0,0,8,4,12,6,13,10,13,10,16,13,17,17,20,22,20,22,19,28,17,28,19,35,17,42,14,43,14,48,11,53,13,60,4,58,4,63,-2,62,-5,60,-9,63,-16,71,-19,65,-22,66,-25,64,-26,65,-28,62,-30,63,-33,62,-32,60,-31,62,-36,59,-37,57,-38,56,-40,59,-40,57,-36,56,-37,60,-37,55,-37,57,-35,56,-36,58,-41,59,-38,61,-37,53,-39,54,-36,54,-36,59,-37,52,-36,54,-37,53,-40,56,-42,58,-37,54,-46,56,-41,52,-38,52,0,0]"
CSI_DATA,137,2a:00:00:00:00:00,-45,11,1,0,1,1,1,0,0,0,1,-97,0,11,2,2072855,0,44,0,384,0,"[0,0,0,0,0,0,0,0,0,0,0,0,10,1,10,1,10,1,9,1,9,1,9,1,9,0,9,0,9,0,8,1,9,0,8,0,8,0,8,0,8,0,8,0,8,-1,7,0,7,0,7,0,7,0,6,0,7,-1,6,0,6,0,6,-1,0,0,6,-1,6,0,6,-1,7,-1,5,0,5,0,5,0,5,0,6,0,6,0,5,0,4,0,4,0,4,0,4,1,4,1,4,1,4,1,4,1,3,1,3,1,2,1,2,1,2,1,2,1,2,1,0,0,0,0,0,0,0,0,0,0,0,0,0,0,58,-1,65,5,61,1,61,2,63,3,61,4,55,1,58,1,53,3,55,0,52,1,51,1,50,-1,49,0,50,4,48,-2,43,-4,44,-1,42,-3,46,-6,46,-3,44,-1,43,-4,42,-6,45,-1,39,-2,38,-4,37,-7,37,-6,37,-3,37,-6,39,-3,35,-6,35,-6,38,-7,36,-2,34,-5,33,-6,32,-2,32,-1,32,0,32,0,30,1,32,4,26,-2,28,2,24,6,27,2,23,7,22,6,20,3,20,6,17,4,19,7,16,6,14,8,11,6,0,0,0,0,0,0,0,0,0,0,0,0,0,0,0,0,0,0,0,0,0,0,11,0,12,-1,15,-3,18,-2,21,-2,25,2,26,3,30,8,35,9,37,12,35,17,38,19,44,26,45,27,39,28,39,39,39,44,37,50,39,52,33,55,33,56,29,63,29,66,23,69,20,67,20,68,14,67,17,67,13,69,11,72,8,72,8,71,7,68,8,69,9,69,3,67,4,68,3,68,1,66,5,65,2,65,8,72,3,71,3,67,4,69,10,71,3,69,6,68,1,68,4,67,4,64,4,67,1,66,1,69,4,73,1,66,6,68,0,0]"
CSI_DATA,138,2a:00:00:00:00:00,-92,11,1,0,1,1,1,0,0,0,1,-97,0,11,2,2083341,0,44,0,384,0,"[0,0,0,0,0,0,0,0,0,0,0,0,1,-11,1,-10,1,-10,0,-10,0,-10,0,-10,0,-10,-1,-9,-1,-9,-1,-9,-2,-8,-1,-8,-2,-8,-2,-8,-2,-8,-2,-7,-2,-7,-2,-7,-2,-7,-3,-6,-3,-6,-3,-6,-3,-5,-3,-5,-3,-5,-3,-5,0,0,-4,-5,-4,-5,-4,-5,-4,-5,-4,-5,-4,-5,-4,-5,-4,-5,-3,-4,-3,-4,-3,-4,-3,-4,-3,-4,-2,-4,-2,-4,-2,-4,-2,-4,-1,-3,-1,-3,-1,-4,-1,-3,0,-3,1,-2,1,-2,1,-2,1,-2,0,0,0,0,0,0,0,0,0,0,0,0,0,0,-52,-41,-52,-40,-52,-39,-51,-39,-50,-37,-50,-36,-49,-34,-49,-33,-48,-32,-47,-30,-46,-29,-46,-27,-46,-25,-45,-24,-45,-23,-45,-22,-45,-21,-45,-19,-45,-18,-44,-17,-44,-16,-43,-15,-43,-14,-42,-13,-41,-12,-41,-11,-40,-11,-40,-10,-39,-9,-39,-8,-38,-7,-38,-7,-37,-6,-36,-6,-35,-5,-35,-5,-34,-5,-34,-5,-33,-5,-32,-5,-31,-5,-31,-6,-30,-7,-29,-7,-28,-7,-27,-8,-26,-8,-25,-8,-24,-9,-23,-9,-22,-9,-20,-9,-19,-9,-18,-8,-17,-8,-16,-8,-15,-8,0,0,0,0,0,0,0,0,0,0,0,0,0,0,0,0,0,0,0,0,0,0,-5,-15,-5,-16,-5,-18,-5,-21,-4,-23,-4,-26,-2,-30,-1,-33,0,-36,3,-39,5,-43,8,-45,11,-48,14,-50,17,-52,20,-53,24,-55,28,-56,32,-56,35,-55,38,-55,41,-55,44,-54,47,-54,49,-52,51,-51,51,-50,53,-49,54,-49,54,-48,55,-47,55,-46,55,-46,55,-46,54,-45,55,-46,54,-46,53,-46,53,-46,52,-47,52,-48,50,-48,50,-49,50,-50,48,-50,47,-50,47,-51,46,-51,46,-52,45,-52,45,-52,45,-53,44,-53,44,-53,44,-53,44,-54,44,-53,0,0]"
CSI_DATA,139,2a:00:00:00:00:00,-45,11,1,0,1,1,1,0,0,0,1,-97,0,11,2,2092642,0,44,0,384,0,"[0,0,0,0,0,0,0,0,0,0,0,0,-10,5,-9,5,-9,6,-9,5,-9,5,-9,5,-8,5,-9,4,-8,5,-8,5,-8,4,-8,5,-7,5,-6,5,-6,4,-7,5,-7,4,-7,5,-6,5,-6,5,-6,4,-6,4,-6,4,-5,5,-5,4,-6,4,0,0,-6,4,-5,4,-5,4,-6,4,-5,4,-5,4,-5,4,-5,3,-5,3,-5,2,-5,2,-5,3,-5,3,-5,2,-5,2,-4,1,-5,2,-4,1,-4,1,-4,1,-4,0,-4,1,-4,0,-3,0,-3,0,-3,0,0,0,0,0,0,0,0,0,0,0,0,0,0,0,-48,44,-47,42,-49,42,-46,42,-44,36,-49,41,-41,38,-45,39,-43,36,-45,38,-40,34,-38,34,-38,32,-36,35,-36,32,-35,31,-33,33,-31,34,-35,36,-32,33,-32,34,-30,27,-26,32,-27,33,-27,30,-28,32,-25,31,-23,33,-28,29,-24,24,-24,27,-25,28,-20,28,-21,30,-23,24,-27,26,-22,24,-24,29,-24,23,-20,23,-22,21,-25,19,-21,19,-25,21,-24,20,-22,16,-18,16,-22,15,-23,12,-23,12,-19,13,-19,7,-20,11,-16,3,-19,4,-17,5,-15,1,0,0,0,0,0,0,0,0,0,0,0,0,0,0,0,0,0,0,0,0,0,0,-7,7,-9,9,-10,9,-17,14,-15,11,-20,14,-21,13,-26,15,-31,15,-31,13,-45,12,-44,13,-48,11,-51,6,-59,4,-56,0,-66,-4,-59,-8,-65,-10,-66,-10,-66,-20,-64,-20,-62,-26,-65,-30,-63,-36,-63,-37,-58,-43,-60,-42,-56,-40,-61,-41,-52,-41,-61,-45,-55,-42,-52,-44,-55,-46,-50,-50,-49,-47,-48,-46,-51,-46,-50,-48,-54,-48,-48,-43,-53,-49,-48,-47,-52,-47,-55,-43,-49,-50,-48,-45,-52,-43,-47,-44,-48,-50,-47,-44,-50,-50,-46,-44,-52,-50,-59,-50,-52,-49,0,0]"
CSI_DATA,140,2a:00:00:00:00:00,-45,11,1,0,1,1,1,0,0,0,1,-97,0,11,2,2102485,0,44,0,384,0,"[0,0,0,0,0,0,0,0,0,0,0,0,-3,-10,-3,-10,-3,-10,-2,-11,-3,-10,-2,-9,-3,-9,-2,-9,-3,-9,-3,-9,-2,-8,-3,-8,-3,-8,-3,-9,-3,-9,-3,-8,-3,-7,-3,-7,-3,-8,-3,-8,-2,-8,-3,-7,-3,-7,-3,-7,-3,-7,-3,-6,0,0,-3,-6,-2,-7,-3,-6,-3,-6,-2,-6,-2,-6,-2,-6,-2,-6,-2,-6,-2,-6,-2,-5,-1,-6,-1,-5,-1,-5,-1,-5,-1,-5,-1,-5,-1,-5,-1,-5,0,-4,0,-4,0,-4,0,-3,0,-4,0,-3,0,-3,0,0,0,0,0,0,0,0,0,0,0,0,0,0,-4,-65,-2,-64,-3,-64,-4,-60,-3,-63,-6,-59,-1,-61,-3,-57,-5,-56,-5,-50,-2,-52,-5,-51,-3,-51,-5,-53,-6,-47,-9,-47,-6,-44,-7,-47,-8,-45,-6,-45,-7,-44,-8,-45,-7,-42,-5,-43,-6,-40,-4,-43,-8,-39,-7,-40,-6,-38,-10,-37,-11,-38,-8,-35,-7,-37,-5,-36,-10,-35,-5,-34,-1,-35,-6,-35,-1,-33,-6,-31,-4,-32,-3,-28,-1,-31,-4,-29,-1,-26,-1,-30,1,-28,1,-26,6,-23,5,-24,5,-22,7,-22,5,-17,5,-19,3,-18,4,-18,7,-15,0,0,0,0,0,0,0,0,0,0,0,0,0,0,0,0,0,0,0,0,0,0,-2,-10,-2,-12,-1,-14,-2,-20,-2,-19,-1,-22,3,-26,4,-29,6,-36,9,-34,11,-39,16,-42,19,-44,21,-46,31,-44,34,-43,43,-44,44,-42,46,-45,52,-38,55,-35,58,-33,58,-32,61,-35,63,-29,62,-28,60,-26,67,-24,68,-19,71,-17,66,-15,68,-14,70,-9,72,-12,70,-10,68,-8,67,-11,65,-15,69,-13,66,-11,72,-11,68,-10,67,-8,69,-11,64,-13,70,-5,70,-7,66,-10,66,-7,65,-8,66,-11,67,-12,67,-11,66,-9,69,-12,67,-7,69,-8,0,0]"
CSI_DATA,141,2a:00:00:00:00:00,-45,11,1,0,1,1,1,0,0,0,1,-97,0,11,2,2114427,0,44,0,384,0,"[0,0,0,0,0,0,0,0,0,0,0,0,-6,9,-6,9,-6,9,-6,9,-6,8,-6,8,-6,8,-5,8,-6,7,-4,7,-5,7,-5,7,-4,7,-4,7,-4,7,-4,7,-5,7,-4,6,-4,7,-4,7,-3,7,-3,6,-4,5,-3,6,-3,6,-4,6,0,0,-4,5,-3,6,-3,6,-3,5,-3,6,-3,5,-3,5,-3,5,-4,4,-3,4,-3,4,-3,4,-4,4,-4,4,-4,3,-4,3,-4,3,-4,2,-4,2,-3,2,-4,2,-4,2,-3,1,-3,1,-3,1,-3,1,0,0,0,0,0,0,0,0,0,0,0,0,0,0,-47,47,-50,42,-46,47,-46,41,-44,40,-43,37,-42,40,-44,41,-42,38,-38,37,-39,34,-37,32,-36,36,-36,36,-32,31,-35,30,-32,37,-31,35,-32,35,-31,33,-31,32,-26,31,-26,36,-30,32,-27,32,-26,30,-23,27,-26,30,-25,31,-23,24,-26,26,-25,27,-20,27,-22,29,-22,31,-25,27,-21,28,-24,26,-23,28,-18,23,-22,24,-21,20,-25,21,-23,20,-25,18,-18,16,-20,15,-22,15,-22,13,-20,11,-19,10,-19,8,-18,6,-15,8,-16,6,-19,-1,-14,3,0,0,0,0,0,0,0,0,0,0,0,0,0,0,0,0,0,0,0,0,0,0,-7,9,-7,8,-10,10,-12,12,-14,13,-20,15,-24,15,-26,17,-30,18,-28,15,-38,14,-43,14,-48,14,-54,7,-54,6,-55,0,-61,-2,-58,0,-65,-6,-66,-12,-63,-15,-65,-22,-64,-27,-65,-28,-63,-31,-62,-36,-59,-39,-63,-37,-57,-37,-60,-43,-52,-38,-56,-40,-55,-47,-55,-46,-54,-42,-54,-42,-52,-41,-46,-45,-52,-46,-54,-46,-56,-48,-50,-45,-54,-43,-53,-43,-50,-43,-48,-46,-52,-43,-51,-42,-50,-43,-48,-45,-49,-45,-53,-47,-51,-48,-44,-45,-51,-46,-52,-47,-51,-48,0,0]"
CSI_DATA,142,2a:00:00:00:00:00,-45,11,1,0,1,1,1,0,0,0,1,-97,0,11,2,2142473,0,44,0,384,0,"[0,0,0,0,0,0,0,0,0,0,0,0,-5,9,-5,9,-5,9,-5,9,-5,8,-5,8,-5,7,-5,7,-5,7,-4,8,-4,7,-4,7,-3,7,-4,7,-3,7,-3,7,-4,7,-3,6,-3,6,-3,7,-3,6,-3,7,-3,6,-3,6,-3,6,-3,6,0,0,-3,5,-3,6,-3,6,-3,5,-3,5,-3,5,-3,5,-3,5,-3,4,-3,4,-3,4,-3,4,-3,4,-3,4,-3,3,-3,3,-3,3,-3,3,-3,2,-3,2,-3,2,-3,2,-3,2,-3,1,-3,1,-3,1,0,0,0,0,0,0,0,0,0,0,0,0,0,0,-23,61,-25,62,-21,56,-24,60,-21,56,-21,54,-21,55,-22,57,-24,52,-19,50,-18,49,-20,46,-17,47,-17,44,-17,50,-13,46,-15,48,-12,47,-15,46,-10,45,-11,38,-8,39,-9,45,-7,39,-10,42,-8,39,-10,36,-8,41,-8,37,-8,36,-6,35,-6,34,-8,35,-7,36,-4,34,-8,35,-6,32,-7,34,-9,33,-10,29,-7,30,-11,26,-10,29,-11,27,-10,25,-10,24,-11,24,-15,25,-11,21,-8,19,-10,17,-12,16,-11,13,-11,14,-12,12,-10,13,-15,9,0,0,0,0,0,0,0,0,0,0,0,0,0,0,0,0,0,0,0,0,0,0,0,10,-4,10,-5,13,-8,20,-7,20,-13,23,-14,20,-17,25,-21,25,-25,27,-28,30,-34,30,-40,28,-46,29,-50,25,-50,26,-57,24,-57,20,-63,20,-65,14,-68,10,-74,8,-71,2,-72,1,-75,-3,-75,-7,-72,-8,-73,-10,-69,-12,-70,-13,-66,-16,-73,-16,-72,-18,-68,-19,-70,-24,-68,-21,-66,-23,-66,-18,-68,-21,-68,-23,-71,-23,-68,-18,-66,-20,-71,-21,-67,-19,-68,-15,-67,-19,-68,-20,-69,-20,-67,-16,-68,-17,-68,-17,-68,-19,-65,-22,-67,-18,-70,-22,-69,-20,0,0]"
CSI_DATA,143,2a:00:00:00:00:00,-45,11,1,0,1,1,1,0,0,0,1,-97,0,11,2,2152510,0,44,0,384,0,"[0,0,0,0,0,0,0,0,0,0,0,0,7,7,7,6,7,7,6,7,6,7,6,6,6,6,6,6,6,5,6,6,6,5,6,5,6,5,6,5,5,4,6,4,6,4,6,4,5,4,5,4,5,4,5,4,5,4,4,4,4,3,5,3,0,0,5,3,4,4,4,3,5,3,4,3,4,3,4,3,3,3,4,3,4,3,4,3,3,3,3,3,2,3,3,3,3,3,2,3,2,3,2,3,2,3,1,3,1,2,1,2,0,2,0,2,0,2,0,0,0,0,0,0,0,0,0,0,0,0,0,0,39,46,39,52,43,49,40,47,36,46,38,47,37,44,35,44,31,44,35,40,30,45,32,42,33,39,28,37,33,35,33,36,31,33,33,31,30,37,30,34,31,32,33,27,31,31,30,30,27,28,27,28,28,26,27,25,24,24,27,27,29,26,24,23,26,23,28,25,27,23,24,23,26,19,23,22,21,22,23,23,19,25,20,23,19,19,19,19,18,22,15,19,15,20,15,18,14,19,10,19,10,21,7,18,6,17,7,17,6,15,3,14,5,15,0,0,0,0,0,0,0,0,0,0,0,0,0,0,0,0,0,0,0,0,0,0,6,7,8,8,10,11,11,13,13,18,11,22,11,24,11,29,13,33,13,34,13,40,8,45,5,49,2,53,-4,53,-7,58,-12,59,-14,63,-20,61,-23,64,-30,65,-34,60,-33,63,-36,61,-38,60,-48,75,-29,62,-57,60,-43,55,-43,52,-49,50,-50,53,-50,45,-51,49,-50,42,-55,47,-51,45,-51,48,-50,44,-49,45,-50,45,-50,50,-48,48,-51,47,-51,43,-46,47,-52,45,-54,46,-53,41,-53,43,-52,47,-49,49,-49,49,-52,44,-51,46,-51,45,-52,42,0,0]"
CSI_DATA,144,2a:00:00:00:00:00,-45,11,1,0,1,1,1,0,0,0,1,-97,0,11,2,2172534,0,44,0,384,0,"[0,0,0,0,0,0,0,0,0,0,0,0,4,-11,4,-10,3,-11,3,-10,3,-10,3,-9,3,-9,3,-9,3,-9,2,-9,3,-8,3,-8,2,-9,2,-9,2,-8,2,-8,2,-8,2,-8,1,-8,1,-8,1,-8,1,-8,2,-7,1,-7,2,-7,2,-7,0,0,1,-6,1,-7,1,-7,2,-6,1,-6,1,-7,1,-6,1,-6,2,-5,1,-6,2,-5,2,-5,2,-5,2,-5,2,-4,2,-4,2,-5,2,-4,2,-3,2,-3,2,-3,2,-3,2,-3,2,-2,2,-2,2,-2,0,0,0,0,0,0,0,0,0,0,0,0,0,0,27,-59,27,-55,25,-60,26,-54,25,-51,30,-50,23,-54,26,-49,27,-50,23,-47,24,-48,22,-47,21,-46,25,-44,23,-45,24,-42,19,-45,17,-41,17,-39,15,-42,13,-40,15,-40,16,-41,16,-41,15,-41,13,-37,16,-34,17,-39,15,-38,14,-34,14,-34,16,-30,11,-35,10,-31,12,-30,11,-33,11,-34,11,-32,13,-33,9,-28,11,-30,12,-27,15,-25,15,-24,14,-25,13,-25,12,-23,13,-23,13,-16,15,-17,12,-17,13,-15,13,-17,14,-13,15,-10,13,-7,14,-5,0,0,0,0,0,0,0,0,0,0,0,0,0,0,0,0,0,0,0,0,0,0,-1,-10,1,-10,5,-17,3,-18,8,-18,8,-25,8,-27,15,-28,16,-28,23,-29,28,-31,31,-31,38,-28,43,-28,45,-30,52,-27,54,-25,60,-20,62,-17,64,-18,65,-9,67,-8,70,-2,70,0,73,7,70,7,67,12,69,10,71,14,66,16,67,17,70,18,68,19,67,19,66,21,66,19,64,21,64,20,64,21,63,22,62,24,64,21,61,23,65,22,60,22,67,22,63,23,64,22,63,23,66,20,64,26,55,26,64,23,66,26,66,26,62,25,65,30,0,0]"
CSI_DATA,145,2a:00:00:00:00:00,-45,11,1,0,1,1,1,0,0,0,1,-97,0,11,2,2182523,0,44,0,384,0,"[0,0,0,0,0,0,0,0,0,0,0,0,-1,-11,-1,-10,-1,-11,-1,-11,-1,-10,-1,-9,-1,-9,-1,-9,-1,-9,-1,-9,-1,-9,-1,-8,-2,-9,-2,-8,-2,-8,-2,-8,-2,-7,-2,-8,-2,-8,-2,-8,-2,-8,-2,-8,-2,-7,-2,-7,-2,-7,-2,-7,0,0,-2,-6,-2,-7,-2,-7,-2,-6,-2,-6,-2,-7,-2,-6,-1,-6,-1,-6,-1,-6,-1,-5,-1,-6,-1,-5,-1,-5,-1,-5,-1,-5,0,-5,0,-4,-1,-4,0,-4,0,-4,0,-4,1,-4,0,-3,0,-3,0,-3,0,0,0,0,0,0,0,0,0,0,0,0,0,0,15,-67,15,-64,16,-70,12,-60,6,-66,11,-59,12,-57,7,-59,11,-57,7,-53,7,-58,7,-53,6,-53,10,-51,2,-48,-2,-50,2,-49,4,-49,1,-49,4,-42,-1,-45,-3,-45,-1,-43,-1,-43,3,-45,0,-43,-1,-40,-4,-43,-3,-39,-6,-37,-5,-36,-3,-36,-1,-40,-1,-36,-5,-34,0,-35,0,-33,-2,-35,-1,-31,-2,-34,2,-31,-2,-30,1,-29,-1,-28,4,-29,-1,-29,6,-28,3,-24,7,-25,6,-22,4,-20,7,-22,7,-17,9,-16,7,-15,8,-15,5,-15,0,0,0,0,0,0,0,0,0,0,0,0,0,0,0,0,0,0,0,0,0,0,1,-12,0,-12,3,-16,6,-20,7,-24,9,-23,11,-27,15,-30,17,-30,23,-32,27,-30,32,-34,38,-33,43,-34,45,-34,52,-28,58,-28,61,-27,57,-27,64,-17,68,-19,71,-9,69,-16,72,-8,74,-6,73,-5,73,2,74,2,70,8,73,5,70,8,69,7,73,11,73,7,71,12,69,12,69,8,70,11,70,12,70,9,67,11,69,8,65,11,69,9,63,10,70,6,68,9,70,7,67,9,68,9,70,4,68,7,73,8,68,6,71,8,70,11,72,11,0,0]"
CSI_DATA,146,2a:00:00:00:00:00,-45,11,1,0,1,1,1,0,0,0,1,-97,0,11,2,2193333,0,44,0,384,0,"[0,0,0,0,0,0,0,0,0,0,0,0,-10,5,-9,5,-9,5,-9,4,-8,4,-9,4,-9,4,-8,4,-8,4,-7,4,-8,4,-8,4,-7,4,-7,4,-6,3,-7,4,-7,4,-7,4,-6,4,-6,4,-6,4,-6,4,-6,3,-5,3,-6,3,-6,3,0,0,-6,3,-5,3,-5,3,-6,3,-5,3,-5,3,-5,3,-5,2,-5,2,-5,2,-5,2,-5,2,-5,2,-5,2,-5,1,-5,1,-5,1,-4,0,-4,0,-4,0,-4,0,-4,0,-4,0,-4,0,-3,-1,-3,-1,0,0,0,0,0,0,0,0,0,0,0,0,0,0,-63,24,-63,26,-63,31,-56,24,-59,21,-56,23,-55,22,-58,22,-53,22,-47,18,-51,17,-48,21,-51,22,-46,19,-45,14,-46,20,-40,19,-43,18,-39,20,-40,21,-42,22,-37,17,-40,20,-37,22,-38,18,-35,19,-38,16,-35,19,-34,15,-36,17,-33,13,-35,16,-32,17,-33,15,-28,13,-31,13,-32,12,-30,15,-32,12,-30,14,-30,9,-27,8,-26,9,-26,8,-24,7,-28,3,-25,5,-27,5,-24,8,-22,1,-23,1,-20,1,-21,-2,-19,-1,-16,-3,-19,-2,-18,-4,0,0,0,0,0,0,0,0,0,0,0,0,0,0,0,0,0,0,0,0,0,0,-8,7,-9,8,-10,10,-12,13,-19,12,-21,12,-24,12,-29,11,-31,11,-39,11,-45,5,-48,3,-52,3,-53,-3,-58,-4,-57,-11,-60,-15,-59,-23,-61,-24,-63,-26,-60,-36,-61,-36,-57,-42,-57,-43,-54,-46,-56,-48,-51,-51,-52,-53,-46,-53,-50,-58,-44,-61,-46,-58,-41,-60,-41,-57,-39,-59,-38,-61,-43,-57,-36,-60,-38,-58,-35,-59,-37,-59,-40,-60,-39,-58,-41,-61,-37,-55,-35,-54,-36,-57,-40,-59,-36,-58,-38,-60,-38,-60,-37,-59,-35,-62,-35,-60,-38,-63,-36,-58,-30,-60,0,0]"
CSI_DATA,147,2a:00:00:00:00:00,-46,11,1,0,1,1,1,0,0,0,1,-97,0,11,2,2235528,0,44,0,384,0,"[0,0,0,0,0,0,0,0,0,0,0,0,11,0,10,0,10,1,10,1,9,1,10,0,9,0,9,0,9,0,8,0,8,0,8,0,7,-1,8,0,7,0,8,-1,8,-1,8,-1,7,-1,7,-1,6,-1,6,-1,7,-1,6,-1,6,-1,6,-1,0,0,6,-1,5,-1,5,-1,6,-1,5,-1,4,-2,5,-1,5,-1,5,-1,5,0,5,0,4,-1,4,-1,4,-1,4,0,4,0,4,0,3,0,3,0,3,0,3,0,3,0,3,0,2,0,2,1,2,0,0,0,0,0,0,0,0,0,0,0,0,0,0,0,67,3,71,-1,63,1,66,5,58,2,61,3,56,-1,54,1,56,-1,55,2,53,-1,55,0,51,2,50,2,49,1,48,1,47,-2,43,-3,46,-2,48,-7,43,-5,46,-3,42,-7,41,-6,41,-2,40,-3,46,-2,41,-7,36,-3,39,-5,39,-4,37,-4,35,-7,36,-9,33,-3,32,-4,29,-6,33,-5,29,-10,32,-3,33,0,31,-3,28,-2,27,-2,28,-1,25,-3,25,5,26,4,20,3,21,3,20,8,22,6,18,7,18,4,15,4,11,7,14,6,0,0,0,0,0,0,0,0,0,0,0,0,0,0,0,0,0,0,0,0,0,0,10,-4,14,-3,13,-2,17,1,20,2,23,3,23,6,28,10,29,10,35,16,36,21,38,24,43,28,39,33,41,39,39,42,41,50,35,49,35,54,31,57,27,62,26,66,20,68,21,71,15,71,16,72,11,69,8,72,10,71,11,75,4,72,2,68,8,70,-1,72,-5,70,-1,71,0,71,0,71,0,70,3,68,3,71,4,74,3,71,2,71,0,68,5,66,0,67,2,70,-3,70,-1,66,1,65,6,67,-1,69,-2,69,5,71,1,73,2,69,0,0]"
CSI_DATA,148,2a:00:00:00:00:00,-46,11,1,0,1,1,1,0,0,0,1,-97,0,11,2,2252538,0,44,0,384,0,"[0,0,0,0,0,0,0,0,0,0,0,0,7,-8,7,-8,6,-8,7,-8,6,-7,6,-8,6,-7,6,-7,6,-7,5,-7,6,-7,5,-7,4,-7,4,-7,4,-7,5,-6,5,-7,4,-6,4,-7,4,-6,4,-6,4,-6,4,-6,3,-6,3,-6,4,-5,0,0,3,-5,3,-6,3,-6,3,-5,3,-5,3,-5,3,-5,2,-5,3,-4,3,-4,3,-4,3,-5,3,-4,3,-4,3,-3,3,-3,3,-3,3,-3,2,-3,2,-2,2,-2,3,-2,2,-2,2,-2,2,-1,2,-1,0,0,0,0,0,0,0,0,0,0,0,0,0,0,44,-42,44,-40,47,-49,48,-39,45,-37,46,-39,43,-40,43,-43,40,-33,43,-39,42,-35,41,-35,44,-30,37,-32,34,-30,32,-33,32,-38,29,-34,34,-33,30,-30,32,-36,30,-32,32,-34,29,-33,29,-30,27,-29,30,-26,26,-30,28,-29,22,-26,24,-27,26,-30,19,-30,23,-29,20,-20,21,-29,19,-29,23,-24,19,-28,16,-17,21,-20,19,-18,21,-19,21,-20,24,-19,21,-14,20,-14,20,-17,21,-13,14,-12,19,-9,17,-9,16,-10,18,-6,15,-5,14,-3,13,-6,0,0,0,0,0,0,0,0,0,0,0,0,0,0,0,0,0,0,0,0,0,0,3,-7,5,-13,7,-14,11,-14,14,-17,17,-19,21,-19,27,-16,30,-17,34,-16,40,-13,41,-13,51,-14,53,-9,56,-5,54,-2,61,4,61,3,68,11,69,17,64,20,69,25,62,29,65,30,63,34,64,37,59,39,58,41,58,39,60,45,53,44,56,47,54,48,53,45,53,49,50,51,46,45,48,47,49,47,54,44,51,47,48,44,51,49,49,47,47,48,52,48,50,45,48,45,54,44,47,46,52,46,48,48,48,52,46,47,51,49,50,46,46,49,0,0]"
CSI_DATA,149,2a:00:00:00:00:00,-46,11,1,0,1,1,1,0,0,0,1,-97,0,11,2,2262666,0,44,0,384,0,"[0,0,0,0,0,0,0,0,0,0,0,0,-10,6,-10,7,-9,6,-9,6,-9,6,-9,6,-9,5,-9,5,-8,5,-7,5,-8,5,-8,5,-7,5,-7,5,-7,5,-7,5,-7,5,-7,5,-6,5,-6,4,-6,4,-6,4,-6,4,-6,4,-6,4,-6,4,0,0,-6,4,-5,4,-5,4,-6,3,-5,3,-5,3,-5,3,-5,3,-5,2,-5,2,-5,2,-5,3,-5,3,-5,3,-4,1,-5,1,-4,2,-4,1,-4,1,-4,1,-4,0,-4,0,-4,0,-4,0,-3,0,-3,0,0,0,0,0,0,0,0,0,0,0,0,0,0,0,-64,24,-62,22,-64,25,-58,25,-60,18,-59,20,-54,20,-59,18,-52,20,-55,18,-54,16,-48,16,-48,15,-47,16,-48,14,-47,15,-47,16,-46,15,-44,18,-42,14,-45,13,-41,17,-41,19,-42,17,-38,16,-37,17,-43,14,-35,18,-35,14,-34,15,-34,16,-35,12,-33,14,-33,13,-29,6,-35,12,-32,13,-34,13,-32,12,-30,11,-28,8,-28,9,-29,7,-27,9,-28,4,-27,2,-27,5,-24,6,-22,5,-20,4,-22,-3,-17,-1,-18,-2,-20,-5,-17,-2,-14,-3,-17,-6,0,0,0,0,0,0,0,0,0,0,0,0,0,0,0,0,0,0,0,0,0,0,-9,8,-7,8,-12,10,-16,13,-17,11,-22,13,-26,12,-32,12,-34,9,-38,9,-43,9,-46,1,-53,0,-56,-9,-58,-6,-58,-18,-62,-18,-59,-22,-63,-26,-62,-32,-59,-38,-59,-42,-57,-43,-57,-46,-52,-52,-52,-50,-51,-53,-48,-61,-47,-56,-43,-61,-43,-56,-45,-59,-39,-57,-38,-63,-40,-63,-35,-63,-34,-60,-35,-60,-37,-61,-35,-61,-35,-66,-36,-60,-34,-62,-36,-61,-34,-67,-38,-62,-29,-64,-34,-61,-33,-68,-32,-59,-30,-62,-28,-65,-32,-65,-33,-63,-34,-65,-27,-68,-32,-63,0,0]"
CSI_DATA,150,2a:00:00:00:00:00,-46,11,1,0,1,1,1,0,0,0,1,-97,0,11,2,2272491,0,44,0,384,0,"[0,0,0,0,0,0,0,0,0,0,0,0,0,-11,0,-11,-1,-11,0,-11,0,-10,0,-10,0,-9,0,-9,0,-9,0,-9,0,-9,0,-9,-1,-9,-1,-9,-1,-9,-1,-8,-1,-8,-1,-7,-1,-8,-1,-8,-1,-8,-1,-7,-1,-7,-1,-7,-1,-7,-1,-7,0,0,-1,-6,-1,-7,-1,-7,-1,-6,-1,-6,-1,-6,-1,-6,-1,-6,-1,-5,-1,-5,-1,-5,0,-5,0,-5,0,-5,0,-5,0,-5,0,-5,0,-4,0,-4,0,-4,0,-4,0,-4,0,-3,1,-3,1,-3,0,-3,0,0,0,0,0,0,0,0,0,0,0,0,0,0,14,-66,11,-63,12,-66,10,-61,7,-58,10,-54,10,-55,7,-59,8,-56,11,-51,8,-52,9,-49,10,-46,7,-47,3,-47,5,-45,3,-51,3,-48,4,-46,5,-40,2,-45,1,-41,2,-44,-1,-41,0,-40,2,-42,0,-38,1,-41,-1,-40,2,-39,-2,-37,2,-38,3,-38,-4,-35,-3,-31,1,-32,2,-34,4,-32,3,-35,1,-27,4,-25,3,-24,1,-27,2,-27,4,-25,1,-23,2,-24,3,-25,5,-22,2,-19,6,-24,6,-16,8,-19,8,-18,6,-15,5,-14,9,-11,0,0,0,0,0,0,0,0,0,0,0,0,0,0,0,0,0,0,0,0,0,0,1,-11,-3,-12,-1,-17,-2,-16,2,-20,4,-24,9,-30,8,-30,15,-33,18,-33,22,-36,29,-37,34,-38,36,-36,42,-39,49,-32,52,-32,57,-30,59,-27,62,-20,63,-21,73,-16,65,-14,71,-10,70,-4,71,-3,72,-4,69,1,70,0,73,2,69,3,68,7,69,7,68,9,71,6,66,14,63,9,66,7,68,8,72,9,68,8,66,8,67,8,71,8,67,4,65,14,65,8,63,7,67,5,68,7,62,8,70,4,65,9,58,6,68,6,68,13,72,11,0,0]"
CSI_DATA,151,2a:00:00:00:00:00,-46,11,1,0,1,1,1,0,0,0,1,-97,0,11,2,2282804,0,44,0,384,0,"[0,0,0,0,0,0,0,0,0,0,0,0,3,-10,3,-10,3,-10,3,-9,3,-10,3,-9,3,-8,3,-8,3,-8,2,-8,3,-8,3,-8,2,-8,2,-8,2,-8,2,-8,2,-7,2,-7,1,-8,2,-7,2,-7,1,-7,2,-6,1,-7,1,-7,2,-6,0,0,2,-6,1,-7,1,-6,1,-5,1,-6,1,-6,1,-6,1,-6,1,-5,2,-5,1,-5,1,-5,1,-5,2,-5,1,-4,2,-4,2,-4,2,-4,1,-3,1,-3,2,-3,2,-3,2,-3,2,-2,2,-2,1,-2,0,0,0,0,0,0,0,0,0,0,0,0,0,0,39,-58,37,-52,39,-55,33,-49,36,-49,33,-47,29,-50,35,-48,34,-46,33,-43,32,-40,30,-41,28,-43,31,-40,28,-41,21,-42,22,-44,24,-44,24,-45,26,-39,21,-39,21,-39,19,-40,21,-39,21,-37,20,-37,18,-33,19,-36,15,-36,18,-31,17,-31,18,-32,14,-33,18,-32,14,-29,19,-32,16,-30,11,-33,16,-31,14,-25,13,-23,14,-25,13,-25,16,-24,16,-23,11,-18,15,-18,17,-23,13,-16,15,-14,15,-12,16,-12,17,-14,16,-11,12,-11,11,-9,13,-7,0,0,0,0,0,0,0,0,0,0,0,0,0,0,0,0,0,0,0,0,0,0,0,-7,3,-13,9,-16,4,-20,7,-19,12,-20,14,-21,20,-25,22,-28,28,-25,31,-31,38,-26,43,-25,49,-23,56,-22,55,-20,60,-12,59,-13,66,-10,69,-2,69,-1,74,6,70,9,70,12,75,21,69,16,68,23,73,25,66,28,70,27,62,28,64,29,65,30,61,30,66,31,60,36,62,29,62,32,62,28,63,31,62,31,52,27,78,65,63,28,65,36,54,24,59,30,57,32,65,31,58,29,62,35,60,34,57,38,55,30,64,36,63,35,57,36,0,0]"
CSI_DATA,152,2a:00:00:00:00:00,-46,11,1,0,1,1,1,0,0,0,1,-97,0,11,2,2302569,0,44,0,384,0,"[0,0,0,0,0,0,0,0,0,0,0,0,2,10,2,10,2,11,2,10,2,10,2,9,2,9,2,9,1,8,2,9,2,8,2,8,2,8,2,8,2,8,2,8,2,7,2,7,2,7,2,7,2,7,2,7,2,6,2,6,2,6,2,5,0,0,2,5,2,6,2,6,2,5,1,5,1,5,1,5,1,5,1,4,1,5,1,4,1,4,1,4,1,4,1,4,1,4,0,4,0,4,0,3,0,3,0,3,-1,3,-1,3,-1,3,-1,2,-1,2,0,0,0,0,0,0,0,0,0,0,0,0,0,0,15,62,12,63,14,68,20,58,16,57,15,62,14,57,15,58,10,52,15,57,14,54,11,50,14,48,13,47,15,50,14,44,16,46,17,46,15,44,13,40,18,41,13,35,16,41,16,39,11,40,14,39,14,34,13,34,14,35,16,34,14,32,16,30,12,32,14,30,14,29,14,26,15,28,15,28,16,27,13,29,11,25,11,26,8,25,8,25,9,25,13,23,7,25,7,20,8,25,5,24,4,23,2,20,1,19,1,17,1,14,-3,17,-2,14,0,0,0,0,0,0,0,0,0,0,0,0,0,0,0,0,0,0,0,0,0,0,4,9,6,11,8,14,9,16,7,21,6,26,4,28,2,31,-2,33,-5,35,-11,44,-13,43,-15,51,-19,49,-28,50,-33,48,-37,51,-41,45,-44,54,-47,48,-53,46,-58,43,-55,40,-61,34,-54,29,-79,19,-52,10,-75,34,-69,14,-72,21,-63,24,-69,26,-67,22,-70,24,-72,20,-64,23,-64,24,-68,20,-66,21,-67,24,-67,19,-65,22,-71,21,-69,19,-66,21,-61,23,-62,26,-64,24,-67,22,-65,23,-62,24,-65,19,-66,22,-65,24,-72,20,-75,23,-68,22,0,0]"
CSI_DATA,153,2a:00:00:00:00:00,-47,11,1,0,1,1,1,0,0,0,1,-97,0,11,2,2312483,0,44,0,384,0,"[0,0,0,0,0,0,0,0,0,0,0,0,-8,7,-7,7,-7,8,-7,7,-7,7,-7,6,-7,6,-7,6,-7,6,-6,6,-6,6,-6,6,-6,6,-5,6,-5,5,-6,6,-5,5,-5,5,-5,6,-5,5,-4,5,-5,5,-5,4,-5,5,-4,5,-5,4,0,0,-5,3,-4,4,-4,4,-4,3,-4,4,-4,4,-4,4,-4,3,-4,3,-4,3,-4,3,-3,3,-4,3,-4,2,-3,2,-3,2,-4,2,-3,1,-3,1,-3,1,-4,1,-3,1,-3,1,-3,0,-3,0,-3,0,0,0,0,0,0,0,0,0,0,0,0,0,0,0,-42,56,-40,52,-44,56,-41,46,-43,50,-44,45,-46,50,-41,48,-39,45,-39,36,-36,40,-38,38,-35,42,-34,43,-36,37,-32,36,-34,34,-31,38,-30,35,-27,36,-26,33,-28,32,-27,37,-30,37,-27,34,-27,29,-27,27,-23,32,-24,34,-24,27,-27,24,-27,23,-24,33,-24,29,-19,25,-22,24,-21,26,-21,25,-24,24,-22,22,-18,24,-19,20,-25,16,-22,21,-20,19,-19,16,-20,15,-18,15,-18,13,-19,12,-19,13,-15,7,-18,11,-16,13,-17,6,-12,7,-15,5,0,0,0,0,0,0,0,0,0,0,0,0,0,0,0,0,0,0,0,0,0,0,2,7,-2,13,-5,14,-8,18,-12,21,-11,20,-15,24,-17,26,-23,25,-28,28,-36,30,-41,23,-46,24,-51,20,-51,19,-59,16,-60,13,-66,9,-69,9,-72,3,-73,-3,-74,-7,-71,-12,-76,-19,-74,-26,-73,-26,-65,-29,-66,-26,-70,-28,-67,-31,-66,-38,-63,-35,-66,-32,-65,-36,-64,-36,-59,-39,-62,-37,-62,-37,-58,-37,-65,-39,-61,-35,-58,-38,-59,-40,-61,-35,-56,-37,-61,-36,-60,-38,-58,-38,-64,-35,-59,-37,-59,-33,-71,-45,-38,-32,-65,-41,-66,-43,-60,-38,-66,-45,0,0]"
CSI_DATA,154,2a:00:00:00:00:00,-47,11,1,0,1,1,1,0,0,0,1,-97,0,11,2,2333100,0,44,0,384,0,"[0,0,0,0,0,0,0,0,0,0,0,0,-11,6,-10,6,-10,6,-9,5,-10,5,-9,5,-9,5,-9,5,-9,5,-9,5,-9,5,-8,4,-7,4,-8,5,-7,4,-8,5,-7,4,-7,4,-6,4,-6,4,-7,4,-6,4,-7,4,-6,4,-6,4,-6,3,0,0,-6,3,-5,4,-5,4,-6,3,-4,3,-5,3,-5,3,-5,3,-5,3,-5,2,-5,2,-5,2,-5,2,-4,2,-4,2,-4,1,-4,2,-4,1,-4,1,-4,1,-4,1,-4,1,-4,0,-4,0,-3,0,-3,0,0,0,0,0,0,0,0,0,0,0,0,0,0,0,-47,46,-38,49,-44,60,-47,47,-40,48,-46,47,-37,44,-36,46,-35,42,-42,41,-37,38,-38,38,-35,38,-28,37,-31,39,-33,37,-27,41,-28,40,-28,41,-28,32,-32,38,-26,30,-25,38,-25,35,-27,33,-26,31,-25,28,-21,33,-24,32,-21,30,-25,30,-22,28,-17,22,-21,31,-17,21,-23,26,-17,30,-16,29,-17,24,-19,20,-15,22,-16,22,-17,21,-15,23,-17,20,-17,16,-14,15,-14,15,-15,15,-18,14,-15,13,-15,15,-18,10,-13,10,-13,6,-15,5,-14,4,0,0,0,0,0,0,0,0,0,0,0,0,0,0,0,0,0,0,0,0,0,0,-5,13,-2,12,-8,11,-10,16,-8,21,-15,19,-21,21,-24,18,-31,19,-28,24,-36,22,-47,21,-45,23,-48,16,-55,15,-61,7,-63,0,-62,-3,-69,-1,-68,-10,-68,-15,-71,-23,-67,-21,-68,-18,-68,-26,-66,-32,-65,-33,-66,-35,-61,-34,-64,-39,-57,-40,-61,-39,-59,-42,-57,-44,-55,-41,-50,-44,-56,-35,-57,-42,-54,-39,-55,-37,-55,-40,-51,-39,-54,-44,-56,-38,-55,-45,-59,-39,-51,-41,-55,-40,-57,-43,-53,-33,-58,-36,-58,-36,-57,-38,-54,-40,-63,-37,-58,-43,-55,-45,0,0]"
CSI_DATA,155,2a:00:00:00:00:00,-47,11,1,0,1,1,1,0,0,0,1,-97,0,11,2,2353327,0,44,0,384,0,"[0,0,0,0,0,0,0,0,0,0,0,0,-12,1,-13,1,-11,0,-12,0,-11,0,-11,0,-11,0,-11,0,-10,0,-9,0,-10,1,-10,1,-9,1,-9,1,-9,0,-9,1,-9,1,-8,1,-8,1,-8,0,-8,1,-8,0,-8,1,-7,1,-7,1,-7,1,0,0,-7,1,-6,1,-6,1,-6,1,-6,1,-6,0,-6,1,-6,1,-6,0,-6,1,-6,0,-5,0,-5,1,-4,0,-5,0,-5,0,-4,0,-4,0,-4,-1,-4,-1,-4,-1,-4,-1,-4,-1,-3,-1,-3,-1,-3,-1,0,0,0,0,0,0,0,0,0,0,0,0,0,0,-74,-1,-72,0,-64,2,-68,6,-72,-1,-61,-2,-62,-5,-59,-4,-56,1,-58,-1,-57,0,-56,-1,-58,2,-53,4,-54,2,-53,3,-50,4,-48,1,-46,1,-48,4,-52,6,-51,5,-42,3,-42,4,-44,3,-45,3,-42,4,-41,6,-37,2,-41,4,-37,4,-41,7,-32,1,-30,5,-32,4,-30,7,-31,3,-30,5,-26,7,-36,4,-32,2,-27,1,-29,8,-27,6,-26,2,-26,-1,-20,-3,-25,-2,-22,-3,-21,1,-19,-1,-13,0,-21,-1,-19,-5,-15,-4,-16,-5,-12,-2,0,0,0,0,0,0,0,0,0,0,0,0,0,0,0,0,0,0,0,0,0,0,-11,2,-14,4,-17,3,-19,0,-22,-3,-23,1,-32,-5,-31,-7,-36,-13,-37,-11,-37,-18,-40,-23,-46,-29,-43,-37,-44,-43,-39,-47,-35,-51,-34,-59,-36,-57,-31,-65,-28,-67,-26,-72,-22,-69,-20,-73,-16,-73,-10,-81,-11,-75,-8,-77,-4,-71,-4,-75,-3,-73,-3,-70,1,-68,-5,-68,1,-68,-1,-70,-1,-74,-1,-73,-2,-69,-1,-68,0,-65,-3,-71,-3,-69,-3,-65,-19,-58,-3,-64,-13,-52,-9,-75,-5,-68,-2,-70,0,-67,-5,-72,-6,-70,1,-70,-2,-74,-2,-67,-5,-74,0,0]"
CSI_DATA,156,2a:00:00:00:00:00,-47,11,1,0,1,1,1,0,0,0,1,-97,0,11,2,2363700,0,44,0,384,0,"[0,0,0,0,0,0,0,0,0,0,0,0,-8,8,-7,8,-7,8,-7,8,-6,7,-7,7,-7,7,-7,7,-7,6,-6,7,-6,6,-6,6,-5,6,-6,6,-5,5,-5,6,-5,6,-5,6,-5,6,-4,6,-5,5,-4,5,-5,5,-4,5,-4,4,-5,4,0,0,-4,4,-4,4,-4,4,-4,4,-3,4,-4,4,-4,4,-4,4,-4,3,-4,3,-3,2,-3,3,-3,3,-3,3,-4,2,-3,2,-3,3,-3,2,-3,1,-3,1,-3,1,-3,1,-3,1,-3,1,-3,0,-2,1,0,0,0,0,0,0,0,0,0,0,0,0,0,0,-44,55,-42,53,-43,56,-43,50,-46,49,-42,43,-42,48,-40,48,-39,45,-36,40,-41,44,-33,40,-38,38,-36,40,-32,36,-37,38,-36,39,-34,37,-30,39,-30,35,-30,37,-29,30,-27,37,-27,36,-25,31,-28,34,-29,28,-24,28,-27,33,-26,28,-22,21,-25,29,-19,25,-26,27,-21,24,-22,21,-19,26,-20,24,-18,23,-18,18,-17,18,-21,15,-20,18,-20,18,-20,19,-17,14,-18,18,-19,13,-17,12,-16,14,-16,8,-16,7,-16,11,-16,6,-11,11,-13,1,-14,3,0,0,0,0,0,0,0,0,0,0,0,0,0,0,0,0,0,0,0,0,0,0,-2,8,1,10,-2,15,-4,16,-8,20,-11,23,-16,26,-17,26,-25,28,-26,27,-37,28,-37,26,-44,30,-46,25,-54,17,-57,17,-59,12,-64,10,-67,8,-67,7,-72,-3,-72,-7,-72,-13,-67,-18,-71,-23,-73,-22,-65,-27,-65,-30,-63,-32,-66,-30,-62,-35,-61,-35,-61,-35,-65,-32,-64,-33,-59,-35,-58,-35,-55,-37,-62,-37,-59,-34,-57,-36,-58,-32,-60,-36,-60,-32,-54,-37,-52,-32,-55,-35,-61,-36,-62,-32,-61,-36,-56,-33,-61,-37,-60,-42,-56,-36,-60,-36,-62,-43,-61,-40,0,0]"
CSI_DATA,157,2a:00:00:00:00:00,-47,11,1,0,1,1,1,0,0,0,1,-97,0,11,2,2372521,0,44,0,384,0,"[0,0,0,0,0,0,0,0,0,0,0,0,-11,4,-11,3,-10,3,-10,3,-10,3,-9,3,-9,3,-9,3,-9,3,-9,3,-9,3,-9,3,-8,3,-7,3,-7,3,-8,3,-7,3,-8,3,-6,3,-7,3,-6,2,-6,3,-7,3,-6,3,-6,2,-6,2,0,0,-5,3,-5,3,-5,2,-6,3,-4,2,-5,2,-5,2,-5,2,-5,2,-5,2,-5,2,-4,2,-4,2,-4,2,-4,1,-4,1,-4,1,-4,1,-3,1,-3,1,-3,0,-3,1,-3,0,-3,0,-3,0,-3,0,0,0,0,0,0,0,0,0,0,0,0,0,0,0,-63,25,-66,27,-58,30,-61,20,-62,28,-60,24,-52,25,-53,21,-52,21,-49,22,-50,20,-52,23,-52,22,-46,30,-50,18,-45,23,-43,24,-40,21,-40,21,-41,22,-38,23,-37,21,-35,23,-36,23,-33,19,-37,19,-36,19,-33,21,-31,20,-33,16,-35,16,-28,15,-24,19,-23,21,-26,11,-22,18,-24,20,-27,18,-24,18,-25,13,-20,14,-23,9,-22,17,-24,16,-21,15,-21,11,-20,10,-23,11,-16,6,-20,4,-21,7,-18,5,-19,4,-17,4,-16,0,-18,1,-16,0,0,0,0,0,0,0,0,0,0,0,0,0,0,0,0,0,0,0,0,0,0,0,-5,6,-8,11,-12,9,-14,10,-21,13,-22,9,-26,7,-31,4,-37,5,-40,-1,-44,-2,-49,-7,-53,-8,-53,-14,-51,-19,-54,-27,-53,-31,-49,-35,-56,-35,-53,-42,-54,-45,-50,-53,-47,-54,-43,-55,-48,-55,-41,-64,-37,-59,-34,-64,-37,-64,-33,-62,-29,-60,-33,-61,-29,-63,-28,-65,-30,-62,-29,-65,-29,-63,-27,-59,-33,-62,-29,-59,-29,-57,-28,-62,-29,-61,-31,-60,-27,-60,-26,-55,-30,-60,-35,-59,-30,-61,-36,-63,-30,-56,-35,-61,-33,-62,-34,-62,-34,-62,-35,-63,-30,-61,0,0]"
CSI_DATA,158,2a:00:00:00:00:00,-48,11,1,0,1,1,1,0,0,0,1,-97,0,11,2,2382513,0,44,0,384,0,"[0,0,0,0,0,0,0,0,0,0,0,0,-4,10,-4,10,-3,11,-4,10,-4,10,-5,9,-4,9,-4,9,-4,8,-3,8,-4,9,-3,8,-3,8,-2,8,-2,8,-2,8,-3,7,-2,7,-2,8,-2,7,-2,7,-2,7,-3,6,-2,7,-2,6,-3,6,0,0,-2,5,-2,6,-2,6,-2,4,-2,5,-2,5,-2,5,-1,5,-2,4,-2,4,-2,3,-1,5,-2,4,-2,4,-2,3,-2,3,-2,3,-2,3,-2,3,-2,2,-2,2,-2,2,-2,2,-2,2,-2,1,-2,1,0,0,0,0,0,0,0,0,0,0,0,0,0,0,-22,69,-24,59,-21,68,-22,64,-28,58,-25,58,-24,65,-20,59,-19,60,-21,53,-18,52,-21,48,-21,51,-19,50,-20,47,-16,47,-14,54,-17,48,-13,48,-14,41,-14,44,-20,42,-12,41,-11,44,-16,41,-14,42,-12,37,-10,35,-13,38,-10,35,-7,31,-9,31,-12,34,-10,27,-12,28,-8,26,-12,30,-12,31,-11,28,-8,22,-10,23,-7,25,-13,25,-9,23,-11,17,-10,20,-23,21,-11,17,-9,17,-11,18,-9,15,-13,10,-12,12,-13,12,-13,11,-12,11,-10,7,0,0,0,0,0,0,0,0,0,0,0,0,0,0,0,0,0,0,0,0,0,0,5,4,5,11,3,17,-1,17,-1,23,-4,26,-7,28,-9,33,-17,30,-22,31,-24,36,-32,36,-38,41,-41,34,-46,35,-50,29,-55,30,-61,27,-67,24,-65,22,-69,14,-73,12,-76,7,-71,7,-77,-2,-76,1,-72,-12,-73,-8,-73,-13,-75,-13,-71,-16,-70,-17,-70,-19,-69,-16,-70,-19,-66,-19,-67,-20,-67,-18,-68,-21,-65,-15,-64,-13,-67,-17,-63,-17,-67,-14,-64,-17,-59,-15,-63,-17,-67,-14,-67,-11,-71,-11,-66,-12,-64,-10,-66,-15,-62,-17,-74,-15,-76,-16,-68,-15,0,0]"
CSI_DATA,159,2a:00:00:00:00:00,-48,11,1,0,1,1,1,0,0,0,1,-97,0,11,2,2392508,0,44,0,384,0,"[0,0,0,0,0,0,0,0,0,0,0,0,1,11,1,10,1,12,0,10,0,11,0,9,1,9,1,9,1,9,0,9,0,8,0,8,1,8,0,8,0,8,1,8,1,7,1,8,0,7,1,8,1,7,0,7,1,6,0,7,0,7,0,5,0,0,0,5,0,6,0,5,0,5,0,5,0,5,0,5,0,5,0,4,0,4,0,4,0,4,0,4,0,4,0,4,0,3,-1,4,0,3,0,3,-1,3,-1,3,-1,3,-1,2,-1,2,-1,2,-1,2,0,0,0,0,0,0,0,0,0,0,0,0,0,0,16,65,14,66,14,67,17,69,16,61,17,58,15,65,12,62,10,59,11,55,15,56,12,52,16,49,12,54,12,50,12,50,12,49,12,49,15,44,17,46,16,44,15,45,13,41,7,41,11,44,7,42,13,39,12,37,10,38,13,33,7,34,7,30,6,35,8,34,11,30,2,32,6,30,6,25,5,27,8,25,12,27,11,26,3,22,6,27,4,22,5,24,4,23,1,21,2,19,2,26,-1,18,0,19,-3,20,-6,16,0,15,0,14,-4,14,0,0,0,0,0,0,0,0,0,0,0,0,0,0,0,0,0,0,0,0,0,0,7,3,10,5,10,13,9,13,7,18,6,20,7,28,5,32,3,34,0,42,-8,43,-9,47,-13,45,-18,50,-23,50,-30,55,-31,51,-43,48,-45,53,-48,46,-52,47,-56,44,-59,43,-62,39,-66,37,-65,38,-64,30,-65,27,-67,28,-69,25,-66,23,-68,18,-69,23,-67,20,-70,21,-63,20,-66,24,-62,23,-68,19,-66,23,-62,17,-66,23,-59,20,-68,24,-58,20,-68,26,-58,25,-62,27,-64,27,-73,21,-67,21,-60,24,-62,22,-69,29,-72,15,-69,21,-69,23,0,0]"
CSI_DATA,160,2a:00:00:00:00:00,-48,11,1,0,1,1,1,0,0,0,1,-97,0,11,2,2412502,0,44,0,384,0,"[0,0,0,0,0,0,0,0,0,0,0,0,7,8,6,8,6,8,6,8,6,8,6,7,6,7,6,7,6,7,6,7,6,6,6,6,6,6,5,6,5,6,6,5,6,5,5,5,5,5,5,5,5,5,5,5,5,5,4,5,4,5,4,4,0,0,4,4,4,4,4,4,4,3,3,3,3,3,3,3,3,3,3,3,3,3,3,3,2,3,2,2,2,2,2,2,2,2,2,2,2,2,2,2,1,2,1,2,1,2,1,2,0,2,0,2,0,2,0,0,0,0,0,0,0,0,0,0,0,0,0,0,55,-30,56,-31,57,-36,58,-28,56,-30,56,-26,55,-30,51,-31,48,-28,49,-29,52,-25,47,-27,48,-23,42,-28,49,-22,43,-26,43,-28,41,-24,38,-24,44,-25,39,-27,38,-22,34,-27,36,-24,38,-22,32,-18,36,-17,33,-24,33,-22,32,-18,31,-14,27,-15,26,-19,26,-15,28,-13,25,-17,26,-14,21,-16,23,-13,22,-14,19,-11,22,-12,19,-11,18,-9,19,-9,21,-7,18,-5,19,-11,16,-9,18,-7,14,-5,16,-2,17,-2,16,-3,14,-1,12,-2,11,1,0,0,0,0,0,0,0,0,0,0,0,0,0,0,0,0,0,0,0,0,0,0,0,-11,5,-11,7,-14,13,-18,18,-11,19,-14,26,-13,29,-13,36,-11,35,-9,41,-6,47,1,51,2,53,5,54,13,54,18,56,22,56,26,56,32,58,34,52,40,52,48,51,52,51,53,48,55,45,57,38,58,37,59,39,57,34,61,34,60,31,61,33,61,32,60,28,60,28,58,29,61,28,55,32,54,30,56,25,54,27,58,32,56,31,57,29,56,30,51,28,54,31,57,31,56,34,54,36,53,41,53,32,55,36,54,37,55,37,55,37,59,0,0]"
CSI_DATA,161,2a:00:00:00:00:00,-48,11,1,0,1,1,1,0,0,0,1,-97,0,11,2,2422749,0,44,0,384,0,"[0,0,0,0,0,0,0,0,0,0,0,0,-7,10,-7,9,-6,10,-6,9,-6,9,-6,9,-6,8,-6,8,-6,8,-6,9,-6,8,-6,8,-5,8,-5,8,-5,8,-5,8,-5,7,-5,7,-4,7,-5,7,-5,7,-5,7,-5,6,-4,6,-4,6,-5,6,0,0,-4,5,-4,5,-4,5,-4,5,-4,5,-4,5,-3,4,-3,4,-4,4,-3,4,-3,3,-3,4,-3,4,-3,3,-3,3,-3,3,-3,3,-3,2,-3,2,-3,2,-3,1,-3,1,-3,1,-3,1,-3,0,-3,0,0,0,0,0,0,0,0,0,0,0,0,0,0,0,26,66,32,57,29,61,34,61,32,58,33,59,26,53,29,57,21,49,30,53,20,46,28,48,30,48,23,47,24,47,27,43,25,45,25,43,29,45,26,37,24,41,26,34,25,39,21,37,19,41,19,38,23,32,19,33,17,36,17,32,21,28,19,31,16,27,14,30,20,28,11,30,13,28,16,25,13,25,14,24,18,21,13,22,14,19,4,21,10,22,9,20,13,23,7,18,9,19,5,16,6,18,5,17,0,17,-2,19,0,14,1,9,0,13,0,0,0,0,0,0,0,0,0,0,0,0,0,0,0,0,0,0,0,0,0,0,10,1,10,7,11,9,19,13,16,17,13,22,15,26,12,30,11,34,2,36,1,42,-2,44,-7,50,-10,51,-16,52,-23,53,-27,59,-33,50,-38,56,-45,55,-46,54,-55,50,-52,47,-55,45,-61,45,-61,40,-59,38,-64,35,-60,30,-64,41,-59,30,-64,35,-59,27,-61,32,-65,27,-63,24,-58,28,-59,28,-58,23,-59,28,-62,35,-54,25,-56,34,-60,26,-58,32,-59,40,-54,31,-56,35,-55,34,-56,28,-61,30,-59,39,-58,39,-54,40,-60,40,-65,39,-61,34,0,0]"
CSI_DATA,162,2a:00:00:00:00:00,-48,11,1,0,1,1,1,0,0,0,1,-97,0,11,2,2432510,0,44,0,384,0,"[0,0,0,0,0,0,0,0,0,0,0,0,6,-11,6,-10,5,-10,6,-10,5,-10,5,-10,5,-9,5,-9,5,-9,4,-9,5,-9,5,-9,4,-9,4,-9,4,-9,4,-9,4,-9,4,-8,3,-9,3,-8,4,-8,3,-8,4,-7,3,-8,3,-7,4,-7,0,0,3,-7,3,-6,3,-6,3,-6,3,-6,3,-6,3,-6,2,-5,3,-5,3,-5,3,-4,2,-5,2,-5,2,-4,2,-4,2,-4,2,-4,2,-3,2,-3,2,-3,2,-3,2,-2,2,-2,2,-2,2,-1,2,-1,0,0,0,0,0,0,0,0,0,0,0,0,0,0,-36,-64,-33,-57,-35,-59,-32,-55,-39,-57,-33,-58,-37,-60,-31,-57,-29,-53,-30,-53,-36,-49,-34,-49,-33,-47,-30,-49,-30,-52,-36,-43,-30,-50,-31,-48,-26,-43,-32,-35,-36,-42,-31,-33,-29,-42,-25,-39,-23,-42,-26,-38,-26,-36,-25,-37,-19,-33,-23,-32,-24,-34,-23,-33,-16,-33,-16,-31,-18,-26,-15,-27,-13,-27,-17,-32,-19,-26,-15,-21,-15,-26,-17,-25,-10,-20,-9,-19,-12,-23,-14,-25,-8,-25,-4,-20,-9,-21,-12,-18,-7,-21,-7,-20,-4,-15,-3,-15,0,-13,2,-14,0,-13,0,0,0,0,0,0,0,0,0,0,0,0,0,0,0,0,0,0,0,0,0,0,-13,-4,-17,-10,-19,-9,-13,-15,-16,-21,-15,-21,-13,-26,-12,-32,-8,-32,-5,-44,-4,-44,5,-45,6,-49,14,-53,19,-57,25,-57,26,-59,32,-55,39,-61,44,-53,50,-53,50,-53,56,-45,64,-42,61,-44,64,-43,66,-40,65,-39,68,-33,62,-31,60,-33,67,-28,63,-26,66,-27,65,-23,63,-27,61,-28,64,-27,60,-22,57,-24,62,-22,58,-29,60,-27,60,-35,53,-30,53,-42,59,-34,58,-32,58,-30,60,-34,60,-35,57,-38,57,-36,55,-40,61,-38,62,-31,63,-36,0,0]"
CSI_DATA,163,2a:00:00:00:00:00,-48,11,1,0,1,1,1,0,0,0,1,-97,0,11,2,2443634,0,44,0,384,0,"[0,0,0,0,0,0,0,0,0,0,0,0,-5,-11,-5,-11,-5,-11,-5,-11,-5,-11,-5,-10,-5,-10,-5,-10,-5,-10,-5,-10,-5,-10,-5,-9,-5,-9,-5,-9,-5,-9,-5,-9,-5,-8,-5,-8,-5,-9,-5,-9,-5,-9,-5,-8,-4,-8,-4,-8,-4,-8,-4,-7,0,0,-4,-7,-4,-7,-3,-7,-4,-7,-3,-7,-3,-7,-3,-6,-3,-6,-3,-6,-3,-6,-2,-5,-2,-5,-2,-5,-2,-5,-2,-5,-2,-5,-1,-5,-1,-5,-1,-4,-1,-4,-1,-4,0,-4,0,-4,0,-3,0,-3,0,-3,0,0,0,0,0,0,0,0,0,0,0,0,0,0,-71,12,-66,16,-62,14,-64,13,-63,12,-61,13,-59,14,-57,13,-61,14,-57,13,-55,13,-49,13,-55,18,-56,11,-50,10,-51,16,-48,17,-48,13,-50,11,-51,18,-52,16,-52,15,-42,16,-39,18,-48,19,-43,17,-43,10,-44,10,-40,12,-44,9,-42,7,-37,6,-34,9,-34,13,-37,9,-34,6,-33,9,-30,12,-31,11,-35,3,-27,4,-29,3,-28,1,-25,7,-23,3,-26,-2,-21,1,-24,0,-21,-2,-24,-1,-18,-4,-19,-1,-21,-4,-16,-1,-17,-7,-12,-5,-10,-7,0,0,0,0,0,0,0,0,0,0,0,0,0,0,0,0,0,0,0,0,0,0,-9,13,-13,13,-14,13,-19,12,-21,9,-28,5,-31,7,-35,-4,-41,0,-39,-7,-42,-15,-43,-19,-43,-22,-46,-33,-45,-38,-44,-42,-40,-48,-39,-53,-39,-54,-40,-61,-30,-63,-31,-63,-27,-70,-20,-70,-14,-71,-11,-70,-10,-74,-7,-76,-7,-74,-6,-73,-2,-73,-5,-71,-4,-64,-7,-69,-4,-70,-3,-67,-3,-66,1,-65,-5,-57,-6,-65,-6,-64,-4,-64,-9,-61,-8,-67,-8,-62,-1,-62,-9,-64,-12,-66,-15,-63,-14,-64,-18,-67,-10,-67,-16,-65,-13,-73,-16,-68,-15,-65,-14,-67,0,0]"
CSI_DATA,164,2a:00:00:00:00:00,-49,11,1,0,1,1,1,0,0,0,1,-97,0,11,2,2452582,0,44,0,384,0,"[0,0,0,0,0,0,0,0,0,0,0,0,1,10,1,10,1,10,1,10,1,10,1,9,2,9,2,9,1,8,1,9,2,8,1,8,2,9,2,9,1,8,2,8,2,8,2,8,2,8,1,8,1,8,1,8,1,7,2,7,1,7,1,7,0,0,0,7,1,7,0,7,1,6,0,6,0,6,0,5,-1,5,0,5,0,4,-1,4,-1,5,-1,4,-1,4,-1,4,-1,4,-1,3,-1,3,-1,3,-1,3,-1,3,-2,2,-2,2,-2,2,-2,1,-2,1,0,0,0,0,0,0,0,0,0,0,0,0,0,0,18,61,15,62,22,63,19,61,19,62,19,54,17,64,15,58,15,59,23,52,20,57,21,56,22,53,19,54,18,49,23,53,22,49,22,49,20,44,22,49,29,46,24,50,21,43,21,43,17,43,14,46,20,43,17,43,15,39,21,42,14,44,15,39,9,38,12,40,15,35,6,40,13,33,5,29,8,31,12,31,9,27,6,32,4,30,4,27,2,22,2,25,4,23,-1,24,3,23,-1,19,0,22,-2,18,-4,19,-7,17,-6,15,-8,13,-11,12,0,0,0,0,0,0,0,0,0,0,0,0,0,0,0,0,0,0,0,0,0,0,17,0,17,3,17,10,17,11,16,17,19,22,10,25,4,32,10,30,3,36,-3,47,-6,44,-9,49,-16,48,-25,50,-36,51,-40,45,-45,46,-48,49,-51,42,-58,35,-60,37,-61,35,-68,31,-67,21,-70,26,-73,23,-67,19,-68,12,-71,13,-69,15,-66,11,-68,7,-68,8,-65,7,-66,10,-65,7,-66,11,-63,8,-62,13,-61,8,-60,10,-59,13,-67,17,-63,19,-52,15,-61,17,-60,18,-63,17,-62,16,-65,19,-57,29,-60,20,-62,25,-65,22,-62,23,-71,19,0,0]"
CSI_DATA,165,2a:00:00:00:00:00,-49,11,1,0,1,1,1,0,0,0,1,-97,0,11,2,2463712,0,44,0,384,0,"[0,0,0,0,0,0,0,0,0,0,0,0,11,-1,10,-1,10,-1,10,0,9,-1,10,-2,10,-1,10,-2,9,-2,9,-1,9,-2,9,-2,9,-2,8,-2,9,-2,9,-3,9,-3,9,-3,8,-3,8,-2,8,-1,8,-1,9,-2,7,-2,8,-1,8,-2,0,0,8,-2,7,-1,7,-1,6,-1,6,-1,6,0,6,-1,5,0,6,0,5,0,6,0,4,0,5,-1,4,0,4,0,4,0,4,0,3,1,4,1,3,0,3,0,3,1,2,1,3,1,2,1,2,1,0,0,0,0,0,0,0,0,0,0,0,0,0,0,61,14,65,10,62,9,62,10,65,11,63,9,63,10,61,7,56,11,57,9,60,10,57,6,61,9,52,-1,57,2,59,0,57,-1,53,-2,55,-5,54,2,59,1,56,-1,53,1,49,0,48,4,50,3,49,2,48,-2,46,-4,51,-1,50,6,42,2,44,5,41,1,40,5,34,4,36,9,37,4,32,5,36,11,34,11,27,4,34,6,27,4,30,2,25,11,25,7,27,6,20,5,16,12,20,9,16,11,19,14,10,12,15,10,13,12,11,11,0,0,0,0,0,0,0,0,0,0,0,0,0,0,0,0,0,0,0,0,0,0,8,-16,15,-12,13,-11,22,-12,23,-3,27,0,24,6,27,8,32,11,33,18,32,20,36,28,35,32,32,37,25,43,21,48,18,60,19,55,10,59,2,65,-2,64,-5,70,-4,68,-9,70,-15,64,-18,71,-19,70,-27,67,-25,63,-29,66,-32,64,-28,57,-31,57,-28,56,-32,58,-31,53,-30,59,-27,56,-23,56,-23,55,-22,60,-24,54,-24,57,-17,59,-20,58,-16,62,-18,60,-18,61,-18,62,-13,61,-18,64,-15,66,-19,67,-12,67,-10,67,-8,67,-16,68,0,0]"
CSI_DATA,166,2a:00:00:00:00:00,-49,11,1,0,1,1,1,0,0,0,1,-97,0,11,2,2472516,0,44,0,384,0,"[0,0,0,0,0,0,0,0,0,0,0,0,-7,9,-7,9,-7,9,-7,9,-7,9,-6,9,-6,9,-6,9,-6,9,-5,9,-6,9,-5,9,-5,9,-5,9,-5,9,-5,9,-5,9,-5,9,-5,9,-5,9,-5,9,-5,9,-5,8,-5,8,-5,8,-5,8,0,0,-5,7,-5,7,-5,7,-5,6,-5,6,-5,6,-5,6,-5,6,-5,5,-5,5,-5,4,-5,4,-5,4,-5,4,-4,3,-4,3,-5,3,-4,3,-4,3,-4,2,-4,2,-5,2,-4,1,-4,1,-4,1,-4,0,0,0,0,0,0,0,0,0,0,0,0,0,0,0,23,66,14,61,22,65,22,62,30,64,22,66,20,57,25,62,22,55,29,56,25,54,28,60,30,57,23,53,30,53,25,55,31,51,27,49,28,50,31,49,28,52,29,52,30,51,28,45,25,44,28,48,31,48,25,47,24,40,25,44,21,40,26,41,17,43,23,42,14,38,14,41,18,40,15,33,13,37,16,38,13,31,12,35,7,28,9,26,8,30,7,33,6,28,10,31,-2,29,7,30,-1,18,4,19,2,23,-1,20,-1,23,-4,16,-6,17,0,0,0,0,0,0,0,0,0,0,0,0,0,0,0,0,0,0,0,0,0,0,23,-5,24,0,22,5,18,14,19,13,16,21,16,24,14,30,9,32,5,32,-2,40,-2,40,-13,43,-19,42,-24,39,-32,38,-40,40,-43,34,-49,37,-50,35,-54,30,-60,25,-62,26,-65,19,-66,11,-68,16,-70,7,-69,6,-66,1,-66,0,-64,-1,-66,-2,-65,-2,-60,-2,-61,0,-62,2,-62,2,-68,1,-60,0,-56,1,-64,1,-60,2,-59,8,-60,8,-60,8,-65,17,-60,18,-59,11,-61,13,-63,14,-63,13,-61,16,-68,20,-65,20,-64,21,-65,19,-70,23,0,0]"
CSI_DATA,167,2a:00:00:00:00:00,-48,11,1,0,1,1,1,0,0,0,1,-97,0,11,2,2502539,0,44,0,384,0,"[0,0,0,0,0,0,0,0,0,0,0,0,7,-11,7,-11,7,-11,7,-11,7,-11,7,-11,7,-11,6,-11,6,-11,6,-11,6,-11,6,-11,5,-11,5,-11,5,-11,5,-12,5,-11,5,-11,4,-12,4,-12,5,-11,5,-12,5,-11,5,-11,5,-11,5,-10,0,0,5,-10,5,-10,5,-10,5,-10,5,-9,5,-9,5,-9,5,-8,5,-8,5,-7,5,-7,5,-7,4,-6,4,-6,4,-6,4,-6,4,-6,3,-5,3,-5,3,-5,4,-5,4,-4,4,-4,4,-3,4,-3,4,-3,0,0,0,0,0,0,0,0,0,0,0,0,0,0,-53,-58,-56,-51,-55,-55,-53,-57,-54,-53,-55,-55,-49,-54,-53,-57,-50,-44,-53,-53,-56,-49,-53,-47,-51,-49,-51,-47,-54,-49,-57,-46,-56,-45,-54,-49,-56,-41,-57,-42,-60,-39,-58,-39,-62,-43,-60,-41,-55,-46,-52,-41,-52,-43,-56,-42,-50,-45,-55,-35,-46,-43,-52,-49,-43,-43,-50,-38,-43,-40,-42,-42,-29,-38,-40,-38,-36,-36,-28,-36,-37,-35,-27,-38,-27,-32,-23,-29,-24,-35,-30,-33,-22,-28,-20,-27,-26,-30,-19,-28,-16,-23,-18,-31,-11,-32,-14,-25,-15,-27,-10,-25,-7,-23,0,0,0,0,0,0,0,0,0,0,0,0,0,0,0,0,0,0,0,0,0,0,-17,47,-21,45,-25,37,-36,42,-36,33,-36,32,-38,18,-36,18,-39,11,-36,7,-36,4,-40,-5,-34,-14,-24,-17,-27,-21,-19,-23,-21,-27,-9,-28,-8,-32,-3,-32,0,-33,14,-37,14,-32,18,-33,24,-35,28,-29,28,-25,30,-28,39,-25,39,-24,37,-23,42,-22,42,-24,39,-24,41,-25,41,-26,36,-24,44,-20,41,-23,36,-21,42,-24,46,-33,39,-27,34,-29,40,-37,48,-40,38,-36,41,-38,40,-37,44,-38,42,-35,39,-45,47,-55,39,-45,52,-56,52,-51,51,-51,0,0]"
CSI_DATA,168,2a:00:00:00:00:00,-48,11,1,0,1,1,1,0,0,0,1,-97,0,11,2,2512660,0,44,0,384,0,"[0,0,0,0,0,0,0,0,0,0,0,0,-12,7,-12,7,-11,7,-12,8,-11,7,-12,7,-11,7,-11,7,-11,7,-10,8,-11,8,-10,8,-10,8,-10,8,-10,8,-10,8,-10,9,-10,9,-9,9,-10,9,-10,8,-10,9,-10,8,-9,9,-10,8,-10,8,0,0,-10,8,-9,7,-9,7,-9,7,-9,6,-9,6,-9,6,-8,5,-8,5,-8,5,-8,5,-7,4,-7,4,-7,4,-6,3,-7,4,-6,3,-6,3,-6,3,-6,3,-6,3,-6,2,-6,2,-6,2,-6,2,-6,1,0,0,0,0,0,0,0,0,0,0,0,0,0,0,-5,78,-1,71,-2,76,5,74,2,76,1,72,3,69,-3,76,0,70,5,73,1,73,12,66,7,64,5,66,4,62,11,72,9,66,13,71,10,62,14,64,11,68,13,65,13,66,14,63,10,65,10,67,16,65,11,59,10,63,10,65,12,64,15,61,9,60,6,60,6,55,5,55,1,52,7,46,-6,50,-4,49,5,49,-3,41,-1,41,5,36,1,35,4,34,-3,34,6,31,-2,30,-1,33,-1,35,-1,29,-3,29,-4,27,-5,27,-4,24,-10,20,0,0,0,0,0,0,0,0,0,0,0,0,0,0,0,0,0,0,0,0,0,0,50,-29,58,-22,51,-14,56,-7,58,-8,56,7,50,4,49,13,45,11,40,16,41,19,33,26,29,27,26,29,16,32,8,33,1,33,-2,28,-4,28,-7,22,-16,18,-17,23,-21,17,-24,7,-33,7,-25,4,-33,-1,-34,-5,-29,-4,-33,-6,-33,-4,-30,-8,-38,-14,-40,-6,-39,-14,-32,-10,-36,-3,-38,-8,-34,-17,-38,-5,-38,-8,-43,-7,-46,-2,-45,-3,-45,-9,-53,-7,-49,-3,-50,-1,-62,-5,-58,-1,-50,3,-59,7,-64,1,-61,2,-66,4,-70,6,-74,9,0,0]"
CSI_DATA,169,2a:00:00:00:00:00,-49,11,1,0,1,1,1,0,0,0,1,-97,0,11,2,2532661,0,44,0,384,0,"[0,0,0,0,0,0,0,0,0,0,0,0,11,6,11,6,11,6,11,6,11,6,11,5,11,5,11,5,11,5,11,5,11,5,11,4,11,4,11,4,11,4,12,4,12,3,12,3,12,3,12,4,11,4,11,4,11,4,11,4,11,4,11,4,0,0,10,4,10,4,9,4,10,3,9,4,8,3,8,3,8,3,8,3,8,3,7,3,7,2,7,2,6,2,6,3,6,2,6,2,6,2,6,2,5,3,5,3,5,2,5,3,5,3,4,3,4,4,0,0,0,0,0,0,0,0,0,0,0,0,0,0,44,-54,45,-55,46,-56,51,-50,44,-52,47,-52,49,-51,52,-50,43,-51,42,-55,46,-52,40,-53,42,-50,39,-46,43,-53,39,-51,39,-53,40,-52,39,-55,41,-51,40,-53,37,-50,37,-50,35,-52,39,-54,40,-57,41,-51,35,-44,39,-44,35,-48,38,-48,43,-45,41,-38,39,-39,28,-38,36,-35,28,-38,26,-36,28,-33,31,-32,23,-31,31,-27,27,-31,22,-31,23,-29,18,-24,18,-28,26,-27,22,-27,19,-24,23,-25,21,-26,25,-19,21,-15,26,-17,26,-17,24,-12,0,0,0,0,0,0,0,0,0,0,0,0,0,0,0,0,0,0,0,0,0,0,-67,-30,-62,-44,-54,-41,-54,-50,-53,-52,-47,-61,-38,-60,-35,-58,-29,-59,-21,-54,-10,-56,-10,-56,-1,-61,3,-53,9,-53,10,-43,17,-40,19,-39,24,-30,26,-25,26,-21,29,-19,33,-12,25,-4,23,1,26,3,28,10,26,14,21,8,26,17,21,22,21,12,22,17,25,21,20,20,12,18,17,25,20,28,-11,50,41,25,28,29,24,28,25,24,32,25,27,25,29,17,29,22,34,25,40,25,43,30,39,31,41,36,52,37,49,42,50,41,52,39,51,45,0,0]"
CSI_DATA,170,2a:00:00:00:00:00,-49,11,1,0,1,1,1,0,0,0,1,-97,0,11,2,2542539,0,44,0,384,0,"[0,0,0,0,0,0,0,0,0,0,0,0,-3,11,-3,11,-3,12,-3,11,-3,12,-3,11,-2,11,-2,11,-2,11,-2,11,-3,11,-3,11,-2,11,-2,11,-2,11,-1,11,-1,11,-1,11,-1,11,-1,11,-1,11,-1,11,-2,11,-2,11,-2,10,-2,10,0,0,-1,9,-1,10,-1,9,-1,9,-1,8,-1,8,-1,8,-1,8,-1,7,-1,7,-1,7,-2,7,-1,7,-1,6,-1,7,-1,6,-1,6,-1,6,-1,6,-1,6,-1,6,-2,6,-2,5,-3,5,-3,5,-3,4,0,0,0,0,0,0,0,0,0,0,0,0,0,0,60,25,60,29,59,19,65,25,68,23,62,29,64,26,58,20,54,22,61,21,60,21,62,23,57,19,60,21,58,18,57,18,60,13,58,13,60,16,58,15,62,14,63,14,59,11,60,12,50,18,60,12,61,18,60,10,53,16,54,15,53,15,51,14,43,16,43,11,45,17,42,14,43,13,41,11,44,9,36,12,38,11,37,13,38,9,36,9,39,9,34,2,31,9,30,14,28,10,28,8,24,9,35,14,29,8,27,16,29,14,22,15,17,16,0,0,0,0,0,0,0,0,0,0,0,0,0,0,0,0,0,0,0,0,0,0,19,-72,26,-67,31,-65,33,-63,42,-54,45,-54,50,-45,51,-42,58,-32,58,-28,64,-21,59,-16,60,-10,59,-5,52,2,57,7,46,12,49,17,39,17,38,30,32,28,25,29,22,38,17,34,13,32,8,34,4,35,-1,32,2,27,-3,26,-2,28,-7,24,-7,23,-12,30,-10,32,-13,30,-11,29,-12,36,-11,28,-11,32,-9,25,-12,37,-13,34,-10,36,-11,38,-13,47,-14,40,-16,39,-16,43,-6,46,-12,49,-11,57,-15,57,-16,60,-10,62,-17,56,-21,61,0,0]"
CSI_DATA,171,2a:00:00:00:00:00,-49,11,1,0,1,1,1,0,0,0,1,-97,0,11,2,2552509,0,44,0,384,0,"[0,0,0,0,0,0,0,0,0,0,0,0,4,10,4,11,4,11,3,11,3,10,4,10,3,10,4,10,4,10,4,10,4,10,4,10,4,10,4,9,4,9,4,9,5,9,4,9,5,9,4,9,4,9,4,9,4,9,4,9,4,9,4,9,0,0,4,8,3,8,3,8,3,7,3,7,3,7,3,7,3,7,3,7,3,6,3,6,3,6,3,6,2,6,3,6,3,6,2,6,2,6,2,6,1,6,1,6,1,5,0,5,0,5,0,5,-1,5,0,0,0,0,0,0,0,0,0,0,0,0,0,0,74,-1,65,-5,72,-7,64,-1,67,-2,68,6,59,-4,67,-4,58,0,67,3,63,-5,60,2,64,-8,60,-2,59,-7,59,-8,65,-8,55,-9,59,-6,57,-12,68,-14,58,-7,62,-13,54,-12,58,-10,61,-4,55,-6,52,-6,57,-3,56,-8,56,-3,50,-9,50,-5,46,-10,44,-4,48,-11,45,-9,45,-7,41,-6,40,-8,39,-1,43,-6,39,-7,39,-10,40,-7,38,0,33,-3,39,-7,33,-5,33,-1,29,1,36,2,33,3,35,8,27,5,27,5,31,9,0,0,0,0,0,0,0,0,0,0,0,0,0,0,0,0,0,0,0,0,0,0,-2,-65,7,-68,22,-64,24,-66,26,-55,32,-60,45,-48,38,-44,51,-41,47,-34,55,-34,56,-24,58,-25,59,-13,61,-10,53,-1,52,1,47,12,49,19,46,23,39,28,33,33,31,33,24,39,19,35,13,36,14,37,18,39,11,38,8,42,2,37,6,38,4,31,0,38,-1,39,1,35,2,42,-3,34,3,32,-1,42,5,37,9,39,6,42,8,39,5,47,14,45,6,45,3,50,11,47,10,49,11,54,9,58,4,59,13,59,7,58,17,62,4,68,0,0]"
CSI_DATA,172,2a:00:00:00:00:00,-48,11,1,0,1,1,1,0,0,0,1,-97,0,11,2,2572702,0,44,0,384,0,"[0,0,0,0,0,0,0,0,0,0,0,0,-9,7,-9,8,-8,8,-8,8,-8,7,-8,8,-8,8,-8,8,-8,8,-7,8,-7,8,-7,8,-7,8,-7,8,-7,8,-7,9,-7,9,-7,8,-6,9,-7,9,-7,8,-7,9,-7,8,-6,8,-6,8,-7,8,0,0,-7,8,-6,8,-6,8,-6,7,-6,8,-6,7,-6,7,-6,7,-6,7,-6,6,-6,6,-6,6,-6,6,-6,6,-6,5,-6,6,-6,5,-6,5,-6,4,-6,4,-6,4,-7,3,-6,3,-7,2,-6,2,-6,1,0,0,0,0,0,0,0,0,0,0,0,0,0,0,28,58,23,56,30,62,29,61,30,61,27,60,26,56,23,58,31,50,27,54,31,54,29,55,32,50,28,51,31,50,36,50,34,51,30,50,33,49,36,49,39,47,32,50,38,49,38,50,30,52,30,49,36,48,34,52,32,49,37,57,28,44,27,48,27,45,31,42,30,45,23,44,27,44,27,40,35,36,25,39,24,46,26,39,26,39,24,37,23,42,19,37,16,39,16,39,15,36,14,34,11,40,6,38,11,39,7,36,0,30,0,33,-2,28,0,0,0,0,0,0,0,0,0,0,0,0,0,0,0,0,0,0,0,0,0,0,47,-12,44,-6,46,1,44,4,41,11,48,14,41,22,38,27,37,30,28,35,27,43,23,45,19,45,11,43,5,49,3,51,-9,51,-11,46,-14,48,-23,44,-22,46,-32,39,-34,37,-42,29,-39,27,-43,25,-47,23,-44,22,-45,16,-42,15,-44,16,-41,14,-38,16,-41,17,-38,10,-46,11,-37,10,-39,14,-41,14,-44,17,-41,16,-39,18,-43,24,-44,21,-40,22,-37,33,-45,21,-44,30,-50,28,-46,33,-47,29,-50,32,-56,32,-53,31,-57,32,-57,27,-68,27,0,0]"
CSI_DATA,173,2a:00:00:00:00:00,-48,11,1,0,1,1,1,0,0,0,1,-97,0,11,2,2582671,0,44,0,384,0,"[0,0,0,0,0,0,0,0,0,0,0,0,9,5,9,5,9,5,9,4,9,5,9,4,9,3,9,3,9,3,10,4,9,3,10,2,10,3,10,3,10,3,10,2,9,2,10,2,10,2,10,2,10,3,10,2,10,2,10,2,10,2,9,1,0,0,9,2,10,3,9,2,9,2,8,2,9,2,9,3,9,1,8,2,8,2,8,2,8,2,8,2,7,3,7,2,7,3,6,3,6,3,6,3,6,3,6,3,5,3,5,3,4,4,4,5,3,4,0,0,0,0,0,0,0,0,0,0,0,0,0,0,49,40,46,36,48,37,45,39,57,38,53,35,48,28,52,33,46,26,50,33,51,28,53,27,54,27,47,25,52,27,53,22,50,29,53,25,57,23,54,24,61,20,55,17,61,18,58,19,56,24,55,24,52,18,55,23,58,18,57,19,53,21,55,24,45,15,53,21,47,20,50,23,45,20,46,23,47,17,53,16,50,15,48,18,45,13,44,26,48,19,36,25,40,24,35,21,34,31,33,25,35,26,31,29,30,25,27,22,30,25,22,26,15,31,0,0,0,0,0,0,0,0,0,0,0,0,0,0,0,0,0,0,0,0,0,0,30,-24,34,-24,33,-17,38,-12,41,-12,40,-1,35,4,38,9,37,11,33,18,31,22,33,27,29,28,21,37,21,40,17,37,8,45,6,43,6,47,-4,48,-8,46,-13,42,-18,45,-22,43,-24,35,-32,40,-32,29,-33,37,-31,28,-32,25,-35,30,-37,24,-37,19,-34,21,-32,20,-34,23,-32,26,-27,23,-34,25,-31,28,-27,33,-27,31,-29,36,-31,40,-28,38,-30,30,-25,37,-27,46,-31,43,-30,42,-29,43,-34,48,-38,50,-39,45,-37,48,-43,51,-35,53,0,0]"
CSI_DATA,174,2a:00:00:00:00:00,-48,11,1,0,1,1,1,0,0,0,1,-97,0,11,2,2592505,0,44,0,384,0,"[0,0,0,0,0,0,0,0,0,0,0,0,-8,-9,-8,-9,-8,-9,-8,-9,-8,-8,-9,-8,-9,-7,-9,-7,-9,-7,-9,-7,-10,-7,-10,-7,-10,-7,-10,-7,-11,-7,-11,-6,-11,-6,-11,-6,-12,-6,-11,-6,-11,-6,-12,-6,-11,-6,-11,-6,-11,-6,-12,-6,0,0,-12,-6,-11,-6,-11,-6,-11,-6,-11,-6,-11,-6,-11,-6,-11,-6,-11,-6,-11,-6,-10,-6,-10,-6,-10,-6,-9,-6,-9,-6,-9,-6,-9,-6,-8,-7,-8,-7,-7,-7,-7,-7,-7,-7,-6,-7,-6,-7,-5,-7,-4,-7,0,0,0,0,0,0,0,0,0,0,0,0,0,0,-57,21,-56,19,-62,28,-51,25,-55,27,-58,25,-58,24,-57,30,-53,27,-56,31,-51,31,-52,35,-48,33,-45,36,-50,35,-51,39,-51,40,-47,42,-47,43,-49,41,-51,50,-42,41,-51,46,-46,48,-49,45,-49,49,-45,47,-51,48,-45,47,-46,50,-48,42,-50,47,-47,42,-47,37,-44,44,-44,42,-45,41,-42,44,-44,43,-46,38,-39,38,-43,30,-42,40,-48,40,-48,34,-40,28,-45,30,-42,26,-44,27,-46,25,-41,25,-43,24,-41,16,-44,18,-45,8,-41,6,-38,8,0,0,0,0,0,0,0,0,0,0,0,0,0,0,0,0,0,0,0,0,0,0,13,34,3,37,3,39,-1,44,-8,38,-12,37,-13,34,-19,35,-22,33,-27,26,-30,23,-37,14,-41,15,-43,6,-39,-2,-37,-5,-38,-9,-33,-14,-38,-21,-36,-28,-32,-31,-30,-34,-22,-31,-27,-39,-21,-42,-18,-42,-13,-41,-8,-42,-10,-43,-3,-44,-3,-39,-9,-40,-8,-44,-5,-45,-6,-36,-8,-42,-5,-39,2,-39,-4,-37,-8,-46,-9,-41,-12,-34,-17,-39,-14,-40,-20,-42,-19,-42,-18,-44,-23,-53,-26,-50,-21,-50,-27,-44,-15,-50,-18,-59,-19,-54,-24,-50,-26,-62,-19,-68,0,0]"
CSI_DATA,175,2a:00:00:00:00:00,-48,11,1,0,1,1,1,0,0,0,1,-97,0,11,2,2602634,0,44,0,384,0,"[0,0,0,0,0,0,0,0,0,0,0,0,6,7,6,7,6,7,6,7,7,7,7,6,7,6,8,6,8,6,8,6,8,6,9,6,9,5,9,5,9,5,10,5,10,5,10,5,10,5,11,5,10,6,11,5,11,5,11,5,11,5,11,5,0,0,11,5,11,5,11,5,11,5,10,5,10,5,10,5,10,5,10,5,10,5,10,5,9,5,9,5,9,5,9,6,9,6,9,6,8,6,8,6,7,6,7,6,6,6,6,6,6,6,5,7,4,7,0,0,0,0,0,0,0,0,0,0,0,0,0,0,60,-21,53,-10,48,-13,58,-16,62,-22,56,-12,51,-21,57,-24,52,-26,55,-23,51,-24,52,-28,49,-31,56,-35,47,-36,50,-31,48,-39,54,-34,45,-38,53,-44,54,-40,53,-42,52,-46,53,-49,49,-45,52,-43,57,-38,52,-43,53,-40,56,-52,50,-41,55,-39,48,-46,57,-44,54,-40,49,-37,53,-42,53,-35,52,-42,53,-31,49,-44,47,-37,47,-39,52,-36,59,-35,54,-30,51,-24,47,-21,50,-28,48,-26,49,-18,52,-23,49,-17,46,-8,46,-13,47,-9,46,-7,0,0,0,0,0,0,0,0,0,0,0,0,0,0,0,0,0,0,0,0,0,0,-13,-46,-7,-45,0,-42,10,-44,9,-43,14,-37,19,-38,26,-32,22,-34,28,-27,25,-21,30,-19,34,-12,35,-11,31,-4,33,1,34,7,29,15,18,15,29,19,22,27,21,23,17,31,10,30,12,41,5,35,2,36,-3,34,-1,36,-4,35,-5,39,-6,34,-9,35,-4,31,-10,32,-8,34,-3,35,-14,32,-4,33,1,36,0,31,1,37,-1,35,1,37,0,37,14,43,8,46,4,45,3,45,8,47,11,53,10,48,9,56,11,51,5,53,14,55,15,58,0,0]"
CSI_DATA,176,2a:00:00:00:00:00,-48,11,1,0,1,1,1,0,0,0,1,-97,0,11,2,2612516,0,44,0,384,0,"[0,0,0,0,0,0,0,0,0,0,0,0,-5,8,-5,8,-4,8,-4,9,-4,8,-4,9,-4,9,-3,9,-3,10,-3,10,-3,10,-2,10,-2,11,-2,11,-2,12,-1,11,-1,12,-1,11,-1,13,-1,12,-1,12,-1,13,-1,12,-1,13,-1,13,-1,13,0,0,-1,13,0,12,0,13,-1,12,0,13,0,13,0,12,0,12,-1,12,-1,12,-1,12,-1,12,-1,12,-1,12,-1,11,-1,11,-2,11,-2,11,-2,10,-2,10,-3,10,-3,10,-3,9,-4,9,-4,8,-5,8,0,0,0,0,0,0,0,0,0,0,0,0,0,0,28,43,25,41,33,43,40,38,31,35,39,38,35,38,42,39,36,35,44,40,41,34,47,33,53,34,48,33,55,39,53,34,54,31,55,28,58,29,58,30,62,25,60,34,66,29,63,27,64,31,62,32,63,27,64,33,65,29,67,28,60,28,67,26,62,25,64,30,65,34,62,32,66,23,65,25,63,25,61,27,59,33,55,30,55,26,54,30,53,26,57,27,55,33,50,27,47,30,44,30,47,32,43,35,43,32,37,39,42,35,29,36,26,36,0,0,0,0,0,0,0,0,0,0,0,0,0,0,0,0,0,0,0,0,0,0,37,-25,42,-16,39,-7,43,-10,42,-6,39,-1,42,2,43,6,35,11,29,12,26,26,21,18,20,21,17,26,19,28,6,30,1,27,-2,24,-3,27,-13,27,-15,21,-27,22,-22,14,-21,11,-30,16,-31,16,-39,7,-34,1,-30,3,-35,2,-34,5,-35,-1,-25,-3,-28,-6,-32,1,-33,2,-34,3,-28,3,-29,3,-31,3,-34,4,-37,7,-37,9,-35,6,-35,12,-44,8,-39,11,-35,14,-45,15,-35,17,-43,18,-43,20,-39,21,-48,22,-46,23,-47,30,-42,30,0,0]"
CSI_DATA,177,2a:00:00:00:00:00,-47,11,1,0,1,1,1,0,0,0,1,-97,0,11,2,2623119,0,44,0,384,0,"[0,0,0,0,0,0,0,0,0,0,0,0,-10,-2,-11,-2,-10,-2,-11,-2,-11,-1,-11,-1,-11,-1,-11,0,-12,0,-11,0,-12,1,-12,1,-12,1,-12,1,-13,1,-13,1,-13,2,-13,2,-13,2,-13,2,-13,2,-14,2,-13,2,-13,3,-14,3,-14,3,0,0,-14,3,-13,2,-14,3,-13,3,-13,2,-13,3,-13,2,-13,3,-13,2,-13,2,-13,2,-13,2,-13,2,-13,2,-12,1,-13,1,-12,1,-12,0,-12,0,-11,0,-11,0,-11,-1,-11,-1,-11,-1,-10,-2,-10,-3,0,0,0,0,0,0,0,0,0,0,0,0,0,0,-48,31,-39,24,-40,31,-42,40,-39,38,-42,33,-36,39,-46,40,-35,39,-35,36,-38,44,-31,47,-37,50,-35,44,-36,47,-35,50,-36,54,-37,54,-32,60,-35,60,-32,59,-33,57,-28,64,-23,57,-29,66,-34,65,-34,62,-31,59,-38,64,-30,67,-37,59,-27,69,-29,63,-27,67,-30,62,-26,66,-24,61,-31,62,-32,61,-27,55,-28,58,-30,52,-30,58,-25,53,-33,53,-31,55,-32,51,-30,46,-30,50,-28,48,-31,47,-30,49,-31,44,-38,38,-37,34,-40,29,-37,28,0,0,0,0,0,0,0,0,0,0,0,0,0,0,0,0,0,0,0,0,0,0,21,30,14,32,11,31,9,31,3,32,3,29,-2,35,-3,29,-7,29,-12,24,-19,17,-17,19,-20,14,-19,10,-23,11,-23,3,-19,-6,-26,-9,-22,-9,-20,-11,-18,-15,-16,-18,-13,-20,-14,-25,-7,-32,-6,-32,-4,-28,-4,-34,1,-34,-6,-35,4,-28,-1,-37,-2,-29,-2,-34,2,-33,0,-31,-1,-27,2,-35,1,-34,-5,-34,-1,-39,0,-38,-7,-32,-12,-39,-10,-35,-6,-30,-9,-36,-13,-39,-17,-38,-18,-36,-16,-39,-18,-43,-17,-45,-23,-41,-22,-41,-24,-46,-26,-45,0,0]"
CSI_DATA,178,2a:00:00:00:00:00,-45,11,1,0,1,1,1,0,0,0,1,-97,0,11,2,2642804,0,44,0,384,0,"[0,0,0,0,0,0,0,0,0,0,0,0,10,-6,10,-6,9,-6,9,-6,9,-6,10,-6,9,-6,10,-7,10,-7,9,-7,9,-7,9,-8,9,-8,8,-8,9,-8,9,-9,9,-9,8,-9,8,-9,8,-9,8,-9,8,-9,9,-9,8,-10,8,-9,9,-10,0,0,9,-10,8,-9,8,-10,8,-10,8,-9,7,-9,8,-9,7,-9,8,-9,8,-8,8,-8,8,-8,8,-8,8,-8,8,-7,8,-7,8,-7,8,-6,8,-6,8,-5,8,-5,8,-5,8,-4,8,-3,8,-3,7,-2,0,0,0,0,0,0,0,0,0,0,0,0,0,0,55,-18,57,-17,65,-20,64,-24,57,-31,60,-30,57,-25,58,-31,60,-28,59,-29,55,-28,58,-34,56,-32,54,-36,55,-35,55,-37,55,-41,51,-41,51,-41,52,-44,52,-49,48,-43,52,-45,49,-45,51,-43,48,-43,55,-44,50,-49,55,-52,48,-50,51,-46,57,-50,46,-45,49,-46,46,-43,51,-45,51,-45,50,-46,53,-43,51,-40,49,-41,47,-41,53,-40,49,-37,49,-35,46,-31,49,-37,45,-32,49,-31,47,-26,45,-25,45,-22,46,-21,44,-18,47,-16,48,-17,47,-7,0,0,0,0,0,0,0,0,0,0,0,0,0,0,0,0,0,0,0,0,0,0,-19,-6,-17,-10,-17,-7,-13,-11,-16,-11,-6,-9,-4,-6,-4,-8,-3,-9,-2,-10,-4,-2,4,3,6,2,9,7,5,6,7,12,4,16,7,16,6,24,3,22,1,30,4,29,2,34,1,36,-2,40,-5,37,-10,37,-8,43,-9,39,-9,47,-11,37,-14,43,-12,41,-16,41,-12,43,-14,43,-14,44,-12,44,-11,45,-8,44,-6,46,-8,46,-6,52,-4,42,-7,52,-4,55,-2,48,-3,52,2,50,-1,47,7,53,8,56,3,56,7,51,9,58,13,59,13,53,0,0]"
CSI_DATA,179,2a:00:00:00:00:00,-44,11,1,0,1,1,1,0,0,0,1,-97,0,11,2,2662494,0,44,0,384,0,"[0,0,0,0,0,0,0,0,0,0,0,0,-13,-2,-12,-1,-12,-2,-12,-2,-13,-2,-12,-1,-12,-1,-12,0,-12,-1,-12,0,-12,0,-12,0,-12,0,-12,0,-11,0,-12,1,-12,1,-12,1,-11,1,-11,1,-11,1,-11,1,-12,2,-11,2,-12,2,-12,2,0,0,-12,2,-11,1,-11,2,-12,2,-10,1,-11,1,-11,1,-11,1,-11,1,-11,1,-11,1,-10,1,-10,0,-10,0,-10,0,-10,0,-10,0,-9,-1,-9,-1,-9,-1,-9,-2,-8,-2,-8,-2,-8,-3,-8,-3,-7,-3,0,0,0,0,0,0,0,0,0,0,0,0,0,0,-53,-27,-58,-30,-61,-25,-63,-25,-62,-22,-57,-25,-61,-21,-57,-23,-59,-21,-64,-18,-60,-12,-62,-17,-64,-17,-57,-13,-60,-17,-62,-10,-60,-11,-60,-12,-64,-11,-61,-10,-65,-8,-67,-3,-59,-2,-61,-2,-61,-5,-61,-9,-63,-2,-61,-2,-60,-6,-62,-1,-63,4,-65,0,-61,1,-55,-1,-63,1,-56,-3,-55,-3,-59,-4,-59,-1,-56,2,-61,-5,-56,-6,-58,-5,-53,-2,-51,-5,-52,-7,-53,-11,-52,-10,-45,-12,-44,-13,-47,-11,-46,-15,-43,-11,-39,-17,-37,-19,-35,-19,-31,-24,0,0,0,0,0,0,0,0,0,0,0,0,0,0,0,0,0,0,0,0,0,0,17,1,18,1,14,6,15,4,13,4,16,0,12,-3,11,-5,11,-4,13,-5,7,-7,11,-8,10,-13,15,-13,8,-15,18,-21,14,-21,19,-21,17,-21,20,-25,17,-24,24,-26,23,-28,23,-29,24,-29,35,-33,36,-30,37,-31,33,-31,36,-34,42,-35,37,-32,37,-34,40,-33,38,-30,47,-38,40,-33,40,-33,42,-34,38,-36,41,-35,39,-40,35,-37,38,-39,38,-41,35,-47,33,-39,39,-45,37,-41,32,-44,35,-43,31,-48,31,-50,28,-53,31,-51,32,-51,33,-56,0,0]"
CSI_DATA,180,2a:00:00:00:00:00,-44,11,1,0,1,1,1,0,0,0,1,-97,0,11,2,2692516,0,44,0,384,0,"[0,0,0,0,0,0,0,0,0,0,0,0,12,2,12,2,12,2,11,2,11,2,11,1,11,1,11,1,11,1,11,1,11,1,11,1,10,1,10,1,10,0,11,-1,10,-1,11,-1,10,-1,10,-1,10,-1,10,-1,10,-1,10,-1,10,-1,10,-1,0,0,10,-1,9,0,9,-1,10,-1,9,-1,9,-1,9,-1,9,-1,9,-1,9,-1,8,0,8,0,8,0,7,0,8,1,7,0,7,1,7,1,7,1,6,1,6,1,6,2,5,2,5,2,5,3,4,2,0,0,0,0,0,0,0,0,0,0,0,0,0,0,58,10,63,16,62,14,65,15,64,8,67,12,62,9,61,9,61,12,63,6,65,7,64,11,65,6,56,5,58,3,59,2,56,-2,59,-4,57,0,60,-6,61,-10,58,-3,56,-6,54,-2,56,-2,52,-4,58,-6,57,-8,54,-8,55,-8,54,-6,55,-11,50,-9,54,-11,51,-8,47,-2,45,-3,50,-4,51,-6,52,-1,52,-3,48,-5,45,-5,44,-4,43,2,46,2,44,0,39,3,41,1,38,8,35,9,38,6,37,6,36,11,30,9,30,8,27,11,0,0,0,0,0,0,0,0,0,0,0,0,0,0,0,0,0,0,0,0,0,0,-22,13,-27,11,-23,9,-24,9,-19,8,-19,11,-22,10,-23,8,-18,11,-16,10,-18,16,-15,16,-16,18,-18,21,-16,22,-16,26,-19,26,-19,26,-17,28,-24,32,-20,28,-25,35,-25,39,-22,39,-25,42,-27,43,-28,41,-30,47,-28,44,-29,47,-30,47,-31,46,-33,45,-35,48,-39,46,-39,48,-35,47,-34,49,-34,50,-31,51,-36,51,-29,49,-31,54,-30,53,-34,52,-29,55,-32,51,-30,52,-26,56,-27,52,-24,52,-22,61,-21,61,-18,57,-15,57,-20,59,-21,58,0,0]"
CSI_DATA,181,2a:00:00:00:00:00,-44,11,1,0,1,1,1,0,0,0,1,-97,0,11,2,2702647,0,44,0,384,0,"[0,0,0,0,0,0,0,0,0,0,0,0,-14,-1,-13,-1,-13,-1,-13,-2,-13,-2,-13,-1,-12,-1,-12,-1,-12,-1,-12,-1,-12,-1,-12,0,-12,0,-12,0,-11,0,-12,0,-12,0,-12,1,-11,0,-11,1,-11,0,-11,0,-11,1,-11,1,-11,0,-11,1,0,0,-11,1,-10,1,-10,1,-10,1,-10,0,-10,0,-10,0,-9,0,-10,0,-10,0,-9,0,-9,0,-9,0,-8,-1,-8,-1,-8,-1,-8,-2,-8,-2,-7,-2,-7,-2,-7,-2,-7,-2,-6,-2,-6,-3,-6,-3,-5,-3,0,0,0,0,0,0,0,0,0,0,0,0,0,0,-67,-19,-68,-14,-65,-17,-66,-12,-71,-14,-68,-19,-66,-13,-69,-16,-66,-10,-62,-10,-67,-8,-65,-9,-66,-4,-60,-7,-60,-11,-64,0,-59,-5,-62,-6,-57,-4,-58,-3,-61,-1,-60,-1,-55,4,-59,-1,-57,-5,-55,1,-60,-1,-56,1,-55,-1,-59,3,-52,-2,-57,1,-51,-1,-51,2,-55,1,-53,-3,-50,2,-51,-1,-49,2,-53,-5,-49,-5,-51,-6,-47,-8,-41,-5,-44,-8,-45,-6,-40,-7,-39,-10,-40,-8,-34,-12,-36,-12,-37,-15,-32,-13,-32,-12,-29,-14,-28,-18,-24,-17,0,0,0,0,0,0,0,0,0,0,0,0,0,0,0,0,0,0,0,0,0,0,22,-19,22,-22,24,-17,23,-17,20,-17,23,-20,23,-22,18,-16,20,-20,13,-19,17,-17,12,-22,13,-24,14,-18,15,-24,14,-28,15,-31,15,-31,12,-31,11,-33,12,-35,15,-40,14,-43,17,-43,17,-46,20,-48,24,-49,24,-54,23,-49,25,-49,28,-55,26,-53,29,-52,27,-51,29,-53,34,-54,30,-58,30,-54,30,-53,28,-59,33,-57,28,-55,29,-56,29,-59,25,-58,27,-61,26,-58,24,-59,22,-54,22,-52,17,-54,18,-60,19,-62,16,-60,22,-63,16,-66,15,-63,0,0]"
CSI_DATA,182,2a:00:00:00:00:00,-45,11,1,0,1,1,1,0,0,0,1,-97,0,11,2,2713268,0,44,0,384,0,"[0,0,0,0,0,0,0,0,0,0,0,0,-8,-10,-8,-11,-8,-11,-8,-11,-8,-11,-8,-11,-7,-10,-8,-10,-8,-10,-8,-10,-8,-9,-8,-9,-8,-9,-8,-9,-8,-9,-8,-8,-8,-8,-8,-8,-8,-8,-8,-8,-8,-7,-8,-8,-8,-7,-8,-7,-8,-8,-8,-7,0,0,-8,-7,-7,-7,-8,-7,-8,-6,-7,-7,-7,-7,-7,-7,-7,-7,-6,-6,-7,-6,-6,-6,-6,-7,-6,-6,-6,-7,-5,-6,-5,-6,-5,-6,-5,-6,-4,-6,-4,-6,-3,-6,-3,-6,-3,-6,-3,-6,-2,-6,-2,-6,0,0,0,0,0,0,0,0,0,0,0,0,0,0,-32,-60,-35,-65,-37,-62,-36,-57,-35,-55,-37,-55,-39,-57,-32,-57,-36,-61,-36,-52,-35,-54,-38,-53,-39,-50,-37,-50,-37,-50,-37,-47,-37,-50,-33,-48,-37,-42,-42,-45,-36,-39,-42,-41,-40,-40,-39,-45,-37,-43,-35,-39,-40,-39,-41,-40,-35,-42,-41,-36,-37,-35,-38,-34,-39,-40,-32,-35,-38,-39,-35,-38,-32,-39,-33,-37,-32,-36,-35,-35,-35,-32,-31,-32,-26,-33,-31,-30,-23,-36,-26,-37,-24,-31,-23,-33,-17,-30,-19,-32,-19,-29,-15,-30,-14,-32,-13,-34,-11,-28,-9,-30,-8,-28,0,0,0,0,0,0,0,0,0,0,0,0,0,0,0,0,0,0,0,0,0,0,30,6,25,8,30,9,31,12,30,14,25,9,26,8,20,8,22,2,24,3,23,6,22,4,23,-3,25,-1,25,1,31,-5,29,-6,35,-7,27,-6,34,-8,40,-8,35,-9,47,-12,45,-6,46,-12,48,-9,47,-17,51,-6,60,-15,51,-11,58,-12,54,-10,59,-9,60,-12,57,-9,56,-10,63,-15,61,-10,59,-7,59,-11,62,-7,60,-15,56,-16,62,-19,54,-19,53,-15,57,-17,56,-18,57,-16,54,-21,56,-18,52,-29,50,-26,55,-29,56,-30,54,-28,59,-32,0,0]"
CSI_DATA,183,2a:00:00:00:00:00,-45,11,1,0,1,1,1,0,0,0,1,-97,0,11,2,2722917,0,44,0,384,0,"[0,0,0,0,0,0,0,0,0,0,0,0,-12,4,-13,4,-12,4,-12,4,-11,4,-12,4,-12,3,-12,3,-11,3,-11,4,-11,4,-11,4,-10,4,-10,4,-10,4,-10,4,-10,4,-9,4,-9,5,-9,4,-9,4,-9,4,-9,4,-9,5,-9,4,-9,4,0,0,-9,4,-8,4,-8,4,-9,3,-8,3,-8,3,-8,3,-8,3,-9,3,-8,3,-8,3,-7,2,-7,2,-7,2,-7,2,-7,1,-7,1,-7,1,-7,0,-7,0,-6,0,-6,0,-6,0,-6,0,-6,-1,-6,-1,0,0,0,0,0,0,0,0,0,0,0,0,0,0,-63,29,-68,23,-71,27,-64,28,-66,23,-68,19,-66,22,-66,26,-61,26,-66,19,-61,25,-56,24,-60,24,-55,20,-61,23,-58,23,-56,22,-53,26,-55,25,-55,26,-54,26,-52,24,-49,31,-45,26,-47,28,-52,24,-50,30,-47,31,-45,27,-52,25,-48,25,-47,22,-45,27,-44,26,-44,21,-44,21,-42,25,-46,21,-42,20,-45,16,-39,16,-45,16,-44,13,-36,17,-41,9,-39,8,-36,12,-35,10,-35,6,-36,8,-38,4,-37,3,-32,1,-28,0,-29,-3,-29,1,-29,-2,0,0,0,0,0,0,0,0,0,0,0,0,0,0,0,0,0,0,0,0,0,0,6,-33,11,-30,8,-27,10,-30,10,-26,11,-23,12,-28,7,-26,7,-23,3,-22,6,-28,2,-24,3,-23,-2,-26,-4,-26,-1,-31,-3,-31,-6,-36,-10,-34,-7,-34,-8,-36,-7,-41,-7,-44,-11,-46,-8,-49,-7,-52,-5,-47,-7,-53,-11,-51,-8,-57,-8,-57,-3,-61,-8,-58,-13,-57,-4,-59,-3,-65,-7,-58,-6,-64,-6,-64,-2,-60,-5,-58,-6,-62,-3,-61,-11,-56,-9,-63,-8,-61,-14,-59,-16,-61,-16,-58,-13,-56,-15,-61,-16,-60,-20,-59,-17,-61,-24,-60,-22,-66,-26,-69,0,0]"
CSI_DATA,184,2a:00:00:00:00:00,-45,11,1,0,1,1,1,0,0,0,1,-97,0,11,2,2733117,0,44,0,384,0,"[0,0,0,0,0,0,0,0,0,0,0,0,-2,-13,-1,-13,-2,-14,-2,-13,-2,-13,-2,-13,-2,-12,-2,-12,-2,-12,-2,-13,-2,-12,-2,-11,-2,-12,-3,-11,-3,-11,-3,-11,-3,-10,-3,-11,-4,-10,-4,-11,-4,-11,-4,-11,-3,-10,-4,-10,-4,-11,-3,-10,0,0,-4,-10,-3,-10,-3,-9,-3,-9,-4,-9,-3,-9,-2,-9,-3,-9,-3,-9,-3,-9,-2,-8,-2,-8,-2,-8,-2,-8,-2,-8,-1,-7,-2,-7,-1,-7,-1,-7,-1,-6,-1,-6,-1,-6,-1,-6,0,-6,1,-5,1,-5,0,0,0,0,0,0,0,0,0,0,0,0,0,0,3,-83,1,-70,1,-77,0,-67,-3,-68,-1,-72,3,-74,-1,-75,-1,-74,-2,-65,-5,-69,-5,-64,-6,-68,-5,-64,-4,-65,-8,-62,-5,-62,-11,-66,-5,-66,-9,-62,-12,-60,-11,-56,-15,-59,-10,-60,-12,-54,-17,-57,-14,-52,-15,-58,-14,-55,-15,-50,-11,-52,-18,-50,-11,-51,-15,-56,-12,-48,-13,-52,-11,-48,-14,-50,-13,-48,-11,-45,-3,-49,-10,-46,0,-43,-11,-45,-6,-44,-10,-38,-3,-38,-7,-42,-3,-41,-2,-36,-4,-34,2,-32,-2,-32,4,-34,4,-31,4,-26,8,-30,0,0,0,0,0,0,0,0,0,0,0,0,0,0,0,0,0,0,0,0,0,0,18,25,18,27,17,26,16,26,16,26,13,22,13,20,15,18,13,19,12,21,18,19,16,14,22,16,23,10,24,13,21,6,28,12,28,11,33,7,40,12,37,10,39,11,37,11,48,18,50,12,47,14,52,15,53,19,53,20,56,22,51,17,59,23,58,24,58,22,60,25,54,23,61,22,55,23,61,22,59,21,59,23,58,21,57,16,62,16,53,12,55,7,57,14,63,14,66,12,60,5,68,6,66,9,60,5,61,2,73,5,72,0,74,5,0,0]"
CSI_DATA,185,2a:00:00:00:00:00,-45,11,1,0,1,1,1,0,0,0,1,-97,0,11,2,2754466,0,44,0,384,0,"[0,0,0,0,0,0,0,0,0,0,0,0,-3,-14,-1,-14,-2,-13,-1,-13,-1,-13,-2,-13,-2,-13,-2,-12,-2,-12,-2,-13,-2,-12,-2,-11,-2,-12,-3,-11,-2,-11,-3,-11,-3,-11,-3,-11,-4,-11,-3,-11,-3,-11,-4,-11,-3,-10,-4,-10,-3,-10,-3,-10,0,0,-3,-9,-4,-10,-4,-9,-3,-9,-3,-9,-3,-9,-3,-9,-3,-9,-3,-9,-3,-9,-3,-8,-3,-8,-2,-8,-2,-7,-2,-7,-2,-7,-2,-7,-2,-7,-1,-7,-1,-7,-1,-7,-1,-6,0,-6,0,-6,0,-6,1,-5,0,0,0,0,0,0,0,0,0,0,0,0,0,0,-3,-77,0,-76,-2,-71,-13,-74,-4,-84,-3,-63,-3,-72,-7,-74,-2,-70,-2,-64,-13,-67,-11,-63,-12,-68,-7,-69,-6,-61,-7,-59,-10,-66,-4,-59,-8,-56,-20,-58,-17,-55,-15,-57,-15,-55,-19,-57,-12,-56,-14,-53,-15,-55,-13,-59,-11,-57,-19,-50,-11,-51,-14,-49,-15,-54,-12,-48,-15,-51,-12,-48,-18,-46,-17,-45,-11,-48,-15,-42,-10,-47,-6,-45,-10,-44,-7,-41,-4,-38,-2,-38,-4,-33,-6,-38,-5,-34,-3,-36,-3,-35,-4,-35,0,-32,-1,-35,3,-30,6,-26,7,-25,0,0,0,0,0,0,0,0,0,0,0,0,0,0,0,0,0,0,0,0,0,0,19,23,16,21,16,21,19,20,19,21,9,19,16,17,15,19,15,12,18,15,14,12,17,12,19,11,22,11,19,6,28,5,26,5,32,6,31,4,34,2,39,5,41,3,48,4,46,9,48,10,50,9,48,12,50,9,60,9,54,13,60,11,55,14,57,15,61,12,64,15,57,15,66,14,59,18,59,16,60,15,56,12,62,12,57,6,64,8,56,6,63,9,59,6,62,5,66,6,73,5,63,7,63,-2,61,-1,68,-2,70,-1,69,0,73,-8,0,0]"
CSI_DATA,186,2a:00:00:00:00:00,-44,11,1,0,1,1,1,0,0,0,1,-97,0,11,2,2763159,0,44,0,384,0,"[0,0,0,0,0,0,0,0,0,0,0,0,9,9,9,9,9,8,8,9,8,9,8,8,8,7,9,7,8,8,8,7,8,7,8,7,8,7,8,7,8,7,8,6,8,6,8,6,8,6,8,6,7,6,8,6,8,5,8,5,7,6,8,6,0,0,7,5,7,6,7,6,6,5,6,5,6,5,6,5,5,5,6,5,5,5,5,5,5,5,5,5,4,5,4,5,4,5,4,5,3,4,3,5,3,4,3,4,3,5,2,4,1,5,1,4,1,4,0,0,0,0,0,0,0,0,0,0,0,0,0,0,32,62,37,69,35,67,35,59,40,63,35,60,33,57,34,61,33,62,33,56,35,53,38,51,34,53,35,54,38,53,38,49,31,52,38,53,35,46,38,47,35,43,37,46,36,43,35,47,35,43,35,45,37,43,34,43,32,42,38,41,32,39,34,34,31,41,34,36,32,38,26,37,28,38,29,40,28,40,26,38,25,33,20,38,28,35,26,34,18,35,21,38,15,32,19,33,15,32,15,37,16,30,14,27,9,29,6,32,4,30,4,29,2,25,0,0,0,0,0,0,0,0,0,0,0,0,0,0,0,0,0,0,0,0,0,0,-29,-2,-26,-8,-27,-10,-26,-10,-21,-8,-21,-10,-23,-8,-22,-7,-20,0,-19,-2,-23,2,-21,1,-23,8,-23,8,-22,5,-25,12,-28,14,-28,15,-30,13,-30,15,-35,17,-37,15,-42,20,-40,20,-45,19,-48,21,-51,21,-54,16,-54,15,-54,18,-57,16,-56,15,-57,16,-60,20,-56,15,-59,20,-60,20,-58,23,-58,16,-63,16,-60,16,-61,23,-60,20,-56,25,-56,23,-59,33,-62,28,-57,28,-58,28,-56,25,-60,28,-55,31,-60,34,-62,40,-59,34,-58,33,-58,33,0,0]"
CSI_DATA,187,2a:00:00:00:00:00,-44,11,1,0,1,1,1,0,0,0,1,-97,0,11,2,2773131,0,44,0,384,0,"[0,0,0,0,0,0,0,0,0,0,0,0,13,2,13,2,12,2,12,2,12,1,12,2,12,1,12,1,11,1,11,1,11,1,11,1,11,0,10,1,10,1,11,0,11,0,10,0,10,0,10,0,10,0,10,-1,10,0,10,0,9,-1,10,-1,0,0,9,-1,9,-1,9,0,9,-1,8,0,8,0,8,0,8,0,8,0,8,0,8,0,7,0,6,0,6,0,6,1,6,0,6,1,6,1,5,1,5,1,5,1,5,1,4,2,4,1,4,2,4,2,0,0,0,0,0,0,0,0,0,0,0,0,0,0,66,16,71,17,70,19,70,10,71,15,71,18,66,16,68,13,62,17,70,13,67,15,65,8,69,11,64,13,64,10,60,10,60,12,58,8,60,7,60,2,64,4,59,3,56,-1,56,3,55,1,55,0,59,4,50,1,52,3,56,0,54,3,54,5,52,4,49,1,53,2,50,3,49,5,46,-2,43,-2,49,0,45,3,43,6,41,6,42,6,38,6,38,6,38,8,35,5,35,8,30,9,34,11,31,9,29,13,28,16,22,15,25,11,24,16,0,0,0,0,0,0,0,0,0,0,0,0,0,0,0,0,0,0,0,0,0,0,-28,14,-26,11,-24,11,-27,7,-18,9,-21,10,-21,9,-21,9,-15,11,-17,15,-13,11,-15,14,-15,18,-11,21,-10,23,-10,24,-15,30,-16,31,-9,34,-14,35,-18,33,-14,38,-14,43,-18,41,-22,43,-22,45,-23,52,-25,55,-27,49,-26,51,-26,50,-29,49,-28,51,-28,52,-31,52,-29,57,-31,53,-33,56,-30,49,-34,55,-35,56,-27,57,-23,60,-27,55,-25,58,-21,58,-24,60,-23,64,-20,61,-24,59,-21,63,-18,66,-21,69,-17,64,-19,64,-22,71,-22,69,0,0]"
CSI_DATA,188,2a:00:00:00:00:00,-44,11,1,0,1,1,1,0,0,0,1,-97,0,11,2,2782494,0,44,0,384,0,"[0,0,0,0,0,0,0,0,0,0,0,0,-12,-6,-12,-7,-12,-6,-12,-7,-11,-6,-12,-6,-11,-6,-11,-6,-11,-6,-11,-5,-11,-5,-11,-5,-11,-5,-11,-5,-11,-5,-11,-4,-11,-4,-10,-4,-11,-4,-10,-4,-10,-4,-10,-4,-10,-3,-10,-3,-10,-4,-10,-3,0,0,-10,-4,-9,-4,-10,-4,-9,-3,-9,-3,-9,-4,-9,-4,-8,-3,-8,-4,-8,-3,-8,-4,-8,-4,-7,-4,-7,-4,-7,-4,-7,-4,-6,-4,-6,-3,-6,-4,-5,-4,-5,-4,-5,-4,-5,-4,-4,-4,-4,-4,-4,-4,0,0,0,0,0,0,0,0,0,0,0,0,0,0,-52,-54,-48,-58,-55,-53,-55,-51,-55,-53,-52,-52,-54,-50,-49,-53,-49,-49,-53,-54,-52,-51,-48,-47,-52,-46,-49,-43,-50,-45,-51,-41,-52,-42,-47,-41,-46,-37,-50,-41,-54,-39,-49,-36,-50,-36,-43,-36,-44,-36,-45,-35,-50,-32,-47,-33,-43,-31,-49,-31,-47,-30,-46,-32,-44,-33,-42,-30,-42,-32,-40,-33,-40,-33,-35,-32,-40,-34,-38,-28,-33,-29,-38,-29,-34,-30,-33,-27,-31,-32,-33,-28,-31,-29,-26,-30,-25,-30,-23,-25,-21,-29,-21,-29,-17,-29,-16,-27,-16,-29,-13,-26,-13,-29,0,0,0,0,0,0,0,0,0,0,0,0,0,0,0,0,0,0,0,0,0,0,28,-2,27,-1,25,5,24,4,24,3,19,4,19,0,21,0,18,-3,19,-3,17,-13,16,-9,21,-8,20,-14,21,-11,20,-18,24,-19,21,-22,27,-24,29,-23,28,-26,31,-27,36,-30,39,-32,41,-29,42,-32,43,-33,46,-35,51,-31,50,-31,48,-34,52,-31,50,-28,54,-33,55,-28,58,-32,52,-34,54,-37,52,-34,49,-36,52,-36,50,-36,50,-38,50,-34,54,-39,57,-45,53,-42,53,-41,52,-44,53,-39,50,-45,45,-47,53,-51,48,-48,50,-50,53,-48,52,-49,0,0]"
CSI_DATA,189,2a:00:00:00:00:00,-44,11,1,0,1,1,1,0,0,0,1,-97,0,11,2,2792682,0,44,0,384,0,"[0,0,0,0,0,0,0,0,0,0,0,0,11,-8,11,-8,10,-8,10,-8,10,-8,10,-7,9,-7,10,-8,10,-8,9,-8,9,-7,9,-7,9,-7,8,-7,8,-7,8,-8,8,-8,8,-7,7,-8,7,-8,7,-7,7,-8,7,-8,7,-8,7,-7,7,-7,0,0,7,-7,6,-7,7,-7,6,-6,6,-6,6,-6,6,-6,6,-6,6,-6,6,-6,6,-5,6,-5,5,-5,6,-4,6,-4,6,-4,5,-4,5,-4,5,-4,5,-3,5,-3,5,-3,5,-2,5,-2,5,-1,4,-1,0,0,0,0,0,0,0,0,0,0,0,0,0,0,63,-29,66,-30,61,-32,61,-31,64,-31,64,-27,60,-33,54,-34,56,-30,60,-29,60,-31,57,-30,59,-32,53,-27,54,-30,55,-31,49,-32,51,-34,51,-35,50,-29,51,-31,51,-32,43,-35,43,-32,46,-36,44,-35,42,-31,45,-33,46,-33,48,-29,44,-30,45,-30,39,-34,39,-31,42,-31,37,-26,38,-28,36,-30,41,-24,38,-25,37,-25,39,-22,35,-21,32,-21,34,-22,35,-15,35,-17,34,-14,31,-13,33,-11,34,-11,31,-11,28,-6,27,-5,31,-8,28,-4,27,-2,0,0,0,0,0,0,0,0,0,0,0,0,0,0,0,0,0,0,0,0,0,0,-10,25,-15,24,-10,22,-8,21,-8,20,-8,15,-11,19,-9,18,-5,15,-2,15,-2,19,-1,20,5,23,5,22,5,24,5,24,8,27,11,29,11,28,12,33,15,38,11,38,17,45,13,40,13,43,12,47,12,50,11,58,13,50,12,55,11,52,14,56,11,59,10,55,12,57,11,61,5,57,9,60,11,56,16,61,15,61,9,47,15,63,25,62,18,59,18,63,18,57,18,60,24,61,23,58,22,59,30,60,28,65,26,60,27,60,31,69,38,65,0,0]"
CSI_DATA,190,2a:00:00:00:00:00,-44,11,1,0,1,1,1,0,0,0,1,-97,0,11,2,2802501,0,44,0,384,0,"[0,0,0,0,0,0,0,0,0,0,0,0,-2,13,-2,13,-1,13,-2,13,-2,13,-2,12,-2,12,-1,12,-1,12,-1,11,-1,11,-1,11,-1,11,-1,11,-1,11,0,11,0,10,0,10,0,10,0,10,0,10,0,10,0,10,0,10,0,10,0,10,0,0,0,10,0,9,0,9,0,8,0,9,0,9,0,8,0,8,-1,8,-1,8,-1,8,-1,7,-1,7,-1,7,-1,7,-2,7,-2,6,-2,6,-2,6,-2,5,-2,5,-2,5,-2,5,-3,4,-3,4,-3,4,0,0,0,0,0,0,0,0,0,0,0,0,0,0,-26,67,-25,71,-24,72,-20,70,-20,66,-22,67,-18,69,-20,69,-23,66,-20,62,-21,61,-16,60,-15,61,-14,60,-15,57,-12,63,-12,66,-11,61,-12,58,-11,54,-6,56,-8,55,-6,56,-8,55,-9,56,-11,60,-8,55,-8,56,-5,57,-6,53,-5,57,-5,55,-8,52,-9,52,-4,49,-9,45,-8,49,-10,50,-9,52,-10,46,-9,42,-8,43,-8,38,-11,40,-9,39,-11,38,-13,37,-11,34,-10,31,-14,28,-14,28,-14,28,-14,29,-16,28,-15,24,-19,21,-16,20,0,0,0,0,0,0,0,0,0,0,0,0,0,0,0,0,0,0,0,0,0,0,-13,-23,-13,-24,-12,-25,-8,-25,-9,-23,-11,-20,-8,-15,-6,-17,-11,-18,-12,-13,-10,-14,-18,-9,-19,-13,-20,-10,-24,-12,-24,-14,-28,-10,-29,-10,-35,-13,-34,-17,-39,-15,-43,-18,-43,-17,-43,-20,-44,-21,-46,-20,-48,-21,-45,-28,-47,-28,-51,-34,-50,-22,-51,-29,-53,-34,-54,-31,-53,-31,-50,-32,-50,-29,-50,-28,-52,-25,-55,-28,-56,-30,-55,-24,-56,-27,-58,-27,-55,-26,-55,-28,-59,-26,-61,-28,-64,-25,-61,-21,-65,-21,-61,-18,-67,-19,-61,-14,-70,-21,-73,-22,-69,-19,0,0]"
CSI_DATA,191,2a:00:00:00:00:00,-43,11,1,0,1,1,1,0,0,0,1,-97,0,11,2,2814872,0,44,0,384,0,"[0,0,0,0,0,0,0,0,0,0,0,0,-7,-12,-7,-11,-7,-12,-6,-12,-7,-11,-7,-11,-7,-11,-7,-11,-7,-10,-7,-10,-7,-10,-7,-9,-7,-10,-7,-10,-7,-10,-7,-9,-7,-9,-7,-9,-7,-9,-7,-9,-6,-9,-7,-9,-7,-8,-7,-8,-7,-8,-7,-8,0,0,-7,-8,-6,-8,-6,-8,-6,-8,-6,-8,-6,-8,-5,-8,-5,-7,-5,-7,-5,-7,-5,-7,-4,-7,-4,-7,-4,-7,-4,-7,-4,-6,-3,-7,-3,-6,-3,-6,-2,-6,-2,-6,-2,-6,-2,-6,-2,-5,-1,-5,-1,-5,0,0,0,0,0,0,0,0,0,0,0,0,0,0,-26,-69,-23,-69,-24,-69,-25,-69,-26,-65,-25,-68,-22,-67,-23,-66,-21,-63,-25,-65,-26,-62,-30,-60,-28,-58,-22,-57,-26,-58,-31,-57,-26,-58,-28,-57,-29,-55,-28,-52,-29,-55,-27,-47,-31,-50,-26,-52,-29,-47,-26,-48,-27,-46,-29,-48,-30,-49,-27,-46,-28,-45,-31,-44,-24,-48,-25,-46,-25,-43,-24,-44,-23,-45,-24,-43,-25,-38,-22,-40,-20,-39,-22,-41,-18,-39,-16,-38,-16,-37,-14,-37,-15,-35,-11,-36,-12,-35,-13,-33,-7,-34,-8,-33,-8,-32,-4,-29,-3,-30,-5,-28,-2,-27,0,0,0,0,0,0,0,0,0,0,0,0,0,0,0,0,0,0,0,0,0,0,23,12,22,12,22,14,21,13,17,13,20,11,13,11,19,8,16,4,18,5,16,4,21,1,22,0,19,-4,22,-3,24,-8,30,-4,28,-7,32,-9,36,-8,40,-7,42,-10,40,-10,42,-7,47,-9,46,-11,50,-8,51,-7,53,-3,60,-7,54,-8,58,-6,58,-3,58,-2,59,-4,58,-6,58,-9,57,-6,58,-3,62,-8,58,-9,57,-13,62,-12,61,-12,60,-12,55,-22,58,-16,60,-18,63,-13,61,-12,65,-20,66,-21,62,-23,60,-22,66,-24,70,-23,68,-26,0,0]"
CSI_DATA,192,2a:00:00:00:00:00,-43,11,1,0,1,1,1,0,0,0,1,-97,0,11,2,2823352,0,44,0,384,0,"[0,0,0,0,0,0,0,0,0,0,0,0,-11,-10,-10,-9,-10,-10,-10,-10,-10,-10,-10,-9,-10,-9,-10,-9,-10,-9,-9,-9,-10,-8,-9,-8,-9,-8,-10,-8,-9,-8,-10,-7,-10,-7,-9,-6,-10,-7,-9,-7,-9,-7,-9,-6,-9,-7,-9,-7,-9,-7,-9,-6,0,0,-9,-6,-8,-6,-8,-6,-8,-6,-8,-6,-8,-6,-7,-6,-7,-6,-7,-6,-7,-6,-7,-6,-6,-6,-6,-6,-6,-6,-5,-6,-5,-5,-5,-6,-5,-5,-5,-5,-4,-5,-4,-5,-4,-5,-3,-5,-3,-5,-2,-5,-2,-5,0,0,0,0,0,0,0,0,0,0,0,0,0,0,-50,-56,-47,-55,-51,-51,-52,-56,-49,-52,-47,-54,-47,-50,-47,-55,-45,-50,-45,-50,-49,-50,-50,-46,-49,-43,-46,-45,-45,-42,-49,-41,-45,-40,-43,-39,-45,-39,-48,-38,-48,-38,-45,-34,-44,-33,-47,-34,-45,-38,-45,-34,-44,-32,-43,-35,-43,-32,-44,-33,-43,-37,-43,-31,-37,-31,-43,-29,-38,-31,-39,-32,-38,-33,-35,-30,-38,-29,-34,-31,-34,-29,-30,-30,-32,-31,-28,-29,-28,-25,-30,-31,-26,-30,-23,-28,-21,-27,-22,-24,-19,-27,-20,-29,-17,-27,-20,-28,-14,-24,-12,-26,-11,-25,0,0,0,0,0,0,0,0,0,0,0,0,0,0,0,0,0,0,0,0,0,0,24,0,26,4,24,4,22,6,18,3,21,5,19,-2,17,2,20,-4,18,-1,18,-6,21,-9,20,-8,19,-10,20,-14,24,-13,22,-15,24,-18,27,-20,27,-24,31,-23,33,-24,38,-21,38,-24,40,-25,43,-26,47,-26,47,-31,48,-24,47,-29,49,-27,50,-26,47,-25,52,-26,53,-29,49,-30,54,-28,55,-30,55,-26,55,-27,53,-29,51,-35,45,-37,53,-37,49,-32,52,-42,51,-41,49,-43,51,-39,54,-41,53,-44,53,-43,52,-45,49,-44,51,-48,51,-52,46,-51,0,0]"
CSI_DATA,193,2a:00:00:00:00:00,-43,11,1,0,1,1,1,0,0,0,1,-97,0,11,2,2842895,0,44,0,384,0,"[0,0,0,0,0,0,0,0,0,0,0,0,-15,-3,-14,-3,-13,-3,-13,-4,-13,-3,-13,-3,-13,-3,-13,-2,-12,-2,-13,-1,-13,-2,-12,-2,-12,-2,-12,-1,-12,-1,-12,-1,-12,-1,-12,-1,-11,0,-11,-1,-11,-1,-11,-1,-11,0,-11,0,-11,0,-11,0,0,0,-11,0,-10,-1,-10,-1,-10,0,-10,-1,-10,-1,-9,-1,-9,-1,-9,-1,-9,-1,-9,-1,-8,-1,-8,-1,-8,-1,-8,-1,-7,-2,-7,-1,-7,-2,-7,-2,-6,-2,-6,-2,-6,-2,-6,-2,-5,-3,-5,-2,-5,-3,0,0,0,0,0,0,0,0,0,0,0,0,0,0,-71,-11,-73,-34,-75,-25,-76,-31,-70,-23,-70,-24,-51,-22,-69,-25,-65,-22,-76,-17,-67,-20,-65,-16,-58,-24,-57,-21,-66,-21,-62,-14,-64,-13,-55,-15,-59,-12,-61,-8,-62,-11,-60,-12,-58,-8,-58,-7,-57,-8,-58,-4,-57,-6,-58,-11,-54,-8,-59,-4,-54,-4,-53,-7,-50,-5,-48,-4,-51,-7,-51,-6,-43,-8,-48,-8,-48,-10,-45,-8,-43,-13,-47,-9,-40,-10,-41,-8,-38,-14,-38,-12,-37,-14,-36,-10,-36,-11,-32,-14,-29,-14,-29,-13,-28,-16,-25,-18,-28,-14,-24,-17,-20,-16,0,0,0,0,0,0,0,0,0,0,0,0,0,0,0,0,0,0,0,0,0,0,23,-13,24,-10,22,-9,23,-10,20,-9,21,-8,18,-11,17,-9,11,-12,16,-10,14,-13,13,-13,16,-17,12,-19,11,-19,12,-24,15,-28,15,-26,13,-33,15,-32,16,-34,16,-38,16,-38,18,-38,24,-44,23,-47,24,-42,24,-47,24,-43,26,-44,26,-47,29,-47,27,-52,28,-49,32,-51,32,-51,30,-54,27,-52,29,-54,25,-49,30,-55,21,-52,25,-53,29,-60,24,-54,25,-57,22,-56,20,-70,27,-58,20,-58,10,-68,14,-61,24,-69,8,-70,25,-72,23,-70,11,-64,0,0]"
CSI_DATA,194,2a:00:00:00:00:00,-43,11,1,0,1,1,1,0,0,0,1,-97,0,11,2,2862517,0,44,0,384,0,"[0,0,0,0,0,0,0,0,0,0,0,0,0,13,0,12,0,13,0,12,0,12,0,11,0,11,0,11,0,11,1,11,1,11,0,11,1,11,1,11,1,10,2,10,2,10,2,10,2,10,2,10,2,10,2,10,2,9,2,9,2,9,1,9,0,0,2,9,2,9,2,9,2,9,1,8,1,8,1,8,1,8,1,8,1,7,1,8,1,7,1,7,0,7,0,6,0,6,0,6,0,6,-1,6,-1,5,-1,5,-1,5,-1,5,-1,4,-2,4,-2,4,0,0,0,0,0,0,0,0,0,0,0,0,0,0,-10,73,-16,74,-10,76,-10,70,-13,71,-14,68,-14,68,-12,72,-11,71,-5,64,-11,64,-5,65,-8,65,-9,67,-5,64,-2,64,-6,66,-2,58,-5,65,-2,61,1,60,0,57,3,61,-1,62,-1,57,1,60,1,56,3,57,1,55,1,58,2,51,-3,53,0,55,2,53,2,51,-2,53,-2,52,-5,49,-4,49,-7,47,-2,47,-6,44,-7,42,-8,46,-9,43,-3,39,-6,37,-6,39,-7,32,-12,33,-7,29,-13,29,-9,33,-11,29,-15,28,-16,24,-15,21,0,0,0,0,0,0,0,0,0,0,0,0,0,0,0,0,0,0,0,0,0,0,-22,-24,-19,-24,-15,-25,-13,-23,-12,-23,-10,-19,-10,-23,-10,-17,-12,-17,-16,-14,-14,-12,-17,-17,-22,-12,-19,-16,-23,-13,-23,-11,-26,-12,-31,-13,-28,-10,-36,-10,-37,-14,-38,-13,-36,-14,-44,-17,-48,-16,-45,-16,-46,-16,-48,-22,-52,-22,-53,-25,-49,-23,-52,-24,-54,-25,-55,-22,-58,-28,-53,-21,-54,-24,-54,-25,-58,-22,-61,-21,-57,-26,-57,-16,-56,-18,-62,-19,-60,-18,-65,-21,-63,-19,-60,-16,-69,-12,-65,-14,-69,-13,-70,-11,-68,-8,-66,-10,-77,-16,-71,-13,-75,-9,0,0]"
CSI_DATA,195,2a:00:00:00:00:00,-43,11,1,0,1,1,1,0,0,0,1,-97,0,11,2,2872519,0,44,0,384,0,"[0,0,0,0,0,0,0,0,0,0,0,0,11,7,11,6,11,7,11,7,10,6,10,6,11,6,10,6,10,5,10,6,10,5,10,5,10,5,9,5,9,4,10,4,10,4,10,4,9,4,10,4,10,4,9,4,10,4,9,4,9,4,9,3,0,0,9,3,9,3,8,3,9,3,7,3,8,3,7,3,7,3,7,3,7,3,7,3,6,3,6,3,6,3,6,3,5,3,5,3,5,3,5,3,4,3,4,3,4,3,4,3,3,3,3,3,2,3,0,0,0,0,0,0,0,0,0,0,0,0,0,0,63,33,58,38,65,40,65,32,62,33,65,32,62,34,59,35,60,33,62,30,62,30,60,28,61,24,57,27,59,28,60,25,57,26,59,22,56,22,59,16,63,19,57,15,59,17,55,15,52,15,56,17,57,12,53,20,54,17,57,18,49,14,54,12,53,12,50,11,49,14,46,17,45,9,46,9,46,11,44,10,44,12,38,14,39,12,35,18,35,15,38,13,37,12,36,13,33,17,30,16,29,16,29,15,28,16,22,17,21,17,18,17,17,21,0,0,0,0,0,0,0,0,0,0,0,0,0,0,0,0,0,0,0,0,0,0,-29,2,-30,-2,-29,1,-27,-2,-27,-2,-25,-3,-23,-3,-23,0,-22,4,-24,4,-25,3,-23,7,-21,4,-22,11,-23,11,-22,15,-26,15,-25,17,-26,20,-25,22,-22,23,-30,24,-33,30,-33,29,-38,29,-37,30,-40,33,-40,32,-41,35,-45,33,-41,35,-44,31,-38,33,-43,40,-46,36,-42,41,-46,41,-49,39,-47,36,-49,39,-44,36,-43,46,-40,46,-41,44,-41,47,-34,51,-38,53,-37,56,-33,50,-41,49,-39,55,-37,55,-35,59,-36,57,-38,63,-38,56,-37,64,0,0]"
CSI_DATA,196,2a:00:00:00:00:00,-43,11,1,0,1,1,1,0,0,0,1,-97,0,11,2,2892670,0,44,0,384,0,"[0,0,0,0,0,0,0,0,0,0,0,0,-7,11,-7,12,-6,12,-7,12,-6,11,-6,11,-6,11,-6,11,-6,11,-5,11,-6,10,-5,11,-5,10,-5,10,-5,11,-5,10,-5,10,-4,10,-4,10,-4,10,-4,10,-4,10,-4,10,-4,9,-4,10,-4,10,0,0,-4,9,-4,9,-4,9,-4,8,-4,8,-4,8,-4,8,-3,8,-4,8,-4,7,-4,7,-4,7,-4,6,-4,6,-4,6,-5,6,-4,5,-4,5,-4,5,-4,4,-4,4,-4,4,-4,4,-4,3,-5,3,-4,3,0,0,0,0,0,0,0,0,0,0,0,0,0,0,-40,69,-32,65,-39,70,-36,61,-35,64,-36,65,-34,63,-33,66,-31,60,-32,62,-30,58,-30,61,-31,62,-26,59,-28,60,-26,62,-25,61,-23,59,-25,63,-23,54,-25,62,-21,54,-19,60,-20,56,-20,55,-18,60,-18,55,-17,54,-20,57,-20,54,-19,55,-19,55,-19,51,-20,56,-15,52,-17,54,-14,51,-15,49,-19,51,-18,42,-16,47,-22,43,-16,43,-20,40,-20,37,-21,30,-21,37,-19,35,-21,30,-20,30,-20,27,-18,24,-19,26,-21,24,-20,22,-25,21,-23,19,0,0,0,0,0,0,0,0,0,0,0,0,0,0,0,0,0,0,0,0,0,0,-7,-30,-6,-30,-5,-32,-3,-29,-4,-30,-2,-29,-1,-25,0,-25,-2,-26,-3,-23,-4,-22,-8,-25,-11,-19,-11,-21,-16,-23,-13,-22,-20,-17,-20,-20,-20,-21,-29,-24,-24,-21,-26,-25,-30,-30,-33,-27,-34,-29,-33,-28,-35,-35,-40,-33,-37,-40,-40,-40,-35,-40,-39,-39,-41,-38,-38,-41,-40,-43,-41,-42,-42,-43,-39,-41,-43,-37,-42,-40,-46,-43,-42,-40,-45,-39,-47,-40,-48,-37,-50,-32,-49,-35,-50,-32,-53,-38,-55,-32,-57,-34,-58,-34,-60,-36,-54,-30,-63,-32,-66,-36,-68,-33,0,0]"
CSI_DATA,197,2a:00:00:00:00:00,-43,11,1,0,1,1,1,0,0,0,1,-97,0,11,2,2902492,0,44,0,384,0,"[0,0,0,0,0,0,0,0,0,0,0,0,-9,-11,-9,-11,-9,-11,-8,-11,-8,-11,-9,-10,-9,-10,-8,-10,-9,-10,-9,-10,-8,-9,-9,-9,-9,-9,-8,-9,-8,-9,-9,-8,-9,-8,-9,-8,-9,-8,-9,-8,-8,-8,-9,-8,-8,-8,-8,-8,-8,-8,-8,-8,0,0,-8,-7,-8,-8,-7,-7,-7,-7,-7,-7,-7,-8,-7,-7,-6,-7,-6,-7,-6,-7,-6,-7,-5,-7,-5,-7,-5,-7,-5,-6,-5,-6,-5,-6,-4,-6,-4,-6,-3,-6,-3,-6,-3,-5,-3,-6,-3,-6,-2,-5,-1,-5,0,0,0,0,0,0,0,0,0,0,0,0,0,0,-40,-66,-35,-61,-43,-67,-42,-67,-40,-59,-39,-61,-36,-60,-36,-64,-33,-58,-39,-58,-37,-53,-36,-56,-35,-58,-39,-55,-38,-52,-44,-54,-39,-55,-38,-53,-41,-54,-38,-45,-44,-46,-41,-46,-41,-50,-39,-46,-39,-47,-39,-50,-37,-43,-41,-45,-40,-46,-44,-41,-38,-40,-38,-45,-32,-43,-34,-41,-34,-40,-36,-48,-31,-40,-32,-45,-31,-44,-29,-41,-28,-41,-26,-37,-23,-41,-24,-39,-21,-41,-19,-35,-19,-37,-18,-38,-19,-33,-15,-32,-13,-31,-12,-34,-10,-33,-12,-31,-4,-29,-4,-33,-6,-29,0,0,0,0,0,0,0,0,0,0,0,0,0,0,0,0,0,0,0,0,0,0,31,7,32,10,30,8,31,11,24,8,27,12,26,11,22,8,24,8,23,5,24,7,21,4,22,2,25,-1,28,-4,20,-4,26,-9,26,-7,31,-7,30,-9,33,-13,38,-11,36,-16,40,-15,40,-16,42,-17,45,-19,52,-16,47,-12,51,-17,49,-17,50,-18,50,-13,52,-15,57,-11,57,-13,52,-17,50,-15,56,-15,55,-22,58,-16,53,-16,57,-22,53,-22,50,-24,55,-25,55,-27,56,-26,56,-26,53,-25,55,-35,54,-33,58,-38,52,-31,58,-39,66,-38,61,-39,0,0]"
CSI_DATA,198,2a:00:00:00:00:00,-43,11,1,0,1,1,1,0,0,0,1,-97,0,11,2,2912779,0,44,0,384,0,"[0,0,0,0,0,0,0,0,0,0,0,0,-4,-12,-5,-13,-4,-13,-4,-13,-4,-12,-4,-12,-4,-12,-4,-11,-4,-11,-5,-12,-5,-11,-6,-11,-6,-11,-5,-11,-5,-11,-5,-10,-6,-10,-5,-10,-6,-10,-6,-11,-5,-10,-6,-10,-6,-10,-6,-9,-6,-10,-5,-9,0,0,-6,-9,-5,-10,-5,-9,-5,-9,-5,-9,-5,-9,-4,-9,-4,-8,-4,-8,-4,-8,-4,-8,-4,-8,-4,-8,-3,-7,-3,-7,-3,-7,-3,-7,-3,-7,-2,-7,-2,-6,-2,-6,-2,-6,-2,-6,-1,-6,-1,-5,-1,-5,0,0,0,0,0,0,0,0,0,0,0,0,0,0,-13,-69,-14,-70,-15,-73,-16,-67,-13,-70,-16,-69,-11,-74,-17,-70,-18,-69,-15,-66,-16,-66,-16,-65,-18,-62,-15,-65,-21,-62,-25,-57,-21,-63,-24,-59,-24,-58,-24,-60,-26,-56,-23,-55,-30,-58,-23,-57,-21,-55,-23,-60,-25,-50,-24,-56,-25,-54,-26,-53,-24,-51,-27,-54,-24,-54,-23,-52,-23,-49,-19,-51,-20,-49,-19,-47,-22,-47,-18,-49,-19,-44,-18,-45,-16,-45,-14,-43,-14,-45,-12,-45,-11,-42,-10,-42,-10,-35,-5,-38,-7,-37,-2,-31,-7,-33,-3,-34,-5,-31,0,-33,4,-27,0,0,0,0,0,0,0,0,0,0,0,0,0,0,0,0,0,0,0,0,0,0,23,24,19,25,22,24,19,24,20,24,16,22,13,22,13,24,10,19,15,20,11,13,11,14,19,15,21,12,19,13,23,11,26,7,27,10,27,11,31,12,34,10,35,11,36,7,40,8,41,6,45,4,47,7,48,10,49,13,52,10,49,11,51,11,49,17,49,13,56,16,53,11,56,15,64,9,50,15,63,21,50,8,58,10,54,8,53,6,54,4,53,4,56,2,59,0,60,-1,60,-3,60,-6,59,-7,61,-5,63,-10,66,-13,67,-6,69,-12,0,0]"
CSI_DATA,199,2a:00:00:00:00:00,-43,11,1,0,1,1,1,0,0,0,1,-97,0,11,2,2922705,0,44,0,384,0,"[0,0,0,0,0,0,0,0,0,0,0,0,-4,-13,-4,-13,-4,-13,-4,-13,-4,-13,-4,-12,-4,-12,-4,-11,-4,-11,-4,-12,-4,-12,-4,-11,-5,-11,-5,-11,-5,-11,-5,-11,-5,-10,-5,-11,-5,-11,-6,-11,-5,-10,-6,-10,-5,-10,-5,-10,-5,-11,-5,-10,0,0,-5,-10,-5,-10,-4,-10,-4,-10,-4,-10,-4,-10,-4,-9,-4,-9,-3,-9,-4,-9,-3,-9,-3,-8,-3,-8,-2,-8,-2,-8,-2,-8,-2,-8,-2,-7,-1,-7,-1,-7,-1,-7,-1,-7,-1,-7,0,-6,0,-6,0,-5,0,0,0,0,0,0,0,0,0,0,0,0,0,0,-14,-71,-19,-74,-22,-74,-16,-70,-20,-71,-19,-66,-23,-72,-20,-70,-17,-69,-21,-67,-19,-66,-19,-64,-24,-65,-23,-68,-24,-63,-30,-63,-25,-63,-24,-63,-25,-61,-26,-57,-29,-58,-26,-59,-28,-59,-28,-57,-25,-57,-29,-57,-26,-56,-25,-60,-26,-55,-29,-51,-30,-56,-27,-56,-24,-56,-29,-50,-24,-50,-24,-50,-22,-52,-24,-52,-21,-51,-16,-48,-16,-48,-17,-49,-15,-47,-15,-49,-14,-44,-12,-44,-9,-40,-10,-45,-9,-39,-5,-42,-4,-45,-5,-39,-2,-37,2,-36,1,-33,4,-32,3,-33,0,0,0,0,0,0,0,0,0,0,0,0,0,0,0,0,0,0,0,0,0,0,28,16,29,18,26,20,23,17,24,21,21,19,20,19,18,17,19,21,19,13,22,12,19,12,20,10,25,11,23,7,28,6,23,8,25,4,31,3,33,5,33,1,36,1,38,0,40,-1,47,0,44,-3,49,1,48,3,54,2,55,7,57,2,54,3,55,6,58,8,56,8,57,3,56,7,59,2,60,4,59,2,61,2,58,1,54,3,60,-3,54,-2,59,-4,59,-6,62,-7,66,-5,63,-7,62,-11,56,-13,58,-12,64,-15,66,-19,66,-13,71,-20,0,0]"
CSI_DATA,200,2a:00:00:00:00:00,-44,11,1,0,1,1,1,0,0,0,1,-97,0,11,2,2942506,0,44,0,384,0,"[0,0,0,0,0,0,0,0,0,0,0,0,9,-9,9,-8,8,-9,9,-8,8,-8,8,-8,8,-8,8,-8,8,-8,8,-8,8,-8,8,-8,7,-9,7,-8,7,-8,7,-9,7,-9,6,-9,6,-9,6,-9,6,-9,6,-9,6,-9,6,-9,6,-9,6,-9,0,0,6,-9,6,-9,5,-9,6,-9,6,-8,6,-8,5,-8,6,-8,6,-8,6,-7,6,-7,5,-6,6,-6,6,-6,6,-6,5,-6,6,-5,6,-5,5,-5,5,-4,5,-4,5,-4,5,-3,5,-3,5,-2,5,-2,0,0,0,0,0,0,0,0,0,0,0,0,0,0,46,-47,46,-52,50,-51,51,-50,47,-53,43,-49,47,-51,42,-52,45,-48,44,-51,43,-47,42,-48,38,-49,39,-48,44,-48,41,-50,38,-49,36,-51,32,-45,36,-51,31,-52,31,-53,28,-54,29,-54,32,-54,29,-51,32,-54,32,-53,32,-57,29,-55,30,-55,31,-49,27,-53,29,-52,30,-50,32,-49,33,-48,32,-49,28,-47,32,-45,32,-47,34,-41,32,-39,33,-35,30,-35,34,-37,30,-32,30,-34,32,-32,33,-30,32,-28,30,-27,35,-23,34,-21,29,-18,31,-14,31,-13,0,0,0,0,0,0,0,0,0,0,0,0,0,0,0,0,0,0,0,0,0,0,-2,34,-3,30,-6,30,-6,30,-9,28,-8,30,-10,25,-6,24,-5,21,-3,21,-5,24,-3,24,-3,23,0,21,2,22,4,27,2,23,8,29,10,26,12,23,11,29,17,33,15,34,19,34,20,40,23,41,18,40,17,38,24,47,23,40,23,50,25,45,22,51,23,51,23,51,25,52,23,56,22,54,25,54,24,52,22,52,29,56,27,48,30,51,29,49,33,58,29,55,31,50,34,50,32,51,35,45,38,47,36,46,42,52,41,49,45,43,48,43,0,0]"
CSI_DATA,201,2a:00:00:00:00:00,-44,11,1,0,1,1,1,0,0,0,1,-97,0,11,2,2952510,0,44,0,384,0,"[0,0,0,0,0,0,0,0,0,0,0,0,-4,-12,-4,-11,-4,-12,-4,-12,-4,-12,-4,-11,-4,-11,-4,-11,-4,-11,-5,-11,-5,-11,-5,-11,-5,-11,-5,-11,-5,-10,-6,-10,-6,-10,-6,-10,-6,-10,-6,-10,-6,-10,-7,-10,-6,-10,-6,-10,-6,-10,-6,-9,0,0,-6,-9,-6,-10,-6,-9,-6,-10,-5,-9,-6,-9,-6,-9,-5,-9,-5,-9,-5,-9,-4,-10,-4,-9,-4,-9,-4,-9,-4,-9,-3,-8,-4,-9,-2,-8,-2,-8,-2,-8,-2,-8,-2,-7,-1,-7,-1,-7,0,-6,0,-7,0,0,0,0,0,0,0,0,0,0,0,0,0,0,-21,-62,-18,-70,-16,-63,-23,-62,-24,-65,-22,-61,-18,-65,-26,-67,-24,-65,-19,-57,-19,-61,-25,-58,-25,-53,-28,-54,-26,-54,-26,-57,-27,-58,-26,-56,-28,-57,-28,-49,-34,-49,-33,-49,-31,-52,-33,-47,-29,-49,-36,-53,-36,-50,-34,-52,-32,-50,-39,-50,-35,-51,-35,-54,-33,-47,-35,-47,-32,-46,-31,-50,-33,-51,-37,-49,-29,-46,-29,-44,-29,-47,-24,-47,-27,-49,-27,-46,-22,-46,-19,-45,-20,-43,-19,-45,-17,-42,-15,-45,-11,-39,-10,-38,-10,-43,-9,-41,-4,-41,-4,-35,0,-37,0,0,0,0,0,0,0,0,0,0,0,0,0,0,0,0,0,0,0,0,0,0,21,21,25,22,22,20,22,18,16,18,16,21,17,15,15,16,14,18,17,16,15,17,17,14,21,12,20,12,23,10,21,9,21,9,23,8,28,7,29,4,30,5,37,5,35,1,35,6,39,1,46,2,40,4,49,2,46,6,51,4,48,3,52,9,53,12,55,3,57,5,55,5,54,5,55,3,58,7,57,2,56,1,58,0,58,2,61,-1,58,4,58,-6,57,-2,54,-5,62,-5,58,-6,60,-7,60,-10,59,-6,58,-17,63,-13,70,-15,61,-16,0,0]"
CSI_DATA,202,2a:00:00:00:00:00,-44,11,1,0,1,1,1,0,0,0,1,-97,0,11,2,2962632,0,44,0,384,0,"[0,0,0,0,0,0,0,0,0,0,0,0,3,11,3,10,4,11,3,11,4,12,3,10,4,10,4,10,4,10,4,11,5,10,4,10,4,10,5,10,5,9,6,9,6,9,6,9,6,8,6,9,6,9,6,9,6,9,6,8,6,9,6,8,0,0,6,9,6,9,6,8,6,9,6,8,5,8,5,8,5,8,5,8,5,9,5,8,4,8,4,8,4,8,3,8,3,7,3,8,3,8,2,7,2,7,1,7,1,7,1,7,0,7,0,6,-1,6,0,0,0,0,0,0,0,0,0,0,0,0,0,0,23,57,32,63,27,58,30,55,34,57,29,56,33,63,30,55,31,58,28,52,36,55,31,49,40,48,38,56,37,51,38,46,37,47,36,46,31,42,44,44,40,36,41,44,44,42,43,41,40,40,47,43,47,47,46,41,43,38,46,41,41,39,39,39,46,40,42,39,44,33,41,36,39,41,42,42,41,38,38,38,39,40,39,41,37,41,39,38,34,39,33,37,30,35,32,40,27,34,25,39,23,36,21,39,24,38,18,37,12,37,12,37,6,34,0,0,0,0,0,0,0,0,0,0,0,0,0,0,0,0,0,0,0,0,0,0,-25,-22,-26,-17,-25,-23,-22,-16,-22,-19,-20,-17,-16,-21,-20,-18,-17,-19,-19,-17,-18,-15,-19,-13,-20,-11,-19,-10,-18,-10,-21,-6,-19,-5,-25,-2,-27,-2,-28,0,-29,1,-34,1,-36,5,-39,2,-41,3,-40,1,-43,3,-45,3,-49,2,-48,3,-51,6,-49,3,-58,2,-52,2,-56,2,-52,8,-56,2,-55,9,-59,5,-63,5,-53,6,-57,7,-55,8,-62,8,-54,10,-57,14,-59,15,-59,14,-64,12,-63,18,-60,14,-55,21,-55,21,-58,24,-63,25,-59,23,-64,26,0,0]"
CSI_DATA,203,2a:00:00:00:00:00,-44,11,1,0,1,1,1,0,0,0,1,-97,0,11,2,2972526,0,44,0,384,0,"[0,0,0,0,0,0,0,0,0,0,0,0,-7,10,-7,10,-6,10,-6,10,-6,10,-7,10,-6,10,-6,9,-6,10,-5,10,-5,10,-5,10,-5,10,-4,10,-4,10,-4,10,-4,10,-4,10,-3,10,-3,10,-3,10,-4,11,-3,10,-3,10,-2,11,-3,10,0,0,-3,10,-3,10,-3,10,-3,10,-3,10,-3,10,-3,10,-3,10,-3,10,-3,9,-3,9,-4,9,-4,9,-4,9,-4,8,-5,9,-4,8,-5,8,-5,7,-5,7,-5,7,-5,6,-5,6,-5,5,-6,5,-6,4,0,0,0,0,0,0,0,0,0,0,0,0,0,0,-44,42,-53,45,-48,45,-51,48,-48,46,-47,39,-49,51,-41,49,-43,47,-45,47,-46,45,-41,48,-37,47,-37,46,-37,49,-35,50,-34,55,-35,51,-31,44,-32,48,-31,49,-33,50,-29,53,-30,53,-29,48,-28,51,-31,52,-26,58,-28,50,-27,54,-26,52,-27,55,-29,56,-22,52,-26,54,-26,49,-27,53,-25,54,-25,52,-26,51,-32,46,-31,48,-30,46,-29,49,-29,45,-28,45,-34,41,-30,43,-30,37,-34,34,-33,36,-33,32,-34,31,-35,27,-36,24,-33,22,-34,16,0,0,0,0,0,0,0,0,0,0,0,0,0,0,0,0,0,0,0,0,0,0,10,-29,9,-27,11,-28,16,-25,11,-24,11,-21,12,-21,11,-20,10,-20,5,-15,10,-17,5,-20,4,-17,-3,-18,-4,-18,0,-21,-2,-19,-8,-19,-10,-24,-10,-25,-13,-25,-16,-27,-15,-31,-23,-32,-19,-36,-19,-36,-20,-37,-22,-36,-20,-44,-18,-43,-18,-45,-23,-46,-20,-49,-22,-51,-23,-49,-21,-50,-22,-53,-22,-50,-22,-52,-24,-50,-25,-50,-22,-53,-26,-52,-26,-55,-27,-50,-28,-45,-27,-50,-29,-52,-32,-49,-37,-50,-33,-47,-33,-47,-31,-47,-37,-48,-43,-47,-45,-50,-46,-48,0,0]"
CSI_DATA,204,2a:00:00:00:00:00,-45,11,1,0,1,1,1,0,0,0,1,-97,0,11,2,2982630,0,44,0,384,0,"[0,0,0,0,0,0,0,0,0,0,0,0,6,-12,6,-11,5,-12,5,-11,5,-12,5,-11,5,-12,4,-12,4,-12,4,-12,4,-11,4,-12,3,-11,3,-12,3,-11,2,-12,2,-12,2,-12,1,-12,1,-12,1,-12,0,-12,2,-12,1,-12,1,-12,2,-11,0,0,2,-12,1,-12,0,-12,1,-12,1,-12,1,-12,1,-12,1,-12,1,-12,1,-12,2,-12,1,-11,2,-11,2,-10,2,-11,2,-11,3,-11,3,-10,3,-9,3,-9,4,-9,4,-8,5,-8,5,-7,5,-7,5,-6,0,0,0,0,0,0,0,0,0,0,0,0,0,0,16,-68,12,-66,12,-61,15,-62,15,-63,12,-58,11,-65,9,-61,10,-63,9,-60,4,-65,9,-59,4,-62,6,-62,5,-60,2,-61,1,-64,-3,-62,-3,-58,-1,-57,-4,-58,-5,-58,-11,-61,-7,-63,-9,-59,-7,-64,-8,-61,-10,-64,-11,-59,-13,-62,-7,-59,-12,-59,-17,-58,-12,-57,-10,-60,-11,-60,-10,-61,-11,-61,-11,-63,-15,-59,-7,-63,-7,-59,-6,-57,-6,-53,-6,-54,0,-58,0,-57,1,-54,7,-54,5,-51,6,-49,8,-48,11,-47,11,-44,12,-41,15,-42,15,-36,0,0,0,0,0,0,0,0,0,0,0,0,0,0,0,0,0,0,0,0,0,0,4,32,1,30,-1,27,-3,28,-2,26,-5,20,-3,20,-6,22,-7,19,-1,20,-4,18,-1,14,1,13,1,11,6,9,8,13,13,9,10,12,20,9,23,10,20,8,28,13,27,16,31,16,27,17,32,20,35,20,36,25,41,22,42,23,37,25,41,26,42,28,43,28,43,29,40,30,43,27,40,29,48,29,45,31,48,27,44,28,47,29,46,26,49,27,43,20,46,24,51,27,50,18,52,25,55,18,52,21,56,18,55,20,59,17,60,17,66,16,0,0]"
CSI_DATA,205,2a:00:00:00:00:00,-45,11,1,0,1,1,1,0,0,0,1,-97,0,11,2,2992511,0,44,0,384,0,"[0,0,0,0,0,0,0,0,0,0,0,0,7,8,7,8,7,8,7,8,8,8,7,7,7,7,8,7,8,7,8,7,8,6,8,6,9,6,9,6,9,5,9,5,9,4,9,4,9,4,10,4,10,4,10,4,10,4,10,4,10,4,10,4,0,0,10,3,10,4,10,3,10,3,10,3,10,3,10,3,10,3,10,3,10,3,10,3,10,4,10,4,10,4,9,4,9,4,9,4,8,4,9,5,8,5,8,5,7,5,7,5,6,6,6,6,5,6,0,0,0,0,0,0,0,0,0,0,0,0,0,0,67,-17,65,-12,67,-10,68,-10,71,-14,63,-12,65,-15,65,-15,61,-14,66,-16,59,-19,58,-25,57,-26,57,-29,62,-25,62,-27,55,-27,57,-31,53,-32,58,-31,55,-33,54,-32,44,-38,51,-33,54,-32,52,-37,56,-41,53,-38,52,-40,50,-44,53,-40,54,-39,50,-41,45,-41,51,-36,46,-37,47,-44,50,-44,48,-36,51,-38,54,-34,49,-35,52,-36,48,-35,51,-33,53,-33,50,-25,51,-28,45,-27,51,-23,51,-19,51,-15,51,-16,48,-15,45,-7,49,-6,49,-6,0,0,0,0,0,0,0,0,0,0,0,0,0,0,0,0,0,0,0,0,0,0,-31,5,-29,5,-31,1,-31,1,-29,0,-27,-6,-21,-6,-23,-2,-18,-6,-17,-3,-15,-3,-9,-1,-10,2,-9,1,-6,4,-7,7,-7,9,-6,11,-3,11,1,19,4,19,-1,25,-2,30,-5,33,-2,37,-4,37,-6,40,-9,42,-12,43,-6,47,-11,44,-9,45,-12,48,-13,52,-12,51,-16,49,-13,52,-13,50,-14,50,-14,50,-11,53,-14,57,-12,56,-10,55,-8,55,-5,60,-7,55,-4,55,0,58,0,56,1,57,-1,58,1,60,2,59,5,62,6,60,7,62,0,0]"
CSI_DATA,206,2a:00:00:00:00:00,-48,11,1,0,1,1,1,0,0,0,1,-97,0,11,2,3012520,0,44,0,384,0,"[0,0,0,0,0,0,0,0,0,0,0,0,-2,-10,-2,-10,-3,-11,-3,-11,-3,-10,-3,-10,-4,-10,-4,-10,-4,-10,-5,-10,-4,-11,-5,-11,-5,-11,-6,-11,-6,-11,-6,-11,-6,-10,-6,-11,-7,-11,-7,-11,-7,-11,-7,-11,-7,-11,-7,-11,-7,-11,-7,-11,0,0,-7,-10,-7,-11,-7,-10,-7,-10,-7,-10,-7,-10,-8,-10,-8,-10,-7,-10,-7,-10,-7,-10,-7,-10,-7,-10,-7,-10,-7,-10,-7,-11,-6,-10,-6,-11,-6,-11,-5,-10,-5,-11,-4,-10,-3,-11,-3,-10,-2,-10,-1,-10,0,0,0,0,0,0,0,0,0,0,0,0,0,0,-56,-9,-55,-7,-56,-12,-49,-1,-60,-5,-64,-4,-62,-5,-60,-5,-58,-4,-63,6,-60,6,-66,7,-65,10,-55,4,-60,2,-62,8,-65,8,-67,12,-67,16,-68,16,-72,23,-67,20,-65,24,-70,20,-68,15,-67,20,-68,22,-69,18,-65,19,-66,15,-72,13,-61,24,-60,20,-59,26,-61,23,-63,21,-58,30,-64,35,-59,27,-56,28,-60,26,-65,27,-59,23,-65,27,-63,19,-59,22,-58,21,-66,17,-65,13,-56,17,-55,16,-63,13,-58,6,-54,3,-52,-3,-51,-3,-52,-8,0,0,0,0,0,0,0,0,0,0,0,0,0,0,0,0,0,0,0,0,0,0,20,37,13,43,12,40,9,43,6,40,0,45,-5,40,-6,34,-4,27,-17,26,-15,26,-24,13,-16,15,-16,11,-12,3,-10,5,-13,-5,-10,-5,-1,-11,-7,-9,-7,-15,0,-21,-2,-23,1,-23,11,-22,18,-34,17,-29,20,-28,23,-35,29,-32,26,-32,36,-29,28,-27,36,-36,35,-30,32,-33,35,-30,42,-25,35,-24,32,-28,27,-28,30,-35,27,-30,25,-30,35,-34,19,-33,26,-40,24,-40,21,-34,23,-39,20,-34,25,-43,19,-40,20,-42,17,-49,16,-49,10,-51,0,0]"
CSI_DATA,207,2a:00:00:00:00:00,-50,11,1,0,1,1,1,0,0,0,1,-97,0,11,2,3022702,0,44,0,384,0,"[0,0,0,0,0,0,0,0,0,0,0,0,8,2,8,1,8,1,8,1,8,1,9,0,9,0,9,-1,9,-1,9,-1,10,-2,10,-2,10,-2,11,-2,11,-2,11,-3,12,-3,11,-3,12,-3,12,-3,12,-3,12,-3,12,-3,12,-4,12,-3,12,-3,0,0,12,-4,11,-3,12,-4,11,-4,12,-4,11,-4,11,-4,11,-4,11,-4,11,-4,11,-4,11,-4,11,-4,12,-4,11,-3,12,-3,11,-3,11,-3,11,-2,11,-2,11,-1,11,-1,11,-1,11,0,10,1,9,2,0,0,0,0,0,0,0,0,0,0,0,0,0,0,30,-23,27,-27,34,-31,35,-34,24,-37,30,-37,30,-40,31,-45,23,-42,29,-41,21,-40,24,-42,26,-54,26,-52,21,-56,21,-62,19,-56,17,-61,14,-62,12,-62,23,-64,11,-68,14,-66,20,-70,16,-58,18,-63,18,-68,9,-70,20,-64,14,-68,16,-63,17,-72,23,-65,14,-64,20,-69,9,-68,15,-60,17,-69,13,-61,10,-71,14,-63,2,-61,13,-56,7,-58,9,-61,14,-63,17,-66,12,-59,23,-61,21,-59,25,-56,18,-55,20,-54,23,-48,31,-51,32,-47,42,-41,0,0,0,0,0,0,0,0,0,0,0,0,0,0,0,0,0,0,0,0,0,0,-51,-28,-53,-34,-44,-34,-41,-35,-34,-41,-29,-40,-32,-47,-19,-38,-15,-43,-10,-43,-6,-46,-3,-41,3,-32,0,-34,14,-34,11,-22,17,-22,16,-8,14,-12,21,-5,19,0,23,4,17,7,16,12,14,16,17,33,5,23,8,28,2,34,4,40,1,31,-1,39,-7,40,3,41,1,41,-9,39,2,42,-5,42,-8,38,-6,36,-3,36,-2,40,-3,41,-1,35,-1,36,8,41,-3,44,2,40,2,38,6,36,3,37,14,48,9,29,15,31,12,36,12,38,27,33,0,0]"
CSI_DATA,208,2a:00:00:00:00:00,-48,11,1,0,1,1,1,0,0,0,1,-97,0,11,2,3052528,0,44,0,384,0,"[0,0,0,0,0,0,0,0,0,0,0,0,13,-3,13,-3,12,-3,12,-3,12,-3,12,-3,12,-3,11,-4,11,-4,11,-4,11,-4,11,-4,10,-5,10,-5,10,-4,11,-5,11,-5,11,-5,10,-5,10,-5,10,-5,10,-5,11,-5,10,-5,10,-5,10,-5,0,0,10,-5,9,-5,9,-5,9,-5,9,-4,9,-4,9,-4,8,-4,9,-4,9,-4,8,-4,8,-4,8,-4,8,-4,8,-3,8,-3,8,-3,8,-3,8,-2,8,-2,8,-2,8,-1,7,-1,7,0,7,0,6,0,0,0,0,0,0,0,0,0,0,0,0,0,0,0,22,-78,16,-75,17,-75,19,-71,13,-65,14,-65,16,-66,18,-69,12,-68,14,-66,19,-61,14,-62,5,-63,15,-62,9,-63,11,-62,10,-66,2,-64,4,-66,3,-58,0,-63,3,-61,1,-65,3,-63,6,-60,-3,-64,5,-58,3,-69,6,-60,0,-59,0,-52,7,-60,2,-55,0,-57,2,-52,7,-51,3,-55,0,-53,4,-50,2,-49,4,-56,6,-55,4,-46,7,-46,5,-46,4,-44,7,-44,6,-45,8,-44,11,-44,14,-38,7,-37,9,-37,18,-35,18,-35,20,-28,20,-29,0,0,0,0,0,0,0,0,0,0,0,0,0,0,0,0,0,0,0,0,0,0,-9,26,-18,25,-12,20,-16,19,-11,12,-18,12,-12,6,-18,3,-11,-2,-11,-6,-10,-9,-1,-10,1,-9,2,-13,9,-9,13,-14,23,-7,24,-6,23,-12,29,-8,42,-2,40,-4,41,0,42,0,44,6,47,9,49,3,49,12,51,16,57,22,52,20,47,23,50,21,51,20,48,24,48,24,47,20,49,23,53,20,49,17,51,16,53,14,59,18,54,20,54,12,58,12,57,9,53,14,65,13,57,15,66,17,63,10,65,12,67,9,68,11,65,13,71,14,0,0]"
CSI_DATA,209,2a:00:00:00:00:00,-47,11,1,0,1,1,1,0,0,0,1,-97,0,11,2,3062515,0,44,0,384,0,"[0,0,0,0,0,0,0,0,0,0,0,0,-13,-7,-12,-7,-12,-8,-12,-7,-12,-8,-11,-7,-11,-6,-12,-6,-12,-6,-11,-6,-11,-6,-12,-6,-11,-6,-11,-6,-11,-5,-11,-5,-11,-5,-12,-5,-11,-5,-11,-5,-11,-5,-11,-5,-11,-5,-10,-4,-10,-5,-10,-5,0,0,-10,-4,-9,-5,-9,-5,-10,-5,-8,-4,-9,-4,-8,-4,-8,-4,-9,-4,-8,-4,-8,-4,-8,-4,-7,-4,-7,-4,-7,-4,-7,-4,-7,-5,-6,-4,-6,-4,-6,-4,-5,-4,-5,-5,-5,-5,-5,-4,-3,-5,-4,-5,0,0,0,0,0,0,0,0,0,0,0,0,0,0,-69,-36,-65,-40,-71,-37,-68,-40,-65,-34,-69,-37,-65,-34,-65,-35,-60,-33,-66,-34,-65,-34,-62,-28,-66,-28,-60,-28,-62,-28,-60,-26,-60,-26,-61,-27,-57,-24,-60,-20,-64,-22,-59,-20,-60,-19,-57,-23,-55,-23,-54,-25,-56,-18,-56,-18,-57,-22,-54,-18,-55,-25,-50,-25,-44,-21,-49,-23,-50,-20,-48,-24,-44,-16,-45,-21,-49,-14,-44,-19,-39,-17,-45,-18,-39,-20,-42,-18,-46,-18,-40,-18,-36,-20,-35,-21,-38,-15,-36,-20,-34,-20,-29,-20,-31,-16,-26,-19,-25,-20,-21,-26,-19,-21,0,0,0,0,0,0,0,0,0,0,0,0,0,0,0,0,0,0,0,0,0,0,16,13,13,15,8,15,6,13,4,14,3,10,3,9,-2,8,-4,6,-9,1,-9,-5,-12,-6,-8,-12,-8,-12,-7,-18,-6,-26,-7,-30,-3,-31,-3,-29,5,-40,3,-39,11,-40,11,-45,16,-48,25,-45,22,-48,25,-43,32,-43,28,-40,30,-45,36,-43,35,-46,33,-41,36,-43,35,-42,33,-46,33,-41,35,-41,36,-39,33,-45,34,-45,33,-43,31,-46,29,-48,28,-51,21,-48,24,-55,30,-56,35,-53,31,-56,26,-55,28,-63,24,-66,27,-63,28,-64,27,-70,28,-67,0,0]"
CSI_DATA,210,2a:00:00:00:00:00,-45,11,1,0,1,1,1,0,0,0,1,-97,0,11,2,3072727,0,44,0,384,0,"[0,0,0,0,0,0,0,0,0,0,0,0,13,0,13,0,13,0,13,0,12,0,13,0,13,0,12,-1,12,-1,12,-1,12,-1,12,-1,12,-1,12,-1,12,-2,12,-2,12,-3,12,-2,12,-2,12,-2,11,-2,12,-2,12,-2,11,-2,11,-2,11,-2,0,0,11,-2,10,-2,10,-2,10,-2,9,-2,9,-2,9,-2,9,-2,9,-2,9,-2,9,-2,8,-2,8,-2,8,-1,8,-1,8,-1,7,-1,7,-1,7,-1,7,0,7,0,7,0,6,0,6,1,5,1,5,1,0,0,0,0,0,0,0,0,0,0,0,0,0,0,40,-68,40,-64,42,-69,42,-69,35,-64,40,-63,38,-66,40,-65,36,-65,38,-66,33,-62,34,-66,33,-60,37,-60,33,-63,30,-63,29,-68,26,-67,26,-67,19,-65,21,-67,27,-62,18,-69,24,-66,24,-67,21,-65,24,-61,19,-65,25,-60,23,-57,23,-60,18,-56,21,-59,21,-56,20,-52,20,-52,20,-53,16,-52,17,-50,16,-47,15,-49,22,-48,18,-44,17,-44,17,-44,14,-43,19,-39,15,-40,17,-38,18,-39,16,-35,19,-35,23,-28,19,-29,21,-26,23,-26,20,-22,0,0,0,0,0,0,0,0,0,0,0,0,0,0,0,0,0,0,0,0,0,0,-27,12,-24,7,-26,8,-23,-1,-20,1,-18,0,-16,-5,-11,-7,-13,-5,-5,-7,-5,-7,-1,-12,7,-4,8,-5,12,-2,14,-1,20,1,23,3,26,7,28,12,34,14,32,16,35,20,34,25,36,29,33,33,34,34,33,38,36,38,33,43,27,41,30,39,33,41,35,45,35,44,30,45,29,43,31,44,34,45,32,45,35,46,40,43,38,41,46,40,40,37,48,42,43,38,46,34,49,35,51,39,51,40,53,36,50,37,56,34,59,39,58,41,68,37,0,0]"
CSI_DATA,211,2a:00:00:00:00:00,-46,11,1,0,1,1,1,0,0,0,1,-97,0,11,2,3082657,0,44,0,384,0,"[0,0,0,0,0,0,0,0,0,0,0,0,7,-11,7,-11,6,-12,7,-12,6,-12,7,-11,6,-11,6,-12,7,-12,5,-12,6,-12,5,-12,5,-12,5,-12,5,-13,5,-13,5,-12,5,-12,4,-12,4,-12,4,-13,4,-12,4,-12,4,-12,4,-12,5,-12,0,0,4,-11,4,-11,4,-11,4,-10,4,-10,3,-11,4,-10,3,-10,3,-10,4,-10,4,-9,3,-8,4,-9,3,-9,4,-9,4,-8,3,-8,4,-8,4,-7,4,-7,4,-6,4,-6,4,-6,4,-5,5,-5,4,-4,0,0,0,0,0,0,0,0,0,0,0,0,0,0,47,-48,47,-51,50,-55,48,-52,42,-55,50,-52,46,-48,49,-54,41,-51,43,-56,44,-51,38,-52,45,-54,38,-56,35,-58,37,-58,37,-65,35,-60,35,-62,37,-52,38,-66,32,-57,31,-69,33,-59,30,-61,35,-62,36,-57,32,-59,33,-60,30,-59,31,-58,38,-59,31,-56,31,-52,30,-55,31,-52,27,-48,26,-49,29,-51,26,-46,30,-44,28,-44,27,-42,26,-42,29,-47,31,-35,24,-39,24,-37,32,-36,31,-35,31,-34,30,-33,24,-30,31,-27,27,-26,29,-21,28,-19,0,0,0,0,0,0,0,0,0,0,0,0,0,0,0,0,0,0,0,0,0,0,-30,21,-37,14,-32,11,-36,15,-31,6,-35,6,-28,1,-27,-2,-24,1,-21,4,-21,-4,-14,-4,-10,-4,-5,-1,-8,-2,-5,3,2,3,3,-1,5,6,10,11,10,11,14,20,14,14,14,26,19,28,19,29,17,32,16,35,15,42,21,41,13,42,22,44,18,44,18,45,16,47,14,48,19,46,20,46,21,46,19,52,21,52,21,45,21,47,25,50,31,49,25,42,26,50,36,51,35,49,29,47,38,46,35,50,37,50,36,47,40,49,44,47,50,50,0,0]"
CSI_DATA,212,2a:00:00:00:00:00,-46,11,1,0,1,1,1,0,0,0,1,-97,0,11,2,3093763,0,44,0,384,0,"[0,0,0,0,0,0,0,0,0,0,0,0,-4,-11,-4,-11,-5,-11,-5,-11,-4,-11,-4,-11,-5,-11,-5,-11,-6,-10,-5,-11,-6,-11,-5,-10,-6,-11,-7,-11,-6,-11,-7,-10,-7,-10,-7,-10,-7,-11,-7,-11,-7,-11,-7,-10,-7,-10,-7,-11,-7,-11,-6,-10,0,0,-6,-10,-6,-10,-6,-9,-6,-9,-5,-9,-6,-9,-6,-9,-5,-8,-5,-8,-5,-8,-5,-8,-5,-8,-5,-8,-5,-8,-4,-8,-5,-8,-4,-8,-3,-8,-3,-8,-4,-7,-3,-7,-3,-7,-2,-8,-2,-7,-1,-6,-1,-6,0,0,0,0,0,0,0,0,0,0,0,0,0,0,-24,-61,-24,-60,-23,-54,-26,-52,-32,-57,-28,-53,-27,-52,-31,-49,-32,-55,-32,-51,-32,-51,-37,-46,-37,-51,-38,-51,-36,-53,-39,-46,-38,-48,-42,-49,-39,-50,-44,-45,-46,-47,-43,-51,-46,-47,-46,-41,-40,-48,-44,-48,-44,-47,-42,-49,-46,-48,-40,-45,-37,-45,-39,-42,-41,-40,-38,-42,-41,-44,-35,-37,-34,-37,-38,-39,-33,-41,-31,-36,-32,-37,-31,-36,-31,-39,-32,-34,-28,-36,-32,-38,-28,-33,-29,-33,-22,-34,-27,-35,-19,-31,-22,-34,-23,-36,-18,-37,-11,-38,-14,-33,-8,-31,0,0,0,0,0,0,0,0,0,0,0,0,0,0,0,0,0,0,0,0,0,0,36,33,29,34,33,35,29,35,29,40,22,37,22,36,22,36,20,33,17,32,18,28,15,28,17,27,19,24,13,25,19,22,18,19,20,17,17,14,22,10,29,7,27,7,33,10,32,4,40,3,33,3,40,4,43,4,49,2,46,2,48,3,47,4,47,8,49,2,54,5,56,3,57,5,56,4,59,4,59,5,56,6,61,-2,54,-6,60,-1,53,-5,64,-9,57,-10,52,-10,54,-8,63,-7,59,-16,57,-12,57,-12,60,-18,60,-16,58,-19,58,-19,0,0]"
CSI_DATA,213,2a:00:00:00:00:00,-46,11,1,0,1,1,1,0,0,0,1,-97,0,11,2,3102690,0,44,0,384,0,"[0,0,0,0,0,0,0,0,0,0,0,0,-11,1,-12,1,-10,2,-11,1,-10,1,-11,2,-11,2,-11,2,-10,2,-9,2,-11,3,-10,4,-10,3,-10,4,-10,4,-10,4,-11,4,-11,4,-10,4,-11,4,-11,4,-10,4,-11,4,-10,4,-10,3,-11,4,0,0,-11,3,-10,2,-10,2,-9,2,-9,2,-9,2,-9,2,-8,2,-8,2,-8,2,-9,2,-8,2,-8,1,-8,2,-8,1,-8,1,-8,1,-8,0,-8,1,-7,0,-7,0,-7,-1,-6,-1,-6,-1,-7,-2,-6,-2,0,0,0,0,0,0,0,0,0,0,0,0,0,0,-59,-4,-62,-1,-54,-5,-67,-3,-58,2,-60,5,-55,0,-49,7,-49,10,-54,7,-64,6,-51,12,-54,9,-52,19,-55,11,-55,16,-54,20,-54,17,-59,15,-58,17,-57,19,-54,14,-50,20,-53,17,-53,14,-57,13,-59,17,-57,18,-50,13,-57,17,-57,11,-57,13,-51,12,-49,13,-54,13,-50,9,-45,16,-46,11,-47,10,-48,10,-47,9,-42,4,-40,7,-42,7,-44,10,-42,5,-43,3,-39,7,-42,1,-40,-1,-40,-1,-38,-5,-37,-3,-33,-4,-31,-6,-32,-13,-29,-14,0,0,0,0,0,0,0,0,0,0,0,0,0,0,0,0,0,0,0,0,0,0,18,-49,17,-45,23,-47,24,-39,20,-38,21,-43,31,-40,26,-34,29,-32,24,-30,29,-31,25,-32,21,-33,21,-32,23,-32,17,-27,18,-33,14,-30,12,-33,15,-31,9,-33,9,-41,9,-42,5,-40,9,-45,4,-47,8,-51,3,-59,6,-55,5,-57,12,-55,4,-52,10,-59,3,-64,13,-65,8,-61,10,-62,13,-62,10,-66,7,-64,13,-63,11,-65,11,-67,7,-64,7,-68,14,-72,12,-69,8,-67,-1,-69,10,-63,13,-65,11,-73,14,-68,10,-64,4,-65,9,-60,5,-62,0,0]"
CSI_DATA,214,2a:00:00:00:00:00,-47,11,1,0,1,1,1,0,0,0,1,-97,0,11,2,3112515,0,44,0,384,0,"[0,0,0,0,0,0,0,0,0,0,0,0,0,-11,-1,-10,-1,-11,-1,-11,-2,-11,-1,-10,-2,-10,-2,-10,-2,-10,-3,-11,-2,-10,-2,-10,-3,-11,-3,-10,-3,-10,-3,-11,-3,-9,-3,-10,-3,-10,-4,-11,-3,-11,-3,-11,-3,-11,-3,-10,-2,-11,-2,-10,0,0,-2,-10,-2,-10,-2,-10,-2,-9,-2,-9,-2,-9,-2,-9,-1,-8,-2,-8,-1,-8,-1,-9,-1,-8,-1,-8,-1,-7,0,-7,-1,-7,-1,-8,0,-7,0,-7,0,-6,0,-6,0,-7,1,-7,1,-6,2,-6,2,-5,0,0,0,0,0,0,0,0,0,0,0,0,0,0,-1,-33,-2,-30,-3,-31,-2,-29,-4,-26,-3,-28,-5,-30,-7,-27,-6,-26,-6,-25,-7,-26,-8,-24,-8,-24,-7,-27,-11,-29,-10,-23,-11,-26,-10,-25,-12,-25,-11,-23,-13,-25,-12,-24,-16,-27,-14,-27,-11,-25,-13,-26,-11,-26,-11,-26,-11,-25,-10,-26,-11,-25,-9,-21,-8,-25,-8,-24,-8,-22,-7,-22,-8,-21,-8,-22,-8,-23,-5,-21,-10,-23,-8,-21,-7,-20,-7,-20,-9,-19,-5,-19,-5,-19,-4,-19,-2,-18,-3,-18,-3,-18,-2,-15,-2,-19,1,-17,-1,-16,3,-13,4,-12,0,0,0,0,0,0,0,0,0,0,0,0,0,0,0,0,0,0,0,0,0,0,27,1,26,3,26,5,28,7,24,9,22,7,21,9,23,9,18,9,19,12,18,10,18,9,17,7,16,7,16,6,16,6,16,8,18,4,17,4,19,4,19,3,19,-1,20,1,21,-1,23,0,25,-4,24,-1,25,-1,27,-5,29,-2,26,0,27,4,23,-6,28,19,30,-2,30,-3,31,0,33,-2,33,1,34,-4,33,-2,34,-3,32,-3,35,0,34,-4,33,-3,33,-1,32,-3,38,-4,38,-1,34,-2,34,-2,32,-1,34,-3,34,-2,34,-2,34,0,0,0]"
CSI_DATA,215,2a:00:00:00:00:00,-47,11,1,0,1,1,1,0,0,0,1,-97,0,11,2,3122647,0,44,0,384,0,"[0,0,0,0,0,0,0,0,0,0,0,0,2,9,2,8,2,9,2,9,3,9,3,8,3,8,3,8,3,7,4,8,4,8,4,8,4,8,4,8,4,8,5,8,4,7,5,8,5,8,5,8,5,8,5,7,5,8,5,8,4,8,4,8,0,0,4,8,4,8,4,7,4,7,3,7,4,7,3,7,3,7,3,6,3,7,2,6,3,6,3,6,3,6,2,5,2,5,2,6,2,5,2,5,1,5,1,5,1,6,1,5,0,5,0,5,-1,4,0,0,0,0,0,0,0,0,0,0,0,0,0,0,10,58,12,55,16,52,17,49,13,54,14,49,20,51,16,51,18,49,15,47,22,43,23,43,21,46,22,46,26,43,29,42,29,44,25,43,27,43,27,40,30,44,27,46,29,45,27,45,28,46,28,42,29,44,27,46,24,45,31,43,24,44,25,42,26,43,23,41,26,37,20,42,22,42,19,40,19,42,17,38,17,33,18,33,15,35,15,34,15,36,15,33,13,32,15,35,11,32,7,33,10,32,9,30,6,31,6,34,2,31,2,26,0,27,0,0,0,0,0,0,0,0,0,0,0,0,0,0,0,0,0,0,0,0,0,0,-65,2,-63,-7,-65,-15,-65,-15,-60,-21,-58,-18,-54,-25,-53,-29,-49,-30,-45,-29,-42,-34,-47,-30,-43,-33,-42,-31,-35,-28,-32,-26,-35,-25,-33,-25,-32,-19,-35,-17,-29,-16,-33,-12,-32,-9,-34,-9,-35,-3,-37,-4,-40,-3,-41,3,-42,-1,-44,-1,-44,3,-49,1,-51,-1,-52,4,-53,2,-52,5,-55,4,-59,5,-58,6,-56,5,-57,7,-59,9,-60,7,-61,10,-60,9,-54,10,-60,14,-59,12,-63,7,-64,8,-61,14,-59,12,-62,12,-58,13,-65,13,-59,9,-58,8,0,0]"
CSI_DATA,216,2a:00:00:00:00:00,-48,11,1,0,1,1,1,0,0,0,1,-97,0,11,2,3152507,0,44,0,384,0,"[0,0,0,0,0,0,0,0,0,0,0,0,8,2,8,2,8,2,8,2,8,1,8,1,8,1,8,0,8,0,8,0,8,-1,8,-1,8,-1,8,-1,8,-1,8,-2,8,-2,9,-2,8,-2,9,-2,9,-2,9,-2,9,-2,10,-2,9,-2,10,-1,0,0,9,-2,9,-1,9,-1,9,0,8,0,9,0,8,0,8,0,8,0,7,0,7,0,7,1,7,1,7,1,6,1,6,1,6,1,6,1,6,0,5,1,5,1,5,2,5,2,4,2,4,2,4,2,0,0,0,0,0,0,0,0,0,0,0,0,0,0,50,22,48,26,54,19,46,18,43,17,52,17,43,15,49,18,40,10,44,14,47,10,50,5,49,6,38,4,42,3,49,0,46,2,47,-4,48,-1,46,-5,48,-5,48,-5,47,-10,46,-7,48,-10,55,-11,54,-6,52,-6,53,-6,56,-2,53,-1,54,-4,49,0,53,0,48,1,51,5,44,2,44,0,43,3,46,1,40,4,44,5,42,5,40,8,41,6,37,5,41,5,35,7,37,5,37,8,36,7,32,11,29,10,29,13,25,13,28,16,28,18,0,0,0,0,0,0,0,0,0,0,0,0,0,0,0,0,0,0,0,0,0,0,-65,47,-72,45,-72,34,-77,28,-73,22,-78,19,-80,14,-76,13,-78,8,-71,1,-73,-5,-72,-4,-70,-9,-62,-10,-67,-12,-57,-14,-59,-14,-52,-14,-52,-11,-42,-9,-38,-11,-44,-8,-35,-9,-35,-8,-34,-2,-29,2,-29,2,-28,8,-26,9,-29,11,-30,15,-27,17,-22,20,-26,22,-30,21,-28,26,-24,27,-28,28,-27,32,-29,32,-27,36,-26,36,-30,36,-24,36,-27,41,-17,41,-22,42,-22,43,-23,40,-24,41,-28,42,-24,45,-21,49,-22,47,-21,45,-22,49,-22,46,0,0]"
CSI_DATA,217,2a:00:00:00:00:00,-50,11,1,0,1,1,1,0,0,0,1,-97,0,11,2,3172521,0,44,0,384,0,"[0,0,0,0,0,0,0,0,0,0,0,0,-6,-4,-6,-4,-7,-4,-6,-3,-7,-3,-6,-3,-6,-2,-6,-1,-6,-1,-6,-1,-6,-1,-6,-1,-6,0,-7,0,-7,0,-7,1,-7,1,-7,2,-7,2,-7,2,-8,2,-8,2,-8,2,-9,3,-8,2,-9,2,0,0,-8,2,-9,2,-9,2,-8,2,-9,2,-9,2,-10,2,-9,2,-9,1,-9,1,-9,2,-9,1,-9,1,-9,0,-9,1,-8,1,-9,0,-8,0,-8,0,-8,0,-8,-1,-8,-2,-7,-2,-7,-2,-7,-2,-6,-2,0,0,0,0,0,0,0,0,0,0,0,0,0,0,-22,-6,-19,-5,-20,-3,-20,-5,-22,-4,-20,-5,-19,-4,-18,-2,-18,-3,-18,0,-19,2,-16,1,-18,3,-15,1,-15,6,-15,5,-15,6,-14,6,-14,7,-15,9,-18,12,-17,12,-16,12,-17,13,-17,12,-19,16,-20,16,-18,16,-16,14,-19,17,-17,16,-19,18,-20,15,-20,16,-20,16,-20,15,-20,14,-20,14,-23,13,-20,13,-22,14,-20,12,-21,12,-20,11,-22,10,-19,13,-18,11,-20,8,-22,10,-20,11,-20,9,-20,6,-20,3,-20,3,-18,5,-20,3,-18,1,0,0,0,0,0,0,0,0,0,0,0,0,0,0,0,0,0,0,0,0,0,0,45,-12,46,-6,44,-4,46,1,47,2,44,6,43,11,41,10,43,14,39,14,39,16,37,18,35,17,34,19,32,18,28,20,28,20,25,17,22,17,18,19,19,18,18,15,17,12,17,11,16,11,15,10,14,7,15,6,13,4,14,2,13,0,9,1,12,0,11,-1,10,-3,13,-4,13,-2,10,-7,12,-9,11,-8,12,-7,13,-9,12,-10,9,-13,12,-12,13,-14,11,-12,10,-12,10,-14,9,-14,7,-14,8,-18,10,-18,6,-15,6,-21,8,-20,5,-20,0,0]"
CSI_DATA,218,2a:00:00:00:00:00,-47,11,1,0,1,1,1,0,0,0,1,-97,0,11,2,3192511,0,44,0,384,0,"[0,0,0,0,0,0,0,0,0,0,0,0,8,4,7,3,7,4,8,4,7,3,8,3,7,3,7,2,7,2,7,2,7,1,7,1,8,0,8,-1,8,-1,8,-1,8,-2,9,-2,9,-2,10,-2,10,-1,10,-2,10,-2,10,-3,10,-2,11,-2,0,0,10,-2,10,-2,11,-2,10,-2,10,-2,11,-2,10,-1,10,-1,9,-1,10,-2,10,-1,10,-1,10,0,10,0,10,0,9,0,9,0,8,0,8,1,8,1,8,1,8,2,8,2,7,2,6,2,6,3,0,0,0,0,0,0,0,0,0,0,0,0,0,0,36,34,39,33,38,32,40,27,44,30,37,28,39,25,38,25,44,23,42,19,37,15,42,17,40,18,45,10,41,12,46,3,45,3,45,1,42,1,46,-3,49,-2,57,-6,53,-5,55,-4,55,-6,55,-3,58,-5,58,-4,62,-6,56,-6,60,-10,55,-4,59,-6,57,-1,64,-7,58,-2,60,-2,60,-1,65,4,56,6,59,1,56,1,57,8,59,3,50,8,60,3,45,9,52,11,46,10,45,15,46,13,41,20,42,16,44,25,42,20,37,19,34,19,0,0,0,0,0,0,0,0,0,0,0,0,0,0,0,0,0,0,0,0,0,0,-77,-12,-71,-14,-73,-27,-69,-28,-67,-30,-60,-36,-60,-38,-53,-41,-55,-42,-55,-40,-46,-40,-46,-39,-43,-40,-43,-35,-35,-41,-43,-34,-33,-32,-32,-33,-33,-30,-29,-25,-27,-27,-27,-21,-34,-16,-26,-15,-31,-10,-31,-11,-35,-10,-29,-2,-36,-4,-34,1,-35,-1,-35,3,-36,3,-37,2,-39,6,-44,9,-39,14,-43,10,-41,12,-39,12,-37,14,-44,17,-38,21,-42,21,-40,21,-43,32,-40,28,-39,24,-40,25,-45,30,-38,33,-38,36,-32,34,-36,38,-32,36,-37,36,-38,39,0,0]"
CSI_DATA,219,2a:00:00:00:00:00,-47,11,1,0,1,1,1,0,0,0,1,-97,0,11,2,3203343,0,44,0,384,0,"[0,0,0,0,0,0,0,0,0,0,0,0,-6,-8,-6,-7,-7,-8,-7,-7,-7,-7,-7,-6,-8,-6,-7,-6,-8,-6,-8,-5,-8,-5,-8,-4,-9,-4,-9,-4,-9,-4,-10,-3,-10,-3,-10,-3,-10,-3,-10,-3,-11,-3,-11,-3,-11,-3,-11,-3,-11,-3,-11,-3,0,0,-11,-3,-12,-3,-11,-3,-11,-3,-11,-3,-11,-4,-11,-4,-10,-4,-10,-4,-10,-4,-10,-4,-10,-4,-10,-4,-10,-4,-9,-5,-8,-4,-9,-5,-8,-4,-8,-5,-7,-5,-7,-5,-7,-6,-7,-6,-6,-6,-5,-6,-5,-6,0,0,0,0,0,0,0,0,0,0,0,0,0,0,-22,-53,-23,-46,-26,-47,-25,-44,-28,-43,-25,-46,-31,-42,-28,-41,-28,-40,-31,-43,-33,-33,-33,-35,-35,-35,-34,-30,-38,-27,-39,-25,-39,-28,-44,-25,-44,-27,-42,-20,-51,-24,-52,-20,-55,-20,-46,-20,-51,-27,-57,-22,-56,-26,-55,-24,-52,-31,-59,-26,-59,-29,-59,-29,-55,-26,-55,-27,-53,-26,-57,-30,-50,-27,-50,-28,-53,-31,-55,-29,-52,-29,-49,-27,-45,-32,-44,-33,-47,-31,-41,-27,-37,-34,-40,-35,-40,-35,-34,-32,-35,-34,-29,-34,-30,-36,-29,-36,-19,-38,-23,-35,-20,-33,0,0,0,0,0,0,0,0,0,0,0,0,0,0,0,0,0,0,0,0,0,0,60,29,58,35,54,39,51,43,49,41,46,43,39,43,41,46,35,50,30,41,32,46,31,46,29,38,28,44,26,37,25,31,27,31,22,31,22,33,20,25,20,22,25,24,28,17,29,21,31,12,33,12,34,12,37,13,35,14,39,10,40,8,41,8,44,10,43,6,45,10,48,3,46,6,52,0,47,5,54,-6,50,4,49,-4,52,-7,47,-7,50,-13,46,-10,50,-10,52,-9,51,-6,46,-12,45,-19,50,-19,56,-18,46,-20,48,-20,53,-20,52,-19,0,0]"
CSI_DATA,220,2a:00:00:00:00:00,-47,11,1,0,1,1,1,0,0,0,1,-97,0,11,2,3212897,0,44,0,384,0,"[0,0,0,0,0,0,0,0,0,0,0,0,-6,-8,-7,-7,-7,-8,-7,-7,-7,-7,-7,-7,-7,-6,-7,-6,-7,-5,-8,-5,-8,-5,-8,-5,-8,-5,-8,-5,-9,-4,-10,-4,-9,-3,-11,-3,-10,-4,-10,-3,-11,-4,-11,-4,-11,-4,-11,-4,-11,-4,-11,-4,0,0,-10,-4,-11,-5,-11,-5,-11,-5,-10,-5,-10,-5,-11,-5,-10,-5,-10,-4,-9,-5,-9,-5,-10,-6,-9,-5,-9,-5,-8,-6,-8,-5,-8,-6,-7,-5,-6,-6,-6,-5,-7,-6,-6,-7,-6,-6,-5,-7,-4,-6,-4,-6,0,0,0,0,0,0,0,0,0,0,0,0,0,0,-19,-52,-20,-45,-17,-47,-19,-47,-22,-44,-26,-48,-21,-43,-23,-42,-27,-33,-28,-37,-29,-35,-30,-35,-31,-32,-33,-30,-36,-26,-35,-25,-41,-29,-42,-30,-42,-30,-42,-25,-49,-24,-43,-21,-49,-24,-47,-26,-47,-27,-49,-26,-50,-26,-49,-26,-53,-30,-56,-31,-54,-26,-55,-30,-44,-28,-47,-31,-47,-30,-53,-34,-51,-31,-48,-35,-49,-30,-46,-34,-44,-29,-43,-27,-41,-31,-39,-32,-42,-33,-39,-31,-40,-29,-34,-33,-35,-32,-31,-32,-31,-33,-30,-35,-23,-35,-22,-34,-22,-33,-21,-37,-15,-33,0,0,0,0,0,0,0,0,0,0,0,0,0,0,0,0,0,0,0,0,0,0,59,24,62,32,51,37,52,40,48,36,43,38,39,41,39,38,35,45,32,37,31,40,33,42,32,37,30,39,30,37,23,36,28,37,27,28,28,28,24,23,27,25,27,21,33,18,32,19,34,15,35,14,37,10,44,12,36,11,44,15,36,9,45,14,43,11,44,7,45,9,51,3,49,5,48,4,50,2,52,0,56,0,45,2,51,4,53,0,53,-5,45,-5,50,-5,55,-7,50,-10,49,-4,51,-7,52,-11,55,-12,53,-10,53,-9,51,-16,50,-14,0,0]"
CSI_DATA,221,2a:00:00:00:00:00,-47,11,1,0,1,1,1,0,0,0,1,-97,0,11,2,3222668,0,44,0,384,0,"[0,0,0,0,0,0,0,0,0,0,0,0,8,2,8,1,8,2,8,2,8,2,7,0,8,0,8,0,7,0,7,-1,8,-1,8,-2,8,-2,8,-2,8,-2,9,-3,8,-3,9,-4,9,-3,9,-3,9,-3,9,-3,10,-4,9,-3,10,-3,9,-3,0,0,10,-4,10,-3,9,-2,10,-3,9,-2,10,-2,9,-2,9,-2,9,-3,9,-2,9,-2,9,-1,9,-1,8,-1,8,-1,8,-1,8,0,7,0,8,0,7,0,7,0,7,1,6,1,6,2,6,2,5,2,0,0,0,0,0,0,0,0,0,0,0,0,0,0,48,17,44,23,47,17,51,16,46,14,44,17,45,11,46,11,45,8,47,7,45,7,45,3,49,-2,43,-2,45,-2,50,-8,48,-8,45,-12,48,-10,48,-11,50,-14,49,-20,53,-18,46,-19,53,-18,56,-18,58,-13,57,-18,54,-14,56,-21,54,-14,61,-13,54,-15,57,-15,54,-16,54,-9,54,-13,58,-7,60,-8,50,-10,59,-8,53,-6,52,-4,50,-3,52,0,50,-5,50,1,46,-1,46,5,47,4,45,5,42,6,39,7,37,14,34,12,35,15,33,14,0,0,0,0,0,0,0,0,0,0,0,0,0,0,0,0,0,0,0,0,0,0,-62,33,-62,29,-65,21,-67,22,-62,16,-65,14,-66,11,-62,9,-61,6,-57,4,-60,2,-55,-1,-53,1,-52,1,-47,0,-48,-2,-46,3,-47,6,-42,10,-41,6,-40,8,-40,10,-38,13,-37,13,-33,16,-36,19,-38,23,-42,25,-38,24,-39,29,-39,26,-37,32,-39,27,-40,36,-38,37,-41,36,-40,35,-40,37,-38,36,-38,37,-38,41,-36,40,-41,43,-35,40,-38,41,-31,42,-34,47,-31,48,-33,46,-36,44,-30,46,-32,45,-32,47,-28,48,-25,50,-26,48,-23,51,0,0]"
CSI_DATA,222,2a:00:00:00:00:00,-47,11,1,0,1,1,1,0,0,0,1,-97,0,11,2,3233181,0,44,0,384,0,"[0,0,0,0,0,0,0,0,0,0,0,0,-9,2,-8,3,-8,3,-8,3,-8,3,-8,4,-7,4,-7,4,-7,5,-6,5,-7,6,-6,6,-6,6,-6,6,-5,6,-5,7,-6,8,-6,8,-5,8,-6,8,-6,7,-6,8,-7,9,-6,9,-6,8,-6,9,0,0,-7,8,-6,8,-6,8,-7,8,-6,8,-6,8,-7,7,-7,7,-7,7,-7,7,-7,7,-7,6,-7,6,-7,5,-7,6,-7,5,-7,5,-7,4,-7,4,-7,4,-7,3,-6,3,-7,2,-6,2,-7,2,-7,1,0,0,0,0,0,0,0,0,0,0,0,0,0,0,-53,2,-52,2,-53,9,-48,9,-47,8,-46,3,-46,14,-46,16,-39,14,-42,20,-43,16,-40,18,-37,21,-35,21,-39,21,-38,30,-38,34,-33,34,-33,35,-36,37,-35,39,-38,39,-34,44,-37,42,-43,39,-36,40,-40,40,-42,39,-39,42,-41,41,-42,39,-43,41,-41,36,-39,41,-40,38,-40,35,-37,37,-47,35,-44,33,-44,32,-44,32,-42,26,-45,30,-42,29,-43,28,-41,25,-44,23,-39,23,-46,19,-42,19,-40,16,-43,13,-41,15,-36,15,-35,5,-40,3,-38,3,0,0,0,0,0,0,0,0,0,0,0,0,0,0,0,0,0,0,0,0,0,0,47,-57,47,-50,49,-49,55,-46,52,-43,53,-39,53,-33,56,-38,55,-31,50,-28,53,-24,51,-21,50,-26,47,-21,49,-23,44,-22,46,-21,42,-20,37,-20,36,-21,35,-21,31,-26,30,-24,26,-27,32,-32,31,-30,32,-33,30,-38,26,-37,25,-40,27,-36,23,-44,23,-39,21,-46,23,-49,22,-45,24,-51,19,-48,23,-50,24,-51,18,-50,19,-53,19,-49,18,-50,16,-51,7,-50,10,-52,10,-50,10,-58,12,-52,12,-51,7,-53,7,-53,5,-50,-3,-51,2,-52,0,-48,0,0]"
CSI_DATA,223,2a:00:00:00:00:00,-47,11,1,0,1,1,1,0,0,0,1,-97,0,11,2,3242878,0,44,0,384,0,"[0,0,0,0,0,0,0,0,0,0,0,0,7,2,7,2,7,2,8,2,7,2,7,0,7,0,7,0,7,0,7,-1,8,-1,7,-2,7,-2,8,-2,8,-2,8,-3,8,-3,8,-3,9,-3,9,-3,9,-3,9,-3,9,-4,9,-4,9,-4,9,-4,0,0,9,-4,9,-3,10,-3,9,-3,9,-3,9,-3,9,-2,9,-2,9,-3,8,-3,9,-2,9,-2,9,-2,8,-1,8,-1,8,-1,8,-1,7,-1,7,0,7,0,7,0,6,1,6,1,6,1,6,1,6,1,0,0,0,0,0,0,0,0,0,0,0,0,0,0,23,33,28,30,32,28,30,29,32,28,35,28,29,27,32,29,35,20,35,17,35,18,38,13,38,18,35,12,39,10,43,7,46,7,46,3,45,3,47,6,49,3,48,0,49,-3,51,3,50,2,56,5,54,4,54,-1,54,1,59,3,56,3,60,2,54,4,58,1,58,6,51,6,50,5,51,3,48,8,58,6,54,7,46,9,47,12,45,10,46,12,42,14,44,16,42,13,40,15,42,14,42,12,39,20,34,18,31,17,30,22,28,16,26,20,0,0,0,0,0,0,0,0,0,0,0,0,0,0,0,0,0,0,0,0,0,0,-70,-16,-71,-18,-62,-19,-65,-28,-64,-26,-57,-34,-55,-33,-56,-32,-52,-40,-50,-33,-49,-32,-50,-36,-49,-32,-46,-35,-42,-36,-40,-32,-36,-33,-37,-28,-38,-25,-36,-23,-34,-22,-38,-20,-34,-19,-35,-13,-37,-10,-41,-8,-41,-12,-41,-8,-43,-1,-45,-9,-42,-3,-47,-4,-45,-3,-51,-6,-47,4,-56,2,-46,3,-53,6,-50,9,-53,7,-53,9,-52,8,-53,10,-51,10,-50,13,-47,19,-52,16,-51,11,-48,15,-46,17,-45,14,-47,15,-42,22,-38,17,-40,23,-42,23,-41,23,0,0]"
CSI_DATA,224,2a:00:00:00:00:00,-48,11,1,0,1,1,1,0,0,0,1,-97,0,11,2,3252644,0,44,0,384,0,"[0,0,0,0,0,0,0,0,0,0,0,0,-8,0,-8,1,-8,1,-8,1,-8,1,-8,3,-8,3,-7,3,-7,4,-7,4,-7,4,-7,4,-7,4,-7,5,-7,5,-7,5,-7,6,-7,6,-7,6,-7,7,-7,6,-7,7,-7,7,-7,7,-8,7,-8,7,0,0,-8,7,-8,6,-8,7,-8,7,-8,6,-9,6,-8,6,-8,6,-8,6,-8,6,-8,5,-8,4,-8,4,-8,4,-8,4,-8,4,-8,3,-8,3,-8,3,-8,3,-8,3,-7,1,-7,1,-7,0,-7,0,-7,0,0,0,0,0,0,0,0,0,0,0,0,0,0,0,-39,0,-39,4,-44,4,-38,5,-40,11,-40,9,-39,13,-39,13,-31,14,-33,17,-36,17,-30,16,-30,20,-30,25,-37,24,-32,24,-34,29,-30,31,-30,36,-29,35,-32,35,-29,36,-32,42,-33,43,-30,40,-34,40,-35,39,-37,45,-28,40,-37,41,-35,42,-38,44,-36,38,-32,42,-35,44,-34,38,-34,42,-30,40,-34,39,-39,38,-40,38,-38,35,-34,31,-34,31,-34,26,-40,31,-39,28,-32,29,-36,20,-36,22,-37,24,-33,20,-30,14,-32,18,-35,14,-33,10,-33,7,0,0,0,0,0,0,0,0,0,0,0,0,0,0,0,0,0,0,0,0,0,0,50,-50,55,-47,54,-42,60,-42,57,-36,60,-34,67,-32,58,-26,62,-24,56,-23,65,-21,57,-19,56,-19,55,-14,58,-17,48,-11,51,-13,48,-18,44,-17,39,-17,38,-21,37,-20,36,-23,32,-22,32,-24,37,-28,31,-32,29,-33,29,-28,30,-37,31,-39,31,-40,26,-38,30,-42,28,-44,27,-44,27,-39,26,-50,25,-43,24,-47,23,-46,25,-48,26,-48,23,-47,25,-49,20,-54,20,-48,19,-47,18,-50,17,-44,17,-46,16,-46,14,-46,7,-43,6,-44,3,-40,5,-42,0,0]"
CSI_DATA,225,2a:00:00:00:00:00,-49,11,1,0,1,1,1,0,0,0,1,-97,0,11,2,3273538,0,44,0,384,0,"[0,0,0,0,0,0,0,0,0,0,0,0,-5,-6,-5,-6,-5,-6,-5,-5,-5,-5,-6,-4,-5,-5,-6,-4,-6,-4,-6,-4,-7,-4,-7,-3,-7,-3,-8,-4,-8,-3,-9,-2,-8,-2,-9,-2,-8,-2,-9,-2,-9,-3,-9,-2,-10,-2,-10,-2,-10,-2,-9,-3,0,0,-9,-2,-10,-3,-10,-2,-9,-2,-9,-3,-9,-3,-10,-3,-10,-3,-9,-3,-9,-3,-8,-3,-9,-3,-9,-3,-8,-3,-8,-3,-7,-3,-8,-4,-7,-3,-7,-4,-6,-4,-6,-4,-6,-5,-6,-5,-6,-5,-4,-5,-4,-5,0,0,0,0,0,0,0,0,0,0,0,0,0,0,-11,-41,-13,-39,-15,-41,-15,-35,-22,-37,-15,-32,-21,-32,-21,-30,-26,-31,-24,-32,-33,-26,-26,-25,-32,-25,-30,-21,-34,-24,-39,-21,-36,-17,-40,-11,-39,-21,-39,-20,-53,-19,-40,-13,-49,-24,-48,-16,-49,-22,-47,-23,-47,-21,-49,-20,-51,-19,-50,-16,-51,-17,-49,-26,-48,-23,-46,-22,-49,-21,-44,-19,-48,-22,-44,-25,-45,-24,-48,-26,-48,-23,-43,-18,-39,-25,-41,-20,-37,-27,-41,-28,-42,-29,-36,-27,-37,-28,-35,-27,-30,-30,-24,-32,-21,-29,-22,-27,-21,-33,-18,-32,-17,-33,0,0,0,0,0,0,0,0,0,0,0,0,0,0,0,0,0,0,0,0,0,0,78,12,74,22,75,26,73,31,69,37,60,34,58,41,58,42,55,49,52,42,50,43,53,43,48,36,43,44,42,35,37,42,40,36,40,31,37,30,34,29,35,26,30,23,35,23,36,15,39,19,40,13,41,12,44,11,46,13,50,11,47,10,51,5,53,11,54,9,53,8,58,4,57,7,54,2,57,2,57,2,55,5,58,4,63,2,60,7,57,5,60,-3,55,0,60,0,58,1,53,-2,53,-2,48,-6,46,-1,50,-3,52,-12,48,-1,50,-11,0,0]"
CSI_DATA,226,2a:00:00:00:00:00,-49,11,1,0,1,1,1,0,0,0,1,-97,0,11,2,3284369,0,44,0,384,0,"[0,0,0,0,0,0,0,0,0,0,0,0,-5,6,-4,6,-4,6,-4,6,-3,6,-3,6,-3,6,-2,6,-2,6,-1,6,-1,7,-1,7,-1,7,0,7,0,7,0,8,0,8,0,8,1,8,1,8,0,8,1,9,0,9,1,9,0,9,0,9,0,0,0,9,0,9,0,8,0,9,0,8,0,8,0,8,0,8,-1,9,-1,8,-1,8,-1,8,-1,8,-1,8,-2,8,-2,8,-2,7,-2,7,-3,7,-3,7,-3,7,-3,6,-3,6,-3,5,-4,5,-4,5,0,0,0,0,0,0,0,0,0,0,0,0,0,0,14,40,17,38,20,35,20,32,24,31,18,28,25,37,28,26,24,25,25,26,24,23,32,20,34,23,31,23,30,18,34,20,36,18,37,16,35,19,44,13,41,14,42,7,46,13,41,14,45,17,45,14,48,18,44,12,45,17,45,18,49,17,42,14,42,15,47,17,46,13,45,16,45,18,44,16,45,22,42,18,45,19,41,16,43,20,38,21,40,23,35,18,37,19,33,21,35,20,35,21,28,25,25,21,30,22,22,24,21,30,25,23,20,25,0,0,0,0,0,0,0,0,0,0,0,0,0,0,0,0,0,0,0,0,0,0,-76,-3,-77,-6,-76,-13,-75,-16,-69,-23,-68,-24,-69,-31,-61,-29,-60,-33,-53,-32,-55,-35,-50,-34,-49,-33,-45,-35,-41,-30,-38,-28,-43,-30,-41,-25,-40,-25,-37,-17,-40,-19,-37,-19,-36,-14,-39,-8,-39,-9,-45,-10,-44,-4,-47,-3,-47,1,-47,-1,-50,4,-51,1,-51,7,-57,4,-57,2,-62,8,-57,6,-62,5,-62,1,-64,9,-64,10,-60,8,-60,13,-60,9,-55,7,-54,17,-58,8,-57,11,-59,9,-60,5,-54,8,-57,9,-51,9,-46,13,-51,7,-50,11,-53,9,0,0]"
CSI_DATA,227,2a:00:00:00:00:00,-50,11,1,0,1,1,1,0,0,0,1,-97,0,11,2,3302468,0,44,0,384,0,"[0,0,0,0,0,0,0,0,0,0,0,0,7,-6,6,-5,6,-5,5,-5,6,-6,6,-7,5,-6,4,-6,5,-7,3,-7,4,-7,4,-7,3,-7,3,-8,3,-7,3,-8,3,-8,3,-8,3,-9,3,-8,4,-8,3,-9,4,-9,3,-9,3,-8,4,-8,0,0,3,-8,3,-8,3,-8,3,-8,3,-8,3,-7,3,-8,3,-7,3,-7,4,-7,3,-7,3,-7,3,-6,3,-7,4,-7,4,-7,3,-6,4,-6,4,-5,4,-5,5,-5,4,-5,4,-4,4,-4,5,-3,5,-3,0,0,0,0,0,0,0,0,0,0,0,0,0,0,49,-23,50,-25,43,-21,49,-21,43,-20,44,-19,41,-19,38,-27,38,-24,34,-28,34,-25,32,-28,30,-29,34,-34,33,-32,31,-34,30,-30,30,-38,28,-37,27,-35,28,-42,27,-43,30,-42,28,-42,27,-43,27,-45,31,-41,29,-44,31,-43,29,-42,27,-43,32,-39,32,-39,28,-39,33,-35,26,-38,29,-39,30,-35,26,-38,27,-36,27,-35,28,-30,25,-32,28,-26,27,-33,27,-29,29,-31,28,-26,30,-24,31,-23,31,-24,31,-16,26,-23,33,-23,36,-19,31,-10,35,-7,0,0,0,0,0,0,0,0,0,0,0,0,0,0,0,0,0,0,0,0,0,0,16,77,12,81,6,78,-5,75,-8,76,-7,75,-14,70,-19,64,-19,64,-19,61,-24,56,-25,60,-20,53,-26,54,-21,49,-19,45,-19,46,-18,38,-12,43,-11,37,-8,32,-6,40,-7,39,5,38,2,43,6,43,4,45,12,46,14,54,12,50,12,54,14,53,12,56,18,62,19,61,18,60,16,61,15,57,15,67,14,64,11,63,17,66,12,66,13,64,5,61,21,53,11,59,16,63,9,61,15,61,16,57,15,62,10,58,15,57,17,53,17,54,14,52,0,0]"
CSI_DATA,228,2a:00:00:00:00:00,-49,11,1,0,1,1,1,0,0,0,1,-97,0,11,2,3312664,0,44,0,384,0,"[0,0,0,0,0,0,0,0,0,0,0,0,-6,7,-6,7,-5,7,-5,7,-5,7,-5,7,-5,7,-4,7,-4,7,-3,7,-4,7,-3,8,-3,8,-3,8,-2,8,-3,8,-2,9,-2,9,-2,9,-2,9,-2,9,-3,9,-3,9,-2,9,-3,9,-3,9,0,0,-3,8,-3,8,-3,8,-3,8,-3,7,-3,7,-3,7,-3,7,-3,7,-3,7,-3,7,-3,7,-3,7,-3,7,-3,6,-3,7,-3,6,-4,6,-4,6,-4,6,-4,5,-4,5,-4,5,-5,5,-5,4,-5,3,0,0,0,0,0,0,0,0,0,0,0,0,0,0,17,48,22,49,22,47,26,36,24,44,24,35,23,34,27,39,25,33,33,32,28,32,23,31,31,29,29,26,35,28,39,29,37,28,38,26,35,28,35,29,43,29,37,26,44,24,38,32,36,30,38,33,41,29,39,33,35,34,37,26,37,34,38,35,33,27,31,27,34,31,33,30,32,30,32,24,28,28,31,26,30,23,33,27,22,29,24,23,29,29,28,28,27,25,22,27,25,27,19,24,20,28,16,31,17,33,11,29,13,29,12,34,7,33,0,0,0,0,0,0,0,0,0,0,0,0,0,0,0,0,0,0,0,0,0,0,-66,21,-69,20,-69,6,-79,4,-71,0,-72,-6,-67,-9,-65,-9,-66,-17,-60,-18,-58,-17,-52,-23,-53,-14,-46,-18,-45,-23,-42,-18,-43,-15,-40,-12,-41,-9,-37,-12,-37,-4,-38,-2,-37,4,-38,6,-41,5,-40,12,-42,13,-44,13,-48,15,-51,13,-51,17,-52,16,-53,15,-56,12,-58,17,-62,17,-62,22,-60,18,-59,20,-59,15,-67,20,-65,22,-62,20,-57,20,-58,16,-61,27,-61,20,-58,15,-63,16,-58,13,-59,11,-56,16,-60,16,-53,10,-49,16,-55,20,-48,17,0,0]"
CSI_DATA,229,2a:00:00:00:00:00,-50,11,1,0,1,1,1,0,0,0,1,-97,0,11,2,3322515,0,44,0,384,0,"[0,0,0,0,0,0,0,0,0,0,0,0,-6,7,-6,7,-5,7,-5,7,-5,7,-5,7,-4,7,-5,8,-5,7,-3,7,-4,8,-3,8,-3,8,-3,8,-3,9,-3,9,-3,9,-3,9,-2,9,-3,9,-3,9,-3,9,-3,8,-2,8,-3,9,-4,8,0,0,-3,8,-3,8,-3,8,-3,7,-3,7,-3,7,-2,7,-3,7,-4,7,-3,6,-3,7,-3,7,-3,6,-2,6,-3,6,-3,6,-3,6,-3,6,-4,6,-4,5,-4,5,-4,5,-3,4,-4,4,-5,4,-5,3,0,0,0,0,0,0,0,0,0,0,0,0,0,0,-39,29,-40,28,-34,32,-34,31,-33,34,-31,36,-27,38,-36,31,-31,42,-31,37,-24,32,-20,37,-25,40,-23,36,-23,39,-23,43,-24,46,-19,47,-19,44,-16,41,-20,45,-22,46,-17,48,-20,46,-23,47,-21,47,-19,44,-21,47,-24,44,-25,43,-28,38,-23,39,-20,38,-18,44,-20,31,-22,42,-20,37,-22,39,-20,37,-19,31,-18,35,-21,35,-17,36,-19,29,-21,31,-19,36,-20,28,-19,33,-19,26,-23,26,-25,27,-21,24,-24,26,-24,19,-28,19,-28,17,-26,15,0,0,0,0,0,0,0,0,0,0,0,0,0,0,0,0,0,0,0,0,0,0,-24,-63,-20,-71,-17,-76,-12,-70,-8,-64,-3,-67,-3,-64,6,-59,9,-59,8,-57,13,-56,10,-54,10,-51,16,-50,8,-45,10,-35,7,-40,6,-39,-2,-35,-2,-38,2,-40,-6,-38,-10,-32,-10,-27,-17,-41,-20,-38,-19,-37,-23,-37,-28,-44,-28,-46,-23,-38,-27,-48,-23,-50,-39,-54,-28,-51,-30,-46,-32,-52,-29,-50,-28,-56,-30,-55,-25,-54,-28,-56,-31,-54,-32,-55,-27,-57,-22,-52,-32,-50,-32,-60,-34,-50,-27,-50,-31,-48,-26,-48,-30,-55,-30,-50,-31,-45,-34,-41,-36,-49,0,0]"
CSI_DATA,230,2a:00:00:00:00:00,-49,11,1,0,1,1,1,0,0,0,1,-97,0,11,2,3362502,0,44,0,384,0,"[0,0,0,0,0,0,0,0,0,0,0,0,-8,2,-8,2,-7,2,-8,3,-8,3,-8,4,-7,4,-7,4,-8,4,-7,4,-8,5,-8,6,-7,5,-8,6,-7,5,-7,6,-8,7,-8,7,-8,6,-8,6,-8,6,-8,6,-8,6,-7,6,-8,6,-9,6,0,0,-9,6,-8,5,-8,5,-8,5,-7,4,-7,5,-7,5,-7,4,-8,5,-7,5,-7,4,-7,4,-7,4,-6,4,-6,4,-7,4,-7,4,-7,4,-7,3,-7,2,-7,3,-7,2,-6,1,-6,1,-7,1,-7,0,0,0,0,0,0,0,0,0,0,0,0,0,0,0,-36,-2,-41,7,-39,7,-47,7,-42,12,-41,13,-40,12,-39,16,-38,18,-35,16,-39,21,-41,22,-46,25,-42,23,-34,24,-36,27,-36,31,-36,28,-37,34,-41,30,-45,35,-42,31,-40,36,-37,30,-42,28,-45,31,-49,30,-44,33,-45,33,-39,28,-41,29,-43,31,-40,26,-34,32,-38,27,-35,24,-34,28,-40,30,-39,25,-43,28,-36,23,-36,29,-33,21,-36,26,-31,26,-35,19,-36,22,-32,20,-40,20,-32,18,-41,18,-37,13,-32,18,-33,13,-35,4,-37,3,-36,4,0,0,0,0,0,0,0,0,0,0,0,0,0,0,0,0,0,0,0,0,0,0,38,-62,45,-50,44,-50,50,-49,47,-38,53,-39,48,-29,48,-34,52,-31,47,-25,49,-26,45,-23,43,-19,44,-20,40,-16,37,-16,30,-19,28,-16,27,-22,27,-20,20,-27,20,-24,19,-31,17,-34,19,-32,13,-40,16,-35,18,-48,15,-47,13,-49,15,-51,14,-53,19,-52,16,-54,17,-51,20,-53,19,-59,18,-61,21,-58,18,-63,28,-55,20,-56,23,-56,20,-55,24,-54,11,-58,20,-57,22,-56,20,-49,17,-51,13,-52,18,-47,14,-53,12,-41,1,-50,3,-39,1,-50,0,0]"
CSI_DATA,231,2a:00:00:00:00:00,-49,11,1,0,1,1,1,0,0,0,1,-97,0,11,2,3372523,0,44,0,384,0,"[0,0,0,0,0,0,0,0,0,0,0,0,3,6,4,7,4,7,4,7,4,6,4,6,5,6,5,6,5,6,5,5,6,5,6,5,6,6,7,6,8,6,7,5,8,6,7,6,8,6,7,6,7,6,7,6,7,6,8,6,7,6,7,6,0,0,7,7,7,6,7,6,6,5,6,6,7,5,6,6,6,6,5,6,5,5,5,6,6,6,6,5,5,5,4,5,5,6,5,5,4,5,4,6,3,6,3,6,3,6,3,6,3,6,2,5,1,5,0,0,0,0,0,0,0,0,0,0,0,0,0,0,2,37,11,47,5,39,6,40,13,42,10,42,12,36,13,42,16,39,22,42,19,38,25,39,26,38,25,34,28,37,31,34,29,37,32,38,30,37,30,33,36,36,35,35,37,39,38,38,36,37,40,42,37,39,38,38,33,42,35,41,34,32,33,40,26,39,30,37,26,34,31,35,30,34,29,33,28,37,25,33,25,28,30,33,27,33,29,33,26,35,20,33,22,29,26,34,21,30,21,33,16,31,20,33,13,35,10,35,9,33,7,33,6,34,0,0,0,0,0,0,0,0,0,0,0,0,0,0,0,0,0,0,0,0,0,0,-59,-38,-55,-42,-50,-43,-45,-46,-42,-47,-38,-47,-34,-48,-32,-45,-29,-48,-25,-43,-25,-42,-23,-47,-26,-39,-24,-43,-17,-38,-20,-31,-24,-30,-20,-28,-28,-26,-26,-24,-30,-22,-28,-19,-34,-18,-36,-9,-38,-16,-40,-12,-44,-16,-44,-13,-50,-20,-54,-15,-54,-15,-52,-14,-56,-19,-56,-15,-54,-19,-60,-23,-64,-16,-60,-21,-63,-18,-60,-22,-60,-25,-57,-24,-60,-18,-58,-20,-56,-22,-56,-11,-57,-15,-51,-11,-57,-13,-56,-16,-55,-17,-51,-12,-51,-14,-48,-6,-48,-5,-50,-6,-50,-8,0,0]"
CSI_DATA,232,2a:00:00:00:00:00,-49,11,1,0,1,1,1,0,0,0,1,-97,0,11,2,3382895,0,44,0,384,0,"[0,0,0,0,0,0,0,0,0,0,0,0,8,-1,8,-2,7,-1,8,-1,7,-2,8,-2,8,-3,7,-3,7,-3,7,-3,9,-4,8,-4,7,-4,7,-4,8,-4,9,-5,8,-5,8,-5,8,-5,8,-5,9,-4,8,-5,9,-4,8,-5,8,-4,8,-4,0,0,8,-4,8,-4,8,-4,8,-3,7,-3,7,-4,8,-3,8,-3,8,-3,7,-4,8,-3,7,-3,7,-3,7,-2,7,-2,7,-3,7,-1,7,-2,7,-2,6,-1,7,-1,6,-1,6,0,6,0,6,1,5,1,0,0,0,0,0,0,0,0,0,0,0,0,0,0,44,7,38,4,43,4,44,0,49,-1,44,-6,40,-3,45,-4,46,-13,42,-5,43,-4,42,-18,49,-15,42,-19,45,-17,46,-18,46,-21,46,-21,45,-25,47,-20,48,-24,45,-24,45,-33,45,-19,45,-25,53,-22,52,-25,49,-26,45,-24,48,-21,44,-20,52,-19,42,-15,43,-21,51,-19,45,-18,43,-19,50,-21,43,-17,46,-21,42,-20,39,-15,43,-13,38,-19,38,-13,42,-11,37,-6,38,-9,40,-9,38,-4,39,-6,36,-8,37,-4,35,0,30,2,37,6,35,8,0,0,0,0,0,0,0,0,0,0,0,0,0,0,0,0,0,0,0,0,0,0,-36,56,-42,51,-40,44,-44,46,-47,42,-48,39,-46,30,-45,30,-44,25,-40,24,-42,21,-41,25,-34,24,-35,21,-36,21,-35,20,-32,23,-27,20,-25,24,-23,27,-17,25,-21,31,-17,37,-18,39,-17,40,-14,39,-22,41,-17,48,-18,47,-21,51,-21,53,-24,52,-18,55,-22,56,-25,54,-26,60,-23,58,-27,61,-25,57,-27,58,-28,61,-28,55,-27,61,-27,62,-24,53,-33,56,-31,57,-27,54,-29,58,-21,52,-22,50,-22,52,-23,50,-18,49,-14,47,-18,50,-17,48,0,0]"
CSI_DATA,233,2a:00:00:00:00:00,-48,11,1,0,1,1,1,0,0,0,1,-97,0,11,2,3393941,0,44,0,384,0,"[0,0,0,0,0,0,0,0,0,0,0,0,7,-6,6,-6,6,-6,6,-6,5,-6,5,-7,6,-7,6,-7,5,-7,4,-7,5,-7,5,-8,4,-8,4,-8,4,-9,5,-9,4,-9,5,-9,4,-9,4,-10,4,-9,4,-10,5,-8,4,-9,4,-9,4,-9,0,0,5,-9,4,-8,4,-8,4,-8,4,-8,4,-8,3,-8,4,-8,4,-7,4,-8,4,-8,4,-7,4,-7,4,-7,4,-7,5,-7,4,-6,5,-6,4,-6,5,-6,5,-5,4,-5,5,-4,4,-4,5,-3,5,-3,0,0,0,0,0,0,0,0,0,0,0,0,0,0,39,-20,42,-19,38,-25,39,-24,39,-25,35,-24,35,-28,37,-30,33,-31,35,-35,35,-33,33,-33,29,-36,26,-39,29,-35,27,-37,29,-40,27,-44,24,-44,28,-46,28,-45,26,-44,26,-51,24,-51,27,-47,26,-46,26,-45,27,-42,27,-45,31,-43,34,-39,32,-44,31,-43,26,-41,26,-37,26,-38,26,-41,20,-38,26,-40,25,-35,25,-35,28,-32,28,-35,26,-34,26,-29,27,-32,21,-28,28,-30,30,-29,28,-25,29,-26,30,-24,29,-25,25,-21,32,-18,31,-16,30,-11,0,0,0,0,0,0,0,0,0,0,0,0,0,0,0,0,0,0,0,0,0,0,-2,58,-5,58,-8,56,-15,52,-16,52,-22,52,-21,48,-18,44,-18,43,-15,44,-20,38,-21,35,-19,38,-17,36,-16,32,-9,31,-14,32,-9,29,-6,32,-6,35,2,36,4,36,2,39,6,40,3,46,9,44,8,42,7,45,10,47,12,53,7,54,14,57,14,56,17,57,12,60,12,64,14,62,11,61,7,62,9,67,11,64,12,61,9,64,15,65,10,64,14,51,14,57,10,60,14,58,13,59,10,58,10,55,9,53,9,45,11,47,15,52,18,49,0,0]"
CSI_DATA,234,2a:00:00:00:00:00,-48,11,1,0,1,1,1,0,0,0,1,-97,0,11,2,3402514,0,44,0,384,0,"[0,0,0,0,0,0,0,0,0,0,0,0,-9,-4,-9,-3,-9,-4,-9,-3,-9,-4,-9,-3,-9,-2,-9,-2,-9,-2,-9,-2,-10,-1,-9,-1,-10,-2,-10,-1,-9,-1,-10,0,-10,0,-10,0,-10,-1,-11,0,-10,-1,-11,-1,-10,-1,-10,-1,-11,-1,-10,-1,0,0,-10,-1,-10,-1,-10,-1,-10,-1,-9,-1,-9,-2,-9,-2,-9,-2,-9,-1,-9,-1,-8,-1,-8,-2,-8,-2,-8,-2,-8,-2,-8,-2,-8,-3,-7,-2,-7,-3,-6,-3,-7,-3,-7,-4,-6,-4,-6,-4,-6,-4,-5,-4,0,0,0,0,0,0,0,0,0,0,0,0,0,0,-47,-19,-46,-19,-46,-23,-48,-18,-47,-16,-47,-11,-46,-15,-47,-11,-41,-8,-48,-12,-49,-3,-51,-5,-50,-5,-46,-1,-49,-1,-51,-4,-51,-1,-49,1,-52,-1,-50,1,-56,3,-53,8,-53,3,-54,9,-54,2,-60,2,-61,4,-53,-4,-48,-3,-57,0,-54,0,-56,-2,-51,-6,-52,-2,-48,-1,-50,-2,-48,-3,-51,-7,-44,0,-46,-2,-44,-3,-45,-6,-39,-6,-42,-11,-42,-5,-41,-6,-31,-4,-37,-11,-44,-12,-36,-14,-41,-8,-35,-15,-36,-14,-29,-20,-28,-22,-28,-20,-30,-16,0,0,0,0,0,0,0,0,0,0,0,0,0,0,0,0,0,0,0,0,0,0,39,-42,44,-39,43,-34,43,-33,44,-30,43,-24,41,-21,41,-25,41,-19,39,-20,35,-19,40,-16,34,-18,35,-15,30,-20,30,-16,29,-16,25,-19,25,-21,21,-27,20,-29,21,-29,21,-32,19,-32,23,-34,28,-45,29,-42,25,-46,25,-45,32,-48,30,-51,31,-56,35,-54,27,-56,34,-57,34,-57,35,-52,38,-57,36,-53,41,-57,36,-56,39,-54,41,-50,38,-53,35,-59,35,-60,38,-54,33,-53,36,-53,35,-49,37,-46,35,-50,34,-53,29,-50,34,-51,30,-49,26,-49,0,0]"
CSI_DATA,235,2a:00:00:00:00:00,-47,11,1,0,1,1,1,0,0,0,1,-97,0,11,2,3412507,0,44,0,384,0,"[0,0,0,0,0,0,0,0,0,0,0,0,-7,7,-7,7,-5,7,-6,7,-6,7,-6,7,-6,7,-5,7,-5,7,-4,7,-5,8,-5,8,-4,8,-4,8,-4,8,-4,8,-4,9,-4,8,-3,9,-3,9,-4,9,-4,9,-4,9,-4,9,-4,9,-5,8,0,0,-4,8,-4,8,-4,8,-4,7,-4,8,-4,8,-4,7,-4,7,-5,7,-4,7,-5,7,-4,7,-4,6,-4,6,-5,6,-4,6,-4,5,-5,6,-4,5,-5,5,-5,4,-4,4,-5,4,-5,3,-6,3,-6,2,0,0,0,0,0,0,0,0,0,0,0,0,0,0,-39,42,-41,43,-30,37,-34,40,-35,44,-32,43,-33,46,-26,42,-25,44,-25,44,-27,36,-22,48,-23,43,-20,44,-19,47,-16,49,-19,53,-18,52,-15,51,-15,49,-16,54,-18,50,-11,48,-17,53,-18,53,-21,56,-20,52,-16,53,-19,56,-14,53,-24,51,-21,47,-19,52,-18,50,-17,48,-20,42,-18,45,-22,44,-20,43,-19,42,-20,42,-24,35,-24,36,-19,36,-21,38,-23,33,-20,36,-21,37,-24,32,-23,29,-23,29,-28,25,-25,28,-24,24,-28,22,-28,15,-27,11,0,0,0,0,0,0,0,0,0,0,0,0,0,0,0,0,0,0,0,0,0,0,-30,-54,-23,-50,-19,-52,-17,-49,-11,-52,-13,-46,-7,-48,-3,-47,-6,-43,-4,-44,-7,-41,-4,-43,-8,-34,-8,-38,-10,-39,-10,-33,-11,-35,-16,-30,-16,-28,-24,-33,-22,-29,-25,-32,-27,-35,-25,-29,-31,-33,-37,-35,-34,-38,-33,-35,-40,-42,-35,-43,-39,-44,-38,-44,-39,-45,-44,-49,-42,-46,-45,-50,-47,-52,-37,-50,-42,-53,-45,-53,-41,-51,-45,-53,-40,-51,-41,-53,-40,-48,-46,-49,-44,-53,-40,-52,-42,-59,-39,-51,-36,-50,-41,-50,-38,-44,-39,-47,-40,-46,-41,-39,-44,-47,0,0]"
CSI_DATA,236,2a:00:00:00:00:00,-47,11,1,0,1,1,1,0,0,0,1,-97,0,11,2,3423823,0,44,0,384,0,"[0,0,0,0,0,0,0,0,0,0,0,0,-10,-5,-10,-4,-10,-4,-10,-4,-10,-4,-10,-3,-10,-4,-10,-3,-10,-3,-9,-3,-10,-2,-10,-2,-10,-2,-10,-2,-10,-2,-11,-1,-11,-1,-11,-1,-11,-1,-10,-2,-10,-2,-11,-2,-11,-2,-10,-2,-10,-2,-11,-2,0,0,-10,-3,-10,-3,-10,-3,-10,-2,-9,-3,-9,-3,-9,-3,-8,-3,-8,-3,-8,-3,-8,-3,-8,-3,-8,-3,-8,-3,-7,-3,-7,-3,-8,-4,-6,-3,-7,-3,-7,-4,-6,-4,-6,-4,-6,-5,-5,-5,-5,-5,-4,-5,0,0,0,0,0,0,0,0,0,0,0,0,0,0,-53,-15,-54,-18,-52,-14,-57,-17,-54,-11,-55,-13,-59,-14,-52,-9,-54,-10,-53,-9,-58,-4,-53,-7,-55,0,-54,-3,-58,-1,-54,1,-50,2,-52,2,-52,6,-60,3,-62,9,-55,4,-55,5,-58,5,-53,2,-53,7,-60,9,-55,2,-55,3,-61,4,-54,3,-56,7,-52,1,-51,0,-50,4,-54,4,-51,1,-46,3,-49,3,-40,-2,-47,-3,-48,-1,-44,-2,-42,-2,-42,-1,-42,0,-42,-6,-41,-9,-41,-5,-40,-7,-41,-7,-37,-9,-35,-11,-33,-15,-32,-11,-33,-12,-27,-20,0,0,0,0,0,0,0,0,0,0,0,0,0,0,0,0,0,0,0,0,0,0,37,-40,38,-33,43,-27,44,-26,44,-21,41,-26,42,-21,39,-21,32,-18,37,-15,36,-13,36,-18,31,-17,29,-17,27,-17,26,-18,25,-21,25,-22,22,-26,18,-26,21,-28,20,-31,19,-34,19,-38,19,-39,21,-37,24,-43,22,-45,24,-51,29,-47,22,-47,27,-50,29,-50,28,-57,29,-53,30,-57,33,-55,32,-56,29,-54,30,-54,34,-54,32,-62,31,-57,31,-56,33,-56,22,-61,27,-55,31,-58,27,-53,28,-58,25,-57,27,-59,26,-58,22,-58,19,-56,23,-51,22,-55,0,0]"
CSI_DATA,237,2a:00:00:00:00:00,-47,11,1,0,1,1,1,0,0,0,1,-97,0,11,2,3432645,0,44,0,384,0,"[0,0,0,0,0,0,0,0,0,0,0,0,-11,-3,-11,-2,-11,-2,-11,-3,-11,-2,-10,-1,-11,-1,-11,0,-11,0,-11,-1,-11,0,-11,0,-10,0,-10,0,-10,0,-11,1,-11,1,-11,1,-10,1,-11,1,-11,1,-11,1,-12,1,-11,1,-11,0,-11,1,0,0,-11,1,-11,0,-10,0,-10,1,-9,0,-10,0,-9,0,-10,1,-9,0,-9,0,-9,0,-9,-1,-9,-1,-8,-1,-8,-1,-8,0,-8,-1,-8,-1,-8,-1,-7,-1,-7,-1,-7,-2,-7,-2,-6,-3,-7,-3,-6,-3,0,0,0,0,0,0,0,0,0,0,0,0,0,0,-50,-18,-56,-17,-54,-8,-58,-14,-59,-6,-58,-6,-59,-8,-59,-6,-54,-8,-53,-5,-56,-4,-56,-1,-52,-2,-50,0,-51,-3,-54,8,-52,7,-53,6,-51,8,-50,10,-55,11,-56,13,-54,15,-53,13,-55,7,-58,11,-55,13,-57,9,-57,6,-56,8,-57,13,-56,12,-50,9,-51,12,-54,11,-49,3,-44,10,-49,6,-44,5,-50,5,-48,9,-46,10,-47,5,-45,5,-44,4,-42,6,-42,3,-43,3,-41,0,-42,-2,-39,-2,-37,-2,-37,-7,-33,-9,-33,-7,-35,-9,-33,-12,0,0,0,0,0,0,0,0,0,0,0,0,0,0,0,0,0,0,0,0,0,0,46,-33,47,-27,45,-28,45,-21,43,-15,43,-14,42,-13,41,-13,38,-13,37,-11,38,-12,35,-11,35,-12,33,-12,32,-13,27,-11,30,-13,21,-18,25,-19,23,-21,17,-25,23,-29,22,-26,21,-29,20,-33,19,-32,21,-37,26,-41,21,-42,24,-41,21,-43,24,-45,26,-49,26,-44,26,-53,30,-50,27,-52,26,-53,28,-57,28,-59,26,-54,23,-53,26,-52,24,-61,24,-60,35,-48,41,-46,28,-56,23,-56,22,-53,23,-53,19,-60,23,-58,23,-54,19,-57,16,-53,16,-58,0,0]"
CSI_DATA,238,2a:00:00:00:00:00,-47,11,1,0,1,1,1,0,0,0,1,-97,0,11,2,3443417,0,44,0,384,0,"[0,0,0,0,0,0,0,0,0,0,0,0,1,9,1,10,1,10,1,11,2,10,1,9,2,10,1,9,2,9,3,9,3,9,3,9,3,9,4,9,4,9,4,9,4,9,4,9,5,9,5,9,4,9,4,10,4,9,4,9,4,9,4,9,0,0,4,9,4,9,4,9,3,9,4,8,3,8,3,8,3,8,3,8,3,8,3,8,3,7,3,7,3,7,2,7,2,7,3,7,2,7,1,7,1,7,1,7,1,7,1,7,0,7,-1,6,-2,6,0,0,0,0,0,0,0,0,0,0,0,0,0,0,0,63,-1,59,3,61,8,60,8,61,8,56,11,62,10,60,11,60,11,55,13,53,19,56,17,55,19,58,16,54,25,55,18,53,23,56,21,57,24,53,26,50,28,53,29,51,28,54,25,54,30,58,28,54,31,53,25,56,21,53,23,54,25,56,25,54,25,51,27,50,21,50,26,50,15,44,18,47,21,47,16,42,17,46,19,46,22,48,15,43,15,46,16,40,17,46,7,39,13,40,9,39,9,40,3,45,5,40,2,41,-1,37,-3,36,0,0,0,0,0,0,0,0,0,0,0,0,0,0,0,0,0,0,0,0,0,0,-41,-48,-34,-48,-37,-50,-26,-54,-25,-53,-17,-50,-16,-49,-20,-47,-12,-51,-14,-48,-10,-45,-9,-44,-9,-40,-8,-40,-12,-34,-8,-35,-10,-28,-8,-33,-10,-22,-14,-21,-14,-23,-20,-19,-22,-14,-24,-16,-25,-15,-27,-13,-34,-16,-35,-14,-36,-16,-39,-15,-35,-14,-46,-17,-49,-16,-52,-17,-51,-16,-47,-18,-53,-16,-52,-9,-56,-18,-55,-14,-53,-16,-58,-16,-52,-15,-55,-12,-52,-12,-50,-14,-56,-11,-57,-14,-61,-12,-64,-10,-54,-7,-59,-9,-61,-4,-61,-3,-60,-1,-63,-4,-64,4,0,0]"
CSI_DATA,239,2a:00:00:00:00:00,-47,11,1,0,1,1,1,0,0,0,1,-97,0,11,2,3452514,0,44,0,384,0,"[0,0,0,0,0,0,0,0,0,0,0,0,-11,2,-10,2,-10,2,-11,2,-10,3,-10,3,-11,3,-10,3,-10,3,-10,3,-11,4,-11,4,-10,4,-10,5,-10,4,-10,5,-9,6,-10,6,-10,5,-10,6,-10,5,-10,6,-10,5,-10,6,-10,6,-10,5,0,0,-10,5,-10,5,-10,5,-9,5,-10,4,-10,4,-9,5,-9,4,-9,4,-9,4,-9,4,-9,4,-9,3,-9,4,-9,4,-8,3,-8,3,-8,3,-9,3,-9,3,-8,3,-8,1,-8,1,-8,0,-8,0,-8,0,0,0,0,0,0,0,0,0,0,0,0,0,0,0,-52,21,-53,22,-51,24,-54,26,-54,23,-54,27,-56,29,-47,30,-47,30,-47,31,-50,31,-50,29,-49,31,-47,32,-50,40,-42,39,-46,39,-45,42,-40,41,-44,44,-48,38,-48,43,-42,41,-42,45,-51,45,-49,44,-48,47,-43,47,-45,47,-45,46,-46,40,-41,45,-43,46,-43,44,-44,41,-41,38,-44,38,-43,42,-40,35,-43,38,-44,40,-40,39,-35,34,-36,33,-38,32,-43,38,-43,34,-40,33,-40,29,-42,28,-43,26,-43,22,-45,20,-41,21,-42,18,-41,17,-42,12,0,0,0,0,0,0,0,0,0,0,0,0,0,0,0,0,0,0,0,0,0,0,51,-52,54,-46,60,-44,60,-35,60,-28,59,-24,63,-17,63,-19,58,-12,63,-15,55,-9,51,-10,48,-8,44,-6,41,-3,47,1,39,-4,33,-1,28,-5,30,-4,21,-7,24,-8,13,-10,19,-10,12,-13,12,-17,12,-20,8,-20,8,-27,11,-28,6,-29,6,-34,7,-29,7,-37,4,-43,7,-42,7,-39,3,-45,3,-39,2,-42,0,-39,1,-43,3,-45,-1,-48,-3,-41,-4,-52,0,-52,-6,-47,-7,-44,-10,-49,-10,-47,-16,-49,-7,-48,-15,-56,-23,-48,-23,-51,-18,-53,0,0]"
CSI_DATA,240,2a:00:00:00:00:00,-50,11,1,0,1,1,1,0,0,0,1,-97,0,11,2,3472710,0,44,0,384,0,"[0,0,0,0,0,0,0,0,0,0,0,0,-9,0,-9,0,-9,0,-9,0,-8,0,-10,0,-9,1,-9,0,-9,0,-8,0,-9,0,-9,1,-9,1,-10,1,-9,2,-10,2,-10,2,-10,2,-11,2,-10,2,-10,2,-10,2,-10,2,-10,3,-11,2,-10,2,0,0,-11,2,-10,2,-10,2,-9,2,-9,1,-10,1,-10,1,-9,1,-9,1,-8,2,-9,1,-9,1,-9,1,-8,1,-8,1,-8,1,-8,0,-8,1,-8,1,-8,1,-8,0,-8,0,-8,-1,-8,-2,-8,-1,-7,-2,0,0,0,0,0,0,0,0,0,0,0,0,0,0,-16,-1,-19,-2,-18,0,-21,-1,-21,-1,-21,2,-23,0,-19,1,-22,0,-21,-2,-23,2,-21,1,-23,0,-23,0,-23,3,-22,2,-23,-2,-20,2,-22,2,-25,3,-24,4,-25,2,-22,5,-26,4,-23,3,-26,3,-26,4,-25,5,-25,4,-26,5,-27,6,-27,1,-26,4,-23,3,-23,3,-23,1,-25,3,-21,1,-23,2,-22,1,-23,1,-23,3,-20,2,-18,0,-21,-1,-20,3,-20,1,-20,0,-22,-2,-20,-2,-19,-1,-18,-3,-18,-3,-18,-3,-18,-5,-20,-6,-16,-6,0,0,0,0,0,0,0,0,0,0,0,0,0,0,0,0,0,0,0,0,0,0,43,6,40,9,41,13,40,15,40,19,40,18,35,25,35,26,33,26,28,29,29,30,29,28,29,29,23,30,22,30,19,31,19,30,15,30,12,29,12,28,10,25,9,26,5,23,7,19,7,17,6,19,4,17,3,13,7,15,6,13,7,7,4,11,8,6,7,9,7,5,6,6,8,5,8,3,7,5,9,2,6,2,8,2,8,1,5,0,9,-1,12,-1,7,-2,4,-4,3,-5,4,-4,4,-8,2,-7,5,-8,1,-8,1,-11,0,-13,-1,-13,0,0]"
CSI_DATA,241,2a:00:00:00:00:00,-49,11,1,0,1,1,1,0,0,0,1,-97,0,11,2,3483689,0,44,0,384,0,"[0,0,0,0,0,0,0,0,0,0,0,0,-8,-4,-8,-5,-8,-4,-8,-5,-9,-5,-9,-5,-8,-5,-9,-5,-9,-4,-9,-4,-10,-4,-10,-4,-9,-4,-10,-4,-10,-3,-10,-3,-10,-2,-10,-3,-10,-2,-10,-4,-11,-3,-11,-2,-10,-3,-11,-2,-11,-3,-11,-3,0,0,-11,-3,-10,-2,-11,-3,-10,-3,-10,-3,-10,-2,-10,-3,-10,-3,-9,-3,-9,-3,-9,-3,-9,-2,-9,-3,-9,-3,-8,-2,-7,-3,-9,-3,-7,-3,-7,-3,-7,-3,-7,-3,-8,-4,-7,-3,-7,-4,-6,-4,-5,-5,0,0,0,0,0,0,0,0,0,0,0,0,0,0,-12,-12,-13,-13,-15,-11,-12,-14,-15,-16,-15,-15,-16,-18,-14,-17,-16,-16,-17,-15,-18,-15,-16,-16,-18,-15,-19,-17,-18,-16,-19,-12,-18,-14,-19,-14,-21,-15,-21,-12,-22,-11,-22,-13,-23,-13,-22,-12,-21,-12,-23,-12,-21,-12,-24,-13,-22,-15,-23,-15,-22,-14,-24,-16,-21,-12,-23,-15,-20,-13,-22,-15,-21,-15,-21,-14,-20,-13,-19,-11,-17,-10,-16,-12,-19,-13,-18,-13,-18,-12,-19,-10,-16,-10,-17,-11,-16,-10,-15,-12,-17,-12,-13,-11,-14,-12,-13,-14,-13,-14,-10,-12,-10,-12,0,0,0,0,0,0,0,0,0,0,0,0,0,0,0,0,0,0,0,0,0,0,24,31,23,33,21,35,19,39,14,38,12,42,9,38,7,40,5,41,4,39,3,40,-1,42,-3,41,-1,42,-4,38,-5,36,-8,37,-8,34,-7,33,-9,30,-10,26,-10,27,-9,25,-9,22,-8,22,-7,20,-5,18,-5,15,-3,14,-2,16,-2,13,0,13,2,14,0,12,2,12,6,12,4,8,3,9,5,10,4,8,4,7,7,8,4,6,3,4,5,5,4,7,5,3,6,2,6,0,7,0,7,-1,7,-4,11,-5,8,-5,12,-8,9,-8,11,-10,0,0]"
CSI_DATA,242,2a:00:00:00:00:00,-47,11,1,0,1,1,1,0,0,0,1,-97,0,11,2,3492652,0,44,0,384,0,"[0,0,0,0,0,0,0,0,0,0,0,0,3,10,3,10,4,10,3,9,3,10,3,9,4,10,3,10,3,10,4,10,4,9,4,9,5,9,5,10,5,9,5,10,5,9,5,9,6,8,6,9,6,9,6,9,6,9,7,9,6,9,6,9,0,0,6,10,6,9,6,9,5,9,5,8,5,8,5,8,5,8,4,9,5,9,4,8,4,7,4,7,4,7,3,8,3,7,4,7,2,7,3,7,2,7,2,7,2,7,2,7,2,6,1,6,0,6,0,0,0,0,0,0,0,0,0,0,0,0,0,0,12,21,12,22,12,23,13,21,13,22,13,23,15,23,15,25,15,25,14,23,17,21,14,21,17,20,17,21,14,25,14,23,16,24,16,19,18,20,18,22,19,20,19,21,20,18,22,20,22,21,23,18,22,20,20,20,21,20,18,21,19,19,21,18,20,20,21,20,19,17,20,17,21,17,20,17,21,16,16,16,18,16,16,18,17,19,14,17,17,17,15,15,14,15,14,16,13,15,12,14,13,15,11,14,12,15,9,13,9,15,6,15,5,13,0,0,0,0,0,0,0,0,0,0,0,0,0,0,0,0,0,0,0,0,0,0,-18,-34,-16,-35,-13,-37,-13,-38,-7,-38,-6,-39,-7,-35,-5,-39,-4,-40,-1,-38,4,-38,4,-36,4,-37,5,-36,3,-34,5,-32,6,-32,8,-27,6,-28,7,-30,4,-26,5,-26,5,-22,4,-21,4,-20,3,-20,2,-18,1,-16,-1,-15,-1,-15,-2,-14,-5,-14,-6,-13,-7,-14,-8,-12,-9,-13,-6,-11,-8,-11,-11,-12,-10,-12,-10,-10,-10,-10,-10,-8,-13,-7,-11,-6,-12,0,-14,-3,-11,-4,-16,-1,-16,-2,-14,1,-13,1,-15,3,-15,6,-18,5,-20,8,-18,8,0,0]"
CSI_DATA,243,2a:00:00:00:00:00,-45,11,1,0,1,1,1,0,0,0,1,-97,0,11,2,3502499,0,44,0,384,0,"[0,0,0,0,0,0,0,0,0,0,0,0,-10,6,-10,6,-9,7,-10,7,-9,7,-10,6,-9,7,-10,7,-10,7,-9,7,-10,7,-9,7,-9,7,-8,7,-8,7,-8,8,-8,8,-8,8,-7,8,-7,8,-8,8,-7,8,-8,8,-7,8,-7,8,-7,8,0,0,-7,8,-7,7,-7,7,-7,7,-7,7,-6,7,-7,7,-7,7,-7,7,-7,6,-7,6,-7,6,-7,5,-7,5,-7,5,-6,5,-6,4,-6,5,-6,4,-6,4,-7,4,-6,3,-6,3,-6,2,-6,2,-6,2,0,0,0,0,0,0,0,0,0,0,0,0,0,0,-52,40,-53,34,-55,37,-57,38,-58,37,-48,39,-49,41,-56,39,-53,41,-54,37,-49,31,-52,37,-50,37,-51,37,-52,38,-49,39,-43,39,-44,40,-43,41,-42,43,-44,48,-46,45,-39,45,-40,38,-43,41,-39,41,-43,43,-39,45,-40,43,-42,48,-42,44,-41,43,-38,43,-40,41,-40,43,-38,36,-36,38,-36,37,-41,37,-38,31,-38,33,-38,35,-36,30,-38,33,-35,30,-42,30,-37,31,-33,26,-36,24,-39,21,-39,23,-36,19,-32,17,-31,17,-30,14,-36,13,-32,9,0,0,0,0,0,0,0,0,0,0,0,0,0,0,0,0,0,0,0,0,0,0,18,-61,27,-60,25,-56,33,-54,33,-50,40,-50,39,-45,36,-43,44,-43,44,-42,46,-41,44,-39,43,-37,46,-36,47,-31,44,-29,39,-33,40,-29,40,-31,33,-25,37,-21,33,-23,30,-25,23,-26,21,-27,24,-29,21,-26,19,-30,15,-28,14,-33,16,-34,13,-32,9,-32,8,-36,7,-34,12,-34,10,-37,6,-37,4,-38,-5,-37,0,-39,0,-42,-4,-42,-9,-36,-9,-42,-7,-42,-12,-44,-12,-40,-17,-38,-20,-41,-21,-37,-27,-37,-19,-42,-26,-45,-37,-38,-32,-45,-32,-43,0,0]"
CSI_DATA,244,2a:00:00:00:00:00,-44,11,1,0,1,1,1,0,0,0,1,-97,0,11,2,3512669,0,44,0,384,0,"[0,0,0,0,0,0,0,0,0,0,0,0,-5,-13,-5,-12,-5,-12,-4,-13,-5,-12,-5,-12,-5,-12,-5,-11,-5,-11,-5,-12,-5,-11,-5,-11,-5,-11,-5,-10,-5,-10,-6,-10,-6,-10,-6,-10,-6,-9,-6,-9,-6,-9,-6,-10,-6,-9,-7,-9,-7,-9,-6,-9,0,0,-6,-9,-6,-9,-6,-9,-6,-9,-6,-9,-6,-9,-6,-9,-5,-8,-5,-8,-5,-8,-5,-8,-5,-8,-5,-8,-4,-8,-4,-8,-3,-8,-4,-8,-3,-7,-3,-7,-2,-7,-2,-7,-2,-7,-2,-7,-2,-6,-1,-6,-1,-6,0,0,0,0,0,0,0,0,0,0,0,0,0,0,-27,-68,-25,-69,-24,-70,-35,-63,-31,-65,-25,-64,-29,-64,-25,-70,-24,-67,-26,-62,-31,-64,-26,-59,-31,-59,-29,-60,-25,-55,-27,-55,-32,-56,-28,-58,-30,-51,-34,-50,-35,-50,-35,-51,-37,-52,-37,-43,-35,-48,-36,-48,-36,-48,-38,-52,-39,-50,-36,-44,-36,-44,-36,-44,-37,-46,-40,-44,-36,-41,-35,-46,-37,-42,-32,-45,-36,-40,-33,-42,-28,-43,-25,-42,-32,-43,-27,-39,-25,-37,-26,-37,-24,-39,-25,-34,-15,-36,-22,-35,-17,-38,-18,-35,-17,-35,-16,-38,-12,-34,-9,-34,-4,-32,0,0,0,0,0,0,0,0,0,0,0,0,0,0,0,0,0,0,0,0,0,0,48,22,41,23,48,29,44,33,41,35,40,37,35,35,36,37,34,33,34,36,33,41,30,37,32,37,28,37,28,34,27,36,28,34,27,32,28,29,29,28,26,25,30,27,27,24,27,22,32,19,28,18,28,15,31,15,34,17,38,14,37,9,40,11,45,13,40,12,48,8,39,7,40,4,46,3,44,2,45,0,46,0,45,-5,50,1,51,-3,46,-8,46,-9,49,-9,52,-16,51,-15,56,-16,57,-17,57,-19,52,-20,57,-23,58,-21,63,-24,64,-29,0,0]"
CSI_DATA,245,2a:00:00:00:00:00,-43,11,1,0,1,1,1,0,0,0,1,-97,0,11,2,3522524,0,44,0,384,0,"[0,0,0,0,0,0,0,0,0,0,0,0,10,-9,10,-9,10,-9,10,-9,9,-8,10,-9,10,-8,9,-8,9,-9,8,-8,9,-8,8,-8,8,-9,8,-8,8,-9,7,-9,7,-9,7,-8,7,-9,7,-9,7,-9,6,-9,6,-9,6,-9,6,-9,7,-9,0,0,6,-9,6,-8,6,-9,6,-8,5,-8,6,-8,6,-8,6,-8,6,-7,6,-7,6,-7,6,-7,6,-6,6,-6,6,-6,6,-6,5,-5,6,-5,6,-5,6,-4,6,-4,6,-4,5,-3,5,-3,5,-3,5,-2,0,0,0,0,0,0,0,0,0,0,0,0,0,0,63,-41,63,-37,59,-41,61,-34,62,-36,61,-32,59,-38,59,-37,55,-33,53,-35,52,-30,56,-31,56,-34,50,-35,52,-32,49,-37,47,-38,49,-39,45,-38,46,-33,42,-37,43,-38,39,-39,41,-36,44,-37,44,-39,41,-39,44,-37,44,-40,40,-41,39,-39,42,-38,38,-36,37,-37,41,-37,40,-33,40,-34,39,-31,36,-29,41,-29,39,-32,35,-27,39,-30,37,-26,37,-27,38,-22,39,-22,33,-20,35,-18,33,-19,32,-14,34,-13,30,-13,34,-14,34,-13,33,-6,31,-4,0,0,0,0,0,0,0,0,0,0,0,0,0,0,0,0,0,0,0,0,0,0,3,46,-3,43,1,42,-5,41,-6,40,-7,41,-10,38,-14,41,-13,40,-12,40,-13,35,-14,38,-10,37,-12,40,-15,35,-14,34,-10,36,-12,33,-9,32,-4,32,-7,34,-4,37,-5,32,-3,34,5,32,1,38,5,36,4,37,5,41,10,44,4,38,7,41,11,43,9,43,9,42,13,44,14,42,14,46,18,42,23,47,21,46,20,50,23,50,26,49,22,50,30,54,27,47,29,50,32,52,31,53,32,53,35,55,31,54,30,55,38,58,36,61,42,57,0,0]"
CSI_DATA,246,2a:00:00:00:00:00,-42,11,1,0,1,1,1,0,0,0,1,-97,0,11,2,3532515,0,44,0,384,0,"[0,0,0,0,0,0,0,0,0,0,0,0,-8,-10,-8,-10,-8,-11,-8,-10,-8,-10,-8,-10,-8,-9,-8,-9,-8,-9,-8,-9,-8,-9,-8,-9,-8,-9,-8,-8,-8,-8,-8,-7,-8,-7,-8,-7,-9,-7,-9,-7,-9,-7,-9,-7,-8,-7,-9,-7,-8,-7,-9,-7,0,0,-9,-6,-8,-7,-9,-7,-8,-6,-8,-7,-8,-6,-8,-7,-8,-6,-7,-7,-7,-6,-7,-6,-7,-7,-7,-7,-6,-6,-6,-6,-6,-6,-6,-6,-5,-6,-5,-6,-4,-6,-4,-6,-4,-6,-4,-6,-3,-6,-3,-6,-3,-6,0,0,0,0,0,0,0,0,0,0,0,0,0,0,-34,-66,-32,-61,-37,-63,-29,-65,-37,-59,-32,-59,-33,-58,-33,-64,-34,-57,-31,-54,-36,-56,-37,-54,-35,-54,-33,-55,-37,-51,-38,-51,-38,-51,-39,-46,-37,-48,-39,-45,-42,-45,-37,-44,-42,-45,-41,-46,-41,-44,-41,-44,-40,-39,-44,-40,-40,-40,-43,-37,-41,-40,-41,-41,-36,-39,-42,-43,-40,-39,-41,-43,-36,-38,-38,-38,-39,-44,-34,-42,-31,-31,-30,-37,-32,-37,-30,-35,-29,-39,-26,-35,-28,-37,-26,-37,-21,-34,-22,-36,-17,-32,-17,-36,-16,-34,-13,-32,-14,-32,-10,-31,-9,-31,0,0,0,0,0,0,0,0,0,0,0,0,0,0,0,0,0,0,0,0,0,0,37,5,38,12,39,9,39,14,38,12,37,14,35,16,36,11,33,16,36,19,32,19,31,16,31,14,34,15,30,16,30,13,33,15,31,13,31,10,32,9,34,6,35,5,33,4,36,3,40,4,42,0,42,-2,40,-1,42,-2,45,-3,42,-4,48,-6,48,-4,49,-5,50,-5,50,-8,48,-13,51,-15,50,-9,47,-13,53,-14,52,-17,57,-15,57,-16,53,-22,51,-24,52,-23,53,-24,60,-25,57,-21,57,-25,57,-31,56,-28,56,-32,63,-31,63,-31,63,-31,0,0]"
CSI_DATA,247,2a:00:00:00:00:00,-42,11,1,0,1,1,1,0,0,0,1,-97,0,11,2,3542508,0,44,0,384,0,"[0,0,0,0,0,0,0,0,0,0,0,0,-12,6,-11,6,-12,6,-11,6,-11,6,-11,6,-11,6,-11,6,-11,6,-10,7,-10,6,-10,7,-9,7,-10,7,-9,6,-10,7,-9,7,-9,7,-8,7,-9,7,-9,7,-9,7,-9,8,-8,8,-8,7,-9,7,0,0,-8,7,-8,8,-8,7,-8,7,-8,6,-8,7,-8,6,-8,6,-8,6,-8,6,-8,5,-8,5,-8,4,-7,4,-8,4,-8,3,-8,4,-8,3,-8,3,-7,2,-7,2,-7,2,-7,2,-7,1,-7,1,-6,0,0,0,0,0,0,0,0,0,0,0,0,0,0,0,-58,32,-59,32,-63,38,-58,33,-60,31,-62,34,-55,35,-60,33,-54,30,-57,39,-52,34,-53,36,-52,40,-50,37,-51,30,-56,30,-51,37,-50,37,-49,38,-49,38,-50,43,-44,37,-44,43,-37,42,-42,40,-42,41,-44,39,-42,39,-49,41,-46,41,-46,41,-47,40,-39,41,-41,44,-43,38,-40,40,-38,39,-41,35,-41,38,-41,36,-39,31,-45,28,-41,27,-40,24,-42,24,-39,24,-41,21,-37,18,-40,19,-37,22,-38,22,-40,14,-36,17,-31,12,-34,5,-36,8,-34,2,0,0,0,0,0,0,0,0,0,0,0,0,0,0,0,0,0,0,0,0,0,0,11,-38,14,-42,14,-38,13,-42,15,-35,17,-38,16,-37,20,-36,19,-36,17,-32,24,-32,22,-30,20,-29,23,-31,16,-30,16,-31,17,-34,14,-31,11,-33,11,-29,10,-29,4,-32,3,-34,6,-37,4,-31,2,-38,4,-41,1,-40,-1,-42,2,-43,-4,-43,-4,-45,-7,-46,-6,-48,-11,-44,-8,-48,-5,-49,-7,-51,-6,-49,-13,-50,-12,-51,-12,-52,-17,-54,-13,-51,-16,-53,-22,-49,-22,-54,-24,-51,-25,-56,-26,-54,-24,-53,-22,-58,-25,-60,-31,-57,-29,-61,-32,-61,-32,-55,0,0]"
CSI_DATA,248,2a:00:00:00:00:00,-43,11,1,0,1,1,1,0,0,0,1,-97,0,11,2,3562510,0,44,0,384,0,"[0,0,0,0,0,0,0,0,0,0,0,0,10,-9,10,-9,9,-9,9,-8,9,-9,10,-9,10,-9,9,-9,9,-9,8,-9,9,-9,9,-9,8,-9,8,-9,8,-9,8,-10,7,-10,8,-10,7,-10,7,-10,7,-9,8,-10,7,-9,7,-10,7,-10,7,-9,0,0,7,-9,7,-9,7,-9,7,-9,7,-9,7,-9,7,-8,7,-8,7,-8,7,-7,7,-7,7,-7,7,-6,7,-6,7,-6,7,-5,6,-5,6,-5,7,-4,6,-4,6,-4,6,-3,6,-3,5,-2,5,-2,5,-1,0,0,0,0,0,0,0,0,0,0,0,0,0,0,62,-27,65,-29,68,-28,65,-29,59,-29,63,-31,63,-37,60,-31,59,-32,60,-31,64,-32,64,-29,62,-34,55,-33,62,-32,54,-39,55,-37,52,-40,55,-38,54,-35,55,-38,52,-37,51,-40,49,-36,54,-34,52,-38,52,-39,48,-41,48,-38,55,-42,46,-38,54,-37,49,-36,48,-39,45,-35,49,-38,50,-32,52,-30,49,-27,48,-24,47,-26,44,-28,46,-26,44,-22,43,-19,41,-18,40,-21,42,-14,41,-12,42,-12,40,-5,36,-9,39,-8,31,-3,32,-4,34,-1,29,-1,0,0,0,0,0,0,0,0,0,0,0,0,0,0,0,0,0,0,0,0,0,0,-33,18,-32,14,-29,13,-29,11,-29,12,-29,8,-29,7,-24,7,-27,5,-23,4,-21,7,-24,8,-15,4,-15,8,-14,6,-13,9,-11,10,-11,8,-4,10,-5,13,2,17,-2,15,0,24,3,26,3,29,6,31,6,36,2,37,3,34,1,38,1,42,3,42,0,42,5,44,1,47,0,44,3,49,6,52,11,48,10,53,7,53,9,50,3,49,15,54,5,62,13,65,-1,47,21,55,18,53,19,52,20,50,22,57,19,58,20,57,25,54,24,62,26,60,0,0]"
CSI_DATA,249,2a:00:00:00:00:00,-44,11,1,0,1,1,1,0,0,0,1,-97,0,11,2,3574359,0,44,0,384,0,"[0,0,0,0,0,0,0,0,0,0,0,0,-10,-9,-11,-9,-10,-9,-10,-10,-10,-9,-10,-9,-10,-8,-11,-8,-10,-8,-10,-8,-10,-8,-11,-7,-11,-8,-10,-8,-11,-8,-10,-7,-11,-7,-11,-6,-11,-7,-11,-7,-10,-7,-11,-7,-10,-6,-11,-7,-10,-7,-11,-6,0,0,-11,-6,-9,-6,-10,-6,-9,-6,-9,-6,-10,-6,-9,-6,-9,-6,-8,-6,-8,-6,-8,-6,-7,-6,-7,-6,-7,-6,-7,-6,-6,-6,-6,-6,-6,-6,-6,-6,-5,-6,-5,-6,-4,-6,-4,-5,-4,-6,-3,-6,-2,-5,0,0,0,0,0,0,0,0,0,0,0,0,0,0,-23,-68,-19,-63,-28,-62,-30,-66,-35,-63,-36,-64,-32,-62,-34,-66,-31,-59,-37,-61,-38,-61,-35,-53,-38,-57,-36,-59,-34,-56,-37,-55,-39,-57,-34,-55,-38,-57,-39,-50,-43,-52,-39,-50,-43,-52,-42,-47,-36,-51,-38,-49,-41,-47,-36,-51,-38,-48,-43,-43,-38,-49,-41,-50,-35,-44,-38,-46,-36,-43,-34,-46,-33,-45,-35,-45,-35,-39,-30,-40,-30,-41,-28,-45,-28,-43,-23,-40,-24,-46,-24,-40,-18,-42,-18,-38,-19,-41,-13,-40,-12,-36,-10,-36,-10,-35,-5,-32,-6,-29,-1,-30,-2,-28,0,0,0,0,0,0,0,0,0,0,0,0,0,0,0,0,0,0,0,0,0,0,8,28,10,26,5,26,3,24,7,21,0,21,3,17,1,17,1,13,4,16,6,10,6,8,5,7,4,4,8,4,11,-2,11,-3,11,-2,14,-4,17,-4,19,-8,26,-11,26,-12,29,-12,34,-7,35,-12,39,-11,43,-12,42,-5,46,-8,44,-12,46,0,51,-7,52,-9,50,-5,54,-7,50,-9,53,-9,52,-5,54,-9,56,-11,55,-13,59,-15,57,-16,60,-16,53,-17,59,-16,60,-25,57,-16,62,-18,62,-20,60,-25,65,-28,58,-25,61,-23,67,-26,65,-28,0,0]"
CSI_DATA,250,2a:00:00:00:00:00,-45,11,1,0,1,1,1,0,0,0,1,-97,0,11,2,3602498,0,44,0,384,0,"[0,0,0,0,0,0,0,0,0,0,0,0,10,-10,9,-10,9,-10,9,-10,9,-10,9,-9,9,-9,9,-9,9,-10,8,-9,9,-9,9,-9,8,-9,8,-9,7,-9,8,-9,8,-9,7,-9,7,-9,7,-9,7,-9,6,-9,7,-9,6,-8,6,-8,7,-8,0,0,6,-8,6,-8,6,-7,6,-7,6,-8,6,-7,6,-7,5,-7,6,-6,6,-6,6,-6,5,-5,5,-5,5,-5,6,-5,5,-5,5,-5,5,-4,5,-4,4,-4,5,-3,5,-3,4,-3,4,-3,4,-2,4,-2,0,0,0,0,0,0,0,0,0,0,0,0,0,0,52,-55,52,-48,57,-52,50,-51,56,-51,50,-50,53,-55,57,-53,52,-52,54,-53,53,-53,51,-51,47,-52,48,-50,50,-46,51,-44,50,-50,45,-48,48,-49,44,-47,44,-51,40,-49,40,-51,39,-47,40,-47,38,-47,41,-44,37,-46,40,-44,38,-44,37,-41,38,-41,34,-41,34,-42,34,-41,37,-38,31,-39,32,-41,33,-33,32,-32,31,-36,32,-33,35,-28,29,-25,32,-27,29,-24,27,-26,29,-24,29,-22,26,-17,29,-21,29,-16,28,-16,24,-17,24,-9,27,-10,27,-8,0,0,0,0,0,0,0,0,0,0,0,0,0,0,0,0,0,0,0,0,0,0,-19,-10,-16,-13,-15,-12,-12,-17,-8,-18,-4,-15,-3,-18,0,-18,1,-15,5,-14,9,-13,10,-11,14,-7,20,-7,25,-8,26,-4,28,-2,28,-1,33,3,32,6,42,7,41,15,36,22,39,21,39,25,39,34,39,34,36,36,39,35,38,37,33,34,35,43,39,41,38,39,35,40,36,42,33,41,33,44,33,46,34,44,42,48,36,47,39,47,38,50,43,45,45,44,43,43,42,47,45,52,46,52,48,51,45,50,52,50,46,46,52,49,53,54,57,53,0,0]"
CSI_DATA,251,2a:00:00:00:00:00,-44,11,1,0,1,1,1,0,0,0,1,-97,0,11,2,3622533,0,44,0,384,0,"[0,0,0,0,0,0,0,0,0,0,0,0,-2,13,-2,13,-2,13,-2,13,-2,13,-3,12,-2,12,-2,11,-2,11,-2,11,-2,11,-2,11,-2,11,-1,10,-2,10,-1,10,-1,10,-1,10,-1,9,-1,9,-1,9,-1,9,-1,9,-1,9,-1,9,-1,8,0,0,-1,8,-1,8,0,8,-1,7,-1,7,-1,7,-1,7,-1,6,-1,6,0,6,-1,6,-1,6,-1,5,-1,5,-2,5,-1,5,-2,5,-2,5,-2,4,-2,4,-2,4,-2,4,-2,4,-3,3,-2,3,-3,3,0,0,0,0,0,0,0,0,0,0,0,0,0,0,-6,72,0,70,-4,76,-10,74,-4,77,-7,72,-4,72,-4,76,-1,73,-5,69,-5,64,-7,63,-7,63,-4,63,-4,60,-2,64,-6,66,-1,63,-6,64,-1,56,3,56,-1,53,-1,57,-1,54,-3,54,1,53,-3,48,-1,53,-1,52,2,47,1,46,-1,45,-3,46,1,43,0,38,-4,41,-6,40,0,40,-7,40,-4,35,-2,37,-2,30,-3,33,-3,33,-2,34,-5,34,-4,29,-5,30,-2,28,-6,25,-7,23,-4,26,-13,23,-10,28,-9,24,-10,18,-11,17,0,0,0,0,0,0,0,0,0,0,0,0,0,0,0,0,0,0,0,0,0,0,4,3,2,8,0,9,-3,12,-2,11,-3,12,-6,16,-6,16,-12,17,-16,17,-19,23,-18,19,-22,22,-28,21,-31,21,-31,14,-35,18,-37,18,-44,17,-47,14,-49,9,-53,8,-54,8,-57,6,-56,3,-57,1,-61,-3,-58,-6,-61,-5,-60,-7,-56,-9,-59,-11,-60,-9,-62,-10,-62,-12,-56,-15,-58,-11,-58,-8,-62,-8,-63,-8,-65,-8,-62,-7,-59,-3,-67,-8,-62,-8,-60,-4,-65,-9,-63,-5,-69,-8,-66,-4,-67,-1,-73,0,-68,-2,-65,-3,-71,3,-72,0,-73,-5,0,0]"
CSI_DATA,252,2a:00:00:00:00:00,-44,11,1,0,1,1,1,0,0,0,1,-97,0,11,2,3632650,0,44,0,384,0,"[0,0,0,0,0,0,0,0,0,0,0,0,-3,-13,-3,-14,-3,-13,-3,-14,-3,-13,-3,-12,-3,-12,-2,-12,-2,-12,-2,-12,-2,-12,-2,-11,-2,-11,-3,-11,-3,-10,-2,-10,-3,-10,-2,-9,-3,-10,-3,-9,-3,-9,-2,-9,-2,-8,-2,-9,-2,-8,-2,-8,0,0,-2,-8,-2,-7,-2,-7,-2,-7,-2,-7,-2,-7,-2,-6,-2,-6,-2,-6,-2,-6,-2,-6,-2,-6,-2,-5,-2,-5,-2,-5,-1,-5,-1,-5,-1,-5,-1,-5,-1,-5,-1,-5,-1,-4,0,-4,0,-4,0,-4,0,-4,0,0,0,0,0,0,0,0,0,0,0,0,0,0,-3,-84,0,-79,-3,-83,-3,-73,-2,-73,-4,-81,-1,-71,1,-77,-3,-71,-5,-70,-4,-68,-2,-69,0,-70,2,-63,1,-63,-4,-66,0,-63,-2,-60,-3,-63,-2,-54,-4,-56,-3,-51,-6,-57,-3,-56,0,-51,-2,-55,-6,-45,0,-48,-3,-47,-7,-44,-7,-47,-8,-47,-4,-41,-6,-41,-5,-37,-3,-42,-2,-37,-4,-38,-6,-36,-7,-34,-6,-32,-2,-32,-4,-36,0,-31,-7,-30,-6,-27,-2,-32,-1,-25,-2,-26,-2,-26,0,-21,5,-26,1,-25,4,-19,3,-23,8,-21,6,-18,0,0,0,0,0,0,0,0,0,0,0,0,0,0,0,0,0,0,0,0,0,0,5,-6,6,-10,3,-9,6,-7,7,-8,11,-16,12,-14,11,-18,15,-18,19,-17,24,-17,27,-20,26,-24,32,-18,37,-17,35,-17,43,-17,38,-16,48,-14,53,-8,52,-12,58,-10,57,-8,61,-4,65,-3,63,-1,61,2,63,4,62,5,70,6,59,8,67,9,65,7,64,9,66,10,63,9,59,6,61,10,66,11,66,4,67,7,58,5,69,2,67,-1,74,-6,62,-6,80,-12,70,0,69,4,69,2,70,2,72,-3,77,-4,65,-5,75,-3,78,-4,76,-8,0,0]"
CSI_DATA,253,2a:00:00:00:00:00,-45,11,1,0,1,1,1,0,0,0,1,-97,0,11,2,3642768,0,44,0,384,0,"[0,0,0,0,0,0,0,0,0,0,0,0,8,10,7,10,7,10,7,10,7,9,7,9,6,9,6,9,6,8,6,8,6,8,6,8,5,8,5,8,5,8,5,7,5,7,5,6,5,6,4,6,4,6,5,6,4,5,4,5,4,5,4,5,0,0,3,4,3,5,4,4,3,4,3,4,3,4,3,4,2,3,3,3,2,3,3,3,2,3,2,2,2,3,2,3,2,3,2,2,2,2,2,2,2,2,1,2,1,2,1,2,1,2,1,2,0,2,0,0,0,0,0,0,0,0,0,0,0,0,0,0,28,74,30,66,28,70,30,72,29,69,28,69,26,67,22,66,19,64,26,62,21,61,27,60,20,56,19,54,23,52,23,53,18,54,16,50,19,52,19,45,21,45,22,41,22,43,17,42,17,45,15,42,21,38,20,37,15,36,19,34,14,33,18,32,14,31,12,31,14,29,10,28,13,24,14,23,14,21,15,24,15,19,14,21,9,19,11,23,10,20,9,20,9,20,13,16,12,20,7,19,10,19,8,16,7,13,5,16,3,16,4,15,5,17,0,0,0,0,0,0,0,0,0,0,0,0,0,0,0,0,0,0,0,0,0,0,-6,7,-4,11,-6,7,-8,11,-9,11,-10,16,-12,17,-10,17,-16,19,-16,18,-19,26,-21,24,-25,29,-26,26,-27,30,-30,27,-42,27,-36,28,-41,30,-43,29,-50,32,-55,27,-51,30,-55,25,-58,22,-65,26,-62,23,-67,22,-65,17,-68,19,-67,20,-64,17,-64,15,-68,14,-66,15,-67,16,-62,16,-66,18,-63,16,-67,16,-67,20,-66,20,-67,23,-65,22,-65,21,-62,26,-64,25,-60,30,-63,27,-64,24,-68,29,-71,31,-70,31,-63,28,-69,28,-75,30,-70,30,0,0]"
CSI_DATA,254,2a:00:00:00:00:00,-47,11,1,0,1,1,1,0,0,0,1,-97,0,11,2,3664361,0,44,0,384,0,"[0,0,0,0,0,0,0,0,0,0,0,0,-6,11,-6,10,-5,10,-5,10,-5,9,-6,9,-5,9,-5,9,-5,8,-5,8,-5,8,-5,7,-4,8,-4,7,-4,7,-5,7,-4,6,-4,6,-3,6,-3,6,-3,6,-3,5,-4,5,-2,5,-3,5,-3,4,0,0,-3,3,-2,4,-2,3,-2,3,-1,3,-2,3,-1,3,-1,2,-2,2,-1,2,-1,2,-1,2,-1,2,-1,2,-1,2,-1,2,-1,2,-1,2,-1,2,-1,1,-1,1,-1,1,-1,1,-1,1,-1,1,-1,1,0,0,0,0,0,0,0,0,0,0,0,0,0,0,-28,68,-33,65,-32,69,-33,61,-29,56,-32,55,-31,54,-29,59,-27,55,-29,51,-30,51,-29,46,-28,43,-25,44,-29,46,-27,43,-24,42,-20,40,-23,40,-21,37,-23,40,-18,34,-18,37,-17,32,-16,33,-16,33,-17,26,-13,30,-12,27,-13,23,-11,22,-11,23,-10,24,-11,19,-8,19,-7,18,-8,19,-7,18,-5,15,-3,14,-3,9,0,13,-4,11,-6,14,-5,15,-1,11,-4,13,-1,14,-2,9,-6,13,-8,10,-2,10,-3,11,0,8,-6,6,-4,10,-2,8,0,0,0,0,0,0,0,0,0,0,0,0,0,0,0,0,0,0,0,0,0,0,-17,2,-19,1,-20,3,-21,4,-26,2,-29,3,-30,2,-30,2,-35,1,-38,1,-40,3,-40,-1,-47,0,-49,1,-52,0,-55,-4,-60,-8,-54,-8,-63,-8,-66,-17,-64,-16,-68,-15,-67,-21,-71,-25,-71,-28,-71,-28,-69,-33,-69,-32,-66,-36,-74,-37,-68,-34,-71,-38,-66,-41,-66,-38,-67,-41,-65,-41,-65,-39,-63,-37,-67,-38,-64,-38,-70,-40,-65,-35,-68,-38,-65,-33,-61,-34,-64,-39,-63,-37,-69,-31,-68,-34,-65,-34,-70,-31,-62,-31,-62,-31,-61,-33,-67,-25,-65,-31,-67,-29,0,0]"
CSI_DATA,255,2a:00:00:00:00:00,-48,11,1,0,1,1,1,0,0,0,1,-97,0,11,2,3673951,0,44,0,384,0,"[0,0,0,0,0,0,0,0,0,0,0,0,3,10,3,9,3,10,3,10,3,10,2,8,2,9,2,8,2,8,2,8,2,8,2,7,2,7,2,7,1,6,2,6,2,5,1,5,2,5,2,5,1,5,1,5,1,4,1,4,1,4,1,3,0,0,1,3,1,3,1,3,1,2,1,2,1,2,1,2,1,2,1,1,1,1,1,1,1,1,1,1,1,1,1,1,1,1,1,1,1,1,1,1,1,1,1,1,1,1,1,1,1,1,1,1,0,1,0,0,0,0,0,0,0,0,0,0,0,0,0,0,23,66,17,62,16,67,20,55,18,62,15,59,13,58,15,59,13,53,15,53,11,50,15,50,12,51,11,45,8,46,11,44,11,42,10,45,9,42,13,33,16,36,8,32,11,33,7,33,7,28,6,35,8,25,6,30,6,28,12,23,5,21,9,21,7,20,6,19,10,16,6,16,7,13,10,11,7,14,10,12,8,10,5,10,9,9,6,8,9,9,6,10,8,9,7,9,10,8,11,9,8,11,9,9,4,8,3,8,6,10,6,7,4,12,0,0,0,0,0,0,0,0,0,0,0,0,0,0,0,0,0,0,0,0,0,0,-17,16,-17,17,-15,16,-18,16,-23,20,-17,22,-19,24,-19,25,-22,30,-24,26,-27,33,-31,33,-34,34,-36,34,-39,36,-42,36,-46,38,-48,39,-50,39,-55,39,-57,38,-62,40,-61,34,-66,34,-71,33,-69,34,-70,26,-77,28,-77,25,-80,23,-71,21,-75,20,-76,21,-76,22,-75,19,-73,19,-69,21,-72,17,-77,19,-75,17,-74,17,-68,18,-68,17,-68,17,-70,20,-75,19,-72,17,-66,20,-70,21,-64,17,-64,17,-65,20,-68,21,-58,18,-66,19,-67,22,-64,21,0,0]"
CSI_DATA,256,2a:00:00:00:00:00,-48,11,1,0,1,1,1,0,0,0,1,-97,0,11,2,3685734,0,44,0,384,0,"[0,0,0,0,0,0,0,0,0,0,0,0,10,4,9,4,9,4,9,4,8,4,8,4,8,4,8,4,7,3,6,4,7,3,7,3,6,3,6,3,6,3,6,2,6,2,5,2,5,2,5,2,4,2,5,1,4,1,4,1,3,1,4,1,0,0,4,0,3,1,3,1,3,-1,3,0,2,0,2,0,3,0,3,-1,3,-1,3,-1,2,-1,2,-1,2,-1,3,-2,3,0,2,-1,2,-1,3,0,3,0,2,0,2,0,2,0,2,0,2,0,2,0,0,0,0,0,0,0,0,0,0,0,0,0,0,0,61,25,55,28,61,26,62,26,56,25,56,26,52,26,55,24,46,24,51,24,49,22,46,23,44,24,42,22,46,18,40,17,37,19,39,19,30,17,35,15,36,13,34,11,30,16,31,14,28,15,25,12,31,9,26,11,23,6,25,5,21,3,23,3,17,-1,17,1,22,5,15,1,15,0,19,4,18,-3,22,-2,17,0,16,-2,16,-1,11,-5,14,-4,20,-1,17,4,18,5,16,0,14,3,16,1,16,3,14,1,12,-1,16,3,12,5,12,8,0,0,0,0,0,0,0,0,0,0,0,0,0,0,0,0,0,0,0,0,0,0,5,23,4,27,6,23,4,29,3,31,5,31,5,31,5,36,6,36,4,38,9,42,6,44,5,49,3,50,6,55,0,55,-3,60,-2,57,-2,64,-8,65,-8,68,-10,67,-16,72,-15,73,-20,73,-21,77,-23,74,-25,76,-26,71,-31,75,-30,70,-34,77,-35,69,-35,70,-36,70,-38,67,-35,67,-38,68,-32,64,-33,64,-36,64,-32,68,-32,64,-35,63,-31,63,-35,63,-34,60,-31,64,-31,62,-28,60,-31,59,-24,64,-29,63,-26,63,-23,62,-26,56,-27,64,0,0]"
CSI_DATA,257,2a:00:00:00:00:00,-46,11,1,0,1,1,1,0,0,0,1,-97,0,11,2,3702721,0,44,0,384,0,"[0,0,0,0,0,0,0,0,0,0,0,0,-1,-12,0,-12,-1,-12,0,-12,0,-11,0,-11,0,-10,0,-10,0,-10,0,-10,0,-9,0,-9,0,-9,0,-9,-1,-9,-1,-8,-1,-8,-1,-7,-1,-8,-1,-8,-1,-7,-1,-7,-1,-6,-1,-7,-1,-6,-1,-6,0,0,-1,-5,-2,-6,-2,-6,-1,-5,-2,-6,-2,-5,-2,-5,-2,-5,-2,-5,-2,-4,-2,-5,-2,-5,-2,-5,-2,-5,-1,-4,-1,-4,-1,-5,-1,-4,-1,-4,-1,-4,0,-4,0,-4,0,-4,0,-4,0,-3,0,-3,0,0,0,0,0,0,0,0,0,0,0,0,0,0,-15,-71,-9,-67,-11,-70,-14,-65,-9,-59,-9,-66,-8,-66,-6,-66,-7,-60,-4,-62,-8,-53,-5,-51,-7,-53,-5,-51,-2,-48,-7,-50,-1,-48,-5,-55,-8,-46,-10,-42,-8,-39,-6,-36,-8,-40,-9,-37,-6,-40,-5,-36,-8,-32,-5,-38,-7,-31,-11,-28,-8,-30,-8,-24,-7,-32,-8,-29,-12,-21,-6,-29,-9,-30,-8,-26,-10,-26,-13,-21,-12,-23,-14,-21,-8,-25,-4,-22,-8,-25,-8,-23,-9,-24,-5,-20,-5,-22,-4,-22,-2,-25,-2,-21,-3,-24,-2,-22,-1,-19,-1,-15,1,-17,0,0,0,0,0,0,0,0,0,0,0,0,0,0,0,0,0,0,0,0,0,0,16,-13,15,-16,18,-14,19,-16,19,-17,19,-20,17,-20,22,-21,25,-23,22,-26,28,-28,27,-30,32,-31,36,-30,39,-35,37,-33,46,-35,47,-35,52,-35,57,-33,60,-33,63,-31,64,-28,66,-29,73,-27,70,-22,73,-20,74,-20,72,-20,78,-18,69,-14,80,-10,78,-11,76,-12,75,-4,74,-9,70,-5,72,-6,77,-5,74,-6,71,-9,72,-6,71,-9,69,-13,68,-6,69,-13,64,-11,67,-12,68,-12,69,-11,68,-10,65,-15,64,-10,61,-11,71,-15,69,-12,67,-12,0,0]"
CSI_DATA,258,2a:00:00:00:00:00,-45,11,1,0,1,1,1,0,0,0,1,-97,0,11,2,3712524,0,44,0,384,0,"[0,0,0,0,0,0,0,0,0,0,0,0,11,3,11,3,10,3,10,3,10,3,10,3,9,3,9,3,9,3,8,3,8,2,8,2,8,2,7,2,7,2,8,1,8,1,7,1,7,1,6,1,6,1,6,1,6,1,6,1,5,1,6,0,0,0,6,0,5,0,5,0,5,0,4,0,4,0,4,0,4,0,5,-1,5,0,4,0,4,0,4,0,4,0,4,0,4,0,4,0,4,0,3,0,3,0,3,1,3,0,3,1,2,1,2,1,2,1,0,0,0,0,0,0,0,0,0,0,0,0,0,0,61,24,65,27,64,24,60,24,62,31,58,28,58,30,55,26,52,24,53,26,52,25,52,22,50,22,42,22,45,21,46,22,46,21,42,18,39,17,45,18,39,16,38,15,37,14,37,11,35,10,33,10,38,17,31,10,31,9,36,10,34,9,33,9,28,7,28,9,25,8,30,6,29,4,26,5,26,5,26,3,26,5,25,9,23,9,26,5,23,3,27,7,22,7,20,8,21,7,22,9,18,10,16,8,17,9,14,8,13,11,11,12,13,12,0,0,0,0,0,0,0,0,0,0,0,0,0,0,0,0,0,0,0,0,0,0,-2,19,1,18,3,17,-1,21,5,17,4,21,6,24,8,25,8,25,8,25,9,33,8,34,9,37,10,45,4,45,10,50,7,52,4,54,2,55,-2,60,-1,60,-5,61,-9,65,-11,69,-13,69,-19,69,-22,69,-24,67,-22,69,-26,70,-30,68,-29,65,-29,65,-28,64,-30,68,-31,65,-31,63,-30,63,-32,64,-28,62,-31,60,-29,62,-28,61,-28,62,-25,57,-30,65,-30,62,-28,61,-23,60,-28,60,-25,61,-27,65,-25,62,-18,63,-22,62,-24,61,-25,61,0,0]"
CSI_DATA,259,2a:00:00:00:00:00,-44,11,1,0,1,1,1,0,0,0,1,-97,0,11,2,3722505,0,44,0,384,0,"[0,0,0,0,0,0,0,0,0,0,0,0,5,-11,5,-10,5,-11,5,-10,5,-10,5,-9,5,-9,5,-9,5,-9,4,-9,5,-8,4,-8,3,-8,4,-8,3,-8,4,-8,3,-8,3,-8,2,-8,2,-7,2,-7,2,-7,3,-7,2,-7,2,-7,3,-6,0,0,2,-6,2,-6,1,-6,2,-6,1,-6,1,-6,1,-6,1,-6,1,-5,2,-5,1,-5,1,-5,1,-5,1,-5,1,-4,1,-4,2,-4,2,-4,1,-4,2,-4,1,-3,2,-3,2,-3,2,-3,2,-2,2,-2,0,0,0,0,0,0,0,0,0,0,0,0,0,0,29,-61,34,-70,28,-62,28,-65,34,-64,28,-53,29,-62,29,-56,29,-57,25,-49,28,-50,30,-50,28,-51,29,-50,29,-45,26,-46,25,-45,21,-44,20,-43,24,-44,18,-42,23,-42,17,-43,18,-41,22,-38,16,-36,19,-36,16,-35,20,-36,17,-32,13,-31,14,-29,8,-37,9,-33,12,-29,9,-31,10,-31,11,-29,10,-31,9,-27,11,-29,11,-28,8,-25,13,-28,10,-27,12,-24,9,-24,11,-23,12,-21,10,-21,11,-18,13,-18,11,-20,14,-17,15,-16,12,-10,12,-11,0,0,0,0,0,0,0,0,0,0,0,0,0,0,0,0,0,0,0,0,0,0,16,2,13,2,19,-4,21,-2,21,-3,18,-4,22,-6,25,-5,28,-8,31,-4,30,-6,34,-7,41,-6,43,-7,43,-6,51,-2,49,-3,53,0,56,1,60,3,61,9,68,10,65,17,69,17,66,21,67,22,69,26,63,29,69,31,65,28,66,33,63,31,62,35,64,36,64,36,62,36,66,38,60,39,57,33,61,33,57,34,63,34,60,31,66,32,57,32,62,29,53,34,60,32,61,28,61,31,62,30,59,29,57,26,64,28,64,26,63,25,68,33,0,0]"
CSI_DATA,260,2a:00:00:00:00:00,-44,11,1,0,1,1,1,0,0,0,1,-97,0,11,2,3732967,0,44,0,384,0,"[0,0,0,0,0,0,0,0,0,0,0,0,-5,10,-5,11,-4,10,-5,10,-4,10,-5,9,-5,9,-4,9,-4,9,-4,9,-4,8,-4,8,-4,8,-4,8,-4,8,-3,7,-3,7,-3,7,-3,7,-3,7,-3,7,-3,7,-3,6,-2,6,-2,6,-3,6,0,0,-2,5,-2,6,-2,6,-2,5,-2,5,-2,5,-2,5,-2,5,-2,4,-2,4,-2,4,-2,4,-2,4,-2,4,-2,3,-2,4,-2,4,-2,3,-2,3,-2,3,-2,3,-2,3,-2,3,-2,2,-2,2,-3,2,0,0,0,0,0,0,0,0,0,0,0,0,0,0,-25,67,-27,66,-29,68,-24,63,-30,59,-29,60,-28,62,-28,62,-28,55,-28,54,-26,54,-25,52,-24,53,-21,49,-24,48,-22,46,-21,49,-21,46,-17,46,-21,45,-19,45,-17,42,-15,43,-16,42,-15,38,-16,41,-18,40,-15,40,-15,35,-14,33,-11,35,-12,34,-11,36,-9,34,-9,33,-11,31,-10,34,-9,32,-10,28,-9,29,-9,28,-10,27,-11,26,-11,26,-12,23,-7,23,-10,24,-8,23,-11,20,-10,18,-8,22,-12,21,-12,17,-12,19,-12,15,-12,11,-12,8,0,0,0,0,0,0,0,0,0,0,0,0,0,0,0,0,0,0,0,0,0,0,-16,1,-18,-1,-17,-1,-16,3,-18,2,-18,4,-21,3,-25,6,-28,6,-30,7,-34,7,-37,4,-38,7,-40,5,-46,4,-47,4,-51,2,-54,-2,-59,-1,-62,-3,-62,-9,-65,-8,-66,-13,-67,-15,-67,-18,-66,-21,-66,-24,-66,-24,-66,-25,-70,-29,-65,-31,-65,-30,-66,-30,-66,-29,-66,-34,-66,-32,-62,-31,-63,-33,-62,-32,-63,-32,-63,-34,-63,-31,-63,-29,-65,-31,-62,-27,-64,-28,-60,-26,-63,-25,-65,-26,-63,-29,-63,-25,-62,-25,-65,-26,-61,-26,-67,-28,-75,-26,-71,-27,0,0]"
CSI_DATA,261,2a:00:00:00:00:00,-43,11,1,0,1,1,1,0,0,0,1,-97,0,11,2,3762485,0,44,0,384,0,"[0,0,0,0,0,0,0,0,0,0,0,0,8,-10,8,-10,8,-9,8,-9,8,-9,8,-9,8,-8,8,-8,8,-8,7,-8,7,-8,7,-8,6,-8,6,-8,6,-8,6,-8,6,-8,6,-7,5,-7,5,-7,5,-7,5,-7,5,-6,4,-7,4,-6,5,-6,0,0,4,-6,4,-6,4,-6,4,-5,4,-5,3,-5,3,-5,3,-5,4,-5,3,-5,3,-4,3,-5,3,-4,3,-4,3,-4,3,-4,3,-4,3,-3,3,-3,3,-3,3,-3,3,-3,2,-2,3,-2,2,-2,3,-2,0,0,0,0,0,0,0,0,0,0,0,0,0,0,49,-51,50,-51,56,-50,55,-46,53,-45,53,-47,51,-45,49,-43,44,-42,46,-41,47,-38,45,-42,45,-41,44,-39,47,-38,45,-36,43,-39,40,-34,39,-32,38,-34,39,-36,38,-35,34,-35,32,-35,29,-33,31,-32,30,-27,31,-32,30,-30,30,-29,26,-27,28,-28,27,-30,26,-30,24,-26,26,-26,24,-27,21,-27,23,-24,20,-20,24,-19,21,-20,22,-21,20,-17,18,-20,22,-16,17,-17,20,-17,21,-12,18,-14,16,-13,17,-15,19,-13,18,-10,18,-7,18,-5,15,-5,0,0,0,0,0,0,0,0,0,0,0,0,0,0,0,0,0,0,0,0,0,0,11,10,12,8,12,8,13,7,12,8,17,9,19,7,21,6,24,7,26,10,32,10,34,13,34,15,34,17,36,13,40,20,43,20,43,23,45,26,48,25,50,31,50,34,46,39,49,40,45,47,45,46,44,50,47,52,44,52,44,55,42,52,45,56,41,54,40,53,44,54,42,53,41,54,37,58,39,57,39,53,39,54,41,54,41,54,42,56,43,52,40,51,42,51,44,52,47,47,44,48,43,52,43,47,44,51,41,49,48,51,50,51,51,48,0,0]"
CSI_DATA,262,2a:00:00:00:00:00,-42,11,1,0,1,1,1,0,0,0,1,-97,0,11,2,3772645,0,44,0,384,0,"[0,0,0,0,0,0,0,0,0,0,0,0,4,11,4,11,4,11,4,11,4,10,3,10,4,10,4,10,4,10,3,9,3,9,3,9,3,9,3,9,3,9,4,8,4,8,3,7,4,8,4,7,4,7,3,7,3,6,3,6,3,7,3,6,0,0,3,6,3,6,3,6,3,5,3,5,3,5,3,5,3,5,2,4,2,4,2,4,2,4,2,4,2,4,2,4,2,4,2,4,2,4,1,3,1,3,1,3,1,3,0,3,0,3,0,3,0,3,0,0,0,0,0,0,0,0,0,0,0,0,0,0,22,69,17,70,23,70,23,65,25,68,19,65,19,63,19,67,20,64,20,60,19,60,21,63,19,59,16,58,17,54,19,52,16,53,21,55,16,53,20,47,20,48,22,45,18,46,15,43,13,44,17,45,19,40,19,42,17,41,21,35,22,36,19,34,14,35,15,32,19,33,12,30,17,32,15,33,13,29,16,30,19,27,15,27,12,27,12,27,13,27,12,22,12,24,12,25,11,23,9,23,7,23,6,23,5,22,2,20,6,18,-1,19,-1,18,0,0,0,0,0,0,0,0,0,0,0,0,0,0,0,0,0,0,0,0,0,0,-17,3,-15,2,-18,1,-17,3,-18,7,-20,6,-18,10,-22,11,-22,12,-21,17,-27,15,-29,19,-31,21,-35,19,-36,21,-39,19,-40,23,-46,18,-48,22,-52,18,-55,17,-57,19,-61,18,-62,19,-63,11,-67,17,-65,14,-67,8,-66,9,-70,11,-71,9,-71,5,-70,4,-68,4,-72,2,-70,2,-66,6,-67,4,-67,8,-69,7,-69,5,-65,10,-65,10,-68,13,-65,12,-60,14,-63,13,-65,13,-68,12,-66,14,-64,18,-68,22,-68,20,-62,21,-70,21,-70,19,-69,24,0,0]"
CSI_DATA,263,2a:00:00:00:00:00,-42,11,1,0,1,1,1,0,0,0,1,-97,0,11,2,3794393,0,44,0,384,0,"[0,0,0,0,0,0,0,0,0,0,0,0,11,-8,11,-8,10,-8,10,-8,10,-7,10,-7,10,-7,10,-7,10,-7,9,-6,9,-6,9,-6,8,-6,8,-6,8,-6,8,-6,7,-6,7,-6,7,-6,6,-6,6,-5,6,-6,7,-5,6,-6,6,-5,6,-5,0,0,6,-5,5,-5,5,-5,5,-5,5,-5,4,-5,4,-5,4,-5,4,-4,4,-4,4,-4,4,-4,4,-4,4,-4,4,-3,4,-3,3,-3,3,-3,4,-3,3,-2,3,-2,3,-2,3,-2,3,-2,3,-1,3,-1,0,0,0,0,0,0,0,0,0,0,0,0,0,0,65,-41,64,-38,65,-42,69,-36,70,-37,66,-36,62,-38,60,-34,59,-34,63,-30,60,-29,58,-32,59,-27,53,-32,54,-29,53,-32,50,-35,50,-35,47,-28,47,-27,48,-29,47,-27,44,-28,41,-29,41,-26,40,-26,38,-25,33,-27,35,-26,36,-24,34,-22,36,-22,29,-24,30,-23,29,-25,29,-23,29,-22,27,-25,26,-20,28,-21,27,-15,26,-18,22,-19,27,-19,28,-18,23,-14,22,-16,22,-16,21,-13,25,-12,24,-10,23,-11,20,-7,18,-7,22,-6,21,-6,18,-2,0,0,0,0,0,0,0,0,0,0,0,0,0,0,0,0,0,0,0,0,0,0,6,20,2,17,5,14,7,12,9,13,12,12,12,18,13,18,15,16,17,18,22,18,20,22,23,24,26,25,30,28,26,30,28,36,29,34,32,40,32,45,30,45,31,51,34,51,29,50,32,53,30,60,28,61,26,60,23,60,25,65,25,62,24,66,23,66,23,69,20,67,20,65,20,63,20,64,22,61,23,66,24,63,25,65,25,69,28,59,26,63,22,61,23,65,28,63,29,65,31,61,31,58,35,59,32,62,33,59,35,61,38,62,37,65,0,0]"
CSI_DATA,264,2a:00:00:00:00:00,-42,11,1,0,1,1,1,0,0,0,1,-97,0,11,2,3802493,0,44,0,384,0,"[0,0,0,0,0,0,0,0,0,0,0,0,6,-12,6,-11,6,-12,6,-11,6,-11,6,-10,6,-10,6,-10,5,-10,5,-10,6,-10,5,-9,4,-9,5,-9,4,-9,5,-9,4,-9,4,-9,3,-9,3,-8,4,-8,3,-8,4,-8,3,-8,3,-8,3,-7,0,0,3,-7,3,-7,2,-7,3,-7,2,-6,2,-7,2,-6,2,-6,2,-6,2,-6,2,-5,2,-5,2,-6,2,-5,2,-5,2,-5,2,-5,2,-4,2,-4,2,-4,2,-4,2,-4,2,-4,2,-3,2,-3,2,-2,0,0,0,0,0,0,0,0,0,0,0,0,0,0,39,-65,40,-65,41,-67,41,-65,39,-62,43,-64,42,-61,40,-62,39,-61,39,-56,37,-54,35,-56,37,-54,33,-53,33,-49,34,-52,33,-51,30,-50,30,-50,27,-48,26,-48,27,-45,25,-48,22,-46,21,-45,22,-44,21,-44,23,-42,21,-41,20,-39,18,-40,18,-37,18,-41,18,-38,16,-33,16,-34,12,-35,16,-36,14,-34,13,-28,13,-32,14,-31,14,-32,13,-29,14,-28,14,-28,13,-27,13,-26,13,-24,12,-23,14,-21,12,-18,12,-19,14,-19,14,-17,13,-13,16,-13,0,0,0,0,0,0,0,0,0,0,0,0,0,0,0,0,0,0,0,0,0,0,9,10,9,12,10,10,11,13,14,9,14,5,16,7,19,6,22,5,25,7,27,6,29,9,32,12,34,12,36,12,38,14,42,17,40,18,47,20,46,20,49,23,53,30,49,32,51,36,52,40,53,40,50,40,53,43,52,44,52,46,48,43,50,46,52,49,48,45,48,49,47,44,51,50,49,47,48,43,50,44,50,46,51,44,51,41,51,41,49,42,55,38,52,38,55,38,57,38,61,40,56,39,55,39,58,35,58,37,64,36,64,39,69,36,0,0]"
CSI_DATA,265,2a:00:00:00:00:00,-42,11,1,0,1,1,1,0,0,0,1,-97,0,11,2,3813848,0,44,0,384,0,"[0,0,0,0,0,0,0,0,0,0,0,0,10,-8,10,-8,9,-9,10,-8,9,-8,9,-7,9,-8,9,-7,9,-7,8,-7,9,-7,8,-7,7,-7,7,-7,7,-7,7,-7,7,-7,7,-6,6,-7,6,-7,6,-6,6,-6,6,-6,5,-6,5,-6,5,-6,0,0,5,-5,5,-5,4,-5,5,-5,4,-5,4,-5,4,-5,4,-5,4,-4,4,-4,4,-4,4,-4,4,-4,4,-4,4,-4,4,-4,3,-4,3,-3,3,-3,3,-3,3,-3,3,-2,3,-2,3,-2,3,-2,3,-1,0,0,0,0,0,0,0,0,0,0,0,0,0,0,63,-42,63,-43,67,-46,66,-41,65,-42,64,-39,61,-42,62,-40,59,-37,60,-36,58,-35,57,-34,54,-35,54,-37,53,-33,53,-33,49,-35,47,-33,46,-34,48,-32,45,-34,43,-29,42,-33,39,-33,39,-30,37,-29,38,-29,37,-33,32,-29,38,-28,34,-25,31,-27,31,-27,29,-28,28,-26,27,-26,27,-28,28,-27,28,-25,24,-23,23,-20,26,-25,24,-20,21,-22,26,-18,25,-20,25,-19,26,-19,23,-16,24,-15,22,-14,22,-11,19,-15,19,-8,19,-9,21,-7,18,-6,0,0,0,0,0,0,0,0,0,0,0,0,0,0,0,0,0,0,0,0,0,0,2,15,4,16,5,15,7,15,7,15,9,15,10,14,9,16,18,17,17,17,19,17,22,19,26,20,24,27,27,27,26,30,30,33,27,38,31,38,31,43,31,43,32,45,31,50,32,55,29,55,28,58,25,58,28,63,28,63,26,62,22,60,27,63,24,62,24,63,23,66,23,60,24,61,26,62,26,58,28,58,25,61,29,60,30,61,27,61,29,61,33,61,32,57,31,61,35,53,37,59,38,57,36,58,37,58,36,58,41,61,41,60,47,60,0,0]"
CSI_DATA,266,2a:00:00:00:00:00,-42,11,1,0,1,1,1,0,0,0,1,-97,0,11,2,3823972,0,44,0,384,0,"[0,0,0,0,0,0,0,0,0,0,0,0,-1,13,-1,13,-1,13,-1,13,-1,13,-2,12,-2,12,-2,12,-2,11,-1,12,-1,11,-1,11,-1,11,-1,10,-1,10,-1,10,-1,10,-1,9,0,9,-1,9,-1,9,0,9,-1,8,0,8,0,8,0,8,0,0,0,7,0,7,0,7,0,7,0,7,0,7,0,7,0,7,-1,6,0,6,0,5,0,6,0,5,-1,5,-1,5,-1,5,-1,5,-1,4,-1,4,-1,4,-2,4,-2,4,-1,4,-2,3,-2,3,-2,3,0,0,0,0,0,0,0,0,0,0,0,0,0,0,-11,77,-15,76,-13,74,-12,75,-15,74,-15,65,-14,73,-15,68,-16,68,-15,63,-13,63,-14,64,-13,62,-14,62,-12,59,-14,61,-12,59,-11,58,-10,54,-10,53,-7,53,-9,50,-6,49,-7,54,-9,49,-7,47,-5,44,-7,49,-4,47,-6,42,-4,42,-6,40,-5,43,-4,41,-1,42,-3,36,-3,36,-5,38,-4,36,-4,33,-2,35,-4,32,-4,33,-4,30,-4,30,-6,30,-5,27,-7,30,-8,25,-6,24,-5,23,-7,22,-9,21,-10,21,-11,21,-12,20,-9,19,0,0,0,0,0,0,0,0,0,0,0,0,0,0,0,0,0,0,0,0,0,0,-15,-8,-12,-5,-13,-3,-13,-5,-17,-6,-17,-4,-18,0,-21,0,-23,2,-25,2,-26,3,-29,3,-30,3,-35,0,-38,2,-41,0,-41,1,-45,-1,-48,-1,-50,-3,-51,-2,-56,-7,-56,-9,-59,-11,-61,-16,-62,-15,-61,-17,-63,-23,-63,-23,-64,-21,-62,-24,-60,-23,-63,-23,-64,-22,-65,-24,-64,-28,-62,-26,-63,-21,-64,-24,-68,-22,-65,-24,-62,-20,-59,-20,-66,-19,-61,-18,-67,-16,-63,-16,-63,-14,-69,-16,-70,-16,-66,-16,-68,-14,-68,-14,-70,-10,-71,-12,-71,-10,-75,-10,0,0]"
CSI_DATA,267,2a:00:00:00:00:00,-42,11,1,0,1,1,1,0,0,0,1,-97,0,11,2,3832713,0,44,0,384,0,"[0,0,0,0,0,0,0,0,0,0,0,0,-13,5,-13,5,-12,5,-13,5,-12,5,-13,5,-12,5,-12,5,-12,5,-11,5,-11,4,-11,4,-10,4,-10,4,-10,4,-10,4,-10,4,-9,4,-9,4,-8,4,-8,4,-8,4,-8,4,-8,4,-8,4,-8,4,0,0,-8,4,-7,3,-7,4,-7,3,-6,3,-6,3,-6,3,-6,3,-6,3,-6,2,-6,3,-5,3,-6,2,-6,2,-5,2,-6,2,-5,2,-6,1,-5,2,-5,1,-5,1,-5,1,-4,1,-4,0,-5,0,-4,0,0,0,0,0,0,0,0,0,0,0,0,0,0,0,-73,24,-72,22,-69,23,-69,19,-75,21,-70,17,-68,17,-68,20,-66,18,-62,14,-64,18,-64,18,-64,17,-60,18,-60,15,-61,17,-56,20,-54,15,-52,18,-54,10,-53,16,-50,18,-46,18,-48,15,-44,17,-46,17,-45,15,-42,17,-41,14,-45,15,-43,17,-40,14,-36,16,-37,15,-37,12,-36,16,-33,17,-33,15,-32,13,-36,12,-31,11,-32,8,-32,12,-30,12,-25,10,-31,11,-28,6,-29,10,-26,6,-27,6,-28,5,-24,3,-26,2,-23,2,-22,1,-22,-2,-22,-1,0,0,0,0,0,0,0,0,0,0,0,0,0,0,0,0,0,0,0,0,0,0,2,-15,-1,-14,-2,-17,-4,-14,-7,-16,-3,-15,-6,-17,-10,-17,-10,-20,-14,-20,-13,-21,-15,-25,-14,-27,-16,-29,-20,-35,-16,-37,-19,-38,-20,-38,-19,-43,-18,-46,-17,-49,-19,-55,-16,-53,-13,-58,-14,-60,-11,-62,-11,-63,-8,-66,-9,-67,-10,-63,-8,-67,-7,-62,-5,-66,-7,-66,-4,-63,-2,-69,-3,-64,-4,-63,-6,-63,-6,-65,-8,-66,-10,-66,-6,-64,-14,-65,-11,-61,-15,-63,-13,-61,-11,-65,-17,-67,-13,-65,-17,-64,-18,-67,-18,-66,-18,-68,-24,-68,-25,-67,-26,-69,0,0]"
CSI_DATA,268,2a:00:00:00:00:00,-42,11,1,0,1,1,1,0,0,0,1,-97,0,11,2,3842517,0,44,0,384,0,"[0,0,0,0,0,0,0,0,0,0,0,0,-2,-13,-2,-13,-3,-13,-2,-13,-2,-13,-2,-13,-2,-12,-2,-12,-2,-12,-2,-12,-2,-11,-3,-11,-2,-11,-2,-11,-2,-11,-2,-10,-2,-10,-2,-9,-3,-10,-2,-10,-2,-9,-2,-9,-2,-8,-3,-9,-2,-8,-3,-8,0,0,-2,-8,-2,-8,-2,-8,-2,-7,-2,-7,-2,-7,-2,-7,-2,-7,-2,-6,-2,-6,-2,-6,-2,-6,-2,-6,-1,-6,-1,-5,-1,-6,-1,-6,-1,-5,-1,-5,-1,-5,-1,-5,0,-5,0,-5,0,-4,0,-4,0,-4,0,0,0,0,0,0,0,0,0,0,0,0,0,0,-5,-74,-7,-73,-8,-79,-8,-77,-7,-69,-7,-76,-5,-71,-6,-76,-2,-66,-3,-69,-4,-68,-5,-65,-7,-65,-2,-63,-5,-61,-7,-62,-6,-63,-6,-59,-5,-59,-6,-55,-8,-56,-4,-50,-9,-52,-6,-50,-4,-52,-7,-51,-7,-43,-10,-48,-6,-46,-11,-44,-6,-42,-10,-44,-6,-40,-7,-43,-8,-36,-9,-40,-8,-37,-7,-38,-5,-35,-4,-31,-5,-33,-6,-33,-6,-32,-5,-32,-5,-30,-3,-30,-3,-29,-3,-32,-1,-30,-1,-28,1,-25,-1,-28,0,-24,4,-21,5,-22,2,-22,5,-19,0,0,0,0,0,0,0,0,0,0,0,0,0,0,0,0,0,0,0,0,0,0,14,3,13,2,14,1,14,0,15,-2,13,-3,15,-6,18,-6,21,-5,21,-10,25,-9,27,-9,28,-13,30,-12,34,-11,35,-12,41,-12,42,-11,46,-13,48,-8,52,-8,53,-5,55,-8,58,-7,60,-1,63,-2,61,1,62,1,62,6,70,5,60,3,65,6,65,9,68,9,65,10,61,7,60,3,66,7,64,8,65,6,66,6,50,15,65,-1,61,-3,63,4,65,4,61,3,64,-2,66,-2,64,-4,67,-5,66,-8,68,-7,64,-6,67,-10,75,-10,71,-12,0,0]"
CSI_DATA,269,2a:00:00:00:00:00,-42,11,1,0,1,1,1,0,0,0,1,-97,0,11,2,3852659,0,44,0,384,0,"[0,0,0,0,0,0,0,0,0,0,0,0,12,3,12,3,12,3,12,4,11,3,11,3,11,3,11,3,11,3,11,3,10,3,10,2,10,2,10,2,9,2,10,2,9,1,9,2,8,2,8,2,8,2,8,2,8,1,8,1,7,1,7,1,0,0,7,0,7,1,6,1,7,1,6,1,6,1,6,1,5,0,6,1,6,1,5,1,5,0,5,1,5,1,5,1,5,1,4,1,4,1,4,1,4,1,4,1,3,1,3,1,3,2,3,1,2,2,0,0,0,0,0,0,0,0,0,0,0,0,0,0,72,11,72,14,74,14,76,11,73,15,72,19,71,14,71,16,65,17,67,18,68,13,66,13,65,12,59,14,64,19,62,11,60,15,56,13,56,10,55,9,59,8,51,11,52,7,51,6,50,7,46,3,47,5,44,8,44,7,44,5,43,5,42,7,38,5,36,4,39,2,36,7,39,1,38,3,35,1,38,1,36,1,34,5,32,6,28,2,30,4,33,5,31,6,29,5,26,5,28,8,25,6,23,8,22,7,19,8,19,12,18,8,16,8,0,0,0,0,0,0,0,0,0,0,0,0,0,0,0,0,0,0,0,0,0,0,-8,12,-8,12,-8,12,-5,13,-5,14,-5,14,-2,17,-3,20,-3,21,0,23,0,27,-1,28,0,32,-1,31,-2,35,-2,37,-5,42,-4,45,-5,50,-5,47,-7,52,-11,54,-16,57,-17,60,-20,56,-23,59,-23,58,-22,59,-25,56,-28,61,-27,57,-28,61,-28,62,-26,55,-32,60,-27,58,-28,59,-27,60,-29,56,-25,58,-24,57,-24,60,-24,61,-25,61,-24,61,-16,61,-18,58,-16,64,-18,65,-16,62,-18,64,-15,65,-14,69,-12,70,-19,67,-14,72,-14,69,0,0]"
CSI_DATA,270,2a:00:00:00:00:00,-42,11,1,0,1,1,1,0,0,0,1,-97,0,11,2,3864309,0,44,0,384,0,"[0,0,0,0,0,0,0,0,0,0,0,0,-3,12,-3,11,-3,13,-3,12,-3,12,-3,11,-3,11,-3,11,-2,11,-2,11,-3,10,-3,10,-2,10,-2,10,-2,9,-2,9,-2,9,-2,9,-1,9,-2,9,-1,8,-1,8,-2,7,-1,8,-1,7,-1,7,0,0,-1,7,-1,7,-1,6,-1,6,-1,6,-1,6,0,6,-1,6,-1,6,-1,5,-1,5,-1,5,-1,5,-1,5,-1,5,-1,4,-1,4,-1,4,-1,4,-1,4,-2,4,-2,3,-2,3,-2,3,-2,3,-2,2,0,0,0,0,0,0,0,0,0,0,0,0,0,0,6,77,5,77,7,79,4,75,6,73,7,71,3,73,3,75,3,68,8,70,5,65,9,65,7,65,4,67,2,66,6,64,9,61,7,59,8,59,7,54,12,57,8,53,12,56,10,50,11,50,7,52,9,48,9,50,10,50,7,45,9,44,9,40,10,39,11,43,9,36,10,40,11,38,11,34,7,35,10,33,10,30,10,33,5,34,6,31,10,29,8,30,6,31,6,32,3,25,4,23,5,25,2,25,1,25,0,22,1,24,-3,21,-5,19,0,0,0,0,0,0,0,0,0,0,0,0,0,0,0,0,0,0,0,0,0,0,-10,-6,-12,-6,-13,-7,-14,-7,-17,-6,-14,-3,-16,-1,-20,1,-21,5,-24,5,-26,4,-30,5,-34,5,-35,7,-37,5,-39,6,-44,4,-48,1,-52,5,-54,6,-56,2,-59,1,-57,-4,-64,-5,-61,-8,-64,-8,-61,-13,-66,-10,-66,-11,-69,-12,-67,-13,-72,-14,-69,-14,-67,-12,-69,-17,-65,-17,-67,-14,-62,-13,-65,-13,-67,-14,-69,-11,-64,-8,-69,-13,-66,-8,-68,-5,-65,-6,-65,-6,-68,-2,-71,1,-68,0,-71,1,-70,2,-66,2,-69,6,-78,3,-78,8,-78,9,0,0]"
CSI_DATA,271,2a:00:00:00:00:00,-43,11,1,0,1,1,1,0,0,0,1,-97,0,11,2,3892504,0,44,0,384,0,"[0,0,0,0,0,0,0,0,0,0,0,0,-11,7,-11,7,-10,7,-11,7,-10,6,-11,6,-11,6,-10,6,-10,6,-9,6,-10,6,-9,6,-8,5,-8,6,-9,6,-8,6,-8,6,-8,5,-7,6,-7,5,-7,5,-7,5,-7,5,-6,5,-6,5,-7,5,0,0,-6,5,-5,4,-6,5,-6,4,-6,4,-5,4,-5,4,-5,4,-5,3,-5,4,-5,4,-5,4,-5,3,-5,3,-5,3,-5,3,-4,2,-5,2,-4,2,-4,2,-4,2,-4,1,-4,1,-4,1,-4,1,-4,0,0,0,0,0,0,0,0,0,0,0,0,0,0,0,-61,46,-63,44,-60,42,-63,40,-59,44,-59,41,-59,39,-58,38,-55,42,-58,37,-58,38,-54,35,-51,36,-50,38,-53,35,-50,36,-49,35,-47,37,-43,34,-46,31,-43,34,-40,33,-40,37,-38,33,-36,31,-37,32,-38,28,-33,31,-34,30,-34,29,-31,29,-28,28,-29,29,-27,31,-29,25,-27,30,-23,24,-27,27,-25,26,-28,27,-26,24,-23,22,-27,22,-24,23,-21,20,-23,19,-22,19,-21,19,-22,16,-21,14,-22,17,-21,12,-19,14,-20,12,-19,8,-19,8,-18,6,0,0,0,0,0,0,0,0,0,0,0,0,0,0,0,0,0,0,0,0,0,0,-3,-13,-1,-17,-2,-15,0,-15,-7,-16,-5,-17,-9,-13,-11,-16,-14,-16,-15,-17,-17,-18,-19,-24,-21,-23,-24,-29,-25,-28,-25,-30,-26,-36,-27,-38,-31,-38,-28,-44,-29,-44,-29,-54,-28,-51,-29,-52,-26,-56,-25,-61,-22,-61,-23,-60,-19,-64,-22,-63,-20,-62,-19,-64,-20,-64,-20,-68,-19,-62,-17,-66,-21,-62,-20,-63,-21,-59,-23,-61,-22,-60,-23,-62,-27,-61,-26,-60,-28,-59,-28,-58,-25,-59,-32,-56,-33,-56,-31,-54,-36,-57,-36,-57,-35,-58,-37,-57,-41,-56,-43,-60,-46,-57,0,0]"
CSI_DATA,272,2a:00:00:00:00:00,-43,11,1,0,1,1,1,0,0,0,1,-97,0,11,2,3903445,0,44,0,384,0,"[0,0,0,0,0,0,0,0,0,0,0,0,-13,-6,-12,-6,-13,-6,-12,-6,-12,-7,-12,-6,-12,-6,-11,-6,-11,-5,-11,-6,-11,-5,-10,-6,-10,-5,-10,-5,-10,-5,-10,-4,-10,-4,-10,-4,-9,-4,-9,-4,-8,-4,-9,-4,-9,-3,-8,-4,-8,-3,-8,-3,0,0,-8,-3,-8,-3,-7,-3,-8,-2,-7,-3,-7,-3,-7,-3,-6,-3,-7,-2,-7,-3,-6,-3,-6,-3,-6,-3,-6,-3,-6,-3,-6,-2,-5,-3,-5,-3,-5,-3,-4,-3,-4,-3,-4,-3,-4,-3,-4,-3,-3,-3,-3,-3,0,0,0,0,0,0,0,0,0,0,0,0,0,0,-72,-14,-76,-13,-73,-15,-73,-12,-77,-15,-74,-12,-70,-12,-69,-14,-66,-14,-64,-12,-68,-14,-63,-15,-64,-11,-62,-12,-64,-11,-64,-11,-59,-12,-57,-9,-58,-11,-57,-7,-59,-6,-53,-9,-51,-9,-50,-6,-48,-11,-49,-7,-52,-6,-46,-7,-44,-4,-47,-1,-43,2,-44,-3,-40,0,-41,-2,-40,1,-36,-3,-40,-3,-34,-1,-37,-2,-36,1,-39,-3,-34,-1,-33,-1,-29,1,-30,-1,-29,-3,-32,-2,-33,0,-28,-9,-28,-10,-26,-7,-25,-7,-25,-7,-19,-9,-21,-9,-20,-12,-14,-12,0,0,0,0,0,0,0,0,0,0,0,0,0,0,0,0,0,0,0,0,0,0,11,-13,6,-13,6,-14,8,-12,6,-15,5,-17,3,-17,4,-19,0,-20,1,-23,2,-27,0,-28,-1,-30,0,-34,1,-38,4,-42,0,-45,8,-46,6,-54,11,-53,11,-53,14,-53,21,-58,19,-58,24,-62,22,-64,25,-62,27,-59,29,-62,28,-63,28,-56,31,-61,33,-60,34,-58,34,-59,32,-58,35,-60,29,-59,25,-57,28,-59,26,-56,26,-61,24,-65,24,-63,25,-59,18,-59,23,-62,19,-63,20,-60,19,-63,13,-63,12,-70,12,-66,9,-67,10,-69,14,-68,7,-72,0,0]"
CSI_DATA,273,2a:00:00:00:00:00,-44,11,1,0,1,1,1,0,0,0,1,-97,0,11,2,3912687,0,44,0,384,0,"[0,0,0,0,0,0,0,0,0,0,0,0,-9,10,-10,9,-9,9,-9,9,-9,9,-9,8,-9,8,-8,8,-9,8,-8,8,-8,8,-8,8,-7,8,-7,7,-7,7,-7,7,-7,7,-7,7,-6,7,-6,7,-6,7,-6,6,-6,6,-5,6,-5,6,-6,6,0,0,-5,6,-5,5,-5,6,-5,5,-5,5,-4,6,-4,5,-4,5,-5,5,-4,4,-5,5,-4,4,-4,5,-4,4,-5,3,-4,4,-4,3,-5,3,-4,3,-4,3,-4,2,-4,2,-4,2,-4,2,-4,1,-4,1,0,0,0,0,0,0,0,0,0,0,0,0,0,0,-60,44,-66,41,-61,45,-57,41,-62,40,-60,37,-59,40,-59,38,-56,35,-60,34,-58,34,-55,31,-52,36,-51,35,-52,32,-48,33,-45,34,-47,34,-44,31,-43,30,-45,38,-42,28,-39,34,-37,32,-39,27,-36,31,-35,28,-36,30,-34,30,-35,28,-33,25,-31,27,-30,29,-29,27,-28,27,-29,27,-29,24,-27,24,-28,27,-26,21,-26,24,-27,23,-24,24,-24,23,-26,21,-25,20,-25,19,-24,18,-23,18,-23,13,-26,13,-23,8,-24,7,-24,9,-22,6,-21,4,-23,3,0,0,0,0,0,0,0,0,0,0,0,0,0,0,0,0,0,0,0,0,0,0,-4,-15,-3,-15,-6,-13,-3,-13,-7,-12,-8,-13,-11,-11,-12,-16,-13,-16,-17,-16,-21,-20,-23,-23,-24,-20,-24,-26,-31,-27,-27,-32,-31,-33,-30,-35,-35,-39,-32,-41,-34,-42,-33,-49,-31,-53,-33,-51,-28,-58,-29,-57,-25,-58,-27,-62,-28,-55,-26,-62,-23,-60,-21,-64,-20,-65,-23,-63,-25,-60,-21,-60,-21,-59,-22,-60,-25,-61,-25,-61,-26,-61,-30,-57,-25,-62,-29,-58,-27,-59,-34,-54,-29,-55,-33,-57,-32,-57,-32,-54,-35,-60,-37,-54,-37,-57,-36,-56,-45,-56,-43,-59,-45,-56,0,0]"
CSI_DATA,274,2a:00:00:00:00:00,-44,11,1,0,1,1,1,0,0,0,1,-97,0,11,2,3922505,0,44,0,384,0,"[0,0,0,0,0,0,0,0,0,0,0,0,-12,-8,-11,-8,-11,-8,-10,-8,-10,-8,-10,-8,-10,-7,-10,-7,-10,-7,-10,-7,-10,-7,-9,-6,-9,-7,-9,-6,-9,-6,-9,-6,-9,-5,-8,-5,-8,-5,-8,-5,-8,-5,-8,-5,-8,-4,-8,-4,-7,-4,-7,-3,0,0,-7,-3,-7,-4,-7,-3,-7,-3,-6,-3,-7,-3,-7,-3,-6,-3,-7,-2,-6,-3,-6,-3,-6,-3,-6,-3,-6,-3,-6,-3,-5,-3,-5,-3,-5,-3,-5,-3,-5,-3,-4,-3,-4,-3,-4,-4,-3,-4,-3,-4,-3,-3,0,0,0,0,0,0,0,0,0,0,0,0,0,0,-51,-52,-50,-54,-48,-54,-53,-56,-58,-53,-52,-50,-52,-53,-48,-49,-49,-50,-50,-46,-50,-44,-45,-46,-44,-44,-43,-46,-43,-41,-47,-38,-46,-42,-43,-37,-41,-38,-45,-34,-44,-34,-44,-32,-41,-32,-37,-32,-40,-30,-37,-29,-40,-28,-36,-28,-35,-26,-38,-24,-38,-25,-38,-20,-35,-23,-36,-21,-36,-20,-31,-17,-30,-22,-33,-17,-34,-17,-35,-19,-32,-19,-36,-11,-33,-20,-30,-17,-30,-16,-30,-15,-28,-19,-26,-18,-22,-17,-24,-17,-24,-18,-24,-18,-18,-19,-16,-19,-18,-19,-16,-23,-11,-18,0,0,0,0,0,0,0,0,0,0,0,0,0,0,0,0,0,0,0,0,0,0,13,-4,14,-4,16,-6,15,-6,13,-9,12,-8,13,-12,15,-16,18,-15,14,-14,15,-21,17,-23,21,-27,23,-26,22,-26,31,-33,29,-36,35,-38,35,-33,43,-35,40,-37,48,-34,51,-34,50,-38,55,-32,59,-35,57,-33,59,-32,62,-29,58,-28,63,-30,63,-26,67,-27,63,-28,61,-28,60,-27,62,-31,57,-32,58,-26,56,-31,57,-31,56,-35,52,-35,57,-33,52,-35,56,-37,54,-37,53,-41,57,-41,55,-44,50,-42,47,-49,53,-43,53,-47,49,-49,56,-46,46,-53,0,0]"
CSI_DATA,275,2a:00:00:00:00:00,-45,11,1,0,1,1,1,0,0,0,1,-97,0,11,2,3932505,0,44,0,384,0,"[0,0,0,0,0,0,0,0,0,0,0,0,-7,11,-7,11,-7,12,-7,10,-7,11,-7,10,-7,10,-6,10,-6,9,-6,9,-7,9,-6,9,-5,9,-5,9,-5,8,-5,8,-5,8,-5,8,-4,8,-4,8,-4,7,-4,7,-4,7,-3,7,-3,7,-3,6,0,0,-3,7,-3,7,-3,6,-3,6,-2,6,-2,6,-2,6,-2,6,-2,5,-2,6,-3,5,-3,5,-3,5,-3,5,-3,5,-3,5,-3,5,-3,4,-3,4,-3,3,-3,4,-4,4,-3,3,-3,3,-4,2,-4,2,0,0,0,0,0,0,0,0,0,0,0,0,0,0,-34,66,-38,64,-42,65,-39,59,-47,58,-41,55,-41,58,-43,57,-38,58,-38,49,-35,50,-39,51,-36,47,-37,51,-36,44,-36,43,-35,50,-31,46,-29,44,-28,46,-28,41,-29,42,-22,44,-20,41,-27,42,-23,42,-26,37,-23,39,-20,35,-23,35,-18,35,-20,35,-16,37,-16,34,-17,31,-17,31,-13,35,-14,32,-16,37,-12,32,-15,32,-13,28,-17,32,-17,33,-18,30,-18,30,-18,30,-13,30,-20,24,-15,24,-18,23,-21,19,-22,19,-22,15,-19,14,-19,14,-23,12,0,0,0,0,0,0,0,0,0,0,0,0,0,0,0,0,0,0,0,0,0,0,-12,-9,-9,-12,-13,-9,-17,-8,-14,-7,-14,-9,-15,-2,-18,-7,-20,-6,-25,-12,-25,-7,-25,-6,-35,-9,-35,-8,-41,-10,-39,-12,-45,-14,-50,-17,-47,-17,-55,-16,-52,-23,-53,-25,-56,-34,-55,-35,-54,-42,-59,-42,-52,-44,-53,-39,-55,-46,-56,-44,-51,-47,-51,-43,-46,-44,-48,-47,-50,-51,-49,-52,-51,-51,-45,-46,-45,-47,-49,-45,-50,-42,-51,-44,-48,-44,-54,-42,-46,-38,-56,-45,-48,-39,-51,-35,-59,-39,-54,-44,-55,-34,-56,-35,-54,-42,-54,-39,-68,-37,-62,-35,-62,-38,0,0]"
CSI_DATA,276,2a:00:00:00:00:00,-48,11,1,0,1,1,1,0,0,0,1,-97,0,11,2,3952530,0,44,0,384,0,"[0,0,0,0,0,0,0,0,0,0,0,0,-3,-13,-3,-12,-4,-12,-3,-12,-3,-12,-3,-11,-3,-11,-2,-10,-2,-10,-3,-10,-3,-10,-3,-10,-3,-10,-3,-10,-3,-9,-3,-9,-3,-8,-3,-8,-4,-8,-3,-8,-3,-8,-3,-8,-3,-7,-3,-7,-4,-7,-3,-6,0,0,-3,-5,-3,-6,-4,-6,-3,-5,-4,-6,-4,-5,-3,-5,-3,-5,-4,-4,-4,-5,-4,-5,-4,-6,-4,-5,-3,-5,-4,-5,-3,-5,-3,-5,-3,-5,-2,-5,-2,-5,-2,-5,-2,-5,-2,-5,-1,-5,-1,-4,0,-4,0,0,0,0,0,0,0,0,0,0,0,0,0,0,-18,-70,-21,-68,-23,-72,-23,-68,-25,-65,-21,-65,-22,-68,-22,-64,-21,-62,-20,-57,-21,-61,-24,-60,-18,-52,-20,-54,-17,-51,-23,-51,-22,-46,-21,-43,-20,-51,-22,-40,-23,-43,-18,-41,-23,-41,-22,-37,-18,-38,-21,-39,-19,-36,-17,-36,-20,-37,-19,-30,-21,-30,-26,-27,-22,-27,-21,-27,-22,-24,-21,-21,-21,-21,-20,-22,-25,-20,-25,-23,-25,-23,-26,-25,-21,-23,-23,-22,-24,-24,-25,-21,-22,-23,-23,-25,-18,-26,-15,-24,-15,-23,-15,-23,-11,-23,-8,-22,-10,-23,-8,-23,-4,-26,0,0,0,0,0,0,0,0,0,0,0,0,0,0,0,0,0,0,0,0,0,0,12,2,16,2,15,-3,11,-6,13,-1,17,-9,16,-10,19,-13,17,-13,22,-13,23,-18,28,-19,31,-23,35,-24,39,-25,41,-19,46,-17,49,-19,52,-21,58,-20,62,-19,63,-14,66,-17,66,-13,72,-10,78,-9,70,-8,77,-5,75,-1,75,-3,75,1,76,0,72,1,69,0,69,1,72,3,70,0,68,0,71,-1,69,-2,70,-3,65,-3,69,-7,65,-3,61,-9,64,-15,70,-12,67,-11,70,-9,69,-10,66,-15,65,-17,67,-14,64,-17,68,-15,70,-21,70,-18,0,0]"
CSI_DATA,277,2a:00:00:00:00:00,-51,11,1,0,1,1,1,0,0,0,1,-97,0,11,2,3972522,0,44,0,384,0,"[0,0,0,0,0,0,0,0,0,0,0,0,-12,3,-12,3,-10,3,-11,2,-10,2,-11,2,-10,2,-10,2,-10,2,-8,2,-9,2,-9,2,-8,3,-8,2,-8,2,-8,2,-8,2,-7,2,-7,2,-7,2,-6,2,-6,2,-6,2,-6,2,-5,2,-6,2,0,0,-5,2,-4,2,-5,2,-4,2,-4,2,-4,2,-4,2,-4,2,-4,2,-4,2,-4,2,-4,2,-4,2,-4,2,-4,2,-4,2,-4,2,-4,2,-4,1,-4,1,-4,1,-4,1,-4,0,-4,0,-4,0,-4,-1,0,0,0,0,0,0,0,0,0,0,0,0,0,0,-18,60,-15,68,-15,69,-15,62,-13,68,-17,60,-18,62,-20,58,-16,57,-12,48,-12,51,-12,51,-14,52,-9,56,-8,47,-5,48,-13,47,-7,49,-5,40,-1,46,3,42,-7,42,-4,35,-4,44,-8,40,-7,40,-3,34,-7,35,-6,31,2,29,-4,26,1,26,1,30,-4,23,5,28,3,29,0,28,3,24,6,22,8,22,5,23,5,22,4,22,9,22,5,19,4,27,2,23,-1,23,-2,24,-3,22,2,22,-2,20,-5,25,-6,23,-6,19,-6,15,-13,18,0,0,0,0,0,0,0,0,0,0,0,0,0,0,0,0,0,0,0,0,0,0,-10,1,-6,-6,-11,1,-9,0,-8,6,-12,6,-13,2,-17,10,-19,9,-23,17,-21,16,-29,16,-33,18,-33,17,-37,21,-42,20,-44,18,-53,19,-51,23,-60,21,-63,16,-73,14,-67,10,-72,9,-77,4,-75,4,-77,-2,-78,-3,-80,-6,-76,-6,-83,-9,-75,-11,-77,-11,-75,-14,-77,-18,-73,-14,-76,-14,-72,-13,-74,-16,-75,-15,-74,-19,-74,-13,-67,-17,-78,-12,-70,-7,-66,-13,-76,-10,-73,-13,-78,-10,-81,-15,-78,-14,-72,-10,-77,-12,-68,-16,-73,-16,-75,-8,-78,-15,0,0]"
CSI_DATA,278,2a:00:00:00:00:00,-50,11,1,0,1,1,1,0,0,0,1,-97,0,11,2,3992917,0,44,0,384,0,"[0,0,0,0,0,0,0,0,0,0,0,0,10,-8,10,-8,9,-8,10,-8,9,-7,9,-7,9,-7,9,-7,8,-7,8,-7,8,-6,8,-6,7,-6,7,-6,7,-6,7,-6,7,-6,6,-6,6,-6,6,-6,6,-6,5,-5,6,-5,5,-5,5,-5,5,-4,0,0,5,-4,4,-4,4,-4,4,-4,4,-4,3,-4,3,-4,3,-4,3,-3,3,-3,3,-3,3,-3,3,-3,2,-3,2,-3,2,-3,2,-3,2,-3,2,-3,2,-2,2,-2,2,-2,2,-2,2,-2,2,-1,2,-1,0,0,0,0,0,0,0,0,0,0,0,0,0,0,-35,-69,-30,-69,-29,-68,-31,-61,-30,-65,-30,-65,-26,-63,-22,-61,-26,-60,-30,-51,-23,-57,-24,-53,-24,-57,-18,-52,-24,-49,-28,-51,-19,-42,-22,-47,-20,-43,-22,-38,-23,-40,-23,-46,-22,-40,-24,-37,-19,-31,-14,-38,-20,-36,-16,-34,-20,-35,-13,-35,-15,-30,-21,-29,-13,-24,-14,-29,-17,-22,-14,-20,-13,-28,-8,-22,-15,-25,-11,-21,-12,-20,-11,-19,-12,-23,-12,-17,-12,-18,-12,-17,-11,-16,-14,-17,-7,-18,-11,-17,-10,-17,-9,-18,-8,-15,0,-22,-4,-18,0,-14,-2,-19,0,0,0,0,0,0,0,0,0,0,0,0,0,0,0,0,0,0,0,0,0,0,15,1,15,-2,14,1,13,-1,12,-3,12,-6,11,-8,11,-11,11,-14,9,-16,9,-20,13,-19,17,-24,18,-26,19,-31,23,-34,23,-32,28,-38,28,-37,34,-41,39,-42,45,-40,41,-41,46,-38,60,-41,54,-37,56,-37,56,-32,59,-33,57,-33,64,-34,64,-32,67,-32,64,-31,62,-32,64,-29,65,-30,69,-32,64,-27,64,-31,64,-29,39,-66,66,-30,63,-22,58,-40,65,-35,61,-42,63,-38,67,-42,63,-38,63,-36,64,-36,72,-38,68,-40,68,-35,68,-39,67,-41,0,0]"
CSI_DATA,279,2a:00:00:00:00:00,-49,11,1,0,1,1,1,0,0,0,1,-97,0,11,2,4004092,0,44,0,384,0,"[0,0,0,0,0,0,0,0,0,0,0,0,3,12,2,12,2,11,2,12,2,11,2,11,2,10,2,10,2,10,2,10,2,9,3,9,2,9,2,9,2,8,2,8,2,8,2,8,2,8,2,8,2,8,2,8,2,7,2,7,2,7,1,6,0,0,1,6,1,6,1,6,1,5,1,5,1,5,1,5,1,5,1,4,1,4,1,4,1,4,1,4,1,4,0,4,0,3,0,3,0,3,1,3,0,3,0,3,0,3,-1,3,-1,3,-1,2,-1,2,0,0,0,0,0,0,0,0,0,0,0,0,0,0,9,77,7,80,10,80,10,71,13,78,10,73,12,72,8,66,3,67,9,64,12,64,8,59,12,66,11,58,8,58,11,61,8,56,14,52,11,52,15,53,13,51,12,49,13,48,12,48,7,49,7,47,13,46,8,42,7,42,9,39,12,37,13,36,11,40,10,31,10,33,7,34,7,32,8,31,6,32,4,27,7,26,7,29,4,25,3,23,4,23,6,24,8,21,4,24,4,22,2,23,7,21,3,22,-1,17,-1,17,-5,18,1,15,-3,14,0,0,0,0,0,0,0,0,0,0,0,0,0,0,0,0,0,0,0,0,0,0,-19,-10,-15,-8,-15,-5,-14,-6,-19,-9,-10,-4,-17,-2,-17,-1,-16,2,-22,6,-17,7,-23,7,-26,10,-30,13,-29,9,-38,14,-35,14,-43,13,-42,15,-48,15,-55,14,-60,14,-59,13,-59,11,-64,4,-62,8,-62,6,-66,0,-70,1,-71,-1,-73,2,-68,-2,-69,-2,-72,-3,-73,1,-70,-2,-69,2,-66,1,-68,4,-68,4,-67,1,-73,9,-69,12,-75,11,-69,11,-72,21,-69,15,-72,16,-78,16,-80,17,-78,11,-76,18,-72,19,-80,17,-81,16,-77,13,-88,13,0,0]"
CSI_DATA,280,2a:00:00:00:00:00,-48,11,1,0,1,1,1,0,0,0,1,-97,0,11,2,4015503,0,44,0,384,0,"[0,0,0,0,0,0,0,0,0,0,0,0,11,8,10,8,10,8,9,8,9,8,9,7,9,7,9,7,9,7,9,7,9,7,9,6,8,7,8,6,7,6,9,5,8,5,8,5,7,5,8,5,8,5,8,5,7,4,7,5,6,5,7,4,0,0,6,4,5,4,6,3,6,3,5,3,5,3,5,3,5,3,5,3,5,2,4,3,3,3,4,3,4,3,4,2,4,3,3,3,3,2,3,2,2,2,3,3,2,3,2,3,2,3,1,3,1,3,0,0,0,0,0,0,0,0,0,0,0,0,0,0,66,46,59,43,63,41,62,46,63,45,64,49,62,44,59,45,56,39,57,39,54,42,57,38,55,36,50,33,54,37,57,28,52,32,53,32,46,32,56,26,53,29,47,30,49,27,45,29,42,25,39,27,49,26,43,23,43,23,42,21,46,26,44,23,39,23,35,16,32,17,35,19,34,18,34,20,32,23,32,20,31,15,29,20,24,21,22,17,27,16,27,17,28,15,23,15,23,13,21,18,20,16,22,15,19,18,13,16,15,16,12,21,9,18,0,0,0,0,0,0,0,0,0,0,0,0,0,0,0,0,0,0,0,0,0,0,-20,2,-20,3,-16,2,-16,1,-13,4,-14,4,-8,7,-13,8,-12,11,-12,15,-14,16,-14,17,-15,20,-18,25,-22,27,-24,28,-26,33,-31,31,-31,35,-29,34,-31,38,-39,35,-42,39,-38,42,-44,37,-50,39,-54,37,-52,40,-50,36,-55,37,-49,33,-52,39,-53,42,-49,40,-55,36,-52,35,-48,37,-51,41,-49,44,-48,41,-47,42,-44,46,-51,48,-46,42,-45,51,-49,56,-44,52,-45,59,-42,55,-44,55,-42,63,-45,61,-50,62,-43,61,-48,61,-50,67,-51,63,0,0]"
CSI_DATA,281,2a:00:00:00:00:00,-48,11,1,0,1,1,1,0,0,0,1,-97,0,11,2,4023215,0,44,0,384,0,"[0,0,0,0,0,0,0,0,0,0,0,0,12,5,12,4,12,4,12,5,11,5,12,4,11,4,12,4,11,4,10,4,11,3,11,3,10,4,10,3,10,3,11,3,12,2,10,3,10,2,9,3,9,3,9,3,9,2,8,2,8,2,9,2,0,0,8,2,7,2,8,2,7,2,7,2,8,2,7,2,6,1,7,2,7,2,6,2,6,2,6,2,5,2,6,2,5,2,5,2,5,2,5,2,4,2,4,2,4,3,4,3,3,3,3,3,2,3,0,0,0,0,0,0,0,0,0,0,0,0,0,0,68,31,69,35,71,37,66,36,69,32,68,32,66,31,62,29,62,25,62,26,57,31,62,31,65,27,55,28,57,28,60,21,61,25,58,18,59,20,56,25,54,31,50,27,58,21,56,18,51,19,49,17,49,17,53,15,48,15,52,11,46,11,47,16,43,12,39,16,43,12,38,16,39,16,37,18,41,16,39,13,34,9,36,8,36,14,36,10,33,12,31,17,33,14,32,15,25,16,22,14,22,18,25,16,20,16,21,17,19,18,19,17,14,19,0,0,0,0,0,0,0,0,0,0,0,0,0,0,0,0,0,0,0,0,0,0,-17,2,-15,2,-17,1,-14,6,-15,4,-13,5,-13,7,-11,9,-13,12,-6,12,-11,19,-8,21,-10,22,-15,32,-13,27,-17,30,-17,29,-21,33,-19,40,-23,41,-26,37,-32,45,-27,48,-31,47,-35,45,-38,46,-38,52,-42,43,-43,45,-46,43,-42,46,-44,46,-48,42,-46,40,-44,45,-40,48,-43,47,-41,47,-45,48,-36,49,-38,47,-36,53,-38,48,-34,53,-34,57,-32,51,-32,57,-39,62,-34,58,-32,59,-31,60,-34,66,-39,67,-31,64,-29,66,-30,68,-33,67,0,0]"
CSI_DATA,282,2a:00:00:00:00:00,-47,11,1,0,1,1,1,0,0,0,1,-97,0,11,2,4032629,0,44,0,384,0,"[0,0,0,0,0,0,0,0,0,0,0,0,-13,5,-13,5,-13,5,-12,5,-12,5,-13,5,-12,4,-12,4,-12,5,-11,5,-11,5,-11,5,-11,5,-10,5,-10,5,-10,5,-10,5,-10,5,-9,4,-9,4,-9,4,-9,5,-10,4,-9,5,-9,4,-9,4,0,0,-9,4,-8,3,-8,4,-8,4,-7,3,-8,3,-7,3,-8,3,-8,3,-8,3,-8,2,-7,2,-7,3,-6,2,-7,2,-7,2,-6,1,-7,1,-7,1,-6,0,-6,0,-6,0,-6,-1,-6,0,-6,-1,-5,-1,0,0,0,0,0,0,0,0,0,0,0,0,0,0,-70,35,-68,35,-65,34,-75,33,-70,30,-61,29,-60,32,-67,31,-66,34,-63,26,-59,27,-61,29,-62,26,-58,27,-55,32,-54,28,-55,33,-51,33,-52,29,-53,28,-52,32,-52,26,-50,29,-49,30,-51,28,-48,28,-48,27,-45,32,-46,28,-47,27,-44,24,-45,27,-40,30,-38,30,-40,27,-36,26,-41,24,-39,23,-39,26,-39,23,-38,17,-37,27,-36,19,-32,21,-34,16,-36,12,-36,18,-36,16,-36,11,-34,8,-34,7,-36,5,-30,4,-31,1,-25,4,-31,1,-27,-3,0,0,0,0,0,0,0,0,0,0,0,0,0,0,0,0,0,0,0,0,0,0,15,-15,11,-15,9,-14,8,-11,6,-15,8,-9,3,-10,0,-7,1,-13,-3,-16,-4,-13,-7,-17,-11,-19,-17,-19,-12,-19,-15,-22,-16,-25,-19,-29,-19,-32,-16,-37,-19,-41,-21,-41,-20,-42,-15,-46,-16,-48,-17,-53,-13,-50,-12,-50,-14,-57,-11,-56,-10,-56,-18,-60,-7,-58,-10,-61,-6,-56,-13,-57,-13,-58,-14,-54,-14,-55,-21,-53,-16,-56,-15,-56,-20,-56,-23,-54,-25,-58,-32,-65,-31,-61,-28,-61,-28,-61,-31,-62,-33,-61,-33,-63,-33,-66,-33,-67,-37,-66,-41,-68,-32,-73,0,0]"
CSI_DATA,283,2a:00:00:00:00:00,-47,11,1,0,1,1,1,0,0,0,1,-97,0,11,2,4042510,0,44,0,384,0,"[0,0,0,0,0,0,0,0,0,0,0,0,-15,3,-15,3,-13,3,-14,3,-13,2,-13,3,-13,3,-13,3,-13,3,-12,3,-13,3,-13,3,-12,2,-12,3,-12,3,-12,3,-12,3,-11,3,-11,4,-11,3,-10,3,-10,3,-10,3,-10,3,-10,2,-10,2,0,0,-10,3,-9,2,-9,3,-9,3,-8,2,-8,2,-8,2,-8,2,-8,2,-8,2,-8,2,-8,2,-8,2,-7,1,-7,1,-8,1,-7,1,-7,0,-7,0,-7,0,-7,0,-6,-1,-6,-1,-6,-1,-6,-2,-6,-2,0,0,0,0,0,0,0,0,0,0,0,0,0,0,-71,24,-76,22,-70,28,-74,21,-73,26,-72,23,-75,27,-72,23,-67,24,-70,24,-67,20,-69,22,-66,25,-62,28,-62,23,-64,25,-58,25,-59,23,-58,24,-59,25,-59,24,-55,24,-56,28,-55,25,-53,24,-49,24,-51,22,-48,26,-47,22,-48,20,-50,20,-47,18,-44,21,-41,21,-46,23,-40,18,-45,24,-38,23,-43,17,-38,21,-37,19,-42,15,-41,19,-35,16,-40,12,-36,16,-36,12,-33,13,-34,8,-34,13,-39,9,-36,8,-33,5,-31,-1,-31,-1,-29,-3,-28,-1,0,0,0,0,0,0,0,0,0,0,0,0,0,0,0,0,0,0,0,0,0,0,17,-14,17,-13,16,-8,17,-9,15,-4,10,-9,10,-6,7,-9,8,-7,2,-8,5,-10,-6,-12,2,-11,-4,-14,-12,-16,-4,-17,-7,-23,-9,-25,-13,-29,-11,-31,-10,-40,-14,-36,-6,-39,-11,-46,-12,-45,-8,-52,-6,-51,-5,-51,-9,-51,-3,-54,-5,-55,-6,-56,-5,-52,-4,-57,-4,-57,-5,-56,-6,-55,-7,-58,-13,-53,-10,-56,-12,-54,-16,-59,-15,-59,-18,-59,-16,-61,-16,-51,-23,-61,-22,-62,-26,-58,-24,-63,-28,-64,-24,-64,-21,-65,-27,-71,-30,-70,-31,-70,-27,-70,0,0]"
CSI_DATA,284,2a:00:00:00:00:00,-46,11,1,0,1,1,1,0,0,0,1,-97,0,11,2,4053460,0,44,0,384,0,"[0,0,0,0,0,0,0,0,0,0,0,0,-10,-11,-11,-11,-10,-11,-10,-11,-9,-11,-10,-10,-10,-10,-10,-10,-10,-10,-10,-10,-10,-9,-10,-9,-9,-9,-9,-9,-10,-9,-9,-8,-10,-8,-9,-7,-9,-8,-9,-9,-9,-8,-9,-8,-9,-7,-9,-7,-8,-7,-8,-7,0,0,-8,-7,-8,-6,-8,-6,-8,-6,-7,-6,-8,-6,-7,-6,-8,-6,-7,-6,-7,-5,-7,-5,-6,-5,-7,-5,-6,-5,-6,-5,-5,-5,-6,-5,-5,-6,-5,-5,-5,-5,-4,-6,-4,-6,-4,-6,-4,-5,-3,-5,-3,-5,0,0,0,0,0,0,0,0,0,0,0,0,0,0,-41,-69,-48,-65,-44,-65,-46,-64,-47,-67,-42,-66,-46,-62,-45,-61,-43,-63,-42,-59,-39,-60,-45,-58,-41,-63,-43,-61,-44,-53,-47,-53,-47,-56,-45,-49,-45,-53,-46,-48,-47,-53,-41,-50,-44,-45,-40,-44,-41,-47,-40,-52,-44,-38,-42,-46,-41,-37,-39,-39,-40,-36,-43,-35,-35,-37,-38,-33,-38,-36,-34,-34,-32,-35,-35,-33,-32,-34,-34,-31,-33,-31,-32,-29,-33,-31,-32,-26,-33,-31,-29,-29,-30,-29,-26,-34,-25,-27,-26,-29,-22,-30,-20,-32,-23,-33,-15,-29,-15,-29,-10,-30,-10,-29,0,0,0,0,0,0,0,0,0,0,0,0,0,0,0,0,0,0,0,0,0,0,17,27,17,25,11,24,13,23,9,18,8,20,7,16,12,13,6,16,10,7,8,7,10,5,13,2,10,-1,16,-2,14,-1,20,-7,22,-6,18,-9,23,-8,27,-15,27,-11,29,-14,29,-15,36,-15,35,-9,39,-16,43,-13,40,-10,47,-12,51,-15,48,-14,43,-10,49,-12,46,-15,50,-14,49,-20,49,-17,50,-20,46,-21,51,-23,50,-27,48,-29,48,-32,53,-32,45,-30,55,-36,54,-39,58,-38,58,-37,59,-40,61,-46,67,-46,60,-43,60,-50,67,-44,66,-46,0,0]"
CSI_DATA,285,2a:00:00:00:00:00,-45,11,1,0,1,1,1,0,0,0,1,-97,0,11,2,4082739,0,44,0,384,0,"[0,0,0,0,0,0,0,0,0,0,0,0,5,-14,5,-14,4,-14,5,-14,5,-14,4,-13,4,-13,4,-13,4,-13,4,-13,4,-13,4,-13,3,-12,3,-12,3,-13,3,-12,3,-12,3,-12,2,-12,2,-12,2,-12,2,-12,3,-12,2,-12,2,-11,2,-11,0,0,2,-11,2,-11,2,-10,2,-11,2,-10,1,-10,2,-10,2,-9,2,-9,2,-9,2,-9,2,-8,2,-8,2,-8,2,-8,2,-7,2,-8,2,-7,2,-6,3,-6,2,-6,3,-6,3,-6,3,-5,3,-5,3,-4,0,0,0,0,0,0,0,0,0,0,0,0,0,0,44,-66,44,-70,39,-73,45,-64,43,-69,39,-60,39,-67,41,-65,43,-70,40,-61,41,-61,41,-60,37,-59,36,-65,33,-58,29,-59,32,-63,28,-65,26,-59,30,-60,25,-58,29,-58,24,-61,22,-59,29,-61,26,-63,26,-61,24,-58,23,-59,23,-56,19,-54,22,-56,26,-55,20,-52,21,-54,19,-45,20,-49,19,-46,26,-49,20,-46,23,-47,22,-45,21,-40,20,-41,18,-36,20,-39,20,-37,24,-37,18,-30,22,-33,20,-29,19,-26,21,-27,23,-29,22,-27,22,-20,24,-15,0,0,0,0,0,0,0,0,0,0,0,0,0,0,0,0,0,0,0,0,0,0,-18,32,-20,25,-18,25,-17,19,-17,18,-18,18,-17,18,-15,14,-16,17,-11,14,-16,11,-10,11,-10,11,-5,8,2,7,-4,15,-2,12,2,14,10,9,9,11,12,10,16,16,11,18,22,17,23,18,22,21,22,23,21,20,28,25,25,27,28,28,30,34,31,28,35,27,31,33,27,29,35,28,36,25,38,28,42,26,40,28,45,34,39,31,47,29,46,30,43,27,48,33,53,35,56,37,57,36,62,33,58,32,55,38,66,37,63,37,66,40,71,39,0,0]"
CSI_DATA,286,2a:00:00:00:00:00,-44,11,1,0,1,1,1,0,0,0,1,-97,0,11,2,4102526,0,44,0,384,0,"[0,0,0,0,0,0,0,0,0,0,0,0,8,-12,9,-12,8,-12,8,-12,7,-11,8,-11,8,-11,8,-12,8,-11,6,-11,7,-11,7,-12,6,-11,6,-11,6,-11,6,-11,6,-12,6,-11,5,-12,6,-11,5,-11,5,-11,6,-11,5,-11,6,-11,6,-11,0,0,5,-10,5,-10,5,-10,5,-9,5,-9,5,-9,5,-9,5,-8,5,-8,5,-8,5,-8,4,-8,5,-7,5,-7,5,-7,5,-7,4,-6,5,-6,5,-6,4,-5,5,-5,4,-5,4,-4,5,-3,5,-4,4,-3,0,0,0,0,0,0,0,0,0,0,0,0,0,0,55,-56,53,-53,52,-61,50,-55,51,-58,56,-55,47,-59,51,-59,46,-55,50,-54,49,-54,47,-55,45,-56,43,-51,46,-55,42,-60,42,-59,42,-59,40,-57,39,-52,37,-58,38,-58,33,-61,37,-60,39,-53,35,-56,32,-52,33,-55,37,-61,34,-51,32,-52,35,-58,33,-50,34,-53,30,-45,30,-48,29,-50,36,-44,29,-48,28,-45,32,-37,29,-42,26,-37,27,-37,29,-37,26,-35,28,-34,25,-32,28,-27,28,-28,26,-24,30,-28,26,-23,27,-17,21,-17,27,-17,24,-17,0,0,0,0,0,0,0,0,0,0,0,0,0,0,0,0,0,0,0,0,0,0,-28,36,-33,30,-30,24,-34,27,-36,22,-36,18,-34,16,-32,12,-30,12,-29,8,-28,5,-25,6,-22,9,-20,6,-18,7,-17,5,-9,10,-8,6,-6,8,-1,4,4,5,2,15,4,13,14,16,14,15,15,19,12,21,16,24,19,23,20,29,18,25,21,31,23,27,24,34,26,33,24,35,26,35,28,36,28,39,32,33,34,40,34,37,34,36,43,41,41,44,43,37,42,40,47,43,47,41,51,48,48,50,52,46,52,50,52,43,54,47,54,51,58,50,0,0]"
CSI_DATA,287,2a:00:00:00:00:00,-44,11,1,0,1,1,1,0,0,0,1,-97,0,11,2,4114470,0,44,0,384,0,"[0,0,0,0,0,0,0,0,0,0,0,0,-7,12,-7,12,-6,12,-7,12,-6,12,-6,11,-6,11,-7,10,-6,11,-6,12,-5,11,-6,12,-5,11,-5,12,-5,11,-5,12,-4,12,-5,11,-4,12,-4,11,-5,11,-5,11,-5,11,-4,11,-4,11,-5,11,0,0,-5,11,-4,10,-4,10,-5,10,-5,9,-5,9,-4,9,-4,9,-5,9,-4,8,-5,8,-5,7,-5,7,-5,7,-5,7,-5,7,-5,6,-5,6,-5,5,-5,5,-5,5,-5,4,-5,4,-5,4,-5,3,-5,3,0,0,0,0,0,0,0,0,0,0,0,0,0,0,-30,68,-36,64,-28,65,-28,64,-30,67,-27,63,-31,67,-28,67,-28,69,-27,64,-20,63,-24,76,-24,64,-26,65,-25,62,-23,63,-22,67,-22,65,-19,63,-17,66,-17,66,-16,66,-15,62,-14,64,-14,65,-14,64,-13,63,-18,66,-20,60,-17,63,-18,57,-19,57,-16,60,-17,55,-18,53,-14,51,-16,54,-13,55,-19,50,-12,50,-15,50,-20,46,-20,45,-22,45,-18,42,-18,42,-19,40,-20,41,-21,31,-20,33,-18,31,-17,33,-20,29,-25,31,-20,24,-20,17,-23,16,0,0,0,0,0,0,0,0,0,0,0,0,0,0,0,0,0,0,0,0,0,0,15,-53,17,-51,21,-47,25,-45,26,-43,23,-39,24,-34,29,-33,24,-34,32,-29,30,-26,29,-22,25,-21,22,-16,16,-15,19,-16,12,-19,11,-11,6,-11,2,-14,-1,-10,-3,-10,-4,-12,-5,-12,-12,-14,-9,-13,-16,-21,-16,-19,-23,-16,-17,-20,-22,-18,-24,-25,-31,-24,-28,-21,-30,-23,-31,-20,-33,-23,-33,-26,-37,-24,-37,-25,-39,-23,-41,-21,-47,-24,-48,-22,-43,-23,-53,-29,-50,-27,-53,-24,-55,-26,-58,-30,-58,-33,-58,-24,-57,-29,-62,-29,-64,-28,-65,-32,-69,-28,0,0]"
CSI_DATA,288,2a:00:00:00:00:00,-44,11,1,0,1,1,1,0,0,0,1,-97,0,11,2,4124559,0,44,0,384,0,"[0,0,0,0,0,0,0,0,0,0,0,0,3,-12,3,-12,2,-12,3,-12,2,-12,2,-12,3,-12,2,-12,2,-12,2,-12,2,-12,2,-12,1,-12,1,-12,1,-12,1,-13,1,-13,1,-12,0,-12,0,-12,1,-12,0,-13,1,-12,1,-12,1,-12,1,-12,0,0,1,-12,1,-11,1,-12,1,-11,1,-11,2,-11,1,-10,1,-10,2,-10,2,-10,2,-9,2,-8,2,-8,2,-8,2,-9,3,-8,2,-8,3,-8,3,-7,3,-7,3,-7,3,-6,3,-5,3,-5,3,-5,4,-5,0,0,0,0,0,0,0,0,0,0,0,0,0,0,29,-62,29,-62,28,-64,28,-63,26,-62,23,-65,22,-65,27,-65,22,-65,20,-60,19,-58,20,-61,18,-61,17,-63,16,-62,17,-61,18,-67,14,-70,14,-63,14,-63,13,-65,14,-65,8,-67,10,-65,15,-68,14,-65,12,-65,11,-64,14,-61,11,-66,13,-60,15,-60,11,-61,17,-57,14,-58,13,-55,15,-53,17,-56,17,-57,16,-50,20,-51,13,-49,15,-45,13,-45,18,-45,17,-41,19,-42,19,-43,21,-36,20,-36,19,-30,23,-32,18,-32,20,-32,20,-25,22,-23,23,-23,0,0,0,0,0,0,0,0,0,0,0,0,0,0,0,0,0,0,0,0,0,0,-8,55,-11,53,-18,53,-20,49,-24,50,-24,43,-27,42,-28,38,-31,37,-28,39,-30,34,-27,30,-26,26,-23,25,-22,20,-22,19,-19,20,-15,18,-11,18,-8,18,-4,14,-5,14,-4,16,4,14,3,17,5,19,12,20,9,21,15,20,18,17,18,22,19,24,23,20,23,25,27,25,25,26,28,26,27,29,28,26,38,28,34,27,36,24,36,25,43,24,40,24,39,27,42,29,45,28,51,25,51,29,51,28,55,27,54,31,55,29,59,27,59,30,60,31,0,0]"
CSI_DATA,289,2a:00:00:00:00:00,-45,11,1,0,1,1,1,0,0,0,1,-97,0,11,2,4133337,0,44,0,384,0,"[0,0,0,0,0,0,0,0,0,0,0,0,9,-8,9,-8,8,-8,8,-8,8,-8,8,-8,8,-9,8,-8,7,-9,7,-9,8,-9,8,-9,7,-10,7,-10,7,-9,7,-9,7,-10,7,-9,7,-10,6,-10,7,-10,7,-10,8,-10,7,-10,7,-9,8,-9,0,0,8,-9,7,-9,7,-8,7,-9,7,-8,7,-8,7,-8,7,-7,7,-7,7,-7,7,-7,6,-6,7,-6,7,-6,7,-6,6,-5,6,-5,6,-5,6,-4,6,-4,6,-3,6,-3,6,-3,5,-2,5,-2,5,-2,0,0,0,0,0,0,0,0,0,0,0,0,0,0,48,-38,46,-39,46,-41,43,-40,42,-39,45,-40,45,-43,41,-46,39,-44,38,-45,43,-43,42,-41,41,-46,38,-49,41,-47,40,-48,39,-53,38,-54,34,-51,36,-53,31,-54,32,-53,32,-50,38,-52,39,-52,36,-53,39,-51,34,-53,35,-54,39,-54,35,-51,38,-51,36,-48,37,-48,34,-49,34,-47,38,-45,39,-43,35,-40,34,-37,36,-38,34,-41,32,-33,30,-33,35,-32,34,-30,31,-28,31,-27,33,-27,30,-26,35,-21,33,-21,26,-17,28,-20,31,-13,33,-14,30,-13,0,0,0,0,0,0,0,0,0,0,0,0,0,0,0,0,0,0,0,0,0,0,-28,53,-35,50,-34,45,-36,46,-42,42,-41,40,-42,35,-40,28,-42,26,-39,26,-44,25,-40,19,-37,19,-32,22,-32,17,-34,17,-29,14,-24,16,-23,14,-21,17,-13,14,-12,15,-10,20,-5,20,-4,24,-5,23,-1,24,-3,26,1,26,4,27,1,29,7,29,8,34,6,34,10,34,8,36,11,37,15,39,15,39,19,40,18,42,18,39,19,41,23,36,23,40,21,46,20,46,26,47,32,49,27,47,27,46,31,47,29,51,28,47,37,47,38,51,37,47,0,0]"
CSI_DATA,290,2a:00:00:00:00:00,-45,11,1,0,1,1,1,0,0,0,1,-97,0,11,2,4142467,0,44,0,384,0,"[0,0,0,0,0,0,0,0,0,0,0,0,11,1,10,1,10,1,10,1,10,1,10,0,11,-1,10,-1,10,-1,10,0,11,-1,11,-2,11,-1,10,-1,10,-2,11,-2,11,-2,11,-2,11,-2,11,-2,11,-2,11,-2,12,-2,11,-2,11,-1,11,-2,0,0,11,-2,11,-1,11,-1,11,-2,10,-1,10,-1,10,-1,9,-1,9,-1,9,0,9,0,9,0,9,0,8,1,8,0,8,0,8,1,8,1,7,1,6,1,7,1,6,2,6,3,6,2,5,2,5,2,0,0,0,0,0,0,0,0,0,0,0,0,0,0,56,20,52,14,54,10,56,14,57,12,58,5,58,4,53,10,55,7,55,5,56,4,56,3,60,2,57,-1,57,-4,61,-4,59,-6,60,-6,57,-8,62,-7,60,-9,61,-9,57,-12,60,-6,61,-6,61,-7,66,-9,59,-9,60,-6,61,-10,63,-7,60,-6,61,-3,59,-4,60,-4,55,1,54,0,58,0,53,0,54,6,53,-2,50,1,48,3,49,4,48,6,46,3,43,5,46,7,42,10,43,8,40,9,36,12,38,15,32,16,31,14,33,16,28,18,0,0,0,0,0,0,0,0,0,0,0,0,0,0,0,0,0,0,0,0,0,0,-61,17,-62,12,-62,5,-59,2,-60,-5,-58,-5,-58,-8,-57,-10,-55,-15,-50,-13,-48,-14,-49,-12,-45,-14,-44,-8,-39,-10,-35,-12,-41,-13,-37,-13,-32,-9,-29,-8,-26,-4,-28,-3,-24,1,-25,5,-22,5,-22,11,-24,13,-26,17,-23,17,-26,21,-27,22,-22,22,-30,24,-28,26,-25,26,-24,30,-30,34,-28,32,-24,35,-23,34,-23,39,-28,40,-27,43,-27,40,-23,40,-25,50,-26,48,-25,45,-23,46,-25,47,-25,50,-21,51,-22,52,-20,52,-22,53,-23,50,-20,50,0,0]"
CSI_DATA,291,2a:00:00:00:00:00,-45,11,1,0,1,1,1,0,0,0,1,-97,0,11,2,4152494,0,44,0,384,0,"[0,0,0,0,0,0,0,0,0,0,0,0,-4,-10,-5,-10,-5,-11,-5,-10,-5,-10,-5,-9,-6,-9,-6,-9,-6,-9,-6,-10,-7,-9,-7,-9,-8,-9,-7,-9,-8,-9,-9,-9,-8,-9,-8,-9,-9,-9,-9,-9,-9,-9,-9,-10,-8,-10,-9,-9,-8,-9,-8,-10,0,0,-8,-9,-8,-10,-8,-10,-8,-9,-7,-10,-7,-9,-7,-9,-6,-9,-6,-9,-6,-9,-6,-9,-6,-9,-5,-8,-5,-8,-5,-8,-5,-8,-5,-8,-3,-8,-4,-8,-3,-8,-3,-7,-3,-7,-3,-7,-2,-7,-1,-7,-1,-6,0,0,0,0,0,0,0,0,0,0,0,0,0,0,-1,-64,-8,-61,-7,-61,-8,-56,-17,-54,-12,-58,-11,-52,-22,-60,-16,-51,-19,-50,-22,-51,-23,-47,-27,-56,-29,-55,-28,-50,-29,-52,-32,-52,-33,-52,-32,-53,-36,-47,-38,-51,-40,-48,-36,-50,-35,-51,-38,-51,-39,-53,-38,-52,-37,-53,-34,-54,-37,-51,-38,-48,-42,-54,-35,-47,-36,-51,-35,-45,-38,-49,-32,-47,-36,-48,-33,-50,-28,-46,-26,-44,-28,-46,-26,-46,-28,-45,-26,-49,-20,-40,-20,-44,-21,-47,-13,-41,-15,-37,-14,-40,-11,-36,-12,-42,-13,-40,-7,-34,-5,-33,-2,-35,0,0,0,0,0,0,0,0,0,0,0,0,0,0,0,0,0,0,0,0,0,0,32,56,32,57,25,64,22,64,22,59,17,61,13,59,13,58,4,59,5,54,4,50,3,50,7,49,0,52,3,50,-2,41,1,39,-5,35,2,39,9,31,3,34,9,33,13,26,10,27,12,28,14,21,18,21,26,21,27,18,28,22,29,20,31,25,33,21,38,16,41,20,43,15,34,17,39,19,42,18,44,14,49,12,45,12,50,9,48,14,48,9,49,2,51,10,53,4,55,7,49,6,53,9,53,-5,60,5,54,0,61,1,59,6,59,-1,0,0]"
CSI_DATA,292,2a:00:00:00:00:00,-45,11,1,0,1,1,1,0,0,0,1,-97,0,11,2,4162772,0,44,0,384,0,"[0,0,0,0,0,0,0,0,0,0,0,0,-4,-10,-5,-9,-5,-10,-5,-9,-5,-10,-5,-9,-6,-9,-5,-9,-6,-9,-6,-9,-6,-9,-7,-9,-7,-8,-7,-8,-7,-8,-8,-9,-8,-8,-8,-8,-8,-8,-8,-9,-8,-9,-8,-9,-8,-9,-8,-9,-8,-9,-7,-8,0,0,-8,-9,-8,-9,-7,-9,-7,-9,-7,-9,-7,-9,-7,-9,-6,-8,-6,-9,-6,-9,-5,-9,-5,-8,-5,-8,-5,-8,-4,-8,-4,-7,-4,-8,-3,-7,-3,-8,-3,-7,-3,-7,-2,-7,-2,-7,-1,-7,-1,-6,-1,-6,0,0,0,0,0,0,0,0,0,0,0,0,0,0,-5,-57,-4,-53,-7,-56,-3,-55,-9,-53,-13,-51,-9,-53,-14,-58,-14,-52,-19,-49,-18,-56,-20,-52,-20,-52,-19,-48,-26,-46,-27,-52,-24,-51,-31,-53,-27,-54,-31,-52,-33,-48,-29,-48,-35,-48,-32,-52,-31,-56,-30,-56,-33,-54,-33,-52,-34,-58,-31,-51,-28,-53,-31,-53,-28,-53,-34,-52,-27,-48,-29,-55,-26,-55,-22,-58,-24,-54,-21,-51,-23,-51,-21,-48,-20,-49,-19,-48,-16,-48,-14,-43,-15,-42,-16,-47,-12,-41,-8,-42,-7,-40,0,-40,-6,-39,-4,-39,-2,-38,0,-29,3,-33,0,0,0,0,0,0,0,0,0,0,0,0,0,0,0,0,0,0,0,0,0,0,47,41,43,47,40,51,36,50,32,49,31,50,22,53,25,49,23,53,22,49,18,51,18,50,15,50,19,52,18,46,12,46,11,40,10,39,11,36,11,35,8,31,12,31,20,25,16,28,20,23,26,22,23,17,24,24,26,21,29,17,31,15,32,20,33,20,39,16,39,17,38,15,45,17,39,11,45,12,46,11,46,11,49,7,45,6,50,10,48,5,47,7,54,6,52,5,55,6,57,5,57,6,54,1,56,4,52,1,64,1,59,2,56,-3,0,0]"
CSI_DATA,293,2a:00:00:00:00:00,-44,11,1,0,1,1,1,0,0,0,1,-97,0,11,2,4182855,0,44,0,384,0,"[0,0,0,0,0,0,0,0,0,0,0,0,9,-5,8,-6,8,-6,8,-5,8,-6,7,-6,8,-6,7,-6,7,-6,7,-7,8,-7,7,-7,7,-7,7,-7,7,-8,7,-8,6,-8,7,-9,6,-8,6,-8,7,-8,7,-8,8,-9,7,-9,7,-8,7,-9,0,0,7,-8,7,-8,7,-8,7,-8,7,-8,7,-8,7,-7,7,-7,7,-7,7,-7,7,-7,7,-6,7,-5,6,-5,7,-5,6,-5,6,-5,6,-4,6,-5,6,-4,6,-3,6,-3,6,-3,5,-2,6,-2,5,-1,0,0,0,0,0,0,0,0,0,0,0,0,0,0,52,-10,49,-20,51,-19,51,-20,50,-20,55,-21,47,-24,51,-26,45,-27,46,-27,48,-24,45,-27,47,-29,39,-28,46,-30,45,-33,45,-37,41,-36,42,-38,42,-38,46,-42,44,-40,39,-45,41,-40,42,-43,46,-42,43,-39,45,-43,46,-42,47,-46,50,-40,46,-44,44,-35,45,-40,43,-37,45,-36,43,-33,46,-34,43,-32,48,-32,47,-31,44,-32,46,-27,39,-25,43,-28,41,-23,40,-21,38,-18,43,-19,42,-17,38,-14,37,-12,36,-12,34,-6,37,-10,37,-6,37,-3,0,0,0,0,0,0,0,0,0,0,0,0,0,0,0,0,0,0,0,0,0,0,-25,52,-29,55,-28,49,-36,50,-34,40,-40,42,-42,38,-41,36,-45,38,-41,31,-46,33,-42,32,-38,30,-40,31,-37,27,-35,24,-37,26,-36,22,-30,26,-31,24,-28,21,-23,24,-24,25,-22,27,-21,25,-21,27,-18,31,-18,34,-15,31,-12,33,-12,37,-9,41,-8,40,-8,41,-8,44,-10,42,-5,42,-8,46,-3,46,0,50,-2,47,2,46,-3,53,4,45,4,52,0,54,4,58,5,56,6,52,7,50,8,54,8,56,11,58,7,53,12,57,14,51,12,54,0,0]"
CSI_DATA,294,2a:00:00:00:00:00,-44,11,1,0,1,1,1,0,0,0,1,-97,0,11,2,4192738,0,44,0,384,0,"[0,0,0,0,0,0,0,0,0,0,0,0,10,-2,10,-2,10,-3,9,-2,9,-3,10,-3,9,-4,9,-4,9,-4,9,-4,9,-4,9,-4,9,-5,8,-5,8,-5,9,-6,9,-6,9,-6,9,-6,9,-6,9,-6,9,-6,10,-6,9,-6,9,-6,10,-6,0,0,10,-6,10,-6,9,-5,9,-6,9,-5,9,-5,9,-5,9,-5,9,-5,9,-4,9,-4,8,-3,8,-3,8,-3,8,-3,8,-3,7,-2,7,-3,7,-2,7,-1,7,-2,6,-1,6,-1,6,0,6,0,6,0,0,0,0,0,0,0,0,0,0,0,0,0,0,0,56,0,59,2,53,-3,58,-3,57,-6,63,-4,52,-5,55,-8,51,-12,52,-13,55,-9,57,-12,54,-12,50,-11,58,-15,55,-16,55,-22,51,-24,46,-23,54,-27,56,-28,54,-27,54,-30,50,-30,57,-22,50,-29,62,-22,59,-30,53,-24,57,-27,59,-25,59,-26,54,-23,56,-23,56,-29,52,-21,54,-18,55,-19,56,-14,54,-18,54,-14,49,-16,52,-9,46,-10,50,-13,48,-11,47,-9,47,-5,47,-5,46,-5,44,-2,46,0,39,1,35,4,35,4,38,5,36,6,0,0,0,0,0,0,0,0,0,0,0,0,0,0,0,0,0,0,0,0,0,0,-36,45,-42,41,-43,36,-46,38,-45,27,-46,31,-47,27,-49,23,-51,23,-47,22,-47,20,-47,16,-48,14,-49,18,-44,14,-42,15,-40,16,-40,13,-37,15,-36,13,-35,16,-33,15,-29,21,-26,18,-31,19,-24,23,-28,27,-26,26,-19,26,-22,31,-24,32,-23,31,-23,31,-21,34,-23,36,-22,39,-19,39,-19,43,-16,48,-14,45,-15,45,-14,46,-15,50,-13,49,-13,46,-8,56,-14,54,-13,59,-5,57,-12,52,-11,54,-6,59,-8,60,-4,54,-8,61,-2,58,-6,60,0,0]"
CSI_DATA,295,2a:00:00:00:00:00,-44,11,1,0,1,1,1,0,0,0,1,-97,0,11,2,4202633,0,44,0,384,0,"[0,0,0,0,0,0,0,0,0,0,0,0,10,0,10,0,10,0,10,-1,10,-1,10,-1,10,-1,10,-2,10,-2,10,-2,10,-3,9,-3,9,-4,9,-3,9,-4,9,-4,10,-4,9,-4,10,-5,10,-4,10,-4,10,-5,10,-5,10,-5,10,-5,10,-5,0,0,10,-4,10,-4,10,-4,10,-4,10,-4,10,-3,10,-3,9,-3,10,-3,9,-3,9,-2,9,-2,8,-2,8,-2,8,-1,8,-2,7,-1,8,-1,7,-1,7,0,7,0,7,0,6,0,6,1,6,0,5,1,0,0,0,0,0,0,0,0,0,0,0,0,0,0,53,16,51,20,55,15,54,13,56,11,54,10,55,10,52,8,49,6,56,5,51,2,57,2,55,-1,50,-1,56,-5,55,-2,55,-5,53,-1,55,-5,58,-10,64,-10,56,-12,55,-10,56,-11,56,-9,61,-11,61,-11,59,-12,60,-11,63,-11,62,-7,62,-8,61,-6,58,-8,60,-5,58,-4,57,-4,57,-5,58,-1,54,0,55,-3,54,0,51,4,48,0,45,3,48,2,44,3,44,6,43,9,44,4,39,9,38,5,32,11,35,12,31,15,32,16,28,14,0,0,0,0,0,0,0,0,0,0,0,0,0,0,0,0,0,0,0,0,0,0,-49,29,-49,24,-49,19,-51,19,-47,15,-50,14,-53,15,-48,7,-48,9,-50,8,-47,6,-48,7,-44,3,-43,-1,-41,4,-47,6,-41,6,-37,5,-39,5,-34,4,-34,6,-34,7,-39,9,-34,8,-28,14,-30,17,-31,18,-30,22,-31,18,-27,24,-29,25,-27,29,-29,30,-31,30,-29,30,-29,37,-29,35,-29,36,-26,35,-28,38,-27,34,-32,43,-26,40,-27,44,-25,45,-23,43,-25,52,-26,50,-25,50,-23,51,-25,46,-26,55,-25,53,-25,56,-21,53,-16,51,-20,55,0,0]"
CSI_DATA,296,2a:00:00:00:00:00,-44,11,1,0,1,1,1,0,0,0,1,-97,0,11,2,4212529,0,44,0,384,0,"[0,0,0,0,0,0,0,0,0,0,0,0,11,1,10,1,10,1,10,1,10,0,10,1,10,0,10,0,10,-1,10,-1,10,-1,10,-2,10,-2,10,-2,10,-2,11,-3,10,-3,11,-3,10,-3,10,-3,11,-3,11,-3,11,-3,11,-3,11,-3,11,-3,0,0,11,-3,11,-2,11,-2,11,-3,10,-2,10,-1,10,-2,10,-1,10,-1,10,-1,10,-1,9,-1,9,0,8,0,8,0,8,0,8,0,8,0,8,0,7,1,7,1,6,2,6,1,6,2,6,2,5,2,0,0,0,0,0,0,0,0,0,0,0,0,0,0,55,21,55,18,57,18,62,15,58,14,56,13,55,11,53,9,52,7,57,7,59,1,59,1,57,0,59,-1,58,-3,58,-3,56,-6,56,-6,56,-8,59,-10,58,-14,62,-8,60,-10,60,-11,61,-9,58,-13,67,-8,58,-13,60,-11,59,-11,63,-7,65,-7,64,-5,58,-9,62,-5,55,-3,56,-5,56,-3,58,0,55,-4,59,0,57,2,51,4,50,2,48,7,47,4,47,2,48,5,46,4,43,8,43,7,44,8,37,10,37,13,33,16,33,13,31,14,0,0,0,0,0,0,0,0,0,0,0,0,0,0,0,0,0,0,0,0,0,0,-49,28,-49,24,-50,20,-56,15,-53,12,-53,12,-49,13,-48,8,-50,7,-53,4,-53,3,-48,3,-46,6,-46,6,-43,2,-43,4,-42,7,-40,7,-38,4,-38,5,-35,9,-36,13,-38,9,-33,11,-32,13,-32,19,-33,19,-29,21,-29,21,-34,24,-31,29,-32,24,-32,27,-30,30,-31,32,-32,32,-30,37,-33,38,-29,36,-28,36,-27,39,-27,46,-27,45,-26,49,-27,49,-28,53,-25,49,-23,53,-25,50,-26,54,-26,51,-23,59,-24,57,-21,59,-28,54,-21,54,-21,65,0,0]"
CSI_DATA,297,2a:00:00:00:00:00,-44,11,1,0,1,1,1,0,0,0,1,-97,0,11,2,4232552,0,44,0,384,0,"[0,0,0,0,0,0,0,0,0,0,0,0,-11,3,-10,4,-10,4,-10,4,-9,4,-10,4,-10,4,-9,5,-9,5,-9,5,-9,5,-9,6,-8,6,-9,6,-8,6,-8,7,-9,7,-9,7,-8,7,-8,7,-9,7,-9,7,-9,7,-9,7,-9,7,-9,7,0,0,-9,7,-9,6,-9,6,-9,6,-9,6,-9,5,-9,5,-9,5,-9,5,-9,5,-9,4,-8,3,-8,4,-8,3,-9,3,-8,3,-8,3,-8,2,-8,2,-7,1,-7,1,-7,1,-7,1,-7,0,-7,0,-6,0,0,0,0,0,0,0,0,0,0,0,0,0,0,0,-59,5,-58,4,-59,5,-59,7,-63,10,-57,3,-54,10,-55,14,-56,19,-55,13,-58,12,-56,14,-56,17,-50,19,-51,19,-55,22,-51,21,-50,31,-50,26,-54,25,-55,28,-54,27,-47,31,-52,33,-51,27,-52,29,-53,32,-51,33,-56,33,-56,31,-54,31,-56,29,-55,26,-54,32,-52,31,-53,25,-51,24,-52,20,-52,21,-51,23,-54,22,-52,20,-50,18,-50,16,-48,15,-47,11,-50,11,-43,9,-48,9,-45,6,-42,3,-43,5,-37,0,-36,2,-39,0,-38,-2,-35,-6,0,0,0,0,0,0,0,0,0,0,0,0,0,0,0,0,0,0,0,0,0,0,31,-45,36,-43,35,-38,37,-36,42,-33,41,-32,42,-31,41,-26,42,-27,44,-24,43,-25,38,-23,40,-22,39,-23,31,-19,36,-23,35,-19,36,-22,28,-21,26,-19,25,-20,27,-21,24,-24,19,-24,16,-23,24,-28,22,-33,21,-33,19,-29,17,-34,13,-37,14,-38,14,-41,14,-38,12,-42,16,-46,13,-46,11,-49,8,-50,3,-50,6,-50,8,-53,8,-51,2,-56,7,-53,-3,-55,3,-55,4,-57,0,-57,2,-58,0,-58,-4,-61,1,-61,-1,-61,-3,-61,-4,-62,-7,-62,0,0]"
CSI_DATA,298,2a:00:00:00:00:00,-44,11,1,0,1,1,1,0,0,0,1,-97,0,11,2,4242731,0,44,0,384,0,"[0,0,0,0,0,0,0,0,0,0,0,0,-7,-10,-6,-9,-7,-9,-7,-9,-7,-9,-7,-8,-7,-8,-7,-8,-8,-8,-8,-8,-8,-8,-8,-7,-8,-7,-9,-7,-8,-7,-9,-7,-9,-6,-9,-7,-9,-6,-9,-7,-9,-7,-10,-7,-9,-7,-9,-7,-9,-7,-10,-7,0,0,-9,-7,-9,-8,-9,-7,-9,-7,-8,-7,-8,-7,-8,-7,-8,-7,-7,-7,-7,-7,-7,-8,-7,-7,-6,-7,-6,-7,-6,-7,-5,-7,-5,-7,-5,-6,-4,-7,-4,-6,-4,-6,-4,-7,-3,-7,-3,-6,-2,-6,-2,-6,0,0,0,0,0,0,0,0,0,0,0,0,0,0,-20,-61,-22,-57,-25,-61,-31,-52,-27,-54,-28,-51,-29,-56,-27,-53,-31,-49,-34,-49,-33,-46,-37,-44,-40,-44,-34,-47,-38,-47,-40,-40,-41,-43,-42,-43,-42,-43,-44,-38,-47,-41,-44,-36,-49,-42,-48,-43,-45,-42,-47,-42,-44,-40,-47,-39,-45,-44,-48,-43,-45,-41,-49,-43,-43,-45,-43,-43,-43,-41,-45,-44,-44,-45,-41,-47,-39,-43,-38,-41,-35,-39,-31,-43,-34,-45,-35,-43,-32,-42,-24,-36,-26,-43,-25,-40,-24,-38,-23,-36,-20,-38,-22,-37,-23,-38,-15,-39,-10,-38,-10,-34,-5,-32,0,0,0,0,0,0,0,0,0,0,0,0,0,0,0,0,0,0,0,0,0,0,50,19,51,22,45,24,44,28,44,30,41,32,38,32,38,33,35,34,35,32,30,30,31,31,33,34,32,34,34,29,25,32,28,24,28,28,27,26,29,22,30,19,28,20,28,14,29,10,30,17,34,6,35,8,35,8,37,6,41,4,36,4,42,5,44,5,46,3,44,1,48,0,45,-3,46,-7,49,-3,53,-4,53,-5,46,-9,53,-14,53,-12,53,-10,58,-12,52,-11,50,-17,60,-22,58,-15,59,-15,57,-20,60,-19,53,-17,56,-19,63,-25,60,-25,0,0]"
CSI_DATA,299,2a:00:00:00:00:00,-44,11,1,0,1,1,1,0,0,0,1,-97,0,11,2,4252502,0,44,0,384,0,"[0,0,0,0,0,0,0,0,0,0,0,0,10,1,10,0,10,1,10,0,10,1,10,0,10,0,10,-1,9,-1,9,-1,10,-2,10,-2,10,-2,10,-2,9,-2,10,-3,10,-3,10,-3,10,-3,10,-3,10,-3,10,-3,10,-3,10,-3,11,-3,11,-3,0,0,11,-3,11,-2,10,-2,10,-2,10,-2,10,-2,10,-2,10,-1,10,-1,9,-1,9,-1,8,-1,8,0,8,0,8,0,8,0,7,0,7,0,7,0,7,1,7,1,6,1,6,1,6,2,5,2,5,2,0,0,0,0,0,0,0,0,0,0,0,0,0,0,59,4,59,-1,61,1,57,3,63,-6,59,-4,57,-3,56,0,51,-4,55,-5,53,-9,54,-10,55,-13,46,-11,53,-12,52,-18,53,-15,53,-17,48,-21,55,-19,55,-23,52,-28,51,-27,56,-28,52,-25,56,-21,58,-24,54,-23,54,-22,57,-24,56,-23,61,-23,53,-24,51,-22,51,-21,50,-17,49,-14,53,-16,53,-12,51,-19,56,-14,47,-14,51,-8,49,-10,52,-12,43,-9,47,-5,44,-8,43,-1,42,-1,39,0,41,-2,38,0,37,1,36,4,37,4,35,7,0,0,0,0,0,0,0,0,0,0,0,0,0,0,0,0,0,0,0,0,0,0,-36,40,-41,37,-46,31,-44,27,-47,25,-47,26,-46,18,-46,22,-46,19,-46,16,-44,19,-43,15,-42,12,-39,16,-41,18,-36,14,-39,17,-33,14,-32,11,-32,12,-32,15,-29,16,-29,20,-28,19,-26,20,-26,27,-23,24,-27,33,-22,23,-20,32,-20,36,-21,32,-19,34,-22,35,-21,36,-21,42,-21,40,-20,43,-18,38,-18,43,-18,43,-12,47,-14,51,-17,48,-14,52,-11,50,-9,55,-10,61,-13,52,-10,54,-12,55,-11,63,-9,64,-8,55,-8,56,-8,61,-11,62,0,0]"
CSI_DATA,300,2a:00:00:00:00:00,-44,11,1,0,1,1,1,0,0,0,1,-97,0,11,2,4272504,0,44,0,384,0,"[0,0,0,0,0,0,0,0,0,0,0,0,-11,0,-11,0,-10,0,-11,0,-10,0,-11,1,-11,1,-10,1,-10,1,-10,1,-10,2,-10,2,-10,3,-10,3,-10,3,-10,3,-10,3,-10,3,-10,3,-10,4,-11,3,-10,3,-11,3,-10,3,-11,3,-11,3,0,0,-11,3,-10,3,-10,2,-11,2,-10,2,-10,2,-10,1,-10,1,-10,1,-10,1,-9,1,-9,0,-9,0,-9,0,-9,0,-9,0,-9,0,-8,0,-8,-1,-8,-1,-8,-1,-7,-1,-7,-2,-6,-2,-6,-2,-6,-3,0,0,0,0,0,0,0,0,0,0,0,0,0,0,-57,-9,-63,-13,-59,-6,-64,-9,-64,-2,-60,-3,-55,-2,-55,-2,-54,-2,-53,4,-57,0,-49,2,-57,6,-52,8,-57,10,-57,13,-52,12,-51,14,-53,13,-52,21,-59,19,-57,15,-52,21,-52,21,-54,20,-59,17,-60,20,-60,21,-55,18,-62,21,-60,18,-59,20,-52,14,-57,16,-54,17,-56,14,-56,12,-57,13,-51,10,-57,12,-53,11,-56,8,-51,5,-48,6,-51,3,-46,4,-50,9,-44,-1,-47,1,-46,0,-42,-1,-42,0,-39,-1,-34,-3,-37,-7,-38,-10,-36,-13,0,0,0,0,0,0,0,0,0,0,0,0,0,0,0,0,0,0,0,0,0,0,39,-40,43,-37,44,-31,45,-31,47,-25,47,-26,45,-26,47,-26,46,-25,45,-17,46,-17,42,-15,41,-20,41,-16,42,-14,42,-16,37,-16,35,-15,33,-13,33,-14,30,-15,33,-19,28,-23,27,-22,25,-20,23,-24,25,-30,25,-29,23,-29,25,-30,25,-35,23,-34,22,-37,22,-38,20,-40,23,-41,19,-43,26,-50,19,-41,17,-44,19,-44,17,-49,18,-52,14,-51,12,-54,15,-55,16,-56,13,-56,13,-55,13,-55,13,-54,11,-57,10,-59,12,-62,14,-63,4,-57,8,-61,0,0]"
CSI_DATA,301,2a:00:00:00:00:00,-44,11,1,0,1,1,1,0,0,0,1,-97,0,11,2,4283342,0,44,0,384,0,"[0,0,0,0,0,0,0,0,0,0,0,0,10,-4,10,-4,9,-4,9,-4,9,-5,9,-5,8,-5,8,-5,9,-5,8,-6,8,-6,8,-6,8,-7,7,-7,8,-7,8,-7,7,-7,8,-7,7,-8,8,-7,8,-7,8,-8,8,-8,7,-8,8,-8,8,-8,0,0,8,-8,8,-7,8,-7,8,-7,8,-7,8,-6,8,-6,8,-6,8,-6,8,-6,7,-6,7,-5,7,-5,7,-5,7,-4,7,-4,7,-4,7,-4,7,-3,7,-3,7,-3,6,-2,6,-2,6,-2,6,-1,6,-1,0,0,0,0,0,0,0,0,0,0,0,0,0,0,64,0,59,4,58,-4,59,7,58,-4,64,-3,54,-4,55,-6,53,-5,58,-7,50,-13,49,-11,57,-14,55,-14,55,-17,53,-19,50,-24,51,-23,50,-20,50,-25,54,-25,50,-22,52,-26,49,-29,51,-25,52,-28,53,-31,50,-27,52,-25,60,-34,54,-24,57,-31,51,-23,56,-25,52,-22,49,-26,49,-23,55,-21,50,-21,51,-18,51,-21,48,-14,45,-17,48,-17,51,-16,46,-15,49,-13,44,-10,44,-9,43,-10,43,-6,41,-3,41,-7,36,-1,33,3,37,4,35,8,0,0,0,0,0,0,0,0,0,0,0,0,0,0,0,0,0,0,0,0,0,0,-36,49,-44,42,-42,33,-45,34,-41,32,-49,29,-48,26,-47,30,-50,24,-41,21,-49,19,-44,20,-39,17,-44,20,-43,19,-42,18,-41,21,-40,19,-36,20,-31,18,-33,19,-31,22,-31,23,-24,22,-22,24,-25,27,-26,30,-27,32,-19,28,-19,36,-21,39,-21,37,-19,39,-19,40,-20,42,-23,47,-20,43,-17,46,-13,49,-13,49,-13,52,-14,51,-15,52,-11,54,-15,56,-16,60,-12,53,-10,60,-8,61,-10,57,-6,58,-8,64,-3,67,-7,62,-5,61,-4,62,0,65,0,0]"
CSI_DATA,302,2a:00:00:00:00:00,-44,11,1,0,1,1,1,0,0,0,1,-97,0,11,2,4302680,0,44,0,384,0,"[0,0,0,0,0,0,0,0,0,0,0,0,-2,9,-2,9,-1,10,-1,10,-2,10,-1,9,-1,9,-1,9,-1,9,0,9,0,9,1,9,1,10,1,9,1,9,2,9,2,9,2,9,3,10,2,10,2,10,2,10,2,9,2,10,2,10,2,10,0,0,2,10,2,10,2,10,1,10,1,9,1,10,1,9,1,9,0,9,0,9,0,9,0,8,0,8,0,8,-1,8,-1,7,0,7,-1,7,-2,7,-2,6,-2,6,-2,6,-2,6,-2,6,-3,5,-3,4,0,0,0,0,0,0,0,0,0,0,0,0,0,0,-24,54,-20,59,-23,56,-17,54,-17,53,-15,51,-14,58,-18,50,-16,55,-10,50,-6,55,-4,49,-2,57,-4,54,-5,51,-1,53,0,54,1,52,3,53,6,51,9,53,5,57,10,55,7,58,6,55,8,57,5,58,8,61,3,59,5,59,7,58,4,59,5,57,8,58,6,58,3,53,4,53,8,52,8,53,-2,49,2,52,-4,44,-4,47,1,51,-3,47,-6,48,-7,41,-8,46,-8,39,-6,38,-11,40,-8,36,-10,37,-12,38,-15,34,-17,29,-16,27,0,0,0,0,0,0,0,0,0,0,0,0,0,0,0,0,0,0,0,0,0,0,-37,-49,-27,-48,-31,-53,-26,-55,-21,-52,-18,-49,-19,-53,-13,-56,-13,-56,-14,-55,-8,-52,-4,-51,-12,-53,-7,-48,-11,-43,-6,-47,-6,-41,-9,-41,-8,-42,-11,-45,-10,-37,-16,-39,-15,-37,-16,-37,-17,-35,-21,-35,-17,-33,-22,-33,-30,-33,-28,-32,-32,-30,-30,-36,-34,-33,-35,-32,-38,-35,-36,-28,-39,-33,-40,-30,-43,-32,-44,-28,-43,-32,-46,-28,-47,-28,-52,-32,-47,-26,-52,-28,-49,-26,-50,-23,-60,-28,-58,-24,-57,-27,-57,-28,-54,-27,-55,-26,-60,-23,-61,-24,-61,-28,0,0]"
CSI_DATA,303,2a:00:00:00:00:00,-44,11,1,0,1,1,1,0,0,0,1,-97,0,11,2,4312491,0,44,0,384,0,"[0,0,0,0,0,0,0,0,0,0,0,0,-11,-3,-11,-2,-10,-2,-11,-2,-10,-2,-10,-1,-10,-1,-10,-1,-10,0,-10,0,-10,0,-10,1,-10,0,-10,1,-10,1,-11,1,-11,1,-11,2,-11,2,-11,2,-11,2,-11,1,-11,1,-11,1,-11,1,-11,1,0,0,-11,1,-10,0,-11,0,-11,0,-10,0,-11,0,-10,0,-10,0,-10,0,-10,0,-10,-1,-9,-1,-8,-1,-9,-1,-9,-1,-9,-1,-8,-2,-8,-2,-8,-2,-7,-2,-7,-2,-6,-3,-6,-3,-6,-3,-6,-3,-6,-4,0,0,0,0,0,0,0,0,0,0,0,0,0,0,-53,-21,-54,-19,-54,-17,-56,-15,-57,-9,-55,-11,-50,-9,-54,-11,-47,-7,-56,-8,-54,-7,-52,-2,-53,-1,-53,-1,-52,3,-53,6,-49,7,-52,7,-50,5,-54,8,-54,8,-52,11,-55,12,-56,10,-55,10,-54,14,-56,9,-58,16,-54,10,-60,12,-58,12,-58,9,-55,8,-56,8,-57,5,-55,4,-52,3,-55,2,-50,1,-54,-1,-50,3,-52,2,-50,3,-49,3,-44,-2,-46,0,-43,0,-44,-4,-42,-3,-42,-8,-38,-7,-36,-7,-38,-10,-33,-13,-33,-13,-33,-14,-30,-18,0,0,0,0,0,0,0,0,0,0,0,0,0,0,0,0,0,0,0,0,0,0,37,-42,41,-39,41,-35,45,-36,46,-31,47,-32,52,-26,48,-25,49,-23,48,-18,45,-22,47,-20,46,-19,47,-20,45,-15,43,-15,41,-19,38,-12,37,-20,36,-15,32,-18,34,-15,32,-18,32,-22,30,-21,30,-28,24,-28,27,-27,25,-28,30,-30,25,-35,27,-29,23,-33,28,-36,26,-41,25,-42,26,-38,24,-43,22,-44,20,-45,24,-49,24,-48,18,-50,22,-48,23,-50,17,-48,22,-53,21,-59,21,-53,18,-58,16,-55,20,-54,22,-61,19,-56,19,-58,21,-60,18,-59,0,0]"
CSI_DATA,304,2a:00:00:00:00:00,-44,11,1,0,1,1,1,0,0,0,1,-97,0,11,2,4322636,0,44,0,384,0,"[0,0,0,0,0,0,0,0,0,0,0,0,6,-9,5,-9,5,-9,5,-9,4,-9,4,-9,4,-9,4,-9,3,-9,3,-9,3,-10,3,-9,2,-10,2,-10,2,-10,2,-10,2,-10,1,-10,1,-10,1,-10,2,-11,1,-11,2,-11,1,-11,2,-11,2,-11,0,0,2,-11,2,-10,2,-10,3,-11,2,-10,2,-10,2,-10,3,-9,3,-9,3,-9,4,-9,3,-8,3,-8,3,-8,4,-8,4,-7,4,-7,4,-7,4,-6,4,-6,4,-6,4,-6,4,-5,4,-5,4,-4,4,-4,0,0,0,0,0,0,0,0,0,0,0,0,0,0,42,-46,35,-41,38,-46,39,-39,39,-38,37,-42,31,-45,31,-46,28,-44,29,-43,26,-46,27,-40,23,-42,18,-48,22,-47,21,-44,15,-49,16,-46,13,-53,16,-51,15,-54,12,-49,11,-59,9,-55,15,-55,13,-53,11,-54,10,-58,17,-56,17,-54,14,-55,14,-56,13,-51,14,-54,16,-50,18,-51,13,-51,18,-50,15,-48,21,-45,22,-44,22,-44,16,-43,18,-43,20,-42,23,-40,22,-42,20,-36,25,-40,23,-35,21,-31,25,-33,23,-32,23,-29,22,-24,27,-19,26,-17,0,0,0,0,0,0,0,0,0,0,0,0,0,0,0,0,0,0,0,0,0,0,27,51,25,57,17,53,13,56,12,57,9,61,2,55,3,52,1,53,0,48,-2,48,0,50,2,47,0,49,-3,47,-9,43,0,46,0,40,3,37,2,36,1,38,3,36,2,36,8,36,12,40,7,35,12,36,10,38,16,34,20,39,15,38,22,38,21,40,26,37,25,40,23,37,26,41,28,39,31,42,35,42,36,44,33,39,39,43,36,41,35,41,41,41,41,41,39,43,45,40,43,38,44,39,41,43,45,51,42,41,45,39,50,44,41,42,0,0]"
CSI_DATA,305,2a:00:00:00:00:00,-44,11,1,0,1,1,1,0,0,0,1,-97,0,11,2,4344562,0,44,0,384,0,"[0,0,0,0,0,0,0,0,0,0,0,0,9,5,9,4,9,4,9,4,9,3,9,3,8,2,8,2,9,2,8,2,9,2,9,1,9,1,9,1,8,1,9,0,9,0,9,0,9,0,9,0,9,0,10,0,10,0,10,0,10,1,10,0,0,0,10,1,9,1,9,1,9,1,9,1,9,1,9,2,8,2,9,2,8,2,8,2,7,2,7,2,7,3,7,2,6,3,6,3,6,3,6,3,5,3,5,3,5,3,4,3,4,4,4,4,3,4,0,0,0,0,0,0,0,0,0,0,0,0,0,0,46,28,51,25,51,25,51,22,51,21,48,15,48,19,46,18,49,17,45,9,47,16,49,10,50,8,45,11,49,9,48,4,50,3,45,1,49,1,56,1,54,-2,53,-5,50,-2,53,0,53,1,52,3,55,2,54,0,53,3,58,-2,56,4,55,-2,55,4,54,5,53,-2,50,8,52,5,48,9,47,7,51,11,53,7,46,7,42,8,45,8,44,13,40,9,41,12,40,19,38,12,39,13,35,15,33,12,30,17,27,19,24,17,28,17,26,17,0,0,0,0,0,0,0,0,0,0,0,0,0,0,0,0,0,0,0,0,0,0,-42,44,-43,42,-49,39,-48,33,-47,31,-50,28,-50,23,-49,28,-51,24,-50,20,-51,19,-48,17,-52,20,-48,16,-47,14,-46,10,-43,12,-38,15,-41,10,-39,15,-36,13,-39,16,-35,18,-35,19,-34,20,-31,24,-32,27,-34,27,-31,28,-35,23,-33,35,-34,29,-34,33,-31,37,-36,34,-33,38,-31,43,-32,40,-30,40,-31,41,-31,40,-29,45,-30,50,-30,49,-31,48,-30,48,-31,53,-31,51,-30,49,-32,49,-30,51,-27,53,-26,52,-25,51,-32,51,-27,52,-28,52,0,0]"
CSI_DATA,306,2a:00:00:00:00:00,-44,11,1,0,1,1,1,0,0,0,1,-97,0,11,2,4352585,0,44,0,384,0,"[0,0,0,0,0,0,0,0,0,0,0,0,1,9,1,9,2,10,1,9,2,9,2,8,2,8,3,8,3,8,3,8,3,8,3,8,4,8,4,8,4,8,4,8,5,7,5,7,5,8,5,8,5,8,5,8,5,8,5,8,5,8,5,8,0,0,5,8,5,9,4,8,5,8,4,8,4,8,4,8,4,8,3,8,3,8,3,8,3,8,3,7,2,7,2,7,2,6,2,7,1,6,1,6,1,6,1,6,1,6,0,6,0,6,-1,5,-1,5,0,0,0,0,0,0,0,0,0,0,0,0,0,0,4,63,-2,65,6,56,8,55,9,53,10,52,11,57,9,56,10,54,12,47,11,46,17,47,19,46,16,50,18,45,24,43,25,45,23,49,24,47,33,46,28,45,25,46,32,46,31,49,27,46,27,49,32,49,29,52,31,48,31,44,29,45,29,47,32,47,28,50,29,46,26,45,24,45,27,48,24,49,20,44,16,45,17,46,19,47,18,43,17,43,16,39,12,39,16,45,10,35,6,36,8,35,6,38,2,37,0,38,-2,37,0,30,-3,28,0,0,0,0,0,0,0,0,0,0,0,0,0,0,0,0,0,0,0,0,0,0,-62,-12,-60,-17,-58,-23,-60,-26,-57,-25,-50,-28,-50,-30,-46,-32,-46,-31,-46,-37,-40,-38,-45,-36,-43,-36,-39,-41,-38,-34,-37,-32,-36,-32,-37,-33,-33,-27,-38,-28,-35,-22,-39,-25,-38,-22,-37,-24,-39,-20,-37,-17,-38,-17,-42,-14,-50,-12,-43,-15,-46,-11,-52,-11,-47,-13,-46,-9,-55,-8,-53,-11,-52,-5,-54,-9,-53,-9,-56,-9,-58,-7,-59,-4,-59,-2,-62,-4,-55,-3,-62,-2,-63,-1,-59,3,-65,-3,-64,3,-59,-2,-66,5,-62,3,-63,4,-64,0,-64,-1,-67,4,0,0]"
CSI_DATA,307,2a:00:00:00:00:00,-45,11,1,0,1,1,1,0,0,0,1,-97,0,11,2,4383130,0,44,0,384,0,"[0,0,0,0,0,0,0,0,0,0,0,0,9,0,9,-1,9,-1,9,-1,8,-1,9,-1,8,-1,8,-2,9,-2,8,-2,9,-2,9,-3,8,-3,8,-3,8,-3,8,-4,8,-4,8,-4,8,-4,8,-4,9,-4,8,-4,9,-4,8,-4,9,-4,9,-4,0,0,9,-3,9,-3,9,-3,9,-3,8,-3,8,-3,8,-3,8,-2,8,-2,8,-2,8,-2,7,-1,7,-1,7,0,7,-1,7,-1,7,0,7,-1,6,0,6,0,6,0,6,1,5,1,5,1,5,1,5,2,0,0,0,0,0,0,0,0,0,0,0,0,0,0,60,11,58,7,55,6,54,2,56,4,57,2,51,1,52,0,48,1,51,-6,52,-7,51,-6,50,-8,43,-4,46,-8,47,-9,46,-10,45,-11,48,-15,50,-19,52,-16,49,-18,45,-21,47,-18,46,-19,48,-21,54,-18,51,-20,51,-15,53,-15,52,-15,54,-16,51,-18,49,-20,48,-15,50,-11,44,-17,49,-11,49,-11,51,-13,47,-6,47,-2,45,-5,45,-2,45,-5,38,-4,45,-1,37,0,42,0,38,1,39,2,34,2,33,4,32,9,30,11,30,9,32,16,0,0,0,0,0,0,0,0,0,0,0,0,0,0,0,0,0,0,0,0,0,0,-19,63,-20,60,-25,58,-29,55,-30,49,-31,52,-34,47,-32,45,-35,45,-32,37,-40,40,-40,39,-38,37,-37,36,-38,35,-34,31,-36,34,-36,34,-29,32,-27,32,-28,35,-25,34,-28,32,-24,35,-24,30,-24,41,-23,39,-26,42,-15,39,-13,45,-18,45,-17,46,-20,42,-15,51,-12,47,-15,51,-15,50,-18,53,-15,49,-17,53,-12,54,-13,57,-15,56,-8,56,-15,58,-10,69,-9,58,-7,59,-6,62,-13,64,-12,63,-12,62,-10,62,-12,62,-13,58,-9,65,-12,62,0,0]"
CSI_DATA,308,2a:00:00:00:00:00,-45,11,1,0,1,1,1,0,0,0,1,-97,0,11,2,4392712,0,44,0,384,0,"[0,0,0,0,0,0,0,0,0,0,0,0,7,-7,7,-7,6,-7,6,-7,6,-7,6,-7,6,-7,6,-7,5,-8,4,-8,5,-8,4,-8,4,-8,4,-9,4,-9,4,-9,3,-9,3,-9,3,-9,3,-9,3,-9,4,-9,3,-10,3,-10,3,-10,4,-10,0,0,4,-10,4,-9,4,-9,4,-9,4,-9,4,-8,4,-8,4,-8,4,-8,4,-8,5,-8,4,-7,4,-7,4,-7,5,-6,5,-6,4,-6,4,-6,5,-5,4,-5,5,-5,4,-4,4,-4,4,-4,5,-3,5,-3,0,0,0,0,0,0,0,0,0,0,0,0,0,0,55,-23,53,-27,51,-21,52,-25,48,-26,48,-30,46,-28,44,-24,39,-32,41,-28,42,-29,36,-29,40,-31,31,-32,32,-34,32,-33,35,-41,31,-36,31,-43,30,-36,31,-41,27,-41,26,-46,30,-41,29,-44,35,-45,30,-41,29,-48,30,-43,35,-40,34,-43,42,-44,29,-41,34,-39,34,-38,37,-38,36,-36,33,-41,33,-31,39,-34,39,-32,33,-29,29,-32,31,-32,34,-28,34,-23,36,-24,34,-26,31,-22,29,-15,33,-19,30,-17,30,-20,32,-13,32,-14,30,-5,32,-6,0,0,0,0,0,0,0,0,0,0,0,0,0,0,0,0,0,0,0,0,0,0,13,62,10,65,4,60,5,62,-1,59,-6,57,-11,54,-9,58,-14,61,-11,54,-11,51,-13,49,-11,52,-15,52,-15,49,-16,49,-15,44,-11,42,-7,42,-11,46,-8,40,-4,44,-10,39,-3,42,-2,39,-4,39,-1,40,-3,48,5,40,5,47,5,46,8,49,12,46,11,51,10,50,8,54,11,48,8,54,15,53,19,53,18,55,16,51,17,54,22,56,16,53,22,56,23,56,20,55,25,59,21,56,24,55,18,61,23,61,24,52,24,53,22,56,28,58,0,0]"
CSI_DATA,309,2a:00:00:00:00:00,-45,11,1,0,1,1,1,0,0,0,1,-97,0,11,2,4402514,0,44,0,384,0,"[0,0,0,0,0,0,0,0,0,0,0,0,4,8,4,8,4,8,5,8,4,8,5,7,5,6,5,6,5,6,5,6,6,6,6,5,6,6,6,6,7,5,7,5,7,5,7,5,7,5,8,5,7,5,8,5,8,5,8,5,8,6,7,5,0,0,7,5,7,6,7,5,7,5,7,6,7,6,6,6,6,6,5,6,5,6,5,6,5,6,5,6,5,6,4,5,4,5,4,5,3,5,3,5,3,5,3,5,3,5,2,5,2,5,1,5,1,4,0,0,0,0,0,0,0,0,0,0,0,0,0,0,21,51,23,55,21,50,21,50,26,48,24,42,27,42,23,47,25,45,32,39,29,41,31,39,34,33,31,35,34,34,36,31,35,37,39,33,37,32,39,29,41,31,38,30,40,29,38,35,41,35,44,31,43,30,41,30,39,34,42,33,44,29,44,33,38,32,34,36,41,33,40,38,40,35,29,34,36,37,31,29,34,33,29,33,27,33,28,32,25,31,29,33,22,29,26,36,19,31,23,30,19,30,16,31,15,35,14,33,11,33,10,28,11,31,0,0,0,0,0,0,0,0,0,0,0,0,0,0,0,0,0,0,0,0,0,0,-62,11,-61,11,-59,3,-64,4,-61,1,-60,-1,-58,-9,-58,-5,-55,-9,-55,-9,-52,-15,-52,-16,-54,-14,-50,-15,-47,-15,-45,-15,-45,-14,-44,-13,-47,-16,-47,-12,-42,-12,-44,-8,-44,-5,-44,-5,-42,-2,-43,-2,-41,3,-43,2,-46,4,-47,4,-46,7,-46,8,-50,11,-49,10,-56,12,-49,12,-50,15,-48,16,-53,15,-52,13,-59,16,-52,20,-52,18,-55,19,-55,22,-59,20,-59,21,-57,29,-58,20,-61,21,-61,22,-61,27,-54,22,-60,25,-60,22,-64,19,-61,24,0,0]"
CSI_DATA,310,2a:00:00:00:00:00,-45,11,1,0,1,1,1,0,0,0,1,-97,0,11,2,4413209,0,44,0,384,0,"[0,0,0,0,0,0,0,0,0,0,0,0,9,3,9,2,9,2,9,2,8,2,9,2,9,1,8,1,8,1,8,0,9,0,9,0,8,0,8,0,8,-1,9,-1,9,-1,9,-1,9,-1,9,-1,9,-1,9,-1,9,-1,9,-1,9,-1,10,-1,0,0,10,0,9,0,9,0,9,0,9,0,8,1,9,0,8,1,8,1,8,1,8,1,7,1,7,2,7,2,7,2,7,2,6,2,6,2,6,2,5,2,5,3,5,2,4,3,4,3,4,3,4,3,0,0,0,0,0,0,0,0,0,0,0,0,0,0,54,18,58,21,53,11,58,13,55,14,53,13,53,11,46,11,47,8,51,11,49,8,48,4,49,5,45,3,51,2,50,-1,47,-3,45,-10,47,-5,54,-10,51,-8,55,-10,48,-12,47,-8,48,-6,53,-7,58,-11,53,-8,57,-4,53,-8,50,-5,55,-2,53,-3,49,-6,54,-5,45,-1,54,-1,51,4,52,2,51,5,49,5,43,4,44,5,42,7,39,3,49,5,37,8,37,10,41,8,36,11,37,10,35,12,28,18,29,20,25,16,27,17,23,18,0,0,0,0,0,0,0,0,0,0,0,0,0,0,0,0,0,0,0,0,0,0,-18,59,-23,57,-26,57,-29,53,-34,50,-33,45,-41,44,-41,43,-40,40,-42,37,-41,43,-41,35,-41,35,-39,36,-38,32,-39,34,-39,32,-38,29,-31,29,-34,27,-32,29,-28,29,-30,33,-28,33,-30,32,-29,39,-25,39,-27,38,-24,41,-20,35,-22,41,-24,40,-24,42,-26,39,-20,47,-24,49,-24,51,-19,51,-17,53,-18,52,-23,52,-20,59,-22,57,-24,59,-20,56,-17,60,-20,56,-24,63,-20,58,-27,66,-18,61,-20,66,-24,61,-21,60,-22,61,-22,58,-20,61,0,0]"
CSI_DATA,311,2a:00:00:00:00:00,-45,11,1,0,1,1,1,0,0,0,1,-97,0,11,2,4422603,0,44,0,384,0,"[0,0,0,0,0,0,0,0,0,0,0,0,-11,3,-10,3,-10,3,-9,3,-9,4,-9,4,-9,4,-8,4,-9,4,-8,4,-9,5,-8,5,-8,5,-7,5,-7,5,-7,6,-7,6,-8,6,-7,7,-7,7,-7,6,-7,7,-8,6,-8,7,-8,7,-8,6,0,0,-8,6,-8,6,-8,6,-8,6,-8,5,-8,5,-8,5,-7,5,-8,5,-8,4,-8,4,-7,4,-7,3,-7,3,-8,3,-8,3,-7,3,-7,2,-7,2,-7,2,-7,1,-7,1,-6,1,-6,1,-7,0,-6,0,0,0,0,0,0,0,0,0,0,0,0,0,0,0,-58,14,-58,15,-57,17,-58,16,-52,11,-53,13,-46,21,-49,20,-49,20,-50,15,-45,19,-45,21,-43,22,-43,25,-43,23,-38,29,-40,29,-39,29,-36,28,-39,32,-38,36,-40,34,-34,35,-36,35,-36,34,-39,36,-41,36,-37,37,-42,35,-43,37,-43,35,-46,32,-40,32,-38,29,-46,32,-39,28,-43,29,-43,29,-38,30,-44,23,-43,23,-45,26,-38,20,-40,18,-39,19,-41,18,-41,16,-38,15,-36,13,-42,12,-34,11,-37,7,-31,8,-30,3,-34,6,-35,-1,-33,-5,0,0,0,0,0,0,0,0,0,0,0,0,0,0,0,0,0,0,0,0,0,0,-16,-61,-12,-62,-6,-63,1,-64,3,-59,6,-61,5,-59,10,-60,13,-55,15,-57,20,-52,17,-54,14,-51,14,-52,17,-47,21,-48,16,-45,17,-44,10,-44,-4,-33,5,-44,10,-41,5,-39,5,-39,0,-39,1,-48,5,-43,0,-50,-2,-47,-7,-48,-6,-48,-5,-49,-9,-46,-10,-53,-7,-51,-6,-54,-13,-52,-13,-57,-12,-54,-12,-56,-12,-56,-14,-58,-16,-62,-18,-61,-14,-56,-12,-63,-17,-59,-19,-62,-22,-64,-21,-61,-17,-60,-16,-62,-16,-60,-17,-64,-20,-62,-22,-60,-16,-67,0,0]"
CSI_DATA,312,2a:00:00:00:00:00,-45,11,1,0,1,1,1,0,0,0,1,-97,0,11,2,4435712,0,44,0,384,0,"[0,0,0,0,0,0,0,0,0,0,0,0,-2,-10,-3,-10,-3,-10,-3,-10,-3,-10,-3,-9,-3,-9,-4,-9,-4,-8,-4,-9,-4,-8,-4,-8,-5,-8,-5,-8,-5,-8,-6,-8,-5,-8,-6,-8,-6,-8,-7,-8,-6,-8,-7,-8,-6,-8,-6,-9,-6,-9,-6,-9,0,0,-6,-8,-6,-9,-6,-9,-6,-8,-5,-9,-5,-9,-5,-9,-5,-8,-4,-8,-4,-8,-4,-8,-4,-8,-4,-8,-3,-8,-3,-8,-3,-7,-3,-8,-2,-7,-2,-7,-1,-7,-2,-7,-1,-7,-1,-7,-1,-7,0,-6,0,-6,0,0,0,0,0,0,0,0,0,0,0,0,0,0,-5,-62,-3,-60,-9,-59,-7,-54,-9,-52,-10,-52,-9,-50,-12,-56,-11,-53,-16,-46,-15,-47,-17,-44,-22,-44,-20,-47,-17,-43,-21,-44,-22,-48,-23,-46,-23,-43,-29,-44,-30,-43,-28,-41,-29,-44,-27,-43,-30,-47,-31,-47,-30,-41,-30,-46,-27,-47,-30,-47,-29,-46,-28,-46,-24,-47,-31,-46,-27,-44,-22,-49,-27,-47,-25,-49,-23,-42,-22,-44,-20,-40,-17,-40,-16,-45,-16,-43,-14,-43,-13,-40,-11,-38,-12,-42,-15,-36,-6,-35,-9,-36,-5,-31,-4,-35,2,-38,-1,-37,4,-29,4,-32,0,0,0,0,0,0,0,0,0,0,0,0,0,0,0,0,0,0,0,0,0,0,61,-2,60,4,62,11,61,14,55,16,57,17,58,22,51,26,52,23,49,22,46,26,45,26,45,23,44,27,45,24,40,25,38,26,34,22,38,21,36,22,35,18,39,18,35,12,39,13,40,14,42,7,38,10,39,6,45,8,49,11,44,3,48,4,49,5,54,-3,50,3,55,2,51,-2,54,-4,57,-2,56,-1,58,-1,56,-2,55,-2,61,-1,58,-9,52,-10,56,-9,59,-9,62,-6,59,-6,60,-5,62,-7,60,-8,59,-8,60,-4,63,-6,66,-8,0,0]"
CSI_DATA,313,2a:00:00:00:00:00,-45,11,1,0,1,1,1,0,0,0,1,-97,0,11,2,4442551,0,44,0,384,0,"[0,0,0,0,0,0,0,0,0,0,0,0,9,3,9,3,8,3,8,3,8,2,8,2,8,2,8,2,8,1,8,1,8,1,9,0,8,0,8,0,8,0,9,-1,8,-1,9,-1,8,-1,9,-1,9,-1,9,-1,9,-1,9,-1,9,-1,9,-1,0,0,9,-1,9,0,8,0,9,0,8,0,8,0,8,1,8,1,8,1,8,0,7,1,7,1,7,1,6,2,7,1,6,1,6,2,6,2,6,2,6,2,5,2,5,3,4,3,4,3,4,3,4,3,0,0,0,0,0,0,0,0,0,0,0,0,0,0,53,28,49,27,52,23,50,21,50,22,48,23,48,16,45,14,46,17,48,15,51,15,46,11,45,9,41,7,46,7,51,5,45,3,43,1,43,-2,47,-4,51,-5,50,-2,44,-4,47,-3,52,-3,51,-6,55,-5,52,-7,53,-3,56,1,47,-6,53,-4,49,-1,48,-1,53,1,50,5,47,1,50,0,53,0,48,2,52,2,43,2,41,4,41,4,40,8,42,7,42,6,42,7,40,11,34,6,35,9,36,14,29,12,30,19,29,16,31,16,28,18,0,0,0,0,0,0,0,0,0,0,0,0,0,0,0,0,0,0,0,0,0,0,-44,44,-48,41,-50,35,-50,31,-54,30,-54,28,-52,23,-55,23,-51,22,-50,16,-49,18,-53,15,-50,14,-49,13,-48,11,-45,10,-43,12,-39,14,-40,14,-38,14,-37,12,-35,16,-37,20,-34,21,-33,19,-30,25,-34,25,-32,32,-33,31,-36,32,-37,30,-32,33,-35,33,-34,35,-33,36,-33,41,-37,42,-32,43,-36,41,-32,43,-37,45,-31,48,-34,53,-31,49,-33,50,-26,50,-37,54,-31,54,-37,50,-37,53,-33,54,-28,57,-37,56,-34,56,-36,56,-35,54,-29,53,0,0]"
CSI_DATA,314,2a:00:00:00:00:00,-45,11,1,0,1,1,1,0,0,0,1,-97,0,11,2,4452562,0,44,0,384,0,"[0,0,0,0,0,0,0,0,0,0,0,0,2,-10,2,-10,1,-11,1,-10,1,-10,1,-9,1,-10,0,-9,0,-9,-1,-10,0,-9,-1,-9,-1,-9,-2,-9,-2,-10,-2,-10,-2,-9,-2,-10,-3,-10,-3,-10,-2,-10,-3,-10,-2,-10,-3,-11,-3,-10,-2,-10,0,0,-2,-10,-2,-11,-2,-10,-2,-11,-2,-10,-1,-9,-1,-10,-1,-10,0,-9,0,-9,0,-9,0,-9,0,-9,0,-8,1,-8,1,-8,0,-8,1,-7,1,-7,1,-7,1,-7,1,-7,1,-6,2,-6,2,-5,2,-5,0,0,0,0,0,0,0,0,0,0,0,0,0,0,27,-51,24,-51,23,-56,18,-50,22,-49,20,-52,18,-56,15,-51,19,-50,11,-47,13,-49,6,-44,11,-46,7,-45,6,-46,3,-49,1,-53,0,-53,2,-47,2,-48,1,-49,-1,-50,-7,-52,-2,-52,-2,-51,-2,-55,-2,-52,-3,-54,-2,-59,-6,-53,0,-52,1,-56,1,-52,3,-52,2,-51,4,-50,4,-54,6,-51,6,-50,10,-49,7,-50,13,-43,10,-50,4,-42,10,-42,14,-39,13,-39,13,-45,15,-35,16,-31,18,-32,18,-29,19,-33,15,-32,20,-29,20,-24,23,-17,0,0,0,0,0,0,0,0,0,0,0,0,0,0,0,0,0,0,0,0,0,0,54,28,49,32,50,35,48,40,46,38,41,40,37,41,35,44,29,45,33,46,29,47,29,44,31,42,26,44,26,40,20,40,21,38,22,40,26,32,20,31,25,32,27,32,23,31,26,25,30,29,30,23,30,26,32,25,31,28,40,26,37,25,44,23,46,27,47,26,44,25,45,23,42,26,41,24,48,22,49,23,51,28,50,21,51,19,57,24,50,24,48,19,57,24,55,23,61,28,58,27,59,25,53,26,53,26,52,28,57,27,56,25,59,27,0,0]"
CSI_DATA,315,2a:00:00:00:00:00,-45,11,1,0,1,1,1,0,0,0,1,-97,0,11,2,4462583,0,44,0,384,0,"[0,0,0,0,0,0,0,0,0,0,0,0,-11,0,-11,1,-10,1,-10,1,-10,1,-10,1,-10,2,-9,1,-9,2,-8,2,-9,2,-9,3,-8,3,-8,3,-8,3,-9,4,-9,4,-9,4,-9,5,-9,4,-9,4,-9,4,-9,4,-9,5,-9,4,-10,4,0,0,-10,4,-9,4,-9,4,-9,4,-9,3,-9,3,-9,3,-9,2,-9,3,-9,3,-9,2,-8,2,-8,1,-8,1,-8,2,-8,1,-7,1,-8,1,-8,0,-8,0,-7,0,-7,-1,-7,-1,-6,-1,-6,-1,-6,-2,0,0,0,0,0,0,0,0,0,0,0,0,0,0,-59,-8,-56,-8,-54,-8,-53,-6,-54,-6,-55,-5,-48,-1,-52,-5,-45,3,-51,4,-48,4,-47,8,-52,6,-46,11,-47,10,-42,13,-42,15,-43,16,-47,15,-45,14,-51,20,-43,17,-46,22,-45,14,-44,18,-50,24,-47,20,-45,25,-50,23,-53,22,-51,20,-57,19,-46,18,-50,17,-49,17,-52,10,-45,16,-48,13,-46,10,-49,9,-45,11,-46,8,-42,8,-40,10,-41,7,-46,5,-41,2,-42,2,-39,0,-42,-3,-44,-4,-37,-4,-33,-5,-32,-8,-30,-3,-32,-11,-31,-11,0,0,0,0,0,0,0,0,0,0,0,0,0,0,0,0,0,0,0,0,0,0,15,-62,22,-60,25,-53,30,-54,28,-50,37,-51,34,-49,34,-48,40,-44,36,-38,38,-38,38,-41,35,-35,38,-35,36,-31,32,-33,38,-29,30,-29,26,-29,27,-29,26,-29,24,-26,20,-34,17,-35,18,-32,18,-35,15,-39,17,-40,15,-36,9,-42,14,-41,12,-43,11,-46,15,-51,12,-52,14,-51,13,-54,14,-56,10,-54,8,-57,13,-57,8,-57,8,-59,13,-57,8,-56,7,-54,5,-63,8,-60,7,-57,2,-61,5,-62,8,-64,8,-62,8,-62,5,-60,8,-65,8,-60,0,0]"
CSI_DATA,316,2a:00:00:00:00:00,-46,11,1,0,1,1,1,0,0,0,1,-97,0,11,2,4512796,0,44,0,384,0,"[0,0,0,0,0,0,0,0,0,0,0,0,-8,-7,-8,-6,-8,-6,-8,-6,-8,-6,-8,-5,-8,-5,-8,-5,-8,-4,-8,-5,-9,-4,-9,-4,-9,-4,-9,-4,-9,-4,-10,-3,-10,-3,-9,-3,-9,-2,-10,-3,-10,-3,-10,-3,-10,-3,-10,-3,-10,-3,-10,-3,0,0,-10,-3,-10,-4,-10,-4,-10,-4,-10,-4,-10,-5,-9,-4,-8,-5,-9,-4,-9,-4,-8,-4,-7,-5,-8,-5,-7,-5,-7,-5,-7,-5,-6,-6,-6,-5,-6,-5,-6,-5,-6,-5,-5,-5,-4,-5,-4,-6,-4,-5,-3,-5,0,0,0,0,0,0,0,0,0,0,0,0,0,0,-41,-43,-42,-43,-43,-47,-41,-38,-42,-39,-44,-37,-39,-37,-37,-41,-40,-33,-41,-32,-41,-29,-41,-21,-44,-23,-39,-23,-41,-25,-43,-18,-45,-24,-43,-17,-45,-15,-46,-16,-51,-14,-50,-17,-55,-12,-54,-13,-53,-16,-50,-12,-55,-13,-57,-15,-58,-19,-56,-18,-53,-19,-55,-13,-55,-16,-55,-20,-52,-17,-51,-21,-53,-18,-50,-20,-48,-17,-47,-22,-48,-19,-43,-21,-45,-20,-42,-20,-41,-22,-39,-27,-34,-20,-37,-21,-37,-23,-34,-23,-34,-22,-30,-25,-27,-30,-25,-26,-25,-24,-21,-29,-20,-30,0,0,0,0,0,0,0,0,0,0,0,0,0,0,0,0,0,0,0,0,0,0,61,-30,62,-22,59,-14,63,-15,62,-6,66,-6,61,-4,61,-5,60,0,60,2,57,6,54,4,56,8,52,7,49,10,47,7,47,10,43,5,41,6,37,5,36,1,39,-1,35,-4,35,-6,39,-8,37,-13,39,-14,39,-17,35,-14,42,-19,38,-20,38,-19,43,-21,41,-24,43,-28,42,-28,44,-32,47,-29,44,-29,42,-28,49,-30,46,-36,44,-40,45,-34,45,-37,47,-35,43,-39,45,-44,45,-40,42,-40,50,-39,45,-44,47,-44,44,-44,46,-43,44,-46,48,-44,0,0]"
CSI_DATA,317,2a:00:00:00:00:00,-45,11,1,0,1,1,1,0,0,0,1,-97,0,11,2,4532681,0,44,0,384,0,"[0,0,0,0,0,0,0,0,0,0,0,0,-8,6,-7,6,-7,6,-7,6,-7,6,-7,6,-6,6,-6,6,-6,6,-5,7,-5,7,-5,7,-4,7,-4,7,-4,7,-4,8,-4,8,-4,8,-3,8,-3,9,-4,8,-4,9,-4,9,-3,9,-4,9,-4,9,0,0,-4,9,-4,9,-4,9,-5,9,-4,8,-4,8,-5,8,-4,7,-5,8,-5,7,-5,7,-5,7,-5,6,-5,6,-5,6,-5,6,-5,6,-5,5,-5,5,-6,5,-6,4,-5,4,-5,3,-5,3,-6,3,-6,2,0,0,0,0,0,0,0,0,0,0,0,0,0,0,-43,27,-49,31,-43,33,-45,33,-43,37,-39,35,-35,32,-40,36,-31,33,-30,31,-33,29,-26,36,-37,36,-27,39,-27,34,-22,42,-23,41,-20,42,-22,45,-24,45,-22,45,-17,43,-14,51,-19,48,-16,47,-18,52,-20,52,-15,51,-19,53,-19,54,-23,52,-22,48,-24,47,-20,50,-22,50,-23,50,-23,48,-27,46,-27,42,-27,45,-22,45,-23,42,-28,40,-21,39,-26,38,-28,41,-28,31,-27,33,-26,34,-29,29,-31,28,-28,23,-27,23,-28,21,-28,17,-31,16,-33,15,0,0,0,0,0,0,0,0,0,0,0,0,0,0,0,0,0,0,0,0,0,0,-16,-65,-11,-68,-6,-65,-6,-66,-1,-65,2,-59,10,-58,10,-63,15,-58,11,-54,17,-55,17,-50,16,-53,17,-52,17,-51,17,-48,15,-42,13,-45,8,-39,7,-41,2,-37,5,-38,2,-39,-6,-37,-1,-35,-7,-43,-6,-42,-7,-38,-11,-40,-11,-43,-9,-43,-14,-48,-16,-41,-16,-49,-19,-44,-20,-50,-17,-44,-20,-47,-21,-47,-25,-48,-26,-48,-29,-49,-28,-49,-27,-53,-26,-52,-33,-49,-32,-52,-30,-51,-34,-53,-30,-49,-33,-49,-34,-53,-36,-55,-33,-51,-38,-52,-36,-52,-38,-47,0,0]"
CSI_DATA,318,2a:00:00:00:00:00,-46,11,1,0,1,1,1,0,0,0,1,-97,0,11,2,4542856,0,44,0,384,0,"[0,0,0,0,0,0,0,0,0,0,0,0,-6,-9,-6,-8,-6,-8,-6,-9,-6,-8,-6,-7,-6,-7,-7,-7,-6,-6,-7,-7,-7,-6,-8,-5,-8,-5,-8,-6,-8,-5,-8,-5,-9,-5,-9,-5,-9,-5,-9,-5,-9,-5,-9,-5,-9,-5,-10,-5,-9,-5,-10,-5,0,0,-9,-5,-9,-5,-9,-5,-9,-5,-8,-6,-9,-6,-8,-6,-8,-6,-8,-6,-8,-6,-7,-6,-7,-6,-7,-6,-7,-6,-6,-6,-6,-6,-6,-6,-6,-6,-5,-5,-5,-5,-4,-6,-4,-6,-4,-6,-4,-6,-3,-5,-3,-5,0,0,0,0,0,0,0,0,0,0,0,0,0,0,-23,-50,-26,-49,-28,-51,-26,-45,-28,-43,-29,-47,-27,-40,-33,-46,-30,-39,-32,-36,-31,-36,-31,-34,-32,-37,-31,-36,-40,-31,-38,-29,-44,-32,-43,-28,-42,-31,-42,-26,-44,-29,-45,-20,-48,-25,-47,-26,-45,-27,-46,-29,-47,-26,-46,-27,-52,-26,-52,-26,-52,-27,-50,-29,-41,-31,-49,-34,-45,-33,-48,-32,-44,-36,-48,-32,-39,-31,-40,-33,-38,-26,-38,-31,-36,-32,-38,-34,-36,-32,-31,-29,-35,-32,-31,-32,-30,-31,-28,-31,-26,-25,-22,-29,-21,-36,-20,-30,-16,-36,-17,-26,-11,-30,0,0,0,0,0,0,0,0,0,0,0,0,0,0,0,0,0,0,0,0,0,0,67,-6,71,2,63,8,68,14,62,13,65,16,57,19,55,22,56,28,53,21,51,23,49,30,48,26,44,24,48,25,37,22,42,24,31,17,38,18,36,17,35,14,34,18,33,8,36,8,35,8,39,-1,39,-1,42,-1,38,-2,45,-7,41,-4,45,-5,45,-4,49,-7,49,-10,46,-11,49,-14,47,-15,51,-19,54,-12,50,-18,49,-16,53,-16,56,-17,50,-21,57,-26,52,-26,58,-27,61,-24,56,-23,53,-24,59,-22,58,-27,48,-25,52,-29,59,-28,57,-23,0,0]"
CSI_DATA,319,2a:00:00:00:00:00,-46,11,1,0,1,1,1,0,0,0,1,-97,0,11,2,4552503,0,44,0,384,0,"[0,0,0,0,0,0,0,0,0,0,0,0,-7,7,-6,7,-6,8,-6,7,-5,7,-5,7,-4,7,-4,7,-4,8,-4,8,-4,7,-4,8,-3,8,-3,8,-2,8,-2,9,-2,9,-2,9,-1,9,-1,9,-2,9,-2,10,-2,9,-2,9,-2,10,-2,10,0,0,-2,9,-2,10,-2,9,-3,9,-3,9,-2,9,-2,9,-3,9,-3,9,-3,8,-4,8,-3,7,-3,7,-4,7,-4,7,-3,7,-3,6,-4,6,-4,6,-4,5,-4,6,-4,5,-4,5,-4,4,-5,4,-5,3,0,0,0,0,0,0,0,0,0,0,0,0,0,0,-34,47,-36,44,-29,42,-32,44,-27,42,-29,38,-22,39,-23,44,-20,41,-25,39,-19,40,-18,40,-14,42,-14,47,-16,44,-14,42,-9,49,-7,47,-6,45,-8,47,-1,48,-6,53,-2,51,2,49,-4,51,1,51,-7,54,-2,55,-5,58,-5,58,-5,55,-3,53,-3,54,-3,54,-6,54,-5,48,-3,52,-4,46,-4,50,-6,46,-10,50,-12,47,-12,44,-9,44,-10,46,-15,42,-15,38,-10,43,-15,38,-19,39,-14,37,-17,35,-15,31,-17,31,-18,26,-21,24,-20,22,0,0,0,0,0,0,0,0,0,0,0,0,0,0,0,0,0,0,0,0,0,0,-23,-65,-21,-63,-20,-67,-16,-65,-13,-66,-6,-61,-7,-65,0,-63,2,-61,3,-63,8,-60,11,-56,9,-54,9,-53,9,-50,7,-50,10,-46,10,-47,5,-42,1,-40,-1,-38,-4,-41,0,-40,-8,-37,-8,-38,-12,-37,-8,-36,-18,-38,-21,-38,-21,-42,-20,-38,-22,-40,-27,-41,-25,-40,-28,-42,-26,-41,-30,-41,-27,-42,-32,-43,-33,-39,-34,-42,-37,-46,-37,-42,-40,-44,-35,-42,-43,-43,-43,-39,-40,-42,-49,-39,-45,-41,-43,-39,-45,-43,-41,-43,-46,-37,-45,-42,-45,-42,-48,-39,0,0]"
CSI_DATA,320,2a:00:00:00:00:00,-46,11,1,0,1,1,1,0,0,0,1,-97,0,11,2,4562508,0,44,0,384,0,"[0,0,0,0,0,0,0,0,0,0,0,0,9,2,8,2,8,1,8,2,8,1,8,1,8,1,8,0,8,0,8,0,8,0,8,-1,8,-1,8,-1,7,-1,8,-2,8,-2,9,-2,8,-3,9,-2,9,-2,9,-2,9,-3,9,-2,9,-2,9,-2,0,0,9,-2,9,-2,9,-1,9,-1,9,0,9,0,8,0,9,-1,8,-1,8,-1,8,-1,8,0,8,0,8,0,7,1,7,0,7,1,7,1,7,1,6,1,6,2,6,2,5,2,5,3,5,2,4,3,0,0,0,0,0,0,0,0,0,0,0,0,0,0,45,28,47,32,48,28,47,28,48,25,50,23,46,22,43,18,50,18,42,13,48,17,47,15,50,15,42,12,47,5,50,4,48,1,48,2,47,1,51,1,51,-5,53,-3,49,-5,51,-2,54,1,52,0,52,-2,56,-1,55,1,55,0,58,-1,60,-2,60,-2,50,-2,57,-3,48,5,51,6,47,9,49,7,52,6,50,8,49,2,44,6,44,9,45,8,43,8,42,7,42,13,37,8,40,10,35,13,33,17,31,17,29,21,29,20,28,19,26,21,0,0,0,0,0,0,0,0,0,0,0,0,0,0,0,0,0,0,0,0,0,0,-55,47,-57,42,-61,41,-61,33,-62,27,-61,25,-61,16,-62,16,-63,12,-58,10,-59,13,-60,10,-62,8,-58,2,-55,2,-54,5,-47,4,-49,5,-46,6,-43,4,-34,6,-38,7,-40,11,-39,16,-33,10,-39,18,-34,27,-35,20,-35,20,-33,25,-34,30,-37,26,-38,29,-40,29,-37,30,-36,32,-36,34,-34,39,-38,37,-35,40,-35,39,-36,44,-33,46,-32,49,-31,41,-36,53,-40,43,-38,49,-37,49,-39,46,-35,48,-33,53,-37,48,-35,46,-31,54,-35,48,-29,50,0,0]"
CSI_DATA,321,2a:00:00:00:00:00,-46,11,1,0,1,1,1,0,0,0,1,-97,0,11,2,4592628,0,44,0,384,0,"[0,0,0,0,0,0,0,0,0,0,0,0,7,-5,7,-5,7,-5,7,-5,6,-5,7,-6,6,-6,6,-6,6,-6,5,-6,5,-7,5,-7,4,-7,4,-7,4,-7,4,-8,5,-8,4,-8,4,-8,4,-8,4,-8,5,-8,5,-9,4,-9,4,-9,5,-9,0,0,5,-8,5,-8,5,-8,5,-8,5,-7,5,-7,5,-7,5,-7,6,-7,5,-7,5,-7,5,-6,5,-6,5,-6,5,-5,5,-6,4,-5,5,-5,5,-5,5,-4,5,-4,4,-3,4,-3,5,-3,5,-3,5,-2,0,0,0,0,0,0,0,0,0,0,0,0,0,0,52,-8,53,-5,54,-10,50,-11,45,-15,43,-11,50,-12,45,-13,43,-18,44,-16,40,-16,41,-16,39,-17,38,-24,42,-23,39,-26,37,-35,37,-31,35,-27,36,-28,34,-30,35,-32,30,-38,36,-37,34,-35,43,-36,39,-31,41,-34,39,-39,39,-39,45,-38,39,-29,45,-36,38,-34,40,-28,40,-33,41,-31,41,-32,40,-29,40,-25,43,-25,40,-27,38,-27,37,-24,38,-19,41,-16,37,-14,38,-21,39,-13,38,-14,38,-14,34,-8,28,-11,34,-7,31,-8,33,-2,33,-2,0,0,0,0,0,0,0,0,0,0,0,0,0,0,0,0,0,0,0,0,0,0,-11,71,-17,69,-24,67,-27,64,-28,61,-36,62,-34,56,-35,53,-37,55,-40,50,-42,52,-40,46,-38,46,-41,41,-39,41,-40,36,-37,34,-38,37,-30,32,-32,28,-25,31,-23,34,-26,31,-18,31,-20,34,-16,38,-17,37,-16,37,-10,40,-10,44,-9,40,-13,46,-8,42,-6,43,-6,46,-8,46,-5,53,-5,48,3,51,2,49,1,51,-1,53,-3,57,-1,49,1,53,5,59,-1,55,4,53,4,59,4,58,9,56,7,58,3,56,3,59,5,62,7,55,13,54,0,0]"
CSI_DATA,322,2a:00:00:00:00:00,-46,11,1,0,1,1,1,0,0,0,1,-97,0,11,2,4602659,0,44,0,384,0,"[0,0,0,0,0,0,0,0,0,0,0,0,-9,-6,-9,-6,-8,-5,-9,-5,-8,-5,-8,-4,-9,-4,-8,-4,-9,-3,-9,-3,-9,-3,-9,-2,-9,-2,-10,-2,-9,-2,-10,-1,-10,-1,-10,-1,-10,-1,-11,-1,-10,-1,-11,-1,-11,-1,-11,-1,-11,-1,-11,-1,0,0,-11,-2,-11,-2,-11,-2,-11,-2,-10,-2,-10,-3,-10,-3,-10,-3,-10,-2,-9,-2,-9,-2,-9,-3,-8,-3,-9,-3,-8,-3,-8,-3,-8,-4,-8,-3,-7,-3,-7,-4,-7,-4,-6,-5,-6,-5,-5,-4,-5,-4,-5,-5,0,0,0,0,0,0,0,0,0,0,0,0,0,0,-52,-19,-48,-24,-53,-20,-49,-13,-45,-14,-49,-10,-42,-14,-45,-15,-44,-14,-52,-8,-44,-2,-46,-6,-48,-2,-46,-5,-47,3,-48,1,-45,2,-43,1,-46,5,-49,8,-53,14,-52,11,-48,9,-51,8,-50,7,-51,13,-51,13,-52,13,-54,8,-59,12,-53,13,-56,9,-48,3,-52,11,-52,6,-53,4,-50,5,-50,2,-50,4,-49,4,-47,4,-50,4,-50,-1,-40,-2,-47,0,-40,0,-43,-1,-38,0,-44,-6,-45,-3,-39,0,-36,-9,-36,-10,-32,-14,-32,-14,-28,-11,-28,-15,0,0,0,0,0,0,0,0,0,0,0,0,0,0,0,0,0,0,0,0,0,0,43,-56,51,-53,56,-49,60,-49,62,-41,63,-39,55,-36,64,-27,61,-26,59,-24,61,-22,60,-17,60,-15,57,-12,53,-13,48,-15,55,-13,46,-12,47,-11,45,-12,43,-13,40,-15,40,-21,33,-21,36,-19,31,-25,31,-25,34,-30,30,-29,30,-31,27,-32,33,-34,26,-35,27,-36,30,-39,29,-40,26,-41,24,-42,28,-43,31,-40,30,-40,26,-48,26,-51,25,-47,33,-50,24,-55,25,-53,28,-54,27,-51,23,-52,23,-51,22,-60,27,-58,20,-54,23,-55,26,-57,23,-55,0,0]"
CSI_DATA,323,2a:00:00:00:00:00,-47,11,1,0,1,1,1,0,0,0,1,-97,0,11,2,4613402,0,44,0,384,0,"[0,0,0,0,0,0,0,0,0,0,0,0,-5,7,-5,7,-4,7,-4,7,-4,7,-3,7,-3,7,-3,7,-3,7,-2,7,-2,7,-2,7,-2,8,-1,8,-1,8,-1,8,-1,8,-1,8,0,8,0,9,0,8,0,9,0,9,0,9,-1,9,-1,9,0,0,-1,9,-1,9,-1,9,-2,9,-1,8,-1,8,-1,8,-1,8,-2,8,-2,8,-2,8,-2,7,-3,7,-2,7,-3,6,-3,6,-2,6,-3,6,-3,5,-3,5,-3,5,-3,5,-3,5,-4,4,-4,4,-4,3,0,0,0,0,0,0,0,0,0,0,0,0,0,0,-36,41,-34,39,-32,43,-30,38,-30,40,-29,40,-24,41,-26,40,-22,43,-20,38,-17,37,-17,40,-16,42,-13,40,-9,34,-10,41,-12,43,-8,46,-11,46,-7,45,-4,46,-6,49,-1,47,-3,50,-7,47,-6,49,-5,51,-8,51,-4,52,-9,46,-7,52,-9,50,-5,52,-6,46,-8,47,-11,47,-14,46,-11,48,-14,49,-16,41,-15,41,-12,40,-15,43,-15,41,-17,36,-17,39,-16,33,-14,35,-18,32,-18,27,-17,29,-17,26,-20,30,-22,29,-19,26,-23,20,-22,18,0,0,0,0,0,0,0,0,0,0,0,0,0,0,0,0,0,0,0,0,0,0,-46,-61,-41,-64,-35,-64,-28,-64,-24,-69,-20,-64,-17,-62,-10,-67,-13,-66,-11,-66,-5,-66,-4,-64,-5,-59,1,-65,1,-55,2,-56,-2,-52,4,-51,1,-45,-4,-46,-4,-42,-2,-43,-6,-40,-10,-37,-10,-39,-9,-38,-13,-37,-15,-38,-20,-38,-19,-38,-22,-38,-23,-38,-24,-40,-27,-39,-31,-41,-29,-40,-32,-39,-32,-39,-31,-40,-33,-41,-36,-41,-34,-38,-33,-40,-41,-42,-39,-37,-35,-39,-36,-40,-42,-38,-40,-39,-45,-40,-42,-38,-43,-39,-43,-41,-41,-37,-47,-38,-41,-36,-44,-39,0,0]"
CSI_DATA,324,2a:00:00:00:00:00,-47,11,1,0,1,1,1,0,0,0,1,-97,0,11,2,4622461,0,44,0,384,0,"[0,0,0,0,0,0,0,0,0,0,0,0,-7,-6,-7,-6,-7,-6,-8,-5,-7,-5,-8,-4,-7,-4,-8,-4,-7,-3,-8,-4,-8,-3,-8,-3,-8,-3,-9,-3,-8,-3,-9,-2,-9,-1,-9,-2,-9,-2,-9,-2,-9,-2,-10,-2,-9,-2,-9,-2,-9,-3,-10,-2,0,0,-9,-2,-9,-3,-10,-3,-9,-3,-9,-3,-9,-3,-9,-3,-9,-3,-8,-3,-8,-3,-7,-3,-7,-4,-7,-4,-7,-3,-7,-3,-6,-3,-7,-4,-6,-4,-6,-3,-6,-3,-6,-3,-5,-4,-5,-4,-4,-5,-4,-4,-4,-4,0,0,0,0,0,0,0,0,0,0,0,0,0,0,-35,-33,-38,-40,-39,-35,-41,-37,-41,-31,-40,-29,-39,-34,-36,-33,-35,-21,-36,-23,-42,-20,-45,-13,-44,-23,-39,-17,-46,-17,-47,-15,-47,-16,-45,-17,-43,-12,-46,-8,-44,-6,-46,-8,-46,-7,-50,-7,-46,-9,-54,-9,-49,-8,-46,-7,-53,-12,-52,-10,-54,-9,-49,-10,-53,-14,-51,-16,-48,-11,-47,-13,-45,-13,-48,-19,-45,-15,-42,-11,-45,-12,-47,-19,-44,-20,-39,-19,-38,-19,-37,-12,-34,-18,-35,-22,-33,-19,-34,-16,-33,-18,-32,-17,-29,-18,-27,-21,-21,-24,-23,-21,-21,-22,0,0,0,0,0,0,0,0,0,0,0,0,0,0,0,0,0,0,0,0,0,0,70,-34,68,-31,70,-25,68,-21,72,-14,73,-15,70,-11,66,-6,70,-4,60,3,62,7,62,7,66,12,63,12,53,8,51,10,51,4,52,10,47,8,48,6,44,5,43,1,42,1,36,0,38,2,38,-5,42,-8,39,-13,41,-11,41,-15,44,-15,42,-16,35,-18,39,-21,40,-23,42,-27,41,-25,41,-28,43,-23,49,-26,45,-28,41,-27,43,-31,41,-32,41,-37,45,-34,39,-34,41,-37,48,-43,48,-33,44,-33,44,-40,44,-40,40,-39,37,-44,44,-40,45,-41,0,0]"
CSI_DATA,325,2a:00:00:00:00:00,-47,11,1,0,1,1,1,0,0,0,1,-97,0,11,2,4632578,0,44,0,384,0,"[0,0,0,0,0,0,0,0,0,0,0,0,7,2,8,2,7,2,7,2,7,2,7,1,8,1,8,0,8,0,7,0,8,0,8,0,8,0,8,0,7,-1,8,-2,8,-2,8,-2,8,-1,8,-2,8,-2,8,-2,9,-1,9,-2,9,-1,8,-2,0,0,8,-1,9,-1,8,0,8,-1,8,-1,9,0,8,0,8,0,8,0,8,0,8,0,7,1,7,1,6,1,7,1,6,0,6,1,6,1,6,1,5,1,5,1,5,2,5,2,4,2,4,2,4,2,0,0,0,0,0,0,0,0,0,0,0,0,0,0,41,20,47,21,50,16,50,16,42,18,49,16,37,13,44,17,38,9,44,6,44,8,43,9,45,4,40,2,43,3,46,-1,47,-3,45,-7,46,-3,49,-5,49,-14,46,-6,47,-11,48,-6,46,-6,48,-9,54,-10,53,-9,49,-9,52,-7,56,-4,57,-5,49,5,55,-4,50,-7,46,0,52,2,45,5,46,3,47,3,46,4,47,1,43,7,42,7,45,9,44,3,35,7,36,7,40,6,37,8,36,11,36,9,28,15,24,16,26,12,28,16,26,19,0,0,0,0,0,0,0,0,0,0,0,0,0,0,0,0,0,0,0,0,0,0,-39,61,-44,60,-51,53,-53,56,-54,51,-62,40,-63,37,-62,38,-62,31,-57,30,-63,26,-62,25,-63,16,-59,21,-59,13,-56,15,-56,18,-55,13,-47,13,-44,11,-45,13,-45,11,-41,17,-37,17,-34,20,-37,23,-33,22,-37,26,-30,28,-32,27,-28,30,-32,28,-29,33,-36,36,-35,36,-34,36,-33,39,-28,46,-33,35,-27,43,-32,41,-28,49,-30,48,-27,45,-30,47,-31,51,-31,47,-25,52,-27,47,-26,47,-31,51,-25,52,-29,50,-23,48,-28,51,-27,46,-27,49,0,0]"
CSI_DATA,326,2a:00:00:00:00:00,-47,11,1,0,1,1,1,0,0,0,1,-97,0,11,2,4643442,0,44,0,384,0,"[0,0,0,0,0,0,0,0,0,0,0,0,-8,4,-8,4,-7,4,-7,5,-6,5,-7,5,-6,4,-6,5,-6,5,-5,5,-5,6,-5,6,-5,6,-5,6,-5,6,-5,7,-4,7,-4,7,-5,7,-5,7,-5,7,-5,7,-5,7,-5,7,-5,7,-5,7,0,0,-6,7,-5,6,-6,7,-5,6,-5,6,-6,6,-6,6,-6,5,-6,6,-6,5,-6,5,-5,5,-6,5,-5,4,-6,4,-6,4,-5,3,-6,4,-6,3,-5,3,-6,3,-5,2,-5,2,-5,2,-5,2,-5,0,0,0,0,0,0,0,0,0,0,0,0,0,0,0,-54,12,-48,13,-53,12,-47,11,-49,12,-46,12,-43,13,-44,16,-42,19,-42,12,-38,16,-36,19,-38,19,-33,24,-36,23,-35,27,-33,31,-33,32,-34,35,-32,32,-39,32,-33,34,-37,36,-37,35,-32,38,-41,35,-38,36,-32,38,-33,38,-36,36,-36,36,-43,32,-39,31,-36,32,-32,30,-36,32,-37,24,-34,28,-39,26,-42,19,-38,18,-37,22,-38,24,-36,25,-35,21,-38,16,-37,17,-33,17,-36,12,-36,8,-33,12,-32,5,-32,9,-30,8,-30,4,-30,2,-31,-1,0,0,0,0,0,0,0,0,0,0,0,0,0,0,0,0,0,0,0,0,0,0,-13,-75,-5,-78,2,-75,4,-74,11,-76,16,-75,23,-65,26,-68,30,-67,23,-61,28,-60,32,-61,24,-59,30,-59,33,-53,33,-46,35,-46,33,-46,25,-43,28,-39,21,-40,22,-42,19,-38,12,-36,14,-35,8,-39,13,-37,8,-38,7,-40,4,-44,4,-44,6,-42,4,-47,4,-51,1,-49,3,-49,0,-55,0,-52,-2,-49,-7,-55,-3,-56,-3,-53,-4,-52,-8,-52,-8,-52,-6,-59,-4,-57,-4,-55,-5,-58,-13,-53,-9,-60,-11,-59,-9,-61,-10,-55,-17,-52,-14,-56,-13,-52,0,0]"
CSI_DATA,327,2a:00:00:00:00:00,-47,11,1,0,1,1,1,0,0,0,1,-97,0,11,2,4652482,0,44,0,384,0,"[0,0,0,0,0,0,0,0,0,0,0,0,0,-10,0,-9,-1,-9,-1,-9,-1,-9,-1,-8,-1,-8,-2,-8,-2,-8,-2,-8,-2,-8,-3,-8,-3,-8,-3,-8,-4,-8,-4,-8,-4,-8,-4,-8,-5,-8,-5,-9,-5,-9,-4,-9,-4,-9,-5,-9,-4,-9,-4,-9,0,0,-4,-9,-4,-9,-4,-9,-4,-9,-3,-8,-3,-9,-3,-9,-3,-8,-3,-8,-2,-8,-2,-8,-3,-8,-2,-7,-2,-7,-1,-7,-1,-7,-2,-8,-1,-6,-1,-6,0,-6,0,-6,-1,-6,0,-6,0,-6,1,-5,1,-5,0,0,0,0,0,0,0,0,0,0,0,0,0,0,-5,-53,-1,-51,-4,-50,-2,-45,1,-46,-3,-45,-1,-41,-3,-49,-7,-43,-9,-44,-11,-39,-8,-45,-13,-44,-12,-40,-17,-43,-20,-39,-16,-41,-20,-42,-20,-41,-18,-37,-26,-40,-18,-40,-29,-48,-18,-41,-25,-47,-23,-46,-23,-44,-26,-45,-25,-48,-24,-46,-24,-48,-21,-46,-21,-43,-22,-50,-21,-40,-19,-45,-20,-44,-18,-46,-14,-43,-19,-39,-11,-40,-10,-39,-11,-41,-14,-41,-5,-42,-7,-35,-7,-38,-5,-34,-4,-37,-7,-33,-3,-28,1,-32,2,-34,1,-31,3,-34,3,-26,6,-27,0,0,0,0,0,0,0,0,0,0,0,0,0,0,0,0,0,0,0,0,0,0,74,9,77,16,71,20,72,25,65,28,64,36,61,36,56,43,61,44,55,45,50,43,53,50,47,45,45,45,41,44,37,42,38,43,30,39,37,39,31,34,33,33,32,31,31,30,32,29,34,20,31,24,35,23,37,19,36,20,41,20,41,17,44,15,43,19,43,16,43,17,45,14,47,15,46,15,48,15,52,10,51,10,50,10,52,8,50,9,53,13,52,7,52,6,56,7,53,7,53,9,54,5,53,7,53,3,53,4,54,2,57,1,55,3,0,0]"
CSI_DATA,328,2a:00:00:00:00:00,-48,11,1,0,1,1,1,0,0,0,1,-97,0,11,2,4662632,0,44,0,384,0,"[0,0,0,0,0,0,0,0,0,0,0,0,6,5,6,5,6,5,6,4,6,4,7,4,7,3,6,3,6,3,6,3,7,2,7,3,7,2,7,2,7,2,7,1,8,1,8,1,8,1,8,1,8,2,9,2,8,2,8,1,9,2,8,2,0,0,8,2,8,2,8,2,7,2,8,3,7,3,7,3,7,3,7,3,6,3,6,3,6,3,6,3,6,3,6,3,5,3,5,3,5,3,4,3,4,3,4,3,3,4,3,4,3,4,3,3,2,3,0,0,0,0,0,0,0,0,0,0,0,0,0,0,29,42,28,35,30,36,39,37,35,32,35,30,32,30,32,34,35,29,32,25,32,23,38,23,37,21,36,20,43,22,38,19,39,15,39,17,39,16,42,11,49,12,42,14,45,17,46,18,47,17,47,14,49,13,54,16,47,15,51,15,47,14,49,18,42,23,45,15,44,19,44,19,43,25,41,21,36,21,36,17,40,19,35,22,32,22,32,19,31,26,28,20,32,16,24,22,32,22,27,18,22,18,23,24,17,25,18,27,16,24,21,23,13,24,0,0,0,0,0,0,0,0,0,0,0,0,0,0,0,0,0,0,0,0,0,0,-66,43,-69,39,-69,28,-74,23,-67,20,-79,16,-70,9,-74,8,-74,4,-72,0,-71,3,-72,-4,-66,-5,-63,-4,-64,-11,-57,-10,-63,-9,-54,-8,-54,-10,-51,-8,-48,-5,-46,-2,-45,-1,-45,2,-48,1,-39,9,-45,11,-44,14,-45,14,-49,11,-41,15,-49,13,-44,10,-48,13,-50,19,-48,19,-41,22,-43,26,-48,21,-40,26,-47,24,-45,25,-51,34,-45,22,-45,25,-51,34,-46,35,-44,31,-47,28,-44,33,-43,29,-47,34,-50,31,-45,32,-43,36,-44,32,-44,32,0,0]"
CSI_DATA,329,2a:00:00:00:00:00,-47,11,1,0,1,1,1,0,0,0,1,-97,0,11,2,4672519,0,44,0,384,0,"[0,0,0,0,0,0,0,0,0,0,0,0,-5,7,-5,7,-4,7,-4,7,-4,7,-4,7,-3,7,-3,7,-3,7,-2,7,-2,7,-2,8,-1,8,-1,8,-1,8,-1,8,-1,8,-1,8,-1,8,-1,9,-1,9,-1,9,-1,9,-1,9,-1,9,-1,9,0,0,-1,9,-2,9,-2,9,-2,9,-2,8,-2,8,-2,8,-2,8,-3,8,-3,8,-3,7,-2,7,-2,7,-2,7,-3,6,-3,6,-3,6,-3,6,-3,5,-3,5,-3,5,-3,5,-3,5,-3,4,-4,4,-4,3,0,0,0,0,0,0,0,0,0,0,0,0,0,0,23,41,23,49,23,48,25,38,27,42,28,38,22,38,20,36,29,35,28,29,31,32,31,30,34,28,28,27,31,26,37,23,38,27,39,26,37,26,40,26,38,21,39,20,43,21,42,24,36,24,36,28,42,21,37,22,38,30,45,24,42,31,42,24,35,30,32,30,41,28,33,31,37,33,31,28,35,29,33,25,31,24,31,28,27,30,26,28,21,29,23,24,23,24,22,26,20,25,21,24,23,25,20,27,13,28,9,29,9,28,7,24,9,26,0,0,0,0,0,0,0,0,0,0,0,0,0,0,0,0,0,0,0,0,0,0,-71,36,-74,28,-73,21,-77,20,-74,15,-71,11,-72,6,-78,2,-78,-2,-74,-2,-73,-10,-67,-8,-65,-16,-67,-16,-64,-14,-59,-17,-57,-14,-55,-16,-53,-13,-49,-16,-45,-11,-49,-9,-45,-7,-41,-3,-46,-9,-42,-4,-49,0,-48,4,-47,4,-46,2,-46,8,-53,6,-46,9,-47,7,-49,8,-50,14,-48,17,-46,14,-50,13,-49,15,-50,15,-47,19,-46,17,-50,20,-52,20,-46,18,-52,22,-50,25,-53,27,-51,20,-50,21,-47,21,-51,23,-44,24,-52,18,-49,22,-48,28,0,0]"
CSI_DATA,330,2a:00:00:00:00:00,-47,11,1,0,1,1,1,0,0,0,1,-97,0,11,2,4704714,0,44,0,384,0,"[0,0,0,0,0,0,0,0,0,0,0,0,-9,-4,-8,-4,-9,-4,-8,-4,-8,-3,-8,-3,-9,-2,-9,-2,-9,-2,-9,-2,-9,-2,-9,-1,-9,-1,-9,-1,-9,-1,-10,0,-9,0,-10,0,-10,0,-10,0,-10,-1,-10,0,-10,-1,-10,-1,-10,-1,-10,-1,0,0,-10,-1,-10,-1,-9,-1,-9,-1,-9,-2,-9,-2,-9,-2,-9,-2,-9,-1,-8,-2,-8,-2,-8,-2,-8,-2,-7,-2,-7,-2,-7,-2,-7,-2,-7,-2,-7,-2,-6,-2,-6,-3,-6,-3,-6,-3,-5,-3,-5,-3,-5,-3,0,0,0,0,0,0,0,0,0,0,0,0,0,0,-31,37,-25,42,-28,45,-23,38,-25,36,-26,35,-23,41,-20,41,-19,39,-15,35,-16,41,-18,39,-15,40,-13,45,-17,39,-8,42,-10,43,-7,44,-4,43,-7,44,-5,45,-7,46,0,48,-10,47,-10,50,-5,49,-9,48,-10,47,-12,49,-11,50,-16,48,-12,45,-9,48,-10,41,-15,46,-12,41,-12,41,-12,41,-12,43,-13,36,-16,38,-13,35,-13,33,-18,31,-13,35,-13,27,-15,28,-15,34,-14,25,-16,26,-20,26,-22,25,-16,24,-16,22,-21,21,-19,18,-17,13,0,0,0,0,0,0,0,0,0,0,0,0,0,0,0,0,0,0,0,0,0,0,-67,-49,-57,-52,-61,-56,-57,-61,-45,-65,-43,-63,-38,-67,-33,-68,-31,-73,-26,-73,-21,-67,-18,-73,-15,-67,-19,-68,-15,-64,-7,-64,-11,-65,-5,-60,-11,-57,-12,-53,-11,-55,-12,-51,-7,-48,-15,-44,-12,-43,-19,-46,-15,-43,-18,-40,-25,-44,-22,-41,-29,-40,-24,-41,-25,-44,-29,-39,-30,-45,-30,-43,-28,-42,-30,-45,-32,-44,-37,-43,-35,-42,-36,-42,-34,-37,-39,-41,-35,-40,-32,-42,-32,-40,-38,-34,-39,-36,-42,-38,-41,-36,-37,-34,-36,-38,-34,-32,-42,-36,-41,-36,-44,-34,0,0]"
CSI_DATA,331,2a:00:00:00:00:00,-48,11,1,0,1,1,1,0,0,0,1,-97,0,11,2,4712665,0,44,0,384,0,"[0,0,0,0,0,0,0,0,0,0,0,0,7,-5,7,-5,6,-5,6,-6,5,-6,6,-6,6,-6,5,-6,5,-6,5,-6,5,-7,5,-7,4,-7,4,-7,4,-7,4,-8,4,-8,4,-8,4,-8,4,-8,5,-8,5,-8,5,-8,4,-8,5,-8,5,-8,0,0,5,-8,5,-7,5,-7,5,-7,5,-7,5,-7,5,-6,5,-6,5,-6,5,-6,5,-6,4,-5,4,-5,4,-5,5,-5,5,-5,4,-5,5,-5,5,-4,5,-4,5,-4,4,-3,4,-3,4,-3,4,-2,4,-2,0,0,0,0,0,0,0,0,0,0,0,0,0,0,-3,-51,-1,-47,-4,-46,-1,-48,-5,-46,-9,-46,-9,-48,-5,-41,-8,-42,-16,-39,-13,-43,-11,-40,-12,-39,-14,-40,-17,-43,-19,-43,-17,-40,-19,-38,-17,-44,-23,-44,-21,-42,-23,-43,-25,-41,-20,-43,-23,-43,-21,-48,-21,-46,-22,-48,-19,-47,-21,-46,-20,-43,-15,-45,-14,-44,-15,-47,-14,-45,-13,-43,-14,-44,-15,-44,-11,-38,-7,-38,-12,-36,-10,-33,-8,-39,-8,-36,-8,-36,-7,-35,-3,-33,-4,-33,-6,-32,-4,-30,-4,-33,-2,-31,0,-30,5,-30,7,-26,4,-26,5,-24,0,0,0,0,0,0,0,0,0,0,0,0,0,0,0,0,0,0,0,0,0,0,81,-7,78,2,78,7,76,15,75,18,72,21,76,26,69,30,64,33,68,37,65,40,60,40,59,38,59,41,50,44,45,42,45,43,43,39,41,36,39,37,38,32,41,36,37,31,37,26,36,25,40,20,35,22,39,18,40,20,42,21,42,14,47,17,49,15,46,17,47,17,48,14,50,13,50,12,51,14,50,10,49,13,49,12,48,11,53,10,54,7,56,13,51,5,52,7,56,7,52,9,48,4,51,7,52,2,48,3,53,7,51,6,50,0,0,0]"
CSI_DATA,332,2a:00:00:00:00:00,-48,11,1,0,1,1,1,0,0,0,1,-97,0,11,2,4722500,0,44,0,384,0,"[0,0,0,0,0,0,0,0,0,0,0,0,8,3,8,3,8,3,8,3,8,3,8,2,8,1,8,1,8,1,9,1,9,1,9,0,9,1,9,0,9,0,9,0,9,-1,10,0,9,0,10,0,9,0,10,0,10,0,10,0,10,0,9,0,0,0,9,0,9,1,9,1,9,1,8,1,9,1,8,1,8,1,8,1,8,1,7,1,7,2,7,2,7,2,7,1,6,1,6,2,6,1,6,1,6,2,6,2,5,2,5,3,4,3,4,3,4,3,0,0,0,0,0,0,0,0,0,0,0,0,0,0,34,-37,34,-37,27,-36,32,-33,23,-35,27,-30,27,-36,25,-43,21,-38,21,-36,23,-40,21,-39,16,-37,11,-44,14,-36,14,-41,17,-46,9,-44,13,-43,13,-42,15,-46,14,-45,12,-46,11,-46,19,-47,14,-45,12,-45,12,-48,15,-47,17,-49,20,-45,23,-46,17,-40,17,-43,18,-41,17,-41,17,-42,16,-39,15,-36,21,-32,18,-35,21,-30,18,-30,14,-31,19,-31,20,-24,19,-28,15,-28,24,-26,20,-23,19,-18,18,-22,17,-23,18,-19,17,-22,20,-15,23,-16,0,0,0,0,0,0,0,0,0,0,0,0,0,0,0,0,0,0,0,0,0,0,61,48,58,58,49,60,48,64,39,65,36,69,30,66,28,66,23,74,22,68,13,70,16,67,15,69,9,69,8,66,-1,61,3,58,0,56,3,56,3,53,2,49,6,49,6,44,9,44,7,46,10,42,16,44,16,43,13,41,19,47,18,39,18,46,17,44,23,44,26,43,27,42,23,40,26,44,27,38,30,44,29,39,26,41,28,44,31,42,28,38,36,37,31,39,31,39,31,41,35,44,33,40,32,36,32,45,28,34,34,33,38,34,35,37,0,0]"
CSI_DATA,333,2a:00:00:00:00:00,-48,11,1,0,1,1,1,0,0,0,1,-97,0,11,2,4732546,0,44,0,384,0,"[0,0,0,0,0,0,0,0,0,0,0,0,-3,-8,-4,-8,-4,-8,-4,-8,-4,-8,-4,-7,-5,-7,-5,-7,-5,-7,-5,-7,-5,-7,-6,-7,-6,-7,-6,-7,-6,-7,-6,-7,-6,-6,-6,-7,-7,-7,-7,-7,-7,-7,-7,-7,-6,-7,-7,-7,-6,-7,-6,-7,0,0,-6,-7,-6,-7,-6,-7,-5,-7,-5,-7,-5,-7,-5,-7,-5,-7,-4,-7,-4,-6,-4,-6,-4,-6,-4,-6,-4,-6,-3,-6,-3,-6,-4,-6,-3,-5,-3,-6,-3,-5,-3,-5,-2,-6,-2,-6,-2,-6,-1,-5,-1,-5,0,0,0,0,0,0,0,0,0,0,0,0,0,0,-46,-8,-41,-11,-46,-6,-45,-8,-43,-5,-45,-1,-47,-1,-42,-4,-41,1,-46,0,-42,2,-43,2,-43,4,-43,1,-47,3,-41,4,-51,7,-46,6,-43,9,-45,14,-47,8,-44,10,-43,14,-48,13,-47,11,-47,10,-47,5,-50,9,-46,7,-48,12,-52,4,-47,7,-47,9,-42,4,-46,5,-39,4,-37,5,-38,0,-41,3,-38,-2,-39,1,-38,-5,-34,-2,-34,-5,-33,0,-35,2,-36,-1,-31,0,-29,-4,-32,-4,-31,-7,-31,-5,-26,-4,-27,-8,-24,-8,-26,-13,-23,-13,0,0,0,0,0,0,0,0,0,0,0,0,0,0,0,0,0,0,0,0,0,0,14,-78,18,-75,26,-74,30,-71,37,-70,38,-64,45,-65,46,-58,48,-55,50,-53,54,-48,54,-42,54,-45,53,-43,51,-40,53,-36,52,-35,48,-31,43,-30,43,-30,44,-28,40,-27,37,-31,35,-31,35,-30,38,-29,29,-35,29,-32,29,-36,29,-36,29,-37,27,-39,26,-41,26,-43,23,-41,30,-43,29,-44,27,-43,26,-44,28,-46,25,-43,20,-47,18,-45,19,-44,22,-44,14,-46,21,-47,22,-44,18,-48,22,-45,17,-48,18,-47,19,-46,13,-47,14,-46,12,-47,12,-51,0,0]"
CSI_DATA,334,2a:00:00:00:00:00,-48,11,1,0,1,1,1,0,0,0,1,-97,0,11,2,4742670,0,44,0,384,0,"[0,0,0,0,0,0,0,0,0,0,0,0,7,3,7,3,7,3,7,3,7,2,7,2,7,1,7,1,7,1,7,1,8,1,8,1,8,1,8,1,8,1,8,0,8,0,8,0,8,0,8,0,9,0,9,0,9,0,9,0,9,1,8,0,0,0,8,1,8,1,8,1,8,1,7,1,7,1,7,1,7,1,7,1,7,1,6,1,6,2,6,2,6,1,6,1,6,1,6,2,5,1,5,1,5,1,5,1,4,2,4,2,4,3,4,2,3,2,0,0,0,0,0,0,0,0,0,0,0,0,0,0,38,-28,33,-28,33,-30,34,-31,35,-29,32,-32,30,-33,33,-35,29,-31,27,-29,28,-28,26,-37,19,-37,27,-38,25,-35,24,-40,20,-42,20,-39,25,-42,21,-39,20,-44,19,-40,18,-45,21,-47,18,-41,25,-45,21,-43,17,-49,25,-42,25,-41,26,-42,22,-39,24,-40,24,-36,25,-35,20,-38,20,-32,21,-35,22,-36,23,-32,21,-32,24,-27,21,-28,21,-27,26,-28,23,-26,23,-19,15,-26,24,-19,18,-23,22,-23,21,-19,21,-20,25,-21,22,-17,25,-18,21,-13,0,0,0,0,0,0,0,0,0,0,0,0,0,0,0,0,0,0,0,0,0,0,37,69,33,73,25,74,21,77,14,72,4,80,5,78,0,76,-2,76,-6,70,-12,73,-8,71,-13,65,-19,66,-15,68,-18,60,-17,61,-16,55,-18,56,-12,49,-15,52,-9,46,-11,45,-9,44,-6,46,0,46,-7,51,-4,41,0,43,1,48,0,44,5,55,9,46,9,50,8,47,11,48,8,48,7,51,13,49,13,48,13,51,16,51,14,53,14,48,14,43,23,44,19,45,22,46,21,50,19,46,17,47,20,44,16,46,21,40,24,42,26,41,25,38,0,0]"
CSI_DATA,335,2a:00:00:00:00:00,-48,11,1,0,1,1,1,0,0,0,1,-97,0,11,2,4752509,0,44,0,384,0,"[0,0,0,0,0,0,0,0,0,0,0,0,0,8,0,8,0,8,0,8,1,8,1,8,1,7,1,7,1,7,2,8,2,8,2,8,3,8,3,8,3,8,3,8,3,8,3,8,3,8,3,8,3,8,3,8,3,8,3,8,3,8,3,8,0,0,2,8,2,8,2,8,2,8,2,7,2,7,2,7,2,7,1,7,1,7,1,7,1,6,1,6,1,6,0,6,0,6,1,6,0,5,0,5,0,5,0,5,0,5,0,5,-1,5,-1,4,-2,4,0,0,0,0,0,0,0,0,0,0,0,0,0,0,37,22,39,18,40,21,45,14,44,16,43,16,44,15,42,14,43,17,41,10,38,10,46,10,48,6,43,7,47,7,46,10,43,7,46,5,43,1,48,2,49,-1,47,4,44,-4,47,5,46,6,45,2,47,1,46,6,46,7,53,5,47,5,44,6,43,6,44,7,43,7,41,7,42,8,42,8,40,7,38,11,42,7,38,10,33,9,30,9,33,8,34,8,32,7,28,9,30,5,27,5,28,11,29,9,22,11,22,8,22,15,25,15,20,19,0,0,0,0,0,0,0,0,0,0,0,0,0,0,0,0,0,0,0,0,0,0,-51,64,-54,58,-55,51,-67,50,-66,44,-64,40,-67,40,-68,33,-72,31,-70,25,-75,24,-71,19,-71,18,-68,12,-67,14,-61,11,-65,9,-62,9,-55,11,-57,9,-50,10,-52,9,-48,14,-45,10,-45,10,-44,17,-46,18,-48,18,-44,15,-47,21,-43,21,-44,25,-40,27,-41,28,-41,33,-41,31,-42,34,-41,28,-40,27,-41,29,-37,31,-41,36,-43,33,-42,34,-37,33,-37,35,-36,37,-34,33,-37,35,-35,39,-34,28,-34,37,-33,35,-28,42,-30,36,-27,37,-26,41,0,0]"
CSI_DATA,336,2a:00:00:00:00:00,-49,11,1,0,1,1,1,0,0,0,1,-97,0,11,2,4762520,0,44,0,384,0,"[0,0,0,0,0,0,0,0,0,0,0,0,0,-8,0,-8,-1,-9,-1,-8,-1,-9,-1,-8,-2,-8,-2,-7,-1,-8,-2,-8,-2,-8,-2,-8,-2,-9,-3,-8,-3,-9,-3,-9,-3,-8,-3,-8,-4,-9,-3,-9,-3,-9,-3,-9,-3,-9,-3,-9,-3,-9,-2,-9,0,0,-2,-9,-2,-8,-2,-8,-2,-8,-2,-8,-3,-8,-2,-8,-2,-7,-1,-7,-1,-7,-1,-7,-1,-6,-1,-6,-1,-6,-1,-6,-1,-6,-2,-6,0,-6,-1,-6,0,-5,0,-5,0,-6,0,-6,1,-5,1,-5,1,-4,0,0,0,0,0,0,0,0,0,0,0,0,0,0,-5,-44,-6,-53,-7,-45,-11,-47,-11,-45,-12,-44,-11,-45,-12,-42,-14,-43,-14,-37,-19,-43,-17,-42,-20,-40,-17,-42,-20,-41,-24,-41,-20,-43,-24,-42,-22,-42,-24,-44,-24,-37,-22,-43,-27,-35,-25,-43,-23,-43,-23,-48,-23,-44,-28,-43,-24,-45,-23,-46,-24,-38,-16,-43,-17,-41,-16,-39,-19,-40,-14,-40,-14,-39,-18,-40,-16,-40,-13,-38,-10,-40,-12,-30,-17,-33,-16,-35,-9,-36,-7,-27,-9,-30,-11,-33,-4,-25,-7,-32,-5,-27,-3,-28,-4,-32,-5,-32,-3,-26,-4,-22,1,-25,0,0,0,0,0,0,0,0,0,0,0,0,0,0,0,0,0,0,0,0,0,0,80,-3,75,7,81,11,74,20,78,23,70,27,67,31,66,34,64,40,64,38,61,38,55,39,58,37,53,42,49,38,50,42,44,40,44,38,42,40,39,39,39,33,36,33,40,30,41,30,37,27,41,26,41,22,44,19,47,18,40,22,46,19,45,20,47,24,46,17,49,17,45,17,46,15,47,12,47,12,54,13,51,12,54,12,51,12,57,11,45,10,53,14,47,12,44,6,52,8,50,8,49,9,50,4,48,2,49,-3,48,-2,44,1,46,0,0,0]"
CSI_DATA,337,2a:00:00:00:00:00,-48,11,1,0,1,1,1,0,0,0,1,-97,0,11,2,4772512,0,44,0,384,0,"[0,0,0,0,0,0,0,0,0,0,0,0,-2,-9,-2,-9,-3,-9,-3,-9,-3,-9,-3,-8,-3,-8,-4,-8,-4,-8,-4,-8,-4,-8,-4,-8,-5,-8,-5,-8,-5,-8,-5,-8,-5,-8,-5,-8,-6,-8,-6,-9,-5,-9,-6,-9,-5,-9,-6,-9,-5,-9,-5,-9,0,0,-5,-8,-5,-8,-4,-8,-4,-8,-4,-8,-4,-8,-4,-8,-4,-7,-3,-7,-3,-7,-3,-7,-3,-7,-3,-7,-3,-7,-3,-6,-3,-6,-3,-7,-2,-6,-2,-6,-2,-6,-2,-6,-2,-6,-2,-6,-1,-6,-1,-5,-1,-5,0,0,0,0,0,0,0,0,0,0,0,0,0,0,-42,-9,-45,-1,-42,-4,-45,4,-45,3,-46,10,-45,2,-46,5,-44,6,-46,5,-45,8,-45,10,-44,14,-43,11,-48,14,-46,12,-47,15,-43,12,-41,18,-47,17,-46,23,-44,16,-44,21,-48,20,-43,19,-43,15,-47,16,-47,15,-47,10,-47,13,-47,15,-46,12,-43,8,-41,12,-42,15,-43,10,-38,7,-38,11,-39,7,-35,11,-40,11,-39,6,-35,7,-36,5,-35,6,-37,11,-35,5,-32,3,-33,6,-30,5,-31,8,-28,4,-27,0,-29,-3,-27,-4,-27,-5,-26,-5,0,0,0,0,0,0,0,0,0,0,0,0,0,0,0,0,0,0,0,0,0,0,25,-78,29,-76,36,-73,38,-73,44,-69,46,-62,49,-62,49,-58,55,-52,55,-44,60,-47,59,-43,56,-41,57,-36,54,-33,54,-37,55,-35,49,-28,47,-28,49,-32,46,-28,41,-28,40,-31,37,-28,36,-28,37,-32,37,-32,32,-35,31,-36,30,-43,30,-40,28,-40,26,-40,26,-42,29,-46,29,-45,30,-43,25,-48,25,-45,28,-44,24,-47,20,-48,23,-48,25,-48,22,-42,23,-55,25,-48,20,-45,20,-48,20,-44,13,-45,15,-47,13,-44,12,-49,10,-49,6,-42,10,-41,0,0]"
CSI_DATA,338,2a:00:00:00:00:00,-49,11,1,0,1,1,1,0,0,0,1,-97,0,11,2,4792676,0,44,0,384,0,"[0,0,0,0,0,0,0,0,0,0,0,0,-9,-2,-9,-3,-9,-2,-9,-3,-9,-2,-8,-2,-9,-2,-10,-2,-9,-2,-9,-1,-10,-1,-9,-1,-9,-1,-9,-1,-10,-2,-10,-1,-10,0,-10,-1,-10,-1,-10,-2,-10,-1,-10,-2,-10,-1,-10,-1,-9,-2,-10,-1,0,0,-9,-2,-9,-2,-9,-3,-9,-2,-8,-2,-9,-3,-8,-3,-7,-3,-8,-2,-7,-2,-8,-2,-7,-3,-7,-2,-6,-3,-7,-2,-7,-2,-6,-2,-6,-2,-6,-2,-6,-2,-6,-3,-5,-4,-5,-3,-5,-4,-4,-3,-4,-4,0,0,0,0,0,0,0,0,0,0,0,0,0,0,-39,-21,-38,-19,-43,-16,-45,-13,-44,-16,-44,-12,-44,-12,-42,-16,-44,-6,-44,-11,-45,-9,-44,-6,-48,-3,-45,-1,-49,-5,-46,-4,-46,-2,-42,0,-47,-5,-48,1,-50,-3,-49,-2,-47,0,-50,-1,-55,-1,-49,-4,-47,-2,-52,-7,-50,-6,-52,-7,-48,-2,-50,-6,-41,-5,-43,-6,-42,-5,-40,-6,-38,-9,-38,-6,-37,-10,-40,-9,-34,-4,-33,-8,-37,-5,-34,-5,-35,-5,-32,-8,-35,-7,-31,-8,-33,-9,-30,-10,-26,-10,-29,-10,-24,-11,-24,-15,-26,-13,-25,-14,-25,-16,0,0,0,0,0,0,0,0,0,0,0,0,0,0,0,0,0,0,0,0,0,0,42,-66,47,-67,50,-58,58,-59,59,-51,62,-49,66,-47,65,-40,65,-39,65,-34,68,-30,70,-22,65,-23,65,-22,63,-22,62,-16,66,-14,54,-13,58,-16,54,-18,50,-19,48,-11,46,-17,45,-13,44,-17,47,-20,40,-24,44,-25,35,-23,42,-25,34,-27,38,-32,43,-28,40,-29,40,-31,43,-37,38,-35,40,-33,40,-34,40,-32,37,-35,35,-36,36,-38,36,-37,37,-34,43,-39,36,-42,35,-33,34,-40,32,-34,36,-38,33,-37,34,-43,25,-35,24,-42,22,-41,23,-43,0,0]"
CSI_DATA,339,2a:00:00:00:00:00,-49,11,1,0,1,1,1,0,0,0,1,-97,0,11,2,4823121,0,44,0,384,0,"[0,0,0,0,0,0,0,0,0,0,0,0,-1,-8,-1,-8,-2,-9,-2,-8,-2,-9,-2,-8,-2,-8,-2,-8,-3,-8,-3,-9,-3,-9,-3,-9,-3,-9,-4,-9,-4,-9,-4,-9,-4,-9,-4,-9,-4,-9,-4,-9,-4,-9,-4,-10,-3,-10,-4,-9,-3,-10,-3,-9,0,0,-3,-9,-3,-9,-3,-9,-3,-8,-3,-8,-3,-8,-3,-8,-3,-8,-2,-8,-2,-7,-2,-7,-2,-7,-2,-7,-2,-7,-2,-7,-2,-6,-2,-7,-2,-6,-2,-6,-1,-6,-1,-6,-1,-6,-1,-6,0,-6,0,-5,0,-5,0,0,0,0,0,0,0,0,0,0,0,0,0,0,-41,-16,-44,-12,-38,-11,-42,-6,-43,-6,-41,-7,-39,-4,-43,-2,-43,-4,-47,-2,-46,-3,-47,-1,-43,2,-42,3,-47,1,-42,10,-48,2,-43,5,-42,8,-51,9,-50,10,-44,4,-48,10,-47,12,-50,7,-48,8,-48,6,-52,9,-50,3,-42,2,-49,6,-46,6,-44,5,-43,4,-40,3,-38,3,-39,0,-38,4,-39,2,-39,3,-40,5,-40,4,-32,-2,-33,4,-32,1,-36,4,-34,4,-35,0,-35,2,-34,2,-29,-1,-32,-1,-25,-5,-28,-2,-26,-5,-25,-8,-29,-8,0,0,0,0,0,0,0,0,0,0,0,0,0,0,0,0,0,0,0,0,0,0,52,-62,57,-53,58,-54,66,-49,65,-46,69,-38,66,-32,68,-29,67,-29,66,-26,73,-20,71,-18,66,-18,70,-18,60,-11,60,-11,62,-4,58,-6,56,-12,52,-7,49,-11,48,-12,49,-11,44,-16,42,-14,43,-19,40,-20,40,-19,40,-19,42,-22,38,-25,39,-22,35,-31,41,-25,42,-30,37,-31,38,-36,37,-32,38,-36,40,-32,37,-36,38,-34,36,-39,41,-34,36,-38,32,-40,32,-36,33,-36,28,-35,33,-39,29,-38,27,-36,29,-33,23,-39,21,-37,19,-31,17,-39,0,0]"
CSI_DATA,340,2a:00:00:00:00:00,-50,11,1,0,1,1,1,0,0,0,1,-97,0,11,2,4832651,0,44,0,384,0,"[0,0,0,0,0,0,0,0,0,0,0,0,-8,-3,-8,-3,-8,-3,-7,-3,-8,-2,-8,-2,-8,-2,-8,-1,-9,-2,-8,-1,-9,-1,-9,-1,-9,-1,-9,-1,-10,-1,-9,-1,-9,-1,-9,-1,-9,-1,-9,-2,-9,-1,-10,-2,-9,-1,-10,-2,-9,-2,-9,-2,0,0,-9,-2,-9,-2,-9,-2,-8,-1,-8,-3,-8,-3,-7,-2,-7,-2,-7,-2,-7,-2,-7,-2,-7,-2,-7,-2,-6,-3,-6,-1,-6,-2,-6,-3,-6,-2,-6,-2,-6,-2,-5,-2,-5,-3,-5,-3,-4,-3,-5,-3,-4,-3,0,0,0,0,0,0,0,0,0,0,0,0,0,0,-37,-30,-30,-11,-16,-16,-33,-24,-39,-12,-34,-18,-38,-11,-38,-13,-42,-10,-43,-8,-43,-10,-43,-8,-40,-10,-39,-5,-46,-7,-49,-5,-46,-4,-48,-6,-49,0,-49,-3,-49,-3,-43,-4,-46,-2,-44,-1,-50,-6,-47,-8,-50,-3,-48,-6,-47,-7,-48,-7,-45,-7,-49,-9,-39,-5,-41,-9,-37,-7,-42,-7,-38,-8,-35,-4,-35,-13,-36,-4,-34,-4,-41,-9,-29,-4,-33,-8,-33,-5,-32,-5,-33,-9,-29,-9,-33,-5,-31,-8,-32,-9,-32,-15,-27,-6,-23,-9,-24,-11,-23,-12,-18,-14,0,0,0,0,0,0,0,0,0,0,0,0,0,0,0,0,0,0,0,0,0,0,56,-57,61,-50,61,-47,69,-48,68,-38,76,-32,71,-28,76,-27,73,-23,70,-20,70,-16,70,-12,71,-9,68,-6,64,-9,61,-6,60,-5,52,-7,55,-1,53,-2,53,-3,52,-5,46,-8,50,-11,46,-8,44,-12,40,-10,42,-14,41,-11,43,-16,44,-15,45,-23,38,-22,44,-19,42,-23,48,-25,42,-28,43,-27,42,-25,43,-23,40,-27,42,-26,46,-27,44,-31,42,-33,33,-31,38,-28,37,-32,33,-29,33,-25,32,-25,37,-32,34,-32,24,-25,27,-29,25,-35,25,-27,0,0]"
CSI_DATA,341,2a:00:00:00:00:00,-49,11,1,0,1,1,1,0,0,0,1,-97,0,11,2,4842728,0,44,0,384,0,"[0,0,0,0,0,0,0,0,0,0,0,0,-2,7,-2,7,-1,8,-1,8,-1,8,-1,8,-1,8,-1,8,0,8,0,8,0,8,0,8,1,9,1,9,1,9,1,9,1,9,1,9,1,9,1,9,1,9,1,9,0,10,1,9,0,9,0,9,0,0,0,9,0,9,0,8,0,8,0,8,0,8,0,7,0,7,-1,7,-1,7,-1,7,0,7,0,7,0,6,-1,6,-1,6,0,6,-1,6,-1,6,-1,6,-2,6,-1,6,-2,6,-2,5,-3,5,-3,4,0,0,0,0,0,0,0,0,0,0,0,0,0,0,29,28,35,21,35,19,37,18,36,21,35,15,36,18,40,15,39,15,31,12,43,11,42,9,42,11,40,13,44,11,46,10,47,11,39,8,46,7,45,8,48,9,50,4,51,8,44,7,46,13,47,13,57,6,46,16,43,15,47,13,45,14,43,12,38,13,39,16,40,12,36,15,38,9,35,14,37,11,37,10,38,10,36,10,27,13,33,12,34,12,32,11,33,12,31,14,28,9,30,8,31,14,25,13,24,20,23,12,21,13,19,16,20,17,0,0,0,0,0,0,0,0,0,0,0,0,0,0,0,0,0,0,0,0,0,0,-62,54,-68,53,-69,44,-71,35,-76,33,-74,28,-73,21,-74,19,-77,15,-77,7,-74,10,-70,3,-75,6,-69,2,-66,5,-68,-3,-61,0,-62,-1,-54,-3,-60,-6,-53,2,-53,-1,-47,2,-46,2,-46,0,-51,5,-48,10,-45,10,-49,11,-48,15,-47,13,-43,15,-47,15,-43,15,-47,19,-46,20,-51,22,-44,23,-49,22,-46,22,-46,22,-45,24,-47,27,-50,23,-47,25,-36,23,-42,22,-44,27,-42,21,-41,25,-42,27,-41,18,-40,23,-31,26,-33,26,-28,31,-26,28,0,0]"
CSI_DATA,342,2a:00:00:00:00:00,-49,11,1,0,1,1,1,0,0,0,1,-97,0,11,2,4853354,0,44,0,384,0,"[0,0,0,0,0,0,0,0,0,0,0,0,-4,6,-3,6,-3,7,-3,7,-3,7,-3,7,-2,7,-2,7,-2,7,-2,8,-2,8,-2,8,-2,8,-2,8,-2,8,-2,8,-2,9,-2,9,-1,9,-1,9,-2,9,-2,9,-2,9,-2,9,-2,9,-3,9,0,0,-3,8,-2,8,-2,8,-3,8,-2,7,-2,7,-2,7,-2,7,-3,7,-3,7,-3,6,-2,6,-2,6,-2,6,-3,6,-3,6,-2,6,-3,5,-3,5,-3,5,-3,5,-3,5,-3,5,-3,4,-4,4,-4,3,0,0,0,0,0,0,0,0,0,0,0,0,0,0,19,24,18,24,27,29,29,25,26,25,28,25,31,28,31,26,30,22,30,25,36,16,41,20,39,22,33,21,32,21,40,26,35,21,42,22,45,20,41,19,44,19,39,21,40,25,44,21,45,20,39,23,39,23,47,23,39,28,42,24,38,25,32,29,30,23,33,28,33,20,33,27,27,24,29,25,33,20,31,17,29,18,27,20,30,24,23,18,24,20,29,21,28,21,20,18,27,19,21,22,23,22,25,20,14,26,14,25,17,25,11,23,10,21,0,0,0,0,0,0,0,0,0,0,0,0,0,0,0,0,0,0,0,0,0,0,-71,38,-80,35,-76,29,-83,23,-78,16,-85,12,-75,8,-80,0,-75,-2,-72,-7,-72,-12,-69,-13,-73,-15,-68,-12,-70,-20,-59,-16,-60,-16,-57,-12,-53,-17,-57,-16,-55,-15,-50,-11,-46,-12,-47,-10,-50,-8,-41,-4,-47,-5,-45,-2,-49,-2,-49,2,-46,0,-53,2,-46,2,-50,8,-49,3,-55,5,-49,7,-52,10,-51,11,-49,8,-48,12,-51,13,-52,8,-51,10,-50,11,-50,18,-49,9,-51,12,-50,15,-44,8,-44,4,-40,9,-43,12,-39,9,-37,13,-36,14,-34,20,0,0]"
CSI_DATA,343,2a:00:00:00:00:00,-50,11,1,0,1,1,1,0,0,0,1,-97,0,11,2,4862518,0,44,0,384,0,"[0,0,0,0,0,0,0,0,0,0,0,0,-5,5,-5,5,-4,6,-4,6,-4,6,-4,6,-4,6,-4,6,-4,7,-3,7,-4,7,-4,7,-3,7,-3,7,-3,8,-3,8,-3,8,-3,8,-3,8,-3,8,-3,8,-3,8,-4,8,-4,8,-4,8,-4,8,0,0,-4,8,-4,7,-4,7,-4,7,-4,6,-3,7,-3,6,-3,6,-4,6,-4,6,-4,6,-3,6,-3,6,-3,5,-4,5,-4,5,-3,5,-4,5,-4,5,-4,5,-4,4,-4,4,-4,4,-4,4,-5,3,-5,3,0,0,0,0,0,0,0,0,0,0,0,0,0,0,7,34,9,37,15,32,15,34,22,31,18,32,20,33,19,39,22,30,25,30,25,28,29,29,29,27,27,30,35,30,34,32,29,34,27,30,33,30,32,30,35,32,34,27,36,29,33,34,32,35,34,42,36,34,33,31,36,36,36,32,33,31,34,36,31,34,34,31,27,27,22,30,23,26,23,28,23,30,24,26,22,26,28,28,20,23,23,30,19,28,26,26,22,21,19,26,18,19,16,25,16,25,12,22,18,29,9,21,9,24,12,24,8,29,0,0,0,0,0,0,0,0,0,0,0,0,0,0,0,0,0,0,0,0,0,0,-83,-5,-82,-13,-79,-22,-77,-23,-76,-25,-75,-36,-66,-36,-67,-43,-68,-44,-58,-45,-60,-42,-58,-46,-57,-44,-52,-44,-51,-45,-44,-47,-43,-44,-40,-39,-41,-40,-32,-36,-40,-40,-37,-40,-34,-33,-38,-29,-38,-36,-39,-23,-35,-29,-41,-25,-40,-22,-40,-20,-40,-19,-48,-21,-45,-16,-49,-18,-47,-14,-49,-14,-48,-16,-47,-11,-50,-11,-52,-12,-52,-20,-54,-10,-51,-16,-45,-11,-48,-13,-49,-2,-46,-9,-45,-5,-50,-3,-44,-10,-43,-9,-36,-6,-43,-8,-42,-6,-45,-3,-43,-2,-40,7,0,0]"
CSI_DATA,344,2a:00:00:00:00:00,-50,11,1,0,1,1,1,0,0,0,1,-97,0,11,2,4872499,0,44,0,384,0,"[0,0,0,0,0,0,0,0,0,0,0,0,5,4,5,4,6,4,6,4,6,4,6,3,6,3,7,3,7,3,7,3,7,3,8,3,8,3,8,3,8,3,8,2,8,2,9,2,8,2,9,3,9,3,9,3,9,3,9,3,8,3,8,3,0,0,8,3,8,3,7,3,7,3,7,3,7,3,7,3,7,3,6,2,6,3,6,2,6,3,6,3,6,3,6,2,5,2,6,3,5,2,5,2,5,2,5,3,4,3,4,4,4,4,3,3,3,3,0,0,0,0,0,0,0,0,0,0,0,0,0,0,30,-9,30,-14,26,-15,32,-15,28,-18,32,-17,28,-19,30,-24,30,-21,30,-24,31,-23,25,-28,26,-28,30,-27,27,-28,30,-36,33,-31,29,-34,29,-36,29,-32,31,-37,30,-34,26,-38,29,-36,34,-33,34,-38,35,-40,30,-35,35,-32,34,-30,36,-34,31,-30,29,-31,28,-28,28,-30,28,-29,24,-30,23,-29,27,-30,25,-27,24,-27,25,-26,19,-23,22,-23,24,-21,24,-23,25,-22,21,-22,24,-20,26,-25,20,-20,21,-19,23,-21,25,-12,23,-11,23,-9,22,-8,0,0,0,0,0,0,0,0,0,0,0,0,0,0,0,0,0,0,0,0,0,0,-12,83,-23,81,-28,73,-37,73,-36,69,-40,69,-45,64,-48,62,-53,61,-49,55,-52,46,-50,51,-55,49,-54,45,-56,43,-46,40,-50,36,-42,36,-41,36,-38,32,-35,36,-38,34,-39,28,-31,34,-32,32,-30,32,-34,33,-30,42,-25,33,-26,39,-24,38,-22,40,-18,42,-23,44,-18,44,-22,41,-17,35,-19,42,-13,46,-13,44,-18,48,-14,47,-17,48,-16,45,-13,45,-7,40,-13,42,-13,44,-12,43,-15,43,-12,44,-10,42,-9,45,-9,31,0,39,-7,33,3,31,0,0]"
CSI_DATA,345,2a:00:00:00:00:00,-50,11,1,0,1,1,1,0,0,0,1,-97,0,11,2,4882500,0,44,0,384,0,"[0,0,0,0,0,0,0,0,0,0,0,0,4,-6,3,-6,3,-7,3,-7,3,-7,3,-7,3,-7,3,-7,3,-8,2,-8,2,-8,2,-9,2,-9,2,-9,2,-9,2,-9,2,-9,2,-9,2,-9,2,-10,2,-9,2,-10,3,-10,2,-10,2,-10,3,-9,0,0,3,-9,3,-9,2,-8,3,-9,2,-8,2,-8,2,-8,2,-7,3,-7,3,-8,2,-7,2,-7,2,-7,2,-7,2,-7,2,-7,2,-7,3,-6,3,-6,3,-6,3,-6,3,-6,3,-5,3,-5,3,-5,4,-4,0,0,0,0,0,0,0,0,0,0,0,0,0,0,-14,-31,-18,-30,-19,-32,-24,-30,-20,-24,-26,-30,-19,-31,-28,-32,-25,-31,-27,-27,-31,-28,-32,-23,-33,-29,-35,-23,-32,-25,-34,-26,-37,-28,-35,-28,-39,-29,-37,-28,-46,-28,-38,-30,-40,-27,-41,-26,-42,-30,-42,-34,-43,-33,-41,-31,-40,-35,-39,-27,-37,-35,-32,-35,-30,-31,-33,-32,-32,-30,-35,-32,-29,-29,-28,-28,-31,-28,-27,-28,-30,-27,-28,-31,-26,-29,-25,-26,-18,-29,-24,-26,-29,-23,-19,-26,-24,-24,-22,-19,-20,-25,-20,-25,-18,-28,-12,-24,-14,-23,-10,-24,-11,-29,0,0,0,0,0,0,0,0,0,0,0,0,0,0,0,0,0,0,0,0,0,0,80,-22,89,-16,88,-7,85,0,81,10,81,15,74,11,75,14,77,28,65,24,68,32,65,31,66,28,63,41,64,35,53,35,52,33,50,29,50,32,43,26,45,27,48,22,42,31,42,25,42,19,42,19,46,16,46,15,39,14,47,9,42,12,48,9,48,7,53,9,50,9,50,4,50,8,52,1,49,6,50,5,56,6,51,2,53,2,48,0,49,4,43,6,50,4,49,1,44,6,44,2,44,3,42,1,42,-1,36,-3,38,-5,38,-8,37,-11,0,0]"
CSI_DATA,346,2a:00:00:00:00:00,-50,11,1,0,1,1,1,0,0,0,1,-97,0,11,2,4902735,0,44,0,384,0,"[0,0,0,0,0,0,0,0,0,0,0,0,-4,-6,-4,-6,-5,-6,-5,-7,-5,-6,-5,-6,-6,-6,-6,-6,-6,-6,-6,-6,-7,-6,-7,-6,-7,-6,-7,-6,-8,-6,-8,-6,-8,-6,-8,-6,-9,-6,-9,-7,-8,-7,-8,-7,-8,-7,-8,-7,-8,-7,-8,-7,0,0,-7,-7,-7,-7,-7,-7,-7,-6,-7,-6,-7,-6,-7,-6,-7,-6,-6,-6,-6,-6,-6,-6,-6,-6,-6,-6,-6,-6,-5,-5,-5,-5,-6,-6,-5,-5,-5,-5,-5,-5,-4,-5,-4,-6,-4,-6,-4,-6,-3,-5,-2,-5,0,0,0,0,0,0,0,0,0,0,0,0,0,0,-35,-1,-26,-2,-37,6,-38,1,-35,2,-34,7,-33,5,-36,8,-32,12,-36,9,-40,12,-39,14,-37,15,-34,18,-39,16,-42,23,-38,23,-38,24,-41,23,-42,27,-45,24,-42,26,-41,22,-42,22,-41,25,-43,28,-41,23,-45,22,-41,22,-46,20,-43,25,-44,27,-38,22,-40,26,-37,18,-39,20,-34,18,-37,24,-32,18,-31,16,-29,18,-30,14,-33,18,-32,15,-33,15,-36,15,-36,17,-30,12,-35,15,-33,7,-32,10,-31,10,-28,7,-28,7,-27,7,-29,7,-29,-1,0,0,0,0,0,0,0,0,0,0,0,0,0,0,0,0,0,0,0,0,0,0,52,-70,58,-61,60,-56,65,-51,68,-50,71,-43,73,-41,72,-37,74,-31,70,-28,72,-24,73,-21,68,-19,69,-20,67,-16,62,-14,63,-11,59,-11,54,-11,53,-9,50,-11,47,-12,42,-11,46,-9,43,-14,44,-18,40,-17,40,-22,37,-18,38,-22,36,-27,35,-27,33,-31,32,-27,34,-32,35,-37,38,-34,34,-34,39,-34,32,-35,37,-37,33,-39,30,-31,34,-35,34,-34,23,-39,27,-39,26,-35,23,-37,28,-34,22,-32,27,-36,21,-31,16,-29,13,-32,16,-28,11,-36,0,0]"
CSI_DATA,347,2a:00:00:00:00:00,-50,11,1,0,1,1,1,0,0,0,1,-97,0,11,2,4912494,0,44,0,384,0,"[0,0,0,0,0,0,0,0,0,0,0,0,5,2,5,2,5,2,6,2,6,2,6,1,6,1,6,1,7,1,7,1,7,0,7,0,8,0,8,0,8,0,8,0,8,0,8,0,9,0,9,0,9,1,9,1,8,0,9,0,9,1,9,1,0,0,8,1,8,1,8,1,7,1,7,1,7,1,7,1,7,1,7,1,6,0,6,0,6,1,6,1,6,1,6,1,6,1,6,1,6,1,6,1,5,1,5,1,5,2,5,2,4,2,4,2,4,2,0,0,0,0,0,0,0,0,0,0,0,0,0,0,28,-12,27,-15,27,-16,25,-22,24,-20,26,-20,25,-26,24,-24,25,-25,20,-31,23,-27,22,-31,26,-34,17,-31,23,-29,17,-35,20,-38,20,-48,21,-42,24,-32,20,-44,22,-38,19,-47,24,-43,25,-44,28,-43,16,-44,28,-40,22,-39,25,-39,26,-43,30,-41,20,-39,23,-36,27,-32,25,-35,25,-32,20,-34,21,-38,22,-27,22,-32,20,-25,20,-28,18,-26,17,-30,22,-26,24,-29,22,-28,22,-25,20,-18,24,-24,20,-19,19,-18,19,-18,24,-17,25,-16,23,-12,0,0,0,0,0,0,0,0,0,0,0,0,0,0,0,0,0,0,0,0,0,0,5,85,-1,87,-6,78,-19,82,-18,79,-25,82,-28,73,-26,73,-38,72,-33,63,-42,65,-39,62,-41,60,-41,61,-44,57,-42,46,-44,49,-41,41,-37,41,-35,40,-29,44,-37,38,-28,39,-27,38,-29,37,-23,38,-22,40,-26,42,-17,38,-18,40,-17,42,-12,46,-17,41,-10,44,-11,47,-13,47,-7,40,-11,38,5,52,-16,44,-15,55,-4,44,-12,45,-4,47,-7,47,-14,52,-3,49,-4,37,-6,41,-2,38,-6,39,-6,40,0,38,-2,27,1,29,6,30,10,36,0,0]"
CSI_DATA,348,2a:00:00:00:00:00,-50,11,1,0,1,1,1,0,0,0,1,-97,0,11,2,4932693,0,44,0,384,0,"[0,0,0,0,0,0,0,0,0,0,0,0,6,-1,6,-1,6,-1,6,-1,6,-1,7,-2,7,-2,7,-3,7,-3,7,-3,8,-3,7,-4,7,-4,7,-3,8,-4,8,-4,8,-5,8,-4,8,-4,9,-4,9,-4,9,-4,9,-4,9,-4,9,-4,9,-4,0,0,9,-4,8,-3,8,-3,8,-3,8,-3,8,-3,7,-3,7,-3,7,-3,7,-3,7,-3,7,-2,7,-2,7,-2,6,-3,6,-3,6,-2,6,-2,6,-2,6,-2,6,-2,6,-1,6,-1,6,0,5,0,5,0,0,0,0,0,0,0,0,0,0,0,0,0,0,0,23,-27,14,-24,12,-31,9,-37,12,-34,12,-28,10,-34,7,-31,7,-38,7,-38,6,-35,1,-41,4,-40,0,-44,6,-44,0,-45,0,-50,-5,-44,-3,-48,0,-50,-7,-48,1,-46,-3,-52,-2,-45,-1,-47,-6,-54,-1,-52,-4,-53,4,-50,0,-45,6,-48,2,-46,4,-45,2,-46,5,-43,0,-44,1,-41,0,-40,3,-39,4,-39,4,-35,6,-34,-1,-38,-2,-34,-1,-39,1,-34,1,-40,0,-38,1,-34,9,-33,6,-34,10,-28,4,-30,9,-34,12,-31,13,-20,15,-22,0,0,0,0,0,0,0,0,0,0,0,0,0,0,0,0,0,0,0,0,0,0,29,79,24,84,14,83,15,88,4,81,0,87,-2,81,-6,83,-10,74,-10,76,-19,77,-22,71,-19,69,-25,68,-21,72,-27,58,-26,58,-26,57,-27,52,-22,52,-15,48,-18,53,-18,42,-12,50,-10,45,-6,50,-12,36,-1,44,-2,41,-1,50,4,46,4,43,7,43,6,43,8,43,8,48,6,45,10,44,10,50,13,44,10,50,10,47,11,51,19,49,11,52,9,52,16,49,14,40,15,44,18,40,15,36,13,37,11,32,15,34,17,28,21,27,16,23,0,0]"
CSI_DATA,349,2a:00:00:00:00:00,-50,11,1,0,1,1,1,0,0,0,1,-97,0,11,2,4942859,0,44,0,384,0,"[0,0,0,0,0,0,0,0,0,0,0,0,-2,6,-2,6,-1,6,-1,6,-1,6,-1,6,0,7,0,7,0,7,1,7,0,7,1,8,1,8,1,8,2,8,2,8,2,8,2,8,2,8,2,9,2,9,2,9,2,9,2,9,1,9,1,9,0,0,1,8,1,8,1,8,1,8,1,7,2,7,2,7,2,7,1,7,1,7,1,7,1,6,1,6,1,6,1,7,1,6,1,6,0,6,1,6,0,6,0,6,0,6,0,6,-1,5,-2,5,-2,5,0,0,0,0,0,0,0,0,0,0,0,0,0,0,23,18,19,20,25,14,27,13,36,8,31,13,32,13,33,11,27,11,38,6,37,10,39,2,38,5,41,7,42,4,42,-1,47,1,42,2,47,1,42,-4,50,-5,48,-3,47,-3,48,-4,53,4,51,2,50,3,51,-1,47,0,45,2,44,0,46,-1,44,4,43,3,42,1,45,2,39,-1,47,2,35,1,35,-6,39,-5,36,-3,36,-3,36,0,38,2,37,-5,38,-3,33,4,35,-6,34,-2,35,-3,31,0,31,1,27,4,28,7,30,12,24,7,0,0,0,0,0,0,0,0,0,0,0,0,0,0,0,0,0,0,0,0,0,0,-86,-8,-85,-15,-81,-16,-83,-26,-76,-27,-80,-37,-77,-35,-73,-47,-67,-45,-68,-45,-63,-49,-57,-45,-54,-48,-60,-50,-55,-48,-44,-47,-46,-44,-47,-42,-40,-35,-45,-36,-40,-34,-42,-34,-36,-26,-36,-28,-42,-24,-41,-19,-39,-18,-40,-17,-41,-10,-45,-15,-42,-11,-45,-10,-38,-9,-49,-5,-43,-7,-48,-3,-43,5,-51,2,-49,-3,-46,2,-48,-1,-51,0,-52,3,-50,4,-48,4,-38,-5,-44,6,-41,8,-36,4,-43,6,-39,0,-37,11,-34,6,-38,11,-30,11,-31,12,-26,13,0,0]"
CSI_DATA,350,2a:00:00:00:00:00,-50,11,1,0,1,1,1,0,0,0,1,-97,0,11,2,4952474,0,44,0,384,0,"[0,0,0,0,0,0,0,0,0,0,0,0,4,3,5,3,5,3,5,3,5,3,5,2,6,2,6,2,6,2,7,2,7,2,7,2,7,2,7,2,7,2,8,1,8,1,8,1,8,2,8,2,9,2,9,2,8,2,9,2,8,3,8,2,0,0,8,2,8,3,7,3,7,2,7,2,7,2,7,2,7,2,6,2,6,2,6,2,6,2,6,2,6,2,6,2,6,2,6,2,5,2,5,2,5,2,5,2,5,3,4,3,4,3,4,3,3,3,0,0,0,0,0,0,0,0,0,0,0,0,0,0,29,-1,33,1,30,-14,26,-15,33,-16,40,-11,32,-20,27,-14,27,-20,27,-19,32,-24,32,-21,36,-24,29,-30,31,-24,36,-31,33,-32,31,-29,34,-32,37,-31,36,-37,35,-39,31,-35,32,-31,41,-35,37,-38,38,-33,31,-38,39,-36,45,-35,39,-30,37,-30,39,-29,36,-27,33,-27,33,-29,36,-28,28,-26,25,-21,31,-28,28,-20,33,-24,29,-23,29,-24,27,-26,31,-23,31,-25,25,-24,29,-19,32,-17,28,-20,25,-16,26,-15,29,-12,27,-12,34,-10,28,-8,0,0,0,0,0,0,0,0,0,0,0,0,0,0,0,0,0,0,0,0,0,0,-45,80,-44,74,-57,69,-60,60,-65,62,-62,51,-71,48,-72,43,-79,45,-69,41,-76,31,-73,32,-68,34,-69,26,-68,23,-69,16,-61,19,-61,14,-54,16,-46,14,-51,14,-51,17,-50,17,-39,18,-43,17,-44,23,-41,21,-39,25,-36,26,-31,25,-33,25,-27,30,-33,31,-35,31,-30,36,-33,35,-29,35,-28,40,-28,40,-29,43,-27,44,-30,46,-30,36,-30,44,-27,40,-26,34,-26,33,-29,35,-26,38,-21,36,-14,36,-21,36,-14,35,-18,24,-12,26,-10,29,-5,27,0,0]"
CSI_DATA,351,2a:00:00:00:00:00,-50,11,1,0,1,1,1,0,0,0,1,-97,0,11,2,4963341,0,44,0,384,0,"[0,0,0,0,0,0,0,0,0,0,0,0,-7,0,-7,1,-7,1,-7,1,-7,1,-7,2,-7,2,-7,2,-8,3,-8,2,-8,3,-8,3,-8,3,-8,3,-8,3,-8,4,-9,4,-9,4,-9,4,-9,4,-9,4,-9,4,-9,3,-9,3,-9,3,-9,3,0,0,-9,3,-9,2,-9,2,-8,3,-8,2,-8,2,-8,2,-8,2,-8,2,-7,2,-7,2,-7,2,-7,2,-7,2,-7,2,-7,2,-7,1,-7,2,-7,2,-7,1,-7,1,-6,0,-6,0,-6,-1,-6,0,-6,-1,0,0,0,0,0,0,0,0,0,0,0,0,0,0,-13,26,-6,29,-5,32,-1,27,-6,29,-4,36,-3,31,-3,36,2,30,1,36,1,35,5,37,1,40,7,38,4,41,9,43,11,40,7,42,11,44,14,47,11,41,15,49,12,45,8,49,11,50,13,50,13,42,10,48,11,55,7,46,6,43,9,48,2,46,9,43,7,36,5,43,5,44,6,43,5,37,4,41,3,32,-1,33,5,35,5,37,5,35,5,31,2,31,6,37,1,33,-2,30,-2,33,0,32,-1,35,-7,32,-9,29,-14,28,-8,25,0,0,0,0,0,0,0,0,0,0,0,0,0,0,0,0,0,0,0,0,0,0,-50,-71,-46,-72,-39,-74,-28,-84,-25,-83,-22,-84,-17,-79,-15,-79,-4,-83,-7,-80,4,-79,8,-78,2,-74,8,-78,6,-68,13,-61,11,-61,14,-60,13,-66,10,-53,2,-45,7,-46,5,-43,5,-45,-2,-44,-2,-41,1,-43,-6,-45,-8,-40,-12,-41,-11,-40,-14,-42,-16,-41,-13,-38,-19,-41,-19,-43,-21,-35,-23,-42,-21,-41,-26,-44,-23,-41,-24,-34,-22,-43,-27,-40,-26,-41,-21,-38,-22,-36,-25,-37,-21,-36,-24,-31,-23,-34,-19,-28,-18,-33,-19,-26,-18,-20,-19,-26,-19,-17,0,0]"
CSI_DATA,352,2a:00:00:00:00:00,-50,11,1,0,1,1,1,0,0,0,1,-97,0,11,2,4974348,0,44,0,384,0,"[0,0,0,0,0,0,0,0,0,0,0,0,-7,0,-7,0,-7,0,-7,0,-7,1,-7,1,-8,2,-8,2,-8,2,-8,2,-8,3,-8,3,-8,3,-8,3,-8,3,-9,4,-9,4,-9,4,-9,4,-9,4,-9,3,-10,4,-10,3,-9,4,-10,3,-10,3,0,0,-9,3,-9,2,-9,2,-8,3,-8,2,-8,2,-8,2,-8,2,-8,3,-7,3,-7,3,-7,2,-7,2,-7,2,-7,2,-7,2,-7,2,-7,2,-7,2,-7,1,-7,1,-7,0,-6,0,-6,0,-6,0,-6,0,0,0,0,0,0,0,0,0,0,0,0,0,0,0,-20,28,-21,26,-16,28,-9,27,-16,31,-3,24,-13,33,-9,33,-7,33,-7,33,-2,34,-1,36,-2,34,-8,40,1,39,-2,37,1,45,-3,45,2,41,2,46,6,43,3,46,4,50,1,46,-1,48,2,50,-1,47,2,48,-1,50,-3,49,-2,44,-6,48,-2,43,-5,42,-4,38,-2,45,-1,42,-4,36,-1,42,-6,36,-4,30,-11,33,-1,39,-1,37,-2,34,-7,28,-5,36,2,33,-8,29,-10,28,-11,27,-9,32,-9,33,-10,28,-12,28,-12,22,-17,21,0,0,0,0,0,0,0,0,0,0,0,0,0,0,0,0,0,0,0,0,0,0,-30,-78,-24,-83,-15,-84,-4,-86,-5,-82,0,-80,6,-82,16,-79,15,-79,19,-77,19,-76,25,-71,23,-71,29,-72,30,-63,33,-54,34,-55,26,-50,23,-57,22,-50,16,-45,22,-45,14,-44,17,-41,13,-38,11,-39,6,-36,5,-46,-1,-41,-1,-43,-3,-41,0,-43,-5,-44,-6,-42,-9,-44,-8,-45,-8,-39,-7,-46,-7,-47,-13,-47,-13,-43,-10,-45,-12,-47,-14,-43,-17,-48,-13,-34,-13,-42,-13,-45,-10,-40,-16,-39,-17,-40,-16,-40,-15,-30,-13,-36,-13,-32,-19,-31,-19,-26,0,0]"
CSI_DATA,353,2a:00:00:00:00:00,-50,11,1,0,1,1,1,0,0,0,1,-97,0,11,2,4992649,0,44,0,384,0,"[0,0,0,0,0,0,0,0,0,0,0,0,-6,-3,-6,-3,-6,-3,-7,-3,-7,-3,-7,-3,-7,-3,-7,-2,-8,-2,-8,-2,-8,-2,-8,-2,-9,-2,-9,-2,-9,-2,-9,-1,-9,-1,-9,-1,-10,-1,-10,-2,-10,-2,-10,-2,-10,-2,-10,-2,-10,-2,-9,-2,0,0,-9,-3,-9,-3,-9,-3,-8,-2,-8,-2,-8,-2,-8,-2,-8,-2,-7,-2,-7,-2,-7,-2,-8,-2,-8,-2,-7,-2,-7,-2,-7,-2,-7,-2,-7,-2,-6,-2,-6,-2,-6,-3,-6,-3,-6,-3,-6,-3,-5,-3,-4,-3,0,0,0,0,0,0,0,0,0,0,0,0,0,0,-25,7,-21,14,-25,19,-26,23,-20,25,-23,31,-14,29,-22,32,-22,30,-23,32,-22,29,-17,30,-17,38,-14,36,-12,33,-17,40,-19,41,-20,39,-19,44,-17,34,-19,45,-17,39,-13,45,-20,48,-16,44,-23,43,-19,48,-19,43,-21,44,-25,44,-21,41,-23,40,-20,38,-19,37,-22,35,-19,44,-17,27,-20,36,-16,34,-18,35,-14,34,-15,37,-15,32,-13,38,-18,34,-13,27,-17,37,-14,26,-15,30,-16,27,-19,33,-21,27,-12,26,-15,23,-14,22,-22,18,-20,18,0,0,0,0,0,0,0,0,0,0,0,0,0,0,0,0,0,0,0,0,0,0,28,-82,42,-81,38,-75,48,-75,48,-74,52,-67,57,-61,61,-58,68,-53,58,-50,61,-49,66,-43,58,-41,55,-40,58,-35,56,-27,62,-29,53,-28,51,-25,47,-25,43,-28,43,-27,38,-23,37,-24,31,-25,30,-29,30,-29,29,-30,22,-36,23,-33,22,-32,16,-35,19,-34,18,-38,17,-36,18,-41,11,-43,14,-49,14,-46,11,-43,14,-47,13,-46,9,-46,8,-45,10,-49,14,-43,15,-44,7,-42,6,-42,5,-42,9,-43,3,-40,4,-40,2,-34,-6,-28,-6,-33,0,-31,0,0]"
CSI_DATA,354,2a:00:00:00:00:00,-51,11,1,0,1,1,1,0,0,0,1,-97,0,11,2,5012521,0,44,0,384,0,"[0,0,0,0,0,0,0,0,0,0,0,0,-7,0,-7,1,-7,1,-8,1,-7,1,-8,2,-8,2,-8,3,-8,3,-8,3,-9,3,-9,4,-9,4,-9,4,-9,4,-9,5,-10,5,-9,5,-10,5,-10,5,-10,5,-10,5,-10,5,-10,4,-10,4,-10,4,0,0,-10,4,-10,3,-10,3,-9,3,-9,3,-9,3,-9,3,-8,3,-8,3,-8,3,-8,3,-8,3,-8,3,-8,3,-7,3,-8,3,-7,2,-8,3,-7,3,-7,2,-7,2,-7,1,-7,0,-7,0,-7,0,-7,0,0,0,0,0,0,0,0,0,0,0,0,0,0,0,-10,10,-8,11,-6,12,-7,13,-4,12,-2,15,-7,17,-6,17,-3,17,-3,18,-3,16,-1,18,-2,18,-3,20,-4,19,-1,22,-2,22,-3,22,1,23,-1,21,0,25,-2,23,1,24,-1,24,1,27,-2,26,0,25,0,25,-3,25,-1,26,-3,24,-5,24,-6,23,-3,24,-4,19,-2,20,-3,19,-2,20,0,19,0,17,-2,17,-5,17,-4,18,0,21,-2,17,-4,15,-3,16,-2,17,-5,16,-3,14,-7,14,-5,13,-4,15,-6,15,-9,12,-7,13,-8,12,0,0,0,0,0,0,0,0,0,0,0,0,0,0,0,0,0,0,0,0,0,0,-9,-42,-6,-42,-2,-43,1,-45,4,-42,7,-43,7,-41,5,-42,12,-40,12,-39,18,-36,18,-35,14,-33,18,-31,17,-31,17,-27,17,-29,15,-27,13,-24,14,-22,13,-21,10,-22,8,-16,10,-20,10,-21,8,-17,7,-19,5,-21,2,-19,4,-19,3,-19,3,-23,-1,-18,-2,-22,-3,-21,-4,-20,-2,-21,-3,-23,-4,-24,-6,-23,-6,-25,-5,-21,-5,-23,-4,-23,-9,-24,-7,-16,-5,-18,-8,-20,-5,-18,-6,-21,-5,-18,-5,-18,-6,-17,-5,-12,-8,-15,-10,-14,-7,-13,0,0]"
CSI_DATA,355,2a:00:00:00:00:00,-51,11,1,0,1,1,1,0,0,0,1,-97,0,11,2,5025119,0,44,0,384,0,"[0,0,0,0,0,0,0,0,0,0,0,0,4,4,5,4,5,4,5,4,6,4,6,3,6,3,7,3,7,3,7,3,8,3,8,3,8,3,9,3,9,3,9,3,9,3,9,3,9,3,10,3,10,3,10,4,9,4,10,4,9,4,9,4,0,0,9,4,9,4,8,4,8,4,8,4,8,3,8,3,7,3,7,3,7,3,6,3,7,3,7,3,7,3,6,3,6,3,7,3,6,3,5,3,5,3,5,3,6,4,5,4,5,4,4,4,3,4,0,0,0,0,0,0,0,0,0,0,0,0,0,0,15,-1,13,-4,14,-7,13,-9,15,-11,13,-12,14,-14,11,-11,11,-13,12,-13,12,-13,12,-13,13,-17,12,-16,12,-18,13,-20,12,-21,12,-17,10,-20,13,-22,15,-21,14,-23,13,-22,14,-23,14,-22,18,-22,12,-22,14,-22,16,-21,17,-22,15,-19,16,-21,14,-18,12,-16,12,-19,13,-16,12,-15,14,-15,15,-15,13,-14,12,-17,12,-16,11,-15,10,-17,10,-13,9,-17,11,-13,8,-14,14,-12,10,-13,12,-13,11,-11,8,-9,11,-8,10,-7,13,-8,13,-6,0,0,0,0,0,0,0,0,0,0,0,0,0,0,0,0,0,0,0,0,0,0,-22,38,-25,35,-29,36,-29,32,-31,32,-34,24,-38,23,-36,23,-35,21,-38,21,-36,20,-36,15,-37,14,-35,12,-33,9,-35,9,-29,9,-31,8,-27,8,-26,6,-24,5,-25,6,-22,6,-20,6,-17,10,-17,10,-16,9,-15,13,-17,13,-14,15,-15,12,-13,12,-14,13,-13,17,-13,17,-12,18,-11,18,-9,20,-10,18,-12,19,-10,19,-12,21,-11,20,-10,21,-10,18,-6,18,-8,20,-9,21,-8,18,-8,17,-9,17,-7,17,-5,17,-8,17,-1,15,-4,13,0,16,0,0]"
CSI_DATA,356,2a:00:00:00:00:00,-51,11,1,0,1,1,1,0,0,0,1,-97,0,11,2,5033108,0,44,0,384,0,"[0,0,0,0,0,0,0,0,0,0,0,0,-5,4,-4,4,-4,4,-4,5,-4,5,-4,5,-4,6,-4,6,-4,6,-3,6,-4,7,-4,7,-4,7,-4,7,-4,7,-4,8,-3,8,-4,8,-3,8,-4,8,-4,8,-4,9,-4,9,-4,9,-4,8,-5,8,0,0,-4,8,-4,7,-4,7,-4,7,-4,7,-4,7,-4,6,-3,6,-3,7,-3,7,-3,6,-3,6,-3,6,-3,6,-3,6,-3,6,-3,5,-3,6,-4,6,-4,5,-4,5,-4,5,-4,4,-4,4,-5,4,-5,3,0,0,0,0,0,0,0,0,0,0,0,0,0,0,9,24,5,25,13,27,18,25,18,23,20,23,18,27,25,27,27,28,25,28,22,25,29,29,31,28,30,33,25,26,31,26,35,28,29,33,32,29,35,29,36,25,41,28,44,31,38,31,40,31,36,29,41,37,39,35,38,37,36,36,33,34,36,35,34,28,30,28,28,27,28,31,33,23,36,28,30,26,26,21,26,26,26,25,31,27,27,23,26,27,25,23,24,20,25,28,24,22,23,20,21,19,19,28,17,25,20,25,16,24,18,21,13,24,0,0,0,0,0,0,0,0,0,0,0,0,0,0,0,0,0,0,0,0,0,0,-65,-64,-53,-66,-54,-71,-53,-74,-44,-76,-39,-77,-30,-76,-23,-77,-25,-80,-22,-77,-10,-80,-13,-78,-10,-77,-3,-75,-7,-73,-9,-70,-4,-66,-1,-59,-5,-59,-7,-53,-5,-53,-2,-47,-3,-50,-6,-41,-8,-42,-16,-43,-12,-39,-17,-36,-20,-34,-23,-37,-21,-33,-25,-35,-26,-32,-26,-27,-30,-32,-31,-31,-36,-27,-36,-29,-37,-30,-36,-26,-35,-25,-39,-19,-39,-27,-34,-31,-35,-31,-41,-13,-39,-20,-40,-23,-35,-23,-33,-21,-35,-25,-33,-18,-27,-21,-27,-9,-24,-7,-25,-9,-26,-5,0,0]"
CSI_DATA,357,2a:00:00:00:00:00,-51,11,1,0,1,1,1,0,0,0,1,-97,0,11,2,5044714,0,44,0,384,0,"[0,0,0,0,0,0,0,0,0,0,0,0,0,-6,-1,-7,-1,-7,-1,-7,-2,-7,-2,-7,-2,-7,-2,-8,-3,-8,-3,-8,-3,-8,-3,-9,-4,-9,-4,-9,-4,-9,-4,-9,-4,-9,-4,-9,-5,-9,-4,-10,-4,-10,-4,-10,-3,-10,-4,-10,-3,-10,-3,-10,0,0,-3,-10,-3,-10,-3,-9,-2,-9,-3,-9,-3,-8,-3,-8,-3,-8,-2,-8,-2,-8,-2,-8,-3,-7,-3,-7,-3,-7,-2,-7,-2,-7,-3,-7,-2,-7,-2,-7,-1,-7,-1,-7,-1,-7,-1,-7,-1,-6,0,-6,1,-6,0,0,0,0,0,0,0,0,0,0,0,0,0,0,-12,-9,-11,-8,-14,-8,-12,-7,-13,-6,-15,-6,-17,-7,-14,-8,-14,-3,-18,-5,-19,-5,-19,-5,-19,-4,-19,-4,-22,-2,-25,-2,-21,0,-23,-4,-22,-1,-25,-3,-27,-4,-25,-2,-24,0,-26,-7,-24,-3,-26,-6,-26,-6,-26,-2,-23,-7,-24,-4,-25,-4,-26,-9,-20,-7,-22,-8,-21,-4,-19,-6,-22,-7,-19,-8,-20,-6,-20,-4,-18,-2,-17,-4,-17,-4,-20,-5,-18,-4,-17,-6,-18,-4,-16,-4,-16,-6,-15,-5,-19,-5,-15,-9,-15,-9,-13,-9,-13,-9,-14,-7,-14,-9,0,0,0,0,0,0,0,0,0,0,0,0,0,0,0,0,0,0,0,0,0,0,41,-10,42,-5,43,-2,44,0,41,5,41,7,40,10,38,12,38,14,36,16,36,15,34,16,33,16,31,16,29,20,26,17,25,17,23,19,24,18,20,18,21,16,20,13,17,11,21,10,20,11,16,8,19,6,16,7,19,7,17,3,15,2,20,-2,19,1,17,-1,21,2,20,2,21,-2,20,-3,20,-2,23,-4,20,-3,20,-1,21,-4,23,-5,18,-5,19,0,21,-1,18,-3,19,0,15,-3,17,-6,18,-8,17,-7,14,-7,15,-7,14,-8,11,-7,0,0]"
CSI_DATA,358,2a:00:00:00:00:00,-51,11,1,0,1,1,1,0,0,0,1,-97,0,11,2,5054467,0,44,0,384,0,"[0,0,0,0,0,0,0,0,0,0,0,0,2,4,3,4,3,4,3,4,3,4,4,4,4,4,5,4,5,5,6,5,6,4,6,4,6,5,7,5,7,5,7,5,7,5,7,5,8,5,8,5,8,5,8,6,7,5,8,5,7,6,7,6,0,0,7,6,6,5,7,5,6,5,6,5,6,5,6,5,6,4,5,4,5,4,5,4,6,4,6,4,5,4,5,4,5,4,5,4,4,4,4,4,4,4,4,4,4,4,4,4,3,4,2,4,2,4,0,0,0,0,0,0,0,0,0,0,0,0,0,0,25,6,24,7,27,-2,32,-6,32,-3,29,0,35,-9,32,-15,27,-19,41,-8,39,-7,34,-17,39,-11,36,-9,37,-18,43,-19,34,-20,35,-19,43,-22,39,-15,42,-23,46,-25,43,-27,44,-19,42,-21,44,-21,44,-20,43,-21,38,-19,53,-23,46,-19,48,-19,40,-17,42,-18,44,-22,38,-14,39,-11,36,-12,35,-21,34,-14,31,-19,32,-16,27,-15,34,-17,30,-15,31,-18,35,-17,30,-13,28,-12,27,-19,32,-11,30,-9,28,-11,26,-4,26,-8,28,-3,29,0,0,0,0,0,0,0,0,0,0,0,0,0,0,0,0,0,0,0,0,0,0,0,-86,22,-86,15,-86,12,-91,4,-87,-3,-89,-10,-84,-13,-79,-14,-81,-23,-74,-22,-71,-22,-74,-28,-71,-20,-69,-27,-65,-27,-56,-31,-61,-25,-49,-25,-58,-26,-50,-26,-45,-20,-49,-27,-41,-16,-42,-17,-43,-10,-42,-10,-38,-6,-38,-1,-40,-6,-41,0,-36,2,-39,7,-38,4,-39,3,-39,8,-42,12,-44,15,-40,10,-42,15,-43,19,-39,16,-36,21,-41,17,-45,20,-42,22,-36,19,-40,25,-38,20,-38,11,-37,14,-28,26,-26,17,-33,20,-18,20,-28,21,-24,19,-17,16,0,0]"
CSI_DATA,359,2a:00:00:00:00:00,-51,11,1,0,1,1,1,0,0,0,1,-97,0,11,2,5062524,0,44,0,384,0,"[0,0,0,0,0,0,0,0,0,0,0,0,1,5,1,5,2,5,2,6,2,5,2,6,3,6,3,6,3,6,4,6,4,6,4,6,5,6,5,6,5,7,5,6,5,7,5,6,6,7,6,7,6,7,6,8,5,7,6,7,5,8,5,8,0,0,5,8,4,7,5,7,4,7,4,7,4,6,4,6,4,6,4,6,4,6,3,6,4,5,4,5,4,5,3,5,3,6,4,5,3,5,3,5,2,5,2,5,3,5,2,5,2,5,1,5,0,5,0,0,0,0,0,0,0,0,0,0,0,0,0,0,14,6,9,3,12,1,14,3,13,1,18,2,15,1,18,1,17,1,16,-3,19,-3,19,-4,21,-5,19,-3,22,-6,20,-5,22,-6,21,-2,22,-6,22,-6,26,-6,24,-5,23,-9,22,-7,23,-6,25,-4,22,-6,27,-7,26,-4,24,-4,23,-4,24,-2,21,-1,21,-2,22,-6,21,-1,19,-1,21,-5,19,-5,21,-3,19,-4,19,-3,20,-1,17,-4,18,-2,17,-6,16,-4,16,0,21,0,18,-1,15,-4,17,-2,17,0,13,0,14,3,15,4,14,3,0,0,0,0,0,0,0,0,0,0,0,0,0,0,0,0,0,0,0,0,0,0,-44,11,-50,6,-42,2,-46,1,-43,-3,-47,-6,-42,-9,-38,-8,-42,-13,-35,-10,-38,-15,-36,-19,-35,-19,-33,-17,-34,-15,-25,-20,-29,-18,-26,-14,-26,-16,-24,-15,-24,-14,-22,-10,-19,-11,-19,-11,-19,-9,-19,-7,-19,-5,-21,-4,-15,-2,-20,-1,-19,-1,-21,-3,-18,2,-19,3,-20,3,-22,3,-19,4,-19,4,-22,6,-21,4,-23,4,-20,6,-24,6,-21,8,-21,5,-20,10,-19,10,-19,8,-20,7,-15,6,-17,6,-17,8,-15,8,-15,3,-11,8,-8,8,-10,8,0,0]"
CSI_DATA,360,2a:00:00:00:00:00,-51,11,1,0,1,1,1,0,0,0,1,-97,0,11,2,5072504,0,44,0,384,0,"[0,0,0,0,0,0,0,0,0,0,0,0,5,-1,6,-1,6,-1,6,-2,6,-2,6,-3,6,-3,6,-3,7,-3,7,-4,7,-4,7,-4,7,-4,7,-5,8,-4,8,-5,8,-5,8,-5,8,-5,8,-5,9,-5,9,-5,8,-5,9,-5,9,-5,9,-5,0,0,8,-4,8,-4,8,-4,7,-4,8,-4,7,-3,7,-3,7,-3,7,-4,6,-4,6,-4,6,-4,6,-4,6,-3,6,-4,6,-4,6,-3,6,-3,6,-3,6,-3,6,-3,6,-2,6,-2,5,-1,5,-2,5,-1,0,0,0,0,0,0,0,0,0,0,0,0,0,0,7,-13,4,-12,3,-12,4,-14,4,-15,4,-18,1,-16,2,-19,2,-18,2,-18,-1,-19,2,-21,0,-21,0,-21,-1,-21,-1,-19,-1,-24,0,-22,-5,-25,-1,-22,-3,-26,-4,-23,-4,-28,-4,-27,-3,-27,-2,-25,-3,-26,0,-27,2,-27,0,-24,0,-27,-1,-28,-2,-24,-1,-24,-3,-24,-1,-23,1,-22,-1,-19,-4,-21,1,-23,0,-19,-1,-20,-1,-19,-1,-18,-1,-18,0,-18,-1,-19,-1,-18,1,-17,1,-17,1,-16,2,-17,-1,-17,2,-16,3,-16,5,-14,5,-13,0,0,0,0,0,0,0,0,0,0,0,0,0,0,0,0,0,0,0,0,0,0,-3,43,-6,43,-10,42,-14,42,-13,40,-16,40,-22,36,-20,36,-24,35,-23,34,-24,29,-28,29,-25,28,-27,29,-25,26,-24,21,-23,20,-20,21,-20,19,-21,19,-20,20,-16,19,-14,16,-15,15,-14,15,-14,18,-14,17,-7,18,-5,17,-6,18,-6,19,-3,20,-4,20,-1,21,-2,19,-1,21,-2,18,2,22,1,19,2,23,1,21,-1,19,2,18,2,19,3,22,0,15,2,21,1,20,3,19,4,16,3,21,2,17,3,15,0,14,6,14,6,12,5,10,0,0]"
CSI_DATA,361,2a:00:00:00:00:00,-51,11,1,0,1,1,1,0,0,0,1,-97,0,11,2,5102501,0,44,0,384,0,"[0,0,0,0,0,0,0,0,0,0,0,0,0,5,0,5,1,6,1,6,1,6,1,6,1,6,2,6,2,7,3,7,3,7,3,7,3,7,4,7,4,8,3,8,4,8,4,8,4,8,4,9,4,9,4,9,3,9,4,9,3,9,3,9,0,0,3,9,3,8,3,8,2,8,2,7,3,7,3,7,2,7,2,7,2,7,2,7,3,6,3,6,3,6,2,6,2,6,2,6,1,6,1,6,1,6,1,6,1,6,1,6,1,6,-1,5,-1,5,0,0,0,0,0,0,0,0,0,0,0,0,0,0,9,8,12,4,12,4,11,1,17,-2,15,-2,16,-2,17,-2,16,-1,19,-2,18,-2,22,-2,20,-2,18,-1,20,-6,20,-5,23,-5,21,-7,20,-6,22,-5,24,-6,22,-6,24,-6,24,-7,23,-4,25,-4,24,-4,22,-5,22,-3,24,-5,26,-3,21,-3,20,-3,22,-4,22,-3,19,0,21,-4,21,-1,20,-3,18,-4,21,-3,18,-1,19,-3,19,1,16,-1,17,-4,17,-3,20,-1,18,-3,17,-1,17,-2,17,-1,18,2,15,2,12,1,13,3,14,1,0,0,0,0,0,0,0,0,0,0,0,0,0,0,0,0,0,0,0,0,0,0,-46,9,-46,3,-45,3,-46,-1,-41,-3,-42,-6,-42,-9,-42,-11,-43,-13,-39,-12,-39,-15,-37,-15,-37,-18,-34,-18,-32,-18,-29,-18,-29,-17,-29,-16,-26,-15,-24,-17,-21,-13,-22,-13,-23,-9,-19,-10,-22,-8,-20,-7,-20,-3,-21,-4,-21,-3,-20,-1,-21,0,-22,-3,-21,-2,-21,0,-22,3,-19,2,-23,3,-23,5,-24,6,-22,5,-24,6,-24,4,-23,5,-20,8,-13,1,-30,1,-27,4,-18,2,-22,6,-17,3,-16,4,-16,5,-14,5,-13,4,-13,7,-13,6,-8,7,0,0]"
CSI_DATA,362,2a:00:00:00:00:00,-51,11,1,0,1,1,1,0,0,0,1,-97,0,11,2,5112477,0,44,0,384,0,"[0,0,0,0,0,0,0,0,0,0,0,0,5,1,5,1,6,1,6,1,6,1,6,0,7,0,7,0,7,-1,8,0,8,-1,8,-1,8,-1,8,-1,9,-1,9,-1,9,-1,9,-1,9,-1,10,-1,10,-1,10,-1,10,-1,10,-1,10,0,9,0,0,0,9,0,9,0,9,0,8,0,8,0,8,0,8,0,8,0,7,0,7,-1,7,0,7,0,7,0,7,0,7,0,7,-1,7,0,6,0,6,0,6,0,6,0,6,1,6,1,5,2,5,1,5,1,0,0,0,0,0,0,0,0,0,0,0,0,0,0,8,-6,9,-7,7,-10,12,-12,10,-13,7,-14,5,-16,7,-17,3,-14,8,-14,6,-17,7,-19,8,-20,4,-20,6,-20,8,-20,3,-23,6,-21,4,-27,5,-24,7,-26,4,-23,4,-25,7,-26,6,-23,9,-25,8,-23,4,-28,7,-25,10,-24,6,-25,10,-23,8,-19,7,-22,4,-22,6,-21,6,-21,8,-19,6,-22,9,-16,6,-18,5,-19,4,-20,7,-17,5,-19,7,-19,10,-17,6,-16,7,-16,8,-17,8,-18,8,-13,6,-15,7,-14,6,-13,9,-12,8,-11,0,0,0,0,0,0,0,0,0,0,0,0,0,0,0,0,0,0,0,0,0,0,-16,43,-18,40,-20,41,-24,39,-27,34,-28,36,-29,31,-31,27,-30,25,-31,26,-31,26,-33,22,-31,23,-32,20,-31,20,-27,19,-31,17,-29,15,-27,11,-25,14,-24,15,-23,9,-21,12,-16,13,-17,11,-14,16,-17,13,-15,16,-14,16,-15,16,-11,17,-11,18,-10,20,-9,19,-10,18,-11,21,-8,18,-9,22,-6,21,-7,19,-7,21,-7,24,-10,23,-5,19,-7,22,-4,24,-7,20,-5,20,-7,19,-5,17,-5,17,-5,15,-5,14,-2,12,-1,16,-1,13,-2,9,0,0]"
CSI_DATA,363,2a:00:00:00:00:00,-51,11,1,0,1,1,1,0,0,0,1,-97,0,11,2,5132661,0,44,0,384,0,"[0,0,0,0,0,0,0,0,0,0,0,0,5,-1,5,-1,5,-1,6,-1,6,-2,6,-2,6,-2,6,-2,7,-3,7,-3,7,-3,7,-3,7,-3,8,-3,8,-3,8,-4,8,-4,8,-4,9,-4,9,-4,9,-3,9,-4,9,-3,9,-3,9,-3,9,-3,0,0,8,-3,8,-3,8,-3,8,-3,8,-2,8,-3,7,-3,7,-3,7,-3,7,-3,7,-3,7,-2,7,-2,7,-2,6,-3,6,-3,6,-2,6,-2,6,-2,6,-2,6,-2,6,-1,6,-1,5,0,5,-1,5,0,0,0,0,0,0,0,0,0,0,0,0,0,0,0,5,-8,9,-10,4,-11,5,-14,6,-13,3,-14,3,-20,2,-17,2,-15,3,-18,1,-19,3,-21,3,-19,-1,-20,2,-21,2,-22,0,-24,3,-23,-1,-24,-1,-26,0,-25,-1,-26,-2,-25,-6,-30,1,-27,-2,-28,1,-27,0,-26,2,-28,2,-24,1,-28,4,-23,3,-24,2,-25,0,-24,2,-22,-1,-23,0,-22,-2,-22,0,-19,1,-23,0,-19,0,-18,0,-20,-1,-20,3,-19,1,-18,2,-21,6,-17,2,-18,5,-17,4,-16,3,-16,4,-16,4,-14,5,-13,8,-12,0,0,0,0,0,0,0,0,0,0,0,0,0,0,0,0,0,0,0,0,0,0,-7,44,-11,44,-13,44,-17,40,-19,41,-24,35,-21,37,-23,35,-23,34,-28,32,-31,29,-28,26,-29,26,-29,24,-28,22,-28,22,-24,22,-26,17,-25,18,-21,20,-22,17,-19,18,-21,16,-17,17,-16,16,-12,16,-15,15,-12,17,-11,20,-9,19,-8,22,-5,21,-7,23,-6,18,-6,21,-6,19,-4,21,-5,23,-4,20,-5,25,-4,20,-3,22,-1,19,0,23,-2,22,-5,24,-4,23,-2,18,-2,20,1,18,-3,17,0,19,1,15,1,15,2,15,2,12,4,12,0,0]"
CSI_DATA,364,2a:00:00:00:00:00,-51,11,1,0,1,1,1,0,0,0,1,-97,0,11,2,5142502,0,44,0,384,0,"[0,0,0,0,0,0,0,0,0,0,0,0,2,4,2,4,3,4,3,5,3,5,3,5,4,5,4,5,5,5,5,5,5,5,5,5,6,5,6,6,6,6,6,6,7,6,7,6,7,6,7,6,7,7,7,7,6,7,7,7,7,7,6,7,0,0,6,7,6,7,6,6,5,6,5,6,5,6,5,5,5,5,5,6,5,5,5,5,5,5,5,5,5,5,4,5,4,5,5,5,4,5,4,5,3,5,3,5,3,5,3,5,3,5,2,5,1,5,0,0,0,0,0,0,0,0,0,0,0,0,0,0,23,1,16,1,18,2,27,-11,31,-7,31,-1,28,-4,27,-4,27,-7,36,-7,31,-9,36,-16,36,-16,35,-16,36,-23,39,-17,42,-17,44,-19,46,-17,35,-18,46,-23,42,-23,40,-23,46,-21,41,-23,46,-23,46,-23,45,-17,51,-20,46,-18,47,-21,47,-19,44,-16,39,-18,43,-20,33,-12,35,-18,36,-21,35,-11,36,-21,35,-25,36,-20,31,-15,31,-14,31,-12,30,-11,37,-14,33,-17,28,-16,34,-14,30,-11,27,-14,30,-11,26,-5,29,-2,29,-5,28,-4,0,0,0,0,0,0,0,0,0,0,0,0,0,0,0,0,0,0,0,0,0,0,-84,12,-91,10,-85,-1,-89,-9,-87,-10,-86,-18,-83,-21,-79,-17,-78,-24,-73,-26,-77,-31,-72,-37,-66,-36,-66,-40,-60,-27,-54,-32,-51,-34,-49,-31,-41,-22,-50,-30,-44,-27,-44,-23,-44,-20,-36,-20,-43,-19,-43,-12,-38,-12,-42,-12,-38,-10,-44,-3,-42,-3,-38,1,-44,-4,-42,5,-41,4,-42,6,-45,6,-41,8,-45,5,-43,6,-46,6,-42,10,-45,11,-46,9,-42,15,-31,18,-35,10,-37,17,-40,9,-37,13,-30,12,-24,17,-26,7,-25,14,-18,15,-18,13,-16,17,0,0]"
CSI_DATA,365,2a:00:00:00:00:00,-51,11,1,0,1,1,1,0,0,0,1,-97,0,11,2,5152690,0,44,0,384,0,"[0,0,0,0,0,0,0,0,0,0,0,0,-4,3,-5,3,-4,3,-5,4,-5,4,-5,4,-5,5,-5,5,-5,5,-5,5,-5,6,-5,6,-5,6,-5,6,-5,7,-5,7,-5,8,-5,8,-6,8,-6,8,-6,7,-6,8,-6,8,-6,8,-6,7,-6,8,0,0,-6,7,-6,7,-6,7,-5,7,-5,6,-5,6,-5,6,-5,6,-5,6,-5,6,-4,6,-4,6,-4,5,-4,5,-4,6,-4,6,-4,5,-4,6,-4,5,-4,5,-5,5,-4,4,-4,4,-4,3,-5,4,-5,3,0,0,0,0,0,0,0,0,0,0,0,0,0,0,-1,16,-2,20,3,26,5,22,1,23,8,18,9,32,9,28,17,39,8,30,14,33,13,35,18,37,20,33,16,34,19,35,18,35,19,38,23,41,21,43,25,39,21,42,27,47,24,46,21,48,23,46,18,49,24,44,26,44,23,47,23,45,16,45,24,47,19,40,16,40,13,36,13,39,12,39,17,34,13,33,13,33,18,34,18,36,16,34,18,40,19,25,12,34,16,36,11,32,6,30,11,26,8,28,8,33,6,34,2,33,3,27,-1,22,0,0,0,0,0,0,0,0,0,0,0,0,0,0,0,0,0,0,0,0,0,0,-20,-87,-18,-92,-7,-91,-1,-87,5,-86,8,-88,14,-83,18,-85,24,-84,22,-76,18,-80,24,-68,25,-68,21,-64,25,-63,35,-52,34,-62,26,-55,21,-54,23,-46,22,-46,21,-50,16,-47,12,-48,13,-46,5,-43,8,-37,8,-43,1,-43,4,-38,2,-43,0,-44,0,-39,-2,-45,-6,-45,-10,-48,-9,-35,-14,-42,-12,-43,-17,-41,-15,-45,-17,-40,-17,-40,-15,-41,-13,-35,-20,-38,-14,-41,-12,-38,-12,-39,-14,-35,-14,-32,-16,-26,-15,-25,-9,-25,-17,-19,-19,-15,-18,-16,0,0]"
CSI_DATA,366,2a:00:00:00:00:00,-51,11,1,0,1,1,1,0,0,0,1,-97,0,11,2,5162771,0,44,0,384,0,"[0,0,0,0,0,0,0,0,0,0,0,0,4,-3,4,-4,4,-4,4,-4,4,-4,5,-5,5,-5,5,-5,5,-6,5,-6,5,-6,5,-6,5,-7,5,-7,5,-7,6,-7,6,-8,6,-8,6,-8,6,-8,6,-7,6,-8,7,-8,6,-8,7,-7,7,-7,0,0,6,-7,6,-6,6,-6,6,-7,6,-6,6,-6,5,-6,5,-6,5,-6,5,-6,5,-6,5,-5,5,-5,5,-5,5,-6,4,-6,5,-5,5,-5,5,-5,4,-5,5,-5,5,-4,5,-4,4,-3,5,-3,4,-3,0,0,0,0,0,0,0,0,0,0,0,0,0,0,3,-24,4,-21,-2,-21,-3,-21,-5,-27,-13,-27,-8,-32,-11,-36,-8,-35,-15,-36,-10,-31,-11,-39,-22,-35,-10,-44,-20,-35,-24,-33,-18,-45,-18,-41,-29,-46,-21,-43,-22,-48,-25,-47,-26,-44,-20,-49,-20,-46,-15,-53,-19,-46,-21,-48,-23,-55,-20,-48,-20,-43,-17,-50,-15,-46,-22,-45,-17,-44,-17,-42,-12,-43,-12,-43,-13,-47,-14,-39,-20,-37,-16,-36,-16,-34,-22,-38,-14,-37,-19,-39,-8,-32,-18,-39,-10,-31,-10,-29,-8,-30,-8,-34,-9,-33,-5,-32,1,-34,3,-25,-2,-32,0,0,0,0,0,0,0,0,0,0,0,0,0,0,0,0,0,0,0,0,0,0,15,89,2,87,-3,91,-7,87,-12,83,-16,81,-27,82,-24,76,-33,77,-33,75,-37,74,-36,69,-29,69,-33,65,-39,63,-34,58,-38,56,-33,52,-29,53,-31,46,-25,45,-23,43,-27,41,-21,42,-18,37,-13,42,-17,38,-13,42,-6,45,1,43,-5,39,-5,37,0,36,1,43,3,43,4,39,-2,38,10,38,13,49,-21,52,10,55,12,42,12,39,6,46,10,42,17,46,11,40,9,39,11,36,12,29,10,34,12,25,13,28,8,23,16,20,18,14,23,21,0,0]"
CSI_DATA,367,2a:00:00:00:00:00,-51,11,1,0,1,1,1,0,0,0,1,-97,0,11,2,5172759,0,44,0,384,0,"[0,0,0,0,0,0,0,0,0,0,0,0,-3,-5,-3,-6,-4,-6,-4,-6,-4,-6,-4,-6,-5,-6,-5,-6,-5,-7,-6,-7,-6,-7,-6,-7,-7,-7,-7,-7,-7,-7,-7,-8,-7,-8,-7,-8,-8,-8,-8,-8,-8,-8,-8,-8,-8,-8,-8,-8,-8,-8,-7,-9,0,0,-7,-8,-7,-8,-7,-8,-7,-8,-7,-7,-7,-7,-7,-7,-7,-6,-6,-7,-6,-7,-6,-7,-6,-6,-6,-6,-6,-6,-5,-6,-6,-6,-6,-6,-5,-6,-5,-6,-5,-6,-5,-6,-5,-6,-5,-6,-4,-6,-3,-6,-3,-6,0,0,0,0,0,0,0,0,0,0,0,0,0,0,-9,-6,-6,-5,-11,-3,-13,-6,-13,-2,-14,-2,-16,-2,-17,-3,-16,-3,-20,1,-20,-2,-19,0,-20,1,-19,-4,-20,0,-24,2,-24,3,-23,3,-25,2,-24,2,-26,3,-27,2,-26,2,-28,4,-27,0,-26,3,-26,0,-26,2,-24,2,-27,1,-26,1,-25,-1,-26,-1,-23,1,-24,-2,-24,-1,-22,-1,-22,-1,-22,3,-21,1,-21,-1,-20,0,-19,-1,-21,-2,-20,-2,-22,-1,-21,1,-21,0,-20,2,-17,0,-17,0,-17,-2,-16,-3,-16,-4,-16,-3,-15,-5,-14,-4,0,0,0,0,0,0,0,0,0,0,0,0,0,0,0,0,0,0,0,0,0,0,43,9,42,14,42,20,37,20,37,21,33,23,33,23,30,29,30,28,28,28,27,29,22,29,22,29,22,26,22,26,20,26,20,22,20,20,14,23,15,20,14,23,16,20,17,15,15,19,16,16,17,15,19,12,19,13,18,12,17,9,18,10,16,8,20,9,21,9,21,10,18,6,22,7,23,4,19,2,20,6,19,3,20,3,24,2,19,1,17,3,18,-3,21,2,18,3,17,2,18,2,15,-2,17,0,15,-1,10,0,11,-1,12,1,12,-7,0,0]"
CSI_DATA,368,2a:00:00:00:00:00,-51,11,1,0,1,1,1,0,0,0,1,-97,0,11,2,5182498,0,44,0,384,0,"[0,0,0,0,0,0,0,0,0,0,0,0,2,4,3,4,3,4,4,5,4,4,4,5,4,4,5,5,5,5,6,5,6,5,6,5,7,5,7,5,7,5,7,6,7,6,7,6,8,6,7,6,8,6,7,7,7,6,8,6,7,6,7,6,0,0,7,7,6,6,7,6,6,6,6,6,6,6,6,5,6,5,5,5,5,5,5,5,6,5,6,5,6,5,5,5,5,5,5,5,4,5,4,5,3,5,3,5,4,5,4,5,3,5,2,4,2,4,0,0,0,0,0,0,0,0,0,0,0,0,0,0,24,4,20,-2,15,-2,23,2,32,1,26,-5,31,-5,33,-6,36,-5,32,-10,35,-13,36,-12,41,-10,38,-11,44,-15,41,-19,47,-23,43,-25,37,-16,48,-16,44,-19,52,-18,43,-21,49,-12,51,-20,48,-16,50,-19,51,-20,49,-19,52,-17,50,-20,46,-11,49,-11,44,-15,53,-17,41,-5,45,-9,49,-8,42,-13,48,-12,40,-16,36,-11,36,-7,34,-10,36,-8,40,-13,35,-8,37,-3,35,-5,38,-8,33,-6,37,-2,32,2,33,0,27,0,32,1,27,5,0,0,0,0,0,0,0,0,0,0,0,0,0,0,0,0,0,0,0,0,0,0,-88,15,-86,2,-91,0,-86,-10,-88,-21,-80,-17,-81,-25,-75,-27,-80,-28,-75,-30,-67,-34,-70,-35,-67,-37,-62,-33,-60,-35,-58,-34,-50,-37,-51,-33,-50,-29,-47,-31,-40,-35,-44,-29,-50,-24,-42,-17,-40,-22,-43,-25,-39,-13,-36,-12,-39,-13,-43,-11,-42,-5,-39,-1,-41,-2,-39,-6,-40,2,-46,4,-43,3,-43,-3,-41,6,-43,7,-35,6,-43,2,-38,2,-49,7,-39,9,-44,10,-39,10,-35,8,-37,3,-31,3,-37,1,-25,8,-28,6,-29,5,-14,13,-14,10,-20,12,0,0]"
CSI_DATA,369,2a:00:00:00:00:00,-51,11,1,0,1,1,1,0,0,0,1,-97,0,11,2,5202683,0,44,0,384,0,"[0,0,0,0,0,0,0,0,0,0,0,0,3,3,4,3,4,4,5,4,5,4,5,4,5,4,6,4,6,4,6,4,7,4,7,4,7,4,8,4,8,5,8,4,8,5,8,5,9,5,9,5,9,5,9,5,8,5,8,5,8,5,8,5,0,0,8,5,7,5,8,5,7,5,7,5,7,4,7,4,7,4,6,4,6,4,6,4,7,4,6,4,6,4,5,4,5,4,6,4,5,4,5,4,5,4,5,4,5,4,4,4,4,4,3,4,3,4,0,0,0,0,0,0,0,0,0,0,0,0,0,0,25,-8,21,-5,21,-14,18,-12,27,-16,30,-16,35,-13,27,-22,27,-21,23,-18,37,-22,30,-29,25,-24,38,-27,39,-27,36,-26,32,-34,37,-31,39,-31,37,-36,33,-33,40,-36,37,-27,39,-36,40,-35,37,-37,41,-40,39,-32,43,-31,45,-32,38,-29,40,-31,42,-32,36,-29,39,-30,32,-26,31,-26,34,-31,34,-27,33,-28,32,-30,36,-24,39,-21,29,-21,31,-21,36,-25,31,-28,25,-27,28,-22,32,-20,29,-16,26,-18,26,-20,30,-18,25,-15,26,-17,24,-9,0,0,0,0,0,0,0,0,0,0,0,0,0,0,0,0,0,0,0,0,0,0,-89,12,-85,-1,-90,-4,-82,-5,-88,-12,-81,-15,-80,-16,-73,-23,-82,-20,-76,-27,-68,-30,-68,-31,-69,-33,-69,-32,-57,-36,-57,-35,-49,-31,-58,-31,-46,-21,-52,-24,-45,-23,-43,-20,-47,-22,-39,-17,-41,-19,-43,-15,-46,-11,-32,-6,-41,-5,-41,1,-46,-1,-38,-3,-40,6,-41,4,-43,9,-39,5,-42,8,-39,10,-41,4,-41,11,-38,16,-47,12,-41,15,-37,11,-36,18,-42,15,-37,12,-31,17,-34,17,-33,11,-23,14,-25,8,-19,12,-16,16,-11,12,-11,9,-7,8,0,0]"
CSI_DATA,370,2a:00:00:00:00:00,-51,11,1,0,1,1,1,0,0,0,1,-97,0,11,2,5213133,0,44,0,384,0,"[0,0,0,0,0,0,0,0,0,0,0,0,-5,-4,-5,-4,-6,-4,-6,-4,-7,-4,-7,-4,-7,-4,-8,-4,-8,-4,-8,-4,-9,-4,-9,-4,-10,-4,-10,-4,-10,-4,-10,-4,-10,-4,-10,-4,-11,-4,-11,-5,-11,-5,-11,-5,-10,-5,-11,-4,-11,-5,-10,-5,0,0,-10,-5,-10,-5,-10,-5,-9,-5,-9,-4,-9,-4,-9,-4,-9,-4,-8,-5,-8,-4,-8,-4,-9,-4,-8,-3,-8,-4,-7,-4,-7,-4,-8,-4,-7,-4,-7,-4,-6,-4,-6,-4,-7,-4,-6,-4,-6,-4,-5,-4,-5,-4,0,0,0,0,0,0,0,0,0,0,0,0,0,0,-25,6,-20,8,-25,11,-26,11,-31,18,-33,17,-22,25,-29,29,-30,29,-27,30,-30,29,-36,23,-33,34,-30,27,-36,40,-34,32,-28,36,-35,35,-34,37,-36,35,-38,43,-36,37,-37,46,-37,39,-36,34,-44,43,-40,43,-41,40,-40,43,-45,42,-36,41,-43,41,-38,31,-35,36,-25,36,-38,35,-32,35,-29,33,-34,33,-31,28,-24,32,-31,31,-31,26,-28,31,-34,29,-23,31,-36,27,-24,24,-25,27,-32,28,-32,24,-28,27,-28,19,-24,17,-26,13,-30,14,-27,13,0,0,0,0,0,0,0,0,0,0,0,0,0,0,0,0,0,0,0,0,0,0,83,-24,85,-20,80,-16,91,-6,90,-4,84,2,84,7,87,4,80,10,78,17,78,24,75,21,71,17,68,21,67,21,64,17,60,19,54,18,57,20,51,15,53,13,53,15,42,13,38,14,47,6,43,1,46,8,45,-2,41,8,39,-5,42,-6,42,-10,37,-6,40,-9,37,-9,38,-12,36,-18,43,-9,43,-15,36,-21,35,-22,36,-19,30,-15,35,-22,31,-20,36,-19,35,-17,25,-20,26,-14,22,-20,23,-18,22,-20,18,-18,26,-11,11,-19,7,-15,5,-17,0,0]"
CSI_DATA,371,2a:00:00:00:00:00,-50,11,1,0,1,1,1,0,0,0,1,-97,0,11,2,5233129,0,44,0,384,0,"[0,0,0,0,0,0,0,0,0,0,0,0,4,4,4,4,5,4,5,4,5,4,5,4,6,4,6,4,6,4,7,5,7,5,7,5,8,5,8,5,8,5,8,5,8,5,9,5,9,5,9,6,9,6,9,6,9,6,9,6,9,6,8,6,0,0,8,6,8,6,8,6,7,6,7,5,7,5,7,5,7,5,7,5,7,5,6,5,7,5,6,4,6,4,6,5,5,4,6,4,5,4,5,4,5,4,4,4,5,4,5,5,4,5,3,4,3,4,0,0,0,0,0,0,0,0,0,0,0,0,0,0,9,-4,13,-6,11,-6,13,-8,12,-11,14,-10,11,-10,12,-16,13,-12,15,-14,13,-16,15,-16,14,-17,13,-14,16,-17,15,-18,16,-20,14,-18,14,-18,17,-19,15,-20,18,-24,17,-21,19,-21,17,-22,19,-22,19,-21,18,-19,16,-19,17,-20,18,-19,18,-19,16,-18,15,-18,15,-17,16,-14,15,-16,15,-18,11,-17,14,-18,15,-19,14,-14,15,-18,14,-14,12,-17,14,-14,12,-16,13,-16,14,-15,14,-13,11,-13,13,-14,12,-12,12,-8,14,-10,11,-9,13,-9,0,0,0,0,0,0,0,0,0,0,0,0,0,0,0,0,0,0,0,0,0,0,-44,7,-44,1,-43,0,-43,-4,-38,-6,-41,-9,-41,-12,-40,-9,-39,-13,-37,-14,-35,-18,-35,-17,-32,-13,-32,-18,-30,-16,-28,-17,-29,-15,-24,-16,-25,-14,-22,-10,-19,-11,-24,-11,-22,-10,-21,-8,-19,-8,-20,-5,-18,-3,-22,-3,-20,-1,-19,-1,-24,0,-22,-3,-17,0,-17,2,-20,2,-19,4,-20,4,-19,7,-17,7,-20,6,-18,7,-19,7,-20,8,-16,6,-16,7,-17,10,-13,10,-13,7,-14,6,-14,9,-11,4,-7,5,-8,10,-8,7,-5,8,-6,8,-2,8,0,0]"
CSI_DATA,372,2a:00:00:00:00:00,-50,11,1,0,1,1,1,0,0,0,1,-97,0,11,2,5242803,0,44,0,384,0,"[0,0,0,0,0,0,0,0,0,0,0,0,1,-7,1,-7,0,-7,0,-8,0,-8,0,-8,0,-9,0,-9,0,-10,-1,-10,-1,-10,-1,-11,-1,-11,-2,-11,-1,-11,-1,-11,-2,-12,-2,-12,-2,-12,-1,-12,-1,-12,-1,-12,-1,-13,-2,-12,-1,-12,-1,-12,0,0,-1,-12,-1,-11,-1,-11,-1,-11,-1,-11,-1,-10,-1,-10,-1,-10,-1,-10,-1,-10,-1,-10,-1,-9,-1,-9,-1,-9,-1,-9,-1,-9,-1,-9,-1,-9,0,-9,0,-8,0,-8,0,-7,0,-7,0,-7,1,-7,1,-7,0,0,0,0,0,0,0,0,0,0,0,0,0,0,-20,-17,-14,-18,-22,-17,-26,-18,-28,-19,-29,-21,-28,-20,-27,-20,-37,-19,-41,-17,-38,-16,-36,-19,-42,-17,-41,-14,-44,-21,-49,-22,-54,-19,-51,-21,-53,-20,-52,-15,-57,-22,-55,-17,-60,-21,-56,-27,-52,-19,-53,-26,-51,-22,-56,-26,-53,-22,-54,-28,-51,-21,-55,-23,-55,-19,-48,-22,-48,-17,-42,-20,-50,-14,-51,-21,-46,-22,-44,-16,-43,-12,-43,-17,-46,-13,-44,-16,-45,-12,-36,-11,-34,-14,-39,-13,-40,-9,-37,-14,-35,-11,-34,-14,-33,-13,-29,-12,-30,-24,-27,-18,-25,-18,0,0,0,0,0,0,0,0,0,0,0,0,0,0,0,0,0,0,0,0,0,0,33,81,28,84,15,85,13,84,12,81,5,87,6,81,-2,79,-2,79,-3,79,-7,75,-9,72,-12,70,-13,68,-12,69,-10,64,-11,62,-11,53,-10,63,-8,59,-9,47,-3,51,-1,41,1,45,0,43,4,39,2,39,6,40,9,36,13,42,12,34,19,41,15,40,20,33,17,36,21,29,23,34,20,27,20,32,26,25,22,30,22,29,29,22,22,25,24,22,29,22,26,18,23,23,23,17,26,17,20,19,25,15,22,11,17,13,15,-2,18,4,23,-2,0,0]"
CSI_DATA,373,2a:00:00:00:00:00,-50,11,1,0,1,1,1,0,0,0,1,-97,0,11,2,5272821,0,44,0,384,0,"[0,0,0,0,0,0,0,0,0,0,0,0,6,-1,6,-1,6,-1,7,-2,7,-2,7,-2,7,-3,8,-3,8,-3,8,-3,9,-3,9,-4,9,-4,9,-4,9,-4,10,-4,10,-5,10,-4,10,-4,11,-4,11,-4,11,-4,11,-4,11,-4,11,-4,11,-4,0,0,10,-3,10,-3,10,-3,10,-3,10,-3,10,-3,9,-3,9,-3,9,-3,8,-3,8,-3,8,-2,8,-2,8,-2,7,-2,7,-2,8,-2,7,-2,7,-2,6,-2,7,-1,7,-1,6,0,6,0,6,0,5,0,0,0,0,0,0,0,0,0,0,0,0,0,0,0,9,-23,10,-28,1,-31,4,-33,2,-37,8,-36,0,-40,3,-40,5,-41,10,-38,-6,-49,5,-44,-2,-46,-5,-49,-4,-49,-4,-51,-4,-52,-5,-56,-3,-56,-1,-53,-8,-54,1,-55,-2,-60,-5,-63,-2,-60,-2,-57,-1,-68,-2,-64,-1,-62,2,-57,0,-59,2,-54,-1,-55,-4,-57,-3,-54,-3,-47,-1,-55,-4,-51,-3,-49,4,-49,4,-53,4,-44,2,-47,-2,-39,3,-41,5,-46,2,-42,2,-45,7,-40,6,-34,2,-37,5,-36,6,-36,6,-31,5,-35,11,-30,7,-26,0,0,0,0,0,0,0,0,0,0,0,0,0,0,0,0,0,0,0,0,0,0,-54,62,-59,57,-63,55,-68,51,-67,44,-70,42,-74,36,-70,35,-73,36,-78,31,-70,29,-73,24,-67,21,-65,19,-65,16,-61,19,-57,15,-55,13,-52,10,-51,13,-45,16,-50,13,-48,17,-41,15,-39,12,-36,19,-31,19,-34,16,-33,24,-26,24,-30,28,-27,26,-25,24,-23,29,-18,30,-17,28,-21,31,-20,30,-14,36,-13,35,-11,31,-15,33,-13,33,-10,32,-11,28,-13,22,-15,30,-7,39,-7,32,-6,26,3,27,2,26,-1,16,8,18,4,22,9,18,14,11,0,0]"
CSI_DATA,374,2a:00:00:00:00:00,-50,11,1,0,1,1,1,0,0,0,1,-97,0,11,2,5282684,0,44,0,384,0,"[0,0,0,0,0,0,0,0,0,0,0,0,4,3,5,3,5,3,6,3,6,3,6,3,7,3,7,3,7,3,8,3,8,3,8,3,9,3,9,3,9,3,9,3,10,3,10,3,10,3,10,3,10,4,10,3,10,4,10,3,10,4,10,4,0,0,10,4,10,4,9,3,9,3,9,3,9,3,9,3,8,3,8,3,8,3,8,3,8,3,8,3,7,2,7,3,7,3,7,2,6,3,6,3,6,3,6,3,6,3,6,3,5,3,4,3,4,3,0,0,0,0,0,0,0,0,0,0,0,0,0,0,25,-6,25,-16,24,-14,27,-16,23,-22,29,-24,28,-25,31,-27,28,-28,34,-28,32,-34,34,-26,33,-32,38,-33,34,-37,33,-41,32,-40,31,-41,32,-44,33,-45,41,-44,38,-44,33,-46,37,-46,43,-45,40,-40,40,-49,40,-43,40,-36,36,-48,37,-38,42,-42,39,-37,32,-38,36,-44,36,-35,35,-35,29,-35,31,-34,36,-42,30,-35,34,-34,26,-32,28,-29,26,-32,30,-29,32,-25,28,-27,30,-26,28,-31,33,-25,30,-28,26,-19,22,-22,25,-19,27,-9,30,-16,0,0,0,0,0,0,0,0,0,0,0,0,0,0,0,0,0,0,0,0,0,0,-86,7,-86,-3,-88,-5,-87,-10,-83,-14,-83,-18,-81,-20,-75,-23,-75,-26,-72,-26,-74,-30,-71,-33,-68,-33,-58,-32,-56,-32,-59,-30,-56,-27,-49,-29,-55,-23,-50,-30,-42,-28,-42,-15,-48,-21,-39,-18,-38,-17,-42,-7,-38,-4,-38,-4,-37,-4,-40,-3,-34,-1,-33,4,-39,-1,-41,4,-33,7,-42,6,-37,13,-39,11,-36,16,-31,18,-31,14,-33,21,-40,20,-31,18,-30,16,-32,21,-25,20,-22,18,-25,15,-18,19,-16,16,-16,17,-17,13,-11,17,-10,18,-2,19,-1,18,0,0]"
CSI_DATA,375,2a:00:00:00:00:00,-50,11,1,0,1,1,1,0,0,0,1,-97,0,11,2,5312507,0,44,0,384,0,"[0,0,0,0,0,0,0,0,0,0,0,0,4,-5,4,-5,4,-6,4,-6,4,-6,4,-6,5,-7,5,-7,4,-8,4,-8,5,-8,5,-9,5,-9,5,-9,5,-9,5,-10,5,-10,5,-10,5,-10,5,-10,6,-10,5,-10,6,-10,5,-10,6,-10,6,-10,0,0,6,-9,6,-9,5,-9,6,-9,5,-8,5,-8,5,-8,5,-8,5,-8,5,-8,5,-8,5,-7,5,-7,4,-6,4,-7,4,-7,4,-6,4,-6,4,-6,4,-6,4,-6,4,-5,4,-5,4,-4,4,-4,4,-4,0,0,0,0,0,0,0,0,0,0,0,0,0,0,-14,-31,-13,-27,-19,-25,-21,-28,-23,-28,-27,-32,-27,-31,-25,-31,-26,-32,-33,-31,-38,-33,-33,-32,-43,-25,-41,-30,-36,-31,-42,-37,-41,-36,-42,-33,-46,-36,-39,-30,-46,-31,-45,-36,-47,-35,-48,-40,-51,-36,-48,-38,-50,-38,-50,-41,-51,-41,-45,-41,-41,-41,-44,-40,-46,-40,-41,-38,-34,-27,-41,-35,-43,-37,-40,-32,-40,-29,-38,-31,-35,-30,-37,-30,-32,-32,-35,-30,-33,-29,-32,-32,-26,-28,-34,-29,-30,-30,-30,-25,-27,-23,-24,-19,-26,-28,-20,-27,-19,-31,-16,-23,-15,-20,0,0,0,0,0,0,0,0,0,0,0,0,0,0,0,0,0,0,0,0,0,0,15,81,16,84,5,81,2,83,-6,81,-5,81,-3,76,-6,77,-9,81,-19,76,-24,70,-18,73,-27,64,-24,61,-21,65,-24,56,-22,59,-20,56,-22,50,-18,47,-21,46,-13,46,-13,44,-7,39,-9,41,-5,41,-2,33,3,37,1,31,6,41,7,33,8,39,12,34,16,37,18,39,14,34,18,31,16,29,19,37,22,30,18,36,23,24,23,25,18,23,17,24,27,26,28,24,19,18,23,21,16,22,22,18,24,12,17,3,19,7,19,6,18,-3,20,0,0,0]"
CSI_DATA,376,2a:00:00:00:00:00,-92,11,1,0,1,1,1,0,0,0,1,-97,0,11,2,5332630,0,44,0,384,0,"[0,0,0,0,0,0,0,0,0,0,0,0,6,1,6,1,6,1,6,0,7,0,7,0,7,0,8,0,8,-1,8,-1,8,-1,9,-1,9,-2,9,-2,10,-2,10,-2,10,-2,10,-2,10,-2,10,-2,10,-2,11,-2,11,-2,11,-2,11,-2,11,-2,0,0,11,-2,11,-2,10,-1,10,-1,10,-1,10,-1,9,-1,9,-1,9,-1,9,-1,9,-1,8,-1,8,0,8,0,8,0,8,0,7,0,7,0,7,0,7,0,7,0,7,0,6,1,6,1,6,1,6,1,0,0,0,0,0,0,0,0,0,0,0,0,0,0,20,-22,19,-24,19,-26,18,-28,17,-30,16,-34,15,-36,14,-37,12,-39,12,-41,11,-42,10,-44,9,-47,9,-48,8,-49,8,-50,8,-52,8,-52,8,-54,7,-56,8,-56,9,-57,9,-57,9,-58,10,-58,11,-59,11,-59,12,-59,13,-58,13,-58,13,-57,13,-56,13,-55,13,-54,12,-52,13,-51,13,-49,13,-48,12,-47,12,-45,12,-45,12,-43,12,-42,12,-40,12,-40,12,-38,11,-37,11,-36,11,-36,11,-33,11,-33,11,-31,12,-30,14,-28,14,-26,16,-25,17,-24,0,0,0,0,0,0,0,0,0,0,0,0,0,0,0,0,0,0,0,0,0,0,-66,51,-69,48,-69,44,-71,41,-72,37,-73,33,-74,28,-74,25,-75,21,-73,18,-72,15,-70,13,-69,11,-67,9,-66,7,-63,7,-61,6,-58,5,-55,6,-52,5,-50,6,-46,7,-44,9,-41,10,-38,12,-36,14,-34,16,-32,18,-30,21,-29,22,-28,24,-28,25,-27,27,-27,28,-26,28,-25,30,-24,31,-23,31,-22,32,-21,32,-19,33,-18,33,-17,33,-15,33,-14,33,-13,32,-11,31,-9,31,-7,30,-6,29,-3,28,-1,27,0,26,3,26,4,26,5,25,6,25,0,0]"
CSI_DATA,377,2a:00:00:00:00:00,-50,11,1,0,1,1,1,0,0,0,1,-97,0,11,2,5345665,0,44,0,384,0,"[0,0,0,0,0,0,0,0,0,0,0,0,-7,-3,-7,-2,-8,-2,-8,-2,-9,-2,-8,-1,-9,-1,-9,-1,-10,-1,-10,-1,-10,0,-11,0,-11,0,-11,0,-11,0,-12,1,-11,1,-12,1,-12,1,-12,1,-13,0,-13,0,-13,0,-13,0,-13,0,-12,0,0,0,-12,0,-12,-1,-12,0,-12,0,-11,-1,-11,0,-11,-1,-11,-1,-10,-1,-10,-1,-10,-1,-10,-1,-9,-1,-9,-1,-8,0,-8,0,-9,-1,-8,-1,-8,-1,-7,-1,-7,-1,-8,-2,-8,-2,-7,-2,-6,-2,-6,-2,0,0,0,0,0,0,0,0,0,0,0,0,0,0,-25,14,-23,21,-22,25,-22,25,-18,28,-18,24,-25,35,-20,38,-16,38,-18,37,-16,39,-18,40,-18,43,-8,47,-9,44,-12,50,-16,53,-12,50,-14,46,-12,55,-11,57,-10,56,-12,61,-15,64,-15,54,-13,57,-19,58,-13,57,-13,54,-17,60,-23,61,-19,60,-16,50,-15,48,-15,49,-13,42,-16,48,-17,49,-17,41,-11,46,-17,42,-18,41,-15,40,-13,43,-16,42,-15,39,-15,37,-9,34,-14,32,-17,38,-16,32,-19,29,-13,29,-13,32,-22,28,-18,24,-21,23,0,0,0,0,0,0,0,0,0,0,0,0,0,0,0,0,0,0,0,0,0,0,64,-58,65,-53,69,-49,72,-46,71,-41,69,-33,74,-27,72,-32,82,-21,71,-28,76,-17,74,-12,67,-18,69,-10,64,-6,66,-8,60,-8,54,-4,45,-10,50,-5,48,-8,44,-8,39,-13,37,-15,35,-19,39,-16,36,-22,34,-22,28,-23,28,-22,26,-27,26,-29,23,-31,26,-37,28,-33,23,-34,21,-37,22,-37,19,-41,13,-30,17,-36,19,-37,17,-34,12,-36,9,-32,19,-41,9,-32,10,-33,8,-35,-2,-35,0,-31,-5,-36,-1,-31,-6,-32,-11,-27,-8,-24,-16,-33,0,0]"
CSI_DATA,378,2a:00:00:00:00:00,-50,11,1,0,1,1,1,0,0,0,1,-97,0,11,2,5352707,0,44,0,384,0,"[0,0,0,0,0,0,0,0,0,0,0,0,-4,5,-4,5,-4,6,-4,6,-4,6,-3,6,-3,7,-3,7,-3,8,-3,8,-3,9,-3,9,-2,9,-3,9,-2,9,-2,10,-2,10,-2,11,-2,10,-2,11,-3,11,-3,11,-3,11,-3,11,-3,10,-3,10,0,0,-3,10,-3,10,-3,9,-3,10,-3,9,-3,9,-3,9,-3,8,-3,9,-3,8,-3,8,-3,7,-3,7,-3,7,-3,7,-3,7,-3,7,-3,6,-3,6,-3,6,-3,6,-3,5,-3,5,-3,5,-4,5,-4,4,0,0,0,0,0,0,0,0,0,0,0,0,0,0,16,28,11,26,16,24,17,26,24,20,28,26,23,23,26,25,30,25,29,18,35,20,34,18,35,21,41,22,45,22,39,20,43,21,48,21,48,22,46,23,52,23,51,19,51,23,52,25,49,27,53,25,53,27,52,25,48,24,49,27,51,26,48,33,51,29,47,31,39,33,42,27,43,26,45,25,39,22,35,24,30,20,31,27,40,24,36,24,34,25,27,22,31,14,26,18,30,23,22,24,30,24,21,22,22,25,21,22,24,26,17,22,16,19,0,0,0,0,0,0,0,0,0,0,0,0,0,0,0,0,0,0,0,0,0,0,-54,-64,-45,-68,-38,-73,-38,-75,-30,-75,-29,-75,-19,-73,-17,-76,-12,-74,-17,-75,-9,-72,-10,-73,-5,-68,-4,-65,-4,-66,-3,-59,-4,-58,0,-52,-3,-58,2,-47,-2,-52,-4,-45,-6,-39,-13,-34,-9,-39,-10,-38,-13,-36,-19,-35,-20,-37,-16,-30,-21,-31,-19,-30,-21,-33,-27,-31,-29,-28,-27,-29,-31,-24,-33,-23,-32,-24,-31,-24,-36,-20,-33,-25,-36,-13,-31,-23,-31,-13,-42,-13,-37,-13,-33,-15,-39,-12,-29,-4,-35,-14,-23,-8,-35,-1,-29,1,-30,-1,-32,10,-33,5,0,0]"
CSI_DATA,379,2a:00:00:00:00:00,-50,11,1,0,1,1,1,0,0,0,1,-97,0,11,2,5362498,0,44,0,384,0,"[0,0,0,0,0,0,0,0,0,0,0,0,-3,-6,-3,-7,-4,-6,-4,-7,-5,-7,-5,-7,-5,-7,-6,-7,-6,-7,-7,-7,-7,-7,-7,-7,-8,-7,-8,-7,-8,-7,-8,-8,-9,-8,-9,-8,-10,-7,-9,-8,-9,-8,-9,-8,-9,-8,-10,-8,-9,-8,-9,-9,0,0,-9,-9,-8,-8,-8,-8,-8,-8,-8,-8,-8,-8,-8,-7,-7,-7,-7,-7,-7,-7,-6,-7,-7,-6,-6,-6,-6,-6,-6,-6,-5,-6,-6,-6,-5,-6,-5,-6,-5,-6,-4,-6,-5,-6,-5,-6,-4,-6,-3,-6,-2,-6,0,0,0,0,0,0,0,0,0,0,0,0,0,0,-28,-3,-31,2,-31,2,-32,5,-33,8,-36,5,-30,14,-33,14,-32,14,-36,22,-36,16,-37,18,-38,27,-36,27,-38,23,-38,29,-41,31,-42,26,-40,33,-39,32,-45,35,-47,34,-42,40,-46,35,-44,39,-40,42,-50,37,-49,34,-48,31,-45,34,-45,34,-46,33,-48,27,-41,30,-45,28,-44,27,-44,26,-41,30,-42,23,-36,27,-40,27,-40,27,-35,24,-31,15,-31,19,-30,23,-34,22,-36,18,-30,22,-34,24,-36,17,-32,15,-30,15,-33,7,-32,3,-30,6,-27,9,0,0,0,0,0,0,0,0,0,0,0,0,0,0,0,0,0,0,0,0,0,0,89,-11,79,-6,84,3,82,7,79,12,78,21,79,19,73,24,71,23,69,25,63,31,67,31,60,31,56,32,56,30,50,30,52,31,54,26,47,29,48,25,39,20,41,18,41,15,31,13,33,15,36,8,38,5,37,0,31,2,35,-1,33,-3,36,-8,36,-6,42,-11,41,-19,43,-13,37,-18,36,-20,32,-15,35,-15,38,-18,34,-21,34,-16,36,-18,28,-25,32,-14,27,-16,25,-25,25,-26,22,-26,19,-21,19,-26,16,-21,18,-26,13,-23,9,-29,8,-26,0,0]"
CSI_DATA,380,2a:00:00:00:00:00,-50,11,1,0,1,1,1,0,0,0,1,-97,0,11,2,5372509,0,44,0,384,0,"[0,0,0,0,0,0,0,0,0,0,0,0,-7,2,-7,3,-7,3,-7,3,-7,4,-7,4,-7,5,-7,5,-7,5,-7,5,-7,6,-7,6,-7,7,-7,7,-8,7,-8,7,-8,8,-8,8,-8,8,-8,8,-8,8,-9,8,-9,8,-9,8,-9,7,-9,8,0,0,-9,7,-9,6,-9,7,-8,6,-9,6,-8,6,-8,5,-8,5,-8,5,-7,5,-7,5,-7,5,-7,4,-7,4,-7,4,-7,5,-7,4,-7,4,-6,4,-6,4,-6,3,-6,2,-6,2,-6,2,-6,2,-6,1,0,0,0,0,0,0,0,0,0,0,0,0,0,0,-5,15,-5,15,-1,16,-1,14,0,18,1,17,3,14,2,18,3,17,6,19,6,20,6,20,8,19,7,19,9,22,9,21,10,23,12,21,13,22,11,22,12,24,13,21,13,24,13,23,14,25,11,28,12,24,14,27,15,26,10,26,11,25,13,26,10,22,10,24,8,22,10,24,6,23,10,24,10,21,8,19,7,18,9,22,7,20,8,18,8,20,4,17,4,17,7,20,6,18,3,17,4,16,2,13,3,16,1,14,3,16,0,15,0,15,0,0,0,0,0,0,0,0,0,0,0,0,0,0,0,0,0,0,0,0,0,0,6,-43,7,-45,10,-42,11,-40,14,-40,14,-38,19,-37,19,-34,22,-31,21,-31,22,-30,21,-28,24,-29,22,-27,18,-23,19,-26,22,-24,19,-19,18,-21,18,-19,9,-21,14,-17,8,-18,8,-17,9,-17,6,-21,2,-20,5,-23,0,-23,-1,-20,6,-20,2,-22,2,-21,-2,-23,-3,-17,-2,-20,-2,-19,-6,-20,-12,-26,-7,-22,-6,-22,-5,-19,-5,-19,-9,-18,-8,-17,-9,-22,-8,-17,-5,-17,-11,-16,-10,-15,-10,-13,-11,-13,-11,-15,-12,-13,-11,-12,-12,-11,-13,-9,0,0]"
CSI_DATA,381,2a:00:00:00:00:00,-50,11,1,0,1,1,1,0,0,0,1,-97,0,11,2,5382506,0,44,0,384,0,"[0,0,0,0,0,0,0,0,0,0,0,0,1,6,2,6,2,6,3,6,3,6,3,6,4,6,4,6,4,6,5,6,5,6,5,6,6,6,6,7,6,7,7,7,7,7,7,7,8,7,8,7,7,8,8,8,7,8,7,8,7,8,7,8,0,0,6,8,6,8,6,8,6,8,6,7,6,7,5,7,5,7,4,7,4,7,4,7,4,6,4,6,4,6,3,6,3,6,4,5,3,5,3,6,3,5,2,5,3,5,2,5,2,5,1,5,0,5,0,0,0,0,0,0,0,0,0,0,0,0,0,0,31,9,33,11,35,2,35,1,45,4,42,1,37,-6,41,-6,40,-2,37,0,41,-6,40,-11,50,-8,39,-13,44,-13,49,-17,46,-16,56,-15,53,-16,52,-20,55,-21,58,-19,52,-19,58,-16,57,-15,60,-14,59,-15,56,-18,58,-12,58,-15,58,-11,58,-10,48,-11,50,-8,53,-8,48,-5,49,-4,45,-4,46,-7,47,-8,46,-4,45,-7,42,-9,37,-5,42,-2,33,-1,40,3,40,-1,36,-4,39,-5,36,-3,34,-3,30,3,29,9,31,9,28,5,29,6,0,0,0,0,0,0,0,0,0,0,0,0,0,0,0,0,0,0,0,0,0,0,-86,6,-88,1,-83,-8,-85,-15,-78,-19,-82,-24,-75,-27,-80,-29,-73,-33,-68,-32,-69,-38,-62,-35,-61,-37,-60,-35,-53,-38,-50,-41,-48,-39,-50,-35,-53,-34,-38,-28,-40,-26,-41,-25,-40,-20,-36,-15,-39,-21,-43,-13,-39,-11,-39,-10,-43,-8,-39,-4,-41,-3,-38,2,-45,1,-45,6,-40,9,-49,5,-47,5,-47,12,-39,13,-41,11,-43,9,-41,11,-42,12,-38,19,-41,12,-40,18,-34,18,-34,14,-28,23,-32,14,-31,19,-28,22,-32,20,-25,26,-22,27,-13,24,-19,30,0,0]"
CSI_DATA,382,2a:00:00:00:00:00,-50,11,1,0,1,1,1,0,0,0,1,-97,0,11,2,5402483,0,44,0,384,0,"[0,0,0,0,0,0,0,0,0,0,0,0,3,-7,3,-7,2,-8,2,-7,2,-8,2,-8,2,-8,2,-9,1,-9,1,-9,1,-10,1,-10,1,-10,1,-10,1,-10,1,-12,0,-11,1,-12,0,-12,1,-12,1,-12,1,-12,2,-12,1,-12,2,-12,2,-12,0,0,2,-12,2,-12,2,-11,2,-11,2,-10,2,-10,2,-10,2,-9,3,-10,2,-10,2,-9,2,-8,2,-8,2,-8,2,-8,2,-8,2,-7,2,-7,2,-7,3,-7,3,-7,2,-6,3,-6,3,-5,3,-5,4,-5,0,0,0,0,0,0,0,0,0,0,0,0,0,0,-16,-31,-14,-29,-19,-20,-20,-27,-22,-38,-22,-28,-22,-26,-30,-24,-26,-31,-30,-22,-31,-26,-26,-28,-39,-25,-35,-29,-38,-20,-38,-23,-45,-30,-46,-28,-41,-26,-43,-27,-47,-27,-47,-26,-48,-25,-50,-26,-53,-34,-49,-29,-49,-32,-48,-33,-49,-36,-49,-33,-46,-35,-45,-34,-40,-33,-40,-36,-35,-33,-38,-32,-41,-32,-34,-31,-34,-32,-30,-29,-34,-32,-31,-26,-35,-26,-34,-28,-31,-31,-22,-27,-30,-19,-28,-23,-25,-21,-25,-26,-21,-25,-24,-20,-19,-30,-20,-24,-20,-33,-11,-24,-13,-21,0,0,0,0,0,0,0,0,0,0,0,0,0,0,0,0,0,0,0,0,0,0,62,59,56,62,55,65,47,69,41,71,32,68,29,72,30,75,28,76,22,74,18,71,12,70,15,72,11,74,12,64,10,64,8,57,8,54,5,48,6,45,9,42,9,45,12,46,13,39,12,36,18,36,17,33,18,28,25,30,23,31,29,27,30,28,29,25,26,29,31,31,40,25,32,24,37,24,34,23,42,25,34,22,39,19,39,19,37,22,40,18,33,8,33,16,34,16,40,9,38,13,30,10,37,4,35,6,30,6,31,9,38,0,31,-10,0,0]"
CSI_DATA,383,2a:00:00:00:00:00,-50,11,1,0,1,1,1,0,0,0,1,-97,0,11,2,5412496,0,44,0,384,0,"[0,0,0,0,0,0,0,0,0,0,0,0,-7,-3,-7,-2,-7,-2,-7,-2,-8,-2,-8,-1,-8,-1,-8,-1,-9,0,-9,0,-9,0,-10,0,-10,0,-10,1,-10,1,-11,1,-11,1,-11,1,-11,1,-11,1,-11,1,-12,1,-12,1,-12,1,-12,1,-12,0,0,0,-11,0,-11,0,-11,0,-10,0,-10,0,-10,0,-10,0,-10,0,-9,0,-9,0,-9,0,-9,-1,-9,-1,-8,-1,-8,-1,-7,-1,-8,-1,-7,0,-7,-1,-7,-1,-7,-1,-7,-1,-7,-2,-6,-2,-6,-2,-5,-2,0,0,0,0,0,0,0,0,0,0,0,0,0,0,-31,8,-28,16,-34,17,-24,17,-30,15,-28,21,-20,28,-24,29,-22,26,-24,29,-25,32,-24,38,-22,38,-15,34,-23,42,-18,45,-21,45,-16,45,-20,44,-17,47,-19,47,-22,52,-21,55,-20,56,-20,53,-20,53,-24,50,-23,49,-19,56,-34,54,-27,52,-29,52,-23,45,-25,42,-26,45,-26,45,-23,37,-25,35,-24,37,-23,36,-24,37,-20,31,-21,28,-21,33,-18,32,-20,31,-21,31,-16,30,-22,33,-23,24,-22,27,-24,28,-20,21,-22,21,-18,23,-21,16,-25,17,0,0,0,0,0,0,0,0,0,0,0,0,0,0,0,0,0,0,0,0,0,0,56,-62,67,-59,65,-56,72,-50,66,-45,66,-42,70,-31,75,-34,73,-21,69,-26,77,-25,69,-23,66,-21,70,-17,66,-12,62,-12,63,-14,49,-8,53,-11,50,-13,40,-14,45,-12,46,-15,40,-22,34,-20,31,-27,37,-24,33,-33,25,-28,26,-31,30,-31,25,-35,28,-33,29,-37,26,-41,27,-36,18,-33,25,-39,23,-40,17,-42,20,-44,19,-40,13,-42,14,-47,9,-45,9,-35,14,-34,14,-44,7,-40,14,-36,10,-36,7,-39,7,-40,2,-37,-1,-35,2,-31,-10,-34,0,0]"
CSI_DATA,384,2a:00:00:00:00:00,-50,11,1,0,1,1,1,0,0,0,1,-97,0,11,2,5422525,0,44,0,384,0,"[0,0,0,0,0,0,0,0,0,0,0,0,-2,6,-2,6,-1,7,-1,7,-1,7,0,7,0,7,0,8,1,8,1,8,1,9,1,9,2,9,2,9,2,9,2,10,3,10,2,10,3,10,3,10,2,11,3,11,2,11,2,11,2,11,2,11,0,0,1,11,1,10,1,10,1,10,1,10,1,9,1,9,1,9,0,9,0,9,0,8,0,8,0,8,0,7,0,7,0,7,0,7,-1,7,-1,7,-1,6,-1,6,-1,6,-1,6,-1,5,-2,5,-3,5,0,0,0,0,0,0,0,0,0,0,0,0,0,0,11,11,13,9,13,9,13,7,15,7,14,5,13,5,18,4,16,1,20,4,19,3,20,3,19,-2,17,1,22,0,21,0,24,1,23,1,27,-1,22,-1,26,-2,25,-1,28,-1,27,-4,24,-1,27,-1,28,0,28,0,25,4,26,1,25,-1,28,2,25,5,24,2,22,4,24,3,23,5,21,3,22,4,21,1,20,4,19,3,18,2,18,3,18,5,14,4,18,2,16,2,17,2,13,4,13,3,16,3,15,4,13,4,11,6,13,5,9,6,0,0,0,0,0,0,0,0,0,0,0,0,0,0,0,0,0,0,0,0,0,0,-40,-8,-41,-13,-36,-12,-37,-18,-33,-19,-34,-22,-33,-20,-31,-23,-32,-26,-28,-25,-26,-25,-26,-25,-23,-25,-20,-25,-23,-25,-18,-22,-18,-22,-18,-21,-17,-21,-16,-17,-14,-18,-19,-15,-16,-16,-17,-11,-15,-14,-16,-10,-17,-9,-19,-7,-18,-8,-20,-5,-20,-5,-19,-4,-24,-6,-19,-2,-21,-3,-23,-2,-22,-2,-24,-1,-21,-2,-22,0,-24,-1,-23,3,-23,4,-25,1,-21,4,-19,2,-23,3,-22,6,-20,4,-21,1,-17,1,-20,10,-19,4,-15,10,-17,6,-16,9,-12,8,0,0]"
CSI_DATA,385,2a:00:00:00:00:00,-50,11,1,0,1,1,1,0,0,0,1,-97,0,11,2,5432691,0,44,0,384,0,"[0,0,0,0,0,0,0,0,0,0,0,0,-5,-5,-5,-5,-6,-5,-6,-5,-6,-4,-7,-4,-7,-4,-7,-3,-8,-3,-8,-3,-9,-3,-9,-3,-9,-3,-10,-3,-10,-3,-10,-2,-10,-2,-10,-2,-11,-3,-11,-3,-11,-3,-11,-3,-11,-3,-11,-3,-11,-4,-11,-4,0,0,-11,-4,-11,-4,-10,-4,-10,-4,-10,-4,-10,-4,-9,-4,-9,-4,-8,-4,-8,-4,-8,-4,-8,-4,-8,-4,-8,-4,-7,-4,-7,-3,-7,-4,-6,-3,-6,-3,-6,-3,-6,-3,-6,-4,-5,-4,-5,-4,-4,-4,-4,-4,0,0,0,0,0,0,0,0,0,0,0,0,0,0,-37,2,-35,8,-36,3,-32,14,-30,21,-35,14,-30,17,-32,22,-28,19,-32,25,-25,22,-26,31,-33,32,-25,33,-29,33,-30,36,-29,36,-29,36,-32,37,-27,36,-32,44,-30,47,-27,51,-29,44,-29,46,-36,42,-36,45,-34,47,-33,44,-37,46,-43,39,-36,41,-32,39,-35,42,-30,36,-37,34,-29,31,-33,36,-27,28,-29,37,-30,24,-31,30,-32,24,-23,28,-27,31,-29,23,-24,26,-24,23,-31,22,-24,24,-28,24,-27,17,-23,14,-17,17,-26,17,-28,7,-23,10,0,0,0,0,0,0,0,0,0,0,0,0,0,0,0,0,0,0,0,0,0,0,63,-53,71,-49,69,-40,74,-35,73,-34,81,-30,78,-21,77,-17,77,-13,67,-15,74,-10,74,-11,70,-3,65,-7,64,-2,62,-5,58,-8,53,-2,50,-4,45,-3,45,-5,42,-6,44,-9,39,-13,36,-15,35,-13,37,-15,33,-20,34,-25,35,-27,36,-26,31,-30,32,-26,30,-35,29,-32,31,-38,31,-34,28,-33,34,-39,25,-40,28,-41,25,-42,21,-38,19,-43,20,-45,13,-30,22,-41,18,-41,15,-42,15,-37,13,-34,20,-36,11,-36,10,-38,9,-37,5,-35,-2,-36,0,0]"
CSI_DATA,386,2a:00:00:00:00:00,-50,11,1,0,1,1,1,0,0,0,1,-97,0,11,2,5442505,0,44,0,384,0,"[0,0,0,0,0,0,0,0,0,0,0,0,4,-5,4,-5,3,-5,4,-6,3,-6,3,-7,3,-7,3,-7,3,-7,2,-7,2,-8,2,-9,2,-9,2,-9,2,-9,2,-9,2,-11,2,-10,2,-11,2,-10,3,-10,3,-10,3,-10,3,-11,3,-10,3,-11,0,0,4,-10,4,-9,4,-10,3,-9,4,-9,4,-9,4,-8,4,-8,4,-8,3,-8,4,-8,3,-7,3,-7,3,-7,3,-6,4,-7,3,-6,3,-6,3,-6,3,-5,4,-5,3,-4,3,-4,3,-4,4,-4,4,-4,0,0,0,0,0,0,0,0,0,0,0,0,0,0,3,-39,6,-32,2,-33,-11,-34,-7,-34,-7,-30,-20,-30,-14,-38,-13,-31,-14,-29,-26,-33,-27,-35,-27,-33,-26,-31,-28,-34,-32,-33,-35,-38,-32,-38,-36,-36,-33,-32,-33,-40,-34,-39,-40,-39,-42,-36,-44,-40,-35,-39,-35,-39,-37,-43,-39,-40,-40,-45,-31,-44,-35,-45,-30,-44,-31,-44,-27,-43,-25,-42,-24,-38,-27,-48,-24,-42,-18,-43,-22,-36,-20,-33,-20,-41,-21,-36,-21,-40,-16,-32,-14,-32,-17,-30,-15,-29,-11,-30,-14,-25,-13,-28,-10,-33,-11,-26,-9,-28,-3,-24,-3,-19,0,0,0,0,0,0,0,0,0,0,0,0,0,0,0,0,0,0,0,0,0,0,52,59,51,69,45,66,41,71,37,71,30,76,24,75,21,69,19,75,19,71,12,69,12,75,7,70,0,67,8,67,4,57,3,59,2,53,3,52,-2,51,3,47,7,42,12,41,11,41,10,38,13,38,15,32,20,38,20,33,25,39,25,32,28,36,29,31,33,35,34,39,34,30,33,32,40,29,37,28,36,29,36,27,37,23,37,23,38,30,39,28,44,20,37,16,37,26,38,20,39,20,39,19,39,12,33,14,39,14,34,5,33,12,34,4,0,0]"
CSI_DATA,387,2a:00:00:00:00:00,-50,11,1,0,1,1,1,0,0,0,1,-97,0,11,2,5482556,0,44,0,384,0,"[0,0,0,0,0,0,0,0,0,0,0,0,2,-7,2,-7,1,-7,1,-7,0,-7,0,-7,0,-7,0,-8,-1,-8,-1,-8,-1,-8,-2,-8,-2,-9,-2,-9,-2,-9,-3,-10,-3,-9,-3,-10,-3,-9,-3,-10,-3,-10,-3,-10,-3,-11,-3,-10,-2,-11,-2,-10,0,0,-2,-11,-2,-10,-2,-10,-1,-10,-1,-9,-1,-9,-1,-9,-1,-9,-1,-9,-1,-9,0,-8,-1,-8,-1,-7,0,-7,0,-8,0,-7,-1,-7,0,-7,0,-7,0,-7,0,-7,0,-6,0,-6,1,-5,1,-5,2,-5,0,0,0,0,0,0,0,0,0,0,0,0,0,0,-24,-33,-22,-30,-23,-28,-30,-28,-32,-14,-28,-19,-26,-21,-33,-19,-35,-14,-33,-16,-38,-12,-37,-6,-42,-7,-39,-11,-35,-10,-44,-8,-48,-6,-46,-5,-47,-10,-52,-2,-49,-8,-48,-2,-52,-2,-55,-2,-54,-5,-54,-7,-60,-8,-56,-10,-54,-18,-55,-5,-50,-12,-56,-15,-57,-5,-47,-9,-49,-7,-43,-13,-44,-12,-46,-9,-41,-14,-42,-7,-40,-18,-39,-21,-37,-12,-33,-11,-35,-10,-32,-9,-25,-6,-36,-17,-31,-13,-30,-10,-29,-9,-30,-12,-26,-17,-28,-17,-21,-19,-27,-16,-22,-19,0,0,0,0,0,0,0,0,0,0,0,0,0,0,0,0,0,0,0,0,0,0,87,2,80,12,86,17,79,23,78,31,70,30,73,31,72,40,70,43,65,42,60,40,56,44,52,44,54,48,45,42,48,42,43,40,35,37,39,36,42,36,39,26,41,25,32,24,35,25,32,19,39,13,38,16,38,12,50,11,45,7,44,8,44,6,48,3,50,2,45,4,47,2,51,1,54,-3,45,1,48,-1,48,-8,52,0,45,-8,46,-10,43,-11,45,-5,49,-15,44,-14,47,-9,43,-5,51,-5,44,-20,41,-16,42,-17,39,-12,37,-16,37,-19,0,0]"
CSI_DATA,388,2a:00:00:00:00:00,-51,11,1,0,1,1,1,0,0,0,1,-97,0,11,2,5492491,0,44,0,384,0,"[0,0,0,0,0,0,0,0,0,0,0,0,2,-7,2,-7,1,-7,1,-7,0,-7,0,-7,0,-7,-1,-8,-1,-8,-2,-8,-2,-8,-2,-9,-3,-9,-3,-9,-3,-9,-3,-10,-3,-10,-3,-10,-4,-10,-4,-10,-3,-11,-3,-11,-3,-11,-4,-11,-3,-11,-3,-11,0,0,-2,-11,-2,-11,-2,-11,-2,-11,-2,-10,-2,-10,-1,-10,-1,-9,-1,-10,-1,-9,-1,-9,-1,-8,-1,-8,-1,-8,0,-8,0,-8,-1,-7,0,-7,0,-7,0,-7,0,-7,0,-6,0,-6,0,-6,1,-6,1,-5,0,0,0,0,0,0,0,0,0,0,0,0,0,0,-13,-34,-21,-34,-18,-39,-20,-32,-28,-34,-22,-22,-24,-20,-26,-24,-28,-20,-28,-23,-36,-15,-40,-12,-33,-13,-35,-14,-41,-16,-43,-11,-39,-11,-44,-14,-47,-14,-46,-8,-46,-17,-49,-13,-52,-9,-51,-16,-51,-12,-54,-15,-55,-14,-50,-13,-50,-19,-50,-16,-50,-18,-52,-20,-42,-21,-49,-22,-46,-18,-41,-26,-35,-19,-39,-24,-41,-21,-41,-17,-36,-17,-34,-18,-30,-27,-31,-17,-35,-22,-27,-21,-25,-15,-31,-21,-26,-16,-23,-18,-26,-20,-28,-17,-27,-22,-19,-25,-18,-20,-21,-21,-18,-21,0,0,0,0,0,0,0,0,0,0,0,0,0,0,0,0,0,0,0,0,0,0,86,6,87,17,77,27,81,28,75,31,69,35,70,37,64,42,67,43,63,46,58,43,52,48,52,42,48,43,51,42,46,44,41,42,41,37,37,41,36,29,30,30,38,34,39,23,33,26,34,22,39,17,42,13,43,15,40,14,47,16,44,7,47,10,42,6,49,5,43,8,52,3,51,4,46,1,47,0,46,1,48,1,50,-2,45,-2,46,-6,48,-10,56,-5,50,-10,44,-1,49,-9,43,-5,44,-6,40,-9,46,-11,42,-10,40,-7,42,-20,35,-13,0,0]"
CSI_DATA,389,2a:00:00:00:00:00,-51,11,1,0,1,1,1,0,0,0,1,-97,0,11,2,5502634,0,44,0,384,0,"[0,0,0,0,0,0,0,0,0,0,0,0,1,6,1,6,2,6,2,6,2,6,2,5,3,5,3,5,4,5,5,5,5,5,5,5,6,5,6,5,6,5,7,5,7,5,7,5,7,6,7,6,7,6,8,7,7,7,7,7,7,7,7,7,0,0,6,7,6,7,6,7,6,7,5,7,5,7,5,7,5,6,4,7,4,6,4,6,4,6,4,6,4,6,3,5,3,5,3,5,2,5,2,5,2,5,2,5,2,5,2,5,1,5,1,4,0,4,0,0,0,0,0,0,0,0,0,0,0,0,0,0,36,4,34,12,34,6,36,5,35,0,33,-1,32,-6,28,-6,27,-6,39,-12,27,-11,36,-10,34,-23,32,-22,38,-19,36,-20,37,-23,33,-29,36,-21,40,-24,39,-28,43,-32,39,-31,40,-30,40,-27,37,-25,46,-30,43,-30,48,-25,44,-26,50,-25,48,-27,46,-25,39,-21,45,-19,44,-18,46,-19,40,-15,42,-13,33,-19,35,-9,40,-16,35,-12,33,-15,37,-12,36,-16,34,-8,31,-8,27,-9,31,-9,29,-10,29,-6,23,-5,25,-1,30,-3,24,0,25,4,0,0,0,0,0,0,0,0,0,0,0,0,0,0,0,0,0,0,0,0,0,0,-64,53,-71,49,-69,40,-74,38,-76,27,-79,26,-78,23,-78,16,-74,12,-70,10,-77,8,-73,4,-65,5,-69,1,-64,2,-61,1,-59,-1,-60,-3,-51,-4,-52,5,-52,0,-45,4,-41,11,-44,10,-38,11,-42,18,-42,13,-37,21,-40,24,-46,25,-38,25,-36,30,-47,33,-32,27,-31,30,-36,31,-41,35,-36,27,-39,32,-34,35,-37,32,-31,39,-30,39,-31,38,-30,35,-39,35,-32,42,-33,36,-27,34,-27,38,-30,35,-23,33,-26,43,-24,37,-21,36,-19,37,-18,35,0,0]"
CSI_DATA,390,2a:00:00:00:00:00,-51,11,1,0,1,1,1,0,0,0,1,-97,0,11,2,5512502,0,44,0,384,0,"[0,0,0,0,0,0,0,0,0,0,0,0,-4,5,-3,5,-3,6,-3,6,-2,6,-2,6,-2,6,-1,6,-1,7,0,7,0,7,0,7,1,8,1,8,1,8,1,8,1,9,1,9,2,9,1,9,1,10,1,10,1,10,1,10,1,10,0,10,0,0,0,10,0,9,0,9,-1,9,0,9,-1,9,-1,8,-1,8,-2,8,-1,8,-1,8,-1,7,-1,7,-1,6,-2,7,-2,6,-1,6,-2,6,-2,6,-2,5,-2,5,-2,5,-2,5,-2,5,-3,5,-3,3,0,0,0,0,0,0,0,0,0,0,0,0,0,0,23,33,22,32,22,30,23,25,24,24,27,22,26,15,29,19,22,17,34,15,32,15,28,11,34,11,41,14,42,7,39,6,43,7,46,9,44,8,49,6,47,3,46,1,52,4,53,3,51,8,56,10,57,8,51,8,52,12,50,10,50,11,44,13,50,12,50,15,40,12,42,16,40,18,36,20,42,16,40,10,42,14,33,18,36,15,35,18,31,16,36,15,27,16,25,15,28,11,27,19,27,14,25,15,24,16,23,19,14,24,15,22,18,17,0,0,0,0,0,0,0,0,0,0,0,0,0,0,0,0,0,0,0,0,0,0,-85,14,-88,8,-91,4,-88,-3,-84,-7,-79,-11,-78,-11,-83,-19,-74,-24,-74,-23,-67,-30,-74,-30,-62,-35,-61,-33,-59,-31,-55,-29,-52,-25,-48,-33,-47,-25,-49,-27,-50,-17,-46,-19,-37,-20,-39,-19,-43,-12,-42,-9,-41,-4,-38,-5,-46,-3,-43,1,-44,-5,-52,1,-51,5,-50,7,-51,11,-49,9,-57,10,-51,7,-53,2,-49,9,-52,6,-50,12,-57,12,-53,13,-52,11,-43,26,-45,17,-50,15,-47,15,-43,14,-45,13,-44,18,-43,19,-40,12,-41,17,-41,19,-42,19,0,0]"
CSI_DATA,391,2a:00:00:00:00:00,-51,11,1,0,1,1,1,0,0,0,1,-97,0,11,2,5522522,0,44,0,384,0,"[0,0,0,0,0,0,0,0,0,0,0,0,6,1,6,1,6,1,6,1,6,0,6,-1,6,-1,6,-2,6,-2,6,-2,7,-3,7,-3,7,-3,7,-3,7,-3,8,-4,8,-4,8,-4,8,-5,8,-4,9,-4,9,-4,9,-4,9,-4,9,-4,9,-4,0,0,9,-4,9,-3,9,-3,9,-3,9,-2,8,-2,8,-2,8,-2,8,-2,7,-2,7,-2,7,-1,7,-1,7,-1,6,-2,6,-2,6,-1,6,-1,6,-1,5,-1,5,-1,5,0,5,0,5,1,4,0,4,1,0,0,0,0,0,0,0,0,0,0,0,0,0,0,32,-27,30,-19,24,-25,16,-26,23,-28,17,-26,22,-31,17,-32,13,-30,9,-27,8,-31,9,-32,9,-35,3,-41,1,-37,0,-42,-3,-47,1,-42,-5,-44,1,-42,2,-48,-7,-48,-5,-51,2,-49,-1,-58,-1,-47,1,-51,0,-51,5,-53,5,-48,6,-52,5,-46,4,-51,7,-50,4,-49,8,-48,10,-46,7,-50,9,-39,8,-41,13,-35,9,-38,9,-42,12,-33,9,-30,13,-29,11,-38,9,-31,15,-25,10,-26,11,-29,8,-23,9,-27,12,-23,8,-25,16,-19,12,-17,0,0,0,0,0,0,0,0,0,0,0,0,0,0,0,0,0,0,0,0,0,0,6,80,-2,81,-7,79,-10,82,-18,73,-23,81,-24,74,-26,74,-31,68,-29,63,-36,61,-40,57,-39,61,-29,56,-37,54,-34,50,-34,53,-29,46,-30,44,-23,45,-21,41,-23,37,-22,40,-17,39,-9,31,-10,40,-9,39,-6,40,-7,38,-2,43,1,40,6,50,3,46,3,46,3,48,4,48,5,47,2,45,9,51,13,46,13,50,15,49,6,50,13,51,14,48,16,37,18,44,17,42,12,44,13,47,22,39,13,43,20,45,14,39,22,38,25,39,25,34,0,0]"
CSI_DATA,392,2a:00:00:00:00:00,-51,11,1,0,1,1,1,0,0,0,1,-97,0,11,2,5533502,0,44,0,384,0,"[0,0,0,0,0,0,0,0,0,0,0,0,3,5,3,4,4,5,4,4,4,4,4,3,5,3,5,3,5,3,6,2,6,2,7,2,7,2,7,2,7,2,8,2,8,2,8,2,9,2,9,2,9,2,9,3,9,2,9,3,9,3,9,3,0,0,9,3,9,4,8,4,8,4,8,4,8,4,7,4,7,4,7,4,6,4,6,4,6,4,6,4,6,3,5,3,5,3,5,3,4,3,4,3,4,3,4,3,4,4,3,4,3,4,2,3,2,3,0,0,0,0,0,0,0,0,0,0,0,0,0,0,33,-9,36,-3,34,-12,37,-12,32,-10,24,-12,27,-19,26,-16,26,-17,26,-20,20,-22,28,-25,23,-26,23,-30,17,-32,17,-39,21,-40,18,-38,21,-39,20,-40,25,-43,22,-43,15,-43,31,-44,25,-42,24,-42,30,-45,27,-44,24,-46,27,-46,30,-44,34,-42,29,-44,35,-37,34,-40,31,-34,31,-31,24,-30,32,-27,29,-29,27,-26,32,-24,29,-26,26,-25,22,-23,26,-19,22,-21,24,-20,26,-16,22,-20,28,-19,23,-15,23,-14,25,-14,19,-12,25,-10,24,-8,0,0,0,0,0,0,0,0,0,0,0,0,0,0,0,0,0,0,0,0,0,0,-10,82,-19,82,-28,76,-29,73,-35,75,-41,62,-44,63,-44,63,-54,58,-49,51,-55,54,-47,49,-50,43,-51,44,-48,42,-48,40,-45,39,-43,32,-40,29,-42,33,-31,29,-28,30,-27,32,-30,30,-25,35,-19,37,-25,36,-23,37,-18,46,-18,37,-17,40,-15,44,-21,42,-15,47,-17,42,-16,48,-15,48,-9,48,-10,49,-10,53,-7,48,-6,46,-2,49,-9,50,-5,46,-2,50,-9,49,-5,49,-1,44,-5,45,2,51,1,48,-2,44,3,47,6,42,5,47,8,38,0,0]"
CSI_DATA,393,2a:00:00:00:00:00,-51,11,1,0,1,1,1,0,0,0,1,-97,0,11,2,5543621,0,44,0,384,0,"[0,0,0,0,0,0,0,0,0,0,0,0,-6,-4,-6,-4,-6,-4,-6,-3,-6,-3,-6,-2,-7,-2,-7,-1,-7,-1,-7,-1,-8,0,-8,0,-8,0,-8,0,-9,0,-9,1,-9,1,-9,1,-10,1,-10,1,-10,1,-11,0,-10,1,-11,1,-11,0,-11,0,0,0,-11,0,-10,-1,-11,-1,-10,-1,-10,-1,-10,-1,-9,-1,-9,-1,-9,-1,-8,-1,-8,-1,-8,-2,-8,-2,-8,-2,-7,-2,-7,-1,-7,-2,-7,-2,-6,-2,-6,-2,-6,-2,-6,-3,-6,-3,-5,-3,-5,-3,-5,-3,0,0,0,0,0,0,0,0,0,0,0,0,0,0,-38,18,-33,16,-28,19,-28,17,-26,16,-32,14,-21,26,-23,27,-19,25,-21,28,-18,28,-18,30,-15,34,-11,29,-19,34,-12,41,-10,42,-16,42,-6,44,-10,45,-10,50,-5,47,-5,52,-9,47,-7,47,-8,54,-9,50,-17,56,-12,50,-20,53,-14,52,-17,53,-17,42,-12,51,-19,39,-20,48,-14,45,-16,42,-13,41,-17,38,-17,36,-16,34,-16,34,-17,34,-19,33,-14,28,-20,33,-11,28,-20,31,-24,33,-15,26,-17,23,-17,24,-16,20,-17,23,-16,19,-23,16,0,0,0,0,0,0,0,0,0,0,0,0,0,0,0,0,0,0,0,0,0,0,8,-82,17,-88,21,-74,30,-87,28,-69,36,-84,42,-70,40,-70,47,-68,38,-58,47,-59,46,-58,44,-56,48,-50,51,-51,45,-44,44,-48,38,-34,37,-42,37,-37,27,-39,26,-42,24,-34,23,-35,16,-43,16,-39,19,-41,12,-45,13,-39,8,-48,10,-48,7,-49,6,-49,-2,-49,3,-51,5,-52,2,-49,3,-50,-3,-49,-2,-49,-4,-56,2,-56,0,-59,-4,-51,-4,-56,-13,-54,-13,-49,-4,-48,-11,-53,-9,-45,-13,-47,-7,-54,-9,-55,-15,-43,-13,-44,-17,-47,-17,-39,0,0]"
CSI_DATA,394,2a:00:00:00:00:00,-51,11,1,0,1,1,1,0,0,0,1,-97,0,11,2,5552711,0,44,0,384,0,"[0,0,0,0,0,0,0,0,0,0,0,0,4,-6,3,-6,2,-6,2,-6,1,-6,1,-6,1,-7,0,-7,0,-7,-1,-7,0,-8,-1,-8,-1,-8,-2,-8,-2,-8,-2,-9,-2,-9,-2,-9,-3,-9,-3,-10,-3,-10,-3,-10,-2,-11,-2,-10,-2,-11,-2,-11,0,0,-1,-10,-1,-10,-1,-10,-1,-10,-1,-9,-1,-9,-1,-9,-1,-9,0,-9,0,-9,0,-9,0,-8,0,-8,0,-7,0,-8,0,-7,0,-7,0,-7,0,-7,1,-7,1,-7,0,-6,1,-6,1,-5,2,-5,2,-5,0,0,0,0,0,0,0,0,0,0,0,0,0,0,-21,-34,-22,-35,-25,-30,-20,-25,-24,-27,-29,-20,-27,-24,-22,-23,-27,-19,-35,-15,-28,-15,-28,-13,-32,-9,-33,-11,-34,-11,-44,-6,-40,-5,-38,-8,-40,-6,-46,-4,-41,-5,-45,-5,-51,-5,-51,-4,-54,-6,-47,-11,-46,-4,-55,-6,-51,-9,-54,-7,-49,-13,-53,-7,-46,-14,-52,-15,-41,-13,-41,-14,-43,-12,-39,-14,-43,-15,-37,-15,-42,-12,-39,-13,-42,-11,-37,-12,-36,-15,-36,-12,-32,-9,-32,-16,-29,-7,-28,-11,-30,-12,-23,-10,-25,-17,-24,-19,-25,-16,-23,-15,-20,-16,0,0,0,0,0,0,0,0,0,0,0,0,0,0,0,0,0,0,0,0,0,0,84,-2,86,9,79,13,79,16,81,24,73,26,72,33,72,34,68,39,61,41,61,41,60,40,57,41,59,40,58,38,43,41,46,37,44,34,43,34,37,33,34,25,42,21,32,20,35,16,39,16,41,14,41,9,43,7,44,4,46,4,40,1,43,4,50,7,51,3,46,-3,49,-6,49,-3,49,-5,47,-8,49,-7,49,-5,54,-4,47,-9,52,-9,47,-16,40,-8,50,-12,50,-14,51,-10,48,-13,47,-16,47,-18,47,-13,45,-19,45,-19,42,-19,42,-16,0,0]"
CSI_DATA,395,2a:00:00:00:00:00,-51,11,1,0,1,1,1,0,0,0,1,-97,0,11,2,5562917,0,44,0,384,0,"[0,0,0,0,0,0,0,0,0,0,0,0,5,3,5,2,5,2,5,2,5,1,6,1,6,0,6,-1,6,-1,6,-1,7,-1,7,-2,7,-2,7,-2,7,-2,8,-3,8,-3,8,-3,8,-3,8,-3,9,-3,9,-3,9,-3,9,-3,9,-2,9,-2,0,0,9,-2,9,-2,9,-2,9,-2,9,-1,9,-1,8,-1,8,-1,8,-1,7,-1,7,0,7,0,7,0,7,0,6,0,6,0,6,0,6,0,5,0,5,0,5,0,5,1,5,1,4,2,4,1,4,1,0,0,0,0,0,0,0,0,0,0,0,0,0,0,33,-12,41,-19,33,-14,33,-15,24,-18,27,-24,25,-21,25,-28,20,-23,18,-24,16,-22,15,-31,20,-32,14,-36,13,-35,16,-37,9,-39,16,-43,11,-51,11,-42,10,-45,11,-51,8,-50,7,-53,7,-54,13,-54,15,-51,14,-52,11,-53,14,-51,21,-45,19,-49,19,-54,19,-45,22,-49,16,-46,12,-45,17,-48,17,-45,21,-47,21,-41,20,-36,18,-33,18,-33,16,-37,21,-30,23,-26,15,-31,20,-21,23,-28,20,-22,18,-23,16,-25,15,-23,24,-17,19,-20,21,-12,0,0,0,0,0,0,0,0,0,0,0,0,0,0,0,0,0,0,0,0,0,0,-11,86,-17,80,-26,81,-28,82,-31,78,-37,74,-36,70,-41,71,-49,69,-43,59,-49,60,-49,55,-45,56,-51,47,-48,47,-42,39,-50,37,-42,39,-45,44,-33,39,-32,38,-29,39,-27,34,-21,34,-20,36,-24,37,-16,35,-16,42,-11,41,-12,49,-7,46,-12,49,-8,47,-6,48,-4,52,-3,48,-3,49,-7,51,-2,49,3,50,2,51,0,53,3,55,2,53,6,53,12,55,14,46,6,52,11,56,5,54,5,56,4,56,9,52,15,44,15,52,16,45,20,42,0,0]"
CSI_DATA,396,2a:00:00:00:00:00,-51,11,1,0,1,1,1,0,0,0,1,-97,0,11,2,5572685,0,44,0,384,0,"[0,0,0,0,0,0,0,0,0,0,0,0,-7,0,-7,1,-6,1,-6,1,-6,2,-6,2,-6,3,-6,3,-6,4,-5,4,-6,5,-6,5,-5,5,-5,5,-5,6,-6,6,-5,7,-6,7,-5,7,-6,7,-6,7,-6,7,-7,8,-6,7,-7,7,-7,7,0,0,-7,7,-7,6,-7,6,-7,6,-7,6,-7,5,-7,5,-7,5,-7,5,-7,5,-7,5,-6,4,-6,4,-6,3,-6,4,-6,4,-6,3,-6,3,-6,3,-6,3,-6,2,-5,2,-6,1,-5,1,-5,1,-5,1,0,0,0,0,0,0,0,0,0,0,0,0,0,0,-13,38,-9,44,-5,34,-13,36,-7,40,1,38,0,42,-2,37,10,36,12,34,9,29,14,32,13,26,11,33,17,30,21,27,19,38,23,38,23,30,22,34,30,35,27,33,32,32,36,39,28,46,30,49,25,42,30,43,29,46,31,48,28,42,21,44,16,51,20,50,17,43,15,46,17,47,21,46,16,47,14,35,13,41,9,33,15,38,10,40,11,37,7,36,3,27,8,40,5,29,4,28,5,31,4,27,0,31,1,30,1,26,-8,23,-4,21,0,0,0,0,0,0,0,0,0,0,0,0,0,0,0,0,0,0,0,0,0,0,-71,-44,-69,-51,-71,-56,-58,-58,-59,-61,-49,-59,-46,-66,-44,-72,-37,-75,-36,-71,-30,-68,-27,-70,-31,-68,-23,-69,-22,-57,-18,-62,-17,-59,-18,-56,-17,-47,-17,-57,-18,-44,-15,-48,-18,-42,-20,-37,-22,-33,-23,-32,-29,-37,-25,-33,-28,-26,-33,-31,-37,-30,-37,-33,-42,-32,-43,-29,-38,-31,-41,-27,-45,-26,-48,-31,-40,-27,-46,-36,-47,-29,-47,-30,-43,-26,-47,-34,-46,-17,-53,-33,-57,-26,-46,-19,-53,-16,-51,-25,-45,-18,-49,-19,-42,-24,-48,-23,-47,-18,-45,-16,-43,-15,0,0]"
CSI_DATA,397,2a:00:00:00:00:00,-51,11,1,0,1,1,1,0,0,0,1,-97,0,11,2,5582509,0,44,0,384,0,"[0,0,0,0,0,0,0,0,0,0,0,0,-1,-7,-1,-7,-2,-7,-2,-7,-2,-6,-2,-6,-3,-6,-4,-6,-4,-6,-5,-6,-5,-6,-5,-6,-6,-6,-6,-6,-6,-6,-6,-6,-7,-6,-7,-6,-8,-6,-8,-6,-8,-7,-8,-7,-7,-7,-8,-7,-8,-8,-7,-8,0,0,-7,-8,-7,-8,-7,-8,-6,-8,-6,-7,-6,-8,-6,-7,-6,-7,-5,-7,-5,-7,-4,-7,-5,-7,-5,-7,-4,-6,-4,-6,-3,-6,-4,-6,-3,-6,-3,-6,-3,-6,-2,-6,-3,-6,-2,-6,-2,-6,-1,-5,-1,-5,0,0,0,0,0,0,0,0,0,0,0,0,0,0,-40,-16,-37,-14,-34,-11,-33,-6,-34,-3,-38,-6,-36,-6,-33,2,-34,5,-32,5,-38,10,-33,10,-34,9,-32,7,-33,15,-37,20,-37,16,-36,22,-32,22,-39,26,-45,30,-39,23,-44,32,-38,28,-47,29,-43,34,-40,29,-43,27,-39,22,-47,26,-45,24,-49,27,-43,14,-49,18,-39,24,-44,19,-44,18,-44,13,-46,20,-43,13,-39,18,-44,19,-40,4,-37,12,-37,7,-27,11,-35,14,-29,8,-36,6,-32,10,-32,6,-34,6,-23,9,-28,-2,-32,0,-26,-6,-30,-3,0,0,0,0,0,0,0,0,0,0,0,0,0,0,0,0,0,0,0,0,0,0,60,-57,66,-53,70,-46,71,-46,70,-37,77,-36,75,-29,76,-23,76,-19,68,-12,78,-14,73,-5,71,-12,69,-9,67,-3,56,-4,60,-5,51,-6,55,-9,50,-8,46,-7,42,-9,46,-13,47,-14,43,-16,36,-22,38,-16,36,-29,39,-22,41,-27,43,-27,38,-32,33,-36,34,-33,35,-36,36,-36,33,-37,42,-40,33,-39,35,-35,34,-40,34,-41,37,-46,33,-45,34,-42,22,-39,24,-44,31,-51,32,-45,22,-46,24,-44,24,-47,28,-45,24,-39,27,-41,23,-45,25,-44,0,0]"
CSI_DATA,398,2a:00:00:00:00:00,-51,11,1,0,1,1,1,0,0,0,1,-97,0,11,2,5592676,0,44,0,384,0,"[0,0,0,0,0,0,0,0,0,0,0,0,6,3,5,2,6,2,5,2,5,1,5,0,6,0,6,0,6,-1,6,-1,7,-2,7,-2,7,-2,7,-2,7,-2,8,-3,7,-4,8,-4,8,-4,8,-4,9,-3,9,-4,9,-4,9,-3,9,-3,9,-3,0,0,9,-3,9,-2,9,-2,9,-2,9,-2,9,-2,8,-1,8,-1,8,-2,8,-1,7,-1,7,-1,7,0,7,0,7,-1,6,-1,6,0,6,-1,6,0,6,0,5,0,5,1,5,1,5,1,4,1,4,1,0,0,0,0,0,0,0,0,0,0,0,0,0,0,30,-26,29,-25,26,-29,27,-26,26,-27,17,-25,18,-31,18,-29,11,-30,10,-31,11,-31,8,-35,-3,-34,-7,-36,3,-36,1,-39,-4,-43,-2,-42,-4,-40,-5,-45,-5,-40,-7,-47,-4,-51,-2,-45,-7,-48,-4,-51,1,-52,-6,-52,-5,-53,-3,-54,-3,-48,-2,-47,0,-48,0,-49,2,-48,-4,-48,4,-44,2,-49,7,-44,5,-46,8,-44,6,-42,6,-38,-1,-37,8,-36,7,-37,7,-30,11,-35,10,-30,10,-28,11,-31,9,-32,10,-28,8,-31,11,-21,18,-22,14,-18,0,0,0,0,0,0,0,0,0,0,0,0,0,0,0,0,0,0,0,0,0,0,28,78,21,78,14,85,6,80,5,81,-3,76,-6,78,-12,78,-17,76,-14,72,-24,76,-24,67,-19,64,-18,65,-22,63,-25,55,-19,51,-22,52,-15,45,-12,46,-19,38,-9,45,-13,44,-5,43,-5,41,-1,42,1,45,6,40,9,40,8,43,7,44,10,49,15,41,17,46,11,48,15,45,15,45,16,43,16,50,25,50,23,47,22,51,23,47,23,49,21,45,28,38,25,44,28,45,26,43,27,45,27,45,27,42,27,44,29,39,30,36,29,40,32,40,0,0]"
CSI_DATA,399,2a:00:00:00:00:00,-51,11,1,0,1,1,1,0,0,0,1,-97,0,11,2,5602511,0,44,0,384,0,"[0,0,0,0,0,0,0,0,0,0,0,0,-4,6,-3,5,-3,6,-2,6,-2,6,-2,6,-1,6,-1,6,0,6,1,6,0,6,1,6,1,7,2,7,2,7,2,7,2,7,3,8,3,8,3,8,3,9,3,9,2,9,3,9,2,9,2,9,0,0,2,9,2,9,2,9,1,9,1,9,1,9,1,8,1,8,0,8,0,8,0,8,0,7,0,7,0,7,0,7,0,6,0,6,-1,6,-1,6,-1,5,-1,6,-1,5,-1,5,-2,5,-2,4,-3,4,0,0,0,0,0,0,0,0,0,0,0,0,0,0,28,32,26,34,20,31,20,25,28,22,27,20,26,20,27,17,32,16,28,15,33,9,34,9,33,10,35,2,35,7,37,3,35,3,45,-1,45,-1,42,-7,47,-5,47,-3,42,-3,49,-3,46,-1,49,-2,53,-1,50,2,50,4,53,0,49,1,52,4,52,10,42,0,52,5,41,7,44,10,44,12,45,11,39,6,46,13,40,9,34,12,32,10,35,9,39,10,36,9,29,8,29,8,29,7,31,7,31,12,25,9,22,14,20,16,21,15,16,15,0,0,0,0,0,0,0,0,0,0,0,0,0,0,0,0,0,0,0,0,0,0,-81,19,-78,12,-84,9,-82,-5,-81,-2,-77,-12,-76,-9,-72,-15,-75,-19,-74,-26,-69,-25,-67,-31,-69,-27,-66,-27,-56,-25,-52,-31,-53,-25,-50,-27,-50,-18,-42,-19,-44,-20,-42,-18,-47,-13,-36,-12,-37,-11,-42,1,-43,-1,-40,3,-44,2,-47,2,-49,3,-42,9,-46,9,-46,9,-46,8,-47,16,-50,19,-50,15,-51,14,-53,18,-49,15,-47,20,-51,19,-48,22,-49,21,-60,23,-52,22,-48,24,-47,19,-49,22,-45,25,-45,22,-45,25,-48,26,-45,19,-42,25,-42,24,0,0]"
CSI_DATA,400,2a:00:00:00:00:00,-51,11,1,0,1,1,1,0,0,0,1,-97,0,11,2,5622662,0,44,0,384,0,"[0,0,0,0,0,0,0,0,0,0,0,0,-7,1,-7,2,-6,2,-6,2,-6,3,-6,3,-5,3,-5,4,-5,4,-4,5,-5,5,-5,6,-4,6,-4,6,-4,6,-5,7,-4,7,-5,7,-4,8,-5,8,-5,8,-5,8,-5,8,-5,8,-5,8,-6,8,0,0,-6,8,-6,7,-6,7,-6,7,-6,6,-6,6,-6,6,-6,6,-6,6,-6,6,-6,5,-6,5,-5,4,-5,4,-6,4,-6,4,-5,4,-6,4,-6,4,-6,3,-6,3,-5,2,-5,2,-5,2,-5,2,-5,1,0,0,0,0,0,0,0,0,0,0,0,0,0,0,-20,48,-14,43,-8,35,-6,38,-5,39,-1,32,-1,37,0,37,5,27,7,32,7,32,9,32,16,29,9,33,20,32,16,38,19,35,23,32,23,40,24,39,35,37,32,35,33,39,30,45,26,41,29,43,26,42,24,43,24,46,27,43,27,45,22,51,20,49,20,45,25,46,18,48,22,46,13,40,12,44,11,42,14,42,11,41,14,39,15,39,13,37,11,36,8,34,8,36,1,32,8,31,3,31,-1,28,-1,27,-7,33,0,29,-2,25,-7,24,0,0,0,0,0,0,0,0,0,0,0,0,0,0,0,0,0,0,0,0,0,0,-72,-46,-72,-53,-61,-54,-63,-66,-53,-64,-53,-64,-45,-67,-41,-74,-41,-75,-36,-64,-30,-70,-25,-68,-21,-67,-21,-66,-18,-61,-15,-56,-15,-59,-15,-51,-13,-53,-15,-53,-14,-50,-18,-46,-26,-41,-21,-33,-26,-35,-28,-39,-29,-34,-36,-33,-40,-27,-39,-30,-17,-32,-45,-34,-36,-32,-47,-28,-41,-33,-44,-33,-40,-29,-46,-28,-45,-28,-55,-26,-42,-29,-49,-26,-51,-27,-50,-25,-51,-29,-54,-33,-52,-27,-53,-25,-54,-25,-51,-20,-57,-23,-50,-23,-50,-16,-41,-20,-46,-19,-55,-20,-49,-18,0,0]"
CSI_DATA,401,2a:00:00:00:00:00,-51,11,1,0,1,1,1,0,0,0,1,-97,0,11,2,5632601,0,44,0,384,0,"[0,0,0,0,0,0,0,0,0,0,0,0,-6,4,-5,4,-5,4,-4,4,-4,5,-4,5,-4,5,-3,5,-3,6,-2,6,-2,6,-2,7,-1,7,-1,7,-1,7,-1,8,-1,8,-1,8,0,8,-1,9,-1,9,-1,9,-2,10,-1,9,-1,10,-2,10,0,0,-2,9,-2,9,-2,9,-3,9,-2,8,-3,8,-3,8,-3,7,-3,8,-3,8,-3,7,-3,7,-3,6,-3,6,-4,6,-3,6,-3,6,-3,5,-4,5,-4,5,-4,5,-3,4,-4,4,-4,4,-4,3,-4,3,0,0,0,0,0,0,0,0,0,0,0,0,0,0,1,40,3,40,5,41,9,37,10,34,8,33,14,28,14,29,15,26,14,26,18,27,25,27,26,22,24,25,28,20,31,18,31,22,28,22,32,26,33,16,36,21,40,16,41,16,41,25,43,26,44,24,46,27,49,24,38,30,44,29,42,31,38,36,37,33,38,34,37,28,36,34,34,34,35,33,32,31,30,34,31,25,30,29,28,29,24,28,28,34,22,29,21,26,25,26,23,26,20,24,19,26,13,25,13,27,12,24,10,26,11,26,5,20,0,0,0,0,0,0,0,0,0,0,0,0,0,0,0,0,0,0,0,0,0,0,-82,-10,-83,-16,-78,-26,-81,-31,-74,-36,-71,-44,-66,-40,-65,-46,-62,-47,-56,-44,-54,-47,-52,-48,-51,-47,-54,-51,-44,-49,-39,-45,-37,-42,-38,-38,-34,-44,-32,-39,-32,-33,-39,-29,-33,-29,-33,-19,-40,-22,-39,-18,-40,-17,-43,-16,-45,-17,-46,-13,-44,-13,-43,-10,-49,-16,-50,-10,-48,-9,-49,-8,-49,-10,-50,-7,-53,-2,-53,-3,-60,-12,-51,-2,-57,-1,-57,-1,-58,-7,-57,6,-56,0,-48,-3,-56,1,-58,-1,-57,1,-52,3,-47,0,-48,0,-46,3,-52,-1,-48,-1,0,0]"
CSI_DATA,402,2a:00:00:00:00:00,-51,11,1,0,1,1,1,0,0,0,1,-97,0,11,2,5642525,0,44,0,384,0,"[0,0,0,0,0,0,0,0,0,0,0,0,-7,4,-6,4,-5,4,-5,5,-4,5,-4,5,-4,5,-3,5,-3,6,-3,6,-3,6,-3,7,-2,7,-2,8,-2,8,-1,8,-1,9,-1,9,-1,9,-1,9,-1,10,-1,10,-2,10,-2,10,-2,10,-3,10,0,0,-3,10,-3,10,-3,10,-3,9,-3,9,-3,9,-3,9,-3,8,-4,8,-4,8,-4,8,-4,7,-4,7,-3,7,-4,6,-4,6,-3,6,-4,6,-4,6,-4,5,-4,5,-4,5,-4,4,-4,4,-5,3,-5,3,0,0,0,0,0,0,0,0,0,0,0,0,0,0,2,20,3,22,5,19,4,18,10,16,8,17,7,15,6,14,6,13,9,12,14,13,13,11,16,10,15,10,16,8,19,10,19,10,17,9,17,6,18,5,20,7,21,8,20,8,22,8,22,10,23,12,23,12,22,10,20,11,21,11,20,14,21,14,22,12,19,11,21,12,19,13,18,15,16,15,19,14,15,11,17,13,15,11,14,14,14,11,11,11,13,11,12,14,12,11,11,9,12,12,11,10,10,10,9,12,8,11,3,13,6,12,5,12,0,0,0,0,0,0,0,0,0,0,0,0,0,0,0,0,0,0,0,0,0,0,-39,-3,-41,-6,-40,-8,-40,-11,-39,-15,-36,-17,-34,-18,-35,-18,-33,-21,-30,-20,-31,-23,-28,-22,-27,-22,-28,-24,-25,-23,-21,-19,-23,-21,-19,-19,-20,-20,-22,-13,-18,-13,-18,-16,-18,-14,-17,-10,-17,-9,-21,-11,-18,-8,-22,-5,-21,-5,-21,-4,-23,-5,-25,-4,-23,-4,-26,-1,-26,-4,-28,-1,-25,1,-25,-1,-28,-2,-27,1,-28,-1,-27,1,-26,1,-30,1,-27,1,-26,2,-25,1,-27,2,-28,4,-29,2,-27,3,-28,3,-27,5,-24,2,-26,3,-27,5,-27,6,0,0]"
CSI_DATA,403,2a:00:00:00:00:00,-51,11,1,0,1,1,1,0,0,0,1,-97,0,11,2,5666938,0,44,0,384,0,"[0,0,0,0,0,0,0,0,0,0,0,0,6,-4,6,-4,5,-4,5,-5,4,-5,4,-5,4,-6,3,-6,3,-6,2,-7,2,-7,2,-7,2,-8,2,-8,1,-8,2,-9,1,-9,1,-9,1,-10,1,-10,1,-10,2,-10,2,-10,2,-10,2,-10,3,-11,0,0,3,-10,3,-10,3,-10,3,-10,3,-9,3,-9,3,-9,3,-9,3,-9,3,-8,4,-8,3,-7,3,-7,3,-7,3,-7,3,-7,3,-6,3,-6,3,-6,4,-6,4,-6,3,-5,3,-5,3,-4,4,-4,4,-4,0,0,0,0,0,0,0,0,0,0,0,0,0,0,6,-41,4,-48,4,-45,5,-41,-9,-39,-4,-31,-9,-35,-9,-40,-10,-32,-11,-28,-21,-25,-19,-28,-20,-30,-28,-31,-27,-24,-28,-24,-36,-27,-36,-27,-35,-22,-40,-26,-45,-22,-45,-25,-41,-27,-41,-23,-45,-33,-42,-34,-46,-29,-43,-27,-46,-28,-43,-33,-41,-31,-45,-29,-44,-35,-42,-36,-41,-32,-43,-31,-36,-34,-36,-35,-33,-38,-35,-34,-35,-24,-34,-30,-34,-30,-33,-28,-32,-31,-29,-29,-24,-25,-25,-33,-20,-23,-18,-25,-26,-26,-15,-27,-17,-28,-19,-28,-14,-29,-14,-21,-10,-27,0,0,0,0,0,0,0,0,0,0,0,0,0,0,0,0,0,0,0,0,0,0,68,53,63,57,57,59,53,68,48,71,41,67,39,70,36,69,34,70,25,70,28,69,25,68,23,66,21,68,19,57,12,56,16,54,16,51,17,49,18,46,14,45,15,43,22,37,20,36,24,34,27,30,26,30,29,29,35,27,35,28,42,29,40,25,40,25,47,28,38,26,45,25,45,24,49,22,55,24,52,23,48,20,52,19,51,15,53,16,48,15,49,8,57,13,56,12,50,13,58,18,52,11,57,8,48,11,50,7,57,6,51,14,55,10,0,0]"
CSI_DATA,404,2a:00:00:00:00:00,-51,11,1,0,1,1,1,0,0,0,1,-97,0,11,2,5672653,0,44,0,384,0,"[0,0,0,0,0,0,0,0,0,0,0,0,-5,5,-5,5,-4,5,-4,5,-3,5,-3,5,-3,5,-2,5,-2,6,-1,6,-1,6,-1,7,0,7,0,7,0,7,1,8,1,8,1,8,1,8,1,9,1,9,1,9,0,9,1,9,1,10,0,10,0,0,0,10,0,9,0,9,-1,9,-1,9,-1,9,-1,9,-1,8,-2,8,-1,8,-2,8,-1,7,-1,7,-1,7,-2,7,-2,7,-1,6,-2,6,-2,6,-3,6,-3,5,-2,5,-3,5,-2,4,-3,4,-4,4,0,0,0,0,0,0,0,0,0,0,0,0,0,0,12,43,18,35,13,35,18,33,19,33,14,31,20,31,20,30,24,28,27,24,27,16,27,21,32,16,28,17,33,17,37,14,37,19,38,15,37,14,41,12,46,12,45,12,41,9,43,11,47,14,51,19,45,12,56,15,46,17,50,18,47,22,49,22,45,21,45,22,45,21,41,27,41,21,39,17,32,25,36,26,34,22,33,27,32,32,34,26,32,23,26,19,24,21,28,20,24,20,26,21,20,23,19,17,22,21,16,24,19,21,12,22,19,22,0,0,0,0,0,0,0,0,0,0,0,0,0,0,0,0,0,0,0,0,0,0,-84,11,-85,4,-83,-3,-82,-20,-80,-11,-79,-27,-73,-28,-73,-24,-64,-28,-66,-35,-60,-38,-60,-37,-62,-40,-56,-39,-53,-34,-47,-34,-47,-34,-48,-29,-43,-38,-38,-29,-38,-26,-37,-26,-44,-16,-38,-25,-39,-8,-42,-15,-43,-5,-40,-12,-49,-9,-42,-1,-53,-5,-49,-6,-45,2,-58,2,-50,4,-46,2,-47,3,-50,9,-55,4,-51,8,-54,5,-54,10,-53,9,-54,11,-56,16,-56,3,-54,13,-50,20,-54,14,-56,13,-56,14,-52,8,-53,12,-47,18,-55,18,-50,10,-51,17,0,0]"
CSI_DATA,405,2a:00:00:00:00:00,-50,11,1,0,1,1,1,0,0,0,1,-97,0,11,2,5682664,0,44,0,384,0,"[0,0,0,0,0,0,0,0,0,0,0,0,6,3,6,3,5,3,5,3,5,2,6,1,6,1,6,0,6,0,6,0,6,-1,7,-2,7,-2,7,-2,7,-2,8,-3,8,-3,8,-3,8,-3,9,-3,9,-3,9,-3,9,-3,9,-3,10,-3,10,-3,0,0,10,-2,10,-2,10,-2,9,-2,9,-1,9,-1,9,-1,9,-1,8,-1,8,-1,8,-1,8,-1,8,-1,7,0,7,0,7,0,7,0,6,0,6,0,6,1,6,1,6,2,5,1,5,1,5,1,4,1,0,0,0,0,0,0,0,0,0,0,0,0,0,0,41,-11,38,-12,40,-11,40,-8,36,-14,29,-9,28,-19,25,-23,26,-18,29,-24,23,-24,19,-29,14,-27,16,-34,17,-33,22,-35,15,-41,11,-40,12,-42,10,-40,16,-44,12,-48,8,-48,15,-50,14,-47,17,-53,15,-49,11,-51,19,-51,21,-49,22,-51,22,-54,12,-53,19,-44,22,-46,24,-42,18,-41,20,-39,20,-38,21,-40,24,-37,20,-29,23,-38,21,-36,23,-33,22,-28,21,-29,17,-33,20,-27,20,-26,23,-23,22,-19,20,-24,21,-23,22,-20,22,-16,27,-11,0,0,0,0,0,0,0,0,0,0,0,0,0,0,0,0,0,0,0,0,0,0,-18,82,-28,81,-29,78,-35,73,-38,73,-41,73,-45,66,-44,60,-50,58,-47,53,-54,51,-53,43,-51,44,-53,43,-51,41,-50,35,-49,33,-42,30,-36,32,-37,35,-32,33,-31,35,-26,32,-26,36,-20,30,-21,35,-15,35,-15,43,-10,39,-8,42,-9,45,-10,44,-5,54,-8,49,-7,51,-3,52,-5,51,-2,47,-6,51,4,56,-3,54,0,53,5,58,6,50,7,64,-3,53,-2,58,1,59,9,58,9,49,7,49,4,53,12,53,8,49,7,49,9,57,17,55,0,0]"
CSI_DATA,406,2a:00:00:00:00:00,-50,11,1,0,1,1,1,0,0,0,1,-97,0,11,2,5712518,0,44,0,384,0,"[0,0,0,0,0,0,0,0,0,0,0,0,4,-6,4,-6,3,-6,3,-6,2,-7,2,-6,1,-6,1,-7,1,-7,0,-7,0,-7,-1,-8,-1,-8,-2,-8,-2,-8,-2,-9,-2,-9,-2,-9,-3,-9,-3,-10,-3,-10,-3,-10,-2,-10,-3,-10,-3,-11,-2,-11,0,0,-2,-11,-2,-11,-2,-10,-1,-10,-1,-10,-1,-10,-1,-10,-1,-9,0,-10,0,-9,0,-9,-1,-8,0,-8,0,-8,0,-8,0,-8,0,-8,1,-7,1,-7,1,-7,1,-7,1,-7,1,-6,1,-6,2,-5,2,-5,0,0,0,0,0,0,0,0,0,0,0,0,0,0,-17,-46,-22,-42,-15,-40,-19,-32,-19,-34,-21,-33,-22,-26,-25,-31,-19,-24,-22,-23,-25,-23,-31,-17,-34,-19,-31,-17,-30,-8,-38,-6,-37,-11,-37,-14,-35,-10,-45,-5,-50,-8,-43,-8,-47,-8,-48,-9,-52,-15,-51,-12,-52,-8,-50,-11,-51,-12,-51,-10,-54,-16,-51,-9,-49,-10,-54,-15,-46,-13,-48,-23,-45,-16,-42,-20,-46,-16,-44,-16,-42,-17,-42,-15,-40,-19,-39,-18,-31,-17,-33,-14,-32,-19,-33,-18,-35,-17,-33,-15,-29,-19,-31,-16,-29,-21,-20,-26,-21,-23,-21,-20,-17,-22,0,0,0,0,0,0,0,0,0,0,0,0,0,0,0,0,0,0,0,0,0,0,79,9,80,22,73,26,78,29,79,31,72,33,66,43,60,47,65,47,54,45,54,49,54,42,48,41,47,42,43,43,38,40,44,40,38,36,37,40,28,33,30,32,35,28,34,20,37,15,36,21,36,13,40,11,43,12,42,9,40,10,43,4,44,3,45,4,47,3,45,4,49,-2,52,-1,53,-7,49,-1,55,-3,45,-3,57,-7,54,-4,47,-10,54,-17,60,-9,59,-7,54,-14,55,-14,49,-17,54,-14,53,-18,48,-13,56,-14,49,-18,43,-14,53,-21,0,0]"
CSI_DATA,407,2a:00:00:00:00:00,-50,11,1,0,1,1,1,0,0,0,1,-97,0,11,2,5722991,0,44,0,384,0,"[0,0,0,0,0,0,0,0,0,0,0,0,-3,7,-3,6,-2,6,-2,6,-1,6,-1,6,-1,6,0,6,1,6,1,6,1,6,2,6,2,6,3,6,3,7,3,7,4,7,4,7,5,7,5,7,4,8,5,8,4,9,5,8,4,9,4,9,0,0,4,9,4,9,4,8,4,9,3,8,3,8,3,8,3,8,2,8,2,8,2,8,2,7,2,7,2,7,1,7,1,7,2,7,1,6,0,6,0,6,0,6,0,6,0,6,0,5,-1,5,-2,5,0,0,0,0,0,0,0,0,0,0,0,0,0,0,38,25,32,28,44,25,39,22,32,28,32,14,36,15,38,9,40,11,29,3,31,-1,34,4,37,-2,33,-6,31,-12,39,-9,41,-7,35,-10,34,-9,41,-14,42,-14,40,-17,47,-18,41,-17,45,-18,48,-12,53,-18,53,-16,48,-13,53,-14,53,-16,52,-10,52,-15,49,-13,54,-18,51,-11,44,-9,50,-6,47,-1,48,-4,41,-3,48,-7,43,-1,40,-1,37,3,39,-1,39,0,38,4,38,1,36,2,32,3,32,3,31,9,28,10,26,11,26,16,25,15,0,0,0,0,0,0,0,0,0,0,0,0,0,0,0,0,0,0,0,0,0,0,-70,49,-67,41,-76,36,-76,31,-73,23,-76,19,-75,18,-79,11,-74,8,-72,5,-74,5,-68,-3,-65,5,-65,-10,-64,-7,-63,-4,-58,-6,-52,-10,-51,-7,-41,-3,-44,-3,-42,2,-46,5,-36,8,-40,3,-40,14,-39,15,-41,15,-37,16,-36,22,-36,19,-40,23,-40,22,-37,20,-39,29,-38,31,-38,33,-44,33,-35,31,-42,35,-32,35,-40,34,-36,38,-41,45,-30,41,-43,43,-39,43,-35,41,-42,42,-35,42,-33,37,-34,44,-36,38,-38,41,-35,37,-37,45,-36,48,0,0]"
CSI_DATA,408,2a:00:00:00:00:00,-50,11,1,0,1,1,1,0,0,0,1,-97,0,11,2,5743292,0,44,0,384,0,"[0,0,0,0,0,0,0,0,0,0,0,0,7,2,7,1,6,1,6,1,6,0,6,0,6,-1,6,-1,6,-2,6,-2,6,-3,6,-3,6,-3,6,-4,6,-4,7,-5,7,-5,7,-5,7,-5,7,-5,8,-5,8,-6,8,-6,8,-6,9,-5,9,-6,0,0,9,-5,9,-5,9,-5,9,-5,9,-4,9,-4,9,-4,8,-3,8,-3,8,-3,8,-3,8,-3,7,-2,7,-2,7,-3,7,-2,7,-2,6,-2,6,-2,6,-1,6,-1,6,0,6,0,5,0,5,0,5,0,0,0,0,0,0,0,0,0,0,0,0,0,0,0,37,-31,31,-30,32,-34,24,-25,29,-28,26,-28,25,-28,15,-29,16,-28,16,-32,10,-30,7,-34,8,-32,1,-42,0,-38,-2,-38,1,-37,-1,-40,-5,-43,-5,-44,-7,-48,-10,-44,-9,-52,-11,-45,-9,-48,-10,-54,-8,-50,-13,-59,-4,-52,-5,-52,-7,-57,-9,-50,-8,-52,-5,-52,-2,-47,-2,-48,-2,-46,0,-52,1,-51,4,-46,3,-39,3,-44,-1,-43,-2,-43,0,-43,5,-39,7,-36,1,-39,7,-36,6,-35,8,-33,9,-26,6,-34,14,-32,7,-29,11,-21,15,-20,0,0,0,0,0,0,0,0,0,0,0,0,0,0,0,0,0,0,0,0,0,0,7,79,0,80,-4,83,-15,83,-17,78,-22,73,-24,74,-28,71,-34,68,-33,61,-29,60,-32,57,-24,61,-34,58,-30,54,-29,48,-31,46,-29,49,-24,39,-22,41,-18,40,-17,41,-8,36,-10,40,-5,37,-3,36,-1,40,-1,38,2,37,5,44,5,39,7,48,9,44,12,50,15,51,13,47,18,41,22,49,19,48,22,49,24,47,19,50,23,48,32,43,22,50,30,38,26,43,28,52,32,52,29,44,32,47,30,44,31,51,29,45,30,49,32,45,30,40,0,0]"
CSI_DATA,409,2a:00:00:00:00:00,-50,11,1,0,1,1,1,0,0,0,1,-97,0,11,2,5762488,0,44,0,384,0,"[0,0,0,0,0,0,0,0,0,0,0,0,0,-8,0,-7,-1,-7,-1,-7,-2,-7,-2,-7,-2,-7,-2,-6,-3,-6,-4,-6,-4,-6,-5,-6,-5,-6,-6,-6,-6,-6,-6,-6,-6,-6,-6,-6,-7,-6,-7,-7,-7,-7,-7,-7,-7,-8,-8,-7,-8,-8,-7,-8,0,0,-7,-8,-7,-8,-7,-8,-6,-8,-6,-8,-6,-8,-6,-8,-5,-8,-5,-8,-5,-8,-5,-8,-5,-8,-5,-7,-4,-7,-4,-7,-3,-7,-4,-7,-3,-7,-3,-7,-2,-7,-2,-7,-2,-7,-2,-7,-2,-6,-1,-6,0,-5,0,0,0,0,0,0,0,0,0,0,0,0,0,0,-46,-21,-41,-15,-42,-13,-42,-14,-43,-11,-35,-15,-37,-12,-37,-1,-33,-3,-38,-3,-37,-3,-33,5,-36,5,-32,13,-37,9,-38,13,-40,15,-36,20,-34,15,-37,25,-38,24,-43,29,-38,28,-40,26,-47,25,-43,27,-45,24,-44,30,-44,31,-49,29,-51,30,-50,34,-48,23,-48,24,-45,23,-44,19,-50,17,-45,21,-49,15,-40,18,-41,17,-43,18,-44,13,-43,14,-36,9,-36,12,-38,10,-36,6,-34,6,-39,5,-38,9,-37,6,-28,1,-34,-2,-31,-1,-33,2,-32,-7,0,0,0,0,0,0,0,0,0,0,0,0,0,0,0,0,0,0,0,0,0,0,63,-46,73,-42,75,-37,76,-29,72,-27,75,-18,78,-12,76,-6,76,-3,71,-3,73,-2,66,-1,65,2,64,-1,60,6,57,4,54,2,49,-1,48,3,41,-3,38,1,39,-5,40,-6,36,-8,39,-13,41,-19,35,-19,34,-21,33,-30,35,-26,36,-28,38,-28,37,-30,37,-31,35,-30,34,-32,34,-39,34,-43,34,-42,31,-43,32,-44,33,-46,35,-42,28,-50,31,-47,38,-45,32,-45,33,-48,30,-55,28,-47,33,-47,26,-52,29,-49,25,-45,27,-53,31,-51,28,-48,0,0]"
CSI_DATA,410,2a:00:00:00:00:00,-51,11,1,0,1,1,1,0,0,0,1,-97,0,11,2,5772498,0,44,0,384,0,"[0,0,0,0,0,0,0,0,0,0,0,0,-4,6,-4,6,-2,6,-2,6,-2,6,-2,6,-1,6,0,6,0,5,1,6,0,6,1,6,2,6,2,6,2,6,2,6,3,7,2,7,3,7,3,7,4,8,4,8,3,9,4,8,3,9,3,8,0,0,2,9,2,8,3,9,2,8,2,9,2,8,1,8,2,8,0,8,1,7,1,8,1,7,1,7,1,7,-1,7,0,6,0,6,-1,6,-1,6,-1,6,-1,5,-1,6,-1,5,-2,4,-3,4,-3,4,0,0,0,0,0,0,0,0,0,0,0,0,0,0,-29,35,-26,47,-24,38,-24,29,-18,29,-19,38,-12,35,-14,32,-6,40,-6,35,-4,30,-1,33,8,35,3,34,1,31,13,38,11,39,11,38,17,43,13,38,19,40,8,42,23,47,17,49,18,48,22,52,15,48,18,51,15,52,15,49,13,47,14,50,16,50,15,57,9,49,10,50,9,46,7,51,11,48,10,49,4,48,3,44,4,47,1,44,5,48,2,37,-5,33,1,42,0,31,-4,35,0,33,-10,34,-8,32,-6,33,-8,35,-14,23,-12,22,0,0,0,0,0,0,0,0,0,0,0,0,0,0,0,0,0,0,0,0,0,0,-48,-69,-45,-73,-34,-75,-31,-81,-28,-74,-23,-76,-15,-78,-9,-72,-10,-76,0,-72,1,-67,4,-69,1,-69,0,-66,4,-60,4,-57,5,-53,5,-52,0,-51,-5,-48,-3,-47,-1,-49,-1,-42,-7,-41,-8,-41,-15,-35,-17,-34,-24,-42,-23,-34,-24,-36,-27,-38,-32,-38,-33,-36,-34,-40,-36,-36,-32,-36,-31,-37,-34,-38,-36,-40,-39,-35,-41,-38,-38,-29,-41,-36,-47,-40,-40,-34,-47,-46,-42,-38,-47,-34,-50,-38,-46,-39,-47,-33,-49,-40,-48,-38,-47,-33,-53,-32,-46,-34,-48,-30,0,0]"
CSI_DATA,411,2a:00:00:00:00:00,-50,11,1,0,1,1,1,0,0,0,1,-97,0,11,2,5782517,0,44,0,384,0,"[0,0,0,0,0,0,0,0,0,0,0,0,-1,7,0,6,0,7,1,6,1,6,1,5,2,5,2,5,3,5,3,5,3,5,4,5,5,5,5,5,5,5,6,5,6,4,6,5,7,5,7,5,7,6,7,6,7,6,7,6,7,6,7,6,0,0,7,6,7,7,6,6,6,7,6,6,6,7,6,6,6,6,5,6,5,7,4,6,5,6,4,6,4,6,3,6,3,6,4,6,3,5,2,5,2,5,2,5,2,5,2,6,1,5,0,5,0,4,0,0,0,0,0,0,0,0,0,0,0,0,0,0,40,28,34,21,37,21,38,16,38,15,32,8,35,4,33,8,29,1,31,2,35,-2,37,-5,38,-8,34,-6,36,-6,36,-14,36,-19,36,-14,43,-22,38,-15,40,-23,38,-24,41,-30,44,-22,47,-25,50,-22,47,-22,45,-29,44,-22,49,-23,42,-24,56,-22,45,-21,50,-18,44,-16,48,-13,43,-14,44,-13,43,-12,48,-11,45,-12,42,-11,40,-10,35,-7,47,-5,37,-5,39,-7,35,-5,43,-7,37,4,36,-5,31,1,30,4,29,6,28,6,25,12,29,10,0,0,0,0,0,0,0,0,0,0,0,0,0,0,0,0,0,0,0,0,0,0,-65,50,-72,46,-70,38,-73,33,-68,25,-70,24,-70,20,-71,12,-74,9,-65,7,-67,11,-66,5,-62,6,-64,7,-57,4,-57,-1,-53,-4,-49,3,-48,4,-46,-2,-41,7,-43,5,-38,11,-36,10,-35,14,-37,16,-30,20,-37,22,-31,21,-33,25,-35,27,-28,26,-40,29,-34,33,-32,32,-36,36,-34,32,-34,35,-36,40,-33,37,-35,41,-32,45,-35,42,-26,43,-31,45,-37,51,-34,47,-35,49,-28,46,-29,42,-31,47,-26,48,-32,52,-30,50,-27,48,-28,48,-28,45,0,0]"
