type,id,mac,rssi,rate,sig_mode,mcs,bandwidth,smoothing,not_sounding,aggregation,stbc,fec_coding,sgi,noise_floor,ampdu_cnt,channel,secondary_channel,local_timestamp,ant,sig_len,rx_state,len,first_word,data
CSI_DATA,13,1a:00:00:00:00:00,-51,11,1,0,1,1,1,0,0,0,1,-96,0,11,2,443221,0,44,0,384,0,"[0,0,0,0,0,0,0,0,0,0,0,0,2,7,2,6,2,6,2,6,2,6,2,5,2,4,1,4,1,4,1,4,1,4,1,3,1,3,0,3,0,2,1,3,0,3,0,2,0,2,0,2,0,2,0,2,0,2,0,2,0,2,0,2,0,0,0,2,0,2,-1,2,0,2,-1,2,0,2,0,1,0,1,0,1,0,1,0,1,0,1,0,1,0,1,0,1,1,1,0,1,1,1,1,1,1,1,0,1,1,1,1,1,0,1,0,1,0,1,0,0,0,0,0,0,0,0,0,0,0,0,0,0,7,25,8,21,9,20,8,19,8,18,9,18,8,14,7,15,7,13,5,13,5,11,8,12,6,12,5,10,6,10,5,9,5,9,4,7,2,9,3,6,4,7,3,7,2,6,2,7,-1,6,0,7,1,5,1,6,0,7,1,6,2,7,0,6,0,7,-1,6,-1,5,-2,6,0,5,0,4,-1,5,1,5,1,5,0,4,1,4,2,4,1,4,2,4,1,5,0,4,3,4,2,4,3,5,3,5,4,4,2,4,3,5,1,4,1,3,0,0,0,0,0,0,0,0,0,0,0,0,0,0,0,0,0,0,0,0,0,0,3,-14,4,-14,2,-16,3,-18,3,-19,5,-21,2,-20,3,-23,0,-26,2,-27,2,-29,-1,-31,-3,-35,-2,-33,0,-35,-3,-36,-6,-41,-3,-37,-4,-40,-7,-41,-6,-41,-9,-43,-8,-40,-10,-43,-11,-42,-15,-41,-12,-40,-16,-40,-17,-37,-20,-41,-17,-31,-22,-36,-23,-32,-25,-29,-27,-31,-27,-25,-27,-22,-30,-24,-28,-21,-30,-19,-31,-17,-31,-15,-33,-14,-30,-7,-30,-8,-32,-4,-32,-3,-29,0,-30,1,-30,1,-30,3,-29,6,-31,5,-28,6,-29,8,-29,10,-26,9,0,0]"
CSI_DATA,14,1a:00:00:00:00:00,-51,11,1,0,1,1,1,0,0,0,1,-96,0,11,2,452588,0,44,0,384,0,"[0,0,0,0,0,0,0,0,0,0,0,0,5,-7,5,-7,4,-7,4,-6,4,-6,3,-5,3,-5,3,-5,3,-4,3,-4,2,-4,2,-4,2,-4,2,-3,2,-3,2,-3,2,-3,1,-3,2,-2,2,-3,2,-2,2,-2,1,-2,2,-2,2,-2,2,-2,0,0,1,-2,2,-2,1,-2,2,-2,2,-2,1,-2,1,-2,1,-2,1,-2,1,-2,1,-2,1,-2,1,-2,1,-2,1,-2,1,-2,1,-2,0,-2,0,-3,0,-2,0,-2,0,-3,0,-2,0,-2,1,-2,1,-2,0,0,0,0,0,0,0,0,0,0,0,0,0,0,25,-10,24,-8,22,-13,20,-11,19,-12,18,-8,17,-10,15,-10,14,-9,12,-9,12,-8,12,-7,10,-8,10,-9,9,-8,10,-7,8,-6,6,-7,8,-5,7,-5,7,-6,7,-5,6,-5,7,-2,5,-3,6,-5,6,-4,6,-3,5,-4,6,-4,6,-2,5,-3,7,-2,6,-4,6,-3,4,-4,5,-3,4,-3,4,-4,3,-4,3,-3,4,-3,3,-3,3,-3,3,-5,3,-4,3,-5,2,-6,3,-5,3,-4,2,-5,3,-6,4,-4,3,-6,2,-5,1,-5,4,-5,0,0,0,0,0,0,0,0,0,0,0,0,0,0,0,0,0,0,0,0,0,0,-11,-10,-11,-11,-13,-10,-16,-11,-16,-12,-16,-14,-19,-12,-21,-14,-25,-14,-26,-14,-28,-14,-29,-11,-34,-12,-34,-13,-34,-15,-37,-11,-40,-10,-38,-13,-38,-9,-38,-10,-41,-10,-46,-8,-43,-5,-46,-2,-45,1,-45,4,-42,0,-44,4,-42,6,-44,11,-37,9,-40,12,-37,13,-35,18,-36,18,-32,20,-30,21,-28,24,-25,24,-24,29,-24,28,-19,31,-17,31,-13,30,-12,30,-12,29,-9,30,-4,32,-2,31,-3,30,1,31,5,32,4,31,6,28,7,33,10,30,9,29,0,0]"
CSI_DATA,15,1a:00:00:00:00:00,-51,11,1,0,1,1,1,0,0,0,1,-96,0,11,2,462648,0,44,0,384,0,"[0,0,0,0,0,0,0,0,0,0,0,0,3,6,3,5,4,5,3,5,3,4,2,4,2,4,2,3,2,3,2,3,2,3,2,3,2,2,1,2,1,2,1,2,1,2,1,2,1,2,1,2,0,2,0,2,0,2,1,2,0,2,0,2,0,0,0,2,0,2,0,1,0,2,0,1,0,1,0,1,0,1,0,1,0,1,0,1,0,1,0,1,0,1,0,1,0,1,1,1,0,1,1,1,0,1,0,1,1,1,1,1,0,1,0,1,0,1,0,0,0,0,0,0,0,0,0,0,0,0,0,0,24,42,25,41,30,38,23,35,24,35,23,34,19,26,21,31,21,24,21,29,21,25,17,20,16,19,13,21,14,19,12,14,13,22,12,17,9,14,9,12,7,15,6,8,5,12,8,14,5,13,4,11,7,10,6,14,0,13,5,15,1,11,7,15,5,14,2,13,4,13,2,11,2,8,5,10,2,9,6,8,4,10,4,9,3,7,3,7,3,7,4,7,8,5,6,5,8,8,6,8,8,7,9,11,6,7,8,9,7,11,4,10,7,9,0,0,0,0,0,0,0,0,0,0,0,0,0,0,0,0,0,0,0,0,0,0,1,-28,6,-29,2,-30,2,-40,6,-38,3,-41,1,-43,3,-47,-5,-54,-4,-52,-5,-59,-8,-58,-16,-65,-14,-68,-7,-70,-16,-74,-21,-80,-17,-73,-20,-74,-22,-78,-22,-75,-25,-80,-26,-77,-32,-82,-37,-77,-43,-76,-38,-72,-41,-74,-42,-69,-49,-74,-43,-58,-52,-66,-52,-58,-58,-54,-59,-54,-61,-44,-59,-39,-66,-35,-63,-35,-70,-26,-66,-26,-68,-19,-67,-14,-65,-7,-65,-7,-61,1,-62,3,-62,6,-59,11,-61,12,-57,22,-58,21,-63,21,-51,21,-54,25,-56,27,-51,27,0,0]"
CSI_DATA,16,1a:00:00:00:00:00,-51,11,1,0,1,1,1,0,0,0,1,-96,0,11,2,472427,0,44,0,384,0,"[0,0,0,0,0,0,0,0,0,0,0,0,-5,6,-5,6,-4,5,-5,5,-4,4,-4,4,-4,4,-4,4,-3,3,-3,3,-3,3,-3,3,-3,2,-3,2,-3,2,-3,2,-3,2,-3,1,-2,2,-2,1,-3,1,-3,1,-3,1,-2,1,-3,1,-3,1,0,0,-3,1,-3,1,-2,1,-2,1,-3,1,-2,1,-3,1,-2,1,-2,1,-2,1,-2,1,-2,1,-2,1,-2,1,-2,1,-2,1,-2,1,-1,1,-1,1,-1,1,-2,1,-2,1,-2,1,-2,1,-2,1,-2,1,0,0,0,0,0,0,0,0,0,0,0,0,0,0,-43,27,-45,23,-38,25,-35,24,-35,25,-31,24,-31,25,-33,22,-25,19,-24,19,-21,18,-21,17,-20,17,-19,13,-19,11,-15,15,-20,17,-18,12,-14,11,-15,9,-15,7,-16,9,-13,8,-13,7,-15,6,-12,5,-12,6,-14,4,-13,8,-14,4,-12,5,-15,4,-11,4,-14,4,-9,5,-14,6,-11,5,-10,5,-11,3,-8,1,-8,7,-9,2,-10,6,-8,3,-7,7,-9,3,-8,6,-6,9,-10,7,-8,7,-6,8,-8,11,-4,9,-9,6,-7,7,-8,5,-7,6,0,0,0,0,0,0,0,0,0,0,0,0,0,0,0,0,0,0,0,0,0,0,27,9,30,8,32,10,38,7,37,8,41,7,41,7,46,5,54,2,52,0,60,1,58,-5,67,-8,68,-6,70,-2,71,-6,79,-12,75,-8,74,-13,82,-14,81,-15,82,-17,76,-18,78,-27,81,-29,79,-35,75,-34,78,-35,69,-37,73,-47,60,-41,68,-50,61,-50,53,-54,60,-52,47,-58,42,-57,39,-64,29,-60,32,-64,28,-67,17,-68,19,-65,10,-63,8,-64,6,-64,1,-63,-6,-62,-6,-57,-14,-60,-16,-59,-24,-58,-19,-59,-20,-51,-27,-59,-29,-56,-27,-49,0,0]"
CSI_DATA,17,1a:00:00:00:00:00,-51,11,1,0,1,1,1,0,0,0,1,-96,0,11,2,482403,0,44,0,384,0,"[0,0,0,0,0,0,0,0,0,0,0,0,-2,7,-2,7,-2,6,-2,6,-2,5,-2,5,-1,5,-1,4,-1,4,-1,4,-1,4,-1,3,-1,3,-1,3,-1,3,-1,3,-1,3,-1,2,-1,2,-1,2,-2,2,-2,2,-1,2,-1,2,-2,2,-1,2,0,0,-1,2,-2,2,-2,1,-1,2,-2,1,-1,1,-1,1,-1,1,-1,1,-1,1,0,1,-1,1,-1,1,-1,1,-1,1,0,1,-1,1,0,1,0,1,0,1,0,1,0,2,0,2,-1,2,-1,2,-1,1,0,0,0,0,0,0,0,0,0,0,0,0,0,0,-22,45,-17,46,-12,42,-16,47,-9,45,-9,40,-9,37,-10,38,-8,34,-8,33,-5,25,-5,28,-5,24,-6,23,-5,24,-1,23,-8,23,-4,21,-6,18,-6,17,-2,19,-3,14,-7,12,-8,18,-7,14,-6,12,-8,16,-7,13,-5,13,-4,13,-7,12,-5,10,-6,11,-4,16,-6,12,-6,9,-3,14,-5,13,-5,8,-3,12,-3,10,-1,11,-1,11,0,10,0,8,0,10,2,10,-1,13,2,9,-1,8,2,9,0,12,2,10,0,10,0,11,0,11,0,10,0,0,0,0,0,0,0,0,0,0,0,0,0,0,0,0,0,0,0,0,0,0,27,-1,31,-2,32,-4,36,-6,37,-4,42,-7,40,-12,45,-13,51,-23,52,-20,55,-21,57,-25,58,-34,63,-33,63,-26,64,-38,68,-45,64,-42,64,-43,66,-48,71,-50,70,-57,63,-58,69,-62,64,-66,51,-69,56,-66,53,-68,46,-72,42,-80,34,-68,39,-77,33,-79,22,-73,22,-82,10,-77,10,-78,1,-79,-3,-71,-7,-76,-7,-73,-24,-70,-21,-67,-28,-63,-27,-58,-36,-59,-35,-59,-39,-50,-42,-43,-47,-45,-48,-39,-51,-34,-51,-40,-53,-29,-59,-32,-58,-29,-55,-27,0,0]"
CSI_DATA,18,1a:00:00:00:00:00,-51,11,1,0,1,1,1,0,0,0,1,-96,0,11,2,502437,0,44,0,384,0,"[0,0,0,0,0,0,0,0,0,0,0,0,-8,-3,-8,-2,-8,-2,-7,-2,-7,-2,-6,-2,-6,-1,-5,-2,-5,-1,-5,-2,-5,-2,-4,-2,-4,-2,-4,-2,-4,-1,-4,-1,-4,-1,-3,-2,-3,-2,-3,-2,-3,-2,-3,-2,-3,-2,-3,-2,-3,-2,-3,-2,0,0,-3,-2,-2,-2,-3,-2,-2,-2,-2,-2,-2,-2,-2,-2,-2,-2,-2,-2,-2,-1,-2,-2,-2,-1,-2,-1,-2,-1,-2,-1,-2,-1,-2,-1,-3,-1,-2,-1,-2,-1,-2,-1,-3,-1,-2,-1,-2,-1,-2,-1,-2,-1,0,0,0,0,0,0,0,0,0,0,0,0,0,0,-49,-22,-48,-17,-47,-12,-43,-14,-45,-9,-36,-9,-38,-10,-38,-9,-34,-8,-33,-8,-31,-6,-23,-9,-28,-2,-24,-4,-23,-4,-21,-3,-26,-7,-19,-5,-20,-4,-20,-6,-19,-7,-14,-7,-17,-7,-15,-6,-13,-3,-17,-7,-12,-8,-12,-6,-13,-8,-14,-7,-15,-7,-12,-8,-13,-6,-12,-6,-11,-6,-8,-7,-10,-4,-9,-7,-10,-4,-10,-4,-10,-6,-10,-3,-11,-2,-12,-4,-13,-3,-14,-4,-13,-1,-11,-2,-12,-3,-11,-2,-12,-2,-9,-2,-14,-2,-13,-3,-10,-2,-12,-2,-14,-5,0,0,0,0,0,0,0,0,0,0,0,0,0,0,0,0,0,0,0,0,0,0,10,27,9,30,11,29,16,36,19,33,15,36,15,36,22,41,26,44,26,45,31,48,38,46,47,52,43,48,43,55,45,54,58,56,49,53,55,54,54,55,57,57,67,55,61,46,72,47,74,48,76,42,72,41,73,40,75,37,78,33,65,23,78,24,73,17,74,12,81,12,75,1,71,-1,73,-8,64,-13,70,-15,68,-19,64,-26,63,-29,54,-34,54,-32,56,-31,49,-36,44,-40,41,-45,39,-46,33,-47,34,-51,32,-54,26,-48,27,-59,27,-55,24,-52,0,0]"
CSI_DATA,19,1a:00:00:00:00:00,-51,11,1,0,1,1,1,0,0,0,1,-96,0,11,2,512408,0,44,0,384,0,"[0,0,0,0,0,0,0,0,0,0,0,0,-7,3,-7,3,-7,3,-6,3,-7,2,-6,2,-5,2,-5,2,-5,2,-5,2,-4,2,-4,2,-4,1,-4,1,-4,1,-4,1,-3,1,-3,1,-3,1,-3,1,-3,0,-3,0,-3,0,-4,1,-3,0,-3,0,0,0,-3,0,-3,0,-3,0,-3,0,-3,0,-3,0,-3,0,-2,0,-2,0,-2,0,-2,0,-3,0,-2,0,-2,0,-2,0,-2,1,-2,1,-2,1,-2,1,-2,1,-2,1,-2,1,-2,1,-2,1,-2,1,-2,0,0,0,0,0,0,0,0,0,0,0,0,0,0,0,-25,7,-23,7,-22,9,-21,10,-20,9,-19,8,-18,7,-18,8,-14,8,-15,7,-13,8,-12,6,-13,6,-12,5,-11,4,-11,4,-10,4,-11,3,-9,3,-8,4,-9,3,-7,2,-7,2,-8,3,-7,2,-7,1,-9,3,-8,2,-8,1,-7,1,-6,2,-7,1,-6,1,-6,2,-7,1,-7,0,-7,1,-5,2,-5,1,-6,0,-5,1,-5,1,-5,2,-5,2,-4,3,-5,3,-4,2,-6,3,-2,3,-4,3,-5,4,-4,4,-4,5,-5,3,-6,3,-4,2,-3,1,0,0,0,0,0,0,0,0,0,0,0,0,0,0,0,0,0,0,0,0,0,0,11,8,11,9,13,9,15,10,16,9,16,11,19,9,21,10,24,10,23,10,26,10,30,9,33,6,33,11,33,9,34,7,39,6,37,6,37,5,39,4,39,5,43,3,42,3,42,0,45,-1,42,-5,41,-4,43,-7,39,-9,43,-12,35,-12,38,-15,35,-16,32,-17,32,-20,31,-23,28,-22,28,-26,23,-24,23,-29,22,-28,17,-29,16,-30,11,-31,10,-29,8,-32,6,-31,3,-29,2,-30,0,-31,-2,-30,-5,-32,-1,-31,-5,-28,-7,-32,-7,-29,-10,-27,0,0]"
CSI_DATA,20,1a:00:00:00:00:00,-51,11,1,0,1,1,1,0,0,0,1,-96,0,11,2,522407,0,44,0,384,0,"[0,0,0,0,0,0,0,0,0,0,0,0,-8,2,-8,2,-7,2,-7,1,-7,1,-6,1,-6,1,-5,1,-5,1,-5,1,-5,1,-5,1,-4,1,-4,1,-4,0,-4,0,-3,0,-3,0,-3,0,-3,0,-3,0,-4,0,-3,0,-3,0,-3,0,-3,-1,0,0,-3,-1,-3,0,-3,0,-3,0,-3,0,-3,0,-3,0,-3,0,-2,0,-2,0,-2,0,-2,0,-2,0,-2,0,-2,0,-2,0,-2,1,-2,0,-2,0,-2,1,-2,0,-2,0,-2,1,-2,0,-3,0,-2,0,0,0,0,0,0,0,0,0,0,0,0,0,0,0,-26,3,-25,5,-24,6,-22,4,-23,3,-21,5,-21,5,-19,6,-16,3,-15,4,-14,3,-14,2,-14,3,-13,3,-10,2,-10,1,-13,3,-10,1,-8,0,-10,1,-11,0,-9,-1,-8,0,-8,0,-7,-1,-8,-1,-8,0,-7,-1,-8,-2,-8,-1,-7,-1,-7,-3,-6,-1,-6,-2,-7,-3,-7,-2,-7,0,-5,0,-5,-3,-6,-1,-5,-2,-7,0,-7,-1,-6,1,-7,0,-5,0,-5,-1,-5,1,-5,-1,-5,-1,-7,1,-7,-1,-6,2,-6,1,-7,0,-6,-1,-6,0,0,0,0,0,0,0,0,0,0,0,0,0,0,0,0,0,0,0,0,0,0,0,13,2,14,4,15,3,17,3,18,1,20,4,20,3,22,3,27,2,27,2,30,2,29,-1,35,-2,35,0,35,1,37,-1,38,-3,39,-1,37,-2,38,-1,41,-3,42,-6,42,-7,42,-9,44,-10,42,-14,40,-11,40,-14,40,-14,39,-17,35,-16,35,-18,35,-19,32,-21,33,-22,29,-24,29,-24,27,-27,23,-27,22,-29,21,-28,18,-32,16,-30,13,-32,11,-29,6,-30,6,-32,5,-31,3,-30,3,-32,0,-32,-3,-31,-1,-32,-4,-29,-5,-32,-6,-31,-7,-31,0,0]"
CSI_DATA,21,1a:00:00:00:00:00,-51,11,1,0,1,1,1,0,0,0,1,-96,0,11,2,532404,0,44,0,384,0,"[0,0,0,0,0,0,0,0,0,0,0,0,-8,-2,-7,-2,-7,-1,-7,-2,-6,-2,-6,-1,-5,-1,-5,-1,-5,-1,-4,-1,-5,-1,-4,-1,-4,-1,-4,-1,-3,-1,-4,-1,-3,-1,-3,-1,-3,-1,-3,-1,-3,-1,-3,-1,-3,-1,-3,-2,-3,-1,-3,-2,0,0,-2,-1,-3,-2,-3,-1,-3,-2,-2,-1,-2,-1,-2,-1,-2,-1,-2,-1,-2,-1,-2,-1,-2,-1,-2,-1,-2,-1,-2,-1,-2,0,-2,0,-2,0,-2,0,-2,0,-2,0,-2,0,-3,0,-2,-1,-2,-1,-2,-1,0,0,0,0,0,0,0,0,0,0,0,0,0,0,-52,-12,-50,-12,-50,-5,-46,-10,-43,-6,-39,-7,-43,-6,-36,-7,-34,-2,-29,-6,-29,-3,-26,-2,-28,-1,-23,-2,-24,-4,-24,0,-19,-2,-21,-2,-17,-3,-17,-5,-17,-2,-17,-4,-14,-2,-13,-6,-10,-7,-13,-3,-12,-5,-14,-5,-14,-3,-15,-5,-11,-5,-16,-7,-13,-4,-13,-6,-14,-3,-14,-7,-9,-6,-8,-3,-12,-8,-12,-5,-10,-4,-11,-1,-11,-3,-14,-3,-10,-2,-11,-1,-12,-4,-12,2,-11,1,-9,-1,-15,2,-12,1,-14,0,-11,0,-14,1,-12,0,-11,-2,0,0,0,0,0,0,0,0,0,0,0,0,0,0,0,0,0,0,0,0,0,0,10,25,11,28,12,30,17,31,21,34,21,35,22,34,24,42,33,40,34,43,38,47,41,45,51,46,47,48,46,49,51,50,60,48,58,51,58,48,59,49,65,50,67,47,69,45,77,43,76,42,80,33,74,34,78,31,78,29,81,23,72,16,82,20,82,16,74,6,82,3,69,-6,72,-5,73,-15,67,-18,68,-23,64,-26,62,-33,57,-32,54,-42,51,-40,49,-37,44,-41,42,-52,36,-52,37,-54,31,-54,26,-58,28,-55,22,-52,24,-63,22,-58,17,-58,0,0]"
CSI_DATA,22,1a:00:00:00:00:00,-51,11,1,0,1,1,1,0,0,0,1,-96,0,11,2,542444,0,44,0,384,0,"[0,0,0,0,0,0,0,0,0,0,0,0,-2,-8,-2,-8,-3,-7,-2,-7,-2,-7,-2,-6,-2,-6,-2,-5,-2,-5,-1,-5,-1,-5,-1,-5,-1,-4,-1,-4,-1,-4,-1,-4,-1,-4,-1,-3,-1,-3,0,-4,0,-3,0,-3,0,-3,0,-3,0,-3,0,-3,0,0,0,-3,0,-3,0,-3,0,-3,0,-2,0,-3,0,-2,0,-2,0,-2,0,-2,-1,-2,0,-2,-1,-3,0,-2,-1,-2,-1,-2,-1,-2,-1,-2,-1,-2,-1,-2,-1,-3,-1,-3,-1,-3,-1,-3,-1,-3,0,-2,0,0,0,0,0,0,0,0,0,0,0,0,0,0,-8,-25,-9,-24,-10,-21,-9,-22,-9,-21,-6,-20,-7,-20,-7,-18,-7,-16,-6,-16,-7,-13,-6,-13,-7,-14,-5,-13,-5,-11,-5,-13,-7,-10,-4,-10,-2,-8,-3,-7,-4,-8,-5,-10,-3,-8,-2,-8,-1,-8,0,-8,-1,-8,-2,-7,0,-7,-1,-9,-1,-7,1,-8,-1,-8,-1,-7,0,-7,-1,-7,-2,-6,-3,-5,0,-5,-2,-6,-1,-5,-3,-4,-1,-7,-1,-6,-2,-4,-3,-5,-3,-4,-4,-5,-4,-5,-3,-4,-5,-5,-2,-5,-2,-5,-4,-6,-3,-6,-2,-5,-2,-7,0,0,0,0,0,0,0,0,0,0,0,0,0,0,0,0,0,0,0,0,0,0,-9,12,-8,11,-10,14,-8,17,-9,16,-10,17,-9,19,-8,22,-7,25,-9,27,-10,28,-8,29,-8,33,-9,35,-9,31,-7,37,-4,38,-7,38,-5,36,-3,38,-2,40,0,44,-1,43,-3,44,1,44,5,43,3,41,5,40,8,43,11,42,12,36,12,37,18,34,20,33,19,35,22,30,24,30,23,27,25,24,27,25,24,21,31,19,27,16,31,14,25,12,30,7,30,6,30,4,30,1,31,3,30,2,31,-3,31,-1,30,-5,32,-6,30,-7,30,-7,0,0]"
CSI_DATA,23,1a:00:00:00:00:00,-51,11,1,0,1,1,1,0,0,0,1,-96,0,11,2,552825,0,44,0,384,0,"[0,0,0,0,0,0,0,0,0,0,0,0,2,7,2,7,3,6,2,6,2,5,2,5,2,5,2,4,1,4,1,4,1,4,1,3,1,4,1,3,1,3,1,3,1,3,0,3,0,2,0,3,0,2,0,2,0,2,0,2,0,2,-1,2,0,0,-1,2,-1,2,-1,2,0,2,-1,2,-1,2,-1,2,0,2,0,2,0,2,0,2,0,1,0,2,0,1,0,1,0,2,0,1,0,1,0,1,0,1,0,1,0,1,0,1,0,2,0,1,0,1,0,0,0,0,0,0,0,0,0,0,0,0,0,0,3,24,3,22,6,22,5,22,4,21,3,19,6,16,4,17,4,15,3,16,4,13,2,13,3,12,2,10,3,11,3,10,2,10,2,9,1,9,1,9,0,9,2,6,1,6,0,6,-1,5,-2,7,-1,6,0,6,-1,8,-3,7,0,7,-2,6,-2,6,-2,6,0,5,-1,6,-1,6,-1,5,0,5,1,5,1,6,0,4,-1,6,-1,3,-1,4,0,5,0,6,1,5,2,4,2,3,2,6,2,5,1,4,1,4,1,6,0,6,0,5,0,0,0,0,0,0,0,0,0,0,0,0,0,0,0,0,0,0,0,0,0,0,7,-12,8,-14,8,-14,10,-16,9,-16,11,-18,10,-19,9,-20,9,-25,9,-25,9,-28,8,-29,8,-33,9,-34,11,-33,8,-35,7,-40,9,-36,8,-39,5,-39,7,-41,6,-44,3,-41,0,-44,-1,-45,-3,-43,-3,-43,-4,-42,-7,-41,-9,-43,-9,-35,-13,-40,-12,-39,-16,-37,-17,-36,-18,-33,-19,-30,-22,-32,-22,-27,-26,-26,-25,-24,-28,-21,-28,-20,-28,-16,-29,-16,-31,-13,-30,-10,-30,-11,-31,-7,-31,-6,-29,-3,-30,0,-31,-3,-28,-1,-34,3,-32,2,-28,2,0,0]"
CSI_DATA,24,1a:00:00:00:00:00,-51,11,1,0,1,1,1,0,0,0,1,-96,0,11,2,562400,0,44,0,384,0,"[0,0,0,0,0,0,0,0,0,0,0,0,-6,-6,-6,-5,-6,-5,-5,-5,-5,-4,-4,-4,-4,-4,-4,-3,-4,-3,-4,-3,-4,-3,-3,-3,-3,-3,-3,-3,-3,-3,-3,-3,-2,-3,-2,-2,-2,-2,-2,-2,-2,-3,-2,-3,-2,-3,-2,-2,-2,-3,-2,-3,0,0,-2,-3,-2,-3,-2,-3,-2,-3,-2,-2,-2,-2,-1,-2,-1,-2,-2,-2,-2,-2,-2,-2,-2,-2,-2,-2,-2,-2,-2,-2,-2,-2,-2,-2,-2,-2,-2,-2,-2,-2,-2,-2,-2,-2,-2,-2,-2,-2,-2,-2,-2,-2,0,0,0,0,0,0,0,0,0,0,0,0,0,0,-41,-30,-43,-30,-41,-25,-36,-24,-40,-23,-37,-17,-34,-21,-29,-19,-30,-16,-29,-21,-28,-14,-25,-15,-25,-13,-23,-10,-21,-12,-21,-12,-20,-11,-17,-11,-12,-10,-15,-10,-19,-11,-16,-11,-14,-9,-12,-9,-7,-10,-12,-9,-12,-11,-14,-13,-9,-13,-10,-11,-11,-12,-10,-11,-10,-8,-10,-8,-11,-10,-12,-7,-10,-8,-9,-8,-7,-7,-8,-9,-12,-6,-10,-8,-10,-5,-14,-6,-9,-6,-11,-8,-13,-6,-11,-4,-13,-4,-11,-6,-11,-4,-11,-6,-11,-3,-11,-5,-12,-3,-12,-4,-8,-6,0,0,0,0,0,0,0,0,0,0,0,0,0,0,0,0,0,0,0,0,0,0,3,29,4,28,4,31,8,36,4,40,10,40,12,42,12,45,17,52,20,52,25,58,22,56,32,62,30,59,26,63,31,66,45,64,39,71,42,63,42,68,44,73,53,68,53,68,61,69,62,67,64,58,63,60,63,58,63,56,68,50,63,40,70,41,72,38,67,31,75,27,74,18,71,16,77,14,68,3,76,3,70,-1,71,-7,65,-9,65,-19,60,-21,60,-19,56,-27,54,-32,54,-33,52,-38,48,-41,45,-47,50,-40,40,-40,44,-55,37,-50,32,-49,0,0]"
CSI_DATA,25,1a:00:00:00:00:00,-51,11,1,0,1,1,1,0,0,0,1,-96,0,11,2,573085,0,44,0,384,0,"[0,0,0,0,0,0,0,0,0,0,0,0,0,7,0,7,1,6,0,6,0,6,0,5,0,5,0,4,0,4,0,4,0,3,0,4,0,3,0,3,0,3,-1,3,0,2,-1,2,-1,2,-1,2,-1,2,-1,2,-1,2,-1,2,-1,2,-1,2,0,0,-1,2,-1,2,-1,2,-1,2,-1,2,-1,2,-1,1,-1,2,-1,1,-1,2,-1,1,-1,1,0,1,0,1,0,1,0,1,0,1,0,1,0,1,0,1,0,1,0,2,0,1,0,1,0,1,0,1,0,0,0,0,0,0,0,0,0,0,0,0,0,0,-8,24,-5,22,-3,25,-5,21,-4,20,-5,19,-2,18,-3,18,-2,15,-4,16,-2,13,-3,12,-2,12,-2,11,-2,12,-3,10,-5,10,-3,8,-3,9,-4,8,-3,9,-2,6,-2,6,-3,5,-3,6,-4,6,-2,5,-4,5,-3,5,-3,7,-5,5,-3,5,-2,5,-4,5,-3,7,-4,6,-3,4,-4,5,-6,4,-3,6,-1,5,-2,5,-5,4,-2,3,-3,5,-3,6,-1,5,-2,5,-1,7,0,4,-1,5,1,6,-1,5,-2,5,-1,5,0,5,-1,4,0,0,0,0,0,0,0,0,0,0,0,0,0,0,0,0,0,0,0,0,0,0,12,-8,13,-9,13,-9,14,-11,15,-13,16,-12,16,-14,17,-16,18,-19,16,-19,21,-22,19,-23,21,-28,20,-27,22,-28,22,-28,22,-34,21,-30,21,-34,22,-33,24,-36,22,-39,18,-36,18,-41,18,-40,14,-41,15,-40,14,-42,11,-39,8,-43,5,-37,3,-44,4,-40,0,-40,0,-39,-6,-38,-6,-35,-10,-37,-10,-34,-15,-34,-13,-33,-18,-29,-20,-30,-20,-26,-21,-25,-22,-26,-25,-23,-24,-19,-26,-16,-26,-17,-26,-16,-28,-12,-30,-16,-27,-10,-31,-11,-31,-10,-28,-8,0,0]"
CSI_DATA,26,1a:00:00:00:00:00,-51,11,1,0,1,1,1,0,0,0,1,-96,0,11,2,603769,0,44,0,384,0,"[0,0,0,0,0,0,0,0,0,0,0,0,7,-2,7,-2,6,-2,6,-2,6,-2,5,-1,5,-1,4,-1,4,-1,4,-1,3,-1,3,-1,3,-1,3,-1,3,-1,3,-1,3,-1,2,-1,2,-1,2,-1,2,-1,2,0,2,0,2,0,2,0,2,0,0,0,2,0,2,0,2,0,2,0,2,0,2,0,2,0,2,-1,1,0,1,0,2,-1,1,-1,1,-1,1,-1,1,-1,2,-1,1,-2,1,-1,1,-1,1,-1,1,-1,1,-1,1,-1,1,-1,1,-1,1,-1,0,0,0,0,0,0,0,0,0,0,0,0,0,0,24,0,24,-1,24,-3,20,-2,20,1,18,-1,18,-1,19,-3,16,-2,15,0,13,-2,12,-1,11,-2,11,1,9,0,9,1,10,0,10,-1,9,1,8,-1,10,3,8,1,8,2,7,1,7,0,6,1,7,0,7,1,6,2,8,2,5,1,6,3,5,2,6,1,5,1,5,1,6,-1,7,1,5,1,6,0,4,1,6,2,6,1,6,1,6,2,5,0,4,0,5,-2,5,-2,6,0,6,-1,6,-1,5,-1,6,0,6,1,5,0,5,-1,0,0,0,0,0,0,0,0,0,0,0,0,0,0,0,0,0,0,0,0,0,0,-13,-8,-12,-8,-15,-9,-17,-9,-17,-9,-20,-11,-19,-9,-21,-12,-24,-9,-24,-10,-29,-11,-29,-11,-34,-9,-32,-9,-35,-11,-33,-9,-41,-8,-37,-9,-39,-9,-40,-8,-40,-7,-44,-6,-39,-5,-44,-2,-44,-5,-43,1,-42,-1,-40,0,-41,1,-44,6,-35,7,-43,7,-39,10,-35,11,-38,13,-32,15,-32,16,-31,20,-30,19,-30,22,-28,22,-24,25,-23,26,-18,26,-19,26,-17,26,-14,27,-13,28,-11,28,-10,30,-8,28,-5,31,-6,31,-4,28,-3,31,-3,32,0,29,0,0]"
CSI_DATA,27,1a:00:00:00:00:00,-51,11,1,0,1,1,1,0,0,0,1,-96,0,11,2,613258,0,44,0,384,0,"[0,0,0,0,0,0,0,0,0,0,0,0,6,2,6,2,6,1,5,2,5,1,4,1,4,1,4,1,4,1,3,1,3,1,3,1,3,1,2,0,2,1,2,1,2,1,2,1,2,1,2,1,2,1,2,1,1,1,2,1,2,1,2,1,0,0,1,1,2,1,1,1,1,1,1,1,1,1,1,1,1,1,1,0,1,1,1,0,1,1,1,0,1,0,1,0,1,0,1,0,2,0,1,0,2,0,2,0,1,0,2,0,1,0,1,0,1,0,0,0,0,0,0,0,0,0,0,0,0,0,0,0,40,30,39,24,42,19,38,19,34,21,34,21,31,15,31,17,28,15,21,14,24,15,20,12,20,13,17,10,17,10,18,8,20,10,17,12,15,11,10,7,19,10,10,8,12,9,11,8,7,8,8,11,9,10,11,8,10,11,14,11,9,13,11,10,10,8,9,11,10,9,8,11,10,9,7,9,6,8,8,5,6,5,10,8,5,4,10,5,8,6,8,6,10,6,8,4,9,4,10,7,12,4,8,4,11,1,11,-1,8,4,11,3,10,4,0,0,0,0,0,0,0,0,0,0,0,0,0,0,0,0,0,0,0,0,0,0,-8,-27,-5,-32,-8,-30,-12,-33,-13,-35,-11,-40,-16,-40,-16,-44,-24,-47,-25,-48,-30,-50,-31,-54,-41,-58,-36,-58,-38,-60,-41,-59,-52,-64,-44,-63,-46,-60,-49,-65,-47,-64,-59,-70,-54,-59,-63,-59,-68,-60,-72,-52,-62,-54,-69,-50,-66,-45,-76,-46,-67,-33,-76,-35,-73,-31,-70,-23,-75,-23,-75,-17,-72,-12,-74,-5,-70,-3,-74,4,-72,4,-67,15,-69,16,-59,21,-61,20,-61,25,-55,25,-54,28,-51,35,-48,36,-43,40,-40,45,-48,47,-36,44,-40,48,-38,46,-34,45,0,0]"
CSI_DATA,28,1a:00:00:00:00:00,-51,11,1,0,1,1,1,0,0,0,1,-96,0,11,2,622398,0,44,0,384,0,"[0,0,0,0,0,0,0,0,0,0,0,0,2,-8,1,-7,1,-7,1,-7,1,-6,1,-6,1,-5,1,-5,1,-5,1,-4,1,-4,1,-4,1,-4,1,-3,1,-3,0,-3,0,-3,0,-3,1,-3,1,-3,1,-2,1,-3,1,-2,1,-3,1,-3,1,-3,0,0,1,-2,1,-3,1,-3,1,-3,1,-2,1,-2,1,-2,1,-2,0,-2,0,-2,0,-2,0,-2,0,-2,0,-2,0,-3,0,-3,0,-3,0,-2,0,-2,0,-2,0,-2,0,-2,0,-2,0,-2,0,-2,0,-2,0,0,0,0,0,0,0,0,0,0,0,0,0,0,13,-46,12,-50,10,-46,8,-44,6,-40,7,-37,5,-40,7,-38,2,-31,9,-30,0,-27,5,-27,4,-25,3,-26,5,-21,2,-22,2,-26,5,-19,3,-16,3,-17,5,-18,4,-15,3,-18,4,-16,5,-13,4,-15,5,-14,3,-14,5,-13,5,-13,5,-12,7,-14,1,-14,5,-17,2,-9,5,-16,2,-13,4,-14,4,-9,4,-11,2,-10,1,-13,-4,-12,-2,-11,-2,-12,-2,-12,-2,-14,-3,-11,-3,-16,-3,-11,-3,-12,-4,-10,-1,-12,-3,-13,-3,-13,0,-12,0,-13,0,0,0,0,0,0,0,0,0,0,0,0,0,0,0,0,0,0,0,0,0,0,-27,6,-31,7,-31,10,-34,16,-36,16,-39,14,-40,19,-43,21,-45,28,-46,27,-51,33,-50,35,-53,43,-54,42,-58,43,-55,48,-55,60,-54,52,-56,55,-49,53,-57,57,-58,66,-50,62,-52,73,-49,70,-39,78,-43,72,-38,76,-32,75,-29,82,-23,67,-20,78,-16,77,-11,72,-11,78,-1,74,3,72,10,72,15,67,19,72,22,66,27,58,31,62,36,52,36,51,36,48,43,42,46,40,48,36,47,33,53,32,54,29,56,31,52,23,56,25,54,23,55,18,0,0]"
CSI_DATA,29,1a:00:00:00:00:00,-51,11,1,0,1,1,1,0,0,0,1,-96,0,11,2,632764,0,44,0,384,0,"[0,0,0,0,0,0,0,0,0,0,0,0,1,7,1,6,2,6,1,6,1,5,0,4,1,4,0,4,0,4,0,3,0,3,0,3,0,3,0,3,-1,3,0,3,0,2,0,2,0,2,-1,2,-1,2,-1,2,-1,2,-1,2,-1,2,-1,2,0,0,-1,2,-1,2,-1,2,-1,2,-1,2,-1,2,-1,2,-1,1,0,2,0,2,0,1,0,1,0,1,0,1,0,1,0,1,1,1,0,1,0,1,0,1,0,1,0,1,0,2,0,1,0,1,0,1,0,0,0,0,0,0,0,0,0,0,0,0,0,0,2,48,-1,49,5,46,4,45,4,43,7,38,7,36,5,35,4,33,5,31,7,28,3,24,5,28,-1,23,2,22,0,19,0,21,0,18,-6,19,-1,17,-1,17,-1,14,-3,16,-3,17,-4,15,-5,15,-5,13,-4,15,-4,15,-6,16,-6,14,-5,17,-4,17,-6,11,-3,14,-4,13,-1,9,-2,11,1,10,1,13,-2,13,1,10,-1,9,2,12,3,11,5,10,2,8,2,11,4,11,2,10,4,13,3,7,2,14,4,13,0,15,-1,12,1,9,0,0,0,0,0,0,0,0,0,0,0,0,0,0,0,0,0,0,0,0,0,0,18,-21,21,-24,23,-25,21,-29,21,-30,23,-33,22,-35,24,-38,27,-48,26,-48,31,-54,23,-56,23,-66,25,-64,27,-64,25,-69,24,-80,24,-72,21,-75,23,-77,24,-82,19,-86,16,-82,13,-90,14,-91,3,-88,5,-87,2,-86,0,-85,-9,-89,-13,-75,-11,-84,-17,-81,-24,-74,-23,-77,-34,-70,-34,-67,-41,-68,-40,-60,-49,-59,-46,-57,-53,-47,-53,-48,-57,-39,-53,-37,-53,-31,-58,-27,-57,-22,-61,-19,-59,-18,-60,-13,-65,-8,-66,-13,-61,-4,-65,-5,-60,-5,-61,1,0,0]"
CSI_DATA,30,1a:00:00:00:00:00,-51,11,1,0,1,1,1,0,0,0,1,-96,0,11,2,642911,0,44,0,384,0,"[0,0,0,0,0,0,0,0,0,0,0,0,4,-6,4,-6,3,-5,3,-5,3,-5,3,-4,3,-4,2,-4,2,-4,2,-3,2,-4,2,-3,2,-3,2,-3,2,-2,2,-3,2,-3,2,-2,1,-2,2,-2,2,-2,2,-2,1,-2,2,-2,2,-1,2,-2,0,0,1,-2,1,-2,2,-2,1,-2,1,-2,1,-2,1,-2,1,-2,1,-2,1,-2,1,-2,1,-2,1,-2,1,-2,0,-2,0,-3,0,-2,0,-2,0,-2,0,-2,0,-2,0,-2,0,-2,0,-2,0,-2,0,-2,0,0,0,0,0,0,0,0,0,0,0,0,0,0,48,-21,43,-22,41,-29,34,-25,35,-22,35,-23,29,-22,31,-20,23,-17,24,-14,20,-15,20,-17,22,-15,21,-12,18,-11,17,-14,22,-12,16,-10,17,-8,13,-8,14,-9,14,-6,14,-7,17,-7,14,-10,15,-5,12,-4,12,-5,15,-6,13,-5,15,-5,12,-6,14,-4,15,-5,11,-7,11,-2,12,-6,12,-8,16,-7,8,-5,9,-8,10,-10,14,-8,10,-9,13,-10,6,-11,7,-9,4,-10,8,-7,6,-10,8,-10,6,-11,8,-9,6,-9,8,-12,8,-11,8,-10,0,0,0,0,0,0,0,0,0,0,0,0,0,0,0,0,0,0,0,0,0,0,-26,-13,-31,-15,-28,-13,-39,-13,-36,-12,-40,-15,-40,-12,-45,-13,-53,-12,-54,-10,-58,-11,-62,-6,-69,1,-71,-5,-73,-7,-75,-2,-82,5,-77,0,-80,5,-79,3,-83,1,-90,9,-83,12,-88,14,-90,22,-84,29,-82,23,-85,33,-82,31,-79,42,-60,40,-72,46,-66,46,-62,50,-64,51,-53,56,-47,57,-45,58,-42,59,-34,66,-31,63,-18,65,-22,69,-12,64,-12,63,-3,59,-2,63,3,63,10,63,8,63,11,59,22,59,17,64,20,54,23,59,27,57,26,48,0,0]"
CSI_DATA,31,1a:00:00:00:00:00,-51,11,1,0,1,1,1,0,0,0,1,-96,0,11,2,652385,0,44,0,384,0,"[0,0,0,0,0,0,0,0,0,0,0,0,3,-7,3,-6,2,-6,3,-5,2,-5,2,-4,2,-5,2,-4,2,-4,1,-3,2,-4,2,-4,1,-3,2,-3,2,-2,1,-3,1,-3,1,-3,2,-2,2,-2,2,-2,2,-2,1,-2,2,-2,2,-2,1,-2,0,0,1,-2,2,-2,2,-2,1,-2,1,-2,1,-2,1,-2,1,-2,1,-2,1,-2,1,-2,1,-2,1,-2,1,-2,0,-2,0,-3,0,-2,0,-2,0,-2,0,-2,0,-2,0,-3,0,-2,0,-2,0,-2,0,-2,0,0,0,0,0,0,0,0,0,0,0,0,0,0,33,-31,38,-32,30,-32,27,-31,26,-33,24,-26,20,-32,20,-27,22,-21,18,-22,15,-20,14,-20,13,-22,18,-21,15,-19,11,-19,15,-18,12,-15,12,-13,14,-15,12,-14,9,-12,10,-14,14,-11,10,-10,9,-10,12,-8,11,-11,11,-10,11,-11,13,-9,10,-12,9,-11,11,-10,9,-9,9,-7,9,-11,8,-9,7,-8,4,-7,4,-13,7,-10,5,-9,4,-14,6,-11,4,-10,2,-10,3,-14,4,-12,-1,-12,3,-13,3,-15,4,-12,3,-14,2,-13,4,-10,3,-14,0,0,0,0,0,0,0,0,0,0,0,0,0,0,0,0,0,0,0,0,0,0,-29,-11,-30,-13,-31,-9,-32,-9,-35,-10,-40,-13,-41,-10,-45,-10,-51,-5,-52,0,-59,-2,-59,0,-66,8,-68,6,-68,2,-72,11,-77,13,-73,15,-75,14,-77,15,-78,17,-87,23,-77,22,-81,32,-78,37,-76,40,-76,36,-77,41,-69,45,-65,53,-57,49,-58,54,-55,53,-48,55,-53,64,-39,62,-35,64,-30,67,-25,61,-20,68,-19,64,-9,70,-6,68,3,64,0,62,7,56,10,57,18,59,21,57,24,57,31,52,30,51,33,51,33,44,37,49,39,47,36,40,0,0]"
CSI_DATA,32,1a:00:00:00:00:00,-51,11,1,0,1,1,1,0,0,0,1,-96,0,11,2,663108,0,44,0,384,0,"[0,0,0,0,0,0,0,0,0,0,0,0,-6,-5,-5,-5,-5,-5,-5,-5,-5,-4,-4,-4,-4,-4,-3,-4,-3,-3,-3,-3,-3,-3,-3,-3,-3,-3,-3,-3,-2,-3,-2,-3,-2,-3,-2,-3,-2,-3,-2,-3,-2,-3,-2,-2,-2,-3,-2,-3,-2,-3,-2,-3,0,0,-1,-3,-2,-3,-2,-3,-2,-3,-2,-3,-2,-2,-2,-2,-2,-2,-2,-2,-1,-2,-2,-2,-2,-2,-2,-2,-2,-2,-2,-2,-2,-2,-2,-1,-2,-2,-2,-1,-3,-2,-2,-2,-2,-1,-2,-2,-2,-1,-2,-2,-2,-2,0,0,0,0,0,0,0,0,0,0,0,0,0,0,-31,-38,-32,-34,-33,-30,-30,-32,-29,-30,-27,-28,-27,-27,-20,-27,-20,-23,-17,-24,-20,-19,-17,-18,-18,-17,-15,-19,-14,-18,-14,-20,-14,-19,-12,-18,-12,-19,-10,-19,-11,-16,-7,-16,-7,-14,-6,-13,-7,-16,-7,-14,-8,-13,-10,-15,-4,-17,-10,-14,-8,-16,-4,-15,-2,-15,-5,-14,-10,-10,-7,-14,-5,-15,-6,-13,-6,-12,-8,-11,-9,-10,-8,-10,-5,-9,-9,-11,-8,-10,-13,-8,-11,-8,-9,-6,-9,-7,-11,-5,-14,-6,-11,-5,-11,-5,-12,-6,-8,-7,-12,-8,-10,-8,0,0,0,0,0,0,0,0,0,0,0,0,0,0,0,0,0,0,0,0,0,0,-5,28,-4,30,-1,30,-6,36,-3,35,-4,39,2,40,2,49,4,53,6,52,3,59,10,57,18,67,13,68,11,66,17,73,24,73,18,72,24,73,25,74,28,79,33,80,33,75,38,80,40,78,48,75,43,74,49,69,47,69,59,65,48,54,59,58,63,50,60,43,61,47,65,35,61,32,70,31,64,26,70,22,66,16,71,10,70,6,66,-5,67,-5,66,-8,62,-11,57,-19,60,-18,54,-22,54,-24,51,-27,59,-34,45,-29,53,-38,48,-36,46,-34,0,0]"
CSI_DATA,33,1a:00:00:00:00:00,-51,11,1,0,1,1,1,0,0,0,1,-96,0,11,2,672982,0,44,0,384,0,"[0,0,0,0,0,0,0,0,0,0,0,0,3,6,2,5,3,5,3,5,2,4,2,4,1,3,1,4,1,3,1,3,1,3,1,3,1,3,1,2,1,2,0,3,0,2,0,2,0,2,0,2,0,2,0,2,0,3,0,2,0,2,0,2,0,0,0,3,0,2,0,2,0,2,0,2,0,2,0,1,0,1,0,1,0,2,0,2,0,1,1,1,0,1,1,1,1,1,1,1,1,1,1,1,1,1,1,1,1,1,1,1,1,1,1,1,1,1,0,0,0,0,0,0,0,0,0,0,0,0,0,0,18,48,17,41,22,41,18,40,16,37,14,33,14,30,12,29,12,26,14,29,9,25,9,21,11,19,6,22,6,19,9,19,3,23,3,18,5,20,5,15,3,19,5,15,2,12,0,15,-1,15,2,18,2,16,1,18,1,17,2,16,-1,15,-2,16,0,13,1,17,2,12,-3,15,0,13,2,15,2,13,2,10,3,13,2,13,3,13,6,11,2,9,7,11,6,12,7,10,7,14,10,8,9,9,7,10,6,10,6,12,7,8,6,9,8,11,0,0,0,0,0,0,0,0,0,0,0,0,0,0,0,0,0,0,0,0,0,0,10,-27,8,-29,5,-31,7,-35,8,-35,9,-42,3,-43,7,-46,2,-55,3,-53,3,-58,-1,-63,-5,-66,-1,-70,4,-67,-4,-71,-9,-81,-7,-76,-11,-78,-11,-79,-14,-81,-17,-88,-17,-80,-22,-86,-24,-87,-30,-83,-26,-81,-31,-82,-36,-75,-40,-78,-39,-60,-46,-72,-48,-66,-52,-58,-50,-62,-56,-48,-57,-46,-60,-48,-60,-43,-61,-39,-62,-35,-64,-23,-68,-24,-63,-16,-61,-13,-60,-10,-59,-5,-61,2,-58,2,-65,6,-58,8,-61,12,-62,7,-55,11,-61,22,-58,18,-52,18,0,0]"
CSI_DATA,34,1a:00:00:00:00:00,-51,11,1,0,1,1,1,0,0,0,1,-96,0,11,2,682374,0,44,0,384,0,"[0,0,0,0,0,0,0,0,0,0,0,0,5,-5,5,-4,4,-4,4,-4,4,-4,3,-4,3,-3,3,-3,3,-3,3,-2,2,-3,3,-2,3,-2,2,-2,2,-2,3,-2,2,-2,2,-2,2,-2,2,-2,2,-1,2,-1,2,-2,3,-2,2,-2,2,-2,0,0,2,-2,2,-2,2,-2,2,-2,2,-1,2,-2,2,-2,2,-2,1,-2,1,-2,1,-2,1,-2,1,-2,1,-2,1,-2,1,-2,1,-2,0,-2,0,-2,0,-2,1,-3,0,-2,1,-2,0,-2,0,-2,1,-2,0,0,0,0,0,0,0,0,0,0,0,0,0,0,40,-29,33,-28,39,-33,35,-26,31,-27,26,-23,28,-22,23,-21,25,-19,21,-18,19,-17,20,-15,17,-17,21,-15,18,-12,14,-15,15,-11,17,-10,13,-8,14,-12,15,-12,16,-8,16,-10,13,-4,15,-5,16,-9,14,-6,14,-8,15,-7,15,-10,14,-7,14,-5,14,-8,12,-9,14,-5,13,-5,12,-7,11,-10,12,-7,10,-7,10,-10,11,-9,10,-10,6,-9,9,-12,8,-9,7,-11,5,-14,4,-11,6,-11,2,-13,4,-11,8,-13,7,-14,5,-11,6,-10,6,-11,0,0,0,0,0,0,0,0,0,0,0,0,0,0,0,0,0,0,0,0,0,0,-23,-11,-28,-11,-30,-11,-35,-11,-36,-12,-38,-14,-42,-7,-46,-11,-49,-6,-52,-8,-59,-5,-62,-3,-67,1,-67,5,-68,-2,-71,5,-79,10,-75,7,-77,8,-79,14,-84,12,-83,18,-80,20,-84,24,-84,28,-82,34,-77,31,-78,34,-77,41,-75,49,-59,41,-69,53,-59,52,-50,54,-59,58,-43,59,-42,58,-41,67,-32,61,-28,68,-27,65,-18,64,-17,65,-5,64,-2,63,1,59,4,59,9,59,15,52,15,59,20,55,23,51,24,56,25,47,30,51,36,52,29,42,0,0]"
CSI_DATA,35,1a:00:00:00:00:00,-51,11,1,0,1,1,1,0,0,0,1,-96,0,11,2,722391,0,44,0,384,0,"[0,0,0,0,0,0,0,0,0,0,0,0,6,3,6,3,6,2,5,3,4,3,4,2,4,2,3,2,3,2,3,2,2,2,2,2,3,2,2,2,2,2,2,2,2,2,2,2,2,2,2,2,2,2,2,2,2,2,2,2,2,2,2,3,0,0,2,2,2,2,3,2,2,2,2,1,2,1,2,1,3,1,2,1,2,1,2,1,2,1,2,0,2,0,2,0,2,0,2,0,2,0,2,-1,2,-1,2,-1,2,-1,2,0,2,-1,2,0,2,0,0,0,0,0,0,0,0,0,0,0,0,0,0,0,39,23,36,24,40,20,36,18,39,17,33,16,30,14,28,12,21,10,23,12,23,11,18,9,19,11,15,11,15,11,16,12,17,15,15,12,13,13,13,11,12,13,13,11,12,10,13,9,12,10,15,17,12,12,14,10,10,9,16,14,16,12,17,12,13,9,14,13,14,9,16,10,10,4,13,7,14,7,12,8,18,3,13,4,12,4,14,4,11,5,13,2,16,4,11,-2,14,0,14,1,12,-3,16,1,12,-2,16,0,14,-3,14,-3,14,0,0,0,0,0,0,0,0,0,0,0,0,0,0,0,0,0,0,0,0,0,0,0,3,-25,2,-31,2,-33,-2,-37,-1,-36,-3,-41,-7,-41,-8,-45,-13,-50,-15,-49,-14,-57,-17,-58,-27,-64,-25,-64,-22,-67,-28,-64,-40,-77,-32,-70,-37,-69,-43,-75,-44,-71,-51,-73,-49,-67,-58,-69,-59,-70,-67,-61,-60,-64,-67,-60,-60,-55,-74,-53,-64,-39,-73,-43,-72,-37,-70,-26,-76,-29,-76,-17,-69,-17,-75,-9,-71,-6,-77,0,-72,3,-71,11,-67,15,-64,22,-55,24,-55,22,-51,27,-52,33,-47,37,-44,38,-42,42,-39,46,-42,46,-34,43,-37,49,-32,46,-29,46,0,0]"
CSI_DATA,36,1a:00:00:00:00:00,-50,11,1,0,1,1,1,0,0,0,1,-96,0,11,2,736340,0,44,0,384,0,"[0,0,0,0,0,0,0,0,0,0,0,0,4,5,3,4,4,4,3,4,3,4,2,4,2,4,2,3,1,3,1,3,1,3,1,3,1,3,1,3,1,3,0,3,0,3,0,3,1,3,0,3,0,3,1,3,0,3,1,3,1,3,0,3,0,0,0,3,1,3,1,3,1,3,1,2,1,2,1,2,1,2,1,2,1,2,1,2,2,2,1,1,1,1,2,2,1,1,2,1,2,1,1,1,2,1,2,1,2,1,2,1,2,1,2,1,2,1,0,0,0,0,0,0,0,0,0,0,0,0,0,0,13,20,10,16,14,16,10,15,9,13,12,14,8,13,11,13,7,10,8,12,5,9,5,9,5,11,5,9,4,9,5,9,5,9,2,9,2,11,1,9,1,11,2,9,1,10,3,9,2,8,1,10,0,9,3,7,0,9,4,11,0,10,2,10,2,9,3,11,3,8,2,9,1,8,3,8,1,8,4,7,5,8,4,6,2,6,4,6,6,5,4,5,6,6,6,5,6,5,3,4,5,3,5,3,5,5,4,2,6,4,6,5,6,5,0,0,0,0,0,0,0,0,0,0,0,0,0,0,0,0,0,0,0,0,0,0,2,-13,3,-16,2,-16,2,-20,2,-18,1,-23,0,-21,-1,-23,-3,-28,-3,-25,-4,-27,-7,-30,-9,-34,-8,-36,-7,-37,-8,-33,-12,-39,-9,-36,-12,-40,-13,-41,-15,-40,-18,-43,-17,-37,-20,-41,-23,-42,-25,-39,-22,-39,-27,-38,-25,-34,-31,-36,-26,-28,-32,-33,-31,-29,-32,-25,-33,-26,-34,-20,-30,-19,-35,-16,-32,-13,-38,-13,-37,-11,-33,-5,-36,-5,-32,-2,-33,0,-28,2,-31,4,-31,7,-30,7,-29,9,-27,11,-27,14,-30,14,-22,12,-27,15,-25,17,-22,15,0,0]"
CSI_DATA,37,1a:00:00:00:00:00,-50,11,1,0,1,1,1,0,0,0,1,-96,0,11,2,742395,0,44,0,384,0,"[0,0,0,0,0,0,0,0,0,0,0,0,3,4,3,4,3,4,3,4,2,4,1,3,2,3,1,3,1,3,1,3,1,3,1,3,1,3,1,3,0,2,0,3,0,3,0,3,0,2,0,3,0,3,0,3,0,3,0,3,0,3,0,3,0,0,0,3,1,3,1,3,1,3,1,2,1,2,1,2,1,2,1,2,1,2,1,2,1,2,1,1,1,1,1,1,2,1,2,1,2,1,2,1,2,1,2,1,2,1,2,1,2,1,2,1,1,1,0,0,0,0,0,0,0,0,0,0,0,0,0,0,25,32,29,37,30,32,26,26,25,27,22,26,20,23,19,21,14,18,16,22,14,19,12,19,15,19,11,19,9,20,7,15,8,20,9,17,3,18,5,21,5,21,4,20,6,19,4,19,4,20,2,18,9,16,7,21,5,20,9,17,4,21,5,21,7,20,10,19,12,20,11,17,4,19,7,18,8,14,10,12,8,14,9,12,10,11,10,10,9,11,12,9,13,8,14,8,13,8,12,7,13,8,14,7,10,6,14,7,16,8,16,8,14,9,0,0,0,0,0,0,0,0,0,0,0,0,0,0,0,0,0,0,0,0,0,0,5,-27,5,-29,5,-34,3,-38,2,-39,3,-40,0,-41,-3,-46,-2,-51,-6,-53,-6,-63,-10,-56,-18,-68,-16,-67,-13,-68,-19,-73,-28,-77,-20,-75,-24,-76,-27,-80,-27,-80,-34,-83,-36,-76,-39,-81,-42,-79,-49,-73,-43,-76,-48,-70,-50,-68,-61,-67,-54,-55,-62,-54,-63,-53,-62,-45,-62,-48,-64,-38,-67,-35,-71,-28,-68,-22,-73,-21,-64,-14,-69,-6,-66,-9,-67,7,-62,1,-58,9,-60,13,-57,13,-54,16,-56,22,-54,23,-49,29,-54,29,-47,31,-42,33,-48,33,-45,32,0,0]"
CSI_DATA,38,1a:00:00:00:00:00,-50,11,1,0,1,1,1,0,0,0,1,-96,0,11,2,753235,0,44,0,384,0,"[0,0,0,0,0,0,0,0,0,0,0,0,-6,3,-5,3,-5,3,-5,2,-4,2,-4,2,-4,2,-4,2,-4,1,-4,1,-4,1,-4,1,-4,0,-4,0,-4,0,-4,0,-4,0,-4,0,-4,0,-4,0,-4,0,-4,0,-4,0,-5,0,-5,0,-4,1,0,0,-4,1,-5,0,-5,0,-4,1,-4,0,-4,1,-4,1,-4,0,-3,1,-3,1,-3,1,-3,1,-3,1,-3,1,-3,1,-3,2,-2,2,-2,2,-2,2,-2,2,-2,2,-2,2,-2,2,-2,2,-2,2,-2,2,0,0,0,0,0,0,0,0,0,0,0,0,0,0,-47,12,-41,14,-37,16,-34,12,-33,13,-32,13,-28,10,-29,11,-25,7,-20,6,-24,6,-24,7,-23,2,-22,1,-21,1,-21,0,-20,2,-19,-2,-22,-2,-20,-1,-20,-2,-20,-1,-21,0,-19,-2,-19,-3,-24,-4,-24,-3,-21,-3,-21,-3,-23,-1,-21,0,-22,0,-19,1,-24,-1,-24,4,-23,0,-21,1,-19,5,-23,1,-23,2,-18,1,-19,5,-21,3,-18,8,-15,4,-18,11,-16,9,-17,13,-14,11,-11,8,-14,9,-13,12,-16,11,-12,11,-14,10,-14,10,-15,7,0,0,0,0,0,0,0,0,0,0,0,0,0,0,0,0,0,0,0,0,0,0,28,12,27,13,25,13,35,12,33,11,40,12,37,11,44,10,47,10,53,7,56,7,56,0,64,-4,70,-2,70,2,69,-3,80,-3,77,-5,79,-7,81,-4,81,-6,87,-7,82,-13,86,-23,82,-25,86,-32,80,-28,82,-32,76,-34,77,-37,64,-35,73,-42,67,-41,60,-45,60,-49,55,-53,50,-53,45,-61,38,-56,36,-64,34,-63,24,-63,21,-61,13,-61,13,-59,6,-56,3,-56,1,-59,-2,-56,-7,-58,-10,-56,-14,-55,-13,-60,-18,-49,-21,-54,-20,-50,-17,-49,0,0]"
CSI_DATA,39,1a:00:00:00:00:00,-50,11,1,0,1,1,1,0,0,0,1,-96,0,11,2,762369,0,44,0,384,0,"[0,0,0,0,0,0,0,0,0,0,0,0,4,3,4,3,4,3,4,3,3,3,3,3,2,3,2,2,2,3,2,3,1,2,2,3,1,3,2,3,1,3,1,3,1,3,1,3,2,3,1,3,1,3,1,3,1,3,2,3,2,3,1,3,0,0,2,3,2,3,2,3,2,3,2,2,2,2,2,2,2,2,2,2,2,2,2,2,2,1,2,1,2,1,2,1,2,1,2,0,2,0,3,0,2,0,2,0,2,0,2,0,2,0,2,0,2,0,0,0,0,0,0,0,0,0,0,0,0,0,0,0,35,28,30,26,31,19,27,21,27,21,22,18,19,17,23,21,17,14,18,21,13,16,14,19,14,18,7,14,8,19,11,18,10,21,10,19,4,18,10,20,8,21,6,17,8,20,11,16,6,18,6,17,11,19,11,18,10,19,11,22,11,20,9,20,10,19,13,19,16,17,9,16,12,14,15,16,10,16,12,13,12,11,18,11,11,11,15,11,14,10,13,8,17,8,18,5,11,6,17,5,15,4,15,4,12,5,14,3,13,3,16,6,14,4,0,0,0,0,0,0,0,0,0,0,0,0,0,0,0,0,0,0,0,0,0,0,1,-27,1,-32,-1,-26,-3,-36,-3,-35,-6,-42,-9,-42,-9,-43,-15,-48,-14,-48,-22,-55,-22,-56,-34,-58,-29,-62,-31,-65,-32,-62,-43,-71,-35,-63,-40,-70,-43,-70,-39,-71,-51,-74,-48,-62,-58,-68,-59,-68,-66,-60,-60,-59,-66,-60,-63,-52,-72,-54,-61,-42,-74,-43,-70,-42,-69,-32,-75,-35,-73,-20,-69,-17,-72,-12,-64,-6,-71,0,-69,0,-67,9,-67,10,-59,16,-55,17,-55,26,-55,26,-51,26,-50,31,-46,34,-40,38,-42,42,-45,40,-36,36,-36,43,-37,44,-31,40,0,0]"
CSI_DATA,40,1a:00:00:00:00:00,-50,11,1,0,1,1,1,0,0,0,1,-96,0,11,2,772485,0,44,0,384,0,"[0,0,0,0,0,0,0,0,0,0,0,0,-6,-4,-6,-3,-5,-4,-5,-4,-5,-4,-4,-3,-4,-3,-3,-3,-3,-3,-3,-4,-3,-4,-3,-4,-3,-4,-3,-4,-2,-4,-2,-4,-2,-4,-2,-4,-3,-4,-3,-5,-2,-4,-3,-5,-2,-5,-3,-5,-3,-5,-3,-5,0,0,-3,-5,-3,-5,-4,-5,-3,-5,-3,-4,-4,-4,-3,-4,-3,-3,-3,-4,-3,-4,-3,-3,-3,-3,-4,-2,-4,-2,-3,-3,-4,-2,-4,-2,-3,-2,-4,-2,-3,-1,-4,-2,-4,-1,-4,-1,-4,-1,-4,-2,-3,-1,0,0,0,0,0,0,0,0,0,0,0,0,0,0,-13,-15,-14,-14,-15,-13,-12,-15,-14,-13,-9,-14,-10,-12,-10,-11,-7,-10,-6,-12,-5,-8,-5,-10,-5,-11,-4,-10,-4,-10,-5,-12,-3,-12,-4,-10,-4,-10,-2,-10,-1,-11,-2,-12,-4,-12,-3,-11,-3,-13,-2,-12,-3,-14,-5,-12,-4,-11,-6,-12,-4,-13,-5,-13,-6,-10,-4,-14,-6,-10,-4,-12,-6,-10,-6,-11,-6,-10,-6,-8,-9,-9,-6,-9,-7,-9,-8,-8,-7,-8,-7,-8,-8,-5,-8,-4,-7,-8,-9,-5,-8,-4,-8,-5,-8,-6,-7,-6,-8,-4,-9,-4,-8,-6,0,0,0,0,0,0,0,0,0,0,0,0,0,0,0,0,0,0,0,0,0,0,-2,13,-1,14,-1,15,1,19,1,16,2,20,3,20,4,23,7,26,6,24,10,28,11,26,14,29,16,32,11,33,14,32,19,36,16,34,17,34,18,37,20,37,22,38,23,33,28,35,26,35,30,33,29,33,30,31,29,29,34,27,32,21,36,24,32,21,33,18,37,17,36,13,34,10,36,8,33,5,37,3,33,2,34,-1,32,-3,31,-6,30,-6,32,-9,29,-9,26,-12,27,-14,22,-16,23,-17,21,-20,23,-18,21,-16,20,-21,20,-18,17,-21,0,0]"
CSI_DATA,41,1a:00:00:00:00:00,-50,11,1,0,1,1,1,0,0,0,1,-96,0,11,2,783648,0,44,0,384,0,"[0,0,0,0,0,0,0,0,0,0,0,0,5,1,4,1,4,2,4,2,3,1,3,2,2,2,2,2,2,2,2,2,2,2,2,2,1,2,2,2,1,3,2,3,2,3,1,3,2,3,2,3,2,3,2,3,1,3,3,3,2,3,2,3,0,0,2,3,3,3,3,3,3,3,3,3,3,2,3,2,3,2,2,2,2,2,3,2,3,1,3,1,3,1,3,1,3,1,3,0,3,0,2,0,3,0,3,0,3,0,3,0,3,0,2,0,2,0,0,0,0,0,0,0,0,0,0,0,0,0,0,0,38,16,38,15,31,12,34,10,29,14,25,11,30,13,24,11,22,13,19,11,16,10,17,12,15,15,12,16,12,17,13,15,12,16,12,17,8,17,14,20,12,21,12,19,13,21,10,17,11,22,14,20,14,20,13,24,13,24,17,20,14,23,18,23,16,22,15,20,17,18,11,19,20,18,17,17,15,17,21,17,15,15,18,16,18,12,17,12,18,7,16,6,17,7,21,8,16,3,19,3,18,4,20,6,16,5,17,5,18,7,16,5,14,8,0,0,0,0,0,0,0,0,0,0,0,0,0,0,0,0,0,0,0,0,0,0,-16,-22,-18,-22,-20,-24,-24,-25,-24,-26,-26,-29,-30,-26,-37,-30,-43,-31,-46,-33,-46,-35,-49,-33,-58,-33,-60,-38,-59,-40,-67,-36,-75,-34,-69,-37,-68,-32,-71,-30,-75,-35,-82,-32,-81,-32,-85,-31,-86,-31,-84,-23,-82,-29,-84,-17,-85,-20,-84,-9,-76,-5,-79,-4,-81,0,-72,7,-78,10,-72,17,-70,18,-72,17,-62,25,-61,30,-63,29,-59,40,-55,35,-47,40,-44,37,-41,44,-36,44,-34,44,-32,46,-35,49,-28,48,-22,52,-24,49,-17,49,-19,51,-17,50,-14,46,0,0]"
CSI_DATA,42,1a:00:00:00:00:00,-50,11,1,0,1,1,1,0,0,0,1,-96,0,11,2,792438,0,44,0,384,0,"[0,0,0,0,0,0,0,0,0,0,0,0,-6,0,-6,0,-5,0,-5,-1,-5,-1,-5,-1,-5,-1,-4,-1,-4,-1,-4,-2,-4,-2,-4,-2,-4,-3,-4,-2,-4,-3,-4,-3,-4,-3,-4,-3,-5,-3,-5,-3,-5,-3,-5,-3,-4,-3,-5,-3,-5,-3,-5,-3,0,0,-5,-3,-6,-3,-6,-3,-5,-2,-5,-2,-5,-2,-5,-2,-5,-2,-5,-1,-4,-1,-5,-1,-5,-1,-5,0,-5,0,-4,0,-5,0,-4,0,-4,0,-4,0,-4,0,-4,0,-4,0,-4,0,-4,1,-4,1,-4,0,0,0,0,0,0,0,0,0,0,0,0,0,0,0,-18,1,-19,1,-16,0,-17,0,-17,0,-17,-2,-14,-1,-13,-3,-10,-2,-10,-2,-10,-4,-9,-5,-11,-6,-10,-4,-9,-8,-10,-6,-9,-8,-9,-5,-10,-7,-9,-7,-10,-9,-9,-10,-11,-9,-10,-7,-6,-10,-11,-9,-11,-11,-12,-10,-12,-8,-12,-9,-13,-9,-12,-9,-12,-8,-14,-8,-13,-7,-12,-6,-12,-7,-11,-5,-10,-6,-12,-6,-11,-4,-13,-5,-12,-5,-11,-4,-10,-3,-12,-3,-11,-3,-12,-3,-10,-1,-10,0,-9,0,-9,0,-11,0,-8,0,-10,-1,-11,0,-10,-2,0,0,0,0,0,0,0,0,0,0,0,0,0,0,0,0,0,0,0,0,0,0,13,3,12,5,15,4,16,4,17,3,18,4,19,4,21,3,25,1,25,2,29,0,30,0,33,-3,34,-2,35,2,36,-2,40,-4,37,-2,38,-4,39,-3,39,-2,44,-7,42,-6,43,-8,43,-10,40,-15,41,-11,40,-13,39,-14,40,-16,35,-17,36,-18,32,-19,30,-21,31,-22,29,-24,27,-23,26,-26,23,-24,22,-29,21,-26,14,-31,14,-27,12,-29,10,-27,6,-26,4,-27,5,-28,2,-29,2,-27,0,-27,-4,-28,2,-27,-3,-26,-6,-27,-4,-27,-5,-25,0,0]"
CSI_DATA,43,1a:00:00:00:00:00,-49,11,1,0,1,1,1,0,0,0,1,-96,0,11,2,812436,0,44,0,384,0,"[0,0,0,0,0,0,0,0,0,0,0,0,-5,-2,-4,-1,-4,-2,-4,-2,-4,-2,-3,-2,-3,-3,-2,-3,-2,-3,-2,-4,-2,-3,-2,-4,-2,-4,-2,-4,-2,-4,-2,-4,-2,-4,-2,-4,-2,-5,-2,-5,-2,-5,-3,-5,-2,-5,-3,-5,-3,-5,-2,-5,0,0,-3,-5,-3,-6,-4,-5,-3,-5,-3,-5,-3,-5,-3,-5,-3,-4,-3,-4,-3,-4,-3,-4,-3,-4,-3,-3,-3,-4,-3,-3,-3,-3,-4,-3,-3,-3,-3,-3,-3,-2,-3,-3,-3,-2,-3,-2,-3,-2,-3,-3,-3,-3,0,0,0,0,0,0,0,0,0,0,0,0,0,0,-36,-1,-37,-1,-32,2,-29,-3,-26,-3,-25,-11,-24,-8,-19,-9,-20,-11,-15,-8,-17,-7,-16,-14,-14,-14,-11,-17,-9,-14,-15,-18,-13,-25,-13,-18,-14,-19,-16,-22,-14,-27,-11,-27,-16,-23,-15,-28,-11,-23,-16,-25,-19,-27,-20,-27,-18,-25,-22,-26,-19,-28,-21,-27,-22,-23,-23,-24,-24,-19,-18,-25,-23,-23,-22,-19,-20,-22,-22,-19,-22,-19,-19,-18,-22,-15,-21,-15,-22,-12,-23,-12,-23,-12,-22,-9,-21,-10,-20,-8,-19,-7,-23,-9,-23,-7,-20,-9,-18,-9,-17,-10,-16,-10,0,0,0,0,0,0,0,0,0,0,0,0,0,0,0,0,0,0,0,0,0,0,23,1,27,2,29,3,35,1,36,3,42,5,39,-1,46,-2,52,-5,56,-1,61,-1,60,-7,68,-10,67,-7,69,-5,72,-9,82,-14,78,-13,77,-15,81,-14,81,-15,90,-20,88,-19,93,-26,93,-25,84,-31,85,-27,81,-27,84,-31,83,-34,69,-33,74,-39,67,-40,61,-44,65,-46,57,-51,52,-53,56,-54,43,-51,41,-58,39,-54,35,-61,34,-61,23,-56,20,-54,19,-61,15,-57,15,-54,6,-54,5,-54,5,-53,-2,-51,3,-54,-4,-50,-5,-54,-4,-49,0,-47,0,0]"
CSI_DATA,44,1a:00:00:00:00:00,-49,11,1,0,1,1,1,0,0,0,1,-96,0,11,2,822370,0,44,0,384,0,"[0,0,0,0,0,0,0,0,0,0,0,0,-3,4,-3,3,-3,3,-3,2,-3,1,-3,2,-4,1,-4,1,-4,1,-4,0,-4,0,-5,0,-5,0,-5,0,-5,0,-6,0,-6,0,-5,0,-6,0,-6,0,-6,0,-6,0,-6,0,-6,1,-7,0,-7,1,0,0,-7,2,-7,1,-7,1,-7,2,-6,1,-6,1,-6,1,-6,1,-5,2,-6,2,-5,2,-5,1,-5,2,-5,2,-4,2,-4,2,-4,2,-4,2,-4,3,-4,2,-4,2,-3,2,-4,2,-3,2,-4,2,-4,2,0,0,0,0,0,0,0,0,0,0,0,0,0,0,-12,13,-10,11,-10,12,-8,10,-10,11,-9,8,-9,6,-9,4,-8,3,-9,1,-8,3,-8,1,-10,0,-9,-3,-10,0,-11,0,-13,-3,-13,-4,-12,-3,-12,-4,-16,-2,-14,-3,-15,-4,-15,-2,-15,-3,-17,-4,-15,-2,-20,-2,-17,-3,-18,-1,-18,-3,-18,-3,-16,-3,-19,0,-17,0,-16,-3,-15,1,-18,0,-16,-1,-17,2,-14,1,-14,0,-13,3,-15,3,-14,2,-13,4,-11,4,-12,3,-11,4,-9,3,-12,6,-10,4,-10,4,-10,5,-9,3,-11,4,-11,2,0,0,0,0,0,0,0,0,0,0,0,0,0,0,0,0,0,0,0,0,0,0,5,-12,8,-12,7,-14,8,-17,8,-17,8,-19,7,-18,9,-21,10,-25,8,-24,12,-27,9,-29,10,-34,11,-35,11,-35,10,-34,12,-40,12,-37,12,-39,12,-39,13,-41,12,-44,11,-40,10,-43,9,-45,8,-46,8,-45,6,-45,2,-42,2,-45,1,-37,1,-44,-1,-40,-4,-39,-2,-39,-9,-36,-6,-34,-12,-36,-10,-33,-14,-35,-15,-33,-15,-29,-18,-28,-18,-24,-18,-24,-19,-22,-20,-20,-20,-18,-21,-18,-21,-17,-21,-15,-22,-12,-23,-15,-19,-11,-23,-14,-20,-11,-20,-13,0,0]"
CSI_DATA,45,1a:00:00:00:00:00,-49,11,1,0,1,1,1,0,0,0,1,-96,0,11,2,833303,0,44,0,384,0,"[0,0,0,0,0,0,0,0,0,0,0,0,2,-3,2,-3,2,-2,2,-2,2,-1,2,-1,2,-1,2,0,3,0,3,0,3,0,3,1,3,1,3,1,3,1,4,1,4,1,4,1,4,1,4,2,4,2,5,1,5,1,5,1,5,2,5,1,0,0,5,0,6,1,6,1,5,0,5,1,5,1,5,0,5,1,4,0,4,0,4,0,4,0,4,0,4,0,4,-1,4,-1,4,-1,4,-1,3,-1,3,-1,3,-1,3,-1,3,-1,3,-1,3,-1,3,-1,0,0,0,0,0,0,0,0,0,0,0,0,0,0,17,-29,15,-22,17,-23,17,-21,12,-17,15,-13,16,-9,14,-4,13,-6,16,-2,19,-1,14,-2,18,2,18,5,19,5,23,9,28,6,23,8,20,6,24,8,29,7,28,8,28,6,31,4,30,6,35,8,31,8,35,6,35,5,35,4,35,5,38,1,34,5,37,2,36,-1,32,4,29,-1,34,2,33,3,28,1,30,-3,30,-4,31,-2,29,-3,28,-4,29,-7,24,-3,22,-9,20,-8,20,-7,24,-10,21,-5,19,-8,24,-9,18,-6,20,-5,21,-4,0,0,0,0,0,0,0,0,0,0,0,0,0,0,0,0,0,0,0,0,0,0,-11,21,-10,23,-11,26,-13,28,-11,31,-17,36,-14,37,-16,43,-14,52,-16,52,-15,59,-17,59,-17,70,-15,68,-20,67,-18,71,-15,83,-16,78,-17,76,-17,82,-22,84,-17,92,-18,86,-15,94,-14,90,-6,89,-7,85,-6,90,-5,88,3,90,4,73,5,88,5,78,10,75,11,79,20,72,19,69,28,70,30,62,31,64,30,57,34,54,36,54,38,43,36,45,42,40,40,35,42,36,46,30,40,31,41,24,41,21,43,24,38,20,44,20,45,20,37,18,0,0]"
CSI_DATA,46,1a:00:00:00:00:00,-49,11,1,0,1,1,1,0,0,0,1,-96,0,11,2,842577,0,44,0,384,0,"[0,0,0,0,0,0,0,0,0,0,0,0,2,2,1,2,1,3,0,3,-1,2,-1,2,-1,2,-2,2,-2,2,-2,3,-3,3,-3,3,-3,3,-3,3,-3,3,-4,4,-4,4,-4,4,-4,4,-4,4,-4,4,-4,5,-5,5,-4,6,-4,6,-5,5,0,0,-4,6,-4,6,-4,6,-4,6,-3,5,-4,6,-3,5,-3,5,-3,5,-3,5,-3,5,-2,5,-2,5,-2,4,-2,4,-2,5,-1,4,-2,4,-1,4,-1,4,-2,4,-1,4,-1,4,-1,3,-2,3,-2,3,0,0,0,0,0,0,0,0,0,0,0,0,0,0,8,9,7,8,10,9,5,8,5,8,2,7,1,7,-2,7,-1,5,-5,6,-5,8,-6,7,-5,7,-7,7,-8,7,-6,8,-10,7,-9,7,-10,7,-9,9,-11,11,-10,10,-11,10,-13,11,-13,10,-11,11,-12,12,-10,14,-11,14,-12,16,-10,16,-12,16,-11,13,-11,14,-9,17,-13,14,-12,14,-11,12,-9,13,-10,13,-9,13,-10,14,-8,12,-7,15,-6,11,-6,14,-6,14,-5,11,-4,11,-5,9,-5,11,-4,11,-5,9,-4,9,-4,9,-4,9,-4,9,0,0,0,0,0,0,0,0,0,0,0,0,0,0,0,0,0,0,0,0,0,0,-13,-4,-13,-4,-15,-4,-17,-4,-18,-3,-19,-5,-21,-5,-21,-8,-27,-6,-27,-4,-31,-6,-32,-3,-36,-3,-35,-4,-36,-9,-37,-8,-40,-6,-39,-10,-40,-8,-41,-8,-41,-10,-45,-10,-41,-7,-44,-6,-46,-6,-48,-2,-43,-7,-44,-6,-42,-5,-45,0,-38,-1,-43,2,-40,-1,-38,2,-40,1,-37,5,-33,6,-34,10,-32,11,-33,11,-31,12,-27,14,-29,14,-25,16,-25,14,-21,14,-22,14,-22,17,-19,17,-17,18,-16,17,-15,21,-15,18,-12,15,-15,20,-11,17,-12,16,0,0]"
CSI_DATA,47,1a:00:00:00:00:00,-48,11,1,0,1,1,1,0,0,0,1,-96,0,11,2,852401,0,44,0,384,0,"[0,0,0,0,0,0,0,0,0,0,0,0,-3,0,-3,0,-3,-1,-3,-1,-2,-2,-2,-2,-2,-3,-2,-3,-2,-3,-2,-4,-2,-4,-2,-4,-1,-5,-2,-5,-2,-6,-2,-5,-2,-6,-2,-6,-3,-6,-3,-6,-3,-7,-3,-7,-3,-6,-4,-7,-4,-7,-4,-8,0,0,-4,-7,-4,-8,-4,-8,-4,-6,-4,-7,-4,-7,-4,-7,-4,-6,-4,-6,-3,-5,-4,-6,-3,-6,-3,-5,-4,-5,-3,-4,-4,-5,-4,-4,-4,-4,-3,-4,-3,-4,-3,-4,-4,-4,-3,-4,-3,-4,-3,-4,-3,-4,0,0,0,0,0,0,0,0,0,0,0,0,0,0,-15,5,-11,5,-11,2,-11,3,-9,1,-6,0,-5,-2,-7,-5,-5,-3,-6,-6,-3,-6,-4,-8,-3,-9,-5,-8,-4,-11,-6,-10,-3,-13,-4,-13,-5,-15,-5,-14,-6,-15,-5,-13,-7,-17,-4,-17,-7,-15,-6,-18,-7,-16,-7,-18,-7,-16,-9,-20,-7,-17,-8,-20,-7,-20,-8,-19,-8,-18,-8,-16,-8,-16,-8,-16,-7,-16,-7,-15,-6,-14,-7,-17,-8,-15,-9,-14,-7,-12,-7,-13,-6,-13,-8,-12,-7,-10,-9,-9,-10,-9,-7,-9,-9,-10,-6,-10,-8,-11,-6,-11,-5,-9,0,0,0,0,0,0,0,0,0,0,0,0,0,0,0,0,0,0,0,0,0,0,2,-11,3,-14,4,-12,4,-16,6,-18,6,-19,6,-19,6,-23,5,-26,5,-24,8,-27,8,-31,7,-34,10,-34,12,-33,11,-34,13,-42,12,-35,11,-40,14,-38,14,-41,16,-43,15,-41,15,-43,15,-43,11,-45,15,-43,14,-42,12,-39,12,-43,8,-35,8,-43,6,-39,3,-38,4,-40,1,-38,2,-34,1,-37,-2,-33,-3,-34,-3,-35,-7,-30,-6,-31,-9,-28,-8,-27,-11,-27,-13,-25,-13,-20,-15,-22,-13,-20,-13,-19,-13,-20,-15,-19,-13,-15,-13,-18,-12,-18,-12,-16,0,0]"
CSI_DATA,48,1a:00:00:00:00:00,-48,11,1,0,1,1,1,0,0,0,1,-96,0,11,2,862426,0,44,0,384,0,"[0,0,0,0,0,0,0,0,0,0,0,0,-2,-1,-2,-2,-1,-2,-1,-2,-1,-2,0,-2,1,-3,1,-2,1,-3,1,-3,2,-3,2,-3,2,-4,2,-4,2,-4,2,-5,2,-5,3,-5,2,-5,3,-6,3,-5,2,-6,3,-5,3,-6,3,-7,3,-6,0,0,3,-7,2,-7,3,-7,3,-6,3,-6,2,-7,2,-6,2,-6,2,-6,2,-5,2,-6,2,-5,1,-5,1,-5,1,-5,1,-5,0,-5,1,-5,1,-4,0,-4,1,-5,0,-4,1,-4,1,-5,1,-4,1,-4,0,0,0,0,0,0,0,0,0,0,0,0,0,0,-23,-7,-25,-6,-14,-9,-13,-5,-10,-8,-9,-5,-7,-10,-2,-10,1,-11,5,-7,7,-9,8,-12,12,-13,9,-14,14,-16,15,-18,16,-22,14,-20,15,-21,21,-26,22,-26,21,-26,19,-27,16,-29,17,-29,19,-26,19,-28,20,-30,22,-32,26,-34,23,-30,26,-37,17,-37,24,-35,20,-34,19,-28,20,-34,20,-30,19,-27,18,-30,18,-29,21,-29,17,-25,14,-28,13,-27,12,-26,12,-25,9,-27,13,-24,10,-24,9,-24,11,-24,8,-21,10,-19,11,-23,12,-22,13,-20,0,0,0,0,0,0,0,0,0,0,0,0,0,0,0,0,0,0,0,0,0,0,16,-14,22,-19,20,-18,28,-21,26,-23,32,-24,30,-25,39,-25,41,-32,38,-31,49,-34,51,-37,55,-46,55,-37,63,-36,61,-38,67,-49,65,-40,67,-41,70,-42,72,-38,77,-43,75,-40,74,-49,79,-45,73,-46,75,-41,74,-45,69,-43,71,-50,56,-43,67,-45,62,-48,56,-49,60,-46,49,-49,47,-47,47,-56,37,-47,40,-53,39,-51,30,-49,31,-48,19,-51,27,-50,17,-46,18,-44,16,-47,8,-46,12,-43,6,-45,5,-46,6,-43,8,-36,3,-39,3,-40,4,-35,0,0]"
CSI_DATA,49,1a:00:00:00:00:00,-48,11,1,0,1,1,1,0,0,0,1,-96,0,11,2,872373,0,44,0,384,0,"[0,0,0,0,0,0,0,0,0,0,0,0,-2,1,-2,0,-2,0,-2,-1,-1,-2,-2,-3,-2,-3,-1,-3,-2,-3,-1,-4,-1,-4,-2,-5,-2,-5,-2,-5,-2,-5,-3,-6,-2,-6,-3,-6,-3,-6,-3,-7,-3,-7,-3,-7,-3,-7,-3,-8,-3,-8,-4,-7,0,0,-4,-7,-4,-8,-4,-9,-4,-7,-4,-7,-3,-8,-3,-7,-3,-7,-4,-6,-3,-6,-4,-6,-3,-6,-2,-6,-3,-6,-3,-5,-3,-5,-3,-5,-3,-4,-3,-5,-3,-4,-3,-4,-3,-4,-2,-5,-2,-4,-2,-4,-2,-4,0,0,0,0,0,0,0,0,0,0,0,0,0,0,-7,8,-6,8,-5,7,-5,3,-5,2,-3,-1,-4,-2,-3,-2,-3,-4,-4,-5,-2,-5,-2,-7,-2,-7,-4,-10,-4,-12,-2,-11,-4,-13,-4,-11,-5,-12,-5,-16,-6,-16,-4,-17,-5,-16,-6,-16,-4,-17,-7,-19,-6,-18,-9,-19,-6,-18,-8,-18,-7,-22,-8,-20,-7,-17,-10,-21,-9,-20,-7,-21,-7,-18,-8,-19,-6,-18,-8,-17,-6,-17,-7,-16,-5,-16,-8,-16,-7,-15,-7,-13,-7,-15,-4,-13,-7,-11,-6,-12,-8,-11,-6,-12,-7,-10,-4,-12,-4,-13,-4,-11,-5,-11,0,0,0,0,0,0,0,0,0,0,0,0,0,0,0,0,0,0,0,0,0,0,-6,-11,-8,-11,-7,-12,-9,-15,-10,-14,-9,-18,-12,-19,-10,-22,-12,-23,-13,-23,-12,-28,-14,-29,-14,-32,-15,-34,-12,-36,-13,-35,-15,-40,-11,-37,-13,-40,-10,-40,-11,-43,-11,-45,-12,-40,-12,-46,-13,-46,-13,-43,-12,-43,-12,-41,-9,-40,-13,-43,-13,-35,-14,-40,-14,-38,-14,-34,-15,-36,-15,-30,-18,-29,-18,-31,-17,-28,-20,-28,-17,-27,-21,-23,-19,-22,-22,-21,-20,-20,-18,-18,-21,-16,-20,-16,-20,-12,-21,-13,-21,-10,-21,-10,-20,-10,-19,-8,-19,-12,-17,-9,-16,-8,0,0]"
CSI_DATA,50,1a:00:00:00:00:00,-48,11,1,0,1,1,1,0,0,0,1,-96,0,11,2,883854,0,44,0,384,0,"[0,0,0,0,0,0,0,0,0,0,0,0,1,-1,0,-1,0,0,-1,0,-1,1,-1,0,-1,1,-2,1,-2,1,-3,2,-3,2,-3,2,-3,3,-3,3,-4,3,-4,3,-4,4,-4,4,-4,4,-4,5,-4,5,-4,5,-4,5,-4,6,-4,6,-5,5,0,0,-4,5,-5,6,-4,6,-4,6,-4,5,-4,6,-4,5,-4,5,-4,5,-4,4,-4,5,-4,4,-3,4,-3,4,-3,4,-3,4,-2,4,-2,3,-2,3,-2,3,-2,3,-2,3,-2,3,-3,3,-2,3,-2,2,0,0,0,0,0,0,0,0,0,0,0,0,0,0,19,-7,16,-4,15,-5,9,-4,3,-1,3,2,4,0,-1,5,1,6,-5,4,-11,6,-9,7,-14,15,-12,11,-17,14,-15,15,-21,19,-21,16,-23,18,-17,18,-23,27,-21,24,-17,24,-21,26,-24,22,-25,30,-23,30,-24,31,-27,32,-25,35,-27,31,-24,38,-25,33,-28,34,-20,33,-26,32,-24,36,-22,31,-23,28,-19,28,-21,26,-24,25,-21,25,-22,26,-17,22,-16,21,-18,24,-16,27,-16,21,-9,27,-10,23,-13,20,-11,20,-13,18,-13,18,-16,13,-16,15,0,0,0,0,0,0,0,0,0,0,0,0,0,0,0,0,0,0,0,0,0,0,-9,25,-11,21,-9,24,-14,28,-12,29,-17,36,-17,38,-23,40,-22,48,-23,45,-25,51,-31,54,-28,62,-38,61,-43,59,-43,57,-47,73,-45,62,-47,66,-50,67,-51,65,-54,73,-50,65,-58,71,-58,71,-52,71,-51,66,-57,72,-51,66,-51,76,-43,62,-49,69,-43,70,-33,65,-39,67,-33,67,-29,58,-26,65,-24,61,-22,63,-20,61,-12,58,-11,59,-5,58,-6,55,-5,56,0,54,2,46,9,49,7,45,5,43,11,43,10,42,11,36,15,41,12,37,10,33,0,0]"
CSI_DATA,51,1a:00:00:00:00:00,-49,11,1,0,1,1,1,0,0,0,1,-96,0,11,2,912409,0,44,0,384,0,"[0,0,0,0,0,0,0,0,0,0,0,0,-3,1,-2,1,-1,1,-1,1,0,1,0,1,0,0,1,1,1,1,2,0,2,0,3,0,3,0,3,0,4,0,4,0,4,0,4,0,5,-1,5,-1,5,-1,6,-1,6,0,6,-1,6,-1,6,0,0,0,6,0,7,0,7,-1,7,0,6,0,6,0,6,0,5,1,5,1,5,1,5,1,4,1,4,1,4,1,4,1,3,1,4,0,3,0,3,1,3,0,3,0,3,0,3,0,3,0,2,1,2,1,0,0,0,0,0,0,0,0,0,0,0,0,0,0,-14,0,-12,3,-10,4,-9,2,-7,4,-5,4,-5,2,-1,3,-1,3,-1,3,2,4,3,2,4,3,4,1,5,1,8,1,10,1,10,-1,10,2,10,1,14,1,13,-1,12,0,15,1,13,1,16,0,15,0,16,-1,18,0,19,1,18,0,20,-1,18,2,19,1,16,0,18,4,16,1,17,3,17,5,16,3,15,2,14,3,14,2,13,2,12,2,11,3,10,4,10,2,10,2,8,2,10,2,9,1,9,3,10,2,9,1,7,2,8,1,0,0,0,0,0,0,0,0,0,0,0,0,0,0,0,0,0,0,0,0,0,0,-5,-11,-4,-14,-3,-13,-6,-17,-4,-17,-4,-20,-3,-21,-1,-23,-2,-27,-2,-27,0,-29,-1,-31,0,-38,1,-37,7,-36,5,-36,7,-38,7,-38,10,-39,13,-40,14,-39,15,-44,15,-39,15,-44,16,-43,13,-44,17,-41,18,-41,17,-40,17,-42,13,-33,17,-39,14,-38,15,-38,17,-36,12,-33,12,-33,10,-34,8,-34,8,-34,7,-33,5,-32,3,-31,1,-30,0,-30,2,-28,1,-28,-2,-25,-2,-27,-3,-26,-5,-26,-5,-24,-3,-25,-6,-20,-7,-24,-5,-22,-6,-20,0,0]"
CSI_DATA,52,1a:00:00:00:00:00,-51,11,1,0,1,1,1,0,0,0,1,-96,0,11,2,942370,0,44,0,384,0,"[0,0,0,0,0,0,0,0,0,0,0,0,-2,4,-2,4,-1,3,-1,3,-1,2,-1,2,0,2,0,1,0,1,1,0,1,0,1,0,2,-1,2,-1,2,-1,2,-2,2,-2,2,-2,3,-3,3,-3,4,-3,4,-3,4,-3,4,-4,5,-3,4,-3,0,0,4,-3,5,-3,5,-3,5,-3,5,-2,5,-2,5,-2,5,-1,4,-1,4,-1,4,-1,4,-1,3,-1,3,-1,3,-1,2,-1,3,-1,2,-1,2,-1,2,-1,2,-1,2,-1,2,-1,2,-1,2,-1,1,-1,0,0,0,0,0,0,0,0,0,0,0,0,0,0,-22,26,-19,27,-12,29,-15,26,-15,27,-12,21,-6,22,-8,17,-3,13,-4,12,0,11,1,7,3,9,2,8,8,3,9,1,10,2,12,-3,12,-1,15,-7,18,-11,20,-5,18,-6,20,-10,21,-8,24,-6,23,-9,25,-9,25,-11,29,-13,26,-9,27,-9,27,-8,32,-5,30,-10,27,-5,30,-1,28,-9,26,0,29,-3,22,0,22,5,21,3,23,2,19,1,20,0,17,3,17,0,15,0,15,-1,10,-3,11,0,14,2,8,2,12,1,9,3,12,1,0,0,0,0,0,0,0,0,0,0,0,0,0,0,0,0,0,0,0,0,0,0,-23,3,-26,1,-29,0,-33,-2,-35,-1,-40,-6,-41,-8,-44,-11,-53,-11,-53,-15,-53,-20,-58,-20,-68,-20,-66,-28,-64,-36,-63,-38,-75,-38,-67,-44,-67,-48,-66,-54,-66,-57,-74,-63,-65,-58,-69,-62,-64,-67,-72,-66,-62,-66,-61,-64,-56,-70,-61,-69,-54,-60,-55,-65,-53,-60,-54,-59,-54,-62,-53,-53,-51,-57,-53,-57,-51,-48,-57,-52,-49,-46,-51,-45,-52,-41,-53,-39,-48,-36,-49,-33,-52,-35,-52,-32,-53,-30,-51,-25,-51,-29,-52,-27,-54,-32,-50,-20,-54,-25,-51,-22,-49,-23,0,0]"
CSI_DATA,53,1a:00:00:00:00:00,-51,11,1,0,1,1,1,0,0,0,1,-96,0,11,2,954076,0,44,0,384,0,"[0,0,0,0,0,0,0,0,0,0,0,0,2,-5,2,-5,1,-4,1,-4,0,-3,0,-3,0,-3,0,-2,-1,-2,-1,-1,-1,-1,-2,-1,-2,-1,-2,0,-3,0,-3,0,-3,0,-3,0,-4,1,-4,1,-4,1,-4,1,-4,0,-5,1,-5,1,-5,1,0,0,-5,1,-6,1,-6,1,-5,0,-5,0,-5,0,-5,0,-5,0,-4,-1,-4,-1,-4,-1,-4,-1,-4,-1,-4,-1,-3,-1,-3,-1,-3,-1,-3,-1,-3,-1,-2,-1,-3,-1,-2,-1,-2,-1,-2,0,-2,-1,-2,-1,0,0,0,0,0,0,0,0,0,0,0,0,0,0,31,-26,30,-24,25,-28,20,-20,20,-20,20,-18,19,-18,14,-16,11,-14,8,-11,2,-11,2,-10,-1,-11,-4,-7,-4,-5,-8,-5,-7,-5,-10,-6,-13,-3,-12,-2,-17,-5,-17,-6,-19,-2,-20,-2,-21,0,-24,-2,-25,-2,-27,-4,-28,-1,-29,-2,-30,-3,-29,-6,-26,-5,-30,-5,-26,-3,-27,-8,-28,-10,-27,-8,-21,-12,-22,-11,-20,-12,-16,-14,-18,-12,-16,-8,-17,-8,-15,-8,-14,-6,-12,-2,-10,-7,-9,-6,-11,-5,-7,-6,-10,-6,-8,-6,-9,-5,-9,-9,-10,-7,0,0,0,0,0,0,0,0,0,0,0,0,0,0,0,0,0,0,0,0,0,0,20,4,23,4,21,7,28,4,27,6,34,10,32,13,38,18,41,18,42,20,48,21,53,25,56,31,56,35,53,44,48,46,61,52,53,49,53,58,50,58,54,60,49,77,45,62,48,71,49,72,54,72,46,73,44,75,36,70,41,80,34,64,38,78,35,70,38,64,33,72,33,64,35,58,40,62,39,56,43,58,38,61,39,51,39,52,39,49,38,49,43,51,41,45,40,46,45,42,42,39,42,40,42,40,44,44,40,35,45,42,41,38,38,33,0,0]"
CSI_DATA,54,1a:00:00:00:00:00,-51,11,1,0,1,1,1,0,0,0,1,-96,0,11,2,962686,0,44,0,384,0,"[0,0,0,0,0,0,0,0,0,0,0,0,-5,-2,-5,-1,-4,-1,-4,-2,-3,-1,-3,-1,-2,0,-2,0,-2,0,-1,0,-1,0,0,1,-1,1,0,1,0,1,1,1,1,2,1,2,1,2,1,2,1,2,2,2,2,3,2,3,2,3,2,3,0,0,2,3,2,3,2,3,2,4,1,3,1,3,1,3,1,3,1,3,0,3,0,3,0,2,0,2,0,2,0,2,0,2,0,1,0,2,0,1,0,1,0,1,0,1,0,1,0,1,0,1,0,1,0,0,0,0,0,0,0,0,0,0,0,0,0,0,-39,-25,-35,-20,-36,-17,-31,-16,-33,-13,-27,-13,-23,-12,-19,-8,-17,-5,-12,-5,-11,-2,-10,0,-10,-3,-6,2,-1,4,-5,5,-4,10,1,8,4,10,4,10,6,15,8,14,9,17,8,15,7,19,6,19,12,19,14,20,12,23,12,20,10,25,12,25,9,25,9,27,13,25,9,27,7,26,5,24,7,24,6,22,6,20,1,22,0,23,2,18,2,15,-2,13,-1,15,3,10,0,11,2,9,1,11,1,12,2,11,2,9,1,9,2,9,0,7,0,0,0,0,0,0,0,0,0,0,0,0,0,0,0,0,0,0,0,0,0,0,7,-18,7,-24,7,-21,7,-28,8,-28,11,-29,12,-34,16,-36,16,-42,20,-42,24,-49,24,-50,28,-58,32,-58,38,-56,38,-58,46,-69,49,-58,51,-61,57,-57,61,-60,66,-65,60,-57,66,-62,67,-62,63,-64,70,-56,71,-59,65,-52,69,-59,58,-50,67,-55,62,-51,57,-50,65,-53,54,-52,51,-49,55,-55,49,-53,47,-57,47,-54,41,-52,44,-52,38,-53,36,-55,31,-49,30,-57,30,-55,23,-54,26,-57,25,-56,20,-61,30,-58,23,-50,25,-59,25,-55,22,-50,0,0]"
CSI_DATA,55,1a:00:00:00:00:00,-52,11,1,0,1,1,1,0,0,0,1,-96,0,11,2,982386,0,44,0,384,0,"[0,0,0,0,0,0,0,0,0,0,0,0,-6,2,-5,1,-4,1,-4,1,-3,1,-3,1,-2,1,-1,1,-1,0,0,0,0,0,0,0,1,-1,1,-1,2,-1,2,-1,3,-1,3,-1,3,-2,3,-1,4,-1,3,-2,4,-1,4,-2,4,-1,5,-1,0,0,4,-1,5,-1,5,-1,5,-1,4,-1,4,-1,4,-1,4,0,4,0,3,0,3,0,3,-1,3,0,3,-1,2,0,2,0,2,-1,2,-1,1,-1,2,-1,2,-1,1,-1,2,-1,1,-1,2,-1,2,-1,0,0,0,0,0,0,0,0,0,0,0,0,0,0,-20,5,-19,6,-16,6,-15,6,-14,6,-12,4,-11,3,-9,4,-7,3,-5,2,-3,1,-4,1,-2,-1,0,2,0,-1,2,-1,3,1,5,0,4,-1,6,-2,8,-1,7,-3,8,-2,9,-3,9,-1,10,-4,10,-2,11,-4,13,-3,13,-4,13,-3,14,-5,13,-1,13,-2,13,-4,12,-2,12,-2,13,-2,12,-1,11,-1,9,0,10,0,9,-2,8,0,8,-1,9,-1,6,-1,6,-3,6,-2,4,-2,4,-3,6,-2,5,-3,5,-3,4,-1,4,-1,4,-2,0,0,0,0,0,0,0,0,0,0,0,0,0,0,0,0,0,0,0,0,0,0,5,-12,4,-12,4,-13,4,-14,3,-15,4,-16,2,-18,3,-20,2,-22,3,-23,6,-28,5,-28,5,-33,6,-33,8,-32,9,-35,9,-38,12,-35,11,-37,12,-38,13,-39,13,-42,14,-41,17,-43,17,-43,15,-43,18,-41,16,-41,17,-42,14,-43,15,-38,14,-41,13,-40,8,-37,11,-39,8,-38,7,-37,7,-39,7,-34,4,-38,3,-35,0,-37,0,-33,-3,-34,-3,-31,-3,-32,-6,-31,-7,-31,-8,-32,-9,-30,-9,-29,-10,-28,-11,-28,-9,-26,-12,-31,-10,-27,-9,-24,0,0]"
CSI_DATA,56,1a:00:00:00:00:00,-50,11,1,0,1,1,1,0,0,0,1,-96,0,11,2,1004049,0,44,0,384,0,"[0,0,0,0,0,0,0,0,0,0,0,0,-1,-5,-1,-4,-1,-3,-1,-2,-1,-2,0,-1,0,-1,0,0,0,1,0,1,0,1,0,2,0,2,0,3,0,3,1,3,1,3,1,4,1,4,1,5,1,5,1,5,1,5,2,5,2,6,1,5,0,0,2,5,2,6,1,6,2,6,1,5,1,5,1,5,1,5,1,4,1,4,1,4,1,4,1,4,1,3,1,3,1,3,1,3,1,2,1,2,1,2,1,2,1,2,1,2,1,2,1,2,1,2,0,0,0,0,0,0,0,0,0,0,0,0,0,0,1,-37,2,-31,2,-27,-1,-21,4,-23,1,-20,-2,-15,-1,-13,1,-10,-2,-3,0,-2,1,2,-1,2,-1,6,0,8,0,11,3,15,2,15,3,20,-1,20,3,24,-1,24,4,25,0,26,4,27,0,28,2,32,5,34,3,32,4,35,3,32,4,33,2,33,1,33,6,31,-3,33,0,33,4,32,-4,31,3,25,0,22,-2,25,0,22,-1,26,-1,20,3,18,0,17,2,22,1,15,3,16,4,17,5,16,-1,16,2,16,2,16,0,17,2,18,0,0,0,0,0,0,0,0,0,0,0,0,0,0,0,0,0,0,0,0,0,0,18,21,17,23,19,20,22,20,24,21,25,22,25,23,28,26,41,27,39,27,40,32,48,28,53,31,53,34,54,40,56,40,66,45,56,48,59,47,58,50,63,52,69,59,61,55,73,59,69,60,73,56,66,60,68,61,64,53,71,61,58,47,66,54,66,52,64,48,65,56,63,44,61,40,67,36,64,34,63,34,64,33,63,26,63,28,59,18,60,20,55,13,57,13,57,11,56,6,57,5,57,3,57,-2,56,2,49,4,55,1,51,0,50,-1,0,0]"
CSI_DATA,57,1a:00:00:00:00:00,-48,11,1,0,1,1,1,0,0,0,1,-96,0,11,2,1012420,0,44,0,384,0,"[0,0,0,0,0,0,0,0,0,0,0,0,-3,-2,-3,-1,-2,-1,-2,-1,-1,-1,0,0,0,0,1,0,1,0,2,0,2,1,3,1,3,0,3,1,4,1,5,1,4,1,4,1,5,1,5,1,5,1,5,1,5,1,6,1,6,1,6,1,0,0,6,1,6,1,6,1,7,1,5,1,6,1,5,1,5,1,5,1,5,1,5,1,4,1,4,1,4,1,4,1,4,1,4,0,4,0,3,0,3,0,3,0,3,0,3,0,3,0,3,1,2,1,0,0,0,0,0,0,0,0,0,0,0,0,0,0,-29,-11,-26,-9,-22,-3,-16,-11,-19,-7,-13,-6,-12,-3,-10,-4,-1,0,-1,-2,4,-2,7,2,7,1,10,3,17,0,18,1,20,2,19,3,20,4,23,3,31,2,25,1,31,4,28,7,31,8,32,7,35,3,37,5,34,5,36,3,33,5,38,3,35,8,40,6,34,3,34,12,35,6,31,5,31,7,29,5,25,2,24,5,24,8,25,7,24,6,25,2,23,2,21,0,22,4,21,-1,23,2,19,1,20,0,16,3,15,2,19,3,17,4,0,0,0,0,0,0,0,0,0,0,0,0,0,0,0,0,0,0,0,0,0,0,22,-12,24,-10,22,-13,24,-18,24,-19,31,-20,29,-21,31,-25,33,-30,33,-29,40,-31,38,-31,43,-44,49,-44,54,-41,53,-42,58,-50,59,-41,64,-47,62,-46,68,-45,72,-50,68,-45,75,-51,72,-50,69,-56,73,-48,76,-49,69,-48,75,-56,57,-45,73,-51,67,-48,62,-48,66,-51,56,-50,56,-45,53,-54,49,-52,48,-54,44,-51,38,-53,42,-54,36,-52,34,-49,32,-53,26,-48,21,-47,21,-53,19,-49,19,-49,15,-50,20,-53,16,-43,11,-50,14,-48,10,-42,0,0]"
CSI_DATA,58,1a:00:00:00:00:00,-47,11,1,0,1,1,1,0,0,0,1,-96,0,11,2,1022375,0,44,0,384,0,"[0,0,0,0,0,0,0,0,0,0,0,0,-2,1,-2,0,-1,0,0,-1,0,-1,0,-1,1,-1,1,-2,2,-2,2,-3,2,-3,2,-3,3,-4,3,-4,3,-4,3,-5,3,-5,3,-5,3,-6,4,-6,4,-5,4,-6,4,-5,4,-6,4,-7,4,-6,0,0,4,-6,4,-7,5,-7,4,-6,4,-6,4,-6,4,-6,4,-5,4,-5,3,-5,3,-5,3,-5,3,-5,3,-5,3,-4,2,-4,2,-4,2,-4,2,-4,2,-3,2,-4,2,-4,2,-4,2,-4,2,-3,2,-3,0,0,0,0,0,0,0,0,0,0,0,0,0,0,-10,3,-9,5,-7,5,-7,2,-4,3,-4,3,-1,2,1,0,0,-1,3,-2,4,-4,5,-2,6,-5,7,-4,8,-5,10,-7,11,-6,11,-8,11,-8,13,-11,12,-11,12,-11,12,-12,12,-12,13,-10,15,-13,15,-11,15,-15,16,-13,16,-15,15,-12,16,-15,15,-14,14,-14,14,-13,15,-11,15,-13,14,-12,13,-9,13,-13,13,-10,13,-9,11,-10,12,-9,10,-10,12,-11,10,-8,9,-10,9,-8,9,-9,9,-9,9,-7,9,-7,7,-8,8,-9,8,-5,8,-6,0,0,0,0,0,0,0,0,0,0,0,0,0,0,0,0,0,0,0,0,0,0,3,-13,4,-14,2,-14,1,-16,2,-16,1,-17,1,-17,1,-19,0,-25,2,-24,0,-27,0,-27,-3,-30,0,-32,3,-32,1,-34,0,-38,2,-38,2,-39,4,-39,5,-40,4,-42,5,-43,4,-45,4,-44,3,-46,5,-44,6,-44,4,-43,3,-44,3,-39,3,-43,4,-41,2,-38,4,-40,-3,-40,-1,-36,-2,-36,-2,-34,-4,-35,-3,-32,-7,-32,-5,-30,-9,-29,-8,-28,-9,-27,-11,-27,-10,-23,-12,-23,-14,-23,-13,-22,-16,-21,-13,-21,-12,-19,-15,-19,-13,-17,-12,-18,0,0]"
CSI_DATA,59,1a:00:00:00:00:00,-46,11,1,0,1,1,1,0,0,0,1,-96,0,11,2,1032407,0,44,0,384,0,"[0,0,0,0,0,0,0,0,0,0,0,0,-2,0,-1,0,0,0,1,0,1,0,2,0,2,0,3,0,3,0,3,-1,4,0,5,-1,5,-1,5,-1,5,-1,6,-1,6,-2,6,-2,6,-2,7,-2,7,-1,7,-2,7,-2,7,-3,8,-2,8,-2,0,0,8,-2,8,-3,8,-2,8,-2,7,-2,7,-2,7,-2,6,-2,6,-2,6,-1,6,-1,6,-1,5,-1,5,-2,5,-1,5,-1,4,-2,4,-1,4,-1,4,-1,4,-1,4,-1,4,-1,4,-1,4,0,3,0,0,0,0,0,0,0,0,0,0,0,0,0,0,0,-21,5,-18,2,-14,8,-9,6,-5,6,-4,0,2,5,3,0,4,2,13,5,11,3,14,5,21,4,24,1,24,2,28,-1,33,-1,34,3,34,3,34,-2,43,-5,38,-1,42,-2,40,-5,41,0,45,-3,46,-4,46,-7,44,-4,52,-3,42,-4,48,-5,48,-3,46,-5,45,-10,45,-4,44,-6,43,-5,39,0,42,-4,39,-3,40,-2,33,-2,38,-1,32,-1,33,-2,36,0,29,1,30,-2,26,-2,28,-3,26,-1,26,-5,25,-1,25,1,27,2,22,5,0,0,0,0,0,0,0,0,0,0,0,0,0,0,0,0,0,0,0,0,0,0,18,-20,19,-22,20,-21,16,-26,21,-25,20,-29,17,-28,22,-31,23,-43,22,-42,25,-46,23,-48,26,-57,30,-55,32,-53,34,-63,35,-68,40,-64,40,-63,46,-68,49,-67,50,-73,48,-72,49,-76,56,-74,49,-75,55,-70,52,-72,48,-71,51,-76,40,-67,50,-72,46,-68,39,-65,46,-71,35,-67,32,-63,35,-65,28,-62,30,-67,23,-62,19,-61,16,-57,11,-56,15,-55,7,-50,6,-51,4,-52,1,-52,-2,-49,1,-48,-10,-48,-5,-45,-5,-43,-3,-45,-6,-40,-4,-36,0,0]"
CSI_DATA,60,1a:00:00:00:00:00,-45,11,1,0,1,1,1,0,0,0,1,-96,0,11,2,1042440,0,44,0,384,0,"[0,0,0,0,0,0,0,0,0,0,0,0,-2,0,-1,1,-1,1,0,2,0,2,0,2,1,3,1,3,1,3,2,4,2,5,3,4,3,4,3,5,3,5,4,5,4,5,4,5,4,5,4,6,4,6,4,6,4,6,5,6,5,7,5,7,0,0,5,7,5,7,5,7,5,7,3,6,3,7,3,6,3,6,3,6,3,6,3,6,2,5,2,5,2,5,2,5,2,5,2,4,2,4,2,4,2,4,1,4,1,3,1,4,1,4,0,4,0,3,0,0,0,0,0,0,0,0,0,0,0,0,0,0,-18,-3,-18,-6,-10,2,-14,5,-10,8,-5,6,-6,9,-2,14,0,13,4,16,4,19,11,20,11,27,13,23,15,27,18,25,20,31,21,32,17,32,21,31,25,32,27,35,27,34,26,36,27,34,26,39,30,38,30,39,28,43,34,41,28,41,30,43,30,38,28,46,27,41,17,42,23,43,23,39,16,42,21,36,17,37,17,36,14,33,17,33,16,31,14,31,14,28,14,25,9,27,12,24,13,24,11,23,11,26,5,27,6,24,1,25,3,24,0,0,0,0,0,0,0,0,0,0,0,0,0,0,0,0,0,0,0,0,0,0,22,-15,20,-16,21,-15,25,-17,22,-21,25,-20,22,-24,27,-27,31,-33,31,-32,37,-36,35,-37,39,-43,46,-44,49,-41,51,-43,55,-49,57,-45,59,-44,62,-47,69,-44,70,-49,67,-45,73,-45,75,-49,71,-51,74,-44,77,-42,76,-41,73,-42,65,-38,68,-41,62,-39,62,-41,68,-40,57,-45,59,-40,56,-37,51,-39,55,-43,52,-37,44,-40,45,-36,37,-44,31,-36,34,-40,31,-41,25,-39,23,-39,23,-40,21,-39,20,-42,21,-43,14,-37,16,-38,13,-35,9,-31,0,0]"
CSI_DATA,61,1a:00:00:00:00:00,-45,11,1,0,1,1,1,0,0,0,1,-96,0,11,2,1053253,0,44,0,384,0,"[0,0,0,0,0,0,0,0,0,0,0,0,-4,0,-3,1,-2,2,-2,2,-3,3,-2,3,-2,4,-2,4,-2,4,-1,5,-2,6,-1,6,-1,6,-1,6,-1,6,0,7,0,7,0,7,0,8,0,8,0,8,0,8,0,8,0,9,0,9,-1,9,0,0,0,9,0,9,-1,9,0,9,-1,8,-2,8,-1,8,-2,7,-1,7,-1,7,-2,7,-2,6,-2,6,-2,5,-2,5,-1,5,-1,5,-1,4,-1,4,-1,4,-2,4,-2,4,-2,4,-2,3,-2,3,-2,2,0,0,0,0,0,0,0,0,0,0,0,0,0,0,-10,-5,-9,-2,-11,-1,-9,0,-7,3,-7,5,-7,6,-6,10,-4,8,-5,9,-4,10,-4,11,-3,12,-3,14,-2,15,-2,16,-2,18,-2,18,-3,20,0,19,1,23,0,20,1,21,1,21,-1,22,1,25,-1,25,0,25,-1,24,1,27,-1,23,-2,25,-3,21,0,28,-1,23,-4,24,-4,23,-3,22,-6,20,-4,19,-5,19,-5,19,-4,17,-4,18,-5,16,-5,15,-5,14,-4,13,-3,14,-4,12,-5,11,-5,11,-5,11,-6,11,-5,9,-6,8,-7,9,0,0,0,0,0,0,0,0,0,0,0,0,0,0,0,0,0,0,0,0,0,0,10,-6,10,-7,10,-8,12,-10,12,-9,14,-10,13,-12,14,-11,16,-14,17,-14,20,-15,20,-18,23,-20,23,-18,25,-17,26,-18,31,-19,30,-15,32,-18,32,-19,35,-16,36,-19,35,-16,39,-16,39,-16,39,-16,37,-13,39,-14,37,-12,40,-14,33,-12,38,-12,36,-13,33,-12,35,-13,32,-13,29,-12,31,-13,27,-11,28,-14,28,-13,26,-15,25,-15,22,-15,22,-16,17,-14,18,-16,18,-17,15,-16,15,-17,15,-18,13,-18,14,-17,11,-16,12,-18,10,-16,6,-15,0,0]"
CSI_DATA,62,1a:00:00:00:00:00,-44,11,1,0,1,1,1,0,0,0,1,-96,0,11,2,1062396,0,44,0,384,0,"[0,0,0,0,0,0,0,0,0,0,0,0,1,3,1,3,2,2,2,2,3,2,3,1,3,1,4,1,4,1,5,0,6,1,6,0,6,0,6,0,6,0,7,-1,7,0,7,0,7,-1,7,0,8,0,8,0,8,0,8,-1,9,0,9,0,0,0,9,0,9,0,9,1,8,1,7,1,7,1,7,1,6,1,6,1,6,1,6,2,5,1,5,1,4,1,4,1,5,1,4,1,4,1,3,1,3,1,3,1,3,1,3,1,3,1,2,2,2,2,0,0,0,0,0,0,0,0,0,0,0,0,0,0,-12,27,-9,22,-2,23,-1,19,6,18,4,18,9,19,12,16,12,10,16,16,23,10,22,10,27,8,26,15,32,6,34,7,38,8,37,7,36,8,40,4,48,5,43,5,45,3,46,6,44,8,49,7,47,7,49,5,49,8,50,9,50,8,51,10,47,8,53,11,44,10,43,16,43,13,39,12,37,17,41,15,31,14,32,17,31,13,28,16,28,15,25,15,25,12,21,11,22,13,21,15,22,11,19,10,17,9,15,13,15,11,17,10,11,14,0,0,0,0,0,0,0,0,0,0,0,0,0,0,0,0,0,0,0,0,0,0,-20,-17,-18,-19,-18,-21,-24,-21,-22,-21,-24,-28,-26,-25,-29,-27,-35,-31,-32,-33,-40,-42,-39,-37,-49,-45,-44,-47,-47,-54,-42,-52,-50,-63,-40,-58,-43,-61,-42,-62,-40,-71,-42,-76,-37,-69,-40,-80,-38,-80,-39,-77,-34,-79,-35,-80,-32,-74,-39,-81,-29,-63,-32,-76,-31,-69,-31,-68,-29,-71,-31,-65,-30,-58,-34,-60,-32,-56,-34,-54,-31,-56,-31,-46,-36,-49,-32,-45,-35,-43,-34,-36,-39,-34,-39,-32,-38,-32,-38,-30,-37,-29,-40,-26,-43,-29,-34,-20,-37,-27,-39,-20,-35,-19,0,0]"
CSI_DATA,63,1a:00:00:00:00:00,-45,11,1,0,1,1,1,0,0,0,1,-96,0,11,2,1072386,0,44,0,384,0,"[0,0,0,0,0,0,0,0,0,0,0,0,2,3,2,2,3,2,3,2,3,1,3,1,4,0,4,0,4,0,4,-1,5,0,6,-1,6,-1,6,-1,6,-1,6,-2,7,-2,6,-2,6,-2,7,-2,7,-1,7,-2,7,-1,8,-2,8,-2,8,-1,0,0,8,-1,8,-1,8,-1,7,-1,7,0,7,0,6,0,6,0,6,0,5,1,5,1,5,1,5,1,4,1,4,1,4,1,3,0,3,0,3,0,3,0,3,1,2,1,2,1,2,1,2,1,2,1,0,0,0,0,0,0,0,0,0,0,0,0,0,0,-7,26,-5,27,3,27,3,22,7,20,6,21,9,17,15,18,15,12,18,12,19,12,21,13,24,9,25,9,31,8,32,5,35,7,35,3,34,8,35,6,40,7,38,6,40,3,41,9,38,7,44,7,44,7,45,5,43,10,47,8,45,9,45,14,42,14,44,12,41,13,39,18,36,16,33,15,32,19,29,14,31,15,25,18,26,16,23,14,22,17,19,16,22,15,18,8,16,10,14,11,12,13,14,12,13,11,12,12,12,13,7,12,7,13,0,0,0,0,0,0,0,0,0,0,0,0,0,0,0,0,0,0,0,0,0,0,-27,-4,-28,-4,-27,-4,-33,-5,-32,-4,-35,-7,-35,-6,-40,-9,-45,-9,-46,-7,-52,-10,-54,-9,-64,-10,-61,-18,-59,-27,-62,-22,-71,-26,-63,-35,-68,-33,-67,-37,-66,-42,-73,-49,-68,-44,-74,-47,-69,-55,-75,-49,-64,-52,-63,-58,-59,-54,-64,-55,-54,-47,-57,-50,-55,-49,-51,-47,-53,-51,-52,-44,-49,-40,-55,-41,-49,-37,-51,-39,-48,-39,-50,-33,-51,-32,-47,-26,-46,-27,-46,-24,-45,-22,-48,-22,-49,-19,-48,-16,-46,-18,-48,-15,-49,-13,-43,-12,-48,-15,-43,-11,-38,-9,0,0]"
CSI_DATA,64,1a:00:00:00:00:00,-45,11,1,0,1,1,1,0,0,0,1,-96,0,11,2,1082423,0,44,0,384,0,"[0,0,0,0,0,0,0,0,0,0,0,0,-2,3,-2,3,-1,3,-1,3,0,3,0,4,1,3,1,3,2,4,2,3,3,4,3,4,3,4,4,4,3,4,5,5,5,5,4,4,5,4,4,5,4,5,5,5,4,5,5,5,5,5,5,6,0,0,4,6,4,6,4,6,4,6,3,5,3,6,3,5,2,5,2,5,2,5,1,5,1,4,1,4,1,3,1,3,1,3,1,3,1,3,1,3,1,3,0,3,0,3,0,2,0,2,-1,2,-1,2,0,0,0,0,0,0,0,0,0,0,0,0,0,0,-30,16,-24,15,-21,18,-18,18,-13,19,-10,15,-10,18,-6,18,-6,20,2,19,2,24,3,18,6,26,4,26,10,24,18,24,14,30,19,27,16,27,20,31,21,31,19,30,23,29,18,33,20,35,17,36,19,34,23,38,21,38,23,38,20,35,16,38,13,36,15,38,14,36,8,36,7,36,5,34,3,34,7,30,4,32,1,29,4,29,0,26,1,25,1,22,2,22,3,24,3,17,-1,18,1,17,-1,18,0,17,-4,14,-4,15,-2,14,-3,13,0,0,0,0,0,0,0,0,0,0,0,0,0,0,0,0,0,0,0,0,0,0,-23,-21,-21,-20,-21,-22,-26,-22,-26,-25,-27,-33,-27,-30,-27,-31,-34,-37,-35,-37,-37,-47,-38,-42,-44,-49,-40,-54,-33,-59,-35,-61,-41,-70,-33,-69,-32,-71,-28,-75,-25,-79,-28,-85,-21,-79,-24,-84,-20,-85,-22,-84,-14,-86,-13,-85,-11,-80,-14,-88,-11,-73,-10,-82,-4,-76,-12,-74,-5,-77,-11,-71,-8,-66,-12,-70,-16,-64,-15,-64,-12,-65,-19,-61,-16,-57,-21,-53,-18,-53,-17,-54,-23,-56,-21,-50,-24,-52,-22,-49,-24,-47,-25,-46,-26,-51,-24,-42,-22,-45,-22,-44,-21,-41,0,0]"
CSI_DATA,65,1a:00:00:00:00:00,-46,11,1,0,1,1,1,0,0,0,1,-96,0,11,2,1092385,0,44,0,384,0,"[0,0,0,0,0,0,0,0,0,0,0,0,1,3,1,2,2,2,2,1,2,1,2,1,3,0,3,0,3,0,3,-1,4,-1,4,-1,5,-1,5,-1,4,-1,5,-2,5,-2,5,-2,5,-2,6,-2,6,-1,6,-2,6,-1,6,-2,7,-1,6,-1,0,0,6,-1,6,-1,6,-1,6,-1,5,0,5,0,5,0,5,0,4,0,4,0,4,0,4,0,3,0,3,0,3,0,3,0,3,0,2,0,2,0,2,0,2,0,2,0,2,0,2,0,2,1,1,1,0,0,0,0,0,0,0,0,0,0,0,0,0,0,0,16,2,13,4,12,3,10,5,9,4,8,6,5,7,3,8,2,9,2,8,1,10,1,11,-2,11,-2,12,-3,12,-3,14,-6,13,-6,15,-4,15,-6,17,-7,14,-4,17,-6,18,-5,17,-4,17,-5,18,-5,19,-7,20,-5,19,-5,19,-4,19,-4,16,-3,19,-2,16,-3,15,1,16,0,15,-1,13,1,14,-1,13,0,12,1,12,0,12,0,10,1,10,1,10,1,10,1,7,1,8,0,8,1,6,2,6,2,6,1,6,2,6,4,4,3,0,0,0,0,0,0,0,0,0,0,0,0,0,0,0,0,0,0,0,0,0,0,-13,7,-15,8,-14,8,-17,10,-16,8,-19,10,-18,9,-21,10,-24,10,-23,10,-27,13,-28,13,-31,15,-31,12,-36,9,-35,9,-40,10,-37,5,-39,7,-40,3,-41,2,-44,1,-40,1,-45,0,-44,-2,-44,1,-43,-4,-44,-5,-40,-5,-46,-7,-37,-6,-43,-6,-40,-6,-38,-6,-38,-7,-36,-4,-33,-4,-36,-3,-33,-2,-34,-2,-35,-4,-30,0,-34,-3,-30,1,-30,0,-30,1,-29,2,-28,2,-28,4,-28,3,-27,3,-26,5,-30,2,-24,3,-27,2,-25,4,-21,1,0,0]"
CSI_DATA,66,1a:00:00:00:00:00,-46,11,1,0,1,1,1,0,0,0,1,-96,0,11,2,1102440,0,44,0,384,0,"[0,0,0,0,0,0,0,0,0,0,0,0,-3,1,-2,2,-2,2,-1,2,-1,2,0,2,0,2,1,2,1,2,1,2,2,3,2,3,2,3,3,3,2,3,3,4,3,3,3,4,3,4,3,4,3,4,3,4,3,5,3,5,3,5,3,5,0,0,3,5,2,5,2,5,2,5,1,4,1,5,1,4,1,4,1,4,1,4,1,4,0,3,1,3,0,3,0,3,0,3,1,2,0,2,0,2,0,2,0,2,0,2,0,2,0,2,-1,2,-1,2,0,0,0,0,0,0,0,0,0,0,0,0,0,0,-27,9,-26,8,-23,14,-19,9,-16,11,-13,13,-10,14,-5,11,0,13,3,14,3,12,5,14,7,16,9,20,12,20,17,19,15,23,20,19,16,23,22,26,23,26,20,26,20,27,20,29,16,30,19,30,21,29,20,34,18,34,22,33,17,35,17,32,14,33,14,33,14,29,8,29,9,27,7,27,5,29,6,23,8,25,6,27,5,20,6,23,4,19,6,23,3,19,5,17,5,16,-2,17,0,17,-1,15,2,15,0,14,-1,13,-1,16,-2,14,0,0,0,0,0,0,0,0,0,0,0,0,0,0,0,0,0,0,0,0,0,0,-29,-16,-29,-18,-29,-19,-34,-21,-34,-24,-35,-27,-35,-28,-36,-31,-43,-35,-41,-35,-44,-40,-46,-38,-52,-44,-51,-53,-46,-54,-47,-56,-51,-66,-44,-68,-41,-70,-41,-74,-36,-79,-38,-81,-33,-78,-35,-83,-33,-86,-36,-81,-28,-85,-23,-84,-24,-79,-26,-84,-21,-72,-20,-79,-19,-77,-20,-75,-13,-77,-18,-70,-18,-66,-22,-72,-18,-65,-24,-70,-18,-68,-26,-62,-24,-62,-21,-59,-18,-57,-19,-51,-21,-52,-22,-53,-25,-53,-22,-53,-21,-51,-24,-50,-22,-52,-19,-42,-23,-49,-16,-42,-18,-41,0,0]"
CSI_DATA,67,1a:00:00:00:00:00,-45,11,1,0,1,1,1,0,0,0,1,-96,0,11,2,1123201,0,44,0,384,0,"[0,0,0,0,0,0,0,0,0,0,0,0,0,0,1,0,1,-1,1,-2,1,-2,1,-2,2,-3,2,-3,2,-3,2,-4,3,-4,3,-4,3,-5,3,-5,3,-5,3,-6,3,-6,3,-6,3,-6,3,-6,4,-6,3,-6,4,-6,4,-6,4,-6,4,-6,0,0,3,-6,4,-6,4,-6,3,-6,4,-5,3,-5,3,-5,3,-5,2,-5,3,-4,3,-4,2,-4,2,-4,2,-4,2,-4,2,-4,2,-4,2,-3,2,-3,1,-3,2,-3,2,-3,2,-3,2,-2,2,-2,2,-2,0,0,0,0,0,0,0,0,0,0,0,0,0,0,-1,16,-1,9,1,9,2,7,5,4,4,2,4,-7,7,-7,8,-9,10,-11,10,-14,11,-14,13,-19,15,-18,16,-25,17,-24,17,-24,18,-27,19,-28,21,-30,20,-37,20,-32,21,-33,18,-33,24,-32,18,-37,25,-35,22,-39,24,-32,22,-38,25,-35,21,-34,22,-33,25,-33,19,-30,23,-31,19,-30,19,-28,18,-27,21,-24,18,-23,17,-25,18,-23,18,-22,15,-24,16,-21,13,-23,15,-21,14,-20,12,-19,12,-16,13,-16,12,-13,14,-14,12,-15,13,-10,10,-9,0,0,0,0,0,0,0,0,0,0,0,0,0,0,0,0,0,0,0,0,0,0,-34,-5,-35,-6,-34,-6,-41,-5,-39,-5,-42,-10,-43,-6,-45,-10,-51,-8,-53,-10,-58,-10,-61,-12,-67,-11,-66,-16,-66,-21,-70,-19,-80,-16,-72,-24,-74,-25,-72,-28,-75,-31,-82,-35,-76,-34,-80,-35,-82,-38,-80,-34,-73,-39,-76,-39,-74,-37,-81,-35,-67,-30,-72,-37,-71,-33,-69,-31,-70,-35,-69,-28,-62,-27,-68,-25,-60,-24,-65,-23,-63,-23,-63,-18,-61,-18,-59,-12,-57,-14,-58,-9,-52,-10,-52,-6,-53,-4,-53,-5,-45,-6,-49,-2,-49,-8,-41,-4,-43,-5,-39,-3,-32,-3,0,0]"
CSI_DATA,68,1a:00:00:00:00:00,-44,11,1,0,1,1,1,0,0,0,1,-96,0,11,2,1132395,0,44,0,384,0,"[0,0,0,0,0,0,0,0,0,0,0,0,0,-1,0,-2,0,-2,0,-3,0,-4,0,-4,0,-4,0,-5,1,-5,0,-6,1,-6,0,-7,1,-7,1,-7,1,-7,1,-8,1,-8,1,-8,1,-8,1,-8,1,-8,1,-8,1,-8,1,-9,1,-9,1,-9,0,0,1,-8,1,-9,1,-8,1,-8,1,-8,1,-7,1,-7,1,-7,1,-6,1,-6,1,-6,1,-6,1,-6,1,-6,1,-5,1,-5,0,-5,0,-5,0,-4,0,-4,1,-4,1,-4,1,-4,1,-4,1,-3,1,-3,0,0,0,0,0,0,0,0,0,0,0,0,0,0,-1,5,1,4,2,3,1,0,0,-1,1,-3,1,-6,2,-8,2,-8,3,-8,2,-10,4,-11,3,-14,2,-14,5,-14,2,-17,5,-18,3,-19,6,-18,4,-20,4,-22,3,-20,3,-21,5,-21,4,-21,5,-22,5,-21,4,-24,5,-23,5,-22,6,-22,5,-23,5,-22,4,-22,3,-20,7,-19,5,-19,4,-19,5,-17,4,-17,4,-16,5,-17,4,-16,4,-15,3,-14,4,-15,3,-12,2,-14,4,-12,2,-12,2,-12,3,-11,3,-11,3,-8,3,-9,5,-8,5,-8,0,0,0,0,0,0,0,0,0,0,0,0,0,0,0,0,0,0,0,0,0,0,-16,-2,-16,-3,-18,-2,-19,-2,-19,-2,-22,-2,-20,0,-23,-2,-26,-1,-26,-2,-29,-3,-29,-2,-34,0,-33,-4,-32,-6,-35,-5,-37,-5,-37,-6,-38,-8,-39,-9,-38,-11,-41,-10,-39,-10,-41,-12,-41,-14,-43,-10,-38,-13,-39,-13,-38,-13,-41,-12,-35,-12,-39,-10,-36,-11,-35,-9,-35,-13,-36,-8,-33,-8,-34,-7,-31,-5,-33,-4,-30,-5,-31,-2,-29,-4,-29,-1,-25,-1,-27,0,-26,2,-24,1,-25,3,-23,1,-23,0,-22,2,-21,-1,-18,1,-17,1,-15,1,-15,1,0,0]"
CSI_DATA,69,1a:00:00:00:00:00,-43,11,1,0,1,1,1,0,0,0,1,-96,0,11,2,1142584,0,44,0,384,0,"[0,0,0,0,0,0,0,0,0,0,0,0,-2,-1,-3,-1,-3,0,-4,0,-4,0,-5,0,-5,0,-5,1,-6,1,-6,1,-7,1,-7,1,-7,1,-8,1,-8,1,-9,2,-9,2,-8,1,-8,2,-8,1,-9,1,-9,2,-9,1,-9,2,-9,2,-9,1,0,0,-9,1,-9,1,-9,1,-8,1,-8,0,-8,1,-7,1,-7,0,-7,1,-7,0,-7,1,-6,0,-6,1,-6,0,-6,0,-6,0,-5,0,-5,0,-5,0,-4,0,-5,0,-5,0,-4,0,-4,-1,-4,-1,-3,-1,0,0,0,0,0,0,0,0,0,0,0,0,0,0,6,-7,2,-6,0,-5,-7,-2,-12,-2,-12,-5,-21,0,-21,1,-21,2,-23,2,-24,4,-27,4,-32,7,-33,6,-37,9,-35,10,-41,9,-41,13,-40,9,-42,10,-46,14,-44,8,-44,11,-46,9,-46,8,-47,11,-48,10,-49,13,-50,13,-48,13,-46,11,-49,9,-45,8,-48,7,-39,9,-44,5,-40,5,-40,7,-40,3,-40,5,-36,5,-37,4,-32,4,-33,4,-29,3,-29,5,-27,6,-30,5,-27,2,-23,0,-26,3,-24,3,-23,2,-23,0,-19,-2,-19,-3,-18,-4,0,0,0,0,0,0,0,0,0,0,0,0,0,0,0,0,0,0,0,0,0,0,17,26,17,29,19,26,23,31,20,30,21,37,21,33,21,34,27,41,28,41,32,45,31,47,40,52,36,54,31,57,31,61,37,68,29,65,30,68,29,71,25,73,31,78,27,73,30,77,25,78,32,77,25,75,22,78,22,75,25,77,20,69,20,76,18,69,20,67,21,71,21,65,21,61,26,61,25,54,27,58,25,53,28,50,24,51,28,44,26,41,25,41,25,41,23,38,29,33,28,35,24,28,27,30,23,29,18,22,22,25,17,22,16,17,0,0]"
CSI_DATA,70,1a:00:00:00:00:00,-42,11,1,0,1,1,1,0,0,0,1,-96,0,11,2,1152377,0,44,0,384,0,"[0,0,0,0,0,0,0,0,0,0,0,0,-1,-3,-1,-3,-2,-4,-2,-4,-3,-5,-3,-5,-3,-5,-3,-5,-4,-6,-4,-6,-4,-7,-5,-7,-5,-7,-5,-7,-4,-7,-6,-8,-6,-7,-5,-7,-5,-7,-6,-8,-5,-8,-5,-8,-5,-8,-6,-8,-6,-8,-6,-8,0,0,-6,-8,-5,-8,-5,-8,-5,-7,-4,-7,-4,-7,-4,-7,-4,-7,-4,-6,-4,-6,-4,-6,-3,-6,-3,-5,-3,-5,-3,-5,-3,-5,-3,-5,-3,-4,-3,-4,-3,-4,-2,-4,-2,-4,-2,-4,-2,-4,-1,-4,-1,-4,0,0,0,0,0,0,0,0,0,0,0,0,0,0,7,-3,4,-5,3,-12,-2,-10,-4,-14,-6,-18,-8,-18,-11,-22,-15,-21,-15,-25,-18,-29,-20,-29,-20,-29,-21,-30,-22,-34,-22,-33,-27,-39,-27,-35,-26,-38,-29,-37,-32,-41,-28,-37,-31,-41,-25,-42,-27,-42,-30,-40,-28,-41,-31,-44,-27,-44,-34,-43,-28,-42,-30,-45,-27,-40,-30,-41,-25,-34,-22,-39,-22,-38,-20,-36,-19,-35,-20,-29,-17,-31,-16,-32,-16,-28,-17,-28,-17,-29,-16,-24,-14,-27,-15,-26,-11,-22,-12,-22,-11,-22,-11,-22,-10,-20,-10,-21,-9,-21,-4,-21,-3,-19,0,0,0,0,0,0,0,0,0,0,0,0,0,0,0,0,0,0,0,0,0,0,-14,27,-15,27,-17,25,-17,33,-17,34,-18,36,-18,37,-23,38,-23,45,-26,40,-31,49,-30,49,-32,55,-35,55,-41,54,-37,54,-41,65,-46,55,-50,58,-48,59,-56,55,-56,61,-53,52,-58,60,-63,58,-56,61,-59,54,-61,55,-56,49,-61,59,-46,45,-58,54,-51,50,-49,47,-54,48,-45,48,-44,43,-45,49,-40,45,-39,46,-38,46,-32,46,-32,46,-25,42,-27,41,-23,37,-23,35,-20,38,-18,35,-16,34,-14,35,-12,34,-14,34,-8,26,-11,27,-9,24,-7,20,0,0]"
CSI_DATA,71,1a:00:00:00:00:00,-42,11,1,0,1,1,1,0,0,0,1,-96,0,11,2,1163206,0,44,0,384,0,"[0,0,0,0,0,0,0,0,0,0,0,0,2,-3,2,-3,1,-4,2,-5,2,-5,2,-5,2,-6,2,-6,2,-7,2,-7,3,-8,2,-8,3,-8,3,-8,2,-8,2,-9,2,-9,2,-9,2,-9,2,-10,3,-9,3,-10,3,-9,3,-10,3,-10,3,-10,0,0,2,-9,3,-9,3,-9,2,-8,3,-8,3,-8,3,-8,2,-7,2,-7,2,-7,2,-6,3,-6,2,-6,2,-6,2,-5,2,-5,1,-6,1,-5,1,-5,1,-4,2,-4,1,-4,2,-4,2,-4,2,-3,2,-3,0,0,0,0,0,0,0,0,0,0,0,0,0,0,4,1,4,0,6,-3,5,-4,5,-7,5,-6,7,-9,8,-11,7,-12,8,-13,7,-14,7,-15,9,-16,8,-17,8,-19,7,-22,8,-24,8,-23,9,-21,9,-23,9,-25,9,-23,9,-24,11,-25,10,-23,10,-24,9,-24,10,-26,10,-24,10,-26,9,-24,11,-24,11,-23,11,-24,8,-22,11,-21,9,-21,10,-19,9,-19,8,-18,9,-17,8,-17,9,-15,9,-16,6,-15,6,-13,8,-13,6,-14,6,-12,6,-12,7,-12,7,-10,7,-10,5,-9,6,-9,6,-8,7,-7,0,0,0,0,0,0,0,0,0,0,0,0,0,0,0,0,0,0,0,0,0,0,-14,4,-17,2,-16,3,-17,2,-18,4,-21,3,-22,3,-23,3,-25,3,-25,4,-28,4,-28,6,-33,5,-33,4,-34,1,-36,0,-40,1,-36,-2,-37,-1,-39,-4,-40,-4,-43,-7,-38,-5,-42,-4,-42,-6,-43,-3,-40,-8,-40,-6,-39,-9,-40,-8,-34,-7,-38,-7,-36,-8,-35,-5,-35,-7,-32,-4,-31,-4,-32,-2,-29,-2,-30,-1,-28,-3,-28,0,-26,0,-27,1,-22,3,-21,4,-21,4,-21,5,-20,5,-17,5,-17,5,-16,6,-17,5,-13,4,-14,5,-12,5,-10,6,0,0]"
CSI_DATA,72,1a:00:00:00:00:00,-42,11,1,0,1,1,1,0,0,0,1,-96,0,11,2,1172378,0,44,0,384,0,"[0,0,0,0,0,0,0,0,0,0,0,0,-1,-4,-2,-4,-2,-5,-3,-5,-3,-5,-3,-5,-4,-5,-4,-6,-4,-6,-5,-6,-5,-7,-6,-7,-5,-7,-6,-7,-5,-7,-7,-7,-7,-7,-6,-7,-6,-7,-6,-7,-6,-8,-6,-8,-6,-8,-7,-8,-6,-8,-7,-8,0,0,-6,-8,-6,-8,-6,-8,-6,-8,-5,-7,-5,-7,-5,-7,-4,-6,-4,-6,-4,-6,-4,-6,-4,-6,-3,-5,-3,-5,-4,-5,-3,-5,-3,-5,-3,-5,-3,-5,-3,-4,-2,-5,-2,-4,-2,-4,-2,-4,-1,-4,-1,-4,0,0,0,0,0,0,0,0,0,0,0,0,0,0,8,-15,6,-13,0,-17,-5,-20,-6,-16,-9,-18,-13,-19,-16,-21,-16,-24,-20,-22,-23,-21,-25,-27,-29,-27,-27,-29,-31,-31,-33,-28,-33,-34,-35,-32,-34,-32,-39,-29,-42,-34,-38,-33,-39,-30,-39,-36,-36,-34,-37,-34,-42,-36,-43,-35,-37,-39,-41,-36,-36,-35,-37,-36,-33,-34,-39,-36,-35,-30,-29,-35,-32,-33,-29,-30,-26,-32,-27,-27,-26,-27,-24,-30,-22,-28,-21,-27,-19,-25,-22,-25,-22,-24,-21,-23,-16,-21,-17,-22,-18,-21,-13,-23,-15,-20,-11,-21,-10,-21,-7,-20,-7,-20,0,0,0,0,0,0,0,0,0,0,0,0,0,0,0,0,0,0,0,0,0,0,2,27,2,32,3,31,6,36,6,38,6,41,7,39,6,45,6,49,3,50,4,54,5,57,7,65,3,65,-4,65,-4,68,-1,76,-9,70,-9,70,-12,73,-15,77,-16,80,-17,77,-18,82,-19,82,-17,81,-22,74,-20,73,-21,71,-21,77,-18,63,-24,72,-18,66,-19,64,-21,67,-14,63,-14,58,-12,62,-9,54,-7,55,-10,52,-2,52,-2,51,0,48,0,42,5,45,4,43,6,41,10,36,6,38,11,36,13,34,10,32,14,26,12,28,10,26,13,20,0,0]"
CSI_DATA,73,1a:00:00:00:00:00,-42,11,1,0,1,1,1,0,0,0,1,-96,0,11,2,1182410,0,44,0,384,0,"[0,0,0,0,0,0,0,0,0,0,0,0,2,-3,1,-4,1,-5,1,-5,1,-5,1,-6,0,-6,0,-7,0,-7,0,-7,0,-8,-1,-8,0,-9,0,-9,0,-9,-1,-9,-1,-9,-1,-9,-1,-9,-1,-9,0,-9,-1,-10,0,-9,-1,-10,0,-10,0,-10,0,0,-1,-10,0,-10,0,-10,-1,-9,0,-8,0,-8,0,-8,0,-8,0,-7,0,-7,0,-7,0,-6,0,-7,0,-6,0,-6,0,-6,0,-6,0,-5,0,-5,0,-5,1,-5,1,-5,1,-4,1,-4,1,-4,1,-4,0,0,0,0,0,0,0,0,0,0,0,0,0,0,20,-3,13,-5,13,-8,11,-11,11,-15,12,-18,9,-22,9,-25,7,-27,9,-29,6,-32,5,-31,5,-35,7,-39,5,-39,5,-41,5,-47,2,-41,5,-43,3,-48,1,-52,2,-47,5,-50,5,-49,6,-48,5,-51,5,-50,3,-52,7,-53,4,-54,6,-48,6,-47,8,-47,8,-51,3,-42,7,-45,10,-42,7,-43,13,-39,8,-39,7,-37,8,-35,8,-34,8,-32,9,-32,7,-33,9,-29,4,-32,9,-27,8,-25,8,-27,8,-27,10,-23,9,-20,11,-20,13,-17,13,-16,0,0,0,0,0,0,0,0,0,0,0,0,0,0,0,0,0,0,0,0,0,0,-18,25,-22,26,-22,24,-25,32,-25,29,-30,30,-28,32,-33,33,-32,38,-36,38,-37,40,-40,41,-41,48,-49,46,-52,41,-53,43,-56,50,-56,41,-58,42,-65,40,-64,40,-72,42,-65,38,-71,41,-74,41,-70,45,-71,36,-72,36,-67,32,-72,36,-59,30,-68,33,-60,28,-58,31,-61,27,-51,31,-52,28,-48,32,-47,29,-46,33,-46,29,-42,34,-41,33,-34,34,-33,35,-32,29,-28,31,-25,34,-26,30,-26,33,-24,34,-20,33,-20,33,-12,26,-16,31,-12,30,-7,26,0,0]"
CSI_DATA,74,1a:00:00:00:00:00,-43,11,1,0,1,1,1,0,0,0,1,-96,0,11,2,1192419,0,44,0,384,0,"[0,0,0,0,0,0,0,0,0,0,0,0,2,-3,1,-4,1,-4,1,-4,1,-5,0,-5,0,-6,0,-6,-1,-6,-1,-7,-1,-8,-1,-8,-1,-8,-1,-8,-1,-8,-2,-9,-2,-9,-2,-9,-2,-9,-2,-9,-1,-9,-2,-9,-1,-9,-2,-10,-1,-10,-1,-10,0,0,-2,-9,-1,-10,-1,-9,-2,-9,-1,-8,-1,-8,-1,-8,0,-7,-1,-7,-1,-7,-1,-7,0,-7,-1,-6,-1,-6,0,-6,-1,-6,0,-6,-1,-5,0,-5,0,-5,0,-5,0,-5,1,-5,1,-4,1,-4,1,-4,0,0,0,0,0,0,0,0,0,0,0,0,0,0,22,-1,18,-1,17,-6,14,-7,14,-13,10,-15,15,-18,9,-21,9,-24,5,-23,6,-28,4,-30,7,-36,6,-36,4,-38,1,-42,3,-44,0,-45,5,-43,5,-47,0,-50,5,-46,2,-47,4,-47,6,-45,5,-51,4,-49,3,-53,3,-55,3,-54,3,-51,8,-51,8,-48,9,-48,4,-45,10,-43,10,-43,6,-40,14,-40,5,-37,6,-37,9,-37,8,-34,8,-35,9,-33,11,-31,8,-28,7,-29,8,-27,9,-26,11,-25,9,-27,9,-25,11,-22,15,-20,11,-17,14,-17,0,0,0,0,0,0,0,0,0,0,0,0,0,0,0,0,0,0,0,0,0,0,-21,31,-24,27,-22,28,-23,33,-25,33,-28,32,-28,33,-29,35,-32,43,-32,41,-34,45,-34,47,-38,55,-41,51,-47,45,-51,49,-54,53,-57,50,-54,49,-63,47,-66,44,-73,49,-65,45,-67,49,-73,47,-68,52,-67,43,-71,41,-69,39,-68,40,-58,36,-65,36,-63,33,-56,33,-61,32,-55,35,-52,33,-50,37,-46,36,-43,40,-46,35,-38,38,-38,36,-30,40,-31,36,-33,34,-30,35,-28,37,-24,38,-24,42,-24,35,-18,38,-19,35,-15,33,-15,37,-11,31,-8,30,0,0]"
CSI_DATA,75,1a:00:00:00:00:00,-43,11,1,0,1,1,1,0,0,0,1,-96,0,11,2,1202439,0,44,0,384,0,"[0,0,0,0,0,0,0,0,0,0,0,0,2,-2,2,-2,2,-3,2,-3,2,-4,1,-4,1,-5,1,-5,1,-6,1,-6,1,-7,1,-7,1,-8,1,-8,1,-7,0,-9,0,-8,1,-8,0,-8,1,-9,1,-9,0,-9,1,-9,1,-9,1,-9,1,-9,0,0,1,-9,1,-9,1,-9,1,-9,1,-8,2,-8,1,-7,2,-7,1,-7,1,-7,1,-7,1,-6,1,-6,1,-6,1,-6,1,-6,1,-6,1,-5,1,-5,1,-5,1,-5,1,-5,2,-4,2,-4,2,-4,2,-3,0,0,0,0,0,0,0,0,0,0,0,0,0,0,22,2,19,0,18,-6,13,-8,17,-9,12,-12,8,-14,6,-18,6,-20,7,-24,4,-26,5,-25,1,-32,0,-33,2,-31,-4,-37,-1,-46,-3,-41,-3,-38,-4,-44,-3,-44,-3,-44,-4,-41,-2,-44,-1,-46,-3,-46,-4,-49,-6,-48,-1,-52,-4,-52,0,-46,2,-49,0,-47,2,-46,-1,-42,5,-41,2,-42,2,-41,4,-41,3,-39,2,-34,5,-38,4,-35,4,-33,4,-30,4,-34,4,-30,5,-29,4,-26,5,-25,5,-25,7,-24,7,-22,9,-21,12,-20,9,-20,13,-19,0,0,0,0,0,0,0,0,0,0,0,0,0,0,0,0,0,0,0,0,0,0,-25,27,-26,27,-26,28,-29,34,-29,30,-30,33,-29,33,-33,35,-33,42,-36,37,-40,40,-39,45,-44,50,-46,49,-51,40,-52,46,-54,55,-59,45,-61,46,-62,48,-64,47,-70,48,-67,44,-67,46,-71,46,-69,47,-68,39,-69,40,-69,38,-68,41,-60,32,-68,37,-63,38,-61,36,-63,35,-51,37,-52,33,-50,40,-43,36,-47,38,-44,34,-38,43,-40,40,-32,36,-34,34,-30,39,-28,38,-25,41,-24,39,-27,44,-19,37,-16,39,-21,36,-15,33,-17,40,-14,34,-15,30,0,0]"
CSI_DATA,76,1a:00:00:00:00:00,-44,11,1,0,1,1,1,0,0,0,1,-96,0,11,2,1225176,0,44,0,384,0,"[0,0,0,0,0,0,0,0,0,0,0,0,-1,1,-1,1,0,1,0,1,1,1,2,2,2,1,3,2,3,2,3,2,4,2,5,2,5,3,5,3,5,3,6,3,6,3,6,3,6,3,6,3,6,3,6,3,6,3,7,3,7,3,7,3,0,0,7,3,6,4,6,3,6,3,5,3,5,3,5,3,5,3,5,3,5,3,5,3,4,3,4,2,4,2,4,2,4,2,3,2,3,2,3,2,3,2,3,2,3,2,2,2,2,2,2,2,1,2,0,0,0,0,0,0,0,0,0,0,0,0,0,0,-19,-2,-17,-3,-12,2,-9,1,-5,5,-5,7,-1,10,3,7,5,13,8,15,11,13,11,17,19,20,19,21,18,23,26,20,25,25,22,26,25,25,27,29,31,28,27,30,29,29,28,32,27,32,33,32,34,31,32,32,30,31,36,32,33,30,28,30,27,36,25,34,29,26,24,34,26,31,26,28,20,32,22,25,25,28,21,26,19,24,21,24,18,19,20,26,18,24,20,23,14,18,13,21,15,20,12,19,12,19,13,21,8,19,4,19,5,19,0,0,0,0,0,0,0,0,0,0,0,0,0,0,0,0,0,0,0,0,0,0,25,-29,28,-29,29,-27,30,-31,34,-32,32,-30,33,-33,33,-34,34,-37,38,-42,38,-44,35,-47,40,-54,43,-51,46,-45,48,-54,51,-56,55,-56,54,-52,59,-52,60,-53,66,-56,63,-56,65,-59,69,-57,63,-61,66,-50,61,-49,65,-52,61,-55,52,-50,57,-49,56,-50,51,-48,55,-49,48,-50,46,-50,45,-52,39,-49,37,-51,33,-47,34,-53,31,-47,24,-49,22,-43,23,-48,17,-47,19,-48,16,-47,16,-47,14,-44,10,-44,11,-43,14,-42,10,-43,6,-39,11,-36,0,0]"
CSI_DATA,77,1a:00:00:00:00:00,-45,11,1,0,1,1,1,0,0,0,1,-96,0,11,2,1243071,0,44,0,384,0,"[0,0,0,0,0,0,0,0,0,0,0,0,-1,0,0,0,1,0,1,0,2,0,3,0,3,-1,3,0,4,0,4,-1,5,0,6,-1,6,0,6,-1,6,0,7,-1,7,-1,6,0,7,-1,7,-1,7,-1,7,-1,7,-1,8,-1,8,0,8,-1,0,0,7,-1,7,-1,8,-1,7,-1,7,0,6,-1,6,-1,6,-1,5,-1,6,0,6,-1,5,-1,5,-1,5,-1,4,-1,4,-1,4,-1,4,-1,4,-1,4,-1,3,0,3,0,3,0,3,0,3,0,3,0,0,0,0,0,0,0,0,0,0,0,0,0,0,0,-16,-2,-10,-2,-12,2,-6,0,-4,2,3,0,6,3,10,2,12,2,17,4,18,5,22,1,24,5,28,3,27,4,30,3,40,6,33,3,35,5,36,3,45,3,42,6,42,3,43,5,41,5,48,6,42,8,46,1,44,4,49,4,43,5,43,6,45,4,45,7,43,0,40,7,37,9,40,7,37,11,36,1,36,1,32,6,31,5,29,6,27,2,30,5,29,3,28,4,22,3,23,7,24,2,22,7,22,4,22,6,21,7,20,10,15,8,0,0,0,0,0,0,0,0,0,0,0,0,0,0,0,0,0,0,0,0,0,0,25,-29,27,-30,28,-28,26,-35,30,-31,30,-30,29,-32,32,-34,33,-41,33,-40,30,-49,29,-52,29,-59,36,-57,39,-55,39,-56,41,-66,46,-64,42,-64,48,-61,52,-66,53,-67,49,-66,52,-74,54,-75,47,-70,50,-67,49,-68,51,-67,49,-70,40,-60,45,-64,48,-64,39,-61,42,-61,33,-61,28,-59,27,-62,23,-55,23,-59,24,-57,15,-58,18,-57,9,-57,7,-49,12,-54,8,-52,5,-47,4,-48,-1,-52,0,-50,-6,-43,1,-43,0,-37,-4,-41,-4,-35,-3,-34,0,0]"
CSI_DATA,78,1a:00:00:00:00:00,-46,11,1,0,1,1,1,0,0,0,1,-96,0,11,2,1262506,0,44,0,384,0,"[0,0,0,0,0,0,0,0,0,0,0,0,-1,0,0,-1,0,-2,0,-2,0,-3,0,-3,0,-4,0,-4,0,-5,0,-5,1,-6,1,-6,1,-7,1,-7,1,-7,1,-8,1,-7,1,-7,0,-8,0,-8,0,-8,0,-8,1,-8,0,-9,1,-9,1,-9,0,0,0,-8,1,-8,0,-8,0,-8,1,-7,1,-7,0,-7,0,-6,0,-6,0,-6,1,-6,0,-5,0,-5,0,-5,0,-5,0,-5,-1,-5,0,-4,0,-4,0,-4,0,-4,0,-4,0,-4,0,-4,1,-3,1,-3,0,0,0,0,0,0,0,0,0,0,0,0,0,0,-5,13,-3,11,-4,8,-5,0,-6,1,-1,-5,0,-8,2,-10,4,-11,3,-14,5,-19,8,-20,9,-26,7,-27,12,-29,6,-30,7,-34,10,-35,9,-35,10,-35,11,-43,11,-38,9,-42,11,-42,10,-38,13,-45,12,-43,7,-48,11,-45,9,-47,9,-45,11,-46,11,-45,11,-41,6,-42,12,-38,9,-37,7,-38,11,-35,9,-34,8,-33,5,-32,7,-30,4,-29,4,-31,6,-26,6,-26,2,-28,2,-22,6,-24,5,-21,3,-20,4,-22,6,-19,8,-21,8,-14,9,-16,0,0,0,0,0,0,0,0,0,0,0,0,0,0,0,0,0,0,0,0,0,0,-13,-38,-11,-38,-10,-35,-15,-39,-13,-35,-15,-41,-16,-44,-12,-46,-24,-48,-23,-46,-25,-51,-32,-50,-36,-54,-36,-58,-33,-61,-34,-60,-42,-67,-35,-64,-35,-65,-36,-72,-33,-71,-41,-75,-40,-70,-42,-76,-40,-76,-46,-75,-43,-78,-43,-75,-42,-71,-44,-73,-35,-61,-40,-69,-41,-65,-41,-58,-41,-63,-43,-57,-40,-53,-47,-50,-43,-46,-47,-46,-43,-41,-44,-36,-46,-34,-49,-26,-39,-27,-47,-26,-44,-25,-42,-23,-40,-19,-41,-19,-41,-17,-44,-11,-40,-14,-34,-10,-33,-9,-30,-14,-26,-9,0,0]"
CSI_DATA,79,1a:00:00:00:00:00,-46,11,1,0,1,1,1,0,0,0,1,-96,0,11,2,1273289,0,44,0,384,0,"[0,0,0,0,0,0,0,0,0,0,0,0,0,-1,-1,-1,-1,-2,-1,-2,-1,-3,-1,-3,-1,-4,-1,-5,-1,-5,-1,-5,-1,-6,-1,-6,-1,-7,-1,-7,-1,-7,-2,-8,-2,-7,-2,-7,-2,-8,-2,-8,-1,-8,-2,-8,-2,-9,-2,-9,-2,-9,-2,-9,0,0,-2,-8,-1,-9,-1,-8,-2,-8,-1,-7,-1,-7,-1,-7,-1,-7,-1,-6,-1,-6,-1,-6,-1,-6,-1,-5,-1,-5,-1,-5,-2,-5,-1,-5,-2,-5,-1,-4,-1,-4,-1,-5,0,-4,0,-4,0,-4,0,-4,0,-3,0,0,0,0,0,0,0,0,0,0,0,0,0,0,3,18,1,15,3,8,2,-1,0,4,-3,-7,0,-8,-1,-10,-5,-12,-6,-16,-5,-19,-6,-21,-7,-25,-8,-23,-7,-27,-11,-29,-10,-40,-12,-37,-11,-37,-10,-37,-15,-40,-12,-36,-16,-39,-15,-43,-12,-39,-16,-40,-15,-45,-18,-43,-16,-45,-17,-43,-13,-43,-14,-46,-12,-40,-14,-43,-15,-38,-7,-39,-8,-39,-10,-36,-10,-36,-9,-31,-9,-32,-7,-31,-11,-29,-10,-30,-10,-28,-12,-29,-7,-24,-10,-24,-10,-21,-6,-21,-7,-20,-4,-19,-10,-19,-5,-16,0,-19,-5,-19,0,-18,0,0,0,0,0,0,0,0,0,0,0,0,0,0,0,0,0,0,0,0,0,0,-33,-21,-29,-21,-31,-21,-37,-22,-34,-23,-39,-25,-37,-22,-41,-21,-50,-20,-45,-22,-54,-27,-55,-24,-62,-25,-66,-29,-64,-30,-64,-29,-76,-30,-69,-29,-72,-31,-72,-37,-75,-35,-79,-35,-74,-38,-79,-36,-84,-41,-83,-35,-77,-38,-76,-40,-70,-32,-81,-33,-66,-25,-77,-31,-73,-31,-72,-24,-70,-26,-71,-18,-61,-20,-66,-17,-64,-16,-63,-12,-63,-9,-60,-3,-58,-4,-57,1,-52,2,-48,2,-48,4,-45,8,-46,15,-44,10,-41,10,-43,15,-42,15,-34,6,-39,14,-35,11,-30,6,0,0]"
CSI_DATA,80,1a:00:00:00:00:00,-47,11,1,0,1,1,1,0,0,0,1,-96,0,11,2,1292403,0,44,0,384,0,"[0,0,0,0,0,0,0,0,0,0,0,0,-1,-1,-1,-1,-1,0,-1,1,-1,1,-1,2,-1,2,-1,3,-1,3,-1,4,-1,4,0,5,-1,5,-1,5,-1,5,-1,6,-1,6,0,6,0,6,-1,7,-1,7,-1,7,-1,6,0,8,0,7,0,7,0,0,0,7,-1,7,-1,7,0,6,-1,6,-1,6,-1,6,-1,5,-1,5,-1,5,-1,5,0,4,-1,4,-1,4,0,4,0,4,0,4,0,3,0,3,0,3,0,3,-1,3,-1,3,-1,3,-1,3,-1,2,0,0,0,0,0,0,0,0,0,0,0,0,0,0,2,-16,2,-13,1,-13,-1,-7,1,-1,-1,2,-6,4,-3,10,-8,8,-4,11,-8,15,-5,18,-11,23,-6,20,-5,24,-6,28,-5,32,-5,31,-6,32,-7,36,-3,41,-5,39,-3,36,-8,38,-10,39,-11,40,-5,41,-3,44,-6,42,-6,44,-5,41,-4,47,-6,38,-6,44,-3,39,-7,34,-7,37,-3,34,-11,33,-6,30,-6,29,-5,27,-3,27,-1,29,-4,27,-1,25,0,23,1,24,-1,22,-3,19,-3,21,-2,20,-1,18,-3,17,-2,20,-6,17,-6,14,0,0,0,0,0,0,0,0,0,0,0,0,0,0,0,0,0,0,0,0,0,0,13,32,15,34,12,33,15,36,15,33,19,37,19,36,23,42,29,46,27,44,29,47,34,48,42,54,40,56,35,61,39,61,49,66,40,62,42,65,41,67,42,71,47,75,43,74,53,71,47,75,54,72,44,73,51,67,41,67,52,70,41,60,47,67,43,63,49,55,46,61,48,49,48,47,49,44,49,44,55,39,49,38,51,30,49,29,52,25,49,25,45,17,45,15,47,15,46,11,45,13,46,8,43,6,44,7,35,3,38,4,38,3,33,4,0,0]"
CSI_DATA,81,1a:00:00:00:00:00,-47,11,1,0,1,1,1,0,0,0,1,-96,0,11,2,1302384,0,44,0,384,0,"[0,0,0,0,0,0,0,0,0,0,0,0,-1,-1,-1,-1,-1,0,0,0,0,1,0,1,1,2,1,2,1,3,1,3,2,4,2,4,2,4,2,4,2,4,3,5,3,5,3,5,3,5,3,5,3,5,3,6,3,6,4,6,3,6,3,6,0,0,3,5,3,6,3,6,3,5,2,5,2,5,2,4,2,4,2,4,2,4,2,4,1,4,2,3,2,3,2,3,2,3,2,3,2,2,2,2,2,2,1,2,1,2,1,3,1,2,0,2,0,2,0,0,0,0,0,0,0,0,0,0,0,0,0,0,-8,-9,-5,-6,-6,-5,-6,-2,-4,-3,-1,-2,-2,1,1,3,1,3,1,4,4,6,3,8,5,9,6,10,7,10,7,11,8,13,10,11,8,11,11,13,13,14,11,14,12,13,12,14,11,16,13,15,14,16,13,16,12,15,14,16,10,16,14,15,13,17,11,16,13,14,8,14,10,14,10,12,9,13,10,10,8,12,7,10,8,10,8,10,8,9,8,8,8,7,8,7,6,8,8,7,5,7,5,7,6,7,5,7,5,5,2,8,2,6,0,0,0,0,0,0,0,0,0,0,0,0,0,0,0,0,0,0,0,0,0,0,17,2,18,2,17,2,19,2,19,2,20,3,21,1,22,4,26,0,27,1,28,0,29,-1,34,-3,32,-2,33,2,36,0,40,0,37,2,37,1,39,3,42,3,44,3,42,3,44,2,45,2,45,1,43,2,43,1,42,1,42,-2,37,-1,40,0,38,-2,38,-3,37,-3,34,-5,34,-5,34,-6,31,-9,32,-10,29,-8,28,-13,27,-12,25,-13,24,-12,22,-10,20,-13,21,-14,19,-19,20,-15,17,-17,16,-17,18,-16,15,-15,16,-17,14,-13,12,-12,0,0]"
CSI_DATA,82,1a:00:00:00:00:00,-47,11,1,0,1,1,1,0,0,0,1,-96,0,11,2,1332453,0,44,0,384,0,"[0,0,0,0,0,0,0,0,0,0,0,0,-2,-2,-2,-1,-1,-1,-2,0,-1,1,-1,1,-1,2,-1,2,-1,3,-1,3,-1,4,-1,4,-1,5,-1,5,-1,5,0,6,0,6,0,6,0,6,-1,6,-1,7,-1,6,0,6,0,7,-1,7,-1,7,0,0,0,7,-1,7,-1,7,0,7,-1,6,-1,6,-1,6,-1,5,-1,5,-1,5,-1,5,-1,4,-1,4,-1,4,-1,4,-1,4,-1,4,-1,3,-1,3,0,3,-1,3,-1,3,-1,3,-1,3,-2,3,-2,2,0,0,0,0,0,0,0,0,0,0,0,0,0,0,-11,-25,-6,-22,-8,-19,-9,-13,-8,-11,-7,-9,-3,-1,-8,2,-7,5,-7,7,-7,13,-9,16,-1,15,-8,20,-9,20,-6,25,-11,30,-6,29,-8,32,-6,33,-9,37,-10,36,-9,38,-7,37,-10,36,-10,40,-8,37,-7,43,-9,39,-7,44,-10,40,-11,44,-9,36,-12,41,-8,37,-12,34,-8,35,-8,33,-11,34,-10,32,-13,24,-10,29,-9,25,-9,28,-5,23,-7,23,-10,24,-6,24,-4,22,-5,17,-8,18,-10,17,-8,20,-12,16,-13,16,-10,12,-15,11,0,0,0,0,0,0,0,0,0,0,0,0,0,0,0,0,0,0,0,0,0,0,30,9,33,15,31,14,35,14,33,13,36,20,39,13,43,16,50,18,50,13,55,20,56,17,68,15,64,21,65,22,65,23,75,21,65,29,73,30,72,27,73,30,78,33,71,32,81,34,81,37,81,31,77,37,76,33,74,31,80,32,66,26,76,30,73,28,70,21,73,27,72,17,66,16,69,13,63,12,69,10,66,11,62,2,64,3,60,-4,61,0,53,-2,57,-7,55,-8,52,-11,50,-10,49,-13,49,-15,54,-13,42,-8,48,-13,43,-12,39,-13,0,0]"
CSI_DATA,83,1a:00:00:00:00:00,-46,11,1,0,1,1,1,0,0,0,1,-96,0,11,2,1342422,0,44,0,384,0,"[0,0,0,0,0,0,0,0,0,0,0,0,-2,0,-2,0,-1,1,-1,1,0,1,0,1,1,2,1,2,1,2,2,2,2,3,3,3,3,3,3,3,3,3,4,3,4,4,4,3,4,3,4,4,4,4,5,4,5,4,5,4,5,5,5,5,0,0,5,5,5,5,5,5,5,4,4,5,4,5,3,4,3,4,3,4,3,4,3,4,2,3,3,3,2,3,2,3,2,3,2,3,2,2,2,3,2,2,2,3,1,3,1,2,1,2,0,2,0,2,0,0,0,0,0,0,0,0,0,0,0,0,0,0,-25,-11,-24,-7,-24,-1,-14,0,-13,4,-10,3,-8,4,-5,8,2,10,2,12,5,11,7,12,10,15,11,19,12,22,18,22,19,25,18,24,22,26,21,26,28,28,24,22,25,25,25,29,26,28,26,33,29,30,30,35,27,34,27,32,25,32,26,35,23,33,27,34,24,30,23,33,22,31,20,31,18,31,20,29,17,27,13,24,15,25,14,25,12,25,14,20,15,24,12,19,13,18,14,21,10,19,9,19,8,19,6,19,8,16,5,18,2,16,0,0,0,0,0,0,0,0,0,0,0,0,0,0,0,0,0,0,0,0,0,0,23,-25,29,-24,27,-23,28,-28,28,-23,34,-27,30,-31,32,-29,34,-37,34,-38,40,-41,39,-41,41,-52,46,-48,52,-45,50,-47,53,-54,54,-51,55,-51,58,-51,63,-48,67,-56,60,-53,64,-55,66,-55,61,-59,64,-53,66,-51,62,-48,66,-59,50,-50,61,-55,54,-51,51,-51,53,-51,48,-56,45,-46,46,-55,39,-50,38,-55,38,-53,33,-54,33,-55,25,-57,28,-53,24,-48,18,-56,16,-53,18,-52,13,-53,14,-48,14,-51,13,-53,12,-41,12,-52,9,-45,9,-42,0,0]"
CSI_DATA,84,1a:00:00:00:00:00,-46,11,1,0,1,1,1,0,0,0,1,-96,0,11,2,1352429,0,44,0,384,0,"[0,0,0,0,0,0,0,0,0,0,0,0,-3,1,-2,1,-1,2,-1,2,0,2,0,2,1,2,1,3,2,3,2,3,3,3,4,4,3,4,4,4,4,4,5,4,5,4,5,5,5,4,5,5,5,5,6,5,5,5,6,5,6,6,6,6,0,0,6,6,5,6,5,6,5,5,4,6,4,6,4,6,3,5,4,5,3,5,3,5,3,5,3,4,3,4,3,4,2,4,2,3,2,3,2,3,2,3,1,3,1,3,1,3,1,3,0,3,0,3,0,0,0,0,0,0,0,0,0,0,0,0,0,0,-33,-1,-23,0,-22,6,-16,4,-15,8,-11,6,-11,7,-6,9,-2,12,1,14,5,13,6,17,12,18,8,23,10,19,16,24,17,28,22,27,21,31,21,26,26,28,24,30,26,28,26,31,26,31,29,34,30,30,31,37,26,39,30,33,28,35,30,35,27,33,27,38,24,29,21,36,24,32,25,28,18,34,21,30,16,31,18,31,11,29,13,28,15,27,12,22,14,24,12,21,14,19,10,20,10,20,10,20,7,19,2,19,-1,19,2,18,0,17,0,0,0,0,0,0,0,0,0,0,0,0,0,0,0,0,0,0,0,0,0,0,22,-26,25,-27,22,-26,24,-30,27,-28,28,-30,23,-28,30,-36,30,-40,33,-38,36,-41,36,-44,38,-52,43,-49,46,-47,42,-49,49,-58,47,-46,49,-54,48,-51,55,-54,60,-58,53,-55,56,-57,62,-57,57,-56,60,-55,59,-58,56,-50,58,-61,43,-50,52,-54,47,-53,45,-56,50,-56,40,-58,37,-51,38,-56,34,-54,34,-55,37,-52,26,-55,25,-57,18,-56,20,-52,19,-56,17,-53,12,-52,10,-57,10,-53,14,-48,7,-54,8,-57,9,-42,8,-51,6,-49,3,-40,0,0]"
CSI_DATA,85,1a:00:00:00:00:00,-44,11,1,0,1,1,1,0,0,0,1,-96,0,11,2,1364614,0,44,0,384,0,"[0,0,0,0,0,0,0,0,0,0,0,0,-3,-3,-3,-2,-3,-1,-4,0,-3,0,-4,1,-4,1,-4,2,-4,2,-4,3,-5,3,-5,4,-5,4,-5,4,-5,5,-5,5,-5,6,-5,5,-6,6,-6,6,-6,6,-6,6,-6,5,-6,7,-6,6,-7,6,0,0,-6,6,-6,6,-7,6,-6,6,-6,5,-6,5,-6,5,-6,5,-6,5,-6,4,-6,4,-6,4,-5,3,-5,3,-5,3,-5,3,-5,2,-5,3,-4,2,-4,2,-4,2,-4,1,-4,1,-4,1,-4,1,-4,0,0,0,0,0,0,0,0,0,0,0,0,0,0,0,-6,-28,-8,-23,-8,-22,-6,-14,-11,-14,-13,-10,-12,-6,-16,0,-16,2,-18,3,-18,4,-20,8,-25,10,-24,14,-26,15,-25,22,-30,23,-27,23,-31,24,-28,27,-36,34,-33,25,-32,31,-35,29,-35,31,-34,29,-38,31,-36,34,-38,31,-38,36,-39,31,-44,31,-39,28,-43,31,-33,27,-40,25,-37,22,-35,27,-38,18,-37,19,-35,18,-33,21,-33,18,-32,18,-31,14,-28,16,-30,16,-26,16,-25,12,-25,10,-27,7,-26,11,-29,6,-22,6,-23,3,-20,4,-21,-1,0,0,0,0,0,0,0,0,0,0,0,0,0,0,0,0,0,0,0,0,0,0,28,17,33,16,30,15,34,18,32,15,34,22,37,19,39,22,41,22,42,25,47,25,50,26,57,27,55,27,54,34,52,34,64,37,59,36,63,37,60,43,61,44,66,48,63,44,68,44,69,48,68,44,65,45,67,49,58,44,67,46,54,36,66,46,58,40,58,35,62,38,62,31,57,28,57,29,56,24,62,22,59,22,59,17,62,15,54,10,57,13,54,6,54,6,53,5,54,6,52,1,50,-1,50,-4,52,0,43,-1,49,-6,45,-4,40,-1,0,0]"
CSI_DATA,86,1a:00:00:00:00:00,-43,11,1,0,1,1,1,0,0,0,1,-96,0,11,2,1372501,0,44,0,384,0,"[0,0,0,0,0,0,0,0,0,0,0,0,-4,-1,-4,0,-4,1,-3,1,-3,2,-3,2,-3,3,-3,4,-3,4,-2,5,-3,5,-3,6,-3,6,-3,6,-3,6,-2,8,-2,8,-2,8,-2,8,-2,8,-2,8,-2,8,-2,8,-2,9,-2,9,-3,9,0,0,-2,9,-3,9,-3,9,-2,8,-3,8,-3,8,-3,8,-3,7,-2,7,-3,7,-3,7,-3,6,-3,6,-3,5,-3,5,-3,6,-3,5,-3,5,-3,4,-2,4,-3,4,-3,4,-3,3,-3,3,-3,2,-3,2,0,0,0,0,0,0,0,0,0,0,0,0,0,0,-11,-9,-9,-7,-10,-5,-10,-5,-10,-1,-8,-3,-7,3,-8,4,-6,5,-10,8,-7,8,-8,10,-7,13,-8,14,-7,14,-6,17,-7,19,-7,17,-7,20,-5,19,-7,23,-6,20,-6,24,-7,21,-7,22,-7,24,-6,23,-7,26,-7,25,-7,24,-8,24,-10,27,-8,24,-10,25,-5,22,-10,22,-9,22,-8,21,-9,21,-8,18,-7,18,-8,20,-9,16,-9,18,-9,16,-9,16,-9,14,-7,13,-10,12,-8,11,-8,11,-9,9,-8,11,-8,10,-9,8,-10,7,-9,5,0,0,0,0,0,0,0,0,0,0,0,0,0,0,0,0,0,0,0,0,0,0,16,-1,19,0,18,1,20,-2,18,1,20,0,21,-1,24,-1,25,-2,24,-2,26,-1,27,-2,31,-4,31,0,33,0,31,2,36,0,34,2,36,-2,35,2,38,0,39,3,36,2,40,2,39,4,38,1,37,5,39,3,38,4,41,2,31,0,38,1,33,1,32,-2,36,0,32,-3,31,-4,31,-4,30,-4,31,-7,30,-7,28,-10,29,-9,25,-11,26,-11,23,-9,24,-14,23,-13,22,-15,20,-17,22,-14,21,-17,21,-14,18,-14,19,-15,16,-17,16,-13,0,0]"
CSI_DATA,87,1a:00:00:00:00:00,-43,11,1,0,1,1,1,0,0,0,1,-96,0,11,2,1383492,0,44,0,384,0,"[0,0,0,0,0,0,0,0,0,0,0,0,0,2,1,2,2,2,2,2,3,1,3,1,3,1,4,0,4,1,5,0,6,0,6,0,6,0,7,-1,7,0,7,-1,8,-1,7,-1,8,-1,8,-1,8,-1,8,-1,8,-1,9,-1,9,-1,9,-1,0,0,9,-1,9,-1,9,-1,8,-1,8,0,8,0,8,0,7,0,7,0,7,0,7,0,6,0,6,0,6,0,5,1,6,1,5,0,5,1,5,1,4,1,4,1,4,1,4,1,3,1,3,2,2,2,0,0,0,0,0,0,0,0,0,0,0,0,0,0,-15,17,-10,17,-7,19,-7,16,1,15,0,18,4,15,7,16,15,14,16,13,22,14,21,11,28,13,25,12,32,12,35,13,41,16,40,11,40,13,40,12,46,11,43,12,47,7,45,11,43,15,51,12,49,10,53,9,50,12,54,11,52,14,54,13,48,11,51,17,50,9,48,16,44,16,45,15,41,20,39,14,41,17,37,16,38,16,39,15,33,14,34,15,32,17,30,16,29,16,25,17,24,16,23,18,20,14,19,17,16,17,14,17,11,21,0,0,0,0,0,0,0,0,0,0,0,0,0,0,0,0,0,0,0,0,0,0,-3,-35,-3,-38,1,-37,-4,-42,-4,-42,-1,-46,1,-45,2,-48,-4,-54,0,-51,-4,-56,-6,-60,-8,-65,-4,-66,2,-65,1,-64,-2,-76,3,-70,2,-71,5,-73,4,-76,9,-82,5,-73,4,-82,5,-79,1,-83,7,-80,5,-76,6,-73,3,-78,4,-67,4,-73,1,-70,2,-68,1,-70,-6,-64,-3,-59,-9,-63,-9,-56,-15,-61,-11,-58,-19,-55,-18,-54,-23,-48,-21,-47,-23,-51,-23,-47,-25,-46,-28,-43,-28,-42,-30,-40,-30,-37,-30,-41,-28,-32,-31,-35,-30,-32,-29,-26,0,0]"
CSI_DATA,88,1a:00:00:00:00:00,-42,11,1,0,1,1,1,0,0,0,1,-96,0,11,2,1392412,0,44,0,384,0,"[0,0,0,0,0,0,0,0,0,0,0,0,3,0,3,-1,3,-2,3,-3,3,-3,2,-4,2,-5,2,-5,2,-5,2,-6,2,-7,2,-7,3,-8,2,-8,2,-8,2,-9,2,-9,2,-9,2,-9,2,-10,3,-9,2,-10,2,-9,2,-11,3,-11,2,-10,0,0,2,-10,2,-11,3,-11,2,-10,3,-10,2,-9,3,-9,3,-8,2,-8,3,-8,3,-8,3,-8,3,-7,3,-7,2,-6,2,-7,3,-6,2,-6,2,-6,2,-5,3,-5,3,-5,3,-4,3,-4,3,-4,3,-3,0,0,0,0,0,0,0,0,0,0,0,0,0,0,18,13,18,13,18,6,14,4,17,0,19,1,14,-9,15,-15,13,-15,14,-18,16,-18,14,-22,14,-30,13,-28,14,-33,11,-35,16,-41,14,-36,16,-37,12,-40,12,-47,12,-41,13,-48,13,-47,13,-45,13,-47,13,-46,12,-51,15,-52,11,-55,17,-50,14,-51,15,-44,14,-52,12,-43,22,-47,15,-45,15,-44,18,-43,14,-44,19,-38,19,-40,17,-38,18,-35,17,-35,18,-34,18,-31,17,-30,14,-28,15,-25,18,-25,19,-21,18,-22,15,-21,18,-17,18,-15,20,-13,0,0,0,0,0,0,0,0,0,0,0,0,0,0,0,0,0,0,0,0,0,0,-35,5,-35,2,-35,2,-43,2,-39,2,-43,-1,-41,1,-48,3,-52,2,-52,1,-56,1,-58,3,-64,6,-65,3,-64,-2,-66,-3,-71,1,-71,-6,-71,-5,-71,-5,-72,-7,-77,-9,-71,-7,-80,-8,-75,-11,-79,-4,-73,-10,-74,-11,-69,-11,-77,-6,-62,-4,-71,-9,-66,-6,-64,-2,-68,-3,-61,0,-58,1,-57,2,-53,5,-56,9,-55,9,-48,15,-52,12,-48,16,-47,17,-45,16,-45,22,-40,19,-40,23,-37,22,-40,25,-37,26,-36,28,-30,24,-36,27,-32,26,-23,23,0,0]"
CSI_DATA,89,1a:00:00:00:00:00,-42,11,1,0,1,1,1,0,0,0,1,-96,0,11,2,1402645,0,44,0,384,0,"[0,0,0,0,0,0,0,0,0,0,0,0,1,-3,0,-3,-1,-4,-1,-4,-2,-4,-2,-4,-3,-5,-3,-5,-4,-5,-4,-5,-4,-5,-5,-5,-5,-6,-5,-6,-5,-5,-6,-6,-6,-6,-6,-6,-6,-6,-7,-6,-6,-6,-7,-6,-7,-6,-7,-7,-7,-7,-7,-7,0,0,-7,-6,-7,-7,-7,-7,-7,-7,-6,-6,-6,-7,-6,-6,-6,-6,-6,-6,-6,-7,-5,-7,-4,-6,-4,-6,-4,-6,-4,-6,-4,-5,-4,-6,-4,-5,-3,-5,-3,-5,-3,-5,-3,-5,-2,-5,-2,-5,-1,-5,-1,-4,0,0,0,0,0,0,0,0,0,0,0,0,0,0,20,-13,16,-17,9,-19,5,-17,4,-18,-1,-14,-5,-20,-7,-18,-9,-18,-11,-18,-18,-16,-14,-22,-22,-20,-25,-23,-24,-23,-27,-23,-34,-26,-34,-25,-32,-26,-36,-26,-39,-27,-37,-26,-39,-24,-38,-26,-38,-31,-43,-29,-43,-27,-44,-27,-44,-29,-45,-28,-41,-29,-43,-28,-41,-31,-46,-31,-42,-24,-35,-33,-37,-33,-37,-28,-34,-33,-34,-30,-34,-29,-31,-29,-31,-32,-31,-28,-28,-26,-28,-27,-26,-28,-23,-26,-20,-25,-20,-26,-20,-26,-17,-25,-18,-23,-11,-23,-14,-21,-9,-23,-7,-20,0,0,0,0,0,0,0,0,0,0,0,0,0,0,0,0,0,0,0,0,0,0,1,37,-2,37,-5,36,-3,44,-5,43,-7,43,-4,45,-9,48,-5,58,-11,55,-10,59,-8,59,-3,70,-12,67,-17,67,-14,69,-15,77,-20,70,-22,70,-25,71,-29,72,-32,77,-26,72,-28,75,-31,76,-26,76,-29,72,-30,71,-26,70,-27,74,-22,61,-28,65,-23,66,-21,60,-26,64,-18,59,-15,58,-13,60,-9,54,-5,60,-10,52,-1,53,-1,52,1,49,1,46,2,51,7,47,9,45,11,42,10,44,13,41,15,42,12,44,9,35,14,37,16,33,16,31,0,0]"
CSI_DATA,90,1a:00:00:00:00:00,-42,11,1,0,1,1,1,0,0,0,1,-96,0,11,2,1413054,0,44,0,384,0,"[0,0,0,0,0,0,0,0,0,0,0,0,-1,2,-1,2,0,3,0,3,1,3,1,3,2,3,2,3,2,3,3,3,4,4,4,3,4,4,4,3,4,4,5,4,5,4,5,4,5,4,5,5,5,5,6,5,6,5,7,4,6,5,6,5,0,0,6,5,6,6,6,5,6,5,5,5,5,6,5,5,4,5,5,5,4,5,4,5,4,5,4,4,3,4,3,4,3,5,3,4,3,4,2,4,2,4,1,4,1,4,1,4,1,4,0,3,0,3,0,0,0,0,0,0,0,0,0,0,0,0,0,0,-21,8,-13,11,-11,10,-11,11,-3,13,-3,16,-3,14,3,18,5,17,7,17,10,21,13,21,13,22,17,22,17,25,22,24,24,28,27,24,24,25,26,27,31,29,26,26,32,28,29,28,28,30,31,32,35,30,35,31,33,32,38,32,33,32,36,33,33,31,34,33,33,27,28,33,29,32,30,31,28,31,28,28,26,31,25,31,22,29,22,28,20,26,20,27,16,28,19,26,17,27,15,24,14,25,10,24,7,22,8,22,6,20,1,21,1,20,0,0,0,0,0,0,0,0,0,0,0,0,0,0,0,0,0,0,0,0,0,0,-7,-36,-2,-35,-5,-38,-6,-44,0,-42,1,-46,0,-48,2,-50,0,-56,0,-54,3,-64,2,-63,0,-69,5,-71,13,-71,16,-69,16,-78,18,-73,17,-76,25,-75,28,-75,26,-82,28,-74,27,-78,30,-77,26,-77,32,-74,31,-73,32,-69,29,-75,23,-60,29,-69,29,-66,21,-61,28,-63,17,-58,15,-57,19,-59,15,-55,12,-58,13,-55,5,-54,8,-52,1,-51,1,-49,2,-48,-2,-47,-5,-47,-6,-45,-7,-46,-7,-42,-11,-41,-7,-41,-8,-36,-11,-39,-12,-36,-12,-32,0,0]"
CSI_DATA,91,1a:00:00:00:00:00,-42,11,1,0,1,1,1,0,0,0,1,-96,0,11,2,1432700,0,44,0,384,0,"[0,0,0,0,0,0,0,0,0,0,0,0,2,-4,1,-3,1,-4,1,-4,0,-4,0,-5,0,-5,0,-5,0,-5,-1,-5,-1,-6,-1,-6,-1,-6,-1,-6,-1,-6,-2,-7,-2,-7,-2,-7,-2,-7,-2,-7,-1,-7,-1,-7,-2,-7,-2,-8,-2,-8,-2,-8,0,0,-1,-8,-1,-8,-1,-8,-1,-7,-1,-7,0,-7,0,-7,0,-6,-1,-6,0,-6,0,-6,0,-6,0,-6,0,-5,0,-5,0,-5,0,-5,0,-5,1,-4,1,-4,1,-4,1,-4,1,-4,1,-3,1,-3,1,-3,0,0,0,0,0,0,0,0,0,0,0,0,0,0,22,-8,21,-8,21,-12,16,-11,14,-13,12,-17,11,-19,10,-23,6,-20,4,-24,4,-24,3,-24,-1,-30,4,-28,-3,-31,-4,-30,-2,-37,-5,-37,-4,-36,-7,-35,-8,-39,-6,-38,-8,-37,-5,-39,-3,-38,-6,-41,-6,-41,-6,-41,-6,-43,-7,-41,-4,-41,-4,-42,-4,-39,-3,-41,-6,-39,3,-38,-1,-36,2,-37,4,-35,0,-36,1,-34,4,-31,6,-31,3,-29,7,-32,2,-29,5,-30,4,-26,5,-25,6,-23,4,-20,7,-22,8,-21,10,-18,10,-16,11,-16,14,-12,0,0,0,0,0,0,0,0,0,0,0,0,0,0,0,0,0,0,0,0,0,0,18,25,19,29,15,30,20,33,15,36,15,39,16,40,14,45,19,51,12,51,14,57,15,60,17,67,15,68,5,72,5,72,7,80,-1,76,-5,77,-9,78,-15,77,-12,85,-17,77,-18,82,-21,83,-18,83,-23,77,-25,75,-22,69,-23,76,-20,66,-28,71,-26,66,-23,61,-29,65,-20,63,-21,61,-19,62,-19,55,-15,59,-16,55,-8,55,-10,53,-4,52,-7,49,-6,49,-4,47,-7,47,-4,47,-2,47,-1,42,3,43,2,45,4,38,4,42,2,39,5,36,0,0]"
CSI_DATA,92,1a:00:00:00:00:00,-42,11,1,0,1,1,1,0,0,0,1,-96,0,11,2,1442505,0,44,0,384,0,"[0,0,0,0,0,0,0,0,0,0,0,0,4,0,4,-1,4,-1,5,-2,4,-2,4,-2,5,-3,5,-3,4,-4,5,-4,5,-4,5,-5,5,-4,5,-5,5,-5,5,-6,5,-6,5,-6,5,-6,6,-6,6,-5,6,-6,6,-5,6,-6,6,-6,6,-6,0,0,6,-6,6,-6,6,-5,6,-5,6,-5,6,-4,6,-4,5,-4,5,-4,5,-4,5,-3,5,-3,5,-3,5,-3,4,-3,4,-3,4,-3,4,-2,4,-2,3,-2,3,-1,3,-1,3,-1,3,-1,3,0,2,0,0,0,0,0,0,0,0,0,0,0,0,0,0,0,13,6,11,6,13,3,12,3,12,-1,12,0,12,-3,11,-4,12,-6,12,-6,13,-7,12,-8,15,-10,14,-10,13,-10,13,-11,15,-14,14,-13,16,-13,15,-14,15,-16,14,-14,14,-15,14,-15,15,-15,16,-16,15,-15,17,-16,17,-15,18,-16,17,-15,18,-15,16,-14,16,-15,14,-15,16,-11,15,-14,15,-11,16,-9,14,-10,13,-8,14,-7,14,-8,13,-7,13,-7,13,-7,12,-6,12,-5,13,-5,11,-4,10,-5,11,-4,10,-3,10,-2,10,0,8,-1,8,1,0,0,0,0,0,0,0,0,0,0,0,0,0,0,0,0,0,0,0,0,0,0,-8,14,-11,15,-9,13,-12,16,-11,16,-14,18,-13,18,-16,18,-18,20,-19,19,-23,21,-23,22,-23,25,-27,24,-30,21,-29,21,-34,24,-32,20,-33,19,-36,18,-38,17,-40,19,-37,14,-40,16,-43,13,-41,14,-41,10,-39,11,-38,11,-40,11,-34,9,-38,9,-35,8,-34,9,-36,7,-32,11,-30,9,-32,9,-28,9,-30,11,-29,8,-27,13,-26,11,-23,13,-23,11,-20,14,-22,14,-20,13,-20,14,-20,14,-18,12,-17,13,-18,14,-15,11,-17,14,-13,13,-12,11,0,0]"
CSI_DATA,93,1a:00:00:00:00:00,-42,11,1,0,1,1,1,0,0,0,1,-96,0,11,2,1453266,0,44,0,384,0,"[0,0,0,0,0,0,0,0,0,0,0,0,1,-4,0,-5,0,-5,0,-5,-1,-5,-1,-6,-1,-6,-1,-6,-2,-6,-2,-6,-3,-7,-3,-7,-3,-7,-3,-7,-3,-7,-4,-8,-4,-8,-3,-7,-4,-8,-3,-8,-3,-8,-3,-8,-3,-8,-4,-8,-4,-8,-3,-9,0,0,-3,-8,-3,-9,-3,-9,-3,-8,-2,-8,-2,-8,-2,-7,-2,-7,-2,-7,-1,-7,-1,-7,-1,-6,-1,-6,-1,-6,-1,-6,-1,-6,-1,-5,-1,-5,0,-5,0,-5,0,-5,0,-4,0,-4,1,-4,1,-4,1,-3,0,0,0,0,0,0,0,0,0,0,0,0,0,0,22,-12,19,-17,15,-20,13,-20,9,-20,8,-24,7,-25,1,-26,2,-27,0,-30,-4,-30,-6,-32,-8,-36,-5,-36,-6,-37,-9,-35,-12,-44,-13,-38,-9,-39,-15,-42,-17,-44,-11,-43,-17,-43,-16,-45,-13,-43,-15,-43,-16,-46,-14,-48,-12,-48,-15,-47,-14,-46,-13,-47,-9,-45,-11,-47,-14,-42,-7,-44,-9,-43,-9,-40,-4,-43,-10,-35,-5,-37,0,-35,1,-34,-1,-34,-1,-30,0,-31,-1,-32,1,-30,0,-25,-2,-25,2,-25,4,-22,4,-23,6,-21,6,-18,5,-19,10,-18,0,0,0,0,0,0,0,0,0,0,0,0,0,0,0,0,0,0,0,0,0,0,9,28,11,32,10,31,11,38,8,37,9,39,13,40,10,46,15,49,11,53,9,57,7,57,9,70,4,70,1,68,6,73,3,78,-5,75,-6,76,-10,76,-13,82,-12,84,-16,80,-20,84,-20,84,-21,82,-24,79,-23,77,-23,76,-23,79,-19,64,-23,75,-22,69,-21,67,-24,69,-15,63,-18,62,-14,61,-14,59,-14,60,-11,55,-7,55,-8,55,-2,55,-4,50,-1,47,3,46,2,47,6,45,5,44,1,44,8,40,3,42,7,36,9,37,8,36,9,32,0,0]"
CSI_DATA,94,1a:00:00:00:00:00,-44,11,1,0,1,1,1,0,0,0,1,-96,0,11,2,1462391,0,44,0,384,0,"[0,0,0,0,0,0,0,0,0,0,0,0,-4,0,-4,1,-4,2,-4,2,-3,3,-3,3,-3,3,-3,4,-3,4,-3,4,-3,5,-3,6,-3,6,-3,6,-3,6,-3,7,-3,7,-3,7,-3,7,-3,8,-3,7,-3,8,-3,7,-3,8,-3,8,-3,8,0,0,-3,8,-4,8,-4,8,-3,7,-4,7,-4,7,-4,6,-4,6,-3,6,-4,5,-4,5,-4,5,-3,4,-3,4,-3,4,-3,4,-3,4,-3,4,-3,3,-3,3,-3,3,-3,3,-3,2,-3,2,-3,1,-3,1,0,0,0,0,0,0,0,0,0,0,0,0,0,0,-18,-15,-18,-12,-19,-6,-17,-5,-18,3,-17,3,-18,6,-20,6,-18,10,-17,10,-19,17,-20,16,-21,21,-19,24,-19,23,-21,29,-24,34,-20,33,-21,30,-21,32,-22,38,-21,34,-20,35,-20,39,-26,34,-27,36,-27,37,-26,40,-26,40,-24,40,-29,38,-30,37,-27,36,-29,37,-24,35,-26,30,-26,30,-23,29,-29,26,-26,28,-26,26,-26,25,-25,20,-24,24,-24,17,-23,21,-21,16,-20,16,-22,15,-18,14,-19,10,-19,13,-18,9,-21,9,-18,7,-19,3,-20,4,0,0,0,0,0,0,0,0,0,0,0,0,0,0,0,0,0,0,0,0,0,0,22,-23,25,-25,25,-22,28,-28,27,-28,32,-28,31,-29,36,-31,39,-35,38,-35,46,-37,46,-37,51,-42,54,-37,58,-36,63,-36,65,-42,65,-33,66,-33,71,-29,74,-26,80,-31,73,-26,82,-30,81,-23,80,-27,78,-20,78,-19,80,-16,77,-22,66,-19,72,-17,73,-17,67,-19,69,-15,63,-21,62,-19,61,-18,58,-18,59,-22,55,-20,50,-23,52,-21,46,-26,43,-21,40,-27,42,-25,40,-26,39,-30,38,-30,34,-25,34,-27,36,-25,27,-23,32,-26,26,-25,19,-22,0,0]"
CSI_DATA,95,1a:00:00:00:00:00,-46,11,1,0,1,1,1,0,0,0,1,-96,0,11,2,1472406,0,44,0,384,0,"[0,0,0,0,0,0,0,0,0,0,0,0,-3,-2,-3,-1,-3,0,-3,0,-3,1,-3,1,-3,2,-3,2,-3,3,-3,3,-3,4,-3,4,-3,4,-3,5,-3,4,-3,5,-3,5,-3,5,-3,6,-3,6,-3,6,-3,6,-4,6,-3,7,-4,7,-4,7,0,0,-4,6,-4,6,-4,6,-4,6,-4,5,-4,5,-4,5,-4,4,-4,4,-4,4,-4,4,-4,4,-3,3,-3,3,-3,3,-3,3,-3,3,-3,3,-3,2,-3,2,-3,2,-3,2,-3,2,-3,2,-3,1,-3,1,0,0,0,0,0,0,0,0,0,0,0,0,0,0,-9,-10,-8,-7,-10,-6,-7,-7,-7,-4,-7,-2,-7,-1,-8,1,-6,2,-6,3,-8,6,-5,6,-8,8,-8,9,-7,9,-6,10,-7,12,-8,13,-8,12,-9,13,-7,16,-9,15,-8,16,-9,15,-11,14,-10,17,-9,16,-11,18,-11,17,-9,18,-11,16,-12,15,-12,16,-11,16,-11,14,-13,13,-13,15,-11,12,-12,12,-11,11,-10,10,-10,10,-10,10,-9,9,-11,9,-8,8,-9,7,-10,8,-8,6,-8,5,-8,5,-8,5,-8,5,-9,4,-9,4,-9,4,-7,1,0,0,0,0,0,0,0,0,0,0,0,0,0,0,0,0,0,0,0,0,0,0,13,-14,15,-14,13,-14,14,-15,15,-13,17,-14,17,-13,17,-13,20,-18,19,-17,22,-19,23,-21,26,-24,26,-21,28,-20,30,-19,34,-21,33,-18,35,-19,36,-18,38,-16,42,-16,37,-15,39,-17,40,-15,39,-18,40,-13,38,-14,39,-10,42,-12,35,-11,40,-11,38,-10,34,-10,38,-8,33,-10,31,-11,32,-12,29,-11,32,-13,30,-11,28,-12,28,-12,27,-13,24,-12,25,-12,24,-13,22,-14,22,-14,22,-15,21,-15,19,-16,22,-13,18,-13,19,-12,19,-12,16,-10,0,0]"
CSI_DATA,96,1a:00:00:00:00:00,-49,11,1,0,1,1,1,0,0,0,1,-96,0,11,2,1483213,0,44,0,384,0,"[0,0,0,0,0,0,0,0,0,0,0,0,-2,-5,-3,-4,-3,-3,-3,-3,-3,-3,-2,-2,-3,-1,-3,-1,-3,-1,-3,0,-3,0,-3,0,-3,1,-4,1,-4,1,-4,2,-4,2,-4,2,-4,2,-4,2,-5,2,-5,2,-5,2,-5,3,-5,2,-5,2,0,0,-5,2,-6,2,-6,2,-6,2,-5,1,-5,1,-5,1,-5,0,-5,0,-5,0,-5,0,-4,0,-4,0,-4,0,-4,0,-4,-1,-3,0,-3,0,-3,-1,-3,-1,-3,-1,-3,-1,-3,-1,-3,-1,-3,-1,-2,-1,0,0,0,0,0,0,0,0,0,0,0,0,0,0,-17,-34,-13,-29,-17,-29,-14,-24,-17,-23,-13,-20,-16,-18,-14,-13,-12,-8,-12,-8,-11,-3,-18,-1,-16,0,-15,1,-15,1,-15,8,-17,8,-14,11,-19,11,-13,13,-18,14,-19,15,-21,17,-19,16,-19,16,-24,18,-23,18,-26,20,-26,20,-27,19,-27,15,-29,17,-25,18,-29,18,-26,15,-25,9,-26,10,-24,14,-27,9,-23,10,-26,2,-21,4,-23,5,-20,2,-19,5,-16,1,-16,2,-15,2,-15,2,-15,1,-12,2,-14,0,-14,0,-13,-1,-13,1,-13,-2,-11,-3,0,0,0,0,0,0,0,0,0,0,0,0,0,0,0,0,0,0,0,0,0,0,13,-32,18,-36,14,-32,18,-38,20,-33,24,-39,22,-38,26,-37,27,-46,30,-42,36,-45,34,-45,39,-53,42,-51,49,-48,46,-49,55,-58,53,-46,58,-50,60,-48,66,-47,71,-51,68,-42,74,-43,76,-42,72,-46,76,-36,78,-37,73,-32,80,-42,61,-31,73,-34,72,-32,68,-30,71,-29,67,-31,63,-28,64,-32,61,-26,66,-28,64,-29,59,-34,61,-29,52,-35,54,-30,50,-34,50,-32,51,-30,48,-33,48,-29,47,-31,48,-31,51,-32,41,-25,49,-29,47,-27,42,-26,0,0]"
CSI_DATA,97,1a:00:00:00:00:00,-47,11,1,0,1,1,1,0,0,0,1,-96,0,11,2,1492518,0,44,0,384,0,"[0,0,0,0,0,0,0,0,0,0,0,0,6,-3,5,-2,5,-3,4,-2,3,-3,3,-3,2,-3,2,-3,2,-3,1,-3,1,-4,1,-4,1,-4,0,-4,0,-4,0,-5,0,-5,-1,-5,-1,-5,-1,-5,0,-5,-1,-6,-1,-6,-1,-6,0,-6,-1,-7,0,0,-1,-7,0,-7,0,-7,0,-7,1,-6,1,-6,1,-6,1,-5,1,-6,1,-5,2,-5,2,-4,2,-4,1,-4,1,-4,1,-4,1,-4,1,-3,1,-3,1,-3,1,-3,1,-3,1,-3,1,-2,1,-2,1,-2,0,0,0,0,0,0,0,0,0,0,0,0,0,0,47,-7,43,0,42,-11,40,-3,36,-6,32,-5,28,-6,28,-7,22,-11,24,-11,17,-12,18,-15,16,-15,15,-14,16,-14,10,-18,9,-23,9,-22,8,-22,2,-25,4,-27,4,-25,3,-26,5,-27,3,-26,2,-33,-1,-30,2,-34,6,-33,3,-39,5,-35,5,-38,9,-35,7,-37,5,-36,12,-35,14,-33,14,-32,17,-30,12,-25,14,-30,17,-26,14,-26,16,-22,16,-18,16,-19,14,-18,13,-18,14,-15,10,-11,12,-14,12,-14,11,-15,14,-10,11,-11,12,-9,13,-8,0,0,0,0,0,0,0,0,0,0,0,0,0,0,0,0,0,0,0,0,0,0,24,22,24,26,19,24,26,29,21,27,23,31,23,32,26,35,29,40,26,40,26,45,26,49,35,55,29,57,25,61,25,58,31,70,19,66,21,72,19,79,15,76,17,83,10,76,11,83,7,83,9,83,2,82,2,86,2,82,3,89,0,70,-5,83,-3,82,-2,75,-7,79,-1,75,-2,69,1,78,-3,67,-2,73,-1,72,4,63,2,70,7,65,4,64,6,61,6,63,8,63,9,64,7,62,6,61,13,64,6,68,7,57,7,66,5,61,5,55,0,0]"
CSI_DATA,98,1a:00:00:00:00:00,-45,11,1,0,1,1,1,0,0,0,1,-96,0,11,2,1502396,0,44,0,384,0,"[0,0,0,0,0,0,0,0,0,0,0,0,-7,2,-6,2,-5,3,-5,3,-5,3,-4,2,-4,3,-3,3,-3,3,-2,3,-2,3,-2,4,-1,4,-1,4,-1,4,0,5,0,5,0,5,0,5,0,5,0,5,0,6,0,6,1,6,1,7,1,7,0,0,0,7,0,8,0,8,0,7,-1,7,-1,7,-1,7,-1,6,-2,6,-2,6,-2,6,-2,6,-2,5,-2,5,-3,5,-2,5,-2,4,-3,4,-3,4,-2,3,-3,3,-3,3,-3,3,-3,3,-3,3,-3,2,0,0,0,0,0,0,0,0,0,0,0,0,0,0,-48,6,-48,6,-47,10,-39,6,-40,9,-34,10,-33,9,-30,11,-28,14,-26,12,-24,14,-20,12,-18,14,-17,18,-15,21,-10,23,-12,25,-8,25,-7,25,-9,28,-5,31,-3,33,-2,34,-3,33,-3,35,-5,37,0,38,-4,39,-3,39,0,42,-3,42,-9,46,-6,43,-11,45,-6,45,-14,41,-11,43,-17,39,-17,37,-18,37,-19,41,-20,35,-20,30,-21,30,-19,26,-19,28,-22,24,-18,25,-18,23,-18,19,-16,21,-20,19,-17,18,-21,14,-20,14,-21,11,-18,8,0,0,0,0,0,0,0,0,0,0,0,0,0,0,0,0,0,0,0,0,0,0,-18,-17,-19,-19,-19,-21,-22,-23,-22,-26,-20,-27,-23,-28,-22,-33,-27,-37,-24,-35,-28,-38,-29,-43,-32,-49,-29,-55,-23,-55,-26,-57,-27,-65,-19,-66,-19,-63,-14,-69,-11,-72,-11,-76,-11,-74,-10,-79,-8,-81,-9,-82,-2,-78,-1,-79,2,-79,-1,-81,1,-70,5,-78,5,-74,2,-74,7,-74,2,-71,5,-70,3,-68,1,-67,-1,-70,5,-66,-3,-70,-2,-67,-9,-65,-3,-60,-5,-61,-5,-59,-10,-61,-10,-59,-13,-60,-12,-59,-15,-60,-10,-65,-11,-59,-12,-61,-13,-58,-11,-59,0,0]"
CSI_DATA,99,1a:00:00:00:00:00,-47,11,1,0,1,1,1,0,0,0,1,-96,0,11,2,1532437,0,44,0,384,0,"[0,0,0,0,0,0,0,0,0,0,0,0,-6,5,-6,5,-4,5,-4,4,-4,4,-3,4,-3,3,-2,3,-2,3,-1,2,0,3,0,3,1,2,1,2,2,2,2,2,3,2,3,2,4,1,4,2,5,2,5,2,5,2,6,2,6,2,6,3,0,0,7,3,7,3,7,3,7,3,7,3,7,4,7,3,6,4,6,4,5,4,5,4,5,4,5,4,5,4,4,4,5,4,4,4,4,3,4,3,4,3,4,4,4,4,3,4,3,4,2,4,2,4,0,0,0,0,0,0,0,0,0,0,0,0,0,0,-42,32,-40,37,-35,39,-29,29,-32,29,-29,24,-28,27,-25,25,-21,20,-18,21,-13,21,-10,16,-6,21,-5,20,-1,16,2,15,3,17,9,15,11,15,14,14,18,14,19,15,21,13,23,13,23,15,26,17,30,15,36,16,33,15,34,16,34,15,37,14,34,17,40,17,39,19,36,21,34,21,39,21,35,26,39,25,36,24,32,26,30,24,32,27,30,26,27,25,27,21,28,24,23,22,25,20,23,20,21,24,20,24,18,23,17,22,21,25,12,25,0,0,0,0,0,0,0,0,0,0,0,0,0,0,0,0,0,0,0,0,0,0,-15,7,-19,6,-19,5,-25,4,-21,4,-32,4,-28,5,-39,-5,-40,-2,-43,-9,-47,-9,-49,-12,-54,-16,-50,-22,-51,-25,-51,-29,-59,-30,-53,-36,-53,-38,-48,-41,-52,-47,-51,-53,-50,-55,-52,-57,-50,-59,-53,-58,-43,-67,-44,-69,-41,-66,-43,-69,-39,-57,-39,-66,-38,-66,-38,-60,-40,-70,-38,-62,-32,-59,-40,-63,-36,-57,-38,-58,-35,-58,-42,-54,-36,-53,-41,-48,-38,-50,-43,-46,-40,-48,-43,-49,-44,-44,-48,-47,-47,-44,-50,-43,-49,-46,-42,-42,-49,-48,-45,-44,-47,-44,0,0]"
CSI_DATA,100,1a:00:00:00:00:00,-52,11,1,0,1,1,1,0,0,0,1,-96,0,11,2,1563191,0,44,0,384,0,"[0,0,0,0,0,0,0,0,0,0,0,0,2,5,2,5,2,4,2,3,2,3,2,2,2,1,2,0,2,-1,2,-1,2,-1,3,-2,2,-2,2,-3,2,-3,2,-3,2,-3,2,-4,2,-4,1,-4,1,-5,1,-5,0,-5,0,-6,0,-6,-1,-7,0,0,-1,-8,-1,-8,-1,-7,0,-7,0,-7,0,-6,1,-6,1,-6,1,-5,1,-5,1,-6,1,-6,1,-6,1,-6,1,-6,1,-5,1,-5,1,-6,1,-6,1,-5,1,-4,1,-4,1,-3,2,-2,1,-2,2,-1,0,0,0,0,0,0,0,0,0,0,0,0,0,0,51,8,49,7,46,7,44,6,40,4,37,2,33,1,29,-1,26,-2,22,-4,19,-5,15,-7,12,-8,9,-9,6,-10,3,-11,-1,-13,-4,-14,-7,-15,-9,-16,-12,-18,-15,-19,-17,-19,-20,-21,-22,-22,-24,-23,-26,-24,-29,-25,-30,-26,-32,-27,-34,-27,-35,-28,-34,-28,-35,-29,-35,-29,-35,-30,-34,-29,-34,-30,-33,-30,-33,-31,-32,-31,-31,-31,-30,-31,-30,-30,-28,-30,-27,-29,-27,-28,-26,-27,-25,-26,-24,-25,-23,-24,-22,-24,-21,-24,-19,-23,-18,-24,-17,-24,-15,-24,0,0,0,0,0,0,0,0,0,0,0,0,0,0,0,0,0,0,0,0,0,0,-6,13,-7,14,-7,16,-8,17,-10,20,-12,22,-14,24,-16,27,-18,30,-21,33,-24,36,-28,37,-32,40,-35,41,-38,43,-41,44,-45,44,-49,44,-51,44,-53,45,-56,46,-58,46,-60,46,-62,46,-63,46,-64,47,-63,46,-64,47,-64,46,-63,47,-62,46,-62,47,-60,47,-58,48,-56,48,-56,50,-54,51,-52,52,-50,52,-47,54,-45,54,-43,55,-41,55,-38,56,-35,56,-31,57,-29,57,-26,58,-25,59,-23,60,-21,61,-19,61,-18,62,-17,61,-16,61,-15,61,-15,61,0,0]"
CSI_DATA,101,1a:00:00:00:00:00,-45,11,1,0,1,1,1,0,0,0,1,-96,0,11,2,1572384,0,44,0,384,0,"[0,0,0,0,0,0,0,0,0,0,0,0,2,-7,2,-6,1,-5,1,-5,0,-4,0,-3,-1,-3,-1,-3,-2,-2,-2,-2,-2,-1,-3,-1,-3,0,-3,0,-3,0,-4,1,-4,1,-4,2,-5,2,-5,2,-5,2,-6,3,-6,3,-6,4,-7,4,-7,4,0,0,-7,4,-7,4,-8,5,-7,4,-8,4,-8,4,-8,4,-8,3,-7,3,-8,3,-8,3,-7,3,-7,2,-7,2,-7,2,-7,2,-7,2,-6,2,-6,2,-6,2,-6,1,-6,1,-6,1,-6,1,-5,0,-5,0,0,0,0,0,0,0,0,0,0,0,0,0,0,0,19,-42,16,-40,10,-39,11,-38,11,-36,8,-32,6,-27,6,-27,-2,-22,-1,-17,-4,-18,-1,-9,-8,-10,-9,-7,-11,-3,-15,0,-15,3,-15,5,-16,4,-21,11,-17,16,-22,13,-23,17,-22,18,-25,20,-24,22,-29,26,-28,25,-30,29,-35,30,-34,27,-37,32,-36,31,-33,29,-34,31,-36,22,-37,31,-36,29,-40,27,-35,29,-37,27,-39,23,-39,20,-35,21,-33,18,-40,20,-35,19,-34,21,-32,13,-29,18,-28,17,-30,17,-30,13,-28,12,-29,9,-32,9,-28,4,0,0,0,0,0,0,0,0,0,0,0,0,0,0,0,0,0,0,0,0,0,0,14,10,15,9,13,10,18,11,19,16,21,17,24,14,26,19,31,26,32,27,32,31,38,29,42,37,40,36,40,43,41,46,47,49,41,54,38,50,41,56,40,58,42,66,40,64,43,70,43,70,46,67,39,69,40,69,43,68,44,70,37,59,43,66,43,65,41,57,42,65,44,57,40,60,47,59,42,53,48,54,47,52,53,45,50,46,51,39,47,38,47,40,48,34,52,32,56,32,57,30,55,29,59,22,58,29,52,23,60,23,56,21,53,20,0,0]"
CSI_DATA,102,1a:00:00:00:00:00,-45,11,1,0,1,1,1,0,0,0,1,-96,0,11,2,1584150,0,44,0,384,0,"[0,0,0,0,0,0,0,0,0,0,0,0,-6,2,-5,2,-4,2,-4,2,-4,1,-3,1,-2,1,-1,1,-1,1,-1,1,0,0,1,0,1,0,2,0,2,0,3,-1,3,-1,4,-1,4,-1,4,-1,5,-1,5,-2,5,-1,6,-2,6,-2,6,-2,0,0,7,-2,7,-2,7,-2,7,-2,7,-2,7,-1,7,-2,7,-1,7,-1,7,-1,7,-1,6,-1,6,-1,6,-1,6,-1,6,-1,6,-1,5,-1,5,-1,5,-1,5,0,5,0,5,0,4,0,4,0,4,0,0,0,0,0,0,0,0,0,0,0,0,0,0,0,-46,4,-39,4,-40,10,-33,6,-30,8,-29,5,-25,5,-24,5,-18,7,-14,5,-11,7,-6,5,-2,4,-2,5,3,6,8,1,11,6,13,2,14,2,17,4,22,3,21,3,24,0,26,1,27,0,30,0,32,-2,38,-1,38,0,40,-3,37,-1,44,-2,39,0,43,-1,41,-3,45,2,43,1,40,3,43,5,40,2,39,4,39,5,38,5,39,2,37,5,34,5,35,6,31,3,31,2,27,4,28,2,28,6,25,4,27,5,28,6,23,4,25,7,0,0,0,0,0,0,0,0,0,0,0,0,0,0,0,0,0,0,0,0,0,0,11,-19,13,-21,11,-21,16,-27,15,-25,15,-31,15,-30,16,-31,20,-38,18,-37,22,-48,19,-45,21,-52,24,-55,34,-55,33,-53,38,-64,38,-55,40,-60,45,-59,46,-59,49,-65,44,-60,49,-67,49,-68,45,-71,46,-62,51,-68,44,-61,50,-71,38,-58,45,-68,44,-65,39,-64,42,-66,31,-65,31,-62,30,-67,25,-65,25,-68,26,-66,18,-65,21,-66,13,-66,14,-64,7,-64,4,-67,7,-60,1,-64,-1,-61,0,-60,-8,-62,-4,-62,-7,-52,-11,-59,-8,-63,-6,-54,0,0]"
CSI_DATA,103,1a:00:00:00:00:00,-46,11,1,0,1,1,1,0,0,0,1,-96,0,11,2,1593230,0,44,0,384,0,"[0,0,0,0,0,0,0,0,0,0,0,0,4,-5,3,-4,3,-4,2,-4,2,-3,1,-3,1,-2,0,-2,0,-2,0,-2,-1,-1,-1,-1,-2,-1,-2,0,-2,0,-3,0,-3,1,-3,0,-3,1,-4,1,-4,1,-4,2,-5,1,-5,2,-5,2,-5,2,0,0,-6,3,-6,2,-6,3,-6,3,-6,2,-6,2,-6,2,-6,2,-6,2,-6,2,-6,1,-6,1,-6,1,-5,1,-5,1,-5,1,-5,1,-5,1,-4,1,-4,1,-5,1,-4,1,-4,0,-4,0,-4,0,-4,0,0,0,0,0,0,0,0,0,0,0,0,0,0,0,41,-27,36,-20,37,-24,32,-24,27,-20,27,-20,23,-18,22,-16,14,-13,11,-13,8,-13,4,-7,4,-8,2,-6,1,-4,-6,-6,-8,-4,-8,-5,-11,-2,-14,2,-16,6,-16,2,-19,8,-20,7,-22,5,-22,9,-28,9,-28,13,-32,10,-33,11,-30,15,-36,12,-34,13,-35,17,-33,13,-36,12,-34,14,-33,11,-35,5,-35,9,-34,7,-35,8,-34,7,-32,6,-32,7,-30,5,-29,7,-27,6,-24,5,-26,3,-25,6,-25,0,-25,2,-22,3,-23,4,-21,-2,-23,-1,0,0,0,0,0,0,0,0,0,0,0,0,0,0,0,0,0,0,0,0,0,0,0,24,-1,26,1,25,3,33,-1,30,0,38,1,34,3,39,3,45,3,47,5,52,4,54,9,61,4,61,0,66,-3,63,2,76,-3,69,-2,75,-3,74,-5,77,-10,82,-8,78,-10,85,-13,83,-3,84,-13,82,-11,87,-8,80,-8,88,-4,71,-8,83,-4,78,0,77,-3,82,3,76,4,70,10,76,7,71,11,78,10,73,14,70,16,74,21,66,18,65,17,62,23,59,25,60,27,56,31,59,31,54,35,54,32,61,29,48,32,54,34,52,30,46,0,0]"
CSI_DATA,104,1a:00:00:00:00:00,-47,11,1,0,1,1,1,0,0,0,1,-96,0,11,2,1603050,0,44,0,384,0,"[0,0,0,0,0,0,0,0,0,0,0,0,5,3,5,2,5,2,4,2,3,1,3,1,3,0,2,0,1,0,1,-1,1,-1,0,-2,0,-2,0,-2,0,-2,-1,-3,-1,-3,-1,-3,-1,-3,-2,-4,-2,-4,-2,-4,-2,-4,-3,-5,-3,-5,-3,-5,0,0,-3,-5,-3,-6,-3,-6,-3,-6,-2,-6,-2,-6,-2,-6,-2,-6,-2,-6,-2,-6,-2,-6,-1,-5,-1,-5,-1,-5,-1,-5,-1,-5,-1,-5,-1,-4,-1,-4,-1,-4,-1,-4,-1,-4,-1,-4,0,-4,0,-4,0,-3,0,0,0,0,0,0,0,0,0,0,0,0,0,0,35,29,35,30,36,24,29,22,31,21,25,18,23,19,23,13,19,11,19,9,13,6,10,6,13,4,8,2,7,-1,4,-6,2,-7,2,-10,1,-9,0,-9,-2,-14,-3,-14,-5,-17,-6,-20,-5,-18,-5,-21,-8,-21,-8,-27,-9,-26,-11,-28,-8,-26,-8,-29,-7,-30,-9,-32,-10,-28,-7,-30,-7,-34,-6,-32,-3,-33,-6,-27,-7,-28,-6,-28,-2,-29,-2,-29,-1,-24,-1,-26,-4,-25,-2,-26,-1,-22,-2,-21,-1,-22,2,-21,-1,-21,2,-20,2,-23,2,-19,5,-20,0,0,0,0,0,0,0,0,0,0,0,0,0,0,0,0,0,0,0,0,0,0,-14,26,-19,21,-17,24,-18,30,-19,28,-20,31,-24,32,-27,32,-26,40,-30,39,-31,42,-29,44,-34,54,-36,51,-45,48,-44,51,-49,58,-52,50,-55,48,-59,49,-65,44,-67,48,-64,49,-66,53,-70,51,-65,56,-67,47,-68,45,-68,45,-69,51,-60,43,-68,47,-66,42,-62,40,-70,42,-61,42,-58,45,-58,50,-52,51,-54,49,-55,47,-50,53,-50,49,-43,53,-43,47,-45,51,-41,49,-42,51,-40,50,-39,56,-33,52,-30,52,-39,52,-34,49,-36,59,-34,53,-34,49,0,0]"
CSI_DATA,105,1a:00:00:00:00:00,-48,11,1,0,1,1,1,0,0,0,1,-96,0,11,2,1612958,0,44,0,384,0,"[0,0,0,0,0,0,0,0,0,0,0,0,-5,-5,-4,-5,-4,-4,-4,-4,-3,-3,-3,-3,-3,-3,-2,-2,-2,-1,-2,-1,-2,-1,-2,0,-2,0,-2,1,-2,1,-1,2,-2,2,-1,2,-1,3,-1,3,-1,3,-2,4,-2,3,-1,4,-2,4,-2,4,0,0,-2,5,-2,4,-2,5,-2,5,-3,4,-3,4,-3,4,-3,4,-2,4,-3,4,-3,4,-3,3,-3,3,-3,3,-3,3,-3,3,-3,3,-2,3,-2,2,-2,2,-3,2,-2,2,-3,2,-3,2,-3,1,-3,1,0,0,0,0,0,0,0,0,0,0,0,0,0,0,-21,-42,-21,-38,-24,-35,-19,-32,-21,-31,-16,-29,-16,-25,-13,-20,-11,-18,-12,-16,-10,-15,-10,-8,-10,-7,-11,-9,-5,-2,-9,0,-8,3,-6,5,-8,7,-7,7,-7,12,-8,11,-7,16,-7,14,-10,19,-9,19,-9,19,-10,24,-11,22,-10,26,-8,24,-11,25,-13,23,-14,28,-10,24,-16,22,-13,24,-17,24,-17,21,-16,21,-15,21,-16,20,-17,19,-18,18,-16,18,-15,20,-14,16,-15,15,-14,13,-12,13,-12,12,-12,11,-12,10,-13,9,-13,11,-15,10,-12,6,0,0,0,0,0,0,0,0,0,0,0,0,0,0,0,0,0,0,0,0,0,0,14,-26,16,-27,17,-24,18,-29,19,-28,24,-32,22,-31,24,-32,28,-40,30,-36,33,-42,34,-45,37,-51,43,-48,49,-46,50,-46,58,-52,57,-44,63,-44,63,-41,69,-44,71,-41,68,-37,73,-42,75,-40,74,-43,75,-32,77,-32,75,-29,78,-37,63,-28,76,-28,72,-30,68,-33,76,-27,68,-29,65,-30,68,-31,64,-30,66,-33,63,-34,62,-36,62,-33,51,-40,52,-33,56,-35,55,-34,51,-36,53,-40,52,-36,53,-40,48,-37,56,-37,49,-32,51,-39,49,-37,46,-33,0,0]"
CSI_DATA,106,1a:00:00:00:00:00,-48,11,1,0,1,1,1,0,0,0,1,-96,0,11,2,1623207,0,44,0,384,0,"[0,0,0,0,0,0,0,0,0,0,0,0,-6,1,-5,1,-5,1,-4,1,-4,0,-3,1,-3,1,-2,1,-2,1,-1,1,-1,1,0,1,0,1,0,1,0,1,1,1,1,1,1,2,2,2,2,2,2,2,2,2,2,2,2,3,2,3,3,3,0,0,2,3,2,3,3,3,3,3,2,4,2,4,2,4,1,3,2,3,1,3,1,4,1,3,1,3,1,3,1,3,1,3,0,3,1,2,0,2,0,2,0,2,0,2,0,2,0,2,0,2,-1,2,0,0,0,0,0,0,0,0,0,0,0,0,0,0,-41,16,-40,16,-38,16,-28,11,-34,14,-26,10,-24,7,-24,11,-18,8,-15,6,-12,6,-7,8,-8,7,-5,9,2,6,5,6,5,9,5,8,7,8,11,8,15,11,13,8,16,9,14,12,16,10,17,12,18,10,21,13,21,15,26,16,22,14,25,16,21,15,23,15,23,15,20,20,19,16,18,14,15,18,17,18,16,17,13,18,16,17,16,18,13,15,12,17,13,15,12,12,12,15,10,12,12,13,10,14,10,12,7,14,7,14,7,13,4,14,0,0,0,0,0,0,0,0,0,0,0,0,0,0,0,0,0,0,0,0,0,0,-25,-12,-30,-14,-27,-13,-30,-16,-33,-18,-35,-20,-31,-21,-37,-26,-40,-28,-41,-30,-45,-32,-49,-30,-53,-37,-52,-43,-49,-49,-51,-51,-55,-58,-47,-59,-47,-62,-45,-64,-41,-70,-45,-75,-40,-73,-46,-77,-41,-78,-46,-76,-33,-75,-35,-78,-30,-77,-37,-82,-29,-67,-30,-77,-28,-74,-29,-68,-24,-78,-31,-72,-29,-67,-32,-72,-29,-64,-32,-68,-28,-67,-34,-63,-33,-66,-33,-59,-30,-59,-32,-58,-32,-56,-32,-56,-35,-55,-34,-55,-36,-52,-36,-53,-29,-57,-32,-47,-35,-57,-31,-49,-25,-50,0,0]"
CSI_DATA,107,1a:00:00:00:00:00,-50,11,1,0,1,1,1,0,0,0,1,-96,0,11,2,1642388,0,44,0,384,0,"[0,0,0,0,0,0,0,0,0,0,0,0,1,4,1,4,1,3,1,3,1,2,1,1,1,1,1,0,1,0,1,-1,1,-1,1,-1,1,-2,1,-2,1,-2,1,-3,1,-3,1,-3,1,-3,1,-4,2,-4,2,-4,2,-4,2,-4,3,-4,2,-4,0,0,2,-4,3,-4,3,-4,3,-4,3,-3,3,-3,3,-3,3,-3,2,-3,3,-3,3,-3,3,-3,2,-3,2,-3,2,-3,2,-3,2,-3,2,-2,2,-2,2,-2,2,-2,2,-2,2,-2,2,-2,2,-1,2,-1,0,0,0,0,0,0,0,0,0,0,0,0,0,0,14,44,7,36,7,35,7,31,8,28,6,26,7,21,5,17,6,14,4,9,5,10,7,4,9,3,8,1,6,-1,8,-6,12,-7,14,-10,11,-10,11,-7,13,-15,9,-12,12,-18,15,-17,14,-15,18,-18,16,-16,17,-19,18,-18,17,-16,17,-19,24,-19,19,-18,22,-19,18,-18,20,-13,22,-14,18,-17,24,-9,19,-13,19,-12,18,-11,17,-13,19,-11,18,-9,17,-9,18,-9,15,-11,14,-7,14,-7,16,-9,15,-9,14,-7,13,-7,17,-4,13,-5,15,-1,0,0,0,0,0,0,0,0,0,0,0,0,0,0,0,0,0,0,0,0,0,0,-6,25,-12,25,-13,25,-10,30,-11,31,-18,33,-15,35,-18,36,-23,43,-20,38,-29,46,-29,47,-31,56,-39,56,-47,52,-42,48,-53,57,-54,49,-56,53,-64,48,-68,46,-77,49,-67,45,-74,45,-76,41,-75,47,-81,35,-83,35,-74,30,-82,37,-67,28,-79,30,-75,27,-73,29,-79,21,-71,25,-68,24,-68,24,-65,27,-73,28,-75,24,-64,30,-67,25,-59,28,-63,27,-60,28,-62,24,-57,24,-59,28,-55,28,-57,25,-57,29,-64,29,-51,23,-56,25,-54,21,-48,17,0,0]"
CSI_DATA,108,1a:00:00:00:00:00,-50,11,1,0,1,1,1,0,0,0,1,-96,0,11,2,1653357,0,44,0,384,0,"[0,0,0,0,0,0,0,0,0,0,0,0,-1,-6,-1,-5,-1,-4,-1,-4,-1,-3,-1,-2,-1,-2,-1,-2,-2,-1,-2,-1,-2,-1,-2,0,-2,0,-3,0,-3,1,-3,1,-3,1,-3,1,-4,2,-4,1,-4,2,-4,2,-4,1,-5,2,-5,1,-5,1,0,0,-5,2,-5,1,-5,1,-5,1,-5,0,-5,1,-4,1,-4,0,-4,1,-4,0,-4,0,-4,0,-4,0,-3,0,-4,0,-3,0,-4,0,-3,0,-3,0,-3,0,-3,0,-3,0,-3,0,-3,0,-3,-1,-3,-1,0,0,0,0,0,0,0,0,0,0,0,0,0,0,6,-43,8,-36,1,-39,5,-29,4,-33,4,-27,3,-22,2,-19,0,-14,-3,-11,-5,-11,-6,-13,-4,-8,-7,-7,-11,-7,-12,-1,-16,2,-14,0,-18,3,-15,3,-20,6,-19,5,-23,7,-22,5,-23,6,-27,4,-24,7,-28,8,-26,5,-30,5,-30,3,-29,3,-29,1,-28,4,-26,5,-28,-1,-26,2,-25,-1,-31,-4,-23,2,-20,-2,-22,-2,-24,-2,-23,-2,-19,-3,-20,-2,-18,0,-22,-2,-19,-2,-17,-3,-17,0,-18,-2,-16,-3,-11,-5,-15,-3,-14,-3,-16,-8,0,0,0,0,0,0,0,0,0,0,0,0,0,0,0,0,0,0,0,0,0,0,9,-25,10,-25,14,-24,13,-28,14,-29,19,-33,20,-34,27,-30,26,-42,30,-39,34,-41,33,-43,41,-50,43,-48,53,-45,57,-43,64,-46,62,-39,67,-40,72,-38,73,-33,82,-33,77,-27,84,-28,83,-26,85,-27,86,-16,89,-17,80,-10,90,-15,71,-10,87,-13,81,-9,79,-10,80,-2,75,-7,74,-4,77,-8,71,-4,77,-9,76,-3,71,-10,75,-7,66,-11,65,-4,61,-9,63,-10,61,-5,61,-8,62,-8,59,-6,63,-7,62,0,56,-3,61,-3,60,-3,53,-5,0,0]"
CSI_DATA,109,1a:00:00:00:00:00,-50,11,1,0,1,1,1,0,0,0,1,-96,0,11,2,1662694,0,44,0,384,0,"[0,0,0,0,0,0,0,0,0,0,0,0,4,3,3,3,3,3,3,2,2,1,2,1,2,0,2,0,1,-1,2,-1,2,-2,2,-2,2,-3,2,-3,2,-3,2,-4,1,-4,1,-4,2,-4,2,-4,2,-4,2,-5,2,-4,3,-5,3,-5,3,-5,0,0,3,-5,3,-5,3,-5,3,-5,3,-4,3,-4,3,-4,3,-4,2,-4,3,-3,3,-3,3,-3,3,-3,2,-3,2,-3,2,-3,2,-3,2,-3,2,-3,2,-3,2,-2,2,-2,2,-2,2,-2,2,-2,2,-1,0,0,0,0,0,0,0,0,0,0,0,0,0,0,14,15,11,13,13,12,9,12,10,9,8,9,6,7,7,5,5,4,5,3,6,1,4,0,5,-1,5,-2,5,-4,3,-6,5,-6,4,-8,5,-7,6,-9,5,-10,7,-9,6,-12,7,-10,8,-10,7,-12,7,-11,6,-12,9,-13,8,-13,9,-12,9,-11,9,-12,10,-10,9,-8,11,-10,11,-9,10,-8,10,-8,8,-7,10,-7,9,-5,8,-6,8,-6,8,-5,7,-5,8,-5,7,-5,7,-4,7,-5,5,-4,7,-5,7,-5,8,-2,6,-3,7,-3,7,-2,0,0,0,0,0,0,0,0,0,0,0,0,0,0,0,0,0,0,0,0,0,0,7,8,6,10,7,10,10,11,9,12,10,15,9,14,10,17,11,20,10,21,10,24,10,25,11,29,9,31,5,33,5,33,4,38,0,36,1,39,-4,39,-6,39,-8,43,-8,38,-8,44,-12,42,-11,42,-14,40,-16,41,-18,36,-19,41,-15,32,-19,37,-20,34,-19,33,-22,33,-19,34,-19,30,-19,34,-18,30,-17,32,-21,30,-18,30,-20,29,-15,27,-18,27,-20,26,-16,27,-16,27,-17,27,-17,26,-17,26,-16,27,-20,24,-17,21,-18,24,-19,23,-17,19,0,0]"
CSI_DATA,110,1a:00:00:00:00:00,-50,11,1,0,1,1,1,0,0,0,1,-96,0,11,2,1672410,0,44,0,384,0,"[0,0,0,0,0,0,0,0,0,0,0,0,4,-3,4,-2,3,-3,3,-2,2,-2,1,-2,1,-2,1,-2,0,-3,0,-3,-1,-3,-1,-3,-1,-3,-1,-3,-2,-3,-2,-4,-2,-4,-2,-4,-2,-4,-2,-4,-2,-5,-2,-5,-2,-5,-3,-5,-2,-6,-2,-5,0,0,-2,-6,-2,-6,-2,-5,-1,-6,-1,-5,-1,-5,-1,-5,-1,-5,-1,-5,0,-5,0,-4,0,-4,0,-4,0,-4,0,-4,0,-4,0,-3,0,-3,0,-3,0,-3,0,-3,0,-3,0,-3,0,-3,0,-3,1,-3,0,0,0,0,0,0,0,0,0,0,0,0,0,0,42,-12,36,-9,37,-13,34,-10,26,-8,25,-10,24,-10,19,-6,13,-9,12,-7,9,-9,8,-9,3,-13,0,-12,0,-14,-4,-15,-5,-17,-6,-19,-6,-17,-6,-20,-8,-23,-8,-21,-12,-24,-9,-23,-8,-25,-8,-28,-8,-27,-12,-26,-12,-33,-11,-29,-10,-31,-10,-30,-5,-25,-9,-30,-7,-28,-2,-29,0,-26,-4,-28,1,-26,-4,-24,-2,-27,1,-23,-4,-22,3,-24,-3,-21,0,-22,0,-20,-4,-21,0,-20,4,-16,-2,-19,0,-18,1,-20,4,-17,2,-16,4,-16,8,-13,0,0,0,0,0,0,0,0,0,0,0,0,0,0,0,0,0,0,0,0,0,0,23,-4,24,-3,24,-2,28,-2,30,-2,35,-2,34,-1,39,2,46,2,47,1,49,7,55,9,64,8,64,10,61,22,63,26,71,32,62,36,67,39,64,44,63,51,66,56,60,57,68,60,62,66,62,62,51,66,53,70,47,72,51,77,44,62,45,76,44,70,40,66,34,71,38,69,35,67,40,66,33,64,34,67,33,68,33,62,32,65,38,59,31,56,29,61,30,58,31,58,31,50,30,59,29,52,34,57,28,60,24,48,27,57,25,51,22,49,0,0]"
CSI_DATA,111,1a:00:00:00:00:00,-49,11,1,0,1,1,1,0,0,0,1,-96,0,11,2,1683557,0,44,0,384,0,"[0,0,0,0,0,0,0,0,0,0,0,0,2,4,2,4,2,3,2,3,2,2,1,2,2,1,2,0,2,0,2,0,2,-1,2,-1,3,-1,3,-1,3,-2,3,-2,3,-3,3,-2,4,-2,4,-2,4,-2,4,-3,4,-3,5,-2,5,-2,5,-3,0,0,5,-3,6,-2,6,-2,5,-2,5,-1,5,-1,5,-1,4,0,4,-1,4,0,4,0,4,0,3,0,3,0,3,0,3,0,3,0,3,0,3,0,2,0,2,0,3,0,3,0,2,0,2,0,2,1,0,0,0,0,0,0,0,0,0,0,0,0,0,0,11,37,7,34,13,33,10,31,9,32,9,27,8,23,8,17,10,14,9,17,8,9,9,7,16,5,14,2,15,4,17,-3,20,-6,18,-5,16,-4,23,-4,24,-8,23,-7,26,-10,26,-9,25,-9,30,-6,26,-6,29,-8,30,-7,30,-6,30,-8,30,-2,29,-3,32,-4,32,-4,28,3,34,4,28,4,27,7,26,5,22,4,22,6,23,7,24,5,17,4,19,5,16,5,18,4,16,8,18,5,16,5,18,2,16,6,15,6,14,5,12,6,12,7,0,0,0,0,0,0,0,0,0,0,0,0,0,0,0,0,0,0,0,0,0,0,5,18,9,20,6,25,9,27,7,29,7,29,4,33,4,36,5,47,4,45,3,51,5,51,3,59,-3,61,-17,65,-16,67,-21,73,-23,69,-25,65,-35,67,-43,69,-45,73,-47,63,-50,70,-53,71,-49,71,-58,59,-64,58,-62,56,-64,59,-58,48,-66,50,-65,45,-65,43,-69,45,-61,42,-61,42,-63,45,-58,38,-64,42,-64,38,-59,40,-56,34,-53,39,-49,30,-54,26,-52,28,-56,34,-53,33,-54,32,-50,34,-51,34,-55,29,-51,27,-52,33,-55,24,-51,20,0,0]"
CSI_DATA,112,1a:00:00:00:00:00,-50,11,1,0,1,1,1,0,0,0,1,-96,0,11,2,1692378,0,44,0,384,0,"[0,0,0,0,0,0,0,0,0,0,0,0,-5,-4,-5,-3,-5,-3,-4,-3,-4,-2,-3,-1,-3,-1,-3,0,-3,0,-3,1,-3,1,-3,2,-3,2,-3,2,-3,2,-3,3,-3,3,-3,3,-3,4,-4,4,-4,3,-3,4,-3,4,-4,5,-4,5,-4,5,0,0,-4,5,-5,4,-5,4,-4,5,-5,4,-5,3,-5,3,-5,2,-5,3,-5,3,-5,3,-4,2,-4,2,-4,2,-4,2,-4,2,-3,2,-3,2,-3,1,-3,2,-3,1,-3,1,-3,1,-3,1,-3,1,-3,0,0,0,0,0,0,0,0,0,0,0,0,0,0,0,-17,-13,-18,-16,-16,-11,-16,-11,-14,-11,-13,-11,-11,-9,-11,-6,-10,-3,-8,-2,-9,-1,-8,0,-6,2,-8,1,-8,3,-8,5,-9,6,-9,7,-9,6,-8,9,-7,12,-9,9,-7,10,-7,11,-8,11,-9,12,-8,11,-9,13,-12,13,-11,12,-11,11,-11,12,-12,10,-11,11,-12,11,-13,8,-11,8,-13,10,-12,8,-11,8,-11,7,-13,5,-11,5,-12,4,-8,5,-11,5,-9,4,-9,6,-7,5,-8,4,-9,4,-8,3,-8,3,-7,3,-9,1,-9,3,-8,2,0,0,0,0,0,0,0,0,0,0,0,0,0,0,0,0,0,0,0,0,0,0,-6,-10,-6,-11,-6,-12,-8,-12,-9,-15,-8,-15,-7,-16,-7,-19,-8,-22,-7,-23,-9,-26,-8,-26,-8,-30,-4,-34,-2,-33,-2,-33,-2,-38,2,-38,4,-37,5,-42,8,-39,11,-44,11,-41,13,-42,17,-42,16,-42,20,-37,21,-37,21,-38,21,-39,18,-34,22,-35,22,-35,21,-34,24,-35,21,-34,21,-33,21,-32,19,-30,21,-31,22,-29,18,-31,19,-29,17,-31,15,-28,17,-28,16,-28,16,-27,12,-28,16,-29,15,-27,16,-27,17,-29,14,-24,17,-28,15,-23,16,-25,0,0]"
CSI_DATA,113,1a:00:00:00:00:00,-50,11,1,0,1,1,1,0,0,0,1,-96,0,11,2,1703183,0,44,0,384,0,"[0,0,0,0,0,0,0,0,0,0,0,0,-6,-2,-5,-2,-5,-2,-5,-1,-4,-1,-3,-1,-3,0,-3,0,-3,1,-2,1,-2,2,-2,2,-2,2,-2,2,-2,2,-1,3,-1,4,-1,3,-2,3,-2,4,-2,4,-2,4,-2,4,-2,5,-2,4,-2,5,0,0,-2,5,-3,5,-3,5,-2,5,-3,4,-3,4,-3,4,-3,3,-3,4,-3,3,-3,3,-3,3,-3,2,-3,2,-3,2,-3,2,-3,2,-3,2,-3,2,-2,2,-3,2,-2,2,-3,1,-3,1,-3,1,-3,1,0,0,0,0,0,0,0,0,0,0,0,0,0,0,-40,-18,-33,-16,-40,-14,-34,-15,-31,-12,-27,-13,-23,-9,-22,-7,-20,-2,-19,-6,-13,0,-14,0,-13,3,-12,7,-12,10,-8,13,-10,14,-9,16,-6,20,-7,19,-8,22,-10,22,-8,25,-10,23,-7,25,-9,30,-5,27,-8,31,-12,27,-8,34,-12,28,-13,31,-13,31,-13,29,-10,27,-17,26,-18,27,-19,25,-21,21,-20,19,-15,19,-20,19,-16,18,-17,22,-15,15,-15,15,-16,14,-12,15,-12,13,-13,13,-14,14,-11,13,-14,13,-10,11,-15,10,-14,9,-17,9,0,0,0,0,0,0,0,0,0,0,0,0,0,0,0,0,0,0,0,0,0,0,-10,-15,-12,-18,-10,-18,-16,-22,-18,-24,-17,-29,-19,-28,-22,-31,-23,-36,-21,-40,-21,-47,-23,-50,-28,-55,-24,-58,-15,-64,-15,-59,-21,-71,-9,-70,-7,-79,1,-77,2,-78,4,-82,5,-73,7,-84,12,-84,12,-83,19,-81,18,-81,21,-72,20,-87,18,-68,28,-85,26,-77,24,-73,31,-75,23,-72,25,-66,25,-70,23,-66,20,-70,26,-66,19,-65,21,-66,16,-63,20,-64,20,-52,19,-62,19,-59,16,-61,15,-59,16,-59,12,-60,20,-62,17,-51,19,-61,19,-57,17,-49,0,0]"
CSI_DATA,114,1a:00:00:00:00:00,-49,11,1,0,1,1,1,0,0,0,1,-96,0,11,2,1742724,0,44,0,384,0,"[0,0,0,0,0,0,0,0,0,0,0,0,-6,4,-6,4,-5,3,-5,3,-4,3,-3,2,-3,2,-2,2,-2,2,-1,2,-1,2,-1,3,0,2,0,2,1,2,1,3,1,3,1,3,2,3,2,4,2,3,2,4,1,4,2,4,2,4,2,5,0,0,2,5,2,5,2,5,2,5,1,5,1,5,1,5,0,5,0,5,0,5,0,5,0,4,0,4,-1,4,-1,4,-1,4,0,4,-1,3,-1,3,-1,3,-1,3,-1,3,-1,3,-1,3,-2,3,-2,2,0,0,0,0,0,0,0,0,0,0,0,0,0,0,-45,24,-40,22,-42,24,-34,21,-30,17,-34,18,-29,15,-26,17,-21,11,-18,11,-16,14,-13,11,-12,17,-7,14,-7,15,-3,15,-4,19,3,16,0,19,5,17,7,22,4,22,8,19,9,22,8,22,7,23,11,23,14,26,11,26,15,28,11,29,11,32,7,30,9,32,9,29,5,33,6,31,5,28,1,28,1,29,0,26,-1,28,0,28,-6,26,-5,24,-4,23,-2,21,-3,23,-5,20,-2,19,-3,18,-5,20,-4,19,-5,17,-5,16,-8,17,-11,18,0,0,0,0,0,0,0,0,0,0,0,0,0,0,0,0,0,0,0,0,0,0,-15,10,-20,8,-20,7,-23,12,-27,7,-31,13,-30,12,-37,8,-43,13,-42,9,-52,8,-54,5,-59,6,-64,2,-62,-6,-65,-10,-77,-13,-68,-18,-72,-21,-71,-26,-74,-36,-77,-37,-68,-39,-74,-42,-73,-43,-76,-46,-66,-51,-69,-55,-62,-51,-71,-58,-54,-46,-65,-59,-56,-59,-53,-54,-56,-63,-55,-53,-48,-54,-53,-55,-51,-55,-52,-53,-45,-60,-52,-50,-49,-58,-48,-46,-46,-52,-43,-46,-45,-48,-43,-50,-47,-43,-41,-46,-44,-49,-45,-47,-45,-52,-36,-42,-45,-51,-43,-50,-33,-45,0,0]"
CSI_DATA,115,1a:00:00:00:00:00,-49,11,1,0,1,1,1,0,0,0,1,-96,0,11,2,1752413,0,44,0,384,0,"[0,0,0,0,0,0,0,0,0,0,0,0,4,4,4,4,3,3,3,3,3,3,2,2,3,1,2,1,2,0,2,0,2,-1,2,-1,2,-1,2,-1,2,-1,3,-2,2,-3,2,-2,3,-3,3,-3,3,-3,3,-3,4,-3,4,-3,4,-4,4,-4,0,0,4,-4,5,-3,5,-3,4,-4,4,-2,5,-2,4,-2,4,-2,5,-2,4,-2,4,-2,4,-1,4,-1,3,-1,4,-1,4,-1,3,-1,3,-1,3,-1,3,-1,3,-1,3,0,3,0,3,0,2,0,2,0,0,0,0,0,0,0,0,0,0,0,0,0,0,0,30,36,27,35,30,34,23,35,25,32,21,25,18,23,17,25,17,17,18,13,15,13,14,8,17,10,14,4,14,0,16,-5,17,-2,20,-6,14,-3,13,-7,18,-11,17,-7,20,-15,19,-15,19,-12,24,-15,21,-14,26,-17,27,-16,23,-19,29,-13,30,-15,25,-11,33,-14,27,-15,32,-10,29,-10,30,-9,30,-7,30,-10,26,-8,30,-3,29,0,29,-1,22,-1,24,-3,22,0,25,-3,20,2,18,-1,20,-1,20,0,20,3,18,4,17,2,19,6,18,4,0,0,0,0,0,0,0,0,0,0,0,0,0,0,0,0,0,0,0,0,0,0,10,16,12,17,12,18,16,20,16,24,17,28,13,28,17,32,20,36,19,42,15,44,18,48,20,59,13,60,6,65,2,68,3,75,-3,71,-5,72,-12,78,-18,74,-24,81,-23,74,-28,81,-32,78,-30,79,-40,76,-41,75,-43,67,-41,74,-37,64,-46,68,-45,62,-42,63,-54,63,-42,64,-49,56,-47,59,-46,59,-45,60,-46,54,-42,58,-48,52,-41,54,-41,48,-36,51,-37,52,-38,54,-38,52,-40,48,-36,49,-36,52,-47,52,-33,44,-44,52,-41,49,-41,42,0,0]"
CSI_DATA,116,1a:00:00:00:00:00,-49,11,1,0,1,1,1,0,0,0,1,-96,0,11,2,1762443,0,44,0,384,0,"[0,0,0,0,0,0,0,0,0,0,0,0,5,4,4,4,4,3,4,3,3,3,3,1,3,1,2,1,3,0,2,0,2,-1,2,-1,3,-2,2,-2,2,-2,2,-3,2,-3,2,-3,2,-4,3,-4,3,-4,3,-5,3,-4,3,-5,3,-5,3,-5,0,0,3,-5,4,-5,4,-5,4,-5,4,-4,4,-4,4,-4,4,-3,4,-4,4,-4,4,-3,4,-3,4,-2,4,-2,4,-3,4,-3,3,-2,3,-3,3,-2,3,-2,3,-2,3,-2,3,-2,3,-1,3,-1,3,-1,0,0,0,0,0,0,0,0,0,0,0,0,0,0,33,34,34,32,36,31,28,31,26,27,26,23,25,19,20,18,19,13,19,12,12,8,19,8,13,4,14,3,15,-3,15,-5,15,-7,14,-9,12,-9,13,-13,14,-15,12,-12,13,-16,17,-17,15,-19,20,-23,17,-20,21,-24,21,-23,20,-23,24,-19,24,-26,22,-24,27,-24,25,-20,27,-19,24,-21,25,-19,26,-18,24,-17,24,-12,26,-11,24,-12,23,-15,20,-9,20,-11,21,-8,19,-9,19,-7,17,-10,16,-5,17,-8,19,-5,17,-5,17,-3,15,-5,19,1,0,0,0,0,0,0,0,0,0,0,0,0,0,0,0,0,0,0,0,0,0,0,5,18,4,18,10,20,12,26,8,24,9,31,12,32,10,36,12,43,10,46,8,54,6,53,8,60,1,61,-4,64,-9,66,-8,72,-19,67,-21,70,-23,74,-26,73,-31,79,-33,71,-41,75,-45,73,-44,75,-50,67,-44,67,-50,64,-50,71,-42,57,-52,64,-49,62,-48,60,-54,61,-45,62,-47,54,-53,58,-49,52,-49,56,-49,47,-46,52,-47,52,-42,53,-43,54,-36,47,-37,50,-36,55,-34,52,-35,54,-39,51,-37,51,-42,50,-36,49,-40,50,-43,46,-35,45,0,0]"
CSI_DATA,117,1a:00:00:00:00:00,-49,11,1,0,1,1,1,0,0,0,1,-96,0,11,2,1773232,0,44,0,384,0,"[0,0,0,0,0,0,0,0,0,0,0,0,6,-1,5,-1,4,-1,4,0,3,0,3,-1,2,-1,2,-2,1,-2,1,-2,1,-3,1,-3,0,-3,0,-3,0,-3,-1,-4,-1,-4,-1,-4,-1,-4,-1,-4,-1,-4,-1,-5,-1,-5,-2,-5,-2,-5,-1,-6,0,0,-2,-7,-1,-6,-1,-6,-1,-6,-1,-6,-1,-6,-1,-6,0,-5,0,-6,0,-6,0,-6,0,-5,0,-5,0,-5,0,-5,0,-5,0,-4,0,-4,0,-4,0,-4,0,-4,0,-4,0,-4,0,-4,1,-3,1,-3,0,0,0,0,0,0,0,0,0,0,0,0,0,0,45,7,45,10,45,3,40,8,37,8,32,7,31,4,27,6,22,2,17,3,16,1,14,-4,14,-4,11,-8,8,-8,11,-12,5,-15,6,-17,3,-14,2,-20,0,-19,-1,-18,2,-22,2,-24,4,-26,0,-27,-2,-29,3,-31,4,-29,1,-31,1,-30,5,-29,6,-35,3,-35,2,-31,7,-32,8,-32,8,-32,11,-27,8,-31,11,-29,12,-29,11,-27,7,-27,11,-22,11,-23,9,-20,11,-23,10,-18,8,-21,10,-21,9,-19,11,-16,10,-19,12,-16,12,-13,10,-12,0,0,0,0,0,0,0,0,0,0,0,0,0,0,0,0,0,0,0,0,0,0,14,10,16,14,17,12,21,14,19,18,22,22,25,23,24,28,30,31,29,36,29,43,32,44,32,48,29,56,21,59,24,64,28,69,19,68,16,71,14,75,10,80,8,83,3,79,1,85,-1,83,0,88,-11,84,-12,82,-11,79,-9,83,-11,70,-14,82,-15,77,-14,72,-17,75,-12,72,-14,70,-13,76,-13,69,-10,71,-12,67,-8,67,-13,70,-4,63,-9,61,-6,65,-4,62,-7,60,-1,60,0,64,-1,63,1,61,-6,64,-4,60,-7,66,-3,60,-8,54,0,0]"
CSI_DATA,118,1a:00:00:00:00:00,-50,11,1,0,1,1,1,0,0,0,1,-96,0,11,2,1783294,0,44,0,384,0,"[0,0,0,0,0,0,0,0,0,0,0,0,3,4,3,4,3,3,2,3,2,2,2,2,2,1,1,0,1,0,1,0,1,-1,1,-2,2,-2,1,-2,1,-2,1,-3,1,-4,1,-4,1,-4,1,-4,1,-4,1,-4,1,-5,2,-5,2,-5,2,-6,0,0,2,-6,2,-6,2,-6,2,-6,3,-5,3,-5,3,-5,3,-5,2,-5,3,-5,3,-5,3,-4,2,-4,2,-4,2,-4,2,-4,2,-3,2,-4,2,-3,2,-3,2,-3,2,-3,2,-3,2,-3,2,-3,2,-2,0,0,0,0,0,0,0,0,0,0,0,0,0,0,23,45,17,41,21,37,15,34,15,34,9,26,13,23,13,22,13,16,11,14,9,7,9,6,11,2,8,5,8,-1,10,-5,13,-8,12,-9,13,-10,14,-13,11,-14,12,-17,14,-18,14,-20,16,-21,12,-23,14,-19,16,-24,17,-25,19,-27,19,-24,20,-26,21,-25,20,-29,17,-26,23,-25,23,-24,24,-27,21,-22,21,-21,23,-21,25,-19,20,-19,21,-18,24,-15,19,-15,20,-14,19,-16,19,-17,16,-13,18,-16,16,-15,18,-15,17,-13,20,-12,18,-7,15,-7,0,0,0,0,0,0,0,0,0,0,0,0,0,0,0,0,0,0,0,0,0,0,-9,18,-11,20,-10,20,-15,26,-13,25,-16,30,-18,31,-26,33,-22,41,-25,43,-33,43,-33,45,-41,53,-44,50,-51,45,-48,43,-57,49,-58,41,-66,47,-66,42,-69,35,-80,38,-72,34,-79,36,-78,33,-77,40,-80,27,-82,26,-76,21,-88,27,-67,21,-81,24,-77,22,-71,20,-76,22,-73,25,-66,21,-74,23,-65,19,-68,29,-69,22,-63,27,-60,25,-59,30,-57,28,-53,27,-52,30,-54,30,-53,30,-50,35,-50,35,-52,35,-58,36,-50,31,-55,33,-55,31,-44,33,0,0]"
CSI_DATA,119,1a:00:00:00:00:00,-50,11,1,0,1,1,1,0,0,0,1,-96,0,11,2,1792393,0,44,0,384,0,"[0,0,0,0,0,0,0,0,0,0,0,0,-5,-4,-5,-4,-4,-3,-4,-3,-4,-2,-3,-2,-3,-1,-3,0,-2,0,-2,0,-2,1,-2,1,-2,1,-1,2,-1,2,-1,3,-1,3,-1,3,-1,3,-1,4,-1,4,-1,5,-1,5,-1,5,-1,5,-1,6,0,0,-1,6,-1,6,-1,6,-1,6,-1,5,-2,6,-2,5,-2,5,-1,5,-2,5,-2,6,-2,4,-2,4,-2,4,-2,4,-2,4,-2,4,-2,4,-1,3,-2,4,-2,3,-2,3,-2,3,-2,3,-2,3,-2,2,0,0,0,0,0,0,0,0,0,0,0,0,0,0,-41,-25,-40,-21,-40,-21,-35,-14,-36,-14,-31,-13,-26,-12,-23,-11,-19,-5,-19,-6,-12,-3,-10,1,-10,0,-3,4,-7,6,-9,6,-2,10,-2,17,-1,16,4,13,4,22,0,20,6,23,7,21,4,27,9,25,6,25,10,30,5,30,10,31,9,30,8,34,5,29,7,34,12,32,4,35,7,33,2,35,-2,35,-1,31,3,28,0,36,0,27,-1,29,2,27,1,27,-2,25,5,25,1,21,-2,23,-3,22,-3,24,-1,21,-2,20,-2,19,-3,20,-5,20,0,0,0,0,0,0,0,0,0,0,0,0,0,0,0,0,0,0,0,0,0,0,0,-20,5,-25,4,-26,0,-31,4,-31,10,-35,4,-37,8,-42,8,-46,14,-48,17,-56,16,-53,19,-67,28,-63,34,-63,37,-63,41,-72,41,-63,42,-62,49,-66,58,-62,57,-70,56,-59,61,-68,64,-66,57,-64,63,-61,64,-58,62,-54,65,-66,56,-54,58,-57,59,-58,54,-54,60,-52,51,-54,52,-53,47,-55,50,-51,46,-57,49,-57,40,-56,42,-54,33,-51,34,-50,33,-55,34,-58,29,-51,25,-58,28,-55,27,-57,20,-53,25,-63,26,-54,27,-61,22,-56,25,-56,0,0]"
CSI_DATA,120,1a:00:00:00:00:00,-49,11,1,0,1,1,1,0,0,0,1,-96,0,11,2,1803192,0,44,0,384,0,"[0,0,0,0,0,0,0,0,0,0,0,0,-6,0,-6,0,-5,0,-4,0,-3,0,-3,0,-2,1,-2,0,-1,1,-1,1,0,1,1,1,1,1,1,1,1,1,2,2,3,2,3,2,3,2,3,2,3,2,4,2,4,2,5,2,5,3,5,3,0,0,5,4,5,3,5,3,5,4,4,3,4,4,4,3,4,4,4,4,3,4,4,4,3,3,3,3,3,3,3,3,3,3,3,3,3,3,2,3,2,2,2,3,2,3,2,2,2,2,2,3,1,3,0,0,0,0,0,0,0,0,0,0,0,0,0,0,-21,-6,-20,-2,-18,0,-17,-3,-17,-4,-14,-2,-13,-3,-12,0,-8,0,-7,-2,-5,0,-3,2,-1,1,-1,2,0,3,1,4,3,5,3,7,4,6,5,8,7,8,7,7,7,8,7,11,7,11,8,13,9,12,11,12,10,14,10,11,10,14,9,13,10,14,9,15,10,12,8,16,7,14,9,15,5,15,10,13,8,12,6,15,4,13,5,14,4,12,6,13,5,13,5,11,5,10,5,10,2,10,4,11,4,9,3,11,2,8,1,10,2,10,0,0,0,0,0,0,0,0,0,0,0,0,0,0,0,0,0,0,0,0,0,0,-4,-12,-2,-11,-3,-12,-3,-15,-4,-16,-2,-19,-4,-19,-2,-22,-4,-24,-2,-27,-3,-28,-1,-30,-3,-33,0,-33,6,-33,5,-37,5,-39,8,-37,10,-37,10,-38,12,-40,15,-43,14,-39,16,-42,17,-40,14,-43,18,-39,18,-39,17,-37,17,-39,14,-36,18,-37,19,-35,16,-34,18,-35,13,-35,14,-35,12,-36,11,-32,12,-34,13,-32,9,-33,8,-32,6,-32,8,-30,5,-28,4,-30,4,-31,1,-30,3,-31,0,-32,2,-31,3,-30,0,-26,0,-31,0,-29,3,-29,0,0]"
CSI_DATA,121,1a:00:00:00:00:00,-49,11,1,0,1,1,1,0,0,0,1,-96,0,11,2,1812502,0,44,0,384,0,"[0,0,0,0,0,0,0,0,0,0,0,0,1,-7,1,-6,0,-5,0,-4,-1,-4,0,-3,-1,-2,-1,-1,-2,-1,-2,-1,-2,0,-3,1,-3,1,-4,1,-4,1,-4,2,-4,2,-4,2,-4,3,-5,3,-5,3,-5,3,-5,3,-6,4,-6,4,-6,4,0,0,-6,4,-7,4,-7,4,-6,4,-7,3,-7,3,-7,3,-7,3,-6,3,-6,2,-6,2,-6,2,-6,2,-6,2,-6,2,-5,2,-6,2,-5,2,-5,2,-5,2,-5,1,-5,1,-5,1,-4,1,-5,0,-4,0,0,0,0,0,0,0,0,0,0,0,0,0,0,0,26,-39,15,-36,15,-33,16,-32,12,-30,13,-23,9,-22,7,-18,4,-11,-3,-11,-1,-9,-1,-8,-3,-7,-8,-3,-11,-4,-12,1,-15,2,-13,4,-15,9,-19,10,-22,12,-20,11,-22,15,-24,13,-26,17,-30,14,-30,19,-30,18,-28,19,-32,21,-32,21,-32,20,-34,17,-33,17,-30,23,-37,17,-37,16,-36,17,-36,14,-31,14,-34,11,-32,13,-32,12,-33,12,-27,12,-28,10,-24,12,-26,10,-25,8,-25,6,-27,8,-23,7,-22,9,-23,6,-22,5,-19,6,-22,3,0,0,0,0,0,0,0,0,0,0,0,0,0,0,0,0,0,0,0,0,0,0,15,12,19,14,20,12,25,14,23,17,30,20,30,22,35,25,39,30,41,28,45,35,44,36,51,43,48,44,48,49,47,52,54,57,47,62,46,62,44,64,44,66,50,74,48,68,45,73,44,72,51,74,37,73,40,72,39,74,46,77,36,63,44,70,42,67,42,59,45,68,44,56,44,58,47,55,46,52,50,50,46,49,50,46,51,47,52,39,47,37,44,41,48,34,51,31,50,30,55,28,55,27,53,26,57,26,52,22,60,25,56,25,53,23,0,0]"
CSI_DATA,122,1a:00:00:00:00:00,-47,11,1,0,1,1,1,0,0,0,1,-96,0,11,2,1832411,0,44,0,384,0,"[0,0,0,0,0,0,0,0,0,0,0,0,2,5,2,4,3,4,2,3,2,2,2,2,2,1,2,0,1,0,2,-1,1,-1,2,-2,2,-3,2,-3,2,-3,1,-4,2,-5,1,-5,1,-5,2,-6,2,-6,2,-6,2,-6,2,-7,2,-7,2,-7,0,0,2,-8,3,-8,3,-8,2,-8,3,-7,4,-7,3,-7,4,-7,3,-7,3,-6,4,-7,4,-6,3,-6,3,-5,3,-6,3,-6,3,-5,3,-5,2,-5,2,-4,3,-4,3,-4,3,-4,3,-4,3,-3,3,-3,0,0,0,0,0,0,0,0,0,0,0,0,0,0,8,21,6,20,6,18,8,16,7,16,5,14,7,10,6,10,5,8,5,6,6,4,5,2,4,-1,5,1,4,-3,5,-4,5,-4,7,-6,6,-7,7,-9,6,-11,5,-10,5,-12,5,-14,7,-14,7,-15,7,-16,7,-18,7,-17,9,-18,10,-18,10,-19,9,-19,10,-20,9,-18,10,-18,12,-16,11,-18,12,-15,11,-16,13,-15,12,-14,11,-15,12,-15,11,-12,9,-14,11,-10,11,-12,10,-9,8,-9,9,-10,10,-9,9,-9,10,-8,10,-8,9,-4,9,-7,0,0,0,0,0,0,0,0,0,0,0,0,0,0,0,0,0,0,0,0,0,0,-11,4,-11,4,-11,5,-12,6,-14,6,-15,5,-16,7,-18,7,-21,8,-22,7,-24,9,-24,10,-29,11,-30,8,-30,7,-32,5,-35,8,-36,4,-35,5,-37,3,-38,3,-42,1,-39,1,-41,2,-42,1,-43,2,-41,-2,-40,-2,-41,-2,-42,-2,-37,-1,-39,-1,-39,0,-37,-1,-39,-2,-37,1,-36,1,-38,2,-33,2,-38,2,-35,4,-34,6,-32,5,-32,9,-31,5,-32,5,-31,7,-29,8,-31,9,-30,12,-29,11,-29,14,-31,11,-28,10,-30,14,-30,12,-25,12,0,0]"
CSI_DATA,123,1a:00:00:00:00:00,-46,11,1,0,1,1,1,0,0,0,1,-96,0,11,2,1842391,0,44,0,384,0,"[0,0,0,0,0,0,0,0,0,0,0,0,6,-2,5,-2,5,-2,4,-2,3,-2,3,-2,2,-2,1,-2,1,-2,0,-3,0,-3,-1,-3,-1,-3,-1,-3,-2,-3,-3,-3,-3,-3,-3,-3,-3,-3,-4,-4,-4,-4,-4,-4,-4,-4,-5,-4,-5,-5,-5,-5,0,0,-6,-5,-5,-5,-6,-6,-5,-6,-5,-6,-5,-6,-5,-6,-4,-6,-4,-6,-4,-6,-4,-6,-3,-6,-3,-6,-3,-5,-3,-5,-3,-5,-3,-5,-2,-5,-3,-5,-2,-5,-2,-5,-2,-4,-2,-5,-2,-4,-1,-4,-1,-4,0,0,0,0,0,0,0,0,0,0,0,0,0,0,54,-11,46,-8,45,-14,39,-12,35,-8,35,-10,30,-10,25,-9,21,-7,20,-12,14,-9,12,-10,7,-11,5,-12,2,-16,0,-15,-3,-19,-6,-15,-9,-18,-12,-17,-15,-20,-13,-16,-15,-18,-19,-21,-21,-22,-21,-21,-23,-24,-26,-24,-28,-25,-34,-28,-30,-28,-31,-29,-29,-30,-31,-27,-30,-29,-25,-34,-27,-29,-28,-32,-26,-34,-27,-33,-22,-34,-21,-32,-18,-36,-20,-33,-19,-31,-18,-25,-15,-30,-15,-30,-14,-26,-14,-23,-14,-26,-11,-24,-11,-24,-9,-22,-9,-26,-4,-25,1,-25,0,0,0,0,0,0,0,0,0,0,0,0,0,0,0,0,0,0,0,0,0,0,6,20,5,24,7,21,11,26,10,29,10,30,8,28,12,33,14,41,14,40,13,48,14,48,16,56,10,59,9,59,6,60,8,71,4,67,5,69,-2,75,-4,74,-8,82,-3,74,-6,81,-10,81,-3,83,-12,79,-13,82,-10,75,-7,86,-8,69,-9,79,-8,75,-6,76,-13,78,-6,74,-5,72,-5,75,-3,70,-1,73,-2,74,6,70,-2,72,7,69,8,67,3,65,8,66,11,65,16,63,14,64,9,62,19,64,15,71,15,59,14,65,15,66,17,61,0,0]"
CSI_DATA,124,1a:00:00:00:00:00,-45,11,1,0,1,1,1,0,0,0,1,-96,0,11,2,1854317,0,44,0,384,0,"[0,0,0,0,0,0,0,0,0,0,0,0,4,6,4,5,4,5,3,4,3,3,2,3,2,2,2,1,2,1,2,0,2,-1,2,-1,2,-2,2,-2,1,-3,1,-3,1,-4,1,-4,1,-5,1,-5,1,-5,1,-6,1,-6,1,-7,1,-7,1,-7,0,0,1,-8,2,-8,2,-9,1,-8,2,-8,2,-8,2,-8,3,-7,2,-7,2,-7,3,-7,3,-7,2,-7,3,-6,3,-6,2,-6,2,-6,2,-6,3,-5,2,-5,3,-5,3,-5,2,-5,3,-4,3,-4,3,-3,0,0,0,0,0,0,0,0,0,0,0,0,0,0,14,49,14,47,16,41,14,39,14,37,14,33,15,27,15,27,15,22,12,22,13,14,11,10,12,9,12,6,9,0,11,-3,12,-4,14,-10,10,-10,10,-14,10,-16,15,-20,11,-20,12,-22,11,-22,12,-29,13,-27,11,-32,15,-32,16,-36,15,-34,14,-39,18,-37,19,-36,13,-38,22,-32,19,-37,20,-39,22,-36,19,-36,22,-32,24,-31,25,-27,25,-30,24,-30,21,-26,23,-26,19,-25,21,-24,18,-21,21,-23,18,-20,17,-20,21,-14,23,-17,19,-13,19,-10,0,0,0,0,0,0,0,0,0,0,0,0,0,0,0,0,0,0,0,0,0,0,-21,5,-23,7,-23,4,-24,9,-26,7,-32,8,-30,10,-33,12,-37,10,-41,12,-45,15,-44,16,-54,18,-53,13,-57,10,-60,8,-67,12,-65,9,-69,10,-69,6,-72,7,-78,5,-69,2,-78,1,-81,-4,-80,2,-78,-4,-81,-3,-80,-4,-84,1,-71,0,-80,-2,-76,-1,-74,3,-79,2,-74,6,-74,4,-80,5,-73,6,-75,6,-77,5,-72,10,-75,9,-66,16,-68,12,-65,21,-65,16,-62,20,-62,25,-65,22,-64,20,-63,25,-68,24,-57,22,-67,17,-62,25,-60,21,0,0]"
CSI_DATA,125,1a:00:00:00:00:00,-45,11,1,0,1,1,1,0,0,0,1,-96,0,11,2,1862388,0,44,0,384,0,"[0,0,0,0,0,0,0,0,0,0,0,0,-1,-8,-1,-8,-1,-6,-1,-6,-1,-5,-1,-5,-2,-4,-2,-3,-2,-3,-2,-2,-2,-1,-3,-1,-3,0,-3,1,-3,1,-3,2,-3,2,-3,2,-3,3,-3,4,-4,3,-4,4,-4,4,-4,5,-4,6,-5,6,0,0,-5,6,-5,7,-6,7,-5,7,-6,6,-6,6,-6,6,-6,5,-6,5,-6,5,-6,5,-6,5,-6,5,-6,4,-6,4,-6,4,-5,4,-5,3,-5,3,-5,3,-5,3,-5,2,-5,2,-5,2,-5,2,-5,1,0,0,0,0,0,0,0,0,0,0,0,0,0,0,11,-49,10,-48,2,-45,4,-42,5,-43,4,-34,5,-32,0,-25,0,-27,0,-19,-5,-18,-4,-15,-7,-11,-8,-10,-8,-6,-8,-2,-12,0,-14,3,-12,5,-14,9,-20,10,-17,12,-19,15,-18,19,-19,18,-22,21,-24,23,-23,25,-26,26,-27,30,-27,27,-28,25,-27,28,-29,32,-26,31,-31,28,-31,27,-30,30,-35,27,-32,26,-36,22,-32,21,-33,22,-34,22,-32,18,-34,19,-29,17,-31,17,-28,15,-26,15,-26,16,-26,14,-26,15,-26,8,-23,9,-26,6,-25,5,0,0,0,0,0,0,0,0,0,0,0,0,0,0,0,0,0,0,0,0,0,0,19,7,19,9,22,6,23,10,26,9,26,12,28,9,31,13,37,11,36,14,41,18,43,18,46,18,48,21,47,25,51,29,60,26,54,31,53,33,58,34,59,35,64,39,59,42,61,43,60,46,64,45,54,49,60,45,60,44,62,43,58,43,62,44,60,44,61,36,64,42,64,35,61,40,61,37,59,34,64,35,62,32,65,27,63,29,64,21,61,24,63,15,60,16,64,17,63,13,67,14,63,16,67,14,62,12,59,12,67,10,60,9,62,7,0,0]"
CSI_DATA,126,1a:00:00:00:00:00,-44,11,1,0,1,1,1,0,0,0,1,-96,0,11,2,1872356,0,44,0,384,0,"[0,0,0,0,0,0,0,0,0,0,0,0,-7,0,-7,0,-6,1,-6,0,-5,0,-4,0,-3,1,-2,1,-1,1,-1,1,-1,1,1,1,1,2,1,1,2,2,3,1,4,1,4,2,4,1,5,2,5,2,6,2,6,2,7,2,7,2,8,2,0,0,8,2,8,3,9,2,9,2,8,3,8,3,8,3,8,3,8,3,8,3,8,3,7,3,7,3,6,3,6,3,6,3,6,3,5,2,5,3,5,2,5,3,5,3,4,2,4,3,4,3,3,3,0,0,0,0,0,0,0,0,0,0,0,0,0,0,-46,-9,-50,-8,-42,1,-40,-1,-38,0,-29,-2,-30,0,-29,1,-22,5,-17,3,-12,7,-11,4,-4,6,-2,8,0,8,3,11,6,12,12,11,11,13,15,14,20,16,22,13,23,11,27,13,27,15,30,13,31,19,41,15,38,18,42,15,41,17,43,15,46,21,44,23,49,16,44,21,42,20,46,25,41,23,43,24,45,21,39,25,39,25,38,23,37,21,35,24,31,21,37,23,29,21,27,20,28,18,30,18,28,16,23,21,21,21,19,20,18,19,0,0,0,0,0,0,0,0,0,0,0,0,0,0,0,0,0,0,0,0,0,0,14,-18,13,-19,14,-15,14,-20,18,-23,18,-23,17,-24,20,-26,23,-30,23,-30,25,-37,24,-38,33,-46,30,-44,36,-43,40,-47,40,-49,41,-45,42,-47,42,-51,48,-49,52,-54,52,-56,54,-57,56,-56,49,-58,55,-54,55,-58,57,-52,53,-59,48,-50,57,-57,52,-57,44,-60,51,-62,48,-59,44,-58,41,-62,39,-60,39,-64,42,-62,35,-63,31,-60,28,-67,27,-62,18,-64,19,-65,17,-65,12,-64,13,-68,11,-65,9,-67,14,-71,8,-62,10,-71,6,-66,10,-61,0,0]"
CSI_DATA,127,1a:00:00:00:00:00,-44,11,1,0,1,1,1,0,0,0,1,-96,0,11,2,1882386,0,44,0,384,0,"[0,0,0,0,0,0,0,0,0,0,0,0,-7,1,-6,1,-5,1,-4,1,-4,1,-3,1,-2,1,-2,1,-1,1,0,1,1,1,1,2,2,2,2,2,3,2,4,2,4,2,4,2,5,1,5,2,6,2,7,2,6,2,7,2,8,2,8,2,0,0,9,2,9,3,9,2,9,2,8,3,9,3,9,3,8,3,8,3,8,3,8,4,7,4,7,3,7,3,7,3,7,3,6,3,6,3,5,3,5,2,5,3,5,3,5,3,4,3,4,3,3,3,0,0,0,0,0,0,0,0,0,0,0,0,0,0,-46,3,-44,6,-38,10,-33,6,-33,9,-31,5,-26,10,-24,8,-19,8,-13,8,-9,9,-4,7,0,10,0,10,6,10,9,11,14,12,18,10,18,9,23,10,28,7,29,10,28,10,34,10,35,10,40,10,39,10,47,7,45,12,48,5,48,8,52,10,51,9,55,9,53,7,51,16,53,14,52,14,51,16,50,15,51,15,49,19,47,18,45,17,41,15,44,16,41,18,42,15,36,15,31,13,35,13,34,13,33,15,27,19,29,15,26,15,24,20,0,0,0,0,0,0,0,0,0,0,0,0,0,0,0,0,0,0,0,0,0,0,11,-18,11,-16,12,-16,12,-20,10,-19,11,-25,12,-25,12,-25,14,-31,15,-33,17,-35,15,-39,18,-47,22,-44,26,-43,23,-49,25,-56,29,-49,33,-53,30,-55,35,-53,38,-59,38,-58,39,-62,43,-61,37,-66,40,-60,40,-62,40,-62,41,-71,31,-59,39,-67,35,-64,31,-63,38,-69,27,-66,30,-65,27,-70,24,-66,25,-71,23,-64,15,-69,16,-70,9,-66,14,-68,8,-62,4,-65,5,-67,-2,-63,2,-66,-2,-63,-6,-65,-4,-65,-6,-59,-5,-67,-7,-61,-6,-61,0,0]"
CSI_DATA,128,1a:00:00:00:00:00,-44,11,1,0,1,1,1,0,0,0,1,-96,0,11,2,1892612,0,44,0,384,0,"[0,0,0,0,0,0,0,0,0,0,0,0,2,5,2,4,2,4,2,3,2,2,1,2,2,1,2,0,1,-1,1,-1,2,-2,1,-3,2,-3,1,-4,1,-4,1,-5,1,-6,1,-6,0,-6,0,-7,1,-7,0,-8,1,-8,0,-9,1,-10,1,-10,0,0,0,-10,1,-11,1,-11,0,-11,1,-10,1,-11,2,-10,2,-10,1,-10,2,-10,2,-10,2,-9,2,-9,2,-9,2,-8,2,-8,1,-8,2,-8,2,-7,1,-7,2,-7,2,-7,2,-6,2,-6,2,-6,2,-5,0,0,0,0,0,0,0,0,0,0,0,0,0,0,14,47,16,42,17,37,15,37,21,34,15,29,11,25,12,20,12,19,12,13,12,9,10,5,11,2,8,-6,12,-9,10,-14,9,-18,9,-23,10,-22,7,-25,5,-30,5,-29,2,-33,7,-36,4,-39,5,-43,6,-45,1,-49,1,-51,1,-57,2,-52,5,-55,5,-57,2,-60,4,-58,11,-54,12,-58,8,-57,14,-55,11,-50,9,-56,11,-52,11,-52,13,-51,12,-47,13,-50,13,-44,12,-45,11,-38,14,-37,11,-36,15,-37,11,-35,13,-32,12,-33,11,-29,17,-29,0,0,0,0,0,0,0,0,0,0,0,0,0,0,0,0,0,0,0,0,0,0,-15,-10,-12,-8,-14,-8,-14,-6,-18,-8,-17,-6,-21,-6,-25,-7,-29,-8,-30,-5,-38,-6,-35,-4,-42,-1,-45,-4,-43,-11,-46,-12,-55,-10,-53,-16,-55,-13,-56,-18,-61,-21,-66,-23,-64,-20,-68,-16,-68,-19,-71,-16,-66,-21,-69,-23,-70,-25,-72,-19,-64,-22,-73,-24,-69,-23,-69,-22,-74,-21,-72,-17,-74,-15,-72,-9,-69,-8,-75,-6,-69,-9,-75,-4,-69,-2,-70,4,-63,0,-61,3,-64,5,-67,11,-66,12,-68,13,-61,14,-64,21,-66,16,-61,17,-63,19,-61,18,-57,15,0,0]"
CSI_DATA,129,1a:00:00:00:00:00,-47,11,1,0,1,1,1,0,0,0,1,-96,0,11,2,1932404,0,44,0,384,0,"[0,0,0,0,0,0,0,0,0,0,0,0,8,-4,7,-4,6,-3,5,-3,5,-2,3,-2,3,-2,1,-2,1,-2,0,-1,0,-2,-1,-1,-2,-1,-2,0,-2,0,-3,0,-4,1,-4,0,-5,1,-5,1,-6,1,-6,2,-6,1,-7,3,-7,2,-8,2,0,0,-8,3,-9,3,-9,3,-9,3,-10,2,-9,3,-10,3,-9,2,-9,2,-9,2,-9,2,-9,2,-8,2,-8,2,-8,2,-8,2,-8,2,-7,2,-7,1,-6,1,-6,2,-6,1,-6,1,-6,1,-6,0,-6,1,0,0,0,0,0,0,0,0,0,0,0,0,0,0,55,-21,53,-19,50,-24,43,-19,38,-17,35,-16,26,-16,30,-16,21,-14,17,-7,17,-8,11,-8,6,-6,5,-7,3,-2,-3,-3,-5,-6,-8,-1,-11,2,-12,2,-18,6,-20,7,-21,6,-21,8,-28,11,-29,13,-32,11,-37,13,-36,10,-38,17,-41,10,-43,13,-41,14,-46,21,-41,19,-48,14,-48,14,-44,15,-46,9,-48,14,-42,11,-48,9,-43,8,-42,8,-42,7,-41,7,-41,7,-37,10,-35,6,-36,8,-32,7,-34,6,-32,9,-32,8,-31,8,-29,2,-26,1,0,0,0,0,0,0,0,0,0,0,0,0,0,0,0,0,0,0,0,0,0,0,0,-4,7,-2,5,0,10,0,10,1,13,7,12,10,14,15,17,18,18,21,16,27,19,32,21,36,16,37,12,43,13,44,16,56,8,51,11,55,7,60,4,64,5,69,1,65,2,72,-2,73,2,75,-5,72,-4,80,-3,72,-2,81,-4,71,-6,82,-3,75,0,74,-2,79,2,74,1,70,1,77,7,73,5,77,6,74,14,73,14,72,16,65,13,70,18,64,20,63,22,70,25,63,25,69,28,66,28,64,32,71,27,61,31,67,27,63,30,60,0,0]"
CSI_DATA,130,1a:00:00:00:00:00,-46,11,1,0,1,1,1,0,0,0,1,-96,0,11,2,1952814,0,44,0,384,0,"[0,0,0,0,0,0,0,0,0,0,0,0,2,4,2,3,2,3,2,2,2,2,1,1,1,-1,1,-1,1,-1,1,-1,1,-3,2,-3,1,-4,1,-4,1,-4,1,-5,0,-6,1,-6,0,-6,1,-6,1,-7,1,-7,1,-7,1,-8,1,-8,1,-9,0,0,0,-9,1,-9,1,-9,0,-10,2,-9,2,-9,2,-9,2,-8,1,-9,2,-9,2,-8,2,-7,2,-7,2,-7,2,-7,2,-7,2,-6,1,-6,1,-6,1,-6,2,-6,1,-5,1,-5,2,-5,2,-4,2,-4,0,0,0,0,0,0,0,0,0,0,0,0,0,0,18,36,15,34,19,34,16,28,15,27,12,20,13,16,17,17,9,8,14,6,12,4,9,-2,13,-6,8,-10,7,-11,7,-16,11,-18,8,-20,6,-22,7,-26,5,-30,6,-28,2,-31,9,-36,4,-36,5,-39,4,-41,2,-44,7,-47,3,-50,7,-48,5,-50,7,-47,6,-50,3,-55,8,-47,13,-49,7,-52,15,-49,11,-47,12,-43,13,-43,14,-44,16,-43,14,-41,11,-40,12,-36,11,-39,9,-34,11,-30,7,-29,9,-31,8,-33,12,-28,9,-26,10,-28,16,-23,0,0,0,0,0,0,0,0,0,0,0,0,0,0,0,0,0,0,0,0,0,0,1,12,-2,12,-3,13,-4,20,-7,19,-9,22,-12,22,-16,21,-20,27,-24,26,-27,29,-29,32,-36,38,-43,34,-43,30,-46,28,-56,34,-59,26,-56,25,-59,20,-64,20,-73,19,-69,20,-76,20,-78,17,-76,20,-78,9,-80,9,-75,9,-82,13,-68,11,-83,12,-77,8,-73,6,-78,8,-72,10,-71,10,-75,16,-71,14,-73,19,-71,13,-69,20,-72,18,-62,23,-64,19,-59,22,-57,23,-63,21,-59,26,-60,27,-53,28,-58,34,-62,25,-52,29,-60,27,-52,30,-51,25,0,0]"
CSI_DATA,131,1a:00:00:00:00:00,-46,11,1,0,1,1,1,0,0,0,1,-96,0,11,2,1973184,0,44,0,384,0,"[0,0,0,0,0,0,0,0,0,0,0,0,1,5,2,5,2,4,2,3,2,2,2,2,3,2,3,1,3,1,3,0,4,0,4,0,4,-1,4,-1,4,-1,5,-2,5,-2,5,-2,5,-3,5,-3,6,-3,6,-3,6,-2,7,-3,7,-3,7,-3,0,0,7,-3,8,-3,8,-3,8,-3,7,-2,8,-2,7,-2,7,-1,7,-1,7,-1,7,0,6,0,6,0,6,0,5,0,5,0,5,0,4,0,4,0,4,0,4,0,4,1,4,1,3,1,3,1,3,1,0,0,0,0,0,0,0,0,0,0,0,0,0,0,-5,21,-2,18,0,19,-1,16,-1,17,1,13,1,11,2,10,4,10,5,9,5,6,6,6,9,5,9,3,10,4,11,2,12,3,11,0,13,1,14,1,17,1,13,-2,14,0,15,-1,15,0,17,0,17,-1,19,-1,19,0,21,-2,19,-2,22,1,21,0,22,0,21,0,21,4,20,3,20,3,20,4,17,5,18,5,16,7,16,6,17,7,14,7,12,6,14,7,14,6,10,6,11,6,11,5,10,5,9,5,8,7,8,7,8,6,6,7,0,0,0,0,0,0,0,0,0,0,0,0,0,0,0,0,0,0,0,0,0,0,-5,8,-7,8,-7,9,-8,11,-11,11,-13,10,-15,10,-16,10,-18,12,-20,11,-22,12,-23,12,-27,13,-30,9,-30,6,-32,7,-37,7,-34,4,-35,4,-37,0,-38,-1,-40,-2,-39,-5,-42,-4,-43,-6,-43,-4,-41,-10,-40,-10,-40,-10,-41,-9,-37,-9,-40,-12,-38,-13,-36,-11,-39,-14,-37,-10,-34,-12,-37,-10,-35,-9,-36,-10,-34,-10,-35,-6,-34,-8,-34,-6,-33,-6,-31,-6,-31,-6,-31,-5,-32,-4,-29,-5,-31,-4,-32,0,-33,-4,-30,-2,-31,-2,-29,-4,-27,-2,0,0]"
CSI_DATA,132,1a:00:00:00:00:00,-48,11,1,0,1,1,1,0,0,0,1,-96,0,11,2,1992417,0,44,0,384,0,"[0,0,0,0,0,0,0,0,0,0,0,0,6,0,5,0,5,0,4,0,4,-1,3,-1,3,-2,2,-2,2,-2,2,-3,2,-3,1,-3,1,-4,1,-4,1,-4,1,-5,0,-5,0,-5,0,-5,0,-5,1,-5,0,-6,1,-6,0,-6,1,-6,1,-7,0,0,1,-6,1,-6,1,-7,1,-6,2,-6,2,-6,2,-6,2,-5,2,-5,3,-5,3,-4,3,-4,3,-4,3,-3,2,-3,2,-3,2,-3,2,-2,2,-2,2,-2,2,-2,2,-2,2,-2,2,-2,2,-1,2,-1,0,0,0,0,0,0,0,0,0,0,0,0,0,0,21,1,19,3,19,0,17,1,16,1,15,1,10,-1,12,-4,9,-5,10,-3,6,-5,6,-6,5,-7,5,-6,4,-8,4,-8,4,-9,4,-10,2,-10,1,-11,2,-14,1,-11,0,-13,1,-13,0,-14,-1,-15,-1,-14,1,-17,1,-17,0,-17,3,-17,0,-16,2,-16,3,-19,1,-16,4,-16,3,-15,4,-16,5,-15,4,-13,5,-12,7,-11,8,-11,7,-11,7,-10,7,-7,7,-8,4,-8,6,-8,5,-7,5,-6,5,-6,4,-5,3,-3,6,-4,6,-2,6,-2,0,0,0,0,0,0,0,0,0,0,0,0,0,0,0,0,0,0,0,0,0,0,9,7,11,9,10,10,12,13,10,11,11,15,12,15,12,16,14,19,12,21,11,24,12,26,13,29,11,29,10,33,9,30,10,37,6,33,6,38,5,38,3,38,2,43,0,37,-2,43,-4,44,-2,42,-6,42,-5,42,-6,40,-7,44,-4,35,-6,40,-6,38,-5,37,-7,38,-3,38,-6,35,-7,37,-6,33,-7,35,-6,36,-2,33,-4,35,-3,32,-3,32,2,32,-1,30,1,30,1,31,-2,31,-2,31,-1,31,-3,32,0,27,-2,31,-1,29,-1,24,0,0]"
CSI_DATA,133,1a:00:00:00:00:00,-49,11,1,0,1,1,1,0,0,0,1,-96,0,11,2,2002410,0,44,0,384,0,"[0,0,0,0,0,0,0,0,0,0,0,0,3,-4,2,-4,2,-4,1,-4,1,-3,0,-3,0,-3,0,-3,-1,-3,-1,-3,-2,-3,-2,-3,-2,-3,-3,-3,-3,-3,-3,-3,-4,-3,-4,-3,-4,-3,-4,-3,-4,-3,-5,-3,-4,-3,-5,-3,-5,-3,-5,-4,0,0,-5,-4,-5,-4,-5,-4,-5,-4,-4,-5,-4,-5,-4,-5,-3,-5,-3,-5,-3,-4,-3,-5,-2,-4,-2,-4,-2,-4,-1,-4,-2,-4,-1,-3,-1,-3,-1,-3,-1,-3,-1,-3,-1,-3,-1,-3,-1,-3,0,-3,0,-2,0,0,0,0,0,0,0,0,0,0,0,0,0,0,37,-19,33,-21,29,-24,26,-19,19,-20,19,-20,15,-17,13,-15,10,-15,7,-15,1,-16,0,-15,-2,-15,1,-16,-6,-14,-10,-18,-12,-17,-12,-16,-13,-15,-16,-15,-18,-17,-20,-19,-20,-13,-19,-20,-21,-17,-22,-19,-24,-18,-23,-17,-25,-20,-26,-20,-24,-21,-26,-23,-24,-22,-23,-21,-25,-23,-20,-24,-17,-27,-17,-26,-11,-24,-13,-24,-13,-24,-11,-25,-9,-21,-10,-23,-7,-23,-4,-24,-5,-22,-3,-18,-4,-18,-2,-15,-3,-14,-2,-16,0,-11,-2,-12,-3,-11,-2,-13,2,-13,0,0,0,0,0,0,0,0,0,0,0,0,0,0,0,0,0,0,0,0,0,0,24,14,24,14,24,20,28,20,27,21,28,26,28,25,31,30,36,35,35,38,38,42,38,41,48,44,42,50,35,53,41,59,42,62,37,65,37,63,33,70,26,72,34,79,32,74,34,78,29,80,38,78,27,82,27,77,23,81,27,79,22,71,22,79,19,76,24,72,21,79,27,71,24,69,26,71,26,66,30,67,19,63,33,62,26,61,33,60,27,53,29,52,30,55,29,52,31,51,33,53,34,49,36,48,33,50,28,44,34,49,26,46,30,44,0,0]"
CSI_DATA,134,1a:00:00:00:00:00,-49,11,1,0,1,1,1,0,0,0,1,-96,0,11,2,2012653,0,44,0,384,0,"[0,0,0,0,0,0,0,0,0,0,0,0,-4,-3,-4,-3,-4,-2,-4,-2,-3,-1,-3,-1,-3,0,-3,0,-3,1,-3,1,-3,2,-3,2,-2,2,-2,3,-2,3,-2,3,-2,3,-2,3,-2,4,-2,4,-2,4,-2,4,-2,4,-2,5,-2,5,-3,5,0,0,-2,5,-3,5,-3,5,-3,4,-3,4,-4,4,-4,4,-4,3,-4,3,-4,2,-4,3,-3,2,-3,2,-4,2,-3,1,-3,2,-3,1,-3,1,-3,1,-2,1,-3,0,-2,0,-2,0,-2,0,-2,0,-2,0,0,0,0,0,0,0,0,0,0,0,0,0,0,0,-24,-29,-21,-26,-24,-27,-21,-20,-17,-18,-18,-14,-19,-12,-17,-11,-14,-6,-16,-6,-15,0,-13,0,-14,4,-12,9,-13,10,-12,11,-14,15,-15,14,-13,16,-16,16,-10,20,-9,20,-13,24,-14,22,-14,20,-11,24,-13,24,-14,28,-17,30,-16,27,-16,28,-17,28,-17,23,-19,29,-16,27,-22,24,-23,24,-22,21,-23,18,-22,17,-23,15,-22,14,-22,14,-20,13,-19,9,-17,8,-17,8,-15,8,-16,12,-12,5,-12,6,-14,4,-13,4,-12,2,-11,4,-12,0,-11,-1,0,0,0,0,0,0,0,0,0,0,0,0,0,0,0,0,0,0,0,0,0,0,15,-21,21,-25,20,-26,25,-30,25,-25,32,-30,31,-28,34,-29,41,-32,38,-33,45,-37,45,-39,49,-43,51,-40,60,-36,57,-35,67,-43,65,-33,70,-41,77,-31,75,-32,81,-32,74,-31,80,-34,83,-34,80,-38,82,-28,80,-30,75,-24,85,-29,70,-23,84,-24,78,-23,71,-27,79,-24,71,-25,66,-27,72,-32,61,-30,68,-35,66,-31,57,-34,61,-34,57,-35,56,-33,53,-29,51,-36,52,-32,49,-35,45,-33,46,-40,42,-42,49,-36,37,-32,44,-37,42,-33,34,-29,0,0]"
CSI_DATA,135,1a:00:00:00:00:00,-49,11,1,0,1,1,1,0,0,0,1,-96,0,11,2,2022397,0,44,0,384,0,"[0,0,0,0,0,0,0,0,0,0,0,0,-5,0,-5,0,-4,1,-4,1,-3,1,-3,1,-2,1,-2,2,-1,2,-1,2,-1,3,0,3,0,3,0,3,0,3,1,4,1,4,1,4,1,4,1,4,1,5,1,5,1,5,1,5,1,5,1,5,0,0,1,5,0,6,0,6,1,5,0,5,-1,5,-1,5,-1,5,-1,4,-1,4,-1,4,-2,3,-2,3,-1,3,-2,3,-2,3,-1,2,-2,2,-2,2,-2,2,-2,1,-2,1,-2,1,-2,1,-2,1,-2,1,0,0,0,0,0,0,0,0,0,0,0,0,0,0,-19,-3,-19,1,-17,1,-14,1,-14,1,-12,1,-9,2,-9,2,-5,6,-5,4,-4,4,-4,7,-1,7,-1,7,-1,8,0,9,0,10,2,10,1,10,3,11,5,12,3,12,3,12,4,12,3,12,3,13,4,14,4,16,5,15,5,16,4,15,4,17,3,16,3,15,3,14,1,14,0,13,-1,15,-2,12,-1,12,-2,12,-3,11,-4,9,-3,10,-3,9,-4,9,-4,9,-3,6,-5,6,-4,4,-3,6,-5,6,-3,5,-4,5,-4,4,-4,4,-4,3,0,0,0,0,0,0,0,0,0,0,0,0,0,0,0,0,0,0,0,0,0,0,-3,-15,-4,-18,-4,-18,-3,-21,-3,-20,-2,-20,-2,-22,-1,-24,-3,-27,-1,-27,0,-31,-2,-32,-1,-35,0,-34,5,-34,4,-36,3,-41,7,-39,8,-39,10,-39,11,-40,12,-43,10,-41,12,-42,14,-43,11,-44,14,-42,16,-42,15,-39,14,-42,11,-36,15,-39,14,-38,13,-35,15,-39,12,-37,12,-36,10,-37,9,-35,8,-35,10,-34,5,-36,6,-34,3,-33,3,-31,6,-29,4,-29,2,-31,1,-32,2,-30,0,-31,0,-30,1,-30,-1,-25,0,-30,-2,-26,0,-25,0,0]"
CSI_DATA,136,1a:00:00:00:00:00,-49,11,1,0,1,1,1,0,0,0,1,-96,0,11,2,2033260,0,44,0,384,0,"[0,0,0,0,0,0,0,0,0,0,0,0,-4,-3,-4,-2,-4,-2,-3,-1,-3,-1,-3,-1,-3,0,-3,0,-3,1,-3,1,-3,1,-3,2,-3,2,-2,3,-3,3,-2,3,-2,3,-2,3,-3,4,-2,4,-3,4,-3,4,-3,3,-3,4,-3,4,-3,4,0,0,-3,4,-4,4,-4,4,-4,4,-4,3,-4,3,-4,3,-4,2,-4,3,-4,2,-4,2,-4,1,-3,1,-3,1,-3,1,-3,1,-3,0,-3,0,-2,0,-2,0,-2,0,-2,0,-2,0,-2,0,-2,0,-2,-1,0,0,0,0,0,0,0,0,0,0,0,0,0,0,-22,-27,-24,-26,-21,-21,-19,-16,-18,-18,-18,-15,-17,-9,-17,-11,-17,-2,-14,-4,-13,3,-17,2,-13,3,-13,8,-12,8,-14,12,-14,15,-12,15,-14,15,-10,16,-16,18,-14,18,-14,19,-15,22,-14,20,-17,24,-16,23,-17,26,-20,24,-19,24,-18,23,-22,20,-23,23,-26,21,-22,20,-27,14,-24,19,-24,16,-23,12,-23,14,-21,10,-24,8,-20,5,-20,4,-20,3,-18,5,-15,3,-16,4,-14,2,-14,3,-13,2,-11,0,-11,0,-10,-1,-10,0,-9,-3,-9,-4,0,0,0,0,0,0,0,0,0,0,0,0,0,0,0,0,0,0,0,0,0,0,9,-30,10,-32,10,-32,14,-38,15,-37,19,-38,19,-37,22,-41,24,-46,26,-46,29,-52,29,-51,37,-57,37,-56,46,-54,47,-55,50,-62,52,-52,54,-55,57,-54,59,-56,68,-55,62,-50,69,-53,70,-51,68,-54,73,-45,70,-49,69,-42,70,-48,63,-37,73,-42,67,-41,62,-43,71,-39,60,-41,61,-38,61,-42,57,-37,58,-43,59,-37,55,-41,54,-38,49,-43,47,-38,44,-38,42,-42,45,-41,43,-41,43,-41,42,-40,38,-43,42,-40,35,-38,40,-38,35,-37,33,-30,0,0]"
CSI_DATA,137,1a:00:00:00:00:00,-48,11,1,0,1,1,1,0,0,0,1,-96,0,11,2,2042589,0,44,0,384,0,"[0,0,0,0,0,0,0,0,0,0,0,0,3,-3,2,-3,2,-3,2,-2,1,-3,0,-3,0,-3,0,-3,-1,-3,-1,-3,-1,-4,-2,-3,-2,-4,-2,-4,-2,-4,-3,-4,-3,-4,-3,-4,-3,-4,-3,-4,-3,-5,-3,-5,-3,-4,-4,-5,-3,-5,-3,-5,0,0,-3,-5,-3,-5,-3,-6,-3,-6,-2,-5,-2,-5,-2,-5,-1,-5,-1,-5,-1,-5,-1,-5,-1,-4,0,-4,0,-4,0,-4,0,-3,0,-3,0,-3,0,-3,0,-3,0,-2,0,-3,0,-2,0,-2,0,-2,0,-2,0,0,0,0,0,0,0,0,0,0,0,0,0,0,37,-10,31,-11,29,-12,24,-10,21,-14,17,-10,15,-12,13,-11,6,-15,6,-15,2,-14,1,-13,0,-16,-1,-18,-5,-18,-9,-15,-10,-21,-11,-19,-13,-17,-15,-16,-16,-22,-15,-23,-15,-19,-17,-22,-18,-21,-18,-24,-19,-23,-17,-24,-18,-26,-21,-27,-20,-29,-19,-28,-15,-28,-16,-29,-18,-26,-12,-27,-10,-28,-12,-26,-10,-27,-10,-23,-8,-27,-5,-25,-4,-21,-3,-22,-2,-19,-3,-20,0,-19,2,-15,1,-17,3,-14,0,-12,3,-13,0,-11,3,-10,5,-9,3,-8,6,-7,0,0,0,0,0,0,0,0,0,0,0,0,0,0,0,0,0,0,0,0,0,0,17,29,16,30,15,30,17,35,15,37,14,42,15,37,16,45,18,51,17,52,17,58,20,57,24,64,16,67,11,67,14,71,18,78,9,75,8,72,3,78,1,78,0,88,2,83,4,86,0,87,5,87,-3,83,-5,84,-7,82,-2,87,-2,73,-5,82,-5,78,-1,75,-6,84,0,76,-1,73,5,73,2,69,9,73,3,67,9,67,9,65,11,63,12,62,9,61,11,60,13,58,15,60,16,57,15,52,17,53,15,57,17,50,17,54,15,48,14,46,0,0]"
CSI_DATA,138,1a:00:00:00:00:00,-48,11,1,0,1,1,1,0,0,0,1,-96,0,11,2,2072744,0,44,0,384,0,"[0,0,0,0,0,0,0,0,0,0,0,0,3,3,3,3,3,2,3,2,2,1,2,1,2,1,2,0,2,0,2,-1,2,-1,2,-2,2,-2,2,-2,2,-2,2,-2,2,-3,2,-3,2,-3,3,-3,3,-3,3,-3,3,-3,3,-4,3,-4,3,-4,0,0,4,-3,4,-3,4,-3,4,-3,4,-3,4,-2,4,-2,4,-2,4,-2,4,-1,4,-1,3,-1,3,-1,3,0,3,-1,3,0,2,0,2,0,2,0,2,0,2,0,2,0,2,0,1,0,1,0,1,0,0,0,0,0,0,0,0,0,0,0,0,0,0,0,27,34,22,30,26,26,22,26,17,24,21,23,17,15,17,15,16,10,16,8,16,6,15,3,18,1,14,-1,18,-5,15,-3,17,-8,14,-10,18,-9,16,-11,17,-10,14,-13,15,-15,16,-17,20,-18,19,-17,19,-16,21,-22,23,-19,23,-20,20,-16,25,-18,27,-14,27,-15,22,-16,26,-11,25,-11,25,-11,29,-7,25,-8,22,-3,23,1,25,-1,24,0,19,3,17,1,19,2,18,1,14,1,14,0,13,2,13,3,12,4,10,4,11,2,8,5,9,6,0,0,0,0,0,0,0,0,0,0,0,0,0,0,0,0,0,0,0,0,0,0,0,32,0,32,-2,30,-3,40,-5,35,-9,42,-8,39,-11,44,-13,51,-11,50,-17,56,-17,54,-17,65,-23,62,-31,60,-32,59,-35,68,-37,59,-44,64,-42,63,-47,60,-51,67,-50,59,-56,63,-61,61,-56,66,-63,55,-64,59,-60,51,-64,63,-54,48,-66,55,-60,51,-57,51,-64,52,-54,48,-57,44,-57,50,-54,47,-58,48,-58,47,-49,49,-53,49,-44,50,-49,47,-45,47,-46,45,-43,44,-43,47,-42,45,-44,43,-43,43,-46,44,-38,39,-46,40,-46,43,-40,36,0,0]"
CSI_DATA,139,1a:00:00:00:00:00,-48,11,1,0,1,1,1,0,0,0,1,-96,0,11,2,2083207,0,44,0,384,0,"[0,0,0,0,0,0,0,0,0,0,0,0,-1,-7,-1,-6,-1,-5,-1,-5,-1,-4,-1,-4,-2,-4,-2,-3,-2,-3,-3,-2,-3,-2,-3,-2,-3,-2,-3,-2,-3,-1,-4,-1,-4,-1,-4,-1,-4,0,-4,0,-5,-1,-5,-1,-5,-1,-5,-1,-5,-1,-5,-1,0,0,-5,-1,-5,-1,-6,-1,-6,-1,-5,-2,-5,-2,-5,-2,-5,-2,-5,-2,-4,-3,-4,-3,-4,-3,-3,-3,-3,-3,-3,-3,-3,-3,-3,-3,-2,-3,-2,-2,-2,-2,-2,-2,-2,-2,-2,-2,-2,-2,-1,-2,-1,-2,0,0,0,0,0,0,0,0,0,0,0,0,0,0,3,-46,2,-41,-1,-39,-1,-38,-1,-35,1,-34,-4,-33,-4,-23,-6,-24,-3,-18,-6,-19,-8,-16,-11,-16,-11,-13,-13,-11,-14,-10,-16,-8,-15,-6,-15,-5,-18,-4,-19,-4,-22,-2,-20,1,-23,-2,-21,-2,-26,-1,-26,-2,-27,1,-28,-3,-30,-3,-33,-2,-30,-5,-28,-3,-29,-5,-33,-1,-27,-10,-29,-6,-28,-9,-23,-11,-23,-16,-23,-15,-22,-17,-19,-13,-18,-13,-16,-14,-15,-17,-15,-15,-15,-14,-11,-12,-12,-11,-11,-15,-10,-11,-10,-13,-9,-13,-8,-11,-7,-13,-1,-12,0,0,0,0,0,0,0,0,0,0,0,0,0,0,0,0,0,0,0,0,0,0,15,-26,20,-24,20,-27,21,-26,24,-29,29,-29,28,-26,35,-28,38,-34,39,-34,48,-33,42,-33,50,-42,53,-37,57,-30,62,-35,69,-34,70,-28,65,-27,74,-24,75,-17,83,-18,81,-18,85,-19,85,-14,85,-18,83,-11,81,-7,87,-8,85,-11,75,-7,82,-4,81,-4,75,-4,79,-1,75,-4,77,-4,76,-8,71,-6,75,-8,69,-2,73,-7,70,-7,69,-12,66,-8,72,-10,64,-11,64,-11,66,-11,67,-9,65,-12,62,-17,66,-8,62,-10,67,-8,62,-6,61,-6,0,0]"
CSI_DATA,140,1a:00:00:00:00:00,-48,11,1,0,1,1,1,0,0,0,1,-96,0,11,2,2092508,0,44,0,384,0,"[0,0,0,0,0,0,0,0,0,0,0,0,7,-1,6,-1,6,-2,5,-1,4,-2,3,-1,3,-2,2,-2,2,-3,2,-3,2,-3,1,-3,1,-3,1,-3,1,-3,0,-4,0,-4,0,-4,0,-4,0,-4,0,-5,0,-5,0,-5,-1,-5,-1,-6,-1,-6,0,0,-1,-6,0,-6,0,-6,0,-6,1,-5,1,-6,1,-6,1,-5,1,-5,2,-5,2,-5,2,-4,2,-4,2,-4,2,-3,2,-4,2,-3,1,-3,2,-3,1,-3,2,-2,2,-2,1,-2,1,-2,2,-2,2,-1,0,0,0,0,0,0,0,0,0,0,0,0,0,0,24,5,19,4,21,3,18,4,17,4,17,3,14,4,16,1,12,0,12,0,10,-1,7,-1,9,-3,7,-4,9,-5,6,-6,5,-7,4,-7,4,-9,4,-8,4,-9,3,-10,4,-10,5,-10,5,-11,4,-12,5,-12,3,-12,6,-14,3,-14,4,-14,6,-14,6,-12,6,-15,6,-13,9,-13,9,-13,8,-11,10,-10,8,-11,10,-8,11,-8,9,-6,10,-7,10,-8,9,-6,9,-5,8,-4,7,-4,7,-3,7,-3,6,-3,7,-2,6,0,8,-2,6,-1,6,1,0,0,0,0,0,0,0,0,0,0,0,0,0,0,0,0,0,0,0,0,0,0,10,6,12,8,11,7,14,11,13,11,14,12,13,12,13,14,16,16,14,17,17,20,16,22,20,24,17,27,14,28,14,29,17,32,13,33,12,34,9,37,7,37,8,41,7,36,7,41,5,41,8,42,3,40,1,43,-1,38,1,44,-1,36,-2,42,-2,40,-1,38,-3,39,-2,39,-3,35,-2,38,-3,36,-2,38,-3,36,-1,35,-1,35,1,34,-2,33,1,34,-1,33,0,32,-1,34,-1,34,-1,32,0,33,-1,36,0,32,-3,35,-3,33,-3,30,0,0]"
CSI_DATA,141,1a:00:00:00:00:00,-48,11,1,0,1,1,1,0,0,0,1,-96,0,11,2,2102385,0,44,0,384,0,"[0,0,0,0,0,0,0,0,0,0,0,0,-6,3,-6,3,-5,3,-5,3,-4,2,-4,2,-3,2,-2,2,-2,2,-2,2,-2,2,-1,2,-1,2,0,2,0,2,0,2,1,3,1,2,1,2,1,2,1,3,1,3,1,3,2,3,2,3,2,4,0,0,2,4,2,4,2,4,1,4,1,4,1,4,1,4,0,4,0,4,0,4,-1,4,-1,4,-1,3,-1,3,-1,3,-1,3,-1,3,-1,3,-1,2,-1,2,-1,2,-1,2,-2,2,-2,2,-2,1,-2,1,0,0,0,0,0,0,0,0,0,0,0,0,0,0,-42,26,-42,24,-40,26,-34,22,-36,19,-32,19,-26,18,-27,15,-21,15,-21,13,-16,17,-12,13,-10,14,-10,13,-7,15,-3,14,-2,16,-1,16,2,15,1,15,5,17,5,15,9,17,7,16,8,17,10,21,11,20,9,21,9,24,11,25,12,22,12,26,9,25,9,30,11,24,6,24,6,28,7,29,1,25,3,27,1,26,-4,25,-3,23,-5,23,-6,21,-5,21,-6,18,-7,18,-7,17,-6,16,-6,16,-7,12,-5,12,-8,13,-8,14,-12,8,-8,9,0,0,0,0,0,0,0,0,0,0,0,0,0,0,0,0,0,0,0,0,0,0,-24,7,-26,6,-27,4,-32,7,-34,6,-34,2,-36,1,-41,2,-44,1,-46,-1,-51,-3,-53,-4,-60,-5,-59,-10,-57,-16,-62,-19,-68,-20,-64,-26,-63,-27,-66,-31,-69,-38,-69,-41,-67,-39,-71,-50,-71,-46,-69,-45,-62,-53,-61,-54,-61,-56,-64,-57,-55,-47,-57,-57,-55,-56,-52,-52,-55,-61,-52,-53,-52,-55,-55,-57,-53,-52,-52,-51,-51,-52,-56,-52,-50,-52,-52,-45,-47,-47,-48,-52,-49,-50,-51,-45,-47,-46,-52,-50,-47,-51,-50,-44,-46,-51,-45,-47,-45,-53,-42,-46,-39,-48,0,0]"
CSI_DATA,142,1a:00:00:00:00:00,-48,11,1,0,1,1,1,0,0,0,1,-96,0,11,2,2112870,0,44,0,384,0,"[0,0,0,0,0,0,0,0,0,0,0,0,7,3,6,2,5,2,5,2,4,2,4,1,4,1,3,0,3,0,3,-1,2,-1,2,-2,2,-2,2,-2,2,-2,1,-3,2,-3,1,-3,1,-3,2,-4,1,-4,2,-4,1,-4,1,-5,2,-5,2,-6,0,0,2,-6,3,-5,3,-5,2,-5,3,-5,3,-5,3,-5,3,-4,3,-4,3,-4,3,-4,3,-3,3,-3,3,-3,3,-2,3,-2,3,-2,3,-2,3,-2,2,-2,3,-2,3,-1,2,-1,2,-1,2,-1,2,-1,0,0,0,0,0,0,0,0,0,0,0,0,0,0,19,17,16,14,19,14,15,13,14,12,13,11,12,9,12,10,10,7,9,7,8,5,8,3,6,2,7,1,7,0,8,0,8,-1,8,-4,7,-5,6,-3,7,-6,6,-6,8,-7,7,-8,7,-7,7,-9,7,-9,7,-11,8,-10,7,-12,9,-11,9,-10,11,-11,10,-10,10,-10,11,-9,12,-9,12,-9,12,-7,12,-8,10,-6,12,-6,12,-4,11,-5,13,-3,9,-2,10,-1,11,-3,9,-1,8,-3,10,-2,9,-2,8,0,7,-2,7,0,7,1,6,2,0,0,0,0,0,0,0,0,0,0,0,0,0,0,0,0,0,0,0,0,0,0,6,9,6,10,5,10,8,13,6,13,5,15,4,16,5,17,5,20,4,21,4,24,6,25,5,28,3,29,1,31,-3,29,-3,36,-5,32,-7,34,-10,35,-9,34,-14,38,-11,35,-14,39,-17,38,-13,39,-18,38,-19,37,-20,34,-22,37,-18,30,-21,36,-24,32,-22,31,-25,32,-20,33,-19,29,-20,33,-17,31,-20,32,-22,30,-18,30,-20,31,-14,30,-17,27,-16,29,-17,31,-19,29,-18,28,-18,29,-16,30,-16,29,-20,32,-17,26,-20,31,-19,29,-18,24,0,0]"
CSI_DATA,143,1a:00:00:00:00:00,-48,11,1,0,1,1,1,0,0,0,1,-96,0,11,2,2122660,0,44,0,384,0,"[0,0,0,0,0,0,0,0,0,0,0,0,4,5,4,6,4,4,3,4,3,3,2,3,3,2,2,2,2,1,2,1,2,0,2,0,2,-1,2,-1,2,-1,2,-2,2,-3,2,-2,3,-3,3,-3,3,-3,3,-4,3,-4,3,-4,3,-4,3,-4,0,0,3,-5,4,-5,4,-5,4,-5,5,-4,5,-4,5,-3,4,-3,4,-3,4,-3,5,-3,4,-2,4,-2,4,-2,4,-1,4,-2,3,-1,4,-1,3,-1,3,-1,3,-1,3,-1,3,0,3,-1,3,0,2,0,0,0,0,0,0,0,0,0,0,0,0,0,0,0,25,43,24,41,29,37,22,34,24,36,19,29,19,26,21,28,16,20,16,18,17,12,14,11,15,11,17,8,15,4,14,-1,16,2,13,-1,15,-5,18,-5,17,-11,16,-7,15,-13,19,-10,18,-11,18,-15,17,-13,19,-20,21,-16,17,-18,25,-15,24,-21,26,-18,25,-16,21,-21,24,-11,30,-13,27,-18,26,-12,25,-12,27,-12,25,-9,28,-7,25,-6,26,-4,26,-1,22,-3,22,0,21,-1,20,-4,20,0,19,-3,20,1,14,4,18,4,19,5,15,7,0,0,0,0,0,0,0,0,0,0,0,0,0,0,0,0,0,0,0,0,0,0,5,21,3,23,6,25,7,30,2,29,-1,35,1,33,0,38,-3,43,-4,43,-8,50,-10,50,-10,57,-16,60,-23,56,-26,59,-30,66,-34,61,-33,61,-38,62,-42,58,-49,66,-50,58,-54,63,-55,65,-56,63,-63,56,-63,56,-64,54,-65,56,-58,49,-67,50,-62,50,-57,48,-62,47,-58,51,-60,45,-65,49,-57,44,-62,51,-58,45,-58,48,-56,45,-51,49,-53,43,-48,48,-47,48,-50,45,-50,47,-50,46,-51,44,-50,48,-56,47,-50,41,-56,50,-55,39,-43,40,0,0]"
CSI_DATA,144,1a:00:00:00:00:00,-48,11,1,0,1,1,1,0,0,0,1,-96,0,11,2,2142392,0,44,0,384,0,"[0,0,0,0,0,0,0,0,0,0,0,0,2,-8,1,-7,1,-7,1,-6,0,-5,0,-5,0,-4,0,-4,-1,-4,-2,-3,-2,-3,-2,-2,-3,-2,-4,-2,-3,-2,-4,-2,-4,-1,-4,-1,-5,-1,-5,0,-5,0,-6,0,-6,-1,-7,0,-7,0,-6,0,0,0,-7,0,-8,-1,-8,-1,-8,-1,-7,-1,-8,-1,-8,-2,-7,-2,-7,-2,-7,-2,-7,-2,-6,-3,-6,-2,-6,-3,-5,-3,-5,-3,-6,-3,-5,-2,-4,-2,-4,-2,-4,-3,-5,-3,-4,-3,-4,-3,-4,-3,-3,-3,0,0,0,0,0,0,0,0,0,0,0,0,0,0,11,-23,11,-24,9,-23,7,-19,8,-22,5,-18,6,-17,6,-16,2,-13,1,-13,0,-11,-1,-9,-1,-9,-2,-9,-5,-7,-6,-5,-5,-7,-6,-4,-6,-3,-8,-3,-11,-3,-10,-4,-10,-1,-11,-2,-12,-2,-13,-1,-14,-1,-15,0,-16,-4,-16,-2,-17,-2,-18,-3,-18,-2,-19,-3,-18,-1,-18,-3,-18,-4,-18,-4,-16,-7,-18,-5,-17,-6,-16,-7,-15,-6,-15,-7,-15,-7,-13,-8,-13,-8,-11,-8,-11,-6,-11,-7,-10,-7,-11,-7,-10,-8,-10,-7,-8,-8,-7,-9,-6,-8,0,0,0,0,0,0,0,0,0,0,0,0,0,0,0,0,0,0,0,0,0,0,6,-6,7,-6,8,-6,8,-9,10,-6,14,-6,13,-8,16,-9,19,-9,19,-8,21,-6,23,-5,27,-6,28,-6,29,-2,29,0,33,-1,32,1,31,3,33,5,34,6,38,8,37,9,37,11,38,14,40,11,36,17,38,15,35,16,37,17,31,13,37,17,36,16,34,16,35,19,35,16,32,16,35,15,32,15,36,15,33,15,33,14,32,13,33,10,32,12,27,11,30,9,32,10,34,9,31,10,32,9,32,7,33,12,29,10,33,11,32,11,28,11,0,0]"
CSI_DATA,145,1a:00:00:00:00:00,-47,11,1,0,1,1,1,0,0,0,1,-96,0,11,2,2152383,0,44,0,384,0,"[0,0,0,0,0,0,0,0,0,0,0,0,-6,-4,-5,-4,-5,-3,-5,-3,-4,-3,-4,-2,-3,-2,-3,-1,-3,-1,-3,0,-3,0,-2,1,-2,1,-2,1,-2,1,-2,2,-1,3,-2,3,-2,3,-2,3,-2,4,-2,4,-2,4,-1,4,-2,5,-2,5,0,0,-2,6,-2,5,-3,6,-2,6,-3,5,-3,6,-3,5,-3,5,-3,5,-3,5,-3,5,-3,4,-3,4,-3,4,-3,4,-3,4,-3,3,-3,3,-3,3,-3,3,-3,3,-3,2,-3,2,-3,2,-3,2,-4,2,0,0,0,0,0,0,0,0,0,0,0,0,0,0,-35,-40,-33,-34,-37,-32,-29,-31,-28,-29,-26,-30,-25,-24,-25,-25,-22,-14,-17,-14,-18,-10,-18,-8,-18,-7,-12,0,-13,-2,-12,6,-12,9,-13,11,-13,9,-12,13,-8,15,-10,15,-11,20,-11,22,-11,21,-14,28,-6,26,-12,33,-13,29,-13,30,-7,31,-12,33,-15,32,-14,35,-11,32,-19,32,-17,34,-18,35,-22,33,-21,30,-19,28,-22,29,-21,27,-23,26,-23,22,-20,24,-19,21,-18,21,-18,20,-19,19,-17,16,-17,18,-18,16,-17,14,-18,14,-20,11,-19,12,0,0,0,0,0,0,0,0,0,0,0,0,0,0,0,0,0,0,0,0,0,0,-4,-15,-5,-17,-6,-16,-5,-22,-8,-26,-3,-30,-1,-31,0,-33,1,-40,3,-40,6,-45,7,-46,8,-56,15,-56,18,-56,21,-51,24,-62,27,-57,33,-58,37,-57,42,-56,45,-58,45,-55,49,-64,52,-57,51,-60,55,-54,61,-59,56,-53,62,-58,50,-50,64,-53,62,-51,57,-47,62,-48,56,-50,55,-47,56,-51,53,-47,53,-54,58,-50,51,-53,51,-54,41,-54,46,-53,46,-45,43,-51,41,-51,40,-56,44,-53,43,-55,41,-55,54,-57,38,-48,48,-53,45,-53,40,-47,0,0]"
CSI_DATA,146,1a:00:00:00:00:00,-47,11,1,0,1,1,1,0,0,0,1,-96,0,11,2,2162381,0,44,0,384,0,"[0,0,0,0,0,0,0,0,0,0,0,0,-8,2,-7,2,-6,2,-6,2,-5,2,-4,2,-4,2,-3,2,-2,2,-2,2,-1,2,-1,2,0,2,0,2,1,2,1,2,1,2,2,2,3,2,3,2,3,2,3,3,3,3,4,3,4,4,4,4,0,0,4,4,5,4,5,5,4,5,4,5,5,5,4,5,4,5,3,5,3,5,3,6,3,5,3,5,2,5,2,5,2,5,2,4,2,4,1,4,1,4,1,4,1,4,1,4,1,4,0,4,0,3,0,0,0,0,0,0,0,0,0,0,0,0,0,0,-53,19,-50,20,-49,24,-43,17,-37,20,-34,16,-33,10,-29,15,-26,12,-21,15,-16,10,-13,11,-12,11,-6,17,-7,15,2,10,2,15,1,13,6,13,13,16,13,17,13,17,16,14,20,15,19,17,19,18,19,20,27,19,27,18,31,20,28,25,28,25,30,21,30,28,32,25,26,28,25,30,27,27,25,32,29,27,24,28,24,32,22,33,19,31,19,29,18,28,15,29,15,25,18,26,13,23,14,25,10,24,13,26,9,22,11,22,6,20,5,20,0,0,0,0,0,0,0,0,0,0,0,0,0,0,0,0,0,0,0,0,0,0,-12,-1,-17,0,-17,0,-21,0,-22,-3,-28,-5,-26,-8,-33,-12,-33,-11,-36,-19,-43,-22,-41,-22,-48,-24,-46,-30,-43,-39,-44,-38,-51,-44,-43,-47,-44,-52,-41,-59,-40,-63,-43,-69,-41,-60,-45,-72,-38,-72,-44,-74,-34,-75,-31,-77,-29,-72,-34,-83,-27,-65,-33,-80,-26,-75,-33,-77,-24,-81,-33,-75,-27,-72,-31,-76,-30,-71,-32,-72,-28,-71,-35,-64,-34,-72,-38,-65,-32,-69,-31,-66,-38,-61,-34,-66,-38,-60,-39,-68,-38,-62,-42,-62,-33,-69,-32,-61,-39,-65,-39,-60,-34,-60,0,0]"
CSI_DATA,147,1a:00:00:00:00:00,-48,11,1,0,1,1,1,0,0,0,1,-96,0,11,2,2172362,0,44,0,384,0,"[0,0,0,0,0,0,0,0,0,0,0,0,2,8,2,7,2,6,1,5,2,5,1,4,1,3,1,2,1,2,2,1,2,0,2,0,2,0,2,0,2,-1,2,-2,2,-2,2,-3,3,-3,3,-3,4,-3,4,-4,3,-4,4,-4,5,-5,4,-5,0,0,5,-6,6,-5,6,-5,5,-5,6,-5,6,-5,6,-4,6,-4,6,-4,6,-4,6,-4,6,-3,6,-3,5,-3,6,-3,5,-3,5,-3,5,-3,4,-2,4,-2,4,-2,4,-1,4,-2,4,-1,4,-1,4,-1,0,0,0,0,0,0,0,0,0,0,0,0,0,0,-2,53,-4,55,2,50,1,47,-1,42,-4,38,-6,36,-4,32,3,27,5,25,2,20,7,18,7,17,9,9,10,9,14,5,13,5,13,0,15,1,20,-4,20,-2,18,-6,22,-10,25,-8,22,-11,25,-16,25,-13,27,-16,28,-16,33,-17,31,-18,33,-17,36,-18,35,-16,32,-19,38,-15,36,-12,37,-14,38,-6,36,-14,38,-11,40,-9,32,-8,38,-7,37,-4,39,-7,31,-5,31,-7,26,-5,28,-5,29,-3,25,-4,27,-2,25,2,25,3,21,-3,25,4,0,0,0,0,0,0,0,0,0,0,0,0,0,0,0,0,0,0,0,0,0,0,-4,11,-5,10,-7,12,-3,15,-10,16,-13,19,-18,19,-20,22,-24,23,-29,28,-32,28,-34,26,-39,33,-45,28,-47,24,-55,21,-61,24,-59,15,-60,18,-66,16,-70,14,-75,9,-68,8,-78,7,-82,2,-80,5,-79,-3,-77,-4,-80,-7,-83,-4,-72,-3,-81,-7,-80,-10,-76,-9,-76,-11,-78,-2,-73,-4,-80,-4,-72,-3,-80,-2,-78,-8,-75,-3,-77,-4,-75,6,-72,1,-72,-1,-68,1,-71,6,-71,8,-74,6,-72,7,-73,8,-78,2,-71,4,-77,4,-73,6,-66,5,0,0]"
CSI_DATA,148,1a:00:00:00:00:00,-47,11,1,0,1,1,1,0,0,0,1,-96,0,11,2,2182524,0,44,0,384,0,"[0,0,0,0,0,0,0,0,0,0,0,0,-5,-7,-5,-6,-5,-6,-4,-5,-4,-4,-3,-4,-3,-3,-3,-3,-3,-2,-3,-2,-3,-1,-3,0,-3,0,-3,1,-3,1,-2,1,-2,2,-2,3,-3,2,-2,3,-3,3,-3,4,-3,4,-3,4,-3,4,-3,5,0,0,-3,6,-4,6,-4,5,-3,6,-4,5,-4,5,-4,5,-5,5,-4,5,-5,5,-5,4,-5,4,-5,4,-4,3,-5,4,-4,4,-5,3,-4,3,-4,3,-4,3,-4,2,-4,2,-4,2,-4,2,-4,2,-4,1,0,0,0,0,0,0,0,0,0,0,0,0,0,0,-39,-48,-34,-43,-44,-38,-30,-38,-28,-33,-30,-34,-22,-26,-26,-25,-20,-23,-20,-18,-19,-12,-18,-11,-16,-10,-13,-4,-18,-2,-17,4,-13,3,-14,6,-9,7,-11,11,-9,16,-12,13,-13,20,-11,19,-16,19,-13,25,-12,25,-12,32,-16,28,-14,35,-15,33,-19,34,-16,34,-19,35,-15,36,-23,36,-21,35,-22,37,-21,32,-19,32,-25,31,-25,30,-24,25,-25,26,-26,24,-24,22,-24,23,-20,19,-21,20,-21,15,-22,21,-20,17,-19,19,-20,13,-24,15,-23,13,-20,9,0,0,0,0,0,0,0,0,0,0,0,0,0,0,0,0,0,0,0,0,0,0,-5,-3,-9,-9,-10,-11,-9,-15,-11,-15,-11,-23,-10,-22,-8,-26,-8,-30,-7,-36,-8,-40,-4,-39,-3,-49,1,-50,7,-51,8,-53,10,-61,17,-57,19,-60,28,-66,31,-60,36,-67,37,-59,40,-67,43,-65,43,-68,49,-61,50,-63,48,-58,55,-65,47,-55,58,-59,55,-58,53,-56,61,-56,51,-54,51,-51,53,-57,48,-55,53,-60,55,-55,46,-54,51,-54,44,-59,47,-55,48,-51,44,-57,44,-60,43,-61,44,-59,41,-58,45,-63,50,-63,46,-55,50,-64,52,-60,49,-50,0,0]"
CSI_DATA,149,1a:00:00:00:00:00,-47,11,1,0,1,1,1,0,0,0,1,-96,0,11,2,2192909,0,44,0,384,0,"[0,0,0,0,0,0,0,0,0,0,0,0,7,-3,7,-3,6,-2,5,-2,5,-2,4,-2,4,-2,3,-2,2,-2,2,-2,1,-3,1,-3,0,-2,0,-3,-1,-3,-2,-3,-2,-3,-2,-4,-3,-3,-3,-3,-3,-4,-4,-4,-3,-4,-4,-4,-5,-5,-5,-5,0,0,-5,-5,-5,-6,-5,-6,-5,-6,-4,-6,-4,-6,-4,-6,-4,-6,-4,-6,-3,-7,-3,-7,-3,-6,-3,-6,-3,-6,-3,-6,-2,-6,-3,-6,-2,-5,-2,-5,-2,-5,-2,-5,-2,-5,-2,-5,-2,-5,-1,-4,-1,-4,0,0,0,0,0,0,0,0,0,0,0,0,0,0,60,-16,60,-14,58,-14,44,-13,45,-16,43,-14,37,-11,36,-12,29,-9,28,-7,19,-11,16,-9,12,-11,9,-10,9,-12,2,-14,3,-15,0,-14,-3,-15,-7,-15,-9,-20,-12,-17,-14,-16,-14,-18,-17,-22,-20,-15,-22,-23,-26,-27,-21,-26,-26,-26,-27,-29,-29,-29,-27,-28,-25,-31,-27,-32,-21,-32,-26,-32,-24,-31,-24,-35,-25,-32,-18,-34,-20,-37,-17,-32,-18,-32,-17,-30,-14,-32,-13,-30,-16,-26,-12,-31,-11,-28,-15,-25,-12,-27,-11,-26,-8,-23,-4,-25,-6,-25,-5,-25,0,0,0,0,0,0,0,0,0,0,0,0,0,0,0,0,0,0,0,0,0,0,3,-3,7,-4,9,-2,13,-3,16,0,19,0,19,4,23,9,30,7,28,14,33,16,35,19,40,24,34,27,35,33,40,37,45,44,38,45,35,50,34,50,32,56,35,62,31,62,30,65,29,70,32,71,21,68,22,72,19,70,26,76,18,66,22,78,17,75,21,70,18,79,21,71,20,72,19,78,20,70,24,74,17,76,24,69,25,73,26,68,24,69,31,63,28,61,30,70,32,66,34,69,26,68,33,65,27,71,26,63,27,75,27,72,23,66,0,0]"
CSI_DATA,150,1a:00:00:00:00:00,-47,11,1,0,1,1,1,0,0,0,1,-96,0,11,2,2202373,0,44,0,384,0,"[0,0,0,0,0,0,0,0,0,0,0,0,1,-9,0,-8,0,-8,0,-7,0,-7,0,-5,0,-5,0,-4,-1,-4,-1,-4,-1,-3,-2,-3,-2,-2,-3,-2,-3,-1,-3,-1,-3,0,-3,0,-4,0,-5,0,-5,0,-5,1,-5,1,-6,1,-6,1,-6,1,0,0,-6,1,-7,1,-7,1,-7,1,-7,0,-8,0,-7,0,-7,-1,-7,0,-7,0,-7,-1,-7,-1,-6,-1,-6,-1,-6,-1,-6,-2,-6,-1,-5,-1,-5,-1,-5,-1,-5,-2,-5,-2,-5,-2,-4,-2,-4,-2,-4,-2,0,0,0,0,0,0,0,0,0,0,0,0,0,0,28,-59,26,-55,23,-55,23,-49,21,-49,19,-39,20,-37,16,-37,11,-31,10,-28,9,-23,6,-22,5,-20,0,-18,-6,-13,-4,-16,-7,-14,-9,-11,-13,-11,-15,-9,-14,-4,-18,-9,-22,-5,-23,-7,-24,-1,-26,-3,-27,-3,-33,-2,-34,0,-34,-2,-39,-3,-38,-3,-36,-4,-43,-5,-42,-1,-40,-3,-39,-9,-41,-9,-36,-11,-38,-13,-36,-11,-33,-15,-36,-12,-35,-14,-35,-16,-31,-13,-30,-17,-31,-11,-23,-15,-25,-14,-25,-15,-24,-14,-26,-14,-23,-16,-20,-15,-19,-13,-19,-17,0,0,0,0,0,0,0,0,0,0,0,0,0,0,0,0,0,0,0,0,0,0,1,-6,-1,-7,0,-11,3,-11,3,-17,12,-16,11,-20,17,-18,18,-22,23,-22,27,-23,29,-21,35,-26,43,-23,45,-18,47,-17,54,-19,57,-12,60,-12,66,-7,70,2,71,4,71,3,74,0,72,6,74,6,78,12,72,17,73,21,76,18,72,16,76,24,77,21,73,18,75,28,75,21,71,23,75,21,69,16,76,18,73,25,76,19,72,23,75,17,67,16,76,17,73,17,75,18,76,14,76,19,76,15,79,11,77,24,73,20,80,19,77,19,68,25,0,0]"
CSI_DATA,151,1a:00:00:00:00:00,-47,11,1,0,1,1,1,0,0,0,1,-96,0,11,2,2212527,0,44,0,384,0,"[0,0,0,0,0,0,0,0,0,0,0,0,2,9,2,8,2,8,2,7,2,6,1,5,2,4,1,3,2,3,2,2,1,2,2,1,2,1,2,0,2,0,3,-1,2,-2,2,-2,3,-2,3,-2,4,-3,4,-3,4,-3,4,-4,5,-4,5,-4,0,0,5,-5,6,-5,6,-4,6,-5,6,-4,6,-4,6,-3,6,-3,6,-3,7,-3,7,-3,6,-2,6,-2,5,-2,6,-2,6,-2,5,-2,5,-2,5,-1,4,-2,4,-1,4,-1,4,-1,4,0,4,0,4,0,0,0,0,0,0,0,0,0,0,0,0,0,0,0,22,63,26,59,24,56,24,54,18,49,17,47,18,44,18,39,14,32,12,29,13,23,11,22,15,17,14,11,14,12,18,8,15,7,12,1,13,-1,17,0,16,-8,17,-9,17,-11,17,-14,21,-12,21,-15,21,-20,21,-24,27,-21,27,-25,24,-23,26,-23,31,-23,29,-29,29,-26,37,-21,35,-22,35,-26,39,-20,33,-17,41,-18,35,-14,32,-15,33,-15,32,-13,30,-13,34,-8,31,-12,30,-10,25,-9,27,-7,27,-7,21,-5,28,-6,24,-1,23,-3,21,2,0,0,0,0,0,0,0,0,0,0,0,0,0,0,0,0,0,0,0,0,0,0,1,3,1,3,2,6,6,7,6,11,6,16,5,16,3,21,5,23,-2,32,-1,39,-4,38,-5,45,-8,47,-13,43,-16,47,-21,57,-31,50,-30,52,-35,53,-42,54,-45,55,-47,53,-55,62,-58,52,-54,54,-57,46,-60,42,-63,45,-63,47,-59,41,-70,44,-69,42,-63,43,-72,42,-64,42,-63,42,-70,45,-65,40,-66,43,-68,39,-66,49,-64,39,-63,46,-60,42,-66,46,-62,48,-63,44,-62,45,-66,47,-65,46,-63,48,-71,44,-67,45,-69,48,-69,43,-66,38,0,0]"
CSI_DATA,152,1a:00:00:00:00:00,-47,11,1,0,1,1,1,0,0,0,1,-96,0,11,2,2232379,0,44,0,384,0,"[0,0,0,0,0,0,0,0,0,0,0,0,-3,9,-3,9,-2,8,-2,8,-2,7,-2,6,-1,5,-1,5,-1,4,0,3,0,3,0,3,1,2,1,2,2,1,2,1,2,1,2,0,3,0,4,0,4,0,4,-1,4,-1,5,-1,6,-1,6,-1,0,0,6,-2,7,-1,7,-1,7,-1,7,0,7,0,7,0,7,1,7,0,6,1,7,1,6,1,6,1,6,1,5,1,5,1,5,1,5,1,4,1,4,1,4,1,4,1,4,2,3,2,3,2,3,2,0,0,0,0,0,0,0,0,0,0,0,0,0,0,-31,63,-24,59,-21,60,-24,55,-23,52,-24,46,-18,41,-22,39,-17,33,-12,32,-12,30,-11,23,-7,25,-5,21,-1,20,2,21,4,13,8,11,5,14,11,9,17,13,15,9,18,6,21,6,17,4,27,1,25,3,29,-1,30,4,34,4,31,2,36,8,34,5,40,7,37,3,38,10,40,9,37,12,38,18,37,12,35,15,37,14,35,13,32,15,30,13,28,15,28,16,27,16,24,14,19,16,22,15,25,14,20,15,20,17,18,15,16,14,17,17,0,0,0,0,0,0,0,0,0,0,0,0,0,0,0,0,0,0,0,0,0,0,-1,2,0,5,0,5,-2,9,-5,9,-5,16,-7,15,-15,16,-16,20,-18,18,-20,24,-25,24,-32,29,-38,26,-42,20,-44,19,-52,19,-51,14,-60,13,-61,8,-63,7,-70,5,-64,5,-75,4,-77,1,-78,4,-74,-6,-74,-11,-72,-13,-81,-11,-68,-13,-76,-15,-75,-20,-73,-14,-77,-23,-73,-17,-73,-17,-78,-15,-75,-12,-82,-13,-74,-18,-76,-14,-75,-15,-74,-9,-75,-18,-70,-17,-76,-16,-75,-14,-77,-11,-79,-13,-81,-7,-81,-2,-84,-16,-75,-18,-84,-16,-78,-16,-82,-17,0,0]"
CSI_DATA,153,1a:00:00:00:00:00,-47,11,1,0,1,1,1,0,0,0,1,-96,0,11,2,2243338,0,44,0,384,0,"[0,0,0,0,0,0,0,0,0,0,0,0,1,-11,1,-10,0,-10,1,-9,1,-8,1,-7,0,-7,0,-6,0,-5,-1,-5,-1,-5,-2,-4,-2,-4,-3,-3,-3,-3,-3,-2,-3,-2,-4,-1,-4,-1,-5,-1,-5,-1,-6,0,-5,0,-7,0,-7,0,-7,0,0,0,-7,0,-8,0,-8,-1,-8,0,-8,-1,-8,-1,-8,-1,-8,-2,-8,-1,-8,-2,-8,-2,-7,-3,-7,-3,-6,-3,-6,-3,-6,-2,-6,-2,-6,-3,-5,-2,-5,-2,-5,-3,-5,-3,-5,-3,-4,-3,-4,-3,-4,-3,0,0,0,0,0,0,0,0,0,0,0,0,0,0,13,-71,19,-66,15,-68,12,-58,14,-63,15,-51,14,-46,13,-46,11,-41,6,-37,4,-31,2,-30,4,-28,2,-22,-1,-24,-4,-18,-7,-20,-9,-11,-12,-14,-15,-10,-16,-5,-18,-8,-22,-2,-25,-7,-18,-1,-26,2,-31,-2,-32,3,-29,-4,-35,1,-36,2,-41,0,-39,-2,-44,-1,-43,7,-41,-5,-40,-1,-41,-1,-41,-10,-40,-4,-43,-7,-35,-12,-39,-10,-38,-15,-34,-10,-35,-11,-32,-13,-34,-11,-28,-9,-27,-11,-25,-8,-24,-12,-25,-12,-25,-14,-21,-12,-23,-15,-23,-16,0,0,0,0,0,0,0,0,0,0,0,0,0,0,0,0,0,0,0,0,0,0,2,-2,-2,-1,0,-5,-1,-6,2,-10,11,-13,8,-14,10,-15,12,-20,20,-22,23,-25,27,-23,32,-26,41,-27,44,-24,46,-19,57,-22,53,-18,58,-16,62,-15,65,-15,70,-9,64,-4,73,-4,76,1,74,-3,78,6,77,10,73,8,82,8,72,6,82,10,75,11,74,12,79,14,78,9,77,12,79,15,74,12,78,13,81,13,79,8,80,15,75,2,77,8,78,13,79,5,76,1,77,4,83,4,80,5,84,5,91,7,78,2,86,13,89,10,76,8,0,0]"
CSI_DATA,154,1a:00:00:00:00:00,-47,11,1,0,1,1,1,0,0,0,1,-96,0,11,2,2263371,0,44,0,384,0,"[0,0,0,0,0,0,0,0,0,0,0,0,-11,-2,-10,-1,-9,-1,-9,-2,-8,-2,-7,-1,-7,0,-6,-1,-6,0,-5,0,-5,0,-4,1,-4,1,-3,1,-3,1,-2,2,-2,2,-2,3,-1,2,-1,3,-1,3,-1,3,-1,4,0,4,0,5,-1,6,0,0,-1,6,-1,6,-1,6,-1,7,-1,6,-2,6,-2,6,-2,6,-2,6,-3,6,-3,6,-3,5,-3,5,-3,5,-3,5,-3,4,-3,4,-3,4,-3,3,-3,3,-3,3,-3,3,-3,3,-3,3,-3,2,-3,2,0,0,0,0,0,0,0,0,0,0,0,0,0,0,-72,-34,-63,-29,-65,-23,-54,-26,-57,-27,-49,-23,-46,-26,-45,-22,-39,-20,-35,-18,-33,-15,-29,-10,-31,-8,-27,-10,-22,-2,-22,-2,-21,-1,-19,2,-19,2,-15,12,-15,16,-12,15,-12,11,-16,18,-13,20,-9,22,-11,28,-11,27,-10,30,-9,34,-11,34,-9,40,-14,33,-17,34,-14,40,-17,36,-14,34,-20,33,-21,32,-24,36,-22,36,-23,32,-24,31,-22,30,-24,23,-24,23,-25,22,-19,23,-20,20,-21,19,-19,19,-24,19,-20,16,-20,14,-20,18,-21,12,-22,11,0,0,0,0,0,0,0,0,0,0,0,0,0,0,0,0,0,0,0,0,0,0,1,-2,-5,-3,-4,-2,-6,-2,-9,-4,-12,-8,-12,-5,-14,-12,-22,-16,-22,-17,-24,-22,-27,-24,-29,-34,-25,-40,-18,-42,-20,-46,-20,-53,-15,-52,-16,-55,-11,-60,-10,-61,-2,-73,-2,-70,-2,-73,2,-75,0,-75,7,-75,14,-80,13,-78,16,-80,13,-69,18,-76,19,-73,13,-74,25,-78,15,-76,17,-74,16,-80,17,-73,18,-81,20,-76,12,-79,18,-77,19,-75,12,-74,13,-77,10,-80,15,-73,11,-78,14,-81,17,-81,12,-82,22,-89,16,-75,19,-90,20,-87,23,-77,0,0]"
CSI_DATA,155,1a:00:00:00:00:00,-47,11,1,0,1,1,1,0,0,0,1,-96,0,11,2,2272454,0,44,0,384,0,"[0,0,0,0,0,0,0,0,0,0,0,0,6,-9,5,-8,4,-8,4,-7,4,-7,3,-6,3,-6,3,-5,2,-5,1,-5,1,-4,0,-4,0,-4,-1,-4,-1,-4,-1,-3,-2,-3,-2,-3,-3,-3,-3,-3,-3,-3,-4,-3,-3,-3,-5,-3,-5,-3,-5,-3,0,0,-6,-4,-6,-4,-7,-4,-6,-4,-6,-5,-6,-5,-6,-5,-5,-5,-5,-5,-5,-5,-5,-5,-4,-5,-4,-5,-4,-5,-3,-5,-3,-5,-4,-5,-3,-5,-3,-4,-3,-4,-2,-4,-2,-4,-2,-4,-2,-4,-2,-4,-1,-4,0,0,0,0,0,0,0,0,0,0,0,0,0,0,47,-58,48,-52,41,-57,41,-51,39,-51,41,-45,37,-44,33,-37,31,-30,26,-34,21,-29,18,-25,13,-26,14,-22,7,-23,7,-26,5,-23,2,-18,1,-19,-6,-17,-11,-18,-11,-18,-11,-14,-13,-14,-14,-15,-19,-14,-20,-18,-22,-19,-26,-19,-32,-19,-30,-20,-28,-22,-31,-18,-33,-22,-34,-23,-33,-23,-32,-28,-31,-25,-26,-28,-28,-33,-28,-29,-27,-35,-21,-30,-24,-30,-16,-26,-17,-32,-17,-30,-18,-25,-14,-26,-15,-23,-12,-23,-14,-19,-12,-25,-10,-21,-12,-24,-8,-22,-4,-20,0,0,0,0,0,0,0,0,0,0,0,0,0,0,0,0,0,0,0,0,0,0,3,3,0,0,-2,-3,4,-6,5,-7,6,-7,14,-8,16,-16,16,-12,20,-16,29,-17,29,-15,38,-17,39,-15,44,-9,47,-8,57,-10,55,0,59,1,60,5,63,15,67,14,68,19,70,19,70,23,76,20,69,29,68,34,66,32,73,34,61,32,66,38,66,38,65,36,67,46,62,40,68,40,67,37,66,36,72,36,67,39,72,36,70,37,71,34,64,34,65,29,67,35,67,36,69,34,72,34,72,33,81,30,74,40,70,34,78,40,73,40,70,45,0,0]"
CSI_DATA,156,1a:00:00:00:00:00,-48,11,1,0,1,1,1,0,0,0,1,-96,0,11,2,2283597,0,44,0,384,0,"[0,0,0,0,0,0,0,0,0,0,0,0,11,-1,11,-1,10,-1,9,0,8,0,8,-1,7,-1,6,-1,5,-1,4,-1,4,-2,4,-2,3,-2,3,-2,2,-3,2,-4,1,-3,1,-4,1,-4,0,-4,0,-5,0,-5,0,-5,-1,-6,-1,-6,-1,-7,0,0,-1,-7,-1,-8,-1,-8,-1,-8,0,-8,0,-8,0,-8,1,-7,0,-8,1,-7,2,-8,1,-7,1,-7,2,-7,2,-6,2,-6,2,-5,1,-5,2,-5,1,-5,2,-5,2,-4,2,-4,2,-4,2,-4,2,-3,0,0,0,0,0,0,0,0,0,0,0,0,0,0,69,-3,68,4,73,1,62,6,59,2,52,5,51,4,49,9,44,1,38,8,36,1,36,-2,31,0,28,-4,25,-7,23,-7,23,-8,17,-9,16,-12,11,-12,11,-18,7,-18,8,-19,6,-20,2,-24,2,-23,2,-27,1,-31,3,-30,0,-32,-3,-29,-1,-38,1,-35,2,-36,-4,-39,4,-40,4,-39,5,-37,9,-35,8,-36,8,-36,11,-38,14,-34,9,-35,13,-31,12,-32,10,-30,13,-28,13,-26,9,-25,12,-24,12,-26,11,-21,15,-16,15,-21,13,-14,15,-16,0,0,0,0,0,0,0,0,0,0,0,0,0,0,0,0,0,0,0,0,0,0,-1,2,1,0,2,-2,3,-2,9,-1,11,4,16,2,14,1,19,3,23,11,26,12,26,15,33,22,34,27,30,28,30,33,40,39,32,42,30,42,30,51,24,56,25,62,24,63,21,66,17,69,22,68,15,72,14,70,10,73,15,77,10,63,8,79,10,75,10,72,4,82,11,71,8,71,15,76,9,73,10,74,10,73,10,76,8,77,15,78,10,72,18,73,13,73,13,74,15,75,17,77,14,84,17,82,16,84,13,78,9,90,15,87,11,83,0,0]"
CSI_DATA,157,1a:00:00:00:00:00,-47,11,1,0,1,1,1,0,0,0,1,-96,0,11,2,2292381,0,44,0,384,0,"[0,0,0,0,0,0,0,0,0,0,0,0,3,10,2,9,3,9,2,8,2,7,1,6,1,6,1,5,1,5,2,4,1,4,2,3,2,2,3,2,2,2,2,1,2,1,2,0,3,0,3,0,4,-1,4,-1,4,-1,5,-2,5,-2,5,-2,0,0,5,-2,6,-2,6,-2,6,-2,6,-1,7,-1,6,-1,6,-1,6,-1,6,0,6,0,6,0,5,0,5,1,5,1,5,1,4,1,4,0,4,0,3,1,4,1,3,1,3,1,3,1,3,1,2,1,0,0,0,0,0,0,0,0,0,0,0,0,0,0,10,73,13,66,18,66,7,62,8,60,8,60,6,52,5,54,9,44,3,41,7,40,8,35,4,34,6,26,6,29,11,19,14,20,16,15,14,11,15,8,15,10,17,5,21,6,18,5,24,2,27,-2,23,-5,30,-6,32,-7,28,-4,32,0,34,-7,35,1,39,-3,33,-7,37,2,40,4,44,3,39,4,38,3,36,8,37,8,33,8,36,10,34,11,30,11,28,10,29,13,23,9,23,9,22,10,20,13,21,9,18,12,14,12,15,14,13,16,0,0,0,0,0,0,0,0,0,0,0,0,0,0,0,0,0,0,0,0,0,0,-3,0,-2,2,-2,0,1,3,1,8,5,11,2,11,2,19,1,22,1,27,-3,30,-2,31,-3,42,-10,41,-19,41,-21,42,-25,49,-30,42,-35,48,-41,45,-45,44,-54,47,-49,40,-52,46,-58,45,-56,49,-63,37,-63,39,-68,35,-73,39,-59,31,-70,33,-68,29,-66,30,-77,26,-71,31,-66,28,-71,31,-65,33,-69,32,-71,30,-67,34,-70,31,-67,36,-69,32,-67,31,-68,35,-70,31,-66,36,-72,36,-72,39,-74,40,-84,34,-71,29,-82,38,-77,33,-77,28,0,0]"
CSI_DATA,158,1a:00:00:00:00:00,-47,11,1,0,1,1,1,0,0,0,1,-96,0,11,2,2303692,0,44,0,384,0,"[0,0,0,0,0,0,0,0,0,0,0,0,11,-3,10,-3,9,-3,9,-2,7,-2,7,-2,7,-2,5,-2,5,-3,4,-2,4,-3,4,-2,3,-2,2,-3,2,-2,2,-3,1,-4,1,-4,0,-4,0,-4,0,-4,0,-5,0,-5,-1,-5,-1,-6,-1,-6,0,0,-1,-7,-1,-7,-1,-7,-1,-7,-1,-7,0,-7,0,-7,0,-7,1,-7,1,-7,1,-7,1,-6,1,-6,1,-6,2,-6,1,-6,1,-5,1,-5,1,-4,1,-5,1,-4,1,-4,1,-4,1,-4,2,-4,2,-3,0,0,0,0,0,0,0,0,0,0,0,0,0,0,75,-14,68,-10,70,-19,64,-13,62,-14,59,-9,55,-7,54,-8,41,-5,44,-6,37,-9,33,-9,30,-13,27,-6,22,-9,22,-14,22,-12,18,-14,18,-13,12,-16,8,-20,6,-15,3,-16,8,-20,0,-20,0,-24,-2,-30,-4,-30,-5,-28,-8,-36,-6,-33,-9,-34,-5,-35,-7,-39,-7,-39,2,-36,-2,-38,-3,-36,6,-38,-2,-39,2,-39,6,-38,9,-34,8,-36,8,-31,5,-35,10,-32,3,-31,4,-28,4,-23,7,-20,9,-27,6,-23,7,-20,10,-19,11,-19,12,-17,0,0,0,0,0,0,0,0,0,0,0,0,0,0,0,0,0,0,0,0,0,0,-1,0,3,0,2,-1,6,-3,7,-4,12,-3,13,-2,16,1,23,-2,24,3,32,8,36,10,39,10,38,15,38,23,37,28,49,30,42,32,41,38,38,44,37,48,42,51,38,55,40,55,37,59,40,63,34,69,31,67,34,64,35,70,28,61,25,74,23,70,27,67,24,74,26,73,23,67,31,71,28,66,28,74,27,73,30,73,29,74,33,67,28,68,26,69,34,73,32,70,33,70,34,67,35,72,41,72,33,79,34,70,34,82,32,87,27,80,0,0]"
CSI_DATA,159,1a:00:00:00:00:00,-47,11,1,0,1,1,1,0,0,0,1,-96,0,11,2,2312777,0,44,0,384,0,"[0,0,0,0,0,0,0,0,0,0,0,0,-6,9,-6,8,-5,8,-5,8,-4,6,-4,6,-4,6,-3,5,-3,5,-2,4,-2,4,-2,4,-1,3,-1,3,-1,3,0,3,0,3,1,2,1,2,2,3,2,2,3,2,2,3,4,3,3,3,4,3,0,0,4,3,5,3,4,4,4,4,4,4,4,4,4,5,3,5,3,4,3,5,3,5,2,5,2,4,2,5,1,4,2,4,1,4,1,4,1,4,1,3,0,3,0,3,0,3,0,3,0,3,-1,3,0,0,0,0,0,0,0,0,0,0,0,0,0,0,-36,62,-37,61,-30,64,-34,57,-31,57,-31,54,-28,45,-27,43,-21,39,-22,34,-19,32,-21,32,-14,36,-11,27,-12,28,-10,25,-7,23,-2,20,0,17,-1,20,6,21,7,20,11,14,13,17,10,16,18,17,15,19,21,19,23,19,26,22,22,21,25,24,27,22,28,23,26,20,26,29,29,28,25,26,23,30,19,28,21,31,13,33,18,30,18,31,13,28,13,30,10,33,14,28,8,24,8,23,10,20,4,21,7,19,1,21,5,21,4,20,1,17,0,0,0,0,0,0,0,0,0,0,0,0,0,0,0,0,0,0,0,0,0,0,-3,1,-3,0,-1,6,0,6,-3,9,-6,12,-8,13,-11,15,-11,22,-17,21,-16,23,-27,26,-26,31,-32,29,-40,27,-42,21,-50,26,-51,20,-54,22,-59,16,-63,14,-68,9,-65,10,-70,7,-75,2,-79,5,-76,-6,-77,-10,-72,-8,-81,-4,-69,-12,-77,-14,-71,-16,-70,-12,-76,-21,-76,-13,-73,-19,-75,-14,-74,-16,-79,-14,-76,-19,-78,-13,-78,-15,-75,-13,-71,-11,-75,-11,-79,-13,-78,-13,-74,-12,-80,-17,-80,-11,-85,-12,-86,-24,-80,-19,-87,-25,-84,-25,-80,-24,0,0]"
CSI_DATA,160,1a:00:00:00:00:00,-48,11,1,0,1,1,1,0,0,0,1,-96,0,11,2,2322879,0,44,0,384,0,"[0,0,0,0,0,0,0,0,0,0,0,0,-12,-1,-11,-1,-11,-1,-10,-1,-9,-1,-9,-1,-8,-1,-7,-1,-7,0,-6,-1,-6,0,-5,0,-5,1,-4,1,-4,0,-4,2,-3,2,-3,2,-2,2,-2,2,-2,3,-2,3,-2,4,-1,4,-2,5,-2,5,0,0,-2,5,-2,6,-2,6,-2,6,-2,5,-2,5,-3,5,-3,5,-3,5,-3,5,-4,5,-4,4,-3,4,-4,4,-4,4,-3,4,-3,4,-3,3,-3,3,-3,3,-3,2,-3,2,-3,2,-3,2,-3,1,-3,1,0,0,0,0,0,0,0,0,0,0,0,0,0,0,-76,-2,-72,-4,-76,1,-67,-2,-63,-2,-62,-7,-57,-7,-57,-6,-43,-2,-44,-4,-40,-2,-31,-1,-37,0,-33,2,-25,4,-27,8,-28,1,-24,3,-21,8,-15,10,-15,13,-13,17,-13,16,-11,16,-9,17,-9,22,-7,25,-10,24,-5,27,-1,32,-4,31,-3,33,-9,32,-8,34,-5,33,-12,34,-11,34,-12,35,-15,36,-12,33,-11,30,-15,27,-14,30,-18,27,-19,28,-18,24,-20,27,-16,20,-18,19,-13,18,-12,20,-17,18,-18,13,-14,12,-17,14,-16,13,-19,13,0,0,0,0,0,0,0,0,0,0,0,0,0,0,0,0,0,0,0,0,0,0,-2,-2,-1,-1,-5,-1,-9,-1,-7,0,-18,-3,-15,-6,-23,-3,-24,-5,-29,-6,-31,-12,-33,-17,-39,-17,-37,-25,-37,-31,-37,-33,-43,-42,-33,-41,-35,-46,-34,-49,-35,-58,-32,-61,-32,-58,-29,-69,-25,-70,-31,-69,-22,-74,-22,-71,-17,-72,-17,-80,-14,-67,-15,-77,-16,-74,-16,-71,-11,-75,-14,-76,-12,-74,-15,-78,-13,-74,-16,-77,-11,-79,-19,-73,-15,-76,-19,-68,-16,-72,-14,-72,-17,-71,-18,-76,-20,-78,-19,-79,-17,-80,-20,-78,-21,-88,-17,-76,-16,-89,-18,-89,-13,-85,0,0]"
CSI_DATA,161,1a:00:00:00:00:00,-48,11,1,0,1,1,1,0,0,0,1,-96,0,11,2,2332393,0,44,0,384,0,"[0,0,0,0,0,0,0,0,0,0,0,0,-13,2,-12,2,-11,2,-10,1,-10,1,-9,1,-8,1,-7,1,-7,2,-6,1,-6,2,-6,2,-5,1,-4,2,-4,2,-4,3,-3,3,-3,3,-2,3,-1,3,-1,3,-1,4,-1,4,0,4,0,5,0,5,0,0,0,6,0,6,-1,6,0,7,-1,6,-1,7,-1,6,-2,6,-2,6,-3,6,-2,6,-3,6,-3,5,-3,5,-3,4,-3,4,-3,4,-3,4,-3,3,-2,3,-3,3,-3,3,-3,3,-3,3,-3,2,-3,2,0,0,0,0,0,0,0,0,0,0,0,0,0,0,-77,9,-74,8,-75,11,-69,7,-67,4,-63,2,-61,2,-53,-2,-50,0,-49,-2,-40,7,-41,3,-37,2,-36,2,-24,5,-26,10,-22,9,-24,13,-21,8,-19,14,-16,17,-13,14,-13,17,-8,20,-10,19,-7,26,-9,25,-6,26,-6,26,-5,31,-3,32,-7,33,-5,33,-3,38,-1,37,-9,36,-9,33,-7,37,-16,34,-12,33,-15,30,-13,37,-17,29,-16,31,-19,26,-20,26,-18,29,-17,26,-14,18,-15,17,-16,19,-16,17,-13,16,-16,13,-16,14,-14,15,-19,11,0,0,0,0,0,0,0,0,0,0,0,0,0,0,0,0,0,0,0,0,0,0,1,0,-7,2,-3,3,-6,4,-10,4,-14,2,-16,5,-20,1,-26,0,-28,-5,-35,-3,-34,-3,-42,-4,-41,-15,-44,-19,-47,-22,-54,-28,-46,-35,-45,-42,-46,-41,-43,-47,-50,-51,-42,-53,-44,-61,-42,-66,-40,-62,-36,-65,-38,-65,-32,-65,-36,-76,-33,-62,-29,-69,-29,-71,-30,-64,-26,-75,-28,-69,-24,-71,-34,-75,-27,-66,-27,-74,-26,-77,-33,-68,-28,-74,-33,-71,-32,-73,-28,-69,-29,-73,-35,-72,-34,-71,-30,-76,-33,-76,-39,-79,-32,-83,-29,-74,-34,-85,-28,-83,-24,-80,0,0]"
CSI_DATA,162,1a:00:00:00:00:00,-48,11,1,0,1,1,1,0,0,0,1,-96,0,11,2,2352805,0,44,0,384,0,"[0,0,0,0,0,0,0,0,0,0,0,0,-10,-8,-10,-7,-10,-7,-8,-7,-8,-7,-7,-6,-7,-5,-6,-4,-5,-4,-6,-4,-5,-3,-5,-3,-5,-2,-5,-2,-5,-2,-5,-1,-4,0,-4,0,-4,0,-4,1,-4,1,-4,2,-4,2,-4,3,-5,3,-5,3,0,0,-5,4,-6,3,-6,3,-6,4,-6,3,-6,3,-6,3,-6,2,-6,3,-6,2,-7,2,-6,1,-6,1,-6,1,-6,1,-6,1,-5,0,-5,0,-5,0,-4,0,-5,0,-4,0,-4,0,-4,0,-4,-1,-4,-1,0,0,0,0,0,0,0,0,0,0,0,0,0,0,-68,-49,-56,-47,-63,-42,-49,-43,-47,-43,-48,-43,-39,-37,-38,-39,-37,-31,-35,-31,-31,-25,-28,-22,-31,-23,-27,-21,-27,-18,-23,-16,-25,-11,-22,-10,-20,-7,-19,-1,-22,-1,-18,0,-20,7,-22,4,-20,5,-20,12,-24,10,-21,13,-19,16,-24,21,-24,20,-24,17,-35,19,-31,20,-27,21,-38,14,-37,14,-31,11,-36,11,-35,12,-33,9,-36,7,-34,8,-33,3,-29,3,-28,0,-28,3,-26,2,-26,0,-23,-2,-23,0,-23,1,-24,1,-20,-5,-24,-1,-21,-5,-20,-5,0,0,0,0,0,0,0,0,0,0,0,0,0,0,0,0,0,0,0,0,0,0,-6,-3,-6,0,-10,-5,-10,-3,-13,-4,-15,-9,-17,-10,-20,-12,-24,-14,-23,-19,-25,-28,-25,-27,-29,-30,-27,-42,-24,-45,-19,-46,-21,-54,-15,-54,-13,-62,-9,-64,-5,-67,-3,-73,-1,-65,5,-75,3,-79,6,-77,16,-77,16,-77,17,-72,19,-81,19,-61,23,-74,24,-72,18,-69,31,-74,22,-72,23,-66,26,-75,24,-68,23,-77,29,-72,22,-73,25,-75,20,-70,24,-74,28,-67,23,-74,24,-70,25,-75,25,-76,28,-78,22,-81,32,-85,27,-78,35,-84,37,-79,37,-72,0,0]"
CSI_DATA,163,1a:00:00:00:00:00,-48,11,1,0,1,1,1,0,0,0,1,-96,0,11,2,2362449,0,44,0,384,0,"[0,0,0,0,0,0,0,0,0,0,0,0,10,4,10,4,9,3,9,4,8,4,7,3,6,3,6,2,5,2,5,1,5,1,5,0,4,0,4,0,3,0,3,-1,3,-2,3,-2,2,-2,3,-2,3,-3,3,-3,3,-4,3,-4,3,-5,3,-5,0,0,3,-5,3,-5,4,-5,4,-6,4,-5,4,-5,5,-4,5,-4,5,-5,5,-4,5,-4,5,-3,4,-3,4,-3,4,-3,4,-3,4,-3,4,-2,4,-2,4,-2,4,-2,3,-2,3,-2,3,-1,3,-1,3,-1,0,0,0,0,0,0,0,0,0,0,0,0,0,0,66,31,68,36,65,29,59,38,60,38,49,31,49,31,45,29,40,26,37,23,34,20,29,18,31,17,30,16,25,12,26,3,27,9,21,3,20,2,19,0,20,-5,14,-5,18,-11,17,-6,18,-12,21,-14,14,-15,22,-17,22,-17,21,-22,21,-25,22,-25,23,-19,22,-24,21,-28,28,-20,27,-21,30,-22,33,-16,29,-22,29,-20,29,-18,28,-14,28,-14,28,-10,30,-11,27,-9,23,-11,23,-10,23,-4,25,-4,23,-6,21,-6,20,-4,21,-4,19,0,21,3,0,0,0,0,0,0,0,0,0,0,0,0,0,0,0,0,0,0,0,0,0,0,5,1,5,1,6,1,10,-1,13,2,16,6,21,7,23,11,25,14,26,21,29,20,30,25,33,30,32,34,25,42,30,49,27,53,24,57,19,57,17,63,10,65,13,75,5,70,7,78,4,76,4,75,-7,75,-8,77,-10,77,-9,79,-9,70,-16,77,-18,75,-12,73,-23,75,-16,73,-21,71,-17,78,-18,71,-17,80,-18,73,-10,79,-17,74,-13,74,-14,68,-7,74,-14,74,-15,75,-11,77,-14,86,-15,82,-14,84,-23,86,-20,76,-22,92,-21,84,-28,88,0,0]"
CSI_DATA,164,1a:00:00:00:00:00,-48,11,1,0,1,1,1,0,0,0,1,-96,0,11,2,2372987,0,44,0,384,0,"[0,0,0,0,0,0,0,0,0,0,0,0,10,-6,10,-5,9,-5,8,-5,8,-4,7,-3,7,-4,6,-4,5,-4,4,-3,5,-4,4,-4,3,-4,3,-3,2,-4,2,-4,1,-4,1,-4,0,-4,0,-4,-1,-4,-1,-5,-1,-4,-2,-5,-2,-6,-1,-6,0,0,-2,-6,-2,-7,-2,-7,-2,-7,-1,-7,-2,-7,-1,-7,-1,-7,-1,-7,0,-6,0,-7,0,-6,0,-6,1,-6,1,-5,1,-5,1,-5,1,-5,1,-5,0,-5,1,-4,1,-4,1,-4,1,-4,1,-3,1,-4,0,0,0,0,0,0,0,0,0,0,0,0,0,0,69,-30,62,-28,66,-33,58,-22,59,-27,54,-24,47,-20,50,-17,42,-17,40,-14,34,-19,35,-15,30,-14,26,-14,23,-15,20,-14,20,-17,20,-18,16,-13,10,-16,10,-20,5,-17,4,-18,-1,-16,2,-19,0,-23,-2,-22,-5,-25,-5,-29,-6,-30,-6,-32,-5,-34,-4,-27,-5,-34,-6,-33,0,-32,-3,-33,-2,-34,0,-33,-1,-32,3,-32,7,-36,4,-30,6,-33,8,-29,10,-32,8,-28,4,-27,9,-26,5,-23,5,-24,7,-21,3,-20,8,-17,13,-20,10,-14,10,-15,0,0,0,0,0,0,0,0,0,0,0,0,0,0,0,0,0,0,0,0,0,0,5,-7,2,-9,6,-5,10,-12,13,-10,11,-14,16,-7,22,-12,27,-11,31,-10,36,-7,38,-10,48,-7,50,2,51,5,48,6,62,11,53,16,58,20,56,23,59,29,59,37,56,36,59,42,58,43,59,43,54,51,59,55,48,50,58,60,45,49,51,58,52,53,46,53,47,60,47,55,46,54,51,59,45,53,51,58,46,61,50,53,51,61,52,52,48,56,48,52,49,55,51,54,52,51,51,56,51,57,55,59,55,72,46,54,56,74,52,72,45,63,0,0]"
CSI_DATA,165,1a:00:00:00:00:00,-48,11,1,0,1,1,1,0,0,0,1,-96,0,11,2,2382395,0,44,0,384,0,"[0,0,0,0,0,0,0,0,0,0,0,0,-11,1,-11,1,-10,1,-9,0,-8,0,-8,0,-7,1,-6,0,-6,1,-5,0,-5,1,-5,1,-4,1,-4,1,-3,1,-3,2,-3,2,-2,2,-2,2,-2,2,-2,3,-1,3,-2,3,-1,3,-1,4,-1,4,0,0,-1,5,-1,5,-1,5,-2,5,-2,5,-2,5,-2,5,-2,5,-3,5,-3,5,-3,5,-4,4,-3,4,-3,3,-4,3,-3,3,-3,3,-3,3,-3,3,-3,2,-3,2,-3,2,-3,2,-3,2,-3,1,-3,1,0,0,0,0,0,0,0,0,0,0,0,0,0,0,-66,21,-64,17,-65,21,-60,18,-60,15,-57,13,-52,10,-53,11,-45,9,-40,10,-37,8,-32,9,-34,13,-28,5,-25,13,-25,13,-26,11,-19,12,-15,12,-15,14,-12,17,-8,17,-6,18,-3,18,-8,17,-1,19,-2,27,-3,25,-1,27,0,30,-3,29,-1,33,-3,29,-4,32,0,33,-8,29,-2,35,-5,33,-9,34,-8,34,-10,33,-16,29,-13,27,-14,29,-14,28,-16,26,-13,23,-12,23,-12,20,-14,21,-12,15,-13,20,-11,16,-14,15,-14,18,-15,15,-16,13,0,0,0,0,0,0,0,0,0,0,0,0,0,0,0,0,0,0,0,0,0,0,-7,4,-6,7,-6,6,-11,10,-13,9,-18,12,-20,12,-26,10,-29,15,-34,6,-39,10,-42,9,-50,5,-47,-1,-55,-7,-58,-12,-63,-9,-54,-20,-58,-25,-60,-23,-58,-32,-64,-36,-59,-41,-60,-47,-57,-48,-58,-45,-54,-57,-53,-57,-52,-55,-55,-63,-43,-53,-49,-63,-44,-60,-48,-55,-46,-66,-49,-56,-46,-54,-47,-61,-40,-58,-45,-63,-42,-62,-50,-60,-48,-65,-48,-56,-46,-62,-50,-54,-51,-57,-47,-55,-48,-60,-49,-61,-45,-68,-50,-62,-47,-69,-45,-66,-49,-78,-42,-74,-38,-70,0,0]"
CSI_DATA,166,1a:00:00:00:00:00,-48,11,1,0,1,1,1,0,0,0,1,-96,0,11,2,2392418,0,44,0,384,0,"[0,0,0,0,0,0,0,0,0,0,0,0,-7,7,-7,7,-6,6,-6,6,-6,5,-5,5,-5,4,-4,4,-4,4,-3,4,-3,3,-2,3,-2,3,-2,3,-1,3,-1,3,-1,3,0,2,0,3,1,3,1,3,1,3,1,3,2,3,2,4,2,4,0,0,2,4,3,5,3,5,2,4,2,5,2,5,1,5,1,5,1,5,1,5,1,5,0,5,0,5,0,5,-1,4,-1,4,0,4,-1,4,-1,3,-1,3,-1,3,-1,3,-1,3,-1,3,-2,2,-2,2,0,0,0,0,0,0,0,0,0,0,0,0,0,0,-48,58,-43,51,-41,54,-46,52,-41,46,-42,38,-36,37,-38,36,-30,28,-33,33,-27,28,-20,28,-22,28,-21,22,-18,23,-14,23,-11,21,-8,23,-7,20,-5,20,0,22,4,19,4,18,6,16,7,17,10,22,9,24,15,20,12,21,15,23,11,27,19,29,17,25,13,30,17,27,14,31,14,32,13,30,10,33,10,32,7,31,1,30,0,32,5,32,1,32,-2,31,-4,29,4,27,-4,23,2,24,-2,24,0,21,-1,22,-6,20,-7,21,-9,18,-11,19,0,0,0,0,0,0,0,0,0,0,0,0,0,0,0,0,0,0,0,0,0,0,-2,7,-2,12,-1,10,-3,20,-4,19,-5,18,-8,21,-14,25,-21,29,-18,27,-28,27,-30,31,-37,35,-42,36,-49,25,-50,22,-60,28,-57,15,-61,16,-65,8,-70,10,-79,7,-70,5,-75,2,-76,-3,-81,-5,-77,-11,-80,-17,-72,-16,-80,-18,-69,-16,-77,-18,-74,-24,-71,-19,-74,-26,-71,-22,-66,-25,-74,-25,-69,-25,-73,-26,-70,-29,-71,-26,-70,-24,-71,-20,-67,-22,-66,-19,-73,-21,-76,-24,-71,-23,-73,-21,-71,-25,-83,-28,-82,-36,-68,-30,-72,-39,-77,-40,-73,-35,0,0]"
CSI_DATA,167,1a:00:00:00:00:00,-48,11,1,0,1,1,1,0,0,0,1,-96,0,11,2,2402392,0,44,0,384,0,"[0,0,0,0,0,0,0,0,0,0,0,0,10,2,9,2,8,1,8,2,7,2,6,1,6,1,5,0,5,0,4,0,4,0,4,-1,4,-1,3,-1,3,-1,3,-2,2,-3,2,-2,2,-3,2,-3,2,-3,2,-4,2,-4,1,-5,2,-5,2,-6,0,0,2,-6,2,-5,2,-6,2,-6,2,-6,3,-6,3,-5,3,-5,3,-6,3,-5,4,-5,4,-4,3,-4,3,-4,4,-4,4,-4,3,-3,3,-3,3,-3,3,-3,3,-3,3,-2,3,-2,3,-2,3,-2,3,-2,0,0,0,0,0,0,0,0,0,0,0,0,0,0,73,19,68,19,67,15,56,18,55,19,53,19,50,17,49,20,40,16,39,15,34,10,32,8,30,7,30,5,24,3,24,-2,26,0,21,-1,18,-3,17,-9,16,-12,11,-9,16,-13,15,-13,17,-14,17,-20,17,-20,17,-20,15,-24,16,-30,15,-26,21,-26,22,-27,20,-30,16,-28,24,-23,27,-28,23,-25,26,-24,26,-27,25,-24,27,-21,27,-19,26,-15,29,-17,25,-14,26,-13,24,-15,25,-12,22,-11,24,-9,21,-10,20,-7,19,-8,23,-3,20,-4,22,-1,0,0,0,0,0,0,0,0,0,0,0,0,0,0,0,0,0,0,0,0,0,0,9,-2,9,-4,11,-5,17,-4,18,-2,27,-2,24,-1,28,4,34,7,35,8,41,13,42,18,47,23,42,29,41,35,45,34,50,44,39,46,41,49,37,56,33,61,34,67,29,66,29,75,27,75,28,74,18,75,16,76,14,74,16,82,13,70,10,77,10,76,10,72,3,76,9,70,8,71,8,77,6,73,4,74,2,74,7,73,6,75,5,73,5,71,9,67,8,70,7,75,9,72,8,77,4,79,7,78,2,85,1,79,-4,86,-2,85,-7,75,0,0]"
CSI_DATA,168,1a:00:00:00:00:00,-48,11,1,0,1,1,1,0,0,0,1,-96,0,11,2,2413212,0,44,0,384,0,"[0,0,0,0,0,0,0,0,0,0,0,0,9,-4,9,-4,7,-4,7,-3,6,-2,6,-3,5,-3,4,-3,4,-3,3,-3,4,-3,3,-3,2,-3,2,-3,2,-3,2,-4,1,-4,0,-4,0,-4,0,-4,-1,-4,-1,-4,0,-5,-1,-5,-1,-6,-1,-6,0,0,-1,-7,-1,-6,-1,-6,0,-6,0,-6,0,-6,0,-6,0,-6,1,-6,1,-6,1,-6,1,-6,1,-5,1,-5,2,-4,2,-5,1,-5,2,-4,2,-4,1,-3,2,-4,2,-4,2,-3,2,-3,2,-3,2,-3,0,0,0,0,0,0,0,0,0,0,0,0,0,0,61,-1,69,2,63,-8,59,0,58,1,54,0,50,3,47,4,41,3,31,-1,33,-2,31,-2,29,-1,29,-6,24,-2,22,-7,24,-8,18,-14,16,-9,16,-13,12,-20,13,-15,9,-19,11,-20,11,-21,8,-23,10,-25,6,-28,8,-29,7,-32,9,-27,9,-33,9,-31,11,-33,12,-36,14,-28,14,-34,12,-31,18,-30,13,-30,19,-33,21,-28,17,-26,21,-26,18,-23,22,-20,23,-18,19,-21,19,-21,19,-18,17,-19,20,-14,17,-14,20,-11,17,-9,17,-11,20,-8,0,0,0,0,0,0,0,0,0,0,0,0,0,0,0,0,0,0,0,0,0,0,8,-5,10,-6,10,-9,16,-9,19,-10,28,-4,26,-5,29,0,34,0,39,4,43,7,43,9,51,10,52,19,47,25,52,29,57,34,51,35,45,40,48,46,48,52,48,60,42,58,47,66,42,64,41,65,29,71,34,67,32,70,33,73,27,64,25,72,28,65,24,66,24,73,27,70,21,67,27,74,24,67,24,72,19,66,27,67,25,67,28,67,18,65,26,71,31,66,25,67,30,70,23,75,21,72,30,71,21,75,22,68,17,84,21,78,15,74,0,0]"
CSI_DATA,169,1a:00:00:00:00:00,-47,11,1,0,1,1,1,0,0,0,1,-96,0,11,2,2443313,0,44,0,384,0,"[0,0,0,0,0,0,0,0,0,0,0,0,-4,-10,-4,-8,-5,-9,-4,-8,-4,-8,-3,-6,-3,-6,-3,-5,-3,-5,-4,-4,-3,-4,-4,-3,-4,-3,-5,-3,-4,-2,-5,-2,-5,-1,-5,-1,-5,-1,-5,-1,-6,-1,-6,-1,-6,0,-7,0,-7,0,-7,0,0,0,-7,0,-8,0,-8,-1,-8,0,-8,-1,-8,-2,-8,-2,-7,-2,-7,-2,-7,-2,-8,-2,-7,-3,-6,-3,-6,-3,-6,-3,-5,-3,-5,-3,-5,-3,-5,-3,-4,-3,-4,-3,-4,-4,-4,-3,-4,-3,-3,-4,-3,-3,0,0,0,0,0,0,0,0,0,0,0,0,0,0,-10,-62,-17,-62,-15,-59,-11,-52,-7,-53,-11,-50,-6,-45,-7,-38,-9,-36,-11,-33,-11,-29,-8,-29,-12,-28,-13,-21,-10,-20,-16,-21,-20,-20,-16,-17,-17,-16,-18,-12,-22,-12,-22,-10,-21,-3,-23,-8,-25,-4,-28,-7,-31,-9,-31,-5,-33,-12,-32,-7,-34,-8,-33,-11,-36,-7,-38,-12,-37,-8,-33,-16,-35,-16,-37,-17,-33,-20,-32,-16,-33,-19,-30,-20,-30,-20,-28,-24,-24,-20,-24,-21,-22,-22,-23,-21,-18,-23,-16,-19,-21,-21,-17,-22,-15,-21,-10,-20,-14,-22,-6,-19,-6,-19,0,0,0,0,0,0,0,0,0,0,0,0,0,0,0,0,0,0,0,0,0,0,-8,-12,-10,-13,-9,-17,-11,-21,-6,-24,-7,-28,-4,-29,-3,-35,-2,-42,0,-41,2,-45,4,-50,6,-55,9,-55,18,-54,25,-52,29,-62,33,-56,35,-54,43,-54,45,-52,52,-54,46,-49,56,-53,57,-49,56,-51,59,-44,60,-43,63,-37,64,-39,58,-34,66,-36,64,-35,62,-33,68,-31,61,-33,63,-33,66,-36,56,-30,64,-35,63,-30,60,-33,61,-34,56,-37,57,-32,55,-33,59,-30,60,-33,60,-38,64,-36,63,-37,65,-39,68,-36,62,-31,72,-33,70,-28,67,-31,0,0]"
CSI_DATA,170,1a:00:00:00:00:00,-46,11,1,0,1,1,1,0,0,0,1,-96,0,11,2,2452435,0,44,0,384,0,"[0,0,0,0,0,0,0,0,0,0,0,0,4,7,4,7,4,6,3,6,3,5,3,4,3,4,3,3,3,3,3,3,3,2,3,2,3,2,3,1,3,1,3,0,4,0,3,0,4,0,4,-1,4,0,5,-1,5,-1,5,-1,6,-1,5,-1,0,0,5,-2,6,-1,6,-1,6,-1,6,0,6,0,6,0,6,1,6,0,6,1,6,1,5,1,5,1,4,2,5,1,5,1,4,1,4,1,4,1,3,1,3,2,3,2,3,2,2,2,2,2,2,2,0,0,0,0,0,0,0,0,0,0,0,0,0,0,34,51,31,54,34,44,23,45,31,46,21,40,24,39,22,34,22,29,16,29,20,27,19,21,23,24,20,15,22,16,24,10,22,8,22,8,21,5,24,5,26,0,24,1,24,-6,26,-2,24,-6,30,-6,32,-6,34,-9,31,-8,33,-9,34,-12,37,-7,37,-4,36,-6,35,-7,39,-3,40,-2,40,-2,35,2,36,0,39,3,34,4,36,7,34,6,29,8,31,7,26,9,28,6,23,8,22,9,23,9,19,12,20,9,18,9,16,10,17,12,12,17,0,0,0,0,0,0,0,0,0,0,0,0,0,0,0,0,0,0,0,0,0,0,10,11,10,14,10,15,15,20,12,24,8,25,9,27,10,34,6,37,6,41,4,46,1,48,4,59,-6,56,-14,53,-15,56,-19,62,-24,60,-23,58,-35,61,-36,57,-41,63,-42,59,-45,60,-50,57,-42,61,-52,54,-52,52,-56,48,-57,51,-50,47,-58,48,-55,47,-56,44,-60,46,-53,47,-57,44,-52,48,-54,45,-53,45,-52,44,-50,50,-54,47,-48,48,-47,45,-49,47,-49,48,-48,46,-46,50,-51,53,-48,54,-51,53,-58,47,-52,47,-58,55,-56,50,-51,45,0,0]"
CSI_DATA,171,1a:00:00:00:00:00,-46,11,1,0,1,1,1,0,0,0,1,-96,0,11,2,2472898,0,44,0,384,0,"[0,0,0,0,0,0,0,0,0,0,0,0,-10,0,-9,0,-9,0,-8,-1,-8,0,-7,0,-7,1,-6,1,-6,1,-5,1,-5,2,-5,2,-4,2,-4,2,-4,2,-4,3,-4,3,-3,4,-3,4,-3,4,-3,4,-3,4,-3,5,-4,5,-4,5,-4,6,0,0,-4,6,-4,6,-4,6,-4,6,-4,5,-5,5,-5,5,-5,5,-5,4,-6,4,-6,4,-6,3,-5,3,-5,2,-6,3,-5,2,-5,2,-5,2,-5,1,-5,1,-5,1,-4,1,-5,1,-5,0,-4,0,-4,0,0,0,0,0,0,0,0,0,0,0,0,0,0,0,-65,-11,-59,-11,-58,-10,-52,-11,-52,-8,-48,-11,-43,-8,-43,-4,-38,-3,-36,0,-34,0,-26,0,-30,7,-24,2,-28,4,-26,12,-27,14,-22,13,-23,11,-22,16,-23,20,-14,17,-20,22,-18,20,-19,22,-20,25,-18,24,-18,29,-20,31,-21,30,-23,30,-23,33,-23,29,-28,31,-23,34,-32,29,-28,32,-32,29,-32,24,-29,26,-31,26,-30,21,-32,16,-32,19,-29,15,-27,14,-28,14,-25,13,-28,12,-24,9,-23,8,-27,8,-24,6,-26,5,-25,5,-22,3,-23,-4,0,0,0,0,0,0,0,0,0,0,0,0,0,0,0,0,0,0,0,0,0,0,-18,-1,-19,-1,-17,-4,-26,-6,-26,-10,-33,-13,-30,-12,-30,-17,-37,-16,-36,-24,-41,-29,-42,-36,-45,-35,-38,-45,-32,-50,-31,-52,-40,-57,-32,-56,-29,-65,-23,-66,-22,-67,-15,-77,-18,-73,-17,-74,-10,-79,-13,-78,-6,-74,-4,-76,-3,-73,-5,-80,-1,-67,-1,-81,3,-75,-1,-72,5,-78,1,-74,1,-69,2,-73,0,-68,1,-72,3,-74,-4,-66,-1,-74,-5,-70,-2,-66,-7,-69,-6,-67,-1,-68,-8,-72,-4,-72,-10,-73,-6,-73,0,-79,-6,-70,-2,-82,-1,-77,-1,-70,0,0]"
CSI_DATA,172,1a:00:00:00:00:00,-46,11,1,0,1,1,1,0,0,0,1,-96,0,11,2,2483479,0,44,0,384,0,"[0,0,0,0,0,0,0,0,0,0,0,0,-9,0,-9,0,-8,0,-8,0,-7,0,-6,0,-6,1,-5,1,-5,1,-5,1,-5,2,-4,2,-5,2,-4,2,-4,2,-4,3,-3,3,-3,3,-3,4,-3,4,-3,4,-3,4,-3,5,-3,5,-3,5,-3,5,0,0,-3,6,-4,6,-4,6,-4,6,-4,5,-4,5,-5,5,-5,5,-4,5,-5,4,-6,4,-5,3,-5,3,-5,3,-5,3,-5,3,-5,2,-4,2,-4,2,-4,2,-4,1,-4,1,-4,1,-4,1,-4,0,-4,0,0,0,0,0,0,0,0,0,0,0,0,0,0,0,-61,-6,-56,-11,-58,-6,-51,-4,-53,-5,-43,-5,-44,-6,-44,-2,-35,0,-36,-2,-33,4,-29,3,-29,8,-28,4,-25,7,-24,8,-26,15,-22,14,-24,15,-16,18,-18,23,-20,22,-16,22,-20,23,-17,21,-11,29,-17,29,-19,34,-21,27,-20,32,-20,33,-19,34,-20,31,-25,34,-19,32,-26,29,-24,32,-25,34,-28,27,-26,29,-26,25,-31,25,-28,18,-30,20,-30,16,-29,19,-28,15,-26,12,-24,13,-24,8,-24,11,-23,9,-22,10,-20,8,-19,5,-23,1,-21,0,0,0,0,0,0,0,0,0,0,0,0,0,0,0,0,0,0,0,0,0,0,0,-15,-1,-20,-3,-23,-5,-27,-6,-27,-11,-28,-13,-29,-11,-30,-19,-35,-23,-34,-26,-38,-32,-38,-33,-41,-40,-39,-46,-32,-50,-30,-52,-37,-59,-25,-57,-27,-60,-25,-66,-19,-68,-21,-73,-15,-73,-16,-79,-8,-78,-13,-79,-5,-75,-4,-75,-1,-75,-1,-81,-4,-68,1,-78,1,-74,5,-72,3,-76,-3,-73,1,-67,1,-75,3,-69,0,-72,6,-72,-4,-71,-2,-69,-5,-70,-2,-66,-6,-67,-4,-68,-8,-69,-10,-68,-8,-71,-3,-73,-7,-75,-1,-78,-3,-70,-4,-78,-3,-74,-3,-72,0,0]"
CSI_DATA,173,1a:00:00:00:00:00,-46,11,1,0,1,1,1,0,0,0,1,-96,0,11,2,2495288,0,44,0,384,0,"[0,0,0,0,0,0,0,0,0,0,0,0,7,4,6,4,6,3,6,4,5,3,4,3,5,2,4,1,4,1,4,0,4,1,4,0,4,0,4,-1,4,-1,4,-2,4,-2,4,-2,4,-2,4,-2,4,-2,5,-3,4,-2,5,-3,5,-3,5,-3,0,0,6,-3,6,-3,6,-3,6,-3,6,-2,6,-2,6,-2,6,-1,6,-1,5,-1,6,-1,6,0,5,0,5,0,5,0,5,0,4,0,4,1,4,0,3,0,3,1,3,1,3,1,3,1,2,1,2,1,0,0,0,0,0,0,0,0,0,0,0,0,0,0,48,36,41,37,50,30,40,28,38,28,34,28,37,23,35,25,29,18,32,17,27,11,26,10,27,8,25,10,26,4,27,1,29,3,27,-2,25,-2,25,-5,27,-9,26,-8,27,-13,25,-11,27,-9,27,-12,29,-12,32,-17,31,-15,34,-19,35,-16,35,-15,38,-17,39,-16,37,-14,36,-9,40,-8,36,-6,40,-2,33,-6,37,-4,37,0,36,1,35,2,33,4,30,5,31,7,27,4,23,8,26,7,25,5,24,6,22,6,21,8,20,9,17,12,15,11,0,0,0,0,0,0,0,0,0,0,0,0,0,0,0,0,0,0,0,0,0,0,15,7,18,8,17,9,22,10,22,17,23,22,21,22,24,27,25,30,22,37,25,40,21,43,24,53,19,52,12,54,15,59,11,66,3,65,1,65,-1,66,-10,70,-10,73,-13,70,-15,75,-21,72,-20,73,-21,70,-27,69,-30,70,-29,72,-27,60,-34,67,-34,67,-29,60,-38,67,-29,63,-31,59,-30,68,-28,60,-31,62,-31,59,-26,62,-29,61,-25,61,-28,59,-26,65,-27,61,-27,61,-24,61,-29,63,-27,66,-26,67,-32,63,-32,62,-33,66,-36,63,-32,60,0,0]"
CSI_DATA,174,1a:00:00:00:00:00,-46,11,1,0,1,1,1,0,0,0,1,-96,0,11,2,2502407,0,44,0,384,0,"[0,0,0,0,0,0,0,0,0,0,0,0,8,2,8,1,8,1,7,1,7,1,6,0,6,0,5,0,5,-1,5,-1,5,-1,4,-2,4,-2,4,-2,4,-2,4,-3,4,-4,4,-4,3,-4,4,-4,4,-4,4,-4,4,-5,4,-5,4,-5,5,-5,0,0,5,-5,5,-5,5,-5,5,-5,5,-4,6,-4,6,-4,6,-3,6,-4,6,-3,6,-3,6,-2,5,-2,5,-2,5,-2,5,-2,5,-1,4,-1,4,-1,4,-1,4,0,4,0,3,0,3,0,3,0,3,1,0,0,0,0,0,0,0,0,0,0,0,0,0,0,55,19,55,16,53,12,48,13,45,15,42,15,39,11,41,9,33,6,34,6,30,2,27,3,31,-3,28,-3,27,-5,26,-7,28,-7,27,-11,25,-8,23,-17,22,-17,21,-16,21,-21,23,-21,19,-16,22,-24,25,-24,25,-26,26,-26,29,-27,29,-22,30,-26,28,-28,29,-28,28,-27,32,-22,34,-21,34,-21,37,-18,34,-16,36,-16,34,-16,32,-6,34,-7,29,-8,32,-8,28,-6,29,-6,29,-1,22,-2,27,-1,24,-1,22,-2,21,2,23,2,20,1,19,6,0,0,0,0,0,0,0,0,0,0,0,0,0,0,0,0,0,0,0,0,0,0,15,-1,18,1,22,1,24,2,24,6,28,13,27,11,28,17,36,22,36,24,35,36,33,35,38,40,34,44,28,52,30,53,33,57,26,60,24,62,19,67,15,69,15,72,7,73,10,77,5,80,8,78,-1,74,0,74,-3,73,-3,79,-4,64,-8,77,-10,72,-8,69,-15,75,-9,69,-10,68,-9,73,-11,65,-9,67,-12,64,-5,70,-6,68,-2,66,-8,64,-2,66,-2,66,-7,65,-4,65,-6,73,-6,68,-1,69,-6,71,-7,68,-10,73,-12,66,-10,69,0,0]"
CSI_DATA,175,1a:00:00:00:00:00,-46,11,1,0,1,1,1,0,0,0,1,-96,0,11,2,2522377,0,44,0,384,0,"[0,0,0,0,0,0,0,0,0,0,0,0,-9,-2,-9,-2,-8,-1,-8,-1,-8,-1,-7,-1,-7,0,-6,0,-6,1,-6,1,-6,1,-5,2,-5,1,-5,2,-5,2,-4,3,-4,3,-4,3,-4,3,-4,4,-5,3,-4,4,-4,4,-5,5,-5,5,-5,5,0,0,-5,5,-6,5,-6,5,-6,5,-6,4,-6,4,-6,4,-6,3,-6,3,-7,3,-7,3,-6,2,-6,2,-6,1,-6,1,-6,1,-5,1,-5,1,-5,0,-5,0,-5,0,-4,0,-4,0,-4,-1,-4,-1,-4,-1,0,0,0,0,0,0,0,0,0,0,0,0,0,0,-55,-16,-51,-13,-54,-6,-47,-14,-44,-11,-45,-7,-42,-9,-38,-7,-38,-6,-31,-5,-31,0,-30,0,-30,5,-28,4,-27,5,-26,8,-25,10,-25,10,-26,11,-23,13,-22,18,-19,16,-23,20,-20,21,-21,21,-24,23,-22,24,-22,28,-25,25,-26,28,-24,26,-27,29,-27,22,-32,29,-23,27,-31,19,-34,24,-34,22,-37,19,-31,18,-35,16,-34,15,-32,10,-32,14,-29,9,-32,9,-30,4,-29,7,-25,5,-26,1,-24,0,-24,3,-21,-2,-19,-1,-22,0,-17,-4,-19,-6,0,0,0,0,0,0,0,0,0,0,0,0,0,0,0,0,0,0,0,0,0,0,-18,1,-20,-2,-25,-2,-28,-5,-29,-7,-31,-10,-32,-13,-35,-17,-40,-22,-37,-25,-43,-32,-40,-31,-43,-42,-40,-48,-35,-52,-34,-55,-38,-58,-26,-61,-27,-63,-26,-71,-22,-73,-19,-79,-17,-73,-10,-82,-15,-81,-14,-79,-1,-77,-1,-76,0,-75,4,-83,1,-69,3,-79,10,-77,4,-70,9,-76,4,-71,5,-69,4,-72,5,-66,4,-72,6,-71,-1,-71,7,-67,-1,-69,6,-68,2,-64,0,-68,1,-68,0,-67,2,-71,0,-67,-3,-68,8,-75,6,-65,3,-71,6,-71,8,-68,0,0]"
CSI_DATA,176,1a:00:00:00:00:00,-46,11,1,0,1,1,1,0,0,0,1,-96,0,11,2,2532525,0,44,0,384,0,"[0,0,0,0,0,0,0,0,0,0,0,0,4,-8,4,-7,3,-7,3,-6,3,-6,2,-5,2,-6,1,-5,1,-5,1,-5,0,-5,0,-5,-1,-5,-1,-5,-1,-4,-2,-5,-2,-5,-2,-5,-2,-5,-2,-5,-3,-5,-3,-5,-3,-6,-3,-6,-3,-6,-3,-6,0,0,-3,-6,-3,-7,-3,-7,-3,-7,-2,-7,-2,-7,-2,-7,-1,-6,-1,-7,-1,-7,0,-7,0,-6,0,-6,0,-6,0,-5,0,-5,0,-5,0,-5,0,-4,1,-4,1,-4,1,-4,1,-4,1,-4,1,-3,1,-3,0,0,0,0,0,0,0,0,0,0,0,0,0,0,39,-41,32,-40,33,-42,33,-40,30,-40,28,-37,26,-29,24,-29,18,-29,17,-26,13,-24,12,-27,10,-27,9,-26,7,-27,2,-26,3,-27,-4,-27,-2,-28,-1,-25,-6,-28,-9,-27,-9,-25,-9,-27,-9,-33,-7,-30,-12,-30,-14,-36,-12,-35,-18,-34,-13,-35,-12,-37,-11,-34,-7,-39,-10,-38,-3,-38,-7,-38,-6,-38,-2,-36,-3,-38,-1,-34,2,-35,6,-33,5,-35,6,-30,6,-31,9,-26,8,-25,10,-24,7,-20,7,-24,9,-19,8,-19,11,-17,9,-18,10,-15,12,-14,0,0,0,0,0,0,0,0,0,0,0,0,0,0,0,0,0,0,0,0,0,0,9,-18,8,-19,12,-21,17,-24,18,-23,27,-26,25,-23,32,-26,36,-26,39,-21,45,-23,47,-23,56,-21,60,-15,61,-9,61,-8,73,-5,66,2,67,3,71,10,72,16,76,19,72,20,74,26,75,27,77,25,72,34,70,38,65,36,70,39,58,37,63,41,62,39,60,36,60,42,62,39,58,38,59,39,56,39,60,37,59,40,60,35,60,38,60,30,53,32,58,29,58,33,57,29,61,29,56,35,56,30,61,29,63,40,52,33,60,37,58,35,55,39,0,0]"
CSI_DATA,177,1a:00:00:00:00:00,-46,11,1,0,1,1,1,0,0,0,1,-96,0,11,2,2562396,0,44,0,384,0,"[0,0,0,0,0,0,0,0,0,0,0,0,-2,-8,-2,-7,-3,-7,-2,-7,-2,-6,-2,-5,-3,-5,-3,-4,-3,-4,-3,-3,-3,-4,-3,-3,-4,-3,-4,-3,-4,-2,-4,-2,-5,-2,-4,-2,-5,-1,-5,-1,-5,-2,-6,-2,-5,-2,-6,-1,-6,-2,-6,-2,0,0,-7,-2,-7,-2,-7,-2,-7,-2,-6,-3,-6,-3,-6,-3,-6,-3,-6,-3,-5,-4,-5,-4,-5,-4,-4,-4,-4,-4,-4,-4,-3,-4,-3,-4,-3,-3,-3,-3,-3,-3,-2,-3,-2,-3,-2,-3,-2,-3,-2,-3,-1,-3,0,0,0,0,0,0,0,0,0,0,0,0,0,0,-5,-56,1,-50,-7,-50,-3,-47,-7,-42,-8,-40,-5,-37,-7,-36,-8,-32,-7,-31,-11,-27,-12,-28,-12,-23,-11,-22,-17,-21,-17,-19,-20,-19,-20,-15,-17,-14,-22,-12,-26,-12,-24,-11,-27,-7,-26,-9,-26,-8,-28,-7,-30,-7,-31,-7,-31,-11,-39,-9,-32,-10,-34,-10,-38,-11,-38,-13,-34,-12,-35,-16,-35,-17,-35,-18,-32,-20,-30,-21,-27,-22,-25,-23,-24,-19,-24,-25,-20,-20,-16,-23,-17,-22,-19,-22,-15,-21,-14,-19,-12,-19,-11,-17,-12,-17,-9,-18,-7,-18,-5,-18,-3,-17,0,0,0,0,0,0,0,0,0,0,0,0,0,0,0,0,0,0,0,0,0,0,-6,-18,-5,-25,-4,-23,-1,-30,2,-32,3,-34,6,-35,12,-40,16,-43,17,-43,24,-50,25,-46,28,-54,35,-51,40,-46,41,-49,49,-52,55,-42,53,-45,62,-40,63,-36,71,-36,68,-34,75,-34,75,-31,77,-31,74,-23,78,-17,77,-22,80,-20,65,-14,78,-17,77,-15,71,-12,75,-7,71,-12,67,-12,72,-14,68,-11,69,-15,66,-11,66,-18,70,-15,65,-20,63,-12,65,-13,64,-15,62,-19,62,-17,64,-21,65,-21,62,-20,68,-15,63,-19,68,-20,63,-16,62,-16,0,0]"
CSI_DATA,178,1a:00:00:00:00:00,-47,11,1,0,1,1,1,0,0,0,1,-96,0,11,2,2572681,0,44,0,384,0,"[0,0,0,0,0,0,0,0,0,0,0,0,-6,-5,-6,-4,-6,-3,-6,-4,-5,-3,-5,-3,-5,-2,-4,-2,-5,-2,-4,-1,-5,-1,-4,0,-5,0,-5,0,-4,0,-4,1,-4,1,-4,1,-4,2,-5,2,-4,2,-5,2,-5,2,-6,3,-6,2,-6,3,0,0,-6,3,-6,2,-6,3,-6,3,-7,2,-7,1,-7,1,-6,1,-6,1,-6,0,-6,0,-6,0,-6,-1,-5,-1,-5,-1,-5,-1,-5,-1,-4,-1,-4,-1,-4,-1,-4,-1,-4,-1,-3,-1,-3,-2,-3,-2,-3,-2,0,0,0,0,0,0,0,0,0,0,0,0,0,0,-49,-26,-44,-24,-47,-20,-41,-20,-39,-21,-34,-19,-34,-16,-34,-14,-30,-9,-28,-11,-27,-6,-23,-6,-26,-4,-25,-3,-24,1,-23,3,-24,3,-22,9,-22,5,-23,11,-24,13,-22,11,-22,15,-23,15,-23,16,-24,17,-22,16,-27,19,-30,19,-27,23,-28,20,-28,22,-30,19,-34,18,-28,21,-33,16,-31,17,-32,16,-31,13,-31,12,-33,9,-33,6,-30,-1,-31,3,-27,1,-31,4,-26,-2,-27,-1,-24,-3,-21,-2,-23,-2,-19,-2,-21,-3,-18,-3,-17,-6,-17,-7,-16,-8,0,0,0,0,0,0,0,0,0,0,0,0,0,0,0,0,0,0,0,0,0,0,-20,-5,-23,-7,-21,-9,-26,-11,-28,-17,-28,-23,-29,-22,-32,-27,-34,-32,-31,-36,-31,-45,-31,-45,-34,-53,-28,-54,-20,-60,-20,-62,-21,-67,-13,-70,-12,-72,-10,-71,-4,-76,0,-82,1,-78,6,-82,12,-83,13,-82,21,-78,20,-75,26,-77,22,-81,20,-71,25,-75,24,-76,24,-71,33,-73,26,-71,26,-68,28,-70,25,-63,25,-68,27,-61,25,-66,22,-63,20,-67,21,-59,19,-68,17,-64,18,-61,14,-63,17,-66,20,-66,21,-60,27,-66,21,-61,25,-64,21,-64,26,-59,0,0]"
CSI_DATA,179,1a:00:00:00:00:00,-47,11,1,0,1,1,1,0,0,0,1,-96,0,11,2,2582820,0,44,0,384,0,"[0,0,0,0,0,0,0,0,0,0,0,0,6,-5,6,-5,5,-4,5,-4,4,-4,3,-4,3,-4,3,-4,2,-4,2,-4,2,-5,1,-5,1,-4,0,-4,0,-4,-1,-5,-1,-5,0,-5,-1,-5,-1,-5,-1,-5,-1,-6,-1,-6,-2,-6,-2,-7,-2,-7,0,0,-2,-7,-1,-7,-1,-7,-1,-7,0,-7,0,-7,0,-7,0,-7,1,-7,1,-6,1,-7,2,-6,1,-6,2,-5,2,-5,2,-5,2,-4,1,-4,2,-4,1,-3,2,-3,2,-3,2,-3,2,-3,2,-2,2,-2,0,0,0,0,0,0,0,0,0,0,0,0,0,0,55,-17,47,-17,46,-22,39,-18,40,-17,34,-12,35,-16,33,-14,28,-17,24,-14,22,-13,21,-16,17,-18,18,-16,15,-18,7,-18,13,-21,12,-19,8,-21,6,-23,4,-27,2,-24,-1,-27,4,-23,3,-29,1,-26,-2,-33,-2,-34,2,-35,0,-37,0,-37,3,-36,1,-35,6,-34,4,-38,10,-34,9,-37,11,-34,14,-34,12,-29,16,-31,15,-29,15,-27,17,-25,17,-22,19,-24,15,-18,13,-19,13,-18,14,-17,14,-17,16,-13,13,-14,14,-12,14,-12,12,-7,12,-10,0,0,0,0,0,0,0,0,0,0,0,0,0,0,0,0,0,0,0,0,0,0,15,-16,16,-13,19,-15,25,-12,30,-12,33,-11,34,-9,41,-4,46,-8,49,2,53,0,53,6,62,6,61,15,58,20,65,26,66,24,64,33,59,37,61,44,62,48,62,56,58,56,56,60,55,64,56,64,49,63,47,65,44,67,50,70,42,60,41,67,36,65,36,61,34,71,37,63,31,66,34,63,30,61,33,62,30,63,40,62,31,61,37,54,29,57,30,55,35,56,32,56,37,53,37,56,36,56,37,57,38,58,30,56,35,62,31,55,27,56,0,0]"
CSI_DATA,180,1a:00:00:00:00:00,-47,11,1,0,1,1,1,0,0,0,1,-96,0,11,2,2593246,0,44,0,384,0,"[0,0,0,0,0,0,0,0,0,0,0,0,-3,7,-2,6,-2,6,-2,5,-1,5,-1,5,-1,4,-1,4,0,4,0,3,1,4,1,3,1,3,1,3,1,3,2,3,2,2,2,2,3,2,3,2,3,3,3,3,3,3,4,3,4,3,4,3,0,0,4,4,4,4,4,4,4,4,4,4,3,5,3,5,3,5,3,4,2,5,2,5,1,5,1,4,1,4,1,4,0,4,0,4,0,3,0,3,0,3,0,3,0,2,-1,3,-1,2,-1,2,-1,2,0,0,0,0,0,0,0,0,0,0,0,0,0,0,-23,46,-25,44,-21,41,-20,39,-20,35,-20,35,-16,29,-17,31,-11,26,-7,24,-9,25,-7,21,-1,24,-2,21,2,22,3,22,3,23,6,20,8,20,12,21,16,19,10,17,14,17,15,18,16,18,18,20,21,20,23,21,18,25,22,25,21,26,25,27,23,26,22,27,23,26,19,28,20,30,17,29,14,32,13,30,13,30,7,29,6,30,6,30,5,28,3,31,2,25,5,22,-1,21,1,20,0,21,0,19,0,19,-3,15,-5,20,-6,18,-6,11,0,0,0,0,0,0,0,0,0,0,0,0,0,0,0,0,0,0,0,0,0,0,-5,19,-6,21,-11,20,-14,24,-20,25,-26,23,-25,28,-29,25,-35,30,-41,27,-47,25,-46,26,-57,25,-61,22,-61,15,-66,11,-71,20,-70,6,-74,5,-76,0,-73,-7,-81,-8,-77,-12,-82,-13,-80,-22,-82,-20,-77,-26,-80,-29,-75,-29,-80,-28,-69,-25,-75,-33,-72,-31,-69,-27,-69,-33,-67,-27,-64,-33,-68,-32,-60,-30,-68,-33,-66,-33,-64,-28,-61,-29,-62,-22,-64,-26,-57,-21,-63,-26,-64,-24,-61,-20,-63,-22,-62,-25,-62,-23,-66,-26,-58,-23,-62,-30,-60,-24,-54,-23,0,0]"
CSI_DATA,181,1a:00:00:00:00:00,-47,11,1,0,1,1,1,0,0,0,1,-96,0,11,2,2602600,0,44,0,384,0,"[0,0,0,0,0,0,0,0,0,0,0,0,-6,-6,-5,-5,-5,-5,-5,-5,-4,-4,-4,-4,-4,-3,-4,-2,-4,-2,-4,-2,-4,-2,-4,-1,-4,0,-4,0,-4,0,-4,0,-4,1,-4,1,-4,1,-4,2,-5,1,-5,2,-5,2,-5,2,-5,2,-5,2,0,0,-6,3,-6,2,-6,2,-7,2,-6,1,-7,1,-6,1,-6,1,-6,1,-6,0,-6,0,-5,0,-6,0,-5,-1,-5,-1,-5,-1,-5,-1,-4,-1,-4,-1,-4,-1,-4,-1,-3,-1,-3,-1,-3,-1,-3,-2,-3,-2,0,0,0,0,0,0,0,0,0,0,0,0,0,0,-34,-42,-36,-36,-35,-32,-28,-31,-29,-27,-26,-29,-27,-26,-25,-23,-24,-15,-22,-15,-24,-13,-20,-12,-25,-10,-21,-5,-21,-8,-20,0,-21,1,-21,0,-23,6,-19,8,-23,11,-19,8,-23,13,-22,11,-22,11,-25,15,-23,17,-24,18,-28,18,-27,16,-29,18,-29,19,-30,18,-33,18,-27,17,-33,15,-31,15,-32,13,-33,8,-32,11,-33,8,-33,4,-28,4,-33,3,-28,0,-29,3,-27,-1,-25,-2,-24,-1,-20,-2,-22,-2,-20,-3,-19,-2,-18,-3,-16,-7,-19,-6,-13,-5,0,0,0,0,0,0,0,0,0,0,0,0,0,0,0,0,0,0,0,0,0,0,-15,-13,-14,-18,-16,-22,-17,-26,-12,-25,-12,-33,-16,-33,-9,-41,-10,-46,-5,-46,-2,-52,-2,-53,-3,-64,7,-63,13,-64,13,-67,15,-73,26,-67,28,-68,32,-68,40,-73,39,-73,40,-65,49,-72,52,-69,49,-70,52,-63,55,-62,53,-56,57,-65,49,-52,60,-60,58,-54,52,-54,58,-56,51,-52,50,-49,51,-53,51,-48,51,-55,52,-46,44,-53,45,-53,44,-50,47,-45,38,-51,41,-50,39,-51,39,-54,41,-52,39,-52,40,-53,49,-52,42,-51,44,-56,47,-51,40,-49,0,0]"
CSI_DATA,182,1a:00:00:00:00:00,-47,11,1,0,1,1,1,0,0,0,1,-96,0,11,2,2612349,0,44,0,384,0,"[0,0,0,0,0,0,0,0,0,0,0,0,-7,2,-7,1,-6,2,-6,2,-5,2,-4,2,-4,2,-3,2,-3,2,-3,2,-3,2,-2,3,-2,2,-1,3,-1,3,-1,3,-1,3,0,3,0,3,0,3,0,4,1,4,0,4,1,4,1,5,1,5,0,0,1,5,0,6,1,6,1,6,0,5,0,5,-1,5,-1,5,-1,5,-1,5,-2,5,-2,4,-1,4,-2,4,-2,4,-2,3,-2,3,-2,3,-2,3,-2,2,-2,3,-2,2,-2,2,-2,2,-2,2,-2,1,0,0,0,0,0,0,0,0,0,0,0,0,0,0,-45,20,-49,20,-42,21,-39,17,-36,19,-33,17,-28,16,-29,17,-24,15,-21,14,-21,18,-16,15,-11,14,-14,16,-11,17,-7,22,-7,21,-1,19,-4,17,1,19,3,22,1,21,6,21,6,21,5,22,7,26,13,24,11,28,11,29,15,32,12,28,12,35,11,31,13,36,12,30,6,35,4,36,1,33,2,34,2,30,1,35,-4,30,-2,29,-2,33,-3,26,-9,26,-7,24,-6,24,-6,20,-8,18,-8,18,-5,18,-4,16,-9,15,-6,15,-7,15,-10,10,0,0,0,0,0,0,0,0,0,0,0,0,0,0,0,0,0,0,0,0,0,0,-19,-1,-22,5,-26,2,-31,2,-29,-2,-37,-6,-38,-6,-40,-12,-47,-11,-45,-17,-51,-23,-48,-25,-57,-28,-54,-35,-48,-40,-52,-41,-59,-49,-50,-54,-48,-53,-47,-60,-45,-66,-48,-71,-42,-69,-42,-72,-37,-75,-46,-72,-32,-76,-33,-78,-31,-74,-35,-81,-29,-67,-29,-76,-26,-74,-28,-72,-25,-78,-28,-70,-28,-70,-27,-67,-27,-63,-31,-65,-23,-67,-31,-64,-26,-65,-33,-61,-29,-60,-30,-61,-31,-58,-32,-56,-36,-57,-34,-59,-33,-58,-39,-57,-29,-61,-29,-52,-34,-61,-34,-58,-29,-55,0,0]"
CSI_DATA,183,1a:00:00:00:00:00,-48,11,1,0,1,1,1,0,0,0,1,-96,0,11,2,2652382,0,44,0,384,0,"[0,0,0,0,0,0,0,0,0,0,0,0,-2,-7,-2,-7,-3,-6,-3,-6,-2,-5,-2,-5,-3,-4,-2,-3,-3,-3,-3,-2,-3,-2,-3,-2,-3,-2,-4,-1,-4,-1,-4,0,-4,0,-4,0,-5,1,-5,1,-5,1,-5,1,-5,1,-6,2,-6,2,-6,2,0,0,-6,2,-7,2,-8,1,-7,2,-7,1,-7,1,-7,0,-7,0,-7,0,-7,-1,-7,-1,-6,-1,-6,-1,-6,-1,-5,-2,-5,-2,-5,-2,-4,-2,-4,-2,-4,-1,-4,-2,-4,-2,-3,-2,-3,-2,-3,-2,-3,-2,0,0,0,0,0,0,0,0,0,0,0,0,0,0,1,-26,1,-23,0,-22,1,-21,-1,-20,-1,-18,-2,-16,-1,-13,-4,-12,-3,-12,-4,-10,-3,-10,-5,-11,-4,-9,-6,-6,-8,-5,-8,-5,-8,-3,-7,-4,-10,-2,-10,-3,-10,-2,-12,-2,-11,0,-13,0,-15,3,-15,1,-15,3,-15,2,-18,4,-16,1,-16,1,-19,-1,-19,0,-18,0,-18,-2,-18,-2,-18,-3,-18,-6,-18,-4,-17,-4,-16,-4,-14,-7,-16,-5,-13,-6,-13,-7,-11,-8,-12,-6,-9,-6,-10,-7,-10,-7,-9,-6,-8,-6,-7,-7,-7,-6,-5,-6,-5,-6,0,0,0,0,0,0,0,0,0,0,0,0,0,0,0,0,0,0,0,0,0,0,3,-11,4,-10,4,-11,6,-14,8,-14,11,-14,11,-13,15,-14,16,-15,16,-16,19,-18,19,-17,22,-20,26,-17,29,-14,30,-11,33,-14,34,-12,33,-9,38,-7,37,-6,42,-2,40,-5,41,-5,42,-4,42,-5,41,1,41,1,40,5,41,1,37,2,42,4,38,6,37,6,38,7,36,5,36,3,38,0,34,0,36,1,35,4,36,1,35,2,33,-1,32,-1,30,-1,32,-1,31,-1,30,-3,34,-2,32,-4,31,-5,32,-2,29,-1,32,-4,31,-2,29,0,0,0]"
CSI_DATA,184,1a:00:00:00:00:00,-47,11,1,0,1,1,1,0,0,0,1,-96,0,11,2,2672388,0,44,0,384,0,"[0,0,0,0,0,0,0,0,0,0,0,0,-2,6,-2,6,-1,5,-1,5,-1,4,0,4,0,3,0,3,1,3,1,2,1,2,2,2,2,1,2,1,2,1,3,0,3,0,3,0,4,0,4,-1,4,-1,5,0,5,0,5,-1,5,-1,6,-1,0,0,6,0,6,0,7,0,7,0,6,0,7,1,6,1,6,1,6,1,5,2,6,2,5,2,5,2,4,2,4,2,4,2,3,2,3,2,3,2,3,2,2,2,2,2,2,2,2,1,2,2,1,2,0,0,0,0,0,0,0,0,0,0,0,0,0,0,-18,45,-15,41,-13,38,-13,34,-9,37,-12,30,-6,27,-7,28,-2,22,-2,21,2,17,6,15,6,17,3,15,12,11,13,10,14,8,12,7,18,5,17,6,21,5,20,4,21,0,23,-1,22,0,28,-2,31,0,32,-5,30,-4,35,-4,32,-4,37,-3,32,-2,35,1,36,-3,37,3,36,6,36,3,34,4,35,9,34,6,32,13,30,13,32,14,28,13,24,13,24,12,19,11,21,11,17,12,18,12,17,10,14,10,13,11,13,12,11,12,10,11,0,0,0,0,0,0,0,0,0,0,0,0,0,0,0,0,0,0,0,0,0,0,-19,7,-17,9,-20,6,-27,7,-28,7,-36,4,-34,7,-40,5,-42,6,-47,-1,-48,-3,-52,0,-59,0,-60,-5,-64,-13,-62,-16,-73,-15,-67,-22,-66,-26,-68,-30,-68,-35,-76,-40,-68,-35,-71,-40,-75,-46,-77,-39,-69,-45,-71,-49,-67,-48,-72,-49,-61,-42,-68,-45,-67,-47,-64,-42,-67,-50,-62,-44,-60,-42,-65,-39,-62,-39,-64,-37,-59,-37,-63,-34,-63,-33,-62,-25,-58,-30,-58,-31,-61,-26,-58,-21,-58,-21,-61,-21,-60,-19,-63,-21,-63,-27,-56,-17,-63,-23,-62,-21,-53,-17,0,0]"
CSI_DATA,185,1a:00:00:00:00:00,-47,11,1,0,1,1,1,0,0,0,1,-96,0,11,2,2684841,0,44,0,384,0,"[0,0,0,0,0,0,0,0,0,0,0,0,-3,5,-3,5,-2,4,-2,4,-2,3,-1,3,-1,3,0,3,0,3,1,2,1,2,1,2,2,1,2,1,2,1,3,0,3,0,3,0,3,0,4,0,4,0,4,0,5,0,5,-1,5,-1,5,0,0,0,6,0,6,0,6,0,6,0,6,1,6,1,6,1,5,1,5,1,5,1,5,2,5,2,4,2,4,2,4,2,4,2,4,2,3,2,3,1,3,1,3,2,2,2,2,1,2,2,2,2,1,2,0,0,0,0,0,0,0,0,0,0,0,0,0,0,-32,36,-26,34,-21,35,-25,32,-18,33,-20,28,-14,26,-11,23,-6,21,-5,24,-4,20,-1,18,2,13,3,11,3,12,12,11,11,11,12,11,12,10,18,9,24,2,20,6,24,2,22,4,24,7,27,4,31,5,31,0,33,5,33,1,35,5,34,4,37,6,37,5,37,5,36,9,34,11,36,12,31,15,32,15,31,14,27,17,29,18,28,14,25,13,26,15,21,18,21,14,22,15,16,14,16,13,14,12,15,13,14,13,12,12,10,10,11,15,0,0,0,0,0,0,0,0,0,0,0,0,0,0,0,0,0,0,0,0,0,0,-20,-1,-21,-2,-24,-3,-29,-5,-29,-4,-32,-9,-34,-9,-37,-13,-42,-16,-41,-16,-49,-19,-46,-22,-56,-25,-55,-24,-50,-35,-54,-38,-59,-40,-54,-43,-53,-47,-53,-54,-48,-59,-55,-65,-51,-62,-58,-60,-51,-66,-60,-63,-48,-67,-47,-67,-46,-70,-56,-68,-45,-58,-48,-69,-43,-68,-41,-63,-43,-71,-46,-61,-44,-61,-52,-59,-46,-56,-53,-56,-46,-55,-49,-50,-48,-50,-52,-47,-48,-47,-46,-48,-45,-47,-47,-42,-52,-40,-50,-39,-53,-36,-56,-34,-51,-39,-47,-35,-59,-36,-52,-38,-47,-34,0,0]"
CSI_DATA,186,1a:00:00:00:00:00,-47,11,1,0,1,1,1,0,0,0,1,-96,0,11,2,2692448,0,44,0,384,0,"[0,0,0,0,0,0,0,0,0,0,0,0,6,1,6,1,5,0,5,0,4,0,4,-1,3,-1,3,-2,2,-2,2,-2,2,-3,1,-3,1,-3,1,-3,0,-4,0,-4,-1,-4,-1,-4,-1,-5,-1,-6,-1,-5,-1,-6,-1,-6,-2,-7,-2,-7,-2,-7,0,0,-2,-8,-1,-8,-1,-8,-2,-8,-1,-8,0,-8,0,-8,0,-7,0,-7,1,-7,1,-7,1,-6,1,-6,1,-6,1,-6,1,-6,1,-5,1,-5,1,-4,1,-4,1,-4,1,-4,1,-4,1,-3,2,-3,2,-3,0,0,0,0,0,0,0,0,0,0,0,0,0,0,45,0,44,2,41,-1,38,0,35,0,29,-1,26,-4,26,-3,21,-7,19,-8,15,-8,12,-7,8,-10,8,-11,6,-14,2,-15,0,-14,0,-17,-2,-17,-6,-19,-6,-21,-7,-21,-7,-21,-13,-23,-12,-24,-15,-27,-13,-29,-19,-30,-19,-34,-17,-31,-16,-31,-18,-31,-14,-33,-20,-37,-20,-33,-12,-36,-14,-37,-11,-37,-11,-40,-11,-34,-13,-34,-4,-34,-6,-34,-1,-36,-3,-29,-3,-29,-2,-27,-1,-28,3,-25,1,-23,3,-22,1,-21,2,-19,3,-19,2,-19,4,-19,7,-18,0,0,0,0,0,0,0,0,0,0,0,0,0,0,0,0,0,0,0,0,0,0,7,16,7,21,7,19,11,26,8,26,6,32,9,33,7,37,11,45,4,44,3,49,2,51,4,58,-2,61,-10,58,-7,65,-6,73,-15,65,-17,74,-15,74,-24,77,-22,82,-27,75,-29,80,-38,81,-28,82,-38,76,-37,73,-35,76,-34,83,-30,66,-39,75,-34,73,-27,69,-33,71,-26,70,-33,69,-29,70,-27,68,-25,69,-24,68,-19,68,-19,70,-11,67,-13,62,-12,68,-10,65,-8,61,-3,65,-7,63,-10,63,-3,64,-6,65,-6,60,-5,64,-2,64,1,54,0,0]"
CSI_DATA,187,1a:00:00:00:00:00,-47,11,1,0,1,1,1,0,0,0,1,-96,0,11,2,2702383,0,44,0,384,0,"[0,0,0,0,0,0,0,0,0,0,0,0,-7,-3,-6,-2,-6,-2,-5,-2,-5,-1,-4,-1,-4,0,-3,0,-3,1,-3,1,-3,1,-2,2,-2,2,-2,2,-2,2,-1,3,-1,3,-1,3,-1,4,0,4,0,5,0,5,0,5,0,6,0,6,0,6,0,0,0,7,0,7,0,7,0,7,-1,7,-1,7,-2,7,-2,6,-2,6,-2,6,-2,6,-2,5,-2,5,-3,5,-3,5,-3,4,-3,4,-2,4,-3,3,-3,3,-3,3,-3,3,-3,2,-3,2,-3,2,-3,2,0,0,0,0,0,0,0,0,0,0,0,0,0,0,-40,-24,-37,-22,-40,-18,-35,-16,-31,-15,-30,-13,-26,-10,-28,-9,-20,-5,-22,-4,-15,-4,-15,1,-12,2,-15,6,-13,6,-11,12,-10,14,-8,14,-9,16,-8,19,-4,21,-4,22,-3,22,-2,25,-2,28,-1,31,2,31,1,31,0,36,-1,36,0,36,0,35,-1,36,-1,42,3,37,-9,39,-6,38,-6,42,-11,37,-10,37,-10,33,-11,32,-12,33,-10,32,-16,29,-14,28,-12,27,-11,26,-11,21,-13,21,-10,20,-11,19,-11,19,-13,15,-14,14,-16,11,-13,10,0,0,0,0,0,0,0,0,0,0,0,0,0,0,0,0,0,0,0,0,0,0,-4,-22,0,-19,0,-22,-1,-27,3,-27,4,-33,5,-33,8,-37,10,-45,14,-47,17,-47,17,-48,20,-58,23,-56,31,-54,33,-57,39,-67,42,-61,40,-60,48,-61,47,-60,56,-66,53,-55,59,-62,64,-59,61,-65,63,-55,63,-54,61,-50,63,-57,55,-50,61,-53,63,-52,57,-49,64,-54,56,-54,55,-51,56,-52,49,-50,54,-53,51,-53,47,-56,45,-53,38,-54,39,-51,40,-48,38,-54,33,-53,34,-56,35,-56,32,-55,27,-52,36,-58,26,-52,32,-59,29,-53,28,-52,0,0]"
CSI_DATA,188,1a:00:00:00:00:00,-47,11,1,0,1,1,1,0,0,0,1,-96,0,11,2,2712780,0,44,0,384,0,"[0,0,0,0,0,0,0,0,0,0,0,0,3,-6,2,-6,1,-6,1,-5,0,-4,0,-4,0,-4,-1,-4,-2,-3,-2,-3,-2,-3,-3,-2,-3,-2,-3,-2,-4,-2,-4,-1,-4,-1,-5,-1,-5,-1,-5,0,-5,-1,-6,0,-6,-1,-7,0,-7,0,-7,-1,0,0,-8,0,-8,0,-8,0,-8,-1,-8,-1,-8,-1,-8,-2,-7,-2,-7,-2,-7,-2,-7,-3,-6,-3,-6,-2,-6,-3,-6,-3,-6,-3,-5,-3,-5,-3,-4,-3,-4,-3,-4,-3,-4,-3,-3,-3,-3,-2,-3,-3,-3,-3,0,0,0,0,0,0,0,0,0,0,0,0,0,0,30,-37,26,-37,21,-33,20,-33,16,-27,14,-26,10,-27,8,-21,5,-18,2,-22,-1,-16,-4,-14,-7,-16,-4,-12,-6,-13,-12,-12,-13,-10,-14,-8,-16,-9,-20,-5,-22,-4,-26,-2,-22,-1,-29,-2,-28,-4,-30,0,-32,0,-30,1,-38,-3,-41,0,-40,-2,-42,-1,-42,-1,-41,0,-38,1,-38,-4,-39,-7,-42,-7,-39,-8,-38,-7,-36,-11,-35,-14,-34,-14,-31,-13,-33,-16,-30,-12,-26,-14,-23,-11,-27,-16,-20,-14,-19,-12,-20,-10,-20,-10,-17,-12,-15,-12,-13,-11,-11,-13,0,0,0,0,0,0,0,0,0,0,0,0,0,0,0,0,0,0,0,0,0,0,18,5,21,6,20,9,25,10,26,10,29,13,32,15,33,19,37,18,36,22,43,30,46,28,53,34,48,39,45,46,46,44,56,51,45,52,48,54,48,58,51,65,47,68,42,67,48,72,46,75,48,69,42,73,43,74,43,71,47,75,36,63,43,75,39,69,39,65,41,71,42,63,38,64,44,64,40,59,44,60,42,60,46,55,50,54,47,47,46,52,46,46,47,44,50,40,48,40,48,39,51,39,50,36,52,42,48,31,53,38,49,37,47,29,0,0]"
CSI_DATA,189,1a:00:00:00:00:00,-47,11,1,0,1,1,1,0,0,0,1,-96,0,11,2,2723188,0,44,0,384,0,"[0,0,0,0,0,0,0,0,0,0,0,0,3,4,3,3,3,3,2,2,2,2,2,1,2,1,2,0,2,0,2,-1,2,-1,2,-2,2,-2,2,-3,2,-3,1,-3,1,-4,1,-4,1,-4,1,-5,1,-5,1,-6,1,-5,1,-6,1,-6,1,-6,0,0,1,-7,2,-7,2,-7,2,-7,3,-6,3,-6,3,-6,3,-6,3,-6,3,-6,3,-6,3,-5,3,-5,3,-4,3,-4,3,-4,3,-4,2,-4,2,-3,2,-3,2,-3,2,-3,2,-3,2,-3,2,-2,2,-2,0,0,0,0,0,0,0,0,0,0,0,0,0,0,14,43,12,39,11,36,10,30,12,30,9,24,10,26,14,22,11,16,12,12,14,11,11,6,14,4,12,3,12,0,13,-2,15,-9,14,-13,14,-12,15,-13,16,-15,15,-18,12,-20,13,-22,15,-21,17,-25,16,-26,18,-29,21,-32,18,-30,18,-29,20,-30,22,-34,24,-32,21,-37,25,-29,25,-29,22,-32,29,-25,28,-26,26,-26,27,-22,26,-24,28,-20,25,-18,27,-17,23,-15,23,-17,19,-13,17,-11,20,-13,18,-12,18,-10,19,-8,18,-7,15,-7,16,-4,0,0,0,0,0,0,0,0,0,0,0,0,0,0,0,0,0,0,0,0,0,0,-15,8,-19,9,-19,12,-23,15,-26,13,-32,10,-32,14,-34,14,-39,17,-42,17,-49,16,-50,18,-59,22,-61,16,-57,8,-64,9,-71,12,-71,5,-69,5,-75,2,-76,-6,-82,-2,-79,-3,-86,-1,-82,-7,-86,-6,-86,-14,-80,-11,-80,-10,-82,-10,-74,-8,-79,-14,-79,-11,-76,-6,-78,-12,-76,-5,-71,-4,-73,-4,-70,0,-73,2,-70,-2,-69,6,-66,5,-69,9,-63,7,-62,15,-62,12,-61,10,-61,16,-64,18,-60,17,-59,19,-61,19,-56,14,-62,22,-55,19,-55,18,0,0]"
CSI_DATA,190,1a:00:00:00:00:00,-47,11,1,0,1,1,1,0,0,0,1,-96,0,11,2,2732672,0,44,0,384,0,"[0,0,0,0,0,0,0,0,0,0,0,0,5,-2,4,-2,4,-2,4,-2,2,-2,2,-2,1,-2,1,-2,1,-3,0,-3,0,-3,-1,-3,-1,-3,-2,-3,-2,-3,-3,-4,-3,-3,-3,-4,-4,-4,-3,-4,-4,-4,-4,-4,-4,-4,-5,-4,-5,-4,-5,-5,0,0,-6,-5,-5,-5,-5,-6,-5,-5,-5,-6,-5,-6,-4,-6,-4,-6,-4,-6,-4,-6,-4,-6,-3,-6,-3,-5,-3,-5,-2,-5,-2,-5,-2,-5,-2,-4,-2,-4,-2,-4,-1,-4,-1,-4,-1,-4,-1,-4,-1,-4,-1,-3,0,0,0,0,0,0,0,0,0,0,0,0,0,0,40,3,43,3,40,2,35,3,33,0,30,1,24,-3,19,-5,19,-3,16,-6,15,-10,11,-9,8,-13,8,-9,3,-16,0,-16,1,-19,-2,-19,-3,-18,-9,-20,-9,-24,-9,-20,-10,-23,-14,-23,-12,-24,-17,-25,-16,-27,-22,-28,-18,-30,-22,-33,-22,-33,-21,-34,-19,-34,-21,-37,-21,-33,-17,-35,-14,-39,-15,-35,-9,-38,-13,-38,-9,-40,-9,-37,-5,-34,-8,-36,-2,-32,-7,-29,-4,-28,-4,-28,0,-26,-1,-23,-2,-24,0,-20,-2,-22,1,-20,1,-19,3,-16,4,-17,0,0,0,0,0,0,0,0,0,0,0,0,0,0,0,0,0,0,0,0,0,0,4,18,4,21,2,21,5,25,5,26,0,30,-2,30,2,37,0,41,-2,44,-2,50,-3,52,-1,60,-9,62,-15,57,-17,62,-17,70,-20,66,-22,67,-26,67,-32,69,-33,75,-31,69,-36,74,-39,75,-34,76,-41,70,-40,72,-41,69,-41,74,-36,66,-44,70,-42,66,-34,66,-41,68,-34,66,-36,65,-32,67,-30,63,-27,67,-29,64,-21,64,-26,64,-17,64,-21,64,-12,63,-15,61,-12,59,-9,62,-9,61,-7,59,-5,63,-10,64,-6,58,-7,59,-7,59,-7,54,0,0]"
CSI_DATA,191,1a:00:00:00:00:00,-47,11,1,0,1,1,1,0,0,0,1,-96,0,11,2,2742515,0,44,0,384,0,"[0,0,0,0,0,0,0,0,0,0,0,0,3,5,3,4,3,3,3,3,3,2,3,2,2,1,2,0,2,0,2,-1,2,-1,2,-2,2,-2,2,-3,2,-3,2,-4,1,-5,2,-4,1,-5,1,-5,2,-6,1,-6,2,-6,2,-7,2,-7,2,-7,0,0,2,-8,2,-8,2,-8,2,-8,3,-8,3,-7,3,-7,4,-7,3,-7,3,-6,4,-7,4,-6,4,-5,4,-5,4,-5,3,-5,3,-4,3,-4,3,-4,3,-4,3,-3,3,-3,3,-3,3,-2,3,-2,2,-2,0,0,0,0,0,0,0,0,0,0,0,0,0,0,11,18,10,15,11,13,10,13,10,13,9,11,11,8,9,7,7,5,6,5,8,1,7,2,6,0,7,-2,6,-3,5,-5,6,-6,5,-5,6,-7,5,-9,4,-13,5,-11,4,-14,2,-13,4,-14,4,-14,6,-16,5,-19,5,-17,6,-19,7,-17,6,-19,8,-18,7,-21,7,-20,10,-19,8,-19,7,-19,10,-17,8,-19,9,-15,12,-14,11,-14,11,-14,10,-12,11,-13,10,-10,10,-10,10,-9,8,-9,8,-9,8,-8,7,-7,9,-6,8,-6,7,-6,8,-5,0,0,0,0,0,0,0,0,0,0,0,0,0,0,0,0,0,0,0,0,0,0,-7,6,-6,7,-7,9,-7,11,-9,11,-12,10,-13,12,-14,13,-16,15,-18,14,-21,14,-21,16,-24,18,-26,15,-27,14,-30,16,-31,18,-33,14,-34,14,-35,14,-37,12,-38,14,-39,12,-43,12,-43,10,-41,12,-39,6,-40,9,-42,8,-42,10,-37,8,-43,8,-39,7,-36,10,-40,9,-36,9,-37,9,-37,11,-35,10,-34,12,-34,11,-32,15,-32,11,-31,13,-29,12,-28,13,-28,14,-27,16,-25,16,-26,17,-27,18,-26,18,-26,18,-23,17,-27,17,-24,17,-22,15,0,0]"
CSI_DATA,192,1a:00:00:00:00:00,-46,11,1,0,1,1,1,0,0,0,1,-96,0,11,2,2754692,0,44,0,384,0,"[0,0,0,0,0,0,0,0,0,0,0,0,4,3,3,2,4,2,3,1,3,1,2,0,2,0,2,-1,2,-1,2,-2,2,-2,1,-2,1,-3,1,-3,1,-3,0,-4,0,-4,0,-4,0,-5,0,-5,0,-5,0,-6,0,-6,-1,-6,0,-7,0,-7,0,0,-1,-7,0,-7,0,-8,0,-7,0,-7,1,-8,1,-7,1,-7,1,-7,1,-7,1,-7,1,-6,1,-6,1,-5,1,-5,1,-5,1,-5,1,-5,1,-4,1,-4,1,-4,1,-4,1,-3,1,-4,1,-3,1,-3,0,0,0,0,0,0,0,0,0,0,0,0,0,0,28,33,26,25,29,29,26,24,25,20,20,18,17,16,21,13,16,10,20,5,17,1,14,-2,14,-5,11,-6,11,-9,9,-14,6,-16,6,-16,7,-17,5,-17,4,-26,5,-25,3,-27,2,-29,4,-29,0,-31,3,-31,0,-38,2,-38,0,-39,3,-38,0,-41,2,-39,5,-43,1,-40,8,-41,5,-41,9,-41,14,-40,9,-39,11,-34,13,-35,15,-33,15,-34,12,-31,13,-31,15,-30,11,-28,13,-24,10,-21,11,-23,11,-17,10,-21,12,-16,11,-18,12,-17,11,-13,0,0,0,0,0,0,0,0,0,0,0,0,0,0,0,0,0,0,0,0,0,0,-15,14,-18,12,-17,14,-23,19,-24,18,-29,21,-28,20,-31,18,-37,26,-37,21,-41,24,-47,27,-53,30,-54,31,-61,24,-59,24,-70,32,-66,21,-70,23,-73,20,-75,16,-83,20,-77,17,-85,18,-83,14,-85,22,-83,15,-86,14,-81,12,-88,17,-69,13,-66,6,-96,48,-72,34,-73,18,-71,22,-68,17,-74,21,-70,20,-70,21,-70,25,-62,27,-63,28,-56,30,-59,29,-51,27,-55,32,-53,34,-50,32,-52,37,-48,35,-50,45,-51,39,-41,32,-52,45,-45,39,-40,35,0,0]"
CSI_DATA,193,1a:00:00:00:00:00,-46,11,1,0,1,1,1,0,0,0,1,-96,0,11,2,2762572,0,44,0,384,0,"[0,0,0,0,0,0,0,0,0,0,0,0,4,-5,3,-5,3,-4,2,-4,1,-4,1,-4,0,-3,0,-3,-1,-3,-1,-3,-2,-3,-3,-3,-3,-2,-3,-2,-4,-2,-4,-2,-5,-2,-5,-2,-5,-2,-5,-1,-6,-2,-6,-2,-6,-1,-7,-1,-7,-1,-8,-2,0,0,-8,-1,-9,-2,-9,-2,-8,-2,-8,-2,-8,-3,-8,-3,-7,-3,-7,-3,-7,-3,-7,-3,-7,-3,-6,-3,-6,-3,-5,-3,-6,-3,-5,-3,-5,-3,-4,-3,-4,-3,-4,-3,-4,-3,-3,-3,-4,-3,-3,-3,-3,-3,0,0,0,0,0,0,0,0,0,0,0,0,0,0,21,-8,18,-7,17,-9,17,-7,15,-7,13,-7,10,-7,9,-8,6,-7,6,-7,4,-6,3,-7,1,-7,1,-8,-1,-7,-3,-7,-6,-8,-6,-8,-8,-8,-9,-7,-11,-8,-10,-6,-13,-7,-12,-7,-13,-8,-15,-7,-16,-8,-17,-7,-17,-8,-18,-9,-18,-9,-21,-9,-18,-8,-20,-11,-20,-8,-19,-12,-17,-11,-17,-12,-15,-13,-17,-12,-17,-13,-16,-13,-13,-14,-14,-13,-12,-12,-11,-12,-10,-14,-10,-12,-9,-11,-9,-9,-9,-8,-7,-10,-6,-9,-5,-11,-6,-10,-6,-8,-5,-9,0,0,0,0,0,0,0,0,0,0,0,0,0,0,0,0,0,0,0,0,0,0,3,9,4,9,4,10,5,13,5,13,4,15,3,16,4,17,6,22,4,20,5,25,6,26,7,29,5,31,0,32,1,32,2,38,0,35,-2,36,-4,37,-6,38,-7,41,-7,38,-7,43,-6,43,-3,45,-8,40,-8,41,-9,39,-9,43,-7,37,-8,42,-9,39,-8,37,-9,38,-5,37,-5,34,-3,39,-2,33,0,37,-2,36,1,36,3,35,5,32,4,30,5,33,7,30,6,29,7,31,7,30,10,30,10,30,9,33,10,26,11,29,10,28,10,27,0,0]"
CSI_DATA,194,1a:00:00:00:00:00,-46,11,1,0,1,1,1,0,0,0,1,-96,0,11,2,2772399,0,44,0,384,0,"[0,0,0,0,0,0,0,0,0,0,0,0,5,-1,4,-2,4,-2,3,-2,2,-2,2,-2,2,-2,1,-2,0,-3,0,-3,0,-3,-1,-3,-1,-3,-1,-3,-2,-3,-3,-4,-3,-4,-3,-4,-4,-4,-4,-4,-4,-4,-4,-4,-4,-5,-5,-4,-5,-5,-5,-5,0,0,-6,-5,-5,-5,-5,-6,-6,-5,-5,-6,-5,-6,-5,-6,-4,-6,-4,-6,-4,-6,-4,-6,-3,-6,-3,-5,-3,-5,-3,-5,-3,-5,-2,-5,-2,-4,-2,-4,-2,-4,-2,-4,-2,-4,-1,-4,-1,-4,-1,-4,-1,-4,0,0,0,0,0,0,0,0,0,0,0,0,0,0,44,8,38,8,38,4,34,4,34,0,28,2,22,2,21,-4,22,-5,17,-7,11,-11,9,-10,7,-13,6,-12,2,-12,-1,-12,-2,-17,-5,-19,-8,-19,-9,-18,-10,-23,-13,-24,-14,-24,-14,-26,-14,-25,-16,-29,-21,-28,-20,-28,-20,-33,-26,-34,-22,-31,-22,-34,-21,-34,-23,-38,-23,-34,-18,-40,-19,-39,-21,-38,-15,-41,-14,-36,-14,-38,-12,-36,-12,-36,-9,-37,-7,-34,-8,-29,-5,-32,-6,-27,-6,-27,-5,-25,-6,-25,-1,-24,-4,-21,-1,-21,-1,-23,0,-20,1,-18,0,0,0,0,0,0,0,0,0,0,0,0,0,0,0,0,0,0,0,0,0,0,-3,22,-3,21,-3,22,-4,27,-6,27,-6,35,-5,33,-9,37,-11,40,-13,44,-16,47,-17,50,-19,58,-27,56,-30,59,-30,58,-32,66,-36,57,-37,63,-39,63,-45,62,-50,68,-44,62,-53,68,-55,68,-50,71,-56,63,-56,62,-53,62,-53,70,-45,56,-54,66,-50,59,-47,63,-53,59,-45,61,-41,58,-40,62,-37,59,-37,62,-41,60,-29,61,-32,61,-25,60,-26,60,-21,58,-17,60,-20,60,-18,60,-13,62,-13,61,-11,62,-15,64,-13,58,-13,64,-11,60,-10,53,0,0]"
CSI_DATA,195,1a:00:00:00:00:00,-46,11,1,0,1,1,1,0,0,0,1,-96,0,11,2,2782482,0,44,0,384,0,"[0,0,0,0,0,0,0,0,0,0,0,0,5,1,5,1,4,0,4,0,3,0,3,-1,2,-1,2,-2,1,-2,1,-3,1,-3,0,-3,0,-4,-1,-4,-1,-4,-1,-5,-2,-5,-2,-5,-2,-5,-2,-6,-3,-6,-3,-6,-3,-6,-3,-7,-3,-7,-4,-7,0,0,-4,-8,-3,-8,-3,-8,-4,-8,-2,-8,-3,-8,-2,-8,-2,-8,-2,-8,-2,-8,-1,-8,-1,-7,-1,-7,-1,-6,-1,-6,-1,-6,0,-6,-1,-5,-1,-5,-1,-5,0,-5,0,-5,0,-4,0,-4,0,-4,0,-4,0,0,0,0,0,0,0,0,0,0,0,0,0,0,37,27,33,22,32,15,29,17,32,17,25,15,24,7,21,9,19,0,18,-1,15,-1,12,-3,11,-7,8,-10,8,-9,5,-14,8,-18,0,-20,5,-20,0,-23,-4,-25,-2,-26,-4,-29,-5,-29,-2,-32,-4,-35,-7,-33,-8,-37,-5,-37,-9,-42,-6,-38,-6,-41,-5,-41,-6,-45,-8,-39,1,-43,-1,-44,1,-44,7,-41,1,-42,5,-40,6,-38,9,-35,7,-39,9,-30,9,-33,9,-26,4,-32,9,-29,5,-26,7,-23,10,-24,5,-19,8,-21,10,-19,6,-18,11,-15,0,0,0,0,0,0,0,0,0,0,0,0,0,0,0,0,0,0,0,0,0,0,-8,18,-9,18,-12,20,-15,26,-17,26,-18,27,-21,30,-22,29,-26,36,-28,37,-32,40,-31,37,-38,49,-44,47,-46,42,-46,46,-53,50,-56,48,-56,44,-59,43,-65,40,-73,45,-67,43,-68,48,-73,43,-71,49,-74,39,-69,38,-74,36,-71,41,-63,38,-72,39,-71,39,-64,39,-73,38,-62,38,-60,39,-61,42,-53,41,-58,45,-54,40,-55,49,-51,44,-43,48,-39,47,-45,43,-42,49,-41,47,-36,46,-38,52,-39,54,-33,53,-39,52,-30,49,-36,53,-32,49,-29,47,0,0]"
CSI_DATA,196,1a:00:00:00:00:00,-46,11,1,0,1,1,1,0,0,0,1,-96,0,11,2,2792695,0,44,0,384,0,"[0,0,0,0,0,0,0,0,0,0,0,0,-5,-4,-4,-3,-4,-3,-4,-2,-3,-2,-3,-1,-3,-1,-2,0,-2,0,-2,1,-2,1,-2,2,-2,2,-2,3,-2,3,-1,3,-1,3,-1,4,0,4,-1,4,-1,5,0,5,0,5,0,6,-1,6,0,6,0,0,0,7,-1,7,-1,7,-1,7,-2,7,-2,7,-2,6,-2,6,-2,6,-2,6,-3,6,-3,5,-3,5,-3,5,-3,4,-3,4,-2,4,-2,4,-2,3,-2,3,-2,3,-2,3,-2,2,-2,2,-3,2,-3,2,0,0,0,0,0,0,0,0,0,0,0,0,0,0,-28,-32,-24,-30,-30,-26,-25,-25,-23,-23,-19,-20,-22,-17,-21,-11,-15,-8,-14,-4,-16,-3,-11,3,-13,6,-11,5,-11,7,-10,12,-11,16,-8,19,-11,20,-7,22,-3,25,-5,26,-7,31,-6,31,-6,31,-4,33,0,35,-1,38,-2,38,-2,41,-4,38,-4,38,-3,40,-7,44,-4,46,-11,41,-10,41,-10,42,-13,40,-14,36,-14,35,-15,36,-13,34,-15,32,-18,29,-16,31,-15,27,-16,26,-17,24,-15,21,-13,22,-13,18,-13,21,-13,19,-14,15,-12,18,-14,12,0,0,0,0,0,0,0,0,0,0,0,0,0,0,0,0,0,0,0,0,0,0,15,-14,16,-15,19,-14,21,-18,20,-16,28,-21,29,-21,30,-20,36,-25,37,-24,42,-26,44,-28,50,-32,55,-26,55,-23,59,-25,65,-30,67,-25,70,-24,74,-21,75,-20,77,-20,77,-21,83,-22,82,-19,79,-24,78,-14,78,-16,79,-12,85,-16,72,-11,82,-16,79,-12,69,-17,81,-14,71,-20,67,-19,71,-24,62,-23,69,-27,62,-22,64,-30,59,-26,56,-33,53,-32,52,-30,54,-33,51,-37,50,-38,47,-39,49,-40,49,-43,51,-41,44,-36,48,-45,46,-38,39,-36,0,0]"
CSI_DATA,197,1a:00:00:00:00:00,-46,11,1,0,1,1,1,0,0,0,1,-96,0,11,2,2802392,0,44,0,384,0,"[0,0,0,0,0,0,0,0,0,0,0,0,1,5,1,4,1,3,1,2,1,2,1,2,1,1,1,1,1,0,2,-1,2,-1,2,-2,2,-2,2,-2,2,-3,2,-3,3,-3,2,-4,2,-4,3,-5,3,-5,3,-5,3,-5,3,-6,3,-6,4,-6,0,0,4,-6,4,-7,4,-7,4,-6,4,-6,5,-6,4,-5,5,-5,4,-5,5,-5,5,-4,4,-4,4,-4,4,-3,4,-3,4,-4,4,-3,3,-3,3,-3,3,-3,3,-2,3,-2,3,-2,3,-2,3,-2,2,-1,0,0,0,0,0,0,0,0,0,0,0,0,0,0,15,41,14,39,15,34,12,29,11,29,14,22,12,18,14,15,13,12,14,9,12,6,12,3,11,0,14,-5,16,-5,13,-11,16,-15,13,-14,13,-16,16,-19,15,-26,13,-23,15,-26,14,-26,12,-26,12,-33,18,-29,16,-36,17,-35,22,-40,20,-39,25,-39,24,-38,25,-38,21,-39,25,-35,23,-35,24,-33,28,-32,25,-31,27,-30,26,-27,27,-23,26,-25,27,-23,25,-25,25,-20,23,-20,19,-16,21,-16,22,-14,21,-11,19,-14,18,-11,17,-11,18,-9,19,-9,0,0,0,0,0,0,0,0,0,0,0,0,0,0,0,0,0,0,0,0,0,0,-19,9,-21,7,-23,9,-26,12,-27,8,-33,7,-31,9,-38,11,-44,13,-43,11,-49,9,-51,11,-60,12,-60,12,-63,6,-67,7,-73,7,-72,2,-69,0,-73,0,-79,-6,-84,-8,-77,-7,-85,-9,-82,-10,-85,-6,-84,-15,-84,-17,-78,-14,-83,-8,-71,-11,-78,-12,-76,-13,-72,-8,-79,-9,-72,-2,-71,-6,-71,-1,-65,0,-73,0,-68,-2,-67,10,-65,4,-64,11,-60,6,-57,12,-59,13,-59,16,-58,17,-58,15,-60,17,-59,21,-60,18,-52,21,-58,19,-55,22,-47,19,0,0]"
CSI_DATA,198,1a:00:00:00:00:00,-46,11,1,0,1,1,1,0,0,0,1,-96,0,11,2,2812458,0,44,0,384,0,"[0,0,0,0,0,0,0,0,0,0,0,0,1,4,1,4,1,3,1,3,1,2,1,1,1,1,2,0,2,0,2,-1,2,-1,2,-2,2,-2,2,-2,2,-3,3,-3,2,-4,3,-4,3,-5,3,-5,3,-5,3,-6,4,-5,3,-6,4,-6,4,-6,0,0,4,-6,5,-6,5,-7,4,-7,5,-6,5,-6,5,-5,5,-5,4,-5,5,-5,5,-5,5,-4,4,-4,4,-4,4,-3,4,-3,4,-3,3,-3,3,-3,3,-2,3,-2,3,-2,3,-2,3,-2,3,-2,3,-1,0,0,0,0,0,0,0,0,0,0,0,0,0,0,-3,40,-5,38,2,35,0,29,3,29,2,27,2,21,7,19,8,12,6,11,11,7,7,6,13,3,14,2,14,-1,17,-6,16,-6,18,-8,21,-13,21,-12,21,-16,22,-16,23,-19,26,-20,24,-20,27,-21,27,-22,29,-27,30,-24,32,-31,34,-29,37,-24,32,-25,38,-27,32,-25,39,-24,37,-22,39,-25,39,-18,34,-19,36,-17,38,-12,36,-13,38,-13,33,-9,32,-12,30,-6,29,-8,25,-8,24,-7,26,-6,21,-3,23,-5,21,-2,20,-1,17,0,19,-2,0,0,0,0,0,0,0,0,0,0,0,0,0,0,0,0,0,0,0,0,0,0,-20,-3,-22,-6,-23,-4,-27,-2,-27,-3,-34,-4,-35,-5,-38,-8,-45,-5,-43,-8,-47,-13,-53,-12,-59,-10,-59,-16,-60,-24,-59,-25,-69,-26,-60,-26,-66,-27,-65,-35,-68,-36,-73,-41,-65,-39,-71,-42,-72,-46,-72,-40,-65,-46,-68,-48,-60,-46,-68,-44,-61,-40,-70,-47,-60,-41,-64,-38,-64,-43,-66,-38,-61,-36,-61,-33,-58,-29,-65,-28,-64,-32,-60,-19,-64,-20,-62,-15,-61,-18,-57,-16,-62,-12,-58,-10,-59,-7,-61,-10,-60,-6,-60,-1,-66,-5,-53,-3,-61,-4,-58,-3,-54,-7,0,0]"
CSI_DATA,199,1a:00:00:00:00:00,-46,11,1,0,1,1,1,0,0,0,1,-96,0,11,2,2823729,0,44,0,384,0,"[0,0,0,0,0,0,0,0,0,0,0,0,0,-5,-1,-5,-1,-4,-1,-4,-2,-3,-2,-3,-2,-2,-2,-2,-3,-1,-3,-1,-3,-1,-3,0,-4,0,-4,1,-4,1,-5,2,-5,2,-5,2,-5,3,-5,2,-5,3,-5,3,-6,3,-6,4,-7,4,-7,4,0,0,-7,4,-7,4,-7,4,-7,4,-7,3,-7,3,-7,3,-7,2,-7,2,-7,2,-7,2,-7,1,-6,1,-6,1,-6,1,-6,1,-6,1,-5,1,-5,1,-5,0,-5,0,-4,0,-4,0,-4,0,-4,-1,-4,-1,0,0,0,0,0,0,0,0,0,0,0,0,0,0,6,-39,8,-35,4,-38,5,-35,-1,-30,2,-25,-4,-22,-4,-19,-6,-16,-7,-13,-11,-9,-13,-10,-15,-4,-16,-2,-16,-2,-19,3,-22,2,-21,9,-22,8,-27,11,-28,15,-26,13,-28,15,-29,20,-29,19,-30,22,-36,23,-33,28,-38,25,-38,25,-37,23,-40,23,-42,24,-41,26,-35,25,-42,19,-38,22,-44,22,-44,16,-40,17,-38,17,-42,12,-40,9,-36,9,-35,8,-34,9,-32,5,-34,9,-26,2,-25,3,-27,7,-21,5,-27,2,-22,5,-23,-1,-23,0,-18,-1,0,0,0,0,0,0,0,0,0,0,0,0,0,0,0,0,0,0,0,0,0,0,19,9,20,9,23,8,23,10,24,13,28,16,32,15,34,20,39,21,40,24,44,27,44,26,53,28,50,32,45,37,55,40,60,41,55,45,50,46,54,50,54,56,57,55,58,57,60,56,59,66,59,61,52,60,50,58,55,63,60,59,52,52,55,58,51,54,52,52,56,55,52,45,53,49,54,47,54,39,56,39,52,38,58,33,57,36,60,26,55,25,60,24,55,21,55,18,59,14,62,16,60,17,62,14,58,14,58,12,59,13,58,14,52,9,0,0]"
CSI_DATA,200,1a:00:00:00:00:00,-45,11,1,0,1,1,1,0,0,0,1,-96,0,11,2,2852959,0,44,0,384,0,"[0,0,0,0,0,0,0,0,0,0,0,0,4,2,3,1,4,0,3,0,3,-1,2,-1,2,-2,2,-2,1,-3,1,-4,1,-4,1,-5,0,-5,0,-5,0,-6,0,-7,-1,-7,-1,-7,-1,-7,-1,-8,-1,-8,-1,-8,-1,-8,-2,-9,-1,-10,-1,-10,0,0,-1,-10,-1,-11,-1,-10,-1,-10,0,-9,0,-10,0,-10,1,-9,0,-9,1,-9,1,-9,1,-8,1,-8,1,-7,1,-7,1,-7,1,-7,1,-6,1,-6,1,-5,1,-5,1,-5,1,-5,1,-5,1,-4,1,-4,0,0,0,0,0,0,0,0,0,0,0,0,0,0,15,13,13,10,15,8,11,7,12,5,13,5,10,2,10,2,8,-1,6,-3,6,-3,5,-6,4,-8,4,-7,3,-9,3,-12,4,-14,2,-15,0,-16,-1,-14,0,-18,-1,-18,-2,-20,0,-20,1,-21,-2,-22,-2,-22,-3,-24,-2,-25,-5,-26,-2,-25,-2,-25,-1,-25,-1,-29,-2,-25,2,-25,2,-25,2,-26,5,-24,2,-21,4,-21,5,-22,5,-21,5,-22,4,-19,5,-17,6,-19,4,-16,4,-15,4,-15,4,-15,4,-15,3,-12,5,-11,6,-10,4,-9,6,-9,0,0,0,0,0,0,0,0,0,0,0,0,0,0,0,0,0,0,0,0,0,0,-8,5,-11,6,-9,5,-12,7,-12,8,-14,9,-16,9,-17,9,-18,12,-19,12,-22,11,-21,14,-25,16,-28,14,-29,12,-29,12,-35,16,-33,12,-35,13,-36,11,-37,9,-40,11,-37,8,-42,11,-41,9,-41,12,-40,9,-42,9,-40,9,-43,10,-33,9,-41,8,-36,9,-35,10,-38,8,-33,11,-31,11,-33,14,-30,13,-30,16,-30,15,-27,17,-28,17,-23,19,-25,17,-25,19,-23,20,-21,19,-20,21,-22,22,-18,21,-17,23,-21,22,-18,21,-19,25,-18,22,-15,19,0,0]"
CSI_DATA,201,1a:00:00:00:00:00,-45,11,1,0,1,1,1,0,0,0,1,-96,0,11,2,2863255,0,44,0,384,0,"[0,0,0,0,0,0,0,0,0,0,0,0,4,-2,3,-3,2,-3,2,-3,1,-3,1,-3,0,-3,-1,-4,-1,-4,-2,-3,-2,-4,-3,-4,-3,-5,-3,-4,-4,-4,-4,-5,-5,-5,-5,-4,-5,-4,-6,-5,-6,-5,-6,-5,-6,-6,-7,-6,-7,-6,-7,-6,0,0,-7,-6,-7,-7,-7,-7,-7,-7,-6,-7,-6,-7,-6,-7,-5,-7,-5,-7,-5,-7,-5,-8,-4,-7,-4,-6,-3,-6,-3,-6,-4,-6,-3,-5,-3,-5,-3,-5,-3,-5,-2,-5,-2,-5,-2,-4,-2,-5,-2,-4,-1,-4,0,0,0,0,0,0,0,0,0,0,0,0,0,0,40,-4,32,-1,30,-8,25,-5,25,-10,21,-8,18,-10,14,-11,11,-12,7,-15,4,-15,1,-14,-2,-21,-6,-21,-7,-21,-10,-21,-13,-26,-16,-24,-14,-25,-22,-25,-26,-28,-22,-27,-26,-26,-23,-30,-22,-31,-31,-36,-30,-33,-33,-32,-31,-39,-37,-37,-34,-36,-36,-40,-29,-43,-34,-43,-31,-38,-27,-38,-28,-40,-26,-38,-21,-44,-25,-40,-20,-42,-16,-39,-18,-40,-17,-40,-14,-38,-12,-35,-11,-33,-14,-29,-10,-28,-8,-28,-9,-26,-7,-27,-9,-30,-4,-23,-4,-24,-5,-26,-1,-23,0,0,0,0,0,0,0,0,0,0,0,0,0,0,0,0,0,0,0,0,0,0,-5,22,-6,21,-7,21,-5,26,-6,27,-7,28,-7,31,-8,34,-8,42,-10,42,-12,46,-13,47,-8,59,-14,58,-25,59,-21,59,-22,66,-27,62,-27,63,-32,64,-38,62,-39,71,-38,65,-39,69,-41,73,-34,74,-46,67,-45,67,-42,67,-43,68,-37,56,-40,65,-43,59,-35,61,-38,62,-29,61,-28,59,-24,62,-22,60,-21,62,-23,60,-11,60,-12,60,-11,57,-11,57,-2,57,-5,57,-1,54,-2,55,1,56,2,57,12,60,1,58,3,54,6,58,1,56,2,50,0,0]"
CSI_DATA,202,1a:00:00:00:00:00,-45,11,1,0,1,1,1,0,0,0,1,-96,0,11,2,2882400,0,44,0,384,0,"[0,0,0,0,0,0,0,0,0,0,0,0,1,4,2,3,2,2,2,2,2,1,2,1,2,0,3,-1,3,-1,3,-1,4,-2,3,-3,3,-3,4,-3,4,-3,4,-4,4,-5,4,-5,4,-5,4,-6,4,-6,5,-7,5,-6,5,-7,6,-7,6,-7,0,0,6,-7,6,-7,6,-7,6,-7,7,-6,6,-6,6,-6,6,-5,6,-6,6,-5,7,-4,6,-4,6,-4,5,-3,5,-3,5,-3,5,-3,4,-3,4,-3,4,-3,4,-2,4,-3,4,-2,4,-2,4,-1,3,-1,0,0,0,0,0,0,0,0,0,0,0,0,0,0,7,38,8,35,12,29,10,28,11,23,13,17,15,15,13,14,12,10,15,4,13,4,15,-1,16,-2,16,-7,19,-11,20,-16,22,-16,16,-18,22,-17,25,-23,25,-28,23,-26,22,-29,28,-28,27,-31,27,-32,28,-34,27,-38,29,-41,28,-41,29,-41,33,-39,33,-38,34,-39,33,-38,37,-34,38,-35,36,-34,41,-25,32,-27,35,-28,38,-25,32,-26,36,-25,32,-17,35,-19,34,-19,31,-17,26,-15,26,-11,21,-11,25,-11,22,-13,23,-9,23,-12,20,-7,19,-5,0,0,0,0,0,0,0,0,0,0,0,0,0,0,0,0,0,0,0,0,0,0,-20,0,-21,-5,-21,-4,-27,-1,-27,-4,-33,-3,-31,-5,-36,-7,-42,-5,-44,-4,-53,-7,-50,-6,-59,-4,-56,-9,-61,-17,-62,-17,-69,-18,-65,-20,-69,-21,-64,-28,-70,-26,-70,-34,-70,-31,-75,-29,-75,-29,-74,-28,-69,-34,-70,-34,-68,-34,-73,-37,-62,-30,-68,-33,-64,-31,-63,-27,-66,-30,-61,-23,-63,-21,-65,-15,-61,-14,-63,-13,-62,-13,-59,-8,-63,-7,-57,0,-56,0,-58,-3,-57,-2,-57,5,-55,8,-59,10,-57,12,-57,16,-58,11,-51,11,-58,14,-48,11,-48,11,0,0]"
CSI_DATA,203,1a:00:00:00:00:00,-45,11,1,0,1,1,1,0,0,0,1,-96,0,11,2,2893245,0,44,0,384,0,"[0,0,0,0,0,0,0,0,0,0,0,0,4,2,4,2,3,1,3,1,3,0,3,-1,3,-2,2,-2,2,-3,2,-3,2,-4,2,-4,2,-5,2,-5,2,-6,1,-7,1,-7,1,-7,1,-8,1,-8,1,-8,1,-9,1,-8,1,-10,1,-10,1,-10,0,0,1,-10,2,-11,2,-11,1,-10,3,-10,3,-10,3,-10,3,-9,3,-9,3,-8,3,-8,4,-8,3,-7,3,-7,3,-6,3,-7,2,-6,2,-6,2,-5,2,-5,3,-5,2,-4,2,-4,2,-4,3,-4,3,-3,0,0,0,0,0,0,0,0,0,0,0,0,0,0,8,18,9,15,11,14,7,12,8,10,7,8,8,5,9,5,8,2,7,2,7,-2,7,-1,8,-6,8,-6,8,-8,6,-10,9,-11,8,-13,7,-12,7,-14,7,-18,8,-16,6,-17,6,-19,9,-20,7,-21,10,-21,8,-24,10,-23,9,-26,11,-24,10,-24,11,-24,12,-24,9,-24,13,-22,12,-24,15,-22,16,-22,12,-20,14,-19,16,-18,15,-16,15,-17,12,-15,12,-16,14,-14,12,-14,10,-11,11,-11,10,-11,9,-11,9,-10,9,-10,9,-9,8,-8,10,-6,0,0,0,0,0,0,0,0,0,0,0,0,0,0,0,0,0,0,0,0,0,0,-10,-1,-12,0,-12,1,-13,2,-15,1,-17,1,-16,1,-19,-1,-22,2,-23,0,-26,-2,-26,2,-29,2,-31,1,-29,-1,-33,-2,-37,0,-36,-3,-36,-5,-38,-6,-37,-8,-41,-8,-37,-7,-41,-9,-41,-9,-41,-9,-39,-10,-38,-10,-40,-9,-40,-10,-35,-7,-37,-8,-35,-8,-34,-5,-36,-6,-36,-4,-34,-3,-33,-3,-30,-2,-34,0,-31,1,-32,5,-31,3,-30,6,-28,4,-29,10,-27,10,-28,9,-27,10,-28,11,-26,10,-26,12,-27,10,-25,11,-28,13,-24,13,-23,10,0,0]"
CSI_DATA,204,1a:00:00:00:00:00,-45,11,1,0,1,1,1,0,0,0,1,-96,0,11,2,2902450,0,44,0,384,0,"[0,0,0,0,0,0,0,0,0,0,0,0,2,-4,2,-4,1,-4,0,-4,0,-4,-1,-3,-2,-3,-2,-3,-3,-3,-3,-2,-4,-3,-4,-3,-5,-2,-5,-2,-5,-2,-6,-2,-6,-2,-6,-2,-7,-1,-7,-1,-8,-2,-8,-2,-8,-2,-9,-1,-9,-2,-9,-2,0,0,-10,-2,-10,-3,-10,-3,-10,-2,-9,-3,-9,-3,-9,-3,-8,-4,-9,-4,-8,-4,-8,-4,-7,-4,-7,-4,-6,-4,-6,-4,-6,-4,-6,-4,-5,-3,-5,-3,-5,-3,-5,-3,-4,-3,-4,-3,-4,-3,-4,-3,-3,-3,0,0,0,0,0,0,0,0,0,0,0,0,0,0,38,-23,31,-20,27,-22,26,-20,21,-19,16,-20,13,-15,9,-15,5,-16,1,-17,-3,-17,-6,-15,-9,-18,-12,-17,-18,-15,-20,-14,-24,-18,-27,-16,-27,-16,-30,-12,-34,-13,-34,-17,-37,-13,-36,-16,-35,-14,-43,-20,-42,-18,-48,-17,-49,-17,-55,-16,-49,-20,-53,-20,-47,-19,-51,-24,-50,-21,-46,-29,-46,-27,-45,-29,-42,-31,-40,-27,-39,-25,-36,-27,-39,-26,-34,-27,-30,-28,-30,-26,-26,-23,-28,-23,-27,-21,-25,-21,-22,-25,-22,-22,-22,-20,-17,-20,-16,-22,-19,-23,-11,-19,0,0,0,0,0,0,0,0,0,0,0,0,0,0,0,0,0,0,0,0,0,0,1,20,-1,19,3,22,0,27,3,27,4,31,0,32,6,35,4,41,7,45,4,48,8,50,11,62,4,61,-4,62,0,63,0,74,-7,69,-4,72,-10,74,-12,77,-13,84,-10,77,-8,83,-10,83,-5,84,-16,80,-17,82,-17,77,-14,80,-11,68,-16,76,-17,71,-12,70,-15,73,-8,67,-4,66,0,68,3,64,7,66,4,64,9,59,7,64,14,56,15,54,24,58,19,58,21,54,24,56,25,57,25,50,32,52,29,56,27,46,30,47,28,45,26,44,0,0]"
CSI_DATA,205,1a:00:00:00:00:00,-45,11,1,0,1,1,1,0,0,0,1,-96,0,11,2,2912399,0,44,0,384,0,"[0,0,0,0,0,0,0,0,0,0,0,0,-4,3,-3,3,-3,3,-2,3,-2,2,-1,2,0,2,0,2,1,2,1,2,2,3,3,2,3,2,3,2,4,2,5,2,5,2,5,2,6,2,6,2,6,3,7,2,7,3,8,3,8,3,8,3,0,0,8,3,8,3,8,4,8,3,7,4,8,4,7,4,6,4,7,4,6,4,6,4,5,5,5,4,4,4,5,4,5,4,4,4,4,3,4,3,3,3,3,3,3,3,3,3,2,3,2,3,2,3,0,0,0,0,0,0,0,0,0,0,0,0,0,0,-35,17,-33,18,-28,23,-24,15,-23,16,-15,15,-15,14,-6,18,-4,12,-6,14,1,12,4,13,7,16,8,16,11,17,20,13,18,16,24,16,24,16,31,16,33,15,31,15,31,10,35,14,35,16,42,19,42,18,45,17,47,16,50,17,49,18,46,18,46,23,48,22,52,20,46,25,43,22,42,25,45,26,43,26,42,24,36,24,33,29,33,31,30,26,28,24,25,27,28,25,20,20,19,20,25,21,20,18,20,20,15,20,18,18,14,22,12,20,0,0,0,0,0,0,0,0,0,0,0,0,0,0,0,0,0,0,0,0,0,0,0,-20,1,-18,-3,-26,-5,-29,-3,-27,2,-29,-7,-32,-2,-38,-6,-42,-2,-44,-1,-49,-5,-50,-4,-59,-2,-61,3,-60,3,-64,0,-72,11,-68,6,-68,14,-71,16,-76,14,-80,17,-76,17,-82,19,-85,12,-79,19,-76,19,-80,17,-75,18,-80,17,-67,18,-76,15,-71,13,-67,14,-72,9,-70,6,-64,6,-71,2,-64,-2,-65,-1,-62,-8,-64,-9,-62,-15,-59,-14,-54,-12,-58,-16,-58,-21,-54,-20,-52,-21,-58,-24,-55,-25,-52,-25,-53,-22,-50,-29,-54,-24,-50,-22,-43,0,0]"
CSI_DATA,206,1a:00:00:00:00:00,-45,11,1,0,1,1,1,0,0,0,1,-96,0,11,2,2922637,0,44,0,384,0,"[0,0,0,0,0,0,0,0,0,0,0,0,4,0,4,0,4,0,3,-1,2,-1,2,-2,2,-3,1,-3,1,-3,0,-3,0,-4,-1,-5,-1,-5,-1,-5,-1,-5,-2,-6,-3,-6,-3,-6,-3,-6,-3,-7,-2,-7,-3,-8,-3,-8,-4,-8,-4,-9,-4,-9,0,0,-4,-9,-4,-10,-3,-10,-4,-10,-3,-9,-3,-9,-3,-9,-2,-9,-3,-9,-2,-9,-2,-9,-1,-8,-1,-7,-1,-7,-1,-7,-1,-7,-1,-7,-1,-6,-1,-6,-1,-6,-1,-6,-1,-5,-1,-5,0,-5,0,-5,0,-5,0,0,0,0,0,0,0,0,0,0,0,0,0,0,33,20,33,20,30,16,27,13,27,8,21,8,19,4,18,1,12,-5,12,-4,9,-8,9,-11,8,-15,7,-17,6,-19,3,-26,0,-26,1,-26,0,-30,-2,-29,-5,-34,-6,-34,-7,-35,-6,-38,-6,-39,-9,-42,-10,-41,-15,-50,-11,-45,-12,-47,-11,-52,-10,-54,-4,-50,-7,-53,-14,-49,-3,-49,-4,-52,-6,-53,2,-52,-2,-47,-2,-46,0,-44,4,-45,3,-45,6,-42,3,-39,4,-35,2,-35,1,-31,3,-28,2,-29,1,-28,6,-29,6,-27,4,-25,6,-27,7,-24,0,0,0,0,0,0,0,0,0,0,0,0,0,0,0,0,0,0,0,0,0,0,-19,6,-22,5,-20,10,-24,11,-26,12,-28,12,-28,11,-34,15,-40,19,-39,19,-42,19,-46,21,-51,25,-57,21,-59,19,-59,13,-70,23,-66,16,-65,16,-69,10,-74,12,-79,12,-73,11,-80,14,-82,15,-78,15,-82,13,-80,10,-79,6,-81,14,-69,11,-78,12,-71,12,-68,15,-71,16,-66,17,-63,20,-60,21,-56,27,-60,30,-58,28,-55,28,-52,31,-45,35,-46,32,-47,38,-45,41,-40,40,-38,43,-40,44,-36,44,-37,50,-40,48,-26,40,-36,48,-32,46,-27,41,0,0]"
CSI_DATA,207,1a:00:00:00:00:00,-46,11,1,0,1,1,1,0,0,0,1,-96,0,11,2,2933075,0,44,0,384,0,"[0,0,0,0,0,0,0,0,0,0,0,0,-5,2,-4,2,-3,2,-3,2,-2,2,-1,2,-1,2,0,2,0,2,1,2,1,2,2,2,2,2,3,2,3,2,4,3,5,2,4,2,5,2,5,3,6,3,6,3,6,3,7,3,7,3,8,4,0,0,8,4,8,4,8,4,8,4,7,4,7,4,6,4,6,4,6,5,5,5,5,5,5,4,5,4,5,4,4,4,4,4,4,4,4,3,3,3,3,3,3,3,3,3,2,3,2,3,2,3,2,3,0,0,0,0,0,0,0,0,0,0,0,0,0,0,-45,10,-36,12,-34,12,-30,8,-24,16,-20,7,-17,13,-12,12,-9,14,-7,11,-2,14,1,11,4,15,6,16,10,14,15,16,19,17,18,16,22,15,24,18,30,18,27,16,31,15,34,17,34,16,38,16,42,22,44,18,42,21,48,22,42,23,47,24,45,24,48,27,44,22,47,31,44,24,44,22,40,31,40,27,39,24,36,31,31,31,35,30,32,24,27,26,29,24,28,23,24,21,24,20,22,19,22,20,21,18,18,22,18,20,15,20,14,18,0,0,0,0,0,0,0,0,0,0,0,0,0,0,0,0,0,0,0,0,0,0,6,-19,6,-19,5,-22,5,-29,10,-25,9,-31,8,-30,12,-33,7,-44,11,-43,14,-49,16,-51,17,-58,20,-59,25,-55,27,-58,30,-69,30,-61,29,-67,35,-66,38,-69,39,-72,36,-65,44,-75,44,-75,41,-73,44,-68,41,-68,42,-63,42,-75,32,-56,42,-73,37,-67,29,-65,32,-69,24,-65,24,-63,22,-69,16,-60,14,-66,17,-64,8,-63,12,-65,2,-61,3,-59,3,-60,-3,-59,-9,-60,-8,-58,-12,-59,-12,-62,-19,-57,-16,-62,-10,-55,-19,-66,-17,-56,-13,-51,0,0]"
CSI_DATA,208,1a:00:00:00:00:00,-46,11,1,0,1,1,1,0,0,0,1,-96,0,11,2,2962779,0,44,0,384,0,"[0,0,0,0,0,0,0,0,0,0,0,0,-6,-1,-5,-1,-4,0,-4,0,-3,0,-3,1,-2,1,-1,1,-1,2,0,2,0,3,1,3,1,2,1,3,2,3,3,3,3,4,3,3,4,3,4,3,4,4,5,4,5,5,6,5,6,5,6,5,0,0,6,5,6,6,6,6,7,6,5,6,5,6,5,6,5,6,5,6,4,6,5,6,4,6,4,5,3,5,3,5,3,5,3,4,3,4,3,4,3,4,2,4,2,3,2,3,2,4,2,4,1,4,0,0,0,0,0,0,0,0,0,0,0,0,0,0,-41,-12,-39,-10,-39,-8,-31,-6,-27,-6,-24,-5,-22,-3,-18,-1,-13,3,-15,4,-9,6,-8,7,0,10,-2,15,2,14,5,16,7,17,10,20,11,21,18,21,21,22,20,19,22,23,22,23,29,27,23,28,26,25,33,30,31,34,33,32,33,33,33,35,32,33,34,39,35,30,31,40,30,38,27,37,26,39,25,35,25,36,21,36,21,34,21,35,17,32,17,30,14,31,15,29,16,26,11,26,15,22,13,26,12,24,8,22,8,23,8,22,8,22,0,0,0,0,0,0,0,0,0,0,0,0,0,0,0,0,0,0,0,0,0,0,16,-11,21,-15,15,-17,22,-15,21,-17,27,-20,26,-19,33,-21,35,-26,39,-25,44,-31,40,-30,49,-38,49,-35,56,-34,53,-34,64,-39,58,-32,67,-35,71,-35,68,-31,76,-34,69,-29,78,-35,78,-31,75,-35,74,-31,80,-32,70,-31,80,-39,60,-31,72,-37,65,-32,59,-35,68,-35,55,-39,56,-37,57,-43,48,-41,47,-45,50,-46,42,-48,40,-52,31,-49,35,-49,31,-47,31,-53,24,-55,25,-53,24,-54,22,-59,20,-59,25,-62,16,-55,16,-62,20,-62,15,-56,0,0]"
CSI_DATA,209,1a:00:00:00:00:00,-47,11,1,0,1,1,1,0,0,0,1,-96,0,11,2,2972415,0,44,0,384,0,"[0,0,0,0,0,0,0,0,0,0,0,0,3,-5,3,-5,2,-4,1,-4,1,-3,0,-3,-1,-3,-1,-2,-2,-2,-2,-1,-3,-2,-4,-1,-4,-1,-4,0,-5,0,-5,0,-6,0,-6,1,-6,1,-7,1,-7,1,-7,2,-7,1,-8,2,-8,2,-9,1,0,0,-9,2,-9,3,-9,2,-9,2,-9,1,-9,1,-9,1,-8,1,-9,1,-8,0,-8,0,-8,0,-7,0,-7,0,-7,0,-7,0,-7,0,-6,0,-6,0,-5,0,-6,0,-5,0,-5,0,-5,0,-5,-1,-5,-1,0,0,0,0,0,0,0,0,0,0,0,0,0,0,17,-14,15,-13,11,-15,11,-12,10,-11,8,-11,5,-9,5,-9,2,-7,0,-6,-2,-6,-3,-5,-4,-4,-5,-4,-6,-3,-10,-2,-10,-2,-11,-1,-11,-2,-12,1,-16,3,-15,1,-15,3,-18,1,-18,1,-19,2,-20,3,-21,6,-21,3,-22,6,-23,3,-24,3,-23,2,-26,2,-23,3,-25,2,-22,2,-24,0,-24,-1,-23,2,-22,-1,-22,-2,-21,-2,-20,-1,-19,-2,-18,-1,-18,-2,-17,-1,-15,-3,-15,-1,-16,-2,-14,-3,-14,-2,-14,-2,-13,-3,-12,-3,-12,-3,0,0,0,0,0,0,0,0,0,0,0,0,0,0,0,0,0,0,0,0,0,0,1,9,2,11,3,10,2,11,2,14,1,17,2,14,3,19,4,21,3,21,4,24,4,26,5,29,4,31,0,31,1,32,2,39,-1,36,-2,36,-3,38,-3,38,-4,41,-4,38,-4,42,-4,42,-1,41,-5,41,-4,41,-4,38,-2,44,-3,35,-3,40,-2,38,0,36,-3,37,3,35,1,35,4,34,5,32,8,34,7,33,12,29,8,30,13,27,12,26,15,27,14,26,14,25,16,23,17,24,19,24,21,21,20,26,16,22,20,23,20,23,16,19,0,0]"
CSI_DATA,210,1a:00:00:00:00:00,-47,11,1,0,1,1,1,0,0,0,1,-96,0,11,2,2982870,0,44,0,384,0,"[0,0,0,0,0,0,0,0,0,0,0,0,-2,4,-2,4,-1,3,-1,3,-1,2,-1,2,0,1,1,1,1,0,1,0,1,0,2,-1,2,-1,3,-2,3,-2,3,-2,3,-3,3,-3,3,-4,4,-4,4,-4,4,-4,4,-4,5,-5,5,-5,6,-5,0,0,5,-5,6,-5,6,-6,6,-5,6,-5,6,-4,6,-4,6,-4,6,-4,5,-3,6,-3,5,-3,5,-3,5,-3,4,-2,5,-2,4,-3,4,-2,3,-2,3,-2,3,-2,3,-2,3,-2,3,-2,3,-2,3,-1,0,0,0,0,0,0,0,0,0,0,0,0,0,0,-29,28,-26,28,-23,30,-23,26,-19,24,-20,20,-13,21,-12,15,-6,15,-3,12,3,14,4,6,5,6,8,2,13,5,15,1,16,-2,20,-3,19,-3,19,-6,27,-9,25,-8,28,-14,30,-10,30,-9,33,-12,35,-15,39,-19,37,-14,42,-19,42,-19,41,-14,39,-14,49,-17,40,-16,43,-13,42,-10,43,-14,42,-8,44,-8,40,-5,42,-5,36,-7,40,-4,36,-5,36,-1,32,-4,29,-5,29,-5,28,-4,29,-6,26,-4,25,-10,24,-3,26,1,25,2,21,3,0,0,0,0,0,0,0,0,0,0,0,0,0,0,0,0,0,0,0,0,0,0,-5,-19,-6,-21,-3,-23,-8,-29,-11,-26,-12,-31,-8,-35,-12,-37,-15,-43,-14,-43,-16,-49,-17,-52,-18,-58,-15,-63,-11,-63,-9,-67,-13,-74,-7,-70,-8,-69,-6,-77,-7,-77,-6,-83,-5,-77,-2,-82,-6,-83,-12,-83,-1,-82,-5,-81,-1,-78,-5,-81,-5,-70,-5,-78,-5,-76,-10,-72,-12,-73,-17,-72,-16,-64,-19,-70,-19,-64,-25,-68,-25,-64,-26,-57,-30,-58,-33,-53,-33,-50,-37,-49,-38,-50,-40,-47,-42,-44,-40,-43,-40,-43,-48,-42,-50,-45,-39,-37,-49,-43,-41,-38,-41,-36,0,0]"
CSI_DATA,211,1a:00:00:00:00:00,-48,11,1,0,1,1,1,0,0,0,1,-96,0,11,2,3002798,0,44,0,384,0,"[0,0,0,0,0,0,0,0,0,0,0,0,-6,-1,-6,0,-5,0,-4,0,-4,0,-3,1,-2,1,-2,1,-1,1,-1,1,0,1,1,1,1,1,2,1,2,2,3,2,3,2,4,2,4,2,4,2,4,2,5,2,5,3,6,2,6,3,7,3,0,0,7,3,7,3,7,3,7,3,6,3,6,4,6,4,6,4,6,4,6,4,6,4,4,4,5,3,4,3,4,4,4,3,4,3,4,3,3,3,3,3,3,3,3,2,3,2,3,2,3,3,2,3,0,0,0,0,0,0,0,0,0,0,0,0,0,0,-41,-20,-39,-10,-40,-9,-31,-10,-31,-10,-26,-6,-26,-3,-21,-3,-17,-1,-12,-2,-13,3,-7,1,-4,4,-2,8,2,10,5,8,6,13,9,14,11,17,13,15,18,15,17,19,19,15,19,23,24,21,24,23,24,20,31,24,30,23,33,25,29,26,34,30,29,27,31,30,30,27,28,32,28,33,28,34,25,34,27,30,23,31,20,27,21,28,20,33,16,30,23,28,18,26,16,24,14,22,14,21,18,19,14,21,12,23,12,20,12,21,13,18,10,19,0,0,0,0,0,0,0,0,0,0,0,0,0,0,0,0,0,0,0,0,0,0,16,-13,18,-17,17,-16,22,-20,24,-21,29,-22,25,-24,30,-25,33,-32,39,-34,42,-34,40,-37,48,-44,53,-39,54,-34,61,-35,64,-43,64,-39,62,-36,68,-37,72,-34,77,-38,74,-37,75,-38,78,-39,73,-42,76,-37,71,-41,72,-35,72,-39,65,-37,68,-37,67,-36,62,-41,68,-38,59,-43,56,-45,55,-48,48,-44,48,-49,48,-47,41,-52,43,-52,36,-54,32,-49,31,-52,31,-54,28,-57,28,-56,23,-60,23,-58,16,-60,25,-62,20,-54,20,-66,20,-60,19,-53,0,0]"
CSI_DATA,212,1a:00:00:00:00:00,-48,11,1,0,1,1,1,0,0,0,1,-96,0,11,2,3012405,0,44,0,384,0,"[0,0,0,0,0,0,0,0,0,0,0,0,-1,-7,-2,-6,-2,-5,-1,-4,-2,-4,-1,-3,-1,-2,-2,-2,-1,-1,-2,0,-2,0,-2,1,-2,1,-2,2,-2,2,-2,3,-2,3,-2,3,-2,4,-2,4,-3,5,-3,5,-2,5,-2,7,-3,7,-2,7,0,0,-2,7,-3,8,-4,8,-3,7,-4,6,-4,7,-4,7,-4,6,-4,6,-4,6,-4,6,-4,5,-4,5,-4,5,-4,4,-4,4,-3,4,-3,4,-3,4,-3,3,-3,4,-3,3,-3,3,-3,3,-3,3,-3,3,0,0,0,0,0,0,0,0,0,0,0,0,0,0,13,-38,7,-44,10,-41,6,-39,6,-31,2,-27,1,-28,0,-19,-2,-18,-7,-12,0,-11,-4,-11,-6,-6,-8,-3,-10,-1,-11,2,-11,8,-12,8,-11,9,-14,13,-17,19,-16,18,-17,20,-19,24,-22,19,-22,25,-22,24,-24,33,-21,29,-23,31,-26,31,-28,29,-30,25,-27,33,-28,33,-30,28,-34,28,-31,27,-31,20,-33,24,-32,28,-32,22,-27,20,-28,20,-28,19,-29,18,-30,14,-23,19,-21,14,-21,10,-22,12,-20,13,-21,13,-18,12,-20,11,-21,13,-21,8,0,0,0,0,0,0,0,0,0,0,0,0,0,0,0,0,0,0,0,0,0,0,20,12,20,12,21,10,27,16,27,17,28,18,31,20,35,23,39,25,39,26,44,33,45,32,56,35,53,38,49,42,52,47,59,49,52,52,53,54,51,60,52,59,54,64,54,56,60,63,55,66,61,61,51,62,50,65,53,62,59,67,49,55,53,60,51,59,51,54,52,57,53,47,50,45,57,43,54,39,57,37,52,40,59,29,61,30,59,25,53,24,58,20,63,20,56,17,57,12,60,15,61,9,65,6,65,14,56,10,65,12,58,8,58,13,0,0]"
CSI_DATA,213,1a:00:00:00:00:00,-48,11,1,0,1,1,1,0,0,0,1,-96,0,11,2,3023213,0,44,0,384,0,"[0,0,0,0,0,0,0,0,0,0,0,0,-6,-1,-5,-1,-5,-1,-4,-1,-3,-1,-3,0,-2,0,-2,0,-1,1,-1,0,0,1,0,1,0,1,1,1,1,1,2,2,2,1,3,2,3,2,3,2,3,2,4,2,4,3,5,2,5,2,5,3,0,0,5,3,5,3,6,4,5,3,5,3,5,4,5,4,4,4,5,4,4,4,5,4,3,4,3,3,3,3,3,3,3,3,3,3,3,3,3,3,3,2,2,2,2,2,3,2,2,2,2,2,2,2,0,0,0,0,0,0,0,0,0,0,0,0,0,0,-44,-12,-47,-11,-42,-7,-35,-8,-35,-6,-32,-6,-26,-6,-24,-1,-20,-2,-15,2,-13,-1,-8,1,-7,1,-6,7,-2,6,3,6,7,7,8,10,9,8,15,13,17,8,14,12,21,11,23,11,23,15,26,16,25,16,28,15,29,18,35,15,34,15,35,15,32,21,32,20,34,18,35,22,31,22,35,24,32,26,32,22,29,21,29,22,25,20,27,21,22,19,23,19,21,16,22,19,19,15,20,14,21,18,20,16,19,13,17,16,15,15,17,14,16,16,0,0,0,0,0,0,0,0,0,0,0,0,0,0,0,0,0,0,0,0,0,0,14,-12,17,-15,18,-14,20,-19,24,-23,26,-21,24,-24,31,-26,32,-32,37,-30,43,-32,42,-36,49,-43,54,-39,56,-39,58,-37,60,-45,60,-35,64,-41,65,-40,67,-35,77,-41,69,-36,72,-46,77,-43,74,-48,74,-42,77,-39,73,-38,73,-48,60,-40,69,-47,66,-44,57,-46,63,-44,54,-47,54,-45,49,-50,48,-50,46,-56,48,-52,35,-56,33,-56,30,-55,32,-57,24,-49,26,-61,23,-59,24,-59,22,-56,14,-63,10,-63,20,-65,12,-60,13,-67,14,-63,11,-57,0,0]"
CSI_DATA,214,1a:00:00:00:00:00,-48,11,1,0,1,1,1,0,0,0,1,-96,0,11,2,3032387,0,44,0,384,0,"[0,0,0,0,0,0,0,0,0,0,0,0,3,4,3,3,3,2,3,2,2,2,1,1,1,0,1,0,0,0,0,-1,0,-1,0,-2,0,-2,0,-3,-1,-3,-1,-3,-2,-3,-2,-4,-2,-4,-2,-4,-2,-5,-2,-5,-3,-5,-3,-6,-2,-6,-3,-6,0,0,-3,-7,-3,-7,-3,-7,-3,-7,-2,-7,-2,-7,-2,-7,-2,-7,-2,-7,-2,-6,-2,-7,-1,-6,-1,-6,-1,-6,-1,-5,-2,-6,-1,-5,-2,-5,-2,-5,-1,-4,-1,-5,-1,-4,-1,-4,-1,-4,-1,-4,-1,-4,0,0,0,0,0,0,0,0,0,0,0,0,0,0,26,36,22,35,20,34,20,30,20,29,14,21,12,19,14,18,14,13,14,12,11,5,8,4,10,1,8,-3,6,-3,4,-9,4,-6,0,-14,-2,-17,0,-18,-2,-20,-6,-19,-6,-21,-1,-24,-4,-26,-9,-30,-6,-27,-7,-34,-11,-37,-10,-36,-8,-39,-7,-38,-6,-38,-6,-40,-11,-39,-2,-39,-5,-42,-5,-40,1,-40,-2,-37,-4,-36,-1,-37,0,-37,-3,-34,1,-32,1,-33,1,-30,-1,-29,1,-24,-1,-24,1,-25,0,-25,1,-26,2,-24,0,-23,4,-23,5,-23,0,0,0,0,0,0,0,0,0,0,0,0,0,0,0,0,0,0,0,0,0,0,-22,3,-25,2,-27,2,-30,4,-36,4,-37,-2,-37,1,-42,5,-51,7,-47,3,-53,4,-55,5,-63,8,-64,0,-67,-6,-69,-2,-77,3,-77,-5,-76,-7,-78,-10,-79,-13,-83,-13,-81,-9,-89,-7,-89,-13,-86,-7,-82,-10,-85,-15,-79,-12,-87,-13,-71,-8,-83,-11,-75,-9,-73,-4,-79,-6,-76,4,-69,2,-75,6,-69,7,-71,10,-65,7,-64,15,-64,16,-59,23,-58,20,-56,27,-59,24,-57,24,-60,31,-55,35,-56,32,-51,38,-57,41,-49,32,-54,36,-54,36,-49,34,0,0]"
CSI_DATA,215,1a:00:00:00:00:00,-49,11,1,0,1,1,1,0,0,0,1,-96,0,11,2,3062392,0,44,0,384,0,"[0,0,0,0,0,0,0,0,0,0,0,0,-4,5,-4,5,-3,5,-3,4,-2,3,-2,3,-2,2,-1,2,-1,2,0,1,0,0,0,0,1,-1,1,-1,1,-1,2,-2,2,-2,2,-3,2,-3,2,-3,3,-4,3,-4,3,-4,3,-5,4,-5,3,-5,0,0,4,-5,5,-6,5,-6,4,-5,5,-5,5,-5,5,-5,5,-5,4,-4,5,-4,5,-4,5,-4,4,-4,4,-3,4,-3,4,-3,4,-4,3,-3,3,-3,3,-3,3,-3,3,-3,3,-3,3,-3,3,-2,3,-2,0,0,0,0,0,0,0,0,0,0,0,0,0,0,-17,16,-15,13,-14,15,-14,12,-13,13,-11,12,-9,10,-9,8,-5,8,-6,6,-3,5,-3,4,-2,4,-1,3,0,2,2,0,3,-1,4,-2,3,-2,4,-3,6,-6,7,-6,7,-5,8,-6,8,-6,8,-8,11,-9,10,-10,11,-11,12,-12,12,-10,13,-10,13,-10,14,-12,13,-10,15,-11,14,-12,15,-8,16,-7,15,-9,15,-8,14,-6,14,-8,14,-8,12,-5,12,-8,11,-5,11,-7,11,-6,11,-5,9,-6,11,-5,10,-6,8,-5,10,-5,9,-5,11,-3,0,0,0,0,0,0,0,0,0,0,0,0,0,0,0,0,0,0,0,0,0,0,-3,-9,-3,-11,-2,-12,-5,-16,-5,-15,-5,-18,-5,-18,-4,-21,-7,-23,-7,-23,-7,-26,-10,-27,-9,-29,-8,-31,-6,-32,-7,-33,-7,-36,-4,-35,-4,-36,-3,-38,-3,-39,-3,-43,-4,-39,-6,-42,-5,-42,-10,-42,-4,-41,-5,-43,-5,-42,-6,-45,-6,-38,-4,-40,-4,-40,-8,-36,-6,-39,-9,-36,-9,-34,-13,-36,-15,-32,-15,-32,-13,-33,-18,-30,-16,-29,-20,-27,-19,-26,-21,-26,-21,-25,-20,-25,-23,-24,-23,-23,-24,-22,-25,-21,-26,-25,-22,-20,-27,-22,-25,-22,-24,-19,0,0]"
CSI_DATA,216,1a:00:00:00:00:00,-49,11,1,0,1,1,1,0,0,0,1,-96,0,11,2,3073021,0,44,0,384,0,"[0,0,0,0,0,0,0,0,0,0,0,0,-6,3,-6,3,-5,2,-5,2,-3,2,-3,2,-3,1,-2,1,-1,1,-1,0,-1,0,0,0,0,-1,1,-1,1,-1,2,-1,2,-1,2,-1,2,-2,3,-2,3,-2,4,-3,4,-2,4,-3,4,-3,5,-3,0,0,5,-3,5,-4,6,-3,5,-4,5,-3,6,-3,5,-3,5,-2,5,-3,6,-2,5,-2,5,-2,5,-2,5,-2,4,-2,4,-2,4,-2,4,-2,3,-2,3,-2,3,-2,3,-2,3,-2,3,-2,3,-1,3,-1,0,0,0,0,0,0,0,0,0,0,0,0,0,0,-44,27,-42,26,-42,23,-35,22,-33,20,-27,20,-23,14,-22,15,-21,14,-14,13,-7,8,-7,6,-7,10,-2,5,-3,4,6,3,6,2,7,3,7,-2,8,-5,14,-8,13,-4,16,-11,15,-8,15,-10,20,-12,18,-15,27,-19,26,-19,27,-15,29,-14,27,-20,27,-19,27,-20,29,-23,32,-14,33,-18,31,-18,29,-14,29,-20,26,-17,33,-12,28,-12,31,-12,23,-16,27,-13,24,-14,26,-9,23,-8,20,-11,20,-9,20,-11,20,-11,19,-12,21,-8,16,-9,19,-7,0,0,0,0,0,0,0,0,0,0,0,0,0,0,0,0,0,0,0,0,0,0,8,-22,10,-23,12,-22,7,-28,8,-31,13,-34,11,-36,11,-39,15,-43,14,-43,21,-50,16,-52,18,-62,20,-59,23,-61,25,-64,28,-76,29,-68,29,-73,31,-70,33,-72,37,-76,32,-74,35,-78,34,-83,29,-84,34,-76,31,-79,28,-76,30,-82,22,-70,27,-80,23,-77,16,-75,19,-76,9,-73,7,-71,6,-78,6,-71,0,-71,-2,-71,-7,-71,-9,-70,-13,-63,-12,-67,-14,-65,-22,-64,-24,-61,-29,-62,-30,-57,-29,-61,-33,-60,-32,-68,-30,-57,-36,-61,-37,-60,-31,-49,0,0]"
CSI_DATA,217,1a:00:00:00:00:00,-50,11,1,0,1,1,1,0,0,0,1,-96,0,11,2,3092534,0,44,0,384,0,"[0,0,0,0,0,0,0,0,0,0,0,0,7,1,6,0,5,1,5,1,4,0,3,0,3,-1,2,-1,1,-1,1,0,1,-1,0,-1,0,-1,-1,-1,-1,-1,-2,-1,-3,-1,-3,-1,-3,-1,-3,-1,-4,-1,-4,-1,-4,-1,-5,-1,-5,-1,-6,-2,0,0,-6,-1,-6,-1,-7,-2,-7,-2,-6,-2,-6,-2,-6,-2,-6,-2,-6,-2,-6,-2,-6,-2,-5,-2,-5,-2,-5,-2,-5,-2,-5,-2,-5,-1,-5,-2,-5,-2,-4,-1,-5,-2,-4,-1,-4,-1,-4,-1,-4,-2,-4,-2,0,0,0,0,0,0,0,0,0,0,0,0,0,0,44,21,39,16,42,18,34,15,36,15,29,14,29,8,26,6,20,2,23,7,13,3,14,6,8,-3,5,1,5,-1,3,-3,1,-3,-2,-3,-5,-4,-8,-3,-11,-6,-12,-3,-13,-5,-15,-3,-12,-6,-20,-9,-19,-4,-24,-8,-24,-8,-29,-9,-29,-10,-30,-13,-26,-8,-33,-13,-30,-10,-30,-12,-30,-9,-33,-14,-27,-20,-30,-12,-28,-15,-25,-15,-26,-16,-25,-18,-22,-14,-24,-12,-21,-13,-24,-11,-22,-10,-23,-8,-23,-8,-20,-8,-22,-9,-19,-6,-17,-12,-18,-10,-18,-13,0,0,0,0,0,0,0,0,0,0,0,0,0,0,0,0,0,0,0,0,0,0,-20,5,-24,7,-22,7,-26,13,-27,14,-34,11,-32,14,-38,17,-44,21,-44,17,-46,20,-50,24,-56,28,-58,25,-65,20,-65,25,-74,30,-68,21,-73,22,-71,25,-78,23,-85,24,-75,22,-82,25,-82,25,-81,28,-81,24,-87,27,-74,26,-85,33,-68,25,-80,34,-73,32,-66,34,-72,36,-67,38,-63,38,-62,42,-57,42,-57,44,-55,46,-49,50,-52,52,-42,52,-43,52,-44,50,-36,54,-35,56,-31,57,-31,59,-28,56,-26,61,-30,64,-20,56,-28,63,-26,59,-20,55,0,0]"
CSI_DATA,218,1a:00:00:00:00:00,-50,11,1,0,1,1,1,0,0,0,1,-96,0,11,2,3104495,0,44,0,384,0,"[0,0,0,0,0,0,0,0,0,0,0,0,4,5,3,4,3,4,3,4,2,3,2,2,2,2,1,1,1,1,1,1,1,0,0,0,0,-1,0,-1,-1,-1,-1,-1,-2,-2,-2,-2,-2,-2,-2,-2,-3,-3,-3,-3,-3,-3,-3,-4,-3,-4,-4,-4,0,0,-5,-4,-4,-5,-4,-5,-5,-4,-4,-5,-4,-5,-4,-5,-3,-5,-4,-5,-4,-5,-4,-5,-3,-5,-3,-4,-3,-4,-3,-4,-3,-4,-3,-4,-3,-3,-3,-3,-3,-3,-3,-3,-3,-3,-3,-3,-3,-3,-3,-3,-2,-3,0,0,0,0,0,0,0,0,0,0,0,0,0,0,10,23,11,21,13,18,9,18,9,17,9,16,8,13,7,11,6,10,5,7,5,6,4,6,4,5,3,4,2,2,2,1,2,-1,0,-1,0,-3,-2,-3,-3,-4,-1,-5,-3,-7,-5,-5,-4,-8,-6,-9,-6,-8,-7,-10,-7,-11,-8,-11,-7,-12,-9,-13,-7,-11,-8,-13,-9,-12,-7,-14,-7,-13,-9,-14,-6,-16,-7,-15,-7,-13,-6,-15,-5,-15,-6,-14,-5,-13,-6,-12,-5,-11,-6,-10,-5,-12,-5,-9,-6,-12,-5,-9,-6,-10,-3,-10,-4,-11,-5,-11,-3,-10,0,0,0,0,0,0,0,0,0,0,0,0,0,0,0,0,0,0,0,0,0,0,-12,-3,-11,-4,-11,-3,-14,-3,-15,-2,-18,-4,-18,-4,-19,-4,-24,-3,-23,-4,-25,-7,-26,-5,-33,-6,-31,-6,-32,-9,-33,-8,-38,-8,-35,-11,-36,-9,-37,-12,-36,-14,-42,-13,-37,-11,-40,-13,-41,-15,-43,-11,-42,-14,-42,-11,-38,-11,-43,-11,-35,-8,-43,-11,-40,-8,-39,-7,-40,-8,-40,-2,-35,-4,-37,-2,-36,-2,-40,0,-37,2,-35,5,-35,5,-31,8,-31,8,-32,10,-32,12,-31,12,-30,14,-30,13,-29,13,-30,15,-34,17,-27,14,-32,17,-29,16,-27,16,0,0]"
CSI_DATA,219,1a:00:00:00:00:00,-50,11,1,0,1,1,1,0,0,0,1,-96,0,11,2,3113246,0,44,0,384,0,"[0,0,0,0,0,0,0,0,0,0,0,0,3,5,3,5,2,4,2,4,2,3,1,3,1,2,1,2,1,1,1,1,0,0,0,0,0,0,0,-1,-1,-1,-1,-1,-1,-1,-1,-2,-1,-2,-1,-2,-2,-3,-2,-3,-3,-3,-2,-3,-3,-4,-3,-4,0,0,-3,-4,-3,-5,-3,-5,-3,-5,-2,-5,-3,-5,-2,-5,-2,-5,-3,-5,-3,-5,-2,-5,-2,-4,-2,-5,-2,-4,-2,-4,-2,-5,-2,-4,-2,-4,-2,-4,-2,-3,-2,-4,-2,-3,-2,-3,-2,-3,-2,-4,-2,-3,0,0,0,0,0,0,0,0,0,0,0,0,0,0,10,49,11,50,12,43,9,43,13,41,10,35,11,33,9,26,10,23,4,20,8,19,1,12,9,14,5,8,2,4,3,5,1,-1,1,-1,-2,-2,-3,-3,-1,-8,-3,-8,-5,-11,-5,-12,-5,-15,-8,-18,-8,-13,-10,-20,-8,-25,-11,-25,-10,-25,-11,-26,-11,-28,-7,-30,-13,-25,-9,-31,-10,-28,-9,-30,-5,-30,-9,-27,-10,-30,-6,-30,-8,-26,-9,-27,-6,-27,-6,-27,-6,-22,-2,-24,-7,-18,-6,-21,-10,-21,-7,-21,-8,-19,-7,-19,-5,-21,-9,-18,-4,-17,0,0,0,0,0,0,0,0,0,0,0,0,0,0,0,0,0,0,0,0,0,0,-14,-14,-16,-14,-19,-13,-23,-15,-25,-17,-25,-19,-30,-19,-31,-21,-41,-23,-41,-24,-45,-29,-45,-27,-56,-32,-53,-34,-50,-35,-54,-39,-60,-39,-57,-45,-57,-42,-60,-48,-59,-51,-66,-55,-66,-51,-70,-51,-70,-54,-73,-47,-68,-53,-68,-52,-67,-50,-70,-49,-62,-44,-70,-45,-68,-45,-67,-37,-68,-41,-70,-36,-67,-28,-69,-27,-68,-23,-70,-19,-67,-20,-69,-11,-66,-10,-70,-4,-62,-5,-66,-5,-67,-2,-66,6,-68,8,-70,10,-64,14,-66,16,-68,12,-61,15,-69,17,-62,16,-61,14,0,0]"
CSI_DATA,220,1a:00:00:00:00:00,-50,11,1,0,1,1,1,0,0,0,1,-96,0,11,2,3122396,0,44,0,384,0,"[0,0,0,0,0,0,0,0,0,0,0,0,-4,-7,-4,-6,-4,-6,-3,-5,-3,-5,-3,-4,-3,-3,-2,-3,-2,-3,-2,-2,-1,-2,-1,-1,-1,-1,-1,-1,-1,-1,0,0,0,0,1,0,1,1,1,1,1,1,1,2,1,2,2,2,2,3,2,3,0,0,3,3,2,3,2,4,3,3,2,4,2,4,2,3,2,4,2,4,2,3,2,4,2,4,1,3,1,3,2,3,2,3,1,3,2,2,2,2,2,2,2,2,2,2,2,2,1,2,1,2,1,2,0,0,0,0,0,0,0,0,0,0,0,0,0,0,-11,-53,-8,-49,-14,-41,-11,-41,-13,-42,-10,-36,-10,-32,-8,-26,-11,-24,-9,-22,-12,-19,-7,-18,-9,-16,-5,-13,-4,-7,-4,-5,-3,-3,-3,-1,-1,-3,1,2,0,5,1,2,7,9,6,10,8,10,9,13,5,14,12,18,8,18,12,21,12,21,14,20,15,21,13,20,13,19,14,25,15,25,15,24,11,26,10,22,9,24,10,26,10,23,10,24,10,19,9,23,9,18,11,20,8,17,11,17,8,18,14,16,10,15,9,15,8,16,8,15,6,16,0,0,0,0,0,0,0,0,0,0,0,0,0,0,0,0,0,0,0,0,0,0,14,15,13,15,16,18,17,17,19,22,21,23,22,22,27,28,33,30,32,28,36,34,39,34,47,39,44,42,42,46,49,48,54,50,50,51,53,51,54,56,53,56,57,63,56,56,63,59,59,63,64,53,58,63,62,60,63,58,66,54,60,46,61,51,64,48,64,39,63,43,63,38,62,36,68,35,65,28,74,23,68,24,69,16,65,14,70,9,64,7,63,0,67,2,67,-2,66,-10,66,-8,63,-11,68,-12,68,-12,62,-17,67,-16,62,-17,59,-18,0,0]"
CSI_DATA,221,1a:00:00:00:00:00,-51,11,1,0,1,1,1,0,0,0,1,-96,0,11,2,3142461,0,44,0,384,0,"[0,0,0,0,0,0,0,0,0,0,0,0,-3,6,-3,6,-2,5,-2,5,-2,4,-2,4,-2,3,-2,3,-1,3,-1,2,-1,2,-1,1,-1,0,-1,0,-1,0,-1,0,-1,-1,-1,-1,-1,-2,-1,-2,-1,-2,-1,-3,-1,-3,-1,-4,0,-4,-1,-4,0,0,0,-4,0,-5,0,-5,-1,-5,0,-5,0,-5,0,-5,0,-5,0,-4,0,-4,1,-5,0,-4,0,-4,0,-4,0,-4,0,-4,0,-4,0,-3,-1,-3,0,-3,0,-3,0,-4,0,-3,0,-4,0,-3,0,-3,0,0,0,0,0,0,0,0,0,0,0,0,0,0,-22,49,-20,45,-16,47,-17,42,-11,40,-12,36,-12,32,-8,31,-7,27,-8,23,-4,21,-5,16,-7,15,-7,16,-2,9,-1,11,-2,9,0,2,-4,3,-1,1,-4,-1,-1,-4,-6,-4,-4,-14,-2,-10,-4,-12,-3,-14,-9,-16,-4,-19,-4,-22,-3,-23,-5,-23,-6,-22,-6,-25,-9,-24,-3,-25,-7,-24,-7,-28,-2,-23,-5,-25,-4,-24,-3,-27,-4,-23,-6,-23,-4,-20,-5,-21,-5,-20,-6,-17,-7,-19,-3,-14,-10,-17,-7,-17,-8,-16,-6,-13,-9,-15,-7,-19,-4,-20,0,0,0,0,0,0,0,0,0,0,0,0,0,0,0,0,0,0,0,0,0,0,5,-18,9,-18,4,-21,5,-26,5,-29,5,-32,6,-32,6,-37,3,-47,4,-45,6,-51,4,-50,5,-62,5,-66,7,-64,7,-62,3,-74,6,-69,7,-72,10,-74,10,-75,8,-86,5,-77,6,-85,4,-88,-1,-87,6,-83,1,-83,-2,-85,-6,-88,-5,-74,-5,-85,-13,-78,-16,-75,-16,-82,-23,-73,-21,-71,-26,-71,-29,-67,-36,-67,-33,-63,-43,-60,-42,-60,-49,-55,-49,-48,-42,-46,-51,-45,-51,-42,-56,-38,-55,-37,-58,-36,-64,-31,-65,-34,-56,-26,-65,-33,-61,-31,-61,-25,0,0]"
CSI_DATA,222,1a:00:00:00:00:00,-52,11,1,0,1,1,1,0,0,0,1,-96,0,11,2,3172436,0,44,0,384,0,"[0,0,0,0,0,0,0,0,0,0,0,0,-5,6,-4,5,-3,5,-4,4,-3,4,-3,3,-3,3,-2,3,-2,2,-2,2,-2,2,-2,1,-2,1,-1,0,-1,0,-1,0,-1,0,-1,-1,-1,-1,-1,-2,-1,-2,-1,-2,-1,-2,-1,-3,-1,-3,-1,-3,0,0,-1,-4,-1,-4,-1,-5,-1,-4,-1,-4,-1,-5,-1,-4,-1,-4,-1,-4,-1,-4,-1,-4,-1,-4,-1,-4,-1,-4,-1,-3,-1,-3,-1,-4,-1,-3,-1,-3,-1,-3,-1,-3,-2,-3,-1,-3,-1,-3,-1,-3,-1,-3,0,0,0,0,0,0,0,0,0,0,0,0,0,0,-27,43,-27,44,-24,47,-22,37,-22,38,-18,31,-20,31,-17,28,-12,26,-15,26,-12,20,-10,17,-7,17,-3,15,-7,10,-5,11,-4,7,-8,3,-4,3,-6,3,-6,-1,-4,-6,-4,-5,-6,-6,-1,-11,-9,-11,-2,-17,-8,-14,-8,-18,-6,-18,-9,-19,-10,-19,-6,-16,-9,-24,-11,-18,-4,-23,-6,-24,-7,-24,-4,-21,-6,-25,-5,-19,-4,-20,-5,-20,-7,-20,-7,-20,-5,-18,-6,-16,-8,-15,-8,-14,-6,-14,-6,-15,-9,-15,-8,-15,-8,-17,-7,-13,-7,-14,-10,-16,0,0,0,0,0,0,0,0,0,0,0,0,0,0,0,0,0,0,0,0,0,0,10,-16,12,-18,8,-20,9,-24,11,-27,13,-31,12,-32,14,-36,14,-43,15,-39,18,-47,19,-50,15,-61,17,-59,21,-61,18,-63,21,-75,22,-69,24,-72,21,-72,23,-76,27,-81,24,-74,20,-87,20,-87,15,-88,15,-84,13,-87,14,-83,8,-89,7,-74,6,-87,1,-84,-4,-77,0,-81,-12,-79,-8,-74,-19,-76,-19,-68,-23,-74,-25,-69,-35,-69,-35,-64,-37,-56,-40,-58,-40,-50,-47,-51,-45,-53,-51,-47,-49,-45,-55,-47,-58,-39,-58,-43,-55,-37,-63,-43,-59,-41,-56,-34,0,0]"
CSI_DATA,223,1a:00:00:00:00:00,-52,11,1,0,1,1,1,0,0,0,1,-96,0,11,2,3182388,0,44,0,384,0,"[0,0,0,0,0,0,0,0,0,0,0,0,4,-8,4,-7,3,-7,3,-6,2,-6,2,-5,2,-5,2,-4,1,-4,1,-3,1,-3,1,-3,0,-2,0,-1,0,-1,0,-1,0,-1,0,0,0,1,0,1,0,1,0,1,0,1,1,2,0,3,0,2,0,0,0,3,0,4,1,4,0,3,0,4,0,4,0,4,0,4,0,3,0,3,0,3,0,4,0,3,0,3,0,3,0,2,1,3,0,2,1,2,1,2,1,2,1,2,1,2,1,2,1,2,1,2,0,0,0,0,0,0,0,0,0,0,0,0,0,0,19,-21,15,-22,15,-24,13,-18,13,-19,12,-18,10,-18,8,-13,8,-13,8,-12,5,-13,6,-11,5,-8,6,-8,3,-7,1,-4,4,-5,2,-4,3,-2,1,-1,2,1,1,0,3,2,3,4,1,3,1,6,2,6,2,6,1,6,2,9,3,10,3,10,0,9,3,8,2,9,3,10,1,10,2,10,1,10,2,11,0,9,1,10,0,10,2,9,2,10,1,9,2,7,2,7,3,9,3,7,3,6,4,5,4,5,2,6,3,6,5,7,2,6,0,0,0,0,0,0,0,0,0,0,0,0,0,0,0,0,0,0,0,0,0,0,-6,9,-8,7,-8,8,-8,10,-9,11,-8,11,-9,15,-8,16,-10,18,-10,18,-12,22,-11,24,-13,26,-13,28,-15,27,-15,29,-15,35,-17,30,-15,35,-17,34,-17,35,-17,39,-16,36,-18,40,-15,40,-15,43,-16,39,-14,41,-14,38,-11,44,-9,37,-7,42,-6,41,-3,39,-5,42,0,38,-1,36,1,39,3,37,9,36,8,36,13,35,11,34,15,30,15,32,18,28,20,29,19,26,22,27,22,26,25,25,27,22,26,25,23,22,29,24,24,23,24,21,0,0]"
CSI_DATA,224,1a:00:00:00:00:00,-51,11,1,0,1,1,1,0,0,0,1,-96,0,11,2,3192363,0,44,0,384,0,"[0,0,0,0,0,0,0,0,0,0,0,0,-9,1,-9,1,-8,1,-7,0,-7,0,-6,0,-5,1,-4,1,-4,1,-4,0,-3,0,-3,0,-3,-1,-2,-1,-2,-1,-2,-1,-1,-1,-1,-1,-1,-2,-1,-2,0,-2,0,-3,1,-3,0,-4,1,-4,1,-4,0,0,1,-4,1,-5,1,-5,1,-4,1,-4,2,-5,1,-4,1,-4,1,-4,1,-4,1,-4,1,-4,1,-4,1,-4,1,-4,1,-4,0,-4,0,-4,0,-4,0,-4,0,-4,0,-4,-1,-4,0,-4,0,-4,0,-3,0,0,0,0,0,0,0,0,0,0,0,0,0,0,-27,-4,-27,-5,-27,-1,-24,0,-23,-2,-19,-1,-18,-2,-19,-2,-18,0,-14,-1,-13,1,-11,1,-11,0,-10,1,-7,-2,-7,-1,-6,-1,-5,-1,-3,-1,-4,-3,-3,-4,0,-4,-2,-3,1,-4,1,-3,1,-5,3,-5,2,-5,4,-7,4,-8,6,-8,6,-8,5,-6,7,-10,5,-10,8,-8,7,-8,7,-8,8,-7,7,-8,6,-8,7,-9,6,-8,6,-9,6,-7,4,-8,6,-8,4,-8,4,-7,3,-8,3,-9,4,-8,0,-9,3,-7,2,-8,2,-8,3,-6,0,0,0,0,0,0,0,0,0,0,0,0,0,0,0,0,0,0,0,0,0,0,8,2,10,1,10,2,12,2,13,1,16,1,17,0,18,0,21,-1,22,2,27,0,26,-1,31,-4,30,-1,31,1,34,-1,34,-3,35,-2,37,-3,39,-2,38,-2,43,-4,39,-5,43,-4,43,-7,42,-9,42,-6,41,-8,41,-9,42,-13,35,-12,39,-15,37,-15,36,-16,37,-17,31,-21,32,-20,32,-24,28,-24,29,-25,26,-25,24,-29,23,-27,20,-31,19,-29,16,-31,13,-31,15,-31,10,-32,10,-34,10,-34,6,-34,7,-34,4,-33,5,-35,4,-35,5,-33,0,0]"
CSI_DATA,225,1a:00:00:00:00:00,-52,11,1,0,1,1,1,0,0,0,1,-96,0,11,2,3202376,0,44,0,384,0,"[0,0,0,0,0,0,0,0,0,0,0,0,0,7,0,7,1,7,0,6,0,5,0,4,0,4,0,3,0,3,0,3,0,2,0,2,-1,1,0,1,-1,0,-1,1,-2,0,-2,0,-1,0,-2,-1,-2,-1,-2,-1,-3,-1,-3,-2,-3,-2,-3,-2,0,0,-3,-2,-4,-3,-3,-3,-4,-2,-3,-3,-3,-3,-3,-3,-3,-3,-3,-2,-4,-3,-4,-3,-3,-3,-3,-3,-3,-2,-3,-2,-3,-2,-3,-2,-3,-1,-3,-1,-3,-2,-3,-1,-3,-1,-3,-2,-3,-2,-3,-2,-3,-2,0,0,0,0,0,0,0,0,0,0,0,0,0,0,-10,55,-8,53,-2,50,-1,46,0,48,-4,40,-2,35,-1,36,1,28,-2,30,3,22,2,25,1,21,-2,17,-3,16,-2,12,-5,13,-3,11,-2,4,-7,4,-3,3,-5,1,-6,1,-9,0,-9,-3,-11,-4,-13,-2,-14,-6,-15,-7,-14,-5,-14,-10,-15,-9,-18,-10,-19,-12,-21,-9,-16,-16,-17,-14,-18,-13,-14,-13,-19,-10,-17,-13,-15,-12,-16,-12,-17,-11,-17,-9,-17,-7,-15,-7,-17,-8,-15,-4,-12,-3,-16,-2,-19,-4,-17,-3,-15,-4,-13,-2,-17,-3,-16,-4,0,0,0,0,0,0,0,0,0,0,0,0,0,0,0,0,0,0,0,0,0,0,8,-16,8,-19,8,-21,8,-25,6,-29,10,-29,9,-33,9,-37,9,-43,9,-45,9,-50,9,-52,8,-61,13,-62,11,-64,8,-66,7,-74,11,-73,7,-73,9,-73,7,-75,5,-88,6,-79,3,-84,2,-87,-3,-90,2,-89,-7,-84,-7,-83,-14,-89,-14,-72,-14,-83,-21,-77,-23,-73,-23,-80,-31,-68,-29,-69,-38,-70,-38,-61,-46,-64,-44,-61,-53,-54,-49,-50,-53,-45,-52,-43,-60,-35,-60,-32,-58,-29,-64,-29,-66,-23,-66,-26,-63,-19,-70,-21,-64,-16,-75,-19,-65,-15,-64,-10,0,0]"
CSI_DATA,226,1a:00:00:00:00:00,-51,11,1,0,1,1,1,0,0,0,1,-96,0,11,2,3212471,0,44,0,384,0,"[0,0,0,0,0,0,0,0,0,0,0,0,-1,7,-1,6,0,6,0,5,0,5,-1,5,0,4,0,3,-1,3,0,2,-1,2,-1,2,-1,1,-1,1,-1,1,-1,1,-1,0,-2,0,-2,-1,-2,-1,-2,-1,-2,-2,-3,-1,-3,-2,-3,-2,-3,-2,0,0,-3,-2,-3,-3,-3,-3,-4,-2,-3,-3,-3,-3,-3,-3,-3,-3,-3,-2,-3,-3,-4,-3,-3,-2,-3,-2,-3,-2,-3,-2,-3,-2,-3,-2,-3,-1,-3,-1,-3,-1,-3,-1,-3,-1,-3,-1,-3,-1,-3,-2,-3,-1,0,0,0,0,0,0,0,0,0,0,0,0,0,0,-12,54,-9,47,-6,51,-6,49,-5,41,-6,40,-5,35,-4,36,-2,29,-1,25,0,28,3,22,-1,18,-5,17,2,12,0,13,-2,12,-3,7,-5,6,-4,4,-4,4,-5,3,-7,2,-7,0,-8,-4,-13,-6,-12,-4,-14,-8,-13,-10,-14,-8,-15,-10,-16,-12,-17,-13,-18,-15,-16,-14,-16,-14,-15,-15,-16,-16,-15,-18,-14,-15,-16,-14,-13,-13,-14,-16,-17,-15,-13,-14,-14,-14,-14,-12,-13,-10,-16,-7,-17,-7,-12,-7,-13,-7,-11,-7,-14,-8,-14,-9,-17,-4,-14,-8,0,0,0,0,0,0,0,0,0,0,0,0,0,0,0,0,0,0,0,0,0,0,3,-18,3,-20,1,-21,0,-28,1,-28,2,-34,1,-35,2,-39,-1,-45,1,-46,-3,-52,-8,-53,-10,-58,-9,-64,-1,-66,-3,-66,-10,-76,-4,-71,-5,-75,-8,-81,-4,-81,-6,-85,-10,-79,-17,-87,-13,-86,-23,-85,-18,-85,-15,-81,-19,-84,-24,-86,-22,-70,-31,-84,-28,-77,-33,-72,-35,-77,-40,-66,-38,-66,-44,-61,-45,-58,-52,-58,-47,-54,-54,-50,-53,-47,-59,-41,-59,-39,-53,-34,-60,-31,-60,-29,-65,-26,-62,-21,-66,-20,-67,-16,-74,-22,-64,-11,-66,-10,-64,-9,-64,-8,0,0]"
CSI_DATA,227,1a:00:00:00:00:00,-52,11,1,0,1,1,1,0,0,0,1,-96,0,11,2,3222522,0,44,0,384,0,"[0,0,0,0,0,0,0,0,0,0,0,0,5,6,5,5,5,5,4,5,4,4,3,4,3,3,2,2,2,2,2,2,1,2,1,2,1,1,1,1,0,1,0,1,-1,0,-1,1,-1,0,-1,1,-2,0,-2,0,-3,0,-3,0,-3,0,-4,1,0,0,-4,1,-4,0,-4,1,-5,1,-4,0,-4,0,-4,0,-4,0,-5,1,-4,1,-4,1,-4,0,-4,0,-4,0,-4,0,-3,1,-3,1,-3,1,-3,1,-3,1,-3,1,-3,1,-3,1,-3,1,-3,1,-3,1,0,0,0,0,0,0,0,0,0,0,0,0,0,0,35,46,32,37,36,34,29,36,32,33,26,28,30,27,24,24,17,19,20,19,17,16,13,13,18,10,14,14,10,11,11,6,6,10,4,8,1,10,-4,6,-4,6,-4,4,-4,5,-6,5,-8,1,-9,1,-9,4,-14,5,-14,2,-15,4,-18,7,-18,0,-19,5,-16,6,-19,7,-19,2,-21,3,-23,5,-21,3,-18,5,-16,5,-19,4,-19,3,-16,-1,-18,5,-16,8,-16,8,-17,5,-15,7,-12,5,-15,6,-17,8,-14,9,-14,10,-13,10,-12,7,-12,5,0,0,0,0,0,0,0,0,0,0,0,0,0,0,0,0,0,0,0,0,0,0,-11,-21,-11,-19,-9,-20,-17,-21,-17,-23,-21,-30,-22,-25,-23,-30,-31,-33,-29,-35,-33,-39,-37,-39,-45,-47,-41,-48,-43,-50,-46,-50,-58,-52,-45,-54,-50,-54,-50,-56,-56,-59,-62,-60,-60,-53,-65,-57,-68,-56,-74,-49,-69,-56,-69,-53,-67,-50,-79,-44,-67,-37,-73,-47,-72,-37,-74,-31,-75,-31,-75,-26,-71,-20,-77,-12,-76,-11,-78,-7,-78,-5,-73,1,-74,3,-66,9,-65,8,-68,9,-65,19,-64,23,-62,25,-59,33,-59,32,-57,38,-63,38,-53,35,-64,42,-55,44,-52,37,0,0]"
CSI_DATA,228,1a:00:00:00:00:00,-52,11,1,0,1,1,1,0,0,0,1,-96,0,11,2,3232444,0,44,0,384,0,"[0,0,0,0,0,0,0,0,0,0,0,0,-9,-1,-8,-1,-8,-1,-7,-1,-6,-1,-6,0,-5,-1,-4,0,-4,0,-4,-1,-3,-1,-3,0,-3,-1,-2,-1,-2,-1,-2,-1,-1,-1,-1,-1,-1,-2,-1,-2,0,-2,0,-3,0,-2,0,-3,1,-3,1,-3,0,0,1,-3,1,-4,1,-4,1,-4,1,-4,1,-4,1,-4,1,-3,1,-4,2,-4,2,-3,1,-3,1,-3,1,-3,1,-3,1,-3,0,-3,1,-3,0,-3,0,-3,0,-3,0,-3,0,-3,0,-3,0,-3,0,-3,0,0,0,0,0,0,0,0,0,0,0,0,0,0,-29,-10,-25,-7,-25,-4,-23,-3,-21,-5,-20,-5,-16,-3,-18,-4,-15,-1,-15,-1,-12,-1,-11,-2,-10,-3,-10,0,-8,-2,-7,0,-7,0,-5,-1,-4,-1,-4,-4,-4,-4,-2,-4,0,-5,-1,-4,1,-5,3,-5,1,-4,2,-7,3,-6,3,-6,4,-7,4,-9,7,-8,5,-10,5,-7,7,-8,5,-8,5,-8,7,-6,4,-8,4,-8,6,-6,5,-7,6,-7,4,-7,2,-8,3,-7,3,-5,3,-6,2,-7,2,-8,4,-7,2,-9,2,-8,3,-9,0,-8,2,-7,0,0,0,0,0,0,0,0,0,0,0,0,0,0,0,0,0,0,0,0,0,0,7,5,8,6,8,5,13,7,13,6,13,6,16,5,17,7,21,7,21,8,23,9,25,8,29,9,29,8,28,11,31,9,36,9,34,10,34,9,35,8,37,8,40,10,39,8,43,8,42,8,42,4,41,4,43,4,41,3,45,-1,36,-2,42,-3,40,-5,38,-7,41,-5,36,-11,36,-11,36,-15,33,-16,34,-19,31,-17,29,-24,28,-22,23,-24,24,-25,20,-24,20,-26,19,-28,15,-29,15,-29,15,-29,11,-33,15,-32,11,-31,9,-31,8,-36,9,-32,0,0]"
CSI_DATA,229,1a:00:00:00:00:00,-52,11,1,0,1,1,1,0,0,0,1,-96,0,11,2,3243145,0,44,0,384,0,"[0,0,0,0,0,0,0,0,0,0,0,0,4,-8,3,-7,2,-7,3,-6,2,-5,2,-5,2,-5,2,-4,1,-4,1,-3,1,-3,1,-3,1,-2,0,-2,1,-1,1,-2,1,-1,1,-1,1,0,1,0,1,1,1,1,0,1,1,1,1,2,1,2,0,0,1,2,1,3,1,3,1,3,1,3,1,3,1,3,1,3,1,2,1,3,1,3,1,3,1,3,0,2,1,2,1,2,1,2,1,2,1,2,1,1,1,2,1,2,1,2,1,1,1,1,1,1,0,0,0,0,0,0,0,0,0,0,0,0,0,0,18,-23,16,-20,15,-21,11,-21,13,-19,10,-17,10,-17,9,-17,8,-12,8,-12,5,-10,5,-10,4,-10,5,-7,4,-8,3,-8,5,-7,3,-5,3,-2,4,-3,2,-1,2,0,5,-1,3,0,2,2,2,3,2,3,2,5,2,6,2,7,3,8,2,9,3,9,2,8,3,8,3,8,4,10,3,8,2,9,5,9,1,8,1,10,2,9,2,8,3,8,4,6,3,7,3,4,3,6,4,6,3,6,3,4,3,5,2,5,5,6,3,5,3,4,0,0,0,0,0,0,0,0,0,0,0,0,0,0,0,0,0,0,0,0,0,0,-6,7,-7,8,-6,8,-8,11,-8,12,-9,14,-9,15,-11,16,-10,20,-10,19,-13,22,-14,22,-13,29,-15,27,-18,28,-14,28,-18,35,-18,30,-17,32,-19,33,-18,33,-20,39,-16,36,-18,40,-18,40,-14,40,-17,39,-15,42,-13,38,-11,44,-10,34,-11,43,-8,39,-4,37,-5,40,1,38,-1,36,3,37,4,35,6,37,6,36,11,32,11,34,15,29,14,28,17,27,16,28,20,24,22,24,21,26,19,25,24,22,24,25,22,21,27,24,25,21,25,21,0,0]"
CSI_DATA,230,1a:00:00:00:00:00,-52,11,1,0,1,1,1,0,0,0,1,-96,0,11,2,3272383,0,44,0,384,0,"[0,0,0,0,0,0,0,0,0,0,0,0,8,1,8,0,7,1,7,1,6,1,5,0,5,0,4,0,4,0,3,0,3,0,2,0,3,0,2,0,1,0,1,0,1,0,0,1,0,1,0,1,0,1,-1,1,-2,1,-1,2,-1,1,-2,1,0,0,-3,2,-2,2,-2,2,-3,2,-3,2,-3,2,-3,2,-3,1,-3,2,-3,2,-3,2,-2,1,-2,2,-2,1,-2,1,-2,2,-2,2,-2,2,-2,2,-2,2,-2,2,-2,2,-1,2,-1,2,-2,2,-2,2,0,0,0,0,0,0,0,0,0,0,0,0,0,0,26,6,26,5,26,2,22,4,24,1,21,1,18,0,17,0,16,1,13,1,13,-1,11,1,12,-1,10,-1,9,-2,7,-2,7,0,4,-1,4,1,5,1,3,1,2,2,2,0,-2,2,-1,2,-1,3,-2,5,-1,5,-2,5,-3,3,-3,6,-4,6,-2,6,-4,5,-3,7,-6,6,-6,7,-7,6,-6,5,-4,6,-5,6,-5,7,-5,4,-5,5,-2,4,-3,5,-4,4,-3,6,-2,5,-3,6,-3,5,-3,6,-2,4,-2,5,0,7,-2,8,-2,6,0,0,0,0,0,0,0,0,0,0,0,0,0,0,0,0,0,0,0,0,0,0,-9,-5,-9,-5,-12,-4,-12,-5,-16,-5,-16,-6,-17,-6,-19,-5,-24,-5,-24,-5,-26,-6,-29,-4,-32,-3,-32,-4,-31,-6,-35,-4,-37,-3,-39,-5,-36,-4,-38,-6,-42,-8,-44,-6,-41,-2,-44,-1,-46,-1,-45,4,-44,0,-44,3,-43,0,-43,5,-40,7,-42,8,-41,6,-38,11,-40,11,-37,13,-35,16,-33,19,-30,19,-30,22,-28,21,-28,25,-27,25,-23,27,-20,25,-20,27,-20,28,-17,30,-15,32,-16,32,-10,32,-8,33,-10,32,-9,33,-8,35,-8,33,-6,31,0,0]"
CSI_DATA,231,1a:00:00:00:00:00,-52,11,1,0,1,1,1,0,0,0,1,-96,0,11,2,3282393,0,44,0,384,0,"[0,0,0,0,0,0,0,0,0,0,0,0,1,-9,0,-8,-1,-8,0,-8,0,-7,0,-6,0,-6,0,-5,0,-5,-1,-4,0,-4,0,-4,0,-3,0,-3,0,-2,0,-2,0,-2,0,-1,0,-1,1,-1,1,0,1,0,1,0,1,0,1,0,1,0,0,0,2,1,2,2,2,2,2,1,2,2,2,2,2,2,2,2,2,2,2,1,2,2,1,2,1,2,1,2,1,1,2,1,1,1,1,0,2,0,1,0,1,1,2,1,2,1,2,1,2,1,2,1,0,0,0,0,0,0,0,0,0,0,0,0,0,0,5,-30,3,-27,2,-27,4,-26,1,-24,2,-21,0,-21,0,-18,0,-17,-1,-16,-1,-15,1,-13,-1,-14,0,-12,-1,-9,-1,-10,0,-9,0,-8,3,-5,0,-5,-1,-5,2,-2,1,-4,3,-3,3,-2,4,0,4,-1,5,0,3,1,6,2,4,3,7,2,6,3,6,4,6,4,4,5,7,4,6,3,6,5,6,4,5,4,7,3,5,4,6,3,5,2,5,3,4,2,6,2,7,2,4,0,5,0,3,2,5,1,5,0,6,1,6,0,5,0,0,0,0,0,0,0,0,0,0,0,0,0,0,0,0,0,0,0,0,0,0,0,-3,8,-3,10,-4,10,-3,13,-5,14,-5,15,-2,17,-4,19,-2,22,-3,23,-3,26,-4,28,-1,33,-3,32,-5,33,-3,34,-3,38,-5,37,-2,38,-1,39,-4,41,-1,43,0,42,-1,42,0,44,5,44,2,43,4,42,4,40,7,43,8,37,11,43,11,39,11,37,14,41,16,36,17,34,20,33,21,28,23,29,21,28,25,26,25,26,28,21,26,20,29,17,31,16,30,14,30,13,32,13,31,10,33,7,33,9,31,7,35,7,33,6,33,4,0,0]"
CSI_DATA,232,1a:00:00:00:00:00,-53,11,1,0,1,1,1,0,0,0,1,-96,0,11,2,3292442,0,44,0,384,0,"[0,0,0,0,0,0,0,0,0,0,0,0,-7,-7,-6,-6,-7,-6,-6,-5,-6,-5,-5,-4,-5,-3,-4,-4,-4,-3,-4,-3,-3,-3,-3,-3,-3,-2,-2,-2,-2,-2,-1,-2,-1,-2,-1,-2,-1,-1,-1,-2,0,-2,0,-1,1,-1,1,-1,1,-1,2,-2,0,0,2,-1,2,-1,2,-1,3,-2,3,-1,2,-1,2,-1,2,-1,2,-1,3,-1,3,-1,2,-1,2,-1,2,-1,2,-1,2,-1,1,-1,2,-2,2,-2,2,-2,2,-2,1,-2,1,-2,2,-2,2,-2,2,-2,0,0,0,0,0,0,0,0,0,0,0,0,0,0,-38,-40,-41,-36,-42,-30,-37,-29,-38,-32,-33,-26,-30,-26,-30,-22,-28,-18,-23,-20,-26,-17,-22,-14,-19,-15,-15,-14,-17,-11,-14,-8,-11,-11,-10,-9,-8,-9,-7,-7,-5,-6,-6,-8,-1,-9,1,-2,-1,-6,1,-9,4,-7,8,-8,10,-4,7,-7,11,-8,11,-8,13,-8,13,-6,12,-10,14,-4,16,-8,14,-8,12,-7,17,-4,16,-6,14,-5,14,-8,11,-6,14,-8,10,-10,8,-5,8,-7,7,-7,11,-6,6,-10,5,-11,9,-10,8,-10,9,-9,7,-9,9,-10,0,0,0,0,0,0,0,0,0,0,0,0,0,0,0,0,0,0,0,0,0,0,11,15,14,19,13,19,19,21,23,22,22,24,25,22,29,28,36,30,35,31,38,37,37,34,48,38,52,39,49,41,53,39,65,43,58,45,58,41,62,47,65,50,70,45,68,47,71,46,79,49,77,42,72,42,76,39,77,37,80,30,70,23,79,27,77,23,74,18,80,18,76,12,74,10,78,4,73,5,75,-2,75,-9,75,-17,70,-18,65,-22,61,-21,61,-31,59,-30,63,-33,55,-37,59,-43,55,-41,49,-48,56,-49,47,-47,52,-50,48,-50,41,-46,0,0]"
CSI_DATA,233,1a:00:00:00:00:00,-52,11,1,0,1,1,1,0,0,0,1,-96,0,11,2,3303001,0,44,0,384,0,"[0,0,0,0,0,0,0,0,0,0,0,0,-9,5,-7,5,-6,5,-7,4,-6,3,-5,3,-5,3,-5,3,-4,3,-4,2,-4,2,-4,2,-3,1,-3,1,-3,0,-2,1,-2,1,-2,0,-2,-1,-2,-1,-2,-2,-2,-2,-2,-1,-1,-2,-2,-2,-1,-2,0,0,-1,-2,-1,-3,-1,-4,-1,-3,-1,-3,-1,-4,-1,-3,-1,-4,-1,-3,0,-3,0,-3,-1,-3,-1,-3,-1,-3,-1,-3,-1,-3,-1,-3,-1,-2,-1,-3,-2,-2,-2,-3,-2,-2,-2,-3,-2,-3,-2,-3,-2,-3,0,0,0,0,0,0,0,0,0,0,0,0,0,0,-40,41,-36,38,-35,45,-34,36,-26,35,-24,37,-27,31,-23,35,-16,26,-19,22,-16,25,-18,19,-11,23,-9,17,-13,13,-9,16,-8,8,-8,9,-9,7,-9,9,-9,6,-7,1,-10,4,-7,0,-8,-4,-7,-2,-8,-7,-7,-7,-6,-6,-6,-8,-3,-11,-5,-14,-7,-12,-6,-14,-6,-14,-6,-15,-5,-13,-6,-15,-4,-10,-4,-12,-5,-14,-6,-13,-6,-14,-4,-13,-8,-14,-7,-10,-4,-12,-4,-11,-3,-9,-10,-10,-10,-9,-8,-8,-6,-9,-10,-7,-10,-8,-4,-10,-6,-11,0,0,0,0,0,0,0,0,0,0,0,0,0,0,0,0,0,0,0,0,0,0,10,-17,15,-19,13,-18,18,-24,16,-24,20,-28,20,-31,23,-32,21,-43,23,-41,27,-44,26,-45,26,-56,29,-56,35,-55,28,-60,33,-69,32,-62,35,-68,33,-65,39,-68,37,-71,38,-72,35,-80,35,-81,30,-79,30,-76,29,-81,25,-79,24,-87,19,-73,18,-81,16,-77,11,-76,11,-81,2,-74,2,-72,-4,-77,-7,-74,-13,-75,-11,-72,-20,-69,-25,-67,-29,-61,-28,-60,-27,-56,-34,-57,-39,-54,-38,-49,-44,-55,-44,-50,-44,-46,-47,-50,-45,-45,-55,-48,-50,-43,-48,-42,0,0]"
CSI_DATA,234,1a:00:00:00:00:00,-52,11,1,0,1,1,1,0,0,0,1,-96,0,11,2,3312617,0,44,0,384,0,"[0,0,0,0,0,0,0,0,0,0,0,0,-6,-8,-5,-7,-6,-7,-5,-7,-5,-6,-4,-6,-4,-5,-4,-4,-3,-4,-4,-4,-3,-4,-3,-3,-3,-3,-2,-3,-2,-2,-2,-3,-1,-2,-1,-2,-1,-2,-1,-2,0,-2,0,-1,0,-2,1,-2,1,-1,1,-1,0,0,2,-2,2,-2,2,-1,2,-2,2,-1,2,-1,2,-1,2,-1,2,-1,3,-1,2,-1,2,-1,2,-1,2,-1,2,-1,2,-2,2,-2,1,-2,1,-2,1,-2,1,-2,1,-2,1,-2,1,-2,1,-2,1,-2,0,0,0,0,0,0,0,0,0,0,0,0,0,0,-15,-58,-11,-51,-21,-51,-16,-48,-16,-46,-16,-43,-16,-35,-17,-40,-13,-34,-11,-32,-13,-28,-11,-28,-13,-22,-11,-21,-8,-24,-8,-16,-6,-19,-8,-13,-3,-13,-5,-12,-2,-14,-1,-10,2,-10,4,-4,2,-6,5,-6,5,-6,8,-4,8,-2,6,-5,11,-4,10,-2,11,0,12,0,12,-4,13,0,14,-2,16,-3,16,2,14,1,12,-1,12,0,14,2,12,1,12,-2,12,1,13,-4,10,-3,11,-3,9,-4,10,-2,12,-4,12,-8,10,-4,14,-5,11,-7,12,-5,0,0,0,0,0,0,0,0,0,0,0,0,0,0,0,0,0,0,0,0,0,0,2,20,1,23,5,24,5,27,5,28,4,33,11,34,9,39,14,44,14,45,14,49,20,52,20,54,22,60,23,64,23,61,31,72,24,69,29,69,28,69,27,79,35,77,31,73,39,77,41,83,44,75,40,74,43,73,45,71,53,75,47,62,53,67,53,59,58,54,60,56,63,50,60,45,65,44,61,37,64,36,62,36,72,25,70,23,71,15,63,13,65,10,72,5,66,2,70,-6,68,-6,64,-5,69,-10,71,-11,61,-16,71,-18,70,-21,61,-21,0,0]"
CSI_DATA,235,1a:00:00:00:00:00,-52,11,1,0,1,1,1,0,0,0,1,-96,0,11,2,3322436,0,44,0,384,0,"[0,0,0,0,0,0,0,0,0,0,0,0,-6,-7,-6,-6,-6,-5,-5,-6,-5,-5,-4,-4,-4,-4,-4,-4,-4,-3,-4,-3,-3,-3,-3,-3,-3,-2,-3,-3,-2,-2,-2,-2,-1,-2,-1,-2,-1,-2,-1,-2,0,-2,0,-2,0,-2,0,-2,1,-1,1,-2,0,0,2,-2,2,-1,2,-1,2,-2,2,-1,2,-1,2,-1,2,-1,2,-1,2,-1,2,-1,1,-1,1,-1,1,-1,1,-1,2,-2,1,-2,1,-2,1,-2,1,-2,1,-2,1,-2,1,-2,1,-2,1,-2,1,-2,0,0,0,0,0,0,0,0,0,0,0,0,0,0,-22,-53,-19,-50,-23,-50,-19,-44,-21,-44,-18,-39,-20,-37,-20,-33,-14,-31,-16,-30,-16,-29,-13,-23,-13,-23,-12,-20,-11,-21,-11,-16,-13,-16,-7,-12,-6,-14,-3,-12,-3,-14,-3,-9,-1,-7,2,-9,3,-8,8,-8,4,-6,6,-2,6,-1,13,-6,10,-6,11,-5,12,-2,12,-3,12,-6,12,0,13,-4,15,1,11,0,14,-1,13,-3,15,-1,15,-1,12,-1,13,-1,14,-4,12,-3,13,-3,8,-4,11,-3,11,-6,9,-7,10,-3,10,-6,8,-7,12,-6,7,-6,0,0,0,0,0,0,0,0,0,0,0,0,0,0,0,0,0,0,0,0,0,0,5,20,7,19,5,23,11,27,13,27,10,32,11,34,15,37,18,43,18,39,20,46,24,45,32,53,27,53,26,58,27,57,40,62,30,61,35,63,36,69,37,69,39,72,40,66,51,71,48,67,55,63,50,69,53,65,49,62,61,61,54,50,60,61,58,58,58,48,62,53,64,40,58,36,71,32,65,27,73,24,66,26,68,13,71,14,65,8,64,7,65,-1,64,-2,67,-11,65,-8,67,-12,66,-16,65,-23,69,-19,61,-18,66,-24,61,-22,56,-20,0,0]"
CSI_DATA,236,1a:00:00:00:00:00,-52,11,1,0,1,1,1,0,0,0,1,-96,0,11,2,3332591,0,44,0,384,0,"[0,0,0,0,0,0,0,0,0,0,0,0,7,-6,7,-6,6,-6,6,-5,5,-4,5,-4,4,-4,3,-4,3,-4,3,-3,3,-3,2,-3,2,-2,2,-2,2,-1,2,-2,1,-2,1,-1,1,0,1,0,1,0,1,0,0,0,0,1,0,1,0,1,0,0,0,1,0,2,0,2,0,2,0,2,-1,2,-1,2,0,2,-1,2,-1,2,-1,2,-1,2,-1,2,-1,2,-1,2,0,2,0,2,0,2,0,1,0,1,0,2,0,2,0,2,0,2,0,2,0,2,0,0,0,0,0,0,0,0,0,0,0,0,0,0,21,-23,17,-21,16,-21,14,-19,15,-18,13,-16,11,-18,11,-17,11,-15,10,-15,9,-13,8,-10,7,-13,6,-10,6,-9,5,-9,5,-9,4,-5,5,-5,4,-3,4,-4,3,-4,4,-4,3,-3,4,0,4,-1,3,1,6,1,3,3,4,4,4,4,4,6,2,6,2,6,3,5,2,6,4,6,4,5,2,6,2,5,2,6,3,6,2,5,3,4,2,5,3,4,3,5,3,5,4,4,3,2,3,4,3,4,4,4,5,4,2,4,4,5,5,5,0,0,0,0,0,0,0,0,0,0,0,0,0,0,0,0,0,0,0,0,0,0,-6,6,-8,9,-7,9,-9,11,-8,12,-10,15,-9,15,-12,17,-11,19,-13,20,-14,23,-14,24,-13,29,-14,27,-16,26,-16,30,-15,34,-18,32,-17,32,-18,33,-19,35,-18,38,-18,37,-16,39,-18,39,-14,43,-14,39,-15,41,-12,41,-11,42,-9,37,-10,41,-8,40,-5,38,-6,42,-1,39,1,39,4,39,3,35,7,37,6,35,11,35,12,35,14,30,13,29,15,30,17,27,18,28,21,25,22,27,24,25,24,24,25,25,23,22,25,24,27,24,24,22,0,0]"
CSI_DATA,237,1a:00:00:00:00:00,-52,11,1,0,1,1,1,0,0,0,1,-96,0,11,2,3343221,0,44,0,384,0,"[0,0,0,0,0,0,0,0,0,0,0,0,7,-3,7,-3,6,-3,6,-2,6,-2,5,-2,5,-2,4,-3,4,-2,3,-2,3,-2,3,-2,2,-1,2,-1,2,-1,2,-1,2,-1,1,-1,1,0,1,0,1,0,1,1,0,0,1,1,0,1,0,1,0,0,0,1,0,2,0,2,-1,1,0,2,-1,2,0,2,0,2,-1,2,-1,1,-1,2,-1,2,0,2,0,2,-1,1,0,2,0,1,0,1,0,1,0,1,0,1,0,1,0,1,1,2,0,1,0,1,0,0,0,0,0,0,0,0,0,0,0,0,0,0,54,-2,54,0,54,-7,50,-2,49,-3,44,-2,40,-6,36,-6,30,-6,32,-3,29,-7,24,-4,24,-4,22,-1,18,-2,15,-4,19,0,15,-2,12,-2,12,-1,9,-1,8,1,6,2,7,2,1,7,5,3,3,7,5,9,1,8,0,8,-2,11,-1,8,-1,14,-5,9,-1,11,-4,10,-6,12,-4,13,-5,13,-4,12,-5,11,-7,12,-6,10,-2,9,-1,10,-6,12,-1,10,-4,15,-2,12,0,6,4,10,1,9,-2,10,-4,9,-2,12,0,14,-1,10,0,0,0,0,0,0,0,0,0,0,0,0,0,0,0,0,0,0,0,0,0,0,-22,0,-23,0,-25,1,-28,2,-30,4,-32,0,-36,7,-39,6,-46,10,-47,6,-53,6,-52,6,-61,11,-61,10,-64,8,-65,10,-71,19,-68,14,-71,15,-74,15,-77,15,-84,18,-76,17,-81,24,-83,24,-81,26,-82,24,-78,32,-77,31,-74,37,-70,35,-69,36,-68,39,-63,39,-67,46,-54,46,-61,46,-56,51,-54,48,-51,56,-45,57,-40,64,-37,60,-28,64,-29,58,-19,59,-23,60,-21,65,-13,66,-14,66,-8,66,-4,69,-9,70,-4,64,-2,70,3,68,2,69,0,0]"
CSI_DATA,238,1a:00:00:00:00:00,-52,11,1,0,1,1,1,0,0,0,1,-96,0,11,2,3352668,0,44,0,384,0,"[0,0,0,0,0,0,0,0,0,0,0,0,-9,-3,-9,-3,-9,-2,-8,-3,-7,-2,-7,-2,-6,-1,-6,-1,-5,-2,-5,-1,-5,-1,-4,-1,-4,-1,-4,-1,-4,-1,-3,-1,-2,-1,-2,-1,-2,-2,-2,-1,-2,-2,-1,-2,-1,-2,-1,-3,-1,-2,0,-3,0,0,0,-3,0,-3,0,-3,0,-3,0,-3,0,-3,0,-3,1,-3,1,-3,1,-3,1,-3,0,-3,0,-3,0,-3,0,-3,0,-3,0,-3,0,-3,0,-2,0,-3,0,-3,0,-3,-1,-3,-1,-3,-1,-3,0,-3,0,0,0,0,0,0,0,0,0,0,0,0,0,0,-26,-13,-25,-11,-26,-7,-24,-9,-23,-8,-22,-8,-21,-6,-20,-5,-16,-5,-15,-6,-16,-2,-15,-4,-12,-3,-12,-2,-10,-3,-11,-3,-11,-2,-8,-3,-6,-3,-7,-1,-7,-3,-3,-3,-4,-3,-4,-3,-2,-5,0,-4,-3,-4,1,-6,0,-6,-1,-6,1,-6,1,-4,2,-6,2,-7,3,-7,3,-7,2,-6,2,-6,3,-7,2,-6,2,-7,1,-7,4,-6,5,-5,2,-5,2,-6,1,-6,0,-7,3,-6,0,-6,0,-6,-1,-7,-1,-7,0,-5,0,-7,0,-6,0,-6,0,0,0,0,0,0,0,0,0,0,0,0,0,0,0,0,0,0,0,0,0,0,6,8,7,7,8,7,10,7,13,10,13,11,15,9,15,11,20,12,18,13,23,14,23,13,28,15,27,15,27,17,29,16,34,18,32,18,33,16,35,18,35,19,38,16,37,16,40,16,41,16,40,11,39,14,40,12,41,9,43,8,38,3,44,7,41,2,39,0,42,-1,37,-4,36,-6,37,-9,36,-10,35,-12,34,-12,33,-17,32,-19,28,-19,28,-18,26,-24,23,-24,23,-25,21,-26,21,-27,21,-28,18,-30,20,-31,16,-30,16,-33,13,-31,15,-32,0,0]"
CSI_DATA,239,1a:00:00:00:00:00,-52,11,1,0,1,1,1,0,0,0,1,-96,0,11,2,3372383,0,44,0,384,0,"[0,0,0,0,0,0,0,0,0,0,0,0,5,-8,4,-8,3,-7,3,-7,3,-6,3,-6,3,-6,3,-5,2,-5,1,-4,2,-4,2,-4,1,-4,1,-3,1,-2,1,-3,1,-2,1,-2,1,-1,1,-1,1,0,1,0,1,0,1,0,1,0,1,1,0,0,1,1,1,2,1,2,1,2,1,2,1,2,1,2,1,2,1,2,0,2,1,2,1,2,0,2,1,2,1,1,1,1,1,1,1,1,1,1,1,1,1,1,1,1,1,1,1,1,1,1,1,1,0,0,0,0,0,0,0,0,0,0,0,0,0,0,18,-23,16,-23,15,-24,11,-21,11,-21,12,-20,9,-18,8,-18,9,-16,8,-15,7,-13,7,-13,5,-14,6,-11,3,-11,4,-9,7,-9,4,-8,5,-9,4,-4,3,-4,3,-3,2,-4,3,-3,3,-2,3,0,5,1,3,-1,4,1,4,2,6,1,4,2,4,4,4,4,6,3,6,5,6,6,5,2,3,6,6,3,4,2,4,4,3,3,3,4,4,3,6,3,3,3,4,2,5,2,3,2,6,1,5,2,5,2,5,0,5,1,7,2,5,2,0,0,0,0,0,0,0,0,0,0,0,0,0,0,0,0,0,0,0,0,0,0,-9,4,-10,6,-10,6,-13,7,-12,8,-15,10,-15,11,-18,12,-18,15,-19,15,-20,17,-20,18,-22,24,-22,22,-26,21,-22,24,-25,28,-25,26,-25,28,-25,30,-26,29,-29,33,-25,32,-27,35,-27,36,-23,38,-24,36,-23,37,-18,36,-19,42,-13,34,-16,38,-13,37,-10,38,-12,39,-7,38,-5,38,-4,38,-2,36,1,38,3,37,9,35,9,36,11,31,12,31,13,31,15,29,18,29,20,28,21,26,21,24,24,25,25,27,23,21,25,25,26,23,27,21,0,0]"
CSI_DATA,240,1a:00:00:00:00:00,-52,11,1,0,1,1,1,0,0,0,1,-96,0,11,2,3382589,0,44,0,384,0,"[0,0,0,0,0,0,0,0,0,0,0,0,-2,9,-1,8,-1,7,-1,8,-1,6,-1,6,-1,6,-1,5,-1,5,0,4,-1,4,-1,4,-1,3,-1,2,-1,2,-1,2,-1,2,-1,1,-1,1,-1,1,-2,0,-2,0,-2,0,-2,-1,-2,-1,-2,0,0,0,-3,-1,-3,-1,-3,-2,-3,-1,-3,-2,-3,-2,-3,-2,-3,-2,-3,-1,-3,-1,-3,-2,-3,-2,-3,-2,-2,-1,-3,-1,-3,-1,-2,-1,-3,-1,-3,-1,-2,-1,-3,-1,-3,-1,-3,-1,-3,-1,-3,-1,-3,-1,0,0,0,0,0,0,0,0,0,0,0,0,0,0,-6,25,-6,23,-2,25,-6,22,-4,23,-4,20,-2,18,-2,18,-2,14,-1,15,0,13,-1,11,-2,12,-1,9,-2,9,-1,10,-2,9,-1,8,-3,5,-1,5,-2,6,-2,5,-3,3,-2,2,-4,1,-5,2,-2,1,-4,1,-5,0,-5,-1,-5,-1,-5,-2,-6,-2,-6,-1,-6,-2,-6,-2,-6,-3,-8,-5,-6,-4,-6,-3,-5,-3,-6,-3,-6,-2,-6,-3,-6,-1,-6,-3,-5,-3,-6,-1,-7,-1,-4,-1,-5,-1,-8,0,-5,-1,-5,-1,-7,-1,-6,1,-6,-1,0,0,0,0,0,0,0,0,0,0,0,0,0,0,0,0,0,0,0,0,0,0,6,-8,3,-12,6,-10,3,-16,6,-11,7,-15,7,-15,4,-15,2,-21,6,-21,5,-23,5,-29,6,-25,1,-29,5,-24,11,-36,-4,-37,2,-29,12,-37,3,-30,3,-39,1,-37,4,-35,-2,-44,-3,-42,-9,-39,0,-35,-2,-46,-3,-35,-5,-38,-8,-42,-2,-41,-8,-30,-4,-32,-16,-34,-1,-19,-1,-41,-21,-34,-21,-30,-23,-28,-20,-29,-22,-25,-22,-26,-27,-22,-26,-20,-23,-18,-26,-20,-27,-18,-28,-14,-30,-13,-30,-13,-32,-10,-31,-13,-28,-9,-33,-7,-31,-7,-28,-10,0,0]"
CSI_DATA,241,1a:00:00:00:00:00,-52,11,1,0,1,1,1,0,0,0,1,-96,0,11,2,3403182,0,44,0,384,0,"[0,0,0,0,0,0,0,0,0,0,0,0,5,-8,4,-8,4,-7,4,-7,3,-6,3,-6,3,-6,2,-6,2,-5,1,-4,2,-5,1,-4,1,-3,1,-3,1,-3,1,-3,1,-2,0,-2,1,-1,1,-1,1,-1,1,0,1,0,1,0,1,0,1,0,0,0,1,1,1,2,1,2,1,1,1,1,1,2,1,2,1,2,1,2,1,1,1,1,1,2,1,2,1,1,1,1,1,1,1,1,1,1,1,1,1,1,1,1,1,0,1,1,2,0,1,0,1,0,0,0,0,0,0,0,0,0,0,0,0,0,0,0,46,-33,43,-33,38,-40,40,-30,37,-32,34,-31,30,-33,27,-29,25,-28,25,-23,19,-24,18,-17,15,-20,17,-17,15,-16,14,-18,14,-15,11,-11,9,-9,10,-8,9,-7,8,-8,9,-5,7,-4,7,2,9,-2,8,6,6,2,8,5,4,9,7,10,7,7,3,9,2,13,5,16,5,15,3,11,7,11,3,11,6,13,3,12,4,16,4,12,-1,13,2,15,6,10,2,11,5,9,3,12,5,7,8,6,9,10,6,8,7,5,6,8,6,7,8,9,0,0,0,0,0,0,0,0,0,0,0,0,0,0,0,0,0,0,0,0,0,0,-17,11,-20,11,-21,12,-25,17,-25,15,-32,17,-29,19,-32,27,-35,31,-40,26,-41,35,-43,35,-47,45,-47,42,-54,40,-51,44,-54,56,-54,48,-55,50,-54,51,-61,55,-63,58,-58,60,-59,67,-58,70,-51,74,-57,62,-51,69,-49,67,-52,75,-35,67,-40,76,-39,75,-33,68,-36,78,-26,75,-20,74,-16,79,-8,73,-4,73,-4,71,-2,74,5,74,13,70,8,66,19,66,18,62,21,65,28,65,31,65,33,61,36,56,36,60,37,53,38,60,40,55,41,55,0,0]"
CSI_DATA,242,1a:00:00:00:00:00,-52,11,1,0,1,1,1,0,0,0,1,-96,0,11,2,3412442,0,44,0,384,0,"[0,0,0,0,0,0,0,0,0,0,0,0,0,-10,-1,-9,-1,-8,-1,-8,-1,-7,0,-7,-1,-7,-1,-6,0,-6,-1,-5,0,-5,-1,-5,-1,-4,-1,-3,0,-3,0,-3,0,-3,0,-2,0,-2,0,-2,1,-1,1,-1,1,-1,1,0,1,0,1,0,0,0,2,0,1,1,2,1,2,1,1,1,2,1,1,1,1,2,2,1,2,1,2,1,1,1,1,1,1,1,1,1,2,1,1,1,1,1,1,0,1,0,2,0,2,0,2,0,2,0,2,1,1,1,0,0,0,0,0,0,0,0,0,0,0,0,0,0,4,-28,5,-27,4,-28,1,-24,3,-26,2,-23,-1,-21,2,-18,1,-18,2,-16,0,-16,-2,-12,-1,-14,1,-11,0,-11,-1,-12,1,-13,1,-9,3,-8,0,-6,0,-6,2,-6,3,-4,4,-3,2,-3,2,-2,2,0,3,-1,2,0,4,0,3,1,4,2,5,1,4,2,5,2,6,3,5,2,5,3,6,3,4,3,5,3,4,4,4,4,4,4,5,3,5,4,4,2,5,3,4,1,4,0,5,1,5,1,4,0,6,0,4,1,5,1,4,2,0,0,0,0,0,0,0,0,0,0,0,0,0,0,0,0,0,0,0,0,0,0,-3,10,-2,11,-4,12,-2,12,-2,13,-2,17,-2,17,-3,18,-2,22,-1,22,-1,25,1,26,0,31,-1,31,-2,31,-1,32,0,38,-2,34,0,35,1,37,0,38,2,42,-1,39,3,42,2,43,6,42,4,42,7,43,7,39,11,41,11,36,11,39,14,37,16,38,14,37,18,34,17,31,19,32,21,29,24,30,23,27,25,23,25,23,27,20,26,20,27,19,28,16,28,13,32,13,31,13,30,10,31,9,32,10,30,8,35,7,35,6,32,5,0,0]"
CSI_DATA,243,1a:00:00:00:00:00,-53,11,1,0,1,1,1,0,0,0,1,-96,0,11,2,3422520,0,44,0,384,0,"[0,0,0,0,0,0,0,0,0,0,0,0,-3,-8,-3,-8,-4,-7,-3,-7,-3,-6,-2,-6,-2,-6,-2,-5,-2,-5,-2,-4,-2,-4,-2,-4,-2,-3,-2,-3,-1,-3,-1,-3,-1,-3,-1,-2,0,-2,0,-2,0,-2,0,-1,1,-2,1,-1,1,-1,1,-1,0,0,1,-1,2,0,2,0,2,-1,2,0,2,0,2,0,1,0,2,0,2,0,2,0,1,0,1,0,1,0,1,-1,2,-1,1,-1,1,-1,1,-1,1,-1,1,-1,1,-1,1,-1,2,-1,1,-1,1,-1,0,0,0,0,0,0,0,0,0,0,0,0,0,0,-22,-54,-21,-51,-24,-49,-22,-43,-22,-44,-17,-38,-18,-37,-20,-35,-21,-32,-16,-27,-18,-25,-12,-24,-16,-23,-11,-19,-8,-21,-9,-19,-10,-17,-9,-15,-4,-14,-4,-11,-4,-10,-4,-8,2,-7,1,-8,3,-8,3,-9,5,-8,4,-6,5,-3,11,-5,8,-3,11,-1,13,0,10,-3,11,-3,11,-2,11,-3,14,-2,15,-1,15,-2,15,2,14,-3,13,0,11,-1,11,-1,9,0,8,-3,12,-4,9,-1,7,-3,9,-5,9,-4,11,-8,9,-4,10,-4,10,-4,11,-7,0,0,0,0,0,0,0,0,0,0,0,0,0,0,0,0,0,0,0,0,0,0,5,20,4,24,5,19,10,25,8,26,12,31,13,35,10,37,22,40,16,44,22,49,28,47,32,56,29,56,26,60,32,60,36,65,31,66,34,62,37,71,38,71,42,76,43,68,50,73,48,74,55,68,48,69,53,67,52,65,59,65,56,54,63,58,58,56,57,49,64,51,68,41,66,40,69,36,69,34,71,30,68,24,73,16,68,21,71,10,63,8,68,-5,69,-2,67,-8,68,-11,68,-11,66,-14,68,-21,71,-17,64,-20,68,-26,62,-22,62,-24,0,0]"
CSI_DATA,244,1a:00:00:00:00:00,-52,11,1,0,1,1,1,0,0,0,1,-96,0,11,2,3433179,0,44,0,384,0,"[0,0,0,0,0,0,0,0,0,0,0,0,5,-7,5,-7,4,-7,4,-6,3,-5,3,-5,3,-5,3,-5,2,-5,2,-4,2,-4,2,-4,1,-3,1,-3,1,-2,1,-2,1,-2,1,-2,1,-1,1,-1,1,0,1,0,0,0,1,0,1,0,1,1,0,0,1,1,1,1,1,2,1,1,1,2,1,2,1,2,0,2,0,1,0,2,0,2,0,2,1,2,1,1,1,1,1,1,1,1,1,0,1,1,1,1,1,1,1,1,1,1,1,1,1,1,1,1,0,0,0,0,0,0,0,0,0,0,0,0,0,0,43,-44,39,-40,32,-44,29,-38,27,-39,26,-38,23,-31,21,-31,15,-26,18,-28,15,-26,13,-22,11,-21,11,-18,9,-20,8,-18,7,-16,7,-13,7,-10,6,-9,6,-9,5,-3,6,-7,9,-3,6,-2,7,0,5,0,5,2,9,4,11,6,12,7,10,3,9,8,12,7,10,9,7,12,8,10,9,9,8,11,6,12,7,10,8,7,7,9,8,9,6,7,7,4,10,8,7,2,8,5,9,3,10,4,10,7,8,3,8,3,9,2,11,7,8,5,0,0,0,0,0,0,0,0,0,0,0,0,0,0,0,0,0,0,0,0,0,0,-20,7,-22,8,-19,6,-25,11,-27,13,-30,15,-31,18,-38,16,-37,24,-40,24,-44,27,-43,34,-49,37,-53,37,-54,35,-54,44,-61,49,-55,39,-56,48,-58,48,-63,47,-65,57,-57,55,-58,63,-60,63,-52,66,-55,64,-55,70,-49,65,-51,76,-39,63,-41,73,-38,70,-29,68,-32,75,-22,71,-17,71,-15,77,-8,71,-3,75,-4,72,4,71,11,71,15,63,15,64,20,69,25,63,26,58,31,59,35,55,38,58,45,51,39,56,40,45,45,54,46,52,49,44,0,0]"
CSI_DATA,245,1a:00:00:00:00:00,-52,11,1,0,1,1,1,0,0,0,1,-96,0,11,2,3442626,0,44,0,384,0,"[0,0,0,0,0,0,0,0,0,0,0,0,-9,3,-9,3,-8,3,-8,2,-7,2,-6,2,-6,3,-5,2,-5,2,-5,1,-4,1,-4,2,-4,1,-3,1,-3,0,-3,0,-2,0,-2,0,-2,0,-2,-1,-2,-1,-2,-1,-1,-1,-2,-2,-2,-2,-1,-2,0,0,-1,-2,-2,-3,-1,-3,-1,-3,-1,-3,-1,-3,-1,-3,-1,-3,-1,-3,0,-3,-1,-3,-1,-3,-1,-3,-1,-3,-1,-2,-1,-2,-2,-2,-1,-2,-1,-2,-1,-2,-2,-3,-2,-2,-2,-2,-2,-2,-2,-3,-2,-2,0,0,0,0,0,0,0,0,0,0,0,0,0,0,-29,6,-27,4,-26,7,-24,6,-22,5,-21,4,-19,4,-19,6,-16,5,-16,4,-14,6,-14,3,-13,3,-11,5,-10,3,-10,3,-9,4,-6,1,-7,1,-5,1,-6,0,-5,1,-3,0,-5,-2,-5,0,-3,-3,-2,-1,-3,-6,-2,-4,-3,-5,0,-7,-1,-5,-2,-7,0,-7,1,-7,0,-7,0,-7,0,-8,1,-7,0,-7,2,-8,0,-7,-1,-7,1,-5,1,-7,0,-6,-2,-7,-2,-6,-1,-4,-2,-4,-3,-6,-2,-6,-3,-6,-3,-6,-3,-6,-4,-6,-1,-5,0,0,0,0,0,0,0,0,0,0,0,0,0,0,0,0,0,0,0,0,0,0,10,-1,11,-1,11,0,15,-2,14,-2,18,-1,17,-3,20,-3,21,-4,24,-4,25,-5,26,-6,29,-8,32,-6,32,-5,33,-6,38,-9,34,-7,36,-9,37,-10,38,-10,40,-12,36,-13,42,-14,42,-14,40,-18,38,-15,39,-19,36,-18,39,-23,31,-21,36,-24,34,-23,29,-26,31,-26,26,-26,24,-28,25,-30,22,-29,21,-33,21,-31,15,-32,17,-33,11,-32,12,-34,9,-31,5,-34,3,-34,2,-34,1,-35,0,-34,-4,-35,-3,-37,-4,-31,-4,-37,-7,-35,-7,-31,0,0]"
CSI_DATA,246,1a:00:00:00:00:00,-52,11,1,0,1,1,1,0,0,0,1,-96,0,11,2,3452390,0,44,0,384,0,"[0,0,0,0,0,0,0,0,0,0,0,0,1,8,0,7,1,8,1,7,1,6,0,5,0,5,0,4,0,4,1,4,0,3,0,3,0,2,0,2,0,2,0,2,0,2,-1,1,-1,1,-1,0,-2,0,-1,0,-2,0,-2,0,-2,0,-3,0,0,0,-3,0,-3,-2,-3,-1,-3,-1,-2,-1,-3,-1,-3,-1,-3,-2,-3,-1,-3,-1,-3,-1,-3,-2,-3,-1,-2,-1,-3,-1,-2,-1,-3,-1,-3,-1,-2,0,-3,0,-3,0,-2,0,-2,0,-3,0,-3,0,-3,0,0,0,0,0,0,0,0,0,0,0,0,0,0,0,4,27,5,26,8,24,5,23,6,24,4,20,7,20,5,19,6,17,4,13,5,14,5,12,5,12,2,10,2,10,3,8,4,8,2,6,-1,5,0,5,1,5,-1,2,-1,2,-1,3,-3,2,-4,2,-4,2,-4,1,-5,1,-3,-1,-6,-1,-5,0,-7,-1,-6,-1,-5,0,-6,-2,-8,-1,-7,-2,-7,-2,-8,-3,-5,-2,-7,-3,-6,-3,-7,-2,-6,-3,-5,-2,-7,-1,-7,-2,-5,1,-6,0,-6,0,-6,-1,-6,2,-6,0,-7,-1,-6,-1,-5,0,0,0,0,0,0,0,0,0,0,0,0,0,0,0,0,0,0,0,0,0,0,0,-3,-9,-4,-11,-6,-11,-6,-13,-7,-15,-6,-17,-7,-17,-7,-19,-11,-20,-10,-23,-11,-24,-12,-25,-16,-28,-14,-29,-12,-30,-17,-31,-19,-32,-16,-33,-15,-32,-17,-35,-19,-35,-19,-38,-22,-37,-21,-38,-23,-40,-27,-36,-23,-37,-24,-35,-27,-36,-29,-36,-25,-29,-28,-31,-28,-31,-29,-27,-30,-28,-32,-23,-33,-24,-34,-22,-34,-19,-35,-18,-31,-15,-35,-13,-34,-12,-36,-7,-33,-5,-33,-8,-35,-3,-35,-3,-34,-1,-37,2,-33,3,-32,5,-35,4,-34,3,-34,7,-33,7,-34,8,0,0]"
CSI_DATA,247,1a:00:00:00:00:00,-53,11,1,0,1,1,1,0,0,0,1,-96,0,11,2,3482383,0,44,0,384,0,"[0,0,0,0,0,0,0,0,0,0,0,0,1,8,1,8,2,7,1,7,2,6,0,5,1,5,1,4,1,4,1,4,0,4,0,3,0,3,0,2,0,2,0,2,-1,1,-1,1,-1,1,-1,1,-1,0,-1,0,-2,0,-2,0,-2,0,-3,-1,0,0,-3,-1,-3,-1,-3,-1,-3,-1,-3,-2,-3,-2,-3,-2,-3,-2,-3,-2,-3,-2,-3,-2,-3,-2,-2,-2,-3,-2,-3,-1,-3,-1,-3,-1,-2,-1,-3,-1,-3,-1,-3,-1,-3,-1,-2,-1,-3,-1,-3,-1,-2,-1,0,0,0,0,0,0,0,0,0,0,0,0,0,0,14,57,9,51,16,51,12,45,13,44,16,40,12,40,10,37,13,32,11,29,9,25,7,23,9,20,5,21,6,18,8,17,8,17,1,15,0,10,0,10,-1,9,-1,7,-1,7,-3,4,-5,5,-5,3,-6,1,-7,1,-8,1,-9,2,-10,2,-10,-1,-10,-2,-15,-6,-13,1,-14,-5,-13,-5,-11,-4,-13,-4,-12,-5,-13,-6,-12,-5,-14,-5,-15,-7,-11,-6,-7,-4,-12,-2,-11,-1,-9,0,-9,1,-14,0,-11,2,-12,-1,-10,-4,-13,3,-13,1,-14,-1,0,0,0,0,0,0,0,0,0,0,0,0,0,0,0,0,0,0,0,0,0,0,-5,-19,-8,-22,-10,-23,-13,-29,-12,-29,-13,-35,-16,-35,-16,-41,-20,-42,-18,-46,-23,-50,-27,-48,-30,-56,-28,-57,-25,-62,-32,-62,-40,-71,-32,-67,-35,-68,-34,-70,-35,-72,-41,-77,-43,-73,-47,-78,-46,-77,-52,-71,-44,-71,-49,-74,-51,-67,-60,-74,-48,-58,-58,-67,-57,-58,-60,-56,-58,-57,-61,-46,-57,-44,-67,-43,-64,-39,-67,-34,-68,-34,-70,-21,-71,-21,-68,-14,-70,-13,-67,-5,-66,-6,-68,-3,-67,1,-67,5,-68,5,-71,9,-73,7,-62,10,-70,13,-71,15,-66,14,0,0]"
CSI_DATA,248,1a:00:00:00:00:00,-52,11,1,0,1,1,1,0,0,0,1,-96,0,11,2,3492511,0,44,0,384,0,"[0,0,0,0,0,0,0,0,0,0,0,0,-6,6,-6,6,-4,6,-5,5,-4,4,-4,4,-4,4,-4,4,-4,3,-3,2,-3,3,-2,2,-2,2,-2,1,-2,1,-2,1,-2,1,-2,0,-2,-1,-2,0,-1,-1,-1,-1,-2,-1,-2,-2,-2,-2,-2,-2,0,0,-2,-2,-1,-3,-2,-3,-2,-3,-1,-3,-1,-3,-1,-3,-2,-3,-1,-3,-1,-3,-1,-3,-1,-3,-1,-3,-1,-3,-1,-2,-1,-3,-1,-2,-2,-2,-1,-2,-2,-2,-2,-2,-2,-2,-2,-2,-2,-2,-2,-2,-2,-2,0,0,0,0,0,0,0,0,0,0,0,0,0,0,-24,13,-24,13,-24,13,-21,13,-17,14,-17,12,-15,12,-16,13,-13,10,-12,12,-11,8,-9,9,-11,8,-9,6,-8,6,-6,7,-7,5,-5,5,-5,3,-4,3,-5,3,-4,2,-4,2,-6,-1,-2,-3,-4,-1,-3,-2,-3,-3,-4,-2,-4,-5,-3,-7,-4,-6,-3,-5,-4,-7,-4,-6,-3,-7,-4,-6,-3,-8,-3,-7,-2,-8,-3,-7,-3,-8,-2,-9,-4,-5,-3,-6,-4,-5,-3,-5,-4,-5,-4,-4,-2,-5,-5,-4,-4,-5,-4,-5,-5,-3,-5,-4,-5,-5,-5,-4,0,0,0,0,0,0,0,0,0,0,0,0,0,0,0,0,0,0,0,0,0,0,11,-2,11,-3,12,-1,16,-4,14,-4,17,-5,18,-5,20,-7,21,-8,22,-9,25,-12,25,-13,30,-17,30,-15,31,-12,31,-14,34,-17,32,-17,32,-18,35,-19,36,-19,39,-21,34,-21,37,-26,36,-26,33,-30,33,-27,33,-27,33,-28,32,-32,25,-29,29,-32,26,-32,22,-32,25,-33,19,-34,17,-35,15,-37,14,-35,11,-39,9,-36,5,-37,4,-36,1,-35,-1,-35,-2,-37,-4,-35,-5,-33,-10,-34,-10,-34,-12,-31,-14,-31,-14,-33,-15,-29,-18,-33,-18,-32,-17,-28,0,0]"
CSI_DATA,249,1a:00:00:00:00:00,-52,11,1,0,1,1,1,0,0,0,1,-96,0,11,2,3502399,0,44,0,384,0,"[0,0,0,0,0,0,0,0,0,0,0,0,-8,-6,-7,-5,-7,-5,-7,-5,-6,-4,-5,-4,-5,-3,-4,-3,-4,-3,-4,-3,-4,-3,-3,-2,-3,-2,-3,-2,-2,-2,-2,-2,-1,-1,-1,-2,-1,-2,-1,-1,-1,-1,-1,-1,1,-2,0,-2,0,-2,1,-2,0,0,2,-2,1,-2,1,-2,2,-2,1,-1,2,-2,2,-2,2,-2,2,-2,2,-2,2,-2,1,-2,1,-2,1,-2,1,-2,1,-2,1,-2,1,-2,1,-2,1,-2,1,-2,1,-3,1,-2,1,-3,1,-2,1,-2,0,0,0,0,0,0,0,0,0,0,0,0,0,0,-39,-45,-32,-38,-36,-36,-30,-36,-33,-33,-30,-31,-29,-27,-28,-27,-25,-22,-20,-24,-23,-15,-19,-17,-21,-16,-15,-15,-15,-13,-12,-13,-10,-13,-11,-11,-10,-8,-5,-7,-5,-8,-2,-6,-2,-5,-1,-5,-3,-4,4,-5,3,-7,4,-8,6,-8,9,-8,12,-5,12,-3,9,-6,12,-7,9,-6,11,-5,13,-3,14,-4,14,-3,11,-4,13,-6,11,0,17,-6,13,-4,13,-7,11,-5,9,-5,9,-8,12,-5,5,-6,9,-5,9,-11,11,-8,8,-5,10,-7,12,-7,11,-8,0,0,0,0,0,0,0,0,0,0,0,0,0,0,0,0,0,0,0,0,0,0,10,16,11,23,13,23,17,28,18,27,20,30,20,33,24,35,30,37,30,38,34,44,33,39,46,43,45,48,42,54,45,49,56,57,48,50,54,59,50,55,53,57,61,63,60,54,68,58,68,56,72,50,63,55,70,53,69,48,82,46,63,35,78,40,72,34,70,31,79,35,73,21,71,17,79,16,71,9,75,4,74,7,70,-6,75,-4,63,-17,70,-17,63,-18,60,-19,62,-23,61,-27,57,-31,60,-32,56,-35,59,-40,43,-35,56,-44,58,-46,48,-40,0,0]"
CSI_DATA,250,1a:00:00:00:00:00,-52,11,1,0,1,1,1,0,0,0,1,-96,0,11,2,3513553,0,44,0,384,0,"[0,0,0,0,0,0,0,0,0,0,0,0,-7,-6,-7,-5,-7,-5,-7,-5,-6,-5,-5,-4,-5,-3,-4,-3,-4,-3,-4,-3,-3,-3,-3,-2,-3,-2,-3,-2,-3,-2,-2,-2,-1,-2,-1,-2,-1,-2,-1,-2,0,-1,0,-2,0,-2,0,-2,0,-2,1,-2,0,0,2,-2,1,-2,2,-2,2,-2,2,-1,2,-1,2,-1,2,-1,2,-1,2,-1,3,-1,2,-1,2,-1,2,-1,2,-1,2,-2,2,-2,1,-1,1,-2,1,-2,1,-2,1,-2,1,-2,1,-2,1,-2,1,-2,0,0,0,0,0,0,0,0,0,0,0,0,0,0,-19,-19,-21,-17,-21,-16,-19,-17,-15,-14,-15,-14,-17,-13,-17,-14,-14,-9,-13,-9,-11,-9,-8,-9,-11,-6,-9,-7,-7,-6,-8,-5,-6,-5,-6,-5,-4,-4,-4,-3,-5,-4,-1,-3,0,-2,0,-3,1,-3,2,-3,1,-2,3,-3,3,-3,4,-2,5,-3,5,-1,5,-2,5,-2,7,-2,6,-2,8,-1,7,-1,8,-1,5,-1,6,-1,7,-1,6,-1,6,-2,5,-1,6,-2,5,0,5,-2,4,-2,4,-2,6,-2,4,-3,4,-3,4,-3,4,-3,5,-2,4,-2,0,0,0,0,0,0,0,0,0,0,0,0,0,0,0,0,0,0,0,0,0,0,10,3,9,3,12,3,15,5,15,5,17,5,17,5,20,5,23,6,24,6,25,8,28,6,30,6,30,8,30,11,32,10,37,9,33,11,35,9,37,11,39,11,41,12,39,9,41,10,41,10,43,6,41,9,41,7,40,8,43,5,36,4,42,2,40,2,38,0,40,0,36,-5,35,-4,39,-6,35,-8,36,-9,34,-10,32,-15,32,-13,31,-17,29,-17,29,-20,28,-21,27,-20,25,-22,25,-22,24,-24,22,-26,24,-23,22,-23,22,-28,19,-24,17,-25,0,0]"
CSI_DATA,251,1a:00:00:00:00:00,-52,11,1,0,1,1,1,0,0,0,1,-96,0,11,2,3523224,0,44,0,384,0,"[0,0,0,0,0,0,0,0,0,0,0,0,8,-1,7,-1,7,-1,6,-1,6,-1,5,-1,5,-1,4,-1,4,-1,3,-1,3,-1,3,-1,3,0,2,0,2,0,1,-1,1,-1,1,0,1,0,0,0,0,0,0,1,-1,1,0,1,-1,1,-1,1,0,0,-1,1,-1,2,-1,2,-1,2,-1,2,-1,2,-2,2,-1,2,-2,2,-2,2,-2,2,-1,2,-1,2,-1,2,-1,2,-1,2,-1,2,-1,2,-1,2,0,2,-1,1,0,2,0,2,0,2,-1,2,-1,2,0,0,0,0,0,0,0,0,0,0,0,0,0,0,27,2,27,1,26,-2,24,0,21,0,19,1,21,-1,20,-1,15,-3,16,0,15,-3,12,-1,11,-3,10,-2,10,-1,8,-1,9,-1,7,-2,5,-1,5,0,4,2,3,2,4,1,1,2,2,2,0,2,0,3,-1,4,0,3,-2,6,-3,6,-2,5,-2,4,-6,5,-2,6,-5,6,-4,6,-4,6,-4,4,-6,5,-4,7,-3,6,-4,6,-4,5,-4,5,-4,5,-3,5,-4,5,-4,4,-3,6,-3,5,-3,5,-1,5,0,6,-3,5,0,4,-1,6,0,0,0,0,0,0,0,0,0,0,0,0,0,0,0,0,0,0,0,0,0,0,-13,-1,-13,-1,-14,-2,-16,0,-17,-1,-18,-1,-20,0,-21,0,-27,0,-26,1,-29,0,-30,2,-33,6,-32,3,-34,1,-36,1,-39,6,-39,3,-39,4,-39,2,-41,4,-45,4,-42,8,-44,9,-45,9,-44,13,-42,10,-42,9,-41,14,-43,14,-35,14,-40,18,-40,18,-36,19,-39,18,-35,21,-32,22,-32,26,-28,25,-29,27,-27,27,-22,29,-25,28,-18,31,-19,30,-18,30,-15,32,-12,31,-10,31,-10,32,-8,33,-5,35,-8,35,-5,31,-4,35,-2,34,-4,32,0,0]"
CSI_DATA,252,1a:00:00:00:00:00,-52,11,1,0,1,1,1,0,0,0,1,-96,0,11,2,3532436,0,44,0,384,0,"[0,0,0,0,0,0,0,0,0,0,0,0,-3,-9,-3,-8,-3,-8,-3,-8,-3,-6,-2,-6,-2,-5,-2,-5,-2,-5,-2,-4,-2,-4,-2,-4,-2,-3,-1,-3,-1,-3,-1,-3,0,-2,0,-2,0,-2,0,-1,0,-1,1,-1,1,-1,1,-1,1,-1,2,-1,0,0,2,0,2,0,2,0,2,0,2,1,2,0,2,1,2,1,2,0,2,0,2,0,2,1,2,0,1,0,2,0,2,0,1,0,2,0,2,0,2,0,2,0,2,0,1,0,2,0,2,0,2,0,0,0,0,0,0,0,0,0,0,0,0,0,0,0,-5,-56,-6,-54,-13,-48,-9,-48,-11,-46,-9,-42,-9,-40,-7,-36,-7,-29,-7,-28,-6,-30,-8,-25,-9,-22,-4,-23,-5,-19,-6,-17,-1,-17,-5,-13,-1,-10,-3,-9,-1,-8,-2,-5,0,-8,5,-7,6,-2,6,-5,10,-1,8,-2,11,1,8,-4,10,-3,10,2,15,0,14,1,14,2,14,6,15,5,13,5,14,2,12,4,13,8,17,4,11,1,13,4,7,8,14,-1,9,5,11,-1,10,0,10,1,11,-1,8,-2,13,-4,10,-2,11,0,11,-2,10,0,0,0,0,0,0,0,0,0,0,0,0,0,0,0,0,0,0,0,0,0,0,0,-1,18,2,22,3,27,5,30,4,32,-1,35,4,37,6,42,7,48,10,50,6,58,11,54,16,61,15,66,7,65,13,68,19,74,13,73,15,72,16,75,17,79,21,85,22,80,29,88,28,83,37,80,27,82,31,77,37,79,45,80,37,66,42,76,41,73,47,62,49,66,51,57,52,54,60,50,58,46,60,47,60,42,64,36,63,35,64,25,63,23,64,17,64,15,66,14,67,8,68,6,67,4,71,-2,68,0,65,-6,72,-2,67,-6,67,-7,0,0]"
CSI_DATA,253,1a:00:00:00:00:00,-52,11,1,0,1,1,1,0,0,0,1,-96,0,11,2,3542637,0,44,0,384,0,"[0,0,0,0,0,0,0,0,0,0,0,0,6,5,6,4,6,4,5,4,5,3,4,3,4,2,3,2,3,2,3,2,2,2,2,1,2,1,2,1,1,1,1,1,0,1,0,1,0,0,0,1,-1,0,-1,1,-2,1,-1,1,-1,1,-2,1,0,0,-2,1,-2,1,-2,1,-3,1,-3,1,-3,1,-3,1,-2,0,-3,1,-3,1,-3,1,-2,1,-3,1,-2,0,-3,1,-3,1,-2,1,-2,1,-2,1,-2,1,-2,1,-2,1,-2,1,-2,1,-2,1,-2,1,0,0,0,0,0,0,0,0,0,0,0,0,0,0,36,37,40,39,41,33,34,31,35,32,33,28,27,21,25,22,28,18,23,20,20,17,18,15,19,12,18,12,12,10,14,9,10,8,11,9,5,7,7,8,5,4,3,9,1,4,0,3,-2,5,-3,5,-6,3,-7,7,-9,4,-6,7,-11,7,-13,3,-12,4,-14,6,-12,10,-16,4,-16,4,-13,5,-15,4,-16,4,-13,7,-18,5,-16,4,-15,3,-12,3,-10,5,-14,5,-10,6,-10,6,-10,9,-10,6,-8,8,-9,7,-10,7,-12,4,-12,6,-10,5,0,0,0,0,0,0,0,0,0,0,0,0,0,0,0,0,0,0,0,0,0,0,-17,-15,-18,-18,-20,-20,-24,-22,-26,-20,-28,-27,-26,-24,-35,-27,-39,-30,-40,-33,-41,-33,-43,-34,-56,-37,-54,-41,-48,-43,-59,-39,-64,-41,-61,-44,-61,-42,-65,-46,-65,-48,-71,-48,-68,-43,-77,-45,-74,-47,-77,-37,-73,-41,-78,-36,-76,-36,-82,-32,-72,-27,-80,-24,-79,-22,-73,-19,-82,-20,-77,-11,-76,-11,-81,-4,-73,-2,-75,5,-73,4,-74,19,-71,17,-72,24,-65,22,-59,29,-62,32,-59,27,-59,35,-54,32,-57,36,-51,43,-53,40,-51,41,-51,48,-47,45,-48,47,0,0]"
CSI_DATA,254,1a:00:00:00:00:00,-52,11,1,0,1,1,1,0,0,0,1,-96,0,11,2,3552402,0,44,0,384,0,"[0,0,0,0,0,0,0,0,0,0,0,0,6,-7,6,-6,4,-6,5,-6,4,-5,4,-5,3,-5,3,-4,3,-4,2,-3,2,-4,2,-3,2,-2,1,-2,1,-1,1,-2,1,-1,1,-1,1,0,1,0,0,0,1,1,1,0,1,1,1,1,0,1,0,0,1,1,1,2,1,2,0,2,0,3,1,2,0,3,0,3,0,2,0,2,0,2,0,3,1,2,0,2,0,1,0,2,1,2,0,1,1,1,1,1,1,1,1,2,1,1,1,2,1,1,1,1,0,0,0,0,0,0,0,0,0,0,0,0,0,0,50,-16,48,-15,47,-23,39,-19,40,-19,41,-18,32,-16,33,-15,27,-14,23,-13,26,-13,21,-11,19,-14,17,-9,15,-10,14,-9,14,-4,12,-7,10,0,8,-1,10,-4,5,0,5,0,5,4,5,4,5,5,0,5,2,6,2,12,1,11,0,7,3,15,2,12,0,14,2,15,-3,12,-1,14,0,15,0,15,2,15,0,12,-1,17,2,14,0,15,-1,14,2,16,3,12,2,11,-1,11,4,13,6,12,1,11,5,11,4,11,4,10,6,9,5,12,0,0,0,0,0,0,0,0,0,0,0,0,0,0,0,0,0,0,0,0,0,0,-22,3,-22,5,-24,6,-31,7,-30,7,-36,10,-37,8,-38,11,-45,15,-45,13,-53,19,-54,21,-59,28,-61,21,-62,18,-63,21,-72,29,-69,25,-68,28,-72,30,-72,29,-77,33,-71,34,-74,39,-79,43,-74,50,-74,46,-72,46,-68,44,-72,54,-58,51,-65,57,-59,56,-53,58,-53,62,-50,59,-42,57,-42,64,-35,62,-35,67,-30,67,-21,70,-20,69,-12,66,-11,64,-4,67,-4,68,5,69,5,67,8,66,7,66,13,65,15,66,13,58,20,67,17,64,16,60,0,0]"
CSI_DATA,255,1a:00:00:00:00:00,-52,11,1,0,1,1,1,0,0,0,1,-96,0,11,2,3573209,0,44,0,384,0,"[0,0,0,0,0,0,0,0,0,0,0,0,0,7,0,7,1,6,0,6,0,5,0,4,0,4,-1,4,0,3,0,3,0,3,0,3,0,2,0,2,-1,1,-1,2,-1,1,-1,1,-1,0,-2,0,-2,0,-2,0,-2,0,-2,-1,-2,0,-3,0,0,0,-3,-1,-3,-1,-3,-1,-3,-1,-3,-2,-3,-1,-3,-1,-3,-2,-3,-1,-3,-1,-3,-1,-3,-2,-3,-2,-3,-1,-3,-1,-3,-1,-3,-1,-3,-1,-3,-1,-3,-1,-3,0,-3,-1,-3,-1,-3,-1,-3,0,-2,-1,0,0,0,0,0,0,0,0,0,0,0,0,0,0,-8,54,-6,52,1,54,-2,46,1,44,0,42,1,36,1,36,2,28,-1,30,3,23,2,20,2,24,1,18,2,21,4,12,-4,14,-2,10,-3,10,-1,9,-2,10,-1,7,-1,7,-7,5,-8,3,-8,0,-7,-1,-12,-2,-10,-1,-11,1,-13,-2,-13,-4,-14,-4,-18,-3,-14,-4,-16,-8,-16,-9,-17,-9,-17,-8,-18,-4,-14,-5,-16,-6,-16,-7,-17,-5,-15,-6,-11,-4,-13,-4,-15,-4,-14,-3,-12,-6,-14,0,-14,-3,-14,-2,-16,-1,-17,1,-15,0,-15,-3,0,0,0,0,0,0,0,0,0,0,0,0,0,0,0,0,0,0,0,0,0,0,5,-22,5,-25,5,-24,6,-29,8,-29,10,-36,7,-36,9,-41,6,-49,5,-47,4,-54,2,-55,-1,-63,2,-66,7,-66,4,-65,2,-76,3,-70,1,-78,2,-77,6,-76,1,-84,0,-78,-11,-87,-10,-86,-16,-84,-8,-83,-16,-87,-13,-82,-21,-89,-21,-68,-25,-87,-25,-78,-31,-73,-30,-77,-40,-68,-38,-63,-48,-65,-43,-59,-52,-61,-50,-60,-55,-46,-58,-51,-54,-41,-56,-40,-54,-29,-60,-31,-62,-29,-64,-27,-64,-20,-64,-17,-66,-16,-72,-18,-60,-13,-70,-9,-67,-14,-63,-9,0,0]"
CSI_DATA,256,1a:00:00:00:00:00,-52,11,1,0,1,1,1,0,0,0,1,-96,0,11,2,3582401,0,44,0,384,0,"[0,0,0,0,0,0,0,0,0,0,0,0,4,-8,4,-7,2,-7,3,-6,2,-6,2,-6,2,-5,2,-4,2,-5,1,-4,1,-4,1,-3,1,-3,1,-2,1,-2,1,-2,1,-2,1,-1,1,-1,1,0,1,0,1,0,1,0,2,1,1,1,1,1,0,0,1,1,2,2,2,2,2,1,1,2,2,2,2,2,1,2,1,2,1,2,1,2,1,2,2,2,1,2,1,1,1,1,2,1,1,1,2,1,1,0,2,1,1,1,2,1,2,1,2,1,1,1,0,0,0,0,0,0,0,0,0,0,0,0,0,0,14,-24,12,-21,10,-25,10,-21,9,-20,9,-20,7,-18,7,-19,3,-16,5,-14,6,-13,5,-10,2,-12,3,-9,4,-9,3,-8,4,-8,4,-7,3,-6,3,-3,4,-5,2,-2,2,-2,2,-1,3,-1,5,1,4,0,5,2,5,3,6,2,5,4,5,3,5,3,5,5,5,4,5,5,5,6,6,5,4,5,4,5,5,6,5,5,6,6,5,6,5,4,3,5,4,4,5,3,6,3,6,2,6,4,6,2,6,3,5,2,5,4,5,4,5,3,0,0,0,0,0,0,0,0,0,0,0,0,0,0,0,0,0,0,0,0,0,0,-10,9,-9,8,-9,8,-11,11,-11,11,-14,12,-12,15,-16,16,-15,20,-17,17,-18,21,-15,22,-17,29,-19,27,-23,27,-21,28,-22,33,-20,29,-21,33,-22,32,-23,35,-23,37,-20,35,-22,39,-19,40,-16,40,-19,41,-16,40,-15,39,-14,44,-9,34,-9,45,-8,42,-5,40,-5,41,0,38,0,36,4,38,7,35,8,37,8,39,12,34,14,34,15,29,18,32,19,29,21,28,20,26,23,26,23,23,25,22,28,22,28,25,25,20,31,19,31,19,27,16,0,0]"
CSI_DATA,257,1a:00:00:00:00:00,-52,11,1,0,1,1,1,0,0,0,1,-96,0,11,2,3592783,0,44,0,384,0,"[0,0,0,0,0,0,0,0,0,0,0,0,7,-4,6,-4,6,-4,6,-4,5,-3,4,-3,4,-3,3,-3,3,-3,3,-2,2,-2,2,-2,2,-2,2,-1,2,-1,1,-1,1,-1,1,0,1,0,1,0,1,1,1,1,0,1,1,2,1,2,0,2,0,0,0,2,1,3,1,3,1,2,1,3,1,2,0,3,1,3,1,2,0,3,0,3,1,2,1,3,0,2,1,2,1,2,1,2,1,1,1,1,1,1,1,2,1,2,1,2,1,1,1,1,1,2,0,0,0,0,0,0,0,0,0,0,0,0,0,0,27,-10,23,-10,23,-10,19,-9,20,-10,18,-10,16,-10,17,-10,13,-8,13,-8,12,-7,10,-6,9,-6,8,-5,8,-4,5,-3,5,-5,4,-2,5,-3,2,-1,3,-2,3,0,2,1,3,1,2,1,2,3,2,3,1,5,1,5,3,6,2,6,2,8,1,6,3,8,1,7,1,8,1,7,3,7,1,8,3,8,1,8,0,8,1,7,1,7,2,6,1,7,1,7,2,7,3,6,2,7,4,6,4,6,3,5,3,5,4,5,3,4,2,6,0,0,0,0,0,0,0,0,0,0,0,0,0,0,0,0,0,0,0,0,0,0,-12,-5,-12,-4,-11,-3,-18,0,-17,-2,-15,0,-18,1,-22,-1,-24,3,-25,2,-28,4,-28,4,-31,7,-34,6,-34,3,-34,7,-39,9,-36,6,-39,7,-37,9,-40,10,-42,11,-40,11,-42,14,-42,18,-40,18,-40,19,-40,18,-36,18,-39,24,-31,20,-37,24,-34,24,-30,26,-32,27,-26,30,-25,28,-23,31,-21,30,-20,33,-18,33,-13,34,-14,33,-8,33,-9,35,-4,31,-5,32,0,32,2,34,1,33,5,33,7,33,7,36,9,30,8,34,9,33,10,33,0,0]"
CSI_DATA,258,1a:00:00:00:00:00,-52,11,1,0,1,1,1,0,0,0,1,-96,0,11,2,3602514,0,44,0,384,0,"[0,0,0,0,0,0,0,0,0,0,0,0,-7,-4,-6,-4,-7,-3,-6,-3,-5,-3,-5,-3,-4,-2,-4,-2,-3,-2,-3,-2,-3,-2,-2,-2,-3,-2,-2,-2,-2,-1,-1,-2,-1,-2,-1,-2,-1,-2,-1,-2,0,-2,0,-2,0,-2,0,-2,1,-2,1,-3,0,0,1,-3,1,-2,1,-3,1,-3,1,-2,1,-3,1,-3,1,-2,1,-3,1,-3,1,-3,1,-2,1,-3,1,-3,1,-3,1,-3,1,-2,1,-3,1,-3,0,-3,0,-3,0,-2,0,-3,0,-3,1,-3,0,-3,0,0,0,0,0,0,0,0,0,0,0,0,0,0,-42,-36,-35,-34,-45,-30,-36,-25,-33,-24,-36,-26,-34,-20,-31,-21,-28,-17,-29,-16,-23,-12,-17,-11,-22,-11,-16,-11,-15,-10,-14,-7,-11,-4,-11,-11,-7,-7,-6,-8,-8,-5,-4,-11,-2,-8,-1,-8,2,-11,4,-9,4,-9,8,-9,9,-14,7,-10,8,-8,9,-12,12,-9,11,-12,10,-15,14,-12,13,-12,12,-10,11,-9,15,-13,10,-12,11,-12,10,-11,12,-12,11,-10,9,-13,9,-12,8,-11,5,-12,7,-10,6,-13,5,-12,6,-13,8,-14,6,-9,7,-13,7,-11,0,0,0,0,0,0,0,0,0,0,0,0,0,0,0,0,0,0,0,0,0,0,4,20,11,20,12,23,14,27,17,28,14,31,19,30,20,33,28,36,26,39,30,44,34,43,44,47,42,47,39,52,42,50,49,56,44,53,51,54,52,54,53,57,62,59,58,55,67,57,69,54,73,47,66,49,69,50,72,44,78,42,66,32,78,36,75,30,73,23,75,24,73,17,73,14,76,7,72,2,75,-3,74,-4,67,-14,70,-16,66,-22,63,-22,55,-29,59,-29,61,-33,54,-37,52,-37,52,-41,53,-48,50,-48,42,-42,46,-51,44,-48,41,-47,0,0]"
CSI_DATA,259,1a:00:00:00:00:00,-52,11,1,0,1,1,1,0,0,0,1,-96,0,11,2,3613229,0,44,0,384,0,"[0,0,0,0,0,0,0,0,0,0,0,0,7,-6,6,-5,5,-5,5,-5,5,-4,4,-4,3,-4,3,-3,3,-3,2,-3,2,-3,2,-3,2,-2,2,-1,2,-1,1,-1,1,-1,1,-1,1,0,1,0,1,1,1,1,1,1,2,1,1,2,1,2,0,0,1,2,2,3,2,3,1,2,1,3,1,3,2,3,1,3,1,2,1,2,1,3,1,2,1,2,1,2,1,2,2,2,2,2,1,1,2,1,2,1,2,1,2,1,2,1,2,1,2,1,2,1,0,0,0,0,0,0,0,0,0,0,0,0,0,0,22,-13,22,-12,22,-14,20,-12,18,-14,14,-12,16,-13,15,-10,12,-10,11,-8,9,-9,8,-7,7,-6,7,-5,7,-4,5,-4,6,-4,3,-4,4,-3,5,-2,3,0,4,1,5,0,3,1,1,2,3,3,3,5,4,3,3,4,6,4,3,7,4,7,4,7,5,7,5,8,4,7,3,6,3,7,4,8,4,7,4,8,5,8,4,7,4,5,4,6,4,6,4,5,4,6,5,5,5,3,5,4,5,3,5,4,6,5,6,4,5,4,5,4,0,0,0,0,0,0,0,0,0,0,0,0,0,0,0,0,0,0,0,0,0,0,-9,-1,-9,-6,-15,-3,-15,-4,-15,-7,-17,-4,-19,-1,-22,-2,-25,-1,-26,-2,-28,-2,-31,2,-34,2,-31,2,-34,-1,-35,4,-37,5,-38,2,-38,5,-40,7,-42,5,-41,8,-43,9,-43,10,-43,13,-40,16,-41,13,-39,16,-40,18,-40,22,-32,20,-35,23,-34,25,-29,26,-33,29,-26,27,-25,29,-24,31,-19,31,-20,33,-18,32,-12,37,-12,34,-9,33,-7,32,-1,33,2,33,2,33,4,32,7,34,6,32,8,31,7,33,11,29,11,34,11,29,14,30,0,0]"
CSI_DATA,260,1a:00:00:00:00:00,-52,11,1,0,1,1,1,0,0,0,1,-96,0,11,2,3622468,0,44,0,384,0,"[0,0,0,0,0,0,0,0,0,0,0,0,-2,-8,-2,-7,-3,-7,-2,-6,-2,-5,-2,-5,-2,-5,-1,-4,-1,-3,-2,-3,-1,-3,-1,-3,-1,-2,-1,-2,-1,-2,0,-2,0,-2,0,-2,0,-1,1,-1,1,-1,1,-1,1,-1,1,-1,2,-1,2,-1,0,0,2,-1,2,-1,3,-1,3,-1,3,0,3,0,3,-1,2,-1,3,-1,3,-1,3,-1,2,-1,2,-1,2,-1,2,-1,2,-1,2,-1,2,-2,2,-2,2,-2,1,-2,1,-1,2,-2,2,-2,2,-2,2,-2,0,0,0,0,0,0,0,0,0,0,0,0,0,0,2,-27,1,-27,-2,-25,-1,-23,-1,-23,-2,-21,-2,-17,-2,-16,-2,-14,-2,-14,-4,-12,-1,-12,-2,-11,0,-10,-2,-9,-2,-7,-1,-7,1,-8,0,-4,2,-5,2,-4,1,-3,2,-2,4,-2,5,-1,5,-2,4,-2,7,-2,9,1,8,0,8,-1,8,1,8,0,9,2,9,-1,10,2,9,1,9,0,9,2,9,1,8,1,9,0,9,2,9,1,8,1,8,1,7,0,8,-2,6,-1,7,-2,7,-1,6,-2,7,-2,7,-3,6,-2,7,-4,6,-2,0,0,0,0,0,0,0,0,0,0,0,0,0,0,0,0,0,0,0,0,0,0,-5,8,-8,10,-7,12,-6,14,-9,13,-9,17,-8,16,-9,18,-10,23,-8,23,-10,26,-8,28,-7,31,-9,33,-11,32,-11,33,-11,36,-10,36,-8,35,-10,37,-11,39,-8,44,-6,40,-3,43,-4,43,-1,44,-1,42,0,44,1,41,5,44,6,38,9,41,9,39,11,36,10,40,17,35,15,34,20,31,19,29,23,32,23,29,26,24,26,25,28,22,27,18,29,15,29,15,29,15,32,11,32,9,32,8,34,5,35,8,30,4,35,3,31,1,31,3,0,0]"
CSI_DATA,261,1a:00:00:00:00:00,-52,11,1,0,1,1,1,0,0,0,1,-96,0,11,2,3643284,0,44,0,384,0,"[0,0,0,0,0,0,0,0,0,0,0,0,7,2,7,2,7,1,6,2,5,1,4,1,4,1,3,0,3,0,3,0,2,0,2,0,1,0,1,0,1,1,1,0,0,1,0,1,0,1,0,1,-1,1,-1,2,-2,1,-1,2,-1,2,-2,2,0,0,-2,3,-2,3,-2,3,-2,3,-2,3,-2,3,-2,3,-2,2,-2,3,-2,3,-2,3,-2,2,-1,3,-2,2,-1,3,-1,3,-1,3,-1,2,-1,2,0,2,0,2,0,2,0,2,0,2,0,2,-1,2,0,0,0,0,0,0,0,0,0,0,0,0,0,0,51,23,45,21,47,12,41,17,43,15,33,11,35,11,32,9,27,9,24,4,22,4,20,5,20,4,13,6,12,5,10,4,7,5,4,5,5,6,6,4,3,9,0,7,-1,9,-4,8,-2,5,-4,11,-4,13,-6,14,-5,14,-6,16,-5,13,-7,15,-9,17,-6,16,-11,14,-11,15,-11,14,-9,16,-11,19,-8,13,-10,18,-8,15,-9,15,-7,18,-9,16,-3,16,-5,13,-5,17,-6,14,-6,16,-2,17,-1,14,-1,14,0,17,0,16,-5,13,-2,14,0,0,0,0,0,0,0,0,0,0,0,0,0,0,0,0,0,0,0,0,0,0,-9,-21,-12,-22,-11,-25,-17,-27,-20,-27,-21,-31,-22,-31,-26,-39,-33,-41,-32,-41,-36,-47,-41,-43,-50,-46,-47,-50,-41,-52,-49,-51,-55,-54,-51,-55,-54,-50,-59,-53,-58,-54,-70,-56,-70,-56,-75,-49,-76,-46,-80,-44,-71,-46,-78,-41,-81,-38,-82,-32,-73,-25,-79,-29,-77,-19,-75,-17,-82,-19,-77,-5,-79,-5,-77,3,-74,6,-78,17,-71,15,-70,27,-70,24,-63,33,-60,31,-57,35,-52,40,-53,43,-48,46,-48,53,-40,48,-43,55,-42,55,-35,51,-37,60,-31,55,-32,55,0,0]"
CSI_DATA,262,1a:00:00:00:00:00,-52,11,1,0,1,1,1,0,0,0,1,-96,0,11,2,3652679,0,44,0,384,0,"[0,0,0,0,0,0,0,0,0,0,0,0,-7,4,-6,4,-6,4,-6,3,-5,3,-4,2,-4,2,-4,2,-3,2,-3,1,-3,1,-2,1,-2,0,-2,0,-2,0,-2,0,-2,-1,-2,-1,-2,-1,-2,-2,-2,-2,-2,-2,-1,-2,-2,-3,-2,-3,-1,-3,0,0,-2,-3,-2,-4,-2,-4,-2,-4,-2,-4,-2,-4,-2,-4,-2,-4,-2,-4,-2,-4,-2,-4,-2,-4,-2,-4,-2,-3,-2,-3,-2,-3,-2,-3,-2,-3,-2,-3,-2,-2,-3,-2,-3,-2,-3,-3,-3,-2,-2,-3,-2,-2,0,0,0,0,0,0,0,0,0,0,0,0,0,0,-25,6,-24,8,-23,10,-20,8,-21,7,-18,8,-16,8,-16,7,-12,4,-13,5,-11,6,-10,5,-9,4,-7,3,-7,2,-5,1,-7,-1,-5,0,-5,-1,-4,-1,-3,-3,-3,-4,-2,-3,-3,-5,-1,-6,-1,-6,-4,-7,-4,-8,-2,-7,-5,-8,-2,-9,-4,-10,-2,-10,-2,-11,-1,-12,-1,-10,0,-12,-2,-9,-2,-10,-2,-12,-2,-9,-1,-11,-3,-10,-2,-10,-1,-8,-4,-8,-2,-9,-4,-8,-3,-9,-4,-8,-4,-7,-5,-6,-6,-7,-2,-7,-4,-7,-5,-6,-3,-7,0,0,0,0,0,0,0,0,0,0,0,0,0,0,0,0,0,0,0,0,0,0,10,1,11,1,13,1,15,0,16,0,17,1,18,0,21,-1,24,-2,24,-1,27,-1,28,-3,34,-7,33,-6,33,-3,37,-6,39,-7,37,-5,37,-7,40,-7,42,-6,41,-8,40,-9,43,-15,43,-14,41,-19,39,-15,38,-17,39,-20,38,-22,32,-20,37,-25,35,-22,30,-23,34,-25,27,-28,26,-27,25,-31,22,-31,19,-33,18,-31,15,-35,14,-33,10,-35,8,-32,10,-36,4,-36,1,-34,-1,-33,-2,-35,-4,-34,-8,-32,-6,-34,-8,-33,-8,-34,-10,-32,-9,-29,0,0]"
CSI_DATA,263,1a:00:00:00:00:00,-52,11,1,0,1,1,1,0,0,0,1,-96,0,11,2,3682550,0,44,0,384,0,"[0,0,0,0,0,0,0,0,0,0,0,0,4,-6,4,-5,3,-5,3,-5,2,-4,2,-4,2,-4,2,-3,1,-3,1,-2,1,-2,1,-2,1,-1,1,-1,0,-1,1,-1,1,0,1,0,1,1,1,1,0,1,1,1,1,1,1,2,1,2,1,2,0,0,1,2,1,3,1,3,2,2,1,3,1,3,1,3,1,3,1,2,1,2,1,2,1,2,1,2,1,2,1,2,2,2,2,1,2,1,2,1,1,1,2,1,1,1,2,1,2,1,2,1,1,1,0,0,0,0,0,0,0,0,0,0,0,0,0,0,35,-36,35,-37,29,-37,27,-38,23,-35,23,-25,21,-31,19,-27,12,-22,13,-20,11,-23,13,-15,9,-17,10,-14,8,-11,5,-7,8,-8,8,-4,7,1,7,2,5,0,7,2,7,3,8,4,6,8,7,5,11,13,9,7,11,13,10,15,12,15,10,16,13,17,13,14,13,16,9,16,12,12,10,15,16,12,11,15,15,14,11,12,11,13,14,12,13,9,14,11,13,13,17,7,14,8,12,6,14,6,13,5,12,6,14,4,13,8,14,5,13,7,0,0,0,0,0,0,0,0,0,0,0,0,0,0,0,0,0,0,0,0,0,0,-24,2,-26,5,-28,1,-31,5,-34,9,-36,7,-38,10,-43,11,-46,17,-51,17,-54,18,-55,20,-61,23,-61,27,-64,18,-66,30,-69,31,-74,33,-66,36,-70,35,-74,40,-75,46,-74,50,-75,53,-72,52,-68,56,-64,57,-61,56,-66,61,-61,67,-48,61,-52,64,-45,66,-36,67,-42,71,-30,70,-29,71,-25,75,-15,67,-12,74,-10,71,1,75,1,69,12,69,10,65,17,66,19,61,23,62,24,56,31,65,31,57,36,53,36,52,43,51,43,55,44,44,44,44,0,0]"
CSI_DATA,264,1a:00:00:00:00:00,-51,11,1,0,1,1,1,0,0,0,1,-96,0,11,2,3692401,0,44,0,384,0,"[0,0,0,0,0,0,0,0,0,0,0,0,6,-5,6,-5,5,-4,4,-4,4,-4,3,-4,3,-3,3,-3,2,-3,2,-2,2,-2,1,-2,1,-1,1,0,1,0,1,0,1,0,0,0,1,1,1,1,0,2,0,2,0,2,1,3,1,3,0,3,0,0,1,3,1,4,1,4,1,3,1,4,1,3,1,3,1,4,0,3,1,3,1,3,1,3,1,3,1,3,1,2,1,2,1,3,1,2,1,2,1,2,1,2,2,2,1,2,2,2,1,2,1,2,0,0,0,0,0,0,0,0,0,0,0,0,0,0,21,-15,19,-17,18,-15,16,-14,15,-13,13,-12,12,-12,12,-11,9,-8,9,-9,9,-7,7,-7,7,-4,6,-6,3,-3,4,-4,4,-4,2,-2,3,0,3,0,4,1,2,1,2,2,2,3,2,5,3,5,2,7,3,6,3,9,3,8,2,9,2,9,2,8,4,9,5,9,3,8,4,10,3,7,3,9,4,9,4,9,4,11,2,8,5,8,3,7,4,7,5,7,4,6,5,6,5,6,4,7,4,5,3,6,4,6,5,4,5,5,4,4,0,0,0,0,0,0,0,0,0,0,0,0,0,0,0,0,0,0,0,0,0,0,-11,3,-13,0,-15,3,-15,3,-16,3,-18,3,-18,5,-22,5,-24,7,-25,8,-28,7,-28,10,-31,12,-32,11,-32,9,-33,13,-37,17,-36,13,-35,14,-34,16,-37,17,-38,18,-37,20,-38,23,-37,24,-34,25,-35,24,-34,24,-34,26,-32,31,-27,26,-29,30,-27,31,-23,31,-25,35,-20,33,-19,32,-15,37,-11,32,-10,35,-8,35,-5,34,-6,35,-1,34,-1,33,4,32,5,31,7,31,10,30,10,29,11,29,14,29,14,30,16,27,17,28,14,26,17,24,0,0]"
CSI_DATA,265,1a:00:00:00:00:00,-52,11,1,0,1,1,1,0,0,0,1,-96,0,11,2,3702482,0,44,0,384,0,"[0,0,0,0,0,0,0,0,0,0,0,0,3,-7,3,-6,2,-6,2,-5,2,-5,2,-4,1,-4,1,-4,1,-3,1,-3,1,-3,0,-2,1,-1,1,-1,0,-1,1,0,1,0,1,0,1,1,1,1,1,1,1,2,1,1,1,2,2,2,1,2,0,0,2,2,2,3,2,3,2,3,2,3,2,3,2,3,2,3,1,3,2,2,2,2,2,3,2,2,1,2,2,2,2,2,2,2,2,1,2,1,2,1,2,1,2,1,2,1,2,1,2,1,2,1,0,0,0,0,0,0,0,0,0,0,0,0,0,0,31,-38,34,-38,28,-39,25,-36,20,-33,20,-30,18,-31,20,-23,13,-23,13,-21,10,-22,9,-13,7,-14,8,-14,4,-8,8,-7,7,-6,4,-2,4,-3,4,0,5,0,8,2,7,4,8,6,2,7,8,6,9,11,12,11,9,9,13,14,12,16,14,14,12,13,14,15,17,18,14,15,16,15,16,17,16,13,15,13,17,11,14,14,15,15,12,15,12,9,13,11,16,12,14,10,14,11,14,2,15,4,16,5,14,7,12,4,14,4,15,4,12,7,0,0,0,0,0,0,0,0,0,0,0,0,0,0,0,0,0,0,0,0,0,0,-24,2,-24,2,-26,5,-28,6,-32,5,-39,6,-38,12,-41,10,-45,18,-49,20,-53,17,-52,22,-59,32,-58,28,-61,26,-61,29,-68,41,-63,33,-66,37,-70,40,-68,44,-69,45,-66,46,-72,51,-70,52,-68,59,-65,54,-61,57,-61,59,-59,70,-46,62,-48,68,-44,69,-35,67,-34,72,-26,69,-24,67,-20,74,-15,72,-8,74,-11,71,2,76,1,71,10,67,11,64,17,62,25,60,26,57,32,57,32,59,37,56,37,49,37,55,37,43,47,50,46,40,43,39,0,0]"
CSI_DATA,266,1a:00:00:00:00:00,-51,11,1,0,1,1,1,0,0,0,1,-96,0,11,2,3712499,0,44,0,384,0,"[0,0,0,0,0,0,0,0,0,0,0,0,-8,-1,-8,0,-7,0,-7,-1,-6,-1,-5,-1,-5,0,-4,-1,-4,-1,-3,0,-3,0,-2,-1,-2,-2,-2,-1,-1,-1,-1,-2,0,-2,0,-2,-1,-2,0,-2,0,-3,0,-3,1,-3,0,-3,0,-4,1,-4,0,0,1,-4,0,-4,0,-5,1,-5,1,-4,1,-5,0,-4,1,-4,1,-5,1,-4,0,-5,0,-4,0,-4,0,-4,0,-4,0,-4,-1,-4,0,-4,-1,-4,-1,-4,-1,-4,-1,-4,-1,-4,-1,-3,-1,-3,-1,-4,0,0,0,0,0,0,0,0,0,0,0,0,0,0,-26,-4,-25,-5,-23,-4,-23,-4,-21,-3,-19,-3,-17,-2,-17,-2,-15,-1,-13,-2,-11,0,-9,0,-9,-2,-7,-2,-4,-2,-5,-2,-3,-2,-1,-2,-4,-2,-2,-2,0,-5,0,-4,-1,-5,1,-6,2,-5,3,-7,2,-7,5,-7,4,-9,3,-9,6,-8,5,-9,6,-9,7,-10,5,-10,6,-9,5,-11,4,-11,6,-11,5,-11,4,-10,5,-9,4,-9,3,-8,4,-8,4,-8,3,-10,1,-9,1,-9,2,-7,3,-9,1,-8,1,-8,3,-7,1,-7,1,-8,2,-8,0,0,0,0,0,0,0,0,0,0,0,0,0,0,0,0,0,0,0,0,0,0,9,5,10,4,11,6,13,7,14,6,15,7,17,7,19,7,23,7,24,7,27,11,28,7,31,9,32,9,32,11,34,9,38,7,38,12,37,10,37,8,40,8,44,10,40,7,45,8,43,6,44,0,42,4,43,4,42,1,45,-3,37,-3,42,-5,41,-6,37,-9,42,-10,38,-15,35,-14,35,-17,33,-17,32,-20,30,-20,29,-24,29,-25,23,-25,23,-26,19,-23,20,-28,16,-29,15,-29,14,-32,12,-30,12,-32,11,-31,9,-29,9,-33,7,-33,8,-29,0,0]"
CSI_DATA,267,1a:00:00:00:00:00,-52,11,1,0,1,1,1,0,0,0,1,-96,0,11,2,3722400,0,44,0,384,0,"[0,0,0,0,0,0,0,0,0,0,0,0,0,-8,0,-8,0,-7,0,-6,-1,-6,0,-5,0,-5,0,-4,0,-4,0,-3,0,-3,0,-2,0,-2,0,-1,0,-1,1,-1,1,-1,1,0,1,0,2,0,2,1,2,1,2,1,3,1,3,1,3,1,0,0,3,1,3,2,4,2,4,1,3,2,3,2,3,2,3,2,3,1,3,1,3,1,3,1,3,1,3,1,3,1,3,0,3,0,3,0,2,0,2,0,3,0,3,0,2,0,3,0,3,0,2,0,0,0,0,0,0,0,0,0,0,0,0,0,0,0,9,-23,8,-22,4,-25,5,-20,4,-18,3,-16,3,-16,3,-15,3,-12,3,-11,1,-10,1,-8,0,-9,1,-7,2,-5,2,-5,1,-5,2,-2,2,-1,3,0,4,-2,3,0,3,0,4,3,4,2,6,4,5,5,8,5,6,5,6,5,7,5,8,7,8,7,8,7,8,5,9,8,10,7,9,5,7,7,9,7,9,6,7,5,8,4,8,5,8,4,6,4,7,4,8,3,7,4,7,2,7,3,7,3,7,2,8,2,7,2,7,2,7,3,0,0,0,0,0,0,0,0,0,0,0,0,0,0,0,0,0,0,0,0,0,0,-8,7,-9,9,-9,10,-10,12,-9,12,-12,15,-10,16,-12,17,-14,21,-13,21,-14,23,-13,25,-14,29,-16,30,-17,30,-16,30,-18,35,-18,34,-17,34,-18,35,-18,36,-19,39,-16,37,-15,42,-15,40,-11,42,-14,40,-11,41,-9,39,-7,44,-5,36,-5,42,-3,39,2,38,2,40,5,38,7,37,10,37,11,33,14,35,14,34,18,30,17,31,18,27,20,24,23,23,23,23,25,20,25,20,28,18,27,18,28,16,30,18,26,12,32,13,29,12,27,13,0,0]"
CSI_DATA,268,1a:00:00:00:00:00,-51,11,1,0,1,1,1,0,0,0,1,-96,0,11,2,3732413,0,44,0,384,0,"[0,0,0,0,0,0,0,0,0,0,0,0,-7,1,-6,1,-6,1,-6,0,-5,0,-4,0,-4,0,-3,0,-3,0,-3,0,-2,0,-2,0,-2,-1,-1,-1,-1,-1,-1,-1,-1,-1,-1,-2,-1,-2,-1,-2,0,-2,0,-3,0,-3,0,-3,0,-4,0,-4,0,0,0,-3,0,-4,0,-4,0,-4,0,-4,0,-4,0,-4,0,-4,0,-4,0,-4,0,-4,0,-4,0,-4,0,-4,0,-4,0,-4,-1,-3,-1,-3,-1,-3,-1,-3,-1,-3,-1,-3,-1,-3,-1,-3,-1,-3,-1,-3,0,0,0,0,0,0,0,0,0,0,0,0,0,0,-52,3,-47,3,-47,11,-42,5,-42,5,-34,6,-34,5,-31,4,-26,4,-23,4,-22,1,-15,2,-18,2,-13,2,-12,-2,-8,-3,-10,-5,-7,-1,-4,-8,-6,-8,-2,-8,-1,-10,-1,-9,0,-9,-1,-12,3,-13,4,-16,5,-16,3,-22,3,-25,1,-21,3,-20,4,-22,4,-23,0,-22,4,-23,3,-24,2,-23,3,-23,3,-21,1,-25,1,-25,1,-20,-1,-18,2,-20,2,-18,2,-20,-1,-17,-5,-18,0,-16,-4,-15,-5,-19,-2,-18,-3,-16,-3,-14,-4,-14,-2,-19,0,0,0,0,0,0,0,0,0,0,0,0,0,0,0,0,0,0,0,0,0,0,17,9,19,12,23,14,29,12,30,17,31,17,32,13,39,16,46,16,48,16,51,19,57,17,65,18,65,16,60,19,69,14,81,12,71,16,72,14,78,14,81,14,87,10,83,9,88,7,89,3,91,-3,86,1,84,-2,84,-6,87,-14,74,-11,80,-16,79,-20,70,-29,75,-30,68,-34,66,-35,67,-40,57,-44,57,-48,54,-46,48,-55,45,-55,37,-57,33,-52,32,-59,24,-62,26,-61,18,-63,17,-64,15,-66,10,-64,10,-67,4,-63,4,-68,-2,-67,-1,-61,0,0]"
CSI_DATA,269,1a:00:00:00:00:00,-51,11,1,0,1,1,1,0,0,0,1,-96,0,11,2,3742761,0,44,0,384,0,"[0,0,0,0,0,0,0,0,0,0,0,0,-6,3,-6,3,-5,2,-5,2,-4,1,-4,1,-3,1,-3,1,-3,1,-2,0,-2,0,-2,0,-2,-1,-2,-1,-1,-1,-1,-1,-1,-1,-1,-2,-1,-2,-1,-2,-1,-3,-1,-3,0,-3,-1,-4,-1,-4,0,-4,0,0,-1,-4,-1,-4,-1,-5,-1,-4,-1,-4,-1,-4,-1,-4,-1,-4,0,-4,-1,-4,0,-4,-1,-4,-1,-4,-1,-4,-1,-3,-1,-4,-1,-4,-1,-3,-1,-3,-2,-3,-1,-3,-1,-3,-2,-3,-1,-3,-1,-3,-1,-3,0,0,0,0,0,0,0,0,0,0,0,0,0,0,-48,20,-42,18,-42,25,-33,19,-35,23,-34,18,-29,16,-26,18,-21,12,-18,13,-18,11,-18,8,-13,4,-10,8,-11,2,-8,1,-7,-1,-8,1,-6,-2,-3,-2,-3,-6,-3,-11,-2,-12,-3,-12,-6,-12,-6,-14,0,-18,-3,-17,-1,-19,-6,-20,0,-22,-4,-22,-6,-20,-8,-23,-5,-23,-2,-24,-2,-25,-6,-25,-5,-21,-4,-24,-7,-22,-5,-23,-6,-20,-8,-20,-3,-19,-3,-19,-5,-16,-8,-17,-6,-16,-8,-14,-9,-15,-7,-15,-10,-14,-9,-13,-10,-16,-9,-15,-6,-12,0,0,0,0,0,0,0,0,0,0,0,0,0,0,0,0,0,0,0,0,0,0,21,4,27,3,26,4,26,5,34,2,37,3,39,0,42,3,49,-4,47,-2,55,-5,61,-9,64,-12,65,-9,66,-5,73,-11,78,-14,73,-13,77,-12,76,-14,78,-16,85,-17,78,-22,86,-28,84,-30,79,-35,78,-33,77,-32,77,-38,77,-44,63,-38,73,-47,67,-50,61,-52,60,-55,50,-57,47,-54,46,-64,41,-60,34,-65,35,-65,23,-68,25,-66,13,-70,16,-69,8,-63,3,-67,-3,-66,-5,-63,-6,-66,-11,-68,-19,-63,-13,-67,-18,-61,-22,-66,-27,-57,-23,-55,0,0]"
CSI_DATA,270,1a:00:00:00:00:00,-51,11,1,0,1,1,1,0,0,0,1,-96,0,11,2,3753219,0,44,0,384,0,"[0,0,0,0,0,0,0,0,0,0,0,0,1,-8,1,-7,0,-6,0,-6,1,-5,1,-5,1,-4,0,-3,1,-3,0,-2,1,-2,0,-2,0,-1,0,-1,1,0,1,-1,1,0,1,0,1,1,1,1,1,2,1,2,2,1,2,2,2,2,2,2,0,0,2,2,2,3,2,3,3,2,2,3,2,3,2,3,2,3,2,2,2,2,2,2,2,3,2,2,2,2,2,2,2,2,2,2,2,1,2,1,2,1,2,1,2,1,2,1,2,1,2,1,2,1,0,0,0,0,0,0,0,0,0,0,0,0,0,0,12,-25,7,-22,6,-22,8,-18,6,-21,5,-18,5,-15,4,-15,4,-12,3,-12,3,-10,2,-9,2,-9,3,-7,1,-3,1,-6,3,-3,2,-2,3,-1,2,1,3,1,3,3,2,2,4,2,4,4,5,4,6,3,5,3,7,5,8,4,7,6,8,7,9,6,8,9,9,5,9,9,10,7,8,7,9,7,9,6,9,6,7,8,8,6,9,5,7,8,7,6,6,3,8,2,7,3,6,2,8,3,7,2,8,2,8,3,8,1,8,4,5,4,0,0,0,0,0,0,0,0,0,0,0,0,0,0,0,0,0,0,0,0,0,0,-9,7,-11,6,-11,8,-11,9,-12,9,-15,12,-14,12,-17,15,-18,17,-18,18,-19,20,-19,23,-19,27,-20,26,-23,26,-22,26,-23,31,-24,29,-22,31,-24,30,-25,33,-25,35,-23,34,-21,39,-23,39,-18,40,-19,40,-18,40,-17,37,-14,43,-12,36,-10,40,-9,38,-5,39,-7,40,-1,38,0,37,3,38,5,35,10,36,8,37,13,32,14,32,16,30,17,28,18,24,21,25,21,25,24,23,24,21,24,21,27,17,28,20,25,15,28,15,29,14,25,14,0,0]"
CSI_DATA,271,1a:00:00:00:00:00,-51,11,1,0,1,1,1,0,0,0,1,-96,0,11,2,3782469,0,44,0,384,0,"[0,0,0,0,0,0,0,0,0,0,0,0,3,-6,2,-5,2,-5,2,-5,2,-4,2,-4,1,-4,1,-3,1,-2,0,-2,1,-2,1,-1,1,-1,0,0,0,0,1,0,0,0,0,1,0,1,1,1,0,2,1,2,1,2,1,3,1,3,1,2,0,0,1,3,1,3,2,3,1,3,1,3,1,3,1,3,1,3,1,3,1,3,1,3,1,3,1,3,1,2,1,2,1,2,1,2,2,2,1,2,1,1,1,2,1,2,1,2,2,1,1,2,1,1,0,0,0,0,0,0,0,0,0,0,0,0,0,0,25,-42,25,-39,19,-41,16,-39,14,-35,15,-30,15,-27,13,-23,8,-22,8,-19,7,-17,8,-14,3,-13,7,-12,5,-10,5,-5,6,-3,3,-3,4,3,5,5,7,5,5,6,5,6,11,8,6,10,9,12,6,14,10,15,5,16,13,14,9,20,4,22,11,20,10,22,11,20,10,22,8,21,11,24,11,20,9,20,8,17,7,21,11,16,9,19,9,18,8,18,10,19,12,14,8,13,8,13,14,12,10,11,10,12,6,15,9,10,12,14,10,13,0,0,0,0,0,0,0,0,0,0,0,0,0,0,0,0,0,0,0,0,0,0,-16,15,-15,19,-15,21,-20,27,-15,25,-18,31,-17,35,-19,38,-18,41,-18,41,-26,47,-25,51,-23,60,-27,57,-30,60,-31,61,-32,75,-32,65,-30,68,-29,69,-29,71,-33,78,-29,75,-29,78,-30,81,-20,84,-27,82,-23,84,-17,79,-15,87,-9,68,-9,85,-7,80,2,73,-2,80,6,76,6,70,13,74,16,66,20,70,22,69,30,61,26,68,35,54,36,56,40,54,42,49,44,43,45,45,44,41,46,41,51,39,57,42,51,33,54,35,55,35,51,28,0,0]"
CSI_DATA,272,1a:00:00:00:00:00,-51,11,1,0,1,1,1,0,0,0,1,-96,0,11,2,3792391,0,44,0,384,0,"[0,0,0,0,0,0,0,0,0,0,0,0,3,5,3,4,3,4,3,3,2,3,1,3,1,2,1,2,1,1,0,1,0,1,0,1,0,0,-1,0,-1,0,-2,0,-2,0,-2,0,-2,0,-3,0,-3,0,-3,0,-3,0,-4,-1,-4,-1,-4,0,0,0,-5,0,-4,-1,-5,-1,-5,0,-5,-1,-5,-1,-4,-1,-5,-1,-5,0,-5,0,-5,0,-4,-1,-4,-1,-4,0,-4,0,-4,0,-4,0,-4,0,-3,0,-3,0,-4,0,-3,0,-3,0,-3,0,-3,0,-3,0,0,0,0,0,0,0,0,0,0,0,0,0,0,0,17,47,17,41,18,39,17,36,11,35,11,30,12,27,11,29,9,22,7,18,7,15,3,16,6,12,0,10,2,8,-2,9,0,4,-2,3,-6,3,-8,-2,-8,1,-9,-4,-8,-5,-11,-7,-13,-6,-14,-7,-15,-8,-17,-9,-19,-7,-20,-7,-21,-6,-19,-12,-21,-11,-23,-12,-21,-8,-21,-15,-21,-13,-22,-11,-19,-14,-21,-12,-23,-10,-21,-9,-17,-11,-21,-9,-18,-10,-21,-8,-18,-7,-16,-7,-16,-7,-15,-7,-21,-9,-19,-3,-17,-5,-15,-8,-14,-7,-17,-4,-15,-7,0,0,0,0,0,0,0,0,0,0,0,0,0,0,0,0,0,0,0,0,0,0,-15,-19,-14,-17,-18,-20,-19,-26,-23,-24,-27,-28,-26,-29,-28,-31,-34,-35,-36,-34,-38,-39,-37,-40,-50,-45,-52,-45,-45,-46,-51,-48,-53,-51,-52,-55,-53,-54,-59,-61,-59,-60,-64,-63,-50,-59,-62,-55,-64,-65,-71,-57,-61,-60,-62,-56,-71,-47,-70,-53,-65,-49,-74,-51,-68,-46,-71,-37,-73,-40,-68,-31,-68,-29,-73,-23,-66,-22,-73,-15,-73,-14,-73,-6,-68,-8,-70,0,-64,1,-64,2,-66,7,-64,11,-63,14,-63,17,-61,19,-61,22,-68,20,-53,22,-61,27,-58,21,-52,23,0,0]"
CSI_DATA,273,1a:00:00:00:00:00,-51,11,1,0,1,1,1,0,0,0,1,-96,0,11,2,3802439,0,44,0,384,0,"[0,0,0,0,0,0,0,0,0,0,0,0,6,-3,5,-3,4,-3,4,-2,3,-2,3,-2,2,-2,2,-2,2,-1,1,-1,1,-1,1,0,1,0,0,0,0,0,0,1,0,1,-1,1,-1,2,-1,2,-1,2,-1,2,-1,2,-1,3,-1,3,-1,3,0,0,-1,3,-1,4,-1,4,-1,4,-1,3,-1,4,-1,3,-1,3,-1,4,-1,3,-1,3,-1,3,0,3,-1,3,-1,3,-1,3,0,3,0,2,0,2,0,2,0,2,0,2,0,2,0,2,0,2,0,2,0,0,0,0,0,0,0,0,0,0,0,0,0,0,49,-3,44,1,44,-5,40,-5,34,-3,33,-3,31,-4,29,-4,24,-2,19,-8,15,-3,15,-3,14,-2,12,-1,9,3,7,0,5,4,2,6,1,3,-1,3,-3,8,-4,11,-2,8,-4,10,-6,9,-8,14,-8,12,-9,17,-10,18,-12,22,-11,19,-12,21,-15,20,-12,21,-12,22,-15,18,-12,20,-13,24,-14,14,-11,20,-10,17,-11,22,-10,19,-8,20,-10,16,-10,18,-7,19,-4,19,-7,17,-7,18,-6,16,-2,15,-4,16,-6,14,-3,17,-3,13,-5,14,0,0,0,0,0,0,0,0,0,0,0,0,0,0,0,0,0,0,0,0,0,0,-22,-4,-26,-5,-28,-5,-31,-4,-32,-4,-35,-4,-37,0,-41,-1,-50,3,-48,-1,-58,1,-55,6,-67,8,-66,4,-68,0,-67,0,-78,7,-72,3,-75,6,-76,6,-80,5,-87,11,-78,11,-90,15,-85,16,-84,22,-83,19,-87,20,-77,23,-85,31,-68,26,-79,34,-71,32,-65,35,-69,38,-62,43,-57,42,-57,48,-51,47,-50,54,-49,52,-39,60,-38,61,-31,62,-30,61,-29,54,-23,58,-19,63,-14,64,-10,64,-4,67,-4,66,-5,64,1,58,-1,67,-3,65,1,61,0,0]"
CSI_DATA,274,1a:00:00:00:00:00,-51,11,1,0,1,1,1,0,0,0,1,-96,0,11,2,3812391,0,44,0,384,0,"[0,0,0,0,0,0,0,0,0,0,0,0,-6,2,-6,2,-5,2,-5,2,-4,1,-4,1,-3,1,-3,1,-3,0,-2,0,-2,0,-1,-1,-1,-1,-1,-1,-1,-1,-1,-1,0,-2,0,-2,0,-3,0,-3,0,-3,0,-3,1,-3,0,-4,0,-4,1,-4,0,0,1,-4,0,-5,0,-5,1,-4,1,-5,1,-4,1,-5,1,-4,1,-4,1,-4,1,-4,1,-4,0,-4,0,-4,0,-3,0,-4,0,-4,0,-3,0,-3,0,-3,0,-3,0,-3,0,-3,0,-3,0,-3,0,-3,0,0,0,0,0,0,0,0,0,0,0,0,0,0,-50,16,-44,13,-42,17,-40,14,-32,16,-32,12,-25,12,-28,9,-22,7,-21,7,-17,6,-15,5,-15,8,-12,2,-8,1,-8,-1,-6,-4,-3,-4,-1,-6,-1,-7,0,-9,1,-10,0,-12,2,-12,3,-15,1,-18,4,-18,2,-21,4,-21,2,-22,2,-22,1,-24,1,-23,3,-28,-2,-24,2,-26,5,-25,3,-24,2,-26,0,-24,3,-22,3,-26,0,-23,0,-25,-2,-25,-1,-21,-1,-20,-5,-21,-3,-19,-2,-16,-7,-16,-4,-20,-5,-15,-6,-16,-5,-18,-6,-18,-2,-17,0,0,0,0,0,0,0,0,0,0,0,0,0,0,0,0,0,0,0,0,0,0,23,1,25,2,26,-1,35,0,32,0,37,2,35,-2,45,-4,49,-6,46,-7,55,-5,54,-5,66,-12,67,-13,68,-10,66,-14,75,-17,72,-13,69,-15,73,-14,81,-16,83,-28,77,-24,86,-26,91,-25,74,-36,81,-29,83,-29,75,-29,77,-41,63,-39,69,-46,63,-44,58,-50,60,-54,51,-56,52,-50,50,-58,37,-57,37,-63,39,-59,27,-64,28,-65,16,-65,17,-65,7,-62,9,-65,5,-68,-2,-65,-4,-67,-4,-65,-14,-65,-10,-68,-10,-56,-20,-68,-19,-66,-21,-56,0,0]"
CSI_DATA,275,1a:00:00:00:00:00,-51,11,1,0,1,1,1,0,0,0,1,-96,0,11,2,3823227,0,44,0,384,0,"[0,0,0,0,0,0,0,0,0,0,0,0,2,5,2,4,3,4,2,4,2,3,1,3,1,2,1,2,0,1,0,1,0,1,-1,1,-1,0,-1,0,-1,0,-2,-1,-2,-1,-2,-1,-2,-1,-3,-1,-3,-1,-3,-1,-4,-1,-4,-2,-4,-2,-4,-1,0,0,-5,-2,-5,-2,-5,-2,-5,-1,-4,-2,-5,-2,-5,-2,-4,-2,-5,-1,-4,-1,-5,-2,-4,-2,-4,-2,-4,-1,-4,-1,-4,-1,-4,-1,-4,-1,-4,-1,-4,0,-3,-1,-3,-1,-3,-1,-3,-1,-3,-1,-3,-1,0,0,0,0,0,0,0,0,0,0,0,0,0,0,32,41,30,38,34,33,28,31,26,30,22,24,20,25,18,20,15,17,12,15,13,16,9,13,8,13,5,11,-2,9,1,2,-1,4,-1,3,-8,2,-9,4,-7,2,-10,0,-10,-3,-17,1,-16,-4,-17,-2,-15,-5,-19,-1,-23,-6,-24,-2,-22,-3,-21,-7,-25,2,-24,-4,-26,-1,-22,-5,-27,-4,-24,-5,-25,-6,-26,-2,-27,-3,-24,-4,-24,-2,-23,-6,-21,-3,-23,-2,-20,0,-20,0,-18,1,-16,0,-21,-1,-19,2,-18,3,-19,0,-20,1,-18,-3,-16,1,0,0,0,0,0,0,0,0,0,0,0,0,0,0,0,0,0,0,0,0,0,0,-15,-14,-18,-16,-20,-20,-24,-19,-24,-21,-27,-23,-32,-24,-34,-30,-44,-30,-38,-31,-42,-37,-44,-36,-54,-39,-53,-41,-51,-43,-57,-42,-65,-41,-59,-46,-61,-46,-63,-49,-61,-52,-70,-50,-69,-50,-70,-53,-75,-53,-77,-43,-69,-48,-73,-45,-74,-44,-80,-37,-70,-31,-76,-34,-77,-30,-71,-19,-78,-25,-73,-15,-77,-18,-74,-12,-70,-8,-74,-3,-70,1,-73,4,-71,7,-66,15,-61,15,-63,17,-61,22,-63,27,-57,29,-59,33,-60,29,-53,34,-58,36,-53,36,-57,39,-51,38,-48,37,0,0]"
CSI_DATA,276,1a:00:00:00:00:00,-51,11,1,0,1,1,1,0,0,0,1,-96,0,11,2,3832393,0,44,0,384,0,"[0,0,0,0,0,0,0,0,0,0,0,0,-5,-7,-4,-6,-4,-5,-4,-5,-4,-4,-3,-4,-2,-3,-2,-3,-1,-2,-1,-2,-1,-2,-1,-2,-1,-1,0,-1,0,-1,1,-1,1,-1,1,0,1,0,2,0,2,0,2,0,3,0,3,0,3,0,4,0,0,0,4,0,4,0,4,0,5,-1,4,0,4,0,4,0,4,0,4,0,4,0,4,0,3,0,4,0,3,0,3,-1,3,-1,3,-1,3,-1,3,-1,3,-1,3,-1,3,-1,3,-1,3,-1,3,-1,2,-1,0,0,0,0,0,0,0,0,0,0,0,0,0,0,-30,-40,-31,-39,-29,-38,-26,-32,-27,-28,-23,-27,-21,-24,-23,-23,-17,-19,-14,-19,-13,-13,-13,-11,-10,-11,-5,-10,-4,-9,-2,-6,0,-6,2,-4,2,-1,9,-3,12,-3,7,-2,12,1,15,-4,17,-4,20,-2,17,1,24,-3,23,-1,19,-6,22,-4,25,-4,24,-5,28,-5,26,-7,29,-1,25,-5,24,-6,23,1,20,-5,24,-3,22,-3,19,-3,20,-6,23,-8,18,-4,18,-6,18,-7,17,-7,16,-8,17,-5,17,-12,15,-8,12,-6,16,-9,17,-5,13,-6,0,0,0,0,0,0,0,0,0,0,0,0,0,0,0,0,0,0,0,0,0,0,6,22,8,23,8,23,9,30,13,30,11,35,15,35,18,39,24,43,20,45,26,50,31,51,35,54,33,55,34,61,33,60,39,64,37,64,42,65,43,65,44,67,46,71,50,67,55,68,55,68,58,61,55,65,59,62,56,59,67,59,58,45,69,50,65,48,65,39,69,40,65,29,64,28,75,22,68,19,72,13,70,15,70,5,73,2,67,-4,66,-7,62,-15,67,-16,62,-17,61,-22,61,-24,54,-33,61,-35,59,-29,49,-35,59,-38,52,-40,54,-35,0,0]"
CSI_DATA,277,1a:00:00:00:00:00,-51,11,1,0,1,1,1,0,0,0,1,-96,0,11,2,3852399,0,44,0,384,0,"[0,0,0,0,0,0,0,0,0,0,0,0,5,-6,4,-5,4,-4,3,-4,3,-3,3,-3,2,-3,2,-2,1,-2,1,-1,1,-1,0,-1,0,0,0,0,0,1,0,1,0,1,0,1,0,2,0,2,-1,3,-1,3,-1,3,0,4,0,4,-1,4,0,0,-1,4,-1,4,0,5,-1,4,-1,5,-1,5,-1,5,-1,4,-1,4,-1,4,-1,4,-1,4,0,4,0,3,-1,3,0,3,0,3,0,3,0,3,0,3,0,3,0,3,0,3,0,3,0,3,0,2,0,0,0,0,0,0,0,0,0,0,0,0,0,0,42,-28,40,-28,33,-29,29,-25,30,-27,25,-22,22,-22,21,-16,16,-17,16,-15,13,-14,13,-7,9,-5,8,-6,5,2,4,-1,3,-2,3,1,1,0,1,8,-3,9,0,10,-3,10,-2,13,-6,16,0,16,-3,18,2,20,-1,22,-1,24,-4,20,-2,25,0,29,1,25,-1,26,1,19,1,26,-1,25,-3,22,-1,26,0,25,-2,22,2,24,-3,23,-3,18,2,20,-2,20,5,20,2,14,5,18,3,17,3,16,5,16,2,18,4,18,2,17,0,15,0,0,0,0,0,0,0,0,0,0,0,0,0,0,0,0,0,0,0,0,0,0,-21,9,-23,12,-27,15,-28,14,-31,19,-30,21,-33,21,-39,25,-40,30,-44,28,-44,33,-45,35,-49,42,-56,39,-54,38,-56,45,-59,52,-64,48,-57,47,-61,47,-64,50,-64,55,-65,56,-63,62,-64,61,-57,65,-60,64,-56,62,-53,65,-52,69,-41,65,-47,68,-46,68,-37,68,-39,73,-28,72,-27,68,-20,73,-18,68,-12,72,-9,71,-1,71,-1,67,7,71,8,60,8,69,18,63,13,61,23,60,27,61,27,58,33,59,31,58,32,49,35,58,32,55,36,51,0,0]"
CSI_DATA,278,1a:00:00:00:00:00,-51,11,1,0,1,1,1,0,0,0,1,-96,0,11,2,3863105,0,44,0,384,0,"[0,0,0,0,0,0,0,0,0,0,0,0,3,6,3,5,3,5,3,4,2,3,1,3,1,2,1,2,0,1,0,1,0,1,0,0,-1,0,-1,0,-1,0,-2,-1,-2,-1,-2,-1,-3,-1,-3,-1,-3,-1,-4,-1,-4,-1,-4,-1,-5,-2,-5,-1,0,0,-5,-1,-5,-2,-6,-2,-6,-1,-5,-2,-5,-2,-5,-2,-5,-2,-5,-2,-5,-2,-5,-2,-5,-2,-5,-1,-4,-1,-4,-1,-4,-1,-4,-1,-4,0,-4,-1,-4,-1,-4,-1,-4,-1,-4,-1,-4,-1,-4,-1,-4,-1,0,0,0,0,0,0,0,0,0,0,0,0,0,0,17,49,15,42,19,41,17,36,16,33,14,30,12,24,11,24,10,19,8,19,6,14,4,15,6,12,2,8,1,7,-1,6,-4,3,-5,1,-6,-1,-7,-2,-9,-3,-11,-3,-13,-7,-14,-5,-15,-9,-19,-8,-19,-8,-20,-9,-20,-7,-22,-8,-22,-8,-25,-10,-24,-12,-25,-12,-26,-9,-25,-11,-23,-12,-24,-11,-21,-13,-23,-8,-27,-9,-24,-8,-20,-9,-21,-5,-22,-10,-21,-9,-21,-7,-20,-5,-16,-2,-17,-4,-18,-3,-18,-5,-20,-5,-17,-4,-18,-1,-16,-1,-15,-4,0,0,0,0,0,0,0,0,0,0,0,0,0,0,0,0,0,0,0,0,0,0,-9,-20,-9,-24,-9,-25,-17,-30,-16,-29,-19,-33,-19,-32,-18,-41,-23,-44,-25,-40,-32,-46,-32,-45,-40,-52,-38,-53,-34,-60,-36,-60,-47,-66,-39,-59,-43,-64,-40,-66,-42,-72,-47,-73,-42,-65,-53,-70,-57,-66,-59,-66,-55,-64,-54,-66,-57,-63,-62,-61,-52,-45,-66,-53,-59,-52,-62,-40,-65,-49,-59,-45,-66,-32,-68,-32,-63,-23,-69,-21,-75,-26,-70,-10,-70,-16,-64,-6,-62,-4,-66,-8,-63,4,-64,9,-65,10,-63,13,-63,18,-63,24,-65,17,-57,20,-60,27,-63,24,-56,23,0,0]"
CSI_DATA,279,1a:00:00:00:00:00,-50,11,1,0,1,1,1,0,0,0,1,-96,0,11,2,3882400,0,44,0,384,0,"[0,0,0,0,0,0,0,0,0,0,0,0,-2,-7,-2,-6,-2,-5,-2,-5,-2,-4,-1,-4,-1,-3,-1,-3,0,-2,-1,-2,0,-2,0,-1,0,-1,0,0,0,0,1,0,1,0,1,0,1,1,1,1,2,1,2,1,2,1,2,2,3,2,3,2,0,0,3,2,3,3,3,3,4,2,3,2,3,2,3,2,3,2,3,2,3,2,3,2,2,2,3,2,2,2,3,1,3,1,3,1,2,1,2,1,2,0,2,1,2,1,2,1,2,1,2,1,2,1,0,0,0,0,0,0,0,0,0,0,0,0,0,0,-2,-50,2,-49,-3,-45,-2,-44,-2,-37,1,-34,-3,-31,-3,-30,-1,-23,-3,-18,-1,-15,0,-16,-3,-11,-1,-9,1,-5,4,-5,4,-3,2,-1,2,4,5,3,7,5,5,6,7,7,9,11,9,10,10,12,12,14,15,13,14,17,17,16,17,18,15,18,16,20,17,21,17,16,13,21,16,19,14,19,12,20,14,18,14,16,16,19,15,18,14,15,13,15,15,13,11,15,15,12,13,13,12,13,13,13,12,13,14,10,11,10,14,9,12,11,11,10,0,0,0,0,0,0,0,0,0,0,0,0,0,0,0,0,0,0,0,0,0,0,8,19,9,25,9,25,11,29,17,31,11,35,11,36,13,37,17,45,19,41,20,48,23,49,35,57,27,58,25,62,23,63,30,67,30,66,25,68,25,71,26,74,31,79,33,73,41,71,44,73,46,71,40,77,41,71,37,70,49,74,37,55,46,69,45,65,47,53,50,62,56,54,56,46,58,45,55,45,65,38,63,40,61,33,64,32,65,23,62,18,61,20,63,15,62,12,64,10,67,7,64,1,65,-3,72,3,57,3,69,-3,64,-6,62,-2,0,0]"
CSI_DATA,280,1a:00:00:00:00:00,-50,11,1,0,1,1,1,0,0,0,1,-96,0,11,2,3893203,0,44,0,384,0,"[0,0,0,0,0,0,0,0,0,0,0,0,-4,5,-3,5,-3,4,-3,4,-3,3,-2,2,-2,2,-2,2,-2,1,-1,1,-1,0,-1,0,-1,-1,-1,-1,-1,-1,-1,-2,-1,-2,-1,-2,-1,-2,-1,-3,-1,-3,-1,-3,-1,-3,-1,-4,-1,-4,-1,-4,0,0,-1,-5,-1,-5,-1,-5,-1,-5,-1,-5,-1,-5,-1,-5,-1,-5,-1,-5,-1,-5,-1,-5,-1,-4,-1,-4,-1,-4,-1,-4,-2,-4,-2,-3,-2,-3,-2,-3,-2,-3,-1,-3,-2,-3,-2,-3,-2,-3,-1,-3,-1,-3,0,0,0,0,0,0,0,0,0,0,0,0,0,0,-29,40,-25,40,-20,36,-21,34,-19,32,-21,29,-16,26,-17,26,-11,17,-8,15,-5,16,-8,12,-6,11,-6,8,-4,4,-6,1,-5,-1,-6,-4,1,-5,-2,-6,-5,-9,1,-10,-2,-13,-5,-15,-4,-17,-5,-18,-4,-20,-6,-22,-6,-22,-6,-26,-7,-23,-6,-24,-6,-22,-7,-27,-8,-25,-8,-25,-8,-27,-7,-27,-4,-27,-6,-27,-5,-26,-5,-24,-4,-19,-6,-28,-9,-23,-8,-20,-7,-18,-10,-18,-5,-17,-9,-15,-5,-16,-10,-17,-11,-13,-8,-15,-7,-17,-7,-16,-6,-18,0,0,0,0,0,0,0,0,0,0,0,0,0,0,0,0,0,0,0,0,0,0,11,-21,11,-24,16,-25,13,-28,15,-27,18,-33,13,-36,18,-39,22,-45,17,-42,21,-48,22,-52,21,-64,27,-61,28,-63,29,-63,26,-73,28,-66,25,-73,28,-71,31,-74,27,-80,25,-75,26,-81,26,-84,21,-86,21,-83,21,-86,17,-79,11,-86,8,-73,9,-85,2,-79,-2,-79,-3,-78,-8,-77,-8,-72,-15,-73,-14,-66,-24,-74,-24,-72,-30,-63,-31,-62,-35,-59,-36,-56,-41,-56,-45,-49,-44,-49,-50,-46,-49,-44,-49,-39,-55,-37,-54,-43,-53,-34,-55,-40,-56,-33,-52,-32,0,0]"
CSI_DATA,281,1a:00:00:00:00:00,-50,11,1,0,1,1,1,0,0,0,1,-96,0,11,2,3902388,0,44,0,384,0,"[0,0,0,0,0,0,0,0,0,0,0,0,4,-5,4,-5,3,-4,3,-4,2,-3,2,-3,2,-2,1,-2,1,-2,1,-1,0,-1,0,-1,0,-1,0,0,-1,1,0,1,-1,1,-1,1,-1,2,-1,2,-1,2,-1,3,-1,3,-1,3,-1,3,-1,4,0,0,-1,4,-1,4,-1,4,-1,4,-1,4,-1,4,-1,4,-1,3,-1,4,-1,4,-1,4,-1,3,-1,3,-1,3,-1,3,-1,3,0,3,0,2,0,3,0,3,0,3,0,3,0,2,0,2,-1,2,-1,2,0,0,0,0,0,0,0,0,0,0,0,0,0,0,45,-23,41,-25,40,-27,33,-23,30,-22,30,-20,24,-21,22,-18,20,-11,16,-10,12,-7,12,-7,10,-8,8,-7,4,-3,4,1,5,1,1,6,0,7,-3,8,-2,8,-5,11,-3,11,-4,14,-4,14,-9,16,-7,17,-6,19,-8,20,-10,26,-8,25,-11,24,-9,23,-11,25,-8,28,-7,27,-10,23,-7,26,-9,23,-7,24,-6,25,-9,21,-10,24,-6,24,-6,18,-7,23,-5,21,-5,20,-5,19,-3,20,-2,18,-1,17,-3,19,-4,18,0,16,-4,14,-6,14,0,0,0,0,0,0,0,0,0,0,0,0,0,0,0,0,0,0,0,0,0,0,-20,16,-18,17,-18,17,-23,24,-23,22,-27,27,-28,29,-31,31,-32,39,-34,36,-37,41,-36,43,-37,50,-42,49,-48,49,-44,50,-51,61,-48,54,-50,54,-53,59,-51,58,-58,64,-49,59,-52,68,-54,68,-48,70,-53,70,-48,71,-44,67,-44,74,-36,67,-38,73,-33,71,-29,70,-32,75,-22,73,-19,68,-14,74,-9,68,-5,76,-8,73,4,68,0,70,8,63,8,64,11,63,21,63,19,63,20,62,24,61,27,59,35,58,28,62,31,55,35,55,33,56,33,52,0,0]"
CSI_DATA,282,1a:00:00:00:00:00,-50,11,1,0,1,1,1,0,0,0,1,-96,0,11,2,3912411,0,44,0,384,0,"[0,0,0,0,0,0,0,0,0,0,0,0,-7,-3,-7,-3,-6,-2,-6,-3,-5,-2,-4,-2,-4,-1,-3,-1,-2,-1,-2,-1,-1,-1,-1,-1,-1,-1,0,-1,1,-1,1,-1,1,-1,2,-1,2,-2,2,-1,3,-1,3,-2,3,-2,3,-2,3,-2,4,-2,0,0,4,-3,4,-2,4,-2,4,-3,4,-2,4,-2,4,-2,4,-2,4,-2,4,-2,4,-2,4,-2,3,-2,3,-2,3,-2,3,-2,3,-2,2,-3,2,-2,2,-2,2,-2,2,-2,2,-2,2,-2,2,-2,2,-2,0,0,0,0,0,0,0,0,0,0,0,0,0,0,-21,-13,-18,-14,-20,-9,-17,-13,-17,-11,-13,-11,-13,-8,-14,-7,-11,-5,-10,-7,-9,-5,-7,-5,-5,-3,-4,-3,-3,-4,-2,-3,-1,-3,2,-1,1,-1,3,-1,2,-2,5,-2,6,0,9,-1,7,1,11,-1,8,-1,11,0,9,-1,10,-3,12,-2,12,-2,13,-2,14,-1,13,-2,12,-1,12,-2,13,-2,14,-2,12,-3,13,-2,12,-1,13,-1,11,-2,10,-1,11,-1,10,-3,10,-3,9,-3,9,-2,9,-4,8,-3,8,-2,8,-2,9,-1,7,-3,7,-2,0,0,0,0,0,0,0,0,0,0,0,0,0,0,0,0,0,0,0,0,0,0,10,3,13,4,13,4,16,5,16,5,17,6,18,5,20,5,23,5,24,6,27,7,27,5,33,5,32,6,30,9,35,9,38,6,35,9,34,7,37,7,38,10,40,8,39,8,42,7,43,7,42,3,41,7,41,5,42,4,42,1,36,1,41,0,40,-1,37,-4,40,-2,36,-8,36,-8,36,-10,33,-11,34,-15,32,-14,32,-17,30,-17,28,-20,27,-20,23,-20,24,-22,22,-23,22,-25,22,-26,19,-24,19,-27,20,-28,18,-28,18,-30,17,-29,14,-26,0,0]"
CSI_DATA,283,1a:00:00:00:00:00,-50,11,1,0,1,1,1,0,0,0,1,-96,0,11,2,3922437,0,44,0,384,0,"[0,0,0,0,0,0,0,0,0,0,0,0,-1,6,-1,6,-1,5,-1,4,-1,4,-1,3,-1,3,-1,2,-1,1,-1,1,-1,0,-1,0,-1,-1,-1,-1,-1,-1,-1,-2,-2,-2,-1,-2,-2,-3,-2,-3,-2,-3,-2,-4,-2,-4,-2,-4,-3,-4,-2,-4,0,0,-3,-4,-3,-5,-3,-5,-3,-4,-3,-5,-3,-5,-3,-5,-2,-5,-3,-4,-2,-4,-2,-4,-3,-4,-3,-4,-2,-4,-3,-3,-3,-4,-3,-3,-2,-3,-2,-3,-3,-3,-3,-3,-3,-3,-2,-3,-3,-3,-2,-3,-2,-3,0,0,0,0,0,0,0,0,0,0,0,0,0,0,-7,24,-5,23,-3,24,-2,19,-3,19,-3,17,-3,15,-3,13,-1,11,-1,9,-2,9,-2,6,-2,5,-1,4,-2,2,-1,2,-2,0,-3,-1,-2,-2,-3,-4,-4,-5,-4,-5,-3,-6,-4,-6,-4,-8,-4,-8,-6,-11,-6,-11,-6,-11,-6,-11,-6,-13,-7,-12,-6,-12,-8,-12,-7,-13,-6,-12,-4,-12,-6,-12,-6,-12,-6,-12,-6,-11,-6,-11,-6,-10,-7,-11,-6,-10,-6,-10,-5,-10,-8,-9,-7,-9,-6,-6,-6,-8,-6,-7,-5,-7,-6,-9,-6,-8,-5,-7,-4,-7,0,0,0,0,0,0,0,0,0,0,0,0,0,0,0,0,0,0,0,0,0,0,1,-12,-1,-14,-1,-14,-3,-16,-2,-18,-2,-19,-1,-20,-1,-22,-4,-25,-3,-26,-3,-29,-3,-28,-7,-34,-7,-33,-2,-34,-5,-36,-8,-39,-3,-36,-5,-38,-5,-39,-4,-41,-6,-41,-6,-41,-10,-42,-9,-44,-11,-42,-8,-42,-11,-41,-13,-40,-14,-43,-12,-36,-14,-39,-17,-38,-15,-34,-18,-38,-18,-33,-20,-32,-23,-32,-24,-28,-26,-26,-24,-29,-28,-24,-28,-25,-30,-19,-29,-20,-28,-16,-30,-14,-32,-15,-30,-12,-33,-12,-31,-9,-34,-7,-35,-9,-31,-7,-35,-9,-33,-6,-31,-6,0,0]"
CSI_DATA,284,1a:00:00:00:00:00,-50,11,1,0,1,1,1,0,0,0,1,-96,0,11,2,3933833,0,44,0,384,0,"[0,0,0,0,0,0,0,0,0,0,0,0,3,6,3,5,3,4,2,4,2,3,1,3,1,2,1,2,1,1,0,1,0,1,-1,0,-1,0,-1,-1,-2,-1,-2,-1,-2,-1,-2,-1,-3,-1,-3,-2,-3,-2,-4,-2,-4,-2,-4,-2,-4,-2,-5,-2,0,0,-5,-2,-5,-2,-6,-2,-6,-2,-5,-2,-5,-2,-5,-2,-5,-2,-5,-2,-5,-2,-5,-2,-5,-2,-4,-2,-4,-1,-4,-2,-4,-1,-4,-1,-4,-1,-4,-1,-4,-1,-4,-1,-4,-1,-4,-1,-4,-1,-4,-1,-3,-1,0,0,0,0,0,0,0,0,0,0,0,0,0,0,18,47,19,45,21,40,16,38,16,36,16,28,12,28,11,20,9,22,7,18,10,13,8,7,1,10,0,7,1,3,-3,4,-1,0,-7,-1,-7,-5,-6,-2,-12,-6,-13,-4,-11,-8,-14,-8,-14,-12,-17,-9,-19,-11,-21,-12,-20,-14,-20,-10,-25,-15,-25,-13,-26,-11,-26,-15,-26,-10,-24,-16,-25,-13,-22,-15,-24,-14,-22,-8,-25,-13,-21,-10,-23,-13,-22,-11,-21,-12,-22,-7,-18,-8,-21,-8,-17,-7,-18,-4,-24,-6,-20,-4,-19,-4,-21,-8,-18,-7,-17,-5,-16,-9,0,0,0,0,0,0,0,0,0,0,0,0,0,0,0,0,0,0,0,0,0,0,-15,-19,-16,-24,-17,-27,-21,-25,-20,-27,-20,-34,-22,-32,-24,-34,-27,-42,-30,-44,-38,-47,-36,-47,-44,-51,-40,-52,-36,-55,-41,-56,-48,-57,-45,-61,-49,-61,-48,-65,-50,-65,-54,-70,-52,-65,-62,-66,-61,-68,-63,-62,-59,-62,-60,-57,-66,-58,-69,-59,-64,-47,-66,-53,-63,-50,-67,-43,-73,-49,-68,-35,-70,-34,-74,-29,-69,-24,-77,-16,-67,-20,-76,-10,-69,-11,-71,-1,-65,-2,-65,7,-68,3,-69,4,-67,15,-72,16,-67,20,-64,26,-69,22,-62,20,-65,30,-61,22,-54,23,0,0]"
CSI_DATA,285,1a:00:00:00:00:00,-50,11,1,0,1,1,1,0,0,0,1,-96,0,11,2,3942387,0,44,0,384,0,"[0,0,0,0,0,0,0,0,0,0,0,0,-3,5,-3,4,-3,4,-3,4,-2,3,-2,3,-1,2,-2,1,-1,1,-1,1,-1,0,-1,0,-1,0,-1,-1,-1,-1,-1,-2,-1,-2,-1,-2,-1,-3,-1,-3,-1,-3,-1,-4,-1,-4,-1,-4,-1,-5,-1,-4,0,0,-1,-5,-1,-5,-1,-5,-1,-5,-1,-5,-1,-5,-1,-5,-1,-5,-1,-5,-1,-5,-1,-5,-1,-4,-1,-4,-1,-4,-1,-4,-1,-4,-1,-4,-2,-3,-2,-3,-2,-3,-2,-3,-2,-3,-2,-3,-2,-3,-1,-3,-1,-3,0,0,0,0,0,0,0,0,0,0,0,0,0,0,-20,45,-16,40,-13,45,-14,41,-11,37,-11,32,-11,30,-9,28,-8,20,-4,19,-4,14,-2,13,-3,9,-2,8,-4,5,-6,2,-5,-1,-4,-4,-1,-7,-5,-7,-5,-13,-2,-15,-8,-12,-5,-17,-5,-15,-6,-16,-9,-18,-7,-21,-10,-21,-9,-23,-8,-26,-8,-24,-11,-24,-12,-24,-13,-24,-9,-28,-7,-26,-10,-28,-8,-29,-10,-23,-11,-21,-9,-26,-12,-21,-10,-21,-9,-21,-9,-20,-10,-18,-14,-18,-9,-18,-12,-17,-9,-17,-13,-17,-10,-17,-10,-15,-11,-18,-10,-14,-8,-15,0,0,0,0,0,0,0,0,0,0,0,0,0,0,0,0,0,0,0,0,0,0,4,-23,7,-27,5,-28,3,-33,3,-33,5,-36,2,-41,5,-45,4,-50,7,-53,6,-57,5,-58,-1,-66,5,-67,7,-66,7,-70,3,-79,7,-75,4,-76,5,-82,5,-80,5,-87,2,-82,1,-87,1,-89,-7,-90,-1,-86,-3,-84,-5,-85,-11,-88,-14,-75,-17,-86,-18,-78,-23,-74,-24,-80,-27,-71,-31,-70,-33,-71,-36,-64,-42,-60,-39,-64,-51,-56,-48,-52,-50,-46,-50,-46,-58,-41,-55,-37,-59,-35,-57,-30,-62,-35,-63,-29,-60,-26,-64,-28,-58,-22,-65,-24,-62,-19,-58,-22,0,0]"
CSI_DATA,286,1a:00:00:00:00:00,-50,11,1,0,1,1,1,0,0,0,1,-96,0,11,2,3952454,0,44,0,384,0,"[0,0,0,0,0,0,0,0,0,0,0,0,2,6,2,6,2,5,2,4,1,3,1,3,1,3,0,2,0,1,0,1,0,1,-1,0,-1,0,-1,-1,-1,-1,-2,-1,-2,-1,-2,-2,-2,-2,-3,-2,-3,-3,-3,-3,-3,-3,-4,-3,-4,-3,-4,-3,0,0,-5,-3,-5,-4,-5,-4,-5,-3,-5,-4,-5,-4,-5,-4,-4,-4,-4,-3,-4,-3,-5,-3,-4,-3,-4,-3,-4,-3,-4,-3,-4,-3,-4,-2,-4,-2,-4,-2,-4,-2,-4,-2,-4,-2,-4,-2,-3,-2,-3,-2,-3,-2,0,0,0,0,0,0,0,0,0,0,0,0,0,0,5,52,3,44,9,47,2,40,5,35,4,30,2,28,2,28,4,19,4,18,2,14,0,12,-2,9,2,9,1,8,-1,3,-5,0,-2,-1,-4,-8,-6,-3,-11,-9,-6,-9,-7,-12,-11,-14,-10,-14,-12,-17,-12,-15,-16,-19,-12,-17,-18,-20,-19,-20,-17,-24,-14,-21,-18,-24,-16,-22,-17,-20,-13,-24,-20,-25,-14,-24,-14,-19,-13,-22,-14,-20,-16,-20,-17,-20,-18,-21,-16,-15,-14,-14,-12,-13,-13,-16,-15,-13,-16,-13,-15,-16,-12,-13,-10,-13,-14,-13,-14,-16,-9,-14,0,0,0,0,0,0,0,0,0,0,0,0,0,0,0,0,0,0,0,0,0,0,-11,-19,-15,-24,-14,-23,-17,-30,-20,-28,-20,-37,-16,-34,-18,-39,-24,-41,-26,-40,-28,-49,-30,-47,-39,-55,-35,-57,-34,-61,-33,-58,-42,-69,-32,-59,-37,-65,-38,-69,-34,-72,-44,-80,-38,-69,-50,-71,-48,-73,-51,-68,-47,-74,-51,-74,-45,-66,-54,-73,-46,-49,-56,-65,-55,-59,-54,-53,-57,-57,-57,-49,-56,-45,-66,-43,-64,-39,-65,-37,-68,-37,-67,-22,-69,-25,-67,-17,-65,-22,-61,-12,-64,-12,-67,-10,-65,-8,-64,-4,-63,3,-65,5,-72,2,-58,2,-68,9,-69,8,-58,5,0,0]"
CSI_DATA,287,1a:00:00:00:00:00,-50,11,1,0,1,1,1,0,0,0,1,-96,0,11,2,3962561,0,44,0,384,0,"[0,0,0,0,0,0,0,0,0,0,0,0,0,6,1,5,1,5,0,4,0,3,0,3,0,2,0,1,0,2,0,1,-1,0,-1,0,-1,-1,-1,-1,-1,-1,-1,-1,-1,-2,-2,-2,-2,-3,-2,-3,-2,-3,-2,-3,-2,-3,-3,-4,-3,-4,-3,-4,0,0,-3,-4,-3,-5,-3,-5,-3,-4,-2,-4,-3,-5,-2,-4,-2,-4,-3,-4,-2,-4,-3,-4,-2,-4,-2,-3,-2,-4,-2,-3,-2,-3,-2,-3,-2,-3,-2,-3,-2,-3,-3,-3,-2,-3,-2,-3,-2,-3,-2,-3,-2,-3,0,0,0,0,0,0,0,0,0,0,0,0,0,0,-4,45,-8,47,-3,44,-2,41,-6,38,-3,34,0,30,-5,30,-3,22,-5,17,-2,15,-3,13,0,10,-4,7,-3,5,-4,2,-3,-4,-1,-5,-6,-3,-3,-8,-6,-10,-7,-10,-6,-14,-3,-15,-6,-14,-9,-19,-9,-19,-10,-23,-11,-23,-12,-23,-8,-20,-10,-21,-10,-23,-12,-26,-12,-23,-7,-24,-8,-28,-13,-24,-9,-25,-10,-25,-12,-25,-8,-25,-7,-25,-9,-21,-7,-21,-10,-17,-10,-18,-10,-20,-9,-17,-8,-19,-9,-14,-11,-16,-11,-17,-10,-18,-8,-16,-10,-17,-5,-18,0,0,0,0,0,0,0,0,0,0,0,0,0,0,0,0,0,0,0,0,0,0,-8,-24,-9,-26,-10,-28,-10,-33,-12,-32,-13,-36,-13,-35,-13,-41,-17,-47,-20,-47,-20,-52,-23,-53,-29,-59,-25,-63,-23,-64,-27,-63,-30,-72,-26,-69,-26,-71,-29,-72,-25,-75,-29,-81,-30,-75,-33,-80,-32,-81,-39,-76,-35,-76,-37,-76,-38,-74,-44,-75,-39,-62,-43,-74,-44,-66,-45,-64,-45,-67,-49,-56,-47,-55,-56,-52,-53,-47,-58,-45,-54,-46,-64,-35,-59,-35,-61,-29,-61,-30,-57,-29,-63,-21,-65,-19,-66,-17,-67,-15,-64,-12,-66,-7,-67,-13,-62,-8,-68,-6,-70,-4,-58,-4,0,0]"
CSI_DATA,288,1a:00:00:00:00:00,-50,11,1,0,1,1,1,0,0,0,1,-96,0,11,2,3972531,0,44,0,384,0,"[0,0,0,0,0,0,0,0,0,0,0,0,-3,-7,-2,-6,-3,-5,-2,-5,-2,-4,-1,-4,-2,-3,-1,-3,-1,-2,-1,-2,-1,-1,0,-1,0,0,0,0,0,0,1,0,1,1,1,1,1,1,1,1,1,2,2,2,2,2,2,2,2,3,2,3,0,0,3,3,3,3,3,3,3,3,2,3,2,3,2,3,2,3,2,3,2,3,2,3,2,3,2,3,2,2,2,2,2,2,2,2,2,2,2,2,2,2,2,2,2,2,2,2,2,2,2,2,1,2,0,0,0,0,0,0,0,0,0,0,0,0,0,0,-21,-43,-21,-41,-23,-37,-20,-35,-20,-34,-17,-29,-15,-26,-15,-23,-9,-19,-9,-19,-9,-15,-7,-9,-6,-10,-3,-5,-1,-6,2,-1,4,-1,4,2,4,2,9,6,7,8,8,5,9,8,12,10,9,12,18,11,14,8,16,15,18,16,21,14,21,14,22,17,19,14,22,17,21,11,22,16,21,16,20,16,18,16,21,15,18,14,19,16,16,15,18,14,18,13,17,13,17,11,18,12,14,10,14,11,17,10,16,10,13,8,16,8,14,9,16,12,12,13,0,0,0,0,0,0,0,0,0,0,0,0,0,0,0,0,0,0,0,0,0,0,21,14,20,16,21,18,28,17,27,20,30,20,32,20,36,24,43,26,42,27,45,32,47,31,56,33,52,37,53,39,57,38,65,40,57,44,60,47,64,42,63,48,70,50,63,45,75,47,71,51,74,43,69,46,73,42,73,40,78,37,67,32,76,37,74,31,71,25,78,29,70,20,71,17,75,14,71,9,74,7,71,5,70,-2,70,-3,63,-7,67,-5,61,-14,63,-20,66,-18,63,-22,61,-20,60,-26,60,-34,62,-28,57,-32,65,-33,56,-31,54,-30,0,0]"
CSI_DATA,289,1a:00:00:00:00:00,-50,11,1,0,1,1,1,0,0,0,1,-96,0,11,2,3992518,0,44,0,384,0,"[0,0,0,0,0,0,0,0,0,0,0,0,2,-6,1,-6,1,-5,1,-5,1,-4,1,-4,0,-3,0,-2,0,-2,0,-2,0,-1,0,-1,0,0,0,0,-1,0,-1,1,-1,1,0,1,0,2,0,2,0,3,-1,3,0,3,0,3,0,3,-1,3,0,0,0,4,0,4,0,4,0,4,-1,4,-1,4,-1,4,-1,4,-1,4,-1,4,0,4,-1,3,0,4,0,3,0,3,0,3,0,3,0,3,0,2,0,2,0,2,0,3,0,2,0,2,0,2,0,2,0,0,0,0,0,0,0,0,0,0,0,0,0,0,31,-43,29,-36,25,-40,22,-37,22,-31,19,-29,15,-25,13,-24,13,-19,9,-18,9,-12,7,-13,6,-12,5,-5,4,-4,-2,-5,0,2,0,0,-4,5,-4,8,-6,9,-5,8,-3,10,-5,13,-3,15,-7,17,-7,19,-8,20,-8,20,-6,24,-11,24,-9,23,-5,24,-9,26,-13,25,-9,24,-7,25,-9,26,-13,22,-11,22,-10,25,-12,21,-10,21,-12,24,-10,22,-8,18,-7,20,-7,19,-3,16,-5,18,-4,19,-5,19,-2,16,-6,14,-8,16,-8,17,-8,17,0,0,0,0,0,0,0,0,0,0,0,0,0,0,0,0,0,0,0,0,0,0,5,23,3,26,3,28,6,32,4,34,1,38,4,42,5,45,9,49,7,48,7,53,9,54,10,64,7,66,3,66,5,71,11,74,2,75,3,76,3,74,-2,82,4,84,0,84,6,87,6,86,11,85,5,86,5,84,6,82,17,85,15,75,13,83,15,79,17,75,14,78,25,73,22,69,32,71,29,65,35,66,32,63,39,58,38,59,44,48,43,51,49,45,48,46,48,47,55,42,53,43,52,40,54,38,53,41,50,37,58,35,53,36,53,38,0,0]"
CSI_DATA,290,1a:00:00:00:00:00,-50,11,1,0,1,1,1,0,0,0,1,-96,0,11,2,4003009,0,44,0,384,0,"[0,0,0,0,0,0,0,0,0,0,0,0,-2,6,-2,5,-1,5,-2,4,-2,3,-1,3,-1,2,-1,2,-1,1,-1,1,-1,0,-1,0,-1,-1,-1,-1,-1,-1,-1,-2,-1,-2,0,-2,-1,-3,-1,-3,-1,-3,-1,-4,-1,-4,-1,-4,-1,-4,-1,-5,0,0,-1,-5,-1,-5,-1,-5,-1,-5,-1,-5,-1,-5,-1,-5,-1,-5,-1,-5,-1,-4,-1,-5,-1,-4,-1,-4,-1,-4,-1,-4,-1,-4,-2,-4,-2,-4,-2,-3,-2,-3,-2,-3,-2,-3,-2,-3,-1,-3,-1,-3,-1,-3,0,0,0,0,0,0,0,0,0,0,0,0,0,0,-20,46,-14,43,-12,44,-15,39,-11,36,-11,30,-9,27,-10,25,-6,20,-6,20,-5,15,-6,15,-3,9,-2,7,-4,4,-1,0,-2,-2,-2,-2,0,-5,-1,-8,-1,-8,-3,-12,-3,-13,-2,-16,0,-15,0,-18,0,-20,-4,-23,-2,-24,-3,-26,-4,-23,-2,-23,-3,-26,-3,-24,-7,-28,-4,-27,-3,-26,-2,-27,-2,-27,-4,-25,-4,-25,0,-28,-1,-26,-3,-22,-3,-20,-4,-20,-4,-20,-6,-20,-5,-19,-4,-18,-6,-19,-4,-16,-4,-17,-5,-18,-4,-20,-5,-19,-3,-19,0,0,0,0,0,0,0,0,0,0,0,0,0,0,0,0,0,0,0,0,0,0,-4,-22,-3,-29,-3,-27,-3,-33,-5,-36,-1,-37,-8,-38,-4,-43,-7,-48,-8,-49,-7,-57,-7,-57,-11,-61,-9,-64,-5,-64,-10,-70,-13,-75,-5,-75,-6,-74,-7,-78,-7,-79,-13,-83,-8,-82,-12,-84,-12,-86,-19,-83,-11,-81,-17,-81,-20,-81,-27,-81,-23,-71,-21,-79,-27,-74,-30,-69,-28,-78,-36,-66,-34,-65,-41,-66,-36,-57,-42,-59,-44,-56,-50,-52,-50,-49,-53,-45,-54,-42,-57,-39,-55,-35,-57,-31,-57,-31,-59,-30,-60,-29,-64,-23,-65,-28,-57,-23,-59,-27,-59,-22,-61,-20,0,0]"
CSI_DATA,291,1a:00:00:00:00:00,-50,11,1,0,1,1,1,0,0,0,1,-96,0,11,2,4012455,0,44,0,384,0,"[0,0,0,0,0,0,0,0,0,0,0,0,0,-7,0,-6,-1,-6,0,-5,0,-5,0,-4,0,-3,0,-3,0,-2,0,-1,0,-1,-1,-1,0,0,0,0,0,1,0,1,0,1,0,1,0,2,0,2,0,2,0,3,0,3,0,3,0,3,0,3,0,0,0,3,0,4,0,4,0,4,0,4,0,4,0,4,0,4,0,4,0,4,0,3,0,3,0,3,0,3,0,3,0,3,0,3,0,2,0,3,0,2,0,2,0,2,0,2,0,2,0,2,0,2,0,0,0,0,0,0,0,0,0,0,0,0,0,0,2,-51,-1,-46,-5,-44,-3,-41,1,-40,2,-34,0,-31,-1,-26,0,-22,-2,-20,-6,-16,-2,-13,1,-11,-1,-10,1,-3,0,-1,2,0,-1,1,3,6,0,7,2,10,2,10,3,11,3,8,7,12,6,17,3,19,6,21,9,20,8,23,6,21,8,24,7,23,6,25,7,21,4,25,6,25,9,28,4,27,6,24,4,24,5,21,4,20,6,22,6,21,5,19,3,18,6,18,5,18,4,15,6,18,6,17,6,16,4,18,3,16,4,15,2,16,0,0,0,0,0,0,0,0,0,0,0,0,0,0,0,0,0,0,0,0,0,0,18,17,19,18,19,19,22,24,23,25,25,29,28,24,29,30,36,33,35,37,37,40,40,42,47,45,45,48,43,51,44,54,51,54,47,55,49,55,49,56,47,60,52,65,51,61,56,64,55,66,61,59,52,65,53,62,55,59,61,61,55,50,59,56,60,53,60,47,60,50,63,42,60,40,65,36,60,33,66,32,60,31,66,20,61,21,65,15,61,15,62,15,63,9,63,6,69,4,67,4,66,1,66,-2,68,0,60,-3,68,-3,66,-6,64,-3,0,0]"
CSI_DATA,292,1a:00:00:00:00:00,-50,11,1,0,1,1,1,0,0,0,1,-96,0,11,2,4022388,0,44,0,384,0,"[0,0,0,0,0,0,0,0,0,0,0,0,3,6,3,5,3,4,2,4,2,3,1,3,1,2,1,1,1,1,0,1,0,0,0,0,0,0,-1,-1,-1,-1,-2,-1,-2,-2,-2,-2,-2,-2,-3,-2,-3,-3,-3,-3,-3,-3,-4,-3,-4,-3,-4,-3,0,0,-4,-3,-5,-3,-5,-4,-5,-3,-4,-4,-4,-4,-4,-3,-4,-3,-4,-3,-4,-3,-4,-3,-4,-3,-4,-3,-4,-3,-4,-3,-4,-3,-4,-2,-4,-2,-4,-2,-4,-2,-4,-2,-3,-2,-3,-2,-3,-2,-3,-2,-3,-2,0,0,0,0,0,0,0,0,0,0,0,0,0,0,5,25,4,25,6,23,5,20,4,18,3,18,2,14,3,13,2,9,1,9,1,7,1,5,1,4,1,3,0,3,-1,0,0,0,-1,-3,-1,-4,-2,-4,-3,-5,-3,-5,-3,-5,-4,-7,-4,-9,-4,-10,-6,-7,-8,-11,-8,-11,-9,-10,-7,-10,-8,-11,-7,-12,-9,-12,-6,-11,-5,-12,-8,-12,-7,-10,-7,-12,-7,-11,-6,-9,-7,-12,-6,-10,-6,-11,-7,-10,-7,-10,-7,-9,-5,-7,-6,-9,-6,-8,-7,-8,-7,-7,-5,-9,-5,-9,-4,-7,-5,-9,-3,-8,0,0,0,0,0,0,0,0,0,0,0,0,0,0,0,0,0,0,0,0,0,0,-9,-9,-12,-9,-11,-9,-14,-12,-14,-12,-15,-13,-16,-14,-17,-16,-21,-17,-19,-18,-21,-20,-23,-20,-27,-22,-26,-22,-25,-24,-25,-25,-30,-26,-27,-27,-29,-26,-27,-30,-31,-31,-31,-32,-30,-29,-32,-34,-34,-33,-34,-29,-31,-30,-35,-29,-32,-28,-36,-28,-30,-24,-34,-26,-34,-24,-33,-20,-34,-23,-35,-17,-33,-17,-34,-14,-34,-16,-36,-12,-34,-11,-35,-8,-36,-6,-36,-3,-33,-4,-33,-2,-34,-1,-34,1,-33,4,-35,4,-33,5,-33,6,-37,5,-32,7,-36,6,-33,7,-28,8,0,0]"
CSI_DATA,293,1a:00:00:00:00:00,-50,11,1,0,1,1,1,0,0,0,1,-96,0,11,2,4042430,0,44,0,384,0,"[0,0,0,0,0,0,0,0,0,0,0,0,-8,-1,-7,-1,-7,-1,-6,-1,-5,-1,-4,-1,-4,-1,-3,-1,-2,-1,-2,0,-1,-1,-1,0,0,-1,0,0,0,0,1,0,1,-1,2,-1,2,-1,2,-1,3,-1,3,-1,3,-1,3,-1,4,-1,4,-1,0,0,4,-1,5,-1,4,-1,5,-1,4,-1,4,-1,4,-1,4,-1,4,-1,4,-1,4,-1,4,-1,4,-1,3,-1,3,-1,3,-1,3,-1,3,-1,3,-1,3,-1,3,-1,3,-1,3,-1,3,-1,3,0,2,0,0,0,0,0,0,0,0,0,0,0,0,0,0,0,-51,3,-51,1,-45,3,-37,3,-38,6,-34,4,-30,1,-30,3,-20,4,-20,2,-15,3,-11,2,-8,3,-8,0,-8,2,-1,1,0,0,3,-1,3,0,5,-5,8,-7,13,-8,11,-2,14,-6,15,-3,14,-8,17,-7,21,-10,21,-10,20,-11,19,-10,21,-12,24,-8,24,-12,22,-15,27,-12,26,-10,25,-7,23,-9,21,-12,21,-9,21,-11,20,-9,19,-11,19,-11,20,-8,18,-10,16,-11,14,-9,15,-9,15,-11,12,-6,16,-10,15,-9,14,-9,15,-7,16,-9,0,0,0,0,0,0,0,0,0,0,0,0,0,0,0,0,0,0,0,0,0,0,17,-19,17,-19,20,-18,25,-26,24,-25,28,-25,27,-30,33,-28,35,-39,38,-35,45,-37,42,-37,46,-45,50,-43,51,-42,54,-47,56,-53,56,-48,58,-51,60,-51,60,-48,66,-53,60,-49,66,-59,66,-57,60,-61,66,-52,63,-57,59,-56,58,-65,50,-54,57,-59,52,-59,48,-60,50,-62,37,-64,40,-61,35,-66,33,-63,30,-70,29,-64,19,-69,20,-68,12,-70,17,-65,7,-63,5,-67,5,-66,-1,-66,-3,-69,-2,-66,-9,-67,-3,-72,-6,-62,-11,-69,-4,-66,-8,-60,0,0]"
CSI_DATA,294,1a:00:00:00:00:00,-50,11,1,0,1,1,1,0,0,0,1,-96,0,11,2,4052759,0,44,0,384,0,"[0,0,0,0,0,0,0,0,0,0,0,0,-4,5,-4,5,-3,4,-3,4,-3,3,-2,2,-2,2,-2,1,-2,1,-1,1,-1,0,-1,0,-1,-1,0,-1,0,-1,0,-2,0,-2,0,-2,0,-2,1,-3,1,-3,1,-3,1,-3,1,-4,1,-4,1,-4,0,0,1,-4,1,-5,1,-5,1,-5,2,-4,2,-4,2,-4,2,-4,1,-4,1,-4,2,-4,1,-4,1,-4,1,-3,1,-3,1,-4,1,-4,1,-3,1,-3,0,-3,1,-3,1,-3,1,-3,1,-3,1,-3,1,-3,0,0,0,0,0,0,0,0,0,0,0,0,0,0,-26,41,-20,39,-22,39,-19,33,-16,33,-16,31,-13,27,-18,23,-11,19,-9,17,-5,14,-3,10,-6,12,-1,8,-5,5,-3,1,0,-2,-1,-4,-3,-4,3,-7,3,-8,3,-10,2,-13,5,-16,6,-15,0,-15,3,-19,4,-22,3,-21,5,-24,3,-25,4,-25,4,-21,2,-24,2,-23,6,-26,5,-24,4,-24,7,-21,6,-22,4,-24,6,-23,3,-19,3,-21,6,-19,5,-21,2,-21,1,-19,1,-17,2,-19,0,-18,2,-20,2,-19,-2,-18,5,-16,2,-17,4,-15,0,0,0,0,0,0,0,0,0,0,0,0,0,0,0,0,0,0,0,0,0,0,-6,-24,-5,-27,-4,-29,-10,-31,-4,-33,-6,-39,-11,-39,-7,-43,-12,-47,-10,-48,-11,-55,-9,-58,-15,-64,-13,-61,-7,-64,-11,-68,-11,-76,-11,-73,-10,-75,-10,-76,-6,-79,-10,-80,-11,-78,-11,-85,-12,-83,-19,-85,-10,-79,-13,-76,-14,-78,-22,-82,-21,-67,-18,-80,-19,-74,-24,-67,-26,-75,-28,-65,-27,-65,-35,-67,-36,-61,-41,-59,-37,-55,-46,-56,-46,-49,-46,-46,-44,-46,-47,-43,-49,-40,-53,-39,-53,-35,-57,-35,-57,-33,-58,-29,-58,-31,-52,-27,-62,-31,-59,-30,-56,-27,0,0]"
CSI_DATA,295,1a:00:00:00:00:00,-50,11,1,0,1,1,1,0,0,0,1,-96,0,11,2,4112437,0,44,0,384,0,"[0,0,0,0,0,0,0,0,0,0,0,0,-3,-7,-2,-7,-3,-6,-2,-5,-1,-5,-1,-4,-1,-4,-1,-2,-1,-3,-1,-2,-1,-2,-1,-1,-1,-1,-1,0,-1,0,0,0,0,1,0,1,0,2,0,2,0,2,0,2,0,2,0,3,1,3,1,3,0,0,1,3,1,4,1,4,1,4,0,4,0,4,0,4,0,3,1,3,0,3,0,3,0,3,0,3,0,3,0,3,0,3,0,3,0,2,0,2,0,2,0,2,0,2,0,2,0,2,0,2,0,2,0,0,0,0,0,0,0,0,0,0,0,0,0,0,-5,-53,-5,-48,-5,-47,-5,-42,-5,-41,-2,-38,-3,-30,-2,-31,-5,-20,-3,-22,-4,-16,-3,-12,-6,-14,-5,-11,-1,-6,-5,-5,3,-3,-1,0,0,7,4,1,1,10,-2,8,4,11,-3,13,3,13,3,19,3,19,2,20,3,21,5,24,4,23,6,22,6,22,4,24,5,22,0,24,2,26,6,26,-2,25,4,21,2,21,3,23,-1,18,1,20,2,18,3,21,3,20,4,18,7,15,6,14,7,17,5,15,6,16,4,15,5,13,1,16,0,17,0,0,0,0,0,0,0,0,0,0,0,0,0,0,0,0,0,0,0,0,0,0,22,12,25,13,24,15,31,15,29,16,32,22,32,22,36,21,47,28,41,25,49,30,50,31,59,36,59,38,56,41,51,41,63,48,59,43,60,45,63,51,66,48,70,56,63,48,68,53,67,56,72,51,65,56,70,54,61,47,71,50,62,39,71,49,68,43,68,38,71,41,72,31,65,26,70,25,68,27,71,22,68,22,70,12,71,14,68,9,69,9,64,4,65,0,65,-2,67,-7,65,-7,67,-5,68,-9,74,-6,58,-10,70,-8,67,-15,64,-10,0,0]"
CSI_DATA,296,1a:00:00:00:00:00,-51,11,1,0,1,1,1,0,0,0,1,-96,0,11,2,4122359,0,44,0,384,0,"[0,0,0,0,0,0,0,0,0,0,0,0,6,2,5,1,5,1,4,1,4,1,3,1,2,1,2,1,1,0,1,0,1,0,0,0,0,-1,0,-1,-1,-1,-1,-1,-2,-1,-2,-1,-2,-1,-3,-1,-3,-1,-3,-1,-3,-1,-3,-1,-4,-2,-4,-1,0,0,-4,-2,-5,-2,-5,-2,-5,-1,-4,-2,-4,-2,-4,-2,-4,-2,-4,-2,-4,-2,-4,-2,-4,-2,-4,-2,-4,-2,-4,-2,-4,-1,-3,-1,-3,-1,-3,-1,-3,-1,-3,-2,-3,-1,-3,-2,-3,-2,-3,-2,-2,-2,0,0,0,0,0,0,0,0,0,0,0,0,0,0,46,22,42,20,48,19,38,13,36,17,32,16,26,11,26,12,22,8,20,7,19,6,11,4,11,1,9,3,4,5,0,-1,-2,1,2,1,-2,-4,-7,-1,-7,-3,-8,-3,-12,-6,-12,-4,-10,-2,-14,-5,-15,-6,-22,-4,-22,-7,-20,-6,-23,-9,-19,-5,-23,-8,-25,-4,-25,-6,-20,-10,-20,-7,-26,-4,-21,-7,-21,-8,-24,-5,-19,-12,-19,-6,-19,-6,-18,-5,-21,-2,-17,-3,-16,-3,-17,-5,-17,-1,-19,-4,-15,-3,-18,-3,-16,-1,-17,-7,-17,-9,-15,-8,0,0,0,0,0,0,0,0,0,0,0,0,0,0,0,0,0,0,0,0,0,0,-26,9,-27,11,-29,11,-32,10,-33,14,-38,11,-36,11,-43,14,-48,19,-50,19,-57,17,-57,18,-65,23,-62,20,-71,14,-66,22,-75,24,-76,15,-78,17,-79,19,-80,19,-84,22,-81,16,-86,20,-83,21,-82,27,-82,20,-84,21,-80,21,-82,32,-72,27,-82,29,-74,31,-69,34,-73,32,-65,39,-62,36,-65,43,-59,41,-59,44,-59,44,-53,51,-53,49,-45,52,-45,47,-39,57,-37,52,-36,57,-33,57,-34,59,-31,61,-28,59,-34,66,-29,59,-29,60,-26,60,-24,55,0,0]"
CSI_DATA,297,1a:00:00:00:00:00,-51,11,1,0,1,1,1,0,0,0,1,-96,0,11,2,4132797,0,44,0,384,0,"[0,0,0,0,0,0,0,0,0,0,0,0,-1,7,-1,6,0,6,-1,5,-1,4,-1,4,0,3,0,2,0,2,0,1,0,1,0,0,0,0,0,-1,0,-1,-1,-1,0,-2,-1,-2,-1,-3,-1,-3,-1,-3,-1,-4,-1,-3,-1,-4,-1,-5,-1,-4,0,0,-1,-5,-1,-5,-1,-5,-1,-5,-1,-5,-1,-5,-1,-5,0,-5,-1,-5,0,-5,0,-5,0,-4,-1,-4,0,-4,-1,-4,-1,-4,-1,-4,-1,-4,-1,-4,-1,-4,-1,-4,-1,-3,-1,-3,-1,-4,0,-4,0,-3,0,0,0,0,0,0,0,0,0,0,0,0,0,0,-4,48,-3,49,1,45,-2,44,-5,42,-1,34,-4,29,-1,29,-2,25,-2,21,0,15,-2,16,-2,10,0,7,0,4,1,2,1,3,-2,-5,0,-2,-2,-7,1,-11,1,-8,3,-12,-1,-16,2,-18,-1,-17,-1,-19,-2,-18,-2,-23,-1,-18,-1,-21,-1,-22,-2,-23,0,-26,-6,-24,-1,-25,3,-24,1,-22,2,-23,0,-21,2,-21,2,-22,2,-22,-2,-23,0,-18,-2,-19,2,-19,-3,-19,0,-19,1,-18,-1,-18,0,-19,-4,-18,1,-18,1,-17,1,-15,5,-12,0,0,0,0,0,0,0,0,0,0,0,0,0,0,0,0,0,0,0,0,0,0,-24,-14,-23,-18,-24,-18,-28,-21,-32,-22,-32,-26,-35,-22,-36,-25,-42,-30,-43,-32,-45,-36,-49,-37,-55,-40,-53,-42,-50,-46,-55,-49,-58,-49,-53,-54,-58,-52,-56,-59,-57,-58,-60,-61,-61,-58,-63,-63,-62,-61,-70,-60,-59,-60,-61,-60,-62,-59,-68,-59,-59,-50,-62,-52,-62,-50,-62,-46,-68,-49,-66,-42,-61,-39,-66,-38,-63,-33,-69,-32,-67,-30,-71,-21,-66,-24,-70,-17,-64,-18,-68,-18,-73,-11,-69,-10,-66,-6,-68,-3,-69,-2,-68,1,-69,-4,-65,-1,-73,-3,-63,1,-64,0,0,0]"
CSI_DATA,298,1a:00:00:00:00:00,-50,11,1,0,1,1,1,0,0,0,1,-96,0,11,2,4142361,0,44,0,384,0,"[0,0,0,0,0,0,0,0,0,0,0,0,0,6,1,5,1,5,0,5,0,4,0,3,0,2,0,2,0,1,0,1,0,0,0,0,0,0,0,-1,0,-1,0,-1,-1,-2,0,-2,-1,-3,-1,-3,0,-3,-1,-3,-1,-3,-1,-4,-1,-4,-1,-4,0,0,-1,-4,0,-5,0,-5,-1,-4,0,-4,0,-4,0,-4,0,-4,0,-4,0,-4,0,-4,0,-4,0,-4,0,-4,0,-3,0,-4,-1,-4,-1,-3,0,-3,0,-3,0,-3,0,-3,0,-3,0,-3,0,-3,0,-3,0,0,0,0,0,0,0,0,0,0,0,0,0,0,5,51,2,48,6,49,4,41,4,43,1,35,4,30,3,30,2,23,5,21,3,18,2,12,0,13,2,9,1,4,1,3,0,1,-1,-2,2,-6,2,-5,-2,-8,2,-10,-1,-10,-3,-11,-2,-14,-4,-16,-3,-16,-4,-16,-3,-21,-5,-23,-2,-23,-2,-20,-1,-24,0,-26,-2,-25,0,-27,-2,-25,2,-23,2,-22,-1,-20,1,-23,2,-25,1,-23,2,-20,1,-20,-3,-20,0,-20,-2,-19,-3,-16,-3,-19,0,-18,-3,-19,0,-17,1,-15,-1,-17,2,-16,5,-15,0,0,0,0,0,0,0,0,0,0,0,0,0,0,0,0,0,0,0,0,0,0,-27,-6,-28,-8,-27,-11,-33,-12,-35,-12,-38,-16,-39,-12,-44,-17,-51,-16,-50,-18,-54,-22,-53,-25,-62,-25,-66,-27,-62,-32,-62,-32,-71,-36,-67,-38,-68,-39,-67,-40,-68,-41,-78,-45,-69,-44,-76,-45,-75,-50,-76,-43,-72,-49,-77,-45,-72,-42,-80,-41,-67,-36,-78,-40,-73,-36,-74,-31,-75,-36,-74,-27,-70,-23,-72,-23,-68,-21,-77,-19,-74,-18,-73,-11,-72,-9,-68,-2,-68,-4,-69,-3,-69,6,-70,4,-69,7,-69,10,-68,8,-68,13,-72,12,-63,9,-71,10,-67,11,-62,10,0,0]"
CSI_DATA,299,1a:00:00:00:00:00,-51,11,1,0,1,1,1,0,0,0,1,-96,0,11,2,4153816,0,44,0,384,0,"[0,0,0,0,0,0,0,0,0,0,0,0,-2,7,-1,6,-1,5,-1,5,-1,4,-1,4,-1,3,-1,3,-1,2,-1,1,0,1,0,1,0,0,0,-1,0,-1,0,-1,0,-2,0,-2,0,-3,0,-3,0,-3,0,-3,0,-3,0,-4,0,-4,0,-4,0,0,0,-4,0,-5,1,-5,0,-5,1,-5,1,-5,1,-5,1,-4,1,-4,1,-4,1,-4,1,-4,1,-4,1,-4,1,-4,1,-4,1,-4,0,-3,0,-3,0,-3,1,-3,0,-3,1,-3,1,-3,1,-3,1,-3,0,0,0,0,0,0,0,0,0,0,0,0,0,0,-14,49,-10,47,-10,47,-13,42,-11,39,-9,32,-10,29,-7,26,-8,20,-7,20,-3,16,-4,15,-4,13,-4,10,-1,6,0,5,-2,0,1,-5,2,-3,2,-3,1,-4,4,-7,5,-9,2,-13,7,-14,2,-14,6,-16,6,-16,9,-18,5,-23,6,-18,8,-21,6,-20,9,-21,11,-23,11,-23,11,-20,11,-22,8,-19,9,-17,12,-20,9,-17,7,-20,8,-19,10,-13,10,-15,9,-17,6,-17,9,-15,7,-16,6,-17,9,-16,7,-16,9,-12,8,-13,7,-11,10,-13,0,0,0,0,0,0,0,0,0,0,0,0,0,0,0,0,0,0,0,0,0,0,-30,-10,-25,-11,-27,-12,-32,-15,-32,-14,-33,-18,-35,-18,-42,-23,-44,-23,-48,-28,-52,-30,-51,-30,-60,-33,-60,-36,-53,-41,-60,-42,-64,-41,-61,-47,-61,-45,-62,-51,-62,-56,-65,-58,-63,-57,-66,-57,-64,-61,-67,-58,-61,-60,-61,-57,-63,-53,-66,-55,-59,-51,-65,-53,-61,-51,-62,-48,-65,-54,-62,-42,-62,-44,-67,-40,-61,-36,-70,-32,-64,-34,-71,-27,-66,-28,-72,-22,-63,-20,-61,-23,-65,-18,-65,-15,-62,-14,-70,-13,-67,-13,-69,-9,-68,-15,-64,-13,-73,-7,-64,-10,-64,-12,0,0]"
CSI_DATA,300,1a:00:00:00:00:00,-51,11,1,0,1,1,1,0,0,0,1,-96,0,11,2,4162522,0,44,0,384,0,"[0,0,0,0,0,0,0,0,0,0,0,0,6,-3,6,-3,5,-3,5,-2,4,-2,3,-2,3,-2,2,-2,2,-1,1,-1,1,-1,0,-1,0,0,-1,-1,-1,0,-1,0,-2,0,-2,0,-2,0,-2,0,-2,0,-3,0,-3,0,-3,1,-4,1,-4,1,0,0,-4,1,-4,1,-4,1,-4,1,-4,1,-4,1,-4,0,-4,0,-4,1,-4,0,-4,0,-4,0,-4,0,-3,0,-3,0,-4,0,-3,0,-3,0,-3,0,-3,0,-3,0,-3,0,-3,0,-3,0,-3,0,-3,0,0,0,0,0,0,0,0,0,0,0,0,0,0,0,51,-5,48,-4,46,-6,43,-5,41,-5,36,-2,29,-5,31,-4,20,-4,22,-3,18,-5,11,-3,11,-3,10,-1,6,-1,3,-1,2,0,-2,-6,-7,-1,-4,-3,-8,2,-6,1,-9,1,-10,5,-11,-1,-17,1,-17,0,-20,4,-20,3,-21,3,-21,0,-25,5,-21,3,-25,0,-27,2,-24,2,-24,0,-23,1,-21,-3,-21,1,-24,0,-20,0,-20,2,-22,-1,-21,1,-17,0,-17,0,-19,2,-17,1,-16,5,-18,4,-14,0,-15,2,-18,1,-18,4,-17,1,-16,-1,0,0,0,0,0,0,0,0,0,0,0,0,0,0,0,0,0,0,0,0,0,0,-9,26,-12,25,-15,24,-15,31,-16,32,-19,37,-16,35,-21,37,-21,47,-24,46,-24,50,-25,54,-28,63,-33,59,-39,59,-39,59,-37,69,-41,63,-44,64,-47,65,-49,63,-55,72,-47,64,-49,69,-53,71,-48,74,-51,67,-51,70,-49,67,-48,72,-38,64,-44,74,-41,70,-36,66,-41,70,-32,71,-31,67,-26,72,-25,67,-21,72,-20,74,-13,68,-13,73,-8,70,-7,64,-3,64,-2,65,-1,66,5,69,3,67,6,68,13,64,8,72,9,62,10,69,11,68,12,60,0,0]"
CSI_DATA,301,1a:00:00:00:00:00,-51,11,1,0,1,1,1,0,0,0,1,-96,0,11,2,4172516,0,44,0,384,0,"[0,0,0,0,0,0,0,0,0,0,0,0,-8,-2,-7,-1,-7,-1,-6,-1,-5,-1,-4,-1,-4,-1,-3,-1,-3,-1,-2,-1,-2,-1,-1,-1,-1,0,-1,0,0,0,1,0,1,0,1,0,1,0,2,0,2,0,2,0,3,0,3,0,3,0,3,0,0,0,4,0,4,0,4,0,4,0,4,0,4,1,3,0,3,1,4,0,3,1,4,0,3,0,3,0,3,0,3,0,3,0,3,0,2,0,2,0,3,0,2,0,3,0,2,0,2,0,2,0,2,0,0,0,0,0,0,0,0,0,0,0,0,0,0,0,-52,6,-46,2,-51,7,-44,2,-38,4,-39,0,-32,2,-30,0,-27,1,-22,3,-18,3,-13,0,-13,0,-8,2,-10,1,-4,2,-1,0,-1,1,2,1,8,-2,7,-1,6,-1,9,-1,13,-1,13,-3,16,1,15,-1,17,-2,18,-3,20,-5,19,-4,23,-4,21,-1,26,-1,18,-4,23,1,21,-1,20,0,22,2,22,-4,19,1,18,-3,20,0,19,-3,19,-1,16,-3,18,-3,16,-4,13,0,15,-2,12,-1,16,-3,17,0,12,-3,17,1,15,-2,12,1,0,0,0,0,0,0,0,0,0,0,0,0,0,0,0,0,0,0,0,0,0,0,8,-25,9,-30,12,-25,13,-33,12,-33,15,-38,18,-37,17,-38,23,-48,18,-48,23,-53,23,-53,21,-62,28,-65,34,-61,36,-60,37,-74,37,-63,40,-68,46,-66,48,-62,50,-69,47,-66,44,-75,44,-73,39,-79,47,-72,46,-75,45,-68,44,-76,37,-61,43,-77,42,-71,34,-67,38,-71,29,-70,27,-65,24,-74,18,-70,17,-77,20,-72,9,-68,11,-72,3,-70,8,-68,1,-68,2,-70,0,-69,-5,-71,-7,-67,-12,-65,-9,-69,-8,-76,-7,-63,-13,-71,-12,-70,-9,-65,0,0]"
CSI_DATA,302,1a:00:00:00:00:00,-51,11,1,0,1,1,1,0,0,0,1,-96,0,11,2,4182833,0,44,0,384,0,"[0,0,0,0,0,0,0,0,0,0,0,0,-4,6,-3,6,-3,5,-3,5,-3,4,-2,3,-2,3,-2,2,-2,1,-1,1,-1,1,-1,0,0,0,0,-1,0,-1,0,-1,0,-2,0,-2,0,-2,0,-2,0,-3,0,-3,1,-3,1,-4,0,-4,1,-4,0,0,1,-4,1,-4,1,-5,1,-4,1,-4,1,-4,1,-4,1,-4,1,-4,1,-4,1,-4,1,-4,1,-4,1,-3,1,-3,0,-3,0,-4,0,-3,0,-3,0,-3,0,-3,0,-3,0,-3,1,-3,1,-3,1,-3,0,0,0,0,0,0,0,0,0,0,0,0,0,0,-10,23,-9,21,-8,22,-8,18,-8,19,-6,15,-7,14,-6,14,-4,11,-5,8,-2,8,-3,7,-2,6,-1,4,-2,3,-1,1,-2,1,-1,0,1,-2,2,-3,0,-3,2,-5,0,-5,0,-5,0,-6,1,-8,3,-7,1,-10,2,-9,1,-10,3,-10,2,-10,3,-12,3,-12,2,-11,3,-11,4,-11,3,-11,3,-12,2,-10,3,-9,2,-9,2,-9,2,-10,4,-8,2,-9,2,-8,1,-9,1,-7,2,-8,1,-9,1,-9,2,-9,2,-8,1,-8,1,-8,2,-7,0,0,0,0,0,0,0,0,0,0,0,0,0,0,0,0,0,0,0,0,0,0,-8,-12,-10,-12,-8,-14,-11,-14,-9,-15,-11,-17,-11,-18,-13,-18,-16,-21,-15,-22,-16,-25,-15,-24,-19,-28,-18,-29,-15,-31,-16,-32,-19,-35,-16,-34,-17,-36,-18,-37,-15,-39,-17,-40,-17,-37,-21,-41,-20,-40,-22,-40,-18,-38,-20,-39,-19,-37,-21,-41,-19,-32,-21,-37,-22,-33,-22,-32,-23,-34,-25,-29,-23,-29,-28,-29,-25,-25,-26,-25,-26,-26,-28,-22,-30,-22,-30,-19,-29,-18,-27,-15,-30,-15,-30,-14,-32,-13,-32,-13,-33,-13,-32,-11,-35,-11,-31,-10,-35,-12,-32,-10,-32,-10,0,0]"
CSI_DATA,303,1a:00:00:00:00:00,-51,11,1,0,1,1,1,0,0,0,1,-96,0,11,2,4193648,0,44,0,384,0,"[0,0,0,0,0,0,0,0,0,0,0,0,6,-3,6,-2,5,-2,5,-2,4,-2,3,-1,2,-2,2,-1,2,-1,1,-1,1,-1,0,-1,0,-1,-1,-1,-1,-1,-1,0,-2,0,-2,0,-2,0,-2,0,-3,0,-3,0,-3,1,-3,1,-4,1,-4,1,0,0,-4,1,-4,1,-4,1,-4,1,-4,1,-4,1,-4,1,-4,1,-4,1,-4,1,-4,1,-4,1,-3,1,-3,1,-3,1,-3,1,-3,1,-3,1,-3,1,-3,1,-3,1,-3,1,-3,0,-3,0,-3,0,-3,0,0,0,0,0,0,0,0,0,0,0,0,0,0,0,52,-4,48,-4,48,-8,43,-7,38,-5,37,-5,29,-3,30,-2,21,-3,24,-6,16,-4,15,-1,12,-1,11,-3,8,-2,5,-4,0,-3,0,-3,-1,-1,-6,-1,-9,-2,-9,-1,-7,2,-11,3,-10,0,-14,1,-14,2,-19,2,-20,1,-22,6,-21,2,-21,4,-21,-1,-26,4,-20,4,-22,4,-21,1,-19,-1,-23,-2,-18,2,-19,1,-19,0,-20,-2,-18,1,-20,3,-17,-2,-17,0,-17,2,-17,5,-17,5,-17,2,-15,2,-17,2,-16,-1,-14,3,-17,-1,-13,-3,0,0,0,0,0,0,0,0,0,0,0,0,0,0,0,0,0,0,0,0,0,0,-9,23,-11,25,-13,24,-16,32,-14,30,-16,36,-17,36,-20,42,-21,47,-21,43,-25,53,-24,54,-26,61,-33,58,-39,63,-37,56,-41,70,-41,60,-43,66,-45,67,-45,68,-50,69,-45,65,-47,75,-49,74,-46,76,-48,68,-49,73,-45,69,-48,77,-35,60,-43,72,-37,67,-30,70,-37,73,-30,70,-26,66,-26,73,-18,68,-19,72,-20,71,-10,70,-14,70,-5,66,-5,71,-5,61,2,66,0,66,6,67,4,66,8,65,16,68,11,73,8,57,12,68,12,70,10,64,0,0]"
CSI_DATA,304,1a:00:00:00:00:00,-51,11,1,0,1,1,1,0,0,0,1,-96,0,11,2,4202909,0,44,0,384,0,"[0,0,0,0,0,0,0,0,0,0,0,0,1,-7,1,-6,0,-6,1,-5,1,-5,0,-4,0,-4,0,-3,0,-2,0,-2,0,-2,0,-1,-1,-1,-1,-1,-1,0,-1,0,-1,1,-1,1,-1,1,-1,1,-1,1,-1,2,-1,2,-1,3,-1,2,-1,3,0,0,-1,3,-1,3,-1,3,-1,3,-1,3,-1,3,-1,3,-1,3,-1,3,-1,3,-2,3,-1,3,-1,3,-1,2,-1,2,-1,2,-1,2,-1,2,-1,2,-1,2,-1,2,-1,2,-1,2,-1,2,-1,2,-1,2,0,0,0,0,0,0,0,0,0,0,0,0,0,0,14,-50,9,-50,10,-49,5,-44,5,-40,8,-35,6,-35,6,-28,7,-23,3,-21,5,-20,3,-17,1,-13,-3,-10,-3,-8,-1,-4,1,-3,3,-2,1,1,-4,2,1,1,-2,8,-1,8,-2,13,-2,15,1,13,0,14,-1,18,-1,18,-6,18,-1,19,-7,21,-1,21,-2,21,0,21,-4,21,-4,23,-3,23,-5,21,1,21,-5,20,-1,20,-4,20,-2,20,-3,14,-2,19,-1,18,2,14,1,12,0,14,1,16,2,14,0,15,-1,13,-1,16,2,12,-3,13,0,0,0,0,0,0,0,0,0,0,0,0,0,0,0,0,0,0,0,0,0,0,11,20,26,19,16,27,31,28,19,18,27,30,35,27,33,34,39,35,28,41,33,48,34,39,40,48,49,56,22,51,37,46,47,49,28,67,28,67,43,83,40,60,39,67,30,64,39,77,46,66,42,66,48,70,48,68,51,65,48,65,51,68,62,57,60,77,38,58,58,52,44,28,45,54,61,47,56,42,60,42,59,41,62,34,65,35,63,29,60,26,59,24,59,18,68,18,63,16,69,16,65,16,67,10,69,13,67,10,71,11,66,9,64,7,0,0]"
CSI_DATA,305,1a:00:00:00:00:00,-51,11,1,0,1,1,1,0,0,0,1,-96,0,11,2,4222829,0,44,0,384,0,"[0,0,0,0,0,0,0,0,0,0,0,0,-5,-6,-4,-5,-4,-4,-4,-4,-4,-4,-3,-3,-3,-3,-2,-2,-2,-2,-2,-1,-1,-2,-1,-1,-1,-1,-1,0,0,0,0,0,0,0,0,0,1,0,1,1,1,1,1,1,1,1,2,1,2,1,2,1,0,0,2,1,2,1,2,2,3,1,2,2,2,2,2,2,2,2,2,1,2,1,2,2,2,1,2,1,2,1,2,1,2,1,2,1,2,1,2,0,2,0,2,1,1,1,2,1,2,0,2,1,1,1,0,0,0,0,0,0,0,0,0,0,0,0,0,0,-42,-39,-33,-33,-37,-34,-30,-32,-30,-29,-28,-23,-25,-22,-23,-19,-22,-16,-18,-17,-16,-13,-14,-11,-13,-7,-10,-8,-6,-5,-7,-2,-5,-3,-1,1,-2,2,2,3,4,3,6,4,5,8,9,4,7,6,14,11,10,6,16,9,15,11,13,11,15,10,18,7,18,9,21,12,17,9,16,16,18,11,16,9,15,13,17,13,15,10,15,11,13,13,15,7,12,10,16,9,14,11,12,8,16,5,14,6,13,3,12,8,14,5,15,6,12,9,11,5,11,9,0,0,0,0,0,0,0,0,0,0,0,0,0,0,0,0,0,0,0,0,0,0,27,-2,28,0,28,-3,36,-4,36,-5,41,-2,39,-5,43,-2,50,-6,51,-3,60,-2,60,-4,66,-6,66,-4,70,-1,71,-1,79,-6,74,2,77,2,81,4,79,4,86,1,82,1,87,5,90,4,88,-6,84,2,85,1,85,-2,89,-6,73,-7,84,-10,78,-7,76,-12,83,-13,73,-23,70,-17,75,-21,65,-24,72,-29,68,-26,65,-32,64,-35,57,-37,56,-37,55,-43,50,-42,47,-45,52,-48,49,-49,44,-49,44,-54,49,-53,42,-49,49,-56,42,-56,41,-50,0,0]"
CSI_DATA,306,1a:00:00:00:00:00,-51,11,1,0,1,1,1,0,0,0,1,-96,0,11,2,4232384,0,44,0,384,0,"[0,0,0,0,0,0,0,0,0,0,0,0,-7,-2,-6,-2,-6,-1,-6,-2,-5,-2,-4,-2,-3,-1,-3,-1,-2,-1,-2,-1,-2,-1,-1,-1,-1,0,-1,0,0,0,0,0,0,0,1,0,1,0,1,0,1,0,2,0,2,0,2,0,2,0,3,0,0,0,3,0,3,0,3,0,3,0,3,0,3,0,3,0,3,0,3,0,3,0,3,0,2,0,2,0,2,0,2,0,2,0,2,0,2,-1,2,0,2,0,2,0,2,0,2,0,2,0,2,0,2,0,0,0,0,0,0,0,0,0,0,0,0,0,0,0,-48,-27,-42,-23,-45,-22,-38,-23,-34,-20,-30,-19,-30,-17,-30,-14,-23,-11,-22,-13,-17,-10,-13,-8,-13,-5,-12,-4,-6,-6,-6,-3,-6,-4,-1,-2,0,1,4,0,5,1,6,2,9,3,10,8,11,7,12,6,13,3,14,7,14,5,17,6,16,7,19,9,19,7,21,10,19,8,16,8,15,10,17,10,20,9,19,8,19,5,16,8,14,7,14,6,18,6,14,7,15,5,16,5,14,2,15,4,15,6,14,4,11,3,12,7,10,6,14,3,11,7,0,0,0,0,0,0,0,0,0,0,0,0,0,0,0,0,0,0,0,0,0,0,21,-15,23,-14,28,-17,29,-19,31,-17,35,-16,36,-19,42,-21,44,-24,47,-24,50,-29,54,-28,58,-35,62,-32,65,-29,66,-28,72,-35,70,-24,72,-27,75,-21,77,-22,83,-26,76,-27,85,-32,84,-33,80,-35,81,-30,81,-30,78,-30,84,-35,68,-33,77,-36,73,-33,69,-36,77,-36,66,-37,63,-38,61,-47,55,-45,58,-52,55,-46,51,-52,54,-55,43,-55,44,-52,42,-55,38,-57,36,-59,35,-58,33,-60,31,-60,26,-65,33,-65,25,-57,27,-66,30,-64,26,-56,0,0]"
CSI_DATA,307,1a:00:00:00:00:00,-51,11,1,0,1,1,1,0,0,0,1,-96,0,11,2,4244497,0,44,0,384,0,"[0,0,0,0,0,0,0,0,0,0,0,0,6,2,5,1,5,1,4,1,4,1,3,1,3,0,2,0,2,0,1,0,1,0,0,0,0,0,0,-1,-1,-1,-1,-1,-2,-1,-2,-1,-2,-1,-2,-1,-2,-1,-3,-1,-3,-1,-3,-1,-3,-1,-3,-1,0,0,-4,-1,-4,-1,-4,-1,-4,-1,-4,-2,-4,-2,-4,-2,-4,-2,-4,-1,-4,-2,-4,-2,-3,-2,-3,-1,-3,-1,-3,-1,-3,-1,-3,-1,-3,-1,-3,-1,-3,-1,-3,-1,-3,-1,-3,-1,-3,-1,-3,-1,-3,-1,0,0,0,0,0,0,0,0,0,0,0,0,0,0,50,6,50,10,50,3,42,6,41,4,34,5,32,3,29,-1,26,3,20,3,18,4,15,3,15,-1,9,-2,8,-1,6,-1,2,-3,-1,-4,-3,-3,-3,0,-8,-1,-8,-1,-9,-2,-10,2,-12,0,-14,0,-17,-2,-19,0,-18,-2,-19,0,-19,2,-24,-1,-24,-6,-23,-2,-22,1,-20,-5,-22,-1,-24,-4,-24,-5,-18,-1,-21,-1,-22,-3,-17,-3,-19,-4,-16,0,-18,0,-14,-2,-14,1,-18,0,-20,0,-17,1,-15,0,-13,1,-16,-1,-13,-4,-12,-3,-11,-3,0,0,0,0,0,0,0,0,0,0,0,0,0,0,0,0,0,0,0,0,0,0,-18,20,-21,21,-19,24,-23,24,-22,24,-29,29,-27,29,-29,32,-35,37,-38,34,-43,40,-40,43,-47,49,-49,47,-53,43,-51,50,-57,57,-59,49,-60,52,-63,52,-65,52,-68,55,-65,49,-68,56,-70,55,-67,57,-66,53,-67,53,-64,53,-64,59,-56,49,-62,57,-59,60,-50,56,-59,58,-47,57,-45,61,-44,66,-38,59,-38,65,-38,63,-30,65,-35,71,-23,62,-24,66,-18,62,-15,62,-18,67,-12,68,-10,67,-7,67,-6,65,-11,69,-7,64,-5,71,-5,70,-7,65,0,0]"
CSI_DATA,308,1a:00:00:00:00:00,-51,11,1,0,1,1,1,0,0,0,1,-96,0,11,2,4252510,0,44,0,384,0,"[0,0,0,0,0,0,0,0,0,0,0,0,2,6,2,5,2,5,1,4,1,4,1,3,1,3,0,2,0,1,0,1,0,1,0,0,0,0,0,0,0,-1,-1,-1,-1,-1,-1,-1,-1,-2,-1,-2,-1,-3,-1,-2,-1,-3,-2,-3,-2,-3,-2,-3,0,0,-2,-4,-2,-4,-2,-4,-2,-4,-2,-4,-2,-4,-2,-4,-2,-4,-2,-3,-2,-3,-2,-4,-1,-3,-2,-3,-2,-3,-2,-3,-2,-3,-2,-3,-2,-3,-2,-3,-2,-3,-2,-3,-2,-3,-1,-2,-2,-3,-1,-3,-1,-3,0,0,0,0,0,0,0,0,0,0,0,0,0,0,18,47,15,48,16,45,14,40,14,39,8,34,14,28,10,28,7,23,7,19,8,14,7,13,6,15,3,8,1,8,3,5,0,1,-2,0,0,-1,-1,-4,-5,-6,-2,-9,-3,-9,-4,-10,-5,-10,-4,-11,-7,-14,-9,-16,-10,-17,-7,-14,-9,-14,-10,-18,-10,-19,-11,-21,-11,-19,-10,-21,-10,-21,-13,-19,-9,-18,-11,-18,-7,-16,-10,-19,-9,-18,-5,-19,-7,-15,-8,-14,-4,-16,-10,-14,-7,-14,-9,-12,-7,-13,-7,-14,-7,-13,-7,-13,-5,-14,-4,-14,-6,-16,0,0,0,0,0,0,0,0,0,0,0,0,0,0,0,0,0,0,0,0,0,0,-24,-5,-27,-5,-32,-8,-36,-9,-37,-11,-38,-13,-41,-12,-42,-15,-53,-11,-52,-14,-54,-19,-59,-20,-66,-21,-67,-23,-64,-28,-70,-24,-80,-25,-71,-33,-71,-30,-72,-34,-73,-32,-83,-37,-76,-36,-80,-38,-84,-39,-79,-32,-78,-36,-81,-34,-80,-32,-83,-29,-70,-27,-77,-30,-80,-29,-75,-19,-78,-22,-75,-16,-72,-14,-79,-12,-72,-7,-76,-6,-74,-1,-77,6,-73,3,-69,8,-69,7,-69,20,-66,17,-64,17,-63,22,-66,24,-66,22,-63,26,-67,24,-59,26,-65,24,-64,28,-58,26,0,0]"
CSI_DATA,309,1a:00:00:00:00:00,-51,11,1,0,1,1,1,0,0,0,1,-96,0,11,2,4263242,0,44,0,384,0,"[0,0,0,0,0,0,0,0,0,0,0,0,-7,-1,-7,-1,-6,0,-6,-1,-5,-1,-4,-1,-4,0,-3,0,-3,0,-2,-1,-2,0,-1,-1,-1,0,-1,0,0,0,0,-1,0,0,1,0,1,-1,1,-1,1,-1,1,-1,2,-1,2,-1,2,-1,3,-1,0,0,3,-1,3,-1,3,-1,3,-1,3,0,3,0,3,0,3,-1,3,0,3,-1,3,0,3,0,2,-1,2,-1,2,-1,2,-1,2,-1,2,-1,2,-1,2,-1,2,-1,2,-1,2,-1,2,-1,2,-1,2,0,0,0,0,0,0,0,0,0,0,0,0,0,0,0,-47,-18,-46,-14,-46,-12,-38,-16,-39,-12,-32,-12,-32,-9,-29,-9,-25,-8,-23,-6,-17,-8,-18,-5,-17,-3,-14,-3,-7,-2,-9,-1,-3,1,-6,-1,1,-1,5,1,8,3,7,0,6,-1,7,5,11,4,13,6,12,4,16,1,13,2,17,1,17,5,19,3,17,5,17,5,18,3,17,7,21,6,18,7,17,7,17,4,19,6,19,8,20,4,15,5,13,6,15,2,12,2,12,3,13,1,11,5,12,4,13,2,12,4,10,4,11,1,13,3,10,4,0,0,0,0,0,0,0,0,0,0,0,0,0,0,0,0,0,0,0,0,0,0,19,-19,19,-20,21,-21,25,-26,26,-22,28,-26,29,-30,34,-29,38,-34,39,-31,44,-36,43,-38,48,-44,52,-40,55,-33,56,-41,62,-45,64,-39,61,-39,65,-38,72,-39,74,-45,70,-42,71,-47,73,-43,68,-48,70,-41,72,-44,68,-41,69,-46,56,-45,64,-46,64,-47,58,-50,63,-48,52,-56,52,-54,47,-54,46,-52,47,-55,44,-53,38,-62,38,-58,31,-62,31,-54,29,-59,25,-61,23,-62,22,-64,21,-64,16,-62,13,-66,20,-65,12,-60,19,-66,15,-62,18,-61,0,0]"
CSI_DATA,310,1a:00:00:00:00:00,-51,11,1,0,1,1,1,0,0,0,1,-96,0,11,2,4282479,0,44,0,384,0,"[0,0,0,0,0,0,0,0,0,0,0,0,2,-8,2,-7,1,-7,1,-6,1,-5,1,-5,1,-4,0,-3,0,-3,0,-3,0,-2,0,-2,0,-1,-1,-1,-1,0,0,0,-1,0,-1,1,-1,1,-1,1,-1,2,-1,2,-1,2,-1,2,-1,3,-1,3,0,0,-1,3,-1,4,-1,4,-1,3,-1,3,-1,3,-1,3,-1,3,-1,3,-1,3,-1,3,-1,2,-1,3,-1,3,-1,2,-1,2,-1,2,-1,2,0,2,0,2,-1,2,-1,2,-1,2,-1,2,-1,2,-1,2,0,0,0,0,0,0,0,0,0,0,0,0,0,0,14,-23,12,-20,12,-22,10,-18,11,-18,9,-17,9,-15,7,-14,7,-12,4,-12,4,-9,4,-8,1,-8,2,-5,2,-4,1,-5,1,-2,1,-1,-1,-1,-2,1,-2,2,-2,1,-2,3,-3,4,-3,4,-3,7,-3,5,-4,7,-4,6,-4,7,-5,7,-6,8,-4,8,-7,8,-5,9,-6,8,-6,9,-6,9,-7,7,-5,6,-6,8,-6,7,-5,7,-6,7,-6,6,-6,5,-5,5,-4,8,-5,5,-5,5,-5,6,-3,5,-3,6,-5,5,-5,5,-5,5,-4,4,0,0,0,0,0,0,0,0,0,0,0,0,0,0,0,0,0,0,0,0,0,0,6,10,8,11,6,12,10,14,10,14,11,18,11,16,11,18,14,20,13,20,14,24,14,25,18,28,16,29,15,31,14,30,19,35,14,34,14,36,15,37,13,38,15,42,13,37,17,41,16,43,17,40,14,39,15,41,14,37,18,41,16,31,17,39,18,35,18,33,18,34,21,32,19,31,23,32,21,29,24,29,23,28,26,25,26,27,27,20,26,21,25,18,28,19,27,17,28,17,30,18,29,17,30,15,31,18,26,14,29,15,30,17,27,14,0,0]"
CSI_DATA,311,1a:00:00:00:00:00,-51,11,1,0,1,1,1,0,0,0,1,-96,0,11,2,4292512,0,44,0,384,0,"[0,0,0,0,0,0,0,0,0,0,0,0,-8,-3,-7,-2,-7,-2,-6,-2,-6,-2,-5,-2,-4,-1,-3,-1,-3,-1,-3,-1,-2,-1,-2,-1,-1,-1,-1,0,-1,0,0,0,0,0,1,0,1,0,1,0,1,0,2,0,2,0,2,0,2,0,3,0,0,0,3,0,3,1,3,1,3,1,3,1,3,1,3,1,3,1,3,1,3,1,3,1,2,1,2,1,2,1,2,1,2,1,2,0,2,0,2,0,2,0,2,0,2,0,2,0,2,0,2,1,1,1,0,0,0,0,0,0,0,0,0,0,0,0,0,0,-53,-16,-45,-16,-52,-8,-42,-9,-39,-9,-37,-13,-30,-8,-33,-4,-25,-2,-22,-7,-20,-4,-16,-4,-16,-3,-11,-4,-8,-3,-7,-3,-6,-4,-4,-2,-2,1,2,0,3,-1,3,1,6,-2,11,2,11,0,12,3,13,3,15,2,14,1,16,1,18,1,22,0,16,2,21,3,19,0,22,5,15,3,21,2,16,4,20,2,19,3,19,1,13,1,19,4,15,4,15,3,16,1,14,-3,15,-1,15,1,12,1,14,-1,13,0,13,-2,14,2,15,2,11,4,0,0,0,0,0,0,0,0,0,0,0,0,0,0,0,0,0,0,0,0,0,0,19,-17,26,-19,23,-16,27,-22,27,-22,32,-24,32,-26,37,-29,42,-34,41,-29,48,-31,48,-36,52,-42,61,-39,65,-36,58,-35,71,-46,63,-35,70,-42,68,-39,68,-39,78,-43,71,-36,76,-38,79,-41,75,-46,77,-41,82,-48,67,-39,75,-48,56,-40,70,-46,61,-48,60,-52,64,-52,57,-55,50,-48,53,-54,47,-52,49,-58,51,-62,37,-54,41,-63,29,-59,33,-65,28,-56,25,-60,19,-66,20,-66,20,-62,21,-62,17,-70,22,-75,10,-58,19,-70,12,-71,11,-62,0,0]"
CSI_DATA,312,1a:00:00:00:00:00,-52,11,1,0,1,1,1,0,0,0,1,-96,0,11,2,4302387,0,44,0,384,0,"[0,0,0,0,0,0,0,0,0,0,0,0,-5,-6,-5,-5,-4,-5,-4,-5,-3,-4,-3,-4,-3,-3,-2,-3,-2,-2,-2,-2,-1,-2,-1,-1,-1,-1,-1,-1,0,0,0,0,0,0,0,0,0,1,0,1,1,1,1,1,1,1,1,2,1,2,1,2,0,0,1,2,1,2,2,3,2,2,1,3,1,3,1,2,1,2,1,2,1,2,1,2,1,2,1,2,1,2,1,2,1,2,1,2,1,1,1,1,0,1,1,1,1,1,1,1,1,2,1,1,1,2,0,0,0,0,0,0,0,0,0,0,0,0,0,0,-14,-51,-19,-47,-20,-42,-15,-41,-19,-39,-14,-36,-15,-34,-11,-27,-12,-23,-10,-21,-7,-20,-4,-15,-7,-16,-6,-11,-4,-13,-2,-4,-2,-3,-3,-2,0,-2,2,3,2,3,3,5,3,4,5,9,5,8,5,11,5,12,8,12,6,14,7,17,8,16,7,15,7,17,8,19,10,13,7,18,9,19,10,16,10,22,8,16,11,17,6,15,6,11,4,17,8,13,7,11,4,10,7,14,8,10,7,11,5,12,7,8,9,8,8,16,6,12,8,10,9,12,0,0,0,0,0,0,0,0,0,0,0,0,0,0,0,0,0,0,0,0,0,0,25,8,26,10,28,12,34,11,35,12,36,13,37,13,43,17,50,17,49,19,52,20,57,17,64,20,67,26,63,32,65,32,69,29,67,35,64,34,71,43,71,40,81,45,71,39,78,37,77,40,80,35,74,37,79,40,78,37,79,33,71,28,76,31,74,26,73,24,75,28,73,17,73,16,79,12,72,7,75,4,73,6,72,-2,68,-1,73,-7,69,-6,68,-12,68,-15,66,-16,64,-20,67,-21,64,-23,65,-28,69,-24,61,-24,67,-34,60,-27,58,-22,0,0]"
CSI_DATA,313,1a:00:00:00:00:00,-52,11,1,0,1,1,1,0,0,0,1,-96,0,11,2,4312401,0,44,0,384,0,"[0,0,0,0,0,0,0,0,0,0,0,0,-2,7,-2,7,-1,6,-1,5,-1,4,-1,4,-1,3,-1,3,0,2,-1,2,-1,1,0,1,-1,0,-1,0,-1,-1,-1,-1,0,-2,0,-1,0,-2,0,-2,0,-2,0,-3,0,-3,0,-3,0,-4,0,-4,0,0,0,-4,0,-4,0,-4,0,-4,0,-4,0,-4,0,-4,0,-4,0,-4,1,-4,1,-4,0,-4,0,-3,0,-3,0,-3,0,-3,0,-3,0,-3,0,-3,0,-3,0,-3,0,-3,0,-3,0,-3,0,-3,0,-3,0,0,0,0,0,0,0,0,0,0,0,0,0,0,2,55,8,51,8,46,9,38,6,42,5,35,3,33,5,33,2,25,1,20,2,19,1,17,4,16,2,10,2,7,2,6,2,2,-2,0,-2,-2,-1,-4,-1,-4,-3,-5,-3,-6,-5,-12,-4,-10,-6,-13,0,-14,-6,-13,-4,-15,-3,-16,-3,-19,-5,-18,-7,-18,-6,-19,-8,-18,-6,-21,-4,-20,-5,-20,-4,-20,-5,-20,-2,-17,-4,-18,-2,-15,-4,-17,-4,-17,-5,-14,-7,-15,-9,-18,-5,-14,-5,-14,-9,-14,-4,-15,-8,-13,-3,-12,-4,-12,-3,-14,-4,-10,0,0,0,0,0,0,0,0,0,0,0,0,0,0,0,0,0,0,0,0,0,0,-25,-13,-26,-17,-27,-16,-32,-15,-33,-18,-32,-23,-37,-19,-39,-23,-48,-25,-48,-29,-50,-31,-51,-34,-56,-35,-56,-42,-53,-44,-60,-42,-69,-45,-64,-48,-60,-49,-69,-49,-65,-53,-71,-55,-66,-54,-68,-53,-66,-60,-69,-52,-65,-56,-70,-49,-69,-50,-73,-50,-63,-41,-68,-48,-69,-40,-68,-34,-72,-42,-69,-29,-70,-30,-75,-26,-69,-27,-72,-22,-69,-23,-76,-16,-73,-10,-72,-8,-68,-8,-70,-1,-71,3,-68,3,-66,7,-72,5,-67,4,-71,12,-70,10,-66,10,-72,11,-66,7,-66,12,0,0]"
CSI_DATA,314,1a:00:00:00:00:00,-52,11,1,0,1,1,1,0,0,0,1,-96,0,11,2,4322382,0,44,0,384,0,"[0,0,0,0,0,0,0,0,0,0,0,0,1,-8,1,-7,0,-7,1,-6,0,-5,0,-5,0,-4,0,-4,0,-3,0,-3,0,-2,-1,-2,0,-1,0,-1,-1,0,-1,0,-1,0,-1,0,0,1,-1,1,-1,1,-1,2,-1,2,-1,2,-1,2,-1,3,0,0,-1,3,-1,3,-1,4,-1,3,-1,3,-1,3,-1,3,-1,3,-1,3,-1,2,-2,2,-2,3,-1,2,-1,2,-1,2,-1,2,-1,2,-1,2,-1,2,-1,2,-1,2,0,2,-1,1,-1,1,-2,2,-1,1,0,0,0,0,0,0,0,0,0,0,0,0,0,0,6,-50,7,-55,2,-46,4,-45,2,-44,4,-36,3,-34,2,-28,0,-28,1,-20,-3,-20,2,-18,-2,-16,-1,-14,0,-9,-2,-7,2,-2,0,-2,-4,-1,-1,1,-2,5,-1,3,-2,5,0,9,-1,12,1,13,-4,15,-2,15,-1,15,-2,18,-4,16,-5,19,0,17,2,20,-1,18,-4,17,-4,17,-5,19,-4,18,-3,16,-4,17,-1,17,-4,15,-4,18,-2,13,-4,13,-4,13,-1,17,-2,11,-5,15,-3,12,-5,13,1,13,-3,14,3,10,-3,13,-4,12,0,0,0,0,0,0,0,0,0,0,0,0,0,0,0,0,0,0,0,0,0,0,22,12,23,13,28,16,28,15,30,17,30,21,30,20,37,23,44,25,45,29,46,32,48,32,57,33,53,40,50,40,55,44,62,43,56,50,56,49,60,50,56,58,61,56,60,59,61,59,62,62,63,57,56,57,57,57,65,57,64,52,54,47,57,49,61,47,60,43,63,48,62,36,65,39,67,37,60,34,65,33,60,30,70,21,64,23,66,17,61,16,63,15,61,13,65,8,64,6,70,8,64,5,65,1,65,4,61,3,68,3,64,3,63,-2,0,0]"
CSI_DATA,315,1a:00:00:00:00:00,-52,11,1,0,1,1,1,0,0,0,1,-96,0,11,2,4334159,0,44,0,384,0,"[0,0,0,0,0,0,0,0,0,0,0,0,6,2,5,2,5,1,4,1,4,1,3,1,3,1,2,0,2,0,1,0,1,0,1,0,0,0,0,-1,-1,-1,-1,-1,-1,-1,-1,-1,-2,-1,-2,-1,-2,-1,-2,-1,-3,-2,-3,-2,-3,-1,-3,-2,0,0,-3,-2,-4,-2,-4,-2,-4,-2,-3,-2,-3,-2,-3,-2,-3,-2,-3,-2,-3,-2,-3,-2,-3,-2,-3,-2,-3,-2,-3,-2,-3,-2,-3,-1,-2,-1,-2,-1,-3,-1,-3,-1,-2,-1,-2,-1,-2,-1,-2,-2,-2,-2,0,0,0,0,0,0,0,0,0,0,0,0,0,0,48,17,44,20,46,18,38,15,40,14,31,12,31,12,27,12,23,7,19,9,16,5,16,5,14,3,12,0,9,2,6,0,4,1,1,0,-1,-2,-5,-3,-4,0,-9,-1,-7,-5,-6,-5,-10,-6,-10,-4,-11,-7,-14,-8,-13,-7,-16,-4,-13,-4,-20,-9,-17,-11,-19,-8,-19,-7,-17,-9,-20,-10,-20,-10,-15,-12,-18,-7,-16,-9,-15,-9,-15,-8,-13,-11,-12,-8,-14,-8,-13,-6,-12,-5,-15,-5,-10,-2,-13,-4,-15,-5,-12,-4,-13,-5,-11,-6,-11,-8,-11,-7,0,0,0,0,0,0,0,0,0,0,0,0,0,0,0,0,0,0,0,0,0,0,-18,18,-22,21,-20,21,-26,25,-25,23,-28,22,-29,30,-36,28,-35,34,-38,33,-46,38,-43,36,-52,44,-50,39,-56,35,-57,40,-59,49,-61,40,-58,40,-67,41,-70,42,-72,46,-69,43,-70,47,-74,43,-71,43,-75,43,-69,42,-70,42,-69,48,-59,41,-66,50,-65,48,-59,45,-65,49,-56,52,-57,51,-52,53,-47,47,-49,57,-47,52,-40,59,-38,55,-33,58,-31,55,-31,63,-29,59,-28,60,-27,60,-24,63,-20,62,-18,63,-24,66,-21,61,-23,68,-21,62,-22,58,0,0]"
CSI_DATA,316,1a:00:00:00:00:00,-52,11,1,0,1,1,1,0,0,0,1,-96,0,11,2,4342439,0,44,0,384,0,"[0,0,0,0,0,0,0,0,0,0,0,0,3,6,2,5,2,5,2,4,1,4,1,3,1,3,1,2,1,2,1,1,0,1,0,1,0,0,0,0,0,-1,0,-1,-1,-1,-1,-1,-1,-2,-1,-2,-1,-2,-1,-2,-1,-3,-2,-3,-1,-3,-2,-3,0,0,-2,-3,-2,-4,-2,-4,-2,-4,-1,-4,-1,-4,-1,-3,-1,-3,-1,-4,-1,-3,-1,-3,-1,-3,-1,-3,-1,-3,-1,-3,-1,-3,-1,-3,-1,-3,-1,-2,-1,-2,-1,-3,-1,-3,-1,-3,-1,-2,-1,-2,-1,-2,0,0,0,0,0,0,0,0,0,0,0,0,0,0,19,49,16,43,21,43,14,40,16,37,12,34,12,27,10,29,9,20,8,24,6,19,4,16,4,12,5,9,5,10,5,5,1,3,3,0,-1,-1,0,-2,-1,-7,-1,-3,-4,-8,-5,-11,-4,-10,-5,-12,-7,-12,-9,-12,-7,-12,-6,-13,-8,-14,-8,-15,-8,-16,-6,-17,-8,-19,-7,-22,-9,-17,-7,-17,-6,-17,-6,-14,-9,-15,-7,-14,-9,-15,-6,-17,-6,-18,-7,-13,-7,-12,-7,-13,-6,-12,-5,-10,-4,-10,-8,-14,-8,-11,-9,-10,-7,-10,-8,-13,-3,-14,0,0,0,0,0,0,0,0,0,0,0,0,0,0,0,0,0,0,0,0,0,0,-26,-4,-30,-6,-27,-6,-37,-7,-37,-6,-39,-9,-41,-10,-45,-12,-50,-11,-48,-10,-56,-11,-58,-12,-65,-11,-65,-16,-62,-23,-67,-21,-75,-22,-68,-28,-73,-27,-73,-30,-72,-32,-77,-34,-74,-25,-84,-26,-81,-28,-84,-23,-76,-28,-78,-27,-72,-25,-82,-26,-69,-22,-81,-24,-79,-23,-73,-18,-77,-19,-73,-10,-70,-8,-74,-5,-71,-2,-74,1,-71,-3,-69,5,-71,8,-67,12,-65,13,-66,13,-63,15,-63,19,-64,22,-63,27,-65,25,-61,32,-66,28,-56,27,-65,31,-58,30,-54,31,0,0]"
CSI_DATA,317,1a:00:00:00:00:00,-52,11,1,0,1,1,1,0,0,0,1,-96,0,11,2,4352386,0,44,0,384,0,"[0,0,0,0,0,0,0,0,0,0,0,0,-7,-4,-7,-4,-6,-3,-6,-3,-5,-3,-4,-3,-4,-2,-3,-2,-3,-2,-2,-2,-2,-1,-2,-1,-1,-1,-1,-1,0,-1,0,0,0,0,0,0,1,0,1,0,1,1,1,0,1,1,2,1,2,1,2,1,0,0,2,1,2,1,3,2,3,1,2,2,2,1,2,2,2,2,2,2,2,2,2,2,2,2,1,1,1,1,1,1,2,1,1,1,1,1,1,1,2,1,1,1,1,1,1,1,1,1,1,1,1,1,0,0,0,0,0,0,0,0,0,0,0,0,0,0,-45,-30,-43,-25,-41,-22,-37,-22,-35,-20,-31,-19,-29,-16,-28,-11,-26,-11,-22,-13,-18,-9,-14,-11,-12,-8,-10,-8,-8,-6,-6,-4,-4,-7,-4,0,-1,1,0,1,2,-1,2,1,6,3,5,3,8,6,8,8,12,5,10,5,13,4,14,7,14,10,15,7,14,10,15,7,16,5,14,9,10,9,12,12,13,13,12,13,15,10,13,9,11,8,10,10,11,9,14,8,11,11,13,6,9,7,10,8,9,6,11,6,9,5,8,7,10,9,8,8,8,10,0,0,0,0,0,0,0,0,0,0,0,0,0,0,0,0,0,0,0,0,0,0,19,-18,20,-19,22,-22,24,-24,25,-24,29,-24,29,-25,34,-28,35,-34,42,-30,46,-36,46,-37,51,-42,54,-38,57,-35,59,-37,63,-44,64,-37,65,-40,65,-39,73,-33,79,-42,70,-35,76,-40,78,-40,72,-38,76,-35,74,-38,70,-36,74,-43,61,-37,71,-42,66,-38,61,-40,66,-40,60,-45,57,-43,56,-50,52,-45,56,-49,51,-51,42,-56,47,-52,40,-56,38,-53,35,-52,34,-55,34,-56,31,-57,31,-57,31,-63,25,-63,31,-61,27,-59,29,-64,26,-60,26,-56,0,0]"
CSI_DATA,318,1a:00:00:00:00:00,-52,11,1,0,1,1,1,0,0,0,1,-96,0,11,2,4362428,0,44,0,384,0,"[0,0,0,0,0,0,0,0,0,0,0,0,-1,7,-1,7,-1,6,-1,5,-1,5,-1,4,-1,3,-1,3,-1,2,-1,2,0,2,0,1,0,0,0,0,0,0,0,-1,0,-1,0,-1,0,-2,0,-2,0,-2,0,-3,0,-2,0,-3,0,-3,0,-3,0,0,0,-4,1,-4,0,-4,0,-4,1,-4,1,-4,1,-4,1,-4,1,-3,1,-3,1,-3,1,-3,0,-3,1,-3,0,-3,0,-3,0,-3,0,-3,0,-3,0,-3,0,-3,0,-3,0,-3,0,-2,0,-3,0,-2,0,0,0,0,0,0,0,0,0,0,0,0,0,0,-22,49,-22,41,-20,43,-14,40,-17,35,-16,34,-14,30,-14,27,-11,23,-10,23,-9,18,-9,14,-5,14,-7,12,-3,7,-5,6,1,1,-1,5,0,1,2,-1,2,-3,2,-3,2,-8,0,-6,2,-6,4,-12,5,-10,6,-17,9,-18,7,-16,8,-16,5,-18,4,-16,8,-18,7,-16,10,-20,6,-15,7,-18,7,-16,6,-18,10,-17,9,-13,8,-12,6,-15,6,-12,6,-13,5,-14,2,-15,5,-13,2,-12,3,-12,6,-14,3,-13,4,-9,5,-12,5,-11,4,-12,0,0,0,0,0,0,0,0,0,0,0,0,0,0,0,0,0,0,0,0,0,0,-18,-20,-17,-23,-18,-20,-24,-29,-19,-27,-25,-33,-27,-31,-29,-37,-35,-41,-32,-38,-35,-44,-36,-48,-41,-51,-41,-56,-35,-58,-35,-59,-43,-65,-35,-64,-36,-69,-38,-69,-38,-74,-37,-78,-37,-70,-41,-78,-39,-76,-45,-73,-37,-73,-40,-78,-38,-70,-42,-74,-39,-61,-44,-74,-42,-67,-44,-62,-47,-66,-49,-58,-43,-58,-50,-55,-50,-50,-55,-50,-51,-51,-55,-45,-58,-45,-58,-37,-55,-39,-54,-34,-57,-33,-63,-29,-60,-29,-60,-26,-61,-26,-63,-24,-65,-31,-60,-24,-66,-27,-65,-26,-54,-23,0,0]"
CSI_DATA,319,1a:00:00:00:00:00,-52,11,1,0,1,1,1,0,0,0,1,-96,0,11,2,4402395,0,44,0,384,0,"[0,0,0,0,0,0,0,0,0,0,0,0,-8,4,-7,3,-6,3,-6,3,-6,2,-5,2,-4,2,-4,1,-3,1,-2,1,-2,1,-2,0,-2,0,-1,0,-1,0,0,0,0,-1,1,-1,0,-1,1,-1,1,-1,2,-1,2,-1,2,-2,2,-2,2,-2,0,0,2,-2,3,-2,3,-2,3,-2,3,-2,3,-2,3,-2,2,-1,2,-2,2,-1,3,-1,2,-1,2,-1,2,-1,2,-1,2,-1,2,-2,1,-2,2,-2,1,-2,2,-1,1,-2,1,-1,2,-1,2,-1,2,-1,0,0,0,0,0,0,0,0,0,0,0,0,0,0,-22,13,-21,14,-20,13,-20,11,-18,11,-16,8,-15,9,-14,7,-13,6,-12,5,-9,5,-9,3,-7,4,-6,3,-4,3,-3,3,-2,1,-2,1,0,0,0,-1,0,-1,2,-1,3,-2,2,-1,2,-2,3,-2,3,-4,5,-3,5,-3,6,-6,5,-5,7,-5,8,-6,8,-3,7,-6,7,-4,6,-4,6,-4,6,-3,6,-5,8,-5,7,-6,6,-4,5,-5,3,-4,6,-6,4,-4,4,-2,5,-5,5,-5,4,-5,3,-4,4,-5,4,-3,5,-5,4,-2,4,-3,0,0,0,0,0,0,0,0,0,0,0,0,0,0,0,0,0,0,0,0,0,0,-2,-13,-1,-15,1,-15,0,-18,0,-17,0,-20,0,-21,3,-23,1,-25,2,-26,2,-30,1,-30,0,-33,3,-34,8,-34,5,-36,4,-39,7,-37,7,-37,8,-38,11,-39,9,-42,9,-41,8,-44,9,-44,7,-43,9,-42,8,-41,7,-43,6,-44,6,-37,5,-41,5,-41,3,-39,4,-41,0,-39,-1,-37,-5,-38,-5,-35,-6,-38,-5,-37,-10,-35,-10,-36,-12,-32,-11,-32,-12,-32,-13,-31,-14,-31,-15,-29,-18,-31,-19,-29,-20,-28,-18,-30,-18,-26,-21,-30,-19,-29,-18,-28,0,0]"
CSI_DATA,320,1a:00:00:00:00:00,-52,11,1,0,1,1,1,0,0,0,1,-96,0,11,2,4422387,0,44,0,384,0,"[0,0,0,0,0,0,0,0,0,0,0,0,-8,-4,-7,-3,-7,-2,-6,-3,-5,-3,-5,-2,-4,-2,-3,-2,-3,-2,-3,-1,-2,-1,-2,-1,-2,-1,-1,-1,-1,0,0,0,0,0,0,0,0,0,1,0,1,1,1,1,1,1,2,1,2,1,2,1,0,0,2,1,2,1,2,2,2,1,2,2,2,2,2,2,2,2,2,2,1,2,2,2,1,1,1,2,1,2,1,1,1,1,1,1,1,1,1,1,1,1,1,1,1,1,1,1,1,1,1,1,1,1,0,0,0,0,0,0,0,0,0,0,0,0,0,0,-52,-23,-45,-23,-47,-20,-41,-18,-37,-19,-33,-19,-32,-17,-28,-16,-25,-9,-23,-11,-20,-7,-16,-11,-12,-8,-12,-2,-9,-3,-9,-2,-3,-6,-4,-4,-1,1,0,-1,4,3,1,1,6,3,4,5,7,4,8,4,8,2,13,7,11,8,12,5,15,9,16,6,11,8,12,10,17,6,15,11,12,8,14,11,12,14,11,8,10,8,7,7,8,9,13,10,9,8,9,6,10,6,9,4,9,5,10,4,8,4,8,2,10,4,10,4,11,6,7,5,6,6,0,0,0,0,0,0,0,0,0,0,0,0,0,0,0,0,0,0,0,0,0,0,15,-21,20,-23,19,-20,24,-29,21,-28,27,-30,28,-29,31,-32,34,-37,36,-34,41,-42,44,-44,45,-50,48,-46,51,-42,55,-42,63,-51,58,-43,62,-44,65,-43,68,-46,75,-49,68,-45,71,-51,71,-51,70,-51,72,-46,74,-46,67,-42,72,-55,60,-45,69,-48,63,-46,58,-46,61,-49,55,-51,54,-46,55,-57,46,-52,48,-58,47,-55,40,-57,43,-59,32,-58,34,-57,31,-57,31,-58,28,-62,26,-60,26,-62,21,-63,23,-68,27,-69,23,-58,21,-68,24,-63,20,-62,0,0]"
CSI_DATA,321,1a:00:00:00:00:00,-52,11,1,0,1,1,1,0,0,0,1,-96,0,11,2,4432451,0,44,0,384,0,"[0,0,0,0,0,0,0,0,0,0,0,0,-5,5,-4,5,-4,4,-4,4,-3,3,-3,3,-3,3,-2,2,-2,2,-2,1,-2,1,-1,1,-1,0,-1,0,0,0,0,0,0,-1,0,-1,0,-1,0,-1,0,-1,1,-2,1,-2,1,-2,1,-2,1,-2,0,0,1,-3,1,-3,1,-3,2,-3,2,-2,1,-3,2,-2,2,-2,1,-2,1,-2,2,-2,1,-2,1,-2,1,-2,1,-2,1,-2,1,-2,1,-2,0,-2,1,-2,0,-2,0,-2,1,-2,0,-2,1,-2,1,-2,0,0,0,0,0,0,0,0,0,0,0,0,0,0,-47,24,-44,22,-45,29,-38,24,-35,22,-36,21,-30,17,-26,18,-23,13,-20,13,-16,13,-16,11,-12,10,-9,5,-7,8,-7,4,-5,4,-4,0,-3,1,2,-2,1,0,3,-2,5,-1,4,-4,5,-3,8,-6,9,-4,11,-6,13,-7,11,-8,11,-10,14,-12,13,-7,14,-10,13,-11,15,-8,15,-8,16,-9,13,-6,12,-8,14,-7,13,-4,13,-7,10,-6,9,-6,10,-6,9,-6,9,-8,9,-7,6,-8,7,-6,10,-7,9,-8,7,-7,9,-9,8,-6,7,-3,0,0,0,0,0,0,0,0,0,0,0,0,0,0,0,0,0,0,0,0,0,0,-3,-25,-2,-30,-2,-28,-3,-37,-7,-33,0,-42,-4,-38,-2,-44,-3,-51,0,-50,-1,-58,-4,-58,-5,-68,-1,-68,8,-71,7,-69,5,-82,8,-70,10,-77,10,-77,12,-82,17,-86,14,-77,12,-83,13,-88,7,-85,13,-84,10,-85,9,-82,9,-89,7,-75,4,-86,6,-80,0,-77,3,-81,-2,-76,-5,-70,-12,-74,-11,-71,-16,-77,-13,-73,-21,-68,-21,-71,-24,-63,-26,-65,-24,-63,-31,-64,-29,-60,-34,-59,-35,-57,-38,-57,-41,-55,-41,-61,-34,-53,-41,-58,-40,-57,-37,-48,0,0]"
CSI_DATA,322,1a:00:00:00:00:00,-52,11,1,0,1,1,1,0,0,0,1,-96,0,11,2,4443204,0,44,0,384,0,"[0,0,0,0,0,0,0,0,0,0,0,0,1,-9,1,-8,0,-7,1,-7,1,-6,1,-5,0,-5,0,-4,0,-4,0,-3,0,-3,0,-2,0,-2,-1,-1,0,-1,-1,-1,-1,0,-1,0,-1,0,-1,1,-1,1,-1,1,-1,1,-2,2,-1,2,-1,2,0,0,-1,2,-2,3,-2,3,-2,2,-2,2,-2,3,-2,2,-2,2,-2,2,-2,2,-2,2,-2,2,-2,2,-2,2,-2,2,-1,2,-1,2,-1,1,-1,1,-1,1,-1,1,-1,2,-1,1,-1,1,-2,1,-2,1,0,0,0,0,0,0,0,0,0,0,0,0,0,0,10,-55,7,-49,3,-47,8,-45,7,-43,7,-38,7,-33,11,-31,3,-26,9,-26,4,-25,0,-16,1,-15,2,-17,0,-12,-1,-8,-2,-8,-2,-6,-2,-4,-2,-1,-1,1,-1,3,-4,6,-4,5,-3,9,-4,11,-6,10,-6,15,-6,11,-8,12,-8,12,-11,13,-9,15,-8,16,-4,15,-9,14,-9,13,-11,15,-10,14,-7,11,-11,10,-10,13,-9,12,-9,12,-6,11,-8,10,-9,10,-9,12,-6,9,-8,9,-6,9,-5,12,-7,10,-3,6,-5,6,-8,9,-7,8,0,0,0,0,0,0,0,0,0,0,0,0,0,0,0,0,0,0,0,0,0,0,26,2,26,3,28,1,35,1,33,3,38,5,36,2,46,10,48,9,49,7,59,14,58,10,63,13,66,17,60,23,66,25,76,22,68,30,70,30,71,32,70,39,77,38,71,36,76,38,77,44,79,35,69,43,74,40,71,40,77,41,63,36,74,38,72,39,69,30,74,36,70,27,65,27,72,24,68,24,69,19,69,23,70,15,69,16,66,9,68,10,64,10,65,5,66,1,68,2,69,4,68,2,67,-2,69,4,64,1,72,3,67,2,63,3,0,0]"
CSI_DATA,323,1a:00:00:00:00:00,-52,11,1,0,1,1,1,0,0,0,1,-96,0,11,2,4452382,0,44,0,384,0,"[0,0,0,0,0,0,0,0,0,0,0,0,0,8,0,7,1,6,0,6,0,5,-1,4,0,3,0,3,0,2,0,2,0,2,0,1,0,0,-1,0,0,0,0,-1,0,-1,0,-1,0,-2,0,-2,0,-2,0,-2,0,-2,0,-3,0,-3,0,-3,0,0,0,-4,0,-4,0,-4,0,-4,0,-3,0,-3,0,-3,0,-3,0,-3,0,-3,0,-3,1,-3,1,-3,0,-2,0,-3,0,-3,0,-3,0,-2,0,-2,0,-2,0,-3,0,-2,0,-2,0,-3,0,-2,0,-2,0,0,0,0,0,0,0,0,0,0,0,0,0,0,8,26,7,24,9,23,5,22,4,20,3,17,4,15,3,14,2,14,2,12,2,10,2,10,2,8,2,6,1,5,-1,4,1,2,1,1,1,0,0,-1,1,-2,0,-2,1,-2,-1,-5,-1,-4,-2,-5,0,-6,-1,-6,-1,-9,-1,-7,0,-8,0,-9,-1,-9,0,-9,-1,-9,2,-10,1,-11,0,-9,3,-7,2,-7,1,-7,0,-7,1,-7,2,-9,1,-7,1,-8,1,-7,0,-6,-2,-5,0,-5,-1,-5,0,-6,1,-6,1,-6,1,-6,0,-6,1,-6,0,0,0,0,0,0,0,0,0,0,0,0,0,0,0,0,0,0,0,0,0,0,-12,5,-14,6,-14,8,-17,8,-17,8,-18,7,-19,8,-22,6,-25,9,-24,9,-28,8,-29,8,-33,11,-33,8,-35,5,-34,5,-40,6,-35,3,-39,4,-40,2,-41,1,-43,1,-40,1,-43,2,-45,-1,-45,2,-41,-3,-45,-1,-42,-2,-46,0,-37,0,-42,0,-42,0,-39,2,-42,0,-39,4,-37,3,-39,4,-35,5,-39,6,-37,6,-36,10,-37,9,-32,10,-32,9,-32,11,-31,12,-31,13,-32,13,-33,13,-31,12,-31,15,-32,14,-31,13,-33,13,-32,15,-29,13,0,0]"
CSI_DATA,324,1a:00:00:00:00:00,-52,11,1,0,1,1,1,0,0,0,1,-96,0,11,2,4462944,0,44,0,384,0,"[0,0,0,0,0,0,0,0,0,0,0,0,6,-6,5,-5,5,-5,5,-4,4,-4,3,-3,3,-3,2,-3,2,-2,1,-2,1,-2,1,-2,0,-2,0,-1,0,-1,-1,-1,-1,0,-1,0,-1,0,-2,0,-2,0,-2,0,-3,0,-2,0,-3,0,-3,1,0,0,-3,0,-3,1,-3,1,-3,0,-3,0,-4,0,-3,0,-3,0,-3,0,-3,0,-3,0,-3,0,-3,0,-2,0,-3,0,-3,0,-2,0,-2,0,-2,0,-2,0,-2,0,-2,1,-2,0,-2,0,-2,0,-2,0,0,0,0,0,0,0,0,0,0,0,0,0,0,0,24,-13,22,-11,21,-13,21,-10,19,-10,18,-10,16,-10,15,-7,11,-6,11,-5,9,-5,8,-4,6,-4,6,-2,5,-3,2,-5,5,-3,2,-2,0,-1,-1,-2,-2,-2,-2,-1,-3,-1,-4,0,-4,0,-6,0,-7,1,-6,2,-7,1,-7,2,-8,1,-11,2,-8,1,-8,1,-10,1,-8,1,-9,-2,-9,0,-8,-1,-9,-1,-9,0,-8,-2,-7,-1,-7,0,-7,-2,-7,-1,-6,0,-6,0,-6,0,-7,0,-6,0,-5,0,-8,-1,-6,0,-4,2,-5,0,-5,-1,0,0,0,0,0,0,0,0,0,0,0,0,0,0,0,0,0,0,0,0,0,0,7,11,7,12,7,12,8,14,7,14,8,18,8,18,7,20,10,23,9,23,10,27,9,28,11,31,10,32,8,33,10,34,11,38,6,38,6,38,6,39,3,40,5,44,3,41,4,45,3,44,4,44,2,42,3,41,4,42,5,44,4,38,4,40,4,39,5,37,3,40,8,39,5,37,9,37,8,36,10,37,9,34,13,34,13,33,15,32,13,31,16,28,16,29,17,30,17,28,19,30,17,28,19,28,19,31,17,26,20,29,16,28,16,26,0,0]"
CSI_DATA,325,1a:00:00:00:00:00,-52,11,1,0,1,1,1,0,0,0,1,-96,0,11,2,4472621,0,44,0,384,0,"[0,0,0,0,0,0,0,0,0,0,0,0,-1,8,-1,7,-1,6,-1,6,-1,5,-1,4,-1,4,-1,3,-1,3,-1,2,-1,2,0,1,0,1,0,0,0,0,0,-1,0,-1,0,-1,0,-1,0,-2,0,-2,0,-2,1,-2,0,-3,0,-3,0,-3,0,0,1,-3,1,-3,1,-3,1,-3,1,-3,1,-3,1,-3,1,-3,1,-3,1,-3,1,-3,1,-3,1,-2,1,-2,1,-2,1,-2,1,-2,0,-2,0,-2,0,-2,1,-2,1,-2,0,-2,0,-2,1,-2,0,-2,0,0,0,0,0,0,0,0,0,0,0,0,0,0,-2,26,-1,25,0,25,-1,23,-2,21,-2,18,-1,17,-2,15,-2,13,-2,13,-1,11,0,9,-2,8,-2,7,-2,7,-1,4,1,2,-1,2,0,1,1,2,1,0,0,-2,0,-3,0,-4,2,-4,1,-4,3,-5,2,-6,3,-5,3,-7,2,-7,4,-6,3,-7,4,-8,2,-7,3,-8,4,-7,4,-7,4,-7,5,-7,5,-6,5,-6,4,-7,2,-6,3,-4,3,-5,3,-6,3,-6,1,-6,3,-5,2,-6,3,-5,1,-4,1,-4,4,-5,3,-5,2,-4,0,0,0,0,0,0,0,0,0,0,0,0,0,0,0,0,0,0,0,0,0,0,-13,3,-14,2,-15,2,-16,3,-18,3,-22,1,-21,1,-24,1,-26,3,-28,2,-29,-1,-33,1,-35,3,-36,-1,-34,-5,-36,-4,-41,-3,-37,-7,-39,-7,-41,-7,-40,-11,-43,-11,-41,-10,-44,-12,-44,-14,-45,-9,-41,-13,-42,-13,-40,-14,-44,-12,-37,-11,-41,-12,-40,-11,-39,-9,-39,-10,-38,-8,-36,-8,-39,-4,-37,-6,-37,-5,-37,-6,-39,-3,-36,-3,-36,1,-35,-1,-36,-2,-36,1,-35,2,-36,3,-35,3,-34,3,-34,5,-36,4,-32,6,-36,5,-34,4,-31,3,0,0]"
CSI_DATA,326,1a:00:00:00:00:00,-52,11,1,0,1,1,1,0,0,0,1,-96,0,11,2,4482426,0,44,0,384,0,"[0,0,0,0,0,0,0,0,0,0,0,0,7,3,7,3,6,2,6,2,5,2,4,2,4,1,3,1,2,1,2,0,2,0,1,0,1,0,0,0,0,0,0,-1,0,-1,-1,-1,-1,-1,-1,-1,-1,-2,-2,-2,-2,-2,-2,-2,-2,-2,-3,-2,0,0,-3,-2,-3,-2,-3,-3,-3,-3,-3,-3,-2,-3,-2,-3,-2,-3,-2,-3,-2,-3,-2,-3,-2,-3,-2,-2,-2,-2,-2,-2,-2,-2,-2,-2,-2,-2,-2,-2,-2,-2,-2,-2,-2,-2,-2,-2,-2,-2,-2,-2,-2,-2,0,0,0,0,0,0,0,0,0,0,0,0,0,0,48,24,44,26,46,18,41,23,37,21,33,17,34,15,27,16,24,10,21,12,19,9,16,11,13,9,11,6,11,5,9,3,7,1,5,2,3,-2,-1,-1,-2,-4,-1,-3,-4,-6,-3,-7,-4,-7,-6,-8,-8,-5,-12,-7,-9,-11,-8,-11,-11,-8,-9,-10,-10,-12,-11,-13,-16,-10,-11,-14,-9,-11,-10,-14,-8,-15,-11,-15,-10,-12,-8,-15,-5,-10,-7,-9,-8,-11,-7,-9,-6,-9,-9,-11,-8,-10,-6,-9,-6,-8,-10,-7,-6,-7,-8,-8,-6,-8,-9,-8,-8,-10,0,0,0,0,0,0,0,0,0,0,0,0,0,0,0,0,0,0,0,0,0,0,-12,23,-9,26,-13,27,-12,31,-15,32,-19,36,-18,36,-21,38,-24,47,-28,47,-29,49,-29,48,-33,58,-38,58,-42,54,-45,58,-47,62,-46,57,-49,55,-56,56,-61,53,-64,63,-61,55,-60,62,-67,59,-63,65,-66,56,-66,55,-62,55,-64,60,-56,53,-61,58,-58,54,-58,56,-59,55,-50,57,-48,55,-49,61,-45,56,-46,64,-47,61,-39,61,-39,61,-30,61,-29,58,-32,61,-30,64,-27,60,-28,65,-23,66,-23,65,-24,66,-28,66,-22,62,-23,66,-25,65,-26,64,0,0]"
CSI_DATA,327,1a:00:00:00:00:00,-52,11,1,0,1,1,1,0,0,0,1,-96,0,11,2,4502383,0,44,0,384,0,"[0,0,0,0,0,0,0,0,0,0,0,0,7,1,6,1,6,1,5,1,4,1,4,1,3,0,3,0,2,0,2,0,1,0,1,0,1,-1,1,0,0,-1,0,-1,0,-1,-1,-1,-1,-1,-1,-1,-1,-1,-2,-1,-2,-1,-2,-2,-2,-1,-3,-2,0,0,-3,-2,-3,-2,-3,-2,-3,-2,-2,-2,-3,-2,-2,-2,-2,-2,-3,-2,-2,-2,-2,-2,-2,-2,-2,-1,-2,-1,-2,-1,-2,-2,-2,-1,-2,-1,-2,-1,-2,-1,-2,-1,-2,-1,-2,-1,-2,-1,-2,-1,-2,-1,0,0,0,0,0,0,0,0,0,0,0,0,0,0,51,19,45,19,49,15,42,14,42,16,35,13,36,12,32,12,24,11,24,11,20,9,17,5,13,7,12,3,10,4,9,5,10,2,4,2,1,-1,0,-2,-1,-2,1,-2,-4,-3,-3,-7,-7,-5,-6,-4,-7,-7,-10,-9,-10,-4,-12,-6,-12,-6,-13,-11,-11,-9,-14,-7,-14,-10,-12,-11,-11,-11,-13,-9,-14,-12,-14,-11,-11,-8,-11,-10,-7,-11,-9,-9,-10,-8,-11,-8,-12,-8,-10,-6,-11,-7,-8,-4,-9,-8,-7,-5,-9,-3,-10,-5,-9,-8,-7,-5,-8,-10,0,0,0,0,0,0,0,0,0,0,0,0,0,0,0,0,0,0,0,0,0,0,-12,22,-16,24,-19,24,-18,31,-21,28,-24,32,-24,34,-27,39,-30,43,-32,40,-35,45,-36,48,-40,52,-46,51,-51,53,-51,49,-57,58,-55,50,-62,54,-60,53,-63,51,-67,53,-58,52,-65,59,-70,53,-64,59,-68,52,-70,53,-66,47,-69,62,-54,50,-70,57,-63,53,-52,55,-60,55,-48,55,-48,53,-51,63,-44,58,-44,58,-48,57,-37,58,-42,63,-32,61,-35,60,-30,59,-28,62,-25,65,-22,63,-24,67,-22,64,-16,63,-23,67,-14,58,-22,70,-20,63,-20,62,0,0]"
CSI_DATA,328,1a:00:00:00:00:00,-53,11,1,0,1,1,1,0,0,0,1,-96,0,11,2,4513204,0,44,0,384,0,"[0,0,0,0,0,0,0,0,0,0,0,0,-3,-8,-3,-8,-3,-7,-3,-7,-2,-6,-2,-6,-2,-5,-2,-4,-2,-4,-2,-3,-1,-3,-2,-2,-1,-2,-1,-1,-1,-1,-1,-1,-1,0,-1,0,-1,0,-1,0,-1,1,0,1,0,1,0,2,0,2,0,2,0,0,0,2,0,3,0,3,0,2,-1,3,-1,2,-1,2,-1,2,0,2,-1,2,-1,2,-1,2,-1,2,-1,2,-1,2,0,2,0,1,0,1,0,1,0,1,0,1,0,1,0,1,0,1,0,1,-1,1,0,0,0,0,0,0,0,0,0,0,0,0,0,0,-5,-28,-7,-27,-6,-24,-4,-22,-4,-23,-4,-19,-4,-18,-4,-15,-2,-14,-2,-13,-2,-11,-1,-10,-2,-10,-1,-8,-1,-6,-2,-6,-1,-5,-3,-3,-1,-1,-1,-2,-4,0,-2,0,-1,0,-1,4,-1,3,-1,3,-2,5,-1,6,0,5,-1,7,-2,5,-1,5,0,6,-3,7,0,7,-3,5,-3,7,-3,6,-4,6,-2,7,-3,6,-4,6,-2,6,-3,6,-2,6,-3,4,-3,6,-2,4,-2,4,-1,4,-2,4,-3,3,-1,3,-1,4,-3,3,-3,4,-2,4,0,0,0,0,0,0,0,0,0,0,0,0,0,0,0,0,0,0,0,0,0,0,11,-4,13,-3,13,-4,16,-4,17,-4,18,-3,19,-4,22,-2,25,-4,27,-3,28,-1,28,-2,33,-4,33,-1,33,2,35,2,37,0,38,3,34,5,37,5,38,8,41,9,38,9,40,9,42,9,41,6,40,9,40,10,39,7,41,6,36,6,38,7,37,7,37,6,39,7,38,3,37,4,38,3,34,1,38,0,34,1,37,-4,33,-1,35,-6,31,-5,32,-4,32,-6,32,-8,32,-10,32,-9,31,-10,31,-11,33,-10,30,-9,34,-12,31,-9,30,-11,0,0]"
CSI_DATA,329,1a:00:00:00:00:00,-53,11,1,0,1,1,1,0,0,0,1,-96,0,11,2,4522407,0,44,0,384,0,"[0,0,0,0,0,0,0,0,0,0,0,0,0,8,0,8,0,7,0,6,0,6,0,4,0,4,0,3,0,3,0,2,0,2,0,2,0,1,0,1,0,0,0,0,0,0,0,0,0,-1,0,-2,0,-2,0,-2,0,-2,0,-3,0,-3,0,-3,0,0,0,-3,0,-3,0,-4,0,-3,1,-4,1,-4,1,-3,1,-3,1,-3,1,-3,1,-3,1,-3,0,-3,0,-2,0,-3,0,-2,0,-3,0,-2,0,-2,0,-2,0,-2,0,-2,0,-2,0,-2,0,-2,0,-2,0,0,0,0,0,0,0,0,0,0,0,0,0,0,3,26,3,25,4,23,4,22,3,20,1,19,2,16,3,15,1,14,0,11,2,13,0,10,2,9,0,6,1,6,3,5,1,3,1,1,0,1,1,1,0,0,1,-2,0,-2,0,-4,0,-4,1,-3,0,-5,1,-7,1,-7,1,-7,4,-8,0,-7,2,-7,-1,-9,1,-8,1,-8,1,-8,1,-7,2,-8,2,-6,3,-6,2,-8,2,-7,0,-8,1,-6,2,-6,1,-6,0,-5,0,-5,1,-5,0,-5,1,-4,0,-6,1,-5,0,-6,1,-6,1,-4,0,0,0,0,0,0,0,0,0,0,0,0,0,0,0,0,0,0,0,0,0,0,-13,1,-13,0,-16,0,-17,2,-17,1,-19,0,-20,0,-22,-1,-25,1,-26,-1,-28,-3,-30,-2,-34,-1,-34,-4,-34,-8,-35,-5,-39,-6,-37,-9,-37,-8,-39,-9,-38,-11,-42,-11,-40,-13,-41,-12,-42,-12,-42,-11,-39,-13,-41,-11,-40,-11,-43,-11,-37,-8,-40,-11,-39,-10,-37,-10,-38,-11,-38,-6,-38,-5,-39,-4,-36,-5,-38,-3,-36,-4,-36,1,-36,2,-34,4,-35,0,-34,6,-33,4,-33,5,-33,6,-34,6,-33,7,-33,10,-35,9,-30,10,-34,8,-34,8,-30,8,0,0]"
CSI_DATA,330,1a:00:00:00:00:00,-52,11,1,0,1,1,1,0,0,0,1,-96,0,11,2,4532427,0,44,0,384,0,"[0,0,0,0,0,0,0,0,0,0,0,0,5,-6,5,-6,4,-5,4,-5,3,-4,3,-4,2,-4,2,-3,2,-3,1,-2,1,-2,1,-2,0,-2,0,-1,0,-1,-1,-1,-1,-1,-1,0,-1,0,-1,0,-1,0,-2,0,-2,0,-2,1,-2,1,-3,0,0,0,-3,1,-3,1,-3,1,-3,1,-3,1,-3,1,-3,1,-3,1,-3,1,-3,1,-3,1,-2,1,-2,1,-2,1,-2,0,-2,1,-2,1,-2,0,-2,1,-2,1,-2,1,-2,1,-2,1,-1,1,-2,1,-2,0,0,0,0,0,0,0,0,0,0,0,0,0,0,0,20,-19,18,-15,17,-18,16,-15,15,-15,15,-12,13,-12,11,-10,10,-10,9,-10,9,-9,6,-7,7,-7,5,-5,4,-5,3,-4,3,-3,0,-4,1,-3,0,-1,-1,-1,-3,0,-2,0,-3,-1,-4,-1,-5,0,-6,1,-6,1,-5,2,-5,3,-8,1,-9,3,-6,3,-7,3,-7,2,-7,2,-7,2,-6,3,-7,2,-7,-1,-6,2,-6,1,-7,0,-7,1,-5,0,-6,1,-6,2,-6,3,-4,1,-3,2,-5,1,-5,2,-4,1,-5,2,-5,2,-5,1,-5,1,0,0,0,0,0,0,0,0,0,0,0,0,0,0,0,0,0,0,0,0,0,0,7,8,7,11,8,11,9,13,9,14,10,15,11,16,10,18,14,20,12,22,13,25,14,24,16,28,15,30,12,31,14,31,16,34,12,35,11,35,13,37,10,37,12,39,10,38,12,41,12,41,14,41,9,38,10,39,10,38,13,41,13,34,10,40,12,36,13,35,13,38,15,33,15,33,17,32,15,31,17,33,16,30,20,29,18,30,22,27,19,26,22,26,21,25,22,24,23,23,24,23,25,23,26,22,26,24,23,21,26,23,21,22,23,23,0,0]"
CSI_DATA,331,1a:00:00:00:00:00,-52,11,1,0,1,1,1,0,0,0,1,-96,0,11,2,4542423,0,44,0,384,0,"[0,0,0,0,0,0,0,0,0,0,0,0,-8,3,-7,3,-7,3,-7,2,-6,2,-5,1,-5,1,-4,1,-4,1,-3,0,-3,1,-3,1,-2,0,-2,0,-1,0,-1,0,0,0,0,0,0,0,0,-1,1,0,1,0,1,0,1,0,2,0,2,0,0,0,2,0,3,0,3,0,2,0,2,0,2,0,2,0,2,0,2,0,2,0,2,0,2,0,2,0,2,0,1,0,2,0,2,0,1,0,1,0,1,0,1,0,1,0,1,0,1,0,1,0,1,0,0,0,0,0,0,0,0,0,0,0,0,0,0,0,-25,12,-23,11,-22,13,-20,9,-20,8,-20,9,-17,7,-16,7,-13,5,-14,5,-9,4,-8,4,-9,2,-7,2,-5,1,-4,2,-4,0,-4,2,-3,3,-2,1,-1,1,2,0,2,0,2,-1,3,1,3,0,5,-1,4,0,4,-1,7,0,5,0,6,-1,6,-1,6,-1,6,0,6,0,7,1,6,0,6,2,6,0,6,2,7,1,5,1,4,1,5,1,4,0,4,1,4,1,4,0,4,1,5,0,3,-1,4,0,5,1,5,0,4,0,4,1,0,0,0,0,0,0,0,0,0,0,0,0,0,0,0,0,0,0,0,0,0,0,-11,-9,-10,-9,-10,-10,-13,-12,-13,-12,-13,-15,-14,-16,-15,-18,-17,-19,-16,-21,-19,-24,-18,-25,-20,-28,-18,-29,-15,-31,-18,-31,-19,-35,-15,-34,-15,-35,-16,-37,-12,-38,-13,-40,-13,-38,-13,-42,-12,-42,-14,-41,-11,-42,-11,-41,-10,-41,-12,-42,-10,-36,-12,-39,-11,-39,-13,-37,-10,-39,-12,-35,-12,-35,-15,-35,-14,-32,-15,-34,-14,-33,-17,-32,-17,-33,-18,-29,-17,-28,-19,-32,-18,-28,-19,-29,-20,-28,-20,-28,-21,-28,-23,-26,-22,-28,-20,-28,-22,-29,-20,-29,-19,-27,0,0]"
CSI_DATA,332,1a:00:00:00:00:00,-52,11,1,0,1,1,1,0,0,0,1,-96,0,11,2,4552419,0,44,0,384,0,"[0,0,0,0,0,0,0,0,0,0,0,0,7,-4,6,-4,6,-4,6,-3,5,-3,4,-3,3,-3,3,-2,3,-2,2,-2,2,-2,1,-1,1,-1,1,-1,0,-1,0,-1,-1,-1,-1,-1,-1,-1,-1,-1,-2,-1,-2,0,-2,0,-2,0,-3,-1,-3,0,0,0,-3,0,-3,0,-3,-1,-3,0,-3,-1,-3,-1,-3,-1,-3,-1,-3,-1,-3,-1,-3,-1,-3,-1,-3,-1,-3,-1,-2,-1,-3,0,-2,0,-2,0,-2,0,-2,0,-2,0,-2,-1,-2,0,-2,0,-2,-1,-2,-1,0,0,0,0,0,0,0,0,0,0,0,0,0,0,27,-8,25,-7,23,-7,21,-4,22,-5,18,-4,17,-6,16,-3,14,-4,13,-4,10,-2,10,-2,8,-2,8,-2,6,-3,4,-3,4,-3,2,-1,2,-2,1,-2,0,-1,-1,0,-2,-2,-2,-2,-3,-2,-5,-1,-6,-2,-6,-2,-5,-1,-7,-1,-7,-3,-7,-2,-8,-2,-7,-2,-8,-1,-8,-4,-7,-3,-8,-3,-7,-4,-8,-3,-7,-3,-7,-2,-6,-2,-5,-3,-6,-2,-6,-3,-6,-3,-5,-2,-5,-2,-5,-1,-7,-2,-6,-2,-6,-3,-4,-2,-4,-2,-4,-1,-6,-2,0,0,0,0,0,0,0,0,0,0,0,0,0,0,0,0,0,0,0,0,0,0,7,10,6,11,6,13,7,14,7,15,6,17,6,18,7,20,8,22,8,24,8,27,7,27,10,31,8,31,4,31,4,35,4,36,2,37,3,37,-1,39,-2,39,-2,42,-1,39,0,44,-3,43,3,43,-4,41,-3,41,-3,40,-3,41,-1,37,-2,41,-2,39,0,37,-3,39,0,38,2,36,3,38,4,35,4,37,4,35,6,36,5,33,9,32,7,31,7,33,8,32,9,30,11,30,12,32,12,31,14,29,13,33,11,31,12,32,12,30,11,30,0,0]"
CSI_DATA,333,1a:00:00:00:00:00,-52,11,1,0,1,1,1,0,0,0,1,-96,0,11,2,4563229,0,44,0,384,0,"[0,0,0,0,0,0,0,0,0,0,0,0,-9,-2,-8,-2,-8,-1,-7,-2,-6,-2,-5,-2,-5,-2,-4,-2,-4,-1,-3,-1,-3,-1,-3,-1,-2,-1,-2,-1,-1,0,-1,0,0,0,0,0,0,0,0,0,0,0,1,1,1,1,1,1,1,1,1,1,0,0,1,1,2,2,2,2,1,1,1,2,1,2,1,2,1,1,1,1,1,2,1,2,1,2,0,1,1,1,1,1,1,1,1,1,1,1,1,1,1,1,0,1,1,1,1,1,1,1,0,1,0,1,0,0,0,0,0,0,0,0,0,0,0,0,0,0,-30,-6,-26,-5,-26,-5,-22,-5,-21,-4,-19,-6,-19,-3,-17,-5,-14,-3,-13,-4,-10,-2,-10,-3,-10,-2,-8,-1,-7,-1,-7,-2,-7,-1,-5,0,-4,-1,0,0,-1,1,1,-1,1,2,2,1,3,2,3,2,3,1,4,2,5,3,6,4,4,3,6,2,5,3,4,3,4,2,5,4,4,4,5,3,5,5,4,4,4,5,3,4,4,4,5,4,4,3,4,3,4,2,4,3,5,1,3,1,4,2,3,1,6,2,3,3,3,1,3,2,4,2,0,0,0,0,0,0,0,0,0,0,0,0,0,0,0,0,0,0,0,0,0,0,2,-13,2,-14,2,-14,4,-16,4,-17,7,-19,5,-20,7,-21,7,-25,9,-24,11,-27,11,-28,12,-32,14,-31,16,-29,15,-31,17,-35,20,-31,20,-32,20,-31,24,-34,25,-36,23,-30,25,-37,25,-35,24,-37,25,-33,26,-33,24,-34,25,-36,21,-29,24,-35,23,-32,19,-32,23,-34,17,-35,17,-32,17,-36,16,-32,14,-35,15,-33,11,-35,11,-35,8,-34,9,-33,8,-33,6,-33,6,-32,4,-35,3,-33,3,-34,4,-34,3,-37,4,-32,2,-37,4,-35,4,-32,0,0]"
CSI_DATA,334,1a:00:00:00:00:00,-52,11,1,0,1,1,1,0,0,0,1,-96,0,11,2,4572375,0,44,0,384,0,"[0,0,0,0,0,0,0,0,0,0,0,0,6,-6,5,-6,5,-5,4,-5,4,-4,4,-4,3,-4,3,-3,2,-3,2,-2,1,-2,1,-2,1,-2,0,-1,0,-1,0,-1,-1,-1,-1,-1,-1,-1,-1,-1,-2,0,-2,0,-2,0,-3,0,-3,0,-3,0,0,0,-3,0,-3,0,-3,0,-3,0,-3,0,-3,0,-3,-1,-3,-1,-3,-1,-3,-1,-3,-1,-3,-1,-3,-1,-3,-1,-2,-1,-2,-1,-2,-1,-2,-1,-2,-1,-2,-1,-2,-1,-2,-1,-2,-1,-2,-1,-2,-1,-2,-1,0,0,0,0,0,0,0,0,0,0,0,0,0,0,43,-36,40,-34,34,-33,34,-30,32,-26,30,-27,27,-23,26,-23,21,-16,21,-19,15,-13,15,-12,11,-14,11,-6,11,-9,8,-9,5,-7,6,-7,2,-5,-2,-4,-3,-4,-3,-2,-5,-2,-4,0,-8,-1,-8,1,-11,-1,-9,0,-10,2,-16,1,-14,0,-15,0,-15,-2,-16,-2,-15,-1,-16,-2,-15,-2,-13,-2,-12,-4,-13,-7,-12,-4,-14,-8,-12,-4,-13,-1,-12,-4,-10,-4,-11,-1,-11,-1,-11,-2,-9,1,-11,-3,-10,-1,-11,-3,-9,-2,-10,-5,-9,-2,-11,-5,0,0,0,0,0,0,0,0,0,0,0,0,0,0,0,0,0,0,0,0,0,0,22,2,28,6,28,4,33,8,34,8,39,9,38,11,42,13,48,15,46,16,51,21,52,25,60,25,60,29,59,37,56,36,67,44,58,43,57,49,57,51,59,54,62,59,56,55,60,61,59,65,61,60,55,61,54,63,50,62,56,66,46,52,52,63,51,60,51,59,51,61,50,55,47,53,54,54,52,52,53,53,57,52,53,47,52,51,54,40,51,43,52,40,54,43,56,39,54,36,56,39,57,40,58,37,61,44,50,35,55,43,56,42,49,39,0,0]"
CSI_DATA,335,1a:00:00:00:00:00,-52,11,1,0,1,1,1,0,0,0,1,-96,0,11,2,4582402,0,44,0,384,0,"[0,0,0,0,0,0,0,0,0,0,0,0,-9,-3,-8,-3,-8,-2,-7,-3,-6,-2,-5,-2,-5,-2,-4,-2,-4,-2,-3,-1,-3,-1,-2,-1,-2,-1,-2,-1,-2,-1,-1,-1,-1,0,-1,0,0,0,0,0,0,0,1,1,1,1,1,1,1,1,1,1,0,0,2,1,1,1,1,1,2,2,1,2,1,2,1,1,1,2,1,2,1,1,1,1,1,1,1,1,1,1,1,1,1,1,1,1,1,1,1,1,1,1,1,1,1,1,1,1,0,1,0,1,1,1,0,0,0,0,0,0,0,0,0,0,0,0,0,0,-49,-28,-42,-20,-47,-21,-41,-24,-38,-20,-35,-17,-31,-18,-29,-15,-27,-16,-25,-13,-20,-10,-18,-13,-17,-9,-13,-9,-11,-6,-11,-6,-9,-2,-8,-3,-6,-2,-3,0,-1,-1,-2,1,1,3,0,3,-1,4,0,3,3,8,7,9,1,8,5,10,7,10,6,10,3,10,6,10,8,9,3,12,4,13,6,14,5,15,5,13,3,14,4,13,4,10,3,11,6,8,2,9,3,7,1,7,3,7,3,5,5,8,4,10,4,7,1,6,4,5,3,11,4,8,0,0,0,0,0,0,0,0,0,0,0,0,0,0,0,0,0,0,0,0,0,0,1,-27,3,-31,0,-28,-1,-35,5,-34,6,-39,7,-40,9,-43,9,-50,13,-51,15,-54,14,-58,15,-65,21,-64,28,-64,30,-64,33,-73,35,-67,33,-66,43,-65,45,-66,49,-71,47,-64,48,-70,51,-72,45,-73,54,-66,50,-68,48,-61,52,-69,42,-59,50,-66,47,-64,42,-63,47,-64,41,-67,40,-61,40,-65,39,-62,37,-67,37,-64,27,-66,31,-64,24,-66,25,-61,22,-60,20,-66,24,-63,21,-64,22,-66,20,-65,15,-67,23,-71,17,-60,23,-68,25,-64,19,-62,0,0]"
CSI_DATA,336,1a:00:00:00:00:00,-52,11,1,0,1,1,1,0,0,0,1,-96,0,11,2,4604034,0,44,0,384,0,"[0,0,0,0,0,0,0,0,0,0,0,0,2,-8,2,-8,2,-7,2,-7,2,-6,2,-5,2,-5,1,-4,1,-4,1,-3,1,-3,0,-2,0,-2,0,-2,0,-1,0,-1,-1,-1,-1,-1,-1,-1,-1,0,-2,0,-2,0,-2,0,-2,1,-2,1,-2,1,0,0,-2,1,-2,1,-3,1,-2,1,-3,0,-3,1,-3,0,-3,0,-3,0,-2,0,-2,1,-2,0,-2,0,-2,0,-2,0,-2,0,-2,0,-2,0,-2,0,-2,0,-2,0,-2,0,-2,0,-2,0,-2,0,-2,0,0,0,0,0,0,0,0,0,0,0,0,0,0,0,23,-50,25,-46,21,-48,22,-41,19,-39,17,-37,14,-33,17,-31,13,-28,13,-23,8,-21,10,-20,9,-19,8,-15,6,-13,5,-12,4,-8,3,-6,0,-6,0,-5,-3,-2,-4,-2,-4,1,-4,1,-5,2,-6,1,-9,5,-8,6,-10,4,-10,7,-12,7,-11,6,-11,6,-12,8,-13,6,-12,4,-14,5,-12,5,-16,4,-11,7,-11,3,-13,3,-9,3,-13,2,-12,2,-12,2,-10,0,-9,4,-10,5,-7,1,-11,3,-8,4,-6,4,-8,3,-11,3,-7,2,-9,2,0,0,0,0,0,0,0,0,0,0,0,0,0,0,0,0,0,0,0,0,0,0,28,-1,28,1,30,-1,35,-1,33,1,40,4,38,4,43,6,50,6,50,9,57,13,57,13,64,12,64,17,64,23,67,22,75,23,66,30,67,33,67,36,71,41,72,42,69,42,74,42,74,47,76,42,68,48,68,47,64,49,73,48,59,41,67,48,64,45,62,38,66,45,66,40,64,36,69,34,63,33,70,36,64,36,67,27,63,33,63,21,61,22,61,26,65,19,63,18,62,19,66,18,63,16,67,13,69,22,61,16,67,20,66,18,58,18,0,0]"
CSI_DATA,337,1a:00:00:00:00:00,-52,11,1,0,1,1,1,0,0,0,1,-96,0,11,2,4612559,0,44,0,384,0,"[0,0,0,0,0,0,0,0,0,0,0,0,1,-9,2,-8,1,-8,1,-7,1,-6,1,-6,1,-5,0,-5,0,-4,0,-4,0,-3,0,-3,0,-2,0,-2,-1,-1,-1,-1,-1,-1,-1,-1,-1,0,-1,0,-1,0,-1,1,-2,0,-2,1,-2,1,-2,1,0,0,-2,1,-2,2,-2,2,-2,2,-3,1,-3,2,-2,2,-3,1,-2,1,-2,1,-3,1,-2,1,-2,1,-2,1,-2,1,-2,1,-2,1,-2,1,-1,1,-1,1,-2,1,-2,1,-1,1,-2,1,-2,1,-1,0,0,0,0,0,0,0,0,0,0,0,0,0,0,0,19,-54,19,-49,17,-47,16,-42,14,-40,15,-40,13,-31,11,-33,9,-26,9,-25,8,-22,8,-20,8,-19,6,-14,5,-13,0,-11,5,-9,3,-11,0,-6,0,-4,-5,-2,-5,0,-2,1,-3,-1,-6,3,-4,8,-7,5,-8,8,-7,9,-6,6,-8,6,-11,10,-7,6,-10,10,-10,7,-13,9,-10,8,-10,8,-11,9,-8,8,-11,6,-8,9,-9,5,-8,5,-8,5,-7,8,-6,5,-7,6,-8,6,-6,6,-5,3,-3,4,-4,6,-5,8,-7,5,-6,6,-9,1,0,0,0,0,0,0,0,0,0,0,0,0,0,0,0,0,0,0,0,0,0,0,23,10,26,10,26,11,31,14,30,13,35,20,35,16,37,24,44,23,46,24,47,33,46,30,60,32,57,36,52,44,54,43,63,49,55,48,53,52,56,57,57,62,60,62,55,57,62,62,59,60,62,59,55,61,58,60,52,60,58,62,54,51,58,56,54,59,54,52,56,58,57,48,56,48,61,44,58,44,64,43,59,43,62,34,62,34,63,29,63,31,58,26,64,30,63,28,63,19,65,22,67,20,67,16,70,23,59,18,68,23,64,19,61,19,0,0]"
CSI_DATA,338,1a:00:00:00:00:00,-52,11,1,0,1,1,1,0,0,0,1,-96,0,11,2,4622488,0,44,0,384,0,"[0,0,0,0,0,0,0,0,0,0,0,0,7,3,6,3,6,2,6,2,5,2,4,2,4,1,3,1,3,1,2,1,2,1,2,0,2,0,1,0,0,0,0,0,0,-1,0,-1,0,-1,-1,-1,-1,-1,-1,-2,-1,-2,-1,-2,-2,-2,-2,-2,0,0,-2,-2,-2,-2,-2,-3,-2,-3,-2,-3,-2,-3,-2,-3,-1,-3,-2,-3,-1,-2,-2,-3,-1,-3,-1,-2,-1,-2,-1,-2,-1,-2,-1,-2,-2,-2,-1,-2,-1,-2,-1,-2,-1,-2,-1,-2,-1,-2,-2,-2,-1,-2,0,0,0,0,0,0,0,0,0,0,0,0,0,0,53,22,46,21,47,19,43,17,41,14,36,19,34,14,30,14,28,12,24,10,21,9,17,8,16,6,13,4,14,3,9,4,10,4,4,0,5,0,4,0,3,-3,0,-2,-1,-3,-4,-5,-3,-4,-4,-8,-5,-10,-7,-5,-7,-9,-7,-7,-10,-9,-10,-12,-7,-12,-10,-11,-12,-8,-9,-10,-8,-14,-9,-10,-6,-12,-12,-8,-9,-10,-7,-8,-5,-11,-5,-9,-6,-8,-6,-9,-8,-9,-8,-5,-6,-7,-5,-6,-6,-3,-6,-5,-6,-6,-7,-4,-5,-7,-7,-5,-8,-8,0,0,0,0,0,0,0,0,0,0,0,0,0,0,0,0,0,0,0,0,0,0,-12,24,-8,24,-13,25,-12,32,-15,30,-18,33,-17,36,-22,38,-24,45,-26,47,-33,47,-29,49,-34,57,-39,53,-45,54,-45,55,-47,61,-49,54,-52,55,-53,56,-56,60,-63,63,-58,56,-64,56,-67,60,-62,61,-66,54,-62,57,-61,51,-62,61,-54,52,-59,58,-56,59,-52,58,-59,55,-50,60,-47,56,-48,59,-45,55,-42,61,-42,59,-36,65,-38,62,-30,63,-36,58,-23,65,-27,65,-25,64,-20,64,-23,66,-21,64,-22,66,-24,68,-20,59,-24,66,-19,66,-20,62,0,0]"
CSI_DATA,339,1a:00:00:00:00:00,-52,11,1,0,1,1,1,0,0,0,1,-96,0,11,2,4633209,0,44,0,384,0,"[0,0,0,0,0,0,0,0,0,0,0,0,-6,6,-6,5,-5,5,-5,4,-5,4,-4,3,-4,3,-3,3,-3,2,-2,2,-2,2,-2,1,-1,1,-1,1,-1,0,-1,0,-1,0,0,0,0,0,0,-1,0,-1,1,-1,1,-1,1,-1,1,-2,1,-1,0,0,2,-2,2,-1,2,-1,2,-1,2,-1,2,-1,2,-1,2,-1,2,-1,2,-1,2,-1,2,-1,2,-1,1,-1,1,-1,1,-1,1,-1,1,-1,1,-1,1,-1,1,-1,1,-1,1,-1,1,-1,1,-1,1,-1,0,0,0,0,0,0,0,0,0,0,0,0,0,0,-45,25,-46,25,-40,28,-40,26,-38,26,-35,18,-32,18,-27,17,-28,15,-23,10,-22,15,-19,11,-16,9,-14,11,-15,8,-10,8,-9,5,-5,5,-3,5,-3,4,-1,3,0,2,4,2,4,0,3,1,4,0,9,-3,7,-5,10,-3,13,-5,10,-5,10,-3,11,-4,11,-4,12,-4,15,-6,13,-2,13,-4,12,-4,9,-2,14,-1,13,-2,12,0,7,1,8,-4,10,-3,11,-4,6,-2,8,-1,8,-5,6,-3,6,-2,8,-5,8,-3,6,-3,7,-4,6,-4,0,0,0,0,0,0,0,0,0,0,0,0,0,0,0,0,0,0,0,0,0,0,-11,-24,-10,-27,-11,-28,-12,-33,-12,-33,-11,-38,-16,-40,-11,-42,-14,-48,-15,-50,-16,-55,-18,-57,-23,-68,-18,-65,-8,-68,-13,-73,-14,-75,-8,-76,-7,-77,-6,-80,-1,-80,-4,-87,-5,-84,-9,-89,-5,-88,-11,-87,-3,-84,-2,-83,-3,-82,-8,-88,-8,-77,-6,-85,-7,-81,-9,-77,-7,-83,-12,-73,-16,-72,-22,-77,-22,-71,-21,-73,-21,-68,-29,-69,-27,-70,-34,-62,-30,-62,-31,-64,-33,-64,-36,-61,-37,-57,-40,-59,-40,-56,-44,-52,-40,-60,-40,-54,-47,-56,-41,-55,-41,-51,0,0]"
CSI_DATA,340,1a:00:00:00:00:00,-52,11,1,0,1,1,1,0,0,0,1,-96,0,11,2,4642519,0,44,0,384,0,"[0,0,0,0,0,0,0,0,0,0,0,0,-3,8,-3,7,-3,6,-3,6,-3,5,-2,5,-2,4,-2,4,-2,3,-1,2,-1,2,-1,2,-1,1,-1,1,0,1,0,0,0,0,0,0,0,-1,0,-1,0,-1,0,-2,1,-1,1,-2,1,-2,1,-2,0,0,1,-2,1,-3,1,-3,1,-2,1,-3,2,-3,1,-3,1,-2,1,-2,1,-2,1,-2,1,-2,0,-2,1,-2,1,-2,1,-2,0,-2,0,-2,0,-2,0,-2,0,-2,0,-2,0,-2,0,-2,0,-2,0,-2,0,0,0,0,0,0,0,0,0,0,0,0,0,0,-30,44,-31,45,-27,42,-25,37,-24,43,-21,34,-20,34,-20,30,-16,27,-14,23,-11,21,-13,18,-10,17,-7,13,-7,13,-6,12,-7,7,-4,6,-4,6,-2,6,2,4,1,-1,2,-2,4,-3,3,-1,3,-3,7,-8,5,-6,6,-8,8,-6,8,-8,9,-7,9,-7,12,-11,9,-11,12,-11,10,-7,11,-8,10,-10,10,-9,11,-5,9,-8,9,-7,5,-9,6,-7,9,-5,8,-5,8,-6,5,-8,2,-6,4,-6,5,-5,3,-9,7,-5,8,-6,5,-4,6,-5,0,0,0,0,0,0,0,0,0,0,0,0,0,0,0,0,0,0,0,0,0,0,-22,-14,-21,-16,-21,-20,-28,-22,-28,-22,-30,-29,-32,-30,-31,-32,-38,-34,-38,-37,-41,-44,-41,-42,-51,-48,-46,-54,-38,-53,-41,-60,-52,-62,-39,-64,-41,-63,-41,-69,-37,-70,-45,-75,-43,-70,-45,-76,-46,-79,-48,-69,-41,-75,-42,-77,-40,-69,-48,-75,-39,-65,-44,-73,-43,-68,-48,-63,-45,-69,-47,-61,-45,-58,-51,-58,-48,-53,-52,-54,-52,-54,-58,-48,-54,-49,-56,-42,-53,-39,-57,-43,-59,-39,-59,-34,-59,-32,-58,-36,-62,-32,-66,-28,-62,-36,-60,-28,-64,-36,-66,-30,-61,-30,0,0]"
CSI_DATA,341,1a:00:00:00:00:00,-52,11,1,0,1,1,1,0,0,0,1,-96,0,11,2,4652413,0,44,0,384,0,"[0,0,0,0,0,0,0,0,0,0,0,0,-9,2,-8,2,-7,2,-7,1,-6,1,-6,1,-5,1,-4,1,-4,0,-3,0,-3,0,-3,0,-2,0,-2,0,-1,0,-1,0,-1,0,0,0,0,0,0,0,0,0,1,-1,1,0,1,0,1,0,2,0,0,0,2,0,2,0,2,0,2,0,2,0,2,0,2,0,2,0,2,0,2,0,2,1,1,0,1,0,1,0,1,0,1,0,1,0,1,0,1,0,1,0,1,0,1,0,1,0,1,0,1,0,1,0,0,0,0,0,0,0,0,0,0,0,0,0,0,0,-24,14,-24,13,-21,15,-21,12,-19,13,-18,9,-17,10,-17,9,-13,8,-12,6,-12,5,-8,6,-8,5,-8,5,-6,4,-4,4,-4,4,-3,3,-3,3,1,1,-1,1,-1,1,1,1,1,0,1,0,3,0,4,-1,3,-1,3,0,5,-2,5,0,7,-1,6,-1,5,0,5,0,6,-1,6,1,6,0,6,0,7,0,5,1,7,0,5,0,5,1,4,0,4,0,3,1,3,0,4,-1,4,0,3,-2,3,-2,4,-1,4,-2,4,-1,4,0,3,0,0,0,0,0,0,0,0,0,0,0,0,0,0,0,0,0,0,0,0,0,0,0,-10,-9,-10,-11,-12,-12,-13,-12,-11,-13,-11,-16,-13,-16,-14,-20,-16,-19,-15,-22,-16,-24,-17,-24,-21,-29,-17,-30,-14,-31,-17,-32,-19,-36,-14,-36,-14,-37,-14,-38,-11,-40,-13,-41,-13,-40,-15,-42,-13,-42,-17,-43,-11,-40,-11,-41,-12,-40,-13,-41,-11,-37,-13,-39,-12,-40,-13,-36,-12,-40,-14,-36,-14,-35,-18,-36,-17,-33,-17,-35,-17,-33,-20,-33,-19,-33,-22,-30,-19,-29,-22,-28,-20,-26,-21,-27,-23,-28,-24,-28,-24,-27,-25,-24,-24,-27,-24,-23,-25,-27,-25,-26,-22,-26,0,0]"
CSI_DATA,342,1a:00:00:00:00:00,-52,11,1,0,1,1,1,0,0,0,1,-96,0,11,2,4672431,0,44,0,384,0,"[0,0,0,0,0,0,0,0,0,0,0,0,-7,-6,-7,-6,-7,-5,-6,-5,-5,-5,-4,-4,-4,-4,-4,-3,-3,-3,-3,-3,-3,-3,-2,-2,-2,-2,-2,-2,-2,-1,-1,-1,-1,-1,-1,0,-1,0,-1,0,-1,0,-1,1,0,1,0,1,0,1,0,2,0,0,0,2,0,2,0,2,0,2,0,2,-1,2,-1,2,-1,2,-1,2,-1,2,-1,2,-1,1,-1,1,-1,1,-1,1,-1,1,0,1,-1,1,0,1,0,1,-1,1,0,1,0,1,0,1,-1,1,-1,1,0,0,0,0,0,0,0,0,0,0,0,0,0,0,-49,-31,-45,-30,-45,-27,-35,-27,-39,-24,-34,-25,-32,-22,-29,-19,-25,-17,-26,-19,-24,-16,-15,-16,-18,-11,-12,-10,-12,-13,-13,-6,-12,-6,-9,-3,-4,-2,-3,-1,-7,-1,-2,1,-3,3,0,2,1,3,1,6,1,6,3,9,2,8,7,9,4,11,3,8,4,14,1,14,5,14,0,13,2,10,3,15,1,11,2,12,5,11,-2,11,-1,13,-1,11,0,11,3,8,1,12,1,9,1,8,4,9,3,7,-1,6,4,7,1,8,3,6,1,6,4,7,0,0,0,0,0,0,0,0,0,0,0,0,0,0,0,0,0,0,0,0,0,0,-1,-25,0,-28,1,-31,3,-34,3,-36,6,-39,7,-38,8,-44,10,-50,14,-52,17,-55,18,-56,18,-66,26,-61,34,-60,32,-67,37,-72,38,-65,40,-66,45,-69,45,-66,52,-72,52,-68,55,-72,56,-72,52,-71,56,-63,56,-62,56,-64,58,-67,50,-60,54,-65,51,-62,49,-62,53,-64,43,-63,43,-59,45,-64,41,-60,41,-65,41,-61,36,-70,37,-64,31,-65,32,-64,28,-66,30,-65,25,-66,22,-65,25,-67,27,-63,24,-69,29,-66,22,-63,32,-69,25,-62,26,-62,0,0]"
CSI_DATA,343,1a:00:00:00:00:00,-52,11,1,0,1,1,1,0,0,0,1,-96,0,11,2,4682838,0,44,0,384,0,"[0,0,0,0,0,0,0,0,0,0,0,0,-4,-9,-3,-8,-3,-7,-3,-7,-3,-6,-2,-6,-2,-5,-2,-4,-2,-4,-2,-3,-2,-3,-2,-3,-2,-2,-2,-2,-1,-1,-1,-1,-1,-1,-1,-1,-1,0,-1,0,-1,0,-1,1,-1,1,-1,1,-1,1,-1,2,0,0,-1,2,-1,2,-1,2,-1,2,-1,2,-1,2,-1,2,-1,2,-1,2,-1,2,-1,2,-1,2,-1,1,-1,1,-1,1,-1,1,-1,1,-1,1,-1,1,-1,1,-1,1,-1,1,-1,1,-1,1,-1,1,-1,1,0,0,0,0,0,0,0,0,0,0,0,0,0,0,-6,-27,-6,-26,-6,-26,-3,-23,-3,-23,-5,-21,-2,-19,-4,-18,-2,-15,0,-15,-2,-13,-2,-11,-3,-11,-3,-8,-1,-8,-2,-8,-1,-5,-1,-4,-1,-4,-2,-2,-2,-2,-3,0,-3,1,-2,2,-3,1,-2,1,-4,2,-2,3,-3,4,-3,5,-3,4,-4,6,-3,5,-4,4,-3,6,-4,4,-4,6,-6,4,-7,4,-5,4,-4,4,-6,4,-5,3,-5,4,-5,4,-4,2,-3,2,-4,2,-3,3,-2,3,-4,3,-4,3,-2,3,-3,2,-3,1,-2,2,-3,3,0,0,0,0,0,0,0,0,0,0,0,0,0,0,0,0,0,0,0,0,0,0,7,-10,9,-11,10,-10,12,-13,11,-12,14,-13,15,-13,17,-13,21,-15,20,-16,22,-16,23,-17,27,-19,29,-17,31,-15,32,-13,36,-15,35,-12,33,-11,36,-10,39,-9,41,-9,38,-7,41,-9,41,-7,42,-11,41,-5,42,-7,40,-5,41,-6,36,-6,40,-5,37,-5,37,-7,38,-5,37,-7,35,-7,35,-9,35,-9,37,-9,36,-8,34,-10,32,-11,32,-13,32,-12,30,-10,32,-12,31,-12,30,-14,32,-14,29,-14,32,-16,34,-14,28,-13,34,-14,34,-12,31,-11,0,0]"
CSI_DATA,344,1a:00:00:00:00:00,-53,11,1,0,1,1,1,0,0,0,1,-96,0,11,2,4702404,0,44,0,384,0,"[0,0,0,0,0,0,0,0,0,0,0,0,6,6,5,5,5,4,5,5,4,4,3,4,3,3,2,2,2,2,2,2,2,2,2,1,1,1,1,1,1,0,0,0,0,0,0,-1,0,-1,0,-1,0,-2,0,-2,0,-2,0,-2,0,-2,-1,-3,0,0,-1,-3,-1,-3,0,-3,-1,-3,0,-3,0,-3,0,-3,0,-3,0,-3,0,-3,0,-3,0,-2,0,-2,0,-2,0,-2,0,-2,0,-2,0,-2,0,-2,0,-2,0,-2,0,-2,0,-2,0,-2,0,-2,0,-2,0,0,0,0,0,0,0,0,0,0,0,0,0,0,39,42,34,41,38,38,30,34,31,31,28,34,21,31,22,30,18,24,19,25,17,17,11,17,13,16,11,12,8,11,9,7,7,10,8,2,5,4,4,0,7,0,3,-1,2,-5,-1,-2,-1,-5,1,-8,1,-8,-1,-8,1,-11,-3,-12,1,-11,-3,-11,-1,-16,0,-16,-3,-12,4,-14,0,-16,2,-13,-3,-15,0,-15,-1,-13,3,-12,4,-12,3,-16,0,-9,2,-11,0,-8,-1,-8,-1,-8,-2,-7,3,-8,-3,-9,-2,-6,0,-7,-1,-8,0,-4,2,-9,0,0,0,0,0,0,0,0,0,0,0,0,0,0,0,0,0,0,0,0,0,0,-13,22,-14,25,-14,22,-21,30,-22,28,-21,34,-22,33,-27,36,-29,43,-33,40,-39,44,-39,47,-42,54,-50,50,-55,51,-53,42,-63,55,-61,45,-66,50,-67,43,-70,42,-79,45,-67,39,-78,46,-79,46,-74,44,-81,38,-80,44,-75,37,-77,44,-63,34,-78,43,-71,40,-66,40,-73,38,-62,44,-62,40,-68,44,-58,39,-63,47,-60,47,-57,48,-60,52,-52,51,-51,49,-44,45,-45,50,-46,52,-44,51,-45,53,-47,52,-47,53,-50,55,-42,48,-51,53,-48,56,-44,47,0,0]"
CSI_DATA,345,1a:00:00:00:00:00,-52,11,1,0,1,1,1,0,0,0,1,-96,0,11,2,4712394,0,44,0,384,0,"[0,0,0,0,0,0,0,0,0,0,0,0,-7,-6,-7,-5,-6,-5,-6,-5,-5,-5,-4,-4,-4,-4,-3,-3,-3,-3,-3,-3,-3,-3,-3,-2,-2,-2,-2,-1,-2,-1,-2,-1,-1,0,-1,0,-1,0,-1,0,-1,0,-1,0,0,1,0,1,0,1,0,1,0,0,0,2,0,2,0,2,0,2,0,2,0,2,-1,2,-1,2,-1,2,0,2,-1,2,-1,2,-1,1,-1,1,-1,1,-1,1,-1,1,0,1,0,1,0,1,0,1,0,1,-1,1,-1,1,-1,1,-1,1,0,0,0,0,0,0,0,0,0,0,0,0,0,0,-43,-41,-41,-36,-39,-30,-37,-30,-39,-27,-31,-26,-32,-26,-29,-23,-26,-22,-22,-21,-19,-15,-15,-13,-18,-12,-15,-9,-12,-9,-11,-6,-9,-3,-8,-5,-6,-3,-7,-2,-7,-3,-2,1,-2,1,1,4,1,4,3,9,3,7,1,6,1,7,8,8,2,10,5,10,3,12,4,12,7,10,4,11,5,13,0,12,1,12,3,11,1,11,0,10,2,11,0,8,4,6,3,9,3,9,3,8,3,4,1,6,3,6,4,6,3,8,2,4,1,4,4,7,1,7,0,0,0,0,0,0,0,0,0,0,0,0,0,0,0,0,0,0,0,0,0,0,17,-21,17,-22,18,-24,20,-28,20,-29,24,-30,26,-30,28,-31,33,-40,34,-38,39,-37,40,-42,47,-47,54,-44,55,-40,54,-45,64,-48,59,-42,63,-41,66,-39,69,-39,73,-44,71,-41,77,-43,77,-42,71,-43,76,-37,75,-37,70,-37,77,-44,62,-37,73,-41,68,-44,62,-40,70,-44,60,-43,58,-43,63,-50,56,-46,57,-50,58,-47,50,-53,52,-53,43,-54,45,-52,42,-53,38,-56,42,-54,35,-58,40,-62,36,-58,38,-59,41,-60,35,-54,42,-62,37,-57,35,-55,0,0]"
CSI_DATA,346,1a:00:00:00:00:00,-52,11,1,0,1,1,1,0,0,0,1,-96,0,11,2,4762370,0,44,0,384,0,"[0,0,0,0,0,0,0,0,0,0,0,0,1,8,2,8,2,7,1,7,1,6,0,5,0,4,0,4,0,3,0,3,0,3,0,2,0,1,0,1,0,1,0,1,0,0,0,0,0,-1,1,-1,1,-1,1,-1,1,-1,1,-2,1,-2,1,-2,0,0,1,-2,1,-2,2,-2,2,-2,2,-2,1,-2,2,-2,2,-2,2,-2,2,-1,2,-2,2,-1,1,-1,1,-1,1,-1,1,-1,1,-1,1,-1,1,-1,1,-1,1,-1,1,-1,1,-1,1,-1,1,-1,1,-1,0,0,0,0,0,0,0,0,0,0,0,0,0,0,16,57,17,48,20,49,14,44,13,46,11,41,11,35,9,38,7,30,5,31,6,26,5,22,4,20,2,17,3,17,4,13,3,13,2,7,5,7,3,3,6,2,2,0,1,-2,3,-1,7,-3,5,-6,5,-6,6,-8,7,-10,7,-8,8,-11,8,-9,8,-10,9,-11,8,-10,6,-11,8,-10,9,-9,11,-8,9,-8,10,-5,10,-8,9,-8,11,-8,8,-5,7,-6,9,-7,3,-4,7,-5,6,-3,4,-6,4,-6,4,-7,4,-5,6,-4,3,-6,8,-5,0,0,0,0,0,0,0,0,0,0,0,0,0,0,0,0,0,0,0,0,0,0,-12,22,-14,21,-15,23,-18,29,-19,27,-24,29,-23,30,-30,31,-30,36,-33,39,-42,38,-44,42,-48,46,-53,44,-58,39,-59,37,-65,45,-63,36,-67,35,-71,33,-75,29,-80,34,-76,29,-80,29,-85,28,-80,32,-82,23,-83,22,-80,22,-84,25,-70,21,-78,20,-76,20,-72,23,-81,22,-70,26,-71,24,-74,27,-70,23,-71,29,-70,25,-67,31,-67,27,-61,31,-63,27,-60,33,-61,31,-62,32,-61,33,-59,34,-60,35,-63,36,-68,36,-58,33,-68,31,-62,35,-58,28,0,0]"
CSI_DATA,347,1a:00:00:00:00:00,-52,11,1,0,1,1,1,0,0,0,1,-96,0,11,2,4772839,0,44,0,384,0,"[0,0,0,0,0,0,0,0,0,0,0,0,-10,-1,-9,-1,-8,-1,-8,-1,-7,-1,-6,-1,-6,-1,-4,-1,-5,-1,-4,-1,-4,-1,-3,-1,-3,0,-2,0,-2,0,-2,0,-1,0,-1,0,-1,0,0,1,-1,1,0,1,0,1,0,1,1,2,0,2,0,0,1,2,0,2,1,2,1,2,0,2,0,2,0,2,0,2,0,2,0,2,0,2,0,2,0,1,0,2,0,1,0,1,0,1,0,1,0,1,0,1,0,1,0,1,0,1,0,1,0,1,0,1,0,0,0,0,0,0,0,0,0,0,0,0,0,0,-28,-6,-27,-6,-28,-3,-23,-4,-24,-5,-22,-5,-18,-4,-19,-6,-16,-5,-15,-5,-14,-3,-13,-3,-11,-3,-11,-3,-8,-3,-7,-1,-7,-1,-5,-1,-4,2,-3,0,-2,1,0,2,-2,3,-2,1,-1,1,1,4,1,3,2,4,2,4,3,4,1,5,2,6,1,6,3,6,2,5,1,7,1,7,0,7,0,5,2,5,0,7,2,6,0,5,1,5,-1,4,-1,5,0,5,1,3,0,6,1,3,1,4,2,3,0,3,0,3,1,3,-1,3,-1,4,0,0,0,0,0,0,0,0,0,0,0,0,0,0,0,0,0,0,0,0,0,0,-8,-11,-7,-12,-7,-14,-8,-14,-7,-15,-8,-18,-7,-18,-8,-21,-8,-24,-8,-25,-7,-28,-9,-28,-8,-33,-7,-34,-2,-34,-3,-34,-3,-39,0,-37,0,-38,3,-40,4,-38,5,-42,5,-39,5,-43,7,-43,4,-43,9,-41,9,-43,9,-41,8,-44,7,-37,9,-41,8,-39,8,-38,10,-39,6,-38,6,-38,6,-39,4,-37,4,-39,6,-37,1,-38,4,-37,0,-36,2,-34,1,-36,1,-36,-2,-34,-2,-36,-1,-36,-3,-35,-3,-35,0,-37,-1,-33,-2,-38,-2,-35,0,-33,0,0]"
CSI_DATA,348,1a:00:00:00:00:00,-51,11,1,0,1,1,1,0,0,0,1,-96,0,11,2,4783509,0,44,0,384,0,"[0,0,0,0,0,0,0,0,0,0,0,0,-8,-3,-7,-4,-7,-3,-6,-3,-6,-3,-5,-3,-5,-2,-4,-2,-4,-2,-3,-2,-3,-2,-3,-1,-3,-1,-2,-1,-2,-1,-2,0,-1,0,-1,0,-1,0,-1,0,-1,1,-1,1,-1,1,0,1,0,1,0,1,0,0,0,2,0,2,0,2,0,2,0,2,-1,2,0,2,0,1,0,2,-1,2,0,2,-1,2,0,1,-1,1,0,1,0,1,0,1,-1,1,0,1,0,1,0,1,0,1,0,1,0,1,0,1,-1,1,0,0,0,0,0,0,0,0,0,0,0,0,0,0,-55,-25,-47,-22,-49,-16,-44,-21,-40,-20,-36,-21,-36,-16,-38,-20,-27,-13,-26,-17,-27,-13,-20,-12,-23,-12,-17,-9,-13,-10,-15,-5,-12,-5,-10,-3,-7,1,-7,-1,-6,4,-3,4,-6,6,-2,3,0,5,-2,6,-1,8,1,10,-1,10,0,11,1,12,-1,12,-1,11,2,14,2,15,-2,14,-2,14,-1,15,-4,15,-2,12,-5,11,-1,12,-3,11,-1,11,-3,8,-3,9,0,12,0,7,-3,7,-3,8,0,9,-2,10,0,8,-2,4,-4,6,-2,5,-4,6,0,0,0,0,0,0,0,0,0,0,0,0,0,0,0,0,0,0,0,0,0,0,-8,-18,-8,-30,-11,-20,-15,-35,-13,-38,-12,-33,-12,-35,-10,-48,-11,-50,-2,-49,-6,-54,-5,-54,-9,-56,5,-60,10,-68,14,-75,8,-61,28,-63,27,-73,7,-84,28,-92,22,-91,17,-66,30,-78,30,-68,34,-79,28,-73,24,-79,27,-71,35,-86,22,-63,40,-64,25,-55,19,-74,37,-80,27,-59,23,-71,31,-62,26,-69,23,-68,28,-69,19,-70,25,-72,13,-64,21,-69,17,-64,15,-69,13,-68,15,-67,13,-68,10,-68,11,-68,17,-71,14,-64,16,-74,15,-74,17,-63,0,0]"
CSI_DATA,349,1a:00:00:00:00:00,-51,11,1,0,1,1,1,0,0,0,1,-96,0,11,2,4792439,0,44,0,384,0,"[0,0,0,0,0,0,0,0,0,0,0,0,8,3,7,3,7,3,6,3,5,3,4,2,4,2,3,2,3,1,3,1,2,1,2,0,2,0,1,0,1,-1,1,-1,1,-1,0,-1,0,-1,0,-2,0,-2,0,-2,0,-2,-1,-2,-1,-2,-1,-3,0,0,-1,-3,-1,-3,-1,-3,-1,-3,0,-3,0,-3,0,-3,0,-3,0,-3,0,-3,0,-3,0,-3,0,-3,0,-2,0,-2,0,-2,0,-2,0,-2,0,-2,-1,-2,0,-2,0,-2,0,-2,0,-2,0,-2,0,-2,0,0,0,0,0,0,0,0,0,0,0,0,0,0,56,22,43,24,51,20,43,19,43,21,37,20,34,15,35,16,29,14,26,15,23,10,18,11,20,9,18,7,15,4,14,5,11,3,10,1,9,1,6,-1,8,-4,2,-6,3,-5,0,-6,4,-6,0,-9,-2,-11,1,-13,2,-13,-2,-11,-3,-15,-5,-15,-2,-13,2,-14,-1,-14,3,-14,-3,-17,0,-17,3,-14,-1,-13,3,-15,0,-15,4,-12,4,-12,2,-13,1,-12,1,-11,0,-7,2,-10,-1,-11,-2,-7,-2,-9,5,-7,0,-5,-3,-9,3,-9,3,-8,0,0,0,0,0,0,0,0,0,0,0,0,0,0,0,0,0,0,0,0,0,0,8,20,7,24,11,27,13,32,11,32,11,39,10,38,7,42,8,48,5,50,7,57,6,55,6,65,2,65,-5,66,-5,65,-6,81,-13,70,-16,73,-17,78,-21,78,-24,81,-25,79,-28,84,-29,80,-26,82,-31,76,-33,75,-36,73,-31,85,-29,64,-35,78,-35,75,-30,72,-39,75,-31,71,-30,68,-28,74,-24,69,-24,71,-27,70,-19,70,-25,72,-18,68,-23,65,-18,69,-14,68,-14,65,-16,68,-15,68,-14,68,-11,70,-16,73,-12,65,-19,70,-19,70,-18,62,0,0]"
CSI_DATA,350,1a:00:00:00:00:00,-51,11,1,0,1,1,1,0,0,0,1,-96,0,11,2,4804735,0,44,0,384,0,"[0,0,0,0,0,0,0,0,0,0,0,0,2,8,2,7,2,7,1,6,1,5,1,5,1,4,0,4,0,3,0,3,1,2,1,2,0,1,0,1,1,1,1,1,1,0,1,0,0,-1,1,-1,1,-1,1,-1,1,-1,1,-2,1,-2,1,-2,0,0,1,-2,2,-3,1,-3,2,-3,2,-2,2,-2,2,-2,2,-2,1,-2,1,-2,2,-2,2,-2,1,-1,1,-2,1,-1,1,-1,1,-1,1,-1,1,-2,1,-1,1,-1,1,-1,1,-1,1,-1,1,-1,1,-1,0,0,0,0,0,0,0,0,0,0,0,0,0,0,9,55,7,54,10,51,8,48,9,45,4,41,8,36,3,40,3,30,3,30,5,29,1,22,4,19,4,17,3,15,4,12,4,11,3,4,5,6,7,5,2,4,7,1,3,-1,6,1,7,-1,7,-6,8,-8,5,-8,8,-6,7,-9,9,-8,9,-8,10,-13,9,-9,9,-10,14,-11,15,-9,14,-10,12,-9,11,-9,12,-8,9,-5,11,-6,11,-7,10,-5,9,-4,9,-7,10,-7,8,-4,8,-1,7,-6,8,-7,9,-7,5,-4,7,-3,6,-6,8,-4,0,0,0,0,0,0,0,0,0,0,0,0,0,0,0,0,0,0,0,0,0,0,-17,16,-20,21,-18,19,-24,24,-25,23,-31,23,-29,23,-39,22,-40,29,-42,26,-50,31,-50,31,-59,37,-60,31,-62,24,-64,24,-72,29,-71,22,-76,23,-77,20,-80,11,-84,15,-81,13,-87,16,-90,10,-88,16,-85,8,-87,6,-83,9,-88,8,-73,6,-84,6,-82,5,-78,9,-84,2,-78,14,-73,12,-79,11,-75,12,-73,17,-76,15,-72,22,-79,19,-68,22,-72,17,-66,22,-67,22,-66,20,-65,23,-68,26,-69,26,-70,29,-72,27,-60,20,-70,30,-70,27,-60,19,0,0]"
CSI_DATA,351,1a:00:00:00:00:00,-51,11,1,0,1,1,1,0,0,0,1,-96,0,11,2,4813501,0,44,0,384,0,"[0,0,0,0,0,0,0,0,0,0,0,0,6,5,5,5,5,5,5,5,4,4,3,3,3,3,2,3,2,2,2,2,2,2,2,1,1,1,1,0,1,0,1,-1,1,-1,0,-1,0,-1,0,-2,1,-2,0,-2,0,-2,0,-3,0,-3,0,-3,0,0,0,-3,0,-3,1,-3,0,-3,1,-3,1,-3,1,-3,1,-3,1,-3,1,-3,1,-3,1,-3,1,-2,1,-2,0,-2,0,-2,0,-2,0,-2,0,-2,0,-2,0,-2,0,-2,0,-2,0,-2,0,-2,0,-2,0,0,0,0,0,0,0,0,0,0,0,0,0,0,47,35,41,32,41,32,36,30,35,33,34,32,30,25,27,26,24,24,21,22,18,18,18,16,17,15,12,13,11,12,11,8,11,6,8,4,10,1,7,1,5,-1,5,-2,3,-8,6,-2,5,-6,6,-9,2,-9,5,-10,3,-12,2,-11,4,-13,3,-11,5,-16,4,-15,3,-15,7,-15,8,-12,6,-13,8,-13,8,-14,7,-13,6,-12,9,-12,9,-11,8,-11,9,-10,8,-11,7,-7,5,-12,4,-8,5,-7,6,-9,3,-6,5,-8,5,-6,7,-7,4,-4,0,0,0,0,0,0,0,0,0,0,0,0,0,0,0,0,0,0,0,0,0,0,10,22,10,28,12,24,13,31,11,30,9,39,10,35,9,40,11,49,7,50,4,56,4,58,9,64,0,65,-6,71,-8,67,-11,78,-14,72,-20,72,-23,72,-27,78,-33,84,-29,73,-32,80,-40,79,-31,79,-41,73,-41,76,-40,71,-42,78,-34,65,-47,73,-42,71,-39,65,-45,71,-40,70,-37,63,-39,67,-34,65,-39,70,-37,64,-31,67,-35,65,-31,66,-30,63,-29,62,-27,64,-28,64,-27,67,-32,64,-26,64,-28,67,-36,66,-29,60,-31,67,-34,64,-30,57,0,0]"
CSI_DATA,352,1a:00:00:00:00:00,-51,11,1,0,1,1,1,0,0,0,1,-96,0,11,2,4822451,0,44,0,384,0,"[0,0,0,0,0,0,0,0,0,0,0,0,-3,-8,-3,-7,-3,-7,-2,-7,-2,-6,-1,-5,-2,-5,-2,-4,-2,-4,-2,-3,-1,-3,-2,-3,-2,-2,-2,-2,-2,-1,-1,-1,-1,-1,-2,-1,-2,0,-2,0,-2,0,-2,0,-2,0,-2,1,-2,1,-2,1,0,0,-2,1,-3,1,-3,1,-3,1,-3,1,-3,1,-3,1,-3,1,-3,1,-2,1,-2,1,-3,1,-2,0,-2,0,-2,0,-2,0,-2,0,-2,0,-2,0,-2,0,-2,0,-2,0,-2,0,-2,0,-2,0,-2,0,0,0,0,0,0,0,0,0,0,0,0,0,0,0,-4,-61,-8,-54,-12,-55,-10,-50,-10,-47,-3,-43,-3,-41,0,-40,-5,-32,-2,-33,-4,-26,-3,-21,-4,-21,-6,-16,-4,-17,-5,-11,-4,-12,-6,-7,-7,-5,-6,-7,-7,-3,-7,0,-7,0,-6,1,-10,3,-9,4,-5,3,-11,6,-11,7,-9,4,-9,10,-14,10,-10,10,-14,13,-13,10,-13,7,-14,11,-14,11,-13,5,-12,7,-11,8,-11,7,-11,5,-14,8,-13,5,-11,6,-10,5,-9,4,-9,4,-9,2,-8,6,-7,4,-7,4,-8,3,-9,3,-7,2,-8,2,0,0,0,0,0,0,0,0,0,0,0,0,0,0,0,0,0,0,0,0,0,0,21,-14,23,-14,22,-15,31,-17,31,-13,34,-16,35,-17,39,-15,45,-19,43,-16,55,-17,56,-18,62,-19,67,-18,66,-10,67,-8,77,-10,71,-6,77,-7,77,1,78,-1,87,4,77,1,84,5,84,8,83,1,86,7,86,10,77,9,87,7,75,7,84,9,81,6,80,4,79,8,78,2,73,2,79,3,72,0,78,-3,77,0,70,-7,73,-7,71,-12,72,-9,63,-10,68,-11,64,-17,69,-20,67,-16,66,-16,69,-21,74,-17,64,-18,72,-19,69,-19,63,-18,0,0]"
CSI_DATA,353,1a:00:00:00:00:00,-51,11,1,0,1,1,1,0,0,0,1,-96,0,11,2,4832785,0,44,0,384,0,"[0,0,0,0,0,0,0,0,0,0,0,0,-9,1,-9,1,-8,1,-8,1,-7,0,-6,0,-6,0,-5,0,-4,0,-4,1,-4,0,-3,1,-3,0,-2,1,-2,0,-2,1,-1,1,-1,1,0,1,0,1,0,1,0,1,1,1,1,1,1,1,1,2,0,0,1,2,1,2,1,2,1,2,1,2,1,2,1,2,1,2,1,2,0,2,0,2,0,2,0,2,0,2,0,2,0,2,0,1,0,1,0,1,0,1,0,1,0,1,0,1,0,1,0,1,0,1,0,0,0,0,0,0,0,0,0,0,0,0,0,0,-29,5,-26,5,-27,7,-25,3,-23,3,-21,3,-20,2,-19,2,-16,1,-15,0,-14,-1,-10,0,-11,2,-9,0,-7,1,-7,2,-8,2,-5,2,-4,1,-2,1,-3,2,-2,3,-1,3,1,4,0,4,0,4,2,3,3,3,1,4,3,5,3,6,3,7,3,5,4,6,2,7,2,6,3,7,2,6,1,6,3,7,2,7,1,6,1,6,0,6,0,6,1,5,0,5,2,5,1,4,1,4,2,4,0,4,2,4,0,3,0,4,0,3,0,3,0,0,0,0,0,0,0,0,0,0,0,0,0,0,0,0,0,0,0,0,0,0,-11,-3,-14,-7,-12,-6,-15,-7,-14,-9,-16,-11,-16,-10,-18,-13,-21,-14,-18,-15,-21,-19,-22,-19,-25,-22,-23,-24,-21,-27,-20,-27,-22,-31,-19,-31,-20,-34,-17,-34,-17,-35,-18,-39,-14,-36,-16,-39,-14,-40,-17,-40,-12,-40,-11,-42,-12,-38,-13,-43,-9,-34,-11,-42,-9,-39,-10,-37,-9,-40,-11,-37,-10,-35,-12,-37,-12,-35,-14,-36,-11,-38,-14,-34,-13,-36,-15,-32,-13,-32,-12,-33,-13,-31,-14,-32,-15,-30,-15,-32,-15,-31,-17,-33,-14,-34,-12,-30,-14,-35,-15,-35,-12,-30,0,0]"
CSI_DATA,354,1a:00:00:00:00:00,-51,11,1,0,1,1,1,0,0,0,1,-96,0,11,2,4842936,0,44,0,384,0,"[0,0,0,0,0,0,0,0,0,0,0,0,-9,-5,-8,-5,-8,-4,-7,-4,-6,-4,-5,-4,-5,-3,-4,-3,-4,-2,-4,-2,-3,-2,-3,-2,-3,-1,-3,-1,-2,-1,-2,0,-2,0,-2,0,-1,0,-1,1,-1,1,-1,1,-1,1,-1,2,-1,2,-1,2,0,0,-1,2,-1,3,-1,3,-1,3,-1,3,-1,3,-1,2,-1,2,-1,3,-2,2,-2,2,-2,2,-2,2,-1,1,-1,2,-1,2,-1,2,-1,1,-1,1,-1,1,-1,1,-1,1,-1,1,-1,1,-1,1,-2,1,0,0,0,0,0,0,0,0,0,0,0,0,0,0,-29,-10,-28,-9,-28,-7,-23,-9,-22,-7,-21,-8,-21,-8,-18,-8,-16,-5,-15,-7,-13,-4,-12,-3,-12,-4,-8,-3,-8,-3,-8,-2,-7,-1,-7,0,-6,0,-5,1,-3,1,-3,2,-1,3,-1,4,-2,4,-1,5,0,6,0,5,0,5,1,7,0,5,0,8,0,8,0,8,1,7,0,9,-2,9,-2,9,-2,7,-2,7,-2,6,-3,6,-2,6,-2,6,-3,6,-2,6,-3,6,-1,6,-2,5,-1,5,0,4,-2,4,-3,4,-2,4,-2,4,-3,5,-3,2,0,0,0,0,0,0,0,0,0,0,0,0,0,0,0,0,0,0,0,0,0,0,-8,-10,-9,-11,-9,-12,-9,-14,-10,-14,-10,-17,-11,-17,-10,-20,-13,-23,-10,-22,-11,-26,-11,-27,-13,-32,-10,-31,-6,-34,-6,-35,-6,-41,-3,-37,-3,-38,-1,-39,2,-42,1,-44,3,-41,2,-43,5,-45,3,-45,6,-42,7,-41,8,-43,7,-45,6,-36,9,-42,9,-41,7,-39,9,-41,7,-39,6,-37,6,-39,5,-36,4,-39,5,-37,3,-38,4,-37,3,-36,3,-36,-1,-36,1,-36,1,-35,1,-36,-1,-37,0,-36,1,-36,3,-37,2,-33,2,-39,2,-35,3,-33,0,0]"
CSI_DATA,355,1a:00:00:00:00:00,-51,11,1,0,1,1,1,0,0,0,1,-96,0,11,2,4852407,0,44,0,384,0,"[0,0,0,0,0,0,0,0,0,0,0,0,6,6,5,5,5,4,5,5,4,4,3,4,3,3,2,3,2,2,2,2,2,1,1,1,2,1,1,0,1,0,1,0,1,-1,1,-1,1,-1,1,-2,1,-2,1,-2,0,-2,0,-3,1,-2,1,-3,0,0,1,-3,1,-3,1,-3,1,-3,2,-3,1,-3,1,-3,1,-3,1,-3,1,-3,2,-2,2,-2,2,-2,1,-2,1,-2,1,-2,1,-2,1,-2,1,-2,1,-2,1,-2,1,-2,1,-2,1,-1,1,-1,1,-1,0,0,0,0,0,0,0,0,0,0,0,0,0,0,41,39,32,40,37,37,31,34,30,35,25,36,25,30,21,27,20,23,19,25,13,21,13,18,16,15,10,13,7,10,10,8,11,8,11,5,7,0,7,2,8,-2,7,0,6,-3,7,-4,8,-5,5,-11,7,-8,9,-11,7,-12,8,-12,7,-11,9,-11,9,-14,11,-14,8,-13,11,-13,14,-11,12,-15,12,-9,11,-10,13,-9,15,-8,15,-8,11,-8,12,-9,11,-7,8,-7,7,-6,7,-9,8,-5,11,-5,8,-8,7,-4,10,-7,10,-6,8,-2,11,-5,0,0,0,0,0,0,0,0,0,0,0,0,0,0,0,0,0,0,0,0,0,0,8,21,5,22,9,27,10,32,7,29,5,37,7,38,4,42,7,48,2,47,0,55,-2,56,-3,62,-8,62,-17,64,-18,65,-18,75,-26,67,-27,74,-28,71,-33,71,-38,75,-39,68,-46,73,-46,70,-42,73,-47,64,-50,66,-50,65,-52,72,-47,56,-52,64,-51,62,-47,61,-53,63,-46,58,-44,55,-48,60,-47,56,-45,58,-47,59,-41,62,-43,57,-39,61,-40,57,-39,58,-35,57,-36,57,-35,59,-38,63,-38,58,-34,60,-42,59,-36,56,-43,62,-41,56,-41,53,0,0]"
CSI_DATA,356,1a:00:00:00:00:00,-51,11,1,0,1,1,1,0,0,0,1,-96,0,11,2,4862634,0,44,0,384,0,"[0,0,0,0,0,0,0,0,0,0,0,0,-10,-1,-9,-1,-8,0,-8,-1,-7,-1,-6,-1,-6,-1,-5,-1,-4,-1,-4,-1,-3,-1,-3,0,-3,0,-3,0,-2,0,-2,0,-1,1,-1,1,-1,1,-1,1,-1,1,-1,2,0,2,0,2,0,2,0,3,0,0,0,3,0,3,-1,3,0,3,-1,3,-1,3,-1,3,-1,2,-1,3,-1,2,-1,3,-1,2,-1,2,-1,2,-2,1,-2,2,-1,2,-1,2,-1,1,-1,1,-1,1,-1,1,-1,1,-1,1,-2,1,-2,1,0,0,0,0,0,0,0,0,0,0,0,0,0,0,-60,-1,-54,0,-52,0,-50,-5,-48,-5,-43,-4,-41,-6,-38,-4,-33,-4,-28,-8,-29,-3,-19,-5,-21,-5,-20,-4,-16,-2,-16,1,-14,1,-11,3,-10,-1,-6,2,-10,4,-2,7,-4,6,-5,8,-2,10,-2,11,1,11,-3,10,-1,13,2,17,2,16,1,14,-2,17,-1,15,-2,18,-2,15,-3,18,-2,16,-6,18,-3,15,-6,15,-7,15,-5,10,-7,13,-6,10,-8,11,-5,10,-5,12,-7,10,-4,9,-5,9,-5,9,-6,7,-6,7,-6,7,-7,6,-5,5,0,0,0,0,0,0,0,0,0,0,0,0,0,0,0,0,0,0,0,0,0,0,-26,0,-25,0,-25,-2,-33,-4,-35,-5,-36,-11,-37,-10,-40,-13,-47,-16,-46,-19,-50,-24,-53,-20,-60,-28,-58,-33,-54,-40,-53,-44,-58,-49,-50,-52,-50,-52,-50,-60,-43,-64,-45,-70,-45,-68,-45,-70,-44,-75,-48,-73,-35,-76,-33,-75,-32,-80,-31,-79,-27,-69,-28,-78,-22,-74,-28,-73,-21,-80,-25,-72,-21,-72,-27,-76,-26,-69,-30,-72,-20,-68,-26,-70,-23,-67,-29,-69,-24,-68,-20,-64,-23,-67,-24,-66,-20,-66,-27,-68,-25,-65,-24,-65,-17,-71,-18,-67,-20,-72,-16,-65,-14,-64,0,0]"
CSI_DATA,357,1a:00:00:00:00:00,-50,11,1,0,1,1,1,0,0,0,1,-96,0,11,2,4872618,0,44,0,384,0,"[0,0,0,0,0,0,0,0,0,0,0,0,9,-3,8,-2,7,-3,7,-1,6,-1,5,-1,5,-1,4,-1,4,-1,3,-1,2,-2,2,-2,2,-1,1,-2,1,-2,0,-2,0,-2,0,-2,-1,-2,-1,-2,-1,-2,-1,-3,-1,-3,-2,-3,-2,-3,-2,-3,0,0,-2,-4,-2,-4,-2,-4,-2,-4,-2,-4,-1,-4,-2,-4,-1,-4,-1,-4,-1,-4,-1,-4,-1,-3,-1,-3,-1,-3,-1,-3,-1,-3,-1,-3,-1,-3,-1,-3,-1,-2,-1,-2,-1,-3,-1,-2,-1,-2,0,-2,0,-2,0,0,0,0,0,0,0,0,0,0,0,0,0,0,51,-14,50,-14,53,-18,47,-13,41,-16,42,-10,37,-11,39,-11,29,-9,28,-5,23,-7,22,-8,21,-7,16,-6,13,-7,11,-8,14,-5,8,-10,8,-7,3,-8,2,-9,2,-9,-1,-8,-2,-8,-5,-9,-4,-12,-8,-11,-9,-11,-8,-11,-12,-11,-10,-14,-12,-12,-6,-15,-12,-15,-11,-14,-10,-15,-9,-16,-9,-14,-8,-15,-10,-15,-9,-15,-6,-18,-3,-14,-5,-14,-7,-15,-4,-14,-5,-13,-4,-11,-4,-11,-6,-9,-5,-10,-3,-9,-2,-10,-2,-9,-4,-10,0,-12,-1,-8,0,0,0,0,0,0,0,0,0,0,0,0,0,0,0,0,0,0,0,0,0,0,22,9,22,11,23,10,29,14,28,14,29,21,33,19,32,25,37,28,35,31,38,33,41,36,47,39,45,45,37,50,41,53,47,61,38,59,40,66,37,68,28,71,33,76,31,70,31,83,31,79,33,79,25,77,22,78,20,77,27,85,21,70,22,81,19,73,19,72,19,78,24,74,21,65,29,71,25,67,24,70,26,71,28,65,27,70,31,64,28,64,31,58,29,61,31,63,29,60,31,59,35,62,33,59,31,66,29,59,32,65,32,64,26,59,0,0]"
CSI_DATA,358,1a:00:00:00:00:00,-50,11,1,0,1,1,1,0,0,0,1,-96,0,11,2,4882444,0,44,0,384,0,"[0,0,0,0,0,0,0,0,0,0,0,0,2,-9,2,-8,2,-8,2,-7,2,-6,2,-6,2,-5,1,-5,1,-4,1,-4,1,-4,0,-3,0,-3,-1,-3,-1,-2,-1,-2,-1,-2,-2,-2,-2,-1,-2,-1,-2,-1,-3,-1,-3,-1,-3,-1,-3,-1,-3,-1,0,0,-4,-1,-4,-1,-4,-2,-4,-2,-4,-2,-4,-2,-4,-2,-3,-2,-3,-2,-3,-2,-3,-2,-3,-2,-3,-2,-3,-2,-2,-2,-2,-2,-2,-2,-2,-2,-2,-2,-2,-2,-2,-2,-2,-2,-2,-2,-2,-2,-2,-2,-2,-2,0,0,0,0,0,0,0,0,0,0,0,0,0,0,15,-27,13,-23,11,-23,11,-22,13,-21,12,-18,11,-17,11,-15,9,-14,9,-12,5,-11,5,-8,5,-10,5,-7,4,-7,3,-7,1,-6,1,-5,0,-4,-1,-5,0,-5,-4,-3,-2,-5,-4,-3,-4,-3,-5,-4,-6,-4,-8,-4,-6,-4,-8,-4,-9,-4,-9,-4,-9,-4,-8,-3,-9,-5,-8,-5,-9,-5,-9,-5,-7,-5,-7,-5,-7,-5,-5,-6,-6,-6,-4,-6,-5,-7,-5,-6,-4,-6,-4,-4,-4,-5,-3,-5,-3,-5,-5,-6,-3,-5,-3,-4,-3,-5,-2,-6,-4,-4,0,0,0,0,0,0,0,0,0,0,0,0,0,0,0,0,0,0,0,0,0,0,8,-10,8,-10,9,-9,12,-12,12,-12,14,-11,14,-11,17,-11,19,-13,21,-14,24,-12,23,-12,28,-13,30,-10,31,-8,33,-6,36,-9,34,-4,36,-4,37,-2,38,1,41,1,40,1,43,4,42,7,40,4,39,7,40,8,39,9,43,9,36,7,39,11,37,10,36,9,38,12,35,10,34,9,37,10,35,10,38,9,36,9,36,7,35,9,34,6,32,7,32,6,33,5,35,7,33,5,35,8,34,8,35,6,36,9,31,7,35,11,33,11,31,10,0,0]"
CSI_DATA,359,1a:00:00:00:00:00,-50,11,1,0,1,1,1,0,0,0,1,-96,0,11,2,4902817,0,44,0,384,0,"[0,0,0,0,0,0,0,0,0,0,0,0,-3,8,-3,8,-3,7,-3,6,-3,6,-3,5,-2,5,-2,4,-2,3,-1,3,-1,2,-1,2,-1,2,0,1,0,1,0,1,1,1,1,1,1,0,1,0,2,0,2,0,2,0,2,0,3,0,3,0,0,0,3,0,3,0,3,0,3,0,3,0,3,1,3,1,3,1,3,1,3,1,3,1,2,1,2,1,2,1,2,1,2,1,2,1,2,1,2,1,1,1,1,1,1,1,1,1,1,1,1,1,1,1,0,0,0,0,0,0,0,0,0,0,0,0,0,0,-13,26,-11,26,-10,25,-11,22,-12,22,-11,18,-8,17,-9,15,-8,12,-7,11,-6,12,-6,10,-6,9,-4,8,-3,7,-2,6,-2,5,1,6,1,4,1,4,2,5,2,3,3,2,5,3,4,3,6,2,6,2,7,1,7,2,8,3,7,2,8,3,7,2,9,4,8,3,7,3,7,3,8,5,7,5,6,5,7,4,5,6,5,5,7,4,4,4,4,6,5,4,3,3,4,4,3,4,3,3,3,4,1,4,2,5,2,2,2,2,1,4,0,0,0,0,0,0,0,0,0,0,0,0,0,0,0,0,0,0,0,0,0,0,-6,8,-8,10,-8,10,-10,13,-12,11,-14,12,-16,13,-15,12,-20,15,-20,13,-24,15,-24,16,-26,17,-27,15,-29,11,-31,13,-36,13,-35,8,-37,7,-38,4,-38,1,-43,3,-40,1,-42,1,-43,-1,-43,2,-42,-4,-43,-6,-40,-6,-44,-3,-36,-7,-42,-8,-38,-8,-38,-6,-40,-11,-37,-5,-38,-7,-39,-6,-36,-8,-37,-6,-37,-8,-37,-3,-37,-7,-36,-3,-34,-5,-34,-6,-36,-5,-35,-5,-36,-4,-36,-5,-35,-5,-36,-3,-36,-7,-33,-6,-36,-7,-37,-7,-33,-8,0,0]"
CSI_DATA,360,1a:00:00:00:00:00,-50,11,1,0,1,1,1,0,0,0,1,-96,0,11,2,4912430,0,44,0,384,0,"[0,0,0,0,0,0,0,0,0,0,0,0,-6,7,-6,6,-5,6,-5,5,-5,4,-4,4,-4,4,-3,3,-3,3,-2,2,-2,2,-2,2,-1,2,-1,1,-1,1,0,1,0,1,0,1,1,1,1,1,1,1,2,1,2,1,2,1,2,1,2,1,0,0,2,1,3,1,3,2,3,2,2,2,2,2,2,2,2,2,2,2,2,2,2,3,1,2,1,2,1,2,1,2,1,2,1,2,0,2,1,1,0,1,0,1,0,1,0,1,0,2,0,1,0,1,0,0,0,0,0,0,0,0,0,0,0,0,0,0,-20,20,-19,17,-19,19,-17,15,-17,15,-18,12,-16,12,-16,12,-13,9,-12,8,-10,8,-8,6,-8,8,-8,5,-5,5,-4,6,-3,5,-4,6,-2,6,0,4,0,6,0,4,3,3,3,4,3,5,5,3,6,5,4,4,6,5,7,5,6,4,6,6,7,7,7,8,6,5,5,6,5,7,5,7,4,7,6,6,4,7,4,6,2,7,4,7,3,5,2,6,2,7,3,6,1,5,2,5,2,5,1,5,2,5,1,4,1,4,1,5,0,4,0,0,0,0,0,0,0,0,0,0,0,0,0,0,0,0,0,0,0,0,0,0,-9,6,-11,5,-12,6,-14,7,-15,6,-18,6,-18,7,-20,6,-23,8,-24,6,-27,5,-27,6,-32,7,-32,2,-34,-3,-34,-3,-37,-2,-35,-7,-37,-6,-37,-7,-38,-12,-40,-12,-36,-14,-40,-15,-40,-17,-40,-16,-36,-19,-37,-19,-35,-20,-38,-21,-32,-19,-37,-23,-35,-21,-34,-18,-34,-24,-33,-19,-33,-19,-35,-21,-32,-19,-34,-20,-32,-20,-32,-17,-34,-19,-32,-14,-30,-18,-31,-18,-30,-16,-31,-17,-32,-16,-31,-17,-31,-17,-31,-16,-33,-19,-28,-17,-33,-21,-32,-21,-27,-20,0,0]"
CSI_DATA,361,1a:00:00:00:00:00,-49,11,1,0,1,1,1,0,0,0,1,-96,0,11,2,4922717,0,44,0,384,0,"[0,0,0,0,0,0,0,0,0,0,0,0,8,-4,7,-4,7,-4,6,-3,5,-2,5,-2,4,-2,4,-2,3,-2,3,-2,2,-2,1,-2,1,-2,1,-2,1,-2,0,-2,0,-3,-1,-2,-1,-2,-1,-2,-1,-3,-1,-3,-1,-3,-2,-3,-2,-3,-2,-3,0,0,-2,-4,-2,-4,-2,-4,-2,-4,-2,-4,-1,-4,-2,-4,-1,-4,-1,-4,-1,-4,-1,-4,-1,-4,-1,-4,0,-4,0,-3,0,-3,0,-3,0,-3,0,-3,0,-3,0,-3,0,-3,0,-2,0,-3,0,-2,0,-2,0,0,0,0,0,0,0,0,0,0,0,0,0,0,53,-31,45,-28,45,-31,40,-25,37,-21,38,-19,34,-19,35,-16,26,-12,26,-14,23,-14,20,-11,16,-14,16,-10,13,-9,9,-13,12,-12,7,-12,5,-9,2,-11,-1,-12,-3,-9,-4,-12,-3,-9,-3,-9,-5,-11,-8,-13,-9,-16,-11,-14,-11,-17,-11,-16,-14,-18,-11,-17,-10,-16,-16,-20,-6,-17,-8,-17,-7,-16,-11,-19,-9,-19,-6,-20,-6,-19,-3,-20,-4,-17,-3,-15,-2,-14,-1,-16,-3,-15,-2,-15,0,-12,-1,-14,-1,-12,1,-13,-3,-12,4,-11,0,-15,0,-9,0,0,0,0,0,0,0,0,0,0,0,0,0,0,0,0,0,0,0,0,0,0,19,-8,23,-8,25,-9,32,-9,30,-8,35,-6,37,-6,40,-5,43,-5,47,0,54,3,54,1,62,1,60,10,63,19,63,19,73,22,64,24,67,27,67,32,66,40,73,42,66,41,71,49,69,50,71,43,59,54,64,54,57,53,65,59,50,51,56,59,55,54,53,52,56,58,56,49,50,53,56,54,53,49,54,51,50,52,54,48,53,54,52,45,51,47,51,47,51,42,53,44,52,44,52,49,52,48,51,46,51,53,41,47,53,51,50,47,46,51,0,0]"
CSI_DATA,362,1a:00:00:00:00:00,-49,11,1,0,1,1,1,0,0,0,1,-96,0,11,2,4932410,0,44,0,384,0,"[0,0,0,0,0,0,0,0,0,0,0,0,-4,8,-3,7,-3,6,-3,6,-3,5,-3,5,-2,4,-2,3,-2,3,-1,2,-1,3,-1,2,-1,2,0,2,0,1,1,1,1,1,1,1,1,1,1,0,2,1,2,0,2,0,3,0,2,0,3,1,0,0,3,0,3,1,3,1,3,1,3,1,3,2,3,2,3,1,3,1,2,2,2,2,2,2,2,2,2,2,2,2,2,1,2,2,1,1,1,1,1,1,1,1,1,1,1,1,1,1,0,1,0,1,0,0,0,0,0,0,0,0,0,0,0,0,0,0,-9,26,-9,24,-9,25,-9,22,-8,21,-9,20,-8,20,-8,16,-6,13,-7,12,-4,11,-4,11,-4,9,-4,9,-1,8,0,7,-1,6,2,5,1,6,1,3,3,3,4,3,4,3,4,2,4,2,5,3,8,1,6,1,7,2,9,2,9,2,9,1,9,2,10,3,10,1,11,3,9,2,10,3,8,5,9,2,8,3,7,4,8,4,5,4,6,4,5,5,5,5,5,3,5,4,3,3,5,4,4,3,4,3,4,3,4,4,3,4,2,3,0,0,0,0,0,0,0,0,0,0,0,0,0,0,0,0,0,0,0,0,0,0,-9,7,-9,10,-10,9,-11,10,-13,9,-15,11,-15,11,-19,11,-19,13,-22,12,-25,10,-24,11,-28,13,-30,10,-31,7,-32,9,-37,9,-36,4,-37,5,-37,4,-40,3,-42,1,-41,0,-43,-3,-44,-3,-44,-4,-42,-9,-41,-7,-40,-9,-43,-7,-38,-8,-42,-9,-40,-7,-37,-5,-40,-9,-38,-7,-37,-8,-38,-8,-36,-8,-36,-8,-37,-7,-37,-6,-38,-6,-34,-3,-35,-5,-33,-2,-33,-2,-36,-5,-34,-3,-37,-5,-35,-5,-36,-3,-36,-6,-34,-4,-37,-7,-37,-3,-34,-4,0,0]"
CSI_DATA,363,1a:00:00:00:00:00,-49,11,1,0,1,1,1,0,0,0,1,-96,0,11,2,4942373,0,44,0,384,0,"[0,0,0,0,0,0,0,0,0,0,0,0,-5,-8,-4,-8,-4,-7,-4,-6,-3,-6,-3,-5,-3,-5,-3,-4,-2,-4,-2,-3,-2,-3,-2,-2,-2,-2,-2,-2,-2,-1,-2,-1,-2,-1,-2,0,-3,0,-3,0,-3,1,-3,1,-3,1,-3,1,-3,1,-3,2,0,0,-4,2,-4,2,-4,1,-4,1,-4,1,-4,1,-4,1,-4,1,-4,1,-4,0,-4,0,-4,0,-4,0,-4,0,-3,0,-4,0,-3,0,-3,0,-3,0,-3,0,-3,-1,-3,-1,-3,-1,-3,-1,-3,-1,-2,-1,0,0,0,0,0,0,0,0,0,0,0,0,0,0,-20,-55,-12,-56,-17,-53,-9,-49,-7,-48,-4,-44,-7,-39,-4,-35,-5,-34,-2,-30,-5,-29,-4,-20,-6,-24,-6,-17,-5,-18,-8,-15,-8,-12,-8,-8,-11,-5,-9,-2,-12,-5,-12,-3,-11,0,-14,0,-14,1,-14,0,-12,0,-16,2,-18,2,-20,3,-19,3,-23,4,-23,2,-22,3,-23,2,-24,-1,-22,2,-23,-1,-22,-1,-19,-5,-20,-3,-25,-6,-16,-2,-20,-7,-17,-7,-17,-6,-12,-6,-16,-4,-15,-5,-11,-6,-13,-3,-13,-4,-14,-6,-10,-4,-12,-7,-12,-6,-7,-6,0,0,0,0,0,0,0,0,0,0,0,0,0,0,0,0,0,0,0,0,0,0,-5,-23,-4,-26,-1,-27,-5,-33,0,-37,1,-35,0,-40,5,-44,2,-51,7,-47,12,-54,14,-57,13,-64,24,-62,29,-56,27,-62,36,-66,49,-65,44,-62,51,-64,54,-63,65,-64,56,-55,65,-59,63,-54,64,-56,71,-51,70,-53,71,-45,72,-53,66,-47,73,-48,70,-43,66,-42,71,-38,70,-39,67,-39,66,-37,67,-33,70,-37,66,-41,66,-43,66,-38,61,-39,57,-34,59,-40,61,-39,61,-38,61,-38,65,-40,58,-37,66,-41,69,-33,57,-31,67,-36,68,-31,61,-33,0,0]"
CSI_DATA,364,1a:00:00:00:00:00,-49,11,1,0,1,1,1,0,0,0,1,-96,0,11,2,4952691,0,44,0,384,0,"[0,0,0,0,0,0,0,0,0,0,0,0,-8,4,-7,4,-7,4,-6,3,-6,2,-5,2,-4,2,-4,2,-4,2,-3,2,-3,2,-2,2,-2,1,-1,1,-1,1,-1,2,0,2,0,1,0,1,1,2,1,1,1,2,1,2,2,2,2,2,2,2,0,0,2,3,2,3,2,3,2,3,1,3,1,3,2,3,1,3,1,3,1,3,1,3,0,3,1,3,0,2,0,2,0,2,0,2,0,2,0,2,0,2,0,2,0,2,0,2,-1,2,-1,2,-1,2,0,0,0,0,0,0,0,0,0,0,0,0,0,0,-49,33,-46,33,-44,33,-39,24,-39,27,-38,22,-33,20,-33,16,-28,15,-25,16,-21,12,-20,12,-17,11,-16,10,-11,10,-9,11,-8,9,-5,10,-2,10,-1,10,2,10,4,10,7,10,2,11,6,14,7,13,11,12,11,10,12,14,16,15,14,14,11,18,14,19,12,15,11,19,9,17,8,20,10,19,8,19,9,21,7,21,8,21,7,19,4,19,4,17,4,15,2,16,3,12,2,18,4,14,1,13,1,11,3,9,-1,12,-2,14,-1,10,-5,7,0,0,0,0,0,0,0,0,0,0,0,0,0,0,0,0,0,0,0,0,0,0,-23,10,-23,8,-24,6,-31,8,-30,8,-37,8,-37,4,-40,7,-47,1,-46,1,-53,0,-56,-2,-62,0,-65,-5,-64,-14,-63,-16,-74,-19,-68,-29,-70,-28,-67,-31,-67,-36,-71,-42,-68,-38,-69,-43,-71,-49,-73,-47,-65,-53,-63,-54,-59,-53,-66,-55,-54,-47,-63,-57,-57,-55,-53,-53,-55,-59,-58,-53,-53,-49,-59,-54,-56,-49,-59,-48,-53,-53,-60,-47,-57,-51,-56,-42,-56,-50,-56,-42,-55,-47,-54,-46,-55,-45,-56,-45,-56,-46,-58,-44,-56,-52,-45,-43,-55,-49,-52,-47,-40,-46,0,0]"
CSI_DATA,365,1a:00:00:00:00:00,-49,11,1,0,1,1,1,0,0,0,1,-96,0,11,2,4963645,0,44,0,384,0,"[0,0,0,0,0,0,0,0,0,0,0,0,-8,-1,-8,-1,-7,-1,-7,-2,-6,-1,-5,-1,-5,-1,-4,-1,-4,-1,-3,0,-3,0,-3,0,-3,0,-2,0,-2,0,-2,1,-1,1,-1,1,-1,2,-1,1,-1,2,-1,2,-1,2,-1,3,-1,3,-1,3,0,0,0,3,-1,3,-1,3,-1,3,-1,3,-2,3,-1,3,-2,3,-2,3,-2,3,-2,3,-2,2,-2,2,-2,2,-2,2,-2,2,-2,2,-2,2,-2,1,-2,1,-2,1,-2,1,-2,1,-2,1,-2,1,-2,1,0,0,0,0,0,0,0,0,0,0,0,0,0,0,-54,-19,-53,-16,-53,-12,-44,-17,-43,-14,-39,-13,-37,-14,-35,-13,-32,-12,-29,-13,-24,-8,-18,-4,-20,-5,-19,-7,-17,-1,-14,0,-15,-1,-11,2,-11,5,-7,7,-7,8,-5,10,-6,9,-8,12,-6,12,-8,14,-4,14,-2,19,-4,17,-1,22,-5,19,-5,21,-6,21,-10,19,-4,23,-9,20,-11,21,-10,20,-12,16,-9,16,-10,20,-10,16,-14,11,-14,14,-14,13,-14,13,-12,11,-13,10,-12,8,-11,10,-11,10,-11,6,-10,10,-9,7,-11,6,-10,6,-13,5,0,0,0,0,0,0,0,0,0,0,0,0,0,0,0,0,0,0,0,0,0,0,-19,-8,-22,-14,-23,-13,-26,-18,-24,-19,-27,-24,-29,-24,-30,-31,-33,-33,-31,-35,-36,-43,-35,-44,-41,-48,-37,-54,-28,-57,-30,-61,-31,-66,-26,-68,-23,-71,-19,-75,-14,-76,-13,-80,-13,-80,-16,-85,-7,-84,-14,-86,-2,-83,2,-82,2,-81,0,-85,0,-74,6,-82,9,-79,6,-76,11,-81,6,-77,5,-75,4,-76,5,-74,2,-74,6,-72,2,-73,0,-74,-2,-72,2,-69,4,-73,0,-72,4,-70,0,-71,3,-72,1,-71,-1,-68,6,-75,3,-69,3,-74,10,-71,12,-68,0,0]"
CSI_DATA,366,1a:00:00:00:00:00,-49,11,1,0,1,1,1,0,0,0,1,-96,0,11,2,4975899,0,44,0,384,0,"[0,0,0,0,0,0,0,0,0,0,0,0,-9,0,-9,0,-8,1,-8,0,-7,0,-6,0,-6,0,-5,0,-4,0,-4,0,-3,1,-3,1,-3,1,-2,1,-2,1,-1,1,-1,2,-1,2,-1,2,0,2,0,2,0,2,0,3,0,3,0,3,0,4,0,0,0,4,0,4,0,4,0,4,0,4,0,4,-1,4,-1,3,-1,3,-1,3,-1,4,-1,3,-1,3,-1,3,-1,3,-1,3,-1,3,-1,2,-2,2,-1,2,-1,2,-1,2,-1,2,-2,2,-2,2,-2,1,0,0,0,0,0,0,0,0,0,0,0,0,0,0,-56,2,-55,1,-55,5,-48,4,-43,3,-44,-2,-40,3,-36,-2,-29,2,-29,0,-26,1,-23,-2,-20,5,-20,3,-15,2,-10,6,-11,4,-9,7,-5,8,-5,7,-2,10,-3,10,-3,13,-2,12,1,14,2,15,-1,15,1,18,1,21,7,23,7,21,8,21,4,23,2,22,8,21,0,23,0,22,0,23,2,23,-1,24,-2,20,-2,21,-2,19,-1,21,-4,14,-3,18,-7,15,-2,16,-3,14,0,11,-5,14,-4,12,-3,12,-5,13,-7,12,-3,13,-7,10,0,0,0,0,0,0,0,0,0,0,0,0,0,0,0,0,0,0,0,0,0,0,-21,-8,-23,-12,-25,-13,-24,-11,-26,-18,-28,-23,-31,-23,-31,-28,-35,-30,-34,-35,-37,-38,-38,-38,-43,-45,-40,-51,-35,-51,-36,-53,-41,-63,-31,-63,-33,-66,-28,-71,-24,-73,-25,-80,-24,-74,-23,-81,-23,-84,-26,-82,-15,-83,-15,-83,-11,-82,-17,-86,-13,-75,-12,-84,-11,-80,-10,-78,-7,-84,-14,-75,-11,-71,-13,-76,-11,-69,-13,-76,-11,-75,-16,-70,-15,-71,-19,-71,-16,-69,-15,-68,-17,-67,-14,-65,-18,-65,-18,-70,-18,-71,-23,-66,-17,-70,-15,-62,-20,-71,-14,-70,-12,-65,0,0]"
CSI_DATA,367,1a:00:00:00:00:00,-49,11,1,0,1,1,1,0,0,0,1,-96,0,11,2,4982405,0,44,0,384,0,"[0,0,0,0,0,0,0,0,0,0,0,0,6,-7,5,-6,5,-6,5,-5,4,-4,3,-4,3,-4,2,-4,2,-4,2,-3,1,-3,0,-3,0,-3,0,-3,-1,-3,-1,-3,-2,-3,-2,-2,-2,-2,-2,-2,-2,-2,-3,-2,-3,-3,-4,-2,-4,-3,-4,-3,0,0,-4,-3,-4,-3,-4,-3,-4,-3,-4,-3,-4,-4,-4,-3,-4,-3,-3,-4,-3,-4,-3,-4,-3,-3,-3,-3,-2,-3,-3,-3,-2,-3,-2,-3,-2,-3,-2,-3,-2,-3,-2,-3,-2,-3,-2,-3,-2,-3,-1,-3,-1,-3,0,0,0,0,0,0,0,0,0,0,0,0,0,0,44,-37,42,-31,41,-35,34,-30,34,-28,32,-27,32,-23,28,-23,21,-20,25,-14,20,-19,16,-18,13,-19,13,-14,9,-13,5,-14,5,-12,5,-12,0,-9,-3,-9,-5,-11,-7,-11,-6,-11,-10,-10,-10,-11,-13,-13,-13,-12,-16,-14,-15,-14,-17,-17,-17,-13,-16,-16,-17,-14,-17,-17,-15,-17,-11,-17,-17,-17,-14,-16,-15,-18,-14,-21,-13,-20,-9,-20,-9,-19,-9,-21,-10,-16,-9,-19,-7,-15,-7,-14,-8,-14,-7,-11,-6,-17,-5,-16,-5,-15,-3,-14,-5,-12,-3,-15,-2,-12,0,0,0,0,0,0,0,0,0,0,0,0,0,0,0,0,0,0,0,0,0,0,19,-7,24,-7,27,-4,27,-9,29,-6,32,-3,35,-5,41,-4,46,-3,45,3,51,4,56,4,63,5,59,10,61,21,63,19,71,20,64,27,67,31,65,32,67,37,70,40,63,42,70,51,68,54,68,49,62,52,64,55,60,56,63,55,52,49,59,55,57,52,59,49,58,59,57,48,54,50,57,47,53,49,53,48,53,49,58,46,54,48,56,43,53,43,56,40,52,42,60,41,55,41,59,41,54,44,54,40,54,45,51,40,54,50,55,45,50,43,0,0]"
CSI_DATA,368,1a:00:00:00:00:00,-49,11,1,0,1,1,1,0,0,0,1,-96,0,11,2,5002785,0,44,0,384,0,"[0,0,0,0,0,0,0,0,0,0,0,0,-4,8,-4,8,-3,7,-3,6,-3,5,-3,5,-2,4,-2,4,-2,3,-1,3,-1,3,-1,2,0,2,0,1,0,2,1,1,1,1,1,1,2,1,2,0,2,1,3,1,3,1,3,1,3,1,3,1,0,0,4,1,4,1,4,1,4,1,4,2,3,2,3,2,3,2,3,2,3,3,3,3,2,2,2,2,2,2,2,2,2,2,2,2,1,2,1,2,1,2,1,2,1,2,1,2,1,2,0,2,0,2,0,0,0,0,0,0,0,0,0,0,0,0,0,0,-9,25,-10,25,-8,24,-9,20,-8,20,-8,18,-10,17,-8,16,-6,15,-5,11,-4,11,-4,10,-2,10,-3,9,0,8,1,5,0,5,1,4,1,4,4,3,4,4,5,4,4,2,4,3,6,4,8,2,6,3,8,1,9,2,11,1,10,2,11,4,11,4,10,4,12,4,9,6,10,5,9,5,10,7,8,5,9,6,8,7,7,6,7,6,6,6,6,7,6,7,6,6,4,5,4,6,5,6,3,5,3,6,3,6,3,7,2,7,2,5,0,0,0,0,0,0,0,0,0,0,0,0,0,0,0,0,0,0,0,0,0,0,-5,9,-4,10,-6,11,-8,13,-8,14,-11,13,-10,15,-14,14,-15,18,-17,17,-19,18,-19,19,-22,22,-24,19,-28,14,-30,16,-32,17,-34,14,-31,12,-37,11,-37,9,-40,9,-39,7,-41,7,-42,7,-42,6,-41,2,-41,1,-41,-2,-42,-1,-38,-1,-41,-3,-41,-2,-38,-1,-41,-5,-39,-3,-38,-2,-39,-2,-37,-1,-38,-2,-36,-3,-38,-1,-36,-2,-37,0,-34,0,-33,-2,-35,-1,-34,-1,-34,-1,-36,-1,-35,-3,-35,0,-35,-4,-35,-2,-37,-4,-34,-3,-33,-4,0,0]"
CSI_DATA,369,1a:00:00:00:00:00,-49,11,1,0,1,1,1,0,0,0,1,-96,0,11,2,5012495,0,44,0,384,0,"[0,0,0,0,0,0,0,0,0,0,0,0,-1,-8,-1,-8,-1,-7,-1,-7,-1,-6,-1,-5,-1,-5,-1,-4,-1,-4,-1,-3,-1,-3,-2,-3,-2,-2,-2,-2,-2,-2,-2,-1,-2,-1,-2,-1,-3,-1,-3,0,-3,0,-3,0,-3,0,-4,0,-4,0,-4,0,0,0,-4,0,-5,0,-5,0,-5,0,-5,-1,-5,-1,-5,-1,-4,-1,-4,-1,-4,-1,-4,-1,-4,-1,-4,-1,-4,-2,-4,-2,-3,-1,-3,-1,-3,-1,-3,-1,-3,-1,-3,-2,-3,-1,-3,-2,-3,-2,-2,-2,-2,-2,0,0,0,0,0,0,0,0,0,0,0,0,0,0,-14,-57,-12,-51,-17,-50,-11,-49,-7,-46,-9,-44,-8,-38,-6,-37,-5,-30,-4,-31,-7,-26,-5,-22,-8,-21,-6,-18,-4,-16,-11,-13,-11,-11,-10,-7,-9,-5,-12,-6,-14,-5,-11,0,-14,-1,-15,1,-15,1,-19,3,-20,3,-22,7,-23,6,-24,6,-22,1,-24,6,-20,5,-26,4,-23,5,-29,-1,-27,1,-27,0,-26,-4,-25,-2,-23,-2,-21,-4,-22,-3,-23,-6,-23,-3,-20,-9,-20,-5,-16,-4,-16,-4,-15,-6,-16,-9,-13,-7,-15,-6,-14,-5,-13,-8,-11,-8,-12,-11,0,0,0,0,0,0,0,0,0,0,0,0,0,0,0,0,0,0,0,0,0,0,-4,-20,-4,-24,-3,-24,-5,-29,-3,-31,3,-36,2,-36,7,-41,8,-46,7,-47,14,-52,15,-54,16,-61,21,-60,32,-57,30,-58,37,-64,40,-60,43,-59,48,-56,54,-56,60,-56,58,-56,62,-57,64,-58,64,-54,68,-46,70,-45,69,-45,74,-49,63,-38,72,-41,70,-37,66,-39,74,-38,67,-41,60,-34,67,-41,65,-34,67,-36,65,-34,64,-40,65,-35,58,-39,60,-33,56,-36,57,-37,60,-35,58,-37,61,-37,57,-38,59,-39,64,-33,61,-31,68,-36,63,-29,61,-29,0,0]"
CSI_DATA,370,1a:00:00:00:00:00,-49,11,1,0,1,1,1,0,0,0,1,-96,0,11,2,5043203,0,44,0,384,0,"[0,0,0,0,0,0,0,0,0,0,0,0,7,-5,7,-5,6,-4,6,-4,5,-3,4,-3,4,-3,3,-3,2,-3,2,-3,2,-3,1,-3,1,-3,0,-3,0,-2,-1,-3,-1,-3,-2,-3,-1,-2,-2,-3,-2,-3,-2,-3,-2,-3,-3,-3,-3,-4,-3,-4,0,0,-3,-4,-3,-4,-4,-4,-4,-4,-3,-4,-3,-5,-3,-5,-3,-4,-2,-4,-2,-5,-2,-4,-2,-4,-2,-4,-2,-4,-1,-4,-1,-4,-1,-4,-1,-4,-1,-4,-1,-3,-1,-3,-1,-3,-1,-3,-1,-3,0,-3,0,-3,0,0,0,0,0,0,0,0,0,0,0,0,0,0,49,-29,47,-25,41,-26,40,-24,43,-23,37,-19,33,-17,32,-18,29,-15,23,-12,23,-16,18,-14,15,-13,13,-10,15,-12,6,-12,7,-12,2,-11,2,-10,-2,-11,-5,-13,-3,-11,-6,-12,-6,-14,-4,-13,-8,-14,-9,-17,-10,-12,-10,-18,-15,-17,-14,-19,-13,-22,-15,-19,-14,-19,-15,-21,-9,-25,-12,-23,-9,-22,-10,-21,-7,-23,-4,-22,-4,-25,-5,-19,-3,-22,-2,-20,-3,-19,-1,-18,-2,-19,-1,-16,-3,-17,0,-16,2,-17,-1,-16,-1,-15,3,-13,5,-14,6,-13,0,0,0,0,0,0,0,0,0,0,0,0,0,0,0,0,0,0,0,0,0,0,19,-8,19,-10,24,-9,29,-8,28,-6,34,-4,37,-5,39,-7,47,-5,44,0,50,2,52,2,62,3,59,10,58,18,60,17,70,23,65,30,64,28,66,33,65,39,68,43,66,43,70,47,64,49,68,46,60,53,61,58,57,56,62,58,49,48,55,59,53,59,51,52,52,60,51,55,47,54,55,54,48,52,52,52,44,53,51,52,49,52,51,47,47,46,45,44,47,50,51,43,48,45,50,50,48,48,53,46,50,55,45,46,49,54,44,52,41,51,0,0]"
CSI_DATA,371,1a:00:00:00:00:00,-48,11,1,0,1,1,1,0,0,0,1,-96,0,11,2,5052385,0,44,0,384,0,"[0,0,0,0,0,0,0,0,0,0,0,0,-4,7,-4,6,-4,6,-4,5,-3,5,-3,4,-2,3,-2,3,-2,3,-1,2,-1,2,0,2,0,2,0,2,0,1,1,1,1,1,1,1,1,1,2,1,2,1,2,1,2,1,3,1,3,1,3,1,0,0,3,1,4,1,4,1,3,1,3,1,4,2,4,2,3,2,3,2,3,2,3,2,2,2,2,2,2,2,2,2,2,2,2,2,1,2,1,2,1,1,1,2,1,2,1,2,1,2,1,2,0,1,0,0,0,0,0,0,0,0,0,0,0,0,0,0,-34,52,-28,48,-24,45,-24,39,-24,40,-23,34,-20,31,-20,31,-16,23,-16,24,-12,23,-9,22,-7,19,-8,16,-2,14,1,12,-1,14,-1,9,3,9,6,8,7,11,8,8,11,6,11,5,10,8,15,8,15,8,19,7,19,6,22,8,18,7,22,10,19,8,21,9,19,9,22,12,19,13,22,11,19,12,21,13,19,15,18,17,17,15,14,13,11,13,13,15,12,15,11,13,10,12,10,13,9,13,11,12,7,12,5,12,7,10,4,15,4,14,0,0,0,0,0,0,0,0,0,0,0,0,0,0,0,0,0,0,0,0,0,0,-16,12,-17,13,-21,15,-24,17,-28,17,-30,17,-31,17,-38,18,-41,21,-44,19,-49,14,-53,14,-62,21,-61,13,-65,4,-65,7,-76,8,-73,-1,-71,-4,-76,-8,-77,-9,-85,-16,-73,-17,-84,-16,-83,-20,-85,-19,-77,-26,-82,-28,-75,-27,-82,-28,-72,-27,-77,-34,-74,-32,-71,-28,-74,-36,-71,-28,-70,-29,-73,-29,-66,-25,-74,-26,-68,-28,-72,-23,-72,-22,-65,-17,-64,-19,-69,-22,-66,-19,-66,-19,-69,-19,-68,-20,-67,-19,-72,-17,-71,-23,-63,-18,-71,-23,-63,-26,-62,-18,0,0]"
CSI_DATA,372,1a:00:00:00:00:00,-49,11,1,0,1,1,1,0,0,0,1,-96,0,11,2,5092467,0,44,0,384,0,"[0,0,0,0,0,0,0,0,0,0,0,0,-6,-7,-5,-7,-5,-6,-4,-6,-4,-5,-3,-4,-3,-4,-3,-3,-3,-3,-3,-2,-3,-2,-3,-2,-3,-1,-2,-1,-2,-1,-2,0,-2,0,-2,0,-2,1,-2,1,-2,1,-2,2,-2,2,-3,2,-3,2,-3,2,0,0,-3,3,-3,3,-4,3,-3,3,-4,2,-4,2,-4,2,-4,2,-4,2,-4,2,-4,2,-4,1,-4,1,-3,1,-4,1,-4,1,-3,1,-3,1,-3,1,-3,0,-3,0,-3,0,-3,0,-3,0,-3,0,-3,0,0,0,0,0,0,0,0,0,0,0,0,0,0,0,-29,-52,-26,-46,-29,-45,-23,-45,-23,-40,-17,-39,-17,-34,-16,-30,-15,-27,-12,-25,-10,-23,-12,-19,-14,-18,-11,-12,-9,-10,-13,-7,-11,-5,-11,-2,-10,-4,-12,-1,-13,2,-12,1,-11,8,-13,7,-10,8,-16,9,-17,10,-14,13,-14,13,-15,16,-15,12,-18,18,-19,16,-20,16,-17,14,-21,13,-21,14,-21,14,-22,8,-20,9,-22,10,-19,9,-19,7,-21,7,-21,5,-19,5,-19,6,-16,4,-15,5,-17,4,-15,4,-16,1,-15,3,-16,0,-17,1,-13,1,-10,-1,0,0,0,0,0,0,0,0,0,0,0,0,0,0,0,0,0,0,0,0,0,0,0,-21,-1,-25,-1,-25,0,-30,5,-32,4,-36,5,-36,7,-40,8,-46,13,-44,17,-49,17,-53,17,-62,26,-59,32,-58,32,-59,38,-65,41,-57,44,-59,48,-59,54,-60,58,-61,53,-55,59,-59,66,-59,61,-60,65,-52,68,-49,64,-50,71,-51,59,-43,68,-50,67,-43,63,-44,69,-43,61,-44,60,-40,59,-45,56,-44,62,-48,63,-46,53,-49,57,-43,53,-48,51,-44,49,-42,54,-50,53,-45,52,-49,50,-49,48,-45,49,-51,57,-52,48,-41,56,-49,55,-46,53,-41,0,0]"
CSI_DATA,373,1a:00:00:00:00:00,-49,11,1,0,1,1,1,0,0,0,1,-96,0,11,2,5103177,0,44,0,384,0,"[0,0,0,0,0,0,0,0,0,0,0,0,3,-8,2,-7,2,-7,2,-6,2,-5,1,-5,1,-5,1,-4,1,-4,0,-3,0,-3,0,-3,-1,-3,-1,-2,-1,-2,-2,-2,-2,-2,-2,-2,-2,-1,-3,-1,-3,-1,-3,-1,-3,-2,-4,-1,-4,-1,-4,-1,0,0,-4,-2,-4,-2,-4,-2,-4,-2,-4,-2,-4,-2,-4,-2,-4,-2,-4,-2,-3,-3,-3,-3,-3,-3,-3,-3,-3,-3,-3,-3,-3,-2,-3,-3,-2,-3,-2,-3,-2,-2,-2,-2,-2,-2,-2,-2,-2,-2,-1,-3,-1,-2,0,0,0,0,0,0,0,0,0,0,0,0,0,0,26,-54,25,-48,23,-49,22,-42,25,-39,24,-34,21,-32,18,-30,15,-26,15,-22,10,-23,8,-18,9,-19,8,-16,3,-16,1,-13,1,-10,-2,-11,-4,-11,-6,-8,-7,-9,-8,-5,-11,-8,-9,-4,-14,-6,-15,-6,-16,-4,-17,-6,-18,-8,-19,-6,-20,-9,-22,-10,-19,-8,-23,-11,-21,-9,-21,-14,-24,-11,-22,-9,-22,-15,-18,-15,-17,-14,-16,-14,-17,-15,-15,-19,-14,-13,-10,-16,-13,-13,-11,-14,-10,-12,-10,-12,-8,-13,-9,-12,-9,-11,-10,-13,-6,-13,-3,-14,-3,-11,0,0,0,0,0,0,0,0,0,0,0,0,0,0,0,0,0,0,0,0,0,0,17,-17,19,-15,18,-17,21,-20,23,-20,28,-20,27,-22,37,-21,41,-26,44,-20,50,-19,52,-18,59,-22,61,-15,66,-10,65,-13,74,-14,69,-2,72,-2,75,4,77,5,84,3,75,11,84,12,84,21,82,16,78,23,81,24,76,26,82,21,70,25,80,28,74,26,72,17,75,30,73,21,68,26,74,27,63,24,69,26,67,26,72,22,68,23,66,18,65,20,67,14,65,16,66,18,67,12,67,14,67,16,67,17,71,23,60,16,70,24,66,23,66,22,0,0]"
CSI_DATA,374,1a:00:00:00:00:00,-49,11,1,0,1,1,1,0,0,0,1,-96,0,11,2,5112396,0,44,0,384,0,"[0,0,0,0,0,0,0,0,0,0,0,0,-7,3,-7,3,-6,3,-6,2,-5,2,-4,2,-4,2,-3,2,-3,2,-2,1,-2,1,-2,1,-2,1,-1,1,-1,1,0,1,0,1,0,1,0,1,1,1,1,2,1,2,1,2,2,2,2,2,2,2,0,0,2,2,2,3,2,3,2,3,2,3,1,3,1,3,1,3,1,3,1,3,1,3,1,3,1,3,1,2,0,3,0,2,0,2,0,2,0,2,0,2,0,2,0,2,0,2,0,2,-1,2,-1,2,0,0,0,0,0,0,0,0,0,0,0,0,0,0,-53,23,-51,20,-45,24,-45,19,-47,17,-40,12,-36,14,-35,10,-32,11,-24,7,-24,10,-17,10,-17,10,-16,9,-11,8,-8,14,-8,10,-6,12,-2,7,0,10,1,13,1,12,4,10,5,13,6,10,5,14,8,13,11,15,11,16,14,18,11,19,14,17,11,20,12,19,11,18,9,21,10,21,12,21,9,19,8,22,5,21,5,20,2,19,4,22,5,18,3,18,0,18,4,17,1,18,0,15,1,16,0,16,1,12,-4,13,-2,12,-2,14,-5,13,0,0,0,0,0,0,0,0,0,0,0,0,0,0,0,0,0,0,0,0,0,0,-23,1,-24,-1,-28,0,-30,-2,-32,-3,-35,-7,-35,-6,-40,-11,-46,-12,-46,-11,-53,-18,-52,-19,-60,-22,-56,-25,-51,-37,-57,-38,-60,-40,-54,-45,-54,-46,-56,-53,-52,-54,-59,-62,-55,-57,-53,-63,-54,-65,-56,-64,-50,-69,-46,-70,-45,-71,-47,-69,-41,-61,-45,-70,-41,-70,-42,-66,-40,-70,-42,-65,-40,-65,-43,-66,-40,-60,-44,-65,-38,-64,-44,-59,-37,-60,-46,-56,-41,-54,-39,-59,-43,-55,-39,-52,-45,-52,-45,-57,-41,-53,-45,-52,-40,-58,-40,-55,-43,-58,-38,-57,-38,-60,0,0]"
CSI_DATA,375,1a:00:00:00:00:00,-49,11,1,0,1,1,1,0,0,0,1,-96,0,11,2,5132532,0,44,0,384,0,"[0,0,0,0,0,0,0,0,0,0,0,0,6,-4,6,-3,5,-4,5,-3,5,-3,3,-2,3,-2,3,-2,2,-2,2,-2,2,-2,1,-2,1,-2,0,-2,0,-2,0,-3,-1,-2,-1,-2,-1,-2,-1,-2,-2,-3,-2,-3,-2,-3,-2,-3,-2,-3,-2,-3,0,0,-3,-4,-3,-4,-3,-4,-2,-4,-2,-4,-2,-4,-2,-4,-2,-4,-2,-4,-1,-4,-1,-4,-1,-4,-1,-4,-1,-4,-1,-4,-1,-3,-1,-4,-1,-3,-1,-3,-1,-3,0,-3,0,-3,0,-3,0,-3,0,-3,0,-2,0,0,0,0,0,0,0,0,0,0,0,0,0,0,51,-27,48,-27,45,-30,40,-24,40,-21,37,-21,38,-17,33,-16,28,-12,26,-12,21,-14,19,-12,15,-12,13,-11,7,-11,8,-12,8,-13,4,-11,3,-9,0,-13,-3,-12,-4,-10,-8,-11,-8,-11,-8,-14,-10,-13,-12,-13,-11,-14,-12,-18,-17,-17,-15,-17,-18,-18,-14,-18,-14,-19,-14,-17,-12,-18,-11,-20,-10,-19,-9,-21,-8,-23,-8,-21,-5,-21,-5,-19,-6,-18,-6,-20,-5,-19,-1,-16,-5,-17,-1,-17,-2,-17,-5,-16,-1,-14,-4,-15,0,-12,0,-14,2,-12,4,-13,0,0,0,0,0,0,0,0,0,0,0,0,0,0,0,0,0,0,0,0,0,0,22,-5,23,-4,25,-1,29,-3,32,-4,33,0,38,0,40,2,45,1,47,8,50,12,53,12,63,11,62,19,59,27,61,25,67,31,59,34,62,38,61,40,60,49,65,52,59,53,60,60,61,60,63,56,52,63,54,64,48,59,57,67,45,54,52,66,46,65,48,59,45,67,47,59,43,55,48,59,46,55,50,56,44,59,48,54,46,57,49,48,46,50,45,54,46,50,47,50,48,46,46,49,46,53,49,50,47,54,40,45,48,54,47,54,39,53,0,0]"
CSI_DATA,376,1a:00:00:00:00:00,-49,11,1,0,1,1,1,0,0,0,1,-96,0,11,2,5142392,0,44,0,384,0,"[0,0,0,0,0,0,0,0,0,0,0,0,6,-5,6,-5,5,-4,5,-4,4,-3,4,-3,3,-3,2,-3,2,-3,2,-2,1,-2,1,-2,1,-2,0,-2,0,-2,-1,-2,-1,-2,-1,-2,-2,-2,-2,-2,-2,-2,-2,-2,-2,-3,-3,-3,-3,-3,-3,-3,0,0,-3,-3,-3,-4,-3,-4,-3,-3,-2,-3,-3,-4,-2,-4,-2,-4,-2,-4,-2,-4,-2,-4,-2,-4,-2,-4,-1,-4,-1,-3,-1,-3,-1,-3,-1,-3,-1,-3,-1,-3,-1,-3,-1,-3,-1,-3,-1,-3,0,-3,0,-2,0,0,0,0,0,0,0,0,0,0,0,0,0,0,55,-14,54,-9,52,-12,46,-10,42,-8,42,-5,37,-9,37,-5,32,-4,26,-4,18,-9,19,-3,20,-8,16,-5,12,-9,10,-9,11,-9,7,-9,5,-10,2,-13,-2,-14,-1,-13,-1,-11,-1,-10,1,-14,-4,-17,-4,-15,-8,-17,-4,-18,-10,-20,-10,-20,-8,-24,-5,-22,-5,-27,-8,-22,-3,-24,-6,-23,-2,-23,1,-22,2,-26,1,-23,0,-22,2,-23,2,-21,3,-21,3,-18,1,-19,5,-15,3,-16,6,-14,4,-15,5,-14,4,-14,5,-13,5,-12,4,-14,9,-11,0,0,0,0,0,0,0,0,0,0,0,0,0,0,0,0,0,0,0,0,0,0,20,-3,26,-3,23,-1,30,-2,30,-1,36,0,36,3,40,9,46,7,44,10,49,15,51,14,59,14,61,23,58,35,56,34,66,38,52,40,59,46,58,52,51,54,54,61,50,55,54,62,53,64,55,64,46,65,47,74,42,68,46,74,36,60,38,75,35,69,34,68,31,71,35,68,31,62,38,64,33,63,38,65,32,70,35,60,33,66,35,59,35,58,34,57,34,59,31,61,37,58,33,62,34,58,37,55,35,65,31,54,34,66,33,64,25,61,0,0]"
CSI_DATA,377,1a:00:00:00:00:00,-49,11,1,0,1,1,1,0,0,0,1,-96,0,11,2,5152424,0,44,0,384,0,"[0,0,0,0,0,0,0,0,0,0,0,0,-8,-2,-8,-2,-7,-2,-7,-2,-6,-2,-5,-2,-5,-1,-4,-1,-4,-1,-3,-1,-3,-1,-3,0,-3,0,-2,0,-2,0,-2,1,-2,1,-1,1,-1,1,-1,2,-1,2,-1,2,-1,2,-1,3,-1,3,-1,3,0,0,-1,3,-1,4,-1,4,-1,3,-2,3,-2,3,-2,3,-2,3,-2,3,-2,3,-2,3,-2,3,-2,2,-2,2,-2,2,-2,2,-2,2,-2,2,-2,2,-2,1,-2,1,-2,1,-2,1,-2,1,-2,1,-2,1,0,0,0,0,0,0,0,0,0,0,0,0,0,0,-61,-1,-53,-3,-55,2,-49,-4,-47,0,-44,-5,-39,-1,-38,-4,-31,-2,-28,-2,-25,-1,-23,-1,-21,2,-17,2,-18,1,-13,4,-12,3,-11,6,-8,10,-4,6,-7,12,-4,11,-1,11,2,12,1,14,-1,14,3,16,4,20,4,16,3,20,4,18,4,23,4,22,1,24,3,21,-1,24,4,24,0,19,-1,22,-3,18,-3,21,-4,19,-2,19,-5,17,-3,18,-6,17,-5,17,-4,16,-5,14,-5,13,-4,12,-5,13,-5,12,-4,10,-7,12,-8,9,-10,9,0,0,0,0,0,0,0,0,0,0,0,0,0,0,0,0,0,0,0,0,0,0,-21,-10,-21,-13,-23,-13,-28,-16,-27,-17,-31,-21,-31,-21,-32,-26,-36,-28,-35,-33,-37,-39,-37,-39,-43,-45,-36,-53,-32,-56,-33,-61,-39,-66,-27,-63,-32,-68,-29,-71,-25,-74,-25,-80,-21,-76,-22,-82,-15,-83,-20,-84,-11,-83,-10,-82,-8,-78,-12,-86,-5,-70,-9,-82,-7,-81,-12,-75,-4,-84,-10,-76,-8,-70,-7,-75,-5,-73,-8,-76,-6,-75,-15,-73,-10,-76,-18,-66,-10,-66,-14,-71,-18,-65,-14,-67,-18,-66,-17,-66,-14,-70,-16,-66,-9,-73,-10,-63,-10,-77,-14,-71,-11,-67,0,0]"
CSI_DATA,378,1a:00:00:00:00:00,-49,11,1,0,1,1,1,0,0,0,1,-96,0,11,2,5162366,0,44,0,384,0,"[0,0,0,0,0,0,0,0,0,0,0,0,2,-8,2,-7,2,-7,2,-6,2,-5,1,-5,1,-5,1,-4,0,-4,0,-3,0,-3,0,-3,-1,-3,-1,-2,-1,-2,-2,-2,-2,-2,-2,-2,-2,-1,-3,-1,-3,-1,-3,-1,-3,-1,-3,-1,-4,-1,-4,-1,0,0,-4,-2,-4,-1,-4,-2,-4,-2,-4,-2,-4,-2,-4,-2,-4,-2,-4,-2,-3,-2,-3,-3,-3,-3,-3,-3,-3,-3,-3,-3,-2,-2,-3,-2,-2,-2,-2,-2,-2,-2,-2,-2,-2,-2,-2,-2,-2,-2,-2,-2,-1,-2,0,0,0,0,0,0,0,0,0,0,0,0,0,0,20,-50,18,-55,17,-50,16,-47,14,-45,19,-39,12,-36,13,-33,11,-28,9,-25,6,-27,7,-22,4,-19,5,-19,-2,-16,1,-15,-1,-15,-3,-11,-4,-11,-9,-12,-9,-8,-11,-9,-11,-5,-12,-1,-12,-4,-15,-1,-16,-3,-18,-2,-18,-4,-23,-3,-20,-3,-21,-3,-22,-3,-22,-4,-21,-3,-21,-5,-21,-7,-24,-6,-23,-7,-22,-9,-21,-9,-20,-11,-19,-12,-17,-11,-16,-13,-18,-10,-16,-8,-16,-7,-12,-10,-12,-7,-14,-10,-14,-9,-13,-10,-11,-8,-10,-9,-9,-10,-8,-14,0,0,0,0,0,0,0,0,0,0,0,0,0,0,0,0,0,0,0,0,0,0,15,-17,18,-14,22,-19,24,-20,27,-17,30,-18,30,-22,33,-19,38,-27,43,-19,50,-20,52,-22,56,-24,58,-19,62,-11,68,-13,70,-13,71,-2,71,-2,74,-2,79,2,83,4,78,9,83,9,82,13,82,8,79,20,79,19,78,21,83,18,73,18,77,22,78,21,73,17,80,24,76,17,73,21,76,18,68,18,74,18,69,19,73,16,70,15,70,9,66,10,68,12,70,10,67,9,69,6,70,8,70,9,70,8,69,8,65,6,72,13,68,12,64,12,0,0]"
CSI_DATA,379,1a:00:00:00:00:00,-49,11,1,0,1,1,1,0,0,0,1,-96,0,11,2,5172380,0,44,0,384,0,"[0,0,0,0,0,0,0,0,0,0,0,0,-6,5,-6,5,-5,4,-5,4,-4,3,-4,3,-3,3,-3,2,-3,2,-2,2,-2,2,-1,2,-1,1,-1,1,-1,1,0,1,0,1,0,1,1,1,1,1,1,1,2,1,2,1,2,1,2,1,2,1,0,0,3,1,3,2,3,2,3,1,2,2,3,2,2,2,2,2,2,2,2,2,2,2,1,2,1,2,1,2,1,2,1,2,1,2,1,2,1,1,1,2,1,2,0,2,0,1,0,1,0,2,0,2,0,0,0,0,0,0,0,0,0,0,0,0,0,0,-49,33,-45,27,-45,29,-44,24,-39,24,-36,19,-32,20,-32,18,-25,14,-21,15,-21,14,-16,13,-13,9,-13,7,-13,11,-8,12,-7,7,-3,8,-5,9,-2,10,2,10,2,10,6,9,6,10,8,12,9,11,11,12,12,11,10,15,14,17,15,13,14,17,13,15,15,18,13,14,10,19,12,16,13,19,7,19,10,19,7,18,7,20,6,18,5,18,7,17,3,16,2,15,5,14,4,15,3,12,2,13,3,10,2,12,1,15,-1,14,0,13,0,10,0,0,0,0,0,0,0,0,0,0,0,0,0,0,0,0,0,0,0,0,0,0,-22,5,-22,5,-27,2,-31,5,-29,5,-36,4,-36,1,-42,-1,-47,2,-45,-4,-52,-6,-55,-6,-63,-8,-64,-16,-63,-20,-63,-21,-71,-28,-62,-29,-65,-33,-63,-40,-67,-43,-71,-50,-66,-44,-66,-48,-65,-53,-68,-51,-62,-56,-63,-59,-55,-56,-63,-61,-50,-50,-58,-63,-52,-59,-54,-58,-51,-60,-55,-57,-49,-52,-54,-56,-49,-53,-55,-55,-52,-58,-50,-52,-54,-50,-53,-47,-50,-49,-48,-48,-51,-50,-50,-46,-51,-45,-50,-47,-52,-44,-58,-44,-56,-53,-45,-45,-49,-52,-53,-53,-46,-46,0,0]"
CSI_DATA,380,1a:00:00:00:00:00,-49,11,1,0,1,1,1,0,0,0,1,-96,0,11,2,5182416,0,44,0,384,0,"[0,0,0,0,0,0,0,0,0,0,0,0,8,1,7,1,7,0,6,1,6,0,5,0,4,0,3,0,3,0,3,0,3,0,2,-1,2,-1,1,-1,1,-1,1,-2,0,-2,0,-2,0,-2,0,-3,0,-3,0,-3,0,-3,0,-4,0,-4,0,-4,0,0,0,-5,0,-5,0,-4,0,-5,0,-4,1,-4,1,-4,1,-4,1,-4,1,-4,1,-4,1,-4,1,-3,1,-3,1,-3,1,-3,1,-3,1,-3,1,-3,1,-3,1,-2,1,-2,1,-2,1,-2,1,-2,1,-2,0,0,0,0,0,0,0,0,0,0,0,0,0,0,57,8,53,8,53,4,46,7,44,8,42,8,34,7,36,8,26,3,28,4,23,5,19,1,17,1,18,2,16,-2,13,-2,13,-6,14,-6,10,-4,7,-5,5,-10,4,-9,3,-10,4,-13,3,-12,3,-12,-2,-18,-1,-17,1,-19,-1,-20,0,-23,-1,-20,6,-21,-1,-25,-1,-20,7,-22,4,-23,5,-23,8,-20,7,-20,4,-20,8,-21,8,-22,9,-18,8,-16,5,-14,9,-15,5,-14,10,-13,10,-12,5,-10,7,-11,10,-11,7,-9,10,-9,12,-10,10,-5,0,0,0,0,0,0,0,0,0,0,0,0,0,0,0,0,0,0,0,0,0,0,21,5,25,11,22,9,29,11,25,14,31,18,30,18,31,18,39,27,37,28,41,35,42,35,46,40,43,49,40,52,34,53,43,64,36,59,33,66,28,70,28,74,30,78,24,72,26,80,21,81,28,82,14,78,14,83,9,79,11,86,9,70,9,82,5,77,8,79,3,83,5,77,5,73,4,76,8,72,11,75,4,75,12,69,7,74,14,69,6,69,7,64,9,67,10,68,10,67,10,68,9,71,13,65,8,76,6,63,6,70,5,74,2,67,0,0]"
CSI_DATA,381,1a:00:00:00:00:00,-49,11,1,0,1,1,1,0,0,0,1,-96,0,11,2,5192599,0,44,0,384,0,"[0,0,0,0,0,0,0,0,0,0,0,0,3,8,2,7,3,7,2,6,1,6,1,5,1,4,1,4,1,3,1,3,1,2,1,2,1,1,1,1,1,0,1,0,1,0,1,-1,2,-1,2,-1,2,-1,2,-2,2,-2,3,-2,3,-2,3,-2,0,0,3,-3,3,-3,4,-2,3,-3,3,-2,3,-2,4,-2,4,-2,3,-2,3,-1,4,-1,3,-1,3,-1,3,-1,3,-1,3,-1,3,-1,2,-1,2,-1,2,-1,2,0,2,0,2,0,2,0,2,0,2,0,0,0,0,0,0,0,0,0,0,0,0,0,0,0,27,52,19,50,24,48,20,43,22,44,15,38,13,34,12,34,13,27,9,27,13,22,7,22,12,19,6,17,11,12,8,11,8,8,5,4,9,2,7,0,7,-2,9,-2,8,-7,9,-9,11,-10,10,-8,8,-9,13,-10,14,-13,12,-13,12,-14,15,-17,15,-17,17,-13,18,-16,18,-12,17,-14,17,-12,19,-12,17,-10,18,-12,20,-7,20,-8,20,-9,17,-7,17,-7,13,-7,14,-4,14,-6,10,-5,12,-3,12,-3,11,-6,11,-3,12,-3,11,-1,11,-2,0,0,0,0,0,0,0,0,0,0,0,0,0,0,0,0,0,0,0,0,0,0,-5,20,-9,23,-10,25,-9,28,-11,28,-12,33,-13,32,-18,39,-18,44,-27,46,-30,47,-27,48,-31,54,-41,52,-41,54,-50,49,-49,55,-52,51,-57,50,-56,53,-66,49,-69,50,-66,46,-74,44,-76,41,-77,41,-78,37,-76,39,-78,36,-77,42,-66,28,-78,35,-74,34,-72,33,-77,32,-71,36,-70,33,-72,36,-69,35,-71,39,-69,35,-68,40,-66,38,-59,42,-57,36,-60,40,-60,41,-58,39,-60,43,-57,40,-59,39,-58,43,-63,41,-52,40,-65,42,-59,41,-58,37,0,0]"
CSI_DATA,382,1a:00:00:00:00:00,-50,11,1,0,1,1,1,0,0,0,1,-96,0,11,2,5202570,0,44,0,384,0,"[0,0,0,0,0,0,0,0,0,0,0,0,-8,-4,-7,-4,-7,-3,-6,-4,-6,-3,-5,-3,-5,-3,-4,-2,-4,-2,-4,-2,-3,-1,-3,-1,-3,-1,-2,0,-2,0,-2,0,-2,1,-2,1,-1,1,-1,1,-1,1,-1,2,-2,2,-1,2,-1,3,-1,3,0,0,-2,3,-2,3,-2,3,-2,3,-2,3,-3,3,-2,2,-3,3,-2,2,-3,2,-3,2,-3,2,-3,2,-3,2,-3,2,-2,2,-2,1,-2,1,-2,1,-2,1,-2,1,-2,1,-2,1,-2,1,-3,0,-2,0,0,0,0,0,0,0,0,0,0,0,0,0,0,0,-47,-34,-40,-29,-47,-29,-36,-31,-34,-30,-32,-29,-30,-22,-30,-21,-23,-18,-21,-20,-20,-19,-18,-13,-15,-14,-15,-9,-11,-11,-15,-6,-13,-7,-9,-1,-12,0,-11,1,-9,4,-10,5,-8,5,-10,7,-9,7,-10,10,-11,10,-11,14,-10,14,-11,15,-11,15,-12,15,-16,14,-16,15,-15,19,-17,13,-17,13,-17,14,-19,10,-17,11,-18,10,-19,9,-18,8,-19,8,-18,6,-17,4,-16,6,-15,5,-14,5,-15,3,-15,5,-12,1,-14,2,-12,3,-13,0,-10,0,-11,-1,0,0,0,0,0,0,0,0,0,0,0,0,0,0,0,0,0,0,0,0,0,0,-19,-12,-19,-16,-20,-15,-27,-17,-24,-20,-27,-26,-26,-24,-26,-33,-31,-36,-30,-39,-34,-43,-34,-45,-40,-54,-30,-57,-22,-63,-20,-62,-25,-71,-14,-71,-14,-75,-9,-75,-3,-77,0,-83,-3,-77,-1,-86,3,-85,0,-85,8,-79,14,-85,16,-78,14,-85,14,-72,21,-85,23,-76,19,-74,26,-77,22,-73,20,-68,17,-77,17,-69,15,-75,22,-71,18,-69,20,-71,14,-67,18,-69,22,-65,20,-66,18,-67,19,-66,17,-69,15,-67,16,-70,25,-69,18,-60,23,-72,27,-67,24,-63,0,0]"
CSI_DATA,383,1a:00:00:00:00:00,-50,11,1,0,1,1,1,0,0,0,1,-96,0,11,2,5212383,0,44,0,384,0,"[0,0,0,0,0,0,0,0,0,0,0,0,-6,6,-6,6,-5,5,-5,4,-5,4,-4,3,-4,3,-3,3,-3,3,-2,2,-2,2,-2,2,-1,2,-1,1,0,1,0,1,0,1,0,1,1,1,1,1,1,1,2,1,2,1,2,1,2,1,2,1,0,0,3,2,3,1,3,2,3,2,3,2,3,2,2,2,2,2,2,2,2,2,2,3,1,2,1,2,1,2,1,2,1,2,1,2,1,2,1,2,1,2,1,2,1,2,0,1,0,2,0,2,0,1,0,0,0,0,0,0,0,0,0,0,0,0,0,0,-17,23,-17,21,-14,23,-15,18,-14,18,-13,15,-12,15,-12,14,-9,12,-11,10,-8,9,-8,7,-7,8,-5,7,-4,7,-2,7,-2,4,-1,5,0,5,1,4,3,5,3,4,3,3,4,3,5,4,6,5,6,3,7,4,6,3,9,3,9,4,8,5,8,6,8,5,8,6,8,7,6,6,6,8,6,7,7,8,6,7,4,8,5,8,4,8,3,7,4,6,4,6,4,5,4,5,4,7,4,6,1,5,2,5,2,5,2,6,1,5,0,5,0,0,0,0,0,0,0,0,0,0,0,0,0,0,0,0,0,0,0,0,0,0,-7,8,-8,8,-10,8,-11,11,-12,11,-15,11,-16,10,-18,10,-20,12,-22,12,-25,13,-25,14,-29,15,-30,12,-32,8,-33,8,-38,9,-37,4,-37,3,-39,0,-40,-2,-42,-4,-42,-5,-44,-4,-43,-7,-44,-4,-41,-10,-42,-10,-41,-12,-42,-12,-36,-9,-41,-14,-38,-14,-38,-13,-37,-15,-37,-13,-35,-13,-38,-12,-35,-11,-37,-13,-36,-13,-36,-11,-35,-13,-35,-9,-32,-13,-32,-12,-33,-10,-33,-12,-34,-10,-35,-11,-35,-10,-33,-8,-36,-12,-31,-12,-37,-12,-33,-14,-32,-14,0,0]"
CSI_DATA,384,1a:00:00:00:00:00,-50,11,1,0,1,1,1,0,0,0,1,-96,0,11,2,5222799,0,44,0,384,0,"[0,0,0,0,0,0,0,0,0,0,0,0,-8,3,-8,2,-7,2,-7,2,-6,1,-5,1,-5,1,-4,1,-4,1,-3,1,-3,1,-3,1,-2,1,-2,1,-2,1,-1,1,-1,1,0,1,0,1,0,1,0,1,1,2,1,2,1,2,1,2,1,3,0,0,2,3,2,3,2,3,2,3,1,3,1,3,1,3,1,3,1,3,0,3,0,3,0,3,0,3,0,3,0,2,0,3,0,2,0,2,0,2,0,2,0,2,0,2,-1,2,-1,2,-1,2,-1,2,0,0,0,0,0,0,0,0,0,0,0,0,0,0,-59,7,-55,5,-54,10,-47,4,-43,6,-41,4,-41,5,-39,2,-32,4,-24,2,-27,2,-22,2,-24,2,-18,5,-15,3,-10,5,-12,6,-9,8,-5,4,-5,11,-3,10,-1,7,1,7,-2,10,2,13,3,11,4,14,6,17,7,13,7,16,7,20,10,20,5,18,7,21,9,19,1,21,5,18,3,20,1,21,4,18,2,19,1,22,-1,19,-2,17,-2,16,-1,19,0,17,2,17,-1,14,1,14,-4,15,-4,13,-2,12,-2,14,-4,14,-5,9,-5,11,0,0,0,0,0,0,0,0,0,0,0,0,0,0,0,0,0,0,0,0,0,0,-24,-6,-22,-7,-28,-11,-28,-11,-31,-14,-35,-19,-32,-17,-39,-23,-42,-24,-42,-28,-45,-33,-44,-33,-50,-40,-49,-46,-41,-49,-48,-53,-50,-58,-42,-60,-44,-62,-40,-68,-38,-73,-40,-76,-35,-74,-37,-80,-35,-81,-36,-81,-29,-79,-23,-81,-22,-81,-28,-85,-24,-74,-25,-84,-22,-81,-22,-76,-20,-81,-22,-74,-23,-72,-23,-78,-21,-71,-24,-75,-21,-74,-27,-71,-25,-72,-27,-67,-26,-66,-29,-65,-30,-65,-26,-66,-30,-65,-29,-65,-23,-65,-33,-66,-27,-72,-25,-63,-28,-71,-29,-66,-23,-68,0,0]"
CSI_DATA,385,1a:00:00:00:00:00,-50,11,1,0,1,1,1,0,0,0,1,-96,0,11,2,5242881,0,44,0,384,0,"[0,0,0,0,0,0,0,0,0,0,0,0,-1,-9,-1,-8,-1,-7,-1,-7,-1,-6,0,-5,-1,-5,-1,-4,-1,-4,-1,-3,-1,-3,-1,-3,-1,-2,-2,-2,-2,-2,-2,-1,-2,-1,-2,-1,-2,0,-2,0,-3,0,-3,0,-3,0,-3,0,-3,1,-3,0,0,0,-4,1,-4,1,-4,1,-4,1,-4,0,-4,0,-4,0,-4,0,-4,0,-4,0,-4,0,-4,-1,-4,-1,-3,-1,-3,-1,-3,-1,-3,-1,-3,-1,-3,-1,-3,-1,-3,-1,-3,-1,-3,-1,-2,-1,-2,-1,-2,-1,0,0,0,0,0,0,0,0,0,0,0,0,0,0,-4,-58,-9,-52,-8,-55,-6,-48,-5,-45,-4,-44,-3,-36,-2,-38,-1,-29,-1,-29,-2,-24,-2,-21,-5,-23,-4,-17,-4,-13,-8,-15,-9,-11,-8,-7,-6,-5,-8,-3,-9,-5,-10,0,-10,2,-11,4,-12,1,-14,8,-15,3,-17,7,-16,7,-19,7,-17,6,-19,10,-17,8,-20,9,-16,6,-21,5,-20,4,-20,4,-19,3,-20,4,-19,1,-16,2,-17,1,-19,1,-16,0,-16,1,-17,-3,-14,0,-12,1,-12,0,-16,2,-14,0,-13,-3,-12,-2,-12,-2,-10,1,-13,-4,0,0,0,0,0,0,0,0,0,0,0,0,0,0,0,0,0,0,0,0,0,0,9,-20,9,-22,10,-21,15,-28,16,-28,21,-28,21,-29,28,-32,30,-36,32,-36,36,-38,39,-37,43,-44,48,-42,55,-39,55,-37,65,-41,61,-36,69,-35,68,-30,74,-28,79,-28,73,-23,79,-26,79,-24,78,-26,78,-19,80,-16,78,-17,85,-20,70,-15,83,-15,78,-13,78,-16,79,-10,75,-16,68,-12,75,-15,71,-17,72,-19,73,-13,69,-22,71,-21,63,-22,66,-21,61,-23,65,-22,64,-22,65,-22,64,-20,59,-24,67,-26,70,-24,58,-22,68,-25,69,-22,62,-20,0,0]"
CSI_DATA,386,1a:00:00:00:00:00,-50,11,1,0,1,1,1,0,0,0,1,-96,0,11,2,5253087,0,44,0,384,0,"[0,0,0,0,0,0,0,0,0,0,0,0,8,0,7,0,6,0,6,1,5,0,4,0,4,0,3,0,3,0,3,0,3,-1,2,-1,2,-1,1,-1,1,-1,1,-2,1,-2,0,-2,0,-2,0,-3,0,-3,0,-3,0,-3,0,-4,0,-4,-1,-4,0,0,0,-4,0,-4,0,-4,0,-4,0,-4,0,-4,0,-4,0,-4,0,-4,1,-4,1,-4,1,-3,1,-3,1,-3,1,-3,1,-3,1,-3,1,-3,1,-2,1,-2,1,-3,1,-2,1,-2,1,-2,1,-2,1,-2,0,0,0,0,0,0,0,0,0,0,0,0,0,0,51,5,53,9,52,3,44,9,43,9,38,9,37,9,33,9,31,8,24,4,19,6,19,4,20,3,16,4,14,1,14,-4,13,-3,12,-2,7,-3,5,-8,5,-9,3,-11,4,-9,2,-13,2,-12,2,-15,-1,-15,-1,-17,2,-20,0,-18,0,-17,1,-20,0,-21,2,-20,2,-19,7,-19,4,-20,4,-19,8,-19,1,-20,7,-19,9,-18,5,-15,8,-18,7,-15,6,-13,8,-11,6,-13,8,-14,8,-12,5,-10,9,-11,5,-10,7,-12,10,-5,9,-9,8,-8,0,0,0,0,0,0,0,0,0,0,0,0,0,0,0,0,0,0,0,0,0,0,20,5,23,6,21,7,31,11,29,12,31,18,33,14,33,20,40,23,39,26,40,31,41,33,48,41,45,45,39,48,42,52,45,59,38,61,33,62,34,68,29,69,27,77,25,74,25,79,21,81,28,81,16,79,17,78,14,80,14,85,11,73,9,81,9,77,10,73,5,78,11,77,5,72,9,77,8,72,9,75,5,71,13,71,10,73,12,68,9,66,7,67,6,63,11,66,14,66,10,66,9,68,14,70,9,71,10,64,5,66,5,70,2,64,0,0]"
CSI_DATA,387,1a:00:00:00:00:00,-50,11,1,0,1,1,1,0,0,0,1,-96,0,11,2,5262388,0,44,0,384,0,"[0,0,0,0,0,0,0,0,0,0,0,0,6,-7,5,-6,5,-6,5,-5,4,-4,4,-4,3,-4,3,-3,2,-3,2,-3,1,-3,1,-2,1,-2,0,-2,-1,-2,-1,-2,-1,-2,-1,-2,-2,-2,-2,-2,-2,-2,-3,-2,-3,-2,-3,-2,-3,-3,-3,-3,0,0,-3,-3,-4,-3,-3,-3,-4,-3,-3,-3,-3,-3,-3,-3,-3,-3,-3,-3,-2,-3,-2,-3,-2,-3,-2,-3,-2,-3,-2,-3,-2,-3,-2,-3,-2,-3,-1,-3,-1,-3,-1,-3,-1,-2,-1,-3,-1,-3,-1,-2,-1,-3,0,0,0,0,0,0,0,0,0,0,0,0,0,0,18,-23,17,-20,14,-22,14,-17,14,-19,14,-15,13,-14,12,-14,10,-10,9,-9,8,-9,5,-9,5,-8,4,-8,3,-7,2,-5,2,-4,0,-6,0,-6,-1,-5,-4,-5,-3,-3,-4,-5,-4,-4,-5,-4,-7,-4,-7,-3,-7,-4,-8,-5,-9,-5,-9,-5,-8,-6,-9,-4,-9,-6,-8,-6,-9,-6,-8,-6,-9,-6,-8,-7,-8,-7,-7,-6,-7,-7,-7,-7,-6,-8,-6,-5,-4,-7,-6,-7,-5,-6,-5,-6,-4,-6,-3,-6,-3,-6,-3,-7,-4,-5,-4,-5,-3,-6,-3,-5,0,0,0,0,0,0,0,0,0,0,0,0,0,0,0,0,0,0,0,0,0,0,10,-7,9,-7,11,-6,14,-7,15,-8,15,-6,16,-6,19,-6,22,-6,23,-5,26,-5,26,-5,30,-4,31,-2,32,2,34,2,37,2,34,5,34,7,35,9,38,11,39,14,37,14,38,14,38,17,40,15,36,19,37,20,35,20,38,21,31,17,34,22,32,21,32,19,33,22,32,19,30,19,33,18,31,18,32,18,32,18,33,16,31,17,32,13,30,14,28,15,29,15,30,15,31,15,30,17,30,14,32,13,32,16,27,12,32,15,30,17,28,15,0,0]"
CSI_DATA,388,1a:00:00:00:00:00,-50,11,1,0,1,1,1,0,0,0,1,-96,0,11,2,5272431,0,44,0,384,0,"[0,0,0,0,0,0,0,0,0,0,0,0,-8,-3,-7,-3,-7,-2,-6,-3,-6,-2,-5,-2,-5,-2,-4,-2,-4,-1,-3,-1,-3,-1,-3,-1,-3,0,-2,0,-2,0,-2,0,-1,1,-1,1,-1,1,-1,1,-1,2,-1,2,-1,2,-1,2,-1,3,-1,3,0,0,-1,3,-1,3,-1,3,-1,3,-2,3,-1,3,-2,3,-2,3,-2,3,-2,3,-2,3,-2,2,-2,2,-2,2,-2,2,-2,2,-2,2,-2,1,-2,1,-2,1,-2,1,-2,1,-2,1,-2,1,-2,1,-2,0,0,0,0,0,0,0,0,0,0,0,0,0,0,0,-54,-18,-49,-17,-50,-12,-41,-19,-46,-18,-37,-16,-35,-15,-36,-14,-31,-11,-24,-14,-23,-9,-17,-8,-20,-6,-19,-6,-14,-4,-12,-2,-12,-1,-11,0,-10,5,-8,4,-7,6,-7,6,-3,8,-5,10,-6,12,-5,12,0,15,-3,17,-2,15,-4,16,-3,18,-7,19,-5,17,-6,20,-4,21,-9,21,-10,17,-7,20,-10,15,-10,16,-11,16,-9,16,-9,14,-12,14,-11,12,-10,13,-11,12,-10,13,-10,8,-8,8,-9,7,-9,9,-8,6,-9,8,-13,10,-9,6,-11,6,0,0,0,0,0,0,0,0,0,0,0,0,0,0,0,0,0,0,0,0,0,0,-20,-12,-21,-14,-23,-14,-26,-20,-26,-19,-25,-25,-26,-25,-28,-31,-32,-32,-28,-39,-31,-43,-34,-46,-35,-51,-30,-56,-23,-59,-27,-65,-32,-71,-22,-70,-17,-73,-17,-75,-10,-77,-11,-84,-8,-80,-7,-85,-5,-88,-7,-85,5,-85,2,-86,5,-84,3,-87,6,-73,8,-82,10,-78,7,-76,11,-80,10,-73,10,-73,10,-76,8,-70,7,-76,9,-71,2,-73,7,-72,3,-71,7,-69,5,-67,3,-66,3,-69,2,-66,2,-73,2,-70,5,-69,8,-72,5,-68,9,-75,4,-69,7,-67,0,0]"
CSI_DATA,389,1a:00:00:00:00:00,-50,11,1,0,1,1,1,0,0,0,1,-96,0,11,2,5283198,0,44,0,384,0,"[0,0,0,0,0,0,0,0,0,0,0,0,6,-6,6,-6,5,-6,5,-5,4,-5,4,-4,3,-4,3,-3,2,-3,2,-3,1,-3,1,-3,0,-3,0,-2,0,-2,-1,-2,-1,-2,-1,-2,-2,-2,-2,-2,-2,-2,-3,-2,-2,-2,-3,-2,-3,-2,-3,-2,0,0,-4,-3,-4,-3,-4,-3,-4,-3,-4,-3,-3,-3,-3,-3,-3,-3,-3,-3,-3,-3,-3,-3,-2,-3,-2,-3,-2,-3,-2,-3,-2,-3,-2,-3,-2,-3,-2,-3,-2,-3,-2,-2,-2,-2,-2,-2,-2,-2,-1,-2,-1,-2,0,0,0,0,0,0,0,0,0,0,0,0,0,0,47,-31,42,-27,40,-30,38,-24,38,-23,35,-22,32,-18,30,-16,26,-16,23,-11,18,-13,17,-12,14,-10,14,-11,10,-9,8,-13,9,-11,4,-9,4,-8,1,-10,-3,-8,-6,-10,-5,-10,-5,-10,-7,-10,-11,-11,-13,-8,-10,-13,-15,-13,-14,-13,-14,-12,-17,-16,-16,-13,-14,-13,-16,-13,-13,-18,-13,-15,-13,-14,-10,-18,-13,-17,-10,-19,-7,-19,-9,-18,-4,-16,-7,-15,-4,-14,-5,-16,-4,-14,-5,-12,-3,-15,-6,-13,-4,-13,-5,-12,-4,-14,-4,-11,-1,-12,0,-10,0,0,0,0,0,0,0,0,0,0,0,0,0,0,0,0,0,0,0,0,0,0,21,-4,25,-3,26,-1,29,-6,31,-3,34,0,35,0,42,4,45,2,47,4,53,10,53,9,62,11,60,16,59,24,59,25,69,30,63,37,63,37,61,41,61,43,65,52,62,47,64,52,65,57,64,54,55,57,55,57,53,61,60,64,45,54,54,60,50,60,48,57,51,64,48,58,49,55,52,54,48,51,52,54,48,55,50,51,47,54,51,47,48,48,44,47,47,42,47,48,48,43,49,47,49,43,49,44,53,52,44,43,49,51,46,49,44,50,0,0]"
CSI_DATA,390,1a:00:00:00:00:00,-50,11,1,0,1,1,1,0,0,0,1,-96,0,11,2,5293249,0,44,0,384,0,"[0,0,0,0,0,0,0,0,0,0,0,0,-8,-3,-7,-3,-7,-3,-6,-3,-5,-3,-5,-2,-5,-2,-4,-2,-4,-1,-3,-1,-3,-1,-3,-1,-3,-1,-2,0,-2,0,-2,0,-1,1,-1,1,-1,1,-1,1,-1,1,-1,2,-1,2,-1,2,-1,2,-1,3,0,0,-1,3,-1,3,-1,3,-1,3,-2,3,-2,3,-2,3,-2,2,-2,3,-2,2,-2,2,-2,2,-2,2,-2,2,-2,2,-2,2,-2,1,-2,1,-2,1,-2,1,-2,1,-2,1,-2,1,-2,1,-2,0,-2,0,0,0,0,0,0,0,0,0,0,0,0,0,0,0,-57,-21,-51,-21,-49,-18,-43,-20,-41,-18,-37,-20,-35,-18,-35,-14,-28,-11,-22,-14,-24,-13,-22,-11,-21,-8,-17,-5,-12,-6,-12,-2,-9,-1,-10,1,-12,4,-6,6,-7,6,-5,5,-7,9,-8,11,-6,13,-5,15,-6,14,-5,17,-8,16,-6,17,-4,17,-7,20,-6,18,-8,21,-6,16,-13,18,-11,19,-9,19,-11,15,-10,16,-11,18,-12,17,-11,13,-13,15,-14,12,-11,13,-10,13,-10,11,-11,9,-9,9,-10,9,-8,10,-10,6,-10,9,-8,8,-7,4,-9,2,0,0,0,0,0,0,0,0,0,0,0,0,0,0,0,0,0,0,0,0,0,0,-23,-11,-23,-14,-21,-14,-27,-22,-27,-21,-28,-23,-30,-26,-29,-29,-35,-33,-31,-39,-34,-44,-35,-46,-39,-55,-33,-57,-29,-63,-27,-61,-30,-73,-19,-71,-20,-70,-18,-78,-13,-80,-13,-85,-9,-81,-9,-85,-2,-90,-6,-86,3,-84,5,-84,6,-83,5,-86,6,-76,11,-85,10,-82,7,-78,15,-82,9,-79,12,-76,11,-77,9,-75,10,-75,11,-73,5,-76,11,-75,3,-73,7,-72,6,-68,7,-69,4,-69,2,-67,3,-72,5,-72,2,-71,9,-73,8,-66,11,-76,7,-70,12,-66,0,0]"
CSI_DATA,391,1a:00:00:00:00:00,-50,11,1,0,1,1,1,0,0,0,1,-96,0,11,2,5313196,0,44,0,384,0,"[0,0,0,0,0,0,0,0,0,0,0,0,-5,7,-5,6,-4,5,-5,5,-4,4,-4,4,-3,3,-3,3,-2,3,-2,2,-2,2,-1,2,-1,1,0,1,0,1,0,1,1,1,1,1,1,0,1,0,2,0,2,0,2,1,2,0,3,0,3,1,0,0,3,1,3,1,3,1,3,1,3,1,3,1,3,2,3,2,3,1,2,2,3,2,2,2,2,2,2,1,2,1,1,1,2,2,1,1,1,1,1,1,1,1,1,1,1,1,1,1,1,1,1,1,0,0,0,0,0,0,0,0,0,0,0,0,0,0,-19,21,-20,18,-18,20,-17,17,-14,17,-15,14,-14,12,-14,13,-12,12,-10,9,-8,9,-8,8,-5,10,-4,6,-4,5,-2,5,-2,6,-1,3,0,3,2,3,3,4,4,4,3,3,3,3,4,2,6,3,6,2,8,2,9,2,10,3,9,4,11,3,8,4,10,3,8,4,8,4,9,5,9,5,7,6,6,5,8,7,7,6,7,6,7,4,5,5,5,5,6,6,6,5,5,4,4,4,4,4,5,3,4,4,4,3,4,5,3,3,3,4,0,0,0,0,0,0,0,0,0,0,0,0,0,0,0,0,0,0,0,0,0,0,-12,2,-14,2,-13,1,-17,3,-16,2,-20,-2,-19,0,-21,1,-25,-1,-26,-2,-28,-3,-29,-3,-34,-2,-33,-6,-32,-11,-33,-10,-39,-11,-34,-14,-34,-17,-35,-19,-35,-21,-37,-23,-33,-23,-38,-24,-38,-25,-39,-25,-33,-25,-33,-29,-31,-27,-36,-29,-30,-24,-33,-29,-30,-29,-30,-26,-30,-29,-29,-26,-29,-24,-32,-25,-29,-23,-33,-23,-29,-25,-31,-20,-31,-23,-30,-20,-28,-21,-30,-22,-29,-19,-29,-18,-30,-18,-30,-19,-31,-18,-33,-17,-32,-19,-28,-17,-32,-20,-31,-20,-26,-19,0,0]"
CSI_DATA,392,1a:00:00:00:00:00,-50,11,1,0,1,1,1,0,0,0,1,-96,0,11,2,5332428,0,44,0,384,0,"[0,0,0,0,0,0,0,0,0,0,0,0,-7,2,-7,2,-7,2,-6,1,-6,1,-5,1,-4,1,-4,1,-3,1,-3,1,-3,1,-2,1,-2,1,-2,1,-1,1,-1,1,0,1,0,1,0,1,0,1,1,1,1,2,1,2,1,2,1,2,1,2,0,0,1,2,1,3,1,3,1,3,1,2,1,3,0,3,0,3,0,3,0,3,0,3,0,2,0,2,0,2,0,2,0,2,0,2,0,2,0,2,0,1,-1,2,-1,1,-1,2,-1,1,-1,1,-1,1,0,0,0,0,0,0,0,0,0,0,0,0,0,0,-51,26,-47,23,-44,29,-44,23,-38,22,-37,19,-35,16,-33,17,-28,15,-25,10,-21,14,-18,8,-17,11,-15,8,-10,8,-8,12,-7,9,-4,10,-3,9,-1,7,2,7,4,8,5,10,6,12,8,11,9,12,11,10,14,12,12,10,14,15,12,14,15,14,14,12,18,14,16,17,9,18,12,16,11,15,9,19,10,17,8,18,8,18,7,14,8,16,5,13,7,16,5,13,5,11,5,10,3,12,5,11,5,11,3,9,2,12,4,13,2,13,-1,12,0,0,0,0,0,0,0,0,0,0,0,0,0,0,0,0,0,0,0,0,0,0,-21,0,-25,-2,-27,-1,-33,0,-34,-2,-37,-9,-39,-4,-41,-9,-49,-11,-45,-13,-54,-18,-54,-18,-61,-21,-59,-29,-58,-36,-59,-37,-66,-35,-59,-42,-58,-45,-62,-51,-57,-55,-62,-61,-57,-59,-61,-61,-59,-69,-57,-61,-53,-68,-52,-68,-53,-68,-54,-70,-47,-62,-54,-72,-44,-67,-46,-66,-44,-71,-45,-63,-44,-63,-46,-65,-44,-58,-46,-60,-43,-59,-50,-54,-47,-57,-46,-52,-43,-50,-45,-46,-46,-52,-45,-52,-49,-48,-47,-52,-48,-50,-48,-53,-49,-57,-42,-50,-50,-53,-46,-57,-42,-53,0,0]"
CSI_DATA,393,1a:00:00:00:00:00,-50,11,1,0,1,1,1,0,0,0,1,-96,0,11,2,5342764,0,44,0,384,0,"[0,0,0,0,0,0,0,0,0,0,0,0,3,8,3,7,3,7,2,6,2,5,1,5,1,4,1,3,1,3,1,2,1,2,1,1,1,1,1,0,1,0,1,0,1,-1,1,-1,2,-1,1,-2,2,-2,2,-2,2,-2,2,-3,2,-2,2,-3,0,0,3,-3,3,-3,3,-3,3,-3,3,-2,3,-2,3,-2,3,-2,3,-2,3,-1,3,-1,3,-1,3,-1,3,-1,3,-1,2,-1,2,-1,2,-1,2,-1,2,-1,2,-1,2,-1,2,-1,2,-1,2,0,1,0,0,0,0,0,0,0,0,0,0,0,0,0,0,0,29,47,29,47,28,40,22,41,23,40,21,35,18,34,19,26,13,27,13,23,10,19,10,19,11,17,11,13,9,11,9,8,9,4,10,1,7,0,9,0,9,0,11,-7,10,-6,8,-8,9,-11,8,-7,12,-8,11,-14,15,-12,13,-11,12,-13,12,-14,16,-15,15,-14,15,-13,18,-11,18,-14,17,-12,19,-9,19,-9,17,-9,16,-7,17,-8,18,-8,16,-5,15,-3,15,-2,11,-5,13,-3,11,-5,10,-3,12,-2,12,-3,12,0,13,1,13,-2,10,1,0,0,0,0,0,0,0,0,0,0,0,0,0,0,0,0,0,0,0,0,0,0,7,21,4,23,6,23,7,28,4,30,4,33,2,35,-1,41,3,50,-5,52,-7,56,-6,57,-6,64,-10,63,-22,58,-24,67,-24,72,-31,69,-30,63,-38,65,-45,65,-47,71,-49,71,-49,69,-52,71,-50,71,-60,60,-59,58,-60,59,-59,60,-59,57,-62,57,-64,51,-57,50,-63,54,-56,52,-57,53,-58,54,-53,49,-57,53,-56,47,-54,59,-52,52,-49,55,-47,45,-51,47,-47,50,-46,51,-45,49,-49,56,-47,52,-44,56,-52,48,-48,46,-52,53,-49,45,-51,45,0,0]"
CSI_DATA,394,1a:00:00:00:00:00,-50,11,1,0,1,1,1,0,0,0,1,-96,0,11,2,5352866,0,44,0,384,0,"[0,0,0,0,0,0,0,0,0,0,0,0,7,2,6,2,6,2,5,2,5,2,4,2,4,1,3,1,3,1,2,0,2,0,2,0,2,-1,1,-1,1,-1,0,-2,1,-2,0,-2,0,-2,0,-3,0,-3,0,-3,0,-3,0,-4,0,-4,0,-4,0,0,0,-4,0,-5,0,-5,0,-5,0,-4,0,-4,1,-4,1,-4,1,-4,1,-4,1,-4,1,-3,1,-3,1,-3,1,-3,1,-3,0,-3,1,-3,1,-3,0,-2,1,-3,1,-2,1,-2,1,-2,1,-2,1,-2,0,0,0,0,0,0,0,0,0,0,0,0,0,0,26,9,22,9,25,7,20,9,19,10,18,9,15,7,15,6,12,5,12,5,10,5,8,3,9,2,8,3,7,1,5,0,5,1,4,-2,4,-3,2,-2,2,-4,2,-4,2,-6,1,-5,1,-7,2,-7,1,-8,1,-9,2,-9,1,-10,3,-9,2,-11,3,-9,4,-11,3,-11,3,-10,4,-10,5,-11,4,-9,4,-8,3,-9,4,-9,5,-6,5,-8,5,-7,4,-6,6,-6,4,-4,4,-5,4,-5,3,-6,4,-5,4,-6,3,-3,4,-4,5,-4,4,-2,0,0,0,0,0,0,0,0,0,0,0,0,0,0,0,0,0,0,0,0,0,0,8,5,10,7,10,7,12,9,11,9,13,13,13,11,12,15,15,19,15,18,16,22,16,23,19,27,16,27,13,32,12,30,14,35,8,35,9,36,7,38,4,39,3,41,3,38,1,44,-1,44,2,43,-5,41,-5,41,-5,40,-5,43,-5,35,-7,41,-7,40,-5,36,-9,38,-7,38,-7,34,-6,37,-6,35,-6,36,-8,36,-3,35,-6,36,-2,33,-4,35,-5,32,-4,33,-5,32,-2,33,-3,32,-5,33,0,33,-6,36,-4,30,-7,35,-6,35,-8,31,0,0]"
CSI_DATA,395,1a:00:00:00:00:00,-50,11,1,0,1,1,1,0,0,0,1,-96,0,11,2,5362413,0,44,0,384,0,"[0,0,0,0,0,0,0,0,0,0,0,0,4,-6,4,-6,3,-5,4,-5,3,-4,3,-4,2,-4,2,-3,1,-3,1,-3,1,-3,0,-3,0,-2,0,-2,-1,-2,-1,-2,-1,-2,-2,-2,-2,-2,-2,-2,-2,-2,-2,-2,-2,-2,-3,-2,-3,-2,-3,-2,0,0,-3,-3,-4,-3,-4,-3,-3,-3,-3,-3,-3,-3,-3,-3,-3,-3,-3,-3,-2,-3,-2,-3,-2,-3,-2,-3,-2,-3,-2,-3,-2,-3,-2,-3,-1,-3,-1,-2,-1,-2,-1,-2,-1,-2,-1,-2,-1,-2,-1,-2,-1,-2,0,0,0,0,0,0,0,0,0,0,0,0,0,0,39,-39,40,-34,35,-35,35,-29,33,-30,31,-23,29,-22,26,-21,24,-18,21,-15,18,-16,16,-16,15,-14,12,-11,11,-10,6,-12,6,-10,1,-10,1,-9,-3,-9,-6,-13,-5,-8,-7,-11,-9,-9,-11,-11,-12,-14,-12,-12,-14,-12,-13,-12,-17,-12,-15,-13,-17,-16,-14,-13,-17,-17,-14,-12,-15,-15,-12,-17,-12,-17,-9,-17,-11,-17,-9,-18,-10,-19,-9,-19,-9,-14,-5,-15,-9,-15,-9,-15,-6,-13,-5,-12,-2,-12,-3,-12,-3,-13,-5,-13,-4,-11,-1,-13,-1,-12,0,-10,0,0,0,0,0,0,0,0,0,0,0,0,0,0,0,0,0,0,0,0,0,0,18,-13,20,-14,21,-14,25,-18,28,-18,32,-14,32,-14,39,-12,46,-16,45,-11,51,-11,55,-12,58,-15,62,-7,66,3,65,2,74,4,71,10,71,14,74,19,72,26,78,30,72,28,76,31,77,32,78,31,70,36,73,40,68,44,75,40,60,37,69,44,64,45,61,41,62,49,60,41,58,41,64,43,58,41,60,38,59,44,59,34,59,39,58,31,56,36,53,34,55,35,55,34,56,34,53,37,58,35,59,30,55,39,54,33,59,37,56,39,47,36,0,0]"
CSI_DATA,396,1a:00:00:00:00:00,-50,11,1,0,1,1,1,0,0,0,1,-96,0,11,2,5372662,0,44,0,384,0,"[0,0,0,0,0,0,0,0,0,0,0,0,-3,7,-3,6,-2,5,-2,5,-3,4,-2,4,-2,3,-1,3,-1,2,-1,2,-1,2,0,2,0,1,0,1,0,1,1,0,1,0,1,0,1,0,1,0,2,0,2,0,2,0,3,0,3,0,3,0,0,0,3,0,3,0,3,0,3,0,3,0,3,1,3,0,3,1,3,1,2,1,3,1,2,1,2,1,2,1,2,1,2,1,2,1,1,1,1,1,1,1,1,1,1,0,1,1,1,1,1,1,1,1,0,0,0,0,0,0,0,0,0,0,0,0,0,0,-16,51,-12,47,-13,50,-17,43,-13,41,-13,37,-13,32,-14,31,-8,25,-9,24,-5,23,-6,17,-3,18,-4,15,-1,14,0,10,2,10,3,10,6,6,6,6,8,3,8,2,11,4,10,3,11,0,13,-1,17,0,18,0,18,-1,21,0,16,0,19,3,15,3,23,-2,21,2,21,5,22,4,16,4,20,7,17,9,17,4,16,7,19,8,17,9,12,7,14,7,11,6,14,6,11,8,10,6,10,6,9,6,8,6,10,4,9,7,7,7,6,7,0,0,0,0,0,0,0,0,0,0,0,0,0,0,0,0,0,0,0,0,0,0,-11,18,-16,20,-13,22,-22,24,-20,20,-29,25,-26,26,-31,26,-38,31,-36,28,-46,32,-48,32,-55,39,-56,31,-62,24,-62,24,-72,29,-66,17,-74,16,-75,11,-79,8,-83,9,-78,7,-85,6,-87,5,-86,6,-78,-3,-85,-5,-79,-8,-88,-8,-72,-4,-83,-10,-77,-12,-76,-7,-80,-11,-75,-10,-71,-9,-76,-6,-73,-7,-77,-3,-75,-8,-72,-2,-72,-6,-67,-2,-68,-3,-63,-3,-67,-1,-65,-2,-64,-1,-66,-2,-67,2,-70,4,-74,-5,-62,-4,-72,-6,-67,-5,-63,-7,0,0]"
CSI_DATA,397,1a:00:00:00:00:00,-50,11,1,0,1,1,1,0,0,0,1,-96,0,11,2,5382692,0,44,0,384,0,"[0,0,0,0,0,0,0,0,0,0,0,0,6,-6,6,-6,5,-5,5,-5,4,-4,3,-4,3,-4,3,-3,2,-3,2,-3,1,-3,1,-3,0,-2,0,-2,0,-2,-1,-2,-2,-2,-2,-2,-2,-2,-2,-2,-2,-2,-3,-2,-3,-3,-3,-2,-3,-3,-4,-3,0,0,-4,-3,-4,-3,-4,-3,-4,-3,-3,-4,-3,-4,-3,-4,-2,-4,-3,-4,-2,-4,-2,-4,-2,-4,-2,-3,-2,-4,-2,-3,-2,-3,-2,-3,-1,-3,-2,-3,-2,-3,-1,-3,-1,-3,-1,-2,-1,-3,-1,-3,-1,-3,0,0,0,0,0,0,0,0,0,0,0,0,0,0,38,-40,39,-36,37,-41,32,-29,30,-30,32,-30,23,-27,26,-22,22,-20,18,-15,16,-15,14,-15,12,-14,12,-12,4,-10,6,-12,3,-10,2,-14,-3,-8,-5,-9,-6,-11,-8,-10,-10,-6,-10,-6,-12,-6,-14,-9,-14,-9,-17,-11,-15,-8,-18,-9,-17,-12,-21,-9,-19,-11,-20,-13,-19,-11,-16,-13,-16,-13,-15,-12,-17,-15,-18,-17,-13,-13,-14,-16,-14,-15,-11,-15,-13,-13,-10,-16,-6,-13,-9,-11,-9,-10,-7,-11,-7,-12,-7,-13,-7,-8,-10,-10,-7,-12,-4,-12,-7,-10,0,0,0,0,0,0,0,0,0,0,0,0,0,0,0,0,0,0,0,0,0,0,22,-6,27,-4,27,-5,32,-6,32,-5,37,-1,37,-2,41,-1,48,1,48,4,56,4,55,5,62,7,62,12,61,20,62,21,74,24,68,31,65,33,67,39,63,40,71,46,65,43,68,47,70,54,70,46,63,53,65,54,59,55,64,56,55,49,61,59,54,52,56,50,54,56,55,50,51,47,59,50,53,44,57,49,56,49,57,42,56,46,56,41,53,43,53,34,56,38,55,34,56,38,56,36,55,42,59,33,57,43,50,36,58,40,56,40,49,36,0,0]"
CSI_DATA,398,1a:00:00:00:00:00,-50,11,1,0,1,1,1,0,0,0,1,-96,0,11,2,5392601,0,44,0,384,0,"[0,0,0,0,0,0,0,0,0,0,0,0,8,1,7,1,7,1,6,1,5,1,4,1,4,0,3,0,3,0,2,0,2,-1,2,-1,2,-1,1,-1,1,-2,0,-2,0,-2,0,-2,0,-3,0,-3,0,-3,-1,-3,0,-3,-1,-4,-1,-4,-1,-4,0,0,-1,-5,0,-5,0,-5,0,-5,0,-5,0,-5,0,-4,0,-4,0,-4,0,-4,0,-4,1,-4,1,-4,1,-3,1,-3,1,-3,1,-3,1,-3,0,-3,0,-3,1,-3,0,-3,0,-2,0,-2,1,-2,1,-2,0,0,0,0,0,0,0,0,0,0,0,0,0,0,25,8,23,8,23,7,20,6,22,7,17,6,17,6,16,5,14,5,11,4,11,4,9,4,8,1,7,1,6,1,5,0,5,-2,4,-2,3,-3,3,-4,1,-5,2,-6,0,-6,1,-6,0,-6,0,-7,1,-9,0,-8,2,-10,0,-11,0,-10,2,-12,1,-10,2,-11,1,-12,3,-11,3,-13,2,-11,5,-11,3,-11,3,-10,2,-9,5,-8,4,-9,5,-7,4,-7,3,-7,3,-9,3,-6,3,-7,3,-7,3,-6,3,-6,3,-6,3,-5,3,-4,4,-3,0,0,0,0,0,0,0,0,0,0,0,0,0,0,0,0,0,0,0,0,0,0,9,8,8,8,9,9,11,11,11,13,10,14,12,15,11,17,11,19,10,22,12,25,11,25,13,27,11,30,7,30,8,33,8,37,5,37,4,35,-1,38,-1,38,-1,42,-2,40,-4,42,-5,41,-3,42,-8,41,-8,38,-9,41,-7,42,-9,35,-9,38,-9,40,-9,36,-10,38,-7,37,-10,36,-9,39,-8,34,-8,37,-10,35,-7,36,-8,34,-4,35,-5,31,-5,32,-6,35,-3,34,-3,32,-4,34,-5,32,-3,33,-6,34,-5,32,-6,35,-6,33,-5,34,0,0]"
CSI_DATA,399,1a:00:00:00:00:00,-50,11,1,0,1,1,1,0,0,0,1,-96,0,11,2,5402658,0,44,0,384,0,"[0,0,0,0,0,0,0,0,0,0,0,0,-1,-9,-1,-8,-1,-7,0,-7,0,-6,0,-5,0,-5,0,-4,-1,-4,-1,-4,-1,-3,-1,-2,-1,-2,-2,-2,-1,-2,-2,-1,-2,-1,-3,-1,-3,0,-3,0,-3,0,-3,0,-3,0,-4,1,-4,0,-4,0,0,0,-4,0,-5,0,-5,0,-5,0,-5,-1,-5,-1,-5,-1,-5,-1,-4,-1,-4,-1,-4,-1,-4,-2,-4,-1,-3,-2,-3,-2,-4,-1,-3,-1,-3,-1,-3,-2,-3,-1,-3,-1,-3,-1,-2,-1,-2,-2,-2,-2,-2,-2,0,0,0,0,0,0,0,0,0,0,0,0,0,0,-4,-53,-7,-52,-7,-51,-3,-46,-7,-41,-1,-39,-6,-35,-3,-36,-3,-32,-6,-28,-2,-25,-6,-20,-2,-21,-2,-15,-6,-14,-5,-9,-11,-7,-5,-7,-9,-2,-6,-3,-12,-1,-10,0,-13,2,-12,3,-12,3,-17,5,-14,5,-17,10,-19,9,-19,8,-19,8,-21,8,-18,6,-22,8,-19,9,-24,5,-22,7,-23,5,-23,2,-19,2,-21,2,-20,2,-20,3,-19,2,-17,0,-16,-1,-18,2,-15,1,-14,-1,-16,4,-12,-2,-12,-3,-13,-1,-12,-4,-12,0,-12,-2,-11,-5,0,0,0,0,0,0,0,0,0,0,0,0,0,0,0,0,0,0,0,0,0,0,10,-24,14,-25,12,-24,16,-31,15,-30,22,-31,25,-33,27,-33,32,-38,35,-36,38,-42,39,-42,44,-48,48,-45,56,-40,55,-35,63,-45,63,-34,67,-35,72,-30,73,-31,81,-28,73,-24,82,-28,81,-26,83,-28,80,-19,83,-16,80,-13,85,-19,68,-13,85,-13,78,-10,74,-16,79,-8,76,-12,74,-10,75,-19,68,-16,73,-18,76,-13,68,-18,73,-17,66,-21,68,-21,67,-15,63,-19,62,-21,62,-23,62,-22,63,-21,63,-26,68,-22,57,-16,68,-21,68,-21,63,-16,0,0]"
CSI_DATA,400,1a:00:00:00:00:00,-50,11,1,0,1,1,1,0,0,0,1,-96,0,11,2,5433251,0,44,0,384,0,"[0,0,0,0,0,0,0,0,0,0,0,0,-8,4,-7,3,-7,4,-6,3,-6,2,-5,2,-4,2,-4,2,-3,2,-3,1,-3,1,-2,1,-2,1,-1,1,-1,1,0,2,0,2,0,1,0,1,1,2,1,2,1,2,1,2,2,2,2,2,2,3,0,0,2,3,2,3,2,3,2,3,1,3,1,3,1,3,1,3,0,3,0,3,0,3,0,3,0,3,0,3,0,3,0,3,0,2,0,2,0,2,0,2,-1,2,-1,2,-1,2,-1,2,-1,2,-1,1,0,0,0,0,0,0,0,0,0,0,0,0,0,0,-40,35,-37,33,-36,34,-35,30,-31,25,-31,27,-29,19,-25,18,-18,15,-19,16,-17,16,-14,14,-11,14,-13,13,-10,10,-7,9,-7,9,-2,7,0,7,0,10,5,8,6,9,6,9,10,8,8,11,12,9,13,9,13,12,13,12,15,14,16,12,13,13,14,13,14,15,16,13,14,18,12,15,13,17,10,19,12,15,10,18,9,15,7,19,7,18,5,14,6,15,5,14,5,14,3,13,4,14,4,11,4,12,4,11,3,9,3,9,3,10,0,12,0,0,0,0,0,0,0,0,0,0,0,0,0,0,0,0,0,0,0,0,0,0,-19,12,-22,15,-24,10,-31,14,-31,13,-33,11,-34,12,-42,11,-47,12,-49,10,-58,9,-55,8,-67,10,-64,1,-64,-7,-71,-4,-74,-6,-73,-13,-73,-18,-73,-21,-76,-29,-78,-30,-74,-32,-79,-33,-76,-40,-79,-35,-73,-41,-70,-43,-71,-44,-73,-46,-63,-39,-67,-51,-63,-51,-64,-45,-64,-52,-62,-42,-59,-45,-68,-44,-58,-41,-62,-44,-57,-44,-65,-36,-58,-38,-61,-36,-55,-35,-54,-41,-56,-36,-58,-36,-56,-35,-58,-37,-59,-33,-58,-35,-57,-43,-56,-38,-60,-38,-55,-36,-51,-41,0,0]"
CSI_DATA,401,1a:00:00:00:00:00,-50,11,1,0,1,1,1,0,0,0,1,-96,0,11,2,5442828,0,44,0,384,0,"[0,0,0,0,0,0,0,0,0,0,0,0,-4,6,-4,6,-3,5,-3,5,-3,4,-3,3,-2,3,-2,3,-1,2,-1,2,-1,2,-1,2,0,1,0,1,0,1,1,1,1,1,1,0,1,0,1,0,2,0,2,0,2,0,3,0,3,0,3,0,0,0,3,0,3,1,3,1,3,1,3,1,3,1,3,1,3,1,2,2,2,2,2,1,2,1,2,1,2,1,1,1,1,1,1,1,1,1,1,1,1,1,1,1,1,1,1,1,1,1,1,1,0,1,0,0,0,0,0,0,0,0,0,0,0,0,0,0,-41,39,-37,35,-32,38,-35,32,-31,30,-32,30,-27,24,-26,22,-19,19,-21,17,-17,18,-13,15,-11,15,-10,11,-8,11,-5,10,-2,11,0,10,-1,8,7,7,5,11,7,9,6,10,9,6,11,8,11,10,14,10,15,11,15,10,17,13,17,11,19,15,18,13,19,16,17,14,15,14,16,13,14,14,11,18,14,16,11,17,9,18,8,15,9,13,9,15,9,15,6,15,8,11,3,10,4,10,6,13,7,13,7,12,3,9,3,12,0,11,0,13,0,0,0,0,0,0,0,0,0,0,0,0,0,0,0,0,0,0,0,0,0,0,-19,13,-23,13,-23,14,-27,17,-28,16,-35,15,-37,18,-42,16,-45,17,-49,14,-53,11,-58,11,-65,13,-70,8,-70,1,-69,0,-76,-1,-75,-7,-77,-10,-74,-13,-77,-19,-87,-22,-76,-27,-82,-30,-81,-33,-84,-31,-76,-38,-78,-40,-73,-41,-81,-42,-66,-37,-74,-44,-71,-42,-71,-40,-72,-44,-72,-39,-64,-39,-67,-41,-63,-36,-68,-40,-66,-43,-68,-34,-66,-35,-63,-29,-65,-34,-56,-32,-61,-29,-60,-33,-62,-27,-62,-30,-61,-33,-63,-29,-64,-32,-55,-31,-62,-40,-59,-36,-58,-33,0,0]"
CSI_DATA,402,1a:00:00:00:00:00,-50,11,1,0,1,1,1,0,0,0,1,-96,0,11,2,5462397,0,44,0,384,0,"[0,0,0,0,0,0,0,0,0,0,0,0,-3,-8,-3,-7,-3,-7,-2,-6,-2,-5,-2,-4,-2,-5,-2,-4,-2,-3,-2,-3,-2,-3,-2,-2,-2,-2,-2,-1,-2,-1,-2,0,-2,0,-2,0,-2,0,-3,1,-3,0,-3,1,-3,1,-3,1,-3,1,-3,1,0,0,-4,1,-4,1,-4,1,-4,1,-4,1,-4,1,-4,1,-4,0,-4,0,-4,0,-4,0,-4,0,-3,0,-3,0,-3,0,-3,0,-3,0,-3,0,-3,0,-3,0,-3,-1,-2,-1,-3,-1,-2,-1,-2,-1,-2,-1,0,0,0,0,0,0,0,0,0,0,0,0,0,0,-30,-46,-28,-41,-26,-39,-24,-41,-23,-39,-22,-33,-19,-29,-18,-28,-13,-24,-13,-24,-15,-20,-9,-17,-12,-18,-9,-12,-11,-8,-11,-6,-9,-6,-9,-2,-9,0,-11,0,-11,4,-8,2,-8,7,-13,8,-10,9,-13,7,-9,10,-14,13,-11,13,-15,14,-13,11,-13,12,-19,15,-19,15,-15,16,-18,13,-20,11,-21,9,-21,10,-18,10,-19,8,-18,7,-17,7,-20,5,-18,2,-17,4,-15,0,-15,4,-12,3,-14,4,-12,3,-14,1,-12,1,-9,5,-12,0,-12,3,-11,-3,0,0,0,0,0,0,0,0,0,0,0,0,0,0,0,0,0,0,0,0,0,0,-8,-21,-10,-25,-9,-28,-9,-33,-8,-33,-5,-36,-6,-38,-2,-44,-1,-47,1,-49,1,-57,1,-57,3,-62,8,-64,18,-63,19,-65,24,-73,28,-65,30,-69,35,-71,42,-68,43,-71,43,-64,47,-71,54,-69,51,-69,54,-64,58,-61,55,-59,57,-63,49,-53,60,-57,57,-56,56,-54,60,-53,54,-52,53,-48,51,-54,49,-51,52,-53,53,-50,50,-56,51,-55,45,-51,46,-51,41,-50,42,-51,44,-50,42,-52,44,-51,41,-52,41,-56,50,-53,44,-45,46,-51,47,-49,47,-44,0,0]"
CSI_DATA,403,1a:00:00:00:00:00,-50,11,1,0,1,1,1,0,0,0,1,-96,0,11,2,5472373,0,44,0,384,0,"[0,0,0,0,0,0,0,0,0,0,0,0,6,4,5,3,5,3,4,3,4,3,3,2,3,2,2,1,2,1,2,1,2,0,2,0,2,0,1,-1,1,-1,1,-1,1,-1,1,-2,1,-2,1,-2,1,-2,1,-3,1,-3,1,-3,1,-3,1,-3,0,0,1,-4,2,-4,2,-4,2,-4,2,-3,2,-3,2,-3,2,-3,2,-3,2,-3,2,-3,2,-2,2,-2,2,-2,2,-2,2,-2,2,-2,1,-2,1,-2,1,-1,2,-1,1,-1,2,-1,1,-1,1,-1,1,-1,0,0,0,0,0,0,0,0,0,0,0,0,0,0,51,27,43,23,44,22,37,25,35,23,32,23,28,16,28,18,23,14,22,16,18,11,14,12,16,9,14,5,11,3,13,2,12,1,11,-4,11,-1,8,-3,7,-6,7,-7,7,-12,10,-12,5,-12,9,-13,5,-14,9,-18,7,-17,8,-19,8,-19,10,-20,11,-17,13,-17,10,-18,13,-15,14,-19,13,-17,15,-15,11,-15,13,-11,14,-13,14,-10,14,-9,14,-10,10,-8,12,-11,9,-7,13,-7,9,-8,11,-6,13,-6,12,-5,9,-5,11,-4,10,-4,12,-2,0,0,0,0,0,0,0,0,0,0,0,0,0,0,0,0,0,0,0,0,0,0,21,9,22,13,23,13,29,20,25,20,29,21,27,23,33,28,36,32,34,35,31,42,33,41,38,50,32,57,28,62,26,58,30,73,19,65,19,73,17,70,11,77,11,83,7,75,3,83,-3,83,2,83,-8,82,-9,86,-7,77,-8,87,-8,69,-12,83,-13,79,-14,74,-17,79,-13,72,-13,67,-13,71,-16,67,-14,75,-16,74,-10,67,-14,75,-9,62,-13,65,-7,66,-7,64,-11,63,-9,62,-12,62,-13,63,-15,67,-20,73,-20,57,-18,67,-20,67,-16,59,0,0]"
CSI_DATA,404,1a:00:00:00:00:00,-50,11,1,0,1,1,1,0,0,0,1,-96,0,11,2,5483202,0,44,0,384,0,"[0,0,0,0,0,0,0,0,0,0,0,0,-3,-9,-3,-8,-3,-7,-2,-7,-2,-6,-1,-5,-2,-5,-2,-4,-2,-3,-2,-3,-2,-3,-2,-2,-2,-2,-2,-2,-2,-1,-2,-1,-2,0,-2,0,-3,0,-3,0,-3,0,-3,1,-3,0,-4,1,-4,1,-4,1,0,0,-4,1,-5,1,-5,1,-4,1,-4,0,-5,0,-5,0,-4,0,-4,0,-4,0,-4,-1,-4,-1,-4,-1,-4,-1,-3,-1,-3,-1,-3,-1,-3,-1,-3,-1,-3,-1,-3,-1,-3,-1,-3,-1,-2,-1,-2,-2,-2,-2,0,0,0,0,0,0,0,0,0,0,0,0,0,0,-24,-50,-21,-47,-24,-48,-21,-42,-19,-41,-15,-36,-18,-32,-13,-32,-13,-28,-7,-26,-11,-22,-7,-21,-9,-16,-10,-13,-9,-12,-10,-7,-8,-5,-7,-3,-12,-2,-9,-1,-15,-1,-8,2,-10,6,-14,8,-13,7,-12,10,-15,7,-15,11,-18,10,-15,8,-18,10,-17,11,-17,11,-21,12,-20,10,-21,7,-20,9,-20,8,-19,8,-20,5,-16,3,-19,6,-18,5,-18,6,-17,1,-14,5,-14,5,-16,2,-10,2,-12,-1,-14,1,-12,2,-13,2,-13,-1,-12,-1,-14,-1,-11,-2,0,0,0,0,0,0,0,0,0,0,0,0,0,0,0,0,0,0,0,0,0,0,-7,-22,-8,-24,-8,-26,-5,-31,-6,-32,-3,-35,-3,-38,1,-43,0,-49,4,-51,7,-58,7,-59,8,-65,17,-66,26,-60,21,-64,28,-73,35,-64,39,-65,42,-65,45,-65,51,-70,50,-62,53,-66,59,-66,54,-66,64,-59,62,-55,62,-56,64,-62,56,-46,67,-51,62,-47,60,-47,66,-46,58,-49,62,-45,60,-46,54,-47,58,-48,57,-44,56,-51,54,-47,50,-46,51,-43,48,-47,49,-45,52,-45,46,-46,53,-46,51,-45,48,-50,53,-47,48,-40,53,-49,54,-44,51,-37,0,0]"
CSI_DATA,405,1a:00:00:00:00:00,-50,11,1,0,1,1,1,0,0,0,1,-96,0,11,2,5492501,0,44,0,384,0,"[0,0,0,0,0,0,0,0,0,0,0,0,-8,-2,-7,-2,-7,-1,-6,-2,-5,-2,-5,-2,-5,-1,-4,-1,-4,-1,-3,-1,-3,-1,-3,0,-3,0,-2,0,-2,0,-2,1,-1,1,-1,1,-1,1,-1,2,-1,2,-1,2,-1,2,-1,2,-1,3,-1,3,0,0,-1,3,-1,3,-1,3,-1,3,-1,3,-2,3,-2,3,-2,3,-1,3,-2,3,-2,3,-2,2,-2,2,-2,2,-2,2,-2,2,-2,2,-2,1,-1,1,-2,1,-2,1,-2,1,-2,1,-2,1,-2,1,-2,1,0,0,0,0,0,0,0,0,0,0,0,0,0,0,-53,-21,-50,-19,-49,-22,-45,-21,-41,-17,-40,-20,-32,-18,-35,-15,-26,-11,-27,-10,-22,-8,-18,-7,-18,-7,-16,-6,-13,-4,-16,-3,-9,1,-11,4,-9,4,-10,4,-7,8,-7,6,-7,9,-3,11,-5,13,-5,16,-8,15,-3,17,-6,19,-6,18,-6,18,-7,21,-8,19,-8,22,-6,20,-9,20,-12,19,-11,19,-12,16,-11,19,-13,18,-12,16,-11,13,-14,15,-13,14,-10,12,-13,13,-9,14,-13,12,-9,10,-7,9,-7,9,-7,10,-10,8,-8,8,-8,5,-10,6,0,0,0,0,0,0,0,0,0,0,0,0,0,0,0,0,0,0,0,0,0,0,-19,-12,-22,-15,-22,-13,-28,-21,-25,-20,-27,-26,-30,-27,-28,-33,-36,-35,-32,-39,-33,-48,-32,-51,-37,-54,-33,-57,-23,-64,-25,-62,-32,-77,-15,-70,-19,-76,-13,-77,-6,-81,-8,-85,-6,-78,-5,-89,1,-89,-5,-86,9,-84,11,-88,5,-82,7,-93,11,-73,17,-88,14,-80,13,-76,17,-84,9,-76,11,-72,11,-76,13,-73,11,-77,14,-80,6,-73,10,-75,6,-67,11,-71,3,-70,3,-68,7,-69,5,-66,6,-68,6,-72,3,-70,14,-74,8,-63,8,-75,14,-74,11,-63,0,0]"
CSI_DATA,406,1a:00:00:00:00:00,-50,11,1,0,1,1,1,0,0,0,1,-96,0,11,2,5502671,0,44,0,384,0,"[0,0,0,0,0,0,0,0,0,0,0,0,-5,-7,-4,-6,-4,-5,-4,-6,-3,-5,-3,-4,-3,-4,-2,-3,-2,-3,-3,-2,-2,-2,-2,-2,-2,-2,-2,-1,-2,-1,-2,0,-2,0,-2,0,-2,1,-3,1,-2,1,-2,1,-3,1,-3,1,-3,1,-3,2,0,0,-3,2,-4,2,-4,2,-4,2,-4,1,-4,1,-4,1,-4,1,-4,1,-4,1,-4,0,-4,0,-3,0,-3,0,-3,0,-3,0,-3,0,-3,0,-3,0,-3,0,-3,0,-2,0,-3,-1,-2,0,-3,-1,-2,-1,0,0,0,0,0,0,0,0,0,0,0,0,0,0,-22,-49,-20,-47,-23,-44,-21,-41,-19,-40,-13,-36,-13,-31,-14,-32,-12,-26,-9,-27,-12,-24,-10,-20,-10,-17,-9,-13,-7,-15,-8,-5,-11,-10,-10,-3,-8,-1,-10,-1,-11,2,-12,3,-10,6,-13,4,-11,3,-14,5,-14,10,-14,10,-15,12,-17,10,-19,12,-18,9,-20,9,-21,11,-18,11,-24,6,-22,7,-23,8,-20,2,-19,5,-19,6,-19,5,-21,2,-21,3,-14,2,-15,2,-16,0,-17,1,-13,0,-13,-1,-13,0,-13,2,-11,1,-12,1,-11,-2,-13,-1,-10,-6,0,0,0,0,0,0,0,0,0,0,0,0,0,0,0,0,0,0,0,0,0,0,-7,-23,-5,-24,-8,-27,-5,-31,-3,-34,-4,-37,-1,-39,3,-41,3,-50,6,-48,9,-56,9,-54,11,-63,18,-64,25,-63,26,-60,33,-70,32,-62,38,-68,44,-61,48,-66,52,-63,49,-60,55,-63,60,-60,59,-63,62,-54,64,-54,62,-51,66,-58,55,-43,69,-51,63,-47,60,-45,65,-46,59,-45,57,-42,61,-46,57,-42,59,-46,58,-45,53,-48,58,-45,50,-46,54,-43,53,-44,50,-42,52,-45,50,-43,51,-41,49,-41,54,-47,60,-49,51,-38,57,-42,55,-40,54,-37,0,0]"
CSI_DATA,407,1a:00:00:00:00:00,-50,11,1,0,1,1,1,0,0,0,1,-96,0,11,2,5522468,0,44,0,384,0,"[0,0,0,0,0,0,0,0,0,0,0,0,5,-7,5,-6,4,-6,4,-5,4,-4,3,-4,2,-4,2,-3,2,-3,1,-3,1,-3,0,-3,0,-2,0,-2,-1,-2,-1,-2,-1,-2,-2,-2,-2,-2,-2,-2,-2,-2,-3,-2,-3,-3,-3,-2,-3,-3,-3,-3,0,0,-4,-3,-4,-3,-4,-3,-4,-3,-3,-3,-3,-4,-3,-4,-3,-3,-3,-4,-2,-4,-2,-4,-2,-4,-2,-3,-2,-3,-2,-3,-2,-3,-2,-3,-1,-3,-1,-3,-2,-3,-1,-3,-1,-3,-1,-3,-1,-3,-1,-3,-1,-2,0,0,0,0,0,0,0,0,0,0,0,0,0,0,29,-45,28,-41,31,-45,29,-39,25,-36,28,-31,22,-30,20,-28,17,-22,15,-22,13,-19,9,-18,8,-20,10,-14,3,-12,5,-13,2,-13,0,-9,-1,-10,-6,-9,-8,-11,-10,-9,-8,-8,-10,-6,-12,-8,-15,-6,-14,-7,-16,-8,-14,-10,-20,-11,-18,-9,-18,-11,-18,-13,-19,-11,-18,-11,-18,-15,-18,-13,-19,-11,-16,-15,-17,-16,-15,-16,-12,-15,-13,-14,-10,-18,-12,-15,-11,-15,-12,-14,-11,-13,-7,-9,-9,-12,-9,-10,-5,-11,-6,-13,-4,-10,-8,-12,-8,-13,-4,-14,0,0,0,0,0,0,0,0,0,0,0,0,0,0,0,0,0,0,0,0,0,0,19,-17,18,-15,19,-17,24,-21,25,-18,31,-18,33,-20,37,-19,44,-21,45,-18,51,-17,53,-18,61,-21,64,-13,67,-7,67,-8,79,-7,73,3,75,3,75,6,75,14,82,12,76,15,83,23,81,24,85,22,78,31,79,31,74,30,83,31,66,28,75,35,70,30,72,32,73,36,71,26,68,28,71,30,65,28,66,29,65,32,67,24,67,28,65,24,63,24,59,19,63,21,67,20,64,18,66,23,62,24,65,20,68,25,57,24,71,27,60,30,58,27,0,0]"
CSI_DATA,408,1a:00:00:00:00:00,-50,11,1,0,1,1,1,0,0,0,1,-96,0,11,2,5532765,0,44,0,384,0,"[0,0,0,0,0,0,0,0,0,0,0,0,-7,2,-7,2,-6,2,-6,1,-5,1,-5,1,-4,1,-4,1,-3,1,-3,1,-2,1,-2,1,-2,1,-2,1,-1,1,-1,1,-1,1,0,1,0,1,0,1,1,2,1,2,0,2,1,2,1,3,1,3,0,0,1,3,1,3,1,3,1,3,0,3,0,3,0,3,0,3,0,3,0,3,-1,3,-1,3,0,2,-1,2,-1,2,-1,2,-1,2,-1,2,-1,2,-1,2,-1,2,-1,2,-1,2,-1,2,-1,1,-1,1,0,0,0,0,0,0,0,0,0,0,0,0,0,0,-53,9,-52,7,-50,10,-46,6,-43,6,-38,2,-39,6,-38,3,-28,3,-27,2,-22,3,-19,0,-17,4,-18,2,-14,5,-10,6,-11,6,-6,6,-6,7,-5,9,-5,10,-5,11,-1,12,0,11,0,13,2,14,1,14,2,17,2,20,6,19,4,19,4,21,4,20,0,21,4,19,-2,22,0,21,-3,22,-4,20,-5,21,-4,22,-5,16,-6,15,-5,17,-5,14,-5,14,-6,14,-5,13,-5,11,-5,15,-5,13,-6,12,-5,12,-4,8,-7,10,-7,9,-10,8,0,0,0,0,0,0,0,0,0,0,0,0,0,0,0,0,0,0,0,0,0,0,-22,4,-26,6,-26,5,-30,4,-33,3,-39,1,-39,1,-42,-3,-47,-2,-49,-9,-56,-12,-57,-13,-64,-16,-59,-23,-60,-32,-61,-31,-65,-34,-61,-41,-62,-43,-58,-47,-59,-52,-57,-60,-53,-57,-56,-64,-56,-69,-56,-63,-46,-68,-47,-67,-46,-73,-46,-68,-37,-64,-40,-71,-40,-71,-36,-65,-35,-72,-39,-67,-35,-64,-36,-69,-31,-64,-36,-67,-30,-63,-39,-62,-33,-64,-39,-59,-28,-60,-32,-56,-31,-56,-33,-57,-31,-58,-34,-59,-33,-60,-36,-58,-29,-64,-27,-60,-30,-65,-26,-62,-26,-61,0,0]"
CSI_DATA,409,1a:00:00:00:00:00,-50,11,1,0,1,1,1,0,0,0,1,-96,0,11,2,5542532,0,44,0,384,0,"[0,0,0,0,0,0,0,0,0,0,0,0,7,3,6,3,6,2,5,3,4,2,4,2,3,2,3,1,3,1,2,0,2,0,2,0,2,-1,2,-1,1,-1,1,-2,1,-2,1,-2,1,-3,1,-3,1,-3,1,-3,1,-3,1,-4,1,-4,1,-4,0,0,1,-4,1,-4,2,-5,1,-4,2,-4,2,-4,2,-4,2,-3,2,-4,2,-3,2,-3,2,-3,2,-2,2,-2,2,-2,2,-2,2,-2,1,-2,1,-2,1,-2,2,-2,1,-2,1,-1,1,-1,1,-1,1,-1,0,0,0,0,0,0,0,0,0,0,0,0,0,0,23,12,21,12,22,11,19,10,18,10,16,9,16,8,14,7,13,6,11,7,11,6,7,5,8,3,8,2,7,2,6,2,5,-1,4,-1,4,-1,4,-3,3,-6,4,-4,4,-5,3,-6,4,-7,4,-8,2,-8,3,-9,3,-9,5,-10,4,-11,3,-10,4,-10,4,-10,2,-11,4,-9,4,-10,4,-9,6,-10,5,-9,6,-9,7,-8,6,-7,6,-7,5,-6,5,-6,5,-5,4,-6,5,-5,5,-6,4,-4,5,-5,5,-4,5,-4,4,-4,5,-4,5,-1,0,0,0,0,0,0,0,0,0,0,0,0,0,0,0,0,0,0,0,0,0,0,10,5,8,7,10,10,11,8,11,11,11,14,12,13,12,17,13,19,11,20,13,24,12,24,15,29,12,29,7,30,8,32,9,35,3,37,4,37,1,38,-2,39,0,42,-3,40,-4,43,-6,42,-5,42,-9,39,-8,39,-8,39,-8,42,-9,34,-11,40,-12,39,-9,36,-13,37,-9,36,-11,35,-11,37,-11,33,-9,35,-11,33,-9,35,-10,35,-7,34,-9,32,-6,33,-7,32,-8,33,-7,31,-7,34,-9,34,-6,32,-9,33,-8,31,-9,34,-8,33,-10,30,0,0]"
CSI_DATA,410,1a:00:00:00:00:00,-50,11,1,0,1,1,1,0,0,0,1,-96,0,11,2,5552733,0,44,0,384,0,"[0,0,0,0,0,0,0,0,0,0,0,0,-3,7,-3,7,-3,6,-3,6,-3,5,-3,4,-2,4,-2,3,-1,3,-1,2,-1,2,0,2,0,2,0,1,0,1,1,1,1,1,1,0,2,0,2,0,2,0,2,0,2,1,3,0,3,0,3,1,0,0,3,1,4,1,4,1,3,1,3,1,3,1,3,1,3,2,3,2,2,2,2,2,2,2,2,2,2,2,2,2,2,1,1,1,1,1,1,1,1,1,1,1,1,1,1,1,1,1,1,1,0,1,0,0,0,0,0,0,0,0,0,0,0,0,0,0,-10,27,-9,24,-7,24,-8,20,-8,22,-8,18,-8,18,-6,14,-5,12,-7,11,-4,11,-4,10,-2,9,-2,8,-2,6,0,4,0,5,2,3,2,3,2,4,4,3,3,2,6,1,6,3,5,3,7,1,7,1,9,0,9,3,9,1,9,2,8,2,9,2,11,1,10,2,9,3,8,3,10,4,10,4,8,4,8,6,6,5,6,5,7,4,7,4,5,5,6,4,7,5,4,4,4,2,4,3,3,5,4,4,3,4,5,3,3,4,2,4,0,0,0,0,0,0,0,0,0,0,0,0,0,0,0,0,0,0,0,0,0,0,-6,10,-7,11,-8,11,-10,12,-10,14,-14,12,-14,13,-17,13,-18,16,-20,16,-23,17,-24,17,-27,19,-30,16,-30,12,-33,13,-36,13,-35,10,-36,9,-37,6,-40,4,-43,5,-41,2,-44,4,-43,0,-43,1,-41,-4,-43,-3,-41,-3,-46,-4,-38,-5,-42,-5,-42,-6,-39,-4,-39,-7,-38,-5,-36,-8,-39,-4,-36,-5,-39,-5,-37,-6,-37,-2,-36,-4,-37,-3,-33,-4,-34,-4,-36,-2,-35,-3,-34,-2,-36,-3,-35,-2,-35,-1,-38,-4,-31,-5,-37,-5,-35,-5,-32,-5,0,0]"
CSI_DATA,411,1a:00:00:00:00:00,-50,11,1,0,1,1,1,0,0,0,1,-96,0,11,2,5562543,0,44,0,384,0,"[0,0,0,0,0,0,0,0,0,0,0,0,7,3,7,3,6,2,6,3,5,2,4,2,4,1,3,1,3,1,2,0,2,0,2,0,2,-1,1,-1,1,-1,1,-2,1,-2,1,-2,1,-2,1,-3,0,-3,0,-3,0,-4,1,-4,0,-4,1,-4,0,0,0,-4,1,-5,1,-5,1,-5,1,-4,2,-4,1,-4,2,-4,1,-4,2,-4,2,-4,2,-3,2,-3,2,-3,1,-3,2,-3,1,-3,1,-3,1,-2,1,-2,1,-2,1,-2,1,-2,1,-2,1,-2,1,-2,0,0,0,0,0,0,0,0,0,0,0,0,0,0,24,14,21,14,21,13,18,13,19,12,15,12,14,10,16,9,13,7,11,9,9,5,9,6,8,4,7,2,7,1,6,0,7,0,4,-4,4,-3,4,-3,3,-4,2,-5,2,-7,4,-6,4,-8,2,-6,3,-8,4,-9,4,-10,3,-11,3,-9,4,-10,5,-10,5,-10,2,-10,5,-10,7,-8,6,-8,7,-9,6,-8,6,-8,8,-8,6,-6,8,-6,6,-6,7,-6,5,-6,3,-5,6,-4,4,-6,5,-5,5,-5,5,-5,4,-3,4,-4,5,-3,5,-2,0,0,0,0,0,0,0,0,0,0,0,0,0,0,0,0,0,0,0,0,0,0,7,8,7,11,7,9,9,13,8,13,8,17,9,16,9,19,10,22,9,22,10,27,10,27,10,31,9,28,5,32,3,33,3,38,1,36,-1,38,-4,38,-7,38,-9,42,-8,38,-11,41,-12,41,-10,39,-14,39,-15,39,-16,36,-15,39,-14,33,-18,38,-18,37,-15,35,-18,36,-15,34,-15,33,-15,35,-13,33,-14,35,-15,33,-12,32,-14,34,-10,33,-12,32,-14,33,-10,33,-12,32,-11,31,-11,32,-11,32,-10,32,-14,34,-10,29,-14,34,-12,31,-12,30,0,0]"
CSI_DATA,412,1a:00:00:00:00:00,-50,11,1,0,1,1,1,0,0,0,1,-96,0,11,2,5572360,0,44,0,384,0,"[0,0,0,0,0,0,0,0,0,0,0,0,6,-5,5,-5,4,-4,4,-4,4,-3,3,-3,3,-3,2,-3,2,-2,2,-2,1,-3,1,-2,0,-2,0,-2,0,-2,-1,-2,-1,-2,-1,-2,-1,-2,-2,-2,-2,-3,-2,-2,-2,-3,-3,-3,-3,-3,-3,-3,0,0,-3,-3,-3,-3,-3,-3,-2,-4,-2,-4,-2,-4,-2,-4,-2,-4,-2,-4,-1,-4,-1,-4,-1,-4,-1,-3,-1,-3,-1,-3,-1,-3,-1,-3,-1,-3,-1,-3,-1,-3,-1,-3,-1,-3,-1,-3,-1,-2,0,-2,0,-2,0,0,0,0,0,0,0,0,0,0,0,0,0,0,44,-31,44,-25,43,-32,37,-24,38,-23,32,-20,31,-17,29,-17,21,-11,23,-15,19,-14,21,-10,17,-14,13,-8,9,-11,10,-11,6,-11,3,-7,4,-9,-2,-11,-4,-11,-5,-13,-5,-12,-6,-11,-6,-10,-6,-14,-9,-16,-13,-14,-9,-17,-13,-18,-10,-19,-10,-23,-12,-18,-11,-20,-11,-19,-10,-22,-10,-23,-6,-21,-2,-23,-4,-20,-2,-19,-4,-23,-1,-20,0,-18,-2,-16,2,-16,-2,-15,-1,-17,-1,-14,-1,-13,0,-14,2,-13,2,-12,0,-12,2,-11,5,-11,3,-9,0,0,0,0,0,0,0,0,0,0,0,0,0,0,0,0,0,0,0,0,0,0,15,-20,18,-16,18,-17,22,-20,25,-22,32,-20,33,-19,38,-18,44,-23,46,-21,53,-20,52,-18,62,-21,62,-15,65,-5,67,-3,78,-1,72,4,75,7,73,12,78,18,79,22,73,19,79,25,77,30,82,29,73,34,76,38,70,39,76,41,62,37,72,46,66,43,61,41,62,50,60,41,60,41,62,41,58,42,61,41,59,42,59,38,62,42,56,33,54,39,56,41,55,39,55,41,54,35,53,42,54,41,58,36,54,46,50,41,55,46,52,47,46,45,0,0]"
CSI_DATA,413,1a:00:00:00:00:00,-50,11,1,0,1,1,1,0,0,0,1,-96,0,11,2,5582544,0,44,0,384,0,"[0,0,0,0,0,0,0,0,0,0,0,0,7,1,7,1,6,1,5,1,4,1,4,1,4,0,3,0,2,0,2,-1,2,0,2,-1,1,-1,1,-1,1,-2,1,-2,0,-2,0,-2,0,-3,0,-3,0,-3,0,-3,0,-3,0,-4,0,-4,0,-4,0,0,0,-4,0,-4,0,-5,0,-5,1,-4,1,-4,1,-4,1,-4,1,-4,1,-4,1,-4,1,-3,1,-3,1,-3,1,-3,1,-3,1,-3,1,-3,1,-2,1,-2,1,-2,1,-2,1,-2,1,-2,1,-2,1,-2,0,0,0,0,0,0,0,0,0,0,0,0,0,0,51,15,49,17,49,9,40,13,43,14,39,10,34,12,33,10,28,8,22,8,20,7,19,5,17,0,15,2,12,3,12,-3,12,-2,8,-5,9,-3,9,-9,7,-10,5,-8,3,-11,2,-13,1,-14,5,-17,2,-17,3,-20,5,-18,5,-17,1,-18,2,-19,6,-21,6,-24,7,-22,10,-19,11,-21,9,-21,9,-20,8,-16,9,-19,10,-17,10,-15,9,-15,11,-14,8,-14,11,-13,9,-13,8,-14,4,-8,8,-9,7,-8,7,-9,7,-10,8,-9,11,-8,12,-9,0,0,0,0,0,0,0,0,0,0,0,0,0,0,0,0,0,0,0,0,0,0,21,12,23,13,25,14,25,18,28,18,27,22,30,22,31,28,35,31,32,37,34,40,35,45,36,54,33,56,30,60,30,59,32,68,26,69,21,70,19,73,16,74,14,86,12,78,9,80,7,87,7,85,2,81,-3,85,-3,81,-3,83,-3,72,-8,80,-5,79,-4,76,-13,77,-4,77,-7,76,-6,74,-7,67,-4,77,-10,74,-4,73,-3,67,0,69,-2,64,-1,64,-1,64,-1,65,3,69,2,71,-3,68,0,72,-7,70,-2,60,-5,73,-8,70,-5,64,0,0]"
CSI_DATA,414,1a:00:00:00:00:00,-50,11,1,0,1,1,1,0,0,0,1,-96,0,11,2,5593444,0,44,0,384,0,"[0,0,0,0,0,0,0,0,0,0,0,0,6,-5,5,-4,5,-4,5,-4,4,-3,4,-3,3,-3,3,-3,2,-3,2,-2,2,-2,1,-3,1,-2,0,-2,0,-2,-1,-3,-1,-2,-1,-2,-2,-2,-2,-3,-2,-3,-2,-3,-2,-3,-3,-3,-3,-3,-3,-4,0,0,-3,-4,-3,-4,-3,-4,-3,-4,-2,-4,-2,-4,-2,-4,-2,-4,-2,-4,-1,-4,-1,-4,-1,-4,-1,-4,-1,-3,-1,-3,-1,-3,-1,-3,-1,-3,-1,-3,-1,-3,-1,-3,0,-3,0,-3,-1,-3,0,-2,0,-2,0,0,0,0,0,0,0,0,0,0,0,0,0,0,22,-15,21,-13,21,-15,19,-13,17,-11,17,-11,15,-10,15,-8,13,-8,12,-6,8,-7,9,-6,7,-6,6,-4,5,-4,3,-5,3,-6,1,-6,-1,-4,-1,-5,-3,-7,-3,-6,-3,-6,-4,-6,-4,-6,-6,-7,-6,-7,-5,-8,-5,-8,-7,-8,-7,-9,-6,-10,-8,-10,-7,-9,-7,-10,-5,-10,-4,-10,-5,-8,-3,-10,-4,-10,-5,-10,-2,-10,-2,-10,-3,-10,-2,-8,-3,-8,-2,-8,-2,-8,-2,-7,-1,-8,-2,-8,-2,-7,-1,-7,-1,-5,0,-6,1,-6,1,-6,0,0,0,0,0,0,0,0,0,0,0,0,0,0,0,0,0,0,0,0,0,0,9,-7,13,-5,15,-6,15,-8,15,-9,15,-3,16,-5,23,-3,24,-2,24,0,26,2,30,5,30,6,33,4,37,9,32,3,42,8,36,17,35,5,35,20,35,24,39,26,35,25,37,30,35,27,36,26,30,29,33,27,35,25,36,27,27,24,24,31,24,29,21,21,23,17,33,28,36,21,25,26,24,26,26,27,25,27,26,23,25,25,25,21,25,23,25,21,24,22,25,20,26,21,24,21,24,24,24,22,26,25,23,21,23,25,24,24,20,24,0,0]"
CSI_DATA,415,1a:00:00:00:00:00,-50,11,1,0,1,1,1,0,0,0,1,-96,0,11,2,5602706,0,44,0,384,0,"[0,0,0,0,0,0,0,0,0,0,0,0,-6,-6,-5,-5,-5,-5,-5,-5,-4,-4,-3,-4,-3,-3,-3,-3,-3,-2,-3,-2,-3,-2,-3,-1,-3,-1,-2,0,-2,0,-2,0,-2,0,-2,1,-2,1,-2,1,-2,1,-2,2,-2,2,-2,2,-3,2,-3,2,0,0,-3,2,-3,2,-3,2,-3,2,-3,2,-4,2,-4,2,-3,1,-3,1,-3,1,-4,1,-3,1,-3,1,-3,0,-3,0,-3,0,-3,0,-2,0,-3,0,-2,0,-3,0,-2,0,-3,0,-2,0,-3,0,-2,0,0,0,0,0,0,0,0,0,0,0,0,0,0,0,-46,-33,-38,-32,-44,-29,-34,-29,-32,-31,-30,-29,-29,-23,-22,-23,-19,-18,-16,-20,-18,-17,-14,-13,-16,-11,-15,-10,-10,-8,-13,-6,-12,-5,-11,0,-8,-1,-10,5,-8,6,-10,7,-11,7,-9,7,-12,10,-9,11,-12,12,-13,13,-14,14,-13,15,-11,16,-16,13,-15,14,-17,14,-16,15,-13,12,-17,14,-17,13,-19,9,-17,11,-14,8,-19,6,-19,6,-20,6,-18,3,-13,2,-15,4,-16,2,-14,4,-14,1,-15,3,-11,1,-11,4,-12,3,-13,1,-13,0,-13,1,0,0,0,0,0,0,0,0,0,0,0,0,0,0,0,0,0,0,0,0,0,0,-20,-11,-21,-12,-23,-14,-29,-20,-26,-18,-27,-25,-24,-28,-28,-30,-31,-38,-32,-42,-30,-47,-32,-49,-36,-57,-28,-61,-21,-62,-22,-66,-24,-72,-14,-68,-14,-72,-8,-77,0,-79,0,-83,2,-81,6,-87,8,-89,6,-89,17,-82,16,-82,19,-81,18,-85,18,-72,24,-79,22,-77,20,-73,26,-76,20,-72,28,-73,24,-74,23,-69,23,-70,27,-68,20,-71,25,-68,20,-66,18,-65,20,-64,20,-64,21,-65,20,-65,20,-67,22,-65,19,-67,25,-67,23,-59,32,-66,32,-66,24,-55,0,0]"
CSI_DATA,416,1a:00:00:00:00:00,-50,11,1,0,1,1,1,0,0,0,1,-96,0,11,2,5622977,0,44,0,384,0,"[0,0,0,0,0,0,0,0,0,0,0,0,-7,-6,-6,-5,-6,-5,-5,-5,-5,-4,-4,-4,-4,-3,-4,-3,-3,-2,-3,-2,-3,-2,-3,-1,-3,-1,-2,0,-2,0,-2,0,-2,1,-2,1,-2,1,-2,1,-2,2,-2,2,-2,2,-2,3,-3,2,-2,2,0,0,-3,3,-3,3,-3,3,-3,3,-3,2,-4,2,-3,2,-3,2,-3,2,-4,2,-4,2,-3,1,-3,1,-3,1,-3,1,-3,1,-3,1,-3,1,-3,1,-3,1,-3,1,-3,0,-2,0,-3,0,-2,0,-2,0,0,0,0,0,0,0,0,0,0,0,0,0,0,0,-22,-20,-18,-17,-20,-17,-16,-18,-14,-16,-15,-16,-12,-13,-12,-14,-10,-11,-10,-11,-9,-8,-7,-8,-8,-6,-6,-7,-6,-6,-8,-3,-8,-2,-6,-1,-6,-1,-4,0,-7,0,-5,2,-6,3,-7,4,-6,3,-7,4,-5,5,-7,6,-9,5,-7,7,-8,6,-9,7,-9,6,-10,6,-8,7,-10,5,-11,4,-11,4,-11,3,-9,4,-9,4,-9,3,-11,1,-10,3,-8,1,-8,0,-8,1,-8,1,-8,-1,-7,0,-7,-1,-8,0,-5,-1,-5,-1,-7,-1,-6,0,-5,-2,0,0,0,0,0,0,0,0,0,0,0,0,0,0,0,0,0,0,0,0,0,0,-10,-6,-12,-7,-12,-8,-13,-10,-13,-10,-14,-14,-14,-15,-14,-17,-14,-18,-14,-21,-15,-24,-16,-24,-17,-28,-14,-30,-11,-33,-8,-32,-10,-38,-5,-35,-5,-39,-2,-40,-1,-41,2,-42,3,-38,3,-42,7,-42,6,-42,10,-40,9,-44,12,-38,12,-43,11,-35,13,-39,14,-39,13,-37,17,-37,14,-36,13,-33,13,-36,12,-33,14,-36,17,-35,12,-32,14,-34,12,-33,14,-32,11,-32,12,-32,12,-31,13,-32,15,-32,12,-32,13,-33,16,-34,14,-29,16,-31,17,-30,16,-28,0,0]"
CSI_DATA,417,1a:00:00:00:00:00,-50,11,1,0,1,1,1,0,0,0,1,-96,0,11,2,5633253,0,44,0,384,0,"[0,0,0,0,0,0,0,0,0,0,0,0,6,4,5,4,5,4,4,4,4,3,3,3,3,2,2,2,2,2,2,1,2,1,2,0,2,0,1,-1,1,-1,1,-1,1,-1,1,-2,1,-2,1,-2,1,-3,2,-3,1,-3,1,-3,1,-3,1,-4,0,0,2,-4,2,-4,2,-4,2,-4,2,-3,3,-3,3,-3,3,-3,2,-3,2,-3,2,-3,3,-2,2,-2,2,-2,2,-2,2,-2,2,-2,2,-2,2,-1,2,-1,1,-1,2,-1,2,-1,1,-1,2,-1,2,-1,0,0,0,0,0,0,0,0,0,0,0,0,0,0,19,21,15,20,17,18,14,17,14,17,10,15,10,14,9,13,8,11,7,10,7,8,6,7,5,6,6,5,5,6,6,3,6,2,5,0,5,-1,4,0,6,-2,4,-3,4,-6,5,-4,3,-5,6,-5,5,-6,6,-7,6,-6,5,-8,6,-7,7,-7,8,-9,8,-8,8,-7,9,-7,9,-6,9,-7,9,-5,9,-5,9,-5,9,-2,10,-3,7,-2,6,-3,7,-2,7,-2,7,-2,5,-1,6,-1,6,-2,5,-3,5,-2,4,-2,5,-2,5,-2,6,0,0,0,0,0,0,0,0,0,0,0,0,0,0,0,0,0,0,0,0,0,0,0,6,9,6,9,8,11,8,13,7,14,7,15,7,16,8,19,8,22,6,23,6,27,6,27,6,30,2,31,-2,32,-2,33,-2,38,-7,36,-6,35,-10,36,-12,37,-14,40,-15,38,-16,39,-19,39,-16,39,-20,35,-20,35,-22,34,-22,37,-21,32,-22,33,-22,33,-20,32,-25,32,-20,32,-21,30,-21,31,-19,29,-21,32,-21,28,-18,31,-19,30,-18,30,-19,27,-17,29,-16,28,-16,29,-17,29,-18,31,-19,29,-18,30,-21,29,-19,26,-23,28,-21,28,-21,25,0,0]"
CSI_DATA,418,1a:00:00:00:00:00,-50,11,1,0,1,1,1,0,0,0,1,-96,0,11,2,5652411,0,44,0,384,0,"[0,0,0,0,0,0,0,0,0,0,0,0,7,-4,7,-4,6,-4,6,-3,5,-3,4,-2,4,-3,3,-2,3,-2,2,-2,2,-2,1,-2,1,-2,1,-2,0,-2,-1,-3,-1,-3,-1,-2,-1,-3,-2,-3,-2,-3,-2,-3,-2,-4,-3,-3,-2,-4,-2,-4,0,0,-3,-4,-3,-4,-2,-5,-3,-4,-2,-4,-2,-5,-2,-4,-1,-4,-2,-4,-1,-4,-1,-4,-1,-4,-1,-4,-1,-4,-1,-4,-1,-4,-1,-3,-1,-3,0,-3,-1,-3,0,-3,0,-3,0,-3,0,-3,0,-3,0,-2,0,0,0,0,0,0,0,0,0,0,0,0,0,0,44,-31,45,-30,38,-31,39,-20,38,-24,34,-19,32,-18,32,-17,24,-20,22,-12,18,-13,16,-10,15,-12,15,-13,8,-10,5,-12,5,-11,3,-9,-1,-10,-2,-10,-4,-11,-7,-11,-5,-12,-8,-14,-8,-11,-9,-12,-10,-15,-12,-14,-8,-17,-14,-18,-15,-16,-12,-19,-11,-19,-11,-20,-10,-17,-9,-21,-8,-20,-7,-21,-6,-21,-5,-22,-4,-22,-8,-19,-5,-20,-5,-18,-3,-17,0,-18,1,-15,-2,-15,0,-16,-1,-14,-2,-11,1,-14,1,-12,1,-11,1,-11,5,-15,3,-12,0,0,0,0,0,0,0,0,0,0,0,0,0,0,0,0,0,0,0,0,0,0,20,-14,23,-13,25,-15,29,-15,29,-13,34,-12,36,-10,41,-10,47,-12,47,-10,55,-7,55,-7,67,-5,68,1,62,8,67,11,72,10,68,17,69,19,71,27,71,36,74,38,67,34,75,40,76,44,77,39,69,50,67,45,64,50,68,51,58,47,61,54,57,51,57,49,60,59,55,50,52,48,57,49,53,46,59,48,51,47,56,46,52,45,55,46,47,42,51,40,51,41,50,44,54,44,55,43,52,42,54,42,52,48,48,43,54,48,44,44,45,46,0,0]"
CSI_DATA,419,1a:00:00:00:00:00,-50,11,1,0,1,1,1,0,0,0,1,-96,0,11,2,5662425,0,44,0,384,0,"[0,0,0,0,0,0,0,0,0,0,0,0,-8,2,-7,1,-7,2,-6,1,-6,1,-5,1,-4,1,-4,1,-4,1,-3,1,-2,1,-2,1,-2,1,-1,1,-1,1,-1,1,-1,1,0,1,0,1,0,2,0,2,0,2,1,2,1,2,1,2,1,3,0,0,1,3,1,3,1,3,1,3,0,3,0,3,0,3,0,3,0,3,0,3,0,3,-1,3,0,2,0,2,-1,2,-1,2,-1,2,-1,2,-1,2,-1,2,-1,2,-1,2,-1,2,-1,1,-1,1,-1,1,0,0,0,0,0,0,0,0,0,0,0,0,0,0,-49,20,-48,16,-46,22,-42,13,-43,15,-38,14,-36,11,-33,9,-28,9,-26,8,-21,8,-20,6,-17,7,-14,6,-11,7,-11,8,-7,11,-5,9,-1,11,-2,8,2,10,4,11,2,11,2,11,6,12,5,15,7,15,9,16,8,17,9,20,7,19,10,20,9,19,8,20,8,19,3,19,10,19,6,21,2,20,4,20,-1,21,2,19,2,19,-1,17,-2,17,0,17,-2,15,-1,13,0,13,-1,12,-1,13,0,12,0,12,-4,12,-5,13,-4,12,-2,11,0,0,0,0,0,0,0,0,0,0,0,0,0,0,0,0,0,0,0,0,0,0,-22,7,-27,7,-27,4,-32,4,-32,3,-38,0,-39,-2,-45,-7,-50,-5,-51,-5,-55,-11,-57,-14,-66,-14,-62,-22,-58,-29,-63,-29,-70,-33,-65,-37,-64,-42,-61,-48,-61,-54,-64,-58,-58,-54,-60,-61,-59,-64,-63,-62,-52,-66,-51,-65,-49,-69,-52,-67,-44,-60,-47,-68,-45,-66,-44,-62,-43,-68,-43,-62,-43,-60,-44,-64,-40,-61,-47,-60,-41,-62,-44,-59,-42,-57,-44,-53,-39,-55,-44,-55,-42,-56,-39,-55,-46,-50,-43,-56,-42,-53,-42,-54,-44,-57,-38,-55,-40,-63,-40,-54,-37,-55,0,0]"
CSI_DATA,420,1a:00:00:00:00:00,-49,11,1,0,1,1,1,0,0,0,1,-96,0,11,2,5672368,0,44,0,384,0,"[0,0,0,0,0,0,0,0,0,0,0,0,-1,-8,-1,-8,-1,-7,-1,-6,-1,-6,-1,-5,-1,-5,-1,-4,-1,-4,-1,-3,-1,-3,-2,-3,-2,-2,-2,-2,-2,-1,-2,-1,-2,-1,-2,-1,-3,-1,-3,0,-3,0,-3,0,-3,0,-4,0,-4,0,-4,0,0,0,-4,0,-5,0,-5,0,-4,0,-4,-1,-5,-1,-4,-1,-4,-1,-4,-1,-4,-1,-4,-1,-4,-1,-3,-2,-3,-2,-3,-2,-3,-1,-3,-1,-3,-1,-3,-1,-2,-1,-3,-2,-2,-2,-2,-2,-2,-2,-2,-2,-2,-2,0,0,0,0,0,0,0,0,0,0,0,0,0,0,1,-56,5,-51,-1,-49,4,-45,5,-43,3,-42,5,-35,3,-34,2,-28,3,-26,2,-24,0,-22,0,-21,0,-16,-2,-15,-2,-15,-6,-13,-10,-7,-8,-9,-8,-6,-13,-4,-12,-5,-12,-5,-14,-3,-12,-3,-16,-1,-19,-2,-19,-3,-21,0,-20,-2,-22,-1,-26,-2,-22,-3,-27,-3,-22,-5,-23,-7,-22,-7,-22,-7,-20,-9,-21,-10,-18,-8,-20,-7,-17,-9,-16,-10,-18,-10,-14,-10,-11,-9,-14,-11,-11,-7,-11,-7,-9,-7,-12,-7,-11,-6,-8,-8,-10,-7,-9,-11,-8,-11,0,0,0,0,0,0,0,0,0,0,0,0,0,0,0,0,0,0,0,0,0,0,1,-24,1,-25,5,-27,4,-32,6,-34,12,-33,13,-37,15,-42,16,-48,22,-44,26,-46,31,-50,32,-56,40,-54,45,-47,50,-48,53,-54,57,-47,58,-44,63,-43,67,-39,74,-38,69,-35,76,-36,78,-30,78,-37,79,-24,79,-25,77,-20,81,-23,71,-18,80,-18,77,-14,73,-19,80,-14,74,-16,74,-13,72,-18,70,-14,74,-20,72,-13,70,-15,68,-15,68,-20,64,-17,64,-12,66,-18,64,-19,66,-18,67,-17,63,-16,68,-18,72,-10,64,-13,69,-14,65,-11,65,-7,0,0]"
CSI_DATA,421,1a:00:00:00:00:00,-50,11,1,0,1,1,1,0,0,0,1,-96,0,11,2,5682396,0,44,0,384,0,"[0,0,0,0,0,0,0,0,0,0,0,0,-3,7,-3,6,-2,6,-3,5,-3,4,-2,4,-2,4,-2,3,-1,3,-1,2,-1,2,0,2,0,1,0,1,0,1,1,1,1,1,1,1,1,0,2,0,2,0,2,0,2,0,3,0,3,0,3,1,0,0,3,1,3,1,3,1,3,1,3,1,3,1,3,1,3,1,3,1,2,1,2,2,2,2,2,1,2,1,2,1,2,2,1,1,1,1,1,1,1,1,1,1,1,1,1,1,1,1,0,1,0,1,0,0,0,0,0,0,0,0,0,0,0,0,0,0,-10,54,-7,49,-7,50,-10,44,-7,41,-11,42,-6,34,-8,33,-6,29,-6,27,-7,22,-4,21,-4,18,-2,15,-3,15,3,11,5,7,3,12,4,9,8,8,10,3,8,3,13,2,14,2,11,0,16,0,19,1,18,0,18,1,24,0,15,2,21,2,23,-1,26,0,19,1,23,6,21,4,21,4,20,7,17,7,18,7,17,9,16,10,15,8,15,8,13,8,16,7,13,9,13,8,12,7,9,7,10,5,9,5,8,3,8,7,8,7,7,8,0,0,0,0,0,0,0,0,0,0,0,0,0,0,0,0,0,0,0,0,0,0,-8,23,-12,23,-11,23,-15,28,-16,26,-24,29,-24,31,-27,31,-31,37,-36,32,-45,37,-42,35,-49,44,-53,38,-56,35,-58,33,-69,35,-66,26,-73,26,-73,23,-76,18,-81,16,-76,13,-85,15,-86,11,-86,11,-82,5,-84,1,-82,5,-90,5,-72,3,-88,-2,-82,-2,-76,2,-79,-5,-73,3,-71,-1,-78,-4,-74,1,-72,2,-74,-2,-72,4,-74,0,-70,7,-68,2,-70,1,-65,6,-68,5,-65,7,-66,3,-68,3,-70,5,-74,4,-62,4,-71,2,-70,2,-63,1,0,0]"
