type,id,mac,rssi,rate,sig_mode,mcs,bandwidth,smoothing,not_sounding,aggregation,stbc,fec_coding,sgi,noise_floor,ampdu_cnt,channel,secondary_channel,local_timestamp,ant,sig_len,rx_state,len,first_word,data
CSI_DATA,20,1a:00:00:00:00:00,-45,11,1,0,1,1,1,0,0,0,1,-96,0,11,2,521762,0,44,0,384,0,"[0,0,0,0,0,0,0,0,0,0,0,0,11,-11,10,-10,9,-10,9,-9,8,-8,8,-8,7,-8,7,-8,6,-8,5,-7,5,-7,4,-7,4,-7,3,-7,3,-6,3,-7,2,-7,2,-7,1,-6,1,-6,0,-6,0,-7,0,-7,-1,-7,-1,-7,-2,-8,0,0,-2,-8,-2,-8,-2,-9,-3,-9,-2,-9,-2,-9,-1,-9,-1,-9,-1,-9,-1,-9,0,-9,1,-9,1,-8,1,-8,1,-8,2,-8,2,-7,1,-7,2,-6,2,-6,3,-6,3,-5,3,-4,3,-4,3,-3,3,-2,0,0,0,0,0,0,0,0,0,0,0,0,0,0,69,-56,64,-55,64,-54,56,-51,61,-56,56,-45,55,-42,51,-40,46,-40,43,-37,38,-38,35,-38,38,-36,34,-31,33,-35,23,-34,28,-37,22,-36,18,-31,18,-31,13,-35,11,-31,7,-30,9,-34,3,-29,-3,-33,-3,-34,-4,-35,-4,-35,-9,-43,-8,-35,-12,-45,-9,-41,-11,-43,-9,-45,-4,-48,-9,-44,-8,-50,-6,-47,-1,-49,-2,-46,3,-46,4,-44,3,-45,6,-43,9,-42,6,-39,12,-40,11,-33,9,-31,12,-32,13,-31,16,-25,14,-22,20,-18,17,-20,17,-17,0,0,0,0,0,0,0,0,0,0,0,0,0,0,0,0,0,0,0,0,0,0,10,58,1,56,-4,56,-4,57,-10,53,-10,48,-8,48,-12,48,-13,50,-14,46,-15,41,-13,41,-13,46,-13,41,-11,37,-7,35,-3,40,-5,33,-3,34,-2,33,0,31,4,36,7,33,5,34,10,35,15,39,15,39,23,40,15,41,23,37,24,38,27,40,26,42,28,38,31,43,35,42,31,40,35,38,37,41,42,43,42,42,46,42,47,40,50,39,53,39,55,44,57,43,63,40,67,44,67,44,65,51,72,54,69,61,68,50,72,64,72,63,70,64,0,0]"
CSI_DATA,21,1a:00:00:00:00:00,-45,11,1,0,1,1,1,0,0,0,1,-96,0,11,2,530822,0,44,0,384,0,"[0,0,0,0,0,0,0,0,0,0,0,0,-3,14,-3,14,-2,13,-3,13,-3,12,-3,11,-2,10,-2,10,-2,10,-1,9,-1,8,0,8,0,7,0,7,0,7,1,7,1,6,1,6,2,5,2,5,3,5,3,4,3,4,4,4,5,4,5,4,0,0,6,4,6,4,6,5,6,5,6,5,6,6,6,6,6,6,6,7,5,7,4,7,4,7,3,7,3,6,3,7,2,6,2,6,1,6,1,6,1,5,0,6,0,5,-1,5,-1,4,-1,4,-2,4,0,0,0,0,0,0,0,0,0,0,0,0,0,0,-6,41,-6,43,-4,40,-5,39,-7,37,-6,33,-5,34,-5,32,-5,30,-7,30,-4,26,-2,26,-4,27,-1,22,-3,25,0,21,2,20,2,17,1,17,1,18,5,16,5,16,6,13,7,12,8,12,9,13,11,13,14,11,14,12,14,11,13,11,16,13,16,10,16,12,16,13,15,14,17,17,17,16,15,17,16,18,14,18,13,20,11,18,11,19,10,18,8,20,6,18,7,16,7,15,4,17,1,16,2,16,1,14,0,13,-3,14,-4,12,-3,9,0,0,0,0,0,0,0,0,0,0,0,0,0,0,0,0,0,0,0,0,0,0,-25,-13,-23,-16,-22,-18,-20,-19,-20,-20,-18,-20,-17,-19,-14,-21,-15,-19,-14,-20,-12,-21,-14,-18,-14,-17,-13,-17,-11,-16,-14,-14,-13,-14,-13,-14,-12,-12,-14,-10,-15,-12,-17,-9,-16,-10,-17,-8,-18,-7,-20,-7,-20,-7,-20,-7,-23,-8,-23,-6,-25,-3,-24,-4,-28,-4,-24,-2,-27,-4,-28,-1,-29,-3,-29,-1,-27,0,-30,0,-29,1,-33,3,-35,4,-33,7,-33,4,-34,9,-36,8,-39,8,-38,8,-41,5,-42,6,-42,5,-44,4,-48,5,-48,5,-46,4,-47,3,0,0]"
CSI_DATA,22,1a:00:00:00:00:00,-45,11,1,0,1,1,1,0,0,0,1,-96,0,11,2,540578,0,44,0,384,0,"[0,0,0,0,0,0,0,0,0,0,0,0,-12,-10,-11,-9,-11,-8,-10,-9,-10,-8,-8,-8,-9,-7,-8,-6,-8,-6,-8,-5,-8,-5,-8,-4,-8,-4,-7,-3,-7,-3,-7,-3,-6,-2,-6,-2,-7,-1,-6,-1,-6,0,-7,0,-6,1,-7,2,-7,2,-7,2,0,0,-7,2,-8,2,-8,3,-8,3,-8,3,-9,2,-9,2,-9,1,-9,1,-8,1,-9,1,-9,0,-8,0,-8,-1,-8,-1,-8,-1,-7,-2,-6,-1,-7,-2,-6,-2,-6,-3,-6,-3,-5,-3,-4,-3,-4,-3,-3,-3,0,0,0,0,0,0,0,0,0,0,0,0,0,0,-47,-81,-42,-77,-48,-69,-38,-67,-36,-67,-31,-62,-33,-63,-30,-59,-32,-56,-26,-51,-27,-46,-30,-43,-27,-43,-30,-40,-25,-38,-27,-34,-31,-32,-31,-30,-27,-24,-25,-28,-29,-23,-30,-20,-28,-11,-28,-13,-32,-13,-33,-3,-35,-8,-33,-5,-38,-9,-38,0,-34,-3,-39,-1,-46,0,-46,-1,-44,-1,-46,-6,-49,-5,-49,-2,-48,-9,-43,-9,-48,-13,-41,-13,-42,-14,-44,-12,-41,-15,-38,-20,-34,-20,-36,-21,-29,-19,-28,-21,-24,-22,-24,-19,-22,-21,-19,-24,-14,-21,-11,-22,-11,-21,0,0,0,0,0,0,0,0,0,0,0,0,0,0,0,0,0,0,0,0,0,0,59,-8,56,-3,57,-1,56,5,56,9,48,13,44,13,45,12,46,17,47,12,41,14,41,14,44,8,39,12,32,10,37,10,39,7,33,7,35,1,35,3,29,1,35,-7,34,-4,36,-7,37,-9,37,-14,37,-14,41,-14,43,-17,44,-20,40,-18,44,-26,44,-26,44,-25,46,-29,44,-29,47,-30,46,-31,43,-36,45,-42,44,-39,47,-44,51,-46,52,-46,44,-50,53,-50,49,-52,49,-58,50,-62,54,-65,59,-67,59,-60,67,-62,66,-64,70,-69,69,-65,78,-61,0,0]"
CSI_DATA,23,1a:00:00:00:00:00,-45,11,1,0,1,1,1,0,0,0,1,-97,0,11,2,550592,0,44,0,384,0,"[0,0,0,0,0,0,0,0,0,0,0,0,13,5,12,4,12,4,12,5,11,4,10,4,10,3,9,3,9,3,8,2,8,2,8,1,7,1,7,0,7,0,7,-1,6,-1,6,-1,5,-2,5,-2,6,-3,5,-4,5,-3,5,-4,5,-5,5,-5,0,0,5,-6,6,-6,6,-6,6,-6,7,-6,7,-6,7,-6,7,-5,7,-5,7,-5,8,-4,7,-3,7,-3,7,-3,7,-2,7,-2,7,-2,6,-2,6,-1,5,-1,6,0,5,0,5,1,4,1,4,1,4,1,0,0,0,0,0,0,0,0,0,0,0,0,0,0,40,16,39,18,39,14,35,14,36,13,29,12,31,14,30,14,29,11,24,9,26,9,23,8,24,7,24,5,21,8,19,3,21,2,19,1,18,2,17,2,17,-2,15,-1,15,-4,13,-6,16,-6,13,-8,13,-8,12,-10,13,-10,12,-12,13,-13,15,-11,16,-12,17,-16,18,-14,19,-15,18,-16,17,-15,22,-13,18,-13,21,-11,20,-10,20,-10,21,-9,20,-9,21,-7,20,-4,21,-3,16,-2,16,-2,14,-1,16,-1,16,0,14,1,14,3,12,2,9,4,0,0,0,0,0,0,0,0,0,0,0,0,0,0,0,0,0,0,0,0,0,0,-23,19,-24,15,-25,16,-24,13,-28,11,-23,6,-23,8,-24,7,-24,7,-24,7,-22,4,-22,4,-22,7,-20,5,-18,5,-20,5,-16,7,-16,7,-14,8,-15,8,-13,11,-15,12,-15,10,-14,13,-15,13,-11,16,-12,16,-12,16,-13,18,-12,18,-11,20,-12,21,-13,22,-9,23,-12,24,-10,24,-8,25,-8,24,-9,28,-8,29,-7,30,-6,31,-6,28,-5,33,-5,32,-3,32,-2,34,-2,39,-3,38,-4,42,-4,41,-3,42,-6,42,-9,43,-10,48,-7,45,-11,47,0,0]"
CSI_DATA,24,1a:00:00:00:00:00,-45,11,1,0,1,1,1,0,0,0,1,-97,0,11,2,563752,0,44,0,384,0,"[0,0,0,0,0,0,0,0,0,0,0,0,6,-13,6,-13,5,-12,5,-12,5,-11,5,-11,4,-10,4,-10,4,-10,3,-8,2,-9,2,-9,1,-8,1,-8,0,-7,0,-8,0,-7,-1,-7,-1,-6,-1,-6,-2,-6,-2,-6,-3,-6,-4,-6,-4,-6,-4,-7,0,0,-5,-7,-5,-7,-5,-7,-5,-8,-4,-8,-5,-8,-4,-9,-4,-9,-4,-9,-3,-9,-3,-9,-2,-8,-2,-8,-1,-8,-1,-8,-1,-8,-1,-7,-1,-7,0,-7,0,-6,1,-6,1,-6,1,-5,2,-5,2,-5,2,-4,0,0,0,0,0,0,0,0,0,0,0,0,0,0,16,-41,18,-36,14,-39,16,-37,14,-35,15,-34,13,-30,13,-30,13,-24,11,-28,11,-27,9,-24,7,-27,8,-24,6,-23,4,-23,4,-20,2,-19,0,-18,-2,-16,-2,-20,-3,-16,-4,-16,-6,-16,-6,-14,-7,-14,-8,-15,-11,-13,-11,-14,-12,-14,-14,-15,-15,-16,-15,-13,-16,-16,-16,-17,-13,-18,-14,-20,-14,-20,-13,-20,-12,-22,-10,-19,-12,-20,-9,-22,-8,-23,-7,-21,-9,-21,-6,-21,-5,-19,-3,-19,-4,-18,-3,-17,-1,-17,1,-15,1,-14,1,-14,4,-14,4,-13,0,0,0,0,0,0,0,0,0,0,0,0,0,0,0,0,0,0,0,0,0,0,18,22,13,25,10,25,10,28,9,25,5,24,5,23,3,23,4,23,3,21,3,22,5,20,4,20,2,21,5,19,4,20,6,18,5,17,5,18,5,13,7,15,9,15,10,12,11,13,12,15,16,14,15,15,16,12,15,11,19,12,16,12,20,13,20,13,20,11,22,11,22,12,24,10,25,9,26,9,29,10,27,8,29,5,31,8,31,7,33,6,31,6,35,5,36,5,36,6,40,5,40,3,42,5,46,9,42,8,46,9,45,10,42,13,0,0]"
CSI_DATA,25,1a:00:00:00:00:00,-45,11,1,0,1,1,1,0,0,0,1,-97,0,11,2,570553,0,44,0,384,0,"[0,0,0,0,0,0,0,0,0,0,0,0,-8,-13,-7,-13,-8,-12,-7,-12,-7,-11,-6,-10,-6,-9,-6,-9,-6,-8,-6,-7,-5,-7,-6,-7,-6,-6,-6,-6,-6,-5,-6,-4,-6,-4,-6,-4,-6,-3,-6,-2,-6,-2,-6,-1,-6,-1,-7,-1,-8,-1,-7,0,0,0,-8,0,-8,0,-9,0,-9,0,-9,-1,-10,-1,-10,-1,-9,-1,-9,-2,-9,-2,-9,-3,-8,-3,-8,-3,-8,-4,-7,-4,-7,-4,-7,-4,-6,-4,-6,-4,-5,-4,-5,-5,-4,-4,-4,-5,-3,-4,-3,-4,-2,-4,0,0,0,0,0,0,0,0,0,0,0,0,0,0,-45,-78,-39,-77,-38,-73,-32,-72,-33,-73,-30,-71,-27,-64,-24,-61,-28,-61,-24,-55,-26,-52,-26,-45,-27,-48,-26,-40,-23,-41,-20,-32,-28,-36,-25,-31,-24,-24,-26,-26,-29,-22,-26,-20,-29,-20,-31,-15,-30,-12,-33,-9,-32,-8,-35,-7,-34,-3,-39,-2,-39,-5,-41,-6,-44,-5,-47,0,-48,-6,-50,-5,-49,-5,-53,-6,-53,-8,-51,-8,-45,-16,-46,-21,-41,-21,-45,-16,-38,-20,-39,-20,-31,-26,-33,-20,-25,-25,-27,-24,-29,-24,-24,-27,-20,-24,-14,-24,-12,-24,-13,-28,-9,-24,0,0,0,0,0,0,0,0,0,0,0,0,0,0,0,0,0,0,0,0,0,0,60,-8,60,-1,58,6,58,12,56,10,51,14,53,13,50,14,50,17,43,19,44,19,39,14,43,13,42,15,35,13,39,16,39,9,36,9,34,6,37,2,35,2,36,-3,36,0,37,-6,41,-5,40,-13,40,-9,40,-13,45,-14,44,-14,38,-19,48,-15,46,-19,44,-27,45,-22,47,-30,46,-27,50,-30,49,-30,52,-31,47,-39,47,-40,49,-37,53,-52,47,-45,52,-46,48,-52,49,-54,57,-62,62,-64,64,-59,63,-64,71,-58,64,-59,76,-60,75,-61,79,-54,0,0]"
CSI_DATA,26,1a:00:00:00:00:00,-45,11,1,0,1,1,1,0,0,0,1,-96,0,11,2,581292,0,44,0,384,0,"[0,0,0,0,0,0,0,0,0,0,0,0,8,11,8,10,8,10,7,10,7,9,5,8,6,8,6,7,5,6,6,6,5,6,5,5,5,5,5,4,5,4,6,3,5,2,5,2,5,1,5,0,5,0,5,0,6,0,6,-1,7,-1,6,-1,0,0,7,-2,8,-2,8,-2,8,-2,8,-2,9,-2,9,-2,8,-1,9,-1,9,0,8,1,8,1,8,1,7,1,7,2,7,2,7,2,6,2,6,2,5,2,4,3,4,3,4,3,3,3,2,3,2,3,0,0,0,0,0,0,0,0,0,0,0,0,0,0,64,57,63,63,67,53,54,58,50,58,50,54,48,51,50,45,43,46,41,46,40,41,39,35,36,34,35,33,33,28,31,26,34,22,34,19,33,16,30,13,36,17,32,16,32,5,34,-1,31,7,31,-3,33,-4,35,-8,37,-7,36,-12,38,-8,39,-11,42,-13,46,-12,39,-14,48,-6,50,-9,47,-9,47,-4,48,-6,50,-2,50,3,42,2,47,5,42,4,41,10,43,10,43,11,32,10,32,12,33,16,29,16,27,17,22,19,20,17,19,21,14,19,0,0,0,0,0,0,0,0,0,0,0,0,0,0,0,0,0,0,0,0,0,0,-53,31,-56,22,-60,20,-59,15,-56,10,-55,6,-53,8,-55,1,-51,3,-48,4,-48,-1,-46,0,-49,1,-44,5,-43,3,-39,5,-41,3,-41,6,-34,11,-40,11,-36,6,-33,17,-33,8,-31,21,-35,19,-32,21,-29,23,-35,21,-32,28,-36,32,-30,29,-35,36,-36,38,-33,38,-36,40,-35,39,-34,42,-32,44,-32,47,-31,51,-29,49,-31,56,-33,56,-29,59,-32,56,-36,61,-31,66,-31,71,-33,71,-35,76,-38,77,-37,80,-46,77,-46,77,-50,88,-52,82,-53,80,0,0]"
CSI_DATA,27,1a:00:00:00:00:00,-45,11,1,0,1,1,1,0,0,0,1,-96,0,11,2,590637,0,44,0,384,0,"[0,0,0,0,0,0,0,0,0,0,0,0,3,-15,3,-14,1,-13,3,-13,2,-12,2,-11,2,-11,2,-11,1,-10,0,-9,1,-9,0,-9,-1,-8,-1,-8,-1,-7,-2,-7,-3,-7,-2,-6,-3,-5,-3,-5,-4,-5,-4,-5,-5,-5,-5,-5,-6,-5,-6,-5,0,0,-7,-5,-7,-5,-8,-6,-7,-6,-7,-6,-7,-6,-7,-6,-7,-7,-7,-7,-6,-7,-6,-8,-5,-7,-5,-7,-5,-7,-4,-7,-4,-7,-4,-7,-3,-7,-3,-7,-2,-6,-2,-7,-1,-6,-1,-6,-1,-5,0,-5,0,-5,0,0,0,0,0,0,0,0,0,0,0,0,0,0,5,-46,5,-42,3,-45,3,-40,3,-40,3,-37,4,-34,4,-34,2,-30,2,-32,2,-29,1,-28,-2,-26,-2,-23,-1,-25,-3,-23,-5,-21,-6,-19,-5,-18,-6,-17,-8,-17,-8,-15,-8,-13,-11,-13,-12,-12,-13,-10,-13,-10,-17,-9,-14,-10,-17,-10,-17,-10,-20,-10,-19,-10,-20,-10,-21,-10,-21,-13,-24,-12,-22,-14,-21,-15,-18,-15,-20,-13,-20,-16,-17,-17,-16,-16,-14,-16,-16,-17,-14,-17,-13,-15,-11,-17,-10,-15,-10,-16,-8,-17,-7,-13,-5,-13,-3,-15,-1,-14,-1,-13,0,0,0,0,0,0,0,0,0,0,0,0,0,0,0,0,0,0,0,0,0,0,20,22,19,23,16,25,14,25,11,25,9,24,9,23,10,24,10,24,7,22,7,23,6,22,9,21,7,20,5,19,8,18,9,17,8,16,9,16,10,16,9,13,11,13,12,12,14,12,14,10,17,9,17,10,19,12,18,9,21,9,20,8,24,9,23,8,24,5,24,4,27,6,26,4,29,3,27,2,30,1,28,1,31,-1,33,-2,33,-3,34,-4,33,-5,36,-4,38,-6,37,-6,41,-6,41,-6,44,-8,46,-5,44,-6,47,-1,47,-4,49,-2,0,0]"
CSI_DATA,28,1a:00:00:00:00:00,-45,11,1,0,1,1,1,0,0,0,1,-96,0,11,2,610615,0,44,0,384,0,"[0,0,0,0,0,0,0,0,0,0,0,0,-14,4,-13,4,-12,4,-12,4,-11,3,-10,3,-10,3,-9,3,-9,3,-8,3,-8,3,-7,4,-6,3,-6,4,-6,4,-5,4,-4,4,-4,4,-3,4,-3,4,-3,5,-2,5,-2,5,-2,6,-1,6,-1,6,0,0,-1,7,-1,7,-1,8,-1,8,-1,8,-2,8,-2,9,-3,8,-3,8,-3,7,-3,8,-4,7,-4,6,-4,6,-4,6,-4,6,-5,5,-4,5,-4,5,-4,4,-5,3,-4,3,-5,3,-5,2,-5,2,-4,1,0,0,0,0,0,0,0,0,0,0,0,0,0,0,-90,24,-82,19,-86,26,-73,19,-73,23,-69,17,-63,14,-69,18,-60,15,-58,20,-52,22,-45,19,-46,18,-41,20,-39,17,-38,23,-40,24,-32,22,-31,21,-26,23,-24,28,-22,23,-17,27,-12,27,-16,29,-12,29,-6,34,-5,36,-10,36,-1,41,-1,39,1,44,-2,42,-2,44,1,43,-6,48,-5,47,-6,48,-10,49,-10,47,-11,47,-17,48,-17,48,-18,42,-21,40,-21,38,-22,34,-23,33,-21,33,-20,29,-22,30,-20,26,-25,25,-24,18,-22,16,-21,13,-26,9,0,0,0,0,0,0,0,0,0,0,0,0,0,0,0,0,0,0,0,0,0,0,23,-57,32,-52,31,-50,38,-48,38,-43,41,-44,34,-41,38,-35,36,-38,32,-34,35,-27,34,-31,31,-34,34,-34,31,-31,28,-29,28,-34,29,-30,23,-32,15,-28,19,-30,19,-38,13,-30,11,-35,11,-36,2,-36,4,-37,7,-45,3,-37,2,-47,0,-42,-3,-53,-2,-48,-3,-50,-9,-52,-10,-50,-10,-50,-14,-55,-17,-54,-22,-55,-17,-61,-26,-55,-26,-61,-30,-60,-37,-61,-32,-59,-36,-64,-41,-62,-36,-69,-39,-69,-42,-77,-46,-74,-43,-87,-41,-78,-39,-88,-41,-93,-38,-89,0,0]"
CSI_DATA,29,1a:00:00:00:00:00,-45,11,1,0,1,1,1,0,0,0,1,-96,0,11,2,640569,0,44,0,384,0,"[0,0,0,0,0,0,0,0,0,0,0,0,-14,6,-13,6,-12,6,-12,5,-11,5,-10,5,-10,5,-9,5,-8,5,-8,4,-8,4,-6,5,-6,4,-6,5,-5,5,-5,5,-4,5,-3,5,-3,5,-2,5,-2,5,-1,5,-1,6,-1,6,-1,7,0,7,0,0,1,8,0,8,0,8,0,8,-1,9,0,9,0,9,-1,9,-1,9,-2,9,-3,9,-3,8,-3,8,-3,7,-4,7,-3,7,-4,6,-4,6,-4,5,-4,5,-4,5,-5,4,-5,3,-5,3,-5,2,-4,2,0,0,0,0,0,0,0,0,0,0,0,0,0,0,-73,38,-75,33,-76,39,-65,34,-69,32,-61,26,-60,31,-56,29,-52,26,-48,28,-45,29,-41,22,-38,24,-38,24,-34,25,-31,25,-32,27,-25,23,-25,23,-17,29,-15,27,-16,29,-9,27,-12,25,-9,30,-7,31,-4,33,-3,35,1,36,3,40,4,40,5,39,4,42,4,44,5,44,-1,47,-1,47,-3,49,-5,46,-5,46,-7,47,-5,47,-10,45,-12,43,-17,37,-12,39,-16,40,-18,38,-17,35,-19,32,-16,26,-16,29,-22,23,-21,23,-23,19,-21,16,-22,13,0,0,0,0,0,0,0,0,0,0,0,0,0,0,0,0,0,0,0,0,0,0,3,-61,8,-57,12,-55,18,-57,22,-54,24,-49,24,-48,25,-44,25,-45,24,-41,25,-42,20,-37,23,-39,21,-35,24,-37,17,-36,13,-41,19,-35,16,-34,12,-35,12,-35,9,-36,7,-40,0,-35,3,-40,-5,-39,-5,-40,-7,-39,-6,-43,-7,-44,-13,-39,-15,-48,-18,-45,-16,-44,-18,-49,-20,-44,-25,-50,-23,-50,-26,-47,-33,-47,-31,-50,-40,-50,-42,-51,-44,-50,-45,-50,-46,-49,-48,-50,-51,-53,-49,-52,-54,-61,-55,-58,-57,-62,-58,-69,-63,-69,-57,-73,-57,-71,-54,-72,0,0]"
CSI_DATA,30,1a:00:00:00:00:00,-45,11,1,0,1,1,1,0,0,0,1,-96,0,11,2,651511,0,44,0,384,0,"[0,0,0,0,0,0,0,0,0,0,0,0,6,-14,6,-14,4,-12,5,-12,4,-11,4,-11,3,-10,3,-9,3,-9,2,-9,2,-9,1,-9,1,-8,0,-8,0,-7,-1,-7,-1,-7,-2,-6,-2,-6,-3,-6,-3,-6,-4,-6,-4,-5,-5,-5,-6,-6,-6,-6,0,0,-7,-6,-7,-6,-7,-7,-7,-6,-7,-7,-7,-8,-7,-7,-6,-7,-6,-8,-6,-8,-6,-8,-4,-8,-4,-8,-4,-8,-3,-8,-3,-8,-3,-8,-3,-8,-2,-7,-2,-7,-1,-7,-1,-6,-1,-6,0,-6,1,-5,1,-5,0,0,0,0,0,0,0,0,0,0,0,0,0,0,28,-35,26,-31,26,-33,25,-32,24,-31,24,-28,20,-24,21,-25,19,-24,20,-24,16,-23,14,-22,16,-23,10,-20,10,-18,8,-19,7,-21,5,-18,4,-19,3,-17,0,-17,1,-17,-4,-16,-2,-18,-3,-15,-5,-17,-7,-17,-7,-16,-8,-17,-12,-19,-12,-17,-12,-20,-11,-20,-15,-21,-12,-20,-14,-22,-13,-22,-11,-23,-11,-24,-8,-25,-8,-23,-8,-25,-7,-24,-4,-23,-4,-24,-4,-23,-2,-24,-2,-21,-1,-21,0,-20,1,-19,2,-19,2,-16,5,-14,4,-15,4,-14,5,-11,0,0,0,0,0,0,0,0,0,0,0,0,0,0,0,0,0,0,0,0,0,0,8,30,4,30,0,29,-2,31,-2,27,-3,27,-4,27,-4,25,-4,27,-3,23,-5,25,-5,20,-4,23,-6,23,-5,21,-3,18,-2,22,-3,18,-3,18,0,19,0,17,3,18,3,16,6,17,3,17,9,17,8,19,9,17,8,18,11,18,11,16,13,19,13,18,14,17,18,18,17,18,18,17,21,16,22,16,24,16,25,16,26,15,27,17,28,13,27,17,31,14,31,16,33,15,34,17,35,17,35,15,40,18,43,23,39,19,41,21,41,23,39,23,0,0]"
CSI_DATA,31,1a:00:00:00:00:00,-45,11,1,0,1,1,1,0,0,0,1,-96,0,11,2,670596,0,44,0,384,0,"[0,0,0,0,0,0,0,0,0,0,0,0,-4,-14,-4,-13,-5,-12,-4,-13,-4,-11,-3,-11,-4,-10,-4,-9,-4,-9,-4,-8,-4,-8,-5,-7,-4,-7,-4,-6,-5,-6,-5,-5,-5,-5,-5,-4,-5,-3,-6,-3,-6,-3,-6,-3,-6,-2,-7,-2,-7,-2,-7,-1,0,0,-8,-1,-9,-1,-10,-1,-9,-1,-9,-2,-9,-2,-10,-3,-9,-3,-10,-3,-9,-4,-9,-4,-8,-4,-8,-4,-8,-5,-8,-5,-7,-5,-6,-5,-6,-5,-6,-5,-5,-5,-5,-5,-4,-5,-4,-5,-3,-5,-2,-5,-2,-5,0,0,0,0,0,0,0,0,0,0,0,0,0,0,-36,-82,-26,-77,-33,-77,-27,-75,-27,-71,-18,-71,-22,-58,-23,-63,-21,-55,-23,-58,-24,-51,-20,-50,-25,-46,-25,-38,-21,-42,-20,-33,-27,-33,-24,-26,-24,-28,-22,-23,-30,-21,-23,-21,-31,-14,-30,-15,-28,-7,-33,-8,-33,-7,-37,-1,-36,-3,-43,-1,-42,2,-44,1,-45,-2,-49,1,-47,2,-54,0,-52,-2,-53,-2,-55,-4,-51,-10,-51,-11,-50,-17,-44,-15,-47,-17,-43,-17,-42,-16,-42,-19,-38,-17,-34,-23,-31,-16,-30,-22,-28,-24,-26,-18,-25,-23,-20,-23,-18,-25,-13,-25,0,0,0,0,0,0,0,0,0,0,0,0,0,0,0,0,0,0,0,0,0,0,61,12,57,22,54,24,55,28,50,30,47,30,42,32,42,32,41,32,38,32,38,35,38,32,40,29,29,28,35,28,31,25,35,25,32,22,32,19,29,22,30,18,31,14,32,8,33,5,34,8,36,5,36,4,38,0,38,-2,44,-4,38,-3,45,-6,49,-8,41,-15,49,-14,47,-17,48,-19,49,-18,49,-21,50,-27,49,-26,52,-29,55,-32,55,-36,49,-43,56,-39,54,-43,54,-47,58,-46,67,-50,69,-46,72,-50,76,-51,78,-48,80,-46,84,-49,82,-49,0,0]"
CSI_DATA,32,1a:00:00:00:00:00,-45,11,1,0,1,1,1,0,0,0,1,-96,0,11,2,683711,0,44,0,384,0,"[0,0,0,0,0,0,0,0,0,0,0,0,-4,13,-4,13,-3,12,-4,11,-4,10,-4,10,-3,10,-3,9,-3,9,-2,8,-1,8,-1,7,-1,7,0,6,0,6,1,6,1,5,1,5,2,4,3,4,3,4,4,4,4,4,5,4,5,4,6,4,0,0,7,4,7,4,7,4,7,4,7,5,7,4,7,5,7,5,7,6,6,6,6,7,5,7,5,6,4,6,4,6,4,7,4,6,3,6,3,6,2,6,2,6,1,5,1,5,0,5,0,5,-1,4,0,0,0,0,0,0,0,0,0,0,0,0,0,0,-15,39,-16,37,-12,37,-16,35,-14,34,-14,32,-12,30,-14,28,-10,27,-11,27,-10,27,-9,23,-7,25,-5,21,-7,21,-2,21,-3,20,0,18,1,20,1,16,4,16,3,15,6,12,8,15,7,11,9,13,9,12,10,12,13,11,16,13,16,12,17,13,17,12,19,14,18,12,20,16,18,16,20,16,17,18,16,18,16,18,16,19,12,20,14,20,12,20,11,20,12,20,9,18,9,18,6,18,5,17,6,16,4,16,-1,15,1,14,1,15,-3,14,0,0,0,0,0,0,0,0,0,0,0,0,0,0,0,0,0,0,0,0,0,0,-14,-28,-12,-30,-9,-30,-8,-31,-6,-30,-5,-28,-4,-27,-3,-26,-2,-29,-1,-26,-1,-26,-3,-25,-3,-24,-1,-23,-2,-21,-2,-21,-3,-23,-3,-21,-3,-19,-4,-18,-4,-17,-5,-18,-8,-18,-10,-15,-10,-14,-13,-16,-11,-16,-14,-15,-14,-13,-16,-13,-17,-13,-18,-14,-20,-13,-20,-12,-19,-13,-23,-11,-22,-10,-25,-11,-27,-10,-27,-10,-29,-9,-32,-9,-32,-8,-32,-6,-32,-5,-32,-5,-36,-4,-39,-6,-38,-5,-41,-8,-42,-6,-45,-8,-45,-8,-43,-9,-44,-12,-46,-10,-45,-13,0,0]"
CSI_DATA,33,1a:00:00:00:00:00,-45,11,1,0,1,1,1,0,0,0,1,-96,0,11,2,690605,0,44,0,384,0,"[0,0,0,0,0,0,0,0,0,0,0,0,-14,-5,-14,-4,-13,-4,-13,-5,-12,-3,-11,-4,-11,-3,-10,-2,-10,-3,-9,-2,-9,-1,-8,-1,-8,0,-8,0,-7,0,-7,1,-6,2,-6,1,-6,3,-6,2,-6,3,-5,3,-5,4,-5,5,-5,5,-5,6,0,0,-5,7,-5,7,-6,7,-5,7,-6,7,-7,7,-7,7,-7,7,-7,6,-8,6,-8,6,-8,5,-8,5,-8,4,-8,4,-8,4,-8,3,-7,3,-7,2,-7,2,-7,1,-7,1,-6,0,-6,0,-6,-1,-5,-1,0,0,0,0,0,0,0,0,0,0,0,0,0,0,-41,-20,-37,-19,-39,-17,-34,-16,-35,-15,-32,-17,-29,-14,-33,-17,-28,-12,-27,-12,-25,-10,-23,-9,-25,-9,-22,-5,-21,-6,-19,-4,-21,-2,-22,0,-18,-1,-17,1,-18,6,-15,2,-14,6,-14,7,-13,8,-16,8,-14,10,-14,13,-14,12,-14,13,-12,16,-14,15,-13,13,-17,16,-16,17,-19,18,-18,17,-19,16,-19,17,-20,15,-18,13,-20,14,-22,14,-23,14,-20,12,-20,10,-19,9,-19,8,-20,6,-18,6,-19,5,-16,3,-17,4,-16,1,-18,1,-13,0,-13,-5,0,0,0,0,0,0,0,0,0,0,0,0,0,0,0,0,0,0,0,0,0,0,28,-12,29,-8,28,-6,32,-2,29,-2,27,0,26,-1,26,-1,26,2,24,2,26,3,24,3,24,0,24,1,21,0,19,2,21,0,19,0,19,-2,19,-3,18,-3,17,-4,15,-5,17,-6,16,-9,15,-12,16,-11,15,-12,14,-12,15,-15,13,-16,16,-18,15,-16,16,-20,15,-20,13,-20,12,-21,13,-24,11,-24,11,-27,11,-28,9,-29,9,-31,10,-31,8,-32,7,-36,8,-35,6,-36,8,-40,8,-40,10,-42,9,-43,14,-45,9,-41,13,-48,14,-48,16,-44,0,0]"
CSI_DATA,34,1a:00:00:00:00:00,-45,11,1,0,1,1,1,0,0,0,1,-96,0,11,2,711102,0,44,0,384,0,"[0,0,0,0,0,0,0,0,0,0,0,0,-14,3,-14,3,-13,3,-13,3,-12,2,-11,3,-11,3,-10,3,-9,3,-8,3,-8,3,-8,3,-7,3,-6,3,-6,3,-5,4,-5,4,-5,4,-4,5,-3,5,-3,5,-3,5,-2,5,-1,6,-2,7,-1,7,0,0,-1,8,-2,8,-1,9,-1,9,-2,9,-2,9,-2,9,-3,9,-3,9,-3,8,-4,9,-5,8,-5,7,-4,7,-5,7,-5,7,-6,6,-5,6,-5,5,-5,4,-6,4,-6,4,-5,3,-5,2,-5,2,-5,1,0,0,0,0,0,0,0,0,0,0,0,0,0,0,-89,1,-87,-3,-83,5,-74,-1,-74,2,-67,-1,-66,-6,-67,-2,-59,-3,-55,6,-54,2,-49,6,-48,5,-45,5,-44,6,-38,13,-41,12,-34,15,-34,11,-24,17,-29,16,-26,22,-16,22,-26,24,-19,24,-22,25,-17,27,-12,31,-12,34,-11,40,-10,40,-13,37,-17,40,-15,46,-13,46,-18,49,-21,46,-25,43,-28,41,-25,38,-22,45,-25,39,-34,41,-30,39,-31,34,-32,34,-31,30,-33,30,-29,24,-32,21,-32,17,-32,17,-29,18,-32,12,-29,10,-27,9,-26,4,0,0,0,0,0,0,0,0,0,0,0,0,0,0,0,0,0,0,0,0,0,0,32,-57,36,-49,41,-48,44,-40,50,-42,43,-36,45,-35,45,-29,45,-27,46,-28,41,-27,43,-29,41,-27,39,-27,39,-20,37,-22,32,-25,33,-23,30,-23,31,-22,29,-26,27,-27,25,-25,22,-29,17,-27,14,-35,17,-36,13,-38,14,-34,9,-39,10,-40,6,-45,8,-43,9,-45,3,-45,0,-50,-1,-52,-1,-52,-7,-52,-12,-57,-9,-59,-15,-60,-12,-58,-17,-65,-17,-61,-15,-62,-21,-68,-21,-70,-23,-70,-21,-80,-23,-79,-26,-85,-21,-89,-17,-84,-21,-92,-18,-93,-9,-92,0,0]"
CSI_DATA,35,1a:00:00:00:00:00,-46,11,1,0,1,1,1,0,0,0,1,-96,0,11,2,721085,0,44,0,384,0,"[0,0,0,0,0,0,0,0,0,0,0,0,3,-15,2,-14,1,-13,2,-13,2,-12,2,-11,1,-11,1,-10,0,-10,0,-9,0,-9,-1,-9,-2,-8,-2,-7,-2,-7,-3,-7,-3,-6,-3,-6,-4,-5,-4,-5,-4,-5,-5,-4,-5,-5,-6,-4,-7,-4,-7,-4,0,0,-8,-5,-8,-5,-9,-5,-9,-5,-9,-6,-9,-6,-9,-6,-8,-6,-8,-7,-8,-7,-7,-8,-6,-7,-6,-7,-5,-8,-5,-8,-5,-8,-4,-8,-4,-7,-4,-7,-3,-7,-3,-7,-2,-6,-1,-6,-1,-6,0,-6,0,-5,0,0,0,0,0,0,0,0,0,0,0,0,0,0,-3,-46,-3,-42,-4,-42,-4,-38,-4,-39,0,-40,-1,-33,-1,-35,-3,-28,-3,-30,-4,-27,-5,-26,-6,-26,-5,-21,-4,-23,-8,-19,-9,-21,-8,-17,-9,-16,-9,-15,-11,-14,-11,-14,-14,-10,-14,-10,-12,-8,-15,-8,-15,-8,-19,-5,-18,-6,-20,-5,-21,-4,-23,-6,-22,-4,-25,-3,-23,-5,-26,-7,-27,-8,-27,-8,-26,-9,-26,-10,-25,-9,-26,-11,-23,-13,-22,-12,-23,-13,-20,-14,-21,-15,-16,-16,-18,-14,-16,-14,-15,-15,-13,-14,-11,-14,-9,-13,-8,-14,-8,-15,-4,-15,0,0,0,0,0,0,0,0,0,0,0,0,0,0,0,0,0,0,0,0,0,0,24,21,22,22,19,23,19,26,15,25,13,27,13,25,11,28,11,25,10,24,9,25,10,22,10,22,10,22,9,22,10,21,11,19,8,17,9,17,9,17,9,17,11,14,11,12,13,11,11,11,15,9,19,12,18,8,17,9,20,4,20,4,20,4,23,4,22,2,23,3,25,4,26,-1,26,-2,25,-1,27,-4,27,-6,30,-6,32,-6,31,-8,34,-10,33,-11,33,-11,36,-14,36,-12,38,-11,41,-13,44,-14,45,-12,41,-9,46,-11,47,-12,46,-9,0,0]"
CSI_DATA,36,1a:00:00:00:00:00,-45,11,1,0,1,1,1,0,0,0,1,-96,0,11,2,730558,0,44,0,384,0,"[0,0,0,0,0,0,0,0,0,0,0,0,14,-2,13,-2,12,-2,12,-1,11,-2,10,-2,10,-3,9,-3,8,-3,7,-3,8,-3,7,-3,6,-3,5,-3,5,-4,5,-4,4,-5,4,-5,3,-5,2,-6,2,-5,2,-6,2,-6,2,-7,1,-7,1,-8,0,0,1,-9,1,-9,1,-9,1,-10,2,-10,2,-10,2,-10,2,-10,3,-10,3,-9,4,-9,5,-8,4,-8,4,-8,5,-8,5,-8,5,-7,4,-6,5,-6,5,-5,5,-5,5,-4,5,-3,5,-3,5,-3,4,-2,0,0,0,0,0,0,0,0,0,0,0,0,0,0,92,6,87,9,79,4,73,4,77,4,68,4,67,5,63,7,61,3,54,-2,50,-2,46,1,48,-8,43,-4,41,-10,35,-13,37,-12,33,-13,31,-10,28,-19,25,-20,24,-21,19,-19,18,-24,19,-23,20,-26,13,-32,11,-32,15,-36,9,-39,12,-41,8,-43,12,-44,14,-46,10,-44,18,-45,18,-45,19,-47,19,-50,22,-45,23,-45,24,-46,29,-46,29,-44,30,-36,27,-41,26,-33,30,-35,28,-29,29,-27,29,-26,28,-22,28,-20,30,-19,32,-13,26,-10,24,-6,0,0,0,0,0,0,0,0,0,0,0,0,0,0,0,0,0,0,0,0,0,0,-47,45,-51,37,-55,35,-54,30,-55,24,-51,20,-48,19,-49,20,-53,16,-52,18,-50,14,-45,15,-47,16,-51,17,-44,10,-44,15,-40,19,-37,16,-32,15,-34,13,-30,17,-35,19,-28,22,-24,25,-24,23,-23,30,-21,29,-18,34,-20,33,-20,36,-14,39,-15,37,-17,40,-12,40,-13,51,-10,46,-7,50,-4,51,-3,55,0,58,-1,54,3,58,4,60,6,67,11,56,10,62,13,66,19,71,15,74,16,84,16,80,20,83,11,85,12,83,11,94,11,91,8,92,0,0]"
CSI_DATA,37,1a:00:00:00:00:00,-45,11,1,0,1,1,1,0,0,0,1,-96,0,11,2,750576,0,44,0,384,0,"[0,0,0,0,0,0,0,0,0,0,0,0,7,-13,7,-12,7,-11,6,-11,6,-10,5,-9,4,-9,4,-9,3,-9,2,-8,2,-8,2,-8,1,-7,0,-7,0,-7,-1,-7,-1,-7,-2,-6,-2,-6,-3,-6,-3,-6,-4,-6,-4,-6,-5,-6,-5,-6,-6,-6,0,0,-6,-6,-7,-7,-7,-7,-7,-7,-7,-8,-7,-8,-7,-9,-6,-8,-6,-8,-6,-9,-5,-9,-4,-9,-4,-9,-4,-8,-4,-9,-3,-8,-3,-8,-2,-8,-2,-8,-2,-7,-1,-7,-1,-7,0,-6,0,-6,1,-6,1,-5,0,0,0,0,0,0,0,0,0,0,0,0,0,0,41,-74,41,-69,38,-72,38,-70,35,-63,34,-63,30,-55,30,-58,28,-44,26,-50,16,-51,21,-44,15,-48,12,-43,14,-41,9,-37,8,-41,5,-32,1,-33,-3,-32,-12,-32,-7,-29,-10,-28,-19,-29,-18,-24,-16,-27,-17,-28,-24,-28,-24,-25,-30,-28,-32,-27,-39,-29,-34,-31,-35,-31,-39,-29,-33,-34,-35,-32,-37,-41,-33,-41,-36,-38,-34,-39,-28,-43,-22,-42,-22,-41,-24,-40,-26,-41,-18,-41,-17,-41,-14,-41,-17,-38,-15,-38,-12,-34,-5,-36,-2,-33,2,-30,-1,-27,5,-30,0,0,0,0,0,0,0,0,0,0,0,0,0,0,0,0,0,0,0,0,0,0,12,67,9,65,6,64,-7,62,-4,58,-7,59,-5,56,-9,54,-7,52,-9,49,-18,50,-11,49,-9,48,-12,44,-15,40,-10,41,-5,45,-7,47,-4,36,-2,39,-2,37,0,40,8,34,7,31,10,34,14,32,12,37,15,33,16,30,22,35,26,31,27,31,31,28,32,27,30,32,38,27,38,25,44,27,42,28,45,26,51,27,50,21,56,27,56,22,58,18,69,16,68,17,70,21,69,20,71,26,73,26,85,28,85,33,77,27,87,36,82,32,85,33,0,0]"
CSI_DATA,38,1a:00:00:00:00:00,-45,11,1,0,1,1,1,0,0,0,1,-96,0,11,2,760537,0,44,0,384,0,"[0,0,0,0,0,0,0,0,0,0,0,0,10,8,10,8,9,7,9,8,8,7,8,6,7,5,7,5,7,4,6,4,6,3,6,3,6,2,6,2,5,1,6,0,5,0,5,-1,5,-1,5,-2,5,-2,5,-3,5,-3,5,-4,6,-4,5,-4,0,0,6,-5,7,-5,7,-6,7,-6,7,-6,8,-5,9,-5,8,-5,8,-5,8,-4,8,-3,8,-2,8,-2,8,-2,8,-2,7,-1,7,-1,7,-1,6,-1,6,-1,6,0,6,0,5,1,5,1,4,2,4,2,0,0,0,0,0,0,0,0,0,0,0,0,0,0,67,57,59,55,64,53,51,49,51,56,44,46,49,46,45,44,43,39,38,38,36,32,36,24,34,30,32,24,31,20,35,16,37,16,35,9,33,9,32,11,29,5,28,1,27,0,30,-3,27,-11,33,-8,30,-11,32,-16,33,-19,34,-18,32,-22,36,-23,37,-25,44,-25,42,-28,43,-22,44,-26,45,-25,49,-19,48,-17,49,-16,50,-10,48,-12,51,-12,47,-7,45,-2,45,-3,43,-4,40,-2,41,0,37,4,34,7,35,5,34,8,30,11,28,11,23,15,0,0,0,0,0,0,0,0,0,0,0,0,0,0,0,0,0,0,0,0,0,0,-66,13,-63,5,-66,1,-61,-6,-63,-9,-55,-14,-56,-11,-54,-13,-54,-13,-51,-14,-55,-17,-46,-15,-50,-12,-50,-11,-44,-14,-42,-15,-42,-10,-39,-13,-37,-8,-38,-7,-35,-5,-41,1,-33,1,-34,5,-38,5,-33,8,-35,8,-36,12,-34,15,-41,16,-34,21,-35,22,-36,23,-36,25,-36,27,-34,33,-37,32,-33,38,-37,35,-34,45,-33,42,-33,46,-32,46,-35,55,-32,53,-33,55,-34,59,-32,63,-39,69,-40,74,-38,69,-41,73,-46,71,-50,69,-52,76,-49,79,-52,74,0,0]"
CSI_DATA,39,1a:00:00:00:00:00,-45,11,1,0,1,1,1,0,0,0,1,-96,0,11,2,770564,0,44,0,384,0,"[0,0,0,0,0,0,0,0,0,0,0,0,-9,-12,-9,-11,-9,-10,-9,-10,-8,-9,-7,-9,-7,-7,-7,-7,-6,-7,-6,-5,-7,-5,-7,-4,-7,-4,-7,-3,-6,-3,-6,-2,-6,-2,-6,-1,-6,-1,-6,0,-6,0,-7,1,-6,1,-7,2,-7,3,-7,3,0,0,-7,3,-8,4,-9,4,-9,4,-9,4,-10,3,-10,3,-9,3,-10,2,-9,2,-10,2,-10,1,-9,1,-9,1,-9,0,-9,0,-8,0,-8,0,-8,-1,-7,-1,-7,-2,-7,-2,-6,-2,-6,-3,-5,-3,-5,-3,0,0,0,0,0,0,0,0,0,0,0,0,0,0,-30,-87,-26,-74,-34,-73,-20,-68,-25,-68,-21,-63,-26,-63,-22,-61,-23,-53,-18,-51,-21,-45,-23,-40,-22,-42,-24,-39,-22,-34,-23,-32,-29,-28,-23,-26,-26,-22,-24,-21,-26,-20,-27,-18,-32,-12,-30,-9,-29,-7,-34,-2,-33,-1,-35,1,-38,2,-36,5,-39,7,-49,5,-45,9,-51,10,-47,6,-52,2,-52,4,-52,-1,-55,-3,-52,-2,-51,-5,-53,-10,-48,-8,-50,-9,-50,-7,-46,-13,-45,-17,-46,-14,-37,-15,-39,-20,-37,-16,-32,-24,-27,-23,-27,-18,-26,-21,-22,-20,-16,-29,0,0,0,0,0,0,0,0,0,0,0,0,0,0,0,0,0,0,0,0,0,0,63,19,61,27,54,30,52,37,49,37,44,40,40,40,41,39,40,41,37,38,33,40,36,35,36,34,34,30,32,33,25,33,35,27,24,26,30,22,30,25,30,18,35,21,26,17,30,14,33,11,36,7,33,5,39,2,35,4,38,0,36,1,44,-3,42,-6,43,-7,48,-10,45,-11,43,-12,46,-19,45,-21,49,-26,51,-25,46,-25,53,-28,53,-35,52,-31,51,-35,57,-37,54,-41,59,-43,62,-48,68,-51,67,-48,73,-49,71,-43,80,-52,79,-48,78,-45,0,0]"
CSI_DATA,40,1a:00:00:00:00:00,-46,11,1,0,1,1,1,0,0,0,1,-96,0,11,2,780760,0,44,0,384,0,"[0,0,0,0,0,0,0,0,0,0,0,0,8,-11,8,-11,7,-10,7,-9,6,-9,6,-8,5,-8,4,-8,4,-8,3,-7,3,-7,2,-7,2,-7,1,-7,1,-7,0,-7,0,-7,-1,-6,-1,-5,-2,-5,-2,-6,-3,-6,-3,-6,-4,-6,-4,-6,-5,-6,0,0,-6,-7,-5,-7,-6,-8,-6,-7,-6,-8,-6,-8,-5,-8,-5,-9,-5,-9,-5,-9,-4,-9,-3,-9,-3,-9,-3,-9,-2,-9,-2,-9,-2,-8,-1,-8,-1,-8,-1,-8,-1,-7,0,-7,0,-6,1,-6,1,-5,1,-5,0,0,0,0,0,0,0,0,0,0,0,0,0,0,67,-51,63,-46,60,-50,58,-51,57,-46,57,-39,51,-43,48,-41,47,-36,41,-32,35,-37,32,-35,30,-35,29,-35,25,-32,23,-32,18,-30,13,-29,15,-30,10,-30,6,-32,3,-28,1,-30,-2,-32,-4,-32,-7,-33,-7,-31,-13,-31,-14,-35,-18,-35,-20,-37,-19,-42,-18,-39,-18,-44,-22,-41,-16,-49,-15,-49,-17,-49,-14,-56,-15,-52,-14,-50,-9,-51,-6,-51,-4,-48,-1,-49,-6,-46,-1,-43,3,-47,3,-40,5,-40,5,-40,6,-36,9,-34,11,-30,15,-30,15,-28,16,-21,0,0,0,0,0,0,0,0,0,0,0,0,0,0,0,0,0,0,0,0,0,0,3,62,-3,65,-6,62,-12,60,-16,61,-21,55,-15,50,-23,52,-17,50,-24,47,-24,50,-24,47,-22,46,-22,42,-21,43,-23,41,-14,41,-18,38,-15,39,-12,35,-13,30,-5,35,-8,36,-5,32,-2,38,5,36,2,36,6,36,9,38,13,38,14,34,14,39,16,40,21,38,23,39,25,41,29,39,28,38,32,37,36,42,33,38,44,40,42,37,46,42,49,39,57,46,57,41,60,41,63,41,64,45,67,50,70,52,72,57,63,55,69,61,67,62,60,67,0,0]"
CSI_DATA,41,1a:00:00:00:00:00,-45,11,1,0,1,1,1,0,0,0,1,-96,0,11,2,793289,0,44,0,384,0,"[0,0,0,0,0,0,0,0,0,0,0,0,13,0,12,0,12,0,11,1,11,0,9,0,9,-1,8,-1,8,-1,7,-1,7,-2,6,-3,6,-2,5,-3,5,-3,5,-4,4,-4,4,-4,3,-5,3,-5,2,-5,2,-6,2,-6,1,-7,2,-7,1,-7,0,0,1,-9,1,-9,1,-9,2,-10,2,-9,3,-9,3,-10,3,-9,3,-9,4,-9,4,-9,4,-8,5,-8,5,-8,5,-7,5,-7,5,-7,5,-6,5,-6,5,-5,5,-5,5,-4,5,-3,5,-3,5,-2,4,-2,0,0,0,0,0,0,0,0,0,0,0,0,0,0,43,1,41,4,39,2,35,2,34,3,32,3,32,2,31,2,27,2,27,-2,23,-1,22,-2,23,-1,21,-4,19,-4,17,-6,17,-8,15,-6,15,-7,12,-10,14,-11,11,-9,10,-11,10,-13,8,-12,6,-15,7,-15,6,-17,6,-18,3,-19,4,-19,4,-22,6,-20,7,-23,4,-23,7,-23,8,-26,11,-25,12,-27,11,-25,12,-22,13,-23,13,-23,14,-22,14,-19,15,-20,14,-18,14,-16,12,-15,13,-14,14,-13,14,-13,15,-10,16,-9,16,-7,14,-6,13,-4,0,0,0,0,0,0,0,0,0,0,0,0,0,0,0,0,0,0,0,0,0,0,-20,24,-24,22,-25,20,-27,19,-26,16,-26,14,-27,11,-26,11,-26,11,-24,11,-24,10,-24,9,-25,10,-23,8,-23,7,-21,6,-22,8,-19,7,-19,8,-18,7,-16,8,-17,11,-14,10,-14,11,-12,12,-11,14,-11,13,-11,16,-10,15,-9,19,-8,18,-7,20,-7,20,-5,21,-7,21,-3,24,-1,24,-2,24,-3,26,0,27,2,27,1,26,4,28,6,29,5,32,8,31,6,32,8,35,9,36,7,37,8,41,8,39,6,43,6,42,5,46,5,47,3,46,0,0]"
CSI_DATA,42,1a:00:00:00:00:00,-45,11,1,0,1,1,1,0,0,0,1,-96,0,11,2,800585,0,44,0,384,0,"[0,0,0,0,0,0,0,0,0,0,0,0,13,-4,12,-4,11,-4,11,-4,10,-3,9,-3,9,-4,8,-4,7,-4,7,-3,6,-4,5,-5,5,-5,4,-5,4,-4,3,-5,3,-5,2,-5,2,-5,1,-6,1,-6,1,-6,0,-6,0,-7,-1,-8,-1,-8,0,0,-1,-9,-1,-9,-1,-10,-1,-10,-1,-10,0,-10,0,-10,0,-10,0,-10,1,-10,1,-10,2,-10,2,-9,2,-9,3,-8,3,-9,2,-8,3,-8,3,-7,3,-6,4,-6,4,-6,4,-5,4,-4,4,-4,4,-3,0,0,0,0,0,0,0,0,0,0,0,0,0,0,85,-8,84,-9,81,-11,70,-6,70,-9,65,-7,65,-8,64,-8,57,-7,49,-9,47,-14,42,-9,43,-15,41,-15,37,-15,33,-15,34,-22,27,-18,26,-14,25,-24,19,-24,18,-25,12,-24,11,-27,8,-29,8,-32,2,-33,4,-38,0,-37,-3,-43,1,-40,0,-47,1,-45,0,-51,-3,-48,8,-53,8,-56,10,-49,11,-54,7,-50,7,-46,11,-52,15,-45,18,-50,20,-46,21,-42,18,-43,23,-41,20,-36,19,-33,22,-35,24,-30,26,-24,27,-26,27,-21,24,-19,27,-13,0,0,0,0,0,0,0,0,0,0,0,0,0,0,0,0,0,0,0,0,0,0,-37,54,-41,49,-48,45,-48,42,-52,39,-48,32,-48,32,-49,27,-50,25,-50,30,-48,24,-45,23,-43,27,-46,24,-41,20,-42,17,-41,24,-36,22,-34,22,-34,22,-34,20,-32,26,-25,25,-24,23,-20,26,-19,28,-20,31,-16,33,-19,32,-12,40,-10,36,-6,41,-9,40,-6,42,-3,48,0,46,1,44,6,47,5,49,11,53,9,53,13,51,13,56,18,63,19,57,20,59,23,64,33,66,28,67,29,73,30,79,32,75,31,83,28,79,27,91,26,85,23,83,0,0]"
CSI_DATA,43,1a:00:00:00:00:00,-46,11,1,0,1,1,1,0,0,0,1,-96,0,11,2,810542,0,44,0,384,0,"[0,0,0,0,0,0,0,0,0,0,0,0,5,12,5,11,5,10,5,10,4,9,3,9,4,8,3,7,4,7,4,6,4,6,4,5,4,4,4,4,4,3,5,2,4,2,5,2,5,1,5,0,5,0,6,0,6,-1,6,-1,7,-2,6,-2,0,0,8,-2,8,-3,8,-3,9,-3,9,-2,9,-2,9,-2,9,-2,10,-1,9,-1,9,0,9,0,9,0,8,1,8,1,8,2,7,1,7,2,7,2,6,2,6,3,6,3,5,3,4,3,3,3,3,3,0,0,0,0,0,0,0,0,0,0,0,0,0,0,43,74,34,69,44,71,36,64,35,62,28,62,31,51,28,51,28,45,24,44,28,40,28,40,27,37,27,30,26,27,24,30,30,23,27,20,29,16,26,10,31,9,25,8,28,3,26,-3,29,-5,32,-7,30,-7,33,-13,35,-15,35,-15,35,-16,35,-21,40,-18,47,-22,41,-19,49,-22,44,-23,47,-19,48,-17,53,-14,51,-9,51,-9,49,-9,48,-9,49,-7,47,-3,44,-4,43,-2,45,3,41,4,41,8,38,8,35,7,30,11,32,12,29,14,26,14,0,0,0,0,0,0,0,0,0,0,0,0,0,0,0,0,0,0,0,0,0,0,-58,-28,-59,-36,-53,-38,-55,-42,-43,-38,-42,-43,-39,-41,-37,-42,-39,-48,-37,-42,-31,-44,-34,-40,-35,-40,-30,-41,-28,-39,-34,-33,-35,-33,-27,-31,-29,-32,-27,-26,-28,-27,-29,-24,-29,-23,-34,-16,-29,-14,-33,-15,-34,-11,-37,-10,-38,-6,-41,-1,-39,-1,-45,4,-41,3,-42,5,-45,8,-42,12,-42,10,-45,11,-44,16,-47,25,-48,26,-47,31,-52,33,-48,32,-52,31,-53,46,-53,39,-56,45,-58,50,-61,49,-65,51,-65,52,-76,55,-70,48,-71,53,-70,55,-74,51,0,0]"
CSI_DATA,44,1a:00:00:00:00:00,-46,11,1,0,1,1,1,0,0,0,1,-96,0,11,2,842764,0,44,0,384,0,"[0,0,0,0,0,0,0,0,0,0,0,0,6,-13,6,-12,5,-11,5,-11,5,-10,4,-9,3,-10,3,-9,2,-9,1,-8,1,-8,1,-8,0,-7,-1,-7,-1,-6,-2,-7,-2,-6,-2,-6,-3,-5,-4,-5,-4,-4,-5,-4,-5,-4,-6,-4,-6,-4,-7,-4,0,0,-8,-4,-8,-5,-8,-5,-9,-5,-8,-6,-9,-6,-9,-6,-9,-7,-9,-7,-8,-7,-8,-8,-7,-8,-6,-7,-6,-7,-6,-8,-6,-8,-6,-8,-5,-7,-5,-7,-4,-7,-4,-7,-3,-7,-3,-7,-2,-6,-1,-6,-1,-6,0,0,0,0,0,0,0,0,0,0,0,0,0,0,36,-78,40,-73,30,-77,31,-65,29,-66,35,-61,30,-60,29,-57,24,-54,16,-53,15,-51,12,-44,12,-46,8,-38,9,-41,2,-40,0,-35,-1,-35,-1,-29,-6,-32,-11,-28,-12,-28,-15,-22,-17,-21,-23,-19,-28,-18,-27,-19,-33,-16,-33,-18,-41,-19,-38,-18,-45,-18,-41,-22,-47,-18,-46,-24,-49,-27,-47,-25,-47,-26,-49,-30,-47,-30,-45,-31,-43,-34,-40,-37,-35,-38,-35,-33,-37,-36,-32,-39,-34,-36,-27,-32,-28,-34,-28,-35,-25,-37,-15,-31,-15,-31,-13,-33,-9,-31,-3,-29,0,0,0,0,0,0,0,0,0,0,0,0,0,0,0,0,0,0,0,0,0,0,10,68,3,68,-2,69,-7,69,-10,61,-12,62,-10,60,-13,60,-14,60,-18,53,-18,55,-15,53,-12,55,-15,50,-18,46,-14,42,-13,46,-12,42,-11,42,-6,42,-4,39,-2,38,-2,39,5,38,6,34,7,31,10,34,12,33,15,33,19,33,17,33,26,31,25,32,25,31,30,25,36,29,39,28,41,25,42,26,47,27,50,25,53,17,55,26,60,25,66,21,67,8,69,13,72,12,72,16,78,17,79,21,83,20,85,23,83,27,92,31,87,31,90,37,0,0]"
CSI_DATA,45,1a:00:00:00:00:00,-46,11,1,0,1,1,1,0,0,0,1,-96,0,11,2,850560,0,44,0,384,0,"[0,0,0,0,0,0,0,0,0,0,0,0,10,-8,10,-8,9,-8,9,-7,8,-7,7,-7,6,-7,6,-6,6,-6,5,-6,4,-6,3,-6,3,-5,2,-6,2,-5,1,-6,0,-6,0,-6,-1,-6,-1,-6,-2,-6,-2,-6,-3,-6,-4,-7,-4,-6,-4,-7,0,0,-5,-8,-5,-8,-5,-8,-6,-8,-5,-8,-5,-9,-5,-10,-5,-10,-4,-10,-4,-10,-3,-10,-3,-10,-2,-9,-2,-9,-2,-9,-2,-9,-1,-9,-1,-9,-1,-8,0,-8,0,-8,1,-7,1,-7,1,-7,2,-6,2,-5,0,0,0,0,0,0,0,0,0,0,0,0,0,0,68,-50,72,-50,61,-49,59,-44,62,-45,55,-37,55,-37,50,-36,43,-33,40,-38,33,-32,32,-35,31,-33,30,-29,21,-32,13,-31,17,-32,10,-30,10,-29,7,-31,3,-31,-3,-32,-3,-25,-6,-33,-8,-30,-9,-33,-17,-32,-15,-33,-19,-34,-22,-36,-24,-34,-28,-40,-20,-43,-27,-42,-35,-43,-26,-45,-28,-49,-24,-50,-24,-53,-21,-50,-20,-55,-14,-51,-17,-51,-12,-48,-11,-52,-13,-53,-9,-47,-7,-48,-6,-43,-5,-44,0,-41,1,-41,4,-42,4,-37,12,-39,11,-32,10,-29,0,0,0,0,0,0,0,0,0,0,0,0,0,0,0,0,0,0,0,0,0,0,-17,71,-22,64,-28,65,-30,60,-34,57,-30,46,-32,50,-35,48,-39,50,-37,43,-39,40,-35,41,-34,45,-37,42,-31,35,-36,39,-30,42,-30,33,-25,33,-27,33,-21,33,-19,36,-16,32,-12,36,-6,35,-5,38,-2,37,2,38,-2,33,6,36,6,37,10,41,7,41,18,40,15,40,21,42,25,43,26,40,27,40,29,44,30,40,42,45,38,44,47,42,45,41,54,50,54,51,52,44,57,48,59,54,63,53,72,55,64,57,62,59,68,67,63,65,62,72,0,0]"
CSI_DATA,46,1a:00:00:00:00:00,-45,11,1,0,1,1,1,0,0,0,1,-97,0,11,2,870583,0,44,0,384,0,"[0,0,0,0,0,0,0,0,0,0,0,0,7,-12,6,-11,5,-10,5,-9,5,-9,4,-8,3,-9,3,-8,3,-8,2,-8,2,-7,1,-7,0,-7,0,-6,-1,-6,-2,-6,-1,-6,-2,-5,-2,-5,-3,-5,-3,-5,-5,-5,-5,-5,-5,-5,-6,-5,-6,-5,0,0,-7,-5,-8,-6,-8,-6,-8,-6,-8,-7,-8,-7,-8,-8,-7,-8,-7,-8,-7,-8,-7,-9,-6,-9,-5,-8,-5,-8,-5,-8,-4,-8,-4,-8,-4,-8,-3,-8,-3,-7,-3,-7,-2,-7,-1,-7,-1,-6,0,-7,0,-5,0,0,0,0,0,0,0,0,0,0,0,0,0,0,54,-65,55,-65,48,-64,47,-51,44,-55,39,-52,40,-50,37,-47,35,-42,28,-39,25,-42,20,-37,18,-38,15,-39,16,-34,7,-37,3,-36,5,-32,1,-28,-1,-32,-5,-29,0,-27,-9,-27,-16,-28,-14,-24,-22,-29,-22,-25,-26,-29,-28,-28,-31,-29,-36,-26,-36,-31,-35,-34,-39,-34,-41,-36,-34,-41,-37,-38,-38,-42,-35,-45,-32,-44,-32,-44,-34,-45,-28,-45,-26,-46,-22,-42,-25,-47,-23,-41,-19,-46,-14,-38,-15,-40,-12,-39,-11,-39,-2,-39,-2,-36,-2,-40,3,-37,4,-32,0,0,0,0,0,0,0,0,0,0,0,0,0,0,0,0,0,0,0,0,0,0,2,65,-7,64,-8,65,-17,64,-20,60,-20,60,-20,58,-23,58,-23,55,-28,53,-23,50,-17,48,-21,51,-20,48,-22,43,-21,42,-19,40,-20,40,-14,38,-18,39,-17,38,-12,33,-4,36,-4,32,-2,34,6,35,7,33,11,38,9,35,11,36,15,33,19,35,18,35,24,33,26,38,31,30,28,32,35,34,40,34,39,30,43,29,52,31,49,32,54,34,60,31,56,27,59,28,69,27,65,32,69,32,74,38,77,34,76,42,77,38,85,48,81,48,78,51,0,0]"
CSI_DATA,47,1a:00:00:00:00:00,-46,11,1,0,1,1,1,0,0,0,1,-97,0,11,2,880533,0,44,0,384,0,"[0,0,0,0,0,0,0,0,0,0,0,0,12,4,11,3,11,3,10,4,10,3,8,2,8,2,8,1,7,1,7,0,6,0,6,-1,6,-1,6,-1,5,-2,5,-3,4,-3,4,-3,3,-4,3,-4,4,-4,3,-5,3,-6,3,-7,3,-7,2,-7,0,0,3,-8,4,-9,3,-9,3,-9,4,-9,5,-9,5,-10,5,-9,5,-9,6,-9,6,-8,6,-8,6,-7,6,-7,6,-6,6,-6,6,-6,6,-5,6,-5,6,-4,6,-4,6,-3,6,-3,5,-2,5,-2,5,-1,0,0,0,0,0,0,0,0,0,0,0,0,0,0,34,24,32,25,32,21,29,18,27,20,25,16,27,16,24,17,24,14,19,12,19,11,20,9,22,8,21,5,17,7,19,2,17,3,17,-2,13,-3,13,-4,14,-4,14,-6,11,-6,12,-8,13,-9,15,-10,13,-12,11,-16,13,-14,12,-18,13,-18,14,-20,15,-20,14,-21,16,-21,18,-21,18,-21,19,-22,21,-21,19,-21,19,-20,23,-17,23,-18,22,-16,21,-15,23,-14,21,-12,23,-12,20,-8,20,-9,21,-8,19,-5,20,-5,18,-4,18,-1,16,0,14,1,0,0,0,0,0,0,0,0,0,0,0,0,0,0,0,0,0,0,0,0,0,0,-35,5,-34,1,-37,-3,-33,-3,-34,-5,-30,-7,-30,-7,-28,-7,-30,-9,-28,-9,-28,-10,-26,-9,-28,-8,-25,-9,-25,-7,-24,-8,-23,-5,-23,-9,-21,-5,-22,-6,-21,-4,-20,-2,-17,-1,-18,-2,-18,0,-18,4,-18,3,-18,6,-18,5,-16,7,-15,8,-18,9,-15,11,-16,12,-18,13,-16,16,-16,18,-15,16,-16,22,-15,22,-14,22,-12,24,-14,24,-15,30,-12,28,-14,33,-14,31,-12,35,-14,37,-15,39,-15,39,-17,40,-18,42,-20,41,-20,42,-22,42,-23,43,0,0]"
CSI_DATA,48,1a:00:00:00:00:00,-45,11,1,0,1,1,1,0,0,0,1,-97,0,11,2,891992,0,44,0,384,0,"[0,0,0,0,0,0,0,0,0,0,0,0,-9,-10,-8,-10,-9,-8,-8,-9,-7,-8,-7,-7,-7,-6,-6,-5,-7,-5,-6,-4,-6,-4,-6,-3,-6,-3,-6,-2,-6,-2,-6,-1,-6,0,-6,0,-6,1,-6,1,-6,2,-6,2,-6,2,-6,3,-7,4,-7,4,0,0,-7,5,-8,5,-8,6,-8,5,-9,6,-9,5,-10,5,-9,5,-9,4,-10,4,-10,3,-10,3,-10,3,-10,2,-9,1,-9,1,-9,1,-8,1,-8,0,-8,0,-7,-1,-7,-1,-7,-1,-6,-2,-6,-2,-5,-3,0,0,0,0,0,0,0,0,0,0,0,0,0,0,-46,-75,-42,-72,-40,-66,-37,-56,-38,-61,-35,-58,-36,-53,-35,-53,-29,-44,-28,-40,-33,-37,-27,-30,-31,-31,-29,-30,-28,-26,-27,-20,-34,-19,-31,-13,-30,-11,-28,-8,-32,-5,-27,-10,-29,1,-31,6,-32,7,-38,10,-32,14,-38,14,-37,16,-38,20,-40,23,-45,25,-43,22,-46,26,-45,29,-51,24,-48,26,-52,25,-54,24,-53,15,-54,15,-49,9,-57,15,-57,13,-51,9,-49,8,-51,3,-49,7,-44,-2,-41,2,-45,-3,-43,-6,-40,-5,-36,-9,-34,-10,-31,-18,-27,-18,0,0,0,0,0,0,0,0,0,0,0,0,0,0,0,0,0,0,0,0,0,0,63,21,60,28,61,33,52,37,51,40,50,37,48,36,42,38,43,39,45,38,38,43,34,37,40,39,36,39,34,32,30,36,32,34,32,35,30,30,37,24,36,16,37,20,26,16,27,16,30,13,32,11,33,11,34,6,33,3,35,0,33,1,38,-5,42,-9,41,-13,40,-15,45,-19,40,-17,46,-21,43,-22,48,-31,50,-34,46,-34,48,-37,49,-40,46,-43,42,-47,44,-51,47,-57,49,-56,52,-57,60,-58,64,-60,66,-60,63,-56,73,-57,68,-64,70,-57,0,0]"
CSI_DATA,49,1a:00:00:00:00:00,-45,11,1,0,1,1,1,0,0,0,1,-97,0,11,2,901778,0,44,0,384,0,"[0,0,0,0,0,0,0,0,0,0,0,0,7,10,7,9,7,8,6,8,6,7,5,7,6,6,5,5,5,5,5,4,5,4,5,3,5,2,5,1,5,1,5,0,5,0,5,-1,5,-1,5,-2,5,-2,6,-3,6,-3,6,-4,6,-4,6,-5,0,0,7,-5,8,-5,8,-6,8,-5,8,-5,9,-5,9,-5,9,-4,10,-4,9,-3,10,-3,9,-2,9,-2,9,-2,9,-1,8,-1,8,-1,7,0,7,0,7,0,7,1,6,1,6,2,5,2,5,2,4,3,0,0,0,0,0,0,0,0,0,0,0,0,0,0,37,70,36,65,40,67,26,60,29,56,25,50,26,53,30,48,30,47,27,36,26,36,24,32,27,33,26,30,27,20,27,13,29,19,29,13,27,13,27,10,27,7,27,5,28,-2,32,-2,29,-8,35,-6,32,-9,36,-16,36,-13,39,-21,38,-14,41,-17,44,-18,46,-18,46,-22,48,-14,52,-20,51,-17,55,-12,54,-10,53,-7,58,-7,53,-4,56,-2,54,1,51,0,47,6,44,4,43,5,41,9,36,9,38,10,37,12,32,15,32,15,28,19,19,22,0,0,0,0,0,0,0,0,0,0,0,0,0,0,0,0,0,0,0,0,0,0,-63,-15,-60,-21,-60,-28,-56,-30,-55,-32,-50,-33,-46,-35,-43,-37,-49,-38,-43,-32,-40,-37,-38,-32,-44,-29,-42,-35,-38,-30,-34,-34,-40,-31,-29,-29,-33,-21,-32,-27,-33,-24,-31,-18,-24,-17,-31,-14,-36,-15,-32,-7,-33,-8,-35,-2,-31,1,-38,2,-32,1,-37,7,-40,8,-37,11,-40,16,-41,17,-40,17,-45,22,-46,25,-41,31,-44,32,-44,36,-47,32,-48,38,-45,41,-51,44,-52,45,-51,49,-56,52,-59,54,-58,54,-63,58,-68,59,-64,49,-74,57,-72,54,-73,50,0,0]"
CSI_DATA,50,1a:00:00:00:00:00,-45,11,1,0,1,1,1,0,0,0,1,-96,0,11,2,925670,0,44,0,384,0,"[0,0,0,0,0,0,0,0,0,0,0,0,-13,0,-12,0,-11,0,-11,0,-10,1,-9,0,-9,2,-8,2,-7,2,-7,2,-6,2,-6,3,-6,3,-5,3,-5,3,-4,5,-4,5,-3,4,-3,4,-3,5,-3,5,-2,6,-2,6,-2,7,-2,7,-1,8,0,0,-1,8,-2,9,-1,9,-1,10,-2,10,-2,10,-2,10,-3,9,-3,10,-4,10,-5,9,-5,8,-5,8,-5,8,-5,7,-5,7,-5,7,-5,6,-5,6,-5,5,-5,5,-6,4,-6,3,-6,3,-6,2,-5,2,0,0,0,0,0,0,0,0,0,0,0,0,0,0,-81,17,-81,13,-80,16,-71,18,-68,16,-60,10,-60,13,-56,13,-52,11,-44,20,-43,19,-39,23,-37,19,-34,23,-30,17,-28,23,-30,25,-24,31,-21,25,-16,27,-15,32,-11,31,-3,32,-9,34,-4,33,-4,36,0,39,1,41,2,45,7,47,4,48,8,51,2,50,2,55,10,56,2,56,-1,58,0,60,-3,57,-4,58,-6,56,-6,53,-12,56,-12,57,-14,54,-12,52,-16,47,-15,47,-20,42,-21,39,-20,38,-21,37,-26,34,-27,31,-24,26,-26,24,-24,21,0,0,0,0,0,0,0,0,0,0,0,0,0,0,0,0,0,0,0,0,0,0,41,-56,41,-46,44,-44,50,-40,51,-40,51,-32,50,-33,49,-29,50,-25,50,-22,44,-26,41,-28,44,-29,46,-24,43,-17,40,-20,38,-23,39,-20,32,-19,32,-19,32,-22,29,-22,25,-23,23,-25,23,-25,16,-31,16,-30,14,-34,13,-31,13,-35,6,-36,6,-38,4,-43,-1,-44,-3,-44,-3,-49,-7,-45,-9,-48,-8,-48,-15,-58,-18,-55,-20,-55,-25,-55,-26,-63,-23,-60,-33,-57,-31,-64,-33,-65,-33,-71,-32,-79,-34,-75,-37,-76,-36,-88,-34,-82,-31,-85,-32,-91,-30,-89,0,0]"
CSI_DATA,51,1a:00:00:00:00:00,-45,11,1,0,1,1,1,0,0,0,1,-97,0,11,2,950560,0,44,0,384,0,"[0,0,0,0,0,0,0,0,0,0,0,0,12,5,11,4,11,3,11,4,9,3,8,2,9,2,8,1,7,1,7,0,7,0,7,-1,6,-1,6,-2,6,-2,6,-3,5,-4,5,-4,5,-5,5,-5,4,-5,4,-6,4,-6,4,-7,5,-8,4,-8,0,0,4,-9,5,-9,5,-10,5,-10,6,-9,6,-10,7,-10,7,-9,7,-9,7,-9,8,-8,8,-7,8,-6,8,-7,7,-6,7,-6,8,-6,7,-5,6,-4,7,-4,7,-3,7,-3,6,-2,6,-1,6,-1,5,0,0,0,0,0,0,0,0,0,0,0,0,0,0,0,37,17,34,15,36,15,31,13,28,13,27,13,27,9,27,10,23,8,23,8,21,4,22,5,20,1,19,1,17,2,16,-3,19,-3,16,-5,17,-5,15,-8,14,-9,13,-8,13,-12,12,-13,12,-13,12,-14,12,-16,12,-19,13,-18,13,-22,12,-20,13,-21,13,-23,16,-24,13,-24,17,-26,16,-24,15,-25,19,-24,17,-20,21,-23,23,-20,24,-19,21,-18,21,-16,23,-14,22,-15,21,-13,20,-12,19,-12,19,-9,17,-8,19,-6,17,-3,17,-3,16,0,14,0,0,0,0,0,0,0,0,0,0,0,0,0,0,0,0,0,0,0,0,0,0,0,-32,6,-31,2,-32,3,-32,1,-29,-2,-28,-3,-28,-3,-28,-4,-28,-3,-26,-5,-24,-8,-22,-5,-25,-5,-24,-7,-21,-5,-20,-5,-22,-4,-19,-3,-19,-2,-18,0,-17,2,-17,2,-15,0,-16,5,-17,4,-15,7,-14,9,-15,10,-14,9,-14,13,-15,10,-13,14,-13,17,-12,17,-12,19,-11,20,-11,20,-12,22,-11,25,-11,24,-9,25,-10,30,-8,30,-8,32,-8,30,-6,37,-8,36,-5,36,-5,37,-5,39,-9,40,-10,41,-13,40,-12,42,-14,44,-11,44,-13,42,0,0]"
CSI_DATA,52,1a:00:00:00:00:00,-45,11,1,0,1,1,1,0,0,0,1,-97,0,11,2,960553,0,44,0,384,0,"[0,0,0,0,0,0,0,0,0,0,0,0,-13,3,-12,3,-12,3,-11,3,-10,3,-9,3,-8,3,-8,3,-7,3,-6,4,-6,4,-5,5,-5,5,-4,5,-4,5,-4,6,-3,5,-2,5,-2,6,-1,6,-1,6,-1,7,0,7,0,8,1,8,1,8,0,0,1,9,0,10,1,10,1,10,1,10,0,11,0,11,-1,10,-1,11,-1,11,-2,10,-2,10,-3,9,-3,9,-3,9,-3,8,-4,8,-3,7,-4,7,-4,7,-4,6,-5,6,-5,5,-5,5,-5,4,-5,3,0,0,0,0,0,0,0,0,0,0,0,0,0,0,-83,-1,-80,-3,-73,3,-66,5,-67,4,-61,3,-59,4,-59,2,-53,2,-40,8,-45,15,-38,12,-40,15,-37,15,-34,17,-27,20,-29,21,-26,22,-25,26,-22,26,-14,26,-16,29,-14,29,-12,34,-7,31,-6,37,-7,36,-1,38,-2,46,-1,47,2,46,2,51,-2,49,-2,54,2,54,-5,55,-3,59,-4,58,-11,58,-10,56,-11,55,-10,54,-15,55,-18,56,-19,47,-21,49,-19,43,-24,43,-20,40,-19,37,-22,37,-24,34,-27,31,-25,28,-29,22,-28,18,-29,17,0,0,0,0,0,0,0,0,0,0,0,0,0,0,0,0,0,0,0,0,0,0,48,-33,53,-26,55,-22,56,-20,56,-15,53,-11,50,-13,49,-12,48,-8,48,-6,45,-8,41,-10,45,-9,43,-8,41,-9,39,-7,36,-11,31,-11,33,-12,34,-9,28,-13,31,-16,27,-19,24,-19,20,-23,22,-25,18,-25,19,-27,20,-32,15,-32,11,-33,12,-40,12,-39,6,-40,10,-44,3,-46,3,-46,1,-50,1,-51,-5,-57,-3,-56,-5,-58,-7,-60,-15,-64,-14,-61,-10,-62,-16,-72,-21,-70,-21,-76,-16,-77,-19,-78,-20,-85,-17,-88,-16,-79,-9,-93,-14,-86,-9,-89,0,0]"
CSI_DATA,53,1a:00:00:00:00:00,-45,11,1,0,1,1,1,0,0,0,1,-97,0,11,2,970557,0,44,0,384,0,"[0,0,0,0,0,0,0,0,0,0,0,0,9,-8,8,-9,7,-8,8,-8,6,-7,6,-7,5,-7,4,-7,4,-7,3,-7,3,-7,2,-7,1,-7,0,-6,0,-7,0,-7,-1,-7,-1,-6,-2,-6,-2,-6,-3,-7,-4,-7,-4,-7,-4,-7,-5,-8,-5,-8,0,0,-6,-9,-5,-9,-6,-9,-6,-9,-6,-10,-5,-10,-5,-11,-5,-10,-4,-11,-4,-10,-4,-11,-3,-10,-3,-10,-3,-10,-2,-10,-2,-10,-1,-9,-1,-9,0,-9,0,-8,0,-8,1,-7,1,-7,1,-7,2,-6,2,-6,0,0,0,0,0,0,0,0,0,0,0,0,0,0,71,-35,69,-33,68,-38,64,-30,55,-34,52,-35,46,-30,50,-30,44,-24,38,-34,32,-33,31,-31,31,-29,26,-32,22,-31,18,-35,11,-32,10,-29,9,-32,4,-34,1,-37,0,-36,-7,-33,-6,-37,-4,-30,-11,-38,-13,-40,-18,-41,-17,-40,-22,-44,-22,-43,-21,-46,-19,-44,-24,-54,-23,-51,-19,-56,-23,-51,-22,-58,-14,-64,-15,-57,-12,-55,-13,-56,-6,-58,-5,-60,-6,-55,-3,-55,-1,-54,0,-52,3,-47,4,-48,4,-45,5,-40,11,-42,13,-37,15,-36,17,-33,22,-23,0,0,0,0,0,0,0,0,0,0,0,0,0,0,0,0,0,0,0,0,0,0,-26,55,-31,49,-34,50,-38,46,-38,38,-40,39,-36,35,-39,32,-38,34,-32,28,-31,31,-29,30,-34,33,-33,24,-30,24,-31,25,-26,31,-24,25,-23,24,-18,26,-16,24,-16,26,-12,28,-8,29,-7,29,-4,31,-2,33,5,37,1,35,5,41,9,37,11,46,8,42,14,38,15,47,22,46,23,43,27,45,24,42,32,50,31,49,36,46,35,51,36,51,42,52,46,44,43,52,50,56,52,54,49,60,54,59,63,60,56,69,50,65,56,75,50,73,45,74,0,0]"
CSI_DATA,54,1a:00:00:00:00:00,-45,11,1,0,1,1,1,0,0,0,1,-97,0,11,2,980561,0,44,0,384,0,"[0,0,0,0,0,0,0,0,0,0,0,0,-6,11,-5,10,-4,10,-5,10,-4,9,-3,8,-2,8,-2,8,-1,7,0,6,0,7,0,6,1,6,1,5,1,5,3,5,3,5,3,4,4,4,5,4,5,4,6,4,6,4,7,4,7,4,8,3,0,0,9,4,9,4,9,4,9,4,9,5,9,5,9,5,9,6,9,6,8,6,8,7,7,7,6,7,6,7,6,7,6,7,5,7,5,7,4,7,4,7,3,7,3,6,2,6,1,6,0,6,0,5,0,0,0,0,0,0,0,0,0,0,0,0,0,0,-15,37,-14,34,-11,35,-10,31,-9,31,-9,30,-11,25,-10,28,-6,22,-5,23,-3,22,-1,21,-1,22,1,17,3,18,5,19,5,15,7,14,7,15,8,12,12,15,11,13,14,9,15,8,15,8,18,9,19,9,21,6,21,7,23,7,23,8,26,9,25,9,29,8,27,8,28,12,28,12,28,12,26,14,27,14,25,13,25,16,23,17,23,17,21,19,20,16,19,19,18,17,17,17,16,15,14,16,12,17,10,17,8,17,7,16,8,17,4,16,0,0,0,0,0,0,0,0,0,0,0,0,0,0,0,0,0,0,0,0,0,0,-3,-28,-2,-30,3,-28,4,-29,3,-26,6,-26,5,-25,7,-23,5,-24,6,-19,5,-21,6,-21,6,-20,5,-20,4,-19,1,-19,2,-18,2,-17,0,-16,0,-17,1,-15,-5,-13,-5,-14,-5,-13,-8,-14,-11,-14,-10,-15,-12,-16,-11,-15,-14,-14,-15,-12,-18,-16,-18,-14,-20,-14,-21,-13,-22,-11,-21,-14,-23,-12,-26,-12,-26,-9,-28,-11,-28,-8,-29,-8,-33,-8,-32,-7,-35,-4,-36,-8,-37,-5,-37,-6,-38,-8,-40,-8,-43,-7,-47,-12,-41,-9,-42,-12,-45,-12,-41,-14,0,0]"
CSI_DATA,55,1a:00:00:00:00:00,-44,11,1,0,1,1,1,0,0,0,1,-96,0,11,2,991720,0,44,0,384,0,"[0,0,0,0,0,0,0,0,0,0,0,0,-6,-11,-6,-10,-7,-9,-6,-9,-6,-8,-6,-7,-6,-6,-6,-6,-6,-5,-6,-4,-6,-4,-6,-3,-7,-2,-7,-2,-7,-1,-7,-1,-7,0,-7,1,-7,1,-7,1,-7,2,-7,3,-7,2,-7,3,-8,4,-8,4,0,0,-9,5,-10,5,-10,5,-10,5,-11,5,-11,5,-11,4,-11,4,-11,4,-11,3,-11,3,-11,2,-11,2,-10,1,-10,1,-10,0,-10,0,-9,0,-9,-1,-9,-1,-8,-1,-8,-2,-7,-2,-7,-3,-7,-3,-5,-3,0,0,0,0,0,0,0,0,0,0,0,0,0,0,-34,-77,-39,-75,-36,-66,-34,-62,-34,-56,-30,-57,-32,-52,-32,-47,-29,-36,-30,-39,-33,-32,-27,-29,-31,-26,-34,-23,-32,-19,-28,-15,-35,-14,-30,-5,-28,-1,-36,-2,-39,3,-34,3,-38,6,-39,14,-37,14,-39,22,-40,19,-37,26,-43,27,-44,30,-44,27,-42,36,-48,33,-47,35,-51,39,-54,31,-53,33,-58,31,-59,29,-61,29,-62,25,-64,25,-61,21,-57,19,-54,18,-58,13,-52,11,-55,11,-54,8,-52,8,-48,3,-48,0,-42,0,-40,-3,-37,-3,-38,-10,-34,-15,0,0,0,0,0,0,0,0,0,0,0,0,0,0,0,0,0,0,0,0,0,0,32,47,25,50,22,47,16,49,18,48,13,49,13,45,11,44,12,47,10,40,7,39,7,38,13,33,12,34,11,30,15,33,18,31,11,34,16,24,19,25,20,22,21,16,23,19,28,14,29,14,30,12,32,8,36,10,42,3,40,2,37,2,44,2,48,-1,48,-6,50,-7,48,-4,49,-5,52,-14,56,-17,51,-20,58,-22,54,-24,58,-27,60,-35,58,-32,60,-35,62,-36,61,-42,65,-42,65,-45,73,-44,73,-41,75,-45,73,-47,77,-48,72,-43,81,-42,0,0]"
CSI_DATA,56,1a:00:00:00:00:00,-44,11,1,0,1,1,1,0,0,0,1,-96,0,11,2,1000536,0,44,0,384,0,"[0,0,0,0,0,0,0,0,0,0,0,0,11,3,10,3,10,2,9,2,9,2,8,1,8,0,7,-1,6,-1,6,-2,6,-2,6,-3,6,-3,5,-3,5,-4,4,-5,4,-5,4,-5,4,-6,3,-6,3,-6,3,-8,3,-8,3,-9,3,-9,2,-10,0,0,3,-11,4,-11,4,-11,3,-11,4,-11,5,-11,5,-11,5,-11,5,-11,6,-10,6,-10,7,-9,7,-9,6,-8,6,-8,7,-7,6,-7,6,-6,6,-6,6,-5,6,-5,6,-4,6,-4,6,-3,6,-2,5,-2,0,0,0,0,0,0,0,0,0,0,0,0,0,0,74,34,71,31,68,23,61,27,63,28,49,20,58,17,54,19,52,13,41,11,43,5,40,2,40,3,39,-2,34,-7,33,-9,35,-13,33,-19,33,-17,29,-18,28,-25,27,-26,24,-30,24,-30,25,-37,24,-41,23,-41,19,-42,20,-48,15,-52,18,-56,23,-55,25,-59,23,-54,26,-62,36,-58,36,-61,37,-59,39,-57,40,-54,40,-56,39,-52,40,-50,45,-48,44,-42,43,-42,41,-36,47,-39,39,-28,41,-24,45,-25,41,-20,41,-20,39,-17,40,-13,39,-10,31,-2,0,0,0,0,0,0,0,0,0,0,0,0,0,0,0,0,0,0,0,0,0,0,-57,-8,-48,-12,-53,-15,-47,-16,-50,-17,-40,-19,-39,-18,-31,-22,-38,-19,-38,-20,-35,-19,-36,-13,-37,-11,-35,-12,-32,-11,-32,-10,-29,-5,-31,-5,-30,0,-28,-2,-30,-4,-30,4,-33,7,-30,14,-31,12,-30,18,-32,18,-34,16,-31,20,-30,29,-30,27,-32,31,-31,34,-33,35,-33,36,-34,37,-30,41,-27,46,-27,46,-25,50,-29,50,-23,58,-26,56,-24,67,-21,57,-18,61,-21,65,-22,69,-26,74,-25,79,-17,79,-23,79,-28,80,-28,81,-27,87,-28,84,-30,81,0,0]"
CSI_DATA,57,1a:00:00:00:00:00,-44,11,1,0,1,1,1,0,0,0,1,-96,0,11,2,1010748,0,44,0,384,0,"[0,0,0,0,0,0,0,0,0,0,0,0,-9,8,-8,8,-7,7,-7,7,-6,7,-5,7,-4,7,-4,7,-4,7,-2,6,-2,7,-1,6,0,6,0,6,0,6,2,6,2,6,3,6,3,6,4,5,4,6,5,6,5,6,6,6,6,7,7,7,0,0,8,7,8,8,8,8,9,8,7,8,8,9,8,9,7,9,7,10,7,10,6,10,5,10,5,10,4,9,4,10,4,9,3,9,2,8,2,8,2,8,1,8,1,8,0,7,-1,6,-1,6,-1,6,0,0,0,0,0,0,0,0,0,0,0,0,0,0,-62,45,-55,46,-50,44,-48,41,-45,44,-38,39,-39,37,-33,34,-26,34,-21,35,-24,36,-17,31,-14,38,-11,30,-8,29,-3,37,1,33,3,33,2,29,6,36,13,36,12,36,20,31,21,33,19,32,25,32,31,33,33,34,32,35,40,34,40,39,43,44,35,41,40,45,41,44,38,49,41,47,37,51,34,52,33,56,32,53,31,56,26,57,27,55,22,52,21,53,20,49,18,48,17,47,11,45,6,45,6,44,1,44,-1,38,-2,41,-3,33,-9,31,0,0,0,0,0,0,0,0,0,0,0,0,0,0,0,0,0,0,0,0,0,0,30,-38,35,-34,36,-31,38,-30,36,-23,31,-23,33,-16,28,-19,27,-18,31,-18,27,-19,26,-22,23,-23,24,-17,24,-20,19,-24,16,-23,11,-20,13,-20,11,-22,10,-19,5,-24,4,-29,3,-27,-2,-30,-4,-33,-1,-35,-7,-36,-4,-34,-7,-36,-12,-33,-12,-42,-17,-40,-17,-40,-17,-40,-24,-44,-24,-43,-27,-39,-23,-39,-34,-45,-37,-42,-35,-43,-41,-44,-44,-47,-45,-45,-53,-44,-52,-45,-49,-48,-55,-46,-58,-52,-54,-48,-63,-55,-61,-55,-56,-53,-59,-60,-58,-59,-64,-61,0,0]"
CSI_DATA,58,1a:00:00:00:00:00,-44,11,1,0,1,1,1,0,0,0,1,-96,0,11,2,1030934,0,44,0,384,0,"[0,0,0,0,0,0,0,0,0,0,0,0,10,1,10,-1,9,-1,9,-1,7,-1,7,-2,6,-3,6,-4,6,-3,5,-4,4,-4,4,-5,3,-5,3,-5,2,-6,2,-7,2,-7,1,-8,1,-8,0,-8,1,-8,-1,-9,-1,-9,-1,-10,-1,-11,-2,-11,0,0,-2,-12,-1,-12,-2,-13,-1,-13,-1,-13,-1,-13,-1,-13,0,-13,0,-14,1,-13,2,-13,2,-12,3,-11,2,-12,3,-10,3,-10,3,-10,3,-9,3,-9,3,-8,4,-8,4,-7,4,-7,4,-6,5,-5,4,-4,0,0,0,0,0,0,0,0,0,0,0,0,0,0,68,32,69,24,65,22,59,16,50,10,53,10,49,12,53,11,43,4,36,-5,38,-7,35,-6,34,-11,32,-15,31,-17,25,-23,29,-25,26,-29,22,-25,14,-31,15,-33,13,-34,11,-37,12,-44,9,-42,8,-48,5,-52,-3,-52,2,-58,1,-60,-1,-60,-1,-66,2,-64,3,-72,-2,-69,4,-75,9,-76,10,-72,15,-77,11,-66,13,-67,15,-69,17,-69,16,-67,20,-62,19,-57,25,-58,24,-54,23,-52,23,-43,28,-41,24,-38,24,-39,24,-32,29,-36,28,-28,28,-24,0,0,0,0,0,0,0,0,0,0,0,0,0,0,0,0,0,0,0,0,0,0,-35,-31,-31,-35,-29,-36,-25,-33,-27,-37,-24,-39,-19,-33,-18,-36,-22,-32,-18,-30,-17,-27,-19,-23,-22,-24,-19,-21,-19,-23,-20,-17,-20,-15,-20,-13,-22,-7,-21,-7,-20,-5,-25,-1,-26,2,-28,2,-24,6,-28,9,-27,12,-29,10,-30,16,-32,22,-23,19,-31,24,-33,23,-34,31,-35,34,-25,37,-27,36,-25,43,-26,45,-26,52,-27,52,-24,52,-24,59,-24,59,-23,60,-22,62,-23,64,-21,69,-26,70,-26,76,-24,75,-22,78,-25,80,-25,78,-26,86,-22,84,-30,84,0,0]"
CSI_DATA,59,1a:00:00:00:00:00,-45,11,1,0,1,1,1,0,0,0,1,-96,0,11,2,1040539,0,44,0,384,0,"[0,0,0,0,0,0,0,0,0,0,0,0,1,-11,0,-10,-1,-9,-1,-9,-1,-8,-1,-8,-2,-7,-3,-6,-3,-6,-4,-5,-4,-5,-5,-4,-6,-4,-6,-3,-6,-3,-7,-2,-7,-2,-7,-2,-8,-1,-9,0,-9,0,-9,1,-9,0,-11,1,-11,1,-11,2,0,0,-12,2,-13,2,-13,2,-14,2,-13,1,-14,1,-14,1,-13,1,-14,0,-14,-1,-14,-1,-13,-2,-13,-2,-12,-2,-12,-2,-12,-3,-11,-3,-11,-3,-10,-3,-9,-3,-9,-4,-8,-4,-7,-4,-7,-4,-6,-5,-5,-5,0,0,0,0,0,0,0,0,0,0,0,0,0,0,22,-69,21,-67,8,-61,12,-63,7,-58,4,-50,3,-47,0,-45,-5,-41,-7,-42,-13,-37,-12,-33,-18,-29,-21,-29,-20,-24,-26,-25,-30,-18,-26,-18,-34,-13,-35,-13,-40,-11,-42,-6,-43,0,-44,2,-41,4,-50,5,-53,5,-58,6,-56,12,-60,9,-61,9,-64,12,-65,7,-71,18,-70,14,-75,9,-74,12,-76,12,-79,6,-70,2,-78,2,-69,-2,-69,-7,-64,-7,-66,-9,-65,-9,-62,-7,-60,-9,-56,-16,-50,-14,-49,-12,-48,-16,-44,-18,-42,-21,-35,-23,-35,-22,-29,-25,0,0,0,0,0,0,0,0,0,0,0,0,0,0,0,0,0,0,0,0,0,0,-31,31,-36,30,-38,26,-38,21,-38,20,-34,17,-31,18,-36,12,-30,20,-28,12,-29,17,-29,15,-22,17,-18,13,-17,11,-15,17,-16,22,-10,15,-7,19,-3,12,4,19,4,19,2,18,4,20,10,24,9,25,9,26,13,27,18,28,20,25,18,22,30,28,29,29,32,27,32,26,37,28,40,26,42,23,45,25,48,23,52,24,58,21,55,21,64,19,63,18,63,11,65,13,73,16,69,15,77,16,77,18,80,16,84,16,85,15,83,19,81,20,80,18,0,0]"
CSI_DATA,60,1a:00:00:00:00:00,-45,11,1,0,1,1,1,0,0,0,1,-96,0,11,2,1050554,0,44,0,384,0,"[0,0,0,0,0,0,0,0,0,0,0,0,-1,10,0,9,1,8,1,7,1,7,1,6,2,5,3,5,2,4,4,3,4,3,5,2,5,2,6,1,6,1,6,0,7,-1,6,-1,7,-2,8,-2,8,-3,9,-3,9,-4,9,-5,10,-5,10,-6,0,0,11,-6,12,-5,12,-6,12,-6,13,-6,13,-5,13,-6,13,-5,13,-4,13,-4,13,-3,12,-3,12,-2,12,-2,12,-1,11,-1,11,-1,10,-1,10,0,9,0,9,1,8,1,8,1,7,2,6,3,6,2,0,0,0,0,0,0,0,0,0,0,0,0,0,0,-22,65,-16,59,-16,62,-13,53,-8,58,-7,47,-3,40,2,42,5,37,5,34,7,32,9,28,15,27,15,21,25,20,26,16,27,20,31,4,31,12,35,7,37,6,36,5,40,-2,47,-4,41,-8,47,-10,53,-9,50,-20,57,-17,61,-18,59,-19,63,-18,63,-19,67,-27,68,-22,75,-24,72,-16,74,-19,73,-9,74,-7,73,-12,72,-9,71,-4,72,-4,64,-5,69,-1,60,2,64,5,58,7,51,5,52,6,51,12,44,11,44,14,38,19,39,20,33,20,0,0,0,0,0,0,0,0,0,0,0,0,0,0,0,0,0,0,0,0,0,0,39,-27,38,-21,43,-16,37,-14,40,-9,34,-11,32,-12,34,-5,34,-8,30,-7,29,-10,23,-7,24,-9,20,-7,17,-7,15,-12,15,-13,14,-14,2,-12,5,-13,1,-18,-3,-19,-2,-18,-6,-21,-11,-24,-16,-21,-18,-26,-19,-25,-18,-22,-24,-29,-23,-26,-29,-30,-29,-30,-32,-28,-30,-31,-34,-32,-41,-28,-45,-30,-46,-24,-49,-26,-52,-28,-51,-26,-55,-22,-60,-23,-58,-19,-67,-18,-69,-21,-69,-16,-67,-19,-76,-20,-74,-14,-79,-14,-81,-23,-75,-22,-84,-20,-78,-20,-78,-25,0,0]"
CSI_DATA,61,1a:00:00:00:00:00,-46,11,1,0,1,1,1,0,0,0,1,-96,0,11,2,1070554,0,44,0,384,0,"[0,0,0,0,0,0,0,0,0,0,0,0,7,5,7,4,7,3,7,2,6,1,5,0,5,-1,5,-1,4,-2,4,-2,4,-4,3,-4,4,-5,3,-5,3,-6,2,-7,1,-7,1,-8,1,-8,1,-9,0,-9,0,-10,0,-10,-1,-12,-1,-12,-1,-13,0,0,-1,-14,0,-15,-1,-15,-1,-15,-1,-15,0,-15,0,-16,1,-15,1,-15,1,-14,2,-14,3,-14,2,-14,3,-13,3,-12,3,-12,3,-12,3,-11,3,-10,4,-9,4,-9,4,-8,4,-8,4,-7,5,-6,4,-5,0,0,0,0,0,0,0,0,0,0,0,0,0,0,47,46,39,41,44,38,42,34,42,28,38,26,34,16,37,16,33,9,30,8,30,2,28,-4,29,-8,23,-11,19,-15,23,-16,21,-26,18,-26,18,-32,16,-35,12,-41,9,-38,7,-46,6,-44,9,-46,4,-53,3,-54,-3,-59,-1,-62,-3,-69,-4,-67,-4,-75,-2,-70,-3,-74,-3,-73,0,-78,5,-78,7,-77,11,-81,11,-78,12,-76,9,-74,12,-70,14,-72,13,-66,21,-67,21,-63,17,-57,17,-56,25,-49,22,-50,23,-44,24,-45,24,-39,23,-39,27,-31,29,-29,0,0,0,0,0,0,0,0,0,0,0,0,0,0,0,0,0,0,0,0,0,0,14,-41,17,-37,22,-34,20,-32,19,-27,19,-25,16,-22,18,-20,17,-19,14,-18,15,-12,10,-15,8,-11,7,-10,1,-11,2,-8,-1,-11,-4,-8,-9,-6,-12,-1,-16,-3,-21,0,-20,1,-25,1,-33,6,-27,6,-32,7,-33,6,-38,5,-39,7,-44,11,-42,7,-44,12,-46,17,-49,17,-49,16,-47,18,-47,24,-50,27,-50,33,-51,36,-47,36,-53,38,-53,44,-52,41,-45,42,-51,44,-55,52,-57,53,-56,57,-53,57,-54,62,-56,64,-56,54,-61,62,-60,54,-50,57,0,0]"
CSI_DATA,62,1a:00:00:00:00:00,-46,11,1,0,1,1,1,0,0,0,1,-96,0,11,2,1080581,0,44,0,384,0,"[0,0,0,0,0,0,0,0,0,0,0,0,-6,-7,-6,-6,-6,-5,-6,-4,-6,-3,-5,-2,-5,-1,-5,0,-5,0,-5,1,-5,2,-5,3,-5,4,-4,4,-4,5,-4,6,-3,6,-3,6,-3,7,-3,8,-2,8,-2,9,-2,9,-2,11,-2,11,-1,11,0,0,-2,12,-3,13,-2,13,-2,13,-3,13,-3,13,-3,14,-3,13,-4,13,-5,13,-4,12,-5,12,-5,11,-5,11,-6,10,-5,10,-5,10,-5,9,-5,8,-5,8,-5,7,-6,6,-6,5,-6,5,-6,4,-6,3,0,0,0,0,0,0,0,0,0,0,0,0,0,0,-29,-64,-25,-54,-31,-48,-22,-47,-28,-41,-22,-36,-24,-29,-23,-24,-28,-17,-26,-17,-25,-11,-24,-5,-31,-3,-26,3,-25,5,-28,15,-23,19,-24,23,-25,24,-24,26,-24,34,-22,37,-18,40,-20,42,-19,41,-21,52,-20,48,-16,60,-17,60,-17,62,-17,66,-17,70,-19,67,-18,74,-14,71,-24,72,-24,76,-26,72,-30,77,-33,74,-30,71,-34,69,-34,64,-35,62,-31,61,-35,59,-33,52,-35,53,-35,48,-32,39,-33,46,-34,42,-33,34,-34,32,-32,26,-35,25,-31,20,0,0,0,0,0,0,0,0,0,0,0,0,0,0,0,0,0,0,0,0,0,0,-35,22,-35,11,-32,13,-31,8,-28,8,-28,3,-27,5,-21,4,-21,6,-19,2,-19,4,-17,-3,-5,-2,-6,3,-2,-1,-1,-1,4,-1,3,0,12,0,15,-3,15,4,22,4,21,2,28,-2,30,3,34,-1,35,6,38,7,42,6,45,2,42,3,49,2,50,2,50,0,56,-1,52,-5,53,-4,57,-7,57,-5,60,-13,62,-16,63,-19,61,-17,67,-21,66,-22,63,-35,65,-31,70,-30,68,-33,68,-37,72,-38,76,-43,82,-33,74,-38,80,-38,73,-37,70,-37,0,0]"
CSI_DATA,63,1a:00:00:00:00:00,-47,11,1,0,1,1,1,0,0,0,1,-96,0,11,2,1091268,0,44,0,384,0,"[0,0,0,0,0,0,0,0,0,0,0,0,7,-3,6,-3,5,-3,4,-3,4,-3,3,-4,2,-5,1,-4,0,-5,-1,-4,-1,-5,-2,-5,-3,-5,-4,-5,-4,-5,-5,-5,-5,-5,-6,-5,-7,-5,-7,-5,-8,-4,-8,-4,-9,-5,-10,-4,-10,-5,-11,-5,0,0,-12,-5,-12,-5,-13,-5,-13,-6,-13,-6,-13,-6,-13,-6,-13,-6,-13,-6,-12,-7,-12,-7,-11,-7,-10,-7,-10,-7,-10,-7,-9,-7,-9,-6,-8,-6,-8,-6,-7,-7,-7,-7,-6,-6,-5,-7,-5,-7,-4,-6,-3,-6,0,0,0,0,0,0,0,0,0,0,0,0,0,0,71,-4,64,-3,57,-5,48,-9,40,-10,38,-12,33,-17,29,-15,19,-16,17,-19,12,-19,8,-26,1,-25,0,-26,-3,-23,-11,-29,-10,-28,-14,-30,-21,-29,-25,-28,-26,-29,-29,-28,-36,-24,-37,-30,-40,-29,-46,-28,-52,-25,-55,-30,-58,-28,-63,-27,-62,-28,-65,-29,-61,-30,-67,-30,-69,-29,-71,-37,-69,-37,-73,-33,-72,-37,-66,-37,-65,-41,-64,-40,-57,-44,-62,-40,-54,-42,-52,-41,-51,-42,-47,-38,-43,-40,-39,-37,-34,-39,-34,-34,-32,-34,-26,-36,-23,-36,-18,-36,-14,-34,0,0,0,0,0,0,0,0,0,0,0,0,0,0,0,0,0,0,0,0,0,0,9,-34,11,-30,13,-24,14,-29,13,-25,16,-20,14,-17,11,-13,14,-12,14,-13,13,-2,7,-2,5,-2,1,4,1,7,0,9,1,9,-2,16,-3,15,-6,19,-13,22,-12,26,-12,29,-15,34,-19,31,-20,37,-22,35,-23,41,-21,35,-24,42,-25,43,-27,47,-23,48,-24,50,-22,52,-19,59,-19,51,-16,58,-14,58,-12,60,-12,70,-9,65,-10,71,-3,74,-5,66,5,78,4,83,5,77,5,78,6,80,0,80,3,84,3,84,4,81,2,88,9,87,2,75,0,0]"
CSI_DATA,64,1a:00:00:00:00:00,-47,11,1,0,1,1,1,0,0,0,1,-96,0,11,2,1123533,0,44,0,384,0,"[0,0,0,0,0,0,0,0,0,0,0,0,4,-1,3,-1,2,-1,1,-2,1,-2,0,-2,-1,-3,-2,-3,-2,-3,-3,-3,-4,-4,-4,-3,-5,-3,-5,-3,-6,-3,-7,-3,-7,-3,-7,-3,-8,-2,-9,-2,-9,-2,-10,-2,-10,-2,-11,-1,-11,-1,-12,-1,0,0,-13,-1,-13,-1,-14,-1,-14,-1,-13,-1,-14,-2,-14,-1,-13,-2,-14,-2,-13,-2,-13,-2,-12,-3,-12,-3,-12,-3,-11,-3,-11,-3,-10,-3,-10,-3,-9,-3,-9,-3,-8,-4,-8,-4,-7,-4,-7,-4,-6,-5,-5,-5,0,0,0,0,0,0,0,0,0,0,0,0,0,0,29,-41,19,-40,17,-32,13,-31,6,-29,6,-25,0,-17,-5,-15,-5,-6,-12,-9,-13,-3,-13,0,-18,7,-18,6,-26,8,-25,14,-28,13,-28,22,-24,24,-28,25,-31,25,-28,26,-31,35,-26,36,-26,42,-29,45,-31,44,-24,55,-29,59,-27,60,-29,61,-32,68,-27,64,-29,72,-29,64,-39,67,-41,68,-35,68,-39,62,-40,61,-35,59,-38,60,-37,53,-36,55,-34,52,-36,48,-38,45,-34,47,-33,42,-35,36,-32,39,-34,32,-35,29,-34,27,-33,25,-32,22,-33,14,0,0,0,0,0,0,0,0,0,0,0,0,0,0,0,0,0,0,0,0,0,0,10,-25,14,-23,18,-22,20,-22,18,-15,18,-11,21,-10,23,-4,22,3,23,5,18,1,19,7,21,7,19,14,16,11,17,16,17,27,19,24,17,28,19,37,17,36,20,38,13,40,17,41,18,38,17,45,16,45,15,53,15,46,22,49,18,51,26,57,21,47,22,53,25,54,31,52,32,48,36,51,37,47,44,48,46,48,40,53,45,49,49,47,54,44,49,45,49,44,59,45,54,43,63,41,60,34,65,35,71,42,56,39,64,38,60,40,53,30,0,0]"
CSI_DATA,65,1a:00:00:00:00:00,-48,11,1,0,1,1,1,0,0,0,1,-96,0,11,2,1130545,0,44,0,384,0,"[0,0,0,0,0,0,0,0,0,0,0,0,-4,-2,-3,-2,-3,-1,-2,0,-2,0,-1,2,0,2,1,3,1,3,1,3,2,4,2,5,3,4,3,5,4,5,5,6,5,5,5,5,6,5,6,4,7,5,8,5,8,5,9,5,10,5,11,5,0,0,12,5,11,6,13,5,12,5,12,5,12,6,12,6,12,6,12,6,11,6,11,6,10,7,9,5,10,6,8,6,8,6,9,5,7,5,7,5,7,5,6,5,5,5,5,5,4,5,3,6,3,5,0,0,0,0,0,0,0,0,0,0,0,0,0,0,-28,-33,-23,-24,-26,-21,-20,-18,-14,-13,-14,-9,-13,-5,-9,4,-9,7,0,12,-4,16,-1,16,3,20,4,23,8,28,13,22,16,31,13,32,20,34,21,36,23,32,21,33,31,34,34,37,31,33,39,43,44,37,44,39,48,40,54,35,52,40,57,46,60,42,56,48,57,45,60,48,60,47,58,47,54,47,58,46,56,43,49,45,50,46,43,49,48,47,45,46,39,44,36,43,32,39,31,41,32,40,28,39,25,39,20,35,12,35,13,38,6,38,0,0,0,0,0,0,0,0,0,0,0,0,0,0,0,0,0,0,0,0,0,0,-13,-29,-10,-29,-8,-29,0,-32,-1,-27,4,-26,5,-23,6,-24,7,-24,13,-20,16,-21,19,-16,21,-18,24,-16,24,-14,27,-14,30,-13,33,-14,33,-8,36,-7,39,-3,42,0,43,-2,46,-2,47,-4,53,-7,50,-2,50,1,52,5,56,2,56,-2,57,-2,60,-2,57,-5,60,-8,60,-8,56,-13,61,-13,59,-17,62,-26,61,-21,59,-26,60,-26,61,-31,57,-33,57,-31,55,-39,59,-41,52,-42,51,-47,50,-47,57,-46,57,-38,54,-40,52,-41,46,-42,48,-39,0,0]"
CSI_DATA,66,1a:00:00:00:00:00,-48,11,1,0,1,1,1,0,0,0,1,-96,0,11,2,1140560,0,44,0,384,0,"[0,0,0,0,0,0,0,0,0,0,0,0,2,0,2,-1,1,-1,0,-2,0,-2,-1,-3,-2,-4,-3,-4,-3,-4,-4,-4,-4,-5,-5,-5,-5,-5,-6,-5,-6,-5,-8,-5,-8,-5,-8,-5,-8,-4,-9,-4,-10,-4,-11,-4,-11,-4,-11,-4,-13,-4,-13,-4,0,0,-13,-4,-14,-3,-15,-3,-15,-3,-14,-3,-14,-4,-14,-4,-14,-4,-14,-4,-13,-5,-13,-5,-12,-5,-11,-5,-12,-5,-11,-5,-11,-5,-10,-5,-9,-4,-9,-4,-9,-4,-8,-5,-7,-5,-7,-5,-6,-5,-5,-6,-5,-6,0,0,0,0,0,0,0,0,0,0,0,0,0,0,28,15,26,12,21,8,14,4,15,4,8,-4,0,-7,5,-10,-2,-14,-5,-11,-7,-12,-9,-18,-20,-17,-15,-18,-23,-20,-31,-25,-25,-21,-32,-27,-33,-25,-38,-23,-46,-20,-47,-25,-44,-20,-50,-17,-55,-22,-59,-17,-59,-14,-60,-16,-60,-16,-70,-11,-69,-14,-70,-15,-69,-16,-71,-13,-76,-15,-76,-14,-77,-17,-75,-17,-76,-14,-71,-17,-70,-16,-70,-23,-66,-19,-65,-21,-60,-27,-59,-18,-54,-24,-53,-21,-54,-23,-48,-20,-47,-23,-47,-23,-40,-20,-38,-21,-37,-26,-29,-27,-22,-24,0,0,0,0,0,0,0,0,0,0,0,0,0,0,0,0,0,0,0,0,0,0,17,30,10,29,13,33,6,31,1,31,2,28,-1,31,-6,28,-11,33,-15,26,-17,29,-16,29,-20,22,-24,24,-28,17,-27,21,-31,20,-30,17,-33,17,-37,19,-39,15,-42,22,-43,20,-46,12,-50,16,-51,17,-46,16,-46,22,-49,13,-55,20,-48,19,-53,17,-52,21,-49,21,-53,26,-49,33,-47,27,-48,35,-49,32,-46,40,-48,41,-42,43,-39,46,-43,52,-41,49,-33,46,-34,50,-33,50,-27,52,-30,53,-33,58,-32,57,-32,60,-30,48,-28,55,-29,52,-24,46,0,0]"
CSI_DATA,67,1a:00:00:00:00:00,-49,11,1,0,1,1,1,0,0,0,1,-96,0,11,2,1153519,0,44,0,384,0,"[0,0,0,0,0,0,0,0,0,0,0,0,2,-1,0,-2,0,-2,-1,-2,-1,-2,-2,-4,-3,-3,-3,-4,-4,-5,-5,-4,-6,-5,-6,-5,-6,-5,-7,-4,-7,-5,-8,-4,-8,-5,-8,-4,-9,-4,-10,-4,-9,-4,-11,-3,-11,-4,-12,-3,-12,-4,-13,-3,0,0,-14,-3,-14,-3,-14,-3,-14,-3,-14,-3,-14,-4,-14,-4,-13,-4,-14,-4,-13,-4,-13,-4,-12,-5,-12,-5,-12,-5,-11,-5,-11,-5,-10,-4,-9,-4,-9,-5,-8,-4,-8,-5,-7,-5,-7,-5,-6,-5,-5,-5,-5,-6,0,0,0,0,0,0,0,0,0,0,0,0,0,0,22,17,20,11,15,7,13,3,3,-2,11,-2,2,-11,1,-13,-2,-16,-12,-20,-10,-14,-14,-21,-23,-17,-25,-22,-27,-19,-30,-21,-33,-23,-37,-26,-35,-26,-44,-23,-45,-24,-42,-14,-50,-17,-46,-13,-54,-19,-48,-18,-62,-17,-65,-15,-65,-12,-72,-12,-65,-5,-71,-8,-73,-16,-71,-10,-74,-11,-80,-18,-80,-15,-74,-11,-76,-14,-67,-23,-68,-18,-67,-21,-62,-23,-66,-21,-59,-20,-64,-15,-58,-23,-51,-18,-51,-20,-55,-19,-50,-15,-50,-16,-37,-22,-40,-21,-35,-29,-31,-32,-20,-26,0,0,0,0,0,0,0,0,0,0,0,0,0,0,0,0,0,0,0,0,0,0,1,38,-6,37,-12,34,-10,36,-14,34,-17,35,-17,32,-19,30,-23,32,-25,28,-32,24,-31,24,-29,27,-27,21,-35,20,-33,19,-38,20,-36,16,-39,16,-41,19,-49,12,-46,21,-52,21,-48,9,-56,10,-49,18,-48,8,-52,13,-50,9,-50,18,-49,18,-56,22,-56,21,-51,21,-50,18,-44,29,-45,30,-49,27,-48,25,-47,37,-43,34,-43,40,-45,37,-39,46,-40,45,-36,42,-31,43,-25,51,-31,50,-27,51,-32,54,-22,48,-31,48,-26,46,-29,44,-26,44,-26,36,0,0]"
CSI_DATA,68,1a:00:00:00:00:00,-49,11,1,0,1,1,1,0,0,0,1,-96,0,11,2,1160546,0,44,0,384,0,"[0,0,0,0,0,0,0,0,0,0,0,0,-1,-2,-1,-1,-2,0,-3,0,-4,0,-4,1,-4,1,-4,2,-4,3,-5,3,-5,4,-5,4,-5,5,-5,6,-5,5,-6,6,-4,7,-5,7,-4,7,-5,8,-4,8,-4,9,-4,10,-4,10,-4,11,-4,10,0,0,-4,11,-4,12,-4,13,-4,12,-4,12,-5,13,-5,13,-5,12,-5,12,-5,11,-5,11,-5,11,-5,10,-5,10,-5,9,-5,9,-5,9,-5,8,-5,7,-5,7,-5,7,-6,5,-5,6,-6,5,-6,4,-5,4,0,0,0,0,0,0,0,0,0,0,0,0,0,0,15,-23,14,-16,7,-13,2,-7,-1,-5,-6,-13,-7,-1,-12,4,-8,5,-20,3,-21,6,-18,5,-24,13,-20,17,-29,19,-26,22,-33,29,-27,26,-26,28,-26,32,-30,34,-33,36,-24,37,-27,45,-24,43,-28,45,-28,48,-25,53,-24,61,-19,59,-24,54,-26,62,-23,58,-27,67,-23,65,-29,74,-30,67,-27,66,-32,62,-32,63,-33,63,-28,62,-30,61,-31,56,-30,51,-28,46,-31,48,-27,44,-26,44,-27,41,-28,36,-30,35,-28,34,-33,29,-28,27,-33,21,-30,17,0,0,0,0,0,0,0,0,0,0,0,0,0,0,0,0,0,0,0,0,0,0,37,12,32,16,35,17,31,17,33,24,26,27,26,24,23,27,25,31,23,29,15,36,18,33,22,40,16,43,10,40,9,40,15,40,8,44,15,45,9,41,9,47,9,50,0,50,12,48,6,47,8,47,1,56,7,52,4,49,6,54,8,49,10,51,6,48,16,51,13,54,15,50,18,48,17,43,24,44,31,49,25,45,29,43,29,49,38,43,34,40,37,49,39,39,42,30,38,34,40,34,41,34,41,29,42,32,36,26,35,36,34,31,29,29,0,0]"
CSI_DATA,69,1a:00:00:00:00:00,-49,11,1,0,1,1,1,0,0,0,1,-96,0,11,2,1180575,0,44,0,384,0,"[0,0,0,0,0,0,0,0,0,0,0,0,-2,-1,-2,-1,-3,0,-3,1,-4,2,-4,2,-4,2,-4,3,-4,3,-4,4,-5,4,-4,5,-5,5,-5,6,-5,6,-5,6,-5,6,-4,7,-5,8,-3,8,-4,8,-3,9,-4,8,-3,10,-3,11,-2,10,0,0,-3,11,-3,12,-3,12,-3,12,-3,12,-4,12,-3,12,-4,12,-4,11,-4,10,-4,10,-5,10,-5,9,-5,9,-5,9,-4,9,-4,8,-5,8,-4,7,-5,7,-5,7,-5,6,-5,6,-6,5,-5,4,-6,4,0,0,0,0,0,0,0,0,0,0,0,0,0,0,11,-16,5,-12,-3,-12,-1,-11,-6,-2,-8,-3,-11,4,-18,8,-14,0,-20,10,-25,10,-24,17,-24,15,-24,20,-29,15,-25,23,-30,32,-31,26,-28,29,-25,27,-28,40,-27,37,-19,43,-24,44,-22,42,-23,48,-24,48,-20,52,-25,56,-16,57,-27,61,-26,66,-20,60,-25,69,-22,61,-30,70,-27,67,-20,69,-29,63,-30,59,-28,59,-33,59,-35,58,-32,55,-28,53,-31,49,-37,49,-31,45,-33,43,-27,44,-27,39,-26,38,-26,35,-33,33,-31,27,-32,22,-30,19,0,0,0,0,0,0,0,0,0,0,0,0,0,0,0,0,0,0,0,0,0,0,29,29,33,28,30,29,26,33,27,39,20,41,24,34,17,46,18,45,18,42,9,46,9,46,12,49,10,54,7,53,6,50,11,58,7,52,10,51,8,52,5,59,6,55,1,50,7,52,0,56,4,56,-3,56,3,57,5,52,8,60,7,49,6,56,11,52,18,53,14,51,16,55,16,47,22,47,23,45,29,50,30,44,31,40,37,41,35,40,34,38,38,25,37,32,45,32,42,33,36,31,41,29,42,26,36,30,30,28,31,22,36,14,26,21,0,0]"
CSI_DATA,70,1a:00:00:00:00:00,-48,11,1,0,1,1,1,0,0,0,1,-96,0,11,2,1201964,0,44,0,384,0,"[0,0,0,0,0,0,0,0,0,0,0,0,-2,0,-2,1,-3,2,-3,2,-4,3,-3,3,-3,3,-3,4,-4,4,-4,5,-4,5,-3,6,-3,6,-3,7,-3,7,-3,8,-2,7,-2,8,-2,8,-1,9,-1,9,-1,10,-1,9,0,10,0,11,0,10,0,0,0,11,0,12,0,12,1,12,0,11,0,12,0,12,-1,12,-1,12,-1,12,-1,11,-2,11,-2,11,-2,10,-2,10,-2,9,-2,10,-2,8,-2,8,-2,8,-3,8,-3,7,-4,7,-4,6,-4,6,-5,5,0,0,0,0,0,0,0,0,0,0,0,0,0,0,-13,-8,-11,-2,-4,8,1,5,1,13,3,10,2,11,8,22,8,21,9,23,17,21,21,24,23,22,20,26,26,24,38,20,32,25,35,25,35,22,32,21,41,26,39,22,41,22,47,21,44,18,52,19,50,14,55,19,57,20,60,14,60,14,65,16,57,19,60,19,59,10,67,18,62,22,63,20,66,20,62,20,57,19,62,22,55,24,53,28,50,26,45,23,47,20,44,23,44,23,37,26,38,24,38,21,37,24,28,26,30,31,24,30,23,28,0,0,0,0,0,0,0,0,0,0,0,0,0,0,0,0,0,0,0,0,0,0,15,-43,20,-41,22,-34,31,-43,25,-36,35,-36,30,-33,39,-29,40,-31,38,-29,40,-28,39,-26,42,-29,46,-25,41,-26,40,-22,47,-28,52,-18,52,-24,47,-20,46,-26,56,-30,44,-22,50,-24,65,-20,47,-24,52,-21,54,-23,52,-26,56,-28,47,-25,49,-25,43,-31,45,-27,42,-32,43,-31,35,-33,37,-34,35,-39,31,-37,35,-41,32,-38,27,-44,23,-44,23,-45,20,-54,17,-47,19,-44,18,-47,21,-41,14,-41,12,-47,14,-46,12,-40,17,-37,13,-31,14,-30,0,0]"
CSI_DATA,71,1a:00:00:00:00:00,-48,11,1,0,1,1,1,0,0,0,1,-96,0,11,2,1220920,0,44,0,384,0,"[0,0,0,0,0,0,0,0,0,0,0,0,-1,-3,-1,-3,-3,-3,-4,-3,-4,-3,-4,-4,-5,-4,-6,-4,-6,-4,-6,-3,-7,-4,-8,-4,-8,-3,-8,-3,-8,-3,-9,-3,-9,-2,-9,-2,-10,-1,-10,-2,-10,-1,-11,-1,-11,-1,-11,0,-12,-1,-12,0,0,0,-13,-1,-12,-1,-13,0,-13,0,-13,-1,-13,-1,-13,-1,-12,-1,-12,-2,-12,-2,-12,-2,-12,-2,-11,-3,-11,-3,-10,-4,-10,-3,-9,-3,-9,-3,-8,-3,-8,-3,-8,-4,-8,-3,-7,-3,-7,-4,-6,-5,-5,-5,0,0,0,0,0,0,0,0,0,0,0,0,0,0,13,-9,11,-5,4,-8,-4,-11,-5,-12,-9,-10,-16,-15,-18,-16,-18,-15,-22,-15,-24,-16,-30,-18,-30,-19,-31,-13,-34,-17,-38,-13,-40,-16,-40,-15,-45,-16,-49,-7,-55,-7,-43,-7,-47,-3,-48,-1,-47,0,-55,1,-57,-1,-59,4,-61,5,-61,5,-66,10,-66,9,-67,6,-70,8,-65,8,-69,4,-67,5,-66,4,-65,5,-65,3,-60,1,-66,-2,-59,-4,-62,-4,-58,-6,-57,-8,-56,-3,-57,-8,-50,-8,-46,-11,-49,-10,-45,-12,-42,-15,-37,-14,-41,-14,-40,-20,-30,-21,0,0,0,0,0,0,0,0,0,0,0,0,0,0,0,0,0,0,0,0,0,0,5,44,1,41,1,43,-6,44,-7,43,-10,39,-11,42,-13,43,-16,44,-17,42,-21,43,-20,44,-21,44,-29,43,-28,40,-27,43,-28,45,-31,40,-29,39,-38,38,-38,38,-36,42,-37,42,-37,41,-36,41,-42,47,-30,37,-40,46,-36,37,-30,51,-37,40,-36,47,-31,44,-25,45,-27,47,-23,47,-23,49,-20,48,-14,51,-17,48,-11,54,-8,50,-13,51,-4,50,-5,53,-8,52,-3,51,3,47,4,47,2,47,5,47,5,46,-1,45,7,39,1,41,6,36,2,30,0,0]"
CSI_DATA,72,1a:00:00:00:00:00,-48,11,1,0,1,1,1,0,0,0,1,-96,0,11,2,1240551,0,44,0,384,0,"[0,0,0,0,0,0,0,0,0,0,0,0,2,-1,2,-1,3,-2,4,-2,4,-3,3,-3,3,-4,3,-5,4,-5,4,-6,4,-6,4,-7,4,-7,4,-8,4,-8,3,-9,3,-9,2,-9,3,-10,3,-10,2,-10,2,-11,1,-11,2,-12,2,-12,1,-12,0,0,1,-13,2,-13,2,-14,1,-13,2,-13,2,-13,2,-13,3,-13,2,-13,3,-12,3,-12,3,-11,3,-11,3,-10,3,-10,4,-10,4,-9,3,-8,3,-8,3,-8,4,-7,3,-7,4,-6,4,-5,4,-5,4,-4,0,0,0,0,0,0,0,0,0,0,0,0,0,0,5,18,9,19,5,10,14,-1,12,-1,16,-1,18,-7,22,-10,20,-13,20,-14,23,-20,22,-20,29,-25,24,-27,22,-34,23,-38,25,-40,22,-41,21,-42,23,-42,24,-50,21,-49,14,-49,12,-52,12,-59,12,-58,12,-64,10,-59,10,-67,9,-67,11,-65,6,-68,14,-66,5,-71,8,-70,11,-74,12,-76,13,-70,17,-70,15,-69,13,-66,19,-68,21,-64,19,-60,15,-57,13,-58,20,-57,19,-51,19,-46,15,-46,20,-43,16,-37,19,-33,21,-31,24,-30,22,-30,26,-19,0,0,0,0,0,0,0,0,0,0,0,0,0,0,0,0,0,0,0,0,0,0,-40,12,-40,8,-38,4,-41,3,-40,-2,-41,-4,-38,-9,-42,-12,-44,-11,-35,-11,-40,-20,-39,-16,-40,-21,-38,-22,-40,-24,-35,-26,-38,-25,-35,-27,-35,-29,-36,-26,-42,-27,-41,-44,-41,-37,-44,-39,-35,-42,-37,-39,-31,-39,-35,-39,-38,-39,-41,-36,-37,-32,-40,-42,-40,-34,-39,-36,-44,-34,-43,-28,-40,-28,-43,-28,-49,-21,-49,-27,-48,-23,-53,-20,-48,-20,-54,-17,-50,-14,-46,-7,-51,-9,-52,-8,-53,-4,-49,-5,-56,-8,-54,-3,-47,-5,-46,-5,-44,-6,-42,-3,-34,1,0,0]"
CSI_DATA,73,1a:00:00:00:00:00,-47,11,1,0,1,1,1,0,0,0,1,-96,0,11,2,1252779,0,44,0,384,0,"[0,0,0,0,0,0,0,0,0,0,0,0,2,-1,2,-3,1,-3,2,-4,2,-4,1,-5,1,-6,1,-6,1,-7,1,-8,0,-8,-1,-9,0,-9,-1,-9,0,-10,-2,-10,-2,-10,-2,-11,-3,-10,-3,-11,-3,-11,-4,-11,-4,-11,-4,-12,-4,-13,-6,-12,0,0,-6,-13,-5,-14,-5,-13,-6,-14,-5,-14,-5,-14,-4,-14,-4,-13,-4,-14,-3,-13,-3,-13,-2,-12,-2,-12,-2,-11,-1,-12,-1,-11,-1,-11,-1,-9,-1,-10,-1,-9,0,-9,0,-8,1,-8,1,-7,2,-7,2,-6,0,0,0,0,0,0,0,0,0,0,0,0,0,0,11,22,17,11,14,5,14,5,13,2,16,-5,16,-11,16,-19,19,-18,17,-20,17,-27,14,-31,18,-34,15,-40,12,-36,10,-43,8,-50,8,-50,12,-52,7,-47,0,-57,6,-50,-2,-58,-2,-59,-1,-59,-1,-69,-5,-66,-6,-70,-6,-73,-12,-72,-13,-70,-10,-74,-11,-72,-10,-78,-12,-75,-8,-77,-6,-79,-6,-72,1,-77,-2,-73,-1,-73,1,-69,7,-68,3,-66,8,-66,5,-59,12,-56,9,-57,11,-52,8,-46,13,-43,12,-45,12,-42,16,-34,19,-37,19,-31,24,-27,0,0,0,0,0,0,0,0,0,0,0,0,0,0,0,0,0,0,0,0,0,0,-2,37,-7,34,-11,36,-12,33,-13,28,-15,29,-18,25,-22,24,-27,26,-27,23,-28,16,-28,13,-30,16,-35,12,-39,11,-39,7,-41,12,-35,5,-40,9,-44,4,-49,2,-52,2,-46,4,-51,0,-50,-6,-53,-6,-48,-4,-47,-5,-50,-7,-54,-6,-52,0,-58,-4,-53,-2,-55,-2,-57,-4,-58,4,-49,5,-56,1,-56,4,-54,13,-60,11,-58,17,-53,12,-55,15,-55,16,-48,19,-53,22,-53,20,-48,18,-56,22,-55,24,-50,23,-50,28,-45,21,-45,19,-41,20,-42,15,0,0]"
CSI_DATA,74,1a:00:00:00:00:00,-46,11,1,0,1,1,1,0,0,0,1,-96,0,11,2,1270628,0,44,0,384,0,"[0,0,0,0,0,0,0,0,0,0,0,0,0,-5,-1,-4,-2,-4,-3,-4,-4,-3,-4,-3,-5,-3,-5,-2,-6,-2,-6,-2,-7,-2,-8,-2,-8,0,-8,-1,-9,0,-9,0,-9,0,-8,0,-10,1,-10,2,-10,2,-11,3,-11,2,-12,3,-12,3,-12,3,0,0,-12,3,-13,3,-14,3,-13,4,-13,2,-14,2,-13,2,-13,2,-13,2,-12,1,-13,1,-12,0,-11,0,-11,0,-11,-1,-10,-1,-9,-1,-9,-1,-9,-1,-8,-1,-8,-2,-8,-2,-7,-2,-7,-3,-6,-3,-5,-3,0,0,0,0,0,0,0,0,0,0,0,0,0,0,27,-28,23,-22,15,-30,9,-21,4,-20,0,-21,-5,-21,-8,-21,-13,-18,-19,-17,-27,-15,-22,-13,-33,-14,-30,-13,-37,-15,-38,-13,-41,-9,-41,-7,-43,-8,-50,-7,-53,2,-52,-3,-49,5,-60,6,-54,6,-63,5,-65,7,-63,10,-65,9,-67,11,-71,14,-72,12,-71,11,-74,17,-74,11,-76,10,-71,7,-74,10,-74,3,-68,4,-73,-1,-71,3,-68,-3,-63,-3,-60,-1,-62,-5,-56,-9,-51,-5,-46,-10,-50,-8,-44,-13,-42,-14,-39,-10,-36,-16,-37,-17,-28,-22,-27,-20,0,0,0,0,0,0,0,0,0,0,0,0,0,0,0,0,0,0,0,0,0,0,13,-24,18,-21,17,-19,17,-11,21,-13,20,-8,18,-6,20,1,22,0,19,4,19,6,19,14,20,13,20,17,18,11,16,21,16,19,15,25,19,26,12,26,9,29,18,31,12,41,12,35,15,44,15,43,7,48,12,47,12,45,17,47,15,48,17,51,20,48,13,53,19,56,18,50,22,50,20,54,19,51,33,55,25,52,31,55,35,53,36,52,34,52,45,53,38,52,38,51,40,50,39,51,41,50,41,51,44,51,39,45,39,42,37,41,37,42,0,0]"
CSI_DATA,75,1a:00:00:00:00:00,-46,11,1,0,1,1,1,0,0,0,1,-96,0,11,2,1280615,0,44,0,384,0,"[0,0,0,0,0,0,0,0,0,0,0,0,1,5,2,4,3,3,4,3,4,2,4,1,4,0,5,0,5,-1,6,-2,6,-2,6,-3,6,-3,6,-3,7,-3,7,-5,6,-5,7,-5,7,-6,7,-7,8,-6,7,-8,8,-8,8,-9,9,-9,8,-10,0,0,9,-10,10,-10,10,-10,10,-11,10,-10,11,-9,11,-10,10,-8,10,-8,11,-8,11,-7,10,-6,10,-6,9,-6,9,-5,9,-5,9,-4,8,-4,8,-3,7,-3,7,-3,7,-2,7,-1,6,-1,6,0,5,0,0,0,0,0,0,0,0,0,0,0,0,0,0,0,8,41,11,42,11,35,14,32,14,26,15,20,18,19,24,9,23,5,27,4,26,2,29,-3,32,-1,31,-13,30,-8,32,-20,34,-25,32,-20,34,-25,38,-29,35,-32,36,-28,37,-41,32,-41,34,-43,36,-46,39,-48,32,-55,37,-56,36,-60,34,-58,38,-61,43,-59,41,-61,38,-60,47,-60,52,-60,49,-59,49,-55,51,-53,48,-52,49,-48,54,-45,45,-46,45,-39,47,-43,46,-32,47,-36,41,-27,41,-26,41,-24,38,-21,39,-17,36,-17,34,-11,32,-9,33,-3,0,0,0,0,0,0,0,0,0,0,0,0,0,0,0,0,0,0,0,0,0,0,16,15,11,17,12,15,7,18,5,18,0,17,-3,15,-4,16,-10,15,-10,14,-14,14,-14,10,-20,11,-22,12,-24,7,-26,2,-25,3,-29,-4,-35,0,-37,-2,-36,0,-40,-8,-40,-7,-43,-7,-45,-10,-47,-13,-45,-10,-47,-13,-51,-14,-57,-14,-51,-10,-62,-12,-56,-15,-57,-15,-62,-11,-53,-8,-66,-12,-62,-9,-62,-9,-67,-3,-64,-4,-66,-7,-67,-6,-69,2,-70,3,-69,1,-73,2,-75,9,-70,3,-74,8,-74,9,-68,7,-67,2,-64,6,-70,0,-68,8,-62,7,0,0]"
CSI_DATA,76,1a:00:00:00:00:00,-46,11,1,0,1,1,1,0,0,0,1,-96,0,11,2,1290532,0,44,0,384,0,"[0,0,0,0,0,0,0,0,0,0,0,0,-2,6,-1,6,0,5,1,5,1,5,2,4,2,3,3,3,3,3,5,2,5,3,6,3,6,2,6,2,7,2,7,1,8,1,8,1,8,0,9,0,9,0,9,-1,9,-1,11,-1,11,-1,11,-1,0,0,12,-2,13,-1,13,-1,12,-1,13,-1,13,-1,13,0,12,0,12,0,12,1,12,2,11,2,10,3,10,2,9,2,10,2,9,3,8,3,8,2,7,2,7,3,6,3,5,3,4,4,4,4,3,4,0,0,0,0,0,0,0,0,0,0,0,0,0,0,-21,48,-15,39,-11,41,-11,38,-10,33,-3,35,0,27,8,31,12,22,18,27,18,21,19,16,24,15,27,14,32,13,33,10,35,10,39,8,38,6,42,4,46,0,48,-1,47,-8,49,-6,48,-7,53,-6,52,-10,59,-11,57,-18,62,-13,65,-10,71,-17,65,-11,73,-14,67,-10,75,-9,73,-5,75,-7,73,-3,71,-3,66,3,72,3,64,0,63,6,62,5,57,6,55,12,53,6,47,8,44,14,45,12,39,14,35,17,36,17,36,18,26,19,20,22,0,0,0,0,0,0,0,0,0,0,0,0,0,0,0,0,0,0,0,0,0,0,14,19,10,21,10,21,4,26,1,20,-1,18,-3,16,-7,18,-8,18,-9,12,-15,12,-18,11,-21,11,-21,9,-21,4,-22,-4,-29,-2,-28,-5,-27,-7,-26,-10,-30,-12,-31,-15,-35,-17,-32,-16,-38,-24,-38,-25,-32,-29,-37,-25,-38,-29,-48,-30,-39,-31,-46,-33,-45,-35,-44,-29,-46,-35,-46,-33,-45,-31,-51,-33,-53,-30,-62,-28,-56,-32,-58,-35,-63,-35,-60,-31,-65,-34,-70,-36,-66,-30,-66,-33,-67,-31,-69,-28,-68,-33,-68,-30,-69,-33,-64,-28,-66,-31,-67,-26,-59,-27,0,0]"
CSI_DATA,77,1a:00:00:00:00:00,-46,11,1,0,1,1,1,0,0,0,1,-96,0,11,2,1301112,0,44,0,384,0,"[0,0,0,0,0,0,0,0,0,0,0,0,3,7,3,5,4,5,4,4,4,4,4,2,5,1,5,1,5,0,6,0,6,-1,6,-2,6,-2,7,-3,7,-3,7,-4,6,-5,7,-5,7,-5,7,-6,7,-7,7,-8,7,-7,8,-9,8,-9,8,-10,0,0,9,-10,10,-10,10,-10,10,-11,11,-9,11,-10,11,-9,11,-9,11,-9,11,-8,11,-7,11,-6,10,-6,10,-6,10,-5,10,-5,9,-4,8,-4,9,-4,9,-3,8,-2,7,-2,7,-1,7,-1,7,0,5,0,0,0,0,0,0,0,0,0,0,0,0,0,0,0,8,56,13,53,15,43,12,37,14,40,21,29,19,26,24,22,22,17,29,15,28,11,30,2,32,4,37,-7,31,-2,33,-9,38,-12,38,-15,36,-22,37,-20,37,-27,34,-27,38,-31,39,-33,42,-38,38,-41,40,-46,43,-46,47,-45,45,-52,43,-47,47,-54,52,-53,50,-57,47,-59,59,-53,57,-58,53,-51,58,-50,58,-48,62,-45,63,-42,59,-37,55,-36,54,-29,52,-30,51,-24,53,-29,51,-24,46,-18,47,-18,50,-17,41,-14,39,-8,41,-4,38,-1,33,6,0,0,0,0,0,0,0,0,0,0,0,0,0,0,0,0,0,0,0,0,0,0,34,-2,33,5,30,8,29,8,30,12,24,11,25,11,20,15,15,14,12,14,14,15,5,17,5,21,-1,18,-2,15,-6,17,-11,14,-11,14,-17,15,-19,12,-25,13,-28,9,-27,10,-33,9,-33,9,-32,7,-35,5,-37,4,-48,3,-45,5,-46,-1,-53,6,-49,11,-56,4,-52,4,-53,5,-55,3,-59,10,-58,8,-62,9,-60,11,-71,10,-66,12,-67,18,-66,12,-70,17,-67,16,-66,18,-66,19,-74,20,-72,22,-75,20,-78,21,-74,16,-77,15,-71,19,-72,14,0,0]"
CSI_DATA,78,1a:00:00:00:00:00,-46,11,1,0,1,1,1,0,0,0,1,-96,0,11,2,1310530,0,44,0,384,0,"[0,0,0,0,0,0,0,0,0,0,0,0,3,6,3,6,4,4,4,3,4,3,4,2,4,1,4,0,4,0,5,-1,5,-2,5,-3,5,-3,5,-4,5,-4,5,-5,5,-6,5,-6,5,-7,5,-8,5,-8,5,-9,5,-9,5,-11,5,-11,5,-12,0,0,6,-12,6,-13,7,-13,6,-13,7,-13,8,-13,8,-13,8,-12,8,-12,8,-11,8,-11,8,-10,8,-10,8,-9,8,-8,8,-8,7,-8,7,-7,7,-6,7,-6,7,-5,6,-5,6,-4,6,-4,6,-3,6,-2,0,0,0,0,0,0,0,0,0,0,0,0,0,0,18,58,14,50,14,47,15,45,21,39,17,34,19,26,20,24,19,21,24,17,23,10,29,2,28,5,32,-1,29,-2,28,-12,34,-11,30,-20,30,-17,33,-22,33,-30,30,-28,30,-37,31,-38,31,-40,30,-44,33,-46,33,-53,33,-57,31,-61,33,-58,40,-61,37,-60,41,-63,39,-62,48,-64,53,-63,48,-62,53,-58,52,-54,49,-52,52,-56,50,-48,51,-46,51,-41,50,-42,46,-40,49,-34,43,-31,46,-28,44,-23,38,-22,37,-17,39,-19,35,-9,34,-10,34,-4,0,0,0,0,0,0,0,0,0,0,0,0,0,0,0,0,0,0,0,0,0,0,46,-15,44,-11,43,-5,40,-2,38,1,38,2,35,8,29,8,32,6,27,7,25,6,20,8,18,8,12,13,12,12,11,14,6,7,3,11,-3,11,-6,10,-12,10,-17,8,-19,7,-24,8,-26,3,-23,5,-31,4,-32,-2,-37,3,-41,0,-37,0,-47,2,-46,2,-45,-1,-50,-1,-53,4,-53,4,-52,10,-58,9,-63,10,-60,10,-61,12,-64,10,-71,14,-71,13,-67,14,-73,17,-66,18,-71,21,-73,21,-77,19,-75,23,-77,20,-76,17,-75,20,-74,17,-72,15,0,0]"
CSI_DATA,79,1a:00:00:00:00:00,-47,11,1,0,1,1,1,0,0,0,1,-96,0,11,2,1330577,0,44,0,384,0,"[0,0,0,0,0,0,0,0,0,0,0,0,1,8,0,7,1,6,1,6,2,5,1,4,2,3,2,2,3,2,2,0,3,0,3,-1,3,-1,3,-2,4,-3,3,-3,3,-4,3,-4,3,-5,3,-6,4,-6,4,-7,3,-8,3,-9,3,-9,3,-10,0,0,3,-11,4,-11,4,-12,5,-12,5,-12,6,-12,6,-11,6,-11,6,-11,6,-11,6,-11,6,-10,6,-9,6,-9,6,-8,6,-8,6,-8,6,-7,6,-6,5,-6,5,-5,5,-5,4,-4,4,-4,4,-3,4,-3,0,0,0,0,0,0,0,0,0,0,0,0,0,0,-7,65,-13,64,-3,55,-11,53,-6,54,-5,43,1,34,10,35,5,28,3,24,10,22,8,18,16,16,17,10,16,13,19,4,21,0,24,-8,22,-11,22,-11,26,-15,24,-16,23,-26,28,-27,32,-25,31,-35,32,-35,27,-43,32,-43,32,-51,32,-49,36,-58,37,-51,41,-55,42,-62,45,-55,42,-54,48,-61,50,-56,48,-57,44,-47,46,-51,49,-47,48,-41,48,-42,42,-36,44,-37,43,-35,39,-28,37,-29,38,-28,34,-21,34,-21,34,-16,33,-13,28,-16,29,-10,0,0,0,0,0,0,0,0,0,0,0,0,0,0,0,0,0,0,0,0,0,0,64,-19,67,-10,65,-11,65,-6,60,-3,59,2,56,4,53,5,53,6,50,8,44,11,40,5,40,7,37,12,38,8,28,9,27,6,21,8,13,10,6,5,8,3,1,5,-2,5,-9,4,-9,-3,-15,-2,-16,-6,-19,-7,-23,-5,-29,-10,-32,-4,-36,-10,-43,-14,-43,-10,-49,-10,-47,-17,-52,-13,-56,-13,-58,-10,-61,-7,-65,-12,-70,-11,-65,-8,-73,-10,-71,-9,-79,-6,-80,-12,-80,-7,-83,-8,-83,-9,-85,-7,-89,-6,-91,-10,-86,-9,-88,-6,-86,-8,-82,-10,0,0]"
CSI_DATA,80,1a:00:00:00:00:00,-48,11,1,0,1,1,1,0,0,0,1,-96,0,11,2,1340673,0,44,0,384,0,"[0,0,0,0,0,0,0,0,0,0,0,0,7,5,6,4,6,3,6,3,5,2,4,1,4,0,4,0,3,-1,3,-1,2,-2,2,-3,2,-3,1,-3,1,-4,0,-4,-1,-5,-1,-6,-1,-6,-2,-6,-2,-6,-3,-7,-3,-7,-4,-8,-5,-8,-5,-9,0,0,-6,-10,-5,-11,-6,-11,-6,-11,-6,-12,-6,-12,-6,-12,-5,-12,-5,-12,-4,-12,-4,-12,-3,-12,-3,-11,-3,-11,-3,-10,-3,-10,-2,-9,-2,-9,-2,-9,-2,-8,-1,-8,-1,-8,-1,-7,0,-7,0,-6,0,-5,0,0,0,0,0,0,0,0,0,0,0,0,0,0,49,44,48,40,52,35,40,34,40,26,34,26,35,22,36,15,31,16,27,9,23,3,24,1,16,-6,18,-7,13,-9,13,-9,7,-15,8,-19,11,-17,1,-21,-2,-26,-2,-26,-8,-29,-9,-30,-14,-34,-15,-39,-15,-41,-21,-39,-23,-46,-29,-46,-27,-48,-30,-55,-29,-52,-32,-61,-26,-58,-30,-63,-32,-63,-25,-65,-24,-67,-22,-60,-16,-58,-19,-63,-20,-62,-18,-61,-14,-58,-14,-57,-8,-52,-6,-54,-10,-51,-7,-46,-6,-44,-6,-42,-4,-41,0,-37,0,-34,1,-32,4,-34,0,0,0,0,0,0,0,0,0,0,0,0,0,0,0,0,0,0,0,0,0,0,16,-76,26,-69,30,-64,33,-71,38,-62,40,-57,35,-54,40,-52,42,-53,39,-46,39,-44,36,-39,36,-40,38,-34,36,-28,28,-25,34,-21,29,-15,27,-16,24,-14,21,-8,18,-2,16,-9,12,0,9,2,5,2,-2,11,-5,13,-10,11,-8,18,-13,18,-18,20,-20,18,-21,26,-27,29,-26,32,-25,32,-27,34,-29,35,-31,45,-39,46,-33,48,-39,49,-36,49,-37,55,-33,61,-37,63,-40,64,-41,62,-44,69,-45,71,-43,72,-52,65,-46,64,-52,70,-51,70,-48,67,0,0]"
CSI_DATA,81,1a:00:00:00:00:00,-48,11,1,0,1,1,1,0,0,0,1,-96,0,11,2,1351363,0,44,0,384,0,"[0,0,0,0,0,0,0,0,0,0,0,0,-10,3,-9,3,-8,3,-7,2,-7,2,-6,3,-5,3,-4,3,-4,3,-2,2,-2,3,-1,3,0,4,1,3,1,3,1,3,2,3,3,2,4,2,4,2,5,2,5,2,6,2,7,2,8,2,8,2,0,0,10,2,10,2,11,2,11,2,11,3,11,4,11,4,11,4,11,3,11,4,11,4,10,5,9,5,9,5,9,5,9,5,8,5,8,5,8,4,7,4,6,4,5,5,5,4,4,5,4,5,3,4,0,0,0,0,0,0,0,0,0,0,0,0,0,0,-68,11,-61,5,-64,15,-53,1,-50,20,-47,11,-43,7,-39,15,-37,12,-31,17,-23,14,-22,15,-17,17,-16,17,-5,20,-6,20,-1,21,2,21,3,18,10,16,18,17,13,11,16,16,21,20,21,14,35,15,33,17,40,11,42,17,47,8,45,12,53,15,49,16,58,14,58,9,61,21,65,23,59,21,59,28,55,28,57,28,56,29,56,34,57,30,51,33,50,31,47,27,45,30,42,28,41,31,33,31,35,26,28,28,27,31,27,26,24,26,19,26,0,0,0,0,0,0,0,0,0,0,0,0,0,0,0,0,0,0,0,0,0,0,54,66,46,73,41,70,39,78,34,77,23,77,18,75,13,73,17,76,15,71,10,72,11,67,13,71,10,71,2,63,2,57,5,57,0,48,2,42,-5,47,-5,46,-7,38,-8,28,0,28,-2,23,-3,15,-3,12,-2,10,-1,5,-4,4,-2,-3,-3,-9,-4,-12,-2,-15,-1,-17,1,-26,-3,-27,-6,-26,-7,-32,-10,-36,-11,-42,-13,-41,-13,-49,-16,-47,-13,-49,-25,-54,-20,-56,-24,-60,-18,-66,-24,-65,-22,-70,-30,-68,-18,-75,-17,-73,-21,-78,-25,-80,-13,-77,0,0]"
CSI_DATA,82,1a:00:00:00:00:00,-50,11,1,0,1,1,1,0,0,0,1,-96,0,11,2,1382197,0,44,0,384,0,"[0,0,0,0,0,0,0,0,0,0,0,0,-3,-2,-3,-1,-2,-1,-2,-1,-2,-1,-1,-1,-1,-1,-1,-1,0,-1,0,-1,1,-1,1,-1,2,-1,2,-2,2,-2,3,-2,3,-2,3,-2,3,-3,4,-4,4,-4,4,-4,4,-4,5,-5,5,-6,5,-6,0,0,5,-7,6,-7,6,-8,6,-8,6,-8,7,-9,7,-9,7,-8,6,-9,6,-8,7,-8,7,-8,7,-7,7,-8,6,-7,6,-7,6,-7,5,-7,5,-6,4,-6,5,-6,5,-5,5,-5,5,-4,4,-4,4,-3,0,0,0,0,0,0,0,0,0,0,0,0,0,0,-9,11,-8,10,-5,9,-6,9,-8,8,-4,5,-3,4,-4,4,-5,3,-1,1,-2,1,-1,1,2,-3,0,-2,1,-4,2,-4,0,-6,0,-6,2,-8,2,-10,0,-12,-1,-10,-2,-11,-1,-14,-3,-15,-3,-16,-5,-17,-4,-17,-4,-18,-8,-20,-6,-20,-7,-23,-6,-22,-9,-27,-11,-25,-5,-24,-9,-26,-8,-27,-7,-25,-8,-26,-9,-26,-8,-25,-5,-24,-5,-26,-5,-23,-7,-22,-7,-21,-5,-23,-8,-21,-6,-20,-4,-20,-3,-18,-1,-18,-2,-17,-1,-16,-2,-17,1,-14,0,0,0,0,0,0,0,0,0,0,0,0,0,0,0,0,0,0,0,0,0,0,12,43,9,43,6,44,3,45,3,47,0,45,5,45,1,45,0,48,-1,45,-3,43,-1,47,0,45,-2,46,-2,41,-2,43,1,43,-3,40,1,41,-1,39,-3,36,0,37,1,32,0,33,0,31,1,29,0,27,1,23,2,24,3,22,1,19,3,20,2,17,3,14,4,14,4,11,3,10,3,10,1,10,0,8,1,8,-1,4,-2,3,-1,3,-1,-1,-8,1,-8,0,-5,-1,-7,-1,-7,-3,-9,-4,-9,-4,-9,-5,-13,-6,-13,-8,-11,-4,-12,-8,0,0]"
CSI_DATA,83,1a:00:00:00:00:00,-51,11,1,0,1,1,1,0,0,0,1,-96,0,11,2,1390613,0,44,0,384,0,"[0,0,0,0,0,0,0,0,0,0,0,0,-1,-1,-1,0,-2,-1,-2,0,-3,-1,-3,0,-3,-1,-4,0,-4,0,-4,-1,-5,0,-5,1,-6,0,-6,1,-6,1,-6,2,-7,1,-6,2,-7,3,-7,3,-8,3,-8,3,-8,4,-8,5,-8,6,-8,5,0,0,-9,6,-10,6,-10,6,-10,7,-10,5,-11,6,-11,6,-11,6,-9,6,-9,6,-10,5,-10,5,-9,4,-9,4,-9,4,-8,4,-8,4,-8,3,-8,3,-7,3,-7,2,-7,1,-6,1,-5,1,-5,1,-5,0,0,0,0,0,0,0,0,0,0,0,0,0,0,0,7,-5,3,-3,6,-4,5,-1,2,1,-1,-1,-11,2,-5,0,-14,-3,-7,-3,-17,-3,-11,-2,-23,-2,-15,-7,-24,2,-26,3,-25,2,-26,0,-24,9,-32,5,-34,10,-32,17,-31,19,-36,12,-37,15,-43,13,-38,22,-43,25,-40,23,-52,26,-46,27,-46,31,-47,28,-49,30,-54,30,-59,28,-56,35,-52,35,-58,31,-53,27,-53,29,-53,29,-47,27,-49,31,-46,23,-43,21,-40,14,-44,13,-39,18,-36,17,-35,22,-34,18,-33,12,-27,10,-31,12,-28,6,-26,5,0,0,0,0,0,0,0,0,0,0,0,0,0,0,0,0,0,0,0,0,0,0,74,-30,80,-22,81,-12,82,-14,87,-12,83,-6,83,-7,84,-2,89,0,78,-4,81,0,80,-6,84,-8,83,-3,79,4,79,4,77,1,73,10,72,-3,72,5,70,2,76,6,63,8,70,0,63,0,61,-8,56,2,48,-1,48,-1,49,5,41,2,45,1,35,1,33,1,32,3,30,-2,30,-1,28,-2,24,3,36,5,26,10,21,4,26,7,24,9,20,11,18,1,18,10,12,14,20,12,20,17,12,21,19,14,10,17,9,20,10,20,9,15,9,12,0,0]"
CSI_DATA,84,1a:00:00:00:00:00,-49,11,1,0,1,1,1,0,0,0,1,-96,0,11,2,1400844,0,44,0,384,0,"[0,0,0,0,0,0,0,0,0,0,0,0,-2,4,-2,4,-1,5,-1,5,0,5,0,5,1,6,1,6,2,6,3,6,3,7,4,6,4,6,5,6,5,7,6,7,6,6,6,6,7,6,8,6,8,6,9,6,9,6,10,6,11,7,11,6,0,0,12,7,12,7,12,7,12,7,12,8,12,8,12,8,11,8,11,8,10,9,9,9,9,9,8,8,8,8,7,8,6,8,6,7,5,7,5,7,4,6,4,6,3,6,3,6,2,5,1,5,0,4,0,0,0,0,0,0,0,0,0,0,0,0,0,0,9,30,6,23,19,30,17,18,19,23,24,22,25,15,30,5,24,14,29,8,40,-1,39,6,36,-1,37,-4,41,2,45,-9,49,-9,45,-15,47,-8,46,-16,50,-21,49,-12,47,-26,40,-23,51,-24,54,-36,53,-36,46,-39,61,-37,59,-38,57,-38,59,-42,62,-41,66,-45,55,-40,69,-42,69,-39,68,-39,69,-29,64,-36,61,-31,61,-22,63,-26,57,-22,61,-21,50,-20,52,-20,54,-14,47,-6,40,-9,40,-8,36,-4,36,-3,28,1,29,8,28,6,22,7,0,0,0,0,0,0,0,0,0,0,0,0,0,0,0,0,0,0,0,0,0,0,51,39,42,43,37,47,37,49,30,53,30,51,23,49,16,49,14,54,18,57,10,52,4,54,11,54,4,48,0,53,-6,50,-4,47,-7,46,-6,44,-9,41,-9,44,-13,40,-19,34,-22,35,-24,32,-21,30,-28,22,-24,24,-26,17,-28,21,-26,12,-29,18,-28,20,-28,19,-36,10,-29,15,-32,11,-28,18,-39,16,-38,16,-34,15,-45,18,-41,14,-42,14,-45,14,-49,25,-43,12,-46,6,-43,15,-52,10,-46,8,-48,18,-49,8,-48,7,-49,5,-51,1,-43,8,0,0]"
CSI_DATA,85,1a:00:00:00:00:00,-47,11,1,0,1,1,1,0,0,0,1,-96,0,11,2,1410764,0,44,0,384,0,"[0,0,0,0,0,0,0,0,0,0,0,0,-8,3,-8,4,-7,4,-8,4,-7,5,-7,6,-6,6,-6,7,-6,7,-5,7,-5,8,-4,9,-4,9,-4,10,-4,10,-3,11,-3,11,-2,10,-2,11,-2,11,-2,12,-1,12,-1,12,0,13,0,14,0,14,0,0,0,15,-1,15,-1,16,-1,15,-1,15,-2,15,-2,15,-3,15,-3,15,-4,14,-4,14,-4,13,-4,12,-5,11,-5,10,-5,10,-5,9,-5,9,-5,8,-5,7,-6,7,-5,6,-5,5,-5,5,-6,4,-5,3,0,0,0,0,0,0,0,0,0,0,0,0,0,0,-8,24,-9,22,-4,25,-6,23,-1,25,-1,22,0,19,3,21,4,21,6,21,8,20,11,21,12,21,13,20,15,19,17,18,18,21,19,19,18,19,21,20,24,19,22,19,22,17,24,15,23,17,27,18,29,16,29,17,29,18,32,18,32,17,35,19,33,18,34,16,34,17,33,23,31,22,32,20,30,23,27,23,26,24,27,25,24,26,23,25,21,23,18,21,17,24,16,21,12,21,11,17,11,19,8,19,8,18,5,17,6,16,2,14,-1,10,0,0,0,0,0,0,0,0,0,0,0,0,0,0,0,0,0,0,0,0,0,0,19,8,13,10,13,12,10,12,13,13,9,12,8,13,5,15,4,15,1,15,0,15,-1,13,-1,13,-3,12,-6,9,-7,7,-8,6,-7,5,-7,6,-8,4,-10,5,-10,2,-13,-4,-11,-2,-13,-4,-14,-5,-14,-8,-15,-7,-15,-6,-16,-9,-16,-9,-15,-13,-16,-12,-17,-9,-15,-11,-16,-10,-16,-15,-18,-13,-19,-11,-25,-11,-22,-13,-21,-10,-23,-11,-24,-12,-27,-13,-22,-12,-27,-14,-29,-12,-28,-13,-31,-14,-30,-14,-29,-14,-32,-15,-28,-17,-30,-16,-29,-13,-30,-13,0,0]"
CSI_DATA,86,1a:00:00:00:00:00,-45,11,1,0,1,1,1,0,0,0,1,-96,0,11,2,1421133,0,44,0,384,0,"[0,0,0,0,0,0,0,0,0,0,0,0,-2,9,-2,9,-1,9,0,9,0,8,0,8,1,8,2,8,2,8,3,8,3,8,4,8,4,8,5,8,5,8,6,8,6,7,6,7,7,7,8,7,7,7,8,8,8,7,9,7,9,7,10,7,0,0,11,7,10,8,10,8,10,8,10,9,10,9,10,9,9,9,9,9,8,10,7,10,6,10,5,9,5,9,5,9,4,8,4,9,3,8,3,8,2,7,2,7,1,6,0,7,0,6,0,5,-1,5,0,0,0,0,0,0,0,0,0,0,0,0,0,0,-20,61,-13,58,-3,54,-6,57,4,54,3,53,6,51,6,51,15,47,18,45,18,44,18,45,25,44,26,43,26,46,38,40,40,40,35,41,39,39,47,40,49,35,51,33,48,27,49,34,51,28,58,31,59,30,63,34,61,29,65,27,64,30,72,32,68,38,68,32,68,33,70,39,73,45,67,42,64,42,57,45,58,48,57,47,52,47,49,48,41,43,45,44,38,50,36,42,30,41,29,39,27,36,22,37,19,35,15,38,13,30,13,32,5,33,0,0,0,0,0,0,0,0,0,0,0,0,0,0,0,0,0,0,0,0,0,0,32,-11,25,-7,30,-8,31,-2,25,1,20,11,19,5,18,4,21,9,20,7,8,3,9,9,3,1,5,7,-1,6,-7,10,-5,-2,-9,-3,-3,-3,-5,-5,-11,-3,-18,-4,-14,-9,-25,-14,-22,-10,-30,-16,-29,-16,-28,-17,-28,-19,-27,-22,-29,-23,-36,-20,-34,-23,-34,-25,-37,-25,-40,-26,-40,-21,-46,-19,-43,-22,-50,-23,-48,-21,-57,-23,-57,-23,-58,-17,-58,-16,-65,-21,-62,-18,-64,-18,-66,-17,-69,-20,-67,-18,-74,-16,-69,-21,-66,-20,-72,-16,-73,-15,-72,-21,0,0]"
CSI_DATA,87,1a:00:00:00:00:00,-44,11,1,0,1,1,1,0,0,0,1,-96,0,11,2,1440559,0,44,0,384,0,"[0,0,0,0,0,0,0,0,0,0,0,0,-2,-11,-2,-11,-3,-11,-3,-11,-4,-11,-3,-10,-4,-9,-5,-9,-5,-9,-6,-8,-6,-9,-7,-8,-7,-8,-7,-8,-7,-7,-8,-8,-8,-7,-8,-7,-9,-7,-9,-6,-9,-6,-10,-6,-10,-6,-10,-6,-11,-6,-11,-6,0,0,-11,-6,-12,-7,-12,-7,-11,-7,-11,-7,-11,-8,-11,-8,-11,-9,-10,-9,-9,-9,-9,-9,-8,-9,-8,-9,-7,-9,-6,-9,-6,-8,-5,-9,-5,-8,-4,-8,-4,-7,-3,-7,-3,-7,-2,-7,-2,-7,-1,-6,0,-5,0,0,0,0,0,0,0,0,0,0,0,0,0,0,18,-66,22,-64,12,-62,9,-62,6,-62,9,-59,1,-56,2,-55,-1,-57,-3,-51,-6,-58,-8,-49,-11,-52,-15,-51,-14,-53,-24,-49,-30,-53,-24,-49,-26,-44,-25,-47,-28,-48,-29,-46,-37,-38,-34,-46,-39,-47,-39,-43,-40,-47,-46,-43,-45,-47,-49,-42,-45,-47,-51,-49,-45,-51,-46,-50,-51,-51,-48,-53,-45,-59,-44,-56,-42,-59,-41,-59,-37,-58,-33,-61,-27,-62,-30,-56,-25,-54,-24,-53,-18,-50,-16,-49,-13,-46,-10,-46,-7,-45,-6,-43,-3,-42,-2,-36,2,-32,7,-33,6,-29,0,0,0,0,0,0,0,0,0,0,0,0,0,0,0,0,0,0,0,0,0,0,-8,26,-9,28,-11,22,-13,25,-14,22,-15,21,-11,17,-14,16,-11,18,-9,11,-10,14,-4,12,-7,14,1,15,-2,9,4,14,7,12,6,12,7,11,13,16,12,15,12,17,20,15,22,15,24,18,27,16,25,26,29,24,28,23,32,20,34,25,34,24,37,24,39,24,40,26,43,27,38,25,42,25,43,22,50,19,53,20,53,20,52,22,59,16,56,16,64,21,61,19,62,13,67,13,66,19,70,19,71,14,72,19,75,20,77,17,70,17,72,18,0,0]"
CSI_DATA,88,1a:00:00:00:00:00,-43,11,1,0,1,1,1,0,0,0,1,-96,0,11,2,1450671,0,44,0,384,0,"[0,0,0,0,0,0,0,0,0,0,0,0,-9,-8,-9,-8,-9,-7,-9,-7,-10,-7,-8,-6,-9,-5,-9,-4,-9,-4,-9,-4,-10,-4,-10,-3,-10,-3,-10,-3,-10,-2,-11,-2,-10,-1,-10,-1,-10,-1,-11,0,-11,0,-11,1,-11,0,-12,1,-12,0,-12,1,0,0,-12,1,-13,0,-13,0,-14,0,-13,0,-13,-1,-13,-1,-13,-1,-13,-1,-12,-3,-12,-3,-11,-4,-11,-4,-10,-4,-10,-4,-9,-4,-9,-5,-8,-4,-7,-5,-7,-4,-7,-5,-6,-5,-6,-5,-5,-5,-4,-5,-3,-5,0,0,0,0,0,0,0,0,0,0,0,0,0,0,-51,-56,-49,-46,-51,-45,-48,-39,-47,-36,-43,-39,-42,-33,-52,-32,-47,-29,-46,-30,-47,-22,-46,-16,-52,-20,-50,-18,-51,-15,-52,-5,-56,-7,-53,-6,-51,-5,-51,1,-56,3,-51,3,-56,10,-60,13,-53,12,-58,12,-57,14,-59,16,-64,18,-66,15,-59,11,-66,19,-65,13,-72,19,-65,16,-73,11,-71,14,-70,12,-72,7,-69,0,-66,-2,-64,-1,-64,-1,-63,-5,-61,-6,-56,-8,-56,-15,-54,-10,-47,-10,-46,-11,-43,-11,-38,-17,-35,-14,-33,-18,-30,-18,-28,-19,-22,-19,0,0,0,0,0,0,0,0,0,0,0,0,0,0,0,0,0,0,0,0,0,0,22,22,21,22,20,21,18,23,18,16,14,20,12,20,13,19,14,17,12,9,15,13,17,10,15,9,15,6,15,5,15,2,21,-2,17,3,19,-1,24,-2,25,-9,26,-9,28,-7,31,-12,31,-11,33,-13,37,-10,38,-13,38,-10,42,-21,35,-15,44,-19,41,-15,45,-20,46,-21,45,-21,42,-22,42,-23,46,-29,49,-31,43,-33,42,-31,49,-34,46,-42,41,-39,47,-48,48,-43,44,-47,44,-50,48,-53,51,-50,51,-58,57,-52,47,-51,52,-55,50,-60,52,-54,0,0]"
CSI_DATA,89,1a:00:00:00:00:00,-44,11,1,0,1,1,1,0,0,0,1,-96,0,11,2,1461520,0,44,0,384,0,"[0,0,0,0,0,0,0,0,0,0,0,0,-7,-11,-7,-11,-7,-10,-8,-10,-7,-9,-7,-9,-8,-8,-8,-8,-8,-7,-8,-6,-8,-7,-9,-6,-9,-6,-9,-5,-9,-5,-10,-4,-10,-5,-10,-4,-10,-3,-11,-3,-11,-3,-11,-3,-11,-3,-12,-3,-12,-3,-12,-3,0,0,-13,-3,-13,-3,-14,-3,-13,-3,-14,-4,-13,-4,-13,-4,-12,-5,-12,-5,-11,-6,-11,-6,-10,-7,-9,-6,-9,-6,-8,-6,-8,-7,-7,-6,-7,-6,-6,-6,-6,-6,-5,-6,-5,-6,-4,-6,-3,-6,-3,-6,-2,-5,0,0,0,0,0,0,0,0,0,0,0,0,0,0,-23,-78,-15,-69,-23,-65,-16,-64,-24,-64,-22,-62,-24,-57,-27,-54,-27,-49,-30,-49,-26,-47,-28,-43,-32,-46,-32,-39,-35,-37,-39,-38,-46,-35,-45,-33,-42,-33,-43,-36,-49,-30,-45,-30,-50,-25,-50,-22,-51,-25,-53,-22,-53,-22,-54,-20,-57,-28,-62,-21,-62,-23,-66,-23,-64,-24,-67,-26,-64,-21,-60,-34,-60,-29,-63,-31,-59,-36,-57,-36,-51,-35,-50,-38,-50,-40,-50,-43,-43,-41,-39,-46,-36,-40,-33,-37,-28,-37,-24,-39,-23,-40,-22,-37,-19,-33,-15,-35,-11,-31,-5,-29,-2,-25,0,0,0,0,0,0,0,0,0,0,0,0,0,0,0,0,0,0,0,0,0,0,20,24,17,26,13,23,12,29,11,24,8,21,9,21,5,23,9,20,5,16,9,14,12,15,10,11,14,9,18,9,13,6,20,5,22,8,23,3,25,2,29,3,36,3,30,2,36,0,38,3,38,1,39,7,42,3,46,6,45,3,42,8,50,4,47,3,51,2,54,0,47,6,53,1,55,-4,52,-5,58,-5,59,-7,57,-11,61,-10,63,-11,60,-15,60,-12,67,-14,61,-24,63,-19,68,-24,67,-21,72,-21,74,-17,72,-22,73,-22,76,-26,69,-22,0,0]"
CSI_DATA,90,1a:00:00:00:00:00,-44,11,1,0,1,1,1,0,0,0,1,-96,0,11,2,1480584,0,44,0,384,0,"[0,0,0,0,0,0,0,0,0,0,0,0,-13,-4,-12,-3,-12,-3,-12,-2,-11,-2,-11,-2,-11,-1,-10,-1,-10,0,-10,0,-10,0,-10,1,-10,1,-9,2,-9,2,-10,3,-9,3,-9,3,-9,3,-9,4,-9,4,-10,4,-9,4,-10,5,-10,5,-10,5,0,0,-10,6,-11,5,-11,6,-11,5,-11,4,-12,4,-11,5,-11,4,-12,3,-12,3,-11,2,-11,1,-10,1,-10,1,-10,0,-9,0,-9,-1,-9,-1,-8,-1,-7,-1,-7,-2,-7,-2,-6,-3,-6,-3,-5,-3,-4,-3,0,0,0,0,0,0,0,0,0,0,0,0,0,0,-68,-37,-70,-34,-70,-30,-61,-26,-60,-27,-54,-25,-58,-24,-61,-23,-56,-21,-55,-14,-55,-14,-51,-12,-54,-4,-55,-7,-57,-6,-54,3,-55,8,-52,6,-49,3,-52,9,-50,13,-50,10,-51,18,-52,16,-50,16,-56,19,-51,20,-61,21,-59,23,-56,30,-56,24,-61,25,-60,22,-63,20,-58,23,-66,16,-66,13,-62,21,-63,12,-61,8,-62,9,-64,3,-59,1,-56,-3,-55,-1,-51,-2,-50,-7,-46,-9,-41,-8,-43,-12,-38,-12,-37,-14,-34,-13,-29,-17,-31,-16,-23,-19,-20,-18,0,0,0,0,0,0,0,0,0,0,0,0,0,0,0,0,0,0,0,0,0,0,24,-6,23,-1,23,-1,23,0,21,1,22,3,20,0,17,-1,19,2,15,-4,15,-4,10,-6,13,-7,13,-10,14,-14,9,-12,12,-16,14,-17,18,-21,13,-21,18,-30,19,-29,22,-27,25,-34,28,-35,22,-37,25,-31,25,-34,33,-36,27,-42,28,-35,35,-38,31,-42,29,-43,33,-44,30,-45,28,-42,29,-50,29,-51,26,-53,31,-53,29,-56,30,-53,28,-58,23,-55,32,-57,27,-61,24,-66,25,-66,29,-73,29,-71,25,-70,32,-72,32,-67,34,-75,28,-75,30,-78,0,0]"
CSI_DATA,91,1a:00:00:00:00:00,-44,11,1,0,1,1,1,0,0,0,1,-96,0,11,2,1490533,0,44,0,384,0,"[0,0,0,0,0,0,0,0,0,0,0,0,-1,-13,-1,-12,-2,-12,-2,-12,-2,-11,-2,-11,-3,-10,-3,-10,-3,-10,-4,-9,-4,-9,-5,-9,-5,-8,-6,-8,-5,-8,-6,-8,-7,-7,-6,-8,-7,-7,-8,-7,-8,-7,-8,-7,-8,-7,-9,-7,-9,-7,-9,-7,0,0,-10,-7,-10,-8,-10,-8,-10,-8,-9,-9,-9,-9,-9,-9,-9,-9,-8,-9,-7,-9,-7,-9,-6,-9,-5,-9,-5,-9,-4,-9,-4,-9,-4,-8,-3,-8,-3,-7,-2,-7,-2,-7,-1,-7,-1,-6,-1,-6,0,-6,0,-5,0,0,0,0,0,0,0,0,0,0,0,0,0,0,7,-72,7,-63,-4,-76,2,-71,3,-69,2,-69,-7,-62,-7,-62,-5,-56,-9,-63,-8,-55,-12,-59,-18,-56,-16,-47,-22,-49,-23,-45,-23,-51,-25,-40,-28,-40,-27,-43,-38,-44,-31,-40,-39,-38,-37,-35,-38,-34,-43,-44,-40,-39,-48,-39,-46,-40,-49,-40,-49,-42,-55,-44,-48,-42,-51,-49,-49,-46,-47,-47,-46,-47,-46,-54,-43,-55,-42,-51,-37,-51,-35,-53,-34,-51,-27,-52,-25,-51,-22,-50,-15,-50,-15,-45,-12,-47,-14,-37,-9,-39,-4,-38,-3,-35,2,-35,1,-31,1,-30,10,-29,0,0,0,0,0,0,0,0,0,0,0,0,0,0,0,0,0,0,0,0,0,0,6,22,7,20,0,26,2,20,2,21,4,18,-1,20,3,17,5,15,3,10,6,11,11,7,11,8,12,7,15,6,16,5,20,8,20,10,20,6,25,8,24,7,35,5,31,10,35,8,38,10,41,9,41,15,46,13,42,15,48,16,46,12,50,17,49,13,54,14,50,16,58,17,50,13,53,11,55,12,61,8,64,8,64,9,62,9,66,9,66,2,68,-4,70,7,66,-3,71,-3,70,-1,74,-3,80,0,84,2,73,3,80,7,77,-2,73,3,0,0]"
CSI_DATA,92,1a:00:00:00:00:00,-44,11,1,0,1,1,1,0,0,0,1,-96,0,11,2,1501303,0,44,0,384,0,"[0,0,0,0,0,0,0,0,0,0,0,0,-11,5,-11,5,-10,5,-10,5,-10,5,-9,5,-8,6,-8,6,-7,6,-6,6,-7,7,-6,7,-6,7,-5,7,-5,7,-5,8,-4,8,-4,8,-3,8,-3,8,-3,9,-3,9,-3,9,-2,10,-3,10,-3,10,0,0,-3,11,-3,11,-3,11,-3,11,-4,11,-4,11,-4,11,-5,11,-5,10,-6,9,-6,9,-6,8,-7,8,-6,7,-6,6,-7,6,-6,6,-6,5,-6,4,-6,4,-6,3,-6,3,-5,2,-5,1,-5,1,-5,0,0,0,0,0,0,0,0,0,0,0,0,0,0,0,-68,26,-67,27,-69,34,-59,27,-56,34,-57,30,-57,28,-57,31,-46,32,-48,34,-41,36,-40,35,-40,41,-34,34,-31,35,-29,40,-33,46,-25,48,-28,43,-20,44,-21,52,-21,47,-15,50,-12,52,-13,54,-11,56,-12,51,-10,59,-9,60,-9,62,-6,61,-8,67,-12,61,-11,68,-9,60,-19,65,-19,64,-19,66,-23,64,-22,60,-22,58,-24,58,-29,56,-28,51,-30,46,-31,43,-33,45,-31,38,-29,35,-32,29,-29,29,-26,25,-31,23,-25,18,-27,15,-26,15,-28,8,0,0,0,0,0,0,0,0,0,0,0,0,0,0,0,0,0,0,0,0,0,0,18,-9,18,-6,18,-6,17,-7,13,-5,14,-3,12,0,9,-3,10,-5,8,-7,3,-8,1,-4,1,-12,1,-10,-5,-15,-2,-17,-10,-23,-6,-23,-5,-26,-7,-30,-4,-30,-9,-30,-14,-33,-12,-37,-10,-39,-14,-40,-11,-42,-12,-44,-6,-49,-9,-52,-10,-50,-14,-57,-7,-56,-11,-53,-8,-57,-14,-54,-15,-56,-17,-55,-14,-56,-21,-60,-19,-61,-24,-59,-22,-63,-25,-63,-28,-62,-29,-61,-27,-63,-38,-67,-34,-67,-30,-72,-37,-73,-38,-70,-35,-75,-32,-69,-36,-78,-37,-76,-35,-76,0,0]"
CSI_DATA,93,1a:00:00:00:00:00,-45,11,1,0,1,1,1,0,0,0,1,-96,0,11,2,1521106,0,44,0,384,0,"[0,0,0,0,0,0,0,0,0,0,0,0,-11,5,-11,5,-9,5,-10,5,-9,5,-9,5,-8,6,-7,6,-7,6,-6,6,-6,6,-5,7,-5,7,-5,7,-5,7,-4,8,-4,9,-3,8,-3,8,-2,8,-2,9,-3,9,-2,9,-2,10,-2,10,-1,11,0,0,-2,11,-2,11,-3,12,-2,12,-3,11,-3,11,-4,11,-4,11,-5,11,-5,10,-5,10,-6,9,-6,9,-6,8,-6,7,-6,7,-6,6,-6,5,-6,5,-5,4,-6,4,-6,3,-6,3,-6,2,-5,1,-5,1,0,0,0,0,0,0,0,0,0,0,0,0,0,0,-73,13,-73,7,-74,20,-67,10,-61,17,-60,19,-60,16,-60,16,-57,18,-49,24,-46,24,-44,26,-49,31,-41,30,-38,32,-35,33,-33,35,-30,36,-30,35,-25,40,-26,48,-27,46,-24,47,-21,46,-21,48,-20,52,-19,54,-16,57,-18,53,-18,63,-15,59,-19,63,-19,59,-24,64,-21,64,-25,58,-29,62,-27,61,-32,56,-36,58,-31,59,-34,51,-41,48,-36,48,-36,39,-39,40,-40,34,-38,31,-34,26,-35,21,-34,21,-33,19,-32,17,-32,13,-33,8,-25,7,-25,-1,0,0,0,0,0,0,0,0,0,0,0,0,0,0,0,0,0,0,0,0,0,0,21,0,23,6,18,6,20,5,14,5,9,8,9,2,6,6,1,5,3,2,-1,5,-4,-2,-2,0,-5,-5,-4,-7,-9,-13,-11,-15,-9,-18,-8,-19,-11,-27,-10,-26,-5,-28,-10,-36,-7,-35,-5,-41,-7,-44,-5,-41,-6,-48,-1,-49,-5,-51,-4,-50,-6,-57,-1,-55,-2,-52,-1,-57,-4,-59,-8,-58,-9,-56,-9,-60,-13,-62,-4,-63,-12,-60,-16,-66,-11,-70,-16,-65,-23,-75,-15,-70,-20,-68,-20,-73,-16,-79,-19,-75,-22,-78,-15,-85,-16,-77,-14,-85,-17,-83,-17,-85,0,0]"
CSI_DATA,94,1a:00:00:00:00:00,-45,11,1,0,1,1,1,0,0,0,1,-96,0,11,2,1530558,0,44,0,384,0,"[0,0,0,0,0,0,0,0,0,0,0,0,-12,-2,-12,-1,-11,0,-11,-1,-11,0,-10,0,-10,1,-9,1,-9,1,-9,2,-9,2,-9,3,-8,3,-8,4,-8,4,-8,5,-8,5,-7,5,-7,5,-7,6,-7,6,-7,6,-7,6,-7,7,-8,8,-7,8,0,0,-8,8,-8,8,-9,8,-8,8,-9,8,-9,8,-10,8,-9,6,-10,7,-10,6,-10,5,-10,4,-10,4,-10,3,-9,3,-9,2,-9,2,-8,1,-8,1,-7,0,-7,-1,-7,-1,-6,-1,-6,-1,-5,-2,-5,-2,0,0,0,0,0,0,0,0,0,0,0,0,0,0,-67,-23,-68,-20,-70,-19,-67,-14,-63,-12,-54,-11,-64,-11,-55,-7,-56,-6,-55,-1,-48,5,-51,6,-50,7,-51,7,-51,9,-46,16,-44,18,-47,23,-41,16,-39,24,-40,28,-38,27,-41,31,-40,33,-42,33,-39,38,-38,36,-41,40,-45,44,-40,46,-42,46,-41,46,-50,45,-48,41,-50,48,-52,46,-56,42,-54,41,-55,40,-54,38,-52,34,-58,29,-57,29,-56,26,-49,18,-54,19,-48,13,-49,13,-40,7,-42,8,-41,6,-38,0,-38,-2,-36,-1,-32,-6,-29,-9,-24,-13,0,0,0,0,0,0,0,0,0,0,0,0,0,0,0,0,0,0,0,0,0,0,16,12,15,12,9,13,11,12,9,13,4,11,3,11,3,10,1,8,-1,3,-5,3,-5,-1,-5,-2,-7,-10,-4,-7,-8,-14,-5,-15,-5,-17,-3,-22,2,-24,3,-28,5,-32,4,-36,7,-33,11,-40,7,-40,12,-39,9,-42,18,-43,20,-48,16,-45,19,-47,17,-51,22,-47,18,-53,15,-52,16,-56,18,-56,18,-53,18,-61,16,-61,16,-63,19,-60,17,-70,13,-62,8,-69,9,-71,6,-70,13,-73,17,-81,18,-78,15,-77,18,-77,20,-76,17,-82,22,-81,18,-77,0,0]"
CSI_DATA,95,1a:00:00:00:00:00,-45,11,1,0,1,1,1,0,0,0,1,-96,0,11,2,1540558,0,44,0,384,0,"[0,0,0,0,0,0,0,0,0,0,0,0,9,-8,8,-8,8,-8,8,-8,7,-8,6,-8,6,-8,5,-8,5,-8,4,-8,4,-9,3,-9,2,-9,2,-9,2,-9,1,-10,1,-10,1,-10,0,-10,-1,-10,-1,-10,-2,-10,-1,-11,-2,-11,-2,-11,-3,-12,0,0,-3,-12,-2,-13,-2,-14,-2,-13,-2,-13,-1,-13,-1,-13,-1,-13,0,-13,1,-13,1,-12,2,-11,2,-11,2,-11,2,-10,3,-10,3,-9,3,-8,3,-8,3,-7,3,-7,3,-6,4,-5,3,-5,3,-4,4,-3,0,0,0,0,0,0,0,0,0,0,0,0,0,0,68,-30,64,-29,60,-32,56,-33,55,-32,53,-29,49,-33,48,-35,40,-33,41,-38,35,-35,33,-36,30,-38,28,-37,24,-40,20,-43,19,-40,14,-42,15,-44,9,-48,6,-52,10,-50,6,-46,1,-49,3,-49,4,-53,2,-59,-5,-57,-5,-61,-10,-67,-3,-62,-5,-68,3,-66,-4,-67,-3,-65,0,-67,-1,-70,3,-68,9,-68,17,-64,12,-65,19,-63,18,-58,15,-58,20,-53,17,-52,22,-51,20,-45,23,-43,21,-34,24,-35,25,-34,26,-26,28,-25,25,-23,23,-17,23,-11,0,0,0,0,0,0,0,0,0,0,0,0,0,0,0,0,0,0,0,0,0,0,-22,-2,-17,-8,-18,-8,-16,-10,-14,-11,-16,-10,-8,-11,-4,-9,-3,-8,-1,-9,5,-9,4,-8,4,-3,7,3,7,6,12,7,12,10,12,10,14,15,15,17,11,22,19,27,14,29,18,31,18,36,22,35,20,42,18,46,14,41,12,48,14,48,19,50,16,51,13,50,15,56,17,52,17,53,18,54,19,57,25,55,25,59,25,57,24,59,31,60,29,58,32,67,34,62,37,64,30,66,32,67,38,66,38,67,35,75,37,67,39,71,34,71,31,79,0,0]"
CSI_DATA,96,1a:00:00:00:00:00,-45,11,1,0,1,1,1,0,0,0,1,-96,0,11,2,1551223,0,44,0,384,0,"[0,0,0,0,0,0,0,0,0,0,0,0,6,8,7,9,8,7,7,8,6,6,6,6,6,6,7,5,7,5,7,3,7,3,8,3,8,3,8,2,8,2,8,1,8,1,8,1,9,0,9,0,9,0,9,0,9,-1,10,-1,11,-1,10,-2,0,0,11,-1,11,-1,12,-1,11,-1,12,0,12,1,12,1,11,2,11,2,11,2,11,2,10,3,9,3,9,4,8,4,8,4,7,4,6,4,6,4,5,4,4,4,4,4,3,4,3,4,2,4,1,4,0,0,0,0,0,0,0,0,0,0,0,0,0,0,21,64,23,67,26,62,24,64,21,58,23,51,29,52,23,52,29,48,29,37,28,38,28,39,33,37,39,30,29,31,34,20,43,21,40,21,37,23,38,19,45,17,45,16,44,13,49,11,50,13,51,9,54,9,59,6,60,5,61,7,57,8,60,7,61,10,65,10,64,11,61,11,64,13,64,14,61,17,58,20,57,26,57,31,54,31,48,27,46,29,46,32,35,30,38,29,36,26,34,26,29,33,24,28,21,27,16,29,12,30,11,28,5,23,0,0,0,0,0,0,0,0,0,0,0,0,0,0,0,0,0,0,0,0,0,0,4,-23,3,-20,6,-20,8,-14,9,-17,8,-9,12,-9,12,-4,9,-8,9,0,5,1,4,2,1,7,2,7,-3,8,-2,13,-8,12,-12,9,-14,13,-21,19,-18,17,-27,18,-27,21,-34,19,-33,15,-34,17,-36,14,-36,13,-44,21,-47,19,-46,13,-50,15,-50,15,-49,15,-55,17,-51,15,-61,16,-55,16,-54,18,-55,23,-60,22,-61,19,-65,22,-70,27,-60,25,-62,23,-65,26,-64,30,-65,30,-69,32,-69,31,-69,35,-71,23,-76,30,-79,29,-73,29,-74,27,0,0]"
CSI_DATA,97,1a:00:00:00:00:00,-45,11,1,0,1,1,1,0,0,0,1,-96,0,11,2,1570551,0,44,0,384,0,"[0,0,0,0,0,0,0,0,0,0,0,0,7,8,7,7,8,6,7,7,7,6,7,5,7,4,7,4,7,3,7,3,7,3,7,2,8,2,7,1,7,1,8,0,8,0,8,0,8,-1,8,-1,8,-1,9,-2,9,-1,9,-2,10,-3,9,-3,0,0,10,-3,11,-2,10,-3,11,-3,11,-2,11,-2,11,-2,11,-1,11,-1,10,0,10,1,10,1,9,1,8,2,9,2,8,3,8,3,7,2,6,2,6,3,5,3,5,3,4,3,3,4,3,4,2,3,0,0,0,0,0,0,0,0,0,0,0,0,0,0,49,54,49,51,52,47,49,43,51,44,45,38,46,36,46,33,44,32,40,26,42,22,42,22,47,17,46,15,44,14,39,10,50,7,47,4,43,-4,45,1,44,-8,50,-3,50,-10,48,-13,47,-13,52,-17,51,-17,51,-20,55,-21,58,-23,51,-22,60,-23,59,-19,59,-23,57,-22,62,-21,63,-22,63,-23,66,-19,65,-14,58,-12,63,-5,62,-2,60,-2,55,-1,53,2,51,6,49,8,39,12,42,5,37,10,37,12,32,13,27,14,27,19,27,18,21,22,0,0,0,0,0,0,0,0,0,0,0,0,0,0,0,0,0,0,0,0,0,0,-7,-22,-4,-19,-1,-21,2,-19,1,-19,0,-17,6,-9,6,-11,7,-6,7,-6,7,-8,3,1,5,2,4,7,1,8,-3,8,0,16,-7,15,-9,18,-12,20,-10,24,-17,24,-17,23,-23,28,-26,26,-27,28,-31,29,-31,31,-42,27,-38,34,-36,29,-42,31,-40,32,-42,34,-42,37,-44,37,-42,35,-44,42,-46,39,-46,43,-46,47,-50,46,-51,48,-46,52,-46,48,-44,53,-49,51,-48,56,-52,57,-51,56,-53,54,-53,58,-58,57,-56,54,-59,57,-57,65,-49,55,0,0]"
CSI_DATA,98,1a:00:00:00:00:00,-45,11,1,0,1,1,1,0,0,0,1,-96,0,11,2,1581820,0,44,0,384,0,"[0,0,0,0,0,0,0,0,0,0,0,0,10,-8,9,-8,8,-8,8,-7,7,-7,7,-7,6,-8,5,-8,5,-8,4,-8,4,-8,4,-8,3,-8,3,-8,2,-8,2,-9,1,-9,1,-9,1,-9,0,-9,0,-9,-1,-10,-1,-10,-1,-10,-1,-11,-2,-11,0,0,-2,-11,-1,-12,-2,-12,-2,-13,-1,-12,-1,-12,-1,-13,0,-12,0,-12,1,-11,1,-11,2,-11,2,-10,3,-10,3,-9,3,-9,3,-8,3,-8,3,-7,3,-7,4,-6,4,-6,4,-5,4,-4,4,-3,3,-3,0,0,0,0,0,0,0,0,0,0,0,0,0,0,63,-37,62,-36,59,-41,54,-36,52,-39,49,-38,51,-37,45,-41,40,-36,37,-35,37,-40,27,-39,29,-46,25,-43,22,-38,17,-45,18,-45,18,-43,13,-47,9,-44,2,-46,5,-47,2,-48,-1,-48,-2,-49,-6,-49,-6,-58,-8,-57,-5,-61,-8,-56,-6,-54,-12,-63,-6,-61,-13,-62,-7,-63,-5,-65,-12,-62,-2,-64,-1,-69,-1,-62,5,-64,11,-64,14,-60,14,-56,12,-53,16,-51,12,-44,17,-52,18,-41,15,-37,17,-35,19,-34,18,-31,23,-30,23,-25,22,-16,26,-14,0,0,0,0,0,0,0,0,0,0,0,0,0,0,0,0,0,0,0,0,0,0,-21,4,-22,-3,-22,-7,-20,-6,-18,-4,-14,-6,-14,-4,-8,-7,-6,-6,-5,-3,-2,-6,2,-2,2,1,0,-1,5,3,11,3,9,10,14,9,10,11,14,18,14,17,19,23,19,30,16,26,14,34,21,34,22,37,24,38,16,46,18,46,19,42,20,50,23,49,23,49,21,54,23,54,21,52,30,53,24,54,29,57,27,55,33,58,30,55,38,59,36,59,39,50,41,59,44,61,45,58,40,64,40,67,42,68,44,69,40,66,43,73,44,68,45,69,0,0]"
CSI_DATA,99,1a:00:00:00:00:00,-45,11,1,0,1,1,1,0,0,0,1,-96,0,11,2,1590617,0,44,0,384,0,"[0,0,0,0,0,0,0,0,0,0,0,0,0,11,0,11,1,10,1,10,1,9,0,9,1,9,1,8,2,8,2,7,3,8,3,7,4,7,4,6,4,6,5,6,5,6,5,6,6,5,6,5,6,5,7,5,7,5,7,5,8,5,8,5,0,0,9,6,9,6,9,6,8,6,9,6,8,7,8,7,7,7,7,8,6,7,6,8,5,8,4,8,4,8,3,8,3,8,2,7,2,6,2,6,1,6,0,6,0,5,0,5,-1,5,-2,4,-2,4,0,0,0,0,0,0,0,0,0,0,0,0,0,0,-1,76,3,69,12,72,3,67,9,63,6,65,10,61,13,58,12,51,10,52,11,50,19,54,20,49,22,41,17,43,28,39,31,35,27,33,29,32,30,35,40,30,35,31,40,26,42,25,42,24,45,27,44,24,47,20,50,27,54,23,51,23,57,23,52,29,53,26,57,26,56,33,56,34,55,36,51,37,50,33,46,40,46,39,41,37,39,44,36,43,28,38,27,42,24,37,20,37,17,35,14,33,17,34,9,34,6,33,3,32,3,25,-3,26,0,0,0,0,0,0,0,0,0,0,0,0,0,0,0,0,0,0,0,0,0,0,2,-23,5,-21,4,-21,6,-23,8,-17,8,-11,7,-12,5,-11,9,-11,4,-2,4,-3,3,1,0,0,-2,0,-8,2,-5,1,-14,8,-13,8,-18,8,-19,7,-27,4,-28,11,-31,3,-30,9,-38,9,-44,8,-39,6,-46,1,-46,0,-54,6,-50,-1,-58,-1,-54,-2,-55,2,-55,-2,-62,2,-60,-1,-64,2,-63,2,-62,5,-63,2,-63,7,-67,0,-70,7,-68,7,-69,7,-71,5,-70,6,-81,10,-78,15,-76,13,-80,13,-82,9,-79,11,-84,11,-84,14,-80,7,0,0]"
CSI_DATA,100,1a:00:00:00:00:00,-45,11,1,0,1,1,1,0,0,0,1,-96,0,11,2,1600563,0,44,0,384,0,"[0,0,0,0,0,0,0,0,0,0,0,0,-12,6,-12,6,-10,6,-11,5,-10,5,-9,5,-9,6,-8,6,-8,6,-7,6,-7,7,-6,7,-6,7,-5,7,-5,7,-4,8,-4,8,-4,8,-3,8,-3,9,-3,8,-2,9,-2,9,-2,9,-3,10,-2,10,0,0,-2,11,-3,11,-3,12,-3,11,-3,11,-4,11,-4,11,-4,10,-4,10,-6,10,-6,10,-5,8,-6,8,-6,7,-6,6,-6,7,-6,6,-6,6,-6,5,-6,4,-6,4,-6,3,-6,2,-5,2,-6,1,-5,0,0,0,0,0,0,0,0,0,0,0,0,0,0,0,-69,19,-73,21,-75,26,-66,28,-60,22,-61,24,-58,24,-59,24,-52,26,-51,23,-46,28,-44,33,-41,29,-41,29,-40,30,-34,40,-35,38,-31,38,-33,38,-25,38,-26,47,-25,39,-23,44,-24,50,-20,46,-22,48,-18,44,-21,52,-21,52,-15,62,-20,51,-16,60,-21,49,-20,62,-20,60,-26,57,-23,57,-28,58,-29,61,-30,54,-31,54,-36,46,-37,46,-36,41,-40,42,-34,35,-34,34,-35,27,-35,24,-32,25,-33,21,-32,21,-33,17,-30,11,-32,4,-28,6,-25,0,0,0,0,0,0,0,0,0,0,0,0,0,0,0,0,0,0,0,0,0,0,0,20,-15,24,-8,20,-8,21,-5,23,-3,16,-3,16,0,11,1,13,-2,9,1,4,-1,4,-6,0,-2,-3,-6,-1,-5,-7,-8,-6,-14,-12,-17,-11,-13,-11,-23,-12,-25,-14,-28,-13,-32,-16,-34,-11,-37,-16,-38,-15,-43,-14,-42,-15,-43,-18,-53,-15,-47,-16,-54,-16,-53,-17,-48,-18,-57,-16,-59,-16,-57,-18,-62,-21,-59,-22,-64,-19,-67,-26,-61,-24,-65,-21,-66,-30,-68,-38,-65,-31,-71,-31,-71,-34,-71,-30,-75,-28,-74,-34,-77,-28,-85,-28,-69,-30,-81,-30,-83,-31,-78,0,0]"
CSI_DATA,101,1a:00:00:00:00:00,-45,11,1,0,1,1,1,0,0,0,1,-96,0,11,2,1610561,0,44,0,384,0,"[0,0,0,0,0,0,0,0,0,0,0,0,5,-12,4,-12,3,-11,4,-11,3,-11,3,-10,2,-11,2,-10,1,-10,1,-9,1,-10,0,-11,-1,-9,-1,-9,-1,-9,-2,-10,-2,-10,-2,-9,-3,-9,-3,-9,-3,-9,-4,-9,-4,-10,-4,-10,-4,-10,-5,-10,0,0,-5,-10,-5,-11,-5,-11,-4,-11,-4,-11,-4,-11,-4,-11,-3,-11,-3,-11,-2,-11,-2,-11,0,-10,-1,-10,0,-10,1,-9,0,-9,1,-8,1,-8,1,-7,1,-7,2,-6,2,-6,2,-5,3,-5,3,-4,3,-3,0,0,0,0,0,0,0,0,0,0,0,0,0,0,38,-70,36,-67,33,-66,34,-67,29,-67,23,-56,28,-58,25,-59,17,-54,19,-53,18,-59,15,-51,12,-54,7,-50,3,-53,0,-51,-2,-53,-1,-53,-6,-44,-7,-50,-12,-54,-5,-49,-13,-41,-12,-45,-18,-41,-11,-51,-21,-48,-26,-49,-24,-50,-26,-55,-26,-55,-25,-55,-21,-54,-24,-53,-25,-58,-22,-60,-20,-57,-17,-56,-11,-61,-11,-64,-9,-56,-8,-62,-9,-57,-5,-54,-1,-52,2,-52,5,-45,7,-49,5,-42,9,-40,9,-39,14,-36,9,-35,16,-29,18,-26,15,-23,15,-17,0,0,0,0,0,0,0,0,0,0,0,0,0,0,0,0,0,0,0,0,0,0,-3,28,-7,24,-10,29,-10,22,-14,22,-8,19,-8,15,-11,13,-8,8,-7,9,-4,6,-2,9,0,7,2,9,7,6,10,7,11,7,14,3,12,3,17,6,25,5,25,9,34,11,32,13,37,14,38,14,40,17,43,22,43,24,45,20,45,22,41,26,48,29,46,29,48,29,53,31,53,32,56,29,57,31,60,21,53,25,64,29,63,29,65,28,60,28,67,33,67,29,71,30,70,30,73,31,73,29,83,26,74,34,73,34,77,33,75,33,77,40,0,0]"
CSI_DATA,102,1a:00:00:00:00:00,-45,11,1,0,1,1,1,0,0,0,1,-96,0,11,2,1622115,0,44,0,384,0,"[0,0,0,0,0,0,0,0,0,0,0,0,4,-13,4,-13,3,-11,3,-12,3,-11,3,-11,2,-11,2,-10,1,-10,0,-9,0,-10,-1,-10,-1,-10,-1,-10,-1,-10,-2,-10,-2,-10,-2,-9,-3,-9,-3,-9,-4,-9,-4,-9,-3,-9,-5,-9,-5,-11,-5,-10,0,0,-5,-11,-5,-10,-5,-11,-5,-10,-4,-11,-4,-11,-3,-11,-3,-11,-3,-12,-2,-11,-2,-11,-1,-10,-1,-10,0,-10,0,-9,1,-9,1,-8,1,-8,1,-8,1,-7,2,-6,2,-6,2,-5,2,-5,2,-4,3,-4,0,0,0,0,0,0,0,0,0,0,0,0,0,0,43,-72,32,-65,29,-62,32,-66,29,-64,30,-58,27,-58,25,-53,20,-55,20,-55,14,-55,15,-52,13,-53,8,-48,8,-53,1,-51,0,-49,2,-50,-5,-43,-4,-48,-7,-52,-9,-47,-12,-44,-13,-51,-11,-48,-15,-51,-18,-49,-26,-43,-21,-51,-26,-55,-21,-57,-19,-57,-24,-56,-25,-54,-21,-56,-13,-57,-16,-57,-13,-63,-14,-62,-9,-61,-7,-60,-4,-60,-2,-54,0,-53,2,-52,5,-50,8,-44,9,-42,7,-39,10,-37,15,-38,14,-33,12,-30,18,-26,15,-23,12,-20,17,-19,0,0,0,0,0,0,0,0,0,0,0,0,0,0,0,0,0,0,0,0,0,0,-2,29,-4,29,-6,29,-6,26,-11,24,-7,21,-8,20,-5,19,-6,14,-6,11,-2,12,0,13,4,13,6,12,4,8,11,7,13,8,14,10,14,7,24,10,20,10,27,15,31,14,33,14,33,24,39,19,41,24,43,24,42,22,42,21,46,25,44,29,44,31,47,29,50,31,50,30,48,31,52,30,50,26,57,32,56,30,57,29,56,31,63,26,61,27,63,28,65,30,69,25,67,24,69,26,70,31,77,33,74,33,73,27,74,37,77,32,76,38,0,0]"
CSI_DATA,103,1a:00:00:00:00:00,-45,11,1,0,1,1,1,0,0,0,1,-96,0,11,2,1640798,0,44,0,384,0,"[0,0,0,0,0,0,0,0,0,0,0,0,11,0,12,0,11,0,11,0,11,0,10,-1,10,-1,9,-2,9,-2,8,-2,9,-2,9,-3,8,-3,8,-4,8,-3,8,-4,8,-5,7,-5,7,-5,8,-5,7,-5,7,-6,7,-6,7,-6,8,-7,8,-7,0,0,8,-7,8,-6,9,-7,8,-7,9,-6,9,-6,10,-5,9,-5,10,-5,9,-4,9,-4,9,-3,8,-2,8,-2,8,-1,8,-1,7,-1,7,-1,6,0,6,0,6,1,5,1,5,1,4,1,4,2,3,2,0,0,0,0,0,0,0,0,0,0,0,0,0,0,76,18,69,19,70,15,65,14,60,13,60,16,60,10,59,10,59,4,54,3,48,2,50,1,52,-3,56,0,50,-5,50,-9,51,-11,49,-10,48,-11,46,-13,49,-18,44,-15,46,-21,46,-21,42,-23,48,-24,44,-23,48,-26,49,-28,45,-31,49,-27,54,-30,54,-24,56,-28,51,-25,55,-21,56,-25,53,-23,57,-21,54,-17,51,-10,51,-9,54,-5,54,-2,45,0,46,2,44,2,44,6,40,4,38,6,35,11,34,9,33,11,30,13,25,15,25,17,17,13,0,0,0,0,0,0,0,0,0,0,0,0,0,0,0,0,0,0,0,0,0,0,-28,20,-28,18,-31,15,-31,12,-28,9,-26,5,-25,8,-22,6,-23,4,-22,5,-14,3,-18,7,-13,11,-13,14,-15,14,-11,11,-9,14,-12,19,-14,22,-8,25,-12,26,-11,31,-12,32,-10,38,-8,41,-9,39,-10,39,-10,41,-18,43,-14,49,-11,46,-12,52,-14,51,-13,53,-18,57,-16,56,-13,51,-10,58,-8,59,-10,58,-11,59,-6,64,-8,64,-7,65,-7,66,-1,71,-5,71,-2,73,-6,75,-10,77,-7,74,-8,80,-12,78,-12,75,-15,80,-9,84,-13,80,0,0]"
CSI_DATA,104,1a:00:00:00:00:00,-44,11,1,0,1,1,1,0,0,0,1,-96,0,11,2,1650541,0,44,0,384,0,"[0,0,0,0,0,0,0,0,0,0,0,0,-7,10,-6,10,-5,9,-6,10,-5,9,-5,9,-4,9,-4,9,-4,9,-3,8,-3,9,-2,9,-2,9,-1,9,-1,8,0,9,0,9,0,9,0,9,0,9,1,8,1,9,1,9,2,9,2,10,2,10,0,0,2,11,2,10,2,11,1,11,1,11,1,11,0,11,0,11,0,11,-1,10,-1,10,-2,9,-3,9,-3,9,-3,8,-3,8,-3,7,-3,7,-4,6,-4,6,-4,5,-4,5,-4,4,-4,3,-4,3,-4,2,0,0,0,0,0,0,0,0,0,0,0,0,0,0,-44,61,-46,55,-43,59,-37,58,-36,54,-32,53,-33,49,-31,57,-30,48,-26,50,-24,53,-21,52,-20,55,-14,45,-13,50,-15,50,-10,52,-10,47,-12,48,-4,54,-3,55,-4,49,1,49,2,50,4,50,3,50,8,55,8,54,9,57,13,59,13,58,10,59,5,58,9,65,11,64,5,66,6,63,2,62,-2,63,-6,64,-4,59,-8,60,-12,57,-9,54,-14,50,-14,46,-16,46,-18,43,-15,41,-16,38,-19,39,-22,33,-18,28,-20,27,-23,21,-22,23,-23,15,0,0,0,0,0,0,0,0,0,0,0,0,0,0,0,0,0,0,0,0,0,0,1,-33,1,-38,6,-33,10,-35,7,-31,8,-31,8,-27,12,-23,4,-21,6,-22,5,-19,2,-21,-1,-20,0,-19,-6,-16,-7,-19,-10,-19,-13,-17,-17,-18,-16,-17,-17,-22,-20,-19,-24,-25,-22,-27,-28,-28,-30,-30,-28,-30,-30,-34,-30,-31,-36,-36,-35,-32,-35,-37,-38,-34,-37,-33,-41,-37,-40,-33,-43,-34,-46,-37,-43,-35,-46,-36,-50,-33,-51,-35,-55,-39,-55,-33,-60,-35,-61,-29,-58,-35,-62,-34,-64,-33,-64,-38,-65,-37,-70,-38,-66,-45,-65,-42,-68,-46,-68,-42,-71,-44,0,0]"
CSI_DATA,105,1a:00:00:00:00:00,-44,11,1,0,1,1,1,0,0,0,1,-96,0,11,2,1660735,0,44,0,384,0,"[0,0,0,0,0,0,0,0,0,0,0,0,-12,-1,-12,0,-12,0,-12,0,-11,1,-11,1,-11,2,-10,2,-10,2,-9,2,-10,3,-9,3,-9,3,-9,4,-9,4,-9,5,-8,6,-8,5,-8,6,-8,6,-8,6,-8,7,-8,7,-8,8,-8,7,-8,8,0,0,-8,8,-9,8,-9,8,-8,8,-9,8,-9,8,-9,8,-10,7,-10,7,-10,6,-10,5,-10,4,-10,4,-9,4,-9,3,-9,3,-9,2,-8,2,-8,2,-7,1,-7,1,-7,0,-7,0,-6,-1,-6,-1,-5,-1,0,0,0,0,0,0,0,0,0,0,0,0,0,0,-73,-23,-66,-18,-69,-15,-65,-13,-64,-15,-57,-10,-64,-9,-60,-5,-57,-6,-53,-4,-56,1,-53,4,-55,6,-54,8,-51,9,-51,14,-53,14,-53,17,-49,14,-47,23,-46,27,-52,26,-43,22,-44,28,-48,27,-46,31,-48,31,-46,39,-53,35,-45,36,-53,35,-53,37,-57,33,-52,35,-53,34,-54,35,-57,33,-58,33,-59,29,-58,26,-58,23,-59,19,-55,17,-61,15,-53,8,-53,9,-48,6,-51,4,-47,3,-41,-2,-41,1,-40,-1,-37,-3,-39,-8,-32,-7,-29,-11,-23,-12,0,0,0,0,0,0,0,0,0,0,0,0,0,0,0,0,0,0,0,0,0,0,37,-7,34,2,33,-1,33,2,34,5,25,4,22,4,24,4,22,3,20,3,13,0,16,1,14,-4,13,-10,15,-9,12,-10,13,-13,12,-13,11,-21,11,-20,13,-22,16,-25,11,-27,14,-29,18,-32,12,-31,17,-34,19,-35,16,-38,18,-41,15,-38,16,-41,20,-46,21,-46,20,-44,19,-47,18,-52,14,-57,17,-49,16,-56,12,-54,10,-58,10,-58,13,-66,8,-60,10,-69,7,-66,8,-65,4,-75,12,-75,13,-73,10,-75,14,-73,11,-77,12,-82,15,-76,13,-74,0,0]"
CSI_DATA,106,1a:00:00:00:00:00,-44,11,1,0,1,1,1,0,0,0,1,-96,0,11,2,1670945,0,44,0,384,0,"[0,0,0,0,0,0,0,0,0,0,0,0,1,-12,1,-12,0,-11,0,-12,0,-11,0,-11,-1,-10,-2,-10,-2,-10,-3,-9,-3,-10,-4,-10,-4,-10,-4,-9,-4,-9,-5,-9,-5,-9,-5,-9,-6,-9,-7,-9,-7,-8,-7,-9,-7,-8,-8,-9,-9,-9,-8,-9,0,0,-9,-9,-8,-10,-9,-10,-9,-10,-9,-11,-8,-11,-8,-11,-7,-11,-7,-11,-6,-12,-6,-11,-4,-11,-4,-10,-4,-10,-3,-10,-3,-10,-3,-9,-2,-9,-2,-9,-2,-8,-1,-8,0,-7,0,-7,0,-6,1,-6,1,-5,0,0,0,0,0,0,0,0,0,0,0,0,0,0,24,-74,17,-69,16,-67,16,-67,14,-63,13,-61,8,-59,9,-59,1,-55,1,-53,-2,-59,-5,-53,-10,-55,-10,-53,-8,-56,-14,-50,-18,-52,-19,-48,-18,-46,-26,-48,-31,-49,-28,-47,-29,-45,-32,-44,-33,-44,-34,-51,-40,-47,-40,-48,-43,-50,-44,-49,-41,-51,-44,-51,-44,-52,-49,-56,-43,-52,-42,-59,-36,-57,-40,-57,-34,-61,-32,-61,-30,-55,-31,-63,-25,-60,-20,-62,-17,-55,-21,-57,-14,-53,-12,-52,-6,-46,-6,-48,-4,-44,1,-44,0,-37,4,-38,3,-37,6,-32,11,-29,0,0,0,0,0,0,0,0,0,0,0,0,0,0,0,0,0,0,0,0,0,0,-11,32,-14,30,-18,28,-18,24,-21,18,-18,23,-16,19,-12,16,-14,12,-12,8,-9,12,-7,7,-4,10,-3,12,-1,10,2,14,6,11,8,11,8,13,11,13,10,16,18,15,24,15,19,13,19,17,25,20,27,21,29,21,28,20,33,22,31,22,37,23,36,28,36,24,40,24,43,22,43,21,47,23,49,21,54,20,52,24,56,18,61,20,60,13,62,17,60,17,61,19,64,20,69,17,69,19,74,19,72,16,74,19,75,20,78,16,78,20,71,19,0,0]"
CSI_DATA,107,1a:00:00:00:00:00,-45,11,1,0,1,1,1,0,0,0,1,-96,0,11,2,1680551,0,44,0,384,0,"[0,0,0,0,0,0,0,0,0,0,0,0,-12,2,-12,3,-10,3,-11,3,-10,3,-9,4,-9,5,-8,5,-9,5,-8,5,-8,6,-8,7,-7,7,-7,7,-6,7,-6,8,-6,8,-5,8,-5,9,-5,10,-4,9,-4,11,-5,10,-4,11,-4,11,-4,12,0,0,-4,13,-5,13,-5,13,-5,13,-5,12,-6,13,-6,12,-6,12,-7,12,-7,11,-8,10,-8,10,-8,9,-8,8,-8,8,-7,8,-8,7,-7,6,-7,5,-6,5,-7,4,-7,4,-6,3,-6,2,-6,2,-6,1,0,0,0,0,0,0,0,0,0,0,0,0,0,0,-72,7,-70,8,-60,12,-57,8,-59,13,-55,13,-53,16,-53,18,-50,25,-40,24,-43,25,-40,27,-41,29,-36,26,-33,27,-33,41,-32,39,-34,36,-25,38,-25,44,-29,47,-27,46,-23,48,-18,57,-19,52,-18,61,-12,60,-15,64,-20,65,-16,64,-21,60,-20,67,-20,67,-20,67,-19,68,-24,68,-22,71,-25,67,-30,64,-29,65,-33,62,-40,58,-41,55,-37,52,-34,45,-38,41,-37,43,-36,43,-31,35,-30,36,-36,30,-34,29,-29,23,-32,18,-31,15,-28,12,-25,5,0,0,0,0,0,0,0,0,0,0,0,0,0,0,0,0,0,0,0,0,0,0,29,17,22,17,27,19,24,21,19,18,13,19,12,16,9,17,10,12,8,12,3,9,2,8,3,5,4,2,4,-1,2,-2,-2,-6,0,-7,4,-10,2,-12,-1,-17,0,-20,4,-22,1,-20,3,-30,3,-31,3,-29,2,-30,4,-35,5,-37,3,-37,8,-42,1,-47,2,-45,5,-45,0,-50,0,-46,-3,-49,0,-51,-3,-54,-2,-59,-3,-58,-5,-59,-7,-64,-6,-66,-9,-57,-13,-63,-16,-64,-10,-67,-10,-74,-8,-79,-11,-76,-11,-74,-9,-73,-13,-85,-13,-75,-5,-79,0,0]"
CSI_DATA,108,1a:00:00:00:00:00,-46,11,1,0,1,1,1,0,0,0,1,-96,0,11,2,1690649,0,44,0,384,0,"[0,0,0,0,0,0,0,0,0,0,0,0,-1,8,-1,8,0,8,1,8,1,8,1,7,2,7,3,7,3,7,4,6,5,5,5,6,5,5,6,5,7,5,8,5,7,4,8,4,8,4,9,5,9,4,10,4,10,4,11,4,12,4,12,4,0,0,13,4,13,5,13,5,13,5,13,6,12,6,12,7,12,7,11,8,11,8,10,8,9,8,8,8,8,8,7,8,6,8,6,7,5,6,5,7,4,6,4,6,3,6,3,6,2,5,2,5,1,5,0,0,0,0,0,0,0,0,0,0,0,0,0,0,-17,56,-11,53,-10,51,-9,51,-4,52,3,47,0,46,6,44,11,37,11,34,16,39,16,36,24,37,25,32,27,36,37,31,35,34,37,30,31,28,43,29,45,27,44,27,50,22,51,17,53,23,59,19,57,18,60,18,66,21,67,18,71,23,75,22,72,25,71,30,75,29,75,34,71,32,74,34,68,40,67,41,61,40,61,41,56,46,56,45,47,39,44,45,39,41,38,43,32,36,30,33,30,36,23,36,22,33,18,35,13,33,14,29,7,27,0,0,0,0,0,0,0,0,0,0,0,0,0,0,0,0,0,0,0,0,0,0,40,-1,38,10,33,7,32,12,29,13,20,13,20,17,18,17,15,18,12,17,10,13,7,15,5,17,4,16,0,12,-12,13,-7,12,-10,9,-7,8,-15,7,-16,8,-18,0,-20,0,-25,1,-26,-4,-35,-6,-33,-11,-34,-16,-36,-14,-36,-14,-37,-12,-43,-20,-39,-18,-44,-16,-44,-15,-45,-19,-42,-18,-48,-14,-42,-20,-51,-15,-51,-19,-56,-15,-55,-21,-59,-18,-57,-17,-56,-15,-58,-19,-67,-18,-71,-14,-67,-20,-67,-18,-71,-22,-71,-20,-61,-19,-75,-18,-74,-20,-64,-17,0,0]"
CSI_DATA,109,1a:00:00:00:00:00,-47,11,1,0,1,1,1,0,0,0,1,-96,0,11,2,1700573,0,44,0,384,0,"[0,0,0,0,0,0,0,0,0,0,0,0,-2,5,-1,5,0,5,1,5,1,5,2,5,2,5,3,5,4,5,4,4,5,4,6,4,6,4,7,4,8,4,9,4,9,3,9,3,10,2,10,3,11,2,11,2,11,2,13,1,14,1,14,1,0,0,14,2,15,2,15,3,15,2,15,3,15,4,15,3,15,4,14,4,13,4,13,5,12,5,11,5,11,5,10,5,10,5,9,5,8,4,7,4,7,4,6,4,6,4,6,4,5,4,4,4,3,4,0,0,0,0,0,0,0,0,0,0,0,0,0,0,-26,31,-18,26,-21,31,-11,27,-8,33,-5,31,-1,29,0,32,6,22,9,32,7,29,17,24,26,27,25,24,31,32,36,23,39,29,35,20,38,22,41,27,53,22,46,19,53,15,54,19,58,14,62,17,61,17,69,7,75,12,77,10,73,14,86,17,70,20,86,16,77,20,86,27,78,28,74,30,78,34,78,31,71,26,72,30,58,35,67,30,63,33,49,33,53,37,49,27,43,33,43,31,35,28,31,29,34,26,22,28,27,23,22,24,17,26,0,0,0,0,0,0,0,0,0,0,0,0,0,0,0,0,0,0,0,0,0,0,-6,44,-6,38,-10,39,-21,36,-20,32,-22,33,-17,31,-27,29,-29,26,-27,19,-28,21,-33,18,-29,18,-29,14,-35,7,-27,5,-31,1,-29,-1,-32,-2,-29,-2,-28,-8,-32,-14,-26,-16,-29,-14,-27,-17,-31,-25,-27,-23,-23,-27,-22,-25,-26,-34,-19,-25,-27,-39,-19,-31,-22,-32,-17,-39,-24,-38,-20,-34,-27,-35,-26,-36,-31,-39,-32,-42,-28,-41,-33,-46,-32,-32,-34,-39,-35,-47,-30,-46,-47,-40,-38,-42,-40,-39,-41,-44,-40,-35,-38,-51,-39,-39,-41,-41,-41,-44,-33,-35,0,0]"
CSI_DATA,110,1a:00:00:00:00:00,-47,11,1,0,1,1,1,0,0,0,1,-96,0,11,2,1711276,0,44,0,384,0,"[0,0,0,0,0,0,0,0,0,0,0,0,-3,-2,-3,-2,-4,-2,-4,0,-4,0,-5,0,-4,1,-5,2,-5,2,-5,3,-6,3,-5,4,-6,4,-6,6,-6,5,-6,7,-6,7,-5,7,-5,8,-6,8,-6,9,-6,10,-5,10,-5,11,-6,12,-5,13,0,0,-6,14,-7,14,-7,14,-6,14,-7,14,-8,14,-7,14,-8,13,-8,13,-8,12,-9,12,-8,11,-8,10,-8,10,-8,9,-7,10,-7,8,-7,8,-7,8,-6,7,-6,7,-6,6,-6,5,-6,4,-6,4,-5,4,0,0,0,0,0,0,0,0,0,0,0,0,0,0,-1,-29,-4,-24,-3,-20,-13,-13,-8,-12,-10,-14,-12,-6,-19,-7,-18,-8,-16,-2,-23,-1,-24,2,-29,9,-28,13,-31,10,-34,20,-34,24,-37,15,-39,24,-35,29,-39,35,-39,33,-39,38,-41,47,-37,43,-41,49,-36,49,-39,58,-45,68,-45,67,-46,63,-49,71,-48,69,-55,77,-47,70,-55,73,-59,76,-54,67,-58,66,-58,63,-52,56,-63,58,-57,56,-54,56,-51,49,-53,49,-48,41,-49,42,-46,40,-43,30,-43,32,-38,29,-39,29,-36,19,-40,24,-33,18,-36,17,0,0,0,0,0,0,0,0,0,0,0,0,0,0,0,0,0,0,0,0,0,0,9,-51,10,-52,17,-53,21,-49,20,-46,26,-48,24,-43,27,-42,25,-41,27,-37,32,-41,34,-41,32,-37,30,-32,35,-33,30,-26,30,-29,40,-22,37,-24,37,-20,36,-22,36,-16,32,-14,42,-11,36,-10,31,-9,30,-1,29,-7,33,3,36,-1,33,3,33,6,30,2,29,1,34,2,28,8,27,3,31,6,35,7,35,4,37,7,34,5,36,10,36,8,37,4,42,11,39,4,39,3,39,11,41,7,36,7,37,8,42,10,34,7,36,3,36,6,36,2,0,0]"
CSI_DATA,111,1a:00:00:00:00:00,-47,11,1,0,1,1,1,0,0,0,1,-96,0,11,2,1720660,0,44,0,384,0,"[0,0,0,0,0,0,0,0,0,0,0,0,-3,-2,-3,-2,-2,-1,-1,0,-1,0,-1,1,0,1,0,1,1,2,1,2,2,2,3,3,3,3,4,2,4,3,5,2,6,3,6,3,7,3,8,2,9,3,9,3,10,2,10,2,12,3,12,2,0,0,13,1,14,2,15,1,15,2,15,2,15,2,15,2,15,2,15,2,14,3,14,3,14,4,13,3,13,2,12,3,12,2,11,2,10,2,10,1,9,1,9,2,8,1,8,2,7,2,6,2,5,2,0,0,0,0,0,0,0,0,0,0,0,0,0,0,-21,-26,-14,-24,-9,-16,-13,-16,-14,-11,-8,-9,-12,-2,-10,4,-1,6,-1,1,5,7,7,9,9,11,7,16,11,18,15,20,20,16,22,19,28,23,26,26,37,23,34,25,39,23,39,22,47,18,52,23,57,25,62,18,65,22,71,21,76,20,79,18,70,27,81,16,84,20,86,32,87,27,85,19,83,30,85,26,79,28,82,32,78,30,78,27,70,23,69,28,65,23,65,19,58,23,54,21,50,16,55,19,52,13,42,17,42,19,38,22,35,22,0,0,0,0,0,0,0,0,0,0,0,0,0,0,0,0,0,0,0,0,0,0,-52,-40,-51,-44,-45,-47,-47,-54,-44,-52,-45,-55,-43,-48,-42,-50,-47,-53,-40,-49,-36,-50,-37,-51,-41,-50,-42,-45,-37,-48,-40,-47,-42,-42,-34,-45,-35,-41,-36,-38,-31,-35,-30,-32,-24,-33,-27,-34,-20,-30,-24,-32,-18,-24,-15,-23,-12,-19,-11,-18,-12,-18,-9,-13,-4,-13,-5,-12,1,-12,-9,-7,1,-8,7,-13,-2,-13,7,-13,10,-10,10,-14,12,-14,15,-16,18,-14,11,-10,18,-17,19,-22,17,-20,21,-18,20,-23,28,-25,34,-23,26,-26,28,-24,26,-28,24,-26,0,0]"
CSI_DATA,112,1a:00:00:00:00:00,-47,11,1,0,1,1,1,0,0,0,1,-96,0,11,2,1740574,0,44,0,384,0,"[0,0,0,0,0,0,0,0,0,0,0,0,6,5,6,4,6,4,5,3,5,3,4,2,4,1,3,1,3,0,3,0,3,-1,2,-2,2,-2,1,-2,1,-3,1,-4,0,-3,-1,-4,-2,-5,-2,-5,-2,-5,-4,-6,-4,-6,-4,-7,-5,-8,-5,-7,0,0,-6,-8,-7,-9,-7,-9,-8,-9,-7,-10,-7,-10,-7,-11,-6,-11,-7,-11,-6,-11,-6,-11,-5,-11,-5,-11,-5,-10,-5,-10,-4,-10,-4,-10,-4,-9,-4,-9,-4,-8,-3,-8,-2,-8,-3,-8,-2,-7,-1,-7,-1,-6,0,0,0,0,0,0,0,0,0,0,0,0,0,0,44,41,33,44,46,37,35,37,32,30,31,27,30,26,30,22,27,16,24,8,21,12,21,9,21,7,20,0,13,-3,9,-8,15,-11,12,-14,4,-11,5,-20,-3,-22,1,-18,-4,-15,-6,-28,-13,-31,-16,-31,-17,-28,-22,-35,-26,-34,-31,-38,-27,-39,-34,-40,-33,-40,-38,-49,-39,-46,-36,-53,-40,-51,-41,-56,-37,-58,-32,-54,-34,-55,-30,-58,-30,-58,-30,-57,-27,-54,-26,-53,-26,-54,-25,-51,-19,-46,-16,-43,-18,-47,-17,-40,-16,-46,-16,-42,-9,-41,-6,-36,-2,-34,0,0,0,0,0,0,0,0,0,0,0,0,0,0,0,0,0,0,0,0,0,0,2,-78,9,-80,9,-82,17,-81,18,-81,22,-71,18,-73,26,-73,25,-80,23,-76,27,-72,25,-67,19,-75,25,-73,29,-68,27,-69,23,-68,20,-60,18,-64,17,-60,15,-58,12,-60,10,-50,6,-53,6,-53,-1,-46,-5,-44,-2,-38,-8,-41,-11,-36,-14,-30,-19,-30,-19,-28,-21,-23,-26,-22,-27,-19,-23,-13,-33,-13,-31,-3,-32,-3,-36,3,-38,3,-39,5,-43,11,-38,17,-45,13,-46,19,-43,26,-46,34,-45,32,-49,39,-44,38,-49,39,-53,37,-51,48,-47,46,-49,44,0,0]"
CSI_DATA,113,1a:00:00:00:00:00,-45,11,1,0,1,1,1,0,0,0,1,-96,0,11,2,1770553,0,44,0,384,0,"[0,0,0,0,0,0,0,0,0,0,0,0,5,3,4,3,5,2,4,2,3,1,3,0,3,-1,2,-2,2,-3,2,-3,2,-3,1,-4,0,-5,0,-5,0,-6,-1,-7,-2,-6,-2,-7,-3,-8,-3,-8,-3,-8,-4,-9,-4,-9,-5,-10,-5,-10,-6,-10,0,0,-7,-11,-7,-12,-7,-12,-8,-12,-7,-12,-7,-13,-7,-13,-7,-13,-6,-12,-6,-13,-5,-13,-5,-12,-4,-12,-4,-12,-4,-12,-4,-11,-4,-11,-3,-10,-3,-10,-3,-9,-3,-9,-2,-9,-2,-9,-1,-8,-1,-7,0,-7,0,0,0,0,0,0,0,0,0,0,0,0,0,0,37,34,38,32,43,25,30,23,30,20,28,14,25,12,25,10,23,3,18,6,16,-5,14,-2,9,-12,14,-14,7,-15,5,-20,6,-25,2,-26,-3,-28,-10,-24,-10,-34,-11,-33,-14,-36,-20,-37,-19,-41,-20,-44,-28,-48,-30,-50,-29,-55,-36,-53,-31,-52,-34,-57,-42,-61,-43,-61,-42,-58,-36,-65,-36,-68,-42,-65,-34,-68,-36,-66,-29,-65,-29,-69,-26,-62,-27,-63,-23,-59,-28,-59,-19,-61,-21,-58,-15,-54,-16,-49,-14,-47,-14,-52,-13,-43,-11,-45,-3,-43,-4,-38,5,-35,0,0,0,0,0,0,0,0,0,0,0,0,0,0,0,0,0,0,0,0,0,0,3,-69,11,-62,11,-63,12,-63,17,-59,23,-55,19,-54,16,-49,16,-49,16,-47,16,-46,17,-41,10,-44,10,-39,4,-36,5,-32,0,-34,-2,-30,-9,-26,-9,-29,-14,-24,-18,-23,-20,-20,-24,-23,-28,-20,-29,-15,-28,-18,-38,-14,-43,-16,-48,-12,-38,-9,-48,-13,-48,-7,-43,-2,-51,0,-51,5,-50,3,-57,8,-56,9,-54,14,-52,16,-52,19,-53,22,-56,30,-52,30,-51,29,-54,33,-54,37,-49,43,-55,43,-61,44,-55,46,-52,48,-52,40,-54,48,-49,51,-39,51,0,0]"
CSI_DATA,114,1a:00:00:00:00:00,-44,11,1,0,1,1,1,0,0,0,1,-96,0,11,2,1783181,0,44,0,384,0,"[0,0,0,0,0,0,0,0,0,0,0,0,-6,-3,-6,-2,-5,-1,-6,-1,-5,0,-5,0,-5,2,-4,2,-4,3,-4,3,-4,4,-4,5,-4,6,-4,6,-3,6,-2,7,-2,8,-2,8,-1,8,-1,9,-1,9,-1,10,0,10,0,12,0,12,0,12,0,0,1,13,0,13,0,14,0,14,0,14,-1,14,0,14,-1,13,-1,13,-2,13,-3,13,-3,12,-3,12,-2,11,-3,11,-4,10,-3,10,-3,9,-3,9,-3,8,-4,7,-4,7,-4,7,-4,6,-5,5,-4,4,0,0,0,0,0,0,0,0,0,0,0,0,0,0,-30,-36,-31,-27,-33,-29,-28,-20,-29,-19,-27,-16,-29,-6,-33,-8,-29,1,-24,-1,-24,8,-21,18,-25,18,-26,22,-22,19,-21,27,-23,33,-21,32,-18,34,-17,44,-14,43,-17,45,-13,48,-13,54,-14,52,-11,57,-10,60,-6,66,-8,70,-6,72,-6,72,-10,75,-6,75,-7,80,-10,77,-16,80,-12,81,-13,81,-19,81,-17,77,-21,71,-22,70,-25,70,-25,72,-25,64,-25,61,-26,60,-25,56,-31,50,-25,46,-23,45,-27,42,-24,43,-26,36,-25,34,-29,24,-29,21,0,0,0,0,0,0,0,0,0,0,0,0,0,0,0,0,0,0,0,0,0,0,-1,52,-6,50,-4,49,-8,51,-9,46,-12,43,-11,44,-15,41,-14,38,-12,38,-9,35,-10,32,-2,31,0,30,1,27,5,24,8,26,5,22,12,24,20,19,15,24,26,19,26,21,33,19,32,17,34,17,32,19,34,19,40,16,46,15,41,12,46,15,47,10,48,7,51,6,50,3,48,0,48,0,51,-5,52,-8,50,-8,53,-15,57,-15,56,-19,54,-18,52,-30,49,-22,55,-32,50,-31,49,-30,49,-28,55,-33,52,-37,49,-35,56,-36,47,-38,43,-32,0,0]"
CSI_DATA,115,1a:00:00:00:00:00,-44,11,1,0,1,1,1,0,0,0,1,-96,0,11,2,1790539,0,44,0,384,0,"[0,0,0,0,0,0,0,0,0,0,0,0,1,-8,-1,-8,-2,-7,-2,-7,-3,-7,-3,-6,-4,-6,-4,-5,-5,-5,-6,-4,-7,-5,-7,-4,-8,-3,-8,-3,-8,-2,-9,-2,-9,-2,-10,-2,-10,0,-11,0,-11,0,-12,0,-12,1,-13,1,-14,1,-13,1,0,0,-14,2,-15,1,-15,1,-16,1,-15,0,-15,0,-16,0,-15,0,-15,-1,-15,-1,-15,-1,-14,-2,-13,-2,-13,-3,-12,-3,-12,-3,-12,-3,-11,-3,-11,-3,-10,-4,-10,-4,-9,-4,-8,-5,-7,-4,-7,-5,-6,-5,0,0,0,0,0,0,0,0,0,0,0,0,0,0,15,-45,14,-41,11,-43,4,-43,2,-39,-3,-34,-2,-29,-11,-29,-10,-29,-17,-28,-15,-22,-23,-24,-24,-22,-27,-17,-32,-20,-34,-18,-39,-12,-43,-11,-38,-9,-45,-8,-57,-2,-53,-6,-52,3,-54,4,-53,6,-60,6,-60,7,-62,14,-64,8,-71,14,-71,12,-73,15,-67,14,-79,19,-79,16,-82,10,-82,11,-82,10,-79,4,-77,3,-79,7,-77,3,-75,-5,-71,0,-65,-3,-67,-6,-66,-6,-61,-9,-58,-13,-52,-8,-54,-12,-50,-13,-45,-14,-42,-17,-40,-14,-36,-21,-31,-24,0,0,0,0,0,0,0,0,0,0,0,0,0,0,0,0,0,0,0,0,0,0,-42,21,-45,17,-45,15,-44,13,-42,10,-40,6,-41,7,-41,6,-37,9,-29,8,-32,10,-28,12,-29,8,-25,12,-22,5,-20,16,-15,20,-17,16,-10,18,-10,20,-7,24,-8,28,-7,25,-3,33,0,34,2,39,-1,38,0,39,5,39,9,44,7,44,11,39,12,45,14,42,17,42,17,44,24,41,23,43,26,39,33,42,31,41,33,38,33,40,41,34,39,36,50,39,45,37,45,33,47,30,43,32,52,32,55,35,54,33,52,26,58,29,52,27,50,22,0,0]"
CSI_DATA,116,1a:00:00:00:00:00,-44,11,1,0,1,1,1,0,0,0,1,-96,0,11,2,1800898,0,44,0,384,0,"[0,0,0,0,0,0,0,0,0,0,0,0,-4,-8,-4,-8,-5,-7,-5,-7,-5,-6,-5,-5,-6,-5,-6,-4,-6,-4,-7,-3,-7,-2,-7,-2,-8,-1,-8,-1,-8,0,-8,1,-8,1,-9,1,-9,2,-9,2,-10,3,-10,3,-10,3,-10,5,-11,4,-11,5,0,0,-11,6,-12,6,-12,6,-12,6,-13,5,-13,5,-13,5,-13,4,-13,4,-13,3,-13,3,-13,2,-12,2,-12,2,-12,1,-11,1,-11,1,-10,0,-10,0,-9,-1,-9,-2,-9,-2,-8,-2,-8,-2,-7,-3,-6,-3,0,0,0,0,0,0,0,0,0,0,0,0,0,0,-7,-55,-6,-54,-14,-50,-11,-53,-17,-49,-16,-39,-16,-37,-17,-33,-26,-31,-21,-30,-25,-26,-27,-23,-33,-19,-32,-17,-32,-13,-37,-9,-41,-7,-40,-5,-41,-4,-41,-6,-43,5,-45,5,-42,9,-47,15,-45,15,-51,19,-51,24,-52,22,-57,25,-58,28,-63,26,-63,27,-65,27,-68,29,-67,30,-68,25,-72,25,-67,25,-74,21,-72,16,-72,15,-71,15,-68,7,-66,11,-61,11,-64,5,-64,-1,-65,5,-55,-5,-51,1,-54,-2,-52,-2,-45,-8,-43,-11,-39,-14,-37,-19,-34,-16,0,0,0,0,0,0,0,0,0,0,0,0,0,0,0,0,0,0,0,0,0,0,-15,38,-28,33,-30,35,-27,37,-22,18,-23,31,-25,38,-21,10,-15,31,-29,14,-27,21,-25,20,-11,26,-2,29,7,35,-5,30,7,29,-8,21,-5,22,22,12,-2,32,17,15,17,32,15,11,41,29,13,27,30,23,22,34,26,20,18,34,40,20,39,30,41,16,24,48,34,17,43,18,50,12,52,40,29,11,54,21,60,11,67,15,64,11,62,-11,53,19,65,21,75,4,70,16,59,-4,69,0,68,-10,62,-19,67,8,72,6,66,3,63,1,67,-5,0,0]"
CSI_DATA,117,1a:00:00:00:00:00,-45,11,1,0,1,1,1,0,0,0,1,-96,0,11,2,1813428,0,44,0,384,0,"[0,0,0,0,0,0,0,0,0,0,0,0,4,-10,3,-9,2,-9,2,-9,1,-9,1,-8,0,-8,-1,-8,-1,-8,-2,-7,-2,-7,-3,-7,-3,-7,-4,-6,-5,-6,-6,-6,-6,-5,-6,-5,-7,-4,-7,-4,-8,-4,-8,-4,-9,-4,-10,-4,-10,-4,-10,-4,0,0,-12,-4,-12,-4,-12,-4,-13,-4,-12,-4,-13,-5,-12,-5,-12,-5,-12,-6,-12,-6,-12,-7,-10,-7,-10,-7,-9,-7,-9,-7,-9,-7,-8,-7,-7,-7,-7,-7,-6,-7,-6,-7,-4,-7,-4,-7,-3,-7,-3,-7,-2,-6,0,0,0,0,0,0,0,0,0,0,0,0,0,0,44,-56,45,-52,36,-52,32,-49,31,-48,29,-42,25,-45,16,-42,15,-41,12,-41,10,-43,0,-39,-3,-43,-1,-36,-6,-36,-17,-34,-18,-35,-19,-34,-17,-28,-23,-29,-26,-29,-25,-29,-28,-23,-33,-25,-37,-23,-41,-27,-46,-25,-48,-22,-48,-23,-58,-22,-57,-25,-61,-26,-58,-28,-59,-26,-60,-26,-59,-34,-62,-33,-60,-31,-56,-39,-60,-38,-54,-38,-54,-42,-53,-40,-52,-43,-43,-37,-45,-41,-39,-40,-41,-43,-34,-42,-29,-44,-27,-42,-26,-46,-19,-44,-13,-38,-15,-39,-10,-39,-7,-35,0,0,0,0,0,0,0,0,0,0,0,0,0,0,0,0,0,0,0,0,0,0,-37,20,-33,16,-37,15,-35,10,-32,9,-24,6,-29,2,-25,8,-32,0,-22,9,-15,5,-12,7,-10,7,-14,9,-9,5,-11,13,-7,20,-6,16,2,22,1,27,-5,24,-4,28,8,29,10,27,5,34,11,36,7,43,12,41,11,44,12,43,18,43,18,45,18,50,22,44,22,46,23,50,30,50,34,49,36,44,38,48,37,46,44,47,40,46,50,49,48,44,47,46,54,50,57,48,53,47,63,53,57,50,66,46,58,52,66,51,66,50,59,50,60,53,0,0]"
CSI_DATA,118,1a:00:00:00:00:00,-46,11,1,0,1,1,1,0,0,0,1,-96,0,11,2,1820546,0,44,0,384,0,"[0,0,0,0,0,0,0,0,0,0,0,0,10,0,10,0,9,0,9,0,8,0,7,-1,7,-3,7,-3,6,-3,5,-3,5,-4,5,-5,4,-4,4,-5,3,-5,3,-7,2,-6,2,-6,1,-7,1,-7,1,-7,0,-8,0,-9,-1,-9,-1,-9,-1,-10,0,0,-1,-11,-1,-12,-1,-11,-1,-12,-1,-12,0,-12,0,-13,0,-12,0,-12,1,-12,2,-12,2,-11,2,-11,3,-10,3,-10,3,-9,3,-9,3,-8,3,-8,3,-7,4,-7,4,-6,4,-6,4,-5,4,-4,4,-3,0,0,0,0,0,0,0,0,0,0,0,0,0,0,77,12,71,12,69,4,58,7,58,4,51,1,53,0,50,-4,47,-5,42,-5,35,-14,38,-10,36,-15,34,-15,29,-21,25,-22,26,-25,21,-31,20,-30,15,-30,13,-38,11,-36,5,-41,5,-39,5,-43,1,-46,-5,-47,-7,-50,-3,-54,-8,-58,-5,-58,-8,-64,-8,-58,-14,-69,-12,-64,-3,-68,-5,-69,-4,-70,2,-71,0,-69,4,-66,7,-66,9,-63,13,-62,9,-59,11,-56,13,-57,22,-53,20,-48,19,-44,21,-40,22,-39,25,-36,24,-30,27,-27,26,-23,25,-17,0,0,0,0,0,0,0,0,0,0,0,0,0,0,0,0,0,0,0,0,0,0,-33,-20,-27,-22,-28,-16,-31,-23,-25,-23,-12,-26,-18,-21,-14,-16,-24,-19,-20,-15,-19,-11,-19,-10,-13,-8,-13,-6,-17,-2,-22,-1,-19,8,-14,7,-14,16,-24,16,-25,23,-27,23,-27,26,-23,26,-28,35,-23,30,-29,32,-27,37,-30,33,-30,41,-26,36,-34,45,-28,50,-29,50,-35,50,-30,53,-24,52,-28,56,-25,58,-24,59,-24,62,-18,66,-22,72,-17,72,-17,68,-16,82,-12,80,-7,80,-8,82,-12,82,-14,85,-10,83,-17,87,-15,81,-15,92,-17,88,-15,86,0,0]"
CSI_DATA,119,1a:00:00:00:00:00,-49,11,1,0,1,1,1,0,0,0,1,-96,0,11,2,1850837,0,44,0,384,0,"[0,0,0,0,0,0,0,0,0,0,0,0,-9,-8,-9,-7,-9,-7,-8,-6,-8,-5,-7,-5,-7,-4,-6,-3,-6,-3,-6,-2,-5,-1,-5,0,-5,0,-5,1,-4,1,-4,2,-3,2,-3,2,-3,3,-3,3,-2,4,-2,5,-2,5,-2,5,-2,6,-1,6,0,0,-1,8,-1,8,-1,8,-1,9,-2,9,-2,9,-2,9,-3,9,-3,9,-3,9,-4,9,-4,8,-4,7,-5,7,-5,6,-5,6,-5,6,-5,5,-5,4,-5,4,-5,3,-5,3,-5,2,-5,2,-5,1,-4,0,0,0,0,0,0,0,0,0,0,0,0,0,0,0,-80,41,-79,32,-71,35,-66,33,-63,32,-53,27,-51,28,-48,27,-46,29,-30,24,-30,25,-26,25,-23,25,-19,21,-12,24,-10,22,-11,24,-5,24,-6,19,2,20,7,26,7,20,10,22,13,18,13,18,21,21,21,19,26,22,29,19,34,17,34,23,37,26,34,24,40,26,42,27,40,35,38,29,45,34,40,34,33,40,32,42,32,37,25,38,23,38,22,40,18,39,18,35,13,38,13,32,8,30,4,30,6,28,5,30,-1,29,-3,27,-7,22,-7,19,0,0,0,0,0,0,0,0,0,0,0,0,0,0,0,0,0,0,0,0,0,0,42,-18,33,-4,43,-7,41,3,29,2,28,-3,25,8,21,1,20,4,23,-1,14,5,12,0,7,-4,11,-11,3,-10,1,-5,-3,-17,-6,-23,-4,-19,-4,-20,-12,-26,-11,-26,-17,-33,-7,-39,-18,-43,-18,-45,-16,-51,-18,-51,-17,-51,-24,-52,-19,-51,-23,-58,-22,-58,-26,-55,-29,-60,-30,-57,-33,-57,-37,-59,-36,-65,-39,-69,-46,-62,-47,-65,-50,-66,-50,-65,-53,-71,-59,-60,-58,-68,-61,-71,-60,-75,-61,-81,-58,-78,-69,-82,-62,-89,-58,-80,-60,-93,-54,-88,-57,-85,0,0]"
CSI_DATA,120,1a:00:00:00:00:00,-50,11,1,0,1,1,1,0,0,0,1,-96,0,11,2,1881803,0,44,0,384,0,"[0,0,0,0,0,0,0,0,0,0,0,0,9,-10,8,-9,6,-8,6,-8,5,-7,5,-7,4,-7,3,-6,2,-6,1,-5,1,-5,0,-5,-1,-4,-2,-4,-2,-4,-3,-4,-3,-3,-3,-3,-4,-2,-5,-2,-5,-2,-6,-1,-6,-1,-7,0,-7,0,-8,0,0,0,-9,0,-9,0,-10,0,-10,0,-10,0,-11,-1,-11,-1,-10,-2,-10,-2,-10,-2,-10,-3,-9,-3,-9,-3,-9,-3,-8,-4,-8,-4,-7,-4,-7,-4,-6,-4,-6,-4,-5,-4,-5,-4,-4,-4,-4,-4,-3,-4,-2,-4,0,0,0,0,0,0,0,0,0,0,0,0,0,0,-15,-42,-10,-42,-15,-39,-10,-35,-9,-35,-11,-32,-8,-26,-11,-26,-10,-19,-9,-20,-9,-17,-7,-14,-8,-13,-9,-10,-10,-9,-9,-7,-9,-4,-11,-3,-10,-1,-9,-1,-11,1,-8,3,-9,5,-12,6,-8,7,-10,11,-10,10,-9,14,-12,14,-10,16,-12,16,-13,17,-14,17,-13,20,-14,18,-15,18,-16,17,-17,19,-18,20,-19,17,-18,15,-21,16,-19,13,-18,13,-20,11,-18,10,-19,7,-18,6,-18,5,-16,7,-14,6,-16,4,-14,3,-13,2,-9,0,-12,0,-10,-4,0,0,0,0,0,0,0,0,0,0,0,0,0,0,0,0,0,0,0,0,0,0,0,22,-5,23,-5,20,-8,20,-7,16,-5,16,-6,13,-7,10,-6,13,-5,8,-6,6,-5,7,-4,6,0,6,2,2,0,2,6,-2,10,1,10,-2,10,-4,13,-4,16,-4,17,-3,17,-2,19,-4,21,-7,25,-7,24,-5,26,-5,26,-9,26,-8,30,-10,32,-8,31,-9,31,-10,34,-11,32,-12,34,-12,36,-15,36,-17,37,-19,34,-18,36,-18,37,-22,38,-23,41,-20,43,-25,40,-26,43,-26,43,-26,45,-26,46,-29,48,-24,46,-25,46,-23,48,-23,45,-22,0,0]"
CSI_DATA,121,1a:00:00:00:00:00,-50,11,1,0,1,1,1,0,0,0,1,-96,0,11,2,1890583,0,44,0,384,0,"[0,0,0,0,0,0,0,0,0,0,0,0,11,7,10,6,10,5,9,5,8,4,7,3,6,2,6,2,5,1,5,0,4,0,4,-1,4,-2,3,-2,3,-3,2,-4,2,-4,1,-4,1,-5,1,-5,0,-5,0,-6,-1,-6,-1,-7,-2,-8,-2,-8,0,0,-3,-9,-2,-10,-2,-10,-3,-11,-2,-11,-1,-11,-1,-12,-1,-11,0,-11,0,-11,0,-11,1,-10,1,-10,1,-10,2,-9,2,-9,2,-8,2,-8,2,-7,2,-7,3,-6,3,-6,3,-5,3,-5,3,-4,3,-3,0,0,0,0,0,0,0,0,0,0,0,0,0,0,35,-26,36,-23,32,-21,28,-19,29,-19,24,-17,24,-16,23,-15,19,-16,17,-16,11,-13,10,-14,11,-13,7,-13,5,-10,2,-10,2,-12,-1,-9,-2,-10,-4,-10,-5,-11,-6,-10,-8,-6,-8,-7,-11,-6,-13,-8,-12,-7,-15,-5,-15,-6,-19,-8,-19,-7,-20,-7,-18,-9,-21,-8,-21,-6,-23,-11,-22,-12,-23,-11,-21,-13,-20,-14,-20,-13,-19,-15,-18,-15,-18,-15,-16,-15,-16,-15,-13,-15,-14,-14,-12,-13,-10,-13,-11,-13,-9,-13,-6,-13,-5,-13,-4,-11,-3,-13,0,-10,0,0,0,0,0,0,0,0,0,0,0,0,0,0,0,0,0,0,0,0,0,0,-22,6,-22,3,-23,3,-22,-1,-20,-2,-18,-1,-14,0,-16,-2,-14,-1,-11,-3,-9,-3,-7,1,-7,0,-5,1,-2,1,-2,3,-2,8,2,6,2,6,3,9,5,12,7,14,6,13,7,15,9,16,10,18,10,21,10,20,12,22,13,24,15,22,15,26,14,28,16,27,17,29,18,29,18,28,21,26,21,28,25,29,23,30,29,27,29,28,31,31,27,27,33,32,31,32,32,30,35,31,36,35,36,34,38,34,33,39,31,36,35,41,33,38,32,39,0,0]"
CSI_DATA,122,1a:00:00:00:00:00,-49,11,1,0,1,1,1,0,0,0,1,-96,0,11,2,1902435,0,44,0,384,0,"[0,0,0,0,0,0,0,0,0,0,0,0,-8,10,-7,10,-6,8,-6,8,-5,7,-4,7,-4,6,-3,6,-2,5,-1,4,-1,4,0,4,1,3,2,3,2,3,2,2,3,2,3,2,4,1,4,0,5,0,5,0,5,0,6,-1,7,-1,7,-2,0,0,8,-2,9,-2,10,-2,9,-2,10,-1,10,-1,10,-1,10,0,10,0,10,0,10,1,9,2,9,2,9,2,8,2,8,2,7,2,7,2,6,2,6,2,5,3,5,3,4,3,4,3,3,3,2,3,0,0,0,0,0,0,0,0,0,0,0,0,0,0,16,39,15,38,18,34,14,33,10,28,13,27,11,23,12,22,10,18,9,18,9,15,10,12,9,11,9,8,9,7,10,5,12,2,11,-1,9,0,7,-1,12,-2,9,-4,9,-8,9,-11,10,-8,8,-12,7,-11,6,-16,10,-16,8,-19,10,-18,10,-21,10,-21,11,-22,13,-24,12,-19,12,-22,14,-22,16,-20,15,-19,18,-17,19,-18,20,-17,19,-17,18,-15,14,-14,15,-12,17,-12,15,-9,16,-9,15,-7,14,-7,14,-8,13,-2,12,-4,12,-2,10,1,0,0,0,0,0,0,0,0,0,0,0,0,0,0,0,0,0,0,0,0,0,0,-4,-23,-2,-20,-1,-20,1,-21,2,-20,1,-19,4,-16,4,-14,4,-12,-1,-10,1,-9,0,-6,-1,-9,-3,-4,-3,-4,-5,-3,-8,-3,-8,-1,-9,1,-12,2,-14,3,-14,1,-17,2,-17,3,-20,6,-21,6,-23,5,-26,5,-26,5,-28,9,-25,9,-31,10,-29,9,-30,10,-30,11,-33,14,-31,13,-33,17,-31,17,-33,19,-34,19,-33,22,-36,21,-35,24,-32,24,-38,27,-39,27,-39,24,-42,28,-42,26,-40,29,-46,29,-45,29,-42,26,-44,30,-45,27,-44,24,0,0]"
CSI_DATA,123,1a:00:00:00:00:00,-49,11,1,0,1,1,1,0,0,0,1,-96,0,11,2,1910543,0,44,0,384,0,"[0,0,0,0,0,0,0,0,0,0,0,0,-3,-12,-4,-11,-4,-10,-4,-10,-4,-8,-3,-8,-4,-7,-3,-6,-4,-5,-4,-4,-4,-4,-4,-3,-4,-2,-4,-1,-5,-1,-4,0,-4,0,-4,1,-4,2,-5,2,-5,3,-5,4,-4,4,-5,5,-5,5,-5,6,0,0,-6,7,-6,7,-7,7,-6,7,-7,7,-8,7,-8,7,-8,7,-8,6,-8,6,-9,5,-9,5,-8,4,-8,4,-8,3,-8,3,-7,3,-7,2,-7,2,-7,2,-7,1,-6,1,-6,0,-6,0,-6,-1,-5,-1,0,0,0,0,0,0,0,0,0,0,0,0,0,0,-44,-17,-38,-12,-39,-12,-34,-11,-33,-9,-31,-10,-27,-8,-27,-4,-22,-4,-20,-3,-17,-2,-15,0,-15,0,-15,1,-11,1,-10,5,-10,8,-9,6,-9,9,-3,7,-4,11,-4,12,-2,13,-3,12,1,13,0,14,3,14,6,14,6,17,7,19,7,20,7,22,8,20,9,22,8,21,7,23,8,24,8,25,6,28,3,25,3,24,1,25,-1,25,-1,23,-1,23,-1,24,-5,21,-4,18,-6,17,-4,15,-4,16,-5,15,-5,15,-6,13,-7,11,-8,10,-9,8,0,0,0,0,0,0,0,0,0,0,0,0,0,0,0,0,0,0,0,0,0,0,19,11,18,11,18,12,15,15,12,10,11,11,9,11,8,8,8,10,7,6,4,7,8,5,6,3,5,2,6,-3,4,-1,4,-5,5,-5,6,-7,7,-11,7,-11,8,-15,6,-14,8,-18,9,-19,9,-21,9,-22,12,-24,11,-22,12,-25,11,-24,14,-30,11,-27,11,-31,11,-32,11,-34,8,-34,10,-36,9,-33,8,-39,10,-40,7,-42,7,-42,5,-44,3,-42,1,-49,3,-45,1,-46,1,-47,5,-50,8,-51,5,-52,9,-55,7,-49,9,-53,6,-51,7,-51,0,0]"
CSI_DATA,124,1a:00:00:00:00:00,-49,11,1,0,1,1,1,0,0,0,1,-96,0,11,2,1920553,0,44,0,384,0,"[0,0,0,0,0,0,0,0,0,0,0,0,8,8,7,7,8,6,7,6,6,5,5,4,5,3,5,2,5,2,4,1,4,0,4,-1,4,-1,4,-2,3,-2,3,-3,2,-4,2,-4,2,-4,2,-5,2,-6,1,-6,1,-7,1,-7,1,-8,1,-8,0,0,1,-10,1,-10,1,-11,1,-11,2,-11,2,-11,3,-11,3,-11,3,-11,4,-10,4,-10,4,-9,4,-9,4,-8,5,-8,5,-7,4,-7,4,-6,4,-6,4,-6,4,-5,4,-5,4,-4,4,-3,4,-3,4,-2,0,0,0,0,0,0,0,0,0,0,0,0,0,0,82,-30,78,-28,67,-30,62,-28,65,-25,47,-27,49,-25,49,-25,44,-20,37,-20,29,-22,29,-20,22,-22,17,-23,12,-19,9,-21,10,-24,2,-25,-1,-20,-6,-22,-8,-26,-8,-22,-11,-22,-11,-18,-17,-20,-19,-21,-24,-24,-30,-24,-26,-27,-36,-24,-35,-28,-35,-31,-33,-33,-36,-37,-42,-37,-33,-38,-40,-45,-33,-45,-29,-44,-29,-46,-27,-44,-28,-45,-23,-42,-28,-47,-20,-41,-21,-43,-14,-42,-15,-38,-12,-35,-10,-35,-10,-37,-4,-28,-5,-31,1,-31,-4,-28,3,-27,5,-25,0,0,0,0,0,0,0,0,0,0,0,0,0,0,0,0,0,0,0,0,0,0,-42,19,-38,16,-39,11,-38,9,-36,5,-32,4,-27,4,-29,3,-24,4,-20,1,-18,4,-15,7,-12,9,-11,8,-8,7,-2,16,-1,18,-1,18,1,23,3,23,5,28,7,28,6,35,14,38,13,42,15,43,15,46,17,49,17,50,19,52,18,49,21,58,20,61,28,56,24,61,23,66,29,59,36,62,36,61,39,64,41,65,44,65,37,68,51,70,45,65,44,78,47,77,54,78,57,76,57,85,54,82,62,76,53,87,56,84,55,94,46,89,46,87,0,0]"
CSI_DATA,125,1a:00:00:00:00:00,-48,11,1,0,1,1,1,0,0,0,1,-96,0,11,2,1930589,0,44,0,384,0,"[0,0,0,0,0,0,0,0,0,0,0,0,-5,-11,-5,-11,-5,-9,-5,-9,-5,-8,-4,-7,-4,-6,-4,-5,-4,-5,-5,-4,-4,-3,-5,-2,-5,-2,-5,-1,-5,-1,-5,0,-4,1,-4,1,-5,2,-5,3,-5,3,-5,4,-5,4,-5,5,-5,6,-5,6,0,0,-6,7,-6,7,-7,7,-7,7,-7,7,-8,7,-8,7,-8,7,-9,6,-9,6,-9,6,-9,5,-9,4,-9,4,-8,3,-8,3,-8,3,-8,2,-7,2,-7,1,-7,1,-7,0,-6,0,-6,0,-6,-1,-5,-1,0,0,0,0,0,0,0,0,0,0,0,0,0,0,-83,-12,-83,-13,-79,-7,-66,-13,-65,-4,-55,-3,-54,-4,-54,1,-50,-2,-43,1,-35,-2,-29,4,-28,4,-26,10,-21,9,-18,16,-15,20,-10,17,-10,18,-5,25,-4,25,-1,23,-1,27,-2,25,-1,28,9,31,10,33,12,30,18,40,20,38,19,37,18,39,18,41,19,49,24,44,17,55,14,54,11,52,11,54,9,53,5,51,4,52,2,54,2,51,0,46,-2,46,-5,45,-6,37,-7,35,-6,30,-8,33,-10,33,-13,31,-16,28,-9,28,-12,19,-17,18,0,0,0,0,0,0,0,0,0,0,0,0,0,0,0,0,0,0,0,0,0,0,40,2,39,9,34,7,35,12,33,9,28,12,26,10,21,12,18,9,20,6,16,3,17,1,14,-7,11,-6,11,-9,8,-11,7,-19,9,-20,9,-21,8,-30,10,-31,9,-33,11,-42,7,-41,9,-45,7,-51,10,-50,11,-47,16,-51,10,-53,10,-52,12,-60,17,-65,13,-61,10,-67,9,-69,8,-74,2,-72,2,-70,-2,-78,0,-77,-5,-84,-5,-81,-7,-82,-10,-84,-2,-86,-5,-85,-6,-88,-6,-91,-4,-104,-16,-103,-11,-97,-3,-100,-3,-100,-7,-106,-2,-104,4,-108,0,0]"
CSI_DATA,126,1a:00:00:00:00:00,-48,11,1,0,1,1,1,0,0,0,1,-96,0,11,2,1941275,0,44,0,384,0,"[0,0,0,0,0,0,0,0,0,0,0,0,12,-3,11,-3,10,-3,9,-2,8,-3,7,-3,6,-4,5,-4,5,-4,4,-4,3,-4,3,-5,2,-4,1,-5,1,-5,0,-5,-1,-5,-1,-5,-2,-5,-2,-5,-3,-6,-3,-6,-4,-6,-5,-6,-5,-7,-6,-7,0,0,-7,-8,-6,-9,-7,-9,-7,-9,-6,-9,-6,-10,-6,-10,-6,-10,-5,-10,-5,-10,-4,-11,-3,-10,-3,-10,-3,-10,-2,-10,-2,-9,-2,-9,-1,-8,-1,-8,-1,-7,0,-7,0,-7,0,-6,1,-6,1,-5,1,-5,0,0,0,0,0,0,0,0,0,0,0,0,0,0,14,-40,14,-38,10,-36,11,-34,10,-32,9,-29,6,-29,7,-26,4,-23,3,-23,2,-20,-1,-18,-1,-19,0,-15,-3,-15,-6,-13,-9,-11,-9,-10,-8,-9,-12,-9,-13,-5,-11,-7,-12,-3,-15,-3,-14,-3,-16,-2,-18,1,-19,3,-21,2,-22,2,-24,1,-27,1,-23,0,-25,3,-28,1,-27,0,-29,-4,-28,-4,-28,-4,-28,-7,-28,-5,-29,-6,-28,-6,-25,-9,-24,-7,-22,-9,-22,-7,-22,-8,-18,-11,-17,-10,-16,-10,-14,-12,-12,-12,-10,-9,-11,-10,-9,-11,-6,-9,0,0,0,0,0,0,0,0,0,0,0,0,0,0,0,0,0,0,0,0,0,0,-1,19,-3,18,-8,19,-6,17,-3,13,-6,12,-8,12,-5,13,-5,10,-5,9,-4,10,1,10,2,9,1,4,5,7,1,9,5,11,10,9,10,7,11,9,14,8,15,6,16,8,19,8,21,9,21,7,22,10,24,9,24,10,27,8,24,9,29,8,27,11,30,10,31,12,31,9,33,8,33,8,35,7,39,5,36,6,38,3,40,4,42,3,42,4,39,3,45,3,47,4,47,3,50,7,47,2,52,3,53,7,49,8,52,6,49,8,48,11,0,0]"
CSI_DATA,127,1a:00:00:00:00:00,-47,11,1,0,1,1,1,0,0,0,1,-96,0,11,2,1960558,0,44,0,384,0,"[0,0,0,0,0,0,0,0,0,0,0,0,-12,-4,-11,-3,-11,-2,-11,-2,-10,-2,-9,-2,-8,-1,-8,0,-8,0,-6,0,-6,1,-6,1,-6,1,-5,2,-5,2,-5,3,-4,4,-3,4,-3,4,-3,5,-2,4,-2,5,-1,6,-1,6,-1,7,-1,7,0,0,-1,9,-1,8,-1,9,-2,9,-2,9,-3,9,-3,9,-3,9,-4,10,-4,9,-4,8,-5,8,-5,7,-5,7,-5,6,-5,6,-5,5,-5,5,-5,5,-4,4,-5,4,-5,3,-4,3,-4,2,-5,2,-4,1,0,0,0,0,0,0,0,0,0,0,0,0,0,0,-43,-3,-39,-4,-40,-2,-36,-6,-32,-2,-31,-4,-29,-1,-29,0,-23,0,-24,2,-23,0,-19,3,-19,3,-17,5,-16,6,-13,8,-13,10,-12,8,-12,10,-9,12,-4,13,-6,12,-7,12,-5,15,-2,13,0,17,0,17,1,21,1,20,4,21,2,21,5,24,0,24,3,27,3,23,-2,28,1,28,-1,29,-2,28,-5,27,-4,26,-5,25,-8,25,-7,23,-8,23,-9,20,-10,21,-8,19,-10,16,-10,15,-9,13,-11,13,-9,12,-12,11,-11,7,-11,7,-10,6,0,0,0,0,0,0,0,0,0,0,0,0,0,0,0,0,0,0,0,0,0,0,20,-4,21,-3,18,-2,20,-2,16,0,15,1,15,-1,14,0,12,2,11,1,11,-4,8,-2,11,-5,9,-4,10,-6,6,-8,4,-10,7,-10,5,-14,5,-11,5,-14,6,-18,2,-16,4,-18,5,-19,3,-23,5,-23,4,-26,6,-23,4,-28,3,-26,4,-31,3,-30,3,-27,2,-31,2,-32,0,-31,-3,-34,-1,-34,-2,-38,-2,-38,-4,-37,-3,-40,-6,-38,-6,-42,-8,-39,-7,-43,-10,-42,-8,-44,-7,-45,-8,-47,-8,-49,-4,-52,-3,-46,-5,-50,-4,-53,-3,-49,0,0]"
CSI_DATA,128,1a:00:00:00:00:00,-46,11,1,0,1,1,1,0,0,0,1,-96,0,11,2,1980562,0,44,0,384,0,"[0,0,0,0,0,0,0,0,0,0,0,0,-5,11,-4,11,-3,11,-3,10,-3,9,-3,9,-2,8,-1,7,-2,7,0,6,-1,6,0,6,1,5,1,5,1,4,2,5,3,4,2,4,3,3,4,3,4,3,5,3,5,3,6,2,7,3,7,2,0,0,7,3,8,3,8,4,8,4,8,4,8,4,8,5,8,5,8,6,7,6,7,6,6,6,5,6,5,6,4,6,4,6,3,6,3,6,2,6,2,5,1,5,1,5,0,5,0,4,0,4,-1,3,0,0,0,0,0,0,0,0,0,0,0,0,0,0,-20,39,-18,34,-16,35,-17,34,-15,32,-15,30,-14,26,-13,28,-11,21,-9,24,-6,22,-6,21,-6,22,-2,17,-5,20,3,16,2,14,4,15,6,15,4,15,9,13,9,11,11,11,11,11,13,9,12,9,14,10,19,10,16,7,21,8,22,8,22,12,21,9,24,12,23,11,25,15,24,15,22,14,20,17,21,18,20,16,20,20,16,19,17,19,17,18,12,19,13,20,12,17,9,20,9,17,5,16,5,17,1,14,1,14,3,13,0,14,-2,11,0,0,0,0,0,0,0,0,0,0,0,0,0,0,0,0,0,0,0,0,0,0,-2,-23,-2,-21,1,-22,2,-21,2,-19,2,-19,2,-15,0,-16,1,-15,2,-15,1,-15,-2,-12,0,-10,0,-12,-5,-11,-2,-10,-7,-10,-8,-12,-9,-10,-11,-9,-9,-9,-12,-9,-14,-10,-16,-12,-16,-10,-17,-10,-19,-10,-22,-12,-18,-12,-22,-12,-21,-9,-26,-13,-27,-13,-27,-12,-28,-11,-30,-13,-28,-10,-32,-9,-32,-10,-33,-10,-35,-10,-36,-9,-37,-8,-38,-8,-40,-7,-42,-8,-44,-7,-42,-6,-43,-8,-43,-9,-47,-10,-48,-10,-51,-14,-47,-12,-49,-16,-50,-14,-45,-15,0,0]"
CSI_DATA,129,1a:00:00:00:00:00,-46,11,1,0,1,1,1,0,0,0,1,-96,0,11,2,1992233,0,44,0,384,0,"[0,0,0,0,0,0,0,0,0,0,0,0,0,-13,0,-13,-2,-11,0,-12,-1,-11,-1,-10,-1,-9,-1,-9,-2,-8,-2,-7,-2,-8,-3,-7,-3,-6,-4,-5,-4,-5,-4,-5,-4,-4,-5,-4,-5,-3,-6,-3,-6,-3,-7,-2,-6,-2,-7,-2,-8,-2,-8,-2,0,0,-9,-2,-9,-2,-10,-2,-10,-2,-11,-3,-11,-3,-11,-3,-10,-4,-10,-4,-9,-5,-9,-5,-9,-5,-8,-6,-7,-6,-7,-6,-7,-6,-6,-5,-6,-6,-5,-6,-5,-5,-4,-6,-3,-5,-3,-5,-3,-5,-2,-5,-1,-4,0,0,0,0,0,0,0,0,0,0,0,0,0,0,3,-44,1,-42,4,-39,4,-39,5,-38,2,-32,2,-34,0,-32,1,-28,-2,-27,0,-26,-2,-24,-3,-24,-4,-21,-5,-21,-7,-20,-5,-18,-7,-15,-10,-13,-10,-14,-12,-13,-11,-12,-12,-9,-15,-9,-14,-9,-16,-8,-16,-7,-20,-5,-19,-6,-21,-5,-22,-7,-24,-7,-24,-7,-28,-7,-28,-8,-28,-10,-27,-9,-28,-11,-28,-14,-25,-15,-24,-17,-26,-16,-21,-18,-21,-15,-17,-15,-18,-17,-16,-17,-14,-18,-14,-16,-13,-17,-9,-17,-11,-16,-8,-13,-5,-14,-4,-13,-2,-14,-1,-11,0,0,0,0,0,0,0,0,0,0,0,0,0,0,0,0,0,0,0,0,0,0,11,20,11,19,11,19,10,18,6,16,5,18,5,17,8,15,4,17,4,14,4,14,4,12,5,12,4,13,6,9,8,9,12,9,9,7,10,5,10,4,13,5,13,4,15,3,16,2,18,2,19,3,18,2,19,4,22,4,23,2,22,2,25,2,28,3,27,0,29,0,30,-3,31,-1,31,-3,31,-2,34,-7,34,-4,35,-7,36,-5,38,-7,36,-8,41,-12,39,-8,41,-8,41,-9,45,-7,44,-7,45,-9,48,-5,50,-4,49,-7,48,-4,50,-1,0,0]"
CSI_DATA,130,1a:00:00:00:00:00,-45,11,1,0,1,1,1,0,0,0,1,-96,0,11,2,2010873,0,44,0,384,0,"[0,0,0,0,0,0,0,0,0,0,0,0,1,-15,1,-14,0,-13,0,-13,0,-12,0,-11,-1,-11,-1,-10,-1,-10,-2,-8,-2,-8,-3,-8,-3,-7,-3,-6,-4,-6,-4,-6,-5,-6,-5,-5,-5,-5,-6,-4,-6,-4,-7,-4,-7,-4,-8,-3,-9,-3,-9,-4,0,0,-9,-3,-10,-4,-11,-4,-10,-4,-10,-4,-11,-5,-10,-5,-10,-5,-10,-6,-9,-6,-9,-7,-8,-7,-7,-7,-7,-8,-6,-7,-6,-7,-5,-7,-5,-7,-5,-7,-4,-6,-3,-7,-3,-6,-2,-6,-2,-5,-1,-5,-1,-5,0,0,0,0,0,0,0,0,0,0,0,0,0,0,13,-40,13,-38,12,-37,12,-34,11,-35,12,-32,8,-29,7,-29,6,-26,5,-28,4,-26,4,-24,2,-24,1,-20,-1,-21,-4,-20,-4,-20,-5,-16,-7,-17,-7,-15,-8,-15,-11,-13,-13,-14,-11,-14,-10,-11,-15,-12,-15,-10,-19,-8,-17,-12,-21,-11,-22,-9,-23,-12,-21,-12,-24,-13,-24,-14,-22,-16,-24,-17,-24,-17,-22,-19,-21,-19,-18,-17,-19,-20,-17,-19,-16,-19,-14,-21,-15,-20,-12,-20,-9,-19,-10,-18,-7,-18,-8,-18,-6,-17,-4,-15,-3,-15,-1,-15,-2,-13,1,-12,0,0,0,0,0,0,0,0,0,0,0,0,0,0,0,0,0,0,0,0,0,0,6,22,5,23,4,21,3,22,2,21,1,21,0,20,-1,17,1,17,0,16,0,17,1,14,2,15,1,12,1,13,3,11,3,14,5,13,9,11,6,10,8,12,10,10,11,10,13,8,15,9,15,10,16,10,18,9,15,8,23,9,17,9,23,9,23,10,23,8,24,6,27,7,28,7,30,8,29,5,30,5,32,5,35,4,35,7,37,4,40,1,38,1,39,4,40,4,42,3,43,3,44,3,48,4,46,7,42,7,48,7,46,9,45,9,0,0]"
CSI_DATA,131,1a:00:00:00:00:00,-45,11,1,0,1,1,1,0,0,0,1,-96,0,11,2,2021589,0,44,0,384,0,"[0,0,0,0,0,0,0,0,0,0,0,0,4,12,4,11,4,10,4,10,4,9,3,8,4,8,3,7,3,7,4,6,4,6,5,5,5,4,4,4,5,3,5,3,5,2,5,2,5,1,6,1,6,1,6,0,7,0,7,0,8,-1,8,-1,0,0,9,-1,9,-1,10,-1,10,-1,10,0,10,0,10,1,10,2,9,2,9,2,9,3,8,3,8,3,7,4,6,4,6,4,6,4,5,4,4,4,4,4,3,4,3,4,2,3,2,3,1,4,1,3,0,0,0,0,0,0,0,0,0,0,0,0,0,0,16,77,14,77,17,76,17,69,15,71,12,69,16,57,13,60,17,54,15,47,19,47,16,44,18,45,19,35,16,35,22,29,25,27,27,21,21,26,30,21,30,15,30,19,30,10,32,7,35,7,37,10,39,4,41,-3,44,-1,46,-1,45,-3,50,-2,48,2,54,1,53,-1,55,9,58,2,57,6,55,15,55,11,55,18,53,20,49,19,48,21,44,21,43,25,34,26,37,23,28,23,26,25,25,25,21,25,18,23,18,22,14,21,11,23,8,23,0,0,0,0,0,0,0,0,0,0,0,0,0,0,0,0,0,0,0,0,0,0,-40,-27,-35,-33,-35,-36,-27,-34,-27,-34,-25,-35,-22,-35,-23,-33,-22,-34,-20,-28,-18,-26,-23,-23,-21,-24,-21,-24,-21,-21,-23,-19,-24,-19,-21,-15,-23,-13,-29,-11,-26,-9,-31,-9,-33,-9,-34,-5,-38,-6,-40,0,-40,-1,-41,0,-43,2,-49,2,-41,5,-51,6,-47,7,-53,10,-59,10,-55,11,-54,14,-58,17,-59,19,-61,27,-63,23,-67,25,-68,24,-69,33,-70,30,-65,32,-72,27,-75,31,-75,38,-78,38,-81,34,-84,39,-89,34,-83,31,-95,28,-91,32,-90,27,0,0]"
CSI_DATA,132,1a:00:00:00:00:00,-45,11,1,0,1,1,1,0,0,0,1,-96,0,11,2,2031717,0,44,0,384,0,"[0,0,0,0,0,0,0,0,0,0,0,0,8,8,8,7,9,7,8,7,7,6,7,6,7,5,6,4,6,4,6,3,6,3,7,1,6,2,6,1,6,1,6,0,6,-1,5,-1,6,-2,6,-2,6,-3,6,-3,6,-3,6,-4,7,-4,7,-4,0,0,8,-5,9,-5,9,-5,9,-5,9,-4,9,-4,9,-4,9,-3,9,-3,9,-2,9,-2,9,-1,8,-1,8,0,8,0,8,1,7,1,6,1,5,1,5,1,5,2,5,2,4,2,3,2,3,2,2,2,0,0,0,0,0,0,0,0,0,0,0,0,0,0,53,69,47,66,52,58,48,55,43,53,38,51,40,46,41,44,38,40,35,39,37,36,29,33,35,28,36,23,34,18,33,17,39,12,35,9,36,10,35,5,37,8,35,-1,36,-3,41,-4,37,-7,39,-10,38,-13,39,-16,45,-19,44,-18,46,-19,48,-17,50,-19,55,-23,47,-23,56,-16,61,-16,54,-15,57,-9,57,-7,56,-3,53,-3,55,-2,52,-2,45,5,43,7,45,11,40,8,38,10,35,13,32,13,29,16,29,16,23,15,24,18,19,17,14,19,0,0,0,0,0,0,0,0,0,0,0,0,0,0,0,0,0,0,0,0,0,0,-48,-4,-49,-6,-44,-10,-46,-11,-40,-13,-40,-16,-39,-13,-37,-18,-39,-15,-30,-15,-33,-17,-31,-12,-32,-8,-31,-11,-28,-9,-30,-6,-32,-3,-31,-3,-32,0,-29,2,-29,4,-35,5,-29,11,-31,16,-32,16,-35,20,-36,19,-36,19,-38,23,-38,27,-38,27,-42,33,-43,35,-40,30,-47,35,-44,38,-42,35,-43,45,-44,45,-44,51,-45,51,-45,54,-48,54,-45,59,-47,55,-44,56,-49,61,-50,67,-55,67,-53,71,-57,72,-58,73,-60,67,-61,66,-67,72,-63,72,-69,65,0,0]"
CSI_DATA,133,1a:00:00:00:00:00,-45,11,1,0,1,1,1,0,0,0,1,-96,0,11,2,2042308,0,44,0,384,0,"[0,0,0,0,0,0,0,0,0,0,0,0,14,0,13,-2,13,-1,12,-1,11,-1,9,-1,10,-2,9,-2,8,-3,8,-3,7,-3,7,-4,6,-4,6,-5,5,-4,5,-6,4,-6,4,-6,3,-6,3,-7,3,-7,3,-8,2,-8,2,-9,2,-9,2,-10,0,0,2,-11,2,-11,3,-11,2,-12,3,-11,4,-12,4,-11,4,-11,5,-11,5,-10,6,-10,6,-9,6,-8,6,-8,6,-7,6,-7,6,-6,5,-6,5,-5,5,-4,5,-4,5,-3,5,-3,5,-2,4,-2,3,-1,0,0,0,0,0,0,0,0,0,0,0,0,0,0,38,13,36,11,38,10,34,7,33,7,29,7,28,7,29,7,26,2,24,4,23,1,21,-1,22,-2,21,-2,20,-3,17,-5,20,-8,17,-7,16,-8,14,-10,13,-10,11,-14,11,-15,11,-13,10,-15,10,-18,9,-19,11,-20,11,-22,8,-22,10,-23,9,-26,11,-26,12,-25,12,-25,13,-28,15,-25,16,-27,14,-25,15,-25,17,-22,16,-21,18,-20,19,-19,19,-19,19,-16,17,-14,17,-11,14,-10,14,-9,17,-9,15,-8,14,-8,15,-4,13,-2,12,-2,10,-1,0,0,0,0,0,0,0,0,0,0,0,0,0,0,0,0,0,0,0,0,0,0,-23,7,-25,3,-23,3,-24,1,-23,2,-20,0,-19,-3,-20,-2,-20,-1,-19,-1,-19,-3,-17,0,-19,2,-18,1,-15,2,-16,1,-15,3,-15,5,-14,5,-15,6,-13,7,-16,10,-12,9,-13,13,-13,12,-11,14,-13,15,-12,17,-14,17,-12,19,-12,18,-12,22,-13,21,-12,22,-12,24,-11,27,-9,24,-8,28,-11,30,-9,33,-9,31,-6,32,-6,31,-6,34,-5,34,-4,38,-6,40,-4,39,-6,42,-7,43,-7,43,-3,43,-7,43,-8,44,-9,46,-8,47,-9,45,0,0]"
CSI_DATA,134,1a:00:00:00:00:00,-45,11,1,0,1,1,1,0,0,0,1,-96,0,11,2,2050919,0,44,0,384,0,"[0,0,0,0,0,0,0,0,0,0,0,0,-13,-2,-13,-2,-12,-1,-12,-2,-11,-1,-10,-1,-9,0,-9,0,-9,1,-8,1,-8,1,-7,2,-6,2,-6,2,-7,3,-6,3,-5,4,-5,4,-5,5,-5,5,-5,5,-5,6,-4,6,-4,7,-4,7,-4,8,0,0,-4,9,-5,9,-5,9,-5,8,-6,8,-6,9,-6,9,-6,8,-7,8,-7,7,-8,7,-8,6,-8,5,-8,5,-7,4,-8,4,-7,3,-7,3,-6,2,-6,2,-6,2,-6,1,-5,1,-6,0,-5,0,-5,-1,0,0,0,0,0,0,0,0,0,0,0,0,0,0,-40,-17,-39,-17,-36,-13,-33,-14,-32,-13,-30,-11,-31,-11,-31,-9,-28,-8,-23,-7,-24,-5,-23,-5,-22,-4,-21,-3,-20,-2,-19,0,-19,1,-21,3,-18,2,-16,6,-17,8,-16,7,-14,9,-16,11,-16,15,-16,13,-17,14,-15,17,-17,16,-16,20,-16,16,-19,19,-20,20,-20,21,-20,22,-23,18,-22,19,-24,17,-24,16,-25,15,-25,12,-26,12,-24,11,-26,11,-23,8,-24,7,-22,4,-23,5,-20,2,-19,2,-19,0,-18,-1,-17,0,-16,-3,-14,-3,-14,-4,-10,-5,0,0,0,0,0,0,0,0,0,0,0,0,0,0,0,0,0,0,0,0,0,0,20,-14,22,-10,23,-9,22,-7,22,-7,20,-5,18,-3,18,-5,18,-4,19,-6,17,-2,16,-5,16,-6,16,-4,14,-4,14,-5,12,-8,13,-5,12,-9,11,-10,13,-9,11,-11,10,-13,12,-15,12,-15,11,-17,10,-17,11,-19,11,-18,11,-19,8,-19,9,-23,11,-23,9,-23,9,-25,8,-26,9,-28,6,-28,8,-29,6,-32,6,-31,6,-35,7,-35,6,-38,4,-35,1,-38,5,-38,4,-42,6,-43,6,-46,8,-44,7,-46,9,-44,9,-43,10,-46,11,-44,10,-46,0,0]"
CSI_DATA,135,1a:00:00:00:00:00,-45,11,1,0,1,1,1,0,0,0,1,-96,0,11,2,2060575,0,44,0,384,0,"[0,0,0,0,0,0,0,0,0,0,0,0,-12,5,-11,5,-11,5,-10,4,-10,5,-9,4,-8,5,-7,5,-7,5,-6,5,-5,5,-6,5,-5,5,-5,5,-4,5,-3,6,-2,6,-2,6,-1,6,-1,6,-1,7,0,7,0,7,0,8,1,8,1,9,0,0,1,9,1,10,1,10,1,10,0,10,0,10,0,10,-1,10,-1,11,-2,10,-2,10,-3,9,-3,8,-3,8,-3,8,-3,7,-4,7,-4,6,-4,6,-4,5,-4,4,-4,4,-4,3,-4,3,-4,2,-4,2,0,0,0,0,0,0,0,0,0,0,0,0,0,0,-78,15,-77,19,-71,19,-70,15,-70,19,-61,18,-61,21,-55,15,-50,18,-46,14,-48,21,-37,21,-38,24,-34,26,-29,24,-26,27,-29,31,-22,26,-22,26,-19,29,-13,32,-15,33,-6,33,-9,35,-10,32,-5,42,-3,41,-1,41,-3,49,0,48,0,46,0,49,-6,52,-3,49,0,57,-4,54,-6,56,-9,59,-14,54,-16,55,-18,56,-15,49,-20,49,-20,48,-25,43,-23,42,-25,34,-25,34,-24,28,-25,26,-25,24,-23,22,-26,19,-25,17,-20,17,-21,12,-21,11,0,0,0,0,0,0,0,0,0,0,0,0,0,0,0,0,0,0,0,0,0,0,22,-43,27,-35,30,-37,30,-33,32,-31,29,-28,29,-25,30,-24,32,-26,29,-24,28,-21,23,-26,22,-28,22,-27,19,-24,23,-26,17,-26,14,-22,15,-26,10,-31,11,-28,10,-34,5,-34,4,-37,4,-43,1,-38,0,-41,0,-46,4,-45,-3,-44,-8,-44,-4,-51,-8,-49,-6,-52,-9,-53,-11,-53,-17,-53,-16,-52,-19,-56,-26,-64,-23,-61,-28,-61,-30,-62,-36,-65,-34,-59,-34,-63,-35,-67,-36,-71,-37,-72,-43,-79,-40,-80,-43,-81,-32,-84,-38,-80,-38,-85,-35,-83,-30,-88,0,0]"
CSI_DATA,136,1a:00:00:00:00:00,-44,11,1,0,1,1,1,0,0,0,1,-96,0,11,2,2070814,0,44,0,384,0,"[0,0,0,0,0,0,0,0,0,0,0,0,8,-11,7,-10,6,-10,6,-9,5,-9,5,-9,4,-9,4,-8,3,-8,2,-8,2,-8,1,-8,0,-8,0,-7,0,-7,-1,-8,-2,-7,-2,-7,-3,-7,-3,-7,-4,-7,-4,-7,-4,-7,-5,-8,-5,-8,-5,-8,0,0,-6,-9,-6,-9,-6,-9,-6,-10,-6,-10,-5,-10,-5,-10,-5,-10,-5,-10,-4,-10,-3,-11,-2,-10,-2,-10,-1,-10,-1,-9,-1,-9,-1,-9,0,-8,0,-8,0,-7,1,-7,1,-6,1,-6,2,-5,2,-5,2,-4,0,0,0,0,0,0,0,0,0,0,0,0,0,0,54,-64,51,-58,44,-59,46,-57,42,-53,39,-48,34,-50,34,-47,33,-45,29,-46,20,-44,23,-44,17,-44,14,-38,12,-39,4,-39,6,-40,2,-33,-4,-33,-5,-35,-9,-39,-7,-37,-13,-35,-14,-34,-16,-32,-18,-35,-24,-41,-29,-39,-26,-40,-34,-43,-28,-43,-32,-47,-28,-46,-32,-46,-34,-47,-28,-56,-27,-56,-29,-54,-25,-53,-19,-58,-19,-52,-15,-59,-11,-55,-6,-55,-6,-49,-5,-51,0,-50,-1,-45,0,-40,1,-41,2,-39,8,-36,9,-33,11,-32,12,-25,11,-24,13,-19,0,0,0,0,0,0,0,0,0,0,0,0,0,0,0,0,0,0,0,0,0,0,5,47,-3,48,-2,49,-3,49,-7,43,-10,43,-7,41,-7,39,-7,36,-5,35,-6,33,-8,34,-5,31,-5,31,-2,27,0,30,4,33,4,33,6,29,6,33,8,32,12,30,15,32,16,30,17,32,19,32,19,33,27,36,27,34,32,34,29,32,38,36,37,33,37,28,40,32,43,37,45,31,47,35,46,33,53,35,54,33,56,32,62,34,64,33,64,33,73,31,69,31,73,29,71,35,81,42,77,38,76,40,81,46,77,47,79,52,80,46,78,52,0,0]"
CSI_DATA,137,1a:00:00:00:00:00,-44,11,1,0,1,1,1,0,0,0,1,-96,0,11,2,2090519,0,44,0,384,0,"[0,0,0,0,0,0,0,0,0,0,0,0,-9,9,-9,9,-8,9,-8,8,-7,8,-6,7,-6,8,-5,7,-5,7,-4,7,-3,7,-2,7,-2,6,-1,6,-1,6,0,7,0,6,1,6,1,6,2,6,2,6,3,6,3,6,4,7,4,7,4,7,0,0,5,8,4,8,5,9,5,9,4,9,4,9,4,10,3,9,3,10,2,10,2,10,1,10,1,9,0,8,0,8,-1,8,0,7,-1,7,-1,7,-1,6,-2,6,-2,5,-2,5,-3,4,-3,4,-3,3,0,0,0,0,0,0,0,0,0,0,0,0,0,0,-65,46,-67,45,-62,49,-53,43,-51,46,-49,39,-51,37,-45,39,-41,34,-36,36,-34,37,-29,37,-27,37,-18,36,-22,35,-17,37,-14,41,-11,36,-7,32,-3,31,1,38,1,36,4,36,8,37,8,38,14,37,19,37,17,36,20,43,26,41,23,44,29,48,25,47,27,51,29,51,25,50,21,54,22,54,17,58,14,52,13,56,8,55,7,53,6,50,-2,49,4,47,0,46,-3,43,-3,37,-5,35,-10,37,-6,36,-13,32,-9,26,-13,27,-12,20,-18,18,0,0,0,0,0,0,0,0,0,0,0,0,0,0,0,0,0,0,0,0,0,0,15,-44,19,-44,20,-44,23,-40,25,-40,21,-36,23,-32,20,-32,22,-34,22,-31,22,-30,15,-28,15,-36,14,-35,14,-27,13,-29,5,-30,11,-30,4,-29,6,-32,5,-30,-1,-34,-2,-32,-8,-37,-4,-40,-12,-37,-11,-39,-12,-40,-12,-39,-18,-41,-18,-38,-19,-43,-22,-44,-24,-44,-27,-46,-33,-45,-31,-49,-34,-46,-38,-48,-42,-50,-40,-49,-48,-48,-46,-49,-54,-53,-52,-48,-62,-50,-60,-52,-58,-52,-65,-56,-63,-59,-65,-58,-67,-61,-68,-67,-65,-59,-67,-69,-62,-70,-63,-65,0,0]"
CSI_DATA,138,1a:00:00:00:00:00,-45,11,1,0,1,1,1,0,0,0,1,-96,0,11,2,2100814,0,44,0,384,0,"[0,0,0,0,0,0,0,0,0,0,0,0,13,1,12,0,12,0,12,0,10,0,10,-1,10,-1,9,-2,8,-2,7,-2,7,-3,6,-4,6,-3,6,-4,6,-4,6,-5,5,-5,4,-6,4,-6,4,-6,3,-7,3,-7,3,-8,3,-9,3,-9,3,-10,0,0,3,-10,4,-10,4,-11,4,-10,5,-11,5,-10,6,-11,6,-10,6,-9,6,-9,6,-9,7,-7,7,-7,7,-7,7,-6,7,-6,6,-5,6,-4,6,-4,6,-4,5,-3,5,-2,5,-2,5,-1,4,-1,4,0,0,0,0,0,0,0,0,0,0,0,0,0,0,0,42,11,36,9,38,7,33,7,33,4,28,5,30,5,30,6,28,2,25,3,23,0,23,-1,23,-4,18,-4,20,-3,19,-7,19,-7,17,-8,16,-8,13,-11,13,-10,13,-12,12,-14,13,-14,10,-14,11,-18,9,-18,10,-20,11,-20,10,-23,11,-22,13,-24,12,-23,13,-25,12,-26,16,-26,16,-27,15,-24,19,-24,19,-24,18,-22,18,-20,20,-17,21,-18,20,-18,18,-13,19,-13,20,-12,18,-11,17,-9,16,-7,15,-7,16,-6,15,-2,15,-3,13,0,12,1,0,0,0,0,0,0,0,0,0,0,0,0,0,0,0,0,0,0,0,0,0,0,-21,12,-22,10,-21,7,-23,9,-22,5,-21,7,-21,5,-19,4,-18,4,-18,4,-18,4,-16,5,-18,4,-17,7,-17,4,-15,7,-14,8,-13,6,-13,10,-14,10,-13,9,-14,14,-9,11,-13,13,-13,14,-10,16,-9,18,-11,19,-12,19,-9,23,-10,20,-11,23,-9,24,-9,24,-11,26,-6,27,-7,25,-7,27,-6,27,-4,31,-5,32,-4,32,-3,35,-1,36,-2,33,3,38,2,38,1,40,2,42,-3,43,-4,43,-1,45,-4,45,-2,42,-6,47,-6,46,-6,43,0,0]"
CSI_DATA,139,1a:00:00:00:00:00,-44,11,1,0,1,1,1,0,0,0,1,-96,0,11,2,2110586,0,44,0,384,0,"[0,0,0,0,0,0,0,0,0,0,0,0,-12,4,-12,4,-11,4,-11,3,-10,3,-9,3,-8,4,-8,4,-7,4,-6,3,-6,4,-6,4,-5,4,-5,5,-4,5,-4,6,-3,6,-3,5,-2,6,-2,6,-2,6,-1,7,-1,7,0,7,-1,8,0,9,0,0,0,9,0,9,0,10,0,10,-1,10,-1,10,-2,10,-2,10,-2,10,-3,9,-4,9,-4,8,-4,8,-5,8,-4,7,-4,7,-4,6,-4,6,-4,5,-4,5,-5,4,-5,4,-5,3,-5,2,-4,2,-4,1,0,0,0,0,0,0,0,0,0,0,0,0,0,0,-82,1,-81,0,-74,3,-71,4,-74,4,-64,6,-62,3,-60,3,-51,4,-50,9,-48,10,-43,14,-45,12,-41,16,-34,16,-32,18,-32,19,-29,23,-26,23,-25,27,-19,29,-19,32,-17,30,-16,32,-14,33,-17,35,-13,42,-9,40,-10,45,-5,51,-8,49,-9,53,-10,51,-14,54,-11,55,-17,57,-21,54,-20,54,-21,54,-26,53,-26,50,-27,48,-30,48,-30,42,-33,40,-30,39,-31,34,-31,33,-31,26,-28,24,-29,23,-29,19,-31,18,-28,10,-25,9,-25,11,-22,5,0,0,0,0,0,0,0,0,0,0,0,0,0,0,0,0,0,0,0,0,0,0,32,-35,34,-31,38,-29,38,-24,41,-25,36,-20,34,-18,35,-18,32,-17,33,-18,33,-19,29,-18,28,-24,28,-21,26,-20,26,-20,23,-28,23,-25,18,-26,19,-27,20,-25,20,-33,16,-32,12,-35,15,-35,8,-40,13,-40,9,-41,12,-45,8,-48,6,-43,8,-49,5,-51,7,-50,2,-54,-1,-55,-2,-57,-8,-58,-3,-60,-6,-61,-8,-62,-14,-67,-12,-63,-11,-68,-20,-71,-14,-72,-19,-73,-23,-74,-20,-78,-22,-86,-19,-85,-26,-89,-17,-90,-16,-86,-16,-94,-11,-90,-11,-90,0,0]"
CSI_DATA,140,1a:00:00:00:00:00,-44,11,1,0,1,1,1,0,0,0,1,-96,0,11,2,2120576,0,44,0,384,0,"[0,0,0,0,0,0,0,0,0,0,0,0,3,-13,2,-13,1,-11,1,-12,1,-10,1,-11,0,-10,-1,-9,0,-9,-1,-8,-2,-8,-2,-8,-3,-7,-3,-7,-3,-6,-4,-6,-5,-6,-4,-6,-5,-5,-6,-5,-6,-5,-7,-5,-6,-5,-8,-4,-8,-5,-9,-5,0,0,-9,-5,-9,-6,-10,-6,-9,-6,-10,-6,-9,-7,-9,-7,-9,-7,-8,-8,-8,-8,-8,-8,-7,-8,-6,-8,-6,-8,-5,-8,-5,-8,-4,-7,-4,-7,-3,-7,-3,-7,-2,-7,-2,-6,-2,-6,-1,-6,-1,-5,0,-5,0,0,0,0,0,0,0,0,0,0,0,0,0,0,23,-35,21,-32,20,-32,19,-33,17,-30,16,-30,14,-23,16,-26,11,-23,10,-24,10,-24,5,-22,7,-23,4,-21,6,-21,2,-23,-1,-19,-1,-18,-3,-18,-4,-18,-8,-18,-8,-15,-8,-17,-10,-16,-10,-15,-13,-18,-13,-17,-14,-16,-17,-18,-16,-19,-16,-20,-19,-22,-17,-19,-20,-22,-18,-20,-16,-25,-18,-25,-17,-25,-15,-26,-16,-26,-13,-24,-11,-25,-8,-27,-9,-26,-9,-24,-5,-23,-4,-23,-3,-22,-4,-21,0,-19,0,-18,0,-18,2,-15,2,-15,4,-12,5,-14,3,-12,0,0,0,0,0,0,0,0,0,0,0,0,0,0,0,0,0,0,0,0,0,0,5,22,3,23,1,23,0,23,0,19,-2,22,-1,18,-1,19,-3,20,-2,16,0,17,0,17,0,17,1,16,0,17,2,15,4,17,3,14,4,14,6,14,6,13,9,15,9,14,11,14,11,15,15,15,11,16,15,17,13,14,18,17,15,14,19,20,19,15,21,14,21,15,21,16,24,15,27,16,25,16,26,14,28,15,28,12,32,13,32,12,33,14,32,9,36,14,36,12,36,13,39,15,39,15,41,17,44,19,37,18,43,20,40,19,39,20,0,0]"
CSI_DATA,141,1a:00:00:00:00:00,-44,11,1,0,1,1,1,0,0,0,1,-96,0,11,2,2131715,0,44,0,384,0,"[0,0,0,0,0,0,0,0,0,0,0,0,12,1,11,0,11,0,11,1,10,0,9,0,9,-1,8,-2,7,-2,6,-2,7,-3,6,-3,6,-3,5,-3,4,-4,4,-6,4,-5,4,-6,3,-6,3,-6,3,-7,4,-7,3,-7,2,-8,3,-9,2,-10,0,0,2,-10,3,-10,3,-10,3,-11,4,-10,4,-11,4,-10,4,-10,5,-10,5,-9,6,-9,6,-8,6,-7,6,-7,6,-6,6,-6,6,-5,5,-5,5,-5,5,-4,5,-4,5,-3,5,-3,5,-2,5,-1,4,-1,0,0,0,0,0,0,0,0,0,0,0,0,0,0,38,15,36,12,38,10,32,12,31,12,31,10,29,8,28,7,25,6,25,6,25,5,20,3,21,1,21,-1,18,-1,18,-4,20,-6,15,-5,17,-7,13,-9,14,-11,13,-10,11,-14,14,-13,14,-14,14,-18,11,-16,10,-20,13,-22,14,-23,12,-21,14,-21,16,-21,15,-24,15,-24,18,-22,19,-23,20,-22,22,-22,20,-18,20,-18,23,-18,21,-15,20,-15,20,-13,22,-12,22,-9,20,-10,19,-7,18,-6,18,-7,15,-4,16,-4,13,0,15,0,12,1,11,3,0,0,0,0,0,0,0,0,0,0,0,0,0,0,0,0,0,0,0,0,0,0,-22,11,-22,6,-22,6,-23,5,-22,4,-21,2,-20,1,-21,1,-19,1,-19,3,-18,1,-17,3,-18,6,-15,5,-17,5,-17,4,-16,7,-15,7,-12,9,-15,9,-15,11,-14,11,-12,12,-13,14,-14,16,-15,16,-14,16,-13,18,-14,18,-13,20,-13,19,-14,23,-14,21,-12,22,-13,25,-11,24,-11,26,-10,28,-11,28,-9,30,-9,31,-7,32,-9,32,-5,35,-9,34,-4,34,-7,37,-5,40,-6,39,-7,42,-7,43,-6,45,-10,44,-12,42,-8,43,-10,45,-11,43,0,0]"
CSI_DATA,142,1a:00:00:00:00:00,-44,11,1,0,1,1,1,0,0,0,1,-96,0,11,2,2171043,0,44,0,384,0,"[0,0,0,0,0,0,0,0,0,0,0,0,-3,-13,-4,-12,-4,-10,-4,-11,-4,-10,-3,-9,-4,-8,-4,-8,-4,-7,-5,-6,-5,-6,-5,-6,-6,-5,-6,-4,-6,-4,-7,-3,-6,-3,-6,-3,-7,-2,-7,-1,-7,-1,-8,-1,-8,0,-9,0,-9,0,-9,0,0,0,-10,0,-11,0,-11,0,-11,0,-11,-1,-11,-2,-12,-2,-11,-2,-11,-2,-11,-3,-11,-3,-10,-4,-9,-4,-9,-4,-8,-5,-8,-4,-7,-4,-7,-5,-6,-5,-6,-4,-5,-5,-5,-5,-4,-5,-4,-4,-3,-5,-3,-4,0,0,0,0,0,0,0,0,0,0,0,0,0,0,-3,-79,-1,-77,-6,-74,-3,-71,-7,-68,-3,-66,-4,-57,-8,-52,-12,-51,-6,-52,-12,-47,-10,-45,-14,-39,-16,-35,-16,-36,-20,-30,-25,-26,-26,-25,-23,-17,-31,-23,-32,-20,-32,-14,-36,-10,-34,-14,-36,-13,-42,-8,-40,-9,-44,1,-45,-4,-49,-4,-48,-5,-58,-5,-55,-7,-56,-8,-59,-11,-59,-13,-54,-17,-58,-18,-58,-17,-54,-23,-57,-20,-51,-21,-50,-23,-45,-26,-45,-24,-42,-30,-35,-23,-38,-28,-32,-29,-32,-28,-27,-27,-23,-27,-24,-27,-15,-25,-17,-29,-14,-27,-10,-25,0,0,0,0,0,0,0,0,0,0,0,0,0,0,0,0,0,0,0,0,0,0,40,36,32,38,32,37,27,36,22,44,21,38,16,40,19,36,19,36,19,32,20,33,19,29,22,26,21,28,23,24,23,29,27,25,28,22,27,23,32,19,31,18,32,19,34,19,39,14,41,12,49,13,42,18,46,18,46,13,48,14,47,11,57,10,56,8,53,6,59,9,59,5,60,2,63,-1,62,-4,67,-5,63,-6,68,-9,69,-7,70,-12,70,-13,77,-12,75,-12,75,-15,76,-17,83,-18,87,-17,87,-20,86,-10,87,-12,92,-14,88,-12,93,-6,0,0]"
CSI_DATA,143,1a:00:00:00:00:00,-44,11,1,0,1,1,1,0,0,0,1,-96,0,11,2,2180591,0,44,0,384,0,"[0,0,0,0,0,0,0,0,0,0,0,0,3,11,3,10,3,9,3,9,3,8,3,7,3,7,3,6,3,6,4,5,4,5,4,4,5,3,5,3,4,2,5,2,5,1,5,1,6,0,6,0,7,0,7,-1,7,-1,8,-2,8,-2,8,-2,0,0,9,-2,9,-2,10,-2,9,-1,10,-1,10,-1,10,0,10,0,10,1,10,1,9,1,9,2,8,2,8,2,7,3,7,3,7,3,6,3,5,3,5,3,4,3,4,3,3,3,3,3,2,3,2,3,0,0,0,0,0,0,0,0,0,0,0,0,0,0,14,75,11,71,17,71,15,63,12,62,10,59,14,50,15,49,8,47,13,46,22,40,18,36,19,37,18,29,19,31,23,24,21,23,23,18,27,18,26,18,31,13,31,10,34,6,34,2,33,3,39,1,41,3,44,-3,46,1,50,-1,47,0,55,4,53,0,53,-2,55,0,57,6,56,9,60,6,56,13,53,12,53,16,50,21,51,21,49,22,39,22,40,20,39,24,35,26,32,24,29,19,27,26,26,24,22,21,17,24,19,24,9,23,13,22,0,0,0,0,0,0,0,0,0,0,0,0,0,0,0,0,0,0,0,0,0,0,-46,-25,-43,-26,-36,-30,-35,-33,-30,-33,-30,-32,-30,-29,-28,-30,-28,-30,-23,-28,-25,-30,-26,-28,-27,-26,-30,-26,-28,-23,-28,-22,-31,-18,-28,-18,-32,-15,-34,-14,-34,-12,-38,-10,-39,-12,-39,-10,-43,-12,-41,-6,-46,-11,-50,-6,-48,-5,-53,-5,-46,-1,-55,-1,-55,4,-54,3,-56,5,-55,5,-55,6,-60,9,-60,12,-62,10,-60,10,-65,15,-68,17,-67,20,-66,19,-69,21,-70,24,-73,29,-75,29,-78,28,-78,28,-79,28,-84,26,-80,21,-87,24,-85,27,-81,21,0,0]"
CSI_DATA,144,1a:00:00:00:00:00,-44,11,1,0,1,1,1,0,0,0,1,-96,0,11,2,2190987,0,44,0,384,0,"[0,0,0,0,0,0,0,0,0,0,0,0,-4,11,-3,10,-2,10,-2,9,-1,9,-2,8,-1,8,0,7,0,6,1,6,1,6,1,6,2,5,2,5,3,4,3,5,4,4,4,4,4,3,5,3,5,3,6,3,6,3,7,3,7,3,8,3,0,0,8,3,9,4,9,4,9,4,9,4,9,4,9,5,8,5,8,6,7,6,7,7,6,7,5,7,5,6,4,6,4,6,4,6,3,6,3,6,3,5,2,5,2,5,1,5,0,5,0,4,0,4,0,0,0,0,0,0,0,0,0,0,0,0,0,0,-15,34,-15,35,-11,32,-9,31,-9,32,-8,28,-8,24,-8,26,-7,22,-4,22,-3,21,-2,18,0,20,2,17,1,16,4,16,7,15,6,14,7,13,10,13,12,12,12,12,12,7,14,9,12,10,15,9,19,8,20,9,19,8,23,9,22,8,23,10,22,9,25,11,25,11,24,14,25,13,24,12,23,16,23,16,20,18,20,17,19,19,15,20,16,19,15,19,14,18,12,17,10,17,9,16,8,15,8,15,7,14,3,13,5,15,0,14,-1,12,0,0,0,0,0,0,0,0,0,0,0,0,0,0,0,0,0,0,0,0,0,0,-11,-23,-6,-23,-6,-25,-4,-23,-3,-22,-3,-21,-3,-21,-1,-20,-1,-20,-3,-18,-2,-19,-5,-19,-4,-18,-5,-19,-6,-16,-6,-16,-7,-16,-7,-16,-10,-16,-10,-16,-10,-17,-12,-15,-14,-18,-14,-15,-15,-17,-16,-16,-17,-16,-16,-17,-18,-16,-22,-15,-21,-17,-24,-15,-22,-15,-23,-15,-25,-14,-26,-15,-25,-13,-29,-14,-28,-11,-31,-13,-32,-12,-32,-9,-35,-9,-34,-11,-33,-10,-38,-9,-38,-9,-38,-8,-38,-9,-40,-8,-39,-11,-43,-11,-42,-13,-43,-10,-42,-11,-43,-10,-41,-12,0,0]"
CSI_DATA,145,1a:00:00:00:00:00,-44,11,1,0,1,1,1,0,0,0,1,-96,0,11,2,2200719,0,44,0,384,0,"[0,0,0,0,0,0,0,0,0,0,0,0,-12,-3,-11,-2,-11,-2,-10,-2,-10,-1,-9,-1,-8,0,-8,1,-7,1,-7,1,-6,2,-6,2,-6,2,-6,2,-5,3,-5,4,-4,4,-4,4,-4,5,-4,5,-4,5,-4,6,-3,7,-3,7,-3,8,-3,8,0,0,-3,8,-4,9,-4,9,-4,9,-5,9,-6,9,-6,9,-6,8,-6,8,-6,8,-7,8,-7,7,-7,6,-7,6,-7,5,-7,5,-7,4,-6,4,-6,3,-6,3,-6,2,-6,2,-6,2,-6,1,-5,1,-5,0,0,0,0,0,0,0,0,0,0,0,0,0,0,0,-72,-21,-70,-21,-67,-15,-61,-15,-68,-11,-51,-13,-58,-9,-55,-8,-49,-6,-41,-3,-41,2,-38,3,-37,5,-36,8,-30,10,-30,12,-29,17,-26,18,-26,18,-21,22,-22,23,-20,26,-16,28,-18,30,-14,34,-19,38,-12,41,-15,43,-16,43,-12,43,-10,43,-9,49,-15,48,-15,55,-11,56,-20,54,-20,55,-21,52,-21,54,-24,50,-24,49,-32,45,-33,44,-29,44,-29,38,-33,40,-30,33,-32,33,-26,29,-30,28,-27,19,-29,22,-26,20,-27,15,-26,12,-24,10,-25,4,0,0,0,0,0,0,0,0,0,0,0,0,0,0,0,0,0,0,0,0,0,0,49,-17,48,-11,49,-7,47,-2,45,-4,39,-1,35,-5,39,-2,40,-4,40,-3,39,2,35,-3,38,-8,36,-6,31,-8,30,-10,34,-13,33,-10,31,-17,30,-19,28,-21,33,-25,28,-25,34,-28,36,-36,30,-33,25,-34,29,-36,31,-37,32,-41,29,-40,30,-45,29,-50,27,-49,25,-48,26,-53,26,-52,22,-57,24,-61,20,-60,21,-63,18,-65,19,-66,14,-72,12,-69,12,-68,10,-72,6,-75,8,-78,11,-86,14,-81,11,-84,19,-84,17,-84,18,-87,14,-85,15,-85,0,0]"
CSI_DATA,146,1a:00:00:00:00:00,-45,11,1,0,1,1,1,0,0,0,1,-96,0,11,2,2210565,0,44,0,384,0,"[0,0,0,0,0,0,0,0,0,0,0,0,-1,10,-1,10,0,9,0,9,0,8,0,8,1,7,1,6,1,6,2,5,2,5,3,5,3,4,3,3,3,3,4,3,4,2,5,2,5,1,6,1,6,1,6,0,6,1,7,0,8,0,8,0,0,0,9,0,9,0,10,1,9,1,9,1,9,2,10,2,9,2,9,3,9,3,9,3,8,4,7,4,7,4,7,4,6,4,5,4,5,4,5,4,4,4,4,4,3,3,3,4,2,3,2,4,1,4,0,0,0,0,0,0,0,0,0,0,0,0,0,0,-10,77,-11,72,-2,70,-2,64,-2,60,-2,62,-2,55,-1,56,0,46,4,43,5,45,8,38,12,39,12,30,15,33,20,27,21,25,21,22,25,24,24,18,31,19,28,14,31,10,35,12,35,8,41,9,41,4,47,1,45,5,53,6,52,3,58,7,49,7,58,6,54,5,59,13,58,12,57,11,55,16,56,23,49,15,48,18,50,26,46,25,44,22,37,25,42,28,38,26,31,27,33,20,27,26,23,29,26,25,18,24,16,25,14,24,12,28,0,0,0,0,0,0,0,0,0,0,0,0,0,0,0,0,0,0,0,0,0,0,-28,-44,-23,-48,-19,-44,-18,-46,-13,-43,-13,-43,-11,-41,-12,-39,-11,-40,-10,-36,-12,-35,-14,-35,-13,-34,-15,-37,-16,-33,-16,-30,-22,-30,-19,-28,-26,-28,-26,-26,-26,-23,-30,-25,-32,-23,-35,-24,-37,-25,-43,-21,-41,-26,-42,-23,-47,-24,-51,-23,-45,-20,-53,-24,-53,-20,-51,-15,-55,-17,-59,-17,-54,-11,-63,-10,-64,-12,-68,-9,-69,-8,-68,-7,-72,-6,-71,-6,-76,-3,-72,1,-74,0,-79,2,-80,-1,-82,2,-85,3,-91,4,-92,-3,-80,-2,-90,-1,-90,2,-82,-2,0,0]"
CSI_DATA,147,1a:00:00:00:00:00,-45,11,1,0,1,1,1,0,0,0,1,-96,0,11,2,2220567,0,44,0,384,0,"[0,0,0,0,0,0,0,0,0,0,0,0,-5,-11,-5,-10,-6,-9,-5,-9,-5,-8,-5,-7,-5,-6,-5,-5,-5,-5,-6,-4,-5,-4,-6,-3,-6,-3,-6,-2,-6,-2,-6,-1,-6,0,-6,0,-6,0,-7,1,-7,1,-7,2,-7,2,-8,3,-9,3,-8,3,0,0,-9,4,-10,4,-10,4,-10,4,-10,3,-11,3,-11,3,-10,2,-11,2,-11,1,-11,1,-10,0,-10,0,-9,-1,-9,-1,-9,-1,-8,-1,-8,-2,-7,-2,-7,-2,-7,-2,-6,-2,-6,-3,-5,-3,-4,-3,-4,-3,0,0,0,0,0,0,0,0,0,0,0,0,0,0,-25,-72,-21,-71,-24,-68,-21,-62,-24,-63,-22,-55,-23,-46,-24,-45,-22,-39,-20,-39,-22,-38,-22,-30,-29,-32,-26,-25,-25,-24,-26,-19,-27,-11,-32,-11,-33,-9,-30,-6,-35,-2,-34,-1,-35,2,-37,8,-35,6,-39,13,-41,7,-39,15,-44,15,-46,17,-53,14,-50,20,-54,18,-54,18,-55,22,-59,17,-55,17,-59,19,-60,12,-60,10,-56,9,-57,3,-56,2,-54,-8,-50,-2,-51,-3,-49,-6,-44,-7,-40,-10,-39,-7,-38,-10,-36,-9,-30,-12,-31,-15,-25,-14,-25,-15,-22,-19,0,0,0,0,0,0,0,0,0,0,0,0,0,0,0,0,0,0,0,0,0,0,42,33,35,34,30,34,28,36,27,38,24,35,25,37,21,36,25,36,22,31,20,35,18,30,28,29,26,26,23,20,26,24,31,19,29,19,30,17,31,10,35,11,38,13,37,11,37,13,45,9,44,4,47,9,47,7,47,6,49,1,52,2,58,-2,56,-2,57,-4,59,-9,59,-8,57,-9,57,-4,61,-12,66,-16,67,-17,62,-21,65,-21,69,-27,68,-25,68,-34,72,-33,69,-36,71,-41,78,-32,79,-31,81,-34,84,-33,82,-30,81,-36,83,-38,81,-26,0,0]"
CSI_DATA,148,1a:00:00:00:00:00,-45,11,1,0,1,1,1,0,0,0,1,-96,0,11,2,2230561,0,44,0,384,0,"[0,0,0,0,0,0,0,0,0,0,0,0,10,3,10,2,9,2,9,2,8,1,7,1,7,0,6,-1,6,-1,6,-2,5,-1,5,-3,5,-3,5,-3,4,-4,4,-5,3,-5,3,-5,3,-6,3,-6,3,-6,2,-7,2,-7,2,-8,3,-8,2,-9,0,0,2,-10,3,-10,3,-11,3,-10,4,-10,4,-10,5,-10,4,-10,5,-10,5,-9,5,-9,6,-8,6,-7,6,-7,6,-7,6,-6,6,-6,5,-5,5,-5,5,-4,5,-4,5,-3,5,-3,5,-2,4,-2,4,-1,0,0,0,0,0,0,0,0,0,0,0,0,0,0,64,37,62,36,62,28,55,32,57,27,51,22,52,17,49,15,43,13,42,12,37,7,36,5,36,5,31,-3,32,-2,32,-11,31,-15,32,-14,27,-17,27,-19,27,-22,21,-23,18,-30,22,-30,19,-30,21,-35,18,-37,16,-42,19,-46,13,-46,18,-44,18,-53,21,-49,20,-56,25,-58,32,-54,30,-52,30,-50,36,-52,34,-46,34,-42,36,-45,36,-44,38,-43,37,-36,37,-31,37,-26,35,-34,30,-26,32,-20,32,-20,28,-17,28,-15,33,-11,29,-11,28,-10,27,-3,0,0,0,0,0,0,0,0,0,0,0,0,0,0,0,0,0,0,0,0,0,0,-52,6,-51,2,-49,-3,-46,-9,-49,-5,-42,-10,-42,-8,-42,-11,-42,-8,-37,-4,-37,-7,-37,-4,-39,2,-38,-2,-35,1,-36,-1,-34,10,-33,3,-35,8,-35,12,-36,14,-39,14,-33,16,-35,24,-39,24,-38,29,-38,27,-36,31,-45,34,-39,35,-39,35,-39,40,-44,41,-42,40,-39,46,-42,48,-33,44,-32,51,-36,53,-33,56,-33,60,-31,62,-31,60,-28,68,-29,60,-34,67,-31,70,-26,73,-26,76,-32,74,-31,80,-29,85,-37,83,-37,75,-36,85,-34,82,-37,80,0,0]"
CSI_DATA,149,1a:00:00:00:00:00,-45,11,1,0,1,1,1,0,0,0,1,-96,0,11,2,2264663,0,44,0,384,0,"[0,0,0,0,0,0,0,0,0,0,0,0,-7,-10,-7,-9,-8,-8,-7,-8,-7,-7,-6,-6,-6,-5,-6,-4,-6,-4,-6,-3,-6,-3,-6,-2,-6,-1,-6,-1,-6,-1,-6,1,-6,1,-6,1,-6,2,-6,3,-6,3,-6,4,-6,4,-7,5,-8,5,-7,5,0,0,-7,6,-8,6,-9,6,-9,7,-9,6,-10,6,-10,6,-10,5,-10,5,-10,4,-10,4,-10,3,-9,2,-9,2,-9,1,-8,2,-9,1,-8,1,-7,0,-7,0,-7,0,-7,-1,-6,-1,-6,-1,-6,-2,-5,-2,0,0,0,0,0,0,0,0,0,0,0,0,0,0,-39,-63,-36,-66,-40,-58,-33,-57,-33,-55,-26,-44,-35,-42,-30,-40,-30,-37,-30,-34,-28,-27,-27,-26,-29,-19,-27,-13,-29,-18,-28,-10,-30,-6,-30,-1,-27,-1,-30,4,-32,6,-35,6,-30,13,-30,16,-32,19,-30,20,-36,20,-37,23,-38,26,-36,25,-34,26,-41,29,-45,32,-44,31,-47,31,-52,29,-52,31,-46,30,-53,24,-51,24,-52,21,-57,16,-49,13,-48,14,-44,8,-47,7,-47,4,-46,4,-42,0,-38,-2,-38,-1,-37,-5,-34,-2,-33,-5,-27,-9,-24,-9,-20,-8,0,0,0,0,0,0,0,0,0,0,0,0,0,0,0,0,0,0,0,0,0,0,50,13,46,18,44,18,46,21,43,22,39,24,38,20,35,23,35,19,34,23,34,21,32,18,31,17,32,18,28,13,35,11,34,9,32,9,37,5,35,3,38,2,38,-4,42,-4,42,-3,43,-6,41,-13,42,-8,42,-13,50,-12,49,-19,46,-18,51,-21,49,-23,51,-24,53,-23,50,-29,56,-30,54,-33,51,-34,54,-40,52,-40,56,-43,58,-43,56,-45,59,-47,57,-51,58,-52,59,-56,59,-53,65,-59,67,-62,65,-61,72,-54,65,-56,73,-62,71,-54,70,-51,0,0]"
CSI_DATA,150,1a:00:00:00:00:00,-45,11,1,0,1,1,1,0,0,0,1,-96,0,11,2,2271036,0,44,0,384,0,"[0,0,0,0,0,0,0,0,0,0,0,0,-4,-11,-5,-10,-5,-9,-5,-9,-5,-8,-4,-7,-4,-7,-5,-6,-4,-5,-5,-4,-5,-4,-5,-3,-6,-3,-6,-2,-6,-2,-6,-1,-6,0,-6,-1,-6,0,-7,1,-7,1,-7,1,-7,1,-8,3,-8,2,-8,2,0,0,-9,2,-10,2,-10,3,-10,3,-10,2,-11,2,-11,1,-11,0,-11,0,-11,-1,-10,-1,-10,-1,-9,-2,-9,-1,-9,-2,-8,-2,-8,-2,-7,-3,-7,-3,-6,-3,-6,-4,-5,-4,-5,-4,-5,-4,-4,-4,-3,-4,0,0,0,0,0,0,0,0,0,0,0,0,0,0,-22,-72,-16,-73,-18,-63,-19,-63,-18,-59,-17,-53,-16,-51,-21,-45,-19,-38,-15,-38,-23,-32,-22,-31,-19,-30,-21,-25,-23,-26,-24,-21,-27,-17,-24,-13,-28,-8,-31,-8,-33,-2,-31,-4,-32,3,-33,4,-33,3,-36,9,-39,10,-41,15,-45,15,-46,14,-47,16,-48,17,-50,16,-53,17,-52,20,-55,12,-55,10,-56,13,-59,5,-58,9,-54,2,-54,0,-56,-3,-53,-3,-48,-4,-47,-6,-45,-9,-42,-9,-43,-10,-37,-13,-31,-15,-34,-13,-30,-14,-28,-15,-24,-13,-23,-15,-21,-17,0,0,0,0,0,0,0,0,0,0,0,0,0,0,0,0,0,0,0,0,0,0,47,25,38,29,36,32,34,33,33,36,29,36,29,32,28,34,29,32,27,27,30,27,25,24,25,24,27,24,24,20,22,21,30,15,30,17,31,12,30,13,29,12,38,9,35,10,41,5,43,6,48,2,44,5,47,-1,45,1,54,-4,46,-5,58,-4,55,-5,55,-8,58,-9,59,-13,57,-13,60,-16,63,-22,68,-22,64,-20,64,-24,63,-25,67,-32,69,-29,71,-31,71,-31,72,-33,72,-35,75,-36,73,-33,80,-37,84,-30,80,-36,83,-37,82,-30,84,-24,0,0]"
CSI_DATA,151,1a:00:00:00:00:00,-45,11,1,0,1,1,1,0,0,0,1,-96,0,11,2,2280615,0,44,0,384,0,"[0,0,0,0,0,0,0,0,0,0,0,0,-2,11,-3,10,-2,9,-2,9,-1,8,-1,7,0,7,0,6,0,6,1,5,2,5,2,4,3,4,3,3,3,3,4,3,4,2,4,2,5,1,5,1,6,1,6,1,6,1,7,0,8,0,8,0,0,0,9,0,9,0,10,0,10,0,9,1,10,1,10,1,9,2,9,2,9,2,9,3,8,3,8,3,7,3,7,3,7,3,6,3,6,3,5,4,5,4,4,4,4,3,3,3,3,3,2,3,2,3,0,0,0,0,0,0,0,0,0,0,0,0,0,0,-20,32,-21,32,-16,29,-19,27,-18,27,-17,26,-10,24,-12,21,-10,21,-8,19,-7,19,-7,19,-2,16,-1,15,0,16,2,14,3,17,4,11,6,12,7,12,8,12,9,12,11,7,12,11,12,8,17,11,17,9,18,8,19,12,21,8,22,10,23,13,24,11,23,12,24,13,22,15,23,13,23,16,21,18,20,19,20,19,19,22,17,21,18,22,14,20,15,19,11,18,11,19,10,18,8,17,6,16,6,17,5,15,4,15,2,14,1,13,-1,13,0,0,0,0,0,0,0,0,0,0,0,0,0,0,0,0,0,0,0,0,0,0,-10,-27,-6,-23,-3,-25,-1,-24,-2,-24,0,-23,1,-22,0,-21,0,-24,-1,-21,0,-19,-1,-18,-3,-19,-4,-19,-3,-17,-3,-20,-6,-18,-5,-18,-7,-16,-8,-16,-8,-16,-11,-18,-9,-18,-13,-16,-13,-18,-15,-18,-14,-19,-16,-19,-16,-18,-18,-18,-20,-17,-22,-18,-22,-19,-22,-19,-24,-17,-26,-18,-26,-18,-27,-16,-28,-15,-31,-16,-30,-17,-35,-14,-32,-16,-36,-15,-36,-14,-34,-14,-37,-15,-38,-14,-39,-14,-39,-18,-39,-15,-44,-17,-43,-21,-38,-18,-40,-21,-42,-20,-39,-19,0,0]"
CSI_DATA,152,1a:00:00:00:00:00,-45,11,1,0,1,1,1,0,0,0,1,-96,0,11,2,2291926,0,44,0,384,0,"[0,0,0,0,0,0,0,0,0,0,0,0,-1,11,0,10,1,9,0,9,0,8,0,8,1,7,1,6,1,6,2,5,2,5,3,4,3,3,3,3,3,3,4,2,4,2,4,1,5,1,6,0,6,0,6,-1,6,0,7,-1,8,-1,8,-1,0,0,9,-1,9,-1,10,-1,9,-1,10,0,10,0,10,0,9,1,9,1,9,2,9,2,8,3,8,3,7,3,7,3,7,3,6,3,6,3,5,3,5,3,4,4,3,3,3,3,3,4,2,4,1,3,0,0,0,0,0,0,0,0,0,0,0,0,0,0,0,39,-1,36,3,34,0,32,0,33,1,26,1,25,1,25,3,22,2,21,4,18,4,17,8,18,5,16,8,13,8,11,11,9,11,9,10,7,13,8,15,4,14,4,15,0,14,1,16,0,18,1,18,0,21,-5,20,-2,23,-3,24,-2,24,-4,24,-2,26,-5,27,-2,28,0,30,-1,29,-1,27,3,27,4,25,5,26,5,24,6,24,6,24,6,22,9,19,10,18,10,19,9,16,9,16,9,14,9,12,9,11,8,9,9,9,10,7,8,0,0,0,0,0,0,0,0,0,0,0,0,0,0,0,0,0,0,0,0,0,0,-21,-17,-17,-18,-16,-19,-14,-19,-15,-21,-12,-21,-11,-17,-10,-18,-11,-20,-9,-18,-11,-18,-11,-16,-13,-15,-13,-16,-10,-15,-13,-15,-14,-14,-14,-13,-14,-11,-15,-9,-16,-10,-19,-10,-20,-9,-19,-7,-21,-8,-21,-6,-22,-8,-24,-10,-24,-7,-27,-5,-25,-4,-29,-4,-29,-3,-28,-2,-30,-1,-31,-2,-31,0,-31,3,-32,2,-36,4,-33,4,-35,6,-36,4,-39,8,-39,6,-38,9,-40,9,-41,8,-40,7,-42,7,-44,9,-45,9,-46,7,-43,8,-46,7,-46,6,-42,4,0,0]"
CSI_DATA,153,1a:00:00:00:00:00,-45,11,1,0,1,1,1,0,0,0,1,-96,0,11,2,2300567,0,44,0,384,0,"[0,0,0,0,0,0,0,0,0,0,0,0,9,-8,8,-7,7,-7,7,-7,6,-6,5,-6,5,-7,4,-6,3,-6,3,-6,2,-6,1,-6,1,-5,0,-5,0,-5,-1,-6,-1,-6,-2,-6,-3,-5,-3,-5,-3,-6,-4,-6,-4,-7,-5,-6,-5,-7,-5,-6,0,0,-6,-8,-6,-8,-6,-8,-6,-9,-6,-8,-6,-9,-5,-9,-5,-9,-5,-10,-4,-10,-4,-10,-3,-9,-2,-9,-2,-9,-2,-9,-1,-8,-1,-8,-1,-8,-1,-7,0,-7,0,-7,0,-6,1,-6,1,-5,1,-5,1,-4,0,0,0,0,0,0,0,0,0,0,0,0,0,0,56,-51,54,-49,53,-49,51,-48,45,-47,43,-44,38,-37,40,-35,32,-32,30,-38,22,-35,20,-33,15,-36,14,-28,12,-35,6,-29,4,-29,0,-26,-1,-25,-7,-27,-12,-30,-12,-28,-18,-26,-22,-27,-21,-25,-22,-27,-25,-28,-28,-32,-30,-30,-37,-34,-33,-32,-38,-34,-37,-36,-39,-38,-41,-35,-36,-46,-36,-42,-36,-42,-33,-44,-33,-47,-30,-47,-24,-50,-18,-44,-21,-49,-16,-44,-16,-43,-14,-45,-9,-39,-10,-38,-8,-38,-6,-38,-6,-36,-3,-32,2,-32,6,-29,1,-27,6,-26,0,0,0,0,0,0,0,0,0,0,0,0,0,0,0,0,0,0,0,0,0,0,2,50,-5,49,-6,48,-10,50,-11,46,-12,44,-10,42,-11,40,-14,41,-10,40,-13,43,-10,37,-11,40,-11,36,-11,37,-3,35,-2,38,-1,31,-2,35,3,34,4,35,9,37,11,39,10,40,16,37,23,40,20,44,19,43,21,44,23,44,24,40,30,45,33,42,32,42,34,46,40,48,39,40,46,45,45,45,48,44,50,44,52,41,59,50,57,46,61,46,64,45,59,44,67,45,66,46,69,52,70,56,64,56,69,56,65,51,65,62,68,60,65,56,0,0]"
CSI_DATA,154,1a:00:00:00:00:00,-45,11,1,0,1,1,1,0,0,0,1,-96,0,11,2,2310589,0,44,0,384,0,"[0,0,0,0,0,0,0,0,0,0,0,0,-9,8,-9,8,-7,7,-7,7,-6,6,-7,6,-5,6,-5,6,-4,6,-3,5,-3,5,-2,5,-1,5,-1,5,0,4,0,5,1,4,1,5,2,4,2,4,3,4,4,4,4,5,5,5,5,5,5,5,0,0,5,6,6,6,6,7,6,7,6,7,5,8,5,8,5,8,4,8,4,8,3,9,3,8,2,8,2,7,2,8,1,7,1,7,0,7,0,6,0,6,-1,6,-1,5,-1,5,-2,4,-2,4,-2,4,0,0,0,0,0,0,0,0,0,0,0,0,0,0,-50,56,-53,53,-47,53,-47,45,-43,50,-36,46,-39,47,-34,39,-31,38,-24,37,-25,34,-21,34,-12,35,-14,31,-11,29,-5,32,-4,28,1,28,-1,25,9,27,9,26,9,27,14,26,18,23,18,28,21,23,27,26,27,21,32,28,34,29,30,28,37,28,37,32,34,34,42,37,33,37,36,42,33,42,31,41,30,42,29,45,28,45,26,46,23,44,18,41,21,41,14,40,12,38,12,35,7,36,8,34,4,34,0,31,0,31,-2,29,-2,25,-3,22,0,0,0,0,0,0,0,0,0,0,0,0,0,0,0,0,0,0,0,0,0,0,-12,-51,-6,-44,-5,-51,-3,-48,4,-49,3,-45,1,-44,4,-43,6,-43,6,-42,2,-43,1,-40,0,-41,3,-36,-3,-35,-4,-39,-7,-37,-5,-38,-9,-34,-5,-38,-7,-38,-15,-35,-15,-38,-24,-35,-20,-38,-27,-38,-24,-40,-27,-36,-27,-41,-33,-37,-35,-36,-33,-39,-35,-40,-40,-41,-41,-41,-46,-40,-49,-40,-51,-38,-54,-37,-54,-39,-53,-40,-67,-37,-57,-38,-65,-39,-64,-31,-66,-35,-66,-41,-78,-37,-73,-40,-79,-46,-77,-43,-86,-44,-73,-51,-77,-51,-79,-52,-72,-50,-76,-59,0,0]"
CSI_DATA,155,1a:00:00:00:00:00,-45,11,1,0,1,1,1,0,0,0,1,-96,0,11,2,2320650,0,44,0,384,0,"[0,0,0,0,0,0,0,0,0,0,0,0,11,3,10,2,10,2,9,2,9,2,8,1,7,0,6,0,6,-1,6,-1,5,-2,5,-2,5,-2,4,-3,4,-3,4,-4,3,-4,3,-4,3,-5,2,-5,2,-5,2,-6,1,-6,1,-7,2,-8,1,-8,0,0,1,-9,2,-9,2,-10,2,-10,3,-9,3,-10,3,-10,4,-9,3,-10,4,-9,5,-9,5,-8,5,-7,5,-7,5,-7,5,-6,5,-6,4,-5,4,-5,4,-5,4,-4,4,-4,4,-3,4,-3,4,-2,3,-2,0,0,0,0,0,0,0,0,0,0,0,0,0,0,36,13,37,16,35,12,30,12,29,9,25,11,25,10,25,7,26,5,21,5,21,1,17,1,17,1,15,0,16,-1,13,-3,14,-4,13,-4,14,-7,10,-9,9,-11,8,-11,9,-14,8,-13,8,-12,6,-16,6,-18,6,-19,5,-20,5,-21,5,-21,5,-23,6,-24,7,-24,6,-25,9,-25,9,-25,10,-24,12,-24,11,-24,12,-23,14,-22,17,-21,15,-18,15,-21,14,-17,15,-16,14,-17,12,-12,12,-12,13,-11,13,-11,12,-9,13,-7,13,-7,12,-5,10,-3,0,0,0,0,0,0,0,0,0,0,0,0,0,0,0,0,0,0,0,0,0,0,-23,10,-24,9,-25,7,-24,5,-26,4,-23,3,-23,4,-24,2,-21,3,-22,2,-20,2,-20,3,-21,4,-19,3,-19,3,-17,6,-19,7,-16,4,-16,7,-17,8,-15,9,-16,12,-14,12,-16,12,-16,13,-16,16,-15,16,-15,18,-17,17,-14,21,-15,20,-14,23,-15,24,-12,25,-14,25,-12,28,-14,27,-12,29,-12,30,-11,31,-13,33,-9,33,-9,35,-10,37,-7,36,-3,37,-7,38,-6,38,-8,41,-10,43,-10,44,-11,46,-12,45,-12,41,-14,46,-13,46,-13,43,0,0]"
CSI_DATA,156,1a:00:00:00:00:00,-45,11,1,0,1,1,1,0,0,0,1,-96,0,11,2,2331465,0,44,0,384,0,"[0,0,0,0,0,0,0,0,0,0,0,0,9,-8,8,-8,7,-7,7,-7,6,-6,6,-6,5,-7,5,-6,4,-6,3,-5,3,-6,2,-6,1,-5,0,-6,0,-5,0,-6,-1,-5,-1,-6,-2,-5,-2,-5,-3,-5,-3,-5,-4,-6,-4,-6,-5,-6,-5,-6,0,0,-5,-7,-6,-7,-6,-8,-6,-8,-5,-8,-5,-9,-5,-9,-4,-9,-4,-9,-4,-9,-3,-10,-3,-9,-2,-9,-2,-8,-1,-8,-1,-8,-1,-8,-1,-8,-1,-7,0,-6,0,-7,0,-6,1,-6,1,-5,1,-5,1,-4,0,0,0,0,0,0,0,0,0,0,0,0,0,0,70,-41,67,-34,67,-31,59,-29,57,-31,55,-26,49,-24,48,-23,42,-24,38,-28,32,-27,34,-24,28,-25,24,-26,22,-27,20,-28,15,-29,12,-26,8,-24,6,-26,-1,-29,-1,-27,-4,-27,-6,-30,-6,-26,-9,-31,-13,-32,-18,-32,-16,-37,-20,-39,-21,-43,-22,-40,-23,-42,-22,-46,-25,-44,-18,-50,-15,-51,-15,-49,-14,-50,-13,-54,-13,-48,-12,-52,-6,-50,-6,-47,-4,-46,0,-45,-3,-43,2,-42,3,-40,8,-35,6,-36,7,-35,8,-31,10,-27,11,-23,12,-25,13,-21,0,0,0,0,0,0,0,0,0,0,0,0,0,0,0,0,0,0,0,0,0,0,-6,52,-11,48,-12,45,-13,43,-17,43,-19,41,-23,43,-22,38,-20,36,-18,35,-16,34,-16,35,-14,39,-15,35,-18,31,-13,36,-13,40,-10,33,-7,34,-7,38,-4,34,-3,38,0,40,4,42,6,37,10,43,8,44,13,46,10,46,14,47,16,45,18,52,20,47,24,48,24,51,24,52,29,49,34,53,34,50,38,53,37,53,42,53,44,61,47,58,47,53,52,61,51,63,53,60,51,67,52,71,55,70,59,65,52,75,53,69,49,78,48,77,44,78,0,0]"
CSI_DATA,157,1a:00:00:00:00:00,-46,11,1,0,1,1,1,0,0,0,1,-96,0,11,2,2351033,0,44,0,384,0,"[0,0,0,0,0,0,0,0,0,0,0,0,8,-10,8,-10,6,-9,6,-9,6,-8,5,-8,5,-8,4,-7,4,-7,2,-6,2,-7,2,-6,1,-6,0,-6,0,-6,-1,-6,-2,-5,-2,-5,-3,-5,-3,-5,-4,-5,-5,-6,-4,-6,-5,-6,-5,-6,-6,-6,0,0,-6,-6,-6,-7,-7,-7,-7,-7,-6,-8,-6,-8,-6,-8,-6,-8,-5,-9,-5,-9,-4,-9,-3,-9,-3,-9,-3,-8,-2,-8,-2,-8,-2,-8,-2,-7,-1,-7,-1,-7,0,-7,0,-6,0,-6,0,-5,1,-5,1,-4,0,0,0,0,0,0,0,0,0,0,0,0,0,0,62,-61,56,-58,52,-64,51,-55,49,-55,45,-45,38,-41,39,-43,33,-33,31,-39,25,-39,21,-34,17,-36,16,-33,15,-33,8,-31,5,-33,0,-30,1,-26,-7,-27,-7,-30,-7,-28,-8,-26,-13,-30,-16,-27,-20,-26,-23,-27,-26,-27,-26,-31,-29,-32,-29,-31,-36,-34,-35,-31,-35,-35,-37,-35,-34,-37,-36,-42,-32,-40,-27,-43,-28,-44,-29,-43,-28,-47,-21,-42,-21,-43,-16,-41,-18,-42,-13,-42,-10,-35,-12,-38,-10,-34,-10,-32,-4,-34,-4,-30,-3,-27,3,-31,2,-26,4,-26,0,0,0,0,0,0,0,0,0,0,0,0,0,0,0,0,0,0,0,0,0,0,13,50,5,49,3,51,1,53,-1,46,-2,45,-3,46,-4,44,-4,45,-3,43,-5,44,-4,41,2,43,-1,40,-4,41,1,37,7,42,3,37,3,37,4,37,11,36,9,40,12,37,15,38,21,37,22,37,22,39,22,41,26,36,30,38,33,37,40,40,36,40,36,35,39,39,43,41,47,38,51,39,48,39,55,39,59,39,64,36,67,39,65,36,65,36,73,34,74,37,74,40,72,44,76,45,80,44,80,50,81,58,73,47,80,56,79,56,73,57,0,0]"
CSI_DATA,158,1a:00:00:00:00:00,-46,11,1,0,1,1,1,0,0,0,1,-96,0,11,2,2380571,0,44,0,384,0,"[0,0,0,0,0,0,0,0,0,0,0,0,10,7,9,6,9,5,9,5,8,5,7,5,7,3,6,3,6,3,6,2,5,2,5,1,5,1,5,0,5,-1,5,-1,4,-2,4,-2,4,-3,4,-3,4,-3,4,-4,4,-4,4,-5,5,-5,5,-6,0,0,5,-6,5,-6,6,-6,6,-7,6,-7,7,-6,7,-6,7,-6,7,-6,7,-5,8,-4,7,-4,7,-3,7,-3,7,-3,7,-3,7,-3,6,-2,6,-1,5,-2,5,-1,5,-1,5,0,4,0,4,0,3,1,0,0,0,0,0,0,0,0,0,0,0,0,0,0,37,15,37,15,35,15,30,12,29,12,27,12,28,12,26,11,22,10,20,9,21,6,20,9,20,3,19,4,16,1,17,0,16,-1,15,-4,13,-3,14,-6,11,-7,12,-5,11,-9,10,-10,12,-11,10,-11,10,-15,10,-16,10,-17,9,-17,10,-18,11,-18,13,-20,12,-21,12,-21,16,-17,18,-20,14,-19,19,-17,18,-18,18,-15,19,-14,19,-16,19,-14,18,-12,20,-10,19,-10,17,-10,16,-7,16,-7,16,-3,15,-4,15,-4,15,-3,14,-1,12,0,10,0,0,0,0,0,0,0,0,0,0,0,0,0,0,0,0,0,0,0,0,0,0,0,-15,22,-18,18,-18,18,-21,17,-22,15,-22,12,-18,11,-21,11,-20,11,-19,10,-21,10,-18,9,-20,11,-16,12,-17,10,-16,10,-17,11,-16,11,-16,12,-13,11,-15,11,-14,13,-13,14,-13,17,-11,16,-11,17,-11,17,-10,17,-10,21,-8,22,-7,20,-8,23,-9,24,-7,22,-7,28,-8,25,-5,29,-5,30,-4,30,-3,33,-4,34,-3,35,-2,35,-4,37,-4,37,-2,39,-3,38,-4,42,-4,41,-3,47,-5,46,-6,43,-11,43,-10,45,-10,48,-11,47,-13,47,0,0]"
CSI_DATA,159,1a:00:00:00:00:00,-46,11,1,0,1,1,1,0,0,0,1,-96,0,11,2,2390645,0,44,0,384,0,"[0,0,0,0,0,0,0,0,0,0,0,0,7,-12,6,-11,5,-10,5,-10,4,-9,4,-9,3,-9,3,-8,2,-8,1,-7,1,-7,1,-7,0,-6,-1,-6,-1,-6,-1,-6,-2,-6,-2,-5,-3,-5,-4,-5,-4,-5,-4,-5,-5,-5,-5,-5,-6,-5,-6,-5,0,0,-7,-6,-7,-6,-7,-6,-7,-7,-7,-7,-7,-7,-7,-8,-6,-8,-6,-8,-6,-8,-5,-8,-4,-8,-4,-8,-4,-8,-3,-8,-3,-8,-2,-7,-2,-7,-2,-7,-2,-6,-1,-7,-1,-6,-1,-6,0,-5,0,-5,1,-5,0,0,0,0,0,0,0,0,0,0,0,0,0,0,29,-31,29,-27,28,-26,27,-25,21,-26,24,-23,21,-21,20,-20,18,-18,15,-17,17,-17,12,-19,11,-18,10,-17,7,-18,5,-15,5,-16,3,-15,2,-15,-1,-15,-1,-15,-1,-13,-3,-14,-4,-13,-8,-13,-7,-14,-10,-16,-12,-15,-9,-14,-14,-16,-14,-18,-15,-18,-12,-18,-16,-18,-15,-19,-14,-20,-14,-23,-14,-21,-11,-23,-12,-23,-11,-23,-11,-22,-7,-23,-7,-22,-7,-20,-5,-21,-4,-22,-4,-20,-4,-19,-3,-18,0,-17,-1,-18,-1,-16,2,-14,3,-14,3,-14,2,-11,0,0,0,0,0,0,0,0,0,0,0,0,0,0,0,0,0,0,0,0,0,0,8,24,5,23,4,24,3,26,1,26,0,24,1,23,-1,22,-2,23,-1,22,-1,24,0,22,1,21,0,20,-1,20,0,19,3,20,0,18,2,18,2,17,1,17,4,20,6,17,7,16,6,17,12,18,9,17,12,20,10,16,16,18,14,17,17,18,18,18,20,16,19,17,20,18,23,18,25,17,24,16,27,17,28,19,28,20,30,19,32,19,32,19,37,14,33,19,34,20,36,22,36,24,39,23,40,24,39,25,35,25,38,30,37,29,34,29,0,0]"
CSI_DATA,160,1a:00:00:00:00:00,-46,11,1,0,1,1,1,0,0,0,1,-96,0,11,2,2400756,0,44,0,384,0,"[0,0,0,0,0,0,0,0,0,0,0,0,-5,-13,-4,-13,-5,-11,-5,-12,-4,-11,-3,-10,-4,-9,-4,-8,-4,-7,-4,-7,-4,-6,-5,-6,-5,-5,-5,-5,-5,-4,-5,-3,-6,-3,-5,-3,-6,-2,-6,-2,-6,-1,-7,-1,-7,-1,-8,0,-8,0,-8,1,0,0,-9,0,-9,0,-11,0,-10,0,-10,-1,-10,-1,-11,-2,-10,-2,-10,-2,-10,-3,-10,-3,-9,-4,-9,-4,-8,-4,-8,-4,-8,-4,-8,-5,-6,-4,-6,-4,-6,-4,-5,-5,-5,-5,-4,-5,-4,-5,-3,-5,-2,-5,0,0,0,0,0,0,0,0,0,0,0,0,0,0,-27,-77,-29,-70,-33,-65,-25,-67,-28,-62,-19,-57,-14,-54,-16,-53,-22,-46,-20,-47,-17,-42,-17,-35,-18,-36,-22,-34,-22,-28,-23,-22,-24,-22,-22,-17,-27,-17,-24,-12,-30,-5,-26,-9,-28,-1,-29,-1,-28,-2,-33,2,-33,4,-33,5,-36,7,-39,12,-37,8,-41,7,-45,5,-44,9,-48,10,-50,8,-50,6,-52,4,-55,-1,-48,-5,-47,-7,-50,0,-48,-7,-44,-8,-41,-11,-43,-13,-43,-11,-42,-14,-35,-14,-32,-16,-30,-15,-27,-19,-25,-17,-23,-16,-23,-17,-20,-19,-17,-21,0,0,0,0,0,0,0,0,0,0,0,0,0,0,0,0,0,0,0,0,0,0,52,-6,50,-1,47,1,48,4,49,11,46,12,44,12,44,15,45,12,45,14,42,16,40,13,43,8,40,10,36,12,41,11,40,9,35,10,34,5,32,2,36,2,39,0,37,-2,40,-6,39,-9,40,-7,37,-13,39,-12,45,-16,43,-19,43,-15,47,-25,47,-21,43,-27,51,-25,48,-28,49,-29,49,-36,48,-37,51,-43,50,-39,52,-49,54,-44,60,-50,56,-49,55,-54,60,-52,61,-53,62,-55,73,-54,69,-54,71,-54,78,-48,78,-50,79,-53,74,-50,85,-48,0,0]"
CSI_DATA,161,1a:00:00:00:00:00,-45,11,1,0,1,1,1,0,0,0,1,-96,0,11,2,2410556,0,44,0,384,0,"[0,0,0,0,0,0,0,0,0,0,0,0,-1,13,0,12,0,12,0,12,0,10,-1,9,1,8,1,8,1,7,1,6,1,6,2,6,2,5,3,5,3,4,3,4,3,3,4,3,4,2,5,2,5,1,6,1,5,2,7,1,7,1,7,1,0,0,8,1,8,1,9,1,9,1,9,2,10,2,9,2,9,2,9,3,8,4,8,4,7,4,7,5,7,5,6,5,6,5,5,4,5,5,4,4,4,4,4,4,3,4,3,4,2,4,1,4,1,4,0,0,0,0,0,0,0,0,0,0,0,0,0,0,-3,43,-2,37,1,40,-5,35,-3,34,-4,32,-3,26,-1,28,0,24,-1,26,0,25,0,22,2,21,5,17,3,17,6,17,8,15,8,13,9,11,7,9,11,11,9,9,11,5,13,8,15,4,16,5,15,4,17,3,18,3,19,4,20,4,22,2,20,4,25,3,22,3,25,6,23,6,24,5,24,8,22,9,21,10,22,12,21,11,20,13,19,12,18,12,19,14,15,14,15,12,14,12,11,12,11,13,10,11,7,12,7,10,7,13,4,11,0,0,0,0,0,0,0,0,0,0,0,0,0,0,0,0,0,0,0,0,0,0,-24,-12,-23,-15,-20,-15,-21,-19,-19,-18,-19,-19,-17,-18,-17,-19,-15,-19,-15,-16,-15,-18,-15,-17,-15,-17,-15,-18,-16,-16,-15,-14,-16,-15,-14,-15,-15,-12,-16,-12,-16,-11,-16,-10,-15,-11,-17,-9,-20,-8,-19,-7,-18,-6,-22,-6,-21,-4,-24,-2,-21,-3,-25,0,-28,0,-26,0,-29,-1,-28,2,-28,3,-32,2,-32,5,-34,5,-36,4,-34,5,-38,7,-38,8,-39,7,-41,11,-40,9,-41,10,-41,7,-44,9,-45,7,-46,7,-50,3,-47,5,-49,4,-49,5,-47,2,0,0]"
CSI_DATA,162,1a:00:00:00:00:00,-46,11,1,0,1,1,1,0,0,0,1,-96,0,11,2,2420568,0,44,0,384,0,"[0,0,0,0,0,0,0,0,0,0,0,0,-4,-13,-4,-12,-4,-11,-4,-11,-4,-10,-3,-9,-4,-8,-3,-7,-4,-8,-4,-6,-4,-6,-5,-5,-5,-5,-5,-4,-5,-4,-5,-4,-5,-3,-5,-2,-6,-2,-6,-1,-6,-1,-7,-1,-6,0,-7,0,-8,1,-8,0,0,0,-9,0,-9,1,-10,0,-10,1,-9,0,-10,0,-10,-1,-10,-1,-10,-2,-10,-2,-10,-2,-9,-2,-9,-3,-8,-3,-8,-3,-8,-4,-8,-4,-7,-3,-6,-4,-6,-4,-5,-4,-5,-4,-5,-4,-4,-4,-4,-4,-3,-4,0,0,0,0,0,0,0,0,0,0,0,0,0,0,-15,-78,-14,-78,-19,-75,-11,-67,-10,-68,-8,-61,-15,-55,-10,-54,-15,-49,-13,-49,-13,-43,-15,-40,-14,-40,-14,-36,-14,-27,-19,-26,-22,-25,-21,-22,-19,-19,-20,-19,-25,-14,-25,-14,-28,-12,-29,-5,-31,-6,-32,-5,-32,-5,-38,3,-42,2,-37,2,-39,4,-45,0,-43,-1,-47,2,-50,4,-54,0,-50,-6,-50,-7,-51,-8,-50,-13,-50,-10,-46,-12,-49,-14,-46,-15,-41,-18,-41,-21,-38,-22,-38,-21,-33,-20,-28,-20,-28,-18,-28,-25,-24,-21,-21,-20,-19,-24,-18,-25,-13,-22,0,0,0,0,0,0,0,0,0,0,0,0,0,0,0,0,0,0,0,0,0,0,50,4,48,10,47,13,46,17,45,19,43,25,42,22,39,23,38,25,38,20,40,22,39,22,40,18,36,23,31,18,33,20,35,15,34,23,36,12,34,12,33,10,34,10,37,7,37,2,37,2,40,-1,37,1,43,-9,42,-4,44,-9,42,-9,46,-14,46,-13,47,-15,53,-16,52,-19,52,-24,55,-26,55,-25,58,-31,59,-30,57,-34,67,-31,65,-38,64,-31,70,-42,68,-33,70,-43,77,-39,76,-41,74,-41,79,-37,86,-34,82,-37,86,-35,84,-34,85,-29,0,0]"
CSI_DATA,163,1a:00:00:00:00:00,-46,11,1,0,1,1,1,0,0,0,1,-96,0,11,2,2430576,0,44,0,384,0,"[0,0,0,0,0,0,0,0,0,0,0,0,7,10,7,9,7,9,6,8,6,8,5,7,6,6,5,5,4,5,5,4,5,3,5,3,5,3,5,2,5,1,5,1,5,0,5,0,5,-1,5,-1,5,-2,5,-2,5,-3,6,-3,6,-3,6,-4,0,0,7,-4,8,-4,8,-5,8,-5,8,-4,9,-4,9,-4,9,-3,9,-3,9,-2,9,-2,9,-1,8,-1,8,0,8,0,7,0,7,0,6,0,6,1,6,1,6,1,5,2,5,2,4,2,4,2,3,2,0,0,0,0,0,0,0,0,0,0,0,0,0,0,49,62,51,64,51,54,44,55,42,54,34,43,37,48,37,45,34,43,25,37,32,33,27,29,28,24,29,25,27,19,28,19,31,13,30,13,22,5,31,5,31,-3,29,2,30,-4,31,-7,28,-10,30,-11,30,-10,40,-21,38,-20,34,-23,33,-22,38,-19,37,-22,38,-24,43,-23,49,-23,51,-25,48,-23,49,-17,49,-16,48,-12,52,-10,49,-2,48,-6,47,-7,45,-4,44,-2,45,2,39,1,36,4,34,6,33,4,31,6,31,12,29,11,24,12,20,15,0,0,0,0,0,0,0,0,0,0,0,0,0,0,0,0,0,0,0,0,0,0,-49,19,-46,14,-50,14,-53,8,-53,6,-51,2,-48,1,-51,0,-50,-1,-50,-3,-49,-8,-43,-4,-49,-1,-47,-2,-39,-1,-40,0,-39,2,-41,-1,-41,3,-39,1,-36,7,-36,7,-39,10,-36,12,-37,17,-34,17,-32,15,-34,20,-37,27,-40,30,-34,26,-36,33,-38,33,-36,36,-39,42,-38,42,-38,43,-36,50,-39,53,-39,55,-42,56,-41,61,-42,59,-45,66,-43,57,-47,65,-45,71,-45,73,-45,71,-52,75,-53,73,-53,73,-58,72,-62,69,-66,75,-63,74,-67,68,0,0]"
CSI_DATA,164,1a:00:00:00:00:00,-45,11,1,0,1,1,1,0,0,0,1,-96,0,11,2,2441303,0,44,0,384,0,"[0,0,0,0,0,0,0,0,0,0,0,0,-10,-10,-9,-8,-9,-8,-9,-8,-8,-7,-7,-6,-7,-6,-7,-5,-6,-4,-7,-4,-6,-4,-6,-3,-6,-3,-6,-2,-6,-1,-6,0,-5,0,-5,1,-6,1,-6,2,-5,2,-6,2,-6,3,-6,4,-6,4,-6,4,0,0,-7,5,-8,5,-8,5,-8,5,-8,5,-9,5,-9,4,-9,4,-9,3,-9,3,-9,3,-10,2,-9,2,-9,1,-9,0,-8,1,-8,1,-7,0,-8,0,-7,-1,-7,-1,-7,-1,-6,-2,-6,-2,-5,-2,-5,-3,0,0,0,0,0,0,0,0,0,0,0,0,0,0,-46,-74,-40,-68,-46,-61,-32,-62,-38,-52,-33,-54,-34,-47,-31,-48,-30,-39,-28,-41,-30,-39,-26,-26,-29,-30,-27,-23,-24,-23,-26,-15,-31,-14,-30,-12,-30,-8,-24,-6,-28,-5,-23,-2,-29,4,-31,5,-29,8,-29,10,-26,12,-35,13,-32,17,-37,19,-35,21,-41,26,-39,20,-47,26,-38,26,-47,24,-46,21,-49,22,-52,14,-55,16,-50,14,-49,13,-49,12,-50,12,-48,7,-44,3,-42,-1,-40,2,-37,-1,-37,0,-35,-7,-35,-9,-33,-6,-27,-8,-30,-8,-26,-11,-24,-13,0,0,0,0,0,0,0,0,0,0,0,0,0,0,0,0,0,0,0,0,0,0,50,-7,54,2,49,1,51,8,48,9,46,14,45,14,42,15,45,14,39,11,42,13,39,11,43,10,40,11,40,10,35,7,36,8,36,10,36,5,38,5,38,2,38,3,34,-1,37,-5,37,-7,36,-10,36,-13,36,-16,37,-17,40,-19,37,-24,43,-26,39,-28,39,-27,41,-29,43,-34,41,-32,41,-38,48,-44,48,-50,50,-50,44,-48,47,-50,46,-58,48,-58,47,-52,55,-60,51,-60,57,-65,57,-62,60,-65,61,-67,68,-63,61,-57,67,-67,74,-69,66,-56,0,0]"
CSI_DATA,165,1a:00:00:00:00:00,-45,11,1,0,1,1,1,0,0,0,1,-96,0,11,2,2463536,0,44,0,384,0,"[0,0,0,0,0,0,0,0,0,0,0,0,9,-9,8,-9,7,-8,7,-8,6,-7,6,-7,5,-7,4,-7,4,-6,3,-6,2,-6,2,-6,1,-6,1,-6,0,-6,-1,-6,-1,-6,-2,-5,-3,-5,-3,-6,-3,-6,-4,-6,-4,-6,-5,-6,-5,-6,-6,-6,0,0,-7,-7,-6,-7,-7,-8,-7,-8,-7,-8,-7,-9,-6,-9,-6,-9,-6,-10,-5,-10,-5,-10,-4,-9,-4,-9,-3,-9,-3,-9,-2,-9,-2,-8,-2,-8,-2,-8,-1,-7,-1,-8,0,-7,0,-7,0,-6,1,-6,1,-5,0,0,0,0,0,0,0,0,0,0,0,0,0,0,62,-47,64,-44,53,-45,52,-48,48,-43,51,-41,47,-38,39,-38,41,-34,32,-30,26,-32,20,-31,25,-32,19,-34,14,-28,8,-30,11,-29,6,-27,5,-29,-3,-28,-5,-29,-5,-29,-8,-26,-11,-26,-14,-28,-19,-28,-21,-28,-25,-32,-25,-30,-32,-33,-29,-31,-29,-33,-29,-39,-33,-38,-39,-38,-30,-47,-33,-44,-32,-45,-30,-48,-27,-47,-30,-50,-25,-51,-18,-50,-17,-49,-15,-43,-16,-45,-12,-48,-12,-42,-9,-40,-5,-40,-4,-39,-5,-37,1,-38,1,-37,2,-33,3,-28,6,-27,0,0,0,0,0,0,0,0,0,0,0,0,0,0,0,0,0,0,0,0,0,0,6,51,-1,49,-5,49,-6,52,-11,52,-15,45,-11,43,-14,43,-16,43,-15,42,-15,43,-12,41,-16,43,-13,37,-12,34,-10,37,-1,42,-12,35,-10,35,-5,39,-2,34,0,33,2,34,1,36,7,38,13,31,14,38,15,33,16,37,20,40,22,35,25,38,28,41,28,36,31,37,36,41,37,37,44,37,44,41,48,42,44,41,57,41,54,43,58,47,59,48,71,43,64,47,67,48,62,48,69,52,71,53,70,53,67,58,66,59,73,61,65,60,63,66,0,0]"
CSI_DATA,166,1a:00:00:00:00:00,-45,11,1,0,1,1,1,0,0,0,1,-96,0,11,2,2471321,0,44,0,384,0,"[0,0,0,0,0,0,0,0,0,0,0,0,9,-8,8,-8,7,-8,7,-7,6,-6,6,-6,5,-6,4,-6,4,-6,2,-5,3,-6,2,-6,1,-5,0,-5,0,-5,-1,-6,-2,-6,-2,-5,-3,-5,-3,-5,-3,-5,-4,-5,-4,-5,-5,-5,-5,-6,-6,-6,0,0,-7,-7,-7,-7,-7,-7,-8,-7,-7,-8,-7,-8,-6,-8,-6,-8,-6,-9,-5,-9,-6,-9,-5,-9,-4,-8,-4,-9,-4,-9,-4,-8,-3,-8,-3,-8,-3,-8,-2,-7,-2,-7,-1,-7,-1,-6,-1,-6,0,-6,0,-5,0,0,0,0,0,0,0,0,0,0,0,0,0,0,68,-30,68,-23,64,-36,61,-29,57,-34,50,-28,46,-29,47,-23,39,-27,38,-28,35,-29,26,-24,27,-24,25,-25,17,-26,14,-29,14,-27,6,-26,6,-24,4,-27,0,-29,-4,-29,-6,-29,-9,-27,-8,-25,-16,-34,-12,-32,-20,-32,-24,-33,-26,-35,-29,-33,-31,-41,-25,-40,-26,-42,-33,-40,-25,-45,-26,-48,-27,-49,-20,-52,-26,-49,-22,-51,-21,-50,-16,-49,-16,-48,-11,-45,-11,-49,-11,-43,-7,-45,-9,-45,-3,-39,-5,-38,-2,-38,0,-36,2,-36,4,-33,4,-31,8,-29,0,0,0,0,0,0,0,0,0,0,0,0,0,0,0,0,0,0,0,0,0,0,-17,51,-22,44,-27,47,-27,39,-33,34,-31,38,-31,32,-34,33,-32,34,-33,32,-32,34,-30,29,-27,32,-28,27,-26,28,-27,30,-24,32,-24,27,-21,26,-18,28,-19,28,-17,29,-9,31,-7,34,-7,34,-1,36,-2,38,-1,40,5,38,6,42,9,43,11,43,11,47,14,45,15,49,19,50,23,46,30,51,27,50,35,51,35,57,37,60,37,58,41,61,38,57,43,67,43,67,42,67,46,66,45,71,50,70,51,71,49,77,46,73,49,77,45,77,43,82,0,0]"
CSI_DATA,167,1a:00:00:00:00:00,-45,11,1,0,1,1,1,0,0,0,1,-96,0,11,2,2490575,0,44,0,384,0,"[0,0,0,0,0,0,0,0,0,0,0,0,-12,-1,-11,-1,-11,-1,-11,-1,-10,-1,-9,0,-8,0,-7,1,-7,1,-6,1,-6,2,-6,2,-5,2,-5,3,-4,3,-3,4,-3,4,-2,4,-2,4,-2,5,-2,5,-1,6,-1,6,-1,7,0,8,0,8,0,0,1,9,0,9,0,10,1,10,0,10,-1,10,-1,10,-2,10,-2,10,-2,10,-2,10,-3,9,-3,9,-3,9,-3,8,-4,8,-4,8,-3,7,-3,7,-4,6,-4,6,-4,5,-4,5,-5,4,-5,4,-5,3,0,0,0,0,0,0,0,0,0,0,0,0,0,0,-40,-13,-34,-12,-36,-12,-33,-12,-33,-7,-30,-8,-28,-6,-30,-7,-25,-6,-22,-3,-21,-3,-19,-1,-18,-2,-16,3,-15,2,-14,6,-14,8,-14,8,-13,6,-9,7,-9,12,-8,11,-6,14,-8,15,-5,14,-4,18,-2,18,-1,20,-2,19,-1,22,0,20,0,25,-2,24,-2,28,1,25,-3,29,-4,28,-5,28,-6,27,-8,26,-7,25,-8,27,-9,27,-8,25,-10,24,-8,23,-12,22,-10,19,-10,18,-11,18,-11,18,-11,15,-13,14,-12,13,-12,15,-13,11,-11,8,0,0,0,0,0,0,0,0,0,0,0,0,0,0,0,0,0,0,0,0,0,0,25,-7,25,-5,23,-4,24,-3,24,-2,26,0,22,2,24,1,22,0,20,0,21,0,20,0,23,0,21,-1,19,2,17,0,20,-4,16,-1,18,-3,17,-4,16,-4,16,-6,14,-7,14,-9,14,-10,14,-12,13,-12,13,-15,13,-14,13,-20,11,-17,12,-22,13,-21,11,-22,11,-24,11,-25,7,-24,9,-29,7,-31,6,-32,8,-32,6,-34,8,-37,4,-36,6,-39,8,-39,7,-40,6,-39,6,-43,3,-44,4,-43,5,-43,9,-48,8,-40,8,-46,8,-47,10,-44,0,0]"
CSI_DATA,168,1a:00:00:00:00:00,-45,11,1,0,1,1,1,0,0,0,1,-96,0,11,2,2501975,0,44,0,384,0,"[0,0,0,0,0,0,0,0,0,0,0,0,7,-9,6,-9,5,-8,6,-8,5,-8,4,-8,3,-8,2,-7,2,-7,1,-6,1,-6,1,-6,0,-5,-1,-5,-2,-5,-2,-5,-3,-5,-3,-5,-4,-5,-4,-4,-5,-4,-5,-4,-6,-5,-7,-4,-7,-5,-8,-5,0,0,-9,-5,-8,-6,-9,-6,-9,-6,-9,-7,-9,-6,-9,-7,-9,-7,-9,-8,-8,-8,-8,-9,-7,-8,-6,-8,-6,-8,-6,-8,-5,-8,-5,-8,-5,-7,-4,-7,-4,-7,-3,-7,-3,-7,-2,-7,-2,-6,-1,-7,0,-6,0,0,0,0,0,0,0,0,0,0,0,0,0,0,60,-51,53,-38,51,-48,48,-47,47,-40,43,-39,39,-31,40,-34,31,-29,25,-32,22,-31,22,-30,19,-29,15,-29,11,-31,3,-28,3,-26,-6,-28,-2,-24,-8,-25,-11,-28,-9,-29,-17,-24,-17,-27,-17,-26,-24,-27,-31,-26,-32,-25,-33,-27,-36,-26,-39,-27,-39,-33,-35,-31,-43,-35,-44,-33,-42,-42,-41,-39,-43,-41,-40,-46,-40,-46,-35,-42,-36,-45,-33,-46,-32,-46,-24,-48,-24,-43,-24,-46,-22,-46,-24,-44,-17,-40,-15,-40,-15,-38,-9,-38,-6,-32,-7,-38,-2,-33,1,-31,0,0,0,0,0,0,0,0,0,0,0,0,0,0,0,0,0,0,0,0,0,0,-9,52,-18,48,-19,44,-22,50,-24,42,-26,44,-21,38,-23,37,-23,39,-24,36,-23,37,-22,37,-23,40,-22,34,-19,33,-18,31,-14,36,-15,31,-14,34,-11,28,-9,30,-5,31,-2,32,-2,32,5,35,8,32,8,33,10,35,9,31,17,40,19,34,22,41,23,42,24,39,30,43,31,42,32,38,39,41,36,42,44,47,45,45,46,45,49,52,50,47,52,45,57,54,54,49,61,47,58,50,63,50,64,56,68,57,67,64,57,54,64,63,64,60,56,63,0,0]"
CSI_DATA,169,1a:00:00:00:00:00,-45,11,1,0,1,1,1,0,0,0,1,-96,0,11,2,2510729,0,44,0,384,0,"[0,0,0,0,0,0,0,0,0,0,0,0,11,-1,10,-1,9,-2,9,-1,8,-1,7,-2,7,-2,6,-3,5,-3,5,-3,4,-4,4,-4,3,-4,3,-4,2,-5,2,-6,1,-5,1,-6,0,-6,0,-6,-1,-6,-1,-7,-2,-7,-2,-8,-2,-8,-3,-9,0,0,-3,-9,-2,-10,-3,-11,-3,-11,-2,-11,-2,-12,-2,-11,-1,-11,-1,-11,0,-11,0,-11,0,-11,1,-10,1,-10,1,-10,1,-10,2,-9,2,-8,2,-8,2,-7,2,-7,3,-6,3,-6,3,-6,3,-5,3,-5,0,0,0,0,0,0,0,0,0,0,0,0,0,0,38,3,36,4,37,3,33,0,31,0,27,0,26,-1,25,-2,23,-3,22,-2,18,-4,18,-4,16,-7,14,-7,12,-9,12,-9,10,-11,9,-11,8,-9,5,-13,4,-16,2,-15,2,-14,0,-15,1,-17,0,-18,-2,-20,-4,-22,-4,-21,-6,-24,-4,-23,-6,-26,-5,-26,-6,-29,-6,-28,-3,-30,-5,-32,-3,-31,-1,-31,0,-31,0,-31,1,-30,4,-30,4,-29,6,-28,3,-27,5,-25,6,-24,8,-22,6,-20,7,-19,7,-19,9,-20,8,-16,10,-15,9,-12,10,-14,0,0,0,0,0,0,0,0,0,0,0,0,0,0,0,0,0,0,0,0,0,0,-22,13,-23,11,-25,9,-25,9,-25,7,-22,6,-22,5,-23,4,-22,5,-22,3,-24,1,-19,5,-20,5,-22,5,-20,4,-17,5,-18,6,-16,6,-16,8,-15,8,-15,9,-13,9,-13,8,-14,10,-12,13,-11,14,-12,16,-8,15,-11,18,-9,20,-6,19,-8,23,-6,22,-5,23,-7,25,-4,26,-3,27,-3,29,-2,29,-1,31,0,35,1,34,0,36,2,38,2,36,0,38,4,39,4,39,1,41,4,42,3,43,3,43,0,45,1,41,0,46,0,47,0,44,0,0]"
CSI_DATA,170,1a:00:00:00:00:00,-45,11,1,0,1,1,1,0,0,0,1,-96,0,11,2,2520574,0,44,0,384,0,"[0,0,0,0,0,0,0,0,0,0,0,0,-2,-12,-2,-11,-3,-10,-2,-9,-3,-9,-2,-8,-3,-7,-3,-6,-3,-6,-4,-5,-4,-5,-4,-4,-5,-4,-5,-3,-5,-3,-5,-2,-6,-1,-6,-1,-6,0,-6,0,-7,1,-8,1,-7,1,-8,2,-8,2,-9,3,0,0,-9,3,-10,3,-10,3,-11,3,-11,2,-11,2,-12,2,-11,1,-12,1,-12,0,-12,0,-11,-1,-11,0,-10,-1,-10,-2,-10,-2,-10,-2,-9,-2,-8,-2,-8,-3,-8,-3,-7,-3,-7,-3,-6,-3,-6,-4,-5,-4,0,0,0,0,0,0,0,0,0,0,0,0,0,0,0,-40,3,-35,-2,-36,-2,-34,0,-31,0,-29,-1,-25,-3,-26,-3,-22,-4,-23,-6,-20,-7,-20,-9,-15,-8,-14,-8,-14,-10,-12,-11,-11,-10,-7,-12,-6,-12,-6,-15,-5,-14,-2,-16,0,-16,1,-19,3,-17,5,-20,3,-20,5,-21,6,-24,8,-24,6,-28,10,-24,9,-27,8,-27,8,-31,7,-29,8,-30,7,-32,3,-28,3,-29,2,-32,1,-31,0,-27,-1,-27,-3,-27,-2,-28,-3,-25,-4,-25,-3,-21,-4,-22,-4,-20,-6,-20,-5,-16,-8,-17,-8,-15,-8,-13,-11,0,0,0,0,0,0,0,0,0,0,0,0,0,0,0,0,0,0,0,0,0,0,14,22,10,23,8,23,8,23,5,23,4,25,4,23,5,22,5,22,3,21,3,22,3,20,6,19,5,19,4,16,4,17,7,18,5,15,6,15,9,14,10,12,11,12,9,13,13,11,13,10,14,10,16,9,15,9,16,8,19,7,19,6,24,7,24,6,24,3,26,3,25,4,26,1,29,2,31,1,33,0,33,-2,33,-3,36,-2,37,-4,38,-5,40,-4,40,-6,40,-8,38,-5,41,-5,44,-6,42,-4,47,-3,42,-4,44,-2,44,-5,44,-2,0,0]"
CSI_DATA,171,1a:00:00:00:00:00,-45,11,1,0,1,1,1,0,0,0,1,-96,0,11,2,2531726,0,44,0,384,0,"[0,0,0,0,0,0,0,0,0,0,0,0,11,-2,10,-2,9,-2,9,-2,8,-2,7,-3,7,-4,5,-3,5,-4,4,-3,4,-4,3,-5,3,-4,2,-5,2,-5,1,-6,0,-6,0,-6,-1,-6,-1,-6,-1,-7,-2,-7,-2,-8,-3,-8,-3,-9,-4,-9,0,0,-4,-10,-4,-10,-4,-11,-4,-11,-3,-11,-3,-11,-3,-11,-3,-11,-3,-12,-2,-12,-2,-12,0,-11,-1,-11,0,-10,0,-10,0,-10,1,-10,0,-9,1,-9,1,-8,1,-8,2,-7,2,-7,2,-7,3,-6,3,-5,0,0,0,0,0,0,0,0,0,0,0,0,0,0,36,3,34,3,34,1,28,0,28,0,26,-2,26,-3,25,-2,22,-2,18,-5,15,-5,18,-4,16,-9,13,-6,11,-9,9,-10,10,-12,6,-11,6,-12,4,-16,3,-14,1,-16,0,-16,0,-18,-1,-18,-2,-19,-5,-21,-5,-21,-5,-24,-7,-23,-8,-25,-7,-25,-5,-28,-6,-29,-9,-27,-4,-31,-4,-30,-4,-31,-2,-33,-1,-29,0,-30,0,-30,4,-31,2,-30,5,-28,3,-27,5,-26,6,-26,4,-22,5,-22,7,-20,7,-21,8,-19,10,-17,9,-18,8,-15,10,-13,0,0,0,0,0,0,0,0,0,0,0,0,0,0,0,0,0,0,0,0,0,0,-21,14,-23,10,-23,10,-26,9,-27,7,-23,7,-24,4,-22,4,-23,3,-23,4,-21,4,-21,5,-20,5,-20,5,-20,3,-19,5,-17,6,-17,8,-17,7,-15,6,-15,7,-14,9,-13,10,-11,11,-13,13,-8,15,-10,16,-10,15,-10,18,-6,21,-7,19,-6,22,-6,23,-7,22,-7,25,-6,27,-3,27,-2,30,-1,28,0,33,-2,31,1,34,1,35,4,36,1,36,0,36,0,37,3,38,3,40,3,41,2,41,4,42,1,41,2,42,1,44,0,44,1,42,0,0]"
CSI_DATA,172,1a:00:00:00:00:00,-44,11,1,0,1,1,1,0,0,0,1,-96,0,11,2,2580574,0,44,0,384,0,"[0,0,0,0,0,0,0,0,0,0,0,0,9,4,9,3,8,3,8,3,7,2,7,1,7,1,6,0,6,0,6,-1,5,-2,5,-2,5,-3,4,-3,4,-4,4,-5,3,-5,3,-5,3,-6,3,-7,3,-7,3,-8,2,-8,2,-9,3,-9,2,-10,0,0,2,-11,3,-11,3,-11,3,-11,4,-11,4,-12,4,-12,5,-11,5,-11,5,-10,6,-10,6,-9,6,-9,6,-9,7,-8,6,-8,6,-7,6,-7,6,-6,5,-6,6,-5,6,-5,6,-4,6,-4,6,-3,5,-2,0,0,0,0,0,0,0,0,0,0,0,0,0,0,54,47,51,44,51,41,47,35,46,34,46,31,39,26,47,25,39,18,40,15,32,13,30,11,33,4,33,3,31,1,30,-5,30,-9,30,-12,27,-16,24,-20,23,-21,24,-23,17,-25,21,-33,21,-32,20,-41,17,-38,22,-42,20,-45,24,-49,22,-52,27,-53,25,-55,25,-53,26,-57,31,-59,26,-58,28,-58,33,-55,36,-54,35,-49,40,-48,42,-45,39,-47,39,-41,42,-43,41,-36,42,-35,38,-30,37,-29,32,-28,43,-25,36,-22,34,-23,35,-17,33,-10,34,-4,0,0,0,0,0,0,0,0,0,0,0,0,0,0,0,0,0,0,0,0,0,0,-50,-8,-49,-15,-46,-16,-45,-19,-43,-20,-38,-22,-41,-22,-38,-22,-41,-25,-37,-20,-34,-24,-33,-19,-38,-17,-35,-20,-32,-18,-32,-16,-35,-13,-36,-15,-32,-7,-32,-6,-35,-4,-37,-2,-34,2,-37,3,-38,6,-35,12,-39,12,-41,14,-44,12,-36,21,-40,25,-49,27,-43,29,-41,33,-47,35,-43,35,-46,40,-41,41,-43,44,-47,49,-48,50,-42,54,-46,55,-46,52,-44,58,-48,63,-45,61,-44,64,-47,69,-48,66,-49,66,-48,65,-52,70,-50,66,-52,71,-51,72,-52,66,0,0]"
CSI_DATA,173,1a:00:00:00:00:00,-44,11,1,0,1,1,1,0,0,0,1,-96,0,11,2,2590829,0,44,0,384,0,"[0,0,0,0,0,0,0,0,0,0,0,0,-10,-3,-10,-2,-10,-2,-9,-2,-9,-1,-8,-1,-7,1,-7,1,-6,1,-6,1,-6,2,-5,2,-5,3,-5,3,-4,4,-3,5,-3,5,-3,5,-2,5,-2,6,-2,6,-1,7,-2,7,-1,8,-1,9,0,9,0,0,0,10,-1,10,-1,11,-1,11,-1,11,-2,11,-2,12,-2,11,-2,11,-3,11,-4,10,-4,10,-4,9,-4,9,-4,8,-4,8,-5,8,-4,7,-4,7,-4,6,-5,6,-5,6,-5,5,-5,4,-5,4,-5,3,0,0,0,0,0,0,0,0,0,0,0,0,0,0,-62,-25,-67,-23,-62,-18,-55,-18,-58,-15,-49,-16,-48,-9,-49,-7,-46,-5,-37,-4,-39,-2,-35,3,-34,4,-35,10,-30,11,-27,17,-26,19,-24,19,-21,21,-19,23,-17,27,-15,27,-7,29,-10,33,-6,38,-10,41,-6,44,-2,48,-8,47,-3,49,-1,51,-5,54,-6,56,-4,60,-3,61,-9,60,-9,60,-13,62,-16,61,-15,59,-19,61,-21,55,-21,54,-24,53,-22,51,-26,51,-25,46,-23,47,-22,40,-23,39,-27,36,-22,33,-26,32,-29,30,-30,25,-27,21,-29,19,0,0,0,0,0,0,0,0,0,0,0,0,0,0,0,0,0,0,0,0,0,0,49,-6,43,-5,46,-1,46,3,50,5,41,6,40,8,41,10,42,11,38,9,40,11,37,7,39,4,37,-1,36,3,35,1,31,0,35,-1,30,-6,32,-7,32,-7,34,-11,32,-14,30,-13,31,-20,30,-22,33,-26,30,-28,32,-33,31,-34,26,-33,30,-37,28,-41,28,-39,31,-44,31,-49,27,-48,27,-54,25,-54,27,-56,22,-59,24,-64,24,-61,21,-68,20,-65,25,-72,23,-74,22,-76,18,-72,22,-79,21,-78,23,-81,24,-81,23,-78,23,-82,21,-82,23,-78,0,0]"
CSI_DATA,174,1a:00:00:00:00:00,-44,11,1,0,1,1,1,0,0,0,1,-96,0,11,2,2600965,0,44,0,384,0,"[0,0,0,0,0,0,0,0,0,0,0,0,-11,-3,-11,-2,-9,-1,-10,-1,-9,-1,-8,-1,-7,0,-7,1,-7,1,-6,1,-6,2,-5,2,-5,3,-5,3,-5,4,-4,4,-4,5,-3,5,-3,6,-3,6,-2,6,-2,7,-2,7,-2,8,-2,8,-2,9,0,0,-1,10,-2,10,-2,11,-2,11,-3,11,-3,11,-3,11,-3,11,-4,11,-4,10,-5,10,-5,9,-5,9,-5,9,-6,8,-6,8,-5,7,-5,7,-5,6,-5,6,-6,5,-6,5,-6,4,-6,4,-6,3,-6,2,0,0,0,0,0,0,0,0,0,0,0,0,0,0,-69,-23,-64,-21,-66,-14,-60,-13,-50,-10,-52,-11,-43,-10,-52,-7,-43,-2,-44,-4,-41,2,-35,3,-35,6,-31,9,-30,14,-31,17,-28,16,-24,21,-21,22,-18,24,-15,30,-15,28,-15,34,-12,35,-12,37,-8,36,-11,44,-10,45,-6,48,-3,53,-5,49,-9,58,-10,54,-8,62,-9,57,-13,64,-15,64,-19,65,-19,63,-21,61,-17,58,-22,60,-26,55,-27,57,-26,49,-29,48,-29,44,-27,46,-29,37,-27,36,-31,33,-28,34,-32,33,-29,25,-30,25,-26,19,-29,16,0,0,0,0,0,0,0,0,0,0,0,0,0,0,0,0,0,0,0,0,0,0,45,-10,46,-9,45,-9,49,-6,48,0,47,0,41,5,41,4,44,2,40,-1,39,3,40,3,44,1,37,0,39,-2,32,-4,34,-8,33,-8,34,-12,28,-11,31,-12,33,-13,28,-16,29,-23,33,-23,28,-26,26,-25,27,-31,29,-28,29,-39,29,-35,32,-40,29,-43,24,-42,29,-48,24,-54,23,-52,22,-55,24,-59,22,-62,23,-63,18,-64,18,-71,18,-71,18,-68,15,-76,19,-76,18,-75,18,-75,17,-80,22,-78,18,-81,24,-81,21,-76,22,-87,18,-80,19,-78,0,0]"
CSI_DATA,175,1a:00:00:00:00:00,-44,11,1,0,1,1,1,0,0,0,1,-96,0,11,2,2612677,0,44,0,384,0,"[0,0,0,0,0,0,0,0,0,0,0,0,3,10,3,9,4,8,4,8,4,7,3,7,4,5,4,5,4,4,4,3,4,3,5,3,5,2,5,1,5,0,5,0,6,0,5,-1,5,-2,6,-2,7,-3,7,-3,7,-3,7,-4,8,-4,8,-5,0,0,8,-5,10,-5,10,-5,9,-5,10,-5,10,-5,11,-4,10,-4,11,-3,10,-3,11,-3,10,-2,10,-1,10,-1,9,0,9,0,9,0,8,0,8,0,7,0,7,1,7,1,7,1,6,2,5,2,5,3,0,0,0,0,0,0,0,0,0,0,0,0,0,0,2,71,4,65,8,66,6,60,9,61,5,54,11,49,9,48,12,41,13,42,14,38,14,30,19,33,17,26,21,26,21,22,25,18,28,16,29,14,29,11,33,9,34,5,33,-1,37,1,35,-5,38,-2,41,-3,47,-8,49,-10,51,-17,47,-13,60,-11,56,-13,61,-17,63,-11,62,-7,64,-6,65,-4,66,0,66,-3,60,2,62,6,56,8,58,4,54,8,55,11,52,16,49,11,47,12,45,16,42,17,44,19,39,17,32,17,31,22,27,21,26,24,0,0,0,0,0,0,0,0,0,0,0,0,0,0,0,0,0,0,0,0,0,0,-33,-37,-30,-37,-27,-43,-27,-41,-21,-39,-19,-42,-18,-38,-16,-39,-13,-43,-19,-36,-15,-38,-20,-34,-19,-35,-18,-33,-18,-31,-14,-31,-22,-36,-19,-30,-23,-25,-24,-24,-22,-24,-30,-23,-27,-23,-30,-18,-33,-16,-35,-17,-40,-18,-42,-18,-42,-17,-48,-14,-43,-6,-55,-9,-51,-12,-55,-6,-58,-8,-55,-9,-55,0,-59,-1,-62,2,-70,4,-68,0,-64,7,-70,3,-75,6,-72,8,-70,9,-80,10,-80,13,-79,11,-78,13,-80,10,-87,16,-92,11,-82,7,-86,8,-88,6,-78,7,0,0]"
CSI_DATA,176,1a:00:00:00:00:00,-44,11,1,0,1,1,1,0,0,0,1,-96,0,11,2,2620564,0,44,0,384,0,"[0,0,0,0,0,0,0,0,0,0,0,0,-7,-9,-7,-8,-7,-7,-7,-7,-7,-6,-6,-6,-6,-5,-6,-4,-6,-4,-6,-3,-7,-3,-6,-1,-6,-1,-6,0,-6,0,-6,1,-6,1,-6,2,-6,3,-6,3,-6,3,-7,4,-6,4,-7,5,-7,6,-7,6,0,0,-7,7,-9,7,-9,7,-9,7,-9,7,-10,7,-10,7,-10,6,-10,6,-10,6,-10,5,-10,4,-10,4,-10,4,-10,3,-10,3,-9,3,-9,2,-9,2,-8,1,-8,1,-8,1,-8,0,-7,0,-7,-1,-7,-2,0,0,0,0,0,0,0,0,0,0,0,0,0,0,-29,-59,-25,-64,-28,-56,-27,-53,-28,-57,-26,-48,-26,-44,-28,-38,-25,-39,-26,-34,-28,-30,-28,-27,-30,-25,-29,-20,-28,-20,-27,-11,-33,-9,-33,-7,-34,-3,-29,-1,-34,5,-34,1,-33,9,-33,11,-32,15,-35,18,-38,17,-38,22,-43,26,-42,27,-44,27,-46,28,-48,29,-48,28,-52,31,-57,28,-55,27,-58,28,-58,24,-58,20,-58,17,-56,15,-59,17,-57,12,-57,11,-55,10,-50,6,-51,5,-53,1,-46,1,-46,0,-45,1,-38,-2,-42,-7,-36,-6,-38,-11,-30,-12,0,0,0,0,0,0,0,0,0,0,0,0,0,0,0,0,0,0,0,0,0,0,40,23,37,27,33,26,35,31,32,34,29,30,28,33,27,32,27,29,24,29,26,31,26,27,27,26,27,24,24,22,28,19,27,23,26,20,27,15,31,13,27,13,35,10,33,8,33,4,36,9,38,2,40,5,40,0,42,2,46,-6,44,-2,52,-8,47,-7,49,-13,50,-13,53,-12,49,-13,56,-21,56,-23,58,-25,62,-27,61,-27,61,-28,62,-31,58,-31,65,-30,66,-33,65,-36,65,-37,67,-38,71,-39,68,-40,75,-41,66,-35,73,-38,70,-35,74,-34,0,0]"
CSI_DATA,177,1a:00:00:00:00:00,-44,11,1,0,1,1,1,0,0,0,1,-96,0,11,2,2630584,0,44,0,384,0,"[0,0,0,0,0,0,0,0,0,0,0,0,6,8,6,7,7,6,6,6,6,5,5,5,6,3,5,3,5,3,6,2,5,1,5,0,5,0,5,-1,5,-1,5,-2,5,-2,5,-3,5,-3,5,-4,5,-5,5,-6,6,-6,6,-6,6,-7,6,-7,0,0,6,-8,7,-8,7,-8,7,-9,8,-8,8,-8,8,-8,8,-8,8,-8,9,-7,9,-6,9,-5,9,-5,8,-5,8,-4,8,-4,8,-4,7,-3,8,-3,7,-3,7,-2,7,-2,7,-1,6,-1,6,0,5,1,0,0,0,0,0,0,0,0,0,0,0,0,0,0,44,54,42,50,44,43,41,37,41,45,33,38,38,34,40,29,35,25,28,26,35,18,28,16,33,11,33,8,32,10,33,7,35,-3,30,-2,28,-7,27,-10,30,-14,30,-15,28,-19,28,-22,27,-26,30,-30,30,-28,31,-34,33,-36,35,-41,31,-40,33,-42,35,-43,35,-44,35,-45,45,-42,40,-44,45,-44,45,-43,44,-38,50,-34,49,-31,48,-30,51,-30,51,-25,49,-24,46,-25,50,-22,46,-17,42,-19,44,-16,43,-14,37,-15,35,-7,37,-8,37,-1,30,1,0,0,0,0,0,0,0,0,0,0,0,0,0,0,0,0,0,0,0,0,0,0,-46,-9,-46,-14,-46,-17,-42,-20,-42,-21,-39,-23,-37,-25,-35,-21,-37,-21,-33,-20,-38,-23,-34,-20,-36,-17,-35,-15,-33,-14,-31,-14,-32,-12,-34,-13,-33,-10,-34,-4,-31,-2,-38,-3,-34,-1,-38,3,-35,3,-37,9,-38,7,-41,9,-45,11,-42,16,-39,15,-45,21,-46,20,-46,27,-49,28,-45,29,-46,29,-46,32,-51,33,-52,39,-49,42,-51,44,-51,45,-52,51,-50,45,-46,51,-50,49,-52,57,-52,57,-59,61,-57,56,-57,57,-58,59,-57,53,-58,57,-60,58,-59,55,0,0]"
CSI_DATA,178,1a:00:00:00:00:00,-44,11,1,0,1,1,1,0,0,0,1,-96,0,11,2,2641095,0,44,0,384,0,"[0,0,0,0,0,0,0,0,0,0,0,0,-3,-11,-3,-11,-5,-9,-4,-9,-4,-8,-4,-8,-5,-7,-5,-6,-5,-6,-5,-5,-5,-5,-5,-4,-5,-3,-6,-2,-6,-2,-7,-1,-6,-1,-6,0,-6,0,-7,1,-7,1,-7,2,-8,2,-8,3,-9,3,-9,3,0,0,-10,4,-10,3,-10,4,-11,4,-11,3,-12,3,-12,3,-11,3,-12,3,-12,2,-12,1,-11,1,-11,0,-10,0,-10,0,-10,-1,-10,0,-9,-1,-9,-1,-9,-1,-9,-2,-8,-2,-8,-2,-7,-3,-7,-3,-6,-4,0,0,0,0,0,0,0,0,0,0,0,0,0,0,1,-73,-2,-70,-5,-68,-2,-62,-6,-61,-5,-57,-3,-56,-8,-49,-10,-40,-14,-42,-12,-39,-12,-37,-18,-34,-20,-30,-17,-27,-24,-26,-24,-20,-27,-16,-24,-15,-29,-14,-33,-8,-31,-7,-32,-4,-35,-1,-33,3,-41,-2,-43,2,-45,7,-46,6,-52,10,-50,10,-60,9,-55,8,-58,11,-59,11,-60,3,-60,6,-65,4,-64,0,-64,0,-64,-1,-59,-6,-61,-9,-61,-8,-56,-7,-52,-12,-51,-14,-52,-11,-49,-15,-45,-13,-44,-16,-41,-15,-38,-17,-36,-19,-32,-23,-29,-20,-25,-26,0,0,0,0,0,0,0,0,0,0,0,0,0,0,0,0,0,0,0,0,0,0,28,38,22,42,16,42,16,44,17,41,12,41,8,40,9,41,8,42,11,36,8,38,9,38,15,35,14,35,10,33,15,34,16,29,15,29,19,24,20,25,25,26,26,27,23,26,30,21,29,20,36,24,36,22,39,20,38,18,44,19,40,15,49,17,46,14,53,12,53,9,59,12,53,10,57,10,61,3,63,4,66,4,67,-4,67,3,69,-2,68,-4,68,-7,76,-8,79,-8,76,-6,81,-3,76,-6,87,-7,88,-3,77,1,83,-8,75,-5,81,-1,0,0]"
CSI_DATA,179,1a:00:00:00:00:00,-44,11,1,0,1,1,1,0,0,0,1,-96,0,11,2,2651584,0,44,0,384,0,"[0,0,0,0,0,0,0,0,0,0,0,0,3,10,3,9,4,8,4,8,4,7,3,6,4,5,4,5,4,4,4,3,4,3,5,3,5,2,5,1,5,1,6,0,5,0,5,-1,5,-2,6,-2,6,-2,6,-3,6,-3,7,-4,8,-4,8,-5,0,0,9,-5,9,-5,10,-5,10,-5,10,-4,10,-5,10,-5,11,-4,10,-4,11,-3,11,-3,11,-2,10,-2,10,-2,9,-1,9,-1,9,-1,8,0,8,0,8,0,7,1,7,1,6,1,6,2,5,2,5,3,0,0,0,0,0,0,0,0,0,0,0,0,0,0,19,64,19,67,20,57,19,57,19,57,18,52,22,46,23,46,17,38,21,34,22,31,26,29,26,26,23,21,23,20,26,14,30,12,29,10,26,7,29,3,33,0,33,-1,35,-7,34,-11,35,-12,33,-15,40,-15,41,-21,43,-22,45,-24,44,-22,48,-26,45,-27,51,-30,54,-27,54,-23,57,-25,56,-24,60,-22,56,-14,58,-16,62,-12,59,-9,56,-8,54,-8,55,-8,55,-4,50,-3,50,-1,47,-2,48,2,46,4,43,3,43,7,35,12,33,11,33,14,0,0,0,0,0,0,0,0,0,0,0,0,0,0,0,0,0,0,0,0,0,0,-39,-30,-34,-31,-33,-35,-29,-34,-29,-38,-24,-37,-24,-33,-20,-35,-23,-34,-23,-32,-22,-33,-25,-31,-22,-31,-24,-27,-20,-25,-24,-27,-26,-26,-26,-30,-26,-21,-29,-20,-30,-17,-35,-15,-31,-18,-38,-14,-38,-13,-40,-11,-40,-13,-43,-10,-44,-7,-51,-4,-45,-2,-51,-1,-52,1,-52,3,-59,3,-58,6,-59,9,-62,10,-61,11,-64,18,-61,15,-68,21,-67,18,-67,21,-70,23,-69,29,-71,26,-72,31,-72,30,-75,27,-77,26,-78,28,-81,26,-78,27,-82,24,-76,28,-80,27,0,0]"
CSI_DATA,180,1a:00:00:00:00:00,-44,11,1,0,1,1,1,0,0,0,1,-96,0,11,2,2661620,0,44,0,384,0,"[0,0,0,0,0,0,0,0,0,0,0,0,0,-11,0,-11,-1,-10,-1,-10,-1,-9,-1,-8,-2,-8,-2,-7,-3,-7,-3,-6,-3,-6,-4,-5,-5,-5,-5,-4,-5,-4,-6,-3,-6,-3,-6,-2,-6,-2,-7,-1,-7,-1,-8,0,-8,0,-9,0,-9,0,-10,0,0,0,-10,1,-11,0,-11,1,-12,0,-12,0,-12,0,-12,0,-12,-1,-12,-1,-12,-2,-12,-2,-11,-3,-11,-3,-10,-3,-10,-3,-10,-3,-10,-3,-9,-3,-8,-3,-8,-4,-8,-4,-7,-4,-7,-4,-6,-5,-5,-5,-5,-5,0,0,0,0,0,0,0,0,0,0,0,0,0,0,18,-65,17,-66,12,-63,10,-65,7,-60,9,-54,4,-50,5,-51,1,-42,2,-42,-6,-42,-5,-35,-10,-33,-16,-32,-12,-34,-19,-28,-23,-25,-22,-24,-23,-19,-26,-14,-30,-18,-32,-15,-34,-7,-31,-9,-34,-5,-42,-5,-40,-4,-43,1,-47,-4,-50,0,-52,2,-56,0,-57,-1,-60,4,-63,2,-61,-5,-65,-5,-61,-5,-65,-8,-61,-8,-63,-10,-58,-15,-59,-16,-57,-16,-54,-17,-57,-17,-52,-20,-49,-21,-44,-17,-45,-21,-39,-19,-39,-22,-37,-20,-34,-25,-30,-23,-30,-27,-23,-30,0,0,0,0,0,0,0,0,0,0,0,0,0,0,0,0,0,0,0,0,0,0,12,46,5,46,2,44,0,43,-1,46,0,44,-2,42,-3,42,-2,39,-3,37,0,39,-2,40,-1,37,1,40,-2,31,1,36,7,38,5,33,10,30,9,32,12,31,19,33,21,32,22,30,22,31,26,28,25,32,31,31,30,32,35,31,33,29,42,29,43,32,43,29,46,28,49,25,53,27,53,28,57,26,61,17,60,22,62,25,65,23,68,19,68,18,75,12,72,17,77,16,74,10,80,18,85,14,80,16,82,16,77,18,83,20,82,15,77,15,0,0]"
CSI_DATA,181,1a:00:00:00:00:00,-43,11,1,0,1,1,1,0,0,0,1,-96,0,11,2,2681338,0,44,0,384,0,"[0,0,0,0,0,0,0,0,0,0,0,0,-6,9,-5,8,-4,8,-4,7,-3,7,-3,7,-2,7,-1,6,-1,6,0,5,0,6,1,5,1,4,2,4,2,4,3,4,4,3,4,3,4,3,5,2,5,2,6,2,6,2,7,2,8,2,8,2,0,0,9,2,9,3,10,2,10,3,10,3,10,3,10,4,10,4,10,4,9,5,9,5,8,5,8,5,8,5,7,5,7,5,7,5,6,5,6,5,5,5,5,5,4,5,4,5,3,5,3,6,2,5,0,0,0,0,0,0,0,0,0,0,0,0,0,0,-46,55,-39,50,-37,54,-33,53,-30,51,-28,47,-26,42,-23,45,-20,35,-16,35,-9,36,-10,32,-7,33,1,32,0,31,7,31,10,28,10,24,11,25,18,22,23,22,22,21,23,17,28,18,28,16,35,17,36,17,38,15,42,13,47,14,47,17,53,19,48,19,54,18,57,16,57,26,54,25,55,25,55,29,53,28,50,27,50,29,49,34,48,33,44,34,45,32,40,33,37,33,39,34,31,31,32,33,28,32,23,34,19,32,16,30,18,33,14,31,0,0,0,0,0,0,0,0,0,0,0,0,0,0,0,0,0,0,0,0,0,0,9,-44,13,-44,15,-43,18,-42,18,-39,17,-39,18,-37,24,-34,18,-36,23,-33,16,-37,14,-32,15,-35,15,-33,12,-35,9,-36,4,-36,8,-34,3,-35,5,-35,0,-32,-2,-37,-3,-39,-10,-36,-11,-38,-12,-44,-13,-37,-15,-44,-16,-40,-21,-45,-25,-40,-24,-47,-27,-44,-24,-45,-31,-49,-35,-43,-36,-45,-43,-41,-43,-48,-44,-47,-45,-48,-52,-42,-52,-43,-56,-43,-55,-41,-58,-41,-58,-45,-62,-47,-61,-46,-64,-49,-64,-45,-68,-42,-67,-48,-62,-45,-68,-49,-65,-44,-66,-47,0,0]"
CSI_DATA,182,1a:00:00:00:00:00,-43,11,1,0,1,1,1,0,0,0,1,-96,0,11,2,2700628,0,44,0,384,0,"[0,0,0,0,0,0,0,0,0,0,0,0,6,7,6,7,7,6,6,6,6,5,5,4,5,3,5,3,5,2,5,1,5,1,5,0,5,0,5,-1,4,-2,5,-2,4,-3,4,-3,4,-4,5,-4,5,-4,5,-5,5,-5,5,-6,6,-7,5,-7,0,0,5,-8,6,-9,7,-9,7,-9,7,-8,7,-8,8,-8,8,-8,8,-8,8,-7,9,-7,9,-6,8,-6,8,-5,8,-5,8,-5,8,-5,7,-4,7,-4,7,-3,7,-3,7,-2,7,-2,6,-1,6,-1,5,0,0,0,0,0,0,0,0,0,0,0,0,0,0,0,34,57,34,59,36,52,33,52,33,48,32,39,30,37,30,37,29,31,29,31,28,23,29,25,28,22,31,15,29,10,27,5,31,3,28,0,29,-5,27,-7,31,-11,30,-12,30,-19,29,-19,26,-22,31,-25,30,-26,27,-33,34,-35,35,-38,35,-35,38,-37,43,-38,40,-39,39,-41,44,-39,50,-38,49,-39,54,-35,50,-34,51,-32,52,-32,52,-30,51,-28,49,-23,52,-22,48,-17,50,-18,42,-15,46,-13,45,-9,44,-9,43,-7,42,-2,38,0,38,4,33,6,0,0,0,0,0,0,0,0,0,0,0,0,0,0,0,0,0,0,0,0,0,0,-46,-19,-38,-21,-38,-27,-38,-29,-38,-27,-33,-31,-32,-29,-34,-30,-29,-32,-30,-27,-30,-26,-29,-23,-32,-22,-33,-21,-27,-17,-31,-20,-32,-17,-31,-19,-33,-15,-35,-9,-34,-10,-38,-7,-35,-7,-42,-3,-41,-2,-45,0,-41,-3,-45,-1,-47,3,-46,6,-45,14,-51,10,-51,11,-54,12,-51,16,-53,18,-56,21,-56,23,-54,28,-55,31,-57,29,-57,34,-63,33,-61,36,-58,36,-60,40,-67,39,-60,42,-65,42,-65,46,-66,46,-65,51,-71,45,-70,39,-69,50,-67,46,-68,43,0,0]"
CSI_DATA,183,1a:00:00:00:00:00,-43,11,1,0,1,1,1,0,0,0,1,-96,0,11,2,2730555,0,44,0,384,0,"[0,0,0,0,0,0,0,0,0,0,0,0,9,5,8,4,8,3,8,4,7,3,6,2,6,1,6,1,6,0,5,0,5,-1,5,-2,5,-2,5,-3,5,-3,4,-4,4,-5,4,-4,3,-5,3,-6,3,-6,3,-7,3,-7,3,-8,3,-9,3,-9,0,0,3,-10,4,-10,4,-11,4,-11,4,-11,5,-11,5,-11,5,-10,5,-10,6,-10,6,-10,6,-9,6,-8,6,-8,6,-7,6,-7,6,-7,6,-6,6,-6,6,-6,6,-5,6,-5,6,-4,6,-4,6,-3,5,-2,0,0,0,0,0,0,0,0,0,0,0,0,0,0,48,53,47,49,52,42,47,45,38,41,39,35,41,31,37,30,32,26,33,22,34,16,33,13,33,13,33,8,28,7,33,-2,30,-7,30,-8,29,-9,28,-9,29,-17,29,-20,27,-22,27,-27,30,-30,30,-29,27,-35,27,-38,31,-40,27,-42,27,-44,32,-47,30,-47,33,-52,35,-54,42,-50,36,-48,42,-49,44,-45,45,-46,48,-41,47,-40,48,-39,46,-36,45,-34,45,-30,47,-30,45,-31,45,-22,45,-22,41,-21,39,-18,43,-16,40,-9,42,-8,37,-5,36,-2,0,0,0,0,0,0,0,0,0,0,0,0,0,0,0,0,0,0,0,0,0,0,-49,-12,-44,-15,-48,-17,-44,-21,-42,-19,-39,-23,-34,-22,-37,-21,-35,-24,-38,-17,-32,-20,-33,-20,-39,-18,-36,-16,-36,-14,-35,-18,-37,-9,-34,-11,-34,-5,-31,-5,-35,-2,-41,-1,-37,0,-39,2,-45,5,-43,7,-42,9,-44,12,-46,12,-46,19,-44,19,-51,19,-50,18,-47,24,-49,28,-53,31,-47,28,-49,34,-49,37,-51,43,-49,43,-51,49,-51,44,-55,53,-54,45,-48,55,-53,52,-52,56,-54,57,-58,60,-55,60,-56,59,-61,59,-56,54,-60,61,-57,55,-59,57,0,0]"
CSI_DATA,184,1a:00:00:00:00:00,-43,11,1,0,1,1,1,0,0,0,1,-96,0,11,2,2740577,0,44,0,384,0,"[0,0,0,0,0,0,0,0,0,0,0,0,-10,-6,-10,-5,-9,-4,-9,-5,-8,-4,-8,-3,-7,-2,-7,-1,-7,-1,-6,0,-6,0,-6,1,-6,1,-6,2,-6,2,-5,3,-5,4,-4,4,-5,5,-4,5,-4,5,-4,6,-4,6,-4,7,-4,8,-4,8,0,0,-4,9,-5,9,-5,10,-5,10,-5,10,-6,10,-6,10,-6,10,-7,9,-7,9,-7,9,-7,8,-8,8,-8,7,-8,6,-8,6,-7,6,-7,5,-7,5,-7,5,-7,4,-7,4,-7,3,-7,2,-7,2,-7,1,0,0,0,0,0,0,0,0,0,0,0,0,0,0,-48,-52,-44,-53,-45,-43,-45,-43,-39,-41,-38,-40,-40,-35,-40,-36,-35,-23,-31,-27,-36,-19,-32,-16,-35,-14,-30,-9,-31,-10,-31,-3,-33,1,-29,7,-30,6,-28,8,-31,16,-31,9,-29,23,-27,25,-29,25,-28,29,-33,25,-29,36,-31,34,-33,44,-33,40,-37,44,-37,40,-41,45,-39,43,-47,47,-44,47,-44,45,-52,44,-47,44,-45,37,-49,35,-53,32,-51,35,-51,29,-49,24,-48,25,-49,25,-49,20,-46,21,-45,16,-43,16,-44,13,-43,8,-42,5,-40,3,-38,-3,0,0,0,0,0,0,0,0,0,0,0,0,0,0,0,0,0,0,0,0,0,0,47,11,45,15,42,15,44,22,40,19,39,22,32,22,37,20,34,21,29,18,32,21,31,18,33,15,31,18,31,15,30,12,33,10,31,10,36,10,37,2,36,2,37,3,35,-4,39,-4,39,-8,40,-13,41,-8,40,-13,44,-12,47,-16,47,-17,52,-22,46,-24,47,-25,50,-27,50,-26,46,-27,53,-36,53,-35,56,-38,54,-44,49,-44,58,-45,52,-48,51,-53,57,-56,57,-52,57,-56,57,-59,58,-57,55,-56,62,-61,67,-59,57,-53,61,-56,64,-59,59,-54,0,0]"
CSI_DATA,185,1a:00:00:00:00:00,-43,11,1,0,1,1,1,0,0,0,1,-96,0,11,2,2760628,0,44,0,384,0,"[0,0,0,0,0,0,0,0,0,0,0,0,-9,-8,-8,-7,-8,-6,-8,-6,-8,-5,-7,-5,-7,-4,-7,-3,-7,-3,-7,-2,-7,-2,-6,0,-6,0,-6,0,-6,1,-6,2,-5,2,-5,3,-6,3,-6,4,-6,4,-6,5,-5,5,-6,6,-6,7,-6,7,0,0,-6,8,-7,8,-7,8,-7,9,-8,8,-8,8,-8,8,-8,8,-9,7,-9,7,-9,7,-9,6,-9,6,-9,5,-9,5,-9,4,-9,4,-8,4,-9,3,-8,3,-8,2,-8,2,-8,1,-7,1,-7,0,-7,-1,0,0,0,0,0,0,0,0,0,0,0,0,0,0,-45,-60,-46,-52,-45,-50,-37,-46,-46,-45,-36,-40,-39,-34,-36,-36,-37,-31,-34,-24,-38,-25,-34,-16,-35,-15,-33,-11,-31,-10,-32,-1,-36,1,-34,3,-31,8,-30,8,-29,15,-33,16,-23,20,-29,20,-28,25,-31,30,-30,30,-28,38,-29,39,-35,44,-29,43,-34,45,-38,43,-36,46,-39,47,-42,48,-40,49,-41,48,-48,46,-47,43,-46,43,-48,35,-50,37,-49,38,-51,34,-47,30,-49,26,-50,29,-43,21,-45,18,-44,20,-42,17,-42,15,-42,12,-42,11,-38,4,-36,2,0,0,0,0,0,0,0,0,0,0,0,0,0,0,0,0,0,0,0,0,0,0,48,19,42,22,39,25,34,30,35,28,34,28,28,29,30,29,31,29,30,24,30,25,29,23,31,20,33,21,30,20,27,23,31,15,29,12,33,8,32,7,36,4,34,5,38,2,39,-2,39,-3,39,-10,44,-8,42,-6,46,-10,48,-11,45,-10,51,-15,53,-17,51,-18,53,-21,53,-24,54,-23,53,-29,52,-34,56,-38,56,-38,58,-39,56,-38,59,-42,54,-45,61,-44,59,-45,57,-48,60,-53,60,-54,62,-58,63,-57,67,-57,61,-53,67,-57,62,-58,65,-55,0,0]"
CSI_DATA,186,1a:00:00:00:00:00,-43,11,1,0,1,1,1,0,0,0,1,-96,0,11,2,2790759,0,44,0,384,0,"[0,0,0,0,0,0,0,0,0,0,0,0,-9,7,-8,7,-7,6,-7,6,-6,5,-5,6,-4,6,-4,6,-4,6,-3,5,-2,6,-2,6,-1,5,0,5,0,5,1,6,2,5,2,5,3,5,3,5,3,5,4,5,4,5,5,5,6,6,6,6,0,0,7,6,7,6,8,7,8,7,7,7,7,8,7,8,6,8,6,8,6,8,6,9,5,8,5,8,4,8,4,8,4,8,3,8,3,7,3,7,2,7,1,7,1,7,1,7,0,6,0,6,-1,5,0,0,0,0,0,0,0,0,0,0,0,0,0,0,-65,30,-57,30,-55,33,-51,29,-48,29,-44,28,-41,31,-41,26,-36,27,-31,28,-24,30,-20,27,-17,30,-16,32,-12,29,-9,31,-11,29,-2,30,0,26,2,29,8,34,5,33,11,31,13,34,20,29,19,33,25,34,25,35,29,40,34,40,33,39,34,42,33,46,35,45,37,42,33,48,34,52,35,51,33,51,29,52,31,53,25,56,21,52,19,54,17,50,20,48,14,50,12,49,12,45,8,46,7,45,9,43,3,44,-1,42,-3,38,-2,37,-7,30,0,0,0,0,0,0,0,0,0,0,0,0,0,0,0,0,0,0,0,0,0,0,26,-40,28,-35,28,-38,31,-34,32,-33,32,-26,32,-30,31,-28,31,-29,28,-26,28,-27,25,-23,26,-28,25,-27,22,-24,22,-27,16,-29,17,-29,17,-28,17,-28,13,-37,8,-34,10,-38,8,-41,3,-40,-1,-42,2,-44,0,-49,1,-46,-7,-47,-4,-50,-7,-52,-8,-51,-12,-49,-13,-55,-15,-54,-18,-56,-20,-59,-21,-58,-25,-60,-25,-58,-32,-60,-30,-63,-30,-64,-34,-62,-39,-58,-39,-60,-44,-62,-40,-67,-40,-72,-34,-71,-41,-71,-39,-72,-38,-71,-42,-75,-39,-73,-33,-70,0,0]"
CSI_DATA,187,1a:00:00:00:00:00,-43,11,1,0,1,1,1,0,0,0,1,-96,0,11,2,2800941,0,44,0,384,0,"[0,0,0,0,0,0,0,0,0,0,0,0,-9,-7,-9,-6,-10,-5,-9,-6,-9,-5,-8,-4,-8,-3,-7,-3,-7,-2,-7,-1,-7,-1,-7,0,-7,0,-7,1,-6,1,-6,3,-6,3,-6,3,-5,4,-5,4,-5,5,-5,6,-5,6,-6,7,-6,7,-5,8,0,0,-5,9,-6,9,-7,10,-7,10,-7,9,-7,9,-8,10,-8,9,-8,9,-8,8,-9,8,-9,7,-9,7,-9,6,-9,6,-9,5,-9,5,-8,4,-8,4,-8,4,-8,3,-8,3,-8,2,-8,2,-8,1,-7,0,0,0,0,0,0,0,0,0,0,0,0,0,0,0,-56,-44,-53,-46,-56,-37,-48,-38,-43,-39,-43,-34,-48,-27,-46,-26,-40,-19,-41,-19,-39,-17,-36,-13,-34,-12,-35,-4,-36,-5,-34,0,-35,2,-31,5,-29,8,-29,13,-29,18,-27,17,-25,21,-28,26,-24,25,-25,29,-24,33,-27,40,-32,36,-29,40,-29,37,-32,45,-29,45,-29,45,-36,47,-38,49,-38,46,-39,50,-41,46,-46,45,-46,39,-48,37,-50,36,-46,38,-47,34,-46,33,-44,26,-46,26,-41,26,-40,24,-44,15,-43,18,-38,17,-40,11,-37,11,-38,6,-36,0,0,0,0,0,0,0,0,0,0,0,0,0,0,0,0,0,0,0,0,0,0,0,45,0,46,5,43,5,43,12,42,12,38,13,38,9,36,12,36,13,36,11,33,16,33,12,37,7,35,8,30,7,32,4,34,3,32,4,34,-5,32,-5,35,-6,34,-9,34,-8,34,-13,34,-13,36,-18,38,-18,40,-19,42,-19,42,-24,40,-24,43,-32,41,-31,38,-34,47,-39,43,-37,39,-35,44,-44,40,-42,44,-45,47,-48,42,-55,44,-52,42,-54,44,-54,44,-62,41,-59,41,-62,44,-67,45,-65,46,-65,46,-66,52,-67,45,-66,51,-69,50,-63,46,-64,0,0]"
CSI_DATA,188,1a:00:00:00:00:00,-43,11,1,0,1,1,1,0,0,0,1,-96,0,11,2,2811754,0,44,0,384,0,"[0,0,0,0,0,0,0,0,0,0,0,0,-12,0,-10,0,-10,0,-10,0,-10,0,-8,1,-8,2,-7,2,-7,3,-6,3,-6,3,-5,4,-5,4,-4,4,-4,4,-4,5,-3,5,-3,5,-2,5,-2,6,-1,7,-1,7,-1,8,-1,8,0,8,0,9,0,0,0,10,0,10,0,10,0,11,-1,10,-1,11,-1,11,-1,11,-2,11,-2,11,-3,10,-4,10,-4,9,-4,9,-4,9,-4,8,-4,8,-4,7,-4,7,-4,7,-5,6,-5,6,-5,5,-5,4,-6,4,-5,3,0,0,0,0,0,0,0,0,0,0,0,0,0,0,-73,-8,-66,-4,-66,0,-61,-1,-57,2,-56,-1,-52,4,-52,6,-41,8,-43,9,-39,10,-34,17,-36,8,-29,17,-28,16,-23,24,-23,22,-17,23,-19,26,-17,27,-14,32,-8,29,-8,34,-9,37,-1,36,-3,42,1,41,5,43,5,44,4,49,8,51,6,54,4,54,6,59,9,58,-1,62,0,59,2,63,-2,64,-4,60,-1,59,-10,57,-12,56,-10,58,-14,57,-14,52,-17,49,-12,50,-17,44,-16,43,-17,42,-20,38,-21,41,-21,34,-22,31,-24,26,-28,24,0,0,0,0,0,0,0,0,0,0,0,0,0,0,0,0,0,0,0,0,0,0,39,-22,44,-20,40,-17,45,-15,40,-13,42,-12,37,-9,33,-11,40,-12,34,-9,33,-9,35,-11,36,-14,35,-13,35,-12,29,-11,32,-17,28,-17,25,-23,29,-21,25,-21,27,-28,22,-28,22,-29,24,-30,22,-34,22,-37,21,-41,20,-37,21,-48,17,-45,19,-50,18,-48,17,-53,15,-55,14,-59,12,-54,9,-58,12,-59,10,-67,7,-69,6,-64,5,-72,3,-70,3,-71,-7,-70,-1,-77,-2,-76,-4,-80,1,-81,0,-82,1,-86,3,-90,4,-74,4,-84,2,-85,-6,-85,0,0]"
CSI_DATA,189,1a:00:00:00:00:00,-43,11,1,0,1,1,1,0,0,0,1,-96,0,11,2,2820578,0,44,0,384,0,"[0,0,0,0,0,0,0,0,0,0,0,0,9,-6,8,-7,7,-6,7,-6,6,-6,6,-6,5,-6,4,-6,4,-6,3,-5,2,-6,2,-7,1,-6,0,-6,0,-6,-1,-7,-1,-7,-1,-7,-3,-6,-3,-6,-3,-7,-4,-7,-4,-7,-5,-7,-5,-8,-6,-8,0,0,-6,-9,-6,-9,-6,-10,-7,-10,-6,-10,-6,-10,-6,-10,-5,-10,-5,-11,-4,-11,-4,-11,-3,-11,-3,-10,-3,-10,-2,-10,-2,-10,-2,-10,-2,-10,-1,-9,-1,-9,0,-8,0,-8,1,-8,1,-7,1,-7,2,-6,0,0,0,0,0,0,0,0,0,0,0,0,0,0,58,-34,62,-34,58,-36,51,-33,49,-32,41,-28,41,-33,41,-34,35,-28,33,-30,30,-32,22,-30,19,-30,16,-31,12,-29,10,-32,9,-33,-2,-32,3,-32,-5,-36,-9,-36,-7,-33,-12,-33,-14,-32,-15,-36,-20,-36,-24,-34,-25,-39,-27,-40,-27,-38,-27,-40,-36,-41,-33,-47,-35,-48,-35,-46,-33,-54,-33,-52,-32,-52,-29,-55,-29,-57,-29,-52,-24,-56,-22,-57,-16,-58,-19,-54,-14,-54,-12,-53,-11,-51,-8,-48,-10,-44,-7,-44,-5,-44,-3,-44,0,-43,4,-42,5,-36,11,-31,0,0,0,0,0,0,0,0,0,0,0,0,0,0,0,0,0,0,0,0,0,0,-21,41,-24,39,-27,37,-31,33,-28,34,-29,32,-25,29,-27,27,-29,27,-24,26,-27,29,-22,24,-24,32,-25,26,-23,27,-18,29,-14,30,-12,31,-9,31,-14,35,-12,33,-7,36,-6,38,-4,40,0,39,3,41,2,42,2,45,1,43,5,48,8,45,5,50,10,52,14,54,16,55,18,54,22,54,20,58,25,57,30,61,24,58,30,63,28,60,37,63,36,61,36,65,40,63,44,62,42,66,44,69,39,69,44,65,44,68,40,66,44,70,41,74,43,67,0,0]"
CSI_DATA,190,1a:00:00:00:00:00,-43,11,1,0,1,1,1,0,0,0,1,-96,0,11,2,2830585,0,44,0,384,0,"[0,0,0,0,0,0,0,0,0,0,0,0,-9,8,-8,8,-7,8,-7,7,-6,7,-5,6,-4,7,-4,6,-3,6,-3,6,-2,6,-1,7,-1,5,0,5,0,5,2,6,2,5,2,5,3,5,3,5,4,5,5,5,5,5,6,6,6,6,6,6,0,0,7,6,8,7,8,7,8,7,7,7,8,8,8,8,7,8,7,9,6,9,6,9,5,9,5,9,4,8,4,9,3,9,3,9,3,8,3,8,2,7,1,8,1,7,0,7,0,7,-1,6,-1,6,0,0,0,0,0,0,0,0,0,0,0,0,0,0,-48,51,-46,50,-42,53,-37,50,-36,43,-36,45,-31,41,-28,42,-25,37,-21,38,-15,37,-13,38,-9,37,-11,34,-9,33,1,32,4,36,4,31,4,31,10,30,17,30,16,27,18,28,23,25,24,24,28,28,33,31,33,28,33,30,41,27,42,27,46,29,42,30,45,31,45,34,46,39,48,39,50,37,42,41,42,43,42,40,37,44,34,41,35,44,34,42,34,44,29,43,24,42,21,42,21,42,19,41,23,41,14,39,8,38,11,37,0,35,-1,33,0,0,0,0,0,0,0,0,0,0,0,0,0,0,0,0,0,0,0,0,0,0,6,-44,8,-47,9,-43,14,-44,17,-42,17,-40,15,-37,15,-40,16,-38,16,-35,16,-36,16,-33,13,-33,7,-35,11,-33,4,-34,0,-35,3,-34,2,-34,-1,-33,-2,-33,-5,-38,-11,-39,-10,-38,-12,-42,-16,-42,-17,-43,-19,-41,-19,-42,-22,-43,-24,-41,-28,-47,-29,-48,-31,-41,-33,-47,-38,-46,-39,-45,-39,-44,-42,-45,-43,-45,-47,-46,-55,-45,-52,-46,-55,-49,-55,-45,-59,-43,-59,-46,-62,-42,-60,-47,-62,-50,-65,-52,-66,-53,-64,-52,-63,-52,-64,-55,-60,-53,-66,-52,0,0]"
CSI_DATA,191,1a:00:00:00:00:00,-43,11,1,0,1,1,1,0,0,0,1,-96,0,11,2,2841373,0,44,0,384,0,"[0,0,0,0,0,0,0,0,0,0,0,0,7,8,7,7,7,6,7,7,6,5,5,5,6,4,6,4,5,3,6,2,6,2,6,1,6,0,6,0,6,-1,5,-2,6,-2,5,-3,5,-3,5,-3,6,-4,6,-5,5,-5,6,-6,6,-6,6,-7,0,0,7,-7,7,-7,8,-8,8,-7,8,-7,9,-7,9,-7,9,-7,9,-7,9,-6,10,-6,9,-5,9,-4,9,-4,9,-3,9,-3,8,-3,8,-3,8,-2,8,-2,8,-1,7,-1,7,-1,7,0,6,0,6,1,0,0,0,0,0,0,0,0,0,0,0,0,0,0,37,61,34,58,39,53,34,47,33,47,35,47,28,35,33,36,29,35,27,30,31,25,29,25,33,20,31,14,29,15,29,8,30,10,32,2,32,-2,31,-6,33,-8,33,-8,29,-12,30,-15,38,-19,32,-21,35,-22,36,-31,38,-33,36,-30,39,-32,43,-34,43,-32,48,-38,44,-37,52,-33,49,-37,51,-30,53,-31,53,-28,53,-27,55,-23,56,-22,51,-20,53,-21,52,-17,49,-14,48,-14,44,-9,42,-9,44,-5,42,-4,44,-4,38,2,37,3,35,5,34,12,0,0,0,0,0,0,0,0,0,0,0,0,0,0,0,0,0,0,0,0,0,0,-43,-18,-39,-25,-43,-25,-36,-28,-35,-27,-33,-29,-34,-27,-32,-24,-34,-28,-30,-24,-28,-25,-30,-25,-30,-23,-33,-19,-28,-18,-29,-17,-32,-18,-33,-16,-31,-9,-34,-10,-35,-10,-38,-6,-37,-3,-39,1,-43,-2,-44,5,-43,3,-44,4,-45,4,-51,9,-45,8,-54,11,-52,12,-50,14,-56,16,-53,19,-54,19,-53,28,-55,26,-59,31,-62,30,-56,35,-61,33,-61,37,-63,39,-63,38,-63,42,-58,46,-64,45,-69,47,-65,44,-67,47,-68,44,-68,42,-72,50,-69,47,-66,42,0,0]"
CSI_DATA,192,1a:00:00:00:00:00,-43,11,1,0,1,1,1,0,0,0,1,-96,0,11,2,2850907,0,44,0,384,0,"[0,0,0,0,0,0,0,0,0,0,0,0,-10,-6,-10,-5,-9,-4,-9,-5,-9,-4,-8,-4,-8,-3,-7,-2,-7,-2,-7,-1,-7,-1,-7,0,-7,0,-6,1,-6,2,-6,3,-5,3,-5,3,-5,4,-5,4,-5,4,-5,5,-5,5,-5,6,-6,7,-5,7,0,0,-5,8,-6,8,-7,9,-6,8,-7,8,-7,8,-8,8,-8,8,-8,7,-8,7,-8,7,-9,6,-9,6,-9,6,-8,5,-9,4,-8,5,-8,4,-8,3,-8,3,-8,2,-8,2,-7,1,-7,1,-7,0,-7,0,0,0,0,0,0,0,0,0,0,0,0,0,0,0,-56,-49,-49,-49,-54,-39,-45,-40,-46,-41,-38,-36,-42,-34,-45,-30,-39,-23,-37,-22,-37,-19,-33,-15,-36,-16,-34,-10,-36,-8,-34,-1,-37,3,-33,3,-34,7,-30,9,-31,14,-30,14,-29,19,-29,21,-28,23,-29,30,-33,28,-30,34,-33,33,-31,37,-32,36,-32,42,-37,40,-36,48,-36,44,-40,44,-44,44,-44,45,-44,40,-45,39,-50,39,-47,34,-50,32,-51,32,-47,29,-52,29,-50,23,-47,21,-45,18,-41,16,-45,15,-40,15,-41,11,-41,8,-40,1,-38,-1,-35,-5,0,0,0,0,0,0,0,0,0,0,0,0,0,0,0,0,0,0,0,0,0,0,47,0,44,6,43,5,43,10,42,11,40,15,38,12,37,13,35,12,32,13,34,13,35,12,33,8,32,6,33,9,32,9,35,2,32,1,34,-2,37,-6,34,-6,34,-9,38,-10,36,-12,40,-11,38,-18,38,-16,41,-19,41,-20,43,-25,38,-26,42,-31,48,-32,37,-34,44,-33,44,-38,40,-37,46,-42,48,-39,47,-46,47,-46,46,-53,46,-55,47,-57,45,-57,43,-62,48,-59,47,-61,46,-61,51,-66,49,-61,52,-65,58,-64,53,-61,59,-68,51,-65,55,-59,0,0]"
CSI_DATA,193,1a:00:00:00:00:00,-43,11,1,0,1,1,1,0,0,0,1,-96,0,11,2,2870562,0,44,0,384,0,"[0,0,0,0,0,0,0,0,0,0,0,0,10,-1,10,-2,9,-2,9,-2,8,-2,7,-2,7,-3,6,-3,6,-4,5,-3,5,-4,4,-4,4,-4,3,-5,3,-5,2,-6,2,-6,1,-6,1,-6,1,-7,1,-7,0,-8,0,-8,-1,-8,-1,-9,-1,-10,0,0,-1,-10,-1,-11,-1,-11,-1,-11,0,-11,0,-11,0,-12,1,-11,1,-12,1,-11,2,-11,2,-10,2,-10,3,-10,3,-10,3,-10,3,-9,3,-8,3,-8,3,-8,4,-7,4,-7,4,-6,4,-6,4,-5,4,-4,0,0,0,0,0,0,0,0,0,0,0,0,0,0,71,3,67,4,64,-3,58,-5,59,-3,51,-2,52,-4,50,-5,48,-8,40,-10,37,-11,38,-11,34,-12,33,-20,28,-14,27,-18,25,-26,22,-25,18,-24,16,-30,15,-33,11,-31,9,-35,6,-36,4,-38,3,-40,0,-43,-1,-45,1,-48,-4,-50,-4,-53,-5,-55,-4,-55,-6,-57,-4,-61,0,-60,0,-64,0,-64,3,-63,5,-63,8,-61,10,-61,13,-59,13,-56,14,-52,14,-55,13,-49,17,-47,18,-42,18,-47,21,-44,23,-40,22,-34,24,-33,23,-32,26,-25,26,-22,0,0,0,0,0,0,0,0,0,0,0,0,0,0,0,0,0,0,0,0,0,0,-40,26,-39,18,-44,18,-40,16,-44,12,-40,9,-39,10,-40,9,-40,9,-41,10,-39,10,-36,7,-38,12,-33,14,-35,10,-29,14,-27,15,-28,17,-26,19,-30,22,-26,21,-25,30,-24,30,-27,30,-26,33,-24,35,-25,34,-23,40,-28,40,-21,43,-17,44,-21,48,-18,44,-17,51,-17,54,-18,53,-12,56,-12,59,-13,60,-11,66,-10,62,-5,68,-7,70,-6,75,-4,68,4,74,-3,72,2,78,1,75,-2,82,-3,83,-2,82,-3,84,-3,80,-4,83,-4,81,-1,84,0,0]"
CSI_DATA,194,1a:00:00:00:00:00,-43,11,1,0,1,1,1,0,0,0,1,-96,0,11,2,2890576,0,44,0,384,0,"[0,0,0,0,0,0,0,0,0,0,0,0,9,-6,9,-6,8,-6,8,-6,7,-5,6,-5,6,-6,5,-6,4,-6,4,-5,3,-6,3,-6,2,-6,1,-6,1,-6,0,-7,0,-7,-1,-6,-1,-7,-2,-7,-2,-7,-3,-7,-3,-8,-4,-8,-4,-8,-4,-8,0,0,-5,-9,-5,-10,-5,-10,-5,-10,-5,-10,-4,-11,-4,-11,-4,-11,-4,-11,-3,-11,-2,-11,-2,-11,-2,-10,-1,-10,-1,-10,-1,-10,0,-9,0,-9,0,-9,0,-8,1,-8,1,-8,2,-7,2,-7,2,-6,2,-6,0,0,0,0,0,0,0,0,0,0,0,0,0,0,70,-28,67,-25,58,-31,54,-28,52,-31,44,-27,49,-28,47,-26,40,-27,33,-23,30,-30,27,-30,21,-31,20,-30,17,-28,14,-30,14,-32,8,-33,8,-31,2,-31,-4,-34,0,-33,-9,-30,-12,-34,-12,-32,-17,-37,-20,-40,-20,-41,-23,-42,-24,-44,-28,-45,-29,-46,-23,-51,-26,-48,-31,-52,-25,-53,-31,-60,-28,-54,-24,-58,-24,-58,-21,-57,-14,-55,-14,-55,-14,-58,-13,-53,-10,-56,-8,-52,-6,-56,-5,-46,-5,-49,-2,-43,2,-43,3,-42,8,-40,9,-40,10,-36,11,-28,0,0,0,0,0,0,0,0,0,0,0,0,0,0,0,0,0,0,0,0,0,0,-24,41,-27,36,-30,34,-29,32,-35,30,-34,25,-28,27,-29,26,-27,29,-31,26,-28,24,-23,22,-26,26,-25,26,-23,25,-22,28,-16,30,-19,32,-15,29,-12,31,-13,36,-9,37,-9,38,-9,37,-9,36,-2,44,-6,43,-3,44,-2,45,0,48,3,51,4,53,8,50,9,52,13,57,14,57,10,54,16,60,16,62,21,62,24,62,25,63,23,64,27,66,29,57,29,65,33,63,37,64,38,69,36,68,31,72,37,74,36,75,36,70,34,80,36,73,35,77,0,0]"
CSI_DATA,195,1a:00:00:00:00:00,-43,11,1,0,1,1,1,0,0,0,1,-96,0,11,2,2904091,0,44,0,384,0,"[0,0,0,0,0,0,0,0,0,0,0,0,-1,10,0,10,0,9,0,9,0,8,0,7,1,7,1,7,1,6,2,5,2,5,3,5,4,4,4,3,4,3,5,3,5,3,5,2,5,1,6,1,6,1,6,0,7,0,7,0,8,0,8,0,0,0,9,0,10,0,10,0,10,1,10,1,10,1,10,1,10,2,10,2,10,3,10,3,9,3,9,3,9,3,8,4,8,4,8,4,7,4,6,4,6,4,5,4,5,4,5,4,4,4,3,5,3,5,0,0,0,0,0,0,0,0,0,0,0,0,0,0,-24,69,-25,62,-19,63,-20,62,-12,57,-16,55,-15,48,-13,51,-7,46,-5,46,0,44,2,39,3,40,3,30,8,33,13,31,15,30,18,27,19,25,21,24,28,22,23,19,31,17,31,17,33,13,37,13,38,17,46,10,43,12,46,10,47,10,52,14,48,13,56,11,50,14,59,19,55,20,59,19,52,25,54,25,50,26,51,31,50,28,49,29,46,31,45,32,43,36,39,27,37,33,36,30,34,28,31,32,25,33,21,33,18,32,15,35,13,34,0,0,0,0,0,0,0,0,0,0,0,0,0,0,0,0,0,0,0,0,0,0,-21,-43,-16,-47,-13,-46,-9,-46,-11,-45,-7,-42,-7,-43,-6,-40,-6,-43,-6,-38,-4,-38,-10,-38,-10,-36,-5,-33,-6,-35,-7,-32,-14,-36,-9,-31,-20,-30,-16,-31,-20,-29,-24,-32,-23,-34,-26,-29,-29,-31,-33,-34,-34,-28,-37,-35,-33,-32,-44,-32,-40,-30,-48,-30,-49,-30,-48,-27,-52,-28,-52,-26,-54,-23,-59,-24,-62,-23,-63,-22,-63,-23,-65,-24,-68,-21,-70,-19,-72,-19,-72,-19,-73,-16,-76,-15,-75,-17,-77,-16,-79,-21,-84,-18,-88,-25,-77,-23,-81,-28,-82,-21,-76,-19,0,0]"
CSI_DATA,196,1a:00:00:00:00:00,-43,11,1,0,1,1,1,0,0,0,1,-96,0,11,2,2912580,0,44,0,384,0,"[0,0,0,0,0,0,0,0,0,0,0,0,-2,10,-2,10,-1,9,-1,9,-1,8,-1,8,0,8,1,7,1,6,1,5,1,5,2,5,3,5,3,4,3,4,4,4,4,3,4,3,5,2,5,2,5,2,6,1,6,2,7,1,8,1,8,1,0,0,9,2,9,2,10,2,10,2,10,2,10,3,10,3,9,3,10,4,9,4,9,5,8,5,8,5,8,5,7,5,7,6,6,5,6,5,6,5,5,5,4,5,4,5,3,5,3,5,2,5,1,5,0,0,0,0,0,0,0,0,0,0,0,0,0,0,-27,61,-25,63,-20,69,-20,58,-13,61,-17,55,-15,49,-11,49,-7,41,-2,43,-3,43,0,38,3,39,4,35,3,34,13,32,16,30,15,26,19,22,22,23,27,21,25,18,28,13,32,18,30,13,37,13,36,13,41,8,47,11,50,9,44,10,55,6,50,11,54,11,57,9,57,14,57,16,56,18,57,22,53,18,54,21,53,23,51,26,51,27,48,26,46,26,42,31,42,27,38,28,36,29,33,26,36,27,29,29,22,29,22,30,22,33,13,32,0,0,0,0,0,0,0,0,0,0,0,0,0,0,0,0,0,0,0,0,0,0,-17,-47,-12,-47,-7,-48,-3,-47,-2,-45,-3,-45,-1,-42,-2,-39,-1,-45,0,-38,1,-40,-6,-38,-7,-38,-4,-37,-3,-36,-10,-36,-12,-39,-8,-32,-13,-35,-11,-34,-18,-31,-21,-35,-26,-33,-22,-34,-25,-36,-32,-34,-31,-35,-34,-33,-33,-32,-43,-31,-39,-32,-44,-35,-42,-33,-45,-31,-46,-34,-50,-29,-51,-30,-56,-28,-55,-27,-63,-28,-63,-25,-64,-23,-66,-27,-69,-22,-69,-24,-71,-20,-74,-21,-73,-21,-78,-22,-77,-23,-79,-25,-80,-22,-84,-26,-76,-21,-78,-20,-80,-26,-77,-24,0,0]"
CSI_DATA,197,1a:00:00:00:00:00,-43,11,1,0,1,1,1,0,0,0,1,-96,0,11,2,2921011,0,44,0,384,0,"[0,0,0,0,0,0,0,0,0,0,0,0,10,3,10,2,9,2,9,2,8,1,7,1,7,0,6,-1,6,-1,6,-1,6,-2,5,-3,5,-3,4,-3,4,-3,4,-5,3,-5,3,-5,3,-5,3,-6,3,-7,3,-7,2,-7,2,-8,2,-9,2,-9,0,0,2,-10,3,-10,3,-11,3,-11,3,-10,4,-11,4,-11,4,-11,5,-10,5,-10,5,-10,5,-9,5,-8,6,-8,6,-8,6,-8,6,-7,5,-7,5,-6,5,-6,6,-5,6,-5,6,-5,6,-4,5,-3,5,-2,0,0,0,0,0,0,0,0,0,0,0,0,0,0,62,43,62,44,59,32,51,35,56,31,42,29,44,24,45,23,41,15,40,18,38,12,32,8,37,7,35,2,31,-1,31,-2,33,-9,33,-9,32,-12,27,-14,29,-15,25,-19,23,-21,25,-24,25,-28,26,-33,21,-34,22,-37,23,-41,24,-46,25,-43,31,-46,30,-43,30,-50,28,-47,36,-51,34,-55,37,-52,40,-45,40,-49,39,-42,40,-43,42,-40,40,-40,47,-35,44,-30,44,-28,45,-29,38,-23,38,-22,38,-23,36,-19,38,-20,36,-11,35,-10,36,-7,32,-5,0,0,0,0,0,0,0,0,0,0,0,0,0,0,0,0,0,0,0,0,0,0,-47,9,-48,3,-46,1,-47,-3,-45,-3,-44,-6,-39,-7,-41,-6,-43,-7,-39,-6,-41,-5,-36,-6,-39,-3,-38,-1,-37,-2,-38,2,-35,2,-33,0,-33,6,-38,5,-36,11,-39,13,-34,16,-38,16,-38,19,-38,23,-39,19,-39,24,-41,25,-42,29,-40,28,-43,30,-39,32,-36,37,-43,39,-42,47,-37,44,-40,49,-38,51,-40,54,-44,51,-37,58,-41,57,-40,64,-35,58,-40,66,-41,65,-35,63,-38,68,-43,72,-42,73,-44,73,-50,74,-43,64,-46,71,-45,69,-45,69,0,0]"
CSI_DATA,198,1a:00:00:00:00:00,-43,11,1,0,1,1,1,0,0,0,1,-96,0,11,2,2931296,0,44,0,384,0,"[0,0,0,0,0,0,0,0,0,0,0,0,-5,-11,-5,-10,-5,-9,-5,-9,-5,-8,-4,-7,-5,-7,-5,-6,-5,-5,-5,-5,-5,-5,-6,-4,-6,-3,-6,-3,-6,-2,-6,-2,-6,-1,-6,-1,-7,0,-7,1,-7,1,-8,1,-8,1,-8,2,-9,2,-8,3,0,0,-9,3,-10,3,-10,3,-11,3,-11,3,-11,3,-11,3,-11,2,-11,2,-11,1,-11,0,-11,0,-11,0,-10,0,-10,-1,-10,-1,-9,-1,-9,-1,-9,-2,-8,-2,-8,-2,-8,-3,-7,-3,-7,-3,-6,-4,-5,-4,0,0,0,0,0,0,0,0,0,0,0,0,0,0,-16,-68,-11,-69,-20,-64,-16,-62,-14,-59,-13,-57,-19,-52,-17,-49,-19,-45,-18,-43,-24,-36,-21,-32,-24,-35,-24,-27,-23,-28,-30,-22,-31,-20,-27,-14,-30,-12,-31,-10,-38,-6,-30,-6,-38,-1,-37,0,-34,3,-38,9,-44,6,-46,12,-47,11,-49,10,-48,9,-51,14,-52,13,-56,14,-54,13,-60,11,-63,14,-60,17,-62,11,-57,5,-63,5,-61,0,-59,-2,-56,-5,-56,-4,-57,-8,-56,-5,-54,-9,-48,-9,-46,-12,-43,-9,-42,-15,-41,-14,-36,-19,-36,-17,-30,-22,-24,-23,0,0,0,0,0,0,0,0,0,0,0,0,0,0,0,0,0,0,0,0,0,0,38,26,36,26,34,30,27,34,29,33,27,34,28,33,24,31,24,30,24,27,24,33,23,32,28,26,23,26,21,24,24,26,28,25,28,25,28,20,30,17,35,17,37,12,39,20,39,14,41,12,44,10,42,11,44,9,48,6,49,5,46,5,55,2,55,1,52,-2,59,-3,58,-4,59,-5,66,-7,60,-7,62,-12,65,-16,69,-16,68,-13,69,-20,66,-19,74,-23,72,-20,71,-28,70,-26,73,-25,79,-22,81,-27,80,-20,79,-19,82,-19,77,-23,82,-20,0,0]"
CSI_DATA,199,1a:00:00:00:00:00,-43,11,1,0,1,1,1,0,0,0,1,-96,0,11,2,2940723,0,44,0,384,0,"[0,0,0,0,0,0,0,0,0,0,0,0,-4,-11,-4,-10,-5,-9,-4,-9,-4,-8,-4,-7,-5,-7,-5,-6,-5,-6,-5,-5,-5,-5,-5,-4,-6,-3,-6,-3,-6,-3,-6,-2,-6,-1,-6,-1,-7,0,-7,1,-7,1,-8,1,-8,1,-8,2,-9,2,-9,3,0,0,-10,3,-10,3,-11,3,-11,3,-11,3,-11,3,-11,2,-11,2,-11,2,-11,1,-11,1,-11,0,-10,0,-10,0,-10,-1,-10,-1,-10,-1,-9,-1,-9,-2,-8,-2,-8,-2,-8,-2,-7,-3,-7,-4,-6,-4,-5,-4,0,0,0,0,0,0,0,0,0,0,0,0,0,0,-22,-73,-17,-64,-26,-60,-22,-57,-21,-58,-19,-55,-22,-48,-22,-46,-25,-39,-23,-42,-23,-33,-26,-31,-27,-28,-25,-24,-26,-23,-28,-19,-32,-18,-28,-12,-32,-8,-29,-9,-39,-2,-32,-3,-36,2,-35,3,-34,11,-35,11,-40,10,-40,14,-43,13,-47,20,-43,15,-51,20,-48,18,-53,19,-53,18,-60,18,-58,21,-59,18,-60,16,-57,15,-55,9,-62,6,-58,2,-58,0,-56,2,-52,-2,-56,-3,-52,-3,-51,-5,-46,-5,-46,-5,-44,-9,-39,-10,-37,-15,-39,-15,-33,-21,-28,-23,0,0,0,0,0,0,0,0,0,0,0,0,0,0,0,0,0,0,0,0,0,0,41,20,37,25,34,25,36,29,31,29,29,32,31,32,27,29,27,29,27,28,26,31,26,27,25,26,25,25,26,22,27,20,32,18,27,20,33,16,31,14,33,9,38,10,36,9,42,10,44,8,46,9,43,11,47,7,44,6,52,-2,45,2,59,-3,53,-3,52,-7,57,-9,58,-13,59,-10,60,-14,64,-12,64,-16,66,-17,63,-20,72,-22,69,-27,68,-24,72,-30,68,-30,69,-30,71,-27,74,-28,75,-28,76,-30,87,-31,78,-25,79,-26,76,-30,79,-29,0,0]"
CSI_DATA,200,1a:00:00:00:00:00,-43,11,1,0,1,1,1,0,0,0,1,-96,0,11,2,2951006,0,44,0,384,0,"[0,0,0,0,0,0,0,0,0,0,0,0,-5,10,-4,9,-3,9,-3,8,-3,8,-2,7,-2,7,-1,7,-1,6,0,6,0,6,1,5,2,5,2,5,3,4,3,5,3,4,4,4,4,3,5,3,5,3,6,3,6,3,7,2,7,2,8,3,0,0,9,3,9,4,9,4,10,4,9,4,9,5,9,5,9,5,9,5,9,6,8,6,8,6,7,6,7,6,6,6,6,6,6,6,5,6,5,6,4,6,4,6,3,6,3,6,2,6,1,6,1,5,0,0,0,0,0,0,0,0,0,0,0,0,0,0,-48,55,-46,53,-43,50,-37,50,-38,50,-36,42,-32,43,-28,42,-23,38,-16,36,-14,43,-14,34,-9,37,-10,36,-6,34,-1,31,3,31,7,30,8,30,16,28,17,30,17,28,20,26,21,24,25,25,29,25,30,26,35,25,37,26,41,29,42,29,46,27,44,28,47,29,51,31,44,35,46,35,50,35,43,41,42,40,44,42,40,44,38,43,33,44,33,42,35,45,29,43,30,42,23,41,26,41,24,39,20,39,16,38,10,38,11,37,10,36,1,33,0,0,0,0,0,0,0,0,0,0,0,0,0,0,0,0,0,0,0,0,0,0,1,-49,4,-47,10,-47,11,-42,13,-43,12,-41,12,-39,14,-39,13,-43,14,-40,14,-38,12,-34,10,-38,10,-38,8,-34,4,-37,2,-38,4,-38,-1,-34,-5,-40,-5,-37,-8,-38,-8,-42,-10,-40,-12,-39,-17,-43,-12,-44,-18,-43,-20,-45,-25,-44,-27,-43,-27,-43,-32,-45,-33,-42,-35,-48,-38,-48,-36,-48,-41,-45,-43,-49,-47,-46,-48,-49,-57,-48,-55,-45,-57,-50,-54,-44,-64,-48,-60,-48,-64,-45,-64,-46,-63,-54,-62,-45,-68,-47,-64,-53,-65,-51,-68,-56,-61,-50,-64,-51,0,0]"
CSI_DATA,201,1a:00:00:00:00:00,-43,11,1,0,1,1,1,0,0,0,1,-96,0,11,2,2972596,0,44,0,384,0,"[0,0,0,0,0,0,0,0,0,0,0,0,9,-4,9,-4,9,-4,8,-4,7,-3,6,-4,6,-4,5,-4,5,-5,4,-4,4,-5,3,-6,2,-5,2,-5,2,-5,1,-6,0,-6,0,-6,0,-6,-1,-7,-1,-7,-2,-7,-2,-7,-2,-8,-3,-9,-3,-9,0,0,-3,-9,-3,-10,-3,-10,-4,-11,-3,-10,-3,-11,-2,-11,-2,-11,-2,-11,-1,-11,-1,-11,0,-10,0,-10,0,-10,0,-9,0,-10,1,-9,1,-9,1,-9,1,-8,2,-8,2,-7,2,-7,2,-6,3,-6,3,-5,0,0,0,0,0,0,0,0,0,0,0,0,0,0,75,-12,68,-8,68,-14,59,-11,55,-14,53,-16,50,-14,48,-17,44,-16,42,-18,37,-18,32,-19,31,-20,30,-21,23,-23,17,-27,21,-28,12,-29,13,-28,6,-30,6,-35,1,-32,0,-36,1,-39,-1,-33,-5,-39,-7,-41,-10,-42,-9,-43,-11,-48,-16,-45,-16,-52,-13,-53,-19,-56,-14,-53,-11,-60,-10,-59,-5,-62,-4,-63,-4,-61,-4,-63,-7,-58,-2,-59,0,-55,3,-55,2,-53,6,-49,6,-52,10,-44,9,-48,11,-42,12,-38,17,-41,18,-37,17,-37,19,-32,23,-26,0,0,0,0,0,0,0,0,0,0,0,0,0,0,0,0,0,0,0,0,0,0,-27,37,-33,35,-32,35,-37,33,-35,28,-37,23,-35,21,-34,19,-35,24,-34,22,-34,21,-30,23,-31,26,-30,25,-30,25,-25,25,-23,30,-23,26,-25,31,-24,30,-24,30,-21,36,-16,36,-16,39,-18,40,-10,46,-13,42,-15,44,-11,45,-12,50,-6,50,-8,55,-11,56,-8,52,-7,61,0,56,0,60,5,60,5,62,10,65,11,66,12,64,10,70,13,71,14,70,11,74,14,72,17,75,15,75,13,79,21,80,26,79,17,83,18,78,17,84,18,80,14,80,0,0]"
CSI_DATA,202,1a:00:00:00:00:00,-43,11,1,0,1,1,1,0,0,0,1,-96,0,11,2,2980640,0,44,0,384,0,"[0,0,0,0,0,0,0,0,0,0,0,0,8,5,8,5,8,4,8,4,7,3,6,3,6,2,6,1,6,1,6,0,5,0,5,-1,5,-1,5,-2,5,-2,5,-3,4,-3,4,-4,4,-5,4,-5,4,-5,4,-6,4,-6,4,-7,4,-7,4,-8,0,0,4,-9,5,-9,6,-9,5,-9,6,-9,6,-9,6,-10,6,-9,7,-9,7,-8,8,-8,7,-7,7,-7,7,-7,7,-6,7,-6,7,-5,7,-5,7,-5,6,-5,6,-4,6,-3,6,-3,6,-2,6,-1,5,-1,0,0,0,0,0,0,0,0,0,0,0,0,0,0,58,44,56,44,58,34,50,37,48,34,46,29,44,25,42,24,38,22,36,17,34,15,39,8,34,6,33,4,31,-3,31,1,32,-4,33,-9,28,-13,29,-14,28,-15,24,-16,24,-21,24,-25,25,-26,25,-32,25,-31,24,-37,24,-38,21,-42,22,-44,28,-46,31,-44,31,-47,30,-49,35,-47,34,-48,36,-48,39,-47,42,-44,39,-44,40,-39,46,-41,42,-38,42,-33,44,-32,46,-30,40,-26,37,-25,40,-25,42,-21,39,-19,40,-20,38,-11,33,-9,34,-7,31,-4,0,0,0,0,0,0,0,0,0,0,0,0,0,0,0,0,0,0,0,0,0,0,-46,8,-47,6,-48,4,-46,0,-47,-1,-44,-5,-42,-6,-40,-4,-43,-8,-43,-4,-39,-6,-40,-3,-41,-1,-38,3,-36,0,-39,-1,-39,3,-37,2,-34,10,-36,6,-38,5,-39,13,-36,12,-39,20,-39,18,-38,22,-39,22,-39,26,-41,24,-39,27,-42,31,-43,29,-42,34,-43,36,-44,39,-42,40,-41,43,-37,49,-40,50,-40,54,-39,53,-40,62,-39,56,-42,66,-41,57,-37,58,-40,62,-43,61,-43,71,-45,75,-40,70,-44,70,-47,68,-46,67,-42,72,-44,70,-49,67,0,0]"
CSI_DATA,203,1a:00:00:00:00:00,-43,11,1,0,1,1,1,0,0,0,1,-96,0,11,2,2991874,0,44,0,384,0,"[0,0,0,0,0,0,0,0,0,0,0,0,2,-11,1,-10,0,-10,1,-9,0,-9,0,-8,-1,-8,-1,-7,-1,-7,-2,-6,-2,-7,-3,-6,-3,-5,-4,-5,-4,-5,-5,-5,-5,-4,-5,-4,-5,-3,-6,-3,-6,-3,-7,-2,-7,-3,-8,-2,-8,-2,-9,-2,0,0,-10,-2,-10,-3,-10,-3,-11,-3,-10,-3,-11,-4,-11,-4,-10,-4,-11,-5,-10,-5,-10,-5,-9,-6,-9,-6,-8,-6,-8,-6,-8,-6,-8,-6,-7,-6,-6,-6,-6,-6,-5,-6,-5,-6,-5,-6,-4,-6,-3,-6,-2,-6,0,0,0,0,0,0,0,0,0,0,0,0,0,0,11,-76,8,-70,3,-66,3,-63,-3,-64,4,-53,-3,-53,-2,-48,-2,-45,-5,-40,-9,-41,-10,-38,-12,-38,-14,-33,-16,-32,-19,-27,-17,-22,-21,-23,-26,-19,-25,-17,-34,-14,-31,-17,-32,-9,-33,-9,-36,-5,-40,-4,-42,-4,-44,-1,-43,-4,-53,1,-51,0,-52,0,-54,-1,-55,-1,-61,0,-55,-5,-58,-1,-58,-4,-57,-9,-60,-11,-59,-11,-57,-13,-55,-14,-56,-14,-51,-14,-56,-20,-50,-17,-49,-17,-42,-18,-41,-21,-44,-21,-37,-23,-36,-24,-32,-23,-28,-24,-22,-29,-20,-29,0,0,0,0,0,0,0,0,0,0,0,0,0,0,0,0,0,0,0,0,0,0,28,38,22,41,20,42,17,44,15,43,12,36,13,39,14,40,16,42,12,38,9,38,16,38,15,34,13,36,16,31,20,32,19,31,20,31,19,27,22,27,22,27,30,29,29,29,29,22,33,26,37,23,38,26,41,25,40,27,44,22,43,24,48,19,49,22,48,15,51,17,55,17,59,16,58,15,59,13,66,10,64,10,68,6,64,7,71,5,66,6,76,7,74,1,75,1,79,3,83,4,81,6,82,6,86,6,81,6,83,8,83,6,82,9,0,0]"
CSI_DATA,204,1a:00:00:00:00:00,-43,11,1,0,1,1,1,0,0,0,1,-96,0,11,2,3000579,0,44,0,384,0,"[0,0,0,0,0,0,0,0,0,0,0,0,-4,-11,-4,-10,-4,-9,-4,-9,-4,-8,-4,-7,-4,-7,-4,-6,-4,-6,-5,-5,-5,-5,-5,-4,-5,-3,-5,-3,-6,-2,-6,-2,-6,-1,-6,-1,-6,0,-6,0,-7,1,-7,2,-7,1,-8,2,-8,2,-8,2,0,0,-9,3,-10,3,-10,3,-10,3,-10,2,-11,3,-11,2,-11,2,-11,1,-10,1,-11,0,-10,0,-10,0,-10,0,-10,-1,-9,-1,-9,-1,-9,-1,-8,-2,-8,-2,-8,-2,-7,-2,-7,-3,-6,-3,-6,-4,-5,-4,0,0,0,0,0,0,0,0,0,0,0,0,0,0,-18,-76,-15,-73,-21,-66,-17,-60,-22,-61,-13,-55,-18,-49,-18,-46,-16,-39,-20,-38,-22,-36,-20,-31,-24,-31,-24,-26,-25,-23,-29,-21,-33,-17,-31,-10,-30,-13,-31,-11,-32,-5,-34,-3,-32,4,-37,6,-37,7,-41,8,-45,8,-44,15,-47,15,-52,19,-46,18,-51,16,-48,18,-54,23,-56,21,-58,17,-61,18,-58,14,-60,12,-62,12,-58,12,-62,11,-58,8,-59,3,-56,2,-57,1,-54,-3,-54,-2,-47,-4,-49,-5,-48,-5,-48,-11,-41,-8,-39,-16,-39,-12,-36,-17,-31,-17,0,0,0,0,0,0,0,0,0,0,0,0,0,0,0,0,0,0,0,0,0,0,39,25,34,23,36,32,37,39,46,46,31,24,40,30,25,37,32,29,33,36,19,23,32,22,24,29,36,36,43,24,23,20,26,12,49,20,21,21,31,-4,36,19,35,11,38,28,41,4,29,-1,48,1,41,17,51,17,58,13,54,14,34,0,47,3,46,13,39,1,72,-6,50,0,58,-13,66,-7,60,-13,77,-21,73,-6,66,-28,57,-35,74,-14,70,-21,73,-25,77,-19,67,-31,56,-39,76,-13,91,-27,69,-38,76,-15,88,-25,83,-28,81,-24,78,-24,0,0]"
CSI_DATA,205,1a:00:00:00:00:00,-43,11,1,0,1,1,1,0,0,0,1,-96,0,11,2,3010730,0,44,0,384,0,"[0,0,0,0,0,0,0,0,0,0,0,0,2,-11,1,-11,0,-10,0,-10,0,-9,0,-9,-1,-8,-1,-8,-2,-7,-2,-6,-2,-6,-3,-6,-3,-5,-4,-5,-4,-4,-5,-4,-5,-4,-6,-4,-6,-3,-6,-2,-7,-2,-7,-2,-7,-3,-8,-2,-9,-2,-9,-2,0,0,-10,-2,-10,-2,-11,-2,-11,-2,-11,-2,-11,-3,-11,-3,-11,-3,-11,-4,-11,-4,-10,-5,-9,-5,-9,-5,-9,-5,-9,-6,-8,-5,-8,-5,-7,-5,-7,-6,-6,-5,-6,-6,-6,-5,-5,-6,-5,-6,-4,-6,-3,-6,0,0,0,0,0,0,0,0,0,0,0,0,0,0,13,-70,14,-67,9,-63,6,-62,5,-65,7,-53,6,-53,1,-47,2,-46,-6,-41,-8,-41,-7,-38,-11,-39,-13,-32,-13,-29,-16,-25,-19,-25,-25,-20,-23,-21,-27,-18,-33,-16,-29,-16,-29,-11,-33,-7,-37,-7,-36,-6,-41,-9,-42,-4,-45,-4,-49,-2,-50,-2,-52,-3,-54,-5,-55,-6,-58,-4,-55,-10,-59,-10,-59,-10,-58,-12,-58,-12,-59,-17,-53,-21,-55,-17,-53,-20,-48,-20,-49,-20,-47,-25,-44,-22,-41,-23,-44,-23,-38,-28,-37,-25,-31,-26,-29,-30,-23,-29,-21,-29,-21,-30,0,0,0,0,0,0,0,0,0,0,0,0,0,0,0,0,0,0,0,0,0,0,30,38,25,38,25,43,21,41,19,41,15,42,13,39,15,42,15,41,14,41,14,37,15,39,17,33,15,34,14,33,19,33,19,32,19,35,20,27,23,29,22,28,27,29,31,28,32,28,33,27,38,26,37,24,41,26,41,25,41,23,45,19,49,20,49,22,50,21,54,21,55,20,56,15,61,13,62,13,67,11,63,12,69,10,69,5,70,9,69,10,77,2,80,5,75,3,78,4,85,8,77,4,84,6,83,5,80,5,85,8,80,8,79,9,0,0]"
CSI_DATA,206,1a:00:00:00:00:00,-44,11,1,0,1,1,1,0,0,0,1,-96,0,11,2,3020668,0,44,0,384,0,"[0,0,0,0,0,0,0,0,0,0,0,0,10,-4,9,-4,8,-4,8,-4,7,-4,7,-4,6,-5,5,-5,4,-5,4,-4,4,-5,3,-5,3,-5,2,-5,2,-5,0,-6,0,-6,0,-6,0,-6,-1,-7,-1,-7,-2,-7,-2,-8,-3,-8,-3,-9,-3,-9,0,0,-3,-9,-3,-10,-3,-10,-4,-10,-3,-11,-3,-11,-3,-11,-2,-11,-2,-11,-1,-11,-1,-11,0,-10,0,-10,0,-10,0,-10,0,-10,1,-10,1,-9,1,-9,1,-8,2,-8,2,-8,3,-7,3,-7,3,-6,3,-5,0,0,0,0,0,0,0,0,0,0,0,0,0,0,72,-20,60,-14,69,-24,56,-17,54,-19,52,-19,46,-18,49,-19,40,-15,42,-19,31,-19,27,-22,28,-22,23,-22,24,-24,17,-31,18,-28,14,-28,11,-26,4,-29,4,-31,0,-32,-4,-34,-6,-34,-6,-34,-9,-41,-9,-37,-16,-43,-16,-44,-21,-45,-17,-44,-23,-51,-14,-49,-20,-55,-18,-45,-20,-61,-18,-56,-12,-59,-9,-58,-11,-58,-14,-59,-13,-58,-5,-59,-5,-56,-1,-56,-2,-51,0,-51,1,-50,7,-52,4,-48,7,-43,9,-43,11,-42,10,-34,13,-37,14,-35,19,-29,0,0,0,0,0,0,0,0,0,0,0,0,0,0,0,0,0,0,0,0,0,0,-19,41,-29,39,-27,38,-35,37,-31,31,-33,30,-31,28,-30,26,-35,26,-27,25,-29,27,-24,30,-27,35,-25,30,-27,30,-22,25,-20,32,-19,30,-20,34,-19,32,-19,37,-17,37,-14,36,-14,41,-12,43,-6,42,-7,46,-9,48,-10,41,-3,53,-2,45,-2,56,1,54,-1,54,2,57,6,57,8,55,12,59,11,62,16,65,13,66,17,63,16,69,21,67,24,72,24,71,25,68,29,73,27,72,26,72,24,78,29,76,26,83,21,73,25,81,28,83,20,77,0,0]"
CSI_DATA,207,1a:00:00:00:00:00,-43,11,1,0,1,1,1,0,0,0,1,-96,0,11,2,3031585,0,44,0,384,0,"[0,0,0,0,0,0,0,0,0,0,0,0,-4,10,-4,9,-3,9,-2,8,-2,8,-2,7,-1,7,-1,6,0,6,0,5,1,6,1,5,2,4,2,4,2,4,3,4,3,3,4,3,4,3,5,2,5,2,6,2,6,2,7,2,7,2,8,1,0,0,9,2,9,2,9,3,9,3,9,3,10,3,10,4,9,4,9,4,9,5,8,5,8,5,7,5,7,5,7,6,6,6,6,5,6,5,5,6,5,5,4,6,4,5,3,6,3,5,2,6,1,5,0,0,0,0,0,0,0,0,0,0,0,0,0,0,-44,53,-48,50,-36,49,-37,46,-33,51,-29,42,-30,37,-27,41,-22,34,-14,36,-16,36,-11,34,-7,34,-2,29,-4,32,3,29,6,29,6,27,8,30,12,26,15,27,16,23,21,22,20,25,28,22,27,24,31,25,33,19,36,24,41,26,43,25,45,30,40,25,50,34,45,30,46,36,46,36,47,36,43,36,40,40,39,40,39,42,40,44,38,40,34,42,30,38,28,42,26,41,27,41,23,37,23,38,20,41,15,38,12,37,7,32,7,35,1,35,0,0,0,0,0,0,0,0,0,0,0,0,0,0,0,0,0,0,0,0,0,0,-9,-46,-4,-48,-1,-48,2,-48,7,-44,5,-48,4,-43,4,-43,8,-45,7,-39,5,-41,-1,-37,1,-37,1,-42,1,-39,1,-38,-1,-41,-3,-38,-6,-39,-6,-42,-10,-38,-13,-42,-10,-31,-17,-43,-19,-41,-23,-46,-17,-44,-23,-46,-23,-38,-32,-42,-26,-41,-33,-41,-33,-41,-37,-41,-37,-42,-43,-45,-38,-41,-44,-39,-45,-39,-53,-47,-54,-45,-49,-40,-62,-41,-59,-43,-62,-43,-59,-38,-65,-42,-66,-43,-64,-46,-66,-39,-67,-45,-73,-43,-69,-52,-66,-45,-69,-49,-67,-47,-63,-44,0,0]"
CSI_DATA,208,1a:00:00:00:00:00,-44,11,1,0,1,1,1,0,0,0,1,-96,0,11,2,3060584,0,44,0,384,0,"[0,0,0,0,0,0,0,0,0,0,0,0,-8,7,-7,7,-6,7,-6,6,-5,6,-5,6,-4,6,-3,5,-3,6,-2,5,-2,5,-1,5,-1,5,0,5,1,5,1,5,2,5,2,5,3,4,3,4,4,4,4,5,4,4,5,5,6,5,6,5,0,0,7,5,7,6,7,6,7,6,7,7,7,7,7,7,7,7,7,7,6,8,6,8,4,8,4,8,4,8,4,8,3,8,3,7,3,7,3,7,2,7,2,7,1,6,0,6,0,6,-1,6,-1,5,0,0,0,0,0,0,0,0,0,0,0,0,0,0,-58,40,-58,40,-53,46,-47,36,-47,37,-45,34,-41,34,-40,36,-31,33,-27,35,-20,31,-18,34,-19,34,-13,27,-11,27,-4,29,-4,31,1,29,1,28,3,27,12,31,10,26,16,28,18,27,19,30,22,30,27,32,31,29,32,36,33,35,33,35,39,35,34,39,40,39,35,37,35,44,38,44,41,44,35,46,33,48,35,46,28,50,26,50,26,50,19,49,25,44,17,50,17,48,14,45,15,44,13,42,9,41,4,42,4,39,-1,40,-2,34,-7,34,0,0,0,0,0,0,0,0,0,0,0,0,0,0,0,0,0,0,0,0,0,0,-1,-48,8,-52,8,-50,9,-49,13,-47,14,-39,16,-40,12,-43,13,-47,13,-36,15,-41,10,-36,6,-40,15,-35,15,-37,11,-41,3,-41,3,-43,4,-38,7,-44,0,-37,-3,-42,-4,-46,-9,-42,-5,-48,-11,-46,-12,-44,-14,-51,-15,-46,-17,-50,-18,-46,-20,-52,-24,-52,-23,-50,-29,-52,-29,-52,-32,-52,-36,-53,-36,-52,-42,-56,-40,-56,-47,-54,-45,-56,-48,-55,-48,-55,-56,-54,-53,-55,-56,-55,-55,-57,-54,-60,-54,-60,-62,-60,-55,-63,-57,-58,-58,-64,-61,-67,-52,-63,0,0]"
CSI_DATA,209,1a:00:00:00:00:00,-44,11,1,0,1,1,1,0,0,0,1,-96,0,11,2,3090619,0,44,0,384,0,"[0,0,0,0,0,0,0,0,0,0,0,0,5,-9,5,-10,4,-9,4,-8,3,-8,2,-8,2,-7,1,-7,1,-7,0,-6,0,-6,-1,-6,-2,-6,-2,-5,-3,-5,-3,-6,-3,-5,-4,-5,-4,-4,-6,-4,-5,-4,-6,-4,-6,-4,-7,-4,-8,-5,-8,-4,0,0,-9,-5,-9,-5,-9,-5,-10,-5,-9,-6,-10,-6,-10,-6,-9,-6,-10,-7,-9,-7,-9,-7,-8,-8,-8,-7,-7,-7,-7,-8,-6,-7,-6,-7,-6,-7,-6,-7,-5,-7,-5,-7,-4,-7,-3,-7,-3,-7,-2,-7,-2,-6,0,0,0,0,0,0,0,0,0,0,0,0,0,0,45,-46,49,-46,42,-47,38,-44,35,-42,35,-39,29,-37,29,-38,27,-35,21,-33,13,-33,10,-32,12,-33,9,-31,7,-32,2,-31,0,-29,-4,-28,-4,-25,-9,-27,-14,-25,-19,-30,-19,-24,-20,-27,-20,-26,-26,-26,-32,-23,-37,-24,-36,-26,-39,-25,-39,-30,-42,-29,-41,-27,-45,-34,-48,-34,-43,-38,-44,-39,-46,-35,-44,-43,-43,-41,-45,-43,-39,-42,-36,-42,-33,-39,-32,-45,-31,-46,-26,-42,-28,-42,-28,-37,-20,-41,-19,-42,-22,-38,-16,-41,-9,-39,-11,-36,-8,-38,-3,-32,0,0,0,0,0,0,0,0,0,0,0,0,0,0,0,0,0,0,0,0,0,0,-3,49,-6,39,-9,45,-13,44,-15,44,-14,41,-13,42,-15,37,-15,43,-13,38,-16,40,-14,38,-12,40,-14,38,-10,35,-7,39,-1,41,-9,38,-4,37,-4,40,-2,42,-3,42,4,43,5,42,8,43,13,42,10,44,15,46,12,45,18,46,18,44,21,51,21,49,24,49,28,51,33,46,29,48,35,49,36,46,41,48,39,49,47,49,45,52,49,50,45,51,55,47,50,53,58,49,55,51,58,56,56,55,59,50,60,57,57,54,58,58,57,54,55,55,0,0]"
CSI_DATA,210,1a:00:00:00:00:00,-44,11,1,0,1,1,1,0,0,0,1,-96,0,11,2,3100763,0,44,0,384,0,"[0,0,0,0,0,0,0,0,0,0,0,0,7,-7,7,-7,6,-7,6,-6,5,-6,4,-6,4,-6,3,-6,2,-6,2,-6,1,-6,0,-6,0,-6,-1,-5,-1,-5,-2,-6,-2,-6,-3,-6,-3,-5,-4,-6,-4,-5,-4,-6,-5,-6,-6,-6,-6,-6,-7,-7,0,0,-7,-7,-7,-8,-7,-8,-8,-8,-7,-8,-7,-8,-7,-8,-7,-9,-7,-9,-7,-10,-6,-9,-5,-9,-4,-9,-4,-9,-4,-9,-4,-9,-4,-9,-3,-8,-3,-8,-3,-8,-2,-8,-2,-7,-1,-7,0,-7,0,-7,0,-6,0,0,0,0,0,0,0,0,0,0,0,0,0,0,55,-46,51,-41,48,-41,43,-43,38,-37,38,-39,37,-35,33,-33,28,-33,24,-34,19,-34,18,-31,12,-30,12,-29,9,-29,1,-33,2,-33,1,-31,-5,-30,-9,-27,-14,-30,-10,-25,-17,-27,-21,-28,-20,-27,-24,-30,-26,-25,-33,-27,-33,-31,-38,-31,-40,-30,-39,-34,-40,-34,-41,-36,-44,-37,-40,-43,-43,-41,-43,-41,-39,-45,-38,-44,-37,-44,-37,-46,-33,-47,-31,-43,-30,-45,-28,-44,-23,-44,-23,-45,-22,-42,-18,-43,-21,-42,-12,-43,-11,-41,-8,-39,-5,-39,-3,-34,0,-36,0,0,0,0,0,0,0,0,0,0,0,0,0,0,0,0,0,0,0,0,0,0,-3,49,-7,46,-11,45,-13,48,-15,45,-18,40,-18,42,-16,39,-16,40,-16,36,-18,39,-17,38,-14,43,-14,41,-12,36,-13,38,-8,41,-7,40,-7,38,-3,39,-2,40,-3,43,2,41,2,44,4,44,12,45,7,43,10,45,10,44,17,47,18,46,20,50,21,52,21,49,25,53,27,50,29,51,34,50,32,50,41,55,39,51,46,52,44,54,48,51,48,51,50,56,49,55,52,55,57,55,55,58,56,57,58,54,57,60,52,60,56,65,56,61,55,59,0,0]"
CSI_DATA,211,1a:00:00:00:00:00,-43,11,1,0,1,1,1,0,0,0,1,-96,0,11,2,3120561,0,44,0,384,0,"[0,0,0,0,0,0,0,0,0,0,0,0,8,-6,7,-6,6,-6,7,-5,5,-5,5,-5,4,-6,3,-6,3,-6,2,-5,2,-6,1,-6,1,-5,0,-6,0,-5,-1,-6,-1,-6,-2,-6,-3,-5,-3,-6,-3,-6,-4,-6,-4,-6,-5,-6,-5,-7,-6,-7,0,0,-7,-7,-6,-8,-6,-8,-6,-9,-6,-9,-6,-9,-6,-9,-6,-9,-6,-9,-5,-10,-5,-10,-4,-10,-4,-9,-4,-9,-3,-9,-3,-9,-3,-9,-2,-9,-2,-9,-2,-8,-1,-8,-1,-8,-1,-7,0,-7,1,-7,1,-6,0,0,0,0,0,0,0,0,0,0,0,0,0,0,64,-25,65,-18,56,-29,54,-23,54,-24,44,-20,46,-22,45,-24,39,-21,31,-22,29,-24,27,-28,25,-27,23,-26,15,-25,12,-30,13,-28,3,-28,4,-28,-1,-30,-6,-30,-4,-29,-6,-28,-10,-29,-13,-30,-17,-39,-15,-35,-21,-41,-20,-41,-27,-41,-24,-41,-28,-46,-23,-46,-31,-49,-30,-47,-24,-49,-23,-51,-26,-54,-26,-55,-24,-58,-18,-53,-15,-56,-12,-54,-15,-55,-14,-54,-9,-52,-9,-50,-7,-54,-1,-44,-4,-44,-3,-46,-3,-42,3,-41,6,-39,8,-37,6,-35,12,-35,0,0,0,0,0,0,0,0,0,0,0,0,0,0,0,0,0,0,0,0,0,0,-23,46,-26,44,-32,43,-30,41,-34,33,-32,31,-28,35,-32,32,-29,33,-33,34,-32,30,-32,31,-29,33,-29,34,-26,31,-27,32,-21,37,-24,29,-21,33,-17,37,-16,37,-17,40,-16,37,-13,40,-15,41,-8,45,-11,45,-7,45,-8,46,-7,48,-2,52,-1,52,0,53,6,52,8,58,10,57,7,58,9,60,15,59,16,65,19,67,20,63,25,63,25,71,25,66,35,63,33,69,34,68,34,71,31,77,26,75,33,76,33,80,29,77,30,77,32,76,27,74,0,0]"
CSI_DATA,212,1a:00:00:00:00:00,-44,11,1,0,1,1,1,0,0,0,1,-96,0,11,2,3130631,0,44,0,384,0,"[0,0,0,0,0,0,0,0,0,0,0,0,-7,-9,-7,-8,-7,-7,-7,-7,-6,-6,-6,-6,-6,-5,-6,-4,-6,-4,-6,-3,-6,-3,-6,-2,-6,-1,-6,-1,-6,0,-6,0,-6,1,-5,1,-6,2,-6,3,-6,3,-6,4,-6,4,-6,5,-7,5,-6,5,0,0,-7,6,-8,6,-8,7,-8,6,-9,6,-9,6,-9,6,-9,6,-9,5,-9,5,-10,4,-9,4,-9,4,-9,3,-9,3,-9,3,-9,2,-8,2,-8,2,-8,2,-8,1,-8,0,-8,0,-7,0,-7,-1,-6,-1,0,0,0,0,0,0,0,0,0,0,0,0,0,0,-33,-61,-35,-50,-41,-53,-31,-48,-34,-43,-30,-43,-32,-37,-35,-33,-30,-31,-27,-29,-29,-24,-25,-22,-30,-21,-34,-15,-28,-14,-30,-6,-31,-2,-29,3,-28,0,-32,6,-33,11,-30,8,-27,15,-28,15,-32,17,-33,23,-32,23,-32,30,-34,28,-34,30,-33,32,-39,34,-38,31,-39,37,-37,36,-46,37,-50,36,-46,34,-49,35,-48,31,-49,32,-51,31,-49,26,-49,25,-45,20,-48,20,-50,17,-49,16,-46,15,-48,8,-43,10,-43,6,-40,6,-37,-1,-39,0,-37,-2,-33,-7,0,0,0,0,0,0,0,0,0,0,0,0,0,0,0,0,0,0,0,0,0,0,48,1,48,9,49,8,50,15,47,15,45,19,43,17,41,20,41,20,38,15,44,18,39,14,40,10,40,11,37,15,38,11,41,7,39,13,37,5,41,8,41,5,43,1,40,-1,43,-3,43,-7,44,-6,43,-4,47,-9,45,-11,49,-17,47,-16,50,-17,51,-16,49,-23,54,-23,54,-25,51,-27,52,-29,51,-36,53,-39,56,-39,51,-41,57,-41,54,-44,58,-46,50,-48,54,-45,59,-49,57,-46,62,-52,61,-50,59,-55,65,-49,59,-46,60,-54,64,-52,64,-44,0,0]"
CSI_DATA,213,1a:00:00:00:00:00,-44,11,1,0,1,1,1,0,0,0,1,-96,0,11,2,3160934,0,44,0,384,0,"[0,0,0,0,0,0,0,0,0,0,0,0,0,10,0,9,1,8,1,8,1,8,1,7,1,6,1,6,2,5,2,4,2,5,3,4,3,3,4,3,4,2,4,2,5,1,5,1,5,0,6,0,6,0,6,-1,7,-1,7,-2,8,-2,8,-2,0,0,9,-2,9,-2,10,-2,10,-2,10,-2,11,-2,11,-1,10,-1,11,0,10,0,10,1,10,1,9,1,9,1,9,2,8,2,8,2,8,2,7,2,7,2,7,3,6,3,6,3,5,3,5,4,4,4,0,0,0,0,0,0,0,0,0,0,0,0,0,0,-10,63,-7,62,-4,63,-1,59,0,54,-4,54,0,46,6,47,6,44,3,42,10,38,12,32,16,33,13,25,15,24,18,22,24,18,22,20,22,15,24,13,30,10,28,9,35,7,28,2,33,-1,34,1,37,-2,40,-4,42,-5,49,-9,50,-7,52,-7,50,-3,52,-9,55,-7,57,-1,59,-6,58,-5,57,0,55,6,57,3,59,9,54,12,52,7,49,11,52,12,46,13,47,12,44,13,41,16,39,18,38,17,35,19,29,17,29,21,28,23,22,25,0,0,0,0,0,0,0,0,0,0,0,0,0,0,0,0,0,0,0,0,0,0,-35,-41,-34,-43,-29,-45,-26,-45,-24,-43,-23,-43,-21,-43,-22,-42,-20,-45,-21,-41,-18,-41,-21,-39,-19,-39,-20,-36,-16,-36,-19,-36,-22,-38,-22,-35,-25,-32,-25,-32,-24,-29,-30,-31,-30,-29,-35,-26,-33,-29,-39,-25,-37,-27,-39,-25,-40,-27,-46,-21,-43,-20,-51,-20,-49,-19,-57,-12,-52,-17,-53,-14,-56,-14,-62,-13,-60,-14,-62,-8,-64,-9,-64,-8,-69,-8,-71,-1,-69,-3,-79,-1,-74,0,-73,4,-73,1,-77,-3,-81,-4,-80,3,-82,-1,-80,2,-81,-8,-79,-1,-81,-4,0,0]"
CSI_DATA,214,1a:00:00:00:00:00,-44,11,1,0,1,1,1,0,0,0,1,-96,0,11,2,3170581,0,44,0,384,0,"[0,0,0,0,0,0,0,0,0,0,0,0,3,9,3,9,3,7,3,8,3,6,3,6,3,5,3,5,3,4,4,3,4,3,4,2,5,2,5,1,5,1,4,0,5,0,4,-1,5,-2,6,-2,6,-2,6,-3,6,-3,6,-4,7,-4,7,-4,0,0,8,-4,9,-4,9,-5,9,-4,9,-4,10,-4,10,-4,10,-4,10,-3,10,-3,10,-2,10,-2,9,-1,9,-1,9,-1,9,-1,8,-1,8,0,8,0,7,0,7,1,7,1,6,1,6,2,5,2,5,3,0,0,0,0,0,0,0,0,0,0,0,0,0,0,-8,68,-11,67,-5,64,-6,58,-3,58,-4,50,2,48,2,50,2,43,3,44,8,36,6,32,13,30,16,26,13,27,17,22,20,20,21,16,21,13,27,12,29,9,28,11,30,5,30,2,35,-1,39,1,38,-3,43,-4,42,-4,47,-7,46,-5,50,-7,49,-4,56,-8,54,-10,64,-7,60,-6,57,-5,59,0,55,4,55,7,58,3,56,4,55,9,51,11,49,12,53,16,51,13,44,12,44,16,42,18,39,18,36,19,33,19,32,20,28,24,23,25,0,0,0,0,0,0,0,0,0,0,0,0,0,0,0,0,0,0,0,0,0,0,-32,-42,-28,-45,-25,-43,-22,-44,-20,-46,-17,-48,-17,-44,-18,-46,-15,-47,-15,-41,-16,-45,-14,-43,-19,-44,-18,-40,-14,-41,-19,-38,-22,-39,-19,-37,-28,-34,-26,-34,-22,-28,-29,-34,-24,-33,-33,-34,-33,-32,-32,-25,-33,-30,-40,-26,-41,-27,-46,-26,-43,-22,-50,-23,-50,-21,-50,-20,-52,-17,-56,-16,-56,-14,-59,-14,-58,-14,-62,-12,-67,-11,-68,-7,-69,-13,-73,-2,-70,-7,-80,0,-74,-4,-76,1,-82,1,-80,-4,-80,-3,-82,-1,-85,-4,-78,-5,-82,-8,-80,-4,-80,-4,0,0]"
CSI_DATA,215,1a:00:00:00:00:00,-44,11,1,0,1,1,1,0,0,0,1,-96,0,11,2,3180575,0,44,0,384,0,"[0,0,0,0,0,0,0,0,0,0,0,0,-7,-8,-7,-8,-7,-7,-7,-7,-7,-6,-6,-5,-6,-4,-6,-4,-5,-3,-6,-3,-6,-2,-6,-1,-6,-1,-6,0,-6,0,-6,1,-6,2,-5,2,-5,3,-6,3,-6,3,-6,4,-6,5,-6,5,-6,6,-6,6,0,0,-6,7,-7,7,-7,7,-7,7,-8,7,-8,7,-8,7,-8,7,-9,7,-8,7,-9,6,-9,5,-9,5,-9,5,-9,4,-9,4,-9,4,-8,3,-8,3,-8,2,-8,2,-8,2,-8,1,-7,1,-7,0,-6,-1,0,0,0,0,0,0,0,0,0,0,0,0,0,0,-43,-58,-37,-54,-42,-45,-34,-45,-39,-45,-32,-40,-33,-37,-34,-34,-32,-29,-29,-25,-32,-22,-30,-17,-30,-15,-31,-11,-30,-8,-29,-2,-31,-2,-27,4,-29,5,-28,5,-28,11,-28,12,-23,18,-27,18,-26,20,-29,24,-28,27,-25,33,-27,33,-33,38,-34,38,-32,39,-32,39,-36,41,-35,42,-37,42,-42,40,-42,41,-45,43,-44,39,-41,38,-45,34,-46,35,-43,35,-44,32,-44,28,-44,26,-41,27,-40,22,-39,16,-39,15,-41,15,-37,14,-41,8,-35,9,-35,3,-39,-2,0,0,0,0,0,0,0,0,0,0,0,0,0,0,0,0,0,0,0,0,0,0,50,12,48,19,47,20,42,24,48,23,42,28,37,25,37,25,39,27,38,20,38,24,37,20,38,20,38,21,36,15,40,22,38,16,35,19,39,8,37,7,39,10,39,9,39,4,44,-1,44,-1,46,-1,46,0,44,-4,48,-5,47,-9,48,-9,51,-13,51,-17,48,-19,52,-21,55,-24,51,-26,51,-28,51,-30,55,-34,58,-34,50,-37,56,-37,57,-43,55,-42,56,-45,61,-42,59,-47,60,-49,61,-52,61,-50,62,-53,66,-47,59,-46,62,-53,61,-50,62,-48,0,0]"
CSI_DATA,216,1a:00:00:00:00:00,-44,11,1,0,1,1,1,0,0,0,1,-96,0,11,2,3192524,0,44,0,384,0,"[0,0,0,0,0,0,0,0,0,0,0,0,-4,9,-4,9,-3,8,-3,8,-2,7,-2,7,-1,6,0,6,0,6,1,5,1,5,1,5,2,4,2,4,3,4,4,3,4,3,4,3,5,2,5,2,5,2,6,1,6,2,7,1,8,1,8,1,0,0,9,1,9,1,9,2,9,2,10,2,10,2,10,2,9,2,10,3,9,3,9,4,8,4,8,4,8,4,7,5,7,5,7,4,6,4,6,4,6,4,5,5,5,5,4,5,3,5,3,5,2,5,0,0,0,0,0,0,0,0,0,0,0,0,0,0,-35,56,-35,56,-23,53,-24,53,-25,51,-19,43,-20,43,-15,40,-12,42,-11,36,-9,37,-2,32,-1,34,0,33,5,33,9,32,10,26,9,24,11,20,18,25,23,20,22,20,26,16,27,18,26,15,30,17,39,17,39,13,41,12,45,13,44,16,52,17,47,17,50,16,51,18,49,20,53,17,53,22,50,28,50,27,53,29,47,30,42,29,46,27,39,31,45,32,36,30,35,32,35,29,32,31,32,32,27,32,27,32,23,31,16,30,17,32,12,31,0,0,0,0,0,0,0,0,0,0,0,0,0,0,0,0,0,0,0,0,0,0,-18,-49,-11,-51,-8,-52,-3,-49,-3,-54,-3,-47,0,-47,1,-46,0,-48,3,-48,0,-45,1,-40,-3,-43,0,-44,0,-41,-4,-45,-6,-43,-6,-43,-6,-36,-9,-39,-10,-33,-15,-43,-19,-38,-18,-37,-19,-40,-25,-43,-20,-39,-26,-39,-24,-40,-30,-38,-33,-35,-33,-41,-36,-38,-41,-36,-43,-39,-43,-38,-44,-37,-46,-35,-51,-35,-54,-37,-52,-37,-60,-37,-57,-32,-64,-37,-59,-28,-61,-28,-66,-31,-67,-32,-71,-32,-73,-39,-70,-35,-75,-35,-73,-35,-70,-37,-71,-36,-70,-38,-72,-37,0,0]"
CSI_DATA,217,1a:00:00:00:00:00,-44,11,1,0,1,1,1,0,0,0,1,-96,0,11,2,3201846,0,44,0,384,0,"[0,0,0,0,0,0,0,0,0,0,0,0,7,-8,6,-8,5,-8,5,-7,5,-7,4,-7,3,-7,2,-6,2,-6,1,-6,1,-6,0,-6,-1,-6,-1,-6,-2,-6,-2,-6,-3,-6,-3,-6,-4,-5,-5,-5,-5,-5,-6,-5,-6,-5,-6,-6,-7,-6,-7,-6,0,0,-8,-6,-8,-7,-8,-7,-9,-7,-8,-7,-8,-8,-8,-8,-8,-8,-8,-9,-8,-9,-7,-9,-6,-9,-6,-8,-6,-9,-5,-9,-5,-9,-5,-9,-5,-8,-4,-8,-4,-8,-3,-8,-3,-8,-2,-8,-1,-7,-1,-7,0,-7,0,0,0,0,0,0,0,0,0,0,0,0,0,0,59,-32,53,-28,57,-35,42,-32,42,-33,39,-34,37,-26,35,-29,27,-25,31,-28,25,-30,18,-28,16,-28,13,-27,10,-27,4,-27,4,-30,-3,-27,0,-29,-4,-28,-9,-30,-10,-26,-15,-28,-16,-29,-20,-26,-22,-29,-25,-27,-29,-31,-29,-31,-35,-31,-35,-31,-38,-38,-35,-33,-39,-41,-39,-40,-36,-48,-38,-46,-35,-46,-36,-48,-30,-47,-30,-46,-32,-49,-27,-46,-28,-50,-24,-50,-20,-48,-24,-50,-20,-47,-17,-43,-16,-42,-12,-45,-8,-40,-9,-40,-4,-38,-5,-40,0,-36,3,-34,0,0,0,0,0,0,0,0,0,0,0,0,0,0,0,0,0,0,0,0,0,0,-16,51,-17,46,-20,44,-23,47,-24,43,-26,44,-21,38,-25,40,-25,40,-25,38,-24,39,-21,37,-23,43,-21,37,-24,34,-19,34,-16,38,-14,40,-14,37,-18,38,-12,37,-11,38,-9,37,-3,44,-6,43,1,46,2,41,2,48,3,43,6,49,7,46,12,50,14,52,15,48,17,52,21,54,24,48,26,54,26,54,29,59,32,56,32,53,36,64,35,57,39,57,44,60,41,62,45,58,41,60,40,61,44,63,47,63,45,68,43,59,46,68,47,67,43,61,0,0]"
CSI_DATA,218,1a:00:00:00:00:00,-44,11,1,0,1,1,1,0,0,0,1,-96,0,11,2,3210575,0,44,0,384,0,"[0,0,0,0,0,0,0,0,0,0,0,0,8,-6,8,-6,7,-5,7,-5,5,-5,5,-5,4,-6,4,-6,3,-6,2,-5,2,-5,1,-6,1,-5,0,-6,0,-6,-1,-6,-2,-6,-2,-6,-2,-6,-3,-6,-3,-6,-4,-6,-4,-6,-5,-6,-5,-7,-6,-7,0,0,-6,-8,-6,-8,-7,-9,-7,-8,-6,-9,-6,-9,-6,-9,-5,-9,-5,-10,-5,-10,-5,-10,-4,-10,-4,-9,-4,-10,-3,-9,-3,-10,-3,-9,-3,-9,-2,-9,-2,-8,-1,-9,-1,-8,0,-7,0,-7,0,-7,1,-6,0,0,0,0,0,0,0,0,0,0,0,0,0,0,64,-18,65,-15,56,-24,48,-18,53,-19,40,-18,46,-19,44,-19,41,-19,30,-22,30,-22,22,-22,25,-24,20,-22,15,-27,11,-27,9,-28,7,-25,5,-28,-1,-31,-1,-29,-8,-32,-9,-31,-8,-33,-9,-32,-15,-34,-20,-37,-21,-37,-20,-38,-25,-39,-27,-39,-27,-39,-27,-47,-29,-50,-32,-46,-24,-50,-24,-52,-27,-50,-23,-55,-21,-51,-22,-53,-23,-52,-17,-52,-16,-57,-11,-52,-10,-51,-10,-54,-7,-50,-5,-45,-4,-46,-2,-45,0,-41,2,-43,6,-42,7,-40,7,-34,13,-32,0,0,0,0,0,0,0,0,0,0,0,0,0,0,0,0,0,0,0,0,0,0,-28,45,-35,40,-36,35,-38,38,-39,34,-37,30,-38,29,-35,25,-37,27,-37,26,-37,30,-32,27,-37,30,-33,28,-30,23,-30,27,-28,32,-25,33,-23,30,-24,30,-24,29,-23,33,-19,35,-17,38,-15,35,-15,42,-12,42,-10,45,-13,42,-3,44,-5,46,-4,53,-5,50,-2,51,-2,51,3,58,3,60,10,58,11,59,12,64,11,60,18,61,19,65,20,68,22,64,20,69,23,71,27,69,23,67,26,75,25,75,27,71,21,76,21,69,22,73,27,76,23,75,0,0]"
CSI_DATA,219,1a:00:00:00:00:00,-44,11,1,0,1,1,1,0,0,0,1,-96,0,11,2,3221764,0,44,0,384,0,"[0,0,0,0,0,0,0,0,0,0,0,0,-9,6,-8,6,-7,6,-7,5,-6,6,-5,5,-4,5,-4,5,-3,5,-3,5,-3,5,-2,5,-1,4,0,5,0,4,1,5,1,5,2,5,2,4,3,4,3,4,4,4,4,5,5,5,6,5,6,5,0,0,7,6,7,6,7,6,7,6,7,6,7,7,8,7,7,7,7,8,6,8,6,8,5,8,4,8,4,8,4,8,4,8,4,8,3,7,3,7,3,7,2,7,2,7,1,7,0,6,0,6,-1,6,0,0,0,0,0,0,0,0,0,0,0,0,0,0,-53,42,-59,39,-54,38,-43,31,-48,38,-38,33,-37,34,-36,30,-34,31,-27,27,-21,30,-14,31,-17,28,-13,28,-8,28,-6,27,-3,30,-2,28,3,27,7,24,15,28,14,28,17,26,20,27,28,26,26,29,28,26,33,27,33,30,39,30,38,29,42,29,41,36,41,35,45,34,43,36,45,37,45,36,43,42,40,39,40,43,38,46,33,46,34,42,31,45,31,44,26,47,28,42,21,39,20,40,21,39,20,40,15,39,7,36,9,37,3,36,-2,32,0,0,0,0,0,0,0,0,0,0,0,0,0,0,0,0,0,0,0,0,0,0,16,-52,24,-47,27,-43,28,-46,28,-41,31,-36,29,-37,29,-35,32,-41,27,-34,28,-34,22,-32,24,-38,25,-38,29,-36,25,-36,17,-37,17,-39,16,-34,14,-39,18,-37,12,-39,10,-41,11,-43,6,-42,2,-45,2,-44,1,-48,0,-48,-6,-47,-8,-46,-9,-51,-9,-49,-13,-49,-16,-57,-19,-54,-19,-54,-25,-56,-25,-53,-27,-57,-29,-59,-34,-62,-39,-56,-39,-64,-33,-57,-48,-60,-43,-61,-46,-57,-48,-62,-49,-65,-46,-62,-49,-63,-50,-68,-41,-60,-48,-68,-47,-65,-42,-66,0,0]"
CSI_DATA,220,1a:00:00:00:00:00,-44,11,1,0,1,1,1,0,0,0,1,-96,0,11,2,3236230,0,44,0,384,0,"[0,0,0,0,0,0,0,0,0,0,0,0,3,-10,2,-10,1,-9,1,-9,0,-8,1,-8,0,-8,-1,-7,-1,-6,-2,-6,-2,-6,-3,-6,-3,-5,-4,-4,-4,-4,-5,-4,-5,-4,-5,-3,-6,-2,-7,-2,-7,-2,-7,-2,-7,-2,-8,-1,-9,-2,-9,-1,0,0,-10,-1,-10,-1,-11,-1,-11,-2,-11,-2,-11,-2,-11,-2,-11,-2,-11,-3,-11,-3,-10,-4,-10,-4,-10,-4,-10,-4,-9,-5,-9,-5,-8,-4,-8,-5,-8,-4,-7,-5,-7,-5,-6,-5,-6,-5,-5,-5,-5,-6,-4,-6,0,0,0,0,0,0,0,0,0,0,0,0,0,0,23,-63,24,-60,15,-56,15,-55,18,-56,12,-52,9,-45,10,-47,7,-41,6,-44,1,-37,0,-34,-9,-34,-6,-31,-8,-28,-13,-28,-15,-25,-18,-23,-21,-21,-23,-20,-31,-21,-26,-18,-29,-15,-32,-13,-34,-12,-37,-8,-38,-11,-41,-5,-44,-9,-51,-7,-50,-4,-54,-6,-52,-11,-57,-9,-56,-10,-58,-11,-57,-11,-59,-13,-59,-15,-56,-15,-52,-19,-53,-22,-53,-23,-53,-25,-53,-25,-54,-22,-44,-27,-44,-24,-42,-23,-37,-23,-39,-24,-36,-28,-32,-25,-29,-31,-24,-33,-23,-32,-21,-29,0,0,0,0,0,0,0,0,0,0,0,0,0,0,0,0,0,0,0,0,0,0,15,50,11,54,7,49,1,54,0,52,1,50,-1,46,-1,50,0,48,-4,45,-5,47,1,45,2,43,-1,45,-2,43,4,43,6,44,4,41,9,36,8,39,9,39,15,37,16,39,15,38,16,40,19,38,23,36,26,37,29,35,32,34,33,31,36,36,36,30,38,31,44,35,47,31,46,32,49,28,52,26,55,27,58,29,64,28,62,24,65,22,64,22,67,19,69,21,72,24,73,24,74,26,75,24,76,22,81,28,73,29,77,28,74,24,70,24,0,0]"
CSI_DATA,221,1a:00:00:00:00:00,-44,11,1,0,1,1,1,0,0,0,1,-96,0,11,2,3241039,0,44,0,384,0,"[0,0,0,0,0,0,0,0,0,0,0,0,3,9,3,9,4,7,3,8,3,6,3,6,4,5,3,5,4,4,4,3,4,3,5,2,5,1,5,1,5,0,5,0,5,-1,5,-1,6,-2,6,-2,6,-3,6,-3,6,-4,6,-5,7,-5,7,-5,0,0,8,-6,8,-5,9,-6,8,-6,9,-6,10,-5,10,-5,10,-5,10,-4,9,-4,10,-4,9,-3,9,-3,10,-3,9,-2,9,-2,9,-2,8,-2,8,-1,7,-1,7,0,7,0,7,0,6,1,6,1,5,2,0,0,0,0,0,0,0,0,0,0,0,0,0,0,12,63,10,67,13,59,13,53,11,51,14,48,11,44,13,45,11,40,17,36,16,31,20,29,22,25,20,22,20,21,22,17,24,9,25,8,25,9,30,5,31,1,29,1,33,-7,30,-10,31,-8,36,-9,36,-13,39,-18,42,-18,41,-21,42,-18,48,-21,46,-19,50,-26,50,-27,56,-21,54,-20,52,-22,57,-21,55,-14,53,-14,59,-12,54,-10,54,-6,51,-5,53,-4,51,-4,52,1,51,-1,47,1,45,4,42,3,42,7,37,9,36,10,32,12,28,14,0,0,0,0,0,0,0,0,0,0,0,0,0,0,0,0,0,0,0,0,0,0,-43,-33,-40,-36,-38,-40,-35,-39,-32,-41,-31,-40,-30,-38,-27,-39,-32,-38,-25,-38,-27,-43,-27,-36,-31,-40,-26,-36,-26,-33,-24,-36,-29,-35,-25,-30,-27,-28,-27,-26,-29,-23,-35,-21,-37,-21,-38,-18,-40,-21,-43,-17,-38,-18,-43,-20,-48,-15,-47,-14,-46,-9,-52,-10,-53,-6,-50,-4,-55,-1,-55,-2,-55,2,-62,4,-62,4,-60,5,-62,8,-65,11,-67,10,-71,19,-69,15,-66,23,-69,19,-70,16,-70,17,-80,20,-79,18,-78,19,-80,16,-77,16,-84,18,-73,18,-75,12,0,0]"
CSI_DATA,222,1a:00:00:00:00:00,-44,11,1,0,1,1,1,0,0,0,1,-96,0,11,2,3251112,0,44,0,384,0,"[0,0,0,0,0,0,0,0,0,0,0,0,9,-5,8,-4,8,-5,7,-4,7,-4,6,-4,5,-5,4,-5,4,-5,4,-5,2,-5,2,-6,2,-6,1,-5,0,-6,-1,-6,-1,-6,-2,-6,-2,-6,-2,-6,-2,-7,-3,-7,-3,-7,-4,-8,-4,-8,-5,-8,0,0,-5,-9,-6,-9,-6,-10,-6,-10,-5,-10,-5,-11,-5,-11,-4,-11,-5,-11,-4,-11,-4,-11,-3,-11,-3,-11,-2,-10,-2,-10,-2,-10,-2,-10,-2,-10,-1,-9,-1,-9,0,-8,0,-8,1,-8,1,-7,1,-7,2,-6,0,0,0,0,0,0,0,0,0,0,0,0,0,0,64,-24,64,-23,61,-28,51,-22,45,-21,44,-26,39,-24,41,-25,35,-23,32,-25,25,-27,25,-23,21,-25,17,-25,13,-25,9,-28,7,-35,5,-25,2,-27,-2,-30,-6,-32,-8,-28,-9,-33,-10,-33,-14,-28,-15,-38,-20,-36,-24,-36,-28,-37,-29,-40,-31,-38,-32,-38,-31,-40,-36,-46,-32,-42,-37,-50,-35,-52,-31,-48,-26,-50,-27,-52,-29,-51,-23,-52,-22,-52,-22,-56,-17,-49,-20,-49,-13,-49,-15,-48,-13,-46,-10,-45,-7,-44,-7,-43,-3,-43,0,-42,3,-38,2,-35,8,-31,0,0,0,0,0,0,0,0,0,0,0,0,0,0,0,0,0,0,0,0,0,0,-30,48,-33,45,-33,43,-36,38,-35,36,-38,31,-35,32,-35,27,-37,30,-36,28,-31,26,-32,28,-33,32,-33,33,-33,31,-30,31,-28,33,-27,31,-26,35,-23,34,-23,31,-20,35,-19,35,-14,36,-16,38,-12,39,-9,40,-9,47,-11,43,-3,47,-1,44,-5,53,2,51,6,48,5,54,10,51,11,54,15,57,16,53,12,62,21,58,25,62,23,65,26,67,25,63,33,60,29,65,30,66,30,69,28,70,36,72,34,70,35,78,29,68,35,74,33,72,31,68,0,0]"
CSI_DATA,223,1a:00:00:00:00:00,-44,11,1,0,1,1,1,0,0,0,1,-96,0,11,2,3260579,0,44,0,384,0,"[0,0,0,0,0,0,0,0,0,0,0,0,6,7,6,6,6,6,6,5,6,5,5,4,5,3,5,2,5,2,5,1,5,1,5,0,5,-1,5,-1,4,-1,5,-2,5,-3,4,-3,4,-4,5,-4,4,-5,5,-5,4,-6,5,-6,5,-7,5,-7,0,0,6,-8,6,-8,7,-8,6,-9,7,-8,7,-8,8,-8,7,-7,8,-7,8,-7,8,-7,8,-6,8,-5,8,-5,8,-4,8,-4,8,-4,7,-4,7,-3,7,-3,7,-3,7,-2,7,-2,6,-1,6,0,5,0,0,0,0,0,0,0,0,0,0,0,0,0,0,0,33,58,34,56,33,48,33,45,32,46,30,42,30,37,28,33,27,28,24,27,25,20,24,19,28,18,24,16,27,10,26,8,31,5,29,1,27,-5,30,-4,30,-7,24,-10,26,-16,28,-19,28,-22,31,-24,32,-21,33,-26,33,-34,35,-32,36,-32,39,-37,40,-34,40,-35,41,-39,45,-35,45,-34,46,-40,48,-34,51,-32,51,-31,52,-23,52,-26,51,-25,47,-23,51,-21,47,-16,46,-19,43,-15,42,-10,44,-7,40,-8,42,-7,38,-6,38,0,34,3,32,2,0,0,0,0,0,0,0,0,0,0,0,0,0,0,0,0,0,0,0,0,0,0,-54,-14,-47,-23,-47,-22,-47,-27,-41,-28,-39,-32,-37,-27,-40,-26,-41,-31,-37,-29,-35,-29,-37,-27,-36,-24,-37,-25,-36,-22,-37,-23,-37,-20,-36,-21,-35,-15,-36,-13,-36,-13,-41,-10,-39,-10,-40,-9,-42,-10,-43,-3,-42,-3,-42,-6,-46,1,-48,6,-45,7,-47,7,-48,10,-49,13,-53,17,-50,19,-52,18,-52,21,-52,24,-59,29,-59,29,-64,33,-55,31,-62,37,-56,33,-59,36,-61,35,-62,46,-62,44,-67,44,-65,42,-65,46,-67,39,-66,39,-66,43,-64,42,-65,39,0,0]"
CSI_DATA,224,1a:00:00:00:00:00,-45,11,1,0,1,1,1,0,0,0,1,-96,0,11,2,3282431,0,44,0,384,0,"[0,0,0,0,0,0,0,0,0,0,0,0,5,-9,4,-9,4,-8,4,-8,3,-7,2,-7,2,-7,1,-7,1,-7,0,-6,0,-6,-2,-6,-2,-5,-3,-5,-2,-5,-4,-5,-4,-5,-4,-5,-5,-4,-5,-4,-6,-4,-6,-4,-7,-4,-7,-4,-8,-4,-8,-4,0,0,-9,-4,-10,-5,-10,-5,-10,-5,-9,-5,-10,-5,-10,-6,-9,-6,-10,-6,-9,-7,-9,-7,-8,-7,-8,-7,-7,-7,-7,-7,-7,-7,-6,-7,-6,-7,-6,-7,-5,-7,-5,-7,-4,-7,-4,-7,-3,-7,-3,-7,-2,-6,0,0,0,0,0,0,0,0,0,0,0,0,0,0,41,-51,42,-47,41,-53,33,-44,30,-41,29,-45,25,-35,27,-39,17,-32,17,-36,11,-35,6,-31,5,-32,5,-29,-1,-30,-4,-27,-7,-29,-8,-28,-9,-28,-14,-25,-22,-23,-22,-21,-26,-23,-29,-18,-27,-16,-32,-18,-31,-16,-39,-22,-41,-22,-45,-21,-41,-20,-50,-21,-45,-20,-50,-24,-47,-21,-55,-30,-55,-25,-50,-25,-53,-36,-49,-29,-44,-32,-44,-35,-40,-36,-40,-33,-40,-40,-41,-34,-39,-37,-33,-33,-34,-40,-36,-30,-27,-33,-28,-37,-22,-34,-19,-34,-15,-37,-10,-36,-7,-36,0,0,0,0,0,0,0,0,0,0,0,0,0,0,0,0,0,0,0,0,0,0,-9,52,-14,53,-15,49,-21,52,-21,46,-22,47,-16,45,-23,40,-18,43,-16,40,-23,42,-20,39,-20,42,-20,37,-16,39,-13,36,-10,44,-8,37,-11,42,-7,37,-5,35,-2,41,1,38,-1,39,2,40,7,42,7,41,10,44,10,40,16,46,19,39,22,44,27,45,26,40,28,45,31,42,31,42,34,45,36,47,38,46,42,48,50,43,50,50,48,42,54,49,54,39,52,41,57,42,57,43,58,46,55,53,57,48,65,51,57,43,59,52,64,49,58,45,0,0]"
CSI_DATA,225,1a:00:00:00:00:00,-45,11,1,0,1,1,1,0,0,0,1,-96,0,11,2,3310710,0,44,0,384,0,"[0,0,0,0,0,0,0,0,0,0,0,0,5,-9,5,-8,4,-8,4,-8,3,-7,3,-7,2,-7,1,-7,1,-6,0,-6,-1,-6,-1,-6,-2,-5,-3,-5,-3,-5,-4,-5,-4,-5,-4,-5,-5,-4,-5,-4,-5,-4,-6,-4,-7,-4,-8,-4,-8,-4,-9,-4,0,0,-9,-5,-9,-5,-10,-5,-10,-5,-9,-6,-9,-7,-9,-7,-9,-7,-10,-7,-9,-8,-9,-7,-8,-7,-8,-7,-7,-7,-7,-8,-7,-8,-6,-7,-6,-7,-5,-8,-4,-7,-4,-8,-4,-7,-3,-7,-3,-7,-2,-7,-2,-7,0,0,0,0,0,0,0,0,0,0,0,0,0,0,53,-48,45,-43,45,-43,35,-40,34,-37,33,-35,33,-30,28,-36,20,-32,21,-35,15,-32,13,-32,10,-32,5,-28,5,-29,-3,-28,-4,-34,-11,-27,-11,-28,-11,-24,-19,-23,-17,-23,-24,-24,-23,-24,-27,-24,-33,-25,-33,-24,-35,-23,-37,-22,-43,-27,-43,-27,-47,-29,-43,-28,-47,-33,-53,-29,-46,-39,-47,-35,-46,-34,-45,-38,-46,-43,-46,-38,-40,-41,-41,-44,-41,-43,-36,-44,-35,-42,-31,-43,-29,-41,-26,-36,-26,-41,-23,-42,-18,-38,-16,-39,-15,-36,-9,-40,-11,-36,-5,-34,0,0,0,0,0,0,0,0,0,0,0,0,0,0,0,0,0,0,0,0,0,0,-11,54,-15,54,-18,52,-22,53,-26,49,-23,46,-23,42,-25,42,-24,44,-22,39,-20,43,-23,38,-26,41,-23,41,-22,39,-19,38,-16,44,-14,38,-12,36,-10,37,-9,38,-6,43,-4,38,-2,41,0,39,3,39,6,41,8,41,9,40,11,47,12,44,18,47,20,49,19,47,28,46,25,48,26,45,32,48,36,46,42,48,39,50,43,50,44,50,45,48,48,47,52,54,50,49,55,51,53,53,53,55,57,55,56,50,60,57,50,55,55,56,55,57,50,51,0,0]"
CSI_DATA,226,1a:00:00:00:00:00,-44,11,1,0,1,1,1,0,0,0,1,-96,0,11,2,3330579,0,44,0,384,0,"[0,0,0,0,0,0,0,0,0,0,0,0,3,9,3,8,4,7,4,7,4,6,3,5,4,5,4,4,3,4,4,3,4,3,4,2,5,1,5,0,4,0,5,-1,4,-1,5,-1,5,-2,6,-3,5,-3,6,-4,6,-4,6,-5,7,-5,7,-5,0,0,8,-5,8,-6,8,-6,9,-6,9,-5,9,-5,9,-5,9,-5,10,-5,9,-4,10,-4,10,-3,9,-3,9,-2,9,-2,9,-2,8,-2,8,-1,8,-1,8,-1,8,0,7,0,7,0,6,1,6,1,5,2,0,0,0,0,0,0,0,0,0,0,0,0,0,0,15,63,14,62,16,55,16,49,19,56,14,46,19,42,18,38,19,34,17,29,21,29,24,26,20,22,23,20,20,16,23,17,29,11,26,7,25,0,27,1,28,-3,33,-4,29,-11,31,-14,31,-14,32,-16,36,-20,40,-24,38,-19,39,-28,45,-24,48,-29,47,-26,48,-30,53,-29,47,-25,52,-30,55,-29,50,-27,54,-23,56,-21,55,-17,57,-18,57,-14,49,-16,52,-12,52,-10,52,-6,45,-9,46,-5,45,-5,44,-5,40,-1,43,3,38,7,39,10,34,14,0,0,0,0,0,0,0,0,0,0,0,0,0,0,0,0,0,0,0,0,0,0,-45,-38,-40,-39,-38,-36,-32,-41,-34,-47,-25,-43,-28,-40,-27,-44,-31,-43,-24,-40,-27,-47,-25,-40,-27,-38,-25,-36,-23,-32,-27,-39,-27,-32,-25,-31,-33,-27,-30,-28,-32,-24,-35,-21,-34,-22,-35,-24,-38,-21,-40,-14,-38,-19,-41,-19,-43,-17,-48,-10,-45,-12,-49,-6,-49,-4,-47,-1,-53,-3,-51,2,-53,2,-57,4,-57,9,-60,13,-61,12,-63,16,-67,15,-68,18,-65,15,-68,17,-65,21,-69,21,-68,24,-74,20,-72,20,-73,27,-75,23,-76,17,-78,19,-73,22,-75,27,0,0]"
CSI_DATA,227,1a:00:00:00:00:00,-45,11,1,0,1,1,1,0,0,0,1,-96,0,11,2,3340674,0,44,0,384,0,"[0,0,0,0,0,0,0,0,0,0,0,0,9,0,8,0,8,0,8,0,7,-1,6,-1,6,-2,5,-2,5,-2,5,-3,4,-3,3,-4,3,-4,2,-4,2,-5,2,-6,1,-6,1,-6,0,-6,0,-7,0,-7,0,-7,-1,-8,-2,-8,-1,-9,-2,-9,0,0,-2,-10,-2,-11,-2,-11,-2,-11,-1,-11,-1,-12,-1,-11,-1,-11,-1,-12,0,-11,0,-11,1,-10,1,-10,1,-10,1,-10,2,-10,2,-9,2,-9,2,-9,2,-8,2,-8,3,-7,3,-7,3,-6,3,-6,3,-5,0,0,0,0,0,0,0,0,0,0,0,0,0,0,66,16,65,22,60,16,55,15,61,13,48,14,49,5,43,3,41,4,38,4,35,-4,32,-3,31,-8,31,-7,29,-14,20,-14,22,-20,21,-24,15,-19,12,-26,10,-30,9,-32,6,-31,4,-33,4,-38,3,-37,2,-42,0,-48,-2,-49,-4,-49,-5,-52,-5,-53,-5,-55,-4,-56,-5,-62,1,-62,3,-60,1,-62,4,-70,1,-58,5,-62,6,-61,11,-59,12,-61,16,-52,13,-56,17,-49,14,-50,15,-42,14,-48,15,-45,15,-44,19,-39,23,-40,27,-29,26,-27,22,-22,0,0,0,0,0,0,0,0,0,0,0,0,0,0,0,0,0,0,0,0,0,0,-55,10,-56,2,-57,1,-54,2,-53,-3,-50,-8,-50,-3,-49,-6,-50,-9,-49,-6,-48,-10,-45,-7,-51,-5,-49,-4,-44,-4,-42,-5,-43,-1,-42,1,-42,7,-44,5,-35,3,-45,11,-37,13,-37,16,-40,18,-39,23,-37,21,-35,26,-36,26,-37,29,-36,32,-33,35,-37,39,-33,40,-36,44,-36,44,-27,51,-27,48,-30,55,-24,55,-25,56,-25,64,-29,63,-20,66,-23,60,-25,71,-22,66,-21,73,-17,74,-23,79,-23,78,-17,75,-21,75,-21,74,-25,78,-21,77,-21,77,0,0]"
CSI_DATA,228,1a:00:00:00:00:00,-45,11,1,0,1,1,1,0,0,0,1,-96,0,11,2,3350582,0,44,0,384,0,"[0,0,0,0,0,0,0,0,0,0,0,0,8,3,8,3,8,2,8,2,7,2,6,1,6,1,5,0,5,-1,5,-1,5,-2,4,-2,4,-3,4,-3,4,-4,3,-5,3,-5,3,-5,2,-6,2,-6,2,-7,2,-7,2,-7,1,-9,1,-9,1,-9,0,0,2,-10,2,-11,2,-11,2,-11,2,-11,3,-11,3,-11,3,-11,3,-11,4,-10,4,-11,4,-10,4,-10,4,-9,4,-9,5,-9,4,-8,4,-8,5,-7,5,-7,5,-6,5,-6,5,-6,5,-5,5,-4,5,-3,0,0,0,0,0,0,0,0,0,0,0,0,0,0,60,31,51,32,56,25,51,26,48,25,47,23,40,13,42,14,40,9,39,10,32,5,35,4,32,0,29,-1,28,-6,28,-12,30,-13,23,-21,23,-19,19,-21,23,-25,15,-24,16,-29,15,-34,10,-38,14,-38,11,-37,8,-47,9,-44,11,-48,8,-49,6,-58,11,-51,12,-60,8,-58,15,-61,14,-61,14,-61,17,-63,19,-58,19,-58,21,-56,24,-53,23,-57,22,-53,25,-47,27,-44,26,-44,29,-39,28,-42,28,-37,23,-36,29,-34,27,-27,30,-25,30,-22,31,-18,0,0,0,0,0,0,0,0,0,0,0,0,0,0,0,0,0,0,0,0,0,0,-56,-2,-56,-10,-54,-11,-57,-13,-52,-17,-50,-16,-46,-15,-45,-23,-54,-15,-43,-15,-44,-18,-44,-14,-51,-18,-47,-15,-44,-13,-42,-18,-47,-9,-39,-11,-36,-7,-40,-2,-43,0,-40,2,-38,0,-42,5,-44,7,-40,9,-41,13,-44,13,-40,16,-44,24,-38,22,-43,25,-41,29,-40,33,-43,32,-42,42,-37,36,-41,44,-38,46,-44,51,-42,49,-37,53,-38,58,-39,56,-37,58,-36,68,-35,63,-35,65,-37,71,-44,65,-39,69,-38,72,-39,73,-38,67,-43,62,-38,72,-35,62,0,0]"
CSI_DATA,229,1a:00:00:00:00:00,-45,11,1,0,1,1,1,0,0,0,1,-96,0,11,2,3360582,0,44,0,384,0,"[0,0,0,0,0,0,0,0,0,0,0,0,-10,0,-10,0,-9,1,-9,0,-8,1,-7,1,-6,2,-6,2,-6,2,-5,2,-5,3,-4,3,-3,3,-4,4,-3,4,-2,5,-1,5,-2,5,-1,5,0,6,0,6,1,7,0,7,1,7,1,8,2,8,0,0,2,9,1,9,2,10,2,10,1,10,1,11,1,10,1,10,1,11,0,11,0,10,-1,10,-1,9,-1,9,-2,9,-2,9,-2,9,-2,8,-2,8,-2,7,-3,7,-3,7,-3,6,-4,6,-4,5,-4,4,0,0,0,0,0,0,0,0,0,0,0,0,0,0,-64,-13,-59,-9,-59,-2,-54,-10,-49,-2,-50,-3,-49,-1,-49,1,-43,1,-37,3,-35,7,-28,7,-30,11,-28,11,-23,15,-22,19,-20,21,-16,26,-16,24,-13,26,-10,29,-6,29,-4,29,-2,28,-2,35,-4,36,3,38,11,45,3,45,9,48,5,47,7,54,7,54,13,53,8,51,5,59,1,58,3,61,1,61,-2,56,-1,58,-3,60,-4,60,-8,56,-10,51,-11,54,-14,50,-16,50,-11,50,-12,44,-16,39,-15,38,-17,39,-21,37,-19,29,-23,28,-22,25,0,0,0,0,0,0,0,0,0,0,0,0,0,0,0,0,0,0,0,0,0,0,47,-27,51,-19,55,-16,54,-16,53,-7,52,-9,48,-6,51,-9,47,-6,48,-6,45,-6,43,-7,47,-11,48,-9,43,-5,39,-9,38,-11,38,-11,37,-15,33,-13,34,-16,34,-17,29,-20,34,-21,28,-25,28,-31,29,-29,31,-29,30,-33,29,-37,23,-34,24,-43,24,-41,21,-45,24,-50,18,-51,17,-48,17,-57,17,-54,13,-62,13,-65,7,-63,11,-69,8,-63,5,-69,11,-75,8,-70,8,-71,8,-71,9,-76,10,-79,6,-71,11,-74,2,-74,3,-79,7,-79,9,-79,0,0]"
CSI_DATA,230,1a:00:00:00:00:00,-45,11,1,0,1,1,1,0,0,0,1,-96,0,11,2,3370653,0,44,0,384,0,"[0,0,0,0,0,0,0,0,0,0,0,0,1,9,1,9,2,8,1,8,2,7,2,7,2,6,2,5,3,4,3,3,3,3,4,3,4,2,4,2,5,1,5,1,5,0,5,0,6,-1,6,-2,6,-2,6,-3,7,-2,8,-4,8,-4,8,-4,0,0,9,-4,9,-4,10,-5,10,-4,10,-4,11,-4,10,-4,11,-3,11,-3,11,-2,11,-2,10,-1,10,-1,10,-1,9,0,9,-1,9,0,9,0,8,0,8,0,7,1,7,1,7,2,6,2,6,3,5,3,0,0,0,0,0,0,0,0,0,0,0,0,0,0,-1,65,-1,63,-1,56,1,51,4,55,4,48,3,44,3,41,9,34,6,36,11,35,10,29,14,27,18,27,16,18,18,19,22,17,22,11,25,11,34,8,28,8,32,4,30,-3,32,-7,35,-8,36,-6,39,-12,40,-15,46,-12,48,-16,50,-17,49,-15,51,-13,53,-20,53,-20,54,-11,58,-15,59,-15,59,-12,63,-14,58,-8,59,-2,60,-2,60,-2,52,-3,51,-1,50,4,52,-2,47,4,47,6,48,5,46,6,41,10,37,13,34,15,31,15,28,19,0,0,0,0,0,0,0,0,0,0,0,0,0,0,0,0,0,0,0,0,0,0,-29,-53,-19,-53,-21,-51,-16,-51,-14,-56,-8,-48,-12,-51,-6,-50,-12,-51,-10,-51,-10,-48,-7,-48,-9,-44,-8,-45,-10,-41,-9,-44,-16,-42,-11,-41,-15,-35,-14,-35,-18,-37,-22,-36,-21,-34,-24,-33,-29,-30,-30,-32,-30,-30,-32,-30,-37,-27,-39,-24,-44,-22,-44,-22,-43,-18,-48,-21,-50,-18,-54,-14,-49,-13,-57,-13,-57,-11,-63,-13,-63,-8,-69,-4,-62,-7,-69,-6,-67,-4,-74,-5,-71,-4,-69,2,-75,3,-80,-4,-74,-1,-85,-1,-80,0,-78,2,-76,0,-74,-4,-78,-4,0,0]"
CSI_DATA,231,1a:00:00:00:00:00,-44,11,1,0,1,1,1,0,0,0,1,-96,0,11,2,3380557,0,44,0,384,0,"[0,0,0,0,0,0,0,0,0,0,0,0,-1,10,-1,9,0,8,0,7,1,7,0,7,1,6,2,5,2,5,3,4,3,4,3,3,4,3,4,2,4,2,5,2,5,1,5,1,5,0,6,-1,6,0,7,-1,7,-1,8,-2,8,-2,9,-2,0,0,10,-2,10,-3,10,-2,11,-2,11,-2,11,-2,11,-2,11,-1,11,-1,11,0,11,0,11,0,10,1,10,1,9,2,9,2,9,1,9,2,8,2,8,2,7,3,6,3,6,3,6,3,5,4,4,4,0,0,0,0,0,0,0,0,0,0,0,0,0,0,-15,64,-10,59,-4,57,-8,51,-3,52,-6,49,0,47,-4,50,5,42,6,37,9,36,14,26,13,33,14,20,14,23,18,18,22,16,21,11,26,14,28,12,30,8,26,3,32,-1,34,0,35,1,38,-6,42,-6,44,-8,47,-7,46,-8,55,-11,53,-14,53,-13,58,-12,59,-15,60,-8,59,-11,62,-5,61,-7,59,-8,60,-4,61,-1,57,1,57,1,54,1,54,2,52,9,50,4,48,8,44,9,48,10,44,13,39,13,38,15,37,16,31,20,29,22,0,0,0,0,0,0,0,0,0,0,0,0,0,0,0,0,0,0,0,0,0,0,-13,-54,-6,-53,-6,-57,-4,-57,1,-58,2,-53,1,-53,6,-50,2,-49,3,-49,4,-48,2,-47,2,-47,-1,-47,3,-37,-1,-41,-5,-49,-7,-38,-7,-34,-10,-40,-8,-37,-13,-36,-10,-40,-15,-36,-20,-35,-26,-34,-26,-35,-27,-35,-27,-33,-35,-27,-37,-30,-41,-29,-43,-28,-41,-27,-44,-25,-52,-23,-51,-22,-52,-24,-53,-21,-60,-23,-58,-18,-62,-20,-65,-19,-65,-17,-66,-15,-74,-10,-73,-14,-72,-11,-76,-12,-76,-17,-76,-14,-78,-9,-78,-15,-75,-14,-77,-10,-78,-13,-73,-14,0,0]"
CSI_DATA,232,1a:00:00:00:00:00,-45,11,1,0,1,1,1,0,0,0,1,-96,0,11,2,3390581,0,44,0,384,0,"[0,0,0,0,0,0,0,0,0,0,0,0,1,-11,1,-10,0,-9,0,-8,-1,-7,-1,-8,-1,-7,-2,-7,-2,-6,-3,-5,-3,-5,-4,-5,-4,-4,-5,-4,-5,-3,-5,-3,-6,-2,-6,-2,-6,-1,-7,-1,-7,-1,-7,-1,-8,0,-8,0,-9,0,-9,0,0,0,-10,0,-11,0,-11,0,-11,0,-11,0,-11,0,-12,-1,-11,-1,-12,-1,-12,-2,-11,-2,-11,-2,-10,-3,-10,-3,-10,-3,-10,-4,-9,-3,-9,-4,-8,-4,-8,-4,-8,-4,-7,-4,-6,-4,-6,-5,-5,-5,-5,-5,0,0,0,0,0,0,0,0,0,0,0,0,0,0,19,-54,23,-60,18,-53,16,-52,11,-53,9,-49,5,-47,4,-43,4,-37,-3,-40,-4,-35,-4,-33,-10,-30,-11,-28,-14,-25,-15,-23,-19,-20,-20,-16,-22,-16,-25,-14,-32,-15,-29,-13,-32,-5,-33,-4,-36,-3,-39,3,-41,-4,-45,4,-45,2,-51,6,-50,3,-57,6,-52,3,-60,3,-58,5,-60,0,-63,-4,-59,0,-61,-6,-59,-11,-61,-7,-62,-10,-56,-11,-58,-14,-57,-9,-55,-16,-50,-17,-49,-16,-48,-18,-47,-18,-46,-17,-42,-18,-41,-18,-38,-23,-31,-22,-31,-23,-26,-30,0,0,0,0,0,0,0,0,0,0,0,0,0,0,0,0,0,0,0,0,0,0,6,57,5,54,-2,53,-5,60,-7,54,-7,52,-7,49,-10,48,-11,51,-9,46,-10,49,-8,44,-5,46,-9,45,-3,40,-4,39,2,41,-3,37,1,35,1,36,4,33,11,38,7,36,12,34,16,37,18,33,17,37,21,34,21,34,30,37,30,31,34,34,36,31,38,33,39,30,44,30,45,31,48,29,49,29,54,28,58,29,55,24,59,29,61,21,59,24,70,26,68,23,68,19,67,21,70,22,69,21,73,26,75,24,70,24,72,23,73,24,64,25,0,0]"
CSI_DATA,233,1a:00:00:00:00:00,-45,11,1,0,1,1,1,0,0,0,1,-96,0,11,2,3401209,0,44,0,384,0,"[0,0,0,0,0,0,0,0,0,0,0,0,7,-7,6,-7,6,-7,5,-7,4,-6,4,-6,3,-7,2,-6,1,-6,1,-6,1,-6,0,-6,-1,-6,-2,-6,-2,-5,-3,-5,-3,-6,-4,-6,-4,-5,-5,-5,-6,-5,-6,-5,-6,-6,-7,-5,-8,-5,-8,-5,0,0,-9,-6,-9,-7,-9,-7,-10,-7,-9,-7,-9,-8,-10,-8,-9,-8,-9,-8,-9,-9,-8,-9,-7,-9,-7,-9,-6,-8,-6,-9,-6,-8,-5,-8,-5,-8,-5,-8,-5,-8,-4,-8,-3,-8,-3,-8,-2,-7,-1,-7,-1,-7,0,0,0,0,0,0,0,0,0,0,0,0,0,0,57,-29,54,-32,53,-36,43,-35,43,-28,32,-35,33,-29,32,-30,26,-28,25,-29,19,-28,16,-24,12,-29,9,-24,10,-27,2,-29,0,-35,-6,-27,-8,-27,-8,-29,-17,-26,-13,-25,-19,-22,-25,-26,-26,-21,-34,-27,-28,-25,-36,-23,-38,-29,-46,-29,-45,-27,-51,-28,-42,-29,-52,-35,-48,-30,-47,-39,-47,-40,-46,-42,-43,-45,-44,-44,-46,-40,-46,-44,-42,-48,-41,-44,-40,-47,-33,-43,-33,-43,-29,-44,-32,-42,-28,-44,-25,-41,-24,-40,-14,-41,-13,-40,-12,-37,-13,-39,-5,-38,0,0,0,0,0,0,0,0,0,0,0,0,0,0,0,0,0,0,0,0,0,0,-32,50,-38,45,-39,43,-41,42,-46,37,-40,35,-41,29,-38,31,-42,30,-40,29,-42,32,-33,31,-35,34,-34,29,-32,28,-34,30,-31,31,-28,31,-25,34,-25,28,-25,31,-22,35,-20,37,-15,37,-16,37,-8,38,-10,44,-7,46,-5,40,-1,45,2,42,1,47,5,50,8,48,7,51,12,56,15,49,19,54,17,56,27,60,22,59,31,54,30,61,33,58,33,59,31,58,36,59,38,63,41,64,41,68,43,66,49,66,39,69,41,64,42,67,39,62,38,63,0,0]"
CSI_DATA,234,1a:00:00:00:00:00,-45,11,1,0,1,1,1,0,0,0,1,-96,0,11,2,3430942,0,44,0,384,0,"[0,0,0,0,0,0,0,0,0,0,0,0,9,1,8,0,8,0,8,0,7,0,6,-1,6,-2,5,-2,4,-3,4,-3,4,-4,3,-4,3,-4,2,-5,2,-5,1,-6,1,-6,1,-6,0,-6,0,-7,-1,-7,-1,-7,-1,-8,-2,-8,-2,-9,-3,-9,0,0,-3,-10,-3,-11,-3,-11,-3,-11,-3,-11,-2,-12,-2,-12,-1,-12,-2,-12,-1,-12,-1,-12,0,-11,0,-11,0,-11,0,-10,1,-10,1,-10,1,-9,1,-9,1,-9,2,-8,2,-8,2,-7,3,-7,3,-6,3,-5,0,0,0,0,0,0,0,0,0,0,0,0,0,0,60,19,53,19,59,18,49,10,53,14,45,9,42,9,43,7,39,5,33,1,32,-3,33,-7,28,-5,24,-9,21,-13,22,-16,18,-21,22,-22,16,-26,14,-25,13,-32,7,-26,8,-35,3,-33,5,-37,2,-39,1,-40,-4,-42,-1,-46,-6,-46,-5,-55,-7,-55,-1,-55,-9,-60,-4,-61,-1,-65,-2,-64,3,-63,3,-65,5,-64,6,-59,10,-61,10,-60,11,-61,11,-58,10,-52,14,-54,11,-50,15,-47,14,-47,16,-43,16,-39,17,-42,19,-37,25,-34,24,-31,24,-25,0,0,0,0,0,0,0,0,0,0,0,0,0,0,0,0,0,0,0,0,0,0,-59,0,-54,0,-57,-9,-57,-13,-51,-18,-52,-13,-50,-11,-53,-17,-50,-13,-46,-15,-44,-16,-41,-13,-47,-12,-45,-7,-46,-13,-41,-5,-45,-3,-41,-3,-42,-3,-39,0,-35,2,-45,6,-41,6,-32,7,-38,9,-39,16,-39,16,-38,19,-36,19,-36,26,-34,25,-40,34,-37,35,-36,35,-34,36,-38,40,-31,39,-31,47,-35,48,-29,54,-34,55,-30,54,-28,61,-27,59,-26,64,-24,57,-27,69,-22,66,-24,73,-29,70,-28,73,-27,72,-30,72,-21,62,-29,72,-25,75,-22,68,0,0]"
CSI_DATA,235,1a:00:00:00:00:00,-45,11,1,0,1,1,1,0,0,0,1,-96,0,11,2,3441696,0,44,0,384,0,"[0,0,0,0,0,0,0,0,0,0,0,0,-5,-9,-6,-8,-6,-7,-5,-7,-5,-6,-5,-5,-5,-4,-5,-4,-5,-3,-5,-2,-5,-2,-5,-1,-6,-1,-6,0,-6,0,-6,1,-5,2,-5,2,-5,3,-5,4,-5,4,-6,5,-6,5,-6,6,-6,7,-6,6,0,0,-7,8,-7,8,-7,8,-7,8,-7,8,-8,8,-8,8,-8,7,-9,8,-9,7,-9,7,-9,6,-9,6,-9,6,-9,5,-9,5,-8,5,-8,4,-8,4,-8,3,-8,3,-8,2,-8,2,-7,2,-7,1,-7,0,0,0,0,0,0,0,0,0,0,0,0,0,0,0,-17,-65,-15,-57,-19,-53,-18,-50,-18,-47,-19,-46,-21,-41,-17,-36,-19,-31,-22,-31,-20,-24,-18,-19,-24,-19,-25,-13,-22,-12,-26,-9,-28,-5,-30,-2,-28,0,-27,1,-30,7,-32,9,-28,12,-29,16,-30,16,-32,19,-32,22,-32,26,-36,28,-33,28,-39,31,-42,36,-38,35,-46,40,-40,38,-47,38,-50,35,-47,37,-47,32,-52,28,-50,27,-51,29,-53,27,-52,28,-50,24,-50,18,-52,18,-48,18,-45,14,-43,12,-42,11,-42,13,-40,8,-40,8,-41,0,-38,-2,-36,-5,0,0,0,0,0,0,0,0,0,0,0,0,0,0,0,0,0,0,0,0,0,0,35,47,31,51,25,46,25,53,23,48,18,46,20,42,17,43,15,45,18,40,13,44,17,46,21,44,15,39,18,35,12,38,20,37,17,35,21,31,19,30,29,26,28,31,25,27,30,25,30,20,33,22,33,22,37,21,37,19,40,17,38,10,48,9,48,7,50,4,48,5,51,-4,51,-2,54,0,58,-3,61,-8,64,-5,62,-11,64,-7,67,-13,63,-15,63,-12,66,-17,68,-21,69,-20,69,-19,69,-23,74,-21,78,-20,70,-19,71,-20,71,-25,68,-21,0,0]"
CSI_DATA,236,1a:00:00:00:00:00,-45,11,1,0,1,1,1,0,0,0,1,-96,0,11,2,3452560,0,44,0,384,0,"[0,0,0,0,0,0,0,0,0,0,0,0,1,-10,1,-9,0,-9,0,-8,0,-8,-1,-7,-1,-7,-2,-6,-2,-6,-3,-5,-3,-5,-4,-4,-4,-4,-4,-3,-5,-3,-5,-3,-6,-2,-6,-2,-6,-1,-7,-1,-7,-1,-8,0,-8,0,-9,0,-9,0,-10,0,0,0,-10,0,-11,0,-11,0,-12,0,-11,0,-12,0,-12,0,-12,-1,-12,-1,-12,-2,-12,-2,-10,-2,-10,-3,-10,-3,-10,-3,-10,-3,-9,-3,-9,-3,-9,-4,-8,-4,-7,-5,-7,-4,-7,-4,-6,-5,-6,-5,-4,-5,0,0,0,0,0,0,0,0,0,0,0,0,0,0,14,-63,14,-59,8,-55,9,-55,6,-53,6,-47,5,-43,1,-43,-5,-33,-5,-32,-7,-34,-9,-31,-11,-33,-11,-24,-15,-23,-18,-22,-25,-20,-23,-16,-25,-13,-28,-14,-34,-5,-30,-3,-29,1,-33,1,-36,0,-41,5,-44,2,-44,12,-46,9,-49,11,-52,11,-55,13,-54,13,-57,12,-59,14,-59,12,-61,7,-64,7,-62,2,-60,6,-62,2,-65,0,-57,-5,-59,-4,-56,-3,-56,-5,-55,-6,-51,-7,-49,-8,-49,-8,-45,-10,-43,-12,-39,-14,-36,-16,-35,-15,-31,-18,-28,-21,0,0,0,0,0,0,0,0,0,0,0,0,0,0,0,0,0,0,0,0,0,0,12,53,2,55,-4,57,-3,54,-8,56,-6,51,-9,46,-5,45,-6,53,-10,43,-11,45,-9,41,-7,42,-13,45,-5,46,-6,45,0,41,6,39,-1,40,4,40,3,38,8,42,14,31,10,36,15,34,25,34,19,37,20,36,24,32,31,29,31,30,34,31,41,29,45,27,43,28,47,28,47,26,50,24,52,26,58,23,55,19,61,19,62,22,67,17,66,14,64,10,66,13,74,14,70,14,69,18,77,17,75,13,79,17,71,14,81,17,76,12,75,16,0,0]"
CSI_DATA,237,1a:00:00:00:00:00,-45,11,1,0,1,1,1,0,0,0,1,-96,0,11,2,3461509,0,44,0,384,0,"[0,0,0,0,0,0,0,0,0,0,0,0,1,-10,0,-10,-1,-9,-1,-9,-1,-7,-1,-8,-2,-7,-2,-6,-3,-6,-3,-4,-3,-5,-4,-4,-5,-4,-5,-3,-5,-3,-6,-2,-5,-2,-6,-2,-6,-1,-7,0,-7,0,-8,1,-8,0,-8,1,-9,1,-9,1,0,0,-10,1,-11,2,-11,2,-11,2,-12,1,-12,1,-12,1,-12,0,-12,0,-12,-1,-12,-1,-11,-1,-11,-1,-11,-2,-10,-2,-10,-2,-10,-3,-9,-2,-9,-3,-9,-3,-8,-4,-8,-3,-7,-4,-7,-4,-6,-5,-5,-5,0,0,0,0,0,0,0,0,0,0,0,0,0,0,7,-66,9,-59,4,-59,5,-54,-3,-53,-2,-47,-3,-43,-6,-42,-6,-34,-9,-33,-13,-36,-12,-29,-15,-29,-13,-24,-19,-21,-21,-16,-24,-14,-24,-11,-25,-8,-31,-7,-30,-3,-30,0,-32,3,-32,6,-32,7,-37,7,-37,11,-41,15,-45,16,-50,21,-49,17,-50,19,-51,20,-55,20,-57,23,-59,18,-60,18,-59,15,-61,16,-61,13,-60,15,-62,8,-60,9,-57,10,-58,9,-61,5,-51,1,-51,2,-49,0,-48,1,-48,-4,-48,-4,-42,-5,-38,-10,-38,-9,-37,-14,-27,-17,0,0,0,0,0,0,0,0,0,0,0,0,0,0,0,0,0,0,0,0,0,0,16,54,10,52,4,57,3,58,2,52,-5,45,-2,49,-1,50,1,53,2,46,-2,50,-7,47,5,44,3,43,-1,42,4,47,5,44,7,38,5,41,6,38,6,35,18,37,14,35,19,34,15,28,26,33,26,30,27,27,27,26,37,23,33,22,42,24,41,26,44,24,45,21,50,20,47,17,53,13,54,19,60,13,55,15,61,12,60,11,64,8,66,9,67,3,70,5,72,6,69,6,73,7,75,5,80,4,81,5,75,8,77,3,76,3,71,5,0,0]"
CSI_DATA,238,1a:00:00:00:00:00,-45,11,1,0,1,1,1,0,0,0,1,-96,0,11,2,3470587,0,44,0,384,0,"[0,0,0,0,0,0,0,0,0,0,0,0,-1,9,-1,8,0,8,0,7,1,6,1,6,1,6,2,5,2,5,3,3,3,4,3,3,4,2,4,2,4,1,5,1,5,0,5,0,5,-1,6,-1,6,-2,7,-2,6,-2,7,-3,8,-3,8,-4,0,0,9,-4,9,-4,10,-4,10,-4,10,-4,11,-3,11,-3,11,-3,11,-3,10,-2,11,-2,10,-2,9,-1,9,-1,9,0,9,0,9,0,9,0,8,0,8,0,7,1,7,1,7,1,6,2,6,2,5,3,0,0,0,0,0,0,0,0,0,0,0,0,0,0,-15,57,-12,61,-12,57,-11,52,-8,52,-8,47,-2,41,0,40,1,34,5,34,7,36,9,27,12,29,12,26,14,21,17,19,21,16,22,11,20,9,28,11,28,7,26,5,34,0,33,1,33,-2,39,-5,37,-8,43,-13,47,-9,50,-15,50,-15,53,-14,51,-13,54,-13,55,-16,56,-11,61,-7,61,-15,60,-9,60,-4,63,-4,62,-4,58,-1,60,0,55,1,54,2,52,4,53,3,45,10,49,7,45,9,44,12,36,11,39,14,37,14,33,21,26,19,0,0,0,0,0,0,0,0,0,0,0,0,0,0,0,0,0,0,0,0,0,0,-12,-57,-7,-55,-3,-57,-1,-55,4,-56,7,-54,8,-49,11,-50,8,-52,8,-48,6,-47,2,-46,5,-47,3,-46,6,-42,1,-43,0,-44,1,-39,-4,-42,-6,-38,-6,-39,-11,-38,-10,-40,-17,-33,-17,-37,-23,-32,-21,-37,-27,-35,-27,-32,-29,-31,-29,-27,-36,-30,-38,-28,-39,-28,-46,-30,-45,-30,-49,-24,-52,-25,-51,-23,-58,-19,-56,-20,-62,-18,-63,-18,-66,-19,-65,-20,-66,-19,-70,-20,-68,-12,-72,-19,-70,-18,-72,-14,-76,-11,-79,-19,-73,-13,-75,-15,-75,-12,-73,-20,0,0]"
CSI_DATA,239,1a:00:00:00:00:00,-45,11,1,0,1,1,1,0,0,0,1,-96,0,11,2,3491195,0,44,0,384,0,"[0,0,0,0,0,0,0,0,0,0,0,0,-3,-10,-3,-9,-3,-8,-4,-8,-3,-7,-3,-6,-4,-6,-4,-5,-4,-4,-4,-3,-5,-3,-5,-2,-5,-2,-6,-1,-5,-1,-5,0,-6,0,-6,1,-6,2,-6,2,-7,2,-7,3,-6,3,-7,4,-8,4,-8,5,0,0,-8,5,-8,6,-9,6,-9,6,-10,6,-10,6,-10,6,-10,5,-11,5,-10,4,-10,4,-11,3,-10,3,-10,3,-10,3,-10,2,-9,2,-9,2,-9,1,-8,1,-8,1,-8,0,-8,0,-7,0,-7,-1,-6,-2,0,0,0,0,0,0,0,0,0,0,0,0,0,0,3,-65,-2,-57,-8,-60,-2,-55,-3,-56,-7,-47,-6,-41,-12,-40,-13,-35,-14,-38,-13,-30,-12,-26,-19,-24,-21,-23,-23,-17,-25,-13,-30,-9,-28,-4,-28,-9,-28,0,-29,0,-33,1,-31,12,-33,13,-33,12,-36,13,-37,21,-37,22,-43,22,-40,23,-44,25,-45,30,-47,30,-51,31,-50,28,-56,31,-56,27,-57,30,-59,25,-59,22,-59,22,-57,18,-59,18,-55,21,-55,16,-55,12,-56,13,-54,15,-50,10,-51,11,-49,3,-48,3,-43,0,-40,-2,-44,-5,-35,-8,-34,-12,0,0,0,0,0,0,0,0,0,0,0,0,0,0,0,0,0,0,0,0,0,0,15,56,11,57,8,56,3,57,0,56,-3,56,-1,49,-6,51,-3,53,-2,50,-3,48,1,49,4,46,-1,43,1,37,0,43,5,43,6,39,8,38,12,38,12,35,15,36,13,36,19,35,23,32,24,29,20,28,27,30,30,25,35,27,33,22,43,25,42,25,44,20,49,19,48,19,52,14,55,14,55,15,59,9,59,12,65,8,69,6,67,6,69,3,74,3,73,1,73,-1,72,-2,75,-3,75,-1,77,-3,80,-3,73,-4,74,-1,77,-4,73,-3,0,0]"
CSI_DATA,240,1a:00:00:00:00:00,-45,11,1,0,1,1,1,0,0,0,1,-96,0,11,2,3500630,0,44,0,384,0,"[0,0,0,0,0,0,0,0,0,0,0,0,0,-11,-1,-9,-1,-9,-1,-8,-2,-7,-2,-7,-2,-7,-2,-6,-3,-6,-3,-5,-4,-5,-4,-4,-4,-3,-5,-2,-5,-2,-6,-2,-6,-2,-6,-1,-6,-1,-7,0,-7,0,-7,1,-8,1,-9,2,-9,2,-9,2,0,0,-10,2,-11,2,-11,2,-11,2,-11,1,-12,1,-12,1,-12,1,-12,0,-12,-1,-12,-1,-11,-1,-11,-1,-11,-2,-10,-2,-10,-2,-10,-2,-9,-3,-9,-2,-9,-3,-8,-3,-8,-3,-7,-4,-7,-4,-6,-4,-5,-5,0,0,0,0,0,0,0,0,0,0,0,0,0,0,13,-63,9,-60,7,-53,6,-55,0,-56,4,-51,-5,-42,-5,-41,-4,-37,-8,-36,-11,-33,-11,-32,-14,-27,-14,-23,-14,-24,-18,-16,-28,-13,-24,-12,-27,-8,-27,-5,-33,-3,-31,-2,-36,4,-34,10,-35,7,-37,10,-39,7,-45,12,-45,12,-50,15,-51,16,-58,18,-50,15,-56,22,-56,17,-61,18,-63,18,-61,17,-62,12,-63,14,-61,8,-60,4,-61,4,-62,2,-53,2,-60,3,-56,-4,-54,0,-54,-7,-48,-7,-46,-9,-54,-9,-45,-9,-40,-12,-37,-14,-35,-15,-33,-20,0,0,0,0,0,0,0,0,0,0,0,0,0,0,0,0,0,0,0,0,0,0,9,56,3,57,3,57,-3,59,-6,52,-8,56,-7,51,-10,51,-7,52,-7,47,-7,52,-8,45,-3,47,-7,48,-4,42,-2,43,0,43,0,41,1,39,8,40,8,37,10,37,10,38,15,34,15,32,20,34,19,29,23,36,26,31,33,32,32,29,40,29,42,25,46,25,44,26,43,25,47,21,48,23,53,20,56,21,59,21,61,15,66,17,67,14,64,14,73,5,73,10,72,12,72,9,74,12,70,10,76,9,80,11,74,9,76,7,75,9,75,9,0,0]"
CSI_DATA,241,1a:00:00:00:00:00,-45,11,1,0,1,1,1,0,0,0,1,-96,0,11,2,3511411,0,44,0,384,0,"[0,0,0,0,0,0,0,0,0,0,0,0,-10,-2,-9,-2,-9,-1,-8,-1,-8,-1,-7,0,-7,0,-6,1,-6,2,-6,1,-5,2,-4,3,-4,3,-3,3,-3,4,-3,5,-2,5,-2,5,-2,5,-1,6,-1,6,-1,6,0,7,0,8,0,9,1,9,0,0,0,9,0,10,1,11,1,11,-1,10,-1,11,-1,12,-1,11,-1,11,-2,11,-2,11,-3,10,-3,10,-3,9,-3,9,-3,9,-4,9,-3,8,-4,8,-4,8,-4,7,-4,6,-5,6,-5,5,-5,5,-5,4,0,0,0,0,0,0,0,0,0,0,0,0,0,0,-63,-23,-57,-24,-56,-21,-50,-14,-48,-13,-47,-10,-41,-9,-46,-11,-37,-3,-33,-3,-31,5,-32,10,-28,8,-26,9,-21,9,-24,17,-22,20,-16,20,-18,22,-11,26,-14,29,-5,27,-10,29,-8,30,-2,36,-3,38,1,42,-1,44,-3,48,5,50,4,47,7,56,-1,51,-1,63,4,55,-2,65,-2,61,0,61,-5,62,-8,58,-3,57,-15,61,-16,60,-14,59,-14,53,-12,54,-17,53,-16,51,-18,44,-18,43,-18,43,-20,42,-23,38,-25,32,-29,33,-25,28,-28,25,0,0,0,0,0,0,0,0,0,0,0,0,0,0,0,0,0,0,0,0,0,0,57,-3,60,3,53,10,54,9,48,13,50,16,48,11,51,16,47,15,47,16,43,15,45,12,47,10,48,8,39,12,41,11,47,5,44,7,41,2,35,1,37,-1,38,-1,35,-9,33,-10,38,-11,35,-20,34,-20,34,-18,34,-18,39,-28,35,-27,36,-32,35,-33,36,-39,37,-36,33,-45,30,-43,30,-46,30,-46,30,-52,31,-58,28,-56,29,-58,24,-59,24,-62,24,-64,26,-65,24,-66,21,-71,25,-75,30,-68,26,-72,29,-74,26,-68,28,-72,30,-75,28,-73,0,0]"
CSI_DATA,242,1a:00:00:00:00:00,-45,11,1,0,1,1,1,0,0,0,1,-96,0,11,2,3520582,0,44,0,384,0,"[0,0,0,0,0,0,0,0,0,0,0,0,-9,3,-8,3,-7,4,-7,3,-6,4,-5,3,-5,4,-4,4,-4,4,-3,4,-2,5,-1,4,-1,4,0,4,0,4,1,4,2,5,2,5,2,4,3,5,4,5,4,5,5,5,5,5,6,6,6,6,0,0,7,6,7,7,7,7,8,7,7,8,7,8,7,8,7,8,6,9,6,9,6,9,5,9,4,8,4,8,4,8,4,8,3,8,3,8,3,8,3,7,2,7,1,7,1,7,0,7,-1,6,-1,6,0,0,0,0,0,0,0,0,0,0,0,0,0,0,-62,12,-60,12,-55,20,-47,21,-52,19,-44,21,-42,18,-36,18,-37,16,-30,18,-23,20,-18,25,-17,19,-16,22,-13,25,-4,24,-4,25,0,25,-1,23,4,27,12,30,9,33,15,29,17,28,17,27,18,28,23,33,29,34,32,36,37,40,32,36,38,40,36,43,40,42,43,43,36,48,35,52,38,50,37,54,31,51,32,53,33,53,26,54,28,53,24,51,25,52,19,50,17,50,18,43,15,48,12,41,14,41,10,41,1,42,2,39,0,36,-5,35,0,0,0,0,0,0,0,0,0,0,0,0,0,0,0,0,0,0,0,0,0,0,47,-33,45,-26,51,-32,52,-22,50,-23,51,-17,51,-15,48,-13,51,-12,46,-9,43,-17,39,-16,48,-16,42,-15,42,-13,38,-16,36,-21,35,-18,31,-18,34,-20,33,-24,31,-23,30,-26,26,-31,21,-32,24,-32,21,-33,20,-39,15,-33,14,-40,13,-42,12,-46,12,-44,4,-50,8,-54,-1,-52,0,-54,-2,-59,-1,-57,-7,-60,-7,-59,-14,-65,-11,-66,-16,-71,-14,-70,-21,-61,-18,-68,-21,-68,-21,-72,-19,-72,-21,-74,-22,-73,-20,-74,-20,-73,-25,-74,-22,-76,-16,-72,0,0]"
CSI_DATA,243,1a:00:00:00:00:00,-45,11,1,0,1,1,1,0,0,0,1,-96,0,11,2,3530580,0,44,0,384,0,"[0,0,0,0,0,0,0,0,0,0,0,0,5,-9,4,-8,3,-8,3,-8,2,-7,2,-7,1,-7,1,-6,0,-6,-1,-6,-1,-6,-2,-5,-3,-5,-3,-5,-3,-5,-4,-4,-5,-4,-5,-4,-6,-3,-6,-3,-7,-3,-8,-3,-7,-3,-9,-2,-9,-3,-10,-3,0,0,-11,-3,-11,-3,-12,-3,-12,-3,-11,-4,-11,-4,-12,-4,-11,-5,-11,-5,-11,-5,-11,-5,-10,-6,-9,-6,-9,-6,-9,-6,-9,-6,-8,-6,-8,-6,-8,-6,-7,-6,-6,-7,-6,-6,-5,-6,-5,-6,-4,-7,-3,-7,0,0,0,0,0,0,0,0,0,0,0,0,0,0,46,-44,43,-40,35,-44,34,-44,31,-40,29,-36,23,-36,23,-35,15,-31,12,-35,8,-33,7,-32,1,-29,2,-24,-3,-28,-12,-28,-7,-24,-13,-23,-13,-22,-20,-19,-23,-20,-20,-23,-25,-18,-30,-14,-31,-17,-35,-15,-38,-14,-44,-13,-44,-12,-52,-15,-46,-10,-53,-17,-53,-11,-59,-17,-58,-19,-57,-21,-60,-23,-58,-22,-57,-29,-57,-25,-54,-29,-59,-30,-52,-30,-51,-30,-47,-29,-50,-29,-46,-32,-39,-34,-38,-30,-38,-31,-38,-33,-35,-34,-27,-31,-26,-32,-22,-36,-22,-32,-18,-30,0,0,0,0,0,0,0,0,0,0,0,0,0,0,0,0,0,0,0,0,0,0,-21,53,-28,48,-29,51,-33,44,-36,44,-35,42,-31,42,-31,34,-34,39,-34,36,-30,36,-31,36,-29,34,-28,35,-29,33,-26,35,-21,36,-23,34,-18,32,-16,32,-13,27,-14,36,-10,38,-8,37,-4,38,3,36,1,37,7,40,5,38,11,45,7,43,16,45,17,43,19,42,21,46,26,42,27,46,33,44,36,46,39,47,37,45,43,50,43,49,46,46,47,47,55,52,51,48,52,49,56,51,53,47,57,49,57,46,57,51,60,49,57,49,55,50,52,49,0,0]"
CSI_DATA,244,1a:00:00:00:00:00,-45,11,1,0,1,1,1,0,0,0,1,-96,0,11,2,3540565,0,44,0,384,0,"[0,0,0,0,0,0,0,0,0,0,0,0,1,8,2,8,3,7,3,7,3,5,3,5,3,4,3,4,3,3,3,2,3,2,4,1,4,1,4,0,5,0,5,-1,5,-2,4,-2,5,-3,5,-4,5,-3,6,-5,6,-4,6,-5,6,-6,6,-6,0,0,7,-7,8,-7,8,-8,8,-7,8,-7,9,-7,9,-7,9,-7,9,-7,9,-6,9,-5,9,-5,9,-5,9,-4,9,-4,9,-4,8,-4,8,-3,8,-3,8,-3,7,-2,7,-2,7,-1,6,-1,6,0,5,0,0,0,0,0,0,0,0,0,0,0,0,0,0,0,3,61,5,61,9,53,5,53,7,51,4,48,12,45,14,38,12,28,14,31,13,31,17,27,16,25,19,21,21,14,22,13,28,5,26,7,24,3,28,3,32,-1,29,-4,26,-9,32,-15,31,-15,37,-15,36,-24,40,-25,40,-25,41,-29,45,-24,44,-28,45,-29,46,-33,50,-33,53,-32,57,-33,54,-32,57,-29,53,-20,57,-23,58,-23,57,-19,50,-18,54,-18,51,-15,52,-12,52,-17,51,-11,46,-5,48,-5,45,-4,39,-3,43,1,37,3,36,4,33,8,0,0,0,0,0,0,0,0,0,0,0,0,0,0,0,0,0,0,0,0,0,0,-22,-54,-9,-55,-13,-56,-11,-56,-9,-59,-4,-57,-2,-51,0,-48,1,-54,-4,-47,-3,-50,-1,-49,-7,-44,0,-49,-3,-39,-1,-45,-10,-43,-5,-40,-7,-37,-15,-40,-17,-35,-15,-38,-16,-32,-25,-34,-28,-29,-27,-27,-27,-31,-28,-28,-32,-26,-33,-27,-35,-22,-45,-22,-42,-24,-44,-18,-46,-16,-48,-13,-55,-12,-56,-13,-54,-9,-63,-8,-62,-6,-61,-7,-68,-5,-71,-1,-65,-1,-72,-3,-73,-2,-71,4,-71,4,-76,7,-74,4,-78,4,-76,2,-74,4,-77,2,-74,7,-69,3,0,0]"
CSI_DATA,245,1a:00:00:00:00:00,-45,11,1,0,1,1,1,0,0,0,1,-96,0,11,2,3550567,0,44,0,384,0,"[0,0,0,0,0,0,0,0,0,0,0,0,-6,-8,-5,-7,-6,-7,-6,-6,-5,-6,-5,-5,-5,-4,-5,-3,-5,-3,-5,-2,-5,-2,-5,-1,-5,0,-5,0,-5,1,-6,2,-5,2,-5,2,-5,3,-5,4,-5,4,-5,5,-5,5,-6,6,-6,6,-6,7,0,0,-6,7,-7,8,-7,8,-7,8,-7,8,-8,8,-8,8,-8,7,-8,8,-9,7,-9,6,-9,6,-9,6,-9,5,-9,5,-8,4,-9,4,-8,4,-8,3,-8,3,-8,2,-8,2,-8,2,-7,1,-7,0,-6,0,0,0,0,0,0,0,0,0,0,0,0,0,0,0,-23,-61,-27,-55,-25,-53,-24,-50,-23,-49,-24,-41,-27,-35,-27,-33,-26,-29,-26,-23,-23,-24,-23,-16,-26,-15,-24,-14,-25,-8,-24,-2,-24,-3,-24,5,-26,1,-27,8,-26,13,-29,13,-26,19,-26,20,-28,24,-31,28,-34,25,-29,35,-29,37,-34,40,-32,37,-40,38,-35,42,-36,48,-41,43,-42,42,-49,42,-49,41,-53,40,-49,34,-49,35,-48,37,-50,33,-51,33,-52,28,-50,26,-47,24,-48,25,-44,16,-47,14,-48,15,-46,12,-40,10,-41,6,-40,5,-40,4,-38,-2,0,0,0,0,0,0,0,0,0,0,0,0,0,0,0,0,0,0,0,0,0,0,47,34,43,36,42,38,32,42,35,44,30,41,25,41,23,39,25,45,26,44,24,44,24,38,25,35,28,40,26,35,24,33,26,28,24,31,27,25,26,22,30,22,31,16,30,20,33,17,37,17,35,14,32,12,39,8,41,2,44,4,39,-2,47,1,45,-4,48,-3,51,-5,50,-6,46,-10,51,-14,51,-19,57,-22,56,-19,58,-26,60,-19,59,-30,57,-27,57,-31,62,-30,63,-29,64,-33,65,-36,66,-34,67,-35,69,-32,62,-34,68,-37,66,-32,67,-32,0,0]"
CSI_DATA,246,1a:00:00:00:00:00,-45,11,1,0,1,1,1,0,0,0,1,-96,0,11,2,3580566,0,44,0,384,0,"[0,0,0,0,0,0,0,0,0,0,0,0,8,-3,8,-4,7,-4,7,-4,6,-4,5,-4,4,-4,4,-4,3,-4,2,-4,2,-5,1,-5,0,-5,0,-5,0,-5,-2,-6,-2,-6,-2,-6,-3,-5,-4,-6,-4,-6,-5,-6,-5,-6,-6,-6,-6,-7,-7,-7,0,0,-7,-8,-8,-8,-8,-9,-8,-9,-7,-9,-7,-10,-7,-10,-7,-10,-7,-10,-7,-10,-6,-11,-5,-10,-5,-10,-5,-10,-4,-10,-4,-10,-4,-9,-4,-9,-3,-9,-3,-9,-2,-8,-2,-8,-1,-8,-1,-7,0,-7,0,-6,0,0,0,0,0,0,0,0,0,0,0,0,0,0,60,-17,56,-16,55,-21,49,-22,47,-22,39,-20,39,-21,36,-25,29,-20,29,-22,22,-22,17,-25,16,-25,13,-22,7,-26,2,-26,6,-27,2,-30,-6,-30,-11,-31,-13,-29,-15,-32,-19,-25,-21,-26,-18,-28,-24,-33,-30,-32,-34,-30,-31,-38,-39,-33,-38,-37,-40,-39,-43,-42,-45,-40,-46,-43,-43,-50,-43,-50,-42,-51,-38,-50,-41,-48,-37,-52,-35,-54,-32,-52,-32,-56,-29,-51,-31,-54,-23,-50,-22,-49,-18,-48,-22,-42,-18,-47,-15,-44,-13,-44,-5,-43,-7,-42,-4,-40,-2,-39,0,0,0,0,0,0,0,0,0,0,0,0,0,0,0,0,0,0,0,0,0,0,-45,36,-53,32,-53,27,-53,21,-53,23,-52,17,-50,16,-51,14,-52,18,-49,14,-48,16,-43,17,-45,17,-47,11,-41,16,-37,15,-41,20,-36,23,-37,18,-33,25,-30,22,-32,23,-25,25,-26,27,-24,31,-22,29,-22,35,-14,37,-14,40,-13,43,-10,44,-11,46,-9,45,-7,49,-8,52,2,52,2,52,3,56,2,55,5,61,13,63,15,65,15,66,16,66,15,66,20,61,19,70,24,67,21,67,25,73,25,74,29,72,25,76,20,72,24,79,24,72,17,74,0,0]"
CSI_DATA,247,1a:00:00:00:00:00,-45,11,1,0,1,1,1,0,0,0,1,-96,0,11,2,3590565,0,44,0,384,0,"[0,0,0,0,0,0,0,0,0,0,0,0,-6,8,-5,7,-4,7,-4,6,-3,6,-3,6,-2,5,-1,5,-1,5,0,5,0,5,1,4,2,4,2,3,2,3,4,3,5,3,4,2,5,2,5,1,6,1,6,1,6,1,8,1,8,1,8,1,0,0,10,1,10,1,10,1,10,1,10,1,11,2,11,2,10,3,11,3,10,3,10,4,9,4,9,4,9,4,9,4,8,4,8,4,8,4,7,4,7,4,6,5,5,4,5,4,4,5,4,5,3,5,0,0,0,0,0,0,0,0,0,0,0,0,0,0,-37,51,-34,46,-27,49,-26,44,-22,45,-20,41,-19,36,-16,39,-12,34,-6,36,0,32,1,27,3,27,3,27,8,26,8,22,15,22,17,20,18,16,23,16,30,15,24,12,28,6,32,6,36,2,39,4,36,2,39,0,41,0,52,4,49,0,56,-3,52,-1,61,3,58,3,63,4,60,3,60,5,60,10,60,8,58,7,56,16,56,14,55,14,55,13,51,14,52,16,45,16,44,17,45,17,43,17,41,17,39,19,30,20,29,26,33,22,25,26,0,0,0,0,0,0,0,0,0,0,0,0,0,0,0,0,0,0,0,0,0,0,24,-54,28,-53,29,-49,34,-47,32,-41,34,-42,30,-41,36,-39,29,-43,30,-39,33,-39,32,-31,30,-35,29,-35,25,-33,18,-35,21,-39,22,-36,12,-31,18,-30,11,-33,13,-32,11,-35,5,-35,2,-39,-2,-43,3,-39,-6,-44,-7,-40,-12,-41,-14,-43,-18,-43,-17,-43,-26,-40,-30,-44,-34,-46,-30,-40,-33,-43,-36,-44,-40,-41,-43,-44,-46,-38,-50,-45,-48,-42,-51,-43,-62,-38,-56,-39,-61,-37,-60,-41,-58,-42,-59,-45,-64,-43,-64,-45,-59,-42,-64,-45,-65,-45,-55,-40,0,0]"
CSI_DATA,248,1a:00:00:00:00:00,-45,11,1,0,1,1,1,0,0,0,1,-96,0,11,2,3610777,0,44,0,384,0,"[0,0,0,0,0,0,0,0,0,0,0,0,6,6,6,5,6,4,5,4,6,3,5,2,5,1,5,1,5,0,5,0,4,-1,4,-2,4,-2,4,-3,4,-3,3,-4,3,-4,3,-5,2,-5,2,-6,2,-7,2,-7,2,-7,1,-8,2,-9,2,-9,0,0,1,-10,2,-11,2,-11,2,-12,2,-11,3,-12,3,-12,3,-11,3,-11,4,-11,4,-11,5,-10,5,-10,4,-9,5,-9,5,-9,5,-9,4,-8,4,-7,4,-7,5,-7,5,-6,5,-6,5,-5,5,-4,5,-3,0,0,0,0,0,0,0,0,0,0,0,0,0,0,42,47,36,40,42,38,34,35,32,31,32,31,36,21,35,25,29,18,26,12,25,10,25,9,24,5,27,0,27,0,25,-4,27,-10,24,-13,19,-15,19,-14,19,-23,17,-24,12,-30,16,-30,16,-34,11,-34,10,-36,8,-43,14,-45,11,-47,11,-45,13,-51,13,-51,14,-59,14,-53,16,-61,19,-56,21,-60,24,-52,24,-56,22,-49,23,-53,24,-52,24,-53,27,-49,29,-44,28,-43,27,-43,24,-37,28,-39,28,-36,29,-31,25,-32,27,-30,27,-25,28,-21,31,-16,0,0,0,0,0,0,0,0,0,0,0,0,0,0,0,0,0,0,0,0,0,0,-35,-34,-42,-47,-25,-38,-40,-54,-27,-37,-31,-51,-28,-33,-21,-58,-28,-26,-31,-30,-28,-31,-34,-29,-43,-23,-41,-29,-11,-35,-8,-27,-38,-32,-11,-22,-17,-22,-42,-38,-19,-14,-23,-8,-35,-32,-39,-25,-40,-29,-40,8,-35,-6,-37,-20,-43,7,-35,-10,-35,-6,-38,-5,-56,13,-53,15,-39,7,-61,22,-58,21,-34,20,-63,29,-41,29,-36,33,-38,35,-44,39,-45,49,-60,28,-48,50,-64,24,-44,58,-54,51,-52,60,-55,33,-59,63,-56,34,-56,45,-58,49,-58,49,-50,45,0,0]"
CSI_DATA,249,1a:00:00:00:00:00,-46,11,1,0,1,1,1,0,0,0,1,-96,0,11,2,3620567,0,44,0,384,0,"[0,0,0,0,0,0,0,0,0,0,0,0,-6,-7,-7,-6,-7,-5,-6,-5,-6,-4,-6,-4,-6,-3,-6,-2,-6,-2,-5,-1,-5,-1,-5,0,-5,1,-5,1,-5,2,-5,3,-4,3,-4,3,-4,5,-4,5,-4,5,-4,6,-3,6,-3,7,-4,8,-3,8,0,0,-4,9,-5,9,-5,10,-4,9,-5,9,-5,10,-5,10,-6,10,-6,9,-7,9,-7,9,-7,8,-7,8,-7,8,-8,7,-7,7,-7,6,-7,6,-7,5,-7,5,-7,4,-7,4,-7,4,-6,3,-6,2,-6,2,0,0,0,0,0,0,0,0,0,0,0,0,0,0,-36,-55,-35,-50,-36,-46,-28,-43,-34,-42,-29,-35,-30,-31,-30,-31,-30,-24,-28,-24,-27,-16,-26,-12,-28,-9,-25,-3,-23,-6,-24,1,-27,4,-26,11,-26,12,-24,17,-26,19,-20,18,-19,21,-23,29,-18,31,-21,31,-19,33,-17,42,-21,45,-19,45,-21,47,-24,51,-22,46,-24,58,-21,54,-31,57,-29,53,-26,58,-33,58,-34,55,-36,54,-37,50,-37,51,-38,48,-36,44,-34,46,-38,37,-38,40,-38,36,-34,29,-37,35,-31,27,-37,29,-36,23,-35,19,-37,13,-35,10,0,0,0,0,0,0,0,0,0,0,0,0,0,0,0,0,0,0,0,0,0,0,40,43,38,43,34,46,32,49,30,53,26,45,25,44,26,44,24,52,27,45,17,46,19,43,24,42,23,37,23,36,21,34,25,30,22,29,23,26,24,25,24,24,32,22,30,19,33,17,31,19,37,12,38,15,38,7,35,6,42,3,40,1,50,1,44,-1,50,-8,50,-8,50,-15,54,-12,55,-17,54,-20,57,-21,56,-20,54,-27,63,-27,61,-30,62,-31,55,-36,59,-37,63,-38,60,-41,62,-45,68,-37,71,-48,68,-44,61,-40,65,-43,61,-46,59,-43,0,0]"
CSI_DATA,250,1a:00:00:00:00:00,-46,11,1,0,1,1,1,0,0,0,1,-96,0,11,2,3630991,0,44,0,384,0,"[0,0,0,0,0,0,0,0,0,0,0,0,6,-7,5,-7,4,-7,4,-7,3,-6,3,-6,2,-6,2,-6,1,-6,0,-5,-1,-5,-2,-5,-1,-5,-3,-5,-3,-5,-4,-5,-4,-4,-5,-4,-5,-4,-6,-4,-6,-3,-7,-3,-7,-3,-8,-3,-9,-3,-9,-3,0,0,-10,-4,-10,-4,-11,-4,-11,-4,-10,-5,-11,-5,-11,-5,-10,-5,-11,-5,-10,-6,-10,-6,-10,-7,-9,-6,-9,-6,-8,-7,-8,-6,-8,-6,-8,-6,-7,-7,-7,-6,-6,-7,-5,-7,-5,-6,-4,-6,-4,-6,-3,-6,0,0,0,0,0,0,0,0,0,0,0,0,0,0,60,-32,52,-33,44,-33,40,-28,38,-32,38,-31,31,-32,27,-31,27,-26,20,-29,14,-31,14,-25,8,-28,6,-25,-2,-26,-4,-26,-8,-25,-9,-22,-12,-26,-18,-23,-20,-27,-23,-22,-26,-23,-25,-21,-32,-18,-35,-20,-37,-20,-39,-18,-41,-18,-47,-24,-47,-19,-54,-26,-48,-26,-55,-21,-53,-23,-56,-34,-55,-34,-57,-30,-52,-34,-52,-35,-48,-33,-53,-37,-47,-37,-48,-37,-42,-40,-43,-38,-39,-40,-39,-35,-38,-38,-33,-37,-35,-38,-29,-37,-26,-35,-20,-37,-25,-37,-20,-37,-12,-34,0,0,0,0,0,0,0,0,0,0,0,0,0,0,0,0,0,0,0,0,0,0,-42,43,-49,37,-44,30,-52,29,-49,27,-43,28,-46,23,-50,24,-53,29,-43,26,-45,21,-37,20,-44,27,-42,26,-39,19,-40,28,-36,26,-33,23,-34,25,-28,25,-25,27,-25,31,-22,28,-18,33,-13,30,-13,37,-9,36,-5,39,-5,37,-7,41,0,42,2,45,2,47,4,46,6,47,8,54,12,51,16,49,18,51,23,52,25,54,30,53,27,62,29,57,32,61,41,63,38,60,36,61,39,59,39,60,42,68,43,65,42,70,41,59,41,69,39,63,36,61,0,0]"
CSI_DATA,251,1a:00:00:00:00:00,-46,11,1,0,1,1,1,0,0,0,1,-96,0,11,2,3642941,0,44,0,384,0,"[0,0,0,0,0,0,0,0,0,0,0,0,-9,-5,-8,-4,-8,-3,-8,-3,-7,-2,-7,-2,-6,-1,-6,0,-6,0,-5,0,-5,1,-4,2,-5,2,-4,3,-4,3,-3,4,-2,4,-3,4,-2,5,-2,6,-2,6,-1,7,-1,7,-1,8,-1,8,0,9,0,0,-1,10,-1,10,-1,11,-1,11,-1,11,-2,11,-1,11,-2,11,-2,11,-3,11,-3,10,-4,10,-3,10,-4,9,-4,9,-4,9,-4,9,-4,8,-4,8,-4,7,-5,7,-5,6,-5,6,-5,5,-5,5,-5,4,0,0,0,0,0,0,0,0,0,0,0,0,0,0,-52,-45,-45,-39,-50,-35,-44,-30,-40,-28,-39,-26,-39,-21,-35,-19,-32,-16,-35,-12,-28,-7,-26,-7,-33,1,-27,5,-28,4,-21,9,-25,10,-23,13,-22,16,-16,17,-18,25,-14,18,-13,28,-14,34,-12,34,-15,37,-8,38,-7,46,-7,46,-4,51,-9,53,-11,54,-11,51,-11,59,-10,55,-15,60,-17,62,-17,62,-22,63,-19,57,-19,53,-23,58,-25,58,-24,56,-24,58,-27,47,-32,49,-26,47,-28,42,-25,37,-31,33,-32,35,-31,32,-31,27,-32,27,-31,22,-32,19,0,0,0,0,0,0,0,0,0,0,0,0,0,0,0,0,0,0,0,0,0,0,55,19,54,26,51,23,52,32,46,30,42,35,42,32,36,31,44,33,35,29,37,34,35,32,39,27,38,23,36,27,28,23,35,19,30,22,36,17,38,16,34,14,38,10,33,6,41,4,37,1,37,-4,35,-4,39,-6,38,-12,45,-14,37,-14,44,-21,46,-18,41,-25,43,-25,44,-32,40,-29,43,-41,47,-37,42,-43,48,-45,37,-49,43,-51,42,-52,41,-52,45,-49,46,-52,43,-53,45,-60,44,-60,41,-62,39,-60,48,-63,49,-56,47,-61,41,-69,43,-60,0,0]"
CSI_DATA,252,1a:00:00:00:00:00,-45,11,1,0,1,1,1,0,0,0,1,-96,0,11,2,3660811,0,44,0,384,0,"[0,0,0,0,0,0,0,0,0,0,0,0,-8,5,-7,5,-6,5,-6,5,-5,5,-4,4,-3,5,-3,5,-2,4,-2,4,-1,4,0,4,0,4,1,4,1,4,2,4,3,4,3,3,4,3,4,3,5,3,5,3,6,3,7,3,7,3,8,3,0,0,9,4,9,4,9,4,10,4,9,5,10,5,10,5,9,5,9,5,8,6,8,6,8,6,7,6,7,6,7,6,6,6,6,6,6,6,5,6,5,5,4,6,4,6,3,6,3,6,2,6,1,5,0,0,0,0,0,0,0,0,0,0,0,0,0,0,-57,30,-56,26,-46,26,-45,26,-40,29,-38,27,-37,22,-29,26,-30,24,-17,26,-18,28,-17,25,-11,30,-7,22,-6,27,0,26,2,23,2,25,8,25,11,29,17,26,13,25,21,25,20,18,28,23,32,25,35,22,38,20,41,21,47,25,43,24,53,26,43,29,53,30,52,29,49,33,52,33,48,32,52,38,50,39,49,36,49,40,42,42,39,40,39,38,38,40,31,42,32,40,31,35,26,38,30,38,27,34,22,38,16,36,13,37,10,35,8,35,0,0,0,0,0,0,0,0,0,0,0,0,0,0,0,0,0,0,0,0,0,0,42,-40,47,-30,51,-30,54,-27,50,-25,47,-25,47,-21,49,-21,51,-20,44,-15,45,-20,40,-21,40,-19,44,-19,38,-17,34,-21,36,-21,34,-20,30,-20,33,-22,26,-24,28,-26,20,-31,19,-33,21,-34,16,-35,15,-34,13,-41,7,-40,8,-44,6,-41,6,-48,1,-46,-5,-49,-4,-51,-6,-52,-11,-52,-17,-54,-15,-52,-15,-57,-18,-56,-26,-59,-25,-63,-28,-64,-28,-61,-34,-57,-28,-59,-35,-63,-36,-64,-40,-72,-34,-69,-40,-66,-36,-72,-40,-59,-37,-73,-40,-65,-35,-71,0,0]"
CSI_DATA,253,1a:00:00:00:00:00,-45,11,1,0,1,1,1,0,0,0,1,-96,0,11,2,3670631,0,44,0,384,0,"[0,0,0,0,0,0,0,0,0,0,0,0,8,3,8,2,7,1,7,2,7,1,6,0,6,0,5,-1,5,-1,4,-2,4,-3,3,-3,3,-3,3,-4,3,-4,2,-5,1,-5,1,-6,0,-6,1,-7,0,-7,0,-8,0,-8,-1,-9,-1,-9,-1,-10,0,0,-1,-11,-1,-11,-1,-12,-1,-12,-1,-12,0,-12,0,-12,0,-12,1,-12,1,-12,1,-12,2,-12,2,-11,2,-11,2,-10,2,-10,2,-9,2,-9,3,-9,2,-9,3,-8,3,-7,3,-7,4,-7,4,-6,4,-5,0,0,0,0,0,0,0,0,0,0,0,0,0,0,46,41,46,42,45,33,45,29,41,23,34,26,39,20,34,14,38,17,28,8,30,3,28,1,32,-1,26,-5,25,-7,22,-12,27,-13,20,-15,18,-18,19,-19,20,-22,14,-25,10,-29,10,-37,11,-37,7,-38,3,-47,3,-47,11,-47,4,-54,1,-50,5,-57,6,-58,4,-63,6,-61,15,-64,10,-68,5,-66,14,-64,20,-59,14,-62,24,-58,21,-60,22,-60,19,-55,24,-52,24,-51,25,-55,23,-43,24,-41,20,-46,23,-40,23,-41,29,-36,29,-35,30,-27,28,-23,0,0,0,0,0,0,0,0,0,0,0,0,0,0,0,0,0,0,0,0,0,0,-56,-30,-49,-33,-49,-37,-44,-43,-43,-42,-37,-39,-39,-37,-36,-39,-37,-40,-36,-36,-30,-39,-31,-37,-36,-35,-31,-34,-35,-32,-30,-29,-34,-24,-33,-26,-34,-21,-39,-23,-35,-22,-42,-21,-34,-15,-38,-12,-41,-9,-39,-2,-38,-4,-40,-3,-41,6,-44,12,-40,11,-47,15,-47,15,-49,18,-51,22,-47,27,-48,27,-44,30,-44,30,-50,38,-52,40,-46,45,-50,44,-51,45,-42,47,-41,53,-47,54,-47,54,-49,61,-47,60,-53,58,-50,60,-53,57,-45,55,-52,63,-43,60,-46,59,0,0]"
CSI_DATA,254,1a:00:00:00:00:00,-46,11,1,0,1,1,1,0,0,0,1,-96,0,11,2,3680735,0,44,0,384,0,"[0,0,0,0,0,0,0,0,0,0,0,0,8,-4,7,-4,7,-4,7,-4,6,-4,5,-5,4,-5,3,-5,3,-5,2,-4,2,-5,0,-5,0,-5,0,-5,-1,-6,-2,-6,-2,-6,-3,-6,-4,-5,-4,-6,-5,-6,-5,-6,-6,-6,-6,-7,-7,-7,-8,-7,0,0,-9,-8,-8,-8,-9,-9,-9,-8,-8,-9,-9,-9,-8,-10,-8,-9,-8,-10,-8,-10,-7,-10,-6,-10,-5,-10,-6,-10,-5,-10,-5,-10,-5,-9,-5,-9,-4,-9,-4,-8,-3,-9,-3,-8,-2,-8,-1,-8,-1,-8,0,-7,0,0,0,0,0,0,0,0,0,0,0,0,0,0,64,-9,60,-7,53,-7,49,-13,47,-13,40,-11,43,-10,40,-17,34,-14,31,-14,30,-21,19,-19,24,-20,19,-17,16,-25,7,-28,5,-25,7,-26,1,-26,0,-24,-5,-30,-8,-30,-15,-29,-15,-33,-18,-33,-18,-34,-24,-37,-26,-39,-26,-37,-32,-40,-29,-42,-32,-46,-35,-50,-37,-50,-34,-49,-28,-53,-33,-56,-31,-54,-26,-56,-27,-58,-26,-55,-24,-55,-18,-55,-19,-61,-18,-58,-21,-54,-16,-53,-11,-56,-11,-49,-12,-46,-10,-48,-7,-44,-2,-44,-1,-41,8,-40,5,-36,9,-35,0,0,0,0,0,0,0,0,0,0,0,0,0,0,0,0,0,0,0,0,0,0,-52,24,-55,22,-56,12,-62,10,-56,9,-53,8,-50,1,-52,3,-52,4,-46,3,-49,7,-46,6,-48,3,-48,3,-45,4,-40,7,-40,9,-37,9,-34,11,-37,8,-38,11,-32,16,-29,23,-30,20,-34,20,-26,31,-24,30,-23,29,-24,28,-22,35,-15,37,-20,39,-17,44,-17,41,-18,48,-10,48,-10,51,-5,53,-6,55,-5,58,-3,61,3,60,1,62,3,68,4,65,8,63,8,69,9,70,13,69,8,73,9,72,12,72,6,77,6,69,9,78,9,75,7,76,0,0]"
CSI_DATA,255,1a:00:00:00:00:00,-45,11,1,0,1,1,1,0,0,0,1,-96,0,11,2,3690613,0,44,0,384,0,"[0,0,0,0,0,0,0,0,0,0,0,0,7,-7,5,-6,4,-7,4,-6,4,-6,3,-6,2,-6,1,-6,1,-6,0,-5,0,-6,-1,-5,-2,-5,-3,-5,-3,-5,-4,-5,-4,-4,-5,-4,-5,-4,-6,-4,-6,-3,-7,-3,-7,-3,-8,-3,-9,-3,-9,-3,0,0,-10,-3,-11,-4,-10,-4,-11,-4,-11,-4,-11,-5,-12,-5,-11,-5,-11,-5,-11,-5,-10,-6,-9,-6,-9,-6,-9,-6,-9,-7,-8,-7,-8,-6,-8,-6,-7,-6,-7,-6,-7,-6,-6,-6,-5,-6,-5,-6,-4,-6,-3,-6,0,0,0,0,0,0,0,0,0,0,0,0,0,0,48,-38,51,-35,39,-36,36,-39,34,-38,34,-30,28,-31,26,-34,17,-28,15,-32,10,-29,8,-29,7,-29,2,-23,1,-28,-4,-25,-5,-21,-16,-23,-15,-23,-19,-20,-25,-25,-22,-20,-28,-19,-25,-17,-30,-20,-36,-18,-38,-15,-46,-16,-48,-13,-52,-13,-50,-13,-56,-18,-51,-21,-57,-18,-54,-21,-58,-25,-56,-20,-54,-24,-60,-31,-56,-29,-55,-25,-58,-29,-53,-32,-52,-35,-49,-32,-48,-30,-43,-32,-40,-32,-40,-34,-40,-32,-39,-30,-35,-28,-32,-32,-31,-29,-24,-35,-22,-33,-16,-33,0,0,0,0,0,0,0,0,0,0,0,0,0,0,0,0,0,0,0,0,0,0,-43,42,-47,34,-50,32,-50,32,-54,30,-50,22,-50,24,-44,20,-44,21,-50,16,-48,19,-41,21,-45,19,-42,24,-38,20,-37,21,-39,25,-31,19,-28,22,-23,21,-22,27,-23,21,-24,31,-14,31,-19,32,-16,34,-12,34,-10,40,-11,37,-1,42,0,41,0,43,6,40,9,46,13,49,13,51,15,46,20,56,23,51,25,52,25,53,28,55,34,58,34,55,36,56,35,60,39,59,43,59,40,58,42,60,44,59,46,59,47,59,42,55,47,60,44,61,45,59,0,0]"
CSI_DATA,256,1a:00:00:00:00:00,-45,11,1,0,1,1,1,0,0,0,1,-96,0,11,2,3710589,0,44,0,384,0,"[0,0,0,0,0,0,0,0,0,0,0,0,-7,-7,-7,-6,-7,-6,-6,-5,-6,-4,-6,-3,-6,-3,-6,-2,-6,-2,-5,-1,-5,-1,-6,0,-5,0,-5,1,-5,2,-5,3,-4,3,-4,3,-4,4,-4,5,-4,6,-4,6,-4,6,-4,7,-4,8,-4,8,0,0,-4,9,-5,10,-5,9,-5,10,-6,10,-5,10,-6,10,-6,10,-6,9,-7,9,-7,8,-7,8,-7,8,-7,8,-7,7,-7,6,-7,7,-7,6,-7,6,-6,5,-6,5,-7,4,-7,4,-7,3,-7,2,-6,1,0,0,0,0,0,0,0,0,0,0,0,0,0,0,-35,-52,-35,-48,-38,-44,-35,-38,-33,-39,-29,-37,-32,-31,-34,-27,-32,-23,-25,-19,-32,-14,-27,-9,-27,-10,-31,-3,-27,-2,-27,2,-25,8,-28,11,-26,11,-27,13,-23,19,-25,20,-22,25,-21,30,-23,34,-24,32,-22,37,-20,43,-25,45,-22,50,-23,50,-24,50,-22,50,-27,52,-24,55,-31,53,-33,56,-29,59,-37,56,-36,49,-39,48,-44,46,-43,48,-38,48,-39,38,-41,43,-40,34,-41,36,-38,29,-38,31,-41,26,-38,27,-38,25,-40,19,-40,19,-35,11,-34,8,0,0,0,0,0,0,0,0,0,0,0,0,0,0,0,0,0,0,0,0,0,0,50,37,42,39,42,43,33,43,39,43,32,45,31,46,28,45,32,44,31,40,23,44,26,36,29,38,28,36,23,32,25,34,29,31,28,33,27,27,30,27,31,23,33,19,28,18,35,16,33,14,38,7,36,3,37,5,38,3,42,0,44,-4,42,-3,45,-8,46,-9,51,-12,52,-17,50,-13,53,-20,54,-24,56,-26,49,-30,54,-36,59,-33,58,-39,52,-38,55,-42,58,-44,57,-46,58,-42,59,-46,59,-43,57,-48,60,-44,63,-45,63,-49,58,-46,61,-47,0,0]"
CSI_DATA,257,1a:00:00:00:00:00,-46,11,1,0,1,1,1,0,0,0,1,-96,0,11,2,3721006,0,44,0,384,0,"[0,0,0,0,0,0,0,0,0,0,0,0,5,-8,4,-8,3,-7,3,-7,2,-7,2,-6,1,-6,0,-6,-1,-6,-1,-5,-1,-6,-2,-5,-2,-5,-3,-4,-3,-4,-5,-5,-5,-4,-5,-4,-5,-3,-6,-2,-7,-3,-8,-2,-8,-3,-9,-2,-9,-3,-10,-2,0,0,-11,-2,-11,-3,-12,-2,-12,-3,-11,-3,-11,-3,-12,-3,-11,-3,-12,-3,-11,-4,-11,-5,-10,-5,-9,-5,-9,-5,-10,-6,-9,-5,-9,-5,-9,-5,-8,-5,-7,-5,-7,-5,-6,-6,-6,-6,-5,-6,-5,-6,-4,-6,0,0,0,0,0,0,0,0,0,0,0,0,0,0,38,-49,37,-48,32,-45,29,-44,24,-43,19,-42,15,-37,13,-38,13,-30,6,-33,6,-34,3,-26,3,-26,-6,-27,-10,-28,-12,-25,-17,-22,-18,-19,-20,-17,-26,-18,-29,-19,-24,-12,-35,-9,-33,-9,-34,-8,-37,-5,-40,-10,-43,-4,-48,0,-50,-4,-53,-5,-58,-2,-54,-4,-62,-3,-59,-1,-63,-10,-65,-10,-61,-9,-62,-14,-61,-12,-58,-16,-64,-19,-58,-19,-58,-16,-52,-19,-58,-17,-53,-24,-47,-20,-47,-20,-45,-19,-43,-21,-43,-24,-37,-21,-32,-28,-32,-25,-29,-29,-24,-26,0,0,0,0,0,0,0,0,0,0,0,0,0,0,0,0,0,0,0,0,0,0,-26,52,-36,50,-31,45,-40,44,-40,38,-44,38,-41,34,-41,37,-41,34,-39,33,-36,32,-36,33,-34,32,-35,30,-32,26,-28,29,-24,37,-25,29,-19,33,-23,28,-19,28,-17,34,-9,36,-10,34,-5,34,-3,38,-2,33,3,42,-1,35,8,37,7,37,12,42,15,41,21,41,24,44,27,42,26,43,31,42,34,41,39,42,40,42,47,43,45,44,50,42,48,45,52,47,54,45,58,45,56,44,59,42,58,41,62,45,59,48,49,42,63,49,55,44,58,43,0,0]"
CSI_DATA,258,1a:00:00:00:00:00,-46,11,1,0,1,1,1,0,0,0,1,-96,0,11,2,3740585,0,44,0,384,0,"[0,0,0,0,0,0,0,0,0,0,0,0,7,-5,7,-6,6,-5,6,-6,5,-5,4,-5,3,-5,2,-5,1,-5,2,-5,1,-6,0,-6,-1,-6,-1,-6,-2,-5,-3,-6,-3,-6,-4,-5,-4,-5,-5,-5,-5,-5,-6,-6,-6,-6,-7,-6,-8,-6,-8,-6,0,0,-9,-6,-9,-7,-10,-7,-10,-7,-9,-8,-10,-8,-9,-9,-9,-8,-9,-9,-9,-9,-9,-10,-7,-10,-7,-9,-7,-9,-7,-9,-6,-9,-6,-9,-6,-9,-6,-8,-4,-8,-4,-8,-3,-8,-3,-8,-3,-8,-2,-7,-1,-7,0,0,0,0,0,0,0,0,0,0,0,0,0,0,66,-13,63,-16,55,-12,48,-17,46,-19,45,-19,41,-16,35,-15,29,-21,28,-17,21,-20,23,-18,15,-25,17,-25,12,-24,8,-23,3,-30,-1,-27,0,-30,-7,-26,-9,-34,-10,-34,-14,-28,-17,-29,-25,-29,-25,-37,-28,-35,-31,-35,-31,-36,-38,-35,-36,-37,-37,-40,-37,-43,-41,-44,-41,-44,-41,-46,-38,-51,-39,-50,-33,-58,-37,-53,-32,-56,-31,-55,-32,-55,-30,-56,-25,-53,-25,-51,-24,-49,-22,-53,-15,-45,-14,-45,-14,-43,-15,-47,-11,-45,-5,-43,-5,-42,-1,-40,0,-40,0,0,0,0,0,0,0,0,0,0,0,0,0,0,0,0,0,0,0,0,0,0,-58,28,-55,20,-59,16,-58,15,-57,11,-55,10,-53,7,-52,6,-55,8,-55,6,-53,5,-42,5,-47,9,-47,10,-40,5,-45,11,-38,11,-36,11,-36,11,-34,14,-36,18,-36,20,-29,22,-29,21,-28,23,-25,29,-25,27,-24,34,-19,31,-20,37,-14,37,-16,42,-10,41,-15,44,-14,48,-5,54,-6,55,-2,50,1,57,4,60,1,60,10,67,8,65,6,69,10,61,18,65,11,68,15,71,17,73,13,76,16,76,21,73,13,75,15,68,18,79,19,78,15,74,0,0]"
CSI_DATA,259,1a:00:00:00:00:00,-46,11,1,0,1,1,1,0,0,0,1,-96,0,11,2,3753048,0,44,0,384,0,"[0,0,0,0,0,0,0,0,0,0,0,0,4,-9,3,-9,2,-8,2,-7,1,-7,1,-6,0,-7,0,-6,-1,-6,-1,-5,-2,-5,-3,-5,-3,-4,-4,-4,-4,-4,-5,-4,-5,-3,-5,-3,-6,-2,-6,-2,-7,-2,-7,-1,-8,-2,-9,-1,-9,-1,-10,-1,0,0,-11,-1,-11,-1,-11,-1,-12,-1,-12,-2,-12,-2,-12,-2,-11,-2,-12,-3,-12,-3,-11,-4,-11,-4,-10,-4,-10,-4,-10,-5,-10,-5,-9,-4,-9,-4,-8,-4,-8,-5,-7,-5,-7,-5,-6,-5,-6,-5,-5,-5,-4,-6,0,0,0,0,0,0,0,0,0,0,0,0,0,0,30,-53,30,-47,28,-50,28,-51,25,-48,22,-43,12,-38,12,-37,5,-36,12,-32,4,-36,5,-35,-3,-27,-4,-28,-10,-25,-15,-24,-20,-22,-15,-20,-22,-17,-24,-19,-30,-15,-27,-17,-33,-11,-30,-8,-35,-11,-40,-9,-43,-4,-45,1,-51,-4,-55,-4,-52,-5,-63,-2,-58,-5,-56,-4,-62,-2,-63,-9,-67,-13,-64,-12,-62,-17,-62,-13,-62,-13,-65,-13,-61,-20,-60,-17,-59,-19,-54,-20,-56,-22,-52,-26,-46,-20,-45,-25,-45,-25,-43,-24,-36,-23,-34,-26,-33,-27,-33,-26,-21,-25,0,0,0,0,0,0,0,0,0,0,0,0,0,0,0,0,0,0,0,0,0,0,-22,61,-29,54,-32,50,-34,47,-35,48,-37,43,-38,44,-38,38,-39,41,-32,37,-34,40,-30,39,-28,41,-28,36,-31,35,-23,36,-24,38,-23,33,-20,31,-15,35,-18,31,-16,37,-8,36,-6,31,-1,32,0,39,2,38,5,42,11,40,14,38,15,36,18,38,15,44,21,43,24,40,27,42,31,44,37,38,38,37,47,42,40,41,50,40,48,44,52,40,50,39,57,38,51,39,60,44,57,40,59,42,64,41,65,41,64,42,63,43,64,42,58,44,66,42,0,0]"
CSI_DATA,260,1a:00:00:00:00:00,-46,11,1,0,1,1,1,0,0,0,1,-96,0,11,2,3780556,0,44,0,384,0,"[0,0,0,0,0,0,0,0,0,0,0,0,-10,-3,-9,-2,-9,-2,-8,-1,-8,-1,-7,-1,-7,0,-6,1,-5,1,-5,1,-5,2,-5,3,-4,3,-3,4,-3,4,-2,5,-2,5,-1,5,-1,6,0,6,-1,7,0,7,0,7,0,8,0,9,1,9,0,0,2,10,1,10,1,11,2,11,1,11,1,11,0,12,0,11,0,12,-1,11,-2,11,-2,11,-2,10,-2,10,-2,10,-2,10,-2,10,-2,9,-2,8,-2,8,-3,7,-3,7,-4,6,-4,6,-4,5,-4,4,0,0,0,0,0,0,0,0,0,0,0,0,0,0,-58,-26,-56,-23,-52,-18,-49,-15,-45,-9,-38,-16,-44,-11,-40,-10,-34,-5,-32,-1,-34,5,-29,8,-28,9,-28,10,-21,16,-23,16,-19,18,-20,19,-14,23,-9,28,-8,34,-4,28,-7,34,1,34,-1,37,4,41,5,38,6,47,6,52,7,48,7,48,10,56,12,54,12,61,8,63,10,64,9,66,9,63,6,69,5,61,4,60,-4,63,-2,64,-2,62,-4,54,-4,52,-6,57,-7,54,-5,51,-6,45,-12,44,-10,43,-14,42,-19,42,-19,34,-21,30,-24,29,0,0,0,0,0,0,0,0,0,0,0,0,0,0,0,0,0,0,0,0,0,0,57,18,58,22,56,25,52,30,48,29,48,30,43,31,45,29,45,30,41,32,39,32,40,26,40,25,41,24,36,23,35,19,38,16,34,16,38,14,34,12,38,11,39,2,34,7,36,7,37,-4,32,-8,31,-5,36,-9,39,-11,37,-19,36,-21,37,-22,43,-28,37,-32,37,-30,34,-36,36,-37,36,-42,33,-39,34,-50,35,-47,34,-52,33,-55,27,-59,30,-57,33,-66,29,-63,29,-61,23,-65,32,-66,28,-71,28,-70,33,-70,29,-70,31,-74,30,-73,32,-69,0,0]"
CSI_DATA,261,1a:00:00:00:00:00,-46,11,1,0,1,1,1,0,0,0,1,-96,0,11,2,3800585,0,44,0,384,0,"[0,0,0,0,0,0,0,0,0,0,0,0,-9,-3,-9,-2,-9,-1,-8,-1,-8,-1,-7,0,-6,0,-6,1,-6,1,-5,2,-5,2,-4,3,-4,3,-4,4,-4,4,-3,5,-2,5,-2,5,-2,5,-1,6,-1,6,0,7,0,8,0,8,0,9,0,9,0,0,0,10,0,11,0,11,0,11,0,12,-1,12,-1,12,-1,12,-2,12,-2,11,-2,11,-3,10,-3,10,-3,10,-4,9,-4,9,-3,9,-4,8,-4,8,-4,7,-4,7,-5,6,-5,6,-5,5,-5,5,-5,4,0,0,0,0,0,0,0,0,0,0,0,0,0,0,-56,-34,-52,-31,-52,-24,-47,-22,-45,-19,-38,-17,-39,-16,-39,-10,-39,-6,-29,0,-30,-2,-32,5,-28,7,-27,9,-22,12,-19,15,-27,19,-19,17,-18,20,-14,19,-9,25,-9,29,-8,31,-10,32,-3,36,-6,40,-4,40,0,43,-3,46,0,49,-1,50,-2,57,-3,56,-2,58,-3,61,-6,63,-6,61,-4,64,-7,60,-12,57,-9,60,-12,58,-15,61,-17,56,-17,58,-18,55,-18,52,-21,52,-19,46,-19,41,-22,40,-22,37,-22,40,-23,31,-26,33,-27,29,-28,22,0,0,0,0,0,0,0,0,0,0,0,0,0,0,0,0,0,0,0,0,0,0,56,16,54,23,54,26,48,30,49,28,43,32,44,29,40,32,37,37,42,29,38,28,44,25,43,25,37,27,35,26,33,27,33,16,37,19,36,17,36,14,35,16,35,11,28,1,35,1,37,-5,31,-7,38,-7,38,-10,40,-11,40,-20,32,-20,41,-18,38,-24,33,-27,37,-27,35,-35,36,-33,40,-35,33,-38,38,-49,34,-50,32,-49,36,-50,38,-58,32,-54,35,-53,34,-57,31,-63,33,-60,33,-61,35,-61,30,-66,40,-69,32,-59,35,-65,31,-64,33,-62,0,0]"
CSI_DATA,262,1a:00:00:00:00:00,-46,11,1,0,1,1,1,0,0,0,1,-96,0,11,2,3812051,0,44,0,384,0,"[0,0,0,0,0,0,0,0,0,0,0,0,3,8,3,7,3,7,3,6,3,6,3,5,3,4,3,3,4,3,4,2,4,2,4,1,5,0,5,0,5,-1,5,-2,5,-2,5,-2,5,-4,5,-4,5,-4,6,-5,6,-5,6,-6,6,-6,7,-6,0,0,8,-7,8,-8,9,-8,8,-7,9,-8,9,-8,9,-7,9,-7,10,-6,9,-6,10,-5,10,-5,10,-5,9,-5,9,-4,9,-4,9,-4,8,-3,8,-2,8,-2,7,-2,7,-1,7,-1,7,-1,6,0,6,0,0,0,0,0,0,0,0,0,0,0,0,0,0,0,6,62,9,56,7,54,7,47,6,48,7,46,16,42,12,35,15,36,16,32,19,26,18,22,19,24,21,15,20,17,22,11,27,9,26,2,29,0,32,1,26,-3,33,-7,30,-16,29,-15,33,-17,38,-19,37,-22,37,-27,42,-28,38,-32,44,-27,48,-29,49,-32,50,-33,51,-32,53,-34,55,-28,59,-29,60,-27,62,-28,58,-24,59,-20,55,-16,59,-22,55,-15,59,-13,54,-10,52,-12,48,-9,48,-5,48,-3,42,-2,44,1,40,0,39,4,37,8,31,15,0,0,0,0,0,0,0,0,0,0,0,0,0,0,0,0,0,0,0,0,0,0,-29,-57,-21,-59,-17,-56,-17,-59,-10,-58,-8,-56,-7,-52,-4,-57,-7,-55,-4,-52,-2,-53,-8,-48,-9,-51,-8,-49,-8,-43,-5,-41,-12,-40,-8,-39,-9,-37,-15,-35,-13,-31,-17,-34,-16,-33,-23,-30,-24,-28,-28,-23,-28,-29,-31,-24,-34,-18,-39,-20,-36,-17,-44,-22,-42,-16,-43,-11,-50,-13,-48,-7,-51,-10,-52,-3,-51,-5,-63,1,-62,0,-63,4,-67,1,-67,1,-67,4,-75,8,-71,6,-68,7,-73,14,-77,10,-73,15,-76,13,-78,8,-74,5,-75,16,-69,12,-69,12,0,0]"
CSI_DATA,263,1a:00:00:00:00:00,-46,11,1,0,1,1,1,0,0,0,1,-96,0,11,2,3820564,0,44,0,384,0,"[0,0,0,0,0,0,0,0,0,0,0,0,-6,7,-5,7,-3,6,-4,6,-3,5,-3,6,-2,5,-1,5,-1,5,0,4,0,5,1,4,1,4,2,3,3,3,3,3,4,3,4,3,5,2,5,2,6,2,6,2,6,2,7,2,8,2,9,2,0,0,9,2,10,2,10,2,10,3,11,3,11,3,10,4,10,4,10,4,9,4,10,5,9,5,8,5,8,5,7,5,7,6,7,5,7,5,6,5,6,5,5,6,5,5,4,5,4,5,3,5,2,5,0,0,0,0,0,0,0,0,0,0,0,0,0,0,-49,38,-45,31,-41,37,-39,34,-34,36,-28,29,-27,26,-26,28,-21,26,-18,27,-12,27,-8,29,-1,27,-2,20,-2,26,7,26,5,27,9,24,16,22,16,24,21,25,21,21,25,18,29,13,28,15,37,20,34,18,40,19,38,16,50,19,49,15,56,20,51,19,54,23,55,24,58,31,56,24,59,28,53,30,59,29,49,36,47,33,47,33,50,35,43,38,42,34,41,36,40,34,38,32,34,33,32,33,30,34,26,34,22,35,16,37,16,33,11,35,0,0,0,0,0,0,0,0,0,0,0,0,0,0,0,0,0,0,0,0,0,0,45,-43,47,-38,48,-33,48,-30,47,-29,49,-25,46,-26,44,-24,44,-27,45,-19,43,-21,43,-20,41,-21,42,-22,39,-24,40,-19,38,-29,33,-24,29,-22,26,-23,24,-27,19,-25,23,-31,18,-29,17,-31,10,-33,10,-32,5,-37,6,-35,1,-40,1,-38,1,-42,-8,-47,-13,-44,-10,-45,-13,-50,-14,-47,-18,-48,-18,-48,-25,-53,-26,-52,-31,-55,-30,-57,-33,-55,-36,-54,-41,-61,-39,-61,-40,-51,-40,-57,-42,-55,-41,-59,-44,-62,-43,-56,-46,-56,-44,-61,-45,-58,-38,-57,0,0]"
CSI_DATA,264,1a:00:00:00:00:00,-45,11,1,0,1,1,1,0,0,0,1,-96,0,11,2,3840573,0,44,0,384,0,"[0,0,0,0,0,0,0,0,0,0,0,0,0,9,0,8,1,7,1,7,1,6,2,6,2,5,2,5,2,4,3,3,3,3,4,2,4,2,4,1,4,1,5,0,5,0,5,0,6,-2,6,-2,7,-2,7,-3,6,-3,7,-4,8,-4,8,-4,0,0,9,-4,10,-5,10,-5,10,-5,10,-4,11,-4,11,-4,11,-4,11,-3,11,-2,10,-3,10,-2,10,-2,9,-2,10,-1,10,-1,9,-1,9,-1,8,0,8,0,8,1,7,1,7,1,6,1,6,2,5,2,0,0,0,0,0,0,0,0,0,0,0,0,0,0,-12,59,-8,55,-4,55,-6,53,-5,45,-4,43,3,43,5,40,6,31,9,38,12,31,12,31,18,25,17,20,22,20,26,17,24,10,22,9,31,13,26,6,33,0,33,1,35,-5,37,-9,34,-9,37,-10,38,-11,43,-18,47,-14,49,-15,48,-17,56,-18,54,-12,58,-20,61,-19,60,-15,63,-17,63,-14,64,-16,62,-8,62,-11,63,-5,58,-5,55,-6,58,-3,58,-1,56,2,53,1,51,4,45,4,45,8,44,9,41,9,38,10,37,12,32,20,31,19,0,0,0,0,0,0,0,0,0,0,0,0,0,0,0,0,0,0,0,0,0,0,-9,-60,0,-57,0,-62,9,-61,12,-58,8,-59,9,-54,13,-53,13,-54,13,-47,13,-52,11,-48,6,-47,5,-44,10,-45,9,-44,3,-43,3,-40,1,-38,0,-37,-2,-35,-5,-30,-6,-39,-10,-30,-15,-33,-15,-28,-18,-35,-17,-34,-25,-29,-31,-30,-30,-27,-32,-28,-34,-24,-36,-24,-42,-28,-44,-27,-41,-20,-49,-22,-50,-18,-55,-15,-54,-18,-64,-19,-64,-18,-66,-12,-62,-11,-60,-14,-68,-11,-73,-12,-74,-7,-72,-11,-73,-8,-76,-7,-76,-13,-77,-8,-72,-14,-72,-7,-74,-6,0,0]"
CSI_DATA,265,1a:00:00:00:00:00,-46,11,1,0,1,1,1,0,0,0,1,-96,0,11,2,3850713,0,44,0,384,0,"[0,0,0,0,0,0,0,0,0,0,0,0,-2,8,-2,8,-1,7,-1,7,0,6,0,6,1,6,1,5,2,5,2,4,2,4,3,4,3,3,4,2,4,2,5,2,5,1,5,1,5,0,6,0,6,-1,7,-1,7,-1,8,-2,8,-2,9,-2,0,0,9,-2,10,-2,11,-2,11,-2,11,-2,11,-1,11,-1,11,-1,11,0,11,0,11,0,10,1,10,1,10,1,9,2,10,2,9,2,8,2,8,2,7,2,7,2,7,3,6,3,6,3,5,4,4,4,0,0,0,0,0,0,0,0,0,0,0,0,0,0,-33,53,-30,49,-26,45,-27,43,-11,49,-12,41,-9,36,-12,40,-3,35,-4,31,-5,36,2,27,6,32,8,26,12,24,13,20,19,18,19,16,19,16,28,12,29,12,31,10,31,8,36,7,33,9,40,0,42,2,46,-2,44,0,52,-2,51,-2,57,-2,58,0,56,-5,64,-4,64,2,66,2,63,2,62,7,63,8,66,7,66,7,61,13,61,12,55,7,56,12,53,15,53,14,46,17,47,17,44,17,40,17,41,18,35,20,33,22,30,25,23,26,0,0,0,0,0,0,0,0,0,0,0,0,0,0,0,0,0,0,0,0,0,0,26,-57,28,-49,32,-50,30,-46,35,-48,38,-43,39,-39,35,-40,35,-37,35,-39,36,-36,33,-35,29,-38,32,-35,27,-33,26,-33,20,-33,22,-32,12,-32,22,-30,16,-30,10,-33,8,-34,4,-31,3,-35,-3,-38,-1,-34,-7,-38,-5,-35,-12,-38,-15,-35,-18,-39,-21,-43,-28,-41,-26,-42,-30,-40,-32,-39,-38,-38,-37,-37,-43,-38,-43,-37,-47,-40,-49,-38,-60,-39,-49,-36,-56,-40,-55,-38,-62,-33,-65,-39,-62,-40,-61,-36,-63,-37,-64,-39,-70,-39,-65,-36,-58,-34,-60,-36,0,0]"
CSI_DATA,266,1a:00:00:00:00:00,-46,11,1,0,1,1,1,0,0,0,1,-96,0,11,2,3860872,0,44,0,384,0,"[0,0,0,0,0,0,0,0,0,0,0,0,-8,5,-7,5,-6,5,-6,5,-5,5,-4,5,-4,5,-3,5,-3,5,-2,5,-1,5,0,5,0,5,1,5,1,5,2,5,3,4,3,5,4,4,4,4,5,4,5,4,6,5,7,4,7,5,8,5,0,0,8,5,9,6,9,6,9,6,9,7,9,7,9,7,8,7,9,8,8,8,8,8,7,8,6,8,6,8,5,8,5,8,5,8,5,7,4,8,4,7,3,7,3,7,2,7,1,6,1,7,0,6,0,0,0,0,0,0,0,0,0,0,0,0,0,0,-53,22,-50,27,-50,27,-44,28,-40,26,-34,25,-37,23,-30,25,-23,23,-22,27,-17,26,-15,24,-14,29,-10,26,-5,29,3,25,2,23,2,28,7,23,11,23,18,27,14,26,19,23,26,23,26,25,24,28,33,30,37,25,36,30,44,32,42,30,47,35,45,32,47,37,46,35,46,41,49,41,51,43,46,46,45,47,46,41,44,46,39,48,35,49,33,45,33,47,30,44,26,45,26,45,26,40,23,38,19,43,16,39,15,38,7,39,11,38,4,35,0,0,0,0,0,0,0,0,0,0,0,0,0,0,0,0,0,0,0,0,0,0,45,-41,47,-37,53,-32,52,-29,56,-25,54,-22,48,-25,49,-21,50,-24,45,-16,47,-19,46,-16,45,-22,43,-17,40,-17,38,-17,31,-23,35,-20,30,-18,29,-19,26,-24,26,-23,24,-27,24,-26,21,-27,13,-35,12,-30,12,-36,11,-33,6,-39,7,-36,3,-40,2,-43,-5,-43,-5,-50,-10,-48,-12,-52,-10,-51,-11,-50,-16,-52,-17,-54,-26,-58,-24,-62,-24,-61,-24,-61,-37,-60,-34,-60,-34,-60,-38,-62,-35,-66,-33,-72,-40,-63,-32,-69,-34,-62,-38,-70,-39,-62,-29,-63,0,0]"
CSI_DATA,267,1a:00:00:00:00:00,-46,11,1,0,1,1,1,0,0,0,1,-96,0,11,2,3870573,0,44,0,384,0,"[0,0,0,0,0,0,0,0,0,0,0,0,-8,-5,-8,-3,-8,-3,-8,-3,-7,-2,-7,-1,-6,-1,-6,0,-6,0,-6,1,-5,1,-5,2,-5,3,-4,3,-4,3,-4,4,-3,4,-3,4,-3,5,-2,5,-2,6,-2,7,-2,7,-1,8,-2,8,-2,9,0,0,-1,10,-2,10,-2,11,-2,11,-3,11,-3,11,-3,11,-3,11,-3,11,-4,10,-4,10,-5,10,-5,9,-5,9,-5,9,-5,8,-5,8,-5,8,-5,7,-5,6,-5,6,-6,6,-6,5,-6,4,-6,4,-5,3,0,0,0,0,0,0,0,0,0,0,0,0,0,0,-56,-38,-45,-36,-56,-27,-44,-27,-45,-20,-39,-17,-40,-18,-42,-18,-38,-7,-31,-5,-31,0,-30,0,-31,4,-29,7,-28,7,-22,12,-24,17,-23,17,-20,19,-19,27,-17,31,-16,25,-13,30,-11,38,-16,41,-13,37,-7,43,-5,47,-8,51,-5,49,-11,54,-9,54,-11,57,-10,62,-3,60,-17,62,-12,66,-11,62,-19,62,-19,64,-20,64,-20,56,-21,57,-26,58,-27,55,-26,55,-27,48,-28,50,-23,44,-28,41,-24,41,-25,37,-26,33,-29,31,-31,27,-31,23,-30,19,0,0,0,0,0,0,0,0,0,0,0,0,0,0,0,0,0,0,0,0,0,0,61,19,54,24,52,25,54,29,48,31,43,32,46,27,43,28,43,30,41,28,37,30,38,25,39,24,40,30,32,27,36,25,39,20,33,22,37,15,31,14,33,11,36,11,34,8,32,7,35,3,34,-4,34,-3,32,-8,38,-8,41,-14,35,-16,40,-16,38,-22,33,-31,34,-31,37,-29,37,-34,37,-39,41,-40,38,-43,39,-41,38,-50,35,-45,40,-55,36,-50,38,-51,36,-56,33,-59,36,-60,39,-66,43,-62,38,-64,42,-64,35,-62,47,-68,36,-68,33,-64,0,0]"
CSI_DATA,268,1a:00:00:00:00:00,-46,11,1,0,1,1,1,0,0,0,1,-96,0,11,2,3900584,0,44,0,384,0,"[0,0,0,0,0,0,0,0,0,0,0,0,8,-5,7,-5,6,-5,6,-5,5,-5,4,-5,4,-5,3,-5,2,-5,2,-5,1,-6,0,-6,0,-5,-1,-5,-1,-6,-2,-6,-2,-6,-3,-6,-4,-6,-4,-6,-5,-6,-6,-6,-6,-6,-7,-6,-7,-7,-8,-7,0,0,-9,-7,-9,-8,-9,-8,-9,-7,-8,-9,-9,-9,-9,-9,-8,-9,-9,-10,-8,-10,-8,-10,-6,-10,-6,-10,-6,-10,-6,-9,-5,-9,-5,-9,-5,-9,-5,-9,-4,-8,-4,-8,-3,-8,-3,-8,-2,-7,-2,-7,-1,-7,0,0,0,0,0,0,0,0,0,0,0,0,0,0,62,-13,57,-11,53,-12,48,-13,41,-18,41,-12,41,-14,40,-17,33,-17,31,-19,22,-21,17,-21,17,-24,13,-23,9,-26,7,-30,7,-27,-1,-28,-3,-29,-6,-33,-11,-33,-19,-30,-13,-28,-19,-31,-19,-32,-24,-32,-28,-35,-30,-35,-35,-38,-36,-40,-38,-37,-43,-41,-38,-40,-42,-43,-45,-46,-41,-46,-41,-49,-39,-52,-40,-50,-43,-52,-36,-51,-33,-52,-33,-54,-30,-53,-29,-50,-28,-50,-25,-49,-27,-51,-24,-47,-20,-43,-20,-44,-17,-46,-15,-45,-8,-42,-7,-41,-5,-39,-1,-35,0,0,0,0,0,0,0,0,0,0,0,0,0,0,0,0,0,0,0,0,0,0,-60,6,-63,0,-61,-4,-64,-5,-58,-9,-51,-11,-53,-13,-53,-13,-58,-10,-49,-13,-52,-11,-48,-8,-52,-8,-48,-10,-47,-11,-44,-7,-44,0,-39,-1,-38,1,-36,-1,-36,5,-33,5,-33,4,-34,11,-31,14,-28,17,-29,17,-30,26,-25,25,-25,28,-24,32,-26,36,-21,33,-20,38,-16,42,-10,48,-15,48,-13,47,-8,50,-8,54,-4,55,-1,56,-3,57,4,63,1,60,1,67,6,65,6,65,5,66,10,69,7,66,14,70,7,77,10,69,6,76,4,71,11,67,0,0]"
CSI_DATA,269,1a:00:00:00:00:00,-46,11,1,0,1,1,1,0,0,0,1,-96,0,11,2,3920590,0,44,0,384,0,"[0,0,0,0,0,0,0,0,0,0,0,0,4,-9,3,-9,2,-9,1,-8,1,-8,1,-7,-1,-7,-1,-6,-1,-6,-1,-5,-3,-6,-3,-5,-3,-5,-4,-4,-4,-4,-5,-4,-6,-3,-6,-3,-6,-2,-7,-2,-8,-2,-8,-2,-9,-2,-10,-1,-10,-1,-10,-1,0,0,-12,-1,-12,-1,-12,-1,-13,-1,-12,-2,-13,-2,-13,-2,-13,-2,-13,-3,-13,-3,-13,-4,-11,-5,-11,-4,-10,-4,-11,-5,-10,-4,-10,-4,-9,-4,-9,-5,-9,-5,-8,-5,-7,-5,-7,-5,-6,-5,-6,-6,-4,-6,0,0,0,0,0,0,0,0,0,0,0,0,0,0,32,-50,29,-52,27,-52,21,-47,14,-43,13,-39,12,-39,9,-40,10,-36,1,-33,-1,-33,-4,-30,-7,-32,-10,-26,-12,-25,-17,-22,-19,-21,-19,-22,-25,-17,-29,-18,-29,-15,-32,-12,-33,-10,-36,-7,-31,-5,-41,-4,-43,-3,-46,0,-49,0,-51,3,-53,5,-60,4,-58,0,-64,1,-65,4,-61,-2,-65,-1,-63,-2,-67,-9,-64,-11,-62,-9,-63,-10,-61,-12,-57,-16,-55,-14,-57,-13,-56,-17,-49,-19,-49,-16,-44,-18,-49,-20,-44,-21,-41,-20,-36,-18,-36,-26,-34,-22,-23,-27,0,0,0,0,0,0,0,0,0,0,0,0,0,0,0,0,0,0,0,0,0,0,-27,56,-29,51,-35,49,-35,47,-39,45,-38,41,-38,38,-39,40,-37,39,-36,35,-34,38,-34,32,-35,37,-35,32,-31,31,-27,33,-29,34,-26,29,-27,31,-17,28,-18,33,-18,33,-12,34,-7,31,-2,33,-3,32,0,31,6,36,7,34,12,36,13,35,15,34,16,36,23,35,26,36,27,37,30,34,37,40,38,37,40,35,41,38,44,36,50,38,51,39,51,34,56,32,56,35,59,34,59,36,64,31,57,36,64,30,64,38,64,35,67,33,58,38,59,35,0,0]"
CSI_DATA,270,1a:00:00:00:00:00,-46,11,1,0,1,1,1,0,0,0,1,-96,0,11,2,3930558,0,44,0,384,0,"[0,0,0,0,0,0,0,0,0,0,0,0,5,6,5,6,5,5,5,4,5,3,4,3,4,2,5,2,4,1,5,1,5,0,4,-1,5,-2,4,-2,4,-2,4,-3,4,-4,4,-4,3,-5,4,-5,4,-6,4,-6,4,-7,4,-8,4,-9,4,-8,0,0,4,-9,5,-10,5,-10,5,-11,5,-10,5,-10,6,-10,6,-10,7,-10,6,-9,7,-9,7,-8,7,-8,7,-8,7,-7,6,-7,7,-7,7,-6,6,-6,6,-6,6,-4,6,-5,6,-4,6,-3,6,-3,5,-2,0,0,0,0,0,0,0,0,0,0,0,0,0,0,33,54,35,48,36,45,31,41,28,35,30,33,31,27,30,25,29,19,30,19,32,16,29,13,31,8,29,5,26,1,26,-3,30,-6,31,-10,24,-12,25,-12,23,-20,20,-19,22,-28,26,-27,24,-27,22,-36,26,-32,23,-38,26,-48,24,-46,25,-45,25,-52,29,-51,30,-59,29,-50,35,-59,33,-57,32,-54,36,-57,36,-55,40,-47,40,-53,41,-45,43,-47,42,-48,39,-43,46,-37,41,-36,42,-29,40,-32,37,-30,37,-26,38,-24,35,-20,38,-17,38,-12,34,-7,0,0,0,0,0,0,0,0,0,0,0,0,0,0,0,0,0,0,0,0,0,0,-43,-50,-41,-50,-31,-50,-31,-52,-27,-54,-27,-58,-25,-53,-22,-51,-25,-51,-20,-45,-19,-52,-16,-45,-24,-45,-21,-44,-18,-41,-15,-39,-21,-40,-17,-38,-23,-37,-21,-34,-22,-28,-27,-30,-22,-24,-27,-20,-30,-23,-27,-18,-30,-19,-38,-15,-35,-9,-40,-7,-36,0,-45,-1,-46,2,-43,6,-51,13,-50,12,-49,15,-52,16,-47,17,-53,21,-55,22,-47,24,-61,29,-56,32,-59,31,-65,32,-61,35,-57,39,-59,38,-59,37,-63,38,-61,42,-71,41,-60,36,-65,42,-65,42,-60,40,0,0]"
CSI_DATA,271,1a:00:00:00:00:00,-45,11,1,0,1,1,1,0,0,0,1,-96,0,11,2,3940575,0,44,0,384,0,"[0,0,0,0,0,0,0,0,0,0,0,0,-5,-8,-5,-7,-6,-6,-6,-6,-6,-5,-5,-5,-5,-4,-5,-3,-6,-2,-6,-2,-6,-2,-6,-1,-6,0,-6,1,-5,1,-6,2,-5,2,-5,3,-5,4,-5,4,-5,5,-6,5,-6,6,-6,7,-6,7,-6,7,0,0,-6,8,-7,9,-7,9,-7,9,-8,9,-8,9,-8,9,-8,8,-9,9,-9,8,-9,8,-9,6,-9,7,-9,6,-9,5,-9,5,-9,5,-8,5,-8,4,-8,4,-8,3,-8,3,-8,3,-7,2,-7,1,-7,0,0,0,0,0,0,0,0,0,0,0,0,0,0,0,-21,-57,-24,-52,-27,-50,-19,-50,-24,-46,-21,-39,-27,-31,-27,-33,-24,-25,-23,-25,-26,-19,-22,-20,-28,-12,-28,-9,-27,-9,-30,-4,-30,0,-30,4,-26,7,-30,7,-28,11,-31,16,-30,19,-28,22,-28,23,-30,28,-27,28,-28,35,-31,39,-35,44,-36,40,-38,46,-34,45,-38,47,-36,45,-45,47,-46,44,-48,50,-46,43,-48,40,-44,37,-50,40,-48,38,-52,40,-48,35,-48,33,-50,30,-43,28,-46,27,-46,24,-46,18,-43,15,-43,16,-39,12,-41,11,-38,8,-35,1,0,0,0,0,0,0,0,0,0,0,0,0,0,0,0,0,0,0,0,0,0,0,25,53,22,55,17,56,14,59,11,57,7,54,6,58,8,55,3,53,4,50,5,48,6,47,7,50,10,47,7,46,6,43,8,40,7,36,10,41,13,34,12,31,16,31,16,25,21,27,24,26,26,22,26,20,28,18,31,19,36,14,28,9,39,8,39,9,42,5,44,6,46,6,46,-2,49,-4,49,-7,58,-10,56,-14,55,-13,61,-11,58,-18,59,-23,63,-17,66,-21,57,-26,67,-27,65,-23,68,-30,66,-28,71,-27,66,-24,66,-30,67,-29,66,-28,0,0]"
CSI_DATA,272,1a:00:00:00:00:00,-46,11,1,0,1,1,1,0,0,0,1,-96,0,11,2,3952043,0,44,0,384,0,"[0,0,0,0,0,0,0,0,0,0,0,0,-4,8,-4,8,-2,7,-3,6,-2,6,-2,6,-1,6,0,5,0,5,1,5,1,5,2,4,3,3,3,3,3,3,4,3,5,3,5,3,5,1,6,1,6,2,7,1,7,1,8,0,8,1,9,1,0,0,10,1,10,1,11,1,11,1,11,1,11,2,11,2,11,2,11,3,11,3,11,4,9,4,9,4,9,4,9,4,9,4,8,4,8,4,7,4,7,4,6,5,5,4,5,5,5,5,4,5,3,5,0,0,0,0,0,0,0,0,0,0,0,0,0,0,-44,40,-38,39,-36,44,-30,41,-34,38,-31,34,-23,32,-22,32,-16,30,-15,29,-10,31,-8,26,-2,28,-2,27,0,26,8,23,10,22,12,24,16,23,15,27,26,20,23,22,27,12,27,19,28,13,34,18,39,19,42,18,47,19,51,15,51,23,51,23,50,18,57,21,60,20,56,29,61,29,52,28,56,30,58,33,52,31,52,36,47,36,49,37,41,36,45,36,41,37,35,34,37,32,33,34,31,36,30,35,23,35,19,34,15,32,14,35,10,35,0,0,0,0,0,0,0,0,0,0,0,0,0,0,0,0,0,0,0,0,0,0,28,-56,31,-55,36,-46,39,-44,41,-42,39,-43,37,-37,41,-40,40,-37,34,-35,40,-33,36,-31,34,-31,36,-31,34,-30,30,-31,28,-32,26,-29,28,-30,19,-29,22,-28,17,-30,13,-30,10,-28,7,-33,5,-35,2,-34,-4,-39,-3,-34,-6,-34,-8,-32,-13,-38,-17,-35,-15,-38,-19,-40,-21,-40,-19,-42,-29,-43,-32,-42,-33,-40,-34,-50,-39,-43,-39,-44,-42,-46,-44,-50,-52,-43,-52,-45,-49,-45,-54,-49,-53,-49,-51,-49,-57,-47,-58,-58,-45,-48,-53,-47,-56,-48,-52,-49,0,0]"
CSI_DATA,273,1a:00:00:00:00:00,-46,11,1,0,1,1,1,0,0,0,1,-96,0,11,2,3960635,0,44,0,384,0,"[0,0,0,0,0,0,0,0,0,0,0,0,1,-10,0,-9,-1,-8,-1,-9,-1,-7,-1,-7,-2,-7,-2,-6,-3,-5,-3,-5,-4,-5,-5,-4,-5,-4,-5,-3,-5,-3,-6,-2,-6,-2,-6,-2,-7,-1,-7,0,-8,0,-8,0,-8,0,-9,1,-10,1,-10,1,0,0,-11,2,-11,2,-12,2,-12,2,-12,2,-12,1,-12,1,-12,1,-12,0,-12,0,-12,-1,-12,-1,-11,-1,-11,-1,-11,-2,-11,-2,-10,-2,-10,-2,-9,-2,-9,-2,-9,-3,-8,-3,-8,-3,-7,-4,-6,-4,-6,-4,0,0,0,0,0,0,0,0,0,0,0,0,0,0,26,-59,23,-50,17,-52,15,-53,15,-50,11,-47,12,-41,8,-40,3,-36,-2,-41,-6,-33,-7,-30,-8,-31,-16,-26,-14,-31,-18,-26,-24,-20,-24,-15,-28,-16,-30,-11,-33,-13,-28,-11,-33,-3,-38,-1,-37,1,-39,2,-43,-3,-47,5,-50,4,-54,3,-55,2,-63,4,-58,3,-61,5,-67,6,-63,0,-68,1,-67,1,-63,-3,-69,-8,-66,-6,-67,-6,-64,-11,-63,-7,-57,-12,-58,-12,-56,-20,-53,-14,-48,-16,-49,-16,-49,-16,-41,-19,-41,-17,-40,-21,-35,-20,-34,-27,-28,-25,0,0,0,0,0,0,0,0,0,0,0,0,0,0,0,0,0,0,0,0,0,0,-16,61,-26,60,-28,54,-33,53,-30,50,-34,50,-33,45,-33,45,-36,47,-29,43,-31,42,-30,40,-30,40,-29,39,-28,40,-28,33,-21,37,-20,33,-17,31,-18,36,-15,34,-10,36,-8,31,-4,30,-1,33,7,33,1,34,11,36,8,31,17,33,13,33,19,32,23,35,28,33,28,33,35,32,34,32,38,32,39,35,49,36,51,36,47,31,55,35,54,33,58,31,56,23,60,26,66,24,64,27,64,27,68,32,70,29,70,30,65,32,70,31,68,28,64,29,0,0]"
CSI_DATA,274,1a:00:00:00:00:00,-45,11,1,0,1,1,1,0,0,0,1,-96,0,11,2,3970747,0,44,0,384,0,"[0,0,0,0,0,0,0,0,0,0,0,0,-5,-8,-6,-8,-6,-6,-6,-6,-6,-5,-5,-5,-6,-4,-6,-3,-6,-3,-6,-2,-6,-2,-6,-1,-6,0,-6,1,-6,1,-6,2,-6,2,-5,2,-6,3,-6,4,-6,4,-6,5,-6,6,-6,6,-7,7,-6,7,0,0,-7,8,-7,8,-8,9,-7,9,-8,8,-9,8,-9,9,-9,8,-9,8,-9,7,-10,7,-10,6,-9,6,-10,6,-10,5,-9,5,-9,4,-9,4,-9,4,-8,3,-8,3,-8,3,-8,2,-8,1,-7,0,-7,0,0,0,0,0,0,0,0,0,0,0,0,0,0,0,-22,-59,-23,-56,-28,-53,-18,-49,-21,-40,-23,-43,-26,-34,-22,-32,-26,-32,-27,-26,-26,-23,-24,-19,-21,-11,-32,-8,-24,-8,-29,-6,-29,0,-31,5,-33,6,-29,7,-35,14,-30,12,-30,19,-32,20,-30,25,-32,25,-31,25,-29,35,-36,34,-37,39,-37,39,-40,43,-39,40,-45,48,-40,44,-47,50,-47,43,-51,43,-53,42,-51,41,-50,41,-52,38,-52,33,-49,30,-49,33,-53,28,-54,30,-51,24,-51,20,-44,21,-47,19,-43,15,-41,13,-42,9,-39,7,-41,1,-38,-2,0,0,0,0,0,0,0,0,0,0,0,0,0,0,0,0,0,0,0,0,0,0,30,58,25,59,24,55,17,61,12,56,11,60,8,55,8,54,8,57,8,50,2,51,8,48,12,47,7,46,7,41,6,44,9,42,7,39,16,38,14,34,15,31,14,30,15,26,22,27,23,20,26,23,26,21,31,18,29,19,31,11,34,15,43,10,45,6,40,1,47,3,44,-2,45,-2,51,-7,52,-8,55,-11,57,-10,56,-15,60,-15,63,-18,65,-19,61,-19,59,-19,65,-24,65,-25,63,-24,63,-25,69,-29,71,-25,70,-27,69,-27,67,-30,70,-22,0,0]"
CSI_DATA,275,1a:00:00:00:00:00,-46,11,1,0,1,1,1,0,0,0,1,-96,0,11,2,3980574,0,44,0,384,0,"[0,0,0,0,0,0,0,0,0,0,0,0,-7,5,-7,5,-6,5,-6,5,-5,5,-4,5,-4,6,-2,5,-2,5,-1,5,0,5,0,5,1,4,1,5,1,4,2,5,3,4,3,4,4,4,4,4,5,4,6,4,6,4,7,4,7,4,8,4,0,0,9,4,9,5,9,5,10,5,9,6,9,6,10,6,9,6,9,7,9,7,8,7,8,8,7,7,6,7,6,8,6,7,6,7,5,6,5,7,5,7,4,7,3,6,3,6,2,7,2,6,1,6,0,0,0,0,0,0,0,0,0,0,0,0,0,0,-58,25,-55,20,-48,31,-42,25,-33,31,-31,30,-31,25,-33,29,-23,29,-24,26,-18,25,-13,27,-9,29,-9,28,-6,26,5,28,5,25,8,26,6,25,14,28,20,27,18,25,23,24,23,19,23,24,31,28,32,22,43,27,41,22,45,27,48,28,54,19,51,27,53,28,50,28,54,34,50,37,55,34,52,37,52,38,54,38,47,39,48,39,47,42,40,40,43,38,38,38,41,37,34,37,32,33,30,34,26,36,23,38,20,37,17,37,14,33,15,35,0,0,0,0,0,0,0,0,0,0,0,0,0,0,0,0,0,0,0,0,0,0,56,-26,52,-22,57,-18,56,-10,62,-11,53,-9,57,-10,49,-7,53,-9,53,-10,48,-3,52,-12,49,-12,48,-3,43,-2,41,-11,39,-11,41,-11,35,-13,32,-20,33,-7,33,-13,24,-20,23,-18,23,-23,19,-26,19,-25,13,-31,13,-28,12,-38,11,-31,10,-41,5,-43,6,-42,7,-45,-2,-46,-5,-47,-8,-50,-8,-48,-14,-55,-14,-54,-17,-55,-21,-59,-21,-59,-21,-56,-19,-59,-27,-62,-26,-60,-30,-65,-34,-65,-36,-65,-35,-64,-34,-68,-33,-60,-31,-68,-35,-67,-32,-65,0,0]"
CSI_DATA,276,1a:00:00:00:00:00,-46,11,1,0,1,1,1,0,0,0,1,-96,0,11,2,3990702,0,44,0,384,0,"[0,0,0,0,0,0,0,0,0,0,0,0,-7,6,-7,6,-6,6,-5,6,-5,5,-4,5,-3,5,-2,5,-2,5,-1,5,0,5,0,5,0,5,1,5,2,5,3,5,3,5,3,4,4,4,5,4,5,4,6,4,6,4,7,4,8,4,8,4,0,0,9,5,9,5,10,5,10,5,9,6,9,7,10,7,9,6,9,7,8,7,8,7,8,8,7,7,7,8,7,8,6,8,6,7,5,7,5,7,4,6,4,7,3,7,2,7,2,6,2,7,1,6,0,0,0,0,0,0,0,0,0,0,0,0,0,0,-51,30,-51,31,-45,30,-42,31,-38,33,-35,32,-32,28,-30,33,-22,28,-19,30,-14,33,-13,27,-6,32,-8,27,1,30,1,31,3,33,7,28,10,26,14,30,14,28,19,25,24,22,24,25,27,25,30,29,36,25,37,26,40,25,43,27,49,29,49,30,45,30,49,29,53,30,52,39,49,37,49,39,49,45,48,45,45,40,44,42,42,45,39,47,40,44,39,44,32,43,36,46,32,42,27,41,28,42,24,43,21,40,12,37,13,39,11,38,8,35,0,0,0,0,0,0,0,0,0,0,0,0,0,0,0,0,0,0,0,0,0,0,47,-42,49,-36,53,-34,55,-26,56,-30,54,-25,52,-25,50,-21,53,-21,50,-16,48,-21,46,-20,48,-18,41,-17,39,-17,42,-15,38,-19,38,-21,28,-19,35,-21,27,-24,29,-23,23,-25,21,-25,23,-28,18,-29,14,-30,11,-34,9,-37,4,-37,2,-38,2,-42,-1,-41,-5,-43,-3,-48,-8,-46,-13,-49,-17,-50,-16,-52,-20,-54,-21,-54,-27,-56,-25,-58,-30,-61,-30,-54,-32,-61,-38,-56,-41,-57,-35,-64,-41,-63,-35,-60,-42,-65,-37,-69,-36,-64,-39,-64,-36,-62,-40,-64,0,0]"
CSI_DATA,277,1a:00:00:00:00:00,-46,11,1,0,1,1,1,0,0,0,1,-96,0,11,2,4000583,0,44,0,384,0,"[0,0,0,0,0,0,0,0,0,0,0,0,-5,7,-5,7,-3,7,-3,7,-3,6,-2,6,-1,6,-1,5,0,5,0,4,1,4,1,5,2,4,3,4,3,4,4,3,4,3,5,3,5,2,6,2,6,2,7,1,7,1,8,1,9,2,9,1,0,0,10,2,10,2,10,1,11,2,10,2,11,2,11,3,11,3,11,3,11,4,10,4,9,4,9,5,9,4,8,5,8,5,8,5,7,4,7,5,7,5,6,5,5,5,5,5,4,5,3,6,3,5,0,0,0,0,0,0,0,0,0,0,0,0,0,0,-38,52,-35,43,-31,50,-28,48,-26,43,-19,45,-18,38,-16,38,-15,36,-9,35,-7,32,-4,32,2,32,4,22,6,34,12,25,11,26,19,21,18,21,23,20,25,23,24,15,28,17,32,12,34,16,38,9,42,12,45,7,46,11,54,8,52,10,55,12,57,14,57,14,62,12,61,19,63,22,59,16,60,20,56,23,58,26,59,27,55,32,50,26,49,33,50,32,43,33,46,29,38,30,35,28,37,33,33,27,30,29,23,31,22,32,20,35,19,36,0,0,0,0,0,0,0,0,0,0,0,0,0,0,0,0,0,0,0,0,0,0,24,-59,30,-57,32,-52,33,-54,36,-48,39,-49,38,-44,38,-45,38,-42,35,-35,39,-39,31,-40,32,-36,32,-35,32,-30,25,-32,27,-38,25,-32,22,-32,21,-29,19,-33,13,-32,12,-32,6,-33,6,-29,2,-35,-1,-33,-7,-31,-5,-30,-14,-36,-14,-34,-13,-38,-17,-40,-25,-35,-24,-39,-26,-40,-29,-37,-28,-41,-37,-40,-40,-35,-42,-40,-46,-40,-44,-43,-54,-44,-52,-36,-57,-42,-53,-38,-57,-39,-58,-36,-61,-44,-60,-40,-61,-39,-61,-43,-62,-46,-62,-44,-62,-44,-58,-44,0,0]"
CSI_DATA,278,1a:00:00:00:00:00,-45,11,1,0,1,1,1,0,0,0,1,-96,0,11,2,4021288,0,44,0,384,0,"[0,0,0,0,0,0,0,0,0,0,0,0,1,9,1,9,2,8,2,7,2,7,2,6,3,5,3,4,3,4,4,4,4,3,5,2,5,2,5,1,5,1,6,0,5,0,6,-1,6,-2,6,-2,7,-2,7,-3,8,-3,9,-4,8,-4,9,-5,0,0,10,-4,10,-5,11,-5,11,-5,11,-4,12,-4,12,-5,12,-3,12,-4,12,-3,12,-2,11,-2,11,-1,11,-1,10,-1,10,0,10,0,10,0,9,1,8,0,8,2,8,1,7,2,6,2,6,3,5,3,0,0,0,0,0,0,0,0,0,0,0,0,0,0,-1,63,-2,57,10,56,2,50,4,48,5,48,11,41,9,41,11,35,11,35,13,25,18,26,22,23,20,19,19,20,19,12,31,10,28,8,28,3,30,5,35,-1,31,-2,32,-10,36,-7,36,-11,36,-10,42,-16,45,-20,47,-22,51,-30,50,-24,53,-21,52,-19,57,-27,58,-25,62,-22,65,-22,60,-20,59,-19,61,-15,61,-13,66,-8,60,-13,62,-8,59,-10,58,-3,53,-2,57,-2,54,1,54,3,50,1,47,11,43,7,41,11,40,9,36,16,30,18,0,0,0,0,0,0,0,0,0,0,0,0,0,0,0,0,0,0,0,0,0,0,-24,-60,-18,-58,-17,-62,-5,-64,-7,-62,-2,-57,0,-59,-1,-58,5,-57,0,-53,7,-51,1,-53,-4,-51,-2,-50,-1,-47,1,-49,-2,-47,-1,-42,-2,-38,3,-35,-6,-33,-8,-34,-7,-32,-15,-32,-17,-30,-19,-27,-18,-23,-19,-25,-27,-21,-29,-18,-31,-19,-36,-17,-39,-17,-38,-16,-45,-18,-45,-12,-48,-9,-51,-11,-53,-6,-60,-3,-55,1,-58,-4,-64,1,-64,2,-59,1,-68,-5,-69,3,-70,7,-68,3,-70,5,-72,8,-74,8,-74,4,-70,1,-74,7,-70,6,-69,4,0,0]"
CSI_DATA,279,1a:00:00:00:00:00,-46,11,1,0,1,1,1,0,0,0,1,-96,0,11,2,4040557,0,44,0,384,0,"[0,0,0,0,0,0,0,0,0,0,0,0,9,-1,8,-2,7,-2,7,-2,7,-2,5,-3,5,-3,5,-3,4,-4,4,-4,3,-5,3,-5,2,-5,2,-5,1,-6,0,-7,0,-6,0,-6,-1,-7,-1,-7,-1,-7,-2,-8,-3,-9,-3,-9,-4,-9,-4,-10,0,0,-4,-10,-4,-11,-4,-12,-4,-12,-4,-12,-3,-12,-3,-12,-3,-12,-3,-12,-2,-12,-2,-12,-1,-12,-1,-11,-1,-11,-1,-11,0,-11,0,-10,0,-10,1,-9,1,-9,2,-9,2,-8,2,-8,2,-7,3,-7,3,-6,0,0,0,0,0,0,0,0,0,0,0,0,0,0,59,-5,61,-6,57,-12,49,-11,51,-13,39,-11,43,-13,43,-15,34,-19,26,-17,29,-18,23,-20,20,-27,18,-24,12,-27,9,-29,5,-32,5,-31,1,-29,-2,-31,-6,-36,-6,-33,-11,-36,-10,-33,-11,-35,-16,-39,-18,-43,-26,-44,-24,-44,-30,-46,-29,-46,-28,-52,-28,-52,-30,-55,-35,-57,-30,-61,-28,-62,-27,-63,-24,-66,-22,-62,-24,-61,-21,-63,-13,-62,-14,-62,-9,-59,-12,-56,-12,-55,-7,-53,-4,-52,-3,-53,-1,-49,0,-45,1,-43,7,-42,7,-40,8,-37,13,-36,0,0,0,0,0,0,0,0,0,0,0,0,0,0,0,0,0,0,0,0,0,0,-59,26,-58,20,-60,19,-63,16,-60,9,-56,6,-58,3,-54,2,-57,2,-51,2,-51,0,-49,3,-49,3,-46,3,-47,-2,-40,1,-42,5,-41,3,-42,2,-40,6,-39,8,-33,13,-27,12,-29,16,-28,16,-25,23,-21,23,-20,24,-20,30,-20,33,-18,32,-13,41,-16,39,-11,41,-13,43,-9,44,-4,45,0,51,-5,49,3,56,-1,55,6,57,8,64,3,62,7,58,7,67,12,64,16,67,9,71,12,70,10,73,14,69,11,68,12,67,15,77,13,73,12,75,0,0]"
CSI_DATA,280,1a:00:00:00:00:00,-46,11,1,0,1,1,1,0,0,0,1,-96,0,11,2,4056107,0,44,0,384,0,"[0,0,0,0,0,0,0,0,0,0,0,0,8,0,8,-1,8,-1,7,-1,7,-1,6,-2,6,-3,4,-3,4,-4,4,-3,4,-3,3,-5,3,-5,2,-5,2,-5,2,-6,1,-6,0,-7,0,-6,0,-7,0,-8,0,-8,-1,-7,-2,-9,-1,-9,-2,-9,0,0,-2,-11,-2,-11,-2,-12,-2,-12,-2,-12,-1,-12,-1,-13,0,-13,0,-13,0,-12,1,-12,1,-11,2,-11,2,-11,3,-10,2,-10,3,-10,2,-9,2,-9,3,-8,4,-8,4,-8,4,-7,4,-6,4,-6,4,-5,0,0,0,0,0,0,0,0,0,0,0,0,0,0,62,14,55,13,55,11,51,5,48,2,44,0,39,0,44,-1,38,-4,33,-4,29,-8,24,-11,31,-13,25,-20,21,-19,17,-25,16,-22,16,-26,12,-20,13,-35,12,-37,-1,-33,-3,-32,0,-41,3,-38,0,-48,-3,-48,-5,-50,-9,-53,-11,-53,-10,-52,-9,-63,-5,-58,-10,-66,-4,-64,-1,-65,-8,-69,-2,-68,1,-64,2,-66,7,-64,7,-65,12,-62,10,-63,13,-59,11,-54,15,-54,14,-58,14,-48,14,-47,14,-46,13,-45,19,-39,28,-37,28,-35,25,-30,26,-26,0,0,0,0,0,0,0,0,0,0,0,0,0,0,0,0,0,0,0,0,0,0,-64,5,-59,1,-66,-1,-62,-6,-62,-14,-57,-16,-56,-15,-51,-16,-53,-14,-50,-18,-49,-20,-50,-15,-50,-14,-48,-16,-44,-14,-46,-11,-45,-9,-39,-11,-37,-8,-39,-5,-38,-3,-38,-5,-37,1,-37,7,-31,8,-33,12,-32,11,-30,15,-34,18,-26,24,-25,25,-24,29,-26,31,-27,36,-27,38,-20,41,-23,42,-18,44,-22,49,-18,53,-22,54,-15,57,-16,58,-17,60,-14,59,-16,66,-13,66,-11,64,-15,66,-15,72,-11,68,-8,72,-17,72,-13,70,-12,72,-12,74,-14,71,0,0]"
CSI_DATA,281,1a:00:00:00:00:00,-45,11,1,0,1,1,1,0,0,0,1,-96,0,11,2,4071467,0,44,0,384,0,"[0,0,0,0,0,0,0,0,0,0,0,0,3,9,4,8,4,6,4,6,4,5,3,5,4,4,4,3,4,3,4,2,5,2,5,1,5,1,5,0,5,-1,5,-1,5,-2,5,-2,6,-3,6,-4,6,-4,6,-5,6,-4,7,-6,8,-6,7,-6,0,0,8,-7,9,-7,9,-8,9,-8,9,-7,9,-7,10,-7,10,-7,10,-6,10,-5,11,-5,10,-4,10,-4,10,-3,10,-3,10,-3,9,-3,9,-3,9,-2,8,-2,8,-1,7,-1,7,0,7,0,7,1,6,2,0,0,0,0,0,0,0,0,0,0,0,0,0,0,13,56,10,57,18,52,12,49,17,43,15,41,16,41,18,35,24,28,20,29,23,27,23,21,24,19,24,16,28,11,30,11,32,5,33,1,29,-3,30,-2,33,-10,33,-9,34,-16,35,-17,33,-22,38,-19,37,-23,39,-28,44,-31,42,-34,39,-30,46,-34,43,-33,46,-41,47,-36,55,-38,55,-35,54,-33,55,-30,61,-28,56,-30,61,-25,58,-24,60,-25,57,-20,57,-18,56,-14,56,-18,49,-11,49,-8,49,-8,49,-3,40,-4,39,3,40,2,39,6,33,11,0,0,0,0,0,0,0,0,0,0,0,0,0,0,0,0,0,0,0,0,0,0,-34,-53,-25,-61,-20,-62,-16,-66,-12,-62,-6,-60,-5,-58,-6,-59,-6,-61,-6,-52,-6,-55,-7,-54,-9,-51,-4,-49,-7,-46,-2,-50,-7,-42,-9,-40,-8,-38,-14,-34,-11,-35,-16,-34,-14,-32,-19,-26,-20,-27,-27,-25,-24,-23,-23,-21,-28,-17,-36,-14,-33,-12,-42,-8,-38,-9,-43,-7,-46,-5,-44,-6,-48,-6,-52,0,-53,3,-57,9,-56,5,-58,11,-58,10,-61,15,-64,12,-63,20,-66,15,-64,15,-64,15,-67,17,-71,20,-69,21,-74,21,-69,17,-74,16,-67,19,-68,15,0,0]"
CSI_DATA,282,1a:00:00:00:00:00,-46,11,1,0,1,1,1,0,0,0,1,-96,0,11,2,4101988,0,44,0,384,0,"[0,0,0,0,0,0,0,0,0,0,0,0,-1,-10,-1,-9,-2,-9,-2,-8,-3,-7,-3,-7,-3,-6,-4,-6,-4,-6,-4,-5,-4,-5,-5,-4,-6,-3,-6,-3,-6,-2,-7,-2,-6,-1,-7,-1,-7,0,-7,0,-8,1,-8,1,-9,1,-10,2,-10,2,-10,2,0,0,-11,3,-11,3,-12,3,-12,3,-12,2,-12,3,-13,2,-12,2,-13,2,-13,1,-13,0,-12,0,-12,-1,-11,-1,-11,-1,-11,-1,-10,-2,-10,-2,-10,-2,-9,-2,-9,-3,-8,-3,-8,-3,-7,-3,-6,-4,-6,-4,0,0,0,0,0,0,0,0,0,0,0,0,0,0,-6,-62,-9,-56,-15,-54,-10,-45,-14,-52,-5,-47,-18,-39,-17,-39,-20,-34,-16,-31,-22,-25,-21,-25,-25,-21,-27,-21,-25,-13,-26,-10,-30,-7,-28,-7,-30,-5,-30,2,-33,6,-30,8,-35,12,-33,16,-42,17,-39,15,-42,21,-42,24,-44,29,-48,28,-49,26,-52,30,-44,29,-50,34,-57,34,-58,29,-60,37,-56,30,-57,28,-58,29,-60,27,-62,22,-57,16,-60,20,-55,19,-60,16,-60,13,-55,13,-51,8,-55,9,-49,6,-50,7,-45,4,-47,-1,-40,-4,-39,-10,-34,-11,0,0,0,0,0,0,0,0,0,0,0,0,0,0,0,0,0,0,0,0,0,0,12,60,7,60,1,61,-2,63,-3,61,-7,54,-6,58,-7,57,-5,58,-7,52,-14,54,-13,52,-4,49,-6,49,-6,46,-3,41,1,45,-6,41,-2,36,-1,33,1,30,6,33,6,31,13,32,13,25,15,27,17,23,17,26,22,25,27,22,27,21,35,16,38,17,40,16,43,14,40,14,45,11,51,9,49,4,52,4,59,1,59,2,60,6,62,-5,64,-4,72,-3,64,-6,70,-12,68,-8,71,-8,75,-9,73,-9,76,-8,73,-11,75,-12,74,-17,76,-12,0,0]"
CSI_DATA,283,1a:00:00:00:00:00,-45,11,1,0,1,1,1,0,0,0,1,-96,0,11,2,4111440,0,44,0,384,0,"[0,0,0,0,0,0,0,0,0,0,0,0,5,-8,5,-7,4,-7,4,-7,3,-7,3,-7,2,-7,1,-6,0,-6,0,-6,0,-6,-1,-6,-2,-6,-3,-5,-3,-6,-4,-6,-4,-6,-5,-5,-5,-5,-6,-5,-6,-5,-7,-4,-8,-5,-8,-5,-9,-5,-10,-5,0,0,-10,-5,-11,-5,-11,-6,-11,-6,-11,-7,-11,-7,-11,-7,-11,-7,-11,-8,-10,-8,-10,-8,-9,-8,-8,-8,-9,-8,-8,-8,-8,-8,-7,-8,-7,-8,-6,-8,-6,-7,-6,-8,-5,-7,-4,-7,-3,-7,-3,-7,-2,-7,0,0,0,0,0,0,0,0,0,0,0,0,0,0,44,-44,47,-34,42,-40,35,-40,30,-39,30,-32,25,-35,25,-34,19,-29,13,-36,10,-36,7,-30,6,-32,2,-29,-4,-30,-4,-33,-9,-33,-10,-30,-12,-30,-17,-24,-24,-28,-29,-23,-27,-19,-29,-23,-32,-25,-37,-22,-45,-24,-43,-21,-47,-22,-49,-20,-51,-20,-54,-20,-51,-29,-56,-25,-57,-26,-54,-30,-53,-31,-57,-31,-57,-36,-55,-42,-55,-39,-53,-39,-52,-39,-48,-38,-42,-36,-46,-38,-44,-40,-41,-40,-32,-35,-33,-40,-33,-39,-30,-38,-25,-36,-20,-36,-18,-35,-18,-39,-11,-35,0,0,0,0,0,0,0,0,0,0,0,0,0,0,0,0,0,0,0,0,0,0,-44,44,-50,41,-48,39,-54,32,-54,33,-54,27,-50,26,-52,23,-49,26,-47,22,-48,18,-49,23,-48,19,-46,20,-44,14,-41,20,-36,23,-38,20,-32,21,-30,18,-28,17,-28,25,-27,25,-24,23,-20,24,-14,29,-14,27,-8,31,-6,28,-4,33,-1,35,3,39,3,39,6,38,13,40,15,44,14,47,22,46,19,49,24,51,22,48,35,53,32,56,39,52,38,51,45,49,45,54,44,51,46,51,40,57,43,58,51,50,49,61,46,56,53,59,46,54,42,54,0,0]"
CSI_DATA,284,1a:00:00:00:00:00,-46,11,1,0,1,1,1,0,0,0,1,-96,0,11,2,4136387,0,44,0,384,0,"[0,0,0,0,0,0,0,0,0,0,0,0,-1,-10,-1,-9,-2,-9,-2,-8,-2,-8,-2,-7,-3,-7,-3,-6,-4,-6,-4,-5,-4,-5,-5,-4,-5,-3,-6,-3,-6,-3,-7,-2,-7,-1,-7,-1,-7,0,-8,0,-8,0,-8,1,-9,1,-9,2,-10,2,-10,2,0,0,-11,2,-11,2,-12,3,-12,2,-12,2,-13,2,-13,2,-12,1,-13,1,-13,0,-13,0,-12,-1,-12,-1,-12,-1,-11,-2,-11,-1,-11,-2,-10,-2,-9,-3,-9,-3,-9,-3,-8,-3,-8,-3,-7,-4,-7,-5,-6,-4,0,0,0,0,0,0,0,0,0,0,0,0,0,0,6,-63,5,-57,-1,-55,-1,-55,-5,-51,-5,-46,-7,-41,-8,-43,-11,-37,-9,-36,-19,-35,-18,-30,-21,-25,-21,-26,-23,-19,-24,-15,-30,-15,-30,-11,-32,-11,-29,-8,-38,-3,-34,-5,-32,4,-38,3,-38,4,-43,7,-45,9,-46,15,-49,16,-52,15,-52,17,-57,18,-59,22,-59,22,-58,24,-61,17,-63,16,-66,19,-69,11,-67,14,-64,12,-63,8,-61,4,-67,5,-57,5,-62,6,-57,-3,-58,-1,-52,-4,-53,-5,-49,-9,-45,-6,-44,-7,-38,-11,-38,-13,-41,-14,-33,-21,0,0,0,0,0,0,0,0,0,0,0,0,0,0,0,0,0,0,0,0,0,0,2,65,-6,60,-7,64,-14,64,-13,64,-14,59,-17,58,-19,56,-21,57,-18,53,-19,52,-20,51,-17,49,-13,47,-14,39,-11,43,-11,44,-9,41,-8,33,-8,37,-7,33,-3,33,1,33,4,30,6,32,12,29,12,29,15,27,21,27,22,22,25,22,30,22,31,23,34,24,38,21,40,21,43,21,44,20,48,14,56,15,50,14,60,13,59,14,64,9,63,10,64,3,65,3,67,4,72,3,74,9,70,1,72,3,73,13,75,4,75,4,71,3,73,4,0,0]"
CSI_DATA,285,1a:00:00:00:00:00,-45,11,1,0,1,1,1,0,0,0,1,-96,0,11,2,4141492,0,44,0,384,0,"[0,0,0,0,0,0,0,0,0,0,0,0,-9,4,-8,4,-8,4,-7,4,-6,4,-6,4,-5,4,-4,5,-3,4,-3,5,-2,5,-1,6,-1,5,-1,5,0,5,1,6,1,5,2,5,2,5,3,6,3,6,4,6,4,6,5,6,6,7,6,7,0,0,7,8,7,8,7,8,7,9,7,9,7,9,7,10,6,10,6,10,5,10,5,10,5,10,4,9,4,9,4,9,3,9,3,9,2,8,2,8,2,8,1,8,0,8,0,7,-1,7,-1,7,-1,6,0,0,0,0,0,0,0,0,0,0,0,0,0,0,-67,9,-61,9,-59,12,-50,13,-49,18,-41,16,-42,14,-41,14,-34,16,-29,25,-31,23,-27,23,-18,25,-16,24,-12,27,-8,27,-9,32,-9,31,-5,27,-2,34,6,36,5,34,10,37,9,33,10,37,17,40,21,42,24,39,27,41,30,45,30,44,31,52,26,52,29,52,33,53,27,59,26,60,30,61,28,64,24,62,22,56,18,60,22,60,15,60,14,59,15,60,7,55,6,55,5,50,3,48,6,49,2,43,-2,45,-8,39,-9,41,-7,38,-10,35,0,0,0,0,0,0,0,0,0,0,0,0,0,0,0,0,0,0,0,0,0,0,58,-26,59,-21,61,-16,66,-13,59,-10,55,-8,60,-3,55,-4,58,-5,52,-1,53,1,53,-7,55,-4,49,-3,47,0,43,-4,43,-11,35,-7,40,-6,37,-7,34,-10,37,-13,32,-15,28,-15,29,-16,19,-21,20,-22,21,-28,22,-23,17,-31,12,-30,14,-37,10,-42,11,-41,9,-43,6,-46,1,-49,1,-48,3,-51,-1,-55,-1,-54,-8,-56,-5,-59,-7,-63,-9,-65,-11,-60,-10,-63,-20,-64,-17,-71,-17,-69,-18,-69,-23,-75,-16,-77,-12,-68,-13,-76,-14,-79,-16,-73,0,0]"
CSI_DATA,286,1a:00:00:00:00:00,-46,11,1,0,1,1,1,0,0,0,1,-96,0,11,2,4156510,0,44,0,384,0,"[0,0,0,0,0,0,0,0,0,0,0,0,3,8,3,7,4,6,4,6,4,5,4,5,4,4,4,4,4,3,4,3,4,2,5,1,5,0,5,0,5,0,5,-1,5,-2,5,-2,6,-3,6,-4,6,-4,6,-4,6,-5,7,-6,7,-6,7,-6,0,0,8,-7,8,-6,9,-7,9,-7,9,-6,10,-7,10,-6,10,-6,10,-6,10,-5,10,-5,10,-4,10,-4,10,-4,9,-3,9,-2,9,-2,9,-2,9,-1,8,-1,8,-1,7,-1,7,0,6,0,6,1,6,1,0,0,0,0,0,0,0,0,0,0,0,0,0,0,13,61,16,54,23,51,16,52,19,42,15,41,17,37,18,34,27,27,22,26,23,25,22,23,29,16,27,13,24,12,28,2,29,3,32,-4,27,-3,26,-5,29,-9,29,-10,32,-12,35,-18,37,-19,35,-24,36,-22,34,-31,35,-31,41,-32,39,-36,42,-37,40,-35,46,-44,48,-39,49,-39,51,-37,53,-37,56,-35,54,-33,53,-29,55,-31,55,-29,57,-33,51,-23,54,-23,52,-18,50,-22,46,-16,48,-11,47,-8,44,-9,39,-7,38,-3,38,-4,41,0,32,6,0,0,0,0,0,0,0,0,0,0,0,0,0,0,0,0,0,0,0,0,0,0,-21,-58,-15,-63,-15,-60,-10,-61,-7,-60,-5,-60,0,-55,3,-57,-1,-58,-2,-54,3,-51,-1,-51,-1,-45,-1,-48,1,-44,0,-44,-2,-44,-3,-42,-2,-34,-9,-38,-4,-34,-7,-35,-9,-32,-18,-28,-20,-22,-22,-25,-18,-20,-23,-22,-28,-18,-30,-18,-29,-16,-35,-15,-33,-12,-37,-10,-42,-9,-43,-10,-43,-8,-48,-2,-51,5,-55,4,-51,4,-58,7,-60,8,-56,9,-61,4,-63,17,-64,14,-61,17,-64,18,-68,14,-68,22,-66,23,-74,17,-72,23,-68,23,-72,22,-68,17,0,0]"
CSI_DATA,287,1a:00:00:00:00:00,-46,11,1,0,1,1,1,0,0,0,1,-96,0,11,2,4182123,0,44,0,384,0,"[0,0,0,0,0,0,0,0,0,0,0,0,6,-7,6,-7,5,-7,4,-7,4,-7,3,-6,2,-7,1,-6,1,-7,0,-6,0,-6,-1,-6,-1,-6,-2,-6,-2,-6,-4,-6,-4,-6,-4,-6,-5,-5,-6,-5,-6,-5,-7,-5,-7,-5,-7,-6,-8,-6,-9,-6,0,0,-10,-6,-9,-7,-10,-7,-10,-7,-9,-7,-10,-8,-10,-8,-9,-8,-9,-8,-9,-9,-9,-9,-8,-9,-7,-9,-7,-9,-7,-9,-7,-9,-6,-9,-6,-8,-6,-8,-5,-8,-4,-8,-4,-8,-3,-8,-3,-8,-2,-7,-2,-7,0,0,0,0,0,0,0,0,0,0,0,0,0,0,56,-33,51,-25,47,-32,42,-30,40,-30,37,-27,27,-30,31,-28,24,-29,21,-34,20,-31,15,-32,12,-34,7,-29,4,-33,-2,-31,-5,-31,-4,-30,-6,-34,-10,-33,-17,-30,-19,-33,-22,-27,-26,-31,-24,-30,-32,-29,-32,-32,-33,-35,-37,-36,-43,-39,-39,-40,-43,-40,-38,-40,-47,-40,-47,-40,-51,-47,-52,-49,-49,-51,-46,-50,-43,-52,-44,-47,-32,-50,-31,-53,-38,-52,-35,-52,-29,-45,-25,-52,-24,-46,-23,-46,-21,-47,-19,-44,-16,-41,-11,-39,-9,-43,-6,-44,-6,-40,-2,-36,0,0,0,0,0,0,0,0,0,0,0,0,0,0,0,0,0,0,0,0,0,0,-48,41,-53,40,-55,33,-57,32,-55,27,-54,26,-48,22,-51,22,-55,25,-48,17,-50,18,-50,15,-51,18,-48,15,-48,10,-42,17,-40,22,-39,17,-36,17,-36,17,-34,16,-29,20,-26,20,-25,25,-23,23,-17,28,-14,23,-12,30,-11,27,-10,35,1,33,-4,37,-2,42,6,41,7,42,9,44,12,41,14,49,11,48,20,49,16,53,26,52,27,60,26,58,33,56,37,53,34,58,35,59,38,57,37,58,37,60,38,67,41,72,35,61,38,69,35,64,34,62,0,0]"
CSI_DATA,288,1a:00:00:00:00:00,-45,11,1,0,1,1,1,0,0,0,1,-96,0,11,2,4190648,0,44,0,384,0,"[0,0,0,0,0,0,0,0,0,0,0,0,8,4,7,3,8,2,8,2,7,1,6,1,6,0,6,-1,5,-1,5,-2,5,-2,5,-3,5,-3,4,-4,4,-4,4,-5,3,-5,3,-6,2,-7,3,-7,3,-7,2,-8,2,-9,2,-9,3,-10,2,-10,0,0,2,-11,3,-12,3,-12,2,-12,3,-12,4,-12,4,-12,4,-12,4,-12,4,-12,5,-11,5,-11,5,-10,5,-10,6,-9,5,-9,5,-9,5,-8,5,-8,5,-7,6,-6,6,-6,5,-6,6,-5,6,-4,5,-3,0,0,0,0,0,0,0,0,0,0,0,0,0,0,48,37,51,33,40,27,39,31,42,29,36,18,41,19,37,19,36,11,34,8,31,4,28,3,31,3,31,-7,25,-8,23,-12,29,-14,25,-19,28,-19,25,-21,22,-28,21,-26,22,-32,15,-34,18,-36,21,-39,20,-38,17,-41,19,-47,20,-51,16,-48,19,-54,20,-55,24,-59,20,-58,24,-59,29,-62,26,-57,30,-58,31,-55,34,-53,35,-52,31,-53,34,-50,37,-40,38,-47,33,-40,38,-37,34,-31,35,-31,39,-27,36,-30,34,-25,36,-26,33,-22,35,-15,31,-13,0,0,0,0,0,0,0,0,0,0,0,0,0,0,0,0,0,0,0,0,0,0,-63,-22,-54,-26,-55,-34,-48,-33,-50,-35,-42,-34,-41,-36,-37,-36,-38,-34,-39,-36,-37,-35,-36,-35,-42,-31,-35,-38,-31,-30,-32,-31,-31,-31,-31,-27,-29,-25,-31,-25,-30,-22,-32,-15,-27,-10,-32,-10,-32,-12,-30,0,-32,-2,-31,0,-33,7,-32,8,-33,14,-36,8,-36,14,-38,18,-37,21,-35,26,-38,27,-35,31,-34,36,-41,39,-39,33,-37,45,-37,44,-40,48,-34,44,-35,50,-41,50,-40,51,-40,55,-45,57,-37,61,-44,58,-44,59,-48,59,-46,60,-39,59,-44,56,0,0]"
CSI_DATA,289,1a:00:00:00:00:00,-45,11,1,0,1,1,1,0,0,0,1,-96,0,11,2,4200581,0,44,0,384,0,"[0,0,0,0,0,0,0,0,0,0,0,0,0,9,1,8,2,7,1,7,2,7,2,6,2,6,3,5,3,4,3,4,4,4,4,3,5,2,4,2,5,1,5,1,6,0,6,0,6,-1,6,-1,6,-1,7,-2,7,-2,8,-3,9,-3,9,-3,0,0,10,-3,10,-3,11,-4,11,-3,11,-3,11,-3,12,-3,12,-2,11,-2,11,-1,11,-1,11,-1,10,0,10,0,10,1,10,0,9,1,9,1,8,1,8,1,7,2,7,2,6,2,6,2,5,3,4,3,0,0,0,0,0,0,0,0,0,0,0,0,0,0,-1,62,5,60,10,54,9,48,9,45,5,44,14,38,17,35,13,37,18,32,18,30,14,23,21,26,22,19,25,24,28,11,28,6,28,5,27,5,30,8,33,1,31,-4,36,-6,32,-9,41,-8,41,-12,41,-10,45,-20,42,-17,46,-20,47,-21,57,-22,46,-25,51,-19,53,-22,63,-22,61,-19,63,-20,62,-14,61,-13,61,-11,63,-10,63,-6,59,-5,56,-5,56,-4,59,-2,52,-1,52,5,48,6,49,8,43,6,42,4,38,12,37,9,37,11,30,16,0,0,0,0,0,0,0,0,0,0,0,0,0,0,0,0,0,0,0,0,0,0,-16,-60,-7,-61,-10,-59,-3,-60,-1,-57,2,-56,3,-60,5,-56,5,-59,10,-51,10,-51,8,-52,5,-50,5,-44,10,-43,3,-46,1,-43,3,-39,-1,-37,-1,-36,-4,-36,-5,-33,-6,-31,-10,-27,-10,-30,-18,-31,-16,-29,-17,-25,-21,-19,-25,-21,-27,-15,-35,-18,-34,-15,-34,-16,-41,-11,-43,-10,-43,-10,-47,-14,-49,-9,-55,-4,-56,-5,-58,1,-60,-3,-60,-2,-58,2,-59,-2,-71,-1,-62,4,-70,3,-67,6,-67,8,-74,8,-74,-1,-72,1,-75,5,-72,3,-69,3,0,0]"
CSI_DATA,290,1a:00:00:00:00:00,-45,11,1,0,1,1,1,0,0,0,1,-96,0,11,2,4211539,0,44,0,384,0,"[0,0,0,0,0,0,0,0,0,0,0,0,-1,-10,-1,-9,-2,-9,-2,-8,-3,-7,-2,-7,-3,-6,-3,-6,-4,-6,-5,-5,-5,-5,-5,-4,-5,-4,-6,-3,-6,-3,-7,-2,-7,-2,-7,-2,-7,0,-8,0,-8,0,-9,1,-8,0,-9,1,-10,1,-10,2,0,0,-11,2,-11,2,-12,2,-12,2,-12,1,-12,2,-12,1,-12,1,-13,0,-13,-1,-13,-1,-12,-2,-12,-2,-10,-2,-11,-2,-10,-3,-10,-2,-10,-2,-9,-3,-9,-3,-8,-3,-8,-4,-8,-3,-7,-4,-6,-5,-5,-5,0,0,0,0,0,0,0,0,0,0,0,0,0,0,12,-62,8,-64,6,-54,0,-59,3,-52,-1,-49,-2,-48,-2,-40,-5,-40,-6,-36,-12,-34,-17,-31,-14,-30,-22,-26,-20,-27,-20,-19,-28,-19,-26,-18,-26,-10,-32,-15,-36,-11,-35,-9,-34,-4,-40,0,-39,1,-47,4,-44,7,-51,10,-49,8,-54,9,-54,4,-59,11,-57,13,-61,9,-65,11,-67,7,-66,7,-67,8,-67,5,-63,5,-67,1,-67,-5,-64,-2,-64,-8,-57,-5,-63,-8,-57,-9,-57,-12,-51,-13,-52,-13,-48,-14,-46,-14,-41,-11,-42,-18,-38,-22,-34,-19,-28,-28,0,0,0,0,0,0,0,0,0,0,0,0,0,0,0,0,0,0,0,0,0,0,-1,65,-8,54,-14,62,-16,57,-17,61,-22,50,-20,59,-23,52,-26,52,-21,51,-25,46,-20,49,-22,48,-25,41,-27,41,-16,44,-25,39,-15,36,-8,36,-9,31,-6,34,-2,34,-7,31,1,33,5,31,3,31,10,26,13,30,13,27,20,24,20,25,25,25,31,24,33,26,36,25,39,20,43,20,42,22,44,21,53,16,54,16,58,19,59,21,59,14,58,15,67,18,62,12,68,6,64,7,72,13,70,15,73,10,72,12,72,16,71,11,72,11,76,11,0,0]"
CSI_DATA,291,1a:00:00:00:00:00,-45,11,1,0,1,1,1,0,0,0,1,-96,0,11,2,4233041,0,44,0,384,0,"[0,0,0,0,0,0,0,0,0,0,0,0,9,-1,8,-1,8,-2,8,-2,7,-2,6,-2,5,-3,4,-4,5,-4,4,-4,3,-5,3,-5,3,-6,2,-6,2,-6,1,-7,1,-6,0,-7,0,-7,0,-8,-1,-8,-1,-9,-2,-9,-2,-9,-2,-10,-3,-10,0,0,-3,-11,-3,-11,-3,-12,-3,-12,-3,-12,-2,-13,-2,-13,-2,-12,-2,-12,-1,-12,0,-12,0,-12,1,-12,1,-11,1,-10,1,-11,1,-10,1,-10,1,-9,1,-9,2,-8,3,-8,3,-8,3,-6,3,-6,3,-5,0,0,0,0,0,0,0,0,0,0,0,0,0,0,66,5,59,6,56,1,52,3,49,-1,40,-8,42,-5,45,-5,39,-8,33,-13,31,-18,30,-17,26,-19,28,-19,22,-21,17,-28,22,-27,19,-26,15,-35,11,-32,11,-35,2,-33,3,-37,2,-36,-2,-38,1,-46,-5,-44,-10,-48,-5,-47,-17,-51,-10,-55,-12,-60,-8,-62,-7,-64,-9,-57,-4,-67,-6,-65,-8,-67,-1,-66,0,-63,-4,-63,3,-67,9,-61,8,-65,12,-61,11,-58,13,-55,12,-55,15,-50,9,-46,14,-48,13,-42,18,-45,23,-38,26,-31,19,-30,23,-28,0,0,0,0,0,0,0,0,0,0,0,0,0,0,0,0,0,0,0,0,0,0,-64,14,-58,5,-64,-1,-63,-3,-61,-5,-58,-10,-53,-6,-53,-9,-54,-13,-56,-12,-50,-11,-49,-9,-54,-9,-48,-14,-44,-10,-44,-11,-43,-10,-40,-11,-38,-5,-35,-8,-35,-3,-32,1,-30,5,-30,5,-34,6,-29,9,-23,12,-21,17,-27,14,-25,23,-24,22,-22,33,-21,29,-19,33,-20,37,-17,43,-14,39,-14,47,-17,44,-12,55,-15,52,-10,54,-13,56,-9,60,-10,59,1,68,-5,64,-7,62,-10,67,-8,70,-1,71,-7,72,-8,72,-10,66,-10,74,-6,74,-8,73,0,0]"
CSI_DATA,292,1a:00:00:00:00:00,-45,11,1,0,1,1,1,0,0,0,1,-96,0,11,2,4240530,0,44,0,384,0,"[0,0,0,0,0,0,0,0,0,0,0,0,2,-10,1,-9,0,-9,0,-8,-1,-8,-1,-7,-1,-7,-2,-6,-2,-6,-3,-6,-3,-6,-4,-5,-4,-5,-5,-4,-5,-4,-6,-4,-6,-3,-6,-3,-7,-2,-8,-2,-8,-1,-8,-1,-9,-2,-9,-1,-10,-1,-10,-1,0,0,-11,0,-11,-1,-12,-1,-13,0,-12,-1,-12,-1,-13,-1,-12,-1,-13,-2,-13,-3,-12,-3,-11,-3,-11,-3,-10,-3,-11,-4,-10,-4,-10,-4,-9,-4,-9,-4,-8,-4,-8,-5,-7,-4,-7,-4,-6,-5,-6,-5,-5,-5,0,0,0,0,0,0,0,0,0,0,0,0,0,0,10,-63,10,-55,4,-56,9,-53,7,-56,2,-48,-3,-41,-2,-41,-6,-33,-10,-37,-8,-35,-13,-30,-17,-29,-18,-22,-17,-29,-22,-21,-26,-20,-23,-17,-30,-11,-31,-12,-34,-13,-33,-9,-35,-4,-38,3,-39,5,-44,-1,-45,2,-51,5,-52,6,-56,8,-55,5,-58,10,-58,7,-61,4,-64,8,-64,8,-65,9,-63,6,-64,2,-64,2,-61,0,-62,-2,-60,-7,-59,-8,-57,-9,-60,-8,-55,-12,-52,-12,-48,-14,-55,-10,-46,-11,-49,-14,-40,-14,-35,-23,-32,-21,-32,-23,-29,-26,0,0,0,0,0,0,0,0,0,0,0,0,0,0,0,0,0,0,0,0,0,0,-5,62,-7,66,-9,58,-16,61,-21,56,-18,54,-23,49,-18,51,-15,50,-25,43,-25,48,-22,46,-26,47,-19,42,-24,38,-19,43,-12,38,-15,37,-10,37,-11,37,-7,37,-7,35,-4,30,-2,30,-4,28,7,29,9,31,9,25,14,24,21,26,24,23,27,27,28,22,31,19,35,25,40,22,43,20,42,24,44,19,49,21,48,19,57,16,54,19,59,15,59,14,56,7,61,12,66,10,67,10,67,16,68,13,73,15,75,17,66,16,73,15,69,14,67,9,0,0]"
CSI_DATA,293,1a:00:00:00:00:00,-45,11,1,0,1,1,1,0,0,0,1,-96,0,11,2,4250583,0,44,0,384,0,"[0,0,0,0,0,0,0,0,0,0,0,0,-10,3,-9,3,-9,2,-8,3,-7,3,-6,3,-5,4,-5,4,-5,4,-4,4,-4,4,-2,5,-2,5,-2,5,-1,5,0,6,0,6,0,6,1,6,1,7,2,6,2,7,3,7,3,7,4,8,4,8,0,0,5,9,5,10,5,10,6,10,4,10,5,10,5,11,4,12,4,11,4,11,3,11,2,10,2,10,2,10,1,10,2,9,1,10,1,9,0,9,0,9,0,8,-1,8,-2,7,-2,7,-2,6,-2,5,0,0,0,0,0,0,0,0,0,0,0,0,0,0,-60,8,-61,7,-56,13,-52,15,-44,13,-48,15,-35,14,-38,15,-36,20,-26,20,-33,21,-20,17,-25,25,-20,24,-21,25,-16,26,-12,31,-7,30,-9,31,-4,35,1,35,4,31,6,35,10,39,9,34,10,39,16,40,23,46,17,47,26,45,21,42,23,52,21,49,25,55,26,50,22,59,24,60,22,63,18,59,12,60,14,58,10,61,9,64,13,59,5,58,2,52,1,54,4,54,-5,50,-1,45,-3,44,1,44,-9,44,-9,40,-15,40,-15,33,-16,31,0,0,0,0,0,0,0,0,0,0,0,0,0,0,0,0,0,0,0,0,0,0,55,-22,59,-24,60,-16,62,-12,61,-7,55,-11,53,-7,50,-2,57,-4,53,1,51,-1,50,-3,52,-6,49,-6,46,0,42,3,40,-8,36,-4,37,-4,40,-9,36,-9,34,-10,21,-7,29,-12,26,-13,26,-20,24,-24,23,-26,19,-21,16,-28,14,-27,15,-34,13,-35,7,-39,8,-44,5,-43,-1,-45,-1,-48,6,-50,0,-53,-1,-60,-5,-58,-6,-59,-6,-61,-9,-62,-16,-59,-13,-62,-14,-61,-17,-66,-13,-68,-9,-70,-15,-71,-16,-73,-12,-67,-7,-73,-18,-71,-15,-70,0,0]"
CSI_DATA,294,1a:00:00:00:00:00,-45,11,1,0,1,1,1,0,0,0,1,-96,0,11,2,4260563,0,44,0,384,0,"[0,0,0,0,0,0,0,0,0,0,0,0,4,-9,3,-8,3,-9,2,-8,2,-8,2,-7,1,-7,0,-7,0,-7,-1,-6,-2,-7,-2,-6,-3,-6,-3,-6,-4,-6,-5,-6,-5,-5,-5,-5,-6,-4,-7,-4,-7,-4,-7,-5,-8,-4,-9,-4,-9,-4,-9,-4,0,0,-10,-4,-10,-5,-11,-5,-11,-5,-11,-5,-11,-6,-11,-6,-11,-6,-11,-7,-10,-7,-10,-7,-9,-7,-9,-7,-8,-8,-8,-8,-8,-8,-7,-8,-7,-7,-7,-7,-6,-8,-5,-8,-5,-7,-4,-8,-3,-7,-3,-7,-2,-7,0,0,0,0,0,0,0,0,0,0,0,0,0,0,39,-51,37,-41,31,-46,24,-44,26,-43,24,-42,17,-35,14,-36,14,-37,10,-39,10,-37,2,-32,2,-37,-2,-28,-6,-29,-13,-31,-16,-31,-15,-23,-15,-26,-23,-27,-26,-26,-25,-24,-28,-18,-28,-21,-35,-24,-37,-24,-37,-20,-43,-20,-47,-20,-50,-19,-50,-22,-57,-24,-48,-26,-53,-26,-51,-25,-55,-31,-60,-34,-59,-29,-55,-38,-53,-34,-54,-38,-50,-39,-49,-38,-45,-41,-45,-41,-39,-39,-41,-41,-37,-40,-39,-38,-31,-36,-31,-41,-27,-41,-26,-35,-17,-33,-14,-35,-17,-34,-12,-35,0,0,0,0,0,0,0,0,0,0,0,0,0,0,0,0,0,0,0,0,0,0,-25,56,-32,52,-33,48,-40,54,-37,44,-43,47,-37,36,-42,37,-42,40,-38,32,-39,38,-31,33,-39,34,-30,31,-31,35,-31,29,-28,34,-32,23,-24,31,-24,28,-22,24,-21,27,-13,23,-16,24,-12,28,-5,31,-1,34,1,31,0,26,5,33,9,35,10,34,19,32,14,33,19,37,24,37,25,37,31,37,30,36,35,37,41,41,38,37,42,46,43,38,49,42,53,38,49,38,57,40,52,39,53,42,52,40,60,44,58,49,51,42,57,43,58,44,55,41,0,0]"
CSI_DATA,295,1a:00:00:00:00:00,-45,11,1,0,1,1,1,0,0,0,1,-96,0,11,2,4270640,0,44,0,384,0,"[0,0,0,0,0,0,0,0,0,0,0,0,-8,-5,-8,-5,-8,-4,-8,-3,-8,-3,-7,-3,-7,-2,-7,-1,-7,-1,-7,0,-6,0,-6,1,-6,2,-6,2,-6,3,-6,3,-5,4,-5,4,-4,5,-5,5,-5,6,-4,7,-4,7,-4,7,-5,8,-4,8,0,0,-5,9,-5,10,-5,10,-5,10,-6,10,-6,10,-6,10,-7,9,-7,9,-8,9,-7,9,-8,8,-8,7,-8,8,-8,7,-8,6,-8,6,-7,5,-7,5,-7,4,-7,4,-7,4,-7,3,-7,2,-7,2,-6,1,0,0,0,0,0,0,0,0,0,0,0,0,0,0,-37,-55,-37,-47,-43,-43,-34,-43,-34,-40,-33,-37,-32,-31,-33,-27,-37,-19,-29,-20,-30,-18,-29,-13,-27,-14,-30,-4,-30,-3,-26,2,-31,1,-34,7,-32,10,-31,10,-30,17,-28,14,-32,22,-34,20,-32,25,-29,34,-31,32,-36,38,-34,35,-32,42,-33,41,-40,46,-37,38,-40,45,-40,45,-46,47,-47,44,-45,44,-45,45,-49,41,-49,39,-51,37,-52,30,-55,32,-52,34,-51,27,-51,23,-50,27,-47,24,-47,19,-46,15,-46,14,-44,14,-41,9,-41,5,-42,-2,-35,-3,0,0,0,0,0,0,0,0,0,0,0,0,0,0,0,0,0,0,0,0,0,0,50,36,45,43,40,40,43,50,36,45,29,50,30,46,31,43,28,48,28,45,25,47,21,41,23,46,25,45,22,37,19,36,22,38,16,34,22,34,22,31,21,23,28,25,22,19,21,20,28,18,28,14,24,13,26,3,28,6,35,2,31,-5,35,-1,33,-9,37,-11,41,-13,39,-14,41,-15,42,-14,42,-20,46,-30,49,-29,47,-28,52,-32,50,-35,49,-33,47,-44,45,-42,50,-39,50,-43,57,-44,57,-45,56,-43,61,-43,52,-37,59,-44,59,-43,56,-44,0,0]"
CSI_DATA,296,1a:00:00:00:00:00,-45,11,1,0,1,1,1,0,0,0,1,-96,0,11,2,4280569,0,44,0,384,0,"[0,0,0,0,0,0,0,0,0,0,0,0,-1,-10,-2,-10,-2,-8,-3,-8,-3,-8,-2,-7,-4,-7,-4,-6,-4,-5,-5,-5,-5,-5,-5,-4,-6,-4,-6,-3,-7,-3,-7,-2,-7,-2,-7,-1,-7,-1,-8,0,-8,0,-9,1,-9,1,-9,2,-10,2,-10,2,0,0,-11,3,-11,3,-12,3,-12,3,-12,2,-13,2,-13,2,-12,2,-13,1,-12,0,-13,0,-12,-1,-11,0,-12,-1,-11,-1,-11,-1,-11,-1,-10,-1,-10,-2,-9,-2,-9,-2,-8,-3,-8,-3,-7,-3,-7,-4,-6,-4,0,0,0,0,0,0,0,0,0,0,0,0,0,0,15,-53,10,-59,9,-55,5,-55,3,-55,3,-45,-1,-43,-8,-42,-9,-42,-8,-39,-13,-40,-11,-36,-16,-32,-18,-32,-21,-28,-29,-22,-29,-20,-26,-15,-25,-15,-28,-16,-32,-12,-36,-10,-37,-5,-38,-7,-41,1,-41,2,-49,2,-48,7,-51,7,-51,7,-57,11,-55,10,-60,9,-61,9,-61,10,-69,8,-67,3,-69,7,-71,4,-68,-2,-65,-3,-67,-6,-63,-5,-59,-8,-57,-7,-59,-11,-55,-12,-54,-11,-49,-11,-52,-16,-48,-14,-46,-16,-42,-16,-39,-20,-39,-22,-37,-21,-27,-24,0,0,0,0,0,0,0,0,0,0,0,0,0,0,0,0,0,0,0,0,0,0,-4,62,-8,61,-14,63,-18,59,-18,59,-25,54,-22,53,-21,54,-27,52,-25,51,-23,48,-19,49,-21,46,-24,44,-24,37,-16,42,-14,42,-16,40,-11,32,-11,35,-7,31,-4,36,-3,32,0,31,1,28,8,31,5,29,15,24,17,29,21,26,21,26,25,26,30,27,28,23,34,24,37,23,41,23,44,17,43,21,50,19,48,17,57,19,54,18,66,13,60,16,60,17,64,17,65,13,72,9,73,12,68,16,69,13,73,15,69,12,73,12,67,9,77,11,0,0]"
CSI_DATA,297,1a:00:00:00:00:00,-45,11,1,0,1,1,1,0,0,0,1,-96,0,11,2,4290561,0,44,0,384,0,"[0,0,0,0,0,0,0,0,0,0,0,0,6,6,6,5,7,4,6,4,6,3,5,3,5,2,5,2,5,1,6,1,5,0,5,-1,6,-1,6,-2,5,-2,5,-3,5,-3,5,-4,5,-5,5,-5,5,-5,5,-6,5,-6,5,-7,6,-8,6,-8,0,0,6,-9,7,-9,6,-9,7,-10,7,-9,8,-9,8,-9,8,-9,8,-9,9,-8,9,-7,9,-7,9,-7,8,-6,9,-6,8,-5,8,-5,8,-4,8,-4,7,-4,7,-3,7,-3,7,-2,7,-1,7,-1,6,0,0,0,0,0,0,0,0,0,0,0,0,0,0,0,43,50,43,45,40,41,34,39,36,32,35,29,39,24,36,23,36,18,33,17,34,11,29,11,34,7,30,0,26,0,31,-4,32,-6,32,-15,29,-13,30,-12,35,-22,29,-20,25,-31,27,-29,27,-29,29,-36,27,-33,29,-44,29,-44,29,-45,29,-50,29,-51,29,-49,34,-52,31,-54,40,-52,40,-50,37,-55,43,-55,46,-49,44,-47,48,-48,41,-37,42,-44,48,-41,48,-37,49,-33,43,-37,41,-27,49,-28,44,-26,40,-23,42,-20,42,-17,37,-14,40,-5,38,-3,0,0,0,0,0,0,0,0,0,0,0,0,0,0,0,0,0,0,0,0,0,0,-52,-39,-48,-45,-43,-43,-46,-50,-40,-49,-36,-49,-33,-50,-31,-50,-30,-51,-28,-47,-30,-49,-28,-45,-30,-44,-28,-42,-22,-42,-22,-40,-30,-37,-23,-33,-22,-34,-25,-33,-26,-26,-27,-25,-26,-21,-31,-17,-29,-19,-25,-9,-29,-9,-31,-7,-34,-2,-34,-2,-35,3,-39,3,-39,5,-40,12,-41,17,-40,16,-39,13,-46,19,-45,28,-44,27,-48,28,-50,35,-51,33,-52,39,-50,34,-50,42,-50,40,-49,43,-54,44,-55,49,-55,49,-52,50,-58,49,-52,45,-55,52,-60,49,-55,43,0,0]"
CSI_DATA,298,1a:00:00:00:00:00,-45,11,1,0,1,1,1,0,0,0,1,-96,0,11,2,4310707,0,44,0,384,0,"[0,0,0,0,0,0,0,0,0,0,0,0,-6,-8,-6,-7,-6,-7,-6,-7,-6,-6,-5,-5,-6,-4,-6,-3,-6,-3,-6,-2,-6,-2,-6,-1,-7,-1,-7,0,-6,0,-7,1,-6,2,-7,2,-6,3,-7,3,-7,3,-7,4,-7,4,-7,5,-8,6,-7,6,0,0,-8,7,-9,7,-9,7,-9,8,-9,7,-10,8,-10,8,-10,7,-10,7,-10,6,-11,5,-11,5,-10,4,-10,4,-10,4,-10,3,-10,3,-9,3,-9,2,-9,2,-9,1,-8,1,-8,1,-8,0,-7,-1,-6,-2,0,0,0,0,0,0,0,0,0,0,0,0,0,0,-37,-51,-35,-50,-37,-46,-31,-46,-33,-42,-27,-35,-30,-32,-34,-27,-37,-24,-28,-18,-32,-18,-31,-13,-31,-10,-32,-8,-31,-5,-29,-2,-36,1,-32,4,-34,7,-31,10,-33,16,-29,17,-30,21,-31,28,-28,27,-33,26,-28,30,-33,36,-33,40,-29,37,-36,44,-37,45,-43,42,-37,47,-38,52,-42,45,-42,47,-40,51,-49,45,-50,40,-50,39,-56,40,-50,36,-51,37,-49,33,-53,29,-50,29,-48,32,-46,19,-46,20,-49,22,-46,17,-40,13,-43,7,-39,8,-37,3,-35,-1,0,0,0,0,0,0,0,0,0,0,0,0,0,0,0,0,0,0,0,0,0,0,47,45,40,45,39,50,29,53,31,55,25,52,26,51,26,48,18,48,27,51,17,52,24,48,21,41,20,47,9,41,16,43,17,43,17,38,12,33,21,36,18,33,23,28,20,29,22,25,19,19,28,15,27,16,25,12,29,9,30,2,29,1,42,0,41,-1,40,-7,38,-8,38,-9,43,-11,46,-14,44,-19,50,-20,50,-19,55,-23,52,-24,53,-31,51,-24,46,-32,53,-32,54,-36,55,-37,58,-41,58,-38,56,-43,60,-34,58,-38,64,-39,57,-38,59,-39,0,0]"
CSI_DATA,299,1a:00:00:00:00:00,-45,11,1,0,1,1,1,0,0,0,1,-96,0,11,2,4320628,0,44,0,384,0,"[0,0,0,0,0,0,0,0,0,0,0,0,0,-10,0,-9,-1,-9,-2,-9,-2,-8,-2,-7,-2,-7,-3,-7,-3,-6,-4,-5,-4,-5,-4,-5,-5,-4,-5,-4,-5,-4,-6,-4,-6,-3,-7,-3,-7,-2,-8,-2,-8,-1,-9,-1,-9,-1,-9,0,-10,0,-10,0,0,0,-11,0,-12,0,-12,0,-12,0,-12,-1,-12,-1,-13,-1,-12,-2,-13,-2,-13,-3,-12,-3,-11,-3,-11,-4,-10,-4,-10,-4,-10,-5,-10,-4,-8,-4,-8,-4,-8,-5,-8,-5,-7,-5,-7,-5,-6,-5,-5,-6,-4,-6,0,0,0,0,0,0,0,0,0,0,0,0,0,0,12,-63,12,-61,4,-54,6,-55,-2,-52,4,-44,-2,-44,-8,-44,-3,-37,-10,-37,-14,-32,-12,-29,-16,-33,-16,-26,-15,-25,-25,-23,-28,-19,-28,-17,-29,-16,-31,-17,-34,-9,-32,-12,-34,-5,-36,-4,-41,-4,-45,-2,-45,2,-44,4,-52,3,-52,7,-54,6,-61,6,-56,2,-61,3,-62,5,-64,3,-61,0,-63,0,-63,-6,-66,-5,-62,-11,-63,-8,-60,-7,-61,-10,-56,-12,-58,-16,-55,-16,-51,-16,-48,-14,-47,-16,-45,-21,-43,-24,-42,-20,-36,-24,-29,-22,-29,-25,-27,-28,0,0,0,0,0,0,0,0,0,0,0,0,0,0,0,0,0,0,0,0,0,0,9,59,1,61,-1,57,-9,60,-9,56,-11,51,-15,52,-12,53,-17,54,-16,52,-16,51,-13,47,-12,53,-13,47,-12,46,-14,45,-13,43,-12,39,-3,33,-6,33,-1,33,0,33,-2,31,3,28,6,31,8,28,8,25,10,26,16,25,25,23,23,25,28,22,31,19,28,19,32,22,38,23,40,17,43,14,45,18,50,14,47,13,53,14,59,15,55,10,53,11,62,17,66,11,64,8,68,11,63,9,66,10,67,7,76,12,67,8,67,11,76,6,70,7,0,0]"
CSI_DATA,300,1a:00:00:00:00:00,-45,11,1,0,1,1,1,0,0,0,1,-96,0,11,2,4330579,0,44,0,384,0,"[0,0,0,0,0,0,0,0,0,0,0,0,9,-2,8,-3,8,-3,7,-3,6,-3,5,-4,5,-5,4,-5,4,-5,3,-5,3,-6,2,-6,2,-6,2,-6,1,-6,0,-7,0,-7,-1,-7,-1,-7,-2,-8,-2,-7,-3,-8,-3,-8,-3,-9,-4,-10,-4,-10,0,0,-5,-11,-4,-10,-5,-11,-5,-12,-4,-11,-5,-12,-4,-12,-4,-12,-4,-12,-3,-12,-2,-12,-1,-12,-1,-11,-1,-11,-1,-11,-1,-10,0,-10,0,-10,0,-9,0,-9,1,-9,1,-8,2,-8,2,-7,2,-7,3,-6,0,0,0,0,0,0,0,0,0,0,0,0,0,0,62,-15,54,-9,59,-17,53,-14,46,-14,44,-14,40,-20,42,-16,34,-18,32,-22,28,-30,23,-26,23,-27,22,-28,11,-27,13,-32,10,-32,9,-34,2,-32,-3,-33,-2,-38,-6,-38,-9,-40,-11,-43,-9,-37,-18,-42,-19,-42,-23,-44,-21,-45,-25,-46,-28,-51,-25,-52,-25,-52,-26,-58,-30,-56,-23,-65,-22,-62,-25,-63,-23,-67,-23,-60,-17,-60,-17,-61,-9,-65,-13,-59,-6,-64,-8,-58,-3,-58,-5,-54,-4,-55,0,-51,5,-47,4,-47,9,-49,11,-40,10,-39,12,-36,17,-34,0,0,0,0,0,0,0,0,0,0,0,0,0,0,0,0,0,0,0,0,0,0,-58,30,-57,21,-60,23,-64,14,-61,16,-58,10,-59,8,-55,5,-56,5,-55,2,-52,0,-51,4,-55,4,-49,1,-47,0,-40,3,-44,3,-39,5,-41,15,-40,2,-38,2,-31,10,-29,12,-30,4,-31,16,-27,22,-20,20,-19,25,-19,24,-17,32,-18,30,-13,40,-11,38,-11,37,-9,44,-5,40,-3,45,1,50,-2,52,6,54,3,56,12,57,6,62,7,60,13,63,14,63,12,62,13,65,13,65,11,72,16,73,22,69,17,77,18,71,18,78,16,72,14,67,0,0]"
CSI_DATA,301,1a:00:00:00:00:00,-45,11,1,0,1,1,1,0,0,0,1,-96,0,11,2,4350783,0,44,0,384,0,"[0,0,0,0,0,0,0,0,0,0,0,0,-1,-10,-1,-10,-3,-8,-2,-9,-3,-7,-2,-8,-3,-7,-3,-6,-4,-6,-4,-5,-5,-5,-5,-4,-6,-3,-6,-3,-6,-3,-6,-2,-7,-2,-7,-2,-7,-1,-8,-1,-8,-1,-9,0,-9,0,-9,1,-10,1,-10,2,0,0,-11,1,-11,2,-12,1,-12,1,-12,1,-12,1,-13,0,-12,0,-13,0,-12,0,-12,-1,-12,-2,-11,-1,-11,-2,-11,-2,-10,-3,-10,-3,-10,-3,-9,-3,-9,-3,-9,-4,-8,-4,-7,-4,-6,-4,-6,-5,-5,-5,0,0,0,0,0,0,0,0,0,0,0,0,0,0,6,-63,-1,-60,-3,-62,0,-51,-4,-49,-2,-50,-13,-43,-12,-43,-15,-37,-12,-37,-19,-31,-18,-28,-23,-31,-24,-25,-24,-26,-25,-19,-27,-21,-26,-11,-31,-13,-32,-9,-36,-12,-33,-10,-36,1,-39,0,-41,-2,-42,3,-40,6,-48,10,-48,8,-55,10,-57,10,-61,9,-60,10,-61,15,-62,12,-67,8,-65,8,-66,11,-64,2,-67,1,-63,0,-67,-4,-68,-2,-63,-5,-59,-3,-56,-9,-58,-13,-54,-11,-51,-10,-48,-14,-49,-14,-46,-13,-41,-17,-36,-20,-38,-22,-36,-23,-29,-25,0,0,0,0,0,0,0,0,0,0,0,0,0,0,0,0,0,0,0,0,0,0,14,64,8,64,2,63,1,60,-5,61,-9,58,-11,55,-10,56,-12,56,-11,52,-12,52,-11,51,-10,54,-12,54,-12,44,-12,45,-8,45,-9,40,-6,36,-2,34,-3,34,3,30,5,30,7,30,5,30,13,27,16,28,16,29,19,23,25,21,23,21,27,21,31,19,39,20,38,19,44,17,44,17,44,14,48,15,55,6,57,10,58,6,62,12,62,8,60,9,58,4,63,2,68,2,69,5,69,4,70,-1,71,1,74,2,66,-1,74,3,71,3,70,5,0,0]"
CSI_DATA,302,1a:00:00:00:00:00,-45,11,1,0,1,1,1,0,0,0,1,-96,0,11,2,4360585,0,44,0,384,0,"[0,0,0,0,0,0,0,0,0,0,0,0,-6,7,-5,7,-4,7,-4,7,-3,6,-3,7,-1,6,-2,6,-1,6,0,5,0,6,1,5,2,5,2,5,2,5,3,5,4,5,4,4,5,4,5,4,5,4,6,4,6,4,7,4,8,4,8,4,0,0,9,4,9,5,10,5,10,5,10,6,10,6,10,6,9,6,10,6,9,7,9,7,8,8,7,7,7,7,6,8,7,8,6,7,6,7,5,7,5,7,4,7,3,7,3,7,2,6,2,6,1,6,0,0,0,0,0,0,0,0,0,0,0,0,0,0,-50,38,-46,39,-36,37,-41,39,-33,40,-32,38,-24,36,-28,35,-20,36,-19,35,-11,35,-10,37,-6,35,-3,27,-2,34,1,31,4,30,8,31,12,29,13,30,19,27,21,26,24,24,28,27,29,24,34,24,37,22,36,20,37,27,46,27,47,29,52,28,46,32,52,32,53,33,47,38,46,41,52,40,51,38,50,44,46,40,46,46,41,47,39,47,34,39,39,43,35,42,30,44,29,42,28,42,28,41,24,41,19,41,13,34,8,37,7,38,5,38,0,0,0,0,0,0,0,0,0,0,0,0,0,0,0,0,0,0,0,0,0,0,27,-54,38,-49,42,-47,46,-44,44,-38,47,-36,46,-34,40,-37,47,-32,45,-29,46,-30,42,-30,46,-29,41,-27,35,-25,37,-24,37,-27,33,-26,26,-25,27,-24,25,-22,22,-24,19,-27,11,-27,11,-28,9,-33,5,-30,6,-34,2,-34,1,-33,-5,-32,-6,-37,-11,-39,-15,-35,-16,-39,-19,-36,-18,-40,-23,-41,-22,-40,-29,-46,-27,-46,-34,-44,-40,-46,-37,-48,-40,-48,-46,-45,-41,-48,-50,-47,-45,-48,-48,-56,-47,-51,-51,-52,-52,-54,-52,-53,-52,-58,-51,-54,-50,-50,0,0]"
CSI_DATA,303,1a:00:00:00:00:00,-45,11,1,0,1,1,1,0,0,0,1,-96,0,11,2,4380575,0,44,0,384,0,"[0,0,0,0,0,0,0,0,0,0,0,0,4,8,4,7,4,6,4,6,5,5,4,5,5,4,4,3,5,3,5,2,5,2,5,2,5,1,6,0,6,0,6,-1,6,-2,6,-1,6,-3,6,-3,7,-4,7,-4,7,-4,8,-5,8,-5,8,-6,0,0,9,-6,9,-6,9,-6,10,-6,10,-6,10,-6,11,-6,10,-5,11,-4,11,-4,11,-3,11,-3,10,-3,10,-2,10,-1,9,-1,9,-1,9,-1,9,-1,8,0,8,0,7,1,7,1,7,2,6,2,5,2,0,0,0,0,0,0,0,0,0,0,0,0,0,0,21,56,20,53,22,52,19,51,20,50,21,40,26,36,24,35,26,27,23,30,29,26,25,23,30,19,27,13,28,13,29,7,36,4,37,1,33,0,28,-4,37,-4,33,-6,36,-11,32,-12,32,-19,41,-20,41,-20,38,-27,39,-30,44,-32,45,-33,47,-34,48,-31,49,-34,50,-35,54,-30,54,-30,62,-30,60,-25,61,-26,58,-22,58,-17,56,-17,60,-17,56,-15,55,-15,57,-7,53,-11,47,-8,48,-4,48,0,46,0,47,0,41,4,38,5,39,15,34,14,0,0,0,0,0,0,0,0,0,0,0,0,0,0,0,0,0,0,0,0,0,0,-46,-50,-37,-50,-29,-50,-31,-54,-30,-53,-21,-56,-17,-54,-21,-48,-15,-58,-16,-50,-12,-54,-12,-47,-18,-53,-18,-46,-10,-46,-13,-43,-12,-43,-10,-39,-19,-35,-14,-35,-18,-31,-17,-31,-17,-27,-20,-24,-23,-22,-22,-19,-24,-22,-28,-18,-29,-12,-33,-7,-31,-7,-38,-5,-35,-5,-40,-2,-44,3,-44,3,-44,2,-45,8,-47,10,-54,12,-50,13,-54,17,-54,17,-56,19,-55,16,-61,20,-61,21,-59,25,-65,28,-68,23,-65,27,-70,29,-75,29,-63,24,-68,29,-67,23,-68,24,0,0]"
CSI_DATA,304,1a:00:00:00:00:00,-45,11,1,0,1,1,1,0,0,0,1,-96,0,11,2,4390561,0,44,0,384,0,"[0,0,0,0,0,0,0,0,0,0,0,0,-9,-3,-9,-2,-8,-1,-8,-2,-8,-1,-8,0,-7,0,-6,1,-6,1,-6,2,-5,2,-5,3,-5,3,-5,3,-5,4,-4,4,-3,5,-3,5,-3,5,-3,6,-3,6,-2,7,-2,7,-2,8,-2,9,-2,9,0,0,-2,10,-2,10,-2,10,-2,10,-3,11,-3,11,-3,11,-4,10,-4,11,-4,10,-4,10,-5,9,-5,9,-5,9,-5,8,-6,8,-5,7,-5,7,-5,7,-5,6,-6,6,-6,5,-6,5,-6,4,-6,3,-6,3,0,0,0,0,0,0,0,0,0,0,0,0,0,0,-49,-43,-48,-37,-47,-33,-42,-27,-43,-26,-43,-21,-41,-19,-43,-21,-40,-17,-31,-9,-37,-5,-34,-3,-35,1,-32,1,-33,6,-29,11,-34,12,-30,17,-29,14,-27,21,-25,23,-24,24,-24,31,-17,33,-21,32,-19,35,-23,36,-18,44,-22,43,-21,43,-20,48,-20,54,-22,52,-23,56,-25,57,-26,57,-27,59,-29,56,-33,55,-30,58,-33,54,-35,48,-40,55,-39,51,-36,44,-36,42,-39,43,-39,40,-34,36,-33,33,-38,30,-37,27,-37,25,-35,21,-38,19,-35,18,-35,12,0,0,0,0,0,0,0,0,0,0,0,0,0,0,0,0,0,0,0,0,0,0,51,29,50,33,49,34,44,35,49,42,35,42,39,38,34,43,34,47,31,40,31,40,26,35,28,40,31,40,34,37,24,36,31,29,20,33,28,30,29,28,31,23,26,22,23,17,28,14,28,11,28,12,27,5,30,1,32,3,30,-4,31,-6,35,-10,32,-11,35,-20,39,-16,37,-20,35,-27,37,-27,39,-27,43,-36,44,-36,38,-40,40,-42,40,-43,34,-45,35,-45,41,-48,41,-52,41,-55,42,-56,41,-57,42,-58,49,-58,41,-48,48,-59,42,-60,42,-55,0,0]"
CSI_DATA,305,1a:00:00:00:00:00,-45,11,1,0,1,1,1,0,0,0,1,-96,0,11,2,4400571,0,44,0,384,0,"[0,0,0,0,0,0,0,0,0,0,0,0,9,-2,8,-2,8,-3,8,-3,7,-3,6,-3,5,-4,5,-4,4,-5,4,-5,3,-5,3,-6,3,-6,2,-6,2,-6,1,-7,0,-7,0,-7,-1,-7,-1,-7,-1,-8,-2,-8,-2,-9,-3,-9,-3,-10,-3,-10,0,0,-4,-11,-4,-11,-4,-12,-4,-12,-4,-11,-4,-12,-3,-13,-3,-12,-3,-12,-2,-12,-2,-12,-1,-12,-1,-11,-1,-11,-1,-11,0,-10,0,-11,0,-10,0,-9,0,-9,1,-9,2,-8,2,-8,2,-7,2,-7,3,-5,0,0,0,0,0,0,0,0,0,0,0,0,0,0,69,-4,63,-3,60,-6,49,-12,47,-9,43,-14,45,-11,46,-19,38,-15,34,-19,31,-19,27,-24,22,-25,23,-23,15,-26,12,-27,14,-32,13,-30,8,-32,6,-37,3,-41,1,-35,-2,-38,-1,-43,-3,-41,-7,-43,-14,-44,-14,-48,-15,-52,-19,-51,-16,-49,-20,-59,-14,-56,-18,-62,-23,-59,-15,-64,-17,-68,-17,-67,-11,-70,-9,-65,-9,-66,-5,-64,-3,-64,-2,-66,1,-62,-1,-56,5,-61,3,-54,4,-54,8,-52,11,-49,8,-45,10,-47,16,-41,14,-41,19,-34,16,-31,0,0,0,0,0,0,0,0,0,0,0,0,0,0,0,0,0,0,0,0,0,0,-58,26,-64,19,-62,14,-67,10,-61,8,-67,2,-57,0,-61,-2,-61,-3,-56,-2,-56,-3,-55,-4,-55,-4,-54,-4,-50,-1,-43,-7,-49,1,-40,1,-42,-1,-38,1,-37,2,-31,6,-35,8,-33,10,-28,14,-26,16,-28,15,-26,24,-29,24,-22,29,-17,30,-17,32,-17,35,-13,38,-16,40,-11,39,-7,43,-6,47,-7,48,1,54,-6,58,2,55,2,61,3,60,1,66,12,64,5,64,6,64,10,65,11,71,13,71,10,72,5,74,10,71,9,77,10,73,8,70,0,0]"
CSI_DATA,306,1a:00:00:00:00:00,-45,11,1,0,1,1,1,0,0,0,1,-96,0,11,2,4420563,0,44,0,384,0,"[0,0,0,0,0,0,0,0,0,0,0,0,3,-9,3,-9,2,-9,2,-8,1,-8,1,-7,0,-7,-1,-7,-1,-7,-2,-6,-2,-6,-3,-6,-3,-6,-4,-6,-4,-5,-5,-5,-5,-5,-6,-5,-6,-4,-7,-4,-7,-4,-8,-4,-8,-4,-9,-3,-9,-3,-9,-3,0,0,-11,-4,-11,-3,-12,-4,-12,-4,-12,-4,-12,-5,-12,-6,-11,-5,-12,-6,-11,-6,-11,-6,-10,-6,-10,-6,-9,-6,-9,-7,-9,-7,-8,-7,-8,-6,-7,-7,-7,-6,-6,-7,-6,-7,-5,-7,-4,-6,-4,-7,-3,-6,0,0,0,0,0,0,0,0,0,0,0,0,0,0,44,-42,37,-44,35,-46,28,-43,31,-42,26,-42,22,-39,20,-35,17,-35,10,-42,8,-37,4,-34,3,-35,-1,-34,1,-34,-7,-32,-11,-29,-17,-27,-21,-29,-19,-34,-22,-25,-28,-26,-26,-21,-30,-23,-30,-23,-36,-22,-42,-22,-46,-23,-45,-26,-50,-23,-52,-21,-54,-19,-53,-25,-57,-23,-56,-19,-57,-28,-55,-27,-59,-29,-56,-37,-61,-31,-59,-37,-50,-34,-51,-39,-49,-38,-48,-36,-46,-39,-42,-37,-39,-38,-37,-38,-37,-35,-33,-36,-32,-38,-27,-35,-20,-38,-18,-36,-16,-36,-8,-35,0,0,0,0,0,0,0,0,0,0,0,0,0,0,0,0,0,0,0,0,0,0,-38,55,-38,49,-47,46,-48,45,-48,42,-45,39,-46,32,-49,32,-48,31,-45,33,-46,30,-46,27,-45,31,-45,23,-39,25,-40,21,-37,29,-33,27,-29,24,-31,23,-28,24,-25,26,-23,25,-13,22,-16,26,-7,32,-7,33,-9,28,-3,31,3,33,4,35,7,32,9,36,12,36,16,36,19,39,21,39,27,43,29,40,31,44,33,42,33,47,39,42,42,45,40,46,40,39,51,42,50,44,50,45,52,47,53,48,54,48,52,51,58,49,51,52,52,46,49,50,0,0]"
CSI_DATA,307,1a:00:00:00:00:00,-45,11,1,0,1,1,1,0,0,0,1,-96,0,11,2,4432104,0,44,0,384,0,"[0,0,0,0,0,0,0,0,0,0,0,0,2,-11,1,-10,0,-9,0,-8,0,-8,0,-8,-1,-8,-2,-7,-2,-7,-3,-6,-3,-6,-4,-6,-4,-5,-5,-4,-5,-4,-6,-4,-6,-4,-6,-4,-6,-3,-7,-3,-7,-3,-9,-2,-9,-3,-9,-2,-10,-2,-10,-1,0,0,-11,-2,-11,-2,-12,-2,-12,-2,-12,-2,-12,-3,-12,-3,-12,-3,-12,-4,-12,-5,-12,-5,-10,-5,-10,-5,-10,-5,-10,-6,-9,-6,-9,-6,-9,-5,-8,-6,-8,-5,-7,-6,-6,-6,-6,-6,-5,-6,-4,-6,-3,-6,0,0,0,0,0,0,0,0,0,0,0,0,0,0,29,-58,22,-55,16,-61,17,-54,9,-50,14,-50,8,-43,7,-42,1,-37,0,-39,-3,-39,-5,-37,-9,-36,-11,-27,-14,-31,-19,-30,-24,-27,-22,-25,-22,-19,-28,-24,-35,-17,-31,-19,-37,-10,-39,-16,-37,-14,-46,-14,-47,-10,-51,-2,-47,-5,-54,-4,-60,-7,-64,-6,-57,-10,-65,-5,-62,-3,-66,-7,-68,-10,-68,-10,-63,-16,-63,-18,-60,-14,-63,-20,-62,-21,-57,-21,-58,-21,-54,-23,-56,-25,-49,-29,-51,-25,-44,-27,-39,-28,-44,-29,-37,-27,-33,-29,-29,-27,-30,-33,-22,-32,0,0,0,0,0,0,0,0,0,0,0,0,0,0,0,0,0,0,0,0,0,0,-12,65,-19,64,-21,58,-29,54,-24,55,-32,52,-33,53,-31,49,-36,49,-30,42,-30,42,-31,41,-26,46,-30,38,-31,35,-24,35,-29,40,-24,37,-19,34,-18,30,-14,27,-12,29,-11,31,-6,31,-6,31,-2,34,2,34,7,35,3,26,19,32,13,32,19,29,22,34,25,34,30,33,28,32,31,29,38,28,39,32,47,28,45,28,52,28,52,29,53,29,57,30,58,22,61,23,60,26,64,29,64,25,64,24,69,28,72,28,68,24,71,27,70,24,66,26,0,0]"
CSI_DATA,308,1a:00:00:00:00:00,-45,11,1,0,1,1,1,0,0,0,1,-96,0,11,2,4440539,0,44,0,384,0,"[0,0,0,0,0,0,0,0,0,0,0,0,-8,-6,-7,-6,-8,-5,-8,-4,-8,-4,-7,-3,-7,-3,-6,-2,-7,-1,-7,-1,-7,0,-7,1,-7,1,-6,1,-6,2,-6,3,-5,4,-5,4,-5,4,-6,4,-5,5,-5,6,-5,6,-6,7,-6,7,-5,8,0,0,-6,8,-7,9,-7,9,-7,9,-7,9,-8,9,-8,9,-8,9,-8,8,-9,8,-9,8,-9,7,-9,7,-9,6,-9,6,-9,5,-9,5,-8,5,-8,4,-8,3,-9,3,-8,2,-8,2,-8,1,-8,0,-7,0,0,0,0,0,0,0,0,0,0,0,0,0,0,0,-49,-37,-51,-38,-54,-35,-43,-25,-39,-32,-42,-24,-42,-19,-40,-18,-38,-14,-34,-13,-34,-7,-30,-5,-31,-4,-31,1,-36,5,-32,9,-33,12,-30,16,-29,16,-25,21,-27,26,-25,23,-25,30,-25,28,-26,27,-23,38,-24,35,-23,43,-18,42,-22,45,-22,47,-23,53,-26,47,-26,53,-29,53,-32,58,-30,54,-33,58,-36,52,-35,47,-39,49,-37,46,-43,50,-41,49,-41,41,-42,42,-39,37,-41,33,-42,28,-39,29,-42,27,-43,21,-41,22,-41,18,-39,18,-42,11,-34,3,0,0,0,0,0,0,0,0,0,0,0,0,0,0,0,0,0,0,0,0,0,0,58,17,54,26,54,29,55,33,50,36,46,36,43,35,42,36,44,39,38,36,37,39,39,37,39,32,36,34,32,34,29,32,36,29,28,28,32,23,29,24,30,23,31,21,24,14,30,10,30,9,31,2,29,3,31,-3,30,-1,31,-9,26,-10,34,-13,32,-16,30,-17,35,-18,33,-22,32,-26,35,-33,38,-33,33,-39,40,-37,33,-40,38,-45,39,-43,34,-45,40,-57,39,-51,34,-52,41,-58,42,-57,42,-60,39,-60,45,-54,40,-58,44,-64,44,-64,40,-57,0,0]"
CSI_DATA,309,1a:00:00:00:00:00,-45,11,1,0,1,1,1,0,0,0,1,-96,0,11,2,4450616,0,44,0,384,0,"[0,0,0,0,0,0,0,0,0,0,0,0,-6,7,-5,7,-4,7,-4,6,-3,6,-3,6,-2,6,-2,6,-2,6,0,5,0,5,1,5,1,5,1,5,2,5,3,5,3,4,3,5,4,4,5,4,4,4,6,4,6,4,7,4,7,4,8,4,0,0,8,5,9,5,9,5,9,6,9,6,9,6,9,7,8,7,8,7,8,8,8,8,6,8,6,7,5,8,6,8,6,7,5,7,4,7,4,7,3,7,3,7,2,7,2,7,1,6,1,6,0,6,0,0,0,0,0,0,0,0,0,0,0,0,0,0,-44,40,-45,43,-39,46,-36,44,-32,36,-34,37,-21,34,-23,37,-17,36,-15,34,-12,37,-10,34,-6,35,-1,30,-1,41,6,31,7,34,10,31,12,29,16,28,23,28,22,30,26,26,25,24,29,25,33,26,37,26,40,27,45,26,44,28,45,26,48,25,55,27,53,32,55,27,54,36,60,38,52,36,55,39,48,39,52,44,51,40,44,46,41,41,37,45,40,44,38,48,30,44,29,40,30,43,25,42,19,40,18,44,13,42,11,38,9,37,5,37,0,0,0,0,0,0,0,0,0,0,0,0,0,0,0,0,0,0,0,0,0,0,31,-58,33,-54,39,-53,40,-50,43,-47,47,-36,43,-43,43,-38,44,-38,46,-30,46,-34,41,-32,42,-35,42,-30,38,-25,34,-33,34,-31,33,-30,32,-27,30,-29,24,-22,21,-27,18,-31,16,-29,12,-30,8,-31,9,-29,5,-31,1,-32,3,-34,-4,-33,-6,-37,-11,-35,-13,-38,-19,-45,-19,-39,-21,-42,-25,-41,-28,-43,-34,-41,-35,-42,-40,-45,-42,-45,-41,-49,-43,-44,-56,-49,-50,-47,-47,-47,-50,-46,-49,-48,-53,-49,-60,-46,-54,-51,-56,-47,-61,-53,-55,-53,-56,-50,0,0]"
CSI_DATA,310,1a:00:00:00:00:00,-45,11,1,0,1,1,1,0,0,0,1,-96,0,11,2,4460662,0,44,0,384,0,"[0,0,0,0,0,0,0,0,0,0,0,0,9,-4,8,-4,7,-4,7,-4,6,-4,5,-4,5,-5,4,-5,4,-5,3,-5,3,-6,2,-6,2,-6,1,-6,1,-7,0,-7,-1,-7,-1,-7,-1,-7,-2,-8,-2,-8,-3,-8,-3,-8,-4,-9,-4,-9,-5,-9,0,0,-5,-10,-5,-11,-5,-11,-6,-11,-5,-11,-5,-12,-4,-12,-5,-12,-4,-12,-4,-12,-3,-12,-2,-12,-2,-12,-2,-11,-1,-11,-1,-11,-1,-11,-1,-10,-1,-9,0,-9,0,-9,1,-8,1,-8,2,-8,2,-7,2,-6,0,0,0,0,0,0,0,0,0,0,0,0,0,0,66,-4,58,-3,60,-4,52,-4,52,-6,50,-7,38,-9,45,-9,36,-17,31,-17,32,-19,25,-19,23,-25,24,-28,20,-25,15,-30,14,-37,13,-30,10,-33,5,-34,4,-36,-1,-32,-5,-33,-3,-39,-7,-45,-4,-43,-15,-47,-12,-49,-14,-51,-18,-49,-17,-47,-19,-54,-18,-59,-20,-64,-22,-59,-15,-67,-15,-65,-17,-66,-13,-69,-14,-66,-12,-62,-6,-66,-7,-65,-7,-67,0,-65,-3,-57,-1,-58,0,-58,3,-53,4,-48,6,-51,6,-47,6,-48,16,-46,16,-35,17,-35,21,-29,0,0,0,0,0,0,0,0,0,0,0,0,0,0,0,0,0,0,0,0,0,0,-60,18,-62,11,-64,11,-63,0,-63,2,-57,-4,-58,-3,-59,-8,-60,-4,-53,-6,-52,-7,-54,-6,-53,-6,-49,-11,-49,-10,-47,-6,-43,-2,-41,-4,-41,1,-40,-4,-41,-1,-36,1,-32,7,-31,7,-33,10,-31,14,-30,18,-25,21,-29,23,-23,26,-19,26,-16,31,-21,33,-20,36,-17,39,-18,39,-9,43,-6,47,-13,52,-9,55,-7,54,-2,62,-4,57,-4,61,2,58,2,63,-2,65,9,67,2,72,3,72,6,71,7,76,7,80,2,70,3,75,5,80,4,72,0,0]"
CSI_DATA,311,1a:00:00:00:00:00,-45,11,1,0,1,1,1,0,0,0,1,-96,0,11,2,4471084,0,44,0,384,0,"[0,0,0,0,0,0,0,0,0,0,0,0,3,9,2,8,4,7,3,7,4,6,3,6,4,5,4,4,4,4,5,2,5,3,5,2,6,1,6,1,5,1,6,0,6,0,6,-1,6,-2,7,-3,7,-3,7,-3,8,-4,8,-4,8,-5,8,-5,0,0,9,-6,10,-6,11,-6,10,-6,11,-6,11,-5,11,-6,11,-5,11,-5,11,-4,12,-4,11,-3,10,-3,11,-2,10,-1,10,-2,10,-2,9,-2,9,-1,9,-1,8,0,8,0,7,0,7,1,7,2,6,2,0,0,0,0,0,0,0,0,0,0,0,0,0,0,-1,62,-2,56,5,57,3,54,6,56,8,44,8,42,3,41,9,38,10,35,16,30,21,32,16,28,26,24,22,24,29,16,31,17,29,13,32,11,33,6,35,6,34,2,38,-4,41,-4,43,-10,44,-11,46,-8,48,-13,48,-16,51,-17,52,-17,57,-18,56,-16,61,-23,59,-16,61,-18,65,-16,62,-17,66,-10,67,-12,65,-12,64,-5,64,-4,61,-4,56,-3,61,1,59,5,53,-2,49,4,53,5,47,8,46,8,46,7,42,11,39,14,40,19,30,23,0,0,0,0,0,0,0,0,0,0,0,0,0,0,0,0,0,0,0,0,0,0,-5,-67,1,-63,2,-64,8,-64,10,-61,9,-61,11,-58,15,-58,12,-59,17,-51,17,-51,16,-51,16,-49,11,-46,12,-42,13,-46,11,-44,11,-42,6,-41,6,-38,4,-38,2,-33,2,-37,-6,-33,-8,-31,-10,-32,-13,-30,-10,-29,-21,-28,-24,-28,-24,-23,-36,-27,-36,-22,-36,-23,-42,-20,-41,-17,-40,-16,-48,-18,-46,-12,-54,-11,-56,-14,-62,-13,-59,-11,-63,-10,-58,-8,-62,-10,-65,-8,-69,-4,-67,-2,-72,-3,-70,-4,-77,-2,-77,-4,-75,-2,-74,0,-79,-3,-73,0,0,0]"
CSI_DATA,312,1a:00:00:00:00:00,-45,11,1,0,1,1,1,0,0,0,1,-96,0,11,2,4480731,0,44,0,384,0,"[0,0,0,0,0,0,0,0,0,0,0,0,6,7,6,6,7,5,6,5,6,4,5,3,6,3,5,2,6,1,6,1,6,1,6,0,6,-1,6,-1,5,-2,6,-3,5,-3,5,-3,5,-4,6,-5,5,-6,6,-6,6,-7,6,-7,6,-8,6,-8,0,0,6,-9,7,-9,7,-9,7,-10,7,-9,8,-10,8,-9,8,-9,9,-8,9,-8,10,-7,9,-7,9,-6,8,-6,9,-5,9,-5,9,-5,8,-5,8,-4,7,-4,8,-3,7,-3,7,-2,7,-2,7,0,6,0,0,0,0,0,0,0,0,0,0,0,0,0,0,0,34,53,31,49,36,43,33,42,29,36,31,34,32,26,35,23,32,22,32,22,28,17,34,15,33,9,29,3,34,1,29,-3,39,-7,33,-13,31,-9,28,-9,31,-18,31,-16,30,-24,27,-23,34,-27,31,-30,32,-34,27,-39,32,-39,33,-43,30,-43,33,-47,34,-41,37,-48,36,-52,43,-51,44,-46,44,-44,47,-47,46,-43,44,-44,49,-40,45,-38,51,-35,50,-34,47,-31,50,-30,47,-29,47,-25,45,-22,46,-21,44,-17,42,-14,41,-10,41,-11,36,-6,36,2,0,0,0,0,0,0,0,0,0,0,0,0,0,0,0,0,0,0,0,0,0,0,-50,-40,-44,-46,-42,-46,-38,-51,-33,-49,-31,-51,-26,-49,-25,-53,-27,-54,-24,-43,-25,-52,-26,-47,-26,-48,-19,-46,-23,-44,-18,-43,-23,-40,-18,-37,-24,-35,-22,-30,-21,-31,-25,-30,-23,-26,-26,-20,-27,-15,-29,-16,-29,-15,-28,-13,-32,-6,-32,-6,-30,0,-38,4,-40,3,-35,5,-40,11,-41,10,-38,13,-43,21,-46,22,-50,22,-49,29,-48,28,-51,30,-51,32,-50,36,-51,32,-55,33,-56,40,-55,39,-55,42,-59,42,-56,46,-57,44,-57,43,-58,46,-57,48,-58,41,0,0]"
CSI_DATA,313,1a:00:00:00:00:00,-45,11,1,0,1,1,1,0,0,0,1,-96,0,11,2,4500812,0,44,0,384,0,"[0,0,0,0,0,0,0,0,0,0,0,0,-5,8,-4,8,-3,7,-3,7,-2,7,-2,6,-1,6,0,6,0,6,0,5,1,5,1,5,2,5,3,4,3,4,4,4,4,4,4,3,5,3,5,2,6,3,7,2,7,2,8,2,8,2,9,2,0,0,10,2,10,2,10,2,10,2,10,3,10,3,11,3,10,3,11,4,10,5,10,5,9,5,9,5,8,5,8,5,8,6,7,5,7,5,7,5,6,5,5,6,5,5,5,5,4,6,3,6,2,5,0,0,0,0,0,0,0,0,0,0,0,0,0,0,-38,46,-42,42,-32,49,-30,43,-25,47,-24,44,-19,37,-17,43,-13,37,-11,33,-4,37,-3,35,0,33,3,27,3,33,10,27,9,31,17,24,14,26,23,27,27,29,23,23,26,23,31,21,34,16,38,20,38,19,46,19,43,22,53,17,50,19,55,19,50,18,54,19,59,19,58,25,58,25,59,24,55,27,56,29,56,27,54,32,50,38,48,33,43,34,49,31,44,38,43,32,40,33,38,33,34,35,31,32,31,31,24,33,20,36,14,33,12,36,0,0,0,0,0,0,0,0,0,0,0,0,0,0,0,0,0,0,0,0,0,0,27,-55,39,-52,40,-45,44,-46,46,-43,43,-44,40,-42,45,-37,48,-38,42,-29,45,-34,41,-31,43,-34,43,-30,38,-27,35,-28,32,-25,34,-26,27,-26,25,-24,25,-26,23,-27,19,-31,14,-29,13,-23,7,-31,7,-32,2,-30,3,-29,-2,-34,-6,-34,-10,-35,-14,-37,-19,-38,-18,-37,-20,-37,-22,-34,-25,-46,-26,-42,-31,-42,-33,-41,-36,-47,-41,-44,-42,-46,-44,-40,-45,-36,-53,-42,-54,-39,-52,-41,-49,-40,-50,-42,-56,-41,-56,-49,-56,-44,-60,-45,-59,-44,-54,-44,0,0]"
CSI_DATA,314,1a:00:00:00:00:00,-45,11,1,0,1,1,1,0,0,0,1,-96,0,11,2,4510792,0,44,0,384,0,"[0,0,0,0,0,0,0,0,0,0,0,0,-5,-9,-5,-8,-5,-8,-6,-8,-5,-7,-5,-5,-5,-5,-5,-4,-5,-4,-6,-3,-6,-3,-6,-2,-7,-2,-7,-2,-7,-1,-7,0,-7,1,-7,0,-7,1,-7,2,-7,3,-8,3,-7,3,-8,4,-9,4,-9,4,0,0,-9,5,-10,5,-11,6,-10,6,-11,5,-12,5,-11,5,-11,4,-12,4,-11,4,-12,3,-12,3,-11,2,-12,2,-11,1,-11,1,-10,1,-10,0,-9,0,-9,0,-9,-1,-9,-1,-8,-2,-8,-2,-7,-3,-6,-3,0,0,0,0,0,0,0,0,0,0,0,0,0,0,-17,-63,-17,-52,-17,-58,-10,-52,-15,-48,-16,-46,-15,-40,-15,-40,-21,-34,-25,-38,-24,-30,-25,-25,-24,-25,-24,-18,-27,-14,-32,-11,-31,-8,-34,-8,-36,-8,-30,-5,-37,-3,-31,2,-38,5,-42,5,-35,14,-41,13,-36,10,-46,24,-47,22,-49,25,-50,21,-53,28,-51,25,-59,32,-51,27,-62,23,-57,21,-61,21,-60,21,-63,14,-59,17,-67,13,-59,13,-64,11,-64,9,-58,7,-55,4,-52,4,-56,2,-52,3,-52,-3,-47,-5,-46,-7,-42,-8,-37,-13,-37,-14,-35,-18,0,0,0,0,0,0,0,0,0,0,0,0,0,0,0,0,0,0,0,0,0,0,26,55,20,61,12,61,8,63,8,58,-1,60,1,57,-1,56,-1,58,-1,50,-8,51,-3,54,-1,51,-2,49,1,49,0,41,3,47,-3,41,6,39,4,33,7,31,6,33,7,27,11,28,15,29,11,26,17,25,20,22,23,22,28,21,29,15,36,17,35,11,35,10,40,12,42,8,41,3,43,4,47,2,55,4,56,-1,52,-4,56,-4,59,-5,62,-5,56,-15,62,-9,64,-14,63,-15,66,-13,69,-17,68,-18,77,-15,67,-14,69,-11,71,-16,67,-17,0,0]"
CSI_DATA,315,1a:00:00:00:00:00,-45,11,1,0,1,1,1,0,0,0,1,-96,0,11,2,4550583,0,44,0,384,0,"[0,0,0,0,0,0,0,0,0,0,0,0,-10,1,-10,1,-9,2,-8,2,-8,2,-7,2,-7,3,-6,3,-5,3,-5,4,-5,4,-4,4,-4,4,-3,5,-3,5,-2,5,-2,6,-2,6,-1,6,0,6,0,7,0,7,0,8,1,8,1,8,2,9,0,0,2,10,1,11,2,11,2,10,1,11,1,11,1,12,0,11,0,11,0,11,-1,11,-2,11,-2,10,-2,10,-2,10,-2,9,-3,9,-3,9,-3,8,-3,8,-3,7,-4,6,-4,6,-4,6,-5,5,-5,4,0,0,0,0,0,0,0,0,0,0,0,0,0,0,-61,-11,-68,-13,-58,-3,-52,-3,-51,-2,-48,4,-47,5,-43,-1,-40,6,-35,7,-34,11,-34,12,-33,14,-32,17,-25,19,-24,21,-27,25,-19,27,-18,25,-17,27,-10,32,-12,34,-6,34,-11,37,-6,40,-7,42,0,40,3,46,-3,45,6,54,0,53,1,57,-3,57,0,57,1,59,-4,66,-4,60,-6,62,-9,59,-11,61,-11,62,-15,59,-14,62,-15,58,-16,55,-21,56,-20,47,-24,49,-18,44,-17,42,-24,44,-25,38,-26,38,-28,32,-30,32,-28,28,-29,24,0,0,0,0,0,0,0,0,0,0,0,0,0,0,0,0,0,0,0,0,0,0,63,-17,62,-10,62,-4,61,-4,61,-2,57,3,54,4,53,3,55,9,54,7,53,10,49,9,52,10,51,9,47,11,43,11,41,6,43,7,38,8,35,8,36,3,38,2,31,-4,29,-3,30,-6,30,-13,27,-11,24,-17,26,-13,24,-21,18,-23,22,-27,21,-31,22,-33,23,-32,16,-40,17,-39,18,-47,13,-44,11,-51,16,-52,10,-55,10,-56,12,-62,10,-54,1,-67,9,-65,5,-62,5,-68,6,-74,2,-68,5,-76,8,-71,4,-69,12,-72,8,-70,10,-72,0,0]"
CSI_DATA,316,1a:00:00:00:00:00,-45,11,1,0,1,1,1,0,0,0,1,-96,0,11,2,4560636,0,44,0,384,0,"[0,0,0,0,0,0,0,0,0,0,0,0,5,7,6,6,6,5,5,4,6,4,5,3,5,3,5,2,5,2,6,1,5,0,5,0,6,0,6,-1,6,-1,5,-2,6,-3,5,-3,5,-4,5,-4,6,-5,6,-5,6,-5,6,-6,7,-7,6,-7,0,0,6,-8,7,-8,7,-8,7,-8,8,-8,9,-8,9,-8,9,-8,9,-8,9,-7,9,-6,9,-6,9,-5,9,-5,9,-4,9,-4,8,-4,8,-3,8,-3,7,-3,8,-1,7,-1,7,-1,7,-1,6,0,5,1,0,0,0,0,0,0,0,0,0,0,0,0,0,0,30,57,23,54,27,53,21,43,25,46,21,44,25,36,27,40,27,28,30,28,27,20,27,22,30,21,29,13,29,12,31,10,37,10,33,-2,29,0,36,-1,38,-5,36,-5,38,-10,38,-14,41,-18,33,-17,41,-20,44,-29,43,-29,41,-30,41,-26,48,-31,45,-28,51,-33,46,-28,57,-32,58,-32,58,-28,62,-25,62,-25,62,-15,62,-18,59,-14,59,-16,58,-11,58,-13,57,-8,52,-10,53,-5,51,-3,49,1,45,0,42,-2,40,9,41,5,41,9,31,19,0,0,0,0,0,0,0,0,0,0,0,0,0,0,0,0,0,0,0,0,0,0,-48,-44,-43,-51,-42,-50,-35,-56,-31,-55,-27,-54,-30,-55,-26,-57,-25,-57,-25,-49,-17,-51,-18,-49,-20,-50,-21,-47,-16,-47,-17,-43,-19,-45,-11,-40,-16,-40,-22,-35,-19,-33,-20,-30,-20,-32,-23,-28,-25,-23,-26,-21,-25,-15,-28,-15,-28,-16,-38,-10,-28,-6,-36,-4,-39,-1,-39,3,-43,0,-45,3,-47,2,-43,8,-49,12,-50,14,-54,18,-53,16,-57,18,-53,22,-57,24,-64,30,-60,31,-62,32,-61,29,-60,28,-65,31,-64,33,-76,30,-70,30,-72,33,-67,32,-68,28,0,0]"
CSI_DATA,317,1a:00:00:00:00:00,-45,11,1,0,1,1,1,0,0,0,1,-96,0,11,2,4591707,0,44,0,384,0,"[0,0,0,0,0,0,0,0,0,0,0,0,9,-3,8,-3,8,-4,7,-4,7,-4,6,-4,5,-4,4,-5,5,-5,4,-5,3,-6,2,-6,2,-6,2,-6,1,-6,0,-7,0,-7,0,-7,-1,-7,-1,-8,-2,-7,-3,-8,-2,-8,-3,-9,-4,-9,-4,-10,0,0,-5,-10,-4,-11,-4,-11,-5,-11,-4,-11,-4,-12,-4,-12,-3,-12,-3,-12,-3,-12,-2,-12,-1,-12,-1,-12,-1,-11,-1,-11,-1,-11,0,-11,0,-10,0,-10,0,-9,1,-9,2,-8,2,-8,2,-7,3,-7,3,-6,0,0,0,0,0,0,0,0,0,0,0,0,0,0,65,-8,59,-9,58,-14,54,-7,47,-11,50,-11,42,-13,45,-12,40,-17,33,-20,30,-22,27,-26,26,-27,25,-26,21,-25,17,-30,15,-33,12,-29,7,-33,8,-35,1,-41,-1,-35,-5,-36,-8,-43,-6,-37,-10,-43,-9,-42,-19,-49,-17,-45,-23,-49,-20,-49,-25,-54,-17,-50,-19,-59,-23,-55,-20,-68,-20,-60,-17,-62,-13,-62,-13,-66,-12,-56,-9,-62,-3,-65,-8,-60,-1,-64,0,-59,-3,-57,3,-53,2,-58,6,-51,5,-46,9,-45,11,-44,15,-41,17,-43,15,-33,16,-31,0,0,0,0,0,0,0,0,0,0,0,0,0,0,0,0,0,0,0,0,0,0,-57,30,-59,22,-60,20,-66,14,-61,9,-62,6,-57,6,-60,1,-58,4,-55,2,-52,2,-51,-1,-54,5,-50,-1,-52,-6,-46,-1,-47,4,-40,-2,-44,4,-39,-1,-41,0,-38,8,-29,9,-31,10,-29,12,-27,22,-28,20,-24,20,-21,21,-21,29,-17,24,-20,36,-16,35,-10,36,-13,39,-10,42,-2,46,-4,49,-2,48,-4,49,1,51,5,57,2,56,4,57,9,58,9,67,11,61,8,60,12,67,7,71,13,72,15,70,10,78,12,70,12,75,18,75,10,71,0,0]"
CSI_DATA,318,1a:00:00:00:00:00,-45,11,1,0,1,1,1,0,0,0,1,-96,0,11,2,4600661,0,44,0,384,0,"[0,0,0,0,0,0,0,0,0,0,0,0,9,-2,8,-3,7,-3,8,-3,7,-3,6,-3,5,-4,5,-4,4,-5,3,-5,4,-5,3,-6,3,-6,2,-6,1,-6,1,-7,0,-7,0,-7,0,-7,-1,-8,-2,-8,-2,-8,-3,-8,-2,-9,-3,-10,-4,-9,0,0,-4,-10,-4,-11,-4,-11,-5,-11,-4,-12,-3,-12,-4,-12,-3,-12,-3,-12,-2,-12,-2,-12,-1,-12,-1,-11,0,-11,0,-10,0,-10,0,-10,0,-10,0,-10,0,-9,1,-9,2,-8,2,-8,3,-7,3,-6,3,-6,0,0,0,0,0,0,0,0,0,0,0,0,0,0,66,0,63,1,56,-4,54,-6,49,-7,45,-9,44,-1,44,-8,37,-9,31,-11,35,-17,31,-20,27,-15,27,-21,23,-22,19,-27,18,-24,20,-26,13,-30,12,-33,9,-36,7,-32,-1,-37,-3,-40,-2,-37,-5,-46,-3,-42,-7,-41,-8,-46,-14,-51,-13,-53,-15,-57,-8,-58,-15,-60,-14,-56,-13,-66,-11,-62,-12,-64,-7,-64,-9,-64,-3,-61,-6,-64,-1,-64,0,-62,8,-64,5,-56,8,-55,7,-51,7,-51,5,-44,9,-49,12,-44,13,-42,16,-38,21,-34,16,-34,23,-30,0,0,0,0,0,0,0,0,0,0,0,0,0,0,0,0,0,0,0,0,0,0,-62,11,-63,8,-62,0,-66,-8,-62,-8,-61,-11,-56,-9,-54,-10,-58,-11,-54,-12,-50,-13,-48,-13,-57,-13,-53,-16,-50,-14,-42,-14,-45,-8,-35,-8,-40,-11,-41,-7,-33,-8,-37,-2,-35,5,-34,4,-30,6,-30,13,-27,15,-28,14,-28,18,-21,23,-23,22,-23,30,-23,29,-22,29,-22,35,-16,39,-12,40,-16,43,-17,45,-12,50,-13,53,-8,53,-6,57,-7,63,-6,59,-4,64,-5,64,-6,62,-2,69,1,63,-4,71,1,72,-1,73,0,65,-6,72,-3,75,-4,70,0,0]"
CSI_DATA,319,1a:00:00:00:00:00,-45,11,1,0,1,1,1,0,0,0,1,-96,0,11,2,4610584,0,44,0,384,0,"[0,0,0,0,0,0,0,0,0,0,0,0,8,4,8,3,8,2,8,2,7,2,7,1,6,0,6,-1,6,-1,5,-1,6,-2,5,-3,5,-3,5,-3,5,-4,5,-5,4,-5,3,-5,4,-6,3,-6,4,-7,3,-7,3,-7,3,-9,3,-9,3,-9,0,0,2,-10,3,-11,3,-11,3,-11,4,-11,4,-12,4,-11,4,-11,5,-11,5,-10,5,-11,6,-10,6,-9,6,-9,6,-8,6,-8,6,-8,5,-7,5,-7,5,-7,6,-6,6,-5,6,-5,6,-4,6,-3,6,-2,0,0,0,0,0,0,0,0,0,0,0,0,0,0,55,31,58,30,52,21,44,23,47,21,42,15,47,10,41,10,43,6,37,5,34,1,33,-2,34,-5,34,-11,31,-10,27,-16,29,-17,25,-18,24,-21,22,-26,20,-30,20,-28,19,-29,16,-33,15,-36,15,-39,13,-44,15,-49,12,-52,10,-49,11,-50,15,-55,19,-58,14,-54,16,-60,20,-56,18,-57,23,-61,23,-60,25,-60,25,-57,28,-58,28,-56,24,-55,32,-50,30,-51,32,-42,33,-46,29,-37,31,-36,35,-36,30,-33,30,-29,35,-25,32,-26,31,-18,33,-13,0,0,0,0,0,0,0,0,0,0,0,0,0,0,0,0,0,0,0,0,0,0,-62,-11,-58,-16,-61,-22,-57,-23,-58,-31,-50,-31,-48,-28,-47,-31,-50,-31,-43,-32,-45,-32,-43,-30,-47,-29,-39,-29,-38,-27,-38,-29,-39,-23,-34,-27,-33,-20,-38,-20,-30,-16,-32,-18,-33,-14,-32,-4,-33,-5,-29,2,-28,-1,-32,4,-32,6,-30,7,-29,11,-32,15,-32,23,-33,21,-30,25,-30,25,-32,30,-30,35,-32,36,-32,43,-31,37,-32,47,-28,42,-35,56,-31,46,-23,51,-32,51,-25,58,-31,61,-31,67,-24,65,-33,61,-35,65,-35,60,-33,67,-27,67,-30,64,0,0]"
CSI_DATA,320,1a:00:00:00:00:00,-45,11,1,0,1,1,1,0,0,0,1,-96,0,11,2,4620678,0,44,0,384,0,"[0,0,0,0,0,0,0,0,0,0,0,0,7,-6,7,-6,6,-6,6,-6,5,-6,4,-6,3,-7,3,-6,2,-6,2,-6,1,-6,0,-7,0,-6,-1,-6,-1,-6,-2,-7,-2,-7,-3,-6,-3,-6,-4,-7,-4,-7,-5,-7,-5,-7,-6,-7,-6,-8,-7,-8,0,0,-7,-8,-8,-9,-8,-9,-8,-9,-7,-9,-7,-10,-8,-10,-7,-10,-8,-10,-6,-11,-6,-11,-5,-10,-5,-10,-5,-10,-5,-10,-4,-9,-4,-10,-4,-9,-3,-9,-3,-9,-2,-9,-1,-8,-1,-8,0,-8,0,-7,0,-7,0,0,0,0,0,0,0,0,0,0,0,0,0,0,51,-36,51,-29,43,-33,39,-33,39,-39,35,-35,30,-32,24,-32,25,-33,25,-33,18,-35,15,-31,8,-36,5,-34,7,-33,2,-34,-3,-35,-4,-32,-7,-33,-9,-34,-12,-34,-19,-30,-22,-30,-24,-30,-25,-29,-29,-34,-29,-34,-33,-34,-37,-33,-39,-35,-43,-38,-48,-38,-41,-37,-46,-40,-45,-38,-42,-48,-47,-46,-48,-49,-43,-48,-47,-47,-41,-48,-38,-51,-35,-54,-37,-54,-31,-54,-31,-49,-27,-53,-27,-49,-26,-46,-22,-46,-21,-45,-20,-44,-15,-46,-9,-41,-7,-38,-4,-39,-1,-39,0,0,0,0,0,0,0,0,0,0,0,0,0,0,0,0,0,0,0,0,0,0,-40,50,-45,44,-47,40,-55,40,-53,33,-54,29,-52,29,-53,24,-55,25,-50,22,-52,22,-47,23,-51,22,-50,17,-45,14,-42,19,-43,20,-38,16,-37,18,-35,17,-36,17,-29,23,-26,22,-23,22,-24,22,-17,32,-18,27,-12,29,-7,29,-4,36,-3,35,-3,37,1,35,7,40,9,43,9,43,11,41,15,45,14,45,21,48,22,50,27,46,26,54,28,55,28,56,34,44,33,55,42,54,37,55,38,59,41,58,44,55,43,64,39,55,44,58,43,64,41,64,0,0]"
CSI_DATA,321,1a:00:00:00:00:00,-45,11,1,0,1,1,1,0,0,0,1,-96,0,11,2,4630579,0,44,0,384,0,"[0,0,0,0,0,0,0,0,0,0,0,0,7,-7,6,-6,6,-7,6,-6,5,-6,4,-6,3,-7,3,-7,2,-7,1,-6,1,-7,0,-7,0,-6,-1,-6,-1,-7,-2,-7,-3,-6,-3,-6,-3,-7,-4,-7,-4,-7,-5,-7,-6,-7,-6,-7,-7,-8,-7,-8,0,0,-8,-8,-8,-9,-9,-9,-9,-9,-8,-9,-8,-9,-8,-10,-8,-10,-7,-10,-7,-11,-7,-11,-6,-10,-5,-10,-5,-10,-4,-10,-5,-10,-4,-10,-4,-9,-3,-9,-3,-9,-2,-9,-2,-9,-1,-8,-1,-8,0,-8,0,-7,0,0,0,0,0,0,0,0,0,0,0,0,0,0,57,-29,57,-26,54,-28,42,-29,46,-28,42,-30,35,-27,32,-25,32,-24,28,-25,23,-34,20,-28,17,-34,12,-34,10,-31,6,-32,3,-34,6,-35,-5,-33,-2,-33,-10,-43,-11,-36,-17,-36,-15,-31,-17,-32,-25,-38,-24,-39,-29,-38,-27,-38,-35,-48,-34,-44,-36,-48,-32,-44,-39,-49,-33,-47,-36,-57,-32,-53,-37,-56,-33,-58,-33,-59,-31,-55,-27,-58,-21,-57,-19,-57,-19,-57,-21,-57,-16,-52,-15,-53,-14,-51,-9,-48,-10,-48,-5,-45,-2,-45,1,-45,3,-41,3,-36,10,-34,0,0,0,0,0,0,0,0,0,0,0,0,0,0,0,0,0,0,0,0,0,0,-48,44,-50,42,-55,38,-55,31,-56,32,-52,25,-55,25,-53,21,-57,22,-52,18,-53,17,-51,21,-53,17,-50,16,-45,12,-43,15,-43,20,-40,17,-41,14,-36,13,-34,15,-34,17,-27,20,-27,21,-25,23,-22,26,-20,23,-15,32,-11,26,-13,35,-9,31,-9,34,-1,35,-2,37,-1,39,7,45,7,47,13,46,13,46,12,51,16,47,18,51,25,56,26,57,21,53,22,58,27,59,31,56,31,61,35,62,32,67,33,64,31,64,32,66,35,72,33,71,32,64,0,0]"
CSI_DATA,322,1a:00:00:00:00:00,-46,11,1,0,1,1,1,0,0,0,1,-96,0,11,2,4642151,0,44,0,384,0,"[0,0,0,0,0,0,0,0,0,0,0,0,9,-1,9,-1,8,-1,8,-2,7,-2,6,-2,6,-3,5,-3,5,-3,4,-4,4,-4,3,-5,3,-5,3,-6,3,-6,2,-6,2,-6,1,-6,1,-7,1,-7,0,-8,0,-8,-1,-8,-1,-9,-1,-10,-1,-10,0,0,-2,-11,-1,-11,-1,-12,-1,-11,0,-12,0,-12,0,-13,0,-12,0,-12,1,-11,1,-12,2,-11,2,-11,3,-11,3,-10,3,-11,3,-9,3,-9,3,-8,3,-8,4,-8,4,-7,4,-6,4,-6,5,-6,4,-5,0,0,0,0,0,0,0,0,0,0,0,0,0,0,66,16,61,12,59,8,50,9,51,8,48,7,46,5,47,1,45,-3,39,-5,36,-7,32,-8,32,-13,32,-13,25,-17,26,-21,28,-22,23,-21,19,-27,17,-27,18,-33,16,-31,7,-36,15,-37,12,-37,11,-45,7,-45,3,-45,3,-48,2,-56,4,-54,3,-57,0,-57,7,-65,2,-60,7,-66,11,-64,10,-68,13,-65,11,-62,16,-58,22,-59,22,-64,22,-59,22,-58,20,-49,24,-50,27,-52,22,-44,25,-43,25,-41,25,-38,31,-35,29,-27,31,-30,28,-23,33,-22,0,0,0,0,0,0,0,0,0,0,0,0,0,0,0,0,0,0,0,0,0,0,-70,11,-64,2,-63,-3,-64,-7,-64,-10,-57,-11,-59,-13,-57,-17,-58,-18,-48,-15,-55,-15,-54,-17,-56,-13,-51,-19,-49,-18,-45,-19,-44,-11,-41,-13,-40,-9,-40,-13,-38,-10,-37,-5,-36,-4,-33,-1,-33,4,-31,10,-29,9,-32,12,-27,13,-26,20,-26,19,-31,26,-27,26,-27,33,-26,33,-22,35,-20,38,-21,40,-20,45,-23,48,-19,52,-18,60,-16,52,-16,60,-16,54,-20,61,-17,66,-13,63,-16,72,-15,71,-14,70,-11,73,-22,77,-14,64,-18,73,-11,72,-21,70,0,0]"
CSI_DATA,323,1a:00:00:00:00:00,-46,11,1,0,1,1,1,0,0,0,1,-96,0,11,2,4650579,0,44,0,384,0,"[0,0,0,0,0,0,0,0,0,0,0,0,1,-10,1,-9,0,-9,0,-9,-1,-8,-1,-8,-2,-7,-2,-7,-3,-7,-3,-6,-3,-6,-4,-6,-4,-5,-5,-4,-5,-4,-6,-4,-6,-4,-6,-3,-7,-3,-7,-2,-8,-2,-8,-1,-9,-2,-10,-1,-10,-1,-10,-1,0,0,-10,-1,-11,-1,-12,-1,-12,-1,-12,-2,-12,-2,-12,-2,-12,-2,-12,-3,-12,-3,-12,-4,-11,-4,-10,-4,-10,-4,-10,-4,-10,-5,-9,-4,-9,-5,-8,-5,-8,-5,-7,-5,-7,-5,-7,-5,-5,-6,-5,-6,-4,-6,0,0,0,0,0,0,0,0,0,0,0,0,0,0,25,-60,18,-55,19,-53,17,-53,13,-53,11,-46,8,-47,5,-44,3,-37,-3,-38,-4,-38,-2,-38,-9,-39,-9,-29,-12,-30,-18,-28,-18,-29,-23,-25,-24,-20,-25,-23,-30,-21,-27,-16,-27,-18,-37,-17,-38,-12,-43,-13,-41,-7,-46,-7,-46,-7,-52,-6,-49,-5,-60,-7,-51,-11,-59,-6,-59,-9,-60,-12,-59,-18,-61,-15,-61,-18,-62,-19,-62,-18,-60,-22,-56,-23,-57,-27,-53,-26,-55,-28,-50,-29,-48,-29,-44,-27,-37,-24,-39,-31,-36,-31,-34,-26,-23,-28,-27,-28,-22,-32,-19,-30,0,0,0,0,0,0,0,0,0,0,0,0,0,0,0,0,0,0,0,0,0,0,-8,65,-11,63,-17,60,-23,60,-19,57,-27,56,-26,52,-27,52,-26,48,-28,45,-30,44,-28,44,-28,48,-27,45,-26,36,-27,35,-20,43,-21,37,-21,32,-17,33,-10,35,-11,34,-10,32,-6,35,-5,28,1,34,2,30,-1,29,5,29,15,24,10,26,24,30,21,26,27,28,27,26,32,28,32,27,39,27,39,24,42,23,41,23,47,28,53,30,51,27,54,24,62,22,57,24,64,22,61,23,64,24,65,22,65,26,73,26,68,26,66,26,66,27,65,25,0,0]"
CSI_DATA,324,1a:00:00:00:00:00,-45,11,1,0,1,1,1,0,0,0,1,-96,0,11,2,4670937,0,44,0,384,0,"[0,0,0,0,0,0,0,0,0,0,0,0,4,8,4,8,5,6,5,6,5,5,4,5,5,4,5,3,5,3,5,2,5,2,5,1,5,1,6,0,5,-1,6,-1,5,-2,6,-2,6,-3,6,-3,6,-4,6,-4,6,-5,7,-5,7,-5,8,-6,0,0,8,-7,8,-7,9,-7,9,-7,9,-6,10,-6,10,-7,10,-6,10,-6,10,-5,10,-4,10,-4,10,-3,10,-3,10,-3,9,-2,9,-2,8,-2,8,-1,8,-2,8,0,8,0,7,0,6,1,6,1,5,2,0,0,0,0,0,0,0,0,0,0,0,0,0,0,22,57,22,55,28,52,22,47,28,45,24,41,28,37,27,33,29,31,27,28,30,25,29,17,30,20,28,17,31,15,28,6,34,8,31,4,33,-1,37,-6,37,-8,34,-9,31,-14,36,-17,35,-17,39,-18,35,-22,39,-28,41,-28,43,-34,42,-29,43,-33,46,-31,48,-39,50,-40,54,-35,53,-33,56,-31,53,-34,56,-28,57,-28,62,-25,60,-21,57,-19,58,-23,58,-16,56,-11,52,-12,52,-9,50,-7,48,-8,46,-6,42,-2,42,0,38,5,37,9,36,11,0,0,0,0,0,0,0,0,0,0,0,0,0,0,0,0,0,0,0,0,0,0,-48,-49,-41,-50,-37,-54,-34,-57,-34,-55,-28,-55,-27,-52,-25,-56,-22,-57,-22,-51,-16,-57,-20,-52,-20,-53,-12,-51,-16,-45,-14,-48,-17,-44,-15,-39,-19,-36,-22,-36,-17,-30,-21,-30,-17,-31,-25,-26,-25,-29,-25,-24,-26,-24,-27,-17,-31,-17,-37,-7,-31,-8,-39,-5,-40,-1,-40,-1,-45,3,-45,3,-47,3,-46,9,-49,11,-51,15,-47,18,-51,16,-59,18,-60,21,-56,26,-52,30,-55,27,-60,31,-62,30,-66,32,-66,30,-70,34,-69,33,-63,33,-68,32,-64,31,-65,30,0,0]"
CSI_DATA,325,1a:00:00:00:00:00,-45,11,1,0,1,1,1,0,0,0,1,-96,0,11,2,4680945,0,44,0,384,0,"[0,0,0,0,0,0,0,0,0,0,0,0,-7,-8,-8,-7,-8,-6,-8,-5,-7,-5,-7,-4,-7,-3,-7,-3,-7,-3,-7,-2,-6,-1,-6,0,-7,0,-7,1,-7,1,-7,2,-6,2,-7,3,-6,3,-6,4,-6,4,-6,5,-6,5,-6,6,-7,6,-6,7,0,0,-7,8,-8,8,-8,8,-8,8,-8,8,-9,8,-9,8,-9,8,-10,7,-9,7,-10,7,-10,6,-9,5,-10,5,-9,4,-9,4,-9,4,-9,3,-9,3,-9,2,-8,2,-8,2,-8,1,-8,0,-7,-1,-7,-1,0,0,0,0,0,0,0,0,0,0,0,0,0,0,-39,-55,-33,-51,-38,-45,-33,-49,-32,-39,-29,-39,-34,-35,-33,-32,-33,-26,-26,-24,-29,-20,-34,-19,-34,-13,-38,-12,-32,-14,-32,-4,-37,1,-36,1,-38,4,-34,9,-33,14,-34,10,-28,20,-35,21,-35,22,-35,26,-35,23,-33,28,-41,36,-39,36,-39,35,-41,36,-41,40,-46,40,-43,41,-51,42,-48,39,-45,40,-54,39,-58,30,-59,36,-59,33,-54,28,-56,25,-55,27,-56,22,-53,16,-54,21,-47,17,-49,9,-48,11,-43,6,-46,7,-43,4,-45,3,-37,-3,-35,-6,0,0,0,0,0,0,0,0,0,0,0,0,0,0,0,0,0,0,0,0,0,0,52,35,47,44,48,46,42,49,39,48,37,50,30,49,31,52,29,50,29,49,27,53,28,46,29,46,26,47,24,43,20,40,28,41,20,37,21,37,22,31,20,31,24,26,20,26,31,24,26,18,28,13,24,12,25,12,31,6,33,2,35,0,38,1,35,-4,38,-9,40,-8,45,-12,44,-13,39,-15,43,-16,54,-22,48,-25,48,-26,52,-28,50,-37,49,-28,56,-38,56,-38,50,-38,58,-43,57,-40,58,-42,58,-42,63,-41,58,-40,67,-44,63,-46,65,-45,0,0]"
CSI_DATA,326,1a:00:00:00:00:00,-45,11,1,0,1,1,1,0,0,0,1,-96,0,11,2,4723057,0,44,0,384,0,"[0,0,0,0,0,0,0,0,0,0,0,0,-3,9,-2,9,-1,8,-1,8,-1,7,-1,7,1,7,1,6,1,6,2,5,2,5,2,5,3,4,3,4,4,3,5,3,5,3,5,3,6,2,6,2,6,2,7,1,7,2,8,1,9,1,9,1,0,0,10,1,10,1,11,1,10,1,11,1,11,2,11,2,10,2,11,2,10,3,10,4,9,4,9,4,9,4,8,5,8,4,8,4,8,4,7,4,6,4,6,5,5,5,5,5,4,5,3,5,3,5,0,0,0,0,0,0,0,0,0,0,0,0,0,0,-35,61,-30,59,-21,53,-23,50,-21,51,-17,49,-16,46,-15,44,-9,39,-5,37,-2,36,1,35,8,40,5,34,9,28,13,29,12,29,16,25,21,27,22,26,24,22,26,18,30,18,33,18,34,15,41,14,39,13,41,11,49,11,50,11,51,11,58,13,55,12,55,14,63,15,59,19,57,14,59,22,58,22,60,23,57,25,57,29,53,30,55,31,50,32,52,32,43,27,45,31,36,28,38,34,36,33,33,33,37,29,23,34,22,39,20,36,15,34,0,0,0,0,0,0,0,0,0,0,0,0,0,0,0,0,0,0,0,0,0,0,5,-65,12,-62,20,-62,27,-62,28,-60,23,-57,28,-52,30,-52,32,-55,33,-50,29,-44,32,-50,30,-46,32,-44,26,-37,26,-41,25,-44,25,-36,18,-37,18,-34,17,-31,13,-36,14,-38,10,-30,4,-29,-2,-35,0,-37,-5,-28,-8,-28,-12,-31,-10,-32,-13,-31,-21,-28,-20,-31,-28,-30,-29,-36,-32,-31,-36,-31,-36,-27,-45,-31,-40,-33,-48,-26,-48,-28,-48,-29,-57,-31,-52,-27,-58,-29,-63,-28,-62,-30,-67,-32,-65,-30,-72,-32,-70,-37,-68,-34,-68,-34,-69,-32,-65,-32,0,0]"
CSI_DATA,327,1a:00:00:00:00:00,-46,11,1,0,1,1,1,0,0,0,1,-96,0,11,2,4730561,0,44,0,384,0,"[0,0,0,0,0,0,0,0,0,0,0,0,6,7,6,6,6,5,6,5,6,4,6,4,6,3,5,2,5,2,5,1,6,1,6,0,6,0,5,-1,6,-2,6,-2,6,-3,5,-3,6,-4,6,-4,6,-5,6,-5,5,-5,6,-7,7,-7,6,-7,0,0,7,-8,7,-8,8,-8,7,-9,8,-8,8,-8,9,-8,9,-8,9,-7,9,-7,9,-6,9,-6,9,-6,9,-5,9,-4,9,-4,9,-4,8,-4,8,-3,8,-3,8,-2,7,-2,7,-1,7,-1,6,0,5,1,0,0,0,0,0,0,0,0,0,0,0,0,0,0,37,52,37,49,36,40,33,39,39,37,30,37,34,29,34,27,29,26,28,25,32,20,27,12,34,14,31,9,28,1,29,2,33,-1,32,-7,28,-9,30,-9,31,-14,31,-16,31,-22,32,-22,32,-23,32,-27,30,-30,32,-37,34,-34,34,-38,32,-37,38,-42,35,-40,34,-43,36,-41,42,-43,43,-46,42,-38,49,-42,46,-36,47,-35,48,-32,51,-36,47,-34,48,-29,49,-29,48,-25,49,-22,44,-20,47,-12,43,-15,45,-11,42,-13,38,-7,39,-6,39,-2,31,-1,0,0,0,0,0,0,0,0,0,0,0,0,0,0,0,0,0,0,0,0,0,0,-54,-34,-52,-38,-48,-42,-45,-47,-41,-47,-40,-46,-36,-46,-34,-49,-35,-49,-35,-45,-32,-48,-29,-42,-31,-45,-28,-44,-24,-38,-23,-43,-25,-42,-25,-41,-26,-33,-25,-30,-21,-33,-26,-23,-25,-27,-23,-21,-31,-15,-25,-9,-29,-14,-28,-11,-30,-6,-34,-4,-28,-2,-37,2,-39,2,-36,7,-38,9,-37,11,-39,15,-40,20,-45,24,-42,27,-48,23,-47,30,-50,28,-49,34,-45,35,-57,36,-51,36,-49,44,-53,43,-53,47,-53,45,-52,46,-60,46,-56,45,-60,45,-54,50,-56,42,0,0]"
CSI_DATA,328,1a:00:00:00:00:00,-46,11,1,0,1,1,1,0,0,0,1,-96,0,11,2,4740859,0,44,0,384,0,"[0,0,0,0,0,0,0,0,0,0,0,0,4,-9,4,-9,3,-8,3,-9,2,-7,1,-7,0,-8,0,-7,0,-7,-1,-6,-1,-6,-2,-6,-2,-6,-3,-6,-3,-6,-4,-6,-5,-6,-5,-5,-6,-5,-6,-5,-6,-4,-7,-4,-7,-4,-9,-3,-9,-4,-9,-4,0,0,-10,-4,-10,-5,-11,-5,-10,-4,-11,-5,-11,-6,-11,-6,-10,-6,-11,-6,-10,-6,-10,-7,-9,-7,-9,-7,-9,-7,-7,-7,-8,-8,-7,-7,-7,-7,-7,-7,-6,-7,-6,-7,-5,-7,-4,-6,-4,-7,-3,-7,-3,-7,0,0,0,0,0,0,0,0,0,0,0,0,0,0,58,-26,52,-28,48,-33,45,-37,39,-32,38,-36,36,-26,34,-31,29,-30,24,-29,19,-34,13,-35,14,-37,7,-35,10,-30,2,-34,-1,-32,-5,-35,-4,-31,-5,-33,-10,-35,-14,-36,-15,-29,-25,-31,-22,-29,-27,-37,-24,-31,-29,-34,-34,-37,-36,-39,-41,-39,-43,-39,-40,-36,-38,-42,-48,-45,-43,-48,-43,-49,-45,-46,-39,-51,-40,-56,-35,-50,-38,-54,-33,-54,-31,-53,-29,-50,-25,-55,-22,-54,-23,-52,-22,-44,-17,-45,-16,-48,-14,-42,-12,-43,-3,-41,-7,-40,1,-40,0,-38,0,0,0,0,0,0,0,0,0,0,0,0,0,0,0,0,0,0,0,0,0,0,-46,50,-51,43,-52,41,-55,38,-58,33,-53,31,-53,27,-54,24,-60,23,-54,24,-54,18,-52,21,-53,23,-54,16,-48,15,-47,19,-48,18,-44,15,-37,18,-36,16,-33,16,-31,16,-31,17,-27,18,-23,20,-18,26,-18,25,-16,28,-14,31,-8,31,-6,31,0,33,-1,39,2,39,5,38,5,40,9,41,12,45,15,43,19,51,19,51,20,54,25,55,30,56,30,53,35,56,30,59,35,52,36,61,39,58,30,58,42,63,41,67,41,63,37,68,37,66,35,59,0,0]"
CSI_DATA,329,1a:00:00:00:00:00,-46,11,1,0,1,1,1,0,0,0,1,-96,0,11,2,4751694,0,44,0,384,0,"[0,0,0,0,0,0,0,0,0,0,0,0,4,-10,3,-9,2,-9,2,-8,1,-8,1,-8,0,-7,0,-7,-1,-7,-1,-6,-2,-7,-3,-6,-3,-6,-4,-6,-4,-5,-5,-5,-5,-5,-5,-5,-6,-4,-6,-4,-6,-4,-7,-4,-7,-4,-8,-3,-9,-4,-9,-4,0,0,-10,-4,-10,-4,-11,-4,-11,-5,-11,-5,-11,-5,-11,-6,-11,-6,-11,-6,-10,-7,-10,-7,-9,-7,-9,-7,-9,-7,-8,-8,-8,-7,-7,-7,-7,-7,-6,-7,-6,-7,-5,-8,-4,-7,-4,-7,-3,-7,-3,-7,-2,-6,0,0,0,0,0,0,0,0,0,0,0,0,0,0,39,-55,36,-45,29,-50,25,-47,20,-49,21,-42,15,-39,17,-43,14,-40,13,-41,7,-37,1,-35,-2,-38,-2,-34,-8,-37,-8,-32,-9,-32,-16,-27,-20,-27,-20,-23,-24,-27,-22,-23,-29,-23,-32,-17,-31,-20,-39,-17,-37,-23,-45,-18,-48,-21,-46,-16,-48,-20,-57,-24,-51,-23,-58,-25,-57,-19,-52,-31,-54,-26,-58,-30,-54,-35,-56,-33,-50,-32,-52,-35,-44,-35,-50,-38,-45,-37,-43,-37,-42,-41,-36,-42,-39,-37,-34,-35,-32,-36,-32,-37,-24,-35,-20,-36,-15,-38,-16,-36,-7,-38,0,0,0,0,0,0,0,0,0,0,0,0,0,0,0,0,0,0,0,0,0,0,-15,64,-20,67,-24,58,-28,60,-29,52,-35,60,-31,48,-34,46,-34,54,-33,41,-39,48,-31,45,-31,46,-32,43,-33,41,-30,35,-29,40,-28,33,-23,32,-22,32,-19,30,-17,33,-15,32,-10,31,-11,28,-3,34,-7,34,4,33,1,29,7,32,11,31,11,32,15,31,18,32,22,35,24,33,23,33,32,35,35,32,39,32,40,35,43,33,43,36,46,31,55,35,52,26,57,36,61,33,57,34,57,34,64,34,63,34,70,41,55,41,61,39,69,43,61,44,0,0]"
CSI_DATA,330,1a:00:00:00:00:00,-46,11,1,0,1,1,1,0,0,0,1,-96,0,11,2,4760598,0,44,0,384,0,"[0,0,0,0,0,0,0,0,0,0,0,0,-9,-5,-9,-5,-9,-4,-8,-4,-8,-3,-7,-3,-8,-2,-7,-1,-7,-1,-7,0,-7,0,-6,1,-6,1,-7,2,-6,2,-6,3,-5,4,-5,4,-5,4,-5,5,-4,5,-4,6,-5,6,-5,7,-5,7,-4,8,0,0,-5,9,-5,9,-5,10,-5,10,-6,9,-6,10,-6,10,-7,9,-7,9,-8,9,-8,8,-8,7,-8,7,-8,7,-8,7,-8,6,-8,6,-7,5,-7,5,-7,5,-7,3,-8,4,-8,3,-7,2,-7,1,-7,0,0,0,0,0,0,0,0,0,0,0,0,0,0,0,-53,-27,-54,-37,-52,-26,-48,-24,-46,-26,-44,-23,-47,-18,-42,-12,-39,-19,-37,-11,-32,-9,-33,-6,-31,-3,-34,8,-30,1,-33,9,-35,11,-31,15,-33,16,-26,15,-28,23,-25,21,-23,28,-27,26,-24,30,-20,35,-22,36,-21,42,-18,45,-21,49,-19,46,-23,46,-24,48,-22,58,-21,53,-28,53,-28,55,-31,56,-30,56,-33,54,-34,44,-39,47,-38,48,-40,47,-37,43,-39,39,-37,41,-39,36,-39,31,-38,33,-37,28,-35,25,-38,26,-36,21,-35,20,-35,10,-35,5,0,0,0,0,0,0,0,0,0,0,0,0,0,0,0,0,0,0,0,0,0,0,62,10,63,16,61,14,58,22,56,24,53,24,49,27,48,30,50,34,48,30,45,34,42,33,46,30,42,31,38,28,36,24,38,25,36,31,36,22,34,19,34,18,30,17,28,14,28,8,31,7,32,5,30,3,26,0,31,-3,33,-10,22,-11,31,-14,30,-19,29,-20,37,-25,31,-28,30,-26,32,-29,32,-33,32,-39,35,-38,34,-46,30,-46,31,-48,32,-49,29,-59,30,-55,31,-55,31,-56,37,-59,33,-64,37,-64,33,-65,36,-59,38,-65,37,-63,39,-59,0,0]"
CSI_DATA,331,1a:00:00:00:00:00,-46,11,1,0,1,1,1,0,0,0,1,-96,0,11,2,4771025,0,44,0,384,0,"[0,0,0,0,0,0,0,0,0,0,0,0,5,-9,4,-9,2,-8,3,-8,2,-8,1,-7,0,-7,1,-7,0,-7,-1,-6,-2,-6,-2,-7,-2,-6,-3,-6,-3,-6,-4,-6,-4,-5,-5,-6,-5,-4,-6,-5,-6,-4,-7,-4,-7,-5,-8,-4,-9,-5,-9,-5,0,0,-10,-5,-10,-5,-10,-5,-11,-5,-10,-5,-10,-6,-11,-6,-10,-6,-10,-7,-10,-7,-9,-8,-9,-7,-8,-7,-8,-7,-8,-8,-8,-8,-7,-8,-6,-7,-6,-7,-6,-7,-5,-8,-4,-7,-4,-7,-3,-7,-3,-7,-1,-7,0,0,0,0,0,0,0,0,0,0,0,0,0,0,34,-54,35,-54,26,-48,24,-52,25,-56,21,-42,16,-46,17,-42,15,-41,4,-38,1,-40,2,-35,-4,-36,-3,-37,-7,-30,-17,-32,-15,-36,-17,-28,-17,-26,-24,-26,-23,-28,-23,-26,-28,-20,-31,-23,-36,-14,-37,-18,-39,-21,-42,-22,-46,-20,-50,-18,-48,-18,-52,-21,-50,-17,-55,-19,-59,-20,-55,-25,-54,-27,-58,-25,-58,-28,-53,-33,-54,-34,-51,-35,-47,-31,-48,-36,-46,-39,-50,-39,-43,-34,-41,-37,-36,-31,-35,-33,-34,-34,-33,-38,-26,-36,-20,-38,-22,-33,-12,-33,-11,-38,0,0,0,0,0,0,0,0,0,0,0,0,0,0,0,0,0,0,0,0,0,0,-12,65,-23,61,-28,62,-32,57,-30,58,-31,52,-30,49,-35,47,-38,52,-36,48,-36,43,-35,42,-34,46,-37,40,-33,38,-28,36,-30,38,-31,38,-21,29,-27,35,-21,35,-21,32,-18,31,-16,32,-10,28,-6,32,-1,29,2,35,5,28,5,32,10,32,12,28,17,28,20,32,25,35,27,36,28,32,34,33,37,34,40,31,40,31,49,29,47,37,51,30,46,26,53,34,52,32,59,30,57,32,60,36,59,35,65,36,67,34,63,32,70,40,64,35,66,34,0,0]"
CSI_DATA,332,1a:00:00:00:00:00,-46,11,1,0,1,1,1,0,0,0,1,-96,0,11,2,4780579,0,44,0,384,0,"[0,0,0,0,0,0,0,0,0,0,0,0,-6,7,-5,7,-5,8,-4,7,-4,6,-3,6,-2,6,-2,6,-2,6,0,5,0,6,1,6,1,5,1,5,2,5,3,5,3,5,3,5,4,4,5,4,5,4,6,4,6,4,6,4,7,4,7,4,0,0,8,5,8,5,8,5,9,5,9,6,9,6,9,6,8,7,8,7,8,7,8,7,6,7,6,7,6,7,5,8,6,7,5,7,5,7,4,7,4,7,3,7,2,7,2,6,1,6,0,6,0,6,0,0,0,0,0,0,0,0,0,0,0,0,0,0,-42,48,-45,46,-45,45,-40,45,-37,42,-28,36,-29,33,-23,34,-19,38,-16,34,-13,38,-6,33,-4,32,-8,32,-4,28,4,31,-2,31,6,30,12,29,12,34,14,34,20,32,24,25,22,27,26,28,32,27,32,33,33,25,33,29,44,31,39,30,46,33,39,34,45,31,52,35,45,38,46,41,46,42,45,41,45,44,41,45,39,51,36,49,35,53,34,45,33,45,30,45,23,47,21,38,23,40,23,40,18,44,11,39,7,41,9,36,4,38,2,37,0,0,0,0,0,0,0,0,0,0,0,0,0,0,0,0,0,0,0,0,0,0,18,-62,27,-61,31,-59,35,-56,41,-56,38,-47,35,-47,39,-46,38,-48,44,-45,41,-41,38,-40,37,-44,42,-35,38,-34,35,-36,33,-34,29,-36,26,-30,28,-28,22,-31,23,-29,21,-30,16,-28,13,-32,11,-33,7,-33,5,-31,4,-33,-6,-31,-1,-31,-4,-36,-7,-35,-15,-36,-18,-41,-19,-36,-24,-39,-25,-37,-27,-40,-36,-40,-31,-39,-38,-43,-42,-43,-42,-42,-43,-45,-45,-38,-47,-46,-51,-42,-51,-40,-47,-51,-54,-49,-60,-52,-55,-53,-58,-48,-56,-53,-56,-53,-53,-50,0,0]"
CSI_DATA,333,1a:00:00:00:00:00,-46,11,1,0,1,1,1,0,0,0,1,-96,0,11,2,4790626,0,44,0,384,0,"[0,0,0,0,0,0,0,0,0,0,0,0,9,-2,9,-2,8,-2,8,-2,7,-2,6,-3,6,-4,5,-4,5,-4,4,-4,4,-5,3,-5,3,-5,2,-6,2,-6,2,-7,1,-7,1,-7,0,-7,0,-7,0,-8,-1,-8,-1,-8,-2,-9,-1,-9,-2,-9,0,0,-2,-11,-2,-11,-2,-11,-2,-11,-2,-11,-1,-12,-1,-12,-1,-12,0,-12,0,-12,0,-12,1,-11,1,-11,2,-10,2,-10,2,-10,2,-10,2,-9,2,-9,2,-8,3,-8,3,-7,4,-7,4,-6,4,-6,4,-5,0,0,0,0,0,0,0,0,0,0,0,0,0,0,69,0,61,3,64,-3,52,0,49,-2,44,-4,47,-5,48,-8,40,-12,37,-11,31,-16,30,-13,32,-20,29,-17,21,-21,21,-27,19,-30,21,-27,15,-29,11,-32,12,-33,10,-31,7,-36,3,-37,3,-40,-3,-43,0,-48,-2,-46,-2,-51,-3,-51,-7,-48,-3,-57,-1,-55,-7,-58,-4,-58,1,-60,-1,-65,-1,-62,7,-66,5,-59,7,-59,10,-59,14,-60,17,-63,16,-57,13,-54,15,-54,16,-53,18,-46,19,-46,20,-43,23,-41,25,-38,25,-32,26,-30,25,-28,24,-23,0,0,0,0,0,0,0,0,0,0,0,0,0,0,0,0,0,0,0,0,0,0,-55,34,-62,30,-61,26,-64,23,-65,15,-62,15,-59,12,-56,10,-63,8,-59,4,-63,1,-56,1,-61,2,-54,2,-56,1,-49,2,-47,2,-43,0,-46,4,-40,7,-40,2,-37,11,-32,9,-34,8,-33,12,-28,16,-26,16,-23,21,-24,24,-23,25,-18,26,-19,34,-16,30,-13,30,-17,39,-7,40,-9,38,-9,39,-8,51,-4,53,-8,53,0,53,-2,58,0,59,1,57,3,54,4,60,8,65,6,69,3,74,5,66,6,72,6,71,1,72,0,77,-2,76,3,74,0,0]"
CSI_DATA,334,1a:00:00:00:00:00,-46,11,1,0,1,1,1,0,0,0,1,-96,0,11,2,4810566,0,44,0,384,0,"[0,0,0,0,0,0,0,0,0,0,0,0,-9,-5,-9,-4,-9,-3,-9,-3,-9,-3,-8,-2,-7,-1,-7,-1,-7,0,-7,1,-7,0,-6,1,-6,2,-6,2,-6,3,-5,3,-5,4,-5,4,-5,4,-5,6,-5,6,-4,6,-5,6,-4,7,-4,8,-4,8,0,0,-4,9,-5,9,-4,10,-5,10,-5,10,-6,10,-6,10,-6,10,-7,9,-7,9,-7,9,-7,8,-7,8,-7,7,-8,7,-8,6,-7,6,-7,6,-7,5,-7,5,-8,4,-7,3,-7,3,-7,3,-7,2,-7,1,0,0,0,0,0,0,0,0,0,0,0,0,0,0,-50,-40,-52,-38,-49,-28,-43,-24,-45,-22,-41,-27,-38,-22,-47,-19,-43,-14,-37,-12,-38,-8,-30,-4,-36,-4,-36,3,-31,3,-29,7,-30,11,-31,15,-28,20,-26,17,-27,20,-23,21,-24,24,-27,29,-20,30,-22,35,-23,33,-19,35,-22,42,-22,44,-21,46,-20,46,-24,48,-25,52,-23,51,-30,54,-27,55,-32,55,-31,53,-31,50,-34,47,-38,43,-40,44,-39,48,-36,45,-37,36,-39,35,-37,37,-37,28,-36,27,-38,26,-36,26,-35,24,-34,17,-37,13,-34,13,-33,4,0,0,0,0,0,0,0,0,0,0,0,0,0,0,0,0,0,0,0,0,0,0,62,14,60,16,61,20,60,29,56,31,50,31,50,34,46,35,49,36,45,35,43,35,40,33,44,31,44,32,38,34,35,35,38,29,31,30,34,23,32,23,32,19,32,18,31,12,27,8,31,7,29,8,28,2,30,-3,33,0,31,-4,22,-10,35,-16,35,-18,32,-17,37,-22,36,-25,33,-26,33,-28,34,-32,35,-37,36,-38,33,-43,32,-43,34,-47,35,-50,32,-48,35,-50,31,-52,31,-59,38,-55,38,-55,35,-63,40,-66,37,-55,38,-63,39,-67,41,-59,0,0]"
CSI_DATA,335,1a:00:00:00:00:00,-45,11,1,0,1,1,1,0,0,0,1,-96,0,11,2,4831485,0,44,0,384,0,"[0,0,0,0,0,0,0,0,0,0,0,0,-5,9,-4,8,-3,8,-3,8,-2,7,-2,7,-1,7,0,7,0,6,0,5,1,6,1,6,2,5,2,5,3,4,4,4,4,4,4,4,5,3,5,3,6,3,6,2,7,3,7,2,8,3,9,3,0,0,9,3,9,3,10,3,10,3,10,3,10,3,11,4,10,4,10,5,10,5,9,6,8,5,8,6,8,6,8,6,7,6,7,6,6,6,6,6,6,6,5,6,4,5,4,5,3,5,2,6,1,5,0,0,0,0,0,0,0,0,0,0,0,0,0,0,-25,55,-25,55,-15,51,-19,53,-18,50,-16,48,-13,43,-11,40,-5,35,-3,38,-2,39,4,37,6,34,8,31,6,33,15,29,15,26,18,23,22,24,21,25,26,22,27,24,31,16,30,16,34,16,39,15,42,14,42,14,47,15,52,10,47,11,54,12,51,12,55,10,55,8,62,18,55,15,58,13,57,21,52,21,53,22,57,24,50,28,47,28,49,30,49,29,41,28,41,32,42,28,35,28,35,35,33,33,29,30,25,31,25,32,19,33,13,33,0,0,0,0,0,0,0,0,0,0,0,0,0,0,0,0,0,0,0,0,0,0,-3,-68,3,-67,7,-64,15,-68,14,-62,20,-61,18,-59,19,-57,21,-61,21,-54,24,-54,21,-51,22,-54,25,-45,24,-48,26,-44,21,-49,18,-43,14,-40,19,-38,13,-37,11,-35,10,-33,3,-33,1,-33,-6,-37,-2,-34,-4,-29,-10,-32,-14,-28,-14,-30,-18,-32,-24,-28,-26,-28,-25,-27,-32,-31,-36,-29,-40,-30,-39,-26,-46,-25,-46,-26,-52,-26,-52,-22,-56,-24,-59,-25,-62,-18,-62,-21,-66,-23,-66,-22,-67,-23,-67,-24,-72,-23,-73,-28,-67,-25,-71,-28,-71,-28,-69,-29,0,0]"
CSI_DATA,336,1a:00:00:00:00:00,-46,11,1,0,1,1,1,0,0,0,1,-96,0,11,2,4852468,0,44,0,384,0,"[0,0,0,0,0,0,0,0,0,0,0,0,-5,8,-4,8,-3,8,-4,8,-3,7,-3,6,-2,7,-1,6,-1,6,0,5,0,6,1,5,1,5,2,5,2,5,3,5,3,4,4,4,4,3,5,4,6,4,6,3,6,3,7,3,7,4,8,3,0,0,9,4,9,4,10,4,10,4,9,4,9,4,10,5,9,5,9,5,9,6,9,6,8,6,7,6,7,6,6,7,7,6,6,6,6,6,5,6,5,6,4,6,3,5,3,6,2,6,2,6,1,6,0,0,0,0,0,0,0,0,0,0,0,0,0,0,-34,50,-34,53,-22,54,-22,51,-23,51,-21,42,-12,42,-13,42,-15,39,-10,38,-6,40,-1,36,0,35,3,31,6,33,14,31,11,30,12,26,18,27,15,24,23,24,25,24,25,19,28,14,29,15,35,22,36,18,42,11,43,16,46,13,49,19,50,20,50,19,53,23,55,20,49,23,51,28,53,27,52,32,51,29,47,32,52,32,49,33,45,33,41,30,42,35,39,39,35,38,33,33,30,39,29,34,27,34,22,34,19,38,18,31,11,32,7,35,0,0,0,0,0,0,0,0,0,0,0,0,0,0,0,0,0,0,0,0,0,0,-3,-63,8,-63,13,-66,18,-62,21,-60,24,-58,23,-55,27,-60,27,-57,30,-48,28,-52,24,-50,23,-50,28,-47,27,-42,28,-42,19,-43,21,-43,20,-36,16,-40,19,-37,16,-37,11,-37,8,-35,5,-31,2,-38,-2,-33,-3,-34,-7,-33,-13,-29,-16,-29,-14,-31,-18,-30,-21,-26,-25,-29,-30,-32,-28,-33,-33,-29,-41,-29,-44,-27,-42,-30,-49,-31,-50,-30,-52,-30,-51,-30,-56,-26,-61,-30,-64,-30,-63,-29,-62,-33,-62,-30,-67,-30,-71,-35,-60,-32,-65,-34,-67,-32,-69,-35,0,0]"
CSI_DATA,337,1a:00:00:00:00:00,-46,11,1,0,1,1,1,0,0,0,1,-96,0,11,2,4860601,0,44,0,384,0,"[0,0,0,0,0,0,0,0,0,0,0,0,4,-10,3,-9,2,-8,2,-9,2,-8,1,-8,1,-8,0,-7,-1,-7,-1,-7,-1,-6,-2,-6,-2,-6,-3,-6,-3,-5,-4,-6,-4,-6,-5,-5,-6,-4,-6,-5,-6,-5,-7,-4,-7,-4,-8,-4,-8,-5,-9,-4,0,0,-9,-5,-10,-5,-10,-6,-10,-6,-10,-6,-10,-6,-10,-6,-10,-7,-10,-7,-9,-7,-9,-8,-8,-8,-8,-8,-8,-7,-7,-8,-7,-8,-6,-8,-6,-8,-6,-7,-5,-8,-4,-8,-4,-7,-3,-7,-3,-7,-2,-7,-1,-7,0,0,0,0,0,0,0,0,0,0,0,0,0,0,44,-44,37,-40,38,-48,35,-41,34,-43,34,-42,27,-37,25,-35,20,-34,18,-38,15,-34,9,-34,11,-35,5,-31,2,-32,-2,-32,-3,-30,-12,-29,-9,-30,-9,-29,-13,-33,-14,-31,-21,-28,-23,-30,-28,-29,-26,-29,-30,-27,-33,-26,-34,-31,-43,-33,-40,-30,-42,-37,-41,-36,-45,-38,-41,-36,-47,-44,-45,-40,-44,-40,-37,-46,-42,-48,-37,-40,-37,-49,-35,-43,-31,-48,-30,-47,-27,-48,-25,-48,-22,-45,-18,-42,-20,-45,-13,-44,-15,-47,-11,-41,-7,-38,-5,-38,-4,-34,4,-36,0,0,0,0,0,0,0,0,0,0,0,0,0,0,0,0,0,0,0,0,0,0,-6,61,-18,58,-20,60,-30,63,-28,54,-34,54,-33,53,-35,48,-35,49,-37,46,-37,48,-34,43,-37,44,-38,39,-33,33,-29,35,-31,42,-31,32,-29,31,-28,33,-21,27,-21,32,-19,29,-15,33,-14,27,-6,29,-7,30,-2,32,1,27,5,35,5,29,11,37,11,34,16,31,16,34,25,35,21,34,26,37,26,36,37,36,35,38,37,38,38,40,41,35,48,41,46,36,45,36,50,41,50,42,50,44,56,39,55,40,57,52,57,46,53,43,56,47,51,49,0,0]"
CSI_DATA,338,1a:00:00:00:00:00,-46,11,1,0,1,1,1,0,0,0,1,-96,0,11,2,4871191,0,44,0,384,0,"[0,0,0,0,0,0,0,0,0,0,0,0,-1,-11,-2,-10,-3,-9,-3,-9,-3,-8,-3,-8,-3,-8,-3,-7,-4,-6,-4,-6,-4,-6,-5,-5,-5,-4,-6,-4,-6,-3,-6,-3,-6,-2,-6,-3,-7,-1,-7,-1,-8,-1,-8,0,-8,-1,-9,0,-10,0,-10,0,0,0,-11,0,-11,1,-11,1,-11,1,-11,0,-12,0,-12,0,-12,0,-12,-1,-12,-2,-12,-2,-11,-2,-10,-2,-10,-3,-11,-3,-10,-3,-9,-4,-9,-3,-8,-4,-8,-4,-8,-4,-7,-5,-7,-5,-6,-5,-6,-5,-4,-5,0,0,0,0,0,0,0,0,0,0,0,0,0,0,-3,-66,-6,-60,-8,-59,-9,-57,-10,-54,-11,-49,-10,-48,-15,-47,-18,-40,-15,-40,-18,-35,-16,-33,-22,-30,-24,-27,-20,-23,-26,-20,-32,-21,-31,-16,-27,-16,-30,-11,-36,-8,-34,-4,-35,2,-35,3,-40,1,-41,4,-42,3,-44,9,-46,4,-47,10,-49,5,-54,11,-54,8,-57,12,-59,10,-59,10,-56,9,-59,7,-62,5,-64,0,-60,2,-60,-5,-59,-2,-60,-3,-55,-4,-54,-12,-56,-13,-50,-15,-52,-13,-45,-13,-47,-11,-45,-18,-40,-13,-35,-18,-33,-21,-30,-23,-29,-24,0,0,0,0,0,0,0,0,0,0,0,0,0,0,0,0,0,0,0,0,0,0,37,53,32,56,26,59,21,61,19,61,11,63,15,59,14,61,11,62,9,55,5,58,11,55,8,55,4,52,3,52,7,46,5,48,-1,44,5,46,6,39,8,35,13,36,13,38,13,32,12,31,19,30,18,28,24,22,18,20,30,15,27,18,35,13,35,12,36,10,40,12,42,10,43,9,45,4,48,4,52,-1,54,-4,54,-1,55,-5,61,-8,57,-8,61,-6,63,-9,63,-14,68,-15,70,-15,69,-14,74,-10,78,-7,73,-10,80,-14,74,-13,79,-10,0,0]"
CSI_DATA,339,1a:00:00:00:00:00,-46,11,1,0,1,1,1,0,0,0,1,-96,0,11,2,4890569,0,44,0,384,0,"[0,0,0,0,0,0,0,0,0,0,0,0,9,-6,8,-6,8,-6,7,-6,6,-6,6,-6,4,-6,4,-6,4,-6,3,-6,3,-6,2,-7,2,-7,1,-7,1,-7,0,-8,-1,-7,-1,-7,-2,-7,-2,-7,-2,-7,-3,-8,-3,-8,-4,-8,-4,-9,-5,-9,0,0,-6,-10,-5,-11,-5,-11,-5,-11,-5,-10,-5,-11,-4,-12,-4,-12,-4,-12,-3,-12,-2,-12,-2,-12,-1,-11,-1,-11,-1,-11,-1,-10,-1,-10,-1,-10,0,-9,0,-9,1,-9,1,-8,2,-8,2,-7,3,-7,2,-6,0,0,0,0,0,0,0,0,0,0,0,0,0,0,52,-38,51,-38,53,-36,43,-35,42,-37,34,-35,37,-32,31,-34,30,-30,23,-29,19,-32,19,-31,11,-33,14,-31,13,-33,5,-30,3,-35,2,-27,1,-31,-3,-30,-10,-34,-13,-30,-16,-28,-18,-34,-18,-36,-21,-36,-25,-33,-30,-33,-27,-40,-32,-39,-33,-35,-35,-39,-34,-44,-38,-44,-37,-44,-34,-46,-38,-48,-36,-52,-35,-53,-32,-54,-33,-54,-30,-54,-24,-56,-21,-57,-16,-52,-23,-52,-16,-52,-14,-52,-16,-45,-12,-45,-9,-44,-5,-44,-7,-43,2,-43,3,-38,3,-35,8,-32,0,0,0,0,0,0,0,0,0,0,0,0,0,0,0,0,0,0,0,0,0,0,-30,59,-37,57,-40,53,-44,56,-49,47,-48,40,-47,41,-47,38,-51,41,-48,34,-49,32,-47,31,-50,33,-48,29,-45,25,-40,26,-41,34,-39,28,-37,29,-36,28,-31,23,-32,29,-25,23,-25,23,-21,27,-18,26,-15,28,-12,29,-11,29,-8,29,0,34,-2,41,1,39,2,38,10,40,11,38,14,42,14,45,15,42,23,44,25,41,30,48,30,46,36,49,35,52,41,48,41,48,43,50,40,47,41,59,42,59,45,59,46,57,46,58,43,69,46,63,41,63,0,0]"
CSI_DATA,340,1a:00:00:00:00:00,-46,11,1,0,1,1,1,0,0,0,1,-96,0,11,2,4901034,0,44,0,384,0,"[0,0,0,0,0,0,0,0,0,0,0,0,-5,9,-5,8,-3,8,-3,8,-4,7,-3,7,-2,7,-1,6,-1,6,0,6,0,6,1,6,1,5,2,5,2,5,3,5,3,4,4,4,4,4,5,4,5,4,6,3,6,4,6,3,7,4,8,4,0,0,9,4,8,4,9,4,9,5,9,5,9,6,9,6,9,6,9,6,8,7,8,7,7,7,7,7,7,7,6,7,6,7,5,7,5,7,4,7,4,6,3,7,3,6,2,6,2,6,1,6,0,5,0,0,0,0,0,0,0,0,0,0,0,0,0,0,-39,51,-42,46,-37,52,-33,51,-32,46,-27,38,-25,41,-22,42,-16,33,-16,37,-9,37,-10,36,-5,34,-3,32,-2,32,5,32,6,34,12,29,12,28,16,30,18,32,18,29,23,22,24,26,30,25,32,25,31,26,38,19,42,27,44,26,41,24,48,26,46,28,48,29,53,26,49,35,50,34,50,34,47,38,46,40,48,39,44,40,42,44,44,43,34,42,35,42,32,41,26,38,28,39,29,40,25,44,19,40,15,36,14,37,8,35,6,38,2,33,0,0,0,0,0,0,0,0,0,0,0,0,0,0,0,0,0,0,0,0,0,0,4,-68,12,-62,16,-62,24,-62,24,-62,26,-59,27,-53,29,-54,29,-55,31,-52,34,-51,28,-48,30,-51,35,-44,30,-39,26,-43,26,-46,27,-38,24,-36,23,-37,22,-30,17,-35,14,-33,9,-35,10,-34,5,-31,4,-32,3,-35,2,-34,-7,-36,-9,-30,-19,-34,-19,-34,-19,-32,-23,-35,-25,-34,-25,-34,-33,-39,-33,-37,-39,-34,-37,-35,-45,-32,-44,-40,-48,-39,-49,-38,-60,-31,-56,-34,-59,-34,-59,-36,-61,-38,-66,-45,-69,-39,-65,-44,-61,-39,-65,-47,-61,-41,-63,-47,0,0]"
CSI_DATA,341,1a:00:00:00:00:00,-46,11,1,0,1,1,1,0,0,0,1,-96,0,11,2,4930530,0,44,0,384,0,"[0,0,0,0,0,0,0,0,0,0,0,0,-10,4,-9,4,-8,5,-7,4,-7,4,-7,4,-5,5,-5,5,-4,5,-4,5,-4,5,-3,5,-3,5,-2,5,-2,5,-1,6,0,6,0,5,0,6,1,6,2,6,2,7,2,7,3,7,3,8,4,7,0,0,4,8,4,9,4,9,4,9,3,9,4,10,3,10,3,10,3,10,2,10,1,10,0,9,0,9,0,9,0,9,0,9,-1,9,0,8,0,8,-1,8,-2,8,-2,7,-3,6,-3,6,-4,5,-3,4,0,0,0,0,0,0,0,0,0,0,0,0,0,0,-63,19,-57,19,-62,30,-51,23,-50,24,-45,21,-44,26,-44,31,-34,22,-36,26,-27,26,-25,26,-20,23,-23,24,-17,29,-12,26,-7,30,-8,32,-8,33,-4,32,2,35,-1,39,6,34,6,36,5,36,11,34,7,38,17,44,15,45,22,47,20,48,22,52,19,50,27,52,20,49,17,61,16,59,20,54,14,57,10,54,12,53,8,61,5,58,6,55,0,54,3,53,-2,52,-2,51,-2,52,-3,45,-8,44,-8,41,-13,41,-16,36,-17,36,-21,31,-21,28,0,0,0,0,0,0,0,0,0,0,0,0,0,0,0,0,0,0,0,0,0,0,25,-62,32,-61,34,-56,42,-56,45,-51,48,-47,45,-46,47,-41,46,-40,45,-37,49,-37,47,-36,47,-30,44,-32,46,-27,40,-27,39,-32,35,-25,38,-25,33,-26,34,-21,33,-22,24,-28,24,-29,21,-29,14,-33,16,-29,14,-32,11,-29,11,-38,1,-33,3,-42,3,-39,-4,-39,-6,-44,-6,-39,-11,-43,-14,-43,-14,-41,-18,-45,-21,-49,-25,-52,-24,-55,-31,-54,-27,-56,-30,-62,-34,-55,-38,-58,-32,-58,-36,-59,-34,-68,-38,-63,-36,-70,-31,-67,-34,-71,-38,-71,-31,-67,0,0]"
CSI_DATA,342,1a:00:00:00:00:00,-46,11,1,0,1,1,1,0,0,0,1,-96,0,11,2,4940714,0,44,0,384,0,"[0,0,0,0,0,0,0,0,0,0,0,0,-9,-7,-8,-6,-8,-5,-8,-5,-8,-5,-7,-4,-7,-3,-7,-3,-7,-2,-7,-1,-6,-1,-6,0,-6,0,-6,0,-6,1,-7,2,-6,3,-6,2,-5,3,-6,4,-6,4,-5,5,-6,5,-6,6,-6,6,-6,7,0,0,-6,7,-7,8,-7,8,-7,8,-8,8,-8,8,-8,8,-8,8,-8,7,-9,7,-9,6,-9,6,-8,5,-9,5,-9,4,-9,4,-9,4,-8,3,-8,3,-7,3,-8,2,-8,2,-8,1,-7,1,-7,0,-6,-1,0,0,0,0,0,0,0,0,0,0,0,0,0,0,-47,-45,-47,-43,-42,-35,-39,-36,-43,-37,-35,-28,-36,-32,-39,-26,-38,-20,-33,-20,-34,-14,-32,-14,-34,-11,-35,-6,-30,-5,-30,-3,-36,4,-31,7,-30,8,-32,11,-29,12,-27,13,-26,17,-30,20,-31,23,-32,20,-28,25,-27,33,-33,34,-31,34,-30,37,-33,38,-33,41,-33,42,-35,41,-43,38,-41,42,-45,42,-45,43,-45,39,-47,35,-47,35,-49,32,-47,32,-45,27,-48,27,-42,22,-46,28,-41,18,-40,20,-43,17,-41,14,-44,9,-40,8,-39,7,-35,3,-34,-3,0,0,0,0,0,0,0,0,0,0,0,0,0,0,0,0,0,0,0,0,0,0,64,17,62,21,61,28,54,29,58,33,48,37,49,36,45,36,48,41,43,38,44,40,38,41,42,34,44,38,34,39,37,32,38,33,34,31,32,28,29,26,31,26,30,23,31,19,30,16,29,12,30,11,23,8,32,4,32,4,34,0,31,-9,37,-8,36,-8,36,-13,39,-13,34,-19,35,-21,35,-24,35,-26,39,-34,41,-34,39,-37,38,-38,43,-50,39,-40,34,-44,38,-48,43,-44,49,-52,47,-51,45,-53,47,-56,49,-53,49,-56,49,-61,47,-54,46,-57,0,0]"
CSI_DATA,343,1a:00:00:00:00:00,-46,11,1,0,1,1,1,0,0,0,1,-96,0,11,2,4950580,0,44,0,384,0,"[0,0,0,0,0,0,0,0,0,0,0,0,-11,3,-10,3,-9,3,-9,3,-8,3,-7,3,-7,3,-6,4,-6,4,-5,4,-4,4,-4,5,-4,4,-3,5,-3,5,-2,6,-1,6,-1,6,-1,6,-1,6,0,6,0,7,1,7,2,7,2,8,2,8,0,0,2,9,2,9,2,10,3,10,2,10,2,10,2,11,1,10,1,10,1,10,0,10,-1,10,-1,10,-1,9,-1,9,-1,9,-2,9,-1,8,-2,8,-2,7,-3,7,-3,7,-4,6,-4,5,-4,5,-4,4,0,0,0,0,0,0,0,0,0,0,0,0,0,0,-66,20,-61,14,-56,17,-53,18,-50,23,-47,16,-46,17,-43,20,-36,20,-33,25,-27,18,-29,22,-24,26,-22,23,-18,23,-13,26,-13,32,-10,28,-9,26,-2,31,2,31,5,34,6,33,8,33,8,33,11,34,15,33,14,37,18,38,21,42,23,39,25,47,21,51,23,47,26,46,24,59,24,54,26,55,20,55,19,54,20,52,15,53,10,56,11,57,8,57,10,54,8,47,3,51,0,45,3,45,1,43,-2,41,-7,42,-6,38,-12,35,-8,33,-15,29,0,0,0,0,0,0,0,0,0,0,0,0,0,0,0,0,0,0,0,0,0,0,48,-46,51,-37,53,-35,57,-30,55,-30,55,-20,53,-23,54,-22,58,-22,55,-15,60,-15,52,-16,56,-13,52,-15,51,-14,47,-14,48,-18,42,-12,43,-14,37,-11,33,-12,37,-15,31,-13,28,-19,32,-20,21,-23,25,-20,24,-24,18,-30,15,-29,11,-26,8,-34,10,-35,9,-35,4,-44,1,-40,-2,-41,-5,-47,-3,-46,-9,-49,-9,-55,-10,-53,-12,-50,-18,-57,-19,-56,-18,-53,-21,-58,-26,-60,-27,-59,-25,-61,-24,-66,-29,-67,-25,-70,-25,-67,-20,-71,-22,-73,-25,-68,0,0]"
CSI_DATA,344,1a:00:00:00:00:00,-46,11,1,0,1,1,1,0,0,0,1,-96,0,11,2,4960591,0,44,0,384,0,"[0,0,0,0,0,0,0,0,0,0,0,0,9,-6,8,-6,7,-6,7,-5,6,-5,6,-6,5,-6,4,-6,3,-6,3,-5,3,-7,2,-6,1,-6,1,-6,0,-6,0,-7,-1,-7,-1,-7,-2,-7,-3,-7,-3,-7,-4,-7,-4,-8,-4,-7,-5,-8,-5,-8,0,0,-6,-9,-6,-10,-6,-10,-6,-10,-5,-10,-5,-11,-5,-11,-5,-10,-5,-11,-4,-11,-3,-11,-2,-11,-2,-10,-2,-10,-2,-10,-2,-10,-1,-10,-1,-10,-1,-9,-1,-9,0,-9,1,-8,1,-8,1,-7,2,-6,2,-6,0,0,0,0,0,0,0,0,0,0,0,0,0,0,59,-37,56,-35,52,-34,43,-34,44,-33,38,-32,38,-33,38,-32,31,-28,25,-32,22,-34,21,-31,15,-32,18,-36,10,-32,6,-34,8,-33,2,-32,3,-28,-2,-37,-6,-37,-12,-34,-14,-31,-12,-35,-14,-34,-14,-34,-22,-36,-25,-39,-21,-42,-33,-37,-27,-40,-28,-46,-33,-48,-33,-45,-32,-44,-29,-52,-32,-53,-28,-53,-25,-58,-26,-53,-24,-56,-15,-55,-17,-55,-18,-57,-11,-50,-14,-55,-9,-48,-11,-50,-8,-43,-4,-45,-2,-45,-1,-42,2,-42,5,-40,7,-37,12,-32,12,-28,0,0,0,0,0,0,0,0,0,0,0,0,0,0,0,0,0,0,0,0,0,0,-17,66,-26,60,-30,61,-33,56,-40,56,-38,53,-37,48,-39,47,-38,48,-47,46,-43,39,-45,38,-38,42,-41,38,-39,35,-39,35,-34,34,-35,34,-29,29,-34,31,-32,30,-29,29,-24,30,-23,28,-19,29,-15,30,-13,33,-9,33,-9,32,-1,34,-1,33,1,40,5,35,10,34,12,38,14,35,19,41,18,41,25,41,28,45,24,41,32,47,31,47,35,52,31,43,42,42,42,47,42,52,45,54,49,61,46,60,50,54,42,55,48,61,44,60,40,65,45,64,0,0]"
CSI_DATA,345,1a:00:00:00:00:00,-46,11,1,0,1,1,1,0,0,0,1,-96,0,11,2,4991691,0,44,0,384,0,"[0,0,0,0,0,0,0,0,0,0,0,0,3,-11,3,-10,2,-9,2,-9,1,-9,1,-8,0,-8,0,-8,0,-8,-1,-7,-2,-7,-2,-6,-3,-6,-4,-6,-3,-6,-4,-6,-5,-5,-5,-5,-5,-4,-6,-4,-6,-4,-7,-4,-7,-4,-8,-4,-9,-4,-9,-4,0,0,-10,-4,-10,-5,-10,-5,-10,-5,-10,-5,-10,-5,-10,-6,-10,-6,-10,-7,-9,-7,-10,-7,-9,-7,-8,-7,-8,-7,-8,-7,-7,-8,-7,-7,-6,-7,-6,-7,-5,-7,-5,-8,-4,-7,-4,-7,-3,-7,-2,-7,-2,-6,0,0,0,0,0,0,0,0,0,0,0,0,0,0,39,-56,35,-48,36,-55,32,-52,27,-46,25,-44,19,-41,21,-39,15,-40,15,-35,12,-35,6,-33,8,-36,3,-32,-1,-33,-8,-35,-6,-31,-5,-31,-10,-32,-17,-28,-17,-31,-17,-25,-26,-24,-25,-25,-23,-26,-30,-24,-31,-26,-33,-27,-40,-31,-40,-23,-43,-27,-43,-29,-40,-29,-42,-31,-47,-33,-46,-38,-43,-38,-45,-37,-40,-39,-45,-43,-41,-40,-40,-42,-36,-45,-39,-46,-32,-42,-32,-44,-29,-41,-24,-44,-22,-41,-21,-43,-21,-39,-13,-39,-13,-36,-9,-37,-10,-35,-3,-35,0,-32,0,0,0,0,0,0,0,0,0,0,0,0,0,0,0,0,0,0,0,0,0,0,5,65,-1,65,-7,66,-8,63,-14,62,-17,58,-22,60,-21,61,-23,57,-23,53,-26,53,-17,48,-22,54,-23,52,-26,42,-22,44,-19,45,-21,42,-21,41,-19,39,-19,36,-16,39,-10,34,-8,33,-5,36,-1,34,1,33,4,29,1,34,9,27,10,29,17,32,20,33,21,32,22,32,24,33,28,33,32,31,34,32,36,32,39,32,42,29,46,31,52,30,49,31,49,27,52,34,52,34,58,32,62,31,65,35,65,34,63,40,61,35,64,36,61,41,65,42,0,0]"
CSI_DATA,346,1a:00:00:00:00:00,-46,11,1,0,1,1,1,0,0,0,1,-96,0,11,2,5010735,0,44,0,384,0,"[0,0,0,0,0,0,0,0,0,0,0,0,-9,-7,-9,-6,-9,-5,-9,-5,-8,-5,-7,-4,-8,-3,-7,-2,-7,-2,-7,-1,-6,-1,-6,0,-7,0,-6,1,-6,1,-6,2,-5,3,-6,3,-5,4,-5,4,-5,4,-5,5,-5,5,-5,6,-5,7,-5,6,0,0,-5,8,-6,8,-6,8,-6,9,-7,9,-7,8,-7,8,-7,8,-8,8,-8,8,-8,7,-8,6,-8,6,-8,6,-8,5,-8,5,-8,5,-7,4,-7,4,-7,4,-7,3,-7,3,-7,2,-7,1,-6,1,-6,0,0,0,0,0,0,0,0,0,0,0,0,0,0,0,-58,-38,-54,-38,-53,-35,-49,-31,-43,-28,-46,-29,-49,-19,-41,-24,-43,-14,-41,-12,-39,-11,-37,-8,-34,-4,-35,-1,-31,-5,-33,3,-38,5,-31,9,-29,11,-28,11,-29,17,-26,16,-27,24,-25,29,-27,30,-24,32,-26,34,-23,36,-26,35,-25,42,-21,38,-28,46,-27,43,-27,51,-27,46,-34,52,-31,52,-35,49,-40,45,-36,46,-38,46,-40,41,-41,40,-42,41,-39,35,-46,34,-45,31,-44,31,-43,25,-39,23,-41,19,-37,17,-40,19,-35,12,-37,12,-36,4,-31,0,0,0,0,0,0,0,0,0,0,0,0,0,0,0,0,0,0,0,0,0,0,0,64,-4,66,3,66,5,70,14,66,17,62,17,60,15,57,24,57,22,56,24,53,27,50,30,54,27,54,21,49,22,46,25,49,22,44,25,40,16,41,17,39,15,41,19,34,14,37,8,34,5,35,-1,32,1,30,-6,35,-2,29,-7,32,-13,34,-17,34,-20,27,-22,31,-29,32,-30,32,-30,33,-35,31,-37,32,-41,32,-47,26,-49,32,-45,30,-50,31,-49,29,-53,28,-58,27,-63,28,-58,33,-65,39,-62,31,-64,34,-65,34,-63,38,-68,34,-70,41,-57,0,0]"
CSI_DATA,347,1a:00:00:00:00:00,-46,11,1,0,1,1,1,0,0,0,1,-96,0,11,2,5020857,0,44,0,384,0,"[0,0,0,0,0,0,0,0,0,0,0,0,-11,-2,-10,-1,-10,-1,-10,-2,-9,-1,-8,-1,-8,0,-7,1,-7,1,-7,1,-6,2,-6,2,-6,3,-5,3,-5,3,-5,4,-4,4,-4,5,-3,5,-3,6,-3,6,-2,6,-2,6,-2,7,-3,8,-2,8,0,0,-1,9,-2,9,-2,9,-2,10,-2,10,-3,10,-3,10,-3,10,-3,10,-4,9,-4,10,-5,9,-5,8,-5,8,-5,8,-5,7,-5,7,-5,7,-5,7,-5,6,-5,5,-6,5,-6,5,-6,4,-6,3,-5,2,0,0,0,0,0,0,0,0,0,0,0,0,0,0,-61,-28,-59,-30,-58,-21,-51,-23,-49,-24,-48,-17,-49,-16,-46,-19,-44,-10,-39,-3,-42,-8,-38,0,-36,2,-36,5,-28,4,-29,11,-33,12,-29,15,-29,15,-30,20,-24,21,-26,24,-21,25,-19,27,-18,29,-22,28,-19,38,-21,40,-20,41,-17,45,-18,40,-21,45,-26,49,-21,49,-23,52,-30,53,-26,49,-26,49,-30,51,-32,46,-33,49,-34,44,-38,45,-39,46,-35,40,-40,38,-39,33,-37,35,-32,28,-36,25,-33,21,-33,22,-36,20,-37,17,-33,16,-35,11,-30,5,0,0,0,0,0,0,0,0,0,0,0,0,0,0,0,0,0,0,0,0,0,0,63,-14,62,-8,68,-5,62,1,68,4,60,9,59,6,60,11,59,9,61,12,57,16,53,12,56,13,55,15,49,16,50,13,47,14,45,13,43,9,40,10,40,10,40,5,33,4,35,0,38,-1,33,-6,30,-7,30,-10,36,-8,30,-15,27,-20,27,-23,26,-25,24,-28,32,-30,25,-32,26,-37,23,-37,25,-44,24,-46,26,-44,24,-52,20,-51,24,-54,19,-53,26,-52,23,-54,23,-62,24,-66,20,-73,21,-67,19,-75,25,-69,26,-69,28,-77,29,-70,25,-72,0,0]"
CSI_DATA,348,1a:00:00:00:00:00,-46,11,1,0,1,1,1,0,0,0,1,-96,0,11,2,5031395,0,44,0,384,0,"[0,0,0,0,0,0,0,0,0,0,0,0,1,10,1,9,2,8,2,8,2,7,2,7,2,6,2,5,3,5,3,5,3,4,4,4,4,3,5,3,5,3,5,2,5,1,5,1,6,0,6,0,7,0,7,-1,7,0,8,-1,8,-1,8,-2,0,0,9,-2,9,-2,9,-2,10,-2,10,-1,10,-2,11,-1,10,-1,11,-1,10,0,10,0,10,1,9,1,9,1,9,2,8,2,8,2,8,2,7,2,7,3,6,3,6,3,5,3,5,3,4,4,3,4,0,0,0,0,0,0,0,0,0,0,0,0,0,0,11,67,9,61,23,65,13,60,16,54,17,47,16,44,21,44,21,38,20,41,18,36,18,32,25,31,22,28,21,26,29,19,34,13,29,15,29,13,32,5,39,5,34,4,37,-1,36,-6,33,-7,38,-10,44,-3,43,-11,46,-14,50,-16,48,-13,52,-18,54,-15,52,-18,53,-17,58,-11,57,-17,57,-16,60,-8,60,-10,64,-5,62,-2,60,-1,57,-5,54,2,54,3,56,4,50,3,51,15,49,6,47,11,41,12,39,10,37,15,36,17,37,21,26,19,0,0,0,0,0,0,0,0,0,0,0,0,0,0,0,0,0,0,0,0,0,0,-53,-46,-49,-53,-44,-54,-39,-59,-38,-61,-33,-62,-30,-57,-31,-59,-29,-61,-26,-59,-23,-63,-23,-60,-26,-62,-20,-57,-16,-48,-15,-52,-22,-54,-12,-49,-19,-46,-18,-41,-16,-39,-19,-42,-20,-37,-19,-34,-24,-26,-28,-27,-25,-26,-27,-26,-27,-20,-34,-18,-31,-11,-40,-17,-40,-12,-44,-10,-45,-6,-43,-1,-47,-4,-53,1,-51,3,-53,9,-53,7,-55,14,-61,14,-60,15,-63,18,-68,18,-68,18,-66,23,-66,22,-74,22,-71,27,-74,23,-78,18,-73,22,-74,22,-74,21,-73,18,0,0]"
CSI_DATA,349,1a:00:00:00:00:00,-46,11,1,0,1,1,1,0,0,0,1,-96,0,11,2,5040630,0,44,0,384,0,"[0,0,0,0,0,0,0,0,0,0,0,0,-9,6,-9,5,-8,5,-8,5,-7,5,-6,5,-6,5,-4,5,-4,5,-4,5,-3,5,-3,5,-2,5,-2,5,-1,5,0,6,0,6,1,5,1,6,1,6,2,6,3,6,2,6,3,6,4,7,4,7,0,0,4,8,4,8,5,8,5,8,4,9,4,9,4,9,4,10,4,10,3,10,2,10,1,10,1,9,1,9,1,9,1,9,0,9,0,8,0,8,0,7,-1,7,-2,7,-2,6,-2,5,-3,6,-3,5,0,0,0,0,0,0,0,0,0,0,0,0,0,0,-60,31,-64,24,-61,29,-50,36,-51,29,-45,29,-43,26,-41,27,-39,24,-32,27,-30,24,-25,28,-21,31,-22,28,-21,28,-12,32,-14,28,-9,35,-4,28,-6,34,1,36,0,33,7,34,13,36,8,35,9,42,15,40,19,36,21,43,21,45,20,44,22,46,21,45,25,47,26,46,16,54,22,55,20,56,17,60,16,57,13,57,12,55,6,58,3,51,6,53,5,52,1,49,-1,51,1,44,-5,48,-5,42,-9,44,-6,39,-13,36,-14,33,-18,29,-12,27,0,0,0,0,0,0,0,0,0,0,0,0,0,0,0,0,0,0,0,0,0,0,21,-67,31,-62,31,-60,40,-58,40,-54,43,-49,41,-47,43,-44,43,-43,47,-45,49,-40,51,-35,48,-40,44,-39,47,-28,38,-34,36,-36,41,-29,37,-31,37,-35,30,-30,33,-29,28,-31,24,-29,18,-30,17,-29,16,-33,10,-27,9,-36,5,-37,1,-34,2,-37,-3,-39,-4,-43,-8,-43,-11,-42,-13,-47,-14,-43,-17,-44,-22,-50,-23,-49,-28,-51,-27,-55,-29,-51,-31,-49,-39,-57,-32,-56,-44,-55,-38,-58,-42,-60,-35,-64,-44,-60,-36,-63,-42,-67,-38,-70,-39,-62,-34,-69,0,0]"
CSI_DATA,350,1a:00:00:00:00:00,-46,11,1,0,1,1,1,0,0,0,1,-96,0,11,2,5050878,0,44,0,384,0,"[0,0,0,0,0,0,0,0,0,0,0,0,6,-8,6,-8,5,-8,5,-7,4,-7,4,-7,3,-7,2,-7,1,-7,1,-7,1,-7,0,-7,0,-6,-1,-6,-1,-6,-2,-7,-2,-6,-3,-6,-4,-5,-4,-6,-5,-6,-5,-6,-5,-6,-6,-6,-6,-7,-7,-7,0,0,-7,-7,-7,-8,-8,-8,-8,-8,-7,-8,-7,-8,-7,-9,-7,-9,-7,-10,-6,-10,-6,-10,-5,-9,-4,-9,-4,-9,-4,-10,-3,-9,-3,-9,-3,-9,-3,-9,-2,-8,-2,-9,-1,-7,-1,-7,0,-7,1,-7,1,-6,0,0,0,0,0,0,0,0,0,0,0,0,0,0,53,-44,53,-47,45,-47,45,-39,43,-45,41,-34,32,-39,30,-32,27,-32,25,-32,22,-32,18,-31,14,-36,8,-32,7,-31,6,-33,0,-31,-4,-32,-1,-24,-8,-33,-11,-29,-11,-37,-14,-28,-19,-34,-17,-33,-23,-32,-23,-33,-28,-33,-28,-38,-35,-37,-32,-32,-33,-42,-32,-41,-36,-41,-41,-39,-34,-47,-36,-48,-33,-48,-34,-49,-31,-52,-30,-55,-28,-52,-28,-53,-18,-55,-19,-45,-19,-54,-12,-51,-11,-49,-12,-45,-9,-42,-8,-45,-6,-45,-4,-42,-1,-38,1,-36,4,-35,9,-33,0,0,0,0,0,0,0,0,0,0,0,0,0,0,0,0,0,0,0,0,0,0,-8,63,-14,64,-22,67,-23,62,-30,64,-30,53,-30,53,-34,54,-37,53,-38,50,-38,49,-34,47,-34,48,-36,46,-34,39,-34,44,-27,40,-30,41,-26,35,-25,34,-22,31,-26,33,-22,33,-20,31,-17,31,-9,35,-10,32,-8,34,-4,36,3,32,4,34,1,36,10,33,12,34,18,42,17,42,25,38,24,43,27,39,31,40,26,40,36,42,30,46,45,48,41,37,50,51,49,46,50,48,48,46,58,53,50,52,55,49,55,54,58,55,59,52,56,54,52,54,0,0]"
CSI_DATA,351,1a:00:00:00:00:00,-46,11,1,0,1,1,1,0,0,0,1,-96,0,11,2,5060584,0,44,0,384,0,"[0,0,0,0,0,0,0,0,0,0,0,0,9,3,9,2,9,2,8,3,8,1,7,1,7,0,6,-1,6,0,6,-1,5,-2,5,-2,5,-3,5,-3,5,-3,5,-4,4,-4,4,-5,4,-5,4,-5,4,-5,4,-6,3,-7,3,-7,4,-8,3,-8,0,0,4,-9,5,-9,5,-10,4,-10,5,-9,5,-9,6,-9,6,-9,6,-9,6,-9,7,-8,7,-7,7,-7,7,-7,7,-6,7,-6,7,-6,6,-5,7,-5,6,-4,6,-3,7,-3,6,-2,6,-2,6,-1,5,-1,0,0,0,0,0,0,0,0,0,0,0,0,0,0,64,18,60,25,67,16,56,18,52,12,51,12,51,9,51,8,45,5,38,4,42,1,37,-2,40,-3,28,-6,29,-5,28,-15,30,-18,28,-15,30,-16,22,-15,23,-25,20,-23,19,-25,24,-28,20,-31,18,-35,17,-37,13,-41,16,-41,15,-47,15,-46,18,-53,24,-49,21,-53,18,-52,21,-54,23,-55,26,-54,29,-56,34,-51,29,-49,33,-52,32,-52,32,-48,30,-43,34,-40,35,-34,42,-39,32,-31,37,-28,29,-25,37,-25,36,-25,34,-20,33,-15,29,-10,33,-8,0,0,0,0,0,0,0,0,0,0,0,0,0,0,0,0,0,0,0,0,0,0,-62,28,-69,22,-68,16,-72,12,-69,9,-66,6,-66,0,-67,-7,-65,-4,-62,0,-61,-7,-58,0,-62,0,-57,-8,-51,-8,-51,-5,-48,-3,-48,-14,-45,-6,-47,-5,-43,-3,-45,-1,-40,0,-36,6,-40,5,-32,13,-34,13,-36,10,-32,19,-29,15,-26,21,-30,25,-24,29,-25,29,-25,34,-25,36,-24,37,-21,38,-21,45,-21,49,-19,46,-14,52,-20,54,-21,56,-14,56,-11,59,-15,63,-15,62,-14,64,-18,74,-18,73,-11,75,-20,73,-21,69,-17,76,-23,80,-25,73,0,0]"
CSI_DATA,352,1a:00:00:00:00:00,-46,11,1,0,1,1,1,0,0,0,1,-96,0,11,2,5070574,0,44,0,384,0,"[0,0,0,0,0,0,0,0,0,0,0,0,-10,6,-9,5,-8,6,-7,5,-7,5,-7,5,-6,5,-5,5,-5,5,-3,5,-3,6,-3,6,-2,6,-1,5,-1,5,-1,6,0,6,0,6,1,6,1,6,2,6,2,6,2,6,4,6,4,7,4,7,0,0,4,8,4,8,4,9,5,9,4,9,4,10,4,10,4,10,4,10,3,10,2,10,2,10,2,9,1,9,1,9,1,9,0,9,0,8,0,8,-1,8,-1,8,-1,7,-2,6,-2,6,-3,6,-3,5,0,0,0,0,0,0,0,0,0,0,0,0,0,0,-60,24,-52,19,-58,27,-49,26,-51,28,-46,22,-39,25,-40,24,-35,21,-32,26,-26,25,-25,27,-20,29,-17,26,-18,30,-8,29,-17,31,-9,28,-10,27,-2,31,-2,33,1,35,3,30,6,34,8,28,12,35,15,35,21,36,15,38,24,41,17,38,25,48,18,42,25,48,23,44,24,54,22,50,25,48,16,55,16,51,15,51,15,55,7,53,12,48,5,52,6,50,1,51,5,46,3,43,-2,41,-5,42,-4,41,-10,38,-14,34,-10,35,-16,32,-16,28,0,0,0,0,0,0,0,0,0,0,0,0,0,0,0,0,0,0,0,0,0,0,25,-52,43,-55,26,-39,31,-58,38,-46,46,-32,50,-41,44,-29,48,-32,38,-26,43,-50,65,-28,45,-12,36,-37,60,-28,43,-17,57,-33,45,-44,25,-35,47,-35,27,-42,50,-22,18,-13,40,-17,39,-36,27,-13,17,-22,26,-43,16,-26,-9,-22,10,-46,-6,-36,-3,-56,-12,-37,-17,-32,-12,-47,2,-51,-17,-62,0,-51,-23,-35,-29,-61,-37,-36,-15,-32,-9,-58,-26,-37,-24,-52,-19,-65,-33,-40,-41,-56,-34,-42,-24,-56,-33,-68,-44,-74,-34,-56,-33,-66,-33,-66,-35,-71,0,0]"
CSI_DATA,353,1a:00:00:00:00:00,-46,11,1,0,1,1,1,0,0,0,1,-96,0,11,2,5080584,0,44,0,384,0,"[0,0,0,0,0,0,0,0,0,0,0,0,6,-9,5,-9,5,-8,5,-8,4,-8,4,-7,3,-8,2,-7,2,-7,1,-6,1,-7,0,-7,-1,-6,-1,-6,-1,-6,-2,-6,-3,-6,-2,-6,-4,-6,-4,-6,-4,-6,-5,-6,-5,-6,-6,-6,-6,-7,-7,-7,0,0,-7,-7,-7,-8,-7,-8,-7,-8,-7,-8,-7,-9,-7,-9,-6,-9,-7,-9,-6,-10,-6,-10,-4,-10,-4,-9,-4,-9,-3,-9,-3,-9,-3,-9,-2,-9,-2,-9,-2,-8,-1,-8,-1,-7,0,-7,0,-7,1,-7,1,-6,0,0,0,0,0,0,0,0,0,0,0,0,0,0,46,-49,45,-44,40,-46,38,-41,40,-40,36,-37,33,-35,30,-38,28,-35,18,-31,20,-38,18,-30,16,-32,11,-29,9,-33,3,-34,2,-32,0,-30,1,-28,-6,-31,-13,-35,-13,-30,-16,-28,-14,-33,-15,-28,-20,-33,-24,-32,-29,-32,-31,-34,-30,-37,-32,-34,-37,-38,-31,-36,-35,-41,-38,-39,-33,-46,-35,-49,-35,-46,-29,-48,-26,-50,-30,-49,-26,-46,-21,-49,-23,-51,-19,-50,-19,-51,-15,-48,-16,-47,-15,-46,-10,-40,-8,-44,-6,-43,-4,-40,-1,-34,5,-33,1,-35,7,-30,0,0,0,0,0,0,0,0,0,0,0,0,0,0,0,0,0,0,0,0,0,0,1,65,-7,64,-10,64,-13,60,-20,61,-22,55,-21,56,-27,52,-27,53,-29,54,-31,51,-30,49,-30,51,-34,46,-30,41,-28,41,-25,45,-26,42,-24,34,-25,38,-25,34,-20,36,-15,36,-14,32,-10,34,-6,37,-3,36,-3,32,0,33,3,33,8,34,8,36,13,36,14,35,14,36,23,35,21,39,26,36,28,38,36,39,30,37,41,38,39,40,43,41,44,34,42,41,46,38,54,40,52,43,50,43,51,45,55,44,56,47,54,48,56,52,57,54,52,46,0,0]"
CSI_DATA,354,1a:00:00:00:00:00,-46,11,1,0,1,1,1,0,0,0,1,-96,0,11,2,5091035,0,44,0,384,0,"[0,0,0,0,0,0,0,0,0,0,0,0,4,9,4,8,4,8,4,7,4,7,3,6,4,5,4,5,4,4,5,4,4,3,4,2,5,2,5,1,5,1,5,0,5,0,5,0,6,-1,6,-1,6,-2,6,-2,6,-2,7,-3,7,-3,7,-4,0,0,8,-4,9,-4,9,-4,9,-4,9,-4,10,-4,10,-4,10,-3,10,-3,10,-2,9,-2,9,-2,9,-1,9,-1,8,-1,8,0,8,0,7,0,7,0,7,1,7,1,7,1,6,1,5,2,5,3,4,3,0,0,0,0,0,0,0,0,0,0,0,0,0,0,27,59,21,58,23,57,24,52,24,50,17,45,23,39,21,39,16,38,17,34,25,31,24,28,30,25,24,21,26,19,23,17,31,14,29,11,32,8,31,8,34,3,30,3,31,-8,31,-6,33,-3,38,-14,34,-15,37,-13,43,-12,38,-16,45,-17,51,-16,48,-15,47,-23,48,-22,54,-17,56,-20,53,-21,51,-20,53,-14,53,-10,57,-5,53,-4,52,-7,50,-3,52,0,53,8,47,0,46,5,44,8,40,6,41,7,42,7,33,11,28,13,28,18,25,18,0,0,0,0,0,0,0,0,0,0,0,0,0,0,0,0,0,0,0,0,0,0,-56,-33,-57,-40,-53,-38,-53,-46,-47,-49,-43,-50,-43,-46,-43,-48,-39,-56,-37,-49,-28,-51,-31,-49,-34,-51,-30,-49,-28,-47,-25,-48,-31,-46,-26,-41,-27,-39,-27,-34,-26,-34,-29,-33,-26,-31,-30,-29,-30,-25,-28,-26,-30,-23,-32,-15,-31,-19,-39,-10,-32,-10,-40,-9,-39,-2,-37,-1,-42,3,-42,4,-46,4,-46,9,-45,8,-53,13,-50,18,-48,19,-58,16,-54,25,-51,22,-52,29,-54,29,-60,35,-57,36,-63,30,-63,34,-70,32,-75,31,-66,32,-76,33,-71,31,-68,35,0,0]"
CSI_DATA,355,1a:00:00:00:00:00,-46,11,1,0,1,1,1,0,0,0,1,-96,0,11,2,5100635,0,44,0,384,0,"[0,0,0,0,0,0,0,0,0,0,0,0,8,-8,7,-8,6,-7,6,-7,5,-7,5,-6,4,-7,3,-7,3,-6,3,-6,2,-7,1,-7,1,-6,0,-6,0,-6,-1,-7,-2,-7,-2,-6,-3,-6,-3,-6,-3,-6,-4,-6,-4,-7,-5,-7,-5,-7,-5,-7,0,0,-6,-8,-6,-9,-6,-9,-7,-8,-6,-9,-6,-10,-6,-10,-6,-10,-6,-10,-5,-10,-4,-10,-3,-10,-3,-9,-3,-9,-3,-9,-2,-9,-2,-9,-2,-9,-2,-9,-1,-8,-1,-8,0,-7,0,-8,1,-7,1,-6,1,-6,0,0,0,0,0,0,0,0,0,0,0,0,0,0,56,-35,57,-37,47,-45,38,-38,40,-43,40,-39,32,-37,32,-36,30,-33,22,-30,20,-36,18,-31,17,-35,14,-31,9,-33,5,-33,2,-29,2,-29,-1,-31,-5,-34,-5,-33,-9,-35,-17,-30,-17,-30,-18,-32,-18,-27,-26,-32,-25,-35,-29,-36,-28,-35,-30,-35,-33,-38,-31,-40,-34,-43,-36,-41,-33,-45,-31,-43,-31,-43,-32,-53,-33,-47,-32,-53,-27,-52,-25,-51,-20,-50,-17,-47,-21,-50,-18,-46,-16,-49,-11,-43,-12,-39,-7,-41,-10,-40,-4,-37,5,-37,3,-38,5,-37,7,-30,0,0,0,0,0,0,0,0,0,0,0,0,0,0,0,0,0,0,0,0,0,0,-7,67,-19,63,-20,64,-24,62,-30,60,-31,55,-28,53,-34,54,-33,55,-34,51,-39,50,-35,46,-36,45,-36,42,-35,38,-33,42,-31,38,-32,39,-27,35,-26,34,-22,33,-21,34,-18,31,-16,33,-17,32,-8,35,-9,34,0,38,-3,33,0,35,0,36,5,40,3,34,14,35,16,35,21,34,22,36,29,44,28,40,27,38,33,43,36,44,38,46,35,45,39,42,43,41,43,41,49,45,51,44,51,51,48,47,58,49,55,51,50,51,53,56,49,54,53,54,0,0]"
CSI_DATA,356,1a:00:00:00:00:00,-46,11,1,0,1,1,1,0,0,0,1,-96,0,11,2,5120555,0,44,0,384,0,"[0,0,0,0,0,0,0,0,0,0,0,0,-9,7,-8,7,-6,6,-7,7,-6,6,-6,6,-5,6,-4,6,-4,6,-2,5,-3,6,-1,6,-1,5,-1,5,0,5,1,6,1,6,1,5,2,5,3,5,3,5,3,5,4,5,4,5,4,6,5,6,0,0,6,7,6,7,6,8,6,8,6,8,6,8,6,8,5,8,5,9,5,8,4,9,3,8,3,8,3,8,2,8,2,9,1,8,1,8,1,8,1,7,0,7,0,6,-1,6,-1,6,-2,6,-2,5,0,0,0,0,0,0,0,0,0,0,0,0,0,0,-56,35,-55,29,-57,31,-48,29,-51,30,-46,30,-46,25,-43,29,-32,28,-29,30,-31,29,-24,28,-24,24,-11,28,-15,31,-12,32,-11,30,-6,30,-5,28,-2,31,2,34,3,31,5,32,6,27,10,29,12,35,13,31,15,35,18,35,21,41,23,42,25,45,20,42,25,46,22,43,21,52,21,51,18,53,16,54,18,56,15,51,15,53,14,52,14,53,6,53,10,50,6,47,0,50,1,46,3,45,1,38,-4,39,-6,38,-7,35,-10,29,-15,32,-14,26,0,0,0,0,0,0,0,0,0,0,0,0,0,0,0,0,0,0,0,0,0,0,22,-72,21,-72,20,-50,34,-68,48,-54,41,-41,44,-38,30,-41,39,-56,24,-34,41,-54,20,-49,44,-59,42,-28,18,-24,44,-23,18,-44,45,-45,49,-24,46,-41,21,-45,19,-34,21,-41,48,-14,24,-12,21,-51,24,-50,11,-40,-1,-17,15,-45,10,-26,10,-48,-13,-46,-20,-36,-3,-22,-2,-44,-1,-62,-1,-41,-4,-56,-11,-36,-35,-53,-26,-27,-41,-42,-45,-41,-28,-43,-22,-60,-29,-33,-24,-60,-42,-39,-29,-57,-34,-72,-38,-56,-58,-62,-40,-62,-40,-71,-44,-63,-40,-65,0,0]"
CSI_DATA,357,1a:00:00:00:00:00,-46,11,1,0,1,1,1,0,0,0,1,-96,0,11,2,5130978,0,44,0,384,0,"[0,0,0,0,0,0,0,0,0,0,0,0,-10,-4,-10,-4,-10,-3,-9,-3,-9,-3,-8,-2,-8,-2,-8,-1,-8,-1,-7,0,-7,0,-6,1,-6,1,-6,2,-6,2,-6,3,-5,3,-5,3,-5,4,-5,4,-5,4,-5,5,-4,5,-4,6,-4,7,-4,7,0,0,-5,8,-5,8,-5,8,-5,8,-5,8,-6,8,-7,8,-7,8,-7,8,-7,7,-7,7,-8,7,-7,6,-8,6,-8,5,-8,5,-7,5,-7,4,-7,4,-7,3,-7,3,-8,2,-7,2,-7,1,-7,0,-6,0,0,0,0,0,0,0,0,0,0,0,0,0,0,0,-61,-40,-54,-40,-58,-33,-51,-37,-48,-27,-46,-26,-45,-28,-44,-21,-40,-19,-38,-17,-42,-10,-38,-9,-42,-7,-36,-7,-35,-3,-34,4,-34,4,-32,5,-30,8,-28,15,-28,14,-24,15,-29,19,-25,22,-24,23,-24,29,-25,28,-30,35,-29,31,-29,38,-28,36,-30,41,-29,36,-32,41,-33,46,-40,43,-37,43,-41,44,-40,43,-41,42,-40,37,-44,36,-45,34,-48,33,-45,31,-41,30,-42,22,-46,24,-38,22,-43,18,-37,16,-42,14,-39,16,-35,6,-37,6,-33,2,-30,-2,0,0,0,0,0,0,0,0,0,0,0,0,0,0,0,0,0,0,0,0,0,0,60,-20,66,-13,65,-12,68,-5,66,0,60,2,59,5,64,6,60,4,62,13,57,14,56,11,63,9,56,11,50,13,46,12,51,12,46,17,48,8,45,8,42,4,44,7,38,7,37,-1,34,0,36,-7,31,-5,33,-13,33,-13,36,-16,27,-16,39,-24,33,-22,30,-27,31,-30,30,-36,26,-36,28,-33,30,-36,28,-46,30,-45,27,-51,30,-51,29,-53,24,-49,24,-62,26,-63,25,-59,28,-62,26,-66,34,-68,28,-68,35,-68,34,-64,39,-77,32,-72,37,-69,0,0]"
CSI_DATA,358,1a:00:00:00:00:00,-46,11,1,0,1,1,1,0,0,0,1,-96,0,11,2,5150615,0,44,0,384,0,"[0,0,0,0,0,0,0,0,0,0,0,0,4,-10,3,-10,3,-9,3,-9,2,-8,2,-8,1,-8,1,-8,0,-7,0,-7,-1,-7,-2,-7,-2,-6,-2,-6,-3,-6,-4,-6,-4,-5,-4,-5,-4,-5,-5,-5,-5,-5,-6,-5,-6,-5,-7,-5,-7,-5,-8,-5,0,0,-8,-5,-9,-6,-9,-5,-9,-6,-8,-6,-9,-6,-9,-7,-8,-7,-8,-8,-8,-8,-8,-8,-7,-8,-6,-8,-6,-8,-6,-8,-5,-8,-5,-8,-5,-7,-4,-7,-4,-7,-3,-7,-3,-7,-3,-7,-2,-6,-1,-7,0,-6,0,0,0,0,0,0,0,0,0,0,0,0,0,0,30,-67,25,-62,22,-62,28,-57,18,-56,22,-53,16,-46,13,-49,9,-38,12,-43,4,-39,-2,-38,2,-39,-3,-38,-6,-37,-8,-33,-15,-34,-15,-29,-11,-30,-19,-28,-21,-29,-23,-25,-25,-20,-26,-21,-30,-23,-35,-23,-31,-23,-39,-19,-40,-18,-43,-23,-44,-25,-52,-23,-45,-23,-46,-24,-49,-22,-47,-31,-48,-30,-47,-32,-49,-32,-49,-33,-46,-33,-45,-37,-38,-35,-38,-35,-39,-36,-36,-37,-32,-39,-30,-38,-31,-38,-28,-40,-25,-36,-23,-35,-20,-35,-13,-33,-12,-33,-8,-35,-4,-33,0,0,0,0,0,0,0,0,0,0,0,0,0,0,0,0,0,0,0,0,0,0,16,62,9,66,7,65,-1,70,-6,64,-7,64,-8,62,-10,61,-9,60,-13,55,-14,59,-12,54,-9,57,-15,54,-16,49,-13,50,-8,49,-11,41,-9,46,-14,43,-7,39,-5,39,-5,39,1,36,-1,35,4,34,4,35,7,35,10,30,21,35,18,24,23,32,25,33,24,28,32,29,31,30,35,29,39,28,44,27,43,23,46,27,46,22,53,29,55,25,58,22,58,25,60,25,61,17,62,24,67,25,68,28,71,25,73,29,69,27,72,25,74,31,69,27,0,0]"
CSI_DATA,359,1a:00:00:00:00:00,-46,11,1,0,1,1,1,0,0,0,1,-96,0,11,2,5161741,0,44,0,384,0,"[0,0,0,0,0,0,0,0,0,0,0,0,10,-2,10,-1,9,-2,9,-2,8,-2,7,-3,7,-3,6,-3,6,-3,6,-3,5,-4,5,-5,4,-5,4,-5,3,-5,3,-6,2,-6,2,-7,1,-6,1,-6,1,-7,0,-8,0,-8,0,-8,0,-9,0,-9,0,0,-1,-10,0,-10,0,-11,0,-11,1,-11,1,-11,1,-11,1,-11,1,-11,1,-11,2,-11,3,-10,3,-10,3,-9,3,-9,3,-9,3,-8,3,-8,3,-8,3,-7,4,-7,4,-6,4,-6,4,-5,4,-4,4,-4,0,0,0,0,0,0,0,0,0,0,0,0,0,0,68,12,62,13,65,11,59,9,59,7,49,9,49,2,50,6,48,1,40,1,39,-4,39,-6,37,-10,37,-10,29,-14,26,-19,28,-21,24,-21,24,-25,22,-22,20,-28,16,-27,16,-32,13,-32,14,-32,13,-35,10,-39,8,-41,14,-45,7,-47,6,-45,7,-52,10,-52,9,-58,13,-53,16,-58,13,-61,13,-57,22,-56,20,-53,18,-54,26,-51,24,-48,24,-51,26,-43,21,-41,29,-44,28,-39,27,-36,25,-36,25,-35,28,-33,28,-30,31,-26,29,-22,28,-19,25,-11,0,0,0,0,0,0,0,0,0,0,0,0,0,0,0,0,0,0,0,0,0,0,-57,26,-59,23,-60,18,-66,14,-63,14,-63,8,-60,6,-59,-1,-65,0,-61,-1,-61,-3,-55,-1,-61,0,-59,0,-52,-6,-51,-4,-56,1,-50,-3,-47,-1,-46,0,-41,-1,-44,1,-36,2,-41,4,-37,9,-35,15,-32,15,-30,16,-31,15,-31,23,-27,21,-29,29,-25,33,-25,30,-27,38,-25,34,-20,39,-18,40,-19,45,-16,50,-17,51,-8,53,-16,58,-11,60,-7,56,-7,60,-8,63,-3,66,-6,69,-9,72,-6,73,-5,72,-12,75,-8,75,-11,80,-13,79,-7,75,0,0]"
CSI_DATA,360,1a:00:00:00:00:00,-46,11,1,0,1,1,1,0,0,0,1,-96,0,11,2,5170795,0,44,0,384,0,"[0,0,0,0,0,0,0,0,0,0,0,0,-9,6,-8,6,-8,6,-7,5,-7,5,-6,5,-6,5,-5,5,-5,5,-3,5,-3,6,-2,6,-2,5,-1,5,-1,5,-1,6,0,6,0,5,1,5,1,5,2,5,2,6,3,6,3,6,3,7,4,7,0,0,4,7,4,8,4,8,5,8,4,8,4,8,4,9,3,9,4,9,3,9,3,10,2,9,2,8,1,9,1,9,0,8,0,8,0,7,0,7,0,7,-1,7,-1,6,-1,6,-2,6,-2,5,-3,5,0,0,0,0,0,0,0,0,0,0,0,0,0,0,-66,22,-61,26,-56,29,-57,23,-55,30,-50,26,-46,24,-40,22,-37,26,-38,25,-27,31,-28,28,-26,29,-22,26,-21,29,-13,31,-14,30,-9,27,-10,30,-8,31,-5,32,2,32,3,36,4,34,7,36,13,36,14,35,19,39,17,39,19,45,22,38,26,43,20,45,25,52,27,44,21,56,17,54,18,50,16,53,18,55,18,56,16,56,14,52,9,53,11,50,5,52,4,47,2,47,3,47,0,44,0,42,-5,41,-6,38,-12,37,-12,35,-9,31,-14,27,0,0,0,0,0,0,0,0,0,0,0,0,0,0,0,0,0,0,0,0,0,0,35,-55,41,-49,44,-50,48,-46,51,-42,49,-39,50,-36,51,-32,51,-35,49,-33,50,-33,46,-35,47,-32,48,-31,49,-27,41,-26,41,-27,42,-26,41,-24,38,-21,34,-21,35,-22,29,-30,26,-26,27,-27,19,-30,19,-33,19,-32,14,-32,16,-33,10,-35,7,-41,6,-38,2,-41,-5,-45,-4,-43,-10,-44,-10,-47,-12,-47,-16,-44,-14,-51,-25,-56,-22,-57,-23,-57,-25,-57,-28,-61,-28,-58,-32,-59,-28,-59,-36,-64,-38,-64,-38,-66,-34,-68,-34,-69,-35,-74,-37,-66,-33,-73,0,0]"
CSI_DATA,361,1a:00:00:00:00:00,-46,11,1,0,1,1,1,0,0,0,1,-96,0,11,2,5180878,0,44,0,384,0,"[0,0,0,0,0,0,0,0,0,0,0,0,6,9,6,8,6,7,6,7,6,6,5,6,5,5,5,4,5,4,5,3,6,3,5,2,5,2,5,1,6,0,6,0,6,0,5,-1,6,-1,6,-2,6,-2,6,-3,6,-3,7,-4,7,-4,7,-4,0,0,7,-4,9,-5,9,-4,9,-5,9,-5,9,-4,10,-4,10,-4,9,-3,10,-3,10,-2,10,-2,10,-2,9,-1,9,-1,9,0,8,-1,8,0,8,0,7,0,7,1,7,1,6,2,5,2,5,3,4,3,0,0,0,0,0,0,0,0,0,0,0,0,0,0,38,64,37,59,40,51,31,51,30,48,29,45,33,43,30,39,31,37,32,32,26,26,26,26,28,23,29,19,26,15,32,10,36,8,30,7,31,9,31,6,33,1,33,3,36,-5,38,-3,32,-8,36,-13,38,-13,36,-17,41,-21,43,-20,38,-20,43,-19,48,-20,49,-21,49,-23,51,-17,55,-18,51,-20,54,-12,56,-14,51,-12,54,-6,56,-9,51,-7,52,-4,53,1,51,3,48,3,47,3,42,8,41,9,39,11,37,12,35,14,35,15,31,17,22,15,0,0,0,0,0,0,0,0,0,0,0,0,0,0,0,0,0,0,0,0,0,0,-66,4,-69,-8,-66,-12,-62,-19,-61,-23,-63,-24,-56,-26,-56,-29,-54,-31,-55,-32,-50,-31,-50,-29,-54,-27,-49,-31,-41,-34,-42,-29,-43,-27,-41,-29,-42,-26,-39,-25,-38,-23,-38,-21,-34,-21,-40,-15,-33,-12,-36,-8,-29,-9,-35,-9,-40,-2,-40,-3,-35,3,-40,7,-38,8,-42,11,-42,14,-39,16,-42,19,-43,27,-42,27,-47,28,-42,30,-49,38,-49,35,-41,33,-49,38,-56,44,-51,42,-53,41,-48,45,-53,49,-52,49,-58,50,-59,44,-62,47,-60,50,-61,49,-66,49,0,0]"
CSI_DATA,362,1a:00:00:00:00:00,-46,11,1,0,1,1,1,0,0,0,1,-96,0,11,2,5193694,0,44,0,384,0,"[0,0,0,0,0,0,0,0,0,0,0,0,-11,1,-11,1,-10,1,-10,1,-8,1,-8,2,-8,2,-7,2,-7,3,-6,3,-6,3,-5,3,-5,3,-5,4,-5,4,-4,5,-3,5,-3,5,-3,5,-3,5,-2,6,-2,6,-1,7,-1,7,-1,8,-1,8,0,0,-1,9,-1,9,-2,10,-1,9,-2,9,-2,10,-3,10,-2,10,-3,9,-3,9,-3,9,-4,9,-4,8,-5,8,-5,7,-4,7,-5,6,-4,6,-5,6,-5,5,-5,5,-5,5,-5,4,-5,3,-6,3,-6,2,0,0,0,0,0,0,0,0,0,0,0,0,0,0,-66,-18,-68,-13,-68,-7,-60,-10,-62,-5,-54,-6,-53,-8,-50,-10,-45,-7,-40,1,-37,3,-36,5,-40,4,-37,10,-33,14,-31,10,-33,16,-29,17,-26,19,-26,19,-26,26,-22,23,-17,26,-17,31,-14,31,-16,34,-16,36,-12,36,-15,41,-11,45,-13,43,-18,54,-19,44,-17,49,-16,53,-23,47,-20,56,-24,54,-21,50,-26,50,-24,47,-28,45,-33,45,-34,45,-30,40,-28,39,-32,33,-33,37,-29,32,-27,29,-27,26,-30,29,-33,21,-33,20,-33,14,-32,11,-32,8,0,0,0,0,0,0,0,0,0,0,0,0,0,0,0,0,0,0,0,0,0,0,51,-43,56,-37,53,-31,61,-26,62,-24,60,-16,58,-14,60,-16,64,-14,58,-10,58,-9,53,-4,53,-9,59,-10,54,-6,50,-6,51,-5,46,-3,45,-7,45,-9,41,-8,44,-7,36,-10,37,-13,36,-12,32,-16,33,-20,31,-19,29,-19,26,-27,22,-26,23,-34,21,-31,20,-36,20,-39,16,-41,17,-41,16,-46,13,-48,18,-52,12,-53,10,-56,8,-57,4,-58,6,-60,0,-57,4,-60,0,-66,3,-69,4,-68,8,-71,7,-74,7,-79,6,-70,11,-75,6,-79,11,-78,0,0]"
CSI_DATA,363,1a:00:00:00:00:00,-46,11,1,0,1,1,1,0,0,0,1,-96,0,11,2,5201333,0,44,0,384,0,"[0,0,0,0,0,0,0,0,0,0,0,0,6,-9,6,-9,5,-9,5,-9,4,-8,3,-8,3,-8,2,-8,2,-7,1,-7,1,-7,0,-7,0,-7,-1,-7,-1,-6,-2,-6,-3,-6,-3,-6,-3,-6,-4,-6,-4,-6,-5,-6,-5,-6,-6,-6,-6,-6,-6,-7,0,0,-7,-7,-7,-8,-7,-7,-8,-8,-7,-8,-7,-8,-7,-9,-7,-9,-7,-9,-6,-9,-6,-9,-5,-9,-4,-9,-4,-9,-4,-9,-4,-9,-3,-9,-3,-9,-3,-8,-2,-8,-2,-8,-1,-8,-1,-7,0,-7,0,-6,1,-6,0,0,0,0,0,0,0,0,0,0,0,0,0,0,38,-55,34,-54,35,-54,28,-51,28,-49,27,-45,24,-44,29,-42,18,-38,22,-40,12,-44,12,-37,8,-38,6,-35,1,-31,0,-32,-2,-34,-4,-36,-5,-28,-12,-31,-12,-35,-16,-29,-19,-30,-18,-30,-24,-27,-27,-29,-30,-26,-33,-29,-32,-30,-36,-31,-34,-32,-40,-34,-38,-32,-41,-33,-40,-35,-40,-39,-39,-39,-38,-40,-33,-42,-38,-41,-37,-43,-35,-43,-32,-46,-31,-45,-26,-46,-25,-44,-21,-45,-22,-42,-21,-43,-18,-39,-13,-40,-14,-40,-9,-38,-5,-38,-4,-37,0,-35,3,-34,0,0,0,0,0,0,0,0,0,0,0,0,0,0,0,0,0,0,0,0,0,0,14,58,8,66,6,67,-1,65,-4,61,-6,64,-10,62,-12,57,-13,61,-16,55,-15,56,-15,54,-18,55,-17,51,-18,49,-13,46,-14,53,-15,43,-11,42,-12,40,-10,40,-8,40,-9,37,-4,35,-1,35,0,36,3,37,4,36,10,38,10,31,16,33,21,38,17,34,20,33,23,33,32,30,28,29,33,32,41,32,40,29,43,33,48,30,49,31,51,33,56,34,53,25,57,30,56,31,56,34,60,32,67,36,69,32,73,43,62,36,68,41,68,41,66,39,0,0]"
CSI_DATA,364,1a:00:00:00:00:00,-46,11,1,0,1,1,1,0,0,0,1,-96,0,11,2,5210578,0,44,0,384,0,"[0,0,0,0,0,0,0,0,0,0,0,0,10,5,9,4,9,3,8,4,8,3,7,2,7,2,7,1,6,1,7,1,6,0,6,-1,6,-1,5,-2,5,-2,6,-3,5,-3,5,-4,5,-4,5,-5,5,-5,4,-5,5,-6,5,-6,5,-7,5,-7,0,0,5,-8,6,-9,6,-8,6,-9,6,-8,7,-9,7,-8,7,-8,7,-8,8,-8,8,-7,8,-6,8,-6,8,-6,8,-5,8,-5,8,-4,7,-4,7,-4,7,-3,7,-2,7,-2,6,-2,6,-1,6,0,5,0,0,0,0,0,0,0,0,0,0,0,0,0,0,0,62,34,58,37,63,28,55,22,53,23,49,19,51,20,48,18,40,12,37,15,35,5,33,7,38,0,37,4,35,3,34,-3,32,-6,32,-12,30,-13,27,-13,28,-20,28,-18,27,-23,21,-29,26,-25,24,-28,27,-29,23,-33,26,-32,28,-39,25,-35,27,-39,27,-41,29,-45,29,-43,33,-47,31,-48,33,-49,38,-43,35,-42,36,-41,39,-35,40,-34,42,-31,41,-35,38,-30,43,-25,41,-27,38,-23,38,-21,38,-15,38,-20,35,-14,36,-9,37,-5,35,2,33,0,0,0,0,0,0,0,0,0,0,0,0,0,0,0,0,0,0,0,0,0,0,0,-59,27,-64,21,-61,20,-65,9,-62,3,-66,-2,-62,2,-60,-5,-68,0,-63,-4,-62,-12,-62,-9,-56,-14,-54,-9,-53,-11,-53,-1,-48,-5,-49,-10,-42,-4,-43,-5,-46,-2,-42,0,-37,-2,-42,0,-42,6,-36,10,-35,8,-35,11,-31,17,-35,18,-27,18,-33,25,-32,28,-32,29,-29,34,-25,30,-29,32,-26,43,-28,40,-29,47,-24,47,-22,52,-27,52,-25,55,-23,55,-25,57,-22,62,-21,63,-20,63,-24,66,-25,72,-30,68,-31,72,-28,68,-31,78,-29,72,-30,72,0,0]"
CSI_DATA,365,1a:00:00:00:00:00,-46,11,1,0,1,1,1,0,0,0,1,-96,0,11,2,5233192,0,44,0,384,0,"[0,0,0,0,0,0,0,0,0,0,0,0,10,-3,10,-4,8,-4,9,-3,7,-3,7,-3,7,-4,6,-4,5,-4,4,-4,5,-5,4,-5,4,-5,3,-5,3,-5,2,-6,2,-6,1,-6,1,-6,1,-7,0,-7,0,-7,0,-7,-1,-8,-1,-8,-1,-9,0,0,-1,-10,-1,-9,-1,-10,-1,-10,-1,-10,0,-11,0,-11,0,-11,1,-11,1,-11,1,-11,2,-10,2,-9,2,-9,2,-9,2,-9,3,-8,3,-8,3,-7,3,-7,3,-7,4,-6,4,-5,4,-5,4,-5,4,-4,0,0,0,0,0,0,0,0,0,0,0,0,0,0,71,4,68,7,66,2,62,4,56,-1,55,-4,51,0,47,-2,47,-6,41,2,43,-8,38,-8,36,-8,34,-13,30,-13,33,-20,27,-21,25,-23,25,-24,22,-21,20,-29,17,-29,13,-29,10,-29,13,-31,15,-36,7,-39,7,-42,10,-46,3,-47,4,-45,9,-49,12,-50,8,-52,8,-53,14,-56,15,-56,15,-56,20,-54,19,-50,19,-50,19,-54,25,-50,25,-49,25,-44,25,-43,28,-40,28,-36,27,-37,28,-33,28,-33,28,-29,30,-25,32,-24,32,-18,26,-17,25,-11,0,0,0,0,0,0,0,0,0,0,0,0,0,0,0,0,0,0,0,0,0,0,-43,50,-48,42,-54,39,-57,35,-61,36,-56,31,-58,27,-54,22,-59,19,-57,22,-54,19,-49,22,-57,20,-54,18,-50,12,-50,16,-48,12,-45,12,-41,16,-45,8,-42,10,-42,20,-38,17,-38,18,-33,22,-31,24,-29,24,-26,27,-29,24,-25,30,-18,27,-21,33,-17,33,-20,35,-17,41,-17,43,-11,43,-6,49,-4,49,-3,54,-5,52,-2,54,-6,60,0,62,2,56,1,70,6,72,4,66,4,70,3,74,7,71,12,74,1,77,0,71,3,77,2,77,-5,80,0,0]"
CSI_DATA,366,1a:00:00:00:00:00,-46,11,1,0,1,1,1,0,0,0,1,-96,0,11,2,5240543,0,44,0,384,0,"[0,0,0,0,0,0,0,0,0,0,0,0,5,8,6,7,6,7,6,7,5,6,4,6,5,5,5,4,5,4,5,4,5,3,5,2,5,2,5,2,5,1,6,0,5,0,5,0,5,-1,6,-1,6,-2,7,-2,6,-3,7,-3,7,-3,7,-4,0,0,8,-3,8,-3,9,-4,9,-4,9,-3,9,-3,10,-3,9,-3,9,-2,9,-1,10,-1,9,0,9,0,9,0,8,1,8,1,8,1,7,1,7,1,6,2,6,2,5,2,5,2,5,3,4,3,3,3,0,0,0,0,0,0,0,0,0,0,0,0,0,0,40,66,32,58,39,55,31,51,29,50,30,46,35,42,31,38,30,34,27,35,29,29,25,29,28,23,27,24,30,21,31,16,35,16,32,11,28,9,32,7,34,5,30,1,32,-4,38,-4,40,-6,37,-6,38,-10,38,-14,43,-12,41,-13,41,-15,47,-11,49,-13,49,-19,47,-12,50,-10,54,-11,53,-12,56,-8,51,-5,56,-4,54,1,54,0,54,2,47,3,47,7,50,13,46,6,44,14,43,14,39,10,36,17,35,18,29,18,30,20,27,24,21,21,0,0,0,0,0,0,0,0,0,0,0,0,0,0,0,0,0,0,0,0,0,0,-62,13,-66,4,-65,1,-67,-9,-61,-9,-59,-15,-55,-11,-58,-18,-59,-19,-60,-21,-54,-21,-48,-22,-55,-20,-53,-19,-44,-21,-53,-23,-47,-25,-41,-21,-42,-21,-42,-19,-43,-19,-40,-13,-37,-13,-38,-8,-36,-6,-36,-5,-35,-3,-39,-2,-38,2,-39,6,-34,5,-40,8,-42,14,-38,15,-46,15,-39,19,-40,24,-41,24,-41,31,-39,31,-44,35,-40,33,-46,38,-46,39,-47,42,-45,39,-48,42,-52,48,-50,50,-54,52,-49,46,-58,54,-60,52,-60,43,-66,50,-59,52,-62,46,0,0]"
CSI_DATA,367,1a:00:00:00:00:00,-46,11,1,0,1,1,1,0,0,0,1,-96,0,11,2,5252578,0,44,0,384,0,"[0,0,0,0,0,0,0,0,0,0,0,0,4,9,5,8,6,7,5,7,5,7,4,6,5,5,5,5,5,4,5,4,5,4,5,2,5,2,5,1,5,1,6,1,5,0,5,1,5,0,6,-1,6,-1,6,-2,6,-2,7,-2,7,-2,7,-3,0,0,8,-3,9,-3,9,-3,9,-3,9,-2,9,-2,10,-2,9,-2,10,-1,9,-1,10,0,9,0,9,0,8,1,8,2,8,1,7,2,7,2,6,2,6,2,6,2,5,3,5,3,4,3,4,3,3,4,0,0,0,0,0,0,0,0,0,0,0,0,0,0,39,61,29,62,32,61,29,56,26,55,25,47,25,45,29,47,23,39,23,37,27,35,25,28,29,29,26,23,27,20,29,18,29,14,27,12,31,7,35,9,34,2,33,6,30,-4,35,-5,34,-4,38,-7,37,-9,40,-12,41,-14,41,-11,43,-13,47,-13,50,-10,51,-13,49,-15,51,-14,54,-13,56,-11,60,-5,57,-4,57,-1,55,1,53,2,54,1,48,6,47,3,51,11,46,9,40,13,41,11,41,14,35,15,38,15,31,17,28,17,24,17,22,22,0,0,0,0,0,0,0,0,0,0,0,0,0,0,0,0,0,0,0,0,0,0,-62,-3,-66,-6,-64,-13,-67,-13,-64,-21,-61,-28,-55,-22,-53,-28,-57,-32,-52,-29,-54,-35,-48,-30,-51,-27,-46,-29,-44,-31,-46,-29,-45,-32,-43,-31,-40,-24,-42,-23,-37,-20,-39,-23,-34,-19,-33,-17,-37,-17,-36,-9,-33,-11,-34,-5,-37,-3,-41,2,-38,0,-41,6,-40,6,-39,12,-41,14,-45,16,-43,18,-46,20,-48,22,-47,26,-46,30,-48,29,-51,31,-51,35,-53,35,-46,32,-56,38,-51,42,-53,44,-56,45,-56,50,-59,43,-65,46,-63,41,-63,49,-67,44,-67,48,0,0]"
CSI_DATA,368,1a:00:00:00:00:00,-46,11,1,0,1,1,1,0,0,0,1,-96,0,11,2,5270650,0,44,0,384,0,"[0,0,0,0,0,0,0,0,0,0,0,0,1,-12,1,-11,0,-11,0,-10,0,-9,0,-9,-1,-9,-1,-8,-2,-8,-2,-7,-2,-7,-3,-7,-3,-6,-4,-6,-4,-6,-5,-5,-4,-5,-5,-5,-5,-4,-6,-4,-6,-4,-7,-4,-7,-4,-8,-3,-8,-4,-8,-3,0,0,-9,-4,-9,-4,-10,-4,-10,-4,-10,-4,-10,-5,-10,-5,-10,-5,-10,-6,-9,-6,-9,-7,-8,-6,-8,-7,-7,-7,-7,-7,-7,-7,-6,-7,-6,-7,-6,-7,-5,-7,-4,-7,-4,-6,-3,-6,-3,-6,-2,-6,-1,-6,0,0,0,0,0,0,0,0,0,0,0,0,0,0,13,-65,9,-69,6,-65,14,-60,6,-62,7,-53,5,-54,3,-46,-2,-49,1,-45,-4,-45,-6,-41,-8,-41,-8,-36,-11,-36,-13,-29,-19,-32,-17,-27,-19,-24,-22,-26,-24,-27,-26,-25,-26,-17,-31,-19,-29,-16,-35,-15,-38,-14,-39,-12,-40,-16,-43,-12,-46,-14,-48,-17,-50,-16,-48,-17,-52,-22,-46,-22,-49,-21,-48,-25,-51,-30,-49,-24,-48,-27,-45,-30,-48,-30,-40,-32,-38,-28,-39,-36,-33,-33,-35,-35,-32,-32,-28,-35,-25,-33,-23,-33,-21,-32,-15,-34,-12,-30,-13,-34,-5,-29,0,0,0,0,0,0,0,0,0,0,0,0,0,0,0,0,0,0,0,0,0,0,50,44,39,48,36,52,38,53,33,57,26,55,27,53,22,58,24,58,20,56,18,57,13,58,16,55,15,52,11,48,11,51,15,50,9,48,9,44,15,38,10,38,16,40,14,36,19,33,16,32,22,30,22,27,21,26,24,25,32,23,28,20,32,18,35,20,36,17,39,14,39,15,42,13,50,11,46,11,49,5,50,7,57,8,56,6,60,5,59,4,65,2,66,2,63,1,68,-4,74,-1,71,-1,81,-1,73,-2,81,4,78,5,77,3,79,9,0,0]"
CSI_DATA,369,1a:00:00:00:00:00,-46,11,1,0,1,1,1,0,0,0,1,-96,0,11,2,5282877,0,44,0,384,0,"[0,0,0,0,0,0,0,0,0,0,0,0,-9,-8,-9,-7,-9,-7,-9,-7,-8,-6,-7,-6,-8,-4,-7,-4,-7,-3,-7,-3,-7,-3,-7,-2,-7,-1,-7,-1,-7,-1,-7,0,-7,0,-7,1,-7,1,-7,2,-7,2,-7,3,-7,3,-7,4,-8,4,-8,4,0,0,-8,5,-9,5,-9,5,-9,5,-10,5,-10,5,-10,5,-10,4,-10,4,-10,3,-10,3,-10,2,-10,2,-10,1,-9,1,-9,1,-9,1,-9,0,-8,0,-8,0,-8,-1,-7,-2,-7,-2,-7,-2,-6,-3,-5,-3,0,0,0,0,0,0,0,0,0,0,0,0,0,0,-43,-60,-38,-57,-41,-48,-34,-47,-36,-46,-33,-44,-35,-44,-35,-39,-34,-38,-31,-33,-32,-27,-32,-26,-30,-23,-33,-22,-33,-21,-29,-15,-37,-12,-29,-9,-32,-3,-33,-5,-34,-1,-33,-1,-33,7,-33,6,-33,9,-36,12,-36,10,-40,12,-40,17,-38,20,-42,15,-44,21,-45,16,-45,24,-48,18,-52,18,-52,22,-53,19,-53,19,-57,14,-52,11,-55,4,-58,5,-52,3,-51,6,-50,1,-46,0,-51,-2,-46,-5,-42,-4,-45,-7,-37,-9,-45,-6,-35,-11,-32,-17,-30,-14,-24,-17,0,0,0,0,0,0,0,0,0,0,0,0,0,0,0,0,0,0,0,0,0,0,69,0,63,4,65,14,60,14,64,21,59,20,59,19,57,23,57,26,52,28,50,33,49,28,52,28,48,32,41,26,45,33,43,23,39,26,39,26,40,15,42,17,40,19,33,16,33,16,41,12,38,6,35,5,37,1,40,2,41,-2,36,-5,41,-5,39,-13,40,-14,42,-19,42,-21,41,-19,43,-21,43,-27,41,-31,44,-32,47,-33,44,-32,46,-39,42,-37,50,-44,44,-44,47,-45,46,-50,53,-52,54,-48,57,-51,57,-49,57,-48,59,-52,57,-54,62,-51,0,0]"
CSI_DATA,370,1a:00:00:00:00:00,-46,11,1,0,1,1,1,0,0,0,1,-96,0,11,2,5290899,0,44,0,384,0,"[0,0,0,0,0,0,0,0,0,0,0,0,-9,-7,-9,-6,-9,-6,-8,-6,-9,-5,-7,-5,-7,-4,-7,-4,-7,-3,-7,-3,-7,-2,-7,-2,-7,-2,-6,-1,-7,0,-7,1,-6,1,-6,1,-7,2,-7,2,-6,2,-7,3,-7,3,-7,4,-7,4,-7,5,0,0,-8,5,-8,5,-8,5,-8,6,-9,5,-9,5,-9,5,-10,4,-10,4,-10,4,-10,3,-10,2,-10,2,-9,2,-9,1,-9,2,-9,1,-8,1,-8,0,-8,0,-7,-1,-7,-1,-7,-2,-7,-2,-6,-2,-5,-3,0,0,0,0,0,0,0,0,0,0,0,0,0,0,-57,-41,-55,-41,-57,-39,-51,-35,-47,-34,-45,-33,-50,-31,-45,-29,-38,-25,-40,-24,-35,-17,-35,-15,-39,-16,-36,-9,-34,-10,-32,-6,-37,-5,-38,3,-33,1,-35,6,-35,7,-29,8,-29,13,-34,15,-32,16,-32,18,-30,16,-32,25,-37,27,-32,28,-35,28,-42,28,-40,22,-42,32,-41,33,-48,30,-48,33,-46,31,-48,30,-47,23,-50,20,-52,20,-53,17,-49,17,-48,17,-48,11,-46,7,-43,9,-43,4,-44,7,-42,0,-40,-2,-41,-2,-37,-4,-31,-6,-32,-11,-29,-15,0,0,0,0,0,0,0,0,0,0,0,0,0,0,0,0,0,0,0,0,0,0,55,-30,60,-27,60,-23,67,-17,65,-12,65,-9,58,-9,61,-2,60,-2,55,1,58,4,55,1,61,2,61,6,53,5,51,5,49,2,49,6,46,1,45,4,42,3,43,1,39,0,42,-7,43,-1,37,-10,33,-7,38,-12,35,-14,33,-14,30,-16,35,-24,35,-27,32,-27,32,-33,30,-32,29,-33,28,-36,33,-43,28,-44,28,-41,27,-53,28,-50,28,-53,29,-54,31,-50,28,-58,28,-67,25,-67,27,-66,35,-67,31,-62,38,-72,36,-64,40,-72,41,-70,44,-70,0,0]"
CSI_DATA,371,1a:00:00:00:00:00,-46,11,1,0,1,1,1,0,0,0,1,-96,0,11,2,5330600,0,44,0,384,0,"[0,0,0,0,0,0,0,0,0,0,0,0,11,-5,9,-5,9,-5,8,-4,8,-5,7,-4,6,-5,6,-5,6,-5,5,-5,5,-6,4,-6,4,-6,3,-6,3,-6,2,-7,1,-6,1,-6,0,-6,0,-7,0,-7,0,-8,-1,-8,-1,-8,-1,-9,-1,-9,0,0,-2,-9,-1,-10,-1,-10,-2,-10,-1,-10,-1,-11,-1,-11,0,-10,0,-11,1,-11,1,-10,2,-10,2,-9,2,-9,2,-9,2,-9,2,-9,2,-8,3,-8,3,-7,3,-7,3,-6,4,-6,3,-5,4,-5,4,-4,0,0,0,0,0,0,0,0,0,0,0,0,0,0,66,-27,68,-22,66,-29,60,-21,56,-26,54,-21,46,-19,50,-23,44,-25,39,-24,38,-26,35,-23,35,-26,26,-26,26,-28,27,-30,18,-31,17,-27,18,-26,11,-34,13,-35,10,-31,7,-35,4,-31,3,-33,-1,-40,-5,-36,-4,-40,-5,-41,-6,-43,-2,-43,-9,-51,-4,-43,-4,-51,-5,-52,-3,-53,-4,-53,-2,-56,1,-57,0,-53,3,-52,9,-52,9,-55,9,-55,11,-50,10,-50,11,-45,17,-43,13,-40,13,-40,15,-37,18,-33,20,-38,21,-29,26,-26,22,-23,26,-17,0,0,0,0,0,0,0,0,0,0,0,0,0,0,0,0,0,0,0,0,0,0,-9,67,-15,67,-21,62,-28,60,-33,57,-32,56,-31,50,-33,49,-39,49,-40,48,-42,49,-37,41,-40,45,-40,46,-38,36,-37,39,-40,42,-35,34,-32,37,-32,34,-27,30,-34,35,-24,33,-23,33,-19,31,-18,36,-13,31,-12,36,-10,35,-7,35,-6,35,-3,43,1,41,-1,38,2,42,11,43,9,45,14,43,11,47,19,51,17,50,25,45,27,57,27,57,29,54,36,59,31,57,30,53,37,60,32,61,33,68,39,69,34,71,34,65,37,67,36,68,31,71,0,0]"
CSI_DATA,372,1a:00:00:00:00:00,-46,11,1,0,1,1,1,0,0,0,1,-96,0,11,2,5361980,0,44,0,384,0,"[0,0,0,0,0,0,0,0,0,0,0,0,11,-2,10,-3,9,-3,9,-3,9,-3,8,-3,7,-3,6,-4,6,-4,6,-4,6,-4,5,-4,5,-4,4,-5,4,-4,3,-6,3,-6,2,-6,2,-6,2,-6,1,-6,1,-7,1,-7,1,-8,0,-8,1,-8,0,0,1,-9,1,-9,1,-10,1,-10,1,-10,1,-10,2,-10,2,-9,2,-10,3,-10,3,-9,3,-9,4,-8,4,-8,4,-7,4,-7,4,-6,4,-6,4,-6,4,-6,4,-5,4,-5,5,-4,5,-4,5,-3,4,-2,0,0,0,0,0,0,0,0,0,0,0,0,0,0,77,-19,68,-17,66,-22,61,-19,64,-21,55,-12,53,-20,52,-18,48,-15,48,-18,38,-21,38,-19,34,-22,35,-22,27,-25,28,-26,26,-27,21,-24,24,-25,16,-29,15,-34,14,-27,12,-32,9,-36,9,-33,8,-38,3,-43,1,-42,-1,-47,-4,-47,0,-46,-3,-51,1,-52,1,-49,-5,-55,3,-52,4,-55,4,-57,10,-59,10,-58,9,-53,17,-56,17,-53,17,-50,12,-47,17,-46,18,-42,22,-43,18,-35,19,-40,24,-32,19,-31,24,-28,29,-24,25,-23,24,-22,26,-16,0,0,0,0,0,0,0,0,0,0,0,0,0,0,0,0,0,0,0,0,0,0,-16,67,-21,60,-27,60,-32,61,-34,57,-35,54,-32,48,-38,52,-39,46,-44,46,-46,42,-41,43,-41,44,-42,35,-43,34,-39,36,-36,41,-35,31,-35,31,-32,33,-32,30,-31,36,-28,33,-25,35,-22,33,-15,32,-15,34,-15,38,-11,37,-9,37,-7,37,-6,42,-7,39,0,41,1,45,6,44,8,50,11,47,10,52,18,54,14,53,21,56,20,57,22,61,21,60,28,52,28,58,31,67,28,63,31,69,32,69,33,77,34,75,32,75,34,76,29,77,30,81,0,0]"
CSI_DATA,373,1a:00:00:00:00:00,-46,11,1,0,1,1,1,0,0,0,1,-96,0,11,2,5371436,0,44,0,384,0,"[0,0,0,0,0,0,0,0,0,0,0,0,10,3,10,3,9,2,10,3,9,2,8,2,8,1,7,0,7,0,7,-1,7,-1,6,-2,6,-2,5,-2,5,-3,5,-3,5,-4,4,-4,4,-4,4,-5,4,-5,4,-6,4,-6,4,-7,4,-7,3,-7,0,0,3,-8,4,-8,4,-9,4,-9,5,-9,5,-9,5,-9,5,-8,6,-8,6,-8,6,-8,7,-7,6,-7,7,-6,6,-5,6,-6,6,-5,6,-4,6,-4,6,-4,6,-3,6,-3,5,-2,6,-2,5,-1,4,-1,0,0,0,0,0,0,0,0,0,0,0,0,0,0,69,31,63,28,68,29,56,22,54,19,56,24,50,16,54,18,45,15,42,10,43,4,40,4,37,1,35,0,37,1,31,-6,38,-4,28,-9,30,-9,24,-13,32,-15,28,-16,26,-22,22,-22,23,-24,27,-29,24,-29,22,-33,26,-34,22,-37,26,-35,28,-43,26,-38,30,-42,25,-42,31,-41,36,-46,31,-40,36,-41,37,-38,35,-35,37,-34,41,-35,39,-29,39,-32,39,-24,41,-24,37,-24,38,-18,35,-16,36,-16,30,-17,37,-10,35,-7,33,-2,25,-2,28,0,0,0,0,0,0,0,0,0,0,0,0,0,0,0,0,0,0,0,0,0,0,0,-54,36,-58,30,-56,26,-67,21,-62,19,-63,15,-63,14,-59,11,-61,7,-61,3,-57,3,-58,1,-58,3,-58,1,-55,-3,-52,1,-55,3,-49,1,-52,2,-49,4,-46,3,-47,7,-42,6,-40,6,-37,15,-37,13,-35,14,-33,15,-32,18,-35,20,-33,24,-31,28,-26,29,-30,31,-29,36,-21,35,-23,40,-26,43,-23,43,-21,51,-19,52,-22,54,-20,53,-19,57,-18,58,-16,59,-13,59,-12,67,-17,68,-18,70,-19,75,-19,75,-23,78,-25,74,-22,80,-25,77,-25,77,0,0]"
CSI_DATA,374,1a:00:00:00:00:00,-46,11,1,0,1,1,1,0,0,0,1,-96,0,11,2,5382055,0,44,0,384,0,"[0,0,0,0,0,0,0,0,0,0,0,0,11,4,10,4,10,3,9,3,9,2,8,2,8,1,7,1,7,0,7,0,7,0,6,-1,6,-1,6,-1,5,-2,6,-3,5,-3,5,-3,4,-4,5,-4,5,-5,4,-6,4,-5,4,-6,5,-6,5,-7,0,0,5,-8,5,-8,5,-8,6,-8,6,-7,7,-8,6,-8,7,-7,7,-7,7,-7,7,-6,7,-6,8,-5,7,-5,7,-5,7,-4,7,-4,6,-3,6,-4,6,-3,6,-2,6,-2,6,-1,6,-1,5,-1,5,0,0,0,0,0,0,0,0,0,0,0,0,0,0,0,68,36,63,31,67,30,56,28,52,27,47,24,49,22,52,27,47,16,39,15,42,11,39,12,40,12,40,7,39,6,36,0,32,-1,33,-5,31,-6,31,-9,34,-13,29,-9,30,-19,31,-20,27,-21,31,-23,27,-23,27,-29,30,-30,31,-35,29,-31,31,-35,33,-29,34,-36,33,-35,42,-36,40,-39,40,-32,44,-35,40,-31,43,-27,46,-29,46,-29,42,-26,43,-28,40,-16,42,-18,42,-17,39,-14,34,-13,37,-9,36,-7,36,-3,36,-3,35,1,30,4,28,4,0,0,0,0,0,0,0,0,0,0,0,0,0,0,0,0,0,0,0,0,0,0,-49,38,-58,32,-56,30,-62,27,-62,24,-61,16,-61,12,-59,13,-60,9,-59,8,-56,8,-54,7,-61,7,-54,3,-55,2,-53,4,-53,2,-48,3,-48,3,-49,3,-40,4,-48,7,-43,6,-40,11,-38,9,-37,16,-37,13,-36,18,-37,18,-32,22,-27,21,-32,30,-30,29,-30,32,-32,34,-26,38,-24,38,-26,45,-27,45,-21,48,-23,47,-21,54,-23,54,-21,58,-21,58,-18,66,-20,62,-19,65,-27,68,-23,70,-24,71,-27,72,-31,75,-25,67,-29,82,-29,76,-29,74,0,0]"
CSI_DATA,375,1a:00:00:00:00:00,-46,11,1,0,1,1,1,0,0,0,1,-96,0,11,2,5390627,0,44,0,384,0,"[0,0,0,0,0,0,0,0,0,0,0,0,-10,6,-10,6,-9,6,-9,6,-8,5,-7,5,-7,5,-6,5,-6,5,-5,5,-5,5,-4,5,-4,5,-3,5,-2,5,-2,6,-2,6,-1,5,0,5,0,6,0,5,1,5,1,6,1,6,1,7,2,7,0,0,2,7,2,8,2,8,3,9,2,9,2,8,2,9,1,9,1,9,1,9,0,9,-1,8,-1,8,-1,8,-1,8,-2,8,-2,7,-2,7,-2,6,-2,6,-3,6,-3,6,-3,5,-4,5,-4,4,-4,3,0,0,0,0,0,0,0,0,0,0,0,0,0,0,-64,36,-64,34,-56,36,-54,28,-52,32,-45,29,-42,27,-40,28,-43,28,-34,28,-30,30,-30,28,-28,30,-22,25,-21,28,-15,28,-18,29,-13,26,-11,26,-10,27,-3,33,-3,34,-2,30,5,32,1,29,5,33,8,34,14,34,8,38,11,40,18,41,15,43,16,44,18,46,20,43,14,47,17,49,14,54,9,55,13,50,11,50,7,49,3,51,0,51,3,47,2,48,-3,46,-6,47,-3,39,-4,38,-8,35,-8,35,-14,33,-12,31,-16,28,-13,27,-19,22,0,0,0,0,0,0,0,0,0,0,0,0,0,0,0,0,0,0,0,0,0,0,-6,-70,5,-67,7,-68,15,-65,19,-65,19,-59,24,-57,23,-59,27,-56,28,-52,27,-55,26,-49,27,-55,29,-50,29,-45,29,-48,27,-49,25,-44,23,-43,25,-40,24,-40,17,-39,16,-36,12,-39,11,-36,6,-37,10,-40,4,-38,1,-36,0,-42,-5,-38,-8,-41,-10,-37,-15,-39,-13,-44,-16,-41,-22,-45,-23,-44,-25,-41,-27,-47,-27,-45,-31,-45,-36,-44,-39,-47,-37,-46,-45,-49,-44,-50,-41,-48,-43,-49,-44,-54,-48,-56,-52,-54,-51,-57,-48,-59,-56,-62,-49,-58,-46,-66,0,0]"
CSI_DATA,376,1a:00:00:00:00:00,-46,11,1,0,1,1,1,0,0,0,1,-96,0,11,2,5401860,0,44,0,384,0,"[0,0,0,0,0,0,0,0,0,0,0,0,11,1,10,1,10,0,9,1,9,1,8,0,8,-1,7,-1,7,-1,6,-1,6,-2,5,-2,5,-2,5,-3,5,-3,4,-4,4,-4,4,-4,3,-5,3,-5,3,-5,3,-6,3,-6,2,-6,3,-7,2,-8,0,0,3,-8,3,-8,3,-8,3,-9,3,-9,4,-9,4,-9,4,-8,4,-9,5,-8,5,-8,5,-7,5,-7,6,-6,6,-6,6,-6,6,-6,5,-5,5,-5,5,-5,5,-4,5,-3,5,-3,5,-2,5,-2,4,-1,0,0,0,0,0,0,0,0,0,0,0,0,0,0,76,11,75,11,72,8,65,10,60,5,64,7,58,7,56,6,52,4,43,1,45,-6,42,-4,42,-8,41,-7,35,-8,33,-15,37,-16,30,-18,27,-23,25,-19,25,-25,23,-22,24,-27,17,-29,20,-28,16,-31,15,-33,18,-34,14,-37,13,-40,14,-39,14,-44,14,-46,17,-51,15,-44,18,-49,23,-47,23,-50,25,-52,24,-44,27,-45,30,-40,30,-43,28,-39,28,-37,35,-38,33,-33,28,-34,26,-28,27,-26,31,-24,31,-24,27,-20,31,-16,34,-13,27,-12,24,-4,0,0,0,0,0,0,0,0,0,0,0,0,0,0,0,0,0,0,0,0,0,0,-42,53,-50,48,-49,49,-57,43,-59,40,-59,34,-56,30,-60,29,-60,27,-61,26,-61,23,-54,18,-55,25,-57,21,-54,15,-52,13,-52,16,-51,13,-46,15,-45,18,-46,15,-42,23,-38,19,-38,25,-34,23,-32,23,-31,22,-28,29,-26,29,-24,36,-22,30,-27,38,-21,38,-17,41,-17,45,-11,46,-15,41,-10,50,-14,49,-6,55,-7,58,-6,58,-8,62,-3,68,-3,61,3,61,2,67,5,69,4,69,3,75,-1,74,4,76,-3,80,-1,75,-1,86,-2,82,-1,83,0,0]"
CSI_DATA,377,1a:00:00:00:00:00,-46,11,1,0,1,1,1,0,0,0,1,-96,0,11,2,5410902,0,44,0,384,0,"[0,0,0,0,0,0,0,0,0,0,0,0,-7,10,-6,9,-5,9,-6,8,-5,8,-5,7,-4,7,-4,7,-3,7,-2,7,-2,7,-1,6,-1,6,-1,6,0,5,1,6,1,5,1,5,2,5,2,5,3,5,3,5,3,5,4,5,4,5,4,6,0,0,5,6,5,6,5,7,5,7,5,7,5,7,5,7,5,7,4,8,4,8,4,9,3,8,3,8,2,8,2,8,1,8,1,7,1,7,0,7,0,7,-1,6,-1,6,-1,5,-1,5,-2,5,-2,4,0,0,0,0,0,0,0,0,0,0,0,0,0,0,-51,55,-51,54,-45,57,-40,52,-40,50,-38,47,-34,40,-35,38,-28,36,-30,38,-21,40,-16,37,-20,36,-17,34,-12,31,-10,33,-12,33,-6,31,-2,26,1,31,0,32,5,31,10,29,7,31,11,25,15,34,15,33,18,32,21,33,25,37,20,34,25,36,23,38,25,43,26,41,20,46,25,46,20,42,17,48,20,46,20,50,15,49,10,45,8,47,8,46,5,43,9,45,1,43,2,39,5,36,0,35,0,39,-2,34,-9,31,-13,31,-9,29,-14,26,0,0,0,0,0,0,0,0,0,0,0,0,0,0,0,0,0,0,0,0,0,0,-33,-57,-28,-60,-21,-59,-17,-66,-13,-65,-8,-65,-10,-63,-7,-62,-5,-65,-4,-59,4,-65,0,-60,1,-59,8,-58,4,-54,2,-54,-1,-55,6,-49,-1,-49,-2,-43,-1,-42,1,-45,-1,-43,-3,-44,-7,-41,-9,-41,-9,-40,-15,-38,-14,-36,-20,-37,-19,-32,-22,-35,-23,-32,-29,-34,-32,-33,-36,-32,-30,-32,-38,-35,-39,-34,-42,-36,-44,-33,-49,-30,-49,-29,-53,-31,-55,-29,-58,-35,-61,-29,-64,-25,-60,-27,-65,-35,-69,-35,-66,-35,-70,-40,-67,-42,-73,-44,-69,-45,-68,-42,0,0]"
CSI_DATA,378,1a:00:00:00:00:00,-46,11,1,0,1,1,1,0,0,0,1,-96,0,11,2,5440963,0,44,0,384,0,"[0,0,0,0,0,0,0,0,0,0,0,0,1,-13,1,-12,0,-11,0,-11,1,-10,0,-10,0,-9,-1,-8,-1,-8,-1,-8,-1,-8,-2,-7,-2,-7,-3,-6,-3,-6,-4,-6,-4,-5,-4,-5,-5,-5,-5,-5,-5,-4,-6,-4,-6,-4,-7,-4,-7,-5,-7,-4,0,0,-8,-4,-8,-5,-9,-5,-9,-5,-8,-5,-8,-6,-9,-6,-8,-6,-8,-6,-8,-7,-7,-7,-6,-7,-6,-7,-6,-7,-5,-7,-5,-7,-5,-7,-4,-7,-3,-7,-3,-7,-3,-7,-2,-6,-2,-6,-1,-6,-1,-6,0,-6,0,0,0,0,0,0,0,0,0,0,0,0,0,0,27,-65,27,-69,23,-60,24,-63,23,-60,23,-56,20,-52,17,-56,12,-45,14,-49,12,-48,10,-41,11,-43,3,-40,1,-37,-1,-39,-6,-37,-6,-31,-10,-27,-9,-27,-14,-35,-13,-28,-18,-21,-21,-29,-20,-24,-24,-25,-26,-25,-28,-22,-29,-25,-33,-26,-32,-26,-37,-30,-34,-27,-39,-28,-40,-35,-36,-35,-39,-31,-38,-32,-35,-39,-35,-36,-34,-35,-30,-41,-31,-40,-26,-45,-23,-36,-25,-40,-17,-45,-20,-35,-14,-38,-12,-34,-15,-36,-11,-34,-10,-35,-2,-36,1,-32,2,-28,7,-31,0,0,0,0,0,0,0,0,0,0,0,0,0,0,0,0,0,0,0,0,0,0,49,45,41,48,36,52,31,58,31,58,23,60,25,55,22,57,18,64,19,57,13,57,18,54,17,60,13,57,13,53,10,52,6,50,8,50,10,41,10,47,12,41,13,42,14,37,19,36,16,36,20,34,21,37,24,36,22,27,27,30,28,27,33,24,35,24,35,27,38,25,39,23,40,20,46,20,46,15,53,14,51,16,55,12,58,16,58,15,63,9,67,9,67,10,69,11,71,13,70,9,72,16,78,17,80,17,72,18,77,20,82,17,73,17,0,0]"
CSI_DATA,379,1a:00:00:00:00:00,-46,11,1,0,1,1,1,0,0,0,1,-96,0,11,2,5450526,0,44,0,384,0,"[0,0,0,0,0,0,0,0,0,0,0,0,-7,10,-6,9,-5,9,-5,8,-5,7,-5,7,-4,7,-4,7,-3,7,-3,6,-2,6,-2,6,-1,6,0,5,-1,5,0,6,1,5,1,5,1,5,2,5,2,4,3,5,3,5,4,5,3,6,4,5,0,0,4,6,5,6,5,6,5,6,5,6,5,7,5,7,4,7,4,8,3,8,3,8,3,8,2,7,2,7,2,7,1,7,1,7,1,7,1,6,0,6,-1,6,-1,5,-1,5,-1,5,-2,5,-2,4,0,0,0,0,0,0,0,0,0,0,0,0,0,0,-40,59,-47,59,-41,54,-41,49,-38,57,-34,49,-35,46,-28,46,-29,40,-30,44,-21,40,-17,39,-16,43,-13,37,-10,34,-7,37,-6,32,-1,32,1,33,2,34,4,33,10,33,10,27,10,29,15,30,14,30,15,26,18,29,21,31,25,35,22,34,29,36,25,36,34,40,27,33,25,43,26,41,28,45,22,48,21,47,20,41,18,47,15,48,18,50,9,48,9,44,10,42,5,44,4,38,5,40,2,37,0,32,-3,35,-5,27,-5,30,-14,31,-12,26,0,0,0,0,0,0,0,0,0,0,0,0,0,0,0,0,0,0,0,0,0,0,-39,-55,-30,-63,-24,-60,-22,-65,-16,-63,-11,-63,-13,-59,-6,-62,-6,-63,-4,-62,-2,-60,-5,-60,-2,-60,5,-58,0,-57,2,-51,-3,-52,2,-53,-1,-48,3,-48,-2,-49,-5,-45,-3,-45,-10,-40,-6,-41,-13,-39,-13,-40,-16,-43,-17,-38,-23,-36,-21,-31,-25,-33,-28,-35,-29,-31,-33,-33,-34,-35,-33,-33,-38,-30,-42,-32,-49,-29,-48,-35,-49,-32,-53,-33,-55,-26,-56,-27,-58,-31,-65,-27,-67,-29,-65,-31,-68,-33,-69,-37,-75,-28,-77,-39,-69,-35,-78,-36,-76,-39,-70,-41,0,0]"
CSI_DATA,380,1a:00:00:00:00:00,-46,11,1,0,1,1,1,0,0,0,1,-96,0,11,2,5460606,0,44,0,384,0,"[0,0,0,0,0,0,0,0,0,0,0,0,11,4,11,4,10,3,10,3,9,3,8,2,8,2,8,2,7,1,7,1,7,1,6,-1,7,-1,6,-1,6,-1,5,-3,6,-3,5,-3,5,-3,5,-4,5,-4,4,-5,4,-5,5,-6,5,-6,4,-6,0,0,5,-7,5,-7,6,-7,6,-7,6,-7,7,-7,7,-7,7,-7,7,-7,7,-6,7,-6,8,-5,7,-4,8,-4,7,-4,7,-4,7,-3,7,-3,7,-2,6,-2,6,-2,6,-1,5,-1,6,0,5,0,4,1,0,0,0,0,0,0,0,0,0,0,0,0,0,0,62,42,56,42,66,37,52,38,54,34,45,32,46,35,48,34,43,24,43,24,41,20,38,16,35,18,36,15,34,17,32,4,35,8,33,1,34,-1,33,-2,32,-4,31,-7,29,-12,34,-11,34,-15,30,-16,30,-17,33,-20,31,-25,28,-24,30,-28,35,-32,33,-25,42,-31,38,-29,40,-30,46,-26,45,-26,45,-25,45,-20,46,-21,42,-19,47,-19,43,-16,43,-16,44,-15,39,-9,44,-8,37,-3,35,-4,36,-3,36,-1,34,3,30,5,36,5,27,4,24,11,0,0,0,0,0,0,0,0,0,0,0,0,0,0,0,0,0,0,0,0,0,0,-56,39,-58,33,-61,30,-68,25,-63,19,-62,14,-60,14,-62,10,-67,9,-61,2,-63,2,-58,6,-61,6,-60,-1,-58,-1,-50,0,-57,-2,-51,-1,-50,3,-46,1,-45,2,-49,5,-42,7,-38,10,-40,8,-36,17,-36,10,-39,13,-32,16,-38,21,-31,22,-32,27,-33,28,-33,30,-33,32,-32,36,-30,35,-27,38,-29,44,-27,44,-27,49,-32,54,-27,52,-25,56,-24,55,-31,59,-30,57,-26,64,-29,66,-29,73,-27,71,-30,68,-37,71,-31,70,-42,78,-34,78,-42,74,0,0]"
CSI_DATA,381,1a:00:00:00:00:00,-46,11,1,0,1,1,1,0,0,0,1,-96,0,11,2,5470980,0,44,0,384,0,"[0,0,0,0,0,0,0,0,0,0,0,0,11,3,11,2,10,2,10,2,9,2,7,1,8,0,7,1,7,0,7,0,7,-1,6,-1,6,-1,6,-1,5,-2,5,-2,5,-3,4,-3,4,-4,4,-4,4,-4,4,-5,4,-5,4,-6,4,-6,4,-6,0,0,5,-7,5,-7,5,-7,5,-7,6,-7,6,-7,6,-7,6,-7,6,-7,7,-6,7,-5,7,-5,7,-4,7,-4,7,-4,6,-4,7,-3,6,-3,6,-3,6,-3,6,-1,6,-1,5,-1,5,0,5,0,4,0,0,0,0,0,0,0,0,0,0,0,0,0,0,0,72,26,74,27,68,21,56,20,59,21,48,21,54,24,56,22,50,16,45,15,41,11,44,7,42,8,39,5,36,3,36,-2,33,-1,31,-5,31,-3,29,-9,26,-14,28,-12,26,-17,27,-15,25,-18,27,-24,24,-27,27,-23,23,-30,25,-28,22,-32,31,-35,33,-33,30,-35,31,-36,33,-32,36,-36,37,-36,37,-34,39,-31,41,-30,41,-25,43,-26,44,-24,40,-20,42,-19,37,-18,41,-15,34,-10,33,-13,34,-7,37,-11,31,-2,31,-1,31,1,26,4,26,5,0,0,0,0,0,0,0,0,0,0,0,0,0,0,0,0,0,0,0,0,0,0,-36,56,-41,44,-47,46,-47,43,-57,40,-52,36,-55,32,-52,28,-54,29,-59,27,-57,19,-53,22,-58,26,-56,19,-53,17,-54,14,-50,19,-48,14,-49,14,-48,16,-46,14,-41,15,-39,20,-37,20,-37,21,-33,23,-28,22,-32,24,-34,29,-25,31,-28,35,-25,39,-27,35,-25,37,-24,41,-23,40,-18,47,-16,48,-18,48,-11,54,-17,56,-12,58,-13,55,-12,64,-13,55,-4,64,-12,62,-9,65,-9,69,-15,77,-15,73,-10,77,-17,76,-17,79,-18,85,-17,79,-18,79,0,0]"
CSI_DATA,382,1a:00:00:00:00:00,-46,11,1,0,1,1,1,0,0,0,1,-96,0,11,2,5481431,0,44,0,384,0,"[0,0,0,0,0,0,0,0,0,0,0,0,-7,10,-6,10,-5,10,-5,9,-4,9,-5,8,-4,8,-3,8,-3,7,-2,7,-2,7,-1,7,-1,6,0,6,-1,5,0,6,1,5,1,5,2,5,2,5,2,5,3,5,3,5,4,5,4,5,4,6,0,0,5,6,5,6,6,6,6,6,5,6,5,6,5,7,5,7,5,8,4,8,4,8,3,8,3,7,2,7,2,8,2,7,1,7,1,7,0,7,1,6,0,6,-1,5,-1,5,-1,5,-2,5,-2,4,0,0,0,0,0,0,0,0,0,0,0,0,0,0,-44,59,-40,58,-40,56,-42,58,-32,54,-39,51,-30,45,-31,52,-24,42,-24,47,-19,41,-15,38,-16,40,-12,32,-9,35,-5,36,-1,36,1,33,-1,34,4,31,3,39,6,28,10,28,6,30,10,29,14,29,17,27,24,31,23,30,29,28,30,32,34,35,24,29,30,37,29,31,29,40,25,40,25,39,26,41,24,45,23,41,19,46,23,41,20,43,16,42,14,43,11,44,9,36,12,42,7,37,7,35,3,36,-1,35,0,30,-6,29,-4,30,-12,28,0,0,0,0,0,0,0,0,0,0,0,0,0,0,0,0,0,0,0,0,0,0,-42,-54,-33,-61,-23,-61,-23,-66,-16,-64,-13,-67,-11,-66,-6,-63,-6,-66,-5,-58,-2,-63,-6,-59,-6,-59,-3,-58,3,-55,-1,-49,-1,-58,1,-51,-2,-50,0,-46,-2,-43,-3,-47,-6,-42,-10,-40,-11,-38,-18,-40,-14,-39,-17,-41,-17,-32,-23,-39,-20,-32,-31,-33,-23,-37,-30,-34,-34,-35,-38,-33,-37,-29,-45,-28,-41,-24,-46,-29,-48,-28,-52,-25,-58,-28,-54,-26,-58,-26,-63,-30,-62,-29,-66,-23,-64,-31,-63,-28,-72,-28,-76,-25,-77,-35,-72,-35,-80,-36,-77,-35,-75,-37,0,0]"
CSI_DATA,383,1a:00:00:00:00:00,-46,11,1,0,1,1,1,0,0,0,1,-96,0,11,2,5513533,0,44,0,384,0,"[0,0,0,0,0,0,0,0,0,0,0,0,-9,8,-9,7,-8,8,-9,7,-7,6,-7,6,-6,7,-6,6,-6,6,-5,5,-5,5,-3,6,-3,5,-3,5,-3,5,-2,6,-1,5,-1,5,0,5,0,5,1,5,0,5,1,5,1,6,2,6,2,7,0,0,2,7,2,8,2,7,2,8,2,8,2,8,2,8,1,8,1,9,1,8,0,8,-1,8,-1,7,-1,8,-1,7,-2,7,-2,6,-2,6,-2,6,-2,6,-3,5,-3,5,-3,5,-4,4,-3,4,-4,3,0,0,0,0,0,0,0,0,0,0,0,0,0,0,-54,51,-60,46,-53,49,-54,46,-46,45,-46,35,-43,38,-43,36,-39,34,-35,36,-31,38,-28,36,-25,34,-26,30,-19,36,-19,32,-19,32,-16,29,-10,31,-10,32,-6,33,-3,33,-1,30,2,33,4,33,7,32,6,35,10,36,13,37,18,40,12,40,14,40,9,43,17,43,13,42,15,49,13,48,15,47,6,49,6,49,9,54,2,45,3,46,-3,47,-3,41,-5,47,-6,45,-10,40,-7,38,-10,37,-7,35,-7,31,-12,31,-18,29,-16,27,-21,23,-18,19,0,0,0,0,0,0,0,0,0,0,0,0,0,0,0,0,0,0,0,0,0,0,-30,-57,-27,-60,-21,-63,-17,-67,-9,-65,-14,-67,-7,-60,-4,-62,0,-62,-1,-61,0,-62,3,-59,3,-63,5,-55,8,-52,4,-50,-2,-55,8,-46,2,-48,8,-45,5,-51,-1,-44,-1,-44,-3,-41,-3,-41,-9,-39,-9,-38,-14,-44,-8,-39,-19,-41,-16,-35,-21,-40,-21,-36,-22,-37,-27,-41,-26,-35,-33,-39,-37,-36,-36,-38,-43,-33,-40,-38,-48,-34,-48,-41,-50,-39,-53,-37,-54,-38,-56,-41,-59,-38,-55,-42,-62,-45,-65,-43,-66,-41,-62,-54,-65,-49,-74,-54,-68,-52,-65,-57,0,0]"
CSI_DATA,384,1a:00:00:00:00:00,-46,11,1,0,1,1,1,0,0,0,1,-96,0,11,2,5522131,0,44,0,384,0,"[0,0,0,0,0,0,0,0,0,0,0,0,5,-12,4,-10,4,-10,4,-11,3,-9,3,-9,3,-9,2,-9,2,-8,1,-7,1,-8,0,-8,0,-7,-1,-7,-1,-7,-1,-7,-2,-6,-2,-6,-3,-6,-3,-6,-3,-6,-4,-5,-4,-6,-5,-6,-5,-6,-5,-6,0,0,-6,-7,-6,-6,-6,-7,-6,-7,-6,-7,-6,-7,-6,-8,-5,-8,-5,-8,-5,-8,-4,-8,-4,-8,-4,-8,-3,-8,-3,-8,-2,-8,-2,-8,-2,-7,-2,-7,-1,-7,-1,-7,0,-6,0,-6,1,-6,1,-6,1,-5,0,0,0,0,0,0,0,0,0,0,0,0,0,0,42,-61,38,-58,35,-60,40,-62,35,-58,35,-47,33,-52,32,-47,23,-45,26,-45,26,-45,20,-38,18,-43,13,-40,9,-41,6,-38,5,-35,0,-31,6,-33,2,-33,-2,-36,-2,-35,-10,-28,-12,-34,-13,-28,-12,-31,-15,-34,-22,-31,-18,-33,-24,-34,-24,-34,-27,-39,-19,-38,-32,-44,-25,-38,-24,-41,-25,-41,-24,-43,-21,-42,-19,-43,-17,-45,-16,-41,-17,-46,-14,-47,-11,-46,-8,-44,-7,-44,-4,-41,-1,-37,0,-42,0,-38,4,-39,5,-31,11,-29,6,-28,12,-28,12,-30,0,0,0,0,0,0,0,0,0,0,0,0,0,0,0,0,0,0,0,0,0,0,48,48,40,52,32,54,30,58,27,59,21,63,19,59,20,59,14,65,14,59,8,62,17,57,12,59,8,57,5,53,4,51,14,53,1,48,8,48,2,46,6,43,8,45,10,39,17,37,10,39,19,39,13,37,21,36,19,31,25,34,25,36,29,32,29,32,34,25,38,29,38,30,37,27,41,25,45,25,51,24,47,26,51,21,53,25,55,24,60,23,64,25,64,25,60,25,65,24,69,25,68,29,78,25,77,33,70,29,75,34,80,32,72,37,0,0]"
CSI_DATA,385,1a:00:00:00:00:00,-46,11,1,0,1,1,1,0,0,0,1,-96,0,11,2,5540973,0,44,0,384,0,"[0,0,0,0,0,0,0,0,0,0,0,0,-6,-13,-5,-12,-5,-10,-5,-11,-5,-10,-5,-10,-5,-8,-5,-8,-5,-7,-5,-6,-5,-7,-6,-6,-6,-6,-6,-5,-6,-4,-6,-4,-6,-3,-6,-3,-7,-2,-7,-2,-7,-2,-7,-1,-7,-1,-8,-1,-8,0,-8,0,0,0,-9,0,-9,0,-10,0,-10,0,-10,0,-10,-1,-10,-1,-10,-2,-10,-2,-9,-2,-10,-3,-9,-3,-9,-3,-9,-3,-8,-3,-8,-4,-8,-3,-7,-4,-7,-4,-6,-4,-6,-4,-6,-5,-5,-4,-4,-5,-4,-5,-3,-5,0,0,0,0,0,0,0,0,0,0,0,0,0,0,-17,-72,-16,-72,-20,-76,-8,-66,-10,-63,-6,-63,-13,-59,-16,-60,-12,-49,-12,-52,-15,-46,-17,-44,-15,-45,-15,-34,-12,-35,-20,-32,-24,-32,-25,-26,-21,-27,-22,-20,-29,-24,-26,-22,-33,-13,-32,-16,-32,-14,-30,-17,-33,-15,-39,-10,-39,-10,-40,-6,-38,-9,-42,-13,-40,-11,-47,-6,-45,-13,-49,-15,-45,-18,-47,-17,-44,-20,-43,-19,-42,-20,-47,-24,-46,-23,-38,-25,-42,-27,-34,-30,-32,-29,-32,-24,-30,-30,-27,-30,-28,-31,-21,-28,-21,-25,-13,-27,-14,-28,-10,-27,-9,-26,0,0,0,0,0,0,0,0,0,0,0,0,0,0,0,0,0,0,0,0,0,0,63,-9,64,0,65,5,63,14,62,17,59,24,59,20,57,25,55,31,55,27,53,31,49,29,54,29,51,27,46,32,41,32,45,30,40,27,40,26,39,27,40,24,43,23,39,19,38,14,43,12,40,6,39,12,41,10,39,5,44,-1,42,5,44,-1,41,-2,45,-6,44,-4,48,-6,44,-13,47,-15,50,-15,51,-19,51,-19,55,-25,56,-23,57,-29,59,-29,63,-27,58,-30,63,-31,61,-35,66,-37,70,-37,70,-39,75,-33,72,-29,75,-37,75,-36,77,-32,0,0]"
CSI_DATA,386,1a:00:00:00:00:00,-46,11,1,0,1,1,1,0,0,0,1,-96,0,11,2,5550582,0,44,0,384,0,"[0,0,0,0,0,0,0,0,0,0,0,0,-10,6,-10,6,-8,6,-9,5,-8,5,-8,5,-7,5,-7,5,-6,5,-5,4,-5,5,-5,5,-4,4,-3,4,-3,5,-3,5,-3,5,-2,5,-1,5,-1,5,-1,5,0,5,0,6,0,6,0,6,1,6,0,0,1,7,1,7,1,7,1,8,0,8,0,8,0,8,-1,8,-1,9,-1,8,-2,8,-2,8,-2,7,-3,7,-3,7,-3,7,-3,6,-3,6,-3,6,-4,5,-4,5,-4,4,-4,4,-4,3,-5,3,-4,2,0,0,0,0,0,0,0,0,0,0,0,0,0,0,-71,37,-62,32,-63,36,-56,33,-60,35,-53,29,-54,25,-48,24,-45,23,-42,26,-38,31,-33,28,-31,29,-32,28,-29,24,-21,26,-26,29,-20,25,-18,24,-15,30,-8,31,-12,31,-7,28,-6,32,-4,30,-4,34,-2,34,4,34,2,36,6,44,7,42,8,43,3,43,7,40,8,42,4,48,2,49,4,48,0,49,0,43,1,49,-7,49,-6,41,-8,43,-10,37,-8,44,-11,41,-16,39,-11,34,-10,36,-15,32,-16,35,-18,29,-18,22,-21,23,-18,23,-22,17,0,0,0,0,0,0,0,0,0,0,0,0,0,0,0,0,0,0,0,0,0,0,-11,-68,-6,-64,-3,-68,2,-65,8,-69,11,-62,12,-59,17,-63,14,-61,16,-56,20,-57,21,-54,20,-59,21,-55,20,-45,19,-50,16,-49,19,-47,16,-45,16,-43,10,-40,13,-42,12,-42,6,-42,10,-42,1,-43,5,-40,-3,-41,0,-43,-4,-42,-7,-37,-8,-42,-13,-47,-13,-43,-16,-42,-21,-46,-23,-49,-26,-43,-22,-43,-30,-45,-28,-46,-36,-47,-37,-51,-41,-47,-40,-47,-43,-49,-44,-52,-49,-49,-46,-54,-51,-56,-49,-58,-56,-59,-50,-67,-47,-58,-56,-69,-47,-66,-48,-71,0,0]"
CSI_DATA,387,1a:00:00:00:00:00,-46,11,1,0,1,1,1,0,0,0,1,-96,0,11,2,5561611,0,44,0,384,0,"[0,0,0,0,0,0,0,0,0,0,0,0,7,10,7,9,7,8,7,8,6,8,5,7,6,6,5,5,5,5,5,5,5,4,5,4,5,3,5,3,5,3,5,2,5,1,5,1,6,1,6,0,6,0,6,-1,5,-1,6,-1,7,-1,7,-1,0,0,8,-1,8,-1,8,-1,8,-1,8,-1,8,0,8,0,8,1,8,1,8,1,7,2,7,2,7,3,7,3,6,3,6,4,6,3,5,3,5,3,4,3,4,3,4,3,3,3,3,3,2,4,1,3,0,0,0,0,0,0,0,0,0,0,0,0,0,0,44,65,47,60,48,57,40,53,39,53,35,53,34,49,39,41,33,43,27,39,27,32,29,30,30,29,27,32,29,29,28,25,32,24,32,20,32,14,29,15,35,9,28,11,29,2,30,4,32,1,31,0,34,3,40,0,32,0,37,-6,38,-6,45,-4,40,-2,47,-1,43,-4,45,5,49,-1,50,0,45,3,45,7,47,13,44,9,44,16,46,13,43,13,39,20,38,20,34,17,27,18,28,23,25,20,24,22,24,22,29,18,17,22,14,24,9,23,0,0,0,0,0,0,0,0,0,0,0,0,0,0,0,0,0,0,0,0,0,0,-49,47,-53,38,-55,31,-61,34,-63,24,-61,22,-63,17,-62,14,-62,9,-58,12,-62,9,-59,4,-63,8,-60,4,-54,1,-53,0,-56,4,-51,0,-53,3,-45,4,-47,3,-48,5,-44,2,-46,8,-41,9,-39,13,-40,10,-43,15,-39,13,-39,19,-36,18,-39,20,-33,26,-36,28,-37,29,-37,26,-32,31,-39,35,-36,40,-38,42,-37,47,-37,45,-40,48,-39,50,-41,50,-39,55,-43,55,-39,59,-40,64,-47,60,-47,61,-49,62,-62,64,-51,56,-61,62,-61,61,-56,61,0,0]"
CSI_DATA,388,1a:00:00:00:00:00,-46,11,1,0,1,1,1,0,0,0,1,-96,0,11,2,5572208,0,44,0,384,0,"[0,0,0,0,0,0,0,0,0,0,0,0,12,2,10,1,10,1,10,2,9,1,8,1,8,0,7,0,7,0,7,-1,6,-1,6,-1,6,-1,5,-2,5,-2,5,-3,5,-3,4,-3,4,-3,4,-4,4,-4,4,-5,4,-5,4,-6,4,-6,4,-6,0,0,4,-7,4,-7,5,-7,4,-7,4,-7,5,-7,6,-7,6,-6,5,-6,6,-6,6,-6,6,-5,6,-5,6,-5,6,-4,5,-4,6,-4,5,-3,6,-3,5,-3,5,-2,5,-2,5,-1,5,-1,4,0,4,0,0,0,0,0,0,0,0,0,0,0,0,0,0,0,76,15,78,20,72,16,63,11,62,11,56,8,59,7,57,10,57,7,48,3,44,3,46,-3,42,-1,41,3,35,-5,38,-9,38,-6,36,-14,35,-8,29,-13,30,-16,24,-16,22,-22,24,-21,24,-19,25,-24,21,-27,19,-30,22,-33,20,-36,18,-32,18,-38,22,-35,21,-41,22,-42,31,-39,29,-39,28,-38,31,-34,33,-35,31,-36,36,-32,35,-34,37,-28,37,-26,37,-23,37,-21,36,-24,33,-17,34,-14,28,-16,30,-13,33,-9,33,-4,29,-3,27,-2,27,1,0,0,0,0,0,0,0,0,0,0,0,0,0,0,0,0,0,0,0,0,0,0,-21,62,-29,59,-37,54,-41,54,-40,52,-44,45,-45,43,-45,38,-47,41,-50,35,-52,34,-41,33,-48,38,-50,35,-46,28,-47,27,-42,24,-44,25,-41,26,-42,24,-40,25,-38,28,-36,23,-32,28,-31,27,-24,32,-27,31,-25,32,-24,33,-25,37,-20,38,-18,39,-16,41,-19,45,-14,43,-15,45,-9,46,-3,50,-7,53,-3,57,-1,56,3,55,-1,61,0,64,0,62,6,59,3,64,7,72,6,69,2,78,10,80,7,76,2,83,-1,81,0,88,-5,83,-5,83,0,0]"
CSI_DATA,389,1a:00:00:00:00:00,-46,11,1,0,1,1,1,0,0,0,1,-96,0,11,2,5583219,0,44,0,384,0,"[0,0,0,0,0,0,0,0,0,0,0,0,-5,-12,-6,-11,-6,-11,-6,-11,-5,-10,-5,-9,-5,-9,-4,-8,-5,-7,-5,-7,-5,-7,-5,-6,-5,-6,-5,-5,-6,-5,-6,-4,-6,-4,-5,-4,-6,-3,-6,-2,-7,-2,-7,-2,-6,-2,-8,-2,-8,-1,-8,-1,0,0,-8,-1,-9,-1,-9,-1,-9,-1,-9,-1,-10,-1,-10,-2,-9,-2,-9,-3,-9,-3,-9,-4,-8,-4,-8,-4,-8,-4,-7,-4,-7,-5,-7,-4,-6,-4,-6,-4,-5,-4,-5,-5,-5,-5,-4,-5,-4,-5,-3,-5,-2,-5,0,0,0,0,0,0,0,0,0,0,0,0,0,0,-31,-71,-20,-75,-25,-72,-17,-62,-23,-68,-16,-62,-21,-57,-22,-55,-18,-50,-18,-45,-19,-47,-19,-42,-22,-38,-21,-38,-18,-40,-21,-31,-27,-30,-29,-26,-26,-23,-26,-22,-30,-24,-26,-17,-28,-12,-29,-14,-29,-11,-35,-12,-34,-13,-36,-10,-37,-9,-39,-7,-37,-8,-42,-11,-44,-7,-44,-9,-46,-8,-42,-10,-46,-12,-48,-10,-47,-14,-43,-16,-44,-18,-44,-18,-42,-22,-38,-22,-33,-21,-33,-26,-32,-26,-32,-25,-27,-27,-30,-24,-24,-26,-22,-23,-22,-27,-18,-24,-16,-26,-11,-27,-6,-24,0,0,0,0,0,0,0,0,0,0,0,0,0,0,0,0,0,0,0,0,0,0,66,-14,67,-10,65,-6,65,4,66,7,62,14,60,10,60,20,62,17,61,21,54,22,54,24,56,20,52,21,47,23,48,23,52,16,46,23,40,17,42,17,44,19,43,12,44,14,38,10,43,9,38,2,41,4,39,5,38,0,41,-6,40,0,46,-5,41,-7,44,-15,45,-16,42,-15,46,-19,49,-16,48,-23,53,-24,50,-27,53,-32,53,-32,55,-36,50,-33,57,-34,60,-37,57,-45,57,-41,59,-41,63,-46,68,-44,69,-38,68,-39,73,-42,74,-43,72,-38,0,0]"
CSI_DATA,390,1a:00:00:00:00:00,-46,11,1,0,1,1,1,0,0,0,1,-96,0,11,2,5590571,0,44,0,384,0,"[0,0,0,0,0,0,0,0,0,0,0,0,8,-10,7,-10,6,-9,7,-9,6,-8,5,-8,5,-8,4,-8,4,-7,3,-7,3,-7,2,-7,2,-7,1,-7,1,-6,1,-7,0,-7,0,-6,-1,-6,-1,-6,-1,-6,-2,-7,-2,-6,-3,-7,-3,-7,-3,-7,0,0,-3,-8,-3,-8,-4,-8,-4,-8,-3,-9,-3,-9,-3,-9,-3,-9,-2,-9,-2,-9,-2,-9,-1,-9,-1,-8,-1,-8,0,-8,0,-8,0,-7,0,-7,1,-7,1,-7,1,-6,2,-6,2,-5,2,-5,2,-5,2,-4,0,0,0,0,0,0,0,0,0,0,0,0,0,0,52,-55,51,-50,43,-54,46,-46,49,-51,36,-47,41,-44,36,-41,34,-39,29,-36,31,-40,27,-39,27,-37,21,-37,21,-38,15,-33,13,-36,11,-35,6,-34,4,-32,6,-30,3,-33,0,-30,2,-30,-2,-30,-6,-27,-11,-34,-14,-36,-10,-35,-16,-41,-15,-36,-13,-41,-14,-39,-14,-42,-14,-46,-15,-43,-7,-48,-9,-46,-6,-49,-10,-48,-5,-46,-6,-45,-5,-49,-1,-48,2,-43,9,-42,3,-43,3,-37,5,-37,9,-37,12,-36,12,-34,14,-30,14,-28,15,-23,12,-21,17,-20,0,0,0,0,0,0,0,0,0,0,0,0,0,0,0,0,0,0,0,0,0,0,49,45,42,54,36,51,29,55,25,57,23,58,18,57,15,59,15,63,15,59,14,57,12,52,12,57,6,57,5,51,3,55,9,54,1,51,4,47,3,44,7,41,3,45,9,40,10,43,15,40,22,40,16,29,20,38,17,39,19,35,25,31,26,38,28,34,31,32,33,33,35,33,37,33,43,29,38,27,47,24,51,33,53,27,53,25,55,32,58,29,54,25,58,32,62,33,63,33,66,34,72,33,71,32,72,38,70,41,68,41,70,43,68,47,0,0]"
CSI_DATA,391,1a:00:00:00:00:00,-46,11,1,0,1,1,1,0,0,0,1,-96,0,11,2,5600711,0,44,0,384,0,"[0,0,0,0,0,0,0,0,0,0,0,0,6,-12,5,-11,4,-11,4,-10,4,-10,4,-9,3,-9,3,-9,2,-8,2,-8,2,-8,1,-7,0,-7,0,-7,0,-6,0,-7,-1,-7,-1,-7,-2,-6,-2,-6,-2,-6,-3,-6,-3,-7,-4,-6,-4,-7,-4,-7,0,0,-4,-7,-5,-7,-5,-8,-4,-9,-4,-8,-4,-9,-4,-9,-4,-9,-3,-9,-3,-9,-2,-9,-1,-9,-1,-8,-1,-8,0,-8,0,-8,0,-7,0,-7,0,-7,0,-7,1,-6,1,-6,1,-6,2,-5,2,-5,3,-4,0,0,0,0,0,0,0,0,0,0,0,0,0,0,30,-71,32,-68,29,-65,27,-61,26,-63,26,-54,23,-51,24,-56,22,-48,18,-47,13,-49,13,-43,9,-45,10,-39,9,-41,6,-38,2,-38,0,-33,-4,-30,-2,-37,-7,-34,-9,-31,-9,-33,-16,-28,-13,-31,-16,-30,-18,-29,-25,-31,-24,-34,-27,-35,-24,-31,-27,-36,-26,-36,-27,-41,-27,-39,-27,-41,-26,-39,-25,-39,-24,-45,-21,-40,-20,-41,-16,-45,-12,-44,-11,-42,-7,-41,-7,-48,-5,-42,-4,-40,-4,-38,2,-39,-2,-34,-1,-32,2,-31,7,-26,9,-28,10,-26,10,-25,0,0,0,0,0,0,0,0,0,0,0,0,0,0,0,0,0,0,0,0,0,0,61,25,55,33,51,39,50,41,46,44,38,46,40,46,39,50,37,47,33,51,27,55,30,50,29,47,30,46,22,46,21,47,24,47,23,45,20,41,24,39,21,38,24,43,23,36,25,35,23,32,33,30,29,28,28,30,30,29,39,25,36,22,33,22,40,17,40,20,42,17,42,15,47,16,49,16,44,12,56,11,51,11,57,10,60,11,58,12,62,8,62,7,69,11,66,1,70,7,72,11,77,10,77,10,81,17,80,13,78,22,83,15,79,18,0,0]"
CSI_DATA,392,1a:00:00:00:00:00,-46,11,1,0,1,1,1,0,0,0,1,-96,0,11,2,5613050,0,44,0,384,0,"[0,0,0,0,0,0,0,0,0,0,0,0,9,8,9,7,8,7,8,7,8,6,7,6,6,4,7,4,6,4,7,4,6,3,6,2,6,2,6,2,6,2,6,0,6,0,5,0,5,-1,5,-1,5,-1,6,-2,6,-2,6,-3,6,-3,6,-3,0,0,7,-4,7,-3,7,-3,8,-4,7,-3,8,-3,8,-3,8,-3,8,-3,8,-2,8,-2,8,-1,8,0,7,0,7,0,7,0,7,1,6,0,6,1,5,1,5,1,5,2,5,2,4,2,3,3,3,2,0,0,0,0,0,0,0,0,0,0,0,0,0,0,60,52,59,50,62,48,56,40,47,42,45,44,42,35,47,37,39,30,39,35,39,27,31,23,39,22,34,20,34,20,30,15,36,10,34,12,30,7,32,2,35,3,33,1,32,-5,30,-5,31,-7,35,-7,29,-9,37,-14,36,-15,37,-16,32,-15,36,-19,36,-17,41,-23,35,-15,43,-22,44,-17,43,-18,47,-12,43,-8,43,-9,46,-7,49,-7,45,-3,46,-4,38,-3,36,-1,35,-2,37,4,35,4,33,5,29,6,33,6,27,10,28,13,25,15,17,12,0,0,0,0,0,0,0,0,0,0,0,0,0,0,0,0,0,0,0,0,0,0,-51,38,-56,37,-55,32,-60,28,-60,21,-60,20,-58,17,-60,12,-61,11,-61,9,-57,5,-56,3,-60,7,-58,7,-55,3,-51,1,-53,5,-47,0,-53,3,-45,2,-44,4,-44,5,-35,7,-45,11,-41,8,-38,13,-36,12,-40,12,-34,19,-36,23,-32,20,-39,30,-38,30,-32,29,-34,31,-32,32,-31,32,-32,42,-30,44,-32,46,-32,47,-25,47,-31,57,-30,52,-29,55,-32,64,-30,59,-30,60,-33,63,-32,65,-30,65,-37,70,-38,67,-38,64,-42,78,-49,76,-46,75,0,0]"
CSI_DATA,393,1a:00:00:00:00:00,-46,11,1,0,1,1,1,0,0,0,1,-96,0,11,2,5620600,0,44,0,384,0,"[0,0,0,0,0,0,0,0,0,0,0,0,10,7,9,6,9,6,9,6,8,5,7,5,8,4,7,4,7,3,6,3,6,3,6,2,6,1,6,1,6,1,6,0,5,-1,5,-1,6,-1,5,-2,6,-2,5,-3,5,-2,6,-4,6,-3,6,-4,0,0,6,-4,7,-4,7,-4,7,-4,7,-4,8,-4,8,-3,8,-3,8,-3,8,-2,8,-2,8,-1,8,-1,7,-1,7,0,7,0,7,0,6,0,6,0,5,1,5,1,5,1,5,2,4,2,3,2,3,2,0,0,0,0,0,0,0,0,0,0,0,0,0,0,65,53,54,52,58,49,49,49,51,45,45,47,45,40,47,40,40,35,36,35,35,30,35,28,38,26,42,20,31,17,35,14,40,13,37,11,38,6,29,8,37,4,32,1,31,-1,31,0,33,-7,33,-7,30,-7,38,-12,33,-14,39,-15,39,-16,41,-19,39,-15,44,-11,44,-17,46,-12,47,-17,48,-10,49,-11,48,-7,46,-6,50,-3,48,-6,42,-4,42,-1,40,4,35,6,36,9,32,5,35,7,35,11,33,12,29,11,28,11,26,14,20,12,14,16,0,0,0,0,0,0,0,0,0,0,0,0,0,0,0,0,0,0,0,0,0,0,-50,44,-53,35,-57,36,-61,30,-60,23,-65,17,-64,15,-61,15,-63,10,-58,13,-60,7,-57,6,-61,11,-60,8,-59,4,-48,0,-56,6,-50,-1,-49,7,-51,4,-46,4,-50,8,-44,10,-46,11,-43,13,-42,19,-40,13,-39,20,-39,16,-40,26,-35,19,-34,29,-40,29,-34,31,-38,33,-37,35,-31,37,-31,42,-34,46,-33,49,-31,50,-32,50,-35,54,-28,55,-34,54,-24,56,-34,61,-36,63,-34,61,-36,66,-35,72,-40,72,-45,68,-46,66,-53,75,-46,76,-48,71,0,0]"
CSI_DATA,394,1a:00:00:00:00:00,-46,11,1,0,1,1,1,0,0,0,1,-96,0,11,2,5641955,0,44,0,384,0,"[0,0,0,0,0,0,0,0,0,0,0,0,-11,-7,-10,-6,-10,-6,-10,-6,-9,-6,-9,-5,-8,-4,-8,-4,-8,-4,-7,-3,-7,-3,-7,-2,-7,-2,-7,-2,-7,-2,-7,-1,-7,-1,-6,0,-6,0,-6,0,-6,1,-7,1,-6,1,-7,2,-7,2,-7,3,0,0,-7,3,-7,3,-8,3,-8,3,-8,2,-9,2,-9,2,-8,2,-9,2,-8,1,-9,1,-9,0,-8,0,-8,-1,-8,-1,-8,-1,-8,-1,-7,-1,-6,-2,-6,-1,-6,-2,-6,-3,-5,-3,-5,-3,-4,-3,-4,-3,0,0,0,0,0,0,0,0,0,0,0,0,0,0,-67,-51,-59,-45,-63,-46,-57,-50,-51,-46,-48,-41,-48,-40,-45,-42,-43,-36,-38,-37,-40,-32,-40,-22,-37,-26,-36,-22,-35,-23,-36,-17,-37,-16,-37,-11,-34,-10,-34,-9,-37,-10,-27,-12,-32,0,-34,2,-32,1,-36,3,-38,6,-38,9,-35,12,-38,11,-37,11,-43,7,-42,9,-45,12,-42,12,-46,7,-45,14,-49,7,-50,5,-48,1,-46,0,-44,0,-47,-2,-45,-1,-38,-6,-40,-10,-44,-13,-40,-11,-34,-10,-30,-14,-31,-11,-31,-16,-27,-13,-25,-18,-23,-16,-21,-22,-14,-19,0,0,0,0,0,0,0,0,0,0,0,0,0,0,0,0,0,0,0,0,0,0,34,-54,40,-50,47,-45,48,-39,51,-41,54,-32,55,-30,51,-31,56,-27,59,-24,54,-22,53,-21,54,-24,50,-20,51,-21,48,-14,52,-17,48,-11,43,-15,43,-14,45,-16,43,-17,38,-15,38,-21,41,-20,35,-25,34,-22,31,-23,34,-26,34,-34,31,-26,30,-34,31,-34,28,-41,30,-36,27,-39,25,-43,25,-46,25,-51,22,-50,26,-47,23,-55,26,-52,22,-60,27,-59,26,-68,23,-66,21,-66,25,-68,27,-73,27,-74,31,-75,36,-72,34,-70,40,-79,35,-77,40,-76,0,0]"
CSI_DATA,395,1a:00:00:00:00:00,-46,11,1,0,1,1,1,0,0,0,1,-96,0,11,2,5660866,0,44,0,384,0,"[0,0,0,0,0,0,0,0,0,0,0,0,0,-14,0,-13,-1,-13,-1,-12,-1,-11,0,-11,-1,-10,-1,-10,-1,-9,-2,-8,-2,-9,-2,-8,-3,-7,-3,-7,-3,-7,-4,-6,-4,-6,-3,-6,-4,-5,-5,-5,-5,-5,-5,-4,-5,-5,-6,-4,-6,-5,-6,-5,0,0,-7,-5,-7,-5,-8,-5,-8,-5,-8,-6,-8,-6,-8,-6,-7,-6,-7,-6,-7,-7,-6,-7,-6,-7,-5,-7,-5,-7,-4,-7,-4,-7,-4,-7,-4,-7,-3,-7,-3,-7,-2,-6,-2,-6,-1,-6,-1,-6,0,-6,0,-5,0,0,0,0,0,0,0,0,0,0,0,0,0,0,-15,-79,-16,-78,-17,-75,-15,-69,-12,-70,-11,-62,-15,-60,-10,-57,-9,-52,-6,-52,-14,-52,-9,-47,-12,-47,-14,-43,-9,-41,-14,-38,-20,-37,-20,-30,-17,-27,-19,-30,-25,-27,-22,-26,-26,-21,-26,-19,-25,-19,-27,-16,-28,-19,-36,-16,-32,-16,-38,-14,-35,-16,-40,-21,-36,-15,-40,-16,-45,-18,-40,-16,-41,-22,-42,-18,-43,-22,-39,-31,-42,-28,-37,-28,-35,-30,-31,-34,-29,-27,-31,-32,-26,-31,-24,-32,-24,-29,-20,-28,-16,-31,-17,-29,-17,-29,-9,-29,-7,-28,-5,-28,2,-28,0,0,0,0,0,0,0,0,0,0,0,0,0,0,0,0,0,0,0,0,0,0,66,-14,63,-5,66,-1,63,7,63,15,57,14,58,14,53,17,59,20,56,20,52,28,51,23,50,23,46,27,43,23,49,29,45,20,42,27,40,20,40,16,40,20,40,19,42,16,40,10,41,11,42,12,39,11,38,5,42,3,39,-2,44,-1,48,-5,49,-6,44,-6,49,-11,48,-11,49,-14,52,-15,48,-19,54,-21,51,-22,56,-25,57,-24,60,-27,56,-24,55,-34,57,-33,65,-37,62,-32,70,-34,69,-33,72,-34,76,-33,80,-32,81,-31,76,-32,80,-28,0,0]"
CSI_DATA,396,1a:00:00:00:00:00,-46,11,1,0,1,1,1,0,0,0,1,-96,0,11,2,5670579,0,44,0,384,0,"[0,0,0,0,0,0,0,0,0,0,0,0,10,-9,9,-8,8,-8,8,-7,8,-7,7,-7,7,-7,6,-7,6,-6,5,-6,5,-7,4,-7,4,-6,3,-6,3,-6,3,-7,2,-6,2,-6,1,-6,0,-7,0,-6,0,-6,0,-7,-1,-7,-1,-8,-1,-8,0,0,-1,-8,-2,-9,-1,-8,-2,-9,-1,-9,-1,-9,-1,-9,0,-9,0,-10,1,-9,1,-9,1,-8,1,-8,2,-8,2,-8,2,-7,2,-7,3,-6,3,-6,3,-6,3,-6,3,-5,3,-5,3,-4,3,-3,3,-3,0,0,0,0,0,0,0,0,0,0,0,0,0,0,65,-50,65,-44,57,-47,55,-43,54,-44,51,-38,51,-38,47,-38,43,-36,36,-33,38,-37,38,-35,28,-35,26,-33,26,-31,21,-32,24,-33,18,-30,18,-26,15,-34,9,-34,11,-30,6,-29,6,-30,1,-33,0,-31,3,-35,-5,-36,-4,-36,-5,-44,-9,-39,-10,-42,-7,-41,-8,-45,-8,-45,-2,-42,-6,-48,0,-45,3,-45,-1,-50,2,-48,5,-46,6,-49,6,-42,8,-38,11,-43,11,-40,11,-39,11,-35,14,-35,14,-35,16,-33,19,-26,17,-24,15,-24,19,-19,19,-18,0,0,0,0,0,0,0,0,0,0,0,0,0,0,0,0,0,0,0,0,0,0,32,57,22,57,23,60,13,61,11,66,5,61,5,58,3,61,-3,61,-2,58,-3,56,-8,55,-4,58,-6,54,-10,50,-7,54,-3,51,-10,51,-4,44,-6,44,-5,44,-2,46,0,44,1,41,5,40,11,42,5,40,9,42,10,40,12,40,20,38,16,39,17,39,21,39,27,41,28,40,31,41,34,39,33,37,38,41,41,42,47,41,46,41,51,41,48,40,51,45,51,43,56,39,61,45,56,47,57,50,65,49,60,56,65,55,61,59,55,58,60,60,0,0]"
CSI_DATA,397,1a:00:00:00:00:00,-46,11,1,0,1,1,1,0,0,0,1,-96,0,11,2,5680583,0,44,0,384,0,"[0,0,0,0,0,0,0,0,0,0,0,0,-2,13,-2,11,-2,11,-2,11,-2,10,-2,9,-1,9,-1,8,-1,8,0,7,0,8,1,7,1,6,1,6,1,5,2,6,2,5,2,5,2,4,2,5,3,4,4,4,4,4,4,4,5,4,5,4,0,0,5,5,6,5,6,4,6,5,5,5,6,5,6,5,5,6,5,6,5,7,5,7,4,6,3,6,3,6,2,6,2,6,2,6,1,6,1,6,1,5,0,5,0,5,0,5,-1,4,-1,4,-2,3,0,0,0,0,0,0,0,0,0,0,0,0,0,0,-3,71,2,72,2,78,-2,67,2,67,-4,63,0,59,2,60,1,54,-2,57,-1,49,4,48,4,46,5,38,6,43,9,40,9,39,9,28,11,32,15,32,20,30,18,29,18,22,22,21,22,23,22,21,28,19,29,20,31,18,35,20,33,23,36,20,34,18,43,20,39,22,39,24,39,26,38,22,37,27,35,28,34,30,36,34,31,33,31,30,27,31,24,30,23,34,19,31,18,30,19,31,12,32,12,27,7,24,2,25,6,23,0,28,-3,22,0,0,0,0,0,0,0,0,0,0,0,0,0,0,0,0,0,0,0,0,0,0,-62,-11,-64,-15,-60,-22,-61,-32,-56,-30,-55,-33,-52,-34,-50,-35,-47,-39,-46,-36,-49,-43,-43,-39,-44,-38,-40,-37,-35,-36,-37,-36,-39,-34,-33,-32,-35,-34,-36,-30,-37,-30,-34,-27,-36,-25,-35,-24,-38,-24,-39,-17,-40,-21,-40,-18,-35,-13,-47,-12,-41,-8,-43,-11,-44,-8,-45,-4,-51,-6,-51,-5,-52,-4,-53,4,-57,2,-56,5,-60,7,-58,10,-66,10,-63,14,-68,14,-64,15,-69,13,-69,17,-73,17,-75,18,-74,18,-81,15,-81,12,-80,12,-84,16,-86,16,-85,7,0,0]"
