type,id,mac,rssi,rate,sig_mode,mcs,bandwidth,smoothing,not_sounding,aggregation,stbc,fec_coding,sgi,noise_floor,ampdu_cnt,channel,secondary_channel,local_timestamp,ant,sig_len,rx_state,len,first_word,data
CSI_DATA,12,1a:00:00:00:00:00,-51,11,1,0,1,1,1,0,0,0,1,-96,0,11,2,422267,0,44,0,384,0,"[0,0,0,0,0,0,0,0,0,0,0,0,0,3,0,1,0,0,0,-1,0,-1,0,-2,0,-3,0,-4,1,-4,1,-5,1,-5,1,-6,1,-6,1,-6,1,-7,1,-7,1,-7,1,-8,1,-8,1,-8,2,-8,2,-9,1,-9,1,-9,1,-9,2,-10,0,0,2,-10,2,-10,2,-9,2,-10,2,-9,2,-9,2,-9,2,-9,2,-9,1,-9,1,-8,1,-8,1,-8,1,-8,1,-8,0,-8,0,-8,0,-8,0,-8,0,-8,0,-8,0,-8,0,-8,1,-8,1,-8,2,-8,0,0,0,0,0,0,0,0,0,0,0,0,0,0,33,7,31,10,24,10,17,5,11,2,9,4,4,0,0,-3,-3,-5,-8,-11,-14,-6,-11,-15,-10,-15,-12,-13,-22,-18,-18,-14,-20,-19,-20,-18,-21,-25,-29,-23,-29,-23,-26,-26,-29,-24,-30,-25,-33,-24,-31,-30,-29,-27,-35,-26,-34,-35,-34,-28,-34,-29,-37,-27,-30,-32,-33,-29,-35,-29,-28,-29,-31,-27,-31,-26,-32,-22,-35,-23,-28,-30,-32,-21,-26,-22,-27,-17,-28,-20,-26,-19,-31,-19,-28,-17,-29,-15,-27,-17,-34,-18,-30,-15,-29,-17,-32,-20,-27,-20,-30,-25,-29,-26,0,0,0,0,0,0,0,0,0,0,0,0,0,0,0,0,0,0,0,0,0,0,-1,-27,3,-32,11,-26,14,-29,17,-29,25,-26,23,-27,28,-24,33,-13,38,-10,45,-7,44,-7,50,-1,56,6,51,12,50,14,55,18,54,22,51,29,56,37,50,31,48,42,47,43,46,45,46,48,45,54,44,55,43,58,39,62,44,64,37,62,38,65,40,68,32,65,35,70,32,70,29,73,32,72,28,73,32,67,30,66,28,69,21,78,28,73,31,71,24,61,23,68,25,72,20,67,18,68,16,73,16,69,13,70,4,63,5,63,2,61,5,60,0,0]"
CSI_DATA,13,1a:00:00:00:00:00,-51,11,1,0,1,1,1,0,0,0,1,-96,0,11,2,435629,0,44,0,384,0,"[0,0,0,0,0,0,0,0,0,0,0,0,1,2,1,1,0,0,0,0,-1,-1,-1,-2,-1,-3,-2,-3,-2,-4,-2,-4,-2,-5,-2,-5,-2,-6,-2,-6,-2,-6,-3,-7,-3,-7,-3,-7,-3,-7,-3,-7,-3,-7,-4,-8,-3,-8,-4,-8,-3,-8,-4,-9,0,0,-4,-9,-3,-9,-4,-9,-3,-9,-3,-8,-3,-8,-3,-8,-3,-8,-3,-8,-3,-8,-3,-8,-3,-7,-3,-7,-4,-7,-4,-7,-4,-6,-4,-6,-4,-6,-4,-6,-4,-6,-4,-7,-4,-7,-4,-7,-4,-7,-3,-7,-3,-8,0,0,0,0,0,0,0,0,0,0,0,0,0,0,36,-13,28,-6,26,-7,19,-3,12,-3,9,0,5,-2,4,-2,-3,-2,-4,-2,-14,-5,-17,-6,-21,-7,-20,-8,-21,-7,-29,-6,-26,-8,-27,-7,-32,-7,-34,-9,-35,-6,-33,-11,-34,-8,-35,-8,-39,-10,-40,-6,-45,-11,-41,-11,-44,-13,-47,-11,-45,-13,-47,-9,-43,-14,-40,-10,-43,-14,-43,-18,-40,-14,-41,-9,-43,-10,-38,-11,-40,-9,-37,-17,-34,-6,-38,-10,-39,-11,-31,-9,-27,0,-39,-10,-47,6,-23,-3,-13,-6,-34,3,-26,0,-38,-4,-30,-5,-37,-9,-36,-8,0,0,0,0,0,0,0,0,0,0,0,0,0,0,0,0,0,0,0,0,0,0,-12,-22,-16,-23,-9,-30,-7,-34,1,-33,6,-34,12,-31,13,-35,22,-38,25,-30,30,-27,35,-29,38,-28,44,-22,48,-21,52,-12,56,-13,54,-12,59,-9,60,-7,60,-4,63,1,64,5,64,14,65,15,65,13,69,19,73,24,67,29,67,33,62,36,72,35,74,34,65,38,67,43,69,40,63,42,62,49,62,50,62,44,59,50,56,51,60,47,61,53,60,50,54,58,54,53,55,48,57,51,54,46,47,53,40,53,44,57,39,53,35,53,34,59,29,49,0,0]"
CSI_DATA,14,1a:00:00:00:00:00,-51,11,1,0,1,1,1,0,0,0,1,-96,0,11,2,442260,0,44,0,384,0,"[0,0,0,0,0,0,0,0,0,0,0,0,2,-3,1,-2,0,-1,0,0,-1,0,-2,0,-2,1,-3,1,-4,1,-4,2,-4,2,-5,2,-5,3,-5,3,-6,3,-6,3,-6,4,-6,4,-6,4,-7,4,-7,4,-7,5,-7,5,-7,5,-7,5,-7,5,0,0,-8,5,-8,5,-8,5,-7,5,-7,5,-8,5,-7,5,-7,5,-7,5,-7,5,-7,5,-6,4,-6,4,-6,5,-6,5,-5,5,-5,5,-5,5,-5,5,-5,5,-5,5,-5,5,-6,5,-6,5,-6,5,-7,4,0,0,0,0,0,0,0,0,0,0,0,0,0,0,-19,-32,-23,-30,-10,-24,-8,-24,-4,-16,-3,-14,0,-6,1,2,-4,8,-1,7,3,15,0,19,-1,15,1,21,3,16,0,26,4,27,6,29,4,27,6,29,5,32,6,31,9,38,4,37,4,37,6,41,5,37,6,41,9,43,12,41,7,44,7,46,5,44,6,40,8,45,6,43,3,44,1,40,0,37,4,39,5,34,8,37,7,36,5,31,5,31,10,27,9,32,8,30,9,32,7,32,11,32,6,32,8,33,7,30,8,35,7,36,4,33,0,0,0,0,0,0,0,0,0,0,0,0,0,0,0,0,0,0,0,0,0,0,-18,20,-25,13,-23,11,-31,9,-32,4,-35,4,-34,-3,-34,-11,-33,-16,-38,-22,-38,-22,-38,-32,-38,-33,-35,-40,-30,-38,-30,-48,-28,-56,-20,-56,-18,-53,-14,-65,-9,-62,-12,-64,-5,-68,-4,-71,-3,-70,-3,-73,6,-73,7,-70,9,-67,15,-79,16,-76,20,-80,24,-73,24,-71,26,-70,23,-72,26,-69,23,-71,24,-65,27,-80,29,-75,26,-71,27,-72,31,-67,29,-67,39,-61,29,-69,32,-63,35,-64,33,-64,36,-60,34,-58,32,-53,36,-54,35,-53,41,-52,37,-42,0,0]"
CSI_DATA,15,1a:00:00:00:00:00,-51,11,1,0,1,1,1,0,0,0,1,-96,0,11,2,462965,0,44,0,384,0,"[0,0,0,0,0,0,0,0,0,0,0,0,-2,-3,-1,-2,-1,-1,-1,-1,0,0,0,1,0,1,0,2,0,2,1,3,1,3,1,4,1,4,1,4,1,5,2,5,2,5,2,5,2,5,2,6,2,6,2,6,2,6,2,7,2,7,3,7,0,0,3,7,2,7,2,7,2,7,2,7,2,7,2,6,2,6,2,6,2,6,2,6,2,6,2,5,2,5,2,5,3,5,3,5,3,5,3,5,3,5,3,5,3,5,3,5,3,6,2,6,2,6,0,0,0,0,0,0,0,0,0,0,0,0,0,0,-36,11,-35,9,-25,5,-21,7,-15,7,-11,6,-2,0,2,-1,8,-2,14,0,11,-2,15,2,16,2,16,1,18,-5,29,-1,31,4,30,-1,27,2,34,-2,35,0,31,3,34,-1,37,5,38,0,44,-1,35,2,43,-5,47,0,47,1,42,-2,47,-2,39,3,42,-1,39,2,45,3,42,0,40,-1,36,-1,39,0,37,-2,38,-1,37,2,36,-3,33,-1,34,-4,35,-5,32,-6,32,-6,31,-5,33,-5,36,-6,33,-5,35,0,34,-10,36,-2,35,-4,0,0,0,0,0,0,0,0,0,0,0,0,0,0,0,0,0,0,0,0,0,0,14,19,9,26,5,25,7,34,0,30,-5,32,-13,35,-17,33,-18,32,-18,32,-32,33,-37,30,-41,27,-48,22,-53,21,-51,14,-57,12,-57,15,-61,5,-62,-1,-65,-2,-68,-8,-63,-9,-66,-12,-67,-18,-72,-21,-75,-20,-74,-21,-68,-27,-74,-30,-73,-30,-75,-31,-69,-37,-71,-38,-71,-41,-72,-40,-68,-35,-65,-43,-68,-43,-65,-42,-67,-45,-65,-44,-71,-46,-69,-43,-62,-48,-66,-37,-57,-44,-62,-44,-61,-49,-56,-47,-53,-45,-57,-53,-48,-52,-47,-47,-47,-48,-40,-48,-42,-44,0,0]"
CSI_DATA,16,1a:00:00:00:00:00,-51,11,1,0,1,1,1,0,0,0,1,-96,0,11,2,472680,0,44,0,384,0,"[0,0,0,0,0,0,0,0,0,0,0,0,0,3,0,1,0,0,0,0,0,-1,-1,-2,-1,-3,-1,-3,-1,-4,-1,-4,-1,-5,-1,-5,-1,-6,-1,-6,-1,-6,-1,-7,-1,-7,-1,-7,-1,-7,-1,-8,-1,-8,-1,-8,-1,-8,-1,-9,-1,-9,-1,-9,0,0,-1,-9,-1,-9,-1,-9,-1,-9,-1,-9,-1,-9,-1,-9,-1,-8,-1,-8,-1,-8,-1,-8,-1,-8,-1,-7,-2,-7,-2,-7,-2,-7,-2,-7,-2,-7,-2,-7,-2,-7,-2,-7,-2,-8,-2,-8,-2,-8,-1,-8,-1,-8,0,0,0,0,0,0,0,0,0,0,0,0,0,0,41,2,37,4,31,3,11,2,21,3,11,4,5,2,2,-1,-5,-1,-9,-7,-13,-8,-13,-14,-18,-11,-19,-9,-18,-11,-23,-16,-21,-17,-24,-12,-25,-13,-24,-18,-32,-18,-30,-19,-34,-18,-31,-18,-34,-20,-35,-17,-40,-23,-39,-28,-33,-21,-40,-23,-39,-23,-38,-25,-41,-24,-38,-24,-37,-19,-33,-20,-36,-26,-35,-25,-35,-18,-35,-23,-31,-22,-33,-20,-31,-20,-30,-18,-36,-17,-31,-11,-33,-13,-32,-13,-31,-13,-33,-11,-31,-10,-33,-10,-37,-13,-39,-16,-32,-16,-36,-11,-30,-20,0,0,0,0,0,0,0,0,0,0,0,0,0,0,0,0,0,0,0,0,0,0,-5,-26,-3,-28,2,-27,10,-32,12,-32,22,-29,20,-26,31,-25,35,-24,41,-23,41,-15,45,-14,48,-6,51,-4,53,-2,56,5,58,11,58,13,57,21,54,28,54,26,56,31,55,33,53,41,55,44,55,43,59,49,54,54,58,51,52,57,50,59,46,58,40,59,43,62,48,67,44,65,45,63,46,67,38,65,43,67,36,69,36,67,42,73,39,66,31,67,35,71,32,69,36,69,27,72,29,67,26,66,24,67,20,63,23,64,17,62,12,62,11,60,0,0]"
CSI_DATA,17,1a:00:00:00:00:00,-51,11,1,0,1,1,1,0,0,0,1,-96,0,11,2,482159,0,44,0,384,0,"[0,0,0,0,0,0,0,0,0,0,0,0,-2,-3,-1,-3,-1,-2,-1,-1,0,0,0,1,0,2,0,2,0,3,0,4,0,4,0,4,0,5,0,5,0,5,0,6,1,6,0,6,1,6,0,7,0,7,1,7,1,8,1,8,1,8,1,8,0,0,1,8,1,8,0,8,1,9,0,8,0,8,0,8,0,7,0,7,1,7,1,7,1,7,1,6,1,6,1,7,1,6,2,6,1,6,2,6,2,6,1,7,1,7,1,7,1,7,1,7,0,7,0,0,0,0,0,0,0,0,0,0,0,0,0,0,-35,12,-34,7,-30,5,-24,1,-15,7,-6,3,-10,0,1,-1,1,-2,5,-1,10,-3,14,4,18,2,19,3,22,3,30,3,27,6,28,7,26,4,29,1,28,4,37,3,36,0,37,4,35,4,40,0,43,6,38,2,43,3,45,6,46,5,47,10,47,2,46,4,42,4,40,9,44,6,41,6,40,5,40,5,38,4,39,2,31,1,31,2,36,6,32,-1,35,-2,34,-2,34,-2,34,-4,32,-2,35,-2,37,-3,34,-4,38,-1,37,6,35,8,0,0,0,0,0,0,0,0,0,0,0,0,0,0,0,0,0,0,0,0,0,0,18,24,10,23,9,29,6,34,-4,36,-10,34,-14,32,-14,34,-22,32,-29,31,-29,32,-36,30,-40,29,-48,21,-51,21,-53,19,-56,15,-61,12,-63,6,-67,3,-65,-2,-62,-3,-67,-6,-74,-9,-72,-18,-70,-17,-73,-20,-73,-24,-71,-26,-73,-30,-66,-36,-73,-36,-68,-38,-69,-36,-69,-44,-69,-47,-69,-41,-66,-45,-69,-42,-66,-45,-60,-49,-67,-43,-65,-47,-62,-49,-66,-53,-55,-43,-58,-46,-65,-48,-58,-51,-53,-53,-53,-52,-54,-51,-50,-48,-45,-56,-40,-58,-42,-49,-35,-52,0,0]"
CSI_DATA,18,1a:00:00:00:00:00,-51,11,1,0,1,1,1,0,0,0,1,-96,0,11,2,492960,0,44,0,384,0,"[0,0,0,0,0,0,0,0,0,0,0,0,2,1,1,1,1,0,0,0,-1,-1,-2,-1,-2,-2,-2,-3,-3,-3,-3,-3,-3,-4,-4,-4,-4,-4,-4,-4,-4,-5,-5,-5,-5,-5,-5,-5,-6,-5,-6,-5,-6,-5,-6,-5,-6,-6,-7,-6,-7,-6,-7,-6,0,0,-7,-6,-7,-6,-7,-6,-7,-6,-6,-6,-6,-6,-6,-6,-6,-6,-6,-6,-6,-6,-6,-6,-6,-5,-6,-5,-6,-5,-6,-4,-6,-4,-6,-4,-6,-4,-6,-4,-7,-4,-7,-4,-7,-5,-7,-5,-6,-5,-6,-6,-6,-6,0,0,0,0,0,0,0,0,0,0,0,0,0,0,23,-39,20,-34,14,-25,12,-19,8,-14,3,-9,3,-7,0,-1,-3,3,-4,7,-9,9,-12,7,-21,8,-21,7,-20,11,-27,12,-26,11,-24,17,-32,13,-31,19,-30,17,-31,17,-32,19,-30,22,-33,18,-34,22,-31,23,-32,20,-37,22,-37,23,-40,27,-42,26,-35,26,-38,23,-42,23,-38,21,-36,22,-32,22,-33,23,-36,23,-33,20,-33,22,-29,24,-31,18,-29,16,-27,24,-25,18,-31,24,-27,25,-31,18,-27,24,-28,22,-26,24,-30,24,-32,18,-33,22,-32,17,0,0,0,0,0,0,0,0,0,0,0,0,0,0,0,0,0,0,0,0,0,0,-28,-7,-25,-9,-29,-19,-27,-19,-23,-26,-23,-29,-19,-30,-14,-41,-6,-38,-5,-47,1,-45,8,-51,9,-51,19,-51,22,-53,31,-45,34,-47,37,-46,39,-44,49,-46,49,-45,55,-43,58,-38,58,-34,62,-39,65,-37,71,-27,69,-28,75,-30,70,-25,76,-22,71,-22,73,-17,74,-17,82,-20,80,-16,78,-13,76,-12,79,-11,77,-11,78,-9,85,-11,82,-5,74,-9,75,0,65,-1,71,-1,74,-9,76,2,77,2,72,2,75,-1,70,6,73,14,63,13,66,15,54,13,0,0]"
CSI_DATA,19,1a:00:00:00:00:00,-51,11,1,0,1,1,1,0,0,0,1,-96,0,11,2,502673,0,44,0,384,0,"[0,0,0,0,0,0,0,0,0,0,0,0,-2,-3,-2,-2,-1,-1,-1,-1,0,0,0,1,0,1,0,2,0,2,1,3,1,3,1,3,1,4,1,4,1,4,2,5,2,5,2,5,2,5,2,5,2,6,2,6,3,6,3,6,3,6,3,7,0,0,3,7,2,7,2,7,2,7,2,7,2,7,2,6,2,6,2,6,2,6,2,6,2,5,2,5,3,5,2,5,3,5,3,5,3,5,3,5,3,5,3,5,3,5,3,5,3,6,2,6,2,6,0,0,0,0,0,0,0,0,0,0,0,0,0,0,-44,12,-33,12,-27,6,-21,1,-18,3,-16,0,-9,0,-2,-3,2,-1,8,-2,9,5,15,4,19,4,22,4,26,7,27,4,27,0,27,10,31,0,32,7,28,7,35,5,31,1,29,5,35,4,40,3,40,3,39,4,40,5,41,6,43,2,43,5,37,1,44,3,43,8,39,8,40,6,40,6,36,1,33,5,38,3,34,2,37,1,37,0,34,-1,31,-1,27,-3,34,-5,31,-2,30,-5,36,-2,34,0,34,-1,32,-2,39,-3,35,5,36,6,0,0,0,0,0,0,0,0,0,0,0,0,0,0,0,0,0,0,0,0,0,0,16,22,12,23,5,25,5,36,3,29,-2,35,-14,36,-11,33,-21,33,-27,30,-29,26,-32,26,-44,29,-46,26,-49,23,-49,13,-57,10,-57,11,-59,6,-60,-1,-57,2,-65,-9,-63,-4,-70,-11,-64,-13,-67,-22,-72,-22,-73,-27,-69,-30,-71,-31,-63,-34,-69,-35,-69,-33,-69,-40,-62,-37,-65,-40,-63,-41,-61,-42,-62,-40,-65,-46,-65,-52,-58,-46,-60,-52,-64,-45,-54,-43,-63,-39,-59,-45,-57,-47,-56,-47,-54,-46,-53,-49,-49,-55,-48,-58,-40,-47,-36,-47,-37,-55,-31,-50,0,0]"
CSI_DATA,20,1a:00:00:00:00:00,-51,11,1,0,1,1,1,0,0,0,1,-96,0,11,2,512388,0,44,0,384,0,"[0,0,0,0,0,0,0,0,0,0,0,0,1,2,1,1,0,1,0,0,-1,-1,-1,-2,-1,-2,-1,-3,-1,-4,-1,-4,-2,-5,-2,-5,-2,-5,-2,-6,-2,-6,-3,-6,-3,-7,-3,-7,-3,-7,-3,-7,-3,-7,-3,-8,-3,-8,-3,-8,-3,-8,-3,-8,0,0,-4,-9,-3,-9,-3,-9,-3,-9,-3,-8,-3,-8,-3,-8,-3,-8,-3,-8,-3,-8,-3,-7,-3,-7,-3,-7,-4,-7,-4,-7,-4,-6,-4,-6,-4,-6,-4,-6,-4,-7,-4,-7,-4,-7,-4,-7,-4,-7,-3,-8,-3,-8,0,0,0,0,0,0,0,0,0,0,0,0,0,0,38,-19,31,-19,31,-17,19,-8,15,-4,9,-3,9,-1,-2,-4,0,-4,-10,-1,-11,-7,-12,-1,-20,-7,-22,-3,-22,-2,-22,-1,-24,-2,-25,4,-31,-1,-32,0,-37,0,-36,-1,-36,-3,-37,-1,-36,-7,-44,-4,-39,0,-42,1,-44,-2,-41,-1,-49,1,-48,5,-43,0,-43,-2,-45,2,-43,0,-46,-3,-38,0,-38,-2,-39,1,-42,2,-44,1,-38,3,-31,2,-35,3,-32,-1,-29,7,-35,2,-31,3,-35,1,-33,3,-39,3,-38,2,-31,7,-36,3,-38,1,-34,2,0,0,0,0,0,0,0,0,0,0,0,0,0,0,0,0,0,0,0,0,0,0,-22,-20,-14,-29,-13,-29,-5,-35,-5,-37,3,-34,6,-34,12,-34,15,-39,24,-38,24,-42,33,-35,37,-36,44,-30,41,-25,49,-19,50,-22,55,-14,57,-15,63,-8,62,-6,62,-3,68,0,69,4,72,4,67,5,68,13,71,15,72,18,71,22,72,22,72,24,68,31,67,30,75,33,68,31,70,34,70,36,68,29,65,36,70,36,68,40,62,38,64,35,58,40,65,41,66,45,59,39,60,40,59,40,55,41,58,43,49,42,50,45,46,48,40,44,34,50,0,0]"
CSI_DATA,21,1a:00:00:00:00:00,-51,11,1,0,1,1,1,0,0,0,1,-96,0,11,2,522239,0,44,0,384,0,"[0,0,0,0,0,0,0,0,0,0,0,0,-1,2,-1,1,-1,1,-1,0,0,-1,0,-1,1,-2,1,-3,1,-3,2,-3,2,-4,2,-4,2,-4,2,-5,3,-5,3,-5,3,-5,3,-6,3,-6,3,-6,3,-6,3,-7,3,-7,3,-7,3,-7,3,-7,0,0,4,-7,4,-7,4,-7,4,-7,4,-7,4,-7,3,-7,4,-7,3,-7,3,-7,3,-6,3,-6,3,-6,2,-6,2,-6,2,-6,2,-6,2,-6,2,-6,2,-6,2,-7,2,-7,2,-7,3,-7,3,-6,4,-6,0,0,0,0,0,0,0,0,0,0,0,0,0,0,37,22,31,22,23,13,18,14,14,8,5,6,7,0,-3,1,2,-2,-6,-5,-5,-9,-6,-11,-8,-16,-9,-19,-12,-20,-13,-24,-13,-24,-17,-27,-12,-22,-17,-28,-17,-26,-18,-34,-22,-27,-16,-31,-18,-30,-22,-31,-20,-37,-23,-35,-20,-38,-24,-36,-23,-38,-23,-41,-23,-35,-20,-36,-19,-39,-23,-39,-17,-35,-19,-35,-22,-38,-19,-33,-19,-37,-16,-33,-16,-32,-20,-29,-20,-31,-18,-26,-19,-26,-24,-30,-22,-29,-19,-23,-21,-24,-23,-27,-22,-27,-20,-31,-19,-27,-18,-32,-16,-34,0,0,0,0,0,0,0,0,0,0,0,0,0,0,0,0,0,0,0,0,0,0,2,-28,10,-30,14,-24,20,-26,23,-22,28,-20,34,-14,34,-15,39,-10,39,-6,46,0,48,3,47,10,46,17,45,19,44,25,45,32,42,36,39,39,40,46,43,45,40,51,36,49,39,58,39,58,29,58,27,64,31,71,30,71,25,68,25,73,19,76,23,79,16,78,16,79,12,75,11,74,10,74,8,78,9,76,5,77,11,77,5,81,-2,74,10,72,7,71,5,73,0,77,4,77,-2,69,-5,73,-8,72,-12,73,-16,64,-16,60,-16,63,-11,63,0,0]"
CSI_DATA,22,1a:00:00:00:00:00,-51,11,1,0,1,1,1,0,0,0,1,-96,0,11,2,532158,0,44,0,384,0,"[0,0,0,0,0,0,0,0,0,0,0,0,0,-4,0,-3,0,-2,-1,-1,-1,0,-1,1,-2,1,-2,2,-2,2,-3,3,-3,3,-3,4,-3,4,-3,4,-3,5,-3,5,-4,5,-4,6,-4,6,-4,6,-4,6,-4,6,-4,6,-4,7,-4,7,-4,8,0,0,-5,8,-5,7,-5,7,-5,7,-5,7,-5,7,-5,7,-5,7,-4,7,-4,6,-4,6,-4,6,-3,6,-3,6,-3,6,-3,6,-3,6,-3,6,-3,6,-3,6,-3,6,-3,6,-3,6,-4,7,-4,6,-5,6,0,0,0,0,0,0,0,0,0,0,0,0,0,0,-37,-18,-28,-14,-27,-8,-14,-10,-13,-9,-8,-9,-5,-1,-2,1,-2,8,4,5,5,13,2,12,11,17,13,20,13,16,16,19,15,25,21,23,20,23,19,25,25,28,29,28,23,31,24,27,20,28,24,32,26,27,27,35,24,34,25,33,26,36,32,40,24,36,27,32,25,36,25,35,25,28,24,38,19,35,22,38,19,28,24,27,21,25,21,26,17,25,22,28,18,29,26,20,21,24,22,20,26,23,22,26,26,26,24,29,26,25,25,33,22,31,0,0,0,0,0,0,0,0,0,0,0,0,0,0,0,0,0,0,0,0,0,0,0,27,-4,30,-13,30,-12,27,-23,26,-26,26,-30,17,-37,16,-36,14,-43,8,-43,7,-49,1,-52,1,-50,-11,-57,-13,-56,-16,-55,-30,-50,-32,-54,-33,-53,-40,-49,-44,-47,-52,-48,-49,-49,-53,-44,-60,-44,-56,-41,-63,-41,-67,-37,-67,-37,-73,-37,-69,-36,-73,-27,-72,-25,-79,-28,-74,-26,-79,-21,-76,-27,-77,-23,-78,-21,-78,-18,-83,-20,-76,-14,-82,-18,-75,-12,-75,-16,-83,-12,-79,-10,-76,-13,-81,-9,-81,-2,-72,-5,-75,-5,-74,1,-68,2,-71,5,-67,13,-60,0,0]"
CSI_DATA,23,1a:00:00:00:00:00,-51,11,1,0,1,1,1,0,0,0,1,-96,0,11,2,552171,0,44,0,384,0,"[0,0,0,0,0,0,0,0,0,0,0,0,-4,0,-3,0,-2,0,-1,0,0,0,1,0,2,0,2,0,3,0,3,0,4,0,4,0,5,0,5,0,5,0,6,0,6,0,6,0,6,-1,7,-1,7,0,7,-1,8,0,8,-1,8,-1,8,0,0,0,8,0,8,-1,8,0,8,0,8,0,8,0,8,0,7,0,7,0,7,0,7,0,7,-1,7,-1,6,-1,6,-1,6,-1,6,-2,6,-2,6,-2,6,-2,7,-2,7,-2,7,-1,7,-1,7,-1,7,0,0,0,0,0,0,0,0,0,0,0,0,0,0,0,2,43,-3,39,-2,27,0,24,-3,14,-1,4,-2,4,2,-3,4,-3,2,-9,11,-8,6,-16,6,-15,8,-17,11,-20,14,-21,11,-27,13,-30,12,-29,14,-30,18,-31,18,-31,10,-34,18,-34,17,-35,18,-37,15,-39,20,-41,11,-36,19,-46,20,-39,20,-39,21,-43,19,-42,18,-33,15,-38,22,-38,20,-38,18,-35,20,-32,20,-29,14,-32,17,-29,14,-31,16,-33,13,-29,11,-32,10,-34,10,-33,5,-32,15,-32,14,-36,14,-29,13,-33,13,-34,19,-34,17,-30,0,0,0,0,0,0,0,0,0,0,0,0,0,0,0,0,0,0,0,0,0,0,24,-14,27,-5,28,-8,29,2,33,8,36,14,29,18,29,21,31,30,26,34,22,38,20,41,16,46,10,56,7,51,-1,49,0,59,-4,57,-9,63,-14,58,-19,57,-20,66,-22,61,-30,63,-35,60,-39,63,-42,60,-43,62,-47,60,-49,64,-51,59,-54,55,-57,56,-55,52,-61,56,-58,52,-58,51,-57,50,-61,53,-64,48,-65,51,-63,47,-64,47,-60,43,-64,43,-48,48,-59,46,-64,41,-64,43,-61,37,-58,38,-68,36,-61,35,-60,22,-63,28,-62,22,-57,21,0,0]"
CSI_DATA,24,1a:00:00:00:00:00,-51,11,1,0,1,1,1,0,0,0,1,-96,0,11,2,562990,0,44,0,384,0,"[0,0,0,0,0,0,0,0,0,0,0,0,2,-2,2,-2,1,-1,0,-1,-1,-1,-2,-1,-2,0,-3,0,-4,0,-4,0,-5,0,-5,0,-5,0,-6,0,-6,0,-7,0,-6,0,-7,1,-7,1,-7,1,-8,1,-8,1,-8,1,-8,1,-9,1,-9,1,0,0,-9,1,-9,1,-9,0,-9,0,-8,0,-9,0,-8,0,-8,0,-8,0,-8,0,-8,0,-7,1,-7,1,-7,1,-7,1,-7,1,-7,1,-7,1,-7,1,-7,1,-7,1,-7,1,-8,1,-8,1,-8,0,-8,0,0,0,0,0,0,0,0,0,0,0,0,0,0,0,-9,-37,-8,-33,-8,-25,-3,-23,-3,-17,3,-14,1,-8,-3,0,2,4,-6,4,-7,11,-7,14,-9,16,-11,17,-8,24,-9,25,-9,23,-6,25,-12,26,-15,31,-12,32,-12,30,-11,33,-12,36,-15,31,-13,42,-15,43,-13,44,-21,40,-12,41,-15,40,-13,39,-21,43,-18,43,-15,39,-20,40,-19,32,-15,39,-17,39,-18,40,-15,37,-17,37,-16,30,-14,34,-12,30,-15,34,-14,31,-8,32,-13,28,-12,33,-11,32,-12,33,-10,36,-13,34,-14,34,-16,32,-15,35,0,0,0,0,0,0,0,0,0,0,0,0,0,0,0,0,0,0,0,0,0,0,-23,18,-24,13,-29,9,-30,2,-34,1,-34,-4,-33,-8,-32,-14,-37,-20,-33,-28,-37,-26,-31,-36,-30,-44,-22,-49,-22,-47,-17,-53,-12,-57,-10,-60,-10,-62,-5,-59,1,-62,9,-68,9,-67,14,-69,18,-66,18,-66,23,-75,27,-69,29,-72,32,-70,33,-69,38,-72,43,-72,43,-77,43,-66,41,-68,47,-70,45,-68,47,-62,46,-65,49,-60,51,-63,50,-59,51,-59,51,-52,44,-57,42,-54,54,-56,53,-54,52,-50,54,-57,56,-45,55,-43,56,-39,57,-40,52,-33,55,-31,0,0]"
CSI_DATA,25,1a:00:00:00:00:00,-51,11,1,0,1,1,1,0,0,0,1,-96,0,11,2,582633,0,44,0,384,0,"[0,0,0,0,0,0,0,0,0,0,0,0,3,-1,2,-1,1,-1,0,-1,-1,-1,-2,-1,-2,-1,-3,-1,-4,-2,-4,-1,-4,-2,-5,-2,-5,-2,-6,-2,-6,-2,-6,-2,-7,-2,-7,-2,-7,-2,-7,-2,-8,-2,-8,-2,-8,-2,-8,-2,-9,-2,-9,-2,0,0,-9,-3,-9,-3,-9,-3,-9,-3,-8,-3,-8,-3,-8,-3,-8,-2,-8,-3,-8,-2,-8,-2,-7,-2,-7,-2,-7,-2,-7,-2,-7,-1,-7,-1,-7,-1,-7,-1,-7,-1,-7,-1,-7,-1,-8,-1,-8,-2,-8,-2,-7,-3,0,0,0,0,0,0,0,0,0,0,0,0,0,0,8,-44,6,-34,2,-23,6,-23,3,-16,-1,-12,-1,-9,1,-4,1,5,-10,2,-15,6,-13,13,-9,18,-17,15,-15,15,-17,18,-19,23,-18,16,-22,24,-21,24,-25,24,-29,26,-24,26,-25,22,-25,26,-27,33,-26,26,-32,33,-27,34,-31,34,-24,31,-32,31,-29,31,-32,36,-30,34,-27,29,-21,25,-26,31,-27,29,-29,29,-25,28,-22,24,-24,26,-24,25,-24,21,-20,26,-21,27,-20,27,-19,26,-16,27,-19,28,-17,28,-23,27,-19,28,-20,26,-25,26,-29,23,0,0,0,0,0,0,0,0,0,0,0,0,0,0,0,0,0,0,0,0,0,0,-25,5,-30,-3,-28,-8,-33,-8,-28,-17,-27,-21,-27,-24,-24,-33,-24,-37,-21,-35,-16,-49,-11,-48,-7,-46,1,-54,0,-55,12,-55,13,-53,18,-61,22,-60,27,-58,27,-56,33,-56,35,-57,39,-58,46,-53,49,-56,48,-51,53,-54,58,-53,59,-43,61,-47,60,-50,67,-47,67,-44,67,-41,62,-44,67,-39,67,-38,65,-36,70,-37,66,-35,68,-37,71,-34,68,-33,69,-32,71,-27,70,-31,64,-24,69,-21,69,-21,63,-24,71,-21,66,-13,67,-13,65,-16,68,-12,57,-4,0,0]"
CSI_DATA,26,1a:00:00:00:00:00,-51,11,1,0,1,1,1,0,0,0,1,-96,0,11,2,592145,0,44,0,384,0,"[0,0,0,0,0,0,0,0,0,0,0,0,-3,-2,-3,-1,-2,-1,-1,-1,0,0,0,1,1,1,1,2,1,2,2,2,2,3,2,3,3,3,3,3,3,4,4,4,4,4,4,4,4,4,4,5,4,5,5,5,5,5,5,5,5,6,5,6,0,0,5,6,5,6,5,6,5,6,5,6,5,6,4,6,4,6,4,6,4,6,4,5,4,5,4,5,4,4,4,4,4,4,5,4,5,4,5,4,4,4,5,4,5,4,5,5,5,5,4,5,4,6,0,0,0,0,0,0,0,0,0,0,0,0,0,0,-29,30,-21,22,-21,27,-15,20,-13,14,-11,11,-3,8,-2,1,4,-1,12,1,10,-9,20,-4,16,-6,18,-6,23,-6,26,-6,25,-10,28,-5,28,-10,30,-10,37,-12,34,-14,32,-10,34,-10,40,-12,41,-14,41,-15,38,-15,38,-11,44,-17,40,-9,44,-15,45,-10,40,-8,48,-11,44,-9,44,-11,40,-9,35,-11,42,-11,34,-11,35,-7,35,-6,32,-7,33,-11,32,-13,34,-11,33,-12,31,-16,32,-12,34,-12,35,-11,34,-14,32,-14,35,-11,33,-7,36,-7,0,0,0,0,0,0,0,0,0,0,0,0,0,0,0,0,0,0,0,0,0,0,30,6,28,14,27,17,25,20,20,22,19,32,13,35,9,41,6,40,1,44,-8,45,-9,48,-17,43,-19,48,-26,47,-31,46,-42,47,-41,42,-42,41,-52,41,-51,34,-59,37,-57,32,-67,34,-60,29,-68,28,-67,26,-73,20,-72,15,-80,19,-76,17,-78,11,-81,10,-77,1,-88,2,-79,3,-84,5,-83,0,-79,-2,-80,3,-83,-5,-80,-3,-78,-2,-80,-4,-80,-9,-69,-8,-76,-11,-82,-7,-76,-17,-71,-12,-73,-19,-74,-12,-67,-14,-68,-21,-67,-23,-63,-23,-56,-26,0,0]"
CSI_DATA,27,1a:00:00:00:00:00,-51,11,1,0,1,1,1,0,0,0,1,-96,0,11,2,602218,0,44,0,384,0,"[0,0,0,0,0,0,0,0,0,0,0,0,-1,-4,-1,-3,-1,-2,-1,-1,-1,0,-1,1,-1,1,-1,2,-1,2,-1,3,-1,3,-1,4,-1,4,-1,4,-1,5,-1,5,-1,5,-1,6,-1,6,-1,6,-1,6,-1,6,-1,7,-1,7,-1,7,-1,7,0,0,-1,8,-2,7,-2,7,-2,7,-2,7,-2,7,-2,7,-2,7,-2,7,-2,6,-1,6,-1,6,-1,6,-1,6,-1,6,-1,6,-1,6,-1,6,0,6,-1,6,-1,6,-1,6,-1,6,-1,6,-1,6,-2,6,0,0,0,0,0,0,0,0,0,0,0,0,0,0,-43,1,-35,-3,-34,2,-23,-4,-14,-6,-12,0,-10,0,-2,4,2,5,8,0,9,8,11,5,11,9,16,11,18,11,22,12,19,17,19,12,24,18,26,17,29,20,30,18,28,22,32,19,34,13,32,18,35,21,39,17,37,26,40,23,39,23,42,24,39,20,37,22,34,23,38,27,32,24,35,22,28,23,39,21,35,23,33,17,27,17,31,18,26,14,25,17,29,12,30,14,32,15,28,13,35,16,34,16,35,15,34,19,33,15,31,19,28,22,0,0,0,0,0,0,0,0,0,0,0,0,0,0,0,0,0,0,0,0,0,0,7,28,1,31,-1,31,-5,30,-12,28,-15,33,-19,28,-26,31,-30,24,-34,23,-40,25,-46,12,-49,16,-53,11,-59,1,-39,10,-64,-14,-64,-12,-59,-10,-65,-19,-62,-23,-64,-28,-59,-31,-60,-33,-61,-41,-61,-42,-63,-45,-56,-50,-53,-48,-60,-48,-59,-51,-57,-60,-54,-53,-53,-60,-50,-67,-52,-67,-48,-62,-48,-65,-50,-64,-46,-69,-48,-64,-42,-64,-43,-67,-41,-67,-41,-64,-49,-71,-38,-67,-39,-70,-39,-71,-33,-68,-31,-69,-30,-65,-32,-63,-28,-60,-27,-66,-18,-65,-15,-64,0,0]"
CSI_DATA,28,1a:00:00:00:00:00,-51,11,1,0,1,1,1,0,0,0,1,-96,0,11,2,612145,0,44,0,384,0,"[0,0,0,0,0,0,0,0,0,0,0,0,1,3,1,2,1,1,0,0,0,-1,0,-2,0,-3,0,-3,0,-4,0,-4,0,-5,-1,-5,0,-6,-1,-6,-1,-6,-1,-7,-1,-7,-1,-8,-1,-8,-1,-8,-1,-8,-1,-9,-1,-9,-1,-9,-1,-9,-1,-10,0,0,-1,-10,-1,-10,0,-10,-1,-10,0,-9,0,-9,0,-9,0,-9,0,-9,0,-9,0,-9,0,-8,-1,-8,-1,-8,-1,-8,-1,-8,-1,-8,-1,-8,-2,-8,-1,-8,-1,-8,-1,-8,-1,-8,-1,-8,0,-8,0,-8,0,0,0,0,0,0,0,0,0,0,0,0,0,0,35,-15,32,-12,31,-10,21,-8,15,-2,13,0,6,-5,1,-3,-2,-6,-9,-2,-8,-9,-16,-8,-15,-6,-17,-8,-24,-9,-21,-7,-29,-11,-26,-6,-31,-10,-31,-11,-29,-10,-36,-11,-35,-14,-38,-15,-37,-17,-42,-13,-38,-16,-44,-13,-39,-19,-42,-16,-42,-18,-42,-24,-37,-15,-41,-19,-44,-16,-39,-21,-34,-20,-36,-18,-38,-21,-35,-17,-40,-17,-36,-22,-33,-20,-33,-11,-31,-11,-35,-15,-30,-9,-37,-13,-34,-8,-34,-13,-34,-12,-38,-15,-30,-11,-33,-16,-36,-12,-34,-15,-32,-20,0,0,0,0,0,0,0,0,0,0,0,0,0,0,0,0,0,0,0,0,0,0,-24,-18,-18,-18,-19,-26,-11,-29,-13,-33,-7,-38,2,-37,5,-38,15,-45,22,-36,20,-38,30,-37,30,-43,38,-37,37,-34,43,-35,55,-28,55,-25,57,-15,58,-19,58,-13,66,-10,66,-9,69,-1,69,-1,66,3,73,7,73,11,73,17,72,15,72,22,73,22,73,31,70,34,70,31,73,30,74,34,69,33,70,36,72,36,67,41,70,37,68,38,67,42,63,38,57,50,61,47,60,45,60,44,61,49,54,44,57,42,43,53,42,51,46,53,37,47,30,50,0,0]"
CSI_DATA,29,1a:00:00:00:00:00,-51,11,1,0,1,1,1,0,0,0,1,-96,0,11,2,634222,0,44,0,384,0,"[0,0,0,0,0,0,0,0,0,0,0,0,2,2,1,1,1,0,0,0,0,-1,-1,-2,-1,-2,-2,-3,-2,-4,-2,-4,-2,-5,-3,-5,-3,-5,-3,-5,-3,-6,-4,-6,-4,-6,-4,-7,-4,-7,-4,-7,-4,-7,-5,-7,-5,-8,-5,-8,-5,-8,-5,-8,0,0,-5,-8,-5,-8,-5,-8,-5,-9,-4,-8,-4,-8,-4,-8,-4,-8,-4,-8,-4,-8,-4,-7,-4,-7,-4,-6,-4,-6,-5,-6,-5,-6,-5,-6,-5,-6,-5,-6,-5,-6,-5,-6,-5,-6,-5,-7,-5,-7,-4,-7,-4,-7,0,0,0,0,0,0,0,0,0,0,0,0,0,0,28,-29,27,-24,28,-20,17,-11,14,-10,5,-8,3,-7,3,-3,-2,0,-11,-1,-18,-2,-13,-2,-15,0,-22,-6,-25,2,-24,3,-23,4,-26,1,-27,2,-36,2,-36,3,-37,3,-35,8,-38,1,-42,0,-43,10,-40,7,-42,4,-42,1,-47,5,-46,-2,-46,1,-51,4,-43,1,-45,2,-44,1,-42,0,-41,5,-36,1,-40,4,-45,0,-40,-1,-33,-3,-35,4,-35,4,-32,5,-37,4,-32,7,-31,8,-34,10,-37,8,-31,5,-32,10,-36,7,-36,2,-36,2,-34,-2,0,0,0,0,0,0,0,0,0,0,0,0,0,0,0,0,0,0,0,0,0,0,-26,-14,-23,-15,-23,-23,-19,-28,-15,-28,-10,-32,-4,-35,-4,-40,4,-39,11,-44,14,-43,21,-41,27,-40,33,-47,37,-37,39,-37,45,-38,50,-29,53,-30,56,-25,54,-21,60,-24,69,-18,64,-16,69,-12,79,-18,81,-12,67,-5,73,-7,76,1,76,2,76,2,73,9,79,5,77,12,81,10,80,9,75,17,81,18,79,19,76,18,75,17,73,20,78,20,69,23,74,20,77,19,67,24,75,24,70,23,68,29,66,31,60,34,57,34,61,38,51,30,49,39,0,0]"
CSI_DATA,30,1a:00:00:00:00:00,-51,11,1,0,1,1,1,0,0,0,1,-96,0,11,2,643200,0,44,0,384,0,"[0,0,0,0,0,0,0,0,0,0,0,0,-2,2,-2,2,-1,1,0,0,0,-1,1,-1,1,-1,2,-2,2,-2,3,-2,3,-3,3,-3,4,-3,4,-3,4,-4,5,-4,5,-4,5,-4,5,-5,5,-5,6,-5,6,-5,6,-5,6,-6,6,-5,6,-5,0,0,6,-6,7,-5,7,-5,7,-5,7,-5,7,-5,6,-5,6,-5,6,-5,6,-5,6,-5,5,-5,5,-5,5,-5,5,-5,5,-5,5,-5,5,-5,5,-5,5,-5,5,-5,5,-5,5,-5,5,-5,6,-5,6,-4,0,0,0,0,0,0,0,0,0,0,0,0,0,0,23,33,23,22,21,19,13,16,10,14,9,10,2,5,1,-6,6,-6,-1,-8,1,-11,-1,-13,1,-23,1,-18,-5,-25,1,-25,-5,-29,-3,-31,-1,-36,-3,-30,0,-32,-3,-40,-8,-32,-10,-38,-7,-42,-3,-43,-6,-41,-7,-46,-6,-43,-9,-43,-9,-45,-10,-47,-4,-43,0,-46,-2,-46,-3,-43,-2,-43,-4,-40,-3,-43,-3,-40,-2,-38,-2,-36,3,-38,-6,-37,-3,-37,-2,-32,-7,-34,-6,-34,-7,-32,-13,-33,-11,-35,-7,-32,-7,-30,-4,-34,-6,-41,-4,-35,-5,-35,0,0,0,0,0,0,0,0,0,0,0,0,0,0,0,0,0,0,0,0,0,0,12,-25,17,-24,21,-19,29,-20,29,-14,32,-8,32,-6,38,-3,40,3,40,9,43,14,45,18,43,25,43,27,39,38,31,47,41,44,35,49,29,50,28,55,21,60,23,64,22,64,19,67,11,69,11,67,5,74,7,77,3,78,2,76,-2,79,-6,81,-9,73,-6,78,-10,79,-12,80,-13,75,-17,76,-16,75,-16,80,-18,76,-22,74,-17,81,-17,71,-16,76,-19,74,-23,72,-21,71,-22,69,-25,66,-22,70,-25,68,-31,66,-30,55,-33,57,-38,59,-36,50,0,0]"
CSI_DATA,31,1a:00:00:00:00:00,-51,11,1,0,1,1,1,0,0,0,1,-96,0,11,2,662325,0,44,0,384,0,"[0,0,0,0,0,0,0,0,0,0,0,0,3,0,2,0,1,0,0,-1,-1,-1,-2,-2,-2,-2,-3,-2,-3,-3,-4,-3,-4,-3,-5,-3,-5,-3,-5,-4,-6,-4,-6,-4,-7,-4,-7,-4,-7,-4,-7,-4,-7,-4,-8,-4,-8,-4,-8,-4,-8,-5,-8,-5,0,0,-9,-5,-9,-5,-8,-5,-9,-5,-8,-5,-8,-5,-8,-5,-8,-5,-8,-5,-8,-4,-7,-4,-7,-4,-7,-4,-7,-4,-7,-3,-7,-3,-7,-3,-7,-3,-7,-3,-7,-3,-8,-3,-8,-3,-8,-3,-8,-4,-8,-4,-7,-5,0,0,0,0,0,0,0,0,0,0,0,0,0,0,12,-38,10,-38,10,-22,9,-19,2,-17,7,-11,1,-6,2,-1,-5,-5,-7,4,-11,3,-12,10,-15,6,-19,14,-22,11,-19,11,-25,17,-22,16,-30,11,-28,16,-33,23,-30,18,-26,25,-26,26,-31,21,-33,29,-36,28,-34,25,-29,24,-38,26,-37,26,-36,25,-32,29,-35,25,-38,25,-39,22,-36,21,-34,22,-39,24,-32,23,-32,21,-34,24,-28,17,-30,21,-27,25,-30,19,-28,25,-27,22,-21,20,-21,23,-25,25,-23,26,-23,29,-27,25,-27,22,-30,19,-30,20,0,0,0,0,0,0,0,0,0,0,0,0,0,0,0,0,0,0,0,0,0,0,-28,0,-27,-9,-29,-13,-26,-21,-27,-22,-19,-34,-18,-29,-13,-34,-12,-38,-7,-40,-3,-41,5,-45,4,-46,14,-55,19,-50,22,-51,26,-50,35,-48,33,-52,37,-50,45,-47,47,-49,53,-44,57,-44,59,-37,61,-42,62,-31,69,-36,71,-32,71,-31,70,-34,73,-26,80,-28,70,-25,78,-24,73,-21,75,-21,75,-22,68,-16,77,-21,75,-16,74,-16,75,-15,74,-15,73,-12,78,-23,76,-13,77,-14,72,-13,72,-7,69,-4,70,-4,65,-4,70,-5,68,0,64,5,56,5,0,0]"
CSI_DATA,32,1a:00:00:00:00:00,-51,11,1,0,1,1,1,0,0,0,1,-96,0,11,2,672149,0,44,0,384,0,"[0,0,0,0,0,0,0,0,0,0,0,0,3,0,2,0,1,-1,0,-1,-1,-1,-1,-2,-2,-2,-3,-2,-3,-3,-3,-3,-4,-3,-4,-3,-4,-4,-5,-4,-5,-4,-6,-4,-6,-4,-6,-4,-6,-4,-7,-4,-7,-5,-7,-4,-7,-5,-8,-5,-8,-5,-8,-5,0,0,-8,-5,-8,-5,-8,-5,-8,-6,-7,-5,-7,-5,-7,-5,-7,-5,-7,-5,-7,-5,-7,-5,-6,-5,-7,-4,-6,-4,-7,-4,-7,-4,-7,-4,-7,-4,-7,-3,-7,-4,-7,-4,-7,-4,-7,-4,-7,-4,-7,-5,-6,-5,0,0,0,0,0,0,0,0,0,0,0,0,0,0,13,-42,16,-30,7,-25,8,-28,6,-17,6,-15,1,-9,-1,-6,-5,-1,-6,2,-13,3,-15,7,-15,7,-20,13,-23,8,-24,14,-21,14,-21,16,-25,20,-33,21,-35,21,-31,22,-31,20,-31,20,-29,24,-31,27,-38,25,-33,23,-38,30,-40,28,-40,29,-36,25,-36,28,-34,23,-39,27,-32,23,-36,22,-35,25,-37,24,-33,22,-38,24,-35,18,-29,20,-34,19,-26,18,-26,27,-24,22,-26,23,-25,19,-20,22,-24,21,-28,23,-29,22,-30,25,-28,20,-31,19,-29,18,0,0,0,0,0,0,0,0,0,0,0,0,0,0,0,0,0,0,0,0,0,0,-27,2,-30,-7,-26,-13,-28,-14,-25,-21,-25,-20,-20,-30,-15,-33,-20,-38,-12,-40,-12,-44,0,-51,5,-50,1,-54,10,-49,21,-59,25,-50,29,-49,31,-48,34,-54,39,-51,41,-49,50,-47,52,-45,48,-43,54,-46,58,-42,60,-43,68,-38,62,-34,72,-37,68,-28,70,-32,75,-30,74,-27,77,-31,75,-25,70,-24,74,-22,79,-24,77,-19,74,-19,75,-18,80,-20,70,-14,67,-22,69,-13,78,-16,75,-18,76,-9,75,-10,78,-13,70,-2,68,-3,62,-2,64,3,63,5,0,0]"
CSI_DATA,33,1a:00:00:00:00:00,-51,11,1,0,1,1,1,0,0,0,1,-96,0,11,2,682163,0,44,0,384,0,"[0,0,0,0,0,0,0,0,0,0,0,0,3,-2,2,-1,1,-1,0,-1,-1,-1,-2,-1,-3,-1,-3,-1,-4,-1,-4,-1,-5,-1,-5,-1,-6,-1,-6,-1,-6,-1,-7,-1,-7,-1,-7,-1,-8,-1,-8,0,-8,-1,-8,0,-8,-1,-9,-1,-9,-1,-9,-1,0,0,-9,-1,-9,-1,-9,-1,-9,-1,-9,-1,-9,-1,-9,-1,-9,-1,-8,-1,-8,-1,-8,-1,-8,-1,-8,-1,-7,0,-7,0,-7,0,-7,0,-7,0,-7,0,-8,0,-8,0,-8,0,-8,0,-8,0,-8,-1,-8,-1,0,0,0,0,0,0,0,0,0,0,0,0,0,0,-2,-43,-1,-36,0,-29,5,-20,-1,-17,0,-17,-1,-6,-3,2,-3,1,-11,1,-9,11,-10,7,-11,8,-17,13,-10,17,-15,23,-17,22,-19,24,-15,27,-16,22,-19,31,-20,31,-23,27,-24,30,-23,30,-18,31,-23,34,-25,36,-21,38,-24,37,-22,39,-27,38,-29,39,-31,39,-28,38,-30,35,-28,37,-24,33,-25,33,-24,32,-25,31,-22,32,-27,27,-23,30,-21,26,-20,30,-14,31,-15,31,-18,32,-13,30,-17,36,-21,29,-18,31,-16,30,-19,28,-20,26,-23,30,0,0,0,0,0,0,0,0,0,0,0,0,0,0,0,0,0,0,0,0,0,0,-23,12,-29,5,-28,-3,-36,-3,-35,-9,-34,-12,-30,-19,-35,-24,-25,-27,-25,-32,-28,-41,-21,-43,-17,-44,-15,-51,-7,-57,-1,-54,0,-57,8,-57,9,-60,17,-63,17,-62,20,-56,28,-59,27,-65,33,-58,35,-65,33,-59,40,-66,43,-59,51,-61,48,-56,51,-57,58,-59,54,-56,58,-54,55,-51,53,-48,57,-51,62,-51,60,-49,60,-46,60,-42,60,-45,60,-48,58,-43,60,-39,61,-38,63,-42,60,-37,61,-39,62,-35,64,-34,68,-33,61,-26,63,-28,63,-18,58,-20,0,0]"
CSI_DATA,34,1a:00:00:00:00:00,-51,11,1,0,1,1,1,0,0,0,1,-96,0,11,2,692735,0,44,0,384,0,"[0,0,0,0,0,0,0,0,0,0,0,0,-1,3,-1,2,0,1,0,0,0,-1,0,-1,1,-2,1,-2,2,-3,2,-3,2,-4,2,-4,2,-4,3,-5,3,-5,3,-5,3,-6,3,-6,3,-6,3,-6,3,-6,3,-7,4,-7,4,-7,4,-7,4,-7,0,0,4,-7,4,-7,4,-7,4,-7,4,-7,4,-7,4,-7,4,-7,4,-7,4,-7,4,-6,4,-6,3,-6,3,-6,3,-6,3,-6,3,-6,3,-6,2,-6,2,-6,3,-7,3,-6,3,-6,3,-6,4,-6,4,-6,0,0,0,0,0,0,0,0,0,0,0,0,0,0,31,12,30,11,26,8,19,9,12,4,15,5,8,1,0,-2,1,-3,0,-9,-4,-12,-9,-15,-11,-16,-10,-20,-7,-22,-16,-23,-11,-24,-15,-28,-17,-24,-21,-27,-21,-29,-20,-28,-22,-28,-19,-30,-19,-35,-28,-33,-24,-40,-24,-41,-27,-36,-27,-40,-21,-41,-24,-38,-24,-38,-17,-43,-27,-43,-23,-39,-22,-37,-18,-37,-18,-37,-20,-32,-17,-36,-19,-30,-18,-34,-20,-31,-20,-33,-21,-29,-17,-27,-23,-30,-18,-31,-22,-31,-19,-34,-20,-29,-21,-30,-18,-32,-19,-30,-18,-33,-14,-32,0,0,0,0,0,0,0,0,0,0,0,0,0,0,0,0,0,0,0,0,0,0,0,-25,-1,-26,7,-28,9,-27,19,-27,22,-24,24,-19,32,-20,35,-14,42,-13,43,-8,51,-4,44,-2,52,5,50,11,49,15,53,20,57,28,46,26,48,36,48,35,45,43,44,45,48,46,42,50,45,52,47,58,39,62,40,67,38,65,35,65,33,72,31,72,28,69,29,75,26,76,17,75,23,69,24,72,19,72,19,76,20,72,16,70,13,74,15,74,20,68,13,73,15,73,9,77,8,75,12,71,3,72,2,69,0,66,-1,63,-2,61,-9,62,0,0]"
CSI_DATA,35,1a:00:00:00:00:00,-51,11,1,0,1,1,1,0,0,0,1,-96,0,11,2,702160,0,44,0,384,0,"[0,0,0,0,0,0,0,0,0,0,0,0,-4,0,-3,0,-2,0,-1,0,0,0,1,0,1,1,2,1,2,1,3,2,3,2,4,2,4,2,4,2,5,2,5,2,6,2,6,3,6,3,6,3,6,3,7,3,7,3,7,3,7,3,7,3,0,0,8,4,8,3,8,3,7,4,7,4,7,4,7,4,7,4,7,3,7,3,6,3,6,3,6,3,6,2,6,2,6,2,6,2,6,2,6,2,6,2,6,2,6,2,6,2,6,3,6,3,6,4,0,0,0,0,0,0,0,0,0,0,0,0,0,0,-10,39,-11,31,-12,27,-4,17,0,16,-7,11,-5,7,-6,-2,3,-4,7,-2,13,-5,15,-5,14,-13,15,-10,18,-10,24,-15,24,-17,28,-21,28,-24,20,-18,27,-28,27,-24,29,-22,25,-29,28,-26,31,-31,27,-26,32,-34,32,-32,36,-31,33,-26,36,-30,32,-32,36,-29,32,-28,37,-27,34,-29,29,-29,32,-29,31,-27,31,-21,27,-21,24,-24,28,-23,27,-23,26,-26,27,-28,26,-24,21,-24,25,-23,25,-27,22,-30,26,-28,27,-26,28,-26,25,-22,30,-23,0,0,0,0,0,0,0,0,0,0,0,0,0,0,0,0,0,0,0,0,0,0,27,4,29,10,26,12,24,19,28,18,24,25,15,28,17,38,13,36,0,42,5,42,-8,49,-3,46,-10,52,-15,53,-22,48,-25,52,-34,50,-38,54,-37,46,-42,50,-48,45,-48,44,-54,41,-56,39,-59,37,-61,36,-64,38,-61,38,-68,33,-64,32,-72,29,-69,28,-72,29,-72,24,-76,22,-71,29,-75,24,-77,21,-77,19,-75,21,-73,20,-75,19,-75,16,-75,20,-71,12,-75,15,-74,17,-72,14,-70,13,-71,9,-72,6,-71,6,-62,2,-62,-4,-62,-3,-62,-5,0,0]"
CSI_DATA,36,1a:00:00:00:00:00,-51,11,1,0,1,1,1,0,0,0,1,-96,0,11,2,712158,0,44,0,384,0,"[0,0,0,0,0,0,0,0,0,0,0,0,-1,3,-1,2,0,1,0,0,0,-1,1,-1,1,-2,2,-2,2,-3,3,-3,3,-4,3,-4,3,-4,3,-5,4,-5,4,-5,4,-6,4,-6,4,-6,4,-6,5,-6,5,-6,5,-7,5,-7,5,-7,5,-7,0,0,5,-7,5,-7,6,-7,5,-7,5,-7,6,-7,5,-7,5,-6,5,-6,5,-6,5,-7,4,-6,4,-6,4,-6,4,-6,4,-7,3,-6,4,-6,4,-7,4,-6,4,-7,4,-6,4,-6,4,-7,5,-6,5,-6,0,0,0,0,0,0,0,0,0,0,0,0,0,0,30,27,27,26,22,18,15,16,6,17,6,7,5,1,5,1,-4,-6,2,-12,-1,-11,4,-17,0,-21,-4,-25,-3,-25,-1,-24,-2,-28,-6,-35,-8,-33,-7,-36,-10,-35,-6,-39,-5,-34,-10,-38,-11,-35,-11,-38,-9,-45,-4,-47,-6,-45,-11,-44,-7,-46,-8,-48,-4,-44,-7,-48,-8,-44,-6,-44,-3,-41,-6,-41,-4,-43,-2,-46,-7,-37,-10,-33,-9,-38,-9,-36,-6,-34,-8,-38,-8,-37,-7,-33,-11,-35,-9,-30,-8,-37,-5,-33,-3,-38,-3,-32,-2,-31,-5,-39,-1,-35,0,0,0,0,0,0,0,0,0,0,0,0,0,0,0,0,0,0,0,0,0,0,9,-26,9,-23,20,-25,25,-22,29,-21,30,-18,33,-13,38,-8,44,-2,42,0,47,1,47,14,45,15,46,24,45,27,44,32,44,35,39,44,37,40,32,52,35,53,26,55,30,62,27,65,18,64,25,65,22,69,16,68,9,69,13,68,6,72,6,77,2,80,1,75,-4,75,-4,79,1,76,-4,79,-4,74,-10,78,-7,77,-5,72,-6,71,-8,79,-14,76,-16,66,-21,69,-18,71,-11,75,-12,74,-18,71,-15,68,-18,64,-23,68,-28,61,-27,62,-27,54,0,0]"
CSI_DATA,37,1a:00:00:00:00:00,-51,11,1,0,1,1,1,0,0,0,1,-96,0,11,2,722551,0,44,0,384,0,"[0,0,0,0,0,0,0,0,0,0,0,0,1,-3,1,-2,0,-2,-1,-1,-1,-1,-2,0,-3,0,-3,0,-4,0,-4,1,-4,1,-5,1,-5,1,-6,2,-6,2,-6,2,-6,2,-7,2,-7,3,-7,3,-7,3,-7,3,-8,3,-8,3,-8,3,-8,3,0,0,-8,3,-9,3,-8,3,-8,3,-8,3,-8,3,-8,3,-8,3,-8,3,-8,3,-7,3,-7,3,-7,3,-7,3,-7,3,-6,3,-6,3,-6,3,-6,3,-6,3,-7,3,-7,3,-7,3,-7,3,-7,3,-8,2,0,0,0,0,0,0,0,0,0,0,0,0,0,0,-28,-38,-18,-27,-15,-29,-12,-19,-8,-14,-12,-9,-5,-9,-4,-1,-5,4,0,5,-2,16,-3,14,-1,13,0,24,-3,25,0,26,-8,29,-3,28,-2,34,3,39,5,35,0,39,2,34,4,37,3,36,6,42,3,38,4,44,2,38,4,43,3,46,4,50,0,49,4,45,1,44,5,40,3,43,1,47,-4,42,-1,37,5,43,4,37,-4,40,3,37,4,35,3,39,6,36,4,34,4,34,8,34,4,37,9,32,5,37,6,40,2,39,-1,42,-5,38,0,0,0,0,0,0,0,0,0,0,0,0,0,0,0,0,0,0,0,0,0,0,-20,17,-24,16,-27,12,-28,10,-35,6,-34,-4,-33,-2,-40,-10,-41,-14,-33,-24,-36,-27,-31,-32,-33,-37,-30,-43,-33,-43,-24,-53,-24,-49,-22,-61,-18,-68,-12,-63,-6,-63,-12,-65,1,-69,-1,-68,4,-71,2,-70,6,-77,5,-75,11,-73,16,-75,16,-76,17,-76,20,-76,22,-77,25,-78,22,-82,27,-75,26,-74,30,-69,31,-71,35,-73,30,-72,33,-74,33,-75,24,-71,33,-64,32,-66,30,-71,36,-68,33,-64,31,-61,38,-63,37,-62,36,-59,43,-55,38,-51,35,-47,0,0]"
CSI_DATA,38,1a:00:00:00:00:00,-51,11,1,0,1,1,1,0,0,0,1,-96,0,11,2,752238,0,44,0,384,0,"[0,0,0,0,0,0,0,0,0,0,0,0,1,-4,1,-3,0,-2,-1,-1,-1,-1,-2,0,-3,0,-3,0,-4,0,-4,1,-5,1,-5,1,-5,2,-6,2,-6,2,-6,2,-6,2,-7,2,-7,3,-7,3,-8,3,-8,3,-8,3,-8,4,-8,3,-8,3,0,0,-9,3,-9,3,-9,3,-9,3,-9,3,-9,3,-9,3,-8,3,-8,2,-8,3,-8,3,-8,3,-7,3,-7,3,-7,3,-7,3,-7,3,-7,3,-7,3,-7,3,-7,3,-8,3,-8,3,-8,3,-8,2,-8,2,0,0,0,0,0,0,0,0,0,0,0,0,0,0,-24,-39,-25,-26,-22,-26,-16,-17,-10,-12,-9,-12,-9,-7,-6,3,-4,9,-2,8,-2,12,-1,23,-4,18,-6,26,1,24,0,24,0,30,-1,32,1,29,5,34,3,38,-2,37,-3,33,1,36,0,38,2,40,2,42,1,42,-2,47,0,40,4,45,2,50,1,50,-2,48,2,44,-4,48,6,40,1,42,0,41,5,41,0,39,3,41,3,37,-2,37,3,39,1,37,4,37,9,35,3,35,5,35,2,36,7,33,5,41,4,33,1,38,0,38,-6,36,0,0,0,0,0,0,0,0,0,0,0,0,0,0,0,0,0,0,0,0,0,0,-14,22,-23,18,-30,13,-32,7,-31,9,-37,1,-38,-2,-42,-10,-43,-10,-38,-18,-33,-22,-38,-30,-36,-36,-36,-42,-29,-43,-26,-49,-30,-51,-19,-55,-19,-55,-15,-61,-12,-62,-9,-69,-9,-61,-7,-65,-2,-70,-2,-73,1,-75,8,-75,5,-72,14,-76,14,-74,19,-75,19,-70,23,-76,21,-75,19,-75,21,-73,21,-71,29,-74,30,-74,27,-75,27,-72,28,-76,31,-68,31,-70,19,-65,29,-63,32,-70,29,-69,28,-66,32,-69,28,-61,45,-67,37,-63,39,-52,36,-53,38,-49,0,0]"
CSI_DATA,39,1a:00:00:00:00:00,-51,11,1,0,1,1,1,0,0,0,1,-96,0,11,2,762413,0,44,0,384,0,"[0,0,0,0,0,0,0,0,0,0,0,0,-4,1,-3,1,-2,0,-1,0,0,0,1,0,2,0,2,0,3,1,3,0,4,1,4,0,5,0,5,0,5,1,6,1,6,0,6,1,6,0,7,0,7,1,7,1,7,1,8,0,8,0,8,1,0,0,8,1,8,1,8,1,8,1,8,1,8,1,8,1,8,1,8,1,7,1,7,1,7,1,7,0,7,0,7,0,7,0,7,0,7,0,7,0,7,0,7,0,7,0,7,0,7,1,7,1,7,2,0,0,0,0,0,0,0,0,0,0,0,0,0,0,-9,37,-3,29,0,27,-4,24,0,19,2,13,3,10,-2,7,4,3,6,-3,12,-8,9,-11,13,-12,15,-14,17,-21,16,-19,18,-24,19,-21,21,-23,19,-24,23,-27,22,-27,21,-32,25,-27,26,-35,27,-35,26,-33,27,-35,27,-36,28,-37,25,-35,30,-36,30,-33,24,-37,31,-33,29,-30,26,-30,28,-30,32,-33,27,-30,25,-29,24,-29,26,-28,21,-30,19,-25,24,-26,19,-34,17,-27,21,-32,19,-26,16,-30,26,-32,17,-28,22,-25,23,-32,25,-30,24,-21,0,0,0,0,0,0,0,0,0,0,0,0,0,0,0,0,0,0,0,0,0,0,22,-11,26,-7,27,-1,28,4,31,10,30,15,24,18,23,25,26,28,21,33,18,38,17,44,16,45,5,51,7,54,-2,48,-8,56,-13,56,-12,56,-22,53,-27,60,-29,59,-32,55,-32,55,-35,50,-41,64,-43,49,-50,53,-51,55,-51,58,-53,49,-54,49,-63,49,-57,47,-65,47,-62,43,-61,43,-63,41,-63,40,-65,46,-65,39,-65,40,-68,36,-65,36,-61,36,-56,36,-66,36,-63,35,-67,36,-63,32,-65,31,-67,32,-67,29,-62,22,-62,25,-61,15,-61,3,0,0]"
CSI_DATA,40,1a:00:00:00:00:00,-51,11,1,0,1,1,1,0,0,0,1,-96,0,11,2,775421,0,44,0,384,0,"[0,0,0,0,0,0,0,0,0,0,0,0,-2,-4,-2,-3,-1,-2,-1,-1,-1,0,-1,1,-1,2,-1,2,-2,3,-2,3,-2,4,-2,4,-2,4,-2,5,-2,5,-2,6,-2,6,-2,6,-2,6,-2,7,-2,7,-2,7,-2,8,-2,8,-2,8,-2,8,0,0,-2,8,-2,8,-2,8,-2,8,-3,8,-3,8,-2,8,-3,8,-2,8,-2,8,-2,7,-2,7,-2,7,-2,6,-2,7,-1,7,-1,7,-1,7,-1,7,-1,7,-1,7,-1,7,-2,7,-2,7,-2,7,-3,7,0,0,0,0,0,0,0,0,0,0,0,0,0,0,-43,5,-37,5,-28,3,-23,-5,-21,-1,-16,-4,-10,3,-7,7,-1,7,6,8,9,10,9,7,13,13,15,15,20,12,23,17,23,15,26,16,19,19,30,20,33,18,32,25,28,19,33,20,31,22,32,25,33,24,31,25,32,34,34,22,36,29,36,28,34,28,32,28,32,37,35,29,27,27,35,26,32,28,28,28,30,28,29,25,33,23,24,22,28,20,25,19,31,23,26,23,26,20,27,20,30,20,31,16,27,21,28,22,28,21,30,28,26,32,0,0,0,0,0,0,0,0,0,0,0,0,0,0,0,0,0,0,0,0,0,0,12,25,10,28,4,25,-1,27,-8,30,-12,31,-18,31,-27,30,-27,28,-31,27,-40,29,-46,23,-45,21,-50,11,-49,5,-58,4,-56,1,-59,-12,-60,-14,-57,-12,-60,-14,-59,-21,-65,-30,-65,-28,-62,-29,-65,-32,-62,-36,-57,-39,-59,-45,-61,-49,-59,-52,-57,-49,-61,-55,-57,-54,-58,-60,-52,-57,-55,-59,-50,-57,-53,-58,-48,-60,-45,-59,-56,-60,-48,-61,-52,-59,-42,-61,-44,-67,-42,-63,-44,-63,-38,-64,-39,-64,-38,-62,-40,-59,-29,-63,-26,-67,-28,-63,-22,-57,-18,-57,0,0]"
CSI_DATA,41,1a:00:00:00:00:00,-51,11,1,0,1,1,1,0,0,0,1,-96,0,11,2,792406,0,44,0,384,0,"[0,0,0,0,0,0,0,0,0,0,0,0,1,-4,0,-3,0,-2,-1,-2,-1,-1,-2,0,-3,0,-3,0,-3,1,-4,1,-4,2,-5,2,-5,2,-5,3,-5,3,-5,3,-6,4,-6,4,-6,4,-7,4,-7,4,-7,4,-7,4,-7,5,-7,5,-7,5,0,0,-8,5,-8,5,-8,5,-8,5,-8,5,-8,4,-8,4,-8,4,-7,4,-7,4,-7,4,-7,4,-7,4,-6,4,-6,4,-6,4,-6,4,-6,5,-6,5,-6,4,-6,5,-6,5,-7,4,-7,4,-7,4,-8,3,0,0,0,0,0,0,0,0,0,0,0,0,0,0,-35,-18,-28,-24,-24,-13,-21,-17,-15,-10,-7,-6,-15,-2,-7,4,0,7,0,7,3,9,2,15,5,18,3,19,3,24,9,24,9,25,2,27,9,26,9,32,13,36,11,34,7,36,6,36,9,36,12,38,11,41,10,38,13,41,9,43,14,41,9,47,17,43,11,42,13,43,12,45,11,42,7,45,9,40,13,39,12,39,10,39,6,34,4,32,12,35,13,33,16,36,13,31,17,34,19,32,13,34,12,36,12,39,15,32,15,39,8,40,4,36,0,0,0,0,0,0,0,0,0,0,0,0,0,0,0,0,0,0,0,0,0,0,-8,25,-14,25,-17,21,-22,22,-30,18,-29,14,-34,13,-35,4,-38,0,-39,-2,-47,-9,-52,-14,-48,-25,-48,-30,-45,-34,-44,-38,-41,-39,-42,-46,-39,-47,-33,-56,-29,-56,-34,-59,-31,-57,-30,-60,-26,-62,-20,-69,-22,-69,-20,-73,-17,-76,-12,-77,-10,-77,-6,-78,-5,-81,-5,-82,1,-82,-7,-78,0,-75,-4,-78,-1,-78,0,-80,6,-78,4,-75,0,-78,10,-81,7,-80,10,-66,10,-72,3,-79,9,-77,5,-77,15,-71,14,-73,16,-76,15,-64,17,-68,22,-53,28,-58,0,0]"
CSI_DATA,42,1a:00:00:00:00:00,-51,11,1,0,1,1,1,0,0,0,1,-96,0,11,2,802203,0,44,0,384,0,"[0,0,0,0,0,0,0,0,0,0,0,0,-2,-4,-2,-3,-2,-2,-2,-1,-2,0,-1,0,-2,1,-2,2,-2,2,-2,3,-2,3,-2,4,-2,4,-2,5,-2,5,-2,6,-2,6,-2,6,-2,6,-2,7,-2,7,-2,7,-3,7,-2,8,-3,8,-3,8,0,0,-3,8,-3,8,-3,8,-3,8,-3,8,-3,8,-3,8,-3,7,-3,7,-3,7,-3,7,-3,7,-3,7,-2,6,-2,7,-2,7,-2,7,-2,7,-2,7,-2,7,-2,7,-2,7,-3,7,-3,7,-3,7,-4,7,0,0,0,0,0,0,0,0,0,0,0,0,0,0,-42,4,-33,2,-26,3,-25,0,-19,3,-12,3,-8,0,-6,5,-5,4,8,8,9,4,6,5,10,13,11,12,18,13,21,13,19,21,19,22,25,17,25,18,31,21,26,19,29,17,29,20,33,22,32,18,32,27,31,24,37,24,38,30,36,26,38,29,31,27,36,28,36,22,34,25,33,24,39,27,35,28,35,24,28,25,28,23,29,28,35,22,28,23,29,18,30,22,27,16,33,15,26,18,29,17,32,17,35,18,27,22,30,19,26,24,26,29,0,0,0,0,0,0,0,0,0,0,0,0,0,0,0,0,0,0,0,0,0,0,10,24,10,27,2,26,-4,31,-9,29,-12,27,-19,31,-22,33,-27,31,-34,25,-36,22,-47,20,-50,12,-48,9,-53,6,-55,-1,-55,-3,-58,-7,-63,-11,-57,-14,-56,-17,-66,-25,-57,-25,-56,-31,-60,-39,-60,-40,-59,-40,-64,-47,-54,-48,-63,-49,-55,-48,-60,-52,-56,-53,-50,-57,-52,-57,-56,-60,-49,-53,-47,-58,-45,-62,-47,-63,-48,-65,-44,-60,-43,-68,-48,-60,-42,-61,-39,-62,-41,-61,-41,-64,-38,-63,-37,-61,-29,-62,-29,-58,-31,-68,-31,-60,-23,-61,-21,-60,-17,-58,0,0]"
CSI_DATA,43,1a:00:00:00:00:00,-51,11,1,0,1,1,1,0,0,0,1,-96,0,11,2,812150,0,44,0,384,0,"[0,0,0,0,0,0,0,0,0,0,0,0,-1,3,-1,2,0,1,0,0,0,0,1,-1,1,-2,1,-2,2,-3,2,-3,2,-3,3,-4,3,-4,3,-4,3,-5,3,-5,3,-5,3,-6,4,-6,4,-6,4,-6,4,-7,4,-7,4,-7,5,-7,5,-7,0,0,5,-8,5,-7,5,-7,5,-7,5,-7,5,-7,5,-7,5,-7,5,-7,4,-7,4,-6,4,-6,4,-6,4,-6,4,-6,3,-7,3,-7,3,-7,3,-7,3,-7,4,-7,4,-7,4,-7,4,-7,5,-6,5,-6,0,0,0,0,0,0,0,0,0,0,0,0,0,0,44,12,34,5,31,12,24,6,19,2,13,5,11,-1,4,-2,2,-1,0,-13,-8,-12,-2,-15,-8,-16,-7,-23,-8,-20,-12,-17,-11,-23,-11,-23,-13,-35,-10,-27,-13,-32,-25,-26,-19,-32,-20,-34,-21,-31,-21,-32,-20,-34,-25,-33,-22,-37,-23,-38,-24,-38,-27,-43,-27,-36,-25,-43,-22,-40,-23,-47,-20,-37,-21,-33,-24,-37,-22,-35,-23,-37,-16,-32,-22,-32,-19,-33,-18,-39,-18,-30,-21,-34,-18,-26,-25,-30,-21,-24,-21,-28,-19,-30,-23,-31,-20,-28,-17,-35,-16,-34,-15,-34,0,0,0,0,0,0,0,0,0,0,0,0,0,0,0,0,0,0,0,0,0,0,1,-28,3,-30,3,-30,12,-30,11,-25,22,-26,31,-22,30,-23,39,-19,43,-8,45,-7,50,-5,49,1,50,9,55,13,52,18,57,24,49,23,53,31,53,34,46,36,47,43,45,45,44,52,48,56,46,54,48,62,35,60,32,60,34,69,37,63,37,72,30,70,26,72,26,76,26,76,25,73,24,76,19,74,20,72,19,80,17,67,19,75,12,74,19,75,13,67,14,72,15,75,10,76,8,67,8,73,10,69,4,77,2,68,-3,66,-1,61,-5,57,0,0]"
CSI_DATA,44,1a:00:00:00:00:00,-51,11,1,0,1,1,1,0,0,0,1,-96,0,11,2,822512,0,44,0,384,0,"[0,0,0,0,0,0,0,0,0,0,0,0,-2,-4,-2,-3,-2,-2,-2,-1,-2,0,-2,1,-2,1,-2,2,-2,2,-2,3,-2,3,-2,4,-2,4,-2,5,-2,5,-2,5,-2,6,-2,6,-2,6,-2,7,-2,7,-2,7,-2,7,-2,7,-2,8,-2,8,0,0,-2,8,-3,8,-2,8,-2,8,-3,8,-3,8,-2,8,-3,8,-2,7,-3,7,-2,7,-2,7,-2,7,-2,6,-2,7,-1,7,-1,7,-2,7,-1,7,-1,7,-2,7,-2,7,-2,7,-2,7,-3,7,-4,7,0,0,0,0,0,0,0,0,0,0,0,0,0,0,-43,12,-35,1,-35,1,-25,6,-20,1,-17,-3,-6,5,-9,4,0,4,2,3,9,7,12,4,9,7,16,16,13,10,23,14,21,15,24,19,26,16,20,18,27,19,31,16,29,21,31,20,28,18,29,21,30,24,35,22,36,28,35,27,41,25,38,24,36,23,37,23,34,25,34,22,39,27,35,24,34,28,30,21,34,20,29,24,30,20,29,22,32,23,28,16,33,17,31,16,32,18,33,15,34,17,30,14,31,18,35,19,27,23,26,28,29,23,0,0,0,0,0,0,0,0,0,0,0,0,0,0,0,0,0,0,0,0,0,0,5,19,4,28,4,30,-5,29,-11,33,-19,28,-17,26,-28,32,-37,29,-29,22,-40,20,-48,19,-51,5,-45,12,-61,8,-50,5,-59,-11,-63,-17,-62,2,-71,-25,-63,-22,-66,-25,-61,-31,-66,-32,-50,-38,-53,-49,-63,-45,-65,-43,-44,-45,-59,-55,-61,-55,-53,-52,-46,-61,-46,-57,-50,-60,-52,-67,-53,-59,-53,-67,-52,-63,-46,-61,-45,-63,-49,-63,-43,-62,-46,-64,-46,-66,-50,-57,-41,-58,-41,-67,-38,-69,-34,-67,-36,-68,-32,-65,-35,-63,-23,-63,-28,-64,-23,-61,-16,-58,0,0]"
CSI_DATA,45,1a:00:00:00:00:00,-51,11,1,0,1,1,1,0,0,0,1,-96,0,11,2,832211,0,44,0,384,0,"[0,0,0,0,0,0,0,0,0,0,0,0,2,2,1,1,1,1,1,0,0,-1,0,-1,0,-2,0,-3,0,-3,0,-4,0,-4,0,-5,0,-5,-1,-5,-1,-6,-1,-6,-1,-6,-1,-7,-2,-7,-2,-7,-2,-7,-2,-8,-2,-8,-2,-8,-2,-8,-2,-9,0,0,-2,-9,-2,-9,-2,-9,-2,-9,-2,-9,-2,-8,-2,-9,-2,-8,-2,-8,-2,-8,-2,-8,-2,-8,-2,-8,-2,-7,-2,-8,-2,-7,-3,-7,-2,-7,-3,-7,-3,-7,-3,-8,-3,-8,-2,-8,-2,-8,-1,-8,0,-8,0,0,0,0,0,0,0,0,0,0,0,0,0,0,36,-27,31,-18,29,-15,21,-10,16,-15,13,-9,6,-9,4,-10,3,-7,-3,-7,-9,-3,-11,-9,-20,-5,-16,-6,-20,-9,-23,-10,-24,-7,-29,-7,-28,-3,-35,-9,-31,-2,-41,-9,-36,-3,-38,-5,-37,-4,-41,-4,-41,-8,-46,-7,-40,-4,-44,-2,-44,-6,-44,-11,-43,-5,-45,-1,-50,-10,-43,-9,-41,-7,-42,-3,-45,-6,-35,-10,-40,-6,-41,-5,-40,-11,-38,-3,-37,-5,-34,-3,-36,-3,-35,-5,-39,-6,-37,-7,-37,-1,-39,-6,-42,-6,-34,-9,-42,-11,-40,-12,-35,-15,0,0,0,0,0,0,0,0,0,0,0,0,0,0,0,0,0,0,0,0,0,0,-20,-16,-21,-20,-15,-19,-12,-30,-10,-34,2,-32,3,-40,7,-38,9,-37,17,-43,23,-40,28,-37,29,-35,41,-31,41,-31,48,-28,55,-23,57,-22,59,-21,61,-16,58,-8,69,-13,65,-8,69,-3,73,3,74,-1,72,6,72,15,80,13,77,12,75,22,75,23,78,22,69,26,75,26,68,27,74,31,69,32,65,29,72,32,74,34,70,35,71,32,66,32,65,33,71,35,70,40,69,36,64,37,61,33,63,35,57,36,57,42,62,44,53,46,47,48,41,49,0,0]"
CSI_DATA,46,1a:00:00:00:00:00,-51,11,1,0,1,1,1,0,0,0,1,-96,0,11,2,842189,0,44,0,384,0,"[0,0,0,0,0,0,0,0,0,0,0,0,1,-4,1,-3,0,-2,0,-2,-1,-1,-2,-1,-2,-1,-3,0,-3,0,-4,0,-4,1,-4,1,-5,1,-5,1,-5,2,-6,2,-6,2,-6,2,-7,3,-7,3,-7,3,-7,3,-7,3,-8,3,-8,3,-8,3,0,0,-8,3,-8,3,-8,3,-8,3,-8,3,-8,3,-8,3,-8,3,-8,3,-8,3,-8,3,-7,3,-7,3,-7,3,-7,3,-7,3,-7,3,-7,3,-7,3,-7,3,-8,3,-7,3,-8,3,-8,3,-8,2,-8,2,0,0,0,0,0,0,0,0,0,0,0,0,0,0,-25,-35,-16,-36,-16,-23,-14,-21,-10,-13,-8,-14,-7,-12,-8,-4,-6,0,-9,4,-9,9,-9,7,-2,16,-9,16,-5,18,-9,23,-6,24,-2,21,-6,29,-3,28,-3,31,-3,30,-8,33,-8,31,-7,34,-9,39,-7,36,-6,43,-8,44,-4,43,-2,43,-5,44,-8,42,-5,41,-8,41,-11,40,-8,38,-7,41,-7,41,-5,39,-6,40,-10,32,-6,34,-8,32,-4,34,-6,35,-8,32,-3,36,-3,37,-2,39,-6,39,-8,38,-4,33,-10,33,-8,38,-13,33,-14,35,0,0,0,0,0,0,0,0,0,0,0,0,0,0,0,0,0,0,0,0,0,0,-17,23,-22,19,-23,18,-26,11,-29,7,-35,2,-34,2,-35,-9,-41,-9,-39,-15,-38,-23,-40,-33,-38,-36,-33,-32,-34,-45,-33,-48,-26,-51,-23,-56,-18,-51,-12,-61,-12,-61,-9,-68,-7,-64,-2,-68,2,-71,1,-70,6,-68,13,-76,14,-70,12,-73,16,-78,15,-75,20,-77,26,-75,22,-79,27,-76,29,-66,24,-75,29,-70,31,-67,32,-70,34,-62,39,-66,36,-66,34,-71,34,-72,32,-67,36,-63,43,-67,40,-61,43,-63,41,-57,43,-56,41,-56,42,-46,48,-50,48,-42,0,0]"
CSI_DATA,47,1a:00:00:00:00:00,-51,11,1,0,1,1,1,0,0,0,1,-96,0,11,2,852448,0,44,0,384,0,"[0,0,0,0,0,0,0,0,0,0,0,0,1,-4,0,-3,0,-2,-1,-2,-1,-1,-2,-1,-2,0,-2,0,-3,1,-3,1,-3,1,-4,2,-4,2,-4,2,-5,3,-5,3,-5,4,-5,4,-5,4,-5,4,-6,4,-6,5,-6,5,-6,5,-6,5,-6,5,0,0,-6,5,-7,5,-7,5,-6,5,-7,5,-7,5,-6,5,-6,5,-6,5,-6,5,-6,5,-6,5,-6,5,-5,5,-5,5,-5,5,-5,5,-5,5,-5,5,-5,5,-5,5,-6,5,-6,5,-6,5,-6,5,-7,4,0,0,0,0,0,0,0,0,0,0,0,0,0,0,-34,-24,-29,-27,-21,-23,-18,-20,-13,-12,-11,-15,-10,-9,-9,-2,-5,3,-7,8,-5,11,0,13,-1,9,-2,17,-2,18,0,24,2,27,8,30,6,26,3,24,8,31,7,30,11,31,4,35,7,37,8,39,13,31,8,42,12,44,7,44,15,42,17,43,9,41,14,45,14,45,9,47,9,43,9,41,10,40,8,37,11,38,10,40,14,34,10,35,14,34,13,32,11,38,16,32,15,32,14,37,14,36,15,37,14,37,10,37,11,40,13,38,5,37,0,0,0,0,0,0,0,0,0,0,0,0,0,0,0,0,0,0,0,0,0,0,-18,23,-17,17,-24,15,-30,14,-30,13,-36,4,-35,3,-42,-9,-40,-12,-34,-13,-48,-18,-42,-25,-39,-29,-39,-36,-39,-40,-35,-44,-32,-51,-26,-54,-27,-59,-24,-60,-20,-62,-17,-66,-13,-67,-17,-70,-4,-71,-14,-74,-8,-76,-3,-78,1,-77,0,-77,8,-75,9,-79,12,-76,17,-80,15,-81,16,-84,8,-72,16,-78,13,-75,15,-76,16,-74,21,-76,19,-75,20,-75,22,-77,6,-73,21,-72,19,-75,25,-78,22,-71,22,-70,27,-66,27,-68,27,-65,26,-64,30,-58,34,-52,0,0]"
CSI_DATA,48,1a:00:00:00:00:00,-51,11,1,0,1,1,1,0,0,0,1,-96,0,11,2,872235,0,44,0,384,0,"[0,0,0,0,0,0,0,0,0,0,0,0,-4,2,-3,1,-2,1,-1,1,-1,0,0,0,1,0,1,0,2,0,3,0,3,0,4,0,4,0,4,0,5,0,5,0,6,0,6,0,6,0,6,0,7,0,7,0,7,0,7,-1,8,-1,8,0,0,0,8,0,8,0,8,0,8,0,8,0,8,0,8,0,8,0,8,0,8,0,7,0,7,0,7,0,7,0,7,0,7,-1,7,-1,7,-1,7,-1,7,0,8,0,8,0,8,0,8,0,8,1,7,2,0,0,0,0,0,0,0,0,0,0,0,0,0,0,10,39,5,36,12,35,7,27,6,28,9,12,4,12,1,5,2,5,5,-2,11,-3,9,-10,10,-14,8,-16,11,-22,14,-20,11,-27,12,-27,14,-23,16,-26,12,-26,15,-31,14,-34,17,-32,16,-32,23,-31,16,-35,20,-38,18,-41,22,-41,20,-39,22,-40,17,-40,24,-40,22,-42,27,-35,22,-37,17,-36,27,-33,21,-37,19,-35,19,-32,22,-32,18,-30,15,-34,17,-34,17,-33,19,-36,10,-34,15,-35,19,-35,21,-32,17,-33,21,-31,23,-32,30,-32,28,-32,0,0,0,0,0,0,0,0,0,0,0,0,0,0,0,0,0,0,0,0,0,0,24,-16,25,-12,28,-5,34,-7,32,3,31,7,36,13,29,16,31,22,30,27,27,34,26,41,26,47,18,45,14,51,12,54,10,56,6,57,3,57,-5,64,-3,61,-16,66,-15,72,-28,68,-25,65,-30,70,-30,66,-35,65,-35,65,-41,65,-47,67,-44,64,-49,63,-47,61,-51,63,-53,60,-49,59,-57,57,-53,57,-57,53,-51,52,-56,57,-56,55,-55,56,-55,54,-55,47,-54,45,-61,53,-64,50,-61,42,-59,45,-63,40,-59,39,-67,37,-60,29,-56,27,-56,25,0,0]"
CSI_DATA,49,1a:00:00:00:00:00,-51,11,1,0,1,1,1,0,0,0,1,-96,0,11,2,892111,0,44,0,384,0,"[0,0,0,0,0,0,0,0,0,0,0,0,-5,1,-4,1,-3,0,-2,0,-1,0,0,0,0,0,1,1,2,1,2,1,3,1,3,1,3,1,4,1,4,1,5,1,5,1,5,1,5,1,6,1,6,1,6,1,7,1,7,0,7,1,7,1,0,0,8,1,8,1,8,1,8,1,8,1,8,1,8,1,7,1,7,1,7,1,7,1,7,1,7,1,7,0,7,0,7,0,7,0,7,0,7,0,7,0,7,1,7,1,7,1,7,1,7,2,7,2,0,0,0,0,0,0,0,0,0,0,0,0,0,0,2,37,-8,37,-6,36,1,29,-2,25,-3,16,-4,15,-2,7,2,4,4,3,10,-1,8,-8,12,-5,13,-11,14,-12,13,-14,13,-14,18,-19,21,-21,17,-18,21,-24,19,-25,24,-27,19,-26,22,-29,25,-29,26,-27,24,-33,18,-35,29,-34,23,-35,29,-32,24,-34,33,-38,25,-31,28,-35,26,-38,27,-33,27,-30,25,-36,25,-30,27,-33,22,-24,21,-28,23,-30,23,-29,21,-31,18,-29,18,-32,19,-32,23,-31,26,-32,19,-32,21,-30,23,-30,23,-30,28,-24,0,0,0,0,0,0,0,0,0,0,0,0,0,0,0,0,0,0,0,0,0,0,30,-4,26,1,30,5,30,13,24,18,24,21,25,22,20,31,16,33,18,41,10,46,7,46,-1,49,-6,48,-10,51,-14,49,-16,53,-18,46,-26,54,-32,48,-34,53,-34,47,-41,45,-47,54,-52,52,-52,48,-53,44,-57,48,-53,45,-62,48,-64,41,-72,41,-67,33,-71,36,-70,38,-69,40,-65,36,-74,36,-73,32,-67,30,-67,36,-67,32,-80,34,-65,32,-70,28,-76,33,-67,29,-67,27,-60,30,-69,28,-65,26,-75,19,-67,14,-71,14,-65,16,-70,11,-64,4,0,0]"
CSI_DATA,50,1a:00:00:00:00:00,-51,11,1,0,1,1,1,0,0,0,1,-96,0,11,2,902160,0,44,0,384,0,"[0,0,0,0,0,0,0,0,0,0,0,0,-5,0,-4,0,-3,0,-2,0,-1,0,-1,1,0,1,1,1,1,1,2,1,2,1,3,1,3,1,4,1,4,1,4,2,5,2,5,2,5,2,6,2,6,2,6,2,7,2,7,2,7,2,7,2,0,0,8,2,8,3,8,2,8,3,7,3,8,3,8,3,7,3,7,3,7,2,7,2,7,2,7,2,7,2,7,2,7,2,7,2,7,1,7,2,7,2,7,2,7,2,7,2,7,3,7,3,7,4,0,0,0,0,0,0,0,0,0,0,0,0,0,0,-16,40,-17,39,-16,30,-5,22,-9,20,-4,13,-5,10,2,10,9,6,6,5,5,4,7,-4,13,-3,15,-7,16,-6,15,-10,16,-12,17,-13,24,-20,25,-12,20,-19,25,-21,23,-20,23,-22,26,-23,27,-18,31,-27,28,-25,28,-29,32,-29,32,-26,32,-31,34,-28,30,-27,33,-29,30,-28,33,-28,40,-26,31,-22,32,-27,28,-24,25,-24,29,-25,29,-26,23,-20,26,-27,24,-28,22,-30,25,-25,21,-27,31,-27,29,-28,28,-23,31,-24,28,-23,34,-22,35,-20,0,0,0,0,0,0,0,0,0,0,0,0,0,0,0,0,0,0,0,0,0,0,28,4,24,11,24,13,20,23,25,23,19,23,16,33,13,32,11,39,0,42,-3,38,-7,48,-10,47,-16,50,-23,48,-31,47,-34,43,-35,46,-35,43,-46,42,-47,42,-57,38,-55,38,-54,34,-59,33,-60,34,-66,35,-69,28,-65,30,-69,26,-74,24,-71,22,-70,23,-74,18,-74,17,-76,17,-72,15,-72,13,-73,13,-76,17,-77,12,-80,15,-74,9,-76,11,-74,8,-72,14,-73,12,-75,8,-77,9,-75,7,-74,7,-71,5,-73,0,-71,-1,-69,0,-60,-10,-66,-7,0,0]"
CSI_DATA,51,1a:00:00:00:00:00,-51,11,1,0,1,1,1,0,0,0,1,-96,0,11,2,923484,0,44,0,384,0,"[0,0,0,0,0,0,0,0,0,0,0,0,4,0,3,-1,2,-1,1,-1,1,-1,0,-1,-1,-2,-1,-2,-2,-2,-2,-2,-3,-3,-3,-3,-4,-3,-4,-3,-4,-3,-5,-3,-5,-3,-6,-3,-6,-3,-6,-3,-6,-4,-7,-3,-7,-4,-8,-4,-8,-4,-8,-4,0,0,-8,-4,-8,-4,-8,-4,-8,-4,-8,-5,-8,-5,-8,-5,-8,-4,-8,-5,-8,-4,-8,-4,-7,-4,-7,-4,-8,-4,-7,-4,-8,-4,-8,-3,-8,-4,-8,-4,-8,-4,-8,-4,-8,-4,-8,-4,-8,-5,-7,-5,-7,-6,0,0,0,0,0,0,0,0,0,0,0,0,0,0,15,-44,15,-39,9,-35,11,-29,6,-24,-4,-15,6,-14,2,-10,0,-12,-9,-2,-13,-4,-8,-6,-7,2,-13,5,-19,6,-20,10,-21,14,-15,9,-22,23,-25,19,-24,23,-24,18,-28,22,-28,23,-28,23,-28,24,-31,21,-28,30,-31,25,-35,32,-34,30,-33,25,-36,30,-30,30,-36,30,-38,29,-38,28,-41,26,-32,23,-33,26,-35,28,-34,26,-32,23,-29,22,-30,24,-25,26,-28,25,-25,28,-29,27,-25,27,-31,27,-35,24,-32,25,-33,25,-35,23,-36,23,-37,20,0,0,0,0,0,0,0,0,0,0,0,0,0,0,0,0,0,0,0,0,0,0,-29,-2,-35,-11,-27,-9,-25,-17,-28,-27,-20,-29,-21,-31,-14,-32,-16,-38,-11,-42,-3,-43,-4,-48,8,-49,14,-52,16,-51,23,-52,28,-57,33,-51,36,-55,40,-49,47,-38,50,-48,53,-45,58,-43,63,-40,62,-36,65,-39,68,-37,69,-34,80,-35,65,-30,76,-31,73,-27,74,-24,79,-23,72,-21,75,-22,76,-21,76,-15,78,-19,79,-19,72,-15,79,-16,73,-18,72,-16,80,-13,75,-15,78,-21,76,-15,75,-14,69,-6,78,-8,81,-6,68,-3,74,-1,78,1,63,7,0,0]"
CSI_DATA,52,1a:00:00:00:00:00,-51,11,1,0,1,1,1,0,0,0,1,-96,0,11,2,932299,0,44,0,384,0,"[0,0,0,0,0,0,0,0,0,0,0,0,-5,0,-4,0,-3,0,-2,0,-2,0,-1,0,0,1,1,1,1,1,2,1,2,1,2,1,3,1,3,1,4,1,4,1,4,2,5,2,5,2,5,2,6,2,6,2,6,2,6,2,7,2,7,2,0,0,8,2,8,2,7,2,8,2,7,2,7,2,7,2,7,2,7,2,7,2,7,2,6,2,7,2,7,2,6,2,7,2,7,2,7,2,7,2,7,2,7,2,7,2,7,2,7,3,6,3,6,4,0,0,0,0,0,0,0,0,0,0,0,0,0,0,-2,48,-4,46,-3,33,-5,28,3,22,-3,13,-1,13,1,8,0,1,3,5,5,-2,6,-3,8,-8,6,-13,14,-12,14,-15,21,-16,19,-17,14,-21,13,-18,17,-22,17,-27,16,-24,16,-26,20,-28,19,-36,17,-33,16,-34,21,-37,24,-33,22,-35,22,-37,24,-38,21,-36,23,-35,23,-30,22,-35,20,-38,24,-36,22,-42,20,-37,18,-36,20,-37,20,-33,18,-36,16,-31,15,-37,16,-38,13,-33,14,-33,12,-32,21,-36,17,-37,16,-38,21,-31,23,-34,26,-30,0,0,0,0,0,0,0,0,0,0,0,0,0,0,0,0,0,0,0,0,0,0,25,-2,27,9,26,10,25,17,25,24,19,27,20,29,14,38,13,39,7,42,9,43,-4,46,-6,53,-10,53,-14,52,-22,53,-24,55,-31,50,-35,48,-35,54,-36,51,-49,53,-48,45,-52,48,-56,43,-56,45,-61,41,-64,40,-60,36,-68,38,-72,40,-68,41,-73,31,-72,31,-70,34,-68,32,-72,30,-67,31,-75,26,-75,30,-72,30,-72,26,-76,25,-77,28,-68,24,-67,36,-68,24,-72,26,-74,32,-71,27,-72,19,-69,22,-73,17,-66,21,-62,13,-69,10,-67,8,0,0]"
CSI_DATA,53,1a:00:00:00:00:00,-51,11,1,0,1,1,1,0,0,0,1,-96,0,11,2,942560,0,44,0,384,0,"[0,0,0,0,0,0,0,0,0,0,0,0,-4,1,-3,1,-3,1,-2,1,-1,0,0,0,0,0,1,0,1,0,2,0,2,0,2,0,3,0,3,0,4,0,4,0,4,0,5,0,5,0,5,0,5,0,6,0,6,0,6,-1,7,0,7,0,0,0,7,0,7,0,7,0,7,0,7,0,7,0,7,0,7,0,7,0,7,0,7,0,7,0,6,0,6,0,6,0,7,0,6,0,6,0,7,0,7,0,7,0,7,0,7,0,7,1,7,1,6,2,0,0,0,0,0,0,0,0,0,0,0,0,0,0,-3,50,-2,38,-5,39,-3,27,0,21,1,21,1,11,6,14,2,7,1,0,7,-3,6,-2,5,-9,13,-6,15,-8,10,-15,12,-17,17,-15,19,-21,20,-16,19,-23,15,-19,18,-24,16,-29,21,-25,22,-36,22,-31,21,-34,22,-34,22,-32,24,-36,29,-38,21,-30,32,-38,32,-36,28,-36,28,-33,27,-37,26,-32,30,-37,25,-32,28,-27,28,-30,24,-33,21,-30,20,-33,22,-34,26,-35,25,-30,24,-35,25,-31,25,-33,24,-29,23,-28,26,-25,32,-25,31,-27,0,0,0,0,0,0,0,0,0,0,0,0,0,0,0,0,0,0,0,0,0,0,24,-7,32,-1,25,2,33,11,31,15,25,22,24,22,27,28,26,36,19,36,19,41,14,50,10,51,5,52,-5,55,-6,57,-13,57,-20,57,-21,58,-26,56,-25,59,-35,64,-34,49,-41,51,-46,52,-48,57,-48,49,-59,55,-53,48,-62,52,-59,44,-67,46,-65,44,-67,46,-64,44,-71,45,-58,41,-64,41,-70,41,-69,36,-69,40,-63,37,-71,36,-71,33,-70,37,-61,30,-66,30,-73,32,-70,33,-67,30,-72,23,-72,29,-74,25,-63,19,-70,18,-72,9,-65,9,0,0]"
CSI_DATA,54,1a:00:00:00:00:00,-51,11,1,0,1,1,1,0,0,0,1,-96,0,11,2,962282,0,44,0,384,0,"[0,0,0,0,0,0,0,0,0,0,0,0,0,-5,0,-4,-1,-3,-1,-2,-1,-2,-1,-1,-2,-1,-2,0,-2,1,-3,1,-3,1,-3,2,-3,2,-3,3,-3,3,-3,4,-3,4,-3,4,-4,5,-4,5,-4,5,-4,6,-4,6,-4,6,-4,7,-4,7,0,0,-5,7,-5,7,-5,7,-5,7,-5,7,-5,7,-5,7,-5,7,-5,7,-5,7,-5,7,-5,7,-4,6,-4,6,-4,6,-4,7,-4,7,-4,7,-4,7,-4,7,-4,7,-4,7,-5,7,-5,6,-5,6,-6,6,0,0,0,0,0,0,0,0,0,0,0,0,0,0,-39,-20,-28,-20,-32,-21,-24,-18,-18,-14,-15,-7,-12,-9,-13,-4,-8,1,-4,0,-5,10,-3,3,1,8,-1,16,9,14,9,18,4,19,9,23,13,21,12,23,12,21,12,23,9,28,15,34,14,33,20,27,21,32,23,34,18,36,22,40,20,35,21,39,19,36,19,38,22,36,23,44,18,39,18,40,16,39,24,41,16,40,17,35,18,37,17,35,18,29,17,35,17,37,23,38,22,28,16,40,16,35,16,39,15,36,17,35,12,37,15,37,10,33,0,0,0,0,0,0,0,0,0,0,0,0,0,0,0,0,0,0,0,0,0,0,-13,27,-15,24,-19,23,-22,24,-25,18,-34,12,-38,11,-36,7,-45,4,-47,-2,-49,-8,-54,-14,-46,-18,-49,-23,-46,-28,-44,-32,-43,-43,-43,-41,-40,-50,-40,-54,-28,-52,-32,-61,-36,-61,-29,-61,-28,-63,-26,-74,-25,-71,-22,-71,-15,-73,-14,-77,-18,-77,-7,-77,-3,-74,-6,-76,-2,-79,-2,-80,-9,-75,-4,-77,-7,-75,-1,-78,-2,-78,-4,-81,0,-80,2,-77,-1,-72,-6,-73,2,-71,3,-82,5,-76,1,-75,2,-76,4,-74,12,-70,14,-70,11,-79,17,-65,18,-59,0,0]"
CSI_DATA,55,1a:00:00:00:00:00,-51,11,1,0,1,1,1,0,0,0,1,-96,0,11,2,982511,0,44,0,384,0,"[0,0,0,0,0,0,0,0,0,0,0,0,-3,3,-3,2,-2,2,-1,1,-1,1,0,0,1,0,1,0,2,0,2,-1,2,-1,3,-1,3,-2,3,-2,4,-2,4,-3,4,-3,4,-3,5,-4,5,-4,6,-4,6,-4,6,-4,6,-5,6,-5,7,-5,0,0,7,-5,7,-5,7,-5,7,-5,7,-5,7,-5,7,-5,7,-5,7,-5,7,-5,7,-5,7,-5,7,-5,6,-5,6,-5,6,-5,6,-5,6,-5,6,-5,6,-5,7,-5,6,-5,7,-4,7,-4,7,-4,7,-3,0,0,0,0,0,0,0,0,0,0,0,0,0,0,23,32,23,27,21,26,18,23,16,17,9,15,9,7,7,2,5,2,1,-5,4,-3,0,-6,1,-11,7,-14,-1,-17,1,-14,-2,-23,1,-20,-2,-24,-4,-24,-3,-29,-6,-29,-2,-39,-7,-34,-4,-34,-4,-37,-10,-37,-7,-39,-6,-37,-8,-39,-12,-45,-4,-46,-5,-42,-10,-43,-8,-42,-4,-41,-9,-45,-7,-42,-5,-45,-5,-45,-3,-44,0,-46,-7,-41,-5,-41,-5,-37,-4,-38,-1,-38,-7,-36,-7,-39,-4,-37,-9,-35,-5,-39,-6,-36,-1,-42,-1,-38,1,-40,2,-38,0,0,0,0,0,0,0,0,0,0,0,0,0,0,0,0,0,0,0,0,0,0,23,-21,26,-15,34,-15,33,-10,30,-9,40,0,35,2,36,8,41,15,37,16,40,20,36,28,36,32,29,44,34,42,24,46,23,51,24,58,21,55,13,60,6,65,11,62,5,65,-1,66,-5,70,-6,67,-5,68,-11,71,-11,72,-14,73,-17,70,-21,72,-26,72,-24,68,-26,72,-26,72,-29,69,-22,67,-25,66,-27,74,-27,67,-27,64,-31,67,-28,71,-33,64,-28,62,-33,69,-30,67,-30,73,-33,65,-31,68,-36,62,-41,62,-38,56,-43,55,-44,53,-40,45,0,0]"
CSI_DATA,56,1a:00:00:00:00:00,-51,11,1,0,1,1,1,0,0,0,1,-96,0,11,2,992501,0,44,0,384,0,"[0,0,0,0,0,0,0,0,0,0,0,0,3,2,3,1,2,1,2,0,1,0,0,-1,0,-2,0,-2,-1,-2,-1,-3,-1,-3,-2,-4,-2,-4,-2,-4,-3,-4,-3,-5,-3,-5,-4,-5,-4,-5,-4,-6,-4,-6,-5,-6,-5,-7,-5,-7,-5,-7,-6,-7,0,0,-6,-8,-6,-8,-6,-8,-6,-8,-6,-8,-6,-8,-6,-8,-6,-8,-6,-8,-6,-8,-5,-7,-5,-7,-5,-7,-5,-7,-5,-7,-6,-7,-6,-7,-6,-6,-6,-7,-6,-7,-6,-7,-6,-7,-5,-7,-5,-7,-5,-8,-4,-8,0,0,0,0,0,0,0,0,0,0,0,0,0,0,42,-31,36,-21,32,-19,24,-18,21,-13,16,-12,14,-7,6,-12,-3,-9,5,-6,-10,-5,-13,-9,-16,-12,-14,-3,-13,-5,-12,0,-17,-8,-24,-2,-29,1,-25,-2,-27,-2,-31,-1,-37,3,-39,4,-35,3,-35,2,-38,5,-45,3,-38,7,-47,3,-48,9,-50,6,-51,3,-49,2,-45,4,-46,2,-44,8,-48,2,-43,4,-42,6,-44,2,-43,4,-38,2,-39,1,-43,6,-34,0,-38,6,-36,3,-38,-2,-38,3,-37,6,-39,4,-41,1,-41,-2,-41,0,-40,-9,-38,-4,0,0,0,0,0,0,0,0,0,0,0,0,0,0,0,0,0,0,0,0,0,0,-20,-23,-7,-31,-15,-31,-5,-33,-3,-34,8,-33,10,-40,13,-30,21,-40,33,-34,34,-35,39,-35,40,-37,44,-29,51,-24,49,-20,58,-13,58,-15,59,-11,60,-6,62,-1,61,5,70,4,66,8,71,9,71,9,70,12,72,18,73,25,70,25,72,27,73,32,74,27,65,33,69,35,71,34,65,29,66,34,61,34,70,39,69,38,65,33,69,39,63,33,69,39,60,36,63,39,64,35,67,34,65,40,69,36,65,39,61,47,55,49,53,48,47,50,46,44,0,0]"
CSI_DATA,57,1a:00:00:00:00:00,-51,11,1,0,1,1,1,0,0,0,1,-96,0,11,2,1002150,0,44,0,384,0,"[0,0,0,0,0,0,0,0,0,0,0,0,-2,4,-2,3,-1,2,-1,2,0,1,0,1,1,0,1,0,1,-1,2,-1,2,-2,2,-2,3,-3,3,-3,3,-3,3,-4,3,-4,4,-5,4,-5,4,-5,4,-6,4,-6,5,-6,5,-6,5,-7,5,-7,0,0,5,-7,6,-7,6,-7,6,-8,6,-7,6,-7,6,-7,6,-7,6,-7,6,-7,6,-7,6,-6,5,-6,5,-6,5,-7,5,-7,5,-7,5,-7,5,-7,5,-7,5,-7,5,-7,5,-6,6,-6,6,-6,6,-5,0,0,0,0,0,0,0,0,0,0,0,0,0,0,31,23,27,26,22,19,20,22,17,15,11,16,13,6,10,4,8,-1,7,-4,5,-5,6,-7,2,-9,-2,-13,-1,-14,-2,-17,-6,-21,-9,-24,-7,-20,-11,-25,-12,-22,-9,-29,-16,-32,-16,-33,-15,-31,-10,-34,-15,-32,-20,-32,-17,-35,-20,-39,-17,-40,-20,-42,-20,-44,-23,-51,-20,-44,-13,-43,-17,-42,-18,-42,-17,-44,-15,-42,-14,-41,-14,-44,-13,-42,-12,-36,-13,-38,-14,-33,-17,-34,-17,-36,-13,-40,-12,-36,-13,-32,-13,-35,-14,-37,-10,-34,-12,-40,-3,-38,-9,-41,0,0,0,0,0,0,0,0,0,0,0,0,0,0,0,0,0,0,0,0,0,0,20,-25,23,-22,28,-17,30,-14,33,-10,33,-2,38,-2,38,6,41,9,38,16,41,23,42,29,39,28,35,36,34,44,33,45,30,52,32,52,25,57,16,58,18,62,14,64,14,60,6,66,0,68,5,75,-1,72,-7,73,-4,72,-4,74,-11,69,-15,71,-16,73,-13,71,-17,74,-8,74,-16,76,-16,74,-15,69,-17,71,-20,74,-19,73,-20,77,-18,71,-19,69,-17,76,-20,73,-20,67,-17,74,-20,71,-26,69,-23,64,-26,70,-22,71,-29,60,-28,59,-32,58,0,0]"
CSI_DATA,58,1a:00:00:00:00:00,-51,11,1,0,1,1,1,0,0,0,1,-96,0,11,2,1012158,0,44,0,384,0,"[0,0,0,0,0,0,0,0,0,0,0,0,2,3,2,2,2,2,1,1,1,0,1,0,0,-1,0,-2,0,-2,0,-3,0,-3,-1,-4,-1,-4,-1,-5,-1,-5,-2,-5,-2,-6,-2,-6,-2,-6,-3,-7,-3,-7,-3,-7,-3,-8,-3,-8,-3,-8,-4,-9,0,0,-4,-9,-3,-9,-3,-9,-4,-9,-3,-9,-3,-9,-3,-9,-3,-9,-3,-9,-3,-9,-3,-9,-3,-8,-3,-9,-3,-8,-3,-8,-3,-8,-4,-8,-3,-8,-3,-8,-3,-8,-3,-8,-3,-8,-3,-8,-3,-9,-2,-9,-2,-9,0,0,0,0,0,0,0,0,0,0,0,0,0,0,44,-22,36,-14,40,-9,28,-11,26,-11,22,-8,15,-6,11,-5,-1,-6,7,-7,-1,-9,-8,-3,-12,-14,-13,-8,-18,-7,-15,-3,-18,1,-21,-8,-22,-6,-29,-2,-24,-5,-32,-3,-29,-3,-27,-3,-32,-3,-39,0,-39,-3,-48,-1,-44,-6,-41,1,-43,-5,-45,0,-44,-2,-49,-1,-47,-6,-50,-5,-48,-6,-43,-5,-50,-3,-49,-4,-46,-3,-47,-3,-39,-3,-45,0,-43,-6,-45,-2,-35,-2,-41,0,-40,2,-41,-2,-37,-2,-37,-5,-37,0,-39,-2,-40,-7,-43,-9,-41,-12,0,0,0,0,0,0,0,0,0,0,0,0,0,0,0,0,0,0,0,0,0,0,-3,-32,-5,-36,5,-38,9,-32,15,-34,16,-32,25,-31,28,-32,34,-26,35,-24,46,-18,50,-14,54,-17,53,-8,52,-10,66,-10,61,18,64,7,59,19,55,22,65,20,63,23,65,26,53,31,64,35,65,38,57,37,56,40,58,48,61,44,59,53,56,51,53,50,53,55,55,55,54,58,58,55,51,54,51,54,54,54,50,49,56,56,50,54,53,54,50,56,59,54,54,56,47,54,54,59,50,57,47,52,49,60,45,56,44,58,43,57,33,58,29,57,0,0]"
CSI_DATA,59,1a:00:00:00:00:00,-51,11,1,0,1,1,1,0,0,0,1,-96,0,11,2,1022152,0,44,0,384,0,"[0,0,0,0,0,0,0,0,0,0,0,0,4,-3,3,-3,2,-2,1,-2,0,-2,0,-2,-1,-2,-2,-1,-2,-1,-3,-1,-3,-1,-4,-1,-4,0,-4,0,-5,0,-5,0,-6,1,-6,1,-6,1,-7,1,-7,1,-7,2,-8,1,-8,2,-8,2,-9,2,0,0,-9,2,-9,2,-9,2,-9,2,-9,2,-10,2,-9,2,-9,2,-9,2,-9,2,-9,2,-9,2,-9,2,-8,2,-8,2,-8,2,-8,2,-8,2,-8,2,-8,2,-9,2,-8,2,-9,2,-9,1,-9,1,-9,0,0,0,0,0,0,0,0,0,0,0,0,0,0,0,-18,-38,-15,-36,-16,-32,-17,-26,-11,-21,-11,-20,-12,-18,-13,-9,-11,-8,-4,-1,-5,-2,0,10,-7,8,-5,12,-3,10,0,12,-5,16,-5,21,-3,25,-2,22,-2,28,-2,28,0,33,4,33,1,36,0,32,4,42,5,42,0,39,0,42,-1,39,6,46,2,41,3,44,5,48,1,45,-1,46,3,44,3,46,2,37,3,42,3,39,0,38,1,40,3,38,3,37,6,40,0,42,5,40,6,40,3,37,6,37,6,33,-1,32,3,41,-1,38,-8,37,0,0,0,0,0,0,0,0,0,0,0,0,0,0,0,0,0,0,0,0,0,0,-27,8,-30,1,-33,-3,-33,-14,-33,-17,-32,-21,-27,-22,-32,-31,-29,-33,-26,-39,-26,-43,-19,-47,-14,-46,-6,-46,-8,-57,-1,-56,-1,-63,7,-59,11,-62,15,-59,18,-57,19,-62,23,-61,29,-66,30,-59,32,-63,37,-57,43,-61,41,-59,43,-60,43,-56,49,-61,52,-59,49,-60,48,-56,47,-58,49,-56,48,-56,49,-55,49,-54,47,-57,44,-60,52,-56,50,-57,49,-58,45,-67,44,-53,48,-60,47,-59,51,-57,50,-54,50,-55,50,-46,56,-51,52,-46,50,-46,53,-45,0,0]"
CSI_DATA,60,1a:00:00:00:00:00,-51,11,1,0,1,1,1,0,0,0,1,-96,0,11,2,1033857,0,44,0,384,0,"[0,0,0,0,0,0,0,0,0,0,0,0,-3,4,-2,3,-2,2,-1,2,-1,1,0,1,0,0,1,0,1,-1,2,-1,2,-2,2,-2,2,-2,3,-3,3,-3,3,-4,3,-4,4,-4,4,-5,4,-5,4,-5,5,-6,5,-6,5,-7,5,-7,5,-7,0,0,6,-7,6,-7,6,-7,6,-7,6,-7,6,-7,6,-7,6,-7,6,-7,6,-7,6,-7,6,-7,5,-7,5,-7,5,-7,5,-7,5,-7,5,-7,5,-7,5,-7,5,-7,5,-7,5,-6,6,-6,6,-6,6,-5,0,0,0,0,0,0,0,0,0,0,0,0,0,0,33,36,22,21,22,31,15,20,12,28,12,19,15,10,8,10,4,1,10,0,4,-3,4,-7,2,-7,3,-11,3,-17,1,-14,2,-16,-1,-26,-3,-28,-6,-24,-10,-29,-4,-31,-2,-29,-9,-34,-8,-34,-10,-35,-14,-36,-5,-39,-12,-41,-12,-42,-17,-45,-11,-40,-15,-43,-13,-46,-11,-46,-2,-43,-8,-43,-11,-46,-7,-40,-8,-41,-6,-42,-11,-45,-4,-43,-8,-42,-11,-38,-10,-41,-11,-39,-11,-43,-10,-41,-11,-34,-9,-38,-8,-41,-9,-34,-8,-39,-6,-41,1,-35,1,-40,0,0,0,0,0,0,0,0,0,0,0,0,0,0,0,0,0,0,0,0,0,0,25,-17,31,-13,30,-9,36,-5,35,0,38,7,39,9,36,12,38,24,37,30,34,31,32,38,24,49,23,46,17,51,15,50,18,54,3,54,5,65,-6,66,4,67,-5,70,-6,65,-14,60,-14,70,-13,70,-20,63,-22,68,-21,72,-23,70,-28,70,-27,71,-31,66,-27,68,-29,65,-33,67,-35,65,-35,61,-30,63,-32,67,-37,65,-31,62,-33,67,-30,66,-33,66,-25,66,-33,63,-35,67,-31,71,-32,68,-42,62,-40,63,-43,60,-42,57,-48,57,-47,54,-44,49,0,0]"
CSI_DATA,61,1a:00:00:00:00:00,-51,11,1,0,1,1,1,0,0,0,1,-96,0,11,2,1042140,0,44,0,384,0,"[0,0,0,0,0,0,0,0,0,0,0,0,-5,2,-4,1,-3,1,-2,1,-2,1,-1,1,0,0,0,0,1,0,1,0,2,0,2,0,3,0,3,-1,4,-1,4,-1,4,-1,5,-1,5,-2,5,-2,6,-2,6,-2,6,-2,7,-2,7,-2,8,-2,0,0,8,-2,8,-2,8,-2,8,-2,8,-2,8,-2,8,-2,8,-1,8,-1,8,-2,8,-2,8,-2,8,-2,8,-2,7,-2,8,-2,7,-2,7,-2,7,-2,7,-2,7,-2,7,-1,7,-1,7,-1,8,-1,7,0,0,0,0,0,0,0,0,0,0,0,0,0,0,0,6,46,-1,38,0,34,3,30,2,25,6,22,1,14,0,12,1,8,2,4,4,-2,5,-6,8,-11,4,-11,3,-14,5,-14,10,-18,7,-18,9,-15,9,-19,7,-21,9,-28,6,-33,15,-25,8,-33,15,-36,7,-38,8,-37,15,-42,8,-40,12,-43,14,-43,17,-43,13,-46,14,-49,16,-44,16,-42,17,-44,17,-44,15,-41,18,-44,17,-40,18,-40,16,-32,13,-38,12,-38,9,-41,12,-36,13,-37,12,-34,14,-34,10,-39,12,-37,15,-37,14,-38,16,-37,22,-32,0,0,0,0,0,0,0,0,0,0,0,0,0,0,0,0,0,0,0,0,0,0,27,1,29,4,32,19,29,15,32,27,24,25,23,35,12,40,14,42,8,44,4,52,-4,49,-1,52,-9,51,-16,60,-13,50,-18,56,-29,54,-32,53,-36,51,-40,49,-42,51,-55,52,-48,47,-50,44,-53,48,-51,44,-59,46,-60,44,-65,37,-62,38,-62,37,-64,35,-63,34,-67,37,-65,32,-66,36,-68,33,-60,35,-63,36,-68,38,-66,36,-63,38,-70,34,-63,27,-64,45,-67,36,-66,37,-68,35,-65,32,-68,32,-63,30,-69,27,-65,26,-71,23,-73,18,-63,18,0,0]"
CSI_DATA,62,1a:00:00:00:00:00,-51,11,1,0,1,1,1,0,0,0,1,-96,0,11,2,1063189,0,44,0,384,0,"[0,0,0,0,0,0,0,0,0,0,0,0,-3,-5,-3,-4,-2,-3,-2,-2,-2,-2,-1,-1,-1,0,-1,0,-1,1,-1,1,0,2,0,2,0,3,0,3,1,4,1,4,1,4,2,5,2,5,2,5,2,6,2,6,3,6,3,7,3,7,3,7,0,0,4,8,3,8,3,8,3,8,3,9,3,9,3,8,3,8,3,8,3,8,3,8,3,8,3,7,3,8,3,7,3,7,3,7,3,7,3,7,3,7,3,7,3,7,3,7,2,7,2,8,1,8,0,0,0,0,0,0,0,0,0,0,0,0,0,0,-52,-2,-44,-4,-36,0,-32,-2,-30,0,-21,0,-17,5,-12,6,-8,3,-4,2,-4,3,1,1,4,7,7,7,7,8,13,9,12,4,19,4,18,7,23,5,30,3,30,9,24,6,31,6,29,6,37,3,45,6,37,2,43,10,42,9,46,7,44,4,39,8,43,7,47,10,48,8,45,6,45,9,43,14,40,11,44,10,47,10,42,8,41,5,39,6,42,8,35,4,40,1,37,3,40,6,40,4,37,2,37,11,35,9,35,10,38,10,38,11,0,0,0,0,0,0,0,0,0,0,0,0,0,0,0,0,0,0,0,0,0,0,-14,30,-20,25,-21,26,-29,22,-37,19,-34,17,-39,14,-40,6,-43,3,-48,4,-52,-4,-54,-13,-55,-15,-53,-18,-50,-20,-55,-32,-53,-32,-49,-42,-52,-38,-48,-48,-43,-51,-42,-49,-46,-54,-40,-59,-39,-61,-41,-63,-36,-65,-30,-64,-36,-69,-35,-67,-32,-74,-35,-70,-29,-73,-28,-72,-31,-68,-29,-66,-27,-69,-28,-66,-34,-71,-27,-68,-25,-70,-28,-72,-30,-62,-32,-71,-31,-74,-32,-63,-30,-67,-26,-70,-31,-69,-29,-70,-33,-72,-28,-69,-26,-66,-25,-74,-22,-69,-12,-66,-15,-63,0,0]"
CSI_DATA,63,1a:00:00:00:00:00,-51,11,1,0,1,1,1,0,0,0,1,-96,0,11,2,1074255,0,44,0,384,0,"[0,0,0,0,0,0,0,0,0,0,0,0,0,4,0,3,0,3,0,2,0,1,0,0,0,0,0,-1,0,-2,0,-2,0,-3,0,-3,0,-3,0,-4,0,-4,-1,-5,-1,-5,-1,-6,-1,-6,-1,-6,-1,-7,-1,-7,-1,-8,-1,-8,-1,-8,-1,-8,0,0,-2,-9,-1,-9,-2,-9,-2,-10,-1,-9,-1,-9,-1,-9,-1,-9,-2,-9,-1,-9,-1,-9,-1,-9,-1,-9,-1,-8,-2,-9,-2,-8,-2,-8,-2,-8,-2,-8,-2,-8,-2,-8,-2,-8,-2,-8,-1,-8,-1,-8,0,-8,0,0,0,0,0,0,0,0,0,0,0,0,0,0,50,2,41,1,31,1,29,6,26,0,20,1,13,5,11,-1,5,-4,4,0,-3,-5,3,-5,-3,-5,-6,-2,-13,-8,-12,-6,-20,-12,-15,-4,-16,-7,-26,-6,-24,-5,-24,-7,-28,-3,-31,-4,-32,-6,-33,-3,-36,-7,-35,-5,-40,-2,-43,-8,-35,-8,-45,-9,-49,-5,-43,-8,-46,-3,-39,-11,-44,-8,-47,-12,-44,-11,-45,-10,-47,-8,-41,-10,-42,-5,-40,-12,-42,-7,-38,-7,-33,-3,-42,-6,-39,-3,-34,-6,-36,-9,-39,-6,-37,-9,-37,-4,-38,-5,-39,-8,-37,-11,0,0,0,0,0,0,0,0,0,0,0,0,0,0,0,0,0,0,0,0,0,0,16,-26,17,-22,27,-22,33,-14,30,-15,33,-11,38,-7,44,-4,47,-1,47,9,48,11,49,16,46,26,45,27,47,35,41,35,45,33,39,45,39,52,41,50,35,49,36,58,34,53,28,59,28,60,28,61,25,62,29,68,19,70,21,68,19,71,25,66,20,70,16,71,17,75,15,69,21,71,21,68,20,68,23,68,15,64,24,71,21,74,24,68,24,67,17,61,22,67,24,72,22,72,20,75,20,67,22,71,18,70,16,68,17,67,5,63,9,67,0,0]"
CSI_DATA,64,1a:00:00:00:00:00,-50,11,1,0,1,1,1,0,0,0,1,-96,0,11,2,1092147,0,44,0,384,0,"[0,0,0,0,0,0,0,0,0,0,0,0,-4,4,-3,3,-2,2,-2,1,-1,1,-1,0,0,0,0,0,0,-1,1,-1,1,-2,2,-2,2,-3,2,-3,2,-4,3,-4,3,-5,3,-5,3,-5,3,-6,4,-6,4,-7,4,-7,4,-7,4,-7,4,-8,0,0,5,-8,5,-8,5,-9,5,-8,5,-8,5,-9,5,-8,5,-8,5,-8,5,-8,5,-8,5,-8,5,-7,5,-8,4,-8,4,-8,4,-8,4,-8,4,-8,4,-7,4,-8,4,-7,4,-7,5,-7,5,-7,5,-6,0,0,0,0,0,0,0,0,0,0,0,0,0,0,26,42,18,37,18,33,16,24,15,21,8,20,6,15,11,7,6,3,2,2,4,-1,3,-4,3,-1,0,-9,-1,-9,-7,-14,-1,-16,-6,-18,-10,-24,-9,-22,-10,-18,-11,-26,-13,-27,-8,-30,-13,-33,-20,-32,-18,-36,-16,-37,-20,-38,-20,-43,-23,-38,-22,-46,-17,-39,-23,-39,-25,-40,-22,-45,-23,-45,-19,-40,-17,-41,-20,-43,-23,-44,-20,-41,-16,-45,-21,-36,-17,-38,-19,-37,-17,-34,-21,-35,-19,-36,-21,-37,-22,-37,-18,-35,-20,-35,-19,-34,-16,-35,-13,-35,-15,-39,0,0,0,0,0,0,0,0,0,0,0,0,0,0,0,0,0,0,0,0,0,0,30,3,31,7,36,8,34,17,33,23,27,23,26,29,26,36,24,41,20,44,23,50,16,54,14,50,6,57,0,56,-2,62,-9,61,-11,60,-14,57,-22,63,-27,60,-30,66,-27,64,-30,61,-38,65,-34,56,-37,63,-43,58,-38,60,-45,59,-44,59,-46,58,-44,55,-46,55,-52,53,-51,60,-45,52,-43,53,-47,57,-47,56,-48,56,-46,57,-43,51,-49,59,-45,59,-42,51,-47,55,-43,60,-47,58,-41,57,-42,54,-48,59,-50,57,-54,51,-49,48,-47,42,-47,42,0,0]"
CSI_DATA,65,1a:00:00:00:00:00,-50,11,1,0,1,1,1,0,0,0,1,-96,0,11,2,1102903,0,44,0,384,0,"[0,0,0,0,0,0,0,0,0,0,0,0,-5,-1,-4,-1,-4,-1,-3,-1,-2,-1,-1,0,-1,0,0,0,0,0,1,0,1,0,2,0,2,0,3,0,3,0,4,0,4,0,5,0,5,0,5,0,6,0,6,0,7,0,7,0,7,0,7,0,0,0,8,0,8,0,8,0,9,0,8,0,8,0,8,0,8,0,8,0,8,0,8,0,8,0,8,0,7,0,7,0,7,0,7,0,7,0,7,-1,7,0,7,-1,7,0,7,0,7,0,7,0,7,1,0,0,0,0,0,0,0,0,0,0,0,0,0,0,-21,40,-13,34,-14,32,-12,26,-9,22,-9,17,-8,12,-4,12,-8,7,0,6,2,2,3,-4,3,-5,2,-7,5,-8,9,-12,7,-14,12,-14,7,-19,10,-17,12,-23,8,-26,10,-27,8,-31,8,-30,9,-28,15,-40,12,-36,17,-41,15,-42,13,-42,12,-44,13,-40,11,-48,15,-46,17,-41,15,-44,16,-46,14,-46,14,-42,17,-44,18,-39,20,-42,17,-40,12,-36,15,-35,11,-37,14,-37,9,-38,10,-40,9,-38,9,-37,8,-33,11,-34,11,-33,15,-35,17,-34,0,0,0,0,0,0,0,0,0,0,0,0,0,0,0,0,0,0,0,0,0,0,9,30,10,31,6,34,1,36,-4,42,-11,36,-11,39,-20,38,-24,42,-31,34,-37,38,-41,35,-46,31,-46,32,-54,28,-51,27,-56,24,-61,20,-59,15,-61,12,-68,9,-66,10,-73,0,-73,3,-72,-4,-72,-6,-72,-11,-73,-5,-74,-5,-76,-9,-75,-6,-71,-10,-77,-12,-73,-14,-74,-11,-70,-11,-69,-14,-71,-10,-66,-9,-73,-11,-73,-10,-71,-5,-70,-7,-74,-7,-66,-4,-71,4,-71,-2,-73,-2,-76,-3,-71,-6,-79,-12,-75,-5,-64,-8,-66,-5,-66,-14,-67,-12,-62,-15,0,0]"
CSI_DATA,66,1a:00:00:00:00:00,-50,11,1,0,1,1,1,0,0,0,1,-96,0,11,2,1112636,0,44,0,384,0,"[0,0,0,0,0,0,0,0,0,0,0,0,3,3,2,3,2,2,1,1,1,1,0,0,0,-1,-1,-1,-1,-2,-1,-2,-2,-2,-2,-3,-3,-3,-3,-3,-3,-3,-4,-4,-4,-4,-5,-4,-5,-4,-5,-5,-6,-5,-6,-5,-7,-5,-7,-5,-7,-6,-7,-6,0,0,-8,-6,-8,-6,-8,-6,-8,-7,-8,-6,-8,-7,-8,-7,-8,-6,-8,-7,-8,-7,-8,-6,-7,-6,-7,-6,-7,-6,-7,-5,-7,-5,-8,-5,-7,-5,-8,-5,-7,-5,-7,-5,-7,-5,-7,-5,-7,-5,-7,-6,-6,-6,0,0,0,0,0,0,0,0,0,0,0,0,0,0,42,-24,38,-18,36,-17,28,-16,26,-11,18,-3,16,-4,17,-9,7,-7,1,-4,-2,-5,-2,-2,-7,6,-9,1,-12,1,-16,2,-17,5,-25,3,-21,10,-22,6,-24,9,-22,14,-30,13,-31,20,-36,18,-33,22,-37,14,-35,16,-33,21,-42,24,-38,23,-44,21,-41,25,-42,22,-43,23,-44,23,-46,27,-44,26,-44,19,-42,25,-43,18,-40,17,-38,20,-38,19,-37,19,-41,19,-36,13,-35,21,-30,22,-36,18,-36,22,-34,21,-32,20,-34,19,-37,16,-39,10,-32,14,0,0,0,0,0,0,0,0,0,0,0,0,0,0,0,0,0,0,0,0,0,0,7,-33,12,-30,13,-32,20,-26,24,-31,26,-24,35,-24,38,-22,41,-20,50,-11,52,-10,54,-6,53,-2,61,2,63,12,60,11,57,18,63,23,59,25,56,28,58,32,65,32,65,37,60,45,61,47,54,45,58,48,58,49,56,47,58,50,52,54,53,52,56,53,51,52,51,52,55,55,49,51,53,52,49,51,54,53,53,51,56,50,58,52,58,44,52,46,61,47,57,42,57,52,57,49,55,48,55,53,55,49,52,49,50,47,48,52,40,54,41,50,0,0]"
CSI_DATA,67,1a:00:00:00:00:00,-50,11,1,0,1,1,1,0,0,0,1,-96,0,11,2,1122155,0,44,0,384,0,"[0,0,0,0,0,0,0,0,0,0,0,0,0,-5,0,-4,0,-3,0,-3,0,-2,0,-1,-1,-1,-1,0,-1,0,-1,1,-1,2,0,2,0,2,0,3,0,3,0,4,0,4,0,5,0,5,0,6,0,6,0,6,1,7,1,7,1,7,1,8,0,0,1,8,0,8,0,8,1,9,0,9,0,9,0,9,0,9,0,9,0,9,0,8,0,8,0,8,0,7,0,8,1,7,1,7,1,7,1,7,0,7,0,7,0,7,0,7,0,7,0,7,-1,7,0,0,0,0,0,0,0,0,0,0,0,0,0,0,-50,-22,-36,-16,-38,-13,-24,-18,-25,-13,-20,-6,-19,-8,-11,-6,-7,-4,-5,-1,1,-2,0,3,8,3,5,5,11,5,12,7,9,6,18,12,19,12,22,10,23,10,22,13,27,12,28,14,31,9,31,12,34,12,40,9,37,13,36,15,39,21,44,18,42,14,42,17,44,16,43,18,45,15,36,14,43,16,43,21,43,19,41,13,37,18,38,15,36,15,42,14,38,13,34,14,35,13,37,13,37,10,40,12,36,9,33,13,35,10,33,13,30,20,0,0,0,0,0,0,0,0,0,0,0,0,0,0,0,0,0,0,0,0,0,0,-27,15,-26,10,-35,8,-33,3,-38,-2,-41,-5,-39,-11,-43,-19,-38,-21,-43,-24,-41,-32,-45,-40,-37,-42,-37,-47,-36,-49,-34,-51,-35,-59,-29,-54,-24,-65,-20,-64,-17,-68,-23,-67,-16,-70,-13,-70,-11,-75,-10,-76,-5,-75,-1,-79,4,-73,3,-78,0,-75,0,-77,5,-75,5,-77,4,-75,4,-76,7,-72,3,-74,3,-73,2,-73,7,-75,1,-73,4,-77,-2,-75,2,-73,3,-77,1,-78,-3,-77,1,-71,3,-70,1,-75,7,-73,6,-72,7,-70,4,-71,8,-64,11,-66,0,0]"
CSI_DATA,68,1a:00:00:00:00:00,-50,11,1,0,1,1,1,0,0,0,1,-96,0,11,2,1132139,0,44,0,384,0,"[0,0,0,0,0,0,0,0,0,0,0,0,-5,1,-4,0,-4,0,-3,0,-2,0,-1,0,-1,0,0,0,0,-1,1,-1,2,-1,2,-1,2,-1,3,-2,3,-2,4,-2,4,-3,5,-3,5,-3,5,-3,5,-3,6,-4,6,-4,6,-4,7,-4,7,-4,0,0,7,-5,8,-5,7,-5,8,-5,8,-5,8,-5,8,-5,8,-5,8,-5,8,-5,7,-5,7,-4,7,-4,7,-5,7,-5,6,-5,6,-5,6,-5,6,-5,6,-5,6,-5,6,-5,6,-5,6,-4,7,-4,6,-4,0,0,0,0,0,0,0,0,0,0,0,0,0,0,0,44,-6,38,0,36,1,27,-4,28,0,18,-2,15,3,11,-3,8,-2,3,1,-1,5,-3,-1,-4,-1,-7,-3,-10,1,-12,-1,-19,-1,-17,1,-20,2,-21,-2,-27,-5,-25,-4,-29,-4,-30,-5,-35,-2,-34,-3,-35,-7,-39,-7,-42,-7,-38,-6,-41,-7,-45,-4,-45,-4,-45,-6,-44,-6,-46,-2,-43,-4,-49,-3,-45,-4,-40,-5,-49,-6,-41,-6,-44,-5,-38,-4,-39,-8,-35,-8,-36,-5,-40,-9,-40,-1,-37,-5,-38,-7,-37,-8,-37,-2,-36,-4,-29,-4,-36,1,-35,0,0,0,0,0,0,0,0,0,0,0,0,0,0,0,0,0,0,0,0,0,0,17,22,14,24,11,29,12,33,2,32,3,35,-4,39,-2,37,-8,41,-12,42,-18,44,-23,44,-29,43,-32,44,-37,45,-41,41,-48,40,-51,40,-52,40,-54,31,-57,31,-64,28,-63,28,-62,27,-67,21,-66,23,-65,22,-73,23,-69,21,-69,23,-70,17,-71,17,-69,18,-68,17,-72,13,-67,16,-70,15,-68,17,-67,18,-66,22,-68,17,-64,20,-67,22,-68,21,-68,24,-65,20,-63,26,-62,24,-69,25,-66,25,-68,24,-68,25,-72,19,-66,22,-65,18,-70,9,-57,10,0,0]"
CSI_DATA,69,1a:00:00:00:00:00,-50,11,1,0,1,1,1,0,0,0,1,-96,0,11,2,1143019,0,44,0,384,0,"[0,0,0,0,0,0,0,0,0,0,0,0,1,4,1,3,0,2,0,2,0,1,0,0,-1,0,-1,-1,-1,-1,-1,-2,-1,-2,-2,-3,-2,-3,-2,-4,-2,-4,-3,-4,-3,-5,-3,-5,-3,-5,-4,-6,-4,-6,-4,-6,-5,-7,-5,-7,-5,-7,-5,-7,0,0,-5,-8,-5,-8,-5,-8,-6,-8,-5,-8,-5,-8,-5,-8,-5,-8,-5,-8,-5,-8,-5,-8,-5,-8,-5,-7,-5,-7,-5,-7,-5,-7,-5,-7,-5,-7,-5,-7,-5,-7,-5,-7,-5,-7,-5,-7,-5,-7,-4,-7,-4,-7,0,0,0,0,0,0,0,0,0,0,0,0,0,0,48,-1,39,1,36,0,32,0,27,-1,27,2,15,4,12,0,7,1,3,-1,1,-3,-2,-3,-6,-4,-11,-1,-12,-4,-10,0,-15,0,-17,0,-21,-2,-22,0,-26,1,-28,0,-26,4,-31,0,-27,3,-32,3,-34,3,-35,4,-36,-3,-39,7,-44,2,-47,5,-38,1,-45,1,-44,4,-41,2,-50,5,-41,4,-43,4,-48,4,-42,3,-42,-2,-43,5,-36,2,-37,4,-35,1,-42,0,-40,2,-36,11,-37,5,-35,5,-34,5,-37,1,-38,6,-34,2,-40,3,-34,-2,0,0,0,0,0,0,0,0,0,0,0,0,0,0,0,0,0,0,0,0,0,0,19,-22,24,-18,23,-18,31,-14,32,-12,34,-6,37,-1,38,-1,45,3,43,8,48,10,51,18,55,20,53,24,52,31,45,34,48,41,43,41,46,46,41,49,44,53,40,55,40,58,34,62,33,64,35,65,34,65,24,72,25,65,26,68,24,66,24,67,22,67,18,66,25,67,21,68,24,63,22,66,24,62,27,67,26,67,29,64,29,64,27,63,26,61,32,63,28,63,26,61,30,64,30,62,24,65,29,69,25,69,20,63,24,60,17,65,15,59,0,0]"
CSI_DATA,70,1a:00:00:00:00:00,-50,11,1,0,1,1,1,0,0,0,1,-96,0,11,2,1152450,0,44,0,384,0,"[0,0,0,0,0,0,0,0,0,0,0,0,-5,2,-4,1,-4,1,-3,0,-2,0,-1,0,-1,0,0,-1,0,-1,1,-1,1,-1,2,-2,2,-2,2,-2,3,-3,3,-3,3,-3,4,-3,4,-4,4,-4,5,-4,5,-5,5,-5,5,-5,6,-5,6,-5,0,0,7,-6,7,-6,7,-6,7,-6,7,-6,7,-6,7,-6,7,-6,7,-6,7,-6,7,-5,6,-5,6,-5,6,-5,6,-5,6,-6,6,-6,5,-6,5,-6,5,-6,5,-6,5,-6,6,-5,6,-5,6,-5,6,-4,0,0,0,0,0,0,0,0,0,0,0,0,0,0,-1,45,-8,42,-5,38,-3,35,-2,24,-4,19,-1,14,-4,7,-4,10,2,5,-2,3,-3,1,1,-6,1,-10,-1,-10,1,-13,1,-15,0,-20,0,-21,3,-20,0,-24,-6,-26,-4,-29,-1,-33,0,-37,-2,-35,-2,-35,-3,-40,-2,-41,-4,-45,-4,-42,-1,-44,-1,-43,-5,-40,-5,-44,1,-40,-2,-49,-6,-45,-1,-45,-1,-43,0,-40,-2,-42,0,-38,-1,-43,-7,-40,0,-38,-4,-38,-6,-36,-2,-36,-5,-35,-6,-37,-2,-39,-8,-35,-1,-36,-2,-33,-2,-39,1,-36,0,0,0,0,0,0,0,0,0,0,0,0,0,0,0,0,0,0,0,0,0,0,22,19,16,22,15,27,14,34,13,35,0,36,-4,39,0,36,-3,42,-9,48,-16,50,-23,51,-23,52,-32,49,-37,48,-38,48,-42,46,-48,46,-53,46,-56,46,-58,39,-62,38,-59,37,-65,35,-68,34,-67,32,-70,27,-74,25,-70,28,-74,24,-76,25,-74,25,-69,24,-69,23,-72,21,-68,20,-69,25,-72,24,-69,29,-72,27,-69,23,-68,27,-69,25,-68,27,-68,25,-63,27,-65,27,-69,31,-69,30,-73,24,-65,22,-64,22,-66,21,-66,21,-71,14,-66,17,-67,14,0,0]"
CSI_DATA,71,1a:00:00:00:00:00,-51,11,1,0,1,1,1,0,0,0,1,-96,0,11,2,1172348,0,44,0,384,0,"[0,0,0,0,0,0,0,0,0,0,0,0,-5,-1,-4,-1,-4,-1,-3,-1,-2,-1,-1,-1,-1,-1,0,0,0,0,1,0,1,0,2,0,2,0,2,0,3,0,3,0,4,-1,4,0,4,-1,5,-1,5,-1,5,-1,6,-1,6,-1,6,-1,7,-1,0,0,7,-1,7,-1,7,-1,7,-1,7,-1,7,-1,7,-1,7,-1,7,-1,7,-1,7,-1,6,-1,7,-1,7,-1,6,-1,6,-1,6,-2,6,-2,6,-2,6,-2,6,-2,6,-1,6,-1,6,-1,6,-1,6,0,0,0,0,0,0,0,0,0,0,0,0,0,0,0,-24,40,-20,36,-20,32,-19,23,-18,23,-12,15,-8,15,-9,9,-7,7,-5,7,1,4,3,-3,5,0,5,-9,7,-9,7,-13,3,-15,9,-15,12,-16,12,-18,16,-21,9,-27,8,-23,14,-28,13,-29,13,-31,14,-28,14,-34,18,-34,22,-35,18,-34,19,-32,22,-32,16,-31,22,-36,20,-35,22,-35,20,-40,20,-34,15,-35,20,-35,18,-35,19,-31,19,-33,16,-31,16,-32,17,-34,17,-32,13,-32,19,-32,16,-34,15,-30,16,-30,14,-27,16,-30,19,-28,17,-28,0,0,0,0,0,0,0,0,0,0,0,0,0,0,0,0,0,0,0,0,0,0,11,23,6,30,0,32,-4,34,-6,34,-8,37,-17,37,-20,36,-25,39,-26,38,-35,36,-38,34,-43,35,-51,34,-49,31,-55,25,-58,26,-61,21,-60,19,-69,17,-69,13,-72,12,-72,11,-75,7,-75,2,-80,5,-77,0,-78,-2,-78,-1,-79,-5,-75,-6,-76,-7,-76,-5,-74,-8,-74,-10,-74,-11,-74,-6,-73,-8,-71,-8,-78,-8,-76,-8,-77,-5,-71,-4,-76,-5,-73,-6,-78,0,-75,-3,-72,-7,-75,-7,-74,-12,-73,-6,-72,-9,-75,-17,-72,-16,-67,-13,-67,-18,-63,-15,0,0]"
CSI_DATA,72,1a:00:00:00:00:00,-51,11,1,0,1,1,1,0,0,0,1,-96,0,11,2,1192138,0,44,0,384,0,"[0,0,0,0,0,0,0,0,0,0,0,0,2,3,2,3,1,2,1,1,1,1,0,0,0,0,0,-1,-1,-1,-1,-1,-1,-2,-2,-2,-2,-2,-2,-3,-2,-3,-3,-3,-3,-3,-3,-4,-3,-4,-4,-4,-4,-4,-4,-4,-4,-5,-4,-5,-5,-5,-5,-5,0,0,-5,-5,-5,-6,-5,-5,-5,-6,-5,-5,-5,-6,-5,-6,-5,-5,-5,-5,-5,-5,-5,-5,-5,-5,-5,-5,-5,-5,-5,-5,-5,-5,-5,-5,-5,-5,-5,-5,-5,-5,-5,-5,-5,-5,-5,-5,-5,-5,-5,-5,-4,-5,0,0,0,0,0,0,0,0,0,0,0,0,0,0,45,-21,40,-14,35,-11,31,-13,25,-10,24,-3,18,-7,17,-5,6,-2,9,-4,3,-5,-3,0,-2,0,-6,2,-13,2,-15,3,-14,3,-13,-3,-16,3,-19,3,-22,8,-23,11,-25,9,-25,10,-29,7,-27,10,-31,8,-33,8,-35,9,-35,11,-33,14,-38,10,-37,7,-32,12,-34,6,-36,11,-39,11,-41,13,-34,11,-34,11,-35,12,-35,12,-35,11,-34,11,-34,12,-31,10,-32,14,-31,13,-30,10,-33,11,-32,8,-31,10,-32,14,-30,10,-34,9,-33,9,-30,5,0,0,0,0,0,0,0,0,0,0,0,0,0,0,0,0,0,0,0,0,0,0,10,-24,14,-28,15,-26,22,-27,24,-24,36,-19,34,-21,40,-20,45,-14,42,-13,49,-9,53,-9,55,-6,60,2,65,5,65,13,63,13,67,13,67,19,67,26,68,30,68,31,69,37,64,36,65,37,71,39,66,43,66,43,64,48,62,54,60,49,62,54,59,50,58,55,59,49,54,56,57,50,59,49,55,52,55,49,55,49,58,48,57,52,62,51,59,55,64,53,57,51,62,45,56,46,56,50,56,54,55,53,51,54,48,50,46,46,42,50,37,55,0,0]"
CSI_DATA,73,1a:00:00:00:00:00,-51,11,1,0,1,1,1,0,0,0,1,-96,0,11,2,1212945,0,44,0,384,0,"[0,0,0,0,0,0,0,0,0,0,0,0,-1,4,-1,3,-1,2,-1,2,-1,1,-1,1,0,0,0,0,0,-1,0,-1,0,-2,0,-2,1,-2,1,-3,1,-3,1,-3,1,-4,1,-4,1,-4,1,-5,1,-5,1,-5,1,-5,1,-6,1,-6,1,-6,0,0,1,-6,1,-6,1,-6,1,-6,2,-6,2,-6,2,-6,1,-6,1,-6,1,-6,1,-6,1,-6,1,-6,1,-6,1,-6,1,-6,1,-6,1,-6,1,-6,1,-6,1,-6,1,-6,1,-6,1,-6,2,-6,2,-6,0,0,0,0,0,0,0,0,0,0,0,0,0,0,48,15,37,17,34,12,26,10,23,13,18,13,14,7,13,4,7,0,3,4,1,-1,2,-2,1,1,-5,-5,-9,-8,-3,-9,-7,-8,-11,-10,-15,-13,-16,-12,-19,-12,-18,-12,-19,-15,-19,-15,-20,-18,-23,-19,-23,-16,-24,-15,-23,-24,-27,-18,-25,-19,-27,-16,-26,-22,-31,-22,-31,-19,-27,-21,-28,-20,-29,-20,-28,-17,-27,-21,-27,-20,-29,-22,-25,-14,-26,-19,-23,-14,-25,-16,-26,-19,-26,-16,-27,-18,-26,-16,-28,-17,-27,-17,-27,-17,-28,-12,-23,-21,-24,-21,-21,-21,0,0,0,0,0,0,0,0,0,0,0,0,0,0,0,0,0,0,0,0,0,0,23,-9,31,-6,31,-4,38,-3,42,0,40,5,43,7,42,10,44,21,43,20,43,27,44,37,40,36,42,34,40,43,44,42,42,57,29,56,33,62,36,61,26,68,33,67,25,68,24,69,16,71,17,75,13,72,18,73,11,80,15,79,11,80,9,75,10,77,5,76,6,74,10,77,6,75,5,76,5,73,6,76,7,73,4,78,7,75,7,75,9,73,11,74,7,73,6,75,4,69,4,73,-2,75,-2,74,-4,69,-7,66,-10,68,-9,62,-12,67,0,0]"
CSI_DATA,74,1a:00:00:00:00:00,-52,11,1,0,1,1,1,0,0,0,1,-96,0,11,2,1222161,0,44,0,384,0,"[0,0,0,0,0,0,0,0,0,0,0,0,-3,3,-3,2,-2,2,-2,1,-1,1,-1,0,-1,0,0,0,1,0,1,-1,1,-1,1,-1,2,-2,2,-2,2,-2,2,-2,2,-3,2,-3,3,-3,3,-3,4,-3,3,-4,3,-4,4,-4,4,-4,4,-4,0,0,4,-4,4,-4,4,-4,4,-4,4,-4,5,-4,4,-4,4,-4,4,-4,4,-4,4,-4,4,-4,4,-4,4,-4,4,-4,4,-5,4,-4,3,-4,3,-4,4,-4,4,-4,4,-4,4,-4,4,-3,4,-3,5,-3,0,0,0,0,0,0,0,0,0,0,0,0,0,0,-21,38,-20,36,-11,33,-13,28,-14,24,-5,15,-15,14,-6,12,-6,7,0,5,-1,3,8,3,3,-2,2,-2,14,-3,12,-6,11,-9,10,-10,15,-15,14,-7,18,-14,16,-13,17,-17,19,-16,21,-17,19,-15,22,-22,20,-23,20,-22,22,-21,26,-20,24,-19,20,-21,23,-19,28,-16,27,-20,26,-20,26,-22,28,-21,23,-20,22,-17,23,-19,25,-18,24,-20,23,-20,22,-22,24,-21,18,-23,24,-20,21,-19,19,-22,25,-22,22,-20,22,-19,26,-14,27,-18,30,-14,0,0,0,0,0,0,0,0,0,0,0,0,0,0,0,0,0,0,0,0,0,0,17,25,12,29,10,33,10,37,6,39,-2,40,-1,35,-4,46,-13,48,-13,51,-17,54,-20,50,-33,54,-35,57,-37,50,-48,51,-43,53,-50,51,-53,45,-55,46,-56,45,-63,41,-68,34,-72,38,-69,30,-72,31,-83,27,-73,24,-77,27,-80,19,-85,20,-78,18,-78,16,-74,14,-80,14,-82,13,-77,11,-75,16,-78,15,-72,9,-77,8,-73,12,-78,10,-76,9,-73,9,-73,7,-71,5,-75,6,-74,2,-75,3,-74,1,-75,-8,-70,-1,-69,-4,-68,-6,-65,-12,-60,-16,0,0]"
CSI_DATA,75,1a:00:00:00:00:00,-52,11,1,0,1,1,1,0,0,0,1,-96,0,11,2,1233159,0,44,0,384,0,"[0,0,0,0,0,0,0,0,0,0,0,0,-4,-2,-3,-2,-3,-2,-3,-1,-2,-1,-1,0,-1,0,0,1,0,1,0,1,0,2,0,1,1,1,1,1,1,1,2,2,2,2,2,3,2,2,3,2,3,3,3,2,3,3,3,3,3,3,4,4,0,0,3,4,3,3,3,3,3,4,3,3,3,3,3,3,3,3,3,4,3,4,3,4,3,3,3,3,3,3,3,3,3,3,3,3,3,3,3,3,3,3,3,3,3,3,3,3,3,4,2,3,2,4,0,0,0,0,0,0,0,0,0,0,0,0,0,0,-40,-7,-38,-5,-32,-8,-25,-9,-23,-6,-21,-10,-17,-4,-15,1,-7,6,-3,-3,-3,5,-1,4,3,6,0,8,10,9,7,10,11,10,9,9,12,13,10,13,18,14,16,12,17,13,21,13,19,18,24,20,24,17,23,18,23,19,26,19,30,19,27,19,24,25,22,20,26,25,24,20,25,15,25,22,24,15,23,22,26,20,21,17,22,20,22,17,23,15,22,18,20,19,26,13,27,19,24,16,27,17,23,18,19,15,20,18,23,23,23,21,14,22,0,0,0,0,0,0,0,0,0,0,0,0,0,0,0,0,0,0,0,0,0,0,-25,22,-29,21,-30,17,-35,10,-38,14,-46,9,-46,4,-48,1,-51,4,-50,-5,-57,-12,-56,-19,-57,-15,-63,-25,-60,-29,-59,-37,-60,-39,-59,-44,-60,-50,-59,-53,-57,-53,-50,-53,-51,-58,-47,-63,-47,-70,-45,-67,-44,-68,-44,-71,-38,-66,-37,-73,-36,-71,-37,-73,-30,-71,-35,-74,-32,-73,-31,-72,-32,-72,-26,-71,-27,-73,-26,-73,-22,-71,-29,-72,-25,-71,-25,-74,-24,-72,-26,-69,-25,-66,-24,-68,-23,-70,-19,-69,-17,-70,-18,-69,-11,-68,-7,-67,-3,-62,-9,-61,-2,-68,0,0]"
CSI_DATA,76,1a:00:00:00:00:00,-52,11,1,0,1,1,1,0,0,0,1,-96,0,11,2,1242154,0,44,0,384,0,"[0,0,0,0,0,0,0,0,0,0,0,0,1,-4,1,-4,0,-2,-1,-2,-1,-2,-1,-1,-2,-1,-2,-1,-2,-1,-3,0,-3,0,-3,0,-4,0,-4,1,-4,1,-4,1,-4,1,-4,1,-5,2,-4,2,-5,2,-6,2,-5,2,-6,2,-6,2,-6,2,0,0,-6,2,-6,2,-6,2,-6,2,-6,2,-6,2,-6,2,-6,2,-6,2,-6,1,-6,2,-5,1,-5,1,-5,1,-5,1,-5,2,-5,2,-5,2,-5,1,-5,1,-5,2,-5,1,-5,1,-6,1,-6,0,-6,0,0,0,0,0,0,0,0,0,0,0,0,0,0,0,14,-37,7,-30,11,-31,10,-21,3,-19,2,-13,5,-10,-2,-11,-4,-6,-4,-3,-4,-3,-9,-2,-12,1,-12,1,-13,0,-13,3,-16,0,-16,6,-16,9,-20,8,-19,5,-22,2,-21,11,-23,11,-26,9,-24,10,-27,8,-29,10,-26,13,-29,13,-23,7,-30,6,-29,11,-31,16,-29,14,-32,9,-29,15,-29,12,-32,8,-28,7,-28,4,-29,10,-27,7,-28,11,-24,6,-28,9,-24,7,-28,7,-27,8,-26,8,-26,9,-27,8,-28,6,-28,2,-28,5,-26,0,-31,-3,0,0,0,0,0,0,0,0,0,0,0,0,0,0,0,0,0,0,0,0,0,0,-30,-16,-29,-25,-23,-29,-25,-35,-19,-41,-17,-44,-13,-42,-13,-48,-11,-50,-4,-54,6,-58,3,-60,9,-62,10,-64,17,-63,25,-63,29,-65,32,-64,36,-62,39,-62,46,-57,51,-60,55,-58,61,-57,62,-53,62,-48,63,-49,67,-47,64,-42,69,-39,66,-38,72,-35,68,-27,67,-33,71,-30,72,-25,69,-28,72,-27,70,-25,65,-25,70,-24,67,-23,66,-22,67,-22,68,-19,66,-15,66,-13,68,-14,66,-15,68,-12,67,-7,66,-11,61,-3,63,-1,58,2,55,12,53,11,0,0]"
CSI_DATA,77,1a:00:00:00:00:00,-50,11,1,0,1,1,1,0,0,0,1,-96,0,11,2,1262157,0,44,0,384,0,"[0,0,0,0,0,0,0,0,0,0,0,0,-1,3,-1,2,0,1,1,1,1,1,1,1,1,1,2,0,3,0,3,1,2,0,3,0,4,0,4,0,4,0,4,-1,4,0,4,0,5,-1,5,-1,5,0,5,-1,5,0,5,0,5,-1,6,0,0,0,5,0,6,0,6,0,6,0,6,0,5,0,6,0,5,0,5,1,4,0,4,0,4,1,4,1,4,1,4,0,4,0,4,0,4,0,4,0,4,0,4,1,4,1,4,1,4,1,3,1,3,2,0,0,0,0,0,0,0,0,0,0,0,0,0,0,-19,29,-14,26,-9,20,-7,22,-5,13,-3,11,1,10,-1,9,8,9,7,5,9,7,16,9,14,7,18,9,14,9,20,3,23,8,21,8,23,9,21,3,28,7,23,6,27,6,24,1,29,3,26,6,29,3,34,3,34,6,35,6,34,7,34,7,32,12,33,8,32,6,29,8,34,11,28,7,27,7,30,11,28,9,28,7,27,11,27,14,31,10,26,5,28,6,27,8,27,9,27,12,26,8,22,9,22,12,23,14,19,11,22,12,21,16,0,0,0,0,0,0,0,0,0,0,0,0,0,0,0,0,0,0,0,0,0,0,17,33,17,38,14,40,8,43,2,44,-1,52,-3,52,-11,51,-11,56,-19,53,-18,60,-27,56,-30,56,-36,54,-45,58,-45,47,-52,53,-52,46,-53,46,-62,47,-64,43,-66,44,-71,32,-71,34,-78,31,-76,33,-76,18,-82,23,-79,17,-80,16,-74,10,-82,16,-78,12,-79,10,-74,8,-79,1,-74,5,-70,-2,-69,0,-72,-6,-71,-2,-70,-1,-75,-3,-69,-5,-65,-8,-64,-9,-69,-8,-67,-7,-68,-9,-66,-11,-62,-13,-59,-10,-62,-14,-56,-14,-50,-23,-51,-24,-44,-21,0,0]"
CSI_DATA,78,1a:00:00:00:00:00,-50,11,1,0,1,1,1,0,0,0,1,-96,0,11,2,1272150,0,44,0,384,0,"[0,0,0,0,0,0,0,0,0,0,0,0,2,-2,1,-2,1,-2,1,-3,1,-3,0,-3,0,-4,0,-4,0,-4,0,-5,0,-5,-1,-5,0,-5,0,-5,-1,-5,-1,-6,-1,-6,-1,-6,-1,-6,-1,-6,-1,-6,-1,-6,-1,-7,-1,-6,-1,-6,-1,-7,0,0,-1,-7,-1,-7,-1,-7,0,-7,-1,-7,0,-6,0,-6,0,-6,0,-6,1,-7,0,-6,0,-6,0,-5,0,-5,0,-5,1,-5,0,-5,0,-5,0,-5,0,-5,1,-5,1,-5,1,-5,1,-5,1,-4,2,-4,0,0,0,0,0,0,0,0,0,0,0,0,0,0,27,-5,27,-6,21,-13,18,-10,12,-7,7,-8,9,-13,7,-14,5,-14,6,-18,4,-19,0,-21,-5,-22,-2,-27,0,-24,-3,-28,-2,-27,-5,-27,-4,-26,-7,-29,-7,-29,-6,-28,-6,-29,-7,-34,-5,-30,-6,-30,-9,-35,-6,-35,-7,-30,-10,-37,-8,-36,-7,-36,-1,-33,-8,-36,-6,-39,-6,-35,0,-31,0,-29,-1,-31,0,-32,-1,-33,0,-26,0,-27,0,-30,3,-21,1,-26,1,-24,0,-28,2,-26,1,-26,0,-28,4,-27,4,-26,2,-27,6,-24,6,-26,9,-20,0,0,0,0,0,0,0,0,0,0,0,0,0,0,0,0,0,0,0,0,0,0,14,-35,16,-36,26,-37,30,-36,34,-32,41,-27,43,-32,51,-28,53,-22,56,-21,60,-16,66,-14,61,-8,67,-1,69,0,75,5,75,9,73,13,71,19,72,29,67,27,70,38,65,33,67,41,65,42,70,45,64,46,62,51,59,52,57,53,56,57,47,57,46,59,44,60,41,59,42,60,40,60,41,54,39,57,43,60,39,57,34,58,34,55,37,58,30,54,25,54,23,57,31,51,27,59,24,58,22,57,19,54,17,54,17,49,10,51,9,47,11,41,0,0]"
CSI_DATA,79,1a:00:00:00:00:00,-49,11,1,0,1,1,1,0,0,0,1,-96,0,11,2,1282678,0,44,0,384,0,"[0,0,0,0,0,0,0,0,0,0,0,0,3,-1,2,-1,2,-2,2,-2,2,-2,2,-3,2,-3,2,-3,2,-4,3,-4,2,-4,3,-4,2,-4,2,-4,2,-4,2,-5,2,-5,2,-5,2,-5,2,-5,2,-5,2,-5,2,-6,3,-6,3,-6,2,-6,0,0,3,-6,3,-5,3,-5,3,-6,3,-5,3,-5,3,-5,3,-5,3,-5,3,-5,3,-4,3,-4,3,-4,3,-4,3,-4,3,-4,3,-3,3,-3,2,-4,3,-4,2,-3,2,-3,3,-3,3,-3,3,-2,3,-2,0,0,0,0,0,0,0,0,0,0,0,0,0,0,21,12,26,5,22,4,22,-1,15,-3,16,-9,18,-7,13,-11,16,-16,14,-15,10,-19,16,-21,16,-19,14,-24,14,-22,12,-26,15,-24,14,-25,13,-26,13,-27,11,-31,13,-29,12,-32,9,-32,14,-29,12,-35,11,-34,17,-32,16,-32,16,-33,17,-33,15,-33,16,-34,15,-36,18,-35,24,-32,17,-30,18,-30,16,-31,20,-28,18,-28,19,-24,15,-25,17,-22,14,-27,18,-23,15,-25,17,-23,17,-17,14,-18,14,-23,14,-19,15,-20,14,-20,17,-21,18,-16,17,-14,0,0,0,0,0,0,0,0,0,0,0,0,0,0,0,0,0,0,0,0,0,0,37,-10,40,-8,47,-1,46,0,46,3,47,14,48,13,50,16,58,22,52,29,56,35,48,40,51,43,47,48,48,49,49,57,39,62,40,64,35,66,32,70,33,72,31,71,26,78,20,78,14,80,14,80,9,78,7,78,8,78,6,76,2,71,1,75,-1,77,-2,72,-3,73,-3,72,-4,72,-7,69,-10,63,-8,66,-12,66,-9,62,-6,64,-3,64,-6,61,-4,63,-9,58,-9,62,-12,59,-12,58,-16,56,-14,55,-13,50,-13,53,-13,50,-13,43,-16,41,0,0]"
CSI_DATA,80,1a:00:00:00:00:00,-47,11,1,0,1,1,1,0,0,0,1,-96,0,11,2,1302165,0,44,0,384,0,"[0,0,0,0,0,0,0,0,0,0,0,0,2,3,2,2,3,2,3,2,3,2,3,2,4,2,4,2,4,2,4,2,5,2,5,2,5,1,5,1,5,1,5,1,5,1,5,2,5,1,6,2,6,1,6,1,6,2,6,1,6,1,6,2,0,0,6,2,6,2,6,2,5,2,5,3,5,3,5,2,5,3,4,3,4,3,4,2,4,2,3,2,3,2,3,2,3,2,3,2,3,2,3,2,3,2,3,2,2,2,2,2,2,2,2,2,2,2,0,0,0,0,0,0,0,0,0,0,0,0,0,0,6,22,6,20,12,20,13,15,11,18,16,13,19,14,22,14,25,11,24,12,28,11,28,14,27,10,28,12,31,11,31,11,32,9,31,10,30,10,31,11,36,8,36,9,35,6,33,8,34,5,38,9,36,9,35,9,37,15,36,13,40,15,35,13,39,11,38,14,33,15,34,15,33,18,33,16,31,13,28,13,29,14,23,21,23,14,25,16,26,15,18,18,21,15,24,15,20,15,24,12,20,16,20,13,19,13,16,15,18,16,16,15,16,14,0,0,0,0,0,0,0,0,0,0,0,0,0,0,0,0,0,0,0,0,0,0,25,36,23,39,19,44,17,48,11,49,5,50,2,52,1,56,-4,57,-9,59,-16,62,-20,66,-29,67,-30,68,-33,63,-37,64,-44,64,-45,59,-52,59,-53,57,-54,59,-62,55,-61,48,-64,46,-66,44,-68,41,-74,37,-71,34,-72,31,-72,32,-72,27,-69,25,-70,23,-69,26,-67,26,-67,20,-65,22,-63,18,-67,19,-64,20,-64,16,-61,17,-62,16,-61,15,-63,14,-61,11,-60,13,-54,17,-56,15,-52,12,-57,7,-56,6,-52,6,-49,6,-49,-1,-43,4,-41,-2,0,0]"
CSI_DATA,81,1a:00:00:00:00:00,-47,11,1,0,1,1,1,0,0,0,1,-96,0,11,2,1315460,0,44,0,384,0,"[0,0,0,0,0,0,0,0,0,0,0,0,-3,-4,-4,-3,-4,-3,-5,-3,-5,-3,-5,-2,-6,-3,-6,-2,-6,-2,-6,-2,-6,-3,-6,-2,-7,-2,-7,-2,-7,-2,-7,-2,-7,-2,-7,-2,-7,-1,-7,-2,-8,-1,-8,-2,-7,-2,-8,-2,-8,-2,-8,-2,0,0,-8,-2,-8,-3,-8,-3,-7,-2,-7,-3,-7,-3,-7,-3,-7,-3,-6,-3,-6,-3,-6,-3,-6,-3,-5,-3,-5,-3,-5,-2,-5,-2,-5,-3,-5,-2,-4,-2,-4,-2,-4,-2,-4,-2,-4,-3,-4,-3,-4,-3,-4,-3,0,0,0,0,0,0,0,0,0,0,0,0,0,0,-4,-27,-9,-29,-12,-21,-11,-24,-17,-17,-19,-20,-19,-19,-26,-19,-22,-14,-27,-16,-25,-16,-32,-14,-30,-10,-28,-13,-33,-14,-32,-14,-34,-15,-33,-14,-35,-11,-35,-14,-42,-15,-37,-15,-37,-10,-40,-12,-37,-10,-39,-12,-39,-14,-42,-14,-42,-16,-40,-15,-43,-17,-40,-18,-39,-19,-41,-19,-39,-19,-34,-18,-35,-16,-35,-16,-34,-17,-31,-20,-30,-19,-28,-18,-23,-17,-28,-15,-27,-15,-27,-16,-26,-14,-27,-14,-23,-15,-22,-14,-24,-14,-22,-14,-20,-15,-20,-16,-18,-16,-15,-16,-17,-18,0,0,0,0,0,0,0,0,0,0,0,0,0,0,0,0,0,0,0,0,0,0,-7,-38,-1,-43,2,-46,5,-49,9,-47,15,-48,18,-52,22,-53,28,-51,31,-54,37,-48,46,-52,45,-48,50,-48,54,-47,60,-42,62,-42,61,-41,64,-38,68,-36,67,-35,70,-32,74,-26,73,-26,73,-17,79,-19,77,-13,80,-14,71,-15,74,-9,76,-6,77,-12,73,-3,72,-5,71,-6,70,-6,64,-3,62,0,67,2,63,-1,63,-3,60,0,61,0,61,-3,59,0,53,-6,55,-4,58,-8,58,-5,55,-1,52,1,58,1,51,-3,47,-4,42,3,41,3,38,-4,0,0]"
CSI_DATA,82,1a:00:00:00:00:00,-47,11,1,0,1,1,1,0,0,0,1,-96,0,11,2,1323545,0,44,0,384,0,"[0,0,0,0,0,0,0,0,0,0,0,0,0,-5,0,-5,0,-5,0,-5,-1,-6,-1,-6,-2,-6,-1,-6,-1,-6,-1,-7,-1,-7,-2,-7,-2,-7,-2,-7,-2,-7,-2,-7,-2,-7,-2,-7,-2,-7,-3,-7,-2,-7,-2,-7,-2,-8,-2,-8,-2,-7,-2,-8,0,0,-2,-8,-2,-8,-2,-7,-2,-8,-1,-7,-1,-7,-1,-7,-1,-7,0,-7,-1,-7,0,-6,0,-6,-1,-6,-1,-5,0,-6,0,-5,0,-5,-1,-5,-1,-5,0,-5,0,-5,-1,-5,0,-5,0,-5,0,-5,1,-4,0,0,0,0,0,0,0,0,0,0,0,0,0,0,12,-21,9,-20,7,-27,3,-24,-1,-25,2,-27,-2,-28,-4,-29,-7,-26,-9,-32,-8,-30,-9,-33,-13,-32,-14,-35,-11,-34,-11,-35,-12,-35,-12,-34,-13,-35,-12,-33,-17,-37,-16,-35,-15,-36,-18,-37,-18,-35,-19,-36,-17,-39,-19,-39,-15,-41,-17,-39,-14,-40,-15,-40,-15,-37,-12,-36,-12,-42,-11,-37,-9,-33,-9,-34,-9,-38,-6,-34,-9,-34,-9,-31,-6,-34,-6,-30,-4,-33,-10,-29,-6,-29,-7,-27,-4,-25,-5,-28,-3,-26,-5,-26,-3,-24,1,-21,-2,-27,2,-24,3,-25,0,0,0,0,0,0,0,0,0,0,0,0,0,0,0,0,0,0,0,0,0,0,19,-35,26,-34,28,-32,34,-27,41,-28,39,-27,48,-23,53,-20,50,-18,56,-17,61,-11,63,-10,68,-10,65,-2,67,4,71,7,74,7,68,10,75,14,66,18,66,23,67,20,70,27,68,29,69,34,66,35,63,36,64,38,63,40,63,40,58,42,54,41,54,44,54,45,51,44,47,42,47,43,51,40,49,40,49,40,47,40,48,35,45,38,47,39,42,37,42,30,44,32,44,36,38,31,44,38,37,32,36,35,34,31,36,32,30,34,30,30,25,27,0,0]"
CSI_DATA,83,1a:00:00:00:00:00,-47,11,1,0,1,1,1,0,0,0,1,-96,0,11,2,1332162,0,44,0,384,0,"[0,0,0,0,0,0,0,0,0,0,0,0,-4,2,-4,2,-4,2,-4,3,-4,4,-4,4,-4,4,-4,4,-4,4,-3,4,-3,5,-3,5,-3,5,-3,5,-3,5,-4,5,-3,5,-4,6,-3,5,-3,5,-3,5,-3,6,-3,6,-3,6,-4,6,-4,6,0,0,-4,6,-4,5,-4,5,-4,6,-4,5,-4,5,-5,4,-4,4,-4,4,-4,4,-4,4,-4,3,-3,3,-4,3,-4,3,-4,3,-3,3,-3,3,-4,3,-3,3,-4,2,-4,2,-3,2,-3,2,-4,2,-4,2,0,0,0,0,0,0,0,0,0,0,0,0,0,0,-28,-3,-26,2,-19,2,-23,4,-23,13,-21,12,-18,15,-23,17,-21,23,-22,21,-20,23,-22,25,-22,25,-22,24,-22,31,-22,27,-22,29,-20,28,-21,26,-23,28,-24,34,-25,30,-22,32,-17,29,-19,31,-21,34,-22,31,-19,33,-22,30,-25,32,-22,33,-24,33,-23,32,-23,32,-25,32,-22,29,-25,28,-26,23,-23,26,-25,28,-24,23,-22,23,-23,21,-21,18,-18,20,-22,20,-19,21,-20,19,-23,16,-19,19,-19,19,-18,18,-17,18,-16,15,-20,15,-20,11,-21,9,0,0,0,0,0,0,0,0,0,0,0,0,0,0,0,0,0,0,0,0,0,0,-36,-6,-39,-8,-37,-13,-42,-18,-40,-21,-42,-25,-44,-29,-41,-34,-40,-42,-37,-43,-42,-47,-35,-46,-32,-55,-31,-61,-34,-59,-29,-64,-24,-69,-23,-65,-23,-71,-15,-70,-18,-70,-10,-69,-8,-71,-5,-74,-2,-76,0,-75,3,-78,5,-77,8,-69,8,-71,9,-72,11,-71,11,-67,11,-66,14,-65,12,-63,9,-63,10,-61,13,-62,8,-62,10,-60,9,-60,9,-61,12,-59,7,-58,14,-58,13,-51,10,-56,9,-54,10,-55,7,-53,10,-52,15,-47,11,-43,9,-47,9,-44,9,-38,0,0]"
CSI_DATA,84,1a:00:00:00:00:00,-47,11,1,0,1,1,1,0,0,0,1,-96,0,11,2,1342142,0,44,0,384,0,"[0,0,0,0,0,0,0,0,0,0,0,0,3,1,4,0,4,0,4,0,4,0,5,0,5,0,5,-1,5,-1,5,-1,5,-1,5,-1,6,-1,6,-1,6,-1,6,-1,6,-1,6,-2,6,-2,6,-1,6,-2,6,-2,6,-1,7,-2,7,-2,7,-1,0,0,7,-1,7,-1,7,-1,7,-1,7,0,6,0,6,0,6,0,5,0,5,0,5,0,5,0,4,0,5,0,4,0,4,0,4,0,4,0,4,0,4,0,4,0,4,1,4,0,3,1,3,1,3,1,0,0,0,0,0,0,0,0,0,0,0,0,0,0,18,24,12,18,19,15,20,15,20,11,19,9,24,8,27,8,29,4,30,3,25,1,34,0,33,2,31,0,38,6,35,2,32,3,35,0,36,3,35,0,40,0,36,1,36,-3,39,0,38,0,41,0,38,-3,41,2,40,1,42,0,44,4,41,5,39,2,46,5,39,1,35,3,36,7,36,7,34,7,32,6,31,7,30,7,33,8,32,6,25,11,25,8,26,9,27,10,25,9,24,7,27,9,23,10,22,9,21,10,22,13,18,14,18,11,0,0,0,0,0,0,0,0,0,0,0,0,0,0,0,0,0,0,0,0,0,0,28,27,27,29,23,38,24,40,19,43,13,46,14,47,13,54,9,55,1,58,-1,62,-5,64,-10,65,-10,64,-19,67,-23,68,-24,70,-31,65,-32,67,-36,67,-40,67,-42,66,-45,65,-51,60,-52,61,-53,58,-55,54,-57,55,-57,47,-59,47,-60,40,-60,44,-56,44,-60,40,-60,42,-56,40,-54,36,-58,36,-54,35,-55,33,-57,30,-52,35,-56,34,-55,34,-52,36,-55,32,-54,35,-52,32,-52,34,-49,26,-52,24,-47,24,-49,20,-42,18,-43,17,-43,19,-40,19,0,0]"
CSI_DATA,85,1a:00:00:00:00:00,-48,11,1,0,1,1,1,0,0,0,1,-96,0,11,2,1352907,0,44,0,384,0,"[0,0,0,0,0,0,0,0,0,0,0,0,0,4,0,3,1,3,1,4,1,4,2,4,2,4,2,4,2,4,2,4,2,4,3,4,3,4,3,4,3,4,3,5,3,4,4,5,4,4,4,4,4,4,4,4,4,5,4,4,4,5,3,5,0,0,4,5,4,5,4,5,3,5,3,5,3,5,3,5,2,5,2,5,2,5,2,4,2,4,2,4,2,4,1,4,1,3,2,4,1,3,1,3,1,3,1,3,1,3,1,3,1,3,0,3,0,3,0,0,0,0,0,0,0,0,0,0,0,0,0,0,-9,27,-11,26,-5,25,0,21,-1,20,4,22,6,23,10,25,11,24,12,23,14,24,14,23,15,25,19,29,18,27,21,29,19,29,13,25,20,24,21,25,20,26,22,27,21,25,24,25,23,27,25,29,24,30,25,30,28,31,23,29,26,31,22,27,28,32,21,29,21,30,21,29,25,30,20,27,19,30,17,28,17,28,10,28,10,26,10,24,10,20,11,20,12,22,12,23,11,22,12,20,10,20,9,22,9,18,9,21,5,20,5,20,3,21,0,0,0,0,0,0,0,0,0,0,0,0,0,0,0,0,0,0,0,0,0,0,-14,33,-15,35,-25,37,-25,36,-33,35,-34,31,-39,34,-39,30,-46,32,-52,30,-55,28,-60,23,-60,21,-65,18,-66,17,-71,11,-67,10,-72,3,-72,0,-74,0,-70,-3,-75,-3,-84,-13,-78,-17,-71,-18,-73,-19,-76,-20,-74,-24,-73,-22,-68,-26,-71,-29,-66,-30,-66,-24,-64,-30,-66,-25,-65,-32,-65,-29,-61,-30,-58,-26,-61,-29,-54,-31,-58,-23,-59,-33,-59,-28,-56,-26,-56,-24,-54,-28,-56,-24,-56,-28,-53,-27,-50,-30,-48,-27,-48,-26,-34,-29,-38,-31,-38,-26,-39,-27,0,0]"
CSI_DATA,86,1a:00:00:00:00:00,-48,11,1,0,1,1,1,0,0,0,1,-96,0,11,2,1362149,0,44,0,384,0,"[0,0,0,0,0,0,0,0,0,0,0,0,-3,-3,-3,-3,-4,-3,-4,-3,-5,-2,-5,-2,-5,-2,-5,-2,-6,-2,-6,-2,-6,-3,-5,-2,-6,-2,-6,-2,-6,-2,-6,-2,-6,-2,-6,-2,-7,-2,-7,-2,-7,-2,-7,-2,-6,-2,-7,-2,-7,-2,-7,-2,0,0,-7,-2,-7,-2,-7,-3,-6,-3,-6,-3,-6,-3,-6,-3,-6,-3,-5,-3,-5,-3,-5,-3,-5,-3,-5,-3,-4,-3,-5,-3,-4,-3,-4,-3,-4,-3,-4,-2,-4,-2,-4,-3,-4,-3,-4,-3,-3,-3,-3,-3,-3,-3,0,0,0,0,0,0,0,0,0,0,0,0,0,0,-8,-30,-15,-20,-10,-19,-12,-15,-16,-16,-18,-14,-21,-10,-22,-9,-22,-6,-28,-8,-30,-6,-29,-11,-28,-4,-32,-8,-34,-5,-35,-6,-33,-4,-35,-2,-33,-6,-30,-8,-37,-4,-38,-5,-35,-2,-36,-7,-34,-3,-36,-2,-34,0,-39,-4,-39,-1,-39,-5,-33,-5,-39,-4,-38,-4,-38,-5,-33,-8,-37,-12,-35,-8,-35,-9,-33,-7,-29,-9,-30,-9,-27,-8,-27,-13,-26,-9,-26,-10,-27,-11,-23,-12,-23,-11,-24,-11,-20,-12,-23,-11,-20,-11,-18,-13,-20,-11,-16,-12,-15,-13,-17,-14,0,0,0,0,0,0,0,0,0,0,0,0,0,0,0,0,0,0,0,0,0,0,-27,-28,-28,-33,-24,-35,-21,-41,-20,-44,-17,-46,-14,-53,-13,-54,-8,-57,-6,-57,0,-64,3,-65,7,-68,11,-67,20,-70,22,-65,27,-68,33,-68,29,-72,39,-70,39,-64,41,-64,43,-67,53,-62,52,-57,48,-60,52,-54,58,-57,59,-52,61,-47,59,-45,62,-53,58,-43,59,-45,61,-40,60,-37,58,-42,57,-38,58,-37,55,-37,59,-36,57,-35,59,-38,57,-31,55,-34,60,-34,58,-29,56,-31,53,-33,56,-28,54,-25,51,-18,54,-24,48,-20,46,-16,47,-17,43,-13,0,0]"
CSI_DATA,87,1a:00:00:00:00:00,-48,11,1,0,1,1,1,0,0,0,1,-96,0,11,2,1375496,0,44,0,384,0,"[0,0,0,0,0,0,0,0,0,0,0,0,-4,1,-3,2,-3,2,-3,2,-3,3,-3,3,-3,4,-3,4,-2,4,-2,4,-3,5,-3,4,-2,4,-3,4,-2,4,-2,5,-2,5,-2,5,-2,5,-2,5,-2,5,-2,5,-2,5,-2,5,-2,5,-2,5,0,0,-3,5,-2,5,-2,4,-3,5,-3,4,-3,5,-2,4,-3,4,-3,4,-3,4,-3,4,-3,3,-3,3,-2,3,-3,3,-3,3,-3,3,-2,3,-3,3,-3,2,-3,3,-2,3,-3,2,-3,2,-3,2,-3,1,0,0,0,0,0,0,0,0,0,0,0,0,0,0,-28,-3,-25,1,-21,5,-18,9,-15,11,-14,12,-14,15,-14,16,-18,19,-12,22,-13,24,-12,24,-10,25,-14,28,-12,26,-11,32,-9,30,-10,29,-12,27,-11,29,-5,31,-12,32,-9,30,-8,32,-9,33,-8,32,-9,33,-10,36,-11,30,-9,38,-7,32,-8,33,-11,34,-9,34,-9,32,-13,27,-10,31,-10,31,-14,25,-15,27,-13,25,-13,25,-15,23,-10,21,-15,23,-15,22,-14,24,-11,19,-13,18,-13,18,-13,18,-13,19,-14,18,-14,18,-15,15,-14,13,-15,15,0,0,0,0,0,0,0,0,0,0,0,0,0,0,0,0,0,0,0,0,0,0,-36,11,-37,9,-41,6,-48,3,-49,-4,-46,-3,-50,-11,-53,-11,-54,-14,-58,-17,-57,-28,-54,-30,-58,-34,-57,-39,-54,-45,-58,-46,-48,-44,-50,-54,-49,-56,-45,-60,-46,-57,-44,-62,-43,-70,-40,-71,-32,-69,-34,-72,-29,-72,-29,-71,-26,-72,-25,-71,-24,-71,-21,-70,-19,-70,-21,-72,-20,-72,-21,-70,-19,-68,-17,-69,-21,-61,-16,-63,-17,-62,-20,-67,-17,-67,-17,-65,-17,-58,-19,-66,-14,-63,-14,-62,-12,-62,-9,-58,-5,-55,-5,-55,0,-54,-1,-51,-7,-56,-4,-47,2,-45,0,0]"
CSI_DATA,88,1a:00:00:00:00:00,-48,11,1,0,1,1,1,0,0,0,1,-96,0,11,2,1392220,0,44,0,384,0,"[0,0,0,0,0,0,0,0,0,0,0,0,0,3,1,3,2,2,2,2,2,2,2,3,3,2,3,2,3,3,4,2,3,3,3,3,4,3,4,2,4,2,4,3,4,3,4,3,5,2,5,2,5,2,5,2,5,3,5,3,5,2,5,3,0,0,5,3,5,3,4,3,4,3,4,3,4,3,4,3,4,3,4,3,3,3,3,3,3,3,3,3,3,3,2,3,2,3,2,3,2,3,2,3,2,2,2,3,2,2,2,2,1,3,1,3,1,3,0,0,0,0,0,0,0,0,0,0,0,0,0,0,-14,21,-3,20,-2,18,0,16,5,17,8,17,6,17,12,13,13,19,12,16,19,21,18,16,15,20,22,18,21,22,23,19,24,22,23,18,23,22,25,19,26,20,32,17,25,22,24,18,25,22,26,22,26,24,32,22,25,16,31,20,33,24,25,26,29,18,29,21,24,25,27,24,24,25,22,22,23,25,20,25,19,26,19,24,15,20,18,23,16,21,13,23,15,17,15,19,16,21,11,22,12,18,10,21,7,23,11,20,10,21,5,18,5,18,0,0,0,0,0,0,0,0,0,0,0,0,0,0,0,0,0,0,0,0,0,0,-7,39,-13,41,-14,40,-22,43,-27,42,-33,42,-32,40,-37,41,-43,39,-43,38,-52,33,-55,36,-61,35,-63,32,-69,30,-67,25,-75,24,-72,18,-76,16,-72,15,-76,12,-82,8,-79,4,-79,0,-80,1,-83,-5,-79,-3,-80,-7,-73,-9,-78,-13,-77,-15,-71,-14,-73,-14,-71,-15,-71,-14,-69,-18,-66,-13,-69,-16,-66,-18,-67,-16,-68,-17,-63,-20,-67,-14,-62,-19,-64,-21,-60,-13,-58,-17,-61,-21,-60,-21,-59,-18,-51,-22,-49,-23,-48,-23,-46,-21,-43,-23,-40,-20,-34,-19,0,0]"
CSI_DATA,89,1a:00:00:00:00:00,-48,11,1,0,1,1,1,0,0,0,1,-96,0,11,2,1402360,0,44,0,384,0,"[0,0,0,0,0,0,0,0,0,0,0,0,-4,-1,-3,-1,-4,0,-5,0,-5,0,-5,1,-5,1,-5,1,-5,1,-6,1,-6,1,-5,2,-6,2,-6,2,-6,2,-5,2,-6,3,-6,3,-6,3,-6,3,-6,3,-6,3,-6,3,-6,3,-6,3,-6,3,0,0,-6,3,-7,3,-7,3,-6,3,-6,2,-7,2,-6,2,-6,2,-6,2,-6,2,-6,1,-6,1,-6,1,-6,1,-5,1,-5,1,-5,1,-5,1,-5,1,-5,1,-5,1,-5,0,-5,0,-5,0,-5,0,-4,0,0,0,0,0,0,0,0,0,0,0,0,0,0,0,-7,-17,-11,-19,-17,-10,-15,-7,-19,-4,-17,-1,-22,-2,-22,3,-23,-2,-29,5,-30,3,-30,9,-31,6,-26,5,-30,6,-30,8,-32,12,-34,10,-32,10,-31,13,-32,12,-30,12,-34,16,-31,16,-32,17,-35,16,-34,17,-34,17,-34,16,-35,20,-38,10,-38,17,-36,15,-38,16,-35,15,-39,11,-37,14,-34,13,-36,11,-34,9,-32,7,-30,4,-31,4,-29,6,-28,6,-26,3,-27,3,-30,7,-29,5,-25,4,-23,1,-25,1,-24,2,-23,-1,-24,-4,-20,-4,-27,-2,0,0,0,0,0,0,0,0,0,0,0,0,0,0,0,0,0,0,0,0,0,0,-8,-37,-4,-42,-4,-46,-1,-46,3,-51,5,-50,11,-52,11,-54,18,-56,20,-55,23,-60,29,-60,37,-60,37,-61,39,-62,43,-56,48,-58,47,-55,51,-58,53,-54,54,-54,60,-51,60,-49,61,-47,66,-42,68,-44,62,-40,67,-42,66,-39,67,-36,61,-36,67,-35,63,-35,61,-34,64,-33,54,-32,55,-32,59,-31,57,-31,60,-33,57,-25,54,-28,54,-29,54,-31,52,-28,57,-35,52,-31,54,-28,50,-28,46,-23,50,-22,48,-23,48,-18,42,-22,40,-13,35,-12,32,-11,0,0]"
CSI_DATA,90,1a:00:00:00:00:00,-47,11,1,0,1,1,1,0,0,0,1,-96,0,11,2,1412663,0,44,0,384,0,"[0,0,0,0,0,0,0,0,0,0,0,0,-4,-2,-4,-2,-5,-2,-5,-2,-6,-1,-6,-1,-6,-1,-6,-1,-7,-1,-7,-1,-7,-1,-7,-1,-7,-1,-8,0,-7,0,-7,0,-8,0,-8,0,-8,1,-8,0,-8,0,-8,0,-8,0,-8,0,-8,0,-8,0,0,0,-8,0,-9,0,-9,0,-8,0,-9,-1,-8,-1,-8,-1,-8,-1,-7,-1,-7,-2,-7,-2,-7,-1,-7,-1,-6,-2,-6,-1,-6,-1,-6,-2,-5,-1,-5,-1,-5,-2,-5,-1,-5,-2,-5,-2,-5,-2,-4,-2,-4,-2,0,0,0,0,0,0,0,0,0,0,0,0,0,0,3,-18,-11,-17,-14,-13,-16,-7,-18,-11,-24,-6,-22,-7,-26,-10,-26,-4,-29,-7,-30,0,-36,-5,-36,-8,-37,-3,-36,1,-36,-5,-38,-3,-34,-1,-37,-2,-41,-1,-40,-3,-38,3,-39,4,-39,4,-39,0,-41,4,-42,2,-45,2,-46,1,-45,1,-45,3,-44,-1,-43,0,-44,1,-44,2,-40,-3,-41,-4,-40,-7,-41,-3,-36,1,-39,-5,-36,-7,-36,-2,-31,-6,-29,-5,-30,-7,-31,-5,-30,-6,-28,-7,-28,-6,-27,-5,-26,-9,-25,-7,-27,-11,-21,-9,-22,-9,-22,-12,0,0,0,0,0,0,0,0,0,0,0,0,0,0,0,0,0,0,0,0,0,0,21,-35,26,-34,27,-33,34,-35,35,-32,40,-32,42,-31,45,-31,47,-32,54,-28,59,-29,62,-23,64,-24,64,-21,69,-22,69,-21,72,-18,73,-14,72,-12,74,-9,74,-9,80,-9,75,-1,76,-2,76,4,73,3,74,3,77,2,75,4,74,8,69,4,71,8,67,6,68,6,70,6,66,6,65,6,63,0,64,7,61,4,64,4,61,1,60,-2,62,-1,57,0,56,1,54,5,61,0,55,-2,51,8,50,2,48,3,47,3,46,1,45,5,38,-1,34,7,0,0]"
CSI_DATA,91,1a:00:00:00:00:00,-45,11,1,0,1,1,1,0,0,0,1,-96,0,11,2,1442312,0,44,0,384,0,"[0,0,0,0,0,0,0,0,0,0,0,0,2,5,2,5,3,5,2,6,3,6,3,6,3,6,3,6,4,6,3,6,4,7,4,7,4,6,4,6,4,6,4,7,4,7,4,7,4,6,4,6,4,6,5,7,4,7,4,6,4,6,4,7,0,0,4,7,4,7,3,6,3,6,3,6,3,6,3,5,2,5,2,6,2,6,2,5,2,5,2,4,2,4,2,4,2,4,2,4,1,4,1,4,1,4,1,3,1,4,1,4,1,3,0,3,0,4,0,0,0,0,0,0,0,0,0,0,0,0,0,0,-2,22,7,24,6,20,11,30,15,28,14,30,15,31,16,34,19,34,19,37,19,37,25,37,24,40,18,38,21,39,24,42,21,40,23,39,23,39,28,34,31,39,27,37,25,38,27,38,28,39,33,37,27,40,30,39,26,39,27,41,25,41,25,39,26,35,23,37,23,38,21,39,22,37,19,29,15,34,17,35,16,32,14,33,15,28,15,30,11,25,15,26,14,22,13,22,15,22,13,21,13,24,13,21,12,21,8,21,5,22,3,25,5,23,0,0,0,0,0,0,0,0,0,0,0,0,0,0,0,0,0,0,0,0,0,0,-35,-3,-35,-1,-38,-9,-43,-10,-40,-10,-43,-12,-45,-16,-47,-16,-50,-23,-49,-28,-51,-32,-53,-35,-49,-37,-52,-38,-52,-42,-51,-44,-52,-48,-51,-50,-51,-49,-50,-52,-48,-52,-47,-54,-47,-56,-44,-59,-42,-63,-42,-61,-39,-65,-44,-57,-40,-62,-39,-62,-39,-59,-41,-58,-37,-57,-39,-55,-40,-56,-39,-52,-42,-54,-36,-50,-34,-51,-37,-50,-39,-50,-40,-52,-36,-46,-40,-45,-34,-43,-32,-46,-35,-43,-32,-37,-32,-38,-30,-37,-29,-37,-29,-34,-27,-32,-22,-30,-27,-25,-28,-23,-24,-19,0,0]"
CSI_DATA,92,1a:00:00:00:00:00,-45,11,1,0,1,1,1,0,0,0,1,-96,0,11,2,1452155,0,44,0,384,0,"[0,0,0,0,0,0,0,0,0,0,0,0,2,6,2,6,2,6,2,6,3,7,2,7,3,6,3,7,3,7,4,7,3,7,4,7,4,7,4,7,4,7,4,7,4,7,4,7,4,7,4,7,4,7,4,6,4,7,5,6,4,7,4,7,0,0,4,7,4,6,4,6,4,7,3,6,3,6,3,6,3,6,3,6,2,6,3,5,2,5,2,4,2,5,2,5,2,4,2,4,2,4,2,4,2,4,1,4,2,4,1,4,1,4,1,4,0,4,0,0,0,0,0,0,0,0,0,0,0,0,0,0,-1,26,1,29,5,29,6,28,12,35,9,36,13,35,13,39,17,41,16,38,18,41,21,42,17,41,18,43,21,42,20,40,20,45,19,43,21,44,26,41,23,47,22,44,26,44,26,42,21,41,26,42,25,39,26,38,26,43,26,41,21,41,26,43,21,40,22,39,19,40,21,40,18,35,20,36,18,37,17,33,14,33,16,33,15,32,13,34,12,29,18,31,17,32,13,27,13,26,12,26,10,27,12,31,10,25,11,26,6,26,5,25,0,22,0,0,0,0,0,0,0,0,0,0,0,0,0,0,0,0,0,0,0,0,0,0,-37,-8,-35,-12,-38,-17,-38,-19,-38,-20,-39,-24,-43,-27,-39,-29,-46,-33,-43,-37,-46,-44,-46,-47,-43,-46,-41,-48,-42,-55,-42,-54,-41,-56,-39,-57,-38,-62,-38,-62,-34,-65,-37,-68,-33,-68,-31,-66,-29,-66,-33,-67,-30,-68,-26,-67,-28,-66,-26,-66,-23,-64,-27,-63,-26,-65,-25,-65,-27,-62,-27,-60,-27,-58,-30,-58,-29,-55,-27,-55,-27,-52,-34,-53,-29,-52,-30,-48,-26,-47,-37,-49,-26,-45,-28,-44,-28,-42,-27,-41,-21,-40,-25,-38,-22,-34,-23,-28,-22,-24,-24,-23,-25,-16,0,0]"
CSI_DATA,93,1a:00:00:00:00:00,-43,11,1,0,1,1,1,0,0,0,1,-96,0,11,2,1472526,0,44,0,384,0,"[0,0,0,0,0,0,0,0,0,0,0,0,-4,5,-4,6,-4,6,-4,6,-4,6,-4,7,-4,7,-4,7,-4,7,-4,7,-4,7,-3,8,-4,7,-4,7,-3,7,-3,8,-3,8,-3,8,-3,8,-3,8,-3,8,-3,8,-3,8,-3,8,-3,8,-3,8,0,0,-3,8,-3,7,-3,7,-3,8,-3,7,-4,7,-4,7,-4,6,-4,6,-3,6,-3,6,-3,6,-3,5,-3,5,-3,5,-3,5,-3,5,-3,5,-3,5,-3,4,-3,4,-4,4,-4,3,-4,3,-4,3,-4,3,0,0,0,0,0,0,0,0,0,0,0,0,0,0,-17,20,-15,24,-17,27,-15,33,-12,32,-14,37,-16,38,-16,39,-15,37,-11,40,-13,41,-13,45,-10,45,-13,45,-11,42,-11,45,-13,45,-14,45,-6,45,-9,49,-8,47,-7,45,-6,48,-8,49,-6,45,-4,45,-5,50,-6,50,-5,52,-5,47,-5,49,-7,50,-4,46,-9,48,-5,46,-6,44,-9,45,-9,45,-8,45,-8,41,-8,42,-8,38,-8,36,-8,35,-6,35,-8,36,-10,33,-7,31,-10,33,-9,29,-9,30,-11,30,-11,27,-14,27,-17,23,-16,23,-16,21,0,0,0,0,0,0,0,0,0,0,0,0,0,0,0,0,0,0,0,0,0,0,-26,-24,-23,-27,-24,-30,-25,-35,-23,-37,-25,-41,-21,-41,-19,-46,-22,-48,-20,-51,-15,-55,-13,-59,-13,-63,-12,-61,-6,-66,-5,-66,-6,-69,-2,-71,-1,-69,0,-67,3,-71,5,-71,9,-71,11,-73,12,-73,12,-68,13,-68,14,-69,13,-65,14,-67,14,-66,16,-68,13,-65,12,-65,14,-64,12,-63,8,-64,13,-59,9,-61,6,-60,6,-57,8,-56,6,-54,2,-53,4,-50,1,-56,5,-46,0,-49,0,-47,1,-44,3,-44,1,-39,-2,-40,-2,-33,-4,-30,-6,-29,-11,-26,0,0]"
CSI_DATA,94,1a:00:00:00:00:00,-43,11,1,0,1,1,1,0,0,0,1,-96,0,11,2,1482164,0,44,0,384,0,"[0,0,0,0,0,0,0,0,0,0,0,0,-6,1,-7,2,-7,2,-8,3,-8,3,-8,3,-8,3,-8,3,-8,3,-8,4,-8,4,-8,4,-9,4,-8,4,-8,5,-8,5,-8,5,-8,5,-8,5,-8,5,-8,5,-8,5,-7,5,-8,6,-8,5,-8,5,0,0,-8,6,-8,5,-8,5,-7,5,-8,5,-8,5,-8,5,-7,5,-7,4,-7,4,-7,4,-7,4,-6,4,-7,4,-6,3,-6,3,-6,3,-6,3,-6,3,-6,3,-6,3,-6,2,-6,2,-6,1,-6,1,-6,1,0,0,0,0,0,0,0,0,0,0,0,0,0,0,-24,-6,-27,1,-29,4,-29,3,-35,8,-38,10,-40,12,-35,12,-41,13,-41,14,-40,12,-44,14,-42,18,-45,14,-39,18,-46,17,-45,19,-44,22,-43,20,-46,22,-43,26,-45,23,-40,27,-41,25,-43,24,-41,26,-45,24,-43,31,-41,29,-41,22,-39,30,-43,28,-42,27,-40,25,-37,26,-38,25,-38,26,-38,25,-38,23,-41,23,-42,20,-33,19,-37,19,-34,17,-34,17,-33,17,-31,15,-33,17,-33,14,-32,14,-34,12,-30,11,-32,8,-30,7,-31,6,-28,6,-29,3,0,0,0,0,0,0,0,0,0,0,0,0,0,0,0,0,0,0,0,0,0,0,15,-32,16,-33,20,-31,23,-36,26,-35,31,-36,32,-35,36,-34,39,-39,43,-34,46,-34,51,-33,52,-33,57,-30,57,-32,58,-34,60,-30,65,-28,63,-27,63,-29,67,-24,68,-27,68,-22,71,-22,71,-19,70,-18,66,-16,67,-15,68,-22,69,-17,69,-16,65,-16,62,-16,58,-15,63,-17,60,-16,61,-19,59,-19,55,-12,54,-21,56,-14,51,-20,52,-20,47,-19,45,-16,41,-25,42,-24,40,-20,38,-24,38,-18,35,-20,36,-19,31,-21,25,-17,26,-20,23,-23,18,-26,0,0]"
CSI_DATA,95,1a:00:00:00:00:00,-43,11,1,0,1,1,1,0,0,0,1,-96,0,11,2,1492364,0,44,0,384,0,"[0,0,0,0,0,0,0,0,0,0,0,0,4,2,5,3,5,3,6,3,6,3,6,3,6,3,6,3,7,3,7,2,7,3,7,2,7,2,7,2,7,3,7,2,8,2,7,2,8,2,8,2,8,2,8,2,7,2,8,2,8,2,8,2,0,0,8,2,8,2,8,2,7,2,8,2,7,2,7,2,7,2,7,3,6,2,6,2,6,2,6,2,6,2,5,2,5,2,5,2,5,2,5,3,4,3,4,3,4,3,4,3,3,3,3,3,3,3,0,0,0,0,0,0,0,0,0,0,0,0,0,0,15,20,16,23,20,18,23,16,27,18,29,18,30,19,35,21,35,21,38,21,37,21,36,21,41,20,36,21,41,21,43,22,42,19,45,18,46,15,42,17,46,18,47,14,45,14,44,16,43,14,45,12,46,16,43,11,47,16,49,14,51,15,47,14,48,15,46,15,46,18,48,12,43,16,42,18,42,15,42,17,39,17,37,17,37,16,36,15,38,15,33,15,34,18,34,15,32,18,30,17,27,18,27,18,29,18,24,21,24,20,23,24,22,22,0,0,0,0,0,0,0,0,0,0,0,0,0,0,0,0,0,0,0,0,0,0,-35,10,-35,9,-40,8,-44,6,-44,3,-45,0,-46,-4,-48,-2,-52,-8,-54,-7,-54,-9,-57,-9,-58,-18,-62,-20,-61,-20,-61,-24,-62,-27,-62,-25,-62,-29,-61,-31,-62,-33,-65,-36,-59,-36,-63,-36,-61,-38,-59,-43,-57,-41,-57,-43,-54,-39,-56,-42,-54,-43,-53,-42,-53,-38,-52,-38,-51,-37,-52,-36,-51,-36,-52,-35,-51,-31,-53,-32,-49,-30,-49,-28,-47,-28,-43,-26,-44,-22,-47,-19,-42,-18,-44,-19,-44,-23,-38,-17,-38,-15,-38,-17,-38,-12,-30,-10,-29,-7,-24,-8,-26,-5,0,0]"
CSI_DATA,96,1a:00:00:00:00:00,-43,11,1,0,1,1,1,0,0,0,1,-96,0,11,2,1502417,0,44,0,384,0,"[0,0,0,0,0,0,0,0,0,0,0,0,5,2,6,2,6,2,6,2,7,1,7,1,7,2,7,1,8,1,8,1,8,2,8,1,8,1,8,1,8,1,8,0,8,0,9,0,9,-1,9,0,9,0,9,-1,9,0,9,0,9,0,9,0,0,0,9,-1,9,-1,9,-1,9,-1,9,0,8,-1,8,0,8,0,8,0,8,0,7,1,7,0,7,0,7,0,7,0,6,0,6,0,6,0,6,1,6,1,6,1,5,1,5,1,5,2,5,2,4,2,0,0,0,0,0,0,0,0,0,0,0,0,0,0,18,14,21,6,26,9,25,9,29,7,36,5,38,3,39,7,38,6,40,7,39,6,43,3,46,3,43,3,45,2,48,0,51,1,47,0,49,-3,49,0,49,-6,46,-5,50,-7,48,-7,48,-6,51,-8,50,-10,50,-10,49,-9,53,-6,51,-14,49,-14,50,-10,50,-8,48,-10,48,-6,50,-7,51,-8,48,-8,47,-8,43,-5,45,-5,39,-4,41,-6,38,-5,38,1,37,-3,39,-1,36,0,37,-2,35,1,33,1,34,3,34,3,31,4,29,7,30,10,0,0,0,0,0,0,0,0,0,0,0,0,0,0,0,0,0,0,0,0,0,0,-32,14,-35,15,-36,9,-44,10,-42,8,-43,8,-50,5,-52,1,-51,1,-53,0,-58,-5,-61,-6,-62,-8,-63,-12,-65,-10,-65,-12,-69,-14,-68,-20,-66,-17,-70,-21,-68,-24,-70,-25,-70,-24,-64,-25,-72,-26,-69,-28,-66,-28,-66,-27,-69,-31,-65,-29,-63,-28,-61,-29,-64,-27,-60,-27,-61,-27,-58,-22,-59,-22,-57,-22,-54,-21,-56,-18,-57,-21,-55,-17,-56,-12,-53,-12,-49,-13,-48,-13,-48,-8,-46,-6,-48,-8,-43,-7,-38,-7,-39,-7,-36,-4,-32,-1,-30,0,-28,4,-22,6,0,0]"
CSI_DATA,97,1a:00:00:00:00:00,-43,11,1,0,1,1,1,0,0,0,1,-96,0,11,2,1512161,0,44,0,384,0,"[0,0,0,0,0,0,0,0,0,0,0,0,-4,-6,-4,-5,-4,-6,-4,-6,-5,-6,-5,-6,-5,-6,-6,-6,-6,-7,-6,-6,-6,-7,-6,-7,-6,-7,-7,-6,-6,-6,-7,-7,-7,-6,-7,-6,-7,-6,-7,-6,-7,-6,-8,-6,-8,-6,-8,-6,-8,-6,-8,-6,0,0,-8,-6,-8,-6,-7,-6,-8,-6,-7,-6,-7,-6,-7,-6,-7,-6,-6,-6,-6,-6,-6,-6,-6,-6,-6,-6,-5,-6,-5,-6,-5,-6,-5,-5,-5,-5,-4,-6,-4,-5,-4,-5,-4,-5,-4,-5,-3,-5,-3,-6,-2,-5,0,0,0,0,0,0,0,0,0,0,0,0,0,0,-3,-20,-3,-19,-6,-25,-10,-29,-14,-29,-14,-30,-18,-33,-20,-33,-21,-38,-20,-35,-22,-37,-22,-39,-26,-39,-25,-41,-27,-37,-29,-40,-28,-35,-31,-40,-30,-39,-34,-40,-34,-39,-34,-34,-31,-37,-31,-33,-34,-36,-35,-34,-33,-37,-34,-34,-35,-36,-35,-36,-41,-39,-40,-37,-37,-35,-38,-37,-38,-39,-31,-38,-35,-36,-33,-35,-31,-36,-31,-38,-31,-38,-26,-29,-24,-32,-26,-31,-28,-34,-26,-33,-22,-33,-24,-31,-19,-29,-22,-31,-18,-32,-18,-33,-18,-31,-15,-32,-13,-29,-11,-29,-7,-29,0,0,0,0,0,0,0,0,0,0,0,0,0,0,0,0,0,0,0,0,0,0,33,15,31,15,34,21,34,24,35,29,32,31,33,32,33,38,31,39,35,43,34,44,34,47,31,51,33,58,31,55,32,58,30,61,32,62,30,60,25,68,18,66,26,69,22,71,19,66,21,70,21,69,21,70,18,71,19,69,15,70,17,70,17,62,15,62,15,62,14,65,15,61,15,59,19,56,19,54,21,58,20,55,22,54,22,52,20,47,18,44,20,40,19,44,19,44,18,41,18,39,17,34,16,34,16,28,16,26,15,21,15,17,12,17,0,0]"
CSI_DATA,98,1a:00:00:00:00:00,-43,11,1,0,1,1,1,0,0,0,1,-96,0,11,2,1523567,0,44,0,384,0,"[0,0,0,0,0,0,0,0,0,0,0,0,-3,-5,-3,-5,-3,-6,-4,-6,-4,-6,-4,-7,-4,-7,-5,-7,-4,-7,-5,-7,-5,-7,-5,-7,-5,-7,-5,-7,-5,-7,-5,-7,-6,-7,-6,-7,-6,-7,-6,-7,-6,-7,-6,-7,-7,-7,-7,-7,-7,-7,-7,-7,0,0,-7,-7,-6,-7,-6,-7,-6,-7,-6,-7,-6,-7,-6,-7,-6,-7,-5,-7,-6,-7,-5,-7,-5,-6,-5,-6,-5,-6,-5,-6,-4,-6,-4,-6,-4,-6,-4,-6,-3,-6,-3,-6,-3,-6,-3,-5,-3,-6,-2,-6,-2,-5,0,0,0,0,0,0,0,0,0,0,0,0,0,0,3,-20,-4,-20,-9,-23,-10,-24,-11,-29,-10,-30,-18,-33,-15,-32,-18,-33,-16,-38,-16,-37,-24,-38,-23,-40,-22,-41,-20,-39,-24,-41,-23,-41,-24,-38,-22,-38,-26,-39,-29,-41,-27,-38,-29,-38,-33,-37,-30,-39,-30,-41,-30,-40,-34,-41,-35,-39,-32,-38,-33,-41,-34,-38,-30,-41,-30,-37,-34,-38,-32,-38,-28,-40,-30,-40,-28,-40,-29,-37,-25,-39,-23,-34,-23,-35,-21,-36,-24,-34,-21,-33,-19,-33,-22,-31,-20,-34,-18,-31,-16,-30,-17,-31,-14,-31,-12,-31,-11,-33,-6,-28,-7,-31,0,0,0,0,0,0,0,0,0,0,0,0,0,0,0,0,0,0,0,0,0,0,29,20,26,25,30,27,30,31,28,31,27,33,30,36,27,42,25,42,28,47,27,50,28,54,27,58,25,59,22,60,22,63,19,65,18,66,17,66,17,67,18,67,13,72,10,72,10,70,8,74,5,71,11,72,9,72,7,68,4,67,8,69,6,64,6,62,6,61,6,64,6,61,8,59,6,59,8,56,9,56,9,55,11,53,7,52,12,50,12,49,17,47,15,46,16,45,10,43,9,39,10,36,12,36,10,34,7,29,11,25,11,20,13,15,0,0]"
CSI_DATA,99,1a:00:00:00:00:00,-43,11,1,0,1,1,1,0,0,0,1,-96,0,11,2,1532141,0,44,0,384,0,"[0,0,0,0,0,0,0,0,0,0,0,0,4,0,5,0,6,-1,6,0,7,0,6,0,7,-1,7,-1,7,0,7,-1,7,-1,7,-1,7,-1,7,-1,7,-1,8,-2,8,-2,8,-2,7,-2,8,-2,8,-2,8,-2,8,-2,8,-3,8,-3,8,-3,0,0,8,-3,8,-3,8,-2,8,-2,8,-2,8,-2,8,-2,7,-2,7,-2,7,-2,7,-2,7,-1,7,-1,6,-1,6,-1,6,-1,6,-1,6,-1,6,-1,6,-1,5,0,5,0,5,0,5,0,5,1,4,1,0,0,0,0,0,0,0,0,0,0,0,0,0,0,13,5,20,6,25,6,24,7,30,3,32,4,32,1,37,2,35,1,38,-4,41,0,41,-3,38,-3,42,-4,44,-1,43,-2,44,-4,42,-3,43,-7,46,-8,45,-7,45,-11,44,-11,45,-14,45,-13,46,-15,49,-14,47,-15,46,-14,46,-12,47,-16,50,-20,47,-18,45,-16,50,-18,47,-16,49,-15,46,-14,49,-17,41,-11,45,-12,45,-8,43,-10,37,-9,34,-8,39,-7,34,-5,40,-9,39,-7,39,-7,34,-4,33,-5,34,-1,31,-1,32,1,30,2,31,4,0,0,0,0,0,0,0,0,0,0,0,0,0,0,0,0,0,0,0,0,0,0,-38,8,-38,8,-45,5,-42,2,-45,2,-47,-2,-51,-1,-52,-6,-55,-7,-55,-9,-55,-12,-60,-13,-62,-16,-60,-19,-59,-19,-67,-22,-67,-24,-66,-29,-67,-24,-64,-28,-64,-26,-68,-30,-66,-35,-65,-36,-65,-39,-63,-37,-60,-37,-60,-37,-64,-37,-59,-36,-61,-35,-58,-31,-59,-33,-57,-31,-59,-32,-56,-27,-57,-27,-56,-28,-53,-28,-51,-24,-49,-22,-52,-25,-53,-17,-51,-19,-46,-17,-51,-13,-48,-16,-43,-14,-42,-13,-41,-12,-39,-15,-38,-11,-30,-8,-29,-4,-26,-5,-24,-1,-20,1,0,0]"
CSI_DATA,100,1a:00:00:00:00:00,-44,11,1,0,1,1,1,0,0,0,1,-96,0,11,2,1552326,0,44,0,384,0,"[0,0,0,0,0,0,0,0,0,0,0,0,-3,4,-3,5,-3,6,-3,6,-3,6,-3,6,-4,6,-3,7,-4,7,-4,7,-3,7,-3,7,-3,7,-3,7,-3,8,-3,8,-3,8,-2,8,-2,8,-2,8,-2,8,-2,9,-2,8,-1,9,-1,9,-1,9,0,0,-1,9,-2,9,-2,9,-2,9,-2,9,-2,9,-2,9,-2,8,-2,8,-2,8,-2,8,-2,7,-2,7,-2,7,-2,7,-2,7,-2,6,-2,6,-2,6,-2,5,-2,6,-3,5,-3,5,-3,5,-3,5,-4,4,0,0,0,0,0,0,0,0,0,0,0,0,0,0,-9,11,-14,18,-12,20,-15,18,-12,24,-17,24,-18,30,-16,31,-15,33,-19,34,-17,36,-24,35,-19,35,-20,37,-22,40,-20,45,-19,40,-17,40,-17,43,-11,45,-13,45,-16,46,-11,48,-12,46,-11,46,-9,47,-9,48,-11,50,-12,49,-10,50,-10,48,-8,50,-8,49,-9,51,-8,47,-12,49,-11,49,-11,44,-11,46,-9,43,-13,46,-13,41,-12,42,-13,37,-13,40,-13,39,-12,37,-13,35,-11,37,-14,32,-13,30,-12,33,-15,29,-14,28,-16,29,-18,27,-19,25,0,0,0,0,0,0,0,0,0,0,0,0,0,0,0,0,0,0,0,0,0,0,14,-36,16,-33,20,-38,24,-40,27,-36,31,-40,32,-40,37,-41,37,-39,45,-40,45,-39,47,-37,53,-39,55,-38,50,-39,56,-36,62,-40,61,-36,64,-38,64,-36,64,-35,70,-32,67,-30,69,-27,69,-28,65,-32,66,-32,65,-28,63,-26,64,-27,60,-25,62,-27,61,-24,58,-25,61,-25,56,-27,55,-27,55,-27,53,-24,51,-30,48,-28,44,-30,44,-28,43,-26,40,-26,36,-31,36,-28,35,-24,36,-25,34,-23,29,-16,26,-25,30,-17,20,-18,14,-13,16,-12,11,-12,0,0]"
CSI_DATA,101,1a:00:00:00:00:00,-44,11,1,0,1,1,1,0,0,0,1,-96,0,11,2,1572151,0,44,0,384,0,"[0,0,0,0,0,0,0,0,0,0,0,0,4,-1,5,-1,5,-2,6,-2,6,-2,6,-2,7,-2,7,-2,6,-2,7,-2,7,-2,7,-2,7,-2,7,-3,7,-3,7,-3,7,-3,7,-3,7,-4,7,-4,7,-4,7,-4,7,-4,7,-5,7,-5,7,-4,0,0,7,-5,7,-5,7,-5,7,-4,7,-4,7,-4,7,-4,7,-4,7,-4,6,-4,6,-3,6,-3,6,-3,6,-3,6,-3,5,-3,5,-3,5,-3,5,-2,5,-3,5,-2,5,-2,5,-2,5,-2,5,-1,5,-1,0,0,0,0,0,0,0,0,0,0,0,0,0,0,11,1,18,-3,20,-5,26,-3,27,-2,30,-1,33,0,33,-2,34,-3,37,0,41,-1,40,-3,42,-3,43,-2,41,-5,45,-6,44,-9,42,-7,44,-7,44,-11,48,-12,43,-13,44,-13,41,-11,45,-14,43,-12,46,-16,47,-18,46,-16,46,-16,50,-16,51,-20,46,-19,46,-19,50,-16,45,-16,46,-15,44,-18,42,-17,43,-13,45,-14,40,-13,44,-13,38,-12,35,-13,37,-10,37,-11,38,-14,33,-7,34,-6,37,-5,32,-5,35,-5,32,-2,33,-1,30,-2,29,2,0,0,0,0,0,0,0,0,0,0,0,0,0,0,0,0,0,0,0,0,0,0,-37,0,-37,-5,-41,-6,-43,-10,-44,-10,-47,-15,-47,-20,-53,-20,-55,-22,-47,-26,-52,-25,-54,-30,-57,-31,-54,-35,-59,-35,-57,-38,-59,-42,-56,-38,-55,-42,-55,-45,-54,-44,-51,-49,-57,-47,-55,-47,-51,-49,-53,-46,-50,-48,-50,-51,-47,-50,-51,-50,-49,-44,-50,-45,-45,-44,-46,-43,-44,-40,-46,-40,-46,-38,-45,-35,-44,-37,-43,-35,-44,-34,-39,-30,-43,-25,-45,-25,-42,-29,-39,-18,-39,-23,-35,-21,-33,-22,-33,-18,-30,-19,-29,-15,-29,-17,-23,-13,-18,-11,-13,-9,-10,-5,0,0]"
CSI_DATA,102,1a:00:00:00:00:00,-44,11,1,0,1,1,1,0,0,0,1,-96,0,11,2,1592164,0,44,0,384,0,"[0,0,0,0,0,0,0,0,0,0,0,0,-5,0,-6,0,-6,0,-7,0,-7,0,-8,0,-8,0,-8,0,-8,0,-8,1,-8,0,-9,1,-9,1,-8,1,-8,1,-9,1,-8,1,-8,1,-9,2,-9,2,-9,2,-9,2,-9,2,-9,3,-9,2,-9,3,0,0,-9,3,-9,3,-9,2,-9,2,-9,2,-9,2,-9,2,-9,2,-8,2,-8,1,-8,1,-8,1,-8,1,-8,1,-7,1,-7,1,-7,1,-7,0,-7,1,-7,0,-7,0,-6,0,-6,0,-6,-1,-6,-1,-6,-1,0,0,0,0,0,0,0,0,0,0,0,0,0,0,-14,1,-18,2,-25,5,-28,2,-29,3,-33,3,-35,4,-36,1,-35,5,-44,3,-41,0,-44,4,-40,3,-46,3,-43,2,-46,3,-47,3,-43,7,-44,8,-44,8,-48,8,-44,11,-46,13,-45,17,-44,12,-46,15,-49,14,-45,16,-47,15,-50,12,-48,20,-48,19,-49,21,-47,19,-48,20,-45,19,-45,15,-47,15,-46,15,-46,14,-45,11,-41,8,-43,10,-43,9,-41,9,-37,10,-37,12,-34,14,-36,8,-36,9,-38,9,-36,7,-34,6,-34,5,-31,4,-33,-1,-31,-2,0,0,0,0,0,0,0,0,0,0,0,0,0,0,0,0,0,0,0,0,0,0,36,0,39,4,40,5,42,10,42,11,46,16,46,18,47,19,50,18,48,25,54,31,51,33,55,33,54,38,54,38,56,39,55,42,52,40,53,42,55,47,52,47,53,49,53,52,51,50,48,49,47,54,46,50,47,50,44,48,44,49,40,42,43,44,42,42,40,42,45,43,40,40,40,37,40,32,41,38,40,34,42,32,40,33,41,28,40,26,42,22,34,22,36,21,33,22,34,18,28,19,27,21,24,16,24,16,19,15,17,14,10,7,11,3,0,0]"
CSI_DATA,103,1a:00:00:00:00:00,-44,11,1,0,1,1,1,0,0,0,1,-96,0,11,2,1602147,0,44,0,384,0,"[0,0,0,0,0,0,0,0,0,0,0,0,3,3,4,3,4,4,5,4,5,4,5,4,5,4,5,5,5,5,5,5,6,4,6,5,6,4,6,4,6,4,7,4,7,4,7,4,7,3,7,3,7,3,7,3,7,3,7,3,7,3,8,4,0,0,8,3,8,3,8,3,8,3,7,3,7,3,7,3,7,3,7,3,7,3,7,3,6,3,6,3,6,3,6,2,6,3,5,3,5,3,5,2,5,3,5,3,5,3,4,3,4,3,4,3,3,3,0,0,0,0,0,0,0,0,0,0,0,0,0,0,8,3,14,7,13,8,21,17,23,16,24,19,30,22,29,27,29,21,30,22,33,28,34,26,35,23,39,30,36,27,39,24,39,24,40,24,38,24,44,20,45,22,45,23,42,18,46,20,42,19,47,16,48,18,46,19,52,16,51,17,53,13,51,14,51,16,49,14,55,12,47,14,51,14,48,17,46,16,47,14,46,15,43,19,40,16,42,17,37,14,40,14,37,16,39,16,35,16,34,17,32,13,36,13,35,14,29,17,32,17,24,19,22,18,0,0,0,0,0,0,0,0,0,0,0,0,0,0,0,0,0,0,0,0,0,0,-22,-37,-21,-36,-24,-38,-19,-42,-21,-46,-19,-49,-16,-49,-16,-51,-13,-55,-11,-59,-12,-64,-13,-66,-14,-67,-6,-68,-9,-64,-5,-69,-4,-72,-6,-71,-2,-70,-1,-75,3,-70,3,-77,4,-76,6,-73,8,-73,1,-72,5,-73,7,-70,5,-73,5,-68,4,-69,3,-66,-1,-69,2,-62,-1,-64,-3,-62,-3,-60,-8,-54,-1,-58,-8,-56,-7,-56,-10,-53,-7,-54,-8,-52,-10,-46,-12,-44,-10,-45,-6,-46,-10,-37,-12,-40,-9,-37,-8,-32,-6,-31,-4,-28,-6,-21,-2,-15,-6,-10,0,0]"
CSI_DATA,104,1a:00:00:00:00:00,-44,11,1,0,1,1,1,0,0,0,1,-96,0,11,2,1612192,0,44,0,384,0,"[0,0,0,0,0,0,0,0,0,0,0,0,4,1,5,2,5,2,6,2,6,2,6,2,6,3,7,3,7,2,7,3,7,3,7,3,7,2,7,2,7,2,7,2,8,1,8,2,8,1,8,1,8,1,8,1,8,1,8,1,8,1,9,1,0,0,8,1,9,1,8,1,9,1,8,1,8,1,8,1,8,1,8,1,7,1,7,2,7,1,6,1,6,1,7,1,7,1,6,1,6,1,6,1,6,1,5,1,5,1,5,2,5,2,4,2,4,3,0,0,0,0,0,0,0,0,0,0,0,0,0,0,12,2,16,1,19,8,27,7,25,8,31,9,32,10,35,14,34,14,37,11,36,13,40,11,41,13,41,15,43,14,45,13,44,12,45,7,46,11,45,9,48,6,47,11,50,10,46,7,41,5,46,3,47,6,50,1,49,5,50,4,52,3,52,4,48,-2,49,3,52,4,50,5,50,5,46,5,45,3,47,4,46,7,43,6,42,6,43,9,40,5,40,9,41,7,38,4,38,5,35,6,37,7,37,6,33,8,31,12,28,11,27,11,27,14,0,0,0,0,0,0,0,0,0,0,0,0,0,0,0,0,0,0,0,0,0,0,-37,-13,-37,-14,-36,-16,-40,-25,-37,-28,-39,-30,-40,-31,-41,-31,-41,-37,-37,-40,-42,-43,-46,-49,-41,-49,-44,-53,-40,-55,-39,-56,-42,-57,-44,-56,-39,-58,-39,-64,-37,-60,-34,-66,-37,-63,-32,-64,-32,-68,-32,-65,-30,-66,-29,-66,-30,-63,-27,-64,-32,-60,-25,-61,-27,-58,-29,-56,-24,-54,-27,-55,-26,-53,-28,-50,-31,-48,-28,-49,-29,-45,-32,-45,-28,-42,-28,-43,-27,-37,-25,-38,-28,-39,-27,-33,-26,-33,-22,-32,-19,-28,-20,-28,-15,-23,-15,-22,-10,-15,-11,-14,-6,-9,0,0]"
CSI_DATA,105,1a:00:00:00:00:00,-44,11,1,0,1,1,1,0,0,0,1,-96,0,11,2,1622146,0,44,0,384,0,"[0,0,0,0,0,0,0,0,0,0,0,0,-5,-3,-5,-3,-6,-3,-6,-4,-6,-4,-7,-4,-7,-4,-7,-4,-8,-4,-8,-4,-7,-4,-8,-4,-7,-4,-8,-4,-7,-4,-8,-4,-8,-3,-8,-3,-8,-3,-9,-3,-8,-3,-9,-3,-9,-3,-9,-3,-9,-3,-9,-3,0,0,-9,-3,-9,-3,-9,-3,-9,-3,-9,-3,-9,-3,-9,-3,-8,-3,-8,-3,-8,-3,-8,-3,-7,-3,-7,-3,-7,-3,-7,-3,-7,-3,-7,-3,-6,-3,-6,-3,-6,-3,-6,-3,-6,-3,-5,-4,-5,-4,-5,-4,-4,-4,0,0,0,0,0,0,0,0,0,0,0,0,0,0,-9,-11,-14,-9,-21,-12,-23,-15,-23,-11,-27,-14,-31,-16,-31,-21,-33,-16,-35,-18,-36,-18,-35,-25,-38,-20,-36,-19,-40,-18,-39,-21,-41,-21,-42,-17,-39,-18,-44,-18,-45,-18,-42,-13,-44,-16,-46,-18,-44,-13,-49,-17,-45,-11,-48,-13,-45,-12,-49,-8,-52,-11,-53,-11,-46,-9,-50,-10,-51,-11,-49,-13,-45,-16,-46,-11,-43,-14,-47,-11,-43,-13,-42,-13,-41,-12,-40,-13,-38,-14,-41,-15,-37,-13,-37,-13,-37,-14,-35,-14,-36,-13,-33,-14,-32,-17,-30,-15,-29,-19,-28,-20,-27,-24,0,0,0,0,0,0,0,0,0,0,0,0,0,0,0,0,0,0,0,0,0,0,33,18,33,18,32,22,34,25,37,29,35,30,31,35,36,37,34,41,34,42,34,47,41,48,37,51,37,55,36,57,31,58,28,62,32,60,32,65,27,63,25,66,24,70,26,63,24,64,23,67,23,68,23,68,22,68,21,65,22,67,21,62,18,62,18,64,17,61,16,59,19,56,18,55,28,51,20,52,23,52,21,50,22,44,21,45,21,42,21,42,20,36,21,38,19,39,21,35,16,32,18,36,16,27,15,25,14,20,12,17,10,12,9,7,0,0]"
CSI_DATA,106,1a:00:00:00:00:00,-44,11,1,0,1,1,1,0,0,0,1,-96,0,11,2,1634535,0,44,0,384,0,"[0,0,0,0,0,0,0,0,0,0,0,0,4,-1,5,-1,6,-1,6,-1,6,-2,7,-1,7,-1,7,-1,7,-1,7,-2,7,-2,7,-2,8,-2,8,-2,8,-2,8,-2,8,-3,8,-3,8,-3,8,-3,8,-3,8,-3,8,-3,8,-4,8,-4,8,-4,0,0,8,-3,8,-4,8,-4,8,-3,8,-3,8,-3,8,-3,8,-3,7,-3,7,-3,7,-3,7,-3,7,-2,7,-2,6,-2,7,-2,6,-2,6,-2,6,-1,6,-1,6,-1,6,-1,5,-1,5,0,5,0,5,1,0,0,0,0,0,0,0,0,0,0,0,0,0,0,12,5,17,-1,18,0,25,1,31,4,32,1,29,0,36,2,33,0,36,-3,41,-1,41,2,45,0,42,0,46,0,40,-1,45,-1,45,-3,45,-6,43,-4,46,-7,46,-8,43,-9,45,-9,45,-13,45,-12,46,-15,48,-13,46,-14,51,-11,49,-12,48,-13,48,-13,46,-12,45,-15,42,-13,43,-12,47,-9,47,-10,45,-12,49,-9,43,-9,43,-6,38,-6,39,-7,40,-5,38,-8,37,-3,37,-4,32,-1,36,-4,39,-1,36,-2,30,2,31,0,31,3,28,5,0,0,0,0,0,0,0,0,0,0,0,0,0,0,0,0,0,0,0,0,0,0,-37,7,-41,6,-40,1,-45,0,-49,-3,-47,-7,-48,-12,-49,-9,-52,-14,-58,-15,-59,-16,-60,-21,-60,-21,-64,-26,-63,-27,-63,-30,-65,-32,-63,-35,-59,-32,-63,-43,-59,-38,-63,-40,-63,-43,-64,-41,-60,-44,-61,-44,-58,-46,-54,-45,-58,-49,-56,-46,-56,-45,-53,-43,-52,-42,-50,-40,-51,-42,-52,-39,-47,-36,-47,-35,-47,-33,-46,-32,-48,-30,-43,-30,-49,-26,-46,-24,-44,-26,-42,-27,-45,-23,-42,-21,-42,-22,-36,-16,-32,-18,-26,-16,-30,-17,-21,-12,-22,-10,-19,-9,-13,-9,0,0]"
CSI_DATA,107,1a:00:00:00:00:00,-44,11,1,0,1,1,1,0,0,0,1,-96,0,11,2,1642171,0,44,0,384,0,"[0,0,0,0,0,0,0,0,0,0,0,0,3,4,3,4,4,4,4,5,4,5,4,5,4,5,4,5,5,5,4,5,5,5,5,5,5,5,5,5,5,5,6,5,6,5,6,5,6,4,6,5,6,5,7,5,7,5,7,4,7,4,7,5,0,0,7,5,7,5,7,5,7,5,6,4,7,5,6,5,6,5,6,5,6,5,6,5,5,4,5,4,5,4,5,4,5,4,5,4,4,4,4,4,4,4,4,4,4,4,3,4,3,5,2,4,2,4,0,0,0,0,0,0,0,0,0,0,0,0,0,0,6,10,10,11,12,17,20,15,21,20,24,18,22,22,24,28,27,27,32,25,30,24,34,28,31,27,30,34,32,29,36,29,35,31,34,27,35,24,37,26,42,24,41,26,44,24,41,23,41,22,44,23,38,22,45,21,45,20,42,20,48,21,47,23,45,20,47,23,47,19,45,20,45,25,43,22,42,22,36,22,38,21,39,21,35,22,33,24,36,21,34,22,34,25,31,22,31,22,31,26,28,22,23,23,26,24,26,24,22,22,23,24,17,25,0,0,0,0,0,0,0,0,0,0,0,0,0,0,0,0,0,0,0,0,0,0,-34,-14,-34,-20,-34,-24,-42,-22,-34,-31,-38,-28,-38,-34,-37,-38,-39,-39,-36,-40,-38,-48,-40,-51,-37,-53,-36,-52,-39,-59,-37,-59,-36,-64,-32,-61,-35,-69,-31,-66,-31,-69,-29,-74,-28,-74,-29,-74,-26,-71,-26,-73,-23,-71,-23,-72,-24,-69,-23,-70,-19,-64,-20,-73,-19,-69,-22,-63,-23,-65,-20,-61,-21,-57,-23,-59,-22,-55,-25,-55,-18,-55,-22,-50,-17,-55,-23,-49,-22,-46,-19,-45,-19,-41,-20,-43,-20,-38,-18,-38,-20,-35,-16,-32,-17,-30,-14,-26,-16,-21,-13,-19,-8,-16,0,0]"
CSI_DATA,108,1a:00:00:00:00:00,-43,11,1,0,1,1,1,0,0,0,1,-96,0,11,2,1654727,0,44,0,384,0,"[0,0,0,0,0,0,0,0,0,0,0,0,-2,4,-2,5,-2,6,-3,6,-2,6,-2,6,-2,7,-2,7,-2,7,-2,7,-2,7,-2,7,-2,7,-2,8,-2,7,-1,8,-1,8,-1,8,-1,8,-1,8,-1,8,0,8,0,8,0,8,0,8,0,8,0,0,0,8,0,9,0,8,0,9,0,8,0,8,0,8,0,8,-1,8,0,8,-1,8,-1,7,-1,7,-1,7,-1,7,-1,7,-1,6,-1,6,-1,6,-1,6,-1,6,-2,5,-2,5,-2,5,-2,5,-3,4,0,0,0,0,0,0,0,0,0,0,0,0,0,0,-12,10,-12,13,-10,21,-13,19,-15,26,-16,26,-14,30,-17,29,-15,33,-15,31,-15,38,-19,36,-19,35,-15,39,-18,36,-15,37,-15,43,-17,43,-14,40,-11,46,-11,42,-12,41,-8,44,-10,43,-12,43,-7,44,-10,46,-8,49,-11,48,-6,48,-5,49,-8,47,-7,51,-8,48,-6,48,-11,45,-6,47,-7,45,-9,46,-8,43,-6,42,-12,42,-9,41,-14,35,-10,36,-9,40,-11,36,-12,38,-12,31,-11,35,-10,34,-15,32,-12,33,-14,29,-14,29,-21,25,-17,23,0,0,0,0,0,0,0,0,0,0,0,0,0,0,0,0,0,0,0,0,0,0,1,-36,4,-36,3,-41,7,-42,13,-44,14,-44,13,-43,19,-45,20,-47,24,-50,24,-53,27,-55,30,-55,33,-55,33,-54,40,-57,41,-56,43,-50,48,-54,49,-51,48,-54,50,-53,54,-51,58,-51,55,-48,51,-49,55,-46,55,-44,55,-48,56,-48,56,-46,51,-47,52,-46,49,-43,48,-41,47,-42,44,-42,44,-40,43,-39,41,-40,41,-40,39,-40,35,-39,35,-39,32,-33,34,-38,30,-38,28,-35,29,-36,26,-34,26,-31,23,-31,23,-26,20,-26,12,-20,10,-22,8,-16,0,0]"
CSI_DATA,109,1a:00:00:00:00:00,-43,11,1,0,1,1,1,0,0,0,1,-96,0,11,2,1682733,0,44,0,384,0,"[0,0,0,0,0,0,0,0,0,0,0,0,-5,-2,-6,-2,-6,-2,-7,-2,-7,-2,-7,-2,-7,-2,-8,-2,-8,-2,-8,-2,-9,-2,-8,-2,-9,-2,-9,-2,-8,-2,-9,-2,-9,-1,-9,-1,-9,-1,-9,-1,-9,-1,-9,-1,-9,-1,-9,-1,-9,-1,-9,-1,0,0,-9,-1,-9,-1,-9,-1,-9,-1,-9,-1,-9,-1,-9,-2,-9,-2,-8,-2,-8,-2,-8,-2,-8,-2,-7,-2,-7,-2,-7,-2,-7,-2,-7,-2,-6,-2,-6,-2,-6,-3,-6,-3,-6,-3,-5,-3,-6,-3,-5,-3,-5,-4,0,0,0,0,0,0,0,0,0,0,0,0,0,0,-11,-18,-15,-16,-23,-13,-23,-14,-26,-11,-30,-16,-31,-11,-35,-14,-35,-10,-38,-13,-40,-12,-45,-15,-45,-14,-37,-14,-41,-11,-45,-9,-44,-9,-44,-7,-47,-9,-46,-7,-47,-10,-45,-7,-45,-3,-47,-8,-44,-6,-47,-8,-47,-6,-49,-2,-47,0,-49,-4,-50,-1,-51,-4,-46,-2,-50,-3,-48,-2,-50,-4,-51,-4,-46,-7,-45,-5,-48,-8,-44,-5,-45,-6,-42,-7,-40,-8,-41,-4,-36,-10,-38,-8,-40,-10,-35,-10,-38,-8,-36,-10,-35,-13,-32,-11,-30,-14,-27,-15,-27,-17,-25,-19,0,0,0,0,0,0,0,0,0,0,0,0,0,0,0,0,0,0,0,0,0,0,31,-15,37,-12,36,-11,42,-6,39,-7,45,-8,45,-2,50,-1,52,1,52,-1,55,4,60,6,62,6,63,9,65,11,60,15,65,17,64,16,67,18,66,27,63,24,66,28,62,26,62,27,64,31,66,34,69,33,68,32,62,33,65,36,59,33,60,35,60,35,56,32,60,33,61,30,57,31,55,27,56,27,58,27,57,26,48,27,53,25,51,21,47,21,50,12,48,20,43,16,48,17,38,16,40,17,41,13,39,14,28,8,26,11,26,6,22,-1,0,0]"
CSI_DATA,110,1a:00:00:00:00:00,-44,11,1,0,1,1,1,0,0,0,1,-96,0,11,2,1692159,0,44,0,384,0,"[0,0,0,0,0,0,0,0,0,0,0,0,-1,-6,-1,-6,-2,-6,-2,-6,-2,-7,-2,-7,-3,-7,-3,-8,-3,-8,-3,-8,-3,-8,-3,-8,-3,-8,-3,-8,-3,-8,-3,-8,-4,-8,-4,-8,-4,-8,-4,-8,-4,-8,-5,-8,-4,-8,-4,-8,-4,-8,-4,-8,0,0,-4,-8,-4,-8,-4,-8,-4,-9,-4,-8,-4,-8,-4,-8,-4,-7,-3,-7,-3,-8,-3,-7,-3,-7,-3,-7,-3,-7,-2,-7,-2,-7,-3,-6,-2,-7,-2,-6,-2,-6,-2,-6,-1,-6,-1,-6,-1,-6,0,-6,0,-6,0,0,0,0,0,0,0,0,0,0,0,0,0,0,4,-21,4,-22,3,-27,-2,-30,-3,-30,-6,-33,-8,-33,-6,-36,-8,-38,-10,-43,-8,-39,-12,-41,-12,-41,-9,-41,-12,-45,-16,-45,-15,-44,-19,-42,-20,-47,-16,-44,-21,-47,-21,-43,-21,-45,-20,-43,-21,-44,-18,-40,-20,-48,-21,-46,-21,-45,-22,-46,-22,-43,-20,-43,-23,-43,-22,-45,-24,-41,-20,-44,-21,-41,-17,-43,-18,-41,-19,-41,-14,-39,-17,-39,-14,-40,-15,-40,-17,-37,-15,-35,-12,-40,-14,-38,-11,-36,-9,-36,-7,-37,-5,-37,-6,-35,-3,-33,-4,-33,-1,-33,3,-28,0,0,0,0,0,0,0,0,0,0,0,0,0,0,0,0,0,0,0,0,0,0,33,17,32,22,31,22,33,24,32,29,32,31,29,36,33,38,31,39,31,43,32,47,29,49,32,52,30,54,31,57,26,61,27,64,23,60,25,65,20,67,19,69,20,68,17,68,18,71,12,74,15,69,13,70,12,74,10,73,12,70,9,69,7,68,8,69,10,69,8,67,10,66,9,62,10,64,12,63,11,60,12,59,12,56,12,60,10,56,10,51,11,51,10,48,13,51,12,47,8,42,12,42,15,38,11,38,10,32,8,30,14,24,15,23,0,0]"
CSI_DATA,111,1a:00:00:00:00:00,-45,11,1,0,1,1,1,0,0,0,1,-96,0,11,2,1715330,0,44,0,384,0,"[0,0,0,0,0,0,0,0,0,0,0,0,-3,3,-3,4,-3,5,-4,5,-4,5,-3,5,-4,6,-3,6,-4,6,-4,6,-3,7,-3,7,-4,7,-3,7,-3,7,-3,7,-3,7,-3,7,-3,7,-3,7,-3,7,-3,7,-3,7,-3,7,-3,7,-2,7,0,0,-3,7,-3,6,-3,7,-3,7,-3,6,-3,6,-3,6,-3,6,-3,6,-3,6,-3,5,-3,5,-3,5,-2,5,-2,5,-3,5,-2,5,-3,5,-3,4,-3,4,-3,4,-3,4,-3,4,-3,4,-4,3,-4,3,0,0,0,0,0,0,0,0,0,0,0,0,0,0,-19,2,-22,9,-21,15,-20,11,-22,19,-25,21,-21,25,-24,26,-23,26,-21,27,-26,29,-26,31,-23,30,-26,30,-24,31,-25,36,-27,34,-22,35,-26,36,-25,39,-23,37,-20,34,-19,37,-21,39,-23,35,-25,36,-19,37,-25,36,-22,41,-20,39,-24,38,-21,38,-24,35,-24,35,-24,34,-23,33,-22,30,-19,34,-21,31,-18,32,-20,26,-19,29,-20,28,-21,26,-24,26,-18,27,-21,25,-16,25,-17,24,-16,21,-20,22,-21,24,-22,21,-24,16,-23,19,-23,12,-20,12,0,0,0,0,0,0,0,0,0,0,0,0,0,0,0,0,0,0,0,0,0,0,-17,-32,-16,-34,-16,-42,-14,-43,-12,-46,-8,-51,-4,-49,-5,-54,0,-57,0,-57,-2,-59,6,-61,7,-63,9,-66,11,-69,14,-65,16,-70,20,-65,23,-68,26,-68,27,-66,29,-72,32,-66,33,-66,33,-64,33,-69,34,-65,34,-65,39,-62,35,-64,34,-61,35,-60,39,-61,37,-58,36,-56,34,-63,34,-57,33,-54,32,-56,29,-58,31,-55,29,-51,30,-52,31,-51,30,-49,28,-45,23,-43,23,-45,28,-47,21,-41,20,-39,22,-39,19,-38,12,-34,13,-32,12,-31,10,-32,0,0]"
CSI_DATA,112,1a:00:00:00:00:00,-46,11,1,0,1,1,1,0,0,0,1,-96,0,11,2,1722176,0,44,0,384,0,"[0,0,0,0,0,0,0,0,0,0,0,0,4,-1,5,-1,6,-1,6,-1,6,-2,6,-1,6,-2,6,-2,6,-2,7,-2,6,-2,7,-2,7,-2,7,-3,7,-2,7,-3,7,-3,7,-2,7,-3,7,-3,7,-3,7,-3,7,-3,7,-3,7,-3,7,-3,0,0,6,-2,7,-2,7,-2,6,-2,6,-2,6,-2,6,-2,6,-1,5,-2,5,-2,5,-1,5,-1,5,-2,5,-1,5,-1,5,-2,5,-1,4,-1,4,-2,4,-1,4,-1,4,-1,4,-1,4,0,4,0,4,1,0,0,0,0,0,0,0,0,0,0,0,0,0,0,14,5,20,10,25,1,25,-2,30,0,30,0,30,-9,30,-7,33,-5,33,-7,33,-7,35,-9,37,-12,38,-10,39,-10,35,-10,40,-9,36,-10,36,-16,36,-13,35,-13,37,-11,40,-14,40,-13,37,-16,40,-9,39,-16,40,-14,39,-14,37,-10,37,-14,37,-13,35,-13,37,-14,38,-13,34,-12,35,-7,33,-11,33,-11,30,-9,34,-8,33,-4,30,-7,28,-6,26,-7,27,-8,26,-7,27,-10,29,-6,26,-6,27,-9,24,-3,26,-10,27,-2,26,-1,23,3,24,1,0,0,0,0,0,0,0,0,0,0,0,0,0,0,0,0,0,0,0,0,0,0,-6,37,-6,36,-8,41,-17,44,-16,40,-23,43,-24,44,-29,41,-30,45,-32,48,-38,46,-40,45,-44,45,-50,46,-50,48,-54,44,-57,41,-59,40,-60,40,-63,38,-63,38,-68,38,-67,32,-69,30,-67,27,-68,28,-65,28,-68,26,-69,27,-67,25,-68,22,-67,25,-65,25,-66,25,-63,23,-68,22,-62,24,-60,24,-59,24,-60,24,-57,23,-58,25,-56,20,-58,23,-53,22,-51,20,-49,20,-46,22,-52,19,-45,17,-43,14,-41,19,-39,17,-34,14,-33,12,-28,18,-25,15,0,0]"
CSI_DATA,113,1a:00:00:00:00:00,-47,11,1,0,1,1,1,0,0,0,1,-96,0,11,2,1732241,0,44,0,384,0,"[0,0,0,0,0,0,0,0,0,0,0,0,4,0,4,0,4,0,4,0,5,0,5,0,5,-1,5,-1,5,-1,6,-1,6,-1,6,-1,6,-1,6,-1,7,-1,6,-1,6,-1,6,-1,7,-2,7,-1,7,-1,7,-1,6,-1,6,-1,7,-1,7,-1,0,0,6,-1,6,0,6,0,6,0,6,0,6,0,5,0,5,0,5,0,5,0,4,0,4,0,4,0,4,0,4,0,4,0,4,0,4,0,4,0,3,0,3,0,4,0,4,0,3,1,3,1,3,1,0,0,0,0,0,0,0,0,0,0,0,0,0,0,10,17,16,13,17,9,19,11,23,9,23,6,29,5,30,7,30,3,30,4,32,2,33,1,33,4,33,0,36,-1,37,1,39,4,38,-1,43,2,37,0,44,2,39,-1,42,-1,38,-1,39,-1,39,0,39,2,44,-3,38,-2,40,4,41,1,41,-2,40,4,37,2,38,-1,38,0,34,3,34,4,32,4,28,5,32,5,30,4,29,3,28,-1,28,2,25,4,27,2,27,2,24,2,27,1,21,6,21,1,25,1,20,5,21,5,21,9,21,7,0,0,0,0,0,0,0,0,0,0,0,0,0,0,0,0,0,0,0,0,0,0,-5,38,-12,39,-16,37,-19,44,-19,42,-29,42,-31,45,-30,43,-39,44,-40,43,-43,42,-51,44,-53,44,-58,44,-59,38,-61,36,-68,37,-66,33,-67,33,-71,29,-70,27,-78,28,-74,24,-75,20,-78,20,-77,20,-78,16,-78,13,-74,13,-79,12,-72,10,-77,15,-73,12,-73,11,-71,8,-71,10,-66,11,-68,9,-71,10,-67,13,-72,9,-65,8,-65,7,-62,9,-59,10,-63,8,-61,5,-60,9,-58,10,-54,9,-48,2,-48,7,-48,7,-38,3,-39,4,-36,4,-37,4,0,0]"
CSI_DATA,114,1a:00:00:00:00:00,-53,11,1,0,1,1,1,0,0,0,1,-96,0,11,2,1752199,0,44,0,384,0,"[0,0,0,0,0,0,0,0,0,0,0,0,-4,-3,-5,-3,-5,-3,-5,-3,-5,-3,-5,-2,-5,-2,-5,-2,-5,-2,-6,-2,-6,-2,-6,-2,-6,-1,-6,-1,-6,-1,-6,-1,-6,-1,-6,-1,-5,-1,-6,-1,-6,-1,-6,-1,-6,-1,-6,-1,-6,-1,-6,0,0,0,-6,-1,-6,-1,-6,-1,-6,-1,-5,-1,-5,-2,-5,-2,-4,-2,-4,-2,-4,-2,-4,-2,-4,-2,-4,-2,-4,-2,-5,-2,-4,-2,-4,-2,-5,-3,-4,-3,-4,-2,-3,-2,-3,-3,-3,-3,-2,-3,-2,-3,-1,-3,0,0,0,0,0,0,0,0,0,0,0,0,0,0,-24,-2,-23,0,-22,3,-22,6,-21,9,-20,12,-19,14,-19,16,-19,18,-19,20,-19,21,-18,23,-18,24,-19,25,-18,26,-19,27,-19,28,-19,28,-19,29,-19,30,-19,30,-19,30,-19,30,-19,30,-19,30,-19,31,-19,31,-19,31,-20,31,-20,31,-20,30,-20,30,-21,29,-21,29,-21,28,-22,27,-21,26,-21,25,-20,24,-21,23,-20,22,-19,21,-18,20,-18,20,-18,19,-18,18,-17,18,-17,18,-17,17,-17,16,-17,16,-18,15,-18,14,-18,14,-19,13,-19,13,-19,12,0,0,0,0,0,0,0,0,0,0,0,0,0,0,0,0,0,0,0,0,0,0,-41,-4,-42,-7,-42,-10,-44,-14,-44,-18,-45,-22,-45,-27,-46,-31,-46,-36,-45,-40,-45,-44,-44,-48,-42,-52,-41,-55,-40,-59,-37,-63,-35,-66,-32,-69,-29,-70,-26,-72,-24,-74,-22,-75,-19,-77,-16,-78,-14,-79,-12,-79,-10,-79,-8,-80,-6,-80,-4,-79,-3,-78,-1,-77,0,-75,1,-75,2,-74,2,-74,3,-73,3,-72,3,-72,4,-70,4,-70,4,-69,5,-69,6,-67,7,-66,7,-64,8,-62,9,-61,10,-60,10,-57,11,-56,11,-53,12,-51,12,-48,12,-47,12,-44,12,-42,0,0]"
CSI_DATA,115,1a:00:00:00:00:00,-49,11,1,0,1,1,1,0,0,0,1,-96,0,11,2,1764291,0,44,0,384,0,"[0,0,0,0,0,0,0,0,0,0,0,0,-4,1,-4,1,-4,1,-4,1,-4,2,-5,2,-4,3,-4,3,-4,3,-5,3,-5,3,-5,3,-5,3,-5,3,-5,3,-5,4,-5,4,-5,4,-5,3,-5,4,-5,3,-5,3,-5,4,-5,4,-5,3,-5,4,0,0,-5,3,-5,3,-5,3,-5,3,-5,3,-5,3,-5,2,-5,2,-5,2,-5,3,-4,2,-5,2,-4,2,-4,2,-4,2,-4,2,-4,2,-4,2,-4,2,-4,2,-4,2,-4,1,-4,1,-4,1,-4,1,-5,0,0,0,0,0,0,0,0,0,0,0,0,0,0,0,-26,-9,-23,-8,-24,-4,-20,0,-22,0,-22,8,-21,8,-21,15,-22,13,-27,13,-24,18,-25,15,-25,19,-21,18,-25,18,-27,24,-25,20,-29,20,-29,21,-26,19,-24,21,-24,22,-24,26,-26,23,-26,20,-28,23,-26,25,-28,26,-24,25,-29,22,-29,26,-26,25,-26,22,-27,24,-29,19,-24,16,-25,20,-25,18,-25,16,-23,14,-22,12,-20,15,-22,16,-21,13,-22,15,-21,12,-18,11,-20,16,-20,14,-19,14,-19,13,-21,18,-24,12,-19,7,-21,9,-26,4,-26,6,0,0,0,0,0,0,0,0,0,0,0,0,0,0,0,0,0,0,0,0,0,0,-36,-4,-39,-8,-43,-11,-45,-15,-44,-23,-38,-30,-42,-31,-45,-36,-39,-41,-38,-42,-40,-52,-38,-54,-37,-60,-34,-62,-26,-66,-23,-65,-22,-73,-18,-72,-16,-78,-12,-74,-6,-76,-6,-79,-3,-76,-1,-81,3,-82,5,-77,2,-80,11,-79,11,-75,14,-80,18,-77,15,-76,18,-74,18,-73,20,-72,19,-67,19,-70,16,-70,19,-69,17,-71,18,-69,20,-62,20,-66,21,-63,19,-63,26,-62,24,-62,22,-58,23,-56,23,-56,25,-54,24,-52,27,-49,23,-42,25,-42,20,-36,24,-34,0,0]"
CSI_DATA,116,1a:00:00:00:00:00,-50,11,1,0,1,1,1,0,0,0,1,-96,0,11,2,1772169,0,44,0,384,0,"[0,0,0,0,0,0,0,0,0,0,0,0,-1,-3,-2,-4,-3,-3,-3,-4,-3,-4,-3,-4,-4,-4,-3,-5,-4,-5,-4,-4,-4,-5,-4,-5,-4,-4,-5,-4,-5,-5,-4,-5,-5,-5,-5,-5,-5,-5,-5,-4,-5,-5,-5,-5,-4,-5,-5,-5,-5,-5,-4,-5,0,0,-4,-5,-4,-5,-4,-5,-4,-5,-4,-5,-4,-5,-4,-4,-3,-4,-3,-4,-3,-4,-3,-4,-3,-4,-3,-4,-3,-4,-3,-3,-3,-3,-3,-4,-3,-3,-3,-3,-2,-3,-3,-3,-3,-4,-2,-4,-2,-4,-2,-4,-2,-4,0,0,0,0,0,0,0,0,0,0,0,0,0,0,12,-18,9,-15,3,-17,4,-21,-4,-16,-9,-19,-11,-19,-13,-17,-14,-21,-12,-20,-16,-21,-17,-21,-19,-21,-15,-20,-24,-23,-20,-26,-20,-21,-19,-21,-18,-26,-25,-25,-23,-26,-25,-25,-26,-25,-21,-21,-22,-23,-22,-23,-22,-24,-24,-22,-22,-23,-21,-26,-23,-26,-21,-22,-17,-25,-19,-25,-18,-26,-16,-29,-19,-23,-15,-23,-13,-24,-13,-24,-15,-22,-13,-18,-18,-24,-15,-19,-16,-18,-15,-19,-16,-15,-15,-18,-11,-15,-15,-14,-14,-20,-16,-18,-11,-19,-14,-19,-13,-19,-8,-20,-9,-21,0,0,0,0,0,0,0,0,0,0,0,0,0,0,0,0,0,0,0,0,0,0,0,-39,4,-39,7,-43,13,-45,18,-48,22,-47,30,-45,34,-47,39,-47,42,-45,42,-46,51,-40,55,-40,58,-40,64,-36,67,-30,68,-31,70,-20,75,-20,79,-16,76,-11,80,-9,80,-5,79,-7,76,0,82,-1,80,4,82,6,77,9,75,14,74,13,70,13,72,18,72,17,67,16,67,23,69,16,65,22,65,19,69,18,62,20,60,17,61,25,59,19,57,27,58,27,53,22,52,22,53,24,50,28,51,20,47,24,40,28,36,26,42,24,34,23,28,26,0,0]"
CSI_DATA,117,1a:00:00:00:00:00,-49,11,1,0,1,1,1,0,0,0,1,-96,0,11,2,1792978,0,44,0,384,0,"[0,0,0,0,0,0,0,0,0,0,0,0,-2,-3,-2,-3,-3,-3,-3,-4,-4,-4,-4,-4,-4,-4,-4,-4,-5,-5,-5,-5,-5,-5,-5,-5,-5,-5,-5,-5,-5,-5,-5,-5,-5,-5,-5,-5,-5,-5,-5,-5,-5,-5,-5,-5,-4,-5,-5,-5,-5,-5,-5,-5,0,0,-4,-6,-5,-5,-4,-5,-4,-5,-4,-5,-4,-5,-3,-5,-3,-5,-3,-5,-3,-5,-2,-4,-3,-4,-3,-4,-3,-4,-2,-4,-2,-4,-3,-4,-3,-3,-3,-3,-3,-3,-3,-3,-3,-4,-3,-4,-3,-4,-2,-4,-2,-4,0,0,0,0,0,0,0,0,0,0,0,0,0,0,6,-20,1,-12,-3,-12,-4,-15,-6,-14,-12,-15,-17,-18,-17,-16,-15,-17,-18,-24,-21,-24,-21,-26,-24,-21,-19,-25,-24,-27,-23,-28,-26,-29,-25,-24,-26,-28,-25,-30,-27,-30,-27,-26,-25,-22,-25,-25,-23,-29,-24,-24,-26,-30,-26,-28,-23,-30,-25,-31,-24,-26,-24,-35,-24,-25,-24,-28,-23,-31,-19,-29,-19,-26,-18,-26,-18,-26,-20,-28,-14,-29,-15,-26,-11,-22,-12,-22,-12,-18,-13,-18,-13,-17,-12,-20,-13,-19,-11,-19,-12,-20,-12,-17,-11,-22,-15,-22,-12,-19,-10,-18,-6,-24,0,0,0,0,0,0,0,0,0,0,0,0,0,0,0,0,0,0,0,0,0,0,3,-39,10,-42,14,-43,18,-41,23,-43,27,-42,31,-41,39,-40,38,-42,45,-36,51,-38,56,-35,60,-32,64,-29,65,-25,69,-20,72,-20,72,-14,77,-12,75,-8,78,-4,74,-2,78,5,80,9,80,9,79,9,77,15,73,15,72,20,73,24,72,23,69,24,67,28,65,28,65,25,64,28,64,25,64,30,58,28,63,27,57,28,53,28,57,29,53,31,54,28,51,24,50,27,49,32,47,32,46,26,42,26,43,29,38,31,31,27,29,28,32,26,23,24,0,0]"
CSI_DATA,118,1a:00:00:00:00:00,-49,11,1,0,1,1,1,0,0,0,1,-96,0,11,2,1802509,0,44,0,384,0,"[0,0,0,0,0,0,0,0,0,0,0,0,0,3,0,4,1,4,0,4,1,5,2,5,1,5,2,6,2,6,2,6,1,6,2,7,1,6,1,6,2,7,2,7,2,7,1,7,2,7,2,7,1,6,2,7,2,7,2,7,1,7,2,7,0,0,1,7,1,7,1,6,1,7,1,6,1,6,1,6,1,5,0,6,0,5,0,5,0,4,0,5,0,4,0,4,0,4,0,4,1,4,0,4,1,4,0,4,1,4,1,3,0,4,0,4,0,3,0,0,0,0,0,0,0,0,0,0,0,0,0,0,-11,9,-11,11,-1,7,-3,17,5,15,5,22,4,20,4,28,6,27,15,30,12,29,14,37,14,38,11,34,16,35,17,39,15,40,13,38,15,37,15,41,18,39,20,36,14,40,15,36,14,39,14,43,15,41,18,44,13,37,17,42,16,38,18,40,10,40,15,33,12,37,9,36,6,35,14,32,12,32,11,36,9,33,12,27,6,31,12,22,6,21,8,25,6,28,12,22,11,21,12,20,8,20,9,21,10,20,11,22,13,21,7,23,5,22,0,0,0,0,0,0,0,0,0,0,0,0,0,0,0,0,0,0,0,0,0,0,-30,16,-36,19,-39,11,-45,12,-46,11,-52,6,-49,2,-55,-3,-57,-7,-54,-8,-63,-10,-62,-16,-61,-27,-61,-26,-59,-31,-63,-39,-63,-41,-61,-42,-62,-47,-58,-50,-56,-55,-55,-55,-54,-57,-52,-64,-48,-64,-50,-64,-47,-64,-45,-64,-38,-68,-41,-70,-38,-67,-37,-67,-34,-67,-34,-66,-33,-65,-33,-59,-29,-65,-32,-63,-29,-56,-30,-56,-31,-59,-25,-59,-30,-58,-27,-59,-27,-54,-28,-50,-24,-51,-24,-52,-21,-48,-19,-50,-24,-46,-18,-46,-14,-45,-17,-42,-11,-38,-14,-35,-11,-34,0,0]"
CSI_DATA,119,1a:00:00:00:00:00,-49,11,1,0,1,1,1,0,0,0,1,-96,0,11,2,1813126,0,44,0,384,0,"[0,0,0,0,0,0,0,0,0,0,0,0,1,-2,1,-3,1,-3,1,-4,2,-4,2,-4,2,-5,2,-5,2,-5,3,-5,3,-6,3,-6,3,-6,3,-6,3,-6,3,-6,3,-6,3,-6,3,-6,3,-6,4,-6,3,-6,3,-7,3,-7,3,-7,3,-7,0,0,3,-6,4,-6,4,-6,4,-6,4,-6,4,-5,4,-5,3,-5,3,-5,3,-5,3,-5,3,-4,2,-4,2,-4,2,-4,2,-4,2,-4,1,-4,1,-4,1,-4,1,-4,1,-4,1,-4,1,-4,2,-4,2,-4,0,0,0,0,0,0,0,0,0,0,0,0,0,0,7,-4,6,-3,5,-7,-3,-8,-1,-8,-7,-14,-10,-13,-9,-19,-10,-22,-14,-22,-14,-19,-12,-27,-17,-26,-13,-28,-13,-29,-16,-33,-14,-33,-16,-31,-14,-34,-15,-30,-17,-34,-16,-29,-18,-32,-15,-36,-15,-33,-16,-33,-17,-36,-17,-36,-16,-33,-18,-33,-17,-31,-17,-34,-13,-33,-14,-37,-17,-31,-14,-27,-11,-31,-10,-31,-9,-32,-9,-30,-10,-25,-11,-22,-7,-24,-9,-22,-7,-23,-8,-20,-10,-22,-11,-20,-10,-20,-12,-18,-11,-18,-9,-16,-11,-15,-10,-17,-12,-18,-10,-19,-8,-18,0,0,0,0,0,0,0,0,0,0,0,0,0,0,0,0,0,0,0,0,0,0,36,-19,-9,12,24,11,31,-30,-1,2,56,-34,51,-15,50,-27,67,15,26,2,59,23,30,11,78,19,31,48,71,31,40,12,43,44,13,33,39,20,39,62,57,42,58,46,16,64,49,42,34,64,-4,39,23,60,37,79,19,91,38,50,13,31,-10,86,-16,68,0,121,9,98,4,27,-20,73,22,70,13,66,12,61,15,59,11,52,8,51,18,52,13,51,10,47,17,41,7,45,12,42,7,43,4,44,5,45,3,40,1,31,0,29,-1,30,3,27,0,0]"
CSI_DATA,120,1a:00:00:00:00:00,-51,11,1,0,1,1,1,0,0,0,1,-96,0,11,2,1834128,0,44,0,384,0,"[0,0,0,0,0,0,0,0,0,0,0,0,0,1,0,0,0,-1,0,-2,0,-2,0,-3,0,-4,1,-4,1,-5,1,-5,1,-5,1,-6,1,-6,1,-6,1,-6,1,-7,1,-7,1,-7,1,-7,1,-7,1,-7,1,-8,1,-8,1,-8,2,-8,1,-8,0,0,1,-8,2,-8,2,-8,2,-8,2,-7,2,-7,2,-7,2,-7,2,-7,1,-7,1,-6,1,-6,1,-6,1,-6,1,-6,0,-6,0,-6,0,-5,0,-6,0,-5,0,-6,0,-6,0,-6,0,-6,1,-6,1,-6,0,0,0,0,0,0,0,0,0,0,0,0,0,0,34,-4,29,-3,19,-1,10,-1,5,-3,5,-4,-1,-5,-4,-7,-7,-6,-11,-15,-17,-18,-15,-10,-23,-18,-18,-18,-18,-21,-21,-20,-24,-20,-20,-21,-25,-23,-26,-25,-25,-19,-30,-24,-32,-26,-30,-24,-27,-26,-31,-25,-28,-26,-34,-25,-33,-27,-32,-33,-34,-30,-33,-29,-35,-28,-32,-23,-28,-25,-30,-27,-26,-26,-25,-24,-21,-29,-24,-25,-24,-25,-25,-24,-25,-23,-25,-21,-23,-17,-19,-16,-22,-13,-22,-17,-18,-14,-19,-15,-28,-14,-20,-10,-25,-12,-24,-15,-22,-16,-21,-19,-20,-16,0,0,0,0,0,0,0,0,0,0,0,0,0,0,0,0,0,0,0,0,0,0,1,-35,1,-39,5,-42,12,-39,18,-41,26,-37,26,-34,28,-37,37,-31,40,-28,51,-28,53,-30,54,-18,59,-15,60,-10,63,-6,64,-3,64,-1,69,7,68,9,65,16,70,13,67,21,72,24,68,34,65,33,65,35,67,40,62,41,63,41,61,43,64,45,63,44,56,49,55,53,53,49,55,49,52,49,45,51,50,56,49,48,50,50,49,52,48,50,42,51,53,57,44,50,43,52,41,52,35,51,36,52,29,51,29,57,24,48,24,49,18,54,15,50,0,0]"
CSI_DATA,121,1a:00:00:00:00:00,-50,11,1,0,1,1,1,0,0,0,1,-96,0,11,2,1842350,0,44,0,384,0,"[0,0,0,0,0,0,0,0,0,0,0,0,0,-2,-1,-2,-2,-2,-3,-3,-3,-3,-4,-3,-4,-3,-5,-3,-5,-4,-6,-4,-6,-5,-6,-5,-6,-5,-6,-5,-7,-5,-7,-5,-7,-5,-7,-5,-7,-5,-7,-5,-7,-5,-8,-5,-7,-6,-8,-5,-8,-6,-8,-6,0,0,-8,-6,-7,-6,-7,-6,-7,-6,-7,-6,-7,-6,-6,-5,-6,-5,-6,-5,-6,-5,-5,-5,-5,-5,-5,-5,-5,-4,-5,-4,-5,-4,-5,-4,-5,-3,-5,-3,-5,-3,-6,-4,-6,-4,-5,-4,-5,-4,-5,-5,-5,-5,0,0,0,0,0,0,0,0,0,0,0,0,0,0,-1,-26,1,-19,-4,-19,-6,-5,-6,-4,-13,-4,-17,3,-19,6,-20,9,-24,7,-25,10,-25,8,-33,16,-33,12,-32,13,-35,13,-35,20,-31,16,-38,16,-36,16,-37,16,-34,16,-37,19,-40,16,-37,17,-41,15,-37,13,-39,19,-43,15,-41,18,-44,12,-44,10,-42,15,-45,16,-39,9,-44,7,-41,6,-35,6,-33,6,-36,8,-35,5,-29,7,-29,1,-33,6,-30,9,-28,9,-26,9,-28,10,-24,7,-26,7,-25,9,-30,11,-34,9,-26,8,-26,6,-31,3,-28,4,0,0,0,0,0,0,0,0,0,0,0,0,0,0,0,0,0,0,0,0,0,0,-34,11,-39,2,-40,-3,-43,-5,-42,-13,-44,-17,-40,-21,-39,-26,-42,-35,-38,-36,-38,-41,-33,-50,-36,-55,-29,-62,-24,-60,-14,-63,-11,-66,-9,-66,-5,-66,2,-71,7,-70,13,-73,10,-70,11,-71,22,-67,26,-71,29,-69,30,-70,31,-63,39,-63,40,-66,44,-61,46,-60,46,-57,45,-55,46,-58,48,-55,45,-51,51,-56,50,-50,51,-47,46,-45,54,-44,51,-45,49,-41,50,-37,51,-37,54,-43,54,-38,52,-34,51,-32,55,-28,52,-24,49,-21,52,-25,51,-18,43,-14,0,0]"
CSI_DATA,122,1a:00:00:00:00:00,-49,11,1,0,1,1,1,0,0,0,1,-96,0,11,2,1855382,0,44,0,384,0,"[0,0,0,0,0,0,0,0,0,0,0,0,-1,-2,-1,-3,-1,-4,0,-4,0,-5,0,-6,0,-6,0,-6,0,-7,1,-7,1,-7,0,-8,1,-8,1,-8,1,-8,0,-8,0,-9,0,-9,0,-9,1,-9,1,-9,1,-9,1,-9,0,-9,1,-9,1,-9,0,0,1,-10,1,-9,1,-9,1,-9,1,-9,1,-8,1,-8,1,-8,1,-8,1,-7,0,-7,0,-7,0,-6,0,-6,0,-6,-1,-6,-1,-6,-1,-6,-1,-6,-1,-6,-1,-6,-1,-6,-1,-6,-1,-6,-1,-6,0,-6,0,0,0,0,0,0,0,0,0,0,0,0,0,0,10,-10,6,2,-1,-6,-5,0,-6,0,-14,-2,-20,-6,-22,-7,-24,-8,-28,-8,-29,-12,-33,-9,-33,-14,-32,-14,-37,-16,-39,-18,-39,-18,-38,-16,-44,-15,-39,-16,-43,-14,-40,-15,-42,-16,-43,-19,-44,-15,-46,-12,-46,-15,-41,-19,-43,-19,-44,-21,-45,-18,-49,-19,-39,-16,-41,-19,-40,-14,-43,-18,-40,-16,-39,-18,-38,-20,-34,-17,-32,-17,-30,-13,-34,-13,-30,-11,-26,-8,-28,-9,-30,-4,-29,-4,-25,-7,-35,-2,-27,-3,-27,-4,-33,-5,-27,-4,-26,-6,-29,-9,-29,-6,0,0,0,0,0,0,0,0,0,0,0,0,0,0,0,0,0,0,0,0,0,0,14,-39,20,-37,28,-34,33,-34,35,-37,40,-31,41,-27,47,-23,51,-26,59,-22,61,-15,64,-9,65,-8,68,-5,65,4,60,8,64,9,65,15,63,17,65,18,68,20,61,24,62,24,63,33,61,33,64,39,60,35,60,38,62,42,56,43,56,35,54,44,52,46,51,42,50,43,48,41,50,44,46,40,49,45,48,41,36,43,46,45,47,44,46,40,39,37,49,43,40,41,37,38,38,44,36,42,32,38,29,36,26,37,21,32,22,36,21,35,13,26,0,0]"
CSI_DATA,123,1a:00:00:00:00:00,-54,11,1,0,1,1,1,0,0,0,1,-96,0,11,2,1872147,0,44,0,384,0,"[0,0,0,0,0,0,0,0,0,0,0,0,-2,3,-2,3,-3,2,-3,1,-3,0,-4,0,-4,-1,-4,-2,-4,-2,-4,-3,-5,-3,-5,-3,-5,-4,-5,-4,-5,-4,-6,-4,-6,-4,-6,-4,-6,-5,-7,-5,-7,-5,-7,-5,-7,-5,-8,-5,-8,-5,-8,-5,0,0,-8,-5,-8,-5,-8,-5,-8,-5,-7,-5,-7,-5,-7,-5,-7,-4,-7,-4,-7,-4,-6,-4,-6,-3,-6,-3,-5,-2,-5,-2,-5,-2,-5,-1,-5,-1,-5,-1,-5,0,-5,0,-5,0,-5,0,-5,1,-5,1,-5,1,0,0,0,0,0,0,0,0,0,0,0,0,0,0,32,3,26,11,24,1,19,9,12,12,14,9,6,10,1,12,6,10,-9,14,-11,13,-12,13,-17,12,-17,16,-22,16,-18,16,-20,20,-22,16,-27,17,-23,11,-27,26,-30,18,-27,20,-31,20,-31,15,-31,20,-33,26,-30,22,-28,20,-30,25,-35,25,-34,21,-32,25,-28,23,-35,20,-35,20,-28,22,-31,22,-24,26,-32,20,-30,15,-26,14,-28,20,-23,16,-19,16,-15,16,-14,13,-10,15,-12,18,-7,15,-6,22,-6,20,-8,20,-5,17,-6,17,-4,19,-4,18,0,0,0,0,0,0,0,0,0,0,0,0,0,0,0,0,0,0,0,0,0,0,43,-19,53,-14,55,-10,58,-6,58,-2,57,4,56,11,60,13,60,13,59,20,63,23,62,23,61,30,61,32,60,37,56,38,59,42,53,44,49,39,49,39,47,49,55,49,46,49,48,50,47,47,47,52,40,51,42,53,44,53,44,54,35,53,41,56,37,51,39,57,39,49,39,56,38,47,37,48,34,55,37,53,33,53,35,52,40,45,39,51,36,48,29,40,35,47,36,44,42,52,38,54,29,54,34,53,28,60,23,46,23,50,19,51,18,46,0,0]"
CSI_DATA,124,1a:00:00:00:00:00,-54,11,1,0,1,1,1,0,0,0,1,-96,0,11,2,1882146,0,44,0,384,0,"[0,0,0,0,0,0,0,0,0,0,0,0,3,0,2,0,2,1,2,2,2,2,1,3,1,3,1,3,1,4,1,4,1,4,1,4,1,5,1,5,1,5,1,5,1,5,1,5,1,5,1,6,1,6,1,6,1,6,1,6,1,6,1,6,0,0,1,6,1,6,1,6,1,6,1,6,1,6,1,5,1,5,1,5,1,4,1,4,1,4,1,3,1,3,2,3,2,3,2,2,2,2,2,2,2,2,2,1,3,2,3,1,3,1,3,1,3,1,0,0,0,0,0,0,0,0,0,0,0,0,0,0,-6,-27,-9,-23,-3,-19,4,-16,4,-10,8,-8,15,-5,12,-8,19,-4,19,-5,22,-1,22,1,25,2,21,11,23,6,26,8,30,10,25,10,31,5,29,7,25,8,30,9,32,7,29,4,32,5,37,9,30,5,33,7,31,10,34,9,38,6,35,10,34,6,34,8,28,8,33,5,24,8,32,7,32,7,30,-3,24,4,26,3,19,3,21,4,15,1,19,0,19,-1,17,-2,15,-7,13,-9,15,-3,13,-8,14,-11,15,-9,12,-14,16,-10,17,-10,0,0,0,0,0,0,0,0,0,0,0,0,0,0,0,0,0,0,0,0,0,0,-23,-50,-19,-54,-16,-55,-14,-59,-7,-60,0,-63,0,-64,-2,-63,7,-72,9,-73,14,-72,22,-74,26,-75,26,-73,27,-74,28,-73,29,-74,29,-69,30,-70,29,-70,32,-63,33,-70,32,-67,37,-67,36,-62,37,-66,35,-64,38,-63,35,-62,37,-58,34,-62,36,-56,35,-58,36,-60,34,-62,28,-59,26,-58,31,-56,31,-57,27,-55,27,-52,25,-52,25,-54,27,-58,24,-53,17,-53,18,-47,18,-50,21,-51,25,-47,24,-43,23,-43,22,-43,24,-41,30,-36,28,-28,28,-28,0,0]"
CSI_DATA,125,1a:00:00:00:00:00,-48,11,1,0,1,1,1,0,0,0,1,-96,0,11,2,1904056,0,44,0,384,0,"[0,0,0,0,0,0,0,0,0,0,0,0,4,2,4,2,5,2,5,2,5,2,5,2,6,2,5,2,5,2,6,2,6,2,6,2,6,2,5,2,6,2,6,2,6,2,6,2,6,2,6,2,6,2,6,2,6,2,6,2,6,2,5,2,0,0,5,2,5,2,5,2,5,2,4,2,4,2,5,2,4,1,4,2,4,2,3,2,4,1,4,1,3,1,3,1,3,1,3,1,3,1,3,1,3,1,3,1,3,1,3,1,3,1,2,2,2,2,0,0,0,0,0,0,0,0,0,0,0,0,0,0,8,16,11,16,19,16,21,20,23,18,27,16,25,18,26,19,29,19,33,23,30,19,34,19,32,21,30,19,35,21,29,18,32,21,32,21,33,21,34,20,38,17,36,20,33,20,35,17,35,17,35,20,35,15,33,17,33,20,36,18,35,22,35,18,28,16,29,20,30,20,26,18,24,20,25,15,28,12,26,14,20,16,24,16,20,15,23,12,20,8,19,12,21,12,20,11,19,13,19,13,18,11,19,10,17,8,20,14,19,11,17,16,15,16,0,0,0,0,0,0,0,0,0,0,0,0,0,0,0,0,0,0,0,0,0,0,-34,37,-37,33,-42,34,-45,33,-52,28,-53,27,-57,28,-61,23,-66,20,-67,15,-70,12,-74,4,-77,7,-79,-2,-77,0,-80,-12,-80,-12,-77,-12,-74,-17,-78,-19,-77,-13,-75,-22,-78,-24,-70,-27,-72,-27,-75,-30,-68,-31,-68,-35,-65,-32,-62,-32,-65,-32,-60,-34,-59,-34,-60,-26,-61,-30,-57,-28,-55,-27,-53,-29,-49,-25,-52,-24,-49,-20,-50,-20,-48,-22,-51,-21,-49,-20,-46,-14,-46,-15,-43,-18,-47,-16,-41,-14,-34,-15,-41,-15,-36,-13,-35,-11,-33,-10,-26,-10,-24,-7,0,0]"
CSI_DATA,126,1a:00:00:00:00:00,-47,11,1,0,1,1,1,0,0,0,1,-96,0,11,2,1913420,0,44,0,384,0,"[0,0,0,0,0,0,0,0,0,0,0,0,4,-2,4,-2,5,-3,5,-3,5,-3,5,-3,5,-3,5,-3,5,-3,6,-3,6,-3,6,-4,6,-4,6,-3,6,-4,6,-4,5,-4,5,-4,6,-4,6,-4,6,-4,6,-4,6,-4,6,-4,6,-4,5,-4,0,0,5,-3,6,-3,5,-3,5,-3,5,-3,5,-3,5,-3,4,-3,5,-3,4,-3,4,-3,4,-2,4,-2,4,-2,3,-3,3,-3,3,-2,3,-2,4,-3,3,-2,4,-2,4,-2,4,-2,4,-1,3,-1,4,-1,0,0,0,0,0,0,0,0,0,0,0,0,0,0,25,-3,25,-4,29,-10,25,-6,28,-10,26,-14,31,-16,35,-14,35,-19,32,-16,29,-18,35,-18,33,-20,37,-20,34,-18,34,-23,36,-22,33,-22,35,-21,34,-22,36,-23,36,-23,38,-25,38,-24,35,-25,33,-21,34,-24,37,-22,36,-24,35,-21,34,-19,33,-21,34,-19,34,-21,33,-22,32,-18,31,-19,28,-21,28,-17,29,-20,30,-14,25,-18,27,-16,26,-14,24,-15,24,-15,26,-12,23,-16,23,-12,24,-14,20,-13,24,-11,23,-9,26,-9,28,-8,25,-7,22,-3,0,0,0,0,0,0,0,0,0,0,0,0,0,0,0,0,0,0,0,0,0,0,28,32,27,40,23,44,19,48,15,48,13,54,11,58,6,57,2,60,-1,63,-6,67,-8,68,-12,72,-21,71,-22,72,-27,71,-28,73,-30,67,-34,70,-37,73,-39,69,-41,65,-45,65,-47,64,-49,58,-49,59,-51,57,-50,52,-47,55,-50,56,-50,52,-49,51,-47,48,-47,52,-47,52,-45,45,-44,46,-43,42,-39,44,-38,41,-43,43,-37,40,-40,39,-37,37,-36,39,-29,42,-34,41,-32,37,-33,37,-31,37,-27,31,-28,33,-25,31,-20,25,-23,25,-18,29,-10,20,0,0]"
CSI_DATA,127,1a:00:00:00:00:00,-47,11,1,0,1,1,1,0,0,0,1,-96,0,11,2,1922158,0,44,0,384,0,"[0,0,0,0,0,0,0,0,0,0,0,0,4,0,4,-1,5,-1,5,-1,5,-1,5,-1,5,-1,6,-1,6,-2,6,-2,6,-1,6,-2,6,-2,6,-2,7,-2,6,-2,6,-3,7,-3,6,-3,6,-2,6,-2,7,-3,6,-2,7,-2,7,-3,7,-2,0,0,6,-2,7,-2,6,-2,6,-2,6,-2,6,-2,6,-1,6,-1,5,-1,5,-2,5,-2,5,-1,4,-1,4,-2,4,-2,4,-2,4,-2,4,-1,4,-2,4,-1,4,-2,4,-1,4,-1,4,0,4,0,4,0,0,0,0,0,0,0,0,0,0,0,0,0,0,0,18,9,19,6,20,2,25,0,25,-3,28,-1,27,-5,32,-9,34,-7,34,-8,32,-3,36,-6,40,-11,37,-12,39,-12,38,-13,38,-14,41,-14,39,-12,39,-10,40,-14,41,-12,45,-17,43,-12,42,-13,40,-15,42,-13,44,-18,40,-16,43,-16,38,-13,39,-12,39,-11,43,-14,40,-13,36,-15,30,-14,32,-11,35,-8,31,-11,30,-8,28,-5,26,-14,30,-11,28,-13,29,-11,29,-12,29,-8,24,-7,24,-5,26,-8,29,-6,26,-6,26,-5,26,-5,27,-1,27,0,0,0,0,0,0,0,0,0,0,0,0,0,0,0,0,0,0,0,0,0,0,0,3,37,1,44,-3,44,-10,46,-16,46,-13,50,-20,49,-26,52,-27,53,-33,52,-39,56,-42,57,-44,53,-48,58,-51,52,-54,52,-60,48,-62,46,-61,45,-64,44,-65,41,-73,39,-65,38,-71,36,-71,34,-73,31,-73,28,-71,26,-65,27,-68,25,-68,23,-72,24,-64,21,-63,26,-61,23,-62,22,-57,21,-65,18,-59,23,-54,22,-61,24,-55,20,-54,22,-56,24,-51,22,-46,25,-47,22,-52,19,-47,17,-49,23,-43,13,-39,15,-40,19,-34,12,-36,12,-28,16,-28,12,0,0]"
CSI_DATA,128,1a:00:00:00:00:00,-48,11,1,0,1,1,1,0,0,0,1,-96,0,11,2,1932279,0,44,0,384,0,"[0,0,0,0,0,0,0,0,0,0,0,0,0,3,0,3,0,3,1,3,0,3,1,4,1,4,1,4,1,5,2,5,2,5,2,5,1,5,2,5,2,5,2,6,2,6,2,6,2,5,3,6,3,6,2,6,2,6,3,5,2,6,2,6,0,0,3,6,2,6,2,6,2,6,2,5,2,5,2,5,2,5,1,5,2,5,1,5,2,4,2,4,1,4,2,4,2,4,1,4,1,4,1,4,1,4,1,4,1,4,1,4,1,4,0,4,0,4,0,0,0,0,0,0,0,0,0,0,0,0,0,0,-19,5,-14,9,-7,12,-5,14,-2,21,1,18,-2,23,-2,23,-2,26,0,24,3,30,6,29,2,31,0,32,5,34,7,35,4,36,5,36,5,35,8,39,13,38,10,36,4,38,8,41,6,41,4,42,9,42,10,42,6,39,11,41,6,40,9,41,4,38,5,38,6,40,4,37,9,37,6,34,5,38,4,37,6,34,5,31,1,32,5,28,4,30,7,36,2,28,8,30,5,31,7,26,4,29,0,31,2,26,1,29,-2,26,-3,27,-2,27,0,0,0,0,0,0,0,0,0,0,0,0,0,0,0,0,0,0,0,0,0,0,-35,-6,-39,-12,-42,-14,-46,-17,-44,-22,-42,-28,-43,-27,-44,-31,-44,-34,-42,-40,-46,-46,-44,-50,-42,-50,-38,-58,-38,-57,-37,-64,-36,-65,-34,-70,-24,-68,-31,-70,-30,-72,-23,-73,-20,-81,-16,-75,-15,-75,-14,-75,-12,-76,-12,-77,-7,-76,-8,-72,-5,-77,-3,-70,-4,-73,-7,-69,-3,-71,-6,-70,-8,-65,-7,-63,-7,-66,-4,-67,-1,-58,-6,-61,-4,-64,-6,-59,-11,-54,-5,-58,-4,-59,-5,-56,-5,-52,-4,-54,-4,-49,-1,-48,-2,-48,-1,-41,0,-40,0,-35,-5,-30,0,0]"
CSI_DATA,129,1a:00:00:00:00:00,-49,11,1,0,1,1,1,0,0,0,1,-96,0,11,2,1942150,0,44,0,384,0,"[0,0,0,0,0,0,0,0,0,0,0,0,-2,0,-2,1,-2,2,-3,2,-2,2,-2,3,-2,3,-2,4,-2,4,-3,4,-2,4,-3,4,-2,5,-3,5,-3,5,-2,6,-2,5,-3,6,-2,5,-3,6,-3,6,-3,6,-2,6,-3,6,-3,6,-3,6,0,0,-3,6,-3,6,-3,6,-3,6,-3,5,-3,5,-3,5,-3,5,-3,5,-3,5,-3,5,-3,4,-3,4,-3,4,-2,4,-2,4,-2,4,-2,4,-2,4,-3,4,-2,4,-3,4,-3,3,-3,3,-3,3,-3,3,0,0,0,0,0,0,0,0,0,0,0,0,0,0,-17,-12,-16,-8,-12,2,-13,-4,-13,4,-16,6,-10,6,-10,15,-9,17,-10,19,-12,21,-11,24,-13,26,-11,24,-11,22,-8,27,-12,31,-8,31,-9,30,-7,32,-5,33,-11,30,-8,40,-12,38,-9,39,-8,39,-12,36,-11,40,-8,39,-7,36,-9,36,-11,38,-12,38,-13,41,-11,38,-13,42,-13,36,-16,36,-14,32,-11,29,-11,29,-10,30,-13,26,-12,29,-9,28,-11,31,-9,28,-10,24,-10,24,-12,28,-10,27,-10,26,-11,26,-12,23,-14,25,-14,25,-18,23,0,0,0,0,0,0,0,0,0,0,0,0,0,0,0,0,0,0,0,0,0,0,-33,-14,-31,-20,-31,-24,-35,-27,-33,-37,-33,-38,-31,-40,-32,-48,-30,-50,-28,-51,-25,-53,-23,-57,-22,-64,-21,-70,-18,-73,-11,-72,-10,-75,-5,-75,-7,-79,3,-80,0,-82,4,-86,14,-75,14,-83,19,-77,16,-76,22,-77,18,-77,23,-75,24,-80,19,-72,27,-72,28,-73,29,-70,28,-68,24,-67,24,-66,25,-63,23,-66,23,-62,25,-63,25,-61,27,-64,23,-61,24,-60,17,-60,19,-53,23,-54,19,-58,26,-51,28,-47,24,-53,25,-49,19,-45,27,-43,21,-34,23,-34,0,0]"
CSI_DATA,130,1a:00:00:00:00:00,-50,11,1,0,1,1,1,0,0,0,1,-96,0,11,2,1953583,0,44,0,384,0,"[0,0,0,0,0,0,0,0,0,0,0,0,-2,-2,-2,-2,-3,0,-3,0,-3,0,-4,1,-4,1,-4,1,-4,1,-4,2,-4,2,-4,2,-5,2,-5,2,-5,3,-5,3,-5,3,-5,3,-5,3,-6,3,-6,3,-6,3,-6,3,-6,4,-7,3,-6,3,0,0,-6,3,-7,3,-7,3,-6,3,-7,3,-6,2,-6,2,-6,2,-6,2,-5,2,-5,2,-5,2,-5,2,-5,2,-5,2,-5,2,-5,2,-4,2,-5,2,-5,2,-5,2,-5,1,-5,1,-5,1,-5,1,-5,0,0,0,0,0,0,0,0,0,0,0,0,0,0,0,1,-29,-9,-20,-11,-15,-11,-13,-7,-12,-10,-6,-13,-1,-15,0,-20,2,-17,2,-18,9,-16,3,-20,6,-21,9,-21,15,-25,12,-23,15,-24,17,-27,16,-28,15,-29,17,-29,19,-28,22,-31,23,-32,20,-31,21,-35,18,-35,22,-36,23,-32,25,-31,21,-31,23,-32,17,-35,17,-38,17,-32,13,-32,18,-33,16,-31,11,-31,9,-31,10,-30,8,-30,6,-28,10,-27,14,-24,13,-24,9,-27,11,-22,9,-20,11,-23,15,-28,8,-24,9,-27,9,-26,9,-26,4,-28,4,0,0,0,0,0,0,0,0,0,0,0,0,0,0,0,0,0,0,0,0,0,0,-16,-27,-16,-31,-13,-37,-12,-40,-10,-45,-6,-42,-2,-44,-3,-49,4,-54,4,-60,11,-60,17,-61,17,-60,21,-63,27,-65,31,-65,37,-65,43,-67,41,-60,48,-60,45,-62,49,-61,52,-55,54,-55,58,-60,61,-51,62,-53,60,-52,63,-47,64,-41,61,-46,62,-41,67,-44,64,-39,60,-40,60,-34,65,-39,61,-36,63,-38,62,-39,56,-32,55,-32,60,-32,57,-33,52,-29,55,-38,58,-27,55,-32,52,-29,54,-26,49,-26,52,-25,48,-19,45,-19,50,-16,41,-17,44,-10,0,0]"
CSI_DATA,131,1a:00:00:00:00:00,-49,11,1,0,1,1,1,0,0,0,1,-96,0,11,2,1962443,0,44,0,384,0,"[0,0,0,0,0,0,0,0,0,0,0,0,-2,1,-1,1,-1,2,-1,2,0,2,0,3,1,3,1,3,1,3,2,4,2,4,2,4,2,4,2,4,3,4,3,5,3,5,3,5,4,5,4,5,4,5,4,5,4,6,4,6,4,6,4,6,0,0,4,6,4,6,4,6,4,6,3,6,3,6,3,6,3,6,3,6,3,6,2,6,2,5,2,5,3,5,2,5,2,5,2,5,2,5,2,5,2,5,2,5,2,5,2,5,1,5,1,5,1,5,0,0,0,0,0,0,0,0,0,0,0,0,0,0,-9,23,-5,27,-3,15,4,13,5,13,10,12,9,7,14,4,16,7,11,7,19,8,22,2,24,1,26,0,23,-4,28,0,28,-2,28,-6,27,-7,36,-4,34,-5,36,-7,37,-9,31,-7,38,-8,39,-3,37,-7,37,-5,40,-4,42,-1,41,-4,43,-2,41,-5,43,-5,34,-2,35,-2,40,-3,37,-3,39,-1,36,0,33,4,31,-2,29,-2,34,-2,29,0,31,-1,33,0,28,-4,20,0,24,2,27,-3,30,-1,31,1,28,1,28,6,27,7,26,8,0,0,0,0,0,0,0,0,0,0,0,0,0,0,0,0,0,0,0,0,0,0,-11,27,-10,33,-12,36,-18,38,-22,35,-25,35,-29,37,-32,36,-40,39,-40,38,-44,37,-48,31,-61,39,-56,29,-61,30,-71,23,-74,24,-71,21,-70,20,-73,18,-70,13,-86,12,-80,10,-76,10,-82,1,-80,3,-88,-3,-78,-1,-84,3,-79,-7,-79,-9,-73,-10,-75,-9,-79,-10,-73,-11,-75,-8,-74,-9,-73,-11,-69,-10,-74,-8,-72,-8,-70,-8,-67,-7,-71,-11,-64,-8,-56,-7,-62,-9,-65,-11,-70,-12,-62,-9,-57,-14,-61,-10,-57,-12,-44,-11,-51,-12,-45,-11,-38,-18,0,0]"
CSI_DATA,132,1a:00:00:00:00:00,-49,11,1,0,1,1,1,0,0,0,1,-96,0,11,2,1973851,0,44,0,384,0,"[0,0,0,0,0,0,0,0,0,0,0,0,-1,1,0,1,1,1,1,2,2,2,2,2,3,2,3,2,3,2,4,2,4,2,4,2,5,2,5,2,5,2,6,3,6,3,6,3,7,3,7,3,7,3,7,3,7,3,7,3,7,3,8,3,0,0,8,3,7,3,8,3,7,4,7,3,7,3,7,3,7,3,7,3,6,3,6,3,6,3,6,3,6,3,5,3,6,3,6,2,6,2,5,2,5,2,5,3,5,3,5,3,5,3,5,3,4,4,0,0,0,0,0,0,0,0,0,0,0,0,0,0,-8,14,-3,11,3,5,1,5,3,0,11,5,13,2,15,-2,13,-4,17,-9,20,-6,21,-10,20,-11,22,-11,29,-7,26,-13,24,-15,25,-18,29,-14,29,-18,28,-19,33,-22,33,-22,30,-25,37,-20,32,-26,35,-18,34,-29,35,-20,32,-20,39,-18,38,-23,39,-26,42,-24,39,-22,37,-21,34,-21,33,-23,37,-21,33,-21,31,-21,34,-20,32,-22,31,-19,33,-22,30,-20,30,-17,28,-21,28,-23,29,-15,27,-20,27,-19,28,-21,28,-13,28,-16,28,-12,27,-5,0,0,0,0,0,0,0,0,0,0,0,0,0,0,0,0,0,0,0,0,0,0,-13,25,-20,27,-23,29,-24,30,-30,30,-30,28,-37,31,-41,30,-43,26,-52,27,-55,23,-59,18,-62,22,-63,14,-64,16,-70,9,-66,9,-71,6,-70,7,-76,3,-74,5,-77,4,-78,-4,-78,-7,-80,-9,-77,-11,-72,-13,-77,-14,-75,-10,-74,-14,-76,-15,-76,-14,-70,-11,-74,-12,-69,-15,-72,-16,-68,-12,-67,-16,-67,-14,-70,-11,-69,-11,-68,-8,-65,-15,-64,-9,-61,-7,-64,-1,-59,-7,-57,-9,-54,-3,-59,-14,-50,-13,-58,-17,-48,-9,-43,-9,-45,-10,-40,-15,-38,-17,0,0]"
CSI_DATA,133,1a:00:00:00:00:00,-49,11,1,0,1,1,1,0,0,0,1,-96,0,11,2,1992686,0,44,0,384,0,"[0,0,0,0,0,0,0,0,0,0,0,0,2,-1,2,-1,3,-2,4,-2,4,-2,5,-2,5,-2,5,-2,6,-2,6,-2,6,-2,6,-2,6,-3,6,-3,7,-3,7,-3,6,-4,7,-3,6,-4,7,-4,7,-4,7,-4,7,-4,7,-4,7,-4,7,-4,0,0,8,-4,7,-5,7,-4,7,-4,7,-4,7,-4,7,-4,7,-3,6,-4,6,-4,6,-3,6,-4,6,-4,5,-4,5,-4,5,-3,5,-4,5,-3,5,-3,5,-3,5,-3,5,-3,5,-3,5,-2,5,-2,5,-2,0,0,0,0,0,0,0,0,0,0,0,0,0,0,-1,3,-3,-1,5,-4,8,-10,13,-6,18,-11,18,-10,22,-9,30,-9,30,-11,33,-12,37,-12,38,-13,35,-12,36,-14,37,-13,37,-14,38,-16,39,-21,39,-24,42,-28,43,-24,42,-26,42,-26,47,-26,44,-28,49,-26,43,-35,45,-31,50,-30,45,-29,47,-27,43,-29,43,-30,45,-24,40,-27,45,-30,42,-21,42,-23,45,-26,37,-27,41,-23,37,-25,36,-23,32,-24,35,-26,31,-27,35,-25,34,-22,31,-23,33,-20,32,-23,34,-24,32,-18,33,-15,35,-17,32,-12,0,0,0,0,0,0,0,0,0,0,0,0,0,0,0,0,0,0,0,0,0,0,-34,7,-33,1,-35,2,-40,-1,-42,-2,-42,-1,-48,-10,-48,-13,-54,-16,-54,-19,-56,-22,-59,-28,-57,-30,-57,-32,-57,-31,-61,-40,-61,-42,-59,-40,-60,-39,-57,-46,-59,-47,-58,-49,-54,-51,-58,-51,-58,-56,-55,-55,-57,-56,-52,-53,-51,-55,-51,-51,-57,-53,-50,-51,-55,-54,-48,-48,-51,-46,-54,-46,-49,-43,-49,-43,-48,-43,-53,-45,-46,-39,-46,-39,-45,-36,-48,-39,-44,-36,-39,-31,-44,-36,-40,-28,-40,-33,-37,-34,-37,-29,-36,-31,-33,-25,-24,-26,-27,-23,-18,-20,-22,-18,0,0]"
CSI_DATA,134,1a:00:00:00:00:00,-48,11,1,0,1,1,1,0,0,0,1,-96,0,11,2,2002164,0,44,0,384,0,"[0,0,0,0,0,0,0,0,0,0,0,0,-4,1,-5,1,-6,1,-6,0,-7,1,-7,0,-7,0,-8,1,-8,0,-8,1,-9,1,-9,1,-9,1,-9,1,-10,2,-10,2,-10,2,-10,2,-10,2,-10,2,-10,3,-11,3,-11,3,-10,3,-11,3,-11,3,0,0,-11,3,-11,3,-11,3,-11,3,-10,3,-10,3,-10,3,-10,3,-10,3,-10,3,-9,3,-9,3,-9,3,-9,3,-8,2,-8,3,-8,3,-8,3,-8,2,-8,2,-8,2,-8,2,-8,2,-8,1,-8,1,-8,0,0,0,0,0,0,0,0,0,0,0,0,0,0,0,-2,3,-1,4,0,15,-2,15,-6,18,-7,24,-3,27,-5,28,-7,31,-9,37,-11,33,-11,37,-9,39,-11,38,-13,40,-12,44,-10,45,-7,47,-12,52,-9,46,-11,49,-9,52,-4,53,-4,56,-5,50,-8,51,-5,53,-6,54,-4,52,-3,58,-5,53,-8,58,-3,53,-8,58,-8,53,-9,50,-8,49,-5,50,-7,49,-3,45,-9,43,-9,40,-8,48,-5,46,-6,39,-7,41,0,38,-4,39,-8,39,0,39,-5,42,-6,38,-8,36,-7,38,-9,33,-11,36,-16,33,0,0,0,0,0,0,0,0,0,0,0,0,0,0,0,0,0,0,0,0,0,0,10,-29,15,-31,19,-34,22,-36,21,-35,29,-35,34,-31,36,-35,38,-31,36,-34,45,-35,49,-30,55,-33,52,-33,57,-28,62,-28,58,-29,64,-25,65,-29,62,-25,66,-24,70,-24,65,-20,69,-21,74,-18,74,-21,70,-20,67,-19,71,-17,70,-13,71,-16,71,-14,68,-14,67,-16,63,-18,60,-15,58,-16,54,-14,55,-17,60,-17,58,-13,51,-17,53,-16,48,-16,48,-16,50,-20,47,-23,44,-12,43,-17,39,-10,36,-13,35,-15,33,-13,31,-8,22,-3,23,-1,17,-3,0,0]"
CSI_DATA,135,1a:00:00:00:00:00,-48,11,1,0,1,1,1,0,0,0,1,-96,0,11,2,2012246,0,44,0,384,0,"[0,0,0,0,0,0,0,0,0,0,0,0,-2,3,-3,4,-3,4,-4,5,-3,5,-4,5,-4,6,-4,6,-4,6,-4,6,-4,6,-5,7,-4,7,-4,7,-4,7,-4,8,-4,7,-4,8,-4,8,-4,9,-4,8,-4,9,-4,9,-3,9,-4,9,-3,9,0,0,-3,9,-3,9,-3,9,-3,9,-3,8,-3,9,-3,8,-3,8,-3,8,-3,8,-3,7,-3,7,-3,7,-2,7,-2,7,-2,7,-2,7,-2,7,-2,7,-2,7,-2,6,-3,6,-3,6,-4,6,-3,5,-4,5,0,0,0,0,0,0,0,0,0,0,0,0,0,0,-2,7,-4,9,-3,12,-8,22,-8,20,-14,24,-15,26,-13,30,-17,32,-22,29,-15,32,-16,35,-16,34,-21,42,-21,38,-20,42,-20,42,-18,46,-21,44,-14,44,-17,49,-18,46,-16,49,-14,49,-9,49,-16,49,-14,49,-13,50,-16,46,-16,52,-15,53,-10,56,-10,49,-12,52,-11,51,-13,53,-10,51,-12,48,-7,50,-8,48,-9,49,-14,46,-14,41,-7,42,-7,41,-9,42,-5,39,-6,41,-7,39,-1,39,-5,40,-5,37,-5,36,-8,39,-12,37,-12,32,-11,29,0,0,0,0,0,0,0,0,0,0,0,0,0,0,0,0,0,0,0,0,0,0,21,-19,21,-19,27,-20,31,-21,34,-21,42,-17,38,-19,45,-16,49,-19,51,-10,52,-8,55,-8,60,-4,62,-3,59,-4,62,-2,65,2,59,1,65,5,66,0,63,7,70,4,66,8,69,8,69,16,65,10,67,13,67,7,68,10,66,4,63,8,63,7,64,7,63,3,59,2,58,4,60,2,58,5,56,9,55,2,53,-1,57,-3,53,-1,53,-7,49,2,44,-6,43,-5,47,-9,41,-3,34,-1,41,-1,34,-2,30,-1,21,1,24,1,21,0,13,0,0,0]"
CSI_DATA,136,1a:00:00:00:00:00,-47,11,1,0,1,1,1,0,0,0,1,-96,0,11,2,2032833,0,44,0,384,0,"[0,0,0,0,0,0,0,0,0,0,0,0,-2,4,-2,4,-3,5,-2,5,-3,6,-3,6,-3,6,-3,6,-3,7,-3,7,-3,7,-3,7,-3,7,-2,8,-3,7,-3,8,-2,8,-2,8,-2,8,-2,8,-2,8,-2,9,-2,8,-2,9,-2,9,-2,9,0,0,-2,9,-2,8,-2,9,-2,9,-2,8,-2,8,-3,8,-3,8,-2,8,-2,8,-2,8,-2,7,-2,7,-2,7,-2,7,-2,7,-2,6,-2,6,-2,6,-2,6,-3,6,-3,6,-3,6,-3,6,-3,5,-4,5,0,0,0,0,0,0,0,0,0,0,0,0,0,0,-13,3,-5,7,-9,15,-10,16,-9,22,-9,27,-17,30,-14,33,-15,34,-19,34,-14,36,-19,35,-15,40,-17,42,-17,40,-17,43,-19,44,-20,45,-17,46,-17,49,-17,51,-16,50,-12,46,-15,53,-14,50,-12,54,-10,51,-13,51,-15,55,-11,50,-13,51,-12,56,-12,58,-12,52,-10,53,-14,52,-11,52,-7,49,-11,47,-13,49,-10,44,-13,49,-13,44,-11,42,-12,43,-11,39,-7,39,-9,44,-12,39,-13,40,-10,41,-9,34,-7,34,-13,38,-17,34,-19,31,-20,29,0,0,0,0,0,0,0,0,0,0,0,0,0,0,0,0,0,0,0,0,0,0,10,-30,10,-34,15,-31,19,-34,23,-37,28,-37,31,-34,34,-32,38,-37,41,-37,41,-37,46,-37,51,-33,52,-34,55,-34,55,-32,61,-33,62,-28,59,-28,63,-29,63,-29,67,-30,63,-25,66,-25,70,-21,70,-24,67,-20,67,-19,66,-23,71,-22,70,-21,65,-20,65,-18,62,-20,62,-24,58,-23,55,-24,55,-21,55,-20,54,-28,52,-21,52,-21,47,-23,47,-25,48,-25,45,-29,42,-21,39,-24,40,-25,37,-18,31,-22,29,-18,28,-12,25,-15,20,-13,20,-11,13,-4,0,0]"
CSI_DATA,137,1a:00:00:00:00:00,-47,11,1,0,1,1,1,0,0,0,1,-96,0,11,2,2042615,0,44,0,384,0,"[0,0,0,0,0,0,0,0,0,0,0,0,4,0,4,-1,5,0,6,-1,6,-1,6,-1,7,0,6,-1,7,-1,7,-1,7,-1,7,-1,8,-2,8,-2,8,-2,8,-2,8,-2,8,-2,8,-3,8,-3,8,-3,9,-3,9,-3,8,-3,9,-3,8,-3,0,0,9,-3,9,-3,9,-3,9,-3,8,-3,9,-3,8,-3,8,-3,7,-3,8,-2,7,-2,7,-3,8,-2,7,-2,7,-2,6,-2,7,-2,7,-2,7,-2,6,-2,6,-1,6,-1,6,-1,6,0,6,0,6,0,0,0,0,0,0,0,0,0,0,0,0,0,0,0,12,4,9,0,16,0,22,2,23,-1,28,-3,28,-3,32,-1,34,-1,39,-1,39,-5,43,-8,41,-5,41,-5,38,-5,41,-8,37,-7,45,-8,46,-13,45,-12,45,-12,45,-12,43,-19,45,-16,45,-14,49,-17,43,-22,48,-18,53,-17,51,-18,48,-20,49,-19,49,-17,48,-16,46,-19,48,-18,46,-19,46,-12,46,-15,45,-18,44,-16,41,-14,42,-14,42,-16,44,-12,37,-15,37,-13,42,-10,41,-13,38,-5,39,-5,33,-12,40,-7,37,-10,35,-5,35,-4,34,2,0,0,0,0,0,0,0,0,0,0,0,0,0,0,0,0,0,0,0,0,0,0,-29,11,-34,12,-34,6,-42,5,-41,6,-44,-1,-46,-3,-48,-6,-50,-10,-52,-9,-57,-14,-56,-16,-59,-17,-58,-24,-57,-24,-57,-23,-61,-32,-55,-29,-60,-31,-56,-38,-58,-34,-61,-35,-55,-36,-56,-39,-56,-43,-57,-39,-55,-42,-55,-42,-53,-42,-56,-42,-53,-40,-51,-43,-51,-37,-54,-34,-48,-37,-53,-35,-48,-32,-50,-32,-50,-31,-51,-34,-47,-26,-47,-25,-48,-29,-44,-24,-43,-24,-46,-27,-42,-22,-44,-20,-40,-22,-35,-15,-31,-16,-35,-16,-32,-20,-26,-11,-27,-11,-26,-10,-19,-8,0,0]"
CSI_DATA,138,1a:00:00:00:00:00,-47,11,1,0,1,1,1,0,0,0,1,-96,0,11,2,2054149,0,44,0,384,0,"[0,0,0,0,0,0,0,0,0,0,0,0,-5,-1,-5,-1,-6,-1,-6,-2,-7,-1,-7,-2,-7,-2,-8,-2,-8,-1,-8,-1,-8,-1,-9,-1,-8,-1,-9,-1,-8,-1,-9,-1,-9,0,-9,0,-9,0,-9,0,-9,0,-10,0,-9,0,-10,1,-10,1,-10,1,0,0,-10,1,-10,1,-10,1,-10,0,-10,1,-10,1,-9,0,-9,0,-9,0,-9,0,-9,0,-8,1,-9,1,-8,0,-8,1,-8,0,-8,1,-8,0,-7,0,-7,0,-7,0,-7,0,-7,0,-7,-1,-7,-2,-6,-2,0,0,0,0,0,0,0,0,0,0,0,0,0,0,-7,-8,-12,-8,-12,-7,-19,-4,-21,-14,-28,-15,-29,-13,-34,-12,-33,-11,-35,-14,-36,-17,-37,-19,-43,-13,-37,-18,-40,-16,-40,-14,-48,-14,-46,-11,-48,-13,-46,-9,-47,-9,-47,-10,-50,-5,-48,-11,-47,-10,-49,-5,-50,-10,-54,-7,-49,-9,-58,-7,-56,-8,-58,-12,-53,-9,-55,-9,-57,-9,-53,-11,-50,-10,-54,-7,-50,-8,-49,-10,-45,-10,-47,-12,-45,-7,-42,-8,-42,-9,-44,-8,-41,-8,-44,-7,-43,-7,-39,-15,-39,-7,-43,-11,-38,-12,-35,-16,-35,-17,-30,-22,-32,-21,0,0,0,0,0,0,0,0,0,0,0,0,0,0,0,0,0,0,0,0,0,0,30,-2,37,-4,35,-1,42,1,41,5,45,9,43,14,44,15,45,21,50,21,49,25,52,29,51,30,48,36,43,33,52,37,48,46,48,46,49,45,48,48,49,47,46,49,51,53,41,54,43,54,45,56,43,54,38,55,40,52,40,51,38,53,41,52,41,50,39,50,33,48,37,45,37,46,38,43,42,44,39,41,39,43,37,39,34,44,32,40,34,37,34,25,37,32,35,29,29,28,32,26,29,27,31,26,23,23,14,21,24,18,21,11,16,8,0,0]"
CSI_DATA,139,1a:00:00:00:00:00,-47,11,1,0,1,1,1,0,0,0,1,-96,0,11,2,2063029,0,44,0,384,0,"[0,0,0,0,0,0,0,0,0,0,0,0,1,3,1,4,1,4,1,5,2,5,2,6,2,6,2,6,2,6,2,6,3,7,3,7,3,7,3,7,3,7,4,7,4,7,4,7,4,7,4,7,4,7,4,7,5,7,5,7,5,7,5,7,0,0,5,8,5,7,4,7,5,7,4,7,4,7,4,7,4,7,4,7,4,7,4,7,3,6,3,6,3,6,3,6,3,6,3,6,3,6,3,6,2,6,2,6,2,6,2,6,1,6,1,6,0,6,0,0,0,0,0,0,0,0,0,0,0,0,0,0,-1,13,-3,13,4,24,4,21,8,24,13,28,12,28,15,29,17,29,17,32,18,33,15,32,24,37,20,34,22,35,22,38,21,38,26,38,28,38,29,34,27,40,30,40,34,38,35,38,31,40,34,38,36,37,32,40,33,36,35,38,35,39,39,41,35,39,34,37,38,34,29,44,34,39,33,36,33,37,38,34,30,37,35,38,27,34,29,36,28,35,29,31,26,37,26,36,28,32,21,33,26,31,25,31,20,34,16,35,14,33,16,34,12,33,0,0,0,0,0,0,0,0,0,0,0,0,0,0,0,0,0,0,0,0,0,0,-30,-14,-29,-18,-27,-25,-27,-30,-27,-31,-27,-38,-27,-43,-25,-44,-26,-46,-21,-50,-23,-56,-19,-55,-16,-60,-13,-61,-14,-64,-9,-60,-12,-70,-6,-68,-8,-65,-3,-67,-2,-63,-2,-71,-3,-71,6,-70,2,-69,2,-71,3,-72,3,-71,6,-69,5,-71,6,-61,7,-64,4,-63,0,-62,3,-67,1,-65,-1,-62,-1,-59,-1,-60,1,-56,3,-53,-2,-58,-2,-59,-6,-55,-2,-51,-5,-50,-3,-48,-7,-46,-3,-48,-4,-51,-5,-42,-5,-38,-8,-33,-3,-28,-3,-27,-6,-24,-4,-20,0,0]"
CSI_DATA,140,1a:00:00:00:00:00,-47,11,1,0,1,1,1,0,0,0,1,-96,0,11,2,2082165,0,44,0,384,0,"[0,0,0,0,0,0,0,0,0,0,0,0,-3,-4,-4,-5,-4,-5,-4,-6,-4,-6,-4,-6,-4,-7,-5,-6,-5,-7,-5,-6,-6,-6,-6,-7,-6,-7,-7,-6,-6,-7,-8,-7,-7,-7,-7,-7,-7,-6,-8,-6,-7,-6,-8,-6,-8,-6,-8,-6,-8,-6,-8,-7,0,0,-9,-6,-9,-6,-8,-6,-8,-7,-8,-6,-8,-6,-8,-7,-8,-6,-8,-6,-8,-6,-7,-6,-7,-6,-7,-6,-7,-5,-7,-6,-7,-6,-7,-5,-6,-6,-6,-6,-6,-6,-6,-6,-5,-6,-5,-5,-5,-6,-4,-6,-4,-6,0,0,0,0,0,0,0,0,0,0,0,0,0,0,5,-11,6,-13,-2,-21,-5,-23,-6,-27,-6,-29,-12,-31,-11,-29,-11,-33,-20,-35,-14,-37,-25,-37,-19,-40,-22,-35,-25,-39,-27,-37,-29,-34,-23,-36,-24,-38,-28,-35,-28,-40,-32,-39,-31,-39,-32,-43,-31,-38,-30,-39,-33,-36,-33,-39,-35,-42,-32,-41,-37,-42,-36,-42,-31,-41,-35,-42,-33,-41,-34,-40,-31,-39,-36,-38,-32,-39,-32,-41,-27,-36,-26,-36,-29,-37,-29,-35,-25,-34,-25,-39,-24,-37,-25,-34,-23,-35,-22,-36,-25,-34,-20,-36,-21,-37,-16,-32,-16,-32,-12,-36,-12,-36,0,0,0,0,0,0,0,0,0,0,0,0,0,0,0,0,0,0,0,0,0,0,29,16,28,20,26,24,29,27,29,29,26,35,28,38,26,41,22,41,21,45,24,54,21,54,21,60,16,57,13,62,16,60,9,68,8,66,9,70,6,65,4,67,3,70,5,69,-3,70,-3,68,2,72,-1,73,1,67,-4,66,-5,70,-4,66,-2,67,-7,62,-5,63,-4,58,0,63,0,60,-1,59,-3,59,-1,57,2,55,1,52,9,51,5,54,3,54,3,46,4,51,8,48,4,47,1,40,-3,42,3,39,4,37,6,29,4,30,4,25,-1,25,0,0]"
CSI_DATA,141,1a:00:00:00:00:00,-47,11,1,0,1,1,1,0,0,0,1,-96,0,11,2,2092153,0,44,0,384,0,"[0,0,0,0,0,0,0,0,0,0,0,0,-1,4,0,4,0,5,0,5,0,6,0,6,1,6,0,6,1,7,1,7,1,7,2,7,2,7,1,7,2,7,2,8,2,7,3,8,2,7,3,7,3,8,3,8,3,8,3,8,3,8,3,8,0,0,4,8,4,8,3,8,4,8,3,8,3,7,3,7,3,7,3,7,3,7,3,7,2,7,2,7,3,6,3,7,3,6,3,6,2,6,2,6,2,6,2,6,2,6,1,6,1,6,0,6,0,6,0,0,0,0,0,0,0,0,0,0,0,0,0,0,-8,12,-11,18,-1,19,0,19,-2,24,3,26,5,31,4,29,2,32,6,30,12,38,12,41,10,39,5,41,12,45,11,40,12,45,13,44,12,44,13,43,14,46,14,43,18,46,16,44,16,40,21,48,22,45,18,41,20,44,26,44,22,45,25,48,21,49,20,49,22,45,16,47,21,46,21,47,19,45,21,47,16,40,14,40,14,40,16,43,15,42,16,38,14,41,16,40,15,38,18,35,15,35,11,38,8,40,11,37,3,38,1,40,2,37,0,0,0,0,0,0,0,0,0,0,0,0,0,0,0,0,0,0,0,0,0,0,-23,-24,-25,-31,-17,-29,-20,-35,-14,-41,-18,-41,-14,-43,-13,-48,-13,-53,-6,-54,-6,-58,-2,-61,0,-61,6,-66,4,-67,9,-68,9,-65,11,-68,13,-67,16,-64,11,-69,17,-67,20,-66,22,-65,28,-64,25,-68,24,-69,26,-68,29,-61,24,-66,20,-59,18,-63,17,-57,20,-59,18,-67,18,-58,14,-56,17,-55,18,-58,15,-60,20,-59,9,-53,11,-56,14,-52,13,-50,9,-42,5,-50,6,-47,10,-46,10,-43,10,-40,10,-41,3,-41,4,-30,5,-29,0,-25,-4,-20,0,0]"
CSI_DATA,142,1a:00:00:00:00:00,-47,11,1,0,1,1,1,0,0,0,1,-96,0,11,2,2103713,0,44,0,384,0,"[0,0,0,0,0,0,0,0,0,0,0,0,2,-3,3,-3,3,-4,4,-4,4,-5,3,-5,3,-5,4,-5,4,-6,4,-6,4,-6,4,-7,4,-7,4,-7,4,-7,4,-7,4,-7,3,-7,4,-8,4,-8,4,-8,4,-8,4,-8,4,-8,4,-8,3,-8,0,0,3,-8,3,-8,4,-8,4,-8,4,-8,4,-8,3,-8,4,-8,3,-7,3,-8,3,-7,3,-7,3,-7,3,-7,3,-6,3,-7,3,-6,3,-6,3,-6,3,-6,3,-6,3,-6,4,-6,4,-5,4,-5,4,-4,0,0,0,0,0,0,0,0,0,0,0,0,0,0,10,-1,12,-3,17,-8,17,-13,15,-15,18,-23,18,-24,16,-25,17,-24,23,-30,23,-22,25,-30,25,-32,21,-35,24,-34,25,-41,20,-37,21,-40,23,-41,23,-35,21,-42,22,-43,18,-44,24,-45,24,-42,24,-44,23,-44,16,-44,22,-45,22,-50,21,-45,25,-44,19,-41,23,-51,22,-46,23,-47,26,-43,24,-44,24,-41,19,-40,21,-41,23,-40,20,-37,17,-38,21,-37,15,-36,18,-35,22,-36,21,-34,20,-32,22,-31,20,-26,25,-29,24,-29,28,-26,27,-23,24,-22,0,0,0,0,0,0,0,0,0,0,0,0,0,0,0,0,0,0,0,0,0,0,-1,29,-2,27,-8,36,-10,38,-14,36,-19,44,-21,39,-26,38,-26,43,-32,41,-33,41,-35,41,-39,41,-44,43,-43,38,-51,40,-53,37,-50,36,-54,36,-59,33,-57,37,-61,38,-59,32,-59,34,-64,30,-58,30,-61,25,-60,26,-60,30,-64,26,-59,29,-62,28,-60,24,-58,24,-59,24,-52,25,-51,29,-54,29,-53,21,-51,31,-50,24,-45,26,-51,28,-46,31,-48,27,-49,20,-44,22,-39,24,-39,25,-33,23,-34,26,-34,22,-27,19,-29,16,-26,20,-19,9,-19,5,0,0]"
CSI_DATA,143,1a:00:00:00:00:00,-47,11,1,0,1,1,1,0,0,0,1,-96,0,11,2,2122338,0,44,0,384,0,"[0,0,0,0,0,0,0,0,0,0,0,0,3,0,4,-1,4,-1,5,-1,5,-1,6,-1,6,-1,6,-1,7,-1,6,-1,7,-1,7,-2,7,-2,7,-2,7,-2,7,-2,8,-3,8,-2,8,-3,8,-3,8,-4,8,-4,8,-2,9,-4,8,-3,8,-3,0,0,9,-4,8,-4,8,-4,8,-3,8,-3,8,-3,8,-3,7,-3,7,-3,8,-2,7,-2,7,-3,7,-2,7,-3,7,-2,6,-3,6,-2,6,-2,6,-3,6,-2,6,-2,6,-2,6,-2,6,-1,5,-1,6,0,0,0,0,0,0,0,0,0,0,0,0,0,0,0,8,10,14,6,15,4,18,1,30,-2,25,2,31,6,31,-6,37,1,37,-2,38,-4,39,-5,38,-6,37,-6,42,-5,44,-12,43,-10,41,-11,44,-16,45,-15,51,-16,52,-13,48,-16,43,-19,48,-16,48,-19,52,-17,53,-25,50,-19,44,-17,53,-18,51,-25,50,-22,46,-19,52,-20,49,-19,47,-25,45,-21,43,-18,43,-20,45,-20,48,-14,40,-17,40,-16,39,-15,38,-10,38,-15,34,-11,36,-13,37,-15,36,-13,38,-10,38,-17,37,-12,34,-5,36,-7,35,-1,0,0,0,0,0,0,0,0,0,0,0,0,0,0,0,0,0,0,0,0,0,0,-30,14,-30,13,-35,13,-38,7,-40,9,-42,13,-44,2,-50,1,-58,-1,-55,-6,-56,-5,-57,-9,-56,-11,-60,-15,-62,-17,-60,-24,-60,-25,-64,-22,-61,-22,-63,-25,-62,-28,-68,-29,-69,-27,-60,-30,-62,-34,-64,-35,-68,-32,-66,-35,-63,-32,-63,-35,-60,-37,-58,-34,-58,-27,-57,-25,-57,-26,-58,-29,-60,-30,-53,-28,-60,-27,-55,-28,-56,-23,-57,-25,-60,-22,-53,-20,-52,-20,-51,-15,-57,-19,-50,-21,-45,-15,-43,-12,-39,-15,-42,-15,-40,-17,-38,-6,-28,-12,-29,-3,-19,-3,0,0]"
CSI_DATA,144,1a:00:00:00:00:00,-47,11,1,0,1,1,1,0,0,0,1,-96,0,11,2,2132140,0,44,0,384,0,"[0,0,0,0,0,0,0,0,0,0,0,0,1,-4,1,-4,1,-5,1,-6,2,-6,2,-7,2,-7,1,-7,2,-8,1,-7,1,-8,1,-8,1,-8,1,-8,1,-8,1,-9,1,-9,1,-9,1,-9,1,-9,1,-9,1,-9,1,-10,1,-9,1,-10,0,-10,0,0,1,-10,1,-9,1,-10,1,-10,1,-9,1,-9,1,-9,1,-9,1,-9,1,-9,1,-8,2,-8,2,-8,1,-8,1,-8,1,-7,1,-7,1,-7,2,-7,2,-7,2,-7,2,-6,2,-6,2,-6,3,-6,3,-5,0,0,0,0,0,0,0,0,0,0,0,0,0,0,12,-3,10,-7,17,-13,15,-15,12,-19,11,-24,18,-23,18,-28,16,-30,14,-32,19,-31,17,-35,22,-40,20,-35,15,-34,16,-40,20,-42,21,-43,18,-43,14,-46,15,-44,11,-43,14,-53,17,-47,20,-50,16,-51,16,-53,13,-52,21,-49,16,-53,11,-49,14,-48,14,-54,15,-56,14,-45,14,-50,15,-45,13,-51,21,-48,14,-42,20,-43,16,-47,23,-42,16,-38,16,-39,12,-40,16,-36,15,-37,11,-37,11,-37,17,-34,20,-34,18,-36,17,-27,21,-31,21,-26,20,-26,0,0,0,0,0,0,0,0,0,0,0,0,0,0,0,0,0,0,0,0,0,0,10,27,7,31,4,34,1,40,0,39,-6,42,-12,42,-12,42,-14,49,-19,50,-25,50,-25,52,-25,48,-35,50,-35,51,-36,52,-41,59,-38,52,-44,53,-49,58,-45,45,-49,51,-53,47,-54,52,-53,43,-50,50,-51,46,-55,41,-56,45,-54,47,-52,45,-56,46,-53,44,-51,41,-53,39,-49,46,-41,41,-46,40,-49,39,-44,44,-51,41,-44,41,-44,42,-41,38,-37,41,-39,40,-33,38,-39,38,-39,34,-39,36,-35,31,-26,33,-31,26,-26,21,-21,26,-21,22,-13,16,0,0]"
CSI_DATA,145,1a:00:00:00:00:00,-47,11,1,0,1,1,1,0,0,0,1,-96,0,11,2,2142163,0,44,0,384,0,"[0,0,0,0,0,0,0,0,0,0,0,0,-4,-3,-5,-2,-5,-2,-6,-2,-6,-2,-7,-2,-7,-2,-7,-2,-7,-2,-8,-2,-8,-2,-8,-2,-9,-2,-8,-1,-9,-1,-9,-1,-9,-1,-9,-1,-9,-1,-10,0,-9,-1,-10,0,-10,-1,-10,0,-10,-1,-10,-1,0,0,-10,-1,-10,-1,-10,-1,-10,-1,-10,-1,-10,-1,-9,-1,-9,-2,-9,-2,-9,-2,-9,-2,-8,-2,-8,-2,-8,-2,-8,-2,-7,-1,-8,-2,-7,-1,-7,-1,-7,-2,-7,-2,-7,-2,-6,-2,-6,-3,-6,-3,-6,-3,0,0,0,0,0,0,0,0,0,0,0,0,0,0,-2,-15,-9,-12,-16,-10,-21,-13,-22,-10,-21,-6,-23,-7,-29,-7,-30,-8,-35,-9,-38,-8,-42,-9,-37,-11,-38,-6,-41,-7,-45,-2,-43,-4,-45,-4,-48,3,-47,-3,-51,3,-51,-1,-52,4,-50,3,-48,1,-47,4,-49,7,-55,3,-53,4,-55,6,-53,4,-53,7,-51,-1,-51,4,-55,5,-54,2,-51,4,-49,4,-52,3,-47,-2,-48,-2,-46,-1,-45,-1,-46,-1,-44,2,-42,-5,-41,-4,-39,-2,-38,-4,-37,-3,-40,0,-38,-3,-38,-7,-30,-6,-37,-10,-34,-7,-31,-13,0,0,0,0,0,0,0,0,0,0,0,0,0,0,0,0,0,0,0,0,0,0,24,-18,28,-18,31,-14,34,-10,37,-10,40,-8,46,-4,50,-7,49,1,49,3,54,5,56,5,59,6,57,7,61,13,58,21,64,18,60,19,64,20,61,23,60,28,63,27,59,26,59,31,61,34,64,35,61,36,59,35,54,32,63,35,60,34,58,38,53,35,56,33,56,29,54,30,57,25,54,31,51,26,58,26,54,27,52,21,57,24,54,21,55,22,57,20,48,18,44,21,41,19,43,18,38,14,42,18,38,18,33,14,29,11,29,12,26,10,0,0]"
CSI_DATA,146,1a:00:00:00:00:00,-47,11,1,0,1,1,1,0,0,0,1,-96,0,11,2,2172161,0,44,0,384,0,"[0,0,0,0,0,0,0,0,0,0,0,0,-3,-4,-4,-4,-5,-4,-5,-3,-5,-3,-5,-3,-6,-3,-6,-3,-6,-3,-7,-2,-7,-3,-7,-2,-7,-2,-8,-2,-8,-2,-8,-2,-8,-2,-8,-1,-8,-1,-9,-1,-9,-1,-9,-1,-9,-2,-9,-1,-9,-1,-9,-2,0,0,-9,-2,-9,-2,-10,-2,-9,-2,-9,-2,-9,-2,-9,-2,-9,-2,-8,-3,-8,-3,-8,-3,-8,-3,-7,-3,-7,-3,-7,-2,-6,-2,-7,-2,-6,-2,-6,-2,-6,-3,-6,-3,-6,-3,-6,-3,-6,-3,-5,-3,-4,-3,0,0,0,0,0,0,0,0,0,0,0,0,0,0,-8,-24,-14,-24,-8,-21,-15,-20,-21,-17,-20,-13,-25,-11,-26,-11,-27,-11,-30,-10,-31,-9,-37,-11,-34,-5,-34,-7,-40,-8,-37,-3,-42,-4,-39,-3,-40,-4,-43,-5,-45,-1,-48,2,-42,0,-47,1,-43,-3,-44,0,-51,-2,-50,0,-49,1,-51,-1,-49,-2,-47,-6,-52,-2,-49,0,-48,-3,-45,-5,-48,-8,-49,-3,-48,-9,-43,-7,-48,-10,-40,-11,-38,-8,-39,-8,-34,-7,-38,-9,-33,-10,-38,-9,-29,-6,-33,-10,-30,-10,-35,-12,-32,-8,-27,-15,-30,-14,-25,-15,-25,-18,0,0,0,0,0,0,0,0,0,0,0,0,0,0,0,0,0,0,0,0,0,0,6,-26,7,-26,12,-31,13,-33,20,-32,20,-30,25,-34,30,-31,29,-36,38,-36,44,-32,43,-34,48,-34,50,-33,45,-28,54,-28,56,-24,64,-21,55,-25,63,-22,63,-18,65,-18,67,-16,68,-17,71,-10,70,-9,72,-7,69,-9,76,-11,73,-6,71,-4,69,-6,70,0,67,-3,69,-4,70,-3,71,-7,67,-6,71,-6,68,-7,64,-1,70,-2,65,-7,62,-6,62,-4,66,-5,59,-5,59,-7,61,0,60,-3,54,-7,55,-5,52,-3,54,-4,49,0,41,0,41,-2,0,0]"
CSI_DATA,147,1a:00:00:00:00:00,-46,11,1,0,1,1,1,0,0,0,1,-96,0,11,2,2202897,0,44,0,384,0,"[0,0,0,0,0,0,0,0,0,0,0,0,3,-5,3,-5,2,-5,2,-5,2,-5,2,-6,2,-6,2,-6,1,-7,2,-6,1,-7,1,-7,1,-7,1,-7,1,-7,1,-8,1,-8,1,-8,1,-8,1,-8,1,-8,1,-8,1,-8,1,-8,1,-8,1,-9,0,0,2,-8,1,-8,2,-8,2,-8,2,-7,2,-7,2,-7,2,-7,2,-7,2,-7,2,-6,2,-6,2,-6,2,-6,2,-6,2,-5,2,-5,2,-5,2,-5,2,-5,3,-5,2,-5,2,-4,3,-4,3,-3,3,-3,0,0,0,0,0,0,0,0,0,0,0,0,0,0,29,-15,29,-14,24,-21,21,-19,19,-22,19,-20,18,-23,19,-26,19,-29,15,-27,10,-29,11,-30,15,-35,12,-31,12,-35,11,-38,14,-36,8,-36,10,-37,10,-42,11,-41,11,-41,7,-35,6,-39,10,-39,8,-40,10,-38,8,-43,8,-43,9,-43,12,-42,12,-44,12,-43,13,-42,13,-42,13,-39,13,-35,11,-38,15,-35,9,-35,16,-34,15,-30,14,-30,15,-29,17,-29,17,-30,16,-25,16,-27,11,-26,14,-26,13,-24,16,-23,15,-24,17,-23,20,-19,18,-17,22,-16,0,0,0,0,0,0,0,0,0,0,0,0,0,0,0,0,0,0,0,0,0,0,30,-11,33,-7,37,-5,36,-2,43,3,40,6,44,9,44,9,48,16,47,18,47,24,51,30,48,33,53,39,51,39,49,41,47,46,44,49,44,49,43,54,42,55,43,59,40,62,32,63,29,62,30,69,30,64,31,63,27,68,26,64,25,68,22,62,22,65,26,62,23,62,23,62,24,66,22,62,21,62,20,67,20,63,22,65,21,59,20,64,17,57,24,58,22,53,23,58,22,57,13,57,12,53,14,56,12,49,10,49,8,50,7,47,12,50,0,0]"
CSI_DATA,148,1a:00:00:00:00:00,-46,11,1,0,1,1,1,0,0,0,1,-96,0,11,2,2212200,0,44,0,384,0,"[0,0,0,0,0,0,0,0,0,0,0,0,-4,3,-4,3,-4,4,-4,4,-4,4,-4,4,-4,5,-4,5,-4,5,-3,5,-4,5,-3,6,-3,5,-3,5,-3,5,-3,6,-3,7,-3,6,-3,6,-3,6,-3,6,-3,6,-3,7,-3,6,-3,6,-3,7,0,0,-3,7,-4,6,-4,6,-3,7,-4,6,-4,6,-4,5,-4,5,-4,5,-4,5,-4,5,-4,4,-4,4,-4,4,-4,4,-4,4,-4,4,-4,4,-4,4,-4,3,-4,3,-4,3,-4,3,-4,2,-4,2,-4,1,0,0,0,0,0,0,0,0,0,0,0,0,0,0,-35,6,-30,5,-28,11,-21,9,-26,12,-25,20,-24,20,-27,19,-24,23,-21,23,-22,25,-26,27,-24,29,-17,28,-18,32,-20,28,-20,30,-19,34,-21,31,-21,32,-20,34,-22,34,-18,35,-22,35,-19,35,-21,40,-17,36,-15,36,-18,35,-20,37,-20,37,-21,44,-21,35,-23,38,-24,33,-23,34,-27,31,-24,30,-21,31,-25,27,-24,28,-25,25,-23,24,-24,25,-21,26,-20,24,-23,21,-18,24,-21,24,-23,18,-23,20,-22,20,-26,16,-21,14,-23,17,-21,14,-26,11,0,0,0,0,0,0,0,0,0,0,0,0,0,0,0,0,0,0,0,0,0,0,-35,0,-36,-3,-39,-10,-44,-12,-43,-17,-42,-22,-43,-29,-42,-28,-42,-36,-42,-34,-44,-36,-44,-45,-47,-48,-44,-57,-45,-58,-30,-63,-32,-63,-29,-68,-32,-64,-27,-72,-19,-73,-20,-70,-17,-75,-17,-73,-18,-73,-18,-75,-14,-72,-9,-75,-9,-74,-3,-76,-5,-70,-2,-73,1,-71,0,-70,-1,-71,1,-73,-2,-64,-5,-70,-1,-62,-3,-69,-3,-71,-2,-62,-2,-67,-4,-67,-4,-64,7,-62,3,-64,0,-64,-1,-61,0,-60,-1,-60,0,-53,-2,-59,4,-49,0,-49,1,-46,-1,-45,0,0]"
CSI_DATA,149,1a:00:00:00:00:00,-46,11,1,0,1,1,1,0,0,0,1,-96,0,11,2,2222158,0,44,0,384,0,"[0,0,0,0,0,0,0,0,0,0,0,0,0,-5,0,-6,0,-6,-1,-6,-1,-6,-1,-6,-1,-7,-1,-7,-2,-7,-2,-7,-2,-7,-2,-7,-2,-7,-2,-7,-2,-7,-3,-7,-3,-7,-3,-8,-3,-7,-3,-7,-3,-7,-3,-7,-3,-8,-3,-7,-3,-7,-2,-8,0,0,-3,-8,-3,-8,-2,-7,-2,-8,-2,-7,-2,-7,-2,-7,-2,-7,-1,-7,-1,-7,-1,-7,-1,-6,-1,-6,-1,-6,-1,-6,-1,-6,-1,-6,-1,-6,-1,-6,-1,-5,-1,-6,-1,-5,0,-5,0,-5,1,-5,1,-5,0,0,0,0,0,0,0,0,0,0,0,0,0,0,17,-29,13,-23,8,-28,10,-24,3,-30,2,-30,1,-24,0,-31,-1,-30,-1,-29,-1,-30,-6,-34,-7,-36,-5,-38,-13,-37,-10,-34,-7,-37,-11,-38,-10,-36,-14,-39,-14,-36,-16,-38,-13,-40,-11,-37,-14,-37,-12,-38,-14,-38,-16,-39,-19,-36,-17,-40,-14,-44,-16,-39,-12,-42,-12,-39,-12,-40,-8,-37,-9,-38,-12,-39,-6,-38,-7,-35,-10,-34,-9,-32,-7,-31,-6,-29,-6,-31,-6,-34,-4,-31,-2,-35,-7,-29,-2,-29,-2,-26,-2,-29,3,-28,2,-26,0,-26,4,-22,5,-25,0,0,0,0,0,0,0,0,0,0,0,0,0,0,0,0,0,0,0,0,0,0,30,-23,35,-18,39,-21,45,-15,47,-14,50,-8,51,-7,55,-3,60,2,63,4,62,9,65,10,66,15,67,22,65,25,65,29,65,29,65,36,57,36,62,44,61,45,63,47,58,50,56,54,56,53,56,51,54,52,52,56,46,55,46,53,48,58,46,51,43,55,40,51,40,52,37,50,42,49,44,49,42,47,44,47,40,45,40,48,38,47,39,43,39,43,35,40,38,43,36,44,37,44,33,43,31,37,31,37,33,37,28,38,27,33,30,33,26,26,0,0]"
CSI_DATA,150,1a:00:00:00:00:00,-46,11,1,0,1,1,1,0,0,0,1,-96,0,11,2,2232217,0,44,0,384,0,"[0,0,0,0,0,0,0,0,0,0,0,0,-3,-4,-4,-4,-4,-4,-5,-4,-5,-4,-5,-4,-5,-4,-5,-4,-5,-4,-6,-4,-6,-4,-6,-3,-6,-3,-6,-3,-6,-3,-6,-4,-6,-4,-6,-4,-7,-3,-7,-3,-7,-3,-7,-3,-7,-4,-7,-3,-7,-3,-7,-4,0,0,-6,-4,-6,-4,-7,-4,-6,-4,-6,-4,-6,-4,-6,-4,-5,-4,-5,-4,-5,-4,-5,-4,-5,-4,-5,-4,-5,-4,-4,-4,-4,-4,-4,-4,-4,-4,-4,-3,-3,-4,-3,-4,-3,-4,-3,-4,-3,-4,-2,-4,-2,-4,0,0,0,0,0,0,0,0,0,0,0,0,0,0,-5,-25,-3,-20,-9,-21,-11,-20,-15,-20,-18,-21,-20,-19,-20,-22,-22,-18,-26,-18,-28,-20,-29,-20,-24,-20,-29,-21,-30,-20,-32,-19,-29,-21,-30,-19,-33,-20,-35,-18,-39,-17,-33,-18,-34,-19,-34,-20,-36,-20,-35,-19,-39,-20,-37,-15,-35,-18,-40,-22,-37,-19,-36,-21,-35,-23,-35,-22,-33,-22,-31,-22,-30,-18,-31,-19,-27,-22,-28,-18,-28,-21,-24,-18,-26,-24,-21,-21,-25,-19,-20,-19,-22,-18,-21,-16,-19,-17,-22,-22,-18,-20,-21,-20,-18,-20,-18,-20,-15,-18,-14,-21,-12,-18,0,0,0,0,0,0,0,0,0,0,0,0,0,0,0,0,0,0,0,0,0,0,14,-40,22,-42,28,-42,32,-44,35,-39,43,-37,43,-33,49,-35,54,-32,57,-32,59,-28,65,-27,66,-23,68,-18,69,-17,71,-12,76,-9,74,-5,75,-1,75,-1,78,1,77,6,76,9,75,13,77,16,74,15,71,19,73,19,68,18,67,20,63,19,64,19,63,20,62,18,63,19,59,19,56,16,55,17,56,17,55,14,58,16,53,13,54,17,56,16,51,15,47,16,50,12,49,11,48,9,46,10,43,10,39,8,43,9,36,11,37,10,36,7,31,5,0,0]"
CSI_DATA,151,1a:00:00:00:00:00,-48,11,1,0,1,1,1,0,0,0,1,-96,0,11,2,2244242,0,44,0,384,0,"[0,0,0,0,0,0,0,0,0,0,0,0,-1,4,0,4,0,4,0,5,0,5,0,5,1,6,1,6,1,6,1,6,1,6,1,6,1,6,2,6,1,6,2,7,2,6,2,6,2,6,2,7,2,6,2,7,2,7,1,7,2,7,2,7,0,0,2,7,1,6,1,6,1,7,1,6,1,6,1,6,1,5,1,6,0,6,0,5,0,4,0,4,0,4,0,4,0,4,0,4,0,4,0,4,0,4,0,4,0,4,0,4,0,3,-1,4,-1,3,0,0,0,0,0,0,0,0,0,0,0,0,0,0,-9,19,-9,13,-3,14,1,16,-1,22,1,27,3,23,3,25,4,29,7,32,5,30,6,33,7,34,8,36,10,37,13,36,13,37,12,35,11,39,13,36,13,42,15,36,13,38,16,41,17,40,11,40,12,43,15,40,12,37,14,39,12,41,13,41,10,34,9,43,12,38,9,38,7,38,12,36,7,37,10,33,1,32,5,33,8,28,8,29,4,27,5,26,3,30,8,22,5,27,5,29,5,26,5,23,-1,20,1,20,3,22,2,20,-4,21,0,0,0,0,0,0,0,0,0,0,0,0,0,0,0,0,0,0,0,0,0,0,-50,-10,-51,-11,-54,-17,-57,-26,-52,-30,-55,-33,-51,-36,-53,-43,-50,-47,-53,-50,-48,-54,-50,-58,-44,-62,-42,-65,-38,-71,-35,-70,-34,-74,-29,-73,-29,-76,-27,-79,-23,-75,-20,-77,-22,-75,-17,-78,-14,-77,-10,-73,-9,-73,-9,-76,-10,-75,-11,-71,-6,-68,-10,-75,-8,-71,-9,-64,-8,-65,-10,-64,-9,-54,-9,-58,-11,-58,-11,-55,-7,-55,-13,-54,-15,-53,-8,-56,-13,-56,-15,-45,-13,-45,-15,-45,-6,-39,-11,-40,-13,-44,-16,-40,-15,-41,-9,-37,-9,-35,-7,-32,-9,-22,0,0]"
CSI_DATA,152,1a:00:00:00:00:00,-48,11,1,0,1,1,1,0,0,0,1,-96,0,11,2,2252679,0,44,0,384,0,"[0,0,0,0,0,0,0,0,0,0,0,0,2,1,3,1,3,1,4,2,4,2,5,2,5,2,5,2,6,2,6,2,6,2,6,2,7,2,7,2,7,2,7,2,8,2,7,2,8,2,8,2,8,2,8,2,8,2,8,2,8,2,8,3,0,0,8,3,7,3,8,2,7,3,7,3,7,3,6,3,6,2,6,3,6,2,6,2,5,2,5,2,5,2,5,2,5,2,5,1,5,1,4,1,4,1,5,1,4,1,4,1,4,2,4,2,4,2,0,0,0,0,0,0,0,0,0,0,0,0,0,0,7,5,6,1,15,1,8,-2,17,-7,16,-7,15,-13,20,-16,25,-12,26,-15,23,-20,26,-19,26,-18,23,-21,26,-22,33,-23,30,-23,29,-22,32,-26,30,-26,29,-28,31,-26,31,-26,34,-28,34,-27,36,-27,32,-26,37,-29,36,-29,33,-26,34,-24,40,-25,35,-29,37,-23,33,-26,34,-20,33,-21,30,-21,32,-20,25,-16,27,-19,24,-16,30,-15,23,-18,24,-18,21,-16,24,-14,20,-15,22,-17,18,-17,18,-19,22,-19,19,-17,23,-13,17,-14,21,-7,22,-8,0,0,0,0,0,0,0,0,0,0,0,0,0,0,0,0,0,0,0,0,0,0,3,47,-2,55,-10,53,-20,54,-17,56,-25,56,-29,56,-31,59,-35,54,-39,58,-45,53,-49,52,-56,54,-55,45,-57,50,-67,42,-66,43,-68,38,-67,35,-68,36,-65,36,-70,31,-71,27,-72,26,-70,21,-72,24,-66,21,-68,21,-69,26,-69,19,-62,17,-66,19,-61,12,-64,18,-61,17,-64,18,-58,13,-52,17,-53,14,-54,22,-52,19,-52,19,-50,14,-54,18,-47,20,-44,15,-48,19,-41,18,-45,15,-45,20,-36,13,-37,18,-33,11,-30,9,-32,12,-24,13,-22,9,0,0]"
CSI_DATA,153,1a:00:00:00:00:00,-48,11,1,0,1,1,1,0,0,0,1,-96,0,11,2,2292155,0,44,0,384,0,"[0,0,0,0,0,0,0,0,0,0,0,0,0,0,0,1,1,2,1,2,1,3,1,3,1,3,2,4,2,4,2,4,2,5,3,5,3,5,3,5,3,5,4,6,4,6,4,6,4,6,4,6,5,6,5,6,5,6,5,6,6,7,6,7,0,0,6,7,6,7,6,7,6,7,6,7,6,7,6,7,6,7,6,7,6,7,6,6,6,6,6,6,6,6,6,6,6,6,6,6,6,6,6,6,6,6,6,6,6,6,5,6,5,7,5,7,4,7,0,0,0,0,0,0,0,0,0,0,0,0,0,0,-18,6,-16,1,-10,2,-2,-2,8,5,9,-1,11,-3,13,-3,19,3,21,-3,25,3,28,-1,28,-2,29,0,29,0,34,1,32,0,31,-5,32,-2,41,-7,39,-4,41,-1,39,-8,40,-4,42,-10,42,-16,48,-9,48,-14,48,-7,48,-7,50,-9,49,-10,53,-15,49,-11,47,-14,47,-9,43,-13,50,-11,46,-14,45,-13,47,-12,46,-9,44,-16,43,-16,44,-13,40,-12,40,-13,43,-17,43,-12,39,-15,39,-20,45,-12,46,-13,44,-14,47,-8,41,-3,42,-5,0,0,0,0,0,0,0,0,0,0,0,0,0,0,0,0,0,0,0,0,0,0,-32,22,-37,26,-38,21,-46,18,-50,18,-49,7,-54,4,-55,4,-54,4,-62,-4,-60,-6,-64,-10,-65,-16,-66,-21,-62,-18,-66,-27,-61,-27,-63,-31,-59,-30,-60,-33,-57,-38,-62,-38,-58,-44,-59,-48,-54,-51,-57,-53,-50,-51,-56,-52,-53,-54,-52,-50,-50,-54,-43,-51,-44,-48,-42,-50,-43,-48,-44,-51,-42,-51,-36,-48,-38,-45,-41,-41,-38,-43,-40,-46,-40,-45,-40,-37,-39,-36,-44,-43,-37,-37,-36,-37,-40,-37,-36,-40,-33,-40,-34,-43,-34,-34,-27,-34,-25,-33,-22,-34,-18,-28,0,0]"
CSI_DATA,154,1a:00:00:00:00:00,-48,11,1,0,1,1,1,0,0,0,1,-96,0,11,2,2303703,0,44,0,384,0,"[0,0,0,0,0,0,0,0,0,0,0,0,-1,-2,-1,-3,-1,-3,-1,-4,-1,-4,-1,-5,-1,-5,-2,-5,-2,-6,-2,-6,-2,-6,-2,-7,-3,-7,-3,-7,-3,-7,-3,-7,-4,-7,-4,-8,-4,-8,-4,-8,-4,-8,-5,-8,-5,-8,-5,-8,-5,-9,-5,-9,0,0,-5,-9,-5,-9,-5,-9,-5,-9,-5,-9,-5,-9,-5,-9,-5,-8,-5,-8,-5,-8,-5,-8,-5,-8,-5,-8,-5,-8,-6,-8,-6,-8,-6,-7,-6,-8,-6,-8,-5,-8,-6,-8,-5,-8,-5,-8,-5,-9,-4,-9,-3,-9,0,0,0,0,0,0,0,0,0,0,0,0,0,0,9,-4,9,-4,3,-5,-2,0,-6,-5,-13,-3,-15,-3,-20,-2,-20,-5,-24,-6,-22,-8,-25,-9,-31,-4,-30,-10,-31,-5,-34,-5,-36,-4,-34,-8,-36,-4,-39,-5,-38,-6,-39,-4,-42,-3,-40,1,-39,0,-45,3,-45,5,-45,6,-48,-1,-51,4,-45,2,-50,2,-48,1,-51,0,-47,2,-46,0,-45,5,-43,0,-43,4,-46,-3,-45,1,-43,6,-42,2,-45,3,-38,3,-43,3,-43,5,-41,4,-43,5,-44,2,-41,3,-45,0,-45,3,-43,2,-43,-4,-44,-11,-42,-6,0,0,0,0,0,0,0,0,0,0,0,0,0,0,0,0,0,0,0,0,0,0,29,-32,32,-34,38,-27,42,-24,45,-23,50,-19,51,-14,53,-13,56,-4,56,-7,63,2,65,2,67,3,66,4,71,11,70,19,71,20,64,22,63,30,63,30,60,29,62,38,60,37,63,36,59,39,61,43,58,44,51,48,50,45,53,52,48,48,50,48,46,49,41,46,43,45,42,45,46,46,41,41,42,40,44,36,43,43,42,43,42,40,36,35,39,38,41,28,39,35,33,37,37,31,34,30,33,34,32,28,25,35,24,33,21,33,18,29,18,24,0,0]"
CSI_DATA,155,1a:00:00:00:00:00,-48,11,1,0,1,1,1,0,0,0,1,-96,0,11,2,2312304,0,44,0,384,0,"[0,0,0,0,0,0,0,0,0,0,0,0,0,1,1,1,1,2,1,2,2,2,2,3,3,3,3,3,3,3,3,3,4,3,4,3,4,3,5,3,5,3,5,3,6,3,6,3,6,3,6,3,6,3,7,3,7,4,7,3,7,4,7,4,0,0,8,4,8,4,7,4,8,4,7,4,7,4,7,4,7,3,7,3,7,3,7,3,7,3,7,3,7,2,7,3,7,2,7,3,7,3,7,3,7,3,7,3,7,3,7,4,7,4,6,5,6,5,0,0,0,0,0,0,0,0,0,0,0,0,0,0,-1,12,1,9,5,9,5,5,11,1,9,-1,13,-4,17,-6,13,-8,18,-6,23,-8,21,-8,21,-11,24,-13,25,-11,26,-15,25,-11,28,-19,30,-22,26,-19,33,-26,33,-20,33,-27,30,-27,33,-27,34,-26,34,-27,34,-33,32,-32,34,-27,36,-32,37,-28,35,-32,31,-30,37,-30,33,-26,33,-27,33,-25,33,-26,32,-27,31,-28,31,-28,27,-27,28,-24,33,-26,27,-27,24,-27,30,-30,28,-31,30,-26,31,-26,29,-28,32,-25,34,-26,35,-25,34,-21,37,-19,0,0,0,0,0,0,0,0,0,0,0,0,0,0,0,0,0,0,0,0,0,0,8,40,1,43,-2,43,-7,44,-13,47,-19,48,-23,50,-25,49,-29,50,-34,48,-39,48,-40,48,-42,48,-52,43,-54,42,-56,38,-60,37,-62,36,-68,35,-64,34,-66,29,-67,27,-68,23,-70,25,-75,21,-73,23,-73,18,-73,11,-71,10,-70,4,-69,8,-66,8,-72,4,-67,5,-66,2,-61,1,-66,5,-61,6,-62,4,-59,8,-61,3,-58,4,-60,2,-57,-1,-56,3,-49,9,-52,0,-50,4,-56,6,-52,1,-48,5,-47,6,-48,-4,-37,-4,-38,-3,-34,-4,-38,-4,0,0]"
CSI_DATA,156,1a:00:00:00:00:00,-48,11,1,0,1,1,1,0,0,0,1,-96,0,11,2,2322952,0,44,0,384,0,"[0,0,0,0,0,0,0,0,0,0,0,0,0,-3,-1,-3,-1,-4,-2,-4,-2,-4,-3,-4,-3,-4,-3,-5,-3,-5,-4,-5,-4,-5,-4,-5,-4,-5,-5,-5,-5,-5,-5,-5,-6,-5,-6,-5,-6,-5,-6,-6,-6,-6,-7,-6,-7,-6,-7,-6,-7,-6,-7,-6,0,0,-7,-6,-7,-6,-6,-6,-7,-6,-6,-6,-7,-6,-6,-6,-6,-6,-6,-6,-6,-6,-6,-6,-6,-5,-6,-5,-6,-5,-6,-5,-6,-5,-7,-5,-6,-5,-6,-5,-6,-6,-6,-6,-6,-6,-6,-6,-5,-7,-5,-7,-4,-7,0,0,0,0,0,0,0,0,0,0,0,0,0,0,-6,-23,-6,-15,-13,-9,-8,-11,-11,-6,-11,-4,-17,-1,-19,4,-17,1,-27,5,-27,-2,-27,4,-28,8,-28,8,-33,4,-31,10,-29,12,-33,12,-33,13,-33,17,-36,17,-30,17,-37,19,-34,16,-34,20,-40,20,-42,21,-36,19,-38,25,-44,22,-39,19,-39,20,-39,21,-43,21,-44,17,-40,19,-37,18,-37,20,-39,23,-35,18,-37,15,-36,15,-35,18,-34,20,-31,17,-33,16,-33,21,-34,20,-33,17,-34,18,-33,18,-34,14,-37,11,-36,10,-36,11,-34,9,-36,7,0,0,0,0,0,0,0,0,0,0,0,0,0,0,0,0,0,0,0,0,0,0,-23,-33,-17,-39,-16,-40,-11,-47,-5,-52,-6,-52,0,-57,4,-60,9,-56,11,-58,19,-58,22,-60,27,-60,32,-60,32,-58,38,-57,46,-53,47,-53,46,-54,52,-52,50,-50,61,-50,61,-46,62,-40,64,-39,68,-38,63,-40,64,-32,68,-30,63,-32,65,-32,71,-28,63,-22,60,-25,66,-24,63,-23,63,-25,59,-19,60,-23,61,-21,63,-20,59,-19,58,-21,57,-25,54,-18,51,-21,54,-19,56,-19,56,-15,55,-12,51,-12,49,-15,46,-9,49,-11,42,-8,40,-3,41,-7,0,0]"
CSI_DATA,157,1a:00:00:00:00:00,-48,11,1,0,1,1,1,0,0,0,1,-96,0,11,2,2334604,0,44,0,384,0,"[0,0,0,0,0,0,0,0,0,0,0,0,0,-4,0,-4,-1,-4,-1,-5,-1,-5,-1,-5,-2,-6,-2,-6,-2,-6,-2,-6,-2,-6,-3,-6,-3,-6,-3,-6,-3,-6,-3,-7,-4,-7,-4,-7,-4,-7,-4,-7,-4,-7,-4,-7,-4,-7,-4,-7,-4,-7,-4,-8,0,0,-4,-8,-4,-8,-4,-7,-4,-7,-3,-7,-4,-7,-3,-7,-3,-7,-3,-7,-3,-7,-3,-7,-3,-6,-3,-6,-3,-6,-3,-6,-3,-6,-3,-6,-3,-6,-3,-6,-3,-6,-3,-6,-3,-6,-2,-6,-2,-6,-2,-6,-1,-6,0,0,0,0,0,0,0,0,0,0,0,0,0,0,-4,-25,-3,-20,-12,-15,-13,-16,-14,-15,-20,-11,-20,-10,-23,-11,-24,-10,-20,-9,-26,-9,-33,-9,-30,-8,-31,-7,-35,-7,-32,-7,-31,-6,-34,-2,-35,-5,-41,-5,-38,-4,-38,-2,-38,-1,-36,-2,-38,-3,-43,3,-39,-6,-41,-3,-42,-2,-42,-6,-42,-4,-41,-5,-44,-4,-42,-4,-39,-4,-34,-5,-40,-6,-35,1,-38,-6,-33,-5,-34,-5,-34,-5,-34,-7,-34,-4,-34,-5,-32,-6,-31,-2,-34,-5,-32,-4,-31,-3,-34,-9,-31,-5,-29,-5,-32,-12,-27,-9,-30,-15,-25,-14,0,0,0,0,0,0,0,0,0,0,0,0,0,0,0,0,0,0,0,0,0,0,-22,-29,-20,-34,-18,-37,-11,-44,-12,-46,-4,-44,3,-49,4,-52,10,-55,11,-55,19,-54,23,-55,26,-56,30,-55,34,-56,40,-55,41,-52,43,-52,44,-50,49,-45,57,-42,54,-47,61,-39,59,-41,61,-35,64,-36,65,-32,64,-32,62,-34,65,-27,66,-27,64,-24,68,-26,61,-22,66,-16,68,-20,64,-19,59,-19,63,-19,63,-17,61,-17,62,-19,58,-17,57,-15,60,-14,58,-21,59,-15,60,-13,55,-15,59,-9,57,-7,53,-10,50,-7,51,0,46,-4,42,-3,38,-6,0,0]"
CSI_DATA,158,1a:00:00:00:00:00,-49,11,1,0,1,1,1,0,0,0,1,-96,0,11,2,2343739,0,44,0,384,0,"[0,0,0,0,0,0,0,0,0,0,0,0,-4,3,-4,3,-4,3,-4,4,-4,3,-4,4,-4,4,-4,5,-4,5,-4,5,-4,5,-4,5,-4,5,-4,5,-4,5,-4,6,-4,6,-4,6,-3,6,-4,6,-4,6,-4,6,-4,6,-4,6,-4,6,-4,6,0,0,-4,6,-4,5,-5,6,-5,5,-4,5,-5,5,-4,4,-4,4,-5,4,-4,4,-4,4,-4,3,-3,4,-4,3,-4,3,-4,3,-4,3,-4,3,-4,3,-3,3,-3,3,-4,3,-4,3,-4,3,-4,3,-4,2,0,0,0,0,0,0,0,0,0,0,0,0,0,0,-27,2,-30,5,-24,9,-22,9,-19,14,-20,17,-20,20,-17,19,-20,23,-19,28,-18,25,-20,27,-23,29,-18,30,-20,29,-18,31,-22,32,-20,33,-19,34,-17,33,-19,33,-16,36,-16,33,-14,35,-17,32,-19,34,-23,39,-21,35,-19,35,-19,33,-12,36,-19,39,-18,35,-21,30,-21,33,-23,29,-21,25,-22,25,-20,21,-21,29,-19,27,-18,23,-15,25,-15,23,-18,23,-16,21,-14,21,-14,20,-15,25,-17,22,-17,22,-17,20,-19,22,-16,20,-17,16,-20,20,-20,15,0,0,0,0,0,0,0,0,0,0,0,0,0,0,0,0,0,0,0,0,0,0,-36,22,-39,17,-45,13,-50,10,-50,8,-48,3,-51,-4,-52,-3,-56,-13,-53,-17,-55,-20,-58,-25,-59,-30,-59,-34,-54,-39,-57,-45,-50,-43,-50,-46,-49,-47,-52,-54,-46,-57,-44,-63,-44,-57,-39,-65,-33,-68,-32,-68,-34,-69,-29,-68,-29,-72,-27,-71,-24,-71,-14,-69,-20,-72,-13,-71,-17,-69,-14,-66,-16,-74,-14,-65,-14,-66,-13,-70,-8,-67,-16,-64,-9,-65,-12,-67,-10,-59,-7,-67,-11,-67,-7,-58,-9,-63,-6,-57,-4,-56,-3,-56,2,-55,0,-48,2,-49,6,-46,5,-37,0,0]"
CSI_DATA,159,1a:00:00:00:00:00,-49,11,1,0,1,1,1,0,0,0,1,-96,0,11,2,2352150,0,44,0,384,0,"[0,0,0,0,0,0,0,0,0,0,0,0,3,-4,2,-4,3,-4,3,-4,2,-4,2,-5,3,-6,3,-5,3,-5,3,-5,3,-6,2,-6,3,-5,3,-6,2,-5,3,-6,2,-6,2,-6,3,-6,3,-6,3,-6,3,-6,3,-6,3,-6,3,-6,3,-6,0,0,4,-6,3,-6,3,-5,3,-5,3,-4,3,-4,3,-4,3,-4,3,-4,3,-4,3,-4,3,-3,3,-3,2,-3,3,-3,2,-3,2,-3,2,-3,2,-3,2,-3,3,-3,2,-3,2,-3,3,-3,3,-2,3,-2,0,0,0,0,0,0,0,0,0,0,0,0,0,0,28,-13,23,-13,23,-19,17,-16,18,-21,19,-19,18,-24,16,-25,19,-25,17,-26,13,-31,16,-32,17,-32,17,-32,14,-35,15,-33,17,-32,15,-31,16,-35,16,-32,14,-33,20,-31,12,-38,18,-33,16,-39,17,-33,19,-37,15,-41,22,-38,17,-36,14,-31,18,-32,23,-30,17,-32,21,-30,20,-24,23,-28,21,-23,23,-27,20,-24,16,-22,12,-23,18,-19,15,-16,17,-18,15,-22,14,-24,15,-22,14,-19,13,-23,16,-16,12,-20,15,-19,16,-19,15,-18,16,-23,21,-17,0,0,0,0,0,0,0,0,0,0,0,0,0,0,0,0,0,0,0,0,0,0,23,-33,32,-32,37,-29,39,-29,44,-22,48,-22,50,-16,55,-14,57,-8,53,-6,61,-2,61,6,64,7,66,9,66,16,63,21,67,25,63,28,68,35,65,36,59,34,58,45,63,47,60,49,58,55,55,55,53,57,50,60,49,56,46,65,36,60,37,62,35,64,32,62,34,59,33,60,32,56,32,60,26,62,30,60,28,60,30,55,22,62,21,60,26,57,24,56,23,59,17,54,15,54,18,58,17,52,13,51,12,54,14,47,13,46,7,45,5,37,0,0]"
CSI_DATA,160,1a:00:00:00:00:00,-49,11,1,0,1,1,1,0,0,0,1,-96,0,11,2,2362157,0,44,0,384,0,"[0,0,0,0,0,0,0,0,0,0,0,0,-4,-2,-5,-2,-6,-1,-5,-1,-6,-1,-6,-1,-6,0,-6,-1,-6,0,-7,-1,-6,0,-6,0,-7,0,-7,0,-7,0,-7,0,-7,0,-6,1,-7,0,-7,0,-7,0,-7,0,-7,0,-7,0,-7,0,-7,0,0,0,-7,-1,-7,-1,-7,-1,-6,-1,-7,-1,-6,-2,-6,-2,-6,-2,-6,-1,-6,-1,-5,-1,-5,-1,-5,-1,-4,-1,-5,-1,-4,-1,-4,-1,-5,-1,-5,-1,-5,-1,-5,-1,-5,-1,-4,-1,-5,-2,-5,-2,-4,-2,0,0,0,0,0,0,0,0,0,0,0,0,0,0,-17,-23,-18,-23,-12,-11,-21,-9,-27,-10,-29,-9,-25,-9,-31,-5,-28,-4,-31,-7,-31,-6,-36,-2,-30,-2,-33,-2,-37,-2,-36,-3,-37,-5,-38,-2,-39,0,-35,-3,-37,0,-37,-1,-38,-1,-37,2,-42,-2,-37,-1,-34,-1,-45,1,-38,-2,-34,-4,-38,-9,-37,-5,-38,-5,-36,-7,-36,-5,-37,-5,-34,-5,-33,-4,-29,-7,-29,-9,-32,-7,-30,-7,-22,-9,-23,-6,-26,-6,-24,-5,-20,-7,-28,-6,-22,-1,-22,-7,-23,-8,-20,-7,-25,-5,-26,-10,-18,-10,-23,-10,-22,-11,0,0,0,0,0,0,0,0,0,0,0,0,0,0,0,0,0,0,0,0,0,0,-42,-12,-41,-20,-40,-25,-38,-28,-39,-37,-32,-34,-32,-39,-34,-45,-24,-51,-32,-53,-27,-59,-21,-58,-22,-70,-18,-67,-13,-69,-7,-69,-5,-74,-3,-75,6,-72,7,-76,11,-76,17,-76,19,-74,23,-77,26,-73,30,-73,33,-73,37,-73,39,-70,40,-68,41,-67,44,-62,45,-59,45,-58,41,-59,47,-58,46,-56,44,-57,48,-50,45,-56,46,-50,43,-51,44,-49,43,-51,42,-41,43,-47,50,-48,45,-42,47,-39,48,-42,48,-38,46,-35,44,-30,40,-29,37,-25,35,-25,38,-23,0,0]"
CSI_DATA,161,1a:00:00:00:00:00,-50,11,1,0,1,1,1,0,0,0,1,-96,0,11,2,2372436,0,44,0,384,0,"[0,0,0,0,0,0,0,0,0,0,0,0,-3,1,-3,2,-3,2,-3,2,-3,2,-3,3,-3,3,-3,4,-3,4,-3,4,-3,4,-3,4,-3,4,-3,4,-3,5,-3,5,-3,5,-3,5,-3,5,-3,5,-3,5,-3,5,-4,5,-4,5,-4,5,-4,5,0,0,-4,5,-4,4,-4,4,-4,5,-4,4,-4,4,-4,4,-4,3,-4,4,-4,3,-4,3,-3,3,-4,2,-3,3,-3,3,-3,3,-3,3,-3,3,-3,3,-3,3,-4,2,-3,3,-3,3,-4,2,-4,2,-4,2,0,0,0,0,0,0,0,0,0,0,0,0,0,0,-28,-7,-23,-5,-23,1,-18,-1,-14,2,-17,8,-22,13,-19,14,-18,14,-20,19,-17,18,-15,22,-17,25,-20,19,-17,20,-20,23,-19,22,-16,24,-20,24,-17,28,-17,27,-16,29,-21,25,-20,30,-24,26,-21,26,-20,34,-22,28,-24,27,-20,29,-22,29,-23,31,-23,24,-28,25,-23,25,-31,26,-25,22,-19,21,-24,20,-20,20,-21,20,-18,19,-25,16,-18,15,-16,15,-17,15,-16,17,-16,14,-21,17,-17,13,-17,17,-18,16,-25,13,-17,14,-22,13,-22,12,-21,12,0,0,0,0,0,0,0,0,0,0,0,0,0,0,0,0,0,0,0,0,0,0,-34,17,-39,15,-41,12,-45,5,-48,2,-53,-1,-54,-2,-55,-5,-55,-12,-52,-17,-58,-19,-61,-27,-56,-32,-57,-35,-58,-38,-56,-41,-61,-45,-48,-47,-55,-54,-52,-58,-48,-58,-43,-64,-37,-64,-41,-75,-33,-76,-32,-71,-27,-72,-31,-77,-28,-75,-23,-78,-19,-72,-20,-75,-16,-75,-17,-74,-16,-74,-10,-73,-11,-66,-11,-69,-7,-63,-6,-63,-4,-63,-1,-68,-4,-74,-5,-69,0,-70,-4,-62,-5,-61,2,-65,3,-62,2,-62,8,-57,9,-59,9,-55,14,-47,16,-46,15,-43,15,-42,0,0]"
CSI_DATA,162,1a:00:00:00:00:00,-49,11,1,0,1,1,1,0,0,0,1,-96,0,11,2,2403383,0,44,0,384,0,"[0,0,0,0,0,0,0,0,0,0,0,0,-3,1,-4,1,-4,2,-4,2,-4,2,-4,2,-5,2,-5,3,-4,3,-5,3,-5,3,-5,4,-5,4,-5,4,-5,4,-5,4,-5,4,-5,4,-6,4,-6,4,-6,4,-6,4,-5,5,-6,4,-6,4,-6,4,0,0,-6,4,-6,4,-5,3,-5,4,-6,3,-6,3,-5,3,-5,3,-5,3,-5,3,-5,3,-4,2,-4,2,-4,2,-4,3,-4,3,-4,2,-4,3,-4,2,-4,2,-4,2,-4,2,-4,2,-4,2,-5,1,-5,1,0,0,0,0,0,0,0,0,0,0,0,0,0,0,-16,-12,-17,-12,-15,-3,-14,-4,-14,1,-15,1,-20,7,-17,12,-21,10,-20,12,-18,12,-24,12,-24,13,-26,14,-26,15,-31,18,-30,17,-28,21,-29,18,-30,16,-27,16,-24,20,-23,21,-28,23,-29,20,-28,20,-28,22,-29,21,-27,24,-27,18,-29,19,-27,22,-30,18,-27,16,-28,18,-31,18,-24,13,-27,16,-26,17,-22,9,-24,16,-24,15,-26,12,-18,17,-21,14,-19,14,-12,11,-19,11,-16,12,-18,15,-21,10,-17,12,-22,9,-21,8,-19,14,-23,9,-26,7,0,0,0,0,0,0,0,0,0,0,0,0,0,0,0,0,0,0,0,0,0,0,-25,-41,-3,-26,-13,-35,-40,-32,-13,-6,2,-10,-43,-36,-43,-46,6,-42,-18,-25,-8,-51,-10,-52,19,-64,-12,-48,-17,-50,4,-39,-2,-69,20,-73,19,-74,39,-56,4,-72,27,-69,27,-78,22,-60,38,-52,46,-69,40,-39,17,-56,25,-73,54,-42,41,-48,40,-28,53,-52,46,-83,11,-27,49,-91,56,-90,41,-50,37,-53,40,-52,35,-53,36,-44,34,-38,35,-50,34,-45,40,-41,31,-45,36,-43,33,-43,32,-42,37,-32,32,-35,37,-36,34,-32,35,-24,31,-26,22,-24,0,0]"
CSI_DATA,163,1a:00:00:00:00:00,-49,11,1,0,1,1,1,0,0,0,1,-96,0,11,2,2412142,0,44,0,384,0,"[0,0,0,0,0,0,0,0,0,0,0,0,-4,-1,-5,-1,-5,0,-6,0,-6,0,-6,0,-7,1,-6,0,-7,0,-7,0,-7,1,-7,1,-8,1,-7,1,-7,1,-7,1,-7,1,-7,1,-8,1,-8,1,-8,1,-8,1,-7,1,-8,1,-8,1,-7,1,0,0,-7,1,-8,1,-7,1,-7,1,-7,0,-7,0,-7,0,-6,0,-6,0,-6,1,-6,0,-6,0,-6,0,-5,0,-5,1,-5,0,-5,0,-5,0,-5,0,-5,0,-5,1,-5,0,-5,0,-5,0,-5,-1,-5,-1,0,0,0,0,0,0,0,0,0,0,0,0,0,0,-13,-19,-12,-23,-14,-9,-18,-16,-19,-4,-25,-6,-27,-3,-31,-3,-32,-1,-28,-5,-38,-1,-31,-1,-36,3,-39,0,-39,0,-43,-2,-41,2,-40,1,-39,3,-37,3,-34,5,-39,-1,-41,4,-43,9,-37,6,-43,2,-39,4,-41,3,-42,5,-37,2,-38,4,-38,2,-36,-3,-39,1,-35,-2,-37,2,-35,-2,-35,1,-30,-6,-31,-1,-32,0,-26,0,-30,3,-28,-4,-26,1,-28,3,-26,-3,-29,3,-25,-2,-27,2,-28,1,-26,0,-28,0,-27,-2,-28,-7,-27,-8,-24,-7,0,0,0,0,0,0,0,0,0,0,0,0,0,0,0,0,0,0,0,0,0,0,-19,-27,-16,-27,-14,-38,-13,-40,-12,-42,-7,-40,-4,-41,-5,-49,-3,-53,2,-53,9,-59,14,-57,15,-66,20,-61,19,-61,21,-59,32,-63,31,-61,32,-62,41,-63,41,-61,50,-62,47,-60,49,-57,50,-53,53,-57,58,-50,59,-52,55,-51,56,-48,61,-46,58,-44,62,-43,63,-46,58,-44,56,-41,62,-42,57,-37,62,-38,59,-44,59,-34,58,-42,55,-39,56,-36,54,-37,56,-30,50,-29,55,-34,50,-27,50,-29,55,-26,55,-26,48,-20,44,-15,43,-15,38,-12,38,-16,0,0]"
CSI_DATA,164,1a:00:00:00:00:00,-48,11,1,0,1,1,1,0,0,0,1,-96,0,11,2,2432236,0,44,0,384,0,"[0,0,0,0,0,0,0,0,0,0,0,0,4,2,4,3,5,2,4,3,5,3,5,3,5,3,6,3,6,3,6,3,6,3,6,3,7,3,6,3,6,3,6,3,6,2,6,3,7,2,7,2,7,2,7,2,7,3,7,2,6,2,6,2,0,0,6,2,7,2,6,2,6,2,6,2,6,2,6,2,6,2,5,2,6,1,5,2,5,2,5,1,5,2,4,1,5,1,5,1,4,1,5,2,4,2,4,2,4,2,4,2,4,3,4,3,3,3,0,0,0,0,0,0,0,0,0,0,0,0,0,0,4,26,8,17,15,13,17,15,21,17,22,16,22,18,30,12,29,15,32,19,33,22,36,18,33,19,32,22,34,15,33,19,37,11,35,15,36,19,38,12,40,16,42,17,38,10,34,16,35,16,35,15,39,12,42,10,39,8,38,17,40,11,41,14,38,14,34,8,36,12,32,9,35,11,37,12,36,13,29,11,31,11,33,8,34,9,32,8,26,5,31,10,30,8,32,9,28,11,28,11,27,12,28,9,31,16,25,12,27,16,24,16,22,18,0,0,0,0,0,0,0,0,0,0,0,0,0,0,0,0,0,0,0,0,0,0,-13,25,-20,27,-23,30,-28,32,-28,30,-34,32,-40,27,-47,28,-46,30,-48,24,-53,27,-58,27,-60,20,-63,17,-61,15,-65,11,-70,13,-74,6,-71,7,-72,4,-71,-2,-78,-4,-74,-6,-75,-3,-71,-1,-76,-7,-75,-7,-72,-12,-76,-11,-75,-15,-74,-17,-67,-17,-70,-19,-65,-15,-67,-19,-69,-14,-68,-12,-67,-13,-67,-12,-66,-10,-65,-13,-67,-13,-64,-17,-63,-9,-60,-14,-65,-14,-59,-16,-62,-12,-50,-14,-59,-9,-56,-5,-47,-12,-46,-11,-48,-9,-38,-9,-35,-13,-36,-13,0,0]"
CSI_DATA,165,1a:00:00:00:00:00,-47,11,1,0,1,1,1,0,0,0,1,-96,0,11,2,2442817,0,44,0,384,0,"[0,0,0,0,0,0,0,0,0,0,0,0,0,5,0,5,0,6,0,6,0,6,0,7,0,7,0,7,0,7,0,7,1,7,1,7,1,7,1,7,0,7,1,7,1,7,1,7,2,7,1,7,1,7,1,7,1,8,2,7,2,6,2,7,0,0,2,7,2,7,2,7,2,7,2,6,2,7,1,6,1,6,1,7,2,6,1,6,1,6,1,5,1,5,1,6,1,5,1,5,1,5,1,5,1,5,0,6,0,5,0,5,0,5,0,5,-1,5,0,0,0,0,0,0,0,0,0,0,0,0,0,0,-13,12,-8,18,-11,26,-6,24,-6,26,-6,30,-4,28,-10,37,-3,38,-5,40,-7,40,-2,41,-8,41,-7,37,-3,43,-3,42,-3,47,-3,41,-4,44,0,42,0,44,-1,45,2,44,-1,41,-1,44,3,46,3,41,4,43,6,43,6,47,6,45,7,45,0,37,6,42,6,41,7,44,1,44,4,40,-2,42,2,41,1,40,3,35,2,40,4,40,5,38,0,35,0,36,1,33,1,38,0,38,-2,34,-3,33,-9,30,-5,30,-8,32,-9,30,-10,29,0,0,0,0,0,0,0,0,0,0,0,0,0,0,0,0,0,0,0,0,0,0,-34,-12,-32,-18,-33,-17,-32,-25,-35,-23,-40,-27,-34,-32,-36,-31,-34,-39,-32,-45,-34,-46,-40,-46,-37,-53,-36,-63,-34,-60,-25,-63,-24,-69,-21,-65,-20,-72,-15,-67,-13,-65,-11,-75,-15,-68,-10,-73,-9,-73,-12,-74,-9,-73,-7,-78,2,-68,-4,-74,-7,-67,-5,-72,-4,-71,-3,-63,-2,-70,-1,-68,-7,-59,-12,-64,-5,-66,-8,-66,-5,-67,-3,-59,-8,-60,-8,-59,-12,-60,-9,-50,-6,-55,-8,-55,-2,-56,-4,-49,-7,-46,-12,-47,-1,-39,-5,-34,-7,-38,-6,-29,-12,-30,0,0]"
CSI_DATA,166,1a:00:00:00:00:00,-46,11,1,0,1,1,1,0,0,0,1,-96,0,11,2,2452170,0,44,0,384,0,"[0,0,0,0,0,0,0,0,0,0,0,0,5,-3,5,-3,6,-3,6,-3,7,-3,6,-4,7,-4,7,-4,7,-4,7,-4,7,-4,7,-4,7,-5,7,-5,7,-5,7,-5,7,-5,6,-5,6,-5,6,-5,7,-5,7,-5,7,-5,6,-6,6,-6,6,-6,0,0,6,-6,7,-6,7,-6,6,-6,6,-5,6,-5,6,-5,6,-5,6,-5,6,-5,6,-5,6,-4,5,-4,5,-4,5,-4,5,-4,5,-4,5,-4,5,-3,5,-3,5,-3,5,-3,5,-3,5,-2,5,-2,5,-1,0,0,0,0,0,0,0,0,0,0,0,0,0,0,22,1,26,-1,30,-11,26,-8,34,-7,32,-10,35,-9,39,-12,39,-14,43,-16,43,-13,41,-15,42,-12,41,-15,44,-19,41,-20,42,-20,42,-20,42,-22,48,-23,42,-22,41,-20,41,-22,44,-26,40,-26,41,-27,41,-25,40,-22,42,-25,37,-23,43,-25,41,-25,38,-26,41,-22,40,-27,40,-24,40,-21,39,-19,37,-22,34,-18,36,-21,36,-19,34,-20,37,-16,38,-13,34,-15,36,-16,32,-14,33,-17,34,-13,34,-14,31,-12,32,-9,32,-7,34,-5,29,-5,31,-3,0,0,0,0,0,0,0,0,0,0,0,0,0,0,0,0,0,0,0,0,0,0,0,35,-3,31,-6,38,-10,37,-12,40,-14,42,-19,47,-22,44,-25,44,-31,46,-34,47,-37,50,-40,53,-42,49,-43,44,-48,45,-52,46,-52,46,-52,44,-59,47,-62,42,-63,37,-60,37,-55,34,-60,36,-65,34,-62,31,-62,31,-61,32,-63,29,-61,33,-63,28,-62,28,-59,29,-57,25,-56,24,-57,29,-56,31,-54,31,-53,30,-51,28,-50,31,-49,28,-49,27,-51,29,-44,34,-46,30,-44,24,-45,28,-44,26,-38,23,-35,23,-37,21,-29,24,-28,20,-24,20,-21,19,0,0]"
CSI_DATA,167,1a:00:00:00:00:00,-45,11,1,0,1,1,1,0,0,0,1,-96,0,11,2,2462149,0,44,0,384,0,"[0,0,0,0,0,0,0,0,0,0,0,0,-7,1,-7,1,-8,1,-8,1,-8,2,-9,2,-9,2,-8,2,-9,2,-9,2,-9,3,-9,2,-8,3,-9,3,-8,3,-8,3,-9,3,-9,3,-8,4,-9,4,-8,4,-9,4,-8,4,-8,4,-8,4,-9,4,0,0,-9,4,-9,4,-8,4,-8,4,-8,4,-9,4,-8,3,-8,3,-8,3,-8,3,-8,3,-7,2,-7,2,-7,2,-7,2,-7,2,-7,2,-6,2,-6,2,-6,1,-7,1,-6,1,-7,1,-6,0,-6,0,-6,0,0,0,0,0,0,0,0,0,0,0,0,0,0,0,-25,0,-29,0,-29,-2,-33,-1,-36,1,-41,3,-41,6,-43,3,-42,9,-43,9,-45,8,-50,10,-47,8,-47,11,-46,10,-45,14,-49,10,-48,13,-46,10,-50,11,-48,16,-46,14,-46,18,-48,16,-45,14,-46,15,-43,19,-49,17,-46,18,-49,19,-46,20,-47,13,-45,19,-48,20,-44,15,-44,13,-47,16,-44,15,-44,17,-43,13,-40,12,-41,10,-40,13,-37,10,-39,10,-37,6,-38,8,-41,5,-37,7,-34,3,-32,4,-34,6,-36,1,-29,0,-33,1,-31,-4,-30,-7,0,0,0,0,0,0,0,0,0,0,0,0,0,0,0,0,0,0,0,0,0,0,6,-35,8,-34,9,-38,16,-42,19,-39,22,-39,27,-40,27,-41,34,-41,35,-43,35,-41,40,-43,46,-43,47,-41,49,-43,51,-36,57,-39,52,-35,58,-39,61,-33,64,-33,64,-28,61,-27,62,-29,68,-29,61,-28,68,-26,65,-22,58,-22,64,-23,66,-20,62,-21,63,-20,59,-22,59,-18,60,-20,57,-21,54,-22,55,-21,54,-27,52,-21,48,-20,50,-19,49,-22,49,-22,45,-22,48,-26,41,-21,43,-22,37,-21,33,-20,34,-21,34,-22,23,-20,26,-16,22,-23,17,-18,0,0]"
CSI_DATA,168,1a:00:00:00:00:00,-44,11,1,0,1,1,1,0,0,0,1,-96,0,11,2,2472139,0,44,0,384,0,"[0,0,0,0,0,0,0,0,0,0,0,0,6,0,6,0,7,0,7,0,7,0,7,0,7,0,8,0,7,0,8,-1,8,0,8,-1,8,-1,8,-1,8,-1,8,-1,8,-2,7,-1,8,-2,7,-2,8,-2,8,-2,8,-2,8,-2,8,-2,8,-2,0,0,8,-2,8,-2,7,-2,7,-1,7,-2,7,-1,7,-1,7,-1,7,-1,7,-1,6,-1,6,-1,6,-1,6,-1,6,-1,6,-1,6,0,5,0,5,0,5,0,5,0,5,0,4,0,5,1,4,1,4,2,0,0,0,0,0,0,0,0,0,0,0,0,0,0,21,17,27,17,25,14,31,10,37,14,37,14,41,13,39,14,43,14,41,12,44,16,42,12,46,16,47,14,43,9,46,8,46,11,51,8,47,10,45,10,49,11,45,8,45,6,49,7,46,7,43,8,44,6,43,4,49,5,50,6,50,3,48,7,48,3,45,9,48,7,44,7,39,8,42,6,41,10,41,9,40,12,36,11,38,12,37,5,35,11,35,10,36,9,35,8,31,8,27,12,32,11,27,12,29,15,25,15,24,16,26,18,22,19,0,0,0,0,0,0,0,0,0,0,0,0,0,0,0,0,0,0,0,0,0,0,-20,29,-25,30,-28,27,-31,30,-34,29,-37,22,-43,23,-46,21,-54,20,-50,19,-53,21,-59,19,-62,19,-64,15,-65,12,-65,5,-71,8,-66,2,-69,2,-65,-3,-68,1,-74,-3,-71,-3,-67,-2,-66,-11,-73,-9,-69,-9,-69,-13,-69,-8,-68,-10,-63,-10,-63,-14,-63,-12,-63,-13,-62,-13,-63,-10,-59,-9,-55,-6,-56,-6,-59,-10,-58,-6,-55,-6,-51,-7,-51,-4,-47,-4,-53,-4,-49,-7,-45,0,-45,-2,-48,0,-43,4,-42,3,-40,4,-35,5,-31,10,-28,8,-26,12,0,0]"
CSI_DATA,169,1a:00:00:00:00:00,-44,11,1,0,1,1,1,0,0,0,1,-96,0,11,2,2482180,0,44,0,384,0,"[0,0,0,0,0,0,0,0,0,0,0,0,1,-7,0,-8,0,-8,0,-8,0,-8,0,-9,0,-9,0,-9,0,-9,0,-9,0,-9,0,-9,0,-9,0,-9,-1,-9,-1,-9,-1,-9,-1,-9,-1,-9,-2,-9,-1,-9,-2,-9,-2,-9,-1,-9,-1,-9,-2,-9,0,0,-2,-9,-1,-9,-1,-9,-1,-9,-1,-8,-2,-8,-1,-8,-1,-8,-1,-8,-1,-8,-1,-8,0,-7,0,-7,-1,-6,-1,-7,-1,-7,0,-7,0,-6,0,-6,0,-6,0,-6,0,-6,0,-6,1,-5,1,-5,1,-5,0,0,0,0,0,0,0,0,0,0,0,0,0,0,6,-25,3,-33,3,-37,-3,-34,-1,-37,-2,-39,-3,-43,-6,-44,-6,-45,-5,-48,-7,-50,-7,-50,-8,-44,-4,-47,-8,-48,-6,-48,-9,-51,-8,-45,-12,-44,-12,-49,-14,-46,-13,-50,-13,-44,-10,-45,-17,-49,-14,-43,-16,-50,-15,-50,-18,-46,-18,-44,-13,-44,-19,-45,-20,-44,-18,-45,-19,-44,-14,-44,-14,-44,-13,-41,-11,-43,-13,-36,-13,-41,-10,-40,-9,-40,-9,-34,-10,-35,-8,-34,-9,-34,-10,-35,-6,-31,-7,-32,-6,-29,-4,-33,-3,-32,-1,-33,0,-30,2,-28,6,-31,0,0,0,0,0,0,0,0,0,0,0,0,0,0,0,0,0,0,0,0,0,0,33,13,33,18,35,20,38,23,35,26,34,32,35,32,34,37,35,41,35,46,33,49,31,52,29,53,33,55,28,57,27,61,29,61,22,66,22,64,23,68,19,67,17,68,13,69,13,73,9,72,12,69,9,68,5,66,10,70,11,69,6,64,10,65,7,62,5,60,5,60,9,59,11,57,11,58,13,54,12,56,13,51,13,54,15,50,12,48,14,45,17,50,16,44,16,45,16,41,18,40,17,34,17,33,14,33,15,26,19,26,17,27,17,18,0,0]"
CSI_DATA,170,1a:00:00:00:00:00,-44,11,1,0,1,1,1,0,0,0,1,-96,0,11,2,2492150,0,44,0,384,0,"[0,0,0,0,0,0,0,0,0,0,0,0,-1,7,-1,7,0,7,0,7,-1,8,0,8,0,8,0,8,0,8,0,8,0,8,0,8,0,8,1,8,0,8,1,9,1,8,1,9,1,8,1,8,1,8,1,8,1,9,1,8,1,8,1,8,0,0,1,8,1,8,1,8,1,9,1,7,1,7,1,7,1,7,0,7,0,7,0,7,0,6,0,6,0,6,0,6,0,6,0,5,0,6,0,5,-1,5,-1,5,-1,5,-1,5,-2,5,-2,5,-2,4,0,0,0,0,0,0,0,0,0,0,0,0,0,0,-8,29,-6,30,-3,35,-4,38,0,38,-1,40,-1,45,-4,39,2,43,1,44,-1,43,2,44,1,46,4,46,5,46,4,48,5,51,6,48,7,47,8,47,10,46,7,44,10,45,10,44,9,47,9,46,11,46,10,46,11,46,13,44,11,48,10,44,8,43,10,46,13,43,7,44,7,45,6,44,6,40,11,42,4,42,7,37,2,33,7,36,4,35,4,38,2,36,1,34,4,33,0,33,2,31,-1,28,1,31,-4,30,-5,28,-6,27,-11,26,0,0,0,0,0,0,0,0,0,0,0,0,0,0,0,0,0,0,0,0,0,0,-35,-11,-38,-17,-39,-21,-40,-25,-36,-29,-36,-29,-38,-35,-37,-40,-36,-43,-35,-45,-38,-46,-39,-51,-38,-52,-34,-59,-31,-62,-31,-61,-28,-66,-25,-67,-25,-70,-20,-70,-18,-69,-14,-73,-17,-72,-13,-75,-15,-74,-15,-71,-15,-71,-10,-70,-7,-70,-9,-66,-9,-66,-10,-65,-6,-64,-9,-62,-6,-62,-7,-59,-13,-59,-13,-58,-11,-56,-11,-56,-12,-54,-12,-51,-18,-51,-15,-49,-15,-47,-9,-47,-16,-44,-15,-43,-18,-44,-19,-39,-18,-39,-17,-32,-18,-34,-18,-29,-21,-27,-17,-21,-23,-22,0,0]"
CSI_DATA,171,1a:00:00:00:00:00,-43,11,1,0,1,1,1,0,0,0,1,-96,0,11,2,2513294,0,44,0,384,0,"[0,0,0,0,0,0,0,0,0,0,0,0,-7,-2,-8,-2,-8,-2,-8,-3,-9,-2,-9,-2,-9,-2,-9,-2,-9,-2,-9,-2,-9,-2,-9,-2,-9,-2,-9,-1,-9,-1,-9,-1,-9,-1,-9,-1,-9,-1,-9,-1,-9,0,-9,0,-9,-1,-9,0,-9,0,-9,0,0,0,-9,0,-9,0,-9,0,-9,-1,-9,-1,-9,-1,-8,-1,-8,0,-8,-1,-8,-1,-7,-1,-7,-1,-7,-1,-7,-1,-6,-1,-6,-1,-7,-1,-6,-1,-6,-1,-6,-1,-6,-1,-6,-2,-6,-2,-6,-2,-5,-3,-5,-3,0,0,0,0,0,0,0,0,0,0,0,0,0,0,-27,-13,-28,-14,-31,-14,-35,-16,-39,-12,-39,-17,-41,-14,-44,-15,-45,-15,-44,-14,-44,-12,-45,-18,-47,-15,-45,-11,-44,-11,-44,-10,-49,-10,-46,-6,-48,-9,-48,-8,-47,-5,-49,-7,-48,-3,-48,-9,-42,-6,-50,-3,-48,-7,-45,-4,-48,-6,-49,-4,-46,-3,-46,-5,-45,-7,-47,-4,-45,-5,-44,-4,-43,-5,-44,-4,-40,-6,-44,-6,-38,-7,-38,-8,-38,-5,-35,-4,-36,-6,-36,-9,-35,-7,-38,-8,-30,-8,-32,-10,-32,-7,-30,-9,-29,-10,-27,-12,-26,-13,-24,-13,-27,-17,0,0,0,0,0,0,0,0,0,0,0,0,0,0,0,0,0,0,0,0,0,0,25,-32,31,-27,32,-31,36,-29,39,-28,42,-25,47,-26,51,-24,53,-21,59,-22,58,-21,62,-15,64,-16,66,-13,70,-8,70,-3,71,-3,68,-2,68,-1,74,4,75,8,69,7,75,7,72,5,69,12,73,8,68,10,71,14,65,15,65,11,62,9,66,15,63,15,59,16,58,13,56,12,62,13,59,10,56,7,54,8,53,4,51,5,50,1,50,1,49,-1,49,4,49,-1,43,0,45,-5,41,-2,37,-4,39,-7,35,-6,33,-9,28,-9,26,-11,27,-11,0,0]"
CSI_DATA,172,1a:00:00:00:00:00,-43,11,1,0,1,1,1,0,0,0,1,-96,0,11,2,2522161,0,44,0,384,0,"[0,0,0,0,0,0,0,0,0,0,0,0,5,3,5,3,6,3,6,3,6,3,6,3,6,4,6,4,6,4,7,3,7,3,7,3,7,3,7,3,7,3,7,3,7,3,7,3,7,2,7,2,7,2,7,2,7,2,7,2,7,2,7,2,0,0,7,2,7,2,7,2,7,2,7,2,7,2,7,2,6,2,6,3,6,2,5,2,5,2,5,2,5,2,5,2,5,2,5,2,4,2,4,2,4,2,4,2,4,3,4,2,3,3,3,3,2,3,0,0,0,0,0,0,0,0,0,0,0,0,0,0,20,22,22,25,27,23,27,22,27,26,26,26,31,27,35,27,33,28,33,25,34,26,36,24,35,28,36,27,35,26,38,27,37,24,39,24,40,23,39,22,40,24,42,24,41,19,43,24,41,21,39,21,43,17,46,20,43,22,45,19,41,20,40,16,41,17,38,22,39,19,39,20,39,21,37,19,38,19,33,19,34,21,31,19,31,19,29,18,29,20,32,17,29,17,27,17,24,21,23,17,23,17,24,19,25,17,22,20,19,22,16,21,17,23,0,0,0,0,0,0,0,0,0,0,0,0,0,0,0,0,0,0,0,0,0,0,-33,20,-36,22,-40,14,-44,14,-49,14,-53,13,-51,9,-58,7,-56,2,-58,2,-64,-2,-64,-5,-68,-4,-66,-10,-66,-12,-67,-17,-70,-17,-69,-23,-69,-22,-67,-25,-66,-26,-69,-31,-67,-32,-66,-33,-66,-32,-65,-36,-60,-37,-62,-35,-60,-37,-59,-34,-53,-33,-58,-33,-58,-33,-55,-30,-51,-28,-55,-32,-54,-27,-50,-28,-47,-27,-52,-28,-48,-23,-45,-22,-46,-19,-49,-19,-43,-16,-44,-15,-42,-13,-45,-16,-42,-13,-41,-12,-37,-11,-36,-8,-34,-5,-31,-3,-29,-2,-29,6,-26,5,0,0]"
CSI_DATA,173,1a:00:00:00:00:00,-43,11,1,0,1,1,1,0,0,0,1,-96,0,11,2,2533241,0,44,0,384,0,"[0,0,0,0,0,0,0,0,0,0,0,0,-7,-1,-8,-1,-8,-1,-8,0,-9,0,-9,0,-8,-1,-8,0,-9,0,-9,0,-9,0,-9,0,-9,0,-9,0,-9,0,-8,1,-8,1,-8,1,-9,1,-9,1,-9,1,-9,1,-8,1,-9,2,-9,1,-8,1,0,0,-8,1,-9,1,-9,1,-8,1,-8,1,-8,1,-8,1,-8,1,-7,1,-7,1,-7,1,-7,0,-7,0,-7,0,-6,0,-6,0,-6,0,-6,0,-6,0,-6,0,-6,0,-6,-1,-6,-1,-6,-1,-5,-1,-5,-2,0,0,0,0,0,0,0,0,0,0,0,0,0,0,-29,-9,-32,-5,-36,-4,-35,-3,-38,-3,-41,-4,-38,0,-44,1,-42,-2,-48,0,-42,0,-44,2,-47,2,-46,0,-46,-2,-45,2,-46,0,-49,4,-45,6,-46,7,-49,9,-46,9,-49,9,-42,7,-47,7,-50,9,-44,5,-47,11,-48,8,-44,9,-43,9,-45,12,-44,12,-44,9,-41,9,-43,8,-43,8,-45,12,-43,10,-40,10,-41,5,-42,5,-36,2,-35,5,-35,3,-33,4,-33,5,-32,6,-33,-1,-30,3,-32,4,-35,1,-30,0,-27,-3,-32,-4,-30,-7,-29,-6,0,0,0,0,0,0,0,0,0,0,0,0,0,0,0,0,0,0,0,0,0,0,14,-35,21,-39,20,-36,26,-40,30,-38,33,-39,33,-38,39,-36,45,-38,44,-33,53,-36,55,-31,57,-30,59,-31,64,-30,61,-26,69,-30,66,-24,69,-24,65,-22,69,-19,72,-19,69,-15,71,-13,68,-11,68,-11,69,-9,70,-9,68,-9,72,-10,65,-8,66,-7,60,-8,61,-6,59,-7,57,-11,58,-9,55,-10,54,-8,53,-12,56,-10,48,-13,50,-13,49,-13,47,-14,39,-15,43,-15,41,-16,40,-17,34,-13,37,-15,33,-15,31,-16,26,-17,24,-14,21,-18,17,-22,0,0]"
CSI_DATA,174,1a:00:00:00:00:00,-44,11,1,0,1,1,1,0,0,0,1,-96,0,11,2,2542330,0,44,0,384,0,"[0,0,0,0,0,0,0,0,0,0,0,0,6,-1,7,-1,7,-1,7,-1,7,-1,7,-1,7,-1,8,-1,8,-1,8,-1,8,-1,8,-1,8,-2,8,-2,8,-2,8,-2,8,-2,7,-2,8,-2,8,-2,8,-2,8,-2,7,-2,8,-3,8,-3,8,-2,0,0,8,-2,8,-2,8,-3,7,-2,7,-2,7,-2,7,-1,7,-2,7,-2,6,-1,6,-1,6,-1,6,-1,6,-1,5,-1,5,-1,5,-1,5,-1,5,-1,5,0,5,0,5,0,5,0,5,0,4,1,4,1,0,0,0,0,0,0,0,0,0,0,0,0,0,0,26,11,26,11,31,11,34,10,36,12,39,9,39,8,41,9,42,8,44,10,44,5,48,11,45,12,42,5,45,3,43,4,46,4,47,2,48,3,46,4,47,3,45,2,47,5,48,1,44,-1,51,0,47,-2,48,-4,44,-3,49,-1,46,-1,47,-3,42,1,45,0,46,1,44,1,43,1,42,3,42,2,40,1,40,1,35,0,38,3,36,-1,36,3,33,4,34,5,33,4,31,4,32,8,32,4,30,8,29,10,30,10,25,13,26,13,24,13,0,0,0,0,0,0,0,0,0,0,0,0,0,0,0,0,0,0,0,0,0,0,-16,35,-22,37,-26,37,-29,38,-35,37,-41,34,-41,33,-42,35,-53,31,-49,31,-55,32,-62,31,-61,35,-64,26,-68,24,-68,16,-74,18,-72,17,-73,17,-73,9,-70,8,-76,9,-74,2,-77,9,-75,6,-73,2,-75,2,-72,-1,-72,-1,-72,-3,-66,-4,-70,-3,-68,-3,-66,-3,-63,-4,-64,-6,-63,-3,-63,3,-57,2,-61,4,-60,1,-52,2,-56,2,-51,9,-48,8,-50,5,-47,6,-44,8,-46,11,-39,8,-35,11,-40,7,-35,11,-27,10,-30,13,-27,14,-24,15,0,0]"
CSI_DATA,175,1a:00:00:00:00:00,-44,11,1,0,1,1,1,0,0,0,1,-96,0,11,2,2552527,0,44,0,384,0,"[0,0,0,0,0,0,0,0,0,0,0,0,-7,0,-8,1,-8,1,-8,1,-8,1,-8,1,-8,1,-8,1,-8,1,-8,1,-8,1,-8,1,-8,2,-9,2,-8,2,-8,2,-8,2,-8,2,-8,3,-8,2,-8,3,-8,3,-8,3,-8,3,-8,3,-8,3,0,0,-8,3,-8,2,-8,3,-8,2,-8,2,-8,2,-8,2,-8,2,-7,2,-7,2,-7,1,-7,1,-7,1,-7,2,-7,1,-6,1,-6,1,-6,1,-6,1,-6,1,-6,1,-6,0,-6,0,-6,-1,-6,-1,-5,-1,0,0,0,0,0,0,0,0,0,0,0,0,0,0,-28,-9,-31,-9,-31,-4,-35,-4,-37,0,-41,-4,-45,-4,-42,-1,-42,-1,-43,-1,-46,-4,-45,2,-48,2,-47,0,-45,-1,-46,3,-44,2,-44,7,-44,6,-43,6,-47,7,-44,6,-44,6,-46,8,-44,11,-43,8,-43,12,-48,14,-45,11,-44,10,-47,11,-44,10,-44,10,-41,14,-40,10,-41,9,-45,12,-42,8,-40,10,-41,7,-40,9,-39,6,-36,6,-35,8,-32,4,-33,4,-34,7,-38,3,-33,2,-31,6,-33,3,-31,2,-31,1,-31,-3,-32,-6,-30,-5,-27,-10,0,0,0,0,0,0,0,0,0,0,0,0,0,0,0,0,0,0,0,0,0,0,16,-37,16,-36,24,-38,28,-40,32,-39,34,-37,38,-36,38,-38,45,-36,48,-37,55,-34,53,-37,56,-33,58,-32,62,-30,68,-30,66,-25,72,-23,66,-19,69,-22,70,-20,74,-15,75,-15,71,-15,73,-16,74,-15,68,-8,71,-9,69,-4,65,-7,69,-7,66,-7,67,-6,63,-9,62,-7,62,-8,60,-8,57,-10,56,-10,57,-8,54,-12,56,-13,51,-11,49,-13,47,-12,48,-12,43,-12,41,-17,44,-15,40,-18,33,-13,33,-17,31,-16,28,-16,30,-17,18,-20,19,-18,0,0]"
CSI_DATA,176,1a:00:00:00:00:00,-44,11,1,0,1,1,1,0,0,0,1,-96,0,11,2,2562305,0,44,0,384,0,"[0,0,0,0,0,0,0,0,0,0,0,0,6,2,6,2,6,2,7,2,7,2,7,3,7,2,7,2,7,2,7,2,7,2,7,2,7,1,7,2,7,1,7,2,7,1,7,1,7,1,8,1,7,1,8,1,7,1,8,1,8,1,7,1,0,0,8,1,7,1,8,1,7,1,7,1,7,1,7,1,7,1,6,1,6,1,6,1,6,1,6,1,6,1,5,1,5,1,5,1,5,2,5,1,5,1,4,2,4,2,4,2,4,2,4,3,3,3,0,0,0,0,0,0,0,0,0,0,0,0,0,0,19,17,23,19,27,23,27,20,29,18,30,22,30,23,34,20,33,19,35,23,36,17,40,19,39,20,40,17,40,18,40,22,42,17,41,18,42,17,38,17,43,17,39,16,44,14,42,11,40,10,41,10,40,12,42,13,39,9,43,14,42,15,44,13,38,10,41,13,38,13,41,14,42,9,40,12,34,12,36,15,33,14,34,15,30,12,28,17,33,14,30,12,32,12,31,13,28,16,25,15,31,14,28,16,26,19,21,13,21,19,18,20,19,22,0,0,0,0,0,0,0,0,0,0,0,0,0,0,0,0,0,0,0,0,0,0,-26,26,-30,30,-33,28,-41,28,-41,27,-47,26,-49,23,-51,21,-55,22,-54,20,-62,13,-63,13,-66,13,-72,7,-72,6,-69,-1,-76,-1,-73,-4,-77,-3,-75,-10,-74,-7,-77,-10,-71,-12,-73,-17,-71,-21,-71,-21,-71,-23,-73,-21,-63,-19,-69,-22,-65,-22,-65,-19,-65,-22,-64,-20,-60,-18,-62,-18,-58,-15,-56,-16,-55,-19,-56,-18,-58,-13,-51,-11,-53,-14,-51,-9,-52,-11,-45,-8,-45,-7,-46,-6,-42,-4,-40,-5,-39,-3,-38,-4,-37,-2,-33,2,-31,2,-32,5,-26,8,0,0]"
CSI_DATA,177,1a:00:00:00:00:00,-44,11,1,0,1,1,1,0,0,0,1,-96,0,11,2,2572643,0,44,0,384,0,"[0,0,0,0,0,0,0,0,0,0,0,0,3,5,3,5,4,5,4,5,4,5,4,5,4,5,4,5,4,5,5,5,4,6,4,5,5,5,4,5,5,5,5,5,5,5,5,5,5,4,5,4,5,4,6,4,5,5,6,4,6,4,5,5,0,0,5,5,5,4,5,4,5,5,5,4,5,4,5,4,5,4,5,4,4,5,4,4,4,4,4,4,4,4,3,4,3,4,4,4,3,4,3,4,3,4,3,4,3,4,2,4,2,4,1,4,1,4,0,0,0,0,0,0,0,0,0,0,0,0,0,0,12,27,16,21,22,24,20,23,23,25,26,26,27,25,27,28,29,27,28,26,33,28,33,28,34,30,32,27,32,31,33,26,34,25,35,25,34,22,38,21,37,22,31,22,35,23,35,23,36,23,39,23,35,22,39,17,38,23,38,22,40,20,43,23,36,22,35,21,38,21,34,21,34,21,32,22,33,21,33,18,30,17,30,20,30,18,30,18,29,22,31,19,26,17,28,17,25,18,25,21,23,19,21,17,22,21,21,25,19,21,15,23,16,25,0,0,0,0,0,0,0,0,0,0,0,0,0,0,0,0,0,0,0,0,0,0,-36,20,-36,18,-41,15,-46,12,-45,8,-54,7,-54,4,-53,3,-58,1,-60,-4,-63,-5,-65,-10,-67,-10,-70,-14,-68,-18,-68,-22,-70,-24,-65,-29,-70,-27,-67,-33,-70,-33,-66,-34,-65,-38,-66,-39,-63,-37,-63,-38,-63,-37,-60,-40,-57,-39,-59,-43,-56,-39,-56,-41,-53,-36,-52,-37,-48,-36,-50,-33,-52,-34,-51,-30,-50,-30,-53,-30,-50,-32,-44,-28,-50,-24,-46,-24,-43,-26,-48,-19,-42,-18,-43,-17,-40,-17,-39,-18,-39,-15,-38,-13,-39,-13,-33,-8,-32,-5,-30,-5,-30,-2,0,0]"
CSI_DATA,178,1a:00:00:00:00:00,-44,11,1,0,1,1,1,0,0,0,1,-96,0,11,2,2583050,0,44,0,384,0,"[0,0,0,0,0,0,0,0,0,0,0,0,-7,-3,-7,-2,-7,-2,-8,-3,-8,-3,-8,-3,-8,-2,-8,-2,-8,-2,-8,-2,-8,-2,-8,-2,-8,-2,-8,-2,-8,-2,-8,-2,-8,-2,-8,-1,-8,-1,-9,-1,-8,-1,-8,-1,-8,-1,-9,-1,-8,-1,-8,-1,0,0,-8,-1,-8,-1,-8,-1,-8,-1,-8,-1,-8,-1,-8,-1,-8,-1,-7,-2,-7,-1,-7,-1,-7,-2,-7,-2,-7,-2,-6,-1,-6,-2,-6,-2,-6,-2,-6,-2,-6,-2,-5,-2,-6,-2,-5,-3,-5,-3,-5,-3,-4,-3,0,0,0,0,0,0,0,0,0,0,0,0,0,0,-24,-13,-26,-13,-31,-11,-29,-10,-34,-12,-38,-13,-36,-10,-41,-11,-39,-11,-42,-7,-44,-9,-43,-8,-43,-10,-42,-6,-43,-9,-40,-5,-43,-9,-38,-8,-42,-5,-40,-5,-45,-5,-43,-5,-42,-2,-43,-1,-43,-2,-44,-1,-45,-2,-44,-1,-41,-1,-44,2,-45,0,-45,1,-43,-1,-44,0,-43,-3,-41,-2,-41,1,-43,2,-39,-2,-39,2,-37,-3,-36,-4,-34,-2,-33,-5,-34,-1,-32,-3,-35,-4,-34,-2,-32,-7,-32,-7,-29,-4,-28,-7,-30,-6,-26,-8,-29,-11,-26,-11,-22,-17,0,0,0,0,0,0,0,0,0,0,0,0,0,0,0,0,0,0,0,0,0,0,17,-34,25,-36,28,-33,33,-34,33,-33,38,-34,43,-33,43,-31,49,-29,50,-29,54,-28,60,-26,63,-27,65,-22,69,-20,67,-18,71,-16,72,-13,73,-12,78,-10,73,-4,72,-7,75,-1,73,-1,72,-1,73,1,70,4,68,4,70,5,67,7,66,7,67,8,68,6,62,6,64,6,61,3,57,3,59,1,56,1,60,1,53,1,50,1,52,0,52,-4,49,-5,49,-4,47,-5,44,-2,43,-7,40,-5,40,-8,34,-10,35,-9,29,-11,28,-14,25,-10,22,-15,0,0]"
CSI_DATA,179,1a:00:00:00:00:00,-44,11,1,0,1,1,1,0,0,0,1,-96,0,11,2,2606269,0,44,0,384,0,"[0,0,0,0,0,0,0,0,0,0,0,0,6,1,7,0,7,0,7,0,7,0,7,1,7,0,7,0,7,0,8,0,8,1,8,0,8,0,7,0,8,0,7,0,7,0,7,-1,8,-1,8,-1,7,-1,7,-1,7,-1,8,-1,8,-1,8,-1,0,0,7,-1,8,-1,7,-1,7,-1,7,-1,7,-1,7,-1,7,-1,6,0,6,0,6,0,6,0,6,0,6,0,6,0,5,0,5,0,5,0,5,0,5,0,5,0,5,1,5,1,4,1,4,1,4,2,0,0,0,0,0,0,0,0,0,0,0,0,0,0,27,8,30,9,37,4,35,2,39,1,36,4,41,1,42,5,44,3,44,2,41,2,45,1,43,1,46,0,45,4,44,-2,46,-1,45,-3,44,1,44,-1,47,-6,42,-4,44,-4,45,-10,43,-8,45,-8,43,-7,47,-10,41,-8,43,-10,42,-5,42,-8,44,-9,42,-9,41,-6,42,-7,44,-6,39,-8,40,-9,37,-6,38,-4,32,-3,35,-4,32,-6,31,-4,31,-1,30,-3,35,-1,32,-2,29,1,28,0,31,0,30,-1,28,8,26,3,26,6,27,11,0,0,0,0,0,0,0,0,0,0,0,0,0,0,0,0,0,0,0,0,0,0,-15,38,-20,38,-21,37,-28,41,-30,38,-33,37,-39,38,-42,40,-46,41,-47,36,-52,37,-57,35,-60,39,-64,32,-65,30,-67,28,-74,25,-67,22,-71,23,-74,20,-76,19,-76,19,-76,13,-79,11,-76,10,-73,6,-74,9,-72,5,-71,3,-73,2,-67,1,-71,3,-65,4,-67,5,-64,7,-63,6,-61,4,-61,8,-61,5,-58,7,-55,12,-54,9,-54,11,-51,8,-51,11,-51,15,-46,11,-45,10,-46,12,-43,12,-39,11,-38,12,-34,15,-31,16,-30,11,-24,19,-20,16,0,0]"
CSI_DATA,180,1a:00:00:00:00:00,-44,11,1,0,1,1,1,0,0,0,1,-96,0,11,2,2612162,0,44,0,384,0,"[0,0,0,0,0,0,0,0,0,0,0,0,-2,6,-2,7,-2,7,-2,7,-2,7,-2,8,-2,8,-2,8,-2,8,-2,8,-2,8,-2,8,-2,8,-2,7,-2,7,-1,8,-1,8,-1,8,-1,8,-1,8,-1,7,-1,8,-1,8,-1,8,-1,8,0,8,0,0,0,8,-1,7,-1,7,-1,8,-1,7,-1,7,-1,7,-1,6,-1,7,-1,7,-1,7,-1,6,-1,6,-1,5,-1,6,-1,6,-1,5,-1,5,-1,5,-2,5,-2,5,-2,5,-2,4,-2,4,-3,4,-3,4,0,0,0,0,0,0,0,0,0,0,0,0,0,0,-17,28,-7,29,-3,33,-5,32,-5,35,-7,38,-5,41,-5,44,-5,40,-5,44,-5,45,-6,45,-5,45,-6,44,-2,43,0,41,-2,45,0,45,-2,45,-1,43,1,46,5,43,1,44,5,43,2,42,5,45,3,42,6,43,3,42,4,44,6,45,3,44,4,44,7,43,6,37,2,39,4,39,1,42,3,37,4,40,-2,38,1,35,1,35,1,36,3,32,2,36,4,33,-1,32,-1,33,-1,31,2,29,-2,30,-4,31,-5,28,-6,25,-8,26,-12,25,0,0,0,0,0,0,0,0,0,0,0,0,0,0,0,0,0,0,0,0,0,0,-34,-17,-36,-20,-37,-24,-37,-32,-36,-31,-36,-38,-36,-39,-35,-46,-37,-50,-31,-52,-32,-53,-34,-57,-31,-61,-30,-63,-30,-66,-26,-69,-26,-71,-20,-67,-16,-71,-12,-74,-15,-74,-12,-78,-9,-75,-5,-79,-2,-72,-4,-76,-6,-75,-3,-74,0,-71,-3,-69,-1,-67,0,-68,1,-65,-2,-64,0,-65,-2,-62,-4,-59,-4,-58,0,-57,-4,-58,-6,-59,-8,-55,-9,-52,-8,-52,-7,-48,-11,-50,-8,-46,-13,-47,-9,-45,-9,-40,-10,-38,-13,-35,-11,-37,-14,-29,-16,-28,-16,-23,-19,-26,0,0]"
CSI_DATA,181,1a:00:00:00:00:00,-44,11,1,0,1,1,1,0,0,0,1,-96,0,11,2,2622456,0,44,0,384,0,"[0,0,0,0,0,0,0,0,0,0,0,0,3,5,3,5,3,6,3,6,3,6,4,6,3,6,3,6,3,6,4,6,4,6,4,6,4,6,4,6,4,5,4,6,4,5,5,6,4,5,4,5,4,5,5,5,5,5,5,5,5,5,5,5,0,0,5,6,5,5,4,5,4,5,4,4,4,5,4,5,3,5,3,5,3,5,3,5,3,4,3,4,3,4,3,4,2,4,3,4,2,4,2,4,2,4,2,4,2,4,2,4,1,4,1,4,0,4,0,0,0,0,0,0,0,0,0,0,0,0,0,0,4,28,6,27,9,31,9,36,12,35,12,39,14,36,18,36,17,36,17,40,16,38,16,35,18,39,20,40,20,40,21,38,20,38,22,40,22,42,20,36,26,38,23,37,26,36,26,36,25,34,22,35,25,34,23,35,24,36,27,34,27,37,24,37,23,33,21,36,24,37,23,33,21,35,20,32,16,34,17,33,15,32,18,32,20,33,13,30,16,28,14,28,14,28,12,27,13,27,12,25,13,30,10,23,9,30,6,28,4,26,4,27,0,27,0,0,0,0,0,0,0,0,0,0,0,0,0,0,0,0,0,0,0,0,0,0,-34,9,-41,9,-43,7,-47,0,-49,2,-48,-5,-51,-8,-57,-8,-59,-14,-59,-15,-59,-19,-60,-19,-63,-24,-63,-32,-66,-33,-60,-34,-63,-42,-56,-44,-60,-44,-60,-49,-59,-46,-57,-49,-54,-51,-54,-48,-50,-54,-49,-55,-49,-55,-49,-54,-44,-55,-46,-60,-41,-54,-39,-60,-38,-50,-43,-50,-43,-51,-39,-49,-34,-45,-40,-48,-39,-42,-38,-47,-36,-44,-36,-36,-36,-41,-33,-41,-36,-37,-36,-33,-33,-32,-31,-31,-36,-32,-34,-30,-30,-24,-31,-22,-26,-20,-28,-20,-24,-16,-25,-7,-23,-7,0,0]"
CSI_DATA,182,1a:00:00:00:00:00,-45,11,1,0,1,1,1,0,0,0,1,-96,0,11,2,2633200,0,44,0,384,0,"[0,0,0,0,0,0,0,0,0,0,0,0,5,2,6,2,6,2,6,2,7,2,6,2,7,2,7,2,7,2,7,2,7,2,7,2,7,2,7,2,7,2,7,2,7,1,7,1,7,1,7,1,7,1,8,1,7,1,8,1,8,1,7,1,0,0,7,1,7,1,7,1,7,1,7,1,7,1,7,1,6,1,6,1,6,1,5,1,5,2,6,1,5,1,5,2,5,1,5,1,5,1,5,1,4,2,4,2,4,2,4,2,3,2,3,2,3,3,0,0,0,0,0,0,0,0,0,0,0,0,0,0,21,11,24,10,28,11,28,11,33,10,37,13,41,12,35,14,39,10,40,14,43,8,43,9,44,12,43,11,46,11,45,12,44,9,43,7,41,9,43,5,43,5,44,6,42,4,42,5,43,3,43,7,39,4,43,2,42,2,44,1,45,2,47,2,43,4,42,0,41,1,37,2,41,4,36,6,36,2,38,4,36,4,34,4,35,5,34,4,32,5,35,2,31,4,31,5,26,7,27,8,29,9,32,8,27,7,25,10,22,10,25,12,23,14,0,0,0,0,0,0,0,0,0,0,0,0,0,0,0,0,0,0,0,0,0,0,-19,33,-24,35,-27,33,-34,35,-36,36,-43,31,-44,33,-51,29,-48,30,-50,27,-57,29,-65,24,-63,29,-66,23,-72,20,-71,16,-73,17,-70,12,-74,13,-76,5,-76,4,-78,3,-73,2,-75,1,-70,-3,-75,-3,-73,-2,-73,-5,-70,-4,-72,-6,-69,-5,-66,-7,-66,-9,-65,-6,-65,-6,-63,-8,-57,-3,-59,-5,-59,-1,-60,-4,-54,0,-53,-6,-56,2,-52,0,-51,0,-50,-2,-47,-4,-44,4,-47,-1,-43,3,-40,4,-36,8,-35,7,-28,7,-27,8,-27,9,-25,16,0,0]"
CSI_DATA,183,1a:00:00:00:00:00,-45,11,1,0,1,1,1,0,0,0,1,-96,0,11,2,2655491,0,44,0,384,0,"[0,0,0,0,0,0,0,0,0,0,0,0,-6,3,-6,3,-6,3,-7,3,-7,4,-7,3,-7,3,-7,4,-7,4,-7,4,-7,4,-7,4,-7,4,-7,4,-7,4,-7,5,-6,5,-6,5,-7,5,-7,5,-7,5,-6,5,-7,5,-6,5,-6,5,-6,5,0,0,-6,5,-7,5,-7,5,-6,5,-6,4,-6,4,-6,4,-6,4,-6,4,-6,4,-5,3,-6,3,-5,3,-5,3,-5,3,-5,3,-5,3,-5,2,-5,2,-5,2,-5,2,-5,2,-5,2,-5,2,-5,1,-5,1,0,0,0,0,0,0,0,0,0,0,0,0,0,0,-30,0,-27,4,-30,7,-33,10,-32,13,-35,14,-34,17,-35,18,-35,16,-38,21,-39,18,-42,17,-42,19,-37,17,-37,21,-40,23,-43,23,-38,26,-42,22,-35,24,-42,23,-38,23,-36,25,-38,25,-34,23,-37,26,-37,24,-38,28,-33,26,-33,27,-35,26,-38,24,-35,24,-36,26,-36,27,-35,19,-37,21,-36,19,-33,21,-33,19,-31,19,-31,18,-30,16,-28,17,-31,18,-28,14,-28,15,-27,13,-27,13,-27,12,-29,14,-28,13,-29,8,-29,8,-24,7,-26,5,-25,1,0,0,0,0,0,0,0,0,0,0,0,0,0,0,0,0,0,0,0,0,0,0,-8,-40,-7,-45,-5,-45,-2,-48,3,-45,7,-50,9,-54,14,-56,17,-54,18,-57,22,-63,24,-63,27,-62,28,-62,35,-68,38,-60,44,-61,45,-55,46,-58,52,-55,52,-49,54,-55,51,-50,51,-50,55,-52,53,-50,55,-48,56,-51,57,-48,54,-48,52,-41,58,-42,54,-40,54,-43,52,-41,52,-40,49,-37,45,-41,49,-39,44,-42,45,-42,42,-37,41,-37,42,-41,40,-36,34,-31,34,-32,35,-34,38,-34,30,-38,28,-31,27,-31,28,-29,20,-27,16,-25,17,-25,8,-22,0,0]"
CSI_DATA,184,1a:00:00:00:00:00,-45,11,1,0,1,1,1,0,0,0,1,-96,0,11,2,2662418,0,44,0,384,0,"[0,0,0,0,0,0,0,0,0,0,0,0,-3,5,-3,5,-3,5,-3,6,-3,6,-3,6,-3,6,-3,7,-3,7,-3,6,-3,7,-3,7,-3,6,-3,7,-3,6,-3,7,-2,7,-2,7,-2,7,-2,7,-2,7,-2,7,-2,7,-2,7,-2,7,-2,7,0,0,-2,7,-2,7,-2,7,-2,7,-2,6,-2,6,-2,6,-2,6,-2,6,-2,6,-2,6,-2,5,-2,5,-2,5,-2,5,-2,5,-2,5,-2,5,-2,4,-2,4,-2,4,-2,4,-3,4,-3,3,-3,3,-3,3,0,0,0,0,0,0,0,0,0,0,0,0,0,0,-19,14,-15,19,-19,25,-19,24,-20,27,-17,29,-19,33,-15,32,-19,37,-20,39,-18,39,-19,39,-19,41,-18,40,-17,39,-16,41,-21,41,-15,41,-20,42,-14,42,-15,43,-14,40,-13,42,-14,39,-13,37,-9,40,-13,45,-10,42,-12,43,-12,40,-10,43,-9,40,-13,42,-18,42,-15,39,-16,40,-17,42,-15,39,-15,33,-15,35,-10,38,-15,32,-13,29,-13,31,-14,31,-18,33,-15,31,-16,28,-13,25,-15,27,-16,29,-17,26,-15,22,-19,20,-17,23,-17,21,-17,19,0,0,0,0,0,0,0,0,0,0,0,0,0,0,0,0,0,0,0,0,0,0,-30,-27,-28,-35,-28,-37,-23,-40,-26,-44,-26,-45,-20,-50,-21,-55,-15,-56,-17,-57,-16,-60,-15,-64,-11,-66,-8,-70,-6,-72,-2,-72,0,-76,1,-72,8,-74,9,-73,11,-75,16,-76,14,-76,15,-76,16,-72,19,-74,16,-68,21,-71,22,-72,20,-68,23,-68,22,-69,19,-62,21,-63,21,-64,17,-62,17,-64,16,-66,16,-59,13,-59,14,-56,18,-57,13,-51,14,-60,11,-48,12,-50,10,-49,9,-51,9,-49,12,-50,4,-42,8,-42,2,-42,1,-35,2,-33,-2,-33,-2,-27,0,0]"
CSI_DATA,185,1a:00:00:00:00:00,-46,11,1,0,1,1,1,0,0,0,1,-96,0,11,2,2673000,0,44,0,384,0,"[0,0,0,0,0,0,0,0,0,0,0,0,-6,1,-6,1,-7,1,-7,2,-7,2,-7,2,-7,2,-7,2,-8,2,-8,2,-8,2,-8,2,-8,2,-8,3,-7,3,-7,3,-7,3,-7,3,-7,3,-7,4,-7,4,-7,4,-7,3,-7,4,-7,3,-7,3,0,0,-7,4,-7,4,-7,4,-7,3,-7,3,-7,3,-7,3,-6,3,-6,3,-6,3,-6,3,-6,2,-6,2,-6,2,-6,2,-6,2,-6,2,-5,2,-5,2,-5,1,-5,1,-5,1,-5,1,-5,0,-5,0,-5,0,0,0,0,0,0,0,0,0,0,0,0,0,0,0,-29,-3,-25,4,-26,5,-26,10,-34,10,-31,12,-31,15,-35,14,-33,20,-34,20,-37,20,-39,19,-38,18,-37,22,-39,18,-34,19,-39,19,-36,21,-40,23,-39,26,-35,26,-36,26,-36,27,-36,27,-34,25,-33,28,-36,26,-31,31,-37,27,-36,26,-30,28,-35,28,-34,24,-34,24,-31,27,-34,24,-34,25,-37,27,-31,19,-32,23,-30,23,-30,23,-30,18,-30,17,-29,19,-27,17,-26,17,-27,17,-24,17,-23,17,-24,15,-29,15,-24,17,-27,7,-27,11,-31,7,-26,5,0,0,0,0,0,0,0,0,0,0,0,0,0,0,0,0,0,0,0,0,0,0,-2,-40,-3,-39,2,-43,8,-48,9,-48,14,-47,18,-50,19,-52,25,-52,24,-54,27,-55,32,-57,35,-58,38,-56,43,-55,47,-56,51,-54,50,-50,49,-51,54,-52,57,-50,55,-49,59,-44,63,-44,59,-44,58,-47,63,-41,61,-40,59,-38,59,-41,60,-39,55,-40,57,-38,57,-36,58,-40,50,-37,50,-38,50,-40,46,-38,48,-40,45,-38,48,-40,48,-38,46,-38,44,-39,39,-37,38,-35,39,-35,37,-35,38,-32,36,-32,36,-31,33,-30,27,-23,20,-19,17,-27,16,-23,0,0]"
CSI_DATA,186,1a:00:00:00:00:00,-47,11,1,0,1,1,1,0,0,0,1,-96,0,11,2,2702181,0,44,0,384,0,"[0,0,0,0,0,0,0,0,0,0,0,0,-4,-4,-4,-4,-5,-4,-5,-4,-6,-4,-6,-4,-6,-4,-6,-4,-6,-4,-7,-4,-7,-4,-7,-5,-7,-4,-7,-4,-7,-4,-7,-4,-7,-4,-7,-4,-7,-3,-7,-4,-7,-4,-7,-3,-7,-4,-7,-4,-7,-3,-7,-4,0,0,-7,-3,-7,-3,-7,-3,-6,-3,-6,-3,-6,-3,-6,-3,-6,-3,-6,-3,-6,-3,-5,-3,-6,-3,-5,-3,-5,-3,-5,-3,-5,-2,-5,-3,-5,-3,-5,-3,-5,-3,-5,-3,-5,-3,-5,-4,-5,-4,-4,-4,-4,-4,0,0,0,0,0,0,0,0,0,0,0,0,0,0,-8,-24,-13,-22,-15,-18,-17,-18,-21,-20,-23,-19,-21,-18,-22,-19,-29,-20,-28,-19,-30,-18,-30,-20,-37,-18,-33,-23,-33,-23,-34,-19,-33,-23,-32,-15,-33,-15,-37,-19,-37,-13,-37,-15,-38,-16,-37,-14,-35,-16,-35,-17,-34,-14,-38,-15,-33,-17,-34,-17,-33,-12,-35,-15,-33,-16,-29,-13,-33,-15,-33,-17,-34,-9,-35,-13,-33,-13,-34,-15,-28,-14,-28,-16,-28,-13,-28,-13,-27,-12,-26,-13,-28,-12,-27,-14,-25,-13,-26,-10,-27,-9,-27,-14,-26,-15,-26,-16,-24,-16,-19,-19,-19,-21,0,0,0,0,0,0,0,0,0,0,0,0,0,0,0,0,0,0,0,0,0,0,12,-32,16,-34,15,-38,22,-36,25,-38,28,-38,30,-37,35,-41,41,-37,43,-37,50,-37,49,-36,56,-34,63,-30,66,-29,66,-26,66,-24,68,-20,69,-21,72,-16,70,-16,74,-14,73,-10,73,-5,76,-2,76,-6,71,2,72,-2,69,3,70,1,73,1,72,4,71,5,69,1,71,3,69,1,71,2,70,5,68,2,67,2,68,0,65,4,66,3,66,3,63,0,61,-1,62,-1,62,-1,56,6,54,3,56,7,56,9,45,6,46,3,42,8,41,9,38,5,0,0]"
CSI_DATA,187,1a:00:00:00:00:00,-48,11,1,0,1,1,1,0,0,0,1,-96,0,11,2,2712172,0,44,0,384,0,"[0,0,0,0,0,0,0,0,0,0,0,0,1,4,2,4,3,4,3,5,3,5,3,5,3,5,3,5,3,5,4,5,3,5,3,6,4,5,4,5,3,5,3,5,3,5,3,5,4,5,4,5,3,5,3,5,3,5,3,5,3,5,2,5,0,0,2,5,3,5,2,5,2,5,2,4,2,5,2,4,2,4,2,4,2,4,1,4,2,3,2,4,2,4,1,3,1,3,2,4,1,3,1,3,1,3,1,3,1,4,0,4,0,4,0,4,0,4,0,0,0,0,0,0,0,0,0,0,0,0,0,0,-9,25,1,24,1,25,1,26,7,27,10,25,11,24,11,30,9,27,12,29,16,32,19,32,19,32,17,28,20,34,14,33,18,30,19,31,22,32,15,34,15,36,14,31,15,31,15,30,12,32,21,32,17,32,16,32,12,30,16,31,16,33,13,34,12,29,15,27,15,29,13,24,16,28,6,27,10,26,11,22,13,23,10,26,11,20,11,23,14,24,10,22,11,21,9,22,8,22,6,20,8,19,10,20,6,24,5,23,5,24,1,24,-1,23,0,0,0,0,0,0,0,0,0,0,0,0,0,0,0,0,0,0,0,0,0,0,-1,30,-5,36,-3,38,-11,36,-15,38,-19,40,-25,38,-29,38,-32,40,-38,40,-40,40,-47,41,-49,40,-55,36,-58,34,-57,29,-67,28,-60,26,-65,26,-67,20,-70,12,-73,16,-74,12,-76,8,-75,5,-78,0,-77,3,-79,-1,-73,-1,-74,-6,-69,-4,-77,-10,-70,-8,-70,-7,-70,-10,-70,-14,-70,-9,-71,-9,-70,-13,-67,-12,-73,-13,-68,-12,-66,-13,-62,-13,-62,-16,-68,-19,-62,-16,-59,-17,-58,-20,-56,-22,-54,-23,-56,-22,-51,-22,-48,-21,-42,-23,-37,-20,-37,-18,0,0]"
CSI_DATA,188,1a:00:00:00:00:00,-49,11,1,0,1,1,1,0,0,0,1,-96,0,11,2,2732163,0,44,0,384,0,"[0,0,0,0,0,0,0,0,0,0,0,0,-3,4,-2,4,-2,4,-2,4,-2,5,-2,5,-2,6,-2,6,-2,6,-2,6,-2,7,-2,6,-2,6,-2,6,-2,6,-2,6,-2,6,-2,6,-2,6,-2,6,-2,6,-2,6,-2,6,-2,5,-2,6,-3,6,0,0,-3,5,-2,5,-2,5,-3,4,-3,4,-3,4,-3,4,-3,3,-3,3,-2,4,-2,3,-2,3,-2,3,-2,3,-2,3,-2,3,-1,3,-2,3,-2,3,-2,3,-2,3,-2,3,-2,3,-2,3,-2,3,-3,2,0,0,0,0,0,0,0,0,0,0,0,0,0,0,-26,16,-24,17,-25,23,-14,26,-11,21,-14,28,-14,26,-12,30,-9,27,-12,31,-11,35,-9,33,-8,35,-9,31,-11,36,-10,36,-13,35,-14,37,-16,32,-9,36,-12,40,-11,36,-14,38,-15,34,-12,35,-11,34,-8,37,-12,33,-13,31,-11,33,-10,33,-14,30,-12,29,-12,29,-15,31,-11,25,-12,21,-13,23,-14,24,-15,22,-15,22,-11,22,-11,21,-11,16,-8,17,-8,19,-9,16,-9,17,-7,17,-11,18,-4,21,-13,17,-10,20,-11,14,-14,16,-12,15,-12,13,0,0,0,0,0,0,0,0,0,0,0,0,0,0,0,0,0,0,0,0,0,0,-12,27,-18,31,-24,31,-28,32,-30,32,-37,28,-39,27,-44,24,-48,24,-50,21,-58,18,-62,15,-64,11,-63,6,-66,3,-71,-3,-74,-4,-74,-10,-73,-14,-73,-17,-72,-19,-70,-25,-69,-31,-70,-35,-71,-37,-69,-38,-68,-42,-67,-42,-57,-42,-61,-45,-61,-46,-61,-46,-53,-48,-55,-49,-54,-51,-49,-50,-55,-48,-51,-48,-52,-51,-46,-51,-51,-53,-49,-52,-49,-50,-40,-52,-46,-55,-43,-48,-41,-53,-43,-56,-36,-55,-37,-53,-35,-53,-33,-49,-32,-52,-29,-49,-21,-52,-23,-44,-19,-37,0,0]"
CSI_DATA,189,1a:00:00:00:00:00,-49,11,1,0,1,1,1,0,0,0,1,-96,0,11,2,2742890,0,44,0,384,0,"[0,0,0,0,0,0,0,0,0,0,0,0,2,3,3,2,3,2,4,2,4,2,4,2,4,2,4,2,5,2,5,2,5,2,5,2,5,2,5,2,5,2,5,2,5,2,5,2,5,2,5,2,5,2,5,2,5,2,5,2,5,3,5,2,0,0,5,3,5,3,4,3,4,3,3,3,4,3,4,2,3,2,3,2,2,2,2,2,3,2,2,2,2,1,2,1,2,1,2,1,2,1,2,1,2,1,3,1,2,1,2,1,2,2,2,2,2,2,0,0,0,0,0,0,0,0,0,0,0,0,0,0,2,27,2,27,7,18,12,21,12,15,18,23,21,18,17,16,20,18,20,21,21,17,29,20,29,20,31,20,30,20,30,18,32,19,31,20,31,18,31,27,30,25,25,22,29,21,31,20,26,22,30,25,28,22,28,21,29,20,25,23,28,21,23,24,25,23,20,22,18,23,20,22,19,22,19,20,18,19,16,17,15,17,14,16,16,13,10,14,17,14,16,11,12,13,14,11,16,10,10,10,11,15,17,12,13,9,13,11,15,15,13,13,10,17,0,0,0,0,0,0,0,0,0,0,0,0,0,0,0,0,0,0,0,0,0,0,25,25,16,29,16,35,18,39,10,45,7,46,5,47,-3,52,-4,52,-8,59,-9,56,-16,58,-20,59,-26,64,-29,62,-35,57,-38,59,-45,65,-46,59,-45,52,-49,51,-60,53,-57,51,-66,49,-62,44,-64,44,-65,36,-67,39,-69,35,-64,33,-69,33,-70,31,-70,25,-72,24,-66,23,-68,22,-63,19,-72,21,-64,21,-67,20,-66,19,-64,21,-62,13,-67,17,-65,13,-66,12,-66,12,-62,12,-63,11,-62,8,-57,7,-56,5,-56,3,-55,3,-49,4,-50,-6,-44,2,0,0]"
CSI_DATA,190,1a:00:00:00:00:00,-50,11,1,0,1,1,1,0,0,0,1,-96,0,11,2,2752151,0,44,0,384,0,"[0,0,0,0,0,0,0,0,0,0,0,0,-4,2,-4,3,-3,3,-3,3,-3,3,-3,4,-3,4,-3,4,-3,5,-3,4,-3,5,-3,5,-3,5,-3,5,-3,5,-3,5,-3,6,-3,6,-3,5,-3,5,-3,5,-3,5,-3,5,-3,5,-3,5,-4,5,0,0,-3,5,-3,4,-3,4,-4,4,-3,4,-3,3,-3,3,-3,3,-3,3,-3,3,-3,3,-3,2,-2,2,-2,2,-3,2,-2,2,-2,2,-2,2,-2,2,-2,2,-2,3,-2,2,-2,2,-2,2,-3,2,-3,2,0,0,0,0,0,0,0,0,0,0,0,0,0,0,-34,-5,-29,-5,-30,4,-17,6,-16,13,-17,14,-20,17,-20,19,-22,18,-17,19,-19,21,-20,27,-17,22,-19,24,-22,24,-23,24,-23,26,-21,28,-22,29,-22,30,-21,30,-23,32,-24,34,-24,28,-21,27,-26,28,-23,24,-27,28,-26,20,-22,27,-23,32,-27,24,-26,21,-28,21,-29,20,-26,18,-23,18,-26,15,-20,14,-20,20,-18,16,-19,10,-16,10,-18,15,-18,14,-13,18,-16,11,-12,12,-15,16,-16,16,-13,17,-14,16,-13,14,-12,10,-12,11,-17,12,-16,7,0,0,0,0,0,0,0,0,0,0,0,0,0,0,0,0,0,0,0,0,0,0,-35,17,-36,15,-42,10,-46,8,-47,4,-50,1,-53,-3,-57,-7,-57,-13,-61,-15,-61,-26,-59,-29,-64,-31,-61,-36,-61,-39,-53,-46,-60,-49,-59,-52,-56,-55,-50,-60,-46,-60,-48,-64,-40,-71,-39,-69,-34,-75,-35,-76,-28,-75,-33,-74,-23,-76,-24,-73,-24,-72,-16,-77,-17,-76,-19,-71,-19,-73,-13,-73,-16,-71,-9,-73,-9,-70,-10,-76,-11,-69,-12,-68,-10,-71,-10,-68,-9,-66,-13,-72,-9,-68,-6,-66,-5,-66,0,-66,5,-60,5,-58,2,-57,4,-56,5,-52,11,-54,7,-47,0,0]"
CSI_DATA,191,1a:00:00:00:00:00,-49,11,1,0,1,1,1,0,0,0,1,-96,0,11,2,2765087,0,44,0,384,0,"[0,0,0,0,0,0,0,0,0,0,0,0,3,0,3,0,4,-1,4,-1,4,-1,4,-2,4,-2,4,-2,5,-2,5,-2,5,-2,5,-2,5,-2,5,-2,5,-2,5,-2,5,-3,5,-2,5,-3,5,-2,6,-2,5,-2,5,-2,6,-2,6,-2,6,-2,0,0,5,-2,5,-1,6,-2,5,-1,5,-1,5,-1,5,0,4,0,4,-1,4,-1,4,-1,3,0,3,0,3,-1,3,-1,3,-1,2,-1,3,-1,3,-1,3,-1,3,-1,3,-1,2,-1,3,-1,3,0,3,0,0,0,0,0,0,0,0,0,0,0,0,0,0,0,16,19,18,21,16,11,19,12,20,11,20,9,22,6,26,1,27,0,27,1,28,-2,26,-1,28,1,35,2,35,0,33,-4,33,-3,34,-4,37,-1,31,-1,34,-4,33,1,37,1,34,-2,39,-1,38,0,32,1,34,1,38,2,37,4,36,2,36,4,33,1,31,4,30,2,29,4,30,4,30,8,28,2,21,5,22,7,20,7,27,7,22,4,21,9,17,6,18,3,19,4,17,2,19,6,19,2,18,1,22,2,15,4,17,4,16,9,18,6,0,0,0,0,0,0,0,0,0,0,0,0,0,0,0,0,0,0,0,0,0,0,38,7,40,8,41,16,43,24,40,26,39,29,43,35,39,38,37,46,33,48,32,52,30,57,28,66,21,67,24,72,13,70,10,71,8,76,6,76,-3,76,-2,76,-11,83,-11,78,-19,79,-23,77,-27,76,-34,74,-31,75,-30,69,-34,74,-35,62,-40,68,-36,64,-38,63,-36,64,-39,63,-40,57,-39,56,-38,54,-37,58,-44,55,-43,52,-41,56,-37,55,-40,52,-42,54,-41,48,-46,52,-41,52,-43,41,-41,41,-46,38,-44,35,-48,30,-45,30,-38,30,-30,30,0,0]"
CSI_DATA,192,1a:00:00:00:00:00,-49,11,1,0,1,1,1,0,0,0,1,-96,0,11,2,2772172,0,44,0,384,0,"[0,0,0,0,0,0,0,0,0,0,0,0,-4,-3,-4,-3,-5,-3,-5,-2,-6,-2,-5,-2,-5,-2,-6,-2,-6,-2,-6,-1,-6,-2,-6,-1,-6,-2,-7,-1,-6,-2,-7,-1,-7,-1,-6,-2,-7,-1,-7,-1,-7,-1,-7,-2,-7,-1,-7,-1,-7,-2,-6,-2,0,0,-7,-2,-7,-2,-7,-2,-6,-2,-6,-3,-6,-3,-6,-3,-5,-3,-5,-2,-5,-2,-4,-2,-4,-2,-4,-2,-4,-2,-4,-2,-4,-2,-4,-2,-4,-2,-4,-2,-4,-1,-4,-2,-4,-2,-4,-2,-4,-2,-4,-2,-3,-2,0,0,0,0,0,0,0,0,0,0,0,0,0,0,-8,-29,-9,-26,-11,-23,-17,-18,-18,-20,-19,-14,-20,-17,-23,-14,-28,-15,-25,-13,-29,-14,-30,-14,-29,-16,-27,-12,-31,-16,-33,-11,-33,-10,-33,-16,-28,-11,-28,-13,-30,-12,-29,-10,-29,-13,-34,-12,-32,-12,-34,-13,-32,-13,-37,-13,-29,-14,-37,-15,-34,-15,-30,-15,-30,-18,-26,-14,-29,-17,-28,-18,-24,-15,-28,-15,-21,-16,-20,-14,-17,-18,-16,-14,-18,-15,-25,-13,-19,-12,-18,-13,-18,-18,-19,-14,-15,-13,-18,-12,-17,-10,-15,-10,-17,-15,-14,-9,-13,-12,-12,-17,-11,-16,0,0,0,0,0,0,0,0,0,0,0,0,0,0,0,0,0,0,0,0,0,0,-34,-21,-34,-25,-31,-32,-27,-39,-29,-39,-25,-40,-24,-46,-23,-49,-17,-54,-21,-59,-9,-59,-5,-65,-3,-65,-2,-70,7,-73,14,-68,15,-73,18,-69,23,-67,29,-67,26,-72,35,-70,37,-69,42,-65,45,-61,48,-66,52,-58,52,-60,56,-55,58,-55,54,-50,58,-47,57,-49,59,-47,58,-47,59,-42,56,-41,54,-39,55,-39,53,-38,57,-36,55,-34,57,-35,56,-38,54,-33,56,-33,54,-32,50,-31,58,-32,55,-26,51,-23,52,-22,51,-15,51,-17,47,-15,48,-10,47,-11,0,0]"
CSI_DATA,193,1a:00:00:00:00:00,-49,11,1,0,1,1,1,0,0,0,1,-96,0,11,2,2783165,0,44,0,384,0,"[0,0,0,0,0,0,0,0,0,0,0,0,-4,-3,-5,-3,-5,-3,-5,-3,-6,-3,-5,-2,-6,-2,-6,-2,-6,-2,-6,-2,-6,-2,-6,-2,-7,-2,-6,-3,-7,-2,-6,-2,-7,-2,-6,-2,-7,-2,-7,-2,-7,-2,-7,-2,-7,-3,-7,-2,-7,-3,-6,-3,0,0,-6,-3,-6,-3,-7,-3,-6,-3,-5,-3,-5,-3,-5,-4,-5,-3,-4,-3,-4,-3,-4,-3,-4,-3,-4,-3,-4,-3,-4,-3,-4,-2,-3,-3,-4,-3,-3,-3,-3,-3,-3,-2,-4,-3,-3,-3,-3,-3,-3,-3,-3,-3,0,0,0,0,0,0,0,0,0,0,0,0,0,0,-21,-24,-20,-21,-24,-18,-23,-17,-24,-15,-23,-13,-26,-10,-22,-7,-27,-4,-29,-9,-32,-6,-32,-7,-29,-2,-29,-6,-34,-7,-36,-5,-32,-4,-34,-3,-30,-5,-35,-4,-33,-4,-36,-6,-34,1,-31,2,-34,-4,-37,-5,-34,-4,-38,-7,-36,-7,-37,-8,-31,-7,-33,-7,-35,-9,-34,-8,-28,-7,-32,-10,-26,-9,-33,-12,-31,-10,-25,-9,-24,-10,-20,-11,-22,-10,-21,-8,-19,-8,-20,-11,-18,-7,-20,-12,-19,-5,-20,-8,-20,-7,-18,-9,-20,-8,-20,-10,-18,-9,-15,-11,-16,-14,0,0,0,0,0,0,0,0,0,0,0,0,0,0,0,0,0,0,0,0,0,0,-39,-3,-42,-5,-44,-13,-47,-19,-46,-23,-44,-30,-45,-32,-39,-38,-40,-40,-38,-46,-39,-55,-33,-58,-32,-57,-28,-63,-24,-65,-21,-70,-21,-69,-11,-73,-13,-78,-7,-79,0,-75,2,-74,10,-78,10,-78,17,-77,19,-78,22,-76,25,-71,22,-73,28,-73,29,-68,32,-67,31,-62,32,-67,35,-66,32,-61,33,-60,36,-60,36,-56,37,-56,38,-55,39,-58,37,-49,38,-53,37,-51,39,-51,37,-48,40,-50,36,-44,41,-45,39,-41,39,-40,35,-35,35,-36,41,-39,37,-33,39,-26,0,0]"
CSI_DATA,194,1a:00:00:00:00:00,-48,11,1,0,1,1,1,0,0,0,1,-96,0,11,2,2794831,0,44,0,384,0,"[0,0,0,0,0,0,0,0,0,0,0,0,-4,-4,-4,-3,-5,-3,-5,-2,-5,-2,-5,-2,-5,-2,-5,-2,-6,-2,-6,-2,-6,-2,-6,-2,-6,-2,-6,-2,-6,-2,-6,-2,-6,-1,-6,-2,-6,-2,-6,-2,-6,-2,-6,-2,-6,-2,-6,-2,-6,-2,-6,-2,0,0,-6,-2,-6,-3,-6,-3,-6,-3,-5,-3,-5,-3,-5,-3,-5,-3,-5,-3,-4,-3,-4,-3,-4,-3,-4,-3,-4,-3,-4,-3,-4,-2,-3,-3,-3,-3,-3,-2,-4,-2,-3,-3,-3,-2,-3,-3,-3,-3,-3,-3,-3,-3,0,0,0,0,0,0,0,0,0,0,0,0,0,0,-18,-28,-24,-24,-26,-21,-20,-21,-23,-17,-23,-16,-27,-12,-24,-14,-25,-10,-27,-9,-27,-10,-31,-11,-31,-8,-26,-9,-32,-9,-31,-8,-32,-6,-32,-6,-36,-7,-34,-9,-36,-8,-31,-6,-34,-5,-35,-8,-31,-8,-35,-6,-34,-9,-35,-9,-34,-6,-35,-10,-36,-11,-34,-17,-32,-11,-31,-14,-31,-13,-30,-14,-27,-16,-28,-15,-26,-19,-29,-18,-25,-16,-24,-16,-22,-12,-21,-15,-22,-11,-17,-11,-18,-13,-19,-13,-19,-15,-19,-11,-19,-12,-16,-12,-17,-13,-14,-12,-15,-12,-17,-11,-14,-14,0,0,0,0,0,0,0,0,0,0,0,0,0,0,0,0,0,0,0,0,0,0,-41,-5,-44,-10,-48,-10,-48,-19,-46,-20,-47,-26,-42,-33,-47,-39,-42,-40,-39,-45,-38,-51,-36,-54,-34,-61,-30,-63,-28,-69,-20,-71,-19,-70,-11,-72,-14,-74,-5,-76,-2,-76,7,-79,7,-74,14,-77,15,-75,16,-76,21,-73,21,-74,23,-71,27,-75,34,-69,32,-65,37,-66,31,-61,35,-62,39,-63,37,-57,36,-56,43,-54,38,-57,40,-58,37,-54,38,-50,36,-44,40,-48,37,-49,40,-48,42,-45,41,-48,41,-45,43,-40,40,-35,44,-39,39,-35,38,-32,39,-29,40,-23,0,0]"
CSI_DATA,195,1a:00:00:00:00:00,-49,11,1,0,1,1,1,0,0,0,1,-96,0,11,2,2812159,0,44,0,384,0,"[0,0,0,0,0,0,0,0,0,0,0,0,2,-5,1,-5,1,-5,0,-5,0,-5,0,-5,0,-6,-1,-6,-1,-6,-1,-6,-1,-7,-1,-7,-1,-6,-1,-6,-1,-6,-1,-7,-1,-7,-1,-7,-2,-6,-2,-6,-1,-7,-2,-7,-1,-7,-2,-7,-1,-7,-1,-7,0,0,-1,-7,-1,-7,-1,-7,0,-7,0,-7,0,-7,-1,-6,0,-7,0,-6,1,-6,0,-6,0,-6,0,-5,0,-5,1,-5,1,-5,0,-5,0,-5,1,-5,0,-5,0,-5,1,-5,1,-4,1,-4,1,-4,1,-4,0,0,0,0,0,0,0,0,0,0,0,0,0,0,25,-24,24,-24,16,-21,12,-24,8,-23,8,-24,6,-25,5,-27,4,-26,2,-28,-3,-28,-2,-30,-1,-27,0,-27,-4,-32,-7,-33,-3,-28,-7,-31,-1,-31,-4,-32,-8,-35,-3,-30,-7,-36,-6,-36,-4,-38,-4,-34,-11,-35,-10,-34,-4,-35,-5,-36,-8,-41,-2,-43,-1,-36,-3,-37,-1,-34,1,-34,-2,-37,0,-35,3,-32,3,-32,6,-28,4,-31,1,-24,3,-26,4,-25,5,-26,6,-27,2,-24,2,-25,7,-24,6,-24,5,-26,8,-24,9,-19,12,-21,11,-18,10,-22,0,0,0,0,0,0,0,0,0,0,0,0,0,0,0,0,0,0,0,0,0,0,-11,-38,-13,-45,-5,-45,0,-49,9,-52,12,-50,12,-55,25,-53,30,-55,31,-51,39,-52,41,-52,46,-45,55,-45,58,-44,62,-41,66,-35,63,-31,68,-29,71,-22,73,-19,74,-16,77,-12,76,-6,76,-4,79,1,81,2,79,6,75,10,77,10,73,17,71,18,70,16,65,18,69,19,68,21,62,18,62,23,64,25,61,22,64,30,62,23,58,24,53,28,58,28,55,24,57,31,54,30,57,33,50,29,49,36,52,30,45,35,41,33,39,32,40,32,38,32,0,0]"
CSI_DATA,196,1a:00:00:00:00:00,-50,11,1,0,1,1,1,0,0,0,1,-96,0,11,2,2823580,0,44,0,384,0,"[0,0,0,0,0,0,0,0,0,0,0,0,4,-1,3,-2,3,-2,3,-3,2,-3,2,-3,2,-4,2,-4,2,-4,2,-4,2,-5,2,-5,2,-5,2,-5,2,-5,2,-6,1,-6,1,-6,1,-6,1,-6,1,-6,1,-6,2,-7,1,-7,2,-7,2,-7,0,0,2,-7,2,-7,2,-7,3,-7,3,-6,3,-6,3,-6,3,-6,3,-6,3,-6,3,-5,3,-5,2,-5,2,-5,3,-5,2,-5,2,-5,2,-5,2,-5,2,-4,3,-4,3,-4,3,-4,3,-4,3,-4,3,-3,0,0,0,0,0,0,0,0,0,0,0,0,0,0,21,-30,12,-27,15,-28,6,-23,5,-24,2,-24,0,-19,-1,-24,-5,-21,-8,-27,-9,-24,-6,-26,-7,-27,-10,-22,-17,-27,-12,-30,-14,-20,-13,-19,-15,-23,-19,-31,-21,-25,-16,-27,-20,-22,-19,-23,-19,-26,-19,-29,-22,-31,-19,-29,-20,-29,-21,-31,-21,-32,-23,-36,-22,-31,-23,-32,-15,-34,-17,-29,-16,-29,-21,-31,-15,-28,-12,-30,-9,-34,-8,-25,-10,-30,-11,-25,-8,-27,-9,-26,-11,-28,-10,-27,-8,-25,-7,-23,-11,-25,-9,-23,-6,-25,-8,-24,-7,-28,-4,-24,-1,-25,0,0,0,0,0,0,0,0,0,0,0,0,0,0,0,0,0,0,0,0,0,0,-29,-29,-23,-42,-20,-40,-17,-47,-11,-51,-10,-53,-1,-54,3,-57,8,-57,11,-61,21,-63,26,-59,26,-61,33,-63,41,-60,50,-59,69,-62,58,-52,59,-51,61,-43,64,-45,66,-41,72,-39,68,-31,73,-27,77,-27,78,-23,77,-17,75,-16,79,-12,76,-10,73,-5,75,-4,74,2,75,3,76,3,74,1,68,3,64,3,67,1,67,3,67,4,68,9,71,6,62,9,70,12,64,17,64,12,63,12,64,15,59,17,59,22,60,21,49,27,52,23,49,23,40,28,0,0]"
CSI_DATA,197,1a:00:00:00:00:00,-51,11,1,0,1,1,1,0,0,0,1,-96,0,11,2,2832211,0,44,0,384,0,"[0,0,0,0,0,0,0,0,0,0,0,0,0,4,0,4,1,3,1,3,1,2,1,2,2,2,2,2,2,2,3,1,3,2,3,2,3,1,4,1,4,1,3,1,4,1,4,1,5,1,5,1,5,1,5,1,5,1,5,1,6,1,5,1,0,0,6,1,6,2,5,2,5,2,5,2,5,2,5,2,5,2,4,2,4,2,4,2,4,2,4,2,4,2,3,2,3,2,3,2,4,2,3,2,3,2,3,2,3,3,3,2,3,3,3,3,2,3,0,0,0,0,0,0,0,0,0,0,0,0,0,0,-16,35,-14,29,-11,27,-12,26,-11,24,-6,21,0,16,-4,21,5,25,3,20,5,16,6,19,10,22,10,15,14,25,13,20,19,15,16,17,21,17,20,21,17,17,20,20,20,17,21,15,21,20,26,22,19,26,16,20,24,22,22,25,18,28,19,30,22,27,18,28,19,26,18,29,22,27,18,25,16,27,14,25,14,31,16,23,12,28,16,18,8,25,11,23,13,28,10,26,10,24,8,21,9,24,6,21,12,23,7,25,0,26,-1,27,2,22,0,0,0,0,0,0,0,0,0,0,0,0,0,0,0,0,0,0,0,0,0,0,38,7,39,15,40,18,34,25,34,32,29,38,31,39,25,44,21,51,14,52,11,62,2,64,-1,69,-4,67,-11,69,-15,67,-22,65,-28,65,-29,67,-36,65,-40,63,-50,63,-50,53,-54,57,-58,52,-64,48,-64,44,-61,43,-65,42,-63,36,-69,35,-67,34,-69,31,-67,26,-71,27,-71,25,-67,24,-66,17,-66,14,-67,13,-67,10,-68,13,-66,13,-68,10,-61,12,-73,14,-63,6,-66,4,-63,4,-69,0,-63,-4,-63,-8,-67,-12,-59,-13,-61,-13,-56,-18,-55,-19,0,0]"
CSI_DATA,198,1a:00:00:00:00:00,-51,11,1,0,1,1,1,0,0,0,1,-96,0,11,2,2852168,0,44,0,384,0,"[0,0,0,0,0,0,0,0,0,0,0,0,-4,2,-4,2,-3,2,-3,2,-2,2,-2,2,-1,2,-1,2,0,3,0,3,0,3,0,3,0,3,1,3,1,3,2,3,2,3,2,3,2,3,2,3,3,3,3,4,3,4,3,4,3,4,3,5,0,0,4,5,3,5,3,5,3,5,3,5,3,5,3,5,3,5,3,5,3,5,2,5,2,5,2,5,2,5,2,5,2,5,2,5,2,5,2,5,2,5,2,5,2,5,2,5,1,5,1,5,0,5,0,0,0,0,0,0,0,0,0,0,0,0,0,0,2,18,1,17,3,18,2,14,0,12,2,13,2,8,3,7,5,4,5,5,6,6,7,4,6,5,8,3,9,4,11,0,9,3,10,1,11,-2,10,-3,11,-3,11,-2,12,-2,13,-2,14,-2,15,-3,14,-3,15,-2,16,-5,17,-3,15,-3,17,-2,16,-6,18,-4,18,-2,17,-1,17,-1,16,-2,18,-2,15,-1,17,-1,15,0,16,1,15,-1,13,0,15,-1,15,-1,13,0,15,1,13,1,14,1,15,1,15,2,14,4,14,4,16,4,13,5,0,0,0,0,0,0,0,0,0,0,0,0,0,0,0,0,0,0,0,0,0,0,16,-5,18,-3,19,1,21,5,18,7,18,8,19,12,19,14,18,17,16,20,16,22,15,25,13,28,12,32,9,33,7,30,4,35,1,34,0,36,-5,34,-9,36,-10,35,-9,34,-13,37,-16,34,-17,32,-15,31,-23,35,-20,30,-22,34,-21,29,-25,29,-27,26,-25,26,-27,26,-27,24,-26,25,-25,23,-25,22,-28,24,-27,22,-27,20,-28,22,-28,21,-30,20,-27,17,-30,19,-29,19,-29,18,-31,15,-28,16,-30,16,-31,12,-32,13,-31,12,-29,9,-28,6,0,0]"
CSI_DATA,199,1a:00:00:00:00:00,-50,11,1,0,1,1,1,0,0,0,1,-96,0,11,2,2862164,0,44,0,384,0,"[0,0,0,0,0,0,0,0,0,0,0,0,4,-1,3,-1,3,-1,2,-2,2,-2,1,-2,1,-3,0,-3,0,-3,0,-3,0,-4,-1,-4,-1,-4,-1,-4,-2,-4,-2,-4,-2,-5,-2,-5,-3,-5,-3,-5,-3,-5,-3,-5,-3,-5,-4,-6,-4,-6,-4,-6,0,0,-4,-7,-4,-6,-4,-7,-4,-7,-4,-7,-4,-7,-4,-7,-4,-7,-4,-7,-4,-7,-4,-7,-4,-6,-4,-6,-4,-6,-4,-6,-4,-7,-4,-6,-4,-6,-4,-7,-3,-7,-3,-7,-3,-7,-3,-7,-3,-7,-2,-7,-1,-7,0,0,0,0,0,0,0,0,0,0,0,0,0,0,20,-30,16,-33,16,-27,13,-24,4,-24,7,-19,5,-16,4,-14,-6,-10,-4,-14,-6,-8,-10,-12,-11,-12,-12,-8,-13,-12,-16,-5,-16,-4,-20,-2,-18,-3,-25,0,-24,-1,-24,-2,-27,-1,-29,-1,-29,-3,-33,1,-31,0,-33,2,-31,2,-35,3,-39,-1,-37,-3,-37,1,-38,1,-36,1,-37,2,-37,-3,-38,-8,-35,1,-35,-6,-34,-3,-36,-3,-34,0,-34,-2,-38,-3,-32,-4,-31,-4,-36,-2,-32,-3,-35,-3,-36,-5,-34,-6,-36,-8,-36,-8,-32,-9,-31,-10,-31,-15,0,0,0,0,0,0,0,0,0,0,0,0,0,0,0,0,0,0,0,0,0,0,-22,-30,-23,-34,-16,-38,-18,-39,-8,-43,-4,-44,-3,-48,1,-49,13,-53,11,-52,16,-54,24,-56,32,-54,35,-58,35,-53,46,-48,51,-49,55,-50,57,-42,64,-46,58,-38,68,-36,69,-34,70,-28,76,-28,74,-23,75,-15,75,-17,74,-20,78,-12,76,-7,79,-13,76,-7,74,-3,76,-5,76,-3,74,-4,66,1,69,2,74,0,72,2,67,4,67,0,69,-2,70,0,61,7,69,4,68,8,69,2,68,8,64,9,70,9,65,9,64,16,57,16,56,20,55,19,0,0]"
CSI_DATA,200,1a:00:00:00:00:00,-50,11,1,0,1,1,1,0,0,0,1,-96,0,11,2,2884924,0,44,0,384,0,"[0,0,0,0,0,0,0,0,0,0,0,0,-3,1,-2,1,-1,1,-1,1,0,1,0,1,1,0,1,1,2,0,2,0,2,0,3,0,3,0,3,0,3,0,4,-1,4,-1,4,-1,4,-1,5,-1,5,-1,5,-2,5,-2,6,-2,6,-2,6,-2,0,0,7,-2,6,-2,7,-3,7,-3,7,-3,7,-3,7,-2,7,-2,7,-2,7,-3,7,-3,7,-3,7,-3,7,-3,7,-2,7,-3,7,-3,7,-3,7,-2,7,-2,7,-2,7,-2,7,-2,7,-1,7,-1,7,0,0,0,0,0,0,0,0,0,0,0,0,0,0,0,0,34,-1,29,-1,25,-2,18,2,12,1,11,4,6,8,2,7,5,8,-2,8,0,11,-4,14,-10,12,-6,8,-10,13,-11,12,-17,11,-13,13,-15,13,-18,11,-19,12,-19,10,-28,16,-28,12,-29,12,-34,10,-30,13,-30,15,-32,10,-30,10,-35,17,-32,13,-33,14,-33,15,-38,15,-34,16,-35,13,-39,11,-38,14,-40,17,-39,15,-38,19,-37,17,-38,15,-36,14,-33,16,-35,16,-36,16,-34,15,-34,18,-31,15,-32,21,-33,21,-34,24,-32,23,-31,24,-29,0,0,0,0,0,0,0,0,0,0,0,0,0,0,0,0,0,0,0,0,0,0,22,23,17,28,17,35,13,38,13,38,8,42,6,46,-1,51,-2,50,-6,51,-12,57,-12,54,-19,57,-22,56,-24,61,-33,56,-37,62,-38,51,-45,55,-49,53,-52,53,-50,50,-54,46,-59,44,-61,45,-62,44,-57,42,-68,40,-62,37,-65,36,-65,35,-66,35,-70,29,-64,30,-67,27,-65,31,-66,27,-62,29,-60,28,-63,28,-62,23,-58,25,-60,26,-57,21,-57,27,-56,24,-54,23,-58,23,-61,23,-58,25,-56,23,-59,23,-61,14,-54,18,-55,14,-52,10,-50,9,0,0]"
CSI_DATA,201,1a:00:00:00:00:00,-50,11,1,0,1,1,1,0,0,0,1,-96,0,11,2,2902153,0,44,0,384,0,"[0,0,0,0,0,0,0,0,0,0,0,0,0,1,0,1,0,0,0,-1,0,-1,0,-2,0,-2,0,-3,0,-3,0,-3,0,-4,0,-4,-1,-4,-1,-4,-1,-5,-1,-5,-1,-5,-2,-5,-2,-5,-2,-6,-2,-6,-2,-6,-3,-6,-3,-7,-3,-7,-3,-7,0,0,-4,-7,-3,-7,-4,-7,-4,-8,-4,-7,-4,-8,-4,-8,-4,-8,-4,-8,-4,-8,-4,-8,-4,-8,-4,-8,-4,-8,-4,-8,-4,-8,-4,-8,-4,-8,-4,-8,-4,-8,-4,-8,-3,-8,-3,-8,-3,-8,-2,-8,-2,-8,0,0,0,0,0,0,0,0,0,0,0,0,0,0,32,-6,24,-5,26,-2,16,-4,10,1,8,-1,4,-5,-3,-3,-1,-7,-12,-10,-9,-6,-12,-7,-13,-5,-10,-11,-16,-8,-20,-7,-21,-9,-20,-7,-26,-7,-24,-3,-27,-7,-28,-6,-29,-1,-27,-1,-27,2,-34,-1,-31,-1,-35,-3,-36,-2,-42,1,-37,1,-39,2,-42,2,-42,0,-43,-1,-40,2,-38,5,-38,2,-43,2,-46,3,-46,-1,-43,4,-38,1,-37,-2,-42,-1,-43,-5,-41,3,-42,0,-44,1,-40,1,-41,0,-42,1,-42,-5,-44,-1,-40,-3,-44,-9,-39,-12,0,0,0,0,0,0,0,0,0,0,0,0,0,0,0,0,0,0,0,0,0,0,29,-24,30,-22,32,-22,40,-19,41,-15,46,-11,48,-7,52,-5,55,-2,56,6,57,6,63,16,60,20,62,24,61,28,63,30,64,41,56,38,57,41,59,42,56,45,55,48,56,52,57,52,50,58,52,57,44,61,44,63,42,59,45,66,38,60,37,65,35,62,36,58,34,65,36,63,36,57,33,63,30,56,32,58,32,59,32,55,34,55,27,55,30,53,29,61,35,49,34,53,33,51,33,49,27,51,28,54,24,52,22,49,15,54,18,49,12,43,0,0]"
CSI_DATA,202,1a:00:00:00:00:00,-51,11,1,0,1,1,1,0,0,0,1,-96,0,11,2,2912739,0,44,0,384,0,"[0,0,0,0,0,0,0,0,0,0,0,0,-1,1,-1,0,0,0,0,-1,0,-1,1,-2,1,-2,1,-2,2,-3,2,-3,2,-3,2,-3,2,-4,2,-4,2,-4,2,-5,2,-5,2,-5,2,-6,2,-6,2,-6,2,-6,2,-7,2,-7,2,-7,2,-8,0,0,2,-8,2,-8,2,-8,2,-8,2,-9,1,-9,1,-9,1,-9,1,-9,1,-9,1,-9,1,-9,1,-9,1,-9,1,-9,1,-9,1,-9,1,-9,1,-9,1,-9,1,-9,2,-9,2,-9,3,-9,3,-9,4,-8,0,0,0,0,0,0,0,0,0,0,0,0,0,0,22,21,11,11,7,14,13,8,6,3,2,1,-3,-1,4,-4,-2,-6,-5,-12,-6,-13,0,-15,-6,-14,-3,-17,-10,-14,-9,-22,-14,-19,-9,-21,-17,-25,-13,-22,-15,-22,-11,-21,-17,-21,-15,-24,-20,-22,-22,-25,-24,-25,-28,-22,-29,-23,-28,-22,-27,-27,-28,-30,-28,-29,-30,-29,-30,-28,-27,-26,-34,-25,-37,-29,-33,-26,-31,-24,-37,-28,-35,-26,-31,-28,-32,-24,-29,-25,-30,-28,-34,-25,-36,-28,-35,-27,-28,-28,-36,-25,-29,-28,-31,-28,-27,-32,-31,-31,-27,-33,-21,-36,0,0,0,0,0,0,0,0,0,0,0,0,0,0,0,0,0,0,0,0,0,0,39,2,37,8,45,15,42,13,39,16,40,25,39,29,41,36,37,39,37,44,39,47,38,53,33,57,28,63,22,63,18,65,19,65,14,72,11,73,9,72,2,70,3,76,5,77,-2,75,-3,80,-5,74,-10,77,-14,77,-9,76,-17,72,-17,75,-16,72,-22,71,-22,71,-16,69,-23,66,-22,67,-16,68,-18,63,-20,64,-19,64,-23,59,-17,63,-17,61,-15,68,-14,54,-14,57,-19,57,-14,58,-17,63,-21,56,-19,56,-20,54,-20,53,-25,49,-25,45,-20,44,0,0]"
CSI_DATA,203,1a:00:00:00:00:00,-51,11,1,0,1,1,1,0,0,0,1,-96,0,11,2,2923789,0,44,0,384,0,"[0,0,0,0,0,0,0,0,0,0,0,0,-2,-1,-1,-1,0,0,0,0,1,0,1,1,2,1,2,1,2,2,2,2,3,2,3,2,3,2,4,2,4,2,4,2,5,2,5,2,5,2,5,2,5,2,6,2,6,2,6,1,6,1,7,1,0,0,7,1,7,1,7,1,8,1,7,1,8,1,8,1,8,1,8,1,8,1,8,1,8,1,8,1,8,1,8,1,8,1,8,1,8,1,8,1,8,1,8,1,8,1,8,2,8,2,8,3,8,3,0,0,0,0,0,0,0,0,0,0,0,0,0,0,-17,24,-9,16,-4,8,-9,16,-6,5,-1,0,3,0,7,-7,7,-5,10,-6,14,-8,10,-12,16,-11,15,-9,13,-9,15,-16,15,-16,14,-18,15,-20,9,-26,15,-27,15,-20,15,-21,20,-22,17,-26,18,-29,17,-29,14,-33,17,-36,16,-35,14,-36,15,-28,18,-35,16,-34,18,-37,15,-37,13,-36,21,-37,24,-36,17,-37,15,-33,12,-34,13,-39,11,-40,19,-42,15,-40,13,-37,14,-40,15,-38,17,-39,19,-37,19,-34,16,-38,21,-38,22,-39,23,-37,22,-29,0,0,0,0,0,0,0,0,0,0,0,0,0,0,0,0,0,0,0,0,0,0,11,37,3,38,1,44,-2,45,-8,47,-14,43,-20,46,-26,48,-30,44,-32,50,-36,45,-38,51,-46,50,-48,43,-60,45,-58,43,-62,35,-64,31,-66,32,-69,29,-70,19,-79,18,-71,24,-73,19,-74,18,-78,12,-73,13,-77,7,-74,8,-75,11,-79,4,-72,6,-75,-1,-76,2,-74,-4,-70,-6,-70,-3,-71,3,-68,-6,-66,-1,-65,-4,-63,0,-59,2,-67,-1,-57,-1,-59,2,-58,1,-63,-5,-59,0,-60,-6,-60,-3,-57,-3,-55,-5,-53,-9,-56,-10,-48,-14,-46,-13,0,0]"
CSI_DATA,204,1a:00:00:00:00:00,-51,11,1,0,1,1,1,0,0,0,1,-96,0,11,2,2933281,0,44,0,384,0,"[0,0,0,0,0,0,0,0,0,0,0,0,0,-1,0,-1,-1,0,-1,0,-2,1,-2,1,-3,1,-3,1,-3,2,-4,2,-4,2,-4,2,-4,3,-4,3,-4,3,-4,3,-4,4,-4,4,-4,4,-4,4,-4,5,-4,5,-4,5,-4,5,-4,6,-4,6,0,0,-4,6,-4,6,-4,7,-4,7,-4,6,-4,7,-4,7,-4,7,-4,7,-4,7,-4,7,-4,7,-4,7,-4,7,-4,7,-3,7,-4,7,-4,7,-4,7,-4,7,-4,8,-4,7,-5,7,-5,7,-6,7,-6,6,0,0,0,0,0,0,0,0,0,0,0,0,0,0,-19,-16,-12,-15,-12,-6,-9,-13,-1,-2,-1,-1,0,6,4,7,-3,8,0,12,6,14,3,14,6,17,4,21,2,16,11,19,8,22,10,23,6,16,13,20,14,26,11,28,11,24,14,25,17,23,22,22,18,27,24,23,17,25,23,25,28,26,23,24,25,27,24,27,30,23,24,29,29,27,24,23,25,25,30,28,28,30,27,25,28,27,32,28,28,23,29,24,33,27,29,28,30,24,32,28,28,28,32,27,30,26,23,25,25,34,21,34,18,32,0,0,0,0,0,0,0,0,0,0,0,0,0,0,0,0,0,0,0,0,0,0,-37,0,-43,-7,-43,-13,-44,-14,-42,-24,-45,-25,-42,-32,-40,-32,-41,-44,-35,-47,-36,-48,-34,-55,-32,-57,-32,-65,-19,-62,-24,-67,-17,-69,-17,-67,-7,-72,-6,-73,-9,-69,-4,-77,3,-71,3,-73,4,-75,6,-70,12,-77,10,-69,20,-69,17,-71,14,-68,19,-75,22,-67,19,-67,24,-65,26,-68,22,-65,24,-66,21,-63,23,-61,26,-59,19,-57,21,-62,23,-55,19,-58,21,-48,24,-59,18,-59,23,-53,19,-57,22,-48,23,-56,22,-56,18,-41,21,-47,25,-39,24,-37,0,0]"
CSI_DATA,205,1a:00:00:00:00:00,-52,11,1,0,1,1,1,0,0,0,1,-96,0,11,2,2952178,0,44,0,384,0,"[0,0,0,0,0,0,0,0,0,0,0,0,0,0,-1,0,-1,0,-2,-1,-3,-1,-3,-1,-4,-1,-4,-1,-4,-2,-5,-2,-5,-2,-5,-2,-5,-2,-6,-2,-6,-2,-6,-2,-6,-1,-6,-1,-7,-1,-7,-1,-7,-1,-7,-1,-7,-1,-7,0,-7,0,-8,0,0,0,-8,0,-8,0,-8,0,-8,0,-8,0,-8,0,-8,0,-8,0,-8,0,-8,1,-8,1,-8,1,-8,1,-8,1,-8,1,-8,1,-8,1,-8,1,-8,1,-8,1,-9,1,-9,1,-9,1,-9,0,-9,0,-9,-1,0,0,0,0,0,0,0,0,0,0,0,0,0,0,1,-25,3,-22,2,-14,5,-8,-2,-2,0,-3,-6,7,-3,1,-9,6,-10,12,-11,10,-14,20,-13,16,-15,18,-18,16,-16,20,-17,19,-14,20,-22,25,-15,24,-15,28,-14,23,-16,30,-15,30,-19,25,-19,28,-17,26,-17,30,-14,32,-15,36,-16,30,-11,34,-15,42,-13,37,-10,33,-14,35,-17,34,-10,37,-11,35,-11,33,-10,35,-13,31,-12,36,-7,31,-12,35,-9,36,-10,32,-10,35,-6,34,-8,37,-7,39,-14,37,-13,39,-11,36,-15,35,-17,34,-22,32,0,0,0,0,0,0,0,0,0,0,0,0,0,0,0,0,0,0,0,0,0,0,-32,-23,-30,-32,-31,-37,-29,-40,-20,-43,-19,-45,-18,-52,-10,-55,-12,-50,-5,-58,-2,-65,8,-64,7,-62,15,-68,18,-64,17,-62,27,-67,29,-64,33,-65,35,-58,43,-54,50,-59,46,-54,51,-53,56,-55,53,-55,57,-47,53,-46,60,-41,65,-42,57,-41,61,-41,62,-37,66,-34,61,-35,63,-37,63,-30,58,-32,59,-30,58,-32,62,-31,60,-32,55,-29,57,-26,57,-29,57,-32,58,-25,54,-24,56,-24,48,-19,55,-20,53,-19,55,-16,43,-16,50,-11,44,-5,41,-6,0,0]"
CSI_DATA,206,1a:00:00:00:00:00,-52,11,1,0,1,1,1,0,0,0,1,-96,0,11,2,2962150,0,44,0,384,0,"[0,0,0,0,0,0,0,0,0,0,0,0,-1,0,0,-1,0,-1,1,-1,1,-1,2,-2,3,-2,3,-2,3,-2,4,-2,4,-2,4,-2,4,-2,4,-3,4,-2,5,-3,5,-3,5,-3,5,-3,5,-4,5,-3,5,-4,5,-4,5,-4,5,-4,5,-4,0,0,5,-5,5,-5,5,-5,5,-5,5,-5,5,-5,5,-5,5,-5,5,-5,5,-5,5,-5,5,-5,4,-5,4,-6,4,-6,4,-6,4,-6,4,-6,4,-6,5,-6,5,-6,5,-6,5,-6,6,-6,6,-5,6,-5,0,0,0,0,0,0,0,0,0,0,0,0,0,0,12,21,6,18,-2,15,3,5,3,3,-3,-3,0,-5,-3,-8,-4,-15,0,-13,-2,-18,0,-24,-2,-23,0,-27,3,-22,1,-28,0,-28,-1,-29,-4,-32,-2,-33,-7,-34,-4,-29,-9,-32,-8,-33,-4,-37,-9,-35,-12,-38,-15,-34,-8,-38,-9,-33,-10,-41,-11,-32,-9,-33,-10,-38,-9,-37,-8,-33,-19,-29,-12,-35,-14,-37,-14,-32,-20,-33,-13,-32,-18,-28,-17,-28,-13,-34,-15,-30,-18,-30,-17,-29,-16,-31,-20,-33,-17,-35,-20,-36,-14,-31,-15,-35,-14,-33,-13,-39,-10,-38,0,0,0,0,0,0,0,0,0,0,0,0,0,0,0,0,0,0,0,0,0,0,40,3,41,0,38,12,43,18,43,17,42,27,41,32,44,34,41,36,37,44,34,49,33,50,28,56,29,59,20,66,17,63,17,73,11,68,6,66,3,76,5,72,-2,73,-2,73,-6,76,-18,78,-14,76,-13,75,-9,67,-21,73,-26,80,-25,69,-27,66,-28,68,-27,65,-29,67,-33,62,-29,62,-27,57,-30,59,-31,62,-28,55,-38,58,-32,60,-29,58,-30,51,-40,53,-32,56,-24,58,-26,52,-31,48,-31,51,-32,49,-32,45,-39,44,-38,37,-39,33,-33,29,0,0]"
CSI_DATA,207,1a:00:00:00:00:00,-52,11,1,0,1,1,1,0,0,0,1,-96,0,11,2,2973215,0,44,0,384,0,"[0,0,0,0,0,0,0,0,0,0,0,0,0,-1,0,0,0,0,0,1,0,2,0,2,1,3,1,3,1,4,1,4,1,4,1,4,1,5,1,5,1,5,1,5,1,5,1,5,2,5,2,6,2,6,2,6,2,6,2,6,2,6,3,6,0,0,3,6,3,6,3,6,3,6,3,6,3,6,3,6,3,5,3,5,4,5,4,5,4,5,4,5,4,5,4,5,4,5,4,5,4,5,4,5,4,5,4,5,4,5,4,6,4,6,3,6,3,7,0,0,0,0,0,0,0,0,0,0,0,0,0,0,-20,-5,-22,-2,-15,-5,-9,-5,-2,-4,2,-4,8,1,10,3,9,3,20,3,21,4,18,8,22,8,21,11,25,9,23,9,28,7,30,8,29,7,30,8,30,8,33,11,28,11,33,12,30,9,33,5,35,9,37,6,34,9,38,8,42,11,35,9,30,9,35,7,36,4,36,7,38,2,30,3,39,2,36,1,35,4,36,-3,31,4,34,0,40,4,35,0,28,-2,37,2,35,-1,36,3,38,-3,36,2,37,1,33,1,38,9,35,11,39,7,0,0,0,0,0,0,0,0,0,0,0,0,0,0,0,0,0,0,0,0,0,0,-6,37,-17,39,-20,38,-29,36,-30,38,-40,32,-46,33,-43,31,-51,26,-48,26,-55,21,-59,19,-62,18,-65,9,-71,7,-68,-7,-69,-5,-69,-10,-71,-14,-67,-15,-68,-17,-68,-23,-73,-23,-67,-26,-66,-34,-72,-32,-70,-34,-64,-40,-64,-41,-64,-42,-62,-40,-58,-50,-56,-52,-58,-43,-50,-49,-55,-52,-49,-48,-53,-51,-46,-47,-49,-50,-45,-53,-44,-47,-44,-48,-41,-47,-45,-46,-36,-46,-41,-44,-42,-45,-36,-53,-36,-48,-30,-46,-32,-47,-35,-52,-24,-44,-20,-51,-28,-42,-13,-39,0,0]"
CSI_DATA,208,1a:00:00:00:00:00,-52,11,1,0,1,1,1,0,0,0,1,-96,0,11,2,2982231,0,44,0,384,0,"[0,0,0,0,0,0,0,0,0,0,0,0,0,0,0,0,-1,1,-2,1,-2,2,-3,2,-3,2,-3,2,-4,3,-4,3,-4,3,-5,3,-5,3,-5,3,-5,4,-5,4,-5,4,-5,4,-5,5,-5,5,-5,5,-5,5,-5,5,-5,5,-5,5,-5,5,0,0,-5,6,-5,5,-5,6,-5,6,-5,6,-5,6,-5,6,-5,6,-4,6,-4,6,-4,6,-4,6,-4,6,-4,6,-4,6,-4,6,-3,6,-3,6,-3,6,-4,7,-4,7,-4,7,-4,6,-5,6,-5,6,-6,6,0,0,0,0,0,0,0,0,0,0,0,0,0,0,-9,-22,-5,-19,-7,-9,1,-1,4,-3,-2,0,4,6,-1,14,6,13,0,16,6,18,1,20,4,25,6,30,0,21,7,27,7,30,5,28,9,32,8,33,6,34,7,30,5,28,7,34,8,30,9,35,6,31,8,38,13,35,13,36,11,32,9,39,9,33,14,35,12,32,11,34,6,39,13,37,14,34,15,34,10,33,13,33,16,30,17,28,15,27,18,27,20,27,16,28,23,34,16,30,16,32,17,33,14,33,13,30,15,32,15,31,8,37,0,0,0,0,0,0,0,0,0,0,0,0,0,0,0,0,0,0,0,0,0,0,-37,13,-44,6,-42,1,-45,-1,-48,-11,-51,-11,-43,-18,-46,-26,-48,-25,-48,-31,-48,-37,-46,-41,-42,-50,-45,-51,-40,-56,-39,-58,-34,-65,-28,-61,-30,-62,-19,-63,-15,-67,-23,-71,-14,-71,-13,-73,-11,-70,-9,-75,-5,-76,-2,-82,5,-73,9,-76,10,-66,16,-74,13,-68,11,-69,16,-72,10,-68,12,-67,13,-70,15,-64,17,-68,16,-65,15,-65,20,-66,15,-62,22,-58,28,-57,18,-50,19,-59,20,-56,17,-54,20,-56,20,-54,27,-49,26,-43,27,-39,26,-39,24,-29,0,0]"
CSI_DATA,209,1a:00:00:00:00:00,-51,11,1,0,1,1,1,0,0,0,1,-96,0,11,2,2992162,0,44,0,384,0,"[0,0,0,0,0,0,0,0,0,0,0,0,-1,0,-2,0,-2,-1,-3,-1,-3,-2,-4,-2,-4,-2,-4,-3,-5,-3,-5,-3,-5,-4,-5,-4,-5,-4,-6,-4,-6,-4,-6,-4,-6,-4,-6,-4,-6,-4,-7,-4,-7,-4,-7,-4,-7,-4,-7,-4,-7,-4,-8,-4,0,0,-8,-4,-8,-4,-8,-4,-8,-4,-7,-3,-8,-3,-8,-3,-8,-3,-7,-3,-8,-3,-7,-3,-7,-3,-7,-2,-7,-2,-8,-2,-7,-2,-8,-2,-8,-2,-8,-2,-8,-2,-8,-2,-8,-2,-8,-2,-8,-3,-8,-4,-8,-4,0,0,0,0,0,0,0,0,0,0,0,0,0,0,17,-15,12,-7,8,-4,10,1,0,4,0,3,-4,8,-11,9,-11,9,-12,7,-22,14,-26,8,-28,15,-23,12,-28,15,-29,12,-31,13,-26,15,-26,14,-32,16,-34,17,-32,19,-36,18,-31,16,-28,16,-32,17,-43,22,-34,23,-36,22,-39,19,-40,23,-38,22,-36,26,-32,26,-34,21,-38,23,-35,26,-32,26,-33,26,-27,21,-28,31,-30,15,-28,26,-29,20,-28,27,-27,26,-23,26,-28,26,-30,25,-25,29,-30,30,-27,27,-25,26,-29,25,-29,25,-35,23,-34,22,0,0,0,0,0,0,0,0,0,0,0,0,0,0,0,0,0,0,0,0,0,0,-13,-36,-11,-38,-6,-46,0,-45,6,-45,11,-45,17,-50,21,-53,28,-50,30,-52,38,-47,41,-47,41,-41,51,-47,51,-39,54,-41,62,-35,64,-36,66,-31,70,-29,66,-26,64,-21,72,-14,74,-17,71,-18,76,-6,74,-9,75,-4,69,-6,78,-1,76,5,72,7,75,2,73,12,75,4,70,9,69,7,64,8,61,8,69,9,64,11,65,9,63,12,65,12,63,13,68,7,63,11,60,14,58,10,61,17,59,18,57,19,49,23,46,20,42,22,36,24,40,25,0,0]"
CSI_DATA,210,1a:00:00:00:00:00,-51,11,1,0,1,1,1,0,0,0,1,-96,0,11,2,3013194,0,44,0,384,0,"[0,0,0,0,0,0,0,0,0,0,0,0,1,0,1,1,1,2,1,2,1,3,1,4,1,4,1,5,1,5,1,5,1,6,1,6,1,6,1,6,1,7,2,7,2,7,2,7,2,7,2,7,2,8,2,8,2,8,3,8,3,8,3,8,0,0,3,8,3,8,3,8,3,8,3,7,3,7,3,7,3,7,4,7,4,7,4,7,4,6,4,6,4,6,4,6,4,6,4,6,5,6,5,6,5,6,5,6,5,6,4,6,4,7,4,7,3,7,0,0,0,0,0,0,0,0,0,0,0,0,0,0,-20,-11,-13,-16,-10,-12,-3,-9,6,-11,7,-4,12,0,19,-3,22,3,27,2,25,0,22,0,29,3,28,7,33,5,34,5,31,7,36,2,34,5,35,6,39,10,40,10,39,5,40,3,41,2,42,11,39,5,39,0,42,1,47,3,46,-5,49,-2,44,3,41,1,49,0,42,0,40,-1,46,-4,41,2,40,-6,38,-7,39,-9,40,-3,36,-5,38,-2,37,-3,39,-12,39,-9,30,-9,37,-10,36,-7,41,-6,41,-8,35,-8,37,-6,39,-3,39,-2,0,0,0,0,0,0,0,0,0,0,0,0,0,0,0,0,0,0,0,0,0,0,-32,27,-33,22,-38,14,-41,15,-47,9,-46,11,-45,0,-54,0,-57,-8,-56,-7,-61,-12,-57,-17,-63,-19,-61,-27,-54,-29,-54,-32,-53,-38,-53,-39,-51,-39,-51,-45,-49,-45,-50,-52,-46,-55,-47,-52,-43,-52,-44,-56,-45,-58,-42,-62,-37,-64,-35,-56,-38,-63,-34,-60,-32,-64,-29,-62,-25,-61,-34,-66,-32,-60,-28,-56,-31,-58,-30,-60,-23,-62,-28,-58,-23,-58,-23,-61,-22,-53,-20,-57,-23,-60,-24,-51,-22,-52,-20,-52,-17,-54,-17,-47,-12,-47,-15,-46,-9,-40,-1,-40,-2,-37,0,0]"
CSI_DATA,211,1a:00:00:00:00:00,-50,11,1,0,1,1,1,0,0,0,1,-96,0,11,2,3023062,0,44,0,384,0,"[0,0,0,0,0,0,0,0,0,0,0,0,1,-1,2,0,2,1,2,2,2,2,3,3,3,4,3,4,3,4,3,5,3,5,3,5,3,5,3,6,3,6,4,6,4,6,4,6,4,6,5,6,4,6,5,6,5,6,5,6,5,7,5,7,0,0,6,7,5,7,6,6,6,6,5,6,6,6,6,6,6,6,6,6,6,6,6,6,5,5,5,5,5,5,6,5,6,5,6,4,6,5,6,4,6,5,6,5,6,5,6,5,6,6,5,6,5,6,0,0,0,0,0,0,0,0,0,0,0,0,0,0,-18,-6,-15,-10,-4,-12,-5,-10,2,-10,3,-8,15,-10,16,-12,22,-6,26,-15,27,-9,30,-7,37,-8,38,-3,39,1,33,-6,38,-9,36,-8,40,-5,40,-10,46,-4,40,-9,45,-11,43,-9,40,-11,46,-12,48,-16,47,-9,50,-12,47,-16,44,-10,46,-11,45,-15,46,-11,44,-12,47,-16,40,-16,45,-12,44,-15,42,-17,38,-15,43,-17,36,-12,38,-16,34,-17,33,-17,39,-20,41,-19,39,-17,37,-20,37,-21,34,-17,38,-18,39,-14,41,-14,42,-12,46,-12,0,0,0,0,0,0,0,0,0,0,0,0,0,0,0,0,0,0,0,0,0,0,-10,37,-19,33,-25,34,-26,33,-33,35,-37,34,-26,26,-40,24,-51,26,-47,21,-52,18,-59,11,-59,13,-64,6,-66,5,-63,-2,-64,-7,-61,-9,-68,-8,-67,-11,-64,-15,-68,-19,-65,-20,-63,-29,-66,-34,-69,-29,-61,-33,-64,-28,-62,-37,-58,-39,-57,-39,-57,-42,-57,-43,-52,-36,-58,-36,-53,-37,-57,-46,-53,-46,-54,-39,-51,-42,-56,-40,-45,-40,-49,-45,-49,-40,-45,-38,-53,-43,-50,-39,-44,-40,-45,-39,-41,-32,-36,-43,-33,-50,-32,-37,-23,-42,-22,-42,-21,-41,-18,-43,0,0]"
CSI_DATA,212,1a:00:00:00:00:00,-50,11,1,0,1,1,1,0,0,0,1,-96,0,11,2,3032163,0,44,0,384,0,"[0,0,0,0,0,0,0,0,0,0,0,0,-3,-1,-3,-2,-3,-3,-3,-3,-3,-4,-3,-5,-3,-5,-3,-6,-3,-6,-3,-6,-3,-7,-4,-7,-4,-7,-4,-7,-4,-7,-4,-8,-4,-8,-4,-8,-5,-8,-5,-8,-5,-8,-5,-8,-5,-8,-5,-8,-5,-8,-6,-9,0,0,-6,-9,-5,-9,-6,-9,-6,-8,-6,-8,-6,-8,-6,-8,-6,-8,-6,-8,-6,-8,-6,-8,-6,-7,-6,-7,-6,-7,-6,-7,-6,-7,-6,-6,-6,-6,-6,-7,-6,-7,-6,-7,-6,-7,-6,-7,-6,-7,-5,-7,-5,-8,0,0,0,0,0,0,0,0,0,0,0,0,0,0,12,13,8,7,2,6,-2,13,-12,5,-13,5,-15,5,-22,4,-23,5,-28,3,-33,-1,-29,-5,-31,-5,-37,-7,-41,-6,-37,-5,-40,-5,-42,-2,-43,-4,-41,-3,-47,-5,-49,2,-48,3,-46,3,-47,5,-49,2,-46,2,-52,0,-52,1,-54,2,-51,2,-53,10,-48,4,-50,3,-54,6,-52,7,-47,6,-52,2,-40,8,-52,7,-45,5,-45,6,-42,6,-41,10,-42,8,-41,7,-35,13,-41,15,-45,13,-37,7,-42,16,-39,12,-41,16,-43,14,-44,7,-44,7,-44,4,0,0,0,0,0,0,0,0,0,0,0,0,0,0,0,0,0,0,0,0,0,0,28,-23,33,-22,34,-18,42,-19,42,-15,46,-8,44,-3,45,0,50,5,52,8,53,10,56,16,57,21,51,26,60,25,50,27,58,35,48,38,52,39,48,45,43,46,49,45,40,45,43,51,45,56,41,53,38,55,39,62,34,56,37,63,36,57,29,62,27,59,32,59,29,59,32,61,29,58,26,56,25,54,29,61,30,58,29,54,22,59,24,53,27,52,16,40,23,51,25,54,19,51,17,50,16,52,17,44,10,40,9,42,6,42,4,42,-1,34,0,0]"
CSI_DATA,213,1a:00:00:00:00:00,-50,11,1,0,1,1,1,0,0,0,1,-96,0,11,2,3062429,0,44,0,384,0,"[0,0,0,0,0,0,0,0,0,0,0,0,0,2,1,3,0,3,0,3,-1,5,-1,5,-1,5,-1,5,-2,6,-2,6,-1,7,-2,7,-2,7,-2,7,-2,7,-2,8,-1,8,-2,8,-1,8,-1,9,-2,9,-1,9,-1,8,-1,9,-1,9,-1,10,0,0,-1,10,-1,9,-1,9,-1,10,-1,9,-1,9,-1,9,-1,9,-1,9,0,9,0,9,0,9,-1,8,-1,8,0,8,0,8,-1,8,0,7,0,8,0,8,0,8,0,8,-1,8,0,8,-1,8,-2,7,0,0,0,0,0,0,0,0,0,0,0,0,0,0,9,-14,9,-1,4,2,13,8,5,10,6,21,4,18,7,23,-3,26,3,30,-1,33,-3,36,-2,43,-2,40,-8,36,-5,40,-7,43,-4,40,-3,47,-2,44,-5,46,2,50,2,48,1,45,-3,50,2,53,0,56,0,57,-4,55,1,58,2,54,3,58,2,50,-1,54,4,52,-1,55,5,53,5,51,6,55,7,49,4,53,-4,48,1,50,-1,45,5,45,3,41,10,42,9,43,6,45,9,45,6,46,8,49,7,41,8,48,2,45,3,47,-2,43,0,0,0,0,0,0,0,0,0,0,0,0,0,0,0,0,0,0,0,0,0,0,-30,-25,-32,-27,-25,-29,-24,-36,-23,-40,-16,-41,-12,-46,-14,-43,-9,-49,-6,-51,4,-57,5,-57,10,-59,13,-52,14,-52,26,-57,26,-54,27,-51,27,-57,31,-53,36,-55,32,-53,39,-53,42,-49,48,-47,45,-46,45,-40,52,-43,49,-45,52,-42,50,-39,54,-43,50,-39,53,-38,57,-35,48,-38,47,-33,52,-38,52,-31,52,-34,51,-28,48,-36,56,-34,50,-27,46,-25,42,-34,44,-34,48,-25,42,-30,44,-25,46,-19,42,-18,43,-16,39,-12,36,-12,34,-7,31,-9,0,0]"
CSI_DATA,214,1a:00:00:00:00:00,-49,11,1,0,1,1,1,0,0,0,1,-96,0,11,2,3072152,0,44,0,384,0,"[0,0,0,0,0,0,0,0,0,0,0,0,-3,-1,-3,-1,-4,-1,-5,-2,-6,-2,-6,-3,-6,-3,-7,-3,-7,-3,-7,-4,-8,-3,-8,-3,-8,-3,-8,-4,-8,-3,-8,-4,-9,-3,-9,-3,-9,-3,-10,-4,-10,-4,-9,-3,-10,-3,-10,-3,-11,-3,-10,-3,0,0,-11,-3,-11,-3,-11,-2,-11,-3,-11,-3,-10,-3,-10,-2,-10,-3,-10,-3,-10,-2,-10,-2,-9,-2,-10,-2,-9,-2,-9,-2,-9,-2,-9,-1,-9,-2,-9,-2,-9,-2,-9,-2,-9,-2,-9,-2,-9,-2,-9,-2,-8,-3,0,0,0,0,0,0,0,0,0,0,0,0,0,0,10,4,2,7,-1,6,-11,8,-16,4,-19,5,-18,-2,-28,-6,-24,-7,-28,-7,-35,-12,-37,-11,-36,-18,-36,-12,-35,-19,-37,-18,-41,-11,-42,-11,-42,-11,-41,-16,-49,-14,-47,-16,-47,-10,-48,-19,-44,-13,-50,-16,-58,-13,-55,-10,-56,-13,-53,-12,-54,-11,-55,-11,-53,-12,-55,-14,-57,-10,-53,-12,-54,-8,-59,-14,-52,-9,-51,-11,-54,-7,-51,-12,-51,-8,-50,-6,-48,-9,-48,-6,-47,-3,-48,-4,-47,-3,-43,-3,-46,-8,-48,-3,-42,-4,-42,-8,-46,-1,-43,-13,-43,-13,0,0,0,0,0,0,0,0,0,0,0,0,0,0,0,0,0,0,0,0,0,0,27,-24,37,-21,38,-21,45,-10,40,-11,44,-8,47,-5,47,0,50,8,54,11,57,15,48,16,50,24,50,29,47,29,47,34,50,41,41,42,44,47,41,44,36,47,38,53,34,47,35,55,39,59,36,60,32,57,28,61,27,61,28,57,28,61,21,58,21,61,19,59,17,61,18,61,17,60,18,59,17,56,17,57,14,59,18,56,15,58,13,53,17,57,8,53,12,46,14,45,13,50,9,43,10,45,8,40,4,42,6,37,0,41,-1,32,3,34,0,0]"
CSI_DATA,215,1a:00:00:00:00:00,-50,11,1,0,1,1,1,0,0,0,1,-96,0,11,2,3085023,0,44,0,384,0,"[0,0,0,0,0,0,0,0,0,0,0,0,0,-3,1,-2,2,-4,2,-4,3,-4,4,-4,3,-4,3,-5,3,-5,4,-5,5,-5,4,-5,5,-5,5,-6,5,-6,5,-6,5,-6,5,-7,5,-7,5,-7,6,-7,5,-8,5,-7,5,-8,6,-8,6,-8,0,0,6,-8,6,-8,6,-8,6,-8,6,-8,6,-9,5,-9,6,-8,5,-8,5,-8,5,-7,5,-7,5,-7,5,-7,5,-7,4,-7,5,-7,4,-7,4,-7,4,-7,4,-7,4,-7,5,-6,5,-6,5,-6,5,-5,0,0,0,0,0,0,0,0,0,0,0,0,0,0,-9,8,-5,-3,-6,-3,1,-10,-1,-7,11,-16,9,-20,13,-20,19,-24,17,-23,16,-24,17,-29,21,-26,28,-28,23,-25,28,-25,26,-28,24,-34,25,-35,27,-36,28,-39,32,-33,30,-39,24,-42,29,-40,32,-43,31,-44,27,-52,30,-43,26,-47,34,-48,35,-46,32,-47,34,-50,26,-50,32,-46,31,-46,29,-46,26,-47,26,-45,28,-39,26,-44,25,-39,26,-41,26,-44,26,-39,24,-41,25,-38,26,-37,19,-41,19,-39,21,-38,23,-37,22,-32,28,-36,30,-32,36,-34,0,0,0,0,0,0,0,0,0,0,0,0,0,0,0,0,0,0,0,0,0,0,25,27,22,30,16,34,17,42,14,40,-1,41,-3,44,-4,46,-5,46,-15,47,-17,47,-24,52,-23,49,-27,46,-30,48,-38,44,-43,42,-45,39,-42,45,-49,38,-45,33,-51,39,-50,33,-54,29,-61,28,-59,31,-58,20,-58,27,-63,22,-67,18,-60,20,-65,17,-68,15,-67,13,-64,13,-61,12,-56,9,-60,9,-56,10,-59,11,-59,5,-54,8,-57,9,-58,6,-55,7,-58,14,-53,11,-56,7,-53,6,-54,1,-52,1,-51,1,-45,-4,-41,-9,-39,-8,-34,-10,-26,-17,0,0]"
CSI_DATA,216,1a:00:00:00:00:00,-49,11,1,0,1,1,1,0,0,0,1,-96,0,11,2,3103292,0,44,0,384,0,"[0,0,0,0,0,0,0,0,0,0,0,0,0,1,1,1,0,3,1,3,1,4,1,4,1,4,1,5,1,5,0,6,2,6,2,6,2,6,1,7,2,7,3,7,2,8,4,7,4,7,3,7,3,8,4,8,4,8,4,8,4,8,4,9,0,0,5,8,4,8,4,9,5,9,4,9,4,8,4,8,4,8,4,8,4,8,4,8,4,7,3,7,4,7,4,7,4,7,4,7,4,7,4,6,4,6,4,6,4,6,4,7,3,7,3,7,2,7,0,0,0,0,0,0,0,0,0,0,0,0,0,0,-2,-14,2,-10,3,-1,4,2,9,11,-1,11,6,13,10,17,8,22,12,23,3,30,10,27,9,33,3,30,16,34,13,37,12,38,19,40,17,45,16,37,19,45,15,40,22,41,18,49,20,51,19,46,20,50,22,49,25,48,27,48,30,45,30,52,28,50,29,53,28,52,24,51,20,51,28,48,27,48,25,46,24,44,23,50,20,40,22,40,23,42,25,39,27,39,26,41,24,38,17,37,24,39,21,42,26,38,20,41,21,40,18,37,17,41,0,0,0,0,0,0,0,0,0,0,0,0,0,0,0,0,0,0,0,0,0,0,-39,-7,-37,-8,-38,-16,-37,-21,-38,-24,-37,-33,-29,-36,-28,-38,-24,-45,-19,-43,-23,-42,-20,-50,-18,-52,-12,-60,-8,-60,-4,-56,-3,-56,-3,-61,7,-62,11,-62,14,-63,15,-63,13,-58,15,-62,21,-61,21,-61,27,-62,22,-61,32,-54,29,-60,31,-54,28,-55,40,-57,31,-58,39,-55,32,-52,31,-48,34,-55,31,-51,36,-52,37,-58,29,-53,36,-50,33,-50,28,-47,32,-39,31,-46,32,-51,28,-50,32,-44,30,-46,32,-37,31,-39,28,-39,27,-29,26,-26,29,-24,0,0]"
CSI_DATA,217,1a:00:00:00:00:00,-49,11,1,0,1,1,1,0,0,0,1,-96,0,11,2,3112616,0,44,0,384,0,"[0,0,0,0,0,0,0,0,0,0,0,0,-2,-2,-1,-3,-1,-3,-1,-5,-1,-5,-1,-6,-1,-6,-1,-6,-1,-6,0,-7,-1,-7,-1,-8,-1,-8,-1,-8,-1,-9,-1,-8,-2,-9,-1,-9,-1,-9,-1,-9,-2,-10,-2,-10,-1,-10,-2,-10,-2,-11,-3,-11,0,0,-3,-12,-2,-10,-2,-11,-2,-12,-2,-11,-2,-11,-2,-11,-2,-11,-2,-10,-2,-11,-3,-10,-2,-10,-2,-10,-2,-9,-2,-9,-3,-10,-3,-9,-2,-9,-2,-9,-2,-9,-2,-9,-2,-9,-2,-9,-1,-9,-1,-9,0,-9,0,0,0,0,0,0,0,0,0,0,0,0,0,0,-2,12,0,5,-2,-1,-4,-3,-1,-6,1,-15,4,-19,6,-22,2,-22,4,-27,5,-27,1,-30,5,-38,3,-35,6,-37,2,-39,2,-37,2,-45,3,-42,2,-40,3,-49,-1,-45,2,-51,2,-51,2,-47,-5,-54,1,-50,-5,-52,-2,-56,-7,-58,-3,-60,1,-60,-1,-59,-4,-57,0,-52,1,-58,-5,-50,0,-55,5,-57,1,-56,5,-51,1,-45,-1,-54,1,-50,6,-50,-2,-49,-6,-51,-1,-47,1,-52,3,-42,-3,-43,-1,-46,1,-49,-1,-42,2,-45,6,-45,10,-47,0,0,0,0,0,0,0,0,0,0,0,0,0,0,0,0,0,0,0,0,0,0,35,9,34,17,32,19,32,25,35,28,30,31,24,35,23,40,20,44,22,45,14,50,8,49,7,55,1,58,-3,58,-8,54,-4,57,-14,53,-19,61,-23,53,-23,53,-31,59,-25,52,-29,55,-37,53,-34,58,-36,53,-40,50,-41,50,-46,56,-39,47,-48,46,-51,42,-48,46,-50,45,-49,49,-48,44,-44,43,-44,44,-45,45,-48,43,-47,38,-47,42,-43,33,-46,31,-40,45,-38,36,-44,39,-50,35,-40,29,-41,30,-40,31,-43,29,-33,16,-36,22,-34,13,-31,11,0,0]"
CSI_DATA,218,1a:00:00:00:00:00,-49,11,1,0,1,1,1,0,0,0,1,-96,0,11,2,3122336,0,44,0,384,0,"[0,0,0,0,0,0,0,0,0,0,0,0,1,-1,1,-1,2,0,3,0,4,0,4,1,4,1,5,1,5,1,6,0,6,1,7,1,7,1,7,1,7,0,7,1,8,1,8,0,8,0,8,0,9,0,9,0,9,0,10,0,10,0,10,0,0,0,11,0,10,0,10,0,10,0,11,0,10,0,10,0,9,0,9,0,9,0,9,0,9,-1,8,-1,8,0,9,0,9,0,8,-1,8,-1,8,-1,8,-1,8,0,8,0,8,0,8,0,7,0,7,1,0,0,0,0,0,0,0,0,0,0,0,0,0,0,-13,-7,-10,-6,5,-4,3,-9,4,-3,16,-1,19,4,15,6,24,10,29,5,26,7,26,3,30,11,28,12,32,12,33,11,35,13,37,12,38,7,40,8,47,9,45,8,43,11,42,11,50,9,52,8,51,4,57,8,47,7,56,10,58,4,53,7,61,4,53,1,54,5,57,5,58,7,52,1,57,14,55,9,52,9,54,4,47,4,47,3,48,4,48,10,48,7,48,7,42,2,46,7,46,3,46,0,44,-1,46,6,43,6,41,13,43,12,0,0,0,0,0,0,0,0,0,0,0,0,0,0,0,0,0,0,0,0,0,0,-23,27,-28,21,-34,21,-37,16,-40,14,-48,11,-42,6,-47,3,-45,-1,-47,-6,-52,-13,-48,-17,-49,-18,-48,-20,-45,-24,-49,-31,-48,-35,-43,-34,-42,-39,-38,-42,-38,-37,-46,-49,-35,-46,-54,-60,-39,-50,-38,-56,-33,-50,-32,-55,-27,-56,-26,-59,-30,-60,-26,-53,-26,-61,-23,-58,-24,-57,-24,-58,-27,-58,-22,-57,-22,-59,-23,-56,-20,-58,-20,-54,-19,-52,-21,-57,-22,-55,-10,-48,-18,-47,-22,-49,-16,-52,-18,-48,-19,-49,-15,-46,-9,-42,-8,-43,-2,-40,-6,-37,-3,-32,0,0]"
CSI_DATA,219,1a:00:00:00:00:00,-49,11,1,0,1,1,1,0,0,0,1,-96,0,11,2,3143438,0,44,0,384,0,"[0,0,0,0,0,0,0,0,0,0,0,0,0,-2,1,-2,2,-2,3,-2,3,-3,4,-2,4,-2,4,-2,5,-2,5,-3,6,-2,6,-3,6,-3,6,-3,6,-4,7,-4,6,-4,6,-4,7,-4,7,-4,7,-4,7,-4,7,-5,7,-6,7,-5,7,-5,0,0,8,-5,8,-6,8,-6,8,-6,8,-6,9,-5,8,-6,8,-5,8,-5,8,-5,7,-5,8,-5,7,-5,7,-5,7,-5,7,-5,6,-5,7,-5,7,-5,6,-5,7,-5,7,-4,6,-4,6,-4,7,-4,7,-3,0,0,0,0,0,0,0,0,0,0,0,0,0,0,-13,2,-13,-4,-6,-8,-1,-11,8,-10,16,-9,11,-15,15,-16,16,-8,23,-10,24,-20,28,-21,32,-23,33,-20,34,-21,33,-18,33,-21,35,-23,38,-26,39,-24,41,-28,42,-27,42,-26,38,-33,40,-29,44,-32,40,-35,44,-33,45,-34,47,-39,51,-38,51,-39,49,-39,48,-38,44,-37,43,-36,40,-40,45,-42,45,-40,48,-38,42,-33,42,-32,45,-37,43,-35,41,-30,35,-30,45,-35,37,-36,36,-32,36,-32,36,-34,35,-32,37,-32,40,-25,38,-29,38,-18,39,-20,0,0,0,0,0,0,0,0,0,0,0,0,0,0,0,0,0,0,0,0,0,0,0,36,-10,36,-12,37,-15,37,-24,32,-27,35,-28,31,-33,32,-40,30,-44,28,-41,20,-48,22,-48,15,-48,13,-54,12,-53,3,-57,1,-56,-5,-58,0,-59,-2,-57,-5,-58,-8,-60,-11,-58,-12,-59,-20,-57,-19,-56,-20,-60,-19,-57,-23,-59,-23,-56,-31,-58,-22,-53,-24,-55,-31,-54,-33,-57,-30,-52,-29,-54,-24,-55,-28,-55,-27,-50,-28,-49,-33,-48,-30,-50,-30,-53,-27,-40,-22,-46,-22,-52,-28,-46,-29,-45,-25,-47,-23,-35,-31,-34,-25,-33,-26,-26,-35,-25,-27,-21,-24,0,0]"
CSI_DATA,220,1a:00:00:00:00:00,-49,11,1,0,1,1,1,0,0,0,1,-96,0,11,2,3152530,0,44,0,384,0,"[0,0,0,0,0,0,0,0,0,0,0,0,-1,1,-2,2,-3,2,-3,2,-4,2,-5,2,-5,2,-6,2,-6,2,-7,3,-7,3,-7,3,-7,4,-7,4,-7,4,-8,4,-7,4,-8,5,-8,5,-8,5,-8,6,-9,6,-8,6,-9,7,-8,7,-9,6,0,0,-9,7,-9,7,-9,7,-8,8,-9,7,-9,7,-9,7,-9,7,-8,7,-8,8,-9,7,-7,7,-8,7,-7,7,-7,7,-7,7,-7,7,-7,6,-7,7,-7,7,-7,6,-7,6,-7,6,-7,6,-7,6,-8,5,0,0,0,0,0,0,0,0,0,0,0,0,0,0,13,-3,5,1,6,9,1,8,-5,12,-12,10,-8,17,-18,13,-19,11,-27,12,-30,16,-21,14,-30,15,-26,21,-34,16,-33,23,-34,20,-36,23,-38,23,-38,22,-44,30,-41,27,-41,32,-39,27,-44,30,-45,33,-39,32,-39,38,-39,35,-42,40,-45,39,-45,39,-41,39,-47,41,-43,39,-49,39,-44,41,-44,38,-42,37,-41,37,-38,34,-45,35,-39,36,-41,36,-40,34,-37,33,-39,37,-38,36,-31,36,-35,34,-34,34,-31,27,-33,31,-32,28,-36,30,-36,25,-37,23,0,0,0,0,0,0,0,0,0,0,0,0,0,0,0,0,0,0,0,0,0,0,9,-37,7,-37,18,-37,24,-34,25,-32,28,-33,31,-29,35,-25,45,-17,42,-19,44,-14,55,-15,52,1,49,-4,59,5,45,13,55,1,45,7,49,3,62,14,51,17,55,17,46,19,53,26,51,25,49,23,55,29,55,35,45,29,51,35,41,32,52,31,49,38,50,37,49,34,44,36,48,27,51,34,45,28,46,31,46,29,42,30,48,30,45,26,48,25,49,36,40,25,41,32,47,36,41,32,34,27,38,30,37,32,29,28,25,27,25,29,17,28,0,0]"
CSI_DATA,221,1a:00:00:00:00:00,-49,11,1,0,1,1,1,0,0,0,1,-96,0,11,2,3162145,0,44,0,384,0,"[0,0,0,0,0,0,0,0,0,0,0,0,1,1,1,2,1,3,1,3,0,4,0,5,0,4,0,5,0,6,-1,7,0,7,0,7,0,7,0,7,0,7,1,8,1,8,1,8,1,8,2,9,1,8,2,9,1,9,2,8,2,9,2,10,0,0,3,10,4,9,3,9,3,10,3,10,2,10,3,9,3,9,3,10,3,10,2,10,2,9,3,8,2,8,3,8,2,8,3,8,3,8,3,8,3,8,2,8,2,8,2,8,2,8,1,8,1,8,0,0,0,0,0,0,0,0,0,0,0,0,0,0,11,-16,10,-7,5,-1,7,-3,14,8,4,12,6,18,10,21,9,23,9,29,13,30,10,32,15,30,6,34,8,35,12,35,10,42,15,34,14,39,16,43,18,44,19,42,20,44,25,46,17,47,27,50,23,45,31,51,28,48,29,51,27,53,37,53,33,51,30,51,34,50,31,55,28,47,29,52,36,49,37,49,36,53,28,48,35,49,29,47,37,47,31,42,31,42,36,43,25,39,31,42,29,41,27,39,26,39,29,44,25,36,20,44,20,46,0,0,0,0,0,0,0,0,0,0,0,0,0,0,0,0,0,0,0,0,0,0,-25,-30,-26,-33,-22,-35,-16,-42,-13,-46,-10,-45,-7,-45,-5,-50,-2,-48,5,-48,7,-53,14,-51,20,-54,20,-51,25,-52,27,-48,28,-48,35,-48,32,-47,35,-39,43,-44,42,-44,44,-43,41,-40,44,-40,47,-40,45,-41,47,-39,55,-40,50,-37,55,-34,55,-34,49,-34,51,-33,49,-35,50,-37,46,-31,44,-31,50,-31,53,-32,47,-34,51,-34,48,-31,46,-32,44,-33,50,-32,43,-28,43,-31,46,-27,40,-28,41,-23,44,-26,46,-18,38,-17,36,-11,38,-9,31,-12,0,0]"
CSI_DATA,222,1a:00:00:00:00:00,-49,11,1,0,1,1,1,0,0,0,1,-96,0,11,2,3173093,0,44,0,384,0,"[0,0,0,0,0,0,0,0,0,0,0,0,1,-2,1,-2,2,-3,2,-2,3,-3,4,-2,4,-2,5,-3,5,-2,6,-2,6,-2,6,-2,7,-3,7,-3,7,-3,7,-3,8,-3,7,-3,8,-4,8,-4,8,-4,9,-5,8,-4,9,-5,9,-5,9,-5,0,0,10,-5,10,-6,10,-5,10,-6,9,-5,9,-5,9,-5,9,-5,9,-5,9,-5,8,-5,9,-5,8,-5,8,-5,8,-5,7,-5,8,-5,7,-5,7,-5,7,-5,8,-4,8,-4,7,-4,7,-3,8,-3,7,-2,0,0,0,0,0,0,0,0,0,0,0,0,0,0,-17,-6,-13,-7,-3,-12,0,-13,7,-10,10,-15,17,-12,18,-17,20,-12,26,-7,27,-16,27,-18,26,-14,30,-13,28,-14,37,-14,36,-13,38,-17,35,-15,43,-23,42,-26,44,-21,43,-23,44,-23,46,-23,52,-24,50,-28,49,-27,56,-29,53,-31,54,-32,52,-29,53,-33,50,-35,49,-31,53,-29,45,-29,51,-35,49,-31,51,-33,51,-30,49,-31,54,-27,48,-24,45,-25,49,-30,46,-29,42,-30,41,-30,41,-29,43,-21,47,-27,39,-25,45,-24,46,-18,45,-22,44,-18,0,0,0,0,0,0,0,0,0,0,0,0,0,0,0,0,0,0,0,0,0,0,-14,36,-18,32,-23,39,-25,36,-33,34,-37,30,-40,25,-40,23,-42,20,-52,17,-52,12,-56,9,-52,3,-55,-1,-55,-2,-57,-6,-54,-12,-51,-16,-56,-17,-58,-18,-49,-19,-56,-22,-55,-26,-56,-28,-57,-33,-55,-28,-58,-25,-54,-34,-51,-31,-48,-36,-49,-42,-51,-38,-44,-38,-45,-42,-42,-38,-47,-39,-50,-40,-41,-41,-45,-36,-43,-41,-41,-38,-46,-39,-40,-42,-41,-36,-31,-38,-46,-29,-36,-41,-40,-35,-41,-28,-35,-38,-37,-42,-33,-36,-32,-35,-24,-35,-18,-37,-19,-32,-11,-36,0,0]"
CSI_DATA,223,1a:00:00:00:00:00,-49,11,1,0,1,1,1,0,0,0,1,-96,0,11,2,3182459,0,44,0,384,0,"[0,0,0,0,0,0,0,0,0,0,0,0,-3,0,-3,-1,-3,-2,-4,-3,-4,-3,-4,-4,-5,-5,-4,-4,-5,-5,-5,-6,-5,-6,-5,-6,-5,-6,-6,-6,-6,-6,-6,-6,-7,-7,-7,-6,-7,-6,-7,-7,-7,-7,-8,-6,-8,-7,-8,-6,-9,-7,-9,-7,0,0,-10,-7,-10,-7,-10,-7,-10,-7,-9,-7,-10,-7,-9,-6,-9,-7,-9,-7,-9,-8,-9,-7,-9,-6,-8,-6,-9,-6,-8,-6,-9,-6,-8,-5,-8,-5,-8,-5,-8,-6,-8,-6,-8,-6,-8,-5,-7,-6,-7,-6,-6,-6,0,0,0,0,0,0,0,0,0,0,0,0,0,0,-2,21,0,9,-8,7,-12,2,-10,-4,-14,-4,-19,-6,-20,-16,-21,-14,-22,-13,-15,-23,-23,-25,-28,-27,-24,-22,-29,-26,-27,-30,-28,-24,-36,-24,-34,-33,-32,-26,-41,-37,-40,-35,-40,-34,-38,-32,-37,-32,-45,-38,-39,-29,-49,-30,-53,-31,-56,-35,-51,-33,-53,-35,-48,-31,-55,-32,-50,-32,-52,-38,-52,-36,-45,-34,-46,-31,-51,-33,-48,-33,-54,-31,-52,-32,-52,-29,-46,-27,-45,-27,-46,-30,-45,-22,-43,-28,-42,-25,-44,-23,-43,-28,-45,-31,-44,-24,-39,-27,-41,-28,-35,-33,0,0,0,0,0,0,0,0,0,0,0,0,0,0,0,0,0,0,0,0,0,0,38,13,38,15,35,24,37,29,30,31,27,34,24,42,23,40,20,49,18,44,15,49,14,52,9,54,8,56,2,53,-1,55,-4,61,-2,51,-10,58,-16,52,-9,55,-20,54,-20,54,-20,49,-24,58,-19,54,-23,57,-23,57,-26,54,-27,53,-30,53,-30,55,-32,53,-36,54,-26,52,-32,51,-28,49,-26,45,-31,48,-32,52,-28,54,-28,47,-31,47,-23,48,-27,42,-32,54,-25,46,-29,40,-25,44,-22,38,-30,34,-26,40,-30,36,-20,27,-28,33,-27,28,-25,21,0,0]"
CSI_DATA,224,1a:00:00:00:00:00,-49,11,1,0,1,1,1,0,0,0,1,-96,0,11,2,3192150,0,44,0,384,0,"[0,0,0,0,0,0,0,0,0,0,0,0,-2,-3,-2,-3,-1,-4,-1,-4,-1,-5,0,-5,-1,-6,0,-6,0,-6,0,-6,0,-7,0,-7,0,-8,1,-8,0,-9,0,-9,-1,-9,0,-10,-1,-10,0,-10,-1,-10,-1,-10,-2,-11,-1,-11,-1,-12,-1,-11,0,0,-3,-12,-2,-12,-2,-11,-2,-12,-2,-11,-2,-12,-2,-12,-2,-12,-2,-12,-3,-11,-3,-11,-2,-11,-2,-10,-2,-10,-3,-11,-3,-10,-3,-10,-3,-9,-3,-10,-3,-9,-3,-10,-2,-9,-3,-10,-2,-9,-2,-10,-1,-9,0,0,0,0,0,0,0,0,0,0,0,0,0,0,-12,14,-9,3,-10,-3,-13,-1,-8,-13,-7,-13,-3,-17,-5,-18,-3,-26,0,-28,-5,-30,-1,-32,2,-32,0,-37,1,-33,-3,-37,-1,-39,-1,-42,1,-46,-3,-47,0,-52,-2,-49,-4,-47,-7,-49,-8,-50,-7,-58,-11,-48,-10,-57,-9,-56,-13,-58,-9,-60,-13,-61,-13,-61,-9,-62,-14,-56,-11,-58,-12,-63,-13,-58,-12,-59,-13,-60,-10,-58,-8,-54,-9,-55,-12,-56,-14,-53,-12,-51,-14,-52,-16,-52,-17,-46,-12,-51,-10,-50,-17,-50,-13,-51,-6,-50,-8,-52,-5,-48,-5,-49,0,0,0,0,0,0,0,0,0,0,0,0,0,0,0,0,0,0,0,0,0,0,22,30,21,37,10,45,6,44,5,44,-2,45,-5,44,-11,49,-14,49,-16,45,-19,47,-24,43,-25,43,-36,44,-34,41,-35,40,-38,39,-44,37,-43,27,-41,36,-45,31,-48,37,-52,24,-53,25,-55,24,-51,27,-52,23,-59,17,-58,20,-57,23,-58,19,-56,16,-55,19,-55,17,-56,15,-55,26,-58,12,-54,20,-57,17,-55,14,-56,19,-47,22,-65,11,-48,16,-51,17,-42,19,-50,14,-51,14,-54,16,-48,12,-43,9,-51,12,-46,9,-44,4,-39,0,-38,-2,-35,-2,0,0]"
CSI_DATA,225,1a:00:00:00:00:00,-49,11,1,0,1,1,1,0,0,0,1,-96,0,11,2,3203905,0,44,0,384,0,"[0,0,0,0,0,0,0,0,0,0,0,0,2,-1,3,0,2,0,2,1,3,1,4,2,4,2,4,3,4,3,4,3,5,3,5,3,5,3,5,3,6,3,7,3,7,4,7,4,7,3,8,4,8,4,8,4,8,5,8,3,9,4,9,4,0,0,10,3,10,4,9,3,10,3,10,3,10,3,10,3,10,3,10,3,10,3,9,4,9,3,9,3,9,2,9,2,8,2,9,2,9,2,9,2,8,2,8,2,9,2,8,2,7,3,7,3,7,3,0,0,0,0,0,0,0,0,0,0,0,0,0,0,-7,-18,0,-19,1,-10,7,-8,11,-6,15,-4,17,5,24,5,16,6,20,14,23,12,26,14,27,18,30,18,30,19,32,16,35,21,36,14,36,21,37,19,44,19,43,20,45,14,42,26,50,20,50,21,48,19,52,18,51,16,54,17,56,19,59,22,56,14,54,17,59,13,57,14,57,12,55,18,50,17,59,16,56,18,54,14,55,11,57,19,57,13,53,14,51,17,49,8,49,12,46,10,52,14,49,11,49,11,46,15,45,13,42,21,45,22,0,0,0,0,0,0,0,0,0,0,0,0,0,0,0,0,0,0,0,0,0,0,-38,-7,-41,-8,-38,-18,-37,-19,-33,-24,-38,-29,-36,-35,-30,-35,-30,-42,-26,-37,-25,-46,-26,-45,-22,-48,-19,-51,-15,-54,-13,-51,-8,-55,-2,-47,-7,-54,-3,-51,-1,-56,1,-62,-3,-53,4,-61,3,-59,10,-56,12,-55,7,-59,10,-60,18,-65,19,-57,14,-58,15,-54,16,-55,15,-51,18,-57,16,-55,16,-58,14,-58,18,-54,15,-57,15,-53,19,-59,11,-55,15,-56,15,-49,14,-48,13,-55,14,-54,13,-45,14,-49,15,-45,17,-44,14,-40,19,-35,19,-33,24,-32,0,0]"
CSI_DATA,226,1a:00:00:00:00:00,-48,11,1,0,1,1,1,0,0,0,1,-96,0,11,2,3213710,0,44,0,384,0,"[0,0,0,0,0,0,0,0,0,0,0,0,-1,-3,0,-3,1,-3,2,-3,2,-3,3,-3,3,-3,4,-4,4,-4,5,-4,5,-4,5,-4,5,-4,6,-5,6,-5,6,-5,6,-6,6,-6,6,-6,6,-7,7,-7,7,-7,7,-7,7,-8,7,-8,7,-8,0,0,7,-9,7,-9,7,-9,8,-9,7,-9,7,-9,7,-9,7,-9,7,-9,7,-9,7,-9,7,-9,7,-9,6,-8,6,-9,6,-8,6,-9,6,-8,6,-8,6,-8,6,-8,6,-8,6,-8,6,-7,6,-7,7,-6,0,0,0,0,0,0,0,0,0,0,0,0,0,0,-14,15,-12,12,-11,13,-7,5,-7,-4,-12,-9,-13,-14,-11,-21,-9,-16,-8,-20,-9,-29,-7,-29,-7,-34,-6,-29,-9,-37,-14,-37,-7,-40,-9,-39,-10,-39,-13,-43,-17,-44,-13,-48,-17,-49,-15,-52,-16,-46,-16,-52,-23,-54,-24,-50,-21,-52,-22,-57,-25,-56,-25,-57,-27,-58,-27,-58,-28,-56,-24,-60,-29,-57,-32,-56,-31,-57,-22,-57,-28,-56,-24,-53,-29,-56,-30,-51,-26,-49,-24,-50,-28,-48,-28,-45,-26,-44,-25,-45,-27,-50,-29,-49,-30,-42,-18,-45,-19,-43,-16,-43,-18,-45,0,0,0,0,0,0,0,0,0,0,0,0,0,0,0,0,0,0,0,0,0,0,21,33,18,35,13,38,11,43,3,40,4,46,-4,41,-5,49,-14,47,-13,49,-13,51,-24,47,-21,50,-32,49,-34,44,-35,46,-38,42,-38,38,-45,37,-46,41,-47,30,-48,36,-50,30,-51,33,-53,34,-55,33,-50,32,-55,27,-56,29,-54,23,-54,24,-57,22,-51,19,-59,25,-58,22,-53,29,-58,21,-55,26,-56,27,-54,25,-53,22,-58,25,-53,27,-54,21,-52,21,-40,26,-49,22,-53,25,-58,19,-49,28,-52,13,-49,18,-51,12,-47,7,-37,8,-43,-1,-38,-2,0,0]"
CSI_DATA,227,1a:00:00:00:00:00,-49,11,1,0,1,1,1,0,0,0,1,-96,0,11,2,3232153,0,44,0,384,0,"[0,0,0,0,0,0,0,0,0,0,0,0,-2,-2,-2,-2,-1,-3,0,-3,0,-4,0,-5,1,-5,0,-5,1,-6,1,-6,2,-6,1,-6,1,-7,1,-7,1,-8,2,-9,1,-8,1,-8,2,-8,1,-9,1,-9,1,-11,1,-10,1,-11,1,-11,0,-11,0,0,-1,-11,0,-11,1,-11,0,-11,0,-11,0,-12,0,-11,0,-11,0,-11,0,-11,0,-11,-1,-10,-1,-11,-1,-11,-1,-10,-1,-10,-1,-10,-1,-9,-1,-10,-2,-9,-1,-9,-1,-9,-1,-9,0,-10,0,-9,0,-9,0,0,0,0,0,0,0,0,0,0,0,0,0,0,-17,14,-16,2,-18,5,-22,-3,-10,-2,-8,-10,-4,-18,-1,-18,2,-22,4,-21,3,-24,4,-24,2,-28,10,-35,9,-34,10,-35,14,-41,11,-37,5,-43,10,-44,7,-42,4,-40,2,-48,3,-49,3,-47,3,-47,-1,-51,3,-57,1,-57,1,-54,-2,-62,4,-61,-5,-65,-3,-60,-8,-63,-1,-60,1,-63,-2,-62,-5,-61,-3,-59,-4,-59,-6,-53,2,-59,-3,-57,-5,-54,-7,-52,-7,-53,-8,-55,-9,-53,-9,-53,-8,-53,-11,-53,-9,-52,-5,-48,3,-51,-1,-48,2,-47,0,0,0,0,0,0,0,0,0,0,0,0,0,0,0,0,0,0,0,0,0,0,-5,36,-6,38,-17,40,-19,39,-22,34,-30,32,-28,31,-35,31,-36,27,-38,27,-49,22,-43,21,-50,21,-53,14,-46,16,-56,9,-53,12,-53,2,-56,1,-59,-3,-58,-2,-61,-7,-57,-8,-56,-8,-59,-12,-57,-6,-62,-5,-60,-13,-60,-14,-64,-15,-65,-12,-63,-10,-61,-19,-63,-19,-66,-21,-61,-22,-62,-10,-57,-16,-62,-15,-57,-12,-64,-12,-60,-16,-58,-19,-62,-16,-64,-17,-49,-17,-55,-15,-56,-13,-53,-16,-55,-15,-53,-17,-48,-17,-50,-16,-52,-17,-55,-12,-31,-14,-31,-39,0,0]"
CSI_DATA,228,1a:00:00:00:00:00,-49,11,1,0,1,1,1,0,0,0,1,-96,0,11,2,3242377,0,44,0,384,0,"[0,0,0,0,0,0,0,0,0,0,0,0,2,1,1,1,0,2,-1,2,-1,3,-1,3,-2,3,-2,4,-2,4,-2,5,-2,6,-3,5,-2,6,-3,7,-2,6,-3,7,-2,7,-3,7,-2,8,-3,8,-3,8,-2,9,-2,9,-2,9,-2,10,-2,10,0,0,-2,11,-2,10,-2,10,-2,10,-2,11,-2,11,-2,11,-2,11,-2,11,-1,11,-1,11,-2,10,-1,10,-1,9,-1,10,-1,10,-1,10,-1,10,-1,9,-1,9,-1,9,-1,9,-1,9,-1,8,-2,8,-2,9,0,0,0,0,0,0,0,0,0,0,0,0,0,0,28,-11,23,-13,22,-1,15,-2,15,1,8,13,6,14,0,15,-5,14,-8,18,-7,16,-5,23,-9,24,-11,25,-13,30,-16,31,-9,39,-6,33,-19,36,-12,37,-13,46,-10,39,-8,41,-12,45,-10,42,-13,56,-2,48,-9,55,-10,57,-8,55,-1,62,-2,58,-10,60,-3,59,-5,59,0,61,-6,51,0,61,-5,61,-7,60,-7,58,-4,60,-4,60,-4,49,2,54,-1,54,0,53,3,52,-3,51,4,51,1,54,1,48,0,53,-3,51,-4,49,-4,52,-7,51,0,0,0,0,0,0,0,0,0,0,0,0,0,0,0,0,0,0,0,0,0,0,14,-32,14,-37,14,-33,23,-28,28,-31,32,-29,31,-27,34,-24,39,-25,43,-17,43,-15,49,-9,45,-10,49,-9,56,-2,51,-2,50,4,51,2,54,8,54,11,54,12,59,17,49,15,52,13,53,16,57,16,55,19,57,24,52,24,54,23,55,23,52,26,54,22,57,29,57,27,56,23,55,22,52,23,54,22,61,20,57,27,51,22,57,24,56,26,57,21,48,19,49,17,55,23,50,15,53,21,45,27,52,25,48,25,48,32,38,25,36,25,33,29,0,0]"
CSI_DATA,229,1a:00:00:00:00:00,-49,11,1,0,1,1,1,0,0,0,1,-96,0,11,2,3263348,0,44,0,384,0,"[0,0,0,0,0,0,0,0,0,0,0,0,-3,-2,-3,-2,-2,-3,-1,-3,-1,-4,0,-4,0,-4,1,-4,1,-5,1,-5,2,-5,2,-6,2,-6,2,-6,2,-7,2,-7,2,-8,2,-8,2,-8,2,-8,2,-9,1,-9,2,-9,2,-10,2,-10,1,-10,0,0,1,-11,1,-11,1,-12,1,-12,1,-11,1,-12,1,-12,0,-12,1,-12,1,-12,1,-12,1,-11,1,-11,0,-11,0,-11,0,-11,0,-11,0,-11,-1,-11,0,-11,0,-11,0,-11,0,-11,1,-10,1,-10,2,-10,0,0,0,0,0,0,0,0,0,0,0,0,0,0,-5,32,-9,23,-12,16,-7,20,-14,7,-11,0,-12,0,-12,-3,-18,-15,-18,-14,-18,-16,-21,-15,-17,-16,-18,-24,-20,-23,-18,-27,-23,-24,-23,-28,-27,-25,-28,-29,-30,-26,-34,-29,-31,-34,-36,-30,-37,-34,-38,-31,-36,-33,-39,-37,-41,-33,-44,-36,-48,-34,-48,-39,-46,-34,-50,-31,-51,-33,-46,-34,-55,-35,-50,-33,-51,-33,-52,-31,-54,-32,-50,-35,-49,-32,-48,-35,-48,-31,-50,-30,-46,-25,-47,-28,-46,-28,-49,-29,-46,-27,-47,-26,-49,-31,-46,-30,-41,-31,-41,-37,-38,-33,0,0,0,0,0,0,0,0,0,0,0,0,0,0,0,0,0,0,0,0,0,0,19,27,18,27,14,32,13,36,10,36,6,35,2,36,-3,36,-8,39,-11,42,-18,43,-18,39,-27,48,-27,40,-34,37,-31,43,-33,37,-33,34,-35,37,-38,33,-40,35,-41,36,-45,35,-47,32,-50,33,-48,34,-50,28,-52,33,-53,34,-51,35,-53,34,-48,29,-56,31,-55,34,-53,29,-55,35,-57,28,-61,30,-54,30,-64,31,-55,34,-56,32,-53,29,-55,32,-53,32,-54,26,-49,32,-54,32,-57,34,-55,31,-57,29,-56,26,-49,21,-51,24,-52,16,-52,11,-50,13,0,0]"
CSI_DATA,230,1a:00:00:00:00:00,-49,11,1,0,1,1,1,0,0,0,1,-96,0,11,2,3272225,0,44,0,384,0,"[0,0,0,0,0,0,0,0,0,0,0,0,3,1,2,2,1,2,0,2,0,3,-1,3,-1,3,-2,4,-2,4,-2,4,-3,4,-3,5,-3,5,-3,6,-3,6,-3,6,-3,7,-3,7,-3,8,-3,8,-3,8,-3,9,-3,9,-3,9,-3,10,-3,10,0,0,-2,11,-2,11,-2,11,-2,11,-2,11,-2,12,-2,12,-2,12,-2,12,-1,12,-2,12,-1,11,-1,11,-1,11,-1,11,-1,11,0,11,0,11,0,11,0,11,0,11,-1,11,-1,10,-1,10,-2,10,-2,10,0,0,0,0,0,0,0,0,0,0,0,0,0,0,12,-32,10,-27,11,-18,17,-15,20,-6,15,-5,11,4,12,9,16,9,7,14,14,18,13,19,16,22,14,25,16,21,19,25,18,26,16,31,18,32,20,29,18,30,27,34,26,40,22,37,29,40,29,33,30,36,40,38,36,40,36,34,39,40,43,35,43,39,41,43,43,44,45,39,43,43,45,38,50,44,46,39,45,37,49,38,37,36,42,37,41,37,44,34,47,34,46,31,40,31,41,28,47,32,40,33,43,28,40,31,34,34,40,38,37,35,0,0,0,0,0,0,0,0,0,0,0,0,0,0,0,0,0,0,0,0,0,0,-16,-31,-6,-38,-4,-33,1,-36,7,-37,7,-39,19,-36,20,-36,18,-40,25,-33,25,-35,35,-35,35,-37,33,-34,42,-30,41,-24,49,-23,42,-22,44,-23,50,-20,45,-17,50,-22,44,-18,48,-22,52,-18,57,-17,57,-15,57,-11,58,-17,58,-14,60,-12,63,-11,59,-6,60,-17,68,-17,67,-16,64,-14,63,-15,60,-15,62,-18,66,-19,64,-20,62,-22,63,-19,61,-15,72,-27,66,-19,63,-17,64,-22,58,-13,65,-23,54,-12,62,-11,54,-7,58,-5,54,-7,54,-3,0,0]"
CSI_DATA,231,1a:00:00:00:00:00,-49,11,1,0,1,1,1,0,0,0,1,-96,0,11,2,3286801,0,44,0,384,0,"[0,0,0,0,0,0,0,0,0,0,0,0,3,-2,3,-1,2,0,2,1,2,1,2,2,2,2,2,3,1,3,1,4,2,4,2,4,2,5,2,5,2,5,2,6,3,6,3,6,3,7,4,7,4,7,4,7,4,7,5,7,5,8,6,8,0,0,6,8,6,8,6,8,7,8,7,8,7,8,7,8,7,8,7,8,7,8,7,8,7,8,7,8,7,7,7,7,8,7,7,7,7,7,7,7,7,7,7,7,7,7,7,7,7,7,6,7,6,8,0,0,0,0,0,0,0,0,0,0,0,0,0,0,-20,-33,-16,-25,-5,-30,-3,-24,3,-24,1,-14,12,-15,11,-10,16,-6,21,-5,23,-7,23,-1,27,0,23,5,26,-1,32,-5,32,4,26,4,38,-3,34,0,43,-1,38,-1,42,-5,47,-5,50,-5,50,-6,48,-3,49,-5,60,-10,52,-12,54,-7,57,-8,59,-10,60,-12,60,-12,63,-11,62,-14,64,-14,64,-19,64,-9,56,-16,58,-17,53,-16,60,-16,55,-13,55,-15,50,-18,54,-20,51,-15,51,-16,50,-15,52,-13,54,-13,48,-15,50,-14,52,-9,49,-7,0,0,0,0,0,0,0,0,0,0,0,0,0,0,0,0,0,0,0,0,0,0,-30,-10,-32,-12,-30,-17,-28,-24,-23,-25,-24,-31,-18,-34,-17,-32,-16,-40,-18,-39,-12,-43,-6,-51,-1,-45,5,-48,1,-50,7,-49,6,-48,12,-47,14,-53,15,-52,18,-49,20,-58,20,-56,18,-56,27,-54,25,-57,23,-54,28,-58,24,-55,29,-58,28,-60,28,-55,30,-57,31,-58,30,-64,26,-61,32,-57,28,-60,35,-61,30,-63,30,-68,32,-60,28,-64,27,-63,27,-63,32,-63,28,-61,19,-63,27,-64,29,-59,22,-62,26,-59,30,-60,29,-58,35,-51,36,-50,29,-44,0,0]"
CSI_DATA,232,1a:00:00:00:00:00,-49,11,1,0,1,1,1,0,0,0,1,-96,0,11,2,3292143,0,44,0,384,0,"[0,0,0,0,0,0,0,0,0,0,0,0,-1,-4,-1,-3,0,-3,1,-3,1,-3,2,-2,2,-2,3,-2,3,-2,4,-2,4,-2,5,-2,5,-2,5,-2,5,-2,6,-2,6,-3,6,-3,6,-3,7,-3,7,-4,7,-4,8,-4,8,-4,8,-4,8,-5,0,0,9,-5,9,-6,9,-6,9,-6,9,-6,9,-6,9,-7,9,-6,9,-7,9,-6,9,-6,9,-6,9,-6,8,-7,8,-7,8,-7,8,-7,8,-7,7,-7,7,-7,8,-7,8,-7,8,-6,8,-6,8,-5,8,-5,0,0,0,0,0,0,0,0,0,0,0,0,0,0,-28,27,-25,13,-21,8,-22,7,-21,-6,-19,-3,-13,-6,-7,-12,-4,-15,-8,-14,-6,-18,1,-18,0,-22,1,-27,0,-23,1,-28,1,-30,2,-38,4,-36,-4,-41,-6,-38,0,-40,-5,-42,-2,-43,-3,-51,-5,-47,-6,-47,-8,-53,-9,-52,-8,-50,-8,-52,-8,-55,-11,-58,-10,-56,-12,-59,-15,-56,-13,-59,-16,-62,-11,-59,-16,-57,-15,-62,-14,-58,-17,-58,-17,-53,-12,-54,-15,-50,-14,-57,-22,-53,-14,-49,-16,-53,-17,-50,-22,-54,-13,-43,-19,-46,-14,-53,-12,-53,-5,-49,0,0,0,0,0,0,0,0,0,0,0,0,0,0,0,0,0,0,0,0,0,0,-9,30,-9,25,-16,26,-16,32,-23,30,-31,25,-31,27,-34,19,-35,14,-38,9,-42,9,-45,9,-44,1,-44,1,-45,-2,-47,-6,-43,0,-51,-10,-46,-10,-49,-11,-59,-14,-52,-14,-50,-19,-58,-23,-50,-15,-51,-23,-56,-28,-54,-21,-58,-26,-55,-26,-56,-24,-53,-25,-57,-31,-62,-28,-62,-30,-58,-29,-61,-27,-61,-22,-58,-24,-63,-21,-61,-27,-67,-28,-62,-32,-65,-23,-54,-27,-65,-12,-65,-25,-66,-19,-59,-20,-62,-23,-57,-25,-55,-25,-58,-25,-54,-26,-54,-26,-53,-30,-45,-35,0,0]"
CSI_DATA,233,1a:00:00:00:00:00,-49,11,1,0,1,1,1,0,0,0,1,-96,0,11,2,3312158,0,44,0,384,0,"[0,0,0,0,0,0,0,0,0,0,0,0,0,-4,0,-3,1,-3,1,-2,2,-2,2,-1,3,-1,3,0,3,0,3,0,4,0,4,1,5,1,5,1,5,1,6,1,6,1,6,1,7,1,7,1,7,1,8,1,8,0,8,0,9,0,9,0,0,0,10,0,10,0,10,0,10,-1,10,-1,10,-1,10,-1,10,-1,10,-1,10,-1,10,-1,10,-1,10,-1,10,-2,10,-1,10,-2,10,-2,10,-2,10,-2,10,-2,10,-2,10,-1,9,-1,10,-1,9,-1,9,0,0,0,0,0,0,0,0,0,0,0,0,0,0,0,-39,-7,-28,-10,-26,-7,-17,-10,-13,-17,-16,-12,-5,-16,-2,-14,2,-10,7,-11,7,-15,12,-11,15,-16,10,-13,20,-18,15,-19,23,-17,20,-21,23,-25,23,-23,24,-22,24,-30,24,-30,24,-27,24,-28,28,-31,26,-35,28,-39,27,-33,30,-39,28,-37,27,-44,31,-38,21,-47,28,-45,35,-47,30,-47,31,-49,29,-43,28,-44,32,-42,27,-43,28,-48,29,-48,22,-44,21,-43,20,-45,17,-49,23,-48,24,-47,24,-49,25,-47,20,-44,20,-41,25,-47,28,-46,27,-37,0,0,0,0,0,0,0,0,0,0,0,0,0,0,0,0,0,0,0,0,0,0,-10,5,4,-2,-17,-1,-23,-29,-62,18,-28,-36,-54,21,-27,-56,-70,-38,-69,1,-36,-21,-23,-35,-38,2,-11,-53,-35,-41,-43,-51,-42,-13,-53,-37,-52,-48,-39,-59,-42,-77,-53,-35,10,-31,-18,-18,-10,-25,13,-25,18,-72,14,-41,-15,-62,-4,-62,38,-60,1,-10,1,-74,-42,-50,8,-128,50,-121,71,-83,-22,-59,-23,-62,-25,-54,-27,-56,-22,-56,-21,-58,-20,-55,-26,-53,-23,-65,-26,-59,-23,-56,-26,-59,-27,-56,-20,-59,-23,-54,-19,-56,-18,-52,-21,-58,-15,-50,-8,-56,0,0]"
CSI_DATA,234,1a:00:00:00:00:00,-50,11,1,0,1,1,1,0,0,0,1,-96,0,11,2,3322671,0,44,0,384,0,"[0,0,0,0,0,0,0,0,0,0,0,0,-2,3,-3,2,-2,1,-2,0,-3,0,-4,-1,-4,-1,-3,-3,-4,-2,-3,-3,-4,-3,-4,-4,-5,-4,-5,-5,-5,-5,-5,-5,-6,-5,-7,-5,-6,-5,-7,-6,-6,-6,-7,-5,-8,-5,-8,-5,-8,-6,-9,-6,0,0,-10,-5,-9,-5,-9,-5,-10,-6,-10,-5,-10,-5,-10,-6,-9,-5,-10,-5,-10,-5,-11,-5,-9,-5,-10,-4,-9,-4,-10,-4,-10,-3,-10,-4,-10,-4,-10,-4,-10,-4,-9,-4,-9,-4,-9,-4,-9,-4,-9,-4,-8,-5,0,0,0,0,0,0,0,0,0,0,0,0,0,0,-5,38,-7,37,-5,28,-13,21,-9,12,-17,16,-7,3,-17,8,-15,-5,-15,-5,-14,-8,-20,-10,-16,-16,-20,-15,-18,-15,-19,-20,-22,-24,-20,-22,-24,-24,-24,-25,-36,-29,-29,-27,-33,-22,-34,-31,-32,-25,-37,-27,-35,-27,-40,-30,-41,-27,-46,-23,-43,-30,-49,-30,-46,-29,-43,-34,-49,-27,-48,-36,-50,-33,-52,-32,-54,-29,-51,-30,-53,-25,-52,-26,-46,-26,-44,-27,-54,-23,-46,-26,-51,-24,-48,-23,-53,-21,-46,-25,-49,-23,-46,-27,-50,-23,-49,-25,-46,-23,-44,-26,-46,-29,0,0,0,0,0,0,0,0,0,0,0,0,0,0,0,0,0,0,0,0,0,0,16,17,19,26,8,28,7,33,5,37,1,35,-6,32,-9,35,-12,33,-13,35,-17,38,-22,40,-26,31,-34,32,-34,31,-33,30,-38,31,-39,30,-44,26,-46,27,-44,31,-44,25,-50,21,-46,28,-53,25,-50,27,-49,27,-53,26,-55,24,-60,21,-58,19,-61,24,-61,20,-62,22,-67,25,-58,20,-57,28,-62,29,-58,27,-60,33,-59,24,-60,28,-66,31,-59,31,-61,27,-68,37,-54,37,-59,31,-62,32,-66,28,-70,26,-61,29,-63,27,-61,19,-62,21,-54,12,-57,12,0,0]"
CSI_DATA,235,1a:00:00:00:00:00,-49,11,1,0,1,1,1,0,0,0,1,-96,0,11,2,3352237,0,44,0,384,0,"[0,0,0,0,0,0,0,0,0,0,0,0,2,2,1,2,1,2,0,2,-1,2,-2,2,-2,2,-3,2,-4,2,-4,2,-4,2,-5,2,-5,3,-6,3,-6,3,-6,4,-6,4,-7,4,-7,5,-7,5,-7,5,-7,6,-8,6,-8,6,-8,7,-8,7,0,0,-8,8,-8,8,-8,8,-8,8,-8,8,-8,9,-8,9,-8,9,-8,9,-8,9,-8,9,-7,9,-7,9,-7,9,-7,9,-7,9,-7,9,-6,9,-6,9,-7,9,-7,9,-7,9,-7,9,-7,9,-8,8,-8,8,0,0,0,0,0,0,0,0,0,0,0,0,0,0,20,-27,25,-20,28,-17,16,-16,15,-6,11,-3,9,-2,10,5,9,14,10,7,3,11,7,17,0,18,-3,21,9,18,1,25,1,29,4,28,-3,34,4,36,7,34,9,37,8,42,6,39,4,42,9,41,6,47,12,48,12,49,14,50,15,48,21,52,21,54,22,51,23,52,15,49,21,49,24,53,22,57,23,51,24,52,24,51,26,51,24,43,23,51,25,44,28,43,29,46,30,45,28,42,31,50,27,49,27,41,25,49,23,45,22,48,16,49,0,0,0,0,0,0,0,0,0,0,0,0,0,0,0,0,0,0,0,0,0,0,5,-28,7,-29,17,-30,20,-28,22,-24,22,-27,25,-21,29,-19,35,-21,35,-13,37,-13,44,-8,43,-11,40,-6,42,-3,44,0,43,-1,45,4,47,6,47,4,51,8,49,8,51,15,55,11,56,15,54,13,52,16,59,19,62,20,61,21,60,23,61,23,64,20,62,20,64,27,65,16,62,21,62,20,61,22,68,21,65,21,66,20,67,14,65,18,63,11,60,11,64,13,66,15,62,15,70,18,64,16,69,16,63,14,57,17,65,15,58,22,50,19,0,0]"
CSI_DATA,236,1a:00:00:00:00:00,-49,11,1,0,1,1,1,0,0,0,1,-96,0,11,2,3362140,0,44,0,384,0,"[0,0,0,0,0,0,0,0,0,0,0,0,2,3,1,2,0,2,-1,2,-2,2,-2,1,-3,1,-3,1,-4,1,-4,1,-5,1,-5,1,-6,1,-6,1,-6,1,-7,1,-7,2,-8,2,-8,2,-8,2,-8,3,-9,3,-9,3,-9,4,-9,4,-10,4,0,0,-10,5,-10,5,-10,5,-10,5,-10,5,-10,6,-10,6,-10,6,-10,6,-11,6,-10,6,-10,6,-10,6,-10,6,-10,6,-9,6,-9,6,-9,6,-9,6,-9,6,-9,6,-9,6,-9,6,-10,5,-10,5,-10,4,0,0,0,0,0,0,0,0,0,0,0,0,0,0,27,-29,26,-17,21,-17,23,-13,20,-5,16,2,12,4,7,5,1,11,8,14,3,15,3,19,4,18,-6,26,-2,25,-1,27,-2,24,4,32,-3,36,-1,27,3,39,2,38,1,38,3,40,8,41,9,45,12,42,11,50,12,50,7,52,14,50,15,53,11,50,12,52,22,52,15,52,14,56,17,49,23,57,19,54,20,56,21,52,18,53,19,47,26,53,21,51,25,48,22,45,23,43,26,48,22,44,25,47,24,47,22,46,21,47,18,48,13,49,0,0,0,0,0,0,0,0,0,0,0,0,0,0,0,0,0,0,0,0,0,0,7,-30,12,-28,21,-29,21,-29,24,-22,29,-21,30,-22,33,-14,31,-16,38,-6,43,-14,42,-13,42,-2,43,2,47,-2,45,3,49,9,49,12,48,8,52,8,51,13,50,17,51,20,54,18,55,18,54,22,60,24,57,24,55,22,62,24,63,21,59,23,58,15,58,24,62,30,60,22,62,22,63,30,64,25,70,22,64,32,61,20,64,21,70,20,70,19,63,28,67,25,67,16,69,18,64,19,65,22,64,23,62,27,65,22,54,30,50,25,50,27,0,0]"
CSI_DATA,237,1a:00:00:00:00:00,-50,11,1,0,1,1,1,0,0,0,1,-96,0,11,2,3372143,0,44,0,384,0,"[0,0,0,0,0,0,0,0,0,0,0,0,-4,0,-4,-1,-3,-2,-2,-2,-2,-2,-1,-3,-1,-3,0,-4,0,-4,0,-4,1,-5,1,-5,1,-6,1,-6,1,-6,1,-6,2,-7,2,-7,1,-8,2,-8,2,-9,1,-9,2,-8,1,-10,1,-10,1,-10,0,0,2,-11,1,-11,1,-11,1,-11,1,-12,1,-12,1,-12,1,-11,0,-11,0,-10,0,-11,0,-11,1,-11,0,-11,0,-10,0,-11,0,-10,-1,-10,0,-10,-1,-10,0,-10,1,-10,0,-10,1,-10,1,-10,2,-10,0,0,0,0,0,0,0,0,0,0,0,0,0,0,-31,12,-34,12,-29,2,-21,3,-22,-1,-15,-10,-14,-7,-9,-5,-7,-12,-3,-17,0,-12,1,-19,4,-19,9,-24,9,-21,14,-23,7,-30,5,-30,7,-33,14,-32,10,-35,14,-39,14,-39,12,-42,11,-39,8,-43,8,-44,10,-47,12,-49,13,-48,8,-55,11,-59,6,-51,5,-55,8,-52,6,-59,6,-56,7,-60,5,-61,6,-59,2,-57,3,-55,5,-52,5,-54,4,-55,1,-50,2,-54,-1,-52,-3,-52,1,-49,3,-54,-2,-50,0,-52,0,-51,7,-50,4,-52,10,-48,0,0,0,0,0,0,0,0,0,0,0,0,0,0,0,0,0,0,0,0,0,0,-18,23,-20,19,-25,23,-27,19,-34,18,-28,12,-34,8,-36,6,-38,8,-41,1,-38,-5,-44,-4,-47,-10,-42,-7,-44,-11,-42,-19,-42,-18,-44,-23,-43,-20,-44,-34,-44,-29,-46,-31,-47,-33,-42,-29,-41,-34,-46,-38,-46,-39,-48,-42,-50,-39,-44,-40,-48,-43,-48,-48,-49,-48,-44,-46,-44,-46,-48,-43,-51,-39,-51,-43,-47,-42,-54,-46,-53,-45,-56,-41,-54,-40,-54,-43,-56,-40,-42,-33,-47,-40,-59,-39,-54,-44,-55,-41,-57,-41,-53,-39,-56,-44,-47,-40,-43,-45,-39,-47,-34,-47,0,0]"
CSI_DATA,238,1a:00:00:00:00:00,-50,11,1,0,1,1,1,0,0,0,1,-96,0,11,2,3385323,0,44,0,384,0,"[0,0,0,0,0,0,0,0,0,0,0,0,2,3,1,2,0,2,-1,2,-1,1,-3,1,-3,1,-3,1,-3,1,-4,1,-5,1,-5,1,-5,1,-6,1,-6,1,-6,1,-7,2,-7,2,-7,2,-7,3,-7,3,-7,3,-8,3,-8,3,-8,4,-9,4,0,0,-9,5,-9,5,-9,5,-9,5,-9,5,-9,6,-9,6,-9,6,-9,5,-9,6,-9,6,-8,6,-9,5,-8,6,-8,6,-7,6,-8,6,-8,6,-7,7,-8,6,-7,6,-7,7,-8,6,-8,5,-8,5,-8,5,0,0,0,0,0,0,0,0,0,0,0,0,0,0,30,18,24,16,23,20,15,17,11,14,13,16,1,10,-3,14,-2,8,-8,8,-12,13,-10,9,-20,9,-21,8,-23,4,-25,4,-24,3,-25,7,-28,5,-31,11,-37,10,-36,11,-41,10,-43,9,-45,11,-43,15,-42,14,-45,20,-50,17,-49,24,-49,22,-56,19,-44,25,-50,21,-49,26,-51,22,-49,23,-56,25,-55,28,-48,28,-51,24,-53,26,-50,24,-48,27,-46,30,-45,27,-47,32,-43,27,-46,27,-41,28,-47,29,-44,29,-46,29,-43,20,-42,23,-47,23,-45,18,0,0,0,0,0,0,0,0,0,0,0,0,0,0,0,0,0,0,0,0,0,0,28,-6,32,-1,30,5,34,5,35,11,29,17,31,23,26,21,26,27,27,26,27,32,24,38,26,32,15,42,18,42,10,46,16,52,12,47,9,52,9,49,6,52,1,50,6,56,5,54,3,56,1,60,4,62,-1,62,-2,61,2,64,-2,60,-3,64,-10,61,-4,69,-2,65,-4,67,-6,67,-3,61,-4,69,-4,69,3,69,3,63,1,69,1,71,1,72,-2,59,6,70,2,72,3,72,1,69,1,71,3,70,-3,68,-6,64,-9,58,-11,62,-18,56,0,0]"
CSI_DATA,239,1a:00:00:00:00:00,-50,11,1,0,1,1,1,0,0,0,1,-96,0,11,2,3392147,0,44,0,384,0,"[0,0,0,0,0,0,0,0,0,0,0,0,-4,0,-3,-1,-2,-2,-2,-2,-1,-2,-1,-2,0,-4,0,-4,1,-4,1,-4,1,-4,2,-4,2,-5,2,-6,2,-6,1,-6,2,-7,2,-7,2,-8,1,-8,2,-8,2,-9,2,-9,1,-9,2,-9,2,-9,0,0,1,-10,1,-10,1,-11,0,-12,1,-10,0,-11,1,-11,1,-11,0,-11,0,-11,0,-11,0,-11,0,-11,0,-10,-1,-10,-1,-10,-1,-11,-1,-10,-2,-11,-1,-10,-1,-11,-1,-10,-1,-10,0,-10,0,-10,1,-10,0,0,0,0,0,0,0,0,0,0,0,0,0,0,-29,26,-31,15,-29,16,-23,13,-24,4,-15,2,-11,-5,-8,-9,-5,-9,-5,-7,-6,-12,-7,-13,-8,-19,5,-16,2,-24,5,-18,3,-33,4,-32,6,-26,-1,-36,4,-37,3,-39,0,-38,2,-42,2,-37,1,-46,-1,-51,-3,-49,-2,-51,0,-50,-2,-53,-4,-57,-5,-56,-7,-52,-7,-57,-7,-58,-7,-58,-10,-57,-12,-58,-13,-52,-10,-54,-7,-54,-8,-55,-10,-56,-12,-50,-13,-55,-13,-51,-15,-54,-13,-53,-15,-50,-18,-50,-14,-56,-11,-51,-16,-53,-7,-51,-10,-50,-6,-49,0,0,0,0,0,0,0,0,0,0,0,0,0,0,0,0,0,0,0,0,0,0,-17,25,-18,21,-29,21,-26,17,-34,15,-36,14,-32,6,-40,8,-38,3,-43,-1,-44,-6,-45,-4,-47,-6,-47,-7,-48,-9,-48,-18,-43,-19,-45,-23,-49,-20,-48,-20,-54,-25,-46,-26,-51,-29,-47,-33,-52,-32,-50,-32,-51,-39,-52,-40,-55,-36,-51,-35,-58,-39,-51,-34,-53,-36,-59,-40,-54,-36,-60,-38,-57,-36,-55,-39,-56,-39,-58,-37,-57,-35,-57,-39,-64,-37,-66,-35,-54,-34,-74,-31,-64,-25,-66,-27,-68,-30,-64,-35,-57,-38,-63,-34,-59,-33,-50,-39,-55,-31,-51,-38,-46,-37,0,0]"
CSI_DATA,240,1a:00:00:00:00:00,-50,11,1,0,1,1,1,0,0,0,1,-96,0,11,2,3402346,0,44,0,384,0,"[0,0,0,0,0,0,0,0,0,0,0,0,2,-4,2,-2,1,-1,1,0,1,1,1,0,2,1,1,1,1,2,1,3,1,3,1,3,1,4,1,4,2,5,2,5,2,5,2,6,3,6,2,6,3,7,3,7,4,7,4,7,4,7,4,7,0,0,5,8,5,8,5,8,6,7,5,8,6,8,5,8,6,8,6,8,6,7,6,8,6,7,6,7,6,7,6,7,6,7,6,7,6,6,6,7,6,6,6,6,5,6,5,6,5,7,5,7,4,7,0,0,0,0,0,0,0,0,0,0,0,0,0,0,14,-39,17,-26,14,-26,12,-20,14,-11,14,-14,13,-2,11,1,11,-4,9,5,3,16,4,15,4,17,5,18,5,22,5,23,9,27,7,27,9,27,12,32,10,33,12,33,19,37,11,43,12,42,14,39,13,38,17,43,15,44,24,44,24,47,22,52,22,48,26,49,27,51,30,54,25,50,28,52,25,50,23,52,26,44,29,42,26,48,26,45,27,47,26,41,26,43,26,44,25,45,29,44,27,41,26,43,26,44,22,38,23,44,22,46,21,45,0,0,0,0,0,0,0,0,0,0,0,0,0,0,0,0,0,0,0,0,0,0,-9,-30,-1,-34,5,-32,7,-35,9,-35,14,-34,15,-33,16,-31,26,-29,28,-27,32,-30,38,-25,40,-25,43,-24,43,-21,49,-17,52,-14,42,-20,52,-16,49,-8,50,-12,51,-11,52,-5,53,-11,56,-4,61,-4,60,-1,64,0,61,-4,61,-3,60,2,67,0,64,3,62,-2,63,2,66,-3,59,0,67,-3,62,-3,69,-6,69,-8,65,-5,68,-4,66,-9,68,-8,71,-2,67,-5,67,-6,68,-4,70,-9,69,-5,67,-3,66,-2,62,3,60,6,64,8,51,8,0,0]"
CSI_DATA,241,1a:00:00:00:00:00,-49,11,1,0,1,1,1,0,0,0,1,-96,0,11,2,3422472,0,44,0,384,0,"[0,0,0,0,0,0,0,0,0,0,0,0,-3,-3,-2,-3,-2,-3,-1,-2,0,-2,1,-2,1,-2,2,-2,2,-2,3,-2,3,-2,4,-2,4,-3,4,-3,5,-3,5,-3,5,-4,6,-4,6,-4,6,-4,7,-4,7,-5,7,-5,7,-6,7,-6,8,-6,0,0,8,-6,8,-6,8,-7,8,-7,8,-7,8,-7,8,-7,8,-7,8,-7,8,-7,8,-8,8,-7,8,-8,7,-8,7,-7,7,-8,7,-8,7,-8,7,-8,7,-7,7,-8,7,-7,7,-7,7,-7,8,-7,8,-6,0,0,0,0,0,0,0,0,0,0,0,0,0,0,-36,26,-25,14,-22,13,-22,11,-17,10,-15,0,-15,-3,-13,-5,-5,-6,-7,-7,1,-13,1,-12,1,-19,1,-21,0,-22,0,-23,0,-27,-2,-28,2,-33,0,-32,3,-35,-3,-37,0,-38,3,-40,-1,-41,-2,-47,-6,-44,-2,-47,-5,-51,-3,-53,-1,-53,-6,-53,-6,-46,-7,-60,-8,-51,-9,-57,-7,-56,-5,-58,-9,-55,-9,-57,-11,-57,-7,-54,-14,-56,-9,-58,-12,-57,-11,-50,-15,-51,-13,-52,-16,-47,-18,-51,-15,-49,-14,-51,-17,-51,-11,-47,-12,-49,-9,-50,-5,-48,0,0,0,0,0,0,0,0,0,0,0,0,0,0,0,0,0,0,0,0,0,0,-18,24,-22,27,-23,22,-28,21,-33,20,-35,17,-38,9,-39,11,-42,7,-46,6,-45,3,-49,4,-46,0,-54,-5,-53,-6,-54,-14,-50,-17,-48,-17,-47,-16,-51,-22,-51,-22,-53,-28,-50,-26,-51,-28,-54,-31,-59,-28,-59,-28,-57,-37,-54,-37,-58,-34,-54,-33,-54,-34,-55,-39,-60,-34,-58,-37,-61,-39,-60,-31,-61,-34,-62,-31,-60,-35,-67,-32,-66,-25,-62,-27,-66,-30,-65,-28,-67,-29,-65,-26,-63,-28,-62,-30,-60,-29,-62,-33,-63,-29,-60,-30,-54,-30,-59,-31,-54,-32,-52,-38,0,0]"
CSI_DATA,242,1a:00:00:00:00:00,-49,11,1,0,1,1,1,0,0,0,1,-96,0,11,2,3432517,0,44,0,384,0,"[0,0,0,0,0,0,0,0,0,0,0,0,-2,3,-2,2,-2,1,-2,0,-2,0,-2,-1,-3,-2,-3,-2,-3,-3,-3,-3,-3,-4,-3,-4,-4,-4,-4,-5,-4,-5,-5,-5,-5,-5,-5,-6,-6,-6,-6,-6,-6,-6,-6,-6,-7,-7,-7,-6,-8,-7,-8,-7,0,0,-9,-7,-9,-7,-9,-7,-9,-7,-9,-7,-9,-7,-9,-7,-9,-7,-10,-7,-10,-7,-10,-7,-10,-6,-10,-6,-10,-6,-10,-6,-10,-6,-10,-6,-10,-6,-10,-6,-9,-6,-10,-6,-9,-6,-9,-6,-9,-6,-9,-7,-8,-7,0,0,0,0,0,0,0,0,0,0,0,0,0,0,36,22,21,28,20,20,15,17,9,14,4,8,2,14,6,12,-7,8,-7,5,-16,7,-14,-2,-18,3,-17,5,-23,0,-25,6,-23,2,-28,1,-35,4,-31,2,-34,4,-35,11,-39,10,-42,4,-43,4,-41,6,-48,13,-50,12,-49,14,-50,16,-49,17,-52,17,-50,18,-48,18,-49,20,-57,19,-47,18,-57,20,-55,19,-54,20,-53,17,-51,19,-51,15,-50,17,-50,22,-49,25,-49,23,-46,26,-50,20,-47,22,-42,22,-45,22,-47,21,-45,18,-43,15,-48,13,-52,13,0,0,0,0,0,0,0,0,0,0,0,0,0,0,0,0,0,0,0,0,0,0,28,2,34,9,30,13,32,21,29,18,32,24,24,28,27,28,26,35,19,34,20,40,15,46,11,47,12,48,9,53,7,45,3,57,3,50,-5,56,3,54,-8,51,-2,55,-3,56,-8,58,-9,60,-13,62,-13,63,-16,64,-16,63,-17,64,-13,60,-20,69,-17,64,-19,65,-17,67,-16,65,-11,63,-16,65,-16,65,-14,66,-8,73,-10,64,-12,75,-7,69,-11,70,-4,77,-4,73,-2,72,-2,69,-12,65,-7,63,-14,71,-11,69,-13,56,-14,64,-21,64,-22,55,0,0]"
CSI_DATA,243,1a:00:00:00:00:00,-50,11,1,0,1,1,1,0,0,0,1,-96,0,11,2,3443739,0,44,0,384,0,"[0,0,0,0,0,0,0,0,0,0,0,0,3,0,2,0,2,2,1,2,0,2,-1,1,-1,1,-2,1,-3,2,-2,2,-3,2,-4,3,-4,3,-4,3,-4,3,-5,4,-5,4,-5,5,-5,5,-5,6,-5,5,-6,6,-6,6,-5,7,-6,7,-6,7,0,0,-6,7,-6,8,-6,8,-6,8,-6,8,-6,8,-6,8,-6,8,-6,9,-6,8,-6,8,-5,9,-5,8,-6,8,-5,8,-5,8,-5,8,-5,8,-5,8,-4,8,-5,8,-5,8,-5,7,-5,7,-5,7,-6,6,0,0,0,0,0,0,0,0,0,0,0,0,0,0,38,-3,32,0,28,3,26,5,16,6,15,8,9,8,0,10,0,11,1,3,-9,12,-8,9,-10,7,-17,11,-19,12,-18,16,-19,12,-21,14,-20,25,-23,22,-23,29,-23,30,-24,28,-27,34,-26,25,-24,34,-27,40,-27,35,-27,35,-36,40,-33,43,-31,48,-28,47,-30,48,-32,47,-34,47,-36,47,-33,47,-26,41,-28,46,-32,50,-28,45,-29,45,-25,44,-28,47,-26,48,-24,48,-20,45,-21,44,-20,45,-21,43,-20,43,-23,44,-26,44,-23,39,-29,36,-27,39,0,0,0,0,0,0,0,0,0,0,0,0,0,0,0,0,0,0,0,0,0,0,22,-10,30,-8,32,-3,34,1,36,4,37,12,36,11,37,15,38,17,37,25,37,29,34,27,39,33,30,34,32,33,33,41,29,39,28,44,27,44,27,49,25,53,25,53,23,53,26,56,24,56,23,55,22,61,21,58,22,62,24,59,20,66,21,61,24,62,27,57,20,57,24,65,26,64,27,65,24,64,25,63,24,59,31,59,25,59,31,57,29,59,28,55,32,56,36,57,35,58,31,60,31,58,28,59,31,59,25,60,20,61,22,58,14,53,0,0]"
CSI_DATA,244,1a:00:00:00:00:00,-49,11,1,0,1,1,1,0,0,0,1,-96,0,11,2,3462462,0,44,0,384,0,"[0,0,0,0,0,0,0,0,0,0,0,0,-4,-1,-3,-2,-3,-2,-2,-2,-1,-2,0,-2,0,-3,1,-3,1,-3,2,-3,2,-3,3,-4,3,-4,3,-4,3,-5,4,-5,4,-5,4,-6,4,-6,4,-7,4,-7,5,-7,5,-8,5,-8,5,-8,5,-9,0,0,5,-9,5,-10,5,-10,5,-10,5,-10,5,-10,4,-10,5,-11,5,-11,5,-11,5,-10,5,-10,4,-10,4,-10,4,-10,4,-10,4,-11,4,-10,3,-10,3,-10,4,-10,4,-10,4,-10,4,-10,5,-9,5,-9,0,0,0,0,0,0,0,0,0,0,0,0,0,0,-5,34,-11,36,-10,22,-11,19,-12,16,-7,11,-11,7,-11,3,-12,-1,-11,-8,-11,-8,-7,-10,-5,-9,-13,-13,-10,-17,-12,-21,-13,-25,-10,-26,-18,-28,-18,-27,-15,-34,-19,-34,-18,-31,-19,-32,-22,-30,-20,-30,-24,-34,-28,-35,-32,-41,-32,-37,-32,-36,-29,-39,-35,-42,-38,-42,-33,-39,-38,-40,-38,-39,-34,-42,-38,-47,-39,-40,-36,-41,-39,-40,-33,-41,-35,-36,-38,-37,-37,-33,-39,-37,-35,-38,-38,-32,-39,-31,-38,-32,-37,-36,-37,-33,-36,-34,-37,-32,-32,-35,-27,-37,0,0,0,0,0,0,0,0,0,0,0,0,0,0,0,0,0,0,0,0,0,0,1,33,0,26,-7,33,-11,29,-17,29,-17,35,-24,31,-25,34,-26,25,-32,27,-34,28,-34,27,-42,29,-43,24,-43,20,-46,17,-52,19,-53,20,-54,23,-57,15,-62,19,-57,12,-58,4,-62,7,-62,11,-57,8,-58,7,-62,8,-66,7,-65,7,-66,7,-67,9,-66,8,-64,9,-63,8,-64,4,-68,10,-66,8,-66,11,-63,10,-68,8,-71,17,-67,12,-64,15,-65,14,-75,20,-62,19,-65,17,-64,18,-65,16,-60,10,-59,14,-64,10,-63,10,-59,6,-61,8,-56,1,0,0]"
CSI_DATA,245,1a:00:00:00:00:00,-49,11,1,0,1,1,1,0,0,0,1,-96,0,11,2,3472259,0,44,0,384,0,"[0,0,0,0,0,0,0,0,0,0,0,0,2,2,1,2,0,1,0,1,-1,1,-2,1,-2,1,-3,0,-3,0,-3,0,-4,0,-4,0,-5,1,-5,1,-5,1,-6,1,-6,1,-7,1,-7,2,-7,2,-7,2,-8,2,-8,2,-8,3,-8,3,-9,3,0,0,-9,3,-9,3,-9,4,-9,4,-10,4,-10,4,-10,4,-10,4,-10,4,-9,4,-9,4,-9,4,-9,4,-9,5,-9,4,-9,4,-8,5,-9,5,-9,5,-8,4,-9,5,-9,4,-8,4,-9,4,-9,4,-9,3,0,0,0,0,0,0,0,0,0,0,0,0,0,0,29,-26,31,-23,25,-23,20,-10,15,-4,13,-5,11,1,8,-1,-2,4,1,5,5,11,3,12,-1,15,-4,15,-1,18,-4,21,-4,24,-5,26,-6,34,-5,31,-9,30,-4,33,-2,36,-9,38,-5,38,-8,41,-4,45,-1,44,-5,45,-2,49,-3,49,-1,50,1,56,1,53,0,53,-2,54,-1,54,2,52,-1,54,-1,55,4,52,1,53,1,49,0,54,5,52,8,51,4,47,2,51,6,50,1,47,6,47,-1,46,0,48,3,45,5,47,2,44,-6,50,0,0,0,0,0,0,0,0,0,0,0,0,0,0,0,0,0,0,0,0,0,0,16,-25,18,-27,25,-27,29,-24,31,-17,36,-18,34,-13,40,-14,39,-7,45,-3,48,-3,44,-1,49,2,49,2,50,5,54,11,52,14,51,16,49,19,52,22,53,27,52,27,55,26,54,24,54,29,56,31,55,28,54,32,55,31,57,34,52,33,57,35,54,37,58,35,55,37,59,33,61,32,57,29,59,29,58,33,60,26,60,27,62,29,57,26,59,30,64,28,60,33,59,26,67,22,59,26,56,26,56,20,57,30,54,24,55,28,47,35,43,31,0,0]"
CSI_DATA,246,1a:00:00:00:00:00,-49,11,1,0,1,1,1,0,0,0,1,-96,0,11,2,3482156,0,44,0,384,0,"[0,0,0,0,0,0,0,0,0,0,0,0,2,2,1,2,0,2,0,1,-1,1,-2,1,-2,0,-3,0,-4,0,-4,0,-4,0,-5,0,-5,0,-6,0,-6,0,-7,0,-7,1,-8,0,-8,1,-8,1,-8,1,-9,1,-9,1,-9,2,-10,2,-10,2,0,0,-11,3,-11,3,-11,3,-11,3,-11,3,-11,3,-11,3,-11,3,-12,3,-11,3,-11,3,-11,3,-11,3,-11,4,-11,3,-11,4,-10,4,-10,4,-10,4,-10,4,-10,4,-10,3,-10,3,-10,3,-10,2,-10,2,0,0,0,0,0,0,0,0,0,0,0,0,0,0,33,-19,27,-13,26,-7,20,-8,16,-3,14,0,8,-2,10,4,3,5,0,7,2,8,-3,12,-9,11,-7,13,-9,17,-16,17,-8,22,-9,23,-12,30,-12,29,-20,32,-15,33,-11,32,-16,34,-20,33,-20,38,-14,37,-15,44,-13,45,-13,46,-17,49,-20,52,-19,47,-15,51,-17,54,-16,54,-15,53,-17,54,-20,53,-15,53,-13,51,-16,50,-14,55,-14,51,-13,53,-14,42,-11,47,-10,48,-11,52,-15,45,-7,49,-11,45,-15,48,-14,42,-18,45,-17,47,-18,44,0,0,0,0,0,0,0,0,0,0,0,0,0,0,0,0,0,0,0,0,0,0,23,-24,24,-20,26,-19,33,-20,35,-12,35,-10,37,-5,41,-6,39,-1,42,1,49,0,44,6,49,12,50,14,47,19,49,20,49,25,49,24,49,29,50,35,50,30,48,31,46,38,55,37,51,40,52,37,49,41,48,43,52,40,49,42,45,41,54,45,49,47,46,44,52,49,50,47,52,41,52,42,51,42,57,40,53,43,54,40,57,40,54,42,52,41,59,31,56,36,53,37,55,37,51,40,53,37,54,33,49,43,49,38,45,41,41,41,39,46,0,0]"
CSI_DATA,247,1a:00:00:00:00:00,-49,11,1,0,1,1,1,0,0,0,1,-96,0,11,2,3502244,0,44,0,384,0,"[0,0,0,0,0,0,0,0,0,0,0,0,-4,-1,-3,-1,-2,-1,-2,-2,-1,-2,0,-2,0,-2,1,-2,2,-3,2,-3,2,-3,3,-3,3,-4,3,-4,4,-4,4,-5,4,-5,4,-5,4,-6,5,-6,5,-6,5,-7,5,-7,5,-8,6,-8,6,-8,0,0,6,-9,6,-9,6,-9,6,-10,6,-9,6,-10,6,-10,6,-10,6,-10,6,-10,6,-10,6,-10,6,-9,5,-9,5,-9,5,-9,5,-10,5,-9,5,-9,5,-9,5,-9,5,-9,5,-9,6,-9,6,-8,6,-8,0,0,0,0,0,0,0,0,0,0,0,0,0,0,-7,36,-5,32,-8,30,-6,26,-6,19,-3,9,-7,9,-6,3,-7,3,-10,-6,-6,-7,-8,-10,-7,-9,-7,-21,-11,-17,-9,-22,-14,-31,-12,-24,-11,-35,-13,-30,-18,-33,-13,-37,-22,-34,-18,-36,-19,-35,-26,-40,-26,-34,-28,-38,-24,-41,-28,-38,-32,-42,-33,-48,-31,-39,-32,-42,-34,-42,-34,-46,-34,-50,-31,-46,-37,-48,-36,-45,-30,-44,-36,-43,-38,-45,-39,-41,-37,-47,-33,-44,-32,-37,-34,-38,-29,-37,-31,-38,-33,-36,-32,-38,-32,-41,-32,-41,-28,-38,-25,-42,-21,-39,0,0,0,0,0,0,0,0,0,0,0,0,0,0,0,0,0,0,0,0,0,0,2,32,-5,31,-5,34,-9,30,-13,37,-14,34,-23,35,-23,36,-29,32,-28,35,-35,34,-37,31,-42,28,-48,28,-47,30,-47,24,-53,24,-56,25,-55,19,-56,21,-54,15,-61,15,-61,10,-61,15,-64,15,-67,7,-67,7,-68,14,-67,14,-64,11,-69,9,-67,12,-64,12,-66,13,-72,10,-71,14,-69,13,-65,13,-66,17,-72,18,-68,17,-64,25,-60,15,-68,25,-66,19,-66,31,-69,22,-65,21,-65,22,-66,23,-66,20,-68,21,-67,17,-63,18,-66,16,-56,9,-56,9,0,0]"
CSI_DATA,248,1a:00:00:00:00:00,-49,11,1,0,1,1,1,0,0,0,1,-96,0,11,2,3534305,0,44,0,384,0,"[0,0,0,0,0,0,0,0,0,0,0,0,1,2,1,2,0,2,-1,1,-1,0,-2,0,-2,0,-3,-1,-3,-1,-4,-1,-4,-2,-5,-2,-5,-2,-5,-2,-6,-2,-6,-2,-7,-2,-7,-2,-8,-2,-8,-2,-8,-2,-9,-2,-9,-2,-9,-1,-10,-2,-10,-2,0,0,-11,-1,-11,-1,-11,-1,-11,-1,-11,-1,-11,-1,-11,-1,-12,-1,-12,-1,-12,-1,-11,-1,-11,-1,-11,-1,-11,-1,-11,-1,-11,-1,-11,0,-11,0,-10,0,-10,-1,-10,-1,-10,-1,-10,-1,-10,-1,-10,-2,-10,-2,0,0,0,0,0,0,0,0,0,0,0,0,0,0,33,-19,27,-13,28,-16,22,-7,18,-5,11,-3,14,1,6,4,7,7,0,5,-6,6,-9,14,-12,14,-6,11,-15,20,-13,21,-13,23,-16,21,-13,25,-17,30,-17,30,-19,32,-19,33,-23,33,-18,30,-19,38,-20,41,-18,41,-22,43,-18,45,-22,46,-22,48,-20,42,-18,46,-18,46,-18,48,-22,52,-21,52,-18,48,-17,54,-21,48,-23,50,-18,47,-18,48,-15,47,-13,48,-15,48,-17,50,-12,46,-13,47,-14,48,-16,44,-18,43,-16,44,-18,44,-20,43,-20,35,0,0,0,0,0,0,0,0,0,0,0,0,0,0,0,0,0,0,0,0,0,0,23,-21,28,-18,29,-9,31,-13,37,-7,35,-8,39,-1,43,-2,44,2,45,3,45,11,48,15,51,15,53,25,48,23,48,29,47,31,46,35,46,35,48,35,45,36,49,40,48,43,47,41,49,45,51,44,46,48,52,48,48,48,50,48,44,50,49,46,48,51,46,46,52,48,51,46,48,47,50,42,53,40,56,42,53,47,50,45,50,40,57,43,51,37,47,36,57,38,54,38,56,35,56,42,59,36,52,38,54,42,47,39,47,39,45,41,39,40,0,0]"
CSI_DATA,249,1a:00:00:00:00:00,-49,11,1,0,1,1,1,0,0,0,1,-96,0,11,2,3543051,0,44,0,384,0,"[0,0,0,0,0,0,0,0,0,0,0,0,3,1,2,1,1,1,0,1,-1,1,-2,0,-2,0,-3,0,-3,0,-4,0,-4,0,-5,0,-5,0,-5,1,-6,1,-7,1,-7,1,-7,1,-7,2,-8,2,-8,2,-8,2,-9,2,-9,3,-9,3,-10,3,0,0,-10,3,-10,4,-10,4,-11,4,-10,4,-11,4,-11,4,-11,4,-11,4,-11,4,-11,4,-10,4,-10,4,-10,4,-10,4,-10,4,-10,4,-9,4,-9,4,-9,4,-9,4,-9,4,-10,4,-10,3,-10,3,-10,2,0,0,0,0,0,0,0,0,0,0,0,0,0,0,26,-29,25,-27,16,-19,16,-19,17,-16,11,-7,8,-7,10,-3,4,5,2,9,-3,9,-1,12,-3,18,-2,18,-5,22,-4,21,-7,23,-1,26,-7,32,-6,31,-6,29,-5,33,-7,35,-2,36,-2,39,1,41,2,42,-4,48,-1,44,3,50,3,51,3,53,2,57,5,55,2,52,0,50,1,50,5,56,7,56,3,55,5,50,5,52,5,54,6,48,2,49,4,48,8,46,10,49,10,50,4,46,9,48,8,47,9,44,2,45,3,51,4,48,-4,50,0,0,0,0,0,0,0,0,0,0,0,0,0,0,0,0,0,0,0,0,0,0,17,-21,18,-22,25,-27,31,-21,31,-24,34,-18,36,-16,41,-13,37,-10,45,-9,51,-6,50,-4,53,-4,52,3,53,7,52,7,59,10,59,16,56,13,65,16,56,13,55,21,61,23,62,23,56,26,59,23,58,22,57,26,63,25,63,25,59,28,65,32,65,29,58,23,65,24,59,27,61,22,65,17,63,20,66,23,69,19,68,19,60,20,68,17,62,15,71,10,69,12,63,14,67,13,66,13,66,15,63,11,65,20,62,15,64,20,58,16,49,21,0,0]"
CSI_DATA,250,1a:00:00:00:00:00,-49,11,1,0,1,1,1,0,0,0,1,-96,0,11,2,3553693,0,44,0,384,0,"[0,0,0,0,0,0,0,0,0,0,0,0,-3,2,-3,1,-2,0,-2,-1,-1,-1,-1,-2,-1,-2,0,-3,0,-3,0,-4,1,-4,1,-4,1,-5,1,-5,1,-6,1,-6,1,-7,1,-7,1,-8,1,-8,1,-8,1,-9,1,-9,1,-10,1,-10,1,-10,0,0,1,-11,1,-11,1,-11,1,-12,1,-11,1,-12,1,-12,1,-12,1,-12,1,-12,1,-11,1,-11,1,-11,1,-11,1,-11,0,-11,0,-11,0,-10,0,-11,1,-10,0,-10,1,-10,1,-10,1,-10,1,-10,2,-9,0,0,0,0,0,0,0,0,0,0,0,0,0,0,20,27,11,30,8,30,5,21,3,15,0,15,1,5,-4,6,-4,3,-8,-3,-10,-7,-11,-7,-13,-9,-9,-12,-16,-12,-16,-14,-17,-20,-17,-16,-21,-18,-18,-20,-29,-22,-29,-22,-32,-20,-31,-23,-31,-24,-34,-23,-38,-22,-33,-18,-41,-24,-43,-25,-44,-22,-45,-24,-47,-23,-46,-28,-46,-22,-46,-30,-52,-24,-47,-26,-50,-28,-48,-26,-46,-23,-46,-24,-48,-23,-44,-24,-44,-24,-44,-24,-48,-21,-44,-21,-47,-20,-44,-18,-47,-18,-42,-21,-45,-22,-36,-20,-42,-21,-35,-24,-36,-29,0,0,0,0,0,0,0,0,0,0,0,0,0,0,0,0,0,0,0,0,0,0,11,23,12,29,10,32,12,37,2,36,1,38,-1,37,-6,38,-13,45,-11,44,-17,45,-21,45,-26,45,-29,45,-30,45,-39,46,-39,42,-36,42,-44,39,-47,42,-50,41,-47,45,-42,43,-51,42,-49,41,-48,45,-52,36,-54,39,-57,44,-58,43,-57,43,-51,45,-58,38,-55,45,-50,41,-54,38,-47,43,-45,47,-51,41,-52,46,-48,45,-51,45,-50,52,-48,53,-43,45,-50,55,-50,52,-43,56,-39,48,-44,50,-43,50,-54,47,-47,48,-46,41,-46,44,-49,39,-47,32,0,0]"
CSI_DATA,251,1a:00:00:00:00:00,-48,11,1,0,1,1,1,0,0,0,1,-96,0,11,2,3562151,0,44,0,384,0,"[0,0,0,0,0,0,0,0,0,0,0,0,3,0,2,0,1,0,0,0,0,0,-1,0,-2,0,-2,1,-3,1,-3,1,-3,1,-4,1,-4,1,-4,2,-5,2,-5,2,-5,2,-6,3,-6,3,-6,3,-6,3,-6,4,-6,4,-7,4,-7,5,-7,5,0,0,-7,5,-7,5,-8,6,-8,6,-8,6,-8,6,-8,6,-8,6,-8,6,-8,6,-8,6,-7,6,-7,5,-7,6,-7,5,-7,5,-7,6,-7,5,-7,6,-7,5,-7,5,-7,5,-7,5,-7,5,-7,4,-7,4,0,0,0,0,0,0,0,0,0,0,0,0,0,0,13,-43,11,-32,8,-25,9,-20,8,-19,8,-14,4,-7,6,1,6,0,0,6,2,10,0,10,0,8,-1,18,2,20,3,17,1,23,3,24,1,30,5,32,5,29,3,33,10,37,4,39,7,41,2,46,7,42,7,44,7,44,10,47,11,46,11,51,10,49,11,48,7,55,14,51,15,48,8,56,11,53,17,52,10,49,13,50,15,49,12,49,9,47,16,45,15,47,10,47,14,47,15,43,12,42,14,45,11,41,8,45,7,40,8,43,3,45,0,0,0,0,0,0,0,0,0,0,0,0,0,0,0,0,0,0,0,0,0,0,4,-33,7,-28,13,-33,15,-31,15,-35,20,-30,25,-30,30,-29,31,-30,33,-26,40,-28,44,-25,47,-24,52,-21,48,-22,54,-17,62,-15,54,-15,56,-8,56,-9,60,-8,64,-5,62,-6,59,-10,64,-4,69,-4,71,-2,66,-1,70,2,68,-2,68,-2,64,-3,66,0,67,1,67,-1,66,-2,67,-3,67,-1,68,-4,71,-1,65,-4,64,-7,67,-10,67,-7,67,-6,60,-10,66,-14,63,-13,71,-15,67,-9,69,-13,68,-4,66,-6,67,-4,63,0,62,2,56,4,0,0]"
CSI_DATA,252,1a:00:00:00:00:00,-49,11,1,0,1,1,1,0,0,0,1,-96,0,11,2,3572271,0,44,0,384,0,"[0,0,0,0,0,0,0,0,0,0,0,0,3,0,2,0,1,0,0,0,0,0,-1,0,-2,1,-2,0,-3,0,-3,1,-4,1,-4,1,-5,1,-5,1,-5,2,-6,2,-6,2,-6,2,-6,3,-7,3,-7,3,-7,4,-8,4,-8,4,-8,4,-8,5,0,0,-9,5,-8,5,-9,5,-9,5,-9,6,-9,6,-9,6,-9,6,-9,6,-9,6,-9,6,-9,6,-9,5,-8,6,-8,5,-8,5,-8,6,-8,6,-8,6,-8,5,-8,6,-8,5,-8,5,-8,5,-8,4,-8,4,0,0,0,0,0,0,0,0,0,0,0,0,0,0,14,-37,10,-28,11,-30,10,-16,7,-10,5,-11,7,-6,3,0,0,1,0,4,0,9,-2,7,1,10,-1,17,-3,15,-7,18,-3,25,0,27,0,33,1,30,2,35,-4,33,-2,34,4,38,5,39,-3,42,5,40,5,45,10,48,10,48,10,48,12,47,7,48,7,52,7,52,11,55,9,50,6,53,11,53,12,56,9,46,11,49,10,49,9,49,10,51,9,45,12,52,13,46,11,49,12,42,10,46,9,47,10,46,10,36,6,47,3,45,1,44,0,0,0,0,0,0,0,0,0,0,0,0,0,0,0,0,0,0,0,0,0,0,4,-30,11,-34,12,-27,20,-33,24,-29,27,-30,30,-28,35,-27,35,-26,36,-22,46,-23,50,-20,48,-16,53,-17,55,-13,53,-12,60,-11,60,-5,58,-7,60,-2,65,0,70,0,58,1,66,2,66,4,67,5,68,10,70,7,63,10,73,6,68,9,70,6,66,5,67,7,68,5,69,2,62,6,74,0,67,0,73,0,75,-1,64,2,70,-2,65,-5,66,-7,65,0,69,0,70,-9,73,-4,72,-3,62,-3,71,-5,71,-3,59,0,64,-1,59,3,57,2,0,0]"
CSI_DATA,253,1a:00:00:00:00:00,-49,11,1,0,1,1,1,0,0,0,1,-96,0,11,2,3592144,0,44,0,384,0,"[0,0,0,0,0,0,0,0,0,0,0,0,-4,0,-3,0,-2,0,-2,-1,-1,-1,0,-1,0,-2,1,-2,1,-2,2,-2,2,-2,2,-3,3,-3,3,-4,3,-4,4,-4,4,-4,4,-5,4,-5,4,-5,5,-6,5,-6,5,-6,5,-7,5,-7,5,-7,0,0,5,-7,5,-8,5,-8,6,-8,5,-8,6,-8,6,-8,6,-8,6,-8,6,-8,6,-8,6,-8,5,-8,5,-7,5,-8,5,-8,5,-8,5,-7,5,-7,5,-7,5,-7,5,-7,5,-7,6,-7,6,-6,6,-6,0,0,0,0,0,0,0,0,0,0,0,0,0,0,4,37,1,32,-1,28,-4,26,-5,18,-4,15,-2,8,-3,4,1,0,0,-2,-1,-8,-4,-7,-5,-16,-6,-18,-5,-19,-3,-22,-11,-18,-9,-21,-9,-28,-11,-27,-15,-31,-10,-30,-14,-31,-15,-35,-12,-36,-14,-34,-18,-38,-17,-44,-20,-39,-21,-41,-22,-43,-19,-41,-21,-40,-18,-44,-25,-45,-25,-47,-21,-49,-23,-46,-24,-48,-23,-45,-21,-47,-24,-49,-20,-47,-23,-46,-22,-43,-17,-43,-18,-43,-21,-42,-18,-41,-23,-43,-22,-40,-19,-43,-18,-42,-18,-39,-16,-40,-9,-40,-12,-38,0,0,0,0,0,0,0,0,0,0,0,0,0,0,0,0,0,0,0,0,0,0,8,27,5,28,-1,32,1,34,-8,40,-9,37,-8,43,-15,42,-19,37,-25,40,-27,41,-31,42,-38,39,-39,38,-43,39,-43,35,-49,36,-51,32,-49,31,-53,32,-54,28,-60,29,-59,32,-59,28,-62,21,-58,27,-61,25,-61,23,-67,28,-62,27,-68,24,-63,24,-63,26,-62,25,-62,30,-65,28,-62,27,-61,35,-57,28,-61,29,-63,27,-65,34,-60,28,-60,34,-59,32,-57,26,-62,36,-52,37,-61,35,-59,29,-62,33,-55,28,-59,29,-61,25,-58,17,-57,22,-55,16,0,0]"
CSI_DATA,254,1a:00:00:00:00:00,-49,11,1,0,1,1,1,0,0,0,1,-96,0,11,2,3603244,0,44,0,384,0,"[0,0,0,0,0,0,0,0,0,0,0,0,1,-4,1,-3,1,-2,0,-1,0,0,0,0,0,1,-1,1,-1,2,-1,2,-1,3,-1,3,-1,4,-1,4,-1,5,-1,5,0,6,-1,6,0,6,0,7,0,7,0,8,0,8,0,8,0,8,1,9,0,0,1,9,1,9,1,9,1,10,1,9,1,10,1,10,1,10,1,10,1,10,1,10,1,9,1,9,1,9,1,9,1,9,1,9,1,9,1,9,1,9,1,9,1,9,1,9,0,8,0,9,-1,8,0,0,0,0,0,0,0,0,0,0,0,0,0,0,-32,-26,-29,-20,-20,-21,-17,-22,-17,-13,-10,-13,-5,-13,1,-4,0,-5,3,-1,7,3,9,9,12,5,11,3,14,9,16,12,16,13,19,13,25,11,28,13,31,12,29,15,28,13,34,15,39,12,40,16,43,12,36,14,41,13,45,14,52,11,50,16,44,15,46,14,50,11,46,17,53,16,50,16,50,9,49,12,53,16,48,15,50,17,48,15,46,8,47,10,44,17,46,11,42,9,41,14,42,10,42,10,46,13,42,17,44,12,42,12,40,19,0,0,0,0,0,0,0,0,0,0,0,0,0,0,0,0,0,0,0,0,0,0,-26,-20,-24,-26,-24,-27,-21,-31,-15,-39,-18,-38,-15,-38,-10,-42,-11,-43,-7,-48,-3,-55,0,-55,-2,-58,2,-62,6,-59,11,-57,12,-58,14,-60,19,-60,22,-59,21,-55,29,-64,26,-65,32,-59,27,-63,24,-63,32,-65,30,-63,32,-66,28,-65,27,-67,33,-63,29,-68,30,-65,32,-69,28,-66,26,-63,28,-63,28,-69,26,-71,24,-69,26,-67,23,-68,25,-71,20,-67,22,-67,20,-69,15,-69,20,-70,21,-69,21,-68,23,-65,24,-67,26,-64,26,-61,28,-61,27,-51,0,0]"
CSI_DATA,255,1a:00:00:00:00:00,-49,11,1,0,1,1,1,0,0,0,1,-96,0,11,2,3615367,0,44,0,384,0,"[0,0,0,0,0,0,0,0,0,0,0,0,-1,-4,-1,-4,-1,-2,0,-2,0,-1,0,0,0,0,0,1,1,2,1,2,1,3,1,3,1,3,2,4,2,4,2,4,3,5,3,5,3,5,3,6,3,6,4,6,4,6,4,6,5,7,5,7,0,0,6,7,5,7,6,7,6,7,6,7,6,8,6,8,6,7,6,8,6,8,6,7,6,7,6,7,6,7,6,7,6,7,6,6,6,7,6,6,6,6,6,6,5,7,5,7,5,7,4,7,4,7,0,0,0,0,0,0,0,0,0,0,0,0,0,0,-39,-11,-33,-13,-32,-6,-22,-7,-21,-8,-16,-6,-11,-4,-3,-2,-2,-9,-1,-3,1,1,8,-2,13,0,14,1,19,2,18,-1,20,4,22,1,28,4,29,0,30,1,35,0,34,-1,33,-1,38,-4,44,1,39,-1,40,-3,44,2,47,-5,49,-7,48,-5,47,-3,45,-4,51,-9,47,-5,50,-5,47,0,53,-7,53,-8,52,-7,48,-2,45,-8,42,-4,48,-5,47,-5,44,-6,48,-4,46,-4,45,-4,44,-11,45,-7,44,-8,43,-2,39,-3,39,2,41,2,0,0,0,0,0,0,0,0,0,0,0,0,0,0,0,0,0,0,0,0,0,0,-30,-6,-31,-7,-34,-11,-33,-17,-32,-18,-38,-23,-32,-23,-29,-33,-32,-36,-33,-36,-30,-44,-28,-47,-25,-49,-24,-54,-19,-54,-20,-61,-19,-59,-19,-62,-15,-60,-12,-64,-9,-59,-10,-66,-9,-69,-10,-64,-6,-65,0,-69,-1,-68,-4,-66,-5,-73,-2,-73,-4,-70,0,-66,-2,-71,-6,-66,-4,-68,-7,-70,-6,-68,-7,-73,-8,-66,-5,-71,-10,-69,-12,-71,-9,-66,-11,-71,-11,-71,-8,-66,-10,-70,-19,-69,-16,-69,-10,-74,-9,-67,-9,-75,-6,-69,-10,-66,-3,-68,-1,-62,2,-61,0,0]"
CSI_DATA,256,1a:00:00:00:00:00,-49,11,1,0,1,1,1,0,0,0,1,-96,0,11,2,3632255,0,44,0,384,0,"[0,0,0,0,0,0,0,0,0,0,0,0,2,-4,1,-3,1,-2,1,-1,0,-1,0,0,-1,0,-1,1,-1,1,-2,2,-2,2,-2,3,-2,4,-2,4,-2,4,-2,5,-2,5,-2,5,-2,6,-2,6,-2,7,-2,7,-2,7,-2,8,-2,8,-2,8,0,0,-2,9,-2,9,-2,9,-2,9,-2,10,-2,10,-2,10,-2,10,-2,10,-2,10,-2,9,-2,9,-2,9,-1,9,-1,9,-1,9,-1,9,-1,9,-1,9,-1,9,-1,9,-1,9,-1,8,-2,8,-2,8,-3,8,0,0,0,0,0,0,0,0,0,0,0,0,0,0,-23,-36,-14,-30,-16,-28,-9,-20,-7,-18,-8,-14,-6,-9,-1,-6,-1,0,4,4,2,3,7,5,6,13,8,13,12,17,8,15,12,19,13,18,20,23,18,23,15,21,21,22,21,24,21,24,24,29,26,28,24,28,28,30,27,26,35,32,30,27,34,32,29,30,32,32,39,30,35,36,39,31,41,32,36,30,39,35,36,36,34,31,29,36,33,31,34,30,33,27,32,30,34,28,35,27,32,28,32,27,32,28,30,25,30,28,27,30,30,30,24,31,0,0,0,0,0,0,0,0,0,0,0,0,0,0,0,0,0,0,0,0,0,0,-15,-28,-9,-32,-10,-28,-8,-35,-3,-36,-5,-41,1,-40,3,-44,7,-45,12,-43,14,-44,20,-51,22,-50,27,-54,31,-47,30,-51,32,-52,36,-46,39,-44,47,-50,45,-43,44,-49,49,-48,48,-46,50,-42,51,-48,51,-47,54,-47,50,-45,50,-46,52,-46,51,-48,55,-49,55,-42,52,-45,49,-49,49,-49,52,-47,49,-48,50,-51,50,-52,46,-49,46,-51,43,-57,43,-55,41,-57,45,-57,41,-57,41,-55,47,-53,44,-53,46,-49,44,-54,44,-49,45,-48,42,-42,45,-37,0,0]"
CSI_DATA,257,1a:00:00:00:00:00,-49,11,1,0,1,1,1,0,0,0,1,-96,0,11,2,3643699,0,44,0,384,0,"[0,0,0,0,0,0,0,0,0,0,0,0,0,-5,0,-4,0,-3,0,-2,0,-1,0,0,0,0,0,1,0,1,-1,2,0,3,0,3,0,3,0,4,0,4,0,5,0,5,1,5,1,6,1,6,1,7,1,7,1,7,2,7,2,8,2,8,0,0,3,8,2,8,3,9,3,9,3,9,3,9,3,9,3,9,3,9,3,9,3,9,3,9,3,8,3,8,3,8,3,8,3,8,3,8,3,8,3,8,3,8,3,8,3,8,2,8,2,8,1,8,0,0,0,0,0,0,0,0,0,0,0,0,0,0,-42,-18,-35,-13,-31,-14,-23,-10,-20,-9,-12,-15,-9,-8,-5,-5,-2,-2,0,-1,5,0,3,2,11,3,11,3,14,6,12,8,17,4,20,4,23,6,25,5,27,9,28,10,34,6,27,7,37,3,40,9,38,6,36,6,37,13,39,3,48,4,49,4,46,0,48,3,45,6,50,4,47,3,49,6,42,2,50,5,46,3,46,1,44,4,45,4,48,-3,45,3,41,2,40,0,44,1,43,-2,42,-4,42,0,42,-1,37,2,38,6,40,7,39,11,0,0,0,0,0,0,0,0,0,0,0,0,0,0,0,0,0,0,0,0,0,0,-28,-13,-24,-13,-24,-20,-23,-27,-22,-30,-27,-32,-23,-35,-20,-39,-20,-43,-17,-46,-14,-47,-10,-52,-13,-50,-9,-55,-4,-59,1,-56,0,-64,5,-58,2,-63,3,-63,7,-59,11,-67,11,-62,15,-66,21,-66,15,-67,14,-66,15,-70,19,-65,13,-68,17,-67,18,-68,21,-69,16,-70,15,-66,17,-71,10,-69,11,-71,10,-66,8,-70,9,-73,6,-73,6,-70,4,-71,4,-69,3,-76,0,-72,3,-69,-2,-73,7,-72,9,-72,4,-69,9,-68,6,-66,13,-60,15,-64,13,-55,0,0]"
CSI_DATA,258,1a:00:00:00:00:00,-49,11,1,0,1,1,1,0,0,0,1,-96,0,11,2,3652231,0,44,0,384,0,"[0,0,0,0,0,0,0,0,0,0,0,0,-1,-5,-1,-4,-1,-3,-1,-2,0,-1,0,-1,0,0,0,1,0,1,0,2,0,2,1,3,1,3,1,4,1,4,2,4,2,5,2,5,2,5,2,6,3,6,3,6,3,6,3,7,4,7,4,7,0,0,4,7,4,8,5,8,5,8,5,8,5,8,5,8,5,8,5,8,5,8,5,8,4,8,4,8,4,7,4,7,5,7,4,7,5,7,5,7,4,7,4,7,4,7,4,7,3,7,3,7,3,8,0,0,0,0,0,0,0,0,0,0,0,0,0,0,-42,-3,-35,-6,-28,-6,-27,-6,-22,-4,-15,-5,-11,1,-5,1,-3,2,1,3,4,-1,3,1,8,-2,9,-2,17,2,15,0,16,-2,22,4,21,-4,27,-2,30,0,30,0,28,-3,27,-6,32,-5,35,-2,40,-3,36,-11,39,-5,39,-5,40,-7,47,-8,41,-7,42,-9,46,-9,43,-11,44,-11,45,-10,50,-9,47,-9,45,-9,43,-7,46,-7,45,-6,47,-9,40,-4,42,-9,42,-8,43,-10,40,-10,39,-9,36,-10,38,-7,37,-8,37,-4,38,-1,38,-2,0,0,0,0,0,0,0,0,0,0,0,0,0,0,0,0,0,0,0,0,0,0,-28,2,-32,-1,-34,-4,-33,-9,-34,-14,-34,-18,-31,-17,-35,-22,-36,-29,-34,-29,-34,-36,-32,-38,-32,-43,-33,-46,-31,-49,-27,-51,-27,-57,-25,-53,-24,-55,-22,-58,-28,-59,-20,-61,-18,-58,-14,-63,-18,-65,-14,-64,-16,-63,-17,-69,-14,-68,-12,-68,-13,-63,-12,-68,-16,-64,-16,-64,-15,-65,-18,-70,-17,-66,-18,-69,-17,-70,-19,-66,-23,-70,-25,-64,-25,-65,-24,-70,-22,-65,-18,-70,-33,-71,-23,-65,-28,-65,-27,-63,-19,-63,-22,-72,-20,-73,-15,-64,-14,-63,-11,-67,-6,-62,0,0]"
CSI_DATA,259,1a:00:00:00:00:00,-49,11,1,0,1,1,1,0,0,0,1,-96,0,11,2,3662161,0,44,0,384,0,"[0,0,0,0,0,0,0,0,0,0,0,0,3,-3,2,-3,2,-2,1,-1,0,-1,0,0,-1,0,-1,0,-2,1,-2,1,-3,1,-3,2,-3,2,-4,3,-4,3,-4,3,-4,4,-4,4,-4,5,-5,5,-5,5,-5,6,-5,6,-5,6,-5,6,-5,7,0,0,-5,7,-5,8,-5,8,-5,8,-5,8,-5,8,-5,8,-6,8,-5,8,-6,8,-6,8,-5,8,-5,8,-5,8,-5,7,-5,7,-5,8,-5,7,-5,7,-5,7,-5,7,-5,7,-5,7,-5,7,-6,7,-6,6,0,0,0,0,0,0,0,0,0,0,0,0,0,0,-18,-34,-19,-32,-16,-31,-12,-27,-8,-22,-5,-18,-3,-13,-2,-8,0,-1,-4,-2,-1,-1,1,7,0,6,3,12,6,12,6,14,4,17,5,18,13,20,10,25,13,24,14,28,15,27,16,28,19,33,24,29,19,28,25,31,24,32,22,32,28,32,25,32,28,33,30,33,29,32,26,34,31,38,28,39,27,34,33,33,32,34,35,40,29,38,25,34,30,32,27,33,30,30,29,31,27,35,29,29,29,29,27,28,27,27,25,32,25,31,23,35,21,32,0,0,0,0,0,0,0,0,0,0,0,0,0,0,0,0,0,0,0,0,0,0,-14,-24,-12,-28,-6,-33,-7,-35,-3,-37,3,-43,7,-42,10,-43,8,-44,19,-44,20,-45,26,-47,29,-44,30,-48,34,-48,37,-48,33,-52,43,-50,42,-46,48,-49,47,-44,51,-42,48,-42,52,-45,51,-37,54,-42,53,-42,55,-45,56,-43,59,-44,57,-45,56,-40,59,-45,56,-41,54,-48,53,-43,52,-47,56,-46,53,-43,52,-46,53,-47,51,-51,54,-51,47,-53,51,-47,50,-62,46,-51,51,-51,49,-55,54,-51,50,-50,52,-50,51,-47,51,-43,52,-43,51,-39,51,-34,0,0]"
CSI_DATA,260,1a:00:00:00:00:00,-50,11,1,0,1,1,1,0,0,0,1,-96,0,11,2,3672237,0,44,0,384,0,"[0,0,0,0,0,0,0,0,0,0,0,0,-1,-5,-1,-4,-1,-3,-1,-2,-1,-2,0,-1,0,0,0,1,0,1,0,2,0,3,1,3,0,3,1,4,1,4,2,5,1,5,1,5,2,6,2,6,2,6,2,7,3,6,3,7,3,8,3,7,0,0,4,8,4,8,4,8,4,8,4,8,4,8,4,8,4,8,4,8,4,8,4,8,3,8,4,8,4,8,4,7,4,8,4,8,4,7,4,7,4,7,4,8,3,7,3,7,3,8,2,8,2,8,0,0,0,0,0,0,0,0,0,0,0,0,0,0,-43,-4,-39,-3,-33,-4,-26,-4,-24,-3,-16,-6,-15,0,-11,-4,-7,2,-2,1,3,-2,8,0,11,-1,9,1,14,1,15,0,19,1,19,5,22,3,26,2,31,-2,28,2,28,-2,34,1,36,1,33,0,39,0,40,0,37,0,41,-2,44,-5,40,-6,43,-2,40,0,47,-5,43,-1,48,-6,44,-5,45,-7,43,-6,43,-2,46,-2,41,-1,42,-4,42,-7,44,-7,42,-7,42,-6,40,-2,40,-6,40,-9,39,-5,40,-3,38,-4,36,4,39,6,37,1,0,0,0,0,0,0,0,0,0,0,0,0,0,0,0,0,0,0,0,0,0,0,-29,0,-29,-3,-34,-9,-36,-12,-33,-13,-36,-18,-36,-22,-38,-21,-35,-27,-35,-33,-35,-35,-35,-42,-29,-45,-33,-48,-28,-50,-27,-56,-27,-58,-25,-62,-20,-58,-23,-59,-23,-61,-19,-64,-20,-63,-18,-66,-16,-66,-18,-65,-14,-68,-15,-65,-15,-67,-13,-71,-11,-68,-11,-68,-12,-74,-15,-68,-10,-67,-14,-71,-16,-70,-15,-68,-18,-72,-16,-71,-20,-66,-20,-74,-21,-65,-23,-75,-18,-70,-28,-69,-26,-69,-22,-72,-20,-68,-19,-75,-16,-70,-14,-75,-18,-69,-16,-70,-9,-69,-8,-61,-10,-64,0,0]"
CSI_DATA,261,1a:00:00:00:00:00,-49,11,1,0,1,1,1,0,0,0,1,-96,0,11,2,3682146,0,44,0,384,0,"[0,0,0,0,0,0,0,0,0,0,0,0,1,-5,1,-4,0,-3,0,-2,0,-1,0,-1,0,0,-1,1,-1,1,-1,2,-1,2,-1,3,-1,3,-1,4,-1,4,-1,5,-1,5,-1,5,-1,6,-1,6,-1,6,-1,7,-1,7,-1,7,-1,8,0,8,0,0,0,8,0,9,0,9,0,9,0,9,0,9,0,9,0,9,0,9,0,9,0,9,0,9,0,9,0,8,0,8,0,8,1,8,0,8,1,8,1,8,1,8,0,8,0,8,0,8,-1,8,-1,8,0,0,0,0,0,0,0,0,0,0,0,0,0,0,-43,-19,-31,-24,-27,-19,-22,-14,-17,-15,-15,-15,-12,-11,-8,-6,-5,-4,-3,-3,3,-1,3,4,10,0,9,5,10,3,11,8,15,12,20,8,22,10,22,10,22,11,24,13,26,14,26,11,28,15,31,15,35,12,35,19,33,16,40,16,42,16,41,17,42,17,39,12,42,14,46,14,45,14,43,18,43,17,41,14,43,14,42,14,43,16,43,16,43,17,40,12,39,12,41,11,36,10,37,10,36,12,36,12,34,13,34,13,33,17,34,17,34,20,0,0,0,0,0,0,0,0,0,0,0,0,0,0,0,0,0,0,0,0,0,0,-23,-14,-26,-20,-26,-23,-29,-22,-24,-24,-24,-30,-25,-35,-20,-39,-19,-38,-23,-44,-14,-49,-15,-44,-12,-58,-8,-61,-6,-58,-3,-57,-3,-62,-3,-61,4,-62,4,-63,6,-64,8,-65,7,-66,15,-68,14,-65,14,-69,17,-67,18,-70,13,-67,16,-65,14,-69,18,-68,16,-69,16,-69,17,-69,18,-70,17,-69,14,-71,11,-66,16,-71,16,-73,11,-72,10,-74,9,-73,9,-76,7,-66,10,-72,11,-76,9,-74,10,-70,9,-72,12,-69,13,-72,19,-70,19,-68,19,-62,16,-61,0,0]"
CSI_DATA,262,1a:00:00:00:00:00,-50,11,1,0,1,1,1,0,0,0,1,-96,0,11,2,3692170,0,44,0,384,0,"[0,0,0,0,0,0,0,0,0,0,0,0,-4,3,-3,2,-2,2,-2,1,-1,0,-1,0,0,-1,0,-1,1,-2,1,-2,1,-3,2,-3,2,-4,2,-4,2,-4,2,-5,2,-5,3,-5,3,-6,3,-6,3,-6,3,-7,3,-7,3,-8,3,-8,3,-8,0,0,3,-8,3,-9,3,-9,3,-9,4,-9,4,-9,4,-9,4,-9,3,-9,4,-9,4,-9,4,-9,4,-8,3,-8,3,-9,3,-8,3,-9,3,-8,3,-8,3,-8,3,-8,3,-8,3,-8,4,-8,4,-8,4,-7,0,0,0,0,0,0,0,0,0,0,0,0,0,0,26,28,26,28,20,24,21,16,16,17,8,18,10,5,9,11,4,0,-2,0,-4,-1,-1,-3,-10,-6,-4,-10,-11,-10,-9,-14,-10,-17,-12,-18,-18,-18,-20,-19,-22,-27,-25,-24,-25,-19,-24,-20,-28,-24,-30,-26,-30,-24,-32,-21,-30,-28,-29,-28,-37,-27,-38,-32,-37,-28,-37,-27,-34,-26,-36,-28,-36,-29,-40,-25,-36,-26,-37,-31,-35,-31,-34,-29,-29,-24,-34,-28,-32,-27,-34,-25,-36,-24,-33,-20,-35,-22,-34,-23,-33,-21,-32,-24,-35,-20,-30,-22,-29,-26,-29,-28,-27,-26,0,0,0,0,0,0,0,0,0,0,0,0,0,0,0,0,0,0,0,0,0,0,29,10,23,17,20,21,20,27,22,32,19,32,18,37,15,34,15,43,10,45,12,48,4,54,4,55,-1,57,0,57,-2,56,-5,61,-12,58,-10,62,-13,60,-14,62,-18,60,-20,61,-22,66,-24,64,-31,66,-29,67,-28,66,-29,66,-25,67,-29,67,-31,65,-29,65,-27,66,-26,69,-27,69,-25,68,-25,61,-26,66,-26,68,-25,69,-24,65,-21,68,-26,69,-20,70,-15,65,-19,74,-19,73,-24,69,-25,73,-26,65,-25,73,-30,66,-30,61,-32,64,-35,60,-34,55,0,0]"
CSI_DATA,263,1a:00:00:00:00:00,-50,11,1,0,1,1,1,0,0,0,1,-96,0,11,2,3703473,0,44,0,384,0,"[0,0,0,0,0,0,0,0,0,0,0,0,-3,-5,-2,-4,-2,-3,-1,-2,-1,-2,-1,-1,0,0,0,0,0,1,0,1,1,2,1,2,1,3,2,3,2,3,2,4,3,4,3,4,3,4,3,5,4,5,4,5,4,5,5,5,5,5,5,6,0,0,6,6,6,6,6,6,6,6,6,6,6,6,6,6,6,6,6,6,6,6,6,6,6,6,6,6,6,5,6,6,6,5,6,5,6,5,6,5,6,5,6,5,5,5,5,5,5,6,5,6,4,6,0,0,0,0,0,0,0,0,0,0,0,0,0,0,-44,11,-38,14,-34,6,-26,5,-24,3,-20,1,-17,4,-13,4,-7,-3,3,4,5,-3,8,-1,8,0,6,-1,15,-5,15,-4,18,-3,18,-5,23,-7,27,-4,26,-8,23,-12,30,-9,28,-8,28,-14,34,-11,32,-14,34,-14,32,-10,36,-12,36,-17,45,-22,40,-15,40,-18,39,-18,40,-19,38,-22,38,-20,41,-18,42,-19,37,-19,35,-16,37,-16,38,-20,35,-20,37,-18,35,-20,33,-21,36,-22,32,-21,32,-19,32,-17,36,-18,32,-17,36,-19,35,-13,39,-12,0,0,0,0,0,0,0,0,0,0,0,0,0,0,0,0,0,0,0,0,0,0,-26,10,-33,9,-32,8,-35,3,-39,-8,-41,-5,-42,-13,-41,-13,-42,-17,-44,-17,-44,-23,-44,-31,-47,-31,-41,-35,-44,-40,-41,-42,-43,-46,-41,-42,-41,-44,-41,-52,-41,-48,-40,-54,-36,-54,-34,-56,-38,-60,-40,-62,-37,-61,-37,-66,-35,-61,-41,-61,-34,-60,-41,-64,-37,-66,-36,-65,-35,-60,-39,-62,-40,-63,-37,-65,-39,-60,-37,-66,-39,-67,-40,-59,-43,-62,-44,-67,-43,-63,-42,-57,-48,-62,-48,-60,-47,-63,-42,-62,-37,-58,-38,-59,-42,-66,-34,-56,-28,-62,-35,-64,-26,-58,0,0]"
CSI_DATA,264,1a:00:00:00:00:00,-50,11,1,0,1,1,1,0,0,0,1,-96,0,11,2,3733309,0,44,0,384,0,"[0,0,0,0,0,0,0,0,0,0,0,0,-4,2,-3,2,-3,1,-2,0,-1,0,-1,0,0,-1,0,-1,1,-1,1,-2,1,-2,2,-2,2,-2,2,-3,3,-3,3,-3,3,-4,4,-4,4,-4,4,-4,4,-4,4,-5,4,-5,4,-5,5,-5,5,-6,0,0,5,-6,5,-6,5,-6,5,-6,5,-6,5,-6,5,-7,5,-6,5,-6,5,-6,5,-6,5,-6,5,-6,5,-6,5,-6,4,-6,5,-6,4,-6,4,-6,4,-6,4,-6,5,-6,5,-6,5,-5,5,-5,5,-5,0,0,0,0,0,0,0,0,0,0,0,0,0,0,24,41,17,39,12,33,15,25,8,26,4,20,3,8,6,10,3,4,1,2,-1,0,0,-7,-4,-8,3,-15,-4,-12,-4,-14,-4,-19,-5,-16,-7,-24,-13,-24,-8,-23,-10,-28,-12,-28,-15,-27,-12,-31,-15,-35,-13,-30,-14,-39,-14,-33,-16,-37,-18,-35,-17,-43,-19,-42,-18,-37,-22,-41,-16,-41,-19,-41,-20,-38,-17,-41,-23,-35,-18,-44,-22,-40,-12,-39,-18,-37,-20,-40,-19,-40,-19,-36,-20,-35,-17,-37,-19,-37,-16,-35,-19,-37,-14,-31,-15,-38,-12,-38,-16,-36,-11,-34,0,0,0,0,0,0,0,0,0,0,0,0,0,0,0,0,0,0,0,0,0,0,23,15,25,19,26,25,23,30,21,31,16,31,14,38,12,44,11,44,8,48,6,52,2,52,-2,59,-7,56,-7,58,-12,58,-12,63,-21,56,-19,61,-22,63,-24,65,-27,58,-36,60,-34,59,-37,61,-41,64,-38,57,-40,57,-43,62,-44,55,-46,56,-38,56,-41,64,-39,67,-45,55,-44,65,-49,66,-47,62,-43,54,-46,65,-47,58,-47,64,-48,66,-36,62,-35,60,-41,64,-40,65,-47,64,-49,69,-46,66,-52,53,-51,58,-49,58,-54,50,-53,55,-48,44,-54,47,0,0]"
CSI_DATA,265,1a:00:00:00:00:00,-50,11,1,0,1,1,1,0,0,0,1,-96,0,11,2,3744264,0,44,0,384,0,"[0,0,0,0,0,0,0,0,0,0,0,0,3,3,2,2,2,2,1,1,0,1,0,0,-1,-1,-1,-1,-2,-2,-2,-2,-3,-2,-3,-3,-3,-3,-3,-3,-4,-3,-4,-4,-5,-4,-5,-4,-5,-4,-6,-4,-6,-4,-6,-4,-7,-4,-7,-4,-7,-5,-8,-5,0,0,-8,-5,-8,-5,-8,-5,-8,-5,-8,-5,-8,-5,-8,-5,-8,-5,-8,-5,-8,-5,-8,-5,-8,-5,-8,-4,-8,-4,-8,-4,-8,-4,-8,-4,-8,-4,-8,-4,-8,-4,-8,-4,-8,-4,-8,-4,-7,-5,-7,-5,-7,-5,0,0,0,0,0,0,0,0,0,0,0,0,0,0,42,-25,34,-23,28,-17,21,-15,20,-9,16,-12,12,-9,13,-3,5,-2,0,-3,-3,-1,-4,1,-8,4,-9,5,-13,3,-15,6,-14,9,-19,12,-20,9,-22,9,-25,18,-22,11,-21,18,-24,16,-26,20,-24,22,-30,18,-27,21,-30,24,-33,26,-33,22,-32,23,-31,25,-30,26,-31,23,-30,23,-35,27,-37,26,-34,23,-39,27,-32,26,-32,25,-34,25,-32,23,-30,22,-29,20,-31,24,-29,26,-29,24,-26,25,-29,26,-29,21,-30,21,-29,24,-33,22,-30,18,-31,17,0,0,0,0,0,0,0,0,0,0,0,0,0,0,0,0,0,0,0,0,0,0,14,-22,17,-25,24,-24,28,-22,30,-21,29,-20,34,-19,41,-15,40,-16,45,-10,44,-8,46,-6,51,-6,54,3,54,4,55,8,59,7,59,14,61,16,57,21,58,18,57,20,62,23,65,27,65,27,65,29,64,30,60,32,61,32,66,37,56,37,63,34,64,37,65,35,59,36,65,37,64,32,65,35,60,33,58,36,62,40,62,36,68,36,73,33,65,37,70,27,64,33,66,33,66,40,66,39,68,35,62,39,61,40,54,42,55,45,51,50,51,39,0,0]"
CSI_DATA,266,1a:00:00:00:00:00,-50,11,1,0,1,1,1,0,0,0,1,-96,0,11,2,3762164,0,44,0,384,0,"[0,0,0,0,0,0,0,0,0,0,0,0,0,-6,0,-5,-1,-4,0,-2,0,-2,0,-1,-1,0,-1,1,-1,1,-1,2,0,2,0,2,0,3,0,3,0,4,0,4,0,4,0,5,0,5,0,6,0,6,0,6,1,6,1,6,1,7,1,7,0,0,1,8,1,8,1,8,2,8,1,8,1,8,1,8,1,8,1,8,1,8,1,8,1,7,1,8,1,7,1,7,1,7,1,7,1,7,1,7,1,7,1,7,1,7,1,7,1,7,0,7,0,7,0,0,0,0,0,0,0,0,0,0,0,0,0,0,-53,-11,-38,-6,-34,-7,-32,-8,-23,-11,-25,-9,-14,-8,-12,-2,-8,-6,-1,-3,0,4,2,5,8,-1,9,5,9,4,15,4,14,5,19,3,20,3,24,6,27,1,25,5,29,4,32,4,34,10,34,4,33,9,39,7,34,5,35,8,38,5,43,6,35,0,39,3,42,5,48,2,42,3,44,5,38,5,43,6,41,-1,42,6,40,1,37,7,39,5,40,2,39,3,39,4,39,0,39,1,35,1,37,3,39,-3,35,2,35,3,37,7,34,9,0,0,0,0,0,0,0,0,0,0,0,0,0,0,0,0,0,0,0,0,0,0,-28,8,-30,6,-34,-1,-35,-4,-35,-9,-38,-13,-39,-15,-40,-20,-37,-18,-41,-29,-36,-35,-37,-36,-40,-38,-35,-42,-39,-44,-35,-46,-35,-51,-31,-53,-28,-57,-26,-55,-25,-58,-31,-61,-27,-62,-23,-64,-20,-65,-23,-69,-21,-68,-19,-70,-18,-72,-20,-77,-17,-67,-16,-77,-14,-76,-15,-76,-17,-71,-17,-75,-22,-74,-18,-72,-20,-69,-22,-74,-19,-74,-21,-73,-24,-74,-26,-80,-26,-75,-16,-79,-18,-76,-27,-73,-22,-75,-13,-75,-20,-79,-20,-75,-12,-79,-14,-72,-9,-76,-8,-69,-7,-69,0,0]"
CSI_DATA,267,1a:00:00:00:00:00,-50,11,1,0,1,1,1,0,0,0,1,-96,0,11,2,3774245,0,44,0,384,0,"[0,0,0,0,0,0,0,0,0,0,0,0,-6,0,-5,0,-4,0,-2,0,-2,0,-1,0,0,0,0,0,1,0,2,0,2,-1,2,-1,3,-1,3,-1,4,-1,4,-1,5,-1,5,-1,6,-2,6,-2,6,-2,6,-2,6,-2,6,-2,7,-3,7,-3,0,0,8,-3,8,-3,8,-3,8,-3,8,-3,8,-3,8,-3,8,-3,8,-3,8,-3,8,-3,7,-3,8,-3,7,-3,7,-3,7,-3,7,-3,7,-3,7,-3,7,-3,7,-3,7,-3,7,-3,7,-2,7,-2,7,-2,0,0,0,0,0,0,0,0,0,0,0,0,0,0,-14,43,-10,41,-6,34,-4,31,-8,24,-4,19,-7,13,-8,7,-4,9,-3,3,2,-3,2,-4,6,-9,-1,-12,6,-12,8,-18,5,-22,6,-19,6,-20,6,-24,6,-24,8,-25,12,-30,6,-28,10,-33,6,-34,10,-35,7,-33,4,-41,9,-36,3,-41,3,-41,4,-43,8,-42,8,-45,6,-45,5,-44,8,-44,5,-41,12,-43,9,-46,7,-42,3,-40,8,-41,6,-37,8,-38,5,-38,4,-37,5,-37,4,-39,1,-38,8,-38,3,-40,2,-33,8,-31,8,-34,11,-38,0,0,0,0,0,0,0,0,0,0,0,0,0,0,0,0,0,0,0,0,0,0,9,27,4,29,0,34,-1,37,-1,37,-9,35,-14,38,-20,39,-17,40,-18,42,-27,43,-32,42,-35,47,-40,42,-43,37,-47,38,-50,35,-46,33,-50,31,-54,31,-57,35,-60,34,-60,33,-60,30,-60,25,-64,26,-66,25,-71,26,-69,19,-71,22,-65,21,-70,19,-73,18,-73,20,-76,17,-72,22,-72,22,-72,21,-73,21,-78,19,-77,23,-76,22,-72,21,-78,25,-70,23,-65,22,-68,20,-76,23,-74,25,-76,26,-75,19,-78,18,-79,13,-70,11,-74,7,-67,3,-69,2,0,0]"
CSI_DATA,268,1a:00:00:00:00:00,-50,11,1,0,1,1,1,0,0,0,1,-96,0,11,2,3782154,0,44,0,384,0,"[0,0,0,0,0,0,0,0,0,0,0,0,-4,-4,-3,-4,-2,-3,-2,-2,-1,-2,-1,-1,0,0,0,0,0,1,1,1,1,2,1,2,2,2,2,2,2,3,3,3,3,3,3,3,4,4,4,4,4,4,4,4,4,4,5,4,5,5,5,5,0,0,6,5,5,5,6,5,6,5,6,5,6,5,6,5,6,5,6,5,6,5,6,5,5,5,5,5,5,5,5,5,5,5,5,4,5,4,5,4,5,4,5,4,5,5,5,5,5,5,5,5,4,5,0,0,0,0,0,0,0,0,0,0,0,0,0,0,-49,16,-38,19,-32,13,-30,8,-22,5,-18,3,-19,3,-8,1,-4,0,0,3,5,0,3,-2,7,-4,8,1,14,-2,14,-4,15,-5,21,-2,21,-3,23,-6,24,-8,26,-7,28,-7,25,-7,32,-7,34,-14,35,-13,31,-13,35,-9,38,-11,43,-13,39,-10,34,-14,44,-12,40,-14,39,-16,41,-12,38,-16,38,-10,41,-11,37,-13,38,-11,37,-8,36,-10,35,-10,37,-7,36,-12,38,-15,35,-10,32,-10,34,-13,32,-12,38,-9,32,-12,40,-9,32,-8,37,-7,0,0,0,0,0,0,0,0,0,0,0,0,0,0,0,0,0,0,0,0,0,0,-8,25,-22,26,-17,26,-26,26,-30,25,-33,22,-40,17,-40,21,-43,15,-46,10,-46,8,-57,3,-60,4,-55,-3,-58,1,-54,-2,-61,-14,-60,-14,-59,-13,-59,-19,-60,-22,-63,-22,-62,-28,-63,-29,-61,-32,-62,-32,-65,-34,-67,-38,-61,-36,-65,-41,-62,-41,-67,-42,-61,-38,-60,-46,-62,-41,-64,-48,-65,-40,-60,-40,-60,-41,-68,-46,-64,-47,-63,-45,-64,-45,-65,-47,-61,-42,-62,-40,-67,-47,-59,-48,-61,-50,-62,-50,-52,-54,-66,-55,-58,-59,-51,-54,-42,-52,-47,-55,-42,-54,0,0]"
CSI_DATA,269,1a:00:00:00:00:00,-50,11,1,0,1,1,1,0,0,0,1,-96,0,11,2,3793105,0,44,0,384,0,"[0,0,0,0,0,0,0,0,0,0,0,0,-4,3,-3,2,-3,1,-2,1,-2,0,-1,0,0,-1,0,-1,0,-1,1,-2,1,-2,2,-2,2,-3,2,-3,2,-3,3,-3,3,-4,3,-4,3,-4,3,-5,4,-5,4,-5,4,-5,4,-6,4,-6,4,-6,0,0,4,-6,4,-6,4,-6,4,-7,5,-7,4,-7,4,-7,4,-7,4,-7,4,-6,4,-6,4,-6,4,-6,4,-6,4,-6,4,-6,4,-6,3,-6,3,-6,3,-6,3,-6,4,-6,4,-6,4,-6,4,-6,4,-5,0,0,0,0,0,0,0,0,0,0,0,0,0,0,22,41,21,38,14,36,10,30,8,25,5,19,5,17,5,14,-1,8,1,1,2,1,-2,-7,-7,-7,0,-13,-3,-12,-5,-15,-2,-17,-2,-19,-7,-21,-7,-25,-12,-25,-9,-25,-14,-29,-9,-28,-10,-37,-10,-31,-14,-32,-14,-35,-6,-38,-14,-37,-15,-37,-14,-40,-14,-38,-13,-35,-18,-40,-11,-39,-18,-37,-15,-38,-11,-38,-19,-42,-15,-40,-13,-40,-12,-40,-12,-34,-15,-35,-17,-33,-15,-33,-17,-34,-12,-36,-18,-36,-18,-33,-15,-34,-18,-30,-14,-33,-12,-34,-8,-37,-12,-34,0,0,0,0,0,0,0,0,0,0,0,0,0,0,0,0,0,0,0,0,0,0,25,16,25,16,22,23,23,26,20,28,22,31,17,31,14,39,12,42,8,44,4,50,1,51,-4,55,-4,49,-14,57,-10,59,-16,61,-16,56,-16,58,-25,60,-25,63,-24,58,-32,61,-34,61,-34,60,-36,61,-43,57,-43,56,-39,62,-41,60,-43,62,-43,57,-47,57,-43,60,-48,58,-40,59,-42,61,-42,59,-46,62,-46,63,-43,60,-45,58,-44,65,-45,66,-47,62,-43,58,-46,66,-44,64,-47,62,-45,60,-53,58,-49,55,-52,50,-53,54,-57,49,-55,45,-51,40,0,0]"
CSI_DATA,270,1a:00:00:00:00:00,-50,11,1,0,1,1,1,0,0,0,1,-96,0,11,2,3802155,0,44,0,384,0,"[0,0,0,0,0,0,0,0,0,0,0,0,-5,-4,-4,-3,-3,-3,-2,-2,-2,-2,-1,-1,0,-1,0,0,0,1,1,1,1,1,2,1,2,2,2,2,3,2,3,2,4,3,4,3,4,3,4,3,5,3,5,3,5,3,6,3,6,4,6,4,0,0,7,4,7,4,7,4,7,4,7,4,7,4,7,4,7,4,7,4,7,4,7,4,6,4,6,4,6,4,6,4,6,3,6,3,6,3,6,3,6,3,6,3,6,3,6,3,6,4,6,4,5,4,0,0,0,0,0,0,0,0,0,0,0,0,0,0,-39,35,-34,25,-30,24,-25,20,-20,16,-15,15,-15,10,-11,6,-8,7,-5,5,-4,0,2,-3,7,-5,8,-1,12,-5,8,-6,12,-11,15,-14,22,-14,18,-11,20,-17,23,-11,25,-20,25,-18,28,-21,29,-21,27,-25,26,-23,30,-19,34,-25,34,-24,33,-29,27,-29,33,-31,31,-27,35,-26,33,-34,33,-28,27,-29,34,-25,35,-31,30,-23,32,-22,32,-27,26,-30,26,-27,25,-25,26,-28,23,-27,29,-27,25,-27,24,-26,28,-25,28,-24,27,-23,29,-19,30,-18,0,0,0,0,0,0,0,0,0,0,0,0,0,0,0,0,0,0,0,0,0,0,-7,26,-11,30,-16,29,-21,31,-27,28,-34,22,-31,24,-36,19,-38,18,-43,16,-48,18,-50,14,-54,10,-56,5,-57,3,-60,-1,-58,-2,-62,-3,-63,-7,-65,-10,-64,-10,-66,-17,-67,-17,-67,-17,-68,-23,-67,-21,-67,-24,-69,-24,-65,-24,-69,-32,-67,-31,-69,-30,-69,-27,-69,-28,-66,-31,-70,-27,-69,-30,-72,-32,-68,-31,-71,-31,-67,-33,-69,-29,-69,-30,-72,-28,-72,-31,-70,-34,-74,-33,-70,-30,-71,-28,-69,-32,-75,-35,-67,-37,-67,-41,-68,-37,-60,-40,-59,-41,-54,-46,0,0]"
CSI_DATA,271,1a:00:00:00:00:00,-51,11,1,0,1,1,1,0,0,0,1,-96,0,11,2,3812152,0,44,0,384,0,"[0,0,0,0,0,0,0,0,0,0,0,0,4,2,3,1,2,1,2,1,1,0,0,0,0,0,-1,-1,-2,-1,-2,-1,-2,-2,-3,-2,-3,-2,-4,-2,-4,-2,-4,-3,-5,-3,-5,-3,-6,-3,-6,-3,-6,-3,-6,-3,-7,-3,-7,-3,-7,-3,-8,-3,0,0,-8,-3,-8,-3,-8,-3,-8,-3,-8,-3,-8,-3,-8,-3,-8,-3,-8,-3,-8,-3,-8,-3,-8,-3,-8,-3,-8,-3,-7,-3,-8,-3,-7,-2,-7,-2,-8,-2,-7,-2,-8,-2,-7,-3,-7,-3,-7,-3,-7,-3,-7,-4,0,0,0,0,0,0,0,0,0,0,0,0,0,0,36,-30,34,-30,30,-22,29,-18,20,-17,23,-11,12,-5,11,-8,8,-5,1,-3,-3,-1,0,2,-8,1,-5,0,-11,4,-20,6,-13,6,-19,9,-22,14,-22,13,-24,14,-22,13,-24,19,-28,16,-26,15,-31,21,-33,20,-30,19,-32,22,-31,20,-33,24,-37,27,-32,19,-36,33,-31,25,-37,25,-39,27,-38,26,-33,27,-32,30,-35,26,-34,20,-33,24,-30,18,-36,25,-32,19,-36,23,-32,27,-25,22,-25,26,-30,23,-30,22,-28,29,-31,23,-32,18,-31,21,-32,21,0,0,0,0,0,0,0,0,0,0,0,0,0,0,0,0,0,0,0,0,0,0,5,-31,15,-28,19,-30,23,-29,24,-23,28,-26,30,-29,38,-24,39,-19,43,-17,46,-13,47,-13,52,-11,55,-7,53,-1,56,2,59,0,62,5,65,7,60,6,56,7,67,18,70,24,65,14,69,22,66,22,66,25,69,28,67,25,68,32,69,33,71,30,69,32,73,33,70,31,71,33,70,35,63,33,69,32,70,32,72,38,72,29,71,34,72,30,72,28,65,32,74,33,75,24,73,31,72,38,69,37,72,35,71,41,61,41,61,40,55,46,55,44,0,0]"
CSI_DATA,272,1a:00:00:00:00:00,-51,11,1,0,1,1,1,0,0,0,1,-96,0,11,2,3823175,0,44,0,384,0,"[0,0,0,0,0,0,0,0,0,0,0,0,3,3,2,3,2,2,1,1,1,1,0,0,0,0,-1,-1,-1,-1,-1,-2,-2,-2,-2,-3,-2,-3,-3,-3,-3,-4,-3,-4,-4,-4,-4,-4,-4,-5,-5,-5,-5,-5,-5,-5,-5,-5,-6,-5,-6,-6,-6,-6,0,0,-6,-6,-6,-6,-7,-6,-7,-6,-7,-7,-7,-7,-6,-7,-6,-7,-6,-7,-6,-7,-6,-7,-6,-6,-6,-6,-6,-6,-6,-6,-6,-6,-6,-6,-6,-6,-6,-6,-6,-6,-6,-6,-6,-6,-6,-6,-6,-6,-5,-6,-5,-6,0,0,0,0,0,0,0,0,0,0,0,0,0,0,47,-27,43,-21,36,-18,35,-12,26,-12,19,-2,15,-6,11,-5,12,-5,3,-1,-3,1,-4,3,-7,-3,-7,2,-12,5,-20,8,-21,3,-15,6,-22,7,-23,7,-25,9,-27,5,-30,13,-27,12,-34,11,-29,14,-35,15,-34,16,-32,18,-39,14,-39,21,-40,21,-39,16,-37,21,-36,19,-41,15,-39,17,-39,22,-39,20,-36,18,-34,19,-35,16,-33,17,-39,19,-30,20,-31,16,-32,18,-33,19,-31,17,-30,19,-31,23,-34,19,-30,17,-28,19,-31,17,-31,16,-31,13,0,0,0,0,0,0,0,0,0,0,0,0,0,0,0,0,0,0,0,0,0,0,19,-22,25,-24,27,-21,32,-23,31,-16,35,-12,39,-12,40,-14,45,-7,46,-1,52,1,53,4,52,5,55,9,58,13,51,14,55,23,55,27,57,20,54,30,58,30,58,34,54,34,56,36,57,36,60,37,56,42,58,47,56,45,59,51,53,46,59,50,50,48,58,49,59,48,56,53,57,47,54,53,60,51,58,49,59,51,59,53,63,48,61,52,58,47,69,46,66,50,57,50,59,49,59,55,56,53,59,55,56,56,48,57,49,58,44,61,47,53,0,0]"
CSI_DATA,273,1a:00:00:00:00:00,-51,11,1,0,1,1,1,0,0,0,1,-96,0,11,2,3835475,0,44,0,384,0,"[0,0,0,0,0,0,0,0,0,0,0,0,1,-6,1,-5,1,-4,0,-3,0,-2,0,-2,0,-1,-1,0,-1,0,-1,1,-1,1,-1,2,-2,2,-2,3,-2,3,-2,4,-2,4,-2,4,-2,5,-2,5,-2,5,-2,6,-2,6,-2,6,-2,6,-2,6,0,0,-2,7,-2,7,-2,7,-2,7,-2,7,-2,8,-2,7,-2,7,-2,7,-2,8,-2,7,-2,7,-2,7,-2,6,-2,7,-2,6,-2,7,-1,6,-2,7,-1,6,-2,7,-2,6,-2,7,-2,6,-2,6,-3,6,0,0,0,0,0,0,0,0,0,0,0,0,0,0,-42,-24,-44,-25,-36,-22,-24,-16,-27,-21,-18,-17,-13,-13,-13,-6,-11,-8,-3,0,-2,-3,0,0,7,8,1,9,6,5,10,10,17,14,8,11,17,15,17,15,20,12,21,19,20,11,22,20,23,21,23,15,30,19,28,23,28,18,35,23,34,24,33,21,36,21,32,23,37,25,32,20,31,26,38,24,37,20,31,24,35,18,31,22,30,21,30,20,30,20,34,24,30,18,31,18,29,15,31,13,31,16,31,19,29,19,31,16,30,17,28,22,25,21,0,0,0,0,0,0,0,0,0,0,0,0,0,0,0,0,0,0,0,0,0,0,-34,2,-30,-3,-35,-6,-35,-13,-37,-15,-34,-18,-34,-20,-40,-25,-35,-27,-35,-33,-30,-39,-36,-40,-26,-41,-30,-47,-24,-50,-24,-54,-22,-59,-24,-59,-18,-57,-16,-59,-14,-62,-12,-66,-11,-67,-9,-70,-7,-69,-5,-75,-4,-76,0,-72,0,-77,2,-74,-2,-80,3,-74,3,-72,4,-79,5,-79,3,-77,1,-77,4,-79,2,-78,3,-81,4,-77,1,-81,4,-82,3,-86,4,-76,5,-87,6,-83,1,-77,5,-79,8,-83,7,-80,12,-80,17,-79,17,-78,18,-75,22,-69,22,-72,0,0]"
CSI_DATA,274,1a:00:00:00:00:00,-51,11,1,0,1,1,1,0,0,0,1,-96,0,11,2,3842150,0,44,0,384,0,"[0,0,0,0,0,0,0,0,0,0,0,0,-6,0,-5,0,-4,0,-3,0,-2,-1,-2,0,-1,0,0,0,0,0,1,0,1,0,2,0,2,-1,3,-1,3,-1,4,-1,4,-1,5,-1,5,-1,5,-1,5,-1,6,-1,6,-1,6,-2,7,-2,7,-1,0,0,7,-2,8,-2,8,-2,8,-2,7,-2,8,-2,8,-2,8,-2,8,-2,8,-2,8,-2,7,-2,7,-2,7,-2,7,-2,7,-2,7,-2,6,-2,7,-2,7,-2,7,-2,7,-2,7,-2,7,-2,7,-2,7,-1,0,0,0,0,0,0,0,0,0,0,0,0,0,0,-18,52,-17,42,-18,37,-16,31,-16,23,-9,16,-9,17,-9,11,-7,8,-4,5,0,-2,0,3,4,-2,5,-7,6,-7,8,-3,11,-14,8,-11,9,-16,14,-16,19,-21,17,-21,16,-25,10,-27,16,-25,20,-31,20,-28,21,-35,24,-28,19,-34,25,-34,23,-31,22,-36,20,-36,21,-35,24,-35,24,-30,23,-36,24,-39,22,-35,22,-33,26,-36,25,-32,24,-28,26,-32,18,-32,18,-26,22,-32,16,-31,19,-30,21,-32,18,-28,19,-29,19,-33,24,-30,23,-29,23,-28,0,0,0,0,0,0,0,0,0,0,0,0,0,0,0,0,0,0,0,0,0,0,19,24,11,27,11,33,4,38,2,40,0,38,-2,41,-4,44,-11,39,-15,42,-24,42,-25,45,-27,47,-35,40,-35,41,-38,38,-44,37,-42,39,-49,36,-50,40,-49,36,-56,36,-64,33,-64,31,-64,32,-69,30,-68,22,-65,23,-71,23,-71,22,-72,20,-73,18,-74,22,-75,17,-77,19,-78,21,-76,16,-75,10,-76,17,-80,14,-74,19,-80,16,-81,16,-82,14,-80,16,-83,11,-83,15,-83,18,-85,13,-81,7,-77,8,-82,6,-82,7,-76,3,-76,-11,-76,-5,-69,-6,0,0]"
CSI_DATA,275,1a:00:00:00:00:00,-51,11,1,0,1,1,1,0,0,0,1,-96,0,11,2,3852998,0,44,0,384,0,"[0,0,0,0,0,0,0,0,0,0,0,0,-1,-6,0,-5,-1,-4,0,-3,-1,-2,0,-2,-1,-1,-1,0,-1,0,-1,1,-1,1,-1,2,-1,2,-1,3,-1,3,0,3,0,4,0,4,0,4,0,5,0,5,0,5,0,6,0,6,0,6,0,6,0,0,1,7,1,7,1,7,1,7,1,7,1,7,1,7,1,7,1,7,1,7,1,7,1,6,1,6,1,6,1,6,1,6,1,6,1,6,1,6,1,6,1,6,2,6,1,6,1,6,1,6,0,6,0,0,0,0,0,0,0,0,0,0,0,0,0,0,-55,-11,-44,-12,-43,-9,-36,-13,-26,-9,-25,-7,-22,-10,-14,-9,-9,-7,-5,-3,-7,2,-2,-1,-2,4,6,2,4,5,10,3,15,4,14,6,19,8,21,5,21,4,24,10,22,9,28,7,28,11,30,7,26,12,30,7,33,9,37,6,34,8,38,4,35,9,37,10,37,9,40,11,37,5,38,9,38,7,42,6,40,5,37,7,33,9,33,6,35,6,37,3,33,4,32,2,34,4,32,0,32,2,36,1,35,2,32,4,31,3,35,8,34,11,0,0,0,0,0,0,0,0,0,0,0,0,0,0,0,0,0,0,0,0,0,0,-28,8,-30,5,-31,3,-37,0,-37,-4,-35,-8,-36,-14,-42,-19,-42,-18,-37,-23,-39,-27,-39,-31,-36,-36,-38,-38,-34,-45,-34,-44,-32,-47,-28,-53,-26,-50,-28,-52,-24,-56,-26,-58,-25,-62,-23,-58,-17,-66,-25,-65,-22,-66,-19,-69,-20,-75,-14,-70,-17,-74,-15,-73,-13,-73,-13,-67,-16,-73,-14,-72,-13,-78,-17,-75,-19,-76,-18,-74,-18,-72,-17,-76,-13,-75,-19,-78,-17,-75,-10,-77,-16,-73,-19,-79,-15,-83,-17,-78,-15,-77,-18,-80,-16,-76,-8,-73,-8,-74,-1,-76,4,-71,0,0]"
CSI_DATA,276,1a:00:00:00:00:00,-51,11,1,0,1,1,1,0,0,0,1,-96,0,11,2,3862176,0,44,0,384,0,"[0,0,0,0,0,0,0,0,0,0,0,0,-6,-2,-5,-2,-4,-2,-3,-2,-3,-1,-2,-1,-1,-1,-1,0,0,0,0,0,1,0,1,0,2,0,2,0,2,1,3,1,3,1,4,1,4,1,4,1,5,1,5,1,5,1,5,1,6,1,6,1,0,0,7,1,7,1,6,1,7,1,6,1,7,1,7,1,7,1,7,1,7,1,7,1,6,1,6,1,6,1,6,1,6,1,6,1,6,0,6,0,6,0,6,0,6,0,6,1,6,1,6,1,6,1,0,0,0,0,0,0,0,0,0,0,0,0,0,0,-26,46,-21,42,-18,38,-14,30,-21,23,-12,20,-14,15,-9,11,-8,10,0,4,0,2,-1,-2,4,1,2,-8,6,-5,9,-8,7,-11,10,-13,11,-12,13,-16,15,-20,14,-20,14,-20,20,-23,19,-25,18,-23,16,-27,20,-29,19,-30,19,-30,17,-33,23,-28,20,-31,24,-28,23,-31,26,-29,20,-31,26,-33,22,-35,24,-33,23,-32,22,-26,24,-31,22,-27,17,-31,17,-30,18,-29,21,-29,18,-28,22,-31,16,-26,18,-31,20,-25,20,-30,17,-25,19,-29,25,-23,0,0,0,0,0,0,0,0,0,0,0,0,0,0,0,0,0,0,0,0,0,0,18,22,10,31,7,30,7,30,0,34,-1,36,-7,37,-12,38,-10,38,-15,39,-20,43,-24,43,-28,43,-37,44,-36,36,-40,42,-43,35,-48,33,-48,34,-51,31,-54,27,-59,30,-56,21,-64,25,-64,22,-66,24,-67,19,-64,22,-64,22,-74,19,-70,19,-71,17,-73,12,-73,10,-74,13,-75,11,-75,9,-70,14,-76,12,-79,13,-73,11,-76,12,-75,12,-82,13,-81,10,-66,12,-73,6,-80,7,-83,7,-81,4,-82,7,-82,4,-78,-2,-75,-2,-75,-6,-73,-8,-70,-10,0,0]"
CSI_DATA,277,1a:00:00:00:00:00,-52,11,1,0,1,1,1,0,0,0,1,-96,0,11,2,3892980,0,44,0,384,0,"[0,0,0,0,0,0,0,0,0,0,0,0,-7,-3,-6,-2,-5,-2,-4,-2,-3,-2,-2,-1,-2,-1,-1,-1,0,0,0,0,1,0,1,0,2,0,2,1,2,1,3,1,3,1,4,1,4,1,5,1,5,1,5,1,6,1,6,1,6,1,6,1,0,0,7,1,7,1,7,1,7,1,7,1,7,1,7,1,7,1,7,1,7,1,7,2,7,1,7,1,7,1,7,1,7,1,7,0,6,0,7,0,7,0,7,0,7,0,7,0,7,1,7,1,6,1,0,0,0,0,0,0,0,0,0,0,0,0,0,0,-20,20,-17,17,-15,13,-14,14,-14,10,-12,7,-10,6,-7,7,-5,3,-3,3,0,1,0,0,2,0,2,-2,1,-1,3,-2,5,-3,6,-4,5,-6,5,-8,8,-6,7,-7,8,-7,9,-9,12,-10,9,-10,11,-11,10,-12,9,-11,13,-14,13,-11,15,-13,13,-11,16,-12,14,-13,15,-13,16,-11,14,-12,14,-14,13,-12,16,-11,14,-11,12,-11,11,-12,13,-11,11,-12,11,-12,12,-11,11,-11,11,-10,12,-11,10,-11,12,-10,11,-10,12,-12,13,-9,13,-9,0,0,0,0,0,0,0,0,0,0,0,0,0,0,0,0,0,0,0,0,0,0,0,16,1,15,1,15,-3,17,-3,18,-6,17,-9,18,-12,16,-12,18,-15,16,-15,15,-19,16,-19,16,-22,14,-25,14,-26,12,-25,12,-29,9,-29,9,-29,6,-26,9,-32,6,-31,4,-32,4,-34,1,-34,3,-35,3,-37,0,-38,-1,-37,-2,-36,-4,-37,-1,-36,-4,-36,-4,-36,-6,-37,-6,-37,-7,-35,-5,-38,-5,-39,-5,-39,-5,-38,-5,-40,-7,-40,-6,-40,-6,-34,-9,-37,-8,-39,-8,-41,-10,-40,-9,-39,-9,-42,-9,-41,-13,-38,-11,-37,-14,-33,-17,-32,-17,0,0]"
CSI_DATA,278,1a:00:00:00:00:00,-52,11,1,0,1,1,1,0,0,0,1,-96,0,11,2,3902162,0,44,0,384,0,"[0,0,0,0,0,0,0,0,0,0,0,0,-6,4,-5,3,-4,2,-4,2,-3,1,-2,1,-2,0,-1,0,-1,0,0,-1,0,-1,1,-1,1,-2,2,-2,2,-2,2,-3,3,-3,3,-3,3,-4,3,-4,4,-4,4,-4,4,-4,4,-5,5,-5,5,-5,0,0,5,-6,5,-6,5,-6,6,-6,6,-6,6,-6,6,-6,6,-6,6,-6,5,-6,5,-5,5,-5,5,-5,5,-5,5,-5,5,-5,4,-5,4,-5,4,-6,4,-6,4,-6,4,-6,5,-5,5,-5,5,-5,5,-5,0,0,0,0,0,0,0,0,0,0,0,0,0,0,26,47,20,44,21,38,11,37,10,26,8,25,5,18,6,18,3,17,3,13,3,7,0,5,-1,-1,-2,2,-2,-7,-1,-7,-4,-15,-7,-13,-7,-14,-5,-17,-7,-19,-7,-19,-11,-22,-9,-24,-8,-26,-14,-34,-10,-31,-10,-32,-10,-32,-17,-37,-13,-31,-14,-33,-14,-37,-17,-34,-17,-29,-10,-34,-10,-37,-15,-39,-12,-39,-10,-34,-15,-36,-16,-34,-8,-33,-14,-28,-9,-34,-15,-27,-15,-32,-16,-33,-19,-31,-18,-32,-16,-35,-13,-30,-17,-28,-14,-28,-13,-34,-12,-32,-9,-35,0,0,0,0,0,0,0,0,0,0,0,0,0,0,0,0,0,0,0,0,0,0,32,7,30,10,25,17,27,24,25,26,28,32,21,32,18,32,16,39,12,43,18,40,8,51,7,51,6,52,-3,56,-6,51,-5,55,-10,55,-9,60,-15,61,-20,58,-24,60,-20,63,-23,63,-35,63,-30,62,-27,68,-35,61,-34,59,-36,64,-38,66,-41,66,-43,63,-39,62,-42,61,-44,64,-43,59,-42,66,-44,62,-42,63,-48,66,-45,67,-45,65,-47,69,-46,65,-44,62,-45,64,-53,65,-50,70,-51,69,-53,66,-53,64,-54,58,-50,57,-56,57,-64,54,-56,44,0,0]"
CSI_DATA,279,1a:00:00:00:00:00,-52,11,1,0,1,1,1,0,0,0,1,-96,0,11,2,3932336,0,44,0,384,0,"[0,0,0,0,0,0,0,0,0,0,0,0,-6,-4,-5,-4,-5,-3,-4,-3,-3,-3,-2,-2,-2,-2,-1,-1,-1,-1,0,0,0,0,1,0,1,0,1,1,2,1,2,1,3,1,3,2,3,1,3,2,4,2,4,2,5,2,5,2,5,2,5,2,0,0,6,2,6,3,6,3,6,3,6,3,6,3,6,3,6,3,6,3,6,3,6,3,6,2,6,2,6,2,6,2,6,2,6,2,5,2,6,2,6,2,6,1,6,2,6,2,6,2,5,2,5,2,0,0,0,0,0,0,0,0,0,0,0,0,0,0,-44,37,-45,33,-46,29,-31,23,-33,23,-28,20,-20,18,-20,8,-16,10,-9,2,-10,5,-3,0,3,0,-2,1,3,-2,4,1,7,-5,10,-6,11,-13,14,-9,15,-8,17,-10,18,-15,18,-18,18,-21,22,-19,22,-17,22,-24,24,-22,27,-22,23,-22,27,-28,28,-23,29,-28,30,-24,31,-24,29,-23,31,-27,32,-24,25,-24,25,-27,28,-20,25,-22,26,-27,23,-27,21,-20,23,-23,27,-25,22,-26,21,-22,21,-24,21,-25,20,-22,20,-24,21,-23,23,-24,23,-20,0,0,0,0,0,0,0,0,0,0,0,0,0,0,0,0,0,0,0,0,0,0,-4,27,-9,30,-17,28,-20,33,-22,28,-28,30,-30,24,-32,26,-40,21,-40,23,-44,19,-49,17,-50,13,-54,9,-54,10,-52,3,-61,0,-60,-1,-66,-4,-65,-8,-57,-9,-65,-14,-66,-14,-64,-21,-68,-19,-66,-26,-69,-26,-68,-26,-63,-28,-74,-29,-68,-30,-69,-31,-67,-32,-68,-33,-68,-32,-72,-28,-67,-27,-72,-31,-68,-30,-72,-32,-70,-34,-75,-28,-77,-32,-72,-30,-77,-37,-76,-30,-75,-33,-77,-34,-75,-32,-76,-38,-77,-41,-77,-41,-71,-42,-64,-41,-68,-44,-62,-49,-59,-48,0,0]"
CSI_DATA,280,1a:00:00:00:00:00,-52,11,1,0,1,1,1,0,0,0,1,-96,0,11,2,3943989,0,44,0,384,0,"[0,0,0,0,0,0,0,0,0,0,0,0,-6,3,-6,2,-5,2,-4,1,-3,1,-3,1,-2,0,-2,0,-1,0,0,-1,0,-1,0,-1,1,-1,1,-2,1,-2,2,-2,2,-3,2,-3,3,-3,3,-3,3,-4,3,-4,4,-4,4,-4,4,-4,4,-5,0,0,5,-5,5,-5,5,-5,5,-5,5,-5,5,-5,5,-5,5,-5,5,-5,5,-5,5,-5,5,-5,4,-5,4,-5,4,-5,4,-5,4,-5,4,-5,4,-5,3,-5,3,-6,4,-5,4,-5,4,-5,4,-5,4,-5,0,0,0,0,0,0,0,0,0,0,0,0,0,0,6,58,4,56,3,50,-2,46,-4,38,-4,34,-1,25,-6,24,-6,13,-2,15,5,8,1,4,-4,1,0,-3,5,-2,1,-7,0,-7,3,-11,-1,-16,0,-14,4,-20,-1,-16,1,-27,-2,-30,0,-27,1,-29,0,-30,0,-34,2,-34,-3,-34,2,-39,0,-36,3,-39,0,-37,2,-38,1,-38,-1,-40,3,-42,1,-40,2,-37,0,-39,0,-38,0,-35,7,-35,5,-37,4,-32,-2,-35,-2,-34,-6,-34,-7,-37,-2,-32,0,-31,-3,-34,-1,-31,-2,-31,1,-31,1,-33,0,0,0,0,0,0,0,0,0,0,0,0,0,0,0,0,0,0,0,0,0,0,23,18,24,22,18,23,24,32,16,36,12,37,12,37,9,42,4,41,1,45,-3,47,-7,51,-12,52,-20,52,-19,50,-21,46,-30,53,-34,51,-35,56,-34,48,-40,52,-45,51,-41,50,-49,49,-50,50,-57,45,-57,47,-57,45,-56,49,-64,49,-59,48,-60,46,-59,44,-65,42,-64,41,-61,41,-66,43,-66,41,-69,41,-68,45,-69,44,-70,41,-72,45,-65,48,-75,44,-68,50,-73,47,-75,46,-74,48,-75,41,-79,41,-80,39,-78,35,-73,30,-77,32,-77,28,-76,22,0,0]"
CSI_DATA,281,1a:00:00:00:00:00,-52,11,1,0,1,1,1,0,0,0,1,-96,0,11,2,3955613,0,44,0,384,0,"[0,0,0,0,0,0,0,0,0,0,0,0,6,3,5,2,4,2,3,2,2,1,2,1,1,1,1,0,0,0,0,0,-1,-1,-2,-1,-2,-1,-2,-1,-3,-1,-3,-1,-4,-1,-4,-2,-4,-1,-5,-1,-5,-2,-5,-2,-6,-2,-6,-2,-6,-2,-7,-2,0,0,-7,-2,-7,-2,-7,-2,-8,-2,-7,-2,-7,-2,-8,-2,-7,-2,-7,-2,-7,-2,-8,-2,-7,-2,-7,-2,-8,-2,-7,-1,-7,-1,-6,-1,-8,0,-7,-1,-7,-1,-6,-1,-7,0,-7,-1,-7,-1,-7,-1,-7,-1,0,0,0,0,0,0,0,0,0,0,0,0,0,0,26,-51,28,-46,28,-42,27,-37,20,-31,20,-20,16,-20,14,-17,10,-17,8,-13,6,-8,5,-4,-3,-4,-2,-6,-2,2,-1,0,-5,10,-6,11,-8,9,-8,11,-9,14,-13,21,-7,19,-13,20,-13,20,-11,25,-13,27,-13,29,-15,30,-13,28,-11,30,-19,28,-13,29,-12,25,-13,35,-15,34,-15,38,-20,36,-15,30,-18,35,-18,32,-15,28,-10,33,-16,31,-16,32,-19,29,-14,30,-9,31,-10,32,-6,33,-8,34,-11,28,-11,29,-13,24,-8,21,-10,26,-15,30,0,0,0,0,0,0,0,0,0,0,0,0,0,0,0,0,0,0,0,0,0,0,-5,-31,0,-34,5,-36,11,-39,14,-39,17,-34,21,-34,29,-32,30,-30,35,-32,35,-28,39,-30,45,-30,46,-28,49,-25,53,-21,56,-18,57,-14,59,-13,59,-7,58,-6,64,-2,69,-2,66,1,70,-4,70,0,71,3,70,4,72,9,71,9,72,5,71,13,77,10,72,13,71,10,74,10,73,3,78,7,73,5,75,8,77,8,75,6,79,6,84,7,81,6,74,15,80,11,82,7,82,10,84,11,81,11,80,12,83,19,79,12,77,20,71,19,73,20,0,0]"
CSI_DATA,282,1a:00:00:00:00:00,-52,11,1,0,1,1,1,0,0,0,1,-96,0,11,2,3962774,0,44,0,384,0,"[0,0,0,0,0,0,0,0,0,0,0,0,6,-4,5,-4,5,-3,4,-2,3,-2,2,-2,1,-1,1,-1,0,-1,0,0,-1,0,-1,0,-2,1,-2,1,-3,1,-3,1,-3,2,-4,2,-4,2,-4,3,-4,3,-5,3,-5,3,-5,4,-5,4,-6,4,0,0,-6,4,-6,4,-6,5,-6,5,-6,5,-6,5,-6,5,-6,5,-6,5,-6,5,-6,5,-6,5,-6,4,-6,5,-5,4,-5,5,-5,5,-5,5,-5,5,-5,5,-5,5,-5,5,-5,5,-5,5,-5,5,-5,4,0,0,0,0,0,0,0,0,0,0,0,0,0,0,-9,-60,-3,-51,-3,-52,-4,-42,-1,-42,2,-39,1,-28,2,-20,-1,-21,1,-17,3,-8,1,-7,2,0,2,2,1,3,-5,4,-1,7,-2,14,0,14,0,15,3,22,3,16,8,23,2,26,7,23,4,30,6,27,6,32,6,31,5,34,9,34,10,37,7,33,7,34,8,37,7,38,13,36,12,38,9,36,9,31,10,33,11,36,6,31,8,29,14,32,9,29,12,31,10,32,14,30,11,29,9,28,13,31,13,29,12,33,10,31,7,29,9,30,0,0,0,0,0,0,0,0,0,0,0,0,0,0,0,0,0,0,0,0,0,0,-16,-28,-14,-30,-12,-29,-7,-35,-8,-35,1,-42,2,-43,2,-43,10,-45,13,-44,17,-44,21,-41,27,-47,32,-44,31,-47,34,-42,40,-42,41,-39,43,-43,49,-39,51,-36,54,-43,52,-39,58,-39,55,-33,60,-35,59,-33,65,-32,60,-35,66,-35,59,-33,70,-31,67,-32,68,-30,68,-32,69,-33,67,-34,69,-30,66,-36,68,-35,73,-39,69,-39,73,-39,65,-39,70,-39,79,-39,69,-38,72,-43,76,-42,71,-39,79,-33,79,-35,77,-37,72,-37,81,-27,81,-27,76,-22,0,0]"
CSI_DATA,283,1a:00:00:00:00:00,-52,11,1,0,1,1,1,0,0,0,1,-96,0,11,2,3972370,0,44,0,384,0,"[0,0,0,0,0,0,0,0,0,0,0,0,-6,-4,-5,-4,-5,-3,-4,-3,-3,-3,-2,-2,-2,-2,-1,-1,-1,-1,-1,-1,0,0,0,0,1,0,1,0,2,0,2,0,3,1,3,1,3,1,3,1,4,1,4,1,4,1,5,1,5,1,5,1,0,0,6,2,6,2,6,2,6,2,6,2,6,2,6,2,6,2,6,2,6,2,6,2,6,1,6,1,6,1,6,1,6,1,5,1,5,1,5,1,5,1,5,1,6,1,5,1,6,1,5,1,5,1,0,0,0,0,0,0,0,0,0,0,0,0,0,0,-51,37,-46,29,-41,27,-37,22,-29,20,-33,19,-28,13,-23,12,-21,5,-15,4,-5,5,-9,5,-1,1,-2,1,6,4,7,-2,9,-8,8,-9,8,-9,13,-11,13,-11,14,-11,19,-14,18,-12,22,-15,20,-14,22,-23,23,-21,22,-19,27,-20,22,-22,31,-21,28,-29,31,-26,29,-28,27,-24,28,-24,32,-30,27,-25,28,-27,31,-22,27,-25,25,-24,24,-25,25,-22,21,-22,21,-24,24,-24,23,-21,21,-26,17,-22,22,-23,21,-25,21,-23,17,-24,24,-24,26,-20,0,0,0,0,0,0,0,0,0,0,0,0,0,0,0,0,0,0,0,0,0,0,-12,29,-21,30,-16,26,-24,29,-27,25,-34,20,-36,22,-38,17,-41,16,-46,12,-46,9,-50,7,-53,4,-56,1,-52,0,-58,-8,-61,-11,-55,-16,-64,-16,-61,-17,-55,-21,-60,-27,-57,-23,-61,-30,-63,-30,-64,-28,-60,-34,-64,-35,-59,-38,-66,-36,-61,-37,-66,-42,-65,-43,-63,-41,-64,-40,-63,-40,-61,-34,-64,-44,-62,-38,-65,-41,-69,-44,-67,-35,-69,-40,-72,-40,-71,-40,-67,-44,-71,-45,-74,-40,-75,-47,-69,-46,-68,-47,-70,-50,-73,-51,-65,-53,-64,-56,-63,-59,-58,-54,0,0]"
CSI_DATA,284,1a:00:00:00:00:00,-52,11,1,0,1,1,1,0,0,0,1,-96,0,11,2,3982672,0,44,0,384,0,"[0,0,0,0,0,0,0,0,0,0,0,0,-7,4,-6,3,-5,2,-4,2,-4,1,-3,1,-2,0,-2,0,-1,0,-1,-1,0,-1,0,-1,0,-2,1,-2,1,-2,2,-3,2,-3,2,-3,2,-4,3,-4,3,-4,3,-5,3,-5,3,-5,3,-5,4,-5,0,0,4,-6,4,-6,4,-6,4,-6,4,-6,4,-6,4,-6,4,-6,4,-6,4,-6,4,-6,4,-6,4,-6,3,-6,3,-6,3,-6,3,-6,3,-6,3,-6,3,-6,3,-6,3,-6,3,-6,3,-6,3,-6,3,-6,0,0,0,0,0,0,0,0,0,0,0,0,0,0,25,57,27,49,25,49,15,41,15,30,9,31,8,28,8,19,6,19,2,17,4,11,4,8,-6,2,-3,-1,-3,-2,-7,-3,-4,-7,-7,-10,-9,-14,-9,-16,-9,-19,-11,-17,-9,-19,-14,-20,-15,-21,-17,-22,-21,-23,-18,-28,-18,-26,-27,-30,-25,-28,-20,-25,-25,-33,-23,-31,-23,-32,-26,-28,-23,-29,-24,-29,-22,-34,-26,-27,-23,-30,-20,-27,-27,-26,-21,-25,-20,-23,-24,-23,-27,-23,-30,-18,-25,-26,-22,-21,-24,-18,-25,-23,-22,-20,-23,-19,-30,-23,-25,-22,-21,-22,0,0,0,0,0,0,0,0,0,0,0,0,0,0,0,0,0,0,0,0,0,0,23,16,20,20,20,26,20,32,16,34,10,33,8,39,10,38,2,44,0,49,-4,46,-7,47,-10,50,-13,50,-16,53,-23,47,-26,52,-32,54,-30,51,-35,50,-36,53,-39,51,-42,50,-43,52,-47,48,-41,49,-47,55,-50,49,-47,50,-53,52,-54,50,-57,45,-58,53,-50,50,-56,55,-54,51,-50,51,-51,55,-50,60,-55,58,-57,60,-55,60,-52,55,-53,61,-52,58,-64,64,-55,69,-51,62,-57,63,-58,61,-58,58,-62,58,-67,56,-61,54,-62,52,-60,51,-64,47,0,0]"
CSI_DATA,285,1a:00:00:00:00:00,-52,11,1,0,1,1,1,0,0,0,1,-96,0,11,2,3993358,0,44,0,384,0,"[0,0,0,0,0,0,0,0,0,0,0,0,6,-4,5,-3,5,-3,4,-2,3,-2,2,-1,2,-1,1,-1,0,0,0,0,-1,0,-1,0,-2,1,-2,1,-2,1,-3,2,-3,2,-3,2,-3,3,-4,3,-4,3,-4,4,-5,4,-5,4,-5,4,-5,5,0,0,-5,5,-6,6,-5,5,-6,6,-6,6,-6,6,-5,6,-6,6,-5,6,-6,6,-6,5,-5,5,-5,5,-5,5,-5,6,-4,5,-5,6,-4,5,-4,6,-4,6,-4,6,-4,6,-4,6,-4,5,-4,5,-5,5,0,0,0,0,0,0,0,0,0,0,0,0,0,0,-30,-50,-28,-49,-25,-44,-14,-37,-19,-34,-12,-27,-15,-29,-6,-26,-4,-17,-8,-16,-2,-11,-7,-8,1,-6,1,-3,-1,5,4,2,7,7,5,7,10,14,8,15,10,15,11,16,14,17,15,21,11,22,20,20,17,26,22,22,26,28,23,24,25,22,25,26,27,28,22,31,25,29,22,30,26,26,27,30,29,31,24,26,28,28,23,27,22,29,25,24,26,26,25,22,26,24,26,19,27,14,26,20,26,18,22,17,24,22,28,16,28,18,24,21,27,22,0,0,0,0,0,0,0,0,0,0,0,0,0,0,0,0,0,0,0,0,0,0,-30,-18,-24,-22,-23,-29,-22,-33,-16,-34,-9,-34,-11,-38,-9,-44,-7,-41,1,-46,2,-50,5,-46,7,-53,13,-48,14,-54,19,-58,22,-53,28,-59,26,-55,33,-58,32,-55,34,-53,37,-51,40,-55,41,-53,41,-53,43,-53,42,-52,44,-58,46,-58,45,-57,45,-52,53,-57,50,-56,51,-60,47,-58,51,-58,53,-62,45,-56,50,-61,49,-59,49,-63,48,-65,48,-61,47,-61,55,-66,48,-63,53,-68,52,-68,51,-68,53,-65,56,-61,57,-61,53,-62,54,-60,63,-53,61,-48,0,0]"
CSI_DATA,286,1a:00:00:00:00:00,-51,11,1,0,1,1,1,0,0,0,1,-96,0,11,2,4012165,0,44,0,384,0,"[0,0,0,0,0,0,0,0,0,0,0,0,-7,-1,-6,-1,-5,-1,-5,-2,-4,-1,-3,-1,-2,-1,-2,-1,-1,-1,0,-1,0,-1,1,-1,1,-1,1,-1,2,-1,3,-1,3,-1,3,-1,3,-2,4,-2,4,-2,5,-2,5,-2,5,-2,5,-2,6,-2,0,0,6,-3,6,-3,6,-3,6,-3,6,-3,6,-3,6,-3,6,-3,6,-3,6,-3,6,-3,6,-3,6,-3,6,-3,5,-3,5,-3,5,-3,5,-3,5,-3,5,-3,5,-4,5,-3,5,-3,5,-3,5,-3,5,-3,0,0,0,0,0,0,0,0,0,0,0,0,0,0,-31,52,-33,42,-30,40,-27,30,-27,30,-23,25,-17,18,-15,17,-11,11,-14,7,-9,4,-4,3,-3,3,-2,-7,-1,-6,5,-6,3,-8,3,-10,5,-13,6,-12,7,-16,7,-21,7,-22,8,-26,10,-26,10,-26,11,-28,9,-33,7,-33,12,-31,9,-32,10,-40,12,-38,13,-38,11,-40,10,-38,7,-36,12,-39,11,-37,9,-37,7,-41,7,-36,8,-37,11,-43,6,-37,5,-37,5,-29,1,-35,5,-34,7,-31,3,-34,4,-33,4,-34,2,-31,6,-31,4,-32,7,-34,0,0,0,0,0,0,0,0,0,0,0,0,0,0,0,0,0,0,0,0,0,0,-14,29,-17,31,-16,27,-24,26,-28,27,-27,26,-31,20,-35,18,-37,16,-43,19,-45,15,-51,15,-51,14,-54,12,-57,6,-56,1,-60,-1,-60,-6,-64,-7,-66,-16,-60,-11,-62,-16,-62,-14,-66,-16,-67,-22,-66,-21,-67,-22,-71,-28,-67,-21,-67,-26,-67,-26,-71,-30,-68,-31,-71,-26,-69,-29,-73,-29,-75,-24,-73,-22,-75,-21,-80,-23,-81,-29,-74,-22,-81,-21,-83,-19,-79,-21,-77,-25,-77,-23,-81,-21,-88,-22,-79,-21,-82,-22,-82,-23,-86,-27,-74,-27,-79,-25,-78,-33,-76,-35,0,0]"
CSI_DATA,287,1a:00:00:00:00:00,-51,11,1,0,1,1,1,0,0,0,1,-96,0,11,2,4032191,0,44,0,384,0,"[0,0,0,0,0,0,0,0,0,0,0,0,-7,-4,-6,-3,-5,-3,-4,-3,-3,-2,-3,-2,-2,-2,-1,-1,-1,-1,0,-1,0,-1,1,-1,1,-1,2,-1,2,0,3,0,3,0,4,0,4,0,4,0,5,0,5,0,6,0,6,0,6,0,7,0,0,0,7,0,7,0,7,-1,7,0,7,0,7,-1,8,0,7,-1,7,0,7,-1,7,0,7,-1,7,-1,7,0,7,0,7,-1,6,-1,6,-1,6,-1,6,-2,6,-1,6,-1,6,-1,6,-1,6,-1,6,-1,0,0,0,0,0,0,0,0,0,0,0,0,0,0,-36,49,-33,47,-36,38,-30,31,-26,27,-20,18,-19,18,-21,16,-14,12,-13,5,-7,7,-3,1,-6,-4,-7,-2,-1,-6,-2,-9,-1,-15,-2,-13,6,-16,9,-16,2,-20,5,-19,5,-20,2,-25,5,-25,10,-29,5,-31,3,-34,9,-39,6,-36,8,-40,7,-37,5,-36,8,-38,3,-39,7,-46,8,-43,7,-41,11,-39,8,-31,3,-38,7,-37,2,-39,4,-43,8,-38,2,-38,2,-38,1,-34,-2,-32,4,-37,-5,-34,-1,-33,2,-35,-3,-28,-1,-31,-1,-35,2,-32,0,0,0,0,0,0,0,0,0,0,0,0,0,0,0,0,0,0,0,0,0,0,-20,27,-21,33,-23,23,-24,29,-28,21,-31,18,-32,18,-36,24,-39,10,-46,11,-48,13,-49,4,-53,0,-55,7,-52,-7,-60,-7,-59,-12,-61,-11,-58,-20,-59,-22,-58,-22,-62,-25,-63,-20,-60,-25,-61,-22,-67,-23,-65,-25,-66,-23,-63,-31,-63,-28,-65,-28,-70,-30,-71,-31,-65,-27,-72,-35,-70,-26,-71,-26,-70,-25,-70,-23,-75,-21,-72,-28,-74,-22,-79,-22,-76,-23,-78,-23,-76,-17,-78,-20,-85,-25,-79,-25,-80,-23,-80,-25,-85,-26,-79,-27,-84,-27,-76,-27,-77,-27,-72,-29,0,0]"
CSI_DATA,288,1a:00:00:00:00:00,-51,11,1,0,1,1,1,0,0,0,1,-96,0,11,2,4042194,0,44,0,384,0,"[0,0,0,0,0,0,0,0,0,0,0,0,6,3,5,2,4,2,3,2,3,1,2,1,1,1,0,0,0,0,-1,0,-1,0,-2,0,-2,0,-3,0,-3,0,-4,-1,-4,0,-5,0,-5,0,-6,0,-6,-1,-6,0,-7,0,-7,0,-7,0,-8,0,0,0,-9,0,-8,0,-8,0,-9,0,-9,0,-9,0,-9,0,-9,0,-9,0,-8,0,-8,0,-8,0,-8,0,-8,0,-8,0,-8,1,-7,1,-7,1,-7,1,-7,1,-7,1,-7,1,-7,1,-7,1,-7,1,-7,0,0,0,0,0,0,0,0,0,0,0,0,0,0,0,14,-29,14,-23,14,-20,13,-17,12,-13,10,-13,8,-13,9,-8,6,-6,4,-7,4,-5,1,-3,1,0,1,0,-2,2,-2,3,0,4,-3,6,-2,4,-2,10,-3,8,-3,9,-1,11,-4,12,-7,12,-6,15,-6,15,-2,17,-5,16,-4,17,-7,18,-3,21,-4,19,-4,19,-5,20,-8,19,-7,17,-8,20,-5,21,-7,20,-5,19,-4,19,-7,17,-5,17,-4,17,-3,15,-3,16,-3,18,-4,16,-4,14,-1,15,-4,18,-3,17,-2,14,-4,15,-1,15,-3,16,0,0,0,0,0,0,0,0,0,0,0,0,0,0,0,0,0,0,0,0,0,0,2,-14,6,-18,7,-14,8,-16,10,-15,13,-14,16,-13,15,-13,18,-13,19,-11,21,-11,21,-9,25,-9,27,-7,27,-5,26,-3,33,-1,31,0,31,-1,31,3,33,2,33,5,31,6,31,5,33,7,35,6,34,8,35,8,31,7,36,10,34,9,36,8,36,8,37,12,39,8,38,8,34,7,37,9,38,7,39,7,40,8,38,7,39,8,40,6,40,6,42,6,40,6,40,6,41,8,39,8,39,9,42,10,41,11,36,9,38,11,40,15,36,15,0,0]"
CSI_DATA,289,1a:00:00:00:00:00,-51,11,1,0,1,1,1,0,0,0,1,-96,0,11,2,4063279,0,44,0,384,0,"[0,0,0,0,0,0,0,0,0,0,0,0,2,-7,2,-6,2,-5,2,-4,1,-3,1,-3,1,-2,1,-1,0,-1,0,0,0,0,0,1,0,1,0,2,0,2,0,3,0,3,0,3,0,4,0,4,0,5,0,5,0,5,1,6,0,6,1,6,0,0,1,7,1,7,1,7,1,7,1,7,1,7,1,7,1,7,1,7,1,7,1,7,1,7,1,7,1,6,1,6,1,6,1,6,2,6,2,6,2,6,2,6,2,6,2,6,2,6,1,6,1,6,0,0,0,0,0,0,0,0,0,0,0,0,0,0,-55,-38,-43,-32,-38,-36,-32,-31,-27,-27,-21,-22,-20,-20,-16,-16,-12,-14,-12,-12,-6,-9,-1,-10,0,-2,5,2,9,-1,6,-2,7,5,9,2,17,6,17,4,21,4,20,8,26,9,24,9,22,11,28,7,32,8,31,7,30,7,34,8,39,9,34,11,40,13,36,11,36,7,38,15,38,12,40,13,40,12,39,12,38,12,39,11,38,10,34,8,32,10,31,4,35,6,33,6,33,5,30,9,34,7,34,3,30,4,36,6,30,1,33,6,30,9,0,0,0,0,0,0,0,0,0,0,0,0,0,0,0,0,0,0,0,0,0,0,-30,-9,-29,-9,-28,-17,-33,-20,-29,-24,-28,-30,-22,-33,-22,-35,-21,-40,-18,-44,-19,-49,-12,-48,-12,-51,-4,-54,-1,-57,-3,-56,0,-58,0,-62,7,-62,9,-64,9,-63,16,-61,16,-64,15,-69,16,-68,16,-72,14,-69,20,-68,23,-65,26,-69,21,-67,25,-73,27,-71,26,-74,27,-72,28,-73,21,-74,19,-78,21,-66,20,-75,20,-77,18,-76,26,-81,19,-77,16,-76,23,-86,21,-79,17,-82,19,-80,21,-80,18,-81,16,-83,27,-86,25,-81,31,-84,32,-79,29,-73,0,0]"
CSI_DATA,290,1a:00:00:00:00:00,-51,11,1,0,1,1,1,0,0,0,1,-96,0,11,2,4072158,0,44,0,384,0,"[0,0,0,0,0,0,0,0,0,0,0,0,-3,5,-3,5,-3,4,-2,3,-2,2,-2,2,-2,1,-1,0,-1,0,-1,-1,-1,-1,-1,-2,-1,-2,-1,-3,-1,-3,-1,-3,-1,-4,-1,-4,-1,-5,-1,-5,-1,-5,-1,-6,-1,-6,-1,-6,-1,-7,-2,-7,0,0,-2,-7,-1,-7,-2,-7,-2,-7,-1,-8,-2,-8,-2,-8,-2,-8,-2,-8,-2,-8,-2,-7,-2,-7,-2,-7,-2,-7,-2,-7,-2,-7,-2,-6,-2,-6,-2,-6,-2,-6,-2,-6,-2,-6,-2,-6,-2,-6,-2,-6,-2,-6,0,0,0,0,0,0,0,0,0,0,0,0,0,0,45,29,40,30,34,25,27,31,27,18,20,21,16,17,14,13,9,12,8,12,5,8,5,4,-2,5,0,-1,-7,1,-13,-1,-9,0,-12,-2,-12,-5,-17,-4,-17,-5,-21,-4,-25,-8,-22,-7,-26,-9,-29,-7,-31,-6,-31,-5,-31,-6,-35,-8,-34,-5,-35,-7,-34,-9,-34,-6,-39,-4,-39,-5,-36,-5,-38,-7,-37,-9,-41,-7,-37,-6,-36,-5,-35,-6,-35,-1,-33,-1,-34,-2,-33,0,-33,1,-29,2,-30,1,-34,3,-35,1,-28,-1,-31,3,-30,3,-29,-3,-27,-5,0,0,0,0,0,0,0,0,0,0,0,0,0,0,0,0,0,0,0,0,0,0,-2,13,0,2,54,16,45,4,24,-1,-12,50,-3,17,28,54,-8,71,-23,36,-1,35,32,57,1,19,-34,55,-23,58,-58,54,-24,63,9,72,-38,47,-57,69,-25,56,-25,11,-13,58,-22,38,-18,74,-14,44,-18,80,-44,35,-54,58,-23,71,2,56,-64,127,-52,53,-60,112,-6,99,-50,-28,2,65,-56,77,-33,52,-24,68,-33,68,-32,68,-29,64,-30,69,-28,73,-25,72,-27,68,-34,71,-22,75,-31,73,-28,74,-28,73,-28,67,-29,70,-28,70,-30,66,-34,60,0,0]"
CSI_DATA,291,1a:00:00:00:00:00,-51,11,1,0,1,1,1,0,0,0,1,-96,0,11,2,4083814,0,44,0,384,0,"[0,0,0,0,0,0,0,0,0,0,0,0,5,4,4,4,3,3,2,3,2,2,1,2,1,1,0,1,0,0,-1,0,-1,0,-2,0,-2,-1,-3,-1,-3,-1,-4,-1,-4,-1,-5,-1,-5,-1,-5,-1,-6,-1,-6,-1,-6,-2,-7,-1,-7,-2,-7,-2,0,0,-8,-2,-8,-2,-8,-1,-8,-1,-8,-2,-8,-1,-8,-1,-8,-1,-8,-2,-8,-1,-8,-2,-8,-1,-8,-1,-8,-1,-8,-1,-7,-1,-7,0,-7,-1,-7,0,-7,0,-7,0,-7,0,-7,0,-7,0,-7,-1,-7,-1,0,0,0,0,0,0,0,0,0,0,0,0,0,0,50,-28,51,-22,43,-18,37,-17,38,-13,27,-10,29,-12,20,-8,17,-8,11,-1,9,-2,6,1,4,0,-3,5,-2,7,-5,7,-3,7,-10,12,-9,11,-13,10,-16,16,-15,14,-14,17,-16,18,-16,20,-26,26,-23,23,-23,27,-24,29,-23,28,-26,29,-26,25,-23,30,-23,31,-24,29,-26,29,-24,30,-27,31,-29,28,-29,27,-30,29,-26,28,-24,27,-23,28,-24,29,-23,28,-21,27,-21,28,-18,26,-19,28,-19,28,-18,27,-18,29,-19,27,-18,25,-19,27,-18,20,0,0,0,0,0,0,0,0,0,0,0,0,0,0,0,0,0,0,0,0,0,0,20,-21,23,-16,26,-21,31,-16,33,-16,32,-11,35,-7,37,-7,42,-2,46,1,46,6,45,9,49,10,50,15,50,18,46,22,51,29,53,30,50,28,50,37,45,40,48,34,49,42,50,39,49,51,49,47,49,48,46,47,47,50,47,47,50,51,46,46,49,54,44,56,54,55,50,52,47,54,52,52,50,51,61,48,56,53,57,50,57,53,59,46,59,49,58,57,60,56,64,48,67,52,63,56,62,49,61,53,54,55,61,56,53,56,46,57,50,58,0,0]"
CSI_DATA,292,1a:00:00:00:00:00,-51,11,1,0,1,1,1,0,0,0,1,-96,0,11,2,4092163,0,44,0,384,0,"[0,0,0,0,0,0,0,0,0,0,0,0,0,8,0,6,0,5,-1,4,-1,4,-1,2,-1,2,-1,1,-1,0,-1,0,-2,-1,-2,-1,-2,-2,-2,-2,-2,-3,-3,-3,-3,-4,-3,-4,-3,-5,-3,-5,-4,-5,-4,-6,-4,-6,-4,-6,-5,-7,-5,-6,0,0,-5,-7,-5,-7,-6,-7,-6,-7,-5,-7,-6,-8,-6,-8,-5,-7,-6,-8,-6,-7,-6,-7,-5,-7,-6,-7,-5,-7,-5,-6,-5,-7,-6,-6,-6,-6,-5,-6,-5,-6,-5,-6,-5,-6,-5,-5,-5,-6,-5,-6,-5,-6,0,0,0,0,0,0,0,0,0,0,0,0,0,0,58,19,49,19,46,22,43,17,33,17,22,14,28,18,20,10,15,15,11,10,8,8,7,5,1,5,0,0,-6,1,-6,1,-13,-5,-14,2,-17,-4,-18,-1,-19,-3,-21,2,-21,3,-28,4,-32,-1,-29,3,-33,1,-36,5,-36,2,-37,5,-39,0,-39,1,-38,4,-38,2,-47,4,-46,3,-39,4,-42,-5,-40,3,-42,0,-43,-1,-40,-1,-39,0,-42,0,-38,1,-35,4,-40,8,-37,3,-31,3,-36,4,-36,6,-35,4,-34,12,-32,3,-32,6,-33,6,-28,1,0,0,0,0,0,0,0,0,0,0,0,0,0,0,0,0,0,0,0,0,0,0,28,1,28,5,34,13,30,11,34,17,31,20,29,23,26,33,27,33,28,36,28,39,21,45,22,48,17,45,17,54,13,55,12,54,9,59,6,58,3,58,1,62,2,64,1,66,-6,66,-5,67,-1,71,-4,69,-1,70,-5,69,-4,69,-6,74,-7,73,-12,75,-7,74,-9,77,-11,76,-5,76,-6,78,-4,77,-4,78,-3,75,2,81,1,72,0,81,3,78,-2,77,-3,81,2,85,0,85,-1,87,-2,84,-5,84,-5,85,-7,88,-5,79,-11,81,-15,78,0,0]"
CSI_DATA,293,1a:00:00:00:00:00,-51,11,1,0,1,1,1,0,0,0,1,-96,0,11,2,4102496,0,44,0,384,0,"[0,0,0,0,0,0,0,0,0,0,0,0,3,5,3,5,2,4,2,3,1,3,1,2,0,1,0,1,-1,0,-1,0,-1,0,-2,-1,-2,-1,-3,-1,-3,-1,-4,-2,-4,-2,-4,-2,-4,-2,-5,-2,-5,-2,-5,-2,-6,-2,-6,-2,-6,-3,-7,-3,0,0,-7,-3,-7,-3,-7,-3,-8,-3,-7,-3,-8,-3,-8,-3,-8,-2,-8,-3,-8,-3,-8,-3,-7,-2,-7,-2,-7,-2,-7,-2,-7,-2,-7,-1,-7,-2,-7,-1,-7,-1,-7,-1,-7,-1,-7,-1,-7,-1,-7,-1,-6,-2,0,0,0,0,0,0,0,0,0,0,0,0,0,0,60,-23,48,-20,44,-18,38,-15,38,-9,30,-12,30,-8,22,-4,17,-1,11,-3,10,-1,6,1,1,3,0,4,-1,6,-1,8,-6,6,-5,9,-7,13,-10,12,-17,12,-17,18,-14,20,-16,20,-19,21,-23,20,-24,24,-23,27,-26,24,-21,25,-27,26,-23,28,-28,24,-26,26,-25,31,-25,26,-23,30,-23,34,-27,30,-26,31,-25,33,-23,29,-25,32,-22,26,-18,29,-17,28,-15,27,-16,29,-17,27,-11,27,-17,28,-15,27,-12,28,-12,30,-18,29,-15,29,-18,25,0,0,0,0,0,0,0,0,0,0,0,0,0,0,0,0,0,0,0,0,0,0,24,-15,28,-11,32,-9,37,-4,36,0,34,2,37,5,39,8,41,11,41,15,40,18,42,24,44,25,46,27,42,33,35,32,41,42,34,36,41,43,37,48,35,45,40,47,33,48,36,50,35,51,36,51,36,56,39,58,33,55,35,57,37,63,33,60,37,59,38,61,35,62,42,60,42,62,41,59,42,60,45,63,48,60,45,61,49,62,50,60,49,60,56,63,56,60,51,59,59,60,52,59,48,64,55,66,53,66,44,62,48,66,42,67,42,69,0,0]"
CSI_DATA,294,1a:00:00:00:00:00,-51,11,1,0,1,1,1,0,0,0,1,-96,0,11,2,4112795,0,44,0,384,0,"[0,0,0,0,0,0,0,0,0,0,0,0,7,-3,6,-3,5,-2,4,-2,3,-1,2,-1,2,-1,1,0,1,0,0,0,0,0,-1,1,-1,1,-2,2,-2,2,-2,2,-3,3,-3,3,-3,3,-3,4,-4,4,-4,5,-4,5,-4,5,-4,5,-4,5,0,0,-4,6,-5,6,-4,6,-5,7,-4,6,-5,7,-5,7,-5,7,-5,7,-5,7,-4,7,-4,6,-4,6,-4,6,-4,6,-3,6,-3,6,-3,6,-3,6,-3,6,-3,6,-3,6,-3,6,-3,6,-3,6,-3,6,0,0,0,0,0,0,0,0,0,0,0,0,0,0,-7,-64,-10,-62,-5,-51,-3,-47,-4,-37,1,-37,-2,-28,3,-23,-1,-20,4,-14,-2,-9,-1,-14,1,-3,2,2,6,1,5,4,8,8,10,9,9,11,10,13,12,16,10,19,14,17,17,22,15,23,17,26,18,24,20,26,20,28,24,26,24,27,28,31,25,30,25,28,26,29,26,33,28,29,29,29,27,30,26,32,24,30,27,27,30,29,25,27,23,21,28,24,28,24,29,21,25,21,28,22,25,25,28,20,25,21,27,22,23,15,24,23,25,23,0,0,0,0,0,0,0,0,0,0,0,0,0,0,0,0,0,0,0,0,0,0,-6,-29,-6,-30,2,-31,5,-32,4,-36,13,-35,14,-38,16,-41,20,-38,20,-40,31,-42,33,-39,33,-35,39,-36,45,-36,46,-34,49,-33,47,-32,50,-30,54,-26,54,-27,60,-25,58,-22,63,-23,62,-22,66,-27,65,-22,70,-21,67,-21,67,-26,71,-25,68,-26,71,-20,70,-26,72,-29,68,-27,70,-27,71,-28,70,-30,72,-32,73,-34,71,-32,74,-38,72,-38,71,-41,75,-42,72,-42,70,-40,73,-43,74,-38,71,-42,75,-40,73,-38,71,-38,77,-33,78,-31,71,-24,0,0]"
CSI_DATA,295,1a:00:00:00:00:00,-51,11,1,0,1,1,1,0,0,0,1,-96,0,11,2,4142149,0,44,0,384,0,"[0,0,0,0,0,0,0,0,0,0,0,0,-8,2,-7,1,-6,1,-5,0,-4,0,-4,0,-3,0,-2,-1,-1,-1,-1,-1,0,-2,0,-2,0,-2,1,-3,1,-3,2,-3,2,-3,2,-4,2,-4,3,-5,3,-5,3,-5,4,-5,4,-6,4,-6,4,-6,0,0,4,-7,4,-7,4,-7,4,-7,4,-7,4,-7,4,-7,4,-7,4,-7,4,-7,4,-7,4,-7,4,-7,3,-7,3,-7,3,-7,3,-7,3,-7,3,-7,2,-7,2,-7,2,-7,2,-7,3,-6,3,-6,3,-6,0,0,0,0,0,0,0,0,0,0,0,0,0,0,6,57,9,51,10,54,5,46,2,41,-1,31,3,29,-7,21,-7,19,-3,15,-9,14,-4,9,-4,8,-2,0,-3,0,-7,-6,-10,-4,-8,-7,-14,-13,-10,-16,-13,-21,-17,-19,-17,-22,-17,-22,-18,-24,-21,-26,-17,-27,-23,-33,-22,-32,-28,-28,-22,-30,-27,-29,-26,-30,-27,-32,-26,-37,-25,-35,-30,-34,-23,-35,-25,-33,-27,-33,-23,-32,-31,-32,-26,-33,-25,-28,-26,-31,-23,-26,-25,-27,-26,-24,-30,-26,-27,-22,-29,-23,-26,-19,-22,-22,-26,-25,-20,-23,-27,-24,-22,-23,0,0,0,0,0,0,0,0,0,0,0,0,0,0,0,0,0,0,0,0,0,0,7,28,3,29,1,33,-5,39,-9,35,-9,35,-11,31,-19,38,-24,33,-23,41,-29,40,-34,36,-34,31,-40,35,-43,39,-43,30,-47,29,-51,30,-53,25,-57,29,-57,27,-59,23,-59,26,-63,18,-63,25,-67,22,-62,23,-68,19,-67,17,-72,26,-73,24,-75,21,-73,23,-74,26,-74,27,-73,29,-67,26,-75,30,-73,33,-75,33,-76,26,-69,30,-75,35,-72,38,-76,37,-70,43,-74,39,-76,39,-78,40,-74,39,-78,41,-80,35,-80,35,-77,33,-81,31,-79,31,-73,21,0,0]"
CSI_DATA,296,1a:00:00:00:00:00,-51,11,1,0,1,1,1,0,0,0,1,-96,0,11,2,4152806,0,44,0,384,0,"[0,0,0,0,0,0,0,0,0,0,0,0,3,-7,3,-6,2,-5,2,-4,2,-3,2,-3,1,-2,1,-2,1,-1,0,0,0,0,0,1,0,1,0,2,0,2,0,3,0,3,0,3,1,4,1,4,0,5,1,5,1,5,1,6,1,6,1,6,0,0,1,7,1,7,2,7,2,7,2,7,2,7,2,7,2,7,2,7,2,7,2,7,2,7,2,6,2,6,2,6,2,6,2,6,2,6,3,5,3,5,3,5,3,5,2,5,2,5,2,5,2,5,0,0,0,0,0,0,0,0,0,0,0,0,0,0,-49,-39,-47,-37,-45,-36,-36,-35,-30,-28,-26,-24,-18,-22,-16,-23,-11,-16,-12,-15,-8,-11,-1,-9,-3,-6,3,-6,3,-3,9,-4,9,2,16,5,16,1,20,2,21,1,19,2,24,2,24,4,25,5,31,9,34,6,34,6,34,7,37,9,36,5,38,4,35,5,38,5,39,2,41,-3,44,3,38,4,43,5,41,3,40,6,39,3,37,2,40,-2,32,1,38,2,39,-2,31,-2,35,0,35,-5,35,0,31,-3,31,-4,29,-6,31,-7,30,-3,30,-4,0,0,0,0,0,0,0,0,0,0,0,0,0,0,0,0,0,0,0,0,0,0,-27,-17,-23,-25,-19,-22,-22,-28,-17,-37,-11,-34,-10,-36,-9,-40,-5,-40,-2,-45,0,-47,5,-51,7,-49,11,-53,13,-54,15,-53,19,-60,23,-57,24,-54,27,-57,26,-58,33,-55,31,-60,31,-54,38,-62,36,-61,39,-60,38,-57,37,-61,42,-63,38,-62,38,-63,42,-61,41,-66,39,-68,40,-66,39,-68,40,-67,35,-71,39,-67,41,-69,37,-75,32,-75,34,-76,35,-74,25,-81,32,-79,34,-77,30,-87,32,-82,33,-81,29,-79,33,-78,38,-82,38,-78,40,-75,44,-74,0,0]"
CSI_DATA,297,1a:00:00:00:00:00,-51,11,1,0,1,1,1,0,0,0,1,-96,0,11,2,4162190,0,44,0,384,0,"[0,0,0,0,0,0,0,0,0,0,0,0,-8,-2,-7,-2,-6,-2,-5,-2,-4,-2,-3,-2,-2,-2,-2,-2,-1,-2,-1,-2,0,-1,1,-2,1,-2,1,-2,2,-2,3,-2,3,-2,3,-2,4,-2,4,-2,4,-3,5,-3,5,-3,5,-3,5,-3,6,-3,0,0,6,-4,6,-4,6,-4,6,-4,6,-4,6,-4,6,-4,6,-4,6,-4,6,-4,6,-4,6,-4,6,-4,6,-4,5,-4,5,-4,5,-5,5,-4,5,-5,4,-5,4,-5,4,-5,4,-5,4,-5,5,-4,5,-4,0,0,0,0,0,0,0,0,0,0,0,0,0,0,-39,55,-36,43,-37,42,-29,36,-32,31,-25,21,-26,23,-20,11,-15,7,-16,14,-14,1,-6,5,-1,1,-9,-2,-1,-6,-3,-4,-3,-12,6,-15,2,-17,5,-19,7,-21,5,-23,4,-27,-3,-28,7,-27,3,-30,2,-34,7,-37,2,-36,4,-36,3,-39,6,-33,6,-40,-2,-39,7,-43,4,-42,-1,-44,5,-42,0,-39,-1,-39,1,-40,2,-40,2,-40,1,-37,1,-36,-2,-35,1,-41,-2,-36,-3,-36,-4,-38,-3,-32,-2,-34,-5,-29,-1,-36,-5,-32,-3,-31,-2,-33,0,0,0,0,0,0,0,0,0,0,0,0,0,0,0,0,0,0,0,0,0,0,-18,23,-19,26,-23,24,-27,25,-34,19,-32,21,-38,16,-40,14,-44,11,-46,9,-44,1,-50,2,-56,-3,-58,-5,-57,-9,-54,-11,-53,-12,-58,-17,-57,-21,-57,-27,-63,-21,-62,-25,-58,-30,-61,-33,-57,-33,-65,-36,-65,-32,-62,-33,-64,-41,-63,-33,-68,-35,-67,-37,-67,-37,-67,-38,-69,-35,-69,-35,-66,-36,-69,-33,-72,-33,-75,-32,-72,-31,-74,-31,-75,-29,-79,-32,-74,-26,-84,-27,-80,-26,-82,-25,-82,-24,-82,-26,-85,-33,-82,-28,-84,-32,-84,-33,-83,-35,-73,-38,-78,-34,0,0]"
CSI_DATA,298,1a:00:00:00:00:00,-51,11,1,0,1,1,1,0,0,0,1,-96,0,11,2,4182815,0,44,0,384,0,"[0,0,0,0,0,0,0,0,0,0,0,0,1,7,0,6,0,5,0,4,-1,4,-1,3,-1,2,-1,1,-1,1,-1,0,-2,-1,-2,-1,-2,-2,-2,-2,-3,-2,-3,-3,-3,-3,-4,-3,-4,-4,-4,-4,-4,-4,-5,-4,-5,-5,-5,-5,-6,-5,-6,-5,0,0,-6,-6,-7,-6,-7,-5,-7,-6,-7,-6,-7,-6,-7,-6,-7,-6,-7,-6,-7,-6,-7,-6,-7,-5,-7,-5,-6,-5,-7,-5,-7,-4,-7,-4,-7,-4,-7,-4,-7,-4,-7,-4,-7,-3,-7,-4,-6,-4,-6,-4,-6,-4,0,0,0,0,0,0,0,0,0,0,0,0,0,0,65,-7,62,0,48,1,51,4,41,4,31,4,30,3,25,1,17,4,18,7,8,2,6,6,3,3,1,1,1,0,-6,7,-7,5,-13,6,-13,9,-15,9,-20,12,-23,14,-20,11,-24,12,-21,12,-29,11,-34,16,-32,16,-32,19,-32,18,-39,23,-32,17,-35,19,-34,22,-39,27,-35,19,-38,24,-34,21,-36,26,-36,20,-34,22,-35,23,-36,18,-34,20,-30,21,-29,21,-28,20,-29,24,-27,22,-26,22,-25,28,-24,20,-22,24,-24,24,-27,22,-24,17,-25,19,0,0,0,0,0,0,0,0,0,0,0,0,0,0,0,0,0,0,0,0,0,0,26,-8,28,-1,31,-1,34,3,37,11,30,11,37,13,34,18,34,22,38,24,33,30,38,38,33,41,31,42,29,43,31,44,27,51,24,53,25,54,20,54,18,57,26,63,21,67,19,65,18,66,23,65,14,70,17,67,15,69,15,66,18,72,13,71,17,70,20,72,21,71,22,69,19,72,19,76,18,75,20,73,25,72,27,73,25,78,29,80,30,75,31,66,31,72,35,82,35,75,32,82,33,80,31,78,23,81,33,83,23,84,18,79,23,79,0,0]"
CSI_DATA,299,1a:00:00:00:00:00,-51,11,1,0,1,1,1,0,0,0,1,-96,0,11,2,4192598,0,44,0,384,0,"[0,0,0,0,0,0,0,0,0,0,0,0,-3,-8,-3,-7,-2,-6,-2,-5,-1,-4,-1,-4,-1,-3,0,-2,0,-2,0,-1,1,-1,1,0,1,0,1,1,2,1,2,1,3,1,3,2,3,2,4,2,4,3,4,3,5,3,5,3,5,3,6,3,0,0,6,3,6,3,6,3,7,3,6,4,6,4,7,4,6,3,7,3,7,3,7,3,6,3,6,3,6,3,6,2,6,2,6,2,6,2,6,2,6,2,6,2,6,2,6,2,6,2,6,2,5,2,0,0,0,0,0,0,0,0,0,0,0,0,0,0,-67,7,-57,12,-58,8,-52,7,-44,8,-35,3,-31,2,-28,2,-16,0,-10,-2,-14,1,-1,-4,-10,-7,-1,-4,2,-8,3,-7,6,-13,7,-10,13,-10,13,-12,18,-16,16,-15,17,-20,22,-19,20,-14,26,-19,20,-23,22,-22,25,-26,30,-26,25,-31,26,-30,29,-28,29,-29,22,-35,25,-34,27,-30,25,-31,25,-31,28,-33,23,-31,26,-33,26,-26,25,-28,22,-32,19,-29,21,-28,17,-26,15,-30,19,-31,18,-31,16,-32,16,-28,15,-29,15,-30,15,-28,15,-27,0,0,0,0,0,0,0,0,0,0,0,0,0,0,0,0,0,0,0,0,0,0,-30,9,-28,3,-30,-1,-34,-5,-33,-6,-36,-15,-36,-18,-39,-21,-38,-21,-35,-23,-40,-32,-35,-35,-33,-35,-31,-45,-29,-45,-31,-44,-29,-53,-23,-51,-32,-47,-25,-59,-23,-55,-26,-60,-23,-61,-20,-64,-18,-66,-27,-64,-22,-67,-22,-71,-26,-61,-29,-78,-25,-68,-21,-70,-24,-71,-22,-72,-24,-71,-23,-73,-30,-71,-32,-76,-24,-72,-35,-75,-35,-74,-38,-76,-37,-71,-37,-73,-36,-75,-51,-77,-44,-79,-41,-79,-44,-76,-42,-78,-44,-79,-39,-77,-41,-80,-38,-73,-43,-78,-34,-80,-36,-73,0,0]"
CSI_DATA,300,1a:00:00:00:00:00,-51,11,1,0,1,1,1,0,0,0,1,-96,0,11,2,4202162,0,44,0,384,0,"[0,0,0,0,0,0,0,0,0,0,0,0,0,8,0,7,0,5,0,5,-1,3,-1,3,-1,2,-1,1,-1,1,-1,0,-2,-1,-2,-1,-2,-2,-2,-2,-3,-3,-3,-3,-3,-3,-4,-4,-4,-4,-4,-4,-4,-5,-5,-5,-5,-5,-5,-5,-5,-5,-6,-6,0,0,-7,-6,-6,-6,-7,-6,-7,-6,-7,-6,-7,-6,-7,-6,-7,-6,-7,-6,-7,-6,-7,-6,-7,-6,-7,-6,-7,-5,-6,-5,-7,-5,-6,-5,-7,-5,-7,-4,-6,-4,-7,-4,-6,-4,-6,-4,-6,-4,-6,-4,-6,-5,0,0,0,0,0,0,0,0,0,0,0,0,0,0,62,19,51,17,51,16,42,13,34,16,35,11,22,13,26,9,16,9,13,7,4,2,5,6,0,5,-2,2,-4,4,-9,-2,-7,1,-9,4,-16,4,-21,5,-19,3,-21,4,-22,6,-24,6,-23,4,-27,10,-28,2,-34,6,-34,6,-36,8,-37,7,-43,13,-37,13,-36,12,-39,9,-39,10,-38,10,-43,7,-37,12,-38,13,-37,11,-36,10,-37,16,-37,11,-34,15,-34,14,-34,12,-30,14,-34,14,-30,13,-30,17,-32,14,-28,13,-26,13,-31,14,-31,15,-31,11,0,0,0,0,0,0,0,0,0,0,0,0,0,0,0,0,0,0,0,0,0,0,28,3,29,7,26,10,28,16,24,16,26,24,25,29,24,30,22,38,19,36,21,42,18,41,16,44,15,48,10,52,11,48,4,60,5,52,3,56,3,57,-2,57,-4,65,-6,66,-8,67,-7,63,-6,69,-13,63,-11,71,-9,67,-11,71,-7,66,-10,71,-13,70,-10,74,-11,71,-10,73,-7,74,-7,73,-3,74,-3,76,-1,80,-3,78,3,79,0,76,5,80,-3,81,1,80,3,82,-2,84,2,78,3,78,-4,87,-1,85,3,79,-5,85,-11,81,-8,77,0,0]"
CSI_DATA,301,1a:00:00:00:00:00,-51,11,1,0,1,1,1,0,0,0,1,-96,0,11,2,4212164,0,44,0,384,0,"[0,0,0,0,0,0,0,0,0,0,0,0,-3,-8,-3,-7,-2,-6,-2,-5,-1,-4,-1,-4,0,-3,0,-2,0,-2,0,-1,1,-1,1,0,1,0,2,1,2,1,2,1,3,2,3,2,3,2,3,3,4,3,4,3,5,3,5,3,5,3,6,3,0,0,6,4,6,4,6,4,6,4,6,4,7,4,7,4,6,4,7,4,7,4,6,4,6,3,6,3,6,3,6,3,6,3,6,3,6,2,6,2,6,2,6,2,6,2,6,2,6,2,6,2,5,3,0,0,0,0,0,0,0,0,0,0,0,0,0,0,-63,-4,-52,-8,-49,-8,-41,-13,-37,-6,-36,-8,-27,-10,-22,-11,-19,-7,-13,-4,-12,-5,-3,-5,-5,-7,0,-9,6,-6,5,-2,10,-4,10,-5,16,-9,16,-8,20,-9,21,-8,18,-14,22,-10,23,-13,23,-12,28,-16,25,-16,30,-17,29,-14,38,-22,35,-20,34,-20,34,-17,34,-23,36,-23,38,-24,33,-25,33,-19,33,-26,28,-19,33,-23,30,-17,32,-23,30,-20,24,-21,26,-22,25,-20,24,-22,25,-22,22,-23,25,-23,24,-22,21,-21,19,-21,20,-19,22,-17,0,0,0,0,0,0,0,0,0,0,0,0,0,0,0,0,0,0,0,0,0,0,-31,0,-29,-4,-32,-9,-29,-12,-29,-17,-32,-19,-29,-24,-30,-28,-30,-30,-27,-30,-29,-39,-22,-40,-26,-40,-24,-48,-19,-47,-13,-52,-12,-57,-16,-56,-15,-58,-9,-57,-8,-61,-6,-58,-6,-57,-4,-64,-2,-62,-5,-67,-6,-67,-3,-75,-3,-66,-1,-72,-5,-67,-1,-75,0,-73,-6,-74,-4,-72,-10,-76,-9,-69,-9,-74,-10,-73,-12,-80,-9,-80,-14,-73,-15,-78,-20,-82,-16,-76,-21,-72,-18,-79,-22,-76,-20,-82,-18,-80,-17,-84,-16,-83,-17,-87,-15,-75,-13,-83,-16,-84,-7,-74,0,0]"
CSI_DATA,302,1a:00:00:00:00:00,-51,11,1,0,1,1,1,0,0,0,1,-96,0,11,2,4222158,0,44,0,384,0,"[0,0,0,0,0,0,0,0,0,0,0,0,5,3,4,3,4,3,3,2,2,2,1,2,1,1,0,1,0,1,-1,0,-1,0,-2,0,-2,0,-2,0,-3,0,-4,0,-4,0,-4,0,-5,0,-5,0,-5,0,-6,0,-6,0,-6,0,-7,0,-7,0,0,0,-7,0,-7,0,-7,0,-8,0,-8,0,-8,0,-8,0,-8,0,-8,0,-8,0,-8,0,-7,0,-7,0,-7,1,-7,1,-7,1,-7,1,-7,1,-7,1,-6,1,-6,1,-6,1,-6,1,-6,1,-6,1,-6,1,0,0,0,0,0,0,0,0,0,0,0,0,0,0,41,-46,45,-35,43,-31,35,-24,34,-21,27,-24,27,-17,21,-17,18,-10,12,-4,12,-1,4,0,4,-3,5,3,-1,7,-2,10,-2,9,-3,13,-6,15,-7,14,-9,22,-8,18,-9,19,-11,24,-9,26,-15,28,-14,26,-10,30,-14,34,-15,30,-14,34,-11,31,-16,39,-15,37,-11,34,-15,35,-15,38,-14,36,-15,37,-10,40,-13,34,-11,35,-9,34,-12,35,-9,33,-11,31,-5,33,-9,32,-4,33,-5,34,-6,32,-5,33,-8,30,-8,30,-9,29,-10,27,-6,29,0,0,0,0,0,0,0,0,0,0,0,0,0,0,0,0,0,0,0,0,0,0,13,-27,19,-22,24,-20,27,-17,25,-14,27,-19,34,-13,38,-10,37,-4,44,-5,46,-3,46,2,45,5,52,9,46,12,48,14,51,20,53,23,50,24,47,21,55,28,51,29,50,34,52,29,55,34,53,36,55,42,54,40,58,38,61,38,55,42,57,42,57,41,57,39,59,44,58,40,59,41,61,38,68,43,63,35,66,37,61,37,68,44,71,34,70,37,74,30,71,33,74,35,74,36,73,33,72,38,74,36,71,45,69,42,67,46,66,47,62,43,0,0]"
CSI_DATA,303,1a:00:00:00:00:00,-51,11,1,0,1,1,1,0,0,0,1,-96,0,11,2,4232167,0,44,0,384,0,"[0,0,0,0,0,0,0,0,0,0,0,0,-7,-4,-6,-4,-5,-4,-4,-3,-4,-3,-3,-2,-2,-2,-1,-2,-1,-2,0,-1,0,-1,1,-1,1,-1,2,-1,2,-1,3,-1,3,-1,4,-1,4,-1,4,-1,5,-1,5,-1,6,-1,6,-1,6,-1,7,-1,0,0,7,-2,7,-2,7,-2,7,-2,7,-2,7,-2,7,-2,7,-2,7,-2,7,-2,7,-2,7,-2,7,-2,6,-2,6,-3,6,-3,6,-3,6,-3,6,-3,6,-3,6,-3,6,-3,6,-3,6,-3,6,-3,6,-2,0,0,0,0,0,0,0,0,0,0,0,0,0,0,-25,22,-20,20,-19,15,-19,14,-19,9,-14,9,-14,8,-11,4,-9,2,-8,4,-6,0,-6,0,-3,1,0,-3,0,-3,0,-4,1,-6,2,-4,3,-6,4,-8,4,-8,6,-10,3,-11,4,-10,3,-13,6,-14,8,-15,5,-16,6,-15,8,-16,7,-19,6,-16,7,-20,7,-18,9,-18,9,-21,7,-21,8,-19,7,-21,8,-19,8,-19,8,-19,5,-20,6,-18,6,-19,7,-17,5,-19,6,-18,4,-17,5,-16,2,-15,4,-18,3,-16,3,-15,6,-15,3,-16,4,-15,0,0,0,0,0,0,0,0,0,0,0,0,0,0,0,0,0,0,0,0,0,0,-6,15,-7,11,-10,11,-12,10,-15,11,-16,11,-19,8,-19,8,-20,5,-22,4,-23,2,-25,2,-26,-1,-27,0,-27,-5,-27,-6,-27,-8,-28,-8,-29,-8,-32,-12,-30,-14,-31,-14,-29,-15,-29,-14,-31,-15,-32,-17,-32,-17,-30,-20,-31,-18,-31,-19,-33,-22,-32,-21,-32,-19,-32,-22,-32,-19,-32,-21,-35,-18,-33,-19,-35,-19,-36,-17,-36,-18,-37,-20,-36,-17,-38,-18,-36,-18,-42,-18,-40,-18,-41,-18,-41,-18,-40,-19,-39,-19,-40,-20,-38,-22,-39,-21,-39,-23,-33,-24,-34,-27,0,0]"
CSI_DATA,304,1a:00:00:00:00:00,-51,11,1,0,1,1,1,0,0,0,1,-96,0,11,2,4242593,0,44,0,384,0,"[0,0,0,0,0,0,0,0,0,0,0,0,7,-3,6,-3,5,-2,5,-1,3,-1,3,-1,2,-1,1,0,1,0,0,0,0,0,-1,1,-1,1,-2,2,-2,2,-2,2,-3,3,-3,3,-3,3,-3,4,-4,4,-4,5,-4,4,-4,5,-4,5,-5,6,0,0,-5,6,-5,6,-5,6,-5,6,-5,7,-5,7,-5,7,-5,7,-5,7,-5,7,-4,7,-4,7,-4,6,-4,7,-4,6,-4,6,-3,6,-3,6,-3,6,-3,6,-3,6,-3,6,-3,6,-3,6,-3,6,-3,6,0,0,0,0,0,0,0,0,0,0,0,0,0,0,-1,-57,8,-57,3,-53,7,-45,5,-45,6,-34,5,-30,10,-25,6,-22,6,-14,6,-12,3,-8,4,-6,3,0,5,0,3,4,7,9,4,11,4,13,6,14,9,16,7,19,13,23,10,20,12,26,12,28,14,29,13,33,9,32,17,29,16,29,16,33,15,35,15,31,18,36,19,35,19,33,20,31,23,30,24,30,24,33,14,32,23,27,20,34,19,30,22,29,21,30,19,24,19,25,22,28,22,20,20,24,27,26,19,25,21,19,23,23,18,25,0,0,0,0,0,0,0,0,0,0,0,0,0,0,0,0,0,0,0,0,0,0,-3,-29,6,-25,8,-30,13,-29,13,-31,18,-36,21,-31,24,-30,29,-31,29,-30,36,-24,39,-24,44,-20,40,-13,50,-32,52,-20,55,-18,57,-14,57,-19,59,-16,60,-12,61,-10,64,-8,70,-8,65,-9,68,-3,66,-7,70,-3,73,-3,74,-8,77,-4,74,-6,70,-5,72,-8,77,-2,76,-6,73,-9,79,-9,77,-8,78,-10,76,-12,81,-19,76,-19,82,-19,78,-18,83,-14,83,-17,82,-23,81,-19,85,-23,81,-20,84,-21,80,-19,85,-20,86,-16,81,-11,80,-5,0,0]"
CSI_DATA,305,1a:00:00:00:00:00,-51,11,1,0,1,1,1,0,0,0,1,-96,0,11,2,4254175,0,44,0,384,0,"[0,0,0,0,0,0,0,0,0,0,0,0,-7,3,-6,2,-6,2,-5,1,-4,1,-3,0,-3,0,-2,0,-2,-1,-1,-1,-1,-1,0,-2,0,-2,0,-2,1,-3,1,-3,1,-4,1,-4,1,-5,2,-5,2,-5,2,-5,2,-6,2,-6,2,-6,3,-6,0,0,3,-7,3,-7,3,-7,3,-7,3,-7,3,-8,3,-8,3,-7,3,-7,3,-8,3,-7,3,-7,2,-7,2,-7,2,-7,2,-7,2,-7,1,-7,1,-7,1,-7,1,-7,1,-7,1,-7,1,-7,1,-7,2,-6,0,0,0,0,0,0,0,0,0,0,0,0,0,0,1,63,4,59,5,51,6,45,-1,38,0,35,-3,29,-7,22,-1,14,3,18,-4,10,-3,11,-4,5,-3,-1,-7,-4,-5,-8,-7,-8,-6,-7,-8,-16,-14,-14,-7,-19,-11,-21,-15,-23,-11,-21,-16,-27,-9,-28,-14,-27,-15,-27,-19,-27,-21,-29,-17,-35,-24,-31,-19,-29,-20,-35,-24,-34,-19,-31,-22,-33,-22,-35,-21,-31,-24,-35,-21,-34,-21,-34,-21,-32,-22,-34,-24,-37,-23,-29,-22,-30,-23,-28,-24,-22,-19,-28,-24,-26,-25,-25,-18,-23,-24,-23,-19,-26,-23,-26,-22,-28,0,0,0,0,0,0,0,0,0,0,0,0,0,0,0,0,0,0,0,0,0,0,11,28,8,29,5,25,5,35,-1,31,-6,35,-5,36,-10,38,-17,39,-19,39,-26,40,-27,33,-32,42,-40,41,-36,38,-43,31,-50,34,-49,29,-52,31,-53,24,-56,31,-60,28,-56,28,-59,23,-61,22,-63,28,-69,27,-69,24,-68,22,-73,27,-69,18,-67,23,-69,24,-74,20,-73,26,-75,31,-67,27,-69,26,-71,26,-76,28,-74,36,-75,35,-77,33,-74,34,-73,36,-80,43,-80,37,-77,35,-81,39,-78,35,-76,39,-85,39,-79,37,-76,30,-82,30,-80,30,-74,23,0,0]"
CSI_DATA,306,1a:00:00:00:00:00,-51,11,1,0,1,1,1,0,0,0,1,-96,0,11,2,4275032,0,44,0,384,0,"[0,0,0,0,0,0,0,0,0,0,0,0,5,5,4,4,3,4,2,3,2,3,1,2,1,2,0,1,0,1,-1,0,-1,0,-2,0,-2,-1,-3,-1,-3,-1,-3,-1,-4,-1,-4,-1,-5,-1,-5,-2,-5,-2,-6,-2,-6,-2,-6,-2,-7,-2,-7,-2,0,0,-8,-2,-7,-2,-8,-2,-8,-2,-8,-2,-8,-2,-8,-2,-8,-2,-8,-2,-8,-2,-8,-2,-8,-1,-8,-1,-8,-1,-7,-1,-7,-1,-7,-1,-7,-1,-7,-1,-7,-1,-7,-1,-7,-1,-7,0,-7,-1,-7,-1,-7,-1,0,0,0,0,0,0,0,0,0,0,0,0,0,0,53,-44,50,-37,44,-31,42,-22,40,-23,35,-15,32,-12,25,-11,24,-3,17,-5,15,0,9,-3,3,-3,5,6,-3,1,-3,4,-6,8,-5,9,-6,13,-11,13,-9,20,-15,16,-15,21,-15,22,-17,25,-20,24,-15,26,-17,28,-13,29,-17,31,-19,38,-16,34,-18,33,-22,37,-18,36,-20,38,-18,36,-19,44,-20,43,-16,36,-17,36,-19,33,-18,35,-15,35,-12,35,-15,29,-15,39,-16,35,-14,31,-8,34,-9,32,-10,33,-11,33,-9,31,-9,33,-11,32,-10,28,0,0,0,0,0,0,0,0,0,0,0,0,0,0,0,0,0,0,0,0,0,0,18,-13,25,-15,26,-16,32,-12,30,-15,38,-8,36,1,39,3,41,-3,37,10,47,5,39,13,50,23,43,18,47,16,47,38,51,35,50,31,52,37,48,40,53,40,43,43,44,42,45,54,51,40,50,43,48,42,43,57,53,49,51,54,51,66,51,53,51,57,52,56,55,57,55,53,57,53,62,55,58,59,61,52,63,55,57,53,62,61,60,57,64,54,62,53,68,52,74,48,73,55,64,54,75,58,73,57,68,61,57,55,58,57,63,62,57,61,0,0]"
CSI_DATA,307,1a:00:00:00:00:00,-51,11,1,0,1,1,1,0,0,0,1,-96,0,11,2,4282478,0,44,0,384,0,"[0,0,0,0,0,0,0,0,0,0,0,0,2,7,1,6,1,5,1,4,0,3,0,2,0,2,-1,1,-1,1,-1,0,-1,-1,-2,-1,-2,-2,-2,-2,-2,-2,-3,-3,-3,-3,-3,-3,-4,-4,-4,-4,-4,-4,-4,-4,-5,-5,-5,-5,-5,-5,-6,-5,0,0,-6,-6,-6,-6,-6,-5,-6,-5,-6,-6,-6,-6,-6,-6,-6,-6,-6,-6,-6,-6,-6,-6,-6,-5,-6,-5,-6,-5,-6,-5,-6,-5,-6,-4,-6,-5,-6,-4,-6,-4,-6,-4,-6,-4,-6,-4,-6,-4,-6,-4,-5,-5,0,0,0,0,0,0,0,0,0,0,0,0,0,0,65,-3,54,2,54,-2,43,3,37,3,38,5,28,3,24,10,21,3,12,2,11,4,6,2,6,0,-2,3,-3,2,-1,1,-11,5,-11,-3,-17,5,-16,5,-16,9,-22,2,-19,8,-28,8,-25,13,-22,14,-24,11,-28,13,-29,12,-35,17,-36,17,-34,15,-35,16,-36,13,-31,17,-35,18,-32,14,-35,15,-37,18,-37,20,-34,16,-36,18,-36,13,-29,9,-31,16,-32,13,-33,16,-25,14,-27,16,-30,16,-30,13,-28,19,-29,22,-27,14,-30,17,-25,19,-28,14,0,0,0,0,0,0,0,0,0,0,0,0,0,0,0,0,0,0,0,0,0,0,21,-8,30,-8,29,-3,34,-1,33,4,33,8,34,5,36,14,37,20,33,23,35,26,35,29,39,32,32,35,29,42,31,42,31,46,23,45,26,53,27,50,26,53,25,64,22,58,19,60,21,64,19,62,14,67,19,67,19,65,20,71,17,67,20,68,12,69,16,69,18,74,23,69,17,70,20,75,22,74,21,74,26,74,24,70,26,77,27,73,28,74,36,76,32,73,31,76,31,83,28,77,25,80,28,81,30,83,23,76,27,78,21,80,17,81,0,0]"
CSI_DATA,308,1a:00:00:00:00:00,-51,11,1,0,1,1,1,0,0,0,1,-96,0,11,2,4295629,0,44,0,384,0,"[0,0,0,0,0,0,0,0,0,0,0,0,-5,-7,-4,-6,-4,-6,-3,-5,-3,-4,-2,-3,-1,-3,-1,-2,-1,-2,0,-1,0,-1,1,0,1,0,1,0,2,1,2,1,3,1,3,1,4,1,4,1,4,2,5,2,5,2,5,2,5,2,6,2,0,0,6,2,7,2,7,2,7,2,7,2,7,2,7,2,7,2,7,2,7,2,7,2,7,2,7,1,7,1,7,1,7,1,7,1,6,1,6,1,6,1,6,1,6,1,6,0,6,1,6,1,6,1,0,0,0,0,0,0,0,0,0,0,0,0,0,0,-62,14,-56,18,-54,12,-46,12,-44,9,-39,8,-27,8,-26,1,-16,-2,-13,2,-15,0,-10,0,-5,0,-2,-2,6,-4,4,-8,4,-8,6,-8,6,-13,12,-10,13,-11,17,-13,17,-16,20,-16,15,-16,20,-23,22,-21,22,-22,20,-23,23,-25,27,-29,22,-33,24,-28,26,-28,26,-31,23,-29,25,-31,25,-28,21,-33,25,-33,25,-31,23,-29,23,-30,23,-30,22,-29,15,-30,19,-28,15,-29,19,-31,14,-28,15,-30,11,-28,16,-32,16,-32,16,-26,17,-29,20,-29,0,0,0,0,0,0,0,0,0,0,0,0,0,0,0,0,0,0,0,0,0,0,-29,8,-29,9,-34,3,-28,-1,-39,-1,-31,-7,-32,-7,-36,-10,-36,-16,-36,-19,-40,-23,-38,-26,-44,-27,-42,-28,-37,-39,-34,-38,-31,-44,-34,-43,-39,-50,-38,-53,-38,-55,-29,-58,-33,-59,-35,-59,-31,-65,-33,-60,-32,-61,-35,-64,-34,-58,-32,-67,-34,-62,-39,-64,-31,-69,-33,-70,-40,-66,-34,-68,-40,-64,-36,-69,-39,-67,-45,-70,-43,-72,-45,-69,-47,-72,-47,-69,-51,-68,-56,-71,-53,-70,-52,-67,-54,-73,-53,-71,-49,-72,-49,-74,-47,-78,-48,-71,-49,-78,-48,-77,-40,-71,0,0]"
CSI_DATA,309,1a:00:00:00:00:00,-51,11,1,0,1,1,1,0,0,0,1,-96,0,11,2,4323014,0,44,0,384,0,"[0,0,0,0,0,0,0,0,0,0,0,0,-6,4,-6,4,-5,3,-4,2,-4,1,-3,1,-2,1,-2,0,-2,0,-1,-1,-1,-1,0,-1,0,-2,0,-2,0,-3,1,-3,1,-3,1,-4,1,-4,1,-4,1,-5,2,-5,2,-5,2,-6,2,-6,2,-6,0,0,2,-7,2,-7,2,-7,2,-7,2,-7,2,-7,2,-7,2,-7,2,-7,2,-7,2,-7,2,-7,2,-7,2,-7,1,-7,1,-7,1,-7,1,-7,1,-7,1,-7,1,-7,1,-7,1,-7,1,-6,1,-6,1,-6,0,0,0,0,0,0,0,0,0,0,0,0,0,0,19,61,16,54,9,55,10,43,9,38,1,36,2,24,2,29,-2,19,-2,19,1,14,-1,12,0,2,-6,2,-5,0,-3,-8,1,-12,-7,-6,-6,-7,-8,-9,-12,-17,-10,-18,-13,-17,-14,-17,-16,-17,-19,-18,-21,-26,-20,-24,-18,-25,-23,-24,-24,-28,-26,-22,-22,-24,-21,-27,-25,-27,-26,-26,-30,-27,-27,-23,-30,-27,-28,-26,-24,-24,-30,-25,-28,-30,-26,-24,-26,-25,-26,-19,-27,-22,-29,-21,-29,-21,-27,-18,-30,-16,-28,-17,-28,-21,-24,-17,-25,-22,-25,-22,-25,-19,0,0,0,0,0,0,0,0,0,0,0,0,0,0,0,0,0,0,0,0,0,0,12,21,11,27,7,24,2,30,0,29,-2,34,-7,31,-6,34,-16,37,-13,34,-23,37,-29,34,-28,39,-32,33,-37,36,-39,32,-44,37,-42,30,-45,35,-48,32,-47,33,-52,29,-49,29,-60,28,-54,27,-58,34,-57,31,-65,31,-65,24,-67,27,-60,28,-69,33,-67,32,-65,33,-66,32,-66,34,-59,33,-69,35,-62,35,-71,38,-64,38,-66,36,-65,37,-66,40,-71,51,-67,42,-67,45,-71,45,-71,47,-70,43,-72,47,-70,42,-75,47,-71,40,-74,40,-77,40,-65,34,0,0]"
CSI_DATA,310,1a:00:00:00:00:00,-51,11,1,0,1,1,1,0,0,0,1,-96,0,11,2,4353234,0,44,0,384,0,"[0,0,0,0,0,0,0,0,0,0,0,0,-4,-7,-3,-6,-3,-5,-2,-5,-2,-4,-1,-3,-1,-3,-1,-2,-1,-1,0,-1,0,-1,0,0,0,0,1,1,1,1,2,1,2,1,2,2,3,2,3,2,3,2,3,2,4,3,4,3,4,3,4,4,0,0,5,3,5,4,5,3,5,4,5,4,5,4,6,4,6,3,6,3,6,4,5,4,5,3,5,3,5,3,5,3,5,3,5,3,5,2,5,2,5,2,5,2,5,2,5,3,5,3,5,3,4,3,0,0,0,0,0,0,0,0,0,0,0,0,0,0,-59,24,-48,21,-50,18,-46,17,-42,12,-36,10,-34,10,-27,3,-21,5,-17,0,-12,0,-10,0,-3,1,0,1,-1,-2,3,-6,6,-8,10,-8,8,-8,10,-11,16,-9,19,-15,20,-14,17,-14,22,-14,24,-15,25,-18,26,-22,25,-17,24,-23,30,-22,28,-22,30,-20,27,-26,29,-26,31,-27,27,-28,27,-28,29,-25,31,-27,26,-26,33,-30,35,-25,29,-25,24,-18,29,-24,27,-27,25,-26,24,-21,22,-29,22,-26,22,-26,21,-27,20,-26,22,-23,22,-23,26,-20,0,0,0,0,0,0,0,0,0,0,0,0,0,0,0,0,0,0,0,0,0,0,-18,19,-22,17,-22,14,-26,14,-32,12,-33,5,-30,8,-40,1,-37,-1,-40,-7,-47,-13,-44,-13,-44,-16,-46,-17,-44,-22,-44,-28,-50,-32,-45,-36,-43,-39,-47,-35,-46,-37,-43,-43,-44,-45,-44,-52,-46,-51,-45,-53,-46,-52,-48,-56,-45,-54,-48,-58,-43,-56,-46,-58,-48,-60,-49,-60,-47,-56,-48,-60,-54,-58,-54,-58,-52,-64,-56,-59,-55,-60,-58,-60,-58,-61,-54,-62,-61,-61,-61,-68,-60,-64,-65,-58,-60,-65,-59,-66,-56,-67,-59,-63,-55,-66,-53,-71,-53,-72,-49,-72,-50,-68,0,0]"
CSI_DATA,311,1a:00:00:00:00:00,-51,11,1,0,1,1,1,0,0,0,1,-96,0,11,2,4362625,0,44,0,384,0,"[0,0,0,0,0,0,0,0,0,0,0,0,-7,4,-6,3,-5,3,-5,2,-4,1,-3,1,-3,1,-2,0,-2,0,-1,-1,-1,-1,0,-1,0,-2,0,-2,1,-2,1,-3,1,-3,1,-3,2,-4,2,-4,2,-5,2,-5,2,-5,2,-6,3,-6,3,-6,0,0,3,-7,3,-7,3,-7,3,-7,3,-7,3,-8,3,-8,3,-8,3,-8,3,-7,3,-7,3,-7,3,-7,2,-7,2,-7,2,-7,2,-7,2,-7,1,-7,1,-7,1,-7,1,-7,2,-7,2,-7,2,-6,2,-6,0,0,0,0,0,0,0,0,0,0,0,0,0,0,38,47,26,47,26,45,22,41,21,32,17,32,15,25,12,21,8,24,1,15,3,11,-1,10,0,9,-5,-2,-4,1,-2,-1,-10,-3,-10,-8,-8,-10,-15,-11,-12,-12,-14,-14,-20,-13,-15,-16,-18,-17,-23,-16,-23,-18,-21,-24,-30,-24,-24,-23,-27,-21,-30,-20,-28,-26,-33,-26,-32,-20,-29,-28,-35,-23,-35,-19,-32,-20,-35,-20,-34,-21,-30,-22,-28,-19,-38,-20,-29,-19,-30,-20,-32,-20,-27,-17,-32,-16,-33,-17,-32,-12,-35,-14,-31,-14,-30,-20,-32,-18,-29,-12,-30,-15,0,0,0,0,0,0,0,0,0,0,0,0,0,0,0,0,0,0,0,0,0,0,19,15,17,21,12,23,13,27,8,29,7,32,6,30,2,35,-1,38,-7,41,-6,41,-14,45,-14,40,-24,45,-24,42,-24,46,-30,46,-34,42,-32,40,-38,45,-39,44,-42,49,-48,48,-48,40,-49,42,-49,45,-51,44,-51,39,-54,44,-54,49,-57,50,-58,49,-56,49,-57,52,-60,54,-56,52,-53,52,-58,51,-58,54,-54,52,-54,54,-62,63,-55,60,-55,59,-52,64,-59,61,-59,64,-55,70,-57,62,-58,69,-57,62,-59,67,-55,63,-63,62,-62,56,-62,56,-63,53,0,0]"
CSI_DATA,312,1a:00:00:00:00:00,-51,11,1,0,1,1,1,0,0,0,1,-96,0,11,2,4374550,0,44,0,384,0,"[0,0,0,0,0,0,0,0,0,0,0,0,-7,3,-6,3,-5,2,-5,2,-4,1,-3,1,-3,0,-2,0,-2,0,-1,-1,-1,-1,0,-1,0,-1,1,-2,1,-2,1,-2,1,-3,2,-3,2,-3,2,-4,2,-4,3,-4,3,-4,3,-5,3,-5,3,-5,0,0,3,-6,4,-6,3,-6,4,-6,4,-6,4,-6,4,-6,4,-6,4,-6,4,-7,4,-6,4,-6,4,-6,3,-6,3,-6,3,-6,3,-6,3,-6,3,-6,3,-6,3,-6,3,-6,3,-6,3,-6,3,-5,3,-5,0,0,0,0,0,0,0,0,0,0,0,0,0,0,28,59,20,58,17,54,17,46,9,43,12,35,3,32,1,24,4,22,2,16,3,11,2,12,1,10,0,3,1,-1,-2,-4,-7,-4,-8,-8,-11,-10,-4,-15,-11,-18,-12,-16,-11,-21,-12,-21,-11,-22,-15,-26,-11,-26,-19,-28,-16,-26,-21,-29,-19,-28,-22,-37,-22,-33,-20,-33,-21,-34,-20,-32,-22,-36,-21,-36,-26,-36,-22,-31,-22,-33,-23,-33,-24,-36,-20,-35,-22,-32,-19,-35,-21,-31,-19,-25,-20,-26,-21,-30,-22,-31,-23,-32,-23,-27,-18,-26,-18,-28,-17,-28,-16,-27,0,0,0,0,0,0,0,0,0,0,0,0,0,0,0,0,0,0,0,0,0,0,23,11,19,19,19,19,22,22,21,29,15,29,14,33,9,33,4,41,4,41,2,41,-7,45,-9,48,-14,51,-16,51,-15,51,-22,48,-26,50,-27,50,-29,48,-30,51,-41,49,-36,53,-41,49,-44,54,-49,54,-44,54,-49,52,-53,51,-54,52,-50,53,-55,51,-59,52,-55,56,-60,52,-54,52,-58,56,-55,60,-59,57,-54,61,-60,60,-54,56,-58,62,-57,67,-55,61,-53,61,-58,60,-59,68,-69,62,-61,63,-69,68,-67,69,-68,66,-69,56,-67,56,-68,52,-69,47,0,0]"
CSI_DATA,313,1a:00:00:00:00:00,-51,11,1,0,1,1,1,0,0,0,1,-96,0,11,2,4382142,0,44,0,384,0,"[0,0,0,0,0,0,0,0,0,0,0,0,5,5,4,5,4,4,3,3,2,3,2,2,1,2,0,1,0,1,0,0,-1,0,-1,-1,-2,-1,-2,-1,-2,-2,-3,-2,-3,-2,-4,-2,-4,-2,-4,-3,-5,-3,-5,-3,-5,-3,-6,-3,-6,-3,-7,-3,0,0,-7,-4,-7,-3,-7,-3,-8,-4,-7,-3,-8,-4,-8,-4,-8,-4,-8,-4,-8,-4,-8,-4,-7,-3,-8,-3,-7,-3,-7,-3,-7,-3,-7,-3,-7,-3,-7,-3,-7,-3,-7,-3,-7,-3,-7,-3,-7,-3,-7,-3,-7,-3,0,0,0,0,0,0,0,0,0,0,0,0,0,0,59,-28,50,-28,46,-27,43,-22,35,-16,34,-13,27,-14,24,-4,25,-7,14,-7,13,-4,11,-6,5,0,5,1,-1,-1,-1,-2,0,5,-5,5,-10,4,-7,11,-16,9,-16,12,-17,8,-17,17,-21,16,-22,19,-21,22,-22,22,-24,18,-27,24,-24,24,-29,27,-29,23,-27,27,-26,29,-26,26,-25,27,-25,27,-25,26,-27,28,-27,30,-29,25,-26,28,-29,29,-24,32,-21,27,-21,29,-27,29,-22,24,-22,27,-21,25,-20,27,-21,24,-25,28,-21,24,-21,24,-25,21,0,0,0,0,0,0,0,0,0,0,0,0,0,0,0,0,0,0,0,0,0,0,17,-21,20,-21,18,-20,27,-13,31,-14,31,-10,30,-6,34,-6,41,-1,39,-2,41,2,44,8,48,11,51,15,46,13,46,21,47,24,45,29,49,27,47,32,47,31,45,39,47,37,49,40,46,42,51,42,52,45,52,48,47,48,53,50,51,52,46,53,52,51,53,52,49,54,55,55,55,52,51,50,57,54,60,53,61,57,57,52,64,57,67,55,61,52,61,61,69,56,65,58,70,60,68,56,67,62,63,57,62,64,55,61,57,67,58,63,55,59,0,0]"
CSI_DATA,314,1a:00:00:00:00:00,-52,11,1,0,1,1,1,0,0,0,1,-96,0,11,2,4392189,0,44,0,384,0,"[0,0,0,0,0,0,0,0,0,0,0,0,1,-8,1,-7,1,-6,1,-5,1,-5,1,-4,0,-3,0,-2,0,-2,0,-1,0,0,0,0,-1,1,-1,1,-1,2,0,2,0,2,0,3,0,3,0,4,-1,4,0,5,0,5,0,5,0,6,0,6,0,0,0,6,0,7,0,7,1,7,0,7,0,7,0,7,0,7,0,7,0,7,0,7,0,7,0,7,0,6,1,7,1,6,1,6,1,6,1,6,1,6,1,6,1,6,1,6,0,6,0,6,0,6,0,0,0,0,0,0,0,0,0,0,0,0,0,0,-31,-10,-30,-13,-27,-9,-20,-11,-21,-10,-18,-8,-15,-10,-14,-6,-9,-5,-7,-5,-6,-3,-4,-4,-4,-2,-1,-1,-2,-1,0,-1,5,1,3,2,6,4,8,0,8,0,7,1,8,3,10,1,12,3,13,3,11,4,16,3,15,2,18,3,19,5,19,5,18,2,17,3,19,0,20,3,19,3,20,4,19,3,20,3,19,0,19,4,20,3,18,2,18,2,17,3,17,3,17,3,17,3,15,2,18,2,17,1,15,-1,15,2,16,4,15,4,15,5,0,0,0,0,0,0,0,0,0,0,0,0,0,0,0,0,0,0,0,0,0,0,-13,3,-14,3,-15,1,-15,-1,-16,-3,-14,-7,-18,-8,-17,-8,-17,-11,-14,-15,-16,-16,-17,-18,-15,-21,-14,-20,-12,-22,-11,-24,-12,-25,-12,-26,-7,-26,-12,-27,-6,-27,-9,-31,-6,-32,-7,-31,-3,-32,-5,-36,-4,-37,-3,-39,-2,-35,-3,-36,-2,-37,-1,-37,-2,-37,-1,-39,0,-39,-3,-39,0,-38,-2,-39,-2,-40,-3,-43,-3,-43,-5,-40,-3,-42,-4,-45,-4,-44,-2,-46,-5,-45,-3,-46,-5,-45,-3,-46,-3,-45,-1,-47,1,-47,2,-45,4,-46,2,-46,5,-43,0,0]"
CSI_DATA,315,1a:00:00:00:00:00,-51,11,1,0,1,1,1,0,0,0,1,-96,0,11,2,4402164,0,44,0,384,0,"[0,0,0,0,0,0,0,0,0,0,0,0,5,5,5,4,4,4,3,3,2,3,2,2,1,1,1,1,0,0,0,0,-1,0,-1,-1,-1,-1,-2,-1,-2,-2,-3,-2,-3,-2,-4,-2,-4,-2,-4,-3,-5,-3,-5,-3,-6,-3,-6,-3,-6,-3,-6,-3,0,0,-7,-3,-7,-3,-7,-3,-7,-4,-7,-3,-8,-4,-8,-4,-8,-4,-8,-4,-8,-4,-8,-4,-8,-3,-8,-3,-7,-3,-7,-3,-7,-3,-7,-3,-7,-3,-7,-3,-7,-3,-7,-3,-7,-3,-7,-3,-7,-3,-7,-3,-7,-3,0,0,0,0,0,0,0,0,0,0,0,0,0,0,60,-23,59,-14,49,-10,48,-11,43,-10,36,-8,30,-2,27,-4,19,-8,13,0,8,0,11,-3,6,-1,0,-2,-1,3,-1,1,-4,1,-13,6,-9,5,-16,5,-18,4,-16,5,-17,6,-20,12,-23,10,-20,9,-23,15,-27,14,-26,15,-24,16,-33,20,-29,19,-34,18,-30,18,-32,19,-32,23,-31,25,-35,20,-31,24,-30,21,-33,23,-32,19,-34,18,-32,19,-30,18,-29,20,-29,21,-27,26,-27,20,-24,22,-26,23,-27,22,-29,20,-30,15,-24,19,-30,16,-28,17,0,0,0,0,0,0,0,0,0,0,0,0,0,0,0,0,0,0,0,0,0,0,18,-20,23,-13,26,-17,28,-13,29,-8,33,-9,34,0,34,-1,38,4,39,11,42,14,43,18,44,19,45,20,43,20,44,31,37,27,41,35,38,38,39,44,39,45,42,44,41,48,43,48,40,51,37,54,36,56,41,55,42,57,37,58,40,60,34,59,41,62,44,60,44,65,44,65,42,63,48,59,44,66,47,63,50,66,50,63,48,64,55,63,52,67,55,57,55,60,60,68,59,68,56,72,55,68,51,72,54,69,50,73,44,72,46,69,39,74,0,0]"
CSI_DATA,316,1a:00:00:00:00:00,-51,11,1,0,1,1,1,0,0,0,1,-96,0,11,2,4412933,0,44,0,384,0,"[0,0,0,0,0,0,0,0,0,0,0,0,7,-2,6,-2,5,-1,4,-1,4,-1,3,-1,2,-1,1,-1,1,-1,0,-1,-1,-1,-1,0,-2,0,-2,0,-2,0,-3,0,-3,0,-4,1,-4,1,-4,1,-5,1,-5,1,-5,1,-6,2,-6,2,-6,2,0,0,-7,2,-7,3,-7,3,-7,3,-7,3,-7,3,-7,3,-7,3,-7,3,-7,3,-7,3,-7,3,-7,3,-7,3,-7,3,-6,3,-7,3,-6,3,-6,3,-6,3,-6,3,-6,3,-6,3,-6,3,-6,2,-6,2,0,0,0,0,0,0,0,0,0,0,0,0,0,0,-1,-65,5,-59,8,-51,3,-54,5,-49,2,-36,3,-31,5,-25,8,-23,2,-19,3,-14,3,-10,-1,-6,-2,-1,-1,-6,-3,2,0,5,-1,7,0,9,-2,13,-1,21,-1,12,2,20,1,19,-3,27,-6,24,-3,29,2,26,1,33,0,35,4,31,-1,39,4,38,1,41,4,35,0,36,1,36,0,34,1,37,2,39,3,36,0,40,-2,33,-3,38,0,36,1,35,1,31,1,32,1,31,3,34,3,33,5,36,0,30,1,32,1,31,1,34,-2,34,0,0,0,0,0,0,0,0,0,0,0,0,0,0,0,0,0,0,0,0,0,0,-16,-22,-16,-19,-11,-28,-8,-29,-7,-30,-3,-30,-1,-33,6,-38,14,-37,14,-41,14,-39,17,-40,22,-41,31,-39,30,-39,31,-36,40,-38,40,-37,42,-36,46,-34,45,-35,51,-33,56,-36,53,-29,59,-26,56,-27,59,-25,59,-27,68,-31,61,-30,68,-30,65,-26,72,-25,70,-30,73,-31,69,-28,74,-30,71,-28,72,-25,71,-32,72,-33,75,-35,74,-32,79,-30,74,-29,80,-29,78,-38,79,-35,87,-36,80,-27,79,-28,85,-26,85,-26,85,-25,80,-21,85,-17,84,-16,0,0]"
CSI_DATA,317,1a:00:00:00:00:00,-51,11,1,0,1,1,1,0,0,0,1,-96,0,11,2,4423860,0,44,0,384,0,"[0,0,0,0,0,0,0,0,0,0,0,0,-9,-2,-8,-2,-7,-2,-6,-2,-5,-1,-4,-1,-3,-1,-2,-1,-2,-1,-1,-1,0,0,0,0,1,0,1,0,2,0,2,-1,3,-1,3,-1,3,-1,4,-1,4,-1,4,-1,5,-1,5,-1,6,-1,6,-1,0,0,6,-2,7,-2,7,-2,7,-2,7,-2,7,-2,7,-2,7,-2,7,-2,7,-2,7,-2,7,-2,7,-2,7,-2,7,-2,7,-2,6,-2,6,-2,6,-3,6,-2,6,-2,6,-2,6,-2,6,-2,6,-2,6,-1,0,0,0,0,0,0,0,0,0,0,0,0,0,0,-13,29,-17,27,-14,24,-14,20,-12,19,-12,17,-12,13,-7,13,-6,9,-4,7,-4,6,-2,3,-1,1,-3,0,3,0,1,-1,0,-4,2,-5,2,-5,6,-6,3,-8,4,-10,3,-10,6,-13,4,-14,6,-14,5,-14,6,-15,5,-17,4,-16,8,-16,7,-20,8,-18,7,-18,8,-20,7,-20,6,-17,6,-19,7,-20,5,-19,8,-19,9,-19,8,-18,7,-19,6,-17,4,-18,6,-18,6,-19,6,-18,5,-14,6,-16,4,-17,5,-15,6,-14,5,-16,5,-16,7,-14,0,0,0,0,0,0,0,0,0,0,0,0,0,0,0,0,0,0,0,0,0,0,1,12,-4,12,-2,14,-3,15,-4,14,-9,14,-9,15,-9,15,-13,11,-14,15,-18,12,-20,11,-21,9,-24,10,-25,9,-28,9,-25,7,-28,6,-27,6,-30,4,-33,2,-30,1,-33,2,-33,0,-33,-2,-34,-3,-37,-3,-36,-2,-37,-4,-34,-3,-39,-6,-39,-5,-39,-4,-37,-4,-39,-3,-39,-2,-39,-7,-41,-5,-42,-5,-41,-4,-38,-3,-42,-3,-44,-6,-44,-3,-41,-3,-47,-5,-42,-3,-47,-2,-47,-4,-45,-6,-45,-5,-44,-6,-44,-8,-46,-10,-44,-10,-43,-8,-43,-14,0,0]"
CSI_DATA,318,1a:00:00:00:00:00,-51,11,1,0,1,1,1,0,0,0,1,-96,0,11,2,4433776,0,44,0,384,0,"[0,0,0,0,0,0,0,0,0,0,0,0,-8,-4,-7,-4,-6,-4,-5,-3,-4,-3,-3,-2,-3,-2,-2,-1,-2,-1,-1,-1,0,0,0,0,0,0,1,0,1,0,2,1,3,1,3,1,3,1,4,1,4,1,5,1,5,1,5,1,6,1,6,1,0,0,7,1,7,1,7,1,8,1,7,1,8,1,7,1,7,1,7,1,8,1,7,1,7,1,7,1,7,1,7,1,7,1,7,1,7,1,7,0,7,0,7,0,7,0,7,1,7,1,6,1,6,1,0,0,0,0,0,0,0,0,0,0,0,0,0,0,-19,25,-17,22,-17,20,-16,17,-14,15,-11,16,-13,10,-10,7,-8,9,-4,7,-5,5,-5,4,-2,4,-1,1,1,-1,0,-1,2,-4,3,-5,1,-4,3,-7,4,-8,4,-9,6,-7,6,-9,8,-10,7,-12,8,-12,6,-13,10,-17,9,-15,8,-16,9,-18,9,-16,10,-18,9,-17,9,-18,11,-19,11,-17,9,-20,11,-16,8,-19,10,-17,9,-16,8,-18,10,-20,10,-16,8,-18,9,-18,6,-17,10,-16,7,-17,7,-15,10,-14,8,-16,9,-14,10,-15,8,-14,0,0,0,0,0,0,0,0,0,0,0,0,0,0,0,0,0,0,0,0,0,0,-1,12,-2,13,-5,12,-6,14,-9,14,-10,13,-12,12,-12,13,-16,9,-16,9,-18,12,-21,10,-24,9,-24,8,-25,5,-26,0,-27,-3,-32,3,-31,0,-30,2,-30,-1,-32,-5,-34,-5,-33,-5,-34,-4,-33,-7,-35,-6,-34,-8,-36,-6,-36,-11,-37,-8,-37,-10,-36,-10,-39,-9,-38,-13,-39,-11,-41,-10,-39,-9,-39,-11,-42,-7,-41,-10,-41,-7,-40,-10,-43,-8,-42,-10,-43,-6,-41,-11,-44,-8,-43,-13,-44,-10,-44,-10,-45,-11,-45,-14,-39,-14,-44,-16,-39,-18,-39,-18,0,0]"
CSI_DATA,319,1a:00:00:00:00:00,-51,11,1,0,1,1,1,0,0,0,1,-96,0,11,2,4442781,0,44,0,384,0,"[0,0,0,0,0,0,0,0,0,0,0,0,-6,-6,-6,-6,-5,-5,-4,-5,-3,-4,-3,-3,-2,-2,-2,-2,-1,-1,-1,-1,0,0,0,0,0,0,1,1,1,1,2,1,2,2,2,2,3,2,3,2,3,3,4,3,4,3,5,3,5,3,5,3,0,0,6,4,6,4,6,4,6,4,6,4,6,4,6,4,6,4,6,4,6,4,6,4,6,4,6,4,6,4,6,4,6,3,6,3,6,3,6,3,6,3,6,3,6,3,6,3,5,3,5,4,5,4,0,0,0,0,0,0,0,0,0,0,0,0,0,0,-33,12,-29,8,-29,7,-23,7,-21,4,-18,5,-17,3,-15,3,-8,4,-7,2,-4,-1,-5,2,-2,-1,0,0,2,-1,2,0,2,-2,4,0,4,-1,7,-3,9,-1,10,-3,10,-3,9,-3,10,-4,13,-5,13,-7,12,-7,14,-7,16,-6,17,-7,17,-10,15,-9,20,-7,16,-8,18,-7,16,-9,17,-8,20,-9,18,-8,19,-8,16,-7,15,-9,16,-9,15,-8,15,-7,16,-11,17,-8,16,-9,14,-6,16,-9,14,-8,15,-9,16,-9,16,-7,15,-4,16,-6,0,0,0,0,0,0,0,0,0,0,0,0,0,0,0,0,0,0,0,0,0,0,-8,11,-9,10,-11,11,-13,7,-17,7,-16,5,-18,5,-20,1,-21,0,-21,0,-21,-2,-23,-3,-22,-6,-24,-9,-27,-11,-24,-12,-22,-14,-24,-16,-25,-17,-23,-17,-24,-19,-24,-22,-24,-21,-24,-23,-23,-24,-26,-25,-26,-26,-25,-27,-25,-26,-26,-30,-24,-29,-25,-30,-24,-31,-24,-31,-27,-31,-25,-30,-25,-30,-25,-30,-25,-31,-29,-31,-29,-33,-28,-31,-29,-32,-29,-31,-29,-35,-32,-31,-31,-35,-31,-32,-31,-35,-30,-33,-28,-35,-30,-37,-28,-38,-25,-34,-22,-39,-21,-39,-20,-37,0,0]"
CSI_DATA,320,1a:00:00:00:00:00,-51,11,1,0,1,1,1,0,0,0,1,-96,0,11,2,4452154,0,44,0,384,0,"[0,0,0,0,0,0,0,0,0,0,0,0,-2,8,-2,7,-1,6,-1,5,-1,4,-1,3,-1,2,-1,1,-1,1,0,0,0,0,0,-1,0,-2,0,-2,0,-3,0,-3,0,-4,0,-4,-1,-5,0,-5,0,-5,-1,-6,-1,-6,-1,-6,-1,-7,-1,-7,0,0,-1,-8,-1,-8,-1,-8,-1,-8,-1,-8,-1,-8,-1,-8,-1,-8,-1,-9,-1,-9,-1,-8,-1,-8,-1,-8,-1,-8,-1,-8,-1,-8,-1,-8,-1,-8,-1,-8,-2,-7,-1,-7,-1,-8,-1,-7,-1,-7,-1,-8,0,-7,0,0,0,0,0,0,0,0,0,0,0,0,0,0,32,10,27,10,25,11,22,12,20,10,15,8,15,6,12,7,8,6,8,4,6,3,3,1,3,2,0,1,-2,-1,-2,-3,-1,-4,-5,-3,-7,-4,-7,-2,-9,-3,-9,-4,-8,-5,-11,-4,-10,-8,-13,-6,-13,-6,-15,-6,-19,-7,-16,-6,-19,-6,-20,-3,-17,-5,-21,-4,-19,-5,-20,-6,-20,-3,-20,-5,-21,-5,-21,-7,-22,-5,-20,-6,-18,-4,-20,-4,-18,-4,-19,-4,-19,-4,-17,-4,-18,-3,-16,-3,-18,-3,-18,-6,-15,-2,-18,-5,-18,-4,-18,-5,-15,-6,0,0,0,0,0,0,0,0,0,0,0,0,0,0,0,0,0,0,0,0,0,0,11,-3,13,0,15,0,14,4,14,6,13,7,14,10,15,13,14,15,13,14,12,16,12,20,12,23,9,21,9,21,7,24,8,27,6,24,7,27,3,27,3,29,2,30,1,31,0,32,-2,31,-1,32,-3,34,-5,38,-1,36,-4,38,-4,36,-6,39,-4,37,-2,37,-3,40,-3,39,-2,39,-3,37,-2,38,-1,40,-1,41,0,42,-1,41,-2,41,0,42,-1,47,0,43,0,45,2,46,-1,44,-3,47,-4,44,-4,47,-4,44,-7,45,-7,44,-8,38,0,0]"
CSI_DATA,321,1a:00:00:00:00:00,-51,11,1,0,1,1,1,0,0,0,1,-96,0,11,2,4464223,0,44,0,384,0,"[0,0,0,0,0,0,0,0,0,0,0,0,6,-5,5,-5,4,-4,4,-3,3,-3,2,-2,2,-2,1,-2,0,-1,0,-1,-1,-1,-1,0,-1,0,-2,1,-2,1,-2,1,-3,2,-3,2,-3,2,-3,2,-4,3,-4,3,-4,3,-4,4,-4,4,-4,4,0,0,-5,5,-5,5,-5,5,-5,5,-5,5,-5,5,-5,5,-6,5,-5,5,-5,5,-5,5,-5,5,-5,5,-5,5,-5,5,-5,5,-5,5,-5,5,-4,5,-4,5,-5,5,-5,5,-5,5,-5,5,-5,4,-5,4,0,0,0,0,0,0,0,0,0,0,0,0,0,0,-28,-59,-19,-53,-20,-51,-15,-47,-18,-44,-12,-37,-13,-31,-9,-25,-6,-22,-5,-16,-3,-11,-7,-12,-1,-12,-1,-1,0,0,0,4,-4,3,5,8,3,8,5,11,0,14,4,17,6,15,11,21,11,22,9,22,12,28,15,27,13,26,16,27,12,30,16,33,15,32,16,35,17,32,18,32,23,36,19,33,22,39,21,33,18,33,17,36,20,35,14,31,18,31,16,30,20,31,18,31,17,33,16,26,17,28,17,31,17,28,13,26,14,25,13,30,14,32,0,0,0,0,0,0,0,0,0,0,0,0,0,0,0,0,0,0,0,0,0,0,-22,-11,-20,-18,-19,-23,-17,-28,-15,-29,-17,-32,-5,-32,-10,-38,-5,-37,4,-41,-1,-43,2,-46,9,-48,11,-48,18,-52,19,-46,21,-49,23,-42,25,-52,33,-48,27,-50,40,-47,38,-50,40,-45,41,-45,45,-47,46,-51,49,-52,51,-47,50,-53,53,-47,56,-52,54,-53,55,-50,55,-55,54,-55,55,-54,54,-51,57,-49,62,-56,63,-55,54,-59,60,-61,60,-58,56,-64,52,-56,57,-63,59,-63,61,-68,63,-63,67,-59,67,-58,66,-59,65,-58,70,-50,70,-52,70,-48,0,0]"
CSI_DATA,322,1a:00:00:00:00:00,-51,11,1,0,1,1,1,0,0,0,1,-96,0,11,2,4482142,0,44,0,384,0,"[0,0,0,0,0,0,0,0,0,0,0,0,-9,0,-8,0,-7,0,-6,-1,-5,0,-4,0,-3,0,-2,0,-2,0,-1,0,0,0,0,0,1,-1,1,-1,2,-1,2,-1,3,-1,3,-1,4,-1,4,-1,4,-1,5,-2,5,-1,5,-2,6,-2,6,-2,0,0,7,-2,7,-2,7,-3,7,-2,7,-2,8,-3,7,-3,7,-3,8,-3,8,-3,7,-2,7,-2,7,-3,7,-3,7,-2,7,-3,7,-3,6,-3,6,-3,6,-3,6,-3,7,-3,6,-3,6,-2,7,-2,6,-2,0,0,0,0,0,0,0,0,0,0,0,0,0,0,-28,62,-17,52,-18,55,-19,42,-21,39,-17,34,-14,28,-10,23,-13,17,-5,14,-8,15,-4,9,-7,4,1,2,-2,-3,1,-2,2,-4,7,-10,1,-8,7,-11,3,-14,5,-17,7,-22,10,-20,8,-22,4,-26,9,-31,5,-34,10,-34,8,-30,8,-33,8,-42,6,-37,5,-37,5,-43,10,-40,5,-39,8,-42,6,-43,11,-42,7,-37,4,-35,8,-36,10,-38,6,-41,7,-38,3,-35,6,-38,5,-33,1,-35,4,-36,10,-35,2,-33,2,-28,3,-37,4,-34,11,-32,0,0,0,0,0,0,0,0,0,0,0,0,0,0,0,0,0,0,0,0,0,0,5,21,-3,29,-2,28,-10,27,-13,25,-18,27,-19,26,-21,24,-26,26,-30,28,-32,24,-37,25,-43,22,-47,20,-50,21,-53,13,-54,14,-53,4,-60,10,-57,9,-57,2,-61,1,-56,3,-65,-2,-69,2,-68,-1,-67,-8,-69,-4,-71,-3,-75,-6,-67,-5,-75,-10,-69,-9,-73,-9,-77,-7,-76,-4,-74,-3,-83,-7,-79,-7,-78,-8,-80,-2,-79,2,-87,-3,-88,-2,-84,-2,-90,0,-88,-3,-84,0,-86,3,-92,-6,-88,-5,-92,-8,-92,-3,-90,-9,-86,-9,-87,-16,-81,-14,0,0]"
CSI_DATA,323,1a:00:00:00:00:00,-51,11,1,0,1,1,1,0,0,0,1,-96,0,11,2,4492224,0,44,0,384,0,"[0,0,0,0,0,0,0,0,0,0,0,0,-3,8,-3,7,-2,6,-2,5,-2,4,-2,3,-1,2,-1,1,-1,1,0,0,0,0,0,-1,0,-2,0,-2,0,-3,0,-3,0,-4,0,-4,0,-5,0,-5,0,-5,0,-6,0,-6,0,-7,0,-7,0,-7,0,0,0,-8,0,-8,0,-8,0,-8,0,-9,0,-9,1,-9,1,-9,0,-9,1,-9,0,-9,1,-9,0,-8,0,-8,0,-8,0,-8,0,-8,0,-8,0,-8,0,-8,0,-8,0,-8,0,-8,0,-8,1,-8,1,-7,0,0,0,0,0,0,0,0,0,0,0,0,0,0,28,17,23,14,21,14,21,14,15,12,14,10,14,9,10,8,8,7,7,4,5,3,4,2,1,1,-1,-1,-1,-2,0,-3,-4,-1,-3,-4,-5,-6,-7,-5,-7,-7,-9,-9,-9,-7,-12,-10,-11,-7,-11,-6,-14,-9,-14,-10,-13,-10,-16,-9,-15,-9,-19,-11,-17,-11,-16,-11,-18,-11,-16,-13,-17,-11,-17,-13,-17,-13,-17,-10,-16,-13,-15,-10,-14,-11,-15,-11,-16,-11,-16,-10,-15,-9,-17,-9,-15,-9,-16,-10,-18,-9,-15,-9,-15,-10,-15,-10,-14,-11,-15,-12,-13,-11,0,0,0,0,0,0,0,0,0,0,0,0,0,0,0,0,0,0,0,0,0,0,12,-2,13,-1,15,0,13,4,14,5,14,6,16,7,13,11,14,11,13,14,13,15,12,17,12,20,12,22,11,21,8,24,7,24,9,26,6,25,4,28,6,27,2,30,3,30,0,32,-2,31,-3,34,0,33,-1,35,-3,33,-4,35,-5,37,-3,34,-5,37,-4,39,-4,37,-5,37,-4,38,-4,36,-5,38,-5,39,-5,40,-4,39,-7,42,-3,42,-5,42,0,44,-3,43,-5,43,-5,43,-6,43,-6,44,-6,42,-9,45,-10,43,-11,45,-13,42,-14,38,0,0]"
CSI_DATA,324,1a:00:00:00:00:00,-51,11,1,0,1,1,1,0,0,0,1,-96,0,11,2,4502176,0,44,0,384,0,"[0,0,0,0,0,0,0,0,0,0,0,0,-9,-1,-7,-1,-7,-1,-6,-1,-5,-1,-4,-1,-3,-1,-2,-1,-2,0,-1,0,0,0,0,0,1,0,1,0,2,0,2,0,3,0,3,0,4,-1,4,0,4,0,5,-1,5,-1,5,-1,6,-1,6,-1,0,0,7,-1,7,-1,7,-1,7,-1,7,-1,8,-1,8,-1,8,-1,7,-1,8,-1,8,-1,7,-1,7,-1,7,-1,7,-1,7,-1,7,-1,7,-1,7,-1,6,-1,7,-1,7,-1,7,-1,7,-1,6,-1,6,0,0,0,0,0,0,0,0,0,0,0,0,0,0,0,-13,63,-11,61,-16,56,-17,43,-10,42,-14,39,-12,26,-11,23,-10,16,-4,15,2,12,-2,10,0,6,0,1,1,2,1,-3,0,-9,6,-8,4,-11,6,-17,5,-17,3,-17,4,-20,4,-23,4,-25,5,-26,5,-28,3,-32,5,-28,5,-36,6,-33,8,-36,2,-39,10,-36,7,-39,4,-38,6,-39,11,-40,5,-45,5,-36,9,-43,5,-40,4,-41,4,-34,6,-39,5,-34,2,-32,2,-36,3,-34,8,-34,2,-36,3,-32,6,-35,6,-33,5,-34,6,-35,7,-32,0,0,0,0,0,0,0,0,0,0,0,0,0,0,0,0,0,0,0,0,0,0,12,23,9,26,7,28,5,30,-3,34,-10,32,-8,33,-10,36,-14,34,-19,33,-25,37,-29,34,-29,32,-38,31,-37,33,-41,30,-42,30,-50,29,-54,30,-51,21,-58,20,-56,24,-60,21,-61,17,-63,17,-67,21,-66,13,-68,18,-67,15,-71,13,-75,15,-73,12,-73,8,-76,12,-79,10,-74,17,-77,14,-75,15,-78,13,-78,15,-77,18,-79,17,-79,20,-84,16,-86,17,-80,11,-84,12,-88,18,-84,17,-87,20,-85,16,-88,17,-90,16,-86,6,-88,5,-84,-6,-85,-6,0,0]"
CSI_DATA,325,1a:00:00:00:00:00,-51,11,1,0,1,1,1,0,0,0,1,-96,0,11,2,4524925,0,44,0,384,0,"[0,0,0,0,0,0,0,0,0,0,0,0,-7,-5,-6,-4,-6,-4,-5,-3,-4,-3,-3,-2,-3,-2,-2,-1,-1,-1,-1,-1,0,0,0,0,0,0,1,0,1,1,2,1,2,1,3,1,3,1,3,1,4,2,4,2,5,2,5,2,5,2,6,2,0,0,6,2,6,2,6,2,7,2,7,2,7,2,7,2,7,3,7,3,7,3,7,3,7,3,6,3,6,2,6,2,6,2,6,2,6,2,6,2,6,2,6,2,6,2,6,2,6,2,6,3,5,3,0,0,0,0,0,0,0,0,0,0,0,0,0,0,-26,24,-23,17,-21,17,-21,17,-18,12,-17,9,-15,7,-13,9,-10,4,-5,6,-4,3,-4,2,-1,1,-2,2,5,3,4,-1,2,-2,4,-1,7,-2,6,-4,7,-4,8,-5,9,-7,10,-7,10,-7,11,-6,14,-8,12,-10,15,-8,13,-11,14,-9,17,-10,16,-11,17,-10,19,-13,17,-11,16,-9,17,-10,18,-8,17,-8,18,-10,18,-9,17,-7,18,-9,16,-7,17,-8,19,-9,17,-10,17,-8,13,-8,16,-6,16,-6,15,-7,15,-7,16,-5,14,-5,15,-7,0,0,0,0,0,0,0,0,0,0,0,0,0,0,0,0,0,0,0,0,0,0,4,12,-1,12,-1,13,-3,14,-5,15,-8,15,-9,16,-12,16,-14,13,-17,15,-17,14,-21,11,-22,13,-23,12,-23,7,-28,7,-26,6,-29,5,-30,4,-31,0,-31,1,-31,0,-35,1,-32,-2,-35,-3,-34,-4,-36,-3,-34,-3,-35,-8,-36,-8,-38,-9,-38,-9,-37,-10,-37,-11,-36,-10,-35,-13,-40,-11,-39,-10,-37,-12,-40,-12,-40,-10,-41,-14,-42,-15,-41,-15,-41,-15,-43,-15,-44,-15,-41,-16,-42,-17,-42,-17,-43,-18,-44,-21,-40,-20,-39,-22,-38,-23,-38,-26,-36,-26,0,0]"
CSI_DATA,326,1a:00:00:00:00:00,-51,11,1,0,1,1,1,0,0,0,1,-96,0,11,2,4532435,0,44,0,384,0,"[0,0,0,0,0,0,0,0,0,0,0,0,7,-3,6,-2,5,-2,4,-2,3,-1,3,-1,2,-1,1,-1,0,-1,0,-1,-1,-1,-1,-1,-2,0,-2,0,-3,0,-3,0,-4,1,-4,1,-4,1,-5,2,-5,2,-5,2,-6,2,-6,2,-6,3,-6,3,0,0,-7,3,-7,3,-7,4,-7,4,-7,4,-8,4,-8,4,-7,4,-7,4,-8,4,-7,4,-7,4,-7,3,-7,4,-7,4,-7,4,-7,4,-6,4,-6,4,-6,4,-6,4,-6,4,-6,4,-7,3,-7,3,-7,3,0,0,0,0,0,0,0,0,0,0,0,0,0,0,-5,-64,-3,-59,3,-56,2,-49,2,-44,0,-34,1,-30,-1,-27,-1,-20,3,-17,-2,-14,1,-10,-2,-8,0,0,-1,5,0,2,-2,7,-3,8,1,14,-4,13,2,17,-4,19,-7,22,-4,23,-1,30,0,27,0,31,3,31,1,32,0,33,1,31,-1,38,11,34,3,41,3,36,2,36,2,38,3,40,2,37,3,36,1,41,2,41,2,40,2,40,1,35,0,36,5,37,5,37,8,38,2,34,7,31,3,32,4,34,3,33,1,36,0,32,-2,34,0,0,0,0,0,0,0,0,0,0,0,0,0,0,0,0,0,0,0,0,0,0,-15,-19,-14,-26,-8,-25,-8,-30,0,-30,0,-34,0,-35,5,-40,8,-42,13,-37,19,-41,21,-40,25,-44,34,-41,33,-42,34,-36,42,-36,39,-37,46,-39,45,-31,49,-31,55,-30,53,-30,60,-30,59,-27,59,-32,61,-27,64,-25,63,-28,67,-30,66,-27,70,-27,70,-23,65,-25,71,-26,73,-30,66,-30,71,-27,72,-29,74,-33,75,-31,70,-34,76,-35,78,-33,74,-32,82,-39,77,-35,75,-31,81,-31,78,-30,81,-32,84,-34,87,-30,83,-30,82,-21,83,-22,82,-13,0,0]"
CSI_DATA,327,1a:00:00:00:00:00,-51,11,1,0,1,1,1,0,0,0,1,-96,0,11,2,4545164,0,44,0,384,0,"[0,0,0,0,0,0,0,0,0,0,0,0,-8,-1,-8,-1,-6,-1,-6,-1,-5,-1,-4,-1,-3,-1,-2,0,-1,0,-1,0,0,0,0,0,1,0,1,0,2,0,2,0,3,0,3,0,4,0,4,0,4,0,5,-1,5,0,5,-1,6,-1,6,-1,0,0,7,-1,7,-1,7,-1,7,-1,7,-1,8,-1,8,-1,8,-1,8,0,8,-1,8,-1,7,-1,7,-1,7,-1,7,-1,7,-1,7,-1,7,-1,7,-1,7,-1,7,-1,7,-1,7,-1,7,0,7,0,6,0,0,0,0,0,0,0,0,0,0,0,0,0,0,0,-28,57,-27,50,-25,48,-25,43,-25,37,-20,29,-19,23,-16,21,-10,15,-12,10,-6,8,-2,8,3,5,3,1,-1,-7,4,-6,2,-6,5,-8,9,-13,7,-16,10,-16,7,-21,14,-19,9,-18,9,-25,10,-26,14,-28,9,-32,12,-28,14,-30,17,-32,18,-35,12,-37,16,-37,18,-39,15,-39,15,-43,21,-42,15,-36,12,-39,16,-37,14,-39,18,-34,13,-34,12,-39,18,-34,12,-34,16,-36,12,-31,8,-32,7,-35,10,-35,11,-35,14,-32,15,-29,17,-32,16,-27,0,0,0,0,0,0,0,0,0,0,0,0,0,0,0,0,0,0,0,0,0,0,8,27,1,25,0,32,-9,28,-13,29,-14,30,-15,29,-20,32,-23,34,-31,28,-29,27,-38,25,-42,29,-48,28,-50,18,-49,21,-55,17,-55,15,-57,12,-61,9,-62,6,-62,7,-63,8,-63,3,-63,0,-72,1,-71,1,-68,2,-75,-1,-70,-4,-76,3,-77,-6,-69,-5,-79,-7,-78,-6,-75,-2,-79,-1,-72,-4,-78,-7,-83,-6,-83,-1,-84,-3,-81,-3,-87,1,-79,2,-80,-4,-86,-3,-84,-1,-89,-1,-89,-3,-85,-10,-89,-10,-85,-7,-88,-12,-89,-14,-85,-20,-81,-20,0,0]"
CSI_DATA,328,1a:00:00:00:00:00,-51,11,1,0,1,1,1,0,0,0,1,-96,0,11,2,4582176,0,44,0,384,0,"[0,0,0,0,0,0,0,0,0,0,0,0,7,-3,6,-2,5,-2,4,-2,3,-1,2,-1,2,-1,1,-1,0,-1,0,-1,-1,-1,-1,-1,-2,0,-2,0,-3,0,-3,0,-4,0,-4,0,-4,1,-5,1,-5,1,-6,1,-6,1,-6,2,-7,2,-7,2,0,0,-7,2,-8,2,-8,2,-8,2,-8,2,-8,2,-8,2,-8,2,-8,2,-8,2,-8,2,-8,2,-8,2,-8,2,-7,2,-8,2,-7,2,-7,2,-7,2,-7,2,-7,2,-7,2,-7,2,-7,2,-7,1,-7,1,0,0,0,0,0,0,0,0,0,0,0,0,0,0,2,-61,4,-58,8,-54,1,-51,9,-49,6,-36,5,-28,4,-24,1,-20,2,-14,-2,-15,3,-6,-5,-5,-2,-1,-1,-1,-3,11,-4,11,-4,7,-3,12,-7,14,-6,21,-8,18,-5,23,-4,23,-6,25,-6,27,-5,31,-5,30,-11,32,-2,33,-8,36,-6,38,-12,37,-6,40,-6,37,-8,41,-8,40,-8,40,-9,43,-4,42,-11,40,-10,36,-10,38,-5,37,-10,36,-8,36,-9,38,-8,40,-6,35,-7,34,-6,33,-11,35,-10,40,-6,32,-10,38,-11,35,-12,27,0,0,0,0,0,0,0,0,0,0,0,0,0,0,0,0,0,0,0,0,0,0,-23,-18,-22,-25,-15,-31,-13,-28,-10,-32,-5,-37,-3,-38,-2,-38,4,-39,11,-43,12,-48,15,-45,24,-45,23,-44,31,-44,36,-44,36,-46,41,-41,41,-42,46,-44,45,-38,47,-38,49,-39,55,-40,58,-36,59,-39,59,-31,62,-36,64,-35,65,-33,63,-30,68,-33,65,-30,69,-29,70,-31,70,-36,70,-34,72,-30,76,-29,75,-35,73,-31,68,-35,77,-37,76,-40,78,-37,70,-36,75,-36,82,-37,84,-35,79,-40,82,-27,86,-32,86,-28,82,-29,82,-25,83,-20,80,-9,0,0]"
CSI_DATA,329,1a:00:00:00:00:00,-51,11,1,0,1,1,1,0,0,0,1,-96,0,11,2,4593481,0,44,0,384,0,"[0,0,0,0,0,0,0,0,0,0,0,0,2,7,2,6,2,5,1,4,1,3,1,2,0,2,0,1,0,0,0,0,0,-1,-1,-2,-1,-2,-1,-3,-1,-3,-2,-4,-2,-4,-2,-4,-2,-5,-2,-5,-3,-5,-3,-6,-3,-6,-3,-6,-4,-7,-4,-7,0,0,-4,-7,-4,-8,-4,-8,-5,-8,-4,-8,-5,-8,-5,-8,-4,-8,-4,-8,-4,-8,-4,-8,-4,-8,-4,-8,-4,-8,-4,-8,-4,-8,-4,-7,-4,-7,-4,-7,-4,-7,-4,-7,-4,-7,-4,-7,-3,-7,-3,-7,-3,-8,0,0,0,0,0,0,0,0,0,0,0,0,0,0,59,-7,54,-6,49,-8,48,-1,43,2,33,2,23,3,20,2,18,4,14,2,12,2,2,-3,3,-5,-1,-2,-2,-4,-6,-4,-12,-1,-7,-4,-14,1,-14,0,-24,1,-19,-2,-25,-2,-24,0,-27,0,-31,-3,-30,5,-29,6,-35,3,-37,0,-36,4,-40,0,-37,4,-39,1,-43,1,-41,7,-41,4,-43,5,-42,0,-43,3,-41,2,-38,1,-34,4,-40,3,-40,1,-39,3,-40,8,-37,3,-38,5,-36,2,-36,6,-34,6,-33,6,-37,7,-36,0,-32,0,-42,-4,0,0,0,0,0,0,0,0,0,0,0,0,0,0,0,0,0,0,0,0,0,0,26,-18,23,-17,27,-11,31,-13,29,-6,32,-3,37,0,39,7,40,9,44,11,46,16,39,18,43,24,44,28,39,29,36,38,40,36,41,40,38,39,36,41,35,46,32,52,30,53,31,53,31,56,33,54,36,56,35,64,31,65,33,64,31,62,28,65,30,68,30,63,30,68,29,70,32,65,31,70,35,65,35,71,30,70,36,70,36,75,35,70,34,71,42,69,40,66,35,74,39,77,37,73,35,82,39,79,35,79,31,76,29,81,28,81,22,77,0,0]"
CSI_DATA,330,1a:00:00:00:00:00,-51,11,1,0,1,1,1,0,0,0,1,-96,0,11,2,4612172,0,44,0,384,0,"[0,0,0,0,0,0,0,0,0,0,0,0,1,7,1,6,1,5,1,4,0,3,0,2,0,1,0,1,0,0,0,-1,0,-1,-1,-2,-1,-2,-1,-3,-1,-3,-1,-4,-2,-4,-2,-4,-2,-4,-2,-5,-2,-5,-3,-6,-3,-6,-3,-6,-3,-7,-4,-7,0,0,-4,-7,-4,-8,-4,-7,-4,-8,-4,-8,-4,-8,-4,-8,-4,-8,-4,-8,-4,-8,-4,-8,-4,-8,-4,-8,-4,-7,-4,-7,-4,-7,-4,-7,-4,-7,-4,-7,-4,-7,-4,-7,-4,-7,-4,-7,-4,-7,-3,-7,-3,-7,0,0,0,0,0,0,0,0,0,0,0,0,0,0,67,-1,57,-5,52,1,41,-3,40,2,32,-1,25,3,23,2,22,-3,10,3,7,-4,8,-3,1,-4,3,-1,-8,1,-7,-3,-9,-2,-6,-3,-15,-2,-18,0,-20,0,-19,0,-19,0,-26,3,-28,0,-31,2,-28,1,-32,3,-31,3,-38,5,-40,1,-43,11,-38,6,-40,4,-40,4,-39,6,-40,4,-38,8,-44,7,-42,9,-39,6,-40,2,-39,10,-37,5,-36,7,-37,10,-36,9,-38,13,-34,8,-33,8,-35,8,-35,10,-38,11,-36,5,-35,5,-39,4,-33,0,0,0,0,0,0,0,0,0,0,0,0,0,0,0,0,0,0,0,0,0,0,0,27,-16,31,-12,31,-8,27,-4,33,-3,34,1,38,8,36,7,37,8,39,15,36,22,39,23,39,29,40,33,38,40,36,41,36,44,37,45,32,46,30,47,30,54,30,53,26,53,27,57,25,57,26,61,27,64,27,66,27,65,24,67,22,70,22,65,24,72,23,68,25,70,25,72,25,72,20,69,29,72,29,74,30,73,29,72,33,74,33,73,31,72,34,67,39,73,42,70,34,75,28,76,32,82,32,82,29,77,26,78,23,78,18,78,16,75,0,0]"
CSI_DATA,331,1a:00:00:00:00:00,-51,11,1,0,1,1,1,0,0,0,1,-96,0,11,2,4622179,0,44,0,384,0,"[0,0,0,0,0,0,0,0,0,0,0,0,-5,-7,-4,-6,-4,-6,-3,-5,-2,-4,-2,-3,-2,-2,-1,-2,-1,-1,-1,0,0,0,0,1,0,1,1,1,1,2,1,2,2,3,2,3,2,3,3,3,3,4,3,4,4,4,4,4,4,5,4,5,0,0,5,5,5,5,5,5,6,6,5,6,5,6,5,6,5,6,6,6,6,6,5,6,5,6,5,6,5,6,5,6,5,5,5,5,5,5,5,5,5,5,5,5,5,5,5,5,5,5,4,5,4,6,0,0,0,0,0,0,0,0,0,0,0,0,0,0,-60,23,-54,23,-44,19,-37,16,-38,15,-34,8,-28,11,-26,9,-21,1,-14,1,-12,0,-6,5,-1,2,-1,0,3,0,6,-2,11,-2,11,-3,12,-4,17,-8,14,-9,23,-9,19,-11,22,-14,24,-13,23,-13,25,-20,28,-19,29,-17,32,-19,32,-18,30,-21,30,-23,29,-24,31,-26,34,-25,32,-29,32,-28,35,-24,34,-21,36,-25,32,-25,31,-23,31,-22,26,-26,32,-21,27,-20,30,-22,25,-19,30,-23,27,-24,25,-20,29,-24,28,-21,29,-18,29,-18,28,-15,0,0,0,0,0,0,0,0,0,0,0,0,0,0,0,0,0,0,0,0,0,0,-18,22,-22,20,-31,14,-28,17,-30,9,-37,5,-36,9,-38,1,-43,0,-43,-2,-48,-7,-48,-13,-47,-17,-45,-20,-42,-26,-48,-27,-49,-27,-49,-32,-50,-33,-50,-34,-46,-40,-48,-39,-50,-46,-49,-45,-43,-50,-43,-54,-44,-53,-45,-56,-47,-55,-46,-54,-46,-59,-46,-56,-51,-57,-51,-53,-50,-58,-46,-58,-51,-61,-52,-62,-49,-62,-50,-60,-53,-58,-59,-56,-53,-57,-56,-64,-55,-59,-64,-58,-59,-59,-62,-65,-57,-58,-59,-68,-54,-66,-56,-66,-58,-60,-56,-70,-46,-67,-52,-65,-48,-67,0,0]"
CSI_DATA,332,1a:00:00:00:00:00,-51,11,1,0,1,1,1,0,0,0,1,-96,0,11,2,4632153,0,44,0,384,0,"[0,0,0,0,0,0,0,0,0,0,0,0,7,-2,6,-2,5,-2,4,-1,3,-1,2,-1,1,-1,1,-1,0,-1,-1,-1,-1,-1,-2,0,-2,0,-2,0,-3,0,-4,1,-4,1,-5,1,-5,1,-5,1,-6,2,-6,2,-6,2,-6,2,-7,2,-7,2,0,0,-8,3,-8,3,-8,3,-8,3,-8,3,-9,3,-8,3,-8,3,-9,3,-8,3,-8,3,-8,3,-8,3,-8,3,-8,3,-8,3,-8,3,-7,3,-7,3,-7,3,-8,3,-7,3,-7,3,-7,3,-7,2,-7,2,0,0,0,0,0,0,0,0,0,0,0,0,0,0,-2,-61,-5,-57,2,-57,-2,-44,-1,-41,-4,-34,3,-24,2,-23,0,-17,-2,-17,0,-10,-2,-8,-1,-3,-2,1,-2,5,-2,5,-7,11,-3,14,-2,18,-4,14,3,17,-2,21,3,24,4,26,-3,27,1,30,5,31,7,31,7,35,5,34,8,40,5,36,6,39,8,38,5,46,4,43,6,44,5,48,7,46,4,43,7,43,4,41,5,42,6,44,3,36,7,35,6,39,8,39,3,35,9,37,9,37,7,37,5,35,9,36,8,34,1,39,0,37,0,0,0,0,0,0,0,0,0,0,0,0,0,0,0,0,0,0,0,0,0,0,-18,-25,-8,-26,-11,-35,-6,-32,-2,-37,5,-36,7,-40,6,-40,14,-39,18,-40,23,-41,27,-39,22,-45,33,-38,41,-40,39,-39,46,-36,50,-36,49,-36,50,-33,56,-31,53,-34,59,-26,57,-28,63,-27,59,-32,64,-31,68,-30,66,-25,66,-27,69,-30,69,-24,71,-23,68,-26,73,-32,76,-26,77,-29,73,-31,72,-29,75,-31,78,-29,75,-32,75,-30,78,-35,76,-32,84,-26,81,-34,78,-30,82,-31,80,-31,83,-34,82,-32,82,-28,80,-26,83,-27,81,-18,78,-10,0,0]"
CSI_DATA,333,1a:00:00:00:00:00,-51,11,1,0,1,1,1,0,0,0,1,-96,0,11,2,4652162,0,44,0,384,0,"[0,0,0,0,0,0,0,0,0,0,0,0,4,-7,4,-6,3,-5,2,-4,2,-3,1,-3,1,-2,0,-2,0,-1,-1,0,-1,0,-1,0,-2,1,-2,1,-2,2,-2,2,-2,3,-2,3,-2,4,-3,4,-3,4,-3,5,-3,5,-3,6,-3,6,-3,6,0,0,-3,7,-3,7,-3,7,-3,8,-3,8,-3,8,-3,8,-3,8,-3,8,-3,8,-3,8,-3,7,-3,7,-3,7,-3,7,-3,7,-3,7,-2,7,-2,7,-3,7,-2,7,-3,7,-3,7,-3,7,-3,7,-3,6,0,0,0,0,0,0,0,0,0,0,0,0,0,0,-17,-27,-17,-24,-12,-20,-12,-20,-12,-16,-10,-16,-8,-12,-4,-11,-7,-9,-3,-7,-3,-4,-4,-5,-1,-2,-1,1,1,2,0,3,1,4,1,5,2,7,3,6,6,7,6,9,6,10,8,8,8,8,11,11,10,10,11,11,12,11,11,11,15,13,14,13,13,13,15,13,18,14,14,13,15,14,17,15,16,14,16,15,16,14,16,14,14,13,14,13,16,10,15,13,13,12,15,13,13,11,16,12,13,13,15,11,14,11,14,12,13,13,13,11,12,13,0,0,0,0,0,0,0,0,0,0,0,0,0,0,0,0,0,0,0,0,0,0,-13,-7,-11,-12,-11,-15,-10,-14,-10,-14,-7,-17,-7,-18,-6,-23,-1,-22,-3,-22,1,-22,3,-25,4,-26,5,-24,10,-27,8,-29,11,-28,12,-29,13,-26,16,-26,16,-30,18,-27,16,-27,20,-31,21,-27,20,-29,20,-30,23,-29,23,-29,23,-29,24,-29,24,-29,23,-29,25,-29,26,-30,25,-30,25,-30,26,-28,25,-31,25,-34,26,-31,24,-34,22,-34,25,-36,22,-33,21,-35,23,-36,25,-34,23,-35,23,-36,26,-34,26,-35,26,-35,28,-33,29,-31,28,-31,28,-29,0,0]"
CSI_DATA,334,1a:00:00:00:00:00,-51,11,1,0,1,1,1,0,0,0,1,-96,0,11,2,4662322,0,44,0,384,0,"[0,0,0,0,0,0,0,0,0,0,0,0,6,-1,5,-1,4,-1,3,-1,3,-1,2,-1,1,-1,0,-1,0,-1,-1,0,-1,0,-2,0,-2,0,-2,0,-3,0,-3,0,-4,1,-4,1,-4,1,-4,1,-5,1,-5,2,-5,2,-6,2,-6,2,-6,2,0,0,-7,3,-7,3,-7,3,-7,3,-7,3,-7,3,-7,3,-8,3,-7,3,-8,3,-7,3,-7,3,-7,3,-7,3,-7,3,-7,3,-7,3,-6,3,-6,3,-6,3,-6,3,-6,3,-6,3,-7,3,-7,2,-7,2,0,0,0,0,0,0,0,0,0,0,0,0,0,0,8,-63,-1,-58,1,-43,6,-45,3,-37,5,-33,9,-30,2,-28,-1,-16,5,-9,1,-12,-1,-3,-1,-6,-5,1,1,5,-3,8,-2,8,1,13,-1,15,-6,17,2,21,4,19,2,18,-2,28,1,21,-2,32,1,31,2,26,2,31,0,34,4,36,1,39,6,43,7,46,6,41,4,39,10,40,5,40,9,43,6,43,1,39,6,38,3,40,5,40,7,39,0,38,9,42,8,36,7,35,10,37,8,36,9,35,4,40,8,36,1,37,5,35,1,35,0,0,0,0,0,0,0,0,0,0,0,0,0,0,0,0,0,0,0,0,0,0,-15,-39,-19,-24,13,-44,-39,-26,13,-77,-9,-10,12,-57,-22,-14,-8,-60,37,-64,31,-42,41,-29,55,-12,39,-42,67,-60,45,-50,63,0,4,-48,59,-22,69,-30,46,-18,54,-41,20,-18,51,-7,64,4,82,-43,79,-21,73,-20,52,4,56,22,45,-70,60,-26,52,47,76,-1,71,-44,66,-6,93,-71,41,-20,62,-34,70,-22,64,-28,78,-20,81,-24,71,-25,75,-25,84,-20,74,-20,85,-29,84,-23,83,-28,80,-24,87,-28,84,-26,81,-12,81,-16,85,-9,79,-11,0,0]"
CSI_DATA,335,1a:00:00:00:00:00,-51,11,1,0,1,1,1,0,0,0,1,-96,0,11,2,4672513,0,44,0,384,0,"[0,0,0,0,0,0,0,0,0,0,0,0,-2,7,-2,6,-1,5,-1,4,-1,3,-1,2,-1,1,-1,1,-1,0,0,-1,0,-1,0,-2,0,-2,0,-3,0,-3,-1,-4,-1,-4,-1,-5,-1,-5,-1,-5,-1,-6,-1,-6,-1,-7,-1,-7,-1,-7,-2,-8,0,0,-2,-9,-1,-9,-2,-9,-2,-9,-2,-9,-2,-9,-2,-9,-1,-9,-2,-9,-2,-9,-2,-9,-2,-9,-2,-9,-2,-9,-2,-8,-2,-9,-2,-8,-2,-8,-2,-8,-2,-8,-2,-8,-2,-8,-2,-8,-2,-8,-1,-8,-1,-8,0,0,0,0,0,0,0,0,0,0,0,0,0,0,58,22,52,16,42,20,39,25,32,20,24,20,23,17,20,10,13,7,7,7,3,3,2,-4,1,-2,0,-2,-8,-7,-10,-4,-14,-3,-10,-6,-12,-7,-16,-7,-19,-9,-16,-11,-17,-13,-23,-9,-24,-10,-31,-7,-30,-15,-37,-9,-30,-15,-36,-10,-35,-10,-37,-8,-36,-12,-38,-10,-44,-12,-40,-13,-43,-9,-42,-12,-43,-11,-44,-13,-42,-10,-41,-11,-36,-15,-38,-9,-37,-12,-40,-11,-36,-8,-40,-6,-38,-6,-37,-10,-39,-5,-41,-8,-37,-6,-36,-13,-34,-9,-35,-13,-35,-13,0,0,0,0,0,0,0,0,0,0,0,0,0,0,0,0,0,0,0,0,0,0,29,3,30,1,31,5,28,10,30,13,32,22,31,23,34,22,33,30,28,33,29,36,25,44,23,45,22,50,17,49,16,55,10,55,14,55,8,57,8,57,2,62,2,64,1,62,0,69,-7,64,-5,71,-8,71,-8,65,-8,72,-9,72,-8,71,-15,71,-10,76,-10,75,-5,72,-6,78,-9,75,-9,74,-7,74,-5,79,-7,77,2,74,-7,77,2,79,-3,76,5,79,-4,81,-2,79,-2,83,-7,81,-12,83,-10,87,-15,81,-10,85,-10,82,-18,79,-17,77,0,0]"
CSI_DATA,336,1a:00:00:00:00:00,-51,11,1,0,1,1,1,0,0,0,1,-96,0,11,2,4685359,0,44,0,384,0,"[0,0,0,0,0,0,0,0,0,0,0,0,-4,5,-4,4,-3,4,-3,3,-2,2,-2,1,-1,1,-1,0,-1,0,0,-1,0,-1,0,-2,0,-2,1,-3,1,-3,1,-3,1,-4,1,-4,1,-5,1,-5,1,-5,1,-6,1,-6,1,-6,1,-7,1,-7,0,0,1,-8,1,-8,1,-8,1,-8,1,-8,1,-8,1,-9,1,-8,1,-9,1,-9,2,-8,2,-8,1,-8,1,-8,1,-8,1,-8,1,-8,1,-7,1,-8,1,-8,1,-8,1,-8,1,-8,1,-7,2,-7,2,-7,0,0,0,0,0,0,0,0,0,0,0,0,0,0,43,38,33,39,28,31,23,32,25,28,19,31,15,19,13,16,15,14,12,7,4,4,4,6,-4,2,-5,-5,-5,-2,-4,-8,-6,-12,-10,-11,-10,-11,-13,-15,-18,-14,-18,-14,-18,-18,-25,-19,-23,-20,-21,-22,-24,-19,-26,-21,-24,-22,-30,-18,-30,-23,-30,-24,-35,-24,-29,-22,-35,-20,-30,-28,-36,-26,-34,-26,-35,-25,-38,-26,-36,-30,-35,-30,-32,-28,-33,-25,-31,-24,-30,-26,-35,-26,-35,-23,-27,-21,-34,-18,-34,-21,-29,-21,-31,-23,-27,-24,-26,-28,-24,-23,-25,-25,0,0,0,0,0,0,0,0,0,0,0,0,0,0,0,0,0,0,0,0,0,0,29,5,27,10,28,15,28,23,28,23,25,25,26,29,25,27,21,35,14,39,16,43,12,48,7,51,3,51,2,53,-2,58,-1,54,-7,59,-13,55,-11,61,-12,60,-17,59,-15,58,-25,60,-27,58,-26,60,-29,65,-30,62,-29,63,-32,62,-32,66,-31,65,-34,66,-32,67,-31,67,-33,68,-32,70,-31,61,-34,70,-33,70,-34,72,-35,71,-32,69,-32,76,-31,69,-30,69,-30,73,-30,80,-32,77,-39,78,-36,77,-38,72,-40,71,-40,75,-43,71,-43,67,-46,67,0,0]"
CSI_DATA,337,1a:00:00:00:00:00,-51,11,1,0,1,1,1,0,0,0,1,-96,0,11,2,4692509,0,44,0,384,0,"[0,0,0,0,0,0,0,0,0,0,0,0,5,3,4,3,4,3,3,2,2,2,1,1,1,0,0,0,0,-1,-1,-1,-1,-1,-2,-2,-2,-2,-2,-2,-3,-2,-3,-2,-4,-3,-4,-3,-5,-3,-5,-3,-5,-3,-6,-3,-6,-3,-7,-3,-7,-3,-7,-3,0,0,-8,-4,-8,-3,-8,-4,-8,-4,-8,-4,-9,-4,-9,-4,-9,-4,-9,-4,-9,-4,-9,-4,-8,-4,-8,-4,-8,-4,-8,-4,-8,-4,-8,-3,-8,-3,-8,-3,-8,-3,-8,-3,-8,-3,-7,-3,-7,-3,-7,-4,-7,-4,0,0,0,0,0,0,0,0,0,0,0,0,0,0,48,-42,43,-31,39,-30,37,-29,26,-24,25,-19,25,-18,19,-13,7,-9,9,-8,5,-6,1,-3,-2,-5,-1,0,-11,2,-11,2,-11,4,-14,5,-16,9,-14,9,-16,13,-17,13,-19,18,-17,19,-21,21,-19,23,-22,23,-23,29,-23,32,-29,28,-26,26,-21,31,-24,38,-21,36,-24,37,-28,37,-26,32,-26,34,-24,35,-25,34,-27,31,-28,37,-26,33,-23,32,-25,32,-24,28,-14,29,-20,33,-20,34,-23,32,-17,33,-19,34,-21,27,-17,30,-24,30,-23,28,-23,23,0,0,0,0,0,0,0,0,0,0,0,0,0,0,0,0,0,0,0,0,0,0,16,-25,19,-22,27,-23,28,-22,32,-18,35,-14,36,-17,37,-9,42,-6,48,-8,47,-1,52,-1,48,2,49,8,49,11,55,18,51,15,53,22,55,25,56,23,56,31,53,27,54,33,55,35,53,37,55,36,53,41,56,38,54,39,57,42,54,45,58,43,60,46,57,43,56,42,61,43,62,42,62,43,65,39,63,43,63,39,69,46,62,40,69,38,68,44,67,45,69,38,71,38,67,44,75,44,69,47,68,43,68,43,66,49,64,53,60,49,63,47,0,0]"
CSI_DATA,338,1a:00:00:00:00:00,-51,11,1,0,1,1,1,0,0,0,1,-96,0,11,2,4702182,0,44,0,384,0,"[0,0,0,0,0,0,0,0,0,0,0,0,7,2,5,1,5,2,4,1,3,1,2,0,1,0,0,0,0,-1,-1,-1,-1,-1,-2,-1,-2,-1,-3,-1,-3,-1,-4,-1,-4,-1,-5,-1,-5,-1,-6,-1,-6,-1,-7,-1,-7,-1,-7,0,-8,0,-8,-1,0,0,-9,0,-9,0,-9,0,-10,0,-9,0,-10,0,-10,0,-10,-1,-10,-1,-10,0,-10,0,-9,0,-9,0,-9,0,-9,0,-9,0,-9,0,-9,0,-9,0,-9,0,-9,0,-9,0,-9,0,-8,0,-8,-1,-8,-1,0,0,0,0,0,0,0,0,0,0,0,0,0,0,13,-28,12,-23,9,-21,9,-20,8,-17,11,-15,8,-11,7,-9,2,-7,3,-7,1,-6,-1,-3,-2,-1,-1,1,-1,1,-3,7,-5,5,-5,5,-4,5,-6,9,-2,8,-7,10,-4,10,-5,12,-3,14,-5,12,-7,12,-4,16,-3,17,-6,17,-5,18,-7,19,-5,18,-7,19,-6,18,-5,22,-5,21,-7,22,-6,22,-4,20,-7,19,-7,20,-8,21,-6,18,-7,19,-8,19,-7,19,-6,18,-7,18,-4,18,-4,17,-5,18,-3,17,-7,18,-6,16,-6,17,-7,16,0,0,0,0,0,0,0,0,0,0,0,0,0,0,0,0,0,0,0,0,0,0,0,-15,1,-16,3,-17,6,-15,7,-15,10,-16,9,-13,13,-17,15,-15,17,-15,20,-12,22,-11,23,-11,25,-10,23,-8,27,-6,28,-5,28,-5,30,-5,31,-2,29,-2,31,1,32,1,32,4,31,6,33,6,32,3,34,3,34,4,37,5,35,7,35,5,34,8,34,6,36,8,34,4,37,6,37,5,36,5,39,6,37,3,41,5,38,3,38,4,41,2,42,3,39,2,40,4,42,2,43,5,41,4,39,5,41,6,41,7,38,8,38,9,37,8,0,0]"
CSI_DATA,339,1a:00:00:00:00:00,-51,11,1,0,1,1,1,0,0,0,1,-96,0,11,2,4712771,0,44,0,384,0,"[0,0,0,0,0,0,0,0,0,0,0,0,6,3,5,3,4,2,3,2,2,1,1,1,1,0,0,0,0,-1,-1,-1,-1,-1,-2,-1,-2,-1,-3,-2,-3,-2,-4,-2,-4,-2,-5,-2,-5,-2,-5,-2,-6,-2,-6,-2,-7,-2,-7,-2,-7,-2,-8,-2,0,0,-9,-2,-8,-2,-9,-2,-9,-2,-9,-2,-9,-2,-9,-2,-9,-2,-9,-2,-9,-2,-9,-3,-9,-2,-9,-2,-9,-2,-9,-2,-9,-2,-9,-2,-9,-2,-8,-2,-8,-2,-8,-2,-8,-2,-8,-2,-8,-2,-8,-3,-8,-3,0,0,0,0,0,0,0,0,0,0,0,0,0,0,45,-34,45,-29,42,-27,36,-24,34,-20,29,-17,17,-12,18,-7,12,-8,7,-3,4,-2,2,-4,-4,-5,-3,0,-5,-1,-8,4,-11,2,-13,5,-11,10,-14,3,-19,13,-22,9,-19,9,-23,13,-21,20,-26,17,-25,14,-29,19,-29,19,-30,21,-28,25,-36,25,-29,22,-32,26,-32,25,-36,26,-37,25,-34,28,-37,29,-33,25,-31,27,-31,27,-35,22,-35,22,-31,25,-32,19,-30,20,-30,26,-29,26,-34,24,-32,23,-30,24,-29,22,-26,23,-31,19,-33,20,-31,19,0,0,0,0,0,0,0,0,0,0,0,0,0,0,0,0,0,0,0,0,0,0,12,-30,17,-27,17,-26,23,-22,26,-24,30,-21,34,-20,37,-18,42,-17,43,-14,45,-13,47,-2,48,1,50,-1,54,1,52,5,54,11,57,13,55,12,53,20,52,20,55,29,50,28,55,29,58,34,60,33,55,35,59,38,54,39,59,45,53,42,61,39,59,44,58,45,59,46,54,46,60,43,60,45,60,43,59,40,64,42,64,41,63,40,68,44,66,43,69,38,66,39,65,43,64,45,67,52,68,44,63,51,65,53,57,51,61,54,59,59,51,58,0,0]"
CSI_DATA,340,1a:00:00:00:00:00,-51,11,1,0,1,1,1,0,0,0,1,-96,0,11,2,4725388,0,44,0,384,0,"[0,0,0,0,0,0,0,0,0,0,0,0,4,4,4,3,3,3,2,2,2,2,1,1,0,0,0,0,-1,0,-1,-1,-1,-1,-2,-1,-2,-2,-2,-2,-3,-2,-3,-2,-4,-2,-4,-3,-4,-2,-5,-3,-5,-3,-6,-3,-6,-3,-6,-3,-7,-3,-7,-3,0,0,-8,-3,-8,-3,-8,-3,-8,-3,-8,-3,-8,-3,-9,-3,-9,-3,-9,-4,-9,-4,-8,-4,-8,-3,-8,-3,-8,-3,-8,-3,-8,-3,-8,-3,-8,-3,-8,-3,-8,-3,-8,-3,-8,-3,-8,-3,-7,-3,-7,-3,-7,-4,0,0,0,0,0,0,0,0,0,0,0,0,0,0,45,-41,41,-34,40,-30,36,-23,30,-20,24,-13,23,-14,19,-12,11,-9,7,-5,5,-4,-1,-3,-1,-3,-5,0,-8,0,-9,2,-11,2,-13,6,-12,5,-17,9,-21,14,-19,14,-19,13,-17,17,-19,17,-25,20,-22,23,-29,25,-27,21,-27,31,-33,29,-31,28,-27,25,-31,31,-30,34,-33,31,-33,29,-37,31,-34,34,-31,31,-34,33,-34,26,-35,27,-31,25,-34,28,-32,27,-26,23,-28,27,-27,26,-28,28,-28,26,-26,28,-30,24,-28,24,-32,20,-29,25,-29,22,0,0,0,0,0,0,0,0,0,0,0,0,0,0,0,0,0,0,0,0,0,0,8,-31,14,-29,15,-25,23,-26,24,-29,27,-24,32,-24,34,-23,38,-16,40,-14,44,-18,48,-9,47,-6,56,-5,48,-1,54,1,56,3,57,11,60,15,58,15,57,16,62,24,56,21,57,23,62,27,63,30,62,30,61,28,62,37,60,34,67,34,62,31,62,34,62,35,59,38,61,36,65,38,67,36,68,35,70,38,66,36,70,34,64,39,69,37,72,37,66,36,63,37,80,36,76,41,78,41,74,42,74,43,72,47,65,44,67,49,57,49,61,48,0,0]"
CSI_DATA,341,1a:00:00:00:00:00,-51,11,1,0,1,1,1,0,0,0,1,-96,0,11,2,4732151,0,44,0,384,0,"[0,0,0,0,0,0,0,0,0,0,0,0,3,4,3,4,2,3,2,2,1,2,1,1,0,1,0,0,-1,0,-1,-1,-1,-1,-2,-2,-2,-2,-2,-2,-2,-2,-3,-3,-3,-3,-3,-3,-4,-3,-4,-3,-4,-4,-5,-4,-5,-4,-5,-4,-6,-4,-6,-4,0,0,-6,-5,-6,-5,-7,-5,-7,-5,-7,-5,-7,-5,-7,-5,-7,-5,-7,-5,-7,-5,-7,-5,-7,-5,-7,-5,-6,-5,-7,-5,-6,-5,-7,-5,-6,-4,-6,-5,-6,-5,-6,-5,-6,-5,-6,-5,-6,-5,-6,-5,-5,-5,0,0,0,0,0,0,0,0,0,0,0,0,0,0,51,-25,49,-22,48,-16,35,-18,35,-13,31,-12,26,-13,21,-5,16,-5,9,-3,6,-4,3,-4,0,-4,-4,3,-4,3,-11,2,-13,5,-10,3,-19,5,-19,5,-21,5,-24,10,-18,12,-26,16,-25,15,-28,18,-26,19,-24,14,-27,23,-32,21,-32,25,-31,28,-32,25,-36,25,-32,28,-31,26,-31,29,-32,23,-38,26,-38,24,-37,30,-35,21,-36,27,-39,21,-38,28,-32,26,-33,22,-37,28,-31,20,-31,22,-30,22,-31,20,-32,23,-30,24,-30,17,-34,20,-32,18,0,0,0,0,0,0,0,0,0,0,0,0,0,0,0,0,0,0,0,0,0,0,16,-27,22,-23,21,-23,26,-19,31,-22,37,-17,37,-12,45,-8,42,-5,44,-7,46,-1,49,-2,51,10,50,12,52,12,50,18,52,26,50,29,52,26,50,30,50,27,52,38,49,39,53,38,47,39,55,39,52,39,53,43,50,44,51,52,53,46,51,45,51,49,50,49,52,53,53,55,58,46,55,51,56,47,60,54,64,51,61,50,59,49,61,53,60,51,64,57,64,47,63,50,62,54,61,57,66,56,59,55,58,59,56,58,59,60,49,58,48,56,0,0]"
CSI_DATA,342,1a:00:00:00:00:00,-51,11,1,0,1,1,1,0,0,0,1,-96,0,11,2,4752196,0,44,0,384,0,"[0,0,0,0,0,0,0,0,0,0,0,0,2,6,1,5,1,4,1,3,0,2,0,2,0,1,0,0,-1,0,-1,-1,-1,-1,-1,-2,-1,-2,-2,-3,-2,-3,-2,-3,-3,-4,-3,-4,-3,-4,-4,-5,-4,-5,-4,-5,-4,-5,-5,-5,-5,-6,-6,-6,0,0,-6,-6,-6,-6,-6,-7,-7,-7,-6,-7,-7,-7,-7,-7,-6,-7,-7,-7,-7,-7,-7,-7,-6,-7,-6,-7,-6,-7,-6,-6,-6,-6,-6,-6,-6,-6,-6,-6,-6,-6,-6,-6,-6,-6,-6,-6,-6,-6,-5,-6,-5,-6,0,0,0,0,0,0,0,0,0,0,0,0,0,0,56,-14,55,-8,45,-5,41,-3,33,1,30,-1,27,-4,24,2,10,-1,13,-1,10,-3,4,1,0,1,-2,1,-3,-2,-6,-1,-12,4,-16,-1,-12,-3,-18,4,-22,7,-20,8,-17,5,-23,7,-30,7,-26,10,-31,9,-36,9,-29,8,-35,8,-37,14,-39,10,-38,12,-36,11,-44,14,-40,13,-39,9,-42,12,-42,13,-37,10,-40,15,-40,13,-38,14,-37,11,-40,14,-38,11,-38,11,-38,11,-36,12,-39,9,-36,18,-34,9,-36,14,-37,11,-38,13,-37,11,-34,6,0,0,0,0,0,0,0,0,0,0,0,0,0,0,0,0,0,0,0,0,0,0,25,-17,24,-16,28,-11,35,-9,33,-5,39,-1,39,3,41,5,42,12,44,12,42,14,45,25,39,25,42,23,38,28,37,36,41,41,39,40,39,41,33,46,30,49,37,48,33,56,31,53,33,53,31,58,32,59,29,64,30,62,29,64,33,60,29,62,26,63,30,63,32,63,32,67,31,68,31,64,36,64,36,65,35,68,37,68,31,71,37,68,35,69,43,64,38,67,43,73,37,70,39,72,35,70,38,76,31,74,29,70,33,71,22,70,25,72,0,0]"
CSI_DATA,343,1a:00:00:00:00:00,-51,11,1,0,1,1,1,0,0,0,1,-96,0,11,2,4762166,0,44,0,384,0,"[0,0,0,0,0,0,0,0,0,0,0,0,-7,1,-6,1,-5,0,-4,0,-4,0,-3,0,-2,0,-1,0,-1,-1,0,-1,1,-1,1,-1,1,-1,2,-2,2,-2,3,-2,3,-2,3,-2,4,-3,4,-3,4,-3,4,-4,5,-4,5,-4,5,-5,6,-5,0,0,6,-5,6,-6,6,-6,6,-6,6,-6,7,-6,7,-6,7,-6,7,-6,7,-6,7,-6,6,-6,6,-6,6,-6,6,-6,6,-6,6,-6,6,-6,5,-6,5,-6,5,-6,5,-6,6,-5,6,-5,6,-5,6,-5,0,0,0,0,0,0,0,0,0,0,0,0,0,0,-4,48,-7,47,-5,40,-10,38,-3,36,-4,30,-6,20,-11,19,0,14,-1,9,-1,5,-4,3,1,3,2,-7,3,-4,4,-10,6,-11,3,-15,-3,-15,1,-20,-1,-19,1,-22,-1,-24,1,-23,-2,-27,-5,-30,-1,-30,-5,-37,-4,-34,-6,-33,-7,-34,-9,-40,-3,-38,-7,-43,-6,-39,-6,-43,-7,-44,-3,-43,-3,-43,-4,-45,-9,-45,-8,-44,-7,-44,-11,-41,-2,-41,-5,-41,-7,-41,-7,-39,-5,-40,-9,-40,-7,-38,-4,-37,-7,-35,-11,-34,-5,-33,-6,-38,0,-35,0,0,0,0,0,0,0,0,0,0,0,0,0,0,0,0,0,0,0,0,0,0,6,25,2,27,1,31,-7,38,-3,33,-11,36,-14,38,-14,33,-24,36,-27,39,-31,36,-32,34,-37,34,-38,29,-44,29,-45,27,-52,28,-49,24,-60,23,-58,23,-55,20,-65,20,-58,18,-57,15,-61,15,-63,18,-68,11,-65,14,-68,12,-71,15,-65,12,-69,7,-72,7,-73,11,-74,13,-71,11,-72,11,-70,8,-73,15,-78,16,-71,14,-79,11,-82,12,-82,14,-72,17,-82,21,-78,17,-79,18,-81,19,-76,18,-81,15,-81,16,-82,13,-74,12,-82,13,-80,10,-72,6,0,0]"
CSI_DATA,344,1a:00:00:00:00:00,-51,11,1,0,1,1,1,0,0,0,1,-96,0,11,2,4782206,0,44,0,384,0,"[0,0,0,0,0,0,0,0,0,0,0,0,-7,-1,-6,-1,-5,-1,-4,-1,-4,-1,-2,-1,-2,-1,-1,-1,-1,-1,0,-1,1,-1,1,-1,2,-1,2,-1,2,-1,3,-1,3,-1,4,-1,4,-2,5,-2,5,-2,5,-2,6,-2,6,-3,6,-3,6,-3,0,0,7,-3,7,-4,7,-3,8,-4,7,-4,8,-4,8,-4,7,-4,8,-4,8,-4,8,-4,7,-3,7,-4,7,-3,7,-3,7,-4,7,-4,6,-4,6,-4,6,-4,6,-4,6,-4,6,-4,7,-3,7,-3,7,-3,0,0,0,0,0,0,0,0,0,0,0,0,0,0,-12,58,-13,45,-12,43,-15,36,-10,31,-14,24,-14,20,-10,19,-4,17,-2,7,1,6,-4,3,-1,0,-2,1,2,-9,4,-8,-3,-10,5,-13,6,-18,2,-17,1,-21,1,-16,3,-26,6,-31,1,-27,4,-32,1,-31,-2,-33,1,-40,1,-40,-2,-36,1,-41,-1,-40,1,-38,1,-42,2,-48,-1,-45,-1,-44,0,-44,3,-46,3,-46,-1,-46,1,-42,-1,-42,2,-43,-2,-39,-5,-47,-2,-37,1,-42,0,-39,-4,-38,-5,-39,0,-37,0,-39,0,-39,0,-41,3,-39,0,0,0,0,0,0,0,0,0,0,0,0,0,0,0,0,0,0,0,0,0,0,4,28,3,29,-3,33,-7,34,-11,34,-18,32,-18,32,-24,35,-27,33,-31,33,-38,32,-42,34,-43,31,-46,32,-49,24,-52,19,-55,25,-52,23,-61,17,-60,12,-58,12,-61,15,-62,2,-65,13,-63,8,-66,9,-67,4,-70,4,-70,6,-74,7,-72,2,-78,1,-72,4,-73,1,-71,1,-74,5,-72,5,-70,5,-74,7,-78,7,-73,9,-75,7,-84,5,-77,2,-85,8,-73,5,-82,5,-80,11,-81,11,-81,10,-84,7,-79,9,-85,5,-77,1,-81,-1,-79,-6,-75,-6,0,0]"
CSI_DATA,345,1a:00:00:00:00:00,-51,11,1,0,1,1,1,0,0,0,1,-96,0,11,2,4794536,0,44,0,384,0,"[0,0,0,0,0,0,0,0,0,0,0,0,-2,6,-2,6,-1,4,-1,2,-2,2,-1,1,-1,1,-1,0,0,0,0,-2,0,-3,-1,-2,0,-3,0,-3,-1,-4,-2,-4,0,-5,0,-5,-1,-6,-1,-6,-1,-6,-1,-7,-2,-7,-1,-7,-2,-8,-2,-8,0,0,-3,-9,-2,-9,-2,-10,-3,-9,-3,-9,-3,-10,-3,-9,-2,-9,-3,-10,-2,-9,-3,-10,-1,-8,-3,-9,-2,-9,-2,-9,-2,-10,-3,-9,-2,-8,-2,-9,-2,-8,-2,-9,-1,-8,-2,-8,-2,-9,-1,-8,-1,-8,0,0,0,0,0,0,0,0,0,0,0,0,0,0,49,22,41,21,41,17,30,16,30,19,18,18,20,13,12,13,11,8,11,4,1,1,0,1,-1,-1,-5,2,-5,-2,-10,-2,-11,-5,-11,-5,-16,-8,-18,-7,-23,-8,-23,-7,-25,-12,-24,-8,-29,-8,-28,-11,-30,-8,-33,-10,-33,-8,-35,-12,-41,-9,-40,-8,-35,-12,-42,-10,-42,-7,-41,-10,-46,-9,-41,-5,-48,-11,-50,-8,-43,-9,-42,-10,-47,-13,-40,-10,-40,-8,-38,-7,-44,-9,-38,-6,-36,-8,-39,-1,-42,-4,-37,-4,-36,-11,-37,-6,-34,-11,-36,-9,-34,-8,0,0,0,0,0,0,0,0,0,0,0,0,0,0,0,0,0,0,0,0,0,0,30,4,32,3,29,9,33,14,29,17,33,21,27,23,26,26,29,34,21,35,23,36,23,40,20,46,12,51,15,53,6,54,7,57,3,55,6,56,-2,56,0,56,0,62,-7,58,-7,64,-8,67,-9,66,-8,67,-10,71,-10,69,-15,70,-14,65,-13,68,-16,71,-13,70,-14,74,-14,73,-11,69,-10,69,-15,74,-11,73,-6,78,-10,70,-7,76,-7,74,-7,77,-2,68,-5,73,-5,77,-3,79,-11,78,-10,78,-12,83,-15,80,-11,74,-20,73,-23,74,-19,70,0,0]"
CSI_DATA,346,1a:00:00:00:00:00,-51,11,1,0,1,1,1,0,0,0,1,-96,0,11,2,4802165,0,44,0,384,0,"[0,0,0,0,0,0,0,0,0,0,0,0,3,5,2,4,2,4,1,3,1,2,0,1,0,1,0,0,-1,0,-1,-1,-1,-1,-2,-2,-2,-2,-3,-2,-3,-3,-3,-3,-4,-3,-4,-3,-5,-3,-5,-4,-5,-4,-6,-4,-6,-4,-6,-4,-7,-4,-7,-4,0,0,-8,-4,-8,-4,-8,-5,-8,-5,-9,-5,-9,-5,-9,-5,-9,-5,-9,-5,-9,-5,-9,-5,-9,-5,-8,-5,-8,-4,-8,-4,-9,-4,-8,-4,-8,-4,-8,-4,-8,-3,-8,-3,-8,-3,-8,-3,-8,-4,-8,-4,-7,-4,0,0,0,0,0,0,0,0,0,0,0,0,0,0,56,-14,48,-13,45,-10,30,-11,36,-7,29,-1,23,-2,17,-3,16,-2,12,-2,3,-3,1,2,-5,3,-8,0,-9,3,-6,1,-8,6,-9,6,-13,9,-19,10,-16,8,-19,10,-24,13,-22,15,-27,13,-27,15,-28,19,-27,15,-29,21,-33,22,-35,23,-36,23,-32,29,-33,26,-37,23,-33,21,-34,27,-34,32,-38,29,-35,31,-35,28,-38,26,-36,29,-36,23,-31,24,-32,27,-30,26,-29,25,-30,27,-31,30,-29,27,-27,21,-26,27,-31,26,-28,22,-30,20,-33,20,0,0,0,0,0,0,0,0,0,0,0,0,0,0,0,0,0,0,0,0,0,0,27,-13,28,-9,32,-7,32,-6,33,-3,34,2,37,6,35,14,41,14,40,18,41,21,40,25,40,29,36,35,39,37,39,39,38,41,33,45,37,46,30,45,34,47,31,52,28,57,34,55,28,56,26,60,26,61,25,61,30,65,32,58,26,65,26,66,34,63,27,66,29,64,35,68,31,60,31,61,35,65,37,68,40,67,35,63,39,67,41,64,41,66,43,69,41,68,47,66,42,68,48,66,40,69,42,69,39,69,38,71,32,67,33,74,23,69,0,0]"
CSI_DATA,347,1a:00:00:00:00:00,-51,11,1,0,1,1,1,0,0,0,1,-96,0,11,2,4812452,0,44,0,384,0,"[0,0,0,0,0,0,0,0,0,0,0,0,4,-5,4,-4,3,-4,2,-3,2,-2,1,-2,1,-1,0,-1,0,0,-1,0,-1,1,-1,1,-2,2,-2,2,-2,2,-2,3,-2,3,-2,4,-2,4,-2,5,-3,5,-2,5,-3,6,-3,6,-3,7,-3,7,0,0,-3,8,-3,8,-3,8,-3,8,-3,8,-3,9,-3,9,-3,9,-3,9,-3,9,-3,8,-3,8,-3,8,-2,8,-2,8,-2,8,-2,8,-2,8,-2,8,-2,8,-2,8,-2,8,-2,8,-2,7,-2,7,-3,7,0,0,0,0,0,0,0,0,0,0,0,0,0,0,-21,-47,-20,-49,-16,-47,-13,-35,-11,-33,-5,-28,-4,-21,-5,-18,-2,-9,-4,-5,-2,-6,4,-8,-4,1,-1,3,4,3,8,9,8,13,8,12,8,14,11,17,13,13,12,15,20,20,15,18,21,23,22,23,24,21,24,27,23,30,25,28,31,27,24,30,34,33,30,26,32,28,28,26,37,33,37,28,34,31,32,34,40,33,34,34,32,28,28,30,27,25,32,30,32,25,30,25,31,26,31,31,31,25,27,27,29,23,30,22,27,29,25,27,23,26,0,0,0,0,0,0,0,0,0,0,0,0,0,0,0,0,0,0,0,0,0,0,-20,-24,-19,-26,-14,-31,-13,-28,-11,-36,-6,-33,-6,-41,1,-41,-3,-41,9,-45,16,-48,17,-44,21,-50,20,-44,30,-48,27,-47,35,-47,34,-44,39,-46,40,-47,45,-43,46,-39,49,-45,49,-44,51,-41,50,-42,50,-38,55,-42,60,-46,51,-43,59,-47,51,-42,56,-44,56,-42,54,-42,53,-44,63,-51,56,-44,55,-50,57,-50,54,-50,58,-48,56,-50,57,-51,50,-53,61,-60,56,-55,57,-57,55,-59,56,-60,65,-51,57,-55,60,-47,65,-56,68,-53,60,-43,56,-45,0,0]"
CSI_DATA,348,1a:00:00:00:00:00,-51,11,1,0,1,1,1,0,0,0,1,-96,0,11,2,4822269,0,44,0,384,0,"[0,0,0,0,0,0,0,0,0,0,0,0,-7,0,-6,0,-5,0,-4,-1,-3,-1,-2,-1,-2,-1,-1,-1,0,-1,0,-1,1,-1,1,-1,2,-1,2,-1,2,-2,3,-2,3,-2,3,-2,4,-3,4,-3,4,-3,5,-3,5,-4,5,-4,5,-4,6,-4,0,0,6,-5,6,-5,6,-5,7,-5,6,-5,7,-5,7,-5,7,-5,7,-5,7,-5,7,-5,6,-5,6,-5,6,-5,6,-5,6,-5,6,-5,6,-5,6,-5,5,-5,6,-5,5,-5,5,-5,6,-5,6,-5,6,-4,0,0,0,0,0,0,0,0,0,0,0,0,0,0,-15,53,-17,51,-14,41,-9,34,-16,34,-11,21,-11,22,-10,14,-7,12,-12,10,-3,2,-3,2,-3,0,0,-6,-2,-8,4,-13,-4,-14,1,-12,-1,-15,-1,-20,2,-27,4,-25,0,-28,1,-26,-1,-29,0,-31,-1,-31,2,-31,-5,-35,-5,-38,-1,-40,-2,-47,-6,-41,-7,-44,-4,-42,-3,-44,-1,-44,1,-49,-4,-48,-5,-46,-3,-44,-5,-46,-6,-44,-7,-41,-4,-42,-9,-45,-8,-44,-13,-41,-2,-37,-6,-43,-9,-40,-10,-40,-6,-39,-5,-36,-2,-38,-4,-41,1,-37,0,0,0,0,0,0,0,0,0,0,0,0,0,0,0,0,0,0,0,0,0,0,2,30,-1,30,-7,35,-8,35,-13,35,-18,33,-18,31,-24,33,-27,27,-33,28,-34,27,-38,26,-42,25,-48,22,-48,23,-54,20,-55,16,-59,15,-56,11,-54,12,-64,14,-63,4,-65,9,-63,0,-64,3,-68,5,-66,3,-67,1,-68,3,-69,-1,-73,-1,-72,1,-72,-1,-70,1,-73,0,-78,-1,-72,2,-75,0,-78,6,-77,8,-75,2,-75,1,-72,6,-80,7,-77,6,-79,2,-79,7,-79,9,-85,11,-84,7,-83,6,-78,8,-73,4,-79,6,-82,0,-75,-5,-75,1,0,0]"
CSI_DATA,349,1a:00:00:00:00:00,-51,11,1,0,1,1,1,0,0,0,1,-96,0,11,2,4832150,0,44,0,384,0,"[0,0,0,0,0,0,0,0,0,0,0,0,-6,4,-5,3,-5,2,-4,2,-3,1,-2,0,-2,0,-1,0,-1,-1,0,-1,0,-2,0,-2,1,-3,1,-3,1,-4,1,-4,2,-4,2,-5,2,-5,2,-6,2,-6,2,-6,2,-7,2,-7,2,-8,3,-8,0,0,3,-8,3,-9,3,-9,3,-9,3,-9,3,-9,3,-9,3,-9,3,-9,3,-9,3,-9,3,-9,3,-9,3,-9,3,-9,3,-9,2,-8,2,-9,2,-9,2,-8,2,-9,2,-8,2,-8,3,-8,3,-8,3,-8,0,0,0,0,0,0,0,0,0,0,0,0,0,0,20,50,14,44,17,45,7,35,9,32,4,27,5,22,3,13,4,18,-6,11,-2,3,-1,6,-2,0,-7,-3,-4,-7,-6,-8,-7,-12,-4,-10,-13,-15,-12,-17,-15,-22,-18,-22,-19,-17,-17,-24,-18,-23,-23,-23,-25,-21,-28,-25,-29,-24,-29,-31,-30,-32,-36,-26,-33,-29,-32,-33,-36,-32,-39,-30,-37,-31,-39,-34,-37,-28,-29,-28,-40,-27,-36,-28,-33,-27,-34,-23,-36,-25,-38,-23,-38,-26,-35,-26,-33,-22,-35,-23,-36,-23,-34,-16,-33,-24,-30,-21,-32,-26,-32,-24,-31,-27,0,0,0,0,0,0,0,0,0,0,0,0,0,0,0,0,0,0,0,0,0,0,17,25,13,26,13,33,7,32,3,33,4,37,-2,40,-4,37,-11,35,-15,42,-15,41,-19,43,-26,47,-30,44,-34,47,-38,39,-40,46,-43,45,-46,42,-48,38,-49,42,-51,38,-48,38,-54,39,-52,36,-52,40,-55,37,-55,40,-55,36,-57,40,-57,36,-59,37,-60,38,-64,38,-62,40,-62,43,-57,44,-57,48,-59,46,-59,43,-58,49,-60,49,-56,49,-59,46,-59,53,-65,50,-60,55,-59,56,-63,55,-60,56,-60,55,-63,49,-63,52,-60,47,-64,44,-63,42,-60,36,0,0]"
CSI_DATA,350,1a:00:00:00:00:00,-51,11,1,0,1,1,1,0,0,0,1,-96,0,11,2,4844213,0,44,0,384,0,"[0,0,0,0,0,0,0,0,0,0,0,0,6,-2,5,-1,4,-1,3,-1,2,0,1,0,1,0,0,0,-1,0,-1,0,-1,0,-2,0,-2,1,-3,1,-3,1,-3,1,-4,2,-4,2,-4,2,-4,3,-5,3,-5,3,-5,3,-5,4,-5,4,-6,4,0,0,-6,5,-6,5,-6,5,-6,5,-6,5,-7,5,-6,6,-6,6,-7,5,-6,6,-6,6,-6,5,-6,5,-6,5,-6,5,-6,5,-5,5,-5,5,-5,5,-5,5,-5,5,-5,5,-5,5,-5,5,-6,5,-6,4,0,0,0,0,0,0,0,0,0,0,0,0,0,0,0,-59,5,-50,4,-47,4,-36,3,-37,2,-30,7,-22,5,-21,6,-14,3,-9,6,-9,0,-4,-1,3,2,7,4,6,-2,9,4,16,2,11,5,17,4,18,5,19,5,22,11,26,13,26,11,28,11,28,15,30,11,33,17,36,13,33,13,38,16,41,16,40,15,43,18,34,18,42,19,39,19,41,20,42,23,43,17,41,17,42,16,37,16,43,16,37,21,34,17,38,18,35,20,30,19,32,20,35,21,35,21,33,16,33,17,33,18,36,14,37,0,0,0,0,0,0,0,0,0,0,0,0,0,0,0,0,0,0,0,0,0,0,-11,-23,-1,-33,1,-33,2,-38,10,-32,12,-40,14,-39,23,-39,21,-41,29,-36,31,-38,38,-37,35,-31,41,-35,50,-31,47,-32,51,-27,53,-26,54,-23,55,-21,53,-22,60,-20,62,-13,64,-17,62,-17,65,-14,64,-16,66,-17,66,-15,71,-11,65,-13,68,-12,73,-17,67,-18,71,-10,73,-20,76,-21,73,-21,74,-13,71,-22,74,-22,73,-29,76,-24,72,-26,74,-24,67,-25,69,-29,74,-28,71,-27,76,-28,73,-22,73,-21,79,-17,81,-24,77,-15,76,-11,78,-11,0,0]"
CSI_DATA,351,1a:00:00:00:00:00,-51,11,1,0,1,1,1,0,0,0,1,-96,0,11,2,4853029,0,44,0,384,0,"[0,0,0,0,0,0,0,0,0,0,0,0,3,5,2,4,2,4,1,3,1,2,0,2,0,1,-1,0,-1,0,-1,-1,-2,-1,-2,-1,-2,-2,-3,-2,-3,-2,-4,-2,-4,-3,-4,-3,-5,-3,-5,-3,-5,-3,-6,-3,-6,-3,-7,-3,-7,-3,-7,-4,0,0,-8,-4,-8,-4,-8,-4,-9,-4,-9,-4,-9,-4,-9,-4,-9,-4,-9,-4,-9,-4,-9,-4,-8,-4,-8,-4,-8,-4,-8,-4,-8,-3,-8,-3,-8,-3,-8,-3,-8,-3,-8,-3,-8,-3,-8,-3,-8,-3,-8,-3,-7,-4,0,0,0,0,0,0,0,0,0,0,0,0,0,0,54,-18,43,-16,41,-16,36,-10,29,-10,26,-5,22,-2,16,-7,13,-1,12,-2,8,2,2,2,1,5,-4,3,-8,3,-13,6,-11,11,-9,6,-12,10,-16,12,-17,14,-22,14,-12,14,-16,22,-26,19,-20,21,-25,20,-27,23,-21,28,-29,27,-31,26,-31,29,-27,33,-26,31,-28,28,-31,28,-30,32,-31,30,-31,32,-30,34,-29,33,-27,33,-29,34,-25,30,-27,30,-25,28,-28,33,-25,33,-21,31,-23,31,-25,32,-22,33,-29,28,-22,24,-20,30,-25,27,-26,27,0,0,0,0,0,0,0,0,0,0,0,0,0,0,0,0,0,0,0,0,0,0,22,-16,28,-12,28,-9,33,-4,32,-4,35,-2,40,1,42,7,41,10,40,12,39,19,41,21,44,25,42,25,40,34,41,35,40,38,39,41,38,43,35,45,33,41,32,46,31,55,35,48,32,52,36,51,37,50,42,59,34,53,28,57,33,56,33,60,34,59,34,57,37,58,32,61,37,57,39,65,38,59,41,56,43,67,43,62,44,64,47,56,43,59,49,57,47,54,55,57,54,60,51,57,48,59,49,59,50,64,45,60,41,62,35,63,34,64,0,0]"
CSI_DATA,352,1a:00:00:00:00:00,-51,11,1,0,1,1,1,0,0,0,1,-96,0,11,2,4872156,0,44,0,384,0,"[0,0,0,0,0,0,0,0,0,0,0,0,5,4,4,3,3,3,2,2,2,2,1,1,0,1,0,0,-1,0,-1,0,-2,0,-2,-1,-3,-1,-3,-1,-4,-1,-4,-1,-5,-1,-5,-1,-6,-1,-6,-1,-6,-1,-7,-1,-7,-1,-8,-1,-8,-1,-9,-1,0,0,-9,-1,-9,-1,-10,-1,-10,-1,-10,-1,-10,-1,-10,-1,-10,-1,-10,-1,-10,-1,-10,-1,-10,-1,-10,-1,-10,-1,-10,-1,-10,-1,-9,0,-9,0,-9,0,-9,-1,-9,0,-9,0,-9,-1,-9,-1,-9,-1,-9,-2,0,0,0,0,0,0,0,0,0,0,0,0,0,0,45,-31,46,-27,43,-19,36,-18,29,-18,27,-13,22,-11,21,-6,14,-7,5,-1,7,1,1,2,3,-1,-2,5,-3,6,-7,6,-7,7,-8,10,-11,12,-11,16,-13,19,-15,22,-11,22,-16,24,-17,26,-13,28,-18,28,-24,36,-17,34,-24,37,-6,29,-20,32,-19,38,-24,41,-25,39,-25,40,-18,39,-18,44,-23,44,-22,42,-22,42,-23,43,-22,39,-20,43,-18,39,-18,39,-16,41,-18,39,-13,33,-11,37,-15,34,-15,37,-12,42,-19,38,-18,31,-16,34,-17,32,0,0,0,0,0,0,0,0,0,0,0,0,0,0,0,0,0,0,0,0,0,0,22,-23,26,-18,27,-18,35,-17,38,-11,39,-6,41,-2,43,4,42,6,48,7,46,10,51,9,51,15,48,21,50,23,51,25,52,31,46,34,45,32,44,39,45,40,50,46,46,42,50,45,47,45,48,45,45,46,42,50,44,49,41,52,49,49,47,52,46,49,46,55,47,59,55,50,52,51,50,51,55,51,50,55,56,53,55,49,51,44,60,51,58,48,57,55,58,47,64,50,65,48,68,45,61,45,63,48,65,53,54,50,54,58,55,53,50,62,0,0]"
CSI_DATA,353,1a:00:00:00:00:00,-51,11,1,0,1,1,1,0,0,0,1,-96,0,11,2,4882186,0,44,0,384,0,"[0,0,0,0,0,0,0,0,0,0,0,0,-4,-7,-3,-6,-3,-5,-2,-4,-1,-3,-1,-3,-1,-2,0,-1,0,-1,0,0,1,0,1,0,2,1,2,1,2,1,3,2,3,2,4,2,4,2,4,2,5,2,5,2,6,2,6,2,6,3,7,3,0,0,7,3,8,3,8,3,8,3,8,3,8,3,8,3,8,3,8,3,9,3,8,3,8,3,8,3,8,3,8,3,8,2,8,2,7,2,8,2,7,2,7,2,7,2,7,2,7,2,7,3,7,3,0,0,0,0,0,0,0,0,0,0,0,0,0,0,-47,14,-52,9,-46,15,-43,6,-36,7,-28,1,-22,0,-20,-2,-16,2,-11,-4,-8,-2,-3,-3,0,-2,0,-7,7,-6,4,-7,6,-5,14,-6,13,-12,18,-11,19,-15,21,-17,20,-20,22,-21,21,-19,25,-23,28,-27,27,-22,28,-24,30,-32,26,-26,29,-32,26,-33,28,-32,29,-31,33,-30,32,-32,34,-37,34,-35,34,-36,35,-34,33,-34,30,-33,30,-31,30,-30,29,-33,29,-33,28,-36,27,-30,23,-31,21,-32,21,-31,24,-34,26,-33,25,-31,25,-30,28,-28,0,0,0,0,0,0,0,0,0,0,0,0,0,0,0,0,0,0,0,0,0,0,-34,8,-35,2,-36,1,-38,-1,-34,-6,-40,-12,-40,-16,-39,-18,-39,-21,-39,-21,-39,-31,-40,-33,-43,-35,-38,-41,-36,-47,-36,-44,-29,-49,-30,-55,-28,-54,-30,-54,-30,-58,-30,-53,-27,-61,-22,-62,-21,-61,-26,-66,-26,-67,-26,-62,-26,-68,-26,-64,-28,-60,-24,-64,-19,-69,-31,-71,-27,-66,-27,-66,-29,-72,-31,-61,-30,-63,-37,-71,-37,-68,-38,-67,-37,-66,-43,-65,-37,-68,-30,-66,-39,-71,-48,-61,-47,-68,-43,-70,-46,-75,-46,-78,-48,-73,-39,-75,-36,-64,-30,-67,-25,-62,0,0]"
CSI_DATA,354,1a:00:00:00:00:00,-50,11,1,0,1,1,1,0,0,0,1,-96,0,11,2,4893140,0,44,0,384,0,"[0,0,0,0,0,0,0,0,0,0,0,0,-4,5,-4,4,-3,3,-3,2,-2,2,-2,1,-2,0,-1,0,-1,-1,-1,-1,-1,-2,-1,-2,-1,-3,0,-3,0,-4,0,-4,-1,-5,0,-5,-1,-6,0,-6,-1,-6,-1,-7,-1,-7,-1,-8,-1,-8,-1,-8,0,0,-2,-9,-1,-9,-1,-9,-2,-9,-2,-10,-2,-10,-1,-10,-2,-10,-2,-10,-2,-10,-2,-10,-2,-9,-2,-9,-2,-9,-2,-9,-2,-9,-2,-9,-2,-9,-2,-9,-2,-8,-2,-9,-2,-9,-2,-8,-2,-8,-2,-8,-1,-8,0,0,0,0,0,0,0,0,0,0,0,0,0,0,38,41,28,38,23,31,21,31,14,26,14,22,13,23,6,12,5,12,-1,11,3,0,-2,5,-3,1,-5,0,-6,-5,-10,-6,-14,-3,-13,-6,-15,-11,-17,-8,-22,-13,-21,-16,-26,-11,-21,-11,-25,-16,-28,-14,-29,-13,-38,-18,-35,-13,-40,-17,-33,-14,-45,-15,-41,-13,-39,-16,-46,-17,-42,-17,-43,-12,-47,-14,-44,-15,-45,-16,-46,-12,-45,-20,-40,-18,-39,-11,-40,-18,-44,-16,-40,-13,-45,-11,-43,-13,-41,-8,-38,-10,-40,-11,-39,-7,-38,-12,-38,-13,-35,-14,-35,-15,0,0,0,0,0,0,0,0,0,0,0,0,0,0,0,0,0,0,0,0,0,0,21,23,23,24,18,31,12,34,13,35,8,37,4,36,4,42,-1,47,-1,44,-10,50,-5,46,-17,48,-18,52,-21,52,-29,50,-29,49,-27,50,-33,51,-35,53,-32,51,-45,48,-43,48,-43,45,-44,49,-46,53,-47,50,-48,52,-49,51,-47,51,-46,45,-49,50,-53,57,-48,57,-46,52,-45,60,-46,56,-48,55,-43,56,-51,59,-45,63,-41,58,-44,59,-39,68,-42,62,-50,64,-41,67,-38,71,-40,70,-44,66,-47,64,-47,68,-48,73,-48,60,-50,65,-49,62,-46,55,0,0]"
CSI_DATA,355,1a:00:00:00:00:00,-50,11,1,0,1,1,1,0,0,0,1,-96,0,11,2,4912411,0,44,0,384,0,"[0,0,0,0,0,0,0,0,0,0,0,0,6,-2,5,-2,4,-1,3,-1,2,-1,2,-1,1,0,0,0,0,0,-1,0,-1,1,-2,1,-2,1,-2,2,-3,2,-3,2,-3,3,-3,3,-4,4,-4,4,-4,4,-4,5,-4,5,-4,6,-4,6,-5,6,0,0,-5,7,-5,7,-5,8,-5,8,-5,8,-5,8,-5,8,-5,8,-5,8,-5,8,-5,8,-5,8,-5,8,-5,7,-5,8,-4,8,-4,8,-4,7,-4,7,-4,7,-4,7,-4,7,-4,7,-4,7,-4,7,-5,7,0,0,0,0,0,0,0,0,0,0,0,0,0,0,-1,-56,7,-50,-1,-43,1,-38,6,-35,3,-30,2,-24,5,-21,5,-17,3,-14,2,-12,1,-1,5,1,1,2,4,7,3,6,5,11,7,10,10,10,8,20,13,21,9,21,11,21,15,27,14,27,16,27,19,29,22,31,14,33,18,33,24,29,27,34,24,34,23,40,25,34,26,41,25,42,25,39,26,39,25,40,29,39,28,38,22,41,27,34,26,36,25,33,29,35,26,34,28,33,28,32,23,28,27,34,23,29,23,34,25,28,21,31,24,26,0,0,0,0,0,0,0,0,0,0,0,0,0,0,0,0,0,0,0,0,0,0,-2,-33,0,-35,1,-36,10,-35,14,-38,13,-35,17,-34,21,-33,28,-36,30,-33,37,-33,40,-32,43,-31,45,-30,45,-23,47,-21,55,-22,57,-23,53,-20,63,-16,65,-17,59,-13,62,-15,63,-13,66,-13,64,-16,64,-10,65,-14,67,-10,71,-8,69,-11,69,-10,70,-10,67,-10,71,-13,70,-11,72,-12,70,-21,72,-21,68,-21,64,-23,73,-19,71,-18,70,-28,70,-21,77,-18,75,-27,75,-28,78,-26,78,-26,76,-26,77,-21,78,-24,74,-15,74,-18,77,-12,65,-13,0,0]"
CSI_DATA,356,1a:00:00:00:00:00,-50,11,1,0,1,1,1,0,0,0,1,-96,0,11,2,4922701,0,44,0,384,0,"[0,0,0,0,0,0,0,0,0,0,0,0,-3,-6,-3,-5,-2,-5,-2,-4,-1,-3,-1,-3,-1,-2,0,-1,0,-1,0,-1,1,0,1,0,2,0,2,1,2,1,3,1,3,1,4,1,4,1,5,2,5,2,5,2,6,2,6,2,7,2,7,2,0,0,8,2,8,2,8,2,9,2,8,2,9,2,9,2,9,2,9,2,9,2,9,2,9,2,8,2,8,2,9,2,8,1,9,1,8,1,8,1,8,1,8,1,8,1,8,1,8,1,8,2,7,2,0,0,0,0,0,0,0,0,0,0,0,0,0,0,-52,21,-42,18,-44,18,-39,8,-31,10,-27,4,-21,6,-24,4,-16,1,-7,1,-11,-7,0,-5,1,0,2,-8,-1,-4,4,-9,9,-6,10,-14,15,-12,14,-13,13,-19,17,-18,10,-23,13,-20,10,-29,16,-26,15,-28,16,-30,21,-32,19,-35,21,-38,24,-35,18,-38,21,-40,24,-40,27,-37,23,-40,22,-42,23,-35,22,-38,24,-38,17,-39,22,-40,20,-40,18,-34,14,-36,22,-36,15,-41,20,-37,17,-36,18,-35,20,-33,19,-38,18,-37,18,-36,21,-35,19,-32,0,0,0,0,0,0,0,0,0,0,0,0,0,0,0,0,0,0,0,0,0,0,-27,15,-32,14,-29,11,-36,7,-39,4,-39,-2,-43,-2,-40,-10,-45,-14,-40,-13,-43,-24,-43,-26,-46,-24,-49,-31,-42,-39,-40,-36,-41,-40,-37,-44,-40,-47,-35,-51,-33,-48,-39,-48,-36,-51,-38,-51,-34,-58,-37,-60,-33,-55,-35,-57,-40,-58,-39,-56,-34,-57,-34,-58,-42,-60,-36,-56,-36,-57,-41,-55,-37,-60,-45,-59,-42,-58,-43,-64,-48,-61,-45,-53,-45,-59,-52,-53,-52,-56,-46,-62,-50,-55,-52,-56,-54,-56,-52,-61,-50,-61,-54,-60,-52,-61,-49,-58,-47,-60,-46,-60,-40,-57,0,0]"
CSI_DATA,357,1a:00:00:00:00:00,-50,11,1,0,1,1,1,0,0,0,1,-96,0,11,2,4932233,0,44,0,384,0,"[0,0,0,0,0,0,0,0,0,0,0,0,6,0,5,0,4,0,3,0,2,0,2,0,1,0,0,0,0,0,-1,0,-1,0,-2,1,-2,1,-3,1,-3,1,-4,2,-4,2,-4,2,-4,3,-5,3,-5,3,-5,4,-6,4,-6,4,-6,5,-6,5,0,0,-7,6,-7,6,-7,6,-7,6,-7,6,-7,6,-7,6,-7,6,-8,7,-8,7,-7,6,-7,6,-7,6,-7,6,-7,6,-7,6,-6,6,-6,6,-6,6,-6,6,-6,6,-6,6,-6,6,-6,6,-7,5,-7,5,0,0,0,0,0,0,0,0,0,0,0,0,0,0,23,-52,18,-47,23,-35,20,-34,17,-31,14,-24,16,-20,13,-16,8,-15,8,-6,2,-1,4,-2,3,-2,8,3,-1,7,4,12,2,13,0,9,2,23,4,18,0,20,2,25,3,27,2,28,5,28,6,31,7,32,7,35,8,37,11,37,7,39,5,44,6,44,6,46,8,44,6,48,6,45,6,50,4,52,10,51,6,45,7,48,5,46,6,46,8,46,12,42,7,41,9,44,11,45,13,40,11,41,9,40,9,42,8,42,7,42,6,36,6,43,0,0,0,0,0,0,0,0,0,0,0,0,0,0,0,0,0,0,0,0,0,0,5,-30,14,-32,18,-30,18,-36,23,-31,24,-31,28,-25,29,-25,40,-19,40,-23,45,-21,48,-19,51,-13,55,-12,54,-9,55,-4,58,-1,59,-3,55,-1,58,4,63,5,62,6,61,9,65,14,61,13,66,10,66,12,71,11,65,16,65,13,67,10,67,14,64,15,70,20,70,16,73,13,66,12,66,12,71,13,75,12,75,8,70,6,77,6,76,10,73,8,69,0,71,7,77,3,82,8,76,4,76,5,84,2,77,12,68,15,71,10,75,14,65,15,0,0]"
CSI_DATA,358,1a:00:00:00:00:00,-50,11,1,0,1,1,1,0,0,0,1,-96,0,11,2,4962672,0,44,0,384,0,"[0,0,0,0,0,0,0,0,0,0,0,0,0,6,0,5,0,4,-1,3,-1,2,-1,2,-1,1,-1,0,-1,0,-1,-1,-2,-1,-2,-1,-2,-2,-2,-2,-3,-3,-3,-3,-4,-3,-4,-3,-4,-4,-4,-4,-5,-4,-5,-4,-6,-4,-6,-4,-6,-5,-7,-5,0,0,-7,-5,-7,-5,-8,-5,-8,-5,-8,-5,-8,-5,-8,-5,-8,-5,-9,-6,-9,-5,-9,-5,-8,-5,-8,-5,-8,-5,-8,-5,-8,-5,-8,-4,-8,-4,-8,-4,-8,-4,-8,-4,-8,-4,-8,-4,-8,-4,-8,-5,-7,-5,0,0,0,0,0,0,0,0,0,0,0,0,0,0,50,18,44,16,36,17,34,12,28,14,25,12,19,9,15,13,16,11,3,8,2,3,4,3,-4,2,0,1,-8,3,-9,0,-14,3,-13,2,-15,2,-18,3,-19,4,-24,10,-25,7,-23,7,-25,6,-28,6,-33,6,-33,11,-38,12,-36,12,-37,10,-41,16,-43,13,-36,16,-42,24,-40,12,-42,20,-40,19,-44,18,-42,20,-42,17,-40,15,-37,18,-40,15,-40,16,-40,17,-42,16,-41,18,-41,20,-37,18,-38,20,-39,15,-37,22,-37,17,-36,19,-40,12,-36,15,0,0,0,0,0,0,0,0,0,0,0,0,0,0,0,0,0,0,0,0,0,0,28,12,25,14,27,18,26,23,26,26,27,32,25,31,20,38,17,41,17,40,12,43,12,49,8,51,4,52,-2,58,-2,53,-5,57,-3,55,-6,59,-12,57,-10,60,-16,58,-11,56,-19,59,-15,61,-18,63,-23,61,-18,57,-19,64,-18,68,-19,63,-19,66,-20,64,-16,64,-17,70,-17,68,-10,65,-16,68,-17,66,-14,73,-8,73,-8,67,-8,73,-12,80,-5,72,-8,68,-6,74,-3,74,-5,79,-4,76,-3,78,-6,78,-10,76,-9,69,-12,75,-14,72,-11,68,0,0]"
CSI_DATA,359,1a:00:00:00:00:00,-50,11,1,0,1,1,1,0,0,0,1,-96,0,11,2,4972146,0,44,0,384,0,"[0,0,0,0,0,0,0,0,0,0,0,0,-4,5,-3,5,-3,4,-3,3,-2,2,-2,1,-2,1,-1,0,-1,-1,-1,-1,-1,-2,-1,-2,-1,-3,-1,-3,-1,-4,-2,-4,-2,-4,-2,-5,-2,-5,-2,-6,-2,-6,-3,-6,-3,-7,-3,-7,-3,-7,-4,-8,0,0,-4,-8,-4,-9,-5,-9,-5,-9,-5,-9,-5,-9,-5,-9,-5,-9,-5,-9,-6,-9,-5,-9,-5,-9,-5,-9,-5,-9,-5,-9,-5,-9,-6,-9,-6,-8,-6,-8,-6,-8,-6,-8,-6,-8,-5,-8,-5,-8,-5,-8,-4,-8,0,0,0,0,0,0,0,0,0,0,0,0,0,0,43,28,37,30,38,29,29,24,21,20,17,14,15,12,9,14,8,9,4,6,3,7,-6,2,-1,1,-6,1,-7,0,-9,0,-13,-4,-12,-1,-17,-4,-21,-1,-23,4,-24,-1,-26,-3,-27,3,-29,5,-35,5,-31,1,-31,4,-36,-3,-40,4,-41,11,-41,7,-40,5,-42,8,-44,10,-43,6,-44,7,-45,7,-45,6,-46,10,-44,7,-46,9,-47,10,-44,12,-40,7,-43,8,-45,13,-38,12,-43,12,-38,10,-41,14,-43,14,-39,15,-41,13,-40,7,-34,8,-40,0,0,0,0,0,0,0,0,0,0,0,0,0,0,0,0,0,0,0,0,0,0,0,22,21,21,25,18,30,16,29,11,33,10,37,8,40,4,41,1,44,0,47,-5,48,-10,46,-9,51,-13,52,-18,53,-19,48,-26,48,-30,51,-28,52,-32,55,-35,54,-33,55,-35,51,-42,54,-36,56,-35,55,-38,49,-35,54,-39,55,-43,59,-37,56,-38,56,-41,57,-37,54,-38,58,-37,53,-33,62,-32,63,-34,61,-34,64,-34,65,-28,68,-33,65,-28,69,-29,70,-35,71,-29,66,-28,74,-25,75,-25,71,-28,76,-28,72,-28,69,-32,69,-31,68,-33,67,-25,63,0,0]"
CSI_DATA,360,1a:00:00:00:00:00,-50,11,1,0,1,1,1,0,0,0,1,-96,0,11,2,4992157,0,44,0,384,0,"[0,0,0,0,0,0,0,0,0,0,0,0,0,6,-1,5,0,4,-1,3,-1,2,-1,2,-1,1,-1,0,-1,0,-1,-1,-2,-1,-2,-2,-2,-2,-2,-2,-3,-3,-3,-3,-3,-3,-4,-4,-4,-4,-5,-4,-5,-4,-5,-5,-6,-5,-6,-5,-6,-5,-7,-5,0,0,-7,-5,-8,-6,-8,-6,-8,-6,-8,-6,-9,-6,-9,-5,-9,-6,-9,-6,-9,-6,-9,-6,-8,-6,-9,-6,-9,-5,-9,-6,-9,-5,-9,-5,-9,-5,-8,-5,-9,-5,-9,-5,-9,-5,-8,-5,-8,-5,-8,-6,-7,-6,0,0,0,0,0,0,0,0,0,0,0,0,0,0,46,18,47,19,42,15,32,16,33,14,26,14,17,8,12,6,11,8,6,5,7,4,4,3,1,4,-7,1,-10,4,-10,4,-11,3,-17,4,-13,1,-18,7,-19,4,-23,10,-23,6,-27,4,-28,4,-30,9,-32,10,-31,14,-30,11,-34,17,-42,17,-37,18,-35,18,-38,16,-42,26,-39,15,-40,14,-41,19,-45,21,-44,23,-44,19,-46,23,-43,20,-42,24,-41,22,-36,21,-39,21,-35,25,-40,20,-37,20,-38,22,-39,21,-39,25,-33,15,-38,19,-39,17,-41,18,0,0,0,0,0,0,0,0,0,0,0,0,0,0,0,0,0,0,0,0,0,0,31,8,30,12,32,17,29,24,26,27,25,30,20,30,25,39,21,43,18,42,17,44,16,51,13,53,8,55,1,52,-2,60,-1,55,-1,61,-2,57,-11,57,-9,60,-14,62,-11,62,-13,64,-15,66,-12,62,-19,66,-18,67,-17,70,-19,62,-14,64,-16,67,-17,68,-17,70,-15,70,-9,76,-13,71,-8,72,-5,66,-8,75,-10,76,-8,77,-1,75,-3,74,-5,74,4,74,-3,76,0,78,1,81,0,81,-3,79,-1,82,-8,80,-3,73,-7,80,-7,70,-12,71,0,0]"
CSI_DATA,361,1a:00:00:00:00:00,-50,11,1,0,1,1,1,0,0,0,1,-96,0,11,2,5002330,0,44,0,384,0,"[0,0,0,0,0,0,0,0,0,0,0,0,-6,1,-6,1,-5,1,-4,0,-3,0,-3,0,-2,-1,-1,-1,-1,-1,-1,-1,0,-2,0,-2,0,-2,1,-3,1,-3,1,-4,1,-4,1,-4,1,-5,2,-5,2,-5,2,-6,2,-6,2,-7,2,-7,2,-7,0,0,2,-8,2,-9,2,-9,2,-9,2,-9,2,-9,2,-10,2,-10,2,-10,2,-10,2,-10,2,-10,2,-10,2,-10,2,-9,1,-9,1,-9,1,-9,1,-9,1,-9,1,-9,1,-9,1,-9,1,-9,2,-9,2,-8,0,0,0,0,0,0,0,0,0,0,0,0,0,0,-3,51,-10,48,-9,45,-4,41,-8,28,-4,26,-3,26,-4,19,-5,6,-6,11,1,7,-1,1,-7,-1,0,-3,-8,-3,-7,-7,-8,-18,-10,-13,-12,-13,-9,-14,-13,-19,-12,-20,-14,-23,-14,-24,-16,-24,-16,-30,-20,-25,-19,-30,-19,-29,-25,-31,-26,-31,-30,-32,-33,-36,-25,-33,-32,-36,-34,-34,-38,-39,-32,-32,-31,-41,-36,-34,-35,-33,-34,-36,-30,-32,-35,-36,-32,-39,-31,-32,-32,-31,-35,-30,-29,-28,-31,-29,-32,-29,-31,-33,-32,-31,-29,-32,-29,-29,-27,-32,-23,-34,0,0,0,0,0,0,0,0,0,0,0,0,0,0,0,0,0,0,0,0,0,0,0,28,-9,29,-14,36,-16,35,-18,30,-23,31,-27,32,-31,29,-37,30,-39,29,-42,30,-47,28,-52,24,-49,18,-52,13,-56,18,-60,11,-57,12,-63,3,-61,4,-63,2,-66,2,-65,3,-64,0,-70,-1,-66,-1,-69,3,-68,-2,-68,4,-71,1,-71,-4,-72,-2,-72,-5,-67,0,-71,-3,-72,1,-71,5,-72,14,-72,7,-73,12,-77,10,-73,14,-79,15,-73,21,-70,16,-79,11,-79,10,-75,17,-80,19,-78,28,-79,22,-75,20,-77,16,-76,10,-74,12,-77,8,-63,0,0,0]"
CSI_DATA,362,1a:00:00:00:00:00,-50,11,1,0,1,1,1,0,0,0,1,-96,0,11,2,5012205,0,44,0,384,0,"[0,0,0,0,0,0,0,0,0,0,0,0,-3,6,-2,5,-2,4,-2,3,-2,2,-2,1,-2,1,-1,0,-1,-1,-1,-1,-1,-1,-2,-2,-2,-2,-2,-3,-2,-3,-2,-4,-2,-4,-3,-4,-3,-5,-3,-5,-3,-5,-4,-6,-4,-6,-4,-6,-5,-6,-5,-7,0,0,-6,-7,-6,-7,-6,-7,-6,-8,-6,-8,-7,-8,-7,-8,-7,-8,-7,-8,-7,-8,-7,-8,-7,-8,-7,-7,-7,-7,-7,-7,-7,-7,-7,-7,-7,-7,-7,-7,-7,-7,-7,-7,-7,-7,-7,-7,-7,-7,-6,-7,-6,-7,0,0,0,0,0,0,0,0,0,0,0,0,0,0,41,30,43,33,31,23,27,24,30,20,21,22,18,16,12,13,6,14,4,8,2,3,2,2,-4,1,-5,-1,-6,1,-8,5,-13,-2,-14,-1,-19,0,-17,2,-21,-1,-22,2,-23,4,-22,3,-30,3,-31,6,-30,3,-35,8,-38,10,-40,9,-40,12,-39,15,-41,6,-44,11,-47,16,-47,18,-40,16,-46,13,-46,17,-46,19,-45,18,-44,15,-43,13,-42,19,-42,20,-42,14,-46,18,-39,19,-40,21,-41,20,-40,23,-37,21,-39,20,-37,16,-37,16,-39,14,-35,10,0,0,0,0,0,0,0,0,0,0,0,0,0,0,0,0,0,0,0,0,0,0,21,23,16,30,12,31,11,36,3,39,6,44,5,44,0,43,-3,50,-5,45,-13,46,-18,50,-17,52,-28,53,-26,52,-29,47,-34,46,-36,50,-35,50,-40,48,-41,44,-39,51,-41,49,-43,52,-44,49,-48,50,-49,54,-50,56,-46,52,-45,52,-45,53,-44,56,-44,56,-44,56,-42,58,-45,64,-40,58,-40,54,-37,56,-40,66,-36,65,-31,63,-38,66,-36,67,-33,69,-33,76,-29,73,-31,69,-28,73,-28,71,-35,76,-28,76,-30,69,-29,63,-33,67,-33,62,-36,58,0,0]"
CSI_DATA,363,1a:00:00:00:00:00,-50,11,1,0,1,1,1,0,0,0,1,-96,0,11,2,5033939,0,44,0,384,0,"[0,0,0,0,0,0,0,0,0,0,0,0,3,-6,3,-5,2,-4,2,-3,1,-2,1,-2,1,-1,0,-1,0,0,0,0,0,0,0,1,0,2,0,2,0,2,0,3,0,3,0,4,0,4,0,4,0,5,0,5,1,5,1,6,1,6,2,7,0,0,2,7,2,7,2,8,2,8,2,8,2,8,2,8,2,8,2,9,2,8,3,8,3,8,2,8,3,8,2,8,3,8,3,8,3,8,3,8,2,8,3,8,2,8,2,7,2,8,2,8,1,8,0,0,0,0,0,0,0,0,0,0,0,0,0,0,-29,-43,-22,-40,-19,-40,-19,-28,-16,-30,-12,-25,-12,-23,-6,-16,-3,-17,2,-13,0,-10,3,-4,0,-9,5,-1,6,4,6,1,10,4,9,1,13,6,13,6,20,6,19,5,18,8,19,11,24,10,28,9,28,7,32,8,34,9,37,10,32,7,39,8,42,7,40,9,42,8,44,11,46,3,45,5,44,7,47,6,45,6,44,11,39,11,45,9,42,10,43,5,41,0,46,4,42,2,42,-2,44,-1,43,4,41,4,40,2,38,4,41,5,42,9,0,0,0,0,0,0,0,0,0,0,0,0,0,0,0,0,0,0,0,0,0,0,-15,-29,-9,-32,-7,-33,-2,-37,1,-39,1,-42,2,-42,11,-40,14,-43,15,-45,22,-43,28,-47,32,-44,34,-42,31,-44,38,-39,43,-40,42,-43,43,-39,47,-38,44,-36,53,-36,49,-38,50,-35,50,-30,54,-36,57,-38,56,-37,56,-37,55,-40,56,-39,55,-34,56,-39,54,-43,54,-39,53,-45,50,-48,54,-43,52,-44,54,-44,54,-49,52,-44,51,-55,50,-52,51,-55,49,-49,47,-56,50,-62,53,-61,50,-57,49,-58,51,-55,55,-59,50,-54,51,-50,51,-51,49,-48,0,0]"
CSI_DATA,364,1a:00:00:00:00:00,-50,11,1,0,1,1,1,0,0,0,1,-96,0,11,2,5042679,0,44,0,384,0,"[0,0,0,0,0,0,0,0,0,0,0,0,-2,-6,-2,-6,-1,-5,-1,-4,-1,-3,0,-3,0,-2,0,-1,0,-1,0,-1,1,0,1,0,1,0,2,1,2,1,2,1,3,1,3,1,3,2,4,2,4,2,4,2,5,2,5,2,6,2,6,2,0,0,7,2,7,2,7,2,8,2,8,2,8,2,8,2,8,2,8,2,8,2,8,2,8,2,8,2,8,2,8,2,8,2,8,1,8,2,8,1,8,1,8,1,7,1,8,1,8,2,8,2,7,3,0,0,0,0,0,0,0,0,0,0,0,0,0,0,-49,-5,-47,-6,-47,-2,-38,-6,-30,-2,-23,-5,-17,-9,-17,-5,-14,-5,-5,-4,-10,-9,-6,-4,-2,-3,-1,-5,4,-6,8,-9,6,-3,9,-10,6,-8,11,-12,21,-18,19,-14,18,-17,21,-14,22,-13,20,-19,27,-20,30,-27,27,-25,31,-26,28,-25,28,-27,28,-33,25,-30,26,-35,29,-31,28,-33,27,-36,32,-35,30,-35,32,-35,29,-35,29,-38,32,-35,30,-36,30,-35,26,-41,25,-38,29,-34,25,-36,23,-34,22,-36,26,-35,25,-31,23,-38,29,-29,25,-26,0,0,0,0,0,0,0,0,0,0,0,0,0,0,0,0,0,0,0,0,0,0,-31,-6,-30,-15,-30,-15,-31,-21,-33,-28,-28,-29,-29,-32,-28,-37,-26,-39,-20,-41,-23,-48,-20,-52,-15,-50,-17,-56,-14,-58,-5,-59,-5,-63,-6,-62,-6,-61,-1,-65,4,-60,3,-64,4,-66,4,-63,7,-67,4,-68,4,-65,7,-67,7,-66,2,-65,3,-70,1,-72,7,-72,4,-75,2,-72,-1,-71,-1,-68,-4,-71,-1,-71,-12,-74,-8,-70,-8,-77,-12,-74,-10,-80,-7,-74,-18,-67,-14,-75,-18,-71,-21,-77,-20,-78,-16,-76,-17,-78,-12,-81,-13,-73,-10,-74,-8,-73,-5,-71,0,0]"
CSI_DATA,365,1a:00:00:00:00:00,-50,11,1,0,1,1,1,0,0,0,1,-96,0,11,2,5052972,0,44,0,384,0,"[0,0,0,0,0,0,0,0,0,0,0,0,-6,2,-5,1,-4,1,-4,0,-3,0,-3,0,-2,0,-1,-1,-1,-1,-1,-1,0,-2,0,-2,0,-2,0,-3,0,-3,1,-3,1,-4,1,-4,1,-5,1,-5,1,-5,1,-6,1,-6,1,-7,1,-7,1,-7,0,0,1,-8,1,-9,1,-9,1,-9,1,-9,1,-9,1,-9,1,-9,1,-9,1,-10,1,-10,1,-9,1,-9,0,-9,0,-9,0,-9,0,-9,0,-9,0,-9,0,-9,0,-9,0,-9,0,-9,0,-9,1,-9,1,-8,0,0,0,0,0,0,0,0,0,0,0,0,0,0,-3,51,1,42,-6,40,-1,38,-4,29,-10,23,-4,19,-5,21,-4,14,-7,8,-3,6,-7,4,-3,2,0,-5,-11,-6,-8,-4,-3,-11,-8,-11,-9,-14,-12,-16,-7,-16,-14,-17,-17,-18,-20,-17,-19,-20,-20,-23,-18,-26,-23,-29,-25,-25,-23,-26,-30,-32,-25,-29,-29,-26,-33,-26,-32,-28,-32,-31,-32,-32,-36,-34,-35,-31,-38,-26,-33,-29,-36,-32,-32,-34,-33,-31,-35,-31,-36,-28,-32,-27,-35,-25,-37,-26,-33,-29,-32,-24,-34,-22,-37,-26,-32,-22,-31,-27,-32,-26,-28,-31,0,0,0,0,0,0,0,0,0,0,0,0,0,0,0,0,0,0,0,0,0,0,-6,29,-12,32,-14,32,-20,34,-21,33,-24,30,-28,27,-28,29,-35,31,-41,25,-44,24,-49,22,-50,23,-53,21,-59,17,-54,17,-60,15,-56,7,-63,8,-62,9,-59,4,-61,6,-58,1,-58,0,-66,-2,-64,0,-63,0,-70,6,-68,0,-70,2,-68,2,-70,1,-71,3,-67,-1,-68,0,-72,5,-72,4,-70,9,-73,5,-73,17,-73,6,-68,14,-72,16,-72,18,-71,19,-66,14,-72,14,-70,20,-70,17,-68,21,-74,23,-78,20,-76,17,-72,15,-75,16,-74,10,-64,10,0,0]"
CSI_DATA,366,1a:00:00:00:00:00,-50,11,1,0,1,1,1,0,0,0,1,-96,0,11,2,5072178,0,44,0,384,0,"[0,0,0,0,0,0,0,0,0,0,0,0,-1,-7,-1,-6,-1,-5,-1,-4,0,-3,0,-3,0,-2,0,-1,0,-1,0,0,1,0,1,0,1,1,2,1,2,1,2,2,3,2,3,2,3,2,4,2,4,3,5,3,5,3,5,3,6,3,6,3,0,0,7,3,7,3,8,3,8,3,8,3,8,3,8,3,8,3,9,3,9,4,9,4,8,3,8,3,8,3,9,3,8,3,8,3,8,3,8,2,8,3,8,3,8,3,8,3,8,3,8,4,7,4,0,0,0,0,0,0,0,0,0,0,0,0,0,0,-54,0,-51,-8,-41,-1,-37,-2,-30,-5,-23,-5,-26,-5,-18,-7,-13,-6,-11,-7,-7,-6,-4,-8,-5,-10,-2,-2,3,-4,7,-6,3,-6,10,-2,14,-8,13,-11,18,-11,16,-19,21,-14,22,-21,19,-17,22,-17,21,-24,24,-26,23,-26,28,-27,26,-29,27,-34,26,-32,29,-29,31,-38,28,-32,27,-35,25,-36,27,-35,28,-37,27,-37,26,-38,24,-34,28,-36,25,-35,27,-37,26,-37,26,-38,20,-37,20,-38,20,-40,23,-33,21,-36,23,-36,25,-32,22,-30,30,-30,0,0,0,0,0,0,0,0,0,0,0,0,0,0,0,0,0,0,0,0,0,0,-30,-10,-31,-14,-29,-19,-27,-23,-29,-27,-25,-29,-26,-31,-21,-36,-22,-41,-20,-46,-20,-47,-17,-49,-15,-57,-10,-55,-12,-51,-7,-59,-7,-61,-2,-59,-5,-63,2,-65,1,-65,4,-63,3,-64,5,-63,7,-62,5,-69,11,-63,8,-66,4,-68,3,-67,5,-72,8,-65,1,-72,5,-72,-2,-69,3,-71,0,-70,1,-69,-7,-71,-7,-74,-7,-72,-12,-74,-11,-71,-13,-76,-10,-71,-20,-78,-19,-70,-16,-72,-21,-78,-16,-77,-13,-70,-20,-75,-12,-72,-14,-72,-11,-76,-8,-68,-4,-68,0,0]"
CSI_DATA,367,1a:00:00:00:00:00,-50,11,1,0,1,1,1,0,0,0,1,-96,0,11,2,5082230,0,44,0,384,0,"[0,0,0,0,0,0,0,0,0,0,0,0,-5,3,-5,2,-4,2,-4,1,-3,1,-3,0,-2,0,-2,0,-1,-1,-1,-1,-1,-2,-1,-2,0,-3,0,-3,0,-3,0,-4,0,-4,0,-4,0,-5,0,-5,0,-6,0,-6,-1,-6,-1,-7,-1,-8,-1,-8,0,0,-1,-8,-1,-9,-1,-9,-1,-9,-1,-9,-2,-9,-1,-10,-2,-10,-2,-10,-2,-10,-2,-10,-2,-10,-2,-10,-2,-10,-2,-9,-2,-9,-2,-9,-2,-9,-3,-9,-2,-9,-2,-9,-2,-9,-2,-9,-2,-9,-2,-9,-1,-9,0,0,0,0,0,0,0,0,0,0,0,0,0,0,15,50,10,41,7,39,10,39,6,31,3,30,0,22,5,19,0,11,-3,11,-5,11,-1,1,-5,0,-4,0,-6,-7,-6,0,-13,-8,-10,-8,-13,-10,-16,-13,-17,-12,-19,-12,-20,-14,-23,-18,-24,-16,-25,-15,-30,-18,-30,-16,-29,-15,-33,-22,-34,-18,-38,-19,-36,-19,-39,-17,-36,-20,-41,-18,-39,-14,-43,-18,-42,-20,-49,-17,-44,-17,-46,-19,-42,-23,-40,-16,-47,-16,-39,-10,-40,-10,-39,-11,-42,-12,-39,-13,-39,-12,-38,-6,-40,-13,-37,-13,-38,-16,-38,-14,-39,-18,0,0,0,0,0,0,0,0,0,0,0,0,0,0,0,0,0,0,0,0,0,0,-2,28,-3,35,-5,32,-10,34,-16,35,-20,38,-23,31,-22,34,-34,33,-33,32,-42,32,-42,30,-47,27,-48,26,-49,29,-53,21,-55,20,-55,21,-57,21,-61,21,-60,17,-60,17,-62,16,-62,13,-65,10,-69,11,-66,14,-69,14,-69,11,-66,11,-64,17,-71,17,-67,14,-68,21,-69,20,-69,20,-62,24,-65,20,-65,20,-67,25,-68,30,-67,26,-68,33,-67,32,-62,32,-73,40,-65,39,-67,42,-71,39,-63,37,-69,33,-67,38,-67,37,-66,32,-72,28,-72,31,-68,26,0,0]"
CSI_DATA,368,1a:00:00:00:00:00,-53,11,1,0,1,1,1,0,0,0,1,-96,0,11,2,5092177,0,44,0,384,0,"[0,0,0,0,0,0,0,0,0,0,0,0,-5,-4,-4,-3,-3,-2,-2,-3,-2,-3,-1,-1,-1,-1,0,-1,0,-1,1,-1,2,-1,2,-1,1,-1,1,-1,1,-1,2,0,3,0,4,-1,4,-1,3,-1,4,-2,4,-2,4,-2,4,-2,5,-2,5,-2,0,0,6,-4,6,-4,6,-4,6,-3,6,-4,7,-4,6,-4,6,-4,7,-4,6,-3,6,-3,6,-3,6,-3,7,-3,7,-2,8,-3,8,-3,7,-3,6,-2,6,-2,7,-3,7,-2,7,-2,7,-2,7,-2,6,-1,0,0,0,0,0,0,0,0,0,0,0,0,0,0,-29,40,-29,36,-28,33,-26,29,-24,23,-20,19,-18,15,-15,11,-12,6,-9,3,-7,0,-5,-1,-3,-3,0,-5,-1,-7,0,-10,-2,-14,-2,-16,-2,-18,-1,-18,-1,-19,0,-22,-1,-23,-1,-26,-3,-28,-3,-30,-3,-32,-4,-34,-6,-38,-6,-38,-8,-39,-8,-39,-9,-40,-11,-40,-12,-39,-13,-40,-14,-42,-13,-41,-13,-42,-12,-42,-12,-43,-13,-42,-13,-41,-13,-41,-13,-42,-13,-42,-13,-42,-15,-42,-15,-41,-17,-41,-16,-39,-16,-39,-15,-39,-14,-40,-11,-39,-10,-39,-8,-39,0,0,0,0,0,0,0,0,0,0,0,0,0,0,0,0,0,0,0,0,0,0,-27,18,-29,17,-33,15,-36,12,-40,10,-42,7,-44,4,-45,1,-48,-2,-50,-6,-50,-9,-51,-13,-51,-15,-52,-19,-52,-21,-52,-25,-52,-28,-52,-31,-51,-33,-52,-35,-51,-35,-52,-37,-50,-39,-51,-42,-52,-43,-52,-43,-53,-44,-53,-43,-53,-43,-53,-43,-53,-43,-54,-42,-56,-41,-56,-40,-58,-41,-57,-39,-57,-39,-59,-38,-60,-38,-61,-37,-63,-36,-66,-36,-67,-34,-66,-32,-66,-30,-67,-28,-68,-25,-69,-24,-69,-24,-72,-27,-71,-28,-69,-30,-69,-32,-68,-33,-66,-34,-65,-34,-63,-36,0,0]"
CSI_DATA,369,1a:00:00:00:00:00,-51,11,1,0,1,1,1,0,0,0,1,-96,0,11,2,5113594,0,44,0,384,0,"[0,0,0,0,0,0,0,0,0,0,0,0,-1,-7,-1,-6,-1,-5,0,-4,0,-3,0,-2,0,-2,0,-1,0,-1,0,0,1,0,1,0,1,1,1,1,2,1,2,1,2,2,2,2,3,2,3,2,4,3,4,3,4,3,4,3,5,3,5,3,0,0,6,3,6,3,6,3,7,3,7,3,7,3,7,3,7,3,8,3,8,3,8,3,7,3,7,3,7,3,7,3,8,3,7,3,7,2,7,2,7,3,7,3,7,2,7,2,7,3,7,3,7,3,0,0,0,0,0,0,0,0,0,0,0,0,0,0,-53,-5,-50,-1,-37,-3,-39,-9,-30,-3,-24,-5,-17,-8,-20,-2,-12,-4,-10,-3,-3,-3,-3,-6,3,-1,-1,0,3,-6,5,-4,10,-6,13,-4,10,-6,12,-8,15,-15,16,-16,17,-12,15,-12,20,-17,18,-17,26,-23,22,-23,23,-26,26,-28,31,-23,30,-26,30,-27,26,-28,34,-31,29,-27,26,-31,30,-36,27,-37,30,-36,33,-39,29,-34,33,-30,26,-33,26,-36,26,-32,30,-35,28,-34,26,-35,21,-34,24,-32,25,-32,25,-32,25,-29,26,-31,31,-26,27,-26,0,0,0,0,0,0,0,0,0,0,0,0,0,0,0,0,0,0,0,0,0,0,-36,-2,-38,-9,-38,-14,-33,-15,-35,-22,-27,-21,-34,-24,-33,-33,-31,-38,-26,-38,-30,-43,-26,-47,-27,-50,-25,-50,-22,-52,-14,-53,-15,-57,-14,-60,-13,-61,-7,-61,-5,-65,-4,-67,-8,-68,-3,-70,-2,-63,-6,-69,-3,-70,0,-70,2,-71,3,-65,2,-68,1,-67,-5,-73,-4,-67,-2,-72,-4,-73,-8,-73,-8,-70,-2,-70,-11,-69,-8,-76,-8,-74,-11,-69,-15,-75,-17,-68,-11,-71,-20,-73,-18,-72,-20,-76,-23,-75,-13,-69,-20,-78,-16,-77,-16,-72,-11,-73,-8,-72,-10,-67,0,0]"
CSI_DATA,370,1a:00:00:00:00:00,-50,11,1,0,1,1,1,0,0,0,1,-96,0,11,2,5125225,0,44,0,384,0,"[0,0,0,0,0,0,0,0,0,0,0,0,-6,4,-5,3,-5,2,-4,1,-3,1,-3,0,-2,0,-2,0,-1,-1,-1,-1,-1,-2,-1,-2,0,-3,0,-3,0,-4,0,-4,0,-4,0,-5,0,-5,0,-6,0,-6,0,-7,0,-7,-1,-7,-1,-8,-1,-8,0,0,-1,-9,-1,-9,-2,-9,-2,-10,-2,-9,-2,-10,-2,-10,-2,-10,-2,-10,-2,-10,-2,-10,-2,-10,-2,-10,-2,-10,-3,-10,-3,-10,-3,-10,-3,-9,-3,-9,-3,-9,-3,-10,-3,-9,-2,-9,-2,-9,-2,-9,-2,-9,0,0,0,0,0,0,0,0,0,0,0,0,0,0,24,46,16,47,12,33,7,38,12,33,8,25,6,17,1,20,2,13,1,7,-4,7,0,7,-6,4,-3,2,-2,-3,-8,-7,-10,-9,-9,-10,-12,-4,-16,-8,-15,-5,-22,-10,-21,-15,-24,-12,-26,-10,-30,-10,-30,-16,-30,-11,-33,-15,-35,-14,-35,-11,-38,-10,-41,-14,-39,-10,-40,-10,-40,-13,-41,-12,-44,-10,-46,-11,-45,-8,-45,-12,-45,-10,-47,-12,-43,-11,-40,-7,-47,-7,-42,-7,-43,-4,-42,-8,-39,-8,-41,-6,-43,-5,-41,-8,-39,-4,-42,-8,-39,-11,-42,-12,0,0,0,0,0,0,0,0,0,0,0,0,0,0,0,0,0,0,0,0,0,0,4,35,1,36,-7,38,-6,38,-12,35,-15,39,-17,34,-22,38,-26,40,-30,38,-34,35,-37,35,-39,34,-49,34,-51,30,-49,30,-59,33,-47,26,-54,27,-63,23,-57,24,-63,20,-61,21,-59,24,-62,21,-62,26,-66,21,-66,22,-67,18,-66,20,-65,17,-69,23,-62,22,-72,24,-68,27,-66,30,-62,25,-66,30,-62,33,-64,37,-68,35,-62,36,-67,38,-64,34,-60,40,-57,49,-60,43,-63,45,-67,42,-61,44,-67,44,-66,43,-61,43,-61,40,-64,39,-67,38,-64,34,0,0]"
CSI_DATA,371,1a:00:00:00:00:00,-51,11,1,0,1,1,1,0,0,0,1,-96,0,11,2,5134417,0,44,0,384,0,"[0,0,0,0,0,0,0,0,0,0,0,0,0,6,0,5,0,4,0,3,-1,3,-1,2,-1,1,-1,1,-1,0,-1,0,-2,-1,-2,-1,-2,-2,-3,-2,-3,-2,-3,-3,-4,-3,-4,-3,-4,-3,-5,-3,-5,-3,-5,-4,-6,-4,-6,-4,-7,-4,-7,-4,0,0,-8,-4,-8,-4,-8,-4,-8,-4,-8,-4,-9,-4,-9,-4,-9,-4,-10,-4,-9,-4,-9,-4,-9,-4,-9,-4,-9,-4,-9,-4,-9,-4,-9,-3,-9,-3,-9,-3,-9,-3,-9,-3,-9,-3,-9,-3,-9,-4,-9,-4,-8,-5,0,0,0,0,0,0,0,0,0,0,0,0,0,0,57,3,49,1,43,5,37,6,33,2,26,13,19,3,18,5,14,1,9,4,4,2,7,4,0,6,-4,3,3,1,-6,8,-7,4,-10,3,-11,10,-20,6,-11,14,-13,15,-23,16,-22,21,-24,10,-22,19,-27,23,-23,19,-27,22,-24,27,-26,30,-28,32,-27,31,-30,30,-31,35,-26,34,-25,39,-25,38,-33,38,-28,37,-30,33,-29,37,-30,35,-27,36,-27,33,-25,31,-28,35,-26,36,-22,34,-22,40,-24,33,-24,33,-29,35,-27,32,-29,31,-27,31,-29,29,0,0,0,0,0,0,0,0,0,0,0,0,0,0,0,0,0,0,0,0,0,0,31,9,32,11,31,14,28,18,34,26,28,32,26,35,27,36,20,39,25,44,18,47,16,59,15,54,12,54,12,55,5,61,5,65,4,64,6,61,-5,63,0,64,-4,71,-7,64,-4,71,-8,68,-5,70,-7,70,-6,74,-8,69,-9,74,-10,67,-7,74,-8,71,-10,69,-6,72,-3,72,-3,72,0,72,-1,74,5,71,3,73,5,73,8,76,4,77,9,75,14,82,18,76,20,72,14,81,16,77,11,75,16,78,11,76,13,76,10,78,5,73,8,69,0,0]"
CSI_DATA,372,1a:00:00:00:00:00,-51,11,1,0,1,1,1,0,0,0,1,-96,0,11,2,5155202,0,44,0,384,0,"[0,0,0,0,0,0,0,0,0,0,0,0,-6,-4,-5,-3,-4,-3,-3,-3,-3,-3,-2,-2,-1,-2,-1,-1,0,-1,0,-1,1,-1,1,-1,1,-1,2,-1,2,-1,3,-1,3,-1,3,-1,4,-2,4,-2,4,-2,5,-2,5,-2,5,-3,6,-3,6,-3,0,0,7,-4,7,-4,7,-4,7,-4,7,-4,7,-5,8,-5,8,-5,8,-5,8,-5,8,-5,8,-5,8,-5,7,-5,7,-5,7,-5,7,-5,7,-5,7,-5,7,-5,7,-5,7,-5,7,-5,7,-5,7,-4,7,-4,0,0,0,0,0,0,0,0,0,0,0,0,0,0,-43,37,-37,36,-30,29,-26,25,-26,17,-26,15,-22,15,-17,9,-10,5,-14,7,-2,5,-6,2,-9,-3,-4,-6,4,-13,-2,-10,-1,-14,0,-13,-1,-19,1,-15,3,-19,1,-23,-1,-21,3,-22,3,-30,-1,-29,-2,-31,1,-31,-5,-32,-1,-30,-2,-37,-2,-35,-2,-37,-8,-39,-9,-44,-1,-38,-4,-41,-6,-45,-6,-44,-5,-47,-7,-42,-7,-44,-3,-44,-9,-48,-9,-44,-11,-43,-2,-43,-6,-43,-9,-43,-14,-39,-8,-42,-10,-41,-7,-39,-11,-41,-5,-41,-5,-36,0,-39,0,0,0,0,0,0,0,0,0,0,0,0,0,0,0,0,0,0,0,0,0,0,-23,21,-27,22,-34,13,-38,15,-40,7,-39,3,-41,3,-42,-1,-53,-1,-51,0,-53,-14,-55,-14,-53,-14,-55,-21,-55,-27,-56,-29,-52,-27,-52,-35,-54,-35,-50,-41,-50,-40,-51,-44,-50,-44,-53,-45,-52,-44,-51,-49,-47,-47,-48,-50,-47,-46,-51,-50,-54,-48,-54,-48,-54,-48,-56,-54,-56,-45,-57,-46,-54,-41,-59,-39,-56,-39,-59,-40,-64,-46,-62,-41,-66,-39,-66,-39,-62,-43,-73,-29,-65,-38,-65,-37,-69,-36,-68,-38,-71,-35,-68,-34,-69,-44,-62,-38,-65,-38,-63,-43,-55,-38,0,0]"
CSI_DATA,373,1a:00:00:00:00:00,-51,11,1,0,1,1,1,0,0,0,1,-96,0,11,2,5162642,0,44,0,384,0,"[0,0,0,0,0,0,0,0,0,0,0,0,-5,-5,-4,-4,-3,-4,-3,-3,-2,-3,-2,-2,-1,-2,-1,-2,0,-1,0,-1,1,-1,1,-1,1,-1,2,0,2,0,3,0,3,0,3,0,4,-1,4,-1,4,-1,5,-1,5,-1,5,-1,6,-1,6,-1,0,0,7,-2,7,-2,7,-2,7,-2,7,-2,8,-2,7,-3,8,-3,8,-3,8,-3,8,-2,8,-3,8,-3,8,-3,7,-3,8,-3,7,-3,7,-3,7,-3,7,-3,7,-3,7,-3,7,-3,7,-3,7,-2,7,-2,0,0,0,0,0,0,0,0,0,0,0,0,0,0,-48,20,-48,18,-43,16,-30,11,-34,14,-28,7,-21,4,-16,5,-13,3,-11,0,-8,-2,-5,-3,-4,-10,-4,-3,-2,-3,2,-8,0,-8,6,-11,6,-14,5,-18,7,-16,6,-17,10,-20,10,-22,8,-22,7,-32,10,-27,10,-34,9,-26,9,-31,3,-36,6,-41,12,-33,9,-40,11,-45,4,-38,3,-41,10,-44,3,-46,5,-46,7,-45,9,-44,2,-45,5,-40,5,-42,6,-39,5,-39,4,-48,3,-41,1,-43,-1,-42,-2,-42,2,-40,3,-48,3,-41,6,-40,8,-44,0,0,0,0,0,0,0,0,0,0,0,0,0,0,0,0,0,0,0,0,0,0,-35,11,-32,7,-42,1,-37,-4,-41,-3,-42,-10,-41,-15,-39,-20,-45,-20,-43,-24,-44,-27,-44,-33,-46,-33,-39,-36,-41,-32,-35,-47,-37,-51,-41,-52,-35,-52,-37,-56,-35,-57,-33,-60,-39,-59,-32,-64,-35,-58,-33,-59,-31,-59,-30,-60,-29,-66,-30,-65,-31,-65,-31,-65,-26,-67,-39,-64,-35,-62,-36,-66,-36,-63,-41,-58,-42,-61,-43,-56,-43,-57,-44,-57,-46,-62,-51,-58,-49,-57,-48,-61,-50,-54,-54,-51,-55,-58,-56,-60,-59,-60,-54,-55,-46,-56,-49,-62,-48,-57,-48,-60,-39,-57,0,0]"
CSI_DATA,374,1a:00:00:00:00:00,-51,11,1,0,1,1,1,0,0,0,1,-96,0,11,2,5193297,0,44,0,384,0,"[0,0,0,0,0,0,0,0,0,0,0,0,2,-6,2,-5,1,-4,1,-4,1,-3,1,-2,1,-2,0,-1,0,-1,0,0,0,0,0,1,0,1,0,1,0,2,1,2,1,2,1,3,1,3,1,4,1,4,2,4,2,4,2,5,2,5,3,5,0,0,3,5,3,6,3,6,4,6,4,6,4,6,4,6,4,6,4,6,4,7,4,7,4,6,4,6,4,6,4,6,5,6,5,6,4,6,5,6,5,6,5,6,4,6,4,6,4,6,4,6,3,6,0,0,0,0,0,0,0,0,0,0,0,0,0,0,-47,-30,-40,-30,-34,-29,-34,-25,-25,-18,-22,-17,-20,-16,-16,-8,-9,-6,-9,-10,-2,-8,-3,-1,2,-5,6,0,2,-2,7,-3,8,2,6,-2,15,0,18,-4,17,-1,20,-1,19,-4,22,-4,21,0,22,1,27,-6,29,-7,32,-6,32,-6,32,-4,38,-6,37,-6,39,-4,39,-12,42,-11,42,-9,42,-13,40,-13,45,-14,47,-11,41,-13,38,-11,41,-10,40,-13,36,-11,39,-14,40,-17,40,-15,41,-16,35,-13,39,-11,40,-15,39,-12,35,-9,40,-9,38,-7,0,0,0,0,0,0,0,0,0,0,0,0,0,0,0,0,0,0,0,0,0,0,-30,-14,-30,-24,-25,-26,-25,-30,-22,-32,-21,-39,-17,-42,-15,-43,-9,-41,-11,-46,-8,-49,-2,-54,1,-56,0,-57,8,-61,13,-58,14,-63,14,-57,15,-63,23,-62,24,-62,28,-61,28,-59,29,-62,34,-60,28,-65,31,-62,33,-60,29,-62,39,-65,30,-60,27,-61,36,-64,32,-68,37,-60,30,-65,28,-67,31,-61,26,-66,22,-66,26,-72,23,-69,23,-76,23,-71,24,-71,16,-79,17,-74,20,-75,17,-75,14,-71,19,-72,18,-72,25,-75,19,-69,24,-72,32,-67,26,-63,0,0]"
CSI_DATA,375,1a:00:00:00:00:00,-51,11,1,0,1,1,1,0,0,0,1,-96,0,11,2,5202189,0,44,0,384,0,"[0,0,0,0,0,0,0,0,0,0,0,0,-3,5,-3,4,-3,3,-2,3,-2,2,-2,1,-2,1,-1,0,-1,0,-1,-1,-1,-1,-1,-2,-1,-2,-1,-3,-1,-3,-2,-3,-2,-4,-2,-4,-2,-4,-2,-5,-2,-5,-3,-5,-3,-5,-3,-6,-4,-6,-4,-6,0,0,-4,-6,-4,-7,-5,-7,-5,-7,-5,-7,-5,-7,-5,-7,-5,-7,-6,-7,-6,-7,-6,-7,-6,-7,-5,-7,-6,-7,-6,-7,-6,-7,-6,-7,-6,-7,-6,-7,-6,-6,-6,-6,-6,-6,-6,-7,-6,-7,-5,-7,-5,-7,0,0,0,0,0,0,0,0,0,0,0,0,0,0,34,40,28,31,28,32,25,30,19,24,15,23,13,19,7,12,10,14,1,12,0,8,-1,4,-5,5,-4,4,-3,1,-5,1,-10,-2,-8,2,-13,-8,-16,-2,-20,-3,-18,-2,-21,-1,-24,-6,-24,-3,-29,-1,-29,-4,-32,-3,-30,2,-33,2,-34,1,-38,4,-36,4,-41,3,-45,8,-43,2,-40,4,-45,7,-46,5,-41,6,-46,4,-47,4,-41,4,-41,4,-41,8,-39,7,-43,11,-46,14,-39,6,-39,12,-36,10,-41,14,-37,11,-37,5,-39,6,-40,4,-40,4,0,0,0,0,0,0,0,0,0,0,0,0,0,0,0,0,0,0,0,0,0,0,18,30,16,31,11,32,10,38,3,36,0,41,-2,39,-7,44,-8,46,-12,45,-12,45,-19,50,-24,49,-31,52,-37,49,-35,47,-41,44,-42,44,-39,44,-46,47,-44,42,-50,43,-54,43,-51,43,-51,40,-47,43,-51,44,-52,45,-50,41,-55,45,-53,46,-57,45,-52,44,-51,52,-50,47,-51,55,-48,48,-45,54,-48,51,-52,52,-49,57,-42,57,-44,55,-44,61,-42,60,-36,60,-39,62,-40,61,-39,64,-38,63,-38,61,-44,61,-44,64,-41,60,-44,57,-40,60,-44,54,0,0]"
CSI_DATA,376,1a:00:00:00:00:00,-51,11,1,0,1,1,1,0,0,0,1,-96,0,11,2,5222543,0,44,0,384,0,"[0,0,0,0,0,0,0,0,0,0,0,0,-1,-6,-1,-6,-1,-5,0,-4,0,-3,0,-3,0,-2,0,-1,0,-1,0,0,0,0,1,0,1,1,1,1,1,1,2,1,2,2,2,2,2,2,3,2,3,2,3,3,4,3,4,3,4,3,5,3,0,0,5,3,5,3,6,3,6,3,6,3,6,3,6,3,6,3,7,3,7,3,7,3,6,3,7,3,6,3,6,3,7,3,6,3,7,3,7,3,7,3,7,3,7,3,6,3,6,3,6,3,6,4,0,0,0,0,0,0,0,0,0,0,0,0,0,0,-53,-5,-44,-11,-43,-3,-42,-8,-37,-10,-25,-7,-23,-11,-19,-4,-18,-11,-9,-1,-7,-4,-4,-3,-1,2,2,-6,2,-7,7,-3,10,-6,11,-6,13,-6,16,-11,17,-10,15,-11,16,-11,26,-10,19,-9,23,-15,23,-17,19,-18,27,-17,26,-22,25,-25,26,-25,33,-25,35,-24,28,-26,30,-30,30,-31,26,-34,30,-31,27,-34,26,-35,34,-33,30,-29,28,-31,28,-30,25,-32,29,-35,24,-31,29,-33,26,-31,22,-34,24,-33,27,-31,28,-30,28,-27,29,-28,29,-26,0,0,0,0,0,0,0,0,0,0,0,0,0,0,0,0,0,0,0,0,0,0,-34,-3,-31,-13,-37,-14,-35,-19,-37,-23,-34,-26,-31,-33,-31,-34,-29,-42,-27,-41,-27,-46,-23,-54,-19,-55,-18,-55,-14,-56,-11,-59,-12,-67,-7,-65,-11,-65,-3,-67,-8,-66,-2,-69,1,-69,2,-68,6,-64,-2,-73,6,-68,6,-75,7,-73,2,-70,5,-72,3,-79,1,-73,3,-74,-1,-76,-3,-72,-8,-73,-1,-76,-4,-71,-3,-73,-7,-76,-6,-77,-10,-79,-9,-79,-11,-78,-18,-67,-22,-76,-20,-75,-19,-77,-19,-76,-19,-79,-13,-78,-11,-77,-12,-72,-9,-76,-8,-77,-7,-75,0,0]"
CSI_DATA,377,1a:00:00:00:00:00,-51,11,1,0,1,1,1,0,0,0,1,-96,0,11,2,5236745,0,44,0,384,0,"[0,0,0,0,0,0,0,0,0,0,0,0,5,-5,4,-4,3,-3,3,-3,2,-2,2,-2,1,-1,1,-1,0,0,0,0,0,0,0,1,-1,1,-1,2,-1,2,-1,2,-1,3,-1,3,-1,4,-1,4,-1,4,-1,5,-1,5,-1,5,-1,6,-1,6,0,0,0,7,0,7,0,7,0,7,0,8,0,8,0,8,0,8,0,8,0,8,0,8,0,8,0,8,0,8,1,8,1,8,1,8,1,8,1,8,1,8,1,8,1,8,1,8,0,8,0,8,-1,8,0,0,0,0,0,0,0,0,0,0,0,0,0,0,-15,-50,-13,-46,-10,-41,-9,-35,-9,-34,-5,-34,-3,-24,-9,-19,-3,-15,0,-14,-3,-9,1,-6,-1,-5,3,1,5,-2,6,-4,8,8,3,8,9,5,10,7,13,11,12,14,7,17,20,15,22,11,22,15,27,13,27,15,28,21,26,17,36,17,30,18,35,16,32,16,34,18,33,16,37,17,37,17,35,20,39,17,37,17,38,21,37,15,34,17,34,17,36,13,41,15,39,14,38,14,39,15,39,16,35,14,39,13,35,12,39,17,41,16,34,21,0,0,0,0,0,0,0,0,0,0,0,0,0,0,0,0,0,0,0,0,0,0,-9,-34,-7,-33,-4,-37,0,-38,2,-40,12,-40,10,-42,18,-45,19,-38,25,-40,29,-45,33,-46,39,-47,45,-44,42,-41,47,-38,49,-36,54,-37,53,-39,61,-27,56,-31,63,-27,61,-21,62,-27,65,-25,64,-31,67,-23,65,-26,66,-24,63,-28,67,-27,66,-27,70,-27,68,-27,62,-26,70,-29,67,-34,65,-40,62,-35,70,-38,63,-39,67,-40,66,-38,66,-42,65,-40,64,-49,63,-48,64,-46,65,-49,67,-46,62,-44,65,-44,65,-51,67,-40,65,-36,66,-36,64,-31,0,0]"
CSI_DATA,378,1a:00:00:00:00:00,-51,11,1,0,1,1,1,0,0,0,1,-96,0,11,2,5243338,0,44,0,384,0,"[0,0,0,0,0,0,0,0,0,0,0,0,4,4,3,3,2,3,2,2,1,2,1,1,0,1,0,1,-1,0,-1,0,-1,0,-2,0,-2,-1,-2,-1,-3,-1,-3,-1,-4,-1,-4,-1,-4,-1,-5,-1,-5,-1,-5,-1,-6,-1,-6,0,-6,0,-7,0,0,0,-7,0,-7,0,-8,0,-8,0,-8,0,-8,0,-8,1,-8,1,-8,1,-9,1,-9,1,-8,1,-8,1,-8,1,-8,1,-8,1,-8,1,-8,1,-8,1,-8,1,-8,1,-8,1,-8,1,-8,1,-8,1,-8,0,0,0,0,0,0,0,0,0,0,0,0,0,0,0,41,-22,47,-22,38,-21,36,-14,29,-13,24,-12,25,-9,19,-9,14,-4,9,-4,8,-1,7,3,-1,-5,1,5,-5,7,-3,5,-2,10,-4,9,-10,8,-11,13,-6,16,-11,15,-9,12,-6,17,-15,24,-10,21,-9,24,-13,30,-11,28,-14,29,-7,31,-14,36,-12,34,-9,37,-10,36,-11,36,-13,34,-13,40,-10,39,-9,37,-10,43,-11,37,-8,39,-11,40,-11,37,-9,37,-5,38,-9,36,-8,35,-6,39,-5,37,-9,40,-13,37,-13,36,-10,37,-14,38,-11,34,0,0,0,0,0,0,0,0,0,0,0,0,0,0,0,0,0,0,0,0,0,0,24,-16,32,-12,34,-7,37,-5,38,-3,41,3,39,6,39,6,45,13,47,11,48,14,46,22,51,27,45,28,45,32,43,41,40,39,42,45,45,43,40,46,40,48,40,53,37,53,39,50,38,50,40,50,35,57,39,56,37,54,38,58,35,58,39,56,38,60,41,59,41,57,41,59,42,55,46,57,44,55,46,57,48,57,50,54,52,50,56,53,53,48,48,55,51,54,53,52,59,53,59,55,60,53,61,51,56,57,51,58,49,54,49,54,46,57,0,0]"
CSI_DATA,379,1a:00:00:00:00:00,-51,11,1,0,1,1,1,0,0,0,1,-96,0,11,2,5260638,0,44,0,384,0,"[0,0,0,0,0,0,0,0,0,0,0,0,5,0,5,0,4,0,3,0,2,0,2,0,1,0,0,0,0,0,0,0,-1,0,-1,0,-2,0,-2,1,-2,1,-3,1,-3,1,-3,1,-3,2,-4,2,-4,2,-4,2,-4,2,-4,3,-5,3,-5,3,0,0,-5,4,-5,4,-5,5,-5,5,-6,5,-5,5,-5,5,-5,5,-6,5,-6,5,-6,5,-6,5,-6,5,-5,6,-5,5,-5,6,-5,5,-5,6,-5,6,-5,6,-5,6,-5,6,-5,5,-5,5,-6,5,-6,5,0,0,0,0,0,0,0,0,0,0,0,0,0,0,20,-52,25,-46,19,-41,17,-32,13,-33,15,-28,14,-20,7,-20,5,-12,5,-16,7,-7,1,-9,0,-5,1,2,3,3,1,4,4,5,2,7,4,12,2,15,3,17,5,17,6,21,3,17,7,19,6,23,7,21,12,28,8,24,9,32,11,33,16,32,17,28,18,31,19,33,18,38,17,34,21,35,21,40,21,33,16,35,20,36,19,34,24,32,18,30,18,35,22,31,25,30,22,29,27,31,25,30,22,30,21,33,22,33,24,29,18,30,15,34,0,0,0,0,0,0,0,0,0,0,0,0,0,0,0,0,0,0,0,0,0,0,14,-24,17,-23,23,-24,26,-23,35,-21,33,-17,36,-21,42,-13,42,-10,43,-9,47,-5,54,1,56,-2,55,5,55,5,57,5,56,11,54,14,61,13,62,21,64,20,59,26,59,27,60,27,55,28,62,25,63,31,65,29,59,29,61,26,65,33,67,29,65,32,63,25,64,30,65,21,68,22,71,23,63,22,73,16,67,19,71,14,73,17,77,14,70,16,76,7,71,12,76,8,80,8,82,12,78,7,77,18,78,15,76,14,66,18,67,17,73,18,0,0]"
CSI_DATA,380,1a:00:00:00:00:00,-51,11,1,0,1,1,1,0,0,0,1,-96,0,11,2,5262113,0,44,0,384,0,"[0,0,0,0,0,0,0,0,0,0,0,0,-7,-2,-6,-2,-5,-2,-4,-2,-3,-2,-3,-2,-2,-1,-1,-1,-1,-1,0,-1,0,-1,1,-1,1,-1,1,-1,2,-1,2,-1,2,-2,3,-2,3,-2,3,-2,4,-2,4,-3,4,-3,4,-3,5,-3,5,-4,0,0,5,-4,5,-4,5,-4,6,-5,6,-5,6,-5,6,-5,6,-5,6,-5,6,-5,6,-5,6,-5,6,-5,6,-5,6,-5,6,-5,6,-6,5,-5,6,-5,6,-5,6,-5,6,-5,6,-5,6,-5,6,-5,6,-4,0,0,0,0,0,0,0,0,0,0,0,0,0,0,-16,22,-14,21,-12,17,-13,15,-13,13,-11,11,-8,9,-8,7,-7,3,-3,5,-3,2,-2,2,-3,0,0,0,2,-3,-2,-2,0,-4,-1,-8,-2,-7,-1,-8,1,-11,2,-11,0,-10,-1,-11,-3,-14,-3,-14,-2,-15,0,-14,-3,-15,-3,-16,-3,-15,-4,-18,-3,-19,-5,-19,-6,-19,-6,-21,-7,-20,-5,-20,-5,-23,-5,-21,-5,-23,-3,-23,-5,-22,-6,-18,-3,-20,-7,-20,-7,-20,-7,-19,-7,-19,-6,-19,-7,-21,-7,-20,-4,-19,-7,-19,-3,-21,-6,-20,-2,-18,0,0,0,0,0,0,0,0,0,0,0,0,0,0,0,0,0,0,0,0,0,0,-10,14,-11,13,-14,16,-15,12,-15,13,-16,9,-20,8,-21,6,-24,7,-24,5,-28,4,-28,3,-30,0,-31,-2,-29,-3,-31,-5,-31,-6,-30,-8,-30,-9,-32,-10,-31,-12,-31,-13,-32,-12,-30,-14,-30,-16,-31,-14,-29,-15,-33,-17,-32,-17,-31,-14,-32,-16,-32,-15,-31,-17,-34,-17,-34,-16,-34,-15,-35,-15,-33,-17,-32,-11,-35,-15,-35,-14,-37,-11,-36,-9,-40,-13,-36,-12,-37,-8,-36,-9,-38,-12,-39,-8,-42,-10,-38,-10,-39,-9,-40,-13,-37,-13,-34,-13,-37,-11,-33,-12,0,0]"
CSI_DATA,381,1a:00:00:00:00:00,-51,11,1,0,1,1,1,0,0,0,1,-96,0,11,2,5272595,0,44,0,384,0,"[0,0,0,0,0,0,0,0,0,0,0,0,5,4,4,3,3,3,3,2,2,2,1,1,1,1,0,0,0,0,-1,0,-1,0,-2,0,-2,0,-2,-1,-3,-1,-4,-1,-4,0,-4,0,-4,0,-5,0,-5,0,-6,0,-6,0,-6,0,-7,0,-7,1,0,0,-8,1,-8,1,-8,2,-8,2,-8,2,-8,2,-8,2,-9,2,-9,2,-9,2,-9,2,-9,2,-8,2,-8,2,-9,2,-8,3,-8,3,-8,3,-8,3,-8,3,-8,3,-8,3,-8,3,-9,2,-9,2,-8,1,0,0,0,0,0,0,0,0,0,0,0,0,0,0,45,-35,37,-35,33,-26,33,-24,34,-19,23,-15,20,-13,19,-9,14,-6,10,-5,5,2,1,-1,0,-4,5,2,3,3,-2,5,-2,7,-1,5,-4,6,-4,10,-6,13,-6,16,-7,16,-6,26,-8,27,-5,23,-2,25,-3,30,-1,31,-8,31,-3,35,-1,35,0,32,1,32,-1,37,-1,34,1,40,4,41,0,45,5,44,4,42,0,44,1,40,4,40,5,37,6,41,4,41,7,39,9,37,6,38,11,41,8,39,3,41,9,40,6,39,5,39,-1,42,0,0,0,0,0,0,0,0,0,0,0,0,0,0,0,0,0,0,0,0,0,0,28,-14,32,-14,36,-12,37,-7,39,-2,39,-2,41,3,43,11,49,9,45,16,46,17,47,22,49,28,45,27,49,29,46,40,45,38,42,43,44,39,42,49,44,46,43,54,42,55,40,54,43,53,43,52,44,57,41,54,41,59,43,54,44,55,44,58,41,59,47,56,45,55,46,55,51,53,52,50,53,50,53,52,53,51,58,49,59,45,57,52,57,46,67,43,61,43,62,48,63,43,64,44,67,49,59,45,59,50,63,46,61,46,58,50,53,43,0,0]"
CSI_DATA,382,1a:00:00:00:00:00,-51,11,1,0,1,1,1,0,0,0,1,-96,0,11,2,5292154,0,44,0,384,0,"[0,0,0,0,0,0,0,0,0,0,0,0,6,0,5,0,4,0,3,0,2,0,2,0,1,0,0,0,0,0,-1,0,-1,0,-1,0,-2,0,-2,0,-3,1,-3,1,-3,1,-4,1,-3,2,-4,2,-4,2,-4,2,-5,3,-5,3,-5,3,-5,3,0,0,-5,4,-6,4,-5,4,-6,5,-6,5,-6,5,-6,5,-6,5,-6,5,-6,6,-6,5,-6,5,-6,6,-6,5,-6,6,-5,5,-6,6,-5,5,-5,5,-5,6,-5,6,-6,6,-6,6,-6,5,-6,5,-6,5,0,0,0,0,0,0,0,0,0,0,0,0,0,0,19,-48,22,-47,16,-38,15,-34,18,-28,14,-25,9,-23,8,-18,10,-13,4,-9,3,-5,8,-6,2,2,-2,0,-1,7,2,8,-4,7,3,13,-2,13,-4,13,-1,17,-1,19,2,23,1,21,0,24,4,29,-1,27,2,25,0,27,2,29,7,33,4,32,7,36,9,37,8,36,5,37,7,39,10,38,3,39,9,35,13,35,9,41,10,41,11,38,7,38,10,38,8,36,11,35,7,38,12,36,10,37,8,39,5,37,9,32,4,39,6,38,6,37,0,0,0,0,0,0,0,0,0,0,0,0,0,0,0,0,0,0,0,0,0,0,0,-34,4,-32,12,-37,12,-34,19,-35,23,-29,27,-31,31,-28,34,-30,36,-29,42,-29,45,-26,51,-22,55,-19,58,-18,58,-15,61,-11,60,-8,67,-9,64,-2,63,3,68,4,63,2,65,5,68,5,67,4,65,6,75,9,66,14,66,11,64,14,71,12,71,8,67,16,73,14,67,12,69,11,75,9,72,9,75,4,71,5,72,5,76,1,70,2,75,6,70,9,72,6,77,-2,77,4,74,-1,79,0,82,0,78,9,73,6,74,11,76,10,72,16,0,0]"
CSI_DATA,383,1a:00:00:00:00:00,-51,11,1,0,1,1,1,0,0,0,1,-96,0,11,2,5302178,0,44,0,384,0,"[0,0,0,0,0,0,0,0,0,0,0,0,-6,-1,-6,-1,-5,-1,-4,-1,-3,-1,-2,-1,-2,-1,-1,-1,-1,-1,0,-1,0,-1,0,-1,1,-1,2,-2,2,-2,2,-2,2,-2,3,-2,3,-2,3,-3,3,-3,3,-3,4,-3,4,-4,4,-4,4,-4,0,0,4,-5,5,-5,5,-5,5,-5,5,-5,5,-6,5,-6,5,-6,5,-6,5,-6,5,-6,5,-6,5,-6,5,-6,5,-6,4,-6,4,-7,4,-6,4,-7,4,-6,4,-7,4,-6,4,-6,5,-6,5,-6,5,-6,0,0,0,0,0,0,0,0,0,0,0,0,0,0,-27,44,-27,40,-22,36,-21,30,-18,25,-20,22,-15,18,-17,21,-11,17,-4,9,-4,4,-3,1,-1,0,-1,-6,-3,-3,0,-7,0,-10,-3,-9,2,-16,3,-14,0,-17,1,-21,3,-20,2,-24,2,-22,3,-27,0,-29,1,-33,-3,-27,-3,-35,-3,-37,-4,-34,-2,-36,-3,-38,-8,-42,-5,-42,-6,-44,-6,-41,-2,-41,-1,-42,-5,-43,-3,-43,-2,-43,-6,-44,-4,-44,-7,-41,-6,-41,-4,-41,-8,-40,-8,-41,-8,-43,-10,-38,-10,-38,-5,-40,-3,-39,-1,-42,-4,-36,0,0,0,0,0,0,0,0,0,0,0,0,0,0,0,0,0,0,0,0,0,0,-6,31,-8,33,-9,33,-17,37,-24,31,-25,30,-30,30,-35,32,-40,30,-43,24,-47,23,-54,18,-53,14,-57,16,-60,12,-59,8,-63,4,-61,1,-65,-1,-63,-5,-63,-5,-70,-7,-67,-12,-69,-13,-69,-11,-75,-14,-68,-17,-71,-16,-69,-21,-72,-17,-71,-19,-73,-25,-69,-19,-74,-17,-74,-16,-75,-17,-67,-16,-78,-15,-70,-15,-74,-12,-81,-15,-76,-14,-80,-10,-75,-10,-75,-12,-69,-5,-75,-7,-78,-7,-80,-6,-76,-9,-80,-11,-79,-8,-78,-12,-75,-13,-77,-18,-74,-18,-71,-20,0,0]"
CSI_DATA,384,1a:00:00:00:00:00,-51,11,1,0,1,1,1,0,0,0,1,-96,0,11,2,5312324,0,44,0,384,0,"[0,0,0,0,0,0,0,0,0,0,0,0,-5,-5,-5,-4,-4,-4,-3,-3,-3,-3,-2,-2,-1,-2,-1,-1,-1,-1,0,-1,0,0,1,0,1,0,1,0,2,0,2,1,3,1,3,1,3,1,4,1,4,1,4,1,5,1,5,0,5,0,6,1,0,0,7,0,7,0,7,0,8,0,7,0,8,0,8,0,8,0,8,0,8,0,8,0,8,0,8,0,8,0,8,0,8,0,8,-1,8,-1,8,-1,8,-1,8,-1,8,-1,8,0,8,0,8,1,7,1,0,0,0,0,0,0,0,0,0,0,0,0,0,0,-42,32,-36,25,-34,27,-30,21,-29,17,-25,13,-20,11,-20,13,-12,2,-10,5,-5,4,-5,4,-5,-5,3,3,0,-6,1,-4,5,-6,11,-8,4,-10,8,-7,10,-10,14,-17,11,-17,10,-18,14,-18,16,-20,19,-23,14,-27,13,-28,15,-28,17,-29,16,-29,16,-31,18,-33,17,-29,16,-36,18,-33,21,-40,22,-37,17,-37,17,-38,18,-37,20,-37,18,-30,14,-33,22,-35,16,-35,21,-37,14,-37,14,-37,18,-34,19,-35,16,-35,21,-31,17,-35,28,-31,18,-30,0,0,0,0,0,0,0,0,0,0,0,0,0,0,0,0,0,0,0,0,0,0,-16,27,-22,26,-22,24,-26,27,-31,20,-38,25,-42,15,-41,13,-45,11,-45,7,-51,6,-51,-1,-55,-2,-58,-6,-61,-11,-58,-17,-62,-19,-57,-19,-62,-25,-62,-28,-59,-27,-62,-34,-61,-33,-60,-36,-56,-38,-57,-40,-56,-38,-56,-43,-58,-42,-59,-44,-57,-44,-58,-49,-55,-43,-60,-47,-59,-50,-58,-44,-55,-42,-52,-43,-61,-39,-64,-41,-63,-44,-61,-44,-61,-42,-65,-39,-67,-35,-67,-42,-66,-43,-65,-39,-71,-40,-66,-42,-66,-46,-63,-46,-66,-49,-64,-45,-58,-47,-55,-52,-49,-53,0,0]"
CSI_DATA,385,1a:00:00:00:00:00,-51,11,1,0,1,1,1,0,0,0,1,-96,0,11,2,5322108,0,44,0,384,0,"[0,0,0,0,0,0,0,0,0,0,0,0,4,3,3,3,3,3,2,2,2,2,1,1,0,1,0,0,-1,0,-1,0,-1,-1,-2,-1,-2,-1,-2,-1,-3,-1,-3,-1,-3,-1,-4,-1,-4,-1,-5,-1,-5,-1,-5,-1,-6,-1,-6,-1,-6,-1,-6,-1,0,0,-7,0,-7,0,-7,0,-8,0,-8,0,-8,0,-8,0,-8,0,-8,0,-8,0,-8,0,-8,0,-8,0,-8,0,-8,1,-8,1,-8,1,-8,1,-8,1,-8,1,-8,1,-8,1,-8,1,-8,0,-8,0,-8,-1,0,0,0,0,0,0,0,0,0,0,0,0,0,0,50,-31,39,-30,39,-24,30,-22,28,-18,19,-7,20,-9,16,-9,14,-10,9,-5,9,-2,5,-4,0,4,0,-2,-3,-1,-11,6,-8,7,-7,9,-5,12,-9,14,-9,14,-11,17,-12,14,-9,20,-14,21,-13,22,-13,22,-18,25,-14,25,-14,28,-16,33,-13,31,-13,30,-12,36,-13,34,-14,39,-11,39,-19,37,-15,35,-9,41,-15,41,-17,33,-13,34,-15,37,-9,36,-11,35,-9,37,-7,40,-8,41,-7,36,-9,39,-9,38,-13,40,-15,36,-12,34,-14,36,-15,34,0,0,0,0,0,0,0,0,0,0,0,0,0,0,0,0,0,0,0,0,0,0,22,-19,23,-21,32,-16,35,-16,39,-13,40,-6,42,-8,46,2,45,-2,51,5,51,9,55,16,56,18,52,21,58,25,52,27,54,33,52,37,52,37,52,40,49,43,54,45,47,48,50,52,42,50,46,53,47,45,46,49,45,53,49,55,47,55,51,51,47,51,46,54,49,58,56,54,50,54,49,50,55,51,54,50,52,52,53,48,58,49,59,48,62,45,56,41,58,43,64,46,56,49,63,49,63,50,59,51,62,55,53,48,58,53,50,59,48,51,0,0]"
CSI_DATA,386,1a:00:00:00:00:00,-51,11,1,0,1,1,1,0,0,0,1,-96,0,11,2,5332156,0,44,0,384,0,"[0,0,0,0,0,0,0,0,0,0,0,0,-2,-6,-1,-5,-1,-4,-1,-4,-1,-3,-1,-2,-1,-2,0,-1,0,-1,0,0,0,0,0,0,0,1,0,1,1,1,1,2,1,2,1,2,2,2,2,2,2,3,2,3,3,3,3,3,3,3,4,3,0,0,4,4,4,4,4,4,5,4,5,4,5,4,5,4,5,4,5,4,5,4,5,4,5,4,5,4,5,4,5,4,5,4,5,3,5,4,5,3,5,4,5,4,5,4,5,4,5,4,5,4,4,5,0,0,0,0,0,0,0,0,0,0,0,0,0,0,-24,1,-20,-2,-23,-2,-17,-2,-15,-4,-13,-3,-11,-3,-10,-1,-8,-3,-7,-2,-3,-3,-3,-3,-1,-3,0,-1,1,-2,2,-3,4,-3,5,1,7,-2,7,-3,7,-3,10,-4,8,-4,9,-6,10,-5,9,-6,12,-6,9,-8,10,-9,13,-9,13,-9,13,-10,14,-10,13,-10,13,-8,15,-12,14,-13,14,-9,14,-12,13,-10,14,-14,15,-13,12,-11,13,-13,11,-11,14,-12,14,-13,12,-10,12,-13,12,-13,13,-12,11,-12,11,-14,13,-13,13,-12,14,-12,16,-10,0,0,0,0,0,0,0,0,0,0,0,0,0,0,0,0,0,0,0,0,0,0,-34,-6,-14,4,-9,-5,-16,-23,-17,-13,15,-31,-23,-20,-21,-18,-16,-27,-17,-17,-14,-12,-21,-14,-25,-30,-15,-22,-7,-27,-13,-21,-19,-27,-18,-36,-6,-24,-1,-18,-19,-27,-10,-28,-15,-32,9,-50,-12,-33,-20,-31,10,-30,1,-37,-17,-19,7,-29,15,-55,7,-59,0,-32,-16,-23,22,-58,5,-55,-24,-15,-12,-27,-11,-34,-7,-32,-11,-37,-7,-31,-6,-32,-10,-33,-12,-35,-8,-30,-10,-35,-9,-34,-11,-35,-9,-33,-8,-37,-11,-35,-11,-37,-8,-32,-8,-34,-4,-33,-6,-33,0,0]"
CSI_DATA,387,1a:00:00:00:00:00,-52,11,1,0,1,1,1,0,0,0,1,-96,0,11,2,5352194,0,44,0,384,0,"[0,0,0,0,0,0,0,0,0,0,0,0,0,-7,0,-6,0,-5,0,-4,0,-3,0,-2,0,-2,0,-1,0,-1,0,0,0,0,0,1,0,1,0,2,0,2,0,2,0,3,0,3,1,3,1,4,1,4,1,4,2,4,2,4,2,5,2,5,0,0,3,5,3,6,3,6,3,6,3,6,3,6,3,6,3,6,4,6,4,6,4,7,3,6,3,6,3,6,4,6,4,6,4,6,4,6,4,6,4,6,4,6,4,6,4,6,3,6,3,6,2,6,0,0,0,0,0,0,0,0,0,0,0,0,0,0,-54,-24,-43,-23,-43,-21,-30,-18,-28,-19,-23,-14,-23,-14,-17,-12,-14,-4,-5,-6,-2,-4,0,-2,-1,2,3,-3,2,2,6,1,8,7,8,4,15,3,14,7,18,6,21,4,20,7,21,6,22,7,26,7,27,5,25,7,30,8,34,1,37,3,33,5,30,2,34,-1,38,4,41,4,34,3,38,2,43,0,41,1,42,2,38,3,34,5,37,5,39,4,41,6,34,2,38,3,41,0,33,3,37,-2,38,3,40,0,34,4,38,6,37,6,34,10,0,0,0,0,0,0,0,0,0,0,0,0,0,0,0,0,0,0,0,0,0,0,-33,2,-34,-3,-33,-6,-36,-11,-36,-17,-36,-24,-33,-24,-36,-26,-34,-33,-31,-34,-29,-45,-28,-45,-26,-50,-19,-58,-18,-55,-13,-55,-13,-60,-7,-61,-10,-60,-5,-63,-4,-66,0,-67,1,-70,7,-66,3,-72,6,-67,8,-68,6,-71,9,-70,9,-72,13,-73,12,-71,15,-73,12,-70,7,-72,11,-73,5,-75,9,-75,10,-72,9,-74,6,-73,6,-75,8,-80,-2,-80,5,-75,0,-82,1,-78,2,-79,6,-80,7,-81,10,-81,10,-83,13,-79,18,-76,14,-80,15,-73,20,-68,0,0]"
CSI_DATA,388,1a:00:00:00:00:00,-51,11,1,0,1,1,1,0,0,0,1,-96,0,11,2,5372165,0,44,0,384,0,"[0,0,0,0,0,0,0,0,0,0,0,0,-7,0,-6,0,-5,-1,-4,-1,-4,-1,-2,-1,-2,-1,-1,-1,-1,-1,0,-1,0,-1,1,-1,1,-1,2,-1,2,-1,3,-1,3,-2,3,-2,3,-2,4,-3,4,-3,4,-3,5,-3,5,-3,5,-4,5,-4,0,0,6,-5,6,-5,6,-5,6,-5,6,-5,6,-5,6,-6,6,-5,6,-6,7,-5,7,-5,7,-5,7,-5,6,-5,6,-6,6,-6,6,-6,6,-6,6,-6,6,-6,6,-6,6,-6,6,-5,7,-5,7,-5,7,-4,0,0,0,0,0,0,0,0,0,0,0,0,0,0,-6,55,-12,52,-9,40,-6,37,-8,35,-9,25,-2,25,-6,23,-6,15,-3,14,-5,10,0,4,0,-4,-2,0,3,-5,-1,-5,3,-6,3,-13,-4,-11,-1,-14,-2,-18,-4,-18,-3,-21,-1,-26,-2,-27,-1,-24,-3,-23,-9,-31,-9,-32,-10,-29,-13,-32,-11,-32,-12,-36,-11,-34,-16,-33,-10,-38,-15,-37,-15,-40,-14,-38,-14,-40,-17,-39,-15,-37,-16,-35,-13,-40,-15,-37,-16,-37,-17,-37,-17,-35,-15,-39,-16,-33,-19,-33,-15,-33,-18,-34,-10,-33,-12,-36,-12,-38,-7,-37,0,0,0,0,0,0,0,0,0,0,0,0,0,0,0,0,0,0,0,0,0,0,6,29,4,35,0,32,-8,38,-9,40,-9,39,-18,36,-23,40,-26,39,-27,41,-35,36,-41,33,-46,37,-42,31,-50,30,-54,26,-56,28,-58,22,-57,27,-60,17,-64,16,-69,17,-67,13,-69,16,-66,12,-67,10,-68,8,-72,8,-72,8,-73,8,-68,6,-73,10,-73,8,-75,7,-74,8,-75,8,-68,11,-71,8,-77,8,-77,11,-79,9,-74,9,-80,16,-77,14,-74,13,-72,25,-70,12,-76,25,-83,18,-76,14,-76,14,-80,17,-79,13,-78,9,-68,4,-73,10,-68,6,0,0]"
CSI_DATA,389,1a:00:00:00:00:00,-51,11,1,0,1,1,1,0,0,0,1,-96,0,11,2,5382150,0,44,0,384,0,"[0,0,0,0,0,0,0,0,0,0,0,0,4,-5,3,-4,3,-3,2,-3,1,-2,1,-2,0,-1,0,-1,0,-1,-1,0,-1,0,-1,0,-1,1,-2,1,-2,2,-2,2,-2,2,-2,3,-2,3,-2,3,-2,4,-2,4,-2,4,-2,5,-2,5,-2,5,0,0,-2,6,-2,6,-2,7,-2,6,-2,7,-2,7,-2,7,-2,7,-2,7,-2,7,-2,7,-2,7,-2,7,-2,7,-2,7,-2,7,-2,7,-2,7,-2,7,-2,7,-2,7,-2,7,-2,7,-3,7,-3,7,-3,7,0,0,0,0,0,0,0,0,0,0,0,0,0,0,-22,-51,-19,-43,-16,-40,-16,-38,-16,-29,-9,-32,-9,-26,-4,-18,0,-14,0,-10,4,-7,-4,-2,-4,-3,0,0,0,4,7,9,5,3,5,11,9,13,8,13,9,12,12,12,13,12,10,14,18,14,16,19,19,23,21,23,20,15,23,20,29,20,31,22,26,17,33,22,36,18,32,22,34,15,31,26,34,23,39,22,32,23,30,26,34,21,30,16,34,23,32,23,33,18,38,21,33,17,31,21,29,18,34,18,32,15,31,19,32,19,32,24,27,24,0,0,0,0,0,0,0,0,0,0,0,0,0,0,0,0,0,0,0,0,0,0,-22,-24,-20,-25,-19,-31,-13,-36,-12,-40,-11,-38,-3,-41,-4,-46,1,-47,9,-47,9,-50,15,-52,21,-52,23,-48,27,-53,31,-52,37,-53,41,-49,38,-50,43,-46,44,-44,49,-46,49,-45,49,-47,52,-40,53,-44,55,-45,58,-45,57,-43,58,-47,59,-46,57,-45,56,-46,59,-47,56,-46,57,-48,58,-49,57,-47,55,-49,58,-51,55,-50,54,-54,56,-50,55,-50,56,-54,57,-57,58,-59,55,-57,54,-56,60,-56,54,-56,61,-49,57,-58,57,-53,61,-54,58,-50,59,-41,0,0]"
CSI_DATA,390,1a:00:00:00:00:00,-52,11,1,0,1,1,1,0,0,0,1,-96,0,11,2,5393693,0,44,0,384,0,"[0,0,0,0,0,0,0,0,0,0,0,0,3,4,3,3,2,3,2,2,1,2,1,1,0,0,0,0,0,0,-1,-1,-1,-1,-1,-1,-1,-2,-2,-2,-2,-2,-3,-2,-3,-2,-3,-2,-4,-3,-4,-3,-4,-3,-4,-3,-5,-3,-5,-3,-5,-3,-6,-3,0,0,-7,-3,-6,-3,-7,-3,-7,-3,-7,-3,-7,-3,-7,-3,-8,-3,-8,-3,-8,-3,-8,-3,-8,-3,-8,-3,-8,-3,-7,-3,-8,-3,-8,-2,-8,-2,-8,-2,-7,-2,-8,-2,-8,-3,-8,-3,-8,-3,-7,-3,-7,-4,0,0,0,0,0,0,0,0,0,0,0,0,0,0,49,-6,47,0,37,0,35,1,29,3,27,2,19,3,22,0,10,4,10,-3,5,-1,3,-2,1,-1,-4,-4,-7,-7,-8,-3,-6,-1,-9,-1,-13,-1,-17,0,-16,1,-22,0,-18,4,-22,4,-20,4,-23,3,-27,2,-29,7,-28,7,-32,7,-37,7,-35,9,-31,10,-39,10,-37,14,-35,10,-35,12,-35,13,-40,14,-36,13,-36,10,-37,11,-39,17,-36,13,-37,13,-37,10,-36,10,-33,12,-35,6,-35,10,-35,12,-33,10,-38,15,-34,12,-35,8,-35,9,-33,5,0,0,0,0,0,0,0,0,0,0,0,0,0,0,0,0,0,0,0,0,0,0,19,-21,31,-21,29,-16,37,-14,37,-10,35,-5,39,5,40,5,46,8,42,10,45,15,44,22,50,21,43,26,46,37,44,36,41,44,39,41,40,41,39,54,44,47,30,59,36,51,36,53,34,55,37,58,31,63,29,61,29,61,29,65,24,60,26,63,25,70,28,68,31,66,31,68,29,64,29,66,32,66,33,66,30,68,31,62,28,71,31,66,31,70,37,71,36,65,32,69,33,66,26,67,27,70,25,73,29,76,22,66,21,68,16,73,18,62,0,0]"
CSI_DATA,391,1a:00:00:00:00:00,-52,11,1,0,1,1,1,0,0,0,1,-96,0,11,2,5402186,0,44,0,384,0,"[0,0,0,0,0,0,0,0,0,0,0,0,4,-4,3,-4,3,-3,2,-3,1,-2,1,-2,0,-1,0,-1,0,-1,-1,0,-1,0,-1,0,-2,1,-2,1,-2,1,-2,1,-2,2,-2,2,-2,3,-3,3,-3,3,-3,4,-3,4,-3,4,-3,5,-3,5,0,0,-3,5,-3,6,-3,6,-3,6,-3,6,-3,6,-3,6,-3,6,-3,7,-3,7,-3,7,-3,6,-3,6,-3,7,-3,6,-3,6,-3,6,-3,6,-3,6,-3,6,-3,7,-3,6,-3,6,-3,6,-4,6,-4,6,0,0,0,0,0,0,0,0,0,0,0,0,0,0,-23,-48,-21,-44,-16,-39,-14,-35,-11,-32,-9,-21,-13,-23,-6,-14,1,-13,-10,-9,-2,-3,-3,-7,-1,1,0,0,4,6,-1,4,2,9,7,6,3,10,6,16,7,14,12,17,10,14,11,22,14,17,14,20,15,22,18,22,14,25,18,23,23,22,23,24,24,25,24,23,21,28,23,30,26,25,26,28,29,30,28,27,31,32,27,31,25,31,28,28,24,26,29,30,30,28,27,27,26,24,28,24,28,23,29,22,27,26,28,25,25,26,26,30,19,32,0,0,0,0,0,0,0,0,0,0,0,0,0,0,0,0,0,0,0,0,0,0,-27,-20,-23,-24,-22,-30,-21,-33,-16,-37,-13,-33,-12,-38,-7,-42,-5,-43,3,-47,8,-45,8,-49,15,-53,19,-54,21,-54,18,-56,29,-52,30,-50,35,-55,37,-53,38,-54,37,-53,42,-48,47,-45,47,-48,54,-48,56,-46,51,-47,56,-47,56,-50,56,-52,52,-49,55,-47,60,-47,57,-46,52,-51,60,-46,56,-47,58,-48,57,-50,58,-49,56,-59,51,-53,57,-57,52,-51,59,-51,54,-53,56,-61,59,-58,59,-57,60,-55,63,-56,59,-51,60,-50,63,-47,61,-39,58,-42,0,0]"
CSI_DATA,392,1a:00:00:00:00:00,-52,11,1,0,1,1,1,0,0,0,1,-96,0,11,2,5412185,0,44,0,384,0,"[0,0,0,0,0,0,0,0,0,0,0,0,-3,4,-3,3,-2,3,-2,2,-2,1,-1,1,-1,0,-1,0,0,0,0,-1,0,-1,0,-1,0,-2,0,-2,0,-3,1,-3,0,-3,1,-3,0,-4,1,-4,1,-4,0,-5,1,-5,0,-5,1,-6,0,-6,0,0,0,-6,0,-7,0,-7,0,-7,0,-7,0,-7,0,-7,0,-7,0,-7,0,-8,0,-7,1,-7,0,-7,0,-7,0,-7,0,-7,0,-7,0,-7,0,-7,0,-7,0,-7,0,-7,0,-7,1,-7,1,-7,1,-7,0,0,0,0,0,0,0,0,0,0,0,0,0,0,14,17,13,14,11,13,9,12,5,10,6,9,6,8,4,6,2,4,1,2,3,0,1,-2,0,-2,0,-1,-3,-3,-2,-3,-2,-3,-4,-3,-5,-5,-3,-7,-5,-5,-5,-5,-6,-6,-7,-10,-7,-7,-8,-8,-7,-9,-10,-7,-11,-7,-13,-7,-15,-10,-13,-9,-13,-9,-12,-8,-15,-7,-12,-11,-13,-9,-13,-12,-14,-11,-14,-11,-14,-11,-14,-8,-14,-11,-13,-11,-13,-9,-13,-11,-13,-11,-14,-10,-13,-8,-15,-11,-14,-10,-14,-10,-13,-8,-12,-11,-13,-9,-12,-11,-11,-13,0,0,0,0,0,0,0,0,0,0,0,0,0,0,0,0,0,0,0,0,0,0,14,-5,10,29,0,5,-3,25,20,10,0,11,12,3,20,12,1,19,-7,32,1,25,9,11,-5,27,3,11,-4,23,-16,37,-12,18,-13,30,-5,18,-12,19,2,21,-7,30,-7,19,-24,34,0,31,-16,22,-1,35,-3,42,-9,32,-1,24,-4,16,-32,27,-3,12,8,12,24,33,-22,56,2,18,-10,23,-10,23,-13,25,-13,26,-12,31,-12,30,-15,27,-15,26,-11,30,-14,26,-14,30,-16,29,-13,31,-13,28,-14,30,-16,30,-17,28,-18,26,-19,25,-19,22,0,0]"
CSI_DATA,393,1a:00:00:00:00:00,-52,11,1,0,1,1,1,0,0,0,1,-96,0,11,2,5422154,0,44,0,384,0,"[0,0,0,0,0,0,0,0,0,0,0,0,-4,-5,-3,-5,-3,-4,-2,-3,-2,-3,-1,-2,-1,-1,-1,-1,-1,0,0,0,0,0,0,1,0,1,1,1,1,1,1,2,2,2,2,2,2,2,3,2,3,2,3,2,4,2,4,2,4,2,4,3,0,0,5,3,5,3,5,3,6,3,6,3,6,3,6,3,6,3,6,3,6,3,6,3,6,3,6,3,6,3,6,3,6,3,6,3,6,3,6,3,6,3,6,3,6,3,6,3,6,3,6,4,5,4,0,0,0,0,0,0,0,0,0,0,0,0,0,0,-48,16,-46,9,-42,11,-39,10,-32,9,-21,4,-23,4,-20,5,-12,1,-9,0,-9,1,-4,0,1,4,4,-3,3,-1,6,3,9,-3,9,-4,20,3,14,-4,17,-4,18,-8,16,-11,18,-9,13,-6,25,-14,25,-10,28,-16,26,-16,29,-14,25,-21,34,-15,31,-20,31,-16,33,-20,33,-19,33,-18,33,-21,31,-21,30,-20,33,-20,35,-19,32,-20,33,-17,35,-20,31,-20,31,-20,31,-21,32,-21,33,-20,28,-25,31,-20,33,-22,31,-19,34,-17,36,-15,36,-13,0,0,0,0,0,0,0,0,0,0,0,0,0,0,0,0,0,0,0,0,0,0,-13,27,-20,26,-22,25,-24,23,-26,20,-38,18,-36,13,-42,10,-45,5,-45,7,-47,0,-52,-3,-52,-9,-56,-12,-57,-15,-50,-21,-55,-23,-52,-25,-60,-33,-53,-38,-49,-39,-53,-41,-50,-43,-52,-41,-49,-50,-50,-49,-51,-49,-49,-55,-48,-50,-49,-48,-49,-52,-50,-52,-45,-54,-49,-58,-47,-55,-44,-54,-45,-52,-49,-52,-44,-56,-52,-58,-57,-60,-49,-54,-55,-56,-53,-53,-50,-53,-51,-64,-49,-56,-46,-57,-52,-55,-46,-60,-49,-60,-50,-59,-52,-62,-47,-59,-37,-62,-38,-65,-38,-61,0,0]"
CSI_DATA,394,1a:00:00:00:00:00,-52,11,1,0,1,1,1,0,0,0,1,-96,0,11,2,5432975,0,44,0,384,0,"[0,0,0,0,0,0,0,0,0,0,0,0,0,-7,0,-6,0,-5,0,-4,0,-3,0,-2,0,-2,-1,-1,-1,-1,-1,0,-1,0,-1,1,-1,1,-1,2,-1,2,0,3,0,3,0,3,0,4,0,4,0,4,0,5,1,5,1,5,1,5,1,6,0,0,1,6,1,6,1,6,2,7,1,7,2,7,2,7,2,7,2,8,2,8,2,7,2,7,2,7,2,7,2,7,2,7,2,7,2,7,2,7,2,7,2,7,2,7,2,7,1,7,1,7,0,7,0,0,0,0,0,0,0,0,0,0,0,0,0,0,-51,-20,-45,-22,-46,-19,-34,-21,-25,-15,-21,-12,-21,-10,-17,-9,-11,-7,-7,-8,-3,-2,-7,-4,0,0,0,3,2,5,8,4,3,5,7,8,18,7,12,5,12,7,19,9,19,7,20,6,20,11,24,8,23,5,28,10,26,6,31,8,31,15,37,8,40,8,38,11,40,9,35,10,38,11,35,6,37,10,38,13,36,13,39,12,39,10,37,7,40,7,33,10,37,5,37,10,36,9,35,9,37,7,36,13,36,8,37,12,37,11,38,13,35,13,0,0,0,0,0,0,0,0,0,0,0,0,0,0,0,0,0,0,0,0,0,0,-30,10,-32,5,-31,3,-39,-3,-39,-6,-40,-11,-37,-16,-39,-19,-36,-28,-37,-28,-39,-34,-38,-36,-34,-36,-31,-46,-26,-47,-23,-54,-24,-57,-17,-57,-19,-60,-16,-59,-14,-65,-12,-64,-13,-65,-11,-69,-3,-68,-10,-66,-6,-68,-1,-72,0,-74,2,-76,1,-74,3,-76,3,-76,3,-76,1,-76,3,-75,-2,-75,-5,-77,4,-73,-1,-75,4,-78,-4,-81,-1,-78,-3,-78,0,-82,1,-71,-2,-73,0,-75,0,-78,2,-81,4,-80,4,-80,8,-78,7,-78,10,-80,14,-75,20,-73,0,0]"
CSI_DATA,395,1a:00:00:00:00:00,-52,11,1,0,1,1,1,0,0,0,1,-96,0,11,2,5442153,0,44,0,384,0,"[0,0,0,0,0,0,0,0,0,0,0,0,-6,-1,-6,-1,-5,-1,-4,-1,-3,-1,-2,-1,-2,-1,-1,0,-1,0,0,0,0,0,1,0,1,0,2,0,2,0,2,0,3,0,3,0,3,-1,4,-1,4,-1,4,-1,5,-1,5,-2,5,-2,5,-2,0,0,6,-2,6,-2,6,-2,7,-2,6,-2,7,-3,7,-3,7,-3,7,-2,7,-3,7,-2,7,-3,7,-3,7,-3,7,-3,7,-3,7,-3,7,-3,7,-3,7,-3,7,-3,7,-3,7,-3,7,-2,7,-2,7,-1,0,0,0,0,0,0,0,0,0,0,0,0,0,0,-22,51,-24,42,-16,38,-24,27,-15,27,-17,18,-9,18,-15,14,-6,11,-3,10,-5,4,-3,1,0,3,-1,1,4,-4,4,-6,2,-8,6,-13,6,-11,6,-10,3,-15,2,-21,3,-20,6,-25,4,-25,5,-26,6,-25,6,-29,6,-29,9,-31,5,-30,8,-33,8,-33,6,-40,7,-36,7,-34,9,-39,7,-40,4,-37,2,-39,9,-40,3,-41,4,-37,3,-39,4,-39,5,-35,2,-39,3,-42,-1,-36,6,-39,3,-34,5,-36,5,-39,3,-35,7,-38,10,-35,8,-35,0,0,0,0,0,0,0,0,0,0,0,0,0,0,0,0,0,0,0,0,0,0,7,27,3,31,-3,36,-6,34,-11,33,-17,36,-22,32,-30,36,-28,31,-34,32,-37,30,-42,33,-42,32,-52,27,-54,25,-52,19,-58,20,-59,13,-63,15,-65,10,-60,4,-70,4,-64,4,-66,1,-67,-2,-70,-3,-71,-2,-67,-7,-69,-5,-72,-6,-74,-3,-72,-6,-73,-11,-76,-8,-73,-11,-75,-8,-72,-2,-72,-4,-70,-4,-76,-5,-72,-6,-75,-3,-76,-2,-75,-4,-77,-5,-71,2,-76,-4,-76,0,-77,-3,-81,-5,-77,-3,-78,-5,-83,-10,-74,-13,-76,-10,-75,-11,-65,-18,0,0]"
CSI_DATA,396,1a:00:00:00:00:00,-52,11,1,0,1,1,1,0,0,0,1,-96,0,11,2,5452176,0,44,0,384,0,"[0,0,0,0,0,0,0,0,0,0,0,0,4,3,3,2,3,2,2,1,2,1,1,0,0,0,0,0,0,-1,-1,-1,-1,-1,-1,-1,-2,-2,-2,-2,-2,-2,-3,-2,-3,-2,-4,-2,-4,-2,-4,-2,-5,-2,-5,-2,-5,-2,-6,-2,-6,-2,-6,-2,0,0,-7,-2,-7,-2,-7,-2,-8,-2,-7,-2,-8,-2,-8,-2,-8,-2,-8,-2,-8,-2,-8,-2,-8,-2,-8,-2,-8,-2,-8,-1,-8,-1,-8,-1,-8,-1,-8,-1,-8,-1,-8,-1,-8,-1,-8,-2,-8,-2,-8,-2,-7,-3,0,0,0,0,0,0,0,0,0,0,0,0,0,0,33,-42,28,-35,28,-28,30,-33,20,-23,19,-23,19,-15,11,-17,7,-12,7,-10,5,-5,1,-4,-2,-2,-3,0,-5,1,-10,6,-8,6,-7,6,-12,9,-14,12,-15,14,-11,14,-13,16,-10,17,-14,19,-17,23,-16,25,-16,27,-16,23,-18,25,-19,27,-16,31,-17,30,-17,36,-13,33,-18,35,-15,32,-15,32,-16,36,-14,34,-12,36,-15,34,-15,33,-12,35,-13,36,-11,35,-12,34,-14,35,-13,35,-13,32,-14,30,-15,35,-14,36,-16,31,-16,31,-15,31,-21,30,0,0,0,0,0,0,0,0,0,0,0,0,0,0,0,0,0,0,0,0,0,0,7,-28,7,-31,11,-28,19,-34,22,-31,27,-27,30,-26,33,-26,40,-23,39,-20,45,-16,52,-10,54,-16,50,-6,60,1,57,0,56,3,56,6,63,8,56,13,57,14,65,18,62,18,60,27,63,29,59,28,65,24,65,27,63,29,66,28,63,30,66,30,62,35,66,32,65,29,63,30,66,31,65,30,61,29,68,30,70,27,67,28,73,30,71,23,69,25,71,20,70,22,75,26,74,23,73,30,71,31,71,34,71,36,65,34,61,38,62,36,60,37,0,0]"
CSI_DATA,397,1a:00:00:00:00:00,-52,11,1,0,1,1,1,0,0,0,1,-96,0,11,2,5462158,0,44,0,384,0,"[0,0,0,0,0,0,0,0,0,0,0,0,-6,2,-6,2,-5,1,-4,1,-3,1,-2,0,-2,0,-1,0,0,0,0,-1,1,-1,1,-1,1,-1,2,-1,2,-2,3,-2,3,-2,3,-2,3,-3,3,-3,4,-3,4,-3,4,-4,4,-4,4,-5,5,-5,0,0,5,-5,5,-5,5,-6,5,-6,5,-6,6,-6,6,-6,6,-6,6,-6,6,-6,6,-6,5,-6,5,-6,5,-6,5,-6,5,-6,5,-6,5,-6,5,-6,5,-6,5,-6,5,-6,5,-6,6,-6,6,-6,6,-5,0,0,0,0,0,0,0,0,0,0,0,0,0,0,5,51,0,46,2,44,-2,39,-1,33,-3,30,-1,18,-1,17,-2,14,4,13,0,6,1,1,2,1,-1,-8,5,-3,2,-4,4,-14,1,-13,4,-13,6,-18,2,-18,-1,-19,-2,-18,-1,-29,0,-26,4,-28,-1,-31,-2,-32,-1,-35,-5,-32,-5,-38,-4,-39,-8,-38,-8,-37,-13,-40,-7,-41,-6,-39,-5,-37,-5,-45,-9,-37,-10,-39,-6,-38,-6,-43,-3,-38,-4,-40,-9,-41,-5,-41,-6,-39,-13,-37,-6,-42,-5,-35,-8,-36,-2,-40,-2,-39,-5,-37,-2,-36,0,-38,0,0,0,0,0,0,0,0,0,0,0,0,0,0,0,0,0,0,0,0,0,0,21,20,20,24,16,29,14,32,17,35,10,39,5,37,5,41,1,43,-9,48,-14,47,-16,49,-13,50,-24,49,-25,47,-31,49,-37,51,-39,51,-44,46,-47,44,-47,43,-53,38,-58,42,-56,34,-60,40,-57,40,-64,38,-63,34,-68,34,-65,32,-64,32,-66,33,-66,33,-67,32,-69,30,-68,28,-67,32,-68,36,-66,37,-70,34,-70,30,-72,36,-68,34,-73,40,-70,34,-77,35,-77,37,-69,35,-72,36,-76,33,-74,32,-76,31,-75,33,-75,28,-75,21,-73,17,-72,13,0,0]"
CSI_DATA,398,1a:00:00:00:00:00,-52,11,1,0,1,1,1,0,0,0,1,-96,0,11,2,5472239,0,44,0,384,0,"[0,0,0,0,0,0,0,0,0,0,0,0,-1,6,-1,5,0,4,-1,3,-1,2,0,1,0,1,0,0,0,0,0,-1,0,-2,0,-2,0,-2,0,-3,0,-3,-1,-4,-1,-4,-1,-4,-1,-5,-1,-5,-1,-5,-1,-6,-1,-6,-1,-6,-2,-7,-2,-7,0,0,-2,-7,-2,-8,-2,-8,-3,-8,-2,-8,-3,-8,-3,-8,-3,-8,-3,-9,-3,-9,-3,-9,-2,-8,-2,-8,-3,-8,-3,-8,-3,-8,-3,-8,-3,-8,-3,-8,-3,-8,-3,-8,-3,-8,-2,-8,-2,-9,-1,-8,-1,-8,0,0,0,0,0,0,0,0,0,0,0,0,0,0,50,9,46,7,43,10,36,5,34,8,26,9,19,4,12,6,18,2,9,-1,5,0,6,-3,1,0,-1,-4,-4,-5,-8,0,-6,-8,-11,-4,-13,-6,-15,-4,-20,-8,-21,-8,-23,-8,-17,-7,-23,-5,-27,-6,-28,0,-32,0,-31,-5,-32,-4,-36,-2,-37,-5,-33,-5,-47,-7,-39,1,-36,-2,-39,-9,-40,-5,-43,-1,-41,-6,-44,-7,-44,-4,-41,-8,-41,-5,-37,-4,-40,-3,-37,-2,-40,-1,-37,-5,-37,-3,-39,-3,-39,-3,-38,-5,-39,-6,-34,-4,-34,-9,-37,-13,0,0,0,0,0,0,0,0,0,0,0,0,0,0,0,0,0,0,0,0,0,0,24,-22,28,-15,31,-14,36,-7,33,-9,40,-5,40,1,44,5,44,8,42,15,46,21,44,25,49,28,45,28,47,31,43,40,38,42,34,44,37,47,34,55,35,55,32,56,29,59,30,61,27,64,29,65,30,65,21,68,24,70,20,66,16,74,22,71,19,70,14,69,18,74,22,71,19,74,17,71,17,71,19,72,19,77,19,79,24,75,18,76,20,73,24,86,20,77,21,76,20,77,20,75,14,81,11,83,11,80,7,73,11,80,6,73,1,69,0,0]"
CSI_DATA,399,1a:00:00:00:00:00,-52,11,1,0,1,1,1,0,0,0,1,-96,0,11,2,5502574,0,44,0,384,0,"[0,0,0,0,0,0,0,0,0,0,0,0,5,3,4,3,3,2,2,2,2,1,1,0,0,0,0,0,0,-1,-1,-1,-1,-2,-2,-2,-2,-2,-2,-2,-3,-2,-3,-3,-4,-3,-4,-3,-4,-3,-5,-3,-5,-3,-5,-3,-6,-3,-6,-3,-6,-3,-7,-3,0,0,-7,-3,-7,-3,-8,-3,-8,-3,-8,-3,-8,-3,-8,-3,-8,-3,-8,-3,-8,-4,-8,-4,-8,-3,-8,-3,-8,-3,-8,-3,-8,-3,-8,-3,-8,-3,-8,-3,-8,-3,-8,-3,-8,-3,-8,-4,-8,-4,-8,-4,-7,-5,0,0,0,0,0,0,0,0,0,0,0,0,0,0,32,-44,26,-36,25,-31,22,-24,26,-22,18,-21,15,-18,11,-12,11,-12,4,-4,2,-9,3,-3,-1,-2,-6,-2,-9,6,-10,2,-12,6,-10,5,-12,12,-13,8,-17,10,-14,9,-16,11,-16,17,-15,22,-18,25,-17,18,-17,25,-16,28,-22,26,-19,32,-17,31,-22,28,-17,33,-21,33,-20,30,-20,36,-22,33,-20,30,-21,34,-20,32,-22,26,-26,31,-18,32,-16,31,-20,36,-21,31,-17,34,-21,32,-14,32,-18,28,-17,27,-18,31,-22,32,-22,30,-23,30,-24,28,0,0,0,0,0,0,0,0,0,0,0,0,0,0,0,0,0,0,0,0,0,0,-4,-31,-1,-32,3,-35,8,-34,18,-33,15,-36,19,-31,28,-34,31,-32,33,-29,39,-30,42,-27,47,-25,50,-21,52,-19,53,-17,57,-10,55,-9,61,-9,57,-7,61,-4,64,0,69,7,64,7,68,11,68,8,66,12,68,11,70,13,68,12,69,13,72,18,68,16,66,17,72,14,74,16,69,16,74,17,69,19,69,14,75,19,71,18,73,18,77,15,65,20,75,25,73,14,77,14,76,19,75,14,74,27,76,22,74,28,73,24,71,27,61,32,65,36,0,0]"
CSI_DATA,400,1a:00:00:00:00:00,-52,11,1,0,1,1,1,0,0,0,1,-96,0,11,2,5512151,0,44,0,384,0,"[0,0,0,0,0,0,0,0,0,0,0,0,-3,-6,-3,-5,-2,-4,-2,-4,-2,-3,-1,-2,-1,-1,-1,-1,-1,0,-1,0,0,1,0,1,0,1,0,2,1,2,1,3,1,3,1,3,2,3,2,4,2,4,2,4,3,4,3,4,3,5,4,5,0,0,4,5,4,5,4,5,5,6,5,6,4,6,5,6,5,6,5,6,5,6,5,6,5,6,5,6,5,6,5,6,5,6,5,6,5,6,5,6,5,6,5,6,5,6,4,6,4,6,4,6,3,7,0,0,0,0,0,0,0,0,0,0,0,0,0,0,-53,6,-51,1,-41,-1,-34,-1,-32,-1,-22,0,-23,-3,-23,-3,-18,1,-11,-1,-4,-1,-1,3,5,-2,5,3,11,3,8,-1,6,3,12,-1,13,3,15,4,17,-1,21,0,21,-3,27,-3,26,-3,30,-3,30,-7,27,-6,33,-11,37,-5,30,-9,37,-12,33,-6,32,-11,39,-8,36,-11,33,-12,38,-9,37,-9,39,-10,41,-6,37,-12,43,-12,37,-12,37,-12,41,-6,40,-11,33,-14,35,-12,38,-11,35,-11,34,-9,33,-11,35,-15,35,-12,34,-9,33,-6,0,0,0,0,0,0,0,0,0,0,0,0,0,0,0,0,0,0,0,0,0,0,-23,19,-28,21,-22,19,-27,15,-35,11,-40,10,-40,2,-42,3,-44,-4,-47,-11,-48,-8,-49,-14,-51,-18,-49,-24,-46,-28,-50,-35,-48,-37,-48,-43,-46,-40,-41,-46,-41,-50,-41,-46,-42,-55,-44,-57,-38,-56,-41,-56,-42,-69,-33,-58,-36,-62,-37,-66,-35,-65,-35,-63,-29,-63,-35,-64,-37,-70,-36,-70,-39,-68,-40,-70,-35,-64,-38,-68,-42,-64,-40,-69,-40,-69,-41,-72,-39,-67,-35,-63,-38,-67,-41,-73,-35,-74,-40,-77,-38,-75,-33,-73,-38,-70,-36,-77,-23,-76,-25,-71,-19,-69,0,0]"
CSI_DATA,401,1a:00:00:00:00:00,-52,11,1,0,1,1,1,0,0,0,1,-96,0,11,2,5542384,0,44,0,384,0,"[0,0,0,0,0,0,0,0,0,0,0,0,5,1,5,1,4,1,3,1,2,0,1,0,1,0,0,-1,0,-1,-1,-1,-1,-1,-2,-1,-2,-1,-3,-2,-3,-2,-4,-2,-4,-2,-4,-2,-5,-2,-5,-2,-5,-2,-6,-1,-6,-2,-6,-1,-7,-1,-7,-2,0,0,-8,-1,-8,-1,-8,-1,-8,-1,-8,-1,-8,-1,-8,-1,-9,-1,-9,-1,-9,-1,-9,-1,-8,-1,-8,-1,-8,-1,-8,-1,-8,-1,-8,-1,-8,-1,-8,-1,-8,-1,-8,-1,-8,-1,-8,-2,-8,-2,-8,-2,-8,-3,0,0,0,0,0,0,0,0,0,0,0,0,0,0,34,-44,32,-30,30,-32,23,-27,22,-20,22,-27,16,-14,13,-9,11,-10,2,-7,4,-3,-4,-5,1,-6,-5,1,-6,0,-8,2,-12,7,-9,8,-14,11,-14,11,-13,10,-19,9,-11,17,-13,19,-20,18,-20,18,-22,23,-21,22,-22,27,-23,25,-29,28,-22,31,-22,28,-20,28,-22,32,-23,31,-22,31,-25,37,-23,33,-27,37,-23,33,-22,33,-22,25,-21,35,-27,30,-24,34,-20,32,-18,32,-18,25,-21,31,-24,33,-20,30,-22,30,-21,29,-25,28,-26,27,-24,25,0,0,0,0,0,0,0,0,0,0,0,0,0,0,0,0,0,0,0,0,0,0,-4,-30,2,-34,3,-32,9,-37,14,-34,17,-35,21,-31,26,-30,31,-30,34,-32,36,-29,45,-28,51,-24,51,-20,53,-19,60,-12,70,-20,59,-10,66,-6,65,4,60,-2,64,5,72,4,68,9,68,11,65,12,72,15,72,14,76,17,70,22,70,18,76,17,69,17,71,21,72,21,77,20,70,23,78,23,74,23,75,23,76,24,73,23,78,20,78,18,76,22,77,26,75,23,73,20,84,23,78,21,76,28,74,27,76,30,72,26,70,35,69,36,61,40,0,0]"
CSI_DATA,402,1a:00:00:00:00:00,-52,11,1,0,1,1,1,0,0,0,1,-96,0,11,2,5555607,0,44,0,384,0,"[0,0,0,0,0,0,0,0,0,0,0,0,4,-5,3,-4,2,-3,2,-3,1,-2,1,-2,0,-2,0,-1,-1,-1,-1,0,-2,0,-2,0,-2,1,-2,1,-3,1,-3,1,-3,2,-3,2,-3,3,-4,3,-4,3,-4,4,-4,4,-4,4,-4,4,-4,4,0,0,-4,5,-5,5,-4,6,-4,5,-4,6,-5,6,-5,6,-5,6,-5,6,-4,6,-5,6,-5,6,-5,6,-5,6,-5,6,-4,6,-4,6,-4,6,-4,6,-4,6,-5,6,-5,6,-5,5,-5,5,-6,5,-6,5,0,0,0,0,0,0,0,0,0,0,0,0,0,0,-28,-48,-24,-42,-24,-44,-17,-37,-15,-29,-11,-23,-10,-20,-5,-15,-10,-10,-6,-5,-3,-7,-2,-1,-5,4,-2,5,-2,6,-3,4,2,9,0,10,0,14,8,18,3,17,7,13,8,19,11,18,13,17,10,23,15,24,17,25,15,25,15,28,20,31,22,29,16,26,17,25,16,33,19,29,21,31,25,27,24,34,23,32,21,34,21,29,23,28,20,33,21,30,22,34,22,32,22,29,20,30,26,25,25,30,21,26,19,27,19,30,17,31,18,32,15,35,0,0,0,0,0,0,0,0,0,0,0,0,0,0,0,0,0,0,0,0,0,0,-32,-11,-31,-14,-32,-17,-34,-22,-24,-22,-30,-27,-27,-35,-27,-37,-18,-38,-14,-44,-11,-53,-9,-54,-4,-52,-1,-63,-1,-58,12,-57,14,-62,13,-55,19,-61,20,-58,24,-58,27,-60,28,-61,35,-65,32,-60,35,-61,40,-56,38,-69,43,-60,43,-60,44,-61,46,-65,42,-66,39,-62,40,-63,46,-65,44,-61,45,-61,44,-60,45,-64,46,-69,46,-59,44,-62,48,-69,48,-71,51,-71,45,-71,43,-69,51,-70,47,-61,57,-61,57,-63,56,-66,53,-57,56,-52,61,-55,57,-48,0,0]"
CSI_DATA,403,1a:00:00:00:00:00,-52,11,1,0,1,1,1,0,0,0,1,-96,0,11,2,5572165,0,44,0,384,0,"[0,0,0,0,0,0,0,0,0,0,0,0,-7,2,-6,1,-5,1,-4,1,-3,0,-2,0,-2,0,-1,0,0,0,0,0,1,0,1,0,2,0,2,-1,2,-1,3,-1,3,-1,3,-1,4,-2,4,-2,4,-2,5,-2,5,-2,5,-3,5,-3,6,-3,0,0,6,-3,6,-3,6,-4,6,-4,6,-4,7,-4,7,-4,7,-4,7,-4,7,-4,7,-4,7,-4,7,-4,7,-4,7,-4,6,-4,7,-4,7,-4,7,-4,7,-4,7,-4,7,-4,7,-3,7,-3,7,-3,7,-2,0,0,0,0,0,0,0,0,0,0,0,0,0,0,1,54,-4,46,-5,42,-4,37,-9,32,-2,21,-2,20,-4,12,1,15,1,8,1,6,5,3,2,0,5,-4,6,-7,5,-8,2,-10,3,-14,3,-13,10,-16,6,-15,9,-19,8,-21,5,-20,5,-25,9,-25,7,-31,6,-29,7,-29,5,-36,7,-29,9,-32,4,-34,5,-35,7,-36,10,-33,10,-38,11,-36,9,-40,14,-39,4,-43,12,-40,10,-39,9,-38,12,-36,11,-40,10,-36,10,-33,12,-34,13,-35,14,-33,11,-38,10,-32,10,-36,13,-33,17,-29,17,-33,0,0,0,0,0,0,0,0,0,0,0,0,0,0,0,0,0,0,0,0,0,0,25,8,28,11,31,15,28,20,25,26,23,30,23,30,18,37,14,38,7,45,7,51,3,53,-4,49,-8,57,-7,52,-16,52,-19,57,-25,53,-29,51,-32,57,-32,53,-44,52,-43,49,-45,51,-48,47,-47,51,-53,48,-54,45,-60,49,-56,47,-59,42,-59,42,-62,48,-61,48,-62,41,-63,47,-66,44,-65,41,-67,41,-65,44,-67,38,-70,44,-69,40,-69,47,-64,41,-76,48,-72,36,-73,37,-72,33,-75,37,-75,31,-79,34,-70,26,-75,30,-80,29,-70,15,-75,15,0,0]"
CSI_DATA,404,1a:00:00:00:00:00,-52,11,1,0,1,1,1,0,0,0,1,-96,0,11,2,5582176,0,44,0,384,0,"[0,0,0,0,0,0,0,0,0,0,0,0,5,-2,4,-2,4,-2,3,-1,2,-1,1,-1,1,-1,0,-1,-1,-1,-1,-1,-2,-1,-2,-1,-2,0,-3,0,-3,0,-4,0,-4,0,-4,0,-4,1,-5,1,-5,1,-5,1,-5,1,-6,2,-6,2,-6,2,0,0,-7,2,-7,2,-7,3,-7,3,-7,3,-7,3,-7,3,-7,3,-7,3,-7,3,-7,3,-7,3,-7,3,-7,3,-7,3,-7,3,-7,3,-7,3,-7,3,-7,3,-7,3,-7,3,-7,3,-7,2,-7,2,-7,2,0,0,0,0,0,0,0,0,0,0,0,0,0,0,-20,-50,-12,-46,-6,-40,-6,-43,-5,-41,-9,-22,-9,-19,-2,-20,-4,-13,-6,-12,-1,-8,-2,-4,-2,-1,-4,5,-5,3,-6,6,-4,12,-3,14,-4,11,1,15,3,16,-3,16,1,17,1,24,6,22,0,28,3,29,1,28,4,27,4,32,2,27,4,31,5,32,5,30,1,32,7,33,5,33,4,35,7,34,5,41,8,33,6,39,7,38,6,34,5,39,7,36,5,36,9,34,1,33,6,36,5,36,6,37,4,32,0,35,2,36,-3,37,-2,36,0,0,0,0,0,0,0,0,0,0,0,0,0,0,0,0,0,0,0,0,0,0,-31,-5,-30,-9,-33,-14,-32,-18,-31,-23,-26,-25,-26,-30,-25,-39,-23,-38,-22,-42,-17,-49,-10,-54,-8,-53,-6,-57,0,-61,3,-58,8,-60,13,-58,15,-58,17,-60,21,-65,24,-64,27,-63,29,-56,32,-61,39,-65,38,-60,39,-66,42,-60,43,-62,45,-60,46,-58,45,-60,50,-56,49,-55,47,-57,49,-56,47,-57,48,-60,48,-61,55,-64,49,-63,55,-58,50,-61,50,-59,61,-60,65,-59,55,-59,59,-58,60,-52,57,-53,64,-54,63,-52,60,-48,61,-44,63,-45,61,-33,0,0]"
CSI_DATA,405,1a:00:00:00:00:00,-52,11,1,0,1,1,1,0,0,0,1,-96,0,11,2,5594057,0,44,0,384,0,"[0,0,0,0,0,0,0,0,0,0,0,0,3,-6,2,-5,2,-4,1,-3,1,-3,0,-2,0,-2,0,-1,-1,-1,-1,-1,-2,0,-2,0,-2,1,-2,1,-3,1,-3,2,-3,2,-3,2,-3,3,-3,3,-4,3,-4,3,-4,3,-4,4,-4,4,-4,4,0,0,-4,5,-4,5,-4,5,-4,5,-4,5,-5,5,-5,5,-5,5,-5,6,-5,6,-4,6,-4,5,-4,5,-4,5,-5,5,-4,5,-4,5,-4,5,-5,5,-5,5,-5,5,-5,5,-5,5,-5,5,-5,5,-6,4,0,0,0,0,0,0,0,0,0,0,0,0,0,0,-14,-17,-16,-16,-12,-17,-8,-15,-10,-13,-7,-11,-7,-10,-5,-8,-3,-7,-5,-3,-1,-2,-1,1,-2,-1,-2,2,-1,3,-1,3,-1,4,0,5,0,6,1,7,2,7,3,8,5,8,3,10,4,10,5,11,4,9,7,11,6,11,9,11,7,13,7,12,7,12,7,14,9,12,9,14,7,14,6,13,8,15,7,14,7,13,7,15,9,11,9,13,8,14,6,11,9,15,7,15,9,15,6,14,8,12,7,14,7,14,4,13,6,14,7,16,4,14,0,0,0,0,0,0,0,0,0,0,0,0,0,0,0,0,0,0,0,0,0,0,3,5,-2,-15,-13,-3,-19,-8,-29,-19,-3,-10,-20,-21,-34,-7,-13,-4,8,3,-4,-29,-10,-19,-20,-19,-20,-15,-20,-9,-1,-29,-6,-16,-22,-26,0,-19,1,-15,-17,-17,2,-25,6,-33,2,-26,11,-38,15,-33,3,-26,1,-52,-2,-50,0,-19,29,-31,16,-18,-9,-9,21,-60,18,-59,-7,-33,24,-33,7,-36,7,-36,9,-38,9,-36,12,-35,11,-35,10,-36,11,-37,12,-31,13,-33,15,-33,14,-34,16,-37,15,-36,14,-37,18,-34,19,-30,21,-33,20,-31,21,-28,0,0]"
CSI_DATA,406,1a:00:00:00:00:00,-52,11,1,0,1,1,1,0,0,0,1,-96,0,11,2,5603137,0,44,0,384,0,"[0,0,0,0,0,0,0,0,0,0,0,0,3,4,2,4,2,3,2,2,1,2,1,1,0,0,0,0,0,-1,0,-1,0,-2,-1,-2,-1,-2,-1,-3,-1,-3,-2,-3,-2,-3,-2,-4,-2,-4,-2,-4,-3,-4,-3,-4,-3,-5,-3,-5,-4,-5,-4,-5,0,0,-4,-6,-4,-5,-4,-5,-5,-6,-5,-6,-5,-6,-5,-6,-5,-6,-5,-6,-5,-6,-5,-6,-5,-6,-5,-6,-5,-6,-5,-6,-5,-6,-5,-6,-5,-6,-5,-6,-5,-6,-5,-6,-5,-6,-5,-6,-5,-6,-4,-6,-4,-7,0,0,0,0,0,0,0,0,0,0,0,0,0,0,50,-15,45,-15,40,-11,35,-5,31,-8,27,-7,25,-4,14,-3,14,-7,8,-6,4,-1,2,-4,0,-5,-6,-3,-6,-3,-9,-9,-16,-3,-7,-1,-16,-3,-20,-5,-16,-8,-19,1,-25,1,-21,1,-23,2,-26,8,-26,4,-28,2,-27,4,-32,0,-34,8,-29,4,-38,5,-32,12,-35,9,-39,9,-33,11,-32,11,-33,13,-39,11,-39,5,-38,7,-37,7,-35,11,-35,11,-34,9,-35,6,-32,14,-36,9,-35,10,-34,10,-38,9,-34,11,-37,6,-36,6,-37,1,-34,4,0,0,0,0,0,0,0,0,0,0,0,0,0,0,0,0,0,0,0,0,0,0,2,-29,11,-28,21,-35,19,-32,25,-34,27,-27,29,-25,37,-18,41,-22,46,-17,45,-10,48,-10,55,-4,52,-1,54,5,64,4,58,12,62,17,58,24,60,20,61,24,63,28,65,31,57,33,62,33,59,41,61,40,59,42,62,46,59,44,57,48,54,48,56,47,55,45,61,55,63,51,60,52,62,49,54,54,59,51,59,52,65,53,60,51,56,49,56,51,62,60,62,57,58,56,61,62,55,60,54,64,54,65,51,63,48,62,48,65,41,62,35,66,0,0]"
CSI_DATA,407,1a:00:00:00:00:00,-52,11,1,0,1,1,1,0,0,0,1,-96,0,11,2,5613184,0,44,0,384,0,"[0,0,0,0,0,0,0,0,0,0,0,0,4,-5,3,-4,3,-3,2,-3,1,-2,1,-2,0,-2,0,-1,-1,-1,-1,-1,-1,-1,-2,0,-2,0,-3,0,-3,1,-3,1,-3,1,-3,1,-4,2,-4,2,-4,2,-4,2,-4,3,-4,3,-5,3,-5,3,0,0,-5,4,-5,4,-5,4,-5,4,-5,4,-5,4,-5,4,-5,4,-5,5,-5,5,-5,5,-5,4,-5,4,-5,4,-5,5,-5,5,-5,5,-5,5,-5,5,-5,5,-5,5,-5,4,-6,4,-6,4,-6,4,-6,3,0,0,0,0,0,0,0,0,0,0,0,0,0,0,-29,-49,-22,-40,-19,-44,-19,-38,-8,-36,-11,-28,-10,-22,-9,-24,-9,-14,-8,-9,-8,-10,-5,-5,-5,0,-4,4,-8,5,-3,9,-7,13,0,9,0,14,6,15,2,24,3,20,1,24,4,20,0,21,9,30,4,23,5,27,6,27,10,27,8,32,12,32,1,31,9,36,10,34,9,37,9,37,8,35,7,36,12,32,11,36,5,34,9,35,8,35,15,35,7,33,11,36,11,34,12,34,8,32,11,26,11,33,6,33,9,33,6,31,4,36,-1,35,0,0,0,0,0,0,0,0,0,0,0,0,0,0,0,0,0,0,0,0,0,0,-31,6,-33,-1,-33,-5,-38,-9,-35,-11,-39,-18,-34,-17,-38,-29,-36,-27,-33,-36,-30,-40,-26,-45,-25,-50,-19,-52,-17,-55,-14,-58,-11,-59,-7,-60,-4,-65,-3,-66,3,-65,6,-66,6,-66,16,-71,17,-66,17,-68,16,-67,19,-70,22,-74,22,-68,29,-67,28,-68,29,-72,30,-71,34,-75,32,-74,32,-67,35,-67,34,-68,39,-70,36,-69,31,-70,35,-73,39,-69,40,-69,45,-74,38,-73,40,-72,48,-70,47,-63,47,-66,50,-67,56,-70,52,-63,57,-62,56,-54,56,-47,0,0]"
CSI_DATA,408,1a:00:00:00:00:00,-52,11,1,0,1,1,1,0,0,0,1,-96,0,11,2,5623186,0,44,0,384,0,"[0,0,0,0,0,0,0,0,0,0,0,0,-3,5,-3,4,-2,4,-2,3,-2,2,-1,2,-1,1,0,1,0,0,0,0,1,-1,1,-1,1,-2,1,-2,1,-2,2,-3,2,-3,2,-3,2,-4,2,-4,2,-4,2,-5,2,-5,2,-5,2,-6,2,-6,0,0,3,-6,3,-6,3,-7,3,-7,3,-7,3,-7,3,-7,3,-7,3,-7,3,-7,3,-7,3,-7,3,-7,3,-7,3,-7,3,-7,3,-7,3,-7,3,-7,3,-7,3,-7,3,-7,3,-7,4,-7,4,-6,4,-6,0,0,0,0,0,0,0,0,0,0,0,0,0,0,19,13,16,13,17,13,14,10,10,8,8,8,7,6,6,5,6,3,3,1,4,1,0,0,1,-2,1,-1,-1,-3,-1,-3,-1,-7,-1,-5,-3,-8,-4,-5,-6,-6,-5,-7,-5,-6,-6,-10,-7,-8,-7,-9,-6,-8,-9,-10,-9,-9,-10,-11,-10,-11,-9,-10,-12,-10,-11,-13,-11,-10,-11,-9,-12,-11,-11,-12,-11,-11,-11,-11,-13,-14,-9,-11,-11,-9,-10,-11,-11,-10,-11,-8,-10,-9,-12,-11,-12,-12,-13,-9,-13,-10,-12,-13,-11,-11,-10,-10,-11,-10,-10,-11,-10,-13,0,0,0,0,0,0,0,0,0,0,0,0,0,0,0,0,0,0,0,0,0,0,0,-3,23,4,11,-5,12,-12,41,3,8,8,4,10,38,11,31,8,25,2,14,18,14,22,17,23,28,18,12,7,15,27,25,16,6,11,6,33,17,34,13,36,7,24,-12,36,-2,30,2,28,4,39,11,39,1,21,-7,28,-16,36,9,30,9,11,-7,34,-20,39,-35,17,-24,33,20,40,2,27,1,31,-3,34,-5,33,-5,31,-6,33,-5,34,-5,33,-8,33,-6,34,-4,34,-6,35,-8,34,-8,33,-9,34,-9,33,-11,30,-14,31,-13,28,-15,29,0,0]"
CSI_DATA,409,1a:00:00:00:00:00,-52,11,1,0,1,1,1,0,0,0,1,-96,0,11,2,5632261,0,44,0,384,0,"[0,0,0,0,0,0,0,0,0,0,0,0,-3,-6,-3,-5,-3,-4,-2,-4,-2,-3,-2,-2,-1,-2,-1,-1,-1,0,-1,0,-1,1,-1,1,-1,1,-1,2,-1,2,0,2,0,3,0,3,0,3,0,4,0,4,1,4,1,4,1,5,1,5,1,5,0,0,2,6,2,6,2,6,2,6,2,6,2,6,2,6,2,6,2,6,2,6,2,6,2,6,2,6,2,6,2,6,2,6,2,6,2,6,2,6,2,6,2,6,2,6,1,6,1,6,1,7,0,6,0,0,0,0,0,0,0,0,0,0,0,0,0,0,-54,-2,-49,-6,-42,-2,-40,-2,-32,-5,-28,-1,-23,-1,-21,-4,-22,-5,-9,-4,-8,2,-6,1,2,6,-1,2,1,7,5,6,7,9,8,7,6,7,14,9,16,13,19,11,14,9,18,7,17,8,22,14,27,11,24,13,28,13,24,7,30,9,31,10,29,7,33,12,34,10,29,7,34,8,30,7,36,12,29,13,31,13,34,11,31,11,30,9,32,9,29,9,34,11,28,11,30,6,27,9,34,13,31,13,32,12,26,11,29,16,29,15,25,18,0,0,0,0,0,0,0,0,0,0,0,0,0,0,0,0,0,0,0,0,0,0,-7,29,-12,27,-22,27,-27,27,-21,27,-31,26,-37,20,-34,20,-39,18,-43,10,-47,8,-46,3,-52,-2,-58,-5,-56,-9,-51,-15,-60,-17,-61,-25,-57,-25,-52,-32,-53,-34,-59,-37,-58,-39,-48,-45,-51,-44,-55,-49,-56,-49,-51,-50,-51,-56,-52,-55,-44,-59,-47,-59,-45,-63,-43,-62,-42,-60,-44,-66,-43,-64,-45,-60,-41,-67,-44,-64,-40,-67,-43,-66,-40,-70,-41,-71,-46,-66,-45,-73,-39,-74,-37,-68,-42,-78,-37,-73,-38,-71,-32,-80,-28,-76,-26,-71,-20,-75,-21,-78,-14,-75,0,0]"
CSI_DATA,410,1a:00:00:00:00:00,-52,11,1,0,1,1,1,0,0,0,1,-96,0,11,2,5642199,0,44,0,384,0,"[0,0,0,0,0,0,0,0,0,0,0,0,4,-5,3,-5,2,-4,2,-3,1,-3,1,-2,0,-2,0,-2,-1,-1,-1,-1,-2,-1,-2,0,-2,0,-3,0,-3,1,-3,1,-3,1,-3,1,-4,2,-4,2,-4,2,-4,2,-4,3,-4,3,-5,3,-5,3,0,0,-5,4,-5,4,-5,4,-5,4,-5,4,-5,4,-5,4,-5,4,-6,4,-5,4,-5,4,-6,4,-5,4,-5,4,-5,4,-5,4,-5,4,-5,4,-5,4,-5,4,-5,4,-6,4,-5,4,-6,4,-6,4,-6,3,0,0,0,0,0,0,0,0,0,0,0,0,0,0,-19,-50,-19,-46,-18,-42,-17,-33,-12,-32,-9,-24,-8,-23,-6,-21,-5,-15,-5,-11,-3,-10,-2,-6,-3,-2,-5,5,-2,3,-2,9,-3,10,-1,16,-2,13,-6,18,-2,17,0,15,-2,24,0,23,-1,17,-6,24,1,22,3,26,-1,29,8,29,2,29,5,35,4,34,7,32,5,31,3,35,5,35,2,37,3,35,2,34,2,35,1,38,3,36,5,38,0,33,2,38,2,36,2,29,1,37,-1,32,4,34,3,37,0,33,1,32,1,30,-5,32,-5,34,0,0,0,0,0,0,0,0,0,0,0,0,0,0,0,0,0,0,0,0,0,0,-28,8,-33,2,-33,-1,-36,-9,-34,-12,-37,-15,-36,-23,-34,-28,-31,-31,-31,-35,-29,-41,-25,-45,-26,-49,-22,-52,-18,-56,-10,-51,-10,-66,-2,-58,-7,-67,4,-62,5,-67,10,-70,11,-66,15,-72,17,-67,17,-70,18,-66,25,-70,24,-65,30,-74,33,-68,31,-70,35,-70,42,-71,36,-72,36,-72,36,-72,34,-69,34,-68,37,-70,42,-72,43,-69,43,-69,42,-70,41,-68,38,-65,45,-68,45,-70,55,-70,48,-71,52,-69,53,-67,60,-61,56,-54,61,-58,61,-51,62,-50,0,0]"
CSI_DATA,411,1a:00:00:00:00:00,-52,11,1,0,1,1,1,0,0,0,1,-96,0,11,2,5662377,0,44,0,384,0,"[0,0,0,0,0,0,0,0,0,0,0,0,-5,-5,-4,-5,-3,-4,-3,-3,-3,-3,-2,-2,-2,-1,-1,-1,-1,0,-1,0,-1,1,0,1,0,1,0,2,0,2,1,2,1,3,1,3,1,3,1,3,1,4,2,4,2,4,2,4,2,4,3,5,0,0,3,5,3,5,3,5,3,5,3,5,3,5,3,5,3,5,3,6,3,6,3,5,3,5,3,5,3,5,3,5,3,5,3,5,3,5,3,5,3,5,3,5,3,5,3,6,3,6,2,6,2,6,0,0,0,0,0,0,0,0,0,0,0,0,0,0,-52,20,-46,16,-42,8,-39,7,-31,6,-31,10,-26,3,-20,6,-16,3,-12,8,-4,2,-2,7,-4,5,3,3,3,0,6,5,10,4,12,2,13,4,16,2,18,6,19,5,23,1,21,-2,23,-1,27,0,26,-1,28,1,29,1,32,1,32,-5,37,2,32,-1,32,2,35,0,32,1,35,-2,36,-7,33,-1,34,-1,31,1,35,2,33,-1,32,3,33,-1,27,-5,36,0,32,-5,34,-3,33,2,35,-1,35,-7,29,1,29,4,34,6,31,8,31,12,0,0,0,0,0,0,0,0,0,0,0,0,0,0,0,0,0,0,0,0,0,0,2,29,-4,29,-7,33,-13,34,-13,35,-19,31,-25,29,-29,29,-37,32,-40,28,-41,26,-50,20,-48,17,-55,11,-58,9,-56,11,-59,4,-59,-1,-65,-3,-60,-6,-67,-12,-65,-10,-62,-14,-68,-23,-63,-30,-67,-25,-65,-26,-69,-29,-64,-32,-63,-38,-65,-38,-70,-35,-62,-43,-67,-40,-64,-40,-68,-42,-65,-39,-64,-47,-64,-43,-66,-43,-68,-47,-60,-48,-65,-48,-67,-52,-63,-47,-63,-54,-65,-52,-62,-51,-69,-51,-56,-60,-61,-61,-57,-60,-55,-58,-48,-61,-47,-63,-48,-67,-44,-58,0,0]"
CSI_DATA,412,1a:00:00:00:00:00,-52,11,1,0,1,1,1,0,0,0,1,-96,0,11,2,5672156,0,44,0,384,0,"[0,0,0,0,0,0,0,0,0,0,0,0,5,2,4,1,4,1,3,1,2,0,1,0,1,0,0,-1,0,-1,0,-1,-1,-2,-1,-2,-1,-2,-2,-2,-2,-2,-3,-3,-3,-3,-3,-3,-3,-3,-4,-3,-4,-3,-4,-3,-4,-3,-5,-3,-5,-3,-5,-4,0,0,-6,-4,-6,-4,-6,-4,-6,-4,-6,-4,-6,-4,-6,-4,-6,-4,-6,-4,-6,-4,-6,-4,-6,-4,-6,-4,-6,-4,-6,-4,-6,-4,-6,-4,-6,-4,-6,-4,-6,-4,-6,-4,-6,-4,-6,-4,-6,-5,-5,-5,-5,-5,0,0,0,0,0,0,0,0,0,0,0,0,0,0,32,-47,29,-39,24,-32,19,-31,18,-29,14,-25,14,-21,12,-16,0,-12,3,-11,0,-8,1,-4,0,-5,-8,-3,-4,-3,-11,-3,-10,0,-11,6,-10,6,-13,6,-15,11,-16,7,-16,10,-19,13,-18,13,-18,14,-20,16,-21,18,-21,22,-23,16,-28,19,-26,25,-24,20,-25,21,-23,24,-26,19,-28,25,-29,25,-27,22,-29,25,-29,21,-29,24,-27,24,-23,22,-27,21,-23,27,-27,21,-26,23,-26,22,-23,22,-23,20,-25,18,-25,20,-23,22,-28,20,-26,17,-34,16,0,0,0,0,0,0,0,0,0,0,0,0,0,0,0,0,0,0,0,0,0,0,-18,-23,-13,-27,-10,-33,-11,-36,-4,-34,0,-38,4,-44,12,-42,13,-42,16,-44,25,-46,25,-44,31,-43,36,-43,41,-37,43,-35,46,-39,55,-37,58,-35,57,-28,57,-26,64,-26,65,-23,64,-19,64,-16,67,-14,69,-10,72,-10,73,-7,72,-9,74,-8,77,-4,72,-4,74,-3,77,1,79,0,73,-2,73,-2,78,0,83,0,79,1,80,0,81,5,79,-3,83,3,73,-1,81,5,81,0,82,2,80,9,85,14,80,10,81,22,76,19,72,26,70,23,70,22,0,0]"
CSI_DATA,413,1a:00:00:00:00:00,-52,11,1,0,1,1,1,0,0,0,1,-96,0,11,2,5682150,0,44,0,384,0,"[0,0,0,0,0,0,0,0,0,0,0,0,-7,-1,-6,-1,-5,-1,-4,-1,-3,-1,-2,0,-2,0,-1,0,-1,0,0,0,0,1,1,1,1,1,1,1,2,1,2,1,3,1,3,1,3,1,3,1,4,1,4,1,4,1,5,1,5,1,5,1,0,0,6,1,6,1,6,1,6,1,6,1,6,1,6,1,6,1,6,1,6,1,6,1,6,1,6,1,6,1,6,1,6,1,6,1,6,1,6,1,6,1,6,1,6,1,6,2,6,2,6,2,5,3,0,0,0,0,0,0,0,0,0,0,0,0,0,0,-11,50,-12,45,-17,38,-11,36,-13,28,-10,25,-10,17,-9,19,-3,10,-5,13,-4,4,3,9,5,3,8,1,9,-3,5,-4,11,-7,11,-11,11,-11,13,-12,16,-9,12,-14,12,-14,15,-16,16,-16,19,-17,18,-20,15,-23,16,-26,21,-21,24,-24,21,-24,22,-24,19,-24,20,-26,23,-28,21,-27,26,-26,24,-26,24,-24,25,-24,27,-25,19,-29,22,-26,22,-25,22,-27,26,-24,20,-26,21,-24,27,-25,22,-28,23,-24,23,-19,25,-20,24,-21,25,-21,23,-19,0,0,0,0,0,0,0,0,0,0,0,0,0,0,0,0,0,0,0,0,0,0,25,7,25,15,25,22,26,26,21,25,13,30,18,36,10,41,10,38,4,45,-2,52,-3,54,-7,49,-11,53,-16,55,-18,51,-31,59,-33,47,-36,53,-42,54,-41,51,-47,45,-49,44,-50,46,-49,42,-57,47,-57,56,-62,39,-61,39,-66,39,-66,35,-72,36,-68,34,-68,27,-68,28,-73,28,-70,29,-73,26,-70,33,-73,31,-68,28,-73,28,-77,23,-80,29,-75,25,-80,29,-77,21,-80,21,-83,17,-76,19,-82,20,-81,13,-84,8,-83,-1,-77,4,-81,-6,-77,-10,0,0]"
