type,id,mac,rssi,rate,sig_mode,mcs,bandwidth,smoothing,not_sounding,aggregation,stbc,fec_coding,sgi,noise_floor,ampdu_cnt,channel,secondary_channel,local_timestamp,ant,sig_len,rx_state,len,first_word,data
CSI_DATA,66,2a:00:00:00:00:00,-43,11,1,0,1,1,1,0,0,0,1,-96,0,11,2,1145413,0,44,0,384,0,"[0,0,0,0,0,0,0,0,0,0,0,0,-9,-2,-9,-1,-9,-1,-9,-1,-9,0,-9,0,-9,1,-9,1,-9,1,-8,1,-9,1,-8,1,-8,1,-8,1,-8,2,-8,2,-8,2,-8,2,-8,2,-8,2,-8,2,-8,2,-8,2,-8,2,-8,2,-8,2,0,0,-8,2,-8,1,-8,1,-8,1,-8,0,-7,0,-7,0,-7,0,-7,0,-7,0,-7,-1,-6,-1,-6,-2,-6,-2,-6,-2,-5,-2,-5,-2,-5,-2,-5,-2,-4,-2,-4,-2,-4,-3,-4,-3,-3,-3,-3,-3,-3,-3,0,0,0,0,0,0,0,0,0,0,0,0,0,0,-49,-23,-50,-19,-53,-15,-51,-12,-50,-11,-52,-9,-46,-7,-47,-7,-48,-7,-47,-5,-47,1,-47,3,-49,2,-46,4,-45,0,-47,5,-50,6,-43,8,-43,7,-46,12,-46,10,-45,10,-44,14,-44,10,-42,12,-42,9,-43,10,-43,11,-44,10,-46,13,-45,10,-46,10,-43,5,-40,7,-44,6,-43,2,-40,7,-43,0,-39,2,-36,0,-41,-3,-37,-5,-34,-9,-33,-11,-30,-9,-30,-8,-27,-9,-27,-12,-21,-11,-24,-9,-22,-13,-21,-13,-18,-13,-16,-15,-17,-13,-13,-11,-12,-17,0,0,0,0,0,0,0,0,0,0,0,0,0,0,0,0,0,0,0,0,0,0,45,-11,46,-11,48,-9,48,-8,47,-9,50,-5,50,-6,51,-11,54,-7,51,-6,55,-7,54,-9,59,-8,59,-8,60,-10,58,-8,62,-10,61,-10,62,-14,61,-9,63,-11,64,-12,61,-14,62,-12,63,-12,61,-14,62,-15,61,-18,59,-17,63,-20,57,-25,61,-24,55,-27,55,-28,56,-33,57,-34,52,-34,55,-36,52,-35,55,-38,53,-40,48,-43,51,-44,50,-44,46,-44,44,-48,41,-49,41,-50,42,-51,39,-49,42,-48,37,-48,35,-49,32,-48,29,-49,31,-50,30,-50,0,0]"
CSI_DATA,67,2a:00:00:00:00:00,-42,11,1,0,1,1,1,0,0,0,1,-96,0,11,2,1155130,0,44,0,384,0,"[0,0,0,0,0,0,0,0,0,0,0,0,8,4,8,4,8,3,8,3,8,3,8,3,8,2,8,2,8,2,8,1,8,1,8,1,8,1,8,1,8,1,8,0,8,0,8,0,8,0,8,0,8,0,8,0,8,0,8,0,8,0,8,0,0,0,8,1,8,1,8,1,7,1,7,2,7,2,7,2,6,2,6,2,5,2,5,2,5,3,5,3,4,3,4,3,3,3,3,3,3,3,3,3,2,3,2,3,2,3,2,3,1,3,1,3,1,3,0,0,0,0,0,0,0,0,0,0,0,0,0,0,26,48,26,40,31,41,31,37,34,35,36,38,34,33,33,35,35,28,41,29,38,28,40,30,39,23,38,23,38,22,41,20,43,20,40,20,44,19,39,14,45,15,41,15,45,18,41,18,38,19,42,16,42,12,43,16,42,13,42,14,43,18,41,16,38,18,42,20,35,16,34,21,35,23,32,22,32,26,29,22,27,24,28,22,25,23,24,25,22,25,18,22,18,23,16,24,13,23,8,21,12,19,5,20,7,21,6,19,3,21,3,21,2,18,0,0,0,0,0,0,0,0,0,0,0,0,0,0,0,0,0,0,0,0,0,0,-44,-15,-45,-20,-42,-21,-46,-22,-46,-21,-45,-24,-47,-27,-49,-27,-47,-28,-45,-26,-52,-26,-54,-24,-54,-28,-55,-29,-54,-32,-52,-32,-57,-30,-50,-29,-59,-30,-58,-33,-54,-28,-59,-28,-58,-29,-60,-29,-60,-26,-62,-25,-61,-24,-65,-23,-58,-23,-63,-22,-59,-16,-66,-17,-60,-16,-62,-15,-64,-10,-65,-8,-63,-7,-65,-3,-65,-3,-67,1,-67,2,-62,4,-66,7,-65,5,-65,7,-62,8,-63,10,-63,14,-62,12,-58,12,-60,16,-57,20,-60,20,-53,22,-57,21,-56,24,-52,24,0,0]"
CSI_DATA,68,2a:00:00:00:00:00,-43,11,1,0,1,1,1,0,0,0,1,-96,0,11,2,1175051,0,44,0,384,0,"[0,0,0,0,0,0,0,0,0,0,0,0,-1,8,-1,8,0,8,0,8,0,8,0,8,0,8,1,8,1,8,1,7,1,8,2,8,2,7,2,7,2,7,2,7,2,7,2,7,3,7,2,7,2,7,2,7,2,7,2,7,2,7,2,7,0,0,2,7,1,7,1,7,1,7,1,7,0,7,0,6,0,6,-1,6,-1,6,-1,6,-1,5,-1,5,-2,5,-2,4,-2,4,-2,4,-2,4,-3,3,-3,3,-3,3,-3,3,-3,2,-3,2,-3,2,-3,1,0,0,0,0,0,0,0,0,0,0,0,0,0,0,-17,50,-16,47,-13,48,-11,46,-10,47,-7,48,-4,45,-2,47,1,44,2,48,3,46,4,44,4,44,6,41,6,45,9,43,7,46,14,44,10,42,10,41,14,42,11,42,15,42,14,41,15,44,15,42,12,43,13,42,15,41,13,43,11,41,8,43,10,43,9,42,9,41,3,41,5,41,2,39,2,41,-1,39,-7,36,-5,33,-5,33,-7,31,-7,29,-10,27,-9,27,-12,27,-13,26,-12,19,-13,19,-12,18,-11,18,-13,15,-15,13,-16,12,-14,12,0,0,0,0,0,0,0,0,0,0,0,0,0,0,0,0,0,0,0,0,0,0,-17,-42,-18,-47,-17,-44,-17,-46,-14,-46,-19,-50,-15,-49,-17,-52,-17,-52,-16,-52,-17,-56,-16,-58,-19,-59,-19,-59,-21,-58,-14,-58,-18,-61,-18,-61,-21,-61,-20,-63,-21,-58,-22,-61,-22,-63,-20,-62,-21,-62,-23,-59,-21,-58,-25,-60,-25,-56,-30,-59,-29,-53,-33,-58,-33,-53,-38,-53,-36,-53,-37,-53,-39,-51,-39,-50,-42,-50,-44,-51,-47,-47,-48,-46,-49,-47,-52,-48,-49,-46,-49,-38,-49,-40,-54,-34,-53,-37,-53,-37,-53,-36,-53,-34,-51,-35,-53,-29,-54,-31,-56,-27,-53,-26,0,0]"
CSI_DATA,69,2a:00:00:00:00:00,-43,11,1,0,1,1,1,0,0,0,1,-96,0,11,2,1196643,0,44,0,384,0,"[0,0,0,0,0,0,0,0,0,0,0,0,7,4,8,3,7,3,8,3,7,2,8,2,8,2,8,1,7,1,8,1,8,1,8,1,8,1,7,1,8,0,8,0,8,0,7,0,8,0,8,0,7,0,8,0,7,0,8,0,7,0,7,0,0,0,7,0,7,1,7,1,7,1,7,1,6,1,6,2,6,2,6,2,5,2,5,2,5,3,4,3,4,3,3,3,3,3,3,3,3,3,2,3,2,3,2,3,2,3,1,3,1,3,1,3,0,3,0,0,0,0,0,0,0,0,0,0,0,0,0,0,29,42,28,40,31,40,33,34,34,32,35,32,33,33,37,31,35,28,38,24,41,28,40,21,41,22,41,23,39,22,38,19,43,22,40,19,43,13,41,16,42,16,41,13,44,15,40,12,40,14,42,17,39,9,43,17,40,16,39,16,39,15,39,16,33,17,38,16,38,14,34,19,33,21,34,19,32,18,30,20,30,22,27,21,21,26,20,25,21,24,18,22,15,23,14,23,12,24,11,21,8,22,6,22,8,19,5,19,2,21,1,16,0,18,0,0,0,0,0,0,0,0,0,0,0,0,0,0,0,0,0,0,0,0,0,0,-46,-15,-45,-14,-45,-18,-49,-17,-47,-18,-49,-18,-50,-21,-51,-18,-50,-19,-48,-24,-50,-26,-54,-26,-56,-24,-56,-28,-60,-27,-54,-26,-63,-26,-57,-25,-62,-23,-61,-24,-63,-21,-62,-22,-59,-23,-64,-24,-59,-27,-62,-24,-60,-22,-61,-17,-63,-20,-63,-13,-60,-12,-66,-12,-62,-7,-65,-6,-66,-4,-65,-1,-61,-1,-64,0,-68,-1,-66,1,-68,7,-63,9,-65,12,-65,15,-64,15,-61,14,-62,21,-61,20,-62,23,-64,17,-60,19,-55,19,-60,23,-57,20,-55,21,-53,26,-53,27,0,0]"
CSI_DATA,70,2a:00:00:00:00:00,-43,11,1,0,1,1,1,0,0,0,1,-96,0,11,2,1215539,0,44,0,384,0,"[0,0,0,0,0,0,0,0,0,0,0,0,-3,8,-3,8,-2,8,-2,8,-2,8,-1,8,-1,8,-1,8,-1,8,0,8,0,8,0,8,0,8,1,8,1,8,1,8,1,8,1,8,2,8,2,7,1,7,2,8,1,8,2,7,1,7,1,7,0,0,1,8,1,7,1,7,0,7,0,7,0,7,0,7,-1,6,-1,7,-2,6,-2,6,-2,5,-2,5,-2,5,-3,5,-3,4,-2,4,-3,4,-3,3,-3,3,-3,3,-3,3,-3,2,-3,2,-3,2,-3,1,0,0,0,0,0,0,0,0,0,0,0,0,0,0,-29,43,-25,44,-18,46,-22,44,-19,44,-16,45,-11,43,-12,47,-8,44,-9,45,-7,45,-6,46,-5,45,-2,46,-4,44,-3,47,-2,45,1,44,2,45,3,44,4,44,4,43,7,44,6,43,6,43,6,43,2,46,7,44,10,43,5,44,4,42,2,43,-1,40,1,44,1,40,-2,43,-3,39,-5,39,-6,37,-10,38,-9,34,-9,34,-10,31,-11,30,-14,30,-12,24,-15,24,-15,23,-15,21,-16,19,-17,17,-19,14,-18,17,-18,15,-16,11,-19,9,-17,9,0,0,0,0,0,0,0,0,0,0,0,0,0,0,0,0,0,0,0,0,0,0,-8,-44,-8,-47,-7,-47,-6,-51,-6,-52,-4,-53,-3,-52,-3,-55,-5,-58,-4,-55,-7,-61,-7,-62,-5,-61,-7,-64,-7,-67,-3,-57,-2,-54,-3,-57,-2,-66,-7,-64,-2,-64,-6,-65,-4,-65,-9,-66,-8,-64,-11,-61,-12,-66,-12,-63,-13,-61,-14,-66,-18,-56,-19,-61,-24,-61,-24,-60,-26,-61,-24,-60,-27,-55,-32,-57,-33,-56,-34,-55,-38,-58,-34,-54,-39,-53,-40,-54,-40,-53,-45,-50,-41,-49,-43,-50,-44,-48,-43,-42,-44,-44,-49,-40,-49,-41,-44,-38,-50,-38,-45,-37,-44,-38,0,0]"
CSI_DATA,71,2a:00:00:00:00:00,-43,11,1,0,1,1,1,0,0,0,1,-96,0,11,2,1225034,0,44,0,384,0,"[0,0,0,0,0,0,0,0,0,0,0,0,-4,8,-3,7,-3,8,-3,7,-2,8,-3,8,-2,7,-2,7,-1,8,-1,8,-1,8,-1,8,0,8,0,8,0,7,0,8,0,7,0,8,0,7,0,7,0,7,0,7,0,7,1,7,0,7,0,7,0,0,0,7,0,7,0,7,-1,7,-1,7,-1,6,-1,6,-2,6,-2,6,-2,6,-3,5,-2,5,-2,5,-3,4,-3,4,-3,4,-3,4,-3,3,-3,3,-3,3,-3,2,-3,2,-3,2,-3,2,-3,1,-3,1,0,0,0,0,0,0,0,0,0,0,0,0,0,0,-18,46,-15,47,-12,47,-11,45,-8,48,-6,50,-3,46,-5,45,0,45,0,41,-1,49,4,47,3,46,8,43,8,44,11,42,9,47,10,44,12,43,10,42,9,45,14,43,13,38,13,39,13,40,10,43,13,40,14,41,12,41,12,42,11,41,9,42,9,39,6,43,5,41,7,42,5,38,4,37,-1,39,-1,38,-4,36,-4,33,-2,35,-6,32,-8,30,-11,26,-10,25,-10,25,-13,23,-13,22,-13,21,-14,21,-14,19,-12,17,-14,14,-16,12,-15,13,0,0,0,0,0,0,0,0,0,0,0,0,0,0,0,0,0,0,0,0,0,0,-18,-43,-18,-45,-16,-45,-15,-49,-17,-49,-12,-49,-13,-49,-17,-50,-11,-57,-14,-56,-16,-56,-16,-59,-16,-60,-17,-60,-16,-59,-14,-61,-16,-61,-16,-63,-15,-57,-16,-64,-21,-61,-19,-64,-19,-61,-21,-61,-22,-62,-22,-61,-22,-61,-26,-60,-27,-60,-30,-56,-28,-58,-31,-56,-32,-55,-35,-51,-35,-53,-39,-51,-42,-52,-42,-49,-40,-50,-49,-49,-46,-50,-47,-46,-46,-45,-51,-47,-50,-41,-49,-39,-50,-39,-52,-40,-55,-40,-53,-36,-52,-34,-51,-33,-53,-34,-49,-32,-53,-26,-53,-27,-52,-30,0,0]"
CSI_DATA,72,2a:00:00:00:00:00,-43,11,1,0,1,1,1,0,0,0,1,-96,0,11,2,1235442,0,44,0,384,0,"[0,0,0,0,0,0,0,0,0,0,0,0,-9,-1,-9,-1,-9,0,-9,0,-8,0,-9,1,-9,1,-9,1,-9,1,-8,2,-8,2,-8,2,-8,2,-8,2,-8,2,-8,2,-8,3,-7,3,-8,3,-8,3,-8,2,-8,3,-8,3,-7,3,-7,3,-8,3,0,0,-8,2,-7,2,-8,2,-7,2,-8,1,-7,1,-7,0,-7,0,-7,0,-7,0,-7,0,-6,-1,-6,-1,-6,-1,-6,-1,-6,-2,-5,-2,-5,-2,-5,-2,-4,-2,-4,-2,-4,-3,-3,-2,-3,-3,-3,-3,-3,-3,0,0,0,0,0,0,0,0,0,0,0,0,0,0,-47,-24,-45,-16,-50,-21,-47,-16,-50,-13,-48,-8,-45,-7,-48,-7,-45,-4,-45,-3,-47,-2,-48,-2,-49,1,-47,2,-45,4,-46,6,-44,5,-44,9,-43,8,-44,5,-44,10,-42,10,-43,11,-43,8,-40,12,-45,9,-42,13,-42,12,-44,8,-42,10,-42,11,-46,10,-39,6,-42,7,-40,4,-37,0,-40,1,-39,0,-41,-2,-39,-2,-36,-5,-32,-6,-34,-8,-33,-9,-32,-9,-29,-9,-31,-11,-25,-12,-27,-10,-23,-11,-22,-14,-18,-15,-16,-13,-16,-14,-15,-16,-14,-16,-11,-16,0,0,0,0,0,0,0,0,0,0,0,0,0,0,0,0,0,0,0,0,0,0,44,-12,48,-8,46,-9,53,-6,48,-7,53,-5,48,-6,54,-5,55,-4,54,-7,57,-4,54,-5,60,-8,61,-8,63,-7,59,-8,67,-7,62,-7,61,-10,63,-8,64,-10,64,-9,62,-9,66,-12,63,-12,62,-15,62,-13,62,-15,60,-19,60,-18,56,-21,62,-23,58,-24,57,-27,57,-27,57,-33,52,-32,54,-36,53,-37,53,-38,54,-37,48,-41,49,-44,51,-46,49,-45,43,-46,45,-46,44,-46,44,-45,41,-44,40,-47,36,-49,38,-48,33,-51,33,-49,34,-49,30,-49,0,0]"
CSI_DATA,73,2a:00:00:00:00:00,-43,11,1,0,1,1,1,0,0,0,1,-96,0,11,2,1245044,0,44,0,384,0,"[0,0,0,0,0,0,0,0,0,0,0,0,-5,7,-5,7,-4,7,-4,7,-4,7,-4,7,-3,7,-3,7,-3,7,-2,7,-2,7,-2,7,-2,7,-2,7,-2,7,-2,7,-1,7,-1,7,-1,7,-1,7,-1,7,-1,7,-1,7,-1,7,-1,7,-2,7,0,0,-2,7,-2,6,-2,7,-2,6,-2,6,-2,6,-2,6,-3,5,-3,6,-3,5,-4,5,-3,4,-3,4,-4,4,-4,3,-4,3,-4,3,-4,3,-4,2,-4,2,-4,2,-3,1,-4,1,-4,1,-4,1,-4,0,0,0,0,0,0,0,0,0,0,0,0,0,0,0,-38,36,-38,36,-33,39,-31,36,-26,38,-28,36,-26,38,-21,39,-20,41,-25,44,-21,42,-20,42,-17,42,-12,42,-15,40,-11,43,-12,44,-8,44,-9,41,-10,40,-8,45,-7,43,-4,44,-6,42,-7,41,-6,41,-5,41,-3,45,-3,43,-4,44,-8,41,-10,40,-9,42,-9,39,-10,38,-13,41,-14,41,-14,35,-18,34,-18,29,-19,31,-18,31,-16,26,-20,29,-18,23,-21,22,-20,21,-20,20,-20,17,-20,13,-20,12,-20,11,-20,10,-20,9,-19,7,-20,9,-21,3,0,0,0,0,0,0,0,0,0,0,0,0,0,0,0,0,0,0,0,0,0,0,5,-47,8,-47,10,-47,12,-47,11,-49,14,-50,15,-51,16,-52,17,-51,14,-53,14,-57,16,-57,16,-60,13,-60,15,-56,20,-62,17,-62,16,-61,16,-61,17,-62,13,-65,17,-62,14,-64,12,-67,11,-66,8,-65,8,-59,10,-64,7,-63,1,-63,-1,-62,-2,-67,0,-64,-3,-64,-5,-65,-6,-62,-10,-61,-11,-63,-17,-64,-18,-62,-19,-60,-21,-65,-22,-62,-23,-65,-23,-63,-24,-61,-24,-60,-28,-61,-26,-58,-29,-58,-32,-53,-32,-53,-31,-54,-32,-50,-34,-45,-34,-48,-35,-47,0,0]"
CSI_DATA,74,2a:00:00:00:00:00,-43,11,1,0,1,1,1,0,0,0,1,-96,0,11,2,1255059,0,44,0,384,0,"[0,0,0,0,0,0,0,0,0,0,0,0,-3,8,-2,8,-1,8,-1,8,-1,8,-1,8,-1,8,0,8,-1,8,0,7,0,8,0,7,1,7,1,7,1,7,1,7,1,7,1,7,2,7,2,7,2,7,2,7,1,7,2,7,1,7,1,7,0,0,1,7,1,7,1,7,0,7,0,7,0,7,0,6,0,6,-1,6,-1,6,-2,6,-1,5,-2,5,-2,5,-2,4,-2,4,-2,4,-3,4,-3,3,-3,3,-3,3,-3,3,-3,2,-3,2,-3,2,-3,1,0,0,0,0,0,0,0,0,0,0,0,0,0,0,-33,39,-30,40,-29,41,-25,40,-27,44,-21,41,-17,42,-18,42,-15,43,-13,42,-14,43,-12,44,-11,42,-9,44,-8,42,-8,43,-8,43,-5,41,-4,40,-4,44,-2,44,-4,41,1,42,1,44,3,42,2,43,-4,45,-2,44,-4,44,-4,41,-5,42,-5,41,-3,42,-3,43,-6,41,-8,42,-6,36,-6,38,-7,37,-13,34,-14,34,-19,30,-15,30,-17,26,-15,26,-18,23,-17,24,-17,22,-18,17,-18,16,-18,14,-16,14,-16,11,-17,12,-18,12,-20,8,-15,4,0,0,0,0,0,0,0,0,0,0,0,0,0,0,0,0,0,0,0,0,0,0,0,-47,1,-48,2,-48,3,-51,-1,-51,1,-54,4,-48,4,-58,3,-57,4,-55,6,-57,7,-56,5,-62,6,-62,6,-61,7,-64,7,-65,5,-65,3,-66,4,-63,3,-62,1,-67,5,-66,3,-67,4,-65,3,-64,1,-64,-2,-63,-4,-65,-9,-64,-9,-61,-10,-64,-16,-62,-17,-61,-16,-59,-16,-61,-20,-61,-21,-62,-24,-62,-25,-61,-27,-61,-31,-59,-32,-59,-34,-60,-31,-54,-32,-53,-37,-53,-36,-53,-38,-51,-36,-51,-37,-49,-40,-49,-39,-44,-37,-45,-39,-47,-41,-39,-41,-44,0,0]"
CSI_DATA,75,2a:00:00:00:00:00,-43,11,1,0,1,1,1,0,0,0,1,-96,0,11,2,1265102,0,44,0,384,0,"[0,0,0,0,0,0,0,0,0,0,0,0,2,8,3,8,3,7,3,8,4,7,4,7,4,7,5,6,4,6,5,6,5,6,5,6,5,6,5,6,5,5,6,5,6,5,5,5,6,5,6,5,6,5,6,5,5,5,6,5,6,5,5,5,0,0,5,5,5,5,5,5,4,5,4,5,4,5,4,5,4,5,3,5,3,5,2,5,2,5,1,5,2,5,1,5,0,5,1,4,0,4,0,4,-1,4,-1,3,-1,4,-1,3,-1,3,-1,3,-2,3,0,0,0,0,0,0,0,0,0,0,0,0,0,0,2,52,4,50,8,50,9,47,9,46,14,42,14,45,14,44,18,43,19,41,22,41,22,39,22,37,22,39,22,37,26,36,26,37,26,35,26,32,26,34,30,37,26,31,32,33,29,32,29,34,29,33,27,33,32,34,27,29,28,33,24,31,26,35,24,32,24,34,21,32,22,36,19,34,20,33,17,35,15,31,11,33,8,32,9,32,10,30,5,33,4,29,1,30,2,30,-2,23,-2,26,0,21,-4,23,-5,20,-4,21,-6,17,-10,17,-9,16,0,0,0,0,0,0,0,0,0,0,0,0,0,0,0,0,0,0,0,0,0,0,-29,-37,-31,-37,-28,-40,-30,-40,-32,-41,-30,-42,-30,-42,-30,-46,-31,-44,-33,-46,-30,-48,-33,-49,-34,-51,-32,-54,-31,-51,-40,-47,-36,-61,-34,-51,-40,-56,-37,-54,-38,-51,-38,-52,-41,-53,-40,-56,-41,-51,-41,-51,-43,-48,-45,-47,-45,-47,-46,-47,-44,-43,-49,-42,-51,-42,-51,-36,-55,-37,-52,-33,-55,-33,-56,-32,-58,-32,-60,-31,-60,-26,-63,-28,-60,-27,-61,-22,-58,-23,-64,-22,-64,-17,-62,-16,-62,-16,-65,-14,-64,-12,-62,-9,-60,-10,-59,-8,-60,-10,-62,-4,-59,-3,0,0]"
CSI_DATA,76,2a:00:00:00:00:00,-43,11,1,0,1,1,1,0,0,0,1,-96,0,11,2,1275265,0,44,0,384,0,"[0,0,0,0,0,0,0,0,0,0,0,0,6,-6,5,-7,5,-7,5,-7,4,-7,5,-7,4,-7,4,-7,4,-8,4,-8,4,-7,3,-8,3,-8,3,-8,3,-8,3,-8,2,-8,2,-8,2,-8,2,-8,2,-8,2,-8,2,-8,2,-8,2,-8,3,-8,0,0,3,-8,3,-7,3,-7,3,-7,3,-6,3,-6,4,-6,3,-6,4,-6,4,-5,4,-5,4,-4,4,-4,4,-4,4,-3,4,-3,4,-3,4,-3,4,-2,3,-2,3,-2,3,-1,3,-1,3,-1,3,-1,3,-1,0,0,0,0,0,0,0,0,0,0,0,0,0,0,41,-28,39,-27,39,-32,36,-30,32,-32,31,-36,29,-36,29,-37,26,-32,26,-40,24,-39,24,-44,26,-41,18,-37,23,-37,22,-40,19,-40,18,-40,14,-41,16,-39,14,-44,14,-40,12,-45,10,-43,12,-43,11,-41,11,-39,14,-42,13,-40,16,-42,16,-41,16,-40,16,-38,16,-38,17,-38,19,-38,17,-36,17,-34,18,-34,21,-30,21,-28,26,-25,22,-24,22,-19,24,-20,21,-18,23,-19,20,-14,22,-15,22,-14,22,-10,20,-9,18,-9,17,-2,18,-3,19,-1,19,-2,0,0,0,0,0,0,0,0,0,0,0,0,0,0,0,0,0,0,0,0,0,0,-14,43,-15,43,-18,42,-19,48,-18,45,-21,48,-21,48,-19,49,-22,51,-21,47,-27,52,-25,50,-25,55,-28,56,-25,57,-28,51,-26,61,-22,56,-23,58,-22,60,-25,61,-23,57,-20,56,-25,56,-26,58,-23,58,-21,63,-17,65,-16,59,-15,60,-12,59,-9,65,-7,66,-5,63,-3,62,-4,65,-2,59,-1,62,2,65,2,63,7,64,9,63,9,64,14,64,14,64,19,65,17,59,18,61,23,59,18,58,18,58,20,60,23,60,22,56,24,54,25,54,24,50,0,0]"
CSI_DATA,77,2a:00:00:00:00:00,-43,11,1,0,1,1,1,0,0,0,1,-96,0,11,2,1285024,0,44,0,384,0,"[0,0,0,0,0,0,0,0,0,0,0,0,-7,5,-7,5,-7,5,-5,6,-6,5,-6,6,-6,6,-6,6,-5,6,-5,6,-5,7,-5,6,-4,7,-4,6,-4,6,-4,7,-4,7,-4,7,-3,7,-3,7,-3,7,-3,7,-4,7,-3,7,-4,7,-4,6,0,0,-4,7,-4,6,-4,6,-5,6,-4,5,-5,5,-5,5,-5,5,-5,4,-5,4,-5,4,-5,3,-5,3,-5,2,-5,2,-5,2,-5,2,-5,1,-5,1,-5,1,-5,0,-4,0,-4,0,-4,0,-4,0,-4,-1,0,0,0,0,0,0,0,0,0,0,0,0,0,0,-40,29,-42,30,-42,31,-33,35,-36,37,-35,34,-31,39,-19,31,-23,34,-21,34,-24,38,-20,36,-23,43,-17,39,-22,39,-19,38,-18,39,-15,41,-15,40,-15,43,-13,40,-14,40,-9,39,-9,42,-9,40,-9,43,-15,41,-11,43,-16,42,-13,41,-15,38,-11,38,-12,40,-16,40,-16,39,-16,35,-13,35,-16,37,-19,33,-17,32,-22,28,-23,26,-23,24,-23,23,-18,23,-22,21,-24,19,-22,17,-23,14,-22,15,-21,8,-21,11,-17,10,-20,8,-20,4,-21,4,-20,0,0,0,0,0,0,0,0,0,0,0,0,0,0,0,0,0,0,0,0,0,0,0,17,-44,19,-44,18,-45,23,-44,24,-44,24,-46,21,-48,24,-47,25,-52,28,-50,30,-51,31,-54,29,-55,33,-56,27,-54,28,-57,27,-57,27,-56,27,-55,28,-59,26,-61,25,-62,29,-61,30,-58,26,-62,28,-62,22,-61,20,-59,20,-62,15,-60,14,-58,10,-61,8,-63,6,-62,5,-64,5,-64,1,-66,1,-65,-2,-64,-5,-65,-7,-62,-8,-65,-8,-65,-13,-62,-13,-64,-15,-66,-17,-64,-22,-62,-24,-58,-21,-63,-17,-60,-20,-56,-21,-57,-23,-57,-23,-58,-25,-50,-25,-54,0,0]"
CSI_DATA,78,2a:00:00:00:00:00,-43,11,1,0,1,1,1,0,0,0,1,-96,0,11,2,1315072,0,44,0,384,0,"[0,0,0,0,0,0,0,0,0,0,0,0,-3,8,-2,8,-2,8,-2,8,-1,8,-2,8,-1,8,-1,8,-1,8,0,8,-1,8,0,8,0,8,0,8,1,8,1,8,1,8,1,7,1,7,1,7,1,7,1,8,1,8,1,7,1,8,0,8,0,0,0,8,0,7,0,7,-1,7,0,7,0,7,-1,6,-1,6,-2,6,-2,6,-2,6,-2,5,-2,5,-3,5,-3,4,-3,4,-3,4,-3,3,-3,3,-3,3,-3,3,-3,2,-3,2,-3,2,-3,1,-4,1,0,0,0,0,0,0,0,0,0,0,0,0,0,0,-29,46,-22,45,-21,47,-20,45,-16,44,-15,45,-10,44,-7,46,-8,45,-7,44,-6,46,-3,44,-2,44,-2,43,-1,44,-1,46,1,45,2,45,1,42,5,40,5,44,4,41,7,43,7,41,7,44,6,43,3,43,7,46,6,42,2,45,4,39,1,42,3,41,2,44,1,40,-1,40,-1,39,-2,37,-1,37,-5,34,-9,33,-14,30,-12,33,-13,30,-12,26,-16,26,-13,25,-13,27,-17,21,-15,17,-15,20,-17,15,-17,18,-14,12,-17,12,-18,9,-17,8,0,0,0,0,0,0,0,0,0,0,0,0,0,0,0,0,0,0,0,0,0,0,-8,-50,-9,-51,-10,-48,-9,-53,-7,-49,-5,-51,-7,-53,-6,-55,-11,-56,-4,-56,-3,-62,-2,-61,-4,-62,-3,-62,-4,-63,-6,-63,-7,-68,-5,-65,-9,-65,-10,-64,-9,-63,-9,-65,-9,-65,-8,-64,-8,-63,-11,-63,-12,-66,-16,-62,-16,-60,-18,-63,-20,-56,-23,-57,-27,-57,-30,-57,-28,-58,-30,-56,-31,-55,-30,-57,-32,-56,-39,-52,-38,-57,-41,-52,-45,-56,-42,-49,-39,-49,-46,-51,-43,-46,-48,-47,-48,-44,-44,-43,-48,-43,-48,-44,-48,-41,-48,-34,-52,-41,-51,-38,-48,-35,0,0]"
CSI_DATA,79,2a:00:00:00:00:00,-43,11,1,0,1,1,1,0,0,0,1,-96,0,11,2,1335568,0,44,0,384,0,"[0,0,0,0,0,0,0,0,0,0,0,0,-3,8,-3,7,-2,8,-2,7,-2,8,-2,7,-1,7,-1,7,-1,7,-1,7,-1,8,0,7,0,7,0,7,0,7,0,8,0,7,0,7,1,7,1,7,1,7,1,7,1,7,1,7,1,7,0,7,0,0,0,7,0,7,0,7,0,7,0,6,-1,6,-1,6,-1,6,-2,6,-2,6,-2,5,-2,5,-2,4,-2,4,-3,4,-3,4,-3,4,-3,3,-3,3,-3,3,-3,2,-3,2,-3,2,-3,2,-3,1,-3,1,0,0,0,0,0,0,0,0,0,0,0,0,0,0,-26,42,-27,48,-23,45,-24,42,-20,47,-21,44,-14,45,-15,42,-11,45,-10,42,-12,46,-9,45,-8,47,-4,42,-3,44,-2,42,-4,49,-1,43,2,42,2,44,4,42,2,40,5,42,3,43,2,42,0,41,3,41,6,45,3,42,4,40,1,43,1,43,1,42,-1,42,-6,38,-3,39,-5,40,-6,39,-7,35,-8,35,-9,34,-10,31,-13,32,-11,30,-12,30,-17,25,-17,23,-17,21,-17,21,-18,18,-17,15,-18,12,-16,15,-18,12,-16,13,-19,9,-20,8,0,0,0,0,0,0,0,0,0,0,0,0,0,0,0,0,0,0,0,0,0,0,-5,-47,-3,-48,-2,-51,-2,-52,-1,-52,2,-52,1,-53,1,-54,2,-56,3,-55,4,-56,3,-59,1,-62,3,-63,2,-63,3,-64,2,-64,3,-64,0,-63,-2,-65,0,-64,-3,-65,1,-67,-4,-64,-5,-63,-7,-63,-6,-66,-10,-66,-12,-63,-13,-63,-13,-61,-16,-63,-13,-62,-21,-61,-20,-61,-24,-61,-26,-61,-26,-60,-29,-58,-29,-59,-33,-60,-33,-53,-37,-55,-38,-54,-37,-55,-39,-56,-39,-52,-41,-48,-40,-49,-39,-48,-44,-47,-48,-44,-42,-43,-42,-42,-42,-44,-46,-37,-41,-39,0,0]"
CSI_DATA,80,2a:00:00:00:00:00,-43,11,1,0,1,1,1,0,0,0,1,-96,0,11,2,1345086,0,44,0,384,0,"[0,0,0,0,0,0,0,0,0,0,0,0,0,8,0,7,1,8,1,7,1,8,1,7,2,7,2,7,2,7,3,7,2,7,3,7,3,7,3,6,3,6,3,6,3,6,3,6,3,6,4,6,3,6,4,6,3,6,4,6,3,6,3,6,0,0,3,6,3,6,3,6,3,6,2,6,2,6,2,6,1,6,1,6,1,6,0,5,0,5,0,5,0,5,-1,5,-1,4,-1,5,-1,4,-2,4,-2,3,-2,3,-2,3,-2,3,-2,3,-2,2,-2,2,0,0,0,0,0,0,0,0,0,0,0,0,0,0,-4,51,-5,54,-2,50,4,50,-1,49,3,47,6,48,9,50,12,45,10,44,14,44,12,43,15,47,13,43,12,43,14,43,16,46,17,37,21,36,19,37,21,37,20,36,25,35,26,36,20,40,24,37,20,39,20,39,21,38,19,40,20,38,16,38,20,39,18,39,15,39,14,39,13,37,11,36,9,37,9,35,4,34,4,33,2,33,-3,32,-1,30,-3,30,-5,28,-5,29,-6,26,-7,24,-7,23,-8,20,-8,22,-10,18,-13,19,-12,15,-16,14,0,0,0,0,0,0,0,0,0,0,0,0,0,0,0,0,0,0,0,0,0,0,-24,-43,-23,-42,-27,-46,-27,-46,-23,-48,-26,-50,-23,-49,-24,-52,-28,-50,-23,-54,-21,-58,-20,-57,-23,-59,-22,-58,-25,-58,-25,-61,-32,-60,-28,-60,-27,-60,-28,-60,-30,-57,-32,-59,-31,-60,-31,-64,-29,-64,-29,-58,-34,-56,-33,-56,-37,-53,-40,-51,-39,-51,-38,-51,-45,-47,-45,-46,-49,-47,-46,-43,-47,-42,-49,-44,-49,-41,-52,-40,-53,-40,-57,-36,-57,-32,-59,-35,-58,-32,-66,-29,-61,-28,-62,-27,-62,-24,-64,-28,-62,-27,-61,-23,-58,-20,-60,-21,-60,-21,-59,-16,-58,-13,0,0]"
CSI_DATA,81,2a:00:00:00:00:00,-43,11,1,0,1,1,1,0,0,0,1,-96,0,11,2,1355134,0,44,0,384,0,"[0,0,0,0,0,0,0,0,0,0,0,0,5,6,5,5,6,5,6,5,6,5,6,5,6,4,6,4,6,4,6,4,6,3,7,3,6,3,7,3,7,3,7,3,7,3,6,2,7,2,6,2,7,3,7,2,6,2,7,2,7,2,6,2,0,0,6,2,6,3,6,3,6,3,5,3,5,3,5,3,5,3,4,3,4,3,4,3,3,4,3,4,3,4,2,4,2,3,2,4,2,3,1,3,1,3,1,3,0,3,0,3,0,3,0,3,0,2,0,0,0,0,0,0,0,0,0,0,0,0,0,0,19,47,21,48,24,45,24,41,26,39,26,40,27,39,27,36,30,36,31,34,33,33,32,28,33,29,34,28,32,27,35,25,31,29,34,26,37,22,35,25,39,22,37,19,36,21,38,21,36,21,36,21,37,20,39,18,36,23,38,20,36,24,34,20,33,22,34,25,31,23,29,25,30,24,28,25,29,27,25,24,23,27,20,23,19,27,17,27,16,27,14,25,8,24,10,28,6,24,8,21,7,21,5,21,3,21,-1,23,-2,21,2,16,-2,16,0,0,0,0,0,0,0,0,0,0,0,0,0,0,0,0,0,0,0,0,0,0,-41,-28,-40,-28,-40,-29,-40,-30,-41,-32,-45,-32,-43,-33,-46,-33,-45,-33,-49,-35,-45,-35,-48,-37,-50,-37,-51,-42,-50,-38,-49,-43,-50,-40,-50,-38,-51,-36,-52,-38,-52,-37,-57,-39,-53,-38,-52,-38,-53,-35,-54,-33,-55,-35,-56,-33,-58,-33,-59,-30,-56,-27,-58,-22,-59,-23,-58,-20,-62,-17,-62,-15,-63,-14,-61,-14,-64,-11,-66,-9,-67,-9,-68,-4,-67,-1,-67,-2,-66,-2,-62,5,-66,5,-63,7,-67,6,-63,5,-62,9,-62,11,-60,12,-58,12,-59,12,-57,11,-54,14,0,0]"
CSI_DATA,82,2a:00:00:00:00:00,-43,11,1,0,1,1,1,0,0,0,1,-96,0,11,2,1366609,0,44,0,384,0,"[0,0,0,0,0,0,0,0,0,0,0,0,3,7,4,7,4,7,4,6,4,6,4,6,5,6,5,5,5,5,5,5,5,5,5,5,5,5,5,4,5,4,6,4,6,4,6,4,6,4,6,4,6,4,6,4,6,4,6,4,6,4,5,4,0,0,5,4,5,4,5,4,5,4,4,4,5,4,4,4,4,5,3,5,3,4,3,4,2,5,2,5,2,4,1,4,1,4,1,4,0,4,0,4,0,3,0,3,0,3,0,3,-1,3,-1,3,-1,2,0,0,0,0,0,0,0,0,0,0,0,0,0,0,19,45,19,46,23,44,23,43,23,42,24,35,27,38,26,37,32,35,30,33,31,30,33,31,31,33,32,32,32,28,32,27,31,28,33,29,37,26,35,24,36,22,34,24,35,23,36,22,37,26,34,24,37,25,38,24,37,25,34,21,34,24,35,25,31,25,33,25,30,24,29,28,24,26,26,28,21,26,26,28,25,26,17,26,16,28,17,27,15,28,10,26,6,25,11,28,5,25,5,24,0,21,2,22,3,21,1,19,-3,17,-4,18,-5,16,0,0,0,0,0,0,0,0,0,0,0,0,0,0,0,0,0,0,0,0,0,0,-43,-22,-43,-25,-43,-23,-41,-28,-45,-27,-44,-29,-45,-31,-45,-31,-45,-31,-47,-32,-48,-34,-49,-37,-51,-33,-54,-35,-53,-40,-53,-39,-54,-38,-54,-35,-53,-38,-54,-37,-56,-36,-54,-38,-56,-34,-57,-36,-54,-34,-56,-33,-56,-33,-56,-30,-58,-29,-58,-24,-58,-19,-58,-23,-60,-22,-59,-21,-63,-18,-60,-14,-62,-15,-62,-12,-68,-9,-66,-8,-68,-9,-68,-3,-66,-1,-68,0,-66,0,-65,8,-62,4,-66,5,-65,6,-66,7,-64,7,-62,7,-62,10,-58,9,-61,13,-58,14,-58,13,0,0]"
CSI_DATA,83,2a:00:00:00:00:00,-43,11,1,0,1,1,1,0,0,0,1,-96,0,11,2,1385050,0,44,0,384,0,"[0,0,0,0,0,0,0,0,0,0,0,0,-3,8,-2,8,-2,8,-2,8,-1,8,-1,8,-1,8,-1,8,-1,7,0,7,0,7,0,7,1,7,1,7,1,7,1,7,1,7,1,7,1,7,1,7,1,7,1,7,1,7,2,7,1,7,1,7,0,0,0,7,1,6,0,7,0,6,0,7,0,6,-1,6,-1,6,-2,6,-2,6,-2,5,-2,5,-2,5,-2,4,-3,4,-3,4,-2,3,-3,3,-3,3,-3,3,-3,3,-3,2,-3,2,-3,2,-3,2,-3,1,0,0,0,0,0,0,0,0,0,0,0,0,0,0,-31,43,-30,40,-27,44,-28,42,-20,39,-20,45,-21,43,-15,45,-14,43,-14,43,-12,44,-9,44,-11,46,-7,43,-10,40,-6,44,-3,44,-6,43,-3,44,-4,42,-2,48,-4,39,1,43,0,44,2,44,3,42,1,41,4,43,0,44,-4,43,-1,41,-3,43,0,39,-3,43,-7,39,-4,39,-8,40,-3,40,-8,37,-10,35,-10,31,-17,30,-13,33,-17,28,-14,27,-16,22,-19,21,-17,22,-16,20,-19,19,-16,14,-14,14,-16,14,-17,9,-19,10,-18,7,-18,5,0,0,0,0,0,0,0,0,0,0,0,0,0,0,0,0,0,0,0,0,0,0,3,-46,2,-49,3,-46,6,-54,6,-52,9,-53,2,-53,4,-56,5,-57,8,-56,12,-58,10,-60,9,-62,11,-63,9,-63,13,-57,11,-69,11,-61,10,-66,8,-64,4,-64,7,-66,6,-63,4,-68,4,-61,2,-66,5,-64,-1,-66,-3,-62,-4,-68,-8,-62,-11,-68,-14,-63,-18,-59,-14,-63,-15,-58,-21,-59,-19,-62,-23,-62,-24,-60,-30,-63,-26,-56,-29,-61,-31,-56,-32,-55,-35,-54,-35,-51,-39,-53,-41,-53,-39,-49,-39,-51,-38,-50,-39,-47,-37,-42,-40,-45,-42,-41,-41,-38,0,0]"
CSI_DATA,84,2a:00:00:00:00:00,-43,11,1,0,1,1,1,0,0,0,1,-96,0,11,2,1395083,0,44,0,384,0,"[0,0,0,0,0,0,0,0,0,0,0,0,0,8,0,8,1,8,1,8,1,8,1,7,2,7,2,7,2,7,2,7,2,7,3,7,3,7,3,6,3,6,3,6,3,6,3,6,4,6,4,6,3,6,4,6,3,6,4,6,3,6,3,6,0,0,3,6,3,6,3,6,2,6,2,6,2,6,2,6,1,6,1,6,0,6,0,6,0,5,0,5,0,5,-1,5,-1,4,-1,4,-1,4,-1,3,-2,3,-2,3,-2,3,-2,3,-2,3,-2,2,-3,2,0,0,0,0,0,0,0,0,0,0,0,0,0,0,-1,50,-1,52,3,51,6,50,7,48,8,43,8,45,10,42,9,46,11,43,19,42,18,40,20,40,19,41,18,40,21,39,19,40,22,38,22,34,25,35,23,35,24,36,26,29,26,32,23,33,28,34,24,33,25,35,26,34,23,34,25,34,24,33,26,35,21,32,20,37,16,34,19,33,19,31,15,35,13,35,10,32,7,34,5,34,5,32,3,28,0,28,-2,28,-1,27,-5,21,0,23,-2,22,-2,22,-4,21,-7,19,-7,17,-5,17,-9,13,0,0,0,0,0,0,0,0,0,0,0,0,0,0,0,0,0,0,0,0,0,0,-25,-41,-23,-42,-25,-46,-25,-45,-27,-51,-22,-48,-24,-47,-24,-47,-26,-53,-26,-55,-24,-57,-25,-56,-25,-59,-25,-62,-23,-58,-26,-61,-25,-58,-26,-59,-28,-56,-29,-58,-28,-58,-34,-57,-31,-61,-29,-58,-32,-59,-32,-58,-34,-58,-35,-51,-39,-53,-40,-49,-41,-51,-39,-45,-46,-46,-45,-45,-47,-44,-53,-41,-54,-39,-51,-43,-49,-38,-55,-38,-53,-32,-61,-37,-53,-33,-60,-31,-54,-26,-64,-26,-62,-21,-61,-23,-63,-20,-63,-22,-62,-20,-62,-18,-56,-17,-61,-14,-58,-15,-55,-11,-59,-10,0,0]"
CSI_DATA,85,2a:00:00:00:00:00,-43,11,1,0,1,1,1,0,0,0,1,-96,0,11,2,1405099,0,44,0,384,0,"[0,0,0,0,0,0,0,0,0,0,0,0,2,7,3,7,3,7,3,7,3,7,3,6,4,6,4,6,4,6,4,6,4,6,5,6,4,5,5,5,5,5,5,5,5,5,5,5,5,5,5,5,5,5,5,5,5,5,5,4,5,5,4,5,0,0,4,5,4,5,4,5,4,5,3,5,3,5,3,5,3,5,2,5,2,5,1,5,1,5,1,5,1,4,0,4,0,4,0,4,-1,4,-1,3,-1,3,-1,3,-1,3,-1,3,-2,3,-2,2,-2,2,0,0,0,0,0,0,0,0,0,0,0,0,0,0,-2,53,2,52,4,50,6,50,9,47,10,46,11,45,12,44,17,43,17,43,14,40,18,40,18,41,18,41,21,37,25,35,22,39,25,38,24,35,22,34,23,36,25,34,27,32,25,36,26,34,27,39,26,32,25,33,25,34,24,33,26,33,23,33,22,35,22,35,21,34,18,34,17,35,13,36,12,37,8,34,11,34,5,32,8,31,6,31,2,31,1,29,-4,28,-4,29,-6,26,-4,22,-5,23,-6,21,-6,21,-9,21,-9,17,-8,17,-7,15,0,0,0,0,0,0,0,0,0,0,0,0,0,0,0,0,0,0,0,0,0,0,-31,-37,-32,-37,-32,-40,-34,-42,-32,-41,-32,-42,-29,-45,-32,-45,-33,-49,-32,-49,-37,-49,-35,-50,-39,-49,-36,-50,-35,-53,-34,-53,-35,-55,-38,-54,-37,-51,-36,-55,-41,-51,-39,-56,-38,-50,-42,-51,-43,-50,-44,-50,-41,-50,-43,-50,-44,-45,-48,-46,-46,-43,-50,-42,-46,-39,-51,-39,-55,-37,-53,-36,-54,-34,-52,-29,-58,-30,-61,-27,-58,-30,-61,-25,-60,-27,-64,-24,-60,-24,-59,-19,-62,-22,-63,-20,-64,-19,-61,-16,-63,-11,-61,-7,-60,-13,-60,-11,-60,-7,-60,-7,-58,-7,0,0]"
CSI_DATA,86,2a:00:00:00:00:00,-43,11,1,0,1,1,1,0,0,0,1,-96,0,11,2,1415273,0,44,0,384,0,"[0,0,0,0,0,0,0,0,0,0,0,0,4,-8,4,-8,3,-8,3,-8,3,-8,2,-8,2,-8,2,-8,2,-8,2,-8,2,-8,1,-8,1,-8,1,-8,1,-8,1,-8,0,-8,0,-8,0,-8,0,-8,0,-8,0,-8,1,-8,0,-8,0,-8,1,-8,0,0,1,-8,1,-8,1,-7,1,-8,1,-7,1,-7,2,-7,2,-6,2,-6,2,-6,3,-6,2,-5,2,-5,2,-4,3,-4,3,-4,3,-3,3,-3,3,-3,3,-3,3,-2,3,-2,3,-2,3,-2,3,-2,3,-1,0,0,0,0,0,0,0,0,0,0,0,0,0,0,36,-38,34,-35,29,-37,29,-38,27,-41,22,-40,20,-39,24,-38,18,-39,20,-43,17,-42,15,-41,15,-41,11,-40,15,-43,14,-41,8,-43,6,-42,6,-43,6,-40,9,-42,8,-41,5,-44,6,-43,3,-38,6,-41,6,-40,3,-43,6,-39,6,-41,8,-43,11,-41,9,-36,9,-39,13,-38,10,-37,11,-35,14,-34,12,-32,16,-33,14,-30,18,-26,17,-28,18,-26,15,-25,22,-19,20,-20,17,-19,18,-16,19,-14,17,-9,18,-11,16,-9,19,-8,17,-6,19,-5,17,-2,0,0,0,0,0,0,0,0,0,0,0,0,0,0,0,0,0,0,0,0,0,0,-2,46,-3,47,-4,44,-5,48,-4,49,-7,49,-6,51,-7,50,-9,55,-11,50,-9,55,-10,57,-8,57,-9,58,-11,57,-12,59,-10,60,-12,60,-7,60,-11,61,-10,59,-11,65,-8,63,-6,63,-6,64,-6,64,-3,62,-5,60,1,61,-2,62,2,61,6,59,8,60,7,60,9,61,11,61,14,60,14,63,18,58,22,59,23,58,22,57,24,58,25,57,26,54,24,53,24,54,30,54,31,54,29,51,33,49,32,51,33,50,31,48,35,48,36,42,36,41,0,0]"
CSI_DATA,87,2a:00:00:00:00:00,-43,11,1,0,1,1,1,0,0,0,1,-96,0,11,2,1425035,0,44,0,384,0,"[0,0,0,0,0,0,0,0,0,0,0,0,-4,8,-4,7,-3,7,-3,7,-3,8,-3,7,-2,8,-2,7,-2,8,-1,7,-2,7,-1,8,-1,7,-1,7,-1,7,0,7,-1,7,-1,7,0,7,0,7,0,7,0,7,0,7,0,7,0,7,-1,7,0,0,-1,7,-1,7,-1,6,-1,7,-1,6,-2,6,-1,6,-2,5,-3,6,-3,5,-3,5,-3,5,-3,4,-3,4,-3,4,-3,3,-3,3,-4,3,-3,3,-4,2,-4,2,-3,2,-3,1,-3,1,-4,1,-3,1,0,0,0,0,0,0,0,0,0,0,0,0,0,0,-22,49,-16,44,-18,47,-20,45,-16,44,-12,43,-13,44,-9,45,-7,44,-4,43,-4,46,-4,43,0,42,-1,41,0,42,-1,44,4,40,2,42,3,42,6,41,6,43,5,40,8,41,8,40,6,39,10,41,6,38,8,42,6,38,4,39,4,41,2,42,3,38,3,40,1,38,0,38,-2,36,-1,36,-5,33,-7,35,-8,33,-10,34,-10,31,-12,27,-11,24,-11,26,-15,21,-13,24,-13,19,-16,19,-18,16,-13,17,-14,15,-15,14,-15,12,-17,9,-20,7,0,0,0,0,0,0,0,0,0,0,0,0,0,0,0,0,0,0,0,0,0,0,-12,-44,-9,-44,-11,-47,-10,-49,-10,-51,-9,-50,-8,-52,-8,-54,-9,-56,-7,-58,-8,-58,-10,-58,-10,-59,-9,-60,-6,-61,-11,-63,-8,-59,-5,-62,-10,-61,-12,-65,-14,-60,-12,-63,-11,-65,-13,-61,-11,-62,-12,-62,-15,-61,-16,-61,-20,-59,-21,-58,-21,-56,-26,-62,-25,-55,-26,-54,-27,-55,-28,-55,-34,-53,-34,-53,-35,-49,-39,-49,-38,-49,-41,-49,-40,-47,-45,-49,-43,-46,-46,-43,-45,-43,-44,-43,-50,-42,-46,-40,-48,-40,-48,-38,-47,-36,-47,-32,-49,-32,-47,-31,-50,-28,0,0]"
CSI_DATA,88,2a:00:00:00:00:00,-43,11,1,0,1,1,1,0,0,0,1,-96,0,11,2,1436385,0,44,0,384,0,"[0,0,0,0,0,0,0,0,0,0,0,0,-7,-7,-7,-6,-8,-6,-7,-6,-8,-6,-8,-5,-8,-5,-8,-5,-8,-4,-8,-4,-8,-4,-8,-4,-8,-4,-8,-4,-8,-3,-8,-3,-8,-3,-8,-3,-8,-3,-8,-3,-8,-3,-8,-3,-8,-3,-8,-3,-8,-3,-8,-3,0,0,-8,-3,-8,-3,-7,-4,-7,-4,-7,-4,-7,-4,-7,-4,-6,-4,-6,-4,-5,-4,-5,-5,-5,-5,-5,-5,-4,-5,-4,-5,-3,-4,-3,-5,-3,-4,-2,-4,-2,-4,-2,-4,-2,-4,-2,-4,-1,-4,-1,-4,-1,-4,0,0,0,0,0,0,0,0,0,0,0,0,0,0,-29,-46,-31,-40,-34,-40,-33,-34,-33,-37,-32,-35,-34,-34,-38,-34,-35,-33,-37,-28,-37,-25,-37,-25,-39,-26,-37,-22,-39,-23,-41,-22,-42,-19,-37,-19,-41,-19,-42,-18,-42,-17,-43,-16,-41,-14,-41,-16,-37,-16,-40,-20,-39,-14,-40,-17,-39,-20,-38,-15,-37,-16,-39,-17,-41,-20,-39,-22,-36,-19,-35,-20,-33,-21,-34,-23,-31,-27,-31,-23,-22,-21,-22,-23,-22,-25,-21,-25,-17,-25,-18,-25,-14,-25,-14,-27,-11,-25,-8,-24,-8,-21,-7,-21,-7,-22,-6,-20,-3,-21,0,-21,-2,-18,0,0,0,0,0,0,0,0,0,0,0,0,0,0,0,0,0,0,0,0,0,0,46,10,48,13,47,14,49,14,47,16,50,16,50,20,53,19,53,22,49,22,53,23,54,20,59,24,59,23,60,24,58,25,62,25,59,26,61,25,61,23,56,22,66,23,61,23,61,22,60,22,62,18,60,21,63,16,61,14,63,14,60,11,62,9,62,7,64,3,65,1,63,1,62,-3,64,-3,66,-6,65,-6,66,-8,61,-12,63,-13,66,-15,61,-15,56,-19,62,-21,61,-20,64,-22,62,-22,61,-19,60,-27,58,-24,52,-24,53,-26,53,-27,50,-27,0,0]"
CSI_DATA,89,2a:00:00:00:00:00,-43,11,1,0,1,1,1,0,0,0,1,-96,0,11,2,1445038,0,44,0,384,0,"[0,0,0,0,0,0,0,0,0,0,0,0,-3,8,-3,7,-2,8,-2,8,-2,8,-2,7,-2,7,-1,8,-1,7,-1,8,-1,7,0,8,0,7,0,7,0,7,0,7,1,7,1,7,1,7,1,7,0,7,1,7,1,7,1,7,1,7,0,7,0,0,0,7,1,7,0,6,0,7,0,6,-1,6,-1,6,-1,6,-2,6,-2,6,-2,5,-2,5,-2,5,-2,4,-3,4,-3,4,-3,3,-3,3,-3,3,-3,2,-3,2,-3,2,-3,2,-3,2,-3,1,-3,1,0,0,0,0,0,0,0,0,0,0,0,0,0,0,-24,48,-26,44,-16,49,-13,48,-13,44,-14,47,-7,44,-9,48,-6,44,-5,47,-5,46,-1,45,0,47,2,44,-1,44,4,45,5,45,4,42,6,44,9,39,11,44,7,41,11,37,17,40,13,39,14,39,9,38,13,42,10,39,8,42,7,40,13,40,11,37,11,40,5,37,5,40,5,38,5,38,3,36,1,35,-1,31,-3,33,-4,30,-8,31,-6,29,-7,29,-11,31,-11,28,-11,24,-11,22,-12,20,-10,19,-8,20,-12,15,-13,13,-17,15,-17,13,0,0,0,0,0,0,0,0,0,0,0,0,0,0,0,0,0,0,0,0,0,0,3,-47,1,-50,3,-48,4,-55,5,-49,5,-55,3,-52,2,-56,2,-57,5,-54,9,-61,5,-59,7,-62,5,-60,3,-63,4,-61,5,-69,7,-61,6,-66,1,-65,-3,-65,-2,-67,-1,-62,1,-68,1,-65,-2,-67,-3,-64,-7,-65,-13,-62,-12,-66,-11,-56,-17,-63,-21,-62,-21,-57,-25,-57,-26,-58,-26,-58,-26,-56,-29,-58,-33,-55,-38,-58,-35,-53,-38,-55,-40,-52,-41,-51,-47,-49,-46,-46,-46,-46,-50,-45,-46,-42,-46,-44,-45,-43,-46,-40,-46,-36,-49,-37,-51,-37,-49,-32,0,0]"
CSI_DATA,90,2a:00:00:00:00:00,-43,11,1,0,1,1,1,0,0,0,1,-96,0,11,2,1455163,0,44,0,384,0,"[0,0,0,0,0,0,0,0,0,0,0,0,8,3,7,2,8,3,8,2,8,2,7,1,8,1,8,1,8,0,8,1,8,0,8,0,7,0,7,0,7,-1,8,-1,7,-1,8,-1,7,-1,7,-1,7,-1,7,-1,7,-1,7,-1,7,-1,7,-1,0,0,7,-1,7,0,7,0,7,-1,7,0,6,0,6,0,6,1,6,1,6,1,5,1,5,2,4,2,4,2,4,2,3,2,4,2,3,2,3,2,3,2,2,2,2,2,2,2,1,2,1,2,1,2,0,0,0,0,0,0,0,0,0,0,0,0,0,0,40,31,41,30,43,27,43,23,45,21,43,19,43,17,45,18,46,13,43,13,43,8,44,11,47,10,45,9,44,4,44,3,45,2,40,2,42,3,43,0,44,0,43,-1,41,-1,42,0,41,-1,44,-1,45,-2,44,-5,42,2,42,-4,41,-4,42,-3,43,4,38,0,38,3,37,5,37,7,38,8,36,9,36,7,35,10,32,10,31,14,29,15,25,13,28,14,22,11,22,16,17,15,17,15,14,14,14,16,14,16,13,19,10,17,5,16,7,16,0,0,0,0,0,0,0,0,0,0,0,0,0,0,0,0,0,0,0,0,0,0,-49,-2,-50,-4,-54,-8,-48,-7,-54,-7,-51,-8,-54,-11,-55,-10,-57,-11,-58,-11,-59,-10,-59,-8,-63,-8,-63,-11,-62,-11,-66,-10,-66,-9,-66,-10,-61,-7,-62,-10,-64,-11,-66,-11,-67,-9,-66,-7,-66,-6,-65,-5,-66,1,-65,-1,-65,-1,-62,3,-65,3,-62,5,-64,8,-64,7,-64,10,-63,14,-65,19,-59,22,-60,26,-57,25,-60,22,-63,30,-58,30,-57,33,-53,30,-55,33,-58,32,-55,37,-53,35,-52,39,-49,37,-48,41,-51,38,-46,40,-45,45,-47,41,-40,38,0,0]"
CSI_DATA,91,2a:00:00:00:00:00,-43,11,1,0,1,1,1,0,0,0,1,-96,0,11,2,1465036,0,44,0,384,0,"[0,0,0,0,0,0,0,0,0,0,0,0,-4,8,-3,8,-3,8,-3,8,-3,8,-3,8,-2,8,-2,8,-2,8,-1,8,-1,8,-1,8,-1,8,0,7,-1,8,0,8,0,8,0,8,0,8,0,7,0,8,0,8,0,8,0,7,0,7,0,8,0,0,-1,7,-1,7,-1,7,-1,7,-1,7,-1,7,-2,7,-2,6,-3,6,-3,5,-3,5,-3,5,-3,5,-3,4,-3,4,-3,4,-3,3,-4,3,-4,3,-4,2,-4,2,-3,2,-3,1,-4,2,-4,1,-4,1,0,0,0,0,0,0,0,0,0,0,0,0,0,0,-28,40,-26,46,-22,47,-21,45,-16,48,-16,44,-14,44,-14,47,-9,45,-8,47,-7,43,-7,47,-5,47,-3,44,-3,45,-1,42,2,48,1,44,2,44,0,43,1,44,3,43,5,43,5,44,7,39,2,42,3,40,7,41,6,43,4,42,2,43,1,42,0,39,-1,41,-1,38,0,38,-3,38,-3,39,-5,37,-7,34,-8,32,-11,30,-10,31,-11,29,-12,26,-15,26,-17,25,-14,23,-18,22,-18,18,-17,15,-16,15,-15,16,-15,11,-18,12,-15,8,-19,7,0,0,0,0,0,0,0,0,0,0,0,0,0,0,0,0,0,0,0,0,0,0,-5,-46,-5,-50,-3,-50,-1,-53,2,-51,-3,-56,0,-54,-3,-56,0,-59,-4,-58,0,-60,-1,-60,-1,-62,-2,-63,1,-63,1,-64,-3,-65,-2,-64,0,-64,-4,-65,-7,-68,-1,-67,-6,-65,-4,-66,-4,-65,-8,-65,-4,-65,-9,-65,-11,-62,-14,-62,-15,-60,-21,-63,-20,-63,-21,-61,-25,-61,-24,-59,-30,-56,-27,-57,-30,-56,-31,-58,-36,-57,-37,-55,-36,-53,-41,-53,-38,-51,-41,-52,-45,-50,-46,-47,-45,-48,-45,-45,-46,-42,-44,-44,-47,-42,-45,-37,-45,-37,-48,-38,-47,-36,0,0]"
CSI_DATA,92,2a:00:00:00:00:00,-43,11,1,0,1,1,1,0,0,0,1,-96,0,11,2,1475169,0,44,0,384,0,"[0,0,0,0,0,0,0,0,0,0,0,0,9,0,8,-1,8,-1,8,-1,8,-1,8,-2,8,-2,8,-2,8,-2,8,-2,7,-3,7,-3,7,-3,7,-3,7,-3,7,-4,7,-4,7,-4,7,-3,7,-3,7,-4,7,-4,7,-3,7,-4,7,-3,7,-3,0,0,7,-3,7,-3,6,-2,6,-3,6,-2,6,-2,6,-1,6,-1,6,-1,6,-1,5,0,5,0,5,0,5,0,4,0,4,0,4,1,4,1,3,1,3,1,3,1,3,2,2,2,2,2,2,2,2,2,0,0,0,0,0,0,0,0,0,0,0,0,0,0,50,8,53,9,50,6,50,3,51,5,51,-2,46,-1,49,-2,46,-4,44,-7,46,-9,45,-8,44,-11,44,-10,44,-13,43,-14,43,-14,42,-14,40,-11,40,-18,45,-21,40,-17,38,-14,36,-17,38,-15,40,-14,40,-18,42,-16,39,-18,40,-19,40,-15,39,-17,40,-14,39,-13,37,-13,39,-8,36,-9,36,-7,37,-7,35,-2,33,-2,33,-2,33,3,28,-1,31,5,27,4,27,6,27,7,25,6,25,10,21,9,18,9,17,13,13,10,16,12,14,12,12,11,0,0,0,0,0,0,0,0,0,0,0,0,0,0,0,0,0,0,0,0,0,0,-42,21,-46,19,-47,22,-49,19,-49,20,-50,19,-52,18,-51,20,-54,19,-55,19,-56,19,-58,20,-60,22,-57,21,-60,20,-60,19,-63,21,-62,21,-61,24,-63,22,-61,24,-61,23,-63,25,-60,25,-63,25,-59,28,-55,27,-56,32,-55,31,-56,33,-53,33,-56,36,-54,35,-51,36,-50,40,-49,41,-45,45,-43,47,-42,46,-41,48,-43,49,-42,50,-40,53,-40,52,-37,53,-40,55,-33,55,-31,54,-30,55,-27,55,-30,56,-25,57,-26,57,-21,54,-24,59,-22,56,-20,56,0,0]"
CSI_DATA,93,2a:00:00:00:00:00,-43,11,1,0,1,1,1,0,0,0,1,-96,0,11,2,1515023,0,44,0,384,0,"[0,0,0,0,0,0,0,0,0,0,0,0,-4,8,-3,8,-2,8,-2,8,-2,8,-2,8,-1,7,-1,8,-1,8,-1,8,-1,7,0,7,0,7,0,7,0,7,0,7,0,7,0,7,1,7,1,7,0,7,1,7,0,7,0,7,0,7,0,7,0,0,0,7,0,7,0,6,-1,7,-1,6,-1,6,-1,6,-1,6,-2,5,-2,5,-2,5,-2,5,-3,4,-3,4,-3,4,-3,4,-3,3,-3,3,-3,3,-3,2,-3,2,-3,2,-3,2,-3,1,-3,1,-3,0,0,0,0,0,0,0,0,0,0,0,0,0,0,0,-30,43,-28,45,-23,44,-24,47,-21,45,-18,42,-17,46,-15,42,-14,46,-12,41,-12,45,-11,46,-7,44,-7,45,-5,41,-8,42,-5,46,-2,46,0,43,2,43,0,44,0,43,4,41,1,43,0,44,-1,44,-1,47,3,42,2,42,-1,42,-3,41,-3,37,-3,40,-3,40,-6,40,-7,36,-5,36,-10,35,-10,36,-11,36,-11,34,-16,29,-14,28,-11,29,-15,27,-21,22,-14,23,-18,21,-19,17,-21,15,-20,16,-18,15,-20,13,-16,11,-18,9,-18,6,-17,7,0,0,0,0,0,0,0,0,0,0,0,0,0,0,0,0,0,0,0,0,0,0,-6,-50,-4,-48,-4,-51,-3,-50,-5,-53,-4,-51,-3,-54,-4,-57,-1,-58,-1,-62,1,-58,1,-58,-2,-63,2,-65,-3,-65,1,-62,1,-66,1,-70,-1,-62,-2,-64,-1,-63,-1,-66,-4,-64,-5,-63,-6,-65,-6,-67,-5,-61,-7,-65,-14,-65,-12,-61,-15,-62,-17,-60,-17,-61,-21,-61,-24,-59,-25,-60,-27,-59,-28,-57,-28,-57,-34,-59,-35,-56,-36,-56,-35,-55,-38,-57,-39,-49,-37,-54,-40,-54,-42,-49,-42,-51,-43,-52,-41,-46,-47,-46,-45,-45,-44,-41,-45,-38,-45,-39,-46,-39,0,0]"
CSI_DATA,94,2a:00:00:00:00:00,-43,11,1,0,1,1,1,0,0,0,1,-96,0,11,2,1535040,0,44,0,384,0,"[0,0,0,0,0,0,0,0,0,0,0,0,1,8,1,8,2,8,2,7,2,7,2,7,2,7,3,7,3,7,3,6,3,6,3,6,4,6,4,6,4,6,4,6,4,5,4,6,4,6,4,5,4,5,4,5,4,5,4,5,4,5,4,5,0,0,3,6,3,5,3,5,3,5,3,5,2,5,2,5,2,5,1,5,1,5,1,5,1,5,1,5,0,5,0,4,-1,4,-1,4,-1,4,-1,3,-1,3,-2,3,-1,3,-2,3,-2,3,-2,2,-2,2,0,0,0,0,0,0,0,0,0,0,0,0,0,0,-3,56,-3,54,0,52,3,47,3,48,7,48,7,43,8,47,13,43,11,42,11,43,15,44,16,43,18,41,17,38,18,40,17,43,22,38,22,39,19,34,26,39,22,36,25,36,22,35,23,36,24,37,20,37,26,35,23,36,23,34,18,37,19,35,20,35,19,36,16,35,15,36,16,37,12,37,11,37,9,32,3,33,6,33,0,32,2,29,0,31,-2,27,-2,27,-4,26,-8,25,-5,23,-7,25,-8,20,-6,20,-8,18,-9,16,-12,14,-13,16,0,0,0,0,0,0,0,0,0,0,0,0,0,0,0,0,0,0,0,0,0,0,-28,-39,-23,-44,-23,-44,-26,-45,-23,-47,-25,-47,-23,-47,-24,-50,-26,-53,-23,-54,-28,-52,-25,-57,-28,-55,-26,-58,-29,-56,-30,-58,-30,-60,-28,-57,-31,-58,-30,-56,-30,-59,-31,-59,-29,-57,-32,-57,-30,-58,-36,-56,-33,-55,-38,-50,-36,-51,-41,-49,-38,-49,-45,-47,-43,-47,-46,-44,-45,-47,-50,-44,-49,-43,-52,-39,-52,-40,-57,-36,-57,-34,-57,-29,-61,-32,-60,-31,-58,-27,-57,-27,-59,-24,-60,-25,-64,-22,-62,-22,-60,-19,-61,-19,-58,-19,-55,-17,-60,-14,-59,-14,-58,-8,0,0]"
CSI_DATA,95,2a:00:00:00:00:00,-43,11,1,0,1,1,1,0,0,0,1,-96,0,11,2,1545031,0,44,0,384,0,"[0,0,0,0,0,0,0,0,0,0,0,0,1,8,1,8,1,8,1,8,1,8,1,7,2,7,2,7,2,7,3,7,3,7,3,7,3,7,4,6,3,6,3,7,3,6,4,6,4,6,4,6,4,6,4,6,3,6,4,6,4,6,3,6,0,0,3,6,3,6,3,6,2,6,2,5,2,6,2,6,2,6,1,6,1,6,0,5,0,5,0,5,0,5,-1,4,-1,4,-1,4,-1,4,-1,4,-2,3,-2,3,-2,3,-2,3,-2,3,-2,2,-3,2,0,0,0,0,0,0,0,0,0,0,0,0,0,0,-17,52,-11,49,-10,50,-7,49,-7,49,-7,47,-6,51,-3,49,4,49,1,44,3,45,5,43,8,44,5,46,7,44,9,42,14,45,12,41,14,44,11,42,17,41,11,41,16,40,15,41,14,39,12,42,15,40,16,39,13,41,14,40,15,39,11,41,10,37,11,39,8,37,6,40,6,38,5,40,2,36,-1,35,-3,34,-5,33,-5,31,-5,30,-7,31,-9,26,-10,24,-10,26,-10,22,-11,19,-11,20,-14,19,-11,18,-14,17,-14,16,-15,11,-17,10,0,0,0,0,0,0,0,0,0,0,0,0,0,0,0,0,0,0,0,0,0,0,-19,-46,-18,-45,-19,-47,-17,-50,-17,-51,-17,-53,-16,-52,-15,-53,-16,-55,-16,-55,-17,-59,-15,-60,-16,-61,-17,-62,-19,-61,-15,-60,-17,-63,-16,-62,-22,-64,-17,-63,-19,-61,-23,-63,-20,-62,-20,-65,-24,-61,-26,-63,-22,-61,-25,-61,-30,-59,-29,-57,-31,-53,-35,-58,-34,-56,-36,-52,-39,-52,-39,-52,-42,-47,-43,-47,-47,-48,-47,-47,-49,-44,-49,-42,-48,-45,-53,-44,-52,-40,-54,-39,-55,-38,-52,-31,-56,-34,-54,-35,-55,-33,-53,-30,-58,-29,-53,-28,-56,-26,-54,-26,-55,-24,0,0]"
CSI_DATA,96,2a:00:00:00:00:00,-43,11,1,0,1,1,1,0,0,0,1,-96,0,11,2,1555184,0,44,0,384,0,"[0,0,0,0,0,0,0,0,0,0,0,0,8,-3,8,-3,8,-3,8,-4,7,-4,7,-4,7,-5,7,-5,7,-5,7,-5,6,-5,6,-5,6,-5,6,-5,6,-5,6,-6,5,-6,6,-6,5,-6,5,-6,5,-6,5,-6,5,-6,5,-6,6,-5,5,-6,0,0,6,-5,6,-5,6,-5,6,-5,5,-4,6,-4,5,-4,5,-3,6,-3,5,-3,5,-2,5,-1,5,-1,5,-1,5,-1,4,-1,4,0,4,-1,4,0,4,0,3,0,3,0,3,1,3,1,3,1,2,1,0,0,0,0,0,0,0,0,0,0,0,0,0,0,51,-11,49,-10,48,-16,47,-16,45,-19,45,-22,42,-19,42,-24,38,-24,38,-28,39,-25,37,-29,37,-24,32,-28,35,-28,36,-29,33,-33,32,-29,32,-32,31,-30,32,-36,28,-31,26,-33,27,-32,27,-33,28,-36,27,-32,27,-32,29,-29,29,-31,32,-29,33,-33,29,-27,32,-32,30,-25,30,-24,29,-24,30,-21,31,-19,31,-21,27,-16,31,-15,31,-11,25,-9,28,-8,26,-5,27,-8,27,-5,26,-3,25,-3,22,-2,23,1,20,2,17,1,19,5,17,5,17,8,0,0,0,0,0,0,0,0,0,0,0,0,0,0,0,0,0,0,0,0,0,0,-35,35,-39,37,-34,32,-40,34,-38,35,-39,36,-41,35,-42,37,-44,38,-44,36,-45,37,-49,39,-50,39,-53,41,-49,46,-50,39,-50,42,-48,39,-50,39,-49,43,-48,42,-54,46,-43,41,-45,45,-50,44,-46,44,-45,46,-47,52,-43,46,-41,51,-35,48,-36,48,-33,52,-33,56,-30,57,-30,56,-26,57,-27,60,-25,57,-23,61,-23,65,-18,62,-16,63,-15,62,-15,63,-11,65,-8,63,-8,66,-5,66,-10,63,-4,58,-6,63,1,66,-4,58,-3,56,7,75,-1,54,0,0]"
CSI_DATA,97,2a:00:00:00:00:00,-43,11,1,0,1,1,1,0,0,0,1,-96,0,11,2,1565062,0,44,0,384,0,"[0,0,0,0,0,0,0,0,0,0,0,0,4,7,4,6,5,6,5,6,5,6,5,5,5,5,5,5,5,5,6,5,5,5,6,5,6,4,6,4,6,4,6,4,6,4,6,4,6,3,6,3,6,4,6,3,6,4,6,4,6,4,6,3,0,0,5,4,6,4,5,4,5,4,5,4,5,4,4,4,4,4,3,4,3,4,2,4,3,4,2,4,2,4,1,4,1,4,1,4,0,4,0,4,0,3,0,3,0,3,-1,3,-1,3,-1,3,-1,2,0,0,0,0,0,0,0,0,0,0,0,0,0,0,13,50,19,52,16,48,17,46,22,46,20,43,20,43,26,42,25,40,26,36,29,34,27,37,29,33,30,35,31,34,32,31,31,32,32,28,32,29,34,29,36,25,29,26,33,29,35,26,32,26,34,27,33,26,35,26,32,26,33,27,27,23,29,28,31,30,30,27,31,29,25,31,26,31,26,29,23,32,15,30,17,30,11,31,14,30,12,27,9,27,8,28,3,24,5,30,-1,22,3,23,-1,21,-2,22,0,22,-3,20,-7,18,-7,16,-6,13,0,0,0,0,0,0,0,0,0,0,0,0,0,0,0,0,0,0,0,0,0,0,-40,-27,-37,-27,-42,-30,-42,-33,-39,-35,-40,-35,-43,-34,-41,-38,-44,-40,-44,-39,-46,-40,-42,-44,-44,-44,-48,-45,-47,-42,-50,-44,-47,-41,-46,-44,-49,-44,-47,-41,-50,-43,-52,-41,-51,-44,-52,-43,-51,-45,-53,-37,-53,-36,-52,-36,-56,-36,-55,-31,-57,-33,-57,-28,-58,-28,-58,-24,-62,-24,-61,-20,-66,-20,-64,-19,-64,-15,-64,-12,-61,-13,-66,-10,-67,-9,-68,-8,-66,-6,-66,-3,-63,-6,-67,0,-66,2,-67,1,-64,3,-64,5,-60,7,-64,8,-61,7,-59,10,-60,9,0,0]"
CSI_DATA,98,2a:00:00:00:00:00,-43,11,1,0,1,1,1,0,0,0,1,-96,0,11,2,1575166,0,44,0,384,0,"[0,0,0,0,0,0,0,0,0,0,0,0,8,-3,7,-4,7,-4,7,-4,7,-4,6,-4,6,-5,6,-5,6,-5,6,-5,6,-5,5,-6,5,-5,5,-5,5,-5,5,-6,5,-6,5,-6,5,-6,4,-6,5,-6,4,-6,5,-6,5,-6,5,-6,5,-5,0,0,5,-6,5,-5,5,-5,5,-5,5,-4,5,-4,5,-4,5,-3,5,-4,5,-3,5,-3,5,-2,4,-2,4,-2,4,-1,4,-1,4,-1,4,-1,4,0,4,0,3,0,3,0,3,0,2,0,2,1,2,1,0,0,0,0,0,0,0,0,0,0,0,0,0,0,48,-17,50,-15,50,-21,46,-19,46,-22,44,-26,40,-22,42,-25,38,-27,38,-27,36,-28,33,-31,38,-30,32,-32,30,-32,31,-31,32,-33,30,-34,27,-31,31,-32,30,-38,27,-29,30,-38,29,-30,25,-31,30,-30,26,-34,26,-36,27,-33,28,-34,29,-35,31,-31,30,-30,29,-28,28,-29,28,-25,30,-22,32,-22,30,-19,31,-17,28,-14,30,-14,30,-12,28,-14,29,-9,28,-6,29,-4,22,-8,27,-2,25,-3,23,2,23,1,21,3,20,3,18,5,20,7,16,2,0,0,0,0,0,0,0,0,0,0,0,0,0,0,0,0,0,0,0,0,0,0,-25,40,-26,40,-30,42,-33,41,-31,41,-34,43,-35,38,-37,43,-41,42,-34,45,-40,47,-41,45,-40,49,-43,50,-44,49,-41,47,-47,47,-42,45,-41,51,-44,52,-42,47,-41,50,-39,47,-42,53,-40,51,-38,54,-37,50,-36,54,-32,53,-34,57,-30,53,-29,56,-26,57,-25,54,-22,58,-23,61,-18,55,-16,64,-15,61,-12,64,-12,65,-11,61,-7,64,-7,66,-6,67,-7,66,-2,68,-1,64,-2,64,1,60,3,62,6,61,5,64,7,58,7,60,7,60,10,59,0,0]"
CSI_DATA,99,2a:00:00:00:00:00,-43,11,1,0,1,1,1,0,0,0,1,-96,0,11,2,1585083,0,44,0,384,0,"[0,0,0,0,0,0,0,0,0,0,0,0,7,5,7,4,6,4,7,4,7,3,6,3,7,2,7,2,7,2,7,2,7,2,7,2,7,1,7,1,7,1,7,1,7,1,7,1,7,1,7,1,7,1,7,1,6,1,7,0,7,1,6,1,0,0,6,1,7,1,6,1,6,1,6,2,6,2,6,2,5,2,5,2,5,2,4,2,4,3,4,3,4,3,3,3,3,3,2,3,2,3,2,3,2,3,1,3,1,3,1,3,1,3,0,3,0,2,0,0,0,0,0,0,0,0,0,0,0,0,0,0,31,40,34,40,36,40,33,34,33,31,36,31,34,30,36,30,37,24,38,23,39,25,40,24,41,21,41,20,39,19,40,15,41,16,41,16,42,15,39,13,44,10,42,10,40,10,38,11,40,13,41,9,42,12,41,9,40,12,41,9,41,11,40,11,35,17,39,15,36,13,34,17,34,18,34,16,30,18,28,21,26,17,28,19,23,20,21,22,20,24,19,21,17,22,17,21,14,19,11,20,10,21,7,21,8,22,5,19,3,23,2,18,3,17,0,0,0,0,0,0,0,0,0,0,0,0,0,0,0,0,0,0,0,0,0,0,-44,-16,-48,-17,-48,-17,-51,-19,-49,-22,-50,-24,-50,-21,-53,-25,-54,-25,-50,-25,-55,-24,-55,-26,-58,-28,-58,-29,-57,-29,-58,-27,-60,-29,-57,-26,-58,-25,-59,-22,-64,-24,-63,-28,-59,-25,-60,-24,-61,-24,-62,-19,-63,-22,-62,-17,-59,-15,-67,-13,-59,-9,-64,-9,-62,-9,-66,-5,-66,-5,-64,1,-62,2,-65,0,-63,2,-68,8,-65,10,-66,14,-63,16,-65,14,-62,14,-62,20,-60,20,-65,21,-62,22,-59,19,-58,21,-58,28,-60,26,-52,26,-53,27,-55,31,-52,28,0,0]"
CSI_DATA,100,2a:00:00:00:00:00,-43,11,1,0,1,1,1,0,0,0,1,-96,0,11,2,1595028,0,44,0,384,0,"[0,0,0,0,0,0,0,0,0,0,0,0,2,8,2,8,2,7,3,8,3,7,3,7,4,7,3,7,4,6,4,6,4,6,4,6,4,6,4,6,4,6,4,5,5,6,4,5,5,5,5,5,5,5,5,5,4,5,4,5,4,5,4,5,0,0,4,6,4,5,4,6,3,5,3,6,3,6,2,5,2,5,2,5,1,5,0,5,1,5,0,5,0,5,0,4,0,4,0,4,-1,4,-1,4,-1,3,-1,3,-1,3,-2,3,-2,3,-2,2,-2,2,0,0,0,0,0,0,0,0,0,0,0,0,0,0,7,47,7,50,12,50,12,45,15,46,15,42,17,44,17,39,20,38,19,36,21,37,21,37,24,36,24,36,25,34,26,33,26,37,28,33,27,32,30,31,28,30,27,32,31,32,30,28,30,31,29,32,29,30,28,32,30,31,28,31,27,31,25,27,25,31,21,32,20,29,18,30,19,32,21,31,17,33,14,27,15,32,9,30,9,31,6,29,7,30,5,29,1,26,2,29,-2,20,1,23,0,21,-4,24,-3,21,-5,20,-9,19,-8,15,-9,16,0,0,0,0,0,0,0,0,0,0,0,0,0,0,0,0,0,0,0,0,0,0,-34,-31,-33,-34,-32,-38,-33,-37,-33,-43,-33,-40,-36,-42,-36,-42,-34,-43,-36,-48,-34,-50,-36,-47,-38,-49,-37,-50,-36,-47,-40,-49,-40,-48,-38,-52,-40,-48,-43,-49,-44,-49,-44,-47,-43,-49,-42,-49,-42,-50,-45,-46,-44,-45,-45,-44,-45,-41,-48,-39,-51,-34,-52,-38,-52,-35,-56,-31,-57,-32,-56,-30,-58,-27,-59,-27,-59,-25,-60,-23,-57,-21,-62,-21,-59,-17,-65,-17,-59,-15,-61,-12,-64,-12,-64,-8,-65,-11,-64,-7,-61,-9,-60,-7,-61,-4,-58,-3,-60,-4,-57,0,-58,2,0,0]"
CSI_DATA,101,2a:00:00:00:00:00,-43,11,1,0,1,1,1,0,0,0,1,-96,0,11,2,1605024,0,44,0,384,0,"[0,0,0,0,0,0,0,0,0,0,0,0,3,8,3,8,4,7,4,8,4,7,4,7,4,7,4,7,5,6,5,6,5,6,5,6,5,6,5,6,6,5,5,5,6,5,5,5,6,5,6,5,5,5,5,5,5,5,6,5,6,5,5,5,0,0,5,5,5,5,5,6,4,5,4,6,4,5,3,5,3,5,2,5,2,5,2,5,2,5,1,5,1,5,0,5,0,5,0,4,0,4,-1,4,-1,4,-1,3,-1,3,-1,3,-1,3,-2,3,-2,2,0,0,0,0,0,0,0,0,0,0,0,0,0,0,2,49,1,51,4,50,5,49,8,50,8,44,10,45,12,45,14,44,12,42,16,41,14,40,18,40,19,37,21,39,22,33,23,40,23,36,23,35,24,37,25,38,25,32,27,35,23,34,25,34,24,36,23,33,24,33,23,36,23,31,22,35,20,33,23,33,20,34,18,34,16,36,16,35,12,36,11,31,10,33,8,32,5,30,4,31,4,29,2,30,0,27,-1,29,-2,29,-3,22,-5,21,-3,21,-7,22,-8,19,-10,19,-10,20,-8,15,-12,14,0,0,0,0,0,0,0,0,0,0,0,0,0,0,0,0,0,0,0,0,0,0,-28,-40,-24,-39,-27,-44,-25,-43,-27,-46,-26,-45,-25,-48,-24,-46,-28,-53,-27,-50,-29,-50,-28,-51,-31,-55,-30,-54,-30,-54,-27,-53,-30,-56,-31,-56,-29,-53,-33,-55,-32,-54,-32,-55,-32,-54,-38,-52,-34,-52,-36,-51,-37,-51,-36,-49,-38,-47,-42,-46,-42,-44,-42,-47,-44,-43,-47,-43,-49,-42,-48,-40,-51,-35,-54,-38,-52,-34,-56,-33,-58,-31,-57,-27,-58,-30,-60,-29,-56,-23,-63,-23,-60,-24,-55,-21,-62,-20,-61,-21,-62,-16,-59,-15,-59,-14,-59,-13,-59,-12,-57,-10,-56,-11,0,0]"
CSI_DATA,102,2a:00:00:00:00:00,-43,11,1,0,1,1,1,0,0,0,1,-96,0,11,2,1614989,0,44,0,384,0,"[0,0,0,0,0,0,0,0,0,0,0,0,-2,8,-1,8,-1,8,-1,8,0,8,0,8,0,8,0,8,0,8,1,8,1,7,1,8,2,7,2,7,1,7,2,7,2,7,2,7,2,7,2,7,2,7,2,7,2,7,2,7,2,7,2,7,0,0,1,7,1,7,1,6,1,7,1,6,0,6,0,6,0,6,-1,6,-1,6,-1,5,-1,5,-1,5,-2,5,-2,4,-2,4,-2,4,-3,4,-3,3,-3,3,-3,3,-3,3,-3,2,-3,2,-3,2,-3,1,0,0,0,0,0,0,0,0,0,0,0,0,0,0,-9,48,-13,50,-4,47,-6,46,-5,48,-3,47,0,47,2,45,2,47,3,42,5,45,8,41,8,45,9,45,7,41,9,39,9,44,9,40,13,38,15,40,15,39,12,40,14,38,17,36,16,37,18,39,15,40,13,38,13,38,14,37,15,35,11,39,15,37,11,37,10,37,6,36,6,36,4,35,4,37,1,38,-2,33,-4,31,-3,30,-3,30,-7,28,-7,28,-9,24,-6,24,-12,21,-11,21,-14,17,-14,16,-9,18,-12,17,-14,15,-13,13,-14,12,0,0,0,0,0,0,0,0,0,0,0,0,0,0,0,0,0,0,0,0,0,0,-19,-44,-17,-42,-18,-45,-19,-48,-20,-48,-15,-50,-19,-50,-17,-50,-17,-52,-18,-58,-16,-56,-17,-58,-17,-57,-20,-58,-20,-57,-19,-63,-22,-59,-17,-64,-19,-60,-21,-60,-16,-62,-24,-61,-20,-63,-22,-63,-22,-61,-24,-59,-25,-55,-29,-55,-30,-56,-28,-55,-31,-53,-34,-49,-36,-50,-38,-50,-42,-50,-41,-46,-45,-47,-44,-48,-44,-44,-47,-45,-47,-39,-54,-40,-51,-37,-50,-39,-49,-37,-52,-34,-54,-34,-55,-32,-52,-29,-56,-31,-55,-29,-55,-27,-56,-27,-53,-26,-57,-23,-53,-21,-53,-22,0,0]"
CSI_DATA,103,2a:00:00:00:00:00,-43,11,1,0,1,1,1,0,0,0,1,-96,0,11,2,1625641,0,44,0,384,0,"[0,0,0,0,0,0,0,0,0,0,0,0,7,-5,7,-5,7,-5,7,-5,6,-5,6,-5,6,-6,6,-6,6,-6,5,-6,6,-6,5,-6,5,-6,5,-6,5,-6,5,-6,5,-7,5,-6,4,-6,4,-7,4,-6,4,-6,4,-7,4,-7,5,-6,4,-6,0,0,5,-6,5,-6,5,-5,5,-5,5,-5,5,-5,5,-4,5,-4,5,-4,5,-3,5,-3,5,-3,4,-2,4,-2,4,-2,4,-1,4,-1,4,-1,4,-1,4,-1,3,0,3,0,3,0,3,0,3,1,2,1,0,0,0,0,0,0,0,0,0,0,0,0,0,0,52,-7,52,-7,48,-13,50,-14,46,-13,45,-13,41,-15,46,-17,42,-17,44,-20,43,-23,42,-22,40,-25,39,-20,38,-25,38,-26,37,-24,33,-28,37,-29,33,-28,35,-28,35,-30,34,-32,31,-31,32,-27,32,-29,34,-30,33,-31,31,-29,32,-28,34,-28,34,-29,32,-23,32,-23,31,-27,33,-21,31,-20,34,-19,32,-15,31,-16,31,-13,34,-10,32,-10,32,-6,31,-6,31,-1,31,-3,26,-1,27,1,25,0,24,4,25,3,20,3,19,4,18,8,19,8,17,10,0,0,0,0,0,0,0,0,0,0,0,0,0,0,0,0,0,0,0,0,0,0,-35,33,-36,32,-39,31,-41,33,-41,33,-43,31,-44,31,-45,35,-47,36,-46,35,-50,34,-53,35,-51,39,-56,34,-54,40,-49,34,-53,37,-53,36,-51,38,-50,41,-51,43,-50,41,-49,39,-54,42,-49,37,-49,44,-48,41,-48,44,-40,43,-42,48,-40,46,-41,50,-37,50,-36,53,-34,53,-35,54,-33,55,-30,56,-29,57,-28,59,-26,61,-26,60,-22,65,-21,63,-16,61,-19,64,-17,64,-13,64,-10,64,-13,62,-9,63,-7,64,-8,63,-5,61,-6,58,-5,59,-4,61,0,0]"
CSI_DATA,104,2a:00:00:00:00:00,-43,11,1,0,1,1,1,0,0,0,1,-96,0,11,2,1635020,0,44,0,384,0,"[0,0,0,0,0,0,0,0,0,0,0,0,5,6,5,6,6,6,6,6,6,5,6,5,6,4,6,4,6,4,6,4,6,4,7,4,7,4,7,3,7,3,7,3,7,2,7,3,7,2,7,2,7,2,7,3,7,3,7,2,7,3,7,3,0,0,6,3,7,3,6,3,6,3,6,3,6,3,5,4,5,4,4,4,4,4,4,4,3,4,3,4,3,4,2,4,2,4,2,4,1,4,1,3,1,3,1,3,1,4,0,3,0,3,0,3,-1,3,0,0,0,0,0,0,0,0,0,0,0,0,0,0,19,47,18,49,22,44,27,43,25,40,24,41,24,36,26,38,29,31,32,33,31,30,36,29,34,28,32,26,35,28,37,26,35,26,39,26,42,25,34,26,38,24,35,19,37,18,37,19,37,18,38,22,37,15,35,19,35,20,36,21,34,23,38,21,32,25,34,24,32,22,31,23,31,21,31,25,30,24,25,25,22,25,18,25,18,28,18,25,16,28,13,27,10,24,9,24,7,23,7,25,7,22,4,22,3,20,1,21,0,21,-1,19,-3,19,0,0,0,0,0,0,0,0,0,0,0,0,0,0,0,0,0,0,0,0,0,0,-35,-31,-36,-33,-36,-36,-39,-35,-36,-34,-39,-40,-37,-36,-43,-37,-39,-40,-39,-38,-40,-42,-41,-44,-43,-46,-43,-46,-45,-47,-38,-45,-45,-48,-43,-44,-46,-44,-46,-43,-49,-39,-51,-44,-45,-42,-48,-40,-49,-42,-46,-40,-51,-40,-53,-37,-52,-37,-54,-33,-54,-28,-59,-31,-57,-26,-59,-24,-60,-21,-60,-20,-58,-20,-61,-20,-60,-21,-66,-14,-69,-12,-62,-9,-63,-9,-63,-7,-66,-3,-65,3,-63,4,-63,5,-62,6,-61,2,-64,1,-64,4,-63,5,-57,7,-60,5,-61,12,-57,11,0,0]"
CSI_DATA,105,2a:00:00:00:00:00,-43,11,1,0,1,1,1,0,0,0,1,-96,0,11,2,1647901,0,44,0,384,0,"[0,0,0,0,0,0,0,0,0,0,0,0,-7,6,-6,6,-5,6,-5,6,-5,6,-5,6,-5,7,-4,7,-4,7,-4,6,-4,7,-4,7,-3,7,-3,7,-3,6,-3,7,-3,7,-3,7,-3,7,-3,7,-3,6,-3,6,-3,7,-3,6,-3,7,-3,7,0,0,-4,6,-4,6,-4,6,-4,6,-4,5,-4,5,-4,5,-4,5,-5,4,-5,4,-5,4,-4,3,-4,3,-5,2,-5,2,-5,2,-4,2,-4,1,-4,1,-4,1,-4,1,-4,0,-4,0,-4,0,-4,0,-4,-1,0,0,0,0,0,0,0,0,0,0,0,0,0,0,-46,23,-42,26,-39,28,-41,31,-38,30,-36,30,-33,34,-34,32,-32,32,-31,34,-30,33,-27,37,-26,37,-25,37,-24,37,-23,38,-23,38,-21,39,-20,39,-19,38,-20,37,-21,38,-14,40,-16,39,-14,38,-15,38,-17,36,-14,40,-16,36,-19,39,-19,36,-19,37,-19,35,-20,36,-21,35,-21,31,-22,33,-21,29,-22,30,-23,27,-28,22,-27,23,-23,18,-24,17,-25,15,-28,15,-23,13,-23,10,-27,7,-22,8,-20,5,-22,7,-21,6,-20,3,-19,0,-20,1,-20,-5,0,0,0,0,0,0,0,0,0,0,0,0,0,0,0,0,0,0,0,0,0,0,18,-43,19,-43,19,-43,23,-44,22,-45,23,-44,24,-46,25,-49,28,-47,25,-47,31,-48,31,-48,31,-52,29,-54,30,-53,31,-55,34,-56,30,-53,28,-55,28,-57,25,-59,30,-58,26,-58,26,-57,29,-54,24,-59,26,-58,22,-59,20,-56,21,-61,15,-58,12,-58,12,-63,9,-59,4,-62,7,-63,4,-58,3,-62,3,-62,-2,-65,-6,-66,-7,-64,-6,-66,-9,-64,-9,-64,-11,-66,-12,-63,-16,-63,-15,-63,-16,-59,-18,-57,-16,-60,-20,-59,-21,-55,-19,-58,-24,-54,-21,-51,0,0]"
CSI_DATA,106,2a:00:00:00:00:00,-43,11,1,0,1,1,1,0,0,0,1,-96,0,11,2,1655198,0,44,0,384,0,"[0,0,0,0,0,0,0,0,0,0,0,0,0,-9,0,-9,0,-9,-1,-9,-1,-9,-1,-9,-1,-8,-2,-8,-2,-9,-2,-8,-2,-8,-2,-8,-3,-8,-3,-8,-3,-8,-3,-8,-3,-8,-3,-8,-3,-8,-3,-8,-4,-8,-3,-8,-3,-7,-3,-8,-3,-8,-3,-8,0,0,-3,-8,-3,-7,-2,-8,-2,-7,-2,-7,-2,-7,-1,-7,-1,-7,-1,-7,0,-6,0,-6,0,-6,0,-6,0,-6,1,-5,1,-5,1,-5,1,-5,1,-4,1,-4,2,-4,2,-3,2,-3,2,-3,2,-3,2,-2,0,0,0,0,0,0,0,0,0,0,0,0,0,0,21,-48,19,-46,14,-42,16,-47,13,-49,10,-45,9,-46,7,-49,4,-47,5,-46,7,-46,-1,-46,1,-48,-1,-46,-4,-42,-4,-44,-3,-43,-6,-45,-8,-42,-8,-42,-9,-44,-9,-45,-12,-43,-11,-43,-9,-40,-12,-42,-8,-41,-9,-41,-8,-43,-8,-42,-4,-41,-3,-42,-4,-40,-6,-42,-2,-38,0,-41,-1,-40,-2,-41,3,-36,6,-37,6,-33,8,-32,7,-32,10,-30,11,-32,13,-27,13,-24,12,-26,15,-21,13,-21,13,-20,13,-15,13,-16,15,-15,13,-10,15,-12,16,-9,0,0,0,0,0,0,0,0,0,0,0,0,0,0,0,0,0,0,0,0,0,0,11,44,8,45,8,46,9,50,10,50,7,50,7,49,7,55,7,54,6,54,4,57,6,59,10,60,5,57,6,59,3,59,5,60,7,61,10,58,8,60,14,59,9,65,12,61,10,60,13,60,13,60,13,62,18,60,17,59,20,60,21,57,21,54,24,58,27,55,29,57,28,54,33,55,32,51,34,49,39,54,37,51,40,47,41,47,45,49,41,45,42,46,45,43,46,40,51,40,46,39,46,40,48,36,48,36,45,30,49,32,45,29,50,32,0,0]"
CSI_DATA,107,2a:00:00:00:00:00,-43,11,1,0,1,1,1,0,0,0,1,-96,0,11,2,1675107,0,44,0,384,0,"[0,0,0,0,0,0,0,0,0,0,0,0,7,-5,7,-5,7,-5,7,-6,6,-5,6,-6,6,-6,6,-6,6,-6,5,-6,5,-7,5,-7,5,-7,4,-7,4,-7,4,-7,4,-7,4,-7,4,-7,4,-7,4,-7,4,-7,4,-7,4,-7,4,-6,4,-7,0,0,4,-6,5,-6,5,-6,5,-5,5,-5,5,-5,4,-5,5,-4,5,-4,5,-4,5,-3,4,-3,4,-2,4,-2,4,-2,5,-2,4,-1,4,-1,4,-1,4,-1,4,-1,3,0,3,0,3,0,3,0,3,0,0,0,0,0,0,0,0,0,0,0,0,0,0,0,53,-8,50,-8,51,-15,47,-8,46,-15,46,-15,42,-16,42,-15,39,-22,38,-22,41,-19,43,-22,40,-23,38,-26,35,-26,36,-30,36,-28,34,-29,31,-31,33,-27,34,-29,30,-29,30,-32,33,-26,29,-30,32,-27,27,-32,28,-31,29,-27,30,-30,30,-30,29,-30,30,-24,31,-24,32,-23,31,-21,32,-21,34,-18,33,-17,33,-14,30,-13,31,-11,28,-10,30,-9,27,-6,28,-5,27,-2,23,-2,21,-2,25,3,23,2,23,1,21,3,16,5,17,3,18,2,17,8,0,0,0,0,0,0,0,0,0,0,0,0,0,0,0,0,0,0,0,0,0,0,-31,34,-35,33,-36,32,-38,31,-36,33,-39,35,-40,34,-42,35,-46,34,-40,36,-43,38,-42,38,-43,42,-48,42,-47,41,-49,35,-50,37,-47,39,-47,41,-50,37,-45,39,-51,43,-45,43,-46,44,-44,43,-40,46,-42,50,-43,48,-40,44,-37,48,-37,50,-37,50,-35,51,-32,52,-34,53,-34,55,-26,55,-25,59,-21,60,-21,62,-23,62,-19,60,-18,60,-15,62,-17,64,-19,60,-14,61,-12,61,-11,62,-7,59,-2,61,-5,65,-3,65,-3,55,-2,59,-1,56,-1,55,0,0]"
CSI_DATA,108,2a:00:00:00:00:00,-43,11,1,0,1,1,1,0,0,0,1,-96,0,11,2,1685019,0,44,0,384,0,"[0,0,0,0,0,0,0,0,0,0,0,0,9,2,8,1,8,1,8,1,8,1,8,0,8,0,8,0,8,-1,8,0,8,-1,8,-1,8,-1,8,-2,7,-1,8,-2,7,-2,7,-2,7,-2,8,-2,7,-2,7,-2,8,-2,7,-2,7,-2,7,-2,0,0,7,-2,7,-1,7,-2,7,-1,7,-1,7,-1,6,0,6,0,6,0,6,0,6,1,5,1,5,1,5,1,4,1,4,1,4,1,3,1,3,2,3,2,3,2,2,2,2,2,2,2,2,2,1,2,0,0,0,0,0,0,0,0,0,0,0,0,0,0,48,23,46,24,46,19,47,15,49,13,45,12,47,12,49,8,45,7,44,4,45,4,45,-1,47,0,47,0,44,-3,46,-4,48,-1,45,-4,43,-6,45,-6,43,-7,44,-9,41,-9,42,-7,38,-9,41,-6,40,-9,42,-8,41,-9,42,-10,41,-5,41,-4,43,-3,40,-3,37,-3,40,3,39,2,37,4,37,5,31,3,33,5,32,6,29,10,30,9,25,11,26,11,26,13,23,14,24,11,17,15,17,11,17,13,18,15,11,16,10,17,13,13,10,14,0,0,0,0,0,0,0,0,0,0,0,0,0,0,0,0,0,0,0,0,0,0,-48,10,-48,7,-49,3,-50,6,-50,8,-53,5,-54,4,-55,4,-60,3,-57,7,-62,1,-58,0,-64,3,-65,5,-62,4,-61,2,-61,7,-62,3,-65,6,-64,1,-64,4,-66,10,-61,6,-65,8,-63,7,-67,11,-63,9,-63,13,-62,15,-61,18,-60,19,-62,21,-59,23,-60,26,-59,26,-58,30,-57,33,-57,30,-56,33,-53,35,-54,38,-51,39,-53,40,-52,41,-47,41,-46,48,-44,44,-42,49,-48,47,-45,46,-38,46,-38,49,-36,50,-35,46,-36,49,-34,47,-34,53,0,0]"
CSI_DATA,109,2a:00:00:00:00:00,-43,11,1,0,1,1,1,0,0,0,1,-96,0,11,2,1695014,0,44,0,384,0,"[0,0,0,0,0,0,0,0,0,0,0,0,9,1,8,0,8,1,8,0,8,0,8,0,8,-1,8,-1,8,-1,7,-2,8,-2,7,-2,8,-2,8,-2,7,-2,8,-3,8,-3,7,-3,7,-3,7,-3,7,-3,7,-3,7,-3,7,-3,7,-3,7,-3,0,0,7,-2,7,-2,7,-2,7,-2,7,-1,6,-1,6,-1,6,0,6,0,6,0,5,0,5,1,5,1,5,1,4,1,4,1,4,1,4,1,3,1,3,1,3,2,2,2,2,2,2,2,2,2,1,2,0,0,0,0,0,0,0,0,0,0,0,0,0,0,52,14,50,13,52,12,50,8,47,7,50,6,47,4,46,1,45,0,45,1,43,-5,45,-6,45,-7,46,-8,45,-6,44,-7,46,-6,42,-7,44,-13,41,-14,44,-15,42,-14,42,-16,39,-15,37,-14,41,-15,39,-15,41,-11,40,-12,40,-14,40,-13,41,-13,37,-10,39,-8,36,-11,40,-4,35,-5,37,-6,40,-2,35,-2,35,0,33,2,32,7,29,6,28,8,26,6,27,7,24,8,25,7,23,9,20,8,20,8,19,13,14,11,13,13,13,13,11,12,0,0,0,0,0,0,0,0,0,0,0,0,0,0,0,0,0,0,0,0,0,0,-46,10,-45,12,-49,11,-51,9,-49,10,-54,8,-54,12,-55,10,-56,9,-52,8,-58,10,-60,9,-59,7,-61,9,-62,11,-62,8,-65,11,-64,11,-63,10,-65,14,-59,16,-62,16,-62,16,-63,14,-64,13,-62,17,-62,15,-62,21,-60,19,-59,24,-59,23,-58,25,-56,32,-56,32,-55,34,-51,36,-52,35,-51,37,-52,37,-51,43,-50,48,-46,45,-48,50,-47,46,-48,45,-38,49,-41,54,-38,56,-37,51,-38,51,-36,48,-34,50,-35,55,-29,52,-33,48,-32,54,-25,54,0,0]"
CSI_DATA,110,2a:00:00:00:00:00,-43,11,1,0,1,1,1,0,0,0,1,-96,0,11,2,1705074,0,44,0,384,0,"[0,0,0,0,0,0,0,0,0,0,0,0,7,-6,7,-6,6,-6,6,-6,6,-6,6,-6,5,-6,5,-7,5,-7,5,-7,5,-7,4,-7,4,-7,4,-7,4,-7,4,-7,4,-7,4,-7,3,-7,3,-7,4,-7,3,-7,4,-7,3,-7,4,-7,4,-7,0,0,4,-7,4,-6,4,-6,4,-6,4,-5,4,-5,4,-5,4,-4,5,-4,5,-4,5,-3,4,-3,4,-3,4,-2,4,-2,4,-2,4,-2,4,-2,4,-1,3,-1,3,-1,3,-1,3,0,3,0,3,0,2,0,0,0,0,0,0,0,0,0,0,0,0,0,0,0,46,-23,48,-25,43,-26,43,-25,42,-30,37,-29,33,-32,36,-32,34,-33,29,-32,29,-37,32,-34,29,-37,28,-37,30,-36,26,-38,26,-37,24,-38,22,-38,22,-41,18,-41,23,-37,20,-36,18,-38,20,-40,19,-36,22,-41,23,-40,19,-39,22,-36,23,-38,25,-35,22,-33,18,-33,23,-32,20,-30,25,-31,19,-28,26,-27,25,-23,30,-24,26,-21,26,-16,26,-15,26,-15,27,-13,23,-13,23,-10,20,-6,24,-7,20,-5,22,-3,21,-3,19,-1,18,-1,16,3,17,2,0,0,0,0,0,0,0,0,0,0,0,0,0,0,0,0,0,0,0,0,0,0,-19,45,-20,42,-18,45,-21,46,-24,46,-26,43,-23,47,-25,50,-26,52,-27,51,-30,50,-28,52,-30,54,-28,53,-29,51,-32,55,-30,55,-33,55,-29,55,-28,58,-29,57,-26,58,-31,57,-30,58,-27,54,-24,60,-22,55,-24,57,-23,60,-16,60,-16,61,-12,61,-11,62,-8,62,-8,63,-8,63,-2,64,-6,63,-3,66,-1,64,2,64,4,66,4,64,7,66,7,60,8,64,9,63,15,65,13,59,14,65,15,59,15,59,18,56,18,60,17,57,19,58,22,54,0,0]"
CSI_DATA,111,2a:00:00:00:00:00,-43,11,1,0,1,1,1,0,0,0,1,-96,0,11,2,1725018,0,44,0,384,0,"[0,0,0,0,0,0,0,0,0,0,0,0,9,-2,8,-3,8,-3,8,-3,8,-3,8,-3,7,-4,7,-4,7,-4,7,-4,7,-4,7,-5,6,-5,6,-5,6,-4,6,-5,6,-5,6,-5,6,-5,6,-5,6,-5,6,-5,6,-5,5,-5,6,-5,6,-5,0,0,6,-5,6,-4,6,-4,6,-4,6,-3,6,-3,6,-3,6,-3,6,-2,5,-2,5,-2,5,-1,5,-1,5,-1,5,-1,4,-1,4,0,4,0,3,0,4,0,3,1,3,1,3,1,2,1,2,1,2,1,0,0,0,0,0,0,0,0,0,0,0,0,0,0,55,-6,53,-5,50,-8,52,-10,52,-11,51,-10,45,-13,45,-16,42,-17,44,-17,43,-20,43,-22,41,-20,39,-23,42,-22,35,-24,36,-28,38,-27,38,-28,37,-28,39,-28,35,-26,33,-28,31,-28,32,-26,35,-26,34,-28,35,-28,34,-27,34,-28,34,-27,37,-24,36,-22,33,-22,37,-18,32,-18,35,-17,33,-17,35,-16,34,-12,34,-11,31,-10,30,-5,32,-7,27,-4,29,-4,25,-1,26,1,26,2,25,7,23,3,20,5,18,6,16,7,19,8,16,8,13,8,0,0,0,0,0,0,0,0,0,0,0,0,0,0,0,0,0,0,0,0,0,0,-30,35,-34,33,-35,32,-39,34,-39,34,-41,34,-42,34,-43,35,-45,37,-43,38,-44,37,-48,37,-47,40,-50,41,-51,37,-50,36,-50,38,-51,41,-50,43,-48,39,-50,43,-51,45,-49,45,-48,44,-46,47,-46,47,-44,47,-43,47,-44,47,-41,49,-42,50,-39,51,-36,52,-36,53,-35,56,-34,57,-29,59,-30,56,-29,62,-24,61,-25,60,-21,61,-21,61,-21,68,-17,61,-18,65,-15,66,-12,64,-16,62,-13,61,-10,63,-10,64,-9,64,-7,65,-7,62,-3,63,-2,59,0,0]"
CSI_DATA,112,2a:00:00:00:00:00,-43,11,1,0,1,1,1,0,0,0,1,-96,0,11,2,1745579,0,44,0,384,0,"[0,0,0,0,0,0,0,0,0,0,0,0,2,-10,2,-10,1,-10,1,-10,1,-9,1,-9,0,-9,0,-9,-1,-9,-1,-9,-1,-9,-1,-9,-1,-9,-2,-9,-2,-9,-2,-9,-2,-9,-2,-8,-2,-9,-2,-8,-2,-8,-2,-8,-2,-8,-2,-8,-2,-8,-2,-8,0,0,-2,-8,-1,-8,-1,-8,-1,-8,-1,-8,-1,-8,-1,-7,0,-7,1,-7,1,-7,1,-6,1,-6,1,-6,1,-5,2,-5,2,-5,2,-5,2,-4,2,-4,2,-4,2,-4,2,-3,2,-3,2,-3,2,-2,2,-2,0,0,0,0,0,0,0,0,0,0,0,0,0,0,29,-53,27,-47,24,-51,22,-47,19,-47,15,-45,15,-46,16,-49,14,-47,14,-46,11,-44,8,-46,5,-46,5,-44,7,-43,4,-44,4,-47,2,-43,0,-44,3,-45,3,-46,-1,-47,1,-46,-3,-44,-2,-45,-3,-41,-1,-43,-2,-47,-1,-44,-1,-43,1,-41,5,-44,3,-42,1,-41,5,-37,8,-41,7,-41,9,-35,11,-36,16,-31,16,-34,14,-29,13,-28,17,-26,15,-22,18,-21,15,-21,16,-21,17,-18,17,-17,18,-13,17,-11,13,-11,16,-12,19,-10,17,-5,15,-6,0,0,0,0,0,0,0,0,0,0,0,0,0,0,0,0,0,0,0,0,0,0,15,42,15,44,14,46,12,46,13,48,13,53,12,52,11,51,11,54,11,53,12,56,12,55,13,58,10,57,9,58,9,58,9,64,10,59,12,63,13,62,10,62,13,64,12,61,15,63,15,63,15,61,16,58,18,57,21,58,22,57,22,54,25,59,26,57,27,57,31,56,31,54,33,51,37,54,36,52,38,52,38,52,42,49,41,47,43,52,43,50,46,46,43,47,46,43,46,42,46,44,49,43,51,39,48,40,47,38,45,36,49,39,50,36,0,0]"
CSI_DATA,113,2a:00:00:00:00:00,-42,11,1,0,1,1,1,0,0,0,1,-96,0,11,2,1765031,0,44,0,384,0,"[0,0,0,0,0,0,0,0,0,0,0,0,5,-8,4,-8,4,-8,4,-8,3,-8,3,-8,3,-8,3,-8,3,-8,2,-8,3,-8,2,-8,2,-8,2,-8,1,-8,1,-8,1,-8,1,-8,1,-8,1,-8,1,-8,1,-8,1,-8,1,-8,1,-8,1,-8,0,0,2,-7,1,-7,2,-7,2,-7,2,-7,2,-6,2,-6,2,-6,3,-6,3,-6,3,-5,3,-5,3,-4,3,-4,3,-4,3,-3,3,-3,3,-3,3,-2,3,-2,3,-2,3,-2,3,-1,3,-1,3,-1,2,-1,0,0,0,0,0,0,0,0,0,0,0,0,0,0,38,-43,35,-42,34,-41,34,-42,31,-43,29,-41,27,-41,27,-40,24,-39,21,-41,21,-41,20,-41,16,-44,14,-42,18,-41,13,-44,12,-43,9,-42,9,-43,14,-41,10,-44,9,-44,5,-43,8,-45,8,-40,9,-42,11,-42,8,-44,9,-42,10,-42,12,-40,14,-38,13,-38,15,-40,14,-37,14,-37,15,-36,15,-33,19,-31,19,-30,20,-27,19,-25,18,-23,18,-23,19,-20,20,-18,21,-16,19,-17,22,-14,20,-12,21,-9,19,-6,18,-6,18,-5,15,-7,20,-4,18,-1,0,0,0,0,0,0,0,0,0,0,0,0,0,0,0,0,0,0,0,0,0,0,9,46,8,46,8,47,5,50,7,52,4,51,3,52,3,53,1,57,4,55,3,58,0,58,0,60,1,61,2,60,-3,62,-2,65,1,62,3,63,0,63,2,59,-1,65,0,62,5,60,2,61,5,63,9,61,7,62,9,63,12,61,12,61,14,62,15,60,18,65,17,64,20,61,21,60,23,62,27,60,27,60,30,58,28,58,30,59,34,60,35,55,35,56,36,54,37,51,39,53,36,53,40,53,40,49,40,52,38,48,37,49,41,46,42,43,0,0]"
CSI_DATA,114,2a:00:00:00:00:00,-43,11,1,0,1,1,1,0,0,0,1,-96,0,11,2,1776517,0,44,0,384,0,"[0,0,0,0,0,0,0,0,0,0,0,0,4,-8,3,-8,3,-8,3,-8,3,-8,3,-8,2,-8,2,-8,2,-8,1,-8,1,-8,1,-8,1,-8,1,-8,0,-8,1,-8,1,-8,0,-8,0,-8,0,-8,0,-8,0,-8,0,-8,0,-8,0,-8,1,-8,0,0,1,-8,1,-7,1,-7,1,-7,1,-7,1,-7,1,-6,2,-6,2,-6,2,-6,2,-5,2,-5,2,-5,3,-4,3,-4,3,-4,2,-3,3,-3,3,-3,3,-2,3,-2,2,-2,2,-2,2,-2,3,-1,2,-1,0,0,0,0,0,0,0,0,0,0,0,0,0,0,36,-42,38,-42,32,-44,31,-39,28,-41,31,-40,27,-42,23,-43,21,-41,22,-41,23,-40,18,-42,18,-41,14,-43,14,-42,12,-46,12,-44,10,-43,8,-42,12,-44,11,-42,6,-43,7,-45,8,-40,8,-40,8,-42,8,-41,4,-43,9,-39,8,-41,10,-41,13,-39,12,-38,12,-38,14,-36,16,-36,15,-33,15,-34,16,-32,18,-28,19,-28,17,-27,18,-22,20,-24,20,-22,21,-20,22,-17,21,-18,22,-13,18,-10,20,-9,20,-10,19,-7,16,-6,19,-7,20,-4,17,-3,0,0,0,0,0,0,0,0,0,0,0,0,0,0,0,0,0,0,0,0,0,0,12,45,9,48,11,48,7,50,6,52,9,52,4,53,4,51,2,56,3,53,3,61,4,58,2,60,1,62,3,60,-1,61,1,63,3,62,5,64,1,64,4,65,2,63,3,64,7,65,5,62,6,62,8,63,8,64,9,62,12,63,11,59,15,60,16,61,18,59,18,61,20,60,26,56,28,57,26,59,33,55,28,58,29,56,33,59,35,55,35,58,33,59,35,52,37,53,39,53,38,52,40,54,41,51,41,49,41,45,41,47,40,42,40,44,0,0]"
CSI_DATA,115,2a:00:00:00:00:00,-42,11,1,0,1,1,1,0,0,0,1,-96,0,11,2,1785038,0,44,0,384,0,"[0,0,0,0,0,0,0,0,0,0,0,0,0,-9,0,-9,0,-9,-1,-9,-1,-9,-1,-9,-1,-8,-1,-8,-1,-8,-2,-8,-2,-8,-2,-8,-2,-8,-3,-8,-3,-8,-2,-8,-3,-8,-3,-7,-3,-8,-3,-7,-3,-7,-3,-7,-2,-7,-3,-8,-3,-7,-2,-8,0,0,-2,-7,-2,-7,-2,-7,-1,-7,-1,-7,-1,-7,-1,-7,0,-7,0,-6,0,-6,1,-6,0,-6,0,-6,1,-5,1,-5,1,-5,1,-5,2,-4,2,-4,2,-3,2,-3,2,-3,2,-3,2,-3,2,-2,2,-2,0,0,0,0,0,0,0,0,0,0,0,0,0,0,20,-46,24,-45,19,-45,16,-47,18,-47,19,-46,12,-47,14,-46,11,-46,10,-43,9,-45,6,-45,7,-46,3,-43,2,-43,0,-41,0,-45,-1,-41,-2,-44,0,-43,-1,-44,-1,-43,-5,-42,-3,-42,-4,-42,-6,-41,-5,-38,-4,-41,-2,-42,-2,-42,1,-40,-1,-40,3,-40,0,-40,5,-39,2,-37,6,-36,7,-36,6,-35,9,-33,11,-32,14,-31,13,-29,12,-27,8,-26,15,-23,16,-21,16,-20,18,-17,15,-15,16,-15,15,-13,14,-15,15,-13,16,-11,16,-9,15,-6,0,0,0,0,0,0,0,0,0,0,0,0,0,0,0,0,0,0,0,0,0,0,26,41,21,41,21,42,22,44,19,46,19,45,20,48,19,50,18,52,19,50,18,53,18,55,17,54,18,55,18,55,18,58,17,61,15,60,17,58,18,59,23,57,21,60,20,61,21,59,21,59,21,58,20,56,24,58,25,54,29,55,28,54,30,53,32,53,34,51,34,50,37,51,36,49,37,51,40,48,44,48,41,44,43,47,45,48,50,44,45,43,47,42,46,41,50,38,50,38,49,37,49,37,53,39,51,37,49,34,47,33,50,31,53,34,0,0]"
CSI_DATA,116,2a:00:00:00:00:00,-42,11,1,0,1,1,1,0,0,0,1,-96,0,11,2,1795338,0,44,0,384,0,"[0,0,0,0,0,0,0,0,0,0,0,0,5,7,5,6,5,6,5,6,5,5,5,5,5,5,6,5,6,5,6,5,6,4,6,4,6,4,6,4,6,4,6,4,6,3,6,3,6,3,6,3,6,3,6,3,6,3,6,3,6,4,6,4,0,0,5,4,6,4,5,4,5,4,5,4,5,4,4,4,4,4,3,4,3,4,3,4,2,4,2,4,2,4,1,4,1,4,1,4,1,3,0,3,0,3,0,3,0,3,0,3,-1,3,-1,2,-1,2,0,0,0,0,0,0,0,0,0,0,0,0,0,0,29,47,27,42,34,40,29,40,31,39,33,34,32,35,34,32,33,31,35,29,33,29,36,27,36,26,38,25,36,24,35,20,38,22,36,20,37,20,36,17,38,17,37,18,38,18,39,17,36,19,37,18,36,16,39,18,36,18,37,18,35,20,34,19,34,20,34,19,31,20,28,22,29,24,29,25,25,25,20,24,21,23,22,27,18,25,18,24,14,27,12,24,8,23,11,23,6,22,6,21,2,19,1,21,6,20,1,19,1,21,-2,17,-2,15,0,0,0,0,0,0,0,0,0,0,0,0,0,0,0,0,0,0,0,0,0,0,-47,3,-48,1,-49,-2,-52,-3,-51,-2,-51,-3,-54,-3,-56,-3,-57,-7,-55,-5,-59,-10,-58,-9,-61,-7,-62,-8,-61,-10,-59,-11,-65,-11,-63,-11,-62,-11,-65,-10,-63,-7,-67,-9,-62,-7,-66,-9,-62,-8,-63,-7,-66,-7,-60,-6,-62,-2,-65,-4,-62,2,-66,0,-65,1,-62,6,-65,4,-61,8,-65,9,-64,13,-64,15,-63,15,-63,15,-63,18,-65,19,-63,20,-63,21,-63,21,-59,22,-62,26,-57,24,-59,25,-60,26,-59,26,-55,26,-55,27,-56,29,-55,31,-55,30,0,0]"
CSI_DATA,117,2a:00:00:00:00:00,-42,11,1,0,1,1,1,0,0,0,1,-96,0,11,2,1805044,0,44,0,384,0,"[0,0,0,0,0,0,0,0,0,0,0,0,1,-10,1,-9,0,-9,0,-9,0,-9,0,-8,-1,-8,-1,-8,-1,-8,-1,-8,-1,-8,-2,-8,-2,-8,-2,-8,-2,-7,-2,-8,-2,-8,-2,-8,-3,-8,-2,-8,-3,-8,-3,-8,-2,-8,-3,-8,-2,-8,-2,-7,0,0,-2,-7,-2,-8,-1,-7,-1,-7,-1,-7,-1,-7,-1,-7,0,-7,0,-6,0,-7,1,-6,0,-6,1,-5,1,-5,1,-5,1,-4,1,-5,1,-4,2,-4,2,-4,2,-3,2,-3,2,-3,2,-3,2,-2,2,-2,0,0,0,0,0,0,0,0,0,0,0,0,0,0,16,-52,13,-53,13,-50,11,-51,7,-51,9,-50,4,-49,2,-50,2,-46,1,-44,-7,-45,-4,-46,-6,-42,-4,-44,-2,-42,-6,-43,-3,-48,-9,-44,-12,-43,-8,-42,-12,-40,-8,-39,-13,-40,-14,-41,-12,-42,-14,-40,-13,-42,-11,-44,-12,-42,-10,-38,-8,-40,-10,-40,-8,-43,-8,-41,-9,-37,-2,-38,-6,-40,-4,-39,-2,-38,-2,-35,3,-36,4,-33,6,-34,4,-30,6,-30,6,-27,8,-26,10,-28,9,-23,11,-20,11,-20,9,-18,11,-18,12,-16,14,-13,14,-10,13,-11,0,0,0,0,0,0,0,0,0,0,0,0,0,0,0,0,0,0,0,0,0,0,29,39,28,39,29,38,31,41,27,45,27,46,30,43,28,46,33,49,26,48,26,52,28,54,29,54,25,55,26,53,29,56,29,59,29,56,28,57,33,57,32,55,34,57,32,56,31,59,30,56,32,55,32,53,32,52,35,51,39,52,38,47,41,49,41,45,44,45,46,45,46,43,48,43,43,47,47,43,49,42,52,38,53,33,53,38,58,34,55,34,54,34,57,32,58,30,61,30,57,29,58,30,60,26,57,27,56,24,58,24,61,21,62,16,0,0]"
CSI_DATA,118,2a:00:00:00:00:00,-42,11,1,0,1,1,1,0,0,0,1,-96,0,11,2,1816463,0,44,0,384,0,"[0,0,0,0,0,0,0,0,0,0,0,0,6,-7,6,-7,5,-6,5,-7,5,-7,5,-7,4,-7,4,-7,4,-7,3,-7,3,-7,3,-7,3,-7,3,-7,3,-7,3,-7,2,-8,2,-7,2,-7,2,-7,2,-7,2,-7,2,-7,2,-7,2,-7,2,-7,0,0,3,-7,3,-6,3,-7,3,-6,3,-6,3,-6,3,-6,3,-5,4,-5,4,-5,4,-4,3,-4,3,-4,3,-4,4,-3,4,-3,3,-2,3,-2,3,-2,3,-2,3,-1,3,-1,3,-1,3,-1,3,-1,3,0,0,0,0,0,0,0,0,0,0,0,0,0,0,0,51,-23,50,-23,48,-23,44,-23,44,-26,43,-26,38,-26,41,-25,36,-29,33,-29,35,-27,33,-31,33,-31,29,-32,31,-31,28,-37,27,-36,25,-36,28,-36,26,-31,23,-35,23,-33,21,-34,25,-33,20,-32,23,-36,20,-32,22,-38,19,-35,24,-34,25,-31,27,-32,21,-31,21,-33,25,-28,24,-27,27,-25,27,-24,25,-24,28,-20,26,-19,29,-18,25,-17,26,-14,26,-13,25,-9,27,-9,25,-6,25,-4,23,-5,24,-4,21,0,17,-2,16,-1,17,3,18,2,18,7,0,0,0,0,0,0,0,0,0,0,0,0,0,0,0,0,0,0,0,0,0,0,-5,47,-6,46,-8,48,-10,49,-8,47,-10,51,-15,52,-12,52,-17,54,-11,54,-16,56,-15,56,-15,60,-16,63,-16,61,-20,56,-22,61,-18,57,-16,59,-20,59,-16,60,-20,63,-17,59,-16,60,-16,59,-15,64,-15,62,-13,63,-12,59,-11,62,-9,61,-9,62,-8,60,-4,63,-2,61,-1,62,1,61,2,64,4,64,6,67,6,68,7,63,9,66,11,65,11,64,11,64,13,67,17,66,16,65,15,61,19,61,18,62,19,66,18,54,21,59,21,61,20,57,0,0]"
CSI_DATA,119,2a:00:00:00:00:00,-42,11,1,0,1,1,1,0,0,0,1,-96,0,11,2,1825037,0,44,0,384,0,"[0,0,0,0,0,0,0,0,0,0,0,0,-1,-10,-2,-10,-2,-9,-2,-9,-2,-9,-2,-9,-3,-8,-3,-8,-3,-8,-3,-8,-3,-8,-4,-8,-4,-8,-4,-8,-4,-8,-4,-7,-4,-8,-4,-7,-5,-7,-4,-7,-4,-7,-4,-7,-4,-7,-4,-7,-4,-7,-4,-7,0,0,-4,-7,-3,-7,-3,-8,-3,-7,-3,-7,-3,-7,-2,-7,-2,-7,-1,-7,-1,-6,-1,-6,-1,-6,0,-6,0,-6,0,-5,0,-5,0,-5,1,-5,1,-4,1,-4,1,-4,1,-4,1,-4,1,-3,2,-3,2,-3,0,0,0,0,0,0,0,0,0,0,0,0,0,0,16,-53,14,-53,12,-51,10,-51,8,-50,7,-48,6,-50,2,-47,1,-48,3,-46,-3,-45,-3,-43,-5,-42,-5,-44,-4,-43,-8,-41,-7,-44,-8,-42,-9,-42,-9,-39,-11,-44,-9,-40,-11,-41,-10,-39,-9,-41,-12,-38,-11,-38,-11,-41,-9,-39,-10,-41,-7,-39,-6,-38,-4,-39,-6,-41,-4,-39,-3,-35,-2,-39,-1,-36,-2,-34,4,-32,5,-32,6,-32,6,-30,5,-32,8,-30,8,-25,10,-24,9,-23,12,-23,9,-18,14,-16,12,-17,12,-16,13,-17,13,-14,12,-13,13,-10,0,0,0,0,0,0,0,0,0,0,0,0,0,0,0,0,0,0,0,0,0,0,35,24,37,24,37,30,34,32,39,33,35,35,36,36,38,36,38,39,39,37,38,42,38,44,40,47,40,45,41,44,35,50,36,46,39,47,40,45,36,46,41,48,41,51,40,47,41,48,39,48,41,46,44,49,43,47,42,45,42,41,47,42,47,42,46,41,46,38,49,38,50,36,51,37,52,32,54,34,55,32,58,31,56,29,56,31,59,29,56,28,60,25,57,26,60,26,60,25,61,24,60,23,58,24,59,23,58,20,59,22,60,22,57,19,0,0]"
CSI_DATA,120,2a:00:00:00:00:00,-42,11,1,0,1,1,1,0,0,0,1,-96,0,11,2,1845375,0,44,0,384,0,"[0,0,0,0,0,0,0,0,0,0,0,0,9,-1,9,-1,8,-1,8,-1,8,-2,8,-2,8,-3,7,-3,7,-3,7,-3,7,-3,7,-3,7,-3,6,-3,6,-3,7,-4,6,-4,6,-4,6,-4,6,-4,6,-4,6,-4,6,-4,6,-4,6,-4,6,-4,0,0,6,-4,6,-3,6,-3,6,-3,6,-3,6,-3,6,-2,6,-2,6,-2,5,-2,5,-1,5,-1,5,0,5,-1,4,0,4,0,4,0,4,0,4,0,3,0,3,1,3,1,3,1,2,1,2,1,2,1,0,0,0,0,0,0,0,0,0,0,0,0,0,0,54,15,54,14,52,14,51,11,53,8,51,6,48,8,45,6,48,2,48,3,46,1,49,-4,45,-2,43,-4,43,-5,42,-6,41,-10,40,-9,39,-10,42,-10,41,-8,41,-10,39,-12,38,-10,40,-10,37,-12,41,-12,38,-12,42,-10,40,-13,40,-13,39,-8,36,-8,36,-6,35,-7,37,-4,37,-3,35,-1,35,-2,34,2,36,1,31,2,30,1,28,5,26,6,29,7,26,9,25,10,23,9,19,9,20,12,18,10,16,12,16,15,12,14,13,14,10,14,0,0,0,0,0,0,0,0,0,0,0,0,0,0,0,0,0,0,0,0,0,0,-31,37,-34,32,-38,35,-38,33,-42,32,-41,30,-45,31,-46,32,-47,33,-45,33,-47,34,-49,36,-51,37,-54,36,-51,34,-54,35,-54,32,-53,35,-53,36,-55,32,-53,35,-54,35,-53,37,-53,37,-53,37,-52,40,-50,40,-52,39,-51,39,-49,38,-49,40,-48,42,-46,44,-47,46,-44,45,-42,48,-43,52,-41,52,-37,54,-36,53,-37,54,-34,56,-37,59,-34,58,-31,56,-28,57,-31,58,-32,60,-28,63,-27,60,-25,61,-25,60,-26,64,-22,60,-23,61,-22,58,-23,59,0,0]"
CSI_DATA,121,2a:00:00:00:00:00,-42,11,1,0,1,1,1,0,0,0,1,-96,0,11,2,1855076,0,44,0,384,0,"[0,0,0,0,0,0,0,0,0,0,0,0,-9,-5,-9,-5,-9,-4,-9,-4,-9,-4,-9,-4,-9,-3,-8,-3,-8,-3,-8,-3,-8,-2,-8,-2,-8,-2,-8,-2,-8,-2,-8,-1,-8,-1,-8,-1,-8,-1,-8,-1,-8,-1,-8,-1,-8,-1,-8,-1,-8,-1,-8,-1,0,0,-8,-1,-8,-1,-8,-2,-7,-2,-7,-2,-7,-2,-7,-3,-6,-3,-6,-3,-6,-3,-6,-3,-5,-3,-5,-3,-5,-3,-5,-3,-5,-3,-4,-4,-4,-3,-3,-3,-3,-3,-3,-4,-3,-4,-2,-4,-2,-4,-2,-3,-2,-3,0,0,0,0,0,0,0,0,0,0,0,0,0,0,-53,-29,-51,-23,-53,-22,-50,-18,-47,-20,-48,-16,-47,-12,-46,-11,-45,-12,-47,-8,-45,-7,-47,-6,-44,-6,-47,-7,-45,-4,-43,-3,-46,-3,-41,0,-41,0,-44,1,-43,3,-41,3,-41,2,-39,5,-41,1,-39,2,-43,3,-42,2,-42,-1,-41,1,-41,1,-43,0,-40,-2,-40,-3,-39,-1,-37,-3,-37,-6,-36,-8,-35,-10,-35,-7,-33,-9,-33,-10,-30,-13,-29,-10,-27,-14,-25,-14,-26,-16,-21,-18,-20,-15,-19,-15,-14,-16,-16,-16,-11,-16,-12,-19,-12,-21,-12,-16,-10,-16,0,0,0,0,0,0,0,0,0,0,0,0,0,0,0,0,0,0,0,0,0,0,35,-34,37,-34,37,-34,41,-35,41,-33,45,-30,43,-30,49,-33,48,-30,50,-30,53,-32,52,-29,56,-33,53,-34,55,-28,54,-31,61,-31,57,-29,60,-32,58,-30,57,-31,60,-29,58,-33,59,-28,60,-31,55,-30,55,-31,51,-34,54,-35,52,-38,49,-38,50,-40,52,-39,49,-41,52,-44,48,-42,48,-46,44,-49,46,-48,43,-47,43,-50,42,-53,38,-53,43,-55,41,-54,38,-57,36,-56,36,-57,36,-57,36,-56,35,-58,32,-59,33,-58,33,-57,33,-57,32,-56,29,-58,0,0]"
CSI_DATA,122,2a:00:00:00:00:00,-42,11,1,0,1,1,1,0,0,0,1,-96,0,11,2,1865989,0,44,0,384,0,"[0,0,0,0,0,0,0,0,0,0,0,0,-2,-10,-2,-9,-2,-9,-2,-9,-3,-9,-2,-8,-3,-8,-3,-8,-3,-8,-4,-8,-4,-8,-4,-8,-4,-7,-4,-7,-4,-7,-4,-7,-4,-7,-4,-7,-5,-7,-5,-7,-5,-7,-4,-7,-4,-7,-5,-6,-4,-7,-4,-6,0,0,-4,-7,-4,-7,-4,-7,-3,-7,-3,-7,-3,-7,-3,-7,-3,-6,-2,-6,-2,-6,-1,-6,-1,-6,-1,-6,-1,-6,0,-5,0,-5,0,-5,0,-5,0,-4,1,-4,1,-4,1,-4,1,-4,1,-4,1,-3,1,-3,0,0,0,0,0,0,0,0,0,0,0,0,0,0,11,-57,11,-54,11,-54,7,-52,5,-53,3,-47,4,-52,1,-48,-1,-48,0,-46,-5,-47,-3,-45,-6,-46,-6,-48,-5,-43,-10,-44,-8,-43,-8,-43,-10,-38,-12,-42,-11,-39,-11,-42,-14,-40,-14,-41,-8,-39,-12,-40,-15,-39,-13,-42,-12,-40,-11,-39,-11,-39,-8,-38,-13,-39,-9,-39,-8,-37,-5,-35,-5,-39,-2,-37,-1,-37,1,-33,0,-34,2,-32,3,-32,3,-33,6,-31,6,-28,9,-24,8,-28,9,-21,9,-21,10,-19,11,-19,9,-19,14,-18,12,-17,12,-11,12,-11,0,0,0,0,0,0,0,0,0,0,0,0,0,0,0,0,0,0,0,0,0,0,37,29,36,28,38,32,37,33,39,36,36,34,37,39,38,39,39,41,40,46,38,46,38,45,42,49,39,48,40,46,40,51,40,52,40,51,39,50,37,52,39,50,38,52,40,52,39,50,39,49,41,51,40,46,37,47,43,47,41,44,48,44,44,42,49,41,48,39,48,40,48,37,53,36,53,35,53,32,54,31,54,29,59,29,58,32,61,31,56,24,62,25,60,21,61,24,60,19,64,20,61,22,61,20,57,19,60,19,57,19,58,17,62,14,0,0]"
CSI_DATA,123,2a:00:00:00:00:00,-42,11,1,0,1,1,1,0,0,0,1,-96,0,11,2,1875017,0,44,0,384,0,"[0,0,0,0,0,0,0,0,0,0,0,0,-7,-7,-7,-7,-7,-7,-7,-7,-7,-6,-7,-5,-7,-5,-7,-5,-7,-5,-7,-5,-7,-5,-7,-4,-7,-4,-7,-4,-7,-4,-7,-4,-7,-3,-7,-3,-8,-3,-7,-3,-7,-3,-7,-4,-7,-3,-7,-3,-7,-3,-7,-3,0,0,-7,-3,-7,-4,-7,-4,-6,-4,-6,-4,-6,-4,-6,-4,-6,-4,-5,-4,-5,-4,-4,-4,-4,-5,-4,-5,-4,-5,-3,-4,-3,-5,-3,-5,-2,-4,-2,-4,-2,-4,-2,-4,-1,-4,-1,-4,-1,-4,-1,-4,-1,-4,0,0,0,0,0,0,0,0,0,0,0,0,0,0,-30,-52,-29,-45,-30,-46,-31,-40,-28,-39,-31,-38,-33,-37,-32,-39,-31,-36,-35,-33,-34,-30,-35,-27,-36,-28,-34,-29,-34,-30,-36,-27,-37,-25,-36,-26,-36,-23,-36,-20,-38,-21,-35,-18,-37,-19,-37,-19,-35,-19,-37,-21,-35,-19,-36,-20,-36,-22,-37,-23,-35,-21,-35,-22,-32,-21,-34,-22,-31,-20,-31,-24,-30,-23,-30,-24,-29,-24,-26,-25,-22,-24,-22,-26,-20,-27,-19,-29,-19,-28,-19,-25,-14,-25,-13,-26,-10,-23,-11,-22,-8,-20,-6,-23,-4,-23,-3,-22,-1,-21,-2,-19,1,-21,0,0,0,0,0,0,0,0,0,0,0,0,0,0,0,0,0,0,0,0,0,0,48,-3,48,-5,45,-1,52,-1,52,-1,53,1,51,1,54,3,59,6,56,5,56,7,62,10,62,8,65,10,63,10,61,10,64,12,61,7,62,7,61,7,64,6,65,11,61,10,65,11,63,11,61,11,62,11,63,8,62,5,64,4,59,3,62,2,62,-2,61,-6,63,-5,62,-10,57,-10,60,-12,62,-10,65,-12,62,-16,62,-16,60,-18,64,-24,60,-23,60,-26,61,-24,59,-27,60,-26,59,-23,58,-24,60,-26,60,-28,53,-28,56,-25,59,-29,53,-32,0,0]"
CSI_DATA,124,2a:00:00:00:00:00,-42,11,1,0,1,1,1,0,0,0,1,-96,0,11,2,1897848,0,44,0,384,0,"[0,0,0,0,0,0,0,0,0,0,0,0,8,-6,8,-5,7,-6,7,-6,7,-6,6,-6,6,-6,6,-6,6,-6,5,-6,6,-7,5,-7,5,-7,4,-7,4,-7,5,-7,4,-7,4,-7,4,-7,4,-7,4,-7,4,-7,4,-7,4,-7,4,-7,4,-7,0,0,4,-7,4,-6,4,-6,5,-6,5,-5,4,-6,5,-5,5,-5,5,-5,5,-5,5,-4,5,-4,4,-3,4,-3,5,-3,5,-3,4,-2,4,-2,4,-2,4,-1,4,-1,4,-1,3,-1,3,0,3,0,3,0,0,0,0,0,0,0,0,0,0,0,0,0,0,0,55,-15,49,-12,51,-16,51,-17,48,-18,48,-21,43,-17,45,-23,38,-21,42,-20,39,-23,37,-24,41,-24,32,-25,35,-25,37,-29,31,-30,29,-28,32,-32,29,-29,34,-31,29,-30,29,-36,26,-32,27,-29,27,-31,27,-29,26,-29,27,-32,30,-29,30,-32,29,-33,26,-28,29,-29,29,-27,32,-26,28,-27,29,-23,33,-23,30,-21,28,-16,30,-16,29,-16,31,-14,30,-10,29,-10,31,-10,29,-7,28,-5,27,-4,24,-2,22,-2,22,0,20,0,20,1,20,2,18,6,0,0,0,0,0,0,0,0,0,0,0,0,0,0,0,0,0,0,0,0,0,0,-11,46,-15,48,-14,44,-17,50,-17,45,-18,50,-21,47,-19,48,-24,53,-21,49,-25,50,-27,52,-26,54,-28,55,-30,58,-29,50,-34,57,-30,51,-29,59,-30,52,-30,55,-30,56,-27,52,-29,55,-29,53,-26,56,-29,54,-28,59,-24,52,-23,59,-19,51,-22,59,-20,53,-13,58,-16,58,-13,60,-11,56,-12,60,-9,61,-6,63,-5,64,-4,58,-3,65,-1,60,1,64,6,66,6,64,4,64,7,62,6,60,9,62,6,65,9,66,8,55,12,60,12,63,12,58,0,0]"
CSI_DATA,125,2a:00:00:00:00:00,-42,11,1,0,1,1,1,0,0,0,1,-96,0,11,2,1905015,0,44,0,384,0,"[0,0,0,0,0,0,0,0,0,0,0,0,-10,-2,-10,-1,-10,-1,-10,-1,-9,-1,-9,-1,-9,0,-9,0,-9,0,-9,0,-9,0,-9,1,-9,1,-8,1,-8,1,-9,1,-8,1,-8,2,-8,2,-8,2,-8,1,-8,2,-8,2,-8,2,-8,1,-8,2,0,0,-8,2,-8,1,-8,1,-8,1,-8,0,-8,1,-8,0,-7,0,-7,0,-7,-1,-7,-1,-7,-1,-6,-2,-6,-2,-6,-2,-5,-2,-5,-2,-5,-2,-5,-2,-4,-2,-4,-3,-4,-3,-3,-3,-3,-3,-3,-3,-3,-3,0,0,0,0,0,0,0,0,0,0,0,0,0,0,-55,-15,-53,-16,-52,-14,-52,-12,-52,-12,-49,-9,-51,-9,-50,-9,-49,-5,-47,-5,-46,0,-50,-1,-47,2,-44,0,-46,2,-44,3,-45,5,-44,6,-44,7,-44,9,-46,12,-41,10,-43,11,-42,9,-41,6,-41,7,-42,10,-42,11,-40,7,-44,10,-43,10,-39,7,-41,6,-41,6,-40,8,-39,2,-42,3,-38,4,-41,-2,-38,-1,-37,-2,-36,-5,-35,-10,-32,-9,-32,-8,-29,-10,-29,-10,-25,-13,-26,-10,-21,-14,-23,-13,-19,-13,-20,-14,-19,-14,-14,-17,-15,-15,-13,-16,0,0,0,0,0,0,0,0,0,0,0,0,0,0,0,0,0,0,0,0,0,0,28,-38,32,-38,32,-37,36,-36,36,-36,39,-37,38,-36,40,-38,43,-36,41,-37,44,-35,46,-35,48,-39,48,-38,47,-38,51,-35,52,-39,52,-37,53,-36,48,-37,51,-38,55,-36,52,-35,54,-35,52,-35,49,-37,51,-37,49,-37,44,-37,49,-41,42,-39,44,-45,41,-43,40,-45,40,-47,38,-46,39,-46,37,-49,37,-45,35,-49,34,-51,34,-52,34,-55,31,-56,30,-55,25,-61,26,-58,23,-59,25,-57,27,-59,24,-58,26,-61,24,-60,21,-59,23,-61,22,-60,19,-59,0,0]"
CSI_DATA,126,2a:00:00:00:00:00,-41,11,1,0,1,1,1,0,0,0,1,-96,0,11,2,1916287,0,44,0,384,0,"[0,0,0,0,0,0,0,0,0,0,0,0,-2,7,1,9,-1,3,-8,4,-5,7,-4,1,-9,-1,-7,3,-4,-3,-6,-6,-7,-4,-2,-5,-2,-8,-1,-4,4,-6,5,-8,1,-5,6,0,7,-4,2,-2,4,4,7,2,2,1,-1,7,2,6,-1,3,0,0,-2,6,-2,0,-9,-2,-6,2,-2,-4,-4,-8,-5,-2,0,-2,0,-9,-1,-7,1,-2,5,-2,2,-2,3,2,6,4,3,-1,-2,4,2,5,1,2,-5,0,-3,3,-1,1,-4,-3,-5,0,-1,-1,-1,-4,0,0,0,0,0,0,0,0,0,0,0,0,0,0,-14,-1,0,-11,-6,-26,-17,-11,17,-18,2,-32,13,-15,21,-14,29,-5,14,-8,16,13,26,-2,3,8,4,10,6,13,2,14,2,19,2,9,-14,6,-15,12,-5,13,-10,-1,-18,3,-11,9,-8,-13,-21,-7,-13,-4,-6,-14,-10,-15,0,-4,14,-16,2,-23,3,-8,17,-2,17,-11,5,-2,13,10,16,4,-2,0,4,18,8,14,-4,4,-13,10,-3,10,-9,-5,-14,-4,-8,0,3,-3,-6,-12,-11,0,7,-7,-4,-9,-3,-11,10,2,12,-7,3,-5,5,3,0,0,0,0,0,0,0,0,0,0,0,0,0,0,0,0,0,0,0,0,0,0,-11,11,-21,-19,-34,-10,8,-6,16,-24,-14,-25,-4,7,42,-19,-20,-26,-4,-14,24,1,18,-10,13,15,37,13,14,-17,-6,6,14,39,24,15,-20,11,-29,45,16,10,-22,0,-57,26,-5,33,3,-16,-21,-20,-8,-19,-14,-42,-23,-20,16,3,0,-17,-5,-8,-12,-1,34,-25,5,-36,22,8,34,11,21,-12,6,17,32,23,23,0,-13,27,20,40,9,12,-14,25,-18,46,13,-3,-30,15,-34,21,7,5,-23,-21,-29,4,1,-13,-9,-28,-21,-16,4,-12,11,-36,0,0]"
CSI_DATA,127,2a:00:00:00:00:00,-43,11,1,0,1,1,1,0,0,0,1,-96,0,11,2,1935029,0,44,0,384,0,"[0,0,0,0,0,0,0,0,0,0,0,0,-7,5,-7,5,-6,5,-6,5,-6,5,-6,5,-5,5,-5,5,-5,5,-5,5,-5,6,-4,6,-4,5,-4,5,-4,5,-4,6,-4,6,-3,5,-3,5,-3,5,-3,5,-3,5,-4,5,-3,5,-3,5,-4,5,0,0,-4,5,-4,5,-4,5,-4,5,-4,4,-4,4,-4,4,-4,3,-5,3,-4,3,-4,3,-4,2,-4,2,-4,2,-5,1,-5,1,-4,1,-4,1,-4,0,-4,0,-4,0,-4,-1,-3,-1,-3,-1,-3,-1,-3,-1,0,0,0,0,0,0,0,0,0,0,0,0,0,0,-47,20,-50,24,-45,26,-46,24,-45,25,-41,25,-38,24,-34,29,-33,26,-33,30,-35,26,-31,28,-31,28,-27,27,-30,29,-25,33,-24,33,-23,28,-25,30,-23,30,-25,31,-21,30,-17,30,-22,31,-22,30,-20,32,-22,31,-18,30,-22,29,-22,28,-20,26,-25,27,-22,26,-21,26,-24,25,-23,19,-25,21,-22,21,-23,22,-27,20,-27,15,-27,17,-24,15,-25,11,-22,8,-26,7,-24,5,-22,6,-20,5,-21,3,-22,0,-23,1,-17,-1,-19,-2,-16,-3,-16,-6,-16,-9,0,0,0,0,0,0,0,0,0,0,0,0,0,0,0,0,0,0,0,0,0,0,-13,-49,-7,-50,-8,-53,-5,-55,-3,-55,-1,-54,-1,-58,-2,-59,3,-61,-1,-62,3,-61,2,-62,2,-67,3,-67,5,-65,6,-65,7,-67,6,-68,4,-67,10,-67,17,-63,8,-68,7,-68,10,-69,10,-66,6,-65,7,-69,6,-66,4,-67,3,-65,0,-64,-1,-67,1,-62,-4,-63,-3,-65,-3,-66,-8,-64,-7,-64,-11,-65,-14,-66,-12,-67,-16,-65,-17,-63,-16,-67,-16,-59,-22,-63,-23,-64,-21,-60,-23,-63,-22,-58,-23,-63,-22,-60,-20,-59,-24,-58,-24,-62,-26,-58,-24,-55,0,0]"
CSI_DATA,128,2a:00:00:00:00:00,-43,11,1,0,1,1,1,0,0,0,1,-96,0,11,2,1945073,0,44,0,384,0,"[0,0,0,0,0,0,0,0,0,0,0,0,-1,8,-1,7,0,8,0,7,0,7,0,7,1,7,1,6,1,7,1,7,1,6,1,6,1,6,1,6,1,6,2,6,2,5,2,6,2,5,2,5,2,5,2,5,2,5,2,5,2,5,1,5,0,0,1,5,2,5,1,5,1,5,1,5,1,5,0,5,0,5,0,5,-1,5,-1,5,-1,4,-1,4,-1,4,-2,4,-2,3,-2,3,-2,3,-2,3,-2,3,-3,2,-2,2,-2,2,-3,2,-3,2,-3,1,0,0,0,0,0,0,0,0,0,0,0,0,0,0,-10,50,-8,51,1,50,-1,51,-1,49,-1,45,-1,44,3,43,6,46,5,44,7,43,9,39,7,38,11,37,10,37,14,36,11,36,15,35,12,32,13,33,15,33,12,34,14,34,14,32,14,33,14,34,14,35,16,32,13,32,13,29,13,28,12,32,13,32,11,32,10,31,8,33,9,31,6,33,2,33,2,29,-1,28,0,28,-3,25,-3,28,-3,26,-7,23,-9,25,-7,25,-11,18,-8,19,-11,18,-12,17,-10,17,-10,14,-12,16,-15,11,-12,11,0,0,0,0,0,0,0,0,0,0,0,0,0,0,0,0,0,0,0,0,0,0,-47,-22,-43,-26,-46,-27,-45,-30,-46,-32,-43,-33,-45,-34,-48,-38,-46,-34,-46,-36,-50,-39,-47,-40,-51,-41,-52,-41,-50,-44,-51,-46,-52,-46,-47,-44,-53,-48,-48,-47,-51,-47,-51,-49,-50,-47,-52,-46,-54,-44,-52,-44,-50,-44,-52,-44,-49,-40,-51,-42,-54,-36,-54,-37,-56,-39,-54,-35,-55,-34,-58,-34,-57,-31,-59,-27,-59,-29,-62,-26,-63,-25,-60,-24,-61,-23,-66,-22,-64,-23,-62,-20,-62,-19,-64,-17,-62,-17,-65,-15,-65,-16,-64,-15,-63,-14,-59,-12,-60,-12,-63,-8,-61,-13,0,0]"
CSI_DATA,129,2a:00:00:00:00:00,-43,11,1,0,1,1,1,0,0,0,1,-96,0,11,2,1955961,0,44,0,384,0,"[0,0,0,0,0,0,0,0,0,0,0,0,-9,1,-8,1,-8,1,-8,1,-8,2,-8,2,-8,3,-7,2,-7,3,-7,3,-7,3,-7,3,-7,3,-6,3,-6,3,-6,4,-6,4,-6,3,-5,4,-6,4,-6,3,-6,4,-6,3,-6,3,-6,3,-6,3,0,0,-6,3,-6,3,-6,3,-6,3,-6,2,-6,3,-6,2,-6,2,-6,2,-6,1,-6,1,-6,1,-5,0,-5,0,-6,0,-5,0,-5,-1,-5,-1,-5,-1,-5,-1,-5,-1,-4,-1,-4,-2,-4,-2,-4,-2,-3,-2,0,0,0,0,0,0,0,0,0,0,0,0,0,0,-53,-11,-55,-8,-50,-4,-50,-5,-52,-3,-47,-2,-46,4,-43,1,-46,4,-41,3,-44,7,-41,8,-42,7,-40,10,-39,8,-39,11,-37,10,-37,10,-35,14,-37,14,-39,15,-35,14,-35,17,-32,16,-32,14,-33,15,-34,15,-32,15,-32,15,-35,15,-36,13,-36,11,-35,12,-31,13,-35,12,-32,8,-32,6,-33,7,-33,7,-35,2,-36,2,-34,0,-32,-1,-29,2,-29,-2,-31,-2,-29,-4,-26,-7,-26,-9,-25,-9,-23,-10,-21,-10,-20,-9,-19,-10,-19,-12,-20,-14,-14,-15,0,0,0,0,0,0,0,0,0,0,0,0,0,0,0,0,0,0,0,0,0,0,27,-42,27,-44,31,-45,32,-41,35,-43,32,-43,37,-42,38,-42,40,-46,44,-46,44,-43,44,-44,44,-48,47,-46,45,-44,48,-49,46,-43,49,-47,45,-45,46,-45,45,-45,47,-52,47,-48,47,-45,45,-46,48,-47,46,-49,42,-49,41,-52,41,-51,42,-51,37,-52,38,-53,36,-53,36,-56,35,-56,30,-58,33,-57,30,-60,28,-60,28,-60,27,-63,25,-60,23,-64,22,-62,16,-61,16,-65,17,-63,20,-65,19,-66,16,-63,14,-66,16,-64,16,-63,14,-64,13,-61,13,-61,0,0]"
CSI_DATA,130,2a:00:00:00:00:00,-43,11,1,0,1,1,1,0,0,0,1,-96,0,11,2,1966508,0,44,0,384,0,"[0,0,0,0,0,0,0,0,0,0,0,0,-6,7,-6,7,-5,6,-5,7,-5,7,-5,6,-4,7,-4,6,-4,6,-3,6,-4,6,-4,7,-3,6,-3,6,-3,6,-3,7,-3,7,-2,7,-2,7,-2,7,-2,6,-2,7,-3,6,-2,6,-3,7,-3,6,0,0,-3,6,-3,6,-3,6,-3,6,-3,6,-3,6,-3,6,-4,5,-4,5,-4,5,-5,4,-4,4,-4,4,-4,3,-5,3,-5,3,-5,2,-5,2,-5,2,-5,1,-5,1,-4,1,-4,1,-4,1,-5,0,-4,0,0,0,0,0,0,0,0,0,0,0,0,0,0,0,-34,44,-35,41,-33,41,-31,42,-29,40,-26,42,-24,38,-23,41,-22,40,-21,40,-17,40,-13,38,-15,39,-12,42,-13,39,-14,38,-9,44,-7,40,-10,40,-8,39,-8,42,-7,35,-5,42,-16,44,-6,38,-1,40,-9,38,-5,44,-5,41,-6,42,-8,38,-7,39,-8,39,-10,42,-10,36,-11,36,-11,36,-13,36,-14,35,-14,33,-18,32,-16,29,-19,29,-18,28,-16,27,-18,21,-20,23,-19,21,-22,18,-21,17,-20,18,-18,14,-20,13,-21,11,-21,10,-23,7,-21,4,0,0,0,0,0,0,0,0,0,0,0,0,0,0,0,0,0,0,0,0,0,0,-24,-41,-26,-45,-26,-45,-28,-52,-26,-48,-23,-51,-23,-55,-20,-52,-22,-55,-21,-54,-21,-61,-18,-61,-23,-62,-20,-60,-20,-62,-19,-60,-20,-65,-18,-61,-20,-65,-18,-63,-23,-61,-20,-64,-20,-61,-17,-64,-19,-63,-22,-64,-21,-62,-22,-62,-25,-60,-25,-60,-28,-57,-28,-60,-30,-58,-30,-57,-34,-59,-31,-55,-36,-56,-38,-55,-38,-54,-41,-52,-41,-54,-41,-53,-44,-55,-43,-48,-44,-50,-46,-52,-45,-48,-51,-50,-48,-48,-48,-48,-48,-47,-50,-47,-46,-48,-45,-45,-50,-45,-52,-47,-45,-45,0,0]"
CSI_DATA,131,2a:00:00:00:00:00,-42,11,1,0,1,1,1,0,0,0,1,-96,0,11,2,1979272,0,44,0,384,0,"[0,0,0,0,0,0,0,0,0,0,0,0,2,-9,2,-9,1,-8,1,-9,0,-8,1,-8,0,-9,0,-9,0,-8,-1,-8,-1,-8,-1,-8,-1,-8,-1,-8,-1,-8,-1,-8,-2,-8,-1,-8,-2,-8,-2,-8,-2,-8,-2,-8,-1,-8,-2,-8,-2,-8,-1,-8,0,0,-1,-8,-1,-8,-1,-8,-1,-7,-1,-8,-1,-8,0,-8,0,-7,0,-7,1,-7,1,-7,1,-6,1,-6,1,-6,1,-5,2,-5,2,-5,2,-5,2,-4,2,-4,2,-4,2,-4,2,-3,2,-3,2,-3,2,-2,0,0,0,0,0,0,0,0,0,0,0,0,0,0,21,-51,17,-52,16,-47,14,-49,13,-50,13,-49,12,-49,7,-47,6,-45,5,-45,5,-43,1,-44,2,-48,-1,-44,-1,-43,-1,-43,-3,-44,-4,-43,-6,-41,-4,-43,-7,-43,-7,-43,-8,-41,-6,-41,-7,-41,-6,-41,-9,-41,-10,-41,-6,-40,-8,-41,-4,-42,-6,-39,-4,-41,-2,-42,-5,-40,-1,-40,0,-40,0,-40,2,-40,4,-36,5,-40,6,-36,4,-37,8,-33,9,-31,13,-29,12,-27,13,-28,13,-23,12,-21,13,-20,12,-21,16,-20,14,-18,13,-18,17,-13,18,-13,0,0,0,0,0,0,0,0,0,0,0,0,0,0,0,0,0,0,0,0,0,0,42,26,41,26,39,28,40,31,40,34,37,36,36,35,38,36,39,40,38,40,40,41,38,45,42,49,41,46,42,46,36,47,36,51,38,48,37,46,37,49,40,48,36,52,39,49,40,48,38,48,40,49,36,49,40,46,41,46,42,46,41,42,42,42,45,42,49,39,47,41,45,39,49,37,48,35,50,37,55,36,54,37,54,32,53,32,60,33,54,30,51,30,58,30,60,30,61,32,60,30,58,30,59,30,60,29,57,23,58,28,58,26,58,27,0,0]"
CSI_DATA,132,2a:00:00:00:00:00,-42,11,1,0,1,1,1,0,0,0,1,-96,0,11,2,1995340,0,44,0,384,0,"[0,0,0,0,0,0,0,0,0,0,0,0,-8,-6,-8,-6,-8,-6,-8,-6,-8,-5,-8,-5,-8,-4,-8,-4,-8,-4,-8,-4,-8,-4,-8,-3,-8,-3,-8,-3,-8,-3,-8,-3,-8,-2,-8,-3,-8,-2,-8,-2,-8,-3,-9,-3,-8,-2,-8,-2,-8,-3,-8,-2,0,0,-8,-3,-8,-3,-8,-3,-7,-3,-7,-4,-7,-4,-7,-4,-6,-4,-6,-4,-6,-4,-5,-4,-5,-5,-5,-5,-5,-4,-4,-4,-4,-4,-4,-4,-3,-4,-3,-4,-3,-4,-2,-4,-2,-4,-2,-4,-1,-4,-1,-4,-1,-4,0,0,0,0,0,0,0,0,0,0,0,0,0,0,-37,-47,-34,-47,-34,-41,-37,-36,-39,-37,-35,-35,-38,-35,-38,-30,-39,-31,-38,-26,-37,-25,-42,-25,-41,-24,-37,-23,-37,-21,-40,-20,-41,-23,-44,-21,-43,-21,-40,-16,-42,-18,-42,-16,-40,-15,-43,-17,-41,-16,-40,-17,-41,-16,-42,-17,-40,-21,-44,-13,-42,-15,-38,-20,-40,-20,-36,-23,-37,-19,-35,-22,-37,-22,-32,-23,-30,-24,-30,-22,-29,-26,-26,-26,-22,-26,-25,-25,-19,-23,-20,-24,-17,-24,-13,-28,-13,-23,-13,-22,-11,-23,-10,-20,-8,-24,-4,-20,-2,-21,-3,-18,3,-18,0,0,0,0,0,0,0,0,0,0,0,0,0,0,0,0,0,0,0,0,0,0,35,-33,38,-27,41,-28,43,-25,46,-24,43,-23,48,-21,49,-22,53,-22,51,-20,53,-18,56,-18,60,-20,59,-18,58,-17,61,-14,60,-16,59,-16,59,-19,60,-11,60,-14,65,-16,60,-14,62,-14,61,-13,62,-16,61,-15,62,-14,60,-18,58,-18,59,-19,58,-20,57,-20,60,-24,59,-25,59,-25,59,-29,56,-26,55,-29,61,-33,58,-32,56,-34,55,-35,58,-37,52,-37,56,-39,55,-36,55,-42,56,-38,54,-39,56,-41,53,-41,53,-41,50,-37,51,-36,49,-39,50,-39,0,0]"
CSI_DATA,133,2a:00:00:00:00:00,-42,11,1,0,1,1,1,0,0,0,1,-96,0,11,2,2035039,0,44,0,384,0,"[0,0,0,0,0,0,0,0,0,0,0,0,8,4,8,3,8,3,8,3,8,3,8,2,8,2,8,2,8,1,8,1,8,1,8,1,8,1,8,1,8,0,8,0,8,0,8,0,7,0,7,0,7,0,8,0,7,0,7,0,7,1,7,0,0,0,7,0,7,1,7,1,7,1,7,1,6,1,6,1,6,2,5,1,5,2,5,2,4,2,4,2,4,2,3,2,3,2,3,2,2,2,2,2,2,2,2,2,2,2,1,2,1,2,1,2,0,2,0,0,0,0,0,0,0,0,0,0,0,0,0,0,43,32,44,26,44,28,47,22,45,23,44,22,44,21,42,19,43,15,42,12,46,12,45,9,47,9,45,9,45,6,47,7,48,9,44,7,46,5,43,1,44,1,46,4,44,0,40,0,43,3,43,2,46,1,44,3,41,3,46,1,41,6,43,2,38,2,38,4,39,4,40,10,36,6,34,9,36,10,35,12,32,9,29,14,27,14,26,15,23,15,24,15,21,13,19,18,19,17,14,15,16,12,12,15,10,18,11,15,7,15,6,14,5,16,0,0,0,0,0,0,0,0,0,0,0,0,0,0,0,0,0,0,0,0,0,0,-40,28,-43,26,-43,24,-47,26,-47,25,-48,23,-49,23,-48,24,-54,23,-52,22,-55,21,-56,20,-58,21,-61,19,-63,21,-60,21,-62,20,-61,18,-62,20,-62,18,-60,19,-64,20,-62,20,-62,21,-61,20,-60,21,-60,22,-59,23,-59,21,-59,23,-56,24,-57,27,-56,28,-56,31,-55,31,-56,32,-51,36,-52,37,-54,36,-52,41,-52,40,-51,41,-52,43,-51,43,-46,44,-48,44,-46,44,-47,48,-47,44,-42,44,-46,46,-43,49,-42,48,-38,48,-41,47,-39,47,-38,47,0,0]"
CSI_DATA,134,2a:00:00:00:00:00,-43,11,1,0,1,1,1,0,0,0,1,-96,0,11,2,2055140,0,44,0,384,0,"[0,0,0,0,0,0,0,0,0,0,0,0,3,-9,3,-8,2,-9,2,-8,2,-8,2,-8,2,-8,1,-9,1,-8,1,-8,1,-9,1,-8,0,-8,0,-8,0,-8,0,-8,0,-8,0,-8,0,-8,0,-8,0,-8,0,-8,0,-8,0,-8,0,-8,0,-8,0,0,1,-8,1,-8,1,-8,1,-7,1,-7,1,-7,2,-7,2,-7,2,-6,2,-6,2,-6,2,-5,2,-5,2,-5,3,-4,3,-4,2,-4,3,-3,2,-3,3,-3,2,-2,2,-2,2,-2,2,-2,2,-1,2,-1,0,0,0,0,0,0,0,0,0,0,0,0,0,0,33,-45,31,-39,28,-45,25,-42,25,-41,23,-41,20,-44,21,-43,14,-43,16,-44,14,-42,11,-45,13,-39,11,-40,8,-42,10,-42,8,-46,9,-44,7,-44,6,-38,7,-46,6,-43,2,-44,6,-47,1,-41,6,-41,8,-41,5,-44,4,-42,5,-41,9,-40,7,-41,11,-39,8,-41,10,-35,12,-40,10,-36,12,-34,13,-32,17,-31,17,-27,17,-26,17,-31,15,-24,20,-27,19,-16,19,-15,19,-18,18,-12,18,-12,15,-10,17,-9,17,-11,18,-7,14,-7,17,-5,16,-4,0,0,0,0,0,0,0,0,0,0,0,0,0,0,0,0,0,0,0,0,0,0,32,35,30,36,26,38,29,41,29,43,25,49,27,46,27,46,24,49,23,48,22,54,24,53,28,56,24,56,24,61,19,56,20,63,22,56,25,58,23,56,23,56,22,60,22,58,22,58,21,58,25,59,21,59,27,57,25,55,27,57,28,51,29,56,31,52,33,51,32,54,33,56,34,49,37,50,39,49,38,49,40,51,42,49,41,50,47,50,41,50,46,46,44,45,46,47,48,47,45,44,49,45,49,42,48,46,39,36,33,37,56,44,44,37,0,0]"
CSI_DATA,135,2a:00:00:00:00:00,-43,11,1,0,1,1,1,0,0,0,1,-96,0,11,2,2065107,0,44,0,384,0,"[0,0,0,0,0,0,0,0,0,0,0,0,3,-8,3,-8,2,-8,2,-8,2,-8,2,-8,2,-8,2,-8,2,-8,1,-8,1,-8,1,-9,0,-8,1,-8,0,-8,0,-8,0,-8,0,-8,0,-9,0,-8,0,-8,0,-8,0,-8,0,-8,0,-8,1,-8,0,0,1,-8,1,-7,1,-7,2,-7,1,-7,2,-7,2,-6,2,-6,2,-6,2,-6,3,-5,2,-5,2,-5,2,-5,3,-4,3,-4,3,-4,3,-3,3,-3,3,-2,3,-3,2,-2,2,-2,2,-2,2,-1,2,-1,0,0,0,0,0,0,0,0,0,0,0,0,0,0,31,-43,29,-39,27,-43,24,-42,25,-46,24,-41,22,-41,18,-44,18,-41,17,-42,14,-42,12,-42,11,-46,10,-43,15,-43,11,-42,8,-43,5,-44,9,-40,5,-43,2,-46,7,-41,4,-43,3,-42,3,-42,6,-43,4,-41,6,-43,8,-42,6,-40,6,-40,9,-41,8,-38,7,-41,9,-37,10,-36,12,-36,12,-38,13,-33,13,-33,13,-28,16,-29,15,-26,18,-24,20,-24,18,-20,18,-17,15,-19,18,-16,16,-12,16,-12,18,-13,16,-10,16,-11,16,-7,16,-5,13,-5,0,0,0,0,0,0,0,0,0,0,0,0,0,0,0,0,0,0,0,0,0,0,27,40,25,44,24,44,24,47,21,46,21,50,23,52,21,52,21,55,18,53,17,56,15,58,18,56,17,60,16,59,13,57,15,65,12,58,19,59,18,60,19,61,17,60,15,59,15,60,17,60,19,63,17,59,21,61,17,56,20,62,21,54,23,56,27,54,30,53,32,54,30,53,32,51,32,53,34,53,37,53,38,54,36,48,40,53,42,51,40,50,42,47,40,49,45,46,42,47,41,45,43,47,43,44,43,47,42,39,44,41,46,41,45,43,0,0]"
CSI_DATA,136,2a:00:00:00:00:00,-43,11,1,0,1,1,1,0,0,0,1,-96,0,11,2,2075144,0,44,0,384,0,"[0,0,0,0,0,0,0,0,0,0,0,0,-2,-9,-3,-9,-3,-9,-3,-9,-3,-8,-3,-9,-4,-8,-4,-8,-4,-8,-4,-8,-4,-8,-5,-8,-5,-8,-5,-7,-5,-7,-5,-7,-5,-7,-5,-7,-5,-7,-5,-7,-5,-7,-5,-7,-5,-7,-5,-7,-5,-7,-5,-7,0,0,-4,-7,-4,-7,-4,-8,-4,-7,-3,-7,-3,-7,-3,-7,-2,-7,-2,-7,-1,-7,-2,-6,-1,-6,-1,-6,-1,-6,0,-5,0,-5,0,-5,0,-5,1,-4,1,-4,1,-4,1,-4,1,-4,1,-4,1,-3,1,-3,0,0,0,0,0,0,0,0,0,0,0,0,0,0,10,-55,12,-49,6,-48,6,-49,3,-47,1,-47,2,-51,1,-41,-4,-45,-4,-44,-6,-47,-8,-44,-6,-45,-10,-42,-10,-41,-10,-44,-12,-44,-15,-42,-13,-41,-13,-42,-14,-40,-14,-41,-18,-38,-15,-42,-17,-41,-15,-43,-15,-40,-16,-39,-16,-39,-14,-40,-12,-41,-12,-39,-11,-41,-11,-41,-11,-38,-6,-36,-9,-39,-6,-37,-4,-35,-2,-36,-3,-34,0,-33,3,-33,1,-30,2,-29,5,-30,7,-25,6,-25,9,-23,8,-21,8,-20,6,-18,9,-18,11,-17,11,-16,13,-14,12,-12,0,0,0,0,0,0,0,0,0,0,0,0,0,0,0,0,0,0,0,0,0,0,40,28,34,31,37,36,33,36,37,39,35,40,33,40,37,43,35,44,37,44,35,46,34,46,39,48,36,50,35,50,34,52,32,50,34,51,32,50,34,51,37,49,35,53,37,50,36,50,37,48,36,49,38,46,37,48,41,48,36,45,41,39,39,40,40,39,44,39,43,40,47,39,49,37,49,34,51,33,54,32,49,33,52,31,53,31,58,30,53,27,57,28,59,26,57,23,58,25,59,27,57,20,59,20,56,22,57,19,56,20,56,18,55,17,0,0]"
CSI_DATA,137,2a:00:00:00:00:00,-43,11,1,0,1,1,1,0,0,0,1,-96,0,11,2,2095023,0,44,0,384,0,"[0,0,0,0,0,0,0,0,0,0,0,0,6,-7,5,-7,5,-7,5,-7,5,-7,5,-7,4,-8,4,-8,4,-8,4,-8,4,-8,4,-8,3,-8,3,-8,3,-8,3,-9,2,-8,2,-9,2,-8,2,-8,2,-8,2,-8,3,-9,2,-8,3,-8,3,-8,0,0,3,-8,3,-8,3,-8,3,-8,3,-7,3,-7,3,-7,3,-6,4,-6,4,-6,4,-5,4,-5,4,-5,3,-4,4,-4,4,-4,3,-4,4,-3,4,-3,3,-3,3,-2,3,-2,3,-2,3,-1,3,-1,3,-1,0,0,0,0,0,0,0,0,0,0,0,0,0,0,44,-27,41,-30,41,-33,36,-32,37,-36,36,-33,32,-33,29,-35,26,-33,29,-36,26,-38,22,-40,26,-37,20,-40,19,-36,22,-40,17,-42,18,-43,15,-42,17,-39,18,-43,19,-42,12,-43,13,-44,14,-43,11,-41,15,-41,15,-44,15,-40,17,-43,19,-43,18,-42,15,-39,19,-41,18,-36,17,-36,16,-36,16,-38,20,-34,23,-32,21,-31,23,-28,24,-26,19,-24,22,-24,22,-23,23,-20,20,-16,20,-15,18,-14,21,-13,22,-10,19,-9,19,-11,18,-8,19,-4,16,-6,0,0,0,0,0,0,0,0,0,0,0,0,0,0,0,0,0,0,0,0,0,0,7,47,3,51,2,51,1,52,-3,54,-2,54,-1,54,-2,53,-5,58,-5,57,-9,57,-6,59,-8,62,-10,64,-11,62,-10,62,-12,64,-12,62,-10,62,-12,62,-7,64,-8,64,-10,62,-11,59,-11,60,-6,63,-8,60,-6,61,-4,61,-3,63,0,58,1,63,7,62,5,60,6,61,7,61,6,61,8,59,12,62,13,62,16,59,16,61,19,63,20,60,20,61,24,62,22,61,25,57,25,57,25,53,23,58,26,56,25,56,22,54,25,52,27,56,30,50,0,0]"
CSI_DATA,138,2a:00:00:00:00:00,-43,11,1,0,1,1,1,0,0,0,1,-96,0,11,2,2105039,0,44,0,384,0,"[0,0,0,0,0,0,0,0,0,0,0,0,4,-8,4,-8,3,-8,3,-8,3,-8,3,-8,2,-8,2,-8,2,-8,2,-8,2,-9,1,-9,1,-9,1,-8,1,-9,1,-9,1,-9,1,-9,0,-9,1,-8,1,-8,1,-8,1,-8,1,-9,1,-8,1,-9,0,0,2,-8,2,-8,2,-8,2,-8,2,-8,2,-7,2,-7,2,-7,3,-7,3,-6,3,-6,3,-6,3,-5,3,-5,3,-4,3,-4,3,-4,3,-3,3,-3,3,-3,3,-3,3,-2,3,-2,3,-2,3,-2,3,-1,0,0,0,0,0,0,0,0,0,0,0,0,0,0,41,-37,37,-33,37,-36,34,-31,31,-37,28,-31,27,-39,23,-36,24,-38,23,-39,23,-41,18,-40,16,-37,16,-40,18,-40,15,-40,16,-41,16,-41,12,-39,15,-41,11,-42,13,-42,9,-43,7,-42,12,-39,11,-43,13,-42,12,-43,12,-40,12,-41,13,-41,11,-42,14,-38,13,-40,17,-35,16,-37,14,-37,17,-36,16,-35,20,-33,19,-29,21,-28,23,-26,23,-24,20,-22,23,-19,20,-20,23,-20,20,-17,18,-14,20,-15,20,-13,17,-11,17,-7,16,-8,15,-5,18,-4,0,0,0,0,0,0,0,0,0,0,0,0,0,0,0,0,0,0,0,0,0,0,21,42,18,45,18,48,17,46,16,49,14,50,13,51,9,52,11,52,7,55,6,57,7,55,7,59,5,61,5,59,5,60,4,58,3,60,6,59,9,61,5,59,7,60,3,59,7,60,3,60,6,59,7,59,6,55,10,56,8,58,8,57,14,59,15,59,15,57,20,57,19,57,20,58,19,60,22,54,23,57,24,55,26,61,27,60,31,58,26,57,33,52,33,54,31,52,30,53,31,54,33,52,31,51,33,49,33,50,34,50,33,48,32,45,0,0]"
CSI_DATA,139,2a:00:00:00:00:00,-42,11,1,0,1,1,1,0,0,0,1,-96,0,11,2,2115445,0,44,0,384,0,"[0,0,0,0,0,0,0,0,0,0,0,0,8,-2,8,-2,8,-2,8,-2,7,-3,7,-3,7,-3,7,-4,7,-4,7,-3,7,-4,7,-4,7,-4,7,-4,7,-4,7,-5,7,-5,7,-5,6,-5,6,-5,6,-5,7,-5,7,-5,6,-4,7,-4,7,-4,0,0,7,-4,7,-4,7,-3,7,-4,6,-3,6,-3,6,-3,6,-2,6,-2,6,-2,6,-1,5,-1,5,-1,5,-1,5,0,5,0,5,0,4,0,4,0,4,0,4,0,3,1,3,1,3,1,3,1,2,1,0,0,0,0,0,0,0,0,0,0,0,0,0,0,53,-9,47,-10,51,-12,50,-15,47,-16,43,-16,43,-18,39,-19,40,-19,38,-19,37,-25,38,-23,38,-26,36,-25,37,-26,34,-28,37,-25,32,-28,33,-29,33,-30,35,-31,33,-29,32,-34,31,-28,31,-29,31,-30,34,-33,32,-32,34,-28,31,-32,32,-32,35,-34,32,-28,35,-26,35,-30,33,-26,34,-23,33,-20,33,-20,34,-18,37,-17,33,-15,34,-10,29,-11,30,-10,27,-8,30,-8,28,-2,25,-5,25,-3,25,-1,22,1,22,1,19,2,22,4,18,4,18,4,0,0,0,0,0,0,0,0,0,0,0,0,0,0,0,0,0,0,0,0,0,0,-3,45,-6,47,-6,47,-10,49,-11,48,-15,51,-15,49,-17,51,-17,51,-20,50,-20,52,-22,52,-21,54,-25,55,-23,54,-23,55,-25,56,-27,53,-25,57,-25,54,-25,54,-27,54,-25,56,-27,56,-26,53,-22,55,-22,53,-23,54,-22,53,-22,55,-14,57,-19,54,-18,57,-17,59,-15,59,-10,58,-13,60,-10,59,-10,60,-7,61,-7,63,-3,62,-3,64,-3,61,-3,62,-2,67,-1,61,-1,63,-2,62,0,61,3,57,3,63,4,62,5,57,4,60,6,62,5,56,0,0]"
CSI_DATA,140,2a:00:00:00:00:00,-42,11,1,0,1,1,1,0,0,0,1,-96,0,11,2,2125025,0,44,0,384,0,"[0,0,0,0,0,0,0,0,0,0,0,0,1,-10,0,-9,0,-10,0,-9,-1,-10,-1,-9,-1,-9,-1,-9,-1,-9,-2,-9,-2,-9,-2,-9,-2,-9,-3,-9,-2,-8,-3,-9,-3,-8,-3,-9,-3,-8,-3,-9,-3,-8,-3,-9,-3,-9,-3,-9,-3,-9,-3,-9,0,0,-2,-8,-2,-9,-2,-8,-2,-9,-2,-8,-1,-8,-1,-8,-1,-8,0,-8,0,-8,0,-7,0,-7,0,-7,0,-6,1,-6,1,-6,1,-6,1,-5,1,-5,2,-4,2,-4,2,-4,2,-4,2,-4,2,-3,2,-3,0,0,0,0,0,0,0,0,0,0,0,0,0,0,10,-53,10,-51,7,-52,7,-48,5,-49,3,-46,2,-47,1,-50,-1,-47,-1,-44,-2,-45,-5,-43,-5,-44,-8,-44,-11,-47,-11,-43,-13,-46,-13,-42,-12,-45,-13,-44,-14,-46,-12,-44,-13,-45,-16,-43,-16,-45,-14,-46,-15,-42,-15,-48,-16,-47,-14,-42,-12,-42,-11,-45,-14,-43,-15,-45,-9,-43,-7,-41,-8,-42,-6,-43,-4,-46,-3,-38,-2,-38,3,-38,-1,-36,2,-34,4,-34,7,-31,5,-28,9,-30,7,-27,9,-23,10,-23,7,-23,8,-23,11,-20,11,-20,11,-14,12,-14,0,0,0,0,0,0,0,0,0,0,0,0,0,0,0,0,0,0,0,0,0,0,42,21,38,25,41,25,40,29,40,30,39,33,38,31,39,37,40,35,38,37,40,38,38,42,41,42,39,42,40,43,36,44,41,46,37,46,40,47,39,44,40,44,40,47,41,45,39,44,41,46,42,44,40,42,40,42,39,41,45,44,42,40,43,37,48,37,47,36,48,36,48,37,50,33,51,32,52,29,53,32,57,31,54,30,56,31,56,30,57,25,59,29,58,27,58,25,60,27,58,23,60,22,58,22,57,25,57,18,57,19,56,20,54,19,0,0]"
CSI_DATA,141,2a:00:00:00:00:00,-42,11,1,0,1,1,1,0,0,0,1,-96,0,11,2,2135026,0,44,0,384,0,"[0,0,0,0,0,0,0,0,0,0,0,0,0,-10,0,-10,-1,-10,-1,-9,-1,-9,-1,-9,-2,-9,-2,-9,-2,-9,-3,-9,-3,-9,-3,-9,-3,-9,-3,-9,-3,-9,-3,-9,-3,-9,-4,-8,-4,-8,-4,-8,-4,-8,-4,-8,-3,-8,-4,-8,-4,-9,-3,-8,0,0,-3,-8,-3,-9,-3,-8,-3,-9,-2,-8,-2,-8,-2,-8,-2,-8,-1,-7,-1,-8,-1,-7,0,-7,0,-7,0,-6,1,-6,1,-6,0,-6,1,-5,1,-5,1,-5,1,-4,1,-4,1,-4,1,-4,2,-3,2,-3,0,0,0,0,0,0,0,0,0,0,0,0,0,0,13,-52,8,-54,7,-55,8,-53,6,-50,5,-50,2,-48,-1,-50,-3,-49,-2,-49,-7,-49,-10,-48,-9,-44,-10,-46,-11,-46,-15,-47,-9,-48,-16,-47,-15,-44,-12,-45,-18,-43,-17,-43,-19,-45,-21,-44,-18,-39,-17,-46,-17,-42,-18,-43,-20,-44,-13,-46,-14,-45,-14,-45,-15,-45,-13,-47,-12,-44,-10,-45,-8,-45,-10,-44,-7,-41,-4,-40,-3,-37,0,-41,1,-37,-1,-34,4,-39,6,-33,5,-31,5,-33,6,-26,4,-27,5,-27,8,-25,9,-22,9,-20,13,-20,11,-20,13,-16,0,0,0,0,0,0,0,0,0,0,0,0,0,0,0,0,0,0,0,0,0,0,39,26,40,25,39,28,39,30,39,29,41,33,42,35,39,33,39,40,39,37,40,41,42,40,44,43,42,44,40,43,34,46,37,49,39,45,43,44,38,45,42,45,43,47,38,46,35,47,39,44,39,46,41,47,44,43,43,43,43,41,43,40,46,39,48,40,49,37,50,34,49,38,49,34,52,34,54,35,54,32,56,35,57,31,55,31,59,31,56,26,60,22,61,29,60,23,63,22,57,21,60,25,60,21,58,22,58,21,59,22,58,18,60,20,0,0]"
CSI_DATA,142,2a:00:00:00:00:00,-42,11,1,0,1,1,1,0,0,0,1,-96,0,11,2,2145017,0,44,0,384,0,"[0,0,0,0,0,0,0,0,0,0,0,0,-2,-9,-3,-9,-3,-9,-3,-9,-3,-8,-3,-8,-4,-8,-4,-8,-4,-8,-4,-8,-5,-7,-5,-7,-5,-7,-5,-7,-5,-7,-5,-7,-6,-7,-5,-7,-6,-7,-6,-7,-6,-7,-6,-7,-5,-7,-6,-7,-6,-7,-5,-7,0,0,-6,-7,-5,-7,-5,-7,-5,-7,-5,-7,-5,-7,-4,-7,-4,-7,-4,-7,-3,-7,-3,-6,-3,-6,-3,-6,-2,-6,-2,-6,-2,-6,-2,-6,-1,-5,-1,-5,-1,-5,-1,-5,-1,-5,0,-4,0,-4,0,-4,0,-4,0,0,0,0,0,0,0,0,0,0,0,0,0,0,-7,-58,-8,-55,-11,-55,-13,-51,-13,-47,-15,-48,-18,-46,-17,-49,-19,-44,-20,-46,-24,-43,-25,-40,-25,-40,-23,-40,-27,-38,-27,-41,-29,-39,-28,-38,-30,-36,-27,-35,-33,-39,-31,-36,-35,-38,-35,-34,-32,-34,-36,-34,-31,-33,-35,-37,-31,-36,-31,-34,-28,-36,-32,-37,-30,-36,-33,-38,-27,-37,-26,-38,-28,-36,-25,-33,-28,-36,-23,-33,-21,-35,-17,-34,-15,-37,-13,-35,-14,-32,-13,-31,-12,-33,-8,-31,-8,-28,-5,-25,-7,-27,-3,-26,-3,-23,0,-23,-1,-24,1,-23,4,-18,0,0,0,0,0,0,0,0,0,0,0,0,0,0,0,0,0,0,0,0,0,0,43,14,43,17,42,18,45,22,44,20,45,26,45,20,45,28,47,27,46,30,43,33,48,35,46,35,46,35,51,35,46,36,51,37,45,36,51,35,51,31,49,33,51,35,48,35,49,35,52,38,50,33,47,35,52,32,52,28,56,28,51,26,55,26,55,21,55,20,58,23,57,18,61,18,61,19,62,15,60,16,65,14,63,11,64,10,67,8,66,10,64,9,64,4,65,5,66,2,63,3,68,5,65,6,62,2,60,0,65,3,65,-2,62,-2,0,0]"
CSI_DATA,143,2a:00:00:00:00:00,-42,11,1,0,1,1,1,0,0,0,1,-96,0,11,2,2157421,0,44,0,384,0,"[0,0,0,0,0,0,0,0,0,0,0,0,8,-5,7,-5,6,-6,7,-6,6,-6,6,-6,6,-7,6,-7,5,-7,5,-7,5,-7,5,-7,5,-7,5,-7,4,-7,4,-8,4,-8,4,-8,4,-8,4,-8,4,-8,4,-8,4,-8,4,-8,4,-8,4,-8,0,0,4,-8,4,-7,4,-7,5,-7,4,-7,4,-7,4,-6,5,-6,5,-6,5,-5,5,-5,4,-5,4,-4,4,-4,5,-4,5,-3,4,-3,4,-3,4,-2,4,-2,4,-2,4,-2,3,-2,3,-1,3,-1,3,-1,0,0,0,0,0,0,0,0,0,0,0,0,0,0,45,-29,44,-25,41,-33,43,-31,37,-31,37,-32,33,-33,37,-32,31,-33,31,-39,32,-35,27,-38,30,-35,26,-35,25,-38,25,-41,25,-44,22,-41,24,-44,20,-41,23,-46,21,-43,19,-44,17,-44,19,-42,19,-42,21,-41,20,-42,21,-45,21,-44,24,-40,25,-45,21,-39,22,-44,22,-40,24,-39,21,-37,23,-37,22,-36,26,-32,24,-30,28,-27,25,-28,25,-25,26,-23,24,-22,26,-19,21,-18,24,-16,24,-16,26,-11,24,-12,22,-10,21,-9,22,-5,20,-6,20,-3,0,0,0,0,0,0,0,0,0,0,0,0,0,0,0,0,0,0,0,0,0,0,4,46,7,47,5,43,4,48,0,47,-2,49,-3,53,-3,53,-2,54,-3,52,-4,54,-6,58,-6,56,-8,57,-7,59,-9,56,-13,62,-9,56,-9,61,-10,60,-11,58,-10,59,-10,57,-9,59,-10,59,-9,59,-10,55,-7,61,-1,56,-4,63,-3,55,0,61,3,61,3,60,7,59,5,61,8,59,11,62,9,61,14,60,11,65,13,60,16,65,18,59,17,63,22,60,20,58,25,63,26,60,20,58,21,57,27,59,26,59,22,55,24,55,27,58,25,55,0,0]"
CSI_DATA,144,2a:00:00:00:00:00,-42,11,1,0,1,1,1,0,0,0,1,-96,0,11,2,2176192,0,44,0,384,0,"[0,0,0,0,0,0,0,0,0,0,0,0,-2,8,-1,8,-1,8,-1,8,-1,8,0,8,0,8,0,7,0,8,1,7,1,7,1,8,1,8,1,7,2,7,2,7,2,8,2,7,2,7,2,7,2,7,2,7,2,7,2,7,2,7,2,7,0,0,2,7,1,7,2,7,1,7,1,7,1,7,1,7,0,7,0,7,0,6,-1,6,-1,6,-1,5,-1,5,-2,5,-2,5,-1,4,-2,4,-2,4,-2,4,-2,3,-2,3,-2,3,-2,3,-3,2,-3,2,0,0,0,0,0,0,0,0,0,0,0,0,0,0,-19,54,-20,50,-14,52,-13,50,-11,51,-8,48,-6,48,-7,49,0,48,-3,48,0,46,1,47,3,47,2,45,3,46,5,47,7,45,9,45,12,41,11,46,13,45,11,46,14,44,14,44,12,42,13,44,12,45,12,50,11,46,12,44,12,48,13,45,11,42,12,45,8,44,5,41,7,42,6,42,4,39,2,41,2,39,-1,40,-1,37,-2,36,-4,35,-6,32,-8,31,-5,29,-7,29,-7,27,-10,24,-9,23,-8,22,-12,22,-9,20,-13,15,-15,13,0,0,0,0,0,0,0,0,0,0,0,0,0,0,0,0,0,0,0,0,0,0,-36,-30,-33,-33,-33,-36,-34,-37,-34,-37,-32,-41,-31,-42,-33,-41,-32,-44,-32,-46,-32,-46,-31,-48,-33,-52,-31,-49,-33,-52,-34,-52,-30,-54,-33,-54,-32,-51,-31,-54,-31,-53,-34,-52,-31,-55,-31,-55,-33,-52,-32,-53,-32,-55,-35,-50,-37,-52,-37,-50,-35,-46,-41,-49,-42,-46,-44,-45,-46,-45,-42,-40,-44,-44,-45,-45,-47,-41,-53,-44,-52,-36,-52,-40,-53,-39,-56,-36,-52,-35,-56,-37,-54,-36,-53,-32,-57,-31,-56,-32,-60,-31,-58,-31,-57,-31,-53,-30,-56,-32,-58,-26,-58,-25,0,0]"
CSI_DATA,145,2a:00:00:00:00:00,-42,11,1,0,1,1,1,0,0,0,1,-96,0,11,2,2186639,0,44,0,384,0,"[0,0,0,0,0,0,0,0,0,0,0,0,-8,6,-7,6,-7,6,-6,6,-6,6,-6,6,-5,7,-5,7,-5,7,-5,7,-5,6,-5,7,-5,7,-5,7,-4,7,-4,7,-4,7,-4,7,-4,7,-3,7,-4,7,-3,7,-4,7,-4,7,-4,7,-4,7,0,0,-4,7,-4,7,-4,7,-5,6,-5,6,-4,6,-4,6,-4,6,-5,5,-5,5,-6,4,-5,4,-5,4,-5,4,-5,3,-5,3,-5,2,-5,2,-5,2,-4,2,-5,1,-4,1,-4,1,-4,0,-4,0,-4,0,0,0,0,0,0,0,0,0,0,0,0,0,0,0,-48,29,-43,27,-44,32,-38,31,-35,31,-37,32,-35,35,-35,34,-29,34,-34,36,-28,37,-28,36,-24,37,-23,35,-25,39,-25,41,-25,41,-20,39,-21,39,-18,38,-21,45,-20,41,-18,42,-18,43,-19,44,-18,43,-20,42,-17,43,-22,43,-22,43,-21,38,-21,42,-19,41,-20,42,-23,37,-22,38,-21,38,-20,37,-24,34,-23,29,-23,30,-27,28,-27,23,-24,25,-27,23,-24,20,-25,19,-23,18,-26,13,-24,18,-24,10,-22,11,-20,10,-21,7,-20,4,-19,6,-21,2,0,0,0,0,0,0,0,0,0,0,0,0,0,0,0,0,0,0,0,0,0,0,-12,-41,-11,-46,-12,-45,-8,-48,-8,-49,-8,-52,-9,-50,-4,-52,-3,-53,-3,-51,2,-58,-2,-58,1,-60,1,-58,2,-61,0,-59,0,-62,5,-61,2,-62,1,-61,-1,-60,2,-63,1,-63,3,-63,6,-63,2,-61,2,-62,-1,-61,-1,-61,-4,-61,-3,-59,-7,-62,-8,-60,-9,-59,-10,-63,-10,-62,-18,-60,-11,-62,-15,-59,-18,-59,-18,-61,-18,-61,-22,-66,-24,-60,-26,-61,-25,-57,-27,-59,-29,-61,-30,-59,-26,-58,-24,-58,-28,-58,-28,-60,-26,-55,-27,-55,-29,-56,-28,-54,0,0]"
CSI_DATA,146,2a:00:00:00:00:00,-42,11,1,0,1,1,1,0,0,0,1,-96,0,11,2,2215261,0,44,0,384,0,"[0,0,0,0,0,0,0,0,0,0,0,0,8,1,8,1,8,1,8,0,8,0,7,0,7,-1,7,-1,7,-1,7,-1,7,-2,7,-2,7,-2,7,-2,7,-2,7,-3,7,-3,7,-3,7,-3,7,-3,7,-3,7,-3,7,-3,7,-3,7,-3,7,-3,0,0,7,-3,7,-2,7,-2,7,-2,7,-2,7,-2,6,-1,6,-1,6,-1,6,-1,6,-1,5,0,5,0,5,0,5,0,5,0,4,1,4,0,4,1,4,1,3,1,3,1,3,1,3,1,3,1,2,1,0,0,0,0,0,0,0,0,0,0,0,0,0,0,49,24,48,22,48,22,47,19,47,17,45,11,46,13,43,15,46,10,45,7,46,6,45,4,45,3,43,5,43,3,44,-2,47,0,41,-3,45,-2,47,-4,46,-6,47,-4,42,-6,44,-5,42,-6,41,-6,44,-4,47,-8,42,-5,44,-7,45,-4,45,-5,45,0,43,-4,43,-2,42,0,42,2,41,3,39,2,42,1,40,7,37,5,34,7,34,9,31,8,29,10,29,10,27,11,27,13,24,12,21,13,20,15,20,14,15,16,13,15,15,15,14,16,0,0,0,0,0,0,0,0,0,0,0,0,0,0,0,0,0,0,0,0,0,0,-29,36,-30,32,-33,36,-35,32,-35,32,-37,34,-42,32,-43,32,-44,34,-46,33,-47,33,-51,34,-49,34,-52,36,-53,33,-56,31,-55,31,-56,33,-54,33,-58,30,-56,31,-58,28,-57,31,-57,34,-56,28,-56,34,-56,32,-56,32,-54,32,-51,34,-52,35,-50,34,-51,38,-48,34,-49,38,-47,39,-46,42,-46,45,-42,46,-44,46,-47,45,-42,50,-43,48,-43,50,-41,49,-44,52,-41,51,-37,53,-40,52,-36,51,-38,55,-35,49,-34,49,-33,47,-35,52,-35,51,-33,49,0,0]"
CSI_DATA,147,2a:00:00:00:00:00,-41,11,1,0,1,1,1,0,0,0,1,-96,0,11,2,2225094,0,44,0,384,0,"[0,0,0,0,0,0,0,0,0,0,0,0,-6,6,-6,7,-5,7,-5,7,-5,7,-5,7,-5,7,-4,7,-4,7,-4,7,-4,7,-4,7,-3,7,-3,7,-3,7,-3,7,-3,7,-3,7,-3,7,-3,7,-2,7,-3,7,-3,7,-3,7,-3,7,-3,7,0,0,-4,7,-3,7,-3,7,-4,7,-4,6,-4,6,-4,6,-4,6,-5,6,-5,5,-5,5,-5,4,-5,4,-5,4,-5,3,-5,3,-5,3,-4,2,-4,2,-4,2,-4,1,-4,1,-4,1,-4,1,-4,0,-4,0,0,0,0,0,0,0,0,0,0,0,0,0,0,0,-31,42,-28,39,-27,44,-25,38,-25,41,-23,42,-20,40,-20,40,-16,41,-15,42,-16,41,-14,41,-12,43,-9,41,-12,42,-10,43,-6,43,-7,40,-6,45,-7,42,-5,45,-7,42,-5,42,-3,43,-4,40,-4,42,-5,42,-2,44,-5,43,-4,43,-6,44,-7,43,-5,41,-8,40,-8,42,-10,40,-10,37,-12,40,-12,36,-14,34,-15,32,-18,32,-12,30,-13,31,-13,27,-19,23,-18,22,-17,23,-20,21,-18,17,-19,18,-17,14,-20,16,-19,11,-18,10,-19,8,-18,6,0,0,0,0,0,0,0,0,0,0,0,0,0,0,0,0,0,0,0,0,0,0,-35,-25,-35,-30,-33,-28,-37,-34,-35,-32,-33,-37,-30,-37,-35,-41,-34,-44,-32,-44,-34,-46,-35,-50,-35,-48,-34,-51,-33,-53,-28,-52,-34,-55,-30,-58,-31,-57,-29,-54,-30,-56,-30,-56,-28,-55,-32,-58,-31,-55,-29,-55,-31,-58,-32,-57,-30,-53,-31,-55,-34,-51,-36,-55,-33,-52,-34,-51,-36,-53,-37,-52,-36,-50,-41,-49,-42,-45,-42,-46,-43,-50,-41,-43,-44,-48,-46,-46,-46,-48,-43,-42,-44,-46,-45,-40,-49,-43,-44,-43,-48,-40,-45,-39,-47,-44,-46,-39,-46,-39,-49,-39,-42,-40,0,0]"
CSI_DATA,148,2a:00:00:00:00:00,-41,11,1,0,1,1,1,0,0,0,1,-96,0,11,2,2235177,0,44,0,384,0,"[0,0,0,0,0,0,0,0,0,0,0,0,4,7,4,7,5,7,5,7,5,7,5,6,5,6,5,5,5,5,5,5,6,5,6,5,6,5,6,5,6,5,6,4,6,4,6,4,6,4,6,4,6,4,6,4,6,4,6,4,6,5,6,4,0,0,6,5,6,5,5,5,5,5,5,5,5,5,5,5,4,5,4,5,3,5,3,5,3,5,2,5,2,5,2,5,1,4,1,5,1,4,1,4,1,4,0,4,0,4,0,4,-1,3,-1,3,-1,3,0,0,0,0,0,0,0,0,0,0,0,0,0,0,28,-46,20,-56,19,-49,17,-43,15,-43,10,-42,7,-48,12,-39,9,-46,11,-37,3,-44,0,-42,4,-44,1,-50,1,-41,1,-38,1,-41,-2,-43,-3,-43,-6,-43,-5,-45,-4,-39,-12,-42,-9,-44,-7,-41,-9,-41,-14,-42,-9,-47,-13,-48,-3,-39,-3,-45,-4,-40,-6,-42,-5,-45,0,-45,-2,-44,-3,-43,-5,-43,-2,-43,8,-40,7,-36,8,-34,5,-37,5,-38,4,-29,11,-27,9,-30,11,-24,12,-22,11,-25,14,-25,8,-18,8,-22,11,-19,14,-13,14,-15,13,-12,0,0,0,0,0,0,0,0,0,0,0,0,0,0,0,0,0,0,0,0,0,0,34,27,32,32,34,34,31,31,34,35,27,34,34,33,36,44,38,43,32,45,36,49,29,51,32,48,32,53,34,50,33,55,32,52,30,56,34,50,40,48,31,50,43,58,35,56,32,54,33,56,28,56,33,57,30,51,34,56,35,45,33,52,38,50,37,49,39,49,42,44,42,45,49,50,45,43,47,46,44,47,42,47,46,40,42,41,53,42,47,38,51,29,47,35,48,38,52,36,54,36,52,38,51,41,51,37,52,32,52,31,55,32,59,29,0,0]"
CSI_DATA,149,2a:00:00:00:00:00,-41,11,1,0,1,1,1,0,0,0,1,-96,0,11,2,2248940,0,44,0,384,0,"[0,0,0,0,0,0,0,0,0,0,0,0,-9,-4,-8,-4,-8,-3,-8,-4,-8,-3,-8,-3,-8,-2,-8,-2,-8,-2,-8,-2,-8,-2,-9,-1,-8,-2,-8,-2,-8,-1,-9,-1,-8,-1,-8,-1,-8,-1,-8,-1,-8,-1,-8,-1,-8,-1,-8,-1,-8,-1,-8,-1,0,0,-8,-1,-8,-1,-8,-2,-8,-1,-8,-2,-8,-2,-7,-2,-7,-2,-7,-2,-7,-2,-6,-3,-6,-3,-6,-3,-5,-3,-5,-3,-5,-3,-5,-3,-4,-3,-4,-3,-4,-3,-3,-3,-3,-3,-3,-4,-3,-3,-2,-3,-2,-3,0,0,0,0,0,0,0,0,0,0,0,0,0,0,-48,-22,-47,-19,-48,-17,-46,-17,-46,-13,-45,-12,-45,-12,-45,-12,-42,-9,-42,-8,-44,-5,-45,-4,-44,-2,-42,-2,-46,1,-43,0,-44,2,-42,2,-42,2,-43,6,-44,3,-45,4,-44,8,-43,6,-43,6,-41,7,-44,6,-45,7,-43,5,-40,4,-41,5,-43,3,-42,2,-41,3,-41,4,-41,-1,-38,-3,-40,-1,-38,-4,-36,-4,-37,-3,-34,-5,-33,-11,-30,-9,-28,-7,-30,-12,-28,-11,-25,-10,-24,-14,-23,-11,-22,-11,-21,-9,-20,-13,-17,-12,-14,-15,-13,-15,-13,-15,0,0,0,0,0,0,0,0,0,0,0,0,0,0,0,0,0,0,0,0,0,0,20,-37,21,-35,22,-38,26,-39,30,-41,29,-38,30,-41,33,-41,34,-40,38,-43,41,-39,42,-42,42,-41,43,-39,43,-38,47,-38,48,-40,50,-37,48,-39,49,-40,50,-41,49,-40,51,-40,54,-39,53,-40,50,-39,47,-36,48,-38,50,-38,51,-39,47,-40,48,-38,45,-44,45,-45,46,-45,41,-44,43,-48,41,-48,42,-45,38,-46,37,-48,39,-52,38,-50,37,-50,33,-51,36,-55,32,-50,33,-56,32,-53,31,-55,32,-52,29,-53,27,-53,30,-53,29,-54,27,-48,27,-51,0,0]"
CSI_DATA,150,2a:00:00:00:00:00,-41,11,1,0,1,1,1,0,0,0,1,-96,0,11,2,2255313,0,44,0,384,0,"[0,0,0,0,0,0,0,0,0,0,0,0,3,-9,2,-9,2,-9,2,-8,1,-8,1,-8,1,-8,1,-8,0,-8,0,-8,1,-8,0,-8,0,-8,0,-8,-1,-8,-1,-8,-1,-8,-1,-8,-1,-8,-1,-8,-1,-8,-1,-8,-1,-8,-1,-8,-1,-8,0,-8,0,0,-1,-8,-1,-8,-1,-8,0,-8,0,-8,0,-8,0,-7,0,-7,1,-7,1,-7,1,-6,2,-6,2,-6,1,-6,2,-5,2,-5,2,-5,2,-4,2,-4,2,-4,2,-4,2,-3,2,-3,2,-3,2,-2,2,-2,0,0,0,0,0,0,0,0,0,0,0,0,0,0,26,-47,23,-45,22,-48,19,-47,19,-47,16,-45,16,-45,15,-48,13,-43,10,-45,10,-47,7,-47,5,-46,3,-41,5,-46,3,-42,1,-46,-2,-43,-1,-44,-1,-42,-2,-44,-2,-42,-3,-45,-3,-46,-4,-43,-5,-43,-5,-42,-3,-47,-4,-43,-1,-43,-3,-41,-1,-46,-2,-41,-2,-44,2,-38,1,-42,-1,-39,2,-44,3,-39,6,-38,4,-37,8,-36,10,-34,9,-31,10,-30,11,-28,11,-28,11,-25,14,-23,12,-22,12,-21,16,-19,13,-18,13,-17,13,-16,13,-11,13,-11,0,0,0,0,0,0,0,0,0,0,0,0,0,0,0,0,0,0,0,0,0,0,33,25,33,28,33,29,34,34,33,33,34,35,34,34,35,38,31,42,31,40,32,48,35,46,37,50,33,52,33,54,30,50,32,54,28,54,34,57,32,55,32,54,35,58,30,54,31,57,28,56,31,57,29,56,32,58,30,53,32,55,32,50,36,56,36,51,39,51,40,51,39,50,38,45,40,48,41,46,42,46,45,48,41,43,47,45,44,41,45,42,48,42,49,39,48,37,51,39,49,37,50,39,49,38,51,37,47,35,46,37,51,33,49,36,0,0]"
CSI_DATA,151,2a:00:00:00:00:00,-41,11,1,0,1,1,1,0,0,0,1,-96,0,11,2,2266474,0,44,0,384,0,"[0,0,0,0,0,0,0,0,0,0,0,0,-10,2,-9,3,-9,3,-9,3,-9,3,-8,3,-8,3,-8,3,-8,3,-8,4,-8,4,-8,4,-7,4,-7,4,-7,4,-7,5,-7,5,-7,5,-7,5,-7,5,-7,4,-7,4,-7,5,-7,5,-7,4,-7,5,0,0,-7,4,-7,4,-7,4,-8,4,-7,3,-7,3,-7,3,-7,2,-7,2,-7,2,-7,1,-6,1,-6,1,-6,0,-6,0,-6,0,-6,0,-5,0,-5,-1,-5,-1,-5,-1,-4,-1,-4,-1,-4,-1,-4,-2,-4,-2,0,0,0,0,0,0,0,0,0,0,0,0,0,0,40,38,34,35,40,31,39,31,42,33,39,28,40,27,33,20,37,24,40,26,38,21,38,20,37,22,36,17,42,16,46,16,42,16,39,15,42,12,38,15,40,10,42,10,41,15,40,12,41,15,37,11,42,10,43,8,41,13,42,11,40,15,41,14,38,16,40,20,39,14,33,18,33,18,32,19,30,22,34,18,31,22,27,19,24,21,22,21,19,17,24,19,21,22,15,22,17,19,12,19,12,19,13,19,7,22,9,20,9,16,5,19,5,21,0,0,0,0,0,0,0,0,0,0,0,0,0,0,0,0,0,0,0,0,0,0,-28,29,-28,34,-33,35,-33,32,-37,27,-35,32,-40,29,-40,34,-43,34,-42,34,-46,33,-48,34,-50,31,-52,32,-57,30,-56,30,-56,34,-53,31,-58,24,-63,27,-59,28,-59,27,-56,28,-61,29,-63,23,-59,28,-57,27,-56,23,-58,28,-56,24,-56,28,-55,27,-61,26,-54,30,-58,26,-56,30,-53,32,-52,39,-52,34,-53,35,-49,29,-48,42,-52,41,-48,40,-53,40,-44,50,-46,41,-51,43,-48,37,-46,37,-50,41,-47,40,-48,41,-43,43,-50,39,-48,36,-39,36,0,0]"
CSI_DATA,152,2a:00:00:00:00:00,-40,11,1,0,1,1,1,0,0,0,1,-96,0,11,2,2295417,0,44,0,384,0,"[0,0,0,0,0,0,0,0,0,0,0,0,-10,2,-10,2,-9,2,-10,2,-9,2,-9,3,-9,3,-9,3,-9,3,-8,3,-9,3,-8,4,-8,3,-8,4,-8,4,-8,4,-8,4,-8,4,-8,4,-8,4,-8,4,-8,4,-8,4,-8,4,-8,4,-8,4,0,0,-8,4,-8,3,-8,3,-8,3,-8,3,-8,3,-8,2,-7,2,-8,1,-7,1,-7,1,-7,1,-6,0,-6,0,-6,0,-6,0,-5,0,-6,-1,-5,-1,-5,-1,-5,-1,-4,-1,-4,-1,-4,-1,-4,-2,-4,-2,0,0,0,0,0,0,0,0,0,0,0,0,0,0,41,35,41,43,40,29,48,34,44,32,37,31,42,30,44,30,43,23,46,23,41,24,42,21,46,19,39,21,41,17,42,17,40,18,40,19,38,13,45,14,47,11,43,13,41,11,41,10,43,13,41,15,45,10,47,12,44,15,45,14,48,12,40,11,42,12,39,12,44,13,34,14,33,19,31,19,36,19,33,18,34,18,31,22,28,22,28,24,22,24,24,20,22,17,18,18,19,20,21,17,15,17,13,20,13,16,9,17,5,20,9,17,5,15,0,0,0,0,0,0,0,0,0,0,0,0,0,0,0,0,0,0,0,0,0,0,-32,25,-32,23,-35,27,-33,28,-38,25,-42,23,-39,24,-42,25,-47,21,-45,21,-52,20,-53,25,-53,20,-58,24,-55,20,-54,22,-61,22,-62,22,-54,20,-58,21,-60,16,-59,18,-62,19,-61,19,-64,17,-61,21,-57,17,-60,18,-62,19,-56,21,-56,22,-59,25,-60,26,-57,28,-56,23,-57,32,-61,29,-60,30,-56,29,-54,30,-53,30,-57,35,-52,36,-56,39,-53,36,-61,43,-55,40,-46,40,-55,38,-53,37,-52,37,-49,39,-45,42,-47,38,-49,41,-48,38,-43,40,0,0]"
CSI_DATA,153,2a:00:00:00:00:00,-40,11,1,0,1,1,1,0,0,0,1,-96,0,11,2,2306491,0,44,0,384,0,"[0,0,0,0,0,0,0,0,0,0,0,0,-2,9,-2,9,-2,9,-2,9,-1,9,-1,9,-1,9,-1,9,-1,9,-1,8,-1,8,0,9,0,9,0,8,0,8,1,8,0,8,0,8,1,8,1,8,1,8,1,8,0,8,1,8,0,8,0,8,0,0,0,8,0,8,0,8,-1,8,-1,8,-1,8,-1,7,-1,7,-2,7,-2,6,-2,6,-2,6,-2,6,-2,5,-3,5,-3,5,-2,4,-3,4,-3,4,-3,3,-3,3,-3,3,-3,3,-3,2,-3,2,-3,2,0,0,0,0,0,0,0,0,0,0,0,0,0,0,52,-23,52,-23,50,-27,50,-19,45,-27,43,-27,42,-25,44,-30,37,-25,43,-29,43,-31,40,-31,42,-31,33,-34,35,-28,34,-32,36,-35,31,-35,31,-31,35,-30,36,-33,34,-33,35,-35,30,-35,31,-34,32,-35,29,-39,26,-37,30,-36,30,-32,32,-38,36,-37,33,-30,34,-33,37,-29,33,-29,30,-22,33,-25,30,-24,34,-21,31,-15,31,-14,26,-13,32,-12,28,-13,29,-10,28,-11,25,-14,24,-6,26,-4,24,-4,25,-4,18,-6,19,-5,18,-3,20,-1,20,5,0,0,0,0,0,0,0,0,0,0,0,0,0,0,0,0,0,0,0,0,0,0,17,35,18,38,13,39,12,43,11,42,11,44,10,45,8,45,7,50,7,46,9,49,9,50,7,50,7,55,7,59,5,59,-1,56,-1,60,0,58,-1,58,4,58,-4,64,-1,64,1,58,0,61,-2,61,0,63,-4,63,-1,61,-4,59,-1,58,3,58,1,58,9,56,5,61,3,61,7,61,8,59,9,58,12,60,13,62,12,61,7,61,15,64,14,64,9,61,17,65,16,63,15,58,21,62,19,55,16,65,16,65,19,60,20,57,26,55,18,63,0,0]"
CSI_DATA,154,2a:00:00:00:00:00,-40,11,1,0,1,1,1,0,0,0,1,-96,0,11,2,2315354,0,44,0,384,0,"[0,0,0,0,0,0,0,0,0,0,0,0,-10,-2,-10,-2,-10,-2,-10,-2,-10,-2,-10,-1,-10,-1,-10,-1,-10,-1,-9,0,-10,0,-10,0,-9,0,-9,0,-9,0,-10,0,-10,0,-9,0,-9,1,-9,1,-9,0,-9,0,-9,1,-9,1,-9,0,-10,1,0,0,-9,0,-9,0,-9,0,-9,0,-9,-1,-9,-1,-8,-1,-8,-2,-8,-2,-8,-2,-7,-2,-7,-2,-6,-2,-6,-2,-6,-2,-6,-2,-5,-3,-5,-3,-5,-3,-5,-3,-4,-2,-4,-3,-4,-3,-4,-3,-3,-3,-3,-3,0,0,0,0,0,0,0,0,0,0,0,0,0,0,21,51,17,51,20,45,13,47,22,50,21,48,20,50,23,47,21,43,28,36,34,38,30,36,34,43,27,39,28,36,34,38,31,39,27,36,31,37,34,36,38,34,28,33,38,31,36,34,30,30,36,35,34,32,32,31,30,35,35,34,28,32,33,39,28,36,31,40,29,34,23,39,27,36,26,38,24,33,18,33,18,30,16,34,13,35,15,36,6,33,14,31,7,30,5,28,6,22,7,21,2,24,6,23,3,22,-2,25,1,24,1,22,-3,17,0,0,0,0,0,0,0,0,0,0,0,0,0,0,0,0,0,0,0,0,0,0,-37,18,-39,14,-43,10,-44,10,-41,6,-45,5,-49,5,-46,7,-51,4,-49,9,-51,3,-59,4,-57,6,-60,1,-62,-3,-55,-4,-60,0,-56,-2,-63,-6,-61,-4,-62,-1,-67,-5,-63,-1,-60,-6,-66,-9,-59,-6,-56,-13,-67,-4,-58,-6,-59,-10,-61,-5,-59,-6,-63,1,-62,4,-58,2,-64,4,-57,8,-60,6,-66,1,-66,2,-67,9,-62,9,-62,8,-62,13,-59,12,-64,15,-60,17,-62,14,-63,12,-61,15,-60,12,-58,20,-65,18,-57,16,-60,18,-59,18,-52,16,0,0]"
CSI_DATA,155,2a:00:00:00:00:00,-40,11,1,0,1,1,1,0,0,0,1,-96,0,11,2,2325031,0,44,0,384,0,"[0,0,0,0,0,0,0,0,0,0,0,0,6,7,6,7,7,7,7,7,7,6,6,6,7,6,7,6,7,5,7,5,7,5,7,5,7,5,7,5,7,5,8,4,7,4,7,4,8,4,8,4,8,4,8,4,8,4,8,4,8,5,7,4,0,0,7,5,7,5,7,5,7,5,6,5,6,5,6,5,5,5,5,5,5,5,4,5,4,5,4,5,3,5,3,5,3,5,2,5,2,4,2,4,2,4,1,4,1,4,1,4,1,3,0,4,0,3,0,0,0,0,0,0,0,0,0,0,0,0,0,0,6,-52,-5,-58,4,-56,-1,-52,7,-51,-6,-53,-8,-55,-5,-55,-5,-55,-5,-47,-3,-53,-9,-50,-11,-49,-7,-54,-8,-48,-7,-48,-9,-44,-13,-46,-16,-46,-12,-44,-16,-46,-14,-48,-22,-54,-14,-46,-19,-46,-12,-48,-15,-46,-19,-51,-14,-46,-15,-50,-13,-44,-15,-43,-11,-48,-12,-46,-9,-47,-6,-50,-12,-47,-4,-41,-6,-43,-2,-40,-2,-39,4,-40,-1,-37,-2,-36,5,-37,6,-35,2,-31,6,-30,7,-27,7,-24,9,-22,9,-27,6,-27,11,-20,11,-21,9,-17,11,-18,0,0,0,0,0,0,0,0,0,0,0,0,0,0,0,0,0,0,0,0,0,0,36,7,42,9,42,9,41,13,46,15,43,18,44,19,39,17,45,22,46,24,40,27,47,23,45,26,51,27,48,30,50,27,49,35,44,36,51,30,43,36,43,32,49,34,48,34,51,36,47,32,47,35,45,31,48,30,48,31,45,36,48,33,49,28,49,26,51,30,50,22,49,27,53,25,52,26,53,26,55,20,54,22,53,21,54,23,62,16,55,19,60,23,57,17,61,13,59,16,58,9,60,10,57,17,60,9,54,10,56,12,57,9,61,13,0,0]"
CSI_DATA,156,2a:00:00:00:00:00,-41,11,1,0,1,1,1,0,0,0,1,-96,0,11,2,2345071,0,44,0,384,0,"[0,0,0,0,0,0,0,0,0,0,0,0,9,-2,9,-3,9,-2,9,-2,8,-3,8,-3,8,-4,8,-4,8,-4,8,-3,8,-4,8,-4,8,-4,8,-4,8,-4,8,-5,7,-5,8,-5,7,-6,7,-6,7,-5,8,-6,8,-6,7,-6,8,-5,8,-6,0,0,8,-6,8,-5,8,-5,8,-5,8,-5,8,-4,8,-4,7,-4,8,-4,7,-3,7,-3,7,-3,7,-2,7,-2,7,-2,6,-2,6,-1,6,-2,5,-1,5,-1,5,-1,5,-1,4,0,4,0,4,0,4,0,0,0,0,0,0,0,0,0,0,0,0,0,0,0,55,-1,53,0,51,-3,53,-4,53,-9,50,-9,48,-10,50,-8,50,-11,47,-12,44,-12,49,-14,48,-17,49,-18,47,-17,47,-20,46,-18,47,-20,44,-19,48,-23,46,-28,45,-27,45,-23,43,-24,44,-26,43,-26,47,-27,47,-23,43,-27,48,-30,49,-28,46,-28,47,-26,46,-23,46,-26,43,-16,48,-22,44,-19,45,-17,46,-15,45,-15,43,-12,41,-10,40,-11,39,-6,40,-10,38,-5,37,-5,33,-3,33,-4,33,-4,31,-2,27,-2,27,3,26,1,25,2,25,6,0,0,0,0,0,0,0,0,0,0,0,0,0,0,0,0,0,0,0,0,0,0,-25,37,-28,33,-31,34,-28,33,-30,37,-32,33,-37,36,-35,37,-40,35,-38,37,-45,37,-43,35,-43,40,-45,35,-45,34,-49,36,-47,35,-49,33,-46,37,-46,38,-48,36,-48,38,-46,35,-47,35,-47,36,-44,36,-43,36,-43,36,-45,36,-41,38,-39,38,-38,41,-37,39,-34,44,-32,46,-31,44,-31,49,-29,48,-28,50,-24,51,-23,48,-24,56,-25,54,-22,51,-21,49,-21,54,-19,52,-17,56,-17,54,-15,55,-13,57,-15,57,-13,57,-10,57,-8,57,-7,56,-7,57,0,0]"
CSI_DATA,157,2a:00:00:00:00:00,-42,11,1,0,1,1,1,0,0,0,1,-96,0,11,2,2355023,0,44,0,384,0,"[0,0,0,0,0,0,0,0,0,0,0,0,8,-1,8,-1,8,-1,8,-2,8,-2,8,-2,8,-2,8,-3,8,-3,7,-3,8,-3,8,-3,8,-3,7,-3,7,-4,7,-4,7,-4,7,-4,8,-4,8,-4,7,-4,7,-5,7,-4,8,-5,8,-4,8,-5,0,0,8,-5,8,-4,8,-4,8,-4,8,-3,8,-3,8,-3,8,-3,8,-3,7,-2,8,-2,7,-1,7,-1,7,-1,6,-1,7,-1,6,-1,6,-1,6,-1,5,0,5,0,5,0,5,0,5,0,4,1,4,1,0,0,0,0,0,0,0,0,0,0,0,0,0,0,49,8,49,5,47,6,44,1,51,-3,47,-4,46,-2,47,-6,48,-6,48,-9,48,-10,48,-13,46,-13,43,-13,46,-17,46,-18,45,-19,47,-18,44,-21,47,-19,49,-19,43,-22,44,-24,45,-22,45,-22,49,-21,44,-25,45,-26,48,-26,45,-26,48,-26,50,-23,47,-22,45,-23,46,-21,51,-18,46,-18,49,-19,46,-15,49,-17,47,-11,48,-12,47,-7,42,-7,43,-9,41,-6,42,-4,40,-3,38,-3,35,-2,38,-4,32,-2,35,2,29,0,31,5,29,4,26,5,0,0,0,0,0,0,0,0,0,0,0,0,0,0,0,0,0,0,0,0,0,0,-41,25,-43,25,-44,23,-47,23,-45,24,-48,22,-48,20,-50,23,-54,21,-53,23,-56,20,-60,21,-58,22,-59,22,-56,21,-55,19,-60,18,-59,21,-54,23,-57,23,-56,23,-57,22,-53,23,-58,24,-51,22,-52,25,-53,24,-51,26,-48,25,-52,26,-45,31,-44,34,-46,33,-42,35,-44,38,-43,38,-37,39,-37,43,-38,39,-36,41,-32,47,-35,45,-34,48,-31,50,-31,48,-27,52,-27,50,-25,52,-25,54,-25,48,-24,52,-23,54,-21,54,-16,51,-19,49,-16,51,-14,53,0,0]"
CSI_DATA,158,2a:00:00:00:00:00,-43,11,1,0,1,1,1,0,0,0,1,-96,0,11,2,2365047,0,44,0,384,0,"[0,0,0,0,0,0,0,0,0,0,0,0,7,-5,6,-5,6,-5,6,-5,6,-6,5,-5,5,-6,5,-6,5,-6,5,-6,5,-6,5,-7,4,-7,4,-6,4,-7,4,-7,4,-7,4,-8,3,-8,3,-8,3,-8,3,-8,4,-8,4,-8,4,-8,4,-8,0,0,4,-9,4,-9,4,-8,4,-9,4,-8,4,-8,4,-8,4,-8,4,-8,5,-8,5,-7,5,-6,5,-6,5,-6,5,-6,4,-6,5,-6,4,-5,4,-5,4,-5,4,-5,4,-5,4,-4,4,-4,4,-4,4,-3,0,0,0,0,0,0,0,0,0,0,0,0,0,0,38,-25,37,-27,35,-27,34,-30,29,-34,25,-30,28,-33,27,-31,26,-33,24,-35,23,-36,22,-39,22,-36,17,-38,19,-42,17,-42,19,-42,12,-40,16,-43,13,-45,13,-43,17,-45,10,-43,11,-45,13,-45,9,-47,11,-51,9,-50,12,-51,11,-51,10,-49,11,-48,10,-51,12,-50,14,-51,16,-47,16,-53,16,-48,19,-47,20,-48,20,-49,18,-46,21,-44,20,-42,18,-36,23,-41,21,-38,22,-38,21,-32,21,-32,18,-33,16,-32,18,-28,17,-28,19,-25,15,-25,18,-25,0,0,0,0,0,0,0,0,0,0,0,0,0,0,0,0,0,0,0,0,0,0,-39,36,-34,32,-44,36,-42,36,-45,34,-45,37,-44,35,-47,36,-46,36,-47,38,-50,37,-50,39,-49,39,-49,39,-49,37,-50,43,-47,41,-51,44,-46,42,-47,41,-46,43,-44,43,-42,45,-41,47,-38,46,-38,50,-34,48,-33,45,-33,51,-28,49,-24,51,-25,50,-21,53,-18,53,-17,54,-17,52,-13,56,-9,54,-8,56,-5,56,-2,54,-1,57,2,60,0,58,5,53,6,56,7,51,12,53,10,54,10,51,11,52,15,53,13,48,18,51,18,47,21,43,17,47,0,0]"
CSI_DATA,159,2a:00:00:00:00:00,-44,11,1,0,1,1,1,0,0,0,1,-96,0,11,2,2395060,0,44,0,384,0,"[0,0,0,0,0,0,0,0,0,0,0,0,-2,-7,-2,-7,-3,-7,-3,-7,-3,-7,-3,-7,-4,-7,-4,-7,-4,-6,-4,-7,-4,-7,-4,-6,-5,-7,-5,-6,-5,-6,-5,-6,-5,-6,-5,-6,-5,-6,-6,-6,-6,-6,-6,-6,-5,-6,-6,-7,-6,-7,-6,-7,0,0,-5,-7,-6,-7,-6,-7,-5,-8,-5,-7,-5,-8,-5,-8,-5,-7,-4,-8,-4,-8,-4,-8,-4,-7,-4,-7,-3,-7,-3,-8,-3,-7,-3,-7,-2,-7,-2,-7,-2,-7,-2,-7,-2,-6,-2,-7,-2,-6,-2,-6,-1,-6,0,0,0,0,0,0,0,0,0,0,0,0,0,0,-5,-43,-4,-36,-8,-43,-12,-37,-13,-39,-11,-37,-17,-33,-20,-36,-17,-35,-18,-35,-22,-31,-24,-31,-26,-30,-27,-29,-28,-32,-28,-27,-31,-28,-27,-25,-27,-25,-34,-23,-33,-30,-32,-25,-36,-25,-34,-27,-33,-27,-33,-23,-35,-25,-40,-29,-40,-28,-36,-31,-35,-30,-38,-26,-37,-30,-40,-29,-38,-28,-39,-29,-40,-32,-39,-32,-38,-31,-33,-33,-34,-36,-29,-35,-30,-33,-29,-32,-30,-34,-24,-28,-24,-34,-25,-31,-25,-32,-24,-33,-23,-29,-18,-29,-19,-29,-19,-29,-22,-29,-16,-32,-13,-28,0,0,0,0,0,0,0,0,0,0,0,0,0,0,0,0,0,0,0,0,0,0,-17,47,-15,47,-13,51,-13,51,-14,51,-16,56,-15,53,-15,56,-13,57,-15,55,-15,60,-12,62,-12,63,-15,64,-10,64,-11,65,-9,67,-9,64,-9,66,-2,65,1,66,2,64,1,59,2,61,7,67,5,59,9,55,13,61,15,58,21,61,18,52,23,56,28,54,29,49,36,49,32,45,38,47,37,46,36,44,40,38,40,38,43,35,46,35,47,32,48,34,46,24,48,21,54,25,48,23,51,20,47,19,49,15,47,14,46,12,50,12,49,7,47,6,0,0]"
CSI_DATA,160,2a:00:00:00:00:00,-44,11,1,0,1,1,1,0,0,0,1,-96,0,11,2,2405111,0,44,0,384,0,"[0,0,0,0,0,0,0,0,0,0,0,0,-7,-4,-7,-3,-7,-3,-7,-3,-8,-2,-7,-2,-7,-2,-7,-1,-7,-2,-8,-1,-8,-1,-8,-1,-8,0,-8,0,-8,-1,-8,0,-8,0,-8,0,-8,0,-8,0,-8,-1,-9,0,-8,0,-9,0,-9,0,-9,0,0,0,-9,0,-10,-1,-10,-1,-9,-1,-9,-1,-10,-2,-10,-2,-10,-2,-9,-2,-9,-2,-9,-2,-9,-2,-9,-2,-9,-2,-8,-3,-8,-3,-8,-3,-7,-3,-7,-3,-7,-3,-7,-3,-7,-3,-7,-3,-7,-3,-6,-3,-6,-3,0,0,0,0,0,0,0,0,0,0,0,0,0,0,-21,-39,-18,-36,-21,-36,-22,-31,-22,-31,-26,-27,-25,-27,-28,-28,-23,-27,-33,-21,-28,-24,-35,-19,-32,-23,-33,-22,-34,-19,-32,-19,-35,-16,-38,-18,-36,-17,-36,-18,-39,-15,-41,-17,-40,-17,-41,-19,-41,-18,-41,-18,-41,-13,-44,-18,-42,-20,-48,-16,-44,-17,-46,-21,-44,-22,-44,-22,-45,-21,-46,-23,-46,-25,-45,-25,-43,-26,-42,-28,-40,-27,-38,-31,-38,-29,-36,-28,-35,-33,-33,-28,-31,-26,-32,-29,-29,-26,-31,-25,-29,-25,-27,-25,-28,-28,-25,-25,-23,-31,-22,-25,-20,-27,0,0,0,0,0,0,0,0,0,0,0,0,0,0,0,0,0,0,0,0,0,0,18,43,18,46,17,44,18,44,18,43,20,48,16,47,23,53,21,50,25,51,24,53,26,54,27,52,26,56,26,58,26,56,30,54,25,55,33,54,33,53,34,51,36,56,35,49,35,50,36,50,40,47,39,43,42,44,42,43,44,40,40,33,45,33,50,35,50,29,51,30,49,26,53,22,56,22,51,19,54,17,56,16,53,10,53,9,54,10,58,8,58,6,54,2,52,-4,53,-2,53,-2,52,-5,53,-8,47,-6,47,-10,47,-9,48,-10,44,-12,0,0]"
CSI_DATA,161,2a:00:00:00:00:00,-44,11,1,0,1,1,1,0,0,0,1,-96,0,11,2,2415078,0,44,0,384,0,"[0,0,0,0,0,0,0,0,0,0,0,0,-6,-4,-6,-4,-6,-3,-7,-3,-7,-3,-7,-3,-7,-2,-7,-2,-7,-2,-7,-2,-7,-2,-7,-1,-7,-1,-7,-1,-7,-1,-7,0,-8,-1,-7,0,-8,0,-8,-1,-8,0,-8,-1,-8,0,-8,0,-9,0,-8,0,0,0,-8,0,-9,-1,-9,-1,-8,-1,-9,-1,-9,-2,-9,-2,-9,-1,-8,-2,-8,-2,-8,-2,-8,-2,-8,-2,-8,-2,-7,-3,-7,-2,-8,-2,-7,-2,-7,-2,-6,-2,-6,-2,-6,-3,-6,-3,-6,-2,-6,-3,-5,-3,0,0,0,0,0,0,0,0,0,0,0,0,0,0,-25,-36,-25,-34,-24,-30,-28,-23,-28,-24,-29,-27,-32,-22,-38,-25,-31,-20,-34,-20,-36,-20,-35,-14,-39,-18,-38,-16,-35,-16,-36,-12,-38,-15,-34,-8,-36,-10,-38,-10,-43,-8,-39,-6,-40,-8,-42,-7,-43,-10,-44,-6,-43,-6,-45,-9,-46,-12,-44,-12,-44,-10,-46,-8,-45,-10,-45,-12,-46,-11,-46,-13,-47,-13,-46,-14,-47,-15,-45,-15,-42,-13,-44,-15,-41,-18,-40,-17,-44,-21,-40,-19,-39,-21,-37,-17,-35,-17,-32,-15,-32,-17,-31,-15,-33,-18,-33,-19,-31,-19,-29,-20,-30,-18,0,0,0,0,0,0,0,0,0,0,0,0,0,0,0,0,0,0,0,0,0,0,15,47,24,45,20,46,19,53,21,50,21,53,22,50,24,51,24,51,24,50,27,54,27,58,32,57,31,57,32,54,29,59,32,58,34,57,38,55,36,56,36,48,37,52,35,51,40,50,43,47,41,45,43,43,47,41,44,40,49,38,49,30,52,33,51,28,52,26,49,25,55,21,53,17,56,17,54,14,57,9,58,11,56,2,59,5,56,0,58,0,58,-8,57,-8,52,-7,55,-10,51,-12,48,-11,50,-16,49,-18,46,-14,45,-17,47,-23,38,-19,0,0]"
CSI_DATA,162,2a:00:00:00:00:00,-45,11,1,0,1,1,1,0,0,0,1,-96,0,11,2,2425146,0,44,0,384,0,"[0,0,0,0,0,0,0,0,0,0,0,0,-7,3,-6,3,-6,3,-6,3,-6,4,-5,4,-6,4,-5,5,-5,4,-5,4,-5,4,-5,5,-4,4,-4,5,-4,4,-4,5,-4,5,-4,5,-4,5,-4,5,-4,5,-4,5,-4,5,-4,5,-5,5,-4,5,0,0,-5,6,-5,5,-5,4,-5,5,-5,4,-5,4,-5,4,-5,4,-5,5,-5,4,-6,4,-6,3,-6,3,-6,3,-6,3,-5,3,-6,2,-5,2,-5,2,-5,2,-5,2,-5,2,-5,1,-5,1,-5,1,-5,1,0,0,0,0,0,0,0,0,0,0,0,0,0,0,-46,11,-41,13,-40,19,-37,16,-37,16,-35,19,-33,22,-31,23,-29,23,-28,23,-26,26,-25,28,-26,30,-25,22,-26,30,-27,28,-23,27,-21,28,-21,29,-22,33,-20,34,-23,28,-20,34,-17,33,-22,30,-19,31,-22,32,-22,31,-23,31,-24,30,-23,29,-22,31,-22,26,-24,31,-27,33,-27,29,-27,27,-23,26,-29,25,-26,28,-25,26,-29,22,-30,22,-27,20,-30,22,-29,19,-30,19,-28,18,-30,15,-24,15,-30,16,-30,14,-26,15,-24,10,-29,7,-25,11,-26,7,0,0,0,0,0,0,0,0,0,0,0,0,0,0,0,0,0,0,0,0,0,0,45,-19,49,-18,50,-20,53,-19,51,-22,58,-19,54,-22,56,-23,58,-23,60,-19,61,-19,64,-22,63,-26,60,-20,62,-25,63,-25,65,-28,60,-28,64,-29,61,-29,63,-33,60,-32,61,-33,55,-32,57,-36,56,-40,56,-36,52,-36,52,-45,47,-44,44,-42,45,-45,40,-47,39,-49,39,-52,38,-46,33,-52,31,-56,29,-52,28,-55,21,-54,18,-58,20,-58,17,-58,15,-58,9,-59,7,-59,4,-59,4,-57,5,-56,2,-55,3,-53,0,-56,-3,-52,-2,-53,-11,-48,-7,-52,0,0]"
CSI_DATA,163,2a:00:00:00:00:00,-45,11,1,0,1,1,1,0,0,0,1,-96,0,11,2,2436440,0,44,0,384,0,"[0,0,0,0,0,0,0,0,0,0,0,0,1,-9,1,-8,0,-8,0,-8,0,-8,0,-8,-1,-8,-1,-8,-1,-8,-1,-7,-1,-7,-2,-7,-2,-7,-2,-7,-2,-7,-2,-7,-3,-7,-2,-7,-3,-7,-3,-7,-3,-7,-3,-7,-3,-7,-3,-7,-3,-7,-3,-7,0,0,-2,-7,-2,-7,-2,-7,-2,-7,-2,-7,-2,-7,-1,-7,-1,-7,-1,-7,0,-7,0,-7,0,-6,0,-6,0,-6,0,-5,1,-6,0,-5,1,-5,1,-5,1,-5,1,-5,1,-4,1,-4,1,-4,2,-4,2,-3,0,0,0,0,0,0,0,0,0,0,0,0,0,0,19,-46,20,-43,16,-42,18,-39,11,-41,9,-41,7,-43,8,-44,6,-39,3,-38,4,-42,0,-40,0,-42,-1,-38,-4,-38,-4,-37,-7,-42,-10,-40,-7,-39,-5,-36,-7,-41,-6,-37,-8,-35,-11,-38,-11,-38,-8,-37,-9,-39,-11,-37,-13,-37,-10,-38,-6,-41,-3,-39,-5,-39,-6,-36,-2,-37,-2,-38,-1,-34,-5,-37,-1,-38,4,-32,5,-33,5,-33,4,-32,7,-30,4,-28,9,-27,9,-25,7,-27,13,-23,12,-20,9,-24,11,-22,12,-19,11,-19,12,-22,15,-16,16,-13,0,0,0,0,0,0,0,0,0,0,0,0,0,0,0,0,0,0,0,0,0,0,13,49,12,50,10,53,13,51,10,55,8,57,7,58,9,60,6,61,10,60,7,64,9,66,9,67,6,68,6,68,2,67,3,73,6,67,8,66,5,70,5,68,4,72,7,69,9,66,8,65,9,65,10,67,12,64,12,62,15,63,16,59,18,61,18,59,23,56,26,59,25,53,28,53,31,53,35,53,39,52,37,49,39,46,37,47,42,47,39,44,35,41,41,42,43,42,44,41,45,38,46,36,47,30,48,35,41,31,47,34,46,28,44,28,0,0]"
CSI_DATA,164,2a:00:00:00:00:00,-44,11,1,0,1,1,1,0,0,0,1,-96,0,11,2,2445043,0,44,0,384,0,"[0,0,0,0,0,0,0,0,0,0,0,0,-8,-5,-7,-4,-8,-4,-7,-4,-8,-3,-8,-3,-8,-3,-8,-3,-8,-2,-8,-2,-8,-2,-8,-2,-8,-2,-8,-2,-8,-1,-8,-1,-8,-1,-8,-1,-8,-1,-8,-1,-8,-1,-8,-1,-8,-1,-8,-1,-8,-1,-8,-1,0,0,-8,-1,-8,-2,-8,-2,-8,-2,-8,-2,-8,-2,-8,-2,-7,-3,-7,-3,-7,-3,-6,-3,-6,-3,-6,-4,-6,-3,-5,-3,-5,-3,-5,-4,-5,-3,-4,-4,-4,-4,-4,-3,-4,-4,-3,-4,-3,-4,-3,-4,-2,-4,0,0,0,0,0,0,0,0,0,0,0,0,0,0,-36,-37,-34,-34,-36,-30,-36,-32,-34,-30,-35,-25,-36,-22,-34,-23,-36,-23,-35,-19,-40,-19,-38,-14,-40,-15,-39,-14,-40,-12,-42,-7,-43,-12,-40,-10,-40,-10,-41,-5,-43,-8,-44,-6,-39,-7,-40,-8,-41,-4,-41,-9,-43,-8,-43,-8,-43,-8,-45,-9,-42,-7,-41,-8,-41,-8,-40,-11,-41,-10,-38,-12,-38,-15,-38,-16,-34,-13,-32,-17,-37,-14,-33,-19,-29,-20,-28,-19,-28,-18,-27,-19,-25,-16,-20,-19,-19,-20,-21,-18,-20,-21,-17,-16,-14,-21,-15,-21,-10,-19,-11,-24,-10,-20,0,0,0,0,0,0,0,0,0,0,0,0,0,0,0,0,0,0,0,0,0,0,47,-16,46,-14,48,-15,49,-14,53,-12,49,-13,53,-9,57,-10,57,-8,59,-7,61,-6,62,-5,65,-7,66,-6,64,-1,64,-3,67,-4,68,-2,68,-2,67,-1,68,-1,66,-2,67,-2,66,2,66,1,66,-1,63,-2,61,-5,63,-3,61,-6,58,-9,62,-9,57,-12,59,-13,61,-13,59,-16,58,-20,57,-19,56,-17,56,-23,55,-26,52,-30,56,-27,57,-29,52,-33,49,-33,51,-30,51,-36,48,-35,50,-34,50,-34,47,-33,46,-35,47,-37,46,-33,45,-35,43,-38,0,0]"
CSI_DATA,165,2a:00:00:00:00:00,-43,11,1,0,1,1,1,0,0,0,1,-96,0,11,2,2456297,0,44,0,384,0,"[0,0,0,0,0,0,0,0,0,0,0,0,8,1,8,1,8,1,8,1,8,0,8,0,8,-1,8,-1,7,-1,8,-1,8,-1,8,-2,7,-2,7,-2,7,-2,8,-3,8,-3,8,-3,8,-3,8,-3,7,-3,8,-3,8,-3,8,-3,8,-3,8,-3,0,0,8,-3,8,-2,8,-2,8,-3,8,-2,8,-2,8,-2,8,-1,8,-1,8,-1,7,0,7,0,7,0,7,0,6,0,6,1,6,1,6,1,5,1,5,1,5,1,4,1,4,2,4,2,4,2,3,2,0,0,0,0,0,0,0,0,0,0,0,0,0,0,46,19,44,21,48,18,42,11,46,14,43,9,40,11,43,8,41,5,43,4,42,1,42,-3,41,-1,35,-1,42,-1,42,-3,41,-6,40,-5,43,-8,42,-7,46,-10,43,-8,43,-12,46,-11,40,-12,42,-11,43,-13,43,-11,44,-12,45,-11,46,-11,47,-9,43,-5,44,-7,44,-11,47,-5,47,-6,44,-8,43,-3,41,-3,43,0,42,1,38,2,38,6,34,7,35,6,35,5,33,10,34,8,30,7,29,8,31,6,24,11,24,12,23,14,22,16,17,14,0,0,0,0,0,0,0,0,0,0,0,0,0,0,0,0,0,0,0,0,0,0,-29,28,-29,31,-34,31,-39,34,-35,29,-40,31,-37,33,-40,35,-44,33,-44,27,-50,26,-47,29,-52,35,-53,28,-55,33,-53,25,-60,27,-56,25,-55,32,-57,28,-55,31,-56,26,-54,25,-57,24,-57,23,-54,24,-53,23,-55,27,-52,28,-52,31,-46,28,-48,30,-47,33,-45,34,-46,38,-44,36,-40,39,-43,39,-41,39,-40,39,-38,43,-39,42,-40,48,-36,46,-34,47,-35,43,-31,47,-30,49,-28,49,-34,46,-35,48,-35,51,-30,53,-30,46,-35,50,-29,52,-27,50,0,0]"
CSI_DATA,166,2a:00:00:00:00:00,-43,11,1,0,1,1,1,0,0,0,1,-96,0,11,2,2465130,0,44,0,384,0,"[0,0,0,0,0,0,0,0,0,0,0,0,-5,7,-5,6,-4,7,-4,7,-4,7,-4,7,-3,7,-3,7,-3,7,-3,7,-3,7,-2,7,-2,7,-2,7,-1,7,-2,8,-1,8,-1,8,-1,8,-1,8,-1,8,-1,8,-1,8,-1,8,-1,8,-1,9,0,0,-1,8,-1,8,-1,8,-2,8,-2,8,-2,8,-2,8,-2,8,-3,8,-3,7,-3,7,-3,7,-3,6,-3,6,-4,6,-4,5,-3,5,-4,5,-4,5,-4,4,-4,4,-4,4,-4,4,-4,3,-4,3,-4,3,0,0,0,0,0,0,0,0,0,0,0,0,0,0,-38,32,-36,35,-30,34,-31,38,-29,39,-29,34,-26,42,-25,35,-20,42,-20,40,-19,39,-17,42,-18,42,-16,43,-16,39,-12,44,-10,45,-7,42,-6,41,-7,46,-9,43,-8,45,-8,45,-4,45,-8,46,-3,46,-6,47,-2,48,-5,48,-4,48,-8,49,-9,48,-6,48,-10,47,-11,49,-11,45,-8,46,-12,45,-11,44,-13,42,-17,43,-19,39,-18,39,-15,39,-17,38,-19,32,-17,30,-22,32,-17,28,-21,25,-19,23,-23,23,-20,23,-23,22,-22,20,-23,21,-22,16,0,0,0,0,0,0,0,0,0,0,0,0,0,0,0,0,0,0,0,0,0,0,-19,-41,-19,-41,-15,-48,-17,-44,-16,-51,-14,-46,-12,-48,-12,-50,-10,-52,-10,-56,-10,-56,-12,-55,-9,-61,-8,-63,-6,-60,-3,-61,-6,-60,-6,-62,-9,-59,-4,-61,-4,-56,-5,-61,-4,-64,-4,-60,-4,-58,-8,-62,-4,-59,-6,-59,-7,-60,-7,-57,-9,-59,-12,-52,-13,-55,-19,-57,-15,-57,-16,-54,-21,-55,-22,-50,-25,-51,-26,-53,-26,-51,-29,-52,-27,-50,-32,-53,-32,-52,-33,-56,-31,-51,-36,-49,-38,-50,-35,-52,-36,-46,-38,-44,-37,-48,-38,-48,-36,-45,-36,-43,-34,-43,0,0]"
CSI_DATA,167,2a:00:00:00:00:00,-42,11,1,0,1,1,1,0,0,0,1,-96,0,11,2,2486557,0,44,0,384,0,"[0,0,0,0,0,0,0,0,0,0,0,0,-6,6,-6,6,-6,6,-6,6,-5,6,-5,6,-5,6,-5,7,-5,7,-4,7,-4,7,-4,7,-4,7,-3,7,-4,7,-3,8,-3,7,-3,7,-3,7,-3,7,-3,7,-3,7,-3,8,-3,7,-3,7,-4,7,0,0,-4,7,-3,7,-4,7,-4,7,-4,6,-4,6,-4,6,-4,6,-5,6,-5,6,-5,5,-4,5,-4,5,-5,4,-5,4,-5,4,-5,3,-5,3,-5,3,-5,2,-5,2,-4,2,-4,2,-4,1,-4,1,-4,1,0,0,0,0,0,0,0,0,0,0,0,0,0,0,-41,34,-39,33,-38,36,-35,37,-35,35,-31,37,-31,37,-29,38,-29,39,-27,40,-26,41,-24,40,-23,44,-20,40,-22,44,-20,42,-20,44,-18,42,-13,44,-14,45,-15,47,-16,45,-10,47,-10,47,-10,44,-10,47,-15,46,-13,48,-13,45,-19,48,-15,47,-14,47,-15,45,-15,45,-15,43,-18,44,-16,44,-18,43,-18,41,-20,39,-20,35,-26,34,-25,32,-22,32,-22,32,-22,28,-22,27,-20,25,-23,20,-22,24,-22,21,-20,19,-18,16,-18,16,-23,15,-23,11,-22,7,0,0,0,0,0,0,0,0,0,0,0,0,0,0,0,0,0,0,0,0,0,0,-12,-41,-14,-40,-13,-46,-13,-49,-11,-50,-10,-51,-12,-49,-10,-54,-9,-55,-5,-58,-1,-58,0,-58,-2,-60,1,-63,-4,-62,1,-64,0,-68,4,-62,1,-66,3,-62,3,-64,1,-63,4,-61,5,-67,5,-64,4,-64,6,-61,2,-62,0,-63,0,-62,-3,-59,-6,-61,-6,-61,-8,-58,-12,-60,-13,-60,-11,-59,-9,-59,-13,-61,-15,-59,-19,-58,-21,-56,-22,-64,-26,-56,-23,-58,-31,-56,-30,-56,-31,-58,-30,-55,-25,-54,-32,-56,-28,-55,-30,-56,-29,-53,-30,-55,-34,-50,-33,-45,0,0]"
CSI_DATA,168,2a:00:00:00:00:00,-42,11,1,0,1,1,1,0,0,0,1,-96,0,11,2,2504992,0,44,0,384,0,"[0,0,0,0,0,0,0,0,0,0,0,0,-10,2,-9,2,-9,3,-9,3,-9,3,-8,3,-8,4,-8,4,-8,4,-8,4,-8,4,-7,5,-7,5,-7,5,-7,5,-7,5,-7,5,-7,5,-6,5,-7,5,-7,5,-7,5,-7,6,-7,6,-7,5,-7,6,0,0,-7,6,-7,5,-7,5,-7,5,-7,4,-7,4,-7,4,-7,4,-7,3,-7,3,-7,3,-7,2,-7,2,-6,2,-7,1,-7,1,-6,1,-6,1,-6,0,-5,0,-5,0,-5,0,-5,0,-5,-1,-4,-1,-4,-1,0,0,0,0,0,0,0,0,0,0,0,0,0,0,-54,2,-52,3,-52,6,-51,6,-47,7,-46,9,-48,7,-50,10,-45,12,-45,13,-44,15,-44,17,-45,18,-40,17,-43,20,-40,20,-39,22,-40,23,-40,23,-40,23,-37,28,-38,25,-36,27,-36,27,-35,25,-37,27,-38,27,-36,27,-36,25,-39,27,-38,27,-40,26,-37,24,-39,24,-36,27,-38,23,-40,19,-39,21,-39,19,-38,18,-40,15,-39,15,-39,12,-34,13,-35,8,-34,7,-37,5,-30,5,-30,3,-29,3,-29,2,-30,-1,-26,-2,-26,-1,-23,-5,-21,-6,-20,-7,0,0,0,0,0,0,0,0,0,0,0,0,0,0,0,0,0,0,0,0,0,0,4,-39,7,-42,9,-43,13,-47,11,-46,17,-45,15,-47,17,-48,18,-51,20,-51,24,-53,24,-52,25,-53,28,-52,27,-54,28,-52,34,-56,33,-53,32,-52,32,-52,32,-52,35,-52,33,-51,34,-51,34,-55,31,-53,31,-53,29,-52,28,-49,31,-53,26,-50,29,-53,23,-54,21,-51,20,-54,17,-54,19,-57,18,-57,14,-58,16,-57,15,-55,12,-60,12,-62,11,-57,10,-62,7,-55,8,-57,6,-64,7,-58,6,-62,3,-60,6,-65,5,-63,5,-61,4,-63,0,-59,1,-63,0,0]"
CSI_DATA,169,2a:00:00:00:00:00,-42,11,1,0,1,1,1,0,0,0,1,-96,0,11,2,2516333,0,44,0,384,0,"[0,0,0,0,0,0,0,0,0,0,0,0,-2,-9,-2,-9,-2,-9,-3,-9,-3,-9,-3,-9,-3,-8,-3,-8,-4,-8,-4,-8,-3,-8,-4,-8,-4,-8,-4,-8,-5,-7,-5,-7,-5,-7,-5,-7,-5,-7,-5,-7,-5,-7,-5,-7,-5,-7,-5,-7,-5,-7,-5,-7,0,0,-5,-7,-5,-8,-5,-8,-4,-8,-4,-8,-4,-8,-4,-8,-3,-7,-3,-7,-3,-7,-2,-7,-2,-7,-2,-7,-2,-7,-1,-6,-1,-6,-1,-6,-1,-6,0,-6,0,-5,0,-5,0,-5,0,-5,1,-5,1,-4,1,-4,0,0,0,0,0,0,0,0,0,0,0,0,0,0,-8,-54,-4,-55,-10,-53,-8,-52,-13,-50,-11,-49,-15,-49,-17,-47,-17,-47,-17,-41,-17,-41,-21,-46,-21,-42,-23,-42,-22,-38,-24,-38,-25,-41,-26,-39,-26,-39,-27,-38,-31,-37,-29,-33,-30,-38,-27,-36,-31,-34,-28,-36,-30,-35,-33,-39,-30,-37,-33,-38,-28,-37,-26,-36,-28,-34,-28,-37,-28,-37,-24,-39,-24,-38,-24,-37,-23,-38,-18,-34,-17,-39,-16,-37,-14,-37,-13,-37,-12,-33,-9,-35,-7,-34,-6,-30,-5,-30,-4,-30,-5,-29,-2,-26,-2,-24,0,-26,2,-27,4,-26,5,-19,0,0,0,0,0,0,0,0,0,0,0,0,0,0,0,0,0,0,0,0,0,0,40,-1,42,1,43,4,47,8,47,8,47,10,48,8,49,12,52,15,52,15,52,17,55,18,59,21,56,22,55,22,56,26,55,26,56,28,55,24,54,25,55,28,55,28,55,27,56,26,56,27,56,28,52,26,53,26,54,23,53,22,52,22,58,24,56,22,55,16,56,15,57,17,57,13,60,10,60,12,59,8,61,9,61,6,61,7,63,5,63,2,63,4,62,7,62,3,60,2,63,1,63,1,60,-1,59,-3,62,-2,60,-2,62,-4,65,-2,0,0]"
CSI_DATA,170,2a:00:00:00:00:00,-42,11,1,0,1,1,1,0,0,0,1,-96,0,11,2,2535024,0,44,0,384,0,"[0,0,0,0,0,0,0,0,0,0,0,0,-1,8,-1,8,0,8,0,8,0,8,0,7,1,7,1,7,1,7,1,7,1,7,2,7,2,7,2,7,2,7,2,7,3,7,3,7,3,7,3,7,3,7,3,7,3,7,3,7,3,7,3,7,0,0,2,7,3,7,2,7,2,7,2,7,2,7,2,7,1,7,0,7,1,7,0,6,0,6,0,6,0,6,-1,6,-1,5,-1,5,-2,5,-2,4,-2,4,-2,4,-2,4,-2,4,-2,3,-2,3,-3,3,0,0,0,0,0,0,0,0,0,0,0,0,0,0,-22,48,-20,50,-20,48,-16,48,-13,46,-14,43,-10,44,-9,49,-7,42,-6,41,-5,44,-1,44,-1,42,-1,40,3,43,2,42,4,42,7,45,10,42,7,43,8,44,9,41,9,46,11,43,8,42,10,46,10,40,13,44,12,42,11,41,10,42,10,47,9,43,7,46,7,42,7,48,7,44,2,44,4,44,-3,40,-1,41,-4,38,-2,41,-4,36,-7,39,-7,33,-10,35,-8,32,-11,29,-12,28,-10,25,-12,28,-13,25,-14,20,-12,22,-15,20,-13,16,0,0,0,0,0,0,0,0,0,0,0,0,0,0,0,0,0,0,0,0,0,0,-33,-25,-34,-28,-35,-27,-35,-32,-34,-34,-36,-37,-31,-36,-33,-38,-37,-44,-36,-41,-35,-46,-34,-45,-38,-46,-36,-50,-37,-50,-32,-47,-34,-54,-32,-52,-37,-55,-34,-53,-32,-55,-33,-53,-31,-55,-34,-54,-34,-53,-35,-50,-34,-51,-36,-53,-33,-50,-35,-48,-31,-50,-41,-48,-41,-45,-41,-44,-43,-43,-43,-39,-42,-40,-44,-41,-46,-37,-46,-38,-48,-40,-47,-35,-48,-38,-51,-37,-51,-37,-50,-33,-55,-35,-54,-33,-54,-33,-55,-31,-56,-32,-57,-29,-55,-34,-53,-29,-57,-28,-58,-27,-51,-28,0,0]"
CSI_DATA,171,2a:00:00:00:00:00,-42,11,1,0,1,1,1,0,0,0,1,-96,0,11,2,2545019,0,44,0,384,0,"[0,0,0,0,0,0,0,0,0,0,0,0,1,8,1,8,2,8,2,8,2,8,2,7,3,7,3,7,3,7,4,7,4,6,4,6,4,6,4,6,4,6,5,6,5,6,5,6,5,6,5,6,5,6,5,6,5,6,6,6,5,6,5,6,0,0,5,6,5,7,5,6,4,6,4,6,4,7,4,7,4,7,3,7,3,7,2,7,2,6,2,6,2,6,1,6,0,6,1,6,0,5,0,5,0,5,0,5,-1,5,-1,4,-1,4,-1,4,-2,4,0,0,0,0,0,0,0,0,0,0,0,0,0,0,-5,56,-4,54,1,56,-2,48,2,50,0,49,4,48,4,46,4,48,11,43,13,41,12,42,15,41,14,41,18,42,20,40,18,39,21,43,23,39,23,38,20,39,22,37,25,37,23,39,22,39,25,40,25,37,27,40,27,37,26,40,21,35,21,40,23,42,23,42,20,41,20,39,22,40,19,43,15,41,15,39,14,39,10,35,9,39,9,38,5,37,5,33,3,36,2,34,1,30,-5,30,-7,30,-3,27,-4,28,-6,24,-9,25,-9,22,-11,20,0,0,0,0,0,0,0,0,0,0,0,0,0,0,0,0,0,0,0,0,0,0,-42,-14,-42,-18,-42,-22,-42,-22,-43,-22,-44,-27,-42,-26,-45,-28,-47,-31,-43,-30,-46,-34,-46,-34,-50,-34,-47,-39,-48,-38,-46,-41,-47,-42,-45,-42,-50,-41,-49,-41,-47,-40,-50,-44,-46,-42,-47,-42,-46,-44,-47,-40,-48,-41,-46,-42,-48,-39,-50,-37,-50,-32,-51,-33,-52,-35,-53,-32,-54,-32,-56,-29,-56,-27,-56,-27,-58,-25,-61,-25,-59,-23,-61,-20,-61,-22,-63,-23,-60,-18,-64,-23,-63,-15,-59,-14,-66,-16,-63,-13,-60,-12,-59,-12,-61,-15,-60,-10,-65,-12,-61,-9,-64,-8,0,0]"
CSI_DATA,172,2a:00:00:00:00:00,-42,11,1,0,1,1,1,0,0,0,1,-96,0,11,2,2555068,0,44,0,384,0,"[0,0,0,0,0,0,0,0,0,0,0,0,8,3,7,3,7,3,8,3,7,2,8,2,7,1,8,1,8,1,8,1,8,0,8,0,8,0,8,0,8,0,8,-1,8,-1,8,-1,8,-1,8,-1,8,-1,8,-1,8,-1,8,-2,8,-1,8,-2,0,0,8,-1,8,-1,8,0,8,-1,8,0,8,0,8,0,8,0,8,1,8,1,7,1,7,1,6,1,6,2,6,2,6,2,5,2,5,2,4,2,4,2,4,2,4,3,4,3,3,3,3,3,3,3,0,0,0,0,0,0,0,0,0,0,0,0,0,0,36,40,32,37,38,39,34,34,34,30,39,29,33,30,37,25,35,24,39,24,39,22,42,17,38,20,38,16,39,14,42,14,43,13,41,12,41,10,43,9,44,6,43,7,45,7,45,10,44,8,45,10,44,6,46,3,46,6,47,5,47,7,49,9,42,12,45,13,45,10,47,16,41,15,42,17,40,17,41,18,36,17,37,20,32,18,32,22,31,20,28,22,30,20,24,22,24,21,22,22,21,21,17,21,17,22,11,21,10,21,11,20,12,21,0,0,0,0,0,0,0,0,0,0,0,0,0,0,0,0,0,0,0,0,0,0,-40,19,-41,15,-41,16,-47,11,-48,16,-48,14,-49,11,-51,8,-55,9,-51,8,-58,9,-56,8,-63,6,-61,7,-61,6,-59,2,-65,5,-63,3,-64,4,-60,1,-63,2,-61,0,-59,2,-64,4,-65,2,-63,4,-65,2,-63,5,-58,5,-60,9,-58,11,-60,13,-58,9,-60,14,-61,12,-62,17,-56,17,-57,20,-60,19,-58,27,-60,23,-56,28,-56,30,-59,29,-56,34,-57,34,-55,32,-53,32,-55,33,-55,31,-52,35,-51,36,-55,40,-48,33,-50,36,-51,34,-48,33,0,0]"
CSI_DATA,173,2a:00:00:00:00:00,-42,11,1,0,1,1,1,0,0,0,1,-96,0,11,2,2569104,0,44,0,384,0,"[0,0,0,0,0,0,0,0,0,0,0,0,7,-5,7,-5,6,-5,7,-5,6,-5,6,-6,6,-6,5,-6,6,-6,5,-6,5,-7,5,-7,4,-7,4,-7,4,-7,4,-7,4,-8,4,-7,4,-8,4,-7,4,-7,4,-8,4,-8,4,-8,4,-8,4,-8,0,0,5,-8,4,-7,5,-8,4,-7,5,-7,5,-7,5,-7,5,-6,5,-6,5,-6,5,-5,5,-5,5,-5,5,-5,5,-4,6,-4,5,-3,5,-3,5,-3,5,-2,5,-2,4,-2,4,-2,4,-1,4,-1,4,-1,0,0,0,0,0,0,0,0,0,0,0,0,0,0,52,-4,51,-2,46,-6,49,-6,49,-9,48,-11,44,-11,43,-14,43,-13,43,-18,42,-16,40,-20,40,-24,37,-20,37,-22,38,-26,37,-29,35,-26,35,-28,36,-27,36,-29,36,-29,31,-33,34,-28,33,-32,37,-29,33,-31,30,-33,33,-32,34,-32,37,-36,36,-33,35,-29,35,-30,37,-30,34,-27,36,-28,38,-26,35,-26,43,-21,39,-21,40,-19,36,-17,36,-17,37,-14,37,-11,35,-9,32,-11,35,-5,32,-4,32,-3,29,-5,30,-1,28,2,25,2,23,2,25,7,0,0,0,0,0,0,0,0,0,0,0,0,0,0,0,0,0,0,0,0,0,0,-13,38,-16,40,-18,39,-19,43,-20,42,-22,44,-27,42,-24,45,-28,45,-27,44,-32,46,-31,48,-34,52,-36,49,-35,50,-38,47,-39,44,-39,49,-36,51,-41,49,-39,47,-40,47,-39,48,-41,50,-37,49,-36,50,-36,49,-38,50,-37,48,-39,51,-31,50,-31,50,-31,50,-29,52,-29,55,-26,57,-23,54,-23,58,-21,56,-20,58,-20,59,-19,59,-18,60,-17,63,-16,59,-13,59,-12,63,-10,61,-8,62,-7,64,-7,62,-6,62,-4,63,-6,55,-5,59,-4,60,0,59,0,0]"
CSI_DATA,174,2a:00:00:00:00:00,-42,11,1,0,1,1,1,0,0,0,1,-96,0,11,2,2575041,0,44,0,384,0,"[0,0,0,0,0,0,0,0,0,0,0,0,8,1,8,0,8,0,8,0,8,0,8,-1,8,-1,8,-1,8,-1,7,-2,8,-2,8,-2,7,-2,7,-3,7,-3,8,-3,8,-4,8,-3,8,-3,7,-4,8,-3,8,-4,8,-4,8,-4,8,-4,8,-4,0,0,8,-3,8,-3,8,-3,8,-3,8,-3,8,-2,8,-2,8,-2,8,-2,8,-1,8,-1,7,0,7,0,7,0,7,0,6,0,6,1,5,1,5,1,5,1,5,1,4,2,4,2,4,2,4,2,3,2,0,0,0,0,0,0,0,0,0,0,0,0,0,0,48,20,46,19,47,16,49,15,51,8,45,8,46,9,44,5,46,3,45,-2,43,-2,44,-2,45,-5,41,-4,43,-8,43,-8,47,-7,40,-10,41,-10,41,-12,45,-14,45,-16,41,-16,41,-15,43,-12,44,-16,44,-15,46,-18,44,-13,45,-19,46,-19,47,-17,47,-14,44,-14,44,-14,44,-9,44,-8,41,-8,44,-7,46,-8,44,-7,45,0,42,-1,39,2,36,1,37,5,36,3,32,7,30,6,34,7,31,7,30,10,26,8,24,11,22,11,21,12,21,13,0,0,0,0,0,0,0,0,0,0,0,0,0,0,0,0,0,0,0,0,0,0,-28,33,-31,27,-34,30,-31,31,-38,31,-38,31,-40,29,-43,29,-44,32,-46,32,-47,32,-50,29,-48,33,-53,33,-52,30,-56,25,-56,28,-56,26,-54,31,-56,27,-56,28,-59,27,-57,29,-55,28,-55,30,-54,31,-55,29,-52,30,-52,30,-50,31,-51,34,-51,31,-50,35,-50,34,-49,37,-43,40,-46,42,-43,43,-45,43,-41,46,-41,45,-38,49,-36,49,-41,49,-36,52,-38,51,-38,54,-33,52,-35,53,-35,54,-33,56,-32,57,-32,54,-29,51,-30,52,-29,53,-29,53,0,0]"
CSI_DATA,175,2a:00:00:00:00:00,-42,11,1,0,1,1,1,0,0,0,1,-96,0,11,2,2586142,0,44,0,384,0,"[0,0,0,0,0,0,0,0,0,0,0,0,0,-9,0,-9,-1,-9,-1,-8,-1,-8,-2,-8,-2,-8,-2,-8,-3,-8,-3,-8,-3,-8,-3,-8,-3,-8,-4,-8,-4,-8,-4,-8,-4,-8,-4,-7,-4,-7,-5,-8,-5,-8,-5,-8,-5,-8,-5,-8,-5,-8,-5,-8,0,0,-5,-8,-5,-8,-5,-8,-4,-8,-4,-8,-4,-8,-4,-8,-4,-8,-3,-8,-3,-8,-2,-8,-2,-8,-2,-7,-2,-7,-1,-7,-1,-7,-1,-7,-1,-6,-1,-6,0,-6,0,-6,0,-6,0,-5,0,-5,1,-5,1,-4,0,0,0,0,0,0,0,0,0,0,0,0,0,0,16,-52,10,-51,11,-49,7,-47,5,-45,3,-46,1,-51,-1,-46,-4,-46,-2,-42,-8,-45,-8,-43,-9,-43,-8,-44,-8,-44,-15,-43,-14,-44,-15,-43,-17,-39,-14,-45,-19,-44,-18,-46,-18,-44,-23,-44,-22,-42,-20,-43,-20,-44,-23,-41,-21,-45,-22,-42,-20,-42,-20,-45,-21,-48,-19,-44,-16,-44,-15,-45,-16,-46,-15,-42,-14,-45,-11,-44,-10,-45,-5,-41,-6,-43,-2,-41,-3,-42,-2,-42,-1,-38,0,-39,3,-35,2,-32,7,-34,3,-31,6,-28,7,-29,9,-24,8,-26,9,-21,0,0,0,0,0,0,0,0,0,0,0,0,0,0,0,0,0,0,0,0,0,0,33,26,30,26,36,27,35,29,35,29,34,32,37,32,35,37,41,36,38,40,38,39,36,43,40,42,37,45,36,41,39,50,40,45,39,50,39,47,41,47,40,50,38,51,39,52,38,50,38,49,41,50,36,45,42,44,38,46,40,43,39,42,45,43,40,41,47,38,46,39,44,37,52,35,49,37,50,36,50,32,51,33,54,33,51,31,58,28,51,29,58,23,55,27,56,24,58,25,60,22,58,23,56,21,55,22,60,21,57,23,54,20,58,15,0,0]"
CSI_DATA,176,2a:00:00:00:00:00,-42,11,1,0,1,1,1,0,0,0,1,-96,0,11,2,2595124,0,44,0,384,0,"[0,0,0,0,0,0,0,0,0,0,0,0,1,-9,0,-9,0,-9,0,-9,-1,-9,-1,-8,-1,-8,-2,-8,-2,-9,-2,-8,-2,-8,-3,-8,-3,-8,-3,-8,-3,-8,-3,-8,-4,-8,-4,-8,-4,-8,-4,-8,-4,-8,-4,-8,-4,-8,-5,-8,-5,-9,-4,-9,0,0,-4,-9,-4,-9,-4,-9,-4,-9,-3,-9,-3,-9,-3,-9,-3,-9,-2,-9,-2,-8,-2,-8,-2,-8,-1,-8,-1,-8,0,-7,0,-7,-1,-7,0,-7,0,-7,0,-6,1,-6,1,-6,1,-6,1,-5,1,-5,1,-5,0,0,0,0,0,0,0,0,0,0,0,0,0,0,15,-50,15,-49,12,-50,8,-46,6,-49,7,-42,2,-43,-1,-47,0,-43,0,-42,-2,-43,-4,-43,-8,-42,-10,-42,-11,-40,-12,-43,-13,-42,-15,-42,-14,-42,-17,-40,-17,-44,-19,-39,-22,-42,-19,-42,-19,-41,-18,-45,-18,-42,-26,-43,-25,-42,-24,-44,-22,-44,-23,-46,-18,-45,-20,-47,-19,-44,-18,-47,-14,-46,-12,-44,-12,-44,-12,-44,-11,-42,-7,-39,-10,-42,-8,-42,-4,-43,-3,-38,-3,-36,-2,-38,0,-33,2,-34,5,-33,3,-31,5,-29,6,-29,5,-26,8,-26,14,-24,0,0,0,0,0,0,0,0,0,0,0,0,0,0,0,0,0,0,0,0,0,0,27,26,30,32,29,30,27,34,31,33,29,35,30,40,28,40,29,45,29,39,29,43,31,46,30,47,33,48,31,47,28,50,33,53,28,50,30,52,28,53,30,52,30,51,29,55,30,49,32,50,34,51,31,51,32,51,29,48,33,49,32,46,36,49,37,43,37,48,37,45,41,40,39,39,44,39,48,39,46,36,48,38,48,35,50,33,50,35,53,35,52,30,50,32,55,34,53,31,54,29,54,29,54,25,51,27,52,24,55,21,55,26,50,26,0,0]"
CSI_DATA,177,2a:00:00:00:00:00,-42,11,1,0,1,1,1,0,0,0,1,-96,0,11,2,2606359,0,44,0,384,0,"[0,0,0,0,0,0,0,0,0,0,0,0,0,8,1,7,1,7,1,7,2,7,2,7,2,6,2,6,2,7,3,7,3,7,3,6,4,6,4,6,4,6,4,6,4,6,4,6,5,6,5,6,5,6,5,6,5,6,5,6,5,6,5,6,0,0,5,6,5,7,5,6,4,7,4,7,4,7,4,7,4,7,3,7,3,7,3,7,2,7,2,6,2,6,1,6,1,6,1,6,0,5,1,5,0,5,0,5,0,5,-1,5,-1,5,-1,4,-1,4,0,0,0,0,0,0,0,0,0,0,0,0,0,0,-7,51,-7,49,-1,49,-2,49,3,46,3,44,9,45,9,45,11,42,9,41,13,43,13,41,16,40,14,37,18,40,20,40,22,39,24,36,21,36,25,39,27,35,25,35,29,33,29,37,30,38,29,37,30,38,33,38,31,39,29,40,30,37,29,37,28,41,27,42,25,42,27,39,25,43,25,40,23,40,22,41,19,41,18,38,16,40,19,42,11,37,8,37,9,36,10,38,5,33,5,33,2,32,3,31,1,30,0,31,0,31,-3,27,-7,26,0,0,0,0,0,0,0,0,0,0,0,0,0,0,0,0,0,0,0,0,0,0,-35,-20,-32,-22,-36,-23,-35,-26,-37,-25,-36,-28,-37,-31,-37,-31,-38,-32,-37,-31,-40,-33,-40,-35,-40,-38,-43,-36,-44,-39,-41,-38,-43,-41,-41,-43,-42,-40,-41,-44,-43,-42,-42,-44,-43,-44,-44,-43,-42,-43,-42,-42,-41,-38,-41,-39,-43,-38,-44,-40,-46,-35,-44,-35,-48,-38,-48,-34,-51,-34,-49,-32,-50,-26,-51,-28,-53,-30,-55,-28,-54,-24,-57,-22,-56,-23,-60,-23,-57,-21,-57,-19,-59,-19,-61,-16,-57,-16,-61,-15,-59,-19,-60,-13,-56,-16,-58,-14,-58,-10,-56,-12,-57,-11,0,0]"
CSI_DATA,178,2a:00:00:00:00:00,-42,11,1,0,1,1,1,0,0,0,1,-96,0,11,2,2616068,0,44,0,384,0,"[0,0,0,0,0,0,0,0,0,0,0,0,1,-9,1,-9,0,-9,0,-9,-1,-9,-1,-9,-1,-9,-1,-9,-2,-9,-2,-9,-2,-9,-2,-9,-3,-9,-3,-9,-3,-9,-4,-9,-4,-9,-4,-9,-4,-9,-4,-9,-4,-9,-5,-9,-4,-9,-4,-9,-4,-10,-4,-9,0,0,-4,-10,-4,-10,-4,-10,-4,-10,-4,-10,-4,-10,-4,-10,-3,-9,-2,-10,-2,-9,-1,-9,-1,-9,-1,-9,-1,-8,-1,-8,0,-8,-1,-8,0,-7,0,-7,0,-7,0,-6,0,-6,1,-6,1,-6,1,-5,1,-5,0,0,0,0,0,0,0,0,0,0,0,0,0,0,18,-53,13,-53,14,-49,13,-47,9,-47,10,-47,5,-51,6,-48,2,-45,1,-43,-1,-46,-5,-44,-4,-48,-10,-46,-7,-44,-12,-45,-13,-48,-15,-48,-16,-49,-15,-45,-16,-49,-15,-46,-23,-46,-20,-46,-20,-45,-20,-47,-21,-46,-19,-48,-21,-49,-20,-48,-19,-52,-22,-54,-18,-52,-18,-49,-16,-51,-15,-53,-15,-53,-14,-54,-13,-51,-10,-49,-8,-51,-6,-47,-4,-48,-3,-46,-5,-44,-3,-44,-1,-41,1,-42,3,-37,4,-35,4,-35,3,-33,4,-32,9,-31,5,-34,9,-28,13,-25,0,0,0,0,0,0,0,0,0,0,0,0,0,0,0,0,0,0,0,0,0,0,29,21,27,24,28,24,32,28,31,28,30,31,29,33,30,33,29,35,30,39,32,39,31,40,32,43,34,43,31,43,29,46,31,47,31,48,35,44,32,47,34,48,31,47,30,48,33,50,32,47,30,48,31,47,33,46,34,46,36,44,36,43,36,44,40,39,38,42,42,42,41,39,40,39,43,40,47,37,46,36,48,40,49,35,48,37,52,35,52,33,49,30,53,28,54,30,55,28,52,30,55,30,54,31,55,29,47,26,51,28,55,24,54,24,0,0]"
CSI_DATA,179,2a:00:00:00:00:00,-42,11,1,0,1,1,1,0,0,0,1,-96,0,11,2,2625091,0,44,0,384,0,"[0,0,0,0,0,0,0,0,0,0,0,0,-4,-9,-4,-8,-4,-8,-4,-8,-5,-8,-5,-7,-5,-7,-5,-7,-6,-7,-6,-7,-6,-7,-6,-6,-6,-7,-7,-6,-7,-6,-7,-6,-7,-6,-7,-6,-8,-6,-8,-6,-7,-6,-8,-6,-8,-6,-8,-6,-8,-6,-8,-6,0,0,-8,-7,-8,-7,-8,-7,-7,-6,-7,-7,-7,-7,-7,-7,-7,-7,-6,-7,-6,-7,-6,-7,-6,-7,-5,-7,-5,-7,-4,-7,-4,-7,-4,-6,-3,-6,-3,-6,-3,-6,-3,-6,-2,-6,-2,-6,-2,-5,-1,-5,-1,-5,0,0,0,0,0,0,0,0,0,0,0,0,0,0,-9,-57,-12,-53,-14,-50,-12,-51,-14,-50,-13,-46,-18,-46,-18,-43,-21,-40,-19,-41,-24,-41,-24,-41,-25,-41,-28,-36,-26,-40,-32,-36,-32,-39,-32,-32,-35,-36,-38,-33,-36,-36,-36,-35,-41,-33,-40,-33,-37,-36,-44,-37,-41,-35,-42,-36,-42,-36,-44,-34,-39,-36,-43,-39,-40,-40,-39,-36,-40,-33,-35,-40,-38,-38,-38,-41,-35,-40,-31,-38,-31,-40,-26,-38,-26,-40,-29,-38,-22,-40,-22,-39,-19,-35,-15,-38,-15,-36,-16,-34,-11,-31,-12,-34,-10,-32,-10,-31,-4,-31,-4,-29,-3,-28,0,0,0,0,0,0,0,0,0,0,0,0,0,0,0,0,0,0,0,0,0,0,34,5,36,7,38,9,39,10,39,9,43,13,41,14,42,16,48,13,43,20,46,17,45,20,47,21,49,22,47,23,47,26,46,26,48,25,50,27,48,26,49,26,52,26,51,27,51,28,51,27,54,26,50,24,48,27,53,24,53,22,49,22,52,21,51,20,53,18,51,19,53,15,56,10,58,13,55,12,55,8,58,9,58,6,59,7,63,3,58,5,57,1,58,3,61,3,59,0,60,2,63,0,59,0,59,0,57,-4,59,-2,60,-5,56,-4,0,0]"
CSI_DATA,180,2a:00:00:00:00:00,-42,11,1,0,1,1,1,0,0,0,1,-96,0,11,2,2635345,0,44,0,384,0,"[0,0,0,0,0,0,0,0,0,0,0,0,7,5,7,5,7,5,7,5,7,4,7,4,7,3,8,3,7,3,8,3,8,2,8,2,8,2,8,2,8,2,9,1,9,1,9,1,9,1,9,1,9,1,9,1,9,1,10,0,9,1,9,1,0,0,9,1,10,1,10,1,9,1,9,2,9,2,9,2,9,2,8,2,8,2,8,3,7,3,7,3,7,3,6,3,6,3,6,3,5,3,5,3,5,3,4,3,4,3,3,3,4,3,3,3,3,3,0,0,0,0,0,0,0,0,0,0,0,0,0,0,33,44,28,40,31,39,32,37,34,35,34,34,35,33,35,34,35,30,36,28,36,25,40,24,39,27,38,21,40,19,44,17,43,19,44,16,46,17,45,13,48,14,46,12,51,14,49,11,45,9,47,16,48,11,53,10,49,11,51,13,50,12,53,16,50,18,54,17,48,16,49,19,48,16,46,19,48,19,44,20,40,19,40,22,38,22,40,24,36,26,34,20,34,25,31,24,29,23,26,23,26,24,26,22,21,23,16,23,17,26,17,23,12,22,0,0,0,0,0,0,0,0,0,0,0,0,0,0,0,0,0,0,0,0,0,0,-35,6,-39,5,-38,3,-44,4,-40,2,-45,2,-48,0,-46,0,-50,-3,-46,0,-48,-1,-50,-5,-54,-3,-54,-4,-55,-6,-53,-8,-56,-6,-54,-4,-55,-8,-58,-6,-57,-4,-59,-10,-55,-10,-59,-5,-55,-9,-58,-6,-59,-10,-58,-3,-56,-6,-61,-4,-56,-1,-60,-3,-58,0,-57,4,-56,4,-59,4,-57,10,-60,9,-60,11,-56,14,-58,14,-56,14,-57,17,-57,21,-58,19,-53,25,-58,23,-57,25,-55,23,-53,24,-53,27,-56,25,-57,29,-50,28,-54,28,-55,32,-51,27,0,0]"
CSI_DATA,181,2a:00:00:00:00:00,-42,11,1,0,1,1,1,0,0,0,1,-96,0,11,2,2645210,0,44,0,384,0,"[0,0,0,0,0,0,0,0,0,0,0,0,-3,8,-2,7,-2,8,-2,7,-2,8,-2,7,-1,8,-1,8,-1,8,0,8,0,7,0,8,0,7,1,8,1,7,1,8,1,7,1,8,2,8,2,8,2,8,2,8,2,8,2,8,2,8,1,8,0,0,1,8,2,8,1,8,1,9,1,8,1,8,1,8,0,8,0,8,-1,8,-1,7,-1,7,-1,7,-1,6,-2,7,-2,6,-2,6,-2,5,-2,5,-2,5,-2,5,-2,4,-3,4,-3,4,-3,4,-3,3,0,0,0,0,0,0,0,0,0,0,0,0,0,0,-20,46,-18,52,-14,47,-15,48,-13,46,-14,46,-11,49,-8,46,-4,46,-5,44,-4,47,-1,45,2,47,1,46,2,47,6,44,6,47,10,42,6,40,10,45,10,48,13,47,15,47,15,46,13,46,13,46,13,50,16,50,16,47,14,50,10,48,13,46,14,52,16,48,6,52,10,51,9,45,9,49,9,50,4,45,4,49,1,45,2,44,0,44,-1,42,-5,38,-5,39,-2,38,-8,35,-9,37,-10,32,-10,31,-8,32,-11,27,-13,27,-13,22,-14,22,0,0,0,0,0,0,0,0,0,0,0,0,0,0,0,0,0,0,0,0,0,0,-24,-35,-24,-32,-24,-38,-24,-36,-25,-41,-24,-41,-29,-41,-25,-44,-27,-45,-26,-48,-23,-49,-25,-49,-25,-52,-24,-51,-24,-48,-25,-54,-23,-56,-23,-58,-26,-52,-28,-53,-21,-53,-28,-50,-30,-59,-22,-56,-23,-57,-26,-57,-23,-54,-28,-51,-31,-52,-27,-52,-28,-51,-30,-47,-37,-47,-35,-47,-38,-49,-33,-46,-40,-44,-38,-48,-42,-43,-40,-42,-42,-42,-48,-40,-47,-41,-53,-41,-46,-36,-51,-38,-50,-40,-54,-35,-51,-36,-52,-34,-49,-35,-51,-33,-50,-31,-55,-32,-57,-28,-51,-32,-50,-28,0,0]"
CSI_DATA,182,2a:00:00:00:00:00,-43,11,1,0,1,1,1,0,0,0,1,-96,0,11,2,2655184,0,44,0,384,0,"[0,0,0,0,0,0,0,0,0,0,0,0,-1,8,-1,7,-1,7,0,7,0,8,0,7,1,7,1,7,1,7,2,7,2,7,2,7,2,7,2,7,2,7,3,7,3,7,3,7,3,6,3,7,4,7,4,7,4,7,4,7,4,7,3,7,0,0,4,7,4,7,3,7,3,8,3,7,3,7,3,8,2,7,2,7,2,7,1,7,1,7,1,7,1,7,0,7,0,6,0,6,0,5,0,6,-1,5,0,5,-1,5,-1,5,-1,5,-2,4,-2,4,0,0,0,0,0,0,0,0,0,0,0,0,0,0,-20,42,-17,47,-15,43,-14,44,-16,48,-8,45,-6,45,-5,42,-1,42,-1,42,-3,41,3,41,3,44,4,45,7,37,7,42,7,41,12,40,9,40,11,41,13,42,12,45,15,40,16,44,18,41,15,43,15,44,16,46,19,44,15,42,14,46,15,43,18,46,19,43,16,43,11,45,8,46,13,48,8,47,7,45,6,47,6,43,6,43,2,41,3,41,1,40,-1,36,-3,39,0,34,-4,32,-4,29,-3,35,-6,30,-8,32,-9,28,-11,28,-13,25,0,0,0,0,0,0,0,0,0,0,0,0,0,0,0,0,0,0,0,0,0,0,-11,-43,-13,-44,-10,-45,-10,-48,-13,-52,-11,-50,-10,-52,-6,-50,-9,-55,-9,-57,-7,-57,-7,-61,-7,-62,-9,-64,-6,-60,-9,-65,-11,-65,-7,-63,-5,-60,-7,-62,-10,-61,-8,-67,-10,-66,-11,-59,-12,-64,-11,-63,-12,-61,-13,-60,-17,-64,-16,-58,-20,-58,-20,-55,-21,-57,-26,-56,-23,-55,-27,-54,-29,-54,-33,-50,-34,-50,-37,-49,-39,-47,-40,-45,-40,-46,-42,-44,-40,-46,-43,-40,-42,-41,-45,-43,-47,-38,-48,-39,-45,-40,-51,-36,-46,-37,-44,-33,-51,-33,-47,-30,-49,-29,0,0]"
CSI_DATA,183,2a:00:00:00:00:00,-44,11,1,0,1,1,1,0,0,0,1,-96,0,11,2,2665020,0,44,0,384,0,"[0,0,0,0,0,0,0,0,0,0,0,0,-8,-2,-8,-2,-7,-2,-8,-2,-7,-1,-8,-1,-8,0,-8,0,-8,0,-7,0,-8,1,-7,1,-8,1,-8,1,-8,1,-8,2,-8,2,-7,2,-8,2,-8,2,-8,2,-8,2,-8,2,-8,2,-8,2,-9,3,0,0,-9,3,-9,2,-9,2,-9,2,-9,2,-9,1,-9,1,-9,1,-9,1,-9,1,-9,1,-9,0,-9,0,-9,0,-8,-1,-8,-1,-8,-1,-7,-1,-7,-1,-7,-1,-7,-1,-7,-2,-6,-2,-6,-2,-6,-2,-6,-2,0,0,0,0,0,0,0,0,0,0,0,0,0,0,-31,-34,-29,-35,-34,-29,-32,-25,-33,-20,-34,-21,-34,-18,-41,-17,-33,-14,-39,-15,-36,-16,-36,-10,-38,-12,-34,-10,-40,-3,-42,-4,-44,-7,-40,-1,-42,-1,-40,-3,-45,-2,-40,2,-42,3,-47,-2,-41,1,-45,0,-44,2,-43,7,-44,1,-45,4,-45,3,-50,0,-44,-3,-49,-5,-46,-2,-50,-6,-46,-3,-47,-5,-47,-9,-47,-8,-45,-6,-46,-9,-44,-11,-45,-9,-44,-15,-40,-16,-41,-12,-37,-15,-36,-11,-37,-14,-36,-16,-31,-12,-33,-18,-26,-16,-28,-17,-28,-14,-27,-17,0,0,0,0,0,0,0,0,0,0,0,0,0,0,0,0,0,0,0,0,0,0,44,13,48,18,45,19,51,19,49,18,53,19,55,23,52,26,54,26,53,21,57,21,60,21,62,19,60,23,60,25,56,24,62,29,58,24,68,26,62,27,59,22,63,27,61,19,64,15,60,17,61,13,63,13,65,15,56,11,63,12,56,8,60,4,59,4,59,2,60,-1,57,-6,61,-7,61,-9,56,-12,56,-13,58,-15,57,-15,59,-18,58,-19,54,-22,57,-20,55,-22,49,-23,54,-24,51,-24,41,-31,44,-23,47,-33,36,-28,42,-30,44,-26,41,-28,0,0]"
CSI_DATA,184,2a:00:00:00:00:00,-44,11,1,0,1,1,1,0,0,0,1,-96,0,11,2,2676778,0,44,0,384,0,"[0,0,0,0,0,0,0,0,0,0,0,0,6,-2,6,-2,5,-2,5,-2,5,-3,5,-3,5,-3,5,-4,5,-4,5,-4,5,-4,5,-5,5,-4,5,-4,5,-5,5,-5,5,-6,5,-6,5,-6,5,-6,5,-6,5,-6,5,-6,5,-7,5,-7,5,-7,0,0,6,-7,6,-7,6,-7,6,-7,7,-7,7,-7,7,-7,7,-7,7,-6,7,-6,7,-6,7,-6,7,-5,7,-5,7,-5,7,-5,7,-5,7,-4,7,-5,6,-4,6,-4,6,-4,6,-3,6,-3,6,-3,6,-3,0,0,0,0,0,0,0,0,0,0,0,0,0,0,34,0,34,5,36,2,36,-4,37,-3,33,-2,35,-7,30,-6,33,-13,31,-11,30,-14,29,-14,29,-15,31,-15,30,-17,28,-16,29,-20,31,-23,27,-23,31,-26,30,-28,31,-28,28,-28,29,-31,28,-27,33,-32,28,-31,28,-31,30,-32,34,-35,36,-37,33,-36,33,-37,34,-34,36,-40,37,-31,38,-35,37,-37,37,-36,40,-31,42,-35,43,-30,39,-34,43,-29,38,-27,40,-29,39,-27,40,-29,36,-20,40,-26,38,-24,35,-25,33,-22,37,-22,34,-18,34,-17,35,-12,0,0,0,0,0,0,0,0,0,0,0,0,0,0,0,0,0,0,0,0,0,0,-49,14,-50,12,-49,12,-50,12,-55,14,-57,11,-53,11,-57,13,-56,10,-59,12,-61,11,-60,15,-64,13,-62,12,-59,16,-63,14,-61,19,-66,18,-64,17,-58,17,-59,21,-67,19,-62,20,-59,24,-62,23,-63,22,-57,26,-55,24,-55,29,-49,28,-51,33,-49,34,-48,35,-43,38,-42,37,-41,41,-39,39,-40,45,-38,42,-35,43,-33,43,-30,44,-30,42,-32,46,-25,42,-24,51,-23,50,-25,48,-21,46,-17,46,-21,44,-21,48,-19,42,-18,46,-15,45,-12,42,-14,43,0,0]"
CSI_DATA,185,2a:00:00:00:00:00,-44,11,1,0,1,1,1,0,0,0,1,-96,0,11,2,2704995,0,44,0,384,0,"[0,0,0,0,0,0,0,0,0,0,0,0,-5,4,-5,5,-4,5,-4,5,-4,5,-4,5,-4,6,-3,5,-3,5,-3,6,-3,6,-3,6,-2,6,-2,6,-2,6,-1,7,-1,7,-1,7,-1,7,-1,8,-1,7,0,7,-1,8,-1,8,-1,9,-1,9,0,0,-1,9,0,9,-1,9,-1,9,-1,9,-1,9,-1,9,-1,9,-2,9,-2,9,-3,9,-2,9,-2,9,-2,8,-3,8,-3,8,-3,8,-3,8,-3,7,-3,7,-3,7,-3,6,-3,6,-3,6,-3,6,-4,5,0,0,0,0,0,0,0,0,0,0,0,0,0,0,-30,25,-29,23,-29,27,-28,31,-25,26,-20,24,-19,29,-18,30,-16,31,-13,32,-13,34,-10,33,-8,36,-8,33,-9,33,-8,35,-5,38,-5,38,-5,39,-1,38,-2,42,-4,40,3,43,3,45,3,43,3,42,7,47,3,47,5,49,2,50,2,49,3,51,4,54,4,53,4,54,2,53,3,53,3,54,2,55,0,55,-4,55,-4,54,-3,52,-6,57,-6,49,-7,51,-10,48,-8,45,-11,44,-10,43,-11,44,-8,41,-8,40,-11,38,-10,38,-13,36,-16,34,0,0,0,0,0,0,0,0,0,0,0,0,0,0,0,0,0,0,0,0,0,0,19,-43,23,-47,21,-45,25,-46,25,-47,28,-50,26,-48,23,-51,28,-51,29,-53,30,-55,28,-55,26,-60,32,-57,29,-59,28,-56,28,-59,26,-57,23,-60,23,-59,23,-56,24,-64,24,-57,23,-61,20,-56,19,-62,20,-56,13,-58,10,-58,11,-58,8,-55,4,-60,2,-59,2,-54,-2,-61,-4,-55,-8,-57,-9,-57,-10,-59,-14,-57,-12,-57,-15,-57,-16,-56,-19,-57,-17,-52,-26,-54,-24,-51,-23,-49,-24,-53,-24,-48,-20,-49,-24,-48,-25,-48,-27,-43,-23,-44,-26,-44,-26,-40,0,0]"
CSI_DATA,186,2a:00:00:00:00:00,-44,11,1,0,1,1,1,0,0,0,1,-96,0,11,2,2715035,0,44,0,384,0,"[0,0,0,0,0,0,0,0,0,0,0,0,1,6,2,5,2,5,2,5,3,5,3,4,3,4,3,4,3,4,4,4,4,4,4,4,4,4,4,4,5,4,5,3,5,3,5,4,5,3,5,3,6,3,6,4,6,4,6,4,6,4,6,4,0,0,6,4,6,4,6,4,6,5,6,4,7,4,6,5,6,5,5,5,5,5,5,5,6,5,5,5,5,5,4,5,4,5,4,5,3,5,3,5,3,5,3,5,3,5,3,5,3,4,2,5,2,5,0,0,0,0,0,0,0,0,0,0,0,0,0,0,4,39,5,39,8,36,11,37,11,33,13,30,18,32,18,32,20,33,19,28,20,26,21,27,25,26,23,27,23,24,26,22,25,25,26,24,28,21,33,22,33,20,33,21,30,21,35,20,35,23,37,23,35,23,37,23,36,23,40,23,40,22,37,25,40,26,37,25,40,25,40,28,40,26,39,32,40,32,34,33,34,32,30,31,34,31,35,35,29,36,29,29,27,29,30,35,24,30,21,33,21,29,21,32,20,31,21,31,17,32,12,27,11,26,0,0,0,0,0,0,0,0,0,0,0,0,0,0,0,0,0,0,0,0,0,0,-16,-48,-16,-48,-14,-56,-13,-54,-15,-57,-16,-54,-14,-56,-18,-59,-16,-60,-18,-60,-19,-59,-20,-60,-20,-63,-21,-61,-22,-64,-21,-64,-26,-63,-25,-66,-27,-59,-26,-61,-26,-64,-30,-65,-30,-63,-30,-58,-31,-59,-34,-56,-33,-56,-35,-51,-38,-52,-38,-52,-37,-46,-40,-41,-42,-44,-44,-40,-46,-39,-45,-36,-49,-34,-50,-33,-57,-30,-56,-28,-54,-28,-59,-24,-53,-22,-60,-20,-57,-19,-53,-13,-56,-14,-55,-13,-54,-8,-58,-10,-57,-10,-56,-6,-52,-6,-51,-4,-50,-2,-52,-1,-54,-1,0,0]"
CSI_DATA,187,2a:00:00:00:00:00,-45,11,1,0,1,1,1,0,0,0,1,-96,0,11,2,2746267,0,44,0,384,0,"[0,0,0,0,0,0,0,0,0,0,0,0,-7,1,-7,1,-7,2,-7,2,-6,2,-6,2,-6,3,-6,3,-6,3,-5,3,-5,3,-5,3,-5,3,-5,3,-5,3,-4,4,-4,4,-4,4,-4,4,-4,4,-4,3,-4,4,-5,4,-4,3,-5,4,-5,4,0,0,-5,4,-5,3,-5,3,-5,4,-5,3,-5,3,-6,3,-6,3,-6,3,-6,2,-6,2,-6,1,-6,1,-6,1,-6,1,-6,1,-6,1,-6,1,-6,1,-5,1,-5,1,-5,0,-5,0,-5,0,-5,0,-5,0,0,0,0,0,0,0,0,0,0,0,0,0,0,0,-39,-5,-39,-6,-39,0,-39,-2,-38,4,-36,8,-34,2,-38,8,-32,9,-36,10,-32,8,-34,11,-32,15,-30,13,-31,18,-27,15,-27,18,-27,19,-25,20,-24,19,-29,23,-25,19,-25,21,-26,20,-26,18,-28,17,-22,20,-23,19,-25,18,-26,20,-28,21,-29,20,-27,16,-29,15,-28,16,-30,15,-30,12,-35,13,-33,11,-32,12,-32,8,-32,11,-33,8,-29,9,-34,5,-33,5,-34,3,-31,1,-29,2,-31,0,-30,1,-27,-1,-26,-2,-28,-2,-28,-1,-25,0,-27,-2,0,0,0,0,0,0,0,0,0,0,0,0,0,0,0,0,0,0,0,0,0,0,43,32,47,34,44,32,49,34,48,32,52,36,52,36,54,35,57,39,55,33,58,36,61,34,63,34,62,32,66,33,62,30,69,31,65,26,70,27,69,25,65,25,70,22,69,17,70,17,70,16,68,10,69,7,72,6,66,2,70,1,67,-4,68,-8,63,-10,62,-12,63,-18,63,-20,61,-22,58,-33,57,-31,54,-33,57,-32,51,-37,53,-43,51,-39,46,-45,42,-44,44,-46,40,-46,41,-47,34,-45,31,-46,31,-51,32,-49,25,-46,24,-46,21,-47,18,-44,0,0]"
CSI_DATA,188,2a:00:00:00:00:00,-45,11,1,0,1,1,1,0,0,0,1,-96,0,11,2,2755701,0,44,0,384,0,"[0,0,0,0,0,0,0,0,0,0,0,0,-7,-2,-7,-1,-7,-1,-7,-1,-7,-1,-7,0,-7,0,-7,0,-7,1,-7,1,-7,1,-6,1,-6,1,-6,1,-6,1,-6,2,-6,2,-6,2,-6,2,-6,2,-6,2,-6,2,-6,1,-6,2,-6,1,-6,2,0,0,-6,1,-7,1,-6,1,-7,1,-6,1,-6,0,-7,1,-7,0,-6,0,-7,0,-6,0,-7,-1,-6,-1,-6,-1,-6,-1,-6,-1,-6,-2,-5,-2,-5,-2,-5,-1,-5,-2,-5,-2,-5,-2,-5,-2,-5,-2,-4,-2,0,0,0,0,0,0,0,0,0,0,0,0,0,0,-42,-16,-37,-12,-40,-12,-40,-8,-40,-4,-42,-3,-37,0,-35,0,-34,2,-37,5,-34,6,-34,5,-32,8,-31,7,-31,10,-32,12,-32,10,-28,9,-30,13,-30,14,-31,20,-28,13,-30,13,-30,14,-28,11,-28,13,-27,14,-29,14,-32,15,-28,16,-28,16,-31,15,-30,13,-32,14,-28,13,-34,10,-34,10,-35,7,-33,7,-31,8,-35,4,-32,5,-32,-2,-33,0,-33,-2,-32,-3,-32,-2,-29,-4,-32,-2,-27,-3,-27,-3,-27,-3,-31,-6,-25,-8,-27,-8,-25,-6,-24,-9,0,0,0,0,0,0,0,0,0,0,0,0,0,0,0,0,0,0,0,0,0,0,35,36,41,42,39,36,43,42,41,43,42,46,45,42,45,42,47,44,47,43,51,45,51,43,54,43,55,41,59,40,53,39,63,39,58,35,63,40,62,37,63,35,63,32,61,29,65,25,63,26,65,23,65,18,64,17,63,12,67,10,63,6,67,4,66,1,64,-1,65,-3,65,-8,61,-13,64,-15,61,-20,61,-24,61,-23,54,-26,56,-34,50,-33,54,-36,49,-33,47,-36,46,-42,43,-36,41,-36,39,-40,36,-43,36,-46,28,-38,26,-42,29,-44,27,-41,0,0]"
CSI_DATA,189,2a:00:00:00:00:00,-45,11,1,0,1,1,1,0,0,0,1,-96,0,11,2,2764992,0,44,0,384,0,"[0,0,0,0,0,0,0,0,0,0,0,0,6,-4,6,-4,5,-4,5,-4,5,-5,4,-5,4,-5,4,-5,4,-5,4,-5,4,-6,3,-6,3,-5,3,-6,3,-6,3,-6,3,-6,3,-6,2,-6,2,-6,3,-6,2,-6,3,-6,3,-6,3,-6,3,-6,0,0,3,-6,3,-5,3,-5,4,-6,4,-5,4,-5,4,-5,4,-5,4,-5,5,-5,5,-4,4,-4,5,-3,4,-3,5,-3,4,-3,4,-3,4,-3,4,-2,4,-2,4,-2,4,-2,4,-2,4,-1,4,-2,4,-1,0,0,0,0,0,0,0,0,0,0,0,0,0,0,41,-13,42,-15,37,-16,39,-16,33,-20,31,-18,31,-21,33,-24,28,-21,29,-24,24,-29,23,-27,25,-27,18,-29,21,-25,20,-31,19,-28,20,-29,18,-27,21,-32,19,-31,18,-32,16,-28,14,-28,14,-27,15,-30,17,-29,16,-30,14,-28,21,-30,18,-28,20,-30,18,-30,20,-25,24,-29,21,-24,20,-26,22,-26,21,-26,27,-24,27,-25,26,-21,27,-20,25,-19,25,-19,26,-19,29,-17,27,-16,27,-14,25,-14,26,-15,24,-14,24,-9,23,-12,23,-7,22,-6,21,-9,0,0,0,0,0,0,0,0,0,0,0,0,0,0,0,0,0,0,0,0,0,0,-55,-4,-52,-6,-60,-5,-61,-4,-60,-4,-60,-3,-60,-3,-60,-2,-64,-1,-64,-1,-67,-4,-69,0,-67,-2,-70,1,-68,3,-70,4,-70,7,-71,5,-68,9,-70,12,-71,14,-67,16,-71,19,-65,18,-65,16,-67,24,-60,21,-62,27,-60,29,-56,32,-54,34,-54,36,-52,39,-48,42,-47,45,-45,48,-41,47,-42,50,-39,48,-35,50,-33,52,-30,57,-31,58,-27,55,-22,54,-17,60,-20,60,-17,59,-11,57,-14,56,-10,53,-6,56,-5,54,-1,50,-2,51,4,52,1,51,0,0]"
CSI_DATA,190,2a:00:00:00:00:00,-44,11,1,0,1,1,1,0,0,0,1,-96,0,11,2,2796139,0,44,0,384,0,"[0,0,0,0,0,0,0,0,0,0,0,0,-7,3,-6,3,-6,3,-6,3,-6,4,-5,4,-5,4,-5,4,-5,4,-5,4,-5,5,-5,5,-4,5,-4,5,-4,4,-4,5,-4,5,-4,5,-4,5,-4,5,-4,5,-4,5,-4,5,-4,5,-4,5,-4,5,0,0,-4,6,-5,5,-5,5,-5,5,-5,4,-5,4,-5,4,-6,4,-5,4,-6,4,-6,4,-6,3,-6,3,-6,3,-6,3,-6,3,-6,2,-5,2,-6,2,-5,2,-5,2,-5,2,-5,1,-5,1,-5,1,-5,1,0,0,0,0,0,0,0,0,0,0,0,0,0,0,-39,9,-40,11,-38,14,-34,12,-35,16,-35,17,-34,23,-29,21,-29,20,-27,23,-29,23,-26,28,-26,23,-24,26,-24,27,-23,27,-26,26,-21,28,-18,28,-22,32,-19,31,-21,30,-20,32,-19,35,-23,29,-18,31,-19,31,-21,32,-20,29,-22,35,-24,33,-23,31,-26,33,-24,31,-26,34,-27,26,-26,29,-26,26,-31,26,-31,31,-30,26,-32,22,-29,20,-32,21,-31,20,-28,22,-30,16,-32,16,-28,13,-32,14,-28,14,-27,13,-26,12,-27,8,-28,6,-28,8,-28,7,0,0,0,0,0,0,0,0,0,0,0,0,0,0,0,0,0,0,0,0,0,0,48,-14,52,-11,52,-11,52,-14,58,-14,56,-14,55,-18,58,-15,58,-16,64,-18,61,-17,62,-17,64,-18,61,-18,63,-21,64,-23,64,-23,66,-23,62,-27,64,-25,62,-30,61,-30,62,-31,60,-28,60,-32,60,-35,56,-35,54,-36,52,-39,49,-39,46,-45,45,-46,44,-48,38,-47,38,-53,35,-49,34,-57,31,-55,29,-58,26,-58,26,-59,21,-59,21,-62,18,-59,13,-59,12,-64,10,-59,11,-59,4,-56,8,-61,3,-56,4,-52,1,-50,1,-56,-2,-49,-2,-50,-2,-47,0,0]"
CSI_DATA,191,2a:00:00:00:00:00,-44,11,1,0,1,1,1,0,0,0,1,-96,0,11,2,2805080,0,44,0,384,0,"[0,0,0,0,0,0,0,0,0,0,0,0,-8,1,-7,1,-7,2,-7,1,-7,2,-7,2,-7,2,-6,3,-6,3,-6,3,-6,3,-6,4,-6,3,-6,3,-5,3,-5,4,-5,4,-5,4,-5,4,-5,4,-5,4,-6,4,-5,4,-5,4,-6,4,-5,4,0,0,-6,4,-6,4,-6,3,-6,4,-6,3,-6,3,-6,3,-6,3,-6,2,-6,2,-6,2,-6,1,-6,1,-6,1,-6,1,-6,1,-6,1,-6,1,-6,1,-5,0,-5,0,-5,0,-5,0,-5,0,-5,0,-5,-1,0,0,0,0,0,0,0,0,0,0,0,0,0,0,-45,-15,-40,-13,-39,-8,-41,-5,-43,0,-39,2,-38,1,-37,3,-37,6,-35,9,-36,8,-36,8,-38,13,-34,10,-36,12,-32,17,-36,12,-34,14,-29,15,-31,17,-32,20,-32,19,-34,20,-29,22,-32,19,-32,18,-34,18,-34,19,-33,18,-31,19,-35,18,-34,20,-32,20,-34,18,-35,19,-34,13,-37,14,-37,13,-36,11,-39,10,-35,8,-32,7,-38,5,-32,4,-34,4,-31,5,-31,5,-33,4,-31,0,-29,3,-31,1,-30,1,-29,-3,-28,-2,-27,-4,-25,-3,-23,-3,0,0,0,0,0,0,0,0,0,0,0,0,0,0,0,0,0,0,0,0,0,0,45,27,46,28,45,33,48,30,47,28,47,32,50,31,53,31,53,33,53,33,55,28,55,34,59,29,62,30,59,33,59,31,67,26,67,27,63,28,62,25,65,22,68,22,66,20,66,18,63,17,63,13,67,12,67,6,66,8,66,2,62,-2,64,-2,61,-6,65,-7,58,-16,63,-16,59,-21,59,-23,56,-25,56,-29,53,-33,51,-33,53,-35,50,-37,49,-35,44,-39,44,-39,44,-42,42,-42,36,-43,37,-40,35,-45,32,-44,29,-41,28,-47,28,-45,20,-45,0,0]"
CSI_DATA,192,2a:00:00:00:00:00,-44,11,1,0,1,1,1,0,0,0,1,-96,0,11,2,2815277,0,44,0,384,0,"[0,0,0,0,0,0,0,0,0,0,0,0,7,-1,7,-2,7,-1,6,-2,6,-2,6,-3,6,-3,6,-3,6,-4,6,-3,6,-4,5,-4,6,-4,5,-4,5,-4,5,-5,5,-5,5,-5,5,-4,5,-4,5,-4,5,-4,5,-5,5,-4,5,-4,5,-4,0,0,5,-4,5,-3,5,-4,5,-3,5,-3,6,-3,6,-2,5,-2,5,-2,5,-2,5,-2,5,-1,5,-1,5,-1,4,-1,4,-1,5,0,4,0,4,0,4,0,4,0,4,0,4,0,4,1,3,0,3,1,0,0,0,0,0,0,0,0,0,0,0,0,0,0,45,-4,42,-8,45,-8,42,-15,38,-10,39,-14,38,-16,38,-15,35,-20,39,-19,36,-23,34,-21,32,-23,30,-23,31,-26,27,-25,29,-24,25,-26,26,-25,28,-26,24,-29,27,-26,26,-28,25,-26,27,-23,26,-25,25,-29,26,-29,27,-26,25,-25,28,-24,26,-23,26,-20,29,-24,25,-21,28,-21,31,-16,27,-17,28,-14,27,-14,29,-13,28,-13,31,-9,27,-11,28,-7,27,-8,26,-9,25,-5,26,-1,25,-2,23,1,24,-3,24,3,24,0,24,3,21,0,20,2,0,0,0,0,0,0,0,0,0,0,0,0,0,0,0,0,0,0,0,0,0,0,-54,-3,-54,-3,-57,-3,-58,-3,-61,-6,-61,-7,-59,-4,-62,-8,-64,-5,-65,-2,-70,-2,-69,-2,-73,1,-70,-1,-71,1,-71,1,-72,4,-70,7,-71,4,-71,7,-72,7,-70,8,-71,8,-72,15,-68,13,-72,16,-64,21,-64,23,-76,19,-68,27,-55,30,-66,23,-62,30,-57,32,-57,35,-51,36,-46,41,-45,45,-47,44,-43,46,-39,50,-41,50,-37,56,-37,54,-35,52,-28,56,-31,53,-31,53,-27,54,-23,57,-18,58,-16,54,-20,54,-15,55,-11,55,-11,50,-4,55,0,0]"
CSI_DATA,193,2a:00:00:00:00:00,-44,11,1,0,1,1,1,0,0,0,1,-96,0,11,2,2825040,0,44,0,384,0,"[0,0,0,0,0,0,0,0,0,0,0,0,-8,1,-8,1,-7,2,-8,2,-7,2,-7,2,-7,3,-7,2,-7,2,-6,3,-7,3,-7,3,-6,3,-6,3,-6,3,-6,3,-6,3,-6,3,-6,3,-6,3,-6,3,-6,3,-6,3,-6,3,-6,3,-6,3,0,0,-6,2,-6,2,-6,2,-6,2,-6,1,-6,1,-6,0,-5,0,-5,0,-5,0,-5,0,-5,-1,-5,-1,-5,-1,-5,-1,-4,-1,-4,-2,-4,-2,-4,-2,-4,-2,-4,-2,-3,-2,-3,-2,-3,-2,-3,-2,-3,-3,0,0,0,0,0,0,0,0,0,0,0,0,0,0,-46,-17,-46,-16,-45,-8,-48,-10,-46,-6,-42,-4,-48,1,-39,1,-42,2,-38,4,-42,3,-42,5,-45,6,-40,7,-41,4,-38,8,-43,8,-37,10,-37,9,-39,10,-35,12,-38,10,-35,11,-36,12,-37,9,-37,9,-37,9,-35,10,-35,6,-36,9,-37,9,-33,7,-32,4,-30,5,-36,3,-33,2,-30,0,-30,-3,-29,-6,-29,-2,-31,-4,-27,-4,-28,-8,-24,-11,-22,-7,-24,-10,-22,-9,-20,-12,-18,-12,-15,-11,-17,-13,-17,-13,-16,-12,-14,-15,-10,-17,-11,-16,-12,-17,0,0,0,0,0,0,0,0,0,0,0,0,0,0,0,0,0,0,0,0,0,0,54,-5,50,-6,55,-3,55,0,59,-1,56,0,58,0,58,0,64,2,63,-1,64,0,69,1,67,-2,67,-2,66,-3,72,-2,67,-1,73,0,66,-2,70,-2,72,-6,71,-2,75,-7,69,-7,71,-7,66,-9,65,-12,62,-13,65,-15,63,-17,63,-19,58,-22,63,-23,59,-26,58,-30,57,-27,58,-35,56,-36,55,-38,52,-39,49,-37,50,-47,48,-39,48,-47,43,-43,44,-49,44,-48,42,-50,39,-45,37,-46,34,-50,35,-51,32,-48,30,-48,27,-53,26,-45,25,-50,0,0]"
CSI_DATA,194,2a:00:00:00:00:00,-44,11,1,0,1,1,1,0,0,0,1,-96,0,11,2,2835165,0,44,0,384,0,"[0,0,0,0,0,0,0,0,0,0,0,0,4,7,4,6,5,6,5,6,5,5,5,5,5,5,5,5,5,4,5,4,5,4,5,4,5,4,5,4,5,4,6,3,6,3,5,3,6,3,6,3,5,3,5,3,5,3,5,3,5,3,5,3,0,0,5,3,4,3,4,3,4,3,4,4,3,3,3,4,3,3,2,4,2,4,2,3,2,3,1,3,1,3,1,3,0,3,0,3,0,3,0,3,0,2,-1,2,-1,3,-1,2,-1,2,-1,2,-1,2,0,0,0,0,0,0,0,0,0,0,0,0,0,0,15,48,20,46,25,44,22,42,26,35,26,35,25,36,28,37,28,33,31,33,31,31,30,28,33,26,30,25,29,26,35,23,35,25,32,23,34,22,33,23,36,24,30,22,32,20,32,20,33,22,32,20,29,18,33,20,28,20,30,20,30,20,29,24,26,21,25,22,22,19,24,22,23,24,21,19,19,23,16,20,12,22,11,22,11,22,9,21,5,22,6,19,3,19,4,20,5,17,3,17,3,17,2,17,2,16,1,18,-4,16,-4,14,-5,12,0,0,0,0,0,0,0,0,0,0,0,0,0,0,0,0,0,0,0,0,0,0,-41,-27,-42,-30,-42,-34,-45,-36,-43,-34,-45,-35,-46,-38,-45,-37,-47,-37,-45,-40,-49,-43,-48,-42,-52,-42,-51,-45,-52,-44,-49,-46,-53,-46,-51,-48,-56,-44,-56,-46,-59,-42,-57,-44,-54,-42,-55,-43,-56,-41,-55,-38,-56,-40,-58,-39,-56,-36,-56,-33,-55,-29,-63,-27,-61,-27,-61,-24,-62,-21,-63,-21,-63,-16,-63,-14,-63,-14,-63,-13,-67,-11,-65,-6,-68,-6,-64,-2,-68,-3,-67,4,-64,4,-63,5,-61,6,-62,5,-62,5,-62,8,-58,9,-57,10,-57,10,-55,17,-57,16,0,0]"
CSI_DATA,195,2a:00:00:00:00:00,-41,11,1,0,1,1,1,0,0,0,1,-96,0,11,2,2865195,0,44,0,384,0,"[0,0,0,0,0,0,0,0,0,0,0,0,9,-2,8,-3,8,-3,8,-3,8,-3,8,-3,8,-4,7,-4,7,-4,7,-4,7,-4,7,-4,7,-4,6,-4,6,-4,7,-5,7,-5,6,-5,6,-5,6,-5,6,-4,6,-5,6,-5,6,-5,6,-5,6,-5,0,0,6,-4,6,-4,6,-4,6,-4,6,-3,6,-3,6,-2,6,-2,6,-2,6,-2,6,-1,5,-1,5,-1,5,0,5,0,4,0,4,0,4,0,4,0,3,1,3,1,3,1,2,1,2,1,2,1,2,1,0,0,0,0,0,0,0,0,0,0,0,0,0,0,57,-5,53,-6,52,-9,52,-8,52,-12,45,-15,48,-15,48,-16,46,-14,44,-18,45,-20,44,-24,47,-22,40,-19,41,-25,39,-28,40,-23,35,-24,38,-25,36,-29,38,-29,38,-29,36,-28,35,-28,36,-25,35,-26,36,-28,35,-29,33,-28,36,-27,37,-26,39,-25,36,-24,34,-22,38,-20,35,-17,38,-16,35,-15,35,-14,35,-13,36,-9,32,-9,31,-8,30,-6,28,-2,28,-2,27,-1,27,3,25,1,22,4,23,4,22,3,19,6,18,7,17,9,16,9,14,11,0,0,0,0,0,0,0,0,0,0,0,0,0,0,0,0,0,0,0,0,0,0,-16,40,-16,38,-19,44,-20,44,-22,42,-23,46,-25,45,-28,44,-28,45,-24,44,-29,47,-31,50,-30,49,-31,52,-33,51,-34,49,-35,51,-38,49,-35,51,-36,50,-35,50,-37,50,-40,54,-35,52,-35,52,-31,53,-34,51,-33,52,-32,53,-32,56,-29,52,-28,54,-26,54,-23,57,-24,57,-21,59,-17,60,-18,62,-13,61,-14,59,-12,63,-13,65,-13,66,-11,63,-8,62,-7,68,-8,65,-5,69,-7,67,-3,63,-1,63,-1,64,0,65,1,67,1,61,2,62,0,60,0,0]"
CSI_DATA,196,2a:00:00:00:00:00,-41,11,1,0,1,1,1,0,0,0,1,-96,0,11,2,2875230,0,44,0,384,0,"[0,0,0,0,0,0,0,0,0,0,0,0,5,-8,4,-9,4,-9,4,-8,3,-9,3,-8,3,-9,3,-9,3,-9,2,-9,2,-9,2,-9,2,-9,2,-9,1,-9,2,-9,1,-9,1,-9,1,-9,1,-9,1,-9,1,-9,1,-9,1,-9,1,-9,1,-9,0,0,2,-9,2,-8,2,-8,2,-8,2,-8,2,-8,2,-7,3,-7,3,-7,3,-6,3,-6,3,-6,3,-5,3,-5,4,-4,3,-4,3,-4,3,-3,3,-3,3,-3,3,-2,3,-2,3,-2,3,-2,3,-1,3,-1,0,0,0,0,0,0,0,0,0,0,0,0,0,0,39,-44,36,-43,36,-43,32,-44,31,-41,28,-47,26,-45,27,-45,22,-42,21,-46,21,-45,20,-47,18,-50,21,-48,18,-46,18,-45,12,-46,13,-45,10,-45,14,-48,12,-47,12,-48,10,-48,10,-48,9,-45,9,-47,14,-47,11,-47,14,-47,11,-47,14,-44,15,-46,17,-47,16,-43,15,-42,17,-39,17,-40,19,-38,20,-35,22,-36,23,-33,26,-32,21,-30,23,-26,21,-22,24,-21,23,-21,24,-18,24,-16,18,-12,20,-12,19,-9,18,-10,19,-7,17,-6,19,-4,19,-2,0,0,0,0,0,0,0,0,0,0,0,0,0,0,0,0,0,0,0,0,0,0,18,34,20,38,20,39,19,43,15,43,16,46,16,44,16,46,15,49,16,47,14,53,12,53,12,56,15,54,15,58,12,58,12,57,8,58,12,58,11,59,12,57,13,58,12,61,12,59,11,60,13,60,11,59,15,57,15,57,17,59,18,55,19,55,24,53,26,55,28,52,25,54,28,55,27,55,29,54,31,54,36,53,36,53,38,56,39,52,41,52,42,49,40,47,45,49,46,50,42,51,42,52,42,52,41,49,41,49,43,45,42,47,47,41,0,0]"
CSI_DATA,197,2a:00:00:00:00:00,-41,11,1,0,1,1,1,0,0,0,1,-96,0,11,2,2885248,0,44,0,384,0,"[0,0,0,0,0,0,0,0,0,0,0,0,1,-10,0,-10,0,-10,0,-10,-1,-9,-1,-9,-1,-9,-1,-9,-1,-9,-2,-9,-2,-9,-2,-9,-2,-9,-2,-9,-2,-9,-3,-9,-3,-9,-3,-9,-3,-9,-3,-9,-3,-9,-3,-9,-3,-9,-3,-9,-3,-9,-3,-9,0,0,-2,-9,-2,-9,-2,-9,-1,-9,-1,-8,-1,-9,-1,-8,0,-8,0,-8,0,-8,1,-7,0,-7,1,-7,1,-6,1,-6,2,-6,1,-6,2,-5,2,-5,2,-4,2,-4,2,-4,2,-4,2,-4,2,-3,2,-3,0,0,0,0,0,0,0,0,0,0,0,0,0,0,13,-58,9,-55,3,-59,6,-50,3,-54,2,-51,0,-49,-1,-51,-1,-50,-4,-48,-4,-48,-7,-48,-9,-47,-11,-49,-13,-45,-16,-46,-17,-47,-18,-47,-16,-45,-16,-45,-18,-48,-18,-46,-21,-44,-17,-45,-19,-44,-19,-46,-19,-42,-21,-43,-20,-44,-20,-46,-17,-46,-19,-46,-16,-44,-13,-48,-12,-45,-10,-41,-11,-46,-9,-45,-9,-44,-3,-42,-4,-44,-3,-39,-2,-40,0,-36,1,-36,3,-33,5,-31,5,-30,8,-26,8,-27,9,-21,6,-23,11,-23,11,-22,11,-19,12,-18,13,-15,0,0,0,0,0,0,0,0,0,0,0,0,0,0,0,0,0,0,0,0,0,0,34,20,35,24,33,28,32,28,34,31,32,32,30,33,32,36,36,40,33,34,34,37,36,39,38,39,38,42,39,43,33,44,33,43,35,44,37,41,36,46,37,44,39,49,36,44,38,45,41,43,38,40,39,40,40,39,40,42,42,40,39,38,46,39,46,35,48,34,48,39,49,33,50,29,54,29,57,27,53,27,55,26,56,24,59,25,63,23,61,23,59,25,60,25,61,22,64,24,63,23,60,22,63,17,63,21,57,16,63,16,64,18,64,21,0,0]"
CSI_DATA,198,2a:00:00:00:00:00,-42,11,1,0,1,1,1,0,0,0,1,-96,0,11,2,2894986,0,44,0,384,0,"[0,0,0,0,0,0,0,0,0,0,0,0,2,8,2,8,2,8,3,8,3,7,3,7,4,7,4,7,4,7,4,6,4,6,4,6,4,6,5,6,5,6,5,6,5,6,5,6,6,6,5,5,6,5,5,6,5,5,6,6,5,6,5,6,0,0,5,6,5,6,5,6,4,6,4,6,4,6,4,6,4,6,3,6,3,6,2,6,2,6,2,6,2,6,1,5,1,5,1,5,0,5,0,5,0,4,0,4,0,4,0,4,-1,4,-1,4,-1,3,0,0,0,0,0,0,0,0,0,0,0,0,0,0,5,54,7,53,9,53,12,48,9,48,14,45,17,46,14,47,18,45,17,44,19,38,21,41,24,39,24,37,19,40,25,38,22,42,26,39,27,36,26,36,29,39,28,34,30,36,31,35,31,34,32,33,30,37,30,40,30,38,30,35,27,37,30,38,31,39,29,37,27,38,24,40,26,38,22,39,23,39,19,38,17,38,12,37,9,39,8,38,11,36,4,33,7,34,7,32,4,29,6,29,-1,28,-2,25,1,26,0,26,-1,24,-7,22,-5,21,0,0,0,0,0,0,0,0,0,0,0,0,0,0,0,0,0,0,0,0,0,0,-36,-22,-39,-20,-41,-24,-41,-26,-41,-28,-39,-28,-38,-25,-43,-30,-42,-32,-41,-32,-41,-35,-38,-39,-42,-37,-44,-39,-46,-36,-43,-38,-48,-39,-45,-40,-49,-39,-50,-36,-52,-32,-47,-37,-48,-38,-50,-42,-42,-40,-48,-39,-47,-39,-49,-35,-50,-35,-50,-32,-48,-30,-54,-28,-53,-24,-52,-22,-58,-22,-57,-21,-58,-20,-58,-21,-59,-20,-61,-18,-63,-16,-66,-13,-63,-12,-66,-11,-65,-11,-63,-4,-64,-4,-66,-4,-67,-3,-68,-8,-60,-8,-65,-7,-64,-6,-61,-3,-67,-5,-64,0,-63,1,0,0]"
CSI_DATA,199,2a:00:00:00:00:00,-44,11,1,0,1,1,1,0,0,0,1,-96,0,11,2,2915627,0,44,0,384,0,"[0,0,0,0,0,0,0,0,0,0,0,0,-1,-9,-1,-9,-2,-9,-2,-9,-3,-9,-3,-9,-3,-8,-3,-8,-4,-8,-3,-8,-3,-8,-4,-8,-4,-8,-5,-8,-4,-8,-4,-8,-5,-7,-4,-7,-5,-7,-5,-7,-5,-7,-5,-7,-4,-7,-5,-7,-4,-7,-4,-7,0,0,-4,-8,-4,-7,-4,-7,-3,-7,-3,-7,-3,-7,-3,-7,-3,-7,-2,-7,-2,-7,-1,-7,-1,-6,-1,-6,-1,-6,0,-6,0,-6,0,-5,0,-5,0,-5,1,-4,1,-4,1,-4,1,-4,1,-4,1,-3,2,-3,0,0,0,0,0,0,0,0,0,0,0,0,0,0,6,-50,8,-53,0,-48,1,-49,0,-49,-6,-44,-7,-47,-10,-43,-12,-45,-12,-42,-13,-47,-12,-42,-16,-44,-15,-41,-19,-44,-15,-40,-20,-41,-19,-39,-21,-37,-24,-42,-21,-38,-21,-41,-23,-37,-26,-38,-19,-39,-24,-35,-21,-36,-22,-38,-20,-40,-21,-37,-20,-36,-17,-35,-18,-39,-17,-40,-20,-37,-13,-37,-15,-36,-15,-35,-9,-37,-8,-36,-6,-36,-1,-36,-1,-35,0,-31,-1,-29,1,-32,1,-25,4,-32,9,-24,4,-25,7,-23,7,-24,9,-22,8,-20,12,-20,13,-17,11,-15,0,0,0,0,0,0,0,0,0,0,0,0,0,0,0,0,0,0,0,0,0,0,17,44,17,42,18,49,15,46,16,52,13,51,13,52,14,54,15,53,15,58,14,56,13,59,14,60,15,61,15,58,16,64,17,58,17,62,18,61,22,61,17,62,22,59,21,63,23,60,20,61,24,61,26,54,26,54,35,54,31,50,32,53,31,51,39,52,38,49,41,48,42,45,43,48,47,46,48,44,51,41,46,40,55,39,52,38,58,37,52,33,61,34,53,33,57,30,56,28,58,24,58,28,56,23,51,20,58,22,56,16,57,17,58,19,0,0]"
CSI_DATA,200,2a:00:00:00:00:00,-42,11,1,0,1,1,1,0,0,0,1,-96,0,11,2,2934997,0,44,0,384,0,"[0,0,0,0,0,0,0,0,0,0,0,0,7,-7,6,-7,6,-7,6,-7,6,-7,5,-7,5,-8,5,-8,5,-8,4,-8,5,-8,4,-8,4,-8,4,-8,4,-8,4,-8,4,-8,4,-8,3,-8,3,-8,3,-8,3,-8,3,-8,3,-8,3,-7,4,-8,0,0,4,-7,4,-7,4,-6,4,-6,4,-6,4,-6,4,-5,4,-5,4,-5,4,-5,4,-4,4,-4,4,-3,4,-3,4,-3,4,-2,3,-2,3,-2,3,-2,3,-1,3,-1,3,-1,3,-1,2,0,2,0,2,0,0,0,0,0,0,0,0,0,0,0,0,0,0,0,48,-30,49,-25,43,-31,46,-30,40,-31,43,-31,37,-30,37,-33,36,-34,37,-35,36,-35,34,-39,35,-37,33,-38,32,-37,30,-37,29,-40,27,-40,27,-39,29,-36,26,-41,29,-38,23,-41,26,-37,25,-38,23,-39,26,-37,20,-39,24,-36,26,-41,27,-40,26,-34,25,-31,22,-30,28,-28,28,-27,26,-28,27,-27,25,-23,31,-21,30,-19,29,-18,26,-15,25,-14,25,-12,27,-12,23,-10,20,-6,22,-8,24,-2,20,-4,19,0,17,-1,17,1,14,3,14,4,16,3,0,0,0,0,0,0,0,0,0,0,0,0,0,0,0,0,0,0,0,0,0,0,-7,42,-9,45,-9,45,-13,45,-14,46,-14,48,-13,49,-14,50,-16,52,-18,52,-18,54,-19,51,-17,56,-20,54,-23,57,-25,56,-24,55,-26,57,-21,57,-23,58,-21,59,-20,60,-25,59,-21,62,-24,58,-18,58,-17,60,-18,59,-18,58,-15,60,-15,60,-12,61,-9,59,-6,58,-4,63,-3,62,-1,64,-1,64,3,66,4,64,4,64,6,65,6,64,8,65,9,62,11,64,9,62,11,62,11,64,18,62,17,59,15,62,16,59,16,59,18,57,17,59,22,57,0,0]"
CSI_DATA,201,2a:00:00:00:00:00,-42,11,1,0,1,1,1,0,0,0,1,-96,0,11,2,2945075,0,44,0,384,0,"[0,0,0,0,0,0,0,0,0,0,0,0,-5,-9,-5,-9,-6,-8,-6,-9,-6,-8,-6,-8,-6,-8,-6,-7,-6,-7,-7,-7,-7,-7,-7,-7,-7,-7,-7,-7,-7,-7,-7,-6,-7,-6,-7,-6,-7,-6,-7,-6,-7,-6,-7,-6,-7,-6,-7,-6,-7,-6,-7,-6,0,0,-6,-6,-6,-6,-6,-6,-6,-6,-5,-6,-5,-6,-5,-6,-4,-6,-4,-6,-3,-6,-3,-6,-3,-6,-3,-6,-2,-6,-2,-5,-2,-5,-2,-5,-1,-5,-1,-5,-1,-4,-1,-4,-1,-4,0,-4,0,-4,0,-3,0,-3,0,0,0,0,0,0,0,0,0,0,0,0,0,0,-12,-57,-12,-54,-15,-52,-18,-49,-21,-50,-20,-47,-22,-47,-23,-46,-26,-45,-27,-45,-29,-46,-26,-45,-29,-43,-28,-41,-28,-39,-31,-40,-32,-40,-34,-40,-34,-38,-32,-35,-33,-35,-32,-33,-35,-33,-31,-35,-33,-33,-35,-36,-35,-33,-33,-33,-34,-33,-30,-33,-33,-33,-31,-34,-30,-35,-27,-34,-30,-34,-25,-34,-24,-36,-22,-38,-22,-34,-17,-33,-18,-34,-13,-35,-12,-32,-12,-29,-9,-32,-12,-29,-4,-28,-6,-25,-5,-24,-2,-24,1,-24,1,-21,0,-24,3,-19,0,-21,4,-16,5,-17,0,0,0,0,0,0,0,0,0,0,0,0,0,0,0,0,0,0,0,0,0,0,38,19,37,25,39,25,37,27,38,27,41,30,39,32,37,30,40,34,41,33,41,36,44,34,45,35,46,37,45,37,45,37,47,39,46,37,45,37,45,42,48,40,48,39,44,35,49,39,47,38,49,37,46,37,50,35,51,31,53,29,51,26,54,29,57,28,54,25,57,25,56,22,56,19,60,17,58,17,64,13,61,13,64,12,62,8,66,7,64,8,67,6,65,7,63,3,65,3,65,0,64,0,64,-2,63,-2,63,-2,63,-7,60,-7,63,-9,0,0]"
CSI_DATA,202,2a:00:00:00:00:00,-42,11,1,0,1,1,1,0,0,0,1,-96,0,11,2,2955071,0,44,0,384,0,"[0,0,0,0,0,0,0,0,0,0,0,0,-7,-7,-7,-6,-8,-6,-7,-6,-8,-6,-7,-6,-8,-5,-8,-5,-8,-5,-8,-5,-8,-5,-8,-4,-8,-4,-8,-4,-8,-4,-9,-4,-8,-3,-8,-4,-8,-3,-8,-3,-8,-3,-8,-3,-8,-3,-8,-3,-8,-4,-8,-3,0,0,-8,-4,-8,-4,-8,-4,-7,-4,-7,-4,-7,-4,-7,-5,-6,-5,-6,-5,-5,-5,-5,-5,-5,-5,-4,-5,-4,-5,-4,-5,-3,-4,-3,-5,-3,-4,-2,-4,-2,-4,-2,-4,-2,-4,-2,-4,-1,-4,-1,-4,-1,-3,0,0,0,0,0,0,0,0,0,0,0,0,0,0,-47,-31,-44,-31,-47,-26,-49,-24,-46,-22,-49,-22,-49,-20,-50,-22,-44,-18,-49,-14,-50,-14,-48,-13,-53,-10,-48,-10,-48,-9,-47,-9,-50,-9,-47,-6,-51,-10,-48,-3,-51,-4,-47,-4,-49,-3,-48,0,-48,-3,-48,-2,-45,-2,-48,-4,-47,-3,-49,-4,-47,-6,-46,-4,-43,-5,-46,-3,-41,-4,-42,-10,-43,-8,-41,-12,-39,-16,-36,-11,-34,-13,-31,-15,-33,-17,-33,-17,-31,-16,-25,-14,-25,-16,-24,-19,-21,-14,-18,-16,-17,-17,-15,-17,-14,-17,-13,-18,-13,-16,-11,-18,-8,-16,0,0,0,0,0,0,0,0,0,0,0,0,0,0,0,0,0,0,0,0,0,0,42,-9,44,-9,45,-8,50,-5,48,-6,50,-5,49,-4,49,-3,54,-3,52,0,56,0,56,-1,56,0,60,1,60,-2,58,2,64,-1,58,-2,63,0,60,-4,60,-3,62,0,60,-2,62,-2,61,-2,62,-6,60,-5,60,-8,58,-8,58,-11,55,-10,59,-15,56,-17,56,-17,58,-20,54,-20,53,-25,53,-27,53,-27,55,-32,56,-33,52,-32,52,-37,51,-35,53,-34,48,-42,47,-41,50,-40,49,-45,51,-42,48,-44,45,-44,46,-44,42,-44,44,-43,41,-45,37,-48,0,0]"
CSI_DATA,203,2a:00:00:00:00:00,-42,11,1,0,1,1,1,0,0,0,1,-96,0,11,2,2966245,0,44,0,384,0,"[0,0,0,0,0,0,0,0,0,0,0,0,2,8,2,8,3,8,3,8,3,8,3,8,3,7,4,7,3,7,4,7,4,7,4,7,4,7,4,6,4,6,4,7,5,6,4,6,5,6,5,6,5,6,5,6,4,6,5,6,4,6,4,6,0,0,4,6,4,6,4,6,3,6,3,6,3,6,3,6,2,6,1,6,1,6,1,5,1,5,1,5,0,5,0,5,0,4,0,4,-1,4,-1,4,-1,3,-1,3,-1,3,-1,3,-2,3,-2,2,-2,2,0,0,0,0,0,0,0,0,0,0,0,0,0,0,9,57,11,52,15,53,13,50,15,48,16,44,20,47,22,47,21,42,24,42,25,42,26,40,27,41,27,41,28,39,30,37,30,39,30,35,31,36,32,34,33,37,28,37,35,36,33,36,30,35,31,33,29,35,32,35,33,36,31,34,29,30,30,34,27,36,28,36,25,36,23,35,24,38,23,34,19,35,14,33,14,32,11,34,11,35,7,31,9,31,4,30,2,26,1,30,0,24,-2,23,-2,22,-3,20,-5,20,-4,22,-5,20,-7,16,-7,17,0,0,0,0,0,0,0,0,0,0,0,0,0,0,0,0,0,0,0,0,0,0,-42,-18,-41,-22,-43,-20,-42,-24,-45,-25,-40,-26,-43,-28,-46,-29,-45,-30,-47,-31,-45,-34,-50,-34,-50,-35,-48,-34,-47,-36,-49,-37,-52,-39,-49,-39,-48,-37,-49,-37,-48,-37,-51,-37,-50,-39,-54,-37,-51,-35,-55,-33,-51,-35,-52,-34,-56,-31,-53,-30,-52,-28,-56,-28,-54,-25,-58,-22,-59,-22,-55,-20,-59,-17,-64,-15,-61,-12,-61,-14,-61,-14,-65,-10,-65,-10,-64,-8,-64,-5,-63,-5,-63,-6,-66,0,-63,-3,-65,2,-63,1,-63,2,-63,1,-60,2,-60,4,-62,6,-64,5,0,0]"
CSI_DATA,204,2a:00:00:00:00:00,-42,11,1,0,1,1,1,0,0,0,1,-96,0,11,2,2975414,0,44,0,384,0,"[0,0,0,0,0,0,0,0,0,0,0,0,3,-9,3,-9,2,-9,2,-9,2,-9,2,-9,1,-9,1,-9,1,-9,1,-9,1,-9,0,-9,0,-9,0,-9,0,-9,0,-9,-1,-9,0,-9,-1,-9,-1,-9,0,-9,0,-9,0,-9,-1,-9,-1,-9,0,-8,0,0,0,-8,0,-8,0,-8,1,-8,1,-7,1,-8,1,-7,1,-7,2,-7,2,-7,2,-6,2,-6,2,-5,2,-5,2,-5,2,-5,2,-4,2,-4,2,-4,2,-3,3,-3,2,-3,2,-3,2,-2,2,-2,2,-2,0,0,0,0,0,0,0,0,0,0,0,0,0,0,26,-49,24,-48,20,-49,20,-48,20,-50,18,-51,13,-45,14,-51,10,-47,10,-50,9,-48,4,-48,11,-49,3,-47,6,-48,4,-49,1,-49,-1,-48,0,-49,4,-48,-1,-50,-2,-48,-4,-50,-3,-48,-5,-43,-2,-49,0,-46,-4,-49,-1,-46,-2,-50,0,-47,-1,-45,2,-43,2,-46,2,-42,7,-44,7,-45,7,-39,9,-37,12,-37,15,-35,14,-32,12,-33,14,-30,12,-31,15,-26,16,-25,12,-23,16,-21,17,-16,14,-15,16,-13,15,-14,13,-12,15,-12,17,-12,15,-10,0,0,0,0,0,0,0,0,0,0,0,0,0,0,0,0,0,0,0,0,0,0,20,40,19,43,18,40,15,45,17,45,16,48,15,49,15,50,14,52,15,49,16,53,14,53,18,55,15,57,16,61,11,55,12,64,10,56,18,62,12,61,15,56,14,62,12,58,15,59,16,59,15,61,17,58,20,58,18,55,21,56,23,53,26,58,28,55,29,53,30,54,31,53,33,48,36,50,35,49,38,49,41,49,39,46,43,50,42,47,44,49,46,42,45,44,48,43,49,41,49,41,50,40,47,40,53,40,46,35,49,37,51,35,49,33,0,0]"
CSI_DATA,205,2a:00:00:00:00:00,-41,11,1,0,1,1,1,0,0,0,1,-96,0,11,2,2985003,0,44,0,384,0,"[0,0,0,0,0,0,0,0,0,0,0,0,-9,-5,-9,-5,-10,-5,-9,-5,-9,-4,-9,-4,-9,-3,-9,-3,-9,-3,-9,-3,-9,-3,-9,-2,-9,-3,-9,-2,-9,-2,-10,-2,-9,-2,-10,-2,-9,-2,-9,-2,-9,-2,-9,-2,-9,-2,-9,-2,-9,-2,-9,-2,0,0,-9,-2,-9,-2,-8,-2,-8,-2,-8,-3,-8,-3,-8,-3,-7,-3,-7,-3,-7,-4,-6,-4,-6,-4,-5,-4,-5,-4,-5,-4,-4,-4,-4,-4,-4,-4,-4,-4,-3,-4,-3,-4,-3,-4,-2,-4,-2,-4,-2,-3,-2,-3,0,0,0,0,0,0,0,0,0,0,0,0,0,0,17,51,16,54,21,50,21,47,22,49,18,44,27,44,26,41,25,42,27,37,24,38,28,39,27,32,27,41,31,31,27,30,34,32,34,37,33,34,29,31,33,35,26,35,34,28,36,37,33,31,34,32,34,29,33,33,34,27,33,32,32,29,30,27,30,30,31,27,23,33,27,31,29,32,26,34,20,31,18,30,14,30,16,28,14,33,13,26,12,29,10,24,7,23,10,27,4,23,2,28,-1,24,6,20,4,20,1,21,-6,17,-5,19,-5,16,0,0,0,0,0,0,0,0,0,0,0,0,0,0,0,0,0,0,0,0,0,0,-41,-16,-41,-19,-42,-20,-42,-19,-47,-25,-45,-28,-42,-23,-48,-29,-47,-29,-45,-30,-48,-31,-46,-33,-44,-33,-50,-32,-50,-30,-50,-37,-52,-35,-52,-38,-53,-35,-54,-32,-56,-32,-48,-37,-51,-32,-53,-35,-49,-32,-52,-32,-51,-29,-53,-32,-55,-27,-57,-23,-56,-20,-53,-21,-59,-20,-56,-17,-56,-14,-59,-14,-59,-16,-60,-14,-60,-14,-66,-7,-62,-11,-63,-2,-63,-2,-65,1,-63,-2,-72,0,-64,1,-68,2,-60,-1,-69,1,-69,2,-64,4,-64,2,-60,0,-63,9,-68,7,-62,13,0,0]"
CSI_DATA,206,2a:00:00:00:00:00,-41,11,1,0,1,1,1,0,0,0,1,-96,0,11,2,2995042,0,44,0,384,0,"[0,0,0,0,0,0,0,0,0,0,0,0,-10,1,-10,2,-9,2,-9,2,-9,3,-9,3,-9,3,-9,3,-9,3,-8,3,-9,3,-8,4,-8,4,-8,4,-8,4,-8,4,-8,4,-8,4,-7,4,-7,4,-7,4,-7,4,-8,4,-7,4,-8,4,-8,4,0,0,-8,4,-8,3,-8,3,-8,3,-7,2,-8,2,-7,2,-7,1,-7,1,-7,1,-7,1,-7,0,-6,0,-6,0,-6,0,-6,-1,-6,-1,-5,-1,-5,-1,-5,-1,-5,-1,-4,-2,-4,-2,-4,-2,-4,-2,-3,-2,0,0,0,0,0,0,0,0,0,0,0,0,0,0,-59,0,-55,1,-54,4,-54,6,-55,7,-54,7,-49,11,-53,12,-45,12,-53,14,-53,13,-49,14,-51,17,-46,15,-47,19,-50,20,-44,22,-46,22,-45,22,-45,23,-42,24,-44,24,-41,23,-41,23,-42,19,-41,21,-44,23,-42,25,-42,24,-43,22,-41,20,-44,21,-42,20,-41,18,-44,19,-39,14,-41,13,-42,10,-40,7,-43,8,-42,5,-38,3,-35,4,-35,3,-31,-1,-35,1,-30,-4,-30,-3,-26,-2,-29,-4,-26,-6,-25,-10,-23,-8,-20,-10,-19,-8,-18,-10,-16,-12,0,0,0,0,0,0,0,0,0,0,0,0,0,0,0,0,0,0,0,0,0,0,22,-40,25,-38,28,-37,31,-37,29,-38,32,-36,33,-37,38,-36,36,-42,38,-40,40,-39,42,-40,43,-41,41,-42,41,-41,42,-41,43,-41,42,-42,44,-43,45,-40,45,-38,45,-41,45,-43,42,-43,44,-44,42,-45,41,-47,40,-46,38,-45,37,-47,38,-47,35,-48,32,-47,32,-52,30,-53,31,-55,27,-55,25,-57,26,-58,22,-59,24,-59,17,-62,22,-60,17,-65,18,-64,18,-59,17,-62,15,-64,15,-64,15,-63,9,-62,8,-66,9,-66,10,-62,7,-63,7,-64,5,-63,0,0]"
CSI_DATA,207,2a:00:00:00:00:00,-40,11,1,0,1,1,1,0,0,0,1,-96,0,11,2,3005079,0,44,0,384,0,"[0,0,0,0,0,0,0,0,0,0,0,0,-4,8,-4,9,-3,8,-3,9,-3,8,-3,8,-2,8,-2,8,-2,8,-1,8,-2,8,-1,9,-1,8,-1,8,-1,8,-1,8,-1,9,-1,8,0,8,0,8,0,8,-1,8,0,8,0,8,-1,8,-1,8,0,0,-1,8,-1,8,-1,8,-2,8,-2,7,-2,7,-2,7,-2,7,-3,7,-3,6,-3,6,-3,6,-3,5,-3,5,-4,4,-4,4,-4,4,-4,3,-4,3,-4,3,-4,3,-4,2,-4,2,-4,2,-4,1,-4,1,0,0,0,0,0,0,0,0,0,0,0,0,0,0,55,-4,58,3,57,-2,56,1,54,-9,51,-5,47,-3,49,-6,48,-13,53,-8,46,-11,46,-17,44,-16,41,-12,49,-15,48,-22,42,-21,41,-23,43,-22,47,-18,43,-23,44,-18,42,-21,38,-24,40,-24,43,-23,40,-26,39,-28,41,-21,41,-22,43,-22,45,-21,41,-16,42,-19,46,-20,40,-19,36,-11,41,-14,40,-14,41,-9,35,-8,44,-7,37,-3,30,-2,32,-1,30,-2,34,0,31,0,32,3,25,7,23,3,25,3,21,10,20,6,21,3,19,9,16,7,0,0,0,0,0,0,0,0,0,0,0,0,0,0,0,0,0,0,0,0,0,0,-33,34,-35,34,-35,31,-37,31,-37,30,-37,32,-38,35,-37,34,-40,31,-44,33,-45,28,-47,34,-51,31,-51,32,-47,34,-45,32,-47,40,-47,31,-45,34,-47,32,-47,29,-47,37,-47,37,-45,36,-45,37,-50,37,-45,40,-46,46,-42,41,-40,42,-41,46,-41,42,-39,46,-40,51,-32,52,-34,55,-32,54,-31,53,-30,51,-28,56,-25,55,-25,56,-18,60,-29,60,-23,58,-14,62,-20,61,-21,63,-16,60,-19,61,-14,59,-17,64,-16,64,-18,61,-16,60,-8,58,-9,57,0,0]"
CSI_DATA,208,2a:00:00:00:00:00,-41,11,1,0,1,1,1,0,0,0,1,-96,0,11,2,3016214,0,44,0,384,0,"[0,0,0,0,0,0,0,0,0,0,0,0,9,-1,9,-2,9,-2,9,-2,8,-2,8,-3,8,-3,8,-3,8,-3,8,-4,8,-4,8,-4,8,-4,7,-5,7,-4,7,-5,7,-5,7,-5,7,-5,7,-4,7,-4,7,-4,7,-5,7,-5,7,-5,7,-5,0,0,7,-5,7,-4,7,-4,7,-4,7,-3,7,-3,7,-3,7,-2,7,-2,7,-2,6,-2,6,-1,6,-1,5,-1,5,-1,5,0,5,0,4,0,4,0,4,1,4,1,3,1,3,1,3,1,3,1,2,1,0,0,0,0,0,0,0,0,0,0,0,0,0,0,51,5,55,10,53,8,53,0,55,2,50,-1,47,-3,48,-1,51,-6,48,-7,49,-11,47,-9,48,-12,46,-15,49,-11,45,-17,47,-14,46,-15,43,-17,45,-20,45,-20,46,-19,42,-21,42,-20,44,-17,42,-21,42,-20,43,-18,43,-16,46,-19,42,-17,42,-18,43,-17,42,-14,44,-18,39,-13,42,-14,40,-11,39,-11,42,-9,41,-5,36,-2,37,-2,34,0,34,1,33,0,31,1,30,4,26,4,29,5,26,8,25,6,21,7,21,10,19,8,18,12,15,11,0,0,0,0,0,0,0,0,0,0,0,0,0,0,0,0,0,0,0,0,0,0,-35,25,-37,25,-39,25,-39,27,-41,22,-42,23,-43,23,-45,22,-47,25,-48,25,-50,25,-48,21,-51,25,-52,22,-51,26,-54,28,-55,25,-54,24,-51,25,-51,28,-50,26,-53,27,-52,29,-55,28,-54,29,-50,30,-53,33,-49,32,-47,34,-47,33,-43,40,-46,37,-46,41,-43,37,-42,43,-40,43,-40,45,-38,48,-38,48,-33,47,-35,50,-31,54,-32,54,-33,56,-29,54,-28,57,-28,54,-26,58,-24,56,-28,59,-23,54,-23,59,-21,57,-21,61,-23,60,-19,57,-18,58,0,0]"
CSI_DATA,209,2a:00:00:00:00:00,-42,11,1,0,1,1,1,0,0,0,1,-96,0,11,2,3025049,0,44,0,384,0,"[0,0,0,0,0,0,0,0,0,0,0,0,-1,9,0,9,1,9,1,9,1,9,1,9,1,8,2,8,2,8,2,8,2,8,2,8,2,8,3,8,3,8,3,8,3,8,3,7,4,7,3,8,3,8,3,7,3,7,3,7,3,8,3,7,0,0,2,8,3,8,2,7,2,7,2,7,2,7,1,7,1,7,0,7,0,7,-1,6,0,6,-1,6,-1,6,-1,5,-1,5,-1,5,-2,4,-2,4,-2,4,-2,3,-2,4,-2,3,-2,3,-3,3,-3,2,0,0,0,0,0,0,0,0,0,0,0,0,0,0,-15,54,-12,55,-10,58,-14,51,-9,49,-8,51,-4,51,-2,52,0,50,0,48,2,50,3,48,5,49,6,49,10,47,9,46,10,48,12,46,13,43,10,47,11,49,11,45,11,47,13,45,13,46,12,46,12,45,14,45,15,43,13,46,12,46,9,44,10,49,10,46,9,48,4,45,4,44,4,45,0,42,-4,39,-2,41,-4,36,-3,37,-5,36,-7,32,-10,31,-12,30,-15,31,-13,26,-13,23,-12,19,-14,21,-12,22,-16,18,-17,15,-12,14,-17,14,0,0,0,0,0,0,0,0,0,0,0,0,0,0,0,0,0,0,0,0,0,0,-29,-31,-28,-35,-27,-36,-31,-40,-27,-37,-28,-42,-27,-44,-27,-46,-27,-45,-29,-46,-34,-48,-30,-49,-31,-50,-34,-53,-31,-49,-29,-52,-31,-53,-30,-53,-32,-52,-30,-55,-30,-52,-27,-54,-30,-52,-34,-51,-32,-50,-34,-51,-34,-49,-36,-50,-34,-48,-38,-49,-38,-46,-39,-47,-38,-45,-43,-45,-42,-44,-42,-42,-45,-40,-47,-38,-50,-37,-53,-36,-55,-36,-52,-35,-53,-36,-60,-35,-56,-33,-55,-35,-54,-32,-55,-31,-59,-32,-59,-30,-60,-27,-60,-24,-57,-25,-59,-24,-60,-25,-59,-23,-60,-23,0,0]"
CSI_DATA,210,2a:00:00:00:00:00,-42,11,1,0,1,1,1,0,0,0,1,-96,0,11,2,3035077,0,44,0,384,0,"[0,0,0,0,0,0,0,0,0,0,0,0,6,7,6,7,7,6,7,6,7,6,6,5,7,5,7,4,7,4,7,5,7,4,7,4,8,4,8,4,7,4,8,3,8,3,8,3,8,3,8,3,8,3,8,3,8,3,8,3,8,3,7,3,0,0,7,3,7,4,7,4,7,4,6,4,6,4,6,4,6,4,5,4,5,4,4,5,4,5,4,5,4,4,3,4,3,4,3,4,2,4,2,4,2,4,1,4,1,4,1,4,0,4,0,3,0,3,0,0,0,0,0,0,0,0,0,0,0,0,0,0,25,49,28,47,30,46,26,45,29,39,32,38,33,38,33,39,35,35,39,36,37,32,38,30,40,28,38,28,37,28,39,26,37,29,40,25,41,27,41,24,43,24,38,23,44,24,40,24,38,24,40,23,41,21,44,21,42,25,41,22,40,22,39,23,38,26,38,27,35,26,33,31,34,31,32,27,31,28,27,27,27,26,23,30,19,30,20,28,21,30,16,24,13,25,16,26,10,25,10,27,8,22,5,22,5,23,3,23,3,24,1,19,-2,16,0,0,0,0,0,0,0,0,0,0,0,0,0,0,0,0,0,0,0,0,0,0,-41,-5,-45,-7,-45,-10,-49,-10,-44,-11,-50,-12,-47,-13,-54,-15,-52,-14,-51,-16,-54,-16,-54,-17,-56,-15,-55,-18,-54,-21,-57,-19,-59,-22,-54,-19,-61,-18,-57,-18,-59,-18,-60,-18,-58,-16,-60,-16,-63,-18,-58,-13,-55,-14,-61,-13,-58,-11,-65,-12,-56,-6,-62,-9,-62,-7,-61,-6,-62,-3,-58,-1,-58,2,-63,7,-63,4,-63,6,-65,8,-62,11,-66,11,-61,11,-66,16,-67,17,-61,14,-62,18,-61,18,-63,19,-59,22,-60,23,-61,22,-60,21,-60,22,-61,27,-55,24,0,0]"
CSI_DATA,211,2a:00:00:00:00:00,-42,11,1,0,1,1,1,0,0,0,1,-96,0,11,2,3065035,0,44,0,384,0,"[0,0,0,0,0,0,0,0,0,0,0,0,8,2,8,2,8,2,9,2,8,1,8,1,8,0,8,0,8,0,8,0,8,-1,8,-1,8,-1,8,-1,8,-1,8,-1,8,-2,8,-2,8,-1,7,-2,8,-1,8,-1,8,-1,8,-1,8,-1,8,-2,0,0,8,-1,8,-1,8,-1,7,-1,7,0,7,0,7,0,7,1,6,1,6,1,6,1,6,1,5,1,5,2,4,2,4,2,4,2,4,2,3,2,3,2,3,2,2,2,2,2,2,2,2,2,1,2,0,0,0,0,0,0,0,0,0,0,0,0,0,0,50,21,49,16,50,11,49,14,50,8,49,6,49,7,47,5,50,4,48,3,46,-1,46,-1,45,-2,46,-2,46,-8,46,-10,45,-6,47,-9,46,-10,47,-10,45,-11,43,-11,45,-11,44,-11,45,-10,43,-7,43,-13,45,-13,42,-14,45,-14,42,-11,43,-11,43,-6,44,-7,44,-5,45,-3,42,-2,39,-2,38,1,37,2,37,0,38,2,35,6,35,6,29,8,30,7,28,9,28,12,26,7,26,11,22,10,19,9,17,14,18,10,15,13,15,13,13,12,0,0,0,0,0,0,0,0,0,0,0,0,0,0,0,0,0,0,0,0,0,0,-35,24,-39,21,-39,23,-44,23,-43,20,-46,21,-45,19,-47,17,-49,20,-48,19,-49,23,-51,23,-53,25,-52,23,-57,20,-54,24,-57,24,-53,22,-56,23,-56,22,-57,20,-59,23,-59,23,-57,26,-57,24,-54,24,-55,24,-54,25,-53,27,-53,30,-50,29,-51,34,-55,33,-53,32,-49,37,-47,37,-44,39,-41,44,-44,45,-43,48,-45,43,-40,46,-41,49,-39,51,-37,52,-40,53,-37,53,-37,50,-37,49,-35,50,-33,54,-29,56,-32,55,-29,52,-26,52,-29,55,-26,55,0,0]"
CSI_DATA,212,2a:00:00:00:00:00,-42,11,1,0,1,1,1,0,0,0,1,-96,0,11,2,3075091,0,44,0,384,0,"[0,0,0,0,0,0,0,0,0,0,0,0,7,-6,6,-6,6,-6,6,-6,6,-7,6,-6,5,-7,5,-7,5,-7,5,-7,5,-7,4,-7,4,-7,4,-7,4,-7,4,-8,4,-8,4,-8,3,-7,3,-8,3,-7,3,-8,4,-7,4,-7,4,-7,4,-7,0,0,4,-7,4,-7,4,-6,4,-7,4,-6,4,-6,4,-6,4,-5,5,-5,5,-5,5,-4,4,-3,5,-3,4,-3,5,-3,4,-2,4,-2,4,-2,4,-2,4,-2,4,-1,3,-1,3,-1,3,-1,3,0,3,0,0,0,0,0,0,0,0,0,0,0,0,0,0,0,45,-31,44,-26,42,-33,43,-32,40,-34,38,-33,34,-35,34,-35,32,-36,34,-36,31,-36,30,-38,27,-38,28,-37,24,-38,25,-41,24,-40,24,-42,24,-40,23,-42,20,-42,21,-43,18,-40,21,-40,24,-41,23,-40,20,-41,19,-42,23,-40,23,-39,25,-42,25,-39,22,-40,19,-39,24,-37,22,-34,24,-33,28,-32,27,-29,30,-28,30,-25,28,-23,29,-18,27,-21,26,-17,27,-16,28,-15,24,-15,25,-10,26,-9,24,-9,25,-5,21,-6,24,-3,20,-4,21,-2,18,-1,0,0,0,0,0,0,0,0,0,0,0,0,0,0,0,0,0,0,0,0,0,0,4,43,0,43,1,44,-1,45,-3,49,-4,48,-7,49,-9,50,-7,51,-7,52,-10,52,-11,56,-11,56,-10,57,-10,56,-13,58,-10,58,-10,59,-10,58,-11,59,-15,59,-14,59,-12,58,-13,57,-12,57,-13,60,-10,59,-9,60,-5,59,-5,59,-2,57,-2,60,-2,62,0,57,0,61,5,61,6,59,9,60,10,61,13,61,12,61,20,59,18,63,19,63,16,58,20,60,17,62,22,61,22,56,21,58,21,59,25,60,23,58,23,54,25,55,24,56,27,49,0,0]"
CSI_DATA,213,2a:00:00:00:00:00,-42,11,1,0,1,1,1,0,0,0,1,-96,0,11,2,3115028,0,44,0,384,0,"[0,0,0,0,0,0,0,0,0,0,0,0,2,-10,1,-10,1,-10,1,-9,0,-9,0,-9,0,-9,0,-9,0,-9,-1,-9,0,-9,-1,-9,-1,-9,-1,-9,-2,-9,-1,-9,-2,-9,-2,-9,-2,-9,-2,-9,-2,-9,-2,-9,-2,-9,-2,-9,-2,-9,-1,-9,0,0,-1,-9,-1,-9,-1,-9,0,-9,0,-8,0,-8,0,-8,1,-8,1,-8,1,-7,2,-7,1,-7,2,-6,2,-6,2,-6,2,-6,2,-5,2,-5,2,-5,2,-4,2,-4,2,-4,2,-3,2,-3,2,-3,3,-2,0,0,0,0,0,0,0,0,0,0,0,0,0,0,24,-54,23,-52,15,-52,15,-48,17,-46,12,-48,12,-50,10,-53,4,-45,7,-48,6,-46,1,-47,4,-48,2,-46,0,-46,-1,-46,-1,-49,-4,-48,-5,-48,-3,-47,-6,-51,-3,-45,-7,-47,-5,-44,-6,-44,-4,-45,-3,-43,-6,-44,-9,-46,-5,-48,-3,-41,-5,-48,-3,-43,0,-47,-1,-44,-1,-46,2,-43,3,-40,5,-42,6,-39,7,-38,12,-37,11,-37,11,-33,12,-33,12,-27,14,-28,11,-26,16,-23,14,-23,15,-20,15,-17,13,-17,16,-13,15,-14,14,-14,17,-13,0,0,0,0,0,0,0,0,0,0,0,0,0,0,0,0,0,0,0,0,0,0,29,30,28,34,26,33,27,41,25,37,27,40,22,39,26,44,25,42,26,42,25,44,23,50,26,50,27,49,27,52,24,51,29,56,24,52,28,54,25,53,23,53,26,54,25,55,26,54,24,56,28,54,28,53,30,51,30,50,34,52,30,48,35,49,36,48,34,44,37,47,37,43,41,45,42,45,41,46,46,43,46,44,45,39,50,42,49,37,49,39,49,40,51,38,53,37,52,35,51,36,54,34,56,34,55,38,48,35,52,32,55,33,53,29,0,0]"
CSI_DATA,214,2a:00:00:00:00:00,-42,11,1,0,1,1,1,0,0,0,1,-96,0,11,2,3125594,0,44,0,384,0,"[0,0,0,0,0,0,0,0,0,0,0,0,-7,-7,-7,-7,-7,-7,-7,-7,-7,-7,-7,-6,-7,-6,-7,-6,-7,-6,-8,-5,-8,-5,-8,-5,-8,-5,-8,-5,-8,-5,-8,-5,-8,-4,-8,-4,-8,-4,-8,-4,-8,-4,-8,-4,-8,-4,-8,-4,-8,-4,-8,-4,0,0,-8,-4,-8,-5,-8,-5,-7,-5,-7,-5,-7,-5,-7,-6,-6,-6,-6,-5,-6,-6,-5,-5,-5,-5,-5,-5,-4,-5,-4,-5,-3,-5,-3,-5,-3,-5,-2,-5,-2,-5,-2,-5,-2,-5,-1,-5,-1,-4,-1,-4,-1,-4,0,0,0,0,0,0,0,0,0,0,0,0,0,0,-27,-46,-34,-47,-31,-41,-32,-40,-36,-42,-30,-33,-37,-36,-36,-36,-36,-31,-34,-29,-41,-29,-38,-28,-39,-27,-38,-26,-38,-26,-40,-25,-40,-25,-41,-23,-38,-20,-45,-18,-42,-19,-43,-21,-42,-19,-43,-20,-40,-19,-41,-18,-49,-23,-42,-19,-41,-20,-44,-20,-42,-20,-43,-19,-40,-20,-40,-17,-36,-23,-38,-20,-33,-21,-36,-25,-36,-23,-32,-25,-33,-26,-27,-27,-24,-29,-24,-24,-19,-25,-21,-23,-16,-24,-15,-27,-15,-22,-15,-24,-13,-23,-10,-22,-11,-24,-9,-22,-7,-22,-3,-21,-4,-19,0,0,0,0,0,0,0,0,0,0,0,0,0,0,0,0,0,0,0,0,0,0,41,-3,41,-1,46,-2,46,-2,47,2,47,3,50,1,50,3,50,5,51,5,53,6,53,5,58,7,58,9,56,5,60,10,58,9,61,8,58,9,60,6,62,7,61,8,62,10,61,11,57,11,60,9,60,7,59,6,61,2,61,3,60,-1,57,0,58,-3,63,-5,61,-6,60,-9,61,-9,59,-10,61,-12,61,-13,59,-15,63,-19,58,-19,62,-17,59,-22,64,-24,60,-22,59,-27,57,-25,61,-27,59,-27,59,-26,55,-23,58,-28,57,-28,55,-27,55,-29,0,0]"
CSI_DATA,215,2a:00:00:00:00:00,-42,11,1,0,1,1,1,0,0,0,1,-96,0,11,2,3136131,0,44,0,384,0,"[0,0,0,0,0,0,0,0,0,0,0,0,-10,1,-10,1,-9,1,-9,2,-9,2,-9,2,-9,2,-9,3,-9,3,-8,3,-8,4,-8,4,-8,4,-8,4,-8,4,-8,4,-8,5,-8,4,-7,4,-7,4,-7,4,-7,4,-7,4,-7,5,-7,5,-7,5,0,0,-8,4,-8,3,-8,4,-8,4,-8,3,-8,3,-7,2,-7,2,-7,2,-7,2,-7,1,-7,1,-6,1,-6,0,-6,0,-6,0,-6,0,-6,0,-5,-1,-5,-1,-5,-1,-5,-1,-4,-1,-4,-2,-4,-2,-4,-2,0,0,0,0,0,0,0,0,0,0,0,0,0,0,-54,-7,-50,-10,-54,-4,-53,-4,-52,-5,-50,0,-48,1,-49,2,-47,5,-48,4,-46,6,-45,13,-47,8,-43,13,-45,9,-46,13,-43,12,-40,16,-41,16,-44,16,-47,18,-43,14,-41,18,-42,18,-39,17,-43,15,-41,18,-43,19,-41,16,-44,20,-46,15,-43,17,-42,13,-42,12,-42,14,-43,9,-40,10,-40,7,-41,6,-40,6,-40,2,-39,2,-37,2,-36,-1,-33,-2,-33,-2,-32,-5,-29,-5,-29,-7,-30,-8,-27,-9,-25,-10,-21,-9,-20,-9,-18,-10,-14,-11,-16,-12,0,0,0,0,0,0,0,0,0,0,0,0,0,0,0,0,0,0,0,0,0,0,24,-33,25,-34,30,-32,32,-37,30,-33,35,-35,32,-35,33,-39,38,-35,40,-37,41,-36,42,-36,44,-38,41,-37,44,-41,45,-35,47,-40,48,-40,48,-41,50,-41,47,-41,47,-39,49,-40,48,-39,49,-41,45,-41,46,-39,45,-45,44,-43,43,-46,40,-43,41,-45,40,-45,36,-49,37,-49,37,-54,33,-52,37,-53,33,-53,33,-55,31,-55,30,-59,31,-60,26,-58,25,-62,21,-60,22,-59,20,-59,23,-59,21,-61,21,-59,20,-58,16,-60,17,-60,18,-60,15,-61,17,-57,0,0]"
CSI_DATA,216,2a:00:00:00:00:00,-42,11,1,0,1,1,1,0,0,0,1,-96,0,11,2,3147419,0,44,0,384,0,"[0,0,0,0,0,0,0,0,0,0,0,0,2,-10,1,-10,1,-9,0,-10,0,-9,0,-9,0,-9,-1,-9,-1,-9,-1,-9,-1,-9,-1,-9,-2,-9,-2,-9,-2,-9,-2,-9,-2,-9,-2,-9,-3,-9,-2,-9,-2,-9,-3,-9,-2,-9,-3,-9,-3,-9,-2,-9,0,0,-2,-9,-2,-9,-2,-8,-1,-8,-1,-8,-1,-8,-1,-8,-1,-8,0,-8,0,-8,0,-7,1,-7,1,-7,1,-7,1,-6,1,-6,1,-6,1,-5,1,-5,2,-4,2,-4,2,-4,2,-4,2,-3,2,-3,2,-3,0,0,0,0,0,0,0,0,0,0,0,0,0,0,25,-48,24,-50,20,-47,17,-49,15,-50,15,-47,12,-49,9,-46,9,-48,7,-47,5,-45,4,-47,3,-47,1,-48,2,-44,-1,-46,-2,-49,-5,-45,-7,-46,-5,-45,-4,-45,-5,-48,-7,-45,-7,-46,-8,-45,-6,-43,-7,-44,-6,-45,-7,-44,-6,-46,-5,-45,-4,-44,-7,-47,-3,-43,-2,-44,-2,-42,0,-45,1,-44,0,-44,5,-38,3,-39,9,-36,6,-36,8,-32,9,-32,13,-33,10,-32,8,-31,10,-25,12,-23,10,-24,13,-23,12,-20,13,-20,15,-19,17,-15,15,-11,0,0,0,0,0,0,0,0,0,0,0,0,0,0,0,0,0,0,0,0,0,0,24,38,23,35,21,38,19,39,20,42,19,43,18,42,20,43,20,47,20,47,19,50,17,50,22,53,23,53,20,50,20,57,20,55,22,57,22,58,20,57,23,59,21,59,22,60,21,59,21,58,22,58,21,56,24,55,25,57,25,55,27,52,28,55,31,54,36,49,37,51,35,51,38,48,39,48,41,45,43,47,44,45,45,46,45,45,49,44,49,43,49,44,51,38,50,42,52,39,52,38,52,42,50,35,50,38,48,36,51,36,51,33,53,32,0,0]"
CSI_DATA,217,2a:00:00:00:00:00,-42,11,1,0,1,1,1,0,0,0,1,-96,0,11,2,3156260,0,44,0,384,0,"[0,0,0,0,0,0,0,0,0,0,0,0,8,3,8,3,8,3,8,3,8,2,8,2,8,1,8,1,8,1,8,1,8,1,8,0,8,0,8,0,8,0,8,0,8,-1,8,0,8,-1,8,-1,8,-1,8,-1,8,-1,8,-1,8,0,8,-1,0,0,8,0,8,0,8,0,8,0,7,1,7,1,7,1,7,1,6,1,6,1,6,2,6,2,5,2,5,2,4,2,4,2,4,3,4,2,3,2,3,2,3,2,2,2,2,3,2,3,1,3,1,2,0,0,0,0,0,0,0,0,0,0,0,0,0,0,52,27,44,23,46,23,46,19,47,18,46,17,46,15,43,14,43,10,45,8,45,7,45,2,44,2,43,2,43,4,47,1,47,1,46,2,44,0,47,-4,46,-5,45,-4,41,-5,43,-4,43,-4,42,-6,46,-5,47,-3,43,-1,45,-4,45,0,45,-4,44,-1,43,-1,39,1,42,4,42,1,42,4,38,4,35,5,33,6,34,6,33,12,30,12,30,14,30,10,27,14,25,14,24,16,20,14,22,14,19,13,17,13,15,15,15,16,12,11,12,14,0,0,0,0,0,0,0,0,0,0,0,0,0,0,0,0,0,0,0,0,0,0,-35,22,-38,23,-38,23,-42,23,-40,22,-42,19,-41,21,-43,22,-46,24,-48,22,-51,19,-50,20,-55,23,-53,22,-53,23,-55,21,-58,22,-54,21,-56,22,-59,26,-57,26,-56,23,-59,23,-60,21,-60,19,-58,26,-59,22,-56,27,-56,26,-56,30,-52,30,-55,30,-53,33,-53,32,-53,35,-53,36,-47,38,-52,36,-46,37,-47,41,-45,43,-48,47,-46,47,-44,47,-44,49,-43,49,-44,49,-41,51,-41,51,-41,47,-42,48,-41,51,-37,50,-37,47,-38,50,-36,50,-29,50,0,0]"
CSI_DATA,218,2a:00:00:00:00:00,-42,11,1,0,1,1,1,0,0,0,1,-96,0,11,2,3165031,0,44,0,384,0,"[0,0,0,0,0,0,0,0,0,0,0,0,-10,0,-10,0,-9,1,-9,0,-9,1,-9,1,-9,1,-9,2,-9,2,-8,2,-8,2,-8,3,-8,3,-8,2,-8,3,-8,3,-8,3,-8,3,-8,3,-8,3,-8,3,-8,3,-8,3,-8,3,-8,3,-8,3,0,0,-8,3,-8,2,-8,2,-8,2,-8,1,-8,1,-8,1,-8,1,-8,0,-7,0,-7,0,-7,0,-6,-1,-6,-1,-6,-1,-6,-1,-5,-2,-5,-2,-5,-2,-5,-2,-5,-2,-4,-2,-4,-2,-4,-2,-4,-2,-3,-2,0,0,0,0,0,0,0,0,0,0,0,0,0,0,-54,-21,-54,-16,-51,-8,-50,-16,-51,-12,-50,-9,-47,-6,-50,-8,-47,-1,-47,-4,-49,-4,-48,1,-52,-2,-46,3,-46,5,-44,9,-46,8,-46,11,-47,8,-44,8,-47,8,-45,10,-44,11,-44,8,-42,8,-46,6,-43,10,-43,9,-43,7,-45,11,-44,8,-48,7,-42,3,-43,3,-42,4,-41,1,-42,-2,-41,-3,-36,-3,-41,-8,-37,-7,-36,-6,-36,-9,-33,-7,-32,-11,-29,-11,-28,-12,-26,-13,-24,-15,-24,-15,-22,-13,-21,-14,-17,-13,-16,-15,-18,-14,-16,-15,-12,-18,0,0,0,0,0,0,0,0,0,0,0,0,0,0,0,0,0,0,0,0,0,0,25,-36,24,-34,26,-36,32,-37,31,-35,30,-34,34,-35,34,-37,38,-36,36,-34,37,-38,39,-39,42,-39,44,-42,45,-41,44,-37,49,-40,45,-40,45,-40,49,-34,48,-39,52,-42,49,-39,46,-41,46,-41,47,-42,47,-44,48,-44,46,-40,44,-42,42,-43,45,-46,44,-44,44,-45,42,-47,41,-47,38,-51,36,-50,35,-53,34,-53,36,-56,33,-55,34,-52,34,-58,33,-57,30,-61,33,-61,32,-55,31,-58,30,-59,26,-59,29,-59,26,-62,24,-53,25,-60,23,-61,24,-60,0,0]"
CSI_DATA,219,2a:00:00:00:00:00,-42,11,1,0,1,1,1,0,0,0,1,-96,0,11,2,3175024,0,44,0,384,0,"[0,0,0,0,0,0,0,0,0,0,0,0,-8,5,-8,5,-7,5,-7,5,-7,5,-7,5,-7,6,-6,6,-6,6,-6,6,-6,6,-6,6,-5,6,-5,6,-5,6,-5,7,-5,7,-5,7,-4,7,-4,7,-4,6,-4,6,-5,6,-4,7,-5,6,-5,7,0,0,-5,6,-5,6,-5,6,-5,6,-5,5,-5,5,-5,5,-5,5,-6,4,-6,4,-6,4,-5,3,-5,3,-5,3,-5,2,-5,2,-5,2,-5,1,-5,1,-5,1,-5,1,-4,1,-4,0,-4,0,-4,0,-4,0,0,0,0,0,0,0,0,0,0,0,0,0,0,0,-53,21,-48,19,-48,19,-47,21,-47,28,-47,26,-39,25,-40,25,-37,26,-38,28,-34,29,-37,31,-37,31,-33,29,-31,29,-31,29,-30,33,-31,34,-29,36,-27,33,-29,36,-29,34,-23,37,-25,35,-25,36,-26,37,-23,37,-24,36,-26,36,-27,39,-28,34,-32,38,-27,33,-26,33,-27,31,-30,30,-27,27,-29,29,-29,25,-32,23,-32,24,-33,21,-29,20,-28,19,-30,14,-28,14,-29,13,-26,10,-25,8,-23,9,-27,4,-23,4,-24,4,-20,2,-22,2,-20,-2,-20,0,0,0,0,0,0,0,0,0,0,0,0,0,0,0,0,0,0,0,0,0,0,0,4,-43,9,-44,8,-43,9,-46,12,-44,10,-46,13,-47,14,-49,18,-52,16,-48,15,-51,17,-53,19,-54,21,-55,19,-58,19,-56,22,-59,20,-55,20,-60,22,-56,22,-57,21,-64,21,-58,23,-60,22,-62,21,-62,19,-63,17,-61,19,-61,16,-64,15,-61,10,-60,11,-62,9,-60,7,-63,7,-66,3,-63,2,-62,2,-64,0,-66,0,-66,-3,-67,-3,-64,-7,-66,-7,-65,-10,-64,-8,-65,-12,-63,-12,-67,-12,-65,-12,-65,-11,-65,-14,-63,-13,-61,-18,-64,-17,-63,-15,-60,0,0]"
CSI_DATA,220,2a:00:00:00:00:00,-42,11,1,0,1,1,1,0,0,0,1,-96,0,11,2,3187058,0,44,0,384,0,"[0,0,0,0,0,0,0,0,0,0,0,0,1,8,1,8,1,8,1,8,2,8,2,7,2,7,2,7,2,7,3,7,3,7,3,7,3,7,3,7,3,7,3,6,4,6,3,6,4,6,4,6,4,6,4,6,4,6,4,6,4,6,4,6,0,0,3,6,3,7,3,7,2,6,2,6,2,6,2,6,2,6,1,6,1,6,1,6,1,5,0,5,0,5,-1,5,-1,5,-1,4,-1,4,-1,4,-1,4,-1,3,-2,3,-2,3,-2,3,-2,2,-2,2,0,0,0,0,0,0,0,0,0,0,0,0,0,0,-3,54,-1,56,0,55,0,54,2,51,4,49,3,48,5,46,10,43,8,46,11,44,10,44,11,45,15,40,17,42,17,39,19,44,22,43,18,39,19,38,18,41,20,37,24,37,22,38,19,38,20,42,19,37,22,38,21,37,22,37,20,37,19,40,16,39,16,42,15,39,12,41,11,40,9,38,7,40,5,39,1,36,2,35,2,35,1,33,-2,35,-1,29,-6,30,-4,27,-7,23,-4,21,-8,23,-8,22,-11,20,-10,19,-9,21,-11,18,-12,18,0,0,0,0,0,0,0,0,0,0,0,0,0,0,0,0,0,0,0,0,0,0,-40,-20,-39,-21,-37,-21,-39,-21,-40,-26,-41,-25,-38,-30,-42,-30,-41,-33,-39,-32,-43,-31,-43,-31,-45,-32,-48,-36,-49,-39,-47,-37,-48,-41,-47,-39,-50,-36,-44,-42,-46,-41,-49,-43,-48,-41,-50,-40,-47,-40,-51,-40,-54,-42,-53,-42,-51,-36,-53,-36,-52,-33,-52,-34,-54,-36,-54,-35,-57,-32,-57,-29,-57,-28,-57,-25,-58,-26,-64,-23,-64,-23,-63,-18,-65,-21,-65,-20,-66,-20,-61,-18,-63,-20,-64,-16,-67,-17,-65,-13,-61,-12,-66,-11,-65,-14,-60,-8,-62,-7,-65,-13,-59,-11,0,0]"
CSI_DATA,221,2a:00:00:00:00:00,-42,11,1,0,1,1,1,0,0,0,1,-96,0,11,2,3195030,0,44,0,384,0,"[0,0,0,0,0,0,0,0,0,0,0,0,2,9,2,8,2,8,2,8,3,8,3,7,3,7,3,7,3,7,4,7,4,7,4,7,4,7,4,6,4,6,4,6,4,6,4,6,5,6,5,6,5,6,5,6,4,6,5,6,5,6,4,6,0,0,4,6,4,6,4,6,3,6,3,6,3,6,3,6,3,6,2,6,2,6,1,6,1,5,1,5,1,5,0,5,0,5,0,4,0,4,-1,4,-1,3,-1,4,-1,4,-1,3,-1,3,-2,3,-2,3,0,0,0,0,0,0,0,0,0,0,0,0,0,0,-10,57,-9,51,-4,53,-2,50,-3,50,-1,49,1,49,3,50,6,48,5,44,8,46,9,44,8,46,8,47,13,44,13,43,13,45,18,43,17,43,14,41,18,40,20,44,18,40,17,42,16,40,17,42,20,40,21,41,19,39,16,40,17,40,13,39,15,39,12,42,14,43,11,41,8,42,6,39,5,40,5,37,4,35,0,34,2,36,-1,34,-1,33,-7,31,-3,28,-3,28,-9,25,-10,24,-10,22,-9,20,-8,19,-9,21,-12,15,-12,18,-14,15,0,0,0,0,0,0,0,0,0,0,0,0,0,0,0,0,0,0,0,0,0,0,-37,-22,-36,-22,-38,-26,-36,-30,-37,-29,-37,-29,-37,-33,-36,-32,-40,-37,-40,-33,-41,-33,-40,-36,-42,-36,-45,-39,-44,-40,-43,-43,-44,-41,-42,-41,-44,-42,-41,-46,-43,-43,-45,-48,-42,-44,-47,-43,-47,-45,-46,-43,-46,-43,-47,-46,-45,-41,-50,-39,-48,-41,-52,-40,-48,-39,-50,-39,-53,-34,-54,-36,-55,-32,-57,-31,-60,-29,-61,-29,-62,-30,-61,-26,-62,-25,-63,-24,-61,-24,-62,-24,-63,-23,-63,-23,-67,-22,-62,-24,-62,-18,-64,-18,-63,-19,-58,-15,-61,-16,-62,-18,-61,-13,0,0]"
CSI_DATA,222,2a:00:00:00:00:00,-42,11,1,0,1,1,1,0,0,0,1,-96,0,11,2,3225388,0,44,0,384,0,"[0,0,0,0,0,0,0,0,0,0,0,0,-3,8,-3,8,-2,8,-2,8,-2,8,-2,8,-1,8,-1,8,-1,7,-1,8,-1,8,-1,8,0,8,0,7,0,8,0,7,0,8,0,7,0,8,1,7,1,7,1,7,0,7,1,8,0,7,0,7,0,0,0,7,0,7,0,7,-1,7,-1,7,-1,7,-1,6,-1,6,-2,6,-2,6,-2,6,-2,5,-2,5,-2,5,-3,4,-3,4,-3,4,-3,3,-3,3,-3,3,-3,3,-3,2,-3,2,-3,2,-3,1,-3,1,0,0,0,0,0,0,0,0,0,0,0,0,0,0,-27,51,-25,46,-25,54,-23,46,-20,46,-20,48,-15,45,-16,48,-14,46,-14,46,-12,47,-9,45,-9,46,-6,42,-10,46,-5,47,-2,49,-3,45,-1,44,-2,41,-3,48,-1,42,4,48,1,45,-1,42,2,45,2,44,2,45,0,43,0,43,-3,44,-2,46,-6,43,-3,45,-4,39,-8,41,-3,41,-7,38,-14,39,-10,35,-14,33,-16,32,-14,34,-11,28,-14,30,-14,25,-17,25,-16,23,-19,19,-17,20,-17,17,-16,15,-16,16,-16,12,-16,12,-18,8,-16,8,0,0,0,0,0,0,0,0,0,0,0,0,0,0,0,0,0,0,0,0,0,0,-27,-31,-26,-38,-22,-34,-25,-39,-23,-38,-24,-42,-24,-44,-23,-42,-23,-46,-24,-40,-24,-50,-22,-50,-28,-50,-25,-52,-23,-52,-22,-50,-27,-56,-23,-50,-27,-58,-26,-58,-27,-54,-26,-59,-25,-54,-27,-59,-27,-56,-30,-57,-28,-57,-31,-58,-29,-53,-32,-55,-29,-53,-35,-58,-35,-55,-36,-51,-38,-51,-35,-49,-39,-47,-40,-49,-43,-51,-44,-50,-49,-50,-46,-44,-48,-49,-48,-48,-51,-50,-51,-42,-50,-44,-55,-42,-51,-40,-49,-40,-55,-43,-53,-41,-54,-42,-51,-33,-54,-36,-53,-36,-53,-36,0,0]"
CSI_DATA,223,2a:00:00:00:00:00,-42,11,1,0,1,1,1,0,0,0,1,-96,0,11,2,3235230,0,44,0,384,0,"[0,0,0,0,0,0,0,0,0,0,0,0,-10,-1,-10,0,-10,0,-10,0,-9,0,-9,1,-9,1,-9,1,-9,1,-8,1,-9,2,-9,2,-8,2,-8,2,-8,2,-8,3,-8,3,-8,3,-8,3,-8,3,-8,3,-8,3,-8,3,-8,3,-8,2,-8,3,0,0,-8,2,-8,2,-8,2,-8,2,-8,1,-8,1,-8,1,-7,0,-7,0,-7,0,-7,0,-7,0,-6,-1,-6,-1,-6,-1,-6,-1,-5,-2,-5,-1,-5,-2,-5,-2,-4,-2,-4,-2,-4,-2,-4,-2,-3,-2,-3,-2,0,0,0,0,0,0,0,0,0,0,0,0,0,0,-56,-11,-55,-8,-53,-8,-56,-5,-51,-2,-47,-1,-49,-1,-50,0,-48,3,-48,5,-46,5,-46,11,-45,9,-44,8,-46,9,-44,14,-44,11,-43,12,-41,11,-44,15,-44,18,-45,17,-42,17,-41,17,-41,17,-45,16,-43,18,-43,18,-42,17,-44,19,-43,19,-42,18,-43,14,-38,12,-43,12,-40,9,-39,9,-41,9,-38,3,-41,4,-37,3,-35,2,-33,1,-32,-1,-31,-2,-32,-4,-28,-4,-28,-7,-27,-6,-26,-7,-23,-7,-20,-6,-19,-10,-20,-8,-21,-11,-18,-11,-15,-10,0,0,0,0,0,0,0,0,0,0,0,0,0,0,0,0,0,0,0,0,0,0,28,-32,28,-31,30,-31,30,-30,33,-33,34,-31,37,-31,37,-33,40,-31,40,-34,36,-36,41,-34,42,-38,43,-38,44,-37,46,-35,45,-37,44,-38,45,-38,47,-38,48,-41,47,-38,46,-41,46,-41,47,-42,46,-42,48,-43,46,-46,46,-42,44,-44,43,-46,43,-47,41,-50,38,-49,39,-50,37,-50,37,-54,31,-55,35,-55,31,-56,33,-58,32,-59,33,-60,29,-62,26,-61,26,-63,25,-64,22,-61,23,-60,21,-64,22,-63,22,-61,19,-63,20,-60,19,-63,17,-60,18,-62,0,0]"
CSI_DATA,224,2a:00:00:00:00:00,-42,11,1,0,1,1,1,0,0,0,1,-96,0,11,2,3245006,0,44,0,384,0,"[0,0,0,0,0,0,0,0,0,0,0,0,9,-4,8,-4,8,-5,8,-5,8,-5,7,-5,7,-5,7,-6,7,-6,6,-6,7,-6,6,-6,6,-6,6,-6,6,-6,6,-6,6,-6,6,-6,5,-6,5,-6,5,-6,5,-6,6,-6,5,-6,6,-6,6,-6,0,0,6,-6,6,-5,6,-5,6,-5,6,-4,6,-4,6,-4,6,-4,6,-4,6,-3,6,-3,5,-2,5,-2,5,-2,5,-1,5,-1,5,-1,4,-1,4,-1,4,0,4,0,3,0,3,0,3,1,3,1,3,1,0,0,0,0,0,0,0,0,0,0,0,0,0,0,55,-17,50,-16,46,-22,48,-18,47,-22,46,-24,44,-21,41,-23,40,-25,41,-26,41,-27,37,-31,37,-29,36,-29,34,-28,35,-33,33,-31,32,-32,32,-33,34,-35,31,-35,30,-34,30,-35,28,-34,28,-34,32,-32,32,-34,28,-35,28,-32,30,-33,31,-31,34,-31,30,-31,30,-29,37,-28,30,-25,32,-23,31,-27,32,-20,33,-16,33,-17,35,-12,31,-15,29,-12,27,-13,31,-9,31,-10,26,-6,23,-7,25,-3,24,-2,24,-1,22,0,19,0,18,3,18,2,19,4,0,0,0,0,0,0,0,0,0,0,0,0,0,0,0,0,0,0,0,0,0,0,-3,41,-6,40,-5,43,-8,42,-8,45,-8,46,-11,45,-10,46,-12,49,-12,50,-13,50,-12,52,-14,53,-15,54,-16,51,-20,57,-17,52,-19,57,-15,57,-19,57,-18,59,-18,59,-16,58,-20,58,-18,58,-18,62,-18,59,-16,61,-16,59,-13,60,-14,59,-11,61,-8,59,-9,61,-6,63,-4,63,-4,64,-2,64,1,66,2,65,1,64,2,67,4,63,6,67,7,64,6,67,6,66,11,65,8,64,13,64,12,64,13,62,11,64,13,64,14,64,16,60,14,60,0,0]"
CSI_DATA,225,2a:00:00:00:00:00,-42,11,1,0,1,1,1,0,0,0,1,-96,0,11,2,3256229,0,44,0,384,0,"[0,0,0,0,0,0,0,0,0,0,0,0,-7,6,-7,6,-6,7,-6,6,-6,7,-6,7,-5,7,-5,7,-5,7,-4,7,-4,7,-4,7,-4,7,-4,7,-4,7,-4,7,-4,7,-4,7,-3,7,-3,7,-3,7,-3,7,-3,7,-3,7,-3,7,-3,7,0,0,-4,7,-4,7,-4,6,-4,6,-4,6,-4,6,-4,6,-4,5,-5,5,-5,5,-5,4,-5,4,-5,4,-5,3,-5,3,-5,3,-4,2,-4,2,-4,2,-4,1,-4,1,-4,1,-4,1,-4,1,-4,0,-4,0,0,0,0,0,0,0,0,0,0,0,0,0,0,0,-49,23,-49,25,-47,26,-48,22,-44,26,-45,26,-40,29,-41,27,-41,30,-39,31,-38,34,-35,29,-38,34,-33,31,-32,31,-30,34,-32,36,-30,36,-26,33,-30,35,-27,36,-30,34,-25,36,-23,36,-26,33,-27,35,-27,34,-24,35,-27,36,-27,35,-30,33,-28,33,-28,31,-29,33,-29,32,-30,29,-31,28,-30,26,-30,25,-31,23,-30,20,-29,19,-29,15,-28,17,-28,14,-28,13,-26,10,-26,10,-29,6,-24,6,-25,7,-25,4,-21,3,-22,3,-18,3,-21,-1,-20,-4,0,0,0,0,0,0,0,0,0,0,0,0,0,0,0,0,0,0,0,0,0,0,2,-41,2,-42,5,-44,4,-46,6,-43,6,-47,7,-47,6,-49,12,-49,11,-50,13,-51,8,-51,9,-54,11,-56,12,-56,15,-56,12,-59,15,-58,13,-60,15,-62,13,-59,17,-59,13,-62,13,-64,10,-61,13,-63,14,-63,13,-62,9,-62,7,-61,7,-64,7,-62,4,-62,2,-60,2,-64,0,-64,-2,-61,-3,-66,-5,-65,-9,-67,-7,-65,-8,-66,-10,-66,-11,-66,-12,-66,-16,-68,-14,-67,-15,-64,-16,-69,-16,-63,-19,-67,-20,-64,-16,-63,-17,-58,-20,-61,-22,-59,-22,-56,0,0]"
CSI_DATA,226,2a:00:00:00:00:00,-42,11,1,0,1,1,1,0,0,0,1,-96,0,11,2,3268679,0,44,0,384,0,"[0,0,0,0,0,0,0,0,0,0,0,0,-7,6,-7,6,-7,7,-6,6,-6,6,-6,6,-6,7,-5,7,-5,7,-5,7,-5,7,-5,7,-5,7,-5,7,-4,6,-4,7,-4,7,-4,7,-4,7,-4,7,-4,7,-3,7,-4,7,-4,7,-4,7,-4,7,0,0,-4,7,-4,6,-4,6,-5,6,-4,5,-5,6,-5,5,-5,5,-5,4,-5,4,-6,4,-5,3,-5,3,-5,3,-5,3,-5,2,-5,2,-4,1,-5,1,-4,1,-4,1,-4,1,-4,0,-4,0,-4,0,-4,0,0,0,0,0,0,0,0,0,0,0,0,0,0,0,-41,36,-40,34,-40,38,-38,37,-35,38,-35,41,-33,38,-30,40,-26,37,-27,44,-26,38,-24,43,-24,40,-20,39,-23,40,-21,44,-19,42,-19,40,-16,42,-19,40,-18,47,-17,41,-13,45,-14,44,-16,38,-16,42,-15,41,-14,41,-14,41,-17,40,-18,41,-18,43,-17,36,-17,43,-19,36,-20,36,-18,33,-19,32,-23,32,-21,29,-23,26,-26,27,-25,24,-24,23,-23,21,-24,20,-25,17,-21,17,-23,13,-20,13,-20,10,-21,9,-20,10,-18,5,-21,5,-18,4,-19,1,0,0,0,0,0,0,0,0,0,0,0,0,0,0,0,0,0,0,0,0,0,0,-9,-38,-10,-43,-8,-41,-6,-46,-7,-43,-5,-52,-4,-48,-5,-50,-8,-52,-6,-46,-3,-53,-3,-56,-7,-56,-3,-58,-5,-57,-1,-55,-5,-62,-3,-56,-6,-60,-3,-59,-2,-61,-2,-60,-3,-59,-5,-63,-4,-61,-7,-65,-4,-63,-6,-62,-9,-60,-9,-63,-11,-59,-13,-61,-15,-60,-19,-61,-19,-62,-19,-65,-21,-58,-19,-61,-21,-60,-26,-62,-26,-63,-28,-56,-29,-63,-29,-60,-30,-63,-31,-58,-34,-57,-33,-58,-37,-56,-32,-54,-33,-55,-36,-56,-35,-55,-34,-52,-34,-53,-40,-55,-36,-49,0,0]"
CSI_DATA,227,2a:00:00:00:00:00,-42,11,1,0,1,1,1,0,0,0,1,-96,0,11,2,3275031,0,44,0,384,0,"[0,0,0,0,0,0,0,0,0,0,0,0,-6,-8,-6,-7,-7,-7,-6,-7,-7,-7,-6,-6,-7,-6,-7,-6,-7,-6,-7,-6,-7,-6,-7,-5,-7,-5,-7,-5,-7,-5,-8,-5,-7,-4,-7,-4,-7,-4,-7,-4,-8,-4,-8,-5,-7,-5,-8,-4,-7,-5,-7,-4,0,0,-7,-4,-7,-5,-7,-5,-6,-5,-6,-5,-6,-5,-6,-5,-5,-5,-5,-5,-5,-5,-4,-5,-4,-5,-4,-5,-3,-5,-3,-5,-3,-5,-2,-5,-2,-4,-2,-4,-2,-4,-1,-4,-1,-4,-1,-4,-1,-4,-1,-4,-1,-3,0,0,0,0,0,0,0,0,0,0,0,0,0,0,-30,-52,-31,-50,-32,-44,-36,-43,-35,-43,-35,-40,-38,-40,-34,-38,-34,-36,-36,-31,-39,-31,-41,-29,-38,-32,-38,-28,-40,-29,-40,-27,-40,-28,-39,-25,-41,-23,-41,-25,-43,-22,-40,-21,-43,-20,-41,-20,-42,-20,-42,-20,-43,-23,-40,-21,-39,-24,-40,-22,-40,-24,-37,-20,-37,-26,-37,-25,-37,-21,-33,-25,-35,-25,-33,-25,-32,-25,-30,-24,-26,-28,-24,-31,-21,-29,-20,-28,-20,-27,-20,-26,-15,-24,-15,-24,-12,-23,-10,-21,-9,-21,-9,-21,-8,-23,-8,-21,-3,-19,-3,-17,-5,-19,0,0,0,0,0,0,0,0,0,0,0,0,0,0,0,0,0,0,0,0,0,0,41,-2,39,0,44,-1,44,4,45,4,44,4,45,3,48,2,50,4,50,6,52,7,55,9,55,9,56,10,55,9,58,8,57,9,57,11,59,5,62,6,59,7,65,6,63,10,64,11,65,8,65,9,64,6,60,4,64,2,63,4,63,-1,60,-3,63,-5,64,-5,64,-10,64,-8,65,-9,65,-11,64,-9,66,-13,63,-14,65,-17,65,-19,69,-21,61,-21,62,-25,63,-23,62,-29,63,-25,63,-27,60,-25,62,-24,60,-26,55,-30,59,-27,58,-31,53,-33,0,0]"
CSI_DATA,228,2a:00:00:00:00:00,-42,11,1,0,1,1,1,0,0,0,1,-96,0,11,2,3284976,0,44,0,384,0,"[0,0,0,0,0,0,0,0,0,0,0,0,-5,-8,-5,-8,-6,-8,-6,-8,-6,-8,-6,-7,-6,-7,-6,-6,-6,-7,-6,-6,-6,-6,-7,-6,-7,-6,-7,-6,-7,-6,-7,-5,-7,-5,-7,-5,-7,-5,-7,-5,-7,-5,-7,-5,-7,-5,-7,-5,-7,-5,-7,-5,0,0,-6,-5,-7,-6,-6,-6,-6,-5,-5,-5,-5,-6,-5,-6,-5,-6,-4,-6,-4,-6,-4,-6,-4,-6,-3,-6,-3,-5,-2,-5,-2,-5,-2,-5,-2,-5,-2,-5,-1,-4,-1,-4,-1,-4,-1,-4,-1,-4,0,-4,0,-4,0,0,0,0,0,0,0,0,0,0,0,0,0,0,-30,-47,-35,-47,-32,-44,-34,-44,-36,-42,-31,-40,-40,-40,-36,-35,-36,-35,-37,-32,-38,-29,-39,-28,-41,-28,-40,-29,-35,-26,-40,-26,-41,-25,-43,-24,-39,-22,-44,-23,-42,-19,-43,-19,-43,-15,-42,-19,-43,-20,-41,-22,-43,-20,-45,-21,-43,-21,-44,-20,-39,-21,-40,-18,-42,-23,-40,-21,-37,-23,-34,-23,-33,-23,-33,-26,-34,-25,-29,-20,-31,-25,-26,-27,-23,-27,-25,-25,-21,-27,-21,-27,-16,-24,-18,-24,-13,-21,-11,-20,-13,-22,-13,-20,-9,-20,-9,-20,-5,-21,-2,-20,-3,-17,0,0,0,0,0,0,0,0,0,0,0,0,0,0,0,0,0,0,0,0,0,0,40,0,38,-1,44,-1,42,2,47,5,42,6,45,4,46,5,50,5,50,9,51,7,52,8,55,10,55,9,55,10,58,9,57,8,59,7,58,6,59,8,62,7,62,7,64,8,63,10,63,7,62,7,62,4,59,3,65,3,62,0,63,-1,58,0,64,-5,63,-3,65,-7,62,-9,65,-13,64,-10,63,-12,63,-16,64,-17,65,-22,64,-20,66,-19,60,-21,64,-25,62,-25,61,-27,61,-28,63,-26,61,-24,61,-31,59,-25,60,-29,59,-29,55,-28,55,-32,0,0]"
CSI_DATA,229,2a:00:00:00:00:00,-42,11,1,0,1,1,1,0,0,0,1,-96,0,11,2,3297152,0,44,0,384,0,"[0,0,0,0,0,0,0,0,0,0,0,0,2,9,2,9,3,8,3,9,3,8,3,8,3,8,3,8,3,7,4,7,4,7,4,7,4,7,4,7,4,7,4,7,5,7,4,6,5,6,4,7,4,6,4,6,4,6,5,6,5,6,4,6,0,0,4,6,3,7,4,6,3,6,3,6,3,7,2,7,2,6,1,6,1,6,1,6,1,6,0,5,0,5,0,5,0,5,-1,5,-1,4,-1,4,-1,4,-1,3,-2,3,-1,3,-2,3,-2,3,-2,2,0,0,0,0,0,0,0,0,0,0,0,0,0,0,0,61,2,54,5,55,6,50,4,52,7,49,8,50,13,53,12,46,12,48,14,44,14,45,19,48,16,42,18,42,19,39,20,44,21,43,21,43,19,38,22,41,24,39,26,39,23,41,22,40,23,44,22,39,22,38,22,40,19,43,20,39,21,42,18,39,19,42,16,39,15,41,16,37,11,40,9,38,8,38,6,33,4,35,2,36,1,32,3,33,-1,25,-2,30,-5,26,-4,26,-4,23,-7,23,-11,20,-7,21,-8,21,-6,18,-8,16,-9,15,0,0,0,0,0,0,0,0,0,0,0,0,0,0,0,0,0,0,0,0,0,0,-36,-20,-37,-20,-38,-22,-41,-25,-38,-22,-39,-26,-40,-26,-43,-28,-41,-30,-40,-30,-43,-31,-45,-33,-45,-33,-45,-34,-47,-35,-43,-35,-47,-38,-47,-36,-52,-35,-50,-37,-49,-38,-50,-39,-49,-40,-52,-39,-53,-38,-53,-38,-54,-36,-57,-40,-53,-34,-55,-35,-51,-28,-57,-31,-58,-30,-56,-28,-60,-27,-58,-27,-59,-24,-60,-24,-63,-24,-67,-21,-68,-22,-59,-16,-67,-20,-67,-16,-67,-14,-67,-17,-66,-16,-68,-9,-68,-12,-65,-13,-68,-11,-66,-11,-67,-10,-61,-10,-63,-9,-65,-6,-63,-2,0,0]"
CSI_DATA,230,2a:00:00:00:00:00,-42,11,1,0,1,1,1,0,0,0,1,-96,0,11,2,3316555,0,44,0,384,0,"[0,0,0,0,0,0,0,0,0,0,0,0,0,9,1,9,1,9,1,9,1,9,2,9,2,8,2,8,2,8,2,8,2,8,3,8,3,8,3,7,3,7,3,7,3,7,3,7,3,7,3,7,3,7,3,7,3,7,3,7,3,7,3,7,0,0,2,7,3,7,2,7,2,7,2,7,1,7,1,7,1,7,0,6,0,6,0,6,0,6,0,5,-1,5,-1,5,-1,5,-1,4,-2,4,-2,4,-2,3,-2,3,-2,3,-2,3,-2,3,-2,2,-3,2,0,0,0,0,0,0,0,0,0,0,0,0,0,0,-6,60,-7,58,-5,56,-6,52,-1,55,2,51,1,51,3,50,3,50,3,45,5,45,10,47,7,51,10,46,10,46,11,45,14,49,14,46,14,45,15,44,13,43,17,43,16,42,17,41,15,42,16,47,17,43,13,44,13,43,18,43,12,43,11,46,14,42,8,42,7,41,4,42,4,43,4,40,4,38,0,38,1,35,-4,36,-3,33,-2,31,-6,32,-10,27,-9,27,-7,26,-11,21,-12,21,-11,22,-16,20,-11,20,-13,17,-14,17,-12,18,-13,11,0,0,0,0,0,0,0,0,0,0,0,0,0,0,0,0,0,0,0,0,0,0,-37,-25,-36,-26,-34,-24,-35,-30,-35,-29,-34,-30,-35,-33,-36,-34,-37,-35,-38,-33,-40,-33,-41,-33,-43,-37,-44,-39,-41,-41,-41,-40,-42,-46,-42,-41,-44,-43,-42,-43,-44,-43,-47,-46,-43,-42,-46,-41,-46,-43,-47,-43,-46,-43,-49,-43,-48,-43,-52,-41,-48,-39,-52,-39,-49,-37,-54,-36,-53,-35,-54,-34,-55,-30,-57,-32,-60,-32,-62,-28,-63,-29,-61,-29,-64,-26,-61,-32,-63,-23,-64,-24,-63,-23,-61,-23,-66,-23,-63,-19,-66,-18,-66,-20,-66,-17,-59,-18,-65,-18,-64,-14,-62,-18,0,0]"
CSI_DATA,231,2a:00:00:00:00:00,-42,11,1,0,1,1,1,0,0,0,1,-96,0,11,2,3337053,0,44,0,384,0,"[0,0,0,0,0,0,0,0,0,0,0,0,7,6,7,6,7,6,7,6,7,5,7,5,8,4,8,4,8,4,7,4,8,3,8,3,8,3,8,3,7,3,8,3,8,2,8,2,8,2,8,2,8,3,8,3,8,2,8,2,8,2,7,2,0,0,7,3,7,3,7,3,7,3,6,3,6,3,6,4,6,4,5,4,5,4,5,3,4,4,4,4,3,4,3,4,3,3,3,4,2,3,2,3,1,3,1,3,1,3,1,3,1,3,1,3,0,3,0,0,0,0,0,0,0,0,0,0,0,0,0,0,30,46,28,43,34,39,34,41,34,40,35,37,36,35,36,36,38,33,36,31,38,31,38,30,41,30,36,29,39,26,43,23,40,26,37,25,41,23,43,20,41,19,45,21,43,20,39,20,38,18,40,19,41,20,42,18,40,23,43,19,40,21,37,20,38,20,38,22,35,20,33,23,32,26,34,26,32,24,29,23,26,23,24,26,23,26,18,24,18,27,19,25,13,21,14,25,10,22,12,20,9,20,6,22,5,21,3,21,3,18,0,17,1,18,0,0,0,0,0,0,0,0,0,0,0,0,0,0,0,0,0,0,0,0,0,0,-42,-2,-44,0,-44,-3,-46,-7,-46,-7,-47,-6,-46,-8,-46,-5,-49,-9,-52,-8,-52,-11,-56,-11,-56,-10,-58,-10,-55,-10,-57,-11,-56,-12,-59,-10,-61,-7,-63,-10,-57,-10,-64,-9,-62,-12,-64,-8,-63,-10,-62,-10,-61,-8,-62,-4,-64,-1,-62,-4,-62,-3,-61,-1,-62,1,-62,3,-66,4,-64,7,-65,8,-66,11,-65,12,-65,12,-66,15,-65,18,-66,17,-66,19,-65,18,-65,23,-62,22,-62,24,-65,25,-62,24,-63,22,-63,27,-61,24,-58,29,-60,28,-58,29,-51,33,0,0]"
CSI_DATA,232,2a:00:00:00:00:00,-42,11,1,0,1,1,1,0,0,0,1,-96,0,11,2,3344985,0,44,0,384,0,"[0,0,0,0,0,0,0,0,0,0,0,0,4,8,4,7,4,8,4,7,4,7,4,6,4,6,5,6,5,6,5,6,5,6,5,5,5,5,5,5,5,5,6,5,6,5,5,5,6,5,6,5,6,5,5,5,5,4,6,4,6,5,5,5,0,0,5,5,5,5,5,5,4,5,4,5,4,5,4,5,3,5,3,5,3,5,2,5,2,5,2,4,2,5,1,4,1,4,1,4,1,4,0,3,0,3,0,3,0,3,0,3,-1,3,-1,3,-1,2,0,0,0,0,0,0,0,0,0,0,0,0,0,0,8,52,13,52,13,55,13,49,19,49,16,49,17,48,18,49,20,43,21,44,23,40,27,39,25,43,24,39,24,39,28,38,28,38,27,39,29,38,29,36,31,35,27,35,31,33,29,32,29,36,28,35,30,34,31,35,32,32,28,32,30,33,27,34,25,36,27,33,23,33,24,33,21,36,21,37,18,35,16,33,13,31,13,33,12,30,10,29,7,32,6,28,3,28,2,30,1,24,2,25,0,23,-2,20,-2,23,-3,19,-5,22,-4,16,-6,17,0,0,0,0,0,0,0,0,0,0,0,0,0,0,0,0,0,0,0,0,0,0,-36,-19,-40,-19,-38,-20,-42,-23,-39,-25,-39,-28,-41,-25,-42,-28,-41,-29,-41,-28,-43,-32,-47,-31,-48,-33,-50,-32,-49,-31,-46,-34,-48,-36,-47,-34,-51,-33,-47,-34,-54,-33,-52,-32,-50,-33,-53,-37,-52,-34,-55,-33,-53,-31,-59,-33,-54,-27,-59,-28,-55,-23,-59,-28,-59,-26,-63,-22,-62,-20,-60,-20,-61,-17,-69,-19,-64,-16,-65,-15,-68,-16,-64,-12,-68,-11,-66,-8,-66,-9,-70,-5,-66,-4,-68,-3,-72,2,-65,-4,-66,-1,-68,2,-67,-1,-62,2,-64,1,-64,6,-62,7,0,0]"
CSI_DATA,233,2a:00:00:00:00:00,-42,11,1,0,1,1,1,0,0,0,1,-96,0,11,2,3355024,0,44,0,384,0,"[0,0,0,0,0,0,0,0,0,0,0,0,9,2,9,1,9,2,9,1,9,1,9,1,9,0,9,0,9,0,9,0,9,0,9,-1,8,-1,8,-1,8,-1,8,-1,8,-1,8,-2,8,-2,8,-2,8,-1,8,-1,8,-2,8,-1,8,-1,8,-1,0,0,8,-1,8,-1,8,0,8,-1,7,0,7,0,7,0,7,1,7,1,6,1,6,1,5,2,5,2,5,2,5,2,4,2,4,2,4,2,3,2,3,2,3,2,2,2,2,2,2,2,2,2,1,2,0,0,0,0,0,0,0,0,0,0,0,0,0,0,51,9,52,9,53,9,53,5,50,2,51,0,48,3,48,0,45,-3,50,-4,47,-4,49,-7,49,-9,44,-8,47,-9,42,-12,45,-9,44,-13,45,-12,41,-14,47,-17,42,-15,43,-13,42,-15,40,-16,41,-16,42,-15,43,-16,45,-16,43,-15,42,-15,43,-13,40,-10,41,-10,37,-11,43,-5,39,-7,37,-6,38,-3,36,-5,36,-1,35,2,29,3,31,4,31,5,27,6,29,6,25,7,24,7,21,7,22,10,22,7,17,8,17,11,15,10,17,11,12,11,0,0,0,0,0,0,0,0,0,0,0,0,0,0,0,0,0,0,0,0,0,0,-29,26,-31,27,-33,27,-35,27,-35,28,-38,28,-37,27,-39,28,-41,27,-39,29,-42,29,-45,31,-42,29,-46,31,-47,34,-45,29,-49,36,-47,32,-47,38,-48,31,-48,35,-49,35,-47,38,-51,34,-48,34,-49,37,-47,36,-47,38,-46,41,-47,41,-43,41,-47,47,-42,44,-41,47,-41,47,-38,50,-35,51,-36,50,-37,49,-35,55,-36,53,-32,56,-33,60,-30,57,-34,59,-24,60,-26,58,-27,61,-29,58,-24,58,-26,59,-26,59,-24,60,-22,57,-19,58,-20,63,-16,57,0,0]"
CSI_DATA,234,2a:00:00:00:00:00,-42,11,1,0,1,1,1,0,0,0,1,-96,0,11,2,3364985,0,44,0,384,0,"[0,0,0,0,0,0,0,0,0,0,0,0,8,2,8,2,8,2,8,2,8,1,8,1,8,0,8,0,8,0,8,0,8,0,8,-1,8,0,8,-1,8,-1,8,-1,8,-1,8,-1,8,-1,8,-1,8,-1,8,-1,8,-1,8,-1,8,-1,8,-1,0,0,8,-1,7,0,7,0,7,0,7,0,7,0,7,1,6,1,6,1,6,1,5,2,5,2,5,2,4,2,4,2,4,2,3,2,3,2,3,2,3,2,3,2,2,2,2,2,2,2,1,2,1,2,0,0,0,0,0,0,0,0,0,0,0,0,0,0,49,28,47,29,47,26,46,21,51,24,48,22,48,19,44,18,45,17,45,15,48,10,45,9,49,4,47,11,48,11,46,5,47,10,44,7,44,7,45,5,47,3,46,5,45,2,44,4,43,5,45,0,44,3,45,4,43,5,43,2,43,5,43,4,42,6,40,10,41,6,36,11,37,9,36,10,34,15,35,13,32,14,29,16,30,17,25,17,23,18,25,15,24,15,22,20,19,17,16,17,16,17,13,16,12,14,10,14,8,17,7,14,6,16,0,0,0,0,0,0,0,0,0,0,0,0,0,0,0,0,0,0,0,0,0,0,-38,16,-39,17,-43,16,-43,15,-42,13,-43,13,-46,13,-47,12,-50,14,-50,16,-50,11,-51,13,-53,13,-52,16,-54,14,-54,13,-55,14,-58,14,-55,16,-57,16,-59,15,-57,17,-58,16,-61,17,-61,14,-59,18,-60,20,-59,20,-60,21,-56,22,-56,26,-57,24,-56,27,-53,30,-55,31,-53,32,-53,34,-55,36,-55,34,-53,36,-51,39,-51,47,-50,41,-52,45,-48,43,-45,43,-44,45,-43,48,-44,46,-47,45,-43,45,-46,49,-42,47,-39,46,-42,46,-40,49,-38,46,0,0]"
CSI_DATA,235,2a:00:00:00:00:00,-42,11,1,0,1,1,1,0,0,0,1,-96,0,11,2,3375889,0,44,0,384,0,"[0,0,0,0,0,0,0,0,0,0,0,0,5,7,5,7,6,7,6,6,6,6,6,6,6,5,6,5,6,5,6,5,6,5,6,5,6,5,7,4,7,4,7,4,7,4,7,4,7,4,7,3,7,4,7,4,7,4,7,4,6,4,6,4,0,0,6,4,6,4,6,4,5,4,5,4,5,4,5,4,4,4,4,4,4,4,3,4,3,4,3,4,3,4,2,4,2,4,2,4,1,3,1,3,1,3,1,3,0,3,0,3,0,3,0,3,0,2,0,0,0,0,0,0,0,0,0,0,0,0,0,0,13,54,12,56,17,51,20,48,23,49,19,45,23,46,22,45,25,42,24,41,27,41,27,39,29,39,26,40,28,36,29,37,28,38,32,36,30,34,33,32,34,31,32,32,36,28,33,30,32,29,33,32,35,34,33,32,32,33,34,29,31,33,29,30,30,34,28,32,29,30,23,34,22,35,23,34,19,33,19,30,17,32,15,33,14,32,12,29,12,30,12,28,6,24,4,28,5,25,3,21,2,21,1,23,0,20,-2,20,-4,19,-4,18,-6,17,0,0,0,0,0,0,0,0,0,0,0,0,0,0,0,0,0,0,0,0,0,0,-37,-17,-38,-20,-41,-21,-41,-24,-42,-27,-39,-27,-42,-26,-43,-28,-46,-27,-41,-29,-43,-32,-48,-32,-49,-33,-48,-32,-45,-29,-47,-34,-50,-30,-49,-31,-51,-32,-53,-34,-54,-33,-55,-32,-55,-32,-53,-32,-55,-33,-54,-32,-56,-29,-56,-29,-56,-28,-58,-23,-59,-21,-56,-22,-61,-22,-61,-18,-62,-19,-61,-17,-63,-18,-62,-14,-64,-14,-68,-11,-65,-12,-67,-5,-66,-4,-68,-4,-64,-5,-64,-1,-63,-1,-68,1,-69,4,-69,-1,-66,3,-67,4,-64,4,-64,7,-63,11,-62,7,-60,10,0,0]"
CSI_DATA,236,2a:00:00:00:00:00,-42,11,1,0,1,1,1,0,0,0,1,-96,0,11,2,3387198,0,44,0,384,0,"[0,0,0,0,0,0,0,0,0,0,0,0,-10,2,-9,3,-9,3,-9,3,-8,3,-8,4,-8,4,-8,4,-8,4,-8,4,-8,4,-8,4,-7,4,-7,4,-7,4,-7,5,-7,5,-7,5,-7,5,-7,5,-7,4,-7,5,-7,5,-7,4,-7,4,-7,4,0,0,-7,4,-7,4,-7,4,-7,3,-7,3,-7,3,-7,2,-7,2,-7,2,-7,2,-6,1,-6,1,-6,0,-6,0,-6,0,-5,0,-5,-1,-5,-1,-5,-1,-4,-1,-4,-1,-4,-1,-4,-1,-4,-2,-3,-2,-3,-2,0,0,0,0,0,0,0,0,0,0,0,0,0,0,-57,12,-52,15,-53,17,-50,19,-48,16,-47,19,-42,20,-47,26,-42,22,-44,25,-42,26,-42,28,-40,27,-38,26,-39,25,-41,29,-39,30,-34,31,-39,28,-36,30,-39,33,-36,28,-34,33,-32,33,-33,31,-35,29,-35,31,-35,30,-35,27,-36,29,-34,26,-37,27,-35,23,-35,23,-35,22,-35,21,-34,20,-33,18,-36,18,-37,15,-32,12,-37,8,-31,9,-31,5,-30,4,-31,3,-29,3,-24,2,-27,-1,-24,1,-26,-3,-24,-4,-21,-5,-21,-6,-19,-6,-21,-8,-19,-4,0,0,0,0,0,0,0,0,0,0,0,0,0,0,0,0,0,0,0,0,0,0,10,-41,12,-43,15,-41,18,-45,18,-43,16,-48,17,-42,18,-45,21,-47,22,-46,23,-46,24,-48,24,-53,22,-50,25,-55,22,-53,26,-56,26,-53,25,-58,24,-54,24,-57,25,-56,23,-53,26,-55,26,-56,22,-57,24,-57,21,-63,22,-56,22,-61,20,-55,17,-62,15,-61,12,-61,13,-65,11,-65,10,-61,10,-65,6,-67,5,-65,3,-67,3,-65,4,-69,2,-66,0,-67,-4,-67,-2,-66,-4,-69,-4,-65,-7,-65,-6,-65,-7,-64,-6,-66,-8,-58,-8,-62,-10,-61,-10,-57,0,0]"
CSI_DATA,237,2a:00:00:00:00:00,-42,11,1,0,1,1,1,0,0,0,1,-96,0,11,2,3395027,0,44,0,384,0,"[0,0,0,0,0,0,0,0,0,0,0,0,-1,-10,-2,-10,-2,-9,-2,-10,-2,-9,-2,-9,-2,-9,-3,-9,-3,-9,-3,-8,-4,-8,-4,-8,-4,-8,-4,-8,-4,-8,-4,-8,-4,-9,-4,-7,-4,-8,-4,-8,-4,-8,-4,-8,-4,-7,-4,-8,-4,-8,-4,-8,0,0,-3,-8,-3,-8,-3,-8,-3,-7,-2,-8,-2,-8,-2,-7,-2,-7,-1,-7,-1,-6,-1,-7,-1,-6,0,-6,0,-6,1,-5,1,-5,0,-5,1,-5,1,-5,1,-4,1,-4,1,-4,1,-3,1,-3,1,-3,2,-3,0,0,0,0,0,0,0,0,0,0,0,0,0,0,24,-48,26,-48,20,-49,19,-50,13,-48,15,-47,15,-52,13,-50,11,-48,9,-48,9,-49,9,-46,6,-48,4,-47,4,-48,-2,-47,0,-50,-1,-48,-4,-45,0,-47,-3,-47,-1,-48,-2,-47,-4,-49,-3,-45,-2,-48,-3,-46,-5,-45,0,-47,-4,-47,-2,-43,2,-42,2,-46,0,-43,4,-40,7,-40,6,-40,9,-42,9,-39,8,-37,10,-34,14,-34,14,-33,12,-30,12,-26,15,-26,15,-24,13,-22,13,-19,14,-19,15,-17,12,-16,15,-16,15,-12,15,-13,17,-12,15,-7,0,0,0,0,0,0,0,0,0,0,0,0,0,0,0,0,0,0,0,0,0,0,20,37,16,39,17,41,16,41,17,44,16,45,15,44,15,47,16,48,16,47,16,50,18,51,19,52,16,52,17,53,15,54,16,56,17,58,20,56,18,57,18,55,18,57,18,55,23,57,22,59,26,56,25,55,22,58,25,52,27,58,32,51,30,56,31,53,32,54,34,54,35,54,37,49,38,50,43,47,41,50,42,50,46,47,44,47,49,47,49,46,45,44,45,45,46,43,49,41,51,42,49,42,52,39,52,38,47,35,55,36,54,34,49,33,0,0]"
CSI_DATA,238,2a:00:00:00:00:00,-42,11,1,0,1,1,1,0,0,0,1,-96,0,11,2,3405604,0,44,0,384,0,"[0,0,0,0,0,0,0,0,0,0,0,0,-10,1,-9,1,-10,1,-9,1,-10,1,-9,2,-9,2,-9,2,-9,2,-9,2,-9,3,-9,3,-9,3,-8,3,-8,3,-9,4,-8,3,-8,4,-8,3,-8,3,-8,3,-8,3,-8,3,-8,3,-8,3,-8,3,0,0,-8,3,-8,3,-7,2,-8,2,-7,2,-7,1,-8,1,-7,1,-7,1,-7,1,-7,0,-6,0,-6,-1,-5,-1,-6,-1,-5,-1,-5,-1,-5,-1,-5,-2,-5,-2,-4,-2,-4,-2,-4,-2,-4,-2,-3,-2,-3,-2,0,0,0,0,0,0,0,0,0,0,0,0,0,0,-56,-3,-55,-4,-56,2,-53,3,-48,5,-52,8,-49,8,-49,9,-47,8,-49,12,-49,15,-45,15,-47,16,-43,16,-47,17,-43,18,-45,19,-43,19,-45,19,-46,21,-43,23,-43,21,-43,22,-39,18,-40,21,-41,22,-42,19,-42,22,-41,15,-41,21,-40,20,-41,20,-40,13,-45,15,-39,17,-39,11,-37,10,-35,8,-37,7,-38,8,-35,5,-37,0,-33,2,-34,0,-32,-3,-30,0,-30,-3,-27,-3,-25,-6,-23,-7,-20,-4,-23,-8,-18,-8,-17,-9,-16,-10,-19,-12,-15,-8,0,0,0,0,0,0,0,0,0,0,0,0,0,0,0,0,0,0,0,0,0,0,23,-35,31,-34,25,-32,32,-35,31,-33,34,-37,37,-34,36,-36,39,-36,35,-36,36,-38,41,-35,39,-37,41,-40,42,-44,39,-36,43,-42,42,-40,43,-43,46,-38,46,-38,47,-45,43,-42,42,-44,45,-44,41,-45,41,-44,41,-47,38,-47,40,-50,35,-46,38,-53,36,-51,36,-51,36,-53,33,-55,30,-55,31,-55,27,-58,25,-61,25,-61,20,-60,23,-64,24,-63,24,-64,21,-64,22,-60,17,-63,18,-63,18,-61,14,-63,12,-66,15,-64,9,-58,10,-59,11,-63,8,-61,0,0]"
CSI_DATA,239,2a:00:00:00:00:00,-42,11,1,0,1,1,1,0,0,0,1,-96,0,11,2,3425184,0,44,0,384,0,"[0,0,0,0,0,0,0,0,0,0,0,0,4,8,4,7,5,7,5,7,5,7,5,6,5,6,5,6,6,6,6,6,6,6,6,6,6,6,6,5,6,5,7,5,6,5,6,5,6,5,6,5,6,5,6,5,6,5,6,5,6,5,6,5,0,0,5,5,6,5,5,5,5,5,5,5,5,5,4,5,4,5,3,5,3,5,2,5,2,5,2,5,2,5,1,4,1,4,1,4,1,4,0,4,0,3,0,3,0,3,0,3,-1,3,-1,3,-1,2,0,0,0,0,0,0,0,0,0,0,0,0,0,0,22,52,23,50,31,45,27,41,29,40,30,40,30,38,32,38,31,35,35,34,36,35,34,32,37,33,35,31,33,32,37,29,36,30,35,27,39,30,37,25,41,27,37,24,37,25,39,24,37,26,37,22,36,24,39,26,37,27,38,23,35,26,35,26,34,25,35,27,31,25,29,28,28,30,29,28,25,30,24,26,19,25,18,26,17,28,18,28,15,28,11,26,11,24,9,24,7,23,6,22,4,20,5,21,2,21,1,17,-1,19,-1,17,-4,17,0,0,0,0,0,0,0,0,0,0,0,0,0,0,0,0,0,0,0,0,0,0,-42,-11,-43,-14,-42,-12,-45,-16,-43,-17,-46,-18,-46,-18,-48,-16,-49,-16,-49,-18,-50,-23,-51,-20,-52,-23,-50,-23,-54,-22,-52,-23,-53,-23,-53,-24,-58,-22,-61,-19,-60,-22,-59,-23,-60,-20,-59,-22,-57,-21,-57,-19,-56,-18,-62,-17,-59,-16,-63,-15,-58,-12,-65,-11,-62,-10,-62,-6,-64,-3,-61,-5,-62,0,-67,-2,-67,1,-63,0,-69,4,-65,5,-67,8,-64,8,-64,8,-68,15,-62,12,-62,13,-66,12,-64,13,-62,15,-61,17,-62,18,-59,20,-59,18,-62,17,-60,19,0,0]"
CSI_DATA,240,2a:00:00:00:00:00,-42,11,1,0,1,1,1,0,0,0,1,-96,0,11,2,3435068,0,44,0,384,0,"[0,0,0,0,0,0,0,0,0,0,0,0,-5,8,-4,8,-4,8,-4,9,-4,8,-4,8,-3,8,-3,8,-3,8,-2,8,-2,8,-2,8,-2,8,-1,8,-2,8,-2,8,-2,8,-2,8,-1,8,-1,8,-1,8,-1,8,-1,8,-1,8,-1,8,-2,8,0,0,-2,8,-2,7,-2,7,-2,7,-3,7,-3,7,-3,6,-3,6,-4,5,-4,5,-4,5,-4,5,-4,4,-4,4,-4,3,-4,3,-4,3,-4,3,-4,3,-4,2,-4,2,-4,2,-3,1,-4,1,-4,1,-4,0,0,0,0,0,0,0,0,0,0,0,0,0,0,0,-39,41,-37,42,-35,37,-36,40,-33,39,-30,42,-27,42,-28,42,-26,43,-22,43,-21,42,-20,45,-22,44,-19,41,-19,42,-17,44,-17,45,-15,46,-14,46,-14,40,-15,46,-14,44,-12,45,-12,47,-13,41,-13,43,-14,44,-13,44,-14,42,-14,41,-18,42,-17,40,-16,37,-16,39,-20,36,-17,37,-20,32,-21,30,-19,29,-25,29,-23,25,-22,24,-23,23,-23,25,-25,21,-23,16,-26,17,-19,16,-22,10,-19,10,-18,8,-21,8,-20,7,-20,6,-17,2,-18,2,-20,3,0,0,0,0,0,0,0,0,0,0,0,0,0,0,0,0,0,0,0,0,0,0,-11,-43,-8,-45,-10,-43,-8,-48,-8,-48,-7,-46,-8,-46,-5,-46,-7,-53,-7,-50,-5,-52,-6,-55,-7,-57,-4,-57,-3,-59,-4,-57,-3,-60,-6,-59,-6,-58,-4,-59,-7,-58,-5,-63,-4,-61,-8,-59,-7,-63,-7,-62,-8,-61,-9,-64,-12,-61,-13,-61,-14,-60,-14,-61,-17,-61,-17,-61,-18,-60,-20,-61,-24,-60,-26,-59,-26,-60,-30,-60,-29,-61,-32,-57,-34,-62,-34,-57,-32,-56,-31,-55,-33,-55,-35,-55,-39,-54,-38,-56,-38,-53,-38,-50,-36,-51,-36,-50,-42,-48,-39,-48,-37,-43,0,0]"
CSI_DATA,241,2a:00:00:00:00:00,-42,11,1,0,1,1,1,0,0,0,1,-96,0,11,2,3445285,0,44,0,384,0,"[0,0,0,0,0,0,0,0,0,0,0,0,1,-9,0,-10,0,-10,0,-10,-1,-9,0,-10,-1,-9,-1,-9,-1,-9,-2,-9,-2,-9,-2,-9,-2,-9,-2,-9,-3,-9,-2,-9,-3,-9,-3,-8,-3,-8,-3,-8,-3,-8,-3,-8,-3,-8,-3,-8,-3,-8,-3,-8,0,0,-3,-8,-2,-8,-2,-8,-2,-8,-2,-8,-2,-7,-1,-7,-1,-7,0,-7,0,-7,0,-7,0,-6,0,-6,0,-6,1,-5,1,-5,1,-5,1,-5,1,-4,1,-4,1,-4,1,-4,1,-4,1,-3,2,-3,2,-3,0,0,0,0,0,0,0,0,0,0,0,0,0,0,36,-46,31,-40,30,-44,28,-45,26,-44,23,-45,18,-45,18,-49,17,-46,15,-45,20,-47,13,-45,15,-43,10,-44,9,-43,6,-47,6,-48,4,-50,5,-50,7,-42,4,-49,7,-42,0,-46,6,-45,6,-45,7,-46,4,-42,0,-44,1,-43,3,-46,2,-46,6,-46,10,-41,8,-44,8,-39,10,-38,11,-38,12,-36,12,-33,16,-31,14,-32,16,-30,14,-32,16,-31,19,-25,16,-22,14,-22,15,-20,18,-19,17,-14,16,-16,17,-12,16,-12,15,-10,18,-11,15,-7,17,-8,0,0,0,0,0,0,0,0,0,0,0,0,0,0,0,0,0,0,0,0,0,0,11,40,9,42,6,43,6,48,5,44,6,46,1,48,4,49,2,54,4,48,8,51,9,51,8,55,6,55,6,58,2,56,2,60,6,54,8,58,-2,60,3,57,4,63,7,60,10,59,12,59,14,61,13,61,11,61,11,57,16,59,15,59,16,60,17,59,18,59,22,55,21,59,24,55,27,55,33,54,34,59,37,58,32,54,34,56,35,55,38,52,33,50,37,53,39,49,40,55,40,45,41,44,45,45,45,48,36,43,43,40,48,43,42,40,0,0]"
CSI_DATA,242,2a:00:00:00:00:00,-42,11,1,0,1,1,1,0,0,0,1,-96,0,11,2,3465022,0,44,0,384,0,"[0,0,0,0,0,0,0,0,0,0,0,0,5,7,5,6,6,6,5,6,5,6,5,5,6,5,6,5,6,5,6,5,6,5,6,4,6,4,6,4,6,4,6,4,6,4,6,4,6,4,6,3,6,4,7,4,6,3,6,3,6,4,6,4,0,0,6,4,6,4,6,4,5,4,5,4,5,4,4,4,4,4,4,4,3,4,3,4,3,4,2,4,2,4,2,4,1,4,1,4,1,3,1,3,0,3,0,3,0,3,0,3,0,3,0,3,-1,2,0,0,0,0,0,0,0,0,0,0,0,0,0,0,20,50,19,50,25,49,24,44,26,43,27,42,27,42,29,42,28,35,33,37,33,34,34,33,32,30,32,29,31,31,36,29,36,31,35,28,38,29,36,26,38,28,36,25,38,27,36,24,36,27,37,23,37,23,38,25,34,26,33,24,33,24,33,26,33,28,31,28,30,26,29,30,30,29,25,27,22,31,21,26,20,27,16,28,16,30,11,26,11,25,8,26,8,24,9,24,5,23,5,20,1,20,2,21,2,19,0,21,-1,18,-4,18,-4,16,0,0,0,0,0,0,0,0,0,0,0,0,0,0,0,0,0,0,0,0,0,0,-40,-11,-44,-13,-40,-14,-45,-17,-42,-16,-46,-19,-47,-18,-48,-20,-48,-18,-48,-20,-52,-24,-50,-23,-51,-21,-52,-24,-54,-24,-53,-26,-57,-26,-51,-24,-56,-23,-56,-23,-57,-25,-58,-25,-60,-23,-60,-22,-57,-23,-59,-21,-59,-19,-61,-17,-60,-17,-62,-17,-57,-14,-62,-13,-62,-12,-61,-7,-64,-8,-62,-5,-59,-1,-62,-4,-65,-3,-63,0,-65,4,-65,3,-66,6,-63,4,-66,8,-65,8,-64,11,-63,13,-62,11,-63,13,-63,15,-59,13,-63,14,-60,16,-59,16,-59,19,-59,20,0,0]"
CSI_DATA,243,2a:00:00:00:00:00,-42,11,1,0,1,1,1,0,0,0,1,-96,0,11,2,3474991,0,44,0,384,0,"[0,0,0,0,0,0,0,0,0,0,0,0,6,6,6,6,6,6,6,6,6,5,6,5,7,5,7,5,7,4,7,4,7,4,7,4,7,4,7,4,7,3,7,3,7,3,7,3,7,3,7,3,7,3,7,3,7,3,7,3,7,3,7,3,0,0,6,3,7,3,6,3,6,4,6,4,5,4,5,4,5,4,4,4,4,4,3,4,3,4,3,4,3,4,2,4,2,4,2,4,1,3,1,3,1,3,1,3,1,3,0,3,0,3,0,3,-1,3,0,0,0,0,0,0,0,0,0,0,0,0,0,0,32,44,36,42,41,38,39,35,42,35,40,32,41,29,41,28,40,31,38,24,41,23,43,25,43,23,44,24,42,21,42,19,41,20,42,19,42,19,45,15,46,17,44,18,45,13,43,13,42,14,42,13,42,15,44,15,41,14,44,15,40,17,39,19,39,15,38,16,36,17,34,19,36,21,32,22,28,21,29,22,29,22,24,21,24,28,20,24,17,21,20,23,17,21,14,23,13,20,11,20,9,20,8,21,6,20,4,18,3,17,0,15,4,16,0,0,0,0,0,0,0,0,0,0,0,0,0,0,0,0,0,0,0,0,0,0,-46,-4,-46,-2,-47,-3,-46,-4,-49,-8,-48,-7,-51,-7,-50,-8,-53,-6,-56,-12,-55,-12,-55,-14,-58,-9,-57,-13,-58,-11,-60,-12,-61,-10,-62,-13,-61,-8,-63,-9,-62,-10,-65,-9,-65,-7,-63,-11,-63,-8,-63,-8,-64,-5,-62,-7,-67,-3,-66,1,-62,0,-60,3,-64,4,-63,7,-64,9,-64,11,-66,13,-66,16,-65,16,-64,16,-62,19,-65,20,-65,25,-64,26,-60,22,-65,28,-63,28,-59,30,-59,27,-58,26,-59,29,-59,29,-56,28,-54,33,-56,31,-54,35,-53,31,0,0]"
CSI_DATA,244,2a:00:00:00:00:00,-42,11,1,0,1,1,1,0,0,0,1,-96,0,11,2,3485029,0,44,0,384,0,"[0,0,0,0,0,0,0,0,0,0,0,0,9,-1,9,-2,8,-2,9,-2,8,-2,8,-2,8,-3,8,-3,8,-3,8,-3,8,-4,8,-4,8,-3,8,-4,7,-4,7,-4,7,-5,7,-4,7,-4,7,-4,7,-4,7,-4,7,-4,7,-4,7,-4,7,-4,0,0,7,-4,7,-3,7,-3,7,-3,7,-2,6,-2,6,-2,6,-1,6,-1,6,-1,6,-1,5,0,5,0,5,0,5,0,4,0,4,1,4,1,4,1,3,1,3,1,3,1,3,1,2,2,2,2,2,2,0,0,0,0,0,0,0,0,0,0,0,0,0,0,54,4,54,-1,54,-1,54,-3,53,-5,51,-5,50,-7,49,-8,49,-9,47,-10,47,-13,46,-13,46,-15,45,-17,46,-19,42,-20,42,-21,43,-21,38,-18,45,-21,43,-23,43,-21,42,-22,38,-24,40,-19,39,-21,40,-19,42,-21,38,-18,42,-22,40,-19,39,-20,40,-18,39,-14,40,-16,39,-9,39,-8,38,-8,34,-5,36,-4,36,-7,34,-5,33,0,34,0,28,-1,27,1,29,5,27,6,25,5,22,7,22,8,21,8,18,8,15,8,15,9,15,9,12,10,0,0,0,0,0,0,0,0,0,0,0,0,0,0,0,0,0,0,0,0,0,0,-30,34,-31,30,-34,35,-36,31,-41,34,-37,32,-40,32,-40,31,-40,34,-42,34,-48,36,-44,36,-44,40,-47,39,-44,34,-49,38,-47,39,-51,38,-47,39,-48,41,-51,39,-47,39,-49,42,-47,45,-49,42,-44,47,-44,42,-46,41,-48,46,-42,45,-41,50,-40,49,-40,49,-40,52,-40,51,-36,53,-35,57,-34,58,-29,58,-30,59,-28,57,-29,63,-25,61,-28,66,-25,60,-23,67,-23,60,-19,62,-23,61,-19,62,-17,62,-13,63,-14,61,-16,61,-13,60,-10,59,-11,55,0,0]"
CSI_DATA,245,2a:00:00:00:00:00,-42,11,1,0,1,1,1,0,0,0,1,-96,0,11,2,3506241,0,44,0,384,0,"[0,0,0,0,0,0,0,0,0,0,0,0,-9,5,-8,5,-7,6,-7,5,-7,6,-7,5,-7,6,-6,6,-6,6,-6,6,-6,6,-6,6,-6,6,-5,6,-5,6,-5,7,-5,7,-5,6,-5,7,-5,7,-5,6,-5,6,-5,7,-5,6,-5,6,-5,6,0,0,-6,6,-6,6,-5,5,-6,5,-5,4,-6,4,-6,4,-5,4,-6,3,-6,3,-6,3,-5,2,-5,2,-5,1,-5,1,-5,1,-5,1,-5,1,-5,0,-5,0,-4,0,-4,0,-4,-1,-4,-1,-4,-1,-3,-1,0,0,0,0,0,0,0,0,0,0,0,0,0,0,-48,31,-45,24,-44,31,-39,31,-40,34,-39,35,-33,31,-37,36,-29,32,-33,38,-31,38,-29,41,-27,40,-29,38,-28,40,-25,38,-24,39,-24,34,-23,40,-22,40,-23,42,-21,37,-21,40,-20,40,-19,38,-19,38,-21,38,-17,41,-20,38,-23,36,-24,37,-26,42,-24,33,-26,37,-24,32,-24,31,-24,34,-24,27,-27,27,-29,27,-29,24,-28,20,-27,18,-24,19,-26,17,-25,15,-26,12,-24,11,-27,6,-24,6,-24,5,-21,4,-22,3,-17,-3,-18,2,-20,2,-20,-1,0,0,0,0,0,0,0,0,0,0,0,0,0,0,0,0,0,0,0,0,0,0,6,-45,10,-48,12,-46,12,-49,8,-47,12,-47,12,-49,10,-51,12,-53,15,-51,18,-53,19,-53,16,-55,21,-55,18,-59,21,-55,18,-60,19,-56,19,-61,15,-59,14,-60,16,-63,15,-57,18,-62,13,-63,15,-60,15,-62,12,-64,10,-59,9,-66,6,-56,6,-64,1,-64,1,-62,-1,-66,-4,-64,-5,-63,-5,-66,-10,-66,-8,-64,-8,-65,-13,-64,-14,-66,-15,-63,-16,-64,-18,-67,-22,-63,-22,-64,-21,-64,-21,-59,-23,-61,-22,-59,-20,-58,-22,-59,-23,-56,-27,-57,-25,-54,0,0]"
CSI_DATA,246,2a:00:00:00:00:00,-42,11,1,0,1,1,1,0,0,0,1,-96,0,11,2,3525445,0,44,0,384,0,"[0,0,0,0,0,0,0,0,0,0,0,0,3,-9,3,-9,2,-9,2,-9,2,-9,2,-9,1,-9,1,-9,1,-9,1,-9,1,-9,0,-9,0,-9,0,-9,0,-8,0,-9,0,-9,0,-9,-1,-8,-1,-8,-1,-8,-1,-8,-1,-8,-1,-8,-1,-8,0,-8,0,0,0,-8,0,-8,0,-8,1,-8,0,-7,0,-7,1,-7,1,-7,1,-7,2,-6,2,-6,2,-6,1,-5,2,-5,2,-5,2,-4,2,-4,2,-4,2,-4,2,-3,2,-3,2,-3,2,-3,2,-2,2,-2,2,-2,0,0,0,0,0,0,0,0,0,0,0,0,0,0,33,-47,32,-42,30,-42,28,-42,25,-48,21,-41,20,-47,19,-41,18,-48,18,-43,16,-43,14,-46,11,-47,12,-50,13,-46,7,-47,8,-47,4,-47,5,-45,7,-47,4,-44,5,-49,2,-45,4,-46,5,-44,3,-46,5,-47,1,-44,3,-47,4,-43,7,-42,8,-41,8,-42,6,-41,7,-40,10,-37,9,-40,12,-38,11,-35,17,-31,15,-31,15,-28,15,-28,15,-26,15,-24,17,-23,14,-21,14,-20,19,-18,17,-12,16,-16,16,-13,14,-15,17,-11,15,-9,17,-9,16,-5,0,0,0,0,0,0,0,0,0,0,0,0,0,0,0,0,0,0,0,0,0,0,4,45,-1,43,3,49,3,47,0,50,-2,49,-4,51,-3,53,-4,57,-2,57,-2,56,-3,57,-2,60,-4,59,-1,57,-5,60,-3,60,-3,61,0,58,-2,61,2,61,-1,66,-2,64,2,64,5,64,2,64,1,64,2,59,8,65,9,59,8,63,10,59,13,60,15,58,18,62,19,58,22,60,23,60,25,60,28,60,25,55,33,61,31,57,37,59,32,54,35,58,34,56,39,51,38,51,39,53,37,49,38,47,40,48,42,46,39,41,39,44,44,39,0,0]"
CSI_DATA,247,2a:00:00:00:00:00,-42,11,1,0,1,1,1,0,0,0,1,-96,0,11,2,3545007,0,44,0,384,0,"[0,0,0,0,0,0,0,0,0,0,0,0,-10,-3,-10,-3,-10,-3,-9,-3,-9,-2,-9,-2,-9,-1,-10,-1,-10,-1,-9,-1,-9,-1,-9,0,-9,-1,-9,-1,-9,-1,-9,0,-9,0,-9,0,-9,0,-9,0,-9,0,-9,0,-9,0,-9,0,-9,0,-9,0,0,0,-9,0,-8,-1,-8,-1,-8,-1,-8,-2,-8,-2,-7,-2,-7,-2,-7,-2,-7,-2,-6,-3,-6,-3,-5,-3,-5,-3,-5,-3,-5,-3,-4,-4,-4,-3,-4,-3,-3,-3,-3,-3,-3,-3,-3,-3,-2,-3,-2,-3,-2,-3,0,0,0,0,0,0,0,0,0,0,0,0,0,0,-48,-20,-50,-20,-53,-16,-53,-16,-51,-15,-48,-10,-48,-8,-51,-7,-47,-4,-48,-6,-47,1,-49,0,-48,-1,-47,2,-47,-1,-49,3,-47,5,-43,6,-47,7,-43,9,-45,8,-44,6,-47,8,-46,6,-44,7,-42,5,-45,6,-45,6,-41,4,-43,6,-44,6,-45,6,-42,3,-41,2,-42,4,-38,-2,-39,-3,-40,-3,-37,-5,-38,-4,-34,-6,-34,-7,-29,-11,-30,-10,-27,-11,-29,-9,-24,-10,-22,-12,-21,-14,-21,-14,-19,-14,-18,-15,-16,-17,-14,-15,-15,-14,-15,-17,-12,-16,0,0,0,0,0,0,0,0,0,0,0,0,0,0,0,0,0,0,0,0,0,0,42,-18,43,-19,43,-16,47,-18,47,-17,50,-15,47,-17,52,-14,51,-17,52,-15,54,-15,57,-16,56,-16,58,-14,58,-17,59,-19,60,-16,61,-15,62,-20,62,-17,58,-23,60,-18,60,-19,64,-21,57,-22,58,-23,59,-20,60,-27,58,-26,58,-30,55,-30,56,-33,56,-31,54,-32,53,-39,50,-34,48,-40,50,-43,49,-41,48,-45,50,-44,42,-48,45,-50,43,-50,48,-48,42,-54,40,-53,37,-54,40,-50,39,-49,38,-54,35,-53,35,-53,33,-56,32,-53,31,-55,30,-52,0,0]"
CSI_DATA,248,2a:00:00:00:00:00,-43,11,1,0,1,1,1,0,0,0,1,-96,0,11,2,3556528,0,44,0,384,0,"[0,0,0,0,0,0,0,0,0,0,0,0,-8,5,-8,5,-7,5,-7,5,-7,5,-7,5,-7,6,-7,6,-7,6,-6,6,-6,6,-6,6,-6,6,-6,6,-5,6,-5,6,-5,7,-5,6,-5,6,-5,6,-5,6,-5,6,-5,6,-5,6,-5,6,-5,6,0,0,-6,6,-5,5,-6,5,-6,5,-5,4,-5,4,-6,4,-6,3,-6,3,-6,3,-6,2,-5,2,-5,2,-5,2,-5,1,-5,1,-5,1,-5,0,-5,0,-4,0,-4,0,-4,0,-4,-1,-4,-1,-4,-1,-3,-1,0,0,0,0,0,0,0,0,0,0,0,0,0,0,-50,13,-48,17,-52,21,-46,22,-40,23,-46,24,-40,23,-47,27,-35,26,-41,32,-40,29,-37,29,-37,34,-29,30,-34,32,-33,33,-32,35,-30,33,-28,37,-27,36,-32,38,-27,32,-29,39,-27,35,-26,34,-27,35,-26,34,-25,35,-27,34,-28,36,-26,35,-30,36,-27,29,-28,31,-29,29,-31,28,-30,27,-30,26,-27,21,-29,20,-28,18,-30,17,-30,15,-27,13,-29,11,-24,9,-30,8,-26,7,-25,7,-25,2,-21,5,-22,0,-21,1,-18,2,-18,-1,-20,-3,-17,-3,0,0,0,0,0,0,0,0,0,0,0,0,0,0,0,0,0,0,0,0,0,0,25,-38,26,-40,23,-35,30,-42,27,-39,34,-41,31,-41,31,-40,33,-42,31,-41,34,-43,35,-45,36,-48,36,-49,37,-53,35,-47,39,-51,35,-44,39,-54,39,-54,38,-51,36,-51,32,-50,38,-55,35,-55,32,-55,31,-54,32,-54,26,-52,29,-62,23,-52,25,-62,23,-58,22,-61,19,-60,16,-61,14,-60,13,-64,11,-64,7,-63,7,-69,6,-60,10,-67,0,-66,1,-68,2,-68,0,-67,-6,-64,-4,-66,-4,-60,-5,-65,-8,-64,-8,-66,-9,-60,-12,-61,-10,-61,-11,-55,0,0]"
CSI_DATA,249,2a:00:00:00:00:00,-42,11,1,0,1,1,1,0,0,0,1,-96,0,11,2,3566519,0,44,0,384,0,"[0,0,0,0,0,0,0,0,0,0,0,0,-6,7,-5,7,-5,8,-5,7,-4,7,-4,7,-4,7,-3,8,-3,8,-3,8,-3,7,-3,8,-2,8,-2,8,-2,8,-2,8,-2,8,-2,8,-2,7,-2,8,-2,7,-2,7,-2,8,-2,7,-2,7,-2,7,0,0,-2,7,-3,7,-3,7,-3,7,-3,6,-3,6,-3,6,-3,5,-4,5,-4,5,-4,4,-4,4,-4,3,-4,3,-4,3,-4,3,-4,3,-4,2,-4,2,-4,2,-4,1,-4,1,-4,1,-4,1,-4,0,-3,0,0,0,0,0,0,0,0,0,0,0,0,0,0,0,-41,32,-37,35,-34,37,-35,34,-34,39,-31,36,-28,42,-28,39,-28,39,-27,42,-25,42,-24,40,-21,42,-22,44,-19,41,-16,42,-16,44,-13,41,-16,42,-16,44,-14,44,-14,43,-14,42,-12,42,-16,42,-12,39,-11,41,-12,43,-13,42,-16,43,-15,38,-17,40,-14,38,-12,38,-17,34,-16,34,-17,34,-22,33,-19,30,-22,27,-21,26,-24,23,-22,22,-22,21,-23,18,-22,17,-22,17,-20,16,-20,12,-22,8,-20,9,-20,8,-22,7,-18,3,-17,5,-19,3,-20,0,0,0,0,0,0,0,0,0,0,0,0,0,0,0,0,0,0,0,0,0,0,0,-1,-44,2,-50,1,-48,3,-49,4,-49,5,-53,5,-53,11,-52,5,-55,8,-57,8,-56,10,-59,8,-58,9,-59,8,-60,8,-61,9,-63,12,-63,9,-64,11,-65,5,-63,6,-64,10,-66,5,-66,5,-66,4,-65,3,-62,4,-64,2,-64,-4,-64,-1,-65,-7,-67,-1,-65,-10,-64,-8,-64,-13,-64,-11,-66,-12,-66,-10,-64,-8,-60,-31,-64,-22,-64,-24,-66,-27,-62,-28,-59,-31,-62,-26,-60,-30,-61,-29,-56,-34,-63,-35,-57,-33,-57,-33,-56,-31,-49,-34,-51,-35,-49,-38,-49,0,0]"
CSI_DATA,250,2a:00:00:00:00:00,-43,11,1,0,1,1,1,0,0,0,1,-96,0,11,2,3575050,0,44,0,384,0,"[0,0,0,0,0,0,0,0,0,0,0,0,2,8,3,8,3,8,3,8,3,7,3,7,4,7,4,7,4,7,4,7,4,7,4,6,4,6,5,6,5,6,5,6,5,6,5,6,5,6,5,6,5,6,5,6,4,6,5,6,4,6,4,6,0,0,4,6,4,6,3,6,3,6,3,6,3,6,2,6,2,6,1,5,1,5,1,5,1,5,0,5,0,5,0,4,0,4,-1,4,-1,4,-1,3,-1,3,-1,3,-1,3,-1,3,-2,3,-2,2,-2,2,0,0,0,0,0,0,0,0,0,0,0,0,0,0,12,54,14,52,18,52,18,47,18,44,20,46,22,42,24,44,24,42,24,39,28,38,28,37,27,36,26,38,29,36,30,39,27,35,31,34,29,32,30,30,36,30,30,30,34,31,35,27,31,32,33,30,28,31,30,32,29,33,30,33,26,30,29,31,27,29,27,32,22,30,21,33,21,31,22,30,21,32,17,24,11,30,11,30,12,33,9,27,8,27,5,25,5,26,1,23,2,23,0,22,1,20,-2,22,-1,20,-4,19,-5,20,-6,16,-10,12,0,0,0,0,0,0,0,0,0,0,0,0,0,0,0,0,0,0,0,0,0,0,-41,-22,-42,-23,-42,-23,-43,-25,-41,-27,-44,-30,-43,-27,-45,-28,-46,-26,-44,-33,-46,-36,-45,-34,-49,-34,-50,-36,-51,-34,-48,-35,-52,-38,-49,-34,-51,-36,-55,-34,-55,-35,-56,-36,-52,-32,-53,-37,-55,-38,-53,-34,-52,-32,-56,-30,-54,-30,-61,-31,-54,-25,-64,-25,-61,-21,-58,-21,-64,-20,-61,-17,-63,-16,-64,-20,-65,-14,-67,-13,-65,-12,-65,-10,-70,-9,-66,-7,-68,-6,-69,-2,-63,-3,-66,2,-65,1,-64,2,-66,-1,-64,1,-63,5,-58,7,-65,6,-63,9,-61,8,0,0]"
CSI_DATA,251,2a:00:00:00:00:00,-43,11,1,0,1,1,1,0,0,0,1,-96,0,11,2,3595061,0,44,0,384,0,"[0,0,0,0,0,0,0,0,0,0,0,0,9,-1,9,-1,9,-1,9,-1,8,-1,8,-2,8,-2,8,-2,8,-2,7,-2,8,-3,8,-3,8,-3,7,-3,7,-3,7,-3,7,-4,7,-3,7,-4,7,-3,7,-3,7,-3,7,-3,7,-4,7,-3,7,-3,0,0,7,-3,7,-2,7,-2,7,-2,6,-2,6,-1,6,-1,6,-1,6,-1,6,-1,5,0,5,0,5,0,5,1,4,1,4,1,4,1,4,1,3,1,3,1,3,1,2,1,2,1,2,1,2,2,2,2,0,0,0,0,0,0,0,0,0,0,0,0,0,0,50,16,51,10,52,10,48,8,47,6,47,3,49,0,45,2,43,2,46,-2,46,-3,44,-5,45,-7,42,-5,43,-8,43,-7,45,-10,42,-9,41,-9,44,-12,42,-13,41,-13,40,-14,41,-14,40,-13,41,-12,40,-11,40,-12,41,-11,42,-11,40,-11,41,-11,41,-9,38,-7,35,-8,37,-4,35,-7,33,-3,33,-3,35,0,34,2,32,3,27,6,28,8,26,7,26,7,25,8,22,8,21,11,22,8,19,9,17,9,18,10,15,11,14,10,11,13,10,12,0,0,0,0,0,0,0,0,0,0,0,0,0,0,0,0,0,0,0,0,0,0,-41,21,-43,19,-44,19,-46,16,-45,17,-49,17,-49,20,-50,18,-51,15,-52,18,-53,18,-54,19,-56,19,-53,17,-55,20,-58,16,-57,20,-58,20,-57,21,-59,20,-58,22,-58,21,-57,23,-60,25,-58,22,-58,25,-56,25,-58,27,-55,28,-55,31,-52,31,-52,32,-51,36,-49,35,-54,40,-49,39,-45,41,-45,44,-47,42,-46,45,-44,48,-42,48,-42,50,-42,52,-38,50,-36,53,-37,49,-34,55,-29,52,-35,53,-32,54,-30,53,-31,51,-31,52,-28,51,-26,54,-23,52,0,0]"
CSI_DATA,252,2a:00:00:00:00:00,-43,11,1,0,1,1,1,0,0,0,1,-96,0,11,2,3614999,0,44,0,384,0,"[0,0,0,0,0,0,0,0,0,0,0,0,8,-3,8,-4,8,-4,8,-4,7,-4,7,-4,7,-4,7,-5,7,-5,7,-5,6,-5,6,-5,6,-5,6,-5,6,-5,6,-6,6,-6,6,-6,5,-6,6,-5,5,-5,6,-6,6,-6,5,-6,5,-5,6,-5,0,0,6,-5,6,-5,6,-4,6,-4,5,-4,5,-4,6,-3,5,-3,6,-3,5,-3,5,-2,5,-2,4,-1,4,-1,4,-1,4,-1,4,-1,4,-1,4,0,3,0,3,0,3,0,3,0,3,1,3,1,2,1,0,0,0,0,0,0,0,0,0,0,0,0,0,0,54,-11,49,-12,52,-17,47,-12,47,-20,47,-17,44,-21,44,-20,39,-20,41,-27,43,-26,41,-26,39,-29,37,-23,35,-25,34,-31,36,-32,34,-32,34,-31,30,-32,33,-33,32,-29,30,-32,31,-33,33,-32,30,-29,30,-30,28,-32,28,-30,30,-33,29,-31,31,-32,31,-27,30,-28,31,-26,30,-24,34,-21,32,-20,27,-17,30,-20,31,-15,31,-14,25,-10,26,-11,27,-7,25,-7,25,-5,25,-4,25,-5,21,-4,22,0,23,-1,16,1,15,3,16,3,16,2,17,7,0,0,0,0,0,0,0,0,0,0,0,0,0,0,0,0,0,0,0,0,0,0,-31,36,-33,37,-32,33,-37,33,-35,32,-39,36,-38,37,-41,35,-41,39,-39,34,-41,37,-43,39,-46,42,-47,40,-47,42,-46,37,-48,43,-45,37,-47,47,-44,46,-44,43,-49,44,-42,44,-45,47,-45,46,-41,49,-43,47,-41,51,-39,47,-38,52,-38,49,-34,56,-33,53,-33,55,-30,57,-27,57,-23,55,-24,60,-21,61,-19,59,-19,64,-17,65,-18,67,-17,63,-13,67,-11,67,-8,65,-6,64,-6,64,-6,59,-5,62,-1,64,-3,64,-1,59,-1,61,2,61,1,58,0,0]"
CSI_DATA,253,2a:00:00:00:00:00,-43,11,1,0,1,1,1,0,0,0,1,-96,0,11,2,3655003,0,44,0,384,0,"[0,0,0,0,0,0,0,0,0,0,0,0,-8,-5,-8,-5,-8,-4,-9,-4,-9,-4,-9,-4,-9,-3,-9,-3,-8,-3,-9,-3,-9,-3,-9,-3,-8,-2,-8,-3,-8,-2,-9,-2,-9,-1,-8,-1,-9,-1,-9,-1,-8,-1,-8,-2,-8,-1,-8,-2,-8,-2,-8,-2,0,0,-8,-2,-8,-2,-7,-3,-7,-2,-7,-3,-7,-3,-7,-3,-6,-3,-6,-3,-6,-3,-5,-4,-5,-4,-5,-4,-4,-4,-4,-4,-4,-3,-4,-4,-3,-4,-3,-3,-3,-3,-3,-3,-2,-4,-2,-4,-2,-4,-2,-3,-1,-3,0,0,0,0,0,0,0,0,0,0,0,0,0,0,-39,-36,-40,-34,-41,-34,-41,-29,-40,-25,-44,-27,-41,-24,-44,-22,-43,-19,-42,-19,-47,-17,-42,-15,-43,-14,-44,-14,-43,-13,-44,-11,-42,-11,-42,-11,-42,-9,-44,-3,-45,-6,-43,-4,-43,-7,-43,-5,-42,-6,-39,-7,-44,-5,-43,-6,-40,-9,-41,-8,-41,-5,-39,-6,-36,-8,-41,-9,-39,-10,-36,-16,-37,-15,-32,-14,-33,-17,-30,-16,-30,-16,-26,-19,-25,-15,-24,-16,-23,-18,-20,-16,-22,-15,-17,-18,-16,-16,-15,-15,-13,-18,-11,-15,-11,-19,-10,-15,-7,-21,-8,-14,-8,-16,0,0,0,0,0,0,0,0,0,0,0,0,0,0,0,0,0,0,0,0,0,0,43,3,46,5,48,6,48,4,50,6,49,9,50,5,49,10,52,8,54,12,53,11,56,12,59,10,57,9,58,8,61,9,61,11,59,9,61,9,61,9,62,8,61,8,60,8,64,4,63,6,63,3,59,4,62,1,60,0,66,-3,59,-5,63,-7,63,-9,59,-9,63,-13,60,-13,59,-17,65,-18,61,-19,58,-22,58,-20,56,-26,59,-28,61,-26,58,-29,54,-35,58,-29,55,-33,54,-33,51,-34,55,-36,49,-37,50,-36,47,-37,50,-37,45,-38,45,-39,0,0]"
CSI_DATA,254,2a:00:00:00:00:00,-43,11,1,0,1,1,1,0,0,0,1,-96,0,11,2,3665102,0,44,0,384,0,"[0,0,0,0,0,0,0,0,0,0,0,0,-3,8,-3,8,-2,8,-2,8,-2,8,-2,8,-2,8,-1,8,-1,8,-1,8,-1,7,-1,7,0,7,0,7,0,7,0,7,0,7,0,7,0,7,0,7,0,7,0,7,0,7,0,7,0,7,-1,7,0,0,-1,7,-1,7,-1,6,-1,6,-1,6,-1,6,-2,5,-1,5,-2,5,-3,5,-3,5,-3,4,-3,4,-3,4,-3,3,-3,3,-3,3,-3,3,-3,2,-3,2,-3,2,-3,2,-3,1,-3,1,-3,1,-3,1,0,0,0,0,0,0,0,0,0,0,0,0,0,0,-16,52,-13,50,-11,49,-9,49,-9,48,-6,50,-1,47,-3,49,-1,45,-1,48,3,44,4,44,4,45,5,43,2,41,6,45,9,47,10,42,12,46,8,41,13,47,12,41,14,40,12,42,14,39,11,44,9,40,9,42,7,42,6,39,7,42,5,43,8,39,9,42,4,35,4,39,4,38,0,38,-1,36,-4,35,-7,33,-9,28,-7,32,-8,31,-7,28,-10,22,-11,23,-8,22,-11,21,-15,17,-15,15,-14,17,-15,15,-13,12,-11,13,-13,10,-14,10,0,0,0,0,0,0,0,0,0,0,0,0,0,0,0,0,0,0,0,0,0,0,-24,-44,-26,-43,-21,-44,-21,-48,-22,-48,-23,-47,-22,-50,-20,-50,-21,-54,-20,-50,-19,-55,-21,-57,-20,-57,-24,-62,-23,-59,-19,-58,-22,-63,-25,-58,-27,-59,-26,-61,-29,-58,-27,-60,-24,-63,-27,-62,-26,-60,-27,-60,-28,-60,-29,-60,-31,-54,-35,-56,-34,-51,-36,-58,-42,-50,-41,-51,-41,-52,-44,-50,-42,-47,-45,-46,-45,-46,-49,-48,-53,-48,-49,-42,-53,-44,-54,-40,-53,-38,-52,-38,-54,-39,-58,-36,-57,-33,-55,-33,-52,-35,-58,-34,-58,-30,-51,-28,-53,-27,-56,-25,-54,-21,0,0]"
CSI_DATA,255,2a:00:00:00:00:00,-43,11,1,0,1,1,1,0,0,0,1,-96,0,11,2,3675051,0,44,0,384,0,"[0,0,0,0,0,0,0,0,0,0,0,0,-3,8,-3,8,-2,8,-2,8,-2,8,-1,8,-1,8,-1,8,-1,8,0,8,-1,8,0,8,0,8,0,7,0,7,1,8,1,8,0,8,1,7,1,7,1,7,1,7,1,8,1,7,1,7,0,7,0,0,0,7,0,7,0,7,-1,7,-1,6,-1,6,-1,6,-1,6,-2,6,-2,5,-2,5,-2,5,-2,4,-2,4,-3,4,-3,4,-3,3,-3,3,-3,3,-3,2,-3,2,-3,2,-3,2,-3,1,-3,1,-3,1,0,0,0,0,0,0,0,0,0,0,0,0,0,0,-23,45,-24,42,-19,45,-17,46,-19,45,-16,41,-14,44,-11,41,-11,45,-8,42,-6,46,-5,43,-6,44,-3,43,-3,46,-5,44,0,47,1,43,2,46,1,43,1,43,1,42,6,42,3,43,3,41,1,42,3,40,4,39,1,40,0,40,0,40,-3,44,-2,37,-2,38,-3,38,-6,37,-4,36,-4,34,-9,36,-9,32,-11,32,-13,26,-13,29,-14,24,-11,25,-15,21,-16,19,-13,19,-16,19,-13,12,-17,15,-14,13,-12,12,-16,15,-13,9,-17,8,-15,5,0,0,0,0,0,0,0,0,0,0,0,0,0,0,0,0,0,0,0,0,0,0,-13,-46,-12,-46,-8,-48,-9,-50,-10,-49,-11,-51,-7,-50,-9,-52,-5,-55,-7,-54,-6,-56,-6,-60,-7,-62,-6,-62,-8,-60,-7,-61,-5,-62,-8,-59,-10,-60,-11,-61,-11,-61,-9,-65,-13,-63,-10,-61,-11,-59,-14,-63,-13,-66,-17,-58,-16,-61,-20,-62,-21,-59,-23,-59,-25,-58,-29,-57,-28,-56,-31,-58,-30,-54,-33,-54,-36,-55,-37,-53,-38,-54,-40,-52,-42,-50,-43,-53,-42,-49,-46,-48,-48,-47,-47,-45,-45,-47,-47,-42,-46,-44,-46,-43,-50,-39,-42,-36,-47,-37,-46,-35,-43,-32,0,0]"
CSI_DATA,256,2a:00:00:00:00:00,-43,11,1,0,1,1,1,0,0,0,1,-96,0,11,2,3685104,0,44,0,384,0,"[0,0,0,0,0,0,0,0,0,0,0,0,6,6,6,6,6,5,7,5,6,5,7,4,7,4,7,4,7,4,7,3,7,3,7,3,7,3,7,3,7,3,7,2,7,2,7,2,7,2,7,2,7,2,7,2,7,2,7,2,7,2,6,2,0,0,6,3,6,3,6,3,6,3,5,3,5,3,5,3,5,4,4,3,4,3,3,4,3,4,3,4,3,4,2,3,2,3,2,4,1,3,1,3,1,3,1,3,0,3,0,3,0,3,0,3,0,3,0,0,0,0,0,0,0,0,0,0,0,0,0,0,28,45,28,42,31,42,32,37,32,38,32,36,33,33,33,32,34,31,36,29,36,29,39,25,41,26,33,24,35,24,38,21,40,23,40,23,39,24,39,21,40,20,40,21,39,19,35,21,39,19,40,20,38,16,38,20,39,24,37,19,36,18,33,25,31,23,31,23,31,20,31,23,27,24,24,27,24,26,21,23,19,25,18,24,17,27,15,26,10,25,10,25,8,25,6,24,5,21,4,18,4,19,2,17,5,19,-2,20,0,18,-3,14,-3,15,0,0,0,0,0,0,0,0,0,0,0,0,0,0,0,0,0,0,0,0,0,0,-49,-3,-50,-7,-49,-9,-52,-11,-54,-9,-53,-12,-51,-12,-54,-14,-57,-14,-56,-11,-55,-17,-56,-16,-61,-17,-60,-18,-61,-17,-60,-19,-65,-20,-60,-18,-62,-16,-64,-21,-66,-16,-67,-16,-64,-17,-65,-14,-64,-17,-66,-10,-64,-14,-68,-11,-61,-10,-68,-8,-64,-7,-67,-4,-64,-5,-66,1,-66,2,-67,4,-65,8,-62,7,-66,6,-69,7,-71,9,-65,14,-68,15,-66,14,-62,14,-64,20,-63,23,-63,23,-65,22,-61,21,-61,22,-61,24,-61,24,-51,24,-54,23,-57,24,-50,28,0,0]"
CSI_DATA,257,2a:00:00:00:00:00,-43,11,1,0,1,1,1,0,0,0,1,-96,0,11,2,3695137,0,44,0,384,0,"[0,0,0,0,0,0,0,0,0,0,0,0,8,-3,8,-3,8,-3,8,-4,7,-3,8,-4,7,-4,7,-5,7,-4,7,-4,7,-5,7,-5,6,-5,6,-5,6,-5,6,-5,6,-6,6,-5,6,-5,6,-5,6,-5,6,-5,6,-5,6,-5,6,-5,6,-5,0,0,6,-4,6,-4,6,-3,6,-3,6,-3,6,-3,6,-2,6,-2,6,-2,5,-2,5,-2,5,-1,5,-1,5,0,4,0,4,0,4,0,4,0,3,0,3,1,3,1,3,1,2,1,2,1,2,1,2,1,0,0,0,0,0,0,0,0,0,0,0,0,0,0,50,8,48,8,47,9,48,5,49,1,47,0,47,-2,48,-2,44,-5,43,-6,47,-6,44,-9,45,-9,40,-10,46,-14,44,-11,43,-13,43,-14,42,-15,40,-15,42,-16,39,-14,39,-17,38,-15,36,-12,39,-14,39,-14,37,-13,37,-13,40,-13,39,-13,41,-11,39,-11,37,-9,37,-8,37,-4,34,-2,31,-1,37,2,31,-1,31,5,29,4,29,4,28,5,25,8,22,8,23,6,23,8,18,11,17,10,16,10,15,9,16,12,14,11,12,13,12,13,10,11,0,0,0,0,0,0,0,0,0,0,0,0,0,0,0,0,0,0,0,0,0,0,-37,27,-41,26,-39,27,-43,26,-44,27,-43,26,-44,22,-48,24,-52,23,-48,28,-52,27,-50,31,-51,30,-54,29,-56,27,-52,27,-57,29,-54,26,-54,32,-55,26,-57,29,-57,28,-56,31,-57,33,-54,31,-52,35,-51,37,-53,35,-49,35,-50,36,-47,38,-48,38,-47,39,-48,41,-48,43,-46,45,-41,45,-40,48,-40,49,-37,52,-39,49,-37,54,-37,53,-35,55,-34,54,-30,55,-32,55,-30,54,-28,57,-27,57,-26,56,-24,57,-24,58,-24,56,-21,56,-19,53,-16,54,0,0]"
CSI_DATA,258,2a:00:00:00:00:00,-43,11,1,0,1,1,1,0,0,0,1,-96,0,11,2,3725043,0,44,0,384,0,"[0,0,0,0,0,0,0,0,0,0,0,0,6,-7,6,-7,5,-7,5,-7,5,-8,5,-7,4,-8,4,-8,4,-8,4,-8,4,-8,4,-8,3,-8,3,-7,3,-7,3,-8,3,-8,3,-8,3,-8,2,-8,3,-8,3,-8,3,-8,3,-7,3,-7,3,-7,0,0,3,-7,4,-7,4,-6,4,-6,4,-6,4,-6,4,-6,4,-5,4,-5,4,-4,5,-4,4,-3,4,-3,4,-3,4,-2,4,-2,3,-2,3,-2,3,-2,3,-1,3,-1,3,-1,3,-1,3,0,3,0,3,0,0,0,0,0,0,0,0,0,0,0,0,0,0,0,42,-33,41,-27,39,-33,39,-35,36,-31,34,-35,33,-35,29,-32,27,-35,29,-35,28,-37,28,-33,27,-38,27,-38,26,-37,21,-40,21,-40,18,-37,19,-38,20,-40,22,-42,20,-38,19,-40,19,-37,18,-37,17,-37,21,-38,18,-38,20,-38,21,-36,22,-37,21,-34,19,-34,20,-31,21,-31,20,-28,24,-27,22,-27,24,-22,27,-21,24,-23,25,-17,27,-16,23,-16,22,-12,24,-10,22,-9,23,-8,21,-6,23,-5,20,-4,19,0,18,-1,17,0,19,0,17,2,15,4,0,0,0,0,0,0,0,0,0,0,0,0,0,0,0,0,0,0,0,0,0,0,-3,46,-6,45,-6,50,-8,49,-7,51,-11,51,-12,51,-11,49,-13,55,-14,53,-13,53,-16,55,-15,57,-17,60,-17,59,-17,58,-17,60,-17,61,-15,60,-17,58,-16,60,-18,64,-15,61,-14,64,-15,59,-11,63,-12,59,-13,60,-7,65,-7,61,-7,63,-4,62,-5,61,0,61,-1,66,2,60,5,65,7,62,7,63,10,62,10,63,14,66,13,65,14,64,14,60,17,60,18,61,18,60,21,60,22,57,23,58,21,59,23,54,23,52,23,52,24,50,29,48,0,0]"
CSI_DATA,259,2a:00:00:00:00:00,-43,11,1,0,1,1,1,0,0,0,1,-96,0,11,2,3734990,0,44,0,384,0,"[0,0,0,0,0,0,0,0,0,0,0,0,6,-7,5,-7,5,-7,5,-7,5,-7,4,-7,4,-7,4,-7,4,-8,3,-7,4,-8,3,-8,3,-8,3,-7,3,-8,3,-8,3,-8,3,-8,2,-8,2,-8,2,-8,2,-8,2,-8,2,-7,3,-7,3,-7,0,0,3,-7,3,-7,3,-7,3,-6,3,-6,3,-6,3,-6,3,-5,3,-5,4,-5,4,-4,4,-4,3,-3,3,-3,3,-3,4,-3,3,-3,3,-2,3,-2,3,-2,3,-2,3,-1,3,-1,3,-1,3,-1,2,0,0,0,0,0,0,0,0,0,0,0,0,0,0,0,47,-23,46,-26,40,-29,41,-28,42,-28,37,-31,38,-34,33,-32,33,-32,31,-32,32,-36,30,-34,31,-35,29,-39,27,-36,27,-42,24,-37,24,-40,21,-35,26,-38,25,-38,23,-41,22,-39,20,-39,23,-35,21,-39,21,-38,20,-37,22,-36,22,-35,24,-34,22,-34,23,-30,22,-31,24,-33,22,-27,24,-28,25,-24,24,-24,28,-23,27,-21,28,-19,26,-13,22,-14,24,-12,26,-13,25,-10,23,-10,19,-6,21,-8,21,-4,20,-1,20,-4,18,-1,15,-2,18,2,17,2,0,0,0,0,0,0,0,0,0,0,0,0,0,0,0,0,0,0,0,0,0,0,-14,47,-17,44,-20,46,-21,47,-20,51,-22,47,-25,50,-26,45,-28,50,-24,50,-27,52,-24,54,-26,57,-30,56,-28,56,-29,55,-30,56,-29,57,-29,57,-30,57,-29,56,-30,58,-29,60,-25,58,-26,60,-21,59,-24,60,-23,60,-20,61,-21,58,-18,62,-15,62,-14,63,-13,63,-10,63,-10,63,-8,64,-4,65,-4,64,0,67,3,66,3,68,6,64,7,67,7,64,7,68,8,64,10,65,12,65,14,64,16,61,16,62,14,57,17,57,18,56,19,57,22,53,0,0]"
CSI_DATA,260,2a:00:00:00:00:00,-43,11,1,0,1,1,1,0,0,0,1,-96,0,11,2,3746268,0,44,0,384,0,"[0,0,0,0,0,0,0,0,0,0,0,0,1,8,1,8,2,9,2,8,2,8,2,7,3,7,3,7,3,7,4,7,3,7,3,7,4,7,4,6,4,6,4,7,4,6,4,6,4,6,4,6,4,6,4,6,4,6,4,6,4,6,3,6,0,0,3,6,3,6,3,6,2,6,2,6,2,6,2,6,1,5,0,5,0,5,0,5,0,5,0,5,0,4,-1,4,-1,4,-1,4,-1,3,-2,3,-1,3,-2,3,-2,3,-2,3,-2,2,-2,2,-2,2,0,0,0,0,0,0,0,0,0,0,0,0,0,0,-9,51,-9,50,-5,52,-6,49,1,49,-1,47,0,49,5,47,5,45,8,46,7,47,11,47,12,45,11,44,10,44,11,42,10,44,15,41,14,40,18,42,20,42,16,40,18,41,17,38,20,39,18,39,19,37,15,41,16,41,16,36,17,36,13,36,15,39,12,38,11,40,8,36,5,35,5,35,4,35,0,32,-1,32,-3,29,-2,29,-3,29,-3,26,-4,25,-5,21,-8,26,-10,19,-8,21,-11,16,-9,18,-9,20,-9,18,-10,16,-13,13,-12,12,0,0,0,0,0,0,0,0,0,0,0,0,0,0,0,0,0,0,0,0,0,0,-23,-43,-24,-45,-25,-43,-24,-47,-23,-48,-24,-49,-21,-54,-22,-53,-20,-52,-23,-57,-23,-58,-22,-59,-24,-57,-26,-56,-22,-57,-24,-61,-26,-62,-27,-60,-25,-60,-27,-59,-26,-62,-28,-65,-28,-62,-30,-59,-28,-59,-31,-59,-30,-56,-31,-53,-35,-56,-36,-55,-39,-54,-41,-51,-44,-53,-40,-48,-45,-52,-46,-47,-46,-47,-52,-44,-52,-43,-52,-43,-50,-39,-58,-39,-57,-39,-59,-40,-56,-35,-60,-36,-58,-34,-59,-32,-60,-31,-61,-32,-59,-28,-62,-24,-56,-25,-57,-23,-61,-22,-57,-22,-60,-19,0,0]"
CSI_DATA,261,2a:00:00:00:00:00,-43,11,1,0,1,1,1,0,0,0,1,-96,0,11,2,3755085,0,44,0,384,0,"[0,0,0,0,0,0,0,0,0,0,0,0,-10,-1,-10,0,-9,0,-9,0,-9,0,-9,0,-9,1,-9,1,-9,1,-9,1,-9,1,-9,2,-8,2,-8,2,-8,2,-9,2,-8,2,-8,2,-8,2,-8,2,-8,2,-8,2,-8,2,-8,2,-8,2,-8,2,0,0,-8,2,-8,1,-8,1,-7,1,-7,0,-7,0,-7,0,-7,-1,-7,-1,-6,-1,-6,-1,-6,-2,-5,-2,-5,-2,-5,-2,-5,-2,-5,-2,-4,-2,-4,-2,-4,-2,-3,-2,-3,-3,-3,-3,-3,-3,-3,-3,-2,-3,0,0,0,0,0,0,0,0,0,0,0,0,0,0,-50,-20,-46,-17,-46,-12,-50,-13,-51,-13,-48,-8,-52,-10,-44,-9,-48,-5,-46,-5,-49,-2,-50,-2,-46,-1,-47,-1,-46,0,-47,7,-46,5,-47,5,-41,5,-46,8,-47,7,-43,8,-43,10,-44,7,-42,3,-41,7,-45,7,-42,8,-41,6,-43,6,-44,7,-41,3,-41,3,-40,1,-39,0,-41,-2,-37,-2,-38,-4,-37,-7,-33,-7,-35,-6,-32,-10,-29,-10,-29,-13,-26,-12,-26,-14,-22,-13,-22,-15,-16,-12,-18,-13,-18,-14,-14,-18,-16,-12,-13,-16,-12,-13,-11,-14,-10,-16,0,0,0,0,0,0,0,0,0,0,0,0,0,0,0,0,0,0,0,0,0,0,47,-17,44,-20,46,-17,48,-17,50,-18,52,-14,49,-14,55,-12,58,-12,56,-12,57,-14,55,-14,63,-17,65,-10,63,-12,64,-13,62,-14,65,-14,60,-19,63,-16,64,-16,64,-17,65,-18,62,-19,60,-19,62,-20,63,-20,60,-24,60,-27,57,-28,59,-29,57,-32,59,-30,56,-33,56,-36,54,-39,54,-40,53,-42,53,-41,50,-41,49,-44,50,-48,44,-45,49,-50,42,-47,42,-51,41,-51,42,-51,40,-52,41,-51,39,-53,35,-53,40,-54,34,-50,33,-54,32,-52,29,-52,0,0]"
CSI_DATA,262,2a:00:00:00:00:00,-43,11,1,0,1,1,1,0,0,0,1,-96,0,11,2,3765044,0,44,0,384,0,"[0,0,0,0,0,0,0,0,0,0,0,0,-10,-1,-10,0,-10,0,-9,0,-9,0,-9,1,-9,1,-9,1,-9,1,-9,2,-9,2,-8,2,-8,2,-8,2,-8,2,-8,3,-8,2,-8,2,-8,2,-8,2,-8,2,-8,2,-8,2,-8,2,-8,2,-8,2,0,0,-8,2,-8,1,-7,1,-7,1,-7,0,-7,0,-7,0,-7,0,-7,-1,-6,-1,-6,-1,-6,-1,-6,-2,-5,-2,-5,-2,-5,-2,-5,-2,-4,-2,-4,-2,-4,-2,-4,-2,-3,-3,-3,-3,-3,-3,-3,-3,-2,-3,0,0,0,0,0,0,0,0,0,0,0,0,0,0,-49,-18,-50,-17,-49,-10,-49,-14,-46,-11,-47,-9,-44,-5,-46,-4,-45,-2,-45,-2,-46,1,-47,2,-47,4,-43,4,-45,2,-45,3,-45,6,-42,8,-43,5,-46,9,-46,11,-41,8,-41,7,-40,13,-41,8,-40,9,-40,9,-42,9,-42,8,-42,6,-39,7,-42,8,-40,1,-38,3,-39,2,-38,1,-36,0,-34,-1,-34,-4,-34,-4,-30,-6,-33,-7,-29,-12,-26,-7,-25,-10,-24,-9,-23,-8,-20,-14,-21,-11,-22,-11,-15,-11,-15,-11,-13,-12,-14,-13,-13,-14,-10,-14,-11,-14,0,0,0,0,0,0,0,0,0,0,0,0,0,0,0,0,0,0,0,0,0,0,44,-18,43,-15,48,-17,51,-14,47,-16,50,-15,50,-14,55,-12,56,-12,55,-15,59,-13,57,-13,58,-16,58,-13,62,-11,61,-13,64,-12,60,-12,61,-18,60,-17,64,-16,62,-21,61,-18,63,-17,63,-20,61,-22,59,-21,58,-23,58,-24,59,-24,55,-27,56,-30,56,-32,53,-32,55,-34,49,-34,51,-40,50,-41,49,-42,51,-43,50,-43,48,-49,47,-47,46,-47,43,-47,42,-48,40,-53,37,-55,38,-51,36,-50,36,-50,32,-52,33,-51,28,-50,30,-49,28,-51,26,-53,0,0]"
CSI_DATA,263,2a:00:00:00:00:00,-43,11,1,0,1,1,1,0,0,0,1,-96,0,11,2,3775030,0,44,0,384,0,"[0,0,0,0,0,0,0,0,0,0,0,0,-10,1,-9,1,-9,2,-9,2,-9,2,-8,2,-9,3,-8,3,-8,3,-8,3,-8,3,-8,3,-8,3,-8,3,-7,3,-8,4,-7,4,-8,4,-7,4,-7,4,-7,3,-7,3,-8,4,-7,3,-7,3,-7,3,0,0,-7,3,-7,2,-7,2,-7,2,-7,1,-7,1,-7,1,-7,0,-6,0,-7,0,-6,0,-6,-1,-5,-1,-5,-1,-5,-1,-5,-1,-5,-2,-4,-1,-4,-2,-4,-2,-4,-2,-3,-2,-3,-2,-3,-2,-3,-2,-3,-2,0,0,0,0,0,0,0,0,0,0,0,0,0,0,-52,4,-53,5,-50,7,-49,13,-47,14,-45,13,-43,15,-42,16,-42,17,-43,16,-41,20,-41,21,-42,23,-39,22,-39,23,-37,26,-38,22,-35,24,-35,25,-35,27,-35,29,-36,24,-34,26,-32,27,-34,23,-32,26,-36,26,-35,26,-31,23,-36,27,-35,24,-36,21,-32,21,-33,19,-36,19,-30,14,-31,16,-32,11,-31,12,-34,10,-32,6,-28,5,-30,3,-28,2,-28,-1,-28,2,-25,1,-23,-4,-21,-3,-22,-1,-21,-4,-22,-3,-16,-6,-18,-6,-16,-8,-19,-7,-15,-11,0,0,0,0,0,0,0,0,0,0,0,0,0,0,0,0,0,0,0,0,0,0,29,-35,33,-35,31,-38,35,-34,36,-37,36,-34,38,-38,38,-39,39,-42,40,-39,43,-37,42,-39,46,-42,47,-39,44,-40,46,-42,46,-44,47,-44,44,-44,45,-43,43,-43,44,-46,46,-44,47,-44,46,-43,46,-45,45,-48,42,-48,41,-48,37,-50,40,-52,37,-52,34,-51,33,-53,34,-56,29,-59,28,-58,28,-58,25,-61,24,-61,23,-60,18,-64,19,-62,19,-65,13,-60,15,-65,13,-65,11,-65,10,-62,8,-63,9,-63,9,-63,8,-58,3,-59,3,-60,3,-58,3,-57,0,0]"
CSI_DATA,264,2a:00:00:00:00:00,-43,11,1,0,1,1,1,0,0,0,1,-96,0,11,2,3785033,0,44,0,384,0,"[0,0,0,0,0,0,0,0,0,0,0,0,-6,7,-6,7,-5,7,-5,7,-5,7,-5,7,-4,7,-4,7,-4,7,-4,7,-4,7,-3,8,-3,7,-3,7,-2,7,-3,7,-2,7,-2,7,-2,7,-2,7,-2,7,-2,7,-2,7,-2,7,-2,7,-3,7,0,0,-3,7,-3,6,-3,6,-3,6,-3,6,-3,5,-4,5,-3,5,-4,5,-4,4,-4,4,-4,4,-4,3,-4,3,-4,3,-4,2,-4,2,-4,2,-4,1,-4,1,-4,1,-4,1,-4,1,-3,1,-4,0,-4,0,0,0,0,0,0,0,0,0,0,0,0,0,0,0,-40,31,-44,37,-37,37,-36,33,-33,39,-31,34,-29,40,-27,36,-23,38,-25,37,-22,36,-21,39,-24,42,-18,39,-19,36,-18,38,-15,41,-15,42,-13,41,-15,42,-17,41,-16,39,-11,40,-11,42,-12,38,-14,38,-13,40,-11,39,-13,40,-13,39,-16,40,-18,37,-16,35,-18,36,-18,35,-21,29,-18,31,-17,31,-17,28,-21,24,-21,25,-23,22,-19,20,-22,18,-21,17,-22,16,-21,12,-19,12,-20,10,-21,6,-21,7,-18,7,-18,6,-17,4,-18,3,-19,3,-20,1,0,0,0,0,0,0,0,0,0,0,0,0,0,0,0,0,0,0,0,0,0,0,7,-46,8,-46,11,-48,9,-50,13,-51,11,-50,15,-53,12,-52,18,-54,17,-55,15,-53,13,-58,16,-60,16,-62,19,-60,19,-57,17,-59,19,-61,13,-65,17,-60,20,-61,18,-65,14,-63,16,-63,14,-62,9,-63,12,-65,10,-67,8,-64,7,-63,4,-63,3,-66,-1,-64,-2,-62,-4,-65,-5,-64,-6,-63,-8,-64,-13,-65,-12,-64,-13,-65,-19,-62,-16,-61,-19,-66,-19,-59,-23,-60,-23,-60,-25,-56,-27,-60,-25,-57,-26,-57,-32,-55,-28,-54,-28,-55,-30,-52,-33,-51,-33,-48,0,0]"
CSI_DATA,265,2a:00:00:00:00:00,-43,11,1,0,1,1,1,0,0,0,1,-96,0,11,2,3795068,0,44,0,384,0,"[0,0,0,0,0,0,0,0,0,0,0,0,1,8,2,8,2,8,2,8,3,8,2,7,3,7,3,7,3,7,3,7,3,7,3,7,4,7,4,7,4,6,4,6,4,6,4,6,4,6,4,6,4,6,4,6,4,6,4,6,4,6,3,6,0,0,3,6,3,6,3,6,2,6,2,6,2,6,2,6,1,6,1,5,0,5,0,5,0,5,0,5,0,4,-1,4,-1,4,-1,4,-1,4,-2,3,-2,3,-2,3,-2,3,-2,3,-2,3,-2,2,-2,2,0,0,0,0,0,0,0,0,0,0,0,0,0,0,10,54,7,48,9,48,11,44,15,45,17,44,16,43,18,46,20,42,20,41,20,38,23,37,22,38,23,38,23,37,22,35,24,36,26,36,26,34,25,34,29,32,24,31,26,34,27,30,28,31,27,32,27,31,26,33,27,34,24,30,22,31,20,32,20,31,18,32,17,30,15,34,18,30,13,30,13,32,8,30,6,29,2,31,4,31,2,27,3,26,-1,22,-4,24,-2,23,-4,22,-3,18,-5,19,-7,18,-5,18,-8,18,-12,16,-9,14,-8,12,0,0,0,0,0,0,0,0,0,0,0,0,0,0,0,0,0,0,0,0,0,0,-38,-26,-41,-27,-40,-28,-40,-31,-41,-32,-40,-34,-41,-34,-44,-33,-45,-37,-42,-34,-42,-37,-47,-41,-49,-40,-48,-42,-50,-43,-43,-42,-48,-44,-45,-40,-50,-41,-51,-40,-50,-40,-52,-41,-49,-39,-51,-40,-51,-41,-52,-40,-50,-40,-52,-39,-52,-37,-55,-37,-53,-28,-59,-33,-55,-29,-56,-27,-61,-26,-60,-25,-59,-22,-58,-22,-61,-22,-64,-18,-66,-18,-62,-18,-66,-17,-64,-12,-63,-13,-62,-9,-63,-9,-60,-7,-64,-5,-65,-4,-64,-8,-62,-6,-61,-2,-57,-1,-58,-2,-62,1,-54,0,0,0]"
CSI_DATA,266,2a:00:00:00:00:00,-43,11,1,0,1,1,1,0,0,0,1,-96,0,11,2,3805014,0,44,0,384,0,"[0,0,0,0,0,0,0,0,0,0,0,0,2,8,2,8,2,8,2,7,3,7,2,7,3,7,3,7,3,6,3,6,3,6,3,6,4,6,4,6,4,6,4,6,4,5,4,6,4,5,4,5,4,5,4,5,4,5,4,5,4,5,3,5,0,0,3,5,3,6,3,5,2,5,2,5,2,5,2,5,2,5,1,5,1,5,0,5,0,4,0,4,0,4,-1,4,-1,4,-1,4,-1,3,-1,3,-1,3,-1,3,-1,3,-2,3,-2,2,-2,2,-2,2,0,0,0,0,0,0,0,0,0,0,0,0,0,0,10,51,6,50,9,50,15,44,16,46,14,46,15,42,21,42,21,43,18,38,21,39,25,38,24,35,21,34,25,35,26,32,28,35,27,32,27,34,26,31,29,31,27,30,30,29,29,30,27,32,29,32,27,30,28,33,29,29,25,30,25,30,24,30,25,32,20,31,18,31,20,34,19,32,16,32,13,28,9,29,10,28,9,28,6,27,5,28,4,27,2,25,0,24,1,25,-3,20,-3,19,-1,20,-6,20,-2,18,-5,17,-5,17,-5,15,-9,12,0,0,0,0,0,0,0,0,0,0,0,0,0,0,0,0,0,0,0,0,0,0,-36,-31,-35,-33,-36,-32,-36,-34,-37,-38,-39,-39,-38,-39,-38,-41,-42,-42,-40,-42,-39,-42,-40,-45,-43,-45,-44,-47,-43,-46,-43,-45,-43,-46,-43,-49,-46,-45,-46,-46,-46,-45,-46,-47,-47,-45,-46,-45,-47,-44,-50,-42,-48,-43,-50,-44,-49,-39,-51,-39,-50,-36,-55,-35,-55,-33,-55,-31,-59,-31,-59,-29,-60,-25,-59,-23,-59,-23,-63,-22,-62,-21,-61,-17,-63,-20,-65,-14,-64,-12,-64,-13,-65,-9,-61,-7,-66,-7,-62,-9,-63,-6,-62,-4,-61,-2,-60,-3,-61,-4,-58,1,-58,3,0,0]"
CSI_DATA,267,2a:00:00:00:00:00,-43,11,1,0,1,1,1,0,0,0,1,-96,0,11,2,3815138,0,44,0,384,0,"[0,0,0,0,0,0,0,0,0,0,0,0,6,-6,6,-6,6,-6,5,-6,5,-6,5,-6,4,-7,4,-7,4,-7,4,-7,4,-7,4,-7,3,-7,3,-7,3,-7,3,-7,3,-7,3,-7,3,-7,2,-7,3,-7,2,-7,3,-7,3,-7,3,-7,3,-7,0,0,3,-7,3,-6,3,-6,3,-6,3,-5,3,-5,3,-5,3,-5,4,-4,4,-4,4,-4,4,-3,3,-3,3,-3,4,-2,3,-2,3,-2,3,-2,3,-2,3,-1,3,-1,3,-1,3,-1,2,-1,2,0,2,0,0,0,0,0,0,0,0,0,0,0,0,0,0,0,49,-22,48,-22,42,-22,42,-25,40,-25,38,-28,36,-29,36,-27,33,-31,33,-29,36,-32,34,-29,32,-34,28,-34,30,-35,28,-37,26,-33,25,-35,26,-36,25,-35,25,-35,26,-36,22,-36,23,-34,22,-33,26,-34,25,-35,21,-34,21,-32,21,-34,26,-34,25,-31,25,-29,22,-30,26,-29,27,-22,23,-25,28,-23,28,-22,26,-20,26,-16,28,-17,27,-15,23,-13,19,-10,25,-6,25,-8,20,-2,21,-3,21,-4,19,-3,19,-1,18,-1,16,0,17,2,16,3,14,5,0,0,0,0,0,0,0,0,0,0,0,0,0,0,0,0,0,0,0,0,0,0,-18,43,-20,40,-21,41,-22,42,-25,44,-24,44,-27,44,-27,47,-33,50,-27,46,-30,50,-30,52,-33,54,-34,55,-35,53,-36,52,-36,50,-34,54,-33,53,-34,53,-32,55,-35,58,-33,52,-29,54,-30,55,-28,58,-30,57,-26,61,-27,58,-23,55,-18,60,-18,61,-21,60,-16,63,-14,61,-16,65,-9,63,-9,62,-8,65,-5,66,-5,64,-3,62,-2,68,1,67,1,61,2,67,4,62,6,61,9,64,6,60,12,58,10,58,12,60,11,57,11,56,15,59,14,54,0,0]"
CSI_DATA,268,2a:00:00:00:00:00,-43,11,1,0,1,1,1,0,0,0,1,-96,0,11,2,3835414,0,44,0,384,0,"[0,0,0,0,0,0,0,0,0,0,0,0,4,7,4,7,5,7,4,7,5,6,5,6,5,6,5,6,5,6,5,5,5,5,5,5,5,5,6,5,5,4,6,4,6,4,6,4,6,4,6,4,6,4,6,4,5,4,5,4,5,4,5,4,0,0,5,4,5,4,5,4,4,4,4,4,4,4,4,5,3,4,3,4,2,4,2,4,2,4,2,4,1,4,1,4,1,3,1,4,0,3,0,3,0,3,0,3,0,3,0,3,-1,3,-1,2,-1,2,0,0,0,0,0,0,0,0,0,0,0,0,0,0,9,46,12,53,11,46,16,44,18,44,17,44,18,44,20,41,20,43,21,39,22,38,25,35,29,36,26,34,26,35,28,35,31,32,30,34,29,33,31,31,30,27,30,31,29,26,30,27,28,27,30,32,29,27,32,29,28,31,29,27,28,28,23,28,25,28,21,30,24,27,20,28,23,30,23,28,17,28,13,25,14,26,11,26,8,31,10,26,6,27,5,26,4,21,4,25,2,20,1,20,0,19,0,20,0,19,-4,18,-8,18,-7,15,-5,14,0,0,0,0,0,0,0,0,0,0,0,0,0,0,0,0,0,0,0,0,0,0,-35,-35,-36,-34,-38,-36,-34,-37,-36,-37,-35,-36,-36,-39,-39,-40,-40,-42,-38,-43,-38,-44,-37,-47,-39,-47,-41,-47,-44,-47,-40,-48,-41,-46,-38,-50,-43,-46,-46,-46,-46,-46,-49,-47,-46,-48,-44,-45,-45,-46,-47,-44,-47,-44,-48,-41,-51,-41,-52,-37,-52,-36,-53,-35,-55,-33,-56,-27,-57,-29,-62,-27,-59,-27,-59,-25,-60,-25,-65,-23,-65,-18,-63,-14,-62,-18,-66,-21,-63,-15,-63,-11,-66,-10,-60,-9,-72,-7,-75,-7,-67,-6,-63,-5,-60,-3,-58,2,-61,-2,-58,2,-58,8,0,0]"
CSI_DATA,269,2a:00:00:00:00:00,-43,11,1,0,1,1,1,0,0,0,1,-96,0,11,2,3845022,0,44,0,384,0,"[0,0,0,0,0,0,0,0,0,0,0,0,5,-7,5,-7,4,-7,4,-7,4,-7,4,-7,3,-8,3,-8,3,-8,3,-7,3,-8,3,-8,2,-8,2,-8,2,-8,2,-8,2,-8,2,-8,2,-8,2,-7,2,-7,1,-7,2,-7,2,-7,2,-7,2,-7,0,0,2,-7,2,-6,2,-6,2,-6,3,-6,3,-6,3,-5,3,-5,3,-5,3,-4,3,-4,3,-4,3,-4,3,-3,3,-3,3,-3,3,-2,3,-2,3,-2,3,-2,3,-2,3,-1,2,-1,2,-1,2,-1,2,0,0,0,0,0,0,0,0,0,0,0,0,0,0,0,43,-29,42,-28,40,-32,38,-29,34,-30,36,-31,30,-34,30,-36,26,-35,30,-38,25,-36,24,-37,23,-39,22,-36,24,-38,22,-40,19,-39,19,-39,20,-40,19,-38,17,-43,18,-39,14,-40,16,-39,16,-37,15,-38,15,-37,17,-37,17,-39,19,-37,18,-37,19,-37,20,-32,20,-32,21,-33,18,-30,19,-31,21,-26,22,-24,23,-24,23,-22,26,-21,23,-17,21,-17,22,-13,24,-14,22,-11,19,-10,22,-6,20,-7,16,-7,20,-4,18,-3,16,-1,14,0,16,0,19,1,0,0,0,0,0,0,0,0,0,0,0,0,0,0,0,0,0,0,0,0,0,0,-12,44,-14,47,-15,43,-20,50,-17,47,-20,49,-21,48,-20,49,-22,53,-21,49,-25,54,-26,53,-26,56,-25,52,-27,57,-25,57,-26,59,-28,57,-24,60,-23,61,-26,59,-23,59,-22,58,-24,60,-22,61,-24,60,-20,59,-19,62,-15,58,-13,62,-13,59,-15,64,-11,62,-7,63,-5,63,-5,64,0,62,0,65,3,60,4,63,5,65,7,63,8,69,12,61,10,62,17,64,11,63,20,61,11,59,11,56,18,62,18,58,21,59,16,53,20,54,24,53,25,48,0,0]"
CSI_DATA,270,2a:00:00:00:00:00,-43,11,1,0,1,1,1,0,0,0,1,-96,0,11,2,3864998,0,44,0,384,0,"[0,0,0,0,0,0,0,0,0,0,0,0,0,-9,-1,-9,-1,-9,-1,-9,-2,-9,-1,-8,-2,-8,-2,-8,-2,-8,-3,-8,-3,-8,-3,-8,-3,-8,-3,-8,-3,-7,-3,-8,-3,-8,-3,-7,-4,-7,-4,-7,-3,-7,-3,-7,-3,-7,-4,-7,-4,-7,-3,-7,0,0,-3,-7,-3,-7,-2,-7,-2,-7,-2,-7,-2,-7,-1,-7,-1,-6,0,-6,0,-6,0,-6,0,-5,0,-5,0,-5,1,-5,1,-4,1,-4,1,-4,1,-4,1,-4,1,-3,1,-3,1,-3,1,-3,1,-3,2,-3,0,0,0,0,0,0,0,0,0,0,0,0,0,0,24,-49,27,-48,19,-50,18,-47,13,-46,13,-44,11,-45,7,-46,8,-46,6,-46,5,-43,5,-44,1,-45,0,-44,3,-44,-1,-42,-2,-46,-1,-47,-3,-46,-3,-42,-4,-43,-2,-43,-7,-41,-7,-45,-6,-41,-5,-43,-4,-42,-4,-40,-4,-42,-4,-42,-2,-40,2,-41,-1,-41,3,-38,1,-35,1,-37,1,-34,5,-36,5,-36,7,-30,12,-28,15,-27,11,-27,11,-27,14,-24,14,-22,14,-20,11,-21,14,-16,13,-16,16,-17,15,-15,16,-13,14,-10,15,-11,16,-10,17,-7,0,0,0,0,0,0,0,0,0,0,0,0,0,0,0,0,0,0,0,0,0,0,10,48,8,45,9,48,9,50,8,52,7,51,7,51,7,52,7,55,8,55,6,57,4,59,7,62,6,60,6,62,5,62,3,64,7,61,10,63,8,62,8,62,10,65,11,64,12,62,10,63,12,63,14,63,13,63,16,61,19,60,18,60,21,60,25,57,27,59,28,56,28,57,31,57,32,52,32,55,39,55,36,54,38,53,40,50,45,50,41,47,43,47,41,46,46,42,48,42,45,43,45,42,49,42,48,39,44,35,48,34,47,33,47,31,0,0]"
CSI_DATA,271,2a:00:00:00:00:00,-43,11,1,0,1,1,1,0,0,0,1,-96,0,11,2,3875044,0,44,0,384,0,"[0,0,0,0,0,0,0,0,0,0,0,0,-8,-5,-8,-4,-8,-4,-8,-4,-8,-4,-8,-3,-8,-3,-8,-3,-8,-3,-8,-3,-8,-3,-8,-2,-8,-2,-8,-2,-8,-2,-8,-2,-8,-1,-8,-2,-8,-1,-8,-1,-8,-2,-8,-1,-8,-1,-8,-2,-7,-2,-7,-2,0,0,-7,-2,-7,-2,-7,-2,-7,-2,-7,-3,-7,-3,-6,-3,-6,-3,-5,-3,-5,-3,-5,-3,-5,-4,-4,-4,-4,-3,-4,-3,-3,-3,-3,-4,-3,-3,-3,-3,-2,-3,-2,-3,-2,-3,-2,-4,-2,-3,-1,-3,-1,-3,0,0,0,0,0,0,0,0,0,0,0,0,0,0,-40,-33,-41,-30,-44,-27,-42,-27,-42,-21,-42,-19,-47,-19,-42,-17,-43,-17,-43,-14,-46,-14,-43,-11,-44,-10,-42,-11,-45,-6,-45,-5,-43,-5,-45,-2,-41,-4,-45,-3,-45,-1,-41,-3,-40,-2,-40,-4,-40,-7,-42,-6,-45,-2,-43,-1,-43,-2,-39,0,-42,-1,-39,-5,-39,-7,-37,-7,-36,-7,-35,-11,-36,-10,-34,-13,-35,-13,-28,-15,-31,-12,-28,-14,-25,-14,-26,-14,-21,-15,-21,-15,-19,-14,-17,-17,-15,-15,-13,-13,-13,-15,-11,-18,-9,-19,-9,-17,-10,-16,-7,-18,-4,-17,0,0,0,0,0,0,0,0,0,0,0,0,0,0,0,0,0,0,0,0,0,0,45,-3,47,-2,50,0,49,1,51,3,51,3,51,5,53,4,56,6,60,4,59,3,60,3,59,2,62,2,59,5,61,6,63,3,61,7,61,4,62,3,63,6,65,4,65,0,63,-3,64,-4,63,-7,63,-6,65,-3,65,-7,64,-4,63,-8,61,-12,64,-11,62,-13,64,-17,62,-16,60,-24,59,-28,59,-26,55,-28,56,-28,57,-30,57,-32,57,-35,53,-34,56,-36,54,-35,51,-32,52,-40,51,-38,46,-39,44,-44,46,-39,45,-41,38,-42,41,-43,42,-45,0,0]"
CSI_DATA,272,2a:00:00:00:00:00,-43,11,1,0,1,1,1,0,0,0,1,-96,0,11,2,3885735,0,44,0,384,0,"[0,0,0,0,0,0,0,0,0,0,0,0,6,5,7,5,7,5,7,5,7,5,7,4,7,3,7,3,7,3,7,3,7,3,7,2,7,2,7,3,7,2,7,2,7,2,7,2,7,2,7,2,7,2,7,2,7,2,7,1,7,2,7,2,0,0,6,2,6,2,6,3,6,2,5,3,5,3,5,3,4,3,4,3,4,3,3,3,3,3,3,3,3,3,2,3,2,3,2,3,1,3,1,3,1,3,1,3,1,3,0,3,0,3,0,3,0,2,0,0,0,0,0,0,0,0,0,0,0,0,0,0,38,38,34,40,33,38,28,41,32,41,31,37,33,36,32,31,36,32,33,26,33,29,36,28,38,29,36,27,38,24,39,23,40,22,39,20,37,22,38,20,41,20,40,19,38,18,37,20,36,19,37,20,37,18,37,17,36,18,37,21,36,17,33,20,33,22,31,25,31,23,28,26,26,21,25,27,26,25,19,24,21,23,19,21,16,26,13,26,13,26,11,19,8,19,10,20,7,20,4,17,5,17,3,18,1,20,1,18,0,19,0,16,-4,16,0,0,0,0,0,0,0,0,0,0,0,0,0,0,0,0,0,0,0,0,0,0,-50,-15,-47,-14,-50,-16,-49,-19,-49,-19,-50,-21,-51,-21,-52,-24,-56,-24,-53,-21,-54,-24,-55,-23,-58,-25,-59,-26,-56,-29,-56,-30,-60,-27,-59,-29,-59,-27,-59,-29,-59,-25,-63,-30,-63,-24,-64,-21,-65,-24,-62,-22,-61,-21,-62,-21,-62,-19,-64,-18,-64,-15,-64,-16,-62,-12,-65,-9,-67,-7,-68,-4,-66,-3,-65,0,-69,3,-69,3,-66,5,-67,5,-68,7,-68,10,-64,7,-67,15,-64,14,-64,16,-66,15,-67,16,-59,16,-64,20,-58,20,-57,21,-58,23,-57,23,-52,20,0,0]"
CSI_DATA,273,2a:00:00:00:00:00,-43,11,1,0,1,1,1,0,0,0,1,-96,0,11,2,3905035,0,44,0,384,0,"[0,0,0,0,0,0,0,0,0,0,0,0,-6,6,-6,6,-5,6,-5,6,-5,6,-5,7,-5,7,-4,7,-5,6,-4,6,-4,7,-3,7,-3,7,-3,7,-3,7,-3,7,-3,7,-3,6,-3,6,-3,6,-3,6,-3,6,-3,6,-3,6,-3,6,-3,6,0,0,-4,6,-4,5,-4,5,-4,5,-4,5,-4,5,-4,4,-4,4,-5,4,-5,4,-5,3,-4,3,-4,2,-4,2,-5,2,-4,2,-4,1,-4,1,-4,0,-4,1,-4,0,-4,0,-3,0,-3,0,-3,-1,-3,-1,0,0,0,0,0,0,0,0,0,0,0,0,0,0,-43,28,-40,30,-41,33,-38,34,-35,35,-34,33,-31,34,-32,38,-27,33,-28,36,-27,35,-25,40,-25,39,-23,35,-23,34,-19,38,-18,39,-18,40,-18,40,-16,38,-18,42,-15,36,-14,38,-16,37,-16,36,-17,38,-15,37,-15,37,-18,38,-19,38,-16,35,-18,34,-17,30,-19,34,-20,32,-22,30,-21,28,-21,27,-21,26,-23,24,-22,23,-25,20,-22,20,-22,17,-24,15,-22,12,-24,13,-21,8,-22,8,-24,7,-21,7,-21,6,-17,2,-15,3,-19,3,-18,0,-15,-3,0,0,0,0,0,0,0,0,0,0,0,0,0,0,0,0,0,0,0,0,0,0,7,-47,11,-48,13,-47,15,-53,15,-47,18,-52,19,-51,18,-52,20,-52,16,-54,20,-55,17,-58,21,-58,20,-60,20,-60,22,-57,22,-62,23,-58,23,-63,23,-63,20,-62,22,-62,18,-59,19,-62,20,-61,15,-62,14,-63,11,-64,12,-60,12,-66,8,-63,9,-67,5,-62,1,-65,-2,-64,-2,-64,-1,-61,-6,-65,-5,-67,-7,-67,-11,-65,-11,-63,-13,-66,-15,-65,-16,-65,-18,-64,-17,-64,-21,-61,-23,-61,-19,-57,-21,-58,-26,-58,-24,-56,-25,-53,-25,-54,-28,-52,-29,-50,0,0]"
CSI_DATA,274,2a:00:00:00:00:00,-43,11,1,0,1,1,1,0,0,0,1,-96,0,11,2,3915019,0,44,0,384,0,"[0,0,0,0,0,0,0,0,0,0,0,0,-4,8,-3,7,-3,8,-2,8,-2,8,-2,8,-2,8,-2,8,-1,8,-1,8,-1,7,-1,8,0,7,0,7,0,7,0,8,0,7,0,7,0,7,1,7,0,7,1,7,0,7,0,7,0,7,0,7,0,0,0,7,0,6,0,6,-1,6,-1,6,-1,6,-1,6,-1,5,-2,5,-2,5,-2,4,-2,4,-2,4,-2,4,-3,4,-3,3,-3,3,-3,3,-3,2,-3,2,-3,2,-3,2,-3,2,-3,1,-3,1,-3,1,0,0,0,0,0,0,0,0,0,0,0,0,0,0,-24,47,-21,40,-20,46,-17,45,-17,47,-11,45,-9,48,-12,50,-9,42,-7,46,-6,43,-3,43,-2,45,-2,43,2,43,2,46,1,46,4,40,4,42,5,40,4,44,4,38,5,42,4,40,6,40,5,41,3,40,7,39,4,39,2,39,2,41,2,39,3,40,0,38,-2,36,-2,37,-6,35,-3,32,-4,34,-9,31,-9,30,-11,28,-11,25,-9,26,-11,23,-14,21,-13,19,-13,18,-17,21,-16,15,-14,16,-15,12,-12,14,-14,13,-13,11,-16,8,-18,8,0,0,0,0,0,0,0,0,0,0,0,0,0,0,0,0,0,0,0,0,0,0,-13,-48,-10,-47,-10,-48,-10,-52,-9,-52,-10,-52,-9,-54,-8,-56,-6,-59,-9,-56,-7,-58,-7,-59,-8,-63,-8,-64,-6,-62,-5,-64,-7,-67,-8,-63,-9,-65,-9,-64,-8,-63,-10,-67,-11,-65,-12,-64,-11,-65,-15,-64,-15,-63,-14,-65,-15,-61,-21,-66,-23,-59,-24,-65,-25,-60,-27,-58,-27,-59,-29,-59,-31,-56,-35,-57,-40,-54,-40,-55,-36,-54,-39,-51,-43,-53,-40,-49,-40,-50,-46,-47,-43,-43,-45,-45,-47,-48,-50,-41,-46,-37,-49,-42,-46,-41,-46,-38,-50,-34,-50,-36,-48,-35,0,0]"
CSI_DATA,275,2a:00:00:00:00:00,-43,11,1,0,1,1,1,0,0,0,1,-96,0,11,2,3925088,0,44,0,384,0,"[0,0,0,0,0,0,0,0,0,0,0,0,6,6,6,5,7,5,7,5,7,4,7,4,7,3,7,3,7,3,7,3,7,3,7,3,7,3,7,2,7,2,7,2,7,2,7,2,7,1,7,1,7,1,7,2,7,1,7,2,7,2,7,2,0,0,7,2,6,2,6,2,6,2,6,3,6,3,5,3,5,3,4,3,4,3,4,3,4,3,3,3,3,3,2,3,2,3,2,3,2,3,1,3,1,3,1,3,1,3,1,3,0,3,0,2,0,2,0,0,0,0,0,0,0,0,0,0,0,0,0,0,33,39,34,35,34,34,38,31,44,32,40,24,40,25,41,24,38,20,36,19,40,18,40,16,40,15,40,16,41,12,39,13,43,10,40,9,40,10,39,8,43,9,38,7,45,8,40,7,39,6,39,8,40,5,41,10,39,6,38,6,36,11,38,7,37,9,36,9,35,11,32,15,32,14,30,14,29,15,23,17,28,15,24,18,21,18,20,18,19,17,17,16,16,16,15,20,12,16,9,16,8,18,8,15,7,16,7,17,5,17,3,16,1,15,0,0,0,0,0,0,0,0,0,0,0,0,0,0,0,0,0,0,0,0,0,0,-47,-8,-47,-8,-50,-8,-48,-10,-49,-13,-49,-16,-51,-15,-54,-17,-56,-19,-57,-15,-61,-18,-57,-15,-62,-16,-61,-17,-60,-17,-62,-17,-63,-18,-61,-20,-64,-16,-63,-19,-65,-17,-66,-15,-64,-17,-66,-14,-65,-14,-66,-10,-64,-8,-68,-10,-64,-6,-65,-7,-65,-4,-67,0,-66,2,-68,3,-68,5,-64,7,-63,10,-63,15,-66,14,-62,15,-66,14,-65,18,-63,20,-63,21,-61,25,-59,24,-63,23,-58,27,-57,28,-57,26,-56,33,-52,34,-51,31,-51,32,-50,32,-52,31,-46,32,0,0]"
CSI_DATA,276,2a:00:00:00:00:00,-43,11,1,0,1,1,1,0,0,0,1,-96,0,11,2,3935020,0,44,0,384,0,"[0,0,0,0,0,0,0,0,0,0,0,0,4,7,4,7,4,6,4,6,4,6,4,6,5,5,5,5,5,5,5,5,5,5,5,5,5,4,5,5,5,4,5,4,5,4,5,4,6,4,5,4,5,4,5,4,5,4,5,4,5,4,5,4,0,0,5,4,4,4,4,4,4,4,4,4,3,5,3,4,3,4,2,4,2,4,2,4,1,4,1,4,1,4,0,4,0,3,0,4,0,3,0,3,0,3,-1,3,0,3,-1,3,-1,3,-1,2,-1,2,0,0,0,0,0,0,0,0,0,0,0,0,0,0,24,47,25,43,25,43,27,36,31,37,28,35,28,35,28,36,33,30,34,32,35,30,36,28,34,26,35,27,33,26,35,25,39,23,36,23,39,21,34,21,37,20,38,18,40,19,37,20,33,19,38,17,33,19,37,18,33,19,33,20,30,19,33,21,31,22,32,21,30,18,27,22,25,23,25,24,25,23,20,22,19,22,16,24,15,25,17,23,11,24,11,19,8,21,10,22,4,21,4,20,2,19,2,18,1,20,3,17,-2,20,-3,17,-1,14,0,0,0,0,0,0,0,0,0,0,0,0,0,0,0,0,0,0,0,0,0,0,-43,-20,-45,-20,-44,-19,-44,-21,-49,-24,-47,-26,-49,-24,-47,-29,-47,-27,-48,-30,-51,-29,-53,-30,-55,-32,-57,-31,-55,-30,-52,-32,-56,-34,-54,-31,-57,-33,-57,-32,-59,-28,-59,-31,-57,-29,-64,-32,-59,-29,-60,-26,-58,-27,-60,-22,-59,-23,-63,-20,-62,-20,-65,-16,-65,-16,-62,-14,-64,-11,-64,-11,-63,-7,-67,-6,-65,-3,-69,0,-65,1,-65,3,-66,2,-66,4,-66,7,-66,5,-67,7,-64,12,-64,13,-63,11,-62,13,-58,14,-60,16,-57,17,-59,16,-57,16,-55,19,0,0]"
CSI_DATA,277,2a:00:00:00:00:00,-43,11,1,0,1,1,1,0,0,0,1,-96,0,11,2,3944994,0,44,0,384,0,"[0,0,0,0,0,0,0,0,0,0,0,0,6,6,6,6,6,6,6,5,6,5,6,5,7,4,7,4,7,4,7,4,7,4,7,3,7,3,7,3,7,3,7,2,7,2,7,2,7,2,7,2,7,3,7,2,7,2,7,2,6,3,6,3,0,0,6,3,6,3,6,3,5,3,5,3,5,3,5,3,4,3,4,4,3,3,3,4,3,4,3,4,2,4,2,3,2,3,2,4,1,3,1,3,1,3,0,3,0,3,0,3,0,3,0,3,-1,3,0,0,0,0,0,0,0,0,0,0,0,0,0,0,33,40,34,39,36,37,38,32,37,30,37,29,37,27,37,26,36,25,40,21,39,21,41,25,41,22,39,19,38,16,39,15,42,17,38,16,40,14,39,12,42,12,42,13,41,15,37,11,35,15,37,16,38,11,40,13,37,13,38,9,36,13,35,14,35,20,37,16,34,15,30,16,34,18,32,18,27,21,28,18,21,15,21,19,21,18,18,23,16,20,14,18,15,19,12,18,9,17,11,19,6,17,6,18,4,18,3,16,4,18,1,17,0,15,0,0,0,0,0,0,0,0,0,0,0,0,0,0,0,0,0,0,0,0,0,0,-48,-5,-49,-8,-52,-7,-53,-11,-55,-12,-53,-16,-55,-12,-52,-12,-55,-14,-58,-17,-59,-14,-61,-16,-61,-15,-63,-18,-59,-19,-61,-15,-64,-17,-60,-16,-65,-17,-63,-16,-65,-16,-64,-12,-62,-15,-68,-14,-63,-14,-64,-13,-65,-12,-64,-9,-66,-6,-68,-5,-62,-4,-68,-2,-67,-1,-64,3,-66,3,-67,6,-64,6,-68,7,-67,10,-63,13,-64,14,-61,18,-62,23,-62,19,-61,21,-60,24,-61,22,-62,25,-58,24,-57,24,-61,28,-55,26,-54,28,-53,29,-53,27,-51,30,-50,32,0,0]"
CSI_DATA,278,2a:00:00:00:00:00,-43,11,1,0,1,1,1,0,0,0,1,-96,0,11,2,3965013,0,44,0,384,0,"[0,0,0,0,0,0,0,0,0,0,0,0,7,-5,7,-5,7,-5,7,-5,6,-6,6,-6,6,-6,6,-6,6,-6,5,-6,5,-7,5,-6,5,-6,5,-7,4,-6,4,-7,4,-7,4,-7,4,-7,4,-6,4,-6,4,-6,4,-7,4,-6,4,-7,4,-6,0,0,4,-6,4,-6,4,-5,4,-5,4,-5,4,-4,4,-4,4,-4,4,-4,4,-4,4,-3,4,-3,4,-2,4,-2,4,-2,4,-2,4,-2,3,-1,3,-1,3,-1,3,-1,3,0,3,0,3,0,3,0,2,0,0,0,0,0,0,0,0,0,0,0,0,0,0,0,44,-21,46,-25,44,-26,41,-25,39,-28,39,-30,36,-33,33,-27,33,-28,34,-32,28,-35,28,-34,26,-35,26,-36,29,-33,27,-38,28,-35,23,-37,21,-35,22,-38,22,-40,22,-37,22,-35,20,-38,22,-36,17,-34,17,-37,20,-35,19,-33,23,-36,22,-34,25,-33,21,-31,24,-28,23,-29,24,-26,24,-25,23,-24,22,-22,25,-23,24,-19,27,-15,25,-12,22,-14,23,-13,21,-11,23,-8,22,-6,22,-5,20,-6,20,-6,19,-2,16,-1,15,0,18,1,17,1,17,6,0,0,0,0,0,0,0,0,0,0,0,0,0,0,0,0,0,0,0,0,0,0,-18,45,-19,44,-20,44,-22,45,-24,49,-23,48,-24,49,-25,50,-29,50,-25,48,-33,50,-34,51,-30,55,-33,54,-32,55,-33,53,-31,57,-33,56,-30,58,-27,60,-28,59,-29,59,-29,57,-32,57,-32,56,-26,57,-27,56,-25,61,-23,59,-20,62,-17,59,-16,64,-12,63,-11,60,-10,64,-6,63,-10,64,-10,65,-5,63,-8,64,-3,66,1,65,0,69,4,67,6,65,8,66,13,67,13,63,12,61,12,59,11,60,12,58,16,60,11,55,17,55,20,56,17,54,0,0]"
CSI_DATA,279,2a:00:00:00:00:00,-43,11,1,0,1,1,1,0,0,0,1,-96,0,11,2,3975017,0,44,0,384,0,"[0,0,0,0,0,0,0,0,0,0,0,0,3,-9,3,-8,3,-9,3,-9,2,-9,2,-8,2,-9,2,-8,2,-8,1,-8,1,-9,1,-8,0,-9,0,-8,0,-8,0,-9,0,-8,0,-8,0,-8,0,-8,0,-8,0,-8,0,-8,0,-8,0,-8,0,-8,0,0,1,-7,1,-7,1,-7,1,-7,1,-7,2,-6,2,-6,2,-6,2,-6,2,-6,2,-5,2,-5,2,-4,2,-4,3,-4,3,-3,2,-3,3,-3,3,-3,2,-2,3,-2,2,-2,2,-2,2,-2,3,-2,2,-1,0,0,0,0,0,0,0,0,0,0,0,0,0,0,33,-43,31,-42,25,-41,26,-42,23,-44,21,-42,19,-43,18,-44,15,-43,15,-40,17,-44,11,-44,12,-42,13,-43,9,-44,8,-43,7,-45,6,-43,4,-46,4,-42,3,-43,6,-43,1,-43,2,-42,7,-38,4,-40,4,-41,3,-40,2,-43,4,-41,5,-42,8,-38,6,-37,7,-36,12,-36,11,-34,12,-33,10,-32,14,-32,16,-29,16,-27,15,-26,13,-23,16,-23,16,-20,17,-19,18,-16,17,-15,18,-16,16,-13,17,-11,17,-10,15,-9,16,-7,16,-5,17,-5,17,-5,0,0,0,0,0,0,0,0,0,0,0,0,0,0,0,0,0,0,0,0,0,0,10,47,4,49,3,49,2,50,3,52,3,54,-1,53,0,53,-3,59,-1,57,0,61,0,60,0,63,1,62,-2,62,-3,63,-3,65,-1,65,0,62,0,64,-3,65,0,68,3,65,6,64,3,64,5,64,4,66,7,65,7,61,7,63,11,65,12,61,13,62,13,63,18,63,21,62,22,56,25,59,27,59,33,60,28,61,29,57,32,57,36,55,29,55,37,56,34,56,32,51,36,57,35,50,40,50,43,49,40,47,37,45,38,40,44,43,42,40,0,0]"
CSI_DATA,280,2a:00:00:00:00:00,-43,11,1,0,1,1,1,0,0,0,1,-96,0,11,2,3995034,0,44,0,384,0,"[0,0,0,0,0,0,0,0,0,0,0,0,-7,-6,-8,-6,-8,-6,-8,-6,-8,-5,-7,-5,-8,-5,-8,-4,-8,-4,-8,-4,-8,-4,-8,-4,-8,-4,-8,-4,-8,-4,-8,-3,-8,-3,-8,-3,-8,-3,-8,-3,-8,-3,-8,-3,-7,-3,-8,-3,-8,-4,-7,-3,0,0,-7,-3,-7,-4,-7,-4,-6,-4,-6,-4,-6,-4,-6,-5,-5,-5,-5,-5,-4,-4,-4,-5,-4,-5,-3,-5,-3,-5,-3,-5,-3,-4,-2,-4,-2,-4,-2,-4,-1,-4,-1,-4,-1,-4,-1,-4,-1,-4,-1,-4,0,-3,0,0,0,0,0,0,0,0,0,0,0,0,0,0,-39,-28,-41,-28,-45,-27,-46,-22,-42,-20,-44,-20,-46,-20,-44,-21,-43,-16,-43,-14,-43,-8,-44,-11,-44,-10,-47,-10,-42,-8,-44,-8,-44,-8,-42,-8,-43,-9,-42,-5,-43,-1,-39,-3,-42,-1,-41,0,-40,-2,-42,-4,-41,-4,-44,-5,-42,-5,-40,-3,-40,-4,-36,-3,-38,-7,-38,-10,-36,-8,-34,-12,-35,-7,-33,-12,-31,-11,-31,-13,-29,-12,-28,-14,-27,-17,-22,-17,-22,-16,-21,-15,-17,-15,-18,-16,-17,-15,-12,-17,-15,-14,-13,-16,-10,-14,-9,-15,-8,-17,-4,-14,-5,-15,0,0,0,0,0,0,0,0,0,0,0,0,0,0,0,0,0,0,0,0,0,0,48,0,50,-5,50,-4,52,-1,49,3,54,4,52,-1,56,0,58,2,56,3,59,5,61,4,61,6,60,4,65,5,62,4,67,5,62,5,67,4,66,0,63,-2,65,0,63,2,67,1,65,0,70,1,66,-3,65,-6,66,-7,68,-11,61,-10,64,-9,65,-12,61,-18,62,-18,60,-20,60,-23,62,-26,63,-23,60,-27,60,-27,57,-32,59,-33,54,-33,57,-33,54,-35,51,-36,50,-40,54,-38,48,-39,51,-37,47,-39,47,-39,44,-42,44,-37,44,-41,40,-43,0,0]"
CSI_DATA,281,2a:00:00:00:00:00,-87,11,1,0,1,1,1,0,0,0,1,-96,0,11,2,4005728,0,44,0,384,0,"[0,0,0,0,0,0,0,0,0,0,0,0,-3,8,-3,7,-3,7,-3,7,-3,7,-3,7,-2,7,-3,7,-2,7,-2,6,-3,6,-2,6,-2,7,-1,6,-1,6,-1,6,-1,5,-1,5,-1,5,0,5,-1,5,-1,5,-1,5,-1,5,-1,6,-1,6,0,0,0,6,0,6,0,6,-1,6,-1,5,-2,5,-2,4,-2,4,-3,3,-4,3,-4,3,-4,3,-4,2,-4,2,-4,2,-4,1,-4,1,-4,2,-4,2,-4,0,-4,0,-4,0,-4,0,-4,0,-4,0,-4,-1,0,0,0,0,0,0,0,0,0,0,0,0,0,0,37,34,38,32,38,30,39,28,39,26,40,24,40,22,41,20,41,19,42,17,42,16,42,14,42,12,42,11,42,10,42,8,42,7,42,6,42,5,42,5,41,4,41,4,41,3,40,3,40,3,40,2,39,2,39,2,38,3,38,3,37,3,37,4,36,5,36,6,35,7,33,8,33,9,31,9,30,10,29,11,28,12,26,12,24,13,23,13,21,13,19,14,18,14,16,14,15,14,14,14,12,14,11,14,10,14,9,14,8,14,7,14,6,14,0,0,0,0,0,0,0,0,0,0,0,0,0,0,0,0,0,0,0,0,0,0,-50,-13,-50,-13,-50,-14,-51,-15,-51,-16,-52,-17,-53,-18,-54,-18,-56,-19,-57,-19,-58,-20,-59,-20,-60,-20,-61,-20,-61,-20,-62,-20,-63,-20,-63,-20,-63,-20,-64,-19,-64,-19,-65,-18,-65,-16,-66,-16,-66,-14,-66,-13,-66,-11,-66,-10,-66,-8,-66,-6,-66,-4,-66,-3,-66,0,-66,2,-66,4,-66,7,-66,9,-66,11,-65,13,-65,16,-64,18,-64,20,-63,21,-63,23,-62,25,-61,26,-60,28,-59,29,-58,30,-57,31,-56,31,-54,32,-53,33,-51,34,-50,34,-49,35,-48,35,0,0]"
CSI_DATA,282,2a:00:00:00:00:00,-43,11,1,0,1,1,1,0,0,0,1,-96,0,11,2,4015017,0,44,0,384,0,"[0,0,0,0,0,0,0,0,0,0,0,0,-9,0,-9,0,-9,0,-9,0,-9,1,-9,1,-9,1,-8,1,-8,1,-8,2,-8,2,-8,2,-8,2,-8,2,-8,2,-8,3,-8,3,-7,3,-7,3,-7,2,-7,2,-7,2,-7,2,-7,3,-7,2,-7,2,0,0,-7,2,-7,1,-7,1,-7,1,-7,1,-7,1,-6,0,-6,0,-6,0,-6,0,-6,-1,-5,-1,-5,-1,-5,-1,-5,-1,-5,-1,-5,-2,-4,-2,-4,-2,-4,-2,-4,-2,-3,-3,-3,-2,-3,-3,-3,-3,-2,-3,0,0,0,0,0,0,0,0,0,0,0,0,0,0,-50,-10,-55,-7,-52,-4,-51,-4,-50,-3,-48,-1,-45,1,-45,5,-44,5,-44,7,-45,4,-46,10,-45,10,-44,10,-42,13,-41,14,-42,13,-42,17,-42,12,-40,14,-42,16,-38,17,-39,16,-38,17,-35,12,-40,15,-33,11,-34,13,-36,12,-37,13,-39,14,-39,12,-34,9,-39,9,-36,4,-35,3,-34,2,-34,-1,-35,3,-34,-1,-32,0,-30,1,-27,-3,-26,-7,-28,-7,-23,-6,-25,-8,-22,-10,-21,-10,-20,-8,-18,-10,-19,-12,-15,-11,-12,-12,-13,-11,-10,-13,-13,-14,0,0,0,0,0,0,0,0,0,0,0,0,0,0,0,0,0,0,0,0,0,0,38,-29,39,-30,38,-29,43,-31,42,-27,45,-28,50,-26,50,-26,51,-27,51,-30,50,-30,53,-26,56,-34,55,-31,58,-32,55,-30,58,-31,53,-32,55,-29,59,-31,56,-33,60,-34,55,-36,54,-34,56,-36,56,-34,53,-37,55,-42,50,-37,53,-41,46,-42,50,-42,46,-41,48,-45,47,-47,45,-47,44,-48,39,-50,40,-50,38,-53,39,-57,35,-55,36,-58,32,-59,34,-58,26,-57,31,-59,29,-59,31,-59,24,-59,21,-59,22,-59,25,-63,20,-52,19,-57,15,-59,15,-55,0,0]"
CSI_DATA,283,2a:00:00:00:00:00,-43,11,1,0,1,1,1,0,0,0,1,-96,0,11,2,4025023,0,44,0,384,0,"[0,0,0,0,0,0,0,0,0,0,0,0,-8,4,-7,5,-7,5,-7,5,-6,5,-6,5,-6,5,-6,5,-6,5,-5,5,-5,6,-5,6,-5,6,-5,6,-5,6,-5,6,-5,6,-4,6,-4,6,-4,5,-4,5,-4,5,-4,5,-4,5,-4,5,-4,5,0,0,-5,5,-5,5,-4,4,-5,4,-4,4,-5,4,-5,3,-5,3,-5,3,-5,3,-5,2,-5,2,-5,2,-4,1,-5,1,-5,1,-4,0,-4,0,-4,0,-4,0,-4,0,-4,-1,-3,-1,-3,-1,-4,-1,-3,-1,0,0,0,0,0,0,0,0,0,0,0,0,0,0,-50,15,-48,18,-49,17,-44,21,-42,23,-41,22,-39,23,-39,22,-36,25,-36,27,-37,27,-38,28,-37,31,-31,28,-34,31,-32,34,-27,31,-28,31,-27,30,-29,31,-30,31,-29,31,-24,32,-24,30,-26,29,-27,30,-26,33,-24,33,-27,30,-23,29,-25,27,-29,29,-28,24,-24,24,-27,25,-29,21,-26,21,-28,19,-28,16,-29,16,-28,14,-30,12,-29,10,-25,11,-26,6,-25,5,-23,5,-22,2,-22,0,-23,-1,-21,3,-20,-2,-20,-3,-16,-4,-17,-5,-19,-5,-17,-6,0,0,0,0,0,0,0,0,0,0,0,0,0,0,0,0,0,0,0,0,0,0,22,-44,24,-41,25,-42,25,-43,27,-47,30,-46,30,-43,33,-46,34,-48,33,-46,37,-50,36,-51,35,-51,36,-51,38,-53,35,-50,38,-54,37,-52,34,-53,38,-52,38,-53,38,-54,37,-55,36,-56,35,-55,30,-55,31,-56,30,-58,31,-56,27,-57,23,-59,25,-59,22,-59,21,-62,23,-61,19,-60,16,-64,14,-67,12,-62,10,-65,10,-64,6,-68,4,-64,2,-68,4,-65,3,-65,4,-68,-2,-65,0,-64,-6,-63,-6,-61,-6,-63,-9,-62,-9,-59,-13,-60,-10,-58,-12,-55,0,0]"
CSI_DATA,284,2a:00:00:00:00:00,-43,11,1,0,1,1,1,0,0,0,1,-96,0,11,2,4035423,0,44,0,384,0,"[0,0,0,0,0,0,0,0,0,0,0,0,-10,-1,-10,-1,-9,-1,-10,-1,-9,0,-9,0,-9,1,-9,1,-9,1,-8,1,-9,1,-9,2,-8,1,-8,1,-8,1,-8,2,-8,2,-8,2,-8,2,-8,2,-8,2,-8,1,-8,2,-8,2,-8,2,-8,2,0,0,-8,1,-7,1,-7,0,-7,0,-7,0,-7,0,-7,0,-7,0,-6,-1,-6,-1,-6,-1,-5,-2,-5,-2,-5,-2,-5,-2,-5,-2,-4,-2,-4,-2,-4,-3,-3,-3,-3,-3,-3,-3,-3,-3,-2,-3,-2,-3,-2,-3,0,0,0,0,0,0,0,0,0,0,0,0,0,0,-43,-23,-47,-24,-45,-18,-47,-21,-44,-17,-47,-14,-45,-13,-45,-8,-44,-7,-42,-7,-45,-8,-44,-5,-46,-6,-41,-3,-46,-5,-41,0,-42,-4,-42,0,-39,0,-45,1,-44,3,-42,3,-40,3,-41,0,-38,2,-40,-1,-40,2,-40,0,-40,0,-39,1,-40,0,-39,-1,-39,-5,-37,-4,-37,-5,-34,-8,-32,-7,-32,-7,-29,-11,-30,-8,-29,-10,-27,-10,-22,-13,-24,-16,-20,-15,-22,-13,-19,-16,-17,-16,-17,-15,-15,-16,-12,-15,-10,-16,-9,-15,-11,-17,-8,-16,-6,-17,-4,-16,0,0,0,0,0,0,0,0,0,0,0,0,0,0,0,0,0,0,0,0,0,0,43,-17,45,-16,47,-16,47,-15,51,-15,49,-12,51,-14,53,-11,52,-13,56,-13,56,-14,56,-16,60,-14,58,-14,59,-12,63,-10,62,-12,62,-13,59,-14,61,-11,62,-12,64,-13,63,-17,61,-16,60,-14,62,-18,61,-16,60,-21,60,-21,57,-21,59,-24,57,-25,57,-27,55,-30,57,-30,53,-30,56,-33,52,-35,49,-35,50,-39,50,-37,50,-42,51,-41,49,-44,46,-43,47,-45,43,-45,42,-46,44,-45,41,-45,41,-46,36,-47,38,-48,36,-50,34,-50,30,-47,33,-48,0,0]"
CSI_DATA,285,2a:00:00:00:00:00,-43,11,1,0,1,1,1,0,0,0,1,-96,0,11,2,4045052,0,44,0,384,0,"[0,0,0,0,0,0,0,0,0,0,0,0,2,8,3,8,3,8,3,7,4,7,3,7,4,7,4,7,4,6,4,6,4,6,4,6,5,6,5,6,5,6,5,6,5,5,4,5,5,5,5,5,5,5,5,5,4,5,5,5,4,5,4,5,0,0,4,5,4,5,3,5,3,5,3,5,3,5,2,5,2,5,1,5,1,5,1,5,1,5,0,4,0,4,0,4,-1,4,0,4,-1,3,-1,3,-1,3,-1,3,-1,3,-2,3,-2,3,-2,2,-2,2,0,0,0,0,0,0,0,0,0,0,0,0,0,0,7,50,8,47,16,51,14,45,17,42,18,42,18,42,20,44,16,41,22,38,23,35,25,36,27,36,23,34,24,34,26,32,27,36,27,31,31,32,29,32,30,32,28,30,27,26,27,31,28,27,30,30,26,27,27,29,25,27,26,29,22,26,25,30,23,28,21,29,20,29,18,30,16,29,14,31,13,29,13,31,12,27,6,28,9,28,6,27,3,26,4,22,0,26,0,24,-1,20,-3,20,-4,19,-2,18,-6,18,-2,18,-6,16,-7,16,-7,15,0,0,0,0,0,0,0,0,0,0,0,0,0,0,0,0,0,0,0,0,0,0,-39,-28,-39,-29,-36,-31,-40,-36,-39,-36,-40,-35,-40,-37,-44,-38,-41,-40,-42,-38,-45,-43,-44,-41,-48,-42,-44,-43,-50,-44,-46,-46,-49,-50,-43,-43,-50,-47,-49,-44,-48,-46,-50,-42,-46,-40,-51,-44,-51,-45,-55,-41,-54,-40,-56,-43,-50,-36,-56,-37,-52,-34,-57,-39,-58,-34,-61,-29,-60,-29,-60,-28,-58,-24,-63,-21,-63,-19,-63,-17,-64,-19,-63,-16,-68,-15,-63,-13,-65,-12,-63,-6,-64,-9,-66,-6,-62,-5,-64,-5,-62,-4,-62,-1,-62,0,-56,-2,-63,1,-62,1,-58,2,0,0]"
CSI_DATA,286,2a:00:00:00:00:00,-43,11,1,0,1,1,1,0,0,0,1,-96,0,11,2,4055877,0,44,0,384,0,"[0,0,0,0,0,0,0,0,0,0,0,0,-9,2,-9,2,-9,2,-8,2,-9,3,-8,3,-8,3,-8,4,-8,4,-7,4,-7,4,-7,4,-7,4,-7,4,-7,4,-7,4,-6,4,-7,4,-6,4,-6,4,-6,4,-6,4,-6,4,-6,4,-6,3,-6,4,0,0,-7,3,-6,3,-7,3,-7,3,-6,2,-6,2,-6,1,-6,1,-6,1,-6,1,-6,0,-5,0,-5,0,-5,-1,-5,-1,-5,-1,-5,-1,-4,-1,-4,-1,-4,-2,-4,-2,-3,-2,-3,-2,-3,-2,-3,-2,-3,-2,0,0,0,0,0,0,0,0,0,0,0,0,0,0,-51,4,-54,7,-48,11,-48,12,-50,16,-46,17,-48,15,-41,16,-43,17,-38,17,-40,22,-41,22,-39,24,-39,22,-38,20,-35,23,-36,24,-35,24,-31,24,-35,27,-34,27,-34,23,-31,26,-31,28,-30,24,-30,27,-32,25,-34,26,-32,20,-31,23,-32,21,-32,20,-31,23,-30,22,-30,20,-30,15,-31,17,-29,17,-29,10,-30,13,-30,9,-30,7,-27,4,-25,6,-27,4,-26,0,-25,-1,-21,0,-22,-3,-20,-5,-21,-5,-20,-4,-18,-5,-18,-7,-16,-8,-14,-8,-15,-9,0,0,0,0,0,0,0,0,0,0,0,0,0,0,0,0,0,0,0,0,0,0,32,-38,31,-36,35,-38,35,-36,39,-36,36,-35,40,-36,39,-40,41,-41,44,-38,45,-35,48,-38,48,-40,48,-40,46,-38,50,-43,51,-42,53,-41,47,-40,47,-48,46,-45,47,-44,47,-46,49,-45,47,-43,49,-48,45,-44,43,-48,43,-49,43,-49,37,-54,35,-53,31,-56,32,-55,30,-57,27,-61,29,-61,32,-59,28,-60,25,-61,26,-62,22,-65,21,-63,18,-65,15,-60,12,-66,13,-64,7,-66,9,-66,12,-64,9,-64,6,-60,8,-61,2,-61,6,-57,2,-55,-1,-59,0,0]"
CSI_DATA,287,2a:00:00:00:00:00,-43,11,1,0,1,1,1,0,0,0,1,-96,0,11,2,4085015,0,44,0,384,0,"[0,0,0,0,0,0,0,0,0,0,0,0,8,-1,8,-1,8,-1,8,-1,8,-2,7,-2,7,-3,7,-3,7,-3,7,-3,7,-3,7,-4,7,-3,7,-4,6,-3,7,-4,6,-4,6,-4,6,-4,6,-4,6,-4,6,-4,6,-4,6,-4,6,-4,6,-4,0,0,6,-3,6,-3,6,-3,6,-3,5,-2,6,-2,6,-2,5,-1,5,-1,5,-1,5,-1,5,0,4,0,4,0,4,0,4,0,4,1,3,1,3,1,3,1,3,1,3,1,2,1,2,1,2,1,2,1,0,0,0,0,0,0,0,0,0,0,0,0,0,0,51,4,46,3,49,2,45,-2,45,0,48,-4,44,-8,44,-8,41,-7,41,-9,40,-13,40,-17,41,-12,37,-14,40,-14,38,-14,38,-15,37,-16,37,-16,35,-17,39,-18,34,-18,35,-22,36,-18,34,-16,33,-18,33,-17,34,-17,32,-17,35,-16,34,-16,37,-13,33,-12,34,-11,34,-11,33,-5,31,-6,30,-9,35,-8,34,-5,30,-4,29,-1,27,1,27,3,25,2,23,5,21,4,20,7,20,7,18,7,20,7,19,6,15,8,15,8,11,11,10,12,12,11,0,0,0,0,0,0,0,0,0,0,0,0,0,0,0,0,0,0,0,0,0,0,-37,26,-39,30,-39,26,-46,27,-42,26,-47,27,-45,31,-46,31,-48,31,-49,29,-51,27,-52,27,-55,26,-53,27,-53,29,-55,29,-57,30,-55,29,-56,34,-54,31,-53,33,-56,32,-53,33,-58,30,-52,32,-56,35,-54,32,-54,38,-52,39,-52,38,-48,39,-46,42,-45,47,-44,45,-41,47,-41,48,-36,46,-40,48,-40,50,-37,53,-38,52,-34,54,-36,58,-32,56,-29,56,-24,54,-25,57,-22,59,-24,57,-20,57,-23,53,-21,57,-20,58,-16,53,-23,56,-15,56,-12,57,0,0]"
CSI_DATA,288,2a:00:00:00:00:00,-43,11,1,0,1,1,1,0,0,0,1,-96,0,11,2,4095037,0,44,0,384,0,"[0,0,0,0,0,0,0,0,0,0,0,0,7,-6,6,-6,6,-6,6,-7,5,-7,6,-7,5,-7,5,-7,5,-7,4,-7,4,-7,4,-7,4,-7,4,-7,4,-7,3,-7,4,-8,3,-7,3,-7,3,-7,3,-7,3,-7,3,-7,3,-7,3,-7,3,-7,0,0,3,-7,3,-6,4,-6,4,-6,4,-5,4,-5,4,-5,4,-4,4,-4,4,-4,4,-4,4,-3,4,-3,4,-2,4,-2,4,-2,3,-2,3,-1,3,-1,3,-1,3,-1,3,-1,3,0,3,0,2,0,3,0,0,0,0,0,0,0,0,0,0,0,0,0,0,0,47,-20,46,-18,46,-20,44,-21,45,-23,42,-20,41,-23,39,-26,36,-26,37,-27,36,-28,34,-27,36,-30,30,-29,32,-30,32,-29,27,-31,30,-35,27,-33,30,-29,29,-34,27,-31,22,-34,24,-32,23,-30,25,-28,25,-33,25,-33,28,-31,27,-32,24,-27,27,-26,28,-25,28,-25,26,-22,25,-21,27,-21,26,-20,27,-20,30,-15,28,-16,29,-12,24,-9,24,-11,27,-6,26,-7,24,-6,22,-2,22,-2,21,1,21,1,19,2,16,2,18,3,16,5,15,4,14,8,0,0,0,0,0,0,0,0,0,0,0,0,0,0,0,0,0,0,0,0,0,0,-18,41,-23,45,-24,42,-27,44,-27,46,-27,45,-29,44,-30,48,-32,49,-29,48,-34,49,-34,50,-35,54,-35,49,-35,51,-38,50,-39,51,-38,50,-34,53,-36,53,-32,57,-37,55,-36,55,-36,55,-37,57,-33,57,-34,55,-30,57,-30,57,-30,60,-26,57,-24,62,-22,59,-23,63,-18,64,-17,64,-13,62,-15,64,-10,63,-11,65,-9,65,-7,65,-7,65,-5,66,-5,66,-1,68,1,64,0,64,4,61,1,61,3,62,4,63,6,63,7,58,10,58,13,59,9,58,0,0]"
CSI_DATA,289,2a:00:00:00:00:00,-43,11,1,0,1,1,1,0,0,0,1,-96,0,11,2,4105009,0,44,0,384,0,"[0,0,0,0,0,0,0,0,0,0,0,0,5,-7,5,-7,4,-7,5,-7,4,-7,4,-7,4,-8,4,-8,3,-7,3,-8,3,-8,3,-8,2,-8,2,-7,2,-7,2,-8,2,-7,2,-7,2,-7,2,-7,2,-7,2,-7,2,-7,2,-7,2,-7,2,-7,0,0,3,-7,2,-6,3,-6,3,-6,3,-6,3,-5,3,-5,3,-5,3,-5,3,-4,3,-4,3,-4,3,-3,3,-3,4,-2,4,-2,3,-2,3,-2,3,-2,3,-1,3,-1,3,-1,2,-1,3,-1,3,0,2,0,0,0,0,0,0,0,0,0,0,0,0,0,0,0,35,-37,31,-39,29,-44,29,-42,27,-39,25,-39,23,-39,24,-43,19,-42,19,-41,16,-44,17,-43,16,-41,11,-41,12,-42,13,-44,13,-42,10,-41,8,-40,9,-42,7,-44,9,-41,8,-41,7,-41,10,-39,7,-39,9,-40,9,-39,9,-37,8,-39,10,-36,10,-37,9,-36,9,-37,14,-31,15,-32,12,-33,12,-30,16,-26,17,-26,19,-24,20,-24,17,-22,20,-20,19,-17,17,-16,21,-13,16,-10,21,-10,20,-12,21,-6,15,-9,18,-7,18,-5,17,-3,17,0,13,0,0,0,0,0,0,0,0,0,0,0,0,0,0,0,0,0,0,0,0,0,0,0,8,45,4,46,3,47,5,52,4,50,0,55,1,55,1,53,-3,55,-3,56,-4,58,-4,60,-3,63,-4,62,-4,65,-6,61,-1,65,-8,64,-4,66,-5,65,-3,65,-2,66,-2,66,-3,66,0,64,2,64,4,62,3,64,6,63,7,66,7,62,11,65,11,62,16,61,16,63,16,65,22,61,22,61,24,59,23,59,27,59,27,59,30,62,30,59,31,56,35,57,32,54,34,54,34,53,34,50,35,51,39,49,33,47,37,45,36,47,36,44,40,41,0,0]"
CSI_DATA,290,2a:00:00:00:00:00,-43,11,1,0,1,1,1,0,0,0,1,-96,0,11,2,4117962,0,44,0,384,0,"[0,0,0,0,0,0,0,0,0,0,0,0,6,-7,5,-7,5,-8,4,-7,4,-8,4,-7,3,-8,3,-8,3,-8,3,-8,3,-8,3,-8,2,-8,2,-8,2,-8,2,-8,2,-7,2,-8,1,-8,1,-8,2,-7,1,-8,2,-8,2,-8,2,-7,2,-7,0,0,2,-7,2,-7,2,-6,2,-7,3,-6,2,-6,2,-6,3,-5,3,-5,3,-5,4,-4,3,-4,3,-3,3,-3,4,-3,3,-3,3,-3,3,-2,3,-2,3,-2,3,-2,3,-1,3,-1,3,-1,3,-1,3,0,0,0,0,0,0,0,0,0,0,0,0,0,0,0,35,-41,36,-37,33,-37,29,-39,30,-40,28,-36,24,-42,22,-38,23,-39,23,-39,17,-41,14,-40,14,-43,13,-39,17,-40,14,-39,12,-42,9,-39,11,-41,11,-40,12,-43,9,-38,7,-42,7,-41,6,-40,9,-41,10,-36,9,-38,10,-36,10,-38,10,-36,14,-37,12,-32,13,-35,14,-32,13,-32,14,-31,14,-29,15,-26,16,-27,20,-22,22,-20,18,-21,19,-19,21,-15,18,-17,22,-14,18,-14,19,-11,18,-9,19,-9,17,-8,15,-8,16,-5,15,-2,16,-2,16,0,0,0,0,0,0,0,0,0,0,0,0,0,0,0,0,0,0,0,0,0,0,0,1,48,1,49,-3,48,-4,51,-4,51,-4,54,-4,51,-5,57,-6,58,-8,55,-11,59,-11,62,-10,61,-10,61,-10,63,-10,60,-9,65,-11,61,-9,64,-4,65,-5,67,-7,67,-8,66,-8,67,-8,65,-5,67,-5,65,-2,67,4,64,2,64,4,64,5,64,12,65,13,62,12,65,15,63,15,62,13,65,16,64,22,62,23,63,24,59,22,62,28,61,27,58,28,59,28,58,31,55,31,54,29,54,29,55,31,54,33,56,34,49,30,50,34,47,35,44,0,0]"
CSI_DATA,291,2a:00:00:00:00:00,-43,11,1,0,1,1,1,0,0,0,1,-96,0,11,2,4135085,0,44,0,384,0,"[0,0,0,0,0,0,0,0,0,0,0,0,-9,0,-9,1,-9,1,-9,1,-8,1,-9,1,-8,2,-8,2,-8,2,-8,2,-8,2,-8,3,-7,3,-8,2,-7,3,-7,3,-7,3,-7,3,-7,3,-7,3,-7,3,-7,3,-7,3,-7,3,-7,2,-7,3,0,0,-7,2,-6,2,-7,2,-7,2,-6,1,-6,1,-6,1,-6,0,-6,0,-6,0,-6,0,-6,-1,-5,-1,-5,-1,-5,-1,-5,-1,-4,-2,-4,-2,-4,-2,-4,-2,-4,-2,-3,-2,-3,-2,-3,-2,-3,-2,-2,-3,0,0,0,0,0,0,0,0,0,0,0,0,0,0,-55,-7,-51,-5,-49,-3,-49,1,-50,0,-45,3,-47,6,-47,6,-44,6,-44,8,-43,11,-46,14,-45,12,-41,12,-39,11,-40,11,-42,15,-39,13,-38,13,-40,19,-40,18,-37,16,-35,15,-36,18,-36,16,-35,17,-37,15,-36,15,-35,14,-37,16,-37,10,-37,14,-35,12,-33,11,-36,12,-31,7,-34,6,-32,7,-33,4,-32,4,-32,1,-30,-3,-27,-3,-30,-6,-24,-4,-25,-7,-26,-8,-21,-10,-19,-8,-22,-7,-16,-9,-18,-10,-16,-11,-14,-11,-13,-14,-13,-10,-10,-11,0,0,0,0,0,0,0,0,0,0,0,0,0,0,0,0,0,0,0,0,0,0,39,-30,38,-30,39,-31,40,-33,46,-30,42,-29,41,-30,45,-33,48,-34,51,-30,54,-28,52,-32,53,-34,51,-33,55,-33,53,-32,53,-38,56,-35,50,-35,53,-37,54,-36,53,-40,56,-40,56,-36,54,-38,52,-39,55,-37,51,-44,51,-44,51,-47,49,-43,44,-45,41,-44,41,-49,43,-51,41,-51,38,-52,39,-50,38,-54,38,-57,33,-55,33,-58,32,-60,33,-59,30,-58,25,-62,23,-60,21,-63,23,-61,23,-59,21,-59,18,-61,16,-59,14,-57,18,-60,12,-59,11,-60,0,0]"
CSI_DATA,292,2a:00:00:00:00:00,-43,11,1,0,1,1,1,0,0,0,1,-96,0,11,2,4146337,0,44,0,384,0,"[0,0,0,0,0,0,0,0,0,0,0,0,7,-6,7,-6,6,-6,6,-6,5,-6,6,-6,5,-7,5,-7,5,-7,5,-7,5,-7,4,-7,4,-7,4,-7,4,-7,4,-7,4,-7,4,-7,3,-7,3,-7,3,-7,3,-7,4,-7,3,-7,4,-7,4,-7,0,0,4,-6,4,-6,4,-6,4,-5,4,-5,4,-5,4,-4,4,-4,4,-4,4,-4,4,-3,4,-3,4,-2,4,-2,4,-2,4,-2,4,-1,3,-1,3,-1,3,-1,3,-1,3,0,3,0,3,0,2,0,2,0,0,0,0,0,0,0,0,0,0,0,0,0,0,0,46,-22,43,-21,40,-26,44,-28,39,-28,38,-28,37,-30,35,-31,32,-30,32,-30,31,-31,31,-35,26,-30,27,-32,27,-35,28,-35,26,-35,23,-33,23,-33,24,-38,21,-35,23,-33,19,-36,21,-34,20,-34,18,-35,22,-34,19,-35,21,-33,21,-32,20,-32,21,-30,16,-31,22,-28,21,-31,22,-25,24,-25,24,-23,24,-21,25,-18,25,-17,26,-14,23,-15,22,-13,21,-10,24,-12,24,-9,20,-6,19,-4,21,-3,18,-3,21,-3,17,-1,16,1,18,3,17,3,16,5,0,0,0,0,0,0,0,0,0,0,0,0,0,0,0,0,0,0,0,0,0,0,-19,42,-20,43,-22,43,-24,47,-26,46,-28,48,-24,46,-29,46,-29,50,-30,47,-33,48,-33,52,-35,54,-34,52,-31,51,-34,53,-34,53,-35,55,-33,57,-31,59,-32,57,-31,57,-31,56,-32,60,-32,56,-31,58,-29,56,-26,59,-25,62,-24,60,-21,60,-19,61,-18,62,-14,61,-16,65,-12,62,-8,64,-11,63,-10,63,-5,63,-2,61,-2,65,2,66,0,66,3,64,10,66,7,62,7,64,10,61,10,63,10,62,12,61,12,60,13,58,12,54,14,55,19,52,0,0]"
CSI_DATA,293,2a:00:00:00:00:00,-43,11,1,0,1,1,1,0,0,0,1,-96,0,11,2,4175624,0,44,0,384,0,"[0,0,0,0,0,0,0,0,0,0,0,0,6,5,7,5,7,4,7,4,7,4,7,4,7,3,7,2,7,3,7,3,7,3,7,2,7,2,7,2,7,2,7,1,7,1,7,1,7,1,7,1,7,1,7,1,6,1,6,1,6,1,6,1,0,0,6,1,6,2,6,2,5,2,5,2,5,2,5,2,5,2,4,3,3,3,3,3,3,3,3,3,3,3,2,3,2,3,2,3,1,3,1,3,1,2,1,2,1,3,0,3,0,3,0,2,-1,2,0,0,0,0,0,0,0,0,0,0,0,0,0,0,30,43,29,38,33,40,30,34,33,30,35,32,33,29,35,29,37,25,39,22,35,23,38,23,38,23,36,20,37,18,36,15,36,18,39,17,38,17,36,11,41,15,38,14,40,13,36,17,33,14,36,15,34,13,38,15,34,13,35,9,34,13,34,13,29,16,33,18,30,13,31,17,25,18,26,19,25,20,21,21,19,19,19,21,17,22,17,22,16,23,12,19,13,20,10,18,7,20,7,19,4,17,4,18,2,17,2,19,1,18,-1,20,-1,15,0,0,0,0,0,0,0,0,0,0,0,0,0,0,0,0,0,0,0,0,0,0,-47,-8,-48,-9,-47,-13,-50,-10,-48,-10,-53,-13,-55,-16,-56,-17,-53,-19,-53,-15,-56,-18,-57,-16,-59,-16,-62,-17,-59,-17,-59,-18,-65,-22,-59,-20,-66,-18,-60,-21,-60,-20,-63,-20,-61,-16,-66,-16,-65,-20,-62,-12,-62,-10,-66,-12,-60,-13,-68,-9,-60,-6,-68,-4,-66,-6,-65,-2,-66,-3,-66,1,-64,4,-65,7,-66,6,-64,10,-67,11,-64,15,-65,16,-61,17,-66,18,-59,19,-62,19,-58,19,-62,19,-56,20,-59,22,-56,28,-60,26,-50,27,-53,28,-53,29,-51,26,0,0]"
CSI_DATA,294,2a:00:00:00:00:00,-43,11,1,0,1,1,1,0,0,0,1,-96,0,11,2,4185575,0,44,0,384,0,"[0,0,0,0,0,0,0,0,0,0,0,0,5,6,5,5,5,5,5,5,5,5,5,5,5,4,6,4,6,4,6,4,6,4,6,3,6,3,6,3,6,3,6,3,6,3,6,3,6,2,6,3,6,3,6,3,5,3,6,2,6,3,5,2,0,0,5,3,5,3,5,3,5,3,5,3,4,3,4,3,4,3,3,4,3,3,3,3,2,3,2,3,2,3,1,3,1,3,1,3,1,3,0,3,0,3,0,3,0,3,0,3,0,3,-1,2,-1,2,0,0,0,0,0,0,0,0,0,0,0,0,0,0,19,49,21,45,23,45,21,41,26,37,28,38,26,35,31,36,28,35,30,35,30,30,30,29,30,28,31,26,32,26,33,25,35,26,33,23,34,22,32,22,36,19,33,20,34,22,35,21,31,20,31,21,30,20,34,19,30,22,32,20,30,18,27,21,27,21,28,25,27,22,27,24,23,24,21,23,20,26,17,22,15,23,13,24,11,24,11,23,10,23,8,21,8,20,7,23,4,20,2,21,2,19,-1,17,-1,18,-2,17,-1,17,-3,17,-3,15,0,0,0,0,0,0,0,0,0,0,0,0,0,0,0,0,0,0,0,0,0,0,-45,-21,-44,-22,-44,-20,-48,-25,-45,-26,-48,-29,-48,-30,-48,-30,-46,-30,-50,-30,-49,-33,-52,-31,-55,-33,-54,-32,-56,-36,-52,-32,-55,-37,-53,-32,-58,-35,-57,-33,-56,-35,-57,-33,-56,-31,-59,-31,-57,-29,-60,-27,-59,-28,-62,-28,-58,-25,-64,-26,-57,-23,-66,-19,-66,-21,-62,-16,-64,-16,-62,-16,-62,-13,-65,-8,-67,-10,-67,-5,-72,-4,-62,0,-64,2,-65,3,-65,4,-67,1,-64,3,-66,7,-66,6,-59,9,-61,11,-60,14,-59,12,-60,13,-61,16,-59,18,-55,17,0,0]"
CSI_DATA,295,2a:00:00:00:00:00,-43,11,1,0,1,1,1,0,0,0,1,-96,0,11,2,4195067,0,44,0,384,0,"[0,0,0,0,0,0,0,0,0,0,0,0,8,3,8,3,8,3,7,3,7,2,7,2,7,2,7,1,8,1,7,1,8,1,8,0,7,1,7,0,7,0,7,0,7,0,7,0,7,0,7,0,7,0,7,0,7,0,7,0,7,0,6,0,0,0,6,0,6,1,6,1,6,1,6,1,5,1,5,1,5,2,5,2,4,2,4,2,4,2,3,2,3,2,3,2,3,2,2,3,2,2,2,2,2,2,1,2,1,3,1,3,1,3,1,2,0,2,0,0,0,0,0,0,0,0,0,0,0,0,0,0,37,44,33,39,34,36,37,33,39,34,40,32,39,28,36,27,37,24,37,25,41,19,38,16,41,16,36,19,39,16,43,16,40,17,40,12,40,15,42,11,42,11,39,10,36,10,38,9,36,12,38,12,38,9,38,12,36,11,38,11,37,14,38,13,34,15,32,13,33,16,31,20,31,18,28,18,27,16,26,16,25,18,22,20,20,21,18,19,16,19,14,19,12,21,12,22,11,16,9,17,7,18,6,18,4,20,1,18,0,20,-1,18,-1,18,0,0,0,0,0,0,0,0,0,0,0,0,0,0,0,0,0,0,0,0,0,0,-49,-8,-51,-8,-50,-10,-54,-11,-52,-11,-55,-13,-52,-13,-56,-13,-60,-12,-61,-16,-60,-19,-61,-17,-61,-17,-67,-17,-64,-19,-62,-17,-66,-19,-63,-19,-67,-17,-65,-17,-66,-16,-71,-13,-66,-14,-67,-16,-68,-16,-68,-12,-66,-11,-69,-10,-65,-8,-70,-7,-68,-5,-66,-4,-68,-4,-68,3,-70,2,-68,4,-66,5,-70,10,-67,11,-67,12,-66,12,-68,16,-64,16,-69,21,-62,22,-64,25,-63,27,-58,29,-63,29,-58,26,-58,26,-58,30,-57,26,-49,32,-55,30,-54,31,-52,30,0,0]"
CSI_DATA,296,2a:00:00:00:00:00,-43,11,1,0,1,1,1,0,0,0,1,-96,0,11,2,4207120,0,44,0,384,0,"[0,0,0,0,0,0,0,0,0,0,0,0,6,-6,6,-6,6,-7,5,-6,5,-7,5,-6,5,-7,5,-7,4,-7,4,-7,4,-7,4,-7,3,-7,3,-7,3,-7,3,-7,3,-7,3,-7,3,-7,3,-7,3,-7,3,-7,3,-7,3,-7,3,-6,3,-6,0,0,3,-6,3,-6,3,-6,4,-6,3,-5,3,-5,4,-5,3,-4,4,-4,4,-4,4,-3,4,-3,3,-2,4,-2,4,-2,4,-2,3,-1,3,-2,3,-1,3,-1,3,-1,3,0,3,0,2,0,3,0,2,0,0,0,0,0,0,0,0,0,0,0,0,0,0,0,45,-24,43,-26,41,-23,41,-24,41,-28,38,-29,34,-32,34,-30,32,-31,31,-28,31,-28,32,-35,31,-36,29,-35,27,-30,26,-36,28,-35,23,-32,21,-31,26,-37,23,-35,22,-35,21,-33,20,-33,20,-33,20,-33,24,-36,20,-33,21,-30,19,-31,21,-29,25,-28,21,-29,22,-26,26,-26,19,-19,24,-24,26,-22,26,-20,24,-17,28,-17,27,-12,23,-11,24,-11,23,-9,24,-7,20,-5,21,-4,22,-3,22,-2,19,-1,20,1,14,0,16,3,15,4,16,4,13,8,0,0,0,0,0,0,0,0,0,0,0,0,0,0,0,0,0,0,0,0,0,0,-13,46,-14,43,-16,45,-16,47,-21,49,-20,47,-22,50,-27,49,-25,51,-25,53,-26,51,-28,54,-26,55,-28,55,-27,54,-27,59,-29,59,-30,59,-28,56,-28,57,-30,59,-28,58,-27,62,-23,60,-26,60,-22,61,-23,61,-21,61,-18,64,-18,60,-15,61,-13,61,-14,62,-11,64,-13,63,-12,64,-7,67,-2,66,-3,65,2,63,1,61,1,66,4,65,5,65,4,62,8,67,8,63,8,64,9,62,12,60,12,60,16,56,14,56,15,56,17,56,17,55,21,52,0,0]"
CSI_DATA,297,2a:00:00:00:00:00,-43,11,1,0,1,1,1,0,0,0,1,-96,0,11,2,4215027,0,44,0,384,0,"[0,0,0,0,0,0,0,0,0,0,0,0,9,0,8,0,8,0,8,-1,8,-1,8,-1,8,-2,8,-2,8,-2,7,-2,8,-2,7,-3,7,-3,7,-2,7,-3,7,-3,7,-3,7,-3,6,-3,7,-3,7,-3,7,-3,6,-3,6,-3,6,-3,6,-3,0,0,6,-2,6,-2,6,-1,6,-1,6,-1,6,-1,6,-1,5,0,5,0,5,0,5,0,4,1,4,1,4,1,4,1,3,1,3,1,3,1,3,1,2,2,2,2,2,2,2,2,2,2,1,2,1,2,0,0,0,0,0,0,0,0,0,0,0,0,0,0,49,13,45,13,48,12,46,6,42,6,48,3,44,3,46,2,43,0,43,-2,41,-6,43,-7,42,-8,40,-6,42,-5,41,-7,43,-9,41,-8,41,-8,40,-12,40,-13,40,-12,40,-12,38,-11,35,-10,35,-8,37,-13,35,-13,36,-10,36,-11,34,-10,38,-11,34,-7,36,-6,33,-6,31,-3,30,1,34,-2,31,1,29,1,30,2,30,3,27,3,26,8,25,8,23,7,22,8,20,9,21,11,17,11,16,11,14,11,12,11,12,12,10,11,12,12,9,14,0,0,0,0,0,0,0,0,0,0,0,0,0,0,0,0,0,0,0,0,0,0,-43,19,-47,18,-49,20,-49,16,-50,19,-54,17,-52,18,-53,18,-56,19,-56,17,-59,15,-58,18,-62,19,-61,18,-61,19,-59,13,-65,20,-62,21,-62,20,-63,20,-63,20,-62,20,-62,20,-64,21,-63,23,-60,24,-60,27,-61,28,-59,25,-62,31,-55,29,-56,32,-55,34,-55,38,-55,38,-53,38,-50,42,-51,43,-50,44,-49,46,-46,45,-46,49,-46,51,-44,49,-40,52,-41,49,-38,46,-36,53,-39,52,-33,54,-33,50,-29,51,-32,54,-27,49,-31,51,-25,50,-24,56,0,0]"
CSI_DATA,298,2a:00:00:00:00:00,-43,11,1,0,1,1,1,0,0,0,1,-96,0,11,2,4234970,0,44,0,384,0,"[0,0,0,0,0,0,0,0,0,0,0,0,8,-3,7,-3,7,-3,7,-3,7,-4,6,-4,6,-4,6,-4,6,-4,6,-4,6,-5,6,-5,6,-5,5,-5,5,-5,5,-5,5,-5,5,-5,5,-5,5,-5,5,-5,4,-5,5,-5,5,-5,5,-4,5,-4,0,0,5,-4,5,-4,4,-4,5,-4,5,-3,5,-3,5,-3,5,-2,5,-2,5,-2,4,-2,4,-1,4,-1,4,-1,4,-1,4,-1,4,0,3,0,3,0,3,0,3,0,2,1,2,1,2,1,2,1,2,1,0,0,0,0,0,0,0,0,0,0,0,0,0,0,51,-2,52,-3,48,-6,48,-7,47,-8,44,-12,46,-14,40,-12,42,-15,40,-15,41,-19,39,-21,40,-21,36,-21,38,-21,36,-22,34,-24,34,-22,33,-21,35,-25,34,-23,35,-22,29,-20,30,-22,30,-22,30,-21,33,-22,32,-21,31,-20,32,-23,32,-19,29,-18,30,-16,31,-14,32,-16,30,-13,32,-9,30,-11,31,-6,28,-10,29,-7,27,-3,24,-2,28,1,24,1,25,1,24,3,21,7,22,5,19,6,19,8,18,6,17,7,15,11,14,11,12,6,10,11,0,0,0,0,0,0,0,0,0,0,0,0,0,0,0,0,0,0,0,0,0,0,-31,35,-32,34,-33,39,-36,35,-39,36,-39,37,-41,37,-40,39,-41,40,-42,37,-47,36,-47,41,-47,39,-49,42,-47,39,-48,40,-49,42,-48,41,-48,45,-49,43,-51,45,-49,43,-51,46,-48,43,-49,45,-44,48,-47,44,-42,46,-44,50,-40,46,-42,51,-38,49,-36,53,-35,54,-34,56,-32,56,-33,58,-29,59,-29,58,-27,58,-25,56,-22,63,-23,61,-22,63,-21,61,-17,63,-16,59,-13,61,-12,60,-13,63,-12,63,-10,60,-8,59,-6,60,-6,59,-7,57,-4,58,0,0]"
CSI_DATA,299,2a:00:00:00:00:00,-43,11,1,0,1,1,1,0,0,0,1,-96,0,11,2,4245353,0,44,0,384,0,"[0,0,0,0,0,0,0,0,0,0,0,0,6,5,6,5,6,5,6,5,6,4,6,4,6,4,6,3,6,3,6,3,6,3,6,3,6,3,6,3,6,3,6,3,6,2,6,2,6,2,6,2,6,2,6,2,6,2,6,2,6,2,6,2,0,0,5,2,5,3,5,3,5,3,5,3,5,3,4,3,4,4,3,3,3,3,2,3,3,3,2,3,2,3,1,3,1,3,1,3,1,3,0,3,0,3,0,3,0,3,0,3,-1,3,-1,2,-1,2,0,0,0,0,0,0,0,0,0,0,0,0,0,0,22,41,18,42,25,44,29,44,26,39,24,37,30,37,28,34,29,38,30,33,32,28,32,29,34,29,31,27,31,26,34,25,36,27,32,23,35,24,36,23,36,22,33,19,35,19,34,19,35,19,35,20,32,19,32,19,32,22,31,19,32,19,29,19,28,24,27,22,28,22,23,24,26,25,22,24,21,24,17,23,15,24,15,24,13,24,12,25,10,24,9,19,7,21,6,24,5,19,7,20,3,19,0,20,1,19,1,18,-6,18,-5,16,-7,13,0,0,0,0,0,0,0,0,0,0,0,0,0,0,0,0,0,0,0,0,0,0,-45,-26,-45,-26,-43,-28,-45,-31,-48,-27,-45,-30,-46,-28,-47,-30,-48,-37,-50,-36,-50,-36,-52,-38,-52,-39,-53,-40,-53,-41,-53,-40,-54,-39,-51,-40,-56,-37,-57,-35,-56,-32,-61,-39,-58,-36,-57,-37,-56,-38,-58,-33,-59,-37,-62,-32,-63,-30,-62,-29,-61,-25,-63,-25,-63,-20,-65,-19,-67,-17,-66,-13,-64,-13,-67,-14,-66,-12,-68,-9,-71,-7,-69,-4,-68,-4,-69,-3,-65,-1,-67,8,-64,7,-65,9,-67,8,-65,5,-62,4,-65,9,-63,11,-60,13,-63,10,-58,13,-55,15,0,0]"
CSI_DATA,300,2a:00:00:00:00:00,-43,11,1,0,1,1,1,0,0,0,1,-96,0,11,2,4275023,0,44,0,384,0,"[0,0,0,0,0,0,0,0,0,0,0,0,-7,-6,-6,-6,-7,-6,-7,-5,-7,-5,-7,-5,-7,-4,-7,-4,-7,-4,-7,-4,-7,-4,-7,-4,-7,-4,-7,-3,-7,-3,-7,-3,-7,-3,-7,-3,-7,-3,-7,-3,-7,-3,-7,-3,-7,-3,-7,-3,-7,-3,-6,-3,0,0,-6,-3,-6,-3,-6,-3,-6,-3,-5,-4,-5,-4,-5,-4,-5,-4,-4,-4,-4,-4,-4,-4,-4,-4,-3,-4,-3,-4,-3,-4,-2,-4,-2,-4,-2,-4,-2,-4,-2,-4,-1,-3,-1,-4,-1,-4,0,-4,0,-3,0,-3,0,0,0,0,0,0,0,0,0,0,0,0,0,0,-39,-35,-36,-37,-39,-35,-38,-28,-42,-24,-40,-26,-39,-27,-37,-27,-38,-20,-42,-19,-41,-17,-42,-13,-42,-14,-41,-13,-40,-12,-40,-11,-43,-11,-40,-7,-44,-9,-39,-5,-43,-4,-39,-6,-41,-6,-38,-6,-38,-5,-36,-9,-35,-6,-39,-6,-38,-6,-36,-6,-35,-6,-36,-6,-33,-10,-36,-11,-32,-9,-32,-12,-31,-12,-33,-11,-32,-12,-27,-12,-25,-12,-23,-16,-20,-17,-19,-17,-19,-20,-17,-18,-17,-16,-15,-18,-13,-19,-11,-17,-12,-15,-11,-16,-10,-18,-8,-15,-5,-18,-3,-14,-2,-15,0,0,0,0,0,0,0,0,0,0,0,0,0,0,0,0,0,0,0,0,0,0,44,10,47,11,46,11,50,15,48,14,53,15,52,15,52,16,54,18,52,18,55,20,58,19,59,19,58,20,58,18,55,19,63,20,56,19,66,18,62,15,65,15,61,17,60,15,64,14,63,15,66,15,63,13,64,9,62,7,66,8,59,2,66,1,62,0,64,-3,65,-5,62,-9,61,-11,64,-11,63,-10,64,-15,64,-14,58,-21,62,-22,60,-23,60,-24,57,-27,58,-31,55,-27,58,-29,55,-27,51,-33,51,-31,52,-33,45,-32,49,-33,48,-39,45,-29,0,0]"
CSI_DATA,301,2a:00:00:00:00:00,-44,11,1,0,1,1,1,0,0,0,1,-96,0,11,2,4285025,0,44,0,384,0,"[0,0,0,0,0,0,0,0,0,0,0,0,-9,-2,-10,-2,-9,-2,-9,-2,-9,-1,-9,-1,-8,-1,-9,0,-9,0,-8,0,-8,0,-8,0,-8,0,-8,1,-8,0,-8,1,-8,1,-8,1,-8,1,-8,1,-7,1,-8,1,-8,0,-7,0,-8,0,-7,1,0,0,-7,0,-7,-1,-7,-1,-7,0,-7,-1,-6,-1,-6,-1,-6,-2,-6,-2,-6,-2,-5,-2,-5,-3,-5,-3,-5,-3,-4,-3,-4,-3,-4,-3,-3,-3,-3,-3,-3,-3,-3,-3,-2,-3,-2,-3,-2,-3,-2,-3,-1,-3,0,0,0,0,0,0,0,0,0,0,0,0,0,0,-47,-23,-47,-21,-47,-17,-44,-17,-46,-15,-44,-13,-43,-10,-46,-12,-40,-9,-44,-5,-42,-6,-41,-2,-45,-5,-40,-3,-44,1,-44,5,-44,2,-42,4,-41,4,-40,4,-41,5,-42,5,-39,6,-40,0,-39,4,-41,0,-37,3,-36,6,-38,4,-37,4,-37,2,-37,3,-35,1,-36,-2,-35,-1,-33,-4,-31,-5,-33,-5,-32,-7,-30,-7,-28,-8,-29,-7,-24,-13,-21,-12,-22,-12,-20,-11,-19,-11,-16,-15,-17,-13,-16,-14,-15,-13,-11,-14,-9,-15,-9,-17,-9,-13,-8,-14,-6,-15,0,0,0,0,0,0,0,0,0,0,0,0,0,0,0,0,0,0,0,0,0,0,48,-10,50,-11,50,-10,51,-9,52,-9,53,-8,54,-5,56,-6,61,-5,55,-8,58,-7,58,-5,61,-8,63,-8,63,-5,61,-4,65,-5,62,-10,65,-9,64,-4,64,-6,69,-9,63,-11,63,-11,63,-12,65,-17,65,-14,67,-18,61,-16,64,-18,61,-18,63,-20,60,-24,59,-26,60,-27,58,-27,53,-33,56,-34,56,-33,56,-39,53,-39,51,-39,53,-40,51,-44,51,-41,49,-44,46,-47,47,-45,44,-46,42,-46,40,-45,40,-49,40,-47,33,-44,35,-48,33,-48,31,-44,0,0]"
CSI_DATA,302,2a:00:00:00:00:00,-43,11,1,0,1,1,1,0,0,0,1,-96,0,11,2,4294975,0,44,0,384,0,"[0,0,0,0,0,0,0,0,0,0,0,0,-9,-3,-8,-2,-8,-2,-8,-2,-8,-2,-8,-2,-8,-1,-8,-1,-8,-1,-8,-1,-8,-1,-8,0,-8,0,-8,0,-7,0,-7,0,-7,0,-7,0,-7,0,-7,0,-7,0,-7,0,-7,0,-7,0,-7,0,-7,0,0,0,-7,0,-7,-1,-7,-1,-6,-1,-6,-1,-6,-2,-6,-2,-6,-2,-5,-2,-5,-2,-5,-2,-5,-3,-4,-3,-4,-3,-4,-3,-4,-3,-3,-3,-3,-3,-3,-3,-3,-3,-2,-3,-2,-3,-2,-3,-2,-3,-2,-3,-1,-3,0,0,0,0,0,0,0,0,0,0,0,0,0,0,-40,-28,-44,-26,-43,-27,-45,-23,-44,-19,-45,-18,-43,-18,-44,-16,-43,-13,-42,-9,-44,-12,-44,-9,-46,-10,-42,-7,-44,-4,-41,-2,-44,-5,-43,-2,-42,-2,-43,-2,-43,0,-41,-1,-40,-1,-41,0,-39,-2,-40,-5,-41,-2,-38,1,-38,-2,-37,-3,-39,-2,-38,-1,-35,-5,-36,-7,-35,-6,-34,-9,-28,-8,-30,-11,-30,-11,-28,-11,-29,-13,-26,-12,-21,-15,-22,-15,-21,-18,-19,-13,-19,-15,-18,-17,-15,-17,-13,-16,-10,-17,-13,-17,-9,-20,-9,-18,-8,-17,-8,-16,-5,-15,0,0,0,0,0,0,0,0,0,0,0,0,0,0,0,0,0,0,0,0,0,0,49,-10,50,-6,52,-8,52,-5,53,-5,52,-3,56,-3,59,-3,57,2,60,-2,59,-4,61,-2,62,-3,69,-3,66,-3,64,1,68,-1,66,-4,62,-5,65,-2,66,-3,69,-2,67,-2,67,-7,65,-6,69,-9,68,-9,66,-9,65,-14,65,-13,62,-20,62,-17,61,-18,62,-23,62,-21,59,-24,63,-26,59,-27,63,-29,59,-33,58,-34,55,-33,53,-35,53,-40,53,-40,50,-43,51,-43,48,-43,49,-42,50,-42,48,-38,47,-47,43,-44,41,-41,40,-46,40,-43,38,-45,0,0]"
CSI_DATA,303,2a:00:00:00:00:00,-43,11,1,0,1,1,1,0,0,0,1,-96,0,11,2,4305690,0,44,0,384,0,"[0,0,0,0,0,0,0,0,0,0,0,0,8,2,7,2,8,2,8,1,7,1,7,1,7,0,7,0,7,0,7,0,7,0,7,0,7,0,7,-1,7,-1,7,-1,7,-1,7,-1,7,-1,7,-1,7,-1,7,-1,6,-1,6,-1,6,-1,6,-1,0,0,6,-1,6,0,6,0,6,0,6,0,5,0,5,1,5,1,5,1,4,1,4,1,4,2,4,2,3,2,3,2,3,2,3,2,2,2,2,2,2,2,1,2,1,2,1,2,1,2,1,2,0,2,0,0,0,0,0,0,0,0,0,0,0,0,0,0,44,22,46,25,44,20,44,18,43,17,44,14,44,13,44,10,42,11,42,6,42,6,42,7,44,5,41,6,41,2,43,3,42,1,40,1,38,2,39,-5,42,-4,40,-4,39,-2,37,-5,36,-2,39,-1,35,-5,35,-4,34,-1,38,-1,34,-1,35,0,34,-1,34,-1,32,2,31,3,33,6,31,7,29,6,30,7,26,6,26,10,23,10,23,15,18,13,19,12,18,12,15,17,14,15,14,13,11,13,8,13,11,16,6,15,5,15,4,16,4,14,0,0,0,0,0,0,0,0,0,0,0,0,0,0,0,0,0,0,0,0,0,0,-47,9,-49,9,-49,10,-51,7,-55,7,-52,5,-53,3,-56,5,-58,6,-60,0,-59,4,-61,4,-60,2,-65,2,-64,3,-63,6,-66,4,-65,7,-64,7,-64,7,-65,8,-69,7,-69,8,-65,8,-66,10,-65,10,-65,9,-65,12,-66,14,-64,16,-60,19,-62,19,-62,23,-62,21,-61,24,-59,28,-59,25,-57,30,-58,30,-58,33,-56,34,-54,37,-51,37,-53,41,-50,40,-43,41,-50,42,-47,46,-47,45,-50,43,-44,43,-42,43,-42,44,-39,44,-39,44,-38,46,-36,47,0,0]"
CSI_DATA,304,2a:00:00:00:00:00,-43,11,1,0,1,1,1,0,0,0,1,-96,0,11,2,4315138,0,44,0,384,0,"[0,0,0,0,0,0,0,0,0,0,0,0,7,3,7,2,7,2,7,2,7,2,7,1,7,1,7,1,7,1,7,1,7,0,7,0,7,0,7,0,6,0,7,-1,6,-1,7,-1,6,-1,7,-1,6,-1,6,-1,6,-1,6,-1,6,0,6,-1,0,0,6,0,6,0,5,0,5,0,5,1,5,1,5,1,5,1,4,1,4,1,4,2,4,2,3,2,3,2,3,2,2,2,2,2,2,2,2,2,2,2,1,2,1,2,1,2,1,2,0,2,0,2,0,0,0,0,0,0,0,0,0,0,0,0,0,0,47,27,47,19,46,17,43,16,47,12,44,8,44,9,45,7,43,6,44,2,44,3,44,-1,44,1,41,-1,41,-3,40,-5,41,-3,41,-5,40,-3,40,-11,44,-9,39,-7,38,-10,37,-8,36,-7,38,-8,38,-9,39,-7,36,-6,38,-6,36,-8,36,-5,36,-1,36,-2,33,-4,34,3,31,0,30,3,31,2,28,6,27,7,27,7,26,9,26,7,25,10,23,10,22,9,21,12,17,10,15,13,16,12,12,15,14,15,11,15,9,15,6,13,6,15,0,0,0,0,0,0,0,0,0,0,0,0,0,0,0,0,0,0,0,0,0,0,-46,11,-53,10,-51,8,-54,8,-54,7,-54,8,-56,7,-57,3,-59,6,-60,5,-60,6,-64,5,-64,8,-67,3,-66,7,-64,3,-66,6,-67,9,-68,9,-68,8,-68,9,-70,9,-69,10,-68,11,-68,8,-65,11,-65,17,-67,15,-63,18,-66,23,-62,22,-62,21,-63,24,-60,25,-63,28,-60,31,-61,31,-56,37,-57,35,-54,39,-55,38,-52,43,-51,44,-51,44,-49,44,-49,41,-48,44,-47,46,-49,48,-47,45,-42,47,-39,51,-37,49,-35,45,-36,49,-33,49,-32,48,0,0]"
CSI_DATA,305,2a:00:00:00:00:00,-44,11,1,0,1,1,1,0,0,0,1,-96,0,11,2,4327710,0,44,0,384,0,"[0,0,0,0,0,0,0,0,0,0,0,0,4,-8,4,-8,3,-8,4,-8,3,-8,3,-8,3,-8,2,-8,2,-8,2,-8,2,-8,1,-8,1,-8,1,-8,1,-8,1,-8,1,-8,1,-8,0,-8,0,-8,1,-8,0,-7,1,-8,0,-7,1,-7,1,-7,0,0,1,-7,1,-7,1,-7,2,-7,2,-6,2,-6,2,-6,2,-5,3,-5,3,-5,3,-4,3,-4,3,-4,3,-4,3,-3,3,-3,3,-3,3,-2,3,-2,3,-2,3,-2,3,-2,3,-1,2,-1,3,-1,3,0,0,0,0,0,0,0,0,0,0,0,0,0,0,0,41,-36,36,-32,35,-38,31,-36,28,-37,31,-37,26,-39,27,-38,20,-40,22,-41,20,-41,19,-38,17,-40,15,-37,18,-39,13,-37,13,-42,12,-42,10,-43,11,-38,10,-44,10,-37,10,-41,7,-42,9,-39,7,-37,10,-36,10,-38,9,-38,12,-37,12,-36,11,-33,10,-34,11,-32,13,-28,16,-31,13,-31,16,-31,16,-28,19,-24,17,-23,20,-22,19,-18,20,-19,19,-16,18,-16,20,-12,16,-13,22,-9,19,-7,20,-7,18,-6,17,-6,16,-3,15,-3,16,-2,15,-1,0,0,0,0,0,0,0,0,0,0,0,0,0,0,0,0,0,0,0,0,0,0,-11,44,-11,50,-10,49,-14,52,-12,52,-16,56,-14,53,-12,55,-16,58,-15,55,-19,58,-20,57,-20,62,-20,60,-17,65,-20,59,-21,65,-18,60,-16,66,-16,64,-13,64,-16,65,-15,64,-16,66,-18,62,-16,68,-14,65,-10,70,-7,64,-5,68,-5,61,-2,68,3,65,5,66,8,66,8,65,9,65,8,66,9,65,13,64,15,67,17,61,18,65,21,62,22,64,20,62,27,61,27,58,29,58,26,56,26,57,27,54,30,57,26,54,29,52,33,50,32,46,0,0]"
CSI_DATA,306,2a:00:00:00:00:00,-43,11,1,0,1,1,1,0,0,0,1,-96,0,11,2,4335016,0,44,0,384,0,"[0,0,0,0,0,0,0,0,0,0,0,0,4,6,4,5,5,6,5,5,5,5,5,5,5,4,5,4,5,4,5,4,5,4,6,4,6,4,6,3,5,3,6,3,5,3,5,3,5,3,6,3,5,3,6,3,5,3,5,3,5,3,5,3,0,0,4,3,5,3,4,3,4,3,4,3,4,4,3,4,3,4,2,4,2,3,2,4,2,4,1,4,1,3,1,3,0,3,1,3,0,3,0,3,0,3,-1,3,-1,3,-1,3,-1,2,-1,2,-2,2,0,0,0,0,0,0,0,0,0,0,0,0,0,0,34,41,33,38,35,34,35,34,34,31,35,31,35,29,36,26,40,23,34,19,37,20,39,19,37,18,40,16,39,16,39,15,37,18,38,16,38,15,38,11,39,13,37,10,35,9,38,10,36,13,41,12,34,11,38,11,34,13,34,10,35,11,35,12,33,14,33,16,34,16,31,15,27,15,28,18,26,19,25,18,21,18,18,19,19,19,19,20,15,21,12,18,11,17,13,19,6,20,7,17,5,18,5,18,4,18,2,19,1,18,-1,17,-4,17,0,0,0,0,0,0,0,0,0,0,0,0,0,0,0,0,0,0,0,0,0,0,-51,-5,-49,-10,-49,-8,-53,-13,-52,-11,-53,-13,-53,-12,-55,-16,-58,-18,-57,-14,-59,-16,-60,-19,-62,-16,-65,-18,-63,-15,-63,-19,-63,-17,-66,-18,-64,-17,-67,-15,-64,-16,-71,-13,-68,-16,-68,-15,-66,-15,-66,-14,-68,-12,-67,-8,-65,-8,-66,-5,-64,-2,-66,-2,-65,1,-66,0,-70,3,-64,5,-67,8,-66,10,-68,10,-69,11,-67,12,-68,20,-64,19,-66,19,-62,19,-62,22,-58,21,-59,28,-60,27,-58,29,-56,26,-56,30,-54,24,-52,29,-53,30,-52,29,-47,29,0,0]"
CSI_DATA,307,2a:00:00:00:00:00,-43,11,1,0,1,1,1,0,0,0,1,-96,0,11,2,4347412,0,44,0,384,0,"[0,0,0,0,0,0,0,0,0,0,0,0,0,8,0,7,1,8,1,7,1,7,1,7,1,7,2,7,2,6,2,7,2,7,2,6,2,6,3,6,2,6,3,6,3,6,3,6,3,5,2,5,3,5,3,5,2,5,3,5,2,5,2,5,0,0,2,5,2,5,2,5,1,5,1,5,1,5,1,5,0,5,0,5,-1,5,-1,4,-1,4,-1,4,-1,4,-1,4,-2,3,-1,3,-2,3,-2,3,-2,2,-2,2,-2,2,-2,2,-2,2,-2,1,-3,1,0,0,0,0,0,0,0,0,0,0,0,0,0,0,-7,51,-7,50,-1,51,0,49,0,48,3,45,5,45,7,47,9,42,9,43,9,43,10,44,14,42,13,39,14,38,17,38,17,38,16,39,18,39,16,35,18,36,15,35,18,35,17,32,17,34,16,32,12,33,19,34,16,32,15,30,15,33,11,33,14,33,11,34,4,31,8,32,7,30,6,30,4,32,1,28,1,28,-3,27,-1,27,-4,25,-5,25,-7,21,-11,19,-8,22,-11,16,-14,16,-11,18,-11,14,-13,19,-10,14,-15,9,-13,9,-16,9,0,0,0,0,0,0,0,0,0,0,0,0,0,0,0,0,0,0,0,0,0,0,-33,-36,-33,-38,-31,-38,-33,-42,-34,-43,-34,-44,-31,-45,-33,-47,-31,-48,-32,-47,-36,-52,-35,-53,-39,-52,-37,-53,-39,-56,-33,-55,-35,-55,-35,-57,-38,-54,-37,-59,-37,-57,-39,-58,-39,-54,-40,-55,-44,-54,-44,-53,-41,-51,-43,-52,-43,-50,-46,-50,-46,-47,-47,-47,-48,-44,-50,-46,-53,-42,-51,-40,-52,-40,-55,-40,-56,-36,-61,-35,-59,-37,-58,-31,-61,-36,-60,-29,-62,-27,-61,-31,-63,-28,-59,-19,-61,-22,-59,-23,-64,-18,-62,-17,-63,-18,-54,-15,-57,-15,-60,-11,-58,-12,0,0]"
CSI_DATA,308,2a:00:00:00:00:00,-43,11,1,0,1,1,1,0,0,0,1,-96,0,11,2,4366061,0,44,0,384,0,"[0,0,0,0,0,0,0,0,0,0,0,0,2,-9,2,-9,1,-9,1,-9,0,-9,1,-8,0,-8,0,-9,0,-8,0,-8,0,-8,-1,-8,-1,-8,-1,-8,-1,-8,-1,-8,-1,-8,-1,-8,-2,-8,-1,-8,-1,-7,-2,-7,-1,-7,-2,-7,-1,-7,-1,-7,0,0,-1,-7,-1,-7,-1,-7,0,-7,0,-6,0,-6,0,-6,1,-6,1,-6,1,-6,1,-5,2,-5,1,-5,2,-4,2,-4,2,-4,2,-4,2,-3,2,-3,2,-3,3,-2,3,-2,2,-2,2,-2,2,-2,2,-1,0,0,0,0,0,0,0,0,0,0,0,0,0,0,25,-43,20,-46,20,-47,15,-44,16,-48,17,-43,9,-41,11,-42,8,-46,6,-41,11,-43,3,-45,3,-45,4,-42,5,-42,0,-43,-1,-43,-2,-42,-1,-39,-1,-40,-2,-41,-5,-43,-4,-38,-2,-41,-3,-39,0,-38,-3,-37,-5,-37,-1,-37,-2,-37,0,-37,1,-35,-1,-35,1,-33,4,-35,4,-34,5,-35,5,-32,5,-30,9,-25,11,-26,10,-24,12,-25,12,-22,15,-23,13,-18,16,-16,16,-16,15,-13,14,-15,15,-11,17,-9,16,-11,17,-7,16,-4,15,-5,16,-5,0,0,0,0,0,0,0,0,0,0,0,0,0,0,0,0,0,0,0,0,0,0,15,47,12,48,12,46,9,49,12,51,9,51,8,54,11,55,5,59,8,56,8,59,8,60,11,62,9,63,9,63,5,64,9,68,10,66,12,63,8,64,12,62,9,65,10,65,12,65,13,64,14,64,15,63,17,64,16,64,18,62,21,59,21,61,25,60,28,57,31,60,29,58,32,56,35,56,34,55,38,55,37,54,36,54,36,49,43,50,40,50,39,48,43,47,45,42,44,41,47,45,48,40,48,43,45,38,45,38,45,36,45,35,49,32,0,0]"
CSI_DATA,309,2a:00:00:00:00:00,-44,11,1,0,1,1,1,0,0,0,1,-96,0,11,2,4385316,0,44,0,384,0,"[0,0,0,0,0,0,0,0,0,0,0,0,4,6,4,6,5,6,5,5,5,5,5,5,5,4,5,4,5,4,5,4,5,4,5,4,5,4,5,4,5,4,6,3,5,3,5,3,5,3,5,3,5,3,5,3,5,3,5,3,5,3,5,3,0,0,5,3,5,3,4,3,4,3,4,3,4,4,3,3,3,4,2,4,2,4,2,4,2,4,1,3,1,4,1,3,0,3,1,3,0,3,0,3,0,3,-1,3,-1,3,-1,3,-1,2,-1,2,-1,2,0,0,0,0,0,0,0,0,0,0,0,0,0,0,21,47,22,43,25,42,26,38,29,36,28,36,25,35,29,34,25,28,30,28,33,26,33,23,33,26,34,23,28,22,33,22,37,23,35,22,33,20,32,20,35,19,32,16,33,18,33,14,33,16,34,15,31,15,31,18,32,20,32,17,29,16,29,17,28,17,28,19,26,15,25,19,26,18,25,19,19,20,20,20,16,19,14,22,15,20,11,23,10,24,8,21,8,20,6,21,3,18,2,20,1,20,0,18,-3,20,-2,17,-2,16,-5,16,-6,15,0,0,0,0,0,0,0,0,0,0,0,0,0,0,0,0,0,0,0,0,0,0,-44,-20,-47,-23,-44,-23,-47,-26,-47,-26,-47,-26,-45,-26,-48,-26,-52,-29,-48,-28,-51,-32,-54,-33,-54,-33,-56,-34,-55,-34,-52,-34,-57,-34,-52,-32,-58,-33,-59,-31,-59,-29,-60,-30,-58,-29,-59,-32,-59,-33,-58,-30,-61,-29,-64,-28,-59,-24,-63,-23,-60,-18,-65,-17,-62,-16,-63,-12,-67,-10,-65,-11,-63,-6,-65,-10,-65,-8,-68,-5,-66,-2,-62,0,-65,2,-65,5,-65,4,-63,8,-62,8,-61,12,-63,13,-62,11,-61,9,-61,12,-60,16,-57,14,-60,15,-60,18,-54,18,0,0]"
CSI_DATA,310,2a:00:00:00:00:00,-44,11,1,0,1,1,1,0,0,0,1,-96,0,11,2,4396651,0,44,0,384,0,"[0,0,0,0,0,0,0,0,0,0,0,0,-6,6,-6,6,-5,6,-5,6,-5,6,-5,6,-5,6,-4,6,-4,6,-4,6,-4,7,-3,7,-3,6,-3,6,-3,6,-3,6,-3,6,-3,6,-2,6,-3,6,-3,6,-3,6,-3,6,-2,6,-3,6,-3,5,0,0,-3,6,-3,5,-3,5,-3,5,-3,4,-4,4,-4,4,-4,4,-4,3,-4,3,-4,3,-4,3,-4,2,-4,2,-4,2,-4,1,-4,1,-4,1,-4,1,-4,0,-4,0,-3,0,-4,0,-3,0,-3,-1,-3,-1,0,0,0,0,0,0,0,0,0,0,0,0,0,0,-44,28,-36,30,-36,37,-34,33,-30,33,-31,34,-29,35,-30,36,-26,36,-22,34,-23,34,-21,34,-19,37,-19,35,-18,37,-17,38,-18,37,-17,34,-14,39,-15,36,-15,41,-13,37,-8,35,-10,37,-11,35,-11,36,-9,34,-11,35,-12,33,-10,32,-15,32,-13,35,-11,29,-14,32,-14,29,-18,26,-16,26,-15,28,-17,25,-18,21,-21,21,-22,22,-20,17,-20,17,-22,12,-22,13,-21,10,-20,11,-22,9,-20,7,-20,5,-15,7,-17,5,-17,1,-17,0,-20,0,-16,-2,0,0,0,0,0,0,0,0,0,0,0,0,0,0,0,0,0,0,0,0,0,0,9,-46,11,-49,14,-50,13,-50,13,-50,17,-54,14,-53,15,-52,20,-55,17,-53,21,-54,20,-55,24,-59,21,-59,19,-61,21,-58,25,-65,21,-60,20,-63,17,-64,14,-66,19,-66,19,-63,20,-66,18,-60,18,-63,16,-66,12,-67,14,-62,11,-67,7,-64,5,-66,1,-66,-2,-66,0,-67,-5,-66,-8,-62,-5,-66,-9,-66,-12,-62,-14,-68,-14,-63,-14,-67,-18,-64,-17,-64,-21,-63,-26,-61,-26,-59,-26,-58,-25,-56,-27,-58,-26,-60,-26,-59,-25,-52,-26,-56,-28,-48,-33,-49,0,0]"
CSI_DATA,311,2a:00:00:00:00:00,-44,11,1,0,1,1,1,0,0,0,1,-96,0,11,2,4410445,0,44,0,384,0,"[0,0,0,0,0,0,0,0,0,0,0,0,-2,-9,-2,-9,-3,-9,-3,-8,-3,-8,-3,-8,-3,-8,-4,-7,-4,-8,-4,-7,-4,-7,-4,-7,-4,-7,-5,-7,-4,-7,-4,-7,-4,-6,-4,-6,-4,-6,-4,-6,-4,-6,-4,-6,-4,-6,-4,-6,-4,-6,-4,-6,0,0,-3,-6,-3,-6,-3,-6,-3,-6,-2,-6,-2,-6,-2,-6,-1,-6,-1,-6,-1,-5,-1,-5,0,-5,0,-5,0,-5,1,-5,1,-4,1,-4,1,-3,1,-4,1,-3,1,-3,2,-3,1,-3,1,-3,2,-2,2,-2,0,0,0,0,0,0,0,0,0,0,0,0,0,0,8,-51,4,-48,3,-50,1,-49,-2,-46,-5,-45,-7,-47,-6,-48,-7,-42,-9,-41,-8,-43,-9,-40,-14,-42,-13,-38,-11,-36,-15,-38,-16,-39,-16,-38,-16,-38,-15,-36,-18,-35,-17,-36,-18,-34,-15,-34,-17,-36,-15,-36,-15,-33,-17,-33,-15,-34,-16,-33,-14,-33,-9,-34,-10,-32,-12,-34,-8,-32,-6,-33,-8,-33,-4,-31,-5,-31,0,-27,1,-29,2,-27,3,-28,3,-25,6,-26,6,-22,8,-23,10,-23,11,-15,9,-19,11,-13,11,-14,11,-14,13,-11,12,-11,14,-11,15,-7,0,0,0,0,0,0,0,0,0,0,0,0,0,0,0,0,0,0,0,0,0,0,31,36,29,37,29,38,23,39,30,43,29,41,29,47,29,45,28,49,29,48,31,51,32,50,35,51,35,51,32,53,29,55,32,56,32,54,35,55,34,55,32,52,34,58,33,55,40,53,38,55,40,54,40,52,41,51,40,49,43,50,39,45,46,49,45,46,48,43,48,43,46,43,50,37,52,39,52,34,51,34,54,34,57,29,57,30,58,30,58,29,54,27,57,27,56,25,60,25,54,23,59,22,57,18,57,21,52,18,56,15,56,17,56,17,0,0]"
CSI_DATA,312,2a:00:00:00:00:00,-43,11,1,0,1,1,1,0,0,0,1,-96,0,11,2,4425092,0,44,0,384,0,"[0,0,0,0,0,0,0,0,0,0,0,0,-4,8,-3,7,-3,8,-3,7,-2,8,-2,7,-2,7,-2,7,-2,8,-1,7,-1,7,-1,7,-1,7,-1,7,0,7,0,7,0,7,0,7,0,7,0,7,0,6,0,7,-1,6,0,6,0,6,-1,6,0,0,-1,6,-1,6,-1,6,-1,6,-2,5,-2,5,-2,5,-2,5,-3,5,-3,4,-3,4,-3,4,-3,3,-3,3,-4,3,-3,2,-3,2,-3,2,-4,2,-4,1,-4,1,-3,1,-3,1,-3,1,-4,0,-3,0,0,0,0,0,0,0,0,0,0,0,0,0,0,0,-34,36,-37,36,-30,40,-32,37,-30,41,-25,40,-22,41,-20,39,-19,41,-16,39,-16,42,-15,41,-15,40,-12,40,-12,35,-8,40,-8,40,-5,41,-7,40,-8,37,-7,37,-6,38,-3,40,-3,37,-7,38,-6,38,-6,34,-2,36,-5,36,-7,34,-5,37,-5,33,-6,32,-5,32,-10,31,-11,28,-12,29,-15,27,-14,27,-17,26,-15,22,-16,22,-17,21,-16,20,-19,18,-20,15,-17,12,-16,14,-20,10,-21,8,-18,7,-19,6,-19,6,-17,4,-16,7,-14,1,-17,-1,0,0,0,0,0,0,0,0,0,0,0,0,0,0,0,0,0,0,0,0,0,0,1,-49,2,-49,1,-51,4,-55,4,-53,7,-51,4,-51,10,-55,9,-60,10,-57,7,-59,8,-60,9,-63,7,-66,11,-62,11,-63,9,-64,11,-64,5,-63,11,-64,12,-65,7,-67,6,-66,4,-67,4,-65,-1,-67,1,-67,1,-67,-2,-65,-4,-65,-3,-66,-10,-65,-8,-63,-9,-62,-10,-67,-10,-65,-14,-62,-19,-64,-22,-61,-25,-62,-24,-63,-28,-58,-27,-59,-28,-59,-30,-56,-33,-54,-32,-56,-30,-56,-35,-55,-32,-55,-34,-53,-35,-50,-39,-50,-37,-46,-40,-46,-39,-48,-36,-43,0,0]"
CSI_DATA,313,2a:00:00:00:00:00,-43,11,1,0,1,1,1,0,0,0,1,-96,0,11,2,4435137,0,44,0,384,0,"[0,0,0,0,0,0,0,0,0,0,0,0,5,6,5,5,6,5,6,5,6,4,6,4,6,4,6,3,6,3,6,3,6,3,6,3,6,3,6,3,6,3,7,2,6,2,6,2,6,2,6,2,6,2,6,2,6,2,6,2,6,2,5,2,0,0,5,2,5,2,5,3,5,3,4,3,4,3,4,3,4,3,3,3,3,3,2,3,2,3,2,3,2,3,1,3,1,3,1,3,0,3,0,3,0,3,0,3,0,3,0,3,-1,3,-1,2,-1,2,0,0,0,0,0,0,0,0,0,0,0,0,0,0,28,43,29,42,35,34,32,37,30,32,32,30,34,30,31,28,32,25,36,25,35,23,37,20,35,24,38,20,36,16,39,14,36,17,36,15,37,14,36,16,36,14,36,13,33,11,35,12,34,13,32,14,35,10,35,12,31,14,34,13,33,12,31,13,32,16,29,16,26,14,23,17,30,18,25,16,24,20,22,19,18,18,18,22,15,21,16,21,12,20,10,18,9,18,7,20,5,17,5,19,4,20,2,18,3,17,-1,20,-1,17,-3,15,-7,14,0,0,0,0,0,0,0,0,0,0,0,0,0,0,0,0,0,0,0,0,0,0,-48,-9,-50,-11,-52,-12,-51,-17,-55,-14,-54,-18,-52,-17,-53,-15,-53,-19,-56,-17,-59,-19,-58,-18,-59,-18,-60,-19,-60,-23,-61,-22,-60,-24,-60,-22,-62,-21,-63,-20,-65,-19,-64,-21,-67,-21,-66,-18,-66,-16,-67,-15,-64,-15,-66,-14,-68,-13,-65,-8,-63,-8,-64,-8,-66,-4,-69,-1,-66,-3,-65,1,-67,5,-66,6,-66,5,-65,11,-68,12,-64,11,-62,16,-64,15,-60,17,-60,19,-61,20,-59,23,-61,22,-62,25,-59,23,-58,24,-56,25,-52,28,-52,24,-54,27,-51,27,0,0]"
CSI_DATA,314,2a:00:00:00:00:00,-44,11,1,0,1,1,1,0,0,0,1,-96,0,11,2,4445031,0,44,0,384,0,"[0,0,0,0,0,0,0,0,0,0,0,0,-2,7,-2,7,-1,7,-1,7,-1,7,-1,7,-1,7,-1,7,0,7,0,6,0,6,0,7,1,7,1,6,1,7,1,6,1,6,1,6,1,6,1,6,1,6,1,6,0,6,1,6,1,6,0,6,0,0,0,5,0,6,0,5,-1,5,-1,5,-1,5,-1,5,-1,5,-2,4,-2,4,-2,4,-2,4,-2,3,-2,3,-3,3,-3,3,-3,2,-3,2,-3,2,-3,1,-3,1,-3,1,-3,1,-3,1,-3,0,-3,0,0,0,0,0,0,0,0,0,0,0,0,0,0,0,-20,46,-17,47,-15,49,-15,45,-11,47,-13,47,-9,44,-7,47,-5,45,-4,42,-1,41,-1,43,-1,45,0,43,3,43,1,40,5,41,5,39,6,37,6,38,7,40,6,38,10,38,6,37,8,38,7,40,5,36,8,37,6,35,4,36,4,34,4,36,3,32,2,33,0,34,-2,33,-3,33,-5,32,-5,32,-8,28,-9,27,-8,27,-9,26,-11,22,-12,22,-15,20,-14,17,-13,19,-17,12,-14,12,-15,11,-13,15,-16,13,-14,9,-14,9,-18,3,-17,3,0,0,0,0,0,0,0,0,0,0,0,0,0,0,0,0,0,0,0,0,0,0,-15,-46,-15,-46,-14,-48,-14,-51,-13,-52,-10,-53,-15,-56,-11,-56,-13,-58,-11,-57,-11,-59,-11,-62,-11,-63,-14,-64,-11,-66,-11,-66,-12,-64,-15,-67,-15,-68,-14,-67,-16,-65,-17,-67,-16,-65,-16,-68,-18,-68,-17,-68,-19,-65,-21,-68,-26,-64,-25,-64,-25,-59,-27,-63,-28,-60,-31,-59,-35,-60,-34,-56,-37,-56,-37,-56,-39,-57,-42,-53,-45,-53,-44,-47,-46,-50,-51,-47,-49,-48,-48,-47,-49,-46,-50,-45,-51,-40,-51,-40,-52,-38,-49,-37,-52,-38,-49,-35,-54,-36,-53,-32,-51,-33,0,0]"
CSI_DATA,315,2a:00:00:00:00:00,-44,11,1,0,1,1,1,0,0,0,1,-96,0,11,2,4455025,0,44,0,384,0,"[0,0,0,0,0,0,0,0,0,0,0,0,1,7,1,7,2,7,2,7,2,7,2,6,3,6,3,6,3,6,3,6,3,6,3,5,3,6,4,5,4,5,4,5,4,5,4,5,4,5,4,5,4,5,4,5,3,5,4,5,3,4,3,4,0,0,3,5,3,5,3,5,2,4,2,5,2,4,2,4,1,5,1,4,1,4,0,4,0,4,0,4,0,4,-1,3,-1,3,-1,3,-1,3,-1,3,-1,3,-2,2,-2,2,-2,2,-2,2,-2,2,-2,1,0,0,0,0,0,0,0,0,0,0,0,0,0,0,-6,49,-1,49,3,52,2,46,6,45,8,47,9,45,10,43,11,45,12,41,14,41,15,35,15,41,17,40,19,33,17,36,20,36,19,36,20,32,22,34,20,32,24,32,23,32,20,31,22,32,19,32,17,29,23,33,21,32,20,31,20,28,16,30,15,31,16,33,14,28,13,31,10,31,8,30,7,31,8,27,3,27,-1,25,0,27,1,25,-1,24,-5,20,-5,21,-5,23,-7,18,-5,17,-9,17,-8,15,-11,16,-10,14,-11,14,-12,11,-13,10,0,0,0,0,0,0,0,0,0,0,0,0,0,0,0,0,0,0,0,0,0,0,-31,-41,-28,-39,-30,-44,-27,-41,-31,-47,-30,-45,-27,-49,-29,-51,-30,-51,-29,-54,-30,-54,-31,-55,-34,-57,-32,-58,-30,-56,-32,-58,-31,-56,-34,-60,-35,-55,-32,-60,-36,-59,-36,-59,-35,-57,-38,-57,-36,-57,-42,-56,-42,-57,-43,-54,-45,-53,-44,-51,-46,-51,-48,-48,-50,-44,-50,-47,-50,-46,-51,-40,-55,-40,-55,-39,-58,-35,-61,-35,-59,-35,-61,-32,-58,-30,-61,-31,-59,-30,-63,-23,-61,-25,-61,-24,-63,-22,-61,-22,-59,-18,-63,-17,-61,-14,-60,-14,-60,-12,-58,-11,-60,-10,0,0]"
CSI_DATA,316,2a:00:00:00:00:00,-44,11,1,0,1,1,1,0,0,0,1,-96,0,11,2,4465086,0,44,0,384,0,"[0,0,0,0,0,0,0,0,0,0,0,0,8,0,7,0,7,-1,7,-1,7,-1,7,-1,7,-2,7,-2,7,-2,7,-2,7,-2,7,-3,6,-2,6,-3,6,-3,6,-3,6,-3,6,-3,6,-3,6,-3,5,-3,6,-3,5,-3,5,-3,6,-2,5,-3,0,0,5,-2,5,-2,5,-1,5,-2,5,-1,5,-1,5,-1,5,0,4,0,4,0,4,0,4,1,4,1,4,1,3,1,3,1,3,2,3,1,2,1,2,1,2,1,2,2,1,2,1,2,1,2,1,2,0,0,0,0,0,0,0,0,0,0,0,0,0,0,49,18,49,16,45,13,48,10,45,10,45,7,45,8,43,6,42,4,42,4,42,-2,43,-2,45,-1,42,-2,43,-4,43,-8,40,-3,40,-7,39,-6,37,-8,41,-10,38,-7,38,-8,36,-10,38,-8,35,-6,38,-6,35,-5,35,-9,36,-8,35,-6,37,-4,33,-2,33,-4,32,-3,29,1,29,1,27,3,32,3,28,4,27,6,25,7,24,12,21,13,17,11,20,14,21,12,17,14,14,14,16,13,14,13,14,16,9,13,8,16,6,15,6,17,3,15,0,0,0,0,0,0,0,0,0,0,0,0,0,0,0,0,0,0,0,0,0,0,-46,21,-46,18,-46,16,-52,19,-51,17,-51,15,-54,19,-55,19,-57,18,-58,17,-61,16,-61,17,-60,16,-61,15,-59,19,-64,17,-65,18,-64,18,-62,19,-63,20,-61,23,-65,21,-66,22,-66,20,-65,21,-64,23,-63,20,-63,25,-62,26,-65,30,-58,31,-59,30,-56,36,-53,36,-55,41,-53,37,-57,40,-53,43,-51,42,-50,46,-48,45,-48,48,-46,49,-45,52,-44,47,-39,51,-38,53,-38,55,-37,51,-39,49,-37,52,-34,50,-36,53,-29,51,-31,52,-29,49,-28,50,0,0]"
CSI_DATA,317,2a:00:00:00:00:00,-44,11,1,0,1,1,1,0,0,0,1,-96,0,11,2,4476458,0,44,0,384,0,"[0,0,0,0,0,0,0,0,0,0,0,0,4,6,4,6,4,6,4,6,4,5,5,5,5,5,5,4,5,4,5,4,5,4,5,4,5,4,5,3,5,3,5,3,5,3,5,3,6,3,5,3,5,3,5,3,5,3,5,3,5,3,5,3,0,0,5,3,4,3,5,3,4,3,4,4,3,3,3,3,3,3,2,3,2,3,2,3,2,3,1,4,1,3,1,3,0,3,0,3,0,3,0,3,0,3,-1,3,-1,3,-1,2,-1,3,-1,2,-1,2,0,0,0,0,0,0,0,0,0,0,0,0,0,0,13,48,13,47,18,43,18,42,21,38,19,40,21,38,22,38,22,37,27,31,27,33,29,31,29,32,26,30,27,29,31,26,31,30,29,28,30,27,29,25,32,23,28,22,29,21,30,21,30,23,30,23,28,21,29,22,27,21,29,18,25,22,27,23,24,22,24,24,18,19,22,23,19,27,23,24,17,27,14,23,13,24,10,25,9,23,9,23,6,23,5,19,3,22,5,22,2,19,1,18,-4,19,-4,16,-2,17,-5,16,-6,16,-6,14,-7,16,0,0,0,0,0,0,0,0,0,0,0,0,0,0,0,0,0,0,0,0,0,0,-39,-29,-39,-31,-38,-30,-38,-36,-41,-35,-39,-36,-38,-40,-42,-37,-43,-42,-43,-38,-42,-42,-42,-42,-44,-45,-47,-46,-47,-49,-44,-42,-49,-49,-40,-45,-51,-45,-48,-45,-50,-38,-53,-45,-46,-43,-52,-39,-51,-42,-52,-42,-51,-40,-54,-39,-53,-35,-58,-34,-54,-30,-58,-35,-58,-31,-59,-30,-62,-26,-63,-25,-58,-23,-64,-20,-63,-17,-64,-15,-65,-16,-64,-10,-63,-10,-66,-9,-67,-6,-65,-5,-65,-4,-65,-2,-65,-1,-62,1,-66,3,-60,4,-61,5,-58,7,-57,5,-58,4,-54,9,0,0]"
CSI_DATA,318,2a:00:00:00:00:00,-44,11,1,0,1,1,1,0,0,0,1,-96,0,11,2,4485104,0,44,0,384,0,"[0,0,0,0,0,0,0,0,0,0,0,0,2,-9,2,-9,1,-8,1,-9,1,-8,1,-8,0,-8,0,-8,0,-9,-1,-8,-1,-8,-1,-8,-1,-8,-1,-8,-2,-8,-1,-8,-1,-8,-1,-7,-2,-8,-2,-7,-1,-7,-2,-7,-1,-7,-2,-7,-2,-7,-1,-8,0,0,-1,-7,-1,-7,-1,-7,0,-6,0,-6,0,-6,0,-6,1,-6,1,-6,1,-5,1,-5,1,-5,1,-5,2,-4,2,-4,2,-4,2,-3,2,-3,2,-3,2,-3,2,-2,2,-2,2,-2,2,-2,2,-1,2,-1,0,0,0,0,0,0,0,0,0,0,0,0,0,0,40,-40,38,-36,33,-36,29,-40,30,-39,29,-40,24,-38,23,-37,22,-41,19,-40,18,-40,15,-41,16,-41,15,-40,14,-39,13,-38,12,-40,11,-41,10,-39,11,-37,12,-41,7,-38,7,-41,7,-39,4,-38,8,-39,8,-36,10,-33,10,-34,9,-32,13,-34,12,-33,10,-33,11,-30,13,-29,15,-27,12,-29,15,-27,14,-24,20,-24,18,-23,21,-18,16,-17,22,-18,20,-19,19,-14,18,-14,18,-13,21,-5,18,-7,19,-6,18,-3,20,-6,16,-2,19,0,16,1,16,3,0,0,0,0,0,0,0,0,0,0,0,0,0,0,0,0,0,0,0,0,0,0,0,50,-3,53,0,50,-5,54,-4,55,-4,55,-7,54,-6,57,-9,62,-7,56,-12,61,-9,60,-11,63,-13,65,-11,67,-16,61,-12,65,-12,67,-8,64,-9,67,-4,64,-9,69,-7,65,-10,66,-9,66,-6,64,-7,70,-4,69,-1,65,-2,68,2,64,2,65,7,64,9,67,9,67,12,67,11,63,13,64,16,64,20,67,21,66,22,61,23,64,26,62,26,60,30,57,30,61,33,55,35,58,31,55,29,54,32,56,33,56,29,46,34,51,36,50,38,42,0,0]"
CSI_DATA,319,2a:00:00:00:00:00,-44,11,1,0,1,1,1,0,0,0,1,-96,0,11,2,4495742,0,44,0,384,0,"[0,0,0,0,0,0,0,0,0,0,0,0,-8,2,-8,2,-7,2,-8,2,-7,2,-8,3,-7,3,-7,3,-7,3,-6,3,-7,4,-7,4,-6,4,-6,4,-6,4,-6,4,-6,4,-6,4,-6,4,-6,4,-5,3,-6,3,-6,3,-5,3,-5,3,-5,3,0,0,-6,3,-5,3,-5,2,-6,2,-6,2,-5,2,-5,1,-5,1,-5,1,-5,0,-5,0,-5,0,-5,0,-5,-1,-4,-1,-4,-1,-4,-1,-4,-1,-4,-1,-4,-2,-3,-2,-3,-2,-3,-2,-3,-2,-3,-2,-2,-2,0,0,0,0,0,0,0,0,0,0,0,0,0,0,-46,15,-46,13,-44,19,-47,17,-42,18,-43,20,-38,19,-36,23,-35,23,-35,24,-31,26,-33,27,-33,28,-32,24,-34,25,-31,28,-27,26,-27,28,-28,26,-29,27,-25,31,-26,27,-24,27,-24,28,-22,25,-24,28,-24,29,-24,25,-25,28,-23,27,-24,26,-24,27,-25,22,-24,23,-23,19,-23,18,-25,16,-25,15,-26,14,-24,14,-23,15,-27,10,-27,6,-24,6,-24,3,-24,6,-26,1,-21,1,-20,-1,-18,-3,-17,-3,-20,-4,-17,-3,-19,-8,-16,-4,-15,-9,-14,-9,0,0,0,0,0,0,0,0,0,0,0,0,0,0,0,0,0,0,0,0,0,0,26,-41,29,-41,26,-40,31,-42,32,-39,35,-40,35,-41,35,-43,37,-43,39,-42,38,-42,41,-43,42,-49,42,-48,42,-48,43,-46,42,-51,43,-46,43,-48,41,-52,40,-51,41,-53,41,-50,40,-51,40,-52,37,-55,37,-54,35,-57,36,-56,33,-56,31,-56,32,-55,27,-58,25,-58,24,-61,22,-61,18,-62,18,-62,17,-64,14,-65,14,-67,9,-65,10,-64,7,-65,8,-66,1,-63,5,-64,2,-66,2,-63,-2,-61,-4,-62,-1,-63,-3,-65,-7,-58,-8,-59,-6,-56,-7,-54,0,0]"
CSI_DATA,320,2a:00:00:00:00:00,-44,11,1,0,1,1,1,0,0,0,1,-96,0,11,2,4505092,0,44,0,384,0,"[0,0,0,0,0,0,0,0,0,0,0,0,-5,-7,-5,-7,-6,-7,-6,-6,-6,-6,-6,-6,-6,-6,-6,-5,-6,-5,-6,-5,-6,-5,-6,-4,-6,-5,-6,-4,-6,-4,-6,-4,-6,-4,-6,-4,-6,-4,-6,-4,-6,-4,-6,-4,-6,-4,-6,-4,-6,-4,-5,-4,0,0,-5,-4,-5,-4,-5,-4,-5,-4,-4,-4,-4,-5,-4,-5,-4,-4,-3,-5,-3,-5,-3,-5,-3,-5,-2,-4,-2,-4,-1,-4,-1,-4,-1,-4,-1,-4,0,-4,0,-4,0,-4,0,-4,0,-3,0,-3,1,-3,1,-3,0,0,0,0,0,0,0,0,0,0,0,0,0,0,-14,-49,-19,-49,-19,-47,-20,-44,-23,-43,-25,-38,-29,-42,-27,-40,-28,-37,-25,-33,-27,-33,-28,-33,-29,-31,-31,-34,-31,-26,-33,-29,-31,-27,-32,-26,-29,-28,-34,-25,-34,-25,-31,-24,-33,-22,-30,-25,-30,-26,-30,-23,-28,-22,-32,-24,-29,-25,-31,-22,-28,-23,-26,-22,-26,-27,-26,-25,-24,-25,-21,-27,-21,-24,-21,-27,-17,-25,-15,-26,-16,-27,-13,-25,-12,-24,-10,-26,-5,-25,-6,-23,-6,-22,-3,-25,0,-20,-1,-21,1,-19,4,-17,5,-19,6,-19,6,-17,8,-15,7,-12,0,0,0,0,0,0,0,0,0,0,0,0,0,0,0,0,0,0,0,0,0,0,45,25,41,27,44,27,43,30,43,31,43,30,42,33,44,35,47,35,46,38,48,38,51,40,50,37,51,39,49,39,53,42,51,40,55,39,52,39,52,42,51,44,53,37,56,40,57,38,57,35,58,34,58,35,55,32,59,31,58,33,61,27,58,27,59,27,60,25,63,24,62,22,66,20,66,13,68,14,67,11,64,11,70,7,63,3,67,3,64,4,63,4,65,0,66,0,64,-1,67,-4,63,-8,63,-8,59,-7,62,-7,60,-15,56,-15,57,-12,0,0]"
CSI_DATA,321,2a:00:00:00:00:00,-44,11,1,0,1,1,1,0,0,0,1,-96,0,11,2,4515012,0,44,0,384,0,"[0,0,0,0,0,0,0,0,0,0,0,0,-1,-9,-1,-8,-2,-8,-2,-8,-2,-8,-2,-8,-2,-8,-3,-8,-3,-8,-3,-7,-3,-7,-3,-7,-4,-7,-3,-7,-3,-7,-4,-7,-4,-7,-3,-6,-4,-6,-4,-6,-4,-6,-4,-6,-3,-6,-4,-6,-3,-6,-3,-6,0,0,-3,-6,-3,-6,-2,-6,-2,-6,-2,-6,-2,-6,-2,-6,-1,-6,-1,-5,0,-5,0,-5,0,-5,0,-5,0,-4,1,-4,1,-4,1,-4,1,-4,1,-3,1,-3,1,-3,1,-3,1,-3,2,-2,2,-2,2,-2,0,0,0,0,0,0,0,0,0,0,0,0,0,0,15,-52,13,-50,10,-50,10,-47,9,-46,7,-41,5,-44,5,-46,0,-45,1,-41,0,-43,-3,-42,-3,-45,-6,-43,-6,-41,-9,-42,-6,-41,-14,-39,-10,-39,-12,-39,-10,-41,-10,-41,-12,-35,-13,-39,-11,-37,-10,-37,-10,-34,-12,-35,-12,-37,-12,-35,-9,-34,-8,-36,-9,-36,-8,-35,-3,-36,-7,-34,-4,-36,1,-35,0,-31,2,-29,5,-27,5,-25,6,-26,4,-24,12,-25,11,-21,10,-18,9,-21,12,-15,11,-14,14,-15,12,-14,14,-12,13,-15,14,-16,17,-6,15,-6,0,0,0,0,0,0,0,0,0,0,0,0,0,0,0,0,0,0,0,0,0,0,18,45,14,47,12,49,13,51,12,53,15,51,10,52,12,53,9,60,13,57,13,57,15,63,15,64,14,64,15,64,11,62,10,69,11,64,15,64,15,67,16,66,17,66,20,64,21,63,19,61,21,64,23,65,25,65,24,61,25,61,28,57,30,57,27,60,33,55,31,55,36,57,41,52,44,51,45,51,46,50,47,50,47,44,49,46,48,46,49,45,51,42,50,41,47,40,55,37,52,37,52,33,53,35,52,35,50,30,52,27,53,25,52,28,0,0]"
CSI_DATA,322,2a:00:00:00:00:00,-44,11,1,0,1,1,1,0,0,0,1,-96,0,11,2,4526302,0,44,0,384,0,"[0,0,0,0,0,0,0,0,0,0,0,0,7,3,7,2,7,2,7,2,7,1,7,1,7,1,7,0,7,1,7,0,7,0,7,0,7,0,7,0,7,0,6,-1,7,-1,6,-1,6,-1,6,-1,6,-1,6,-1,6,-1,6,-1,6,-1,6,-1,0,0,6,0,5,0,6,0,5,0,5,1,5,1,5,1,4,1,4,1,4,1,3,2,3,2,3,2,3,2,2,2,2,2,2,2,2,2,2,2,1,2,1,2,1,3,1,2,0,2,0,2,0,2,0,0,0,0,0,0,0,0,0,0,0,0,0,0,31,43,29,40,31,38,32,33,38,31,36,30,32,28,34,28,33,23,36,20,36,23,39,19,40,17,38,18,36,15,40,12,36,15,38,14,39,13,38,11,39,12,37,10,38,8,34,12,35,10,36,13,34,7,35,9,35,9,36,10,34,12,34,12,30,15,29,16,29,12,28,15,26,15,24,18,24,17,22,17,20,18,19,19,17,21,15,22,10,22,11,20,12,17,9,19,7,18,7,17,6,15,5,18,3,19,4,18,0,18,0,14,0,16,0,0,0,0,0,0,0,0,0,0,0,0,0,0,0,0,0,0,0,0,0,0,-49,-10,-51,-11,-51,-14,-50,-17,-50,-16,-51,-14,-54,-17,-56,-19,-56,-22,-55,-20,-58,-22,-60,-20,-66,-20,-64,-21,-62,-20,-58,-22,-65,-22,-60,-20,-66,-20,-63,-20,-64,-19,-70,-18,-63,-18,-63,-18,-64,-17,-65,-13,-67,-14,-66,-12,-65,-12,-67,-8,-64,-10,-68,-8,-66,-5,-68,0,-67,0,-68,3,-67,7,-67,7,-68,10,-67,11,-69,9,-62,16,-69,16,-66,16,-63,17,-60,20,-61,21,-61,26,-61,23,-60,25,-59,26,-58,26,-58,27,-51,29,-50,28,-56,28,-49,29,0,0]"
CSI_DATA,323,2a:00:00:00:00:00,-44,11,1,0,1,1,1,0,0,0,1,-96,0,11,2,4555050,0,44,0,384,0,"[0,0,0,0,0,0,0,0,0,0,0,0,-6,6,-6,6,-5,7,-5,6,-5,7,-5,6,-4,7,-4,7,-4,7,-3,7,-3,7,-3,7,-3,7,-3,6,-3,6,-3,7,-3,6,-2,7,-2,6,-2,6,-2,6,-2,6,-3,6,-2,6,-2,6,-3,6,0,0,-3,6,-3,5,-3,5,-3,5,-3,4,-3,5,-3,4,-4,4,-4,4,-4,3,-4,3,-4,3,-4,2,-4,2,-4,2,-4,1,-4,1,-4,1,-4,1,-4,0,-4,0,-4,0,-3,0,-4,-1,-3,-1,-3,-1,0,0,0,0,0,0,0,0,0,0,0,0,0,0,-46,27,-41,29,-40,32,-36,31,-38,31,-35,30,-31,35,-34,31,-27,35,-29,32,-27,35,-29,36,-26,37,-21,36,-25,36,-21,35,-19,36,-17,33,-16,35,-18,33,-20,37,-18,36,-15,37,-16,35,-13,35,-16,36,-17,31,-17,33,-18,31,-17,37,-18,30,-19,29,-18,32,-19,29,-20,24,-23,26,-20,26,-17,21,-22,21,-24,16,-24,19,-28,14,-23,13,-25,11,-22,10,-24,5,-26,7,-20,7,-22,2,-22,2,-19,1,-18,0,-19,-1,-19,-5,-18,-3,-16,-6,-17,-7,0,0,0,0,0,0,0,0,0,0,0,0,0,0,0,0,0,0,0,0,0,0,8,-48,7,-52,7,-52,10,-56,11,-54,13,-56,13,-55,13,-58,13,-61,16,-57,17,-59,19,-61,18,-65,20,-62,19,-64,22,-64,17,-66,19,-64,16,-66,17,-68,17,-66,15,-68,14,-67,18,-68,15,-67,15,-68,15,-67,11,-68,12,-67,8,-69,7,-64,6,-69,-1,-67,-3,-68,-2,-67,-7,-69,-4,-65,-6,-66,-8,-66,-12,-68,-14,-68,-13,-65,-16,-69,-16,-67,-17,-67,-24,-61,-20,-62,-25,-63,-25,-62,-21,-62,-23,-62,-23,-62,-23,-59,-26,-54,-30,-54,-30,-52,-30,-52,0,0]"
CSI_DATA,324,2a:00:00:00:00:00,-44,11,1,0,1,1,1,0,0,0,1,-96,0,11,2,4565066,0,44,0,384,0,"[0,0,0,0,0,0,0,0,0,0,0,0,0,8,1,8,1,8,1,8,1,7,1,7,2,7,2,7,2,7,2,7,2,6,2,6,2,6,3,6,3,6,3,6,3,6,3,6,3,6,3,5,3,5,3,5,3,5,3,5,3,5,2,5,0,0,2,5,2,5,2,5,1,5,1,5,1,5,1,5,0,5,0,5,0,4,-1,4,-1,4,-1,4,-1,4,-1,3,-2,3,-2,3,-2,3,-2,2,-2,2,-2,2,-2,2,-2,2,-3,2,-3,1,-3,1,0,0,0,0,0,0,0,0,0,0,0,0,0,0,-11,49,-14,51,-6,46,-4,48,-3,47,-1,44,0,46,2,43,2,43,5,40,5,43,7,42,7,42,12,40,10,39,10,38,12,42,13,38,14,41,14,36,13,37,13,36,16,36,12,34,15,33,15,36,14,34,14,33,14,30,12,32,12,32,13,33,9,33,8,34,5,30,3,31,6,31,2,28,0,30,-1,30,-3,26,-7,25,-4,24,-6,24,-6,25,-7,22,-9,21,-8,20,-8,18,-13,17,-12,15,-11,13,-10,13,-14,13,-14,11,-16,9,-13,10,0,0,0,0,0,0,0,0,0,0,0,0,0,0,0,0,0,0,0,0,0,0,-22,-46,-20,-47,-17,-47,-18,-52,-21,-51,-19,-52,-17,-53,-17,-56,-14,-59,-17,-55,-16,-59,-16,-59,-20,-63,-19,-65,-20,-63,-19,-65,-20,-65,-19,-63,-23,-63,-20,-65,-23,-64,-22,-70,-22,-64,-25,-66,-26,-62,-27,-64,-25,-64,-31,-64,-30,-60,-30,-60,-35,-59,-35,-55,-35,-54,-40,-58,-39,-52,-41,-54,-43,-52,-42,-50,-47,-49,-49,-50,-51,-49,-51,-47,-53,-43,-54,-43,-54,-39,-55,-36,-56,-37,-56,-34,-57,-36,-57,-33,-57,-32,-58,-31,-58,-29,-53,-23,-56,-23,-57,-24,-54,-22,0,0]"
CSI_DATA,325,2a:00:00:00:00:00,-44,11,1,0,1,1,1,0,0,0,1,-96,0,11,2,4585029,0,44,0,384,0,"[0,0,0,0,0,0,0,0,0,0,0,0,5,6,5,6,5,6,5,5,6,5,5,5,6,4,6,4,6,4,6,4,6,4,6,4,6,4,6,4,6,3,6,3,6,3,6,3,6,3,6,3,6,3,6,2,5,3,6,3,5,3,5,3,0,0,5,3,5,3,4,3,4,3,4,3,4,3,4,4,3,4,3,4,2,4,2,3,1,4,1,4,1,3,1,4,0,3,0,3,0,3,0,3,0,3,-1,3,-1,3,-1,3,-1,3,-2,2,-2,2,0,0,0,0,0,0,0,0,0,0,0,0,0,0,33,42,30,42,31,40,31,32,35,36,32,31,34,30,34,29,37,26,36,27,35,20,36,22,36,19,35,21,34,19,38,19,40,18,37,18,36,15,36,12,36,13,34,15,40,10,37,12,36,14,36,12,34,12,34,15,35,13,31,11,33,14,35,14,32,17,31,14,28,16,31,21,28,18,25,17,26,18,18,19,17,19,19,21,19,23,13,21,11,23,10,18,7,19,7,20,5,20,3,17,4,17,0,20,-1,17,0,19,0,18,-4,17,-5,16,0,0,0,0,0,0,0,0,0,0,0,0,0,0,0,0,0,0,0,0,0,0,-49,-15,-46,-10,-51,-15,-53,-17,-53,-17,-54,-16,-54,-17,-56,-16,-57,-19,-58,-21,-61,-23,-60,-26,-60,-23,-65,-24,-63,-23,-62,-22,-64,-23,-65,-24,-66,-25,-67,-22,-66,-20,-67,-18,-66,-21,-67,-23,-66,-23,-68,-16,-67,-19,-62,-18,-66,-11,-70,-11,-66,-11,-70,-8,-69,-6,-67,-2,-69,2,-68,1,-67,2,-70,3,-68,6,-68,7,-68,8,-67,12,-66,15,-67,15,-66,18,-65,22,-62,21,-62,23,-59,23,-61,25,-58,23,-59,23,-58,26,-55,26,-55,26,-53,23,-52,27,0,0]"
CSI_DATA,326,2a:00:00:00:00:00,-44,11,1,0,1,1,1,0,0,0,1,-96,0,11,2,4595147,0,44,0,384,0,"[0,0,0,0,0,0,0,0,0,0,0,0,4,-8,3,-8,3,-8,3,-8,2,-8,2,-8,2,-8,2,-8,2,-8,1,-8,1,-8,1,-8,0,-8,0,-8,0,-7,0,-7,0,-8,0,-7,0,-7,0,-7,0,-7,0,-7,0,-7,0,-7,0,-7,0,-7,0,0,1,-7,1,-7,1,-6,1,-6,1,-6,1,-6,1,-6,2,-5,2,-5,2,-5,2,-4,2,-4,2,-4,2,-4,2,-3,3,-3,2,-3,3,-2,3,-2,3,-2,2,-2,2,-1,2,-1,2,-1,2,-1,3,0,0,0,0,0,0,0,0,0,0,0,0,0,0,0,46,-30,42,-28,43,-30,39,-28,36,-28,35,-29,33,-30,31,-29,28,-34,27,-31,28,-34,27,-34,25,-36,21,-35,24,-36,22,-36,21,-35,18,-38,17,-38,17,-36,16,-38,15,-35,14,-37,14,-37,15,-36,13,-34,16,-36,13,-34,14,-34,18,-33,15,-31,15,-31,14,-31,17,-29,20,-26,18,-26,17,-25,19,-25,19,-21,20,-21,22,-19,20,-15,21,-16,18,-13,20,-14,21,-10,23,-9,22,-7,20,-3,19,-5,21,-2,21,0,17,-2,19,0,14,1,16,1,16,2,0,0,0,0,0,0,0,0,0,0,0,0,0,0,0,0,0,0,0,0,0,0,-17,44,-17,44,-19,45,-21,49,-24,48,-25,49,-26,48,-27,49,-28,53,-28,53,-30,51,-31,56,-29,54,-31,58,-31,57,-33,54,-34,62,-31,56,-30,60,-27,60,-30,59,-30,63,-29,60,-26,61,-27,63,-24,66,-25,64,-26,64,-21,63,-19,66,-17,64,-16,67,-13,64,-14,64,-11,66,-12,67,-6,65,-5,65,-1,65,1,67,0,68,3,67,7,68,8,65,8,66,8,63,12,61,15,63,16,63,15,64,16,60,19,61,18,58,17,52,21,58,24,53,19,52,0,0]"
CSI_DATA,327,2a:00:00:00:00:00,-44,11,1,0,1,1,1,0,0,0,1,-96,0,11,2,4605004,0,44,0,384,0,"[0,0,0,0,0,0,0,0,0,0,0,0,8,2,8,2,8,2,8,1,8,1,7,1,8,0,8,0,7,0,7,0,7,0,7,-1,7,-1,7,-1,6,-1,7,-1,7,-1,7,-2,6,-1,6,-1,6,-1,6,-1,6,-1,6,-1,6,-1,6,-1,0,0,6,-1,6,0,5,0,6,0,5,0,5,1,5,1,5,1,4,1,4,1,4,1,4,2,3,2,3,2,3,2,2,2,2,2,2,2,2,2,2,2,1,2,1,2,1,2,1,3,0,2,0,2,0,0,0,0,0,0,0,0,0,0,0,0,0,0,49,13,49,12,46,9,48,6,46,4,47,6,45,3,44,3,43,1,46,-2,42,-7,41,-6,44,-9,42,-5,40,-10,42,-9,40,-9,38,-9,36,-11,38,-13,39,-12,36,-13,35,-12,34,-10,37,-10,38,-12,35,-14,33,-10,35,-12,33,-12,32,-11,35,-9,32,-6,32,-5,30,-7,33,-6,34,-4,30,1,31,2,28,1,26,-1,28,4,24,5,22,11,23,12,23,11,21,10,19,9,15,11,15,12,13,13,12,11,13,14,11,13,8,17,7,14,6,15,0,0,0,0,0,0,0,0,0,0,0,0,0,0,0,0,0,0,0,0,0,0,-44,22,-48,22,-50,21,-51,19,-50,19,-54,19,-54,16,-56,19,-61,19,-56,21,-59,19,-61,20,-63,19,-62,20,-65,20,-64,20,-67,23,-63,21,-64,24,-64,21,-64,24,-66,24,-65,24,-63,26,-66,24,-65,28,-62,30,-64,31,-58,29,-61,32,-56,36,-58,35,-57,34,-56,39,-55,39,-54,42,-52,45,-50,45,-49,47,-50,49,-48,48,-41,51,-46,51,-44,51,-42,52,-42,56,-36,54,-36,55,-39,56,-34,52,-32,52,-32,55,-28,52,-25,54,-27,56,-24,55,-23,50,0,0]"
CSI_DATA,328,2a:00:00:00:00:00,-44,11,1,0,1,1,1,0,0,0,1,-96,0,11,2,4618410,0,44,0,384,0,"[0,0,0,0,0,0,0,0,0,0,0,0,5,6,6,5,6,5,6,5,6,5,6,4,6,4,6,4,6,3,6,3,6,3,6,3,6,3,6,3,6,3,6,2,6,2,6,2,6,2,6,2,6,2,6,2,5,2,6,2,6,2,5,2,0,0,5,2,5,3,5,3,5,3,4,3,4,3,4,3,4,3,3,3,3,3,2,3,2,4,2,3,2,3,1,3,1,3,1,3,1,3,0,3,0,3,0,3,0,3,-1,3,-1,3,-1,2,-1,2,0,0,0,0,0,0,0,0,0,0,0,0,0,0,22,49,26,41,28,44,29,38,32,36,31,35,31,38,31,34,31,29,32,30,29,31,31,31,35,29,32,26,33,25,34,20,36,20,37,19,34,20,35,18,35,17,34,16,35,17,32,16,30,18,32,20,32,18,28,17,32,18,31,16,31,17,29,20,26,20,28,20,24,20,24,18,23,23,21,22,20,20,18,23,14,22,12,22,13,21,11,21,8,23,8,18,7,23,3,19,4,20,1,19,-1,20,-1,20,-1,19,-2,16,-3,18,-5,15,-5,13,0,0,0,0,0,0,0,0,0,0,0,0,0,0,0,0,0,0,0,0,0,0,-47,-18,-50,-20,-48,-21,-52,-24,-48,-26,-50,-21,-50,-27,-50,-31,-53,-32,-49,-27,-58,-28,-58,-25,-60,-31,-60,-28,-58,-36,-59,-29,-63,-33,-53,-32,-61,-25,-63,-33,-62,-31,-61,-32,-62,-31,-64,-26,-64,-26,-62,-26,-68,-20,-69,-28,-67,-25,-67,-22,-65,-21,-67,-19,-63,-19,-65,-16,-63,-14,-67,-13,-67,-8,-68,-3,-67,-1,-70,1,-70,2,-67,4,-69,5,-67,7,-66,7,-64,7,-66,8,-65,13,-65,11,-64,12,-59,15,-62,20,-63,17,-57,17,-57,22,-61,20,-55,19,0,0]"
CSI_DATA,329,2a:00:00:00:00:00,-44,11,1,0,1,1,1,0,0,0,1,-96,0,11,2,4625571,0,44,0,384,0,"[0,0,0,0,0,0,0,0,0,0,0,0,0,-9,-1,-9,-1,-9,-1,-9,-1,-8,-1,-8,-2,-8,-2,-8,-2,-8,-2,-8,-2,-8,-3,-7,-3,-7,-3,-7,-3,-7,-3,-7,-3,-7,-3,-7,-3,-7,-3,-7,-3,-7,-3,-7,-3,-7,-3,-6,-3,-6,-3,-7,0,0,-2,-6,-2,-6,-2,-6,-1,-6,-2,-6,-1,-6,-1,-6,-1,-6,0,-6,0,-5,0,-5,0,-5,0,-5,1,-5,1,-4,1,-4,1,-4,1,-4,2,-3,2,-3,2,-3,2,-3,2,-2,2,-2,2,-2,2,-2,0,0,0,0,0,0,0,0,0,0,0,0,0,0,16,-46,15,-48,11,-49,9,-43,11,-47,6,-44,5,-43,1,-45,0,-44,0,-42,-6,-44,-4,-42,-7,-40,-7,-42,-5,-39,-6,-40,-9,-44,-8,-38,-10,-37,-10,-41,-10,-38,-7,-37,-11,-38,-11,-38,-11,-36,-10,-35,-8,-34,-11,-38,-7,-34,-6,-36,-6,-31,-7,-32,-8,-34,-6,-31,-1,-31,0,-29,-2,-31,-5,-31,0,-30,3,-28,4,-27,9,-25,9,-24,7,-23,5,-24,11,-21,11,-16,12,-18,14,-16,13,-15,14,-14,14,-13,11,-13,13,-12,10,-10,13,-7,14,-6,0,0,0,0,0,0,0,0,0,0,0,0,0,0,0,0,0,0,0,0,0,0,18,43,21,42,21,45,18,45,18,49,19,50,22,48,21,52,19,53,18,56,15,55,15,58,16,59,17,61,20,58,20,62,19,60,21,64,20,59,22,59,25,60,24,61,23,62,23,63,25,59,25,60,22,57,27,58,29,62,32,57,30,57,33,55,38,54,38,51,41,54,39,51,44,52,42,47,44,47,45,45,47,44,52,40,47,43,51,43,51,40,51,37,52,35,54,36,52,29,55,32,52,33,50,25,51,28,51,31,51,31,52,25,50,23,0,0]"
CSI_DATA,330,2a:00:00:00:00:00,-44,11,1,0,1,1,1,0,0,0,1,-96,0,11,2,4635079,0,44,0,384,0,"[0,0,0,0,0,0,0,0,0,0,0,0,-3,-8,-4,-8,-4,-8,-4,-8,-4,-7,-4,-7,-5,-7,-5,-6,-5,-6,-5,-6,-5,-6,-5,-6,-5,-6,-5,-6,-5,-6,-5,-5,-5,-5,-5,-5,-6,-5,-6,-5,-5,-5,-5,-5,-5,-5,-5,-5,-5,-5,-5,-5,0,0,-4,-5,-4,-5,-4,-5,-4,-5,-4,-5,-3,-5,-3,-5,-3,-5,-2,-5,-2,-5,-2,-5,-2,-5,-1,-5,-1,-5,-1,-4,0,-4,0,-4,0,-4,0,-4,0,-4,0,-3,1,-3,1,-3,1,-3,1,-3,1,-3,0,0,0,0,0,0,0,0,0,0,0,0,0,0,-17,-51,-13,-49,-17,-47,-17,-45,-20,-43,-20,-41,-22,-41,-22,-39,-23,-37,-26,-36,-27,-32,-28,-30,-28,-30,-30,-33,-27,-28,-30,-30,-28,-28,-29,-29,-29,-27,-29,-25,-30,-28,-28,-26,-29,-27,-31,-26,-28,-25,-28,-25,-28,-24,-29,-25,-25,-23,-24,-24,-26,-22,-23,-23,-21,-26,-21,-26,-19,-25,-21,-26,-20,-26,-15,-27,-14,-26,-13,-24,-12,-25,-9,-24,-10,-23,-6,-22,-4,-23,-3,-25,-1,-22,0,-24,1,-18,0,-21,5,-17,4,-16,4,-16,5,-17,7,-15,9,-13,8,-13,0,0,0,0,0,0,0,0,0,0,0,0,0,0,0,0,0,0,0,0,0,0,42,24,39,24,43,26,43,27,42,27,43,29,44,29,44,30,47,34,46,33,47,35,46,37,51,36,52,37,51,37,51,38,53,40,49,39,55,37,53,36,55,37,57,36,56,37,55,37,54,34,57,30,54,33,52,32,56,32,62,31,55,26,60,27,61,19,64,23,66,19,60,18,61,16,61,17,63,13,63,10,64,12,65,10,65,7,68,3,63,3,65,6,62,1,65,-2,63,-3,63,-6,62,-4,59,-6,63,-5,57,-8,60,-6,56,-9,56,-10,0,0]"
CSI_DATA,331,2a:00:00:00:00:00,-44,11,1,0,1,1,1,0,0,0,1,-96,0,11,2,4646562,0,44,0,384,0,"[0,0,0,0,0,0,0,0,0,0,0,0,-6,-7,-6,-7,-6,-7,-6,-7,-6,-7,-6,-6,-6,-6,-7,-6,-6,-5,-7,-5,-6,-5,-7,-5,-7,-5,-7,-5,-7,-4,-7,-4,-7,-4,-7,-4,-7,-4,-7,-4,-6,-4,-6,-4,-6,-4,-6,-4,-6,-4,-6,-4,0,0,-6,-4,-6,-4,-5,-4,-5,-4,-5,-5,-5,-5,-5,-5,-4,-5,-4,-5,-3,-5,-3,-5,-3,-5,-2,-5,-2,-5,-2,-4,-1,-4,-1,-4,-1,-4,-1,-4,0,-4,0,-4,0,-4,0,-4,0,-4,1,-3,1,-3,0,0,0,0,0,0,0,0,0,0,0,0,0,0,-18,-50,-20,-50,-21,-46,-24,-41,-25,-43,-27,-41,-26,-37,-29,-38,-28,-38,-27,-32,-28,-31,-30,-30,-31,-29,-32,-29,-33,-28,-33,-25,-35,-28,-29,-24,-33,-24,-32,-23,-35,-22,-32,-24,-34,-20,-30,-23,-30,-24,-32,-24,-33,-22,-33,-22,-31,-24,-31,-20,-28,-17,-28,-23,-28,-25,-25,-23,-24,-24,-22,-24,-23,-27,-22,-26,-18,-25,-15,-23,-14,-24,-11,-21,-10,-25,-6,-25,-7,-25,-5,-23,-4,-21,-3,-22,1,-18,2,-21,1,-19,4,-21,2,-18,3,-20,7,-22,6,-15,7,-14,0,0,0,0,0,0,0,0,0,0,0,0,0,0,0,0,0,0,0,0,0,0,48,16,42,23,50,20,47,22,46,24,50,23,48,27,49,27,51,29,50,31,55,31,55,29,58,33,57,31,55,35,53,35,55,36,58,32,61,35,53,27,54,36,60,31,61,33,64,29,60,33,64,27,62,28,60,27,63,27,62,24,58,19,63,21,63,20,64,20,68,16,66,14,68,13,67,8,69,11,70,3,67,3,66,-3,70,0,67,-2,66,-3,65,-2,63,-9,66,-8,65,-5,67,-8,62,-13,63,-15,59,-14,57,-13,59,-17,62,-13,57,-17,0,0]"
CSI_DATA,332,2a:00:00:00:00:00,-44,11,1,0,1,1,1,0,0,0,1,-96,0,11,2,4655148,0,44,0,384,0,"[0,0,0,0,0,0,0,0,0,0,0,0,-8,3,-8,3,-8,3,-7,3,-7,4,-7,4,-7,4,-7,4,-7,4,-6,4,-6,5,-6,5,-6,5,-5,4,-5,5,-6,5,-5,5,-5,5,-5,4,-5,4,-5,4,-5,4,-5,4,-5,4,-5,4,-5,4,0,0,-6,4,-5,3,-5,3,-5,3,-5,2,-5,2,-5,2,-5,1,-6,1,-5,1,-5,1,-5,1,-5,0,-4,0,-5,0,-4,-1,-4,-1,-4,-1,-4,-1,-4,-1,-4,-2,-3,-2,-3,-2,-3,-2,-3,-2,-3,-2,0,0,0,0,0,0,0,0,0,0,0,0,0,0,-50,10,-48,8,-47,12,-46,14,-48,14,-41,13,-47,17,-41,18,-41,19,-38,19,-41,22,-38,21,-37,24,-38,24,-36,25,-35,25,-32,26,-31,21,-29,23,-31,28,-32,26,-30,27,-28,26,-29,25,-30,24,-26,25,-31,25,-29,24,-28,21,-29,22,-29,20,-29,21,-30,18,-28,22,-29,17,-28,15,-29,13,-28,14,-30,12,-30,8,-30,9,-29,4,-26,3,-24,2,-22,0,-25,-1,-25,-2,-23,-3,-22,-4,-21,-8,-19,-7,-21,-9,-15,-10,-15,-12,-14,-8,-12,-11,-12,-12,0,0,0,0,0,0,0,0,0,0,0,0,0,0,0,0,0,0,0,0,0,0,27,-40,29,-39,33,-40,36,-42,36,-43,37,-42,38,-42,39,-44,43,-44,42,-46,43,-44,45,-46,46,-47,47,-46,44,-49,48,-49,46,-49,49,-48,46,-50,44,-50,45,-51,47,-50,50,-52,45,-51,44,-51,44,-52,41,-53,39,-53,42,-57,37,-55,34,-60,33,-57,34,-57,34,-60,30,-63,29,-61,27,-64,26,-66,21,-67,21,-66,18,-63,17,-69,16,-66,16,-71,12,-66,8,-69,10,-66,8,-68,8,-66,5,-66,2,-65,4,-67,1,-62,1,-63,1,-62,0,-60,-2,-63,0,0]"
CSI_DATA,333,2a:00:00:00:00:00,-44,11,1,0,1,1,1,0,0,0,1,-96,0,11,2,4688739,0,44,0,384,0,"[0,0,0,0,0,0,0,0,0,0,0,0,8,-1,8,-1,8,-1,8,-2,7,-2,7,-2,7,-3,7,-3,7,-3,7,-3,7,-3,7,-3,6,-3,6,-3,6,-3,6,-4,6,-4,6,-4,6,-4,5,-4,6,-3,6,-4,6,-4,5,-3,5,-3,5,-3,0,0,6,-3,5,-3,5,-2,5,-2,5,-2,5,-1,5,-2,5,-1,5,-1,5,-1,4,0,4,0,4,0,4,1,4,0,3,1,3,1,3,1,3,1,2,1,2,1,2,2,2,2,1,2,1,2,1,2,0,0,0,0,0,0,0,0,0,0,0,0,0,0,49,6,49,3,49,0,47,-4,47,-2,46,-6,41,-8,41,-8,40,-9,41,-10,40,-13,38,-13,40,-12,37,-13,38,-14,39,-20,38,-14,37,-18,36,-18,34,-16,33,-20,33,-18,36,-18,31,-21,31,-20,29,-18,31,-18,32,-16,33,-14,32,-18,32,-18,34,-14,29,-8,31,-13,29,-14,33,-10,28,-8,27,-7,29,-5,30,-5,27,-3,25,-2,24,1,21,5,23,4,20,5,19,8,21,6,18,7,15,7,19,11,15,8,14,11,13,10,9,14,8,13,8,15,0,0,0,0,0,0,0,0,0,0,0,0,0,0,0,0,0,0,0,0,0,0,-38,28,-40,28,-37,27,-45,30,-43,26,-47,28,-44,30,-47,29,-50,31,-47,29,-53,27,-55,29,-52,32,-58,31,-56,34,-54,29,-59,35,-53,32,-60,35,-56,34,-54,37,-56,37,-54,35,-56,37,-56,36,-53,37,-53,37,-52,42,-50,37,-52,41,-48,42,-50,46,-46,47,-40,49,-43,50,-42,51,-41,53,-38,55,-39,52,-36,55,-37,57,-32,56,-33,60,-31,58,-30,60,-25,61,-22,60,-24,60,-23,59,-19,58,-20,60,-19,58,-18,60,-15,55,-15,55,-14,60,-14,53,0,0]"
CSI_DATA,334,2a:00:00:00:00:00,-44,11,1,0,1,1,1,0,0,0,1,-96,0,11,2,4705158,0,44,0,384,0,"[0,0,0,0,0,0,0,0,0,0,0,0,8,2,8,1,7,1,8,1,7,0,8,0,7,-1,7,-1,7,-1,7,-1,7,-1,7,-1,7,-1,7,-1,7,-1,7,-2,7,-2,6,-2,6,-2,6,-2,6,-2,6,-2,6,-2,6,-2,6,-2,6,-2,0,0,6,-2,6,-1,6,-1,6,-1,5,-1,5,0,5,0,5,0,5,0,4,1,4,1,4,1,4,1,3,1,3,1,3,1,3,2,2,2,2,2,2,2,2,2,1,2,1,2,1,2,1,2,1,2,0,0,0,0,0,0,0,0,0,0,0,0,0,0,48,23,43,25,45,22,47,15,48,16,43,15,45,9,46,10,39,8,41,7,44,3,41,2,40,2,38,4,43,3,42,0,40,2,39,-3,37,-4,41,-4,43,-7,37,-4,37,-6,35,-5,36,-3,35,-3,35,-5,38,-4,36,-2,37,-3,34,-3,35,1,31,3,35,3,31,3,32,7,32,5,26,3,28,6,26,4,27,9,24,11,21,13,20,13,18,14,18,14,19,14,13,16,14,16,12,14,15,11,10,14,9,15,6,18,7,16,4,16,4,13,0,0,0,0,0,0,0,0,0,0,0,0,0,0,0,0,0,0,0,0,0,0,-49,7,-50,9,-51,8,-54,10,-54,7,-57,7,-56,10,-59,10,-60,7,-59,8,-62,4,-63,6,-65,6,-65,4,-67,8,-66,4,-68,9,-66,4,-68,6,-67,10,-68,15,-64,11,-65,13,-70,11,-68,9,-68,13,-65,14,-65,16,-66,17,-68,19,-62,21,-64,21,-63,27,-59,28,-61,31,-59,30,-56,32,-60,33,-60,32,-56,34,-54,38,-55,40,-55,42,-51,43,-50,43,-53,47,-46,47,-46,51,-46,48,-46,47,-44,48,-41,48,-39,45,-38,46,-41,47,-36,50,-33,48,0,0]"
CSI_DATA,335,2a:00:00:00:00:00,-44,11,1,0,1,1,1,0,0,0,1,-96,0,11,2,4715074,0,44,0,384,0,"[0,0,0,0,0,0,0,0,0,0,0,0,5,7,5,6,5,6,5,5,5,5,5,5,5,4,6,4,5,4,5,4,6,4,5,4,6,4,6,4,5,3,6,3,6,3,6,3,6,3,6,3,5,3,5,3,5,3,5,3,5,3,5,3,0,0,5,3,5,3,4,3,4,3,4,3,4,3,3,3,3,4,3,4,2,3,2,4,2,4,1,4,1,3,0,3,0,3,0,3,0,3,0,3,0,3,-1,3,-1,3,-1,3,-1,2,-2,2,-2,2,0,0,0,0,0,0,0,0,0,0,0,0,0,0,16,46,21,47,20,45,24,45,24,40,23,38,24,36,24,38,25,38,27,33,30,31,30,31,32,26,30,30,30,27,32,24,35,24,31,25,29,24,32,23,35,22,32,22,31,23,31,23,30,20,30,20,32,21,31,19,31,21,26,20,25,18,25,21,27,21,25,23,23,20,22,25,22,24,20,22,17,25,14,23,14,21,9,23,9,24,13,23,8,21,6,19,2,21,1,21,-1,19,0,20,-1,21,-1,16,-3,20,-3,18,-5,18,-9,13,-9,13,0,0,0,0,0,0,0,0,0,0,0,0,0,0,0,0,0,0,0,0,0,0,-45,-24,-43,-24,-46,-27,-45,-29,-46,-31,-47,-31,-48,-30,-47,-35,-49,-33,-49,-35,-50,-35,-51,-38,-53,-36,-53,-39,-52,-38,-55,-39,-54,-39,-54,-40,-55,-38,-60,-38,-56,-42,-56,-39,-57,-38,-60,-37,-60,-37,-61,-32,-59,-34,-61,-31,-62,-31,-62,-28,-61,-27,-63,-25,-66,-27,-64,-22,-64,-19,-64,-18,-67,-15,-70,-12,-68,-12,-68,-6,-65,-5,-70,-8,-68,-5,-69,0,-67,-3,-71,5,-66,1,-66,6,-64,3,-63,7,-63,10,-63,9,-59,9,-62,9,-58,12,-55,12,-58,15,0,0]"
CSI_DATA,336,2a:00:00:00:00:00,-44,11,1,0,1,1,1,0,0,0,1,-96,0,11,2,4725143,0,44,0,384,0,"[0,0,0,0,0,0,0,0,0,0,0,0,7,-4,7,-4,7,-4,7,-4,6,-5,6,-4,6,-5,6,-5,6,-5,5,-5,5,-5,5,-6,5,-5,5,-5,5,-5,4,-6,4,-6,5,-5,4,-5,4,-5,4,-5,4,-5,4,-5,4,-5,4,-5,4,-5,0,0,5,-4,4,-4,4,-4,5,-4,4,-3,4,-3,4,-3,4,-2,4,-2,4,-2,4,-2,4,-1,4,-1,4,-1,4,0,4,0,3,0,3,0,3,0,3,1,3,1,2,1,2,1,2,1,2,1,1,1,0,0,0,0,0,0,0,0,0,0,0,0,0,0,46,-12,49,-14,46,-16,45,-18,40,-19,40,-19,38,-21,38,-23,35,-25,36,-25,34,-25,32,-28,31,-28,29,-28,29,-26,28,-30,29,-27,29,-27,26,-27,27,-26,27,-32,24,-26,22,-28,23,-28,24,-26,24,-27,24,-26,26,-28,24,-26,26,-26,23,-26,27,-27,23,-19,24,-20,22,-21,24,-17,24,-16,24,-13,25,-13,28,-15,26,-12,25,-8,27,-6,25,-6,23,-4,20,-2,20,0,19,1,22,2,17,4,16,5,15,6,14,5,15,7,14,8,13,10,13,10,0,0,0,0,0,0,0,0,0,0,0,0,0,0,0,0,0,0,0,0,0,0,-21,41,-22,45,-23,42,-28,48,-28,44,-31,45,-29,45,-30,46,-32,48,-31,46,-34,50,-34,49,-37,51,-37,50,-36,52,-36,53,-39,55,-35,52,-34,55,-37,57,-37,54,-38,58,-35,55,-37,56,-36,56,-33,57,-30,55,-31,58,-29,57,-27,59,-27,58,-24,63,-22,60,-21,61,-19,65,-19,62,-14,62,-17,66,-16,61,-9,63,-10,66,-7,65,-6,66,-4,66,-1,64,-2,63,0,65,3,68,-1,63,4,62,4,63,6,61,8,63,5,55,7,58,7,58,10,55,0,0]"
CSI_DATA,337,2a:00:00:00:00:00,-44,11,1,0,1,1,1,0,0,0,1,-96,0,11,2,4735046,0,44,0,384,0,"[0,0,0,0,0,0,0,0,0,0,0,0,7,3,7,2,7,2,8,2,7,1,7,1,7,1,7,0,7,0,7,0,7,0,7,0,7,0,7,0,7,0,7,-1,7,-1,6,-1,7,-1,6,-1,6,-1,6,-1,6,-1,6,-1,6,0,6,-1,0,0,6,-1,5,0,6,0,5,0,5,1,5,1,5,1,4,1,4,1,4,1,4,1,4,2,3,2,3,2,3,2,3,2,2,2,2,2,2,2,2,2,1,2,1,2,1,2,0,2,0,2,0,2,0,0,0,0,0,0,0,0,0,0,0,0,0,0,34,37,36,35,34,33,36,29,36,26,36,27,35,26,38,25,35,21,38,17,38,18,39,17,35,17,39,13,39,9,41,10,37,11,40,9,35,6,38,8,40,7,38,7,37,7,35,6,34,5,35,6,34,8,33,5,32,7,34,6,33,6,33,8,30,9,31,8,31,10,29,13,27,14,29,13,22,14,24,12,23,13,21,15,19,19,18,17,15,17,14,18,12,16,12,19,10,16,9,17,6,16,2,16,2,18,5,16,2,17,1,15,-2,15,0,0,0,0,0,0,0,0,0,0,0,0,0,0,0,0,0,0,0,0,0,0,-49,-11,-50,-13,-49,-12,-50,-13,-51,-15,-51,-16,-51,-18,-55,-19,-56,-19,-58,-17,-58,-19,-59,-18,-62,-18,-60,-18,-61,-18,-61,-20,-64,-23,-62,-19,-62,-18,-61,-20,-65,-17,-69,-20,-65,-18,-69,-15,-67,-12,-67,-13,-66,-11,-65,-11,-66,-7,-65,-7,-66,-4,-65,-4,-65,-2,-68,0,-67,4,-67,5,-68,7,-64,11,-65,13,-66,10,-68,14,-64,20,-64,20,-65,23,-61,21,-60,23,-59,25,-58,29,-57,26,-56,27,-56,28,-55,29,-52,29,-48,31,-48,32,-48,33,-47,31,0,0]"
CSI_DATA,338,2a:00:00:00:00:00,-44,11,1,0,1,1,1,0,0,0,1,-96,0,11,2,4756390,0,44,0,384,0,"[0,0,0,0,0,0,0,0,0,0,0,0,1,7,2,8,2,7,2,7,2,7,2,6,2,6,3,6,3,6,3,6,3,6,3,5,4,5,4,5,4,5,3,5,4,5,3,5,4,5,4,5,3,5,3,5,3,5,3,5,3,4,3,4,0,0,3,5,2,4,2,5,2,4,2,5,1,5,1,5,1,5,0,4,0,4,0,4,0,4,-1,4,-1,4,-1,3,-1,3,-1,3,-2,3,-2,3,-2,2,-2,2,-2,2,-2,2,-2,2,-3,1,-3,1,0,0,0,0,0,0,0,0,0,0,0,0,0,0,-7,51,-5,48,-2,50,-4,44,1,46,2,44,3,45,5,46,6,38,7,41,9,39,11,40,9,38,11,39,11,35,14,37,13,37,15,38,15,36,16,34,15,33,15,32,18,32,15,34,15,33,17,33,14,32,16,33,14,33,15,33,10,30,10,29,13,30,11,31,7,28,3,29,4,29,4,29,2,29,-1,28,-1,27,-5,26,-3,24,-6,28,-6,23,-8,19,-9,20,-10,19,-10,15,-10,16,-12,13,-12,13,-9,13,-11,11,-14,11,-13,10,-15,7,0,0,0,0,0,0,0,0,0,0,0,0,0,0,0,0,0,0,0,0,0,0,-28,-38,-31,-41,-28,-39,-28,-44,-26,-44,-27,-48,-29,-50,-28,-49,-29,-52,-27,-49,-28,-53,-30,-55,-30,-57,-31,-55,-31,-58,-29,-57,-31,-62,-30,-59,-34,-59,-33,-61,-33,-57,-37,-58,-32,-55,-39,-56,-34,-57,-38,-57,-38,-53,-37,-53,-38,-50,-43,-54,-43,-51,-44,-51,-45,-49,-47,-45,-47,-46,-49,-47,-49,-43,-51,-41,-55,-39,-56,-40,-54,-41,-55,-32,-59,-33,-60,-36,-58,-34,-55,-29,-57,-29,-57,-28,-57,-26,-56,-26,-59,-22,-60,-19,-56,-21,-54,-19,-56,-17,-56,-15,-55,-17,0,0]"
CSI_DATA,339,2a:00:00:00:00:00,-44,11,1,0,1,1,1,0,0,0,1,-96,0,11,2,4765007,0,44,0,384,0,"[0,0,0,0,0,0,0,0,0,0,0,0,7,-5,7,-5,6,-5,6,-5,6,-5,6,-6,6,-6,5,-6,5,-6,5,-6,5,-6,5,-6,4,-6,4,-6,4,-6,4,-6,4,-6,4,-6,4,-6,3,-6,4,-6,4,-6,4,-6,3,-6,3,-6,4,-6,0,0,4,-6,4,-5,4,-5,4,-5,4,-4,4,-4,4,-4,4,-3,4,-3,4,-3,4,-2,4,-2,4,-2,4,-2,4,-1,4,-1,3,0,3,-1,3,0,3,0,3,0,3,0,2,0,2,1,2,1,2,1,0,0,0,0,0,0,0,0,0,0,0,0,0,0,51,-8,47,-7,48,-15,46,-13,43,-10,45,-15,41,-19,41,-17,37,-18,39,-21,41,-22,41,-24,38,-21,31,-21,36,-24,33,-24,32,-25,35,-24,33,-27,31,-23,33,-25,32,-25,30,-28,29,-24,27,-25,28,-22,30,-20,30,-23,30,-23,26,-25,29,-21,32,-19,30,-19,27,-18,28,-14,28,-12,28,-11,29,-12,30,-11,31,-4,28,-4,27,-2,25,-1,25,-1,25,2,21,2,24,6,17,4,20,7,19,6,16,8,17,9,13,8,14,10,15,11,11,12,8,12,0,0,0,0,0,0,0,0,0,0,0,0,0,0,0,0,0,0,0,0,0,0,-19,43,-24,47,-25,44,-28,48,-30,46,-32,49,-31,46,-35,46,-36,49,-35,49,-38,51,-36,51,-41,52,-39,56,-43,55,-41,49,-42,56,-39,53,-40,58,-41,52,-40,53,-40,56,-43,55,-39,54,-39,53,-36,56,-36,57,-39,57,-33,57,-35,61,-32,59,-32,62,-29,60,-29,61,-30,64,-23,63,-23,62,-21,66,-19,64,-17,65,-18,65,-12,65,-13,69,-12,66,-12,66,-11,70,-7,68,-9,67,-4,65,-5,63,-1,64,-3,67,-1,63,-1,57,2,62,3,61,2,58,0,0]"
CSI_DATA,340,2a:00:00:00:00:00,-44,11,1,0,1,1,1,0,0,0,1,-96,0,11,2,4775525,0,44,0,384,0,"[0,0,0,0,0,0,0,0,0,0,0,0,2,-8,2,-8,1,-8,1,-8,1,-8,0,-8,0,-8,0,-8,0,-8,-1,-8,0,-8,-1,-8,-1,-7,-1,-7,-1,-7,-1,-8,-1,-7,-1,-7,-1,-7,-1,-7,-1,-7,-1,-7,-1,-7,-1,-7,-1,-7,-1,-7,0,0,-1,-7,-1,-6,-1,-6,0,-6,0,-6,0,-6,0,-6,1,-5,1,-5,1,-5,2,-5,1,-4,2,-4,2,-4,2,-4,2,-3,2,-3,2,-3,2,-3,2,-2,2,-2,2,-2,2,-2,2,-1,2,-1,2,-1,0,0,0,0,0,0,0,0,0,0,0,0,0,0,19,-48,20,-43,14,-45,15,-44,10,-42,11,-43,8,-44,7,-45,7,-45,3,-42,3,-43,1,-45,0,-39,-1,-42,0,-42,-5,-41,-3,-41,-4,-39,-7,-40,-6,-40,-7,-38,-6,-39,-8,-38,-9,-38,-6,-36,-7,-35,-5,-35,-6,-39,-6,-37,-5,-34,-2,-36,-3,-37,-1,-35,-2,-34,0,-31,-1,-34,3,-32,2,-30,5,-28,8,-29,8,-28,10,-26,8,-22,10,-21,10,-22,13,-17,13,-19,11,-17,13,-13,13,-12,14,-12,14,-11,14,-10,15,-9,13,-7,15,-7,15,-3,0,0,0,0,0,0,0,0,0,0,0,0,0,0,0,0,0,0,0,0,0,0,15,45,14,47,14,46,16,49,15,52,12,51,11,51,13,55,11,57,13,57,12,59,10,61,13,60,12,61,13,62,9,61,10,64,10,64,15,64,15,66,16,62,16,68,17,66,18,63,17,64,18,62,18,63,22,61,24,59,25,58,23,59,26,61,29,60,30,57,31,56,34,54,35,52,36,54,39,52,42,50,41,49,44,49,43,48,46,50,45,46,44,43,47,43,48,42,49,37,50,39,51,38,52,37,49,36,48,32,50,36,49,31,49,28,0,0]"
CSI_DATA,341,2a:00:00:00:00:00,-44,11,1,0,1,1,1,0,0,0,1,-96,0,11,2,4795137,0,44,0,384,0,"[0,0,0,0,0,0,0,0,0,0,0,0,-8,3,-8,3,-8,3,-7,4,-7,3,-7,4,-7,4,-7,4,-7,4,-6,4,-6,4,-6,5,-6,5,-6,4,-5,5,-6,5,-5,5,-5,5,-5,5,-5,4,-5,5,-5,4,-5,4,-5,4,-5,4,-5,4,0,0,-5,4,-5,3,-5,3,-5,3,-5,3,-5,2,-5,2,-5,2,-5,2,-5,1,-5,1,-5,0,-5,0,-5,0,-5,0,-5,-1,-4,-1,-4,-1,-4,-1,-4,-1,-4,-1,-3,-2,-3,-2,-3,-2,-3,-2,-3,-2,0,0,0,0,0,0,0,0,0,0,0,0,0,0,-49,1,-50,2,-48,6,-47,7,-48,11,-44,10,-44,14,-40,13,-45,15,-40,14,-41,16,-38,20,-39,20,-33,19,-34,20,-33,22,-32,20,-34,25,-33,23,-34,25,-31,23,-31,22,-28,25,-28,22,-31,22,-26,21,-31,23,-29,23,-30,22,-30,21,-29,23,-31,19,-31,16,-29,18,-30,15,-27,12,-26,13,-26,7,-29,10,-29,8,-27,8,-26,4,-25,3,-22,2,-23,0,-25,-1,-22,-5,-19,-4,-20,-6,-19,-8,-20,-6,-18,-9,-16,-9,-16,-9,-13,-9,-15,-11,-11,-12,0,0,0,0,0,0,0,0,0,0,0,0,0,0,0,0,0,0,0,0,0,0,34,-38,36,-33,37,-34,35,-38,41,-37,42,-34,42,-34,41,-36,48,-36,46,-41,48,-38,47,-39,48,-40,52,-38,50,-42,54,-39,50,-39,52,-44,50,-42,48,-40,50,-43,52,-48,50,-47,51,-46,48,-44,47,-47,47,-46,45,-50,48,-52,44,-50,39,-52,38,-50,38,-54,36,-57,37,-58,34,-57,33,-58,29,-57,27,-60,27,-61,26,-61,22,-63,19,-64,20,-66,19,-60,19,-59,14,-64,15,-63,10,-64,8,-61,9,-63,9,-62,6,-60,8,-61,5,-60,3,-56,-1,-54,0,0]"
CSI_DATA,342,2a:00:00:00:00:00,-44,11,1,0,1,1,1,0,0,0,1,-96,0,11,2,4805006,0,44,0,384,0,"[0,0,0,0,0,0,0,0,0,0,0,0,-7,-6,-7,-5,-7,-5,-7,-5,-7,-5,-7,-4,-7,-4,-7,-4,-7,-4,-7,-3,-7,-3,-7,-3,-7,-3,-7,-3,-7,-3,-7,-2,-7,-2,-7,-2,-7,-2,-7,-2,-7,-2,-7,-2,-6,-2,-7,-2,-7,-2,-6,-2,0,0,-6,-3,-6,-3,-6,-3,-5,-3,-5,-3,-6,-3,-5,-3,-5,-3,-4,-3,-4,-3,-4,-4,-3,-4,-3,-4,-3,-4,-2,-4,-2,-4,-2,-4,-2,-4,-2,-4,-1,-4,-1,-3,-1,-4,-1,-3,0,-3,0,-3,0,-3,0,0,0,0,0,0,0,0,0,0,0,0,0,0,-32,-45,-28,-41,-31,-39,-33,-36,-35,-32,-34,-32,-34,-27,-34,-28,-35,-26,-35,-25,-37,-22,-36,-24,-37,-19,-36,-22,-34,-19,-39,-19,-38,-20,-39,-16,-37,-18,-38,-16,-37,-12,-34,-12,-39,-12,-36,-11,-36,-12,-35,-13,-34,-10,-34,-10,-34,-13,-33,-13,-32,-14,-30,-14,-28,-17,-32,-16,-29,-13,-27,-18,-27,-16,-24,-20,-24,-19,-21,-19,-17,-17,-18,-19,-17,-21,-15,-21,-15,-20,-11,-20,-11,-18,-7,-19,-7,-20,-6,-18,-2,-17,-3,-20,-3,-17,-1,-19,1,-19,2,-16,1,-17,0,0,0,0,0,0,0,0,0,0,0,0,0,0,0,0,0,0,0,0,0,0,46,12,49,14,46,16,49,16,49,15,51,19,52,22,50,20,53,23,50,20,56,23,55,22,58,22,59,26,61,22,58,23,61,26,59,22,63,21,62,20,63,19,66,22,58,20,65,20,61,19,66,17,64,19,65,15,62,12,68,14,60,7,65,8,63,6,64,3,67,1,66,0,62,-4,65,-4,64,-5,65,-6,66,-10,62,-13,67,-13,61,-15,59,-16,61,-23,58,-20,60,-23,60,-22,59,-22,57,-22,57,-24,57,-26,49,-25,55,-25,53,-28,53,-27,0,0]"
CSI_DATA,343,2a:00:00:00:00:00,-44,11,1,0,1,1,1,0,0,0,1,-96,0,11,2,4815120,0,44,0,384,0,"[0,0,0,0,0,0,0,0,0,0,0,0,-5,7,-4,7,-4,7,-3,7,-3,7,-3,7,-3,7,-2,7,-2,7,-2,7,-2,7,-2,7,-1,7,-1,7,-1,7,-1,6,-1,7,-1,6,-1,6,-1,6,-1,6,-1,6,-1,6,-1,6,-1,6,-1,6,0,0,-2,6,-2,5,-2,5,-2,5,-2,5,-2,5,-2,4,-3,4,-3,4,-3,4,-4,3,-3,3,-3,3,-3,2,-4,2,-4,2,-4,1,-4,1,-4,1,-4,1,-4,0,-3,0,-3,0,-3,0,-3,0,-3,-1,0,0,0,0,0,0,0,0,0,0,0,0,0,0,-37,31,-35,34,-30,39,-32,36,-30,36,-28,33,-23,39,-25,37,-22,37,-21,37,-18,40,-18,37,-16,37,-17,36,-12,37,-14,38,-14,39,-10,37,-12,37,-10,38,-8,36,-9,38,-8,37,-10,35,-8,36,-9,34,-12,34,-9,35,-11,34,-13,33,-11,31,-13,29,-13,31,-16,31,-13,30,-17,25,-14,27,-16,26,-18,23,-20,21,-18,19,-22,17,-19,16,-17,15,-18,13,-21,11,-18,12,-20,10,-18,6,-21,5,-18,5,-19,2,-17,2,-16,2,-17,2,-16,-2,-15,-4,0,0,0,0,0,0,0,0,0,0,0,0,0,0,0,0,0,0,0,0,0,0,-4,-50,2,-50,-1,-53,3,-55,2,-54,2,-52,4,-56,7,-57,6,-59,6,-58,10,-62,8,-64,10,-63,8,-64,8,-64,11,-66,10,-65,10,-64,5,-66,5,-66,7,-67,6,-70,7,-69,7,-68,6,-66,3,-69,2,-67,0,-68,-2,-67,-4,-66,-3,-63,-7,-66,-7,-66,-11,-66,-13,-67,-13,-64,-15,-64,-16,-66,-19,-62,-23,-63,-25,-64,-23,-62,-24,-60,-27,-61,-25,-56,-32,-56,-29,-55,-29,-57,-34,-55,-31,-56,-29,-52,-38,-55,-34,-53,-36,-49,-35,-47,-34,-45,-39,-47,0,0]"
CSI_DATA,344,2a:00:00:00:00:00,-44,11,1,0,1,1,1,0,0,0,1,-96,0,11,2,4825050,0,44,0,384,0,"[0,0,0,0,0,0,0,0,0,0,0,0,-7,5,-7,6,-6,6,-6,6,-6,6,-6,6,-5,6,-5,6,-5,6,-4,6,-5,6,-4,6,-4,6,-4,6,-4,6,-4,6,-4,6,-4,6,-4,6,-3,6,-3,6,-3,6,-3,5,-3,5,-4,5,-4,6,0,0,-4,5,-4,4,-4,5,-4,4,-4,4,-4,4,-4,3,-4,3,-5,3,-4,3,-5,2,-4,2,-5,1,-5,1,-5,1,-5,1,-4,0,-4,0,-4,0,-4,0,-4,0,-4,-1,-3,-1,-3,-1,-3,-1,-3,-2,0,0,0,0,0,0,0,0,0,0,0,0,0,0,-48,16,-47,16,-46,21,-41,20,-41,22,-40,23,-38,23,-36,22,-34,26,-34,27,-33,30,-29,28,-30,29,-26,27,-27,30,-25,31,-26,31,-25,31,-26,31,-27,29,-26,33,-23,30,-18,32,-24,29,-21,28,-23,29,-22,27,-20,27,-21,28,-23,29,-22,27,-22,24,-22,25,-23,24,-22,22,-26,20,-22,21,-24,16,-25,15,-25,14,-25,10,-24,13,-22,6,-25,5,-23,5,-20,5,-23,4,-19,4,-22,-4,-22,-1,-20,1,-19,-3,-18,-6,-17,-2,-16,-7,-15,-9,-14,-9,0,0,0,0,0,0,0,0,0,0,0,0,0,0,0,0,0,0,0,0,0,0,20,-47,21,-46,22,-44,23,-47,23,-48,29,-46,27,-47,28,-50,32,-48,28,-47,32,-53,33,-54,33,-55,33,-55,35,-57,35,-55,36,-58,34,-53,31,-57,36,-58,33,-58,34,-57,31,-58,31,-59,31,-57,31,-62,31,-60,28,-62,25,-59,25,-62,23,-60,22,-65,20,-64,20,-63,16,-63,15,-63,11,-63,10,-69,9,-66,8,-67,4,-69,2,-66,0,-69,-2,-65,-1,-67,0,-67,-3,-68,-9,-63,-6,-66,-6,-58,-8,-62,-9,-62,-11,-60,-10,-59,-13,-59,-16,-58,-16,-55,0,0]"
CSI_DATA,345,2a:00:00:00:00:00,-44,11,1,0,1,1,1,0,0,0,1,-96,0,11,2,4835037,0,44,0,384,0,"[0,0,0,0,0,0,0,0,0,0,0,0,-6,6,-6,6,-5,6,-5,6,-5,6,-5,6,-4,6,-4,6,-4,6,-4,6,-4,6,-4,6,-3,6,-3,6,-3,6,-3,6,-3,6,-3,6,-2,6,-3,6,-3,5,-2,5,-3,5,-2,5,-3,5,-3,5,0,0,-3,5,-3,5,-3,5,-3,4,-3,4,-3,4,-4,4,-4,3,-4,3,-4,3,-4,2,-4,2,-4,2,-4,2,-4,1,-4,1,-4,1,-4,1,-4,0,-4,0,-4,0,-3,0,-3,0,-3,-1,-3,-1,-3,-1,0,0,0,0,0,0,0,0,0,0,0,0,0,0,-35,34,-40,36,-30,35,-30,35,-32,37,-29,34,-27,37,-22,34,-22,36,-21,37,-19,39,-20,37,-16,34,-15,35,-18,37,-17,38,-14,37,-10,37,-10,37,-11,34,-10,35,-11,36,-7,35,-10,35,-11,35,-12,35,-9,34,-8,36,-11,35,-11,35,-14,31,-12,31,-11,32,-13,30,-13,28,-13,24,-15,26,-16,27,-16,22,-18,22,-18,20,-20,19,-21,16,-19,13,-20,12,-23,11,-20,11,-17,7,-19,7,-21,4,-19,6,-18,4,-18,2,-18,1,-16,2,-18,-2,-19,-4,0,0,0,0,0,0,0,0,0,0,0,0,0,0,0,0,0,0,0,0,0,0,-2,-48,0,-50,-1,-48,1,-55,4,-52,6,-52,7,-56,5,-56,5,-57,7,-60,9,-61,8,-60,9,-60,9,-63,6,-62,10,-65,9,-65,10,-65,7,-67,7,-66,6,-66,6,-67,6,-70,6,-69,3,-68,2,-69,4,-67,2,-66,-1,-65,-2,-68,-4,-64,-6,-67,-7,-66,-9,-66,-11,-65,-12,-64,-16,-65,-17,-66,-19,-65,-24,-64,-23,-62,-22,-63,-22,-62,-26,-60,-26,-59,-31,-59,-31,-60,-32,-57,-32,-55,-32,-57,-31,-55,-32,-55,-33,-52,-34,-51,-37,-48,-33,-48,-36,-47,0,0]"
CSI_DATA,346,2a:00:00:00:00:00,-44,11,1,0,1,1,1,0,0,0,1,-96,0,11,2,4845097,0,44,0,384,0,"[0,0,0,0,0,0,0,0,0,0,0,0,4,6,4,6,4,6,5,6,4,5,5,5,5,5,5,4,5,4,5,4,5,4,5,4,5,4,5,4,5,3,5,3,5,3,5,3,6,3,5,3,5,3,5,3,5,3,5,3,5,3,5,3,0,0,4,3,4,3,4,3,3,3,3,3,3,4,3,4,3,3,2,3,2,4,1,4,2,4,1,3,1,3,0,3,0,3,0,3,0,3,0,3,-1,3,-1,3,-1,3,-1,2,-1,2,-2,2,-2,2,0,0,0,0,0,0,0,0,0,0,0,0,0,0,14,46,16,45,20,41,19,42,24,43,21,39,26,39,26,36,28,34,26,30,29,31,26,30,32,29,27,29,27,25,29,27,30,26,32,25,31,24,31,21,30,19,33,24,30,21,30,22,28,24,27,21,29,19,32,19,28,21,27,20,26,21,28,22,25,21,23,22,21,24,21,22,17,23,17,24,16,24,11,25,12,23,7,23,12,23,7,21,6,21,4,22,2,22,4,21,-1,16,-1,18,-2,18,-3,16,-2,19,-5,19,-7,18,-7,14,-8,12,0,0,0,0,0,0,0,0,0,0,0,0,0,0,0,0,0,0,0,0,0,0,-44,-23,-42,-29,-44,-30,-42,-30,-45,-29,-42,-31,-42,-36,-45,-36,-46,-41,-46,-37,-47,-34,-49,-37,-53,-39,-52,-40,-47,-38,-50,-44,-49,-40,-54,-40,-53,-37,-51,-40,-54,-41,-56,-43,-55,-39,-57,-40,-55,-38,-58,-36,-60,-34,-55,-35,-60,-33,-57,-27,-60,-31,-60,-26,-60,-28,-60,-25,-62,-25,-63,-20,-64,-16,-66,-16,-65,-14,-66,-10,-66,-9,-65,-5,-64,-7,-70,-7,-63,-6,-60,-1,-64,-3,-65,0,-68,0,-66,3,-60,5,-62,6,-59,8,-57,7,-62,9,-58,6,-57,12,0,0]"
CSI_DATA,347,2a:00:00:00:00:00,-44,11,1,0,1,1,1,0,0,0,1,-96,0,11,2,4855340,0,44,0,384,0,"[0,0,0,0,0,0,0,0,0,0,0,0,-6,-6,-7,-5,-7,-5,-7,-5,-7,-5,-7,-4,-7,-4,-7,-4,-7,-4,-7,-4,-7,-4,-7,-3,-7,-3,-7,-3,-7,-3,-7,-3,-7,-3,-7,-3,-7,-2,-7,-2,-7,-3,-7,-2,-6,-2,-7,-2,-7,-3,-6,-3,0,0,-6,-3,-6,-3,-6,-3,-5,-3,-5,-3,-5,-4,-5,-3,-5,-4,-4,-4,-4,-3,-3,-4,-3,-4,-3,-4,-3,-4,-2,-4,-2,-4,-2,-4,-2,-4,-1,-4,-1,-3,-1,-4,-1,-3,-1,-4,-1,-4,0,-3,0,-3,0,0,0,0,0,0,0,0,0,0,0,0,0,0,-28,-43,-32,-41,-32,-37,-31,-37,-32,-36,-32,-32,-34,-31,-34,-29,-34,-25,-33,-22,-34,-24,-39,-22,-37,-22,-36,-22,-36,-20,-36,-17,-38,-18,-35,-14,-34,-15,-36,-16,-36,-18,-35,-12,-37,-14,-37,-14,-32,-15,-32,-15,-34,-13,-32,-17,-35,-17,-34,-13,-32,-14,-30,-17,-30,-20,-27,-18,-29,-17,-27,-20,-27,-20,-24,-21,-25,-22,-18,-22,-18,-19,-16,-19,-14,-23,-13,-22,-12,-21,-11,-20,-8,-20,-9,-20,-7,-18,-3,-18,-4,-19,-3,-15,0,-18,-2,-19,2,-16,2,-15,5,-14,0,0,0,0,0,0,0,0,0,0,0,0,0,0,0,0,0,0,0,0,0,0,49,5,47,10,50,8,51,8,50,12,52,13,54,14,55,14,57,15,57,14,59,14,61,18,59,15,61,17,62,17,58,20,64,19,63,17,64,16,63,17,63,14,65,15,64,16,64,13,67,17,64,11,65,11,65,8,67,9,64,8,66,7,66,6,65,3,69,-1,65,-1,63,-4,65,-6,65,-11,65,-8,67,-10,64,-13,63,-17,63,-15,68,-18,63,-17,61,-23,57,-22,58,-23,60,-24,62,-25,59,-28,55,-26,55,-25,53,-27,50,-30,51,-28,49,-30,0,0]"
CSI_DATA,348,2a:00:00:00:00:00,-43,11,1,0,1,1,1,0,0,0,1,-96,0,11,2,4866577,0,44,0,384,0,"[0,0,0,0,0,0,0,0,0,0,0,0,8,2,8,2,7,2,8,2,7,1,7,1,7,0,7,0,7,0,7,0,8,0,7,-1,7,0,7,-1,7,-1,7,-1,7,-1,6,-1,7,-1,7,-1,7,-1,6,-1,6,-1,7,-1,6,-1,6,-1,0,0,6,0,6,0,6,0,5,0,6,0,5,1,5,1,5,1,4,1,4,1,4,1,4,2,3,2,3,2,3,2,2,2,2,2,2,2,2,2,2,2,1,2,1,2,1,2,1,2,0,2,0,2,0,0,0,0,0,0,0,0,0,0,0,0,0,0,42,32,46,28,41,23,43,23,42,20,41,13,42,15,39,13,43,12,40,8,42,10,45,10,43,5,41,6,40,3,41,0,41,2,40,0,39,3,42,2,40,1,41,-2,38,-4,38,-2,36,2,40,3,38,-1,37,0,35,-1,39,-2,35,-1,34,0,33,3,34,4,36,2,31,5,28,10,31,10,27,11,23,12,26,13,25,12,24,14,23,12,22,16,17,15,16,15,15,16,11,15,10,16,13,17,9,18,6,16,6,19,4,15,3,17,1,17,0,0,0,0,0,0,0,0,0,0,0,0,0,0,0,0,0,0,0,0,0,0,-50,8,-52,7,-55,7,-52,3,-60,5,-55,2,-57,2,-59,1,-61,1,-61,3,-60,1,-66,3,-65,5,-67,1,-65,3,-68,0,-68,0,-68,1,-67,4,-69,3,-69,-1,-71,2,-69,2,-71,8,-69,6,-67,10,-65,11,-66,10,-68,14,-68,13,-72,19,-66,18,-68,14,-67,22,-68,18,-65,22,-64,27,-60,33,-58,30,-61,36,-60,32,-59,36,-55,38,-60,39,-53,39,-53,36,-55,39,-53,40,-50,41,-52,43,-49,42,-41,48,-42,42,-43,43,-38,44,-41,44,-40,47,0,0]"
CSI_DATA,349,2a:00:00:00:00:00,-44,11,1,0,1,1,1,0,0,0,1,-96,0,11,2,4886268,0,44,0,384,0,"[0,0,0,0,0,0,0,0,0,0,0,0,-8,-3,-8,-3,-8,-2,-8,-3,-8,-2,-8,-2,-8,-1,-8,-1,-8,-1,-8,-1,-8,-1,-8,-1,-8,0,-8,0,-7,-1,-7,0,-7,0,-7,0,-7,0,-7,0,-7,0,-7,0,-7,0,-7,0,-7,0,-7,0,0,0,-6,-1,-7,-1,-6,-1,-6,-1,-6,-2,-6,-2,-6,-2,-5,-2,-5,-2,-5,-2,-5,-2,-4,-3,-4,-3,-4,-3,-3,-3,-3,-3,-3,-3,-3,-3,-2,-3,-2,-3,-2,-3,-2,-3,-2,-3,-1,-3,-1,-3,-1,-3,0,0,0,0,0,0,0,0,0,0,0,0,0,0,-39,-37,-38,-32,-42,-30,-43,-27,-41,-24,-42,-25,-40,-23,-41,-24,-39,-18,-41,-19,-43,-16,-42,-16,-44,-11,-39,-16,-42,-12,-40,-10,-42,-12,-41,-11,-41,-9,-42,-7,-41,-4,-40,-7,-39,-7,-39,-6,-37,-8,-38,-6,-35,-7,-35,-9,-37,-8,-39,-7,-35,-9,-36,-9,-33,-9,-35,-9,-32,-10,-30,-12,-28,-11,-30,-12,-27,-14,-26,-15,-22,-16,-21,-16,-21,-21,-20,-19,-17,-17,-16,-18,-16,-18,-15,-20,-9,-20,-10,-20,-6,-17,-8,-16,-5,-18,-2,-17,-5,-18,-5,-17,-1,-19,0,0,0,0,0,0,0,0,0,0,0,0,0,0,0,0,0,0,0,0,0,0,48,5,50,7,49,3,52,4,51,6,53,10,53,11,57,13,62,8,58,11,61,14,63,15,63,16,63,13,62,15,62,10,66,12,66,13,73,13,66,7,68,9,73,9,67,7,70,7,67,9,66,7,63,7,67,3,67,1,68,0,65,-5,71,-4,66,-5,65,-9,67,-9,64,-14,64,-14,68,-17,69,-15,62,-19,64,-20,61,-25,61,-30,61,-28,61,-29,63,-29,60,-29,58,-31,56,-35,57,-31,55,-34,53,-34,52,-35,46,-34,49,-35,45,-39,43,-38,0,0]"
CSI_DATA,350,2a:00:00:00:00:00,-44,11,1,0,1,1,1,0,0,0,1,-96,0,11,2,4915079,0,44,0,384,0,"[0,0,0,0,0,0,0,0,0,0,0,0,-2,-8,-2,-9,-2,-8,-2,-8,-2,-8,-2,-8,-3,-8,-3,-7,-3,-8,-3,-7,-3,-7,-3,-7,-4,-7,-4,-7,-4,-7,-4,-7,-4,-7,-4,-6,-4,-6,-4,-6,-4,-6,-4,-6,-3,-6,-4,-6,-3,-6,-3,-6,0,0,-3,-6,-3,-6,-3,-6,-2,-6,-2,-6,-2,-6,-2,-6,-1,-6,-1,-5,0,-5,0,-5,0,-5,0,-5,0,-5,1,-4,1,-4,1,-4,1,-4,1,-3,1,-3,2,-3,1,-3,1,-2,2,-2,2,-2,2,-2,0,0,0,0,0,0,0,0,0,0,0,0,0,0,15,-51,9,-50,6,-52,6,-47,0,-44,0,-45,0,-46,-1,-44,-3,-44,-4,-44,-8,-42,-7,-39,-8,-40,-10,-42,-12,-41,-11,-38,-13,-41,-15,-41,-12,-40,-15,-39,-14,-38,-12,-37,-14,-36,-12,-35,-13,-35,-15,-37,-16,-35,-17,-36,-13,-31,-14,-36,-13,-34,-10,-29,-11,-35,-10,-33,-7,-31,-7,-32,-6,-35,-3,-32,-2,-32,-1,-29,2,-29,5,-26,5,-28,4,-25,5,-21,8,-24,9,-19,9,-22,9,-15,11,-19,13,-14,11,-14,11,-15,12,-13,11,-12,12,-4,13,-7,0,0,0,0,0,0,0,0,0,0,0,0,0,0,0,0,0,0,0,0,0,0,21,46,18,44,16,48,22,49,17,50,15,49,15,54,16,53,15,53,17,57,18,58,21,59,22,61,20,62,18,62,16,64,15,63,18,67,24,60,19,59,20,61,22,61,22,60,29,64,26,62,26,58,26,58,26,58,30,58,30,59,33,58,35,56,34,54,37,52,38,48,37,52,44,47,45,48,46,45,49,43,48,42,50,41,49,40,53,41,51,38,50,38,51,35,54,32,55,34,57,30,55,29,54,28,53,27,54,25,54,21,52,19,55,24,0,0]"
CSI_DATA,351,2a:00:00:00:00:00,-44,11,1,0,1,1,1,0,0,0,1,-96,0,11,2,4925260,0,44,0,384,0,"[0,0,0,0,0,0,0,0,0,0,0,0,-4,7,-3,8,-3,8,-3,7,-3,8,-2,8,-2,8,-2,7,-2,7,-1,7,-2,7,-1,7,-1,7,-1,7,0,7,-1,7,-1,7,0,7,0,7,0,7,0,6,0,6,0,6,0,6,0,6,-1,6,0,0,-1,6,-1,6,-1,6,-2,6,-2,5,-2,5,-2,5,-2,5,-3,4,-3,4,-3,4,-3,3,-3,3,-3,3,-3,3,-3,2,-3,2,-3,2,-3,1,-3,1,-4,1,-3,1,-3,1,-3,0,-4,0,-4,0,0,0,0,0,0,0,0,0,0,0,0,0,0,0,-26,40,-26,42,-19,42,-21,42,-19,40,-16,41,-14,41,-12,43,-14,42,-10,40,-9,38,-10,43,-5,42,-4,41,-7,39,-4,40,-1,40,-2,40,-1,36,0,40,1,40,0,36,1,37,2,36,2,38,2,37,1,37,1,35,1,33,0,36,-2,36,-5,33,-3,35,-7,33,-7,34,-7,30,-8,28,-9,32,-12,30,-12,27,-13,28,-15,23,-13,22,-12,21,-14,20,-17,14,-16,15,-17,16,-18,11,-16,11,-17,8,-19,7,-16,6,-17,7,-16,3,-16,1,-18,1,0,0,0,0,0,0,0,0,0,0,0,0,0,0,0,0,0,0,0,0,0,0,-14,-49,-10,-50,-10,-52,-10,-53,-5,-55,-5,-53,-3,-54,-6,-58,-6,-60,-8,-59,-8,-61,-6,-62,-10,-65,-6,-66,-8,-64,-5,-66,-9,-64,-7,-69,-7,-63,-5,-66,-10,-63,-10,-70,-8,-69,-9,-69,-10,-67,-16,-67,-13,-68,-13,-66,-16,-68,-17,-64,-16,-65,-21,-62,-22,-62,-25,-62,-28,-62,-26,-60,-31,-60,-30,-60,-35,-58,-34,-56,-34,-57,-35,-56,-36,-51,-40,-55,-38,-50,-40,-50,-40,-50,-42,-48,-44,-48,-45,-45,-45,-45,-47,-43,-44,-42,-44,-40,-48,-41,-46,-38,-43,-34,0,0]"
CSI_DATA,352,2a:00:00:00:00:00,-44,11,1,0,1,1,1,0,0,0,1,-96,0,11,2,4935049,0,44,0,384,0,"[0,0,0,0,0,0,0,0,0,0,0,0,-5,-8,-5,-8,-5,-8,-5,-8,-5,-7,-5,-7,-5,-6,-6,-6,-6,-6,-6,-6,-6,-6,-6,-6,-6,-5,-6,-5,-6,-5,-6,-5,-6,-5,-6,-5,-6,-5,-6,-5,-6,-5,-6,-5,-6,-5,-6,-5,-6,-4,-5,-5,0,0,-5,-5,-5,-5,-5,-5,-4,-5,-4,-5,-4,-5,-4,-5,-3,-5,-3,-5,-3,-5,-2,-5,-2,-5,-2,-5,-2,-5,-1,-4,-1,-4,-1,-4,0,-4,0,-4,0,-4,0,-4,0,-4,0,-4,1,-3,1,-3,1,-3,0,0,0,0,0,0,0,0,0,0,0,0,0,0,-4,-50,-5,-49,-10,-47,-8,-48,-13,-45,-13,-42,-16,-44,-14,-41,-16,-40,-17,-39,-18,-40,-19,-37,-19,-36,-21,-36,-20,-36,-21,-35,-22,-34,-22,-30,-23,-33,-22,-33,-24,-30,-27,-30,-23,-29,-24,-33,-22,-33,-24,-30,-26,-31,-23,-33,-23,-31,-22,-28,-18,-27,-17,-31,-18,-31,-16,-30,-14,-28,-13,-29,-15,-29,-12,-29,-9,-28,-5,-26,-6,-25,-4,-27,-4,-26,-5,-26,1,-25,-1,-24,3,-20,5,-22,4,-18,5,-20,4,-18,5,-18,6,-16,10,-17,10,-17,10,-12,11,-8,0,0,0,0,0,0,0,0,0,0,0,0,0,0,0,0,0,0,0,0,0,0,35,31,36,32,37,34,36,38,39,40,35,39,36,42,40,43,39,47,38,45,38,48,41,50,42,48,44,47,39,47,39,53,40,50,43,52,45,47,44,50,46,49,43,52,45,49,45,49,46,48,47,46,48,44,47,44,50,43,50,41,52,40,51,38,53,36,55,33,55,35,57,33,58,30,60,31,60,28,60,26,61,26,64,21,61,21,67,20,59,19,60,12,61,14,62,11,63,12,63,12,62,11,61,8,56,9,60,6,61,4,57,2,59,-1,0,0]"
CSI_DATA,353,2a:00:00:00:00:00,-44,11,1,0,1,1,1,0,0,0,1,-96,0,11,2,4945027,0,44,0,384,0,"[0,0,0,0,0,0,0,0,0,0,0,0,-5,-7,-6,-7,-6,-7,-6,-7,-6,-7,-6,-6,-6,-6,-6,-5,-6,-5,-7,-5,-6,-5,-7,-5,-7,-5,-7,-5,-7,-4,-7,-4,-7,-4,-6,-4,-7,-4,-6,-4,-7,-4,-7,-4,-6,-4,-6,-4,-6,-4,-6,-4,0,0,-6,-4,-6,-4,-5,-4,-5,-4,-5,-4,-5,-4,-4,-5,-4,-4,-3,-4,-3,-5,-3,-5,-3,-5,-2,-4,-2,-5,-2,-4,-1,-4,-1,-4,-1,-4,-1,-4,0,-4,0,-4,0,-4,0,-4,0,-4,0,-3,1,-3,0,0,0,0,0,0,0,0,0,0,0,0,0,0,-22,-48,-20,-44,-24,-46,-23,-42,-24,-37,-28,-41,-25,-36,-29,-39,-26,-32,-31,-32,-34,-30,-30,-27,-32,-28,-29,-27,-34,-27,-33,-26,-33,-27,-31,-24,-33,-25,-32,-21,-36,-26,-31,-21,-34,-22,-30,-20,-32,-19,-34,-21,-30,-21,-32,-21,-31,-20,-27,-18,-30,-21,-29,-21,-24,-22,-27,-22,-26,-21,-25,-24,-22,-24,-23,-26,-20,-23,-15,-22,-16,-22,-10,-27,-10,-24,-10,-22,-10,-23,-6,-21,-3,-20,-4,-22,-4,-22,-1,-20,0,-21,-1,-18,-1,-17,2,-16,2,-19,4,-16,9,-15,0,0,0,0,0,0,0,0,0,0,0,0,0,0,0,0,0,0,0,0,0,0,42,21,45,24,43,24,48,29,44,24,47,30,45,26,49,27,49,31,51,28,49,34,54,33,52,33,51,35,57,35,51,33,54,38,50,34,59,35,56,34,57,33,56,33,58,32,60,32,59,33,61,31,58,32,62,29,56,25,64,25,56,20,63,21,63,18,63,17,66,15,62,11,62,7,66,8,71,7,67,-4,68,10,65,-1,68,2,63,-3,68,-2,65,-4,65,-7,64,-11,61,-8,60,-9,63,-6,58,-11,60,-13,56,-13,56,-15,58,-20,54,-15,0,0]"
CSI_DATA,354,2a:00:00:00:00:00,-44,11,1,0,1,1,1,0,0,0,1,-96,0,11,2,4956485,0,44,0,384,0,"[0,0,0,0,0,0,0,0,0,0,0,0,-4,-9,-4,-8,-4,-8,-5,-8,-5,-8,-5,-7,-5,-7,-5,-7,-5,-7,-5,-7,-5,-7,-5,-6,-6,-6,-6,-6,-6,-6,-6,-6,-5,-5,-6,-6,-5,-6,-6,-5,-5,-6,-6,-5,-5,-6,-5,-5,-5,-5,-5,-5,0,0,-4,-5,-4,-6,-4,-6,-4,-6,-4,-6,-3,-6,-3,-6,-2,-6,-2,-5,-2,-5,-1,-5,-1,-5,-1,-5,-1,-5,0,-5,0,-4,0,-5,0,-4,0,-4,1,-4,1,-4,1,-4,1,-3,1,-3,1,-3,1,-2,0,0,0,0,0,0,0,0,0,0,0,0,0,0,-21,-50,-16,-44,-21,-48,-25,-43,-22,-40,-22,-41,-26,-37,-27,-39,-26,-36,-26,-33,-27,-33,-27,-31,-29,-32,-31,-29,-30,-30,-31,-28,-30,-29,-30,-25,-32,-28,-29,-25,-33,-27,-33,-21,-33,-24,-29,-24,-28,-26,-33,-26,-28,-22,-31,-24,-29,-24,-28,-22,-25,-25,-24,-26,-26,-24,-26,-28,-22,-24,-22,-26,-20,-28,-17,-26,-15,-28,-14,-25,-13,-27,-9,-25,-11,-24,-5,-24,-5,-24,-6,-23,0,-21,-3,-24,-1,-18,2,-20,1,-18,4,-17,3,-20,5,-18,6,-19,8,-12,7,-14,0,0,0,0,0,0,0,0,0,0,0,0,0,0,0,0,0,0,0,0,0,0,44,17,47,21,46,22,49,24,47,25,49,24,45,26,51,29,48,29,49,30,50,34,54,33,55,32,53,33,55,35,50,34,57,35,55,36,58,36,58,32,56,36,59,34,58,32,59,32,58,34,57,32,56,26,60,28,58,26,64,28,57,24,62,22,61,19,62,17,64,19,60,16,63,13,62,11,64,12,66,4,66,7,65,1,66,2,65,3,65,-2,62,0,63,-5,64,-6,63,-5,62,-5,61,-10,59,-10,65,-10,59,-9,59,-11,60,-15,54,-14,0,0]"
CSI_DATA,355,2a:00:00:00:00:00,-44,11,1,0,1,1,1,0,0,0,1,-96,0,11,2,4965249,0,44,0,384,0,"[0,0,0,0,0,0,0,0,0,0,0,0,7,5,6,4,7,4,7,4,7,3,7,3,7,2,7,3,7,2,7,2,7,2,7,2,7,2,7,1,7,1,7,1,7,1,6,1,6,1,6,1,6,1,6,1,6,1,6,1,6,1,6,1,0,0,6,1,6,2,5,2,5,2,5,2,5,2,4,2,4,2,4,2,3,3,3,3,3,3,3,3,2,3,2,3,2,3,1,3,1,3,1,2,1,3,0,3,0,3,0,3,-1,3,0,2,-1,2,0,0,0,0,0,0,0,0,0,0,0,0,0,0,36,35,39,35,36,34,40,29,36,25,37,24,36,22,36,21,39,21,41,17,40,14,41,15,40,15,38,11,38,13,40,9,39,13,37,10,38,9,41,5,39,5,36,6,36,9,38,6,34,7,34,7,38,4,36,9,33,5,35,4,32,9,31,8,30,13,31,11,29,12,27,16,28,15,26,15,26,15,22,12,22,15,19,15,17,18,15,19,14,20,13,17,13,17,7,18,7,17,8,18,3,16,4,17,1,17,0,18,0,20,0,15,-1,15,0,0,0,0,0,0,0,0,0,0,0,0,0,0,0,0,0,0,0,0,0,0,-50,3,-51,0,-50,-2,-51,-3,-53,-2,-54,-7,-56,-4,-57,-2,-60,-5,-59,-6,-62,-7,-60,-8,-66,-7,-64,-8,-63,-8,-65,-10,-64,-8,-66,-10,-67,-8,-68,-6,-66,-6,-66,-6,-67,-5,-72,-5,-67,-3,-68,-1,-68,-3,-66,0,-68,-1,-67,2,-65,4,-70,7,-67,10,-66,9,-67,10,-65,12,-63,15,-67,16,-65,19,-64,24,-61,20,-60,23,-61,28,-63,25,-60,27,-60,34,-57,30,-56,32,-54,29,-52,31,-51,35,-50,35,-51,34,-49,35,-50,34,-46,35,-47,34,0,0]"
CSI_DATA,356,2a:00:00:00:00:00,-44,11,1,0,1,1,1,0,0,0,1,-96,0,11,2,4975039,0,44,0,384,0,"[0,0,0,0,0,0,0,0,0,0,0,0,-9,2,-8,2,-8,3,-8,2,-8,3,-8,3,-7,3,-7,3,-7,4,-7,3,-7,4,-7,4,-6,4,-6,4,-6,4,-6,4,-6,4,-6,4,-6,4,-6,4,-6,4,-5,4,-6,4,-5,4,-6,4,-6,4,0,0,-6,3,-6,3,-6,3,-6,3,-6,2,-6,2,-5,2,-5,1,-5,1,-5,1,-5,0,-5,0,-5,0,-5,-1,-5,-1,-4,-1,-4,-1,-4,-1,-4,-1,-4,-2,-4,-2,-3,-2,-3,-2,-3,-2,-3,-2,-2,-2,0,0,0,0,0,0,0,0,0,0,0,0,0,0,-48,6,-50,9,-46,9,-46,14,-48,11,-42,14,-42,15,-40,17,-38,18,-36,17,-39,21,-37,21,-37,25,-34,21,-37,23,-34,23,-34,25,-32,22,-28,19,-30,26,-30,29,-31,26,-28,23,-28,24,-29,24,-26,23,-31,24,-30,23,-27,21,-30,22,-28,21,-27,20,-29,18,-28,16,-29,20,-28,11,-29,12,-27,13,-28,11,-29,11,-29,10,-28,1,-25,2,-24,1,-23,0,-26,-1,-19,-2,-21,-6,-19,-1,-19,-5,-19,-5,-18,-6,-17,-6,-13,-10,-14,-11,-14,-11,-10,-10,0,0,0,0,0,0,0,0,0,0,0,0,0,0,0,0,0,0,0,0,0,0,31,-42,30,-40,32,-42,34,-42,35,-41,37,-38,36,-43,39,-39,39,-46,42,-43,46,-44,44,-43,45,-47,46,-44,44,-43,49,-46,43,-45,47,-48,45,-47,44,-52,47,-50,46,-49,46,-53,45,-52,47,-51,45,-51,42,-52,39,-50,39,-57,36,-53,36,-57,32,-55,32,-57,30,-59,28,-61,28,-61,26,-63,24,-62,21,-59,22,-62,18,-63,18,-68,16,-63,14,-68,13,-62,11,-63,8,-64,6,-65,8,-64,7,-65,4,-62,5,-61,1,-60,2,-61,0,-58,-2,-57,-4,-57,0,0]"
CSI_DATA,357,2a:00:00:00:00:00,-44,11,1,0,1,1,1,0,0,0,1,-96,0,11,2,4995025,0,44,0,384,0,"[0,0,0,0,0,0,0,0,0,0,0,0,-6,6,-6,6,-5,6,-5,6,-5,6,-5,7,-4,6,-4,6,-4,6,-4,6,-4,6,-3,7,-3,6,-3,6,-3,6,-3,6,-3,6,-3,6,-3,6,-2,6,-2,6,-2,6,-3,6,-3,6,-3,6,-3,6,0,0,-3,5,-3,5,-4,5,-4,5,-4,4,-4,4,-4,4,-4,3,-4,3,-4,3,-5,3,-4,2,-4,2,-4,2,-4,1,-4,1,-4,1,-4,0,-4,0,-4,0,-4,0,-3,0,-3,-1,-3,-1,-3,-1,-3,-1,0,0,0,0,0,0,0,0,0,0,0,0,0,0,-40,29,-38,30,-33,33,-34,33,-36,32,-33,32,-27,33,-29,35,-26,37,-24,34,-21,37,-23,34,-23,35,-20,37,-19,37,-17,37,-17,36,-19,37,-13,38,-17,35,-17,36,-14,36,-11,40,-13,34,-15,33,-13,33,-16,35,-15,32,-13,34,-18,33,-15,32,-17,31,-15,31,-17,31,-18,25,-15,24,-18,29,-19,22,-18,23,-22,19,-23,17,-23,18,-18,14,-20,13,-22,11,-23,8,-23,10,-21,8,-18,8,-20,3,-20,1,-18,3,-17,0,-15,0,-16,-1,-18,-6,-19,-7,0,0,0,0,0,0,0,0,0,0,0,0,0,0,0,0,0,0,0,0,0,0,5,-49,9,-47,9,-51,13,-53,10,-52,13,-56,17,-55,10,-54,16,-55,16,-56,15,-59,16,-61,19,-63,19,-62,18,-61,20,-61,22,-64,19,-64,17,-66,17,-66,15,-64,17,-66,15,-64,15,-68,17,-63,15,-64,13,-67,12,-68,10,-67,9,-67,5,-65,4,-67,1,-67,-1,-64,-12,-68,-6,-65,-3,-65,-1,-60,-9,-68,-11,-69,-11,-66,-12,-66,-15,-63,-19,-64,-18,-64,-20,-57,-22,-62,-24,-60,-24,-61,-24,-60,-24,-57,-25,-57,-26,-55,-24,-53,-28,-56,-29,-48,-32,-52,0,0]"
CSI_DATA,358,2a:00:00:00:00:00,-44,11,1,0,1,1,1,0,0,0,1,-96,0,11,2,5015005,0,44,0,384,0,"[0,0,0,0,0,0,0,0,0,0,0,0,-1,8,-1,8,0,8,0,8,0,8,0,8,1,8,1,8,1,7,1,7,1,7,1,7,2,7,2,7,2,6,2,6,2,6,2,6,2,6,2,6,2,6,2,6,2,6,2,6,2,6,1,6,0,0,1,6,1,6,1,6,0,5,0,5,0,5,0,5,-1,5,-1,5,-1,5,-2,5,-1,4,-2,4,-2,4,-2,3,-2,3,-2,3,-3,3,-3,2,-3,2,-3,2,-3,2,-3,1,-3,1,-3,1,-3,1,0,0,0,0,0,0,0,0,0,0,0,0,0,0,-25,43,-24,45,-18,44,-20,42,-12,45,-13,44,-14,48,-9,40,-8,44,-8,41,-6,43,-2,41,-3,43,-1,39,-1,39,3,39,2,42,2,40,6,41,2,39,5,37,4,39,7,37,6,36,3,35,2,39,3,36,9,36,2,34,4,35,2,34,1,33,1,35,-1,32,-4,31,-3,29,-3,29,-5,30,-3,29,-10,26,-10,24,-10,24,-11,22,-11,23,-11,21,-13,19,-16,16,-16,17,-15,12,-16,12,-16,10,-17,10,-16,9,-17,10,-17,8,-17,3,-15,4,0,0,0,0,0,0,0,0,0,0,0,0,0,0,0,0,0,0,0,0,0,0,-13,-49,-10,-52,-9,-53,-7,-50,-8,-52,-8,-52,-4,-56,-8,-58,-5,-60,-7,-58,-7,-62,-8,-62,-8,-69,-6,-67,-7,-65,-5,-65,-3,-63,-6,-66,-10,-65,-7,-67,-9,-67,-10,-69,-8,-63,-12,-66,-14,-64,-15,-66,-15,-67,-16,-62,-16,-62,-17,-63,-21,-64,-23,-60,-23,-64,-27,-61,-29,-61,-27,-62,-32,-55,-33,-56,-33,-58,-39,-57,-38,-54,-40,-53,-41,-53,-43,-53,-42,-50,-45,-48,-47,-47,-45,-43,-47,-45,-47,-44,-49,-43,-49,-41,-46,-40,-46,-35,-48,-33,-47,-34,-50,-32,0,0]"
CSI_DATA,359,2a:00:00:00:00:00,-44,11,1,0,1,1,1,0,0,0,1,-96,0,11,2,5037439,0,44,0,384,0,"[0,0,0,0,0,0,0,0,0,0,0,0,-2,8,-1,7,-1,7,-1,8,-1,7,0,7,0,7,0,7,0,7,0,7,0,7,0,7,1,7,1,6,1,6,1,6,1,6,1,6,1,6,1,6,1,6,1,6,1,6,1,5,1,6,1,6,0,0,0,6,0,6,0,5,0,5,-1,5,0,5,-1,5,-1,5,-1,5,-2,4,-2,4,-2,3,-2,3,-2,3,-2,3,-3,3,-2,2,-3,2,-3,2,-3,2,-3,1,-3,1,-3,1,-3,1,-3,1,-3,0,0,0,0,0,0,0,0,0,0,0,0,0,0,0,-21,46,-17,47,-14,46,-15,45,-11,46,-10,44,-9,44,-4,46,-5,41,-5,40,-4,40,0,43,-1,40,1,43,3,41,4,37,7,41,8,42,5,39,6,40,6,41,6,37,8,36,6,36,5,34,7,37,5,33,8,35,6,36,5,31,1,31,0,34,1,33,2,33,-2,30,-5,31,-2,31,-3,29,-6,30,-11,27,-10,25,-10,23,-12,23,-11,21,-10,21,-13,17,-16,16,-14,19,-17,11,-15,12,-17,9,-13,11,-15,10,-18,8,-15,9,-16,4,-16,1,0,0,0,0,0,0,0,0,0,0,0,0,0,0,0,0,0,0,0,0,0,0,-24,-43,-20,-47,-20,-47,-17,-51,-22,-48,-19,-51,-19,-51,-20,-53,-19,-55,-19,-56,-18,-57,-18,-61,-21,-60,-22,-60,-20,-64,-17,-62,-19,-66,-21,-65,-21,-64,-20,-63,-24,-62,-21,-67,-22,-61,-25,-63,-23,-61,-23,-61,-27,-62,-26,-61,-28,-60,-30,-60,-32,-56,-32,-57,-30,-57,-35,-55,-39,-56,-37,-56,-40,-51,-43,-50,-43,-49,-47,-49,-44,-48,-46,-48,-46,-47,-49,-47,-50,-41,-47,-45,-50,-41,-52,-37,-49,-40,-49,-36,-50,-35,-54,-31,-50,-33,-51,-30,-52,-31,-50,-30,-53,-29,0,0]"
CSI_DATA,360,2a:00:00:00:00:00,-44,11,1,0,1,1,1,0,0,0,1,-96,0,11,2,5045106,0,44,0,384,0,"[0,0,0,0,0,0,0,0,0,0,0,0,5,-7,5,-7,4,-8,4,-8,4,-8,4,-7,3,-8,3,-8,3,-8,3,-8,3,-8,2,-8,2,-8,2,-8,2,-7,2,-8,2,-8,2,-7,1,-7,1,-7,2,-7,1,-7,2,-7,1,-7,2,-7,2,-7,0,0,2,-6,2,-6,2,-6,2,-6,2,-5,2,-5,3,-5,3,-5,3,-5,3,-4,3,-4,3,-3,3,-3,3,-3,3,-3,3,-2,3,-2,3,-2,3,-1,3,-1,3,-1,3,-1,2,-1,2,0,2,0,2,0,0,0,0,0,0,0,0,0,0,0,0,0,0,0,36,-35,34,-38,34,-39,30,-36,26,-39,23,-35,24,-42,20,-38,19,-40,18,-37,18,-39,16,-39,16,-40,11,-41,14,-40,6,-40,9,-42,7,-37,7,-37,10,-41,6,-36,7,-40,5,-38,4,-37,5,-38,5,-36,9,-39,3,-35,8,-34,8,-35,10,-36,8,-33,10,-35,9,-31,12,-33,10,-29,10,-29,12,-30,13,-26,16,-26,18,-24,18,-19,15,-22,16,-19,16,-16,17,-15,18,-12,16,-11,19,-9,17,-8,18,-4,19,-9,14,-5,15,-5,16,-3,16,-1,14,3,0,0,0,0,0,0,0,0,0,0,0,0,0,0,0,0,0,0,0,0,0,0,-4,47,-8,46,-11,50,-13,50,-12,55,-13,49,-16,54,-16,54,-14,57,-15,57,-17,59,-19,58,-16,61,-19,62,-17,60,-20,63,-19,60,-20,64,-15,62,-18,66,-13,65,-17,66,-14,66,-15,64,-11,66,-12,66,-11,65,-7,66,-9,65,-3,64,-5,68,-1,65,-1,67,4,66,5,64,6,66,11,67,12,67,13,65,16,63,16,61,21,64,19,63,22,65,25,60,26,58,28,61,27,58,30,55,30,55,28,54,31,52,29,49,31,54,31,47,33,44,33,46,0,0]"
CSI_DATA,361,2a:00:00:00:00:00,-44,11,1,0,1,1,1,0,0,0,1,-96,0,11,2,5054993,0,44,0,384,0,"[0,0,0,0,0,0,0,0,0,0,0,0,8,0,8,-1,8,-1,8,-1,8,-1,8,-2,7,-2,7,-2,7,-2,7,-2,7,-3,7,-3,7,-3,6,-3,7,-3,6,-3,7,-4,6,-3,6,-3,6,-3,6,-3,6,-3,6,-3,6,-3,6,-3,6,-3,0,0,6,-3,6,-2,6,-2,5,-2,5,-1,5,-1,5,-1,5,0,5,0,5,0,4,0,4,0,4,1,4,1,3,1,3,1,3,1,3,1,2,1,2,2,2,2,2,2,2,2,1,2,1,2,1,2,0,0,0,0,0,0,0,0,0,0,0,0,0,0,49,12,48,13,47,13,45,8,46,5,47,4,45,2,42,1,40,1,41,-5,44,-4,43,-8,42,-8,38,-7,41,-11,40,-13,39,-11,39,-14,37,-13,40,-12,40,-10,35,-12,37,-16,37,-11,34,-8,37,-11,31,-12,33,-12,31,-12,33,-13,32,-11,34,-11,32,-7,34,-8,29,-7,31,-2,31,-2,31,1,30,0,29,4,27,2,25,5,23,7,24,8,24,12,21,6,20,7,20,11,20,11,14,8,14,13,11,12,11,13,10,15,12,11,7,15,9,14,0,0,0,0,0,0,0,0,0,0,0,0,0,0,0,0,0,0,0,0,0,0,-45,20,-47,18,-49,19,-49,16,-50,18,-53,19,-55,15,-55,15,-55,14,-52,20,-60,17,-59,20,-60,23,-64,20,-62,16,-62,15,-66,18,-62,18,-63,19,-65,20,-65,20,-63,18,-63,22,-62,24,-62,22,-62,30,-61,30,-65,27,-58,26,-58,31,-56,30,-57,32,-57,33,-58,35,-54,35,-56,39,-50,39,-50,45,-47,47,-46,51,-47,50,-43,46,-43,49,-42,50,-40,51,-38,49,-39,48,-34,51,-36,53,-34,53,-31,53,-29,57,-32,57,-27,51,-25,52,-27,54,-23,52,0,0]"
CSI_DATA,362,2a:00:00:00:00:00,-44,11,1,0,1,1,1,0,0,0,1,-96,0,11,2,5066256,0,44,0,384,0,"[0,0,0,0,0,0,0,0,0,0,0,0,-8,2,-8,3,-8,3,-8,3,-7,3,-7,3,-7,4,-7,4,-7,4,-6,4,-6,4,-6,4,-6,4,-6,4,-6,4,-6,4,-6,4,-6,4,-5,4,-5,4,-5,4,-5,4,-5,4,-5,4,-5,3,-5,4,0,0,-5,3,-5,3,-5,3,-5,3,-5,2,-5,2,-5,1,-5,1,-5,1,-5,1,-5,1,-5,0,-5,0,-4,0,-5,-1,-4,-1,-4,-1,-4,-1,-4,-1,-4,-2,-4,-2,-3,-2,-3,-2,-3,-2,-3,-2,-2,-2,0,0,0,0,0,0,0,0,0,0,0,0,0,0,-49,2,-51,6,-49,7,-46,9,-46,10,-46,7,-39,11,-43,15,-38,16,-39,16,-40,18,-40,21,-39,19,-32,19,-37,21,-37,22,-34,23,-34,23,-33,25,-33,23,-35,24,-32,20,-29,23,-30,22,-29,21,-32,21,-28,20,-28,20,-29,18,-30,23,-30,19,-31,18,-27,15,-29,12,-30,14,-30,11,-30,8,-28,10,-31,8,-27,6,-29,4,-27,1,-27,2,-23,2,-24,-2,-23,-1,-23,-3,-18,-5,-21,-8,-18,-9,-19,-8,-18,-9,-16,-8,-13,-12,-14,-10,-13,-12,-11,-11,0,0,0,0,0,0,0,0,0,0,0,0,0,0,0,0,0,0,0,0,0,0,26,-39,32,-41,31,-39,35,-38,38,-39,38,-40,37,-40,40,-42,44,-41,40,-41,43,-41,46,-42,45,-48,45,-44,49,-47,46,-43,49,-47,48,-44,48,-47,47,-46,47,-47,49,-47,44,-46,45,-49,47,-48,46,-52,45,-51,43,-52,41,-49,39,-53,37,-52,40,-53,35,-56,34,-57,32,-57,33,-58,29,-57,28,-59,28,-60,25,-64,25,-64,19,-62,21,-64,20,-64,16,-63,17,-63,13,-62,11,-64,10,-64,11,-59,10,-61,10,-64,9,-64,4,-57,3,-57,-2,-58,0,-57,0,0]"
CSI_DATA,363,2a:00:00:00:00:00,-44,11,1,0,1,1,1,0,0,0,1,-96,0,11,2,5075215,0,44,0,384,0,"[0,0,0,0,0,0,0,0,0,0,0,0,-9,1,-9,2,-8,2,-8,2,-8,2,-8,2,-8,2,-8,3,-7,3,-7,3,-7,3,-7,3,-7,4,-6,3,-7,3,-7,4,-6,4,-6,4,-6,4,-6,3,-6,3,-6,3,-6,4,-6,3,-6,3,-6,4,0,0,-6,3,-6,2,-6,2,-6,2,-6,2,-6,1,-6,1,-6,1,-6,1,-5,1,-5,0,-5,0,-5,0,-5,-1,-4,-1,-5,-1,-4,-1,-4,-1,-4,-2,-4,-2,-4,-2,-3,-2,-3,-2,-3,-2,-3,-2,-3,-2,0,0,0,0,0,0,0,0,0,0,0,0,0,0,-48,-15,-53,-8,-49,-7,-49,-5,-47,-5,-47,-3,-44,-4,-45,0,-45,-1,-43,3,-42,5,-41,9,-43,6,-39,5,-42,8,-42,8,-41,12,-40,10,-39,13,-39,12,-37,12,-38,10,-36,13,-35,10,-35,10,-37,11,-37,12,-35,9,-35,10,-35,10,-33,10,-35,5,-32,7,-34,5,-34,3,-31,0,-30,3,-30,1,-27,-2,-28,-2,-30,-5,-26,-5,-24,-9,-26,-11,-23,-9,-22,-10,-19,-11,-19,-14,-18,-12,-16,-12,-15,-14,-14,-13,-11,-13,-9,-13,-7,-16,-10,-16,-8,-14,0,0,0,0,0,0,0,0,0,0,0,0,0,0,0,0,0,0,0,0,0,0,42,-25,42,-24,44,-23,46,-23,48,-24,50,-22,47,-23,50,-24,53,-26,55,-24,55,-26,57,-27,59,-27,61,-28,59,-25,60,-22,59,-22,61,-20,58,-26,60,-26,58,-28,61,-28,61,-31,63,-27,57,-26,60,-30,61,-30,58,-33,58,-33,56,-35,55,-37,53,-36,51,-39,50,-40,52,-42,48,-44,49,-45,46,-47,43,-49,41,-49,44,-50,42,-53,38,-54,39,-54,37,-52,38,-55,33,-54,31,-58,30,-57,32,-54,28,-52,29,-57,28,-56,22,-52,22,-52,25,-51,21,-54,0,0]"
CSI_DATA,364,2a:00:00:00:00:00,-44,11,1,0,1,1,1,0,0,0,1,-96,0,11,2,5095709,0,44,0,384,0,"[0,0,0,0,0,0,0,0,0,0,0,0,-6,5,-6,5,-6,6,-5,6,-5,6,-5,5,-5,6,-5,6,-4,6,-4,6,-4,6,-4,6,-3,6,-3,6,-3,6,-3,6,-3,6,-3,6,-3,6,-3,6,-3,6,-2,6,-3,6,-3,5,-3,5,-3,5,0,0,-3,5,-3,5,-3,4,-4,5,-3,4,-4,4,-4,4,-3,3,-4,3,-4,3,-4,3,-4,2,-4,2,-4,2,-4,1,-4,1,-4,1,-4,1,-4,0,-4,0,-4,0,-3,0,-4,-1,-3,-1,-3,-1,-3,-1,0,0,0,0,0,0,0,0,0,0,0,0,0,0,-48,20,-44,23,-46,26,-44,26,-39,29,-41,27,-38,31,-39,32,-34,31,-29,30,-32,30,-30,31,-29,33,-27,33,-25,31,-26,32,-22,33,-24,36,-23,34,-24,33,-20,34,-18,30,-16,34,-22,32,-18,32,-20,32,-17,31,-16,32,-17,33,-20,30,-18,32,-23,30,-21,28,-20,27,-21,25,-21,27,-22,22,-23,21,-23,19,-23,17,-25,17,-24,12,-23,13,-24,13,-23,10,-23,10,-25,6,-19,6,-20,5,-21,1,-24,2,-21,0,-19,1,-15,-4,-16,-4,-17,-5,-17,-5,0,0,0,0,0,0,0,0,0,0,0,0,0,0,0,0,0,0,0,0,0,0,20,-46,24,-48,24,-44,26,-48,26,-45,27,-47,31,-47,29,-46,36,-51,34,-51,31,-51,35,-54,33,-55,35,-55,38,-56,39,-53,37,-58,38,-55,35,-58,40,-57,38,-55,38,-56,34,-58,33,-58,35,-62,30,-62,28,-65,31,-64,28,-62,25,-63,20,-64,21,-65,21,-62,21,-67,18,-65,16,-66,11,-63,10,-65,5,-66,2,-72,4,-69,0,-66,0,-65,-1,-67,-4,-66,0,-67,-4,-70,-8,-67,-10,-69,-7,-64,-13,-62,-18,-63,-14,-64,-14,-58,-17,-56,-16,-59,-21,-53,0,0]"
CSI_DATA,365,2a:00:00:00:00:00,-44,11,1,0,1,1,1,0,0,0,1,-96,0,11,2,5115024,0,44,0,384,0,"[0,0,0,0,0,0,0,0,0,0,0,0,-7,-6,-7,-6,-7,-5,-7,-5,-7,-5,-7,-4,-7,-4,-7,-4,-7,-4,-7,-4,-7,-4,-7,-3,-7,-3,-7,-3,-7,-3,-7,-3,-7,-3,-7,-3,-7,-3,-7,-3,-7,-3,-7,-3,-6,-3,-7,-3,-7,-3,-6,-3,0,0,-6,-3,-6,-4,-6,-4,-5,-3,-5,-4,-5,-4,-5,-4,-4,-4,-4,-4,-4,-4,-3,-4,-3,-4,-3,-4,-3,-4,-2,-4,-2,-4,-2,-4,-1,-4,-1,-4,-1,-3,-1,-4,-1,-4,0,-4,0,-4,0,-3,0,-3,0,0,0,0,0,0,0,0,0,0,0,0,0,0,-27,-47,-25,-45,-28,-42,-31,-40,-29,-37,-29,-39,-29,-35,-30,-35,-32,-34,-32,-32,-32,-30,-33,-28,-36,-28,-34,-28,-34,-24,-34,-24,-37,-22,-35,-23,-34,-24,-34,-22,-38,-23,-34,-19,-35,-19,-35,-18,-34,-21,-35,-22,-30,-19,-31,-19,-30,-23,-32,-18,-31,-20,-27,-20,-26,-21,-26,-22,-26,-23,-23,-25,-20,-27,-24,-25,-21,-24,-16,-22,-16,-25,-15,-24,-11,-23,-9,-25,-9,-27,-7,-21,-7,-22,-4,-23,-2,-20,0,-17,-1,-20,0,-19,1,-19,2,-19,5,-17,4,-16,7,-14,0,0,0,0,0,0,0,0,0,0,0,0,0,0,0,0,0,0,0,0,0,0,49,10,48,15,48,15,52,19,51,19,50,19,52,21,53,18,56,23,53,20,57,27,58,23,58,25,62,30,59,28,59,26,62,27,59,28,62,25,60,26,63,23,66,24,62,27,62,28,64,22,65,22,62,21,62,18,64,19,64,16,65,14,63,14,64,10,67,7,68,7,65,6,67,2,69,1,68,-4,68,0,66,-3,65,-8,69,-7,68,-8,63,-11,65,-18,65,-13,62,-16,65,-18,63,-17,63,-14,58,-21,61,-18,56,-16,57,-17,58,-21,51,-23,0,0]"
CSI_DATA,366,2a:00:00:00:00:00,-44,11,1,0,1,1,1,0,0,0,1,-96,0,11,2,5125211,0,44,0,384,0,"[0,0,0,0,0,0,0,0,0,0,0,0,3,7,3,7,3,6,4,6,4,6,4,6,4,5,4,5,4,5,5,5,4,5,5,5,5,5,5,4,5,4,5,4,5,4,4,4,5,4,5,4,5,4,5,4,4,4,5,4,5,4,4,4,0,0,4,4,4,4,4,4,3,3,3,4,3,4,3,4,2,4,2,4,1,3,1,4,1,4,1,4,1,4,0,3,0,3,0,3,0,3,-1,3,-1,3,-1,2,-1,2,-1,2,-1,2,-2,2,-2,2,0,0,0,0,0,0,0,0,0,0,0,0,0,0,-8,49,-6,51,-2,49,-3,45,-2,48,2,44,3,44,5,43,7,45,5,39,8,42,9,43,8,39,13,37,11,38,13,37,14,39,17,38,16,34,15,36,17,36,15,33,17,33,17,33,16,34,16,33,16,32,14,33,16,30,16,32,15,31,13,31,9,33,9,33,8,30,7,30,5,31,5,33,0,29,2,27,-3,26,-3,26,-4,27,-5,25,-7,23,-7,22,-9,21,-10,18,-10,14,-9,19,-11,14,-14,12,-13,15,-11,12,-13,11,-13,9,-13,9,0,0,0,0,0,0,0,0,0,0,0,0,0,0,0,0,0,0,0,0,0,0,-28,-41,-28,-42,-26,-43,-29,-45,-27,-48,-26,-48,-25,-49,-29,-51,-27,-52,-30,-52,-28,-54,-29,-55,-31,-59,-32,-58,-31,-58,-27,-58,-31,-63,-29,-60,-33,-58,-32,-59,-30,-58,-34,-60,-33,-57,-34,-56,-35,-56,-39,-56,-37,-58,-37,-56,-38,-55,-38,-51,-45,-52,-43,-49,-43,-49,-46,-48,-46,-45,-49,-45,-51,-42,-52,-43,-54,-41,-53,-40,-56,-39,-57,-35,-57,-35,-59,-34,-57,-29,-59,-28,-59,-30,-58,-27,-59,-26,-55,-24,-60,-25,-58,-21,-57,-22,-54,-20,-58,-20,-57,-16,-53,-17,0,0]"
CSI_DATA,367,2a:00:00:00:00:00,-44,11,1,0,1,1,1,0,0,0,1,-96,0,11,2,5135081,0,44,0,384,0,"[0,0,0,0,0,0,0,0,0,0,0,0,-7,6,-6,6,-6,6,-5,6,-5,6,-5,6,-5,7,-5,6,-5,6,-4,6,-4,6,-4,6,-4,6,-3,6,-3,6,-3,7,-3,7,-3,6,-3,6,-3,6,-3,6,-3,6,-3,6,-3,6,-3,6,-3,6,0,0,-4,6,-3,5,-3,5,-4,5,-4,4,-4,4,-4,4,-4,3,-5,3,-5,3,-5,3,-4,2,-4,2,-4,1,-4,1,-4,1,-4,1,-4,0,-4,0,-4,0,-4,0,-4,-1,-3,-1,-3,-1,-3,-1,-3,-1,0,0,0,0,0,0,0,0,0,0,0,0,0,0,-45,23,-44,23,-43,29,-37,27,-37,26,-38,27,-35,28,-33,31,-27,31,-31,34,-27,32,-26,32,-27,33,-24,34,-25,32,-22,34,-20,36,-18,33,-22,36,-18,33,-21,34,-21,32,-18,35,-18,32,-17,33,-19,30,-18,30,-17,31,-18,30,-19,29,-20,29,-20,28,-18,25,-18,28,-24,24,-20,20,-23,23,-26,21,-26,21,-24,16,-26,11,-23,13,-23,10,-22,12,-23,9,-20,6,-22,6,-18,3,-22,1,-19,2,-21,0,-19,-1,-16,-3,-17,-4,-16,-4,-15,-5,-16,-4,0,0,0,0,0,0,0,0,0,0,0,0,0,0,0,0,0,0,0,0,0,0,10,-48,11,-50,13,-47,15,-48,18,-51,17,-51,21,-53,21,-54,19,-53,22,-56,21,-58,25,-59,23,-60,23,-57,25,-59,25,-58,28,-64,26,-60,24,-62,25,-61,23,-61,25,-61,25,-62,23,-64,20,-63,21,-64,18,-60,19,-65,20,-63,14,-65,13,-61,13,-68,10,-64,9,-62,5,-67,6,-64,3,-64,2,-68,0,-67,-7,-65,-4,-64,-7,-65,-7,-67,-12,-64,-11,-66,-11,-68,-12,-65,-14,-64,-12,-62,-19,-61,-19,-61,-17,-58,-18,-59,-16,-53,-22,-56,-21,-57,-25,-52,0,0]"
CSI_DATA,368,2a:00:00:00:00:00,-44,11,1,0,1,1,1,0,0,0,1,-96,0,11,2,5145042,0,44,0,384,0,"[0,0,0,0,0,0,0,0,0,0,0,0,-7,6,-6,5,-6,6,-6,6,-5,6,-5,6,-5,6,-5,6,-5,6,-4,6,-4,6,-4,6,-4,6,-3,6,-3,6,-3,6,-3,6,-4,6,-3,6,-3,6,-3,6,-3,6,-3,6,-3,6,-3,5,-3,6,0,0,-4,5,-4,5,-4,5,-4,5,-4,4,-4,4,-4,3,-4,3,-4,3,-5,3,-4,3,-4,2,-4,2,-4,1,-4,1,-4,1,-4,1,-4,0,-4,0,-4,0,-4,0,-3,0,-3,-1,-3,-1,-3,-1,-3,-1,0,0,0,0,0,0,0,0,0,0,0,0,0,0,-49,22,-42,21,-45,21,-42,24,-38,21,-38,25,-37,26,-38,25,-29,29,-34,27,-32,30,-31,32,-29,31,-29,30,-27,31,-27,31,-26,30,-23,30,-22,32,-24,31,-23,33,-22,31,-20,34,-19,32,-21,27,-17,29,-20,30,-21,32,-21,29,-24,28,-24,29,-24,30,-20,26,-22,23,-23,24,-22,23,-22,20,-21,21,-23,17,-26,16,-24,13,-24,12,-25,10,-21,7,-22,8,-22,7,-20,3,-20,5,-21,3,-19,1,-21,0,-19,-1,-15,-5,-15,-3,-17,-3,-18,-6,-16,-9,0,0,0,0,0,0,0,0,0,0,0,0,0,0,0,0,0,0,0,0,0,0,22,-45,25,-43,23,-44,26,-47,27,-45,32,-48,29,-47,30,-49,31,-51,31,-48,35,-49,35,-51,34,-54,37,-55,37,-54,37,-52,39,-56,35,-53,36,-57,37,-55,35,-57,35,-57,36,-56,36,-57,35,-59,33,-60,33,-57,31,-61,29,-58,27,-62,24,-58,22,-64,20,-64,19,-63,16,-66,17,-64,13,-65,11,-69,9,-64,9,-67,8,-66,2,-64,1,-67,-1,-64,0,-66,-6,-64,-6,-65,-6,-63,-6,-64,-4,-59,-8,-61,-11,-60,-11,-62,-14,-56,-13,-61,-17,-56,-19,-52,0,0]"
CSI_DATA,369,2a:00:00:00:00:00,-44,11,1,0,1,1,1,0,0,0,1,-96,0,11,2,5155182,0,44,0,384,0,"[0,0,0,0,0,0,0,0,0,0,0,0,8,3,7,2,8,2,7,2,8,2,7,1,7,1,7,1,7,0,8,0,7,0,7,0,7,0,7,0,7,0,7,-1,7,-1,7,-1,6,-1,6,-1,6,-1,7,-1,7,-1,6,-1,6,-1,6,-1,0,0,6,0,6,0,5,0,6,0,5,1,5,1,5,1,5,1,4,1,4,1,4,2,4,2,3,2,3,2,3,2,2,2,2,3,2,2,2,2,1,2,1,2,1,3,1,3,1,2,0,2,0,2,0,0,0,0,0,0,0,0,0,0,0,0,0,0,42,26,41,32,43,29,42,22,43,20,43,16,44,19,42,15,43,14,44,12,41,11,42,10,43,10,40,8,40,3,41,4,41,4,42,3,41,5,42,1,41,-1,40,-1,40,0,39,3,33,3,38,-1,38,1,40,-3,34,-1,38,3,36,1,37,2,35,5,36,6,33,5,35,8,29,9,29,11,28,9,25,12,25,11,26,12,21,14,20,14,17,17,16,16,17,14,15,15,14,16,13,16,9,18,11,15,7,18,4,15,3,17,4,16,2,13,0,0,0,0,0,0,0,0,0,0,0,0,0,0,0,0,0,0,0,0,0,0,-52,1,-53,-2,-51,-4,-57,-3,-57,-6,-57,-7,-57,-5,-59,-7,-62,-6,-64,-11,-65,-10,-63,-7,-66,-8,-68,-10,-67,-10,-70,-11,-69,-11,-68,-9,-68,-5,-67,-7,-68,-7,-71,-8,-71,-6,-69,-3,-68,-4,-71,-1,-69,-1,-69,2,-70,1,-71,6,-68,7,-67,10,-67,9,-67,14,-68,16,-66,18,-64,20,-67,24,-63,23,-62,26,-62,24,-63,31,-59,29,-61,35,-58,33,-54,35,-55,36,-55,36,-54,39,-54,39,-48,39,-51,41,-48,40,-45,42,-42,42,-44,42,-41,44,0,0]"
CSI_DATA,370,2a:00:00:00:00:00,-44,11,1,0,1,1,1,0,0,0,1,-96,0,11,2,5165041,0,44,0,384,0,"[0,0,0,0,0,0,0,0,0,0,0,0,-2,8,-2,8,-1,8,-1,8,0,7,0,8,0,7,0,7,0,7,1,7,1,7,1,7,1,7,2,7,2,7,1,6,1,6,1,6,2,6,2,6,1,6,2,6,1,6,2,6,1,6,1,6,0,0,1,6,1,5,1,6,0,6,0,5,0,5,0,5,-1,5,-1,5,-1,5,-2,4,-2,4,-2,4,-2,4,-2,3,-2,3,-2,3,-3,2,-3,2,-3,2,-3,2,-3,2,-3,1,-3,1,-3,1,-3,1,0,0,0,0,0,0,0,0,0,0,0,0,0,0,-29,41,-25,42,-22,45,-19,40,-18,39,-16,44,-13,42,-12,46,-10,39,-12,40,-6,40,-9,42,-9,42,-4,41,-3,41,-2,37,2,39,-1,39,0,40,0,37,-2,42,-1,35,6,38,1,39,2,35,0,38,0,34,2,38,3,36,1,35,1,32,0,34,0,32,-1,33,-6,30,-4,32,-7,32,-7,30,-8,27,-10,25,-10,26,-15,23,-12,23,-13,21,-14,23,-14,13,-17,15,-14,14,-17,13,-16,11,-17,10,-15,10,-16,7,-15,5,-14,7,-16,4,-17,3,0,0,0,0,0,0,0,0,0,0,0,0,0,0,0,0,0,0,0,0,0,0,-9,-47,-6,-51,-6,-49,-5,-54,-6,-52,-2,-57,-3,-57,-3,-54,-1,-59,-3,-55,-5,-61,-4,-62,-3,-65,-5,-68,0,-68,1,-64,1,-68,-3,-64,-2,-70,-1,-68,-3,-66,-1,-68,-4,-66,-7,-67,-11,-68,-13,-69,-9,-65,-9,-68,-10,-64,-13,-68,-14,-61,-17,-66,-18,-64,-18,-63,-22,-61,-22,-60,-26,-56,-30,-60,-31,-57,-34,-57,-34,-59,-35,-54,-36,-60,-39,-51,-40,-55,-41,-58,-40,-49,-41,-49,-42,-48,-41,-46,-45,-43,-44,-42,-44,-43,-42,-40,-46,-39,-44,-39,-43,-39,0,0]"
CSI_DATA,371,2a:00:00:00:00:00,-44,11,1,0,1,1,1,0,0,0,1,-96,0,11,2,5175034,0,44,0,384,0,"[0,0,0,0,0,0,0,0,0,0,0,0,0,8,1,8,2,8,2,8,2,8,2,7,2,7,2,7,3,7,3,7,3,7,3,7,3,6,3,6,3,6,3,6,3,6,3,6,4,6,3,6,3,6,3,6,3,5,3,6,3,6,2,6,0,0,2,5,2,5,2,5,1,5,1,5,1,5,1,5,1,5,0,5,0,5,-1,4,-1,4,-1,4,-1,4,-2,3,-2,3,-2,3,-2,3,-2,2,-2,3,-2,2,-2,2,-3,2,-3,2,-3,1,-3,1,0,0,0,0,0,0,0,0,0,0,0,0,0,0,-1,51,0,54,2,49,6,47,4,45,5,46,8,43,8,42,11,39,12,38,14,37,15,37,18,38,17,37,15,38,16,35,16,37,19,34,20,34,20,33,20,33,17,33,24,30,21,30,19,32,21,31,19,30,19,32,15,30,18,32,15,29,15,30,16,31,14,30,10,29,10,31,10,29,10,29,7,30,4,27,2,29,0,26,-2,26,1,26,-1,23,-4,22,-5,21,-7,23,-5,17,-8,18,-7,15,-10,15,-9,15,-10,17,-14,14,-12,9,-12,9,0,0,0,0,0,0,0,0,0,0,0,0,0,0,0,0,0,0,0,0,0,0,-35,-37,-31,-38,-31,-40,-31,-42,-34,-44,-33,-45,-30,-45,-34,-47,-35,-49,-34,-48,-32,-50,-31,-52,-36,-53,-35,-53,-36,-55,-32,-56,-35,-55,-37,-58,-38,-55,-41,-56,-42,-54,-38,-55,-42,-56,-39,-54,-41,-53,-44,-52,-40,-52,-43,-52,-44,-49,-45,-48,-45,-48,-49,-47,-51,-42,-50,-42,-52,-43,-54,-42,-53,-38,-55,-38,-58,-37,-55,-33,-58,-33,-60,-32,-60,-29,-62,-27,-57,-25,-59,-21,-60,-20,-62,-18,-65,-19,-61,-21,-59,-18,-59,-17,-58,-12,-57,-15,-59,-11,-61,-8,-58,-11,0,0]"
CSI_DATA,372,2a:00:00:00:00:00,-44,11,1,0,1,1,1,0,0,0,1,-96,0,11,2,5205173,0,44,0,384,0,"[0,0,0,0,0,0,0,0,0,0,0,0,1,-9,1,-9,0,-9,0,-9,0,-9,0,-8,-1,-8,-1,-8,-1,-8,-1,-8,-1,-8,-1,-8,-2,-8,-2,-8,-2,-8,-2,-8,-2,-8,-2,-7,-2,-7,-2,-7,-2,-7,-2,-7,-2,-7,-2,-7,-2,-7,-1,-7,0,0,-1,-7,-1,-7,-1,-7,0,-6,0,-6,0,-6,0,-6,0,-6,1,-5,1,-5,1,-5,1,-5,1,-4,1,-4,2,-4,2,-3,2,-3,2,-3,2,-3,2,-2,2,-2,2,-2,2,-2,2,-2,2,-1,2,-1,0,0,0,0,0,0,0,0,0,0,0,0,0,0,28,-44,30,-42,25,-43,23,-42,21,-40,17,-42,18,-46,18,-43,16,-42,12,-39,12,-40,11,-40,10,-42,9,-42,9,-41,7,-42,6,-43,4,-39,2,-39,8,-41,3,-41,4,-38,4,-36,4,-39,4,-38,1,-36,3,-36,3,-39,4,-37,1,-35,8,-34,6,-32,6,-32,8,-34,10,-32,12,-32,13,-30,11,-30,12,-27,14,-24,17,-22,17,-20,16,-22,17,-18,16,-18,16,-12,16,-14,20,-13,17,-9,18,-9,16,-7,15,-6,17,-5,18,-5,18,-4,16,0,16,1,0,0,0,0,0,0,0,0,0,0,0,0,0,0,0,0,0,0,0,0,0,0,11,47,9,47,8,47,9,52,7,51,6,53,8,55,4,56,5,58,8,60,4,61,5,61,7,63,5,61,3,64,1,63,3,67,3,67,5,66,3,65,6,65,7,65,6,67,7,67,8,65,8,64,8,62,8,63,14,66,15,64,13,63,16,63,18,60,21,61,22,63,23,62,28,60,26,60,32,57,29,58,33,57,34,56,35,56,36,55,38,53,39,53,40,46,38,51,40,46,44,46,41,47,40,41,39,44,40,42,43,44,45,38,41,35,0,0]"
CSI_DATA,373,2a:00:00:00:00:00,-44,11,1,0,1,1,1,0,0,0,1,-96,0,11,2,5214993,0,44,0,384,0,"[0,0,0,0,0,0,0,0,0,0,0,0,8,2,8,1,8,1,8,1,8,0,8,0,7,0,8,0,8,0,7,-1,7,-1,7,-1,7,-1,7,-1,7,-1,7,-2,7,-2,7,-2,7,-2,6,-2,7,-2,6,-2,6,-2,6,-2,6,-2,6,-2,0,0,6,-2,6,-1,6,-1,5,-1,6,0,5,0,5,0,5,1,5,1,4,1,4,1,4,1,4,1,4,2,3,1,3,2,3,2,2,2,2,2,2,2,2,2,1,2,1,2,1,2,1,2,1,2,0,0,0,0,0,0,0,0,0,0,0,0,0,0,41,26,43,23,47,21,45,16,45,13,43,11,41,9,39,12,42,9,46,7,43,6,41,-1,41,0,39,-1,44,-1,42,-2,43,-2,40,-3,39,-3,39,-5,39,-6,38,-8,38,-8,40,-6,37,-5,38,-5,37,-6,35,-6,34,-8,33,-6,36,-5,36,-7,32,-4,33,1,28,-3,33,1,30,2,30,1,28,4,26,6,25,8,27,7,24,11,21,11,20,13,18,11,19,13,18,14,17,12,13,11,16,11,9,12,9,14,7,14,6,14,8,14,3,14,0,0,0,0,0,0,0,0,0,0,0,0,0,0,0,0,0,0,0,0,0,0,-46,5,-52,4,-52,-1,-54,0,-52,5,-55,-1,-56,-3,-58,-1,-61,-3,-56,-1,-61,-1,-62,0,-65,0,-62,0,-68,-2,-66,-4,-67,-4,-65,-2,-70,1,-68,-1,-64,1,-70,2,-66,4,-71,7,-64,5,-65,10,-71,6,-69,9,-67,8,-66,11,-64,14,-65,15,-61,16,-62,22,-61,23,-61,25,-56,26,-60,30,-60,32,-59,32,-57,34,-55,37,-56,34,-51,36,-54,40,-52,39,-52,42,-45,43,-47,41,-42,40,-43,41,-42,44,-42,45,-36,43,-38,44,-36,50,-30,44,0,0]"
CSI_DATA,374,2a:00:00:00:00:00,-43,11,1,0,1,1,1,0,0,0,1,-96,0,11,2,5235384,0,44,0,384,0,"[0,0,0,0,0,0,0,0,0,0,0,0,4,7,4,6,4,6,4,6,5,6,4,5,5,5,5,5,5,5,5,5,5,4,5,4,5,4,5,4,5,4,5,4,5,3,5,4,5,3,5,3,5,3,5,3,5,3,5,3,5,3,5,3,0,0,4,3,4,4,4,4,3,4,3,4,3,4,3,4,2,4,2,4,2,4,1,4,1,4,1,4,1,3,0,3,0,3,0,3,0,3,-1,3,-1,3,-1,3,-1,3,-1,2,-1,2,-2,2,-2,2,0,0,0,0,0,0,0,0,0,0,0,0,0,0,17,49,17,42,24,46,20,41,22,36,24,38,24,38,23,38,23,35,28,34,27,33,27,29,28,31,29,28,31,27,31,24,31,24,32,26,32,25,29,21,33,21,32,24,33,23,29,23,29,22,31,23,26,21,29,21,29,21,30,19,27,18,24,23,24,22,24,24,20,20,19,25,18,24,18,25,14,26,13,24,11,23,10,24,10,23,11,21,6,25,4,20,3,22,1,21,-1,19,1,18,-2,17,-3,17,-3,19,-4,16,-5,16,-5,16,-10,12,0,0,0,0,0,0,0,0,0,0,0,0,0,0,0,0,0,0,0,0,0,0,-40,-22,-43,-28,-43,-24,-45,-28,-44,-28,-48,-32,-45,-33,-47,-36,-46,-39,-48,-38,-51,-37,-51,-37,-55,-34,-52,-35,-54,-40,-51,-36,-54,-42,-53,-37,-57,-38,-54,-40,-52,-38,-55,-42,-56,-38,-59,-36,-57,-34,-57,-29,-58,-32,-58,-32,-59,-29,-63,-32,-57,-25,-62,-23,-62,-25,-61,-24,-66,-23,-62,-18,-63,-15,-66,-10,-65,-8,-65,-9,-67,-11,-65,-4,-67,-6,-65,-5,-66,-2,-65,-6,-63,-2,-65,3,-64,-1,-61,5,-61,8,-63,11,-61,7,-57,11,-61,11,-56,13,-57,10,0,0]"
CSI_DATA,375,2a:00:00:00:00:00,-44,11,1,0,1,1,1,0,0,0,1,-96,0,11,2,5245022,0,44,0,384,0,"[0,0,0,0,0,0,0,0,0,0,0,0,4,-8,3,-8,3,-8,3,-8,2,-8,2,-7,2,-8,2,-8,2,-8,1,-8,2,-7,1,-8,1,-8,1,-8,0,-7,0,-8,0,-7,0,-7,0,-7,0,-7,0,-7,0,-7,0,-7,0,-7,0,-7,0,-7,0,0,1,-7,1,-6,1,-6,1,-6,1,-6,1,-6,2,-5,2,-5,2,-5,2,-5,3,-4,2,-4,2,-4,2,-4,2,-3,3,-3,2,-3,3,-2,2,-2,3,-2,2,-2,2,-2,2,-1,2,-1,2,-1,2,-1,0,0,0,0,0,0,0,0,0,0,0,0,0,0,32,-35,36,-34,31,-35,31,-36,29,-35,27,-37,24,-37,22,-38,21,-40,22,-39,18,-40,16,-39,16,-41,14,-40,16,-40,14,-39,14,-39,10,-37,11,-39,9,-37,9,-38,9,-38,6,-39,7,-40,7,-38,8,-35,7,-37,8,-38,9,-35,10,-34,10,-35,13,-35,9,-32,11,-32,13,-31,15,-31,14,-30,13,-27,14,-28,14,-23,18,-23,16,-22,15,-19,17,-16,17,-15,20,-13,16,-12,17,-12,18,-8,19,-10,21,-8,16,-7,16,-4,16,-3,15,-2,16,0,15,2,0,0,0,0,0,0,0,0,0,0,0,0,0,0,0,0,0,0,0,0,0,0,-4,48,-5,48,-7,50,-9,48,-9,51,-16,51,-9,53,-10,53,-14,54,-13,59,-14,60,-16,59,-15,60,-15,61,-15,62,-16,60,-17,66,-15,61,-15,65,-14,66,-13,65,-11,65,-10,64,-12,64,-11,66,-10,68,-8,62,-7,66,-6,64,-4,64,-3,63,0,64,4,65,6,65,9,65,6,63,12,65,13,66,15,63,17,65,14,63,20,61,22,62,24,61,22,59,23,58,27,56,31,55,28,55,28,54,33,53,29,52,31,50,31,50,31,49,35,46,37,46,0,0]"
CSI_DATA,376,2a:00:00:00:00:00,-44,11,1,0,1,1,1,0,0,0,1,-96,0,11,2,5256214,0,44,0,384,0,"[0,0,0,0,0,0,0,0,0,0,0,0,-6,6,-6,6,-6,6,-6,6,-5,6,-5,6,-5,6,-4,7,-4,7,-4,6,-4,6,-4,7,-4,6,-4,6,-3,6,-3,6,-3,7,-3,6,-3,6,-3,6,-3,6,-3,6,-3,6,-3,6,-3,6,-3,6,0,0,-3,6,-3,5,-4,5,-4,5,-4,4,-4,4,-4,4,-4,3,-5,3,-4,3,-5,2,-4,2,-4,2,-4,1,-4,1,-5,1,-4,0,-4,0,-4,0,-4,0,-4,0,-3,0,-4,-1,-3,-1,-3,-1,-3,-1,0,0,0,0,0,0,0,0,0,0,0,0,0,0,-45,24,-44,27,-39,30,-38,31,-39,32,-35,29,-34,32,-32,34,-32,32,-28,36,-28,33,-27,32,-25,36,-26,38,-26,36,-23,38,-23,36,-18,32,-21,35,-22,37,-20,36,-20,35,-16,36,-17,36,-21,32,-16,35,-19,33,-19,34,-22,33,-20,35,-20,31,-24,28,-20,31,-19,27,-25,28,-24,23,-21,22,-23,22,-22,17,-24,17,-25,15,-26,14,-23,11,-22,11,-19,9,-24,8,-24,6,-23,5,-21,2,-20,1,-22,0,-18,-2,-16,0,-16,-3,-17,-6,-18,-6,-17,-11,0,0,0,0,0,0,0,0,0,0,0,0,0,0,0,0,0,0,0,0,0,0,12,-50,13,-48,12,-52,13,-52,15,-54,20,-52,18,-54,18,-56,20,-57,22,-57,20,-62,23,-58,21,-60,23,-65,25,-61,26,-64,24,-63,27,-64,22,-63,23,-68,22,-65,23,-67,20,-69,22,-66,22,-67,20,-65,16,-67,15,-67,13,-67,12,-66,10,-69,10,-66,8,-68,4,-67,2,-63,2,-69,2,-68,-2,-68,-2,-70,-7,-68,-3,-65,-7,-71,-10,-65,-13,-69,-14,-63,-15,-70,-15,-65,-15,-64,-18,-63,-17,-64,-21,-61,-22,-58,-18,-62,-21,-59,-23,-56,-23,-52,-26,-56,0,0]"
CSI_DATA,377,2a:00:00:00:00:00,-44,11,1,0,1,1,1,0,0,0,1,-96,0,11,2,5265031,0,44,0,384,0,"[0,0,0,0,0,0,0,0,0,0,0,0,-4,-8,-4,-7,-5,-7,-5,-7,-5,-7,-5,-7,-5,-6,-5,-6,-5,-6,-5,-6,-5,-6,-6,-6,-6,-6,-6,-6,-6,-5,-6,-5,-6,-5,-6,-5,-6,-5,-6,-5,-6,-5,-6,-5,-5,-5,-6,-4,-5,-5,-5,-5,0,0,-5,-5,-5,-5,-5,-5,-4,-5,-4,-5,-4,-5,-4,-5,-4,-5,-3,-5,-2,-5,-2,-5,-2,-5,-2,-5,-2,-4,-1,-4,-1,-4,-1,-4,0,-4,0,-4,0,-4,0,-3,0,-3,0,-3,0,-3,1,-3,1,-3,0,0,0,0,0,0,0,0,0,0,0,0,0,0,-16,-52,-16,-46,-16,-48,-15,-45,-19,-44,-20,-42,-21,-41,-24,-42,-24,-39,-23,-35,-23,-35,-27,-34,-26,-29,-28,-32,-28,-30,-28,-28,-31,-31,-28,-27,-30,-27,-32,-24,-33,-25,-30,-27,-31,-26,-32,-24,-29,-27,-28,-25,-28,-23,-32,-23,-28,-26,-29,-23,-25,-23,-24,-24,-27,-25,-25,-25,-23,-24,-19,-27,-20,-26,-17,-27,-16,-26,-15,-23,-12,-26,-12,-26,-10,-25,-5,-26,-8,-24,-5,-21,-3,-22,-4,-24,-1,-21,1,-18,2,-17,3,-19,1,-18,3,-18,4,-18,5,-17,8,-14,0,0,0,0,0,0,0,0,0,0,0,0,0,0,0,0,0,0,0,0,0,0,37,29,37,30,37,34,36,38,39,36,38,39,41,38,42,38,40,40,41,40,41,45,42,46,43,45,44,46,43,46,44,46,47,46,44,47,47,47,50,46,49,45,49,46,49,45,51,45,47,44,48,44,49,40,50,40,50,39,52,37,54,33,57,33,55,30,59,29,60,26,59,25,60,23,61,22,63,21,62,18,62,18,67,14,63,14,66,11,63,11,66,2,62,6,62,3,61,2,65,4,63,1,59,-1,58,-1,58,-9,60,-8,59,-5,57,-9,0,0]"
CSI_DATA,378,2a:00:00:00:00:00,-43,11,1,0,1,1,1,0,0,0,1,-96,0,11,2,5275192,0,44,0,384,0,"[0,0,0,0,0,0,0,0,0,0,0,0,-3,8,-2,8,-2,8,-2,8,-1,8,-1,8,-1,7,-1,7,-1,7,0,7,0,7,0,7,1,7,0,7,0,7,0,7,1,7,1,6,1,7,1,6,1,6,1,6,0,6,1,6,0,6,0,6,0,0,0,6,0,6,0,6,-1,6,-1,5,-1,5,-1,5,-1,5,-2,5,-2,4,-2,4,-2,4,-2,3,-3,3,-3,3,-3,3,-3,3,-3,2,-3,2,-3,2,-3,1,-3,1,-3,1,-3,1,-3,0,-3,0,0,0,0,0,0,0,0,0,0,0,0,0,0,0,-31,44,-28,41,-26,46,-24,42,-18,43,-18,43,-16,42,-15,44,-14,43,-13,41,-11,42,-7,43,-9,40,-7,41,-9,40,-3,41,-3,40,-3,42,0,41,-3,39,-4,40,-1,39,0,40,1,39,-1,38,-1,39,-3,34,3,38,-1,39,0,37,-4,36,-4,36,-4,33,-4,34,-7,32,-9,34,-8,30,-9,30,-8,28,-13,27,-14,26,-14,24,-17,20,-12,22,-11,19,-16,16,-18,17,-15,13,-20,10,-20,11,-19,10,-16,8,-15,8,-15,6,-15,3,-18,2,-18,2,0,0,0,0,0,0,0,0,0,0,0,0,0,0,0,0,0,0,0,0,0,0,-10,-52,-8,-50,-8,-51,-3,-55,-8,-52,-4,-59,-5,-56,-5,-60,-2,-60,-3,-60,-1,-62,-3,-64,-2,-66,-2,-66,-2,-68,2,-64,0,-69,1,-63,-4,-71,-1,-70,-7,-65,-2,-70,-4,-66,-6,-68,-7,-67,-8,-71,-6,-68,-13,-70,-12,-66,-13,-67,-14,-67,-18,-68,-18,-64,-26,-62,-22,-63,-25,-65,-27,-60,-29,-61,-29,-60,-33,-59,-37,-59,-36,-56,-37,-58,-40,-58,-40,-56,-43,-53,-40,-51,-42,-49,-48,-51,-42,-48,-43,-49,-46,-45,-46,-45,-46,-39,-43,-46,-45,-43,-46,-37,0,0]"
CSI_DATA,379,2a:00:00:00:00:00,-44,11,1,0,1,1,1,0,0,0,1,-96,0,11,2,5285025,0,44,0,384,0,"[0,0,0,0,0,0,0,0,0,0,0,0,-9,-4,-9,-3,-9,-3,-9,-3,-9,-3,-8,-2,-8,-2,-8,-1,-8,-1,-8,-2,-9,-1,-8,-1,-8,-1,-8,-1,-8,-1,-8,0,-8,0,-8,0,-8,0,-8,-1,-8,-1,-7,-1,-8,0,-7,-1,-7,-1,-7,-1,0,0,-7,-1,-7,-2,-7,-2,-7,-2,-6,-2,-6,-2,-6,-3,-5,-3,-5,-2,-5,-3,-5,-3,-4,-3,-4,-4,-4,-3,-4,-3,-3,-3,-3,-4,-3,-3,-2,-4,-2,-3,-2,-3,-2,-4,-1,-4,-1,-4,-1,-3,-1,-3,0,0,0,0,0,0,0,0,0,0,0,0,0,0,-48,-15,-48,-12,-49,-12,-48,-10,-48,-7,-43,-6,-45,-6,-45,-3,-41,-2,-46,0,-44,2,-42,7,-44,5,-42,4,-44,3,-40,10,-42,7,-38,8,-38,7,-40,12,-39,11,-39,8,-35,8,-38,8,-36,9,-38,9,-38,8,-38,10,-38,6,-38,9,-36,7,-36,8,-32,6,-34,3,-30,4,-31,2,-34,0,-30,-1,-31,-3,-30,-1,-30,-6,-28,-6,-25,-8,-26,-7,-23,-10,-21,-8,-22,-10,-16,-16,-16,-12,-14,-12,-15,-12,-13,-15,-11,-14,-14,-11,-10,-15,-9,-14,-5,-16,0,0,0,0,0,0,0,0,0,0,0,0,0,0,0,0,0,0,0,0,0,0,45,-21,45,-18,46,-18,50,-19,50,-17,51,-17,53,-17,53,-18,56,-18,55,-15,59,-14,59,-17,62,-17,62,-16,62,-16,64,-16,63,-19,62,-18,64,-16,63,-22,62,-19,65,-22,64,-21,64,-23,63,-21,61,-22,61,-23,61,-24,59,-28,59,-28,55,-32,60,-32,56,-35,55,-38,54,-40,53,-41,50,-41,53,-47,47,-40,47,-46,47,-45,42,-51,47,-48,43,-51,39,-47,41,-53,37,-53,35,-55,35,-52,35,-51,31,-52,30,-53,31,-52,30,-51,25,-50,26,-50,24,-53,0,0]"
CSI_DATA,380,2a:00:00:00:00:00,-43,11,1,0,1,1,1,0,0,0,1,-96,0,11,2,5295054,0,44,0,384,0,"[0,0,0,0,0,0,0,0,0,0,0,0,-9,2,-9,3,-8,3,-8,3,-8,3,-8,4,-7,4,-7,4,-7,4,-7,4,-7,4,-7,4,-6,4,-6,4,-6,4,-6,4,-6,5,-6,4,-6,5,-6,5,-5,4,-5,4,-6,4,-5,4,-5,4,-6,4,0,0,-6,4,-5,3,-6,3,-6,3,-5,3,-6,2,-5,2,-5,2,-6,2,-5,1,-5,1,-5,0,-5,0,-5,0,-5,0,-5,0,-4,-1,-4,-1,-4,-1,-4,-1,-4,-1,-3,-2,-3,-2,-3,-2,-3,-2,-3,-2,0,0,0,0,0,0,0,0,0,0,0,0,0,0,-50,-11,-52,-11,-49,-6,-50,-3,-47,-1,-45,-2,-43,2,-44,3,-45,3,-40,4,-41,6,-43,9,-42,10,-39,10,-40,11,-40,13,-39,11,-38,13,-38,15,-38,12,-38,15,-37,15,-34,14,-36,15,-34,13,-33,13,-35,15,-32,14,-32,13,-33,15,-34,14,-36,8,-34,10,-31,9,-33,10,-29,5,-34,4,-31,3,-30,2,-28,1,-29,0,-27,-3,-26,-4,-24,-5,-26,-7,-22,-7,-21,-10,-19,-10,-20,-9,-18,-10,-16,-11,-15,-12,-15,-11,-12,-11,-10,-13,-12,-11,-9,-15,0,0,0,0,0,0,0,0,0,0,0,0,0,0,0,0,0,0,0,0,0,0,43,-21,42,-22,46,-21,45,-20,51,-22,49,-19,51,-20,51,-22,55,-20,55,-24,56,-19,61,-23,58,-24,60,-23,61,-20,62,-22,60,-21,64,-25,59,-25,60,-24,59,-23,62,-28,62,-29,59,-28,57,-29,60,-31,57,-31,58,-33,57,-31,54,-34,56,-36,51,-37,50,-38,49,-43,49,-44,49,-47,48,-47,47,-46,42,-46,45,-51,40,-49,36,-55,37,-52,41,-57,38,-51,32,-60,32,-55,30,-56,31,-58,27,-54,27,-54,27,-59,24,-56,23,-56,21,-52,20,-54,14,-54,0,0]"
CSI_DATA,381,2a:00:00:00:00:00,-44,11,1,0,1,1,1,0,0,0,1,-96,0,11,2,5305042,0,44,0,384,0,"[0,0,0,0,0,0,0,0,0,0,0,0,-8,4,-7,5,-7,5,-7,5,-7,5,-6,5,-6,6,-6,6,-6,6,-5,6,-6,6,-5,6,-5,6,-5,6,-4,6,-5,6,-4,6,-5,6,-4,6,-4,6,-4,5,-4,6,-4,6,-4,5,-4,5,-4,5,0,0,-4,5,-4,4,-4,4,-5,4,-5,4,-5,3,-5,3,-5,3,-5,3,-5,2,-5,2,-5,1,-4,1,-5,1,-5,1,-5,0,-4,0,-4,0,-4,0,-4,0,-4,-1,-4,-1,-3,-1,-3,-1,-3,-2,-3,-2,0,0,0,0,0,0,0,0,0,0,0,0,0,0,-45,21,-42,25,-40,26,-41,26,-39,27,-39,28,-33,24,-30,28,-30,29,-34,30,-30,30,-29,35,-26,34,-25,29,-26,31,-23,34,-21,29,-21,32,-21,36,-20,33,-24,37,-22,34,-17,32,-19,32,-18,32,-16,33,-17,30,-17,32,-21,33,-21,27,-19,32,-21,30,-20,28,-22,25,-21,27,-20,21,-21,25,-22,23,-23,18,-23,17,-23,14,-26,14,-21,11,-22,8,-21,8,-22,7,-22,6,-19,5,-24,3,-22,2,-21,1,-21,-1,-18,-1,-15,-4,-16,-4,-16,-7,-16,-6,0,0,0,0,0,0,0,0,0,0,0,0,0,0,0,0,0,0,0,0,0,0,16,-43,18,-46,19,-44,25,-48,22,-46,27,-46,25,-49,23,-52,28,-51,28,-52,30,-50,31,-56,33,-55,36,-52,31,-58,32,-55,33,-58,30,-56,32,-60,29,-60,30,-60,30,-60,32,-58,31,-59,29,-58,29,-60,28,-60,25,-63,21,-61,22,-65,17,-61,19,-63,15,-65,10,-63,9,-67,7,-65,8,-65,6,-66,5,-65,3,-66,3,-66,-1,-64,-3,-66,-3,-63,-6,-67,-7,-64,-11,-63,-14,-66,-14,-62,-12,-58,-12,-60,-9,-62,-14,-63,-17,-57,-16,-59,-19,-56,-23,-51,0,0]"
CSI_DATA,382,2a:00:00:00:00:00,-44,11,1,0,1,1,1,0,0,0,1,-96,0,11,2,5325504,0,44,0,384,0,"[0,0,0,0,0,0,0,0,0,0,0,0,-7,6,-6,5,-6,6,-5,5,-5,6,-5,6,-5,6,-5,6,-5,6,-4,6,-4,6,-4,6,-4,6,-4,6,-4,6,-4,6,-3,6,-4,6,-3,6,-3,6,-4,6,-3,6,-4,6,-3,6,-3,5,-3,5,0,0,-4,5,-4,5,-4,4,-4,4,-4,4,-4,4,-4,3,-4,3,-5,3,-5,3,-5,2,-4,2,-4,1,-4,1,-5,1,-4,1,-4,0,-4,0,-4,0,-4,-1,-4,0,-4,-1,-3,-1,-3,-1,-3,-1,-3,-1,0,0,0,0,0,0,0,0,0,0,0,0,0,0,-47,20,-43,20,-44,25,-38,23,-38,27,-37,23,-34,26,-35,27,-32,30,-30,29,-30,30,-30,32,-27,31,-24,33,-29,32,-28,34,-25,34,-22,32,-24,28,-21,33,-23,33,-21,33,-19,31,-20,32,-17,31,-19,33,-19,30,-20,31,-21,31,-21,28,-23,27,-22,28,-20,25,-25,24,-23,25,-21,22,-23,24,-23,19,-23,19,-26,18,-24,15,-26,14,-22,12,-22,8,-23,9,-22,6,-23,3,-19,3,-21,2,-21,1,-18,0,-19,-1,-16,-1,-17,-3,-15,-3,-16,-5,-15,-8,0,0,0,0,0,0,0,0,0,0,0,0,0,0,0,0,0,0,0,0,0,0,20,-44,23,-45,26,-44,24,-46,26,-47,30,-48,29,-49,31,-49,31,-49,31,-47,33,-51,33,-51,32,-54,33,-53,36,-50,35,-53,38,-55,35,-52,35,-58,36,-58,34,-59,35,-57,31,-55,35,-60,30,-56,30,-63,29,-59,28,-59,27,-60,24,-60,25,-61,21,-61,21,-64,17,-62,16,-64,13,-63,11,-61,10,-68,6,-65,4,-66,4,-68,1,-65,2,-67,1,-67,1,-65,-2,-63,-6,-61,-8,-65,-11,-64,-9,-61,-8,-63,-9,-59,-13,-59,-14,-57,-15,-58,-16,-57,-17,-55,0,0]"
CSI_DATA,383,2a:00:00:00:00:00,-44,11,1,0,1,1,1,0,0,0,1,-96,0,11,2,5345448,0,44,0,384,0,"[0,0,0,0,0,0,0,0,0,0,0,0,-8,4,-7,4,-7,5,-7,5,-6,5,-6,5,-6,5,-6,6,-6,5,-5,6,-5,5,-5,6,-5,6,-5,5,-4,6,-5,6,-4,6,-4,6,-4,6,-4,5,-4,5,-4,5,-4,6,-4,5,-4,5,-4,5,0,0,-4,5,-4,5,-4,4,-4,4,-4,4,-4,4,-4,3,-4,3,-5,3,-5,3,-5,2,-4,2,-4,1,-4,1,-5,1,-4,1,-4,0,-4,0,-4,0,-4,0,-4,0,-3,0,-3,-1,-3,-1,-3,-1,-3,-1,0,0,0,0,0,0,0,0,0,0,0,0,0,0,-52,15,-47,16,-46,20,-46,17,-42,20,-46,22,-38,24,-38,24,-32,25,-34,26,-34,29,-33,28,-34,29,-28,29,-29,33,-31,33,-28,32,-26,32,-25,34,-28,29,-28,33,-24,33,-23,31,-24,28,-24,28,-25,27,-24,29,-21,31,-20,31,-21,32,-24,28,-26,28,-24,23,-24,24,-26,19,-25,20,-27,18,-25,18,-25,16,-29,15,-26,11,-26,13,-24,10,-23,7,-24,9,-23,6,-24,2,-22,1,-23,-1,-21,0,-20,-1,-19,-4,-17,-6,-20,-2,-15,-6,-18,-10,-16,-9,0,0,0,0,0,0,0,0,0,0,0,0,0,0,0,0,0,0,0,0,0,0,24,-45,29,-44,29,-41,33,-45,30,-44,31,-45,36,-46,37,-46,39,-50,35,-45,37,-49,40,-51,37,-51,39,-54,44,-55,39,-49,47,-54,39,-51,43,-54,43,-51,44,-54,42,-59,37,-52,36,-57,39,-58,38,-61,39,-57,36,-61,32,-55,32,-63,29,-57,28,-63,26,-62,22,-62,22,-65,21,-69,18,-63,16,-65,9,-66,12,-70,14,-71,9,-66,10,-69,5,-66,3,-68,0,-65,3,-69,-1,-68,-3,-64,-3,-63,-3,-65,-8,-65,-6,-64,-10,-54,-11,-58,-13,-58,-11,-56,0,0]"
