type,id,mac,rssi,rate,sig_mode,mcs,bandwidth,smoothing,not_sounding,aggregation,stbc,fec_coding,sgi,noise_floor,ampdu_cnt,channel,secondary_channel,local_timestamp,ant,sig_len,rx_state,len,first_word,data
CSI_DATA,48,2a:00:00:00:00:00,-44,11,1,0,1,1,1,0,0,0,1,-97,0,11,2,891122,0,44,0,384,0,"[0,0,0,0,0,0,0,0,0,0,0,0,8,7,7,7,7,7,8,7,7,7,7,6,7,6,7,5,7,6,7,6,7,5,7,5,7,5,7,5,7,5,7,5,7,5,7,5,7,5,7,5,7,5,7,5,7,5,6,4,6,5,6,5,0,0,6,5,6,5,5,4,5,4,5,4,5,4,5,4,4,4,5,4,4,4,4,4,3,4,3,4,3,4,4,4,3,4,3,4,3,4,3,4,2,4,2,4,2,4,2,4,1,3,1,4,1,4,0,0,0,0,0,0,0,0,0,0,0,0,0,0,38,50,35,55,38,57,36,52,34,51,33,48,32,47,29,45,30,41,33,40,29,41,30,36,32,39,31,38,32,39,36,34,36,35,34,35,32,37,38,34,37,34,34,37,33,34,30,35,31,35,33,36,32,34,33,32,31,35,29,30,29,34,31,31,27,33,29,32,27,30,22,27,20,30,22,30,24,31,18,29,19,27,19,26,18,24,16,27,16,23,18,26,17,28,16,23,13,25,10,23,13,23,9,22,8,23,8,21,8,24,5,24,5,23,0,0,0,0,0,0,0,0,0,0,0,0,0,0,0,0,0,0,0,0,0,0,6,11,7,15,7,13,5,14,9,16,6,20,9,23,9,28,5,33,4,33,6,32,6,39,3,43,-1,42,-1,46,-4,51,-11,50,-11,50,-12,52,-17,55,-18,54,-23,57,-26,55,-23,57,-35,51,-36,55,-34,56,-37,56,-40,51,-39,52,-41,47,-39,52,-43,51,-43,50,-46,48,-46,51,-43,51,-43,52,-43,51,-43,49,-47,49,-46,52,-47,48,-50,51,-49,52,-50,49,-48,48,-48,53,-55,46,-54,51,-50,48,-54,48,-55,49,-51,46,-59,49,-58,42,-60,45,0,0]"
CSI_DATA,49,2a:00:00:00:00:00,-44,11,1,0,1,1,1,0,0,0,1,-97,0,11,2,896089,0,44,0,384,0,"[0,0,0,0,0,0,0,0,0,0,0,0,-12,1,-12,1,-11,1,-11,0,-11,1,-11,1,-11,1,-10,1,-10,1,-9,1,-10,1,-10,2,-10,2,-9,2,-10,1,-10,2,-9,2,-9,1,-9,2,-9,1,-9,1,-9,1,-9,1,-9,1,-9,1,-9,1,0,0,-9,1,-9,1,-8,0,-8,0,-8,0,-8,0,-7,0,-7,0,-7,-1,-7,0,-7,-1,-7,-1,-6,-1,-7,-1,-6,-1,-6,-1,-6,-1,-6,-1,-6,-2,-5,-2,-6,-2,-5,-1,-5,-2,-5,-2,-5,-2,-5,-2,0,0,0,0,0,0,0,0,0,0,0,0,0,0,-66,6,-62,5,-60,12,-62,8,-59,10,-57,11,-56,6,-60,10,-52,7,-51,9,-54,9,-51,9,-51,11,-49,11,-45,10,-50,15,-48,13,-48,14,-48,14,-44,13,-48,16,-46,13,-47,13,-48,15,-43,8,-41,12,-46,14,-43,12,-44,10,-43,14,-41,13,-46,10,-42,8,-39,10,-39,6,-37,9,-38,5,-38,4,-37,6,-34,1,-33,1,-35,0,-32,2,-32,4,-31,5,-31,1,-32,1,-29,0,-29,0,-27,-2,-26,-2,-27,-3,-25,-5,-25,-7,-24,-6,-24,-5,-21,-4,0,0,0,0,0,0,0,0,0,0,0,0,0,0,0,0,0,0,0,0,0,0,-13,0,-15,2,-14,2,-19,-1,-22,-1,-24,1,-25,-1,-27,-1,-30,-4,-32,-4,-38,-8,-39,-11,-41,-13,-41,-14,-45,-18,-44,-23,-47,-28,-45,-28,-46,-31,-44,-39,-43,-41,-39,-44,-42,-45,-42,-50,-40,-50,-39,-51,-33,-55,-38,-56,-32,-57,-34,-57,-30,-54,-31,-57,-26,-58,-26,-57,-30,-60,-28,-62,-31,-60,-28,-60,-29,-59,-26,-60,-30,-61,-28,-62,-27,-65,-26,-65,-27,-65,-24,-69,-24,-64,-28,-66,-24,-69,-28,-69,-23,-68,-23,-66,-21,-71,-22,-69,-16,-67,-22,-74,-16,-72,0,0]"
CSI_DATA,50,2a:00:00:00:00:00,-44,11,1,0,1,1,1,0,0,0,1,-97,0,11,2,906140,0,44,0,384,0,"[0,0,0,0,0,0,0,0,0,0,0,0,8,-8,8,-8,7,-8,7,-7,7,-8,7,-8,7,-8,7,-8,6,-8,6,-7,6,-8,6,-8,6,-8,5,-8,5,-7,5,-8,5,-8,5,-8,5,-8,5,-8,5,-8,5,-8,5,-7,5,-8,5,-7,5,-7,0,0,5,-6,5,-6,4,-6,5,-6,4,-6,4,-6,4,-6,4,-6,4,-5,4,-5,4,-5,4,-5,4,-4,4,-4,4,-4,4,-4,4,-4,4,-4,4,-4,3,-3,3,-3,3,-3,4,-3,4,-2,4,-2,3,-2,0,0,0,0,0,0,0,0,0,0,0,0,0,0,46,-49,44,-50,39,-46,40,-47,43,-45,43,-44,37,-46,39,-44,33,-43,33,-40,35,-44,38,-42,30,-43,30,-45,31,-39,30,-47,30,-43,30,-40,27,-42,27,-47,29,-45,26,-39,22,-43,28,-39,24,-38,24,-44,28,-41,24,-40,25,-37,26,-36,28,-36,24,-34,28,-38,25,-32,25,-33,26,-32,24,-32,26,-33,22,-34,25,-27,23,-25,22,-26,22,-27,25,-28,24,-25,23,-24,22,-23,23,-20,20,-19,21,-17,20,-16,21,-18,21,-19,23,-15,22,-12,21,-13,21,-12,0,0,0,0,0,0,0,0,0,0,0,0,0,0,0,0,0,0,0,0,0,0,11,-6,11,-11,11,-11,14,-10,16,-13,18,-11,21,-12,23,-16,24,-15,30,-14,38,-16,35,-13,41,-12,44,-9,46,-5,51,-6,51,-1,56,0,53,0,58,8,58,10,61,13,61,17,59,14,60,25,57,23,57,25,59,28,63,30,58,28,62,30,56,31,57,30,58,32,58,33,58,34,59,36,55,35,55,35,60,38,58,35,60,37,61,36,64,40,59,38,58,38,59,39,59,39,61,38,60,44,58,43,56,42,58,47,59,44,55,43,55,45,61,48,0,0]"
CSI_DATA,51,2a:00:00:00:00:00,-44,11,1,0,1,1,1,0,0,0,1,-97,0,11,2,916129,0,44,0,384,0,"[0,0,0,0,0,0,0,0,0,0,0,0,-10,5,-10,5,-9,5,-9,5,-9,4,-9,5,-9,5,-9,5,-8,5,-8,5,-8,5,-8,5,-7,5,-7,5,-8,5,-8,5,-8,5,-8,5,-8,5,-7,5,-7,5,-7,4,-7,4,-7,4,-7,4,-8,4,0,0,-7,4,-7,3,-7,3,-7,3,-7,3,-6,3,-6,3,-6,3,-6,2,-6,2,-6,2,-5,2,-6,2,-6,2,-6,1,-6,1,-5,2,-5,1,-5,1,-5,1,-5,1,-5,0,-5,1,-5,0,-5,0,-5,0,0,0,0,0,0,0,0,0,0,0,0,0,0,0,-62,34,-53,28,-55,30,-55,34,-52,30,-57,29,-51,29,-50,29,-45,27,-45,26,-44,30,-44,30,-40,27,-41,30,-43,27,-41,30,-38,32,-36,32,-40,25,-39,29,-38,31,-40,30,-34,30,-34,28,-34,31,-38,32,-37,30,-38,29,-35,25,-37,25,-36,25,-36,21,-35,23,-37,23,-35,21,-34,26,-31,20,-28,20,-33,22,-30,15,-31,17,-30,13,-30,13,-30,17,-29,16,-27,14,-28,14,-29,15,-29,12,-26,8,-25,6,-25,8,-26,8,-26,5,-24,6,-27,3,-26,3,0,0,0,0,0,0,0,0,0,0,0,0,0,0,0,0,0,0,0,0,0,0,-10,4,-11,5,-16,4,-16,8,-20,6,-20,8,-23,7,-27,8,-30,5,-30,5,-34,2,-39,3,-42,1,-45,-5,-42,-4,-48,-9,-51,-13,-52,-14,-55,-15,-58,-22,-57,-21,-58,-25,-56,-26,-57,-33,-51,-36,-52,-37,-50,-40,-52,-42,-50,-40,-48,-41,-50,-41,-48,-43,-47,-46,-48,-41,-51,-44,-52,-45,-49,-47,-46,-49,-49,-48,-48,-53,-49,-54,-48,-51,-47,-53,-53,-52,-46,-54,-43,-52,-49,-52,-47,-55,-48,-55,-45,-56,-42,-56,-49,-59,-44,-61,-48,-60,-42,-59,-40,-57,-43,-61,0,0]"
CSI_DATA,52,2a:00:00:00:00:00,-44,11,1,0,1,1,1,0,0,0,1,-97,0,11,2,956944,0,44,0,384,0,"[0,0,0,0,0,0,0,0,0,0,0,0,-8,-9,-8,-8,-8,-9,-7,-9,-7,-8,-7,-8,-7,-7,-7,-7,-7,-7,-8,-7,-8,-6,-8,-6,-8,-7,-8,-6,-7,-7,-8,-6,-8,-6,-7,-6,-8,-6,-7,-6,-7,-6,-7,-7,-7,-6,-7,-6,-7,-6,-7,-6,0,0,-6,-5,-6,-6,-6,-6,-6,-5,-5,-6,-5,-6,-5,-6,-5,-6,-5,-5,-5,-5,-5,-5,-4,-5,-4,-5,-4,-5,-4,-5,-4,-5,-4,-5,-4,-5,-4,-5,-3,-4,-3,-4,-3,-5,-3,-4,-3,-4,-3,-5,-2,-4,0,0,0,0,0,0,0,0,0,0,0,0,0,0,-32,-60,-29,-58,-32,-55,-25,-57,-32,-57,-27,-52,-30,-54,-26,-52,-31,-47,-29,-45,-27,-43,-28,-45,-28,-43,-29,-41,-28,-39,-31,-41,-32,-39,-32,-34,-32,-37,-32,-38,-33,-37,-30,-37,-30,-39,-29,-40,-27,-37,-27,-35,-27,-38,-28,-35,-28,-37,-32,-35,-28,-33,-26,-31,-25,-32,-22,-33,-25,-34,-20,-31,-22,-33,-22,-30,-17,-29,-21,-29,-21,-31,-20,-30,-16,-29,-16,-24,-14,-27,-16,-26,-17,-27,-16,-28,-14,-28,-12,-25,-12,-25,-9,-24,-10,-23,-7,-24,-11,-23,-8,-19,-1,-24,0,0,0,0,0,0,0,0,0,0,0,0,0,0,0,0,0,0,0,0,0,0,-6,-14,-3,-15,-4,-18,-3,-19,-6,-21,-6,-20,-4,-25,-2,-30,-3,-31,-5,-33,0,-36,1,-39,3,-43,6,-41,8,-46,15,-48,16,-48,18,-50,19,-54,24,-50,27,-52,33,-51,32,-52,34,-51,38,-50,41,-50,39,-49,42,-51,44,-45,43,-45,46,-47,48,-44,48,-42,48,-43,49,-43,51,-42,49,-44,50,-46,47,-47,51,-46,54,-44,51,-41,52,-45,53,-50,54,-46,56,-41,57,-41,56,-41,59,-42,59,-44,57,-43,57,-42,58,-40,59,-38,60,-38,63,-37,63,-37,0,0]"
CSI_DATA,53,2a:00:00:00:00:00,-44,11,1,0,1,1,1,0,0,0,1,-97,0,11,2,969863,0,44,0,384,0,"[0,0,0,0,0,0,0,0,0,0,0,0,-6,8,-6,8,-5,9,-5,8,-5,8,-5,8,-5,8,-5,8,-5,8,-4,8,-4,8,-4,8,-3,8,-3,8,-3,7,-3,8,-3,7,-3,7,-3,8,-3,7,-3,7,-3,7,-4,7,-3,7,-3,7,-4,6,0,0,-3,6,-3,6,-3,6,-4,6,-3,6,-3,6,-3,6,-3,5,-3,5,-3,5,-3,4,-3,5,-3,4,-3,4,-3,4,-3,4,-3,4,-3,4,-3,3,-3,3,-3,3,-3,3,-4,3,-3,3,-3,2,-4,2,0,0,0,0,0,0,0,0,0,0,0,0,0,0,-43,53,-40,49,-42,52,-41,49,-37,49,-35,45,-40,47,-35,48,-32,42,-33,43,-33,40,-27,40,-31,41,-26,41,-27,39,-26,42,-24,45,-22,44,-21,42,-22,43,-25,46,-22,43,-20,47,-22,42,-22,43,-25,42,-21,40,-21,43,-22,45,-21,36,-21,37,-21,38,-24,35,-21,37,-18,33,-22,29,-23,33,-20,31,-20,27,-19,25,-16,26,-14,26,-17,26,-14,28,-21,27,-18,24,-17,26,-17,23,-19,21,-16,22,-18,23,-18,19,-16,20,-17,22,-18,13,-22,15,-22,13,0,0,0,0,0,0,0,0,0,0,0,0,0,0,0,0,0,0,0,0,0,0,-11,9,-14,7,-14,10,-18,9,-18,8,-19,10,-22,12,-24,10,-29,10,-32,9,-35,10,-37,10,-44,7,-44,6,-50,6,-52,-2,-55,2,-54,-2,-56,-4,-59,-6,-57,-12,-63,-18,-60,-14,-62,-15,-60,-25,-62,-26,-62,-25,-61,-22,-62,-27,-62,-32,-60,-28,-62,-33,-56,-30,-60,-30,-62,-35,-61,-33,-62,-30,-58,-34,-56,-31,-64,-33,-62,-33,-60,-33,-65,-34,-65,-34,-64,-38,-60,-39,-64,-37,-63,-37,-68,-36,-63,-42,-61,-38,-64,-40,-60,-43,-57,-42,-65,-44,-59,-41,-59,-43,0,0]"
CSI_DATA,54,2a:00:00:00:00:00,-44,11,1,0,1,1,1,0,0,0,1,-97,0,11,2,976645,0,44,0,384,0,"[0,0,0,0,0,0,0,0,0,0,0,0,-10,6,-9,6,-9,6,-9,5,-9,6,-8,5,-8,6,-8,6,-8,6,-8,6,-8,6,-8,6,-7,6,-7,6,-6,6,-7,6,-7,6,-7,7,-6,6,-7,6,-7,6,-6,6,-7,5,-6,5,-7,5,-7,5,0,0,-6,5,-6,5,-6,4,-7,5,-6,4,-5,4,-6,4,-6,4,-6,4,-6,4,-6,3,-5,3,-5,3,-5,3,-5,3,-5,3,-5,3,-5,2,-5,2,-5,2,-5,2,-4,2,-5,2,-5,1,-5,1,-5,1,0,0,0,0,0,0,0,0,0,0,0,0,0,0,-43,45,-48,45,-43,49,-44,45,-44,45,-42,43,-40,43,-39,44,-36,41,-38,35,-37,42,-35,39,-33,41,-33,40,-32,36,-31,41,-30,40,-27,39,-26,39,-30,43,-29,43,-30,41,-25,40,-29,42,-28,36,-25,37,-28,35,-26,37,-30,38,-28,34,-27,34,-29,34,-25,33,-27,36,-26,28,-27,33,-24,29,-26,29,-23,25,-20,24,-24,26,-22,24,-24,24,-23,22,-22,21,-25,21,-24,21,-22,19,-22,18,-22,17,-25,15,-23,14,-19,17,-22,14,-25,11,-21,10,-25,12,0,0,0,0,0,0,0,0,0,0,0,0,0,0,0,0,0,0,0,0,0,0,-15,6,-11,7,-15,8,-14,13,-15,12,-19,13,-22,15,-29,12,-30,15,-31,12,-36,13,-38,13,-41,8,-46,9,-50,6,-49,6,-55,3,-55,0,-58,-5,-61,-5,-60,-12,-63,-11,-63,-17,-62,-15,-61,-22,-62,-20,-59,-26,-59,-28,-58,-24,-61,-26,-58,-28,-59,-32,-61,-30,-58,-30,-60,-35,-58,-32,-61,-36,-58,-31,-59,-34,-63,-36,-58,-32,-66,-33,-64,-37,-62,-37,-63,-43,-65,-37,-63,-39,-59,-39,-66,-41,-62,-42,-62,-45,-64,-43,-60,-50,-58,-47,-57,-49,-57,-48,-58,-46,0,0]"
CSI_DATA,55,2a:00:00:00:00:00,-44,11,1,0,1,1,1,0,0,0,1,-97,0,11,2,990992,0,44,0,384,0,"[0,0,0,0,0,0,0,0,0,0,0,0,1,-11,1,-11,0,-11,0,-10,0,-11,0,-10,0,-10,0,-9,0,-9,-1,-10,0,-9,-1,-9,-1,-9,-1,-9,-1,-9,-1,-9,-1,-9,-1,-9,-1,-9,-1,-9,-1,-9,-1,-9,0,-8,-1,-9,-1,-9,0,-8,0,0,0,-7,0,-8,0,-8,0,-8,0,-7,0,-7,0,-7,0,-7,0,-6,0,-6,0,-6,1,-6,0,-6,0,-6,0,-5,0,-6,1,-6,1,-5,1,-5,1,-5,1,-5,1,-5,1,-5,2,-5,1,-4,2,-4,0,0,0,0,0,0,0,0,0,0,0,0,0,0,1,-68,-4,-65,-2,-62,-2,-55,-4,-61,-2,-60,-8,-56,-5,-55,-4,-60,-6,-52,-10,-51,-10,-53,-9,-51,-9,-46,-6,-48,-12,-45,-13,-50,-9,-50,-10,-50,-8,-48,-13,-48,-11,-46,-13,-47,-14,-46,-15,-46,-13,-49,-10,-45,-9,-45,-9,-47,-9,-46,-8,-41,-11,-43,-5,-43,-8,-42,-10,-39,-4,-37,-8,-38,-7,-37,-5,-37,-8,-34,-8,-34,-7,-31,-4,-32,-5,-35,-4,-34,-4,-33,-1,-33,-3,-30,-4,-27,0,-29,-3,-30,2,-29,1,-27,3,-25,3,-27,6,-26,7,-24,0,0,0,0,0,0,0,0,0,0,0,0,0,0,0,0,0,0,0,0,0,0,3,-14,2,-15,1,-15,3,-20,3,-20,6,-27,7,-25,5,-30,12,-30,12,-30,17,-32,17,-35,22,-39,24,-40,29,-40,34,-35,37,-41,36,-37,46,-40,42,-39,49,-39,51,-38,51,-33,55,-36,58,-29,56,-28,61,-24,60,-25,60,-23,60,-22,57,-24,67,-23,63,-24,60,-22,61,-20,61,-19,59,-19,62,-18,65,-19,65,-22,68,-25,69,-20,66,-19,65,-19,71,-15,67,-20,69,-21,70,-21,75,-16,73,-13,74,-15,71,-15,75,-13,70,-11,74,-11,76,-12,69,-13,0,0]"
CSI_DATA,56,2a:00:00:00:00:00,-45,11,1,0,1,1,1,0,0,0,1,-97,0,11,2,996693,0,44,0,384,0,"[0,0,0,0,0,0,0,0,0,0,0,0,-8,8,-8,8,-7,8,-7,7,-7,7,-7,7,-7,7,-7,7,-6,7,-6,7,-6,7,-6,7,-5,7,-5,7,-5,7,-6,7,-6,8,-6,7,-5,7,-5,7,-5,7,-5,7,-6,6,-5,7,-5,6,-6,6,0,0,-5,6,-5,5,-5,6,-5,5,-5,5,-5,5,-5,5,-5,5,-5,4,-5,4,-5,4,-4,4,-4,4,-4,4,-5,3,-4,3,-4,3,-4,3,-4,3,-4,3,-4,3,-4,2,-4,2,-4,2,-4,2,-4,1,0,0,0,0,0,0,0,0,0,0,0,0,0,0,-47,47,-44,48,-45,50,-47,46,-44,41,-44,42,-38,40,-40,43,-36,39,-36,41,-37,41,-34,35,-30,39,-29,38,-31,38,-30,41,-32,41,-31,39,-28,39,-30,36,-32,41,-27,38,-29,39,-28,38,-27,40,-31,36,-32,35,-27,35,-25,34,-27,37,-28,32,-31,28,-28,31,-25,31,-29,30,-28,28,-26,26,-24,26,-28,25,-22,25,-25,24,-25,25,-24,22,-21,21,-24,21,-24,20,-26,20,-23,21,-23,20,-23,19,-21,14,-24,15,-25,15,-23,10,-22,11,-23,6,-21,9,0,0,0,0,0,0,0,0,0,0,0,0,0,0,0,0,0,0,0,0,0,0,-10,10,-9,11,-11,10,-16,13,-14,12,-19,14,-23,15,-23,15,-26,21,-32,19,-34,19,-37,14,-44,20,-43,16,-49,12,-46,8,-54,9,-52,6,-58,5,-58,1,-60,-6,-61,-7,-60,-9,-59,-10,-61,-15,-64,-16,-63,-17,-60,-20,-62,-25,-63,-19,-57,-22,-65,-27,-61,-26,-62,-28,-62,-29,-61,-29,-63,-27,-62,-30,-64,-27,-65,-29,-64,-30,-62,-29,-65,-29,-66,-37,-64,-35,-65,-35,-62,-41,-65,-37,-67,-39,-64,-39,-63,-40,-62,-40,-64,-45,-60,-45,-63,-45,-58,-47,-60,-45,0,0]"
CSI_DATA,57,2a:00:00:00:00:00,-44,11,1,0,1,1,1,0,0,0,1,-97,0,11,2,1006986,0,44,0,384,0,"[0,0,0,0,0,0,0,0,0,0,0,0,-2,10,-2,9,-1,10,-2,9,-1,9,-1,8,-1,9,-2,8,-1,9,-1,8,-1,8,-1,8,-1,8,0,8,-1,8,0,8,0,7,-1,8,0,8,-1,8,-1,8,-1,8,-1,7,0,7,-1,8,-1,7,0,0,-1,7,-1,7,-1,6,-1,6,-2,6,-2,6,-2,6,-2,6,-1,5,-1,5,-1,5,-1,5,-2,5,-2,5,-1,4,-2,5,-2,5,-2,4,-2,4,-2,4,-2,4,-3,4,-3,3,-3,3,-3,3,-3,3,0,0,0,0,0,0,0,0,0,0,0,0,0,0,-17,63,-15,66,-17,66,-18,63,-19,59,-15,56,-17,57,-18,52,-12,61,-15,51,-11,51,-12,48,-8,48,-9,50,-8,47,-5,47,-6,46,-4,47,-7,47,-4,48,-5,52,-3,46,-5,49,-6,49,-8,45,-5,44,-9,45,-6,44,-7,41,-9,45,-7,44,-7,42,-6,41,-6,42,-6,33,-11,37,-7,36,-10,35,-7,33,-7,33,-5,32,-6,32,-11,31,-9,28,-10,28,-8,28,-9,27,-11,27,-12,26,-10,27,-13,24,-12,25,-13,21,-13,24,-14,22,-14,20,-16,18,0,0,0,0,0,0,0,0,0,0,0,0,0,0,0,0,0,0,0,0,0,0,-4,13,-6,12,-9,18,-6,15,-9,19,-9,22,-10,24,-11,27,-18,28,-19,29,-20,28,-26,30,-26,31,-30,32,-33,29,-39,30,-41,31,-46,30,-50,32,-53,25,-56,22,-56,24,-57,19,-61,22,-65,15,-63,17,-63,10,-63,9,-68,10,-65,10,-65,5,-66,7,-68,6,-68,2,-67,8,-67,4,-69,4,-70,2,-69,3,-72,2,-70,0,-72,4,-68,-1,-74,0,-72,1,-75,9,-74,2,-72,1,-74,-3,-77,-5,-73,-4,-73,-3,-74,-7,-76,-8,-76,-11,-79,-11,-73,-14,0,0]"
CSI_DATA,58,2a:00:00:00:00:00,-44,11,1,0,1,1,1,0,0,0,1,-97,0,11,2,1026088,0,44,0,384,0,"[0,0,0,0,0,0,0,0,0,0,0,0,-9,6,-9,6,-8,6,-8,5,-8,5,-8,6,-8,5,-8,5,-7,5,-7,5,-7,6,-7,6,-6,6,-7,6,-6,5,-7,5,-7,6,-6,5,-6,5,-6,5,-6,5,-6,5,-6,5,-6,5,-6,5,-6,5,0,0,-6,4,-6,4,-5,4,-6,4,-6,4,-5,4,-5,4,-5,3,-5,3,-5,3,-5,3,-5,3,-5,3,-4,3,-5,2,-5,3,-4,2,-5,2,-4,2,-5,2,-4,2,-4,1,-4,1,-4,1,-4,1,-4,1,0,0,0,0,0,0,0,0,0,0,0,0,0,0,-60,34,-59,29,-58,36,-56,32,-54,32,-53,28,-45,29,-48,26,-45,28,-45,25,-48,30,-43,28,-42,28,-37,29,-38,30,-39,30,-39,34,-36,32,-41,30,-40,31,-39,31,-37,29,-37,30,-42,29,-37,28,-38,25,-36,28,-33,29,-34,27,-36,26,-32,24,-38,24,-29,24,-31,25,-34,20,-32,22,-27,18,-32,21,-28,24,-31,18,-27,17,-30,15,-27,14,-27,19,-26,17,-26,15,-26,12,-24,16,-27,14,-25,11,-23,10,-28,13,-27,9,-25,7,-27,7,-27,6,-24,4,0,0,0,0,0,0,0,0,0,0,0,0,0,0,0,0,0,0,0,0,0,0,-15,5,-15,7,-14,4,-19,11,-20,8,-23,6,-29,7,-29,7,-33,8,-36,6,-39,4,-43,3,-45,2,-46,1,-49,-3,-52,-6,-54,-11,-51,-15,-54,-17,-58,-23,-57,-23,-57,-28,-57,-32,-56,-30,-56,-35,-58,-36,-56,-38,-52,-38,-55,-40,-52,-44,-52,-42,-51,-45,-49,-44,-47,-46,-51,-46,-50,-49,-50,-46,-52,-50,-50,-47,-54,-50,-52,-48,-51,-49,-53,-51,-51,-50,-50,-54,-50,-59,-52,-55,-49,-55,-51,-56,-49,-55,-50,-51,-50,-57,-49,-60,-48,-58,-46,-59,-46,-60,-44,-63,0,0]"
CSI_DATA,59,2a:00:00:00:00:00,-45,11,1,0,1,1,1,0,0,0,1,-97,0,11,2,1036140,0,44,0,384,0,"[0,0,0,0,0,0,0,0,0,0,0,0,5,-10,5,-9,4,-10,4,-9,4,-9,4,-9,4,-9,3,-9,4,-9,3,-9,3,-9,3,-8,3,-9,3,-9,3,-8,3,-9,3,-9,3,-8,2,-9,3,-9,3,-8,3,-8,3,-8,3,-8,3,-8,3,-7,0,0,3,-7,3,-7,3,-7,3,-7,3,-7,3,-7,3,-7,3,-6,2,-6,3,-6,3,-5,3,-5,3,-5,2,-5,3,-5,3,-4,3,-5,3,-4,2,-4,3,-4,3,-4,3,-4,3,-4,3,-3,3,-3,3,-3,0,0,0,0,0,0,0,0,0,0,0,0,0,0,33,-60,36,-55,31,-54,32,-54,33,-52,32,-55,31,-48,29,-51,25,-49,26,-45,25,-46,24,-46,24,-45,23,-44,24,-45,23,-45,21,-46,20,-45,19,-46,20,-47,18,-48,22,-43,20,-46,13,-45,17,-41,17,-44,21,-38,18,-43,19,-42,17,-36,19,-34,18,-36,21,-37,20,-37,17,-34,20,-32,16,-36,17,-32,16,-31,14,-28,15,-29,19,-29,14,-31,16,-27,18,-26,17,-26,18,-22,22,-24,15,-24,16,-22,15,-22,16,-21,18,-19,19,-16,22,-16,20,-15,21,-14,0,0,0,0,0,0,0,0,0,0,0,0,0,0,0,0,0,0,0,0,0,0,6,-8,9,-15,8,-14,11,-16,14,-16,13,-20,14,-21,19,-21,24,-24,24,-24,30,-26,33,-22,35,-25,44,-24,41,-25,37,-17,54,-17,47,-14,51,-16,58,-12,61,-13,62,-10,63,-4,65,-1,64,5,65,3,64,9,61,8,67,13,65,12,63,13,63,11,64,11,64,12,67,13,63,15,65,14,66,20,67,17,65,21,66,18,64,18,66,19,69,21,68,20,67,19,68,22,71,20,72,25,69,26,70,30,68,29,67,28,66,30,67,32,67,31,69,34,0,0]"
CSI_DATA,60,2a:00:00:00:00:00,-44,11,1,0,1,1,1,0,0,0,1,-97,0,11,2,1057380,0,44,0,384,0,"[0,0,0,0,0,0,0,0,0,0,0,0,11,0,10,-1,10,0,10,0,10,0,9,0,9,-1,9,-1,9,-1,9,-1,9,-1,9,-1,9,-1,8,-1,8,-1,9,-2,9,-2,9,-2,8,-2,8,-2,8,-1,8,-1,8,-1,7,-1,7,-1,8,-1,0,0,7,-1,7,-1,7,-1,7,-1,6,-1,6,-1,6,-1,6,-1,6,-1,6,0,6,0,5,-1,5,-1,5,-1,5,0,5,0,5,0,5,0,5,0,4,0,4,1,4,0,4,1,4,1,4,1,4,1,0,0,0,0,0,0,0,0,0,0,0,0,0,0,67,5,58,5,66,6,61,10,61,3,61,4,56,1,56,2,53,0,53,-1,51,2,48,-1,52,-3,49,-3,47,-2,47,-6,47,-7,45,-8,48,-8,50,-6,48,-5,47,-6,44,-8,44,-6,44,-4,46,-5,41,-2,41,-2,42,-4,43,-5,41,-1,42,-3,38,-3,36,-2,36,-2,35,-2,34,-1,32,-2,34,0,37,-2,34,1,31,4,29,0,29,0,29,-1,32,5,29,1,29,-2,26,2,29,3,22,2,24,2,24,2,26,5,25,5,24,6,18,10,0,0,0,0,0,0,0,0,0,0,0,0,0,0,0,0,0,0,0,0,0,0,12,1,15,5,15,5,15,5,20,5,22,5,24,7,24,9,25,13,30,16,34,17,32,19,33,22,36,28,37,32,32,34,35,37,31,40,35,41,33,42,32,52,29,51,27,53,28,56,22,56,24,60,18,59,20,60,17,60,13,63,18,62,15,62,13,64,16,62,12,63,10,64,13,64,10,67,12,67,13,65,9,64,15,67,13,71,12,71,10,67,14,72,10,71,10,71,4,71,5,72,6,71,3,75,2,73,2,69,1,73,3,72,4,69,0,0]"
CSI_DATA,61,2a:00:00:00:00:00,-44,11,1,0,1,1,1,0,0,0,1,-97,0,11,2,1066152,0,44,0,384,0,"[0,0,0,0,0,0,0,0,0,0,0,0,-10,4,-10,3,-9,4,-9,3,-9,3,-9,3,-9,4,-9,4,-9,3,-8,4,-9,3,-8,4,-8,4,-8,4,-8,4,-8,4,-8,4,-8,4,-7,4,-8,4,-8,3,-7,3,-8,3,-7,4,-7,3,-7,3,0,0,-7,3,-7,3,-7,3,-7,2,-6,2,-6,3,-6,2,-6,2,-6,2,-6,2,-6,1,-5,2,-6,1,-6,2,-6,1,-6,1,-6,1,-5,1,-5,1,-5,0,-5,0,-5,0,-5,0,-5,0,-5,0,-5,-1,0,0,0,0,0,0,0,0,0,0,0,0,0,0,-66,18,-68,15,-64,17,-65,11,-56,13,-60,14,-57,17,-60,15,-51,15,-54,12,-52,12,-49,12,-49,18,-45,14,-48,18,-47,18,-45,18,-43,19,-42,17,-45,19,-46,18,-45,17,-45,22,-43,21,-40,14,-42,15,-42,13,-43,21,-41,21,-41,14,-41,16,-39,18,-39,14,-34,18,-38,12,-36,12,-33,12,-37,11,-33,14,-33,7,-32,13,-35,10,-35,8,-30,10,-30,10,-32,9,-30,7,-30,7,-28,2,-31,-1,-27,2,-28,2,-30,1,-25,1,-24,1,-26,-3,-25,-6,0,0,0,0,0,0,0,0,0,0,0,0,0,0,0,0,0,0,0,0,0,0,-15,0,-17,2,-15,0,-20,0,-22,2,-24,0,-25,-1,-28,-4,-32,-2,-37,-4,-40,-6,-42,-9,-44,-12,-44,-16,-46,-19,-49,-23,-48,-27,-47,-27,-51,-27,-48,-35,-47,-39,-47,-41,-45,-44,-48,-44,-41,-51,-45,-51,-41,-51,-39,-53,-40,-52,-38,-53,-38,-54,-36,-58,-34,-58,-34,-54,-29,-61,-32,-59,-34,-60,-34,-60,-35,-62,-37,-59,-39,-62,-35,-62,-35,-65,-37,-61,-32,-66,-32,-63,-31,-68,-28,-67,-29,-73,-32,-67,-30,-68,-34,-64,-21,-76,-29,-65,-28,-65,-22,-72,-24,-74,0,0]"
CSI_DATA,62,2a:00:00:00:00:00,-45,11,1,0,1,1,1,0,0,0,1,-97,0,11,2,1078095,0,44,0,384,0,"[0,0,0,0,0,0,0,0,0,0,0,0,-11,5,-10,4,-9,5,-10,4,-9,5,-9,5,-9,4,-9,4,-9,5,-8,4,-9,5,-8,5,-8,5,-7,5,-7,5,-8,5,-8,5,-8,5,-7,5,-7,5,-7,4,-7,4,-7,4,-7,5,-7,4,-7,4,0,0,-7,4,-6,4,-6,4,-7,3,-6,3,-6,3,-6,3,-6,3,-6,2,-6,3,-6,2,-5,3,-6,2,-6,2,-6,2,-5,2,-6,2,-5,1,-5,1,-5,1,-5,1,-5,1,-5,1,-5,1,-5,0,-5,0,0,0,0,0,0,0,0,0,0,0,0,0,0,0,-66,20,-66,19,-60,22,-61,18,-58,24,-56,20,-52,21,-53,20,-52,20,-48,19,-48,21,-48,17,-45,18,-46,22,-43,24,-45,26,-43,23,-44,26,-39,26,-43,27,-42,24,-40,20,-40,28,-43,27,-42,26,-38,24,-42,22,-40,24,-37,24,-36,20,-37,19,-35,21,-36,19,-36,23,-33,17,-30,16,-31,13,-32,16,-35,16,-34,11,-31,14,-28,10,-32,19,-28,14,-30,12,-29,13,-28,15,-26,12,-26,11,-29,8,-26,10,-25,9,-26,6,-28,1,-27,5,-25,3,-24,0,0,0,0,0,0,0,0,0,0,0,0,0,0,0,0,0,0,0,0,0,0,0,-12,2,-15,1,-17,4,-20,3,-21,3,-24,2,-26,2,-28,0,-35,-2,-33,1,-40,-3,-41,-3,-44,-10,-43,-11,-45,-13,-49,-22,-48,-23,-48,-28,-53,-25,-48,-31,-53,-35,-51,-39,-52,-40,-47,-40,-49,-47,-48,-46,-47,-50,-45,-48,-41,-50,-40,-50,-42,-49,-43,-54,-39,-56,-41,-55,-40,-57,-40,-58,-42,-51,-41,-52,-41,-54,-40,-53,-36,-61,-43,-58,-42,-60,-42,-63,-42,-62,-38,-59,-37,-61,-41,-64,-37,-64,-38,-63,-39,-65,-41,-68,-37,-67,-33,-62,-35,-66,-34,-70,-29,-71,0,0]"
CSI_DATA,63,2a:00:00:00:00:00,-45,11,1,0,1,1,1,0,0,0,1,-97,0,11,2,1086643,0,44,0,384,0,"[0,0,0,0,0,0,0,0,0,0,0,0,-7,8,-7,8,-7,8,-7,8,-6,7,-6,7,-6,7,-6,7,-5,7,-5,7,-6,7,-6,7,-5,7,-5,7,-5,7,-5,7,-5,7,-5,7,-5,7,-4,7,-4,7,-5,7,-5,6,-5,6,-5,6,-5,6,0,0,-5,6,-5,5,-4,6,-5,5,-5,5,-4,5,-4,5,-4,5,-4,4,-4,4,-5,4,-5,4,-5,4,-4,4,-4,3,-5,3,-4,4,-4,3,-4,3,-4,3,-4,2,-4,2,-4,2,-4,2,-5,1,-5,1,0,0,0,0,0,0,0,0,0,0,0,0,0,0,-47,50,-44,47,-46,45,-45,45,-41,42,-41,42,-39,38,-39,45,-39,39,-42,38,-36,39,-31,41,-33,41,-33,39,-30,36,-27,36,-32,40,-28,35,-26,40,-25,40,-29,39,-29,39,-27,39,-27,39,-24,35,-28,37,-27,36,-27,34,-26,35,-27,33,-26,32,-26,34,-28,31,-24,31,-24,28,-27,30,-21,29,-24,27,-22,27,-24,26,-22,25,-21,24,-22,24,-23,24,-21,23,-19,21,-26,21,-25,21,-23,19,-21,21,-21,20,-23,18,-22,16,-25,15,-22,14,-25,10,-23,10,0,0,0,0,0,0,0,0,0,0,0,0,0,0,0,0,0,0,0,0,0,0,-13,9,-12,10,-13,9,-16,12,-17,11,-21,9,-21,16,-27,14,-26,15,-29,14,-36,10,-41,12,-43,10,-48,8,-47,7,-51,3,-54,4,-57,2,-57,-1,-61,-2,-60,-4,-65,-10,-61,-16,-61,-20,-62,-21,-61,-23,-58,-23,-61,-23,-62,-26,-60,-27,-55,-29,-61,-33,-59,-32,-64,-29,-62,-29,-63,-32,-61,-33,-57,-38,-62,-33,-59,-37,-63,-33,-63,-34,-62,-38,-64,-39,-61,-40,-63,-31,-64,-37,-67,-37,-63,-38,-60,-43,-61,-43,-62,-47,-61,-46,-58,-47,-55,-52,-59,-49,-61,-45,0,0]"
CSI_DATA,64,2a:00:00:00:00:00,-44,11,1,0,1,1,1,0,0,0,1,-97,0,11,2,1098251,0,44,0,384,0,"[0,0,0,0,0,0,0,0,0,0,0,0,9,6,9,5,9,5,9,5,8,5,8,5,8,4,8,4,8,4,7,4,8,4,8,3,8,4,8,3,8,3,8,3,8,3,8,3,8,3,7,3,7,3,7,4,7,3,7,3,7,3,7,3,0,0,7,3,6,3,6,3,6,3,5,3,6,3,5,3,5,3,5,3,5,2,5,3,4,2,4,2,4,3,5,3,4,2,4,3,4,3,4,2,4,3,3,3,3,3,3,3,3,3,2,3,2,3,0,0,0,0,0,0,0,0,0,0,0,0,0,0,51,43,49,43,51,41,46,40,48,38,44,36,46,36,44,35,40,36,44,37,41,29,43,26,45,28,40,29,44,27,42,25,39,28,40,25,41,27,38,24,41,24,40,22,45,24,38,21,39,21,37,24,38,20,38,21,34,20,37,20,39,18,35,21,32,19,36,17,37,19,31,21,30,16,29,18,27,15,28,18,30,17,27,18,28,16,26,19,27,14,25,20,27,17,20,17,26,14,24,19,21,17,19,17,21,19,18,19,19,19,16,21,11,21,0,0,0,0,0,0,0,0,0,0,0,0,0,0,0,0,0,0,0,0,0,0,5,13,10,14,8,13,7,17,9,18,14,20,13,22,16,29,14,29,12,31,12,37,11,37,11,37,6,46,5,48,4,47,-3,52,-1,53,-2,60,-8,61,-10,60,-10,61,-12,64,-17,64,-20,64,-20,61,-26,60,-27,62,-28,60,-28,61,-29,57,-31,58,-29,59,-29,56,-31,61,-31,59,-31,62,-32,62,-32,59,-29,60,-32,60,-35,65,-33,61,-34,63,-36,57,-38,66,-33,64,-38,63,-40,60,-35,65,-38,63,-35,65,-43,60,-41,62,-45,63,-46,64,-45,58,0,0]"
CSI_DATA,65,2a:00:00:00:00:00,-44,11,1,0,1,1,1,0,0,0,1,-97,0,11,2,1106163,0,44,0,384,0,"[0,0,0,0,0,0,0,0,0,0,0,0,-11,-3,-11,-2,-11,-3,-11,-3,-10,-2,-10,-2,-10,-1,-10,-1,-10,-1,-9,-2,-10,-1,-9,-1,-9,-1,-9,-1,-9,-1,-9,0,-9,-1,-9,-1,-9,-1,-9,-1,-9,-1,-8,-1,-9,-1,-8,-1,-8,-1,-8,-1,0,0,-8,-1,-7,-1,-7,-1,-8,-1,-7,-1,-7,-1,-7,-1,-6,-1,-7,-1,-7,-1,-6,-1,-6,-1,-6,-2,-6,-1,-6,-2,-6,-2,-6,-2,-6,-2,-6,-2,-5,-2,-5,-2,-5,-2,-5,-2,-5,-3,-4,-3,-4,-3,0,0,0,0,0,0,0,0,0,0,0,0,0,0,-62,-27,-61,-21,-61,-22,-57,-22,-57,-21,-59,-22,-52,-21,-55,-19,-47,-16,-52,-14,-51,-12,-49,-12,-50,-13,-46,-8,-46,-15,-49,-11,-45,-12,-46,-6,-46,-10,-46,-11,-50,-8,-45,-8,-43,-5,-43,-6,-44,-11,-44,-9,-41,-8,-41,-9,-41,-9,-43,-10,-41,-12,-47,-10,-35,-6,-38,-8,-39,-8,-36,-9,-33,-2,-35,-7,-32,-7,-35,-6,-33,-10,-30,-9,-28,-7,-29,-10,-30,-8,-29,-10,-29,-10,-30,-10,-27,-12,-25,-9,-25,-9,-27,-13,-25,-13,-22,-12,-20,-16,-18,-14,-20,-17,0,0,0,0,0,0,0,0,0,0,0,0,0,0,0,0,0,0,0,0,0,0,-13,-8,-14,-10,-16,-7,-17,-8,-19,-9,-20,-11,-20,-13,-26,-13,-26,-20,-25,-22,-27,-26,-27,-30,-26,-35,-30,-39,-31,-39,-25,-40,-27,-48,-23,-46,-28,-48,-20,-54,-19,-55,-18,-59,-15,-55,-7,-62,-8,-64,-4,-65,-5,-66,-7,-69,0,-60,-3,-66,1,-66,0,-65,1,-63,3,-66,2,-64,3,-65,3,-65,6,-66,7,-68,5,-68,6,-72,4,-67,4,-71,5,-70,8,-65,3,-69,7,-69,8,-74,8,-76,13,-64,15,-72,16,-75,15,-68,16,-64,16,-75,17,-72,14,-67,0,0]"
CSI_DATA,66,2a:00:00:00:00:00,-44,11,1,0,1,1,1,0,0,0,1,-97,0,11,2,1116404,0,44,0,384,0,"[0,0,0,0,0,0,0,0,0,0,0,0,-11,-1,-11,-1,-10,-1,-11,-1,-10,-1,-10,-1,-10,0,-10,0,-10,0,-9,-1,-10,0,-10,0,-9,0,-9,0,-9,0,-9,0,-9,0,-9,0,-9,0,-9,0,-8,0,-9,0,-8,0,-8,0,-8,0,-8,0,0,0,-8,-1,-7,-1,-7,0,-7,-1,-7,-1,-7,-1,-7,-1,-7,-1,-7,-1,-7,-1,-7,-1,-6,-1,-6,-1,-6,-1,-6,-1,-6,-2,-6,-2,-5,-2,-5,-2,-5,-2,-6,-2,-5,-2,-5,-2,-4,-2,-5,-3,-4,-3,0,0,0,0,0,0,0,0,0,0,0,0,0,0,-65,0,-65,-2,-68,-2,-67,-2,-61,-7,-63,-4,-57,-1,-58,-7,-55,-1,-52,-3,-51,1,-54,2,-53,3,-50,2,-51,2,-51,4,-51,3,-51,6,-49,5,-49,4,-51,6,-46,1,-47,5,-46,4,-44,2,-47,3,-44,2,-42,1,-43,5,-43,1,-42,2,-43,-3,-36,1,-39,0,-42,-1,-39,0,-37,-2,-36,2,-37,-3,-36,-4,-34,-1,-31,0,-31,-3,-31,0,-34,-2,-33,-2,-32,-4,-30,-3,-29,-5,-27,-7,-26,-8,-23,-8,-28,-9,-26,-12,-28,-12,-23,-12,-22,-14,0,0,0,0,0,0,0,0,0,0,0,0,0,0,0,0,0,0,0,0,0,0,-17,-2,-15,1,-17,1,-20,0,-23,-3,-23,-4,-24,-4,-29,-6,-32,-4,-31,-10,-34,-12,-39,-17,-42,-19,-39,-20,-41,-28,-39,-29,-43,-33,-42,-33,-42,-40,-40,-43,-40,-47,-40,-52,-35,-51,-34,-52,-33,-58,-34,-60,-30,-60,-28,-63,-27,-56,-28,-63,-24,-59,-24,-63,-20,-59,-22,-62,-22,-63,-24,-64,-19,-61,-21,-64,-19,-65,-19,-68,-22,-71,-20,-64,-21,-69,-17,-67,-19,-72,-19,-66,-12,-70,-15,-75,-16,-72,-14,-71,-12,-72,-14,-74,-9,-75,-10,-71,-12,-78,-8,-76,-4,-73,0,0]"
CSI_DATA,67,2a:00:00:00:00:00,-44,11,1,0,1,1,1,0,0,0,1,-97,0,11,2,1136126,0,44,0,384,0,"[0,0,0,0,0,0,0,0,0,0,0,0,-2,10,-2,10,-1,9,-1,9,-1,9,-2,9,-1,9,-1,8,-1,8,0,8,-1,8,-1,8,-1,8,-1,8,0,8,-1,8,0,8,-1,8,0,8,0,8,0,8,-1,7,-1,7,-1,7,-1,7,-1,7,0,0,-1,7,-1,7,-1,7,-1,6,-1,6,-1,6,-1,6,-1,6,-1,5,-1,5,-1,5,-1,5,-1,5,-1,5,-1,5,-2,5,-2,5,-2,4,-2,4,-2,4,-2,4,-2,4,-2,4,-3,3,-3,3,-3,3,0,0,0,0,0,0,0,0,0,0,0,0,0,0,-9,70,-11,64,-10,64,-10,61,-9,62,-9,58,-9,52,-10,55,-7,55,-7,50,-8,56,-3,50,-5,53,-5,48,-3,50,1,51,-1,52,0,49,0,45,2,47,-1,45,2,48,1,49,-1,49,-4,49,0,46,-1,44,1,46,1,40,1,42,0,38,3,42,0,39,0,37,0,38,-1,40,-4,40,-2,38,-2,34,2,35,-1,32,3,32,-2,36,-6,32,-5,30,-2,29,-4,30,-4,30,-7,28,-6,27,-4,25,-7,27,-7,25,-9,23,-10,23,-10,23,-16,22,0,0,0,0,0,0,0,0,0,0,0,0,0,0,0,0,0,0,0,0,0,0,-6,13,-6,17,-7,13,-9,16,-8,18,-11,22,-13,21,-11,23,-17,27,-19,28,-23,30,-27,31,-27,32,-31,33,-35,34,-36,31,-44,31,-45,30,-48,29,-54,29,-56,23,-58,23,-59,23,-62,21,-61,17,-63,15,-64,14,-66,12,-66,8,-65,9,-66,8,-69,9,-67,6,-66,6,-69,7,-68,6,-67,7,-67,7,-67,6,-69,5,-70,2,-66,5,-71,7,-74,10,-69,6,-77,5,-75,2,-70,2,-73,0,-71,-1,-75,0,-75,2,-75,-3,-72,-5,-71,-7,-74,-5,-75,-7,0,0]"
CSI_DATA,68,2a:00:00:00:00:00,-44,11,1,0,1,1,1,0,0,0,1,-97,0,11,2,1156116,0,44,0,384,0,"[0,0,0,0,0,0,0,0,0,0,0,0,-7,8,-6,8,-6,8,-6,7,-6,8,-5,7,-5,7,-5,7,-5,7,-5,7,-5,7,-5,7,-5,7,-5,7,-4,7,-4,7,-4,7,-4,7,-4,6,-4,7,-4,7,-4,7,-5,6,-4,6,-4,6,-4,6,0,0,-4,5,-4,6,-4,5,-4,5,-4,5,-4,5,-4,5,-4,5,-4,4,-4,4,-4,4,-4,4,-4,4,-4,4,-4,4,-3,3,-4,4,-4,3,-4,3,-4,3,-4,3,-4,2,-4,3,-4,2,-4,2,-4,1,0,0,0,0,0,0,0,0,0,0,0,0,0,0,-34,57,-30,57,-28,58,-33,54,-30,55,-28,50,-25,51,-27,50,-24,49,-24,50,-21,46,-20,48,-22,49,-19,44,-20,44,-21,45,-19,47,-19,48,-18,44,-19,47,-16,49,-20,44,-14,44,-15,44,-18,41,-20,44,-17,43,-18,46,-15,41,-16,40,-15,39,-17,38,-14,37,-11,37,-16,35,-15,34,-16,36,-16,35,-17,30,-15,34,-16,30,-14,29,-13,26,-16,32,-13,28,-12,26,-18,26,-17,27,-17,25,-16,21,-14,21,-17,20,-17,21,-16,20,-19,18,-21,14,-21,9,0,0,0,0,0,0,0,0,0,0,0,0,0,0,0,0,0,0,0,0,0,0,-9,10,-10,13,-10,12,-12,15,-16,14,-16,17,-18,19,-20,19,-22,20,-25,21,-30,21,-36,16,-34,23,-39,17,-44,21,-50,14,-53,17,-49,16,-57,17,-57,12,-57,13,-62,9,-71,-1,-63,-4,-70,0,-68,-3,-65,-9,-66,-10,-66,-10,-68,-15,-62,-11,-62,-12,-64,-18,-63,-11,-70,-18,-63,-12,-70,-16,-67,-20,-64,-19,-65,-20,-68,-14,-67,-15,-69,-20,-69,-20,-67,-18,-69,-21,-68,-19,-71,-22,-72,-19,-68,-21,-69,-24,-69,-29,-68,-29,-65,-25,-66,-28,-72,-30,-67,-28,0,0]"
CSI_DATA,69,2a:00:00:00:00:00,-44,11,1,0,1,1,1,0,0,0,1,-97,0,11,2,1178145,0,44,0,384,0,"[0,0,0,0,0,0,0,0,0,0,0,0,-6,-11,-5,-10,-6,-10,-5,-10,-5,-10,-5,-9,-5,-9,-5,-8,-5,-9,-5,-9,-6,-8,-6,-8,-6,-8,-6,-8,-6,-8,-6,-8,-6,-8,-6,-8,-6,-8,-5,-8,-5,-8,-5,-8,-5,-7,-5,-7,-5,-7,-5,-7,0,0,-5,-7,-4,-7,-4,-7,-4,-7,-4,-7,-4,-7,-4,-7,-4,-6,-4,-6,-4,-6,-4,-6,-3,-6,-3,-6,-3,-6,-3,-6,-3,-6,-3,-5,-2,-5,-2,-6,-2,-5,-2,-5,-2,-5,-1,-5,-1,-5,-1,-5,-1,-5,0,0,0,0,0,0,0,0,0,0,0,0,0,0,-13,-70,-16,-67,-15,-65,-9,-60,-14,-60,-13,-62,-15,-59,-10,-57,-16,-56,-18,-53,-17,-54,-14,-52,-17,-54,-16,-54,-15,-47,-20,-48,-20,-49,-23,-47,-19,-46,-17,-46,-21,-47,-18,-46,-20,-43,-16,-46,-14,-46,-12,-44,-16,-39,-19,-43,-14,-42,-14,-41,-14,-39,-13,-40,-14,-41,-12,-40,-15,-41,-12,-33,-10,-39,-11,-37,-9,-34,-11,-38,-8,-31,-9,-31,-9,-32,-10,-31,-12,-31,-7,-33,-10,-32,-8,-31,-7,-28,-5,-32,-1,-30,-3,-26,-2,-26,0,-27,-1,-27,1,-24,3,-24,0,0,0,0,0,0,0,0,0,0,0,0,0,0,0,0,0,0,0,0,0,0,2,-13,2,-14,1,-16,-1,-18,-2,-21,-1,-24,3,-26,3,-29,7,-31,6,-30,8,-37,10,-41,16,-41,15,-44,15,-44,22,-44,26,-47,24,-46,30,-47,39,-47,38,-45,41,-45,42,-45,44,-41,50,-41,51,-43,52,-37,58,-37,56,-39,56,-36,57,-32,57,-31,60,-28,59,-31,63,-30,61,-30,61,-34,57,-31,62,-34,58,-33,62,-31,61,-30,62,-32,66,-33,67,-30,63,-23,63,-28,65,-28,71,-29,68,-26,69,-28,71,-28,72,-25,70,-24,71,-27,69,-21,74,-20,0,0]"
CSI_DATA,70,2a:00:00:00:00:00,-44,11,1,0,1,1,1,0,0,0,1,-97,0,11,2,1187706,0,44,0,384,0,"[0,0,0,0,0,0,0,0,0,0,0,0,1,10,1,9,1,10,1,9,1,9,1,9,2,9,1,8,2,8,1,8,1,8,2,8,2,8,2,8,2,7,2,8,2,7,2,8,2,8,2,8,2,7,2,8,1,7,2,7,2,7,1,7,0,0,1,7,1,7,1,6,1,6,1,6,1,6,1,6,1,6,0,5,0,5,0,5,0,5,0,5,0,5,0,5,0,5,0,5,0,4,0,4,0,4,-1,4,-1,4,-1,4,-1,4,-1,4,-2,3,0,0,0,0,0,0,0,0,0,0,0,0,0,0,14,66,13,66,14,60,11,57,15,61,11,61,17,56,14,55,15,53,14,53,14,52,16,50,15,50,16,48,16,48,16,44,15,45,17,48,17,44,21,47,17,45,18,46,18,42,17,45,16,46,17,44,18,40,19,42,17,42,14,40,15,38,15,39,13,42,13,38,13,37,11,36,11,36,11,37,11,34,10,34,13,32,9,27,12,34,6,31,8,31,11,32,9,31,6,29,4,28,2,25,6,29,2,25,1,28,1,26,-1,25,-2,27,-3,22,0,0,0,0,0,0,0,0,0,0,0,0,0,0,0,0,0,0,0,0,0,0,-1,12,-2,15,0,17,-1,17,-3,19,-3,19,-4,22,-5,25,-4,26,-10,30,-10,34,-14,37,-15,41,-20,39,-22,39,-24,43,-28,42,-33,43,-33,44,-38,46,-44,41,-42,41,-47,41,-52,41,-51,39,-55,38,-58,34,-54,33,-60,31,-59,31,-59,28,-55,31,-62,31,-58,29,-60,29,-59,27,-59,29,-62,29,-63,24,-63,30,-64,27,-61,30,-64,29,-69,31,-65,27,-65,28,-65,25,-66,29,-67,28,-71,25,-67,24,-71,25,-65,24,-68,20,-72,24,-75,20,-70,14,0,0]"
CSI_DATA,71,2a:00:00:00:00:00,-44,11,1,0,1,1,1,0,0,0,1,-97,0,11,2,1196148,0,44,0,384,0,"[0,0,0,0,0,0,0,0,0,0,0,0,-11,4,-10,4,-10,4,-10,4,-9,4,-9,4,-9,4,-9,4,-9,4,-8,4,-9,4,-9,5,-8,4,-8,4,-8,4,-8,5,-8,5,-8,4,-8,4,-8,4,-7,4,-8,4,-8,4,-7,4,-7,4,-8,4,0,0,-8,3,-7,3,-7,3,-7,3,-7,3,-7,3,-7,3,-6,2,-7,2,-6,2,-6,2,-6,2,-6,2,-6,2,-6,2,-6,2,-6,2,-6,1,-6,1,-5,1,-5,1,-5,1,-5,0,-5,0,-5,0,-5,-1,0,0,0,0,0,0,0,0,0,0,0,0,0,0,-63,21,-64,19,-61,24,-61,20,-59,18,-57,18,-56,20,-51,16,-48,18,-57,16,-50,18,-45,21,-47,19,-46,18,-45,15,-47,20,-45,22,-43,22,-41,21,-48,20,-49,20,-44,20,-47,24,-41,21,-42,18,-40,18,-43,19,-41,16,-41,17,-43,20,-40,16,-42,19,-40,19,-39,18,-39,17,-35,17,-36,16,-33,14,-30,14,-33,12,-34,11,-32,9,-29,9,-28,9,-30,10,-29,10,-31,8,-32,12,-30,5,-27,2,-30,5,-26,4,-26,6,-27,1,-29,-1,-25,-5,-25,-2,0,0,0,0,0,0,0,0,0,0,0,0,0,0,0,0,0,0,0,0,0,0,-14,0,-17,0,-17,1,-18,0,-20,1,-24,-3,-24,3,-30,0,-29,-1,-31,-3,-35,-5,-38,-10,-42,-13,-43,-17,-45,-16,-45,-22,-48,-27,-47,-27,-45,-31,-53,-30,-52,-33,-51,-36,-45,-46,-45,-48,-41,-48,-42,-51,-39,-51,-40,-55,-39,-52,-41,-55,-36,-52,-40,-57,-41,-54,-39,-56,-35,-57,-37,-61,-36,-55,-33,-61,-32,-59,-32,-58,-37,-61,-37,-55,-36,-64,-37,-63,-36,-62,-35,-60,-35,-61,-39,-64,-37,-62,-35,-63,-29,-68,-29,-65,-31,-69,-28,-70,-27,-67,-26,-67,-30,-64,0,0]"
CSI_DATA,72,2a:00:00:00:00:00,-44,11,1,0,1,1,1,0,0,0,1,-97,0,11,2,1206190,0,44,0,384,0,"[0,0,0,0,0,0,0,0,0,0,0,0,8,-8,8,-8,7,-7,7,-7,7,-7,6,-7,7,-7,6,-7,6,-7,6,-8,6,-7,6,-7,5,-8,5,-7,5,-7,5,-8,5,-7,5,-7,5,-7,5,-7,5,-7,5,-7,5,-7,5,-7,5,-7,5,-7,0,0,5,-7,5,-6,4,-6,5,-6,4,-6,4,-6,4,-6,4,-5,4,-5,4,-5,4,-5,4,-5,4,-4,4,-5,4,-4,4,-4,4,-4,4,-4,4,-3,4,-3,4,-3,4,-3,4,-3,4,-3,4,-2,4,-2,0,0,0,0,0,0,0,0,0,0,0,0,0,0,50,-46,50,-42,46,-45,48,-39,49,-39,45,-38,42,-40,38,-38,38,-36,38,-38,36,-38,37,-38,38,-38,35,-34,35,-39,34,-37,33,-43,28,-40,32,-35,32,-36,35,-39,35,-38,31,-38,34,-39,26,-37,31,-35,32,-36,30,-35,31,-34,29,-32,29,-31,31,-27,27,-33,29,-31,29,-27,30,-29,29,-28,27,-26,27,-28,26,-24,25,-25,29,-19,28,-26,25,-23,26,-21,23,-15,25,-15,25,-18,23,-16,23,-15,25,-14,23,-13,23,-13,26,-12,23,-9,21,-7,24,-7,0,0,0,0,0,0,0,0,0,0,0,0,0,0,0,0,0,0,0,0,0,0,9,-8,13,-7,14,-9,15,-8,18,-12,19,-10,23,-8,23,-11,27,-11,31,-13,36,-11,35,-9,46,-11,40,-8,45,-8,50,-2,48,1,52,5,57,5,59,10,57,14,57,13,58,16,61,23,57,23,60,24,58,26,57,29,59,29,55,35,53,34,58,33,52,34,58,34,54,35,55,34,58,37,52,40,58,35,57,38,53,41,55,39,56,41,56,43,55,40,53,40,54,42,57,47,54,45,53,45,54,47,52,47,56,51,51,46,52,49,52,51,53,48,0,0]"
CSI_DATA,73,2a:00:00:00:00:00,-44,11,1,0,1,1,1,0,0,0,1,-97,0,11,2,1216913,0,44,0,384,0,"[0,0,0,0,0,0,0,0,0,0,0,0,-4,-11,-4,-10,-4,-10,-4,-10,-4,-10,-4,-9,-4,-9,-4,-9,-4,-9,-4,-9,-4,-9,-4,-9,-5,-8,-5,-9,-4,-8,-5,-8,-5,-8,-5,-8,-5,-8,-5,-8,-4,-8,-5,-8,-5,-8,-5,-8,-4,-8,-4,-7,0,0,-4,-7,-4,-7,-4,-7,-4,-7,-3,-7,-4,-7,-3,-7,-3,-7,-3,-6,-3,-6,-3,-6,-3,-6,-3,-6,-2,-6,-3,-6,-3,-5,-2,-6,-2,-5,-2,-5,-2,-5,-2,-5,-1,-5,-1,-5,-1,-5,-1,-5,-1,-5,0,0,0,0,0,0,0,0,0,0,0,0,0,0,-19,-64,-24,-65,-20,-63,-18,-56,-20,-58,-18,-56,-19,-57,-16,-54,-19,-52,-19,-51,-20,-50,-23,-49,-20,-46,-19,-47,-25,-46,-21,-44,-24,-45,-27,-44,-24,-44,-25,-44,-25,-44,-22,-43,-25,-45,-26,-43,-21,-43,-26,-44,-21,-39,-24,-42,-22,-39,-22,-38,-21,-40,-20,-40,-18,-37,-19,-37,-17,-36,-16,-38,-17,-36,-15,-35,-16,-33,-14,-33,-15,-27,-14,-34,-14,-33,-9,-31,-14,-32,-11,-33,-14,-30,-11,-32,-10,-28,-9,-30,-9,-26,-5,-24,-3,-29,-6,-27,-4,-26,-5,-24,1,-25,0,0,0,0,0,0,0,0,0,0,0,0,0,0,0,0,0,0,0,0,0,0,1,-13,1,-16,3,-18,0,-20,2,-19,2,-25,4,-25,5,-27,6,-28,4,-33,14,-35,14,-38,13,-40,20,-39,22,-42,25,-44,30,-43,30,-41,35,-44,38,-45,43,-44,45,-45,45,-41,47,-41,51,-42,53,-40,52,-33,53,-33,56,-33,58,-33,56,-31,58,-35,60,-31,55,-32,58,-29,59,-32,60,-32,59,-32,58,-32,62,-30,58,-31,60,-33,60,-32,60,-34,60,-31,69,-36,62,-32,60,-30,64,-27,67,-25,68,-30,64,-30,66,-29,67,-24,67,-29,66,-25,68,-25,0,0]"
CSI_DATA,74,2a:00:00:00:00:00,-44,11,1,0,1,1,1,0,0,0,1,-97,0,11,2,1226231,0,44,0,384,0,"[0,0,0,0,0,0,0,0,0,0,0,0,6,-9,6,-9,5,-9,5,-9,5,-8,5,-8,4,-8,4,-8,5,-8,3,-8,4,-8,4,-8,3,-9,3,-9,3,-8,3,-8,3,-9,3,-8,3,-8,3,-8,3,-8,3,-8,3,-8,3,-8,3,-8,3,-7,0,0,3,-7,3,-7,3,-7,3,-7,3,-7,3,-6,3,-6,3,-6,3,-6,3,-6,3,-5,3,-5,3,-5,3,-5,3,-5,3,-5,3,-5,3,-4,3,-4,3,-4,3,-4,3,-4,3,-4,3,-3,3,-3,3,-3,0,0,0,0,0,0,0,0,0,0,0,0,0,0,50,-44,48,-42,46,-42,46,-40,45,-38,44,-41,41,-37,44,-38,38,-37,37,-37,35,-36,36,-39,36,-35,34,-39,32,-39,31,-40,31,-41,33,-40,27,-36,28,-36,28,-43,30,-40,27,-40,30,-36,29,-37,30,-37,28,-35,26,-34,31,-34,31,-34,28,-31,29,-35,26,-31,25,-33,27,-31,26,-28,27,-27,27,-31,26,-29,25,-25,27,-23,22,-25,24,-27,23,-23,25,-22,21,-22,26,-21,23,-20,23,-14,25,-17,23,-14,21,-16,21,-15,21,-13,23,-15,22,-12,20,-10,0,0,0,0,0,0,0,0,0,0,0,0,0,0,0,0,0,0,0,0,0,0,13,-2,13,-7,15,-6,15,-7,16,-7,22,-3,24,-7,26,-9,30,-8,30,-7,35,-7,40,-6,39,-4,44,1,48,2,48,2,50,7,54,9,52,12,55,16,54,18,57,22,57,25,56,24,59,29,56,26,56,30,56,36,54,37,54,38,49,37,52,37,52,41,49,40,49,44,47,42,52,39,53,39,54,39,56,39,54,46,53,42,55,44,58,45,51,43,52,42,51,46,53,44,54,51,56,48,53,44,52,51,51,48,51,48,51,47,51,51,51,47,0,0]"
CSI_DATA,75,2a:00:00:00:00:00,-44,11,1,0,1,1,1,0,0,0,1,-97,0,11,2,1296121,0,44,0,384,0,"[0,0,0,0,0,0,0,0,0,0,0,0,8,-8,8,-8,7,-8,7,-8,6,-8,6,-7,6,-7,6,-7,6,-7,5,-7,5,-8,5,-8,4,-8,5,-8,5,-8,5,-8,5,-8,5,-8,5,-8,5,-8,5,-7,5,-8,5,-7,4,-7,5,-7,4,-7,0,0,5,-7,4,-7,5,-7,4,-6,4,-6,4,-6,5,-6,4,-6,4,-5,4,-5,4,-5,4,-5,4,-5,4,-5,4,-4,4,-4,4,-4,4,-4,4,-4,4,-3,4,-3,4,-3,3,-3,3,-3,4,-2,4,-2,0,0,0,0,0,0,0,0,0,0,0,0,0,0,44,-44,49,-37,54,-40,49,-37,45,-37,47,-35,41,-38,43,-35,38,-38,40,-36,38,-32,35,-34,38,-35,35,-37,33,-35,31,-35,32,-38,28,-40,29,-37,32,-40,33,-40,30,-40,28,-37,28,-37,33,-35,29,-39,33,-34,29,-37,28,-37,30,-34,28,-32,27,-31,27,-34,27,-33,25,-26,25,-27,28,-31,28,-28,30,-31,26,-22,28,-28,27,-24,25,-24,27,-25,24,-23,24,-21,27,-17,26,-20,25,-17,27,-18,24,-11,24,-15,25,-13,21,-11,23,-13,23,-5,19,-7,0,0,0,0,0,0,0,0,0,0,0,0,0,0,0,0,0,0,0,0,0,0,15,-5,15,-5,15,-6,17,-6,17,-10,21,-10,21,-10,28,-11,31,-8,32,-6,37,-7,38,-8,41,-6,43,-6,47,0,50,4,55,8,57,12,56,8,61,11,61,19,55,20,58,26,61,22,60,31,58,32,58,31,56,34,56,39,56,36,53,37,53,41,54,39,56,39,52,42,51,42,52,43,54,43,55,42,52,41,54,45,53,43,58,50,55,46,47,47,58,50,53,48,52,49,55,49,53,54,48,47,56,49,47,48,52,54,53,54,54,53,46,53,0,0]"
CSI_DATA,76,2a:00:00:00:00:00,-44,11,1,0,1,1,1,0,0,0,1,-97,0,11,2,1306124,0,44,0,384,0,"[0,0,0,0,0,0,0,0,0,0,0,0,-9,7,-9,6,-8,6,-8,6,-7,6,-8,6,-7,6,-7,6,-7,6,-6,6,-7,6,-7,6,-6,6,-6,6,-6,6,-6,7,-6,6,-6,6,-6,6,-6,6,-6,6,-6,6,-6,5,-6,6,-6,6,-6,5,0,0,-6,5,-6,5,-6,5,-6,5,-6,4,-6,4,-6,4,-6,4,-6,3,-6,3,-6,4,-5,3,-5,3,-6,3,-5,2,-5,2,-5,3,-5,2,-5,2,-5,2,-5,2,-5,1,-5,1,-5,1,-5,1,-4,0,0,0,0,0,0,0,0,0,0,0,0,0,0,0,-56,37,-58,34,-54,39,-51,32,-52,33,-47,31,-52,34,-45,32,-41,34,-44,36,-41,33,-40,30,-41,35,-36,34,-35,29,-36,37,-37,35,-34,38,-33,35,-37,34,-37,39,-33,32,-32,32,-34,35,-30,33,-34,31,-34,32,-34,31,-34,28,-34,30,-34,30,-32,28,-33,28,-33,29,-28,25,-33,22,-31,28,-33,26,-28,28,-30,18,-32,21,-27,19,-27,18,-28,20,-29,18,-30,16,-24,15,-30,17,-28,16,-27,12,-27,13,-26,12,-30,9,-26,9,-22,9,-23,9,-24,1,0,0,0,0,0,0,0,0,0,0,0,0,0,0,0,0,0,0,0,0,0,0,-12,5,-11,8,-15,4,-21,7,-18,9,-21,9,-22,7,-24,8,-31,10,-34,11,-34,7,-40,7,-43,3,-45,2,-48,3,-50,-4,-55,-9,-55,-9,-54,-12,-58,-16,-59,-14,-60,-23,-58,-23,-59,-28,-59,-32,-59,-34,-59,-35,-56,-36,-55,-39,-57,-41,-56,-40,-57,-40,-55,-42,-58,-44,-54,-43,-55,-48,-55,-44,-54,-44,-54,-45,-54,-44,-53,-48,-54,-50,-53,-50,-56,-48,-51,-46,-56,-58,-53,-51,-51,-54,-54,-51,-52,-50,-47,-54,-51,-55,-51,-56,-47,-56,-48,-55,-47,-56,-46,-57,0,0]"
CSI_DATA,77,2a:00:00:00:00:00,-44,11,1,0,1,1,1,0,0,0,1,-97,0,11,2,1316195,0,44,0,384,0,"[0,0,0,0,0,0,0,0,0,0,0,0,1,-12,1,-11,0,-12,0,-11,0,-11,0,-10,0,-10,0,-10,-1,-10,-1,-11,-1,-10,-1,-10,-2,-10,-2,-10,-1,-10,-1,-10,-2,-10,-2,-9,-2,-9,-1,-10,-1,-9,-2,-10,-1,-9,-2,-9,-2,-9,-1,-9,0,0,-1,-9,-1,-9,-1,-8,-1,-8,-1,-8,0,-8,0,-8,-1,-8,0,-7,-1,-7,0,-7,-1,-7,0,-7,0,-7,0,-7,0,-6,0,-6,0,-6,0,-6,1,-6,1,-5,1,-6,1,-5,1,-5,1,-5,1,-4,0,0,0,0,0,0,0,0,0,0,0,0,0,0,3,-66,5,-63,5,-66,2,-59,6,-57,4,-57,5,-57,2,-54,3,-52,2,-52,-1,-50,-3,-51,-4,-47,-1,-53,-4,-49,-4,-48,-2,-47,-4,-47,-4,-49,-7,-44,-9,-48,-8,-48,-8,-50,-9,-48,-5,-44,-8,-45,-6,-44,-5,-46,0,-46,-4,-47,-1,-38,-2,-41,-6,-46,-2,-41,-4,-42,-1,-43,1,-42,2,-39,0,-36,1,-36,1,-35,2,-35,1,-33,4,-33,4,-31,-4,-34,1,-31,4,-30,6,-29,1,-29,5,-26,7,-28,6,-28,7,-26,10,-25,10,-21,9,-20,0,0,0,0,0,0,0,0,0,0,0,0,0,0,0,0,0,0,0,0,0,0,2,-10,5,-14,4,-19,4,-18,5,-20,6,-22,8,-27,10,-27,12,-27,16,-31,17,-36,20,-35,26,-36,26,-34,30,-34,34,-40,37,-38,41,-36,46,-32,49,-35,52,-33,51,-29,58,-28,57,-24,61,-25,62,-21,58,-20,58,-19,60,-19,64,-18,66,-16,65,-17,64,-18,63,-13,66,-12,65,-14,66,-10,72,-11,68,-10,67,-9,65,-8,67,-12,74,-12,69,-14,66,-6,73,-9,67,-7,70,-7,74,-3,74,-1,76,-2,67,-2,67,-3,69,-2,75,0,70,-3,73,-1,0,0]"
CSI_DATA,78,2a:00:00:00:00:00,-44,11,1,0,1,1,1,0,0,0,1,-97,0,11,2,1326348,0,44,0,384,0,"[0,0,0,0,0,0,0,0,0,0,0,0,10,-3,9,-3,9,-3,8,-3,8,-3,8,-3,8,-4,8,-4,8,-4,7,-4,8,-4,8,-4,7,-4,7,-4,7,-4,7,-4,7,-4,7,-4,7,-4,7,-4,6,-4,7,-4,7,-4,6,-4,7,-4,7,-4,0,0,6,-4,6,-3,6,-3,6,-3,6,-3,6,-3,6,-3,6,-3,6,-2,6,-2,5,-2,5,-2,5,-2,5,-2,5,-1,5,-1,5,-2,4,-1,4,-1,4,-1,4,-1,4,-1,4,0,4,0,4,0,3,0,0,0,0,0,0,0,0,0,0,0,0,0,0,0,62,-10,64,-13,59,-10,61,-13,59,-12,56,-11,52,-13,54,-11,52,-10,54,-10,50,-14,50,-9,48,-15,48,-15,47,-12,43,-14,45,-19,44,-17,42,-19,45,-21,45,-22,47,-18,41,-18,42,-19,42,-17,44,-16,43,-16,42,-17,42,-15,44,-13,40,-13,42,-15,39,-15,35,-14,40,-11,35,-12,35,-13,40,-13,36,-14,36,-9,35,-8,35,-8,35,-7,31,-6,32,-9,32,-4,29,-5,32,-8,27,-3,25,-2,30,-2,27,-1,24,1,28,0,25,5,27,4,22,4,0,0,0,0,0,0,0,0,0,0,0,0,0,0,0,0,0,0,0,0,0,0,14,1,14,-1,19,-2,18,-1,19,-1,23,2,25,1,30,3,34,6,36,6,37,14,38,13,38,18,41,21,41,24,44,23,44,30,43,37,44,38,45,42,43,46,45,48,43,50,39,53,37,54,38,61,35,61,32,58,32,58,34,60,29,59,29,60,27,58,25,63,27,64,29,62,26,67,25,64,23,61,24,64,26,68,26,68,29,68,28,66,22,68,27,61,20,67,19,79,15,66,15,62,22,65,22,73,18,69,18,70,20,69,12,69,18,71,0,0]"
CSI_DATA,79,2a:00:00:00:00:00,-44,11,1,0,1,1,1,0,0,0,1,-97,0,11,2,1339721,0,44,0,384,0,"[0,0,0,0,0,0,0,0,0,0,0,0,-10,-6,-9,-6,-9,-6,-9,-6,-9,-5,-9,-5,-9,-5,-9,-4,-9,-4,-8,-4,-9,-4,-9,-4,-8,-4,-8,-4,-8,-4,-9,-3,-9,-3,-9,-3,-9,-3,-8,-3,-8,-4,-8,-4,-8,-3,-8,-3,-8,-3,-8,-3,0,0,-8,-3,-7,-3,-7,-3,-8,-3,-7,-3,-7,-3,-7,-3,-6,-3,-7,-3,-7,-3,-6,-3,-6,-3,-6,-3,-6,-3,-6,-3,-6,-3,-5,-3,-5,-3,-5,-3,-4,-3,-4,-3,-4,-3,-4,-4,-4,-3,-4,-3,-4,-4,0,0,0,0,0,0,0,0,0,0,0,0,0,0,-59,-34,-55,-27,-54,-29,-53,-25,-52,-27,-53,-27,-49,-26,-48,-27,-44,-20,-48,-21,-47,-18,-46,-16,-48,-15,-42,-13,-45,-15,-44,-16,-46,-15,-44,-10,-47,-14,-47,-14,-47,-14,-49,-10,-47,-11,-44,-10,-45,-11,-45,-12,-44,-8,-43,-11,-39,-13,-42,-10,-40,-12,-40,-9,-40,-8,-37,-11,-35,-11,-39,-11,-35,-10,-39,-11,-36,-9,-34,-10,-34,-11,-34,-12,-29,-9,-31,-11,-28,-10,-30,-9,-28,-14,-25,-11,-27,-11,-26,-14,-25,-10,-25,-13,-24,-15,-24,-18,-25,-16,-20,-17,-18,-18,0,0,0,0,0,0,0,0,0,0,0,0,0,0,0,0,0,0,0,0,0,0,-10,-11,-12,-12,-10,-11,-14,-15,-14,-18,-15,-17,-16,-18,-17,-20,-20,-23,-18,-29,-18,-35,-20,-35,-20,-38,-15,-43,-16,-45,-12,-49,-10,-53,-11,-54,-13,-56,-10,-61,-6,-59,0,-63,-2,-64,5,-66,10,-67,12,-67,12,-66,10,-66,13,-64,16,-68,13,-61,18,-71,16,-62,16,-67,19,-70,16,-65,20,-64,19,-64,20,-63,23,-67,21,-68,19,-64,23,-69,26,-71,26,-69,22,-65,22,-67,23,-70,24,-68,25,-64,25,-66,25,-67,27,-70,25,-63,31,-67,29,-66,30,-62,0,0]"
CSI_DATA,80,2a:00:00:00:00:00,-44,11,1,0,1,1,1,0,0,0,1,-97,0,11,2,1346203,0,44,0,384,0,"[0,0,0,0,0,0,0,0,0,0,0,0,-9,7,-8,7,-8,7,-8,6,-8,6,-7,6,-7,6,-7,6,-7,6,-6,6,-6,6,-7,6,-6,6,-6,6,-6,6,-7,7,-6,6,-6,7,-5,7,-6,6,-6,6,-6,6,-6,6,-5,6,-5,6,-6,6,0,0,-6,6,-6,6,-5,5,-6,5,-5,5,-5,5,-5,5,-5,4,-6,4,-5,4,-5,4,-5,4,-5,3,-5,3,-5,3,-5,3,-5,3,-5,3,-5,2,-5,2,-5,2,-5,2,-5,2,-5,1,-5,1,-4,1,0,0,0,0,0,0,0,0,0,0,0,0,0,0,-50,38,-50,41,-53,35,-50,36,-44,37,-47,35,-47,34,-46,31,-35,29,-43,31,-37,31,-37,34,-38,34,-35,36,-35,28,-35,32,-29,35,-33,35,-31,32,-31,34,-32,35,-31,29,-29,37,-28,33,-29,29,-29,31,-30,33,-28,30,-31,31,-29,32,-30,31,-31,27,-30,28,-30,28,-30,27,-31,27,-25,27,-26,24,-27,26,-28,23,-25,23,-28,21,-27,22,-24,20,-25,22,-28,19,-26,20,-25,15,-25,12,-26,14,-23,9,-26,12,-23,10,-23,9,-22,9,-21,8,-21,5,0,0,0,0,0,0,0,0,0,0,0,0,0,0,0,0,0,0,0,0,0,0,-10,7,-17,8,-12,8,-19,11,-20,13,-16,10,-22,11,-24,14,-29,9,-30,13,-38,10,-41,9,-42,6,-46,7,-48,5,-52,-1,-55,-5,-54,-6,-55,-4,-60,-8,-58,-14,-62,-16,-62,-21,-61,-25,-58,-26,-61,-28,-60,-32,-61,-31,-57,-34,-58,-34,-55,-37,-59,-34,-56,-38,-56,-38,-54,-40,-55,-40,-54,-44,-53,-42,-54,-40,-57,-42,-55,-42,-57,-44,-58,-46,-60,-50,-57,-46,-53,-46,-53,-47,-54,-48,-53,-46,-54,-49,-52,-51,-55,-52,-51,-55,-52,-51,-55,-52,-50,-55,-51,-56,0,0]"
CSI_DATA,81,2a:00:00:00:00:00,-44,11,1,0,1,1,1,0,0,0,1,-97,0,11,2,1356463,0,44,0,384,0,"[0,0,0,0,0,0,0,0,0,0,0,0,-6,8,-5,8,-4,8,-5,7,-5,8,-5,7,-4,8,-4,7,-4,7,-3,7,-4,7,-3,7,-3,7,-3,7,-3,7,-3,7,-3,7,-3,7,-3,7,-3,7,-3,7,-3,7,-3,7,-3,7,-3,6,-3,6,0,0,-3,6,-3,6,-3,6,-3,6,-3,6,-3,5,-3,6,-3,5,-3,5,-3,5,-3,5,-3,5,-3,4,-3,4,-3,4,-3,4,-3,4,-3,3,-3,3,-3,3,-3,3,-3,3,-3,3,-3,3,-3,2,-4,2,0,0,0,0,0,0,0,0,0,0,0,0,0,0,-36,56,-35,50,-34,51,-30,51,-26,44,-29,45,-27,42,-30,48,-26,43,-26,44,-24,45,-25,45,-20,43,-24,44,-22,44,-18,39,-20,44,-17,40,-16,44,-18,44,-16,47,-15,44,-15,47,-16,44,-17,42,-17,42,-16,39,-14,45,-17,38,-17,38,-16,36,-15,39,-16,40,-12,40,-16,33,-15,38,-14,32,-13,34,-17,35,-13,33,-14,32,-17,28,-16,32,-16,28,-14,30,-14,29,-15,28,-15,26,-18,25,-17,27,-15,21,-19,21,-14,18,-17,14,-19,18,-17,15,-19,14,0,0,0,0,0,0,0,0,0,0,0,0,0,0,0,0,0,0,0,0,0,0,-8,8,-12,9,-12,10,-13,14,-16,11,-17,15,-22,17,-23,16,-24,16,-27,16,-29,15,-37,16,-40,17,-40,12,-45,15,-49,11,-56,7,-54,8,-60,7,-60,3,-63,0,-62,-2,-65,-9,-67,-9,-64,-13,-63,-12,-64,-16,-66,-18,-63,-19,-66,-22,-64,-19,-68,-25,-64,-21,-66,-24,-68,-23,-64,-24,-64,-25,-66,-24,-63,-22,-67,-26,-67,-25,-62,-25,-78,-28,-67,-33,-69,-36,-66,-29,-61,-31,-68,-30,-67,-33,-66,-31,-69,-33,-62,-32,-63,-34,-63,-35,-67,-37,-66,-38,-61,-40,0,0]"
CSI_DATA,82,2a:00:00:00:00:00,-44,11,1,0,1,1,1,0,0,0,1,-97,0,11,2,1366908,0,44,0,384,0,"[0,0,0,0,0,0,0,0,0,0,0,0,5,-9,5,-9,4,-9,4,-9,4,-9,4,-9,4,-8,4,-8,3,-8,3,-8,3,-8,3,-8,2,-8,2,-9,3,-8,3,-9,3,-8,3,-8,3,-8,3,-8,3,-8,3,-8,3,-7,2,-8,3,-8,3,-7,0,0,3,-7,3,-7,2,-7,3,-6,3,-7,3,-6,3,-6,3,-6,3,-6,3,-5,3,-5,3,-5,3,-5,3,-5,3,-4,3,-5,3,-4,3,-4,3,-4,3,-4,3,-3,3,-4,3,-3,3,-3,3,-3,3,-3,0,0,0,0,0,0,0,0,0,0,0,0,0,0,37,-56,39,-53,34,-51,35,-47,35,-48,34,-49,31,-47,29,-46,30,-48,30,-43,28,-45,23,-42,24,-44,25,-45,21,-42,18,-43,22,-49,22,-45,18,-47,19,-44,19,-42,22,-45,18,-44,23,-46,20,-41,21,-42,22,-40,24,-42,16,-43,20,-40,18,-38,21,-39,21,-38,22,-37,19,-34,23,-30,20,-35,21,-35,22,-32,20,-29,20,-31,18,-27,22,-24,22,-28,20,-27,17,-23,19,-22,22,-24,19,-21,20,-21,21,-19,17,-21,22,-17,18,-18,17,-17,18,-13,20,-14,0,0,0,0,0,0,0,0,0,0,0,0,0,0,0,0,0,0,0,0,0,0,9,-11,9,-12,10,-10,12,-18,15,-17,13,-20,19,-19,18,-22,21,-19,24,-25,27,-26,33,-24,37,-26,41,-25,46,-23,51,-17,52,-17,54,-15,56,-15,58,-9,62,-12,65,-4,66,-4,65,-1,67,4,67,4,69,8,65,11,65,15,65,17,61,14,64,16,67,15,67,18,67,17,65,22,67,18,66,21,67,20,69,24,67,22,67,22,68,26,70,26,64,26,68,28,69,27,68,28,67,34,66,33,65,32,70,30,65,33,65,32,66,35,65,38,66,42,0,0]"
CSI_DATA,83,2a:00:00:00:00:00,-44,11,1,0,1,1,1,0,0,0,1,-97,0,11,2,1376131,0,44,0,384,0,"[0,0,0,0,0,0,0,0,0,0,0,0,1,9,1,9,1,9,1,9,1,9,1,8,2,8,2,7,2,7,2,8,2,8,2,7,2,8,2,8,2,7,2,7,3,7,2,7,3,7,3,7,2,7,2,7,2,6,2,7,2,7,2,6,0,0,2,7,1,7,1,7,1,6,1,6,1,6,1,6,1,6,1,5,1,5,1,5,0,5,0,5,0,5,0,5,0,4,0,5,0,4,0,4,0,4,0,4,-1,4,-1,3,-1,4,-1,3,-1,3,0,0,0,0,0,0,0,0,0,0,0,0,0,0,5,65,4,62,7,69,1,60,7,58,1,57,5,55,6,57,5,50,8,53,5,55,10,48,10,48,8,47,12,46,16,49,12,48,13,48,13,45,16,45,14,45,11,44,12,44,11,46,12,44,14,45,14,44,15,47,11,41,14,42,11,38,11,40,7,40,7,43,9,38,5,39,6,37,7,36,5,36,7,33,5,36,5,34,2,30,-1,30,5,30,5,30,3,29,2,29,1,28,2,29,2,26,0,25,-1,22,-4,26,-2,25,-6,21,-7,22,0,0,0,0,0,0,0,0,0,0,0,0,0,0,0,0,0,0,0,0,0,0,2,13,0,13,0,19,-2,17,1,20,-3,27,-3,25,-6,28,-7,30,-8,35,-13,39,-16,36,-20,40,-20,39,-24,41,-31,41,-34,44,-34,42,-34,43,-33,46,-53,40,-57,38,-53,38,-53,35,-59,32,-60,35,-59,35,-63,30,-61,25,-62,24,-65,24,-66,25,-65,24,-63,25,-67,24,-64,20,-62,22,-67,22,-66,20,-69,22,-70,21,-66,21,-70,22,-71,21,-69,24,-67,19,-68,21,-72,17,-72,16,-74,19,-72,18,-71,13,-76,11,-72,12,-76,9,-78,14,-70,14,0,0]"
CSI_DATA,84,2a:00:00:00:00:00,-45,11,1,0,1,1,1,0,0,0,1,-97,0,11,2,1386122,0,44,0,384,0,"[0,0,0,0,0,0,0,0,0,0,0,0,1,-11,1,-10,0,-10,1,-10,1,-10,0,-9,1,-9,0,-9,0,-9,-1,-9,0,-9,-1,-9,-1,-9,-1,-9,-1,-9,-1,-9,-1,-9,-1,-9,-1,-9,0,-9,0,-9,-1,-9,0,-8,-1,-9,-1,-8,0,-8,0,0,0,-8,0,-8,0,-8,0,-7,0,-8,0,-7,1,-7,1,-7,1,-6,0,-6,0,-6,1,-6,1,-6,1,-6,1,-5,1,-5,1,-5,1,-5,1,-5,1,-5,1,-4,1,-4,1,-4,2,-4,2,-4,2,-4,0,0,0,0,0,0,0,0,0,0,0,0,0,0,30,-60,27,-58,26,-60,27,-52,24,-53,25,-51,24,-46,23,-52,22,-48,15,-47,17,-48,14,-47,14,-48,12,-46,15,-44,11,-46,14,-45,11,-49,12,-47,11,-44,14,-50,13,-45,9,-48,14,-45,15,-44,14,-43,10,-41,12,-44,14,-42,12,-42,12,-40,16,-41,16,-39,17,-41,13,-34,17,-38,16,-34,15,-33,14,-34,16,-33,16,-27,17,-31,16,-28,15,-28,18,-25,14,-25,16,-22,15,-22,14,-24,14,-21,15,-24,13,-19,15,-20,17,-18,18,-16,18,-15,17,-16,0,0,0,0,0,0,0,0,0,0,0,0,0,0,0,0,0,0,0,0,0,0,5,-12,5,-15,3,-17,4,-16,9,-15,12,-22,13,-23,15,-24,18,-26,18,-25,21,-28,25,-30,27,-33,35,-31,37,-32,41,-26,46,-27,46,-23,50,-25,57,-24,57,-22,60,-17,60,-16,60,-10,63,-10,65,-8,66,-4,67,-3,63,1,66,1,64,4,66,2,65,6,66,5,66,8,65,8,63,1,64,6,69,8,67,8,70,10,63,6,68,15,66,10,68,11,65,11,68,17,66,16,70,15,65,18,74,18,67,16,70,21,65,17,72,23,66,23,67,27,0,0]"
CSI_DATA,85,2a:00:00:00:00:00,-44,11,1,0,1,1,1,0,0,0,1,-97,0,11,2,1397761,0,44,0,384,0,"[0,0,0,0,0,0,0,0,0,0,0,0,-11,2,-11,2,-10,2,-10,2,-10,2,-10,2,-10,2,-10,2,-9,3,-9,2,-9,3,-9,3,-8,3,-9,3,-9,3,-9,3,-9,3,-9,3,-8,3,-8,3,-8,3,-8,3,-9,3,-8,3,-8,2,-8,2,0,0,-8,2,-7,2,-8,2,-8,2,-7,1,-7,1,-7,2,-7,1,-7,1,-7,1,-7,1,-7,1,-6,1,-6,1,-6,0,-6,0,-6,0,-5,0,-5,0,-5,0,-5,-1,-5,0,-5,-1,-5,0,-5,-1,-4,-1,0,0,0,0,0,0,0,0,0,0,0,0,0,0,-65,0,-64,-3,-61,2,-58,-4,-62,-6,-60,-2,-54,5,-53,0,-49,2,-54,0,-49,4,-50,6,-47,4,-45,5,-51,6,-47,7,-49,6,-50,10,-46,7,-50,9,-47,9,-47,9,-47,8,-48,5,-45,6,-46,6,-48,9,-46,3,-42,4,-43,5,-44,5,-43,1,-40,4,-44,4,-41,0,-41,-1,-39,1,-38,4,-35,-1,-34,-5,-38,-3,-32,-2,-30,-2,-32,-1,-32,-1,-29,-4,-31,-4,-32,-3,-29,-7,-28,-5,-27,-5,-26,-7,-25,-9,-20,-7,-24,-11,-20,-12,-21,-12,0,0,0,0,0,0,0,0,0,0,0,0,0,0,0,0,0,0,0,0,0,0,-12,-1,-13,1,-17,1,-15,1,-22,0,-22,0,-25,-3,-28,-2,-31,-4,-32,-6,-33,-11,-37,-12,-41,-17,-41,-20,-44,-23,-42,-30,-43,-33,-42,-32,-44,-36,-43,-41,-42,-43,-41,-48,-40,-51,-38,-53,-36,-50,-32,-56,-32,-56,-26,-59,-24,-63,-26,-62,-26,-61,-25,-64,-24,-60,-25,-62,-22,-65,-20,-63,-22,-64,-20,-66,-18,-63,-21,-66,-20,-66,-21,-67,-21,-64,-19,-67,-18,-66,-22,-69,-16,-67,-14,-68,-19,-72,-14,-71,-11,-66,-10,-70,-13,-73,-8,-69,-9,-70,-11,-73,-4,-71,0,0]"
CSI_DATA,86,2a:00:00:00:00:00,-44,11,1,0,1,1,1,0,0,0,1,-97,0,11,2,1406135,0,44,0,384,0,"[0,0,0,0,0,0,0,0,0,0,0,0,6,-9,6,-9,5,-8,5,-8,5,-8,5,-8,4,-8,5,-8,4,-8,4,-8,4,-8,4,-8,4,-8,3,-8,4,-8,4,-8,4,-8,4,-8,4,-8,3,-8,4,-8,3,-8,4,-7,4,-8,4,-7,4,-7,0,0,4,-7,4,-7,4,-7,4,-6,4,-6,4,-6,4,-6,4,-6,4,-5,4,-5,4,-5,4,-5,4,-5,3,-5,3,-4,3,-4,3,-4,3,-4,3,-3,3,-3,3,-3,3,-3,3,-3,3,-3,3,-2,3,-2,0,0,0,0,0,0,0,0,0,0,0,0,0,0,38,-50,41,-46,42,-47,39,-43,39,-42,38,-42,35,-42,35,-40,34,-38,33,-38,31,-37,29,-44,27,-40,26,-41,30,-38,25,-38,28,-41,27,-43,28,-42,21,-42,25,-42,22,-41,23,-45,23,-41,22,-41,25,-41,21,-39,23,-40,26,-36,22,-35,27,-32,23,-35,25,-34,23,-34,24,-31,23,-34,25,-29,23,-32,22,-32,23,-29,23,-25,21,-25,24,-22,24,-25,20,-21,23,-23,21,-23,24,-17,19,-18,20,-21,22,-15,21,-15,21,-18,20,-13,19,-13,22,-9,23,-9,0,0,0,0,0,0,0,0,0,0,0,0,0,0,0,0,0,0,0,0,0,0,9,-6,10,-10,9,-11,14,-13,14,-14,16,-12,18,-16,21,-15,24,-16,27,-16,33,-16,38,-13,41,-16,43,-14,47,-13,46,-9,55,-7,53,-5,56,-4,59,-3,57,1,62,8,57,13,60,15,62,21,61,24,60,24,61,26,60,25,60,25,63,27,60,28,55,29,58,29,60,28,56,26,55,34,57,34,55,33,60,35,59,36,58,34,57,35,62,33,55,39,60,31,54,36,59,36,62,36,54,42,57,37,59,41,59,43,52,40,53,45,58,43,57,37,0,0]"
CSI_DATA,87,2a:00:00:00:00:00,-45,11,1,0,1,1,1,0,0,0,1,-97,0,11,2,1419693,0,44,0,384,0,"[0,0,0,0,0,0,0,0,0,0,0,0,10,1,10,1,10,1,9,2,9,1,9,0,9,0,9,0,8,0,8,0,9,0,8,-1,8,0,8,-1,8,0,9,-1,8,-1,8,-1,8,-1,8,0,8,0,8,0,8,-1,8,0,8,0,8,-1,0,0,8,0,7,0,7,0,7,0,7,0,6,0,6,1,6,0,6,0,6,0,6,0,5,0,5,0,5,1,5,1,5,1,5,1,4,1,4,1,4,1,4,1,4,1,4,1,3,1,3,1,3,2,0,0,0,0,0,0,0,0,0,0,0,0,0,0,63,24,58,20,58,21,57,20,56,20,56,19,45,20,53,17,49,11,53,12,49,14,52,11,49,12,46,7,47,10,51,7,49,5,49,8,50,8,47,5,56,7,45,6,51,2,47,5,44,9,47,10,45,7,45,6,45,7,48,6,45,8,44,11,41,11,40,10,42,11,41,13,38,11,35,12,37,10,36,12,33,9,31,11,30,12,31,9,31,11,27,13,32,13,25,12,25,12,24,12,23,13,24,15,20,12,17,13,18,11,17,13,15,17,0,0,0,0,0,0,0,0,0,0,0,0,0,0,0,0,0,0,0,0,0,0,8,5,11,4,11,9,17,10,17,9,19,10,21,13,23,16,23,20,24,18,29,26,29,27,32,32,30,36,28,42,22,43,24,53,20,44,24,57,14,57,17,58,13,64,11,58,5,65,4,65,5,69,2,68,-3,72,-3,66,-4,70,-10,64,-11,69,-10,65,-9,68,-9,65,-12,68,-6,61,-11,69,-11,71,-6,68,-12,71,-11,68,-10,72,-8,68,-14,70,-13,71,-11,71,-12,69,-16,73,-13,63,-16,69,-14,68,-21,70,-18,63,-19,71,-22,72,-24,63,0,0]"
CSI_DATA,88,2a:00:00:00:00:00,-44,11,1,0,1,1,1,0,0,0,1,-97,0,11,2,1448136,0,44,0,384,0,"[0,0,0,0,0,0,0,0,0,0,0,0,-5,8,-5,8,-5,8,-5,8,-5,7,-5,8,-4,7,-4,7,-4,8,-3,7,-3,8,-3,8,-3,8,-3,8,-3,8,-3,8,-3,8,-3,7,-3,8,-3,8,-3,8,-3,7,-3,7,-3,8,-3,8,-3,7,0,0,-3,7,-3,7,-3,7,-3,6,-3,6,-3,6,-3,6,-3,6,-4,5,-3,5,-3,5,-3,5,-3,5,-3,5,-3,4,-3,4,-3,4,-3,4,-3,4,-3,3,-3,3,-3,3,-3,3,-3,3,-3,2,-3,2,0,0,0,0,0,0,0,0,0,0,0,0,0,0,-35,55,-38,53,-37,53,-36,45,-32,48,-36,48,-31,43,-32,47,-27,40,-26,44,-21,42,-19,43,-22,43,-19,44,-22,42,-22,42,-21,44,-20,46,-17,46,-17,44,-17,46,-16,45,-15,47,-14,44,-14,47,-16,44,-16,43,-18,41,-18,43,-19,40,-18,40,-19,42,-19,42,-17,43,-18,35,-19,37,-16,35,-16,36,-18,37,-15,34,-17,29,-16,30,-19,28,-19,27,-17,28,-16,26,-19,25,-18,24,-15,21,-17,20,-16,21,-18,20,-17,22,-16,17,-18,14,-19,15,-19,11,0,0,0,0,0,0,0,0,0,0,0,0,0,0,0,0,0,0,0,0,0,0,-8,6,-9,11,-11,10,-13,9,-15,12,-19,15,-20,14,-25,17,-28,19,-28,17,-34,14,-40,13,-43,14,-47,10,-50,10,-50,5,-61,3,-54,3,-61,1,-58,-3,-64,-6,-66,-8,-62,-13,-65,-18,-66,-24,-67,-24,-61,-30,-64,-29,-60,-28,-66,-33,-60,-29,-61,-33,-61,-30,-61,-32,-60,-31,-59,-29,-61,-31,-58,-37,-57,-34,-58,-33,-64,-38,-58,-32,-60,-33,-60,-35,-60,-35,-64,-37,-63,-37,-61,-31,-63,-41,-59,-37,-58,-39,-60,-34,-61,-42,-59,-35,-58,-41,-62,-38,-59,-38,0,0]"
CSI_DATA,89,2a:00:00:00:00:00,-44,11,1,0,1,1,1,0,0,0,1,-97,0,11,2,1456131,0,44,0,384,0,"[0,0,0,0,0,0,0,0,0,0,0,0,-10,-7,-9,-6,-9,-6,-9,-6,-9,-5,-9,-5,-9,-4,-9,-5,-9,-4,-9,-4,-9,-4,-9,-4,-9,-4,-9,-4,-9,-4,-9,-3,-9,-3,-9,-3,-9,-3,-9,-3,-9,-3,-9,-3,-9,-3,-8,-3,-9,-4,-8,-4,0,0,-8,-3,-8,-4,-8,-4,-8,-4,-7,-4,-7,-4,-7,-4,-7,-4,-7,-4,-7,-4,-6,-4,-6,-4,-6,-4,-6,-3,-6,-3,-6,-3,-5,-4,-5,-4,-5,-3,-5,-4,-4,-4,-4,-3,-4,-4,-3,-3,-3,-4,-3,-4,0,0,0,0,0,0,0,0,0,0,0,0,0,0,-59,-26,-56,-28,-59,-26,-51,-20,-53,-26,-51,-22,-47,-19,-50,-22,-48,-19,-51,-17,-50,-14,-49,-15,-49,-12,-43,-9,-46,-16,-48,-13,-48,-13,-50,-9,-47,-12,-50,-6,-55,-7,-51,-10,-46,-10,-48,-8,-46,-11,-47,-12,-47,-12,-46,-12,-44,-11,-47,-10,-47,-11,-48,-13,-43,-12,-44,-14,-40,-11,-41,-11,-37,-14,-39,-12,-40,-11,-35,-14,-36,-16,-32,-15,-33,-15,-33,-15,-31,-15,-32,-16,-29,-16,-27,-17,-26,-17,-23,-13,-25,-15,-23,-15,-26,-16,-19,-20,-18,-19,-19,-17,-16,-17,0,0,0,0,0,0,0,0,0,0,0,0,0,0,0,0,0,0,0,0,0,0,-11,-3,-14,-2,-12,-10,-17,-11,-18,-10,-20,-10,-25,-15,-23,-17,-25,-20,-25,-24,-28,-30,-27,-33,-24,-41,-25,-41,-25,-43,-23,-46,-21,-52,-19,-53,-16,-58,-14,-57,-12,-61,-10,-65,-4,-67,0,-68,3,-70,7,-67,8,-66,11,-67,11,-68,16,-72,12,-67,16,-64,13,-66,15,-68,13,-67,15,-67,15,-65,19,-66,18,-64,20,-64,16,-67,17,-62,17,-70,22,-66,21,-62,16,-68,18,-69,15,-72,21,-67,22,-68,24,-67,24,-65,24,-71,22,-64,29,-67,29,-65,25,-64,0,0]"
CSI_DATA,90,2a:00:00:00:00:00,-44,11,1,0,1,1,1,0,0,0,1,-97,0,11,2,1467819,0,44,0,384,0,"[0,0,0,0,0,0,0,0,0,0,0,0,6,8,6,7,6,8,6,7,6,7,6,7,6,6,6,6,6,6,6,6,6,6,7,6,7,6,7,6,6,5,7,5,7,5,7,5,7,5,7,5,7,5,6,5,6,5,6,5,6,5,6,5,0,0,6,5,6,5,5,5,6,5,5,5,5,5,5,5,5,5,5,5,4,4,4,5,3,4,3,4,3,4,3,4,3,4,3,4,3,4,3,4,2,4,2,4,2,4,2,4,1,4,1,4,1,4,0,0,0,0,0,0,0,0,0,0,0,0,0,0,41,49,42,48,40,48,40,42,40,42,38,41,41,39,31,41,37,35,38,32,38,33,35,33,37,32,40,31,37,29,40,24,42,29,41,25,36,24,42,26,43,24,41,30,44,26,38,31,38,27,36,30,38,26,40,27,36,26,38,26,39,24,35,28,37,29,39,27,38,30,32,29,30,27,31,29,32,28,29,26,27,26,25,27,23,22,24,22,22,22,23,25,23,24,18,21,19,20,16,21,16,20,15,22,17,22,12,22,11,21,9,18,8,20,0,0,0,0,0,0,0,0,0,0,0,0,0,0,0,0,0,0,0,0,0,0,7,3,6,7,11,6,8,15,8,16,11,18,8,20,14,22,10,29,7,31,10,33,8,42,7,46,-1,46,-1,48,-4,50,-5,55,-9,53,-11,56,-20,59,-23,58,-28,59,-28,59,-29,59,-33,54,-35,56,-40,58,-39,51,-44,53,-39,53,-46,49,-46,52,-49,50,-49,48,-47,50,-48,45,-46,48,-46,48,-47,47,-46,48,-46,45,-48,50,-47,52,-51,51,-49,47,-46,47,-48,45,-46,50,-51,49,-50,50,-49,45,-50,52,-49,50,-49,46,-49,50,-54,47,-52,45,0,0]"
CSI_DATA,91,2a:00:00:00:00:00,-44,11,1,0,1,1,1,0,0,0,1,-97,0,11,2,1478020,0,44,0,384,0,"[0,0,0,0,0,0,0,0,0,0,0,0,0,10,0,10,1,9,1,10,0,9,1,9,1,9,1,9,1,9,2,8,2,9,2,9,2,8,2,8,2,9,2,8,2,9,2,8,2,8,2,8,2,8,2,8,2,8,2,8,2,8,1,8,0,0,1,8,1,8,1,8,1,7,0,7,0,7,0,7,0,7,0,7,0,6,0,6,-1,6,0,6,-1,6,-1,5,-1,5,-1,5,-1,5,-1,5,-1,5,-1,4,-1,4,-2,4,-2,4,-2,4,-2,4,0,0,0,0,0,0,0,0,0,0,0,0,0,0,-8,63,-12,64,-7,65,-7,59,-5,58,-5,57,-5,55,-5,55,-4,51,-2,49,-1,53,-1,54,1,53,3,56,2,48,4,50,8,50,9,54,6,51,4,51,4,53,6,52,6,50,5,51,3,49,1,52,4,50,4,51,4,46,10,47,4,51,2,50,3,43,1,48,-2,46,-3,48,-3,42,-4,43,-3,43,-4,39,-3,38,-1,39,-7,38,-3,34,-7,37,-5,36,-9,34,-6,31,-12,31,-9,31,-10,27,-9,24,-9,27,-9,26,-9,26,-11,21,-14,19,0,0,0,0,0,0,0,0,0,0,0,0,0,0,0,0,0,0,0,0,0,0,0,7,1,9,0,10,-1,12,-1,17,-4,16,-6,22,-8,23,-13,25,-12,30,-15,32,-21,34,-22,36,-25,39,-29,38,-36,35,-38,35,-42,35,-43,32,-52,29,-54,27,-59,29,-59,23,-62,23,-65,19,-64,20,-66,14,-66,12,-68,9,-65,9,-64,7,-66,6,-67,4,-67,2,-71,2,-67,-1,-65,3,-70,3,-65,5,-70,3,-68,1,-71,3,-67,4,-68,4,-65,1,-71,4,-71,1,-70,2,-72,0,-70,-1,-64,1,-72,1,-73,-2,-67,-3,-74,-2,-75,-8,-65,-7,0,0]"
CSI_DATA,92,2a:00:00:00:00:00,-44,11,1,0,1,1,1,0,0,0,1,-97,0,11,2,1487636,0,44,0,384,0,"[0,0,0,0,0,0,0,0,0,0,0,0,-3,-10,-4,-10,-5,-10,-4,-10,-4,-10,-4,-9,-4,-9,-5,-9,-4,-9,-5,-9,-5,-8,-5,-9,-5,-9,-5,-8,-5,-9,-5,-9,-5,-8,-5,-8,-5,-9,-6,-9,-5,-8,-5,-9,-5,-8,-5,-8,-5,-9,-5,-8,0,0,-4,-8,-4,-9,-4,-8,-4,-8,-3,-8,-3,-8,-3,-8,-3,-8,-3,-7,-3,-7,-2,-7,-2,-7,-2,-7,-2,-7,-2,-6,-1,-7,-1,-6,-1,-6,-1,-6,-1,-6,-1,-6,-1,-6,-1,-5,0,-5,0,-5,0,-5,0,0,0,0,0,0,0,0,0,0,0,0,0,0,-9,-59,-11,-62,-13,-57,-11,-58,-15,-59,-19,-58,-13,-55,-13,-61,-15,-51,-17,-52,-18,-45,-22,-48,-18,-48,-19,-49,-20,-51,-21,-46,-23,-46,-22,-45,-21,-48,-26,-46,-27,-46,-21,-47,-25,-46,-24,-47,-23,-50,-22,-49,-20,-45,-21,-43,-18,-46,-23,-44,-23,-43,-23,-48,-19,-40,-17,-44,-17,-40,-12,-43,-11,-44,-12,-44,-9,-42,-13,-37,-10,-37,-7,-38,-7,-38,-11,-37,-7,-35,-5,-34,-10,-36,-7,-33,-5,-32,-4,-34,-2,-34,-3,-31,1,-31,-1,-29,5,-25,4,-26,3,-27,0,0,0,0,0,0,0,0,0,0,0,0,0,0,0,0,0,0,0,0,0,0,-6,-5,-5,-7,-5,-12,-6,-12,-4,-16,-5,-20,-3,-20,1,-25,1,-27,2,-32,5,-34,11,-39,11,-39,15,-41,18,-43,25,-39,28,-41,29,-43,36,-44,37,-42,46,-41,45,-37,49,-38,52,-38,55,-36,54,-34,56,-29,58,-30,59,-25,61,-24,57,-24,60,-23,62,-22,58,-21,59,-21,63,-20,60,-18,60,-21,62,-21,63,-20,63,-19,59,-20,62,-21,64,-21,65,-18,67,-19,64,-20,59,-25,65,-21,66,-22,62,-19,66,-21,65,-19,66,-19,70,-15,72,-18,65,-17,0,0]"
CSI_DATA,93,2a:00:00:00:00:00,-44,11,1,0,1,1,1,0,0,0,1,-97,0,11,2,1497851,0,44,0,384,0,"[0,0,0,0,0,0,0,0,0,0,0,0,-3,-10,-4,-10,-4,-10,-4,-10,-4,-9,-4,-9,-4,-9,-4,-9,-5,-9,-5,-9,-5,-9,-5,-9,-5,-9,-5,-9,-5,-9,-6,-9,-6,-8,-5,-8,-6,-9,-5,-9,-5,-8,-6,-9,-5,-8,-5,-8,-5,-8,-5,-8,0,0,-5,-8,-5,-8,-5,-8,-4,-8,-4,-8,-4,-8,-4,-8,-4,-7,-3,-7,-3,-7,-3,-7,-3,-7,-3,-7,-3,-7,-3,-6,-3,-6,-2,-7,-2,-6,-2,-6,-2,-6,-2,-6,-1,-6,-1,-6,-1,-5,-1,-5,0,-5,0,0,0,0,0,0,0,0,0,0,0,0,0,0,-13,-67,-11,-64,-15,-62,-15,-58,-15,-59,-12,-59,-16,-60,-16,-56,-17,-49,-14,-51,-17,-49,-18,-51,-20,-51,-24,-52,-20,-50,-26,-50,-25,-50,-26,-45,-27,-49,-29,-48,-28,-48,-25,-46,-29,-47,-26,-44,-24,-46,-24,-45,-25,-47,-26,-47,-25,-47,-25,-49,-24,-47,-24,-49,-23,-45,-22,-41,-21,-44,-20,-42,-20,-42,-20,-46,-17,-42,-15,-42,-12,-38,-15,-35,-11,-39,-12,-42,-10,-37,-12,-36,-7,-33,-11,-37,-10,-33,-7,-33,-6,-31,-6,-34,-6,-27,-3,-29,-3,-30,1,-28,3,-29,0,0,0,0,0,0,0,0,0,0,0,0,0,0,0,0,0,0,0,0,0,0,-2,-5,-3,-6,-1,-10,-2,-14,-2,-13,2,-18,1,-24,4,-25,6,-29,6,-32,10,-34,13,-34,19,-38,21,-42,23,-39,30,-38,32,-37,39,-38,44,-40,47,-36,46,-38,52,-33,54,-33,59,-32,62,-27,62,-26,66,-24,63,-25,65,-23,63,-22,54,-22,65,-13,62,-17,65,-16,63,-17,66,-18,64,-19,65,-15,64,-16,68,-16,67,-17,66,-18,61,-16,66,-19,65,-15,58,-18,64,-17,65,-17,71,-20,73,-20,69,-18,63,-22,67,-20,66,-15,69,-10,72,-15,63,-13,0,0]"
CSI_DATA,94,2a:00:00:00:00:00,-44,11,1,0,1,1,1,0,0,0,1,-97,0,11,2,1507151,0,44,0,384,0,"[0,0,0,0,0,0,0,0,0,0,0,0,10,-4,8,-4,9,-4,8,-4,8,-4,8,-4,8,-5,8,-4,8,-5,8,-5,8,-5,8,-5,7,-5,7,-6,7,-5,8,-6,8,-6,8,-6,7,-5,7,-5,7,-5,7,-5,8,-6,7,-5,7,-5,7,-5,0,0,7,-5,7,-5,7,-4,8,-4,7,-4,7,-4,7,-4,7,-4,7,-3,6,-3,6,-3,6,-3,6,-3,5,-3,6,-2,5,-2,5,-2,5,-2,5,-2,5,-1,5,-1,5,-1,5,-1,4,-1,4,-1,4,0,0,0,0,0,0,0,0,0,0,0,0,0,0,0,59,-9,57,-8,57,-11,58,-9,57,-11,52,-11,54,-15,53,-16,49,-17,46,-15,49,-17,48,-17,47,-21,48,-20,51,-16,50,-23,46,-22,47,-23,48,-22,50,-25,47,-26,45,-23,43,-25,46,-23,45,-21,45,-23,48,-19,47,-22,46,-21,47,-21,45,-16,42,-19,45,-22,40,-20,46,-17,42,-15,40,-18,42,-15,45,-13,42,-11,41,-11,38,-10,37,-12,42,-7,38,-9,37,-9,32,-7,35,-5,33,-4,33,-7,30,-3,31,-3,31,0,29,3,29,2,28,4,27,7,0,0,0,0,0,0,0,0,0,0,0,0,0,0,0,0,0,0,0,0,0,0,3,-1,5,-1,6,-2,9,-2,12,-1,17,-1,17,0,19,1,22,5,28,6,30,11,34,13,31,18,37,20,39,24,36,28,39,33,37,35,36,40,35,43,35,48,34,50,27,55,28,55,24,56,24,59,19,62,18,63,18,62,20,60,14,62,10,61,12,64,16,62,12,65,11,64,12,64,12,61,10,63,11,65,8,61,16,65,12,65,14,65,11,64,12,63,6,65,14,64,12,65,11,60,11,62,15,66,10,58,12,65,11,72,10,61,17,63,0,0]"
CSI_DATA,95,2a:00:00:00:00:00,-45,11,1,0,1,1,1,0,0,0,1,-97,0,11,2,1536132,0,44,0,384,0,"[0,0,0,0,0,0,0,0,0,0,0,0,10,-2,9,-2,9,-3,9,-3,8,-3,9,-3,8,-3,8,-3,8,-3,8,-4,8,-4,8,-5,8,-4,8,-4,8,-5,8,-5,8,-5,8,-5,8,-5,8,-5,8,-4,8,-5,8,-4,8,-5,8,-4,8,-4,0,0,8,-5,8,-4,8,-4,8,-4,7,-4,7,-3,7,-3,7,-3,7,-3,7,-3,7,-3,6,-2,6,-2,6,-2,6,-2,6,-2,6,-2,5,-2,6,-1,5,-1,5,-1,5,-1,5,-1,5,0,5,0,5,0,0,0,0,0,0,0,0,0,0,0,0,0,0,0,49,2,53,4,57,-1,55,0,56,3,53,-1,48,-2,47,-1,47,-1,48,-2,51,-5,48,-10,50,-12,44,-9,46,-10,49,-13,47,-15,49,-13,47,-14,49,-16,53,-16,52,-16,47,-13,49,-11,48,-10,46,-14,53,-11,44,-13,44,-13,49,-13,47,-12,48,-9,44,-11,47,-12,42,-9,46,-7,42,-3,42,-3,41,-7,43,-5,42,-3,41,-4,39,-5,37,0,38,-1,36,-4,35,-1,37,-3,34,1,32,4,33,4,32,9,30,7,30,6,25,3,23,10,26,9,0,0,0,0,0,0,0,0,0,0,0,0,0,0,0,0,0,0,0,0,0,0,3,7,7,1,6,1,7,0,11,2,13,7,16,6,19,5,24,11,21,10,24,16,26,19,32,18,31,23,32,29,31,34,35,36,30,39,32,40,28,49,24,51,28,55,23,62,22,60,18,61,19,63,14,66,12,67,9,66,7,68,8,64,6,67,4,68,0,64,2,62,2,65,0,67,3,65,2,63,4,65,-1,65,4,65,3,65,2,69,3,68,-2,67,-4,62,-4,70,-4,65,-2,62,1,65,5,66,-2,70,-4,66,0,63,1,65,0,64,0,0]"
CSI_DATA,96,2a:00:00:00:00:00,-44,11,1,0,1,1,1,0,0,0,1,-97,0,11,2,1569395,0,44,0,384,0,"[0,0,0,0,0,0,0,0,0,0,0,0,10,0,10,0,9,0,9,0,9,0,9,-1,9,-1,9,-1,9,-1,9,-1,9,-1,9,-2,9,-1,8,-2,9,-1,9,-2,9,-2,9,-2,9,-2,9,-2,8,-1,8,-2,9,-1,8,-1,8,-1,8,-1,0,0,8,-1,8,-1,8,-1,8,-1,7,0,7,0,7,-1,7,0,7,0,6,0,7,0,6,0,6,0,6,0,6,0,5,0,5,0,5,0,5,1,5,1,5,1,4,1,4,1,4,2,4,2,3,2,0,0,0,0,0,0,0,0,0,0,0,0,0,0,61,-2,58,3,62,2,57,1,58,2,55,2,55,-5,54,-2,50,-4,51,-4,51,-3,50,-4,49,-7,45,-9,52,-9,48,-12,50,-8,49,-11,46,-10,51,-13,50,-14,51,-13,46,-12,50,-10,49,-11,47,-8,46,-8,45,-12,48,-7,50,-9,51,-10,47,-8,45,-6,42,-9,46,-4,42,-2,39,-3,41,-4,40,-5,38,1,39,0,39,-2,37,-1,35,-3,32,0,37,0,32,1,32,2,32,4,31,4,31,4,28,7,27,7,26,9,27,10,24,10,23,10,0,0,0,0,0,0,0,0,0,0,0,0,0,0,0,0,0,0,0,0,0,0,9,4,10,5,11,5,15,3,15,5,18,8,19,8,21,8,24,10,25,12,28,14,32,19,32,22,29,25,32,31,35,31,32,38,30,39,31,45,30,46,28,49,29,54,26,59,25,60,23,59,25,63,19,65,16,67,16,63,12,63,13,65,8,67,10,67,9,67,8,68,5,69,10,66,9,69,4,66,7,69,8,69,7,68,7,73,3,70,8,72,7,74,1,69,3,70,3,68,0,69,2,69,3,69,-6,69,0,66,0,72,0,70,-3,69,0,0]"
CSI_DATA,97,2a:00:00:00:00:00,-44,11,1,0,1,1,1,0,0,0,1,-97,0,11,2,1576102,0,44,0,384,0,"[0,0,0,0,0,0,0,0,0,0,0,0,-3,9,-3,9,-2,9,-2,9,-2,9,-2,9,-2,8,-2,9,-2,8,-1,8,-1,8,-1,9,0,8,0,8,0,9,-1,9,0,9,-1,9,0,9,-1,8,-1,8,-1,8,-1,8,0,8,0,8,-1,8,0,0,-1,8,-1,8,-1,8,-1,7,-2,8,-1,7,-2,7,-2,7,-2,6,-2,6,-2,6,-2,6,-2,6,-2,6,-2,5,-2,5,-2,5,-2,5,-2,4,-3,4,-3,4,-3,4,-3,4,-3,4,-3,3,-3,3,0,0,0,0,0,0,0,0,0,0,0,0,0,0,-26,54,-26,56,-23,52,-24,51,-28,56,-24,52,-20,49,-19,50,-17,49,-18,45,-13,48,-10,46,-16,51,-11,50,-7,44,-9,47,-8,50,-7,50,-8,51,-6,49,-7,51,-7,50,-4,47,-8,51,-11,46,-9,52,-9,47,-9,50,-5,47,-8,47,-12,47,-9,47,-9,48,-12,44,-10,42,-17,46,-14,42,-14,44,-13,40,-17,37,-14,41,-12,34,-14,36,-11,36,-15,32,-13,31,-16,28,-15,30,-15,27,-13,28,-17,25,-17,24,-19,26,-17,22,-20,22,-17,17,-17,18,0,0,0,0,0,0,0,0,0,0,0,0,0,0,0,0,0,0,0,0,0,0,-9,5,-9,8,-9,10,-10,13,-11,13,-14,13,-16,13,-18,17,-21,16,-23,17,-27,20,-30,20,-35,21,-40,21,-43,21,-48,15,-46,13,-50,15,-50,14,-58,10,-56,6,-62,5,-61,3,-64,0,-64,-7,-68,-3,-67,-10,-68,-8,-66,-13,-62,-12,-68,-14,-66,-17,-65,-15,-66,-18,-67,-21,-71,-19,-66,-20,-66,-18,-65,-20,-69,-20,-67,-20,-70,-17,-67,-22,-70,-23,-63,-23,-58,-21,-61,-25,-67,-22,-69,-25,-65,-26,-66,-26,-69,-25,-64,-30,-65,-27,-68,-26,-63,-29,-62,-27,0,0]"
CSI_DATA,98,2a:00:00:00:00:00,-43,11,1,0,1,1,1,0,0,0,1,-97,0,11,2,1588225,0,44,0,384,0,"[0,0,0,0,0,0,0,0,0,0,0,0,6,-7,6,-7,5,-7,6,-7,5,-7,5,-7,5,-7,5,-7,5,-7,4,-7,5,-7,4,-8,4,-8,3,-7,4,-8,4,-8,4,-8,4,-7,4,-8,4,-8,4,-8,4,-7,4,-7,4,-7,4,-7,4,-7,0,0,5,-7,4,-6,5,-7,4,-6,5,-6,5,-6,5,-6,4,-5,5,-5,4,-5,4,-5,4,-5,4,-4,4,-4,4,-4,4,-4,4,-4,4,-3,4,-3,3,-3,4,-3,4,-2,3,-2,3,-2,3,-2,4,-2,0,0,0,0,0,0,0,0,0,0,0,0,0,0,52,-26,56,-25,55,-26,52,-23,48,-28,49,-25,43,-26,46,-25,42,-29,43,-29,40,-28,39,-31,38,-31,38,-29,38,-30,37,-29,38,-31,34,-35,36,-33,40,-30,39,-37,39,-31,34,-35,34,-37,33,-31,37,-32,34,-31,35,-33,37,-31,36,-32,38,-27,36,-29,35,-27,35,-30,36,-26,33,-27,34,-27,33,-26,31,-25,32,-19,32,-20,30,-18,31,-16,34,-15,30,-16,27,-17,26,-14,31,-15,24,-12,25,-11,25,-10,26,-8,27,-7,24,-7,24,-7,25,-5,23,-2,0,0,0,0,0,0,0,0,0,0,0,0,0,0,0,0,0,0,0,0,0,0,9,-1,13,-3,13,-5,18,-2,15,-3,22,-2,21,0,26,-3,29,-3,31,-2,33,0,38,5,41,6,45,6,46,12,48,19,50,21,46,22,51,24,50,29,51,32,53,33,50,38,45,40,48,47,45,46,43,49,44,52,42,50,41,52,41,53,38,54,43,53,40,51,38,54,38,57,40,57,32,55,35,55,37,59,42,57,39,49,38,59,36,61,34,59,40,56,36,56,36,60,34,59,33,60,31,59,36,61,30,59,33,59,29,63,32,61,29,61,0,0]"
CSI_DATA,99,2a:00:00:00:00:00,-43,11,1,0,1,1,1,0,0,0,1,-97,0,11,2,1596162,0,44,0,384,0,"[0,0,0,0,0,0,0,0,0,0,0,0,-3,9,-3,9,-2,9,-3,9,-2,9,-2,8,-2,8,-2,8,-2,9,-1,8,-1,8,-1,8,-1,9,0,9,-1,9,-1,9,0,9,-1,8,-1,8,0,9,-1,8,-1,9,-1,8,-1,8,-1,8,-1,8,0,0,-1,8,-1,8,-1,8,-2,7,-2,7,-2,7,-2,7,-2,7,-2,6,-2,6,-2,6,-2,6,-2,6,-2,5,-2,5,-2,5,-3,5,-2,4,-2,4,-2,4,-2,4,-3,4,-3,3,-3,3,-3,3,-3,3,0,0,0,0,0,0,0,0,0,0,0,0,0,0,-34,50,-32,51,-32,51,-28,48,-27,52,-28,46,-29,51,-24,46,-23,47,-23,44,-21,45,-20,47,-20,47,-17,49,-15,47,-14,45,-14,49,-13,47,-12,46,-14,47,-13,45,-15,48,-11,48,-14,50,-14,46,-13,44,-15,45,-12,49,-15,44,-13,45,-11,43,-13,40,-16,46,-17,42,-18,43,-17,38,-15,42,-17,36,-20,37,-19,36,-16,36,-18,29,-19,33,-17,30,-14,29,-18,28,-17,26,-18,27,-16,24,-17,23,-17,21,-15,18,-17,21,-21,17,-19,19,-18,17,-17,16,0,0,0,0,0,0,0,0,0,0,0,0,0,0,0,0,0,0,0,0,0,0,-10,6,-12,5,-12,7,-13,6,-18,8,-16,11,-22,8,-24,13,-28,12,-29,15,-34,14,-36,12,-40,11,-46,10,-47,7,-49,5,-51,2,-58,0,-57,1,-60,-8,-60,-7,-63,-10,-64,-14,-62,-14,-62,-19,-66,-20,-61,-22,-61,-25,-64,-28,-62,-28,-62,-29,-61,-28,-62,-28,-61,-31,-63,-32,-61,-32,-60,-30,-61,-33,-61,-29,-60,-31,-58,-33,-63,-31,-61,-31,-67,-39,-57,-32,-63,-28,-62,-35,-62,-34,-65,-33,-63,-38,-61,-39,-61,-32,-55,-35,-58,-36,-59,-33,-56,-35,-57,-40,0,0]"
CSI_DATA,100,2a:00:00:00:00:00,-42,11,1,0,1,1,1,0,0,0,1,-97,0,11,2,1606678,0,44,0,384,0,"[0,0,0,0,0,0,0,0,0,0,0,0,-10,-3,-10,-3,-10,-3,-10,-3,-10,-3,-10,-3,-10,-2,-10,-2,-10,-2,-10,-2,-10,-2,-10,-1,-10,-1,-10,-1,-10,-1,-10,-1,-10,-1,-10,-1,-10,-1,-10,-1,-10,-1,-10,-1,-10,-1,-10,-1,-10,-1,-10,-1,0,0,-10,-1,-9,-2,-9,-2,-9,-2,-8,-2,-9,-2,-8,-2,-8,-2,-8,-2,-8,-2,-8,-2,-7,-3,-7,-2,-7,-2,-6,-2,-6,-2,-6,-3,-6,-2,-5,-3,-5,-3,-5,-3,-5,-2,-5,-3,-5,-3,-4,-3,-4,-3,0,0,0,0,0,0,0,0,0,0,0,0,0,0,-50,-35,-48,-33,-48,-32,-48,-30,-48,-29,-48,-28,-49,-24,-47,-27,-47,-23,-45,-21,-48,-23,-49,-21,-46,-25,-47,-17,-51,-15,-48,-15,-50,-15,-47,-15,-48,-18,-49,-18,-48,-14,-49,-18,-51,-18,-48,-17,-46,-20,-47,-18,-47,-18,-48,-16,-44,-15,-51,-14,-45,-15,-45,-17,-41,-19,-41,-17,-43,-19,-37,-19,-40,-21,-41,-21,-37,-24,-36,-26,-37,-22,-36,-21,-31,-20,-30,-19,-32,-21,-28,-20,-27,-21,-24,-21,-23,-20,-22,-21,-22,-19,-20,-19,-21,-20,-18,-20,-19,-18,-17,-17,-14,-20,0,0,0,0,0,0,0,0,0,0,0,0,0,0,0,0,0,0,0,0,0,0,-7,-12,-5,-11,-8,-13,-6,-16,-9,-20,-8,-20,-11,-23,-7,-26,-6,-29,-6,-34,-9,-38,-7,-37,-5,-42,-4,-43,0,-49,3,-51,5,-50,7,-51,9,-57,19,-57,17,-58,19,-60,21,-58,24,-57,28,-58,28,-56,30,-59,35,-58,32,-55,33,-52,37,-55,36,-55,39,-49,40,-52,38,-50,40,-55,38,-53,36,-54,36,-57,33,-56,37,-52,34,-53,38,-53,38,-57,38,-55,33,-56,39,-53,40,-53,38,-56,38,-55,36,-54,34,-58,40,-53,35,-52,35,-56,36,-51,42,-51,0,0]"
CSI_DATA,101,2a:00:00:00:00:00,-43,11,1,0,1,1,1,0,0,0,1,-97,0,11,2,1616130,0,44,0,384,0,"[0,0,0,0,0,0,0,0,0,0,0,0,-8,6,-8,6,-7,6,-7,6,-7,6,-7,6,-7,6,-7,6,-6,6,-6,6,-7,6,-7,7,-6,7,-6,6,-6,6,-7,7,-6,7,-7,7,-6,7,-6,7,-6,6,-6,7,-6,6,-6,6,-6,6,-6,6,0,0,-6,6,-6,6,-6,5,-7,5,-6,5,-6,5,-6,5,-6,4,-6,4,-6,4,-6,3,-6,3,-6,3,-5,3,-6,3,-5,2,-5,2,-5,2,-5,2,-5,2,-5,1,-5,2,-5,1,-4,1,-5,0,-4,0,0,0,0,0,0,0,0,0,0,0,0,0,0,0,-47,30,-50,33,-44,31,-40,29,-45,33,-44,33,-42,35,-37,32,-36,33,-39,36,-40,34,-38,34,-40,34,-36,34,-36,36,-36,39,-36,37,-35,35,-35,35,-36,37,-34,38,-34,41,-33,38,-35,36,-32,32,-33,37,-37,35,-37,37,-32,37,-32,34,-38,34,-38,31,-34,33,-34,31,-38,30,-35,28,-35,29,-33,29,-37,25,-34,21,-34,23,-33,19,-31,20,-32,21,-32,14,-28,17,-32,15,-28,13,-29,11,-25,8,-28,11,-25,11,-24,6,-27,7,-24,7,-21,3,-24,0,0,0,0,0,0,0,0,0,0,0,0,0,0,0,0,0,0,0,0,0,0,0,-12,3,-13,3,-17,4,-20,4,-23,5,-24,2,-28,1,-29,3,-35,-3,-36,-1,-37,-3,-40,-2,-43,-8,-47,-13,-46,-11,-49,-18,-50,-23,-49,-25,-55,-29,-52,-31,-54,-34,-53,-38,-52,-41,-52,-44,-47,-48,-50,-47,-41,-49,-45,-47,-43,-49,-42,-55,-40,-54,-44,-54,-41,-53,-40,-52,-41,-56,-39,-53,-42,-53,-35,-58,-40,-55,-39,-54,-37,-52,-40,-55,-39,-56,-44,-56,-37,-54,-39,-52,-37,-54,-39,-54,-38,-56,-36,-53,-36,-53,-35,-55,-34,-54,-33,-54,-36,-54,-33,-54,-37,-54,0,0]"
CSI_DATA,102,2a:00:00:00:00:00,-43,11,1,0,1,1,1,0,0,0,1,-97,0,11,2,1628124,0,44,0,384,0,"[0,0,0,0,0,0,0,0,0,0,0,0,0,10,0,9,0,9,0,9,1,9,0,9,1,9,1,9,1,9,1,9,1,9,1,9,2,9,2,9,2,8,2,9,2,9,2,8,2,9,2,8,2,8,1,8,1,8,2,8,1,8,1,8,0,0,1,8,1,8,1,8,1,7,0,7,0,7,0,7,0,7,-1,6,0,6,0,6,-1,6,0,6,-1,6,-1,5,-1,5,-1,5,-1,5,-1,5,-1,4,-2,4,-2,4,-2,4,-2,4,-2,3,-2,3,0,0,0,0,0,0,0,0,0,0,0,0,0,0,-14,59,-12,61,-6,56,-7,56,-10,55,-7,51,-4,52,-4,55,-3,54,-2,51,-1,52,4,48,-1,50,1,50,2,52,2,50,4,53,3,47,7,50,5,50,4,50,3,49,5,52,5,49,5,46,3,48,4,46,1,49,-1,48,3,49,1,41,-1,47,1,45,1,47,-1,41,-1,44,-3,42,-3,42,-4,41,-3,38,-4,36,-4,31,-5,38,-6,30,-7,32,-9,33,-9,29,-9,30,-7,26,-9,27,-9,26,-8,26,-8,25,-9,22,-9,20,-10,19,-12,21,0,0,0,0,0,0,0,0,0,0,0,0,0,0,0,0,0,0,0,0,0,0,-6,14,-6,16,-8,19,-11,22,-10,19,-14,25,-17,25,-19,28,-24,26,-26,31,-32,28,-38,30,-40,31,-42,29,-45,28,-49,23,-55,25,-56,21,-62,20,-65,17,-65,13,-70,11,-68,10,-71,5,-70,1,-68,3,-69,-3,-72,-5,-69,-7,-69,-5,-68,-7,-69,-10,-67,-10,-68,-8,-69,-9,-71,-12,-66,-11,-69,-11,-67,-10,-68,-11,-71,-13,-66,-10,-70,-13,-69,-9,-68,-9,-68,-7,-65,-10,-68,-11,-69,-11,-64,-8,-69,-9,-64,-10,-67,-15,-65,-9,-62,-8,-67,-10,-64,-13,0,0]"
CSI_DATA,103,2a:00:00:00:00:00,-43,11,1,0,1,1,1,0,0,0,1,-97,0,11,2,1636813,0,44,0,384,0,"[0,0,0,0,0,0,0,0,0,0,0,0,4,-8,4,-9,4,-8,4,-9,4,-9,4,-9,4,-8,4,-8,3,-9,3,-8,3,-9,3,-9,3,-9,2,-8,3,-9,3,-9,3,-9,3,-8,3,-9,3,-8,3,-8,3,-9,3,-8,2,-8,2,-8,3,-8,0,0,3,-8,3,-7,2,-7,3,-7,3,-7,3,-7,3,-6,3,-6,3,-6,3,-6,2,-6,2,-6,2,-5,3,-5,3,-5,3,-5,3,-5,2,-4,3,-4,3,-4,3,-4,3,-4,2,-3,2,-3,2,-3,2,-3,0,0,0,0,0,0,0,0,0,0,0,0,0,0,42,-43,37,-43,36,-45,34,-39,33,-44,32,-43,30,-41,34,-44,30,-42,31,-40,27,-42,29,-42,29,-46,27,-43,29,-44,28,-46,25,-47,25,-48,24,-45,21,-44,21,-47,22,-44,25,-45,22,-42,22,-41,21,-42,22,-41,23,-40,20,-39,23,-41,23,-42,21,-37,18,-38,20,-38,19,-37,22,-36,18,-35,19,-34,21,-35,20,-31,18,-27,20,-25,19,-25,22,-28,20,-26,20,-21,18,-24,19,-23,19,-20,22,-18,20,-22,19,-19,17,-17,21,-18,18,-14,19,-14,17,-11,0,0,0,0,0,0,0,0,0,0,0,0,0,0,0,0,0,0,0,0,0,0,13,-12,15,-13,16,-12,21,-13,21,-13,28,-12,30,-9,35,-13,38,-7,42,-6,44,-5,47,-2,50,0,53,4,55,8,53,17,60,15,56,21,59,20,61,27,60,28,61,33,55,40,55,39,53,43,55,45,51,45,54,51,48,48,49,48,46,48,48,50,48,50,44,48,44,46,43,51,44,48,43,50,43,46,46,48,42,49,46,47,48,46,50,47,44,44,42,46,45,48,43,41,50,47,44,45,43,46,48,46,40,46,41,39,47,44,46,42,46,46,0,0]"
CSI_DATA,104,2a:00:00:00:00:00,-44,11,1,0,1,1,1,0,0,0,1,-97,0,11,2,1646190,0,44,0,384,0,"[0,0,0,0,0,0,0,0,0,0,0,0,4,-9,4,-9,3,-9,3,-9,3,-9,3,-9,3,-9,3,-9,3,-9,3,-9,3,-9,3,-9,2,-9,2,-9,2,-9,3,-9,2,-9,2,-9,2,-9,2,-9,2,-8,2,-8,3,-8,2,-8,2,-8,3,-8,0,0,3,-7,2,-8,2,-7,3,-7,2,-7,2,-7,3,-7,2,-7,2,-6,2,-6,2,-6,2,-6,2,-5,2,-5,2,-5,2,-5,2,-5,2,-5,2,-4,2,-4,2,-4,2,-4,2,-4,2,-3,2,-3,2,-3,0,0,0,0,0,0,0,0,0,0,0,0,0,0,17,-50,19,-49,14,-52,17,-52,19,-52,18,-51,11,-50,12,-54,15,-49,13,-48,9,-50,12,-51,11,-48,9,-47,11,-47,11,-49,11,-51,7,-49,9,-49,7,-48,8,-51,9,-48,6,-48,8,-48,8,-46,10,-48,9,-45,10,-42,10,-43,9,-43,9,-41,8,-40,9,-38,7,-41,10,-39,11,-40,10,-38,10,-41,12,-37,9,-32,10,-31,12,-29,11,-30,11,-30,9,-29,9,-29,10,-27,8,-29,13,-27,13,-24,8,-22,9,-26,13,-24,15,-22,12,-21,14,-19,14,-18,0,0,0,0,0,0,0,0,0,0,0,0,0,0,0,0,0,0,0,0,0,0,4,-17,5,-21,6,-25,11,-23,14,-23,20,-23,22,-28,27,-26,30,-25,34,-28,40,-25,46,-24,46,-20,55,-19,56,-21,58,-14,59,-13,63,-8,65,-8,69,-2,66,0,71,5,68,10,68,15,71,18,71,17,64,19,65,24,64,23,66,23,59,23,66,24,63,25,61,23,60,27,61,27,59,29,58,28,58,28,60,23,60,28,58,25,59,26,58,22,56,24,60,27,56,29,53,25,57,25,57,25,60,28,58,25,56,23,56,23,58,25,60,22,58,19,0,0]"
CSI_DATA,105,2a:00:00:00:00:00,-45,11,1,0,1,1,1,0,0,0,1,-97,0,11,2,1656130,0,44,0,384,0,"[0,0,0,0,0,0,0,0,0,0,0,0,-10,0,-10,1,-9,1,-9,1,-9,1,-9,1,-9,2,-9,1,-9,1,-9,1,-9,2,-9,2,-9,2,-9,1,-9,2,-9,2,-9,2,-9,2,-9,2,-8,1,-8,1,-8,1,-8,1,-8,1,-8,1,-8,1,0,0,-8,1,-7,1,-8,1,-7,1,-7,0,-7,0,-6,1,-6,0,-7,0,-7,0,-6,0,-6,0,-6,0,-5,0,-6,0,-5,0,-5,0,-5,0,-5,0,-5,-1,-5,-1,-5,-1,-5,-1,-4,-1,-4,-1,-4,-1,0,0,0,0,0,0,0,0,0,0,0,0,0,0,-49,-8,-48,-5,-52,-1,-50,-1,-49,-1,-51,-1,-45,4,-48,2,-45,0,-47,4,-47,1,-46,4,-52,4,-44,4,-50,7,-49,9,-47,9,-46,7,-47,5,-48,3,-48,7,-45,9,-44,7,-42,4,-41,3,-43,4,-41,6,-43,7,-43,2,-42,6,-39,0,-43,3,-38,0,-34,3,-37,-2,-35,1,-34,2,-32,3,-34,0,-35,1,-33,1,-33,1,-31,0,-32,1,-27,-3,-28,0,-29,-3,-23,-2,-31,-5,-24,-4,-25,-5,-24,-6,-23,-4,-22,-5,-22,-6,-22,-8,-20,-10,0,0,0,0,0,0,0,0,0,0,0,0,0,0,0,0,0,0,0,0,0,0,-21,5,-24,1,-23,2,-31,0,-30,-5,-33,-7,-33,-11,-34,-15,-39,-20,-38,-20,-41,-26,-41,-34,-43,-35,-44,-40,-40,-46,-37,-49,-34,-54,-34,-56,-33,-58,-27,-66,-23,-65,-18,-70,-18,-72,-16,-71,-14,-69,-12,-73,-9,-72,-3,-70,0,-68,1,-70,2,-72,4,-70,5,-69,8,-64,5,-68,8,-67,3,-62,2,-66,7,-65,4,-64,3,-64,5,-64,6,-61,5,-62,3,-61,9,-63,11,-63,9,-59,6,-64,8,-57,7,-56,1,-60,6,-65,1,-58,6,-57,5,-60,6,-56,0,0]"
CSI_DATA,106,2a:00:00:00:00:00,-47,11,1,0,1,1,1,0,0,0,1,-97,0,11,2,1679902,0,44,0,384,0,"[0,0,0,0,0,0,0,0,0,0,0,0,-2,-8,-1,-9,-2,-8,-2,-9,-2,-8,-2,-8,-2,-8,-3,-8,-3,-8,-3,-8,-3,-8,-3,-8,-3,-8,-3,-8,-3,-8,-3,-8,-3,-8,-3,-7,-3,-8,-3,-8,-3,-7,-3,-8,-3,-7,-3,-7,-3,-7,-3,-7,0,0,-2,-7,-3,-7,-3,-7,-2,-6,-2,-6,-2,-6,-2,-6,-2,-6,-2,-5,-2,-6,-2,-5,-2,-6,-1,-5,-2,-6,-2,-5,-1,-5,-1,-5,-1,-5,-1,-5,-1,-4,-1,-4,0,-5,0,-5,0,-4,0,-4,0,-4,0,0,0,0,0,0,0,0,0,0,0,0,0,0,-15,-47,-11,-47,-15,-47,-13,-46,-16,-39,-19,-43,-13,-44,-17,-38,-15,-38,-15,-35,-16,-35,-24,-35,-23,-37,-20,-36,-21,-35,-20,-37,-18,-38,-20,-39,-18,-35,-23,-37,-20,-33,-21,-36,-21,-34,-17,-35,-18,-36,-19,-35,-17,-31,-19,-31,-17,-33,-21,-30,-14,-30,-17,-30,-16,-31,-16,-32,-14,-28,-15,-29,-14,-28,-16,-31,-14,-27,-14,-25,-12,-23,-13,-28,-10,-28,-10,-22,-10,-27,-13,-28,-12,-25,-11,-23,-7,-21,-6,-22,-6,-19,-6,-23,-4,-22,-6,-23,-3,-21,-1,-22,0,-21,0,0,0,0,0,0,0,0,0,0,0,0,0,0,0,0,0,0,0,0,0,0,-14,-21,-15,-25,-16,-26,-12,-31,-11,-32,-7,-37,-6,-36,-4,-41,3,-48,4,-48,10,-56,11,-54,18,-57,21,-59,26,-59,32,-59,35,-57,40,-56,46,-55,48,-51,56,-51,62,-49,60,-46,68,-42,65,-39,66,-34,66,-32,70,-29,67,-28,70,-25,65,-23,63,-22,68,-21,68,-19,67,-21,66,-17,64,-17,65,-13,65,-14,62,-12,65,-17,60,-18,62,-15,63,-13,60,-11,61,-19,62,-12,61,-12,63,-15,58,-18,57,-9,58,-12,55,-9,52,-10,56,-10,53,-14,54,-10,0,0]"
CSI_DATA,107,2a:00:00:00:00:00,-47,11,1,0,1,1,1,0,0,0,1,-97,0,11,2,1688634,0,44,0,384,0,"[0,0,0,0,0,0,0,0,0,0,0,0,-1,7,-1,7,0,7,-1,7,0,7,0,6,0,7,0,7,0,7,0,7,0,7,0,7,1,7,0,7,1,7,0,7,0,6,0,6,1,6,0,7,0,6,1,6,0,6,0,6,0,6,0,5,0,0,0,5,0,5,0,6,0,5,0,5,0,5,0,5,0,5,0,5,0,4,0,4,-1,5,-1,5,-1,4,0,4,-1,4,-1,4,-1,4,-1,4,-1,3,-1,3,-2,3,-2,3,-2,3,-2,3,-2,3,0,0,0,0,0,0,0,0,0,0,0,0,0,0,-14,43,-14,42,-11,44,-12,44,-9,43,-7,37,-8,41,-5,42,-3,41,-5,38,-1,38,-2,40,-4,38,-1,40,-2,40,0,39,-1,43,1,40,0,42,-4,41,-1,38,-3,36,2,36,1,41,-4,38,-3,37,-3,35,-2,37,-2,40,4,32,2,33,1,34,-3,36,-5,30,-2,29,-6,28,-2,33,-5,31,-5,31,-3,26,-2,28,-1,23,-5,29,-6,25,-8,24,-4,26,-7,23,-8,24,-6,25,-7,21,-10,23,-8,21,-12,22,-10,20,-11,15,-11,15,-13,16,0,0,0,0,0,0,0,0,0,0,0,0,0,0,0,0,0,0,0,0,0,0,11,22,9,25,2,28,0,32,-3,37,-6,39,-11,39,-12,40,-17,43,-24,46,-31,46,-30,47,-38,49,-43,46,-47,46,-53,43,-59,35,-63,39,-69,33,-72,29,-71,27,-74,20,-79,16,-77,14,-75,9,-77,5,-75,0,-72,0,-75,-5,-77,-5,-75,-10,-72,-5,-71,-11,-70,-13,-71,-13,-69,-13,-68,-12,-66,-13,-67,-13,-67,-13,-61,-15,-62,-14,-63,-16,-64,-14,-64,-14,-56,-18,-58,-22,-56,-15,-60,-20,-57,-17,-58,-15,-54,-13,-52,-15,-54,-20,-52,-20,-53,-15,-49,-20,0,0]"
CSI_DATA,108,2a:00:00:00:00:00,-47,11,1,0,1,1,1,0,0,0,1,-97,0,11,2,1696154,0,44,0,384,0,"[0,0,0,0,0,0,0,0,0,0,0,0,-6,-6,-6,-6,-7,-5,-7,-6,-6,-5,-7,-5,-7,-5,-7,-4,-7,-5,-6,-5,-7,-5,-7,-4,-7,-5,-7,-5,-7,-5,-7,-4,-7,-4,-7,-4,-7,-4,-7,-5,-6,-5,-7,-5,-6,-4,-6,-4,-6,-4,-6,-4,0,0,-6,-4,-6,-4,-6,-4,-5,-3,-5,-4,-5,-3,-5,-4,-5,-3,-6,-3,-5,-3,-5,-3,-5,-3,-5,-3,-4,-3,-5,-4,-4,-4,-4,-3,-4,-4,-4,-4,-4,-4,-3,-4,-3,-4,-3,-3,-3,-4,-2,-4,-2,-4,0,0,0,0,0,0,0,0,0,0,0,0,0,0,-21,-40,-18,-43,-24,-42,-24,-37,-27,-41,-27,-35,-27,-33,-22,-34,-32,-33,-32,-33,-25,-35,-30,-32,-26,-31,-30,-31,-28,-29,-30,-30,-32,-28,-29,-32,-31,-31,-28,-34,-31,-34,-31,-30,-28,-26,-27,-30,-27,-28,-26,-30,-30,-27,-26,-28,-25,-27,-24,-27,-23,-25,-26,-27,-24,-26,-19,-23,-21,-27,-19,-26,-22,-21,-24,-22,-19,-21,-20,-25,-21,-23,-19,-24,-18,-19,-17,-23,-20,-26,-19,-24,-15,-23,-15,-22,-15,-26,-16,-20,-11,-23,-11,-20,-9,-18,-9,-17,-13,-25,-7,-22,-6,-21,0,0,0,0,0,0,0,0,0,0,0,0,0,0,0,0,0,0,0,0,0,0,-23,-14,-20,-16,-19,-23,-22,-21,-17,-26,-17,-29,-19,-39,-18,-44,-14,-49,-14,-51,-6,-53,-1,-60,2,-61,1,-69,7,-62,14,-66,24,-62,24,-67,24,-65,39,-64,35,-68,48,-65,44,-65,47,-58,55,-58,58,-57,59,-50,60,-50,59,-50,58,-40,61,-41,60,-39,64,-38,62,-37,59,-38,60,-33,57,-33,58,-35,57,-29,55,-32,58,-33,58,-32,56,-31,60,-32,55,-29,50,-24,54,-29,53,-29,56,-25,55,-25,48,-25,54,-29,52,-24,43,-28,53,-24,49,-23,48,-27,0,0]"
CSI_DATA,109,2a:00:00:00:00:00,-48,11,1,0,1,1,1,0,0,0,1,-97,0,11,2,1706099,0,44,0,384,0,"[0,0,0,0,0,0,0,0,0,0,0,0,-3,7,-3,7,-2,7,-2,7,-2,7,-2,7,-2,7,-2,7,-1,7,-1,7,-2,7,-2,7,-1,7,-2,7,-1,7,-1,7,-1,7,-1,7,-1,7,-1,7,-1,7,-1,7,-2,6,-1,7,-1,6,-2,6,0,0,-1,6,-1,6,-1,6,-1,5,-1,5,-1,6,-1,5,-1,5,-1,5,-1,5,-1,5,-1,5,-1,5,-1,4,-1,4,-1,4,-2,4,-2,3,-2,4,-2,3,-2,3,-2,3,-2,3,-2,3,-2,3,-2,2,0,0,0,0,0,0,0,0,0,0,0,0,0,0,-11,40,-18,44,-11,43,-7,42,-9,40,-13,43,-7,40,-6,43,-2,40,-5,43,-4,39,0,42,-3,40,-3,41,-3,41,-4,44,2,46,3,40,1,44,-1,43,-1,44,0,41,-2,45,2,44,-1,41,-1,41,-3,35,0,38,-2,36,0,35,2,34,1,35,-1,29,-2,35,-4,32,-1,34,0,31,1,34,1,32,1,26,-1,29,1,26,-4,30,2,27,-2,32,-4,28,0,26,-7,27,-6,27,-2,30,-4,23,-8,23,-6,28,-10,17,-10,19,-8,19,-11,17,0,0,0,0,0,0,0,0,0,0,0,0,0,0,0,0,0,0,0,0,0,0,3,21,-3,27,-5,28,-5,33,-9,31,-14,35,-17,40,-21,34,-27,40,-28,38,-37,40,-39,39,-46,37,-52,35,-59,35,-60,26,-66,29,-64,20,-75,25,-73,16,-73,13,-82,11,-77,4,-76,-3,-80,-10,-79,-9,-75,-13,-77,-16,-71,-16,-77,-20,-69,-18,-76,-22,-70,-16,-71,-18,-71,-20,-69,-20,-63,-20,-61,-24,-62,-24,-63,-26,-64,-26,-57,-21,-61,-26,-59,-27,-58,-25,-55,-24,-59,-23,-58,-18,-59,-19,-54,-21,-53,-21,-53,-23,-51,-22,-51,-16,-56,-18,-59,-21,-50,-21,0,0]"
CSI_DATA,110,2a:00:00:00:00:00,-47,11,1,0,1,1,1,0,0,0,1,-97,0,11,2,1718207,0,44,0,384,0,"[0,0,0,0,0,0,0,0,0,0,0,0,7,-5,7,-5,6,-5,6,-5,6,-5,6,-6,6,-6,6,-6,6,-6,6,-6,6,-6,6,-6,6,-6,6,-6,6,-7,6,-7,6,-7,6,-7,5,-6,5,-6,6,-6,5,-5,6,-5,5,-5,5,-5,5,-5,0,0,5,-5,5,-5,5,-5,5,-5,4,-4,5,-4,4,-5,4,-4,5,-4,4,-4,4,-3,4,-4,4,-3,4,-4,4,-3,4,-3,3,-3,4,-2,4,-3,4,-2,3,-2,3,-2,4,-2,4,-2,3,-2,4,-1,0,0,0,0,0,0,0,0,0,0,0,0,0,0,43,-32,41,-22,42,-24,40,-25,39,-31,34,-28,36,-31,35,-29,30,-31,34,-29,27,-33,33,-37,29,-33,33,-35,32,-36,28,-30,31,-39,28,-33,31,-36,30,-38,35,-31,31,-36,30,-35,30,-33,30,-29,27,-31,31,-30,29,-31,28,-30,29,-29,31,-30,30,-29,23,-26,25,-31,29,-26,25,-24,21,-25,25,-25,24,-26,19,-22,24,-21,22,-19,20,-21,22,-20,19,-15,24,-16,23,-16,24,-17,25,-15,24,-13,17,-14,18,-14,21,-10,21,-10,20,-11,22,-5,19,-7,0,0,0,0,0,0,0,0,0,0,0,0,0,0,0,0,0,0,0,0,0,0,12,-20,17,-20,16,-21,23,-26,23,-15,29,-15,32,-14,38,-13,42,-17,46,-12,56,-9,53,-3,57,-3,54,5,63,5,65,12,66,18,63,30,62,23,65,30,62,39,64,41,63,47,55,50,52,56,55,54,50,56,48,58,46,57,40,56,41,58,40,60,42,59,39,61,35,59,31,60,33,57,31,61,33,59,30,57,31,59,31,56,34,55,32,55,27,58,31,50,27,51,32,55,28,54,29,51,30,51,27,46,25,50,28,51,27,49,31,47,28,45,0,0]"
CSI_DATA,111,2a:00:00:00:00:00,-48,11,1,0,1,1,1,0,0,0,1,-97,0,11,2,1726131,0,44,0,384,0,"[0,0,0,0,0,0,0,0,0,0,0,0,-4,8,-4,8,-3,7,-3,8,-3,8,-3,8,-3,7,-3,8,-3,8,-2,7,-3,8,-3,8,-2,8,-2,8,-3,8,-2,8,-3,8,-3,8,-2,8,-2,8,-3,7,-3,7,-3,7,-2,7,-3,7,-3,6,0,0,-3,6,-2,6,-2,6,-3,6,-3,6,-2,6,-3,6,-3,6,-3,5,-3,4,-3,5,-3,5,-3,4,-3,4,-3,4,-3,4,-3,4,-2,3,-3,3,-3,3,-3,3,-3,3,-3,3,-3,3,-3,2,-3,2,0,0,0,0,0,0,0,0,0,0,0,0,0,0,-22,49,-23,43,-19,42,-18,44,-20,41,-20,43,-11,43,-11,45,-13,40,-14,42,-15,38,-11,41,-12,46,-13,39,-11,40,-6,44,-12,50,-10,44,-12,45,-10,45,-13,49,-15,44,-11,50,-10,42,-14,42,-13,41,-16,41,-13,37,-13,37,-12,36,-13,35,-19,35,-15,37,-10,38,-10,32,-16,34,-13,35,-16,30,-12,28,-14,28,-9,30,-15,24,-16,28,-13,23,-17,25,-16,23,-13,22,-15,21,-14,21,-14,17,-14,17,-17,17,-17,15,-14,14,-18,17,-14,14,-16,11,0,0,0,0,0,0,0,0,0,0,0,0,0,0,0,0,0,0,0,0,0,0,2,18,-2,20,-1,24,-9,25,-12,28,-16,28,-13,30,-23,30,-24,33,-28,31,-33,34,-39,32,-42,33,-48,29,-59,30,-58,25,-64,26,-63,20,-67,14,-74,6,-71,10,-73,2,-72,-6,-73,-2,-72,-13,-75,-15,-75,-20,-71,-19,-70,-19,-70,-25,-67,-24,-74,-26,-67,-27,-61,-24,-64,-30,-63,-30,-60,-30,-64,-28,-59,-32,-65,-30,-62,-31,-59,-33,-59,-30,-60,-32,-58,-36,-51,-31,-49,-29,-53,-31,-56,-34,-48,-25,-58,-29,-48,-30,-47,-32,-52,-27,-50,-31,-49,-29,-49,-29,0,0]"
CSI_DATA,112,2a:00:00:00:00:00,-47,11,1,0,1,1,1,0,0,0,1,-97,0,11,2,1736161,0,44,0,384,0,"[0,0,0,0,0,0,0,0,0,0,0,0,5,-7,4,-8,4,-8,4,-7,3,-7,4,-8,4,-7,3,-7,4,-7,3,-7,3,-8,3,-8,3,-8,3,-8,3,-8,3,-8,3,-8,3,-8,2,-8,3,-8,3,-8,3,-7,3,-7,3,-8,3,-7,3,-7,0,0,3,-6,3,-6,3,-7,3,-6,3,-6,3,-6,3,-5,2,-5,3,-5,2,-5,3,-5,2,-5,2,-5,2,-5,2,-4,2,-4,2,-4,2,-4,2,-3,2,-3,2,-3,2,-3,2,-3,2,-3,2,-3,2,-3,0,0,0,0,0,0,0,0,0,0,0,0,0,0,39,-32,44,-39,36,-35,35,-34,39,-33,30,-35,33,-38,28,-28,27,-40,33,-37,27,-38,26,-35,25,-38,31,-39,27,-31,28,-36,30,-42,27,-39,21,-40,25,-40,26,-42,24,-41,29,-40,29,-40,28,-35,28,-38,26,-33,23,-35,25,-39,31,-34,26,-31,25,-28,21,-37,24,-31,22,-26,27,-29,27,-28,19,-25,22,-23,21,-22,23,-23,23,-19,24,-22,22,-21,22,-19,17,-16,18,-18,21,-16,22,-17,19,-14,17,-18,19,-12,16,-15,19,-10,18,-9,17,-9,18,-6,0,0,0,0,0,0,0,0,0,0,0,0,0,0,0,0,0,0,0,0,0,0,3,-13,6,-17,10,-17,13,-19,16,-20,21,-21,23,-21,25,-22,32,-18,40,-15,39,-15,45,-14,50,-11,55,-10,58,-3,59,-4,66,4,64,11,64,7,66,17,67,23,64,28,65,32,65,32,61,38,60,42,56,45,59,47,59,48,56,50,52,52,52,55,49,51,48,52,44,56,44,54,42,55,43,52,45,52,45,50,42,49,47,49,40,51,46,49,37,54,42,47,35,48,42,51,39,45,35,48,34,49,34,49,32,44,35,49,37,45,33,45,40,46,0,0]"
CSI_DATA,113,2a:00:00:00:00:00,-46,11,1,0,1,1,1,0,0,0,1,-97,0,11,2,1766129,0,44,0,384,0,"[0,0,0,0,0,0,0,0,0,0,0,0,-10,-5,-10,-4,-10,-4,-9,-4,-10,-5,-9,-4,-9,-4,-9,-3,-10,-4,-9,-3,-10,-3,-10,-2,-10,-3,-10,-3,-9,-3,-10,-2,-10,-2,-10,-2,-9,-3,-10,-3,-9,-3,-10,-3,-9,-3,-9,-3,-9,-3,-9,-3,0,0,-9,-3,-8,-4,-8,-3,-8,-3,-8,-4,-7,-3,-7,-4,-7,-4,-6,-4,-7,-3,-7,-4,-6,-4,-6,-3,-5,-3,-5,-4,-5,-3,-5,-3,-5,-3,-4,-3,-4,-3,-4,-3,-4,-3,-3,-3,-3,-3,-3,-3,-3,-3,0,0,0,0,0,0,0,0,0,0,0,0,0,0,-56,-27,-51,-25,-53,-22,-55,-24,-55,-27,-56,-26,-46,-23,-52,-22,-50,-21,-54,-17,-48,-12,-49,-15,-53,-13,-48,-14,-52,-13,-50,-10,-52,-11,-49,-14,-53,-11,-50,-10,-52,-8,-53,-9,-53,-13,-50,-10,-51,-11,-51,-11,-48,-11,-51,-13,-47,-11,-51,-11,-51,-17,-48,-13,-40,-13,-45,-14,-40,-11,-40,-13,-39,-18,-40,-17,-36,-15,-34,-17,-37,-17,-35,-19,-29,-16,-32,-15,-30,-19,-26,-17,-27,-15,-27,-12,-24,-18,-20,-14,-19,-16,-22,-12,-22,-16,-19,-14,-17,-15,-15,-18,-16,-15,0,0,0,0,0,0,0,0,0,0,0,0,0,0,0,0,0,0,0,0,0,0,-11,1,-14,-1,-11,-3,-18,-4,-14,-6,-17,-11,-22,-16,-23,-19,-25,-20,-24,-19,-27,-28,-29,-33,-27,-36,-26,-43,-20,-45,-19,-50,-16,-58,-15,-57,-13,-59,-11,-65,-8,-63,0,-68,1,-67,8,-65,12,-66,11,-69,15,-70,20,-70,20,-69,23,-70,22,-61,24,-67,26,-68,26,-63,24,-63,27,-60,26,-61,29,-66,29,-63,30,-64,27,-67,26,-63,29,-63,28,-61,27,-58,21,-63,25,-60,27,-63,23,-65,27,-60,33,-59,28,-67,29,-62,27,-56,30,-59,27,-61,27,-60,0,0]"
CSI_DATA,114,2a:00:00:00:00:00,-45,11,1,0,1,1,1,0,0,0,1,-97,0,11,2,1776154,0,44,0,384,0,"[0,0,0,0,0,0,0,0,0,0,0,0,9,4,8,4,8,4,8,4,8,4,8,3,8,3,8,3,8,3,8,3,8,3,9,2,8,2,8,2,8,2,8,2,8,2,8,2,8,2,8,2,8,2,8,2,8,2,8,2,8,2,8,2,0,0,7,2,7,3,7,3,7,3,6,3,6,3,6,3,5,3,5,3,5,3,5,3,4,3,4,3,4,3,4,3,4,3,4,2,3,3,3,3,3,3,3,3,2,2,2,2,2,2,2,2,2,2,0,0,0,0,0,0,0,0,0,0,0,0,0,0,44,38,49,37,48,38,46,31,44,35,44,38,43,32,39,32,40,30,45,31,42,30,43,22,46,27,40,20,41,21,45,24,41,24,45,19,45,26,46,21,51,21,48,20,44,18,42,21,43,20,43,26,45,19,41,20,40,18,46,22,41,24,44,21,37,23,38,26,37,22,35,23,33,21,34,22,30,19,32,22,29,20,26,24,24,20,23,22,25,22,23,23,22,20,18,18,16,18,17,19,19,17,16,20,15,17,12,17,11,13,14,17,11,17,0,0,0,0,0,0,0,0,0,0,0,0,0,0,0,0,0,0,0,0,0,0,6,6,9,5,13,9,10,10,12,13,13,15,16,16,12,22,14,30,11,28,8,37,8,43,1,46,16,45,1,42,-4,52,-2,54,-7,54,-6,55,-12,58,-13,61,-23,63,-21,59,-29,57,-32,56,-35,62,-33,58,-39,57,-35,51,-39,55,-39,51,-41,51,-42,47,-40,51,-43,52,-44,50,-42,52,-43,51,-43,44,-45,49,-48,49,-39,48,-46,50,-41,52,-40,49,-40,53,-34,49,-42,50,-40,48,-38,52,-42,42,-45,52,-40,56,-35,47,-39,49,-44,49,-38,45,0,0]"
CSI_DATA,115,2a:00:00:00:00:00,-45,11,1,0,1,1,1,0,0,0,1,-97,0,11,2,1807889,0,44,0,384,0,"[0,0,0,0,0,0,0,0,0,0,0,0,-9,-8,-9,-8,-9,-7,-9,-7,-9,-7,-9,-7,-9,-6,-9,-6,-10,-6,-9,-6,-10,-6,-10,-6,-9,-6,-10,-5,-9,-5,-10,-5,-10,-5,-10,-5,-10,-5,-10,-5,-9,-5,-9,-5,-10,-5,-10,-5,-9,-5,-9,-5,0,0,-9,-5,-9,-5,-9,-5,-9,-6,-8,-5,-8,-6,-8,-5,-7,-5,-7,-5,-7,-5,-7,-5,-6,-5,-6,-5,-5,-5,-6,-5,-6,-5,-5,-5,-5,-5,-5,-5,-4,-4,-4,-5,-4,-5,-4,-4,-3,-5,-3,-4,-2,-4,0,0,0,0,0,0,0,0,0,0,0,0,0,0,-48,-44,-53,-41,-51,-40,-54,-37,-51,-37,-47,-35,-51,-35,-48,-35,-50,-36,-48,-35,-54,-29,-46,-29,-50,-31,-49,-31,-50,-31,-55,-26,-54,-26,-48,-30,-52,-23,-54,-23,-60,-21,-55,-22,-51,-28,-48,-25,-54,-26,-53,-27,-56,-24,-53,-26,-53,-26,-50,-20,-51,-23,-52,-24,-47,-25,-50,-26,-46,-23,-44,-25,-45,-23,-41,-23,-42,-25,-36,-28,-41,-28,-41,-23,-31,-24,-31,-25,-30,-26,-35,-26,-30,-25,-30,-25,-28,-25,-26,-23,-25,-22,-22,-22,-23,-24,-19,-21,-17,-22,-15,-23,-15,-22,0,0,0,0,0,0,0,0,0,0,0,0,0,0,0,0,0,0,0,0,0,0,7,-5,8,-7,6,-5,7,-8,3,-14,1,-16,1,-15,3,-20,4,-21,2,-23,5,-29,9,-32,11,-36,13,-38,15,-35,20,-38,25,-43,23,-43,28,-44,31,-46,35,-41,35,-44,40,-45,42,-45,41,-41,44,-41,48,-40,46,-41,48,-42,51,-44,45,-39,49,-37,51,-35,50,-34,48,-38,48,-38,50,-38,45,-37,51,-38,47,-39,41,-40,48,-45,45,-44,44,-43,46,-39,48,-46,42,-43,42,-45,44,-46,44,-46,47,-50,43,-52,45,-53,39,-49,47,-53,41,-56,48,-52,0,0]"
CSI_DATA,116,2a:00:00:00:00:00,-44,11,1,0,1,1,1,0,0,0,1,-97,0,11,2,1820728,0,44,0,384,0,"[0,0,0,0,0,0,0,0,0,0,0,0,-11,3,-11,4,-11,4,-10,3,-11,3,-10,3,-10,4,-10,4,-10,4,-10,4,-10,4,-10,4,-10,4,-10,4,-9,4,-10,5,-10,5,-10,5,-9,4,-9,5,-9,4,-10,4,-10,5,-9,4,-9,4,-9,4,0,0,-9,4,-9,3,-9,3,-9,3,-8,2,-8,3,-8,2,-8,2,-8,2,-8,2,-8,1,-7,1,-7,1,-7,1,-7,1,-7,1,-6,1,-6,0,-6,0,-6,0,-5,0,-5,0,-5,0,-5,0,-5,-1,-5,-1,0,0,0,0,0,0,0,0,0,0,0,0,0,0,-62,15,-63,16,-59,16,-60,19,-64,19,-56,15,-54,16,-54,20,-51,19,-52,18,-56,20,-51,19,-52,23,-49,19,-52,26,-49,24,-52,25,-52,24,-51,23,-51,26,-51,24,-54,26,-45,27,-49,27,-48,23,-47,26,-50,24,-49,22,-46,25,-47,21,-48,24,-47,24,-45,19,-46,21,-44,24,-42,19,-42,18,-42,14,-41,15,-45,17,-43,11,-41,9,-41,8,-37,14,-32,12,-36,6,-34,6,-33,9,-28,2,-30,2,-33,3,-27,1,-26,4,-25,2,-25,-1,-22,-1,-24,-1,0,0,0,0,0,0,0,0,0,0,0,0,0,0,0,0,0,0,0,0,0,0,-9,-4,-10,1,-12,-4,-15,-2,-17,-7,-18,-7,-22,-8,-23,-11,-27,-17,-28,-21,-27,-21,-30,-28,-32,-30,-32,-30,-31,-37,-28,-43,-29,-44,-28,-42,-29,-46,-25,-52,-23,-51,-21,-56,-19,-61,-16,-61,-9,-62,-10,-66,-11,-68,-10,-62,-9,-63,-9,-62,-7,-63,-7,-62,-6,-64,-7,-64,-5,-64,-5,-63,-6,-60,-8,-62,-6,-60,-12,-65,-9,-62,-12,-60,-8,-61,-14,-65,-11,-59,-7,-67,-8,-62,-11,-61,-10,-64,-13,-64,-10,-65,-15,-64,-14,-58,-15,-58,-16,-65,-14,-64,-15,-66,0,0]"
CSI_DATA,117,2a:00:00:00:00:00,-43,11,1,0,1,1,1,0,0,0,1,-97,0,11,2,1826139,0,44,0,384,0,"[0,0,0,0,0,0,0,0,0,0,0,0,1,-11,1,-11,0,-11,1,-10,1,-11,0,-10,0,-10,0,-10,0,-10,0,-10,0,-10,0,-10,-1,-10,-1,-11,-1,-10,-1,-10,-1,-10,-1,-10,-1,-10,-1,-10,-1,-10,-1,-10,0,-10,-1,-10,-1,-10,0,-9,0,0,-1,-10,0,-9,-1,-9,0,-9,0,-9,0,-9,0,-9,0,-8,1,-8,1,-7,1,-7,1,-7,1,-7,1,-7,1,-6,1,-6,1,-6,1,-6,1,-5,1,-5,1,-5,1,-5,1,-5,2,-4,2,-4,2,-4,0,0,0,0,0,0,0,0,0,0,0,0,0,0,14,-57,10,-60,12,-58,10,-59,8,-61,6,-54,9,-60,5,-58,5,-55,1,-54,6,-51,3,-56,6,-56,1,-58,0,-55,-3,-58,-5,-54,-7,-56,-7,-55,-2,-56,-1,-58,-3,-55,-4,-51,-3,-51,-4,-51,-3,-53,-6,-52,-6,-51,-6,-49,-5,-53,-7,-48,-4,-52,-2,-53,-3,-45,0,-48,4,-46,5,-44,0,-44,3,-44,4,-42,3,-42,2,-36,1,-38,1,-41,4,-37,3,-37,3,-32,8,-38,6,-27,5,-28,7,-31,8,-26,7,-25,10,-25,7,-24,8,-22,10,-20,0,0,0,0,0,0,0,0,0,0,0,0,0,0,0,0,0,0,0,0,0,0,9,-6,12,-11,13,-15,15,-15,18,-15,16,-15,20,-13,26,-16,28,-14,32,-15,35,-14,38,-15,39,-14,45,-14,46,-8,50,-4,50,-4,52,2,50,1,57,5,57,9,61,10,61,10,61,13,61,15,60,18,61,18,60,21,61,23,57,20,59,23,55,20,55,26,55,24,56,26,54,22,58,24,52,18,61,28,59,22,55,24,58,20,54,22,61,16,54,17,61,21,59,19,53,19,60,14,63,19,59,16,61,8,59,16,58,11,63,13,62,15,63,14,0,0]"
CSI_DATA,118,2a:00:00:00:00:00,-43,11,1,0,1,1,1,0,0,0,1,-97,0,11,2,1836291,0,44,0,384,0,"[0,0,0,0,0,0,0,0,0,0,0,0,9,-5,9,-5,9,-5,8,-5,8,-5,8,-5,8,-5,8,-5,8,-5,8,-6,8,-6,8,-6,8,-6,7,-6,7,-6,8,-6,7,-6,7,-6,7,-6,7,-6,7,-5,7,-5,7,-6,6,-6,7,-6,7,-6,0,0,7,-5,7,-5,7,-5,7,-5,7,-4,6,-4,6,-4,6,-4,6,-4,6,-3,6,-3,6,-3,6,-3,6,-3,5,-3,6,-2,5,-2,5,-2,5,-2,5,-1,5,-1,4,-1,4,-1,4,-1,4,-1,4,0,0,0,0,0,0,0,0,0,0,0,0,0,0,0,52,-21,54,-18,51,-23,51,-21,52,-22,55,-23,47,-26,49,-26,46,-23,47,-26,48,-23,47,-26,45,-25,43,-28,44,-27,44,-31,43,-30,41,-31,43,-29,40,-31,47,-33,39,-28,40,-34,41,-28,41,-28,43,-32,40,-29,38,-30,38,-28,42,-28,42,-27,42,-27,35,-25,41,-28,40,-22,40,-22,41,-25,40,-23,39,-17,38,-20,33,-19,33,-14,33,-15,34,-16,34,-15,34,-12,34,-10,28,-12,28,-8,32,-8,28,-6,30,-6,24,-4,24,-4,23,-5,24,2,22,1,0,0,0,0,0,0,0,0,0,0,0,0,0,0,0,0,0,0,0,0,0,0,16,2,17,2,20,2,22,7,24,9,24,10,27,11,31,12,30,18,31,18,33,24,35,28,34,28,37,32,36,35,34,38,35,46,32,45,34,50,31,52,30,55,28,58,23,57,22,60,22,63,21,60,15,61,17,65,13,62,14,62,13,59,11,63,10,60,11,62,10,60,10,59,12,59,14,61,14,55,18,60,12,57,14,55,14,58,18,58,14,59,16,56,16,59,16,59,17,57,16,59,20,57,19,56,20,59,21,54,20,60,19,57,22,58,0,0]"
CSI_DATA,119,2a:00:00:00:00:00,-43,11,1,0,1,1,1,0,0,0,1,-97,0,11,2,1847747,0,44,0,384,0,"[0,0,0,0,0,0,0,0,0,0,0,0,9,4,8,4,8,4,8,4,8,4,8,3,8,3,8,3,8,3,8,3,8,2,8,2,8,2,8,2,8,2,8,2,8,2,8,2,8,2,8,2,8,2,8,2,8,2,8,2,8,2,8,2,0,0,8,2,7,2,7,2,7,2,7,2,7,3,6,2,6,2,6,2,6,2,6,2,5,2,5,2,5,2,5,3,4,2,4,2,4,3,3,3,3,2,3,2,2,3,2,2,2,2,2,2,2,2,0,0,0,0,0,0,0,0,0,0,0,0,0,0,44,39,42,37,45,39,45,37,47,37,46,33,44,37,45,32,45,29,44,31,42,31,44,24,47,29,44,25,44,23,45,26,47,27,43,22,46,25,44,24,51,22,45,20,47,17,43,23,42,23,44,23,45,19,43,20,45,19,43,18,44,21,49,20,39,22,40,23,40,20,36,21,36,25,35,22,34,21,36,20,30,21,29,22,29,23,28,20,25,23,28,20,21,21,20,21,21,20,18,21,19,21,14,22,14,18,10,19,10,18,10,18,9,19,0,0,0,0,0,0,0,0,0,0,0,0,0,0,0,0,0,0,0,0,0,0,1,21,4,23,-3,24,-3,28,-4,26,-1,32,-7,33,-5,35,-13,36,-10,39,-13,40,-21,41,-21,46,-25,49,-24,49,-30,44,-36,48,-35,48,-37,48,-42,48,-42,46,-47,46,-46,44,-49,42,-52,40,-52,42,-57,37,-54,41,-53,39,-54,36,-56,36,-56,38,-53,35,-51,34,-53,33,-52,36,-50,35,-51,34,-51,36,-52,39,-52,38,-46,37,-49,43,-51,41,-47,38,-45,37,-45,40,-48,43,-44,42,-48,40,-43,41,-47,43,-45,44,-41,44,-43,46,-46,48,-43,48,0,0]"
CSI_DATA,120,2a:00:00:00:00:00,-43,11,1,0,1,1,1,0,0,0,1,-97,0,11,2,1876144,0,44,0,384,0,"[0,0,0,0,0,0,0,0,0,0,0,0,-11,2,-11,2,-11,3,-11,2,-10,2,-10,3,-10,3,-10,3,-10,3,-10,3,-10,3,-10,3,-10,3,-9,3,-9,3,-10,3,-9,4,-9,3,-9,3,-9,3,-9,3,-9,3,-9,3,-8,3,-8,3,-9,3,0,0,-8,3,-8,3,-8,3,-8,3,-8,3,-8,2,-8,2,-7,2,-8,2,-8,2,-8,1,-7,1,-7,1,-6,1,-7,0,-6,0,-6,0,-6,0,-6,0,-5,0,-5,0,-5,0,-5,-1,-5,-1,-4,-1,-4,-1,0,0,0,0,0,0,0,0,0,0,0,0,0,0,-61,4,-61,4,-61,8,-63,5,-63,9,-56,7,-58,8,-55,11,-56,12,-53,10,-55,11,-55,9,-51,10,-53,13,-52,10,-54,17,-51,15,-53,14,-48,13,-50,15,-52,20,-53,14,-50,17,-48,18,-45,13,-45,13,-50,16,-44,17,-46,16,-44,17,-47,16,-48,14,-44,14,-44,13,-46,13,-41,11,-43,15,-41,12,-43,10,-43,7,-43,5,-39,6,-40,4,-36,6,-35,2,-36,1,-33,0,-36,3,-30,-2,-30,-1,-27,-3,-28,-2,-27,-5,-25,-2,-25,-3,-20,-10,-25,-7,0,0,0,0,0,0,0,0,0,0,0,0,0,0,0,0,0,0,0,0,0,0,-20,-14,-20,-17,-19,-16,-18,-20,-20,-22,-18,-28,-22,-27,-20,-32,-19,-33,-19,-38,-21,-40,-19,-46,-20,-48,-19,-50,-17,-57,-12,-57,-14,-58,-7,-59,-8,-61,-4,-63,0,-65,1,-65,1,-67,6,-66,6,-65,8,-67,10,-65,13,-64,11,-66,14,-63,14,-62,11,-58,12,-58,13,-58,12,-60,11,-60,10,-59,6,-60,8,-58,5,-59,5,-58,6,-59,4,-57,3,-60,-1,-58,2,-56,2,-57,1,-57,1,-61,-2,-62,0,-60,-3,-63,-4,-59,-2,-61,-4,-62,-3,-64,-6,-60,0,0]"
CSI_DATA,121,2a:00:00:00:00:00,-43,11,1,0,1,1,1,0,0,0,1,-97,0,11,2,1888162,0,44,0,384,0,"[0,0,0,0,0,0,0,0,0,0,0,0,-1,11,0,11,0,10,0,10,0,10,0,10,0,10,0,10,0,10,0,10,1,10,1,10,1,10,1,10,1,10,1,9,1,9,0,9,1,9,1,9,1,9,1,9,1,9,1,8,1,9,1,8,0,0,1,8,1,8,1,8,0,8,0,8,0,8,0,8,0,7,0,7,0,7,-1,7,-1,7,-1,7,-1,6,-1,6,-1,6,-2,6,-1,5,-2,5,-2,4,-2,4,-2,4,-2,4,-2,4,-2,3,-2,3,0,0,0,0,0,0,0,0,0,0,0,0,0,0,-11,58,-14,54,-12,59,-13,57,-12,58,-10,59,-8,54,-8,56,-8,57,-10,53,-9,55,-6,54,-8,54,-5,52,-8,54,-5,51,-6,52,-3,51,-4,54,-3,52,-5,54,-6,49,-3,52,0,50,-3,50,-1,49,-2,49,-2,47,-3,52,0,45,-1,48,-2,45,-2,46,-4,46,-3,43,-4,47,-5,46,-5,44,-5,45,-5,40,-9,40,-9,40,-9,40,-10,36,-13,33,-9,32,-11,31,-12,30,-11,29,-12,28,-11,28,-11,22,-12,19,-13,22,-13,19,-15,18,-13,15,0,0,0,0,0,0,0,0,0,0,0,0,0,0,0,0,0,0,0,0,0,0,-16,9,-21,13,-21,14,-26,12,-29,10,-30,13,-36,9,-39,10,-42,9,-40,7,-40,2,-53,6,-50,3,-57,-2,-55,-2,-55,-7,-60,-9,-60,-12,-61,-15,-63,-18,-61,-23,-62,-24,-60,-25,-59,-28,-58,-30,-59,-30,-55,-32,-56,-35,-52,-35,-56,-35,-52,-32,-52,-34,-49,-33,-51,-33,-52,-30,-49,-30,-48,-30,-49,-30,-49,-24,-50,-25,-51,-26,-51,-23,-54,-26,-53,-20,-53,-22,-53,-16,-50,-19,-57,-20,-54,-18,-57,-16,-55,-17,-56,-13,-58,-16,-57,-17,-60,-20,-63,-17,-58,-20,0,0]"
CSI_DATA,122,2a:00:00:00:00:00,-44,11,1,0,1,1,1,0,0,0,1,-97,0,11,2,1906914,0,44,0,384,0,"[0,0,0,0,0,0,0,0,0,0,0,0,-1,9,-1,9,-1,9,-1,10,-1,9,-1,9,-1,9,0,9,0,9,0,9,0,9,0,9,0,9,0,9,0,9,0,9,1,9,0,9,0,8,0,8,0,8,0,8,0,8,0,8,0,8,0,7,0,0,0,8,0,8,0,8,0,7,0,7,0,7,0,7,0,7,-1,7,-1,6,-1,6,-1,6,-1,6,-1,6,-2,5,-1,5,-2,5,-2,5,-2,5,-2,4,-2,4,-2,4,-2,3,-2,3,-2,3,-2,2,0,0,0,0,0,0,0,0,0,0,0,0,0,0,-19,51,-21,54,-19,56,-19,53,-18,56,-12,55,-17,53,-15,54,-10,54,-15,55,-16,54,-11,46,-18,53,-13,51,-11,51,-12,50,-13,53,-9,52,-10,49,-10,52,-10,47,-8,48,-4,47,-10,48,-11,45,-11,48,-7,48,-6,45,-5,47,-6,45,-5,48,-8,44,-7,44,-7,43,-6,44,-6,42,-9,43,-11,40,-13,40,-13,39,-13,37,-10,33,-11,35,-12,36,-15,34,-12,32,-15,30,-15,30,-18,23,-15,25,-14,24,-15,20,-17,20,-13,20,-15,17,-13,15,-14,14,0,0,0,0,0,0,0,0,0,0,0,0,0,0,0,0,0,0,0,0,0,0,-24,10,-26,9,-29,10,-31,7,-35,8,-36,4,-37,4,-41,1,-43,-1,-44,-4,-50,-6,-50,-8,-52,-11,-55,-9,-57,-14,-53,-24,-58,-25,-57,-23,-57,-27,-57,-33,-54,-37,-54,-39,-54,-39,-48,-35,-50,-44,-50,-43,-44,-42,-45,-45,-46,-40,-44,-44,-44,-43,-39,-43,-43,-38,-40,-45,-45,-42,-43,-40,-42,-40,-46,-37,-41,-33,-45,-34,-47,-35,-46,-32,-42,-31,-48,-31,-47,-29,-44,-34,-48,-28,-45,-28,-47,-28,-50,-28,-50,-25,-51,-26,-49,-26,-53,-24,-53,-25,-54,-24,-56,-24,0,0]"
CSI_DATA,123,2a:00:00:00:00:00,-45,11,1,0,1,1,1,0,0,0,1,-97,0,11,2,1916165,0,44,0,384,0,"[0,0,0,0,0,0,0,0,0,0,0,0,-9,-7,-9,-6,-9,-6,-9,-6,-9,-5,-9,-6,-9,-5,-9,-5,-9,-5,-9,-5,-9,-5,-9,-6,-9,-5,-8,-5,-9,-5,-9,-5,-9,-5,-9,-5,-9,-5,-8,-5,-8,-5,-9,-5,-8,-4,-8,-5,-8,-5,-8,-4,0,0,-8,-4,-7,-5,-8,-4,-8,-4,-7,-5,-7,-4,-7,-4,-7,-5,-7,-4,-6,-5,-6,-5,-5,-5,-5,-5,-5,-5,-5,-5,-5,-5,-4,-5,-4,-5,-4,-4,-4,-4,-3,-4,-3,-4,-2,-4,-2,-4,-2,-4,-2,-4,0,0,0,0,0,0,0,0,0,0,0,0,0,0,-44,-29,-48,-29,-50,-27,-52,-28,-51,-27,-43,-27,-50,-27,-45,-29,-49,-26,-48,-25,-49,-24,-49,-21,-51,-23,-49,-22,-49,-24,-51,-21,-49,-21,-50,-19,-43,-22,-51,-14,-49,-20,-49,-19,-48,-18,-47,-20,-45,-18,-46,-18,-46,-18,-44,-16,-41,-16,-44,-13,-42,-14,-41,-13,-41,-17,-40,-18,-38,-15,-39,-14,-40,-13,-38,-16,-43,-19,-38,-16,-38,-17,-34,-18,-30,-15,-29,-20,-26,-19,-33,-21,-30,-16,-23,-19,-25,-18,-23,-18,-22,-18,-20,-16,-16,-15,-17,-19,-17,-18,-16,-14,-12,-19,0,0,0,0,0,0,0,0,0,0,0,0,0,0,0,0,0,0,0,0,0,0,-3,-25,-3,-31,-1,-34,1,-34,1,-37,6,-37,8,-40,10,-44,12,-47,19,-47,15,-51,23,-51,26,-50,34,-52,35,-51,41,-51,43,-51,46,-49,48,-49,51,-49,49,-45,53,-44,58,-43,60,-41,58,-36,55,-35,55,-34,58,-31,59,-34,55,-31,55,-30,53,-29,52,-33,51,-27,53,-30,48,-29,49,-32,52,-32,47,-26,46,-32,46,-31,48,-38,45,-34,47,-38,42,-36,41,-39,40,-37,37,-42,38,-40,39,-39,37,-39,34,-38,34,-39,36,-41,35,-43,36,-44,34,-48,0,0]"
CSI_DATA,124,2a:00:00:00:00:00,-46,11,1,0,1,1,1,0,0,0,1,-97,0,11,2,1926124,0,44,0,384,0,"[0,0,0,0,0,0,0,0,0,0,0,0,2,7,2,7,3,7,3,7,3,7,2,7,3,7,3,7,3,7,3,7,3,7,3,7,4,7,3,7,3,7,3,7,3,7,3,7,3,7,3,7,3,7,3,6,3,6,3,6,3,6,3,6,0,0,3,6,3,6,3,6,2,5,2,6,3,6,2,6,2,5,2,5,2,5,1,5,1,5,1,5,1,5,1,4,0,4,0,4,0,4,0,4,0,3,-1,3,-1,3,-1,3,-1,2,-1,2,-1,2,0,0,0,0,0,0,0,0,0,0,0,0,0,0,8,48,13,50,14,45,9,49,17,48,14,46,14,47,18,48,17,45,20,44,18,44,16,47,18,42,17,42,18,44,21,41,24,40,27,43,22,46,20,43,25,43,19,36,27,40,19,39,22,41,20,40,19,37,23,40,23,38,23,37,24,33,22,34,21,33,21,39,19,28,18,36,17,38,14,38,15,37,17,32,12,30,12,29,9,31,14,29,9,33,7,24,6,30,4,28,4,25,4,24,-3,20,2,21,-1,22,1,18,-2,18,-1,19,-1,17,0,0,0,0,0,0,0,0,0,0,0,0,0,0,0,0,0,0,0,0,0,0,-17,28,-21,29,-24,25,-31,30,-31,28,-34,31,-39,23,-41,24,-46,22,-44,22,-51,24,-57,21,-63,22,-65,19,-67,17,-65,14,-72,3,-67,3,-74,2,-70,-4,-74,-5,-77,-9,-69,-8,-71,-13,-70,-15,-70,-17,-70,-14,-68,-18,-64,-19,-69,-18,-60,-20,-64,-22,-61,-20,-60,-22,-63,-18,-57,-22,-53,-14,-54,-9,-60,-11,-59,-10,-58,-14,-56,-10,-56,-6,-59,-8,-58,-8,-48,-1,-54,-5,-53,-7,-58,-3,-53,-5,-54,1,-50,2,-56,2,-47,6,-49,3,-57,6,-50,7,0,0]"
CSI_DATA,125,2a:00:00:00:00:00,-48,11,1,0,1,1,1,0,0,0,1,-97,0,11,2,1936226,0,44,0,384,0,"[0,0,0,0,0,0,0,0,0,0,0,0,-8,-2,-8,-2,-9,-2,-8,-2,-8,-2,-9,-1,-9,-1,-9,-1,-9,-1,-9,-1,-9,-1,-9,0,-9,-1,-9,-1,-8,-1,-9,0,-9,0,-9,0,-9,0,-8,-1,-8,-1,-8,-1,-8,0,-8,0,-8,0,-8,0,0,0,-8,0,-8,-1,-8,-1,-7,-1,-7,-1,-7,-1,-7,-1,-6,-2,-6,-1,-7,-1,-7,-1,-5,-1,-6,-1,-5,-1,-6,-2,-5,-1,-5,-2,-5,-2,-5,-2,-4,-2,-4,-2,-3,-2,-3,-2,-3,-2,-3,-2,-2,-2,0,0,0,0,0,0,0,0,0,0,0,0,0,0,-46,-17,-43,-14,-42,-8,-50,-13,-45,-11,-46,-6,-46,-4,-38,-2,-47,-3,-43,0,-44,-1,-49,-2,-40,2,-43,-1,-50,2,-50,1,-47,4,-45,3,-44,1,-45,5,-46,0,-42,3,-42,5,-43,-1,-46,6,-44,4,-40,5,-42,2,-41,3,-41,8,-44,4,-41,8,-41,2,-40,1,-37,2,-37,-1,-41,-4,-36,0,-38,-6,-35,-2,-41,-4,-38,-10,-29,-6,-34,-3,-27,-2,-28,-4,-34,-2,-25,-10,-22,-10,-26,-6,-23,-8,-21,-6,-21,-7,-15,-9,-15,-5,-15,-5,-10,-8,0,0,0,0,0,0,0,0,0,0,0,0,0,0,0,0,0,0,0,0,0,0,-22,-30,-22,-33,-20,-34,-15,-41,-16,-47,-12,-45,-9,-51,-4,-58,-3,-57,-1,-60,3,-65,5,-66,11,-67,13,-67,17,-64,18,-73,25,-70,26,-69,32,-69,35,-66,44,-67,40,-63,48,-65,46,-62,51,-57,46,-59,48,-50,52,-50,49,-53,46,-52,48,-47,47,-44,50,-46,45,-49,49,-44,41,-48,41,-47,41,-46,37,-44,42,-44,34,-39,35,-48,34,-50,34,-47,34,-46,33,-53,31,-49,32,-48,29,-44,28,-43,29,-47,20,-45,20,-47,22,-47,22,-48,19,-42,17,-45,0,0]"
CSI_DATA,126,2a:00:00:00:00:00,-49,11,1,0,1,1,1,0,0,0,1,-97,0,11,2,1948272,0,44,0,384,0,"[0,0,0,0,0,0,0,0,0,0,0,0,-7,-1,-7,-1,-7,0,-7,0,-7,0,-7,0,-7,1,-7,1,-7,1,-7,1,-8,1,-8,2,-8,1,-8,2,-8,1,-8,2,-8,2,-8,2,-8,2,-8,1,-8,1,-8,1,-8,1,-7,1,-7,1,-8,1,0,0,-7,1,-7,1,-7,1,-7,1,-7,1,-7,0,-7,0,-6,0,-7,0,-7,0,-6,0,-6,0,-6,0,-6,-1,-6,-1,-6,-1,-5,-1,-5,-1,-5,-2,-5,-2,-4,-2,-4,-2,-4,-2,-3,-2,-3,-2,-3,-2,0,0,0,0,0,0,0,0,0,0,0,0,0,0,-21,32,-19,37,-20,30,-18,31,-16,39,-13,34,-14,35,-13,36,-9,38,-10,40,-9,35,-7,37,-4,35,-6,37,-7,38,-8,39,-6,39,-3,36,-5,40,-4,45,-5,40,-3,38,-2,40,-3,38,-5,39,-4,37,-6,37,-4,40,-1,40,-4,32,-8,36,-9,38,-5,33,-4,37,-11,33,-6,35,-6,31,-7,34,-8,30,-9,30,-12,26,-10,26,-12,23,-9,29,-9,24,-10,24,-15,25,-10,21,-12,20,-13,19,-9,16,-11,12,-14,16,-14,13,-14,10,-13,10,-13,6,0,0,0,0,0,0,0,0,0,0,0,0,0,0,0,0,0,0,0,0,0,0,-31,21,-28,19,-34,20,-43,17,-46,18,-45,15,-49,13,-53,10,-59,6,-56,3,-64,-6,-67,-7,-69,-10,-69,-15,-73,-20,-68,-26,-71,-31,-64,-35,-72,-34,-69,-41,-70,-43,-66,-48,-63,-50,-59,-52,-58,-57,-55,-56,-47,-60,-47,-56,-46,-54,-46,-57,-46,-54,-46,-56,-43,-51,-47,-52,-46,-54,-43,-55,-43,-49,-41,-45,-37,-48,-39,-49,-43,-48,-41,-46,-39,-46,-39,-44,-38,-38,-41,-44,-40,-45,-36,-38,-41,-43,-33,-42,-33,-36,-36,-33,-38,-31,-39,-36,-31,-36,-40,-30,-34,-31,0,0]"
CSI_DATA,127,2a:00:00:00:00:00,-51,11,1,0,1,1,1,0,0,0,1,-97,0,11,2,1957287,0,44,0,384,0,"[0,0,0,0,0,0,0,0,0,0,0,0,-6,3,-6,3,-5,3,-5,3,-5,3,-5,4,-5,4,-5,4,-5,4,-4,5,-4,5,-4,5,-4,5,-4,5,-4,5,-4,6,-4,6,-5,6,-4,6,-4,5,-4,5,-4,5,-4,5,-4,5,-4,5,-4,5,0,0,-4,5,-4,5,-4,5,-5,5,-4,5,-4,5,-4,4,-4,4,-5,4,-5,4,-5,4,-4,4,-4,3,-4,3,-5,3,-5,3,-4,3,-5,2,-4,2,-4,1,-4,1,-4,1,-4,1,-4,0,-4,0,-3,0,0,0,0,0,0,0,0,0,0,0,0,0,0,0,7,38,4,34,7,37,5,36,10,31,7,30,10,32,18,27,14,28,17,26,18,29,21,25,24,24,24,22,19,26,24,25,24,26,27,26,23,27,32,30,25,27,29,29,25,28,22,27,23,28,28,25,24,26,22,28,23,28,26,28,21,26,23,27,24,28,21,29,20,25,17,24,21,26,18,24,17,27,17,24,22,26,15,26,15,25,14,23,13,27,8,25,8,26,10,25,4,23,6,20,4,18,4,20,3,19,1,21,0,16,-1,12,1,14,0,0,0,0,0,0,0,0,0,0,0,0,0,0,0,0,0,0,0,0,0,0,4,32,4,39,1,40,-6,39,-5,44,-14,45,-15,50,-20,50,-25,52,-29,49,-35,52,-41,50,-46,49,-50,48,-50,45,-60,48,-63,42,-64,39,-66,40,-71,36,-72,34,-74,26,-75,25,-75,21,-77,16,-79,12,-72,10,-74,3,-76,8,-77,8,-68,5,-66,3,-74,2,-69,5,-70,3,-66,4,-68,5,-65,3,-66,4,-64,2,-63,3,-68,6,-63,2,-64,1,-61,-6,-65,0,-60,4,-57,4,-58,2,-57,-1,-57,2,-54,-4,-48,2,-54,-2,-54,1,-46,3,-48,6,0,0]"
CSI_DATA,128,2a:00:00:00:00:00,-51,11,1,0,1,1,1,0,0,0,1,-97,0,11,2,1966120,0,44,0,384,0,"[0,0,0,0,0,0,0,0,0,0,0,0,-1,-7,-2,-7,-2,-7,-2,-7,-3,-7,-3,-6,-3,-6,-3,-6,-4,-6,-4,-6,-4,-6,-4,-6,-5,-6,-5,-6,-5,-6,-5,-6,-5,-6,-5,-6,-5,-6,-5,-6,-5,-6,-5,-6,-5,-6,-5,-6,-5,-6,-5,-6,0,0,-5,-6,-5,-6,-5,-6,-4,-6,-4,-6,-4,-6,-4,-6,-4,-6,-3,-6,-4,-6,-3,-6,-3,-6,-3,-6,-3,-6,-3,-6,-2,-5,-2,-6,-2,-5,-2,-5,-1,-5,-1,-5,-1,-5,0,-5,0,-4,0,-4,0,-4,0,0,0,0,0,0,0,0,0,0,0,0,0,0,-46,-16,-41,-21,-38,-13,-44,-10,-35,-10,-40,-7,-38,-4,-31,-6,-35,0,-36,0,-35,-1,-34,3,-38,3,-36,4,-37,9,-37,7,-35,4,-33,7,-37,7,-37,11,-40,9,-35,11,-39,11,-39,7,-40,10,-37,7,-38,8,-36,7,-35,1,-38,9,-38,10,-39,8,-35,7,-36,7,-38,4,-33,2,-34,2,-36,2,-31,-1,-34,2,-33,-2,-30,1,-29,3,-29,1,-30,1,-27,-2,-31,-1,-24,-4,-24,-10,-24,-7,-21,-9,-20,-9,-17,-10,-19,-10,-20,-5,-20,-13,-12,-10,0,0,0,0,0,0,0,0,0,0,0,0,0,0,0,0,0,0,0,0,0,0,-30,7,-34,2,-36,-2,-40,-5,-42,-8,-43,-11,-43,-20,-44,-24,-47,-30,-45,-34,-43,-39,-42,-44,-47,-46,-45,-53,-41,-55,-30,-62,-34,-64,-28,-68,-23,-70,-22,-72,-15,-76,-9,-80,-11,-76,-6,-79,0,-76,6,-77,3,-79,7,-78,11,-74,11,-71,11,-72,14,-72,17,-71,14,-71,19,-71,18,-68,16,-67,15,-65,20,-68,13,-68,15,-70,10,-70,19,-70,17,-63,21,-63,18,-68,23,-65,23,-62,19,-63,22,-54,17,-59,20,-54,19,-64,18,-52,20,-53,20,-50,22,-53,0,0]"
CSI_DATA,129,2a:00:00:00:00:00,-49,11,1,0,1,1,1,0,0,0,1,-97,0,11,2,1986113,0,44,0,384,0,"[0,0,0,0,0,0,0,0,0,0,0,0,7,-7,7,-7,6,-7,6,-7,6,-7,6,-6,6,-7,5,-7,5,-7,4,-7,5,-7,4,-7,4,-7,4,-7,4,-7,4,-7,4,-7,4,-7,3,-7,4,-7,4,-7,3,-7,4,-7,3,-7,4,-7,4,-7,0,0,4,-7,3,-7,3,-7,4,-6,3,-6,3,-6,3,-6,3,-6,4,-5,4,-5,4,-5,3,-5,3,-5,3,-5,4,-5,4,-4,4,-5,4,-4,4,-4,4,-3,4,-3,4,-3,4,-3,4,-2,4,-2,3,-1,0,0,0,0,0,0,0,0,0,0,0,0,0,0,-18,-53,-22,-58,-17,-55,-20,-54,-20,-53,-19,-44,-23,-50,-12,-47,-16,-42,-23,-39,-17,-37,-23,-41,-18,-36,-20,-38,-23,-36,-23,-33,-22,-33,-25,-34,-26,-35,-24,-35,-27,-33,-25,-32,-23,-33,-24,-33,-23,-38,-24,-35,-24,-31,-24,-31,-24,-37,-23,-36,-26,-32,-20,-34,-18,-31,-22,-30,-22,-32,-18,-33,-17,-30,-18,-27,-20,-29,-18,-30,-18,-31,-18,-25,-13,-27,-13,-26,-11,-30,-11,-32,-16,-27,-16,-30,-9,-25,-9,-23,-6,-24,-7,-31,-5,-22,-2,-25,-2,-24,2,-25,5,-19,0,0,0,0,0,0,0,0,0,0,0,0,0,0,0,0,0,0,0,0,0,0,-24,-6,-24,-8,-24,-12,-25,-19,-24,-19,-22,-26,-28,-31,-25,-32,-20,-36,-14,-43,-13,-46,-8,-48,-9,-54,-1,-62,1,-56,6,-58,12,-62,17,-63,20,-61,20,-61,25,-60,30,-61,34,-59,37,-59,42,-55,46,-56,46,-49,48,-49,52,-53,54,-47,54,-46,56,-41,53,-45,52,-43,55,-43,54,-43,54,-45,59,-42,53,-35,52,-47,50,-43,57,-45,60,-42,61,-42,58,-35,65,-46,60,-38,63,-35,65,-35,61,-36,63,-30,61,-32,62,-31,61,-32,62,-29,68,-23,59,-26,0,0]"
CSI_DATA,130,2a:00:00:00:00:00,-48,11,1,0,1,1,1,0,0,0,1,-97,0,11,2,1998866,0,44,0,384,0,"[0,0,0,0,0,0,0,0,0,0,0,0,10,-3,10,-3,10,-3,9,-2,9,-3,9,-3,9,-3,8,-3,8,-3,8,-3,8,-3,8,-4,7,-4,7,-4,7,-4,8,-4,7,-4,7,-4,7,-4,7,-4,7,-3,7,-3,7,-4,6,-4,6,-4,7,-3,0,0,7,-3,6,-3,6,-3,6,-3,6,-3,6,-3,6,-3,5,-3,6,-2,6,-2,5,-2,5,-2,5,-2,5,-2,5,-2,5,-2,5,-2,5,-1,5,-1,5,-1,5,-1,4,-1,4,0,4,0,4,0,3,0,0,0,0,0,0,0,0,0,0,0,0,0,0,0,18,-65,9,-62,11,-66,11,-58,5,-59,11,-58,10,-58,5,-56,9,-51,4,-51,6,-48,4,-49,3,-47,2,-44,4,-46,3,-47,-1,-47,0,-43,-3,-43,-6,-43,0,-46,-2,-46,-5,-40,-3,-43,-1,-45,1,-46,-2,-40,-1,-42,-4,-43,-3,-42,-1,-40,-1,-43,1,-39,0,-43,-2,-39,-1,-37,-3,-39,4,-32,-5,-33,-1,-33,3,-35,4,-29,2,-30,4,-35,3,-33,3,-28,5,-25,2,-29,3,-27,6,-27,8,-27,5,-24,7,-26,9,-22,7,-22,10,-22,14,-17,0,0,0,0,0,0,0,0,0,0,0,0,0,0,0,0,0,0,0,0,0,0,-15,-16,-10,-17,-14,-22,-6,-25,-3,-27,-4,-27,3,-32,3,-32,8,-37,15,-38,16,-41,20,-42,28,-43,28,-42,35,-40,40,-41,45,-41,43,-33,45,-41,54,-34,56,-33,59,-30,60,-25,63,-19,64,-15,66,-18,67,-11,67,-8,66,-6,66,-6,63,-5,66,-6,64,-5,65,-6,67,-7,65,-5,64,-2,67,-3,67,-1,68,0,67,-3,68,-7,69,-2,72,-2,74,-2,62,0,66,-2,72,-2,73,0,72,3,67,8,73,7,72,9,71,3,71,5,71,4,71,17,0,0]"
CSI_DATA,131,2a:00:00:00:00:00,-48,11,1,0,1,1,1,0,0,0,1,-97,0,11,2,2006117,0,44,0,384,0,"[0,0,0,0,0,0,0,0,0,0,0,0,-1,-12,-1,-12,-2,-12,-2,-12,-1,-11,-1,-10,-1,-10,-2,-10,-2,-10,-2,-10,-2,-9,-2,-10,-2,-9,-2,-9,-3,-9,-3,-9,-2,-9,-2,-8,-3,-9,-3,-9,-2,-9,-2,-9,-2,-8,-2,-9,-2,-9,-2,-8,0,0,-2,-8,-2,-8,-2,-8,-2,-7,-2,-8,-2,-7,-1,-7,-1,-7,-2,-6,-1,-6,-1,-6,-1,-6,-1,-6,-1,-6,-1,-6,-1,-6,-1,-6,0,-5,0,-5,0,-5,0,-5,1,-5,0,-5,1,-5,1,-4,1,-4,0,0,0,0,0,0,0,0,0,0,0,0,0,0,19,-67,19,-66,11,-67,12,-56,14,-59,17,-59,17,-59,14,-58,12,-58,12,-53,13,-45,9,-49,13,-50,7,-50,9,-45,7,-48,4,-55,4,-45,5,-53,3,-47,3,-47,8,-47,-2,-45,1,-48,2,-46,4,-50,3,-42,3,-44,8,-44,4,-45,4,-40,4,-38,5,-43,6,-42,0,-36,4,-39,3,-39,5,-38,3,-40,3,-33,5,-33,2,-30,3,-29,4,-36,6,-34,4,-29,7,-32,6,-32,11,-29,7,-28,12,-29,12,-23,14,-24,7,-24,13,-20,17,-19,11,-17,0,0,0,0,0,0,0,0,0,0,0,0,0,0,0,0,0,0,0,0,0,0,-7,-18,-6,-17,-8,-20,-3,-27,-1,-27,4,-28,7,-26,17,-31,14,-38,14,-35,22,-34,27,-37,30,-40,32,-38,42,-30,43,-28,46,-33,46,-31,56,-32,53,-27,54,-22,65,-15,56,-13,58,-15,68,-8,64,-7,67,-3,69,-4,65,1,67,-1,61,3,68,2,65,1,65,1,66,6,71,4,62,1,65,4,67,7,67,2,69,8,68,5,69,5,72,3,70,6,71,8,69,7,68,9,73,8,67,14,72,7,75,8,73,17,65,10,78,12,72,14,78,16,0,0]"
CSI_DATA,132,2a:00:00:00:00:00,-47,11,1,0,1,1,1,0,0,0,1,-97,0,11,2,2016351,0,44,0,384,0,"[0,0,0,0,0,0,0,0,0,0,0,0,-2,-12,-2,-11,-2,-11,-2,-11,-2,-11,-2,-10,-1,-10,-2,-10,-2,-10,-2,-9,-2,-10,-2,-9,-3,-10,-3,-9,-3,-9,-3,-9,-2,-9,-3,-9,-3,-9,-3,-9,-2,-9,-3,-9,-2,-8,-3,-9,-3,-8,-2,-8,0,0,-2,-8,-3,-8,-2,-8,-2,-8,-2,-7,-1,-8,-2,-7,-1,-7,-1,-6,-2,-6,-2,-6,-1,-6,-1,-6,-1,-6,-2,-6,-1,-6,-1,-6,0,-6,0,-6,0,-6,0,-5,0,-5,0,-5,1,-5,1,-4,1,-4,0,0,0,0,0,0,0,0,0,0,0,0,0,0,-22,-70,-20,-67,-16,-67,-18,-69,-16,-58,-16,-54,-16,-63,-16,-60,-17,-62,-13,-55,-16,-49,-19,-51,-18,-47,-17,-48,-12,-51,-20,-50,-19,-49,-18,-47,-19,-45,-20,-47,-20,-45,-18,-43,-21,-47,-21,-43,-21,-42,-23,-42,-20,-43,-20,-44,-14,-45,-18,-42,-16,-40,-17,-39,-18,-37,-17,-39,-16,-35,-10,-39,-14,-39,-14,-30,-19,-39,-15,-32,-12,-29,-12,-33,-6,-33,-6,-29,-8,-29,-13,-31,-8,-29,-4,-31,-5,-26,-6,-30,-3,-29,-3,-27,-3,-23,0,-28,-3,-25,4,-22,4,-24,0,0,0,0,0,0,0,0,0,0,0,0,0,0,0,0,0,0,0,0,0,0,-10,-13,-9,-12,-10,-22,-8,-21,-5,-24,-6,-26,-6,-31,-3,-35,4,-36,6,-36,8,-43,16,-43,18,-43,27,-43,26,-45,28,-45,32,-48,35,-46,43,-47,40,-44,46,-42,50,-43,55,-40,54,-38,61,-30,58,-33,58,-27,57,-26,58,-28,60,-30,62,-24,61,-26,58,-29,59,-24,62,-23,61,-26,63,-22,64,-24,63,-21,60,-21,66,-21,63,-28,63,-26,63,-26,65,-24,61,-32,61,-23,70,-25,69,-24,70,-28,72,-21,67,-21,67,-23,68,-22,73,-19,71,-22,69,-25,0,0]"
CSI_DATA,133,2a:00:00:00:00:00,-47,11,1,0,1,1,1,0,0,0,1,-97,0,11,2,2026147,0,44,0,384,0,"[0,0,0,0,0,0,0,0,0,0,0,0,-2,-11,-2,-11,-2,-11,-2,-11,-2,-11,-2,-10,-2,-10,-2,-10,-2,-9,-3,-10,-2,-9,-2,-9,-3,-9,-3,-9,-3,-9,-3,-9,-3,-8,-3,-9,-3,-9,-3,-9,-3,-9,-3,-9,-3,-8,-3,-8,-3,-8,-2,-8,0,0,-2,-8,-3,-8,-2,-8,-2,-7,-2,-7,-2,-7,-2,-7,-1,-7,-2,-7,-2,-6,-2,-6,-1,-6,-2,-7,-1,-6,-1,-6,-1,-6,0,-5,-1,-6,0,-5,0,-5,0,-5,0,-5,0,-5,0,-4,0,-5,1,-4,0,0,0,0,0,0,0,0,0,0,0,0,0,0,-10,-66,-4,-61,-7,-65,-5,-63,-10,-57,-4,-60,-7,-57,-8,-57,-6,-51,-10,-58,-6,-49,-12,-57,-15,-53,-11,-49,-10,-48,-17,-48,-11,-49,-15,-50,-18,-48,-13,-46,-15,-49,-15,-44,-16,-47,-16,-47,-14,-44,-13,-46,-14,-41,-14,-41,-14,-43,-11,-41,-13,-41,-16,-41,-11,-36,-11,-43,-14,-36,-12,-40,-12,-39,-8,-35,-13,-36,-12,-32,-8,-30,-8,-34,-9,-31,-13,-33,-8,-35,-7,-29,-10,-33,-3,-26,-6,-28,-6,-28,-1,-28,-4,-28,-1,-27,1,-23,-1,-21,1,-22,2,-22,0,0,0,0,0,0,0,0,0,0,0,0,0,0,0,0,0,0,0,0,0,0,-1,-19,-4,-21,-1,-20,-1,-25,1,-27,3,-30,7,-31,9,-33,15,-37,16,-35,21,-37,28,-40,26,-41,34,-39,41,-38,40,-36,45,-38,48,-29,54,-35,58,-29,57,-29,64,-28,60,-21,61,-20,62,-19,68,-16,66,-12,70,-12,63,-7,68,-12,64,-6,68,-10,64,-4,61,-11,61,-7,66,-9,62,-8,64,-7,63,-7,63,-7,68,-6,59,-10,68,-9,65,-11,69,-16,63,-7,65,-12,66,-12,71,-11,65,-12,68,-10,69,-12,71,-8,62,-11,69,-8,74,-10,69,-3,0,0]"
CSI_DATA,134,2a:00:00:00:00:00,-48,11,1,0,1,1,1,0,0,0,1,-97,0,11,2,2036145,0,44,0,384,0,"[0,0,0,0,0,0,0,0,0,0,0,0,-11,1,-11,1,-10,1,-10,1,-10,1,-10,1,-10,1,-10,1,-10,1,-9,1,-9,2,-9,2,-9,2,-9,2,-9,2,-9,2,-9,2,-9,2,-9,2,-9,2,-9,1,-9,1,-8,2,-8,2,-8,2,-8,2,0,0,-8,1,-8,1,-8,1,-8,1,-7,1,-7,1,-7,1,-7,1,-7,0,-7,0,-7,0,-6,1,-6,0,-6,0,-6,0,-6,0,-6,0,-6,-1,-6,-1,-5,-1,-6,-1,-5,-1,-5,-1,-5,-1,-5,-2,-4,-2,0,0,0,0,0,0,0,0,0,0,0,0,0,0,-27,56,-28,59,-24,55,-24,55,-26,51,-24,52,-23,52,-25,48,-22,48,-20,52,-18,48,-18,45,-21,47,-19,46,-18,47,-9,46,-13,49,-16,46,-17,48,-15,45,-12,45,-12,48,-12,47,-12,41,-13,43,-12,42,-16,43,-15,44,-16,44,-13,39,-13,38,-12,40,-15,45,-13,38,-14,35,-15,34,-14,36,-14,33,-13,31,-13,30,-14,25,-15,27,-12,32,-18,27,-13,25,-19,28,-13,25,-16,24,-15,21,-19,22,-18,22,-18,21,-17,17,-17,16,-17,17,-17,11,-19,11,0,0,0,0,0,0,0,0,0,0,0,0,0,0,0,0,0,0,0,0,0,0,-1,15,1,20,-1,21,-5,23,-11,21,-10,23,-17,30,-20,29,-27,35,-28,27,-35,28,-36,28,-43,28,-48,25,-53,24,-53,18,-60,12,-59,10,-62,12,-63,12,-64,6,-70,-2,-73,-4,-72,-10,-74,-12,-66,-12,-64,-18,-69,-17,-64,-19,-68,-21,-66,-24,-68,-21,-63,-25,-62,-22,-62,-23,-60,-24,-62,-26,-70,-34,-64,-25,-51,-12,-61,-30,-64,-29,-65,-24,-60,-27,-62,-25,-59,-25,-56,-27,-63,-19,-64,-25,-63,-24,-65,-21,-61,-21,-61,-25,-62,-28,-62,-31,-63,-24,-62,-24,0,0]"
CSI_DATA,135,2a:00:00:00:00:00,-49,11,1,0,1,1,1,0,0,0,1,-97,0,11,2,2046121,0,44,0,384,0,"[0,0,0,0,0,0,0,0,0,0,0,0,7,5,7,5,7,5,7,5,7,5,7,5,7,4,7,4,7,4,7,4,7,4,7,4,7,4,7,4,7,4,7,3,7,3,7,3,7,3,7,4,6,4,7,4,6,3,6,3,6,4,6,3,0,0,6,3,6,3,5,3,6,3,5,3,5,3,5,3,4,3,5,3,5,3,4,3,4,3,4,3,4,3,4,3,4,3,4,3,3,3,3,3,3,3,3,3,2,3,2,3,2,3,1,3,1,3,0,0,0,0,0,0,0,0,0,0,0,0,0,0,42,-43,46,-43,43,-39,41,-41,42,-43,37,-40,39,-38,33,-42,34,-33,35,-38,34,-37,32,-38,33,-36,28,-39,29,-39,30,-36,31,-43,26,-38,30,-39,30,-42,29,-42,31,-40,23,-39,24,-39,27,-36,26,-36,28,-37,26,-38,27,-32,23,-34,28,-32,27,-33,28,-33,25,-32,20,-29,30,-33,24,-27,26,-29,23,-28,24,-28,23,-21,21,-26,23,-21,23,-21,22,-22,17,-20,23,-21,23,-18,24,-15,23,-17,20,-19,22,-11,19,-15,19,-9,24,-9,21,-2,22,-8,0,0,0,0,0,0,0,0,0,0,0,0,0,0,0,0,0,0,0,0,0,0,1,-13,6,-14,8,-23,11,-16,14,-23,20,-19,25,-19,26,-24,31,-22,36,-21,39,-15,44,-10,48,-10,49,-11,51,-7,56,3,57,6,65,7,63,11,62,15,60,17,66,26,65,27,63,30,60,37,62,35,56,40,56,41,58,37,49,41,51,46,51,41,47,45,49,44,46,45,44,46,50,46,43,43,48,42,45,45,44,44,47,44,44,46,51,42,39,43,36,45,39,45,46,46,49,48,42,41,39,44,49,45,43,44,44,41,41,43,42,45,46,51,0,0]"
CSI_DATA,136,2a:00:00:00:00:00,-47,11,1,0,1,1,1,0,0,0,1,-97,0,11,2,2086118,0,44,0,384,0,"[0,0,0,0,0,0,0,0,0,0,0,0,9,0,9,0,8,-1,9,0,8,-1,8,-1,8,-1,8,-2,8,-2,8,-2,8,-2,8,-2,8,-2,8,-2,8,-2,8,-3,8,-3,8,-3,8,-3,8,-2,8,-2,8,-2,7,-3,8,-3,8,-2,8,-2,0,0,8,-3,7,-2,7,-2,7,-2,7,-2,6,-2,6,-2,6,-2,7,-2,6,-1,6,-1,6,-1,6,-1,6,-1,6,-1,6,-1,5,0,5,0,5,0,5,0,5,0,4,0,4,0,4,1,4,1,4,1,0,0,0,0,0,0,0,0,0,0,0,0,0,0,48,21,49,27,46,20,47,13,52,16,46,17,46,19,42,11,42,12,46,13,48,10,44,5,49,7,46,5,44,8,47,4,47,7,51,6,44,2,51,7,49,-1,53,3,45,2,49,-1,46,2,42,1,47,4,43,6,42,3,47,3,46,1,45,3,45,2,42,3,42,6,40,8,38,-1,40,3,32,2,36,5,34,7,36,7,35,4,30,6,30,6,32,8,35,10,29,4,28,11,28,11,29,14,26,11,26,11,26,14,19,15,24,18,21,18,0,0,0,0,0,0,0,0,0,0,0,0,0,0,0,0,0,0,0,0,0,0,7,12,7,19,15,16,11,15,9,21,10,23,12,27,16,30,14,40,13,36,15,43,12,43,5,51,6,52,5,54,0,59,-1,60,-4,64,-8,63,-7,66,-14,69,-17,70,-23,67,-26,63,-29,62,-33,68,-31,65,-36,63,-34,63,-31,66,-38,61,-39,59,-34,57,-31,57,-34,55,-35,61,-36,60,-35,54,-36,58,-35,54,-36,55,-36,61,-36,56,-35,60,-34,53,-29,53,-34,57,-31,60,-31,57,-29,50,-32,54,-31,57,-31,52,-33,51,-32,48,-21,49,-26,54,0,0]"
CSI_DATA,137,2a:00:00:00:00:00,-47,11,1,0,1,1,1,0,0,0,1,-97,0,11,2,2106160,0,44,0,384,0,"[0,0,0,0,0,0,0,0,0,0,0,0,7,-4,6,-4,6,-4,6,-4,6,-5,6,-5,6,-5,6,-5,6,-5,5,-5,6,-6,5,-6,5,-6,5,-6,5,-5,6,-6,5,-6,6,-6,5,-6,5,-5,5,-5,5,-5,5,-6,5,-5,5,-5,6,-5,0,0,5,-5,5,-5,4,-4,6,-4,4,-4,4,-4,4,-4,4,-4,4,-4,5,-3,4,-4,4,-3,4,-4,4,-3,4,-3,4,-3,4,-3,4,-2,4,-2,4,-2,4,-2,4,-2,3,-2,3,-1,3,-1,3,-1,0,0,0,0,0,0,0,0,0,0,0,0,0,0,43,-16,39,-13,44,-17,44,-11,42,-17,39,-19,38,-22,42,-22,37,-18,40,-21,40,-23,40,-20,39,-24,33,-24,35,-25,34,-25,33,-29,35,-27,34,-33,37,-23,42,-27,36,-27,33,-27,33,-22,32,-24,30,-25,34,-24,32,-24,29,-23,33,-25,31,-26,36,-23,23,-22,30,-19,32,-20,27,-22,28,-19,25,-17,28,-14,32,-18,29,-19,27,-16,24,-18,31,-16,25,-13,27,-11,25,-10,26,-14,28,-9,28,-5,25,-8,25,-6,23,-5,24,-1,22,-4,22,-2,21,2,0,0,0,0,0,0,0,0,0,0,0,0,0,0,0,0,0,0,0,0,0,0,26,-4,31,-3,27,-2,34,-4,36,1,43,1,40,6,41,11,47,13,48,11,53,18,56,22,54,27,55,29,57,36,43,44,50,50,49,48,52,54,40,60,43,64,38,66,33,63,36,66,31,70,31,74,25,72,20,77,22,67,17,74,13,68,13,72,13,66,14,68,15,68,13,71,18,67,14,61,11,62,14,65,17,68,12,60,11,64,13,63,11,64,13,57,13,54,8,63,19,58,8,57,7,55,15,66,6,52,9,55,11,57,17,56,13,47,0,0]"
CSI_DATA,138,2a:00:00:00:00:00,-48,11,1,0,1,1,1,0,0,0,1,-97,0,11,2,2116128,0,44,0,384,0,"[0,0,0,0,0,0,0,0,0,0,0,0,-8,-3,-7,-3,-7,-3,-7,-3,-8,-3,-7,-2,-7,-2,-8,-2,-8,-2,-8,-2,-8,-2,-8,-2,-8,-2,-8,-2,-8,-2,-8,-2,-8,-1,-8,-1,-8,-1,-8,-2,-7,-2,-7,-2,-8,-1,-8,-2,-7,-2,-7,-2,0,0,-7,-2,-7,-2,-7,-2,-7,-2,-6,-3,-6,-2,-6,-2,-6,-2,-6,-2,-6,-2,-6,-2,-5,-2,-5,-2,-5,-2,-5,-2,-5,-2,-5,-2,-5,-3,-4,-2,-5,-3,-4,-3,-4,-3,-4,-3,-3,-3,-3,-3,-3,-3,0,0,0,0,0,0,0,0,0,0,0,0,0,0,-32,-23,-37,-25,-34,-16,-35,-23,-38,-18,-37,-17,-35,-8,-39,-16,-37,-14,-35,-9,-44,-6,-38,-8,-41,-4,-39,-9,-41,-4,-38,-3,-39,-7,-40,-10,-44,-8,-44,-5,-39,-2,-42,-5,-43,-8,-38,-6,-39,-6,-39,-10,-38,-5,-39,-7,-37,-6,-38,-4,-40,-8,-39,-4,-34,-7,-35,-6,-35,-3,-29,-7,-29,-7,-29,-6,-30,-10,-30,-4,-29,-7,-33,-6,-28,-8,-27,-4,-29,-5,-29,-7,-26,-11,-26,-9,-23,-14,-22,-11,-19,-12,-21,-10,-18,-11,-19,-12,-18,-13,-17,-12,-14,-16,0,0,0,0,0,0,0,0,0,0,0,0,0,0,0,0,0,0,0,0,0,0,-23,-16,-22,-18,-22,-21,-24,-27,-24,-28,-22,-34,-19,-36,-25,-41,-22,-45,-18,-50,-16,-56,-14,-60,-14,-64,-11,-63,-5,-71,0,-72,3,-75,4,-72,11,-75,16,-73,24,-76,29,-77,24,-73,25,-73,31,-69,36,-70,39,-68,43,-66,41,-63,42,-59,40,-59,45,-57,43,-54,41,-55,44,-53,45,-50,40,-45,43,-52,40,-49,39,-49,41,-46,37,-48,38,-51,37,-46,38,-47,37,-58,38,-46,33,-44,36,-45,37,-42,30,-44,30,-46,35,-42,31,-37,31,-44,29,-43,27,-46,0,0]"
CSI_DATA,139,2a:00:00:00:00:00,-48,11,1,0,1,1,1,0,0,0,1,-97,0,11,2,2129704,0,44,0,384,0,"[0,0,0,0,0,0,0,0,0,0,0,0,-2,-7,-3,-7,-3,-7,-3,-7,-3,-7,-3,-7,-3,-6,-4,-7,-4,-6,-4,-6,-4,-7,-4,-7,-4,-7,-4,-7,-5,-7,-4,-7,-5,-7,-5,-7,-5,-7,-5,-7,-4,-7,-5,-7,-4,-6,-4,-7,-4,-7,-4,-6,0,0,-4,-6,-4,-7,-4,-7,-3,-6,-3,-6,-3,-6,-3,-6,-3,-6,-3,-6,-3,-5,-2,-5,-2,-6,-2,-6,-2,-5,-2,-5,-2,-5,-2,-5,-2,-5,-1,-5,-1,-5,-1,-5,-1,-5,0,-5,0,-5,0,-4,0,-4,0,0,0,0,0,0,0,0,0,0,0,0,0,0,-7,-46,1,-43,-3,-40,-8,-37,-11,-37,-11,-36,-12,-34,-17,-32,-15,-34,-12,-33,-15,-33,-14,-33,-19,-35,-19,-34,-19,-32,-21,-34,-20,-36,-23,-37,-22,-31,-22,-35,-25,-33,-20,-31,-22,-38,-22,-36,-22,-36,-23,-39,-17,-38,-24,-36,-19,-34,-23,-33,-19,-35,-17,-33,-19,-35,-16,-35,-16,-33,-15,-35,-12,-33,-13,-34,-12,-30,-13,-29,-14,-30,-12,-29,-12,-27,-5,-27,-6,-29,-12,-26,-9,-27,-5,-25,-5,-25,-6,-27,-4,-27,-3,-24,-2,-26,0,-25,3,-24,4,-22,6,-23,0,0,0,0,0,0,0,0,0,0,0,0,0,0,0,0,0,0,0,0,0,0,-9,-28,-9,-29,-5,-30,-3,-32,1,-34,3,-39,5,-41,8,-42,10,-49,18,-51,20,-52,24,-50,29,-52,35,-56,41,-57,46,-53,49,-50,54,-51,57,-47,61,-47,69,-41,72,-42,71,-30,74,-28,76,-26,79,-22,79,-16,80,-18,77,-18,79,-15,72,-9,69,-7,70,-4,70,-6,73,-1,72,-8,71,-2,68,-6,63,2,71,0,68,-3,66,-8,67,-4,65,-3,59,-5,69,-1,59,-1,59,2,66,1,60,0,54,1,53,-1,59,4,54,0,51,-2,46,1,48,-2,0,0]"
CSI_DATA,140,2a:00:00:00:00:00,-48,11,1,0,1,1,1,0,0,0,1,-97,0,11,2,2136095,0,44,0,384,0,"[0,0,0,0,0,0,0,0,0,0,0,0,5,-4,5,-4,5,-4,4,-4,4,-4,4,-5,4,-5,4,-5,4,-5,4,-5,4,-6,4,-6,4,-6,4,-6,4,-6,4,-7,4,-6,4,-6,4,-6,4,-6,4,-6,4,-6,4,-6,4,-6,4,-6,4,-6,0,0,4,-6,4,-6,4,-5,4,-5,4,-5,4,-5,4,-5,4,-5,4,-4,4,-4,4,-4,3,-4,3,-4,3,-4,4,-4,4,-4,4,-4,4,-3,4,-3,4,-3,4,-2,4,-2,4,-2,3,-2,3,-2,3,-1,0,0,0,0,0,0,0,0,0,0,0,0,0,0,5,-41,3,-39,0,-40,-1,-36,5,-38,-1,-36,0,-35,-8,-35,-2,-31,-7,-34,-5,-35,-11,-39,-10,-41,-10,-36,-5,-33,-12,-38,-12,-38,-14,-37,-14,-36,-10,-33,-18,-37,-16,-40,-13,-40,-14,-39,-13,-40,-13,-38,-8,-40,-11,-41,-5,-40,-10,-35,-9,-39,-7,-38,-3,-38,-9,-33,-10,-30,-6,-36,-4,-34,-5,-34,-8,-35,-8,-33,-2,-31,-4,-28,-2,-32,-3,-30,-4,-28,-2,-31,-3,-30,1,-27,1,-27,3,-22,0,-23,2,-21,4,-24,8,-24,7,-15,6,-20,10,-19,0,0,0,0,0,0,0,0,0,0,0,0,0,0,0,0,0,0,0,0,0,0,-9,-23,-4,-28,-5,-30,-2,-34,1,-34,5,-39,5,-40,9,-41,9,-44,19,-47,27,-46,30,-46,35,-50,40,-46,45,-49,50,-40,54,-48,55,-41,60,-41,64,-35,69,-31,75,-29,73,-19,75,-20,78,-14,74,-5,74,-2,76,-1,77,-4,75,1,68,1,75,4,76,2,70,3,72,3,71,9,65,9,68,9,62,14,63,9,68,15,68,4,65,11,62,11,57,11,69,8,60,12,59,11,58,12,55,15,51,13,50,19,49,15,47,10,47,12,47,15,49,11,0,0]"
CSI_DATA,141,2a:00:00:00:00:00,-49,11,1,0,1,1,1,0,0,0,1,-97,0,11,2,2146107,0,44,0,384,0,"[0,0,0,0,0,0,0,0,0,0,0,0,-6,3,-6,3,-5,3,-5,4,-5,4,-5,4,-5,4,-5,5,-5,5,-4,5,-5,5,-4,6,-4,6,-4,6,-4,6,-5,6,-5,6,-5,6,-4,6,-5,6,-5,6,-5,6,-5,6,-4,6,-4,6,-5,6,0,0,-5,6,-5,5,-5,5,-5,5,-4,5,-5,5,-4,5,-4,4,-5,4,-5,4,-5,4,-4,4,-4,4,-4,4,-5,3,-5,3,-4,3,-5,3,-5,3,-5,2,-5,2,-5,2,-4,2,-4,2,-4,1,-4,1,0,0,0,0,0,0,0,0,0,0,0,0,0,0,-7,39,-4,38,-3,40,-2,27,1,32,2,34,6,30,6,39,9,34,6,32,8,35,11,32,10,33,15,32,11,32,15,32,16,32,19,34,21,35,14,36,17,40,17,29,18,37,10,41,14,39,10,39,12,37,16,33,14,35,18,32,14,33,12,34,6,36,10,36,12,26,11,31,5,33,2,32,5,30,10,31,3,32,7,28,1,30,6,27,3,26,1,26,3,23,-1,28,2,28,0,27,-4,22,-1,20,-3,24,-7,22,-8,19,-8,18,-5,20,0,0,0,0,0,0,0,0,0,0,0,0,0,0,0,0,0,0,0,0,0,0,11,22,11,24,7,29,5,29,2,34,1,36,-4,37,-9,42,-18,47,-11,44,-18,49,-23,51,-28,52,-37,55,-44,51,-48,47,-59,48,-49,41,-60,44,-66,35,-67,27,-71,27,-70,23,-73,23,-75,21,-77,18,-80,15,-83,6,-74,5,-73,3,-74,-1,-75,0,-71,-4,-68,-6,-71,-6,-71,-8,-64,-6,-68,-7,-64,-7,-67,7,-65,-3,-59,-4,-64,-11,-65,-8,-63,-11,-63,-12,-60,-8,-56,-10,-54,-14,-55,-12,-55,-13,-57,-10,-53,-10,-45,-13,-53,-10,-48,-14,-49,-5,0,0]"
CSI_DATA,142,2a:00:00:00:00:00,-49,11,1,0,1,1,1,0,0,0,1,-97,0,11,2,2156164,0,44,0,384,0,"[0,0,0,0,0,0,0,0,0,0,0,0,2,-7,2,-7,1,-7,1,-7,1,-7,1,-7,1,-7,1,-8,1,-8,0,-8,0,-8,0,-8,0,-8,0,-8,0,-8,0,-8,0,-9,0,-8,0,-8,0,-8,0,-8,0,-8,1,-8,0,-8,0,-8,1,-8,0,0,0,-8,0,-8,0,-8,1,-7,1,-7,0,-7,1,-7,1,-7,1,-7,1,-7,1,-6,1,-7,1,-7,1,-6,1,-6,1,-6,1,-6,1,-6,2,-5,2,-5,2,-5,2,-5,2,-5,2,-4,2,-4,2,-4,0,0,0,0,0,0,0,0,0,0,0,0,0,0,-21,-48,-20,-36,-23,-34,-26,-37,-23,-32,-24,-24,-23,-31,-26,-28,-25,-26,-27,-28,-32,-22,-27,-25,-36,-21,-31,-34,-33,-22,-35,-21,-37,-26,-34,-26,-37,-29,-36,-25,-37,-20,-33,-23,-36,-28,-38,-26,-31,-25,-30,-27,-34,-23,-36,-23,-31,-25,-32,-26,-35,-21,-34,-25,-28,-25,-30,-24,-29,-24,-27,-23,-30,-20,-32,-23,-28,-26,-29,-22,-28,-22,-28,-22,-25,-22,-17,-20,-23,-19,-23,-22,-25,-25,-20,-22,-21,-20,-17,-25,-16,-23,-16,-22,-12,-28,-13,-25,-8,-24,-9,-23,-8,-22,0,0,0,0,0,0,0,0,0,0,0,0,0,0,0,0,0,0,0,0,0,0,-22,-15,-18,-19,-16,-20,-17,-31,-18,-31,-11,-35,-20,-36,-10,-42,-6,-47,-5,-52,-3,-52,5,-59,8,-63,14,-60,15,-65,22,-64,29,-68,31,-64,37,-64,43,-64,46,-58,56,-64,58,-56,62,-53,66,-49,63,-47,62,-41,65,-44,68,-33,69,-33,67,-29,65,-33,70,-29,62,-31,63,-28,66,-29,57,-23,64,-24,62,-23,63,-23,59,-23,58,-24,58,-25,60,-21,57,-23,62,-18,53,-21,55,-18,58,-18,53,-14,55,-20,56,-20,47,-20,43,-18,48,-22,45,-16,40,-15,0,0]"
CSI_DATA,143,2a:00:00:00:00:00,-46,11,1,0,1,1,1,0,0,0,1,-97,0,11,2,2186157,0,44,0,384,0,"[0,0,0,0,0,0,0,0,0,0,0,0,4,8,4,7,5,8,4,8,5,8,5,7,5,7,5,7,5,7,6,7,5,7,6,7,6,7,6,7,6,7,7,7,7,6,6,7,6,7,7,7,6,6,6,6,7,6,7,6,6,6,6,6,0,0,7,6,7,6,6,6,6,6,6,6,6,6,6,6,6,6,6,6,6,6,5,6,5,6,5,6,4,6,5,6,4,5,4,6,4,6,4,5,3,5,3,5,3,5,2,5,2,5,2,5,1,5,0,0,0,0,0,0,0,0,0,0,0,0,0,0,13,45,16,47,14,47,22,44,22,49,24,43,21,48,22,44,22,46,19,42,29,40,24,44,31,45,28,46,30,41,34,39,29,42,30,40,33,43,32,43,35,40,33,43,33,38,35,36,31,44,33,40,35,40,35,36,29,39,31,34,36,37,33,37,39,43,33,36,34,40,30,35,31,38,27,39,31,37,25,37,32,38,23,37,25,42,25,36,23,36,23,40,22,35,20,38,18,32,19,33,17,31,14,34,15,32,8,33,8,31,7,33,8,33,0,0,0,0,0,0,0,0,0,0,0,0,0,0,0,0,0,0,0,0,0,0,-5,15,-7,12,-9,15,-14,16,-14,22,-15,19,-20,21,-23,25,-25,26,-26,23,-33,28,-35,27,-42,28,-44,28,-44,26,-50,27,-54,21,-55,21,-57,16,-62,13,-66,14,-69,17,-67,5,-69,7,-72,-2,-67,-2,-70,-4,-66,-1,-68,-6,-65,-6,-71,-7,-66,-9,-62,-6,-66,-4,-62,-7,-60,-4,-64,-6,-60,-4,-62,-3,-61,-4,-58,-3,-65,-1,-58,2,-64,-4,-57,1,-52,-1,-55,0,-56,2,-56,-2,-58,6,-52,4,-50,4,-55,7,-55,8,-58,6,-54,8,-50,11,0,0]"
CSI_DATA,144,2a:00:00:00:00:00,-46,11,1,0,1,1,1,0,0,0,1,-97,0,11,2,2196372,0,44,0,384,0,"[0,0,0,0,0,0,0,0,0,0,0,0,1,8,1,9,2,9,2,9,2,9,2,9,2,9,2,8,2,9,3,8,2,9,3,8,3,9,3,9,3,9,3,9,3,9,3,8,4,9,3,8,3,8,3,9,3,8,4,8,4,9,3,9,0,0,3,8,3,8,3,9,3,8,3,8,3,8,3,8,3,8,2,8,2,7,2,7,2,8,2,7,2,8,1,7,1,7,1,7,1,7,0,7,0,6,-1,7,0,6,-1,6,-1,6,-1,5,-1,5,0,0,0,0,0,0,0,0,0,0,0,0,0,0,-5,54,-5,50,5,48,2,52,2,52,4,47,3,52,6,54,7,45,10,49,8,52,8,51,6,49,14,46,12,43,18,46,17,51,18,52,18,53,19,51,17,54,19,49,20,49,14,51,16,51,15,55,19,48,18,48,18,51,19,50,19,53,21,52,18,46,18,52,18,48,17,47,12,51,14,50,15,47,11,50,14,44,12,42,12,45,10,47,8,41,8,42,6,40,3,40,3,43,3,39,1,40,3,38,-3,38,-1,36,-10,32,-5,32,-10,33,0,0,0,0,0,0,0,0,0,0,0,0,0,0,0,0,0,0,0,0,0,0,-6,5,-4,6,-8,7,-10,10,-11,12,-17,12,-20,12,-24,14,-26,12,-30,14,-28,14,-37,13,-41,8,-46,10,-48,8,-51,1,-54,0,-53,2,-55,-3,-56,-8,-61,-7,-64,-19,-58,-15,-57,-18,-60,-20,-61,-23,-61,-25,-59,-30,-58,-27,-56,-31,-49,-29,-51,-28,-49,-30,-53,-29,-51,-29,-53,-29,-50,-26,-53,-23,-53,-24,-57,-25,-55,-28,-53,-18,-50,-25,-55,-19,-50,-19,-55,-18,-53,-22,-51,-22,-56,-18,-52,-15,-50,-17,-56,-16,-55,-15,-48,-14,-55,-13,-55,-11,-52,-11,0,0]"
CSI_DATA,145,2a:00:00:00:00:00,-47,11,1,0,1,1,1,0,0,0,1,-97,0,11,2,2206256,0,44,0,384,0,"[0,0,0,0,0,0,0,0,0,0,0,0,9,-1,9,-1,9,-1,10,-2,10,-2,9,-2,9,-2,9,-3,9,-3,9,-3,10,-3,9,-3,10,-3,9,-4,10,-3,10,-4,10,-4,10,-4,9,-4,10,-4,10,-3,10,-3,10,-4,9,-4,9,-3,10,-4,0,0,10,-4,9,-3,9,-3,9,-4,8,-3,8,-3,8,-3,8,-3,8,-3,8,-3,8,-3,8,-2,7,-3,8,-2,8,-2,8,-2,7,-2,7,-1,7,-1,7,-1,7,-1,7,0,6,0,6,0,6,1,5,1,0,0,0,0,0,0,0,0,0,0,0,0,0,0,47,8,48,11,49,9,46,10,51,8,44,7,52,4,45,2,52,4,46,-1,53,-2,52,-5,55,-4,52,-5,50,-4,52,-2,51,-5,55,-7,57,-7,61,-3,58,-5,57,-9,50,-7,57,-5,55,-5,56,0,54,-4,53,-6,51,-9,53,-10,53,-6,49,-3,50,-9,45,-6,58,-5,48,-1,53,-6,48,-4,48,-4,52,-2,51,-1,45,0,46,0,45,-4,41,-5,46,7,39,4,45,3,40,7,40,4,38,8,40,7,37,4,37,12,30,10,32,13,28,12,0,0,0,0,0,0,0,0,0,0,0,0,0,0,0,0,0,0,0,0,0,0,9,-6,11,-2,14,3,15,3,18,10,14,7,18,18,17,18,18,25,15,30,13,34,9,39,12,43,7,45,4,46,-2,52,-5,50,-7,55,-9,55,-12,58,-17,60,-24,63,-25,59,-28,59,-31,55,-36,60,-36,52,-35,51,-40,51,-41,49,-43,48,-39,47,-40,47,-39,47,-44,45,-43,47,-37,49,-36,46,-36,41,-36,47,-32,43,-40,46,-35,45,-36,48,-32,42,-34,46,-32,51,-26,44,-30,45,-29,42,-28,43,-32,44,-27,41,-26,45,-20,47,-21,44,-17,45,0,0]"
CSI_DATA,146,2a:00:00:00:00:00,-47,11,1,0,1,1,1,0,0,0,1,-97,0,11,2,2216154,0,44,0,384,0,"[0,0,0,0,0,0,0,0,0,0,0,0,-2,-9,-2,-9,-3,-9,-3,-10,-3,-9,-3,-9,-3,-9,-4,-9,-4,-10,-4,-9,-4,-10,-4,-9,-5,-10,-4,-10,-5,-10,-5,-10,-5,-10,-5,-9,-5,-10,-5,-10,-4,-10,-4,-9,-5,-9,-5,-9,-6,-9,-4,-9,0,0,-5,-9,-5,-9,-5,-9,-4,-9,-5,-9,-5,-8,-4,-8,-5,-9,-4,-8,-4,-8,-4,-8,-4,-8,-4,-8,-4,-8,-4,-8,-3,-8,-3,-8,-3,-7,-3,-7,-2,-7,-2,-7,-2,-8,-2,-7,-1,-7,-1,-7,0,-6,0,0,0,0,0,0,0,0,0,0,0,0,0,0,-2,-51,0,-45,-7,-50,-5,-47,-5,-50,-6,-50,-14,-50,-8,-46,-14,-50,-11,-50,-15,-47,-17,-51,-17,-55,-17,-54,-22,-48,-19,-51,-23,-56,-27,-49,-17,-49,-21,-56,-23,-51,-22,-51,-20,-45,-20,-53,-20,-53,-22,-49,-15,-53,-21,-49,-23,-50,-25,-45,-20,-48,-21,-46,-22,-48,-18,-43,-22,-47,-15,-49,-16,-47,-16,-45,-17,-47,-18,-43,-23,-41,-17,-41,-18,-46,-19,-47,-15,-41,-13,-40,-12,-40,-7,-45,-7,-39,-8,-40,-5,-40,-7,-38,-5,-44,-3,-36,4,-33,-3,-34,2,-33,0,0,0,0,0,0,0,0,0,0,0,0,0,0,0,0,0,0,0,0,0,0,-6,-16,-3,-22,5,-21,6,-24,7,-24,10,-29,14,-28,19,-29,24,-29,28,-27,34,-23,37,-21,45,-25,47,-24,55,-23,55,-13,56,-13,59,-6,60,-11,60,-1,65,2,68,8,69,10,66,11,67,11,63,17,67,21,62,17,62,23,58,25,56,26,55,27,62,27,56,28,59,23,54,21,54,24,54,22,58,21,51,24,56,23,59,19,55,21,56,22,48,20,52,17,50,21,47,20,52,16,49,14,49,17,51,14,47,7,51,7,49,8,47,11,48,8,0,0]"
CSI_DATA,147,2a:00:00:00:00:00,-47,11,1,0,1,1,1,0,0,0,1,-97,0,11,2,2226524,0,44,0,384,0,"[0,0,0,0,0,0,0,0,0,0,0,0,-8,4,-8,5,-7,5,-8,5,-8,5,-8,6,-8,6,-8,6,-8,6,-7,6,-8,7,-8,7,-7,7,-7,7,-8,7,-8,7,-8,7,-7,7,-7,7,-7,7,-7,7,-7,7,-7,7,-6,7,-7,7,-7,7,0,0,-7,7,-7,7,-7,7,-7,6,-6,6,-6,6,-6,6,-6,6,-7,5,-6,6,-7,6,-7,6,-6,6,-7,5,-7,5,-7,5,-6,5,-7,4,-8,4,-7,3,-7,3,-7,3,-7,3,-7,2,-6,2,-7,1,0,0,0,0,0,0,0,0,0,0,0,0,0,0,-37,-3,-46,1,-51,8,-49,2,-50,10,-53,11,-44,14,-47,11,-44,13,-44,14,-54,13,-47,19,-50,16,-49,17,-51,23,-48,21,-53,20,-48,24,-48,24,-54,25,-49,23,-49,23,-47,24,-49,26,-49,26,-44,23,-49,21,-43,26,-46,22,-47,25,-46,21,-46,18,-49,27,-45,25,-51,27,-44,24,-50,28,-42,21,-44,21,-47,21,-44,17,-41,19,-41,17,-45,14,-43,17,-41,13,-42,11,-45,18,-43,9,-40,4,-41,10,-42,5,-38,7,-39,5,-38,1,-34,-1,-37,-4,0,0,0,0,0,0,0,0,0,0,0,0,0,0,0,0,0,0,0,0,0,0,-11,-1,-17,-2,-24,-8,-21,-6,-24,-10,-21,-6,-28,-13,-27,-25,-27,-24,-30,-32,-24,-33,-25,-35,-23,-39,-17,-52,-17,-52,-13,-50,-16,-54,-13,-60,-10,-59,-5,-64,-2,-64,1,-66,7,-68,7,-65,9,-67,16,-68,17,-64,19,-67,19,-64,19,-60,23,-61,24,-57,21,-56,20,-57,24,-61,20,-59,24,-62,21,-59,21,-59,19,-56,16,-58,19,-62,19,-54,14,-58,11,-60,9,-50,14,-56,10,-57,14,-53,12,-57,10,-52,13,-53,10,-56,9,-52,3,-47,8,-48,1,-53,0,0]"
CSI_DATA,148,2a:00:00:00:00:00,-47,11,1,0,1,1,1,0,0,0,1,-97,0,11,2,2237641,0,44,0,384,0,"[0,0,0,0,0,0,0,0,0,0,0,0,-4,7,-4,8,-4,8,-3,7,-3,8,-3,8,-3,8,-3,8,-3,8,-2,9,-3,9,-3,9,-2,9,-3,9,-2,9,-2,9,-2,10,-2,9,-1,10,-2,9,-2,9,-2,9,-2,9,-2,9,-1,9,-2,9,0,0,-2,9,-2,9,-2,9,-2,9,-2,9,-2,9,-2,9,-2,8,-2,8,-2,8,-3,7,-2,8,-3,7,-2,7,-3,7,-3,7,-3,7,-3,7,-3,6,-3,6,-4,5,-4,5,-4,5,-4,5,-4,4,-4,4,0,0,0,0,0,0,0,0,0,0,0,0,0,0,-29,33,-33,33,-28,37,-28,40,-26,42,-26,39,-26,40,-23,40,-20,45,-21,41,-22,41,-16,49,-18,44,-19,49,-23,46,-20,50,-21,48,-12,54,-16,55,-15,51,-17,55,-18,52,-14,50,-13,53,-15,57,-12,52,-16,49,-11,49,-13,47,-12,48,-13,48,-15,49,-13,52,-12,52,-11,48,-13,45,-14,51,-16,44,-13,49,-15,40,-15,43,-19,41,-16,44,-15,44,-19,40,-16,38,-20,38,-17,39,-18,34,-18,36,-20,30,-21,35,-25,35,-20,30,-26,26,-26,21,-28,22,0,0,0,0,0,0,0,0,0,0,0,0,0,0,0,0,0,0,0,0,0,0,-7,4,-10,7,-16,8,-14,10,-23,9,-19,8,-21,5,-30,4,-38,-1,-31,2,-41,-7,-47,-9,-47,-6,-46,-15,-49,-21,-46,-21,-49,-26,-50,-30,-53,-24,-50,-36,-48,-38,-52,-46,-48,-48,-43,-44,-40,-55,-41,-55,-33,-54,-38,-56,-34,-52,-35,-58,-30,-52,-34,-53,-33,-54,-35,-54,-33,-53,-27,-54,-31,-48,-24,-51,-28,-52,-31,-54,-28,-54,-37,-52,-28,-48,-35,-50,-32,-54,-41,-47,-32,-52,-36,-48,-34,-47,-33,-44,-30,-46,-35,-47,-32,-44,-31,-44,-34,-42,-36,-40,-33,-35,0,0]"
CSI_DATA,149,2a:00:00:00:00:00,-47,11,1,0,1,1,1,0,0,0,1,-97,0,11,2,2246265,0,44,0,384,0,"[0,0,0,0,0,0,0,0,0,0,0,0,7,3,7,3,8,2,8,3,8,3,8,2,8,2,9,2,9,1,9,2,9,1,9,1,9,1,9,1,10,1,10,1,10,0,9,1,9,1,9,1,9,2,9,1,9,1,9,0,9,1,9,0,0,0,10,0,9,1,9,1,9,1,9,2,9,1,8,1,8,1,8,1,8,1,8,1,7,1,8,1,7,1,8,2,7,1,7,2,7,2,7,2,7,2,6,2,6,3,6,2,5,3,5,3,5,3,0,0,0,0,0,0,0,0,0,0,0,0,0,0,35,32,34,27,40,30,36,26,45,23,34,20,40,22,39,20,41,17,41,16,47,15,48,17,43,14,47,15,47,12,45,9,53,12,48,8,51,13,51,8,50,5,47,13,51,6,49,17,46,15,49,15,54,12,50,9,47,9,54,8,50,3,52,8,45,8,48,10,50,7,44,10,44,12,45,11,45,14,47,14,48,11,48,6,44,10,41,11,43,10,43,13,41,15,39,14,38,17,38,16,33,17,33,15,35,19,31,21,30,14,22,22,25,16,0,0,0,0,0,0,0,0,0,0,0,0,0,0,0,0,0,0,0,0,0,0,10,10,9,10,12,13,8,19,8,22,6,24,4,26,2,33,2,32,-1,35,-5,43,-6,44,-6,49,-12,50,-22,52,-25,47,-29,47,-32,50,-32,56,-41,48,-44,47,-48,49,-48,47,-52,42,-53,39,-53,46,-51,40,-56,34,-57,35,-59,33,-49,27,-57,28,-57,28,-57,30,-55,30,-55,27,-51,29,-45,31,-50,33,-52,31,-50,31,-49,33,-54,37,-52,34,-52,34,-57,27,-49,30,-50,30,-47,33,-46,36,-44,36,-45,32,-44,31,-42,32,-38,29,-44,35,-43,34,0,0]"
CSI_DATA,150,2a:00:00:00:00:00,-47,11,1,0,1,1,1,0,0,0,1,-97,0,11,2,2276300,0,44,0,384,0,"[0,0,0,0,0,0,0,0,0,0,0,0,-9,-5,-9,-4,-8,-4,-9,-5,-9,-4,-9,-3,-9,-3,-9,-3,-10,-3,-9,-3,-10,-3,-10,-3,-9,-3,-9,-3,-10,-3,-10,-3,-10,-3,-9,-3,-10,-3,-10,-3,-9,-4,-9,-4,-10,-3,-9,-3,-9,-3,-10,-2,0,0,-9,-3,-9,-4,-9,-3,-9,-2,-8,-3,-8,-4,-8,-3,-8,-3,-8,-3,-8,-3,-8,-3,-7,-3,-7,-3,-8,-3,-7,-4,-8,-3,-7,-4,-6,-4,-6,-4,-6,-5,-6,-5,-5,-4,-5,-4,-5,-5,-5,-5,-4,-5,0,0,0,0,0,0,0,0,0,0,0,0,0,0,-40,-35,-39,-38,-38,-30,-41,-26,-43,-29,-41,-29,-36,-25,-43,-27,-37,-18,-40,-21,-46,-25,-50,-22,-44,-20,-43,-24,-46,-20,-45,-18,-46,-18,-47,-18,-50,-20,-49,-20,-52,-19,-45,-23,-45,-18,-46,-22,-48,-22,-46,-15,-47,-20,-43,-24,-43,-20,-45,-18,-46,-17,-45,-19,-43,-16,-44,-17,-45,-20,-41,-20,-38,-18,-39,-14,-39,-14,-38,-15,-39,-20,-37,-19,-35,-17,-32,-17,-36,-20,-40,-18,-35,-23,-34,-22,-34,-23,-30,-20,-30,-24,-25,-24,-29,-25,-27,-25,-23,-22,-19,-26,-16,-25,0,0,0,0,0,0,0,0,0,0,0,0,0,0,0,0,0,0,0,0,0,0,-12,-15,-11,-17,-9,-16,-16,-24,-15,-25,-12,-23,-10,-28,-10,-30,-10,-32,-5,-39,-2,-43,-2,-48,-2,-49,5,-49,6,-51,10,-57,15,-57,13,-59,24,-60,25,-61,24,-60,29,-61,34,-58,43,-55,42,-53,45,-57,46,-53,46,-50,47,-47,49,-43,48,-45,52,-47,49,-40,49,-47,50,-48,49,-41,49,-46,47,-43,43,-43,51,-43,46,-39,43,-44,47,-42,47,-40,49,-47,41,-39,48,-45,43,-45,42,-43,43,-42,48,-34,39,-43,44,-39,42,-36,42,-33,41,-37,43,-41,0,0]"
CSI_DATA,151,2a:00:00:00:00:00,-46,11,1,0,1,1,1,0,0,0,1,-97,0,11,2,2296142,0,44,0,384,0,"[0,0,0,0,0,0,0,0,0,0,0,0,8,-4,8,-4,8,-4,8,-4,8,-5,7,-5,8,-5,8,-5,8,-6,8,-5,8,-6,8,-6,7,-6,7,-6,7,-6,7,-7,8,-7,7,-6,7,-6,7,-6,7,-6,7,-6,7,-6,6,-6,7,-6,7,-6,0,0,7,-6,6,-6,6,-6,7,-6,6,-5,6,-5,5,-5,5,-5,5,-5,6,-5,6,-5,5,-5,5,-5,5,-4,5,-5,5,-5,5,-4,5,-4,5,-4,5,-3,6,-3,5,-3,5,-2,5,-2,5,-1,5,-1,0,0,0,0,0,0,0,0,0,0,0,0,0,0,39,-26,43,-31,40,-32,48,-34,40,-31,40,-36,38,-26,43,-34,39,-33,38,-35,41,-41,35,-39,40,-38,33,-39,38,-43,38,-38,36,-38,36,-41,34,-42,37,-45,35,-43,39,-45,31,-46,29,-38,32,-41,32,-38,36,-37,34,-37,30,-39,33,-42,33,-43,29,-38,28,-34,25,-38,33,-40,27,-33,24,-39,26,-34,26,-34,26,-32,27,-33,29,-30,26,-31,27,-32,24,-31,27,-31,21,-30,28,-31,29,-26,25,-25,31,-21,30,-21,26,-22,25,-16,28,-13,29,-13,26,-13,0,0,0,0,0,0,0,0,0,0,0,0,0,0,0,0,0,0,0,0,0,0,13,-1,12,3,19,5,21,3,20,8,25,7,23,10,26,12,28,17,35,17,30,26,33,28,35,31,32,30,35,35,35,36,35,43,36,50,35,52,31,54,30,54,30,55,23,63,22,63,18,61,13,69,16,65,15,67,12,66,13,67,10,67,9,62,6,63,11,64,6,62,8,62,8,60,10,64,6,59,12,56,9,59,13,63,14,60,12,57,9,63,15,56,11,54,18,57,16,57,13,56,16,52,19,60,20,57,20,53,22,56,21,54,27,50,0,0]"
CSI_DATA,152,2a:00:00:00:00:00,-46,11,1,0,1,1,1,0,0,0,1,-97,0,11,2,2306140,0,44,0,384,0,"[0,0,0,0,0,0,0,0,0,0,0,0,-10,2,-10,1,-9,3,-10,2,-10,2,-10,3,-10,3,-10,3,-10,3,-10,3,-10,4,-10,4,-10,4,-10,4,-10,4,-10,5,-9,5,-10,4,-10,4,-9,4,-10,3,-9,4,-10,4,-9,4,-8,4,-9,4,0,0,-9,4,-8,3,-8,4,-8,4,-8,4,-7,4,-7,3,-7,3,-8,3,-8,4,-7,3,-7,3,-7,3,-7,3,-7,3,-8,2,-7,3,-7,2,-7,2,-7,1,-7,1,-7,1,-7,0,-6,1,-6,0,-6,-1,0,0,0,0,0,0,0,0,0,0,0,0,0,0,-52,3,-54,2,-49,7,-48,5,-48,14,-53,12,-50,9,-51,13,-49,16,-53,14,-49,17,-58,19,-51,20,-50,21,-53,20,-51,26,-54,25,-52,22,-54,21,-53,22,-56,23,-47,23,-48,26,-46,23,-48,18,-47,21,-49,19,-44,24,-46,23,-48,22,-41,22,-46,25,-41,24,-39,25,-46,18,-45,19,-42,18,-40,22,-38,26,-40,22,-36,20,-41,19,-32,22,-36,19,-38,20,-38,17,-36,23,-35,17,-38,13,-38,10,-34,12,-34,10,-33,12,-38,4,-35,6,-34,1,-35,-3,0,0,0,0,0,0,0,0,0,0,0,0,0,0,0,0,0,0,0,0,0,0,-11,-8,-10,-17,-9,-11,-10,-16,-13,-18,-14,-19,-10,-21,-13,-29,-13,-27,-11,-33,-13,-36,-16,-41,-17,-41,-7,-49,-8,-48,-7,-51,2,-59,1,-58,-4,-63,5,-59,8,-62,6,-66,18,-65,12,-64,19,-65,19,-68,23,-57,23,-60,23,-59,26,-60,30,-61,25,-57,25,-55,28,-57,23,-59,25,-58,24,-57,24,-56,21,-53,19,-59,21,-59,18,-56,17,-55,20,-57,14,-56,13,-52,16,-53,16,-58,16,-58,11,-51,6,-54,11,-54,11,-53,8,-58,9,-59,3,-52,1,-54,0,0]"
CSI_DATA,153,2a:00:00:00:00:00,-46,11,1,0,1,1,1,0,0,0,1,-97,0,11,2,2316151,0,44,0,384,0,"[0,0,0,0,0,0,0,0,0,0,0,0,9,-3,9,-4,8,-4,8,-5,8,-5,8,-4,8,-5,8,-5,8,-5,8,-5,9,-5,9,-6,8,-5,8,-5,8,-5,9,-6,8,-6,9,-5,8,-5,8,-5,8,-5,8,-5,8,-5,7,-5,7,-5,8,-5,0,0,8,-5,7,-4,7,-5,7,-5,7,-4,6,-5,6,-4,6,-4,6,-4,6,-4,6,-4,6,-4,6,-4,6,-4,6,-4,6,-4,6,-3,6,-3,6,-3,6,-2,6,-3,6,-2,5,-2,5,-1,6,-1,5,-1,0,0,0,0,0,0,0,0,0,0,0,0,0,0,51,-12,47,-16,47,-16,48,-22,46,-20,49,-22,45,-20,49,-21,47,-24,46,-27,48,-25,45,-29,47,-28,47,-28,48,-27,48,-32,44,-28,47,-28,48,-28,49,-27,52,-33,42,-24,44,-29,43,-28,47,-26,43,-27,39,-28,45,-28,42,-29,42,-29,43,-26,40,-27,39,-22,39,-26,38,-26,39,-25,31,-25,36,-29,35,-24,34,-20,39,-21,34,-23,34,-24,34,-20,36,-25,35,-20,37,-21,33,-17,37,-15,36,-15,32,-14,33,-10,35,-12,31,-8,31,-7,32,-5,32,-2,0,0,0,0,0,0,0,0,0,0,0,0,0,0,0,0,0,0,0,0,0,0,9,6,11,5,15,8,12,9,15,9,19,16,19,13,22,17,23,25,23,22,27,27,24,33,29,32,24,41,23,42,23,47,20,53,21,51,20,55,18,58,14,56,12,63,9,61,6,66,1,64,1,68,-3,71,-5,69,-6,64,-5,67,-7,62,-9,64,-11,61,-7,63,-7,64,-9,61,-7,58,-6,58,-4,55,-3,57,-5,59,-4,58,-7,57,-5,57,-7,57,-4,51,-2,58,-3,57,-3,54,1,53,5,56,4,55,5,54,6,50,6,52,7,52,9,51,0,0]"
CSI_DATA,154,2a:00:00:00:00:00,-46,11,1,0,1,1,1,0,0,0,1,-97,0,11,2,2326141,0,44,0,384,0,"[0,0,0,0,0,0,0,0,0,0,0,0,-10,1,-11,1,-10,1,-10,1,-11,1,-10,2,-11,2,-10,2,-11,2,-11,2,-11,2,-11,2,-11,2,-11,2,-10,2,-11,3,-10,2,-11,2,-10,3,-10,2,-10,2,-10,2,-10,2,-9,2,-9,1,-9,2,0,0,-9,3,-9,2,-9,2,-9,2,-8,2,-8,2,-8,2,-8,2,-8,2,-8,2,-8,2,-8,2,-7,1,-7,2,-8,2,-8,1,-8,1,-7,1,-8,1,-7,0,-7,0,-7,0,-7,-1,-7,-1,-6,-1,-6,-2,0,0,0,0,0,0,0,0,0,0,0,0,0,0,-50,-4,-53,1,-55,3,-56,10,-58,12,-51,6,-55,12,-56,9,-54,9,-53,10,-53,15,-54,13,-58,17,-54,16,-58,14,-59,14,-55,12,-54,14,-52,19,-57,22,-53,19,-57,19,-50,17,-47,18,-48,14,-52,15,-49,16,-49,19,-45,19,-46,15,-49,16,-53,17,-44,21,-44,15,-45,19,-40,16,-38,16,-38,20,-41,19,-41,20,-37,14,-43,16,-36,14,-40,13,-36,15,-41,12,-40,11,-35,11,-36,8,-36,9,-38,8,-37,8,-33,8,-32,4,-34,0,-30,-3,-32,-2,0,0,0,0,0,0,0,0,0,0,0,0,0,0,0,0,0,0,0,0,0,0,-9,-11,-9,-12,-10,-15,-12,-17,-11,-17,-13,-17,-17,-24,-15,-26,-18,-26,-14,-38,-13,-40,-12,-41,-12,-41,-8,-43,-8,-48,-12,-52,-3,-53,-2,-59,3,-53,3,-53,5,-60,4,-62,14,-63,17,-68,21,-61,22,-62,24,-62,24,-61,25,-61,23,-54,25,-59,28,-55,23,-53,26,-55,24,-57,24,-54,25,-60,20,-55,24,-58,22,-50,23,-52,16,-55,17,-54,19,-54,16,-55,9,-53,13,-57,16,-58,7,-52,10,-58,9,-51,12,-54,8,-56,6,-53,7,-60,-1,-51,1,-59,0,0]"
CSI_DATA,155,2a:00:00:00:00:00,-46,11,1,0,1,1,1,0,0,0,1,-97,0,11,2,2336776,0,44,0,384,0,"[0,0,0,0,0,0,0,0,0,0,0,0,-12,0,-11,1,-11,1,-11,1,-11,0,-11,2,-11,2,-11,3,-11,2,-11,2,-12,1,-11,2,-11,2,-11,1,-11,2,-11,2,-11,2,-12,2,-11,2,-10,2,-10,2,-10,2,-10,2,-10,2,-10,1,-10,3,0,0,-9,3,-9,2,-9,2,-9,2,-9,2,-9,2,-9,2,-8,2,-8,2,-8,2,-8,2,-8,1,-8,1,-8,1,-8,2,-8,1,-8,1,-7,1,-7,1,-7,0,-7,0,-7,0,-7,0,-6,-1,-6,-1,-6,-1,0,0,0,0,0,0,0,0,0,0,0,0,0,0,-53,12,-48,10,-56,10,-49,11,-49,17,-55,19,-48,20,-47,15,-52,22,-52,23,-52,23,-54,26,-52,28,-50,29,-56,25,-49,29,-55,21,-52,23,-46,23,-49,29,-53,28,-48,27,-44,23,-47,25,-52,25,-45,22,-47,24,-42,24,-44,19,-42,22,-45,26,-43,27,-41,28,-40,26,-38,29,-37,22,-38,22,-34,27,-34,19,-36,23,-37,26,-38,24,-36,22,-35,20,-32,19,-40,19,-35,22,-33,25,-33,12,-30,19,-34,15,-36,12,-29,12,-34,10,-32,3,-31,4,-32,4,0,0,0,0,0,0,0,0,0,0,0,0,0,0,0,0,0,0,0,0,0,0,-9,-10,-8,-11,-13,-14,-15,-15,-12,-17,-14,-19,-13,-26,-19,-27,-16,-28,-25,-40,-16,-36,-15,-36,-12,-42,-16,-45,-10,-42,-6,-47,-11,-54,-4,-55,-5,-60,-3,-63,-5,-65,5,-60,8,-65,13,-66,15,-67,11,-65,17,-64,16,-63,20,-65,19,-64,19,-59,17,-61,17,-61,17,-61,20,-60,17,-60,16,-62,18,-61,16,-57,15,-54,10,-55,11,-62,11,-58,11,-59,14,-54,3,-64,12,-56,4,-53,10,-53,8,-57,6,-54,-4,-54,4,-50,-2,-56,-5,-50,-6,-51,-6,-55,0,0]"
CSI_DATA,156,2a:00:00:00:00:00,-46,11,1,0,1,1,1,0,0,0,1,-97,0,11,2,2346939,0,44,0,384,0,"[0,0,0,0,0,0,0,0,0,0,0,0,-6,-9,-7,-8,-7,-8,-7,-9,-7,-8,-7,-8,-7,-8,-7,-8,-7,-8,-8,-8,-7,-8,-7,-8,-8,-8,-8,-8,-8,-8,-8,-8,-8,-7,-7,-7,-7,-8,-7,-8,-7,-8,-7,-8,-7,-7,-7,-7,-7,-8,-6,-7,0,0,-6,-7,-7,-7,-6,-7,-6,-6,-6,-7,-6,-6,-6,-6,-6,-6,-6,-6,-5,-6,-5,-6,-5,-6,-5,-6,-5,-6,-5,-5,-5,-5,-5,-6,-4,-6,-4,-6,-4,-5,-3,-6,-3,-5,-3,-5,-3,-6,-2,-6,-2,-5,0,0,0,0,0,0,0,0,0,0,0,0,0,0,-29,-44,-33,-43,-34,-43,-35,-40,-38,-41,-38,-43,-37,-41,-40,-41,-43,-45,-39,-39,-42,-41,-46,-39,-39,-39,-42,-40,-44,-37,-43,-36,-47,-41,-43,-38,-41,-40,-44,-34,-42,-38,-39,-38,-45,-37,-39,-35,-38,-37,-38,-35,-40,-33,-41,-36,-36,-32,-36,-31,-36,-30,-36,-39,-35,-32,-35,-34,-34,-32,-33,-32,-32,-27,-31,-31,-27,-31,-31,-29,-29,-27,-27,-31,-28,-28,-25,-27,-24,-28,-23,-27,-31,-29,-24,-30,-23,-29,-22,-27,-19,-30,-18,-26,-16,-28,-16,-28,-15,-26,-13,-29,-12,-24,0,0,0,0,0,0,0,0,0,0,0,0,0,0,0,0,0,0,0,0,0,0,1,-14,3,-14,3,-20,5,-19,7,-23,9,-24,7,-25,10,-28,12,-31,15,-28,18,-35,23,-33,21,-39,27,-35,32,-40,36,-34,39,-38,42,-37,46,-40,47,-37,55,-37,58,-32,53,-36,56,-31,60,-27,63,-29,61,-23,63,-23,64,-21,63,-16,60,-16,63,-17,62,-15,60,-20,58,-15,61,-18,54,-18,54,-18,58,-15,53,-17,56,-20,55,-20,54,-19,57,-18,51,-20,50,-17,51,-20,52,-23,51,-22,48,-23,51,-23,47,-21,46,-23,48,-24,44,-27,47,-24,47,-34,0,0]"
CSI_DATA,157,2a:00:00:00:00:00,-46,11,1,0,1,1,1,0,0,0,1,-97,0,11,2,2356683,0,44,0,384,0,"[0,0,0,0,0,0,0,0,0,0,0,0,1,-10,1,-11,0,-10,0,-11,0,-11,1,-11,1,-11,1,-11,1,-11,0,-11,0,-11,0,-11,-1,-11,-1,-11,0,-11,0,-11,0,-11,0,-10,0,-10,0,-10,0,-10,0,-10,0,-10,-1,-10,-1,-10,0,-10,0,0,0,-9,0,-9,0,-9,0,-9,0,-9,0,-8,0,-8,0,-8,0,-8,0,-8,0,-8,0,-8,0,-8,0,-7,0,-7,0,-7,0,-7,1,-6,1,-7,1,-6,1,-6,1,-6,1,-6,1,-6,2,-5,2,-5,0,0,0,0,0,0,0,0,0,0,0,0,0,0,16,-60,11,-51,13,-54,13,-57,10,-54,12,-52,4,-60,4,-57,2,-55,6,-53,5,-56,2,-54,1,-61,2,-62,2,-56,3,-59,-1,-60,2,-58,-4,-60,-2,-58,-3,-58,6,-54,-2,-60,-6,-57,-2,-55,-1,-53,1,-49,-1,-56,-2,-51,2,-50,4,-44,-2,-47,-2,-50,0,-50,1,-45,1,-48,-3,-48,-1,-47,-2,-46,-4,-41,4,-42,-1,-40,-2,-41,1,-37,-4,-36,4,-36,3,-36,-2,-37,6,-38,2,-34,6,-28,7,-33,8,-29,7,-31,10,-25,11,-23,13,-23,0,0,0,0,0,0,0,0,0,0,0,0,0,0,0,0,0,0,0,0,0,0,15,-7,14,-6,16,-8,21,-10,23,-10,21,-10,26,-10,29,-7,30,-8,38,-6,42,-4,41,-3,47,-1,47,1,52,5,50,2,53,8,50,9,60,12,64,15,59,16,59,21,63,22,63,28,59,26,58,32,52,31,51,34,55,36,51,36,52,38,52,37,56,33,54,36,52,38,47,30,52,36,53,36,48,31,49,30,51,30,52,31,47,33,51,32,44,28,57,29,49,22,51,24,51,24,50,28,52,23,51,26,50,18,49,20,48,19,50,20,59,16,0,0]"
CSI_DATA,158,2a:00:00:00:00:00,-47,11,1,0,1,1,1,0,0,0,1,-97,0,11,2,2386134,0,44,0,384,0,"[0,0,0,0,0,0,0,0,0,0,0,0,-7,-8,-7,-7,-7,-7,-7,-7,-7,-7,-7,-7,-7,-6,-7,-7,-7,-7,-7,-7,-7,-7,-7,-7,-7,-6,-7,-6,-8,-6,-8,-6,-8,-6,-7,-6,-7,-6,-7,-6,-7,-6,-7,-6,-6,-6,-7,-6,-6,-6,-6,-6,0,0,-7,-5,-6,-6,-6,-5,-6,-5,-6,-6,-6,-5,-6,-5,-6,-5,-5,-4,-5,-4,-5,-5,-5,-4,-5,-4,-5,-4,-5,-4,-5,-4,-5,-5,-5,-5,-4,-4,-4,-5,-4,-4,-3,-4,-3,-4,-3,-4,-3,-4,-2,-4,0,0,0,0,0,0,0,0,0,0,0,0,0,0,-36,-40,-38,-41,-36,-39,-38,-36,-44,-34,-38,-36,-38,-35,-43,-34,-41,-34,-42,-30,-48,-29,-44,-30,-41,-29,-44,-28,-46,-30,-44,-29,-43,-24,-46,-29,-44,-30,-44,-26,-47,-25,-41,-27,-44,-25,-46,-22,-41,-28,-36,-26,-40,-27,-43,-23,-41,-27,-41,-25,-37,-24,-37,-27,-38,-23,-37,-21,-42,-19,-31,-23,-34,-19,-31,-21,-36,-20,-30,-18,-31,-20,-31,-18,-32,-21,-31,-19,-25,-18,-30,-20,-28,-21,-29,-17,-29,-17,-26,-19,-20,-17,-23,-19,-22,-20,-19,-18,-18,-23,-16,-21,-16,-22,0,0,0,0,0,0,0,0,0,0,0,0,0,0,0,0,0,0,0,0,0,0,-2,-18,-7,-20,0,-25,-3,-27,-4,-27,1,-31,0,-32,4,-38,5,-40,11,-40,12,-42,17,-44,15,-50,20,-45,24,-44,30,-48,34,-51,35,-50,37,-49,40,-49,44,-50,49,-48,50,-43,55,-40,60,-36,58,-38,55,-36,60,-36,57,-33,60,-38,58,-33,56,-28,59,-28,57,-27,57,-32,55,-30,56,-32,56,-27,56,-29,54,-31,57,-28,53,-30,54,-31,53,-31,50,-33,56,-34,55,-34,51,-35,53,-30,51,-32,50,-33,46,-35,46,-35,47,-33,46,-36,48,-34,42,-35,0,0]"
CSI_DATA,159,2a:00:00:00:00:00,-48,11,1,0,1,1,1,0,0,0,1,-97,0,11,2,2396270,0,44,0,384,0,"[0,0,0,0,0,0,0,0,0,0,0,0,5,-8,4,-8,4,-8,4,-8,4,-9,4,-9,4,-9,4,-9,4,-9,3,-9,3,-9,4,-9,3,-9,3,-9,3,-9,4,-10,3,-9,3,-9,3,-9,3,-9,3,-9,3,-9,3,-9,2,-8,3,-9,3,-8,0,0,3,-8,3,-8,3,-8,3,-8,3,-7,2,-7,2,-7,2,-7,3,-7,3,-7,3,-6,2,-6,2,-6,2,-6,3,-6,2,-6,2,-6,2,-5,3,-5,3,-5,2,-5,3,-4,3,-4,3,-4,3,-4,3,-3,0,0,0,0,0,0,0,0,0,0,0,0,0,0,45,-32,38,-34,44,-28,41,-28,43,-29,36,-36,36,-32,37,-36,31,-36,34,-36,37,-34,29,-34,38,-38,32,-37,38,-39,34,-41,38,-42,33,-35,33,-41,38,-35,37,-40,32,-40,35,-39,30,-39,32,-37,33,-39,36,-29,28,-40,33,-38,31,-35,31,-36,33,-37,30,-32,29,-36,26,-33,29,-34,24,-30,31,-31,25,-29,26,-25,25,-26,27,-25,25,-30,26,-27,25,-28,23,-23,22,-23,23,-23,24,-20,18,-22,27,-24,25,-18,26,-14,27,-12,24,-13,22,-13,25,-8,0,0,0,0,0,0,0,0,0,0,0,0,0,0,0,0,0,0,0,0,0,0,17,-8,20,-4,23,-4,26,-4,29,-2,31,0,33,2,38,4,41,5,42,9,41,11,46,17,47,19,49,21,54,25,46,30,49,33,48,38,49,41,48,48,43,52,44,51,40,50,42,59,34,55,34,66,32,62,37,63,29,58,29,66,28,62,25,58,29,58,25,63,24,59,24,63,26,59,23,56,26,58,27,58,27,58,25,56,26,60,29,55,24,60,22,54,19,53,28,58,25,57,21,55,22,53,30,53,24,57,20,49,29,49,22,50,32,40,0,0]"
CSI_DATA,160,2a:00:00:00:00:00,-48,11,1,0,1,1,1,0,0,0,1,-97,0,11,2,2419803,0,44,0,384,0,"[0,0,0,0,0,0,0,0,0,0,0,0,5,-7,4,-7,4,-8,4,-8,3,-8,3,-8,3,-8,3,-8,3,-8,3,-9,3,-9,3,-9,2,-9,2,-9,2,-9,3,-9,2,-9,3,-9,2,-9,2,-9,2,-9,2,-9,3,-9,2,-9,2,-9,3,-8,0,0,3,-8,2,-8,2,-8,3,-8,2,-7,2,-7,2,-7,2,-7,3,-7,2,-7,3,-6,2,-6,2,-6,2,-6,3,-6,2,-6,3,-6,3,-5,3,-5,3,-5,3,-5,3,-4,3,-4,3,-4,3,-3,3,-3,0,0,0,0,0,0,0,0,0,0,0,0,0,0,-27,-44,-32,-43,-31,-37,-31,-35,-34,-37,-32,-32,-34,-34,-36,-31,-36,-27,-37,-28,-34,-31,-32,-28,-37,-30,-40,-30,-39,-32,-41,-25,-40,-27,-43,-26,-39,-28,-43,-23,-42,-28,-44,-29,-39,-28,-38,-27,-39,-24,-38,-30,-38,-25,-32,-30,-38,-26,-35,-29,-35,-27,-33,-27,-38,-30,-32,-24,-35,-29,-30,-28,-31,-28,-26,-21,-27,-26,-33,-26,-30,-25,-27,-29,-22,-19,-24,-21,-24,-19,-23,-23,-24,-23,-23,-19,-15,-20,-19,-26,-19,-21,-20,-21,-15,-21,-15,-24,-11,-22,-12,-18,-8,-22,0,0,0,0,0,0,0,0,0,0,0,0,0,0,0,0,0,0,0,0,0,0,-20,-15,-16,-15,-16,-20,-17,-25,-15,-26,-19,-29,-17,-34,-12,-38,-16,-41,-9,-48,-4,-50,-4,-56,-1,-55,6,-57,9,-59,14,-62,20,-56,26,-61,25,-56,29,-63,34,-62,44,-63,44,-60,46,-54,56,-54,54,-53,53,-51,58,-46,59,-47,61,-44,58,-44,57,-38,57,-39,58,-39,60,-41,60,-38,59,-36,60,-34,59,-36,63,-34,62,-35,56,-33,58,-34,62,-35,59,-31,51,-35,54,-30,56,-32,57,-32,54,-29,53,-29,50,-30,46,-29,50,-28,48,-27,47,-27,45,-31,0,0]"
CSI_DATA,161,2a:00:00:00:00:00,-49,11,1,0,1,1,1,0,0,0,1,-97,0,11,2,2426175,0,44,0,384,0,"[0,0,0,0,0,0,0,0,0,0,0,0,7,-5,7,-5,6,-5,6,-6,6,-5,6,-6,6,-6,6,-6,6,-6,5,-6,6,-7,6,-7,5,-7,5,-7,6,-7,6,-7,6,-7,6,-7,6,-7,6,-7,6,-6,6,-7,6,-6,6,-7,6,-6,6,-6,0,0,6,-6,5,-6,6,-6,6,-5,5,-5,5,-5,5,-5,5,-5,5,-4,5,-4,5,-4,5,-4,5,-4,5,-4,5,-3,5,-4,4,-3,5,-3,5,-3,4,-3,5,-2,4,-2,4,-2,4,-2,4,-1,4,-1,0,0,0,0,0,0,0,0,0,0,0,0,0,0,-2,-51,-4,-45,-6,-47,-7,-45,-9,-47,-7,-45,-4,-38,-12,-45,-15,-39,-13,-44,-12,-41,-19,-44,-21,-45,-15,-43,-22,-44,-17,-44,-19,-42,-17,-43,-20,-41,-20,-43,-22,-45,-20,-42,-20,-41,-21,-45,-19,-42,-16,-42,-17,-40,-20,-43,-14,-43,-17,-42,-18,-35,-18,-40,-11,-38,-13,-39,-18,-35,-12,-38,-12,-36,-12,-32,-9,-34,-12,-38,-7,-32,-9,-30,-6,-31,-9,-32,-5,-31,-5,-31,-8,-32,-4,-28,-2,-31,-2,-31,-1,-27,1,-24,2,-23,4,-21,3,-20,0,-23,2,-20,0,0,0,0,0,0,0,0,0,0,0,0,0,0,0,0,0,0,0,0,0,0,-16,-18,-10,-21,-12,-21,-14,-26,-7,-24,-9,-29,-1,-36,-1,-39,3,-40,3,-40,12,-44,17,-51,15,-51,24,-49,30,-47,34,-47,44,-51,42,-42,48,-55,53,-45,52,-42,60,-40,60,-39,69,-32,67,-29,71,-26,67,-20,71,-22,68,-20,77,-18,70,-10,72,-8,72,-15,68,-10,68,-7,73,-7,67,-8,68,-7,68,-3,70,-7,69,-4,66,-6,68,-2,66,-3,66,-1,60,-2,61,3,64,0,62,-2,64,2,61,2,60,-1,55,3,54,0,58,-6,52,-1,50,0,0,0]"
CSI_DATA,162,2a:00:00:00:00:00,-49,11,1,0,1,1,1,0,0,0,1,-97,0,11,2,2436135,0,44,0,384,0,"[0,0,0,0,0,0,0,0,0,0,0,0,-8,-4,-8,-3,-8,-3,-8,-3,-8,-3,-8,-3,-8,-2,-8,-2,-9,-2,-9,-2,-9,-2,-9,-2,-9,-2,-9,-2,-9,-2,-10,-1,-9,-1,-9,-1,-9,-2,-9,-2,-9,-2,-9,-2,-9,-2,-9,-2,-9,-2,-9,-2,0,0,-9,-2,-8,-2,-8,-2,-9,-2,-8,-2,-8,-2,-7,-2,-7,-2,-7,-3,-7,-3,-7,-3,-6,-2,-6,-2,-6,-2,-7,-3,-6,-3,-6,-3,-6,-3,-6,-3,-5,-3,-5,-3,-5,-3,-5,-3,-4,-4,-4,-4,-3,-4,0,0,0,0,0,0,0,0,0,0,0,0,0,0,-21,35,-24,42,-20,40,-21,37,-24,37,-22,36,-16,42,-22,37,-15,39,-18,40,-11,42,-11,42,-13,39,-11,40,-11,42,-9,46,-10,47,-8,42,-8,42,-10,47,-7,44,-12,40,-6,45,-11,45,-12,46,-12,39,-9,41,-8,46,-13,44,-15,40,-12,35,-12,45,-11,39,-15,45,-13,35,-16,38,-16,38,-9,34,-11,36,-13,31,-15,34,-17,28,-14,32,-19,26,-11,29,-12,28,-12,25,-15,27,-14,24,-13,19,-15,24,-16,23,-17,20,-17,17,-17,15,-20,16,-14,16,0,0,0,0,0,0,0,0,0,0,0,0,0,0,0,0,0,0,0,0,0,0,7,18,3,22,-1,21,-2,22,-4,26,-11,24,-6,33,-16,36,-23,37,-26,35,-29,33,-35,31,-42,32,-48,30,-44,27,-54,28,-59,19,-57,17,-66,18,-67,12,-65,8,-73,7,-73,-1,-72,-9,-72,-13,-76,-13,-69,-16,-67,-20,-70,-24,-65,-23,-64,-29,-64,-31,-67,-26,-66,-26,-65,-31,-65,-31,-67,-32,-62,-36,-63,-36,-55,-35,-58,-37,-58,-35,-60,-32,-63,-39,-59,-37,-45,-34,-52,-39,-51,-36,-52,-38,-50,-35,-46,-41,-49,-38,-44,-36,-50,-37,-45,-36,-44,-35,-44,-30,0,0]"
CSI_DATA,163,2a:00:00:00:00:00,-49,11,1,0,1,1,1,0,0,0,1,-97,0,11,2,2446658,0,44,0,384,0,"[0,0,0,0,0,0,0,0,0,0,0,0,5,-7,5,-7,4,-7,4,-7,4,-7,4,-7,4,-7,3,-7,3,-8,3,-8,3,-8,3,-8,2,-8,2,-8,2,-8,3,-9,3,-9,3,-9,2,-9,2,-9,3,-9,3,-9,3,-8,2,-9,2,-9,3,-8,0,0,3,-8,3,-8,3,-8,3,-8,3,-8,3,-8,3,-8,3,-7,3,-7,3,-7,3,-6,3,-7,3,-6,3,-6,3,-6,3,-6,3,-6,3,-5,3,-5,3,-5,3,-5,3,-4,3,-4,4,-4,3,-3,3,-3,0,0,0,0,0,0,0,0,0,0,0,0,0,0,-14,-45,-13,-43,-16,-46,-14,-42,-18,-44,-17,-41,-15,-34,-19,-37,-20,-36,-23,-34,-24,-30,-23,-37,-27,-34,-24,-32,-25,-36,-28,-35,-30,-33,-31,-38,-34,-34,-26,-35,-30,-39,-29,-38,-26,-34,-26,-36,-26,-33,-30,-34,-30,-32,-30,-28,-30,-33,-28,-36,-31,-34,-28,-36,-22,-31,-23,-35,-24,-35,-25,-31,-22,-32,-23,-31,-20,-31,-19,-35,-24,-35,-20,-31,-13,-30,-14,-29,-15,-30,-19,-32,-15,-27,-16,-28,-11,-30,-8,-28,-10,-30,-9,-25,-7,-27,-8,-26,-8,-24,-4,-22,0,-26,0,0,0,0,0,0,0,0,0,0,0,0,0,0,0,0,0,0,0,0,0,0,-16,-10,-14,-10,-13,-13,-16,-16,-15,-21,-19,-24,-15,-29,-13,-35,-10,-40,-5,-41,-2,-47,0,-51,2,-55,12,-50,14,-59,22,-56,26,-52,31,-56,32,-55,41,-55,44,-54,52,-53,49,-48,57,-46,63,-44,59,-44,63,-36,66,-40,63,-32,71,-31,65,-27,70,-26,68,-26,62,-29,71,-24,71,-23,67,-24,63,-20,70,-19,64,-21,65,-18,66,-18,65,-19,66,-14,68,-16,61,-16,65,-14,65,-15,64,-15,62,-11,64,-17,62,-13,66,-9,55,-9,59,-7,55,-10,53,-9,0,0]"
CSI_DATA,164,2a:00:00:00:00:00,-50,11,1,0,1,1,1,0,0,0,1,-97,0,11,2,2456142,0,44,0,384,0,"[0,0,0,0,0,0,0,0,0,0,0,0,-6,-5,-6,-5,-6,-5,-6,-5,-7,-4,-7,-4,-7,-3,-7,-3,-7,-3,-8,-3,-8,-3,-8,-3,-8,-3,-8,-3,-8,-3,-9,-2,-9,-2,-9,-2,-9,-3,-9,-3,-8,-3,-9,-3,-9,-3,-8,-3,-8,-3,-8,-3,0,0,-8,-3,-8,-3,-8,-3,-8,-3,-7,-3,-8,-3,-7,-3,-7,-3,-7,-3,-7,-3,-7,-3,-6,-3,-6,-3,-6,-3,-6,-4,-6,-4,-6,-4,-6,-4,-5,-4,-5,-4,-5,-4,-4,-4,-4,-4,-4,-4,-3,-4,-3,-4,0,0,0,0,0,0,0,0,0,0,0,0,0,0,-42,22,-37,18,-38,23,-35,23,-31,25,-32,22,-25,25,-29,26,-26,25,-28,23,-26,28,-27,31,-27,33,-22,30,-21,32,-22,33,-24,37,-21,38,-20,36,-25,38,-23,36,-22,36,-16,35,-24,38,-26,35,-22,34,-27,35,-23,36,-19,36,-21,33,-22,33,-26,34,-26,35,-21,40,-25,30,-23,33,-22,32,-24,35,-25,31,-27,31,-21,28,-26,27,-26,21,-21,25,-24,24,-25,23,-27,21,-27,26,-26,18,-23,18,-27,19,-21,16,-26,12,-25,8,-22,16,-20,4,-26,6,0,0,0,0,0,0,0,0,0,0,0,0,0,0,0,0,0,0,0,0,0,0,-6,16,-5,17,-10,15,-15,18,-16,19,-18,20,-26,20,-30,19,-32,18,-39,13,-43,12,-47,9,-52,10,-56,3,-58,3,-57,-9,-61,-16,-60,-11,-66,-18,-65,-24,-64,-28,-64,-37,-63,-36,-61,-41,-62,-47,-60,-44,-53,-54,-54,-59,-45,-55,-49,-57,-41,-56,-46,-61,-45,-61,-45,-55,-44,-56,-39,-62,-40,-59,-35,-61,-40,-62,-37,-57,-39,-62,-35,-61,-39,-62,-33,-62,-32,-65,-32,-54,-28,-61,-28,-59,-27,-59,-31,-61,-25,-56,-26,-56,-27,-55,-24,-57,-20,-52,-20,-54,-21,-54,0,0]"
CSI_DATA,165,2a:00:00:00:00:00,-50,11,1,0,1,1,1,0,0,0,1,-97,0,11,2,2467421,0,44,0,384,0,"[0,0,0,0,0,0,0,0,0,0,0,0,3,5,3,4,4,4,4,4,4,4,4,3,5,3,5,3,5,3,5,3,6,3,6,2,6,3,6,3,6,3,7,2,7,2,7,3,7,3,7,3,7,3,7,3,7,3,7,3,6,3,7,3,0,0,7,3,6,3,6,3,6,3,6,3,6,3,6,3,5,3,5,3,5,3,5,3,5,3,4,3,4,3,4,3,4,4,4,4,4,4,3,4,3,4,3,4,2,4,2,4,2,4,1,4,1,3,0,0,0,0,0,0,0,0,0,0,0,0,0,0,43,-3,42,-6,38,-4,34,-6,37,-12,32,-7,29,-12,26,-7,27,-12,30,-18,32,-22,26,-25,27,-24,28,-23,24,-22,29,-26,27,-28,27,-31,25,-29,30,-31,26,-27,34,-28,28,-28,32,-28,30,-29,30,-29,35,-30,28,-30,29,-30,30,-29,29,-32,31,-25,33,-29,27,-26,33,-23,27,-25,27,-23,30,-24,29,-25,26,-25,29,-20,28,-20,29,-19,28,-19,29,-13,31,-15,28,-12,25,-11,24,-8,29,-12,23,-4,25,-9,27,-8,24,-10,26,1,25,1,21,-1,0,0,0,0,0,0,0,0,0,0,0,0,0,0,0,0,0,0,0,0,0,0,9,-19,9,-14,15,-17,19,-15,20,-17,24,-14,28,-16,33,-13,39,-8,49,-6,47,-4,49,1,54,0,53,6,57,14,62,25,55,27,59,30,58,31,53,42,56,46,51,53,56,58,51,61,50,64,41,67,37,75,35,65,29,70,30,68,28,63,23,72,23,69,28,68,21,68,19,70,23,70,16,68,16,66,19,68,14,70,18,74,19,66,16,69,11,60,1,73,3,68,8,70,4,67,5,63,5,58,4,67,4,53,7,57,3,57,5,59,2,55,0,0]"
CSI_DATA,166,2a:00:00:00:00:00,-50,11,1,0,1,1,1,0,0,0,1,-97,0,11,2,2496822,0,44,0,384,0,"[0,0,0,0,0,0,0,0,0,0,0,0,5,4,5,4,5,3,6,3,6,3,6,2,6,2,6,2,6,1,7,1,7,1,7,1,7,1,8,1,8,1,8,1,8,1,8,1,8,1,8,2,8,2,8,2,8,2,8,2,8,2,8,1,0,0,8,2,7,2,7,2,7,2,7,2,6,2,6,2,6,2,6,2,6,2,6,2,5,2,5,2,5,2,5,2,5,2,5,2,4,3,4,3,4,3,4,3,3,3,3,3,3,3,2,3,2,3,0,0,0,0,0,0,0,0,0,0,0,0,0,0,45,-20,43,-21,39,-23,40,-24,35,-19,38,-21,36,-25,31,-30,33,-29,24,-29,23,-31,25,-33,27,-32,23,-31,25,-34,22,-35,23,-37,22,-38,23,-40,22,-37,22,-40,31,-41,27,-40,29,-39,26,-41,29,-42,29,-36,33,-42,26,-40,24,-35,32,-37,26,-37,32,-36,31,-35,30,-33,31,-30,31,-30,29,-30,25,-30,29,-27,24,-23,26,-20,24,-23,31,-22,32,-18,27,-24,21,-20,23,-21,24,-19,30,-17,27,-12,25,-14,27,-9,25,-7,21,-10,23,-6,25,-6,0,0,0,0,0,0,0,0,0,0,0,0,0,0,0,0,0,0,0,0,0,0,-3,-15,0,-14,0,-11,5,-21,9,-15,14,-19,17,-21,22,-14,27,-19,33,-10,38,-13,40,-11,48,-10,44,-2,54,-2,53,6,56,10,56,13,58,18,57,24,63,30,59,35,59,36,57,43,51,47,53,51,43,54,47,57,45,57,44,57,42,57,41,57,36,57,39,55,43,61,39,59,34,60,36,59,30,62,32,57,36,59,36,62,29,56,30,58,31,62,23,60,28,64,30,61,28,60,25,57,27,55,26,58,20,55,28,51,20,52,20,54,23,53,0,0]"
CSI_DATA,167,2a:00:00:00:00:00,-49,11,1,0,1,1,1,0,0,0,1,-97,0,11,2,2506190,0,44,0,384,0,"[0,0,0,0,0,0,0,0,0,0,0,0,7,3,7,2,7,2,7,2,7,1,7,1,7,0,7,0,8,0,8,0,8,0,8,0,8,0,8,0,9,0,9,-1,9,-1,9,0,9,0,9,0,9,0,9,0,9,0,9,0,9,1,9,0,0,0,8,0,8,1,8,1,8,1,8,1,7,1,7,1,7,1,7,1,7,1,7,1,6,1,6,1,6,1,6,1,6,1,6,1,5,2,5,2,5,2,5,2,4,2,4,2,4,2,3,2,3,2,0,0,0,0,0,0,0,0,0,0,0,0,0,0,36,-26,38,-30,39,-30,31,-30,34,-38,27,-34,30,-29,24,-32,22,-35,23,-37,25,-32,25,-39,17,-38,20,-41,16,-38,18,-46,18,-49,20,-43,19,-40,20,-45,24,-50,23,-49,18,-46,26,-49,20,-44,25,-49,27,-44,25,-49,20,-43,18,-38,24,-40,25,-41,24,-43,24,-41,27,-36,21,-38,23,-34,22,-37,20,-36,24,-33,22,-31,18,-29,24,-31,19,-29,23,-29,25,-24,25,-25,22,-24,23,-25,23,-20,23,-21,21,-20,23,-18,23,-14,24,-18,19,-14,22,-14,0,0,0,0,0,0,0,0,0,0,0,0,0,0,0,0,0,0,0,0,0,0,3,-11,5,-9,5,-9,8,-11,13,-13,18,-18,20,-5,25,-18,29,-11,35,-11,41,-9,43,-6,46,-3,54,1,56,4,54,15,57,20,57,19,58,24,59,27,53,31,57,36,57,45,51,43,51,45,48,50,48,53,43,54,45,59,40,58,40,56,40,57,43,55,41,57,36,57,37,60,35,52,36,56,35,58,35,57,34,53,33,55,32,57,35,58,38,54,27,61,29,58,28,55,30,57,27,52,30,53,33,45,26,50,30,48,29,46,28,45,29,47,0,0]"
CSI_DATA,168,2a:00:00:00:00:00,-48,11,1,0,1,1,1,0,0,0,1,-97,0,11,2,2527125,0,44,0,384,0,"[0,0,0,0,0,0,0,0,0,0,0,0,-7,-6,-7,-7,-7,-6,-8,-6,-8,-6,-7,-6,-8,-6,-8,-6,-8,-6,-8,-6,-8,-6,-8,-6,-8,-6,-9,-6,-8,-6,-8,-6,-9,-6,-8,-6,-8,-6,-8,-6,-7,-6,-7,-6,-7,-5,-7,-5,-7,-5,-7,-5,0,0,-7,-5,-7,-5,-7,-5,-7,-4,-6,-5,-6,-5,-6,-4,-6,-4,-6,-4,-6,-4,-6,-4,-5,-4,-5,-4,-6,-5,-5,-4,-5,-4,-5,-4,-5,-4,-5,-5,-4,-4,-4,-4,-4,-5,-4,-4,-3,-4,-3,-5,-3,-4,0,0,0,0,0,0,0,0,0,0,0,0,0,0,-27,-46,-26,-42,-30,-37,-30,-33,-31,-40,-32,-34,-32,-37,-32,-39,-34,-31,-38,-32,-34,-36,-42,-33,-39,-34,-32,-34,-41,-34,-38,-37,-46,-35,-41,-30,-37,-36,-40,-33,-45,-34,-40,-33,-37,-32,-36,-36,-32,-36,-34,-37,-34,-27,-35,-31,-30,-31,-33,-32,-36,-30,-32,-32,-29,-30,-31,-31,-32,-26,-29,-28,-21,-26,-28,-24,-24,-26,-26,-25,-24,-26,-29,-24,-27,-23,-27,-25,-26,-25,-25,-24,-23,-22,-19,-25,-25,-26,-15,-23,-12,-22,-18,-25,-15,-22,-12,-23,-14,-23,-13,-22,-8,-23,0,0,0,0,0,0,0,0,0,0,0,0,0,0,0,0,0,0,0,0,0,0,-4,-21,-13,-20,-11,-32,-8,-25,-2,-33,-11,-39,-4,-38,5,-36,4,-48,12,-54,16,-49,13,-56,25,-59,24,-58,32,-59,37,-54,40,-60,43,-49,48,-58,51,-48,55,-46,66,-43,68,-50,51,-54,62,-41,64,-33,66,-38,72,-28,62,-25,61,-26,61,-27,65,-23,58,-23,63,-27,63,-18,59,-19,59,-13,58,-19,58,-16,60,-22,62,-20,55,-23,55,-22,57,-23,54,-23,55,-13,57,-16,51,-18,56,-21,48,-25,49,-27,44,-24,50,-21,47,-20,44,-19,51,-27,45,-24,0,0]"
CSI_DATA,169,2a:00:00:00:00:00,-48,11,1,0,1,1,1,0,0,0,1,-97,0,11,2,2539953,0,44,0,384,0,"[0,0,0,0,0,0,0,0,0,0,0,0,-9,1,-9,1,-9,1,-9,1,-9,1,-10,2,-9,2,-9,3,-9,2,-8,2,-10,3,-9,2,-9,2,-10,2,-10,2,-10,3,-10,3,-9,2,-10,2,-9,2,-9,2,-9,2,-9,2,-9,2,-8,1,-8,2,0,0,-8,2,-8,2,-7,2,-8,2,-6,2,-7,1,-6,2,-7,2,-7,2,-7,2,-7,2,-6,2,-6,2,-7,2,-7,1,-7,1,-7,1,-7,1,-7,0,-6,0,-6,0,-6,0,-6,0,-6,-1,-5,-1,-5,-1,0,0,0,0,0,0,0,0,0,0,0,0,0,0,-47,-6,-48,-4,-53,-1,-48,-2,-49,-2,-50,-2,-47,2,-48,8,-45,6,-49,8,-48,9,-55,11,-53,10,-51,7,-53,8,-50,12,-57,9,-51,8,-52,12,-57,6,-55,10,-55,7,-50,10,-50,12,-50,10,-49,5,-44,8,-47,10,-50,9,-46,11,-45,11,-44,13,-40,10,-38,12,-40,10,-37,10,-38,10,-41,12,-40,12,-38,13,-39,8,-34,10,-42,11,-38,10,-37,6,-40,6,-37,5,-38,5,-36,2,-34,3,-36,3,-28,1,-34,-2,-27,-1,-30,-1,-30,0,-26,-3,0,0,0,0,0,0,0,0,0,0,0,0,0,0,0,0,0,0,0,0,0,0,-24,-1,-23,-7,-25,-8,-26,-11,-26,-15,-28,-17,-29,-22,-30,-28,-24,-35,-28,-39,-26,-40,-22,-43,-23,-49,-20,-55,-20,-58,-9,-61,-10,-66,-7,-66,-5,-69,2,-68,3,-72,10,-79,17,-71,17,-64,24,-65,23,-68,27,-67,26,-68,26,-63,31,-64,29,-61,31,-61,27,-61,28,-61,26,-56,30,-56,26,-59,30,-63,27,-57,25,-60,24,-60,23,-56,27,-57,21,-54,22,-50,21,-59,17,-55,23,-53,23,-52,22,-51,21,-49,18,-49,14,-48,14,-53,18,-48,14,-50,11,-50,0,0]"
CSI_DATA,170,2a:00:00:00:00:00,-47,11,1,0,1,1,1,0,0,0,1,-97,0,11,2,2566642,0,44,0,384,0,"[0,0,0,0,0,0,0,0,0,0,0,0,6,-6,6,-6,5,-6,6,-6,5,-6,6,-6,5,-6,5,-7,5,-6,4,-7,5,-7,5,-8,4,-8,4,-7,4,-8,4,-8,5,-8,4,-7,4,-8,5,-7,4,-8,4,-7,4,-7,4,-8,4,-8,5,-7,0,0,5,-7,4,-7,4,-7,4,-6,4,-6,4,-7,4,-6,4,-6,4,-6,4,-5,4,-6,4,-5,4,-6,4,-5,4,-5,4,-5,4,-5,4,-4,4,-4,4,-3,5,-3,4,-3,4,-3,4,-2,4,-2,4,-2,0,0,0,0,0,0,0,0,0,0,0,0,0,0,46,-20,48,-13,46,-19,46,-12,40,-12,39,-19,41,-22,39,-25,32,-26,39,-21,39,-26,37,-25,37,-25,30,-31,34,-26,35,-32,37,-32,32,-27,35,-34,36,-35,40,-35,36,-28,31,-36,34,-31,33,-27,36,-29,35,-27,33,-31,37,-31,33,-29,36,-27,35,-30,30,-29,33,-31,32,-23,34,-26,32,-28,33,-26,29,-29,31,-20,29,-23,34,-20,35,-22,29,-24,33,-21,32,-16,34,-16,31,-13,30,-12,31,-9,28,-6,26,-8,32,-6,30,-6,27,-3,25,-3,26,-4,0,0,0,0,0,0,0,0,0,0,0,0,0,0,0,0,0,0,0,0,0,0,9,-16,12,-17,17,-16,25,-16,24,-16,29,-14,27,-14,28,-12,39,-8,38,-2,46,5,50,5,51,5,49,14,50,16,49,22,56,27,49,29,58,37,55,37,49,40,49,49,46,48,45,53,37,57,40,57,35,61,37,62,33,61,28,65,29,64,29,64,25,60,28,67,23,60,20,64,17,60,17,65,21,66,19,62,19,66,17,63,18,65,23,66,14,63,17,59,15,57,17,63,17,55,18,56,12,59,10,55,7,57,9,59,13,60,12,57,13,55,0,0]"
CSI_DATA,171,2a:00:00:00:00:00,-48,11,1,0,1,1,1,0,0,0,1,-97,0,11,2,2578063,0,44,0,384,0,"[0,0,0,0,0,0,0,0,0,0,0,0,6,5,6,5,6,5,5,4,5,4,5,3,6,4,6,3,5,3,6,4,6,3,6,3,6,3,6,3,6,3,7,3,6,2,6,3,6,3,6,3,5,3,6,3,5,2,5,3,5,3,6,2,0,0,5,2,5,2,4,3,5,2,4,3,4,2,4,3,4,3,4,3,4,2,4,2,4,3,3,2,3,2,4,3,4,3,3,3,3,3,3,2,2,3,2,3,2,3,1,3,1,2,1,3,1,3,0,0,0,0,0,0,0,0,0,0,0,0,0,0,20,41,25,42,27,39,28,41,26,37,24,35,24,30,23,35,26,32,26,34,27,26,24,27,29,33,25,27,28,24,33,20,30,27,28,23,31,21,29,24,30,26,29,26,29,22,27,22,23,25,33,27,30,26,24,23,28,22,30,25,31,25,27,25,23,26,26,20,27,17,21,21,20,21,27,21,17,20,23,24,19,24,22,22,20,18,22,16,17,18,17,19,15,23,18,24,13,19,13,23,11,22,7,22,9,22,8,19,4,21,2,20,5,21,0,0,0,0,0,0,0,0,0,0,0,0,0,0,0,0,0,0,0,0,0,0,23,5,22,9,21,12,28,16,23,15,27,21,23,22,26,26,25,33,23,33,23,42,23,46,20,52,15,54,7,57,3,58,4,62,-2,64,-1,66,-8,65,-15,69,-18,68,-23,68,-22,65,-32,64,-31,71,-36,61,-40,61,-42,61,-46,60,-46,57,-45,54,-48,48,-49,49,-49,53,-47,50,-52,49,-48,50,-48,49,-49,43,-56,48,-53,48,-55,41,-54,46,-53,44,-47,35,-51,40,-55,43,-53,37,-51,36,-51,33,-50,41,-54,38,-49,31,-53,35,-53,30,-53,30,0,0]"
CSI_DATA,172,2a:00:00:00:00:00,-49,11,1,0,1,1,1,0,0,0,1,-97,0,11,2,2586124,0,44,0,384,0,"[0,0,0,0,0,0,0,0,0,0,0,0,-2,8,-1,8,-2,8,-2,8,-1,7,-1,7,-1,7,0,7,0,7,0,7,0,6,0,7,0,7,0,7,0,7,0,7,0,6,0,6,0,7,0,6,0,6,0,6,0,5,0,6,-1,6,0,6,0,0,0,5,-1,5,-1,5,0,5,-1,5,-1,5,-1,4,-1,4,-1,4,0,4,-1,4,-1,4,-1,4,-1,4,-1,4,-1,4,-1,4,-1,3,-1,3,-2,3,-2,3,-2,2,-2,2,-2,2,-2,2,-2,2,0,0,0,0,0,0,0,0,0,0,0,0,0,0,-16,51,-14,49,-16,47,-18,44,-12,45,-11,44,-11,43,-10,39,-9,42,-2,41,-8,40,-7,39,-7,36,-8,40,-8,33,-2,41,-4,44,4,38,-3,38,-3,39,1,41,-1,41,-3,36,-4,39,-2,34,-4,37,-5,37,-6,28,-4,31,1,34,-3,35,-3,32,-6,30,-5,30,-5,29,-7,28,-8,26,-12,26,-7,24,-3,25,-6,28,-1,26,-5,20,-4,25,-6,20,-4,26,-7,22,-9,23,-6,21,-9,18,-7,17,-7,20,-9,16,-13,13,-12,14,-10,14,-12,14,0,0,0,0,0,0,0,0,0,0,0,0,0,0,0,0,0,0,0,0,0,0,15,21,10,25,11,27,10,29,3,33,1,36,-3,38,-3,45,-6,45,-8,49,-16,48,-22,49,-31,55,-33,52,-40,54,-42,50,-42,49,-49,49,-51,49,-63,41,-61,41,-72,37,-69,34,-70,27,-74,23,-79,23,-78,20,-75,17,-78,8,-73,11,-74,7,-70,10,-76,3,-77,2,-70,-2,-77,0,-74,4,-70,-1,-75,-4,-77,-2,-71,-9,-73,-3,-69,-8,-78,-10,-71,-7,-68,-2,-68,-10,-66,-11,-69,-13,-67,-18,-65,-16,-68,-6,-61,-17,-60,-12,-57,-18,-57,-22,-60,-21,0,0]"
CSI_DATA,173,2a:00:00:00:00:00,-47,11,1,0,1,1,1,0,0,0,1,-97,0,11,2,2616309,0,44,0,384,0,"[0,0,0,0,0,0,0,0,0,0,0,0,-2,9,-2,9,-1,9,-1,9,-1,9,-1,9,-1,8,-1,8,-1,8,0,8,0,8,0,8,0,8,0,8,0,8,-1,8,0,8,-1,7,0,8,0,8,0,8,-1,7,-1,7,-1,7,-1,7,-1,6,0,0,-1,6,-1,6,-1,6,-1,5,-1,6,-1,6,-1,6,-1,5,-1,5,-1,5,-1,5,-1,5,-1,5,-1,5,-1,5,-1,4,-2,5,-2,4,-2,4,-2,4,-2,4,-3,3,-3,4,-3,3,-3,3,-3,2,0,0,0,0,0,0,0,0,0,0,0,0,0,0,-8,61,-14,50,-10,59,-11,51,-12,50,-9,54,-8,53,-7,46,-5,47,-7,47,-5,47,-4,42,-3,50,-3,46,-2,44,-1,51,2,46,-5,56,-4,47,2,45,0,39,1,41,-2,44,-4,48,-6,42,-5,47,-3,41,-3,41,-2,35,0,37,-2,38,-1,40,1,38,-1,37,-3,35,-5,40,-9,33,-3,38,-10,35,-1,30,-4,29,-1,29,-7,30,-5,30,-10,32,-4,31,-3,30,-7,28,-9,30,-11,25,-13,28,-14,26,-13,23,-11,17,-12,18,-15,18,-13,12,0,0,0,0,0,0,0,0,0,0,0,0,0,0,0,0,0,0,0,0,0,0,0,19,0,15,-1,19,-6,28,-6,23,-12,28,-7,34,-9,38,-13,35,-16,40,-19,42,-22,43,-29,42,-31,46,-42,43,-46,40,-51,41,-53,40,-54,36,-64,34,-62,31,-71,29,-64,31,-71,25,-72,19,-71,15,-71,18,-74,11,-75,11,-73,8,-74,4,-75,5,-72,2,-68,0,-73,1,-71,-1,-66,-3,-69,1,-70,3,-73,5,-69,-5,-68,1,-67,-4,-73,0,-67,-1,-66,-5,-68,-7,-66,-3,-69,-8,-66,-3,-64,-3,-67,-8,-66,-9,-65,-9,-70,-4,-68,-8,-68,-11,0,0]"
CSI_DATA,174,2a:00:00:00:00:00,-48,11,1,0,1,1,1,0,0,0,1,-97,0,11,2,2626220,0,44,0,384,0,"[0,0,0,0,0,0,0,0,0,0,0,0,6,7,6,6,6,7,6,6,6,6,6,6,6,5,6,5,6,5,6,5,6,5,7,5,7,5,7,5,7,5,7,5,7,4,7,4,7,4,7,5,6,5,7,5,6,4,7,4,6,4,6,4,0,0,6,4,6,4,6,4,6,4,5,4,5,4,5,4,5,4,5,4,5,3,5,4,5,4,5,4,4,4,5,4,4,4,4,4,4,4,4,4,3,4,3,4,3,4,2,4,2,4,2,4,1,4,0,0,0,0,0,0,0,0,0,0,0,0,0,0,48,-24,52,-19,51,-24,57,-23,49,-26,43,-17,48,-27,41,-25,39,-26,44,-28,42,-30,41,-29,41,-27,39,-27,40,-33,40,-31,36,-32,34,-31,37,-32,38,-32,37,-27,41,-32,31,-31,36,-31,32,-30,37,-27,36,-35,37,-34,33,-26,36,-28,37,-28,30,-27,32,-26,29,-24,31,-28,31,-24,31,-23,30,-22,27,-24,30,-21,32,-20,29,-22,23,-22,27,-19,24,-19,28,-23,23,-17,30,-16,29,-14,26,-12,28,-11,25,-9,28,-9,27,-5,27,-7,26,-3,23,1,0,0,0,0,0,0,0,0,0,0,0,0,0,0,0,0,0,0,0,0,0,0,13,-9,9,-7,18,-7,22,-10,24,-12,25,-7,27,-5,35,-3,39,-1,42,0,41,3,45,3,51,11,48,14,51,21,53,27,55,31,53,35,56,34,55,43,53,47,51,49,47,58,43,55,40,55,35,60,39,57,29,61,31,66,32,64,29,67,26,60,27,65,21,60,22,59,22,62,25,58,23,59,27,60,22,61,20,57,23,61,23,58,32,60,25,57,20,60,22,59,25,51,24,56,22,56,27,56,23,56,27,56,25,55,25,56,26,59,22,60,0,0]"
CSI_DATA,175,2a:00:00:00:00:00,-47,11,1,0,1,1,1,0,0,0,1,-97,0,11,2,2636144,0,44,0,384,0,"[0,0,0,0,0,0,0,0,0,0,0,0,-6,-9,-7,-8,-7,-9,-6,-9,-6,-8,-7,-7,-7,-7,-7,-7,-7,-7,-8,-7,-7,-7,-7,-6,-7,-6,-7,-7,-7,-7,-8,-7,-8,-6,-7,-6,-8,-7,-7,-7,-7,-7,-7,-7,-7,-6,-7,-6,-7,-6,-7,-6,0,0,-6,-6,-6,-6,-6,-6,-6,-5,-5,-6,-6,-6,-6,-6,-5,-6,-6,-6,-5,-5,-5,-6,-5,-5,-5,-6,-4,-6,-4,-5,-4,-5,-4,-5,-4,-6,-4,-5,-3,-5,-3,-5,-2,-6,-3,-5,-2,-5,-2,-5,-1,-5,0,0,0,0,0,0,0,0,0,0,0,0,0,0,-26,-56,-23,-52,-27,-54,-28,-52,-29,-48,-26,-48,-24,-43,-26,-46,-21,-44,-31,-39,-32,-40,-31,-37,-34,-36,-31,-37,-31,-42,-30,-39,-30,-40,-29,-36,-35,-33,-33,-35,-35,-32,-37,-34,-34,-35,-33,-33,-35,-33,-33,-35,-38,-33,-31,-33,-32,-36,-37,-37,-31,-31,-32,-30,-28,-29,-24,-31,-32,-31,-26,-36,-29,-31,-27,-28,-27,-29,-28,-29,-26,-30,-24,-31,-17,-27,-20,-28,-24,-29,-18,-29,-19,-28,-25,-30,-17,-30,-13,-27,-16,-27,-13,-26,-13,-26,-9,-28,-8,-26,-2,-25,1,-23,0,0,0,0,0,0,0,0,0,0,0,0,0,0,0,0,0,0,0,0,0,0,-8,-18,-9,-19,-4,-23,-2,-27,-3,-28,-2,-33,0,-35,-1,-37,5,-38,10,-43,13,-41,20,-43,20,-47,30,-46,29,-46,36,-45,40,-49,41,-46,48,-45,49,-44,47,-41,52,-42,57,-38,63,-33,61,-30,62,-27,65,-25,63,-23,61,-24,63,-24,60,-23,62,-16,59,-20,57,-19,59,-20,56,-25,57,-21,56,-22,58,-19,55,-20,54,-25,53,-25,55,-25,54,-27,55,-28,56,-27,56,-29,51,-29,61,-26,56,-28,57,-23,55,-27,59,-30,54,-24,59,-28,58,-24,55,-29,0,0]"
CSI_DATA,176,2a:00:00:00:00:00,-47,11,1,0,1,1,1,0,0,0,1,-97,0,11,2,2646146,0,44,0,384,0,"[0,0,0,0,0,0,0,0,0,0,0,0,6,9,5,8,6,8,5,8,5,8,5,7,5,7,5,6,5,7,5,7,5,6,5,6,6,6,6,6,6,6,6,5,6,6,6,5,6,5,6,6,5,6,6,6,5,5,5,6,5,6,5,5,0,0,5,5,5,5,5,5,5,5,4,5,4,5,4,5,4,5,4,4,4,5,4,4,3,4,3,4,3,4,3,4,3,4,2,4,2,4,2,4,2,4,2,4,1,4,1,4,1,4,0,4,0,3,0,0,0,0,0,0,0,0,0,0,0,0,0,0,29,62,30,58,33,57,28,52,33,49,29,50,34,46,27,50,28,40,27,43,25,43,27,36,29,38,26,35,27,32,36,31,34,37,36,35,32,29,35,32,37,29,36,31,38,32,34,32,30,37,35,38,30,32,30,31,34,33,33,28,31,31,36,29,30,27,26,32,24,25,29,28,25,27,25,29,23,25,26,27,22,20,23,22,20,25,20,20,20,20,19,22,22,26,19,19,16,27,13,21,15,25,12,24,10,22,9,22,5,23,6,22,6,20,0,0,0,0,0,0,0,0,0,0,0,0,0,0,0,0,0,0,0,0,0,0,5,13,10,16,6,22,7,16,4,25,6,29,-2,28,6,35,-4,37,-2,37,-8,42,-8,44,-15,47,-18,48,-23,51,-24,47,-28,51,-34,48,-35,50,-39,50,-43,48,-48,47,-44,42,-46,44,-52,38,-54,39,-56,37,-58,40,-57,36,-60,34,-52,31,-57,33,-54,32,-54,34,-55,33,-56,31,-53,30,-55,32,-56,32,-57,39,-58,38,-52,36,-51,37,-57,37,-52,40,-57,29,-57,36,-60,36,-60,40,-56,32,-60,35,-56,38,-58,35,-55,37,-59,32,-63,37,-64,40,0,0]"
CSI_DATA,177,2a:00:00:00:00:00,-47,11,1,0,1,1,1,0,0,0,1,-97,0,11,2,2656307,0,44,0,384,0,"[0,0,0,0,0,0,0,0,0,0,0,0,-3,10,-3,9,-2,10,-2,9,-2,10,-2,9,-2,8,-2,8,-2,9,-1,9,-1,8,-2,8,-1,8,-1,8,-1,8,-1,8,-1,8,-1,8,0,8,-1,8,-1,8,-1,8,-1,7,-1,8,0,8,-1,7,0,0,-1,7,-1,7,-1,7,-1,7,-1,7,-1,7,-1,6,-1,6,-2,5,-2,6,-1,6,-1,5,-1,5,-1,5,-2,5,-2,5,-2,5,-2,4,-2,4,-2,4,-3,4,-2,4,-3,4,-3,3,-2,3,-3,3,0,0,0,0,0,0,0,0,0,0,0,0,0,0,-21,68,-20,67,-21,63,-20,62,-21,57,-19,59,-15,61,-15,58,-14,55,-13,50,-16,53,-11,49,-15,51,-8,52,-11,45,-5,48,-9,54,-3,50,-6,51,-7,48,-10,49,-5,46,-3,46,-7,46,-6,46,-7,51,-4,45,-5,49,-5,46,-5,46,-4,43,-4,42,-9,42,-7,43,-9,38,-12,41,-13,38,-7,41,-11,37,-10,31,-12,33,-7,34,-10,31,-8,36,-9,34,-9,32,-11,29,-14,27,-12,28,-14,24,-13,24,-13,24,-15,24,-16,21,-15,22,-18,20,-16,16,0,0,0,0,0,0,0,0,0,0,0,0,0,0,0,0,0,0,0,0,0,0,6,14,2,17,2,20,-1,22,-2,21,-6,26,-8,26,-15,29,-14,30,-17,28,-24,33,-28,30,-32,37,-39,33,-42,30,-43,23,-51,28,-54,24,-54,25,-59,18,-61,16,-64,17,-64,11,-69,6,-65,9,-67,5,-69,0,-71,-4,-65,-6,-70,-9,-69,-5,-64,-10,-66,-9,-66,-9,-65,-11,-65,-16,-64,-8,-63,-9,-66,-9,-67,-8,-66,-10,-64,-10,-69,-10,-67,-10,-67,-11,-69,-7,-65,-12,-71,-8,-72,-11,-67,-13,-71,-8,-70,-11,-73,-13,-70,-14,-72,-18,-72,-17,-72,-20,0,0]"
CSI_DATA,178,2a:00:00:00:00:00,-47,11,1,0,1,1,1,0,0,0,1,-97,0,11,2,2666133,0,44,0,384,0,"[0,0,0,0,0,0,0,0,0,0,0,0,3,10,3,10,3,10,3,10,3,9,3,9,3,9,3,8,3,8,3,8,3,8,3,8,4,8,4,7,4,8,4,6,4,7,4,7,4,8,4,7,3,7,4,7,3,7,4,7,4,7,3,6,0,0,3,6,3,6,3,7,3,6,2,6,2,7,2,6,2,6,2,6,2,5,2,5,2,5,1,5,1,5,1,5,1,5,0,5,0,5,0,5,0,4,0,4,-1,4,-1,4,-1,4,-1,4,-1,3,0,0,0,0,0,0,0,0,0,0,0,0,0,0,14,66,15,61,12,70,14,62,14,62,14,65,11,58,11,57,7,53,12,50,11,52,11,50,13,47,14,44,11,43,16,48,20,47,17,47,14,47,19,46,24,48,17,43,22,45,17,43,14,44,21,45,19,36,19,44,16,42,16,40,18,40,20,46,15,41,17,43,17,38,16,42,11,37,11,37,14,35,15,32,14,32,7,32,5,34,10,36,9,33,10,30,10,33,6,31,4,27,1,33,3,27,-2,29,0,24,-1,21,-2,23,-5,26,-4,21,0,0,0,0,0,0,0,0,0,0,0,0,0,0,0,0,0,0,0,0,0,0,9,16,7,19,8,22,8,24,7,26,3,28,3,30,-5,37,-3,37,-8,40,-11,38,-13,44,-17,41,-23,45,-30,45,-33,45,-37,41,-39,43,-44,45,-50,40,-50,35,-56,41,-54,34,-54,31,-59,30,-60,26,-64,25,-64,21,-63,23,-68,16,-60,16,-69,17,-58,13,-65,14,-63,17,-64,16,-60,15,-56,20,-64,18,-63,19,-61,15,-59,19,-62,27,-65,18,-63,21,-57,19,-63,17,-67,22,-65,21,-67,18,-61,20,-67,17,-65,20,-67,16,-73,14,-70,16,-72,16,0,0]"
CSI_DATA,179,2a:00:00:00:00:00,-46,11,1,0,1,1,1,0,0,0,1,-97,0,11,2,2676225,0,44,0,384,0,"[0,0,0,0,0,0,0,0,0,0,0,0,-12,-2,-12,-1,-11,-1,-11,-1,-11,-1,-12,-1,-11,-1,-11,-1,-11,-1,-10,0,-11,0,-10,0,-10,0,-10,0,-10,0,-10,1,-11,1,-10,1,-10,1,-10,0,-10,0,-10,1,-10,0,-9,0,-9,0,-9,0,0,0,-10,0,-8,0,-9,0,-9,0,-9,-1,-9,0,-9,0,-8,-1,-8,-1,-7,-1,-8,-1,-7,-1,-7,-1,-7,-1,-7,-2,-7,-2,-6,-1,-6,-2,-6,-2,-5,-2,-5,-2,-5,-2,-5,-2,-4,-3,-4,-3,-4,-3,0,0,0,0,0,0,0,0,0,0,0,0,0,0,-65,-10,-69,-14,-63,-7,-67,-10,-68,-11,-62,-11,-62,-3,-58,-7,-59,0,-51,-6,-57,-4,-53,-7,-57,-6,-53,-2,-57,-4,-56,1,-54,1,-52,4,-52,2,-52,2,-54,3,-54,4,-53,5,-46,5,-51,4,-50,3,-51,4,-49,6,-46,1,-53,2,-50,-1,-49,0,-47,1,-47,3,-49,-3,-42,-2,-43,0,-42,-2,-43,-5,-43,-6,-38,-8,-36,-8,-35,-5,-37,-6,-33,-4,-38,-11,-33,-6,-38,-10,-31,-12,-28,-12,-25,-15,-26,-13,-27,-12,-23,-11,-25,-14,-23,-14,-19,-15,0,0,0,0,0,0,0,0,0,0,0,0,0,0,0,0,0,0,0,0,0,0,-15,2,-14,2,-18,-3,-21,0,-22,-1,-21,-7,-25,-8,-26,-15,-31,-15,-32,-15,-32,-21,-33,-27,-32,-24,-34,-30,-28,-32,-32,-40,-31,-43,-29,-45,-29,-39,-23,-52,-23,-53,-24,-55,-18,-59,-19,-59,-15,-59,-12,-61,-11,-66,-3,-60,-4,-64,-7,-64,-2,-64,-4,-59,-6,-58,-2,-59,2,-61,0,-64,-5,-62,-5,-62,-4,-60,-4,-67,1,-61,-6,-62,-2,-68,-3,-67,-3,-63,-7,-74,-3,-67,2,-72,-2,-78,-3,-74,-4,-67,-1,-78,3,-76,1,-75,5,-75,4,-74,3,-67,0,0]"
CSI_DATA,180,2a:00:00:00:00:00,-46,11,1,0,1,1,1,0,0,0,1,-97,0,11,2,2686129,0,44,0,384,0,"[0,0,0,0,0,0,0,0,0,0,0,0,4,11,3,11,3,10,4,10,3,10,3,9,4,9,4,9,4,9,4,8,4,8,5,8,5,8,4,8,5,8,5,8,5,8,5,8,5,8,6,8,4,8,5,8,4,7,4,7,5,7,5,8,0,0,4,8,4,7,4,7,4,7,3,7,3,7,3,7,3,6,3,7,3,6,3,6,2,6,2,6,2,6,1,6,2,5,1,5,1,5,1,5,1,5,0,5,0,5,0,4,0,4,-1,4,-1,4,0,0,0,0,0,0,0,0,0,0,0,0,0,0,22,69,16,72,14,63,19,62,15,60,15,57,13,56,22,61,15,53,19,50,20,51,20,48,23,46,25,48,24,48,26,48,22,48,25,46,23,49,30,44,26,47,28,47,29,49,26,44,22,44,23,46,26,46,26,49,27,46,27,42,21,41,24,45,22,43,22,46,19,42,15,36,17,40,16,43,17,43,17,38,15,39,12,34,7,36,10,36,12,36,10,34,3,31,5,33,6,32,0,31,3,33,5,24,2,27,-3,25,3,25,-5,20,-5,21,0,0,0,0,0,0,0,0,0,0,0,0,0,0,0,0,0,0,0,0,0,0,3,3,5,5,3,8,6,12,4,14,6,13,5,19,1,22,1,26,0,26,-5,28,-5,31,-13,34,-16,37,-22,38,-24,38,-26,41,-31,33,-32,42,-36,40,-40,42,-47,36,-41,33,-49,36,-52,33,-54,30,-54,28,-56,28,-54,25,-59,26,-53,22,-59,27,-60,27,-58,24,-57,24,-57,21,-60,25,-59,25,-59,23,-63,26,-64,24,-60,31,-61,28,-68,29,-59,27,-59,29,-67,29,-66,23,-71,28,-68,27,-73,23,-70,26,-69,26,-67,20,-75,26,-77,25,-73,17,0,0]"
CSI_DATA,181,2a:00:00:00:00:00,-46,11,1,0,1,1,1,0,0,0,1,-97,0,11,2,2706399,0,44,0,384,0,"[0,0,0,0,0,0,0,0,0,0,0,0,-10,-7,-10,-7,-9,-6,-9,-7,-9,-6,-9,-6,-9,-5,-9,-5,-9,-5,-9,-5,-10,-5,-9,-5,-9,-5,-10,-4,-10,-4,-10,-4,-10,-4,-10,-4,-10,-5,-10,-5,-9,-5,-9,-5,-9,-4,-9,-5,-9,-5,-9,-4,0,0,-9,-5,-8,-5,-8,-5,-8,-5,-8,-5,-7,-5,-7,-5,-6,-5,-7,-5,-7,-5,-6,-5,-6,-4,-6,-4,-6,-5,-5,-5,-5,-5,-5,-5,-5,-5,-4,-4,-4,-4,-4,-4,-3,-4,-3,-4,-3,-5,-3,-4,-2,-4,0,0,0,0,0,0,0,0,0,0,0,0,0,0,-50,-43,-51,-39,-50,-36,-52,-39,-52,-41,-47,-37,-47,-35,-47,-36,-45,-31,-48,-30,-42,-32,-47,-30,-48,-25,-41,-28,-48,-25,-46,-18,-44,-26,-45,-23,-44,-22,-51,-23,-47,-23,-44,-23,-48,-21,-47,-28,-42,-22,-43,-25,-45,-27,-47,-19,-41,-22,-43,-24,-44,-19,-42,-25,-43,-24,-37,-24,-41,-25,-35,-25,-34,-25,-37,-22,-33,-22,-36,-22,-36,-21,-29,-24,-32,-21,-24,-23,-25,-22,-24,-23,-20,-21,-22,-22,-20,-26,-21,-23,-14,-21,-18,-19,-14,-21,-14,-20,-13,-19,-12,-22,-7,-17,0,0,0,0,0,0,0,0,0,0,0,0,0,0,0,0,0,0,0,0,0,0,-9,-3,-2,-1,-11,-4,-15,-4,-11,-9,-16,-9,-18,-15,-18,-19,-19,-23,-16,-21,-15,-28,-18,-35,-15,-39,-13,-41,-8,-42,-5,-42,-3,-49,-2,-54,2,-52,9,-56,11,-52,18,-55,16,-57,19,-60,25,-55,24,-58,29,-60,26,-55,27,-53,33,-50,32,-52,33,-54,38,-50,34,-52,35,-52,36,-57,33,-50,33,-55,34,-55,36,-51,37,-53,36,-59,32,-52,37,-55,36,-61,34,-57,40,-56,39,-58,40,-54,40,-57,38,-55,38,-59,41,-57,43,-61,40,-54,44,-54,46,-54,0,0]"
CSI_DATA,182,2a:00:00:00:00:00,-47,11,1,0,1,1,1,0,0,0,1,-97,0,11,2,2726146,0,44,0,384,0,"[0,0,0,0,0,0,0,0,0,0,0,0,7,7,7,7,7,7,7,7,7,7,7,6,7,6,7,5,7,5,7,6,7,6,8,5,7,6,7,5,7,5,8,5,8,5,8,5,8,5,7,5,7,5,7,5,7,5,7,5,7,6,7,5,0,0,7,5,7,5,6,6,6,5,6,5,6,5,5,6,5,5,5,5,5,4,4,5,4,5,4,5,4,5,4,5,3,4,3,5,3,4,3,4,2,4,2,4,1,4,1,4,1,3,0,4,0,4,0,0,0,0,0,0,0,0,0,0,0,0,0,0,38,55,43,52,47,47,40,44,38,38,38,45,38,44,38,42,37,37,39,34,41,41,41,30,37,37,40,32,42,25,46,33,46,32,44,30,49,30,51,27,45,29,47,24,45,31,43,25,41,26,45,32,41,23,42,27,42,30,43,27,38,26,43,27,38,32,40,29,39,26,36,29,30,27,33,27,29,32,34,25,27,26,27,28,28,28,30,26,21,26,25,28,22,25,24,27,20,26,17,25,14,23,22,24,13,22,13,23,13,19,8,22,7,23,0,0,0,0,0,0,0,0,0,0,0,0,0,0,0,0,0,0,0,0,0,0,9,-3,9,3,13,1,9,6,11,7,12,16,8,19,11,20,9,25,5,26,6,32,1,33,2,41,-9,40,-8,41,-13,47,-15,48,-15,49,-21,51,-30,45,-25,45,-34,51,-31,50,-38,47,-44,46,-41,46,-44,46,-46,47,-43,40,-49,37,-45,43,-49,41,-49,40,-50,42,-50,39,-45,41,-45,41,-48,40,-46,42,-54,48,-52,40,-50,39,-49,45,-49,47,-50,50,-56,45,-51,46,-47,48,-60,50,-50,48,-50,46,-48,50,-53,52,-48,37,-54,44,-61,44,-57,47,0,0]"
CSI_DATA,183,2a:00:00:00:00:00,-47,11,1,0,1,1,1,0,0,0,1,-97,0,11,2,2736216,0,44,0,384,0,"[0,0,0,0,0,0,0,0,0,0,0,0,-12,0,-11,1,-12,1,-11,1,-11,1,-11,1,-11,2,-11,2,-10,2,-11,2,-11,2,-11,2,-10,2,-10,2,-10,2,-11,3,-10,3,-10,3,-10,3,-10,3,-10,2,-10,3,-10,2,-10,2,-10,2,-11,2,0,0,-10,2,-10,2,-9,2,-10,2,-9,1,-9,1,-8,2,-8,1,-9,1,-9,1,-8,0,-8,0,-7,0,-7,0,-8,0,-7,0,-7,-1,-7,-1,-6,-1,-6,-1,-6,-1,-6,-1,-5,-2,-5,-2,-4,-2,-5,-2,0,0,0,0,0,0,0,0,0,0,0,0,0,0,-68,6,-64,9,-62,9,-65,15,-62,13,-61,11,-51,15,-59,9,-50,14,-57,16,-53,16,-51,19,-55,18,-53,17,-53,21,-51,25,-53,21,-50,21,-52,29,-52,22,-52,24,-50,22,-49,24,-50,23,-50,21,-51,22,-52,18,-49,23,-49,21,-55,22,-44,19,-50,19,-43,17,-46,21,-50,19,-45,17,-43,14,-40,16,-41,14,-43,17,-40,9,-40,7,-39,10,-35,10,-36,7,-32,8,-38,6,-31,5,-32,1,-35,-2,-32,3,-32,-2,-32,-1,-29,-3,-25,-2,-29,-1,-22,-6,0,0,0,0,0,0,0,0,0,0,0,0,0,0,0,0,0,0,0,0,0,0,2,5,-4,2,-7,4,-9,5,-12,6,-13,6,-18,1,-22,-4,-23,-1,-27,-8,-29,-11,-32,-15,-35,-18,-33,-24,-35,-27,-28,-33,-35,-40,-33,-45,-33,-40,-28,-49,-29,-49,-27,-55,-25,-54,-23,-58,-19,-59,-19,-60,-15,-63,-16,-64,-9,-62,-11,-63,-12,-61,-6,-61,-12,-59,-10,-64,-6,-64,-9,-65,-12,-64,-10,-66,-11,-64,-11,-62,-13,-68,-13,-66,-14,-67,-14,-64,-14,-69,-13,-65,-13,-68,-15,-68,-16,-72,-15,-69,-19,-73,-16,-69,-6,-77,-11,-69,-11,-70,-14,-69,-14,-72,0,0]"
CSI_DATA,184,2a:00:00:00:00:00,-48,11,1,0,1,1,1,0,0,0,1,-97,0,11,2,2749772,0,44,0,384,0,"[0,0,0,0,0,0,0,0,0,0,0,0,-7,-9,-7,-9,-8,-9,-7,-10,-7,-9,-7,-8,-7,-8,-8,-8,-7,-8,-8,-7,-8,-7,-8,-7,-9,-7,-9,-7,-8,-7,-9,-7,-9,-6,-8,-7,-9,-7,-8,-7,-8,-7,-8,-7,-8,-6,-8,-6,-8,-7,-8,-6,0,0,-8,-7,-7,-7,-7,-7,-7,-6,-6,-7,-6,-7,-6,-7,-6,-7,-6,-7,-6,-6,-6,-6,-5,-6,-5,-6,-4,-6,-5,-6,-5,-6,-4,-6,-4,-5,-3,-6,-3,-6,-3,-5,-2,-5,-3,-5,-2,-5,-2,-4,-2,-5,0,0,0,0,0,0,0,0,0,0,0,0,0,0,-42,-52,-43,-52,-40,-55,-42,-52,-42,-53,-33,-45,-43,-46,-37,-41,-37,-46,-37,-42,-44,-42,-40,-40,-43,-38,-39,-43,-44,-34,-46,-39,-44,-40,-43,-34,-41,-36,-43,-33,-48,-30,-45,-34,-44,-34,-42,-37,-45,-33,-45,-38,-46,-36,-41,-37,-40,-36,-43,-35,-43,-34,-42,-33,-43,-36,-38,-30,-43,-32,-33,-33,-32,-35,-34,-38,-33,-29,-33,-35,-33,-32,-32,-30,-25,-28,-26,-25,-22,-30,-25,-29,-22,-27,-23,-30,-21,-29,-20,-25,-15,-28,-14,-24,-14,-25,-10,-24,-8,-25,-7,-23,-10,-22,0,0,0,0,0,0,0,0,0,0,0,0,0,0,0,0,0,0,0,0,0,0,-2,9,-5,5,-2,3,-7,0,-7,-6,-6,-3,-8,-12,-10,-15,-7,-16,-6,-25,-4,-26,-2,-34,2,-33,1,-37,12,-40,15,-44,16,-44,15,-47,20,-48,28,-47,32,-46,32,-49,39,-44,43,-46,45,-38,43,-42,48,-43,49,-40,50,-38,48,-36,53,-34,47,-36,55,-34,48,-35,50,-33,48,-33,48,-35,48,-38,47,-35,50,-37,50,-37,51,-41,48,-43,56,-46,50,-40,44,-47,54,-42,56,-46,47,-42,57,-48,52,-46,57,-45,52,-41,56,-42,56,-43,57,-46,58,-44,0,0]"
CSI_DATA,185,2a:00:00:00:00:00,-48,11,1,0,1,1,1,0,0,0,1,-97,0,11,2,2756098,0,44,0,384,0,"[0,0,0,0,0,0,0,0,0,0,0,0,1,-12,1,-12,1,-12,1,-11,0,-11,1,-11,1,-11,0,-11,0,-11,-1,-11,0,-11,0,-11,-1,-11,0,-11,-1,-11,-1,-11,-1,-11,0,-11,-1,-11,-1,-11,0,-11,-1,-11,0,-11,-1,-10,0,-10,0,-10,0,0,0,-10,1,-10,0,-10,1,-9,1,-9,1,-9,1,-9,1,-9,1,-8,1,-8,1,-8,1,-7,1,-8,1,-7,1,-6,1,-6,1,-7,1,-6,2,-5,2,-5,2,-5,2,-5,2,-5,2,-4,2,-4,2,-4,0,0,0,0,0,0,0,0,0,0,0,0,0,0,20,-72,21,-70,22,-62,19,-63,22,-65,16,-60,15,-59,12,-60,15,-60,13,-56,13,-55,14,-58,12,-64,11,-57,10,-59,12,-54,10,-58,10,-58,12,-52,6,-63,5,-56,9,-62,5,-58,5,-54,5,-60,11,-59,9,-61,10,-57,12,-56,4,-54,7,-51,10,-46,10,-51,9,-50,12,-50,13,-44,18,-46,14,-48,17,-46,15,-41,14,-44,14,-36,13,-33,17,-42,14,-33,16,-33,15,-33,15,-36,14,-28,16,-29,13,-29,18,-25,19,-27,22,-18,19,-22,18,-21,16,-17,0,0,0,0,0,0,0,0,0,0,0,0,0,0,0,0,0,0,0,0,0,0,-5,7,-4,7,-7,1,-7,-6,-5,-7,-4,-9,0,-12,2,-17,3,-21,10,-24,15,-20,20,-27,23,-25,29,-23,32,-24,36,-18,41,-17,48,-17,49,-15,55,-13,59,-16,59,-4,63,-6,61,0,60,3,63,5,59,8,60,14,65,10,57,14,60,11,57,14,64,13,60,15,61,16,57,14,63,16,62,10,61,11,63,13,60,11,69,12,66,16,67,16,64,12,60,17,64,14,70,12,65,15,70,18,71,12,72,20,69,19,70,22,72,19,70,19,73,18,0,0]"
CSI_DATA,186,2a:00:00:00:00:00,-48,11,1,0,1,1,1,0,0,0,1,-97,0,11,2,2766134,0,44,0,384,0,"[0,0,0,0,0,0,0,0,0,0,0,0,-1,11,-1,11,0,10,0,11,0,10,0,10,0,9,0,10,1,9,1,9,1,9,1,9,2,9,2,9,1,9,1,9,2,9,1,9,2,9,1,9,1,9,1,9,1,8,2,9,1,9,1,8,0,0,0,8,0,8,0,8,0,8,0,8,0,8,0,7,0,7,-1,6,0,6,0,6,-1,6,0,6,0,6,-1,5,-1,6,-1,5,-1,5,-1,5,-2,4,-1,4,-2,4,-2,3,-2,3,-2,3,-2,3,0,0,0,0,0,0,0,0,0,0,0,0,0,0,-11,66,-12,72,-11,65,-10,65,-6,66,-6,61,-9,63,-11,58,-11,62,1,53,-1,58,1,56,0,58,0,55,1,50,1,54,2,57,0,59,1,52,1,54,2,58,2,57,3,56,5,55,2,56,6,53,2,58,1,52,-2,50,2,55,1,53,2,49,1,53,6,49,0,48,-6,46,1,42,0,45,-7,36,-1,41,1,44,-4,35,-3,39,-5,35,-1,36,0,39,-4,31,-10,34,-6,33,-6,31,-9,28,-9,26,-6,27,-12,26,-12,22,-13,21,-12,20,0,0,0,0,0,0,0,0,0,0,0,0,0,0,0,0,0,0,0,0,0,0,5,-7,8,-5,8,-1,10,2,8,8,7,8,6,11,2,19,-4,21,-1,24,-10,29,-15,26,-19,27,-26,25,-29,28,-36,27,-36,26,-41,27,-47,29,-53,22,-58,26,-58,19,-58,16,-60,8,-65,7,-69,6,-62,1,-62,-2,-63,3,-59,-1,-63,-3,-63,-6,-57,-5,-65,-6,-65,-8,-63,-3,-63,-2,-63,-4,-65,-4,-67,-4,-66,-6,-69,-4,-61,-3,-71,-5,-66,-2,-67,4,-67,-1,-74,1,-74,-5,-72,-1,-76,-8,-73,-6,-68,-5,-74,-7,-76,-9,-78,-6,-80,-9,0,0]"
CSI_DATA,187,2a:00:00:00:00:00,-49,11,1,0,1,1,1,0,0,0,1,-97,0,11,2,2776209,0,44,0,384,0,"[0,0,0,0,0,0,0,0,0,0,0,0,-10,-6,-10,-6,-10,-6,-10,-6,-9,-6,-10,-5,-9,-5,-9,-5,-9,-5,-9,-5,-9,-4,-9,-4,-9,-5,-9,-4,-9,-4,-9,-4,-9,-4,-9,-3,-9,-4,-9,-5,-8,-4,-8,-4,-9,-4,-9,-4,-8,-4,-8,-3,0,0,-8,-4,-7,-4,-7,-5,-7,-4,-6,-4,-7,-4,-6,-4,-6,-4,-6,-4,-6,-3,-5,-4,-6,-3,-5,-3,-5,-3,-5,-4,-5,-4,-5,-3,-5,-4,-4,-4,-4,-4,-4,-4,-3,-4,-3,-4,-3,-4,-3,-4,-3,-4,0,0,0,0,0,0,0,0,0,0,0,0,0,0,-51,-40,-50,-43,-52,-41,-52,-43,-48,-45,-47,-42,-46,-42,-47,-37,-43,-41,-43,-36,-48,-35,-43,-34,-46,-31,-42,-31,-44,-26,-45,-26,-41,-28,-39,-15,-42,-27,-40,-28,-46,-23,-46,-28,-40,-22,-43,-22,-42,-29,-38,-23,-41,-27,-41,-23,-39,-27,-40,-25,-41,-28,-39,-27,-35,-25,-34,-28,-36,-24,-34,-21,-27,-27,-29,-23,-29,-26,-31,-21,-25,-23,-28,-19,-25,-20,-27,-23,-25,-21,-23,-23,-21,-19,-21,-21,-15,-21,-19,-21,-19,-24,-13,-24,-16,-23,-13,-23,-10,-23,-12,-20,-8,-20,0,0,0,0,0,0,0,0,0,0,0,0,0,0,0,0,0,0,0,0,0,0,1,9,1,11,-4,10,-5,11,-12,8,-13,3,-19,3,-28,-3,-24,-6,-24,-13,-24,-17,-27,-19,-28,-28,-30,-35,-22,-36,-22,-41,-23,-40,-17,-50,-13,-50,-11,-56,-6,-56,0,-64,3,-61,8,-61,9,-57,5,-60,12,-62,22,-59,19,-59,21,-60,21,-57,29,-59,26,-59,25,-57,25,-61,27,-58,23,-65,15,-64,30,-57,11,-59,23,-60,18,-59,22,-62,32,-65,30,-63,24,-66,31,-69,31,-70,35,-65,36,-64,36,-63,40,-65,34,-65,35,-61,40,-60,41,-62,42,-60,0,0]"
CSI_DATA,188,2a:00:00:00:00:00,-50,11,1,0,1,1,1,0,0,0,1,-97,0,11,2,2806133,0,44,0,384,0,"[0,0,0,0,0,0,0,0,0,0,0,0,-7,9,-7,9,-6,8,-6,8,-6,8,-6,7,-6,7,-6,6,-5,7,-5,7,-5,7,-5,7,-5,7,-4,7,-4,7,-4,6,-4,7,-4,7,-3,7,-4,6,-4,6,-4,6,-5,6,-4,6,-4,6,-4,6,0,0,-5,5,-4,6,-4,6,-4,5,-4,6,-4,5,-4,5,-4,5,-4,4,-4,4,-4,4,-5,4,-4,4,-4,3,-4,4,-4,3,-5,4,-4,3,-4,3,-5,3,-5,2,-5,2,-5,2,-5,1,-5,1,-4,1,0,0,0,0,0,0,0,0,0,0,0,0,0,0,-34,66,-38,65,-35,61,-36,56,-40,60,-34,55,-29,50,-31,49,-29,50,-33,45,-26,39,-30,48,-21,51,-22,46,-23,41,-22,45,-24,43,-19,45,-24,43,-26,41,-14,43,-19,40,-17,41,-21,42,-21,40,-21,40,-19,44,-22,43,-17,37,-13,36,-19,37,-19,39,-24,38,-20,37,-22,32,-22,29,-20,32,-18,29,-20,32,-19,32,-22,29,-20,22,-17,25,-24,31,-20,26,-17,25,-22,27,-23,25,-23,21,-21,19,-20,17,-25,23,-22,17,-25,14,-21,11,-22,12,-24,12,0,0,0,0,0,0,0,0,0,0,0,0,0,0,0,0,0,0,0,0,0,0,5,-10,8,-6,6,-3,11,4,8,0,8,10,7,10,7,14,6,20,6,27,-1,25,-1,33,-9,36,-15,38,-12,39,-22,37,-28,43,-35,38,-35,37,-42,34,-45,30,-53,32,-51,28,-54,28,-58,21,-58,17,-61,16,-61,13,-69,16,-66,9,-66,8,-67,8,-66,5,-61,4,-69,1,-73,3,-70,0,-66,2,-72,-3,-72,-1,-74,-3,-72,-4,-73,-3,-79,0,-66,-3,-83,-8,-92,-10,-74,-16,-76,-14,-79,-15,-79,-15,-83,-17,-75,-25,-77,-24,-76,-20,-77,-23,-74,-26,0,0]"
CSI_DATA,189,2a:00:00:00:00:00,-49,11,1,0,1,1,1,0,0,0,1,-97,0,11,2,2816849,0,44,0,384,0,"[0,0,0,0,0,0,0,0,0,0,0,0,8,8,7,7,8,7,7,7,7,6,7,5,7,5,7,5,7,5,7,5,6,5,7,4,7,5,7,5,7,4,7,4,7,4,7,4,8,4,7,4,7,4,7,4,7,3,7,3,7,3,7,4,0,0,7,3,6,3,6,4,7,3,6,3,5,3,5,3,5,3,5,3,5,3,6,3,4,3,5,3,5,3,5,3,5,3,4,3,4,3,4,3,3,4,3,4,3,3,2,4,2,3,2,3,2,3,0,0,0,0,0,0,0,0,0,0,0,0,0,0,54,45,46,50,42,46,42,49,45,48,47,42,41,39,41,41,37,39,42,36,40,37,37,28,42,35,32,37,37,28,36,25,36,31,26,33,38,25,40,22,46,22,36,26,44,25,39,19,36,25,40,25,40,26,38,20,37,23,43,24,36,22,37,26,36,23,36,24,38,22,29,21,33,18,32,23,36,22,27,19,28,22,24,23,29,22,22,24,23,19,23,24,23,24,21,24,20,25,17,26,17,25,14,24,14,22,11,23,14,24,4,22,12,23,0,0,0,0,0,0,0,0,0,0,0,0,0,0,0,0,0,0,0,0,0,0,-8,-9,-4,-10,-1,-10,3,-7,6,-9,11,-6,10,-3,16,1,18,1,20,7,19,13,23,14,24,20,20,21,20,30,20,35,25,39,16,43,16,51,20,50,9,47,9,56,5,59,-2,63,-2,58,-6,61,-9,60,-6,60,-13,63,-18,61,-20,60,-20,61,-19,64,-22,58,-27,62,-22,64,-21,60,-19,61,-28,60,-22,66,-20,64,-24,67,-30,68,-30,66,-28,68,-28,61,-32,70,-33,64,-35,71,-36,69,-43,73,-39,69,-40,67,-45,63,-42,69,-50,62,-49,63,0,0]"
CSI_DATA,190,2a:00:00:00:00:00,-49,11,1,0,1,1,1,0,0,0,1,-97,0,11,2,2826138,0,44,0,384,0,"[0,0,0,0,0,0,0,0,0,0,0,0,-6,10,-7,9,-6,9,-6,9,-6,9,-6,8,-5,8,-5,8,-5,8,-4,8,-4,8,-4,8,-4,8,-4,8,-3,8,-3,8,-3,8,-3,8,-2,8,-3,8,-4,8,-3,8,-4,7,-3,9,-3,8,-4,8,0,0,-4,7,-4,8,-3,7,-4,7,-3,6,-4,6,-4,7,-4,6,-3,6,-4,5,-4,6,-4,6,-3,5,-4,5,-4,5,-4,5,-4,5,-4,4,-5,5,-4,4,-5,4,-5,3,-4,3,-4,2,-4,2,-4,2,0,0,0,0,0,0,0,0,0,0,0,0,0,0,-38,65,-38,54,-39,62,-30,55,-39,54,-38,52,-31,51,-36,47,-29,48,-29,47,-29,43,-29,45,-29,46,-23,42,-23,42,-25,47,-19,46,-18,50,-17,44,-20,45,-20,49,-16,39,-16,47,-17,44,-11,45,-16,47,-15,38,-17,47,-17,47,-18,38,-18,43,-18,46,-18,39,-18,45,-18,37,-20,38,-21,42,-14,40,-18,33,-20,36,-15,32,-20,35,-19,33,-17,29,-19,33,-20,26,-20,30,-20,23,-17,28,-20,28,-21,24,-19,25,-24,23,-22,16,-23,20,-20,14,-27,14,0,0,0,0,0,0,0,0,0,0,0,0,0,0,0,0,0,0,0,0,0,0,8,-5,10,-4,7,-1,9,0,5,7,5,10,4,13,4,13,4,19,-3,21,-7,25,-10,27,-14,27,-20,26,-26,32,-27,23,-30,23,-34,23,-44,22,-49,22,-46,21,-55,15,-46,13,-54,10,-62,8,-59,4,-62,5,-63,4,-61,-3,-69,-3,-62,-3,-63,-10,-66,-4,-63,-6,-68,-9,-64,-8,-64,-12,-66,-13,-68,-12,-68,-15,-71,-11,-70,-11,-74,-15,-76,-20,-73,-16,-79,-23,-73,-21,-77,-17,-79,-23,-76,-24,-79,-26,-77,-27,-81,-27,-73,-34,-74,-35,-73,-31,-76,-34,0,0]"
CSI_DATA,191,2a:00:00:00:00:00,-50,11,1,0,1,1,1,0,0,0,1,-97,0,11,2,2836141,0,44,0,384,0,"[0,0,0,0,0,0,0,0,0,0,0,0,1,-11,1,-12,-1,-11,0,-11,0,-11,0,-11,0,-10,-1,-10,0,-9,-2,-10,0,-9,-1,-9,-2,-9,-2,-9,-2,-9,-2,-9,-2,-10,-2,-8,-3,-10,-2,-9,-2,-9,-2,-9,-2,-9,-3,-9,-2,-9,-2,-8,0,0,-2,-9,-2,-8,-2,-9,-2,-8,-1,-8,-1,-8,-1,-8,-2,-8,-1,-7,-1,-7,-1,-7,-1,-7,-1,-7,-1,-7,-1,-7,-1,-7,-1,-7,0,-7,0,-7,0,-7,1,-6,1,-6,1,-6,1,-5,1,-5,1,-5,0,0,0,0,0,0,0,0,0,0,0,0,0,0,26,-73,27,-69,25,-69,23,-67,22,-65,25,-59,23,-63,20,-57,21,-59,15,-53,17,-52,12,-47,14,-54,11,-53,11,-51,10,-49,11,-55,9,-49,3,-52,2,-49,4,-49,3,-50,-1,-47,-4,-49,-2,-50,3,-57,3,-46,1,-50,2,-45,0,-48,3,-48,0,-53,11,-42,2,-49,2,-42,10,-45,3,-40,2,-39,1,-44,-3,-46,2,-38,1,-40,5,-43,5,-40,5,-38,8,-38,10,-36,5,-39,9,-38,10,-30,7,-33,11,-29,14,-29,13,-27,14,-27,18,-21,17,-18,0,0,0,0,0,0,0,0,0,0,0,0,0,0,0,0,0,0,0,0,0,0,-8,8,-13,7,-10,1,-14,-2,-15,-7,-11,-7,-13,-12,-9,-13,-6,-19,-4,-22,6,-23,7,-27,10,-29,18,-37,21,-34,27,-32,28,-32,38,-29,36,-31,42,-28,46,-28,53,-32,49,-20,51,-17,55,-14,58,-14,64,-9,64,-6,62,-6,63,-7,60,-5,66,-7,63,-4,63,-7,64,-1,69,-1,62,1,64,4,70,6,69,3,76,6,65,-1,71,2,73,-2,81,2,71,10,78,3,77,5,86,1,81,11,75,15,80,16,88,13,77,10,79,22,85,22,77,14,0,0]"
CSI_DATA,192,2a:00:00:00:00:00,-49,11,1,0,1,1,1,0,0,0,1,-97,0,11,2,2846131,0,44,0,384,0,"[0,0,0,0,0,0,0,0,0,0,0,0,-12,-1,-11,-1,-11,-1,-10,-1,-11,-1,-10,-1,-10,0,-10,0,-10,0,-9,0,-10,1,-9,1,-9,1,-9,1,-9,1,-10,2,-9,2,-9,2,-9,2,-9,2,-9,1,-9,2,-10,2,-9,2,-9,2,-9,2,0,0,-9,2,-9,1,-9,1,-9,1,-8,1,-8,1,-8,1,-8,1,-8,1,-8,1,-8,1,-8,1,-8,1,-8,0,-8,0,-8,0,-8,0,-8,-1,-8,-1,-7,-1,-7,-2,-7,-2,-7,-2,-7,-2,-6,-3,-6,-3,0,0,0,0,0,0,0,0,0,0,0,0,0,0,-26,68,-29,59,-27,60,-30,59,-34,57,-23,54,-26,54,-26,54,-20,50,-21,55,-20,49,-19,41,-13,47,-16,49,-15,48,-16,47,-14,47,-11,45,-11,45,-10,49,-7,46,-11,52,-4,47,-7,51,-8,44,-8,47,-6,46,-13,44,-8,44,-9,43,-11,44,-16,43,-13,44,-8,47,-13,39,-17,40,-16,42,-15,34,-20,41,-19,41,-11,37,-12,34,-15,41,-7,36,-18,34,-15,33,-19,35,-17,33,-19,36,-21,33,-20,29,-21,27,-22,23,-23,22,-23,19,-26,14,-28,15,0,0,0,0,0,0,0,0,0,0,0,0,0,0,0,0,0,0,0,0,0,0,12,-16,10,-17,14,-12,17,-9,17,-5,20,0,16,4,12,5,16,15,17,19,5,26,7,19,3,32,-3,35,-7,34,-14,34,-20,32,-24,36,-24,37,-31,33,-34,36,-37,31,-40,30,-41,28,-47,28,-54,29,-55,22,-56,20,-55,18,-60,20,-56,15,-61,15,-64,12,-61,13,-59,12,-65,9,-66,11,-63,5,-64,4,-65,2,-66,5,-70,3,-73,5,-76,2,-73,2,-71,-5,-70,-3,-76,-2,-81,-9,-78,-12,-73,-9,-80,-11,-73,-13,-82,-17,-79,-19,-82,-21,-75,-20,0,0]"
CSI_DATA,193,2a:00:00:00:00:00,-50,11,1,0,1,1,1,0,0,0,1,-97,0,11,2,2856675,0,44,0,384,0,"[0,0,0,0,0,0,0,0,0,0,0,0,-2,-12,-2,-11,-2,-11,-2,-11,-2,-11,-2,-10,-3,-10,-3,-9,-3,-9,-3,-9,-3,-9,-4,-9,-4,-9,-4,-9,-4,-9,-5,-9,-5,-8,-5,-9,-5,-8,-5,-9,-5,-9,-5,-9,-5,-9,-5,-9,-5,-9,-5,-9,0,0,-5,-9,-5,-9,-5,-9,-5,-9,-4,-9,-5,-9,-4,-8,-4,-8,-4,-8,-4,-8,-4,-8,-4,-8,-4,-8,-4,-8,-4,-9,-4,-8,-3,-9,-3,-9,-3,-9,-2,-8,-2,-9,-1,-8,-1,-8,0,-8,0,-8,1,-7,0,0,0,0,0,0,0,0,0,0,0,0,0,0,-63,-19,-64,-12,-62,-14,-59,-2,-62,-9,-59,-9,-52,-10,-55,-2,-50,-3,-50,2,-54,4,-51,4,-44,-2,-47,-3,-48,-1,-52,8,-49,4,-49,6,-48,6,-48,11,-51,12,-46,12,-42,14,-48,13,-48,8,-50,11,-49,6,-52,8,-45,13,-51,8,-51,13,-54,11,-46,10,-48,16,-46,6,-47,7,-47,11,-51,9,-46,2,-43,12,-43,8,-42,7,-42,8,-44,10,-38,7,-43,4,-45,2,-46,1,-41,-4,-36,-3,-39,0,-45,-7,-39,-9,-43,-6,-37,-11,-32,-8,-30,-11,0,0,0,0,0,0,0,0,0,0,0,0,0,0,0,0,0,0,0,0,0,0,27,12,22,16,18,20,12,20,4,21,1,23,1,20,-7,26,-9,25,-15,16,-15,16,-21,16,-24,10,-30,9,-38,2,-34,1,-38,-3,-37,-8,-37,-13,-38,-22,-35,-21,-39,-25,-35,-29,-35,-37,-32,-38,-34,-43,-34,-48,-30,-50,-26,-42,-21,-54,-19,-46,-27,-56,-15,-56,-17,-54,-23,-53,-15,-59,-15,-61,-18,-65,-16,-63,-16,-69,-17,-62,-18,-64,-14,-68,-15,-70,-12,-74,-12,-61,-9,-71,-11,-74,-8,-78,-1,-75,-7,-80,2,-79,-4,-81,-1,-74,-1,-78,8,-78,-2,-77,0,0]"
CSI_DATA,194,2a:00:00:00:00:00,-51,11,1,0,1,1,1,0,0,0,1,-97,0,11,2,2866124,0,44,0,384,0,"[0,0,0,0,0,0,0,0,0,0,0,0,-11,-3,-10,-3,-10,-2,-10,-2,-10,-2,-10,-1,-9,-1,-9,-1,-9,0,-9,0,-9,1,-9,1,-9,1,-9,1,-9,1,-10,2,-10,2,-10,2,-9,2,-10,2,-10,2,-10,2,-10,3,-10,3,-10,3,-10,3,0,0,-10,3,-10,2,-10,2,-10,2,-10,2,-10,2,-10,2,-10,2,-10,2,-10,2,-10,2,-10,2,-10,2,-10,2,-10,1,-10,1,-10,1,-10,0,-10,0,-10,-1,-10,-1,-9,-2,-9,-2,-9,-2,-8,-2,-8,-3,0,0,0,0,0,0,0,0,0,0,0,0,0,0,-50,53,-43,45,-34,50,-37,44,-40,39,-26,42,-30,40,-33,43,-27,42,-29,47,-19,42,-24,43,-15,42,-18,40,-22,43,-19,50,-10,50,-9,43,-13,49,-5,50,-14,48,-6,42,-8,52,-7,54,-12,45,-10,51,-16,52,-16,54,-8,48,-10,52,-11,44,-13,60,-14,56,-13,57,-10,48,-10,59,-14,51,-13,53,-12,51,-12,53,-12,54,-16,45,-15,50,-13,44,-23,48,-15,51,-16,47,-23,47,-24,45,-25,48,-23,40,-27,36,-28,33,-30,33,-37,30,-32,29,-32,22,0,0,0,0,0,0,0,0,0,0,0,0,0,0,0,0,0,0,0,0,0,0,31,-16,32,-14,33,-9,39,-9,34,1,35,4,35,9,26,18,21,20,23,23,12,25,5,31,9,29,-3,27,-5,27,-12,25,-16,29,-20,30,-28,29,-28,26,-36,22,-40,23,-41,12,-50,13,-49,9,-50,4,-51,2,-55,-3,-52,-5,-63,-4,-54,-5,-63,-13,-57,-14,-59,-17,-55,-10,-55,-19,-55,-24,-60,-20,-60,-23,-62,-26,-66,-26,-56,-25,-57,-28,-66,-29,-62,-31,-62,-29,-62,-34,-62,-28,-61,-30,-62,-33,-69,-37,-63,-31,-64,-41,-61,-32,-61,-44,-63,-46,-59,-40,0,0]"
CSI_DATA,195,2a:00:00:00:00:00,-51,11,1,0,1,1,1,0,0,0,1,-97,0,11,2,2876277,0,44,0,384,0,"[0,0,0,0,0,0,0,0,0,0,0,0,-5,-9,-5,-9,-6,-9,-6,-8,-6,-8,-6,-7,-6,-7,-7,-6,-7,-6,-7,-6,-8,-6,-8,-5,-8,-5,-9,-5,-9,-5,-9,-4,-10,-4,-10,-4,-10,-4,-11,-4,-11,-5,-11,-5,-11,-4,-11,-4,-11,-4,-11,-4,0,0,-12,-4,-11,-5,-11,-5,-11,-4,-11,-5,-11,-5,-11,-5,-11,-5,-11,-5,-11,-5,-11,-5,-11,-5,-11,-5,-11,-5,-11,-6,-11,-6,-11,-6,-10,-7,-10,-7,-9,-7,-9,-8,-8,-8,-8,-8,-7,-8,-6,-8,-6,-8,0,0,0,0,0,0,0,0,0,0,0,0,0,0,-69,0,-55,5,-53,12,-57,4,-55,8,-47,10,-47,10,-50,8,-41,19,-41,16,-45,12,-41,21,-39,21,-37,24,-41,26,-39,32,-37,27,-41,34,-41,31,-38,35,-40,42,-38,37,-37,47,-34,43,-39,45,-40,38,-34,45,-36,44,-36,45,-43,44,-40,48,-41,49,-35,36,-40,47,-36,41,-46,43,-35,35,-46,39,-40,39,-36,41,-35,37,-41,43,-43,40,-40,39,-38,39,-39,37,-48,29,-42,40,-48,34,-44,32,-47,26,-47,23,-47,22,-46,16,-46,18,-45,12,-45,10,0,0,0,0,0,0,0,0,0,0,0,0,0,0,0,0,0,0,0,0,0,0,45,21,39,26,37,25,28,27,26,31,20,29,18,37,11,34,8,31,-7,39,-6,32,-10,26,-14,31,-17,19,-22,19,-25,7,-31,12,-28,3,-33,-4,-37,-11,-34,-5,-32,-20,-29,-20,-38,-24,-28,-28,-34,-34,-28,-34,-28,-36,-24,-49,-27,-44,-23,-41,-25,-55,-21,-57,-21,-51,-17,-50,-20,-61,-23,-49,-15,-58,-18,-68,-19,-67,-14,-59,-15,-60,-10,-63,-8,-59,-14,-61,-19,-72,-13,-71,-12,-67,-11,-71,-14,-67,-7,-67,-10,-67,-5,-74,-13,-71,-8,-65,-14,-66,-12,-69,0,0]"
CSI_DATA,196,2a:00:00:00:00:00,-49,11,1,0,1,1,1,0,0,0,1,-97,0,11,2,2896116,0,44,0,384,0,"[0,0,0,0,0,0,0,0,0,0,0,0,8,3,8,2,8,2,8,2,7,1,7,1,8,0,8,0,8,-1,8,-1,8,-1,8,-2,8,-2,8,-3,8,-3,9,-4,9,-4,9,-4,9,-4,9,-4,9,-4,9,-4,10,-4,9,-5,10,-5,10,-5,0,0,10,-5,10,-5,10,-5,11,-5,10,-4,10,-4,10,-4,10,-4,10,-4,10,-4,10,-4,10,-4,10,-4,10,-3,10,-3,10,-3,10,-3,10,-2,10,-2,9,-1,9,-1,9,-1,9,0,9,0,8,1,8,1,0,0,0,0,0,0,0,0,0,0,0,0,0,0,43,-44,40,-38,35,-40,39,-33,34,-37,29,-35,24,-42,19,-38,30,-42,20,-40,19,-39,11,-43,9,-37,17,-41,16,-41,7,-40,8,-49,7,-47,7,-51,5,-54,-1,-54,3,-54,-2,-52,4,-53,3,-58,3,-62,-3,-63,-5,-62,0,-64,2,-64,3,-62,5,-60,2,-69,3,-63,0,-60,7,-63,8,-62,7,-62,7,-58,12,-57,8,-63,12,-59,9,-57,10,-58,13,-51,4,-59,15,-52,14,-56,17,-50,18,-52,17,-48,18,-48,25,-47,18,-44,32,-36,29,-46,26,-33,0,0,0,0,0,0,0,0,0,0,0,0,0,0,0,0,0,0,0,0,0,0,-42,26,-41,16,-37,14,-41,6,-43,2,-37,3,-34,-5,-34,-17,-22,-13,-23,-21,-15,-24,-12,-20,-5,-21,1,-16,3,-12,10,-16,11,-17,15,-14,19,-13,23,-7,28,-7,33,-5,32,5,39,7,33,13,39,10,38,17,40,24,49,21,42,26,34,31,41,30,50,29,36,30,41,33,48,41,52,40,51,37,43,42,48,36,44,39,45,46,46,51,47,42,47,44,57,41,44,47,53,55,47,52,47,53,44,55,46,52,37,46,40,48,43,50,43,55,42,49,0,0]"
CSI_DATA,197,2a:00:00:00:00:00,-48,11,1,0,1,1,1,0,0,0,1,-97,0,11,2,2928349,0,44,0,384,0,"[0,0,0,0,0,0,0,0,0,0,0,0,-6,8,-6,8,-5,8,-5,8,-5,8,-4,7,-4,8,-4,8,-3,8,-3,8,-3,8,-3,8,-2,8,-2,8,-2,8,-2,9,-1,9,-1,9,-1,9,-1,10,-1,10,-1,10,-2,10,-1,10,-2,10,-2,10,0,0,-2,10,-2,10,-2,10,-3,10,-3,9,-3,10,-3,9,-3,9,-3,9,-3,9,-3,8,-3,8,-3,8,-3,8,-3,8,-3,8,-3,8,-4,7,-4,7,-4,7,-4,7,-4,6,-5,6,-5,6,-5,5,-5,5,0,0,0,0,0,0,0,0,0,0,0,0,0,0,41,57,41,55,34,47,38,50,33,51,34,43,34,48,33,40,36,38,34,35,41,31,38,33,42,33,38,34,46,30,49,30,41,23,42,20,46,22,52,22,50,16,51,29,52,24,48,23,58,25,50,21,51,28,56,24,53,25,56,27,52,24,52,24,56,30,50,27,48,28,43,30,45,34,42,27,45,33,44,31,40,36,40,32,43,30,39,31,39,27,36,33,35,28,39,34,29,31,31,30,33,28,32,31,27,32,24,34,25,34,20,28,18,33,0,0,0,0,0,0,0,0,0,0,0,0,0,0,0,0,0,0,0,0,0,0,-30,-20,-21,-18,-14,-22,-18,-18,-11,-20,-6,-21,-5,-14,1,-16,0,-13,4,-10,8,-4,8,1,8,3,9,9,9,14,5,18,2,18,0,20,-3,30,-1,34,-3,39,-16,35,-12,43,-8,45,-18,42,-22,43,-27,39,-21,41,-23,45,-32,45,-31,43,-31,47,-33,46,-38,44,-37,45,-42,46,-44,51,-38,57,-40,48,-42,55,-48,49,-48,49,-46,54,-51,52,-49,52,-45,46,-53,47,-56,56,-61,51,-55,50,-53,50,-52,53,-54,45,-58,48,-49,48,-56,40,-62,45,0,0]"
CSI_DATA,198,2a:00:00:00:00:00,-48,11,1,0,1,1,1,0,0,0,1,-97,0,11,2,2936808,0,44,0,384,0,"[0,0,0,0,0,0,0,0,0,0,0,0,-1,10,0,10,0,10,0,9,1,10,1,9,1,9,0,8,1,9,2,9,1,8,3,8,3,8,4,8,3,8,3,9,3,8,4,8,4,9,4,10,4,9,4,9,4,10,5,9,4,9,4,9,0,0,4,10,4,10,4,9,4,9,3,9,2,10,2,9,2,9,2,9,2,8,2,8,2,8,2,8,1,8,2,8,2,7,1,8,1,7,1,7,0,8,0,7,-1,7,0,7,0,7,-2,7,-2,6,0,0,0,0,0,0,0,0,0,0,0,0,0,0,0,66,4,65,6,68,5,60,9,53,10,53,6,57,8,52,13,50,15,51,11,53,16,46,17,49,20,49,24,44,18,44,25,48,17,35,30,47,31,38,34,46,32,41,39,48,33,46,35,45,36,51,32,49,35,47,35,50,38,54,34,52,34,53,32,48,34,52,29,48,28,55,28,50,23,45,23,50,26,42,24,48,21,42,17,49,24,45,20,41,18,38,19,44,21,42,16,42,15,42,9,44,11,39,15,41,7,39,11,42,1,33,-2,40,0,0,0,0,0,0,0,0,0,0,0,0,0,0,0,0,0,0,0,0,0,0,-6,-29,0,-30,-2,-24,4,-20,5,-19,8,-18,6,-18,11,-9,6,-4,6,0,4,1,3,-2,2,11,-2,18,-4,16,-11,14,-12,14,-14,11,-19,19,-22,20,-24,17,-28,20,-33,20,-40,24,-33,11,-39,17,-44,15,-45,20,-49,14,-54,21,-48,19,-53,18,-56,14,-60,12,-57,11,-63,14,-61,13,-60,11,-61,12,-67,13,-65,14,-63,15,-73,10,-72,10,-69,9,-66,11,-72,9,-68,5,-74,7,-70,3,-76,2,-74,7,-72,7,-70,2,-76,7,-69,4,-70,7,0,0]"
CSI_DATA,199,2a:00:00:00:00:00,-48,11,1,0,1,1,1,0,0,0,1,-97,0,11,2,2947013,0,44,0,384,0,"[0,0,0,0,0,0,0,0,0,0,0,0,-1,10,-1,10,0,10,0,10,0,10,1,9,1,9,2,9,2,9,2,9,2,9,3,9,3,9,3,9,4,9,3,10,4,9,4,10,5,10,4,10,5,10,4,10,4,11,4,11,4,11,4,11,0,0,4,11,3,11,3,11,3,11,3,11,2,11,2,10,2,11,2,10,2,10,1,9,2,9,1,9,1,9,1,8,0,8,0,8,0,8,0,8,0,8,-1,8,-1,7,-1,7,-2,7,-2,6,-2,6,0,0,0,0,0,0,0,0,0,0,0,0,0,0,-23,61,-26,60,-18,64,-22,58,-21,54,-15,55,-16,56,-14,51,-11,58,-5,56,-4,55,-6,51,-2,51,3,51,-3,50,4,56,3,53,6,57,9,57,8,52,13,60,10,56,12,58,8,59,10,59,6,66,6,64,10,64,7,62,9,66,11,64,4,62,0,65,5,65,1,58,-1,61,-2,57,-5,55,-5,60,-4,60,-5,52,-6,53,-5,54,-5,53,-5,52,-4,45,-10,51,-9,49,-10,42,-13,42,-12,42,-11,38,-16,44,-15,36,-15,31,-17,32,-24,33,0,0,0,0,0,0,0,0,0,0,0,0,0,0,0,0,0,0,0,0,0,0,4,-30,7,-29,11,-26,11,-22,12,-18,13,-15,8,-11,6,-8,13,-3,3,-1,7,4,4,5,-1,6,-7,5,-12,7,-13,4,-17,9,-16,10,-23,10,-25,6,-29,7,-30,11,-35,8,-38,5,-42,5,-43,5,-46,1,-47,-2,-48,3,-49,-1,-48,0,-51,-7,-53,-7,-51,-4,-54,-11,-52,-9,-56,-13,-61,-9,-59,-9,-62,-15,-60,-9,-59,-11,-59,-13,-65,-10,-64,-10,-69,-16,-67,-16,-65,-14,-73,-14,-66,-19,-67,-16,-66,-17,-65,-23,-65,-17,-70,-23,-75,-22,-63,-19,0,0]"
CSI_DATA,200,2a:00:00:00:00:00,-47,11,1,0,1,1,1,0,0,0,1,-97,0,11,2,2956631,0,44,0,384,0,"[0,0,0,0,0,0,0,0,0,0,0,0,7,-8,6,-8,6,-8,6,-8,5,-8,5,-9,5,-9,4,-9,4,-9,3,-9,4,-10,3,-10,3,-10,3,-10,3,-11,3,-11,2,-11,2,-11,2,-12,2,-12,2,-12,2,-12,3,-12,2,-12,3,-12,3,-12,0,0,3,-12,3,-12,4,-12,4,-12,4,-11,4,-11,4,-11,4,-10,4,-10,4,-10,4,-10,4,-9,4,-9,4,-9,4,-9,4,-9,4,-8,4,-8,4,-8,4,-8,4,-7,4,-7,4,-6,5,-6,5,-6,5,-5,0,0,0,0,0,0,0,0,0,0,0,0,0,0,-25,-57,-24,-57,-27,-59,-25,-52,-30,-50,-28,-48,-32,-48,-27,-50,-36,-39,-38,-44,-32,-40,-36,-35,-36,-45,-37,-40,-44,-34,-44,-42,-46,-38,-48,-34,-47,-39,-47,-38,-52,-34,-57,-34,-55,-35,-54,-39,-55,-37,-52,-47,-55,-43,-57,-39,-52,-36,-59,-36,-60,-37,-56,-43,-46,-42,-55,-45,-50,-45,-48,-43,-44,-45,-42,-44,-45,-44,-44,-44,-43,-42,-39,-41,-36,-40,-37,-38,-41,-40,-33,-42,-29,-40,-31,-33,-30,-38,-31,-34,-28,-36,-27,-41,-24,-41,-21,-39,-24,-32,-18,-36,-16,-36,0,0,0,0,0,0,0,0,0,0,0,0,0,0,0,0,0,0,0,0,0,0,9,29,4,27,0,25,1,25,-2,20,-4,18,-11,19,-9,11,-5,8,-7,4,-10,1,-7,-7,0,-6,2,-6,1,-6,7,-7,4,-12,11,-14,15,-19,17,-14,20,-17,26,-20,27,-17,28,-18,30,-18,28,-23,36,-20,38,-20,38,-17,42,-18,45,-15,46,-16,45,-19,44,-23,48,-21,48,-20,52,-21,52,-20,52,-22,52,-23,55,-21,58,-23,58,-19,57,-22,60,-23,55,-18,58,-22,58,-27,56,-27,56,-23,61,-26,60,-29,62,-26,57,-23,63,-30,64,-25,62,-23,0,0]"
CSI_DATA,201,2a:00:00:00:00:00,-47,11,1,0,1,1,1,0,0,0,1,-97,0,11,2,2967437,0,44,0,384,0,"[0,0,0,0,0,0,0,0,0,0,0,0,-3,10,-3,10,-2,10,-2,10,-1,10,-1,9,-1,10,0,9,0,9,0,9,0,9,1,9,1,10,1,10,1,10,2,10,2,10,1,10,2,11,1,11,2,11,2,11,1,11,2,11,1,11,1,11,0,0,0,11,1,11,0,11,0,11,-1,11,-1,11,-1,10,-1,10,-2,10,-2,10,-1,9,-1,9,-2,8,-1,8,-2,8,-2,8,-2,7,-3,8,-3,8,-2,7,-3,7,-3,6,-3,6,-3,6,-3,6,-4,5,0,0,0,0,0,0,0,0,0,0,0,0,0,0,-5,63,-12,69,-5,65,-7,68,-1,62,-4,59,0,60,3,59,1,53,4,55,7,56,9,54,9,60,13,53,14,54,18,56,19,61,18,57,19,63,14,58,26,60,22,68,24,60,22,60,25,61,24,67,27,63,25,66,19,68,22,66,20,69,16,70,20,66,24,62,17,68,14,63,12,64,6,62,8,65,12,61,9,59,2,57,1,55,3,55,4,55,6,52,3,50,1,52,0,43,4,43,-1,43,-5,44,-3,43,-5,41,-8,38,-6,35,-16,34,0,0,0,0,0,0,0,0,0,0,0,0,0,0,0,0,0,0,0,0,0,0,6,-27,10,-34,10,-25,11,-25,12,-21,12,-15,8,-10,13,-9,11,-9,9,-4,8,-2,0,0,0,-3,-4,2,-14,0,-9,5,-11,4,-20,3,-19,9,-28,6,-23,10,-31,-1,-33,1,-37,2,-35,-2,-41,-2,-43,-2,-46,-5,-44,-3,-44,-7,-43,-6,-51,-5,-48,-8,-52,-7,-52,-12,-53,-10,-52,-15,-50,-9,-60,-14,-60,-11,-64,-9,-60,-11,-63,-12,-63,-11,-69,-8,-65,-11,-63,-8,-62,-9,-67,-13,-62,-14,-67,-10,-70,-8,-71,-8,-61,-6,-69,-10,-69,-5,-73,-8,0,0]"
CSI_DATA,202,2a:00:00:00:00:00,-47,11,1,0,1,1,1,0,0,0,1,-97,0,11,2,2980615,0,44,0,384,0,"[0,0,0,0,0,0,0,0,0,0,0,0,-7,9,-6,10,-5,9,-5,9,-6,9,-5,10,-5,10,-4,9,-4,10,-4,10,-4,10,-3,10,-3,10,-3,10,-2,10,-3,10,-2,11,-2,11,-2,12,-2,11,-2,11,-3,11,-3,11,-2,11,-2,12,-2,12,0,0,-3,12,-3,12,-3,11,-4,11,-4,11,-4,11,-5,10,-4,10,-5,9,-4,8,-5,8,-5,9,-4,8,-4,8,-4,7,-5,7,-4,7,-4,7,-4,6,-5,6,-4,6,-5,6,-5,5,-5,5,-5,4,-5,4,0,0,0,0,0,0,0,0,0,0,0,0,0,0,-43,51,-41,52,-47,56,-37,50,-39,50,-32,48,-37,49,-32,46,-30,51,-31,50,-30,47,-24,47,-24,51,-23,55,-23,56,-18,58,-20,63,-17,56,-18,54,-19,60,-14,59,-19,64,-11,62,-14,55,-16,61,-20,61,-19,64,-19,61,-23,61,-14,66,-23,61,-21,58,-22,61,-29,58,-28,59,-29,60,-27,57,-28,52,-31,50,-28,47,-30,49,-25,44,-29,44,-24,42,-30,42,-30,34,-25,38,-26,36,-30,36,-27,36,-30,29,-33,30,-30,30,-25,26,-27,22,-30,22,-27,21,0,0,0,0,0,0,0,0,0,0,0,0,0,0,0,0,0,0,0,0,0,0,8,-31,14,-27,17,-27,15,-19,13,-13,14,-10,14,-13,10,-12,11,-6,10,-4,3,-4,-1,-6,0,-3,-11,0,-10,0,-14,-2,-15,-4,-19,-5,-19,-9,-24,-10,-30,-10,-25,-13,-34,-15,-31,-21,-37,-19,-35,-18,-40,-19,-34,-24,-42,-27,-40,-26,-43,-30,-41,-32,-42,-33,-44,-28,-42,-30,-44,-31,-45,-39,-44,-41,-44,-39,-44,-36,-46,-37,-47,-32,-52,-37,-56,-36,-51,-45,-51,-34,-58,-39,-48,-40,-54,-46,-50,-42,-52,-36,-70,-50,-56,-45,-59,-46,-58,-44,-58,-42,-59,-43,0,0]"
CSI_DATA,203,2a:00:00:00:00:00,-47,11,1,0,1,1,1,0,0,0,1,-97,0,11,2,2986117,0,44,0,384,0,"[0,0,0,0,0,0,0,0,0,0,0,0,-12,4,-12,5,-11,5,-10,5,-10,5,-10,6,-10,5,-10,5,-10,6,-9,6,-9,6,-9,6,-9,7,-9,7,-9,7,-9,7,-8,7,-9,8,-8,8,-8,8,-9,8,-9,7,-9,8,-9,8,-9,8,-10,8,0,0,-10,7,-10,7,-9,7,-10,6,-9,6,-10,6,-10,6,-9,5,-10,5,-9,5,-9,4,-9,4,-8,4,-8,4,-9,3,-8,3,-8,3,-8,3,-8,2,-8,2,-8,2,-7,1,-7,1,-7,1,-7,1,-7,0,0,0,0,0,0,0,0,0,0,0,0,0,0,0,-70,16,-65,17,-67,19,-64,13,-61,14,-63,16,-55,22,-60,19,-57,19,-56,17,-55,21,-57,21,-55,19,-52,23,-50,25,-48,34,-48,33,-48,35,-49,32,-46,35,-47,40,-53,35,-49,39,-56,37,-53,36,-51,31,-53,36,-45,42,-50,41,-56,38,-51,38,-60,31,-53,38,-56,31,-56,31,-52,27,-58,26,-53,28,-54,22,-50,22,-52,18,-50,22,-51,18,-48,17,-50,16,-44,17,-45,14,-46,17,-43,7,-44,9,-43,7,-43,3,-41,6,-41,4,-35,5,-34,0,-39,-1,0,0,0,0,0,0,0,0,0,0,0,0,0,0,0,0,0,0,0,0,0,0,27,-21,27,-14,27,-11,23,-7,19,-8,25,-3,13,1,12,-1,10,-3,8,6,3,3,0,-5,-2,-3,-5,-5,-3,-10,-10,-16,-15,-13,-12,-13,-16,-16,-14,-21,-11,-27,-22,-29,-21,-30,-21,-36,-23,-37,-19,-48,-23,-46,-23,-45,-20,-48,-20,-49,-18,-46,-17,-49,-16,-54,-13,-56,-12,-63,-13,-63,-15,-57,-19,-61,-20,-58,-25,-59,-16,-66,-23,-64,-19,-63,-22,-66,-17,-68,-19,-63,-19,-59,-12,-69,-20,-66,-22,-71,-25,-68,-27,-70,-19,-65,-16,-70,-23,-67,-21,-73,-18,-75,0,0]"
CSI_DATA,204,2a:00:00:00:00:00,-47,11,1,0,1,1,1,0,0,0,1,-97,0,11,2,3006473,0,44,0,384,0,"[0,0,0,0,0,0,0,0,0,0,0,0,-11,-6,-11,-6,-11,-6,-11,-6,-11,-6,-10,-5,-10,-5,-10,-4,-11,-5,-10,-5,-10,-4,-11,-4,-10,-3,-10,-3,-11,-3,-10,-3,-10,-2,-10,-3,-10,-2,-10,-3,-10,-3,-11,-3,-11,-2,-11,-2,-11,-2,-11,-2,0,0,-11,-2,-11,-2,-10,-3,-11,-3,-10,-3,-9,-3,-9,-3,-9,-3,-10,-4,-10,-3,-9,-3,-9,-3,-9,-3,-8,-4,-8,-3,-8,-4,-8,-4,-7,-4,-7,-4,-7,-4,-7,-4,-6,-5,-6,-4,-6,-5,-5,-4,-5,-4,0,0,0,0,0,0,0,0,0,0,0,0,0,0,-60,-42,-57,-40,-57,-42,-51,-41,-57,-36,-61,-38,-55,-32,-56,-32,-49,-30,-53,-31,-54,-24,-54,-26,-51,-25,-51,-22,-55,-26,-53,-21,-55,-20,-49,-18,-53,-18,-52,-13,-54,-13,-52,-16,-55,-17,-49,-16,-52,-15,-58,-15,-54,-15,-58,-17,-54,-13,-55,-14,-57,-12,-59,-17,-52,-16,-56,-11,-53,-18,-48,-17,-49,-21,-51,-14,-46,-18,-48,-18,-41,-18,-44,-16,-42,-22,-46,-21,-44,-16,-41,-21,-43,-19,-36,-20,-35,-21,-34,-22,-29,-22,-31,-23,-33,-26,-25,-29,-26,-27,-23,-28,-22,-25,0,0,0,0,0,0,0,0,0,0,0,0,0,0,0,0,0,0,0,0,0,0,23,-2,28,0,19,2,20,2,18,4,14,3,15,6,8,-2,6,1,6,-2,1,-3,0,-8,-3,-11,-2,-12,-5,-16,-4,-15,-6,-26,-1,-23,-4,-31,3,-30,-2,-35,4,-37,-2,-41,4,-42,6,-44,8,-48,8,-51,13,-56,12,-52,16,-55,20,-53,16,-56,19,-54,25,-56,25,-62,24,-58,21,-57,23,-60,27,-56,25,-65,31,-63,27,-64,29,-68,27,-62,31,-64,22,-57,30,-64,29,-67,34,-65,35,-66,27,-65,30,-69,36,-68,38,-63,30,-67,38,-69,43,-67,0,0]"
CSI_DATA,205,2a:00:00:00:00:00,-47,11,1,0,1,1,1,0,0,0,1,-97,0,11,2,3017168,0,44,0,384,0,"[0,0,0,0,0,0,0,0,0,0,0,0,-13,4,-12,4,-11,5,-11,4,-10,4,-11,4,-11,4,-11,5,-10,5,-10,5,-10,5,-10,5,-9,5,-9,5,-8,5,-9,6,-8,6,-9,5,-8,5,-8,6,-8,5,-9,6,-9,5,-8,6,-8,5,-9,5,0,0,-9,5,-8,5,-8,5,-8,5,-8,4,-8,4,-8,4,-8,4,-8,4,-8,3,-8,3,-8,3,-8,3,-7,3,-8,3,-7,3,-8,2,-8,2,-8,2,-7,2,-8,1,-7,1,-7,1,-7,0,-7,0,-7,-1,0,0,0,0,0,0,0,0,0,0,0,0,0,0,-63,41,-56,38,-62,43,-56,34,-55,38,-54,32,-49,39,-52,37,-44,35,-48,35,-47,36,-49,37,-41,40,-41,38,-39,35,-40,40,-37,39,-34,37,-36,39,-31,41,-40,45,-34,39,-29,42,-32,42,-35,45,-30,40,-32,42,-31,45,-31,43,-33,43,-35,42,-38,43,-32,37,-31,41,-33,38,-38,34,-34,38,-33,37,-32,36,-34,31,-32,30,-32,32,-31,30,-34,30,-34,27,-30,26,-35,28,-32,29,-34,25,-34,21,-31,19,-33,19,-31,15,-29,12,-31,15,-32,14,-36,6,0,0,0,0,0,0,0,0,0,0,0,0,0,0,0,0,0,0,0,0,0,0,3,-27,6,-22,6,-20,10,-17,5,-17,6,-10,3,-5,-2,-7,-1,-5,-2,-4,-3,0,-7,1,-11,-1,-15,-3,-20,0,-25,-4,-29,-3,-24,-10,-32,-6,-33,-12,-36,-8,-38,-13,-43,-16,-46,-20,-46,-19,-46,-24,-47,-26,-48,-33,-53,-29,-49,-33,-48,-33,-52,-38,-47,-38,-50,-41,-53,-41,-44,-48,-50,-43,-50,-46,-50,-47,-50,-42,-53,-51,-47,-43,-53,-47,-55,-53,-57,-52,-55,-60,-51,-55,-56,-55,-53,-52,-51,-54,-51,-52,-56,-58,-53,-60,-47,-57,-53,-58,-54,-58,-53,-63,0,0]"
CSI_DATA,206,2a:00:00:00:00:00,-47,11,1,0,1,1,1,0,0,0,1,-97,0,11,2,3026887,0,44,0,384,0,"[0,0,0,0,0,0,0,0,0,0,0,0,-9,-9,-10,-9,-9,-9,-9,-9,-9,-8,-9,-7,-9,-7,-9,-7,-9,-7,-9,-7,-8,-6,-8,-6,-8,-6,-9,-6,-8,-6,-9,-5,-9,-5,-9,-5,-9,-5,-9,-5,-8,-6,-9,-6,-9,-5,-9,-5,-8,-5,-8,-5,0,0,-9,-5,-8,-6,-8,-5,-8,-5,-8,-6,-7,-6,-7,-5,-7,-5,-7,-5,-7,-6,-7,-5,-6,-5,-6,-5,-6,-5,-6,-5,-6,-5,-6,-5,-5,-6,-5,-5,-4,-5,-4,-6,-5,-5,-4,-5,-4,-6,-3,-5,-3,-6,0,0,0,0,0,0,0,0,0,0,0,0,0,0,-57,-47,-53,-52,-52,-49,-50,-46,-52,-46,-47,-44,-50,-46,-45,-41,-48,-44,-43,-35,-46,-41,-47,-37,-47,-32,-44,-40,-43,-37,-43,-29,-45,-36,-39,-32,-45,-26,-47,-30,-44,-23,-45,-27,-43,-23,-45,-24,-42,-26,-44,-28,-47,-30,-46,-26,-45,-26,-47,-25,-47,-25,-41,-26,-45,-28,-39,-27,-41,-26,-36,-29,-38,-26,-34,-30,-40,-27,-36,-24,-36,-28,-35,-25,-34,-27,-29,-26,-26,-21,-33,-28,-31,-24,-27,-24,-24,-27,-25,-29,-26,-26,-22,-29,-22,-29,-19,-28,-16,-26,-19,-28,-14,-29,0,0,0,0,0,0,0,0,0,0,0,0,0,0,0,0,0,0,0,0,0,0,21,-4,15,-3,16,-1,11,0,12,-1,8,-2,6,-3,3,-3,1,-7,1,-8,-4,-9,-6,-9,-3,-16,-9,-14,-6,-21,-5,-24,-7,-25,-5,-30,-7,-33,-9,-37,2,-40,-1,-45,1,-48,5,-49,6,-50,10,-54,11,-54,12,-55,14,-56,20,-55,19,-59,21,-58,21,-55,23,-57,25,-61,27,-59,26,-63,30,-62,28,-63,28,-59,29,-61,27,-67,31,-65,33,-66,31,-63,29,-67,34,-64,40,-63,38,-66,41,-70,44,-68,37,-64,42,-60,47,-69,45,-66,45,-60,49,-67,0,0]"
CSI_DATA,207,2a:00:00:00:00:00,-47,11,1,0,1,1,1,0,0,0,1,-97,0,11,2,3036440,0,44,0,384,0,"[0,0,0,0,0,0,0,0,0,0,0,0,7,9,7,9,7,9,7,9,7,8,7,7,6,7,7,7,6,7,7,7,6,6,6,6,7,6,6,6,6,6,6,6,7,5,7,5,7,5,7,5,6,5,7,5,6,6,7,5,7,5,6,5,0,0,6,5,6,5,6,6,6,5,5,5,5,6,5,6,4,5,5,5,5,5,4,5,4,5,4,4,4,5,4,4,4,4,4,4,3,5,3,4,2,4,3,4,2,5,2,5,2,4,1,4,1,4,0,0,0,0,0,0,0,0,0,0,0,0,0,0,49,55,51,64,51,56,44,54,45,55,43,51,37,50,42,50,43,44,39,46,37,46,40,43,39,43,39,41,38,40,39,42,40,39,39,33,37,38,43,34,42,33,39,31,41,31,38,32,38,32,38,33,38,32,41,32,35,33,40,31,35,29,35,33,38,32,35,31,35,31,31,30,32,30,27,32,27,31,24,30,27,33,22,30,26,30,21,26,23,28,22,29,19,28,22,27,19,28,16,27,17,28,16,27,12,24,15,28,11,28,11,26,6,26,0,0,0,0,0,0,0,0,0,0,0,0,0,0,0,0,0,0,0,0,0,0,-16,5,-17,0,-13,0,-13,0,-8,-1,-10,-2,-7,1,-3,3,-1,2,0,5,4,10,2,16,3,17,5,21,9,23,3,26,3,30,4,38,4,37,-1,36,-4,41,-3,45,-8,52,-13,48,-12,50,-14,53,-19,57,-18,53,-23,55,-24,57,-24,57,-31,59,-32,60,-32,60,-33,58,-30,57,-34,61,-33,61,-37,60,-38,59,-40,62,-39,64,-40,64,-43,63,-43,60,-43,70,-43,64,-47,60,-46,63,-49,58,-49,61,-50,62,-52,58,-54,62,-56,62,-55,62,-63,60,0,0]"
CSI_DATA,208,2a:00:00:00:00:00,-47,11,1,0,1,1,1,0,0,0,1,-97,0,11,2,3046135,0,44,0,384,0,"[0,0,0,0,0,0,0,0,0,0,0,0,-10,8,-10,7,-9,8,-9,8,-9,7,-9,8,-8,7,-8,7,-8,7,-7,7,-8,7,-8,7,-7,7,-7,7,-7,7,-7,7,-7,7,-7,7,-6,7,-6,7,-6,7,-6,7,-6,7,-6,6,-6,7,-7,6,0,0,-6,6,-6,6,-6,6,-7,5,-6,5,-6,5,-6,5,-6,5,-6,4,-6,4,-6,4,-6,4,-5,4,-5,3,-5,3,-5,3,-5,3,-5,3,-5,3,-5,3,-5,2,-5,2,-5,2,-5,1,-5,1,-5,1,0,0,0,0,0,0,0,0,0,0,0,0,0,0,-66,42,-63,39,-61,45,-64,32,-50,36,-62,34,-57,32,-58,32,-48,34,-48,34,-50,33,-42,35,-50,33,-41,34,-47,35,-42,37,-42,35,-41,36,-39,34,-40,32,-42,38,-39,36,-40,36,-39,34,-38,35,-37,39,-33,34,-34,38,-39,33,-33,31,-36,32,-36,35,-37,32,-39,28,-33,28,-35,27,-32,29,-31,23,-29,28,-30,22,-29,23,-28,22,-30,18,-28,22,-33,21,-32,19,-29,17,-30,19,-27,15,-25,13,-31,14,-28,10,-25,8,-25,11,-25,11,-30,7,-25,6,0,0,0,0,0,0,0,0,0,0,0,0,0,0,0,0,0,0,0,0,0,0,0,-16,3,-17,-2,-11,3,-10,3,-9,0,-7,-1,-4,-5,2,-8,-1,-7,3,-13,-1,-14,2,-21,1,-19,1,-26,2,-29,0,-31,-4,-32,-6,-38,-3,-45,-2,-44,-6,-44,-14,-46,-17,-46,-21,-47,-18,-49,-24,-51,-25,-52,-31,-53,-29,-53,-35,-48,-34,-55,-37,-50,-38,-53,-39,-57,-35,-50,-45,-53,-41,-56,-41,-54,-44,-55,-47,-56,-45,-48,-49,-54,-54,-59,-53,-56,-50,-52,-52,-55,-55,-56,-52,-58,-52,-54,-56,-56,-60,-53,-60,-54,-59,-49,-63,-56,-67,-51,-69,-52,-64,0,0]"
CSI_DATA,209,2a:00:00:00:00:00,-47,11,1,0,1,1,1,0,0,0,1,-97,0,11,2,3056301,0,44,0,384,0,"[0,0,0,0,0,0,0,0,0,0,0,0,-13,2,-12,1,-11,1,-12,1,-11,2,-11,2,-11,1,-11,2,-11,2,-10,2,-11,3,-10,2,-10,2,-10,3,-10,2,-10,3,-10,3,-10,3,-9,3,-9,3,-9,2,-9,3,-9,2,-9,3,-9,3,-9,3,0,0,-9,2,-8,2,-8,2,-8,2,-8,1,-8,1,-7,1,-7,0,-8,1,-7,1,-7,1,-6,1,-6,1,-6,0,-6,1,-6,0,-6,1,-6,0,-6,0,-5,0,-5,0,-5,-1,-5,-1,-5,0,-5,-1,-5,-1,0,0,0,0,0,0,0,0,0,0,0,0,0,0,-73,7,-75,7,-68,8,-69,4,-68,6,-64,1,-63,9,-61,10,-61,6,-59,6,-61,6,-59,8,-61,11,-53,13,-59,9,-56,12,-53,15,-56,14,-55,11,-50,14,-52,13,-53,12,-47,19,-48,14,-52,12,-50,14,-50,13,-49,11,-49,15,-48,12,-48,10,-50,8,-48,10,-48,12,-46,4,-44,11,-45,4,-44,4,-40,5,-41,3,-40,3,-38,2,-34,4,-33,1,-36,3,-32,0,-31,2,-33,0,-27,-2,-28,-3,-27,-3,-31,-2,-24,-4,-26,-4,-24,-5,-25,-7,-26,-4,0,0,0,0,0,0,0,0,0,0,0,0,0,0,0,0,0,0,0,0,0,0,8,-16,8,-10,6,-9,2,-9,1,-7,-1,-5,-1,-3,-5,-5,-8,-3,-11,-3,-14,-7,-14,-10,-18,-11,-22,-11,-23,-13,-24,-18,-31,-22,-31,-25,-32,-23,-28,-31,-33,-32,-30,-32,-30,-39,-31,-38,-35,-45,-32,-47,-29,-49,-28,-52,-27,-55,-25,-55,-24,-56,-27,-57,-27,-56,-24,-62,-23,-56,-25,-64,-25,-67,-24,-62,-28,-65,-23,-69,-23,-67,-27,-67,-26,-71,-22,-68,-27,-71,-29,-68,-29,-73,-26,-74,-21,-75,-21,-77,-21,-80,-23,-80,-20,-76,-19,-78,-17,-78,-17,-88,-17,-81,0,0]"
CSI_DATA,210,2a:00:00:00:00:00,-46,11,1,0,1,1,1,0,0,0,1,-97,0,11,2,3066240,0,44,0,384,0,"[0,0,0,0,0,0,0,0,0,0,0,0,9,7,9,7,9,7,9,7,9,7,9,6,9,6,9,6,8,5,9,5,9,5,8,4,9,5,8,5,8,5,8,5,9,4,8,4,8,4,8,5,8,4,8,4,8,4,8,4,8,4,8,4,0,0,8,4,7,4,7,5,7,4,6,5,6,4,6,4,5,4,5,4,5,4,5,4,4,3,4,4,4,4,3,4,4,3,4,3,3,3,3,3,3,3,3,3,3,2,3,3,2,3,2,3,2,3,0,0,0,0,0,0,0,0,0,0,0,0,0,0,44,54,47,62,43,55,46,52,41,56,39,49,40,57,36,48,40,48,40,49,41,46,44,42,42,43,41,44,42,44,43,39,40,43,39,38,42,35,42,36,43,37,43,39,41,32,41,36,39,34,39,35,39,36,39,37,36,35,37,38,38,39,35,35,30,34,35,37,33,38,25,34,28,33,26,30,25,34,25,31,19,31,20,27,22,27,18,27,19,22,17,27,18,22,18,21,15,21,13,23,16,22,14,23,10,23,9,18,9,23,9,22,4,21,0,0,0,0,0,0,0,0,0,0,0,0,0,0,0,0,0,0,0,0,0,0,-14,2,-13,1,-6,0,-7,-4,-4,4,-7,4,-3,4,2,9,-4,11,0,14,-1,18,-4,21,-1,23,-1,26,-4,30,-8,35,-7,36,-9,38,-10,35,-15,41,-14,42,-19,47,-19,43,-22,47,-27,47,-29,48,-32,51,-33,48,-34,45,-37,48,-38,51,-36,47,-40,48,-40,50,-42,49,-43,56,-46,52,-44,52,-49,51,-46,54,-49,53,-47,58,-46,53,-52,59,-51,51,-45,60,-50,59,-54,53,-55,60,-55,54,-57,52,-58,54,-53,53,-56,54,-58,52,-59,51,-58,54,0,0]"
CSI_DATA,211,2a:00:00:00:00:00,-46,11,1,0,1,1,1,0,0,0,1,-97,0,11,2,3078389,0,44,0,384,0,"[0,0,0,0,0,0,0,0,0,0,0,0,-13,-3,-12,-3,-12,-3,-12,-4,-12,-3,-11,-3,-11,-3,-11,-2,-11,-2,-11,-3,-10,-2,-11,-2,-10,-2,-10,-2,-10,-2,-11,-1,-10,-1,-11,-2,-10,-1,-10,-2,-10,-2,-10,-2,-10,-2,-9,-2,-9,-2,-9,-2,0,0,-9,-2,-8,-3,-8,-3,-9,-3,-7,-3,-7,-3,-7,-3,-7,-3,-7,-3,-7,-3,-6,-3,-6,-2,-6,-2,-5,-2,-5,-3,-5,-2,-5,-2,-5,-2,-5,-2,-5,-3,-4,-2,-4,-2,-4,-2,-4,-2,-4,-3,-4,-3,0,0,0,0,0,0,0,0,0,0,0,0,0,0,-72,-23,-69,-23,-65,-18,-63,-17,-65,-16,-64,-20,-62,-18,-62,-19,-56,-16,-60,-19,-62,-10,-61,-14,-60,-13,-52,-14,-57,-15,-59,-7,-52,-11,-53,-15,-52,-9,-52,-13,-57,-6,-56,-9,-53,-4,-51,-6,-48,-8,-51,-6,-51,-11,-48,-9,-46,-9,-51,-7,-48,-10,-49,-9,-43,-12,-42,-9,-45,-9,-38,-14,-37,-11,-38,-10,-34,-10,-35,-13,-32,-13,-33,-14,-33,-12,-30,-9,-25,-9,-28,-6,-26,-10,-24,-6,-25,-11,-23,-8,-24,-10,-23,-11,-20,-11,-19,-6,-20,-11,-19,-12,-19,-14,0,0,0,0,0,0,0,0,0,0,0,0,0,0,0,0,0,0,0,0,0,0,7,-10,4,-13,-1,-7,0,-6,-1,-11,-3,-11,-3,-11,-8,-11,-8,-17,-9,-10,-13,-16,-12,-19,-15,-25,-17,-27,-17,-31,-18,-31,-16,-37,-11,-40,-20,-40,-12,-43,-14,-46,-11,-52,-10,-55,-7,-55,-4,-51,-6,-55,-4,-59,-3,-61,3,-57,-1,-61,2,-57,3,-61,0,-61,2,-60,1,-62,5,-64,3,-62,8,-69,8,-64,5,-67,6,-71,1,-70,5,-74,5,-71,3,-75,8,-73,7,-72,4,-75,7,-78,11,-73,10,-71,10,-76,13,-82,11,-76,12,-78,15,-75,16,-83,0,0]"
CSI_DATA,212,2a:00:00:00:00:00,-46,11,1,0,1,1,1,0,0,0,1,-97,0,11,2,3086076,0,44,0,384,0,"[0,0,0,0,0,0,0,0,0,0,0,0,-13,1,-12,1,-12,1,-12,1,-11,1,-11,1,-11,1,-11,1,-11,1,-11,1,-11,1,-11,2,-10,2,-10,2,-10,2,-10,2,-10,2,-10,2,-9,2,-9,2,-9,1,-10,1,-9,2,-9,2,-9,1,-9,1,0,0,-9,1,-9,1,-8,0,-8,0,-8,0,-7,0,-7,0,-7,-1,-7,0,-7,-1,-6,-1,-6,0,-6,0,-6,0,-5,0,-6,-1,-5,0,-5,0,-5,-1,-5,-1,-5,-1,-5,-1,-4,-1,-4,-1,-4,-1,-4,-1,0,0,0,0,0,0,0,0,0,0,0,0,0,0,-70,7,-78,11,-67,5,-70,10,-71,10,-62,5,-67,8,-56,8,-65,10,-63,8,-58,15,-56,11,-54,13,-56,8,-52,9,-57,13,-53,9,-49,10,-48,13,-57,15,-49,14,-55,12,-46,12,-48,18,-49,9,-46,16,-51,14,-47,10,-46,10,-48,7,-49,7,-48,6,-42,9,-39,10,-43,6,-42,6,-38,10,-36,4,-39,4,-35,6,-34,3,-34,-1,-28,1,-29,1,-26,3,-27,2,-27,1,-25,1,-26,0,-25,3,-28,1,-24,-1,-21,1,-25,1,-23,0,-23,-3,-22,-3,0,0,0,0,0,0,0,0,0,0,0,0,0,0,0,0,0,0,0,0,0,0,-3,-11,-4,-8,-5,-7,-7,-5,-7,-6,-8,-4,-9,-8,-14,-8,-16,-6,-21,-7,-21,-11,-26,-15,-26,-14,-27,-17,-28,-21,-31,-27,-33,-24,-34,-31,-31,-27,-34,-35,-34,-37,-35,-37,-36,-49,-31,-45,-31,-49,-29,-55,-27,-54,-27,-52,-25,-54,-24,-57,-26,-57,-21,-56,-25,-59,-28,-58,-26,-63,-22,-62,-24,-68,-23,-66,-25,-66,-24,-67,-25,-59,-30,-72,-29,-66,-27,-72,-21,-66,-31,-69,-26,-69,-25,-70,-23,-72,-20,-74,-16,-71,-19,-70,-18,-70,-23,-78,-15,-78,-16,-74,-19,-76,0,0]"
CSI_DATA,213,2a:00:00:00:00:00,-45,11,1,0,1,1,1,0,0,0,1,-97,0,11,2,3106352,0,44,0,384,0,"[0,0,0,0,0,0,0,0,0,0,0,0,4,-11,3,-10,3,-10,3,-10,3,-10,2,-10,2,-10,2,-10,2,-9,2,-9,2,-9,2,-9,1,-9,2,-9,1,-9,1,-9,1,-9,2,-9,1,-9,1,-9,1,-9,1,-9,2,-9,2,-8,2,-9,2,-8,0,0,2,-8,2,-8,2,-8,2,-7,2,-7,2,-7,3,-7,2,-6,2,-6,2,-5,2,-5,2,-5,2,-5,2,-5,2,-5,2,-5,2,-4,1,-4,2,-4,1,-4,1,-4,2,-4,2,-4,2,-3,2,-3,2,-3,0,0,0,0,0,0,0,0,0,0,0,0,0,0,29,-64,30,-56,29,-60,26,-53,26,-54,25,-54,25,-49,25,-55,21,-49,17,-51,18,-52,17,-47,18,-48,14,-51,14,-47,16,-50,12,-52,14,-53,15,-49,16,-45,16,-51,10,-47,11,-52,11,-48,12,-49,14,-51,12,-44,13,-47,13,-46,18,-41,17,-44,15,-45,18,-41,15,-42,19,-38,19,-38,15,-39,16,-35,19,-35,15,-33,16,-30,15,-26,17,-29,17,-29,15,-25,15,-22,14,-24,11,-22,11,-19,11,-24,10,-23,12,-19,12,-22,14,-18,10,-17,13,-16,13,-16,0,0,0,0,0,0,0,0,0,0,0,0,0,0,0,0,0,0,0,0,0,0,11,-3,14,-6,11,-4,12,-6,14,-10,14,-10,16,-10,20,-15,23,-12,24,-16,28,-13,30,-15,36,-17,36,-15,41,-17,40,-11,52,-14,46,-8,50,-10,53,-9,56,-2,60,-5,56,-1,60,1,60,6,61,9,63,10,61,12,64,10,62,14,61,18,63,18,62,13,67,15,63,19,64,16,62,17,63,20,65,19,68,19,68,20,62,18,68,25,68,19,72,17,65,20,64,24,68,20,71,25,69,22,70,22,71,24,70,28,64,25,66,25,67,29,66,27,0,0]"
CSI_DATA,214,2a:00:00:00:00:00,-45,11,1,0,1,1,1,0,0,0,1,-97,0,11,2,3116531,0,44,0,384,0,"[0,0,0,0,0,0,0,0,0,0,0,0,6,-9,5,-9,5,-9,5,-9,4,-10,4,-9,4,-9,4,-9,4,-9,4,-9,4,-9,4,-9,3,-9,4,-8,3,-9,3,-9,3,-9,3,-9,3,-9,3,-9,3,-9,3,-9,4,-8,3,-8,4,-8,4,-8,0,0,3,-7,3,-7,3,-7,3,-7,4,-6,3,-6,3,-6,3,-6,3,-5,3,-5,3,-4,3,-5,3,-5,3,-5,3,-4,2,-4,3,-4,3,-4,3,-4,2,-4,3,-3,2,-4,2,-3,2,-3,3,-3,3,-3,0,0,0,0,0,0,0,0,0,0,0,0,0,0,35,-50,43,-53,41,-48,38,-47,43,-52,34,-45,38,-48,32,-47,33,-50,29,-43,31,-43,27,-44,28,-45,30,-48,30,-45,30,-45,26,-47,26,-47,22,-43,26,-49,23,-45,22,-49,22,-50,23,-47,22,-44,27,-47,26,-41,25,-44,25,-42,27,-43,27,-43,25,-34,26,-40,24,-36,31,-36,27,-34,24,-35,23,-28,23,-32,24,-27,23,-28,23,-23,20,-23,20,-23,22,-22,17,-19,18,-21,22,-24,17,-15,15,-16,17,-20,19,-17,16,-18,18,-15,16,-15,19,-10,19,-10,0,0,0,0,0,0,0,0,0,0,0,0,0,0,0,0,0,0,0,0,0,0,16,-1,12,-2,16,-2,13,-6,20,-5,16,-6,21,-6,22,-6,25,-5,29,-9,29,-9,34,-7,36,-7,42,-6,42,-6,45,-5,46,0,54,3,51,3,53,5,59,11,58,9,60,21,60,18,60,21,60,26,56,23,57,24,64,27,56,28,61,30,58,26,59,27,63,32,58,29,58,32,58,35,58,35,56,29,60,33,61,33,65,37,55,33,62,33,55,35,62,34,60,34,61,35,67,36,63,38,60,42,61,40,55,36,57,43,59,40,57,39,62,43,0,0]"
CSI_DATA,215,2a:00:00:00:00:00,-45,11,1,0,1,1,1,0,0,0,1,-97,0,11,2,3126929,0,44,0,384,0,"[0,0,0,0,0,0,0,0,0,0,0,0,-10,7,-9,7,-8,7,-9,7,-8,7,-8,7,-8,7,-8,7,-7,8,-8,7,-8,7,-8,7,-7,7,-7,7,-7,7,-7,7,-7,7,-7,7,-7,7,-6,7,-6,7,-6,7,-7,7,-6,6,-7,7,-7,6,0,0,-7,6,-6,6,-6,5,-7,5,-6,5,-6,5,-6,5,-6,4,-6,4,-6,4,-5,3,-5,3,-5,3,-5,3,-5,3,-5,3,-5,3,-5,3,-4,2,-4,2,-4,2,-4,2,-4,2,-4,2,-4,1,-4,1,0,0,0,0,0,0,0,0,0,0,0,0,0,0,-50,46,-47,46,-44,48,-48,44,-42,50,-39,41,-40,45,-41,47,-36,42,-40,44,-37,42,-37,42,-36,44,-37,44,-32,42,-32,45,-32,46,-28,45,-32,41,-29,46,-30,43,-34,42,-27,46,-25,44,-33,42,-29,44,-33,40,-29,43,-28,39,-32,39,-32,35,-34,35,-30,34,-30,36,-29,31,-34,28,-26,30,-27,32,-26,27,-24,24,-28,23,-25,22,-24,18,-22,21,-22,22,-21,22,-22,18,-20,21,-21,23,-18,17,-22,16,-20,15,-19,17,-22,12,-20,17,-19,11,-17,11,0,0,0,0,0,0,0,0,0,0,0,0,0,0,0,0,0,0,0,0,0,0,-13,-3,-18,-4,-10,-1,-20,-1,-24,-1,-21,-2,-23,-1,-23,1,-30,4,-31,3,-30,-2,-34,-1,-39,-5,-43,-5,-43,-4,-47,-9,-50,-5,-49,-14,-52,-14,-54,-17,-55,-21,-58,-22,-54,-25,-55,-28,-55,-30,-58,-33,-53,-34,-55,-37,-56,-35,-58,-36,-54,-39,-52,-39,-51,-38,-52,-36,-56,-42,-54,-43,-56,-42,-52,-42,-53,-42,-57,-44,-57,-40,-61,-40,-60,-41,-59,-41,-58,-45,-68,-39,-60,-46,-59,-44,-63,-45,-56,-47,-60,-47,-56,-48,-57,-47,-55,-48,-58,-50,-54,-66,-55,-50,0,0]"
CSI_DATA,216,2a:00:00:00:00:00,-44,11,1,0,1,1,1,0,0,0,1,-97,0,11,2,3148171,0,44,0,384,0,"[0,0,0,0,0,0,0,0,0,0,0,0,-11,4,-11,4,-10,5,-10,4,-10,4,-10,4,-10,4,-10,4,-9,5,-9,4,-9,4,-9,5,-9,4,-8,4,-8,4,-8,5,-8,5,-8,5,-8,4,-8,4,-8,4,-8,4,-8,4,-8,4,-8,4,-8,4,0,0,-8,3,-7,3,-7,3,-7,3,-7,2,-6,3,-6,2,-6,2,-6,2,-6,2,-6,2,-5,1,-5,2,-5,1,-5,1,-5,2,-5,1,-5,1,-5,1,-5,1,-4,1,-4,1,-4,1,-4,0,-4,0,-4,0,0,0,0,0,0,0,0,0,0,0,0,0,0,0,-64,34,-60,30,-58,30,-58,31,-55,33,-53,33,-53,33,-51,30,-51,32,-51,31,-45,29,-46,28,-50,31,-43,29,-42,32,-43,34,-40,34,-42,31,-42,29,-41,32,-42,32,-41,28,-36,31,-37,28,-39,26,-38,27,-44,27,-37,31,-34,25,-39,27,-35,25,-39,22,-35,26,-36,24,-34,20,-30,21,-34,20,-31,18,-28,18,-27,17,-29,16,-28,15,-29,16,-30,15,-28,13,-25,12,-24,12,-24,11,-21,9,-25,9,-24,9,-23,8,-23,9,-22,12,-21,11,-22,10,-19,3,0,0,0,0,0,0,0,0,0,0,0,0,0,0,0,0,0,0,0,0,0,0,-12,-6,-17,-4,-16,-6,-15,-5,-19,-5,-20,-5,-20,-4,-23,-5,-26,-8,-25,-4,-31,-5,-36,-8,-36,-8,-39,-13,-43,-13,-43,-18,-44,-21,-45,-23,-45,-25,-50,-27,-45,-33,-47,-37,-47,-39,-45,-33,-45,-43,-48,-39,-51,-45,-47,-47,-45,-48,-43,-47,-43,-49,-43,-48,-41,-53,-43,-48,-41,-53,-45,-55,-41,-55,-46,-50,-43,-54,-48,-53,-46,-52,-47,-55,-49,-55,-47,-59,-44,-57,-45,-57,-45,-59,-42,-61,-45,-59,-42,-58,-43,-61,-46,-63,-41,-63,-42,-59,-45,-63,-41,-68,-39,-65,0,0]"
CSI_DATA,217,2a:00:00:00:00:00,-44,11,1,0,1,1,1,0,0,0,1,-97,0,11,2,3158382,0,44,0,384,0,"[0,0,0,0,0,0,0,0,0,0,0,0,-12,3,-11,3,-11,3,-11,3,-11,3,-10,3,-10,3,-10,3,-10,3,-9,2,-9,3,-9,3,-9,3,-9,3,-9,3,-9,3,-9,3,-9,3,-8,3,-8,3,-8,3,-8,3,-8,2,-8,3,-8,2,-8,2,0,0,-8,2,-7,2,-7,2,-7,2,-7,1,-7,1,-6,1,-6,1,-6,1,-6,1,-6,1,-5,1,-5,1,-5,1,-5,0,-5,1,-5,1,-5,0,-5,0,-5,0,-5,0,-4,0,-4,0,-4,0,-4,0,-4,-1,0,0,0,0,0,0,0,0,0,0,0,0,0,0,-68,19,-71,20,-62,21,-69,16,-61,18,-59,15,-59,17,-54,19,-53,13,-54,16,-53,16,-54,13,-51,15,-52,16,-49,15,-48,16,-48,17,-47,17,-47,18,-50,16,-48,17,-45,17,-43,19,-41,18,-45,12,-41,13,-45,16,-43,16,-41,15,-42,12,-40,12,-39,7,-39,11,-38,14,-36,10,-33,10,-37,7,-33,7,-32,9,-33,4,-32,8,-31,6,-28,4,-27,8,-23,5,-28,4,-23,6,-25,4,-22,3,-23,1,-23,4,-23,2,-22,3,-23,3,-21,-1,-19,-1,-21,-4,0,0,0,0,0,0,0,0,0,0,0,0,0,0,0,0,0,0,0,0,0,0,-15,-7,-14,-7,-16,-7,-17,-4,-20,-5,-16,-7,-23,-6,-21,-7,-29,-6,-29,-8,-32,-6,-36,-10,-35,-9,-39,-13,-42,-16,-45,-22,-41,-24,-47,-30,-43,-27,-45,-30,-45,-36,-45,-41,-49,-42,-45,-45,-44,-48,-41,-50,-43,-51,-41,-51,-45,-54,-39,-55,-38,-56,-34,-54,-39,-59,-34,-59,-35,-62,-34,-60,-37,-61,-36,-60,-37,-62,-36,-59,-34,-59,-37,-63,-35,-60,-38,-67,-33,-60,-37,-65,-32,-70,-31,-68,-35,-69,-31,-69,-32,-67,-32,-65,-25,-66,-30,-71,-32,-72,-29,-71,-26,-75,0,0]"
CSI_DATA,218,2a:00:00:00:00:00,-44,11,1,0,1,1,1,0,0,0,1,-97,0,11,2,3166356,0,44,0,384,0,"[0,0,0,0,0,0,0,0,0,0,0,0,-4,-11,-4,-11,-4,-11,-4,-10,-4,-10,-3,-10,-3,-9,-3,-9,-4,-9,-4,-9,-4,-9,-4,-8,-4,-9,-4,-8,-4,-8,-4,-8,-4,-8,-4,-8,-4,-7,-4,-8,-4,-8,-4,-7,-3,-7,-4,-7,-4,-7,-3,-7,0,0,-3,-7,-3,-7,-3,-7,-3,-6,-2,-6,-2,-6,-2,-6,-2,-6,-2,-6,-2,-5,-2,-5,-2,-5,-2,-5,-2,-5,-2,-5,-2,-4,-2,-5,-2,-4,-2,-4,-1,-4,-1,-4,-1,-4,-1,-4,-1,-4,-1,-4,-1,-4,0,0,0,0,0,0,0,0,0,0,0,0,0,0,-30,-63,-26,-66,-27,-63,-25,-63,-24,-58,-24,-56,-24,-54,-26,-54,-23,-50,-20,-50,-24,-47,-23,-46,-25,-48,-22,-46,-19,-45,-21,-46,-22,-45,-22,-44,-24,-42,-21,-40,-24,-41,-24,-37,-22,-39,-24,-40,-20,-39,-24,-38,-21,-37,-19,-36,-19,-35,-21,-38,-17,-37,-20,-35,-18,-34,-18,-35,-17,-30,-12,-31,-15,-28,-15,-30,-15,-28,-16,-27,-13,-28,-13,-25,-10,-26,-8,-25,-12,-25,-14,-23,-12,-21,-9,-23,-11,-22,-9,-24,-10,-21,-7,-20,-10,-22,-6,-22,-3,-23,-2,-19,0,-22,0,0,0,0,0,0,0,0,0,0,0,0,0,0,0,0,0,0,0,0,0,0,1,-17,5,-16,0,-18,2,-16,-3,-19,0,-21,-2,-23,-1,-25,2,-30,-1,-28,2,-32,5,-37,4,-40,8,-42,9,-48,13,-45,15,-49,19,-50,18,-51,22,-52,24,-52,31,-54,33,-54,37,-50,41,-51,45,-52,45,-50,43,-49,45,-49,51,-50,47,-48,50,-49,51,-50,50,-50,51,-48,51,-47,53,-47,57,-44,56,-43,59,-43,61,-46,53,-49,60,-44,59,-46,59,-46,62,-51,61,-47,57,-45,65,-47,65,-42,66,-38,67,-39,68,-41,62,-36,70,-35,70,-36,67,-35,0,0]"
CSI_DATA,219,2a:00:00:00:00:00,-44,11,1,0,1,1,1,0,0,0,1,-97,0,11,2,3176265,0,44,0,384,0,"[0,0,0,0,0,0,0,0,0,0,0,0,-11,3,-11,3,-10,3,-10,2,-10,2,-10,3,-9,2,-9,3,-9,2,-8,2,-9,2,-9,3,-8,3,-8,3,-8,2,-8,3,-8,3,-8,2,-8,3,-7,2,-7,2,-8,2,-7,2,-7,2,-7,2,-7,2,0,0,-7,2,-7,1,-7,1,-7,1,-6,1,-6,1,-6,1,-6,1,-6,0,-5,0,-5,0,-5,0,-5,0,-5,0,-5,0,-5,0,-5,0,-5,0,-4,0,-4,0,-4,0,-4,-1,-4,-1,-4,-1,-4,-1,-4,-1,0,0,0,0,0,0,0,0,0,0,0,0,0,0,-64,14,-61,13,-60,12,-61,12,-60,15,-59,13,-52,10,-56,10,-50,10,-50,9,-49,11,-48,13,-47,13,-43,13,-45,11,-44,11,-46,13,-42,14,-40,15,-40,11,-43,13,-40,12,-39,16,-39,14,-41,14,-40,11,-38,13,-38,12,-40,12,-35,11,-36,8,-40,9,-31,7,-37,10,-34,7,-34,6,-32,6,-31,8,-31,6,-28,4,-28,1,-23,1,-26,6,-25,6,-26,6,-24,6,-21,2,-23,4,-24,1,-24,1,-21,0,-21,1,-21,2,-19,-2,-22,-1,-22,-2,-20,-4,0,0,0,0,0,0,0,0,0,0,0,0,0,0,0,0,0,0,0,0,0,0,-14,-1,-16,-1,-18,2,-19,0,-20,0,-23,0,-27,1,-27,2,-31,-1,-30,0,-33,-2,-39,-5,-40,-8,-44,-9,-46,-10,-47,-17,-52,-19,-49,-18,-55,-21,-53,-27,-52,-27,-54,-33,-54,-35,-54,-40,-50,-43,-52,-46,-48,-47,-49,-52,-44,-50,-46,-55,-45,-52,-49,-54,-42,-57,-42,-58,-39,-57,-38,-60,-42,-57,-40,-62,-39,-60,-40,-64,-43,-61,-37,-63,-38,-67,-39,-63,-37,-65,-38,-71,-35,-69,-33,-64,-36,-69,-32,-68,-27,-68,-31,-70,-27,-73,-28,-67,-28,-71,-23,-71,-24,-67,0,0]"
CSI_DATA,220,2a:00:00:00:00:00,-44,11,1,0,1,1,1,0,0,0,1,-97,0,11,2,3186208,0,44,0,384,0,"[0,0,0,0,0,0,0,0,0,0,0,0,8,6,8,6,8,6,7,6,7,6,7,6,7,5,7,5,6,5,6,5,6,4,7,4,6,4,6,4,6,4,6,4,6,3,6,4,6,4,6,4,6,4,6,4,6,3,6,3,5,3,5,4,0,0,5,4,5,4,4,4,5,4,4,3,4,4,3,3,3,3,4,4,3,3,3,3,3,3,3,3,3,3,3,3,3,3,3,3,2,3,2,3,2,3,2,3,2,3,2,3,2,3,1,3,1,3,0,0,0,0,0,0,0,0,0,0,0,0,0,0,40,49,39,52,36,48,37,45,37,47,34,46,34,43,30,38,32,36,33,37,33,36,30,34,32,34,32,32,33,32,29,31,32,33,29,29,33,27,31,30,33,31,29,26,31,29,28,31,29,30,27,28,31,28,29,26,27,27,28,26,29,26,24,25,23,26,22,27,23,28,20,24,19,23,18,23,18,23,20,23,17,26,17,24,15,21,16,21,15,20,15,18,11,21,14,21,13,20,11,21,13,19,12,20,9,20,8,19,7,19,7,19,4,21,0,0,0,0,0,0,0,0,0,0,0,0,0,0,0,0,0,0,0,0,0,0,11,14,10,16,11,14,11,18,10,18,12,17,15,22,13,23,16,25,17,31,18,31,17,34,18,39,15,44,13,46,10,49,10,54,7,54,10,57,1,60,-3,64,-4,64,-6,67,-12,65,-16,66,-15,70,-18,68,-19,67,-23,65,-23,68,-26,66,-29,66,-29,65,-32,62,-33,65,-33,65,-32,66,-33,64,-34,63,-34,67,-36,63,-39,64,-39,64,-38,64,-41,63,-44,67,-45,64,-46,60,-44,60,-47,61,-46,57,-50,59,-52,56,-51,54,-49,55,-53,49,-51,53,0,0]"
CSI_DATA,221,2a:00:00:00:00:00,-44,11,1,0,1,1,1,0,0,0,1,-97,0,11,2,3196402,0,44,0,384,0,"[0,0,0,0,0,0,0,0,0,0,0,0,6,8,6,7,5,7,5,7,5,7,5,6,5,6,5,6,5,6,5,6,5,6,5,5,5,6,5,5,5,5,5,5,5,5,5,5,5,5,5,5,5,5,5,5,5,5,5,5,4,5,4,5,0,0,4,5,4,5,3,5,4,5,3,4,3,5,3,5,3,4,3,4,3,4,2,4,2,4,2,3,2,4,2,3,2,3,2,4,2,3,1,3,1,3,1,3,1,3,1,3,1,3,0,3,0,3,0,0,0,0,0,0,0,0,0,0,0,0,0,0,38,47,36,48,38,46,35,39,36,40,32,39,31,37,33,41,31,34,32,33,34,33,33,32,31,34,31,32,32,29,32,28,30,30,32,27,28,28,32,26,33,28,29,28,31,27,30,24,30,27,28,24,31,27,30,29,28,27,28,25,26,26,26,28,20,25,24,27,24,26,21,25,20,26,18,24,19,22,20,20,17,22,20,21,18,19,15,21,15,20,12,19,16,19,15,19,9,22,12,20,12,18,9,20,7,17,7,19,8,20,6,18,4,19,0,0,0,0,0,0,0,0,0,0,0,0,0,0,0,0,0,0,0,0,0,0,9,15,9,19,13,17,10,19,13,19,12,21,14,21,15,24,16,27,17,28,16,32,16,36,16,40,13,43,14,46,13,49,14,53,10,55,7,59,6,62,3,61,-1,64,-8,64,-9,65,-13,66,-15,69,-18,67,-24,66,-20,68,-25,69,-28,63,-28,68,-29,68,-30,64,-33,67,-33,65,-32,63,-34,63,-34,62,-35,64,-39,64,-35,64,-38,63,-37,62,-39,62,-37,62,-40,57,-41,61,-41,58,-47,56,-44,58,-43,54,-48,56,-48,51,-49,50,-49,52,-49,48,0,0]"
CSI_DATA,222,2a:00:00:00:00:00,-44,11,1,0,1,1,1,0,0,0,1,-97,0,11,2,3216149,0,44,0,384,0,"[0,0,0,0,0,0,0,0,0,0,0,0,-1,-11,-1,-10,-2,-10,-1,-10,-1,-10,-1,-9,-2,-9,-1,-9,-2,-9,-2,-9,-2,-9,-2,-9,-2,-9,-2,-9,-2,-8,-2,-9,-2,-8,-2,-9,-2,-8,-2,-9,-2,-9,-2,-9,-2,-9,-2,-8,-2,-8,-2,-8,0,0,-1,-8,-1,-8,-1,-8,-1,-8,-1,-7,-1,-7,0,-7,-1,-7,0,-6,0,-7,-1,-6,0,-6,0,-6,0,-6,0,-6,0,-5,0,-6,0,-5,0,-5,0,-5,1,-5,1,-5,1,-5,1,-5,1,-4,1,-4,0,0,0,0,0,0,0,0,0,0,0,0,0,0,-6,-60,-3,-56,-5,-55,-8,-56,-7,-58,-6,-51,-5,-52,-7,-54,-7,-50,-6,-49,-10,-46,-11,-44,-12,-49,-10,-48,-12,-45,-14,-43,-12,-45,-13,-45,-14,-43,-14,-46,-14,-43,-15,-43,-17,-40,-14,-42,-13,-43,-12,-44,-9,-40,-11,-42,-11,-42,-13,-42,-16,-41,-13,-41,-9,-38,-9,-39,-10,-36,-6,-36,-5,-37,-5,-35,-6,-36,-4,-34,-7,-32,-4,-33,-5,-31,-1,-32,-1,-30,-5,-29,0,-30,-1,-29,0,-24,0,-27,-2,-23,2,-23,5,-24,3,-25,3,-23,7,-24,8,-20,0,0,0,0,0,0,0,0,0,0,0,0,0,0,0,0,0,0,0,0,0,0,6,-19,4,-19,4,-22,3,-20,3,-21,9,-23,4,-26,9,-30,6,-32,8,-34,8,-37,14,-38,15,-41,19,-42,22,-44,26,-44,29,-46,31,-46,33,-50,37,-47,42,-47,48,-46,52,-43,51,-45,52,-40,56,-39,58,-37,61,-35,63,-34,63,-33,61,-30,62,-31,66,-29,63,-26,63,-28,65,-25,66,-25,66,-24,65,-26,68,-23,68,-22,68,-25,66,-23,67,-22,65,-21,67,-16,68,-17,67,-21,72,-16,69,-20,71,-17,70,-18,73,-13,67,-10,68,-13,69,-11,66,-6,0,0]"
CSI_DATA,223,2a:00:00:00:00:00,-44,11,1,0,1,1,1,0,0,0,1,-97,0,11,2,3228086,0,44,0,384,0,"[0,0,0,0,0,0,0,0,0,0,0,0,-6,-10,-5,-9,-6,-9,-5,-9,-6,-9,-5,-8,-5,-8,-6,-8,-5,-8,-6,-8,-6,-8,-6,-7,-6,-7,-6,-7,-7,-8,-6,-7,-7,-7,-7,-7,-7,-7,-6,-7,-6,-7,-6,-7,-6,-6,-6,-7,-6,-7,-6,-7,0,0,-6,-7,-6,-7,-6,-7,-5,-6,-5,-6,-5,-6,-5,-6,-4,-6,-4,-6,-4,-6,-4,-6,-4,-6,-4,-6,-4,-5,-4,-5,-4,-5,-3,-5,-3,-5,-3,-5,-3,-5,-3,-5,-2,-5,-2,-5,-2,-5,-2,-5,-2,-5,0,0,0,0,0,0,0,0,0,0,0,0,0,0,-23,-57,-18,-55,-24,-57,-18,-52,-20,-53,-20,-52,-19,-49,-19,-47,-21,-48,-24,-46,-20,-46,-22,-39,-22,-46,-21,-44,-25,-42,-30,-40,-23,-41,-27,-41,-27,-42,-28,-39,-28,-41,-28,-35,-26,-40,-28,-40,-25,-39,-26,-39,-29,-40,-26,-38,-24,-40,-25,-38,-24,-36,-23,-39,-22,-37,-22,-38,-21,-34,-18,-35,-21,-36,-18,-34,-18,-35,-15,-30,-16,-34,-15,-31,-11,-33,-15,-29,-14,-28,-13,-30,-10,-28,-12,-27,-11,-29,-12,-27,-7,-30,-9,-23,-9,-26,-8,-21,-6,-26,-5,-26,-1,-24,0,0,0,0,0,0,0,0,0,0,0,0,0,0,0,0,0,0,0,0,0,0,6,-18,5,-16,3,-19,5,-23,5,-21,4,-22,5,-22,7,-26,6,-30,9,-30,10,-32,15,-35,16,-39,18,-43,21,-42,22,-43,28,-46,29,-43,31,-49,36,-46,41,-44,44,-46,45,-45,49,-44,50,-41,50,-43,54,-38,57,-40,56,-38,60,-38,57,-35,61,-34,61,-35,63,-34,62,-30,58,-30,58,-30,62,-33,62,-27,63,-33,63,-29,59,-32,63,-32,64,-33,62,-30,64,-31,64,-28,62,-27,66,-27,61,-27,61,-30,64,-29,66,-26,62,-22,65,-26,65,-26,62,-22,0,0]"
CSI_DATA,224,2a:00:00:00:00:00,-43,11,1,0,1,1,1,0,0,0,1,-97,0,11,2,3246391,0,44,0,384,0,"[0,0,0,0,0,0,0,0,0,0,0,0,-8,-8,-8,-8,-7,-8,-8,-8,-8,-7,-8,-7,-8,-7,-8,-7,-8,-6,-8,-6,-8,-7,-8,-7,-8,-6,-8,-6,-8,-6,-8,-6,-9,-6,-8,-6,-8,-6,-8,-6,-8,-6,-8,-6,-8,-6,-8,-6,-8,-6,-8,-6,0,0,-8,-5,-7,-6,-7,-6,-7,-5,-7,-6,-6,-6,-6,-5,-6,-5,-6,-5,-6,-5,-5,-5,-5,-5,-5,-5,-5,-5,-5,-5,-5,-5,-5,-5,-4,-5,-4,-4,-4,-5,-4,-4,-4,-4,-4,-5,-3,-4,-3,-5,-2,-5,0,0,0,0,0,0,0,0,0,0,0,0,0,0,-32,-58,-29,-53,-30,-53,-33,-48,-36,-52,-33,-49,-30,-46,-29,-48,-33,-41,-33,-43,-35,-39,-32,-38,-35,-40,-33,-38,-36,-37,-36,-35,-38,-38,-37,-38,-34,-36,-36,-36,-39,-38,-37,-35,-42,-32,-41,-33,-34,-34,-39,-36,-36,-32,-38,-33,-34,-35,-37,-34,-35,-36,-36,-33,-35,-34,-32,-34,-30,-34,-30,-35,-31,-30,-28,-32,-29,-31,-26,-30,-26,-28,-23,-31,-24,-30,-22,-29,-24,-30,-21,-30,-20,-30,-17,-28,-18,-28,-16,-24,-17,-24,-16,-27,-15,-23,-10,-26,-11,-24,-10,-25,-12,-26,0,0,0,0,0,0,0,0,0,0,0,0,0,0,0,0,0,0,0,0,0,0,2,-12,5,-13,3,-14,3,-12,3,-18,1,-19,5,-20,0,-22,1,-26,4,-25,6,-32,5,-36,7,-35,13,-41,14,-44,19,-43,23,-43,22,-45,24,-48,30,-51,28,-48,36,-52,37,-49,40,-45,48,-49,42,-49,47,-47,50,-56,52,-42,53,-41,47,-42,51,-43,56,-42,53,-42,55,-40,58,-39,55,-42,55,-40,58,-38,57,-40,60,-40,57,-36,57,-42,59,-41,54,-42,59,-42,56,-42,56,-42,60,-37,61,-44,57,-38,59,-37,59,-43,51,-35,57,-35,61,-38,58,-43,0,0]"
CSI_DATA,225,2a:00:00:00:00:00,-43,11,1,0,1,1,1,0,0,0,1,-97,0,11,2,3256120,0,44,0,384,0,"[0,0,0,0,0,0,0,0,0,0,0,0,1,-10,1,-11,0,-10,0,-10,0,-10,0,-10,0,-10,0,-10,0,-10,-1,-10,-1,-10,-1,-9,-1,-10,-1,-10,-1,-10,-1,-9,-2,-10,-2,-10,-2,-10,-1,-10,-1,-10,-1,-10,-1,-9,-2,-9,-1,-9,-1,-9,0,0,-1,-9,-1,-9,-1,-9,-1,-8,0,-8,0,-8,0,-8,0,-8,0,-8,0,-7,0,-7,0,-7,0,-7,0,-7,0,-6,0,-7,1,-6,1,-6,1,-6,1,-6,1,-6,1,-5,1,-5,1,-5,1,-5,2,-5,0,0,0,0,0,0,0,0,0,0,0,0,0,0,23,-63,22,-64,20,-53,21,-52,17,-58,18,-53,15,-55,15,-51,17,-50,12,-48,13,-51,16,-50,8,-49,9,-54,6,-52,7,-52,8,-53,5,-50,5,-49,1,-55,4,-50,8,-51,4,-54,4,-55,9,-52,4,-50,1,-54,6,-54,5,-52,3,-49,4,-49,2,-48,9,-49,8,-47,6,-48,11,-42,9,-46,11,-44,10,-42,12,-41,9,-42,6,-39,11,-36,9,-33,11,-35,10,-35,8,-30,11,-30,8,-30,10,-30,12,-30,12,-25,13,-27,15,-26,12,-25,15,-23,10,-19,0,0,0,0,0,0,0,0,0,0,0,0,0,0,0,0,0,0,0,0,0,0,10,-3,9,-5,10,-5,12,-7,15,-7,12,-11,14,-11,15,-12,20,-13,22,-17,27,-17,28,-17,34,-18,37,-18,39,-15,42,-11,43,-11,49,-11,48,-13,55,-7,54,-3,59,-2,63,2,59,2,63,9,64,4,62,8,62,13,67,11,65,13,66,19,60,18,64,22,62,17,65,21,62,23,64,19,66,17,63,19,64,20,61,17,68,18,64,21,71,22,63,19,61,19,61,22,68,22,67,26,67,22,62,20,66,17,60,23,67,24,65,18,63,25,63,26,0,0]"
CSI_DATA,226,2a:00:00:00:00:00,-43,11,1,0,1,1,1,0,0,0,1,-97,0,11,2,3268403,0,44,0,384,0,"[0,0,0,0,0,0,0,0,0,0,0,0,9,-5,9,-5,8,-5,8,-6,8,-5,8,-5,8,-6,8,-6,7,-6,7,-6,8,-6,7,-6,7,-6,7,-6,7,-6,7,-7,7,-7,7,-6,6,-7,6,-6,7,-6,6,-7,7,-6,7,-6,7,-6,7,-6,0,0,7,-6,6,-6,6,-5,7,-5,6,-6,6,-5,6,-5,6,-5,6,-4,6,-4,6,-4,5,-4,5,-4,5,-4,5,-3,5,-3,5,-3,5,-3,4,-3,5,-3,4,-2,4,-2,4,-2,4,-2,4,-2,4,-1,0,0,0,0,0,0,0,0,0,0,0,0,0,0,60,-14,59,-13,59,-13,57,-14,58,-18,54,-14,54,-16,51,-14,53,-16,49,-17,51,-18,48,-19,50,-17,48,-23,49,-20,48,-21,48,-25,44,-22,47,-24,46,-24,47,-26,48,-28,44,-28,46,-27,45,-26,46,-25,46,-26,45,-24,43,-25,47,-21,44,-21,46,-19,45,-22,45,-22,44,-20,43,-16,40,-18,43,-18,40,-16,36,-14,37,-11,38,-11,40,-13,33,-11,34,-12,35,-12,30,-12,36,-12,29,-8,32,-5,29,-8,30,-5,29,-2,29,-6,28,-3,26,3,26,0,0,0,0,0,0,0,0,0,0,0,0,0,0,0,0,0,0,0,0,0,0,0,3,5,5,4,7,5,7,3,13,4,14,5,16,8,19,7,19,9,22,11,23,17,26,17,28,17,32,25,31,25,33,28,32,33,34,34,31,34,31,41,31,46,33,49,28,56,26,55,22,60,24,57,19,61,20,62,20,60,15,61,17,63,16,62,18,66,16,62,14,64,11,63,12,62,9,65,15,63,13,63,12,64,12,66,12,64,14,68,12,61,12,67,13,67,15,66,17,64,12,67,11,68,13,64,14,63,13,65,16,64,11,61,8,71,0,0]"
CSI_DATA,227,2a:00:00:00:00:00,-43,11,1,0,1,1,1,0,0,0,1,-97,0,11,2,3276482,0,44,0,384,0,"[0,0,0,0,0,0,0,0,0,0,0,0,7,-8,7,-8,7,-8,7,-8,6,-8,7,-8,6,-8,6,-8,6,-8,6,-8,6,-8,6,-8,5,-9,5,-8,5,-8,5,-9,5,-9,5,-9,5,-9,5,-9,5,-9,5,-9,5,-8,5,-9,5,-8,5,-8,0,0,5,-8,5,-8,5,-8,5,-7,5,-7,5,-7,5,-7,5,-7,5,-6,5,-6,5,-6,5,-5,5,-5,5,-5,5,-5,4,-5,4,-5,4,-4,4,-4,4,-4,4,-4,4,-4,4,-3,4,-3,4,-3,4,-2,0,0,0,0,0,0,0,0,0,0,0,0,0,0,55,-31,52,-34,53,-31,49,-34,50,-33,46,-29,47,-35,48,-35,45,-34,44,-33,42,-35,41,-33,44,-36,39,-37,40,-33,42,-36,41,-39,39,-40,38,-41,40,-41,37,-39,39,-37,38,-40,36,-44,39,-36,38,-41,39,-38,37,-39,38,-37,38,-36,36,-37,39,-37,40,-34,37,-39,37,-31,38,-31,37,-32,33,-30,36,-27,38,-23,36,-25,34,-25,32,-21,30,-22,27,-19,33,-17,29,-18,29,-21,30,-15,29,-14,27,-14,28,-13,29,-13,26,-15,29,-10,26,-7,24,-9,0,0,0,0,0,0,0,0,0,0,0,0,0,0,0,0,0,0,0,0,0,0,7,3,8,1,10,-3,9,0,13,2,13,0,15,-2,17,-3,21,2,25,2,28,10,32,7,35,7,39,12,39,11,42,18,41,23,44,26,43,24,44,29,46,35,46,37,45,43,44,45,41,45,41,51,39,54,36,52,40,56,38,55,34,54,35,56,37,57,33,56,34,57,28,58,34,59,33,59,29,60,34,57,30,57,34,58,31,59,31,59,33,58,34,55,33,56,34,60,35,58,31,60,34,57,33,59,33,62,33,59,30,59,34,57,35,58,0,0]"
CSI_DATA,228,2a:00:00:00:00:00,-43,11,1,0,1,1,1,0,0,0,1,-97,0,11,2,3306246,0,44,0,384,0,"[0,0,0,0,0,0,0,0,0,0,0,0,9,-7,8,-6,8,-7,8,-7,8,-7,8,-7,8,-7,7,-7,8,-7,7,-7,8,-7,7,-7,7,-7,7,-7,7,-7,7,-8,7,-8,7,-7,7,-7,7,-7,7,-7,7,-7,7,-7,6,-7,6,-7,7,-7,0,0,7,-7,7,-6,6,-6,7,-6,6,-6,6,-6,6,-5,6,-5,6,-5,6,-4,6,-4,6,-4,5,-4,5,-4,6,-4,5,-4,5,-3,5,-3,5,-3,4,-3,4,-2,4,-2,5,-2,4,-2,4,-2,4,-1,0,0,0,0,0,0,0,0,0,0,0,0,0,0,49,-33,55,-38,49,-31,44,-34,53,-38,45,-35,48,-38,43,-33,48,-39,40,-35,45,-34,44,-34,45,-38,41,-39,40,-38,39,-39,38,-42,40,-42,32,-39,39,-44,37,-40,41,-44,33,-40,35,-44,35,-40,38,-40,40,-39,32,-39,39,-40,39,-41,36,-39,36,-35,39,-35,32,-33,39,-36,33,-29,34,-29,34,-28,37,-28,34,-26,36,-28,34,-23,32,-25,29,-22,28,-22,34,-19,31,-20,28,-16,28,-14,25,-15,26,-16,27,-14,26,-13,27,-10,26,-12,26,-9,22,-10,0,0,0,0,0,0,0,0,0,0,0,0,0,0,0,0,0,0,0,0,0,0,5,-1,8,2,11,-5,9,-3,13,-2,11,-3,19,-3,20,-3,21,2,29,-2,29,2,33,7,35,6,36,9,34,13,44,17,41,13,44,24,40,21,43,28,45,33,44,36,48,38,44,38,41,44,41,46,38,48,38,46,40,52,33,48,35,53,31,49,30,52,32,51,35,54,33,56,35,55,35,55,32,54,34,53,33,52,38,58,33,52,38,59,33,47,28,52,32,54,33,56,40,53,39,53,35,53,40,51,33,52,41,57,36,53,35,51,36,55,0,0]"
CSI_DATA,229,2a:00:00:00:00:00,-43,11,1,0,1,1,1,0,0,0,1,-97,0,11,2,3346120,0,44,0,384,0,"[0,0,0,0,0,0,0,0,0,0,0,0,1,10,1,10,1,10,1,10,1,10,1,9,1,9,2,9,2,9,2,9,2,9,2,9,2,9,2,9,2,9,3,9,2,9,2,8,3,8,2,9,2,9,2,9,2,8,2,9,2,9,2,8,0,0,1,8,1,8,1,8,1,8,0,8,0,8,0,7,0,7,0,7,0,6,0,7,0,6,0,6,-1,6,-1,6,0,5,-1,5,-1,5,-1,5,-1,4,-1,5,-1,4,-1,4,-2,4,-2,4,-2,3,0,0,0,0,0,0,0,0,0,0,0,0,0,0,-4,68,-2,65,1,69,3,62,2,62,-2,60,0,59,1,59,1,59,2,58,6,55,8,52,8,53,7,54,9,56,9,55,10,54,10,54,10,51,13,57,14,54,11,52,15,52,15,55,13,54,13,52,11,53,13,53,10,49,11,50,9,49,11,48,9,48,9,49,6,51,3,45,5,45,5,44,4,44,6,41,2,39,-1,43,-2,38,1,34,1,38,-2,34,-6,33,-2,32,0,31,-3,29,-5,28,-3,28,-4,25,-5,26,-5,26,-9,24,-7,23,0,0,0,0,0,0,0,0,0,0,0,0,0,0,0,0,0,0,0,0,0,0,-2,4,-3,6,-4,13,-9,11,-5,11,-7,14,-9,14,-12,18,-17,18,-16,21,-21,21,-23,23,-26,24,-28,26,-38,24,-39,22,-42,23,-46,18,-44,21,-53,21,-52,18,-58,14,-58,12,-61,6,-60,8,-63,6,-61,3,-64,1,-64,3,-63,-1,-61,0,-64,-4,-64,-5,-60,-1,-64,-1,-64,0,-63,-1,-63,-4,-64,-2,-64,0,-63,-4,-66,1,-65,-3,-65,2,-65,-1,-62,4,-62,3,-70,3,-64,1,-69,-1,-70,2,-67,0,-68,3,-68,-2,-67,1,-72,-1,-66,-2,0,0]"
CSI_DATA,230,2a:00:00:00:00:00,-43,11,1,0,1,1,1,0,0,0,1,-97,0,11,2,3367207,0,44,0,384,0,"[0,0,0,0,0,0,0,0,0,0,0,0,-5,-11,-5,-10,-6,-11,-5,-11,-5,-10,-5,-10,-6,-10,-6,-10,-6,-9,-6,-10,-6,-9,-6,-9,-6,-9,-6,-9,-6,-9,-7,-9,-6,-8,-7,-9,-7,-9,-6,-9,-6,-9,-6,-9,-6,-9,-6,-9,-6,-9,-6,-8,0,0,-6,-8,-6,-9,-5,-8,-5,-8,-5,-8,-4,-8,-4,-8,-4,-8,-4,-8,-4,-8,-4,-7,-3,-7,-3,-7,-3,-6,-3,-6,-3,-6,-3,-6,-2,-6,-2,-6,-2,-5,-2,-6,-2,-5,-2,-5,-1,-5,-1,-5,-1,-5,0,0,0,0,0,0,0,0,0,0,0,0,0,0,-24,-57,-22,-59,-25,-63,-22,-55,-26,-53,-27,-54,-27,-55,-25,-53,-25,-53,-26,-49,-27,-47,-29,-43,-31,-46,-30,-43,-28,-44,-32,-43,-34,-47,-31,-43,-34,-44,-35,-45,-37,-42,-35,-43,-33,-42,-34,-43,-35,-42,-35,-42,-32,-42,-33,-44,-31,-43,-31,-41,-28,-41,-34,-37,-28,-41,-24,-39,-27,-38,-23,-39,-25,-40,-24,-39,-23,-36,-20,-34,-24,-33,-21,-37,-18,-32,-17,-36,-16,-34,-13,-31,-17,-28,-14,-28,-12,-28,-11,-27,-11,-28,-12,-28,-6,-26,-10,-25,-9,-25,-6,-24,-3,-20,0,0,0,0,0,0,0,0,0,0,0,0,0,0,0,0,0,0,0,0,0,0,2,-9,-1,-10,0,-12,2,-13,1,-18,2,-16,2,-18,4,-20,11,-23,9,-26,13,-28,15,-31,19,-31,23,-36,24,-33,28,-33,30,-37,31,-35,37,-37,41,-37,40,-35,45,-34,48,-32,53,-32,52,-28,53,-26,55,-24,55,-24,56,-20,58,-24,55,-19,57,-22,58,-20,56,-22,61,-22,56,-22,56,-19,53,-23,57,-21,56,-20,55,-22,57,-22,55,-24,58,-25,54,-25,62,-29,55,-31,57,-27,58,-32,58,-23,58,-25,59,-24,62,-27,58,-29,60,-27,64,-24,66,-26,0,0]"
CSI_DATA,231,2a:00:00:00:00:00,-43,11,1,0,1,1,1,0,0,0,1,-97,0,11,2,3376121,0,44,0,384,0,"[0,0,0,0,0,0,0,0,0,0,0,0,-2,-12,-2,-11,-3,-12,-2,-11,-3,-11,-2,-11,-3,-11,-3,-11,-2,-11,-3,-11,-3,-10,-4,-11,-4,-10,-4,-10,-4,-10,-4,-10,-4,-10,-4,-10,-4,-10,-4,-10,-4,-10,-4,-10,-3,-10,-4,-10,-4,-10,-3,-10,0,0,-3,-10,-3,-10,-3,-9,-2,-9,-2,-9,-2,-9,-1,-9,-2,-9,-1,-8,-1,-8,-1,-8,-1,-8,-1,-7,-1,-7,-1,-7,0,-7,0,-7,0,-6,0,-6,0,-5,0,-6,0,-5,0,-5,0,-5,0,-5,1,-4,0,0,0,0,0,0,0,0,0,0,0,0,0,0,7,-72,3,-67,4,-68,8,-62,6,-60,5,-65,2,-55,2,-64,2,-60,0,-58,1,-57,-3,-56,0,-58,-7,-54,-6,-57,-4,-54,-7,-59,-6,-58,-6,-60,-6,-55,-7,-59,-5,-56,-11,-59,-3,-56,-9,-56,-1,-58,-6,-51,-8,-54,-2,-53,-4,-54,-4,-58,-2,-55,3,-51,-2,-56,0,-46,-1,-48,-1,-47,4,-47,3,-45,4,-45,3,-39,4,-40,7,-39,6,-39,6,-38,4,-33,6,-38,6,-34,5,-33,3,-27,8,-25,5,-29,10,-26,9,-27,12,-25,11,-26,10,-23,0,0,0,0,0,0,0,0,0,0,0,0,0,0,0,0,0,0,0,0,0,0,4,-11,3,-8,3,-12,5,-13,6,-10,10,-18,12,-18,13,-21,18,-24,20,-24,21,-26,26,-25,28,-24,35,-28,39,-28,39,-23,45,-26,43,-23,50,-24,52,-19,55,-20,61,-13,55,-11,58,-8,60,-3,64,0,64,-2,68,0,61,-3,68,1,61,4,67,5,66,4,65,5,64,7,63,5,60,5,62,5,63,5,63,5,68,3,60,2,68,2,65,1,67,4,67,0,67,3,67,3,70,3,67,4,68,4,72,6,71,3,65,5,70,6,72,5,73,5,0,0]"
CSI_DATA,232,2a:00:00:00:00:00,-43,11,1,0,1,1,1,0,0,0,1,-97,0,11,2,3386907,0,44,0,384,0,"[0,0,0,0,0,0,0,0,0,0,0,0,-10,5,-10,5,-9,6,-10,5,-9,6,-9,5,-9,6,-9,6,-9,6,-8,6,-9,6,-8,6,-8,6,-8,6,-8,6,-8,6,-8,6,-8,6,-7,7,-8,6,-8,6,-8,6,-8,6,-7,6,-8,6,-8,6,0,0,-8,5,-7,5,-7,5,-7,5,-7,4,-7,4,-7,4,-7,4,-7,3,-6,3,-7,3,-6,3,-6,3,-6,2,-6,2,-6,2,-6,2,-5,2,-5,2,-5,1,-5,1,-5,1,-5,1,-5,1,-4,0,-4,0,0,0,0,0,0,0,0,0,0,0,0,0,0,0,-60,23,-59,22,-59,25,-60,23,-58,25,-58,19,-57,22,-53,25,-53,25,-50,23,-50,24,-51,25,-50,29,-49,26,-48,27,-50,28,-47,34,-46,33,-45,30,-47,34,-45,32,-48,29,-43,35,-44,34,-48,32,-44,34,-45,30,-44,31,-43,29,-46,28,-45,27,-45,28,-45,29,-40,30,-42,24,-44,23,-39,23,-40,23,-36,18,-39,18,-36,18,-36,14,-37,17,-33,14,-34,14,-30,12,-28,14,-32,14,-29,7,-27,9,-28,10,-29,7,-27,7,-27,5,-25,6,-23,3,-22,2,0,0,0,0,0,0,0,0,0,0,0,0,0,0,0,0,0,0,0,0,0,0,-8,-1,-11,0,-12,-3,-18,0,-14,-7,-19,-5,-23,-8,-26,-9,-26,-11,-29,-15,-32,-17,-30,-20,-33,-23,-33,-28,-33,-26,-36,-35,-35,-37,-33,-39,-33,-41,-34,-44,-34,-49,-32,-51,-29,-56,-27,-58,-23,-58,-24,-57,-20,-61,-20,-62,-19,-59,-18,-61,-18,-61,-16,-61,-17,-62,-17,-63,-16,-64,-17,-59,-16,-61,-19,-62,-16,-60,-19,-60,-18,-60,-22,-60,-20,-61,-24,-61,-23,-61,-25,-60,-20,-59,-23,-62,-28,-63,-22,-64,-24,-63,-24,-63,-23,-63,-27,-65,-25,-63,-26,-64,-25,-69,0,0]"
CSI_DATA,233,2a:00:00:00:00:00,-42,11,1,0,1,1,1,0,0,0,1,-97,0,11,2,3396127,0,44,0,384,0,"[0,0,0,0,0,0,0,0,0,0,0,0,-2,-11,-2,-11,-3,-11,-2,-11,-3,-11,-2,-10,-3,-10,-3,-10,-3,-10,-3,-10,-3,-10,-3,-10,-4,-10,-4,-10,-3,-10,-4,-10,-4,-10,-4,-10,-4,-10,-3,-10,-3,-10,-3,-10,-3,-10,-4,-10,-3,-9,-3,-9,0,0,-2,-9,-3,-9,-2,-9,-2,-9,-2,-8,-2,-9,-1,-8,-1,-8,-1,-8,-1,-7,-1,-7,-1,-7,-1,-7,-1,-6,-1,-6,-1,-6,0,-6,-1,-6,0,-5,0,-5,0,-5,0,-5,0,-5,0,-5,0,-5,0,-4,0,0,0,0,0,0,0,0,0,0,0,0,0,0,-1,-66,-3,-64,-5,-63,-3,-59,-7,-63,-5,-61,-5,-61,-6,-58,-8,-60,-9,-56,-10,-55,-10,-57,-11,-57,-12,-56,-12,-56,-15,-53,-13,-55,-18,-54,-17,-55,-14,-51,-15,-56,-13,-49,-16,-52,-14,-53,-12,-53,-14,-55,-16,-52,-11,-53,-12,-53,-14,-51,-11,-49,-11,-51,-9,-51,-10,-51,-9,-46,-4,-45,-2,-43,-8,-44,-6,-41,-6,-42,-6,-37,-2,-39,-2,-34,-3,-38,-2,-38,-5,-35,1,-33,4,-32,1,-28,2,-29,1,-28,0,-26,5,-26,4,-26,4,-27,2,-26,7,-23,0,0,0,0,0,0,0,0,0,0,0,0,0,0,0,0,0,0,0,0,0,0,4,-9,5,-13,7,-11,5,-15,8,-16,11,-18,13,-20,15,-22,17,-22,19,-21,21,-23,28,-25,28,-27,34,-26,39,-26,39,-21,43,-22,47,-21,47,-22,50,-20,55,-14,62,-14,57,-14,58,-12,61,-7,60,-7,61,-4,63,-4,61,-2,62,-1,61,-3,62,1,60,0,60,0,62,1,62,0,62,1,58,-1,61,3,66,-3,65,-1,60,-1,64,-3,66,-4,59,-6,68,-3,63,-2,65,-5,70,-6,64,-2,66,-4,66,-4,67,-6,65,-4,67,-4,71,-6,69,-6,0,0]"
CSI_DATA,234,2a:00:00:00:00:00,-42,11,1,0,1,1,1,0,0,0,1,-97,0,11,2,3418116,0,44,0,384,0,"[0,0,0,0,0,0,0,0,0,0,0,0,10,5,10,5,10,4,10,5,9,4,10,4,9,4,10,3,9,3,9,3,10,3,10,2,10,3,10,2,10,3,10,2,10,2,9,2,10,2,9,3,9,3,9,3,9,3,9,2,9,3,9,3,0,0,9,3,8,3,8,3,8,3,7,3,7,3,7,3,6,3,6,3,6,3,6,3,5,3,5,2,5,3,5,3,5,3,4,2,4,3,4,2,3,2,3,2,3,2,3,2,3,2,3,2,2,3,0,0,0,0,0,0,0,0,0,0,0,0,0,0,44,50,45,48,44,46,44,44,49,44,48,40,43,39,42,41,43,38,43,38,41,37,49,34,46,35,45,30,43,33,48,31,47,35,44,32,49,32,44,35,47,30,47,29,47,28,47,33,43,26,45,33,44,29,42,30,40,30,42,31,42,31,40,32,38,30,34,30,38,29,33,31,31,28,32,29,31,26,32,25,28,27,26,27,25,23,24,27,23,25,22,23,21,23,18,22,19,25,16,22,18,21,17,19,15,18,12,18,12,20,11,18,10,17,0,0,0,0,0,0,0,0,0,0,0,0,0,0,0,0,0,0,0,0,0,0,2,13,3,13,2,13,3,17,1,18,2,20,2,24,3,25,1,30,-5,29,-5,37,-9,38,-7,39,-9,41,-15,43,-16,42,-20,47,-20,48,-26,50,-29,50,-28,49,-36,50,-36,48,-41,47,-45,46,-43,52,-46,43,-48,45,-46,41,-48,42,-47,42,-49,41,-48,40,-48,41,-45,41,-48,41,-48,41,-50,43,-50,41,-47,42,-50,44,-46,40,-49,46,-47,50,-48,47,-47,46,-48,46,-45,48,-48,53,-47,48,-53,46,-48,52,-53,50,-48,48,-51,51,-56,47,-49,42,0,0]"
CSI_DATA,235,2a:00:00:00:00:00,-42,11,1,0,1,1,1,0,0,0,1,-97,0,11,2,3426131,0,44,0,384,0,"[0,0,0,0,0,0,0,0,0,0,0,0,0,10,0,10,1,10,1,10,0,10,1,10,1,10,1,9,1,10,1,9,1,9,1,9,2,9,1,9,1,9,2,9,2,9,1,9,2,9,1,9,1,9,1,9,1,9,1,9,1,9,0,9,0,0,0,8,0,8,0,8,0,8,0,7,-1,8,-1,7,0,7,-1,7,-1,6,-1,6,-1,6,-1,5,-1,5,-1,5,-1,4,-1,5,-1,4,-1,4,-1,4,-2,4,-2,4,-2,4,-2,3,-2,3,-2,3,0,0,0,0,0,0,0,0,0,0,0,0,0,0,3,70,1,67,2,66,1,64,4,64,1,62,-3,62,4,62,4,59,5,59,6,59,7,51,8,59,10,56,10,55,15,55,11,57,12,55,16,56,8,52,13,58,13,52,12,53,11,54,10,56,9,54,11,51,11,50,8,52,7,51,6,48,7,51,4,51,7,48,4,46,2,45,4,44,-1,44,-3,46,0,39,-1,36,0,36,-1,36,0,39,-2,34,-3,30,-2,33,-1,31,-1,29,-3,26,-4,26,-5,24,-4,23,-7,22,-5,21,-6,21,-5,20,0,0,0,0,0,0,0,0,0,0,0,0,0,0,0,0,0,0,0,0,0,0,-8,11,-7,12,-10,14,-8,15,-9,19,-11,19,-13,21,-17,22,-20,25,-21,25,-23,28,-29,28,-31,30,-36,31,-39,24,-39,23,-45,22,-47,26,-46,23,-54,20,-53,19,-64,17,-57,17,-61,15,-65,9,-65,9,-66,8,-69,5,-63,2,-64,1,-64,3,-67,1,-62,2,-64,1,-69,-1,-66,-1,-64,0,-63,3,-66,5,-67,5,-66,3,-63,3,-66,2,-67,5,-66,4,-64,3,-69,3,-70,5,-69,5,-72,7,-68,2,-72,8,-70,5,-69,1,-71,4,-76,4,-67,5,0,0]"
CSI_DATA,236,2a:00:00:00:00:00,-42,11,1,0,1,1,1,0,0,0,1,-97,0,11,2,3436420,0,44,0,384,0,"[0,0,0,0,0,0,0,0,0,0,0,0,10,4,10,4,10,4,10,4,9,4,10,4,10,3,9,3,10,3,9,3,10,3,9,2,9,3,9,3,9,3,10,2,10,2,9,2,10,2,9,2,9,2,9,2,9,2,9,2,8,2,9,3,0,0,8,2,8,3,8,2,7,3,7,3,7,3,7,3,6,3,6,2,6,2,6,3,5,2,5,2,5,2,5,2,4,2,4,2,4,2,4,2,3,2,3,2,3,2,3,2,3,2,3,2,3,2,0,0,0,0,0,0,0,0,0,0,0,0,0,0,47,53,41,45,49,50,47,45,46,42,44,42,41,40,44,40,44,38,47,39,42,38,48,35,46,37,45,34,44,37,48,35,47,33,46,32,49,32,47,33,51,34,45,29,48,32,43,31,46,29,40,32,44,28,43,30,41,32,41,30,43,30,42,32,35,27,38,30,38,27,36,30,33,27,33,30,29,24,31,28,28,25,31,28,26,23,22,21,23,22,22,22,21,23,21,23,23,19,17,18,18,20,17,19,14,16,13,18,12,20,13,19,11,19,0,0,0,0,0,0,0,0,0,0,0,0,0,0,0,0,0,0,0,0,0,0,-1,14,-1,16,-4,13,-1,17,0,17,-1,24,-3,25,0,29,-4,32,-3,30,-6,34,-9,40,-12,41,-14,45,-16,48,-22,45,-24,48,-24,45,-31,48,-34,47,-32,51,-40,49,-38,47,-42,44,-48,45,-44,44,-48,43,-52,47,-48,39,-50,43,-49,40,-53,42,-51,39,-48,42,-52,42,-48,41,-45,40,-49,40,-50,40,-50,43,-48,44,-48,44,-50,42,-45,46,-50,45,-50,52,-49,51,-49,48,-49,49,-48,46,-51,43,-49,47,-53,53,-50,52,-53,48,-55,50,-47,51,0,0]"
CSI_DATA,237,2a:00:00:00:00:00,-42,11,1,0,1,1,1,0,0,0,1,-97,0,11,2,3449794,0,44,0,384,0,"[0,0,0,0,0,0,0,0,0,0,0,0,-7,-10,-7,-10,-7,-10,-7,-10,-7,-10,-8,-9,-7,-9,-7,-9,-7,-9,-7,-9,-8,-8,-8,-9,-8,-9,-7,-8,-7,-8,-8,-8,-7,-8,-7,-8,-8,-8,-8,-8,-7,-8,-7,-8,-7,-8,-7,-8,-7,-8,-7,-8,0,0,-6,-8,-6,-8,-6,-7,-6,-7,-5,-7,-5,-7,-5,-7,-4,-7,-4,-6,-4,-7,-4,-6,-4,-6,-3,-6,-3,-6,-3,-5,-3,-5,-3,-5,-3,-5,-3,-5,-2,-5,-3,-5,-2,-5,-2,-5,-2,-4,-1,-5,-2,-4,0,0,0,0,0,0,0,0,0,0,0,0,0,0,-33,-61,-34,-58,-35,-54,-36,-55,-35,-56,-32,-54,-31,-52,-30,-52,-31,-49,-35,-49,-34,-44,-37,-45,-33,-44,-36,-45,-34,-44,-37,-43,-32,-43,-34,-44,-38,-43,-35,-45,-42,-44,-36,-41,-37,-39,-34,-42,-33,-42,-35,-43,-34,-40,-30,-42,-32,-43,-31,-41,-27,-43,-30,-41,-26,-41,-27,-37,-25,-39,-23,-39,-24,-35,-27,-36,-22,-35,-21,-32,-22,-34,-19,-31,-16,-30,-16,-28,-13,-29,-15,-31,-14,-27,-11,-25,-15,-27,-10,-24,-10,-24,-13,-23,-10,-24,-9,-24,-5,-20,-4,-24,-4,-21,0,0,0,0,0,0,0,0,0,0,0,0,0,0,0,0,0,0,0,0,0,0,2,-13,4,-16,1,-20,2,-22,4,-22,3,-25,5,-26,5,-31,6,-31,4,-31,11,-35,16,-36,17,-38,21,-41,20,-45,27,-40,30,-41,33,-44,32,-46,38,-45,38,-45,45,-44,43,-44,45,-37,52,-37,50,-40,54,-37,55,-35,56,-32,56,-34,53,-31,55,-32,53,-35,54,-36,57,-35,53,-34,53,-35,56,-30,56,-32,56,-32,58,-35,57,-36,56,-34,56,-37,53,-39,59,-42,53,-42,52,-42,56,-40,59,-38,60,-32,57,-37,58,-38,61,-37,62,-39,60,-34,60,-40,0,0]"
CSI_DATA,238,2a:00:00:00:00:00,-42,11,1,0,1,1,1,0,0,0,1,-97,0,11,2,3456141,0,44,0,384,0,"[0,0,0,0,0,0,0,0,0,0,0,0,-3,-12,-3,-12,-3,-11,-3,-11,-4,-11,-4,-11,-4,-11,-4,-10,-4,-10,-4,-10,-4,-10,-4,-10,-4,-10,-5,-10,-4,-10,-4,-10,-5,-10,-4,-10,-5,-10,-4,-10,-4,-10,-4,-10,-4,-9,-4,-9,-4,-9,-4,-9,0,0,-3,-9,-3,-9,-3,-9,-3,-8,-3,-8,-2,-8,-2,-8,-2,-8,-2,-7,-2,-7,-2,-7,-1,-7,-1,-7,-1,-6,-1,-6,-1,-6,-1,-6,-1,-5,-1,-5,-1,-5,-1,-5,-1,-5,0,-5,0,-5,0,-5,0,-4,0,0,0,0,0,0,0,0,0,0,0,0,0,0,-9,-69,-4,-68,-7,-62,-7,-63,-6,-66,-6,-58,-9,-68,-6,-61,-7,-61,-9,-53,-12,-58,-12,-55,-13,-56,-12,-55,-12,-55,-13,-57,-12,-56,-14,-55,-13,-56,-16,-56,-17,-50,-16,-57,-15,-54,-17,-52,-14,-54,-15,-55,-12,-54,-10,-54,-11,-52,-13,-50,-10,-46,-8,-48,-9,-51,-8,-45,-10,-45,-5,-43,-4,-43,-6,-43,-4,-38,-3,-38,-4,-40,-1,-36,-1,-36,-2,-32,1,-31,-2,-30,-3,-29,-1,-30,-1,-28,2,-29,0,-25,1,-26,-1,-23,3,-25,5,-23,3,-26,4,-23,0,0,0,0,0,0,0,0,0,0,0,0,0,0,0,0,0,0,0,0,0,0,9,-13,8,-14,11,-15,10,-16,12,-19,12,-20,15,-20,18,-23,19,-25,22,-26,27,-29,29,-28,30,-29,34,-29,34,-27,39,-27,41,-27,48,-29,45,-23,49,-27,54,-25,55,-22,61,-19,62,-18,59,-15,64,-14,61,-13,60,-13,68,-13,61,-8,63,-7,61,-6,61,-7,63,-8,66,-6,60,-8,62,-9,64,-6,61,-9,65,-5,65,-10,64,-13,63,-8,67,-9,61,-9,66,-17,65,-12,68,-11,66,-14,70,-11,70,-9,69,-9,67,-10,68,-12,73,-10,67,-9,72,-14,0,0]"
CSI_DATA,239,2a:00:00:00:00:00,-42,11,1,0,1,1,1,0,0,0,1,-97,0,11,2,3466499,0,44,0,384,0,"[0,0,0,0,0,0,0,0,0,0,0,0,-10,6,-9,6,-9,7,-9,6,-9,6,-9,6,-9,7,-8,6,-8,6,-8,6,-9,6,-8,6,-8,6,-8,6,-8,6,-8,7,-8,6,-8,6,-8,6,-7,6,-8,6,-7,6,-8,6,-8,5,-8,5,-8,5,0,0,-8,5,-7,5,-7,4,-8,4,-7,4,-7,4,-7,4,-7,3,-6,3,-7,3,-7,2,-6,2,-6,2,-5,2,-5,2,-5,2,-5,2,-5,1,-5,2,-5,1,-5,1,-4,1,-5,1,-4,1,-4,0,-4,0,0,0,0,0,0,0,0,0,0,0,0,0,0,0,-59,36,-56,33,-58,36,-56,31,-55,33,-57,30,-51,29,-49,34,-48,31,-49,35,-47,32,-45,32,-46,32,-44,34,-45,31,-47,35,-44,36,-43,35,-44,34,-45,36,-43,36,-41,36,-44,36,-44,33,-40,32,-43,35,-41,30,-41,29,-38,28,-43,30,-43,26,-44,28,-38,24,-39,24,-36,23,-36,21,-36,21,-34,21,-32,19,-33,16,-32,15,-31,16,-34,15,-29,14,-32,15,-28,13,-30,10,-27,15,-24,10,-26,7,-25,9,-23,9,-24,7,-23,6,-24,7,-23,2,-21,3,0,0,0,0,0,0,0,0,0,0,0,0,0,0,0,0,0,0,0,0,0,0,-15,-1,-17,-3,-19,-3,-21,-3,-23,-4,-22,-2,-25,-6,-26,-7,-34,-7,-32,-8,-33,-10,-39,-15,-40,-15,-41,-21,-44,-23,-42,-25,-43,-29,-43,-31,-44,-33,-44,-40,-46,-34,-45,-44,-41,-43,-42,-47,-41,-49,-41,-52,-39,-51,-36,-55,-37,-54,-34,-55,-33,-53,-36,-55,-34,-56,-33,-56,-32,-55,-32,-54,-34,-52,-33,-55,-36,-54,-37,-55,-37,-55,-35,-54,-38,-56,-40,-57,-36,-57,-36,-54,-38,-58,-42,-56,-39,-61,-39,-55,-40,-57,-39,-60,-40,-65,-39,-58,-37,-63,-40,-60,-44,-63,0,0]"
CSI_DATA,240,2a:00:00:00:00:00,-42,11,1,0,1,1,1,0,0,0,1,-97,0,11,2,3476709,0,44,0,384,0,"[0,0,0,0,0,0,0,0,0,0,0,0,-11,4,-11,4,-11,5,-10,4,-10,5,-10,4,-10,4,-10,5,-9,4,-9,5,-9,5,-9,5,-9,5,-9,5,-9,5,-9,5,-9,5,-9,5,-9,5,-9,5,-8,5,-9,4,-9,5,-8,5,-9,4,-9,4,0,0,-8,4,-8,3,-8,3,-8,3,-8,3,-8,3,-7,3,-7,2,-7,2,-7,2,-7,2,-6,2,-6,1,-6,2,-6,1,-6,1,-5,1,-5,1,-5,1,-5,1,-5,0,-5,1,-5,0,-4,0,-4,0,-4,0,0,0,0,0,0,0,0,0,0,0,0,0,0,0,-60,34,-57,32,-55,33,-57,34,-55,35,-52,31,-50,34,-55,33,-50,31,-48,31,-47,30,-47,34,-47,32,-48,33,-44,34,-45,35,-42,38,-43,36,-43,37,-39,34,-42,39,-40,37,-39,37,-41,34,-39,32,-39,33,-44,33,-41,32,-39,28,-39,30,-41,29,-40,29,-38,26,-38,28,-40,27,-34,24,-38,24,-34,23,-31,23,-34,17,-32,22,-31,16,-31,17,-27,18,-30,16,-28,13,-26,14,-26,12,-27,14,-27,11,-25,11,-23,10,-24,9,-20,9,-24,11,-23,6,-21,6,0,0,0,0,0,0,0,0,0,0,0,0,0,0,0,0,0,0,0,0,0,0,-14,-5,-15,-7,-19,-3,-22,-6,-21,-3,-24,-6,-27,-8,-29,-7,-32,-10,-33,-14,-40,-13,-37,-15,-38,-16,-41,-18,-42,-23,-41,-26,-44,-29,-41,-31,-46,-36,-41,-38,-42,-42,-42,-45,-41,-44,-43,-50,-35,-52,-39,-52,-35,-48,-37,-53,-37,-51,-36,-52,-33,-50,-34,-60,-31,-53,-30,-54,-33,-54,-33,-55,-36,-55,-36,-56,-35,-56,-37,-54,-37,-54,-37,-55,-39,-56,-39,-56,-38,-57,-39,-60,-39,-58,-41,-59,-39,-58,-40,-58,-39,-57,-40,-57,-39,-57,-40,-60,-42,-61,-38,-62,-38,-62,0,0]"
CSI_DATA,241,2a:00:00:00:00:00,-42,11,1,0,1,1,1,0,0,0,1,-97,0,11,2,3506168,0,44,0,384,0,"[0,0,0,0,0,0,0,0,0,0,0,0,3,11,2,10,3,10,3,10,3,10,3,9,3,9,3,9,3,9,3,9,3,9,4,9,3,9,3,9,3,8,4,8,4,8,4,8,4,8,4,9,3,8,3,8,3,8,3,8,3,8,3,8,0,0,3,8,2,8,2,7,2,7,1,7,2,7,1,7,1,6,1,6,1,6,1,5,1,5,1,5,1,5,1,5,1,5,0,5,0,4,0,4,0,4,0,4,0,4,0,3,-1,3,-1,4,-1,3,0,0,0,0,0,0,0,0,0,0,0,0,0,0,9,71,10,65,10,66,7,64,9,61,10,61,10,61,10,63,11,58,15,53,10,54,14,54,15,54,14,52,16,51,19,51,15,53,19,52,15,54,18,48,20,48,14,50,18,50,15,48,11,48,15,49,15,43,15,49,16,48,13,47,17,47,13,47,12,44,9,46,9,39,6,41,6,37,6,39,5,38,6,37,6,36,7,35,5,35,3,30,4,31,3,30,3,28,5,30,4,28,-1,25,-2,25,0,25,0,24,0,22,-2,20,-3,21,-2,19,0,0,0,0,0,0,0,0,0,0,0,0,0,0,0,0,0,0,0,0,0,0,-7,11,-11,14,-14,16,-9,18,-9,17,-13,23,-11,18,-15,22,-18,27,-19,24,-22,24,-27,29,-29,29,-33,31,-36,29,-34,29,-41,31,-41,31,-46,30,-48,25,-51,25,-54,29,-57,22,-59,21,-59,20,-61,19,-61,20,-64,16,-60,17,-64,16,-61,14,-63,13,-60,15,-62,14,-64,15,-63,14,-62,14,-61,15,-64,14,-65,15,-68,14,-63,17,-65,17,-67,15,-64,17,-65,15,-65,16,-67,20,-71,16,-67,17,-64,18,-70,21,-73,16,-63,17,-72,15,-76,16,-71,12,0,0]"
CSI_DATA,242,2a:00:00:00:00:00,-42,11,1,0,1,1,1,0,0,0,1,-97,0,11,2,3526236,0,44,0,384,0,"[0,0,0,0,0,0,0,0,0,0,0,0,11,0,11,-1,11,-1,11,-1,10,-1,10,-1,10,-1,10,-1,10,-1,9,-1,10,-2,10,-2,10,-1,9,-2,9,-2,10,-2,9,-2,9,-2,9,-2,9,-2,9,-1,9,-2,9,-1,9,-2,9,-1,9,-1,0,0,8,-1,8,-1,8,-1,8,0,7,0,7,0,7,0,6,0,7,0,6,0,6,0,5,0,5,0,5,0,5,1,5,0,5,0,5,1,4,1,4,1,4,0,4,1,4,1,3,1,3,1,3,1,0,0,0,0,0,0,0,0,0,0,0,0,0,0,67,-5,65,-2,68,0,67,1,63,-5,60,-1,63,-1,58,-7,60,-6,56,-1,56,-4,57,-7,59,-6,52,-8,55,-10,55,-12,53,-10,49,-9,50,-10,55,-13,55,-13,54,-9,53,-13,50,-11,51,-5,50,-7,50,-5,50,-7,47,-7,51,-8,48,-6,49,-6,46,-5,42,-5,45,-3,40,0,42,-1,41,0,38,-1,43,0,38,1,37,0,34,0,34,0,30,0,27,-1,32,4,29,1,27,1,27,3,25,-1,25,4,24,3,26,4,22,3,20,5,20,7,0,0,0,0,0,0,0,0,0,0,0,0,0,0,0,0,0,0,0,0,0,0,10,10,10,9,14,6,16,11,16,13,17,15,20,14,21,18,24,20,25,21,23,25,24,27,24,32,28,35,27,35,26,41,25,41,24,45,25,49,22,56,21,55,18,56,17,62,19,60,13,60,13,62,12,62,14,61,7,71,1,55,2,60,4,65,4,63,3,65,5,64,5,65,3,67,7,67,5,63,6,64,5,63,9,68,7,67,8,67,6,65,10,72,6,67,4,70,5,71,6,69,4,70,9,69,7,69,5,71,4,73,2,73,3,73,0,0]"
CSI_DATA,243,2a:00:00:00:00:00,-43,11,1,0,1,1,1,0,0,0,1,-97,0,11,2,3538295,0,44,0,384,0,"[0,0,0,0,0,0,0,0,0,0,0,0,-8,-10,-8,-9,-8,-9,-8,-9,-7,-8,-7,-8,-7,-8,-8,-7,-8,-8,-8,-8,-8,-8,-8,-7,-8,-7,-8,-7,-8,-7,-8,-7,-8,-7,-8,-6,-8,-7,-8,-7,-8,-7,-8,-7,-7,-7,-8,-7,-7,-7,-7,-7,0,0,-7,-7,-6,-7,-6,-7,-6,-6,-6,-6,-6,-7,-5,-6,-5,-6,-5,-6,-5,-6,-4,-6,-4,-6,-4,-5,-4,-5,-4,-5,-4,-5,-3,-5,-3,-5,-3,-5,-3,-5,-3,-5,-2,-5,-2,-4,-2,-4,-2,-4,-2,-4,0,0,0,0,0,0,0,0,0,0,0,0,0,0,-31,-67,-26,-62,-32,-58,-28,-58,-32,-54,-31,-59,-29,-52,-27,-55,-27,-50,-31,-54,-27,-48,-30,-46,-26,-49,-29,-46,-30,-43,-35,-46,-34,-46,-33,-45,-35,-45,-31,-45,-36,-47,-30,-43,-34,-45,-30,-44,-28,-42,-28,-45,-28,-43,-33,-41,-31,-40,-33,-42,-33,-39,-31,-43,-25,-40,-23,-40,-22,-36,-22,-38,-20,-38,-18,-39,-19,-40,-18,-36,-17,-31,-16,-31,-14,-33,-16,-32,-15,-31,-14,-27,-13,-31,-14,-26,-10,-24,-10,-28,-11,-25,-7,-24,-7,-26,-7,-22,-7,-23,-4,-23,-8,-24,0,0,0,0,0,0,0,0,0,0,0,0,0,0,0,0,0,0,0,0,0,0,5,-14,6,-17,4,-16,5,-18,6,-20,6,-23,6,-25,7,-26,10,-31,12,-28,10,-33,17,-37,17,-38,21,-39,25,-42,29,-37,31,-42,30,-37,32,-37,42,-38,44,-39,42,-36,45,-37,47,-39,50,-38,56,-40,54,-33,55,-35,54,-30,60,-31,54,-30,58,-31,59,-30,58,-30,59,-26,57,-30,54,-31,59,-32,58,-32,57,-34,61,-35,56,-30,60,-37,55,-32,58,-36,57,-36,60,-33,62,-34,63,-34,60,-36,59,-35,63,-40,68,-39,58,-32,63,-37,67,-35,63,-34,0,0]"
CSI_DATA,244,2a:00:00:00:00:00,-43,11,1,0,1,1,1,0,0,0,1,-97,0,11,2,3548267,0,44,0,384,0,"[0,0,0,0,0,0,0,0,0,0,0,0,2,11,2,10,2,10,2,9,2,10,2,9,3,9,3,9,2,9,3,9,3,9,3,9,3,9,3,9,3,8,3,9,3,8,3,9,3,8,3,8,3,8,3,8,3,8,3,8,2,8,2,8,0,0,2,8,2,8,2,7,2,8,1,7,1,7,1,7,1,6,1,6,1,6,0,6,0,5,0,5,0,5,0,5,0,5,0,5,0,4,0,4,0,4,0,4,0,4,0,4,-1,4,-1,3,-1,3,0,0,0,0,0,0,0,0,0,0,0,0,0,0,10,65,14,69,15,67,8,61,13,62,14,57,10,59,12,58,15,55,13,52,14,51,16,53,13,53,18,52,16,50,19,50,19,54,18,50,19,49,19,49,20,49,20,52,21,48,19,52,16,48,19,51,18,49,17,47,15,49,14,47,18,46,15,47,11,42,13,41,11,40,8,42,9,42,8,40,6,39,7,40,7,34,9,33,5,36,5,36,0,32,4,33,4,27,5,32,6,28,-1,24,0,24,1,25,-1,23,-1,23,-2,22,0,22,-2,21,0,0,0,0,0,0,0,0,0,0,0,0,0,0,0,0,0,0,0,0,0,0,-11,11,-11,15,-9,14,-8,18,-9,17,-12,18,-12,21,-16,21,-18,27,-17,28,-21,29,-23,32,-25,31,-30,32,-31,33,-36,32,-39,33,-41,32,-42,36,-45,32,-48,28,-53,31,-54,26,-55,26,-59,21,-59,19,-62,24,-61,21,-61,18,-62,22,-61,18,-62,16,-63,16,-63,15,-62,17,-62,14,-62,21,-64,15,-62,16,-63,20,-68,18,-63,18,-65,19,-64,19,-64,18,-68,22,-66,19,-68,17,-70,21,-68,21,-68,18,-66,19,-71,22,-68,16,-72,18,-68,13,-69,18,0,0]"
CSI_DATA,245,2a:00:00:00:00:00,-43,11,1,0,1,1,1,0,0,0,1,-97,0,11,2,3556131,0,44,0,384,0,"[0,0,0,0,0,0,0,0,0,0,0,0,-2,-11,-2,-11,-2,-11,-2,-11,-2,-11,-2,-10,-2,-10,-2,-10,-2,-10,-3,-10,-2,-10,-3,-10,-3,-10,-3,-9,-3,-10,-3,-10,-3,-9,-3,-10,-3,-9,-3,-10,-3,-9,-3,-9,-2,-9,-3,-9,-2,-9,-2,-9,0,0,-2,-8,-2,-9,-2,-8,-2,-8,-2,-8,-1,-8,-1,-8,-1,-7,-1,-7,-1,-7,0,-7,-1,-7,0,-6,-1,-6,0,-6,0,-6,0,-6,0,-5,0,-5,0,-5,0,-5,0,-5,0,-5,0,-4,0,-4,1,-4,0,0,0,0,0,0,0,0,0,0,0,0,0,0,-5,-66,-5,-67,-4,-69,-2,-63,-7,-63,-5,-59,-5,-60,-5,-59,-7,-59,-10,-54,-8,-52,-9,-53,-11,-55,-11,-53,-8,-53,-13,-53,-13,-53,-16,-54,-15,-53,-14,-50,-13,-52,-10,-51,-12,-52,-11,-51,-14,-50,-12,-54,-9,-50,-12,-54,-8,-49,-13,-50,-9,-45,-7,-48,-6,-48,-6,-45,-5,-45,-7,-42,-2,-40,-4,-40,0,-41,-1,-38,-2,-36,0,-35,0,-35,1,-35,3,-29,-2,-33,3,-30,0,-30,-1,-27,1,-27,3,-27,5,-26,4,-23,1,-26,4,-22,6,-22,6,-22,0,0,0,0,0,0,0,0,0,0,0,0,0,0,0,0,0,0,0,0,0,0,8,-14,8,-12,8,-12,9,-14,11,-18,11,-18,12,-18,14,-26,18,-23,21,-25,21,-26,27,-28,27,-26,33,-30,37,-29,39,-27,38,-28,42,-27,44,-25,50,-25,51,-26,54,-22,53,-22,57,-23,60,-17,59,-19,60,-13,60,-13,63,-14,61,-12,64,-8,64,-10,63,-9,62,-11,63,-9,60,-10,64,-8,64,-12,63,-11,62,-11,61,-10,67,-12,65,-9,66,-8,62,-12,64,-13,65,-13,66,-13,68,-13,68,-13,69,-12,68,-11,70,-10,68,-10,75,-8,70,-9,72,-9,0,0]"
CSI_DATA,246,2a:00:00:00:00:00,-43,11,1,0,1,1,1,0,0,0,1,-97,0,11,2,3566183,0,44,0,384,0,"[0,0,0,0,0,0,0,0,0,0,0,0,9,7,8,6,8,7,8,7,8,6,8,6,8,6,8,5,8,5,8,5,9,5,8,4,8,5,8,5,8,4,8,5,8,4,8,4,8,4,8,4,8,5,8,5,8,4,8,4,8,5,8,4,0,0,7,4,7,5,6,4,6,5,6,5,6,5,5,5,5,4,5,4,5,4,5,4,4,4,4,4,3,4,4,4,3,4,3,4,3,3,3,4,3,3,3,3,2,3,2,3,2,3,2,3,1,3,0,0,0,0,0,0,0,0,0,0,0,0,0,0,45,54,42,52,40,48,38,48,40,49,42,45,37,49,37,44,37,40,35,42,39,41,39,39,43,37,37,38,42,35,40,35,40,38,39,36,38,32,37,32,42,34,40,35,40,34,37,33,39,35,36,33,39,33,36,32,36,35,38,32,34,31,33,33,32,35,31,31,29,32,29,33,26,31,27,33,28,33,23,31,23,28,23,28,20,29,19,27,20,26,17,25,17,26,16,24,13,25,14,24,12,24,14,20,12,21,6,22,8,20,7,22,7,24,0,0,0,0,0,0,0,0,0,0,0,0,0,0,0,0,0,0,0,0,0,0,0,15,1,15,3,18,1,16,-2,19,-1,20,-3,24,-3,26,-2,30,-6,31,-6,35,-7,34,-9,41,-12,42,-14,44,-16,44,-15,50,-19,47,-21,49,-29,47,-30,47,-36,53,-35,44,-40,49,-43,47,-40,49,-44,44,-44,45,-46,44,-47,44,-45,43,-49,43,-45,42,-49,45,-49,44,-47,41,-47,40,-47,43,-49,43,-48,43,-52,44,-50,47,-52,44,-51,44,-48,46,-48,48,-51,46,-48,46,-52,46,-52,45,-54,48,-51,49,-54,49,-51,47,-55,47,-58,47,-56,46,0,0]"
CSI_DATA,247,2a:00:00:00:00:00,-43,11,1,0,1,1,1,0,0,0,1,-97,0,11,2,3576397,0,44,0,384,0,"[0,0,0,0,0,0,0,0,0,0,0,0,9,6,9,6,9,6,9,6,8,6,8,5,8,5,8,5,8,5,8,4,8,5,9,4,8,4,8,5,8,4,9,4,8,4,8,4,8,4,8,4,8,4,8,4,8,4,7,4,8,5,8,4,0,0,7,5,7,5,6,5,6,5,6,5,6,5,5,5,5,4,5,4,5,4,4,4,4,4,4,4,4,4,3,4,3,4,3,4,3,3,3,3,2,4,2,3,2,3,2,3,2,3,2,3,1,3,0,0,0,0,0,0,0,0,0,0,0,0,0,0,42,54,36,53,40,51,37,49,39,49,35,48,38,43,35,46,35,44,38,44,38,38,39,37,35,40,35,37,37,38,37,36,38,39,38,38,37,38,39,37,39,38,40,33,42,34,37,33,36,33,35,37,39,35,35,33,32,35,39,37,34,35,34,36,27,35,31,34,31,32,25,35,27,32,24,36,25,34,24,27,21,30,22,29,18,24,19,30,18,26,16,26,16,26,17,25,13,25,10,25,12,27,12,23,10,20,5,22,11,21,10,21,4,21,0,0,0,0,0,0,0,0,0,0,0,0,0,0,0,0,0,0,0,0,0,0,-1,14,0,15,-1,15,0,19,-1,21,1,20,-3,23,-1,24,-3,28,-5,32,-5,34,-3,40,-7,39,-11,41,-13,45,-14,45,-19,47,-22,47,-22,51,-29,48,-25,51,-32,50,-36,49,-39,45,-42,50,-43,49,-46,44,-43,45,-44,45,-46,47,-47,43,-49,43,-46,41,-47,46,-47,44,-50,44,-50,45,-51,42,-50,41,-50,43,-48,42,-49,44,-50,44,-50,45,-51,45,-45,46,-49,43,-52,47,-52,46,-50,43,-54,47,-52,49,-54,49,-52,43,-57,44,-58,49,-54,45,0,0]"
CSI_DATA,248,2a:00:00:00:00:00,-43,11,1,0,1,1,1,0,0,0,1,-97,0,11,2,3586449,0,44,0,384,0,"[0,0,0,0,0,0,0,0,0,0,0,0,-12,1,-11,1,-12,1,-11,1,-11,1,-10,1,-11,1,-10,1,-10,1,-10,2,-10,2,-10,2,-10,2,-9,2,-9,2,-10,3,-10,3,-10,3,-10,2,-9,2,-9,2,-9,2,-10,2,-9,2,-9,2,-9,2,0,0,-9,2,-9,2,-9,1,-9,1,-8,1,-8,1,-8,1,-7,0,-8,0,-7,0,-7,0,-6,0,-7,0,-6,0,-6,0,-6,0,-6,0,-6,0,-6,-1,-5,-1,-5,-1,-5,-1,-5,-1,-5,-1,-5,-1,-4,-1,0,0,0,0,0,0,0,0,0,0,0,0,0,0,-66,-3,-68,1,-64,0,-61,-2,-62,0,-58,-3,-57,2,-61,-1,-54,4,-56,6,-57,4,-55,5,-57,5,-52,8,-52,9,-56,12,-54,14,-51,12,-53,10,-49,13,-54,11,-53,9,-50,13,-53,9,-53,9,-51,8,-53,9,-50,10,-46,9,-50,11,-49,12,-50,6,-45,7,-45,6,-45,5,-41,3,-43,4,-40,0,-41,1,-40,4,-39,2,-35,-1,-35,1,-33,0,-31,-1,-34,-2,-31,-2,-30,0,-26,-3,-30,-3,-28,-2,-27,-4,-25,-6,-25,-6,-23,-5,-24,-7,-21,-9,0,0,0,0,0,0,0,0,0,0,0,0,0,0,0,0,0,0,0,0,0,0,-11,-12,-11,-9,-13,-14,-14,-11,-15,-14,-14,-17,-16,-16,-20,-19,-19,-24,-21,-24,-25,-27,-28,-29,-28,-34,-25,-37,-26,-41,-20,-43,-22,-45,-20,-48,-20,-50,-16,-54,-17,-56,-16,-62,-16,-60,-11,-59,-9,-62,-13,-61,-9,-64,-5,-66,-4,-62,-1,-67,-5,-63,-6,-62,-2,-66,-2,-62,1,-66,-1,-64,-3,-64,-3,-65,-2,-65,-7,-67,-4,-64,-4,-66,-5,-68,-2,-68,-4,-66,-7,-67,-4,-68,-6,-68,-4,-74,-8,-69,-2,-69,-8,-77,-9,-72,-4,-67,-5,-69,-5,-70,-3,-72,0,0]"
CSI_DATA,249,2a:00:00:00:00:00,-43,11,1,0,1,1,1,0,0,0,1,-97,0,11,2,3596119,0,44,0,384,0,"[0,0,0,0,0,0,0,0,0,0,0,0,0,-12,-1,-11,-1,-11,-1,-11,-1,-11,-1,-10,-1,-10,-2,-10,-2,-10,-2,-10,-1,-10,-2,-10,-2,-10,-2,-10,-2,-9,-2,-10,-2,-9,-2,-10,-2,-9,-2,-10,-2,-9,-2,-10,-2,-9,-2,-9,-1,-10,-1,-9,0,0,-1,-9,-1,-9,-1,-9,-1,-9,-1,-8,0,-8,-1,-8,0,-7,0,-7,0,-7,0,-7,0,-6,0,-7,0,-6,0,-6,0,-6,1,-6,1,-5,0,-5,0,-5,0,-5,1,-5,1,-5,1,-4,1,-4,1,-4,0,0,0,0,0,0,0,0,0,0,0,0,0,0,-5,-68,-7,-67,-10,-65,-9,-61,-8,-59,-11,-57,-10,-63,-7,-60,-8,-55,-8,-55,-13,-54,-11,-50,-13,-54,-13,-51,-12,-51,-15,-52,-16,-52,-13,-52,-17,-51,-15,-48,-15,-51,-14,-49,-20,-51,-16,-50,-15,-50,-15,-50,-14,-47,-13,-50,-11,-48,-12,-49,-13,-45,-10,-46,-13,-46,-10,-46,-10,-43,-1,-42,-8,-43,-6,-40,-4,-40,-4,-35,-4,-36,-4,-36,-1,-37,-4,-35,-3,-33,0,-31,-2,-29,0,-31,0,-27,2,-26,1,-26,-1,-26,5,-26,3,-24,2,-25,4,-25,6,-21,0,0,0,0,0,0,0,0,0,0,0,0,0,0,0,0,0,0,0,0,0,0,7,-14,9,-14,8,-12,10,-15,10,-16,10,-20,12,-20,13,-21,16,-25,20,-27,22,-28,25,-28,31,-29,30,-31,31,-31,35,-26,39,-30,40,-27,45,-30,48,-28,49,-25,54,-26,55,-24,55,-22,60,-19,60,-19,59,-14,59,-18,59,-13,61,-12,63,-13,61,-10,62,-13,64,-15,62,-11,62,-14,62,-9,61,-10,67,-11,64,-12,66,-14,61,-13,63,-12,65,-13,60,-14,65,-11,64,-13,63,-16,68,-13,69,-9,67,-12,69,-12,67,-6,65,-9,69,-10,68,-11,73,-12,0,0]"
CSI_DATA,250,2a:00:00:00:00:00,-43,11,1,0,1,1,1,0,0,0,1,-97,0,11,2,3616150,0,44,0,384,0,"[0,0,0,0,0,0,0,0,0,0,0,0,-7,-10,-7,-10,-7,-10,-7,-9,-7,-9,-7,-8,-7,-9,-7,-8,-7,-8,-7,-8,-7,-8,-7,-8,-7,-8,-7,-8,-7,-8,-8,-8,-8,-7,-7,-7,-7,-7,-7,-8,-7,-8,-7,-8,-7,-8,-7,-8,-7,-8,-7,-7,0,0,-6,-7,-6,-8,-6,-7,-5,-7,-5,-7,-5,-7,-4,-7,-4,-7,-4,-7,-4,-7,-4,-6,-4,-6,-3,-6,-3,-6,-3,-6,-3,-6,-3,-5,-3,-5,-3,-5,-2,-5,-2,-5,-2,-5,-2,-5,-2,-5,-1,-5,-1,-4,0,0,0,0,0,0,0,0,0,0,0,0,0,0,-24,-58,-28,-64,-27,-58,-28,-57,-27,-56,-27,-53,-29,-56,-28,-51,-26,-55,-26,-47,-27,-49,-31,-48,-30,-47,-30,-47,-28,-45,-32,-47,-32,-46,-32,-47,-28,-43,-32,-45,-33,-42,-31,-47,-30,-41,-31,-44,-28,-43,-30,-43,-31,-45,-27,-45,-24,-44,-28,-42,-25,-42,-25,-41,-25,-44,-23,-41,-22,-41,-19,-40,-21,-37,-18,-37,-14,-37,-17,-37,-19,-37,-15,-36,-11,-32,-13,-32,-12,-29,-13,-34,-9,-29,-8,-28,-9,-27,-7,-28,-5,-26,-7,-28,-4,-24,-4,-25,-4,-26,0,-25,-3,-22,0,0,0,0,0,0,0,0,0,0,0,0,0,0,0,0,0,0,0,0,0,0,1,-15,2,-18,2,-20,2,-17,3,-22,4,-22,3,-24,6,-25,8,-30,9,-30,10,-34,14,-40,17,-40,19,-39,23,-40,24,-42,28,-43,30,-43,33,-43,34,-46,41,-41,41,-45,45,-47,46,-42,50,-39,51,-39,53,-37,55,-36,56,-36,55,-35,55,-36,53,-31,58,-31,55,-33,60,-34,54,-33,54,-37,57,-31,58,-32,57,-35,56,-31,60,-36,54,-34,59,-34,55,-35,54,-34,54,-33,58,-37,58,-35,64,-35,59,-35,60,-40,57,-33,60,-35,66,-32,61,-33,62,-30,0,0]"
CSI_DATA,251,2a:00:00:00:00:00,-43,11,1,0,1,1,1,0,0,0,1,-97,0,11,2,3626493,0,44,0,384,0,"[0,0,0,0,0,0,0,0,0,0,0,0,-3,10,-3,10,-2,9,-2,10,-2,9,-2,9,-2,9,-2,9,-2,9,-1,9,-2,9,-1,9,-1,9,-1,9,-1,9,-1,9,-1,9,-1,9,0,9,0,9,-1,8,0,9,-1,8,-1,8,-1,9,-1,8,0,0,-1,8,-1,8,-2,8,-2,7,-2,7,-2,7,-2,7,-2,7,-2,6,-2,6,-2,6,-2,5,-2,5,-2,5,-2,5,-2,5,-2,4,-2,4,-2,4,-2,4,-2,4,-2,3,-2,3,-3,3,-2,3,-3,3,0,0,0,0,0,0,0,0,0,0,0,0,0,0,-15,66,-16,61,-15,60,-12,57,-14,57,-13,52,-10,58,-10,56,-13,55,-10,55,-9,52,-5,52,-4,52,-4,52,-4,53,-5,49,-5,50,-1,49,-1,50,-2,50,-2,52,-4,50,-3,52,-4,52,0,49,-4,48,-3,49,-5,51,-3,47,-3,45,-7,44,-7,45,-4,44,-5,44,-5,42,-8,42,-7,38,-6,40,-9,40,-5,36,-7,35,-9,32,-9,36,-8,30,-8,30,-9,30,-12,29,-9,31,-12,25,-12,25,-9,26,-11,24,-11,21,-7,21,-10,20,-12,19,-12,17,0,0,0,0,0,0,0,0,0,0,0,0,0,0,0,0,0,0,0,0,0,0,-13,9,-13,7,-13,9,-16,11,-18,12,-18,15,-18,14,-21,15,-22,16,-27,18,-31,17,-31,17,-39,18,-42,18,-42,18,-45,12,-50,14,-52,12,-51,12,-55,7,-57,7,-62,4,-63,0,-63,-3,-63,-1,-62,-2,-61,-8,-61,-9,-62,-8,-62,-10,-59,-11,-63,-11,-63,-13,-60,-12,-61,-12,-62,-9,-63,-13,-62,-10,-63,-9,-65,-10,-65,-10,-64,-9,-63,-12,-67,-8,-67,-11,-63,-13,-64,-14,-66,-9,-68,-9,-67,-11,-66,-11,-67,-12,-65,-12,-66,-14,-68,-12,-71,-12,-72,-12,0,0]"
CSI_DATA,252,2a:00:00:00:00:00,-43,11,1,0,1,1,1,0,0,0,1,-97,0,11,2,3636145,0,44,0,384,0,"[0,0,0,0,0,0,0,0,0,0,0,0,-9,-7,-9,-7,-9,-7,-9,-7,-9,-7,-9,-6,-9,-6,-9,-6,-9,-6,-9,-6,-9,-5,-9,-5,-9,-5,-9,-5,-9,-5,-9,-5,-9,-5,-9,-5,-9,-5,-9,-6,-9,-5,-9,-5,-9,-5,-9,-5,-9,-5,-9,-5,0,0,-8,-5,-8,-6,-7,-5,-8,-6,-7,-5,-7,-6,-6,-5,-6,-5,-6,-6,-6,-5,-6,-5,-5,-5,-5,-5,-4,-5,-5,-5,-5,-4,-4,-5,-4,-4,-4,-4,-4,-4,-3,-4,-3,-4,-3,-4,-3,-4,-3,-4,-3,-4,0,0,0,0,0,0,0,0,0,0,0,0,0,0,-48,-49,-51,-44,-49,-42,-46,-40,-48,-43,-45,-39,-43,-40,-44,-38,-47,-34,-46,-35,-45,-36,-49,-34,-42,-29,-45,-27,-46,-29,-49,-30,-45,-25,-45,-25,-46,-30,-45,-22,-50,-27,-46,-27,-46,-26,-44,-30,-41,-27,-42,-30,-44,-27,-47,-25,-42,-28,-46,-27,-39,-27,-43,-28,-37,-27,-37,-31,-35,-26,-33,-25,-33,-30,-32,-28,-30,-28,-29,-30,-28,-26,-27,-24,-26,-26,-24,-21,-24,-24,-19,-22,-22,-22,-21,-21,-19,-23,-16,-23,-19,-24,-18,-20,-15,-19,-13,-20,-14,-19,-11,-19,-10,-20,0,0,0,0,0,0,0,0,0,0,0,0,0,0,0,0,0,0,0,0,0,0,-1,-14,-6,-17,-4,-16,-5,-22,-4,-20,-3,-26,-5,-28,-2,-29,-3,-32,-6,-35,-4,-39,-1,-43,1,-42,1,-46,3,-47,9,-49,9,-52,13,-51,16,-54,18,-55,24,-57,26,-54,26,-56,28,-58,29,-55,33,-57,32,-56,35,-55,39,-50,38,-54,37,-47,42,-52,42,-50,41,-49,37,-52,40,-50,39,-50,41,-53,40,-50,39,-51,40,-52,39,-54,39,-55,44,-49,50,-53,29,-57,31,-50,40,-53,40,-55,42,-55,43,-55,40,-55,42,-57,41,-54,41,-54,48,-59,44,-51,0,0]"
CSI_DATA,253,2a:00:00:00:00:00,-43,11,1,0,1,1,1,0,0,0,1,-97,0,11,2,3656141,0,44,0,384,0,"[0,0,0,0,0,0,0,0,0,0,0,0,-10,-7,-10,-7,-10,-6,-10,-7,-9,-6,-10,-6,-9,-6,-9,-6,-9,-5,-9,-5,-9,-5,-10,-5,-9,-5,-9,-5,-10,-5,-9,-4,-10,-4,-9,-4,-9,-5,-9,-5,-9,-5,-9,-5,-9,-5,-9,-5,-9,-5,-9,-5,0,0,-8,-5,-8,-5,-8,-6,-8,-5,-7,-5,-7,-5,-6,-5,-6,-5,-6,-5,-6,-5,-6,-5,-5,-5,-5,-5,-5,-5,-5,-5,-5,-5,-4,-4,-4,-5,-4,-4,-4,-4,-4,-4,-3,-4,-3,-4,-3,-4,-2,-4,-2,-4,0,0,0,0,0,0,0,0,0,0,0,0,0,0,-47,-47,-43,-50,-44,-48,-43,-48,-39,-43,-39,-45,-40,-47,-42,-45,-40,-41,-42,-39,-41,-39,-43,-35,-42,-37,-37,-35,-41,-37,-40,-36,-41,-37,-40,-34,-42,-34,-40,-33,-45,-32,-41,-30,-43,-32,-40,-35,-41,-32,-41,-33,-37,-34,-38,-34,-39,-34,-39,-33,-37,-36,-36,-35,-35,-33,-32,-33,-34,-32,-33,-37,-29,-33,-25,-32,-25,-30,-29,-31,-20,-30,-28,-29,-20,-29,-17,-26,-21,-26,-20,-24,-18,-26,-17,-24,-15,-26,-12,-23,-13,-22,-11,-24,-14,-22,-10,-25,-10,-21,-3,-23,-8,-23,0,0,0,0,0,0,0,0,0,0,0,0,0,0,0,0,0,0,0,0,0,0,-4,-18,-2,-15,-4,-15,-1,-18,-4,-21,-3,-23,-3,-29,-3,-28,-1,-33,0,-34,3,-39,3,-41,4,-43,6,-46,10,-47,13,-47,16,-53,17,-51,21,-55,27,-52,24,-53,31,-56,31,-49,34,-51,39,-52,38,-52,39,-48,46,-48,43,-43,45,-49,45,-46,46,-50,48,-47,46,-45,46,-47,45,-43,44,-46,45,-47,45,-43,46,-47,46,-47,42,-45,47,-48,45,-48,48,-48,50,-52,45,-50,44,-49,49,-53,44,-44,51,-53,49,-50,50,-49,45,-49,50,-46,50,-44,51,-50,0,0]"
CSI_DATA,254,2a:00:00:00:00:00,-43,11,1,0,1,1,1,0,0,0,1,-97,0,11,2,3667429,0,44,0,384,0,"[0,0,0,0,0,0,0,0,0,0,0,0,11,1,10,1,10,1,10,1,10,1,10,1,9,1,10,1,9,0,9,0,10,0,10,0,9,-1,9,0,9,0,10,-1,9,-1,9,-1,9,0,9,-1,9,-1,9,0,9,0,9,0,9,0,9,-1,0,0,9,0,8,0,8,0,8,0,7,1,8,1,7,1,7,1,7,1,7,1,6,1,6,1,6,1,5,1,5,1,5,1,5,1,4,1,4,1,4,1,4,2,4,1,4,1,3,1,3,2,3,2,0,0,0,0,0,0,0,0,0,0,0,0,0,0,60,21,59,22,57,22,59,23,56,20,57,20,56,18,54,18,53,15,53,16,50,12,50,11,54,8,49,12,52,10,54,10,49,7,50,7,48,4,51,4,51,3,52,7,50,4,50,6,51,7,50,7,49,11,48,5,49,7,50,5,50,10,47,9,45,7,42,8,44,10,42,12,41,12,36,11,36,14,35,13,37,14,32,11,30,15,30,14,30,11,31,13,27,12,27,13,23,11,26,13,24,13,22,13,24,11,21,13,21,15,16,14,15,15,0,0,0,0,0,0,0,0,0,0,0,0,0,0,0,0,0,0,0,0,0,0,8,13,7,14,10,14,11,14,10,20,12,19,13,25,13,21,13,25,13,30,14,33,14,38,12,39,12,44,8,45,10,51,6,50,2,52,3,56,-4,56,-5,60,-6,60,-7,60,-8,62,-13,63,-14,64,-16,61,-20,59,-16,59,-19,62,-21,59,-21,58,-21,60,-21,60,-22,59,-20,58,-19,59,-22,57,-19,59,-19,61,-20,59,-16,63,-22,63,-21,62,-19,62,-14,63,-16,62,-21,67,-18,67,-24,63,-20,64,-19,67,-19,67,-23,65,-22,68,-22,67,-21,62,0,0]"
CSI_DATA,255,2a:00:00:00:00:00,-43,11,1,0,1,1,1,0,0,0,1,-97,0,11,2,3686144,0,44,0,384,0,"[0,0,0,0,0,0,0,0,0,0,0,0,10,2,10,2,10,1,10,2,9,1,10,1,9,1,10,1,9,1,9,1,9,0,10,0,9,0,9,0,9,0,9,-1,9,-1,9,-1,9,0,9,-1,9,0,9,0,9,0,9,0,9,0,9,0,0,0,9,0,8,0,8,1,8,0,8,1,7,1,7,1,7,1,7,1,6,1,6,1,6,1,5,1,5,1,5,1,5,1,5,1,5,1,4,1,4,1,4,1,4,1,3,1,3,1,3,1,3,1,0,0,0,0,0,0,0,0,0,0,0,0,0,0,62,21,63,22,65,22,61,20,59,15,61,18,58,14,54,21,52,14,55,12,53,12,53,10,54,8,52,11,54,10,53,7,52,2,52,3,51,5,53,7,53,4,54,2,54,1,54,3,46,9,51,5,49,4,52,4,47,8,53,3,49,5,47,7,51,6,47,9,45,6,45,11,41,7,40,10,37,11,36,12,36,10,36,10,32,6,33,9,32,10,31,13,28,8,28,12,26,13,25,10,27,11,25,8,23,11,21,12,22,13,18,11,17,12,0,0,0,0,0,0,0,0,0,0,0,0,0,0,0,0,0,0,0,0,0,0,6,14,5,16,9,16,10,13,12,21,11,21,13,22,11,24,10,28,11,32,16,35,12,41,15,40,10,45,5,51,7,52,6,55,0,56,-2,55,-3,59,-5,59,-8,61,-11,62,-14,62,-15,63,-19,61,-20,61,-20,63,-21,60,-21,63,-21,56,-24,59,-27,60,-25,59,-26,62,-24,63,-21,59,-23,61,-22,60,-19,64,-22,63,-18,62,-18,63,-20,64,-18,65,-24,60,-24,62,-22,64,-20,65,-20,63,-21,65,-18,71,-20,70,-17,64,-21,69,-21,66,-20,67,0,0]"
CSI_DATA,256,2a:00:00:00:00:00,-43,11,1,0,1,1,1,0,0,0,1,-97,0,11,2,3696434,0,44,0,384,0,"[0,0,0,0,0,0,0,0,0,0,0,0,7,-9,6,-9,6,-10,6,-9,6,-9,6,-9,5,-9,5,-9,5,-9,5,-9,5,-9,4,-9,4,-9,4,-9,4,-9,4,-9,4,-9,4,-9,3,-9,4,-9,4,-9,4,-9,4,-9,4,-9,4,-9,4,-8,0,0,4,-8,4,-8,4,-8,4,-7,4,-7,5,-7,4,-7,4,-6,4,-6,4,-6,4,-5,4,-5,4,-5,4,-5,4,-5,3,-4,3,-5,3,-4,3,-4,3,-3,3,-3,3,-3,3,-3,3,-3,3,-3,3,-2,0,0,0,0,0,0,0,0,0,0,0,0,0,0,33,-61,29,-55,30,-60,32,-56,25,-54,26,-57,23,-54,24,-58,23,-53,22,-51,23,-50,22,-51,23,-49,22,-50,16,-49,19,-49,11,-55,9,-52,13,-51,11,-55,10,-55,15,-51,14,-53,13,-51,16,-52,14,-51,16,-49,12,-48,14,-51,12,-50,12,-45,15,-47,17,-48,13,-47,15,-45,17,-42,17,-44,15,-40,17,-39,15,-37,18,-36,15,-32,16,-35,14,-30,16,-30,16,-28,14,-30,17,-27,17,-25,15,-25,14,-23,14,-19,15,-20,13,-21,18,-22,15,-18,16,-17,0,0,0,0,0,0,0,0,0,0,0,0,0,0,0,0,0,0,0,0,0,0,16,-7,16,-9,16,-8,17,-9,19,-8,23,-10,23,-9,29,-7,33,-6,33,-9,40,-8,42,-6,42,-10,45,-3,49,-1,51,1,57,1,53,5,58,10,57,10,56,15,59,18,60,18,61,19,57,23,61,26,59,29,59,29,58,27,58,31,57,30,56,32,51,33,53,30,55,33,54,33,56,30,60,28,58,32,56,27,59,29,60,30,62,29,60,26,58,28,65,29,59,32,61,30,59,29,61,35,61,25,60,32,64,27,60,32,66,27,64,29,63,33,0,0]"
CSI_DATA,257,2a:00:00:00:00:00,-43,11,1,0,1,1,1,0,0,0,1,-97,0,11,2,3707718,0,44,0,384,0,"[0,0,0,0,0,0,0,0,0,0,0,0,-4,10,-3,9,-3,10,-3,9,-3,9,-3,9,-2,9,-2,9,-2,9,-2,8,-2,8,-2,9,-2,9,-2,8,-1,8,-2,9,-1,9,-1,9,-1,9,-1,9,-1,8,-1,8,-2,8,-1,8,-2,9,-2,8,0,0,-2,8,-2,8,-2,7,-2,7,-2,7,-3,7,-2,7,-2,6,-3,6,-3,6,-3,5,-3,5,-2,5,-3,5,-3,4,-3,4,-2,4,-3,4,-3,4,-3,3,-3,4,-2,3,-3,3,-3,3,-3,3,-3,2,0,0,0,0,0,0,0,0,0,0,0,0,0,0,-21,65,-22,62,-19,60,-19,60,-17,56,-18,55,-16,57,-16,57,-16,53,-15,53,-12,51,-13,54,-13,52,-10,50,-7,55,-5,50,-6,54,-3,50,-7,53,-8,52,-5,54,-4,52,-6,54,-4,53,-6,50,-9,50,-6,51,-6,52,-6,45,-8,50,-7,47,-8,49,-11,48,-12,45,-11,44,-12,43,-13,42,-14,43,-14,38,-13,37,-11,34,-12,33,-12,34,-12,35,-9,33,-11,31,-13,28,-15,29,-13,25,-12,23,-13,24,-10,24,-14,20,-14,21,-13,22,-11,17,-14,18,0,0,0,0,0,0,0,0,0,0,0,0,0,0,0,0,0,0,0,0,0,0,-10,9,-15,11,-15,11,-17,11,-20,13,-19,14,-24,14,-25,17,-28,14,-26,18,-35,19,-38,16,-39,17,-43,18,-45,13,-47,9,-54,8,-52,10,-59,8,-60,4,-60,2,-60,-2,-62,-5,-66,-3,-63,-7,-62,-10,-62,-10,-64,-12,-60,-15,-61,-15,-60,-18,-67,-15,-64,-18,-64,-18,-64,-19,-61,-20,-63,-16,-65,-17,-64,-18,-64,-16,-63,-15,-66,-15,-64,-18,-66,-13,-63,-15,-66,-12,-60,-16,-64,-15,-67,-17,-68,-14,-69,-12,-66,-13,-68,-19,-66,-22,-69,-15,-69,-17,-70,-21,0,0]"
CSI_DATA,258,2a:00:00:00:00:00,-43,11,1,0,1,1,1,0,0,0,1,-97,0,11,2,3726162,0,44,0,384,0,"[0,0,0,0,0,0,0,0,0,0,0,0,11,-2,10,-2,10,-2,10,-2,10,-2,10,-3,9,-3,9,-3,9,-3,9,-3,9,-3,9,-3,9,-3,9,-3,9,-3,9,-4,8,-4,9,-4,9,-4,8,-4,8,-4,8,-4,8,-4,8,-3,8,-3,8,-3,0,0,8,-3,8,-3,8,-3,8,-2,7,-2,7,-2,7,-2,7,-2,7,-1,6,-1,6,-1,6,-1,6,-1,5,-1,5,-1,5,-1,5,-1,5,-1,5,-1,4,0,4,0,4,-1,4,0,4,0,3,0,3,0,0,0,0,0,0,0,0,0,0,0,0,0,0,0,65,-17,62,-18,60,-19,59,-15,60,-21,59,-12,57,-17,55,-14,52,-14,51,-18,54,-16,54,-20,50,-19,47,-21,48,-19,48,-24,47,-24,47,-20,46,-26,46,-22,48,-27,47,-24,45,-29,43,-24,47,-25,45,-22,46,-23,44,-21,46,-23,43,-22,45,-19,47,-19,39,-19,43,-17,41,-18,42,-14,37,-17,39,-16,39,-15,36,-13,35,-10,33,-10,36,-11,32,-10,33,-9,30,-7,31,-6,29,-9,28,-6,26,-6,26,-8,24,-6,23,-3,22,-3,22,-3,24,2,19,1,0,0,0,0,0,0,0,0,0,0,0,0,0,0,0,0,0,0,0,0,0,0,13,8,14,6,16,8,14,11,17,11,18,13,20,13,24,16,25,20,27,21,28,25,26,30,29,32,28,33,30,34,29,38,31,42,24,46,26,47,28,52,27,51,25,53,22,55,19,55,20,61,17,62,16,63,14,63,16,61,13,62,17,59,12,62,10,61,10,59,14,63,12,60,13,61,10,59,12,57,12,60,10,61,17,64,18,61,17,59,17,62,20,63,15,63,18,62,19,65,18,66,15,62,19,66,19,66,19,67,15,67,19,68,17,63,0,0]"
CSI_DATA,259,2a:00:00:00:00:00,-43,11,1,0,1,1,1,0,0,0,1,-97,0,11,2,3746135,0,44,0,384,0,"[0,0,0,0,0,0,0,0,0,0,0,0,11,1,11,1,10,0,10,0,10,0,10,0,10,0,10,-1,10,-1,9,0,10,-1,9,-1,9,-1,9,-1,9,-1,9,-2,9,-2,9,-2,9,-2,9,-2,9,-1,9,-1,9,-1,9,-1,9,-1,9,-1,0,0,8,-1,8,-1,8,-1,8,-1,7,0,7,0,7,0,7,0,7,0,7,0,6,0,6,0,6,0,5,0,5,0,5,0,5,0,5,1,5,0,4,0,4,1,4,0,4,1,4,1,3,1,3,1,0,0,0,0,0,0,0,0,0,0,0,0,0,0,62,-1,65,0,62,-1,66,-3,65,-1,54,-4,60,-3,57,-3,57,-6,57,-6,55,-5,53,-6,55,-8,52,-8,55,-7,52,-11,50,-8,48,-11,49,-10,52,-11,52,-16,53,-12,49,-13,48,-13,50,-11,48,-9,51,-14,49,-14,47,-12,50,-12,44,-10,49,-10,45,-6,42,-7,44,-6,42,-4,41,-6,37,-5,41,-3,41,0,40,-2,36,-6,31,0,34,-1,34,0,32,1,32,-1,31,-1,27,3,29,0,25,3,26,3,22,4,23,3,21,6,20,5,21,7,0,0,0,0,0,0,0,0,0,0,0,0,0,0,0,0,0,0,0,0,0,0,10,9,12,8,13,12,14,12,15,15,17,15,17,17,20,22,22,21,23,27,24,28,24,33,24,34,25,40,24,40,24,46,22,46,18,50,19,52,19,57,17,57,10,58,11,61,9,61,4,61,5,65,0,62,6,62,0,62,-3,62,-3,66,-2,63,-1,64,0,61,-2,63,-2,63,-1,61,0,65,1,64,-1,64,0,62,3,69,1,65,4,64,4,61,3,73,4,68,6,65,1,63,0,64,0,70,2,71,1,68,3,73,0,72,2,70,0,66,0,0]"
CSI_DATA,260,2a:00:00:00:00:00,-43,11,1,0,1,1,1,0,0,0,1,-97,0,11,2,3758110,0,44,0,384,0,"[0,0,0,0,0,0,0,0,0,0,0,0,8,-8,7,-8,7,-8,7,-8,7,-8,7,-8,6,-8,6,-8,6,-8,5,-8,5,-8,5,-8,5,-8,5,-8,5,-8,5,-8,5,-9,5,-8,5,-8,5,-8,5,-8,5,-8,5,-8,5,-8,5,-8,5,-7,0,0,5,-7,5,-7,5,-7,5,-6,5,-6,5,-6,5,-6,5,-5,5,-5,5,-5,5,-5,4,-5,4,-5,4,-5,4,-4,4,-4,4,-4,3,-4,4,-3,3,-3,3,-3,3,-3,3,-3,3,-2,3,-2,3,-2,0,0,0,0,0,0,0,0,0,0,0,0,0,0,50,-42,48,-43,48,-43,47,-42,45,-40,47,-42,45,-39,47,-40,40,-41,40,-40,39,-41,38,-39,33,-41,36,-40,33,-38,35,-39,35,-39,30,-40,33,-42,33,-42,32,-43,34,-41,31,-42,31,-41,30,-40,32,-38,34,-39,35,-38,31,-35,33,-38,33,-34,32,-34,33,-34,33,-34,31,-30,33,-33,32,-31,32,-34,31,-25,29,-24,31,-22,27,-17,28,-20,29,-20,26,-21,25,-19,25,-18,24,-19,25,-13,24,-13,24,-12,23,-13,20,-9,24,-10,22,-8,19,-4,19,-7,0,0,0,0,0,0,0,0,0,0,0,0,0,0,0,0,0,0,0,0,0,0,15,-2,15,-6,19,-3,17,0,22,-4,23,0,26,-4,28,-4,28,0,35,4,38,4,38,7,42,9,39,9,42,10,46,17,49,15,48,17,54,25,54,27,56,26,48,32,49,35,51,41,47,43,47,43,42,40,46,43,43,46,44,48,39,47,46,47,44,47,44,46,43,44,42,42,44,45,42,45,40,46,42,43,43,45,42,45,44,45,46,47,44,46,48,51,49,46,46,44,50,43,47,48,46,47,45,49,49,46,47,51,48,49,50,50,46,50,0,0]"
CSI_DATA,261,2a:00:00:00:00:00,-43,11,1,0,1,1,1,0,0,0,1,-97,0,11,2,3766221,0,44,0,384,0,"[0,0,0,0,0,0,0,0,0,0,0,0,4,-11,4,-10,4,-10,4,-10,4,-10,3,-10,4,-10,3,-10,3,-9,3,-10,3,-9,3,-9,2,-10,2,-9,2,-9,2,-10,2,-9,2,-10,2,-9,2,-9,2,-9,2,-9,2,-9,2,-9,2,-9,2,-9,0,0,2,-8,3,-8,2,-8,3,-8,2,-7,3,-8,3,-7,3,-7,3,-6,3,-7,3,-6,2,-6,3,-6,2,-5,3,-5,2,-5,3,-5,2,-4,2,-4,2,-4,2,-4,2,-4,2,-4,2,-4,2,-3,2,-3,0,0,0,0,0,0,0,0,0,0,0,0,0,0,40,-50,40,-50,37,-54,38,-47,40,-48,37,-44,35,-48,35,-47,30,-48,29,-49,31,-48,28,-45,29,-41,28,-46,26,-44,24,-46,26,-47,24,-49,23,-47,24,-49,25,-47,23,-44,20,-47,23,-46,22,-46,23,-48,23,-47,25,-46,20,-44,23,-44,23,-42,22,-42,24,-41,25,-37,25,-36,28,-35,24,-35,25,-35,25,-36,22,-31,22,-31,20,-28,23,-26,20,-27,17,-24,23,-25,24,-24,21,-22,18,-21,18,-16,17,-15,19,-15,17,-17,19,-15,20,-13,19,-12,18,-12,0,0,0,0,0,0,0,0,0,0,0,0,0,0,0,0,0,0,0,0,0,0,13,-4,12,-4,14,-7,19,-6,19,-8,21,-7,24,-7,27,-10,29,-7,31,-9,38,-6,39,-3,40,-6,43,-3,46,2,49,7,51,7,51,8,55,10,55,14,56,20,58,22,59,27,58,29,55,28,57,28,51,32,50,33,53,36,50,37,50,36,52,35,50,36,52,37,54,37,52,40,53,33,52,35,51,35,50,31,51,38,51,37,52,36,55,36,51,32,52,36,53,37,57,33,57,37,56,36,55,37,58,40,54,33,56,38,59,38,57,40,61,41,0,0]"
CSI_DATA,262,2a:00:00:00:00:00,-43,11,1,0,1,1,1,0,0,0,1,-97,0,11,2,3776265,0,44,0,384,0,"[0,0,0,0,0,0,0,0,0,0,0,0,3,10,3,10,2,10,3,9,2,9,2,9,3,9,3,8,3,8,3,8,3,8,3,8,3,8,4,8,3,8,4,8,4,8,4,8,4,8,4,8,4,8,3,8,3,8,4,8,3,7,3,8,0,0,3,7,2,7,2,7,2,7,2,7,2,7,2,7,1,6,1,6,1,6,1,6,1,6,1,5,1,5,1,5,0,5,0,5,0,4,0,4,0,4,0,4,0,4,0,4,-1,4,-1,3,-1,3,0,0,0,0,0,0,0,0,0,0,0,0,0,0,19,66,18,66,20,62,21,59,22,60,22,54,23,60,19,55,15,53,24,49,21,53,19,51,25,52,21,50,20,49,26,49,29,51,21,52,26,48,26,49,27,47,23,46,24,45,23,47,23,48,21,47,22,45,27,46,23,46,24,43,19,45,17,42,19,46,19,42,18,39,15,42,17,40,16,40,11,42,10,37,12,35,12,35,8,35,8,33,7,30,7,34,7,31,5,31,4,26,3,29,4,27,6,27,1,25,-1,26,1,22,-3,24,-1,21,0,0,0,0,0,0,0,0,0,0,0,0,0,0,0,0,0,0,0,0,0,0,-6,15,-3,18,-9,18,-8,18,-7,22,-9,22,-9,24,-11,30,-13,26,-16,32,-21,33,-22,38,-23,37,-29,37,-32,40,-37,37,-39,37,-41,35,-43,37,-46,38,-50,35,-51,35,-54,32,-56,33,-58,28,-59,30,-63,29,-63,24,-60,27,-63,24,-61,21,-62,23,-65,19,-65,21,-65,20,-60,21,-59,20,-62,19,-60,19,-62,24,-63,23,-63,26,-59,24,-67,26,-61,25,-61,26,-63,24,-63,25,-63,24,-65,27,-63,26,-65,23,-66,27,-65,26,-65,24,-70,25,-69,30,0,0]"
CSI_DATA,263,2a:00:00:00:00:00,-43,11,1,0,1,1,1,0,0,0,1,-97,0,11,2,3786098,0,44,0,384,0,"[0,0,0,0,0,0,0,0,0,0,0,0,8,7,8,7,9,6,8,6,8,6,8,6,8,6,8,5,8,5,8,5,8,5,8,5,8,4,8,4,8,4,9,4,8,4,8,4,8,4,8,4,8,4,8,4,8,4,8,4,7,5,7,4,0,0,7,4,7,5,7,4,7,4,6,5,6,4,5,4,5,4,5,4,5,4,5,4,4,4,4,4,4,4,4,4,4,3,3,4,3,3,3,3,3,3,3,3,3,3,2,3,2,3,2,3,1,3,0,0,0,0,0,0,0,0,0,0,0,0,0,0,40,52,40,50,43,54,40,46,41,48,43,43,37,45,37,48,38,44,40,41,37,39,38,38,38,37,37,34,38,34,43,36,39,38,38,38,42,33,42,32,44,33,42,34,40,33,39,32,38,33,34,33,38,33,37,31,36,35,41,32,35,32,39,35,33,34,35,33,30,31,29,34,30,32,30,32,25,33,23,31,22,30,23,29,20,32,20,29,18,28,18,30,18,28,16,25,12,27,14,24,13,23,11,22,10,25,11,22,8,21,8,21,7,20,0,0,0,0,0,0,0,0,0,0,0,0,0,0,0,0,0,0,0,0,0,0,-3,17,-2,17,1,19,0,21,2,21,1,24,1,25,-3,26,-1,33,-2,34,-8,38,-8,40,-10,44,-13,42,-14,44,-19,48,-21,52,-21,48,-25,51,-30,51,-35,54,-36,49,-40,51,-41,50,-42,45,-44,48,-47,42,-48,44,-51,43,-52,43,-46,44,-54,42,-53,39,-51,38,-52,42,-50,40,-52,42,-50,40,-50,40,-49,41,-47,42,-49,43,-52,44,-52,44,-51,46,-51,39,-49,45,-50,47,-49,43,-50,47,-49,45,-51,48,-53,51,-52,46,-51,48,-57,47,-54,49,0,0]"
CSI_DATA,264,2a:00:00:00:00:00,-43,11,1,0,1,1,1,0,0,0,1,-97,0,11,2,3796513,0,44,0,384,0,"[0,0,0,0,0,0,0,0,0,0,0,0,-7,-10,-7,-10,-7,-10,-7,-10,-7,-9,-7,-9,-6,-9,-7,-9,-7,-9,-6,-8,-7,-8,-7,-8,-7,-8,-7,-8,-7,-8,-7,-8,-8,-8,-7,-8,-7,-8,-7,-8,-7,-8,-7,-8,-6,-8,-7,-8,-7,-8,-6,-7,0,0,-6,-7,-6,-8,-5,-8,-6,-7,-5,-7,-5,-8,-4,-7,-4,-7,-4,-7,-4,-6,-4,-6,-3,-6,-3,-6,-3,-6,-3,-6,-3,-6,-3,-6,-2,-5,-2,-5,-2,-5,-2,-5,-2,-5,-2,-5,-1,-5,-1,-5,-1,-4,0,0,0,0,0,0,0,0,0,0,0,0,0,0,-30,-57,-31,-62,-29,-60,-28,-53,-31,-56,-32,-54,-28,-55,-29,-54,-31,-52,-30,-47,-33,-49,-35,-48,-31,-48,-31,-45,-32,-46,-36,-45,-34,-45,-37,-42,-34,-37,-35,-41,-35,-40,-37,-41,-36,-42,-35,-39,-34,-41,-34,-44,-33,-43,-32,-40,-28,-40,-30,-40,-30,-43,-31,-40,-26,-39,-29,-39,-28,-38,-23,-41,-22,-38,-22,-37,-25,-30,-21,-36,-22,-33,-20,-34,-15,-33,-14,-30,-16,-31,-16,-29,-16,-32,-16,-28,-12,-28,-10,-27,-10,-28,-9,-23,-9,-24,-5,-25,-9,-25,-7,-21,-6,-24,0,0,0,0,0,0,0,0,0,0,0,0,0,0,0,0,0,0,0,0,0,0,3,-13,3,-16,2,-19,5,-21,2,-21,3,-24,8,-26,6,-30,8,-28,11,-31,13,-33,14,-38,17,-40,20,-42,26,-43,30,-41,31,-41,30,-44,36,-47,43,-41,39,-45,45,-41,48,-40,53,-39,54,-34,51,-34,59,-35,57,-33,57,-32,60,-33,57,-30,61,-31,60,-30,59,-30,57,-29,58,-28,55,-32,58,-28,57,-28,56,-29,57,-32,56,-33,56,-32,57,-32,60,-35,59,-33,59,-37,58,-36,59,-35,60,-36,60,-36,61,-35,59,-37,58,-35,60,-34,60,-39,62,-33,0,0]"
CSI_DATA,265,2a:00:00:00:00:00,-43,11,1,0,1,1,1,0,0,0,1,-97,0,11,2,3828034,0,44,0,384,0,"[0,0,0,0,0,0,0,0,0,0,0,0,-12,-4,-11,-3,-11,-3,-11,-3,-11,-3,-11,-3,-10,-2,-10,-2,-10,-2,-10,-2,-10,-2,-10,-1,-10,-2,-10,-2,-10,-2,-10,-1,-10,-2,-10,-2,-10,-1,-10,-2,-10,-2,-10,-2,-10,-2,-9,-2,-9,-2,-9,-2,0,0,-9,-2,-9,-2,-8,-2,-8,-2,-8,-3,-8,-3,-8,-3,-7,-3,-7,-3,-7,-3,-7,-3,-6,-3,-6,-3,-6,-3,-6,-3,-6,-3,-6,-3,-5,-3,-5,-3,-5,-3,-5,-3,-4,-3,-4,-3,-4,-3,-4,-3,-4,-3,0,0,0,0,0,0,0,0,0,0,0,0,0,0,-61,-19,-67,-25,-62,-24,-62,-20,-62,-21,-57,-21,-61,-19,-55,-18,-57,-16,-52,-15,-53,-15,-54,-10,-55,-15,-55,-12,-53,-10,-57,-9,-56,-8,-54,-8,-54,-5,-56,-7,-54,-7,-58,-11,-51,-6,-50,-5,-53,-7,-52,-8,-55,-7,-49,-7,-52,-8,-52,-10,-50,-7,-48,-9,-46,-9,-44,-10,-46,-8,-41,-14,-42,-11,-40,-10,-40,-11,-41,-13,-39,-14,-36,-15,-32,-15,-31,-10,-31,-9,-31,-14,-31,-12,-31,-14,-26,-14,-26,-11,-27,-16,-22,-12,-21,-11,-24,-14,-23,-14,-18,-15,-17,-17,0,0,0,0,0,0,0,0,0,0,0,0,0,0,0,0,0,0,0,0,0,0,-7,-14,-10,-16,-10,-15,-13,-18,-10,-19,-15,-24,-13,-21,-12,-25,-12,-25,-16,-33,-18,-35,-16,-37,-14,-41,-14,-46,-10,-45,-9,-49,-9,-51,-4,-54,-6,-58,-1,-58,2,-60,3,-62,4,-65,8,-63,14,-65,11,-64,15,-66,20,-60,22,-65,20,-63,19,-62,20,-60,20,-62,19,-61,18,-64,24,-63,20,-65,18,-61,18,-63,18,-65,17,-59,17,-66,19,-60,18,-63,23,-58,12,-66,18,-66,11,-66,17,-66,17,-68,15,-66,16,-71,18,-64,19,-73,18,-67,19,-66,25,-73,0,0]"
CSI_DATA,266,2a:00:00:00:00:00,-43,11,1,0,1,1,1,0,0,0,1,-97,0,11,2,3836298,0,44,0,384,0,"[0,0,0,0,0,0,0,0,0,0,0,0,9,7,8,6,9,7,8,6,8,6,8,6,8,5,8,5,8,5,8,5,8,5,8,5,8,4,8,5,8,4,9,4,8,3,9,4,8,4,8,4,8,4,8,4,8,4,8,4,8,4,8,4,0,0,7,4,8,4,7,4,7,4,6,4,6,4,6,4,6,4,5,4,6,4,5,4,4,3,4,4,4,4,5,3,4,3,4,3,3,3,3,3,3,3,3,3,3,3,3,3,2,3,2,3,2,3,0,0,0,0,0,0,0,0,0,0,0,0,0,0,54,42,52,37,56,42,50,43,53,34,48,34,51,32,50,33,48,27,48,29,48,30,50,24,48,24,48,26,44,23,53,20,50,22,48,20,50,21,51,22,51,21,45,16,47,18,48,21,46,20,47,22,46,19,45,17,46,18,48,17,44,19,49,20,38,23,39,21,39,20,40,22,35,22,37,20,29,19,36,19,31,19,33,20,30,20,28,14,25,19,26,22,28,19,27,18,25,18,23,15,23,17,22,17,18,17,17,17,19,16,15,18,16,16,0,0,0,0,0,0,0,0,0,0,0,0,0,0,0,0,0,0,0,0,0,0,0,13,5,13,5,17,1,18,4,18,4,22,1,27,4,28,5,35,1,33,2,34,-3,38,-4,46,-5,47,-7,47,-12,47,-14,53,-13,51,-17,54,-23,55,-24,55,-29,56,-26,54,-34,57,-34,55,-39,56,-34,53,-39,54,-39,50,-42,51,-39,48,-42,49,-43,46,-42,52,-45,48,-45,44,-35,49,-39,47,-40,51,-42,53,-39,49,-39,50,-40,56,-38,51,-40,49,-38,52,-38,51,-41,54,-40,58,-36,54,-36,56,-40,57,-41,58,-36,58,-39,58,-40,60,-45,58,0,0]"
CSI_DATA,267,2a:00:00:00:00:00,-43,11,1,0,1,1,1,0,0,0,1,-97,0,11,2,3856499,0,44,0,384,0,"[0,0,0,0,0,0,0,0,0,0,0,0,-9,-9,-9,-8,-9,-8,-9,-8,-9,-8,-9,-7,-9,-7,-8,-7,-9,-7,-9,-7,-8,-7,-9,-6,-9,-6,-9,-6,-8,-6,-9,-5,-9,-6,-9,-6,-9,-6,-9,-6,-8,-6,-8,-6,-8,-6,-8,-6,-8,-6,-8,-6,0,0,-8,-6,-8,-6,-7,-6,-7,-6,-7,-6,-7,-6,-6,-6,-6,-6,-6,-6,-6,-6,-6,-6,-5,-5,-5,-5,-5,-5,-4,-5,-5,-5,-4,-5,-4,-5,-4,-5,-3,-4,-3,-5,-3,-5,-3,-4,-2,-4,-2,-4,-2,-4,0,0,0,0,0,0,0,0,0,0,0,0,0,0,-46,-45,-48,-48,-47,-49,-44,-41,-46,-44,-42,-38,-43,-38,-42,-42,-42,-39,-40,-33,-43,-33,-42,-38,-45,-32,-43,-32,-46,-35,-46,-32,-45,-34,-47,-28,-43,-32,-46,-31,-50,-27,-47,-31,-45,-30,-45,-28,-42,-31,-42,-28,-42,-31,-40,-32,-40,-32,-41,-29,-41,-26,-39,-27,-35,-30,-37,-28,-37,-29,-33,-33,-34,-29,-31,-29,-29,-26,-30,-28,-28,-26,-27,-27,-23,-28,-22,-26,-26,-27,-24,-26,-18,-22,-22,-23,-20,-23,-16,-22,-18,-21,-17,-23,-15,-19,-10,-20,-13,-20,-10,-22,-13,-21,0,0,0,0,0,0,0,0,0,0,0,0,0,0,0,0,0,0,0,0,0,0,-1,-14,-5,-16,-4,-14,-2,-20,-1,-20,-3,-24,-6,-27,-2,-31,-3,-28,-1,-29,2,-38,1,-38,8,-42,7,-43,11,-45,13,-48,15,-52,16,-50,19,-57,24,-54,26,-55,26,-57,31,-53,38,-55,39,-52,40,-50,41,-47,43,-48,42,-49,46,-46,41,-46,45,-46,44,-48,41,-47,45,-49,46,-47,45,-47,44,-43,47,-45,47,-45,43,-45,45,-48,42,-50,41,-48,44,-44,46,-54,42,-52,40,-50,40,-51,45,-49,45,-49,43,-50,42,-53,44,-48,48,-54,45,-51,50,-53,0,0]"
CSI_DATA,268,2a:00:00:00:00:00,-43,11,1,0,1,1,1,0,0,0,1,-97,0,11,2,3870991,0,44,0,384,0,"[0,0,0,0,0,0,0,0,0,0,0,0,-11,-5,-11,-4,-11,-4,-10,-4,-10,-4,-11,-3,-11,-3,-10,-3,-10,-3,-10,-3,-10,-3,-10,-2,-10,-2,-10,-2,-10,-2,-10,-2,-10,-2,-10,-2,-10,-2,-10,-2,-10,-2,-10,-2,-10,-2,-10,-2,-10,-2,-10,-2,0,0,-9,-2,-9,-3,-8,-3,-9,-3,-8,-3,-8,-3,-8,-3,-8,-3,-7,-3,-7,-3,-7,-3,-6,-3,-6,-3,-6,-3,-6,-3,-6,-3,-6,-3,-5,-3,-5,-3,-5,-3,-4,-3,-4,-3,-4,-3,-4,-3,-4,-3,-3,-3,0,0,0,0,0,0,0,0,0,0,0,0,0,0,-61,-34,-57,-31,-56,-34,-56,-29,-57,-29,-55,-29,-52,-29,-54,-24,-50,-23,-50,-23,-50,-20,-52,-19,-58,-21,-47,-18,-52,-18,-54,-13,-54,-15,-53,-16,-52,-15,-49,-15,-57,-15,-54,-14,-52,-12,-52,-15,-50,-16,-52,-17,-51,-14,-50,-12,-46,-14,-49,-15,-52,-13,-50,-18,-43,-14,-45,-15,-44,-15,-43,-16,-39,-18,-38,-16,-42,-17,-38,-16,-39,-15,-35,-17,-34,-16,-34,-16,-30,-19,-31,-15,-31,-13,-30,-15,-27,-18,-27,-15,-22,-17,-25,-16,-24,-17,-20,-16,-20,-15,-19,-18,-16,-19,0,0,0,0,0,0,0,0,0,0,0,0,0,0,0,0,0,0,0,0,0,0,-4,-12,-7,-14,-7,-13,-9,-16,-5,-22,-8,-20,-9,-23,-11,-26,-11,-32,-12,-33,-9,-36,-8,-40,-11,-44,-5,-50,-4,-51,1,-52,3,-59,5,-54,4,-59,10,-59,11,-62,15,-67,20,-60,19,-62,27,-60,20,-62,27,-61,32,-62,29,-56,32,-61,29,-55,32,-56,34,-55,34,-55,34,-57,32,-57,30,-58,31,-55,31,-58,31,-59,35,-59,27,-56,31,-61,28,-60,30,-61,34,-62,27,-62,28,-61,28,-61,29,-60,32,-64,24,-64,32,-67,28,-60,31,-60,32,-65,31,-66,0,0]"
CSI_DATA,269,2a:00:00:00:00:00,-43,11,1,0,1,1,1,0,0,0,1,-97,0,11,2,3876123,0,44,0,384,0,"[0,0,0,0,0,0,0,0,0,0,0,0,-11,1,-11,1,-11,1,-11,0,-10,1,-11,1,-10,1,-10,1,-10,1,-10,1,-10,2,-10,2,-9,1,-9,2,-9,2,-10,2,-10,2,-9,2,-9,2,-9,2,-9,2,-9,2,-9,1,-9,2,-9,1,-9,2,0,0,-9,1,-9,1,-9,1,-8,1,-8,0,-8,1,-7,0,-7,0,-7,0,-7,0,-7,0,-7,0,-6,0,-7,0,-6,0,-6,-1,-6,-1,-5,-1,-5,-1,-5,-1,-5,-1,-5,-1,-5,-1,-4,-2,-5,-1,-4,-2,0,0,0,0,0,0,0,0,0,0,0,0,0,0,-65,-13,-63,-13,-63,-10,-64,-13,-63,-11,-58,-9,-58,-9,-56,-10,-56,-9,-56,-7,-59,-7,-55,-3,-56,-5,-55,-6,-55,-4,-57,1,-58,2,-54,-2,-53,2,-56,1,-56,-3,-57,2,-51,0,-53,-1,-49,0,-51,-4,-52,0,-52,2,-51,-2,-51,0,-53,-3,-50,-3,-44,-9,-45,-5,-46,-4,-41,-8,-42,-7,-43,-3,-38,-8,-41,-8,-42,-8,-37,-7,-39,-7,-33,-5,-34,-6,-33,-9,-30,-8,-34,-10,-28,-10,-26,-5,-26,-8,-26,-11,-25,-10,-24,-10,-23,-14,-21,-10,-18,-12,0,0,0,0,0,0,0,0,0,0,0,0,0,0,0,0,0,0,0,0,0,0,-9,-12,-8,-9,-10,-8,-14,-11,-13,-16,-16,-14,-14,-18,-18,-23,-17,-26,-20,-26,-20,-30,-22,-36,-23,-36,-21,-39,-19,-43,-16,-47,-15,-47,-17,-56,-15,-55,-6,-58,-4,-58,-6,-65,-3,-65,-1,-62,3,-64,6,-68,11,-64,9,-68,11,-63,11,-65,10,-67,13,-63,14,-63,18,-64,13,-63,16,-62,11,-62,13,-63,13,-62,12,-65,13,-64,10,-63,15,-65,10,-69,10,-64,12,-64,8,-64,11,-67,12,-67,9,-66,12,-66,10,-72,13,-70,10,-67,13,-67,12,-69,11,-70,0,0]"
CSI_DATA,270,2a:00:00:00:00:00,-44,11,1,0,1,1,1,0,0,0,1,-97,0,11,2,3886314,0,44,0,384,0,"[0,0,0,0,0,0,0,0,0,0,0,0,-12,-3,-12,-3,-11,-3,-11,-3,-11,-3,-11,-2,-11,-2,-11,-2,-11,-2,-10,-2,-11,-2,-11,-2,-11,-1,-11,-1,-11,-2,-11,-1,-11,-1,-10,-1,-11,-1,-10,-1,-10,-1,-10,-1,-10,-1,-10,-2,-10,-1,-10,-1,0,0,-10,-1,-10,-2,-10,-2,-9,-2,-8,-2,-8,-2,-8,-2,-8,-2,-8,-2,-7,-2,-8,-2,-7,-2,-7,-2,-7,-2,-7,-2,-6,-3,-6,-2,-6,-3,-5,-2,-5,-3,-5,-3,-5,-2,-4,-3,-4,-3,-4,-3,-4,-3,0,0,0,0,0,0,0,0,0,0,0,0,0,0,-66,-26,-62,-22,-61,-23,-57,-18,-63,-19,-63,-17,-55,-18,-61,-20,-54,-14,-53,-14,-53,-13,-55,-13,-52,-12,-53,-10,-56,-13,-54,-5,-57,-7,-58,-8,-57,-10,-52,-5,-58,-6,-53,-7,-55,-5,-54,-4,-55,-7,-53,-10,-55,-4,-55,-7,-48,-11,-53,-8,-52,-8,-52,-11,-44,-9,-44,-11,-51,-12,-45,-13,-40,-13,-41,-8,-38,-15,-38,-11,-39,-11,-35,-15,-33,-10,-31,-9,-36,-10,-30,-12,-29,-13,-30,-10,-28,-12,-27,-15,-29,-14,-23,-13,-23,-12,-20,-15,-22,-13,-19,-17,-19,-15,0,0,0,0,0,0,0,0,0,0,0,0,0,0,0,0,0,0,0,0,0,0,-6,-11,-8,-10,-11,-13,-9,-16,-13,-14,-10,-16,-17,-22,-14,-24,-13,-29,-15,-29,-17,-35,-17,-35,-15,-40,-14,-44,-11,-48,-5,-47,-6,-53,-3,-50,-3,-56,0,-60,-1,-61,8,-62,7,-61,10,-64,16,-66,15,-67,19,-64,24,-63,19,-63,21,-65,18,-68,26,-57,25,-62,26,-58,24,-61,25,-60,21,-59,23,-62,23,-62,23,-63,21,-63,20,-63,22,-64,22,-61,18,-66,21,-67,14,-63,18,-65,18,-64,20,-66,20,-63,16,-70,23,-68,18,-66,17,-67,18,-64,19,-69,0,0]"
CSI_DATA,271,2a:00:00:00:00:00,-44,11,1,0,1,1,1,0,0,0,1,-97,0,11,2,3897311,0,44,0,384,0,"[0,0,0,0,0,0,0,0,0,0,0,0,-3,-11,-3,-11,-3,-11,-3,-11,-3,-11,-3,-11,-3,-11,-3,-10,-3,-10,-4,-10,-4,-10,-4,-10,-4,-10,-4,-10,-4,-10,-4,-10,-4,-10,-4,-10,-4,-10,-4,-10,-4,-10,-4,-10,-3,-9,-4,-10,-4,-10,-3,-10,0,0,-3,-9,-3,-9,-3,-9,-2,-8,-2,-9,-2,-9,-2,-9,-2,-8,-2,-8,-2,-7,-2,-7,-1,-7,-1,-7,-1,-7,-1,-6,-1,-6,-1,-6,-1,-6,-1,-6,0,-5,0,-6,0,-5,0,-5,0,-5,0,-5,0,-5,0,0,0,0,0,0,0,0,0,0,0,0,0,0,4,-61,1,-66,2,-68,3,-62,-2,-60,-1,-62,-3,-62,0,-62,1,-57,-4,-57,-4,-54,-5,-54,-5,-55,-7,-56,-4,-55,-12,-53,-8,-57,-10,-52,-6,-54,-8,-54,-10,-55,-10,-52,-10,-58,-9,-57,-7,-53,-6,-56,-9,-52,-9,-51,-7,-49,-10,-53,-8,-49,-3,-48,-2,-46,-2,-50,-1,-48,-3,-47,-3,-47,0,-43,-1,-41,1,-42,1,-41,3,-38,3,-37,5,-35,4,-31,4,-34,6,-32,5,-33,5,-29,5,-30,6,-27,6,-25,6,-26,4,-24,8,-22,8,-22,7,-21,0,0,0,0,0,0,0,0,0,0,0,0,0,0,0,0,0,0,0,0,0,0,6,-9,9,-8,10,-13,9,-16,13,-14,12,-18,14,-15,16,-20,22,-22,20,-25,25,-22,27,-26,34,-25,36,-26,37,-27,43,-21,48,-21,50,-22,52,-19,57,-19,59,-19,60,-13,60,-12,65,-12,66,-5,64,-8,63,-4,64,-1,66,1,64,1,66,1,65,1,66,5,66,6,62,4,63,4,65,5,64,1,60,4,63,1,60,2,65,0,63,2,65,1,61,3,69,-1,67,1,63,-2,70,1,71,0,71,0,65,-2,65,-1,67,-4,67,0,68,0,71,3,0,0]"
CSI_DATA,272,2a:00:00:00:00:00,-43,11,1,0,1,1,1,0,0,0,1,-97,0,11,2,3906259,0,44,0,384,0,"[0,0,0,0,0,0,0,0,0,0,0,0,-4,-11,-4,-10,-4,-11,-4,-10,-4,-10,-4,-10,-4,-10,-4,-9,-4,-9,-5,-10,-5,-9,-5,-9,-5,-9,-5,-9,-5,-9,-5,-9,-5,-9,-5,-9,-5,-9,-5,-9,-5,-9,-5,-9,-5,-9,-5,-9,-5,-9,-5,-8,0,0,-4,-8,-4,-8,-4,-8,-4,-8,-3,-8,-3,-8,-3,-8,-3,-7,-3,-7,-3,-7,-3,-7,-2,-7,-2,-6,-2,-6,-2,-6,-2,-6,-2,-6,-2,-6,-1,-6,-1,-5,-1,-5,-1,-5,-1,-5,-1,-5,-1,-5,-1,-4,0,0,0,0,0,0,0,0,0,0,0,0,0,0,-15,-64,-17,-65,-13,-64,-17,-59,-18,-60,-14,-56,-15,-56,-14,-59,-19,-55,-21,-54,-19,-50,-20,-49,-21,-52,-20,-50,-18,-49,-23,-48,-23,-51,-26,-50,-28,-48,-25,-45,-26,-49,-25,-45,-28,-48,-25,-51,-23,-47,-24,-50,-24,-44,-22,-48,-21,-46,-24,-46,-20,-44,-18,-42,-20,-44,-20,-41,-20,-41,-20,-41,-15,-43,-13,-40,-14,-37,-15,-37,-10,-36,-9,-35,-10,-34,-9,-38,-7,-33,-7,-31,-8,-31,-7,-33,-4,-27,-5,-31,-7,-26,-3,-26,-3,-25,-1,-24,-1,-26,-2,-25,2,-22,0,0,0,0,0,0,0,0,0,0,0,0,0,0,0,0,0,0,0,0,0,0,3,-11,7,-11,4,-13,6,-15,7,-18,7,-21,10,-20,12,-23,15,-27,14,-25,19,-28,21,-31,24,-33,30,-33,33,-31,37,-31,39,-31,39,-29,43,-33,47,-27,52,-26,55,-30,56,-24,57,-21,59,-20,62,-22,63,-17,63,-16,61,-14,62,-17,62,-11,63,-14,60,-11,63,-16,61,-10,63,-13,63,-14,61,-12,61,-14,62,-16,64,-15,60,-19,60,-17,62,-17,62,-17,61,-18,64,-18,59,-15,68,-20,64,-18,61,-15,64,-21,66,-19,61,-18,67,-18,64,-19,66,-20,0,0]"
CSI_DATA,273,2a:00:00:00:00:00,-44,11,1,0,1,1,1,0,0,0,1,-97,0,11,2,3926127,0,44,0,384,0,"[0,0,0,0,0,0,0,0,0,0,0,0,10,2,10,2,10,2,10,2,10,1,9,1,10,1,9,1,10,1,9,1,10,0,9,0,9,0,9,0,9,0,9,0,9,-1,9,0,9,0,9,0,9,0,9,0,9,0,9,0,8,0,9,0,0,0,8,1,8,0,8,0,8,0,7,1,7,1,7,1,6,1,6,1,7,1,6,1,6,1,5,1,5,1,5,1,5,1,5,1,5,1,4,1,4,1,4,1,3,1,4,1,3,1,3,1,3,1,0,0,0,0,0,0,0,0,0,0,0,0,0,0,63,11,64,17,62,14,64,12,63,14,59,13,55,7,60,11,54,9,59,4,58,7,60,3,58,6,54,4,54,2,57,1,56,-2,53,1,53,1,52,-5,59,-5,53,-3,55,-4,55,1,52,1,53,0,55,-4,50,-3,50,-1,54,1,51,-2,49,-2,46,4,43,-2,46,0,42,5,40,0,42,5,40,2,39,6,39,8,37,3,34,3,28,4,33,6,35,3,31,7,31,6,29,8,30,6,26,6,27,8,23,7,22,9,22,9,22,9,17,11,0,0,0,0,0,0,0,0,0,0,0,0,0,0,0,0,0,0,0,0,0,0,6,10,6,9,7,9,7,12,11,16,11,17,13,19,14,18,15,24,16,25,16,30,12,34,17,37,15,39,13,45,13,49,12,53,8,53,8,54,0,57,2,59,0,62,-3,66,-7,64,-12,64,-12,64,-11,63,-14,65,-16,64,-20,67,-18,63,-19,64,-20,60,-20,63,-20,60,-21,64,-18,63,-18,64,-18,60,-17,60,-17,62,-14,65,-17,62,-17,65,-16,64,-12,67,-19,64,-14,67,-13,68,-18,64,-14,63,-13,69,-14,68,-10,65,-13,66,-12,69,-12,67,0,0]"
CSI_DATA,274,2a:00:00:00:00:00,-44,11,1,0,1,1,1,0,0,0,1,-97,0,11,2,3937048,0,44,0,384,0,"[0,0,0,0,0,0,0,0,0,0,0,0,-9,6,-9,6,-9,6,-8,6,-8,6,-8,6,-8,6,-8,6,-8,6,-8,6,-7,6,-7,6,-7,6,-7,6,-7,6,-7,7,-7,6,-7,7,-7,6,-7,6,-7,6,-7,6,-8,6,-7,5,-7,5,-7,5,0,0,-7,5,-7,5,-7,5,-7,4,-6,4,-6,4,-6,4,-7,3,-6,3,-6,3,-6,3,-6,3,-6,3,-5,2,-6,2,-5,2,-6,2,-5,1,-5,1,-5,1,-5,1,-4,1,-5,1,-4,1,-4,0,-4,0,0,0,0,0,0,0,0,0,0,0,0,0,0,0,-63,31,-56,28,-59,32,-56,29,-48,31,-54,27,-49,27,-54,34,-49,29,-49,31,-45,29,-45,28,-45,31,-42,28,-45,29,-43,30,-43,36,-40,30,-44,35,-43,33,-44,36,-42,34,-44,37,-41,36,-39,33,-40,33,-40,33,-40,30,-40,30,-41,30,-38,25,-44,30,-38,27,-41,31,-36,25,-42,26,-36,24,-36,24,-36,23,-35,25,-34,19,-31,16,-33,18,-30,15,-32,17,-30,14,-28,15,-27,14,-29,11,-29,13,-26,7,-24,8,-25,10,-25,7,-22,6,-22,4,-23,4,0,0,0,0,0,0,0,0,0,0,0,0,0,0,0,0,0,0,0,0,0,0,-10,-2,-13,-5,-13,-2,-19,-5,-17,-4,-15,-5,-23,0,-32,7,-23,-10,-29,-12,-32,-10,-39,-17,-40,-19,-39,-23,-40,-23,-43,-26,-44,-32,-37,-35,-42,-38,-44,-38,-40,-44,-41,-47,-36,-50,-35,-55,-38,-55,-34,-59,-31,-60,-29,-57,-29,-56,-29,-59,-26,-60,-29,-61,-28,-60,-29,-61,-27,-59,-28,-58,-26,-56,-25,-59,-27,-62,-26,-60,-29,-61,-27,-61,-34,-61,-30,-60,-27,-61,-38,-58,-32,-59,-31,-58,-36,-57,-30,-62,-32,-60,-31,-63,-30,-64,-33,-60,-30,-62,-34,-67,-32,-63,0,0]"
CSI_DATA,275,2a:00:00:00:00:00,-44,11,1,0,1,1,1,0,0,0,1,-97,0,11,2,3966154,0,44,0,384,0,"[0,0,0,0,0,0,0,0,0,0,0,0,10,-1,10,-1,10,-1,10,-1,10,-1,10,-1,9,-1,9,-2,9,-2,9,-2,9,-2,9,-2,9,-2,9,-2,9,-2,9,-2,9,-3,8,-3,9,-3,8,-3,9,-2,8,-2,9,-2,8,-2,8,-2,8,-2,0,0,8,-2,8,-1,8,-2,7,-1,7,-1,7,-1,7,-1,6,-1,7,-1,6,0,6,-1,6,0,5,0,5,-1,5,0,5,0,5,0,5,0,4,0,4,0,4,0,4,0,4,0,4,1,4,1,3,1,0,0,0,0,0,0,0,0,0,0,0,0,0,0,64,18,61,18,60,15,61,12,62,13,57,13,55,13,56,13,52,11,52,10,53,9,53,6,54,9,55,5,56,9,55,6,53,1,53,-1,54,4,55,2,56,1,53,3,51,0,52,4,52,2,51,4,53,3,47,3,48,1,52,4,49,2,50,5,43,4,45,5,46,7,41,4,40,3,38,6,40,4,39,7,39,7,38,7,33,5,33,6,34,7,30,6,32,8,28,9,27,10,24,9,23,9,25,8,23,9,21,9,19,13,18,12,19,13,0,0,0,0,0,0,0,0,0,0,0,0,0,0,0,0,0,0,0,0,0,0,7,10,6,11,10,9,8,9,12,14,13,15,15,17,16,21,17,23,16,27,17,29,16,33,18,36,14,39,16,42,16,44,13,50,9,53,7,56,4,58,4,57,3,60,0,60,-4,63,-9,64,-9,61,-13,64,-14,64,-17,65,-14,63,-18,62,-17,60,-18,63,-15,60,-16,63,-16,65,-18,63,-17,65,-16,64,-17,60,-17,63,-15,64,-15,65,-17,67,-17,62,-14,63,-17,62,-17,66,-15,60,-18,71,-16,66,-15,67,-19,66,-17,67,-16,66,-19,68,-20,68,0,0]"
CSI_DATA,276,2a:00:00:00:00:00,-44,11,1,0,1,1,1,0,0,0,1,-97,0,11,2,3980126,0,44,0,384,0,"[0,0,0,0,0,0,0,0,0,0,0,0,5,9,4,8,5,9,4,8,5,9,4,7,4,8,5,8,5,7,5,7,5,7,5,7,5,7,6,7,5,7,6,7,6,6,6,7,5,7,5,7,5,7,5,7,5,7,5,7,5,7,5,7,0,0,4,7,4,7,4,6,4,6,3,6,4,6,3,6,3,6,3,5,3,6,2,5,2,5,2,5,2,5,2,5,2,4,1,5,1,4,1,4,1,4,1,4,1,4,0,4,0,4,0,4,0,3,0,0,0,0,0,0,0,0,0,0,0,0,0,0,37,54,32,54,34,51,29,51,32,52,28,46,33,48,30,47,32,44,31,44,34,44,33,42,34,45,30,46,36,40,37,40,34,40,35,39,29,38,36,36,38,39,37,36,36,37,33,36,35,41,36,40,34,43,34,37,31,41,32,40,33,37,26,38,27,37,26,38,30,34,27,34,24,34,20,33,22,39,22,30,20,32,19,30,18,32,15,31,13,30,15,29,16,24,15,30,8,22,10,24,11,28,10,24,8,27,9,24,6,22,4,22,2,24,0,0,0,0,0,0,0,0,0,0,0,0,0,0,0,0,0,0,0,0,0,0,-4,9,-1,9,1,11,-2,14,0,17,-1,15,-3,17,-3,25,-1,25,-4,31,-9,30,-10,36,-12,37,-15,40,-17,41,-19,48,-19,45,-27,46,-27,51,-32,47,-38,43,-38,45,-43,46,-42,43,-49,40,-48,43,-49,39,-50,40,-51,37,-56,36,-57,37,-54,35,-53,31,-55,33,-57,35,-56,33,-58,33,-57,33,-54,33,-53,34,-54,32,-59,34,-56,37,-60,38,-53,32,-51,35,-53,31,-52,40,-58,38,-59,39,-56,32,-57,35,-55,33,-58,35,-61,37,-61,40,-61,33,0,0]"
CSI_DATA,277,2a:00:00:00:00:00,-44,11,1,0,1,1,1,0,0,0,1,-97,0,11,2,3996224,0,44,0,384,0,"[0,0,0,0,0,0,0,0,0,0,0,0,-6,8,-6,8,-6,8,-6,8,-5,8,-5,7,-5,8,-5,8,-5,7,-5,8,-5,8,-4,8,-4,8,-4,8,-4,8,-4,8,-4,8,-4,8,-4,8,-4,8,-4,7,-4,8,-5,8,-4,8,-4,7,-4,7,0,0,-5,7,-4,7,-4,7,-5,6,-5,6,-5,6,-4,6,-4,5,-4,5,-5,5,-4,5,-4,4,-4,4,-4,4,-4,4,-4,4,-4,4,-4,3,-4,3,-4,3,-4,2,-4,3,-4,2,-4,2,-4,2,-4,1,0,0,0,0,0,0,0,0,0,0,0,0,0,0,-37,57,-38,49,-33,52,-35,50,-34,50,-31,48,-29,47,-29,49,-28,44,-27,44,-23,44,-25,47,-24,47,-22,45,-23,45,-23,43,-22,49,-18,51,-17,50,-21,49,-21,51,-21,50,-16,49,-21,49,-17,48,-23,47,-20,45,-24,50,-22,45,-25,44,-25,43,-25,41,-20,45,-25,43,-21,38,-23,39,-22,39,-22,34,-24,37,-21,35,-22,28,-24,26,-22,32,-22,26,-22,25,-19,24,-22,22,-20,23,-20,20,-19,19,-19,20,-18,15,-22,19,-18,16,-16,13,-19,10,-21,14,0,0,0,0,0,0,0,0,0,0,0,0,0,0,0,0,0,0,0,0,0,0,-9,3,-10,5,-10,3,-16,6,-17,5,-17,7,-19,9,-21,11,-27,9,-26,9,-35,9,-35,7,-38,10,-42,6,-45,3,-44,-1,-53,-3,-54,-3,-53,-4,-59,-8,-56,-13,-60,-15,-57,-18,-59,-18,-56,-24,-58,-25,-59,-29,-59,-28,-58,-31,-57,-32,-54,-34,-59,-34,-55,-34,-54,-35,-55,-35,-60,-38,-55,-34,-53,-38,-52,-36,-54,-36,-53,-39,-52,-34,-54,-37,-56,-38,-55,-38,-59,-29,-57,-37,-56,-39,-57,-32,-55,-37,-56,-39,-58,-37,-53,-37,-54,-35,-58,-39,-58,-36,-56,-37,0,0]"
CSI_DATA,278,2a:00:00:00:00:00,-44,11,1,0,1,1,1,0,0,0,1,-97,0,11,2,4016510,0,44,0,384,0,"[0,0,0,0,0,0,0,0,0,0,0,0,-4,-10,-5,-10,-4,-10,-4,-10,-4,-10,-4,-9,-4,-9,-5,-9,-4,-9,-5,-8,-5,-8,-5,-9,-6,-9,-5,-9,-6,-9,-5,-9,-6,-9,-5,-8,-6,-9,-5,-9,-5,-9,-5,-9,-5,-8,-5,-8,-5,-9,-5,-8,0,0,-4,-8,-4,-8,-4,-8,-4,-8,-3,-8,-3,-8,-3,-8,-3,-7,-3,-7,-2,-7,-2,-7,-2,-7,-2,-7,-2,-6,-2,-6,-2,-6,-1,-6,-1,-6,-1,-6,-1,-5,-1,-5,0,-5,0,-5,0,-5,0,-5,0,-4,0,0,0,0,0,0,0,0,0,0,0,0,0,0,-10,-60,-10,-66,-6,-60,-15,-54,-14,-62,-10,-55,-12,-57,-12,-52,-13,-50,-15,-52,-16,-52,-17,-49,-13,-48,-21,-52,-17,-49,-19,-49,-19,-53,-22,-49,-21,-46,-23,-50,-23,-48,-21,-48,-23,-51,-20,-47,-20,-47,-21,-45,-24,-49,-18,-48,-16,-44,-18,-47,-18,-45,-16,-46,-13,-49,-16,-41,-15,-43,-9,-40,-13,-39,-10,-40,-16,-42,-8,-37,-8,-38,-10,-37,-7,-36,-6,-36,-4,-35,-5,-35,-5,-32,-3,-35,-2,-32,-3,-30,-3,-26,-2,-30,1,-25,0,-27,2,-22,3,-24,7,-20,0,0,0,0,0,0,0,0,0,0,0,0,0,0,0,0,0,0,0,0,0,0,4,-7,2,-7,3,-11,8,-14,4,-17,6,-14,8,-19,9,-22,10,-21,13,-24,17,-25,20,-30,21,-33,33,-32,29,-34,37,-32,37,-30,41,-33,44,-32,48,-30,47,-29,58,-31,54,-24,56,-26,58,-23,61,-21,59,-15,59,-17,62,-16,60,-14,61,-13,63,-13,63,-11,63,-11,62,-11,62,-11,62,-12,65,-9,60,-9,64,-11,64,-11,64,-12,62,-10,67,-12,63,-11,59,-14,64,-16,63,-16,62,-13,67,-17,64,-14,66,-11,64,-13,62,-11,67,-15,66,-13,65,-12,0,0]"
CSI_DATA,279,2a:00:00:00:00:00,-44,11,1,0,1,1,1,0,0,0,1,-97,0,11,2,4026374,0,44,0,384,0,"[0,0,0,0,0,0,0,0,0,0,0,0,-11,-3,-11,-3,-11,-2,-11,-3,-10,-2,-10,-2,-11,-2,-10,-1,-10,-1,-10,-1,-11,-1,-10,-1,-10,-1,-10,-1,-10,-1,-10,-1,-10,-1,-10,0,-10,0,-10,0,-10,-1,-10,-1,-10,-1,-10,-1,-10,-2,-10,-1,0,0,-9,-1,-9,-2,-9,-2,-9,-2,-8,-2,-8,-2,-8,-2,-8,-2,-8,-2,-8,-2,-7,-2,-7,-2,-6,-2,-6,-2,-6,-2,-6,-2,-6,-2,-6,-2,-5,-2,-5,-2,-5,-2,-5,-2,-5,-3,-4,-3,-4,-3,-4,-3,0,0,0,0,0,0,0,0,0,0,0,0,0,0,-63,-20,-59,-20,-67,-15,-62,-17,-59,-11,-59,-16,-59,-14,-55,-11,-56,-8,-57,-12,-59,-10,-57,-12,-52,-6,-54,-4,-55,-5,-57,2,-55,0,-55,-1,-55,0,-54,-2,-54,0,-56,-1,-54,4,-56,1,-55,-1,-52,-4,-54,2,-51,-1,-54,-2,-58,0,-49,0,-53,-2,-49,-2,-49,0,-49,-5,-46,-5,-42,-9,-44,-6,-44,-2,-43,-4,-41,-5,-41,-7,-37,-4,-36,-5,-32,-8,-34,-8,-34,-6,-33,-6,-33,-8,-28,-10,-28,-5,-27,-10,-26,-11,-25,-8,-24,-10,-23,-12,-19,-16,0,0,0,0,0,0,0,0,0,0,0,0,0,0,0,0,0,0,0,0,0,0,-4,-9,-6,-10,-6,-13,-6,-15,-7,-14,-9,-16,-12,-18,-13,-19,-13,-26,-12,-27,-15,-32,-15,-34,-12,-41,-12,-41,-10,-46,-7,-48,-3,-49,-3,-53,-3,-58,4,-57,2,-59,7,-64,12,-61,12,-65,11,-65,16,-66,21,-67,22,-67,19,-62,25,-66,23,-62,26,-63,25,-62,24,-62,27,-62,24,-62,25,-63,25,-63,23,-61,24,-68,26,-66,20,-64,23,-63,25,-66,21,-64,21,-64,24,-65,21,-66,25,-65,20,-66,23,-68,20,-66,21,-69,18,-66,19,-68,19,-68,19,-67,0,0]"
CSI_DATA,280,2a:00:00:00:00:00,-44,11,1,0,1,1,1,0,0,0,1,-97,0,11,2,4036239,0,44,0,384,0,"[0,0,0,0,0,0,0,0,0,0,0,0,-7,9,-6,9,-6,9,-6,8,-5,9,-6,8,-5,8,-5,9,-5,8,-5,9,-5,9,-5,9,-5,9,-4,8,-4,8,-4,9,-4,9,-4,9,-4,9,-4,9,-4,9,-4,9,-5,8,-4,8,-4,8,-5,8,0,0,-4,8,-4,8,-4,7,-5,7,-5,7,-5,7,-4,6,-4,6,-4,6,-4,5,-5,5,-4,5,-4,5,-4,5,-4,4,-4,4,-4,4,-4,4,-4,3,-4,3,-4,3,-4,3,-4,3,-4,2,-4,2,-4,2,0,0,0,0,0,0,0,0,0,0,0,0,0,0,-38,50,-42,51,-40,50,-38,51,-34,48,-31,49,-33,48,-31,48,-29,48,-30,45,-28,44,-27,46,-22,52,-24,47,-28,46,-28,43,-23,50,-28,49,-18,48,-23,48,-20,52,-25,48,-21,47,-19,51,-20,48,-21,51,-23,46,-21,48,-25,47,-23,44,-23,44,-23,41,-23,45,-24,43,-20,40,-23,39,-22,41,-20,38,-22,36,-20,35,-22,33,-24,29,-22,29,-22,28,-19,30,-20,27,-22,26,-21,28,-19,20,-17,21,-20,20,-20,22,-19,20,-18,15,-19,15,-17,16,-20,13,0,0,0,0,0,0,0,0,0,0,0,0,0,0,0,0,0,0,0,0,0,0,-13,-3,-12,-1,-13,2,-13,1,-14,5,-21,4,-19,4,-24,3,-28,5,-29,2,-34,0,-38,-2,-42,-4,-43,-6,-47,-7,-48,-8,-49,-16,-49,-15,-52,-18,-58,-16,-57,-22,-59,-24,-54,-29,-57,-36,-55,-37,-52,-37,-54,-40,-54,-38,-51,-44,-53,-47,-50,-41,-56,-43,-54,-43,-52,-43,-51,-45,-50,-43,-52,-42,-49,-45,-47,-43,-51,-44,-49,-43,-49,-44,-53,-47,-59,-42,-51,-45,-53,-42,-50,-43,-55,-39,-56,-41,-51,-42,-50,-43,-56,-46,-56,-41,-54,-40,-54,-48,-61,-42,-57,-47,0,0]"
CSI_DATA,281,2a:00:00:00:00:00,-44,11,1,0,1,1,1,0,0,0,1,-97,0,11,2,4046121,0,44,0,384,0,"[0,0,0,0,0,0,0,0,0,0,0,0,7,8,7,7,7,7,7,8,7,7,7,6,7,6,7,6,7,6,7,5,8,6,7,5,8,5,8,6,7,5,8,5,8,5,8,5,8,5,8,6,7,5,7,6,7,5,7,5,7,5,7,5,0,0,6,5,6,5,6,5,6,5,5,5,5,5,5,5,4,5,5,5,4,5,4,5,4,4,4,4,4,4,3,4,3,4,3,4,3,4,2,4,2,4,2,4,2,4,2,4,1,3,1,3,1,3,0,0,0,0,0,0,0,0,0,0,0,0,0,0,33,53,38,59,40,47,32,51,39,52,33,50,36,51,34,46,37,46,36,41,36,41,35,39,38,40,39,42,39,37,40,39,40,40,40,34,39,37,39,39,38,35,44,34,41,35,38,37,39,36,36,37,39,38,38,33,36,38,40,35,34,37,35,36,31,37,32,36,31,33,26,33,27,35,26,36,25,32,28,34,25,31,22,29,22,33,21,31,18,31,19,29,17,27,16,27,14,26,14,24,11,29,14,24,12,23,8,24,10,25,7,24,3,22,0,0,0,0,0,0,0,0,0,0,0,0,0,0,0,0,0,0,0,0,0,0,-1,11,-1,9,-1,11,2,16,0,17,-2,19,-1,20,-1,21,-8,29,-1,28,-6,34,-10,38,-7,37,-14,38,-17,43,-22,42,-27,45,-25,45,-28,45,-37,45,-32,47,-43,47,-41,42,-45,45,-44,43,-49,43,-52,39,-50,39,-54,38,-53,39,-52,38,-57,34,-56,34,-59,35,-57,34,-58,31,-57,38,-53,34,-56,34,-55,39,-55,34,-58,38,-56,35,-58,38,-54,38,-58,41,-57,39,-56,38,-57,37,-56,39,-54,35,-57,41,-58,39,-52,37,-56,38,-60,39,-55,38,0,0]"
CSI_DATA,282,2a:00:00:00:00:00,-44,11,1,0,1,1,1,0,0,0,1,-97,0,11,2,4056136,0,44,0,384,0,"[0,0,0,0,0,0,0,0,0,0,0,0,-9,-8,-9,-7,-9,-7,-9,-7,-9,-7,-9,-7,-9,-6,-9,-6,-9,-6,-9,-5,-9,-5,-9,-5,-9,-5,-9,-5,-9,-5,-10,-5,-10,-5,-9,-5,-10,-5,-9,-5,-9,-5,-9,-5,-9,-5,-9,-5,-9,-6,-9,-5,0,0,-8,-5,-7,-6,-8,-6,-8,-5,-7,-5,-7,-5,-7,-5,-6,-5,-7,-5,-6,-4,-6,-5,-5,-5,-6,-5,-5,-5,-5,-5,-5,-4,-5,-4,-4,-5,-4,-4,-4,-4,-4,-4,-3,-4,-3,-4,-3,-4,-3,-4,-2,-4,0,0,0,0,0,0,0,0,0,0,0,0,0,0,-31,-59,-30,-58,-27,-54,-29,-55,-35,-55,-30,-51,-26,-53,-28,-50,-33,-48,-30,-48,-31,-46,-36,-44,-37,-50,-31,-44,-32,-41,-39,-43,-40,-42,-37,-41,-37,-39,-38,-40,-42,-37,-39,-42,-37,-39,-36,-42,-33,-39,-37,-41,-34,-38,-36,-39,-32,-41,-34,-40,-30,-39,-35,-39,-28,-38,-30,-36,-31,-38,-26,-36,-31,-36,-24,-35,-24,-32,-23,-32,-24,-33,-22,-30,-18,-30,-17,-29,-18,-29,-18,-28,-20,-28,-18,-27,-14,-25,-10,-27,-15,-25,-12,-25,-12,-27,-12,-25,-11,-23,-8,-24,-5,-21,0,0,0,0,0,0,0,0,0,0,0,0,0,0,0,0,0,0,0,0,0,0,4,-6,2,-11,4,-12,1,-17,5,-13,5,-19,7,-18,5,-23,13,-25,9,-27,16,-30,19,-33,21,-35,24,-35,27,-37,31,-34,36,-35,38,-35,40,-37,46,-35,47,-36,51,-31,47,-37,55,-29,57,-28,57,-29,59,-26,60,-26,63,-28,60,-23,61,-26,58,-22,61,-25,58,-23,62,-21,65,-20,61,-21,61,-23,59,-20,60,-23,62,-22,59,-21,62,-25,62,-30,55,-24,62,-27,60,-25,60,-28,62,-31,57,-27,61,-27,61,-27,59,-30,58,-30,63,-27,65,-28,60,-36,0,0]"
CSI_DATA,283,2a:00:00:00:00:00,-44,11,1,0,1,1,1,0,0,0,1,-97,0,11,2,4067074,0,44,0,384,0,"[0,0,0,0,0,0,0,0,0,0,0,0,10,-5,10,-5,9,-4,9,-4,9,-5,9,-5,9,-5,8,-5,8,-5,8,-5,8,-5,8,-6,8,-6,8,-5,7,-5,8,-6,8,-6,8,-6,8,-6,7,-5,7,-5,8,-6,8,-5,7,-5,8,-5,7,-5,0,0,8,-5,7,-4,7,-4,7,-4,7,-4,7,-3,6,-4,6,-3,7,-3,6,-3,6,-3,6,-3,6,-3,5,-2,5,-2,5,-2,5,-2,5,-2,5,-1,4,-1,4,-1,4,-1,4,-1,4,-1,4,0,3,0,0,0,0,0,0,0,0,0,0,0,0,0,0,0,61,-17,64,-13,60,-16,61,-10,61,-19,55,-16,55,-16,52,-20,50,-19,52,-19,48,-21,54,-18,49,-23,50,-22,49,-23,52,-21,52,-22,48,-23,48,-31,47,-28,46,-28,45,-26,46,-28,46,-26,47,-22,46,-25,46,-25,47,-24,46,-21,46,-20,46,-19,47,-18,46,-21,45,-19,46,-17,39,-13,40,-15,37,-19,39,-16,40,-15,37,-10,40,-11,35,-9,32,-12,32,-6,34,-7,29,-6,31,-5,28,-4,30,-4,26,-6,26,-3,24,-5,26,-1,25,-3,23,0,21,-1,0,0,0,0,0,0,0,0,0,0,0,0,0,0,0,0,0,0,0,0,0,0,6,6,7,7,8,6,14,4,15,5,12,8,17,9,20,12,23,14,24,16,23,17,27,25,28,25,29,28,28,30,32,32,29,37,31,40,34,44,29,47,28,48,25,54,24,54,25,57,20,61,18,61,18,62,17,62,18,65,16,62,17,63,11,66,15,62,10,67,12,64,10,63,8,64,13,64,11,61,11,64,11,63,15,62,16,64,15,63,14,61,9,68,12,63,15,67,16,63,13,62,12,64,17,63,13,68,14,68,16,65,17,67,19,65,0,0]"
CSI_DATA,284,2a:00:00:00:00:00,-44,11,1,0,1,1,1,0,0,0,1,-97,0,11,2,4076120,0,44,0,384,0,"[0,0,0,0,0,0,0,0,0,0,0,0,-3,-11,-3,-11,-3,-11,-3,-11,-3,-11,-3,-10,-3,-10,-3,-10,-3,-10,-4,-10,-4,-10,-4,-9,-4,-10,-4,-10,-4,-10,-4,-9,-4,-9,-4,-10,-4,-10,-4,-10,-4,-10,-4,-10,-3,-9,-4,-10,-3,-10,-3,-9,0,0,-3,-9,-2,-9,-2,-9,-2,-9,-2,-8,-2,-8,-2,-8,-1,-8,-1,-8,-2,-7,-1,-7,-1,-7,-1,-6,-1,-7,-1,-6,-1,-6,-1,-6,0,-6,0,-5,0,-6,0,-5,0,-5,0,-5,0,-5,0,-5,1,-4,0,0,0,0,0,0,0,0,0,0,0,0,0,0,-12,-67,-7,-65,-5,-66,-12,-60,-7,-60,-8,-62,-8,-60,-9,-59,-10,-58,-11,-55,-12,-54,-15,-54,-18,-51,-16,-55,-17,-52,-20,-51,-18,-55,-22,-48,-20,-52,-21,-53,-20,-48,-23,-52,-20,-52,-20,-50,-21,-50,-18,-50,-19,-50,-16,-51,-16,-51,-16,-48,-17,-50,-18,-48,-14,-50,-17,-45,-16,-48,-10,-47,-10,-43,-6,-42,-12,-43,-11,-39,-9,-39,-9,-35,-7,-37,-7,-35,-5,-36,-4,-35,-4,-31,-6,-31,-4,-28,-5,-30,1,-31,0,-26,0,-27,1,-23,3,-25,3,-24,7,-23,0,0,0,0,0,0,0,0,0,0,0,0,0,0,0,0,0,0,0,0,0,0,5,-6,6,-8,8,-8,7,-11,7,-13,9,-15,12,-17,11,-18,13,-21,16,-24,22,-23,29,-25,29,-28,32,-27,32,-26,36,-27,40,-27,46,-24,45,-26,51,-24,49,-23,57,-19,54,-21,58,-16,58,-15,59,-17,63,-10,64,-10,65,-10,66,-7,65,-9,66,-5,66,-8,62,-4,63,-8,65,-5,63,-6,66,-7,64,-8,64,-6,61,-7,65,-9,65,-7,65,-13,63,-10,65,-7,64,-8,65,-10,67,-12,67,-10,63,-9,69,-10,67,-12,69,-8,70,-10,69,-9,67,-12,0,0]"
CSI_DATA,285,2a:00:00:00:00:00,-44,11,1,0,1,1,1,0,0,0,1,-97,0,11,2,4086116,0,44,0,384,0,"[0,0,0,0,0,0,0,0,0,0,0,0,0,11,0,10,0,11,0,10,0,10,0,10,0,10,0,9,1,9,1,10,1,10,1,9,2,9,2,9,1,9,2,10,2,9,2,9,2,9,2,9,1,9,2,9,1,9,2,9,1,9,1,9,0,0,1,9,1,9,1,8,1,8,0,8,0,8,0,7,0,7,0,7,0,7,0,6,0,6,0,6,-1,6,0,6,0,5,-1,5,-1,5,-1,5,-1,4,-1,4,-1,4,-1,4,-1,4,-2,3,-2,3,0,0,0,0,0,0,0,0,0,0,0,0,0,0,10,69,9,59,11,65,13,61,8,59,9,60,10,58,10,63,11,55,13,53,13,54,14,52,15,51,17,51,15,51,23,51,15,51,22,53,22,51,19,48,20,54,16,49,20,51,20,49,16,51,14,51,15,48,16,49,16,51,15,45,12,47,14,51,15,49,12,48,9,43,8,46,8,47,8,42,3,41,7,37,7,37,3,34,2,36,4,33,3,36,3,34,2,33,-1,32,-1,33,2,26,-4,26,-2,28,-1,29,-2,24,-1,25,-2,21,-7,22,0,0,0,0,0,0,0,0,0,0,0,0,0,0,0,0,0,0,0,0,0,0,-6,8,-9,10,-8,10,-10,12,-8,12,-10,17,-11,16,-12,18,-17,20,-18,20,-19,23,-23,25,-26,27,-32,25,-31,25,-35,25,-41,29,-43,27,-44,28,-46,30,-54,25,-55,23,-54,18,-58,19,-59,14,-61,18,-62,14,-61,9,-62,10,-65,8,-61,11,-67,7,-66,8,-62,5,-67,5,-64,9,-60,7,-62,5,-62,6,-64,8,-69,7,-62,11,-68,9,-64,9,-66,8,-62,9,-64,10,-67,11,-70,11,-66,12,-67,9,-67,14,-69,7,-60,11,-70,10,-73,7,-71,8,0,0]"
CSI_DATA,286,2a:00:00:00:00:00,-44,11,1,0,1,1,1,0,0,0,1,-97,0,11,2,4096440,0,44,0,384,0,"[0,0,0,0,0,0,0,0,0,0,0,0,11,-2,10,-2,10,-2,10,-2,10,-2,10,-2,9,-2,9,-3,9,-3,9,-3,9,-3,9,-3,9,-3,9,-4,9,-3,9,-4,9,-4,9,-4,9,-4,9,-4,9,-3,9,-4,9,-3,9,-4,8,-3,8,-3,0,0,8,-3,8,-3,7,-2,8,-3,7,-2,7,-2,7,-2,7,-2,7,-2,7,-1,6,-1,6,-1,6,-2,5,-2,6,-1,5,-1,5,-1,5,-1,5,-1,5,-1,5,0,4,0,4,0,4,0,4,0,3,0,0,0,0,0,0,0,0,0,0,0,0,0,0,0,69,-2,68,1,62,-2,62,-1,67,-1,68,-1,62,-2,64,-5,62,-7,58,-6,56,-8,59,-9,61,-7,58,-10,57,-10,60,-13,58,-13,56,-13,56,-16,58,-13,61,-13,55,-15,51,-18,52,-14,54,-13,58,-10,54,-13,53,-10,50,-11,53,-10,53,-8,51,-9,50,-8,47,-7,53,-5,48,-5,43,-6,46,-4,44,-6,46,-1,42,-2,41,0,39,-3,37,1,35,-1,35,1,31,4,32,4,29,1,27,0,29,4,26,8,30,6,25,7,21,7,24,6,25,5,0,0,0,0,0,0,0,0,0,0,0,0,0,0,0,0,0,0,0,0,0,0,2,8,7,11,11,9,9,8,11,12,10,14,11,16,15,19,17,17,16,20,20,23,21,26,21,31,23,36,20,37,19,43,22,46,18,48,16,48,16,52,14,54,12,61,13,61,10,59,4,65,4,66,0,66,1,63,1,67,0,65,-6,62,-5,62,-6,67,-7,62,-9,64,-5,69,-3,63,-2,64,0,64,-4,68,-2,68,-2,66,-4,67,-2,65,-1,64,-2,70,-1,69,1,66,3,69,-1,66,-1,68,2,71,-2,72,-2,72,-1,72,1,73,2,65,0,0]"
CSI_DATA,287,2a:00:00:00:00:00,-44,11,1,0,1,1,1,0,0,0,1,-97,0,11,2,4126218,0,44,0,384,0,"[0,0,0,0,0,0,0,0,0,0,0,0,9,5,9,4,9,5,9,4,9,4,9,3,9,4,9,3,9,3,9,3,9,3,9,3,9,3,9,3,9,3,10,2,9,2,9,2,9,2,9,2,9,3,9,3,9,3,9,2,9,3,8,3,0,0,8,2,8,3,8,2,8,2,7,3,7,3,7,3,6,3,6,3,6,3,6,3,5,3,5,3,5,3,5,3,4,2,5,2,4,2,4,2,4,2,3,2,3,2,3,2,3,2,2,2,2,2,0,0,0,0,0,0,0,0,0,0,0,0,0,0,56,35,54,27,57,30,51,29,55,30,54,28,50,25,55,23,54,27,54,21,55,20,54,22,56,16,50,17,51,19,50,18,59,19,57,17,54,17,50,15,60,11,54,15,53,9,54,16,53,16,53,13,51,14,53,13,50,19,53,13,49,17,50,16,47,16,47,17,45,14,47,19,44,17,40,18,41,18,39,18,34,17,35,18,31,16,35,16,31,15,30,18,26,16,28,12,23,19,26,20,23,15,24,17,21,15,18,13,18,17,17,16,14,17,0,0,0,0,0,0,0,0,0,0,0,0,0,0,0,0,0,0,0,0,0,0,-1,9,1,10,1,10,1,11,3,14,4,16,4,18,4,20,5,22,6,27,1,33,6,36,6,36,-1,36,1,42,-3,42,-5,46,-4,48,-5,49,-13,51,-19,55,-15,55,-21,51,-24,50,-27,53,-26,59,-28,56,-30,54,-31,51,-34,54,-30,49,-35,52,-37,52,-35,54,-34,56,-34,53,-33,54,-35,53,-35,49,-33,56,-33,52,-31,54,-33,56,-32,53,-32,58,-30,62,-31,57,-26,59,-29,57,-29,56,-31,59,-34,56,-31,64,-31,61,-33,64,-35,62,-32,60,0,0]"
CSI_DATA,288,2a:00:00:00:00:00,-44,11,1,0,1,1,1,0,0,0,1,-97,0,11,2,4136246,0,44,0,384,0,"[0,0,0,0,0,0,0,0,0,0,0,0,-12,-3,-12,-3,-11,-3,-12,-3,-11,-2,-11,-2,-11,-2,-11,-2,-11,-2,-10,-2,-11,-2,-11,-2,-11,-1,-11,-2,-11,-2,-11,-1,-11,-1,-10,-1,-11,-1,-11,-1,-11,-1,-11,-1,-10,-1,-10,-1,-10,-2,-10,-2,0,0,-10,-2,-9,-2,-10,-2,-9,-2,-9,-2,-9,-2,-8,-2,-8,-2,-8,-3,-8,-3,-8,-3,-7,-3,-7,-3,-7,-3,-6,-3,-6,-3,-6,-3,-6,-3,-5,-3,-5,-3,-5,-3,-5,-3,-4,-3,-4,-3,-4,-3,-4,-3,0,0,0,0,0,0,0,0,0,0,0,0,0,0,-64,-9,-65,-11,-68,-10,-65,-9,-69,-10,-58,-12,-61,-7,-61,-10,-61,-5,-55,-5,-63,-3,-61,-4,-57,1,-57,-1,-56,-3,-57,3,-61,0,-64,-2,-57,2,-60,6,-59,6,-62,1,-57,1,-56,3,-56,3,-55,1,-57,-4,-53,-2,-52,-1,-57,1,-53,-6,-52,-9,-53,-4,-46,-5,-53,-3,-47,-7,-45,-7,-42,-7,-44,-4,-43,-8,-43,-6,-39,-11,-35,-10,-33,-9,-34,-5,-36,-8,-34,-10,-31,-12,-32,-8,-31,-7,-28,-12,-30,-10,-24,-7,-24,-10,-20,-10,-22,-11,-18,-13,0,0,0,0,0,0,0,0,0,0,0,0,0,0,0,0,0,0,0,0,0,0,-4,-7,-5,-10,-6,-7,-6,-9,-10,-11,-10,-13,-12,-18,-16,-17,-15,-17,-14,-26,-15,-27,-16,-30,-15,-31,-13,-38,-14,-39,-16,-42,-14,-45,-11,-50,-12,-53,-10,-57,-8,-59,-5,-58,-2,-67,0,-64,3,-60,7,-68,9,-65,9,-62,7,-61,12,-62,10,-66,13,-61,12,-64,11,-66,12,-65,12,-60,8,-68,13,-63,12,-62,9,-61,13,-62,6,-64,11,-65,12,-66,8,-63,10,-72,11,-65,8,-68,9,-69,6,-68,11,-65,11,-71,14,-67,8,-72,10,-72,6,-70,9,-71,0,0]"
CSI_DATA,289,2a:00:00:00:00:00,-44,11,1,0,1,1,1,0,0,0,1,-97,0,11,2,4156123,0,44,0,384,0,"[0,0,0,0,0,0,0,0,0,0,0,0,6,-9,7,-9,6,-8,6,-9,5,-8,6,-9,6,-8,6,-8,5,-8,5,-9,4,-9,5,-9,4,-9,4,-9,4,-9,5,-9,5,-9,4,-9,4,-9,4,-9,5,-8,4,-9,5,-9,4,-9,4,-8,5,-9,0,0,4,-8,4,-7,4,-8,4,-7,4,-7,4,-7,4,-6,4,-6,5,-6,4,-6,4,-6,4,-5,4,-5,4,-5,4,-4,4,-4,3,-4,4,-4,4,-4,4,-3,3,-3,3,-3,3,-3,3,-3,3,-3,3,-2,0,0,0,0,0,0,0,0,0,0,0,0,0,0,53,-42,53,-38,54,-37,50,-41,53,-40,52,-39,48,-39,50,-37,40,-36,43,-38,41,-41,41,-41,42,-40,37,-42,39,-38,41,-40,41,-44,36,-44,39,-44,38,-40,39,-39,39,-43,30,-46,38,-43,36,-42,39,-44,36,-40,37,-39,36,-39,36,-38,39,-34,39,-37,37,-37,35,-37,33,-28,34,-35,35,-29,36,-30,34,-30,34,-30,32,-23,32,-22,32,-23,31,-18,32,-22,26,-18,28,-18,28,-17,23,-11,22,-12,23,-13,24,-14,23,-11,22,-8,21,-9,20,-6,19,-9,0,0,0,0,0,0,0,0,0,0,0,0,0,0,0,0,0,0,0,0,0,0,5,2,10,-1,8,0,10,0,14,3,16,1,17,-1,20,2,24,4,26,6,26,3,30,5,37,9,37,13,38,18,38,19,41,26,40,25,42,28,42,33,44,33,42,40,41,41,44,41,40,43,43,49,36,49,37,52,35,49,38,51,36,52,39,55,35,51,32,50,33,53,37,54,34,53,34,53,34,53,38,54,38,55,37,55,37,54,43,53,39,52,42,50,40,52,38,58,45,50,43,55,42,50,39,57,45,58,40,56,41,56,42,61,44,52,0,0]"
CSI_DATA,290,2a:00:00:00:00:00,-43,11,1,0,1,1,1,0,0,0,1,-97,0,11,2,4178287,0,44,0,384,0,"[0,0,0,0,0,0,0,0,0,0,0,0,6,-10,5,-10,5,-10,5,-9,5,-9,5,-10,5,-9,4,-9,4,-9,4,-9,4,-10,4,-9,3,-10,3,-10,3,-10,4,-9,4,-10,3,-10,3,-10,3,-10,3,-9,3,-9,3,-9,3,-10,3,-9,4,-9,0,0,4,-8,4,-8,4,-8,4,-8,4,-7,4,-7,4,-7,4,-7,4,-6,3,-6,4,-6,3,-5,3,-5,3,-6,3,-5,3,-5,3,-5,3,-4,3,-4,3,-4,3,-4,3,-3,3,-3,3,-3,3,-3,3,-3,0,0,0,0,0,0,0,0,0,0,0,0,0,0,41,-55,38,-55,39,-51,41,-48,34,-54,36,-52,39,-53,34,-53,34,-53,32,-47,31,-47,27,-52,30,-49,26,-48,25,-52,26,-51,23,-54,25,-56,23,-50,19,-51,24,-55,23,-53,24,-52,24,-52,23,-49,23,-54,25,-48,25,-49,23,-49,25,-47,26,-47,25,-48,28,-44,25,-45,24,-41,26,-39,25,-41,24,-39,28,-37,23,-33,24,-31,22,-29,22,-31,20,-30,21,-27,23,-31,21,-22,21,-26,20,-23,20,-21,20,-21,18,-21,20,-18,20,-14,17,-14,20,-16,17,-13,0,0,0,0,0,0,0,0,0,0,0,0,0,0,0,0,0,0,0,0,0,0,8,-1,9,0,12,-3,15,-3,15,-5,19,-1,17,-5,22,-5,25,-3,27,-1,29,-5,36,-3,35,0,41,2,43,3,45,9,47,13,47,10,49,16,51,18,53,19,54,23,52,30,55,30,51,30,55,30,51,37,52,38,50,38,47,42,48,40,47,43,48,39,49,42,50,44,45,42,47,44,46,39,48,41,49,40,54,39,50,42,50,43,55,39,50,37,50,36,52,41,53,39,53,39,55,38,57,38,58,39,55,43,55,42,58,42,61,42,58,39,0,0]"
CSI_DATA,291,2a:00:00:00:00:00,-44,11,1,0,1,1,1,0,0,0,1,-97,0,11,2,4188900,0,44,0,384,0,"[0,0,0,0,0,0,0,0,0,0,0,0,9,-7,9,-7,8,-7,8,-7,8,-7,8,-7,8,-7,8,-7,7,-7,7,-7,7,-7,7,-7,7,-7,7,-7,7,-8,7,-8,7,-8,7,-8,7,-8,7,-8,7,-7,6,-7,7,-7,7,-7,7,-7,7,-7,0,0,7,-6,7,-6,6,-6,6,-6,6,-6,6,-6,6,-5,6,-5,6,-5,5,-4,6,-4,5,-4,5,-4,5,-4,5,-4,5,-3,5,-3,4,-3,4,-3,4,-2,4,-2,4,-2,4,-2,3,-2,4,-1,3,-1,0,0,0,0,0,0,0,0,0,0,0,0,0,0,61,-28,62,-32,55,-26,60,-28,58,-29,53,-24,56,-28,53,-29,55,-28,53,-26,51,-29,50,-26,50,-30,46,-34,47,-30,47,-33,48,-34,47,-33,46,-32,49,-36,46,-36,43,-31,43,-36,45,-36,44,-32,43,-33,48,-33,46,-33,44,-31,44,-30,42,-28,42,-28,42,-31,41,-29,44,-27,38,-22,38,-25,39,-26,36,-20,36,-19,35,-20,36,-15,34,-18,35,-17,30,-14,33,-14,29,-9,32,-16,27,-13,28,-9,28,-10,27,-5,25,-9,26,-7,23,-5,22,-4,19,-4,0,0,0,0,0,0,0,0,0,0,0,0,0,0,0,0,0,0,0,0,0,0,8,6,9,4,10,1,12,2,14,7,13,7,17,6,21,11,23,13,27,14,25,16,28,20,30,20,31,26,31,28,32,34,31,30,30,40,31,39,32,44,31,44,34,50,31,53,26,54,24,57,24,58,19,58,23,57,20,58,17,61,20,61,19,59,20,58,18,61,23,62,18,61,19,62,20,62,21,57,20,59,19,59,24,61,20,60,23,60,21,61,27,62,27,61,28,65,28,65,26,69,26,63,26,63,23,62,26,68,26,64,27,64,27,67,0,0]"
CSI_DATA,292,2a:00:00:00:00:00,-43,11,1,0,1,1,1,0,0,0,1,-97,0,11,2,4199491,0,44,0,384,0,"[0,0,0,0,0,0,0,0,0,0,0,0,14,-1,11,1,12,-6,12,-4,11,-1,8,-3,8,-7,11,-4,9,-3,9,-5,8,-7,9,-7,8,-6,6,-6,10,-6,9,-8,6,-6,7,-9,10,-6,8,-4,3,-7,8,-10,12,-9,6,-6,5,-10,7,-10,0,0,4,-8,6,-9,6,-8,3,-8,3,-7,5,-8,5,-6,4,-4,3,-8,5,-7,3,-6,3,-8,3,-7,3,-6,2,-6,2,-6,2,-6,2,-5,2,-5,2,-5,2,-5,2,-5,2,-4,1,-3,1,-5,2,-4,0,0,0,0,0,0,0,0,0,0,0,0,0,0,62,14,61,17,66,16,59,16,51,18,73,45,54,-20,64,12,31,7,72,19,33,17,56,11,47,4,43,5,57,9,50,9,48,12,53,16,53,-9,66,2,54,-10,58,15,80,-1,59,-11,19,12,57,30,64,-2,43,-10,61,20,32,7,48,8,49,21,48,10,39,3,34,26,52,14,44,11,41,3,28,-2,19,20,39,20,27,8,40,10,38,11,33,21,27,17,24,22,23,15,22,17,24,21,23,14,17,17,18,19,14,21,19,18,22,20,4,21,0,0,0,0,0,0,0,0,0,0,0,0,0,0,0,0,0,0,0,0,0,0,5,7,7,8,7,7,9,9,11,8,13,11,17,13,13,13,17,13,20,18,20,24,21,24,25,28,22,33,23,38,20,37,20,42,20,41,21,46,16,49,15,50,10,57,12,52,7,56,2,58,1,59,-1,61,-1,64,-4,56,-8,64,-4,59,-7,61,-7,62,-8,59,-6,59,-7,59,-6,58,-9,60,-9,62,-12,62,-9,61,-6,58,-11,64,-10,59,-7,64,-7,66,-8,65,-8,61,-7,66,-13,61,-11,64,-13,66,-14,73,-9,63,-12,66,-17,69,-13,65,0,0]"
CSI_DATA,293,2a:00:00:00:00:00,-43,11,1,0,1,1,1,0,0,0,1,-97,0,11,2,4216225,0,44,0,384,0,"[0,0,0,0,0,0,0,0,0,0,0,0,0,-11,-1,-12,-1,-11,0,-11,-1,-11,-1,-11,-1,-10,-1,-10,-1,-10,-2,-10,-1,-10,-1,-10,-2,-10,-2,-10,-2,-10,-2,-10,-2,-10,-2,-10,-3,-10,-2,-10,-2,-10,-2,-10,-2,-9,-2,-10,-1,-10,-1,-10,0,0,-1,-9,-1,-9,-1,-9,-1,-9,-1,-9,-1,-8,-1,-8,-1,-8,0,-8,0,-7,0,-7,0,-7,0,-7,0,-7,0,-6,0,-6,0,-6,0,-5,1,-5,0,-5,1,-5,1,-5,1,-5,1,-4,1,-4,1,-4,0,0,0,0,0,0,0,0,0,0,0,0,0,0,7,-71,9,-70,10,-69,9,-63,5,-62,8,-64,3,-64,8,-58,4,-59,3,-54,3,-56,3,-59,0,-56,0,-54,-3,-55,-2,-56,-6,-59,-9,-58,-3,-56,-5,-54,-5,-56,-5,-53,-6,-54,-3,-52,0,-52,2,-54,-4,-53,-8,-55,-4,-54,-5,-53,-3,-53,1,-52,1,-50,0,-50,2,-46,5,-44,4,-47,4,-45,3,-44,3,-36,2,-42,5,-36,4,-35,4,-39,9,-36,7,-32,5,-33,5,-30,8,-28,9,-29,11,-25,9,-25,9,-26,10,-26,9,-23,10,-22,11,-19,0,0,0,0,0,0,0,0,0,0,0,0,0,0,0,0,0,0,0,0,0,0,8,-5,6,-6,6,-5,7,-10,11,-10,12,-14,14,-10,18,-15,19,-14,22,-16,26,-19,28,-21,28,-21,35,-21,38,-14,42,-19,44,-16,45,-13,52,-15,51,-11,56,-8,56,-8,57,-4,60,-6,61,-1,60,-1,62,1,62,6,60,7,63,6,61,4,63,8,63,9,61,8,63,13,62,11,57,11,60,5,62,6,66,8,65,10,59,9,63,1,67,2,64,6,62,3,66,7,68,6,67,6,68,8,66,2,69,1,71,4,68,6,72,3,72,8,69,11,0,0]"
CSI_DATA,294,2a:00:00:00:00:00,-44,11,1,0,1,1,1,0,0,0,1,-97,0,11,2,4226131,0,44,0,384,0,"[0,0,0,0,0,0,0,0,0,0,0,0,-12,2,-11,2,-11,2,-11,2,-11,2,-11,2,-10,3,-10,3,-10,3,-10,2,-10,3,-10,3,-10,3,-10,3,-9,3,-10,3,-10,3,-10,3,-9,3,-10,3,-9,3,-9,3,-10,3,-9,3,-9,2,-9,2,0,0,-9,2,-9,2,-8,1,-9,1,-8,1,-8,1,-8,1,-8,1,-8,0,-7,0,-7,0,-7,0,-7,0,-6,0,-6,0,-6,-1,-6,0,-6,-1,-5,-1,-5,-1,-5,-1,-5,-1,-5,-1,-5,-2,-4,-2,-4,-2,0,0,0,0,0,0,0,0,0,0,0,0,0,0,-67,20,-69,22,-63,24,-65,25,-61,23,-60,20,-58,27,-57,24,-52,20,-55,24,-53,28,-54,26,-53,27,-52,25,-54,23,-54,26,-47,30,-50,27,-49,29,-49,30,-48,32,-50,28,-46,29,-45,29,-48,30,-46,27,-51,27,-48,25,-49,21,-49,25,-49,23,-47,24,-45,23,-42,22,-46,20,-38,18,-42,19,-42,21,-40,16,-41,13,-38,12,-40,13,-37,10,-39,9,-36,10,-33,8,-32,5,-33,9,-31,5,-31,5,-28,3,-32,4,-27,5,-25,2,-26,1,-23,0,-22,-1,0,0,0,0,0,0,0,0,0,0,0,0,0,0,0,0,0,0,0,0,0,0,-5,-4,-12,-4,-12,-5,-13,-6,-15,-4,-18,-8,-19,-9,-23,-8,-21,-12,-24,-14,-27,-16,-30,-20,-32,-22,-32,-25,-34,-28,-33,-29,-40,-32,-37,-36,-36,-41,-37,-42,-33,-49,-34,-48,-31,-56,-28,-55,-29,-57,-28,-61,-25,-62,-26,-63,-23,-57,-23,-63,-22,-57,-23,-61,-21,-65,-23,-61,-21,-63,-20,-65,-18,-63,-20,-63,-21,-64,-17,-64,-19,-61,-24,-60,-29,-62,-24,-62,-25,-63,-28,-59,-28,-64,-26,-65,-29,-61,-25,-64,-23,-63,-26,-69,-28,-64,-25,-72,-28,-72,-25,-74,-29,-67,0,0]"
CSI_DATA,295,2a:00:00:00:00:00,-44,11,1,0,1,1,1,0,0,0,1,-97,0,11,2,4236127,0,44,0,384,0,"[0,0,0,0,0,0,0,0,0,0,0,0,11,0,11,0,11,0,11,0,10,0,10,0,10,-1,10,-1,10,-1,9,-1,10,-1,10,-1,9,-1,9,-1,10,-1,10,-2,10,-2,9,-1,10,-1,9,-1,9,-1,9,-1,10,-1,9,-1,9,0,9,-1,0,0,9,0,8,0,8,0,8,0,8,0,7,0,7,0,7,0,7,1,7,0,6,1,6,1,5,1,5,1,5,1,5,1,5,1,5,1,5,1,4,1,4,1,4,1,4,1,3,1,3,2,3,2,0,0,0,0,0,0,0,0,0,0,0,0,0,0,69,6,69,5,68,-1,67,5,65,5,61,2,62,4,59,2,56,2,58,1,59,0,56,-3,56,-5,51,-4,54,-6,56,-2,54,-5,53,-6,56,-7,58,-6,56,-9,56,-5,50,-6,54,-6,52,-5,53,-6,57,-5,52,-6,52,3,52,-4,50,-4,54,-2,47,-2,49,-1,49,0,48,2,43,-2,40,1,43,3,39,2,40,4,37,4,35,3,36,5,31,6,34,2,37,6,30,6,28,7,29,6,25,8,23,8,26,9,20,8,21,7,18,9,18,13,0,0,0,0,0,0,0,0,0,0,0,0,0,0,0,0,0,0,0,0,0,0,4,7,7,7,6,9,11,9,13,9,12,8,16,15,17,16,20,17,21,19,19,23,20,24,22,31,23,35,21,37,21,40,19,43,19,46,16,48,18,50,17,54,14,56,14,60,3,57,4,61,4,65,2,63,1,63,2,61,-2,67,-1,62,-4,64,-5,62,0,66,-4,63,-2,64,-7,60,-3,64,-3,65,-3,62,-1,64,-2,66,-3,65,-2,66,-2,66,2,63,-1,67,-3,71,0,69,-2,67,-3,69,-3,70,-1,73,-1,73,-1,72,0,69,-1,69,0,0]"
CSI_DATA,296,2a:00:00:00:00:00,-44,11,1,0,1,1,1,0,0,0,1,-97,0,11,2,4246212,0,44,0,384,0,"[0,0,0,0,0,0,0,0,0,0,0,0,-5,10,-4,10,-4,10,-4,10,-4,9,-4,9,-4,9,-3,9,-3,9,-3,9,-3,9,-3,9,-2,9,-2,9,-2,9,-2,9,-2,9,-3,9,-2,9,-2,9,-3,8,-2,9,-3,8,-2,8,-2,9,-3,8,0,0,-3,8,-2,8,-3,8,-3,7,-3,7,-3,7,-3,7,-3,6,-3,6,-3,6,-3,5,-3,5,-3,5,-2,5,-3,4,-3,4,-3,4,-3,4,-3,4,-3,3,-3,3,-3,3,-3,3,-3,3,-3,2,-3,2,0,0,0,0,0,0,0,0,0,0,0,0,0,0,-31,62,-29,59,-29,61,-31,58,-29,57,-27,55,-22,54,-25,56,-23,53,-22,54,-18,55,-23,52,-21,52,-17,52,-22,51,-16,56,-16,55,-13,52,-16,56,-16,50,-15,54,-13,52,-10,56,-12,52,-11,53,-12,49,-16,46,-15,53,-14,46,-16,48,-15,48,-17,46,-15,45,-14,49,-15,41,-15,42,-15,38,-13,40,-16,37,-18,34,-14,32,-15,31,-16,33,-14,32,-14,33,-17,29,-16,30,-14,24,-15,26,-12,25,-16,21,-17,19,-13,25,-14,19,-14,16,-15,17,-14,12,0,0,0,0,0,0,0,0,0,0,0,0,0,0,0,0,0,0,0,0,0,0,-10,3,-12,4,-12,2,-16,6,-13,4,-17,5,-19,7,-19,9,-24,9,-26,6,-32,8,-32,10,-37,6,-45,5,-46,5,-44,0,-51,-2,-48,-4,-53,-4,-57,-9,-56,-10,-57,-16,-54,-16,-60,-18,-60,-22,-62,-22,-56,-27,-57,-28,-59,-25,-59,-33,-54,-30,-61,-31,-54,-30,-57,-31,-58,-29,-55,-32,-54,-31,-59,-32,-56,-28,-59,-27,-60,-30,-58,-26,-61,-31,-59,-29,-60,-32,-67,-24,-62,-32,-61,-24,-64,-25,-61,-30,-65,-30,-66,-32,-70,-35,-62,-30,-65,-30,-71,-31,-68,-33,0,0]"
CSI_DATA,297,2a:00:00:00:00:00,-44,11,1,0,1,1,1,0,0,0,1,-97,0,11,2,4256205,0,44,0,384,0,"[0,0,0,0,0,0,0,0,0,0,0,0,7,-10,7,-9,7,-9,7,-9,6,-9,6,-9,6,-9,6,-9,6,-9,5,-9,6,-9,6,-9,5,-9,5,-9,5,-9,5,-9,5,-9,5,-9,5,-10,5,-9,5,-9,5,-9,5,-8,5,-9,5,-8,5,-8,0,0,5,-8,5,-8,5,-7,5,-7,5,-7,5,-7,5,-6,5,-6,5,-6,5,-5,4,-5,4,-5,4,-5,4,-5,4,-4,4,-4,4,-4,4,-4,4,-3,3,-3,3,-3,3,-3,3,-3,3,-2,3,-2,3,-2,0,0,0,0,0,0,0,0,0,0,0,0,0,0,46,-53,49,-46,46,-51,45,-47,46,-46,45,-46,42,-46,38,-47,41,-46,38,-49,40,-44,32,-44,34,-45,33,-46,31,-46,33,-45,33,-50,32,-48,31,-46,31,-45,35,-48,32,-43,28,-48,30,-49,29,-43,31,-49,31,-44,28,-42,32,-43,34,-41,30,-40,34,-39,30,-40,31,-37,27,-32,33,-34,30,-32,29,-34,26,-32,27,-29,27,-28,27,-26,26,-22,25,-23,29,-21,28,-19,23,-21,23,-22,24,-17,22,-16,21,-16,22,-15,20,-13,23,-12,21,-13,20,-6,23,-10,0,0,0,0,0,0,0,0,0,0,0,0,0,0,0,0,0,0,0,0,0,0,10,1,10,-3,12,-1,15,-2,16,-2,18,-5,18,-3,22,-8,21,-4,25,-2,30,-1,34,1,37,1,42,4,42,1,44,9,48,13,48,10,52,14,51,15,52,21,52,25,48,25,54,29,51,32,51,35,51,35,53,44,52,40,50,41,45,38,47,43,48,42,47,38,49,42,41,40,34,47,48,46,47,49,46,44,49,46,51,37,51,44,55,40,47,42,53,42,54,45,55,44,55,40,48,42,51,42,55,44,51,50,50,48,50,49,56,56,52,45,0,0]"
CSI_DATA,298,2a:00:00:00:00:00,-43,11,1,0,1,1,1,0,0,0,1,-97,0,11,2,4266862,0,44,0,384,0,"[0,0,0,0,0,0,0,0,0,0,0,0,5,-10,5,-10,5,-10,5,-10,4,-10,4,-10,4,-10,4,-10,4,-9,4,-9,4,-10,4,-10,3,-10,3,-9,3,-10,3,-10,3,-10,3,-10,3,-10,3,-9,4,-9,3,-9,3,-9,3,-9,3,-9,4,-9,0,0,4,-9,4,-8,4,-8,4,-8,3,-7,3,-7,3,-7,4,-7,3,-6,3,-6,4,-6,4,-5,4,-5,4,-5,3,-5,3,-5,3,-5,3,-5,3,-4,3,-4,3,-4,3,-3,3,-3,3,-3,3,-2,3,-3,0,0,0,0,0,0,0,0,0,0,0,0,0,0,30,-60,32,-60,31,-61,29,-56,30,-60,28,-51,29,-59,26,-54,28,-57,24,-48,20,-52,26,-52,21,-56,22,-57,21,-50,19,-53,21,-54,17,-53,16,-51,16,-57,15,-51,18,-54,14,-55,16,-55,22,-55,16,-52,15,-51,19,-51,19,-50,21,-46,19,-48,19,-46,20,-49,14,-43,20,-45,17,-37,16,-42,16,-40,17,-38,16,-35,22,-35,18,-33,18,-35,15,-28,14,-32,16,-31,13,-26,18,-30,17,-24,15,-24,16,-22,15,-23,16,-22,18,-19,16,-16,17,-13,16,-14,0,0,0,0,0,0,0,0,0,0,0,0,0,0,0,0,0,0,0,0,0,0,10,-1,5,-3,10,-5,12,-8,16,-6,17,-7,17,-10,18,-9,23,-10,30,-10,30,-7,33,-8,34,-7,40,-8,40,-5,47,-3,46,-2,51,4,47,3,53,4,54,10,57,11,57,17,57,21,56,22,57,25,57,25,55,25,61,31,57,29,57,32,53,30,51,31,54,28,55,32,57,33,60,31,58,35,55,31,59,26,57,30,60,30,56,30,65,28,55,30,58,28,57,33,59,29,64,29,65,30,67,31,63,29,59,29,65,32,68,34,65,33,68,32,0,0]"
CSI_DATA,299,2a:00:00:00:00:00,-43,11,1,0,1,1,1,0,0,0,1,-97,0,11,2,4281947,0,44,0,384,0,"[0,0,0,0,0,0,0,0,0,0,0,0,-9,7,-9,7,-8,7,-9,7,-8,7,-8,7,-8,7,-7,7,-7,7,-7,7,-7,8,-7,8,-7,8,-7,7,-7,8,-6,8,-7,8,-7,8,-6,8,-6,8,-6,7,-7,7,-6,7,-6,7,-6,7,-7,7,0,0,-6,7,-6,6,-6,6,-6,6,-6,6,-6,6,-6,5,-6,5,-6,5,-5,4,-6,4,-5,4,-5,4,-5,4,-6,3,-5,3,-5,3,-5,3,-5,3,-4,2,-4,2,-5,2,-4,2,-5,2,-4,1,-4,1,0,0,0,0,0,0,0,0,0,0,0,0,0,0,-61,34,-62,32,-56,35,-56,31,-56,34,-53,30,-54,34,-52,32,-51,33,-51,31,-49,31,-46,31,-47,33,-43,35,-45,35,-46,37,-42,40,-41,41,-39,36,-45,38,-41,34,-44,37,-38,38,-39,35,-38,36,-40,33,-41,35,-38,36,-41,37,-41,33,-40,31,-39,27,-37,31,-37,32,-35,29,-36,28,-34,24,-36,25,-37,22,-32,18,-33,22,-33,21,-34,24,-31,18,-29,17,-30,16,-28,14,-28,17,-28,15,-27,15,-26,9,-24,10,-28,10,-24,8,-23,6,-26,5,-19,5,0,0,0,0,0,0,0,0,0,0,0,0,0,0,0,0,0,0,0,0,0,0,-11,-4,-8,-1,-13,-3,-11,-4,-17,-6,-20,-3,-19,-2,-23,-7,-27,-7,-28,-9,-33,-9,-32,-14,-34,-16,-36,-19,-41,-19,-41,-27,-41,-29,-45,-31,-40,-31,-42,-39,-40,-35,-45,-46,-43,-48,-42,-49,-40,-46,-41,-52,-34,-53,-35,-55,-37,-59,-34,-54,-35,-59,-36,-56,-36,-58,-34,-55,-32,-55,-32,-54,-32,-57,-32,-59,-34,-57,-31,-61,-32,-56,-33,-58,-31,-55,-40,-61,-33,-58,-39,-53,-39,-61,-38,-55,-40,-59,-39,-60,-41,-59,-40,-62,-40,-62,-35,-60,-38,-62,-36,-60,-41,-61,0,0]"
CSI_DATA,300,2a:00:00:00:00:00,-43,11,1,0,1,1,1,0,0,0,1,-97,0,11,2,4286733,0,44,0,384,0,"[0,0,0,0,0,0,0,0,0,0,0,0,5,10,5,9,5,10,5,10,5,9,5,8,5,9,5,8,5,8,5,8,6,8,6,8,6,8,6,7,6,7,6,8,6,7,6,7,6,7,6,7,5,7,6,7,6,7,6,7,5,7,5,7,0,0,5,7,4,7,4,7,4,6,4,6,4,6,3,6,3,6,3,6,3,6,3,5,3,5,2,5,2,5,2,5,2,5,2,5,2,5,1,4,1,4,1,4,1,4,1,4,0,4,0,4,0,3,0,0,0,0,0,0,0,0,0,0,0,0,0,0,24,64,24,62,24,62,22,60,26,59,27,57,23,54,22,60,24,48,30,51,26,49,29,49,32,45,30,48,30,45,30,47,29,49,29,44,32,47,28,45,37,44,29,40,35,45,33,42,29,40,28,44,32,38,30,43,31,42,28,42,28,40,30,41,25,43,26,41,23,37,25,40,21,36,24,36,20,36,25,33,20,31,17,36,15,31,16,32,15,29,15,30,16,31,13,28,12,30,13,25,13,28,8,28,7,25,4,27,4,22,4,23,2,24,0,0,0,0,0,0,0,0,0,0,0,0,0,0,0,0,0,0,0,0,0,0,-4,10,-4,12,-4,10,-7,12,-5,15,-8,17,-8,18,-9,22,-11,21,-15,24,-12,27,-20,31,-22,32,-28,33,-30,34,-33,28,-35,36,-35,34,-37,37,-41,33,-46,34,-49,31,-49,30,-56,30,-57,26,-54,29,-60,24,-62,25,-59,24,-65,22,-57,18,-65,21,-62,20,-62,24,-63,20,-63,24,-58,25,-62,20,-64,18,-62,23,-65,25,-59,20,-63,23,-65,25,-63,27,-64,25,-64,26,-63,34,-63,27,-64,25,-63,24,-65,25,-72,32,-62,29,-68,28,-68,29,-66,24,0,0]"
CSI_DATA,301,2a:00:00:00:00:00,-44,11,1,0,1,1,1,0,0,0,1,-97,0,11,2,4296135,0,44,0,384,0,"[0,0,0,0,0,0,0,0,0,0,0,0,10,5,10,5,10,5,9,5,9,5,9,4,9,4,9,4,10,4,9,4,9,3,9,3,9,3,9,3,9,3,9,3,9,3,9,3,9,2,9,3,9,3,9,3,9,3,8,3,8,3,8,3,0,0,8,3,8,3,7,3,7,3,6,3,7,3,6,3,6,3,6,3,6,3,6,3,5,3,5,3,5,3,5,3,4,3,4,3,4,2,4,3,4,3,3,3,3,3,3,3,3,2,2,3,2,3,0,0,0,0,0,0,0,0,0,0,0,0,0,0,56,42,50,40,52,36,51,39,51,32,55,33,51,34,53,31,45,29,49,30,52,28,49,28,49,24,49,25,48,23,49,24,52,22,47,18,46,22,49,19,53,20,51,20,47,20,50,18,45,22,45,25,46,21,48,19,45,22,47,18,45,19,42,20,44,21,38,21,40,20,41,20,33,19,35,22,36,23,33,23,32,20,31,18,30,19,25,20,26,18,28,19,26,20,23,15,21,20,18,19,19,20,18,19,16,19,14,17,16,18,14,16,14,14,0,0,0,0,0,0,0,0,0,0,0,0,0,0,0,0,0,0,0,0,0,0,0,9,0,9,1,11,4,11,1,14,3,16,6,22,9,23,9,25,8,28,6,32,5,32,3,37,3,38,-1,41,-1,43,-4,47,-6,48,-7,52,-12,50,-17,51,-16,56,-24,56,-25,55,-27,54,-28,56,-28,55,-32,59,-35,54,-32,54,-31,54,-32,52,-38,50,-35,53,-38,54,-37,51,-37,54,-33,51,-36,51,-34,54,-35,53,-34,53,-39,52,-34,60,-33,56,-37,55,-37,56,-36,60,-39,57,-34,57,-34,60,-32,58,-35,60,-40,59,-39,59,-41,61,-37,60,0,0]"
CSI_DATA,302,2a:00:00:00:00:00,-43,11,1,0,1,1,1,0,0,0,1,-97,0,11,2,4307404,0,44,0,384,0,"[0,0,0,0,0,0,0,0,0,0,0,0,-9,-8,-8,-8,-8,-8,-8,-8,-8,-8,-8,-7,-8,-7,-8,-7,-8,-7,-8,-7,-8,-6,-9,-6,-9,-6,-9,-6,-8,-6,-8,-6,-8,-6,-8,-6,-9,-6,-8,-6,-8,-6,-8,-6,-8,-6,-8,-6,-7,-6,-8,-6,0,0,-7,-6,-7,-6,-7,-6,-7,-6,-6,-6,-6,-6,-6,-6,-5,-5,-6,-5,-5,-5,-5,-5,-5,-5,-4,-5,-4,-5,-4,-5,-4,-5,-4,-5,-4,-5,-3,-4,-3,-4,-3,-4,-3,-4,-3,-4,-3,-4,-2,-4,-2,-4,0,0,0,0,0,0,0,0,0,0,0,0,0,0,-51,-48,-45,-51,-44,-44,-47,-44,-49,-42,-47,-39,-45,-40,-44,-40,-45,-34,-46,-34,-44,-36,-47,-34,-45,-35,-40,-32,-43,-35,-46,-31,-44,-28,-45,-30,-48,-29,-44,-28,-51,-29,-46,-30,-46,-27,-48,-32,-45,-29,-44,-29,-41,-25,-44,-28,-40,-29,-43,-29,-40,-28,-41,-27,-37,-30,-37,-26,-35,-26,-37,-25,-32,-25,-33,-25,-32,-26,-31,-24,-31,-25,-27,-23,-24,-24,-23,-26,-24,-22,-24,-19,-21,-22,-24,-21,-18,-21,-20,-20,-21,-24,-16,-20,-18,-20,-15,-20,-14,-19,-14,-17,-11,-19,0,0,0,0,0,0,0,0,0,0,0,0,0,0,0,0,0,0,0,0,0,0,1,-9,-2,-11,-1,-10,1,-16,-1,-16,-2,-18,-3,-20,-4,-23,0,-27,-2,-28,-1,-34,5,-37,5,-37,6,-41,9,-43,12,-43,18,-46,18,-44,18,-51,21,-48,23,-50,28,-55,29,-53,35,-51,38,-48,42,-48,40,-45,42,-52,39,-44,45,-49,43,-43,47,-43,43,-44,45,-44,42,-45,43,-46,42,-46,44,-46,48,-43,46,-44,47,-47,41,-49,43,-52,43,-49,46,-46,42,-53,41,-49,41,-53,46,-53,44,-50,44,-53,45,-53,47,-53,44,-52,48,-53,47,-53,46,-54,0,0]"
CSI_DATA,303,2a:00:00:00:00:00,-43,11,1,0,1,1,1,0,0,0,1,-97,0,11,2,4316151,0,44,0,384,0,"[0,0,0,0,0,0,0,0,0,0,0,0,8,8,8,8,8,8,7,8,7,7,7,7,7,6,7,6,7,6,7,6,7,6,8,6,7,6,7,6,7,6,8,6,8,5,8,6,7,6,7,6,7,6,7,6,7,6,7,6,6,6,7,6,0,0,6,5,6,6,6,6,5,6,5,5,5,5,5,5,4,5,4,5,4,5,4,5,4,5,3,5,3,4,3,5,3,4,3,4,2,4,2,4,2,4,2,4,1,4,1,3,1,4,1,3,1,3,0,0,0,0,0,0,0,0,0,0,0,0,0,0,41,51,40,53,43,48,43,47,45,46,41,44,43,43,39,46,42,41,41,39,40,38,42,37,40,37,44,34,44,33,44,34,44,35,46,32,40,33,43,32,47,34,45,32,41,31,43,33,37,34,36,32,40,36,40,29,38,33,39,31,37,30,35,33,34,30,33,31,33,31,31,34,27,29,28,31,26,30,25,25,27,29,27,29,24,27,22,21,19,24,17,25,19,23,17,24,17,25,16,22,15,23,16,22,14,23,12,25,9,21,10,22,7,19,0,0,0,0,0,0,0,0,0,0,0,0,0,0,0,0,0,0,0,0,0,0,-1,9,0,11,1,14,2,14,3,14,0,15,3,20,1,21,3,24,0,28,1,32,-3,33,-3,37,-3,37,-6,36,-10,46,-11,48,-17,49,-17,46,-26,50,-25,49,-30,48,-32,50,-33,52,-39,48,-38,52,-44,47,-43,48,-42,46,-43,49,-48,46,-46,45,-47,42,-51,42,-52,44,-46,41,-49,44,-48,46,-45,44,-49,44,-48,45,-49,46,-47,44,-48,51,-45,45,-49,43,-46,45,-48,54,-51,52,-49,47,-46,47,-49,53,-47,53,-48,49,-50,51,-53,51,-54,47,0,0]"
CSI_DATA,304,2a:00:00:00:00:00,-44,11,1,0,1,1,1,0,0,0,1,-97,0,11,2,4336457,0,44,0,384,0,"[0,0,0,0,0,0,0,0,0,0,0,0,-12,0,-11,1,-11,1,-11,1,-11,1,-10,1,-10,1,-11,1,-10,1,-10,1,-10,1,-11,2,-10,2,-10,2,-10,2,-10,2,-10,2,-10,2,-9,2,-10,2,-9,1,-10,2,-10,1,-9,2,-9,1,-9,1,0,0,-9,1,-9,1,-8,1,-9,1,-8,1,-8,1,-8,1,-8,0,-7,0,-7,0,-7,0,-7,0,-7,0,-7,0,-7,0,-6,0,-6,-1,-6,-1,-5,-1,-5,-1,-5,-1,-5,-1,-5,-1,-5,-1,-4,-2,-4,-2,0,0,0,0,0,0,0,0,0,0,0,0,0,0,-64,4,-65,7,-67,8,-62,4,-62,3,-60,4,-58,7,-60,10,-54,8,-57,7,-58,9,-55,7,-57,8,-53,9,-56,15,-52,14,-50,12,-51,14,-53,14,-52,19,-52,17,-55,13,-48,18,-51,13,-48,9,-49,10,-51,14,-49,15,-49,15,-48,10,-50,14,-49,11,-43,10,-44,7,-45,10,-44,8,-42,6,-41,5,-41,5,-40,4,-40,5,-36,3,-35,2,-36,6,-35,4,-34,3,-34,1,-33,0,-27,-2,-29,1,-28,-7,-30,-8,-25,-1,-25,-7,-22,-5,-26,-6,-22,-7,0,0,0,0,0,0,0,0,0,0,0,0,0,0,0,0,0,0,0,0,0,0,-9,-5,-10,-4,-11,-7,-11,-7,-15,-7,-15,-9,-17,-10,-18,-14,-22,-14,-24,-15,-23,-18,-28,-21,-31,-32,-31,-28,-31,-29,-35,-35,-30,-41,-28,-41,-30,-44,-28,-50,-23,-52,-26,-58,-20,-58,-26,-56,-18,-60,-21,-62,-15,-61,-13,-64,-16,-66,-14,-62,-9,-64,-9,-64,-5,-65,-7,-64,-7,-61,-5,-63,-8,-65,-10,-64,-8,-64,-11,-64,-8,-63,-10,-66,-12,-66,-12,-64,-9,-67,-11,-72,-11,-67,-10,-70,-9,-67,-12,-68,-11,-71,-12,-69,-10,-68,-8,-70,-13,-73,-8,-71,-10,-70,0,0]"
CSI_DATA,305,2a:00:00:00:00:00,-43,11,1,0,1,1,1,0,0,0,1,-97,0,11,2,4346134,0,44,0,384,0,"[0,0,0,0,0,0,0,0,0,0,0,0,2,-12,2,-11,1,-11,2,-11,1,-11,1,-10,0,-11,1,-10,0,-10,0,-11,0,-10,0,-11,0,-10,0,-10,-1,-10,0,-11,0,-10,-1,-10,-1,-10,0,-10,0,-10,0,-10,0,-10,-1,-10,0,-10,0,-9,0,0,0,-9,1,-9,0,-9,1,-9,0,-8,1,-8,1,-8,0,-8,1,-8,1,-7,1,-7,1,-7,1,-7,1,-6,1,-6,1,-6,1,-6,1,-5,1,-5,1,-5,1,-5,1,-5,2,-4,2,-4,2,-4,2,-3,0,0,0,0,0,0,0,0,0,0,0,0,0,0,15,-71,16,-66,10,-65,14,-62,15,-63,12,-61,11,-63,9,-61,12,-60,8,-55,7,-55,3,-57,8,-60,2,-55,3,-52,3,-57,5,-56,2,-58,1,-60,-1,-53,2,-59,-1,-53,-1,-53,-1,-57,0,-53,0,-56,2,-50,1,-53,4,-55,3,-50,5,-51,1,-55,5,-48,7,-48,2,-47,5,-49,7,-44,6,-44,4,-44,4,-41,9,-38,6,-38,12,-38,7,-38,10,-36,9,-33,10,-35,11,-30,11,-26,9,-29,9,-29,10,-24,8,-25,10,-24,13,-17,13,-18,10,-18,0,0,0,0,0,0,0,0,0,0,0,0,0,0,0,0,0,0,0,0,0,0,7,-9,9,-7,11,-8,8,-9,11,-11,11,-14,13,-15,17,-18,20,-17,23,-23,25,-20,31,-18,34,-23,39,-24,42,-21,40,-17,47,-22,47,-16,51,-21,52,-16,56,-15,63,-9,60,-7,61,-4,66,1,68,1,67,7,69,4,63,4,68,7,63,5,67,12,63,9,66,7,66,11,68,12,63,10,64,12,65,12,67,10,68,12,65,7,70,11,69,7,70,9,63,9,68,7,66,10,74,8,71,11,69,8,76,10,78,12,64,11,75,10,77,13,66,11,0,0]"
CSI_DATA,306,2a:00:00:00:00:00,-44,11,1,0,1,1,1,0,0,0,1,-97,0,11,2,4366127,0,44,0,384,0,"[0,0,0,0,0,0,0,0,0,0,0,0,5,-11,5,-10,5,-10,5,-10,4,-10,4,-10,4,-10,4,-9,3,-10,3,-10,4,-9,4,-10,3,-10,3,-9,3,-9,3,-10,3,-10,3,-10,2,-10,2,-10,3,-9,2,-10,3,-9,3,-9,3,-9,3,-9,0,0,3,-9,3,-8,2,-8,3,-8,3,-8,3,-8,3,-7,2,-7,3,-7,3,-7,3,-6,3,-6,3,-6,3,-6,3,-5,3,-5,3,-5,3,-5,2,-5,2,-4,2,-4,2,-4,3,-4,3,-4,3,-3,3,-3,0,0,0,0,0,0,0,0,0,0,0,0,0,0,34,-62,30,-60,28,-60,29,-56,26,-53,31,-57,23,-57,22,-56,21,-56,23,-53,18,-52,16,-52,17,-51,17,-48,18,-51,16,-56,13,-56,15,-56,15,-56,12,-51,16,-54,16,-53,13,-54,15,-49,11,-52,12,-49,12,-50,16,-51,15,-51,15,-50,17,-46,15,-45,16,-45,19,-46,14,-40,18,-43,16,-41,14,-41,17,-36,15,-37,18,-35,19,-34,15,-34,16,-32,19,-31,15,-27,15,-26,13,-28,20,-25,16,-23,14,-22,16,-20,16,-19,17,-20,14,-18,16,-16,17,-16,0,0,0,0,0,0,0,0,0,0,0,0,0,0,0,0,0,0,0,0,0,0,9,-5,11,-5,8,-7,13,-8,14,-9,17,-14,19,-10,20,-14,22,-14,21,-14,31,-16,33,-17,34,-16,39,-13,43,-11,45,-12,49,-7,47,-7,53,-6,58,-5,57,-2,57,3,56,6,64,7,61,9,62,10,63,17,64,15,55,17,66,20,59,21,61,21,59,24,62,21,64,22,61,25,59,21,61,22,62,25,61,24,69,26,61,25,63,27,61,19,65,26,65,21,64,22,64,23,64,22,63,24,67,23,67,26,70,29,63,24,69,28,72,31,66,29,0,0]"
CSI_DATA,307,2a:00:00:00:00:00,-44,11,1,0,1,1,1,0,0,0,1,-97,0,11,2,4378020,0,44,0,384,0,"[0,0,0,0,0,0,0,0,0,0,0,0,10,-5,10,-5,9,-5,9,-5,9,-6,8,-6,8,-6,8,-6,8,-6,7,-6,7,-6,7,-6,7,-6,7,-6,7,-6,7,-6,7,-7,7,-6,7,-7,7,-6,7,-6,7,-6,7,-6,6,-6,7,-6,7,-6,0,0,7,-6,6,-5,6,-5,6,-5,6,-5,6,-4,6,-5,6,-4,6,-4,5,-4,5,-3,5,-4,5,-3,5,-3,5,-3,4,-3,4,-3,4,-2,4,-2,4,-2,4,-2,4,-2,4,-2,3,-1,3,-1,3,-1,0,0,0,0,0,0,0,0,0,0,0,0,0,0,59,-26,60,-27,58,-29,58,-25,56,-23,54,-27,56,-29,53,-26,54,-29,50,-26,50,-30,49,-30,48,-29,45,-25,45,-27,41,-31,41,-30,42,-32,40,-29,40,-33,46,-33,43,-31,42,-36,42,-32,42,-28,39,-34,41,-29,43,-31,40,-31,42,-26,41,-26,38,-22,40,-26,39,-24,41,-23,35,-25,36,-23,35,-21,32,-18,36,-14,36,-17,34,-16,33,-14,31,-15,27,-15,32,-12,30,-12,25,-12,27,-11,27,-8,26,-8,24,-5,21,-8,24,-5,22,-2,22,-3,20,-2,0,0,0,0,0,0,0,0,0,0,0,0,0,0,0,0,0,0,0,0,0,0,10,4,13,3,13,5,15,2,16,1,19,4,19,5,26,3,26,3,28,9,32,11,37,10,34,12,37,17,38,18,41,22,41,24,42,27,41,33,43,34,44,38,42,42,43,47,40,48,36,49,39,55,36,51,36,52,34,53,33,54,32,57,30,58,31,58,31,57,30,57,26,60,34,63,32,59,29,59,32,54,30,56,33,58,31,58,36,62,31,60,33,58,33,60,33,62,31,61,33,61,33,59,35,61,31,62,32,65,37,62,31,62,33,62,0,0]"
CSI_DATA,308,2a:00:00:00:00:00,-44,11,1,0,1,1,1,0,0,0,1,-97,0,11,2,4386533,0,44,0,384,0,"[0,0,0,0,0,0,0,0,0,0,0,0,10,-4,10,-4,10,-3,10,-4,9,-3,9,-4,9,-4,9,-4,9,-4,8,-4,9,-4,9,-5,8,-4,8,-5,8,-4,8,-5,8,-5,8,-5,8,-5,8,-4,8,-4,8,-4,8,-4,7,-4,7,-4,8,-4,0,0,8,-4,7,-3,7,-3,8,-3,7,-3,7,-3,6,-3,6,-2,6,-2,6,-2,6,-2,5,-2,6,-2,5,-2,5,-2,5,-1,5,-2,4,-1,4,-1,4,-1,4,-1,4,0,4,0,4,-1,3,0,3,0,0,0,0,0,0,0,0,0,0,0,0,0,0,0,67,-13,62,-12,66,-19,64,-12,63,-10,56,-14,58,-14,59,-14,54,-15,56,-15,56,-17,54,-14,56,-16,54,-17,54,-19,50,-21,48,-21,47,-20,48,-23,49,-22,53,-25,50,-20,47,-22,48,-19,49,-19,48,-18,49,-17,47,-25,47,-17,47,-16,48,-21,45,-16,42,-13,43,-15,43,-13,45,-11,43,-9,41,-14,40,-8,38,-9,37,-9,37,-8,35,-6,33,-3,31,-10,32,-2,33,1,31,-4,29,-1,30,1,27,1,25,6,27,-1,25,3,21,0,20,3,21,3,0,0,0,0,0,0,0,0,0,0,0,0,0,0,0,0,0,0,0,0,0,0,11,2,11,4,12,5,13,3,14,5,19,5,18,6,24,9,25,10,28,12,30,16,35,16,32,21,35,24,34,26,35,28,37,33,33,37,37,40,36,43,34,47,33,51,30,52,30,55,29,54,29,58,26,62,24,60,21,59,23,64,19,62,20,66,20,63,16,61,17,64,14,63,19,63,22,67,19,62,19,63,21,63,19,64,21,63,23,67,19,65,23,64,18,67,21,67,19,68,17,67,22,68,23,68,16,69,20,69,19,69,15,73,17,69,0,0]"
CSI_DATA,309,2a:00:00:00:00:00,-43,11,1,0,1,1,1,0,0,0,1,-97,0,11,2,4429407,0,44,0,384,0,"[0,0,0,0,0,0,0,0,0,0,0,0,-5,10,-4,9,-4,9,-4,9,-4,9,-4,9,-3,9,-3,8,-3,9,-3,9,-3,9,-3,9,-3,9,-2,9,-2,8,-2,9,-2,9,-2,8,-2,9,-2,9,-2,8,-2,9,-2,8,-2,8,-3,8,-3,8,0,0,-3,7,-3,7,-3,8,-3,7,-3,7,-3,7,-3,6,-3,6,-3,6,-3,6,-3,5,-3,5,-3,5,-3,5,-3,5,-3,4,-3,4,-3,4,-3,4,-3,3,-3,3,-3,4,-3,3,-3,3,-3,2,-3,2,0,0,0,0,0,0,0,0,0,0,0,0,0,0,-26,64,-22,59,-20,66,-19,58,-21,54,-25,57,-14,56,-19,55,-16,50,-17,52,-16,50,-12,51,-14,50,-14,48,-12,50,-12,50,-11,53,-7,49,-8,48,-10,49,-6,52,-9,50,-4,49,-6,50,-13,51,-8,51,-10,46,-9,49,-8,45,-6,48,-8,46,-9,45,-12,43,-9,41,-10,42,-13,43,-12,39,-13,38,-12,37,-11,35,-12,35,-12,31,-13,33,-15,32,-14,31,-11,26,-11,26,-16,28,-18,26,-13,22,-9,25,-13,20,-16,21,-17,19,-14,19,-13,13,-16,15,0,0,0,0,0,0,0,0,0,0,0,0,0,0,0,0,0,0,0,0,0,0,-11,4,-10,7,-9,7,-13,8,-13,10,-18,12,-17,11,-19,12,-23,12,-26,16,-30,15,-31,14,-35,16,-37,16,-41,13,-44,9,-50,9,-51,7,-54,8,-57,6,-58,-1,-61,-5,-60,-2,-65,-7,-64,-11,-66,-10,-63,-14,-66,-14,-64,-13,-66,-15,-61,-15,-64,-19,-61,-20,-62,-19,-62,-22,-61,-20,-63,-22,-62,-17,-64,-21,-64,-21,-64,-18,-62,-20,-63,-22,-65,-22,-66,-25,-64,-16,-67,-22,-67,-19,-70,-18,-66,-22,-68,-22,-68,-23,-67,-24,-67,-24,-69,-23,-75,-24,-69,-25,0,0]"
CSI_DATA,310,2a:00:00:00:00:00,-43,11,1,0,1,1,1,0,0,0,1,-97,0,11,2,4436082,0,44,0,384,0,"[0,0,0,0,0,0,0,0,0,0,0,0,-6,-10,-6,-9,-7,-10,-6,-9,-6,-9,-6,-9,-7,-8,-6,-8,-7,-8,-7,-8,-7,-8,-7,-8,-7,-8,-7,-8,-7,-7,-7,-8,-7,-7,-7,-7,-7,-7,-7,-7,-7,-8,-7,-7,-7,-7,-7,-7,-6,-8,-6,-7,0,0,-6,-7,-5,-7,-5,-7,-6,-7,-5,-7,-5,-7,-5,-7,-4,-7,-4,-6,-4,-6,-4,-6,-4,-6,-3,-6,-3,-5,-3,-6,-3,-5,-3,-5,-3,-5,-3,-5,-2,-5,-2,-5,-2,-4,-2,-5,-2,-5,-1,-4,-1,-4,0,0,0,0,0,0,0,0,0,0,0,0,0,0,-36,-58,-33,-59,-38,-57,-32,-53,-36,-52,-35,-51,-34,-48,-35,-48,-36,-46,-32,-47,-31,-47,-33,-44,-35,-44,-35,-43,-38,-39,-39,-39,-39,-40,-38,-37,-40,-43,-38,-36,-39,-38,-40,-38,-38,-38,-41,-40,-33,-41,-32,-41,-35,-37,-37,-37,-37,-37,-34,-35,-30,-36,-33,-40,-28,-36,-31,-35,-32,-36,-30,-35,-26,-37,-26,-38,-25,-35,-24,-36,-22,-31,-23,-31,-19,-34,-20,-32,-17,-33,-17,-25,-16,-29,-14,-27,-13,-27,-9,-28,-12,-27,-11,-27,-11,-24,-7,-25,-7,-21,-7,-22,-4,-23,0,0,0,0,0,0,0,0,0,0,0,0,0,0,0,0,0,0,0,0,0,0,0,-12,-2,-14,0,-16,-1,-15,-1,-19,2,-16,1,-24,1,-26,1,-30,2,-33,5,-35,2,-38,4,-41,9,-42,14,-47,19,-47,22,-46,20,-47,21,-49,33,-48,33,-50,41,-48,40,-47,40,-46,48,-48,46,-46,47,-44,51,-44,53,-41,53,-42,53,-39,57,-38,59,-35,57,-37,57,-40,58,-36,53,-39,53,-39,53,-40,54,-39,59,-40,53,-38,54,-39,56,-42,53,-41,55,-41,57,-37,58,-43,57,-43,59,-41,56,-42,57,-46,61,-44,56,-42,59,-48,61,-41,62,-41,0,0]"
CSI_DATA,311,2a:00:00:00:00:00,-43,11,1,0,1,1,1,0,0,0,1,-97,0,11,2,4456256,0,44,0,384,0,"[0,0,0,0,0,0,0,0,0,0,0,0,-6,9,-6,8,-5,9,-5,8,-5,8,-5,8,-4,8,-4,8,-4,8,-4,8,-5,8,-4,8,-4,8,-4,8,-3,8,-4,8,-3,8,-3,8,-3,8,-3,8,-4,8,-3,8,-4,7,-4,8,-4,7,-4,7,0,0,-4,7,-4,7,-4,7,-4,6,-4,6,-4,6,-4,6,-4,5,-4,5,-4,5,-4,4,-4,4,-4,4,-4,4,-4,4,-4,4,-4,4,-4,3,-4,3,-3,3,-3,3,-3,3,-3,2,-3,2,-4,1,-3,1,0,0,0,0,0,0,0,0,0,0,0,0,0,0,-36,58,-32,54,-31,57,-31,53,-32,53,-31,52,-28,49,-32,51,-24,49,-28,47,-24,49,-22,51,-19,49,-23,49,-23,46,-19,48,-18,49,-23,49,-18,44,-18,49,-20,50,-19,47,-17,48,-20,49,-19,46,-16,46,-21,48,-18,47,-23,45,-19,45,-20,43,-22,42,-22,40,-22,40,-21,37,-24,39,-22,35,-20,34,-20,33,-19,33,-23,29,-22,29,-21,28,-22,28,-19,24,-19,22,-19,26,-20,21,-18,19,-19,21,-23,17,-17,19,-20,16,-17,14,-19,16,-17,11,-16,11,0,0,0,0,0,0,0,0,0,0,0,0,0,0,0,0,0,0,0,0,0,0,-8,6,-11,5,-10,4,-15,9,-15,8,-16,12,-18,11,-19,11,-23,15,-26,16,-30,16,-32,11,-38,12,-40,10,-42,13,-48,10,-52,6,-47,5,-56,3,-57,2,-58,-5,-61,-4,-62,-7,-63,-12,-65,-13,-59,-19,-63,-18,-58,-21,-65,-21,-65,-22,-58,-21,-61,-26,-61,-24,-59,-23,-64,-27,-62,-28,-63,-29,-59,-30,-58,-28,-60,-28,-62,-27,-63,-28,-62,-26,-66,-30,-61,-31,-59,-25,-60,-28,-66,-30,-65,-27,-62,-33,-63,-31,-65,-32,-69,-34,-61,-30,-63,-34,-66,-33,-65,-35,0,0]"
CSI_DATA,312,2a:00:00:00:00:00,-43,11,1,0,1,1,1,0,0,0,1,-97,0,11,2,4466605,0,44,0,384,0,"[0,0,0,0,0,0,0,0,0,0,0,0,9,5,9,4,9,4,9,4,8,4,9,4,9,3,9,3,9,3,8,3,8,3,8,3,9,3,8,3,8,3,9,2,9,2,9,2,8,2,8,2,8,2,8,2,8,2,8,2,8,3,8,3,0,0,8,3,7,3,7,3,7,3,6,3,6,3,6,3,6,3,6,3,5,3,5,3,5,3,4,3,4,3,4,3,4,3,3,2,4,3,3,3,3,2,3,2,3,2,2,2,2,2,2,2,2,3,0,0,0,0,0,0,0,0,0,0,0,0,0,0,59,37,57,35,61,34,59,32,54,30,56,29,50,28,54,27,51,26,47,26,52,25,54,20,51,19,47,22,55,19,52,18,50,20,52,16,50,15,52,16,53,13,53,15,50,16,50,18,48,14,49,17,49,17,48,19,47,17,42,15,45,19,46,21,41,21,44,17,44,19,37,20,37,14,37,19,35,14,36,19,31,20,30,16,30,20,28,18,27,21,29,20,28,17,26,14,19,15,23,16,21,16,20,18,20,12,17,16,18,18,13,14,12,18,0,0,0,0,0,0,0,0,0,0,0,0,0,0,0,0,0,0,0,0,0,0,4,9,7,8,4,11,8,11,7,16,10,17,11,19,14,22,16,24,10,28,12,30,12,36,14,36,11,39,7,44,9,47,7,48,5,50,3,55,-1,54,-3,60,-7,63,-7,62,-9,63,-16,60,-17,65,-18,62,-21,65,-20,62,-21,66,-24,64,-27,63,-28,63,-26,62,-28,61,-29,63,-25,60,-29,62,-29,62,-28,62,-28,61,-24,61,-29,61,-29,64,-26,66,-26,63,-29,59,-27,65,-29,64,-31,62,-31,64,-31,65,-32,70,-28,62,-32,62,-35,65,-31,67,0,0]"
CSI_DATA,313,2a:00:00:00:00:00,-43,11,1,0,1,1,1,0,0,0,1,-97,0,11,2,4476135,0,44,0,384,0,"[0,0,0,0,0,0,0,0,0,0,0,0,-4,-11,-4,-10,-5,-10,-4,-10,-4,-10,-4,-9,-4,-9,-5,-9,-5,-9,-5,-9,-5,-9,-5,-9,-5,-9,-5,-9,-5,-9,-6,-9,-5,-8,-5,-9,-6,-8,-5,-9,-5,-9,-5,-9,-5,-8,-5,-8,-5,-9,-5,-8,0,0,-4,-8,-4,-8,-4,-8,-4,-7,-3,-8,-3,-8,-3,-7,-3,-7,-3,-7,-3,-7,-3,-6,-2,-6,-2,-6,-2,-6,-2,-6,-2,-6,-2,-6,-2,-5,-1,-5,-1,-5,-1,-5,-1,-5,-1,-5,-1,-4,-1,-4,0,-4,0,0,0,0,0,0,0,0,0,0,0,0,0,0,-27,-64,-26,-60,-26,-61,-26,-55,-27,-57,-23,-56,-27,-54,-25,-56,-26,-51,-28,-49,-26,-48,-28,-49,-26,-45,-28,-46,-25,-43,-30,-48,-31,-46,-26,-42,-32,-46,-29,-42,-32,-44,-27,-42,-32,-42,-31,-40,-29,-44,-32,-43,-28,-41,-27,-43,-27,-47,-26,-40,-26,-40,-22,-41,-21,-42,-21,-38,-25,-38,-22,-39,-20,-34,-19,-37,-17,-36,-17,-32,-18,-33,-15,-34,-10,-33,-11,-33,-9,-31,-16,-31,-11,-31,-5,-29,-6,-26,-9,-25,-5,-26,-5,-22,-7,-25,-3,-20,-4,-24,-5,-24,-1,-21,0,0,0,0,0,0,0,0,0,0,0,0,0,0,0,0,0,0,0,0,0,0,3,-9,2,-15,1,-14,3,-15,2,-16,2,-21,2,-21,4,-25,5,-28,12,-33,9,-31,12,-35,15,-37,18,-40,19,-40,23,-41,29,-46,30,-40,33,-44,37,-45,40,-43,43,-43,44,-40,53,-39,50,-37,52,-36,54,-30,54,-34,54,-34,59,-35,56,-28,61,-33,59,-31,58,-30,61,-31,58,-30,61,-29,61,-27,59,-27,60,-27,60,-32,59,-32,58,-32,62,-32,58,-30,59,-30,61,-30,59,-30,59,-30,61,-33,62,-29,65,-33,64,-35,61,-27,66,-31,66,-30,65,-32,0,0]"
CSI_DATA,314,2a:00:00:00:00:00,-43,11,1,0,1,1,1,0,0,0,1,-97,0,11,2,4486145,0,44,0,384,0,"[0,0,0,0,0,0,0,0,0,0,0,0,1,10,1,9,2,10,1,9,2,9,1,9,2,9,2,9,2,8,2,8,2,8,2,8,2,8,2,8,3,8,3,8,3,8,3,8,3,8,3,8,3,8,3,8,2,8,3,8,2,8,2,7,0,0,2,7,2,7,2,7,2,7,1,6,1,6,1,6,1,6,1,6,1,6,1,5,1,6,0,5,0,5,0,5,1,5,0,4,0,4,0,4,0,4,0,4,0,4,0,4,-1,3,-1,3,-1,3,0,0,0,0,0,0,0,0,0,0,0,0,0,0,4,65,1,64,4,65,4,65,4,61,5,61,6,56,7,60,3,54,6,53,10,56,10,50,12,50,9,51,11,52,14,50,16,56,16,51,15,50,14,50,17,53,13,46,18,51,19,50,16,51,15,50,17,47,15,51,13,49,13,47,11,43,14,46,8,45,12,48,9,42,9,44,10,44,8,41,5,40,5,38,5,34,6,35,2,36,5,34,2,31,4,31,5,32,5,30,0,27,3,26,1,27,-2,26,2,21,-5,22,-3,21,-5,24,-8,20,0,0,0,0,0,0,0,0,0,0,0,0,0,0,0,0,0,0,0,0,0,0,-10,8,-6,9,-7,10,-9,13,-8,11,-11,18,-13,17,-16,20,-19,24,-20,21,-24,23,-27,25,-30,25,-35,27,-35,30,-38,26,-46,26,-42,24,-49,26,-54,23,-57,24,-59,21,-59,17,-63,17,-62,13,-63,12,-63,9,-69,6,-62,10,-66,9,-63,7,-69,3,-65,7,-67,4,-71,4,-67,2,-63,5,-68,6,-65,2,-67,5,-68,7,-65,9,-69,10,-69,7,-70,4,-65,11,-68,9,-70,10,-70,9,-69,5,-71,9,-70,6,-74,7,-65,7,-71,6,-71,4,-71,5,0,0]"
CSI_DATA,315,2a:00:00:00:00:00,-43,11,1,0,1,1,1,0,0,0,1,-97,0,11,2,4496128,0,44,0,384,0,"[0,0,0,0,0,0,0,0,0,0,0,0,2,-11,2,-10,1,-11,2,-10,2,-10,1,-9,1,-10,1,-10,1,-10,1,-10,1,-10,1,-10,0,-10,0,-9,0,-9,0,-10,0,-9,0,-10,0,-9,0,-10,0,-9,0,-9,1,-9,0,-9,0,-9,1,-9,0,0,1,-8,0,-8,1,-8,1,-8,1,-8,1,-8,1,-7,1,-7,1,-6,1,-7,1,-6,1,-6,1,-6,1,-6,1,-6,1,-5,1,-6,1,-5,1,-5,1,-4,1,-4,1,-4,1,-4,2,-4,2,-4,2,-3,0,0,0,0,0,0,0,0,0,0,0,0,0,0,4,-65,8,-69,4,-61,7,-61,4,-65,7,-61,2,-61,5,-61,3,-61,4,-51,1,-55,-2,-52,-1,-58,-1,-54,-4,-57,-3,-53,-5,-56,-4,-52,-4,-52,-7,-55,-4,-51,-6,-56,-4,-48,-4,-50,-5,-49,-4,-53,-5,-54,-5,-50,-4,-50,-3,-50,-1,-49,-1,-47,-1,-46,-2,-45,0,-44,4,-40,2,-41,3,-42,7,-40,4,-42,1,-38,2,-35,8,-36,7,-37,7,-31,4,-34,2,-28,6,-32,7,-29,5,-31,7,-29,8,-25,7,-25,7,-22,6,-23,12,-19,8,-20,0,0,0,0,0,0,0,0,0,0,0,0,0,0,0,0,0,0,0,0,0,0,5,-11,6,-9,6,-13,10,-15,8,-16,10,-15,14,-17,10,-20,18,-21,18,-20,24,-25,28,-25,31,-23,33,-28,37,-26,44,-23,42,-25,48,-26,48,-25,56,-23,52,-22,59,-19,60,-14,60,-13,62,-10,65,-9,67,-6,64,-2,65,-3,63,0,65,-2,63,0,64,3,66,2,67,2,66,4,64,5,65,4,66,4,70,3,67,1,68,-2,63,2,71,2,67,2,66,-1,67,4,66,3,70,1,69,2,70,0,69,2,69,0,68,2,73,1,69,2,73,6,0,0]"
CSI_DATA,316,2a:00:00:00:00:00,-43,11,1,0,1,1,1,0,0,0,1,-97,0,11,2,4506149,0,44,0,384,0,"[0,0,0,0,0,0,0,0,0,0,0,0,-2,11,-2,10,-2,10,-2,10,-1,10,-1,9,-1,9,-1,9,-1,9,-1,9,-1,9,-1,9,0,9,0,9,0,9,0,9,0,9,0,9,0,9,0,9,0,9,0,9,-1,9,0,9,0,8,0,8,0,0,-1,8,-1,8,0,7,-1,7,-1,7,-1,7,-2,7,-1,7,-1,6,-1,6,-2,6,-2,6,-2,5,-2,5,-2,5,-2,5,-2,5,-1,4,-2,4,-2,4,-2,4,-2,3,-2,4,-2,3,-2,3,-3,3,0,0,0,0,0,0,0,0,0,0,0,0,0,0,-18,64,-17,61,-21,67,-21,58,-19,57,-17,60,-19,52,-15,58,-14,53,-10,52,-12,52,-7,52,-11,52,-6,47,-9,50,-7,53,-3,56,-6,54,-5,56,-7,49,-4,56,-3,47,-3,53,-6,53,-7,49,-6,49,-4,47,-4,50,-5,51,-5,49,-7,49,-6,47,-7,41,-9,47,-8,42,-10,44,-10,41,-8,42,-10,36,-10,35,-8,32,-8,33,-10,34,-11,34,-10,31,-10,30,-11,29,-10,26,-11,25,-13,23,-13,25,-14,23,-13,21,-13,18,-13,20,-12,19,-12,17,0,0,0,0,0,0,0,0,0,0,0,0,0,0,0,0,0,0,0,0,0,0,-5,6,-10,5,-7,8,-12,9,-10,10,-16,15,-17,12,-19,19,-24,17,-24,16,-28,19,-33,18,-35,23,-38,19,-42,19,-44,14,-52,16,-48,9,-56,12,-59,9,-59,7,-65,5,-60,1,-65,1,-62,-3,-66,-7,-65,-6,-67,-9,-64,-10,-68,-14,-60,-14,-70,-16,-65,-14,-66,-13,-66,-15,-64,-17,-62,-14,-64,-16,-66,-18,-63,-17,-69,-16,-64,-15,-68,-17,-67,-15,-69,-13,-64,-11,-64,-13,-69,-17,-67,-13,-68,-15,-65,-14,-69,-12,-69,-17,-66,-15,-75,-17,-72,-19,-69,-20,0,0]"
CSI_DATA,317,2a:00:00:00:00:00,-44,11,1,0,1,1,1,0,0,0,1,-97,0,11,2,4516611,0,44,0,384,0,"[0,0,0,0,0,0,0,0,0,0,0,0,-2,-11,-3,-11,-3,-11,-3,-11,-3,-10,-3,-10,-3,-10,-3,-10,-3,-10,-3,-10,-4,-10,-4,-9,-4,-9,-4,-9,-4,-10,-4,-9,-4,-9,-4,-9,-4,-9,-4,-9,-3,-9,-4,-9,-3,-9,-4,-9,-4,-9,-3,-9,0,0,-3,-9,-2,-9,-3,-8,-2,-8,-2,-8,-2,-8,-2,-8,-2,-8,-1,-7,-1,-7,-2,-7,-1,-7,-1,-6,-1,-6,-1,-6,-1,-6,-1,-6,-1,-6,0,-6,0,-5,0,-5,0,-5,0,-5,0,-4,0,-4,1,-4,0,0,0,0,0,0,0,0,0,0,0,0,0,0,0,-68,1,-65,2,-66,1,-67,-1,-64,-1,-61,0,-59,1,-61,-3,-57,-8,-54,-3,-55,-5,-58,-6,-56,-5,-53,-7,-49,-7,-52,-12,-53,-10,-53,-10,-51,-10,-50,-10,-55,-11,-50,-9,-53,-8,-53,-8,-51,-6,-50,-7,-50,-9,-49,-5,-50,-6,-46,-2,-48,-3,-51,-2,-46,-2,-48,-4,-43,-1,-45,1,-41,0,-39,2,-41,3,-42,0,-38,-1,-34,2,-35,1,-36,4,-33,6,-31,6,-33,5,-32,3,-28,5,-28,7,-25,5,-24,8,-26,9,-21,7,-22,8,-21,10,-19,0,0,0,0,0,0,0,0,0,0,0,0,0,0,0,0,0,0,0,0,0,0,5,-9,7,-11,2,-12,7,-13,5,-15,8,-20,9,-23,12,-24,12,-25,19,-26,18,-26,23,-31,24,-34,27,-35,31,-34,36,-33,42,-33,43,-29,45,-31,50,-30,52,-26,58,-28,58,-21,59,-21,59,-19,60,-20,60,-17,67,-12,63,-11,64,-12,63,-12,66,-3,64,-5,64,-8,65,-6,64,-5,62,-6,62,-7,63,-4,65,-9,66,-6,64,-8,66,-8,66,-9,66,-4,63,-12,69,-7,70,-5,68,-6,70,-5,67,-8,71,-9,71,-8,65,-3,73,-1,74,-3,69,-3,0,0]"
CSI_DATA,318,2a:00:00:00:00:00,-54,11,1,0,1,1,1,0,0,0,1,-97,0,11,2,4546134,0,44,0,384,0,"[0,0,0,0,0,0,0,0,0,0,0,0,-5,-9,-5,-9,-5,-9,-5,-9,-5,-9,-5,-8,-5,-8,-5,-8,-5,-8,-5,-8,-5,-8,-5,-8,-5,-8,-5,-8,-5,-8,-5,-8,-5,-7,-5,-7,-4,-7,-4,-7,-4,-7,-4,-7,-4,-7,-4,-8,-4,-8,-4,-8,0,0,-5,-8,-4,-8,-4,-7,-4,-7,-3,-7,-3,-7,-3,-6,-2,-6,-1,-6,-1,-6,-1,-6,-1,-6,-1,-5,-1,-5,-1,-5,0,-5,0,-4,0,-5,0,-4,1,-3,1,-3,2,-2,2,-2,2,-1,3,-1,3,0,0,0,0,0,0,0,0,0,0,0,0,0,0,0,-64,0,-64,1,-63,1,-63,1,-62,2,-61,2,-60,3,-58,3,-58,4,-57,4,-55,5,-55,6,-54,7,-54,8,-53,8,-53,9,-53,10,-52,10,-52,11,-52,11,-51,11,-51,11,-51,10,-51,10,-51,10,-50,9,-50,9,-50,8,-49,8,-49,7,-48,7,-47,6,-46,5,-45,4,-44,4,-43,3,-42,2,-41,2,-40,1,-39,1,-38,0,-37,-1,-36,-1,-35,-1,-34,-2,-33,-3,-32,-3,-31,-4,-29,-5,-28,-6,-27,-6,-26,-7,-25,-7,-24,-8,-23,-8,-22,-8,-22,-8,0,0,0,0,0,0,0,0,0,0,0,0,0,0,0,0,0,0,0,0,0,0,-12,-6,-14,-6,-15,-6,-16,-7,-18,-8,-20,-9,-22,-10,-25,-13,-26,-15,-28,-17,-30,-20,-32,-23,-33,-26,-34,-30,-34,-33,-34,-37,-34,-40,-33,-44,-32,-47,-31,-50,-30,-53,-28,-56,-26,-58,-24,-61,-22,-63,-20,-64,-18,-65,-16,-66,-15,-66,-13,-67,-12,-67,-10,-67,-10,-67,-9,-67,-8,-67,-8,-67,-8,-67,-8,-67,-8,-67,-8,-67,-9,-67,-9,-67,-9,-68,-9,-68,-9,-69,-9,-69,-8,-69,-9,-69,-8,-69,-8,-69,-8,-70,-8,-70,-8,-70,-7,-71,-7,-71,-6,-72,-6,-72,0,0]"
CSI_DATA,319,2a:00:00:00:00:00,-44,11,1,0,1,1,1,0,0,0,1,-97,0,11,2,4566130,0,44,0,384,0,"[0,0,0,0,0,0,0,0,0,0,0,0,-10,-7,-10,-6,-9,-6,-10,-6,-9,-6,-9,-5,-9,-5,-9,-5,-9,-5,-9,-5,-9,-5,-9,-5,-9,-4,-9,-4,-9,-4,-10,-4,-9,-4,-9,-4,-9,-4,-9,-5,-9,-4,-9,-4,-9,-4,-8,-4,-8,-4,-8,-4,0,0,-8,-4,-8,-4,-8,-4,-8,-4,-7,-4,-7,-4,-7,-4,-7,-4,-6,-4,-6,-4,-6,-4,-6,-4,-5,-4,-5,-4,-5,-4,-5,-4,-4,-4,-4,-4,-4,-4,-4,-4,-4,-4,-4,-4,-3,-4,-3,-4,-3,-4,-3,-4,0,0,0,0,0,0,0,0,0,0,0,0,0,0,-53,-37,-57,-41,-54,-37,-55,-36,-53,-36,-51,-31,-48,-34,-49,-34,-45,-30,-47,-30,-47,-25,-51,-24,-49,-27,-46,-24,-48,-24,-50,-21,-50,-26,-45,-18,-44,-17,-47,-18,-48,-23,-50,-19,-50,-17,-49,-24,-46,-18,-43,-20,-49,-18,-45,-21,-46,-18,-47,-19,-44,-21,-44,-21,-40,-22,-46,-21,-41,-18,-41,-20,-37,-23,-34,-17,-37,-20,-35,-19,-34,-21,-33,-18,-31,-19,-28,-19,-26,-20,-26,-19,-27,-19,-25,-21,-24,-19,-22,-23,-17,-20,-21,-21,-15,-15,-15,-18,-13,-19,-14,-16,-13,-21,0,0,0,0,0,0,0,0,0,0,0,0,0,0,0,0,0,0,0,0,0,0,-5,-11,-7,-10,-4,-12,-8,-13,-7,-19,-6,-16,-11,-22,-8,-25,-10,-28,-10,-29,-6,-35,-9,-38,-7,-43,-4,-45,-3,-47,0,-48,-1,-52,4,-54,6,-57,9,-56,10,-63,19,-61,20,-63,21,-58,28,-61,27,-62,32,-60,34,-59,33,-58,31,-59,36,-54,37,-57,35,-56,36,-56,36,-56,38,-56,37,-56,40,-56,39,-51,38,-55,34,-56,37,-59,35,-59,35,-56,36,-53,38,-63,35,-58,37,-61,36,-59,38,-59,39,-56,37,-60,40,-60,38,-58,40,-57,38,-57,41,-61,0,0]"
CSI_DATA,320,2a:00:00:00:00:00,-44,11,1,0,1,1,1,0,0,0,1,-97,0,11,2,4576117,0,44,0,384,0,"[0,0,0,0,0,0,0,0,0,0,0,0,5,8,5,8,5,8,5,8,5,8,5,7,5,7,5,7,5,7,5,7,5,7,5,6,5,6,5,6,5,6,6,6,6,6,5,6,6,6,6,6,5,6,5,6,5,6,5,6,5,6,5,6,0,0,4,6,4,6,4,6,4,6,4,5,3,5,3,6,3,5,3,5,3,5,3,5,2,5,2,5,2,5,2,4,2,4,2,4,1,4,1,4,1,4,1,4,1,3,1,4,0,3,0,3,0,3,0,0,0,0,0,0,0,0,0,0,0,0,0,0,35,58,30,63,29,58,29,51,31,54,27,52,29,53,30,49,29,46,29,42,30,46,28,45,29,41,28,43,28,40,29,40,31,44,32,41,30,37,34,38,33,35,31,39,36,38,36,37,32,41,32,39,33,37,31,37,30,38,30,39,27,37,28,37,27,35,25,33,25,37,21,31,23,34,22,32,24,29,21,32,22,33,16,31,15,29,13,28,12,29,18,31,15,27,12,26,11,23,12,22,10,24,10,21,11,26,6,24,7,22,3,19,3,17,0,0,0,0,0,0,0,0,0,0,0,0,0,0,0,0,0,0,0,0,0,0,-5,10,-1,10,-3,14,0,14,0,20,-1,21,-2,20,-3,28,-4,29,-4,32,-11,32,-12,37,-13,39,-18,39,-21,39,-26,44,-28,46,-31,46,-32,46,-36,46,-39,49,-45,45,-46,44,-52,38,-55,36,-55,37,-55,34,-58,35,-61,34,-55,35,-58,31,-59,31,-55,34,-60,30,-60,29,-57,32,-58,32,-60,27,-60,29,-60,30,-57,32,-59,36,-57,35,-61,31,-55,33,-61,37,-59,33,-58,36,-60,40,-61,34,-63,30,-60,34,-63,33,-60,35,-65,32,-62,35,-63,35,0,0]"
CSI_DATA,321,2a:00:00:00:00:00,-44,11,1,0,1,1,1,0,0,0,1,-97,0,11,2,4587769,0,44,0,384,0,"[0,0,0,0,0,0,0,0,0,0,0,0,4,-10,4,-10,3,-10,3,-10,3,-10,3,-9,3,-10,3,-9,2,-9,2,-10,2,-10,2,-10,2,-10,1,-10,1,-9,1,-10,1,-10,1,-10,1,-9,1,-9,2,-9,1,-9,2,-9,1,-9,1,-9,2,-9,0,0,2,-9,2,-8,2,-8,2,-8,2,-7,2,-8,2,-7,2,-7,2,-7,2,-6,2,-7,2,-7,2,-6,2,-6,2,-6,2,-5,2,-5,2,-5,2,-5,2,-4,2,-4,2,-4,2,-4,2,-4,2,-3,2,-3,0,0,0,0,0,0,0,0,0,0,0,0,0,0,30,-64,25,-59,24,-62,26,-59,23,-54,26,-51,20,-53,24,-56,17,-56,22,-52,15,-49,18,-51,15,-51,13,-50,17,-49,11,-52,14,-53,10,-51,11,-50,13,-50,7,-53,14,-51,9,-53,8,-50,12,-48,11,-51,12,-46,11,-52,9,-50,11,-47,14,-46,14,-43,12,-47,13,-45,14,-41,15,-41,14,-41,10,-39,16,-37,16,-35,13,-32,16,-33,19,-33,16,-33,17,-30,15,-28,16,-30,14,-25,15,-25,15,-21,17,-22,14,-20,12,-19,14,-20,15,-19,16,-16,15,-16,0,0,0,0,0,0,0,0,0,0,0,0,0,0,0,0,0,0,0,0,0,0,6,-7,7,-10,8,-8,14,-15,13,-14,12,-16,16,-18,19,-18,22,-19,27,-19,29,-21,33,-20,37,-24,40,-17,44,-19,48,-15,53,-14,49,-10,58,-14,58,-6,61,-5,61,-2,62,2,65,4,65,9,63,10,66,14,65,17,63,14,64,18,61,19,66,19,62,19,62,23,63,23,60,22,64,20,62,21,63,21,63,18,64,21,61,20,62,22,63,22,65,24,59,22,61,22,66,21,62,21,60,24,64,24,66,24,68,22,63,24,72,26,71,23,63,26,0,0]"
CSI_DATA,322,2a:00:00:00:00:00,-43,11,1,0,1,1,1,0,0,0,1,-97,0,11,2,4596641,0,44,0,384,0,"[0,0,0,0,0,0,0,0,0,0,0,0,10,2,10,2,9,2,9,2,9,2,9,2,9,2,9,1,9,1,9,1,9,1,9,1,9,1,9,1,9,0,9,0,9,0,8,0,9,0,9,0,8,1,8,1,8,1,8,1,8,1,8,1,0,0,8,1,7,1,8,1,7,1,6,1,7,1,7,1,6,1,6,2,6,2,6,2,5,2,5,2,5,2,5,2,4,2,5,2,4,2,4,2,4,2,3,2,3,2,3,2,3,2,2,2,2,2,0,0,0,0,0,0,0,0,0,0,0,0,0,0,61,26,57,26,61,22,58,23,56,24,59,18,58,24,57,19,50,17,53,16,53,15,54,16,56,14,49,13,52,11,50,12,49,11,49,7,49,8,52,7,55,7,53,7,49,5,53,9,49,10,49,8,51,9,48,5,46,11,46,12,47,8,47,10,42,10,44,7,44,13,39,10,38,12,35,11,37,11,36,14,33,13,33,11,34,14,31,11,31,14,30,14,28,13,27,11,26,14,26,12,23,12,22,17,22,13,18,10,16,12,15,15,15,11,0,0,0,0,0,0,0,0,0,0,0,0,0,0,0,0,0,0,0,0,0,0,7,8,8,9,13,8,10,14,13,13,13,15,16,18,16,21,16,23,18,25,18,32,14,34,19,35,15,42,17,48,14,48,14,49,10,53,7,56,8,56,1,60,-5,63,-4,66,-7,65,-11,68,-15,64,-16,64,-18,62,-18,65,-18,63,-20,62,-21,62,-22,62,-20,61,-25,63,-21,62,-25,62,-24,62,-25,61,-22,62,-21,63,-18,64,-22,63,-21,62,-21,61,-24,63,-22,64,-18,65,-21,66,-23,64,-23,67,-23,64,-21,70,-24,66,-18,69,-28,65,-22,65,0,0]"
CSI_DATA,323,2a:00:00:00:00:00,-44,11,1,0,1,1,1,0,0,0,1,-97,0,11,2,4607556,0,44,0,384,0,"[0,0,0,0,0,0,0,0,0,0,0,0,-11,3,-10,3,-10,3,-10,3,-10,3,-10,3,-10,3,-10,3,-9,3,-9,4,-9,4,-9,4,-8,4,-8,4,-8,4,-9,4,-8,4,-9,4,-8,4,-8,4,-8,4,-8,4,-9,3,-8,4,-8,4,-8,3,0,0,-8,3,-8,3,-8,3,-8,3,-7,2,-8,2,-7,2,-7,2,-7,1,-7,1,-7,1,-6,1,-7,1,-6,1,-6,0,-6,0,-6,0,-5,0,-5,0,-5,0,-5,-1,-5,0,-5,-1,-5,-1,-4,-1,-4,-1,0,0,0,0,0,0,0,0,0,0,0,0,0,0,-61,25,-60,22,-64,24,-59,22,-59,24,-56,24,-50,22,-53,23,-49,21,-52,25,-52,24,-48,24,-48,26,-44,19,-48,22,-47,22,-45,27,-43,26,-43,26,-44,25,-46,29,-43,27,-47,25,-44,25,-45,25,-45,25,-44,23,-46,25,-43,24,-43,24,-47,19,-46,21,-40,19,-42,20,-41,16,-40,15,-38,15,-39,12,-37,13,-37,12,-34,8,-35,9,-36,7,-32,8,-34,8,-31,7,-29,7,-27,5,-31,1,-27,2,-26,2,-26,3,-27,-2,-21,1,-24,1,-23,-2,-24,-3,0,0,0,0,0,0,0,0,0,0,0,0,0,0,0,0,0,0,0,0,0,0,-11,0,-15,2,-18,0,-15,0,-20,1,-21,-2,-23,0,-23,-2,-31,-3,-28,-1,-34,-6,-38,-8,-42,-9,-42,-15,-46,-16,-43,-21,-50,-25,-47,-30,-53,-34,-45,-35,-47,-39,-47,-43,-47,-46,-44,-49,-41,-52,-44,-51,-39,-55,-39,-54,-34,-53,-36,-61,-32,-52,-36,-59,-33,-59,-34,-56,-31,-61,-28,-57,-30,-57,-32,-62,-30,-57,-30,-58,-35,-61,-32,-57,-33,-61,-29,-57,-32,-66,-33,-67,-35,-61,-33,-61,-36,-60,-33,-59,-31,-63,-34,-63,-33,-63,-30,-62,-37,-66,-32,-69,-31,-63,0,0]"
CSI_DATA,324,2a:00:00:00:00:00,-44,11,1,0,1,1,1,0,0,0,1,-97,0,11,2,4616395,0,44,0,384,0,"[0,0,0,0,0,0,0,0,0,0,0,0,-3,-11,-3,-11,-3,-11,-3,-11,-3,-11,-3,-10,-4,-10,-3,-10,-4,-10,-4,-10,-4,-10,-4,-10,-5,-10,-4,-9,-4,-9,-4,-9,-4,-9,-4,-9,-5,-9,-4,-9,-4,-9,-4,-9,-4,-9,-4,-9,-4,-9,-4,-8,0,0,-3,-9,-3,-9,-3,-8,-3,-8,-3,-8,-3,-8,-2,-8,-2,-8,-2,-7,-2,-7,-2,-7,-1,-7,-1,-7,-1,-6,-1,-7,-1,-6,-1,-6,-1,-6,-1,-5,-1,-5,0,-5,0,-5,0,-5,0,-5,0,-4,0,-4,0,0,0,0,0,0,0,0,0,0,0,0,0,0,-3,-69,-4,-64,-6,-63,-4,-59,-7,-58,-2,-62,-4,-57,-8,-61,-10,-57,-6,-54,-9,-55,-9,-52,-10,-56,-11,-51,-10,-50,-15,-51,-18,-54,-19,-51,-15,-53,-16,-50,-16,-52,-15,-48,-19,-52,-14,-48,-12,-51,-12,-50,-14,-46,-13,-49,-15,-49,-13,-49,-13,-48,-13,-47,-7,-42,-10,-46,-11,-42,-5,-44,-6,-42,-7,-40,-6,-41,-4,-36,-7,-38,-4,-35,-2,-35,-3,-32,0,-33,0,-31,-1,-33,-1,-31,0,-29,2,-28,2,-27,3,-28,2,-27,3,-23,0,-24,7,-22,6,-21,0,0,0,0,0,0,0,0,0,0,0,0,0,0,0,0,0,0,0,0,0,0,4,-11,6,-12,6,-13,5,-18,5,-20,9,-20,10,-19,12,-23,14,-26,16,-25,18,-30,23,-32,24,-34,33,-31,34,-32,36,-30,44,-31,43,-32,49,-34,49,-30,57,-23,58,-23,57,-24,62,-21,65,-17,65,-19,64,-18,67,-14,63,-11,69,-11,62,-9,67,-9,66,-7,66,-5,65,-6,68,-2,64,-5,64,-7,65,-9,65,-9,69,-7,65,-9,68,-7,67,-11,69,-13,66,-11,68,-8,66,-8,71,-11,65,-9,65,-9,65,-11,71,-12,66,-6,72,-8,74,-9,66,-7,0,0]"
CSI_DATA,325,2a:00:00:00:00:00,-43,11,1,0,1,1,1,0,0,0,1,-97,0,11,2,4626134,0,44,0,384,0,"[0,0,0,0,0,0,0,0,0,0,0,0,7,-10,6,-9,6,-9,6,-9,6,-9,6,-8,6,-9,5,-9,5,-8,5,-9,5,-9,5,-9,4,-9,4,-9,4,-9,4,-9,4,-9,4,-9,4,-9,4,-9,4,-8,4,-8,4,-8,3,-9,4,-8,4,-8,0,0,4,-8,4,-8,4,-7,4,-7,4,-6,4,-7,4,-7,4,-6,4,-6,4,-6,4,-5,3,-5,4,-5,3,-5,4,-5,3,-4,3,-4,3,-4,3,-3,4,-3,3,-3,3,-3,3,-3,3,-3,3,-2,3,-2,0,0,0,0,0,0,0,0,0,0,0,0,0,0,42,-48,45,-48,42,-51,43,-45,40,-48,40,-44,40,-45,38,-47,30,-43,35,-41,33,-42,31,-41,32,-45,29,-45,30,-44,26,-43,32,-46,27,-44,30,-46,26,-44,27,-48,25,-42,23,-45,24,-47,27,-42,26,-43,25,-42,25,-44,26,-39,26,-39,27,-41,27,-41,26,-40,24,-38,23,-34,27,-33,23,-34,22,-31,29,-29,27,-28,27,-28,22,-23,28,-27,24,-26,23,-26,22,-23,21,-21,23,-25,20,-19,18,-16,20,-17,20,-16,20,-16,19,-13,22,-12,19,-10,18,-8,0,0,0,0,0,0,0,0,0,0,0,0,0,0,0,0,0,0,0,0,0,0,10,-3,11,-3,10,-5,17,-8,19,-8,19,-6,24,-8,25,-6,27,-10,33,-7,34,-4,41,-1,40,-1,45,1,50,7,47,7,51,9,53,13,54,18,58,18,57,21,55,23,58,30,56,30,54,32,52,36,51,41,52,39,53,41,49,39,50,39,49,43,49,44,48,40,50,43,48,44,47,46,44,43,49,45,46,43,49,42,49,45,48,43,54,43,51,40,49,42,49,43,52,42,53,43,49,43,53,43,55,43,54,49,52,42,49,49,50,47,51,45,0,0]"
CSI_DATA,326,2a:00:00:00:00:00,-43,11,1,0,1,1,1,0,0,0,1,-97,0,11,2,4646109,0,44,0,384,0,"[0,0,0,0,0,0,0,0,0,0,0,0,10,1,10,1,10,0,10,1,9,0,10,0,9,0,9,0,9,0,9,0,9,-1,9,-1,9,-1,9,-1,9,-1,9,-1,9,-1,9,-1,9,-1,8,-1,8,-1,8,-1,9,-1,8,-1,8,-1,8,-1,0,0,8,-1,7,0,7,0,7,0,7,0,7,0,7,0,6,0,6,0,6,0,6,1,6,0,5,1,5,0,5,1,5,1,5,1,4,1,4,1,4,1,4,1,4,1,4,1,3,1,3,1,3,1,0,0,0,0,0,0,0,0,0,0,0,0,0,0,59,21,55,20,61,20,56,18,60,20,60,20,50,14,54,17,51,17,57,11,56,14,51,13,56,7,51,12,52,8,52,9,54,8,52,4,51,8,50,3,55,3,46,4,52,6,46,5,46,5,50,3,48,7,48,4,49,5,48,6,51,6,48,5,41,7,46,7,42,7,43,11,39,7,39,8,39,8,36,9,37,8,35,8,31,8,32,9,30,12,30,6,33,11,27,12,26,13,25,11,22,10,22,13,23,11,17,11,20,12,18,15,15,13,0,0,0,0,0,0,0,0,0,0,0,0,0,0,0,0,0,0,0,0,0,0,5,8,6,13,9,11,9,12,11,15,15,19,14,21,12,22,19,24,16,25,17,32,13,37,13,39,13,43,14,44,13,47,9,54,7,48,8,56,4,60,0,61,0,68,-7,58,-7,55,-14,62,-15,64,-14,65,-17,69,-17,63,-19,65,-18,61,-19,66,-21,64,-19,63,-21,61,-22,65,-22,59,-22,60,-21,58,-21,62,-17,66,-13,58,-20,65,-17,62,-21,63,-19,63,-19,68,-18,64,-18,66,-21,66,-18,59,-22,69,-21,69,-23,60,-22,67,-21,70,-25,65,0,0]"
CSI_DATA,327,2a:00:00:00:00:00,-44,11,1,0,1,1,1,0,0,0,1,-97,0,11,2,4656140,0,44,0,384,0,"[0,0,0,0,0,0,0,0,0,0,0,0,-12,0,-11,1,-11,1,-11,0,-11,0,-11,1,-11,1,-10,1,-10,1,-10,1,-10,2,-10,2,-10,2,-10,2,-9,2,-10,2,-10,2,-10,2,-9,2,-9,2,-9,2,-9,2,-9,2,-9,2,-9,1,-9,1,0,0,-9,2,-9,1,-9,1,-9,1,-8,0,-8,1,-8,1,-8,0,-8,0,-7,0,-7,0,-7,0,-6,0,-6,0,-6,0,-6,-1,-6,-1,-6,-1,-6,-1,-5,-1,-5,-1,-5,-1,-5,-1,-5,-2,-4,-2,-4,-2,0,0,0,0,0,0,0,0,0,0,0,0,0,0,-66,3,-67,6,-65,3,-62,4,-64,7,-63,9,-56,7,-60,7,-56,2,-54,7,-55,7,-54,9,-57,12,-51,10,-54,12,-53,16,-51,11,-49,13,-51,13,-47,14,-53,15,-52,13,-49,14,-42,12,-51,14,-46,14,-50,13,-47,12,-46,13,-47,13,-48,14,-49,10,-43,8,-45,11,-45,6,-43,7,-41,7,-39,5,-40,5,-40,4,-39,3,-37,3,-38,3,-36,0,-33,1,-34,1,-29,-2,-32,0,-29,-2,-27,-4,-30,-2,-25,-3,-26,-6,-24,-2,-22,-7,-21,-8,-20,-4,0,0,0,0,0,0,0,0,0,0,0,0,0,0,0,0,0,0,0,0,0,0,-11,-3,-13,-7,-18,-7,-17,-8,-17,-9,-21,-9,-23,-13,-24,-14,-28,-18,-29,-21,-26,-21,-30,-26,-32,-29,-33,-32,-35,-34,-29,-39,-36,-45,-29,-45,-34,-49,-30,-51,-26,-55,-26,-60,-19,-61,-22,-61,-19,-64,-21,-64,-17,-63,-14,-66,-9,-65,-11,-67,-10,-60,-6,-65,-8,-65,-9,-63,-3,-65,-8,-67,-7,-64,-7,-66,-9,-65,-9,-67,-9,-69,-13,-68,-12,-67,-11,-65,-11,-67,-14,-66,-11,-67,-10,-71,-11,-69,-8,-68,-8,-63,-11,-71,-8,-71,-13,-68,-10,-69,-12,-73,-7,-68,0,0]"
CSI_DATA,328,2a:00:00:00:00:00,-43,11,1,0,1,1,1,0,0,0,1,-97,0,11,2,4667877,0,44,0,384,0,"[0,0,0,0,0,0,0,0,0,0,0,0,11,-3,10,-3,10,-3,10,-3,10,-3,9,-3,9,-3,9,-3,9,-3,9,-4,9,-3,9,-4,8,-4,8,-4,8,-4,8,-5,8,-4,8,-4,8,-4,8,-4,8,-4,8,-4,8,-4,8,-4,8,-4,8,-3,0,0,7,-3,7,-3,7,-3,7,-3,7,-3,7,-3,7,-2,6,-2,6,-2,6,-2,6,-2,6,-2,5,-2,5,-2,5,-1,5,-1,5,-1,5,-1,5,-1,4,0,4,0,4,-1,4,0,4,0,4,0,3,0,0,0,0,0,0,0,0,0,0,0,0,0,0,0,63,-18,64,-14,61,-17,63,-16,64,-15,56,-15,54,-16,56,-14,52,-18,55,-19,52,-18,49,-18,50,-20,47,-19,49,-18,49,-22,46,-23,47,-19,45,-22,48,-22,49,-24,46,-22,46,-19,43,-22,48,-20,43,-21,47,-21,44,-22,44,-20,44,-19,46,-17,44,-16,42,-19,42,-18,41,-15,40,-16,40,-17,39,-13,39,-10,41,-12,38,-8,37,-7,34,-7,32,-6,29,-5,35,-9,27,-3,30,-5,29,1,26,-3,25,-2,28,-2,25,-1,24,-2,20,0,20,5,22,5,0,0,0,0,0,0,0,0,0,0,0,0,0,0,0,0,0,0,0,0,0,0,10,4,13,6,17,2,19,4,21,5,22,5,25,7,27,11,28,10,30,13,27,17,32,19,37,22,39,25,37,26,39,30,38,39,36,37,39,38,36,43,35,48,35,49,32,55,32,56,26,57,26,59,25,61,26,63,22,60,23,57,23,60,23,60,16,61,19,64,20,62,17,63,21,61,17,63,17,63,17,63,19,62,23,59,20,61,18,65,20,59,21,66,20,61,23,66,22,64,21,65,22,65,21,66,22,69,20,65,21,66,20,66,21,70,0,0]"
CSI_DATA,329,2a:00:00:00:00:00,-44,11,1,0,1,1,1,0,0,0,1,-97,0,11,2,4676329,0,44,0,384,0,"[0,0,0,0,0,0,0,0,0,0,0,0,8,7,8,7,8,7,7,7,7,6,8,6,7,6,7,5,7,5,7,5,7,5,8,5,8,5,8,5,8,5,8,4,8,4,8,4,8,4,8,4,7,4,8,4,7,4,7,4,7,4,7,4,0,0,7,4,6,4,6,4,7,4,6,4,6,4,5,4,5,4,5,4,5,4,5,4,4,4,4,4,4,4,4,3,4,3,3,4,3,3,3,3,3,3,2,3,2,3,2,3,2,3,2,3,2,3,0,0,0,0,0,0,0,0,0,0,0,0,0,0,47,46,47,46,49,44,48,39,46,38,43,40,38,41,45,37,44,37,41,33,42,32,44,31,44,28,41,29,43,28,49,25,43,27,48,25,43,22,43,23,47,24,46,24,49,22,43,24,43,20,44,22,45,21,43,25,42,25,43,21,42,21,40,20,39,24,38,23,38,23,33,22,36,23,33,21,34,21,32,19,33,21,30,21,27,23,27,21,28,20,23,21,24,20,21,20,23,18,21,21,19,18,20,18,16,16,16,15,16,18,12,18,12,21,0,0,0,0,0,0,0,0,0,0,0,0,0,0,0,0,0,0,0,0,0,0,1,12,1,13,-1,14,0,16,0,20,3,22,0,24,4,24,-1,32,-1,33,-4,38,-5,38,-5,42,-8,45,-10,49,-13,45,-22,51,-21,49,-22,49,-26,54,-28,55,-32,49,-33,53,-39,48,-41,48,-39,51,-42,48,-43,51,-46,48,-50,46,-46,46,-45,46,-47,42,-45,47,-46,48,-48,48,-46,47,-48,45,-48,46,-46,44,-44,45,-46,45,-45,47,-46,47,-41,48,-46,50,-41,54,-42,51,-45,51,-42,49,-47,53,-47,53,-48,53,-42,49,-50,52,-50,53,-50,52,0,0]"
CSI_DATA,330,2a:00:00:00:00:00,-44,11,1,0,1,1,1,0,0,0,1,-97,0,11,2,4687917,0,44,0,384,0,"[0,0,0,0,0,0,0,0,0,0,0,0,10,-4,10,-4,9,-4,10,-4,9,-4,9,-4,9,-5,8,-5,9,-5,8,-5,8,-5,8,-5,8,-5,8,-5,8,-5,8,-5,8,-5,7,-5,7,-5,8,-5,8,-5,7,-5,8,-5,7,-5,7,-5,7,-4,0,0,8,-4,7,-4,7,-4,7,-4,7,-3,7,-4,7,-3,6,-3,6,-2,6,-3,6,-2,6,-2,5,-2,5,-2,5,-2,5,-2,5,-2,5,-1,4,-1,4,-1,4,-1,4,-1,4,-1,4,0,3,0,3,0,0,0,0,0,0,0,0,0,0,0,0,0,0,0,65,-19,59,-18,61,-17,61,-14,59,-16,58,-18,55,-17,53,-16,51,-19,53,-18,50,-16,50,-20,52,-18,48,-20,47,-19,48,-24,46,-24,47,-25,48,-24,47,-22,52,-24,45,-22,45,-26,43,-23,40,-23,45,-21,43,-20,41,-18,42,-21,41,-20,45,-21,44,-18,38,-17,42,-18,43,-18,40,-13,39,-14,36,-13,37,-13,40,-12,39,-8,35,-11,36,-8,36,-9,32,-6,33,-5,31,-2,31,-6,27,-3,26,-1,27,0,24,-2,24,-4,22,2,22,-1,22,5,22,4,0,0,0,0,0,0,0,0,0,0,0,0,0,0,0,0,0,0,0,0,0,0,12,4,16,3,17,2,19,2,19,2,19,3,24,10,24,7,29,10,29,10,31,10,37,18,40,17,40,24,44,25,39,32,40,34,41,35,39,35,40,41,40,44,37,54,34,48,31,53,33,54,33,56,31,60,28,63,22,60,25,58,24,58,23,62,20,62,21,64,20,61,20,62,20,58,19,62,21,58,25,63,24,65,20,59,21,64,27,57,22,62,18,63,19,62,23,63,23,66,27,61,24,63,25,69,25,71,19,67,22,63,25,68,24,62,0,0]"
CSI_DATA,331,2a:00:00:00:00:00,-43,11,1,0,1,1,1,0,0,0,1,-97,0,11,2,4696345,0,44,0,384,0,"[0,0,0,0,0,0,0,0,0,0,0,0,6,9,5,9,6,9,5,9,5,8,5,8,5,8,5,7,6,7,6,7,6,7,6,7,6,7,6,7,6,6,6,7,6,6,6,6,6,7,6,6,6,6,6,6,5,6,5,6,5,7,5,6,0,0,5,6,5,6,4,6,4,6,4,6,4,6,4,6,4,5,3,6,3,5,3,5,3,5,2,5,2,5,2,5,2,5,2,5,1,4,1,4,1,4,1,4,1,4,1,4,0,4,0,4,0,3,0,0,0,0,0,0,0,0,0,0,0,0,0,0,16,63,20,66,20,64,19,59,17,60,18,58,16,58,16,57,20,54,22,48,21,52,26,51,22,49,21,50,22,44,24,48,22,45,26,46,24,46,26,47,24,46,27,46,25,41,25,44,23,44,23,45,23,43,23,44,22,45,23,40,21,40,22,42,18,44,19,43,18,40,12,42,14,38,14,40,13,39,14,36,13,36,11,36,8,35,8,36,6,34,5,33,5,29,6,29,4,28,2,29,2,30,0,26,2,27,-1,22,0,26,-4,23,-1,23,0,0,0,0,0,0,0,0,0,0,0,0,0,0,0,0,0,0,0,0,0,0,-4,13,-3,15,-3,14,-2,19,-3,18,-4,20,-8,21,-6,26,-8,31,-12,29,-15,35,-17,38,-21,39,-25,39,-26,40,-33,40,-34,38,-35,43,-38,39,-45,42,-45,42,-52,39,-52,39,-53,36,-57,32,-61,34,-63,30,-58,27,-64,26,-63,26,-67,27,-63,24,-62,23,-62,26,-62,23,-61,23,-63,22,-62,25,-62,24,-66,26,-63,24,-66,24,-61,25,-68,31,-62,27,-63,24,-66,28,-61,30,-65,30,-67,26,-66,28,-63,24,-65,25,-60,33,-67,28,-62,20,-63,17,0,0]"
CSI_DATA,332,2a:00:00:00:00:00,-43,11,1,0,1,1,1,0,0,0,1,-97,0,11,2,4716704,0,44,0,384,0,"[0,0,0,0,0,0,0,0,0,0,0,0,-11,3,-11,2,-11,3,-11,3,-10,3,-10,3,-10,3,-10,3,-10,3,-9,3,-9,3,-9,4,-9,4,-9,4,-9,4,-9,4,-9,4,-9,4,-8,4,-9,4,-9,3,-9,4,-9,4,-8,4,-8,3,-8,3,0,0,-8,3,-8,3,-7,3,-8,3,-7,2,-8,2,-7,2,-7,2,-7,1,-7,2,-7,2,-6,2,-6,2,-6,1,-6,1,-6,1,-6,1,-6,0,-6,0,-5,0,-5,0,-5,0,-5,0,-5,0,-5,0,-4,-1,0,0,0,0,0,0,0,0,0,0,0,0,0,0,-70,0,-65,-1,-68,0,-65,-4,-64,2,-62,2,-63,1,-62,3,-57,3,-60,2,-53,5,-55,5,-52,3,-50,8,-54,8,-53,9,-53,12,-55,11,-51,11,-52,8,-56,12,-49,12,-55,14,-52,13,-50,13,-53,10,-49,11,-52,12,-47,11,-50,12,-49,10,-51,6,-42,9,-49,9,-46,3,-44,7,-44,4,-44,7,-38,3,-40,1,-38,-1,-37,1,-38,1,-37,0,-35,1,-34,0,-31,-2,-33,-2,-31,-5,-28,-4,-30,-9,-26,-3,-29,-8,-24,-6,-24,-7,-23,-8,-23,-6,0,0,0,0,0,0,0,0,0,0,0,0,0,0,0,0,0,0,0,0,0,0,-11,-7,-14,-7,-15,-6,-17,-9,-16,-12,-21,-13,-21,-16,-20,-18,-27,-21,-29,-20,-27,-25,-29,-28,-31,-29,-29,-37,-30,-37,-29,-42,-27,-47,-25,-45,-27,-52,-22,-57,-23,-56,-20,-62,-21,-57,-18,-62,-15,-66,-15,-65,-11,-65,-9,-69,-7,-68,-9,-67,-5,-63,-4,-71,0,-68,-3,-64,-2,-67,-1,-68,-2,-62,-4,-65,-6,-67,-9,-67,-7,-67,-7,-65,-6,-68,-8,-62,-4,-70,-7,-72,-9,-70,-7,-70,-7,-70,-5,-70,-6,-70,-9,-73,-8,-72,-7,-70,-6,-70,-9,-77,-7,-70,0,0]"
CSI_DATA,333,2a:00:00:00:00:00,-44,11,1,0,1,1,1,0,0,0,1,-97,0,11,2,4747221,0,44,0,384,0,"[0,0,0,0,0,0,0,0,0,0,0,0,8,-8,8,-8,7,-8,8,-8,7,-8,7,-8,7,-7,7,-8,7,-7,6,-8,6,-8,6,-8,5,-8,5,-8,6,-8,6,-8,5,-9,5,-8,5,-8,5,-8,5,-8,5,-8,5,-7,5,-8,5,-8,5,-8,0,0,5,-7,5,-7,5,-7,5,-6,5,-6,5,-6,4,-6,5,-6,5,-5,5,-5,5,-5,5,-5,4,-5,4,-4,4,-4,4,-4,4,-4,4,-3,4,-3,3,-3,4,-3,3,-3,4,-2,3,-3,3,-2,3,-2,0,0,0,0,0,0,0,0,0,0,0,0,0,0,57,-28,61,-26,59,-26,57,-25,58,-26,56,-27,55,-30,52,-25,46,-25,49,-24,45,-30,45,-26,48,-27,47,-27,43,-27,44,-30,42,-32,43,-33,42,-28,41,-31,41,-29,38,-30,37,-31,40,-29,39,-27,39,-29,41,-26,39,-32,36,-28,41,-27,37,-25,39,-25,38,-26,39,-24,38,-26,37,-21,37,-21,36,-20,37,-19,36,-15,35,-18,33,-16,29,-14,32,-16,29,-13,30,-9,29,-8,30,-9,25,-8,26,-8,26,-6,25,-7,26,-4,26,-4,23,-2,20,-2,20,0,0,0,0,0,0,0,0,0,0,0,0,0,0,0,0,0,0,0,0,0,0,0,13,0,14,0,16,0,17,-1,19,1,19,3,23,5,24,2,28,5,33,5,34,8,34,10,42,12,42,15,43,18,42,24,45,26,48,30,46,30,46,39,46,39,40,46,40,47,41,50,40,50,35,51,36,56,36,53,33,60,32,57,31,58,32,54,30,58,31,59,27,57,29,55,27,58,31,57,32,58,34,58,28,61,32,56,31,53,31,58,32,57,30,61,30,60,30,56,33,61,33,61,35,62,36,62,30,59,30,61,33,65,28,59,35,64,0,0]"
CSI_DATA,334,2a:00:00:00:00:00,-44,11,1,0,1,1,1,0,0,0,1,-97,0,11,2,4756243,0,44,0,384,0,"[0,0,0,0,0,0,0,0,0,0,0,0,0,-11,0,-11,-1,-11,-1,-11,-1,-10,-1,-10,-1,-10,-1,-10,-1,-9,-1,-9,-1,-9,-1,-10,-2,-9,-2,-9,-2,-9,-2,-9,-3,-9,-2,-9,-3,-9,-2,-9,-2,-9,-2,-9,-2,-9,-2,-9,-2,-9,-2,-8,0,0,-2,-8,-2,-9,-2,-8,-1,-8,-1,-8,-1,-8,-1,-7,-1,-7,-1,-7,-1,-7,0,-7,0,-7,-1,-6,0,-6,-1,-6,0,-6,0,-6,0,-5,0,-5,0,-5,1,-5,0,-5,0,-5,1,-4,1,-4,1,-4,0,0,0,0,0,0,0,0,0,0,0,0,0,0,5,-65,5,-70,7,-65,5,-60,5,-66,1,-60,0,-64,1,-56,1,-56,1,-53,-2,-56,-3,-56,-5,-54,-5,-53,-3,-54,-6,-52,-8,-53,-9,-50,-4,-50,-8,-52,-8,-50,-7,-51,-10,-49,-10,-50,-5,-51,-7,-54,-11,-50,-7,-49,-4,-51,-7,-48,-9,-48,-6,-46,-5,-48,-3,-43,-4,-45,-3,-44,-2,-43,-2,-43,-1,-44,-1,-42,0,-41,-2,-36,2,-37,3,-35,4,-35,5,-35,5,-30,4,-32,5,-27,7,-30,7,-28,5,-26,6,-25,4,-25,7,-23,7,-21,7,-20,0,0,0,0,0,0,0,0,0,0,0,0,0,0,0,0,0,0,0,0,0,0,7,-12,7,-10,7,-14,8,-12,11,-16,9,-18,12,-21,15,-20,18,-26,23,-28,23,-25,27,-30,29,-24,34,-30,36,-29,43,-28,39,-25,48,-27,47,-27,52,-21,57,-24,57,-20,63,-16,61,-17,64,-14,65,-13,64,-6,63,-5,66,-7,64,-3,66,-4,62,0,65,-1,61,1,70,0,66,0,65,-2,62,-3,67,-4,65,-3,65,2,64,-2,65,2,70,-3,65,-3,67,-3,66,-3,68,-1,70,-5,70,-4,70,0,71,-4,65,1,71,-4,71,0,68,-2,72,3,0,0]"
CSI_DATA,335,2a:00:00:00:00:00,-44,11,1,0,1,1,1,0,0,0,1,-97,0,11,2,4766612,0,44,0,384,0,"[0,0,0,0,0,0,0,0,0,0,0,0,-11,3,-11,3,-10,4,-10,4,-10,3,-10,3,-10,3,-10,4,-9,4,-9,4,-9,4,-9,4,-9,4,-8,4,-8,4,-9,5,-9,4,-9,4,-8,5,-8,4,-8,4,-8,4,-9,4,-8,4,-8,4,-8,4,0,0,-8,4,-8,3,-8,3,-8,3,-7,3,-7,3,-7,2,-7,2,-7,2,-7,2,-7,2,-6,2,-6,2,-6,1,-6,1,-6,1,-6,1,-6,0,-5,0,-5,0,-5,0,-5,0,-5,-1,-5,0,-4,0,-4,-1,0,0,0,0,0,0,0,0,0,0,0,0,0,0,-69,10,-66,3,-62,6,-65,5,-62,8,-59,6,-59,8,-58,8,-56,9,-50,3,-56,6,-54,7,-54,10,-50,7,-52,11,-53,17,-52,12,-45,16,-49,14,-52,17,-49,18,-54,13,-45,18,-45,14,-52,11,-50,11,-48,15,-48,11,-46,11,-47,13,-47,14,-48,9,-45,12,-44,11,-46,7,-41,8,-44,7,-40,5,-39,5,-35,0,-39,1,-35,2,-36,2,-38,4,-34,0,-35,0,-31,-1,-32,-2,-31,-5,-30,-5,-30,-3,-28,-5,-25,-3,-25,-3,-24,-5,-22,-2,-21,-7,0,0,0,0,0,0,0,0,0,0,0,0,0,0,0,0,0,0,0,0,0,0,-13,-5,-14,-5,-16,-2,-18,-6,-20,-8,-19,-8,-26,-8,-21,-11,-27,-13,-29,-14,-32,-17,-31,-20,-35,-24,-33,-27,-34,-30,-34,-36,-35,-39,-36,-44,-37,-42,-34,-51,-32,-53,-32,-56,-30,-59,-27,-58,-23,-60,-23,-60,-21,-62,-20,-63,-20,-66,-17,-63,-15,-66,-16,-65,-12,-64,-14,-66,-12,-66,-9,-65,-9,-68,-14,-66,-16,-68,-12,-66,-13,-62,-17,-68,-15,-68,-17,-69,-15,-63,-15,-69,-10,-65,-15,-70,-16,-68,-15,-67,-17,-68,-17,-72,-10,-68,-13,-70,-12,-71,-15,-70,-11,-75,0,0]"
CSI_DATA,336,2a:00:00:00:00:00,-44,11,1,0,1,1,1,0,0,0,1,-97,0,11,2,4776506,0,44,0,384,0,"[0,0,0,0,0,0,0,0,0,0,0,0,-2,10,-2,11,-2,10,-2,10,-2,10,-2,10,-2,9,-1,9,-1,9,-1,9,-1,9,0,9,0,9,0,9,0,9,0,9,0,9,0,8,0,9,0,9,-1,9,-1,9,-1,8,0,8,0,8,0,8,0,0,-1,8,-1,8,-1,8,-1,7,-1,7,-1,7,-1,7,-2,7,-2,6,-1,6,-1,6,-2,6,-2,6,-2,5,-2,5,-1,5,-2,5,-2,4,-2,4,-2,4,-2,4,-2,3,-2,3,-2,3,-2,3,-3,3,0,0,0,0,0,0,0,0,0,0,0,0,0,0,-3,66,0,68,-3,68,-4,65,-4,67,-2,57,-4,58,-2,59,-5,59,2,55,0,56,-2,53,3,51,1,54,1,51,-1,54,4,53,7,50,7,51,6,50,9,51,4,47,7,50,4,52,1,49,4,49,5,48,4,51,3,49,6,45,4,49,0,45,-2,46,0,44,-1,44,-1,41,-1,42,-4,42,-3,42,-3,36,-7,36,-5,34,-7,35,-3,34,-9,32,-4,31,-6,29,-8,27,-7,30,-8,28,-9,24,-11,22,-11,23,-10,20,-11,18,-12,20,-10,18,0,0,0,0,0,0,0,0,0,0,0,0,0,0,0,0,0,0,0,0,0,0,-4,9,-7,12,-5,15,-6,17,-9,19,-6,20,-12,21,-13,23,-17,26,-16,26,-25,28,-25,32,-28,32,-29,33,-35,35,-38,31,-44,31,-43,30,-45,31,-51,32,-55,28,-56,25,-59,20,-63,22,-63,16,-64,19,-63,16,-65,9,-69,9,-69,9,-67,6,-69,6,-68,6,-64,8,-66,6,-63,2,-64,3,-66,5,-64,6,-69,7,-67,4,-67,5,-68,4,-68,4,-67,3,-73,8,-65,5,-67,4,-75,8,-74,3,-69,4,-70,6,-71,2,-69,4,-74,3,-75,1,-74,-1,0,0]"
CSI_DATA,337,2a:00:00:00:00:00,-43,11,1,0,1,1,1,0,0,0,1,-97,0,11,2,4787617,0,44,0,384,0,"[0,0,0,0,0,0,0,0,0,0,0,0,1,10,0,10,1,10,1,9,1,9,1,9,1,9,1,8,1,9,1,8,1,8,1,8,2,8,2,8,2,8,2,8,2,8,2,8,2,8,2,8,1,8,2,8,1,8,2,8,2,7,1,7,0,0,1,7,1,7,1,7,1,7,1,7,0,7,0,6,0,6,0,6,0,6,0,6,0,5,0,5,-1,5,0,5,0,5,-1,5,-1,4,-1,4,-1,4,-1,4,-1,3,-1,4,-1,3,-2,3,-2,3,0,0,0,0,0,0,0,0,0,0,0,0,0,0,4,61,2,62,8,66,3,59,5,58,6,61,0,54,5,61,6,52,6,54,9,52,7,54,10,51,8,46,6,46,10,50,12,51,9,48,15,51,11,47,16,51,11,45,14,49,14,42,12,47,14,47,12,43,9,45,10,46,11,43,9,42,9,49,6,39,5,44,7,37,6,43,8,38,3,41,2,39,6,38,4,34,3,34,0,36,-1,33,-2,33,2,28,-3,31,-1,28,-1,30,-2,24,-4,27,-5,24,-4,23,-5,23,-4,19,-6,21,-8,17,0,0,0,0,0,0,0,0,0,0,0,0,0,0,0,0,0,0,0,0,0,0,-4,10,-7,13,-4,13,-7,17,-6,19,-8,20,-7,23,-9,25,-12,27,-15,29,-18,30,-21,29,-25,33,-30,32,-31,37,-37,32,-39,36,-41,34,-44,39,-47,35,-48,33,-53,31,-52,26,-58,26,-58,24,-57,22,-61,20,-61,20,-61,16,-66,19,-60,11,-66,17,-61,12,-63,14,-62,14,-64,13,-60,9,-65,9,-63,11,-65,10,-64,13,-62,14,-65,13,-60,15,-66,15,-67,14,-67,14,-65,13,-67,12,-64,13,-70,12,-68,14,-68,10,-64,9,-71,9,-76,12,-69,7,0,0]"
CSI_DATA,338,2a:00:00:00:00:00,-44,11,1,0,1,1,1,0,0,0,1,-97,0,11,2,4796190,0,44,0,384,0,"[0,0,0,0,0,0,0,0,0,0,0,0,8,8,7,8,7,7,7,7,7,7,7,7,7,6,7,6,7,6,7,6,7,5,7,5,7,5,7,5,7,5,8,4,8,4,7,4,7,5,7,5,7,5,7,5,7,4,7,4,7,5,7,4,0,0,7,4,6,4,6,4,6,4,6,4,5,4,5,4,5,4,5,4,5,4,4,4,4,4,4,4,4,3,4,3,3,3,3,3,3,3,3,3,2,3,2,3,2,3,2,3,2,3,2,3,1,3,0,0,0,0,0,0,0,0,0,0,0,0,0,0,42,46,44,51,49,52,45,45,44,44,44,42,47,41,43,43,43,40,41,36,42,35,40,34,40,35,40,32,42,31,43,30,43,32,39,28,40,28,44,24,45,27,41,25,43,22,41,26,43,30,41,24,42,27,41,25,40,24,38,24,38,25,38,25,35,26,36,22,35,22,35,25,32,28,30,22,30,23,30,22,28,21,29,23,24,21,24,19,26,21,21,23,23,21,23,21,19,22,21,21,17,19,15,20,13,18,12,21,13,20,11,17,9,18,0,0,0,0,0,0,0,0,0,0,0,0,0,0,0,0,0,0,0,0,0,0,2,13,3,11,3,16,2,14,1,18,3,23,5,23,0,25,5,29,2,32,-3,37,0,41,-6,43,-8,43,-11,45,-13,48,-14,52,-15,49,-19,52,-26,56,-29,53,-31,54,-35,53,-39,53,-40,49,-45,53,-43,51,-45,50,-44,47,-45,48,-47,45,-48,48,-50,48,-47,45,-50,45,-50,43,-48,46,-49,47,-49,46,-48,47,-49,47,-47,49,-47,49,-48,47,-46,51,-46,47,-50,50,-47,53,-50,52,-50,52,-49,55,-49,55,-49,56,-46,53,-53,52,-50,53,-47,50,0,0]"
CSI_DATA,339,2a:00:00:00:00:00,-44,11,1,0,1,1,1,0,0,0,1,-97,0,11,2,4806175,0,44,0,384,0,"[0,0,0,0,0,0,0,0,0,0,0,0,-3,-12,-2,-11,-3,-11,-3,-11,-3,-11,-3,-10,-3,-10,-3,-10,-3,-10,-3,-10,-3,-10,-4,-10,-4,-10,-4,-9,-4,-9,-4,-10,-4,-9,-4,-9,-4,-9,-4,-9,-4,-9,-4,-9,-3,-9,-4,-9,-3,-9,-3,-9,0,0,-3,-8,-3,-8,-3,-8,-3,-8,-2,-8,-2,-8,-3,-8,-2,-7,-2,-7,-2,-7,-2,-7,-1,-7,-1,-6,-1,-6,-1,-6,-1,-6,-1,-6,-1,-6,-1,-5,-1,-5,0,-5,0,-5,0,-5,0,-5,0,-4,0,-4,0,0,0,0,0,0,0,0,0,0,0,0,0,0,-6,-68,-12,-70,-7,-66,-10,-66,-13,-65,-11,-60,-11,-60,-9,-60,-9,-59,-11,-54,-10,-57,-10,-56,-13,-53,-14,-51,-15,-50,-17,-48,-18,-52,-18,-52,-19,-52,-17,-48,-16,-50,-18,-48,-19,-51,-17,-45,-15,-54,-17,-47,-15,-48,-17,-48,-14,-48,-18,-46,-16,-46,-14,-46,-12,-48,-14,-43,-12,-40,-9,-42,-12,-42,-11,-40,-6,-38,-10,-38,-6,-38,-7,-35,-5,-38,-6,-36,-3,-30,-5,-30,-3,-30,-1,-31,-2,-28,0,-28,-1,-28,1,-24,4,-26,3,-25,4,-19,2,-24,4,-21,0,0,0,0,0,0,0,0,0,0,0,0,0,0,0,0,0,0,0,0,0,0,1,-11,4,-13,3,-13,0,-19,5,-20,4,-17,8,-22,9,-25,12,-27,12,-27,15,-29,17,-34,22,-35,29,-38,28,-35,35,-36,37,-36,40,-34,43,-39,48,-36,50,-34,56,-35,56,-32,59,-29,62,-27,61,-28,61,-22,65,-22,65,-19,66,-22,61,-17,67,-18,66,-15,65,-13,65,-13,65,-13,64,-20,63,-15,67,-14,65,-18,68,-18,61,-19,63,-17,67,-21,65,-21,64,-11,64,-15,67,-20,68,-18,70,-20,67,-15,68,-18,73,-19,68,-19,72,-16,71,-17,71,-11,0,0]"
CSI_DATA,340,2a:00:00:00:00:00,-44,11,1,0,1,1,1,0,0,0,1,-97,0,11,2,4816201,0,44,0,384,0,"[0,0,0,0,0,0,0,0,0,0,0,0,4,10,3,9,4,9,3,9,3,9,3,8,4,8,3,8,3,8,4,8,3,7,4,7,4,8,4,7,3,7,4,7,4,7,4,7,4,7,4,7,3,7,3,7,3,7,3,7,3,7,3,7,0,0,3,7,3,7,2,6,2,6,2,6,2,6,2,6,2,6,1,5,2,6,1,5,1,5,1,5,1,5,1,5,1,4,0,5,0,4,0,4,0,4,0,4,0,4,-1,3,-1,3,-1,3,-1,3,0,0,0,0,0,0,0,0,0,0,0,0,0,0,34,59,33,63,36,59,32,55,34,54,29,55,29,47,33,52,29,49,32,49,33,44,32,44,33,42,28,44,31,42,32,40,34,42,33,40,36,39,31,38,37,35,33,39,37,35,32,36,32,39,32,38,30,36,30,38,32,37,29,36,28,34,33,34,28,36,27,34,31,31,24,34,25,36,25,31,21,33,23,27,18,30,17,28,13,31,17,26,18,25,15,28,16,27,12,23,13,27,9,24,9,22,10,23,10,25,5,24,6,20,5,22,3,23,0,0,0,0,0,0,0,0,0,0,0,0,0,0,0,0,0,0,0,0,0,0,-3,13,0,13,2,13,3,17,2,18,1,22,1,22,-1,25,2,29,-4,32,-5,37,-6,39,-9,39,-8,45,-14,47,-18,47,-20,50,-27,49,-26,50,-34,50,-36,50,-37,50,-44,50,-44,51,-48,45,-47,47,-51,46,-52,45,-50,43,-53,41,-54,40,-56,39,-53,40,-55,40,-55,39,-54,38,-53,38,-54,36,-57,37,-56,41,-57,36,-54,40,-57,42,-56,40,-57,41,-53,40,-55,42,-59,43,-59,41,-55,40,-55,43,-58,42,-54,41,-61,42,-66,42,-62,41,-60,39,0,0]"
CSI_DATA,341,2a:00:00:00:00:00,-44,11,1,0,1,1,1,0,0,0,1,-97,0,11,2,4826491,0,44,0,384,0,"[0,0,0,0,0,0,0,0,0,0,0,0,9,3,9,3,9,3,9,4,9,3,8,3,8,2,8,2,8,2,9,2,8,2,8,2,8,2,8,2,8,1,8,1,8,1,8,1,8,1,8,1,8,2,8,2,8,1,7,1,7,2,7,2,0,0,7,2,7,2,7,2,7,2,6,2,6,2,6,2,5,2,6,2,5,2,5,2,4,2,4,2,4,2,4,2,4,2,4,2,4,2,4,2,3,2,3,2,3,2,3,2,2,2,2,2,2,2,0,0,0,0,0,0,0,0,0,0,0,0,0,0,64,18,66,22,64,18,60,18,62,15,58,19,57,17,55,16,57,14,54,14,51,15,52,12,56,11,52,10,51,8,54,6,52,6,52,5,49,4,53,8,53,4,51,4,50,3,47,4,47,8,48,10,48,5,47,4,44,6,48,4,47,5,47,8,44,9,41,8,43,7,42,8,37,11,40,12,39,11,39,11,36,9,33,11,34,11,28,10,30,10,28,9,30,11,27,11,25,11,25,15,25,13,20,10,21,13,20,14,22,11,19,10,16,13,0,0,0,0,0,0,0,0,0,0,0,0,0,0,0,0,0,0,0,0,0,0,7,7,7,9,12,9,13,12,15,11,14,15,16,17,16,18,18,18,22,23,19,28,23,28,23,34,21,38,21,39,17,45,17,49,18,50,17,51,11,57,7,59,8,65,6,66,3,62,-2,63,-1,66,-3,66,-7,67,-9,69,-10,66,-10,64,-13,66,-14,66,-17,64,-19,66,-14,67,-14,66,-13,66,-15,65,-13,67,-15,70,-11,67,-12,67,-12,75,-14,66,-18,69,-12,67,-15,70,-17,70,-15,70,-15,66,-15,76,-15,70,-15,73,-11,74,-19,72,-17,74,0,0]"
CSI_DATA,342,2a:00:00:00:00:00,-44,11,1,0,1,1,1,0,0,0,1,-97,0,11,2,4848136,0,44,0,384,0,"[0,0,0,0,0,0,0,0,0,0,0,0,-7,8,-7,8,-6,8,-6,8,-6,7,-6,7,-6,7,-6,7,-6,7,-5,8,-5,8,-5,7,-4,8,-4,8,-5,8,-4,7,-5,8,-5,7,-4,7,-4,7,-4,7,-4,7,-5,7,-4,7,-4,7,-5,7,0,0,-5,6,-4,6,-5,6,-5,6,-4,5,-5,5,-4,5,-4,5,-5,5,-4,4,-4,4,-4,4,-4,4,-4,4,-4,3,-4,3,-4,3,-4,3,-4,3,-4,2,-4,2,-4,2,-4,2,-4,2,-4,2,-4,1,0,0,0,0,0,0,0,0,0,0,0,0,0,0,-44,49,-40,48,-44,53,-40,44,-39,46,-42,46,-38,44,-37,46,-30,42,-34,41,-33,41,-31,40,-33,44,-30,38,-30,43,-29,41,-27,44,-26,43,-29,45,-27,42,-27,43,-24,41,-25,43,-25,40,-26,42,-26,35,-28,36,-25,39,-25,37,-25,38,-25,35,-25,36,-23,36,-26,37,-23,33,-28,30,-23,32,-26,29,-23,31,-20,26,-24,26,-24,21,-22,23,-24,24,-25,26,-22,22,-24,22,-22,20,-21,17,-18,16,-19,18,-21,15,-20,14,-20,12,-19,12,-20,8,-18,9,0,0,0,0,0,0,0,0,0,0,0,0,0,0,0,0,0,0,0,0,0,0,-10,5,-13,5,-14,4,-16,5,-18,10,-19,10,-21,10,-26,10,-25,10,-30,9,-32,7,-35,8,-38,8,-42,3,-49,5,-45,0,-55,-5,-53,-2,-59,-7,-60,-8,-61,-12,-59,-18,-55,-19,-61,-20,-60,-26,-62,-29,-58,-30,-62,-34,-57,-30,-60,-36,-52,-30,-59,-37,-55,-35,-56,-33,-57,-36,-53,-37,-50,-35,-56,-35,-54,-40,-58,-34,-60,-40,-54,-35,-60,-39,-57,-35,-57,-40,-57,-37,-56,-38,-60,-39,-58,-38,-57,-40,-58,-40,-57,-40,-60,-45,-55,-38,-58,-43,-56,-45,-56,-44,0,0]"
CSI_DATA,343,2a:00:00:00:00:00,-44,11,1,0,1,1,1,0,0,0,1,-97,0,11,2,4856152,0,44,0,384,0,"[0,0,0,0,0,0,0,0,0,0,0,0,-11,-5,-10,-5,-10,-5,-10,-5,-10,-4,-10,-4,-10,-4,-10,-4,-9,-4,-9,-3,-10,-3,-9,-3,-9,-3,-9,-3,-9,-3,-9,-3,-10,-2,-9,-2,-9,-2,-9,-3,-9,-3,-9,-3,-9,-3,-9,-2,-8,-3,-9,-3,0,0,-8,-3,-8,-3,-8,-3,-8,-3,-7,-3,-7,-3,-7,-3,-7,-3,-7,-3,-7,-3,-6,-3,-6,-3,-6,-3,-5,-3,-6,-3,-5,-3,-5,-3,-5,-3,-4,-3,-4,-3,-4,-3,-4,-3,-4,-3,-4,-3,-3,-3,-3,-3,0,0,0,0,0,0,0,0,0,0,0,0,0,0,-55,-31,-56,-36,-57,-34,-53,-32,-59,-33,-53,-31,-50,-32,-48,-27,-48,-25,-49,-23,-49,-26,-47,-24,-49,-24,-49,-20,-45,-20,-49,-20,-49,-16,-50,-19,-47,-14,-45,-22,-49,-21,-47,-16,-44,-18,-44,-18,-45,-17,-44,-20,-46,-18,-43,-19,-43,-16,-45,-17,-41,-20,-43,-19,-37,-21,-35,-19,-37,-21,-37,-18,-34,-20,-34,-20,-34,-16,-32,-20,-33,-17,-31,-19,-29,-18,-27,-20,-26,-17,-26,-17,-23,-16,-22,-17,-20,-18,-18,-19,-21,-15,-17,-19,-17,-18,-15,-17,-15,-19,-15,-17,-12,-19,0,0,0,0,0,0,0,0,0,0,0,0,0,0,0,0,0,0,0,0,0,0,-9,-11,-7,-10,-8,-12,-7,-14,-13,-12,-13,-17,-16,-19,-14,-22,-18,-27,-14,-23,-17,-32,-18,-36,-17,-35,-16,-41,-15,-48,-12,-46,-10,-48,-8,-52,-7,-53,-1,-57,-2,-58,5,-61,4,-60,9,-61,11,-62,16,-66,14,-66,19,-67,19,-61,22,-62,19,-64,21,-62,24,-57,21,-64,24,-64,25,-63,25,-57,24,-61,27,-62,31,-62,29,-65,27,-59,26,-64,25,-63,28,-62,22,-62,24,-62,25,-66,28,-65,30,-65,32,-67,26,-68,32,-66,31,-62,33,-65,33,-68,31,-62,0,0]"
CSI_DATA,344,2a:00:00:00:00:00,-43,11,1,0,1,1,1,0,0,0,1,-97,0,11,2,4866126,0,44,0,384,0,"[0,0,0,0,0,0,0,0,0,0,0,0,4,10,4,9,5,9,4,9,4,9,4,8,4,8,4,8,4,7,4,8,4,7,5,7,4,7,5,7,5,7,5,7,5,7,5,7,5,7,4,7,4,7,4,7,4,7,4,6,4,7,4,6,0,0,4,6,4,7,3,6,3,6,3,6,3,6,3,6,3,6,2,5,2,5,2,5,2,5,2,5,2,5,2,5,1,4,1,5,1,4,1,4,1,4,1,4,0,4,0,4,0,4,0,3,-1,3,0,0,0,0,0,0,0,0,0,0,0,0,0,0,21,67,15,62,17,70,19,60,19,59,17,60,15,55,15,63,21,52,20,54,20,51,21,48,20,49,18,48,22,44,22,45,25,45,23,43,26,46,25,44,29,47,24,43,27,43,24,44,23,44,24,41,26,43,25,41,22,43,23,43,21,42,20,39,19,38,23,41,16,37,13,38,15,38,15,36,12,35,15,37,14,37,11,35,13,30,11,33,11,35,8,28,6,29,9,25,5,28,6,28,4,26,5,26,4,24,4,24,0,19,-1,23,-1,24,0,0,0,0,0,0,0,0,0,0,0,0,0,0,0,0,0,0,0,0,0,0,-5,10,-1,13,-3,14,-3,16,-2,18,-2,20,-5,22,-7,24,-9,27,-10,28,-9,33,-16,36,-18,38,-20,40,-22,41,-29,43,-33,44,-32,40,-41,46,-41,42,-46,42,-51,40,-51,40,-55,39,-60,38,-58,34,-60,32,-63,33,-60,29,-63,32,-59,26,-64,28,-64,25,-63,29,-68,25,-63,20,-62,26,-65,25,-63,24,-63,26,-65,25,-61,30,-65,30,-65,27,-69,27,-63,28,-61,28,-66,30,-70,26,-71,27,-67,28,-69,26,-68,26,-68,27,-74,25,-68,25,-71,26,0,0]"
CSI_DATA,345,2a:00:00:00:00:00,-44,11,1,0,1,1,1,0,0,0,1,-97,0,11,2,4876163,0,44,0,384,0,"[0,0,0,0,0,0,0,0,0,0,0,0,-5,-11,-5,-10,-6,-10,-5,-10,-5,-10,-5,-9,-5,-9,-5,-9,-5,-8,-5,-9,-5,-9,-5,-9,-6,-8,-5,-8,-5,-8,-6,-8,-6,-8,-6,-8,-6,-8,-6,-8,-5,-8,-5,-8,-5,-8,-5,-8,-5,-8,-5,-8,0,0,-4,-7,-4,-8,-4,-7,-4,-7,-4,-7,-3,-7,-3,-7,-3,-7,-3,-7,-3,-7,-3,-7,-3,-6,-2,-6,-2,-6,-2,-6,-2,-6,-2,-6,-2,-5,-1,-5,-1,-5,-1,-5,-1,-5,-1,-5,0,-4,0,-4,0,-4,0,0,0,0,0,0,0,0,0,0,0,0,0,0,-32,-63,-32,-59,-30,-57,-33,-61,-35,-59,-32,-52,-30,-52,-28,-51,-30,-54,-28,-48,-31,-48,-29,-45,-32,-46,-30,-45,-27,-43,-33,-44,-33,-45,-30,-43,-33,-42,-32,-43,-32,-40,-33,-41,-33,-37,-32,-37,-32,-41,-32,-39,-30,-41,-29,-39,-30,-39,-28,-38,-28,-35,-26,-35,-26,-38,-25,-37,-24,-36,-22,-33,-23,-36,-21,-34,-19,-38,-23,-34,-20,-31,-18,-32,-15,-32,-14,-30,-16,-31,-15,-29,-17,-29,-16,-29,-13,-27,-11,-26,-11,-26,-9,-25,-8,-26,-7,-25,-4,-24,-2,-22,-2,-23,0,0,0,0,0,0,0,0,0,0,0,0,0,0,0,0,0,0,0,0,0,0,-1,-10,-3,-14,-3,-15,-3,-17,0,-17,-1,-21,-2,-24,-3,-27,0,-28,0,-29,4,-35,6,-39,7,-42,8,-45,13,-46,15,-47,17,-49,21,-51,25,-47,28,-54,32,-54,37,-57,45,-54,42,-48,46,-48,45,-47,47,-47,49,-45,54,-44,52,-43,53,-41,51,-40,56,-40,53,-39,56,-43,53,-40,54,-38,58,-39,55,-40,55,-42,54,-41,58,-46,55,-44,58,-41,55,-40,51,-44,51,-44,55,-43,58,-44,61,-43,57,-40,61,-40,60,-42,60,-42,64,-40,63,-38,65,-44,0,0]"
CSI_DATA,346,2a:00:00:00:00:00,-44,11,1,0,1,1,1,0,0,0,1,-97,0,11,2,4886153,0,44,0,384,0,"[0,0,0,0,0,0,0,0,0,0,0,0,-1,11,-1,11,-1,10,-1,10,-1,10,-1,10,-1,9,-1,9,-1,9,0,9,0,9,0,9,0,9,0,9,0,9,0,9,1,9,0,8,0,9,0,9,0,9,0,8,0,8,0,8,0,8,0,8,0,0,-1,8,-1,7,0,8,-1,7,-1,7,-1,7,-1,7,-1,6,-2,6,-1,6,-2,6,-2,5,-2,5,-2,5,-2,5,-2,5,-2,5,-2,4,-2,4,-2,4,-2,4,-2,4,-2,3,-3,3,-2,3,-3,3,0,0,0,0,0,0,0,0,0,0,0,0,0,0,-21,67,-19,66,-21,67,-15,64,-18,61,-21,59,-17,58,-16,57,-15,54,-17,49,-11,50,-13,52,-12,52,-11,49,-11,48,-9,53,-12,55,-9,51,-7,51,-5,50,-6,50,-7,51,-7,47,-3,52,-7,49,-8,50,-8,47,-8,48,-10,45,-7,45,-11,47,-7,48,-9,44,-9,43,-8,43,-11,41,-13,38,-10,39,-11,38,-11,36,-7,36,-12,32,-13,29,-15,34,-14,32,-11,29,-13,29,-12,28,-12,27,-12,25,-11,23,-10,24,-14,22,-14,20,-18,17,-16,17,-16,19,0,0,0,0,0,0,0,0,0,0,0,0,0,0,0,0,0,0,0,0,0,0,-7,8,-10,7,-8,12,-9,10,-12,16,-15,17,-14,19,-17,18,-20,22,-19,25,-24,24,-31,23,-32,27,-38,25,-39,30,-43,19,-51,23,-50,21,-50,19,-55,21,-60,15,-65,13,-66,11,-65,8,-65,3,-67,2,-70,-1,-70,-2,-68,-1,-73,-5,-67,-3,-70,-7,-68,-7,-65,-6,-68,-10,-69,-8,-67,-11,-68,-8,-69,-11,-71,-12,-68,-11,-70,-11,-68,-13,-71,-9,-67,-11,-71,-4,-70,-10,-72,-5,-73,-8,-71,-15,-73,-16,-74,-16,-73,-16,-70,-18,-74,-18,-72,-17,-69,-14,0,0]"
CSI_DATA,347,2a:00:00:00:00:00,-44,11,1,0,1,1,1,0,0,0,1,-97,0,11,2,4901098,0,44,0,384,0,"[0,0,0,0,0,0,0,0,0,0,0,0,1,11,1,10,1,10,1,10,1,9,1,9,1,9,1,9,2,9,1,9,2,9,2,9,2,9,2,8,2,8,2,8,2,8,2,8,2,8,2,8,2,8,2,8,2,8,2,8,1,8,1,8,0,0,1,7,1,7,1,7,1,7,0,7,0,7,0,7,0,6,0,6,0,6,0,6,0,6,-1,5,-1,5,0,5,0,5,-1,5,-1,4,-1,4,-1,4,-1,4,-1,4,-1,4,-2,4,-2,3,-2,3,0,0,0,0,0,0,0,0,0,0,0,0,0,0,-1,68,-2,66,-2,65,-1,61,0,67,-2,60,0,57,-3,54,1,55,2,52,3,54,4,50,3,50,2,50,4,46,7,47,5,48,11,53,9,44,3,49,8,47,8,47,10,46,7,48,7,46,8,48,6,44,7,45,8,45,7,45,5,45,4,44,5,43,5,43,6,40,0,39,1,36,5,40,0,36,-1,37,1,38,-2,35,-4,32,-3,33,-2,32,-1,29,-5,31,-6,28,-4,24,-5,25,-3,25,-6,25,-8,25,-10,21,-8,20,-10,18,-7,20,0,0,0,0,0,0,0,0,0,0,0,0,0,0,0,0,0,0,0,0,0,0,-4,12,-6,10,-8,10,-6,15,-7,16,-10,18,-11,18,-12,20,-14,23,-14,25,-19,26,-20,30,-24,34,-31,31,-33,36,-35,30,-39,29,-41,35,-44,32,-48,31,-50,30,-59,30,-54,27,-60,25,-61,23,-62,22,-61,16,-64,17,-66,14,-62,15,-63,10,-67,12,-64,10,-65,12,-65,7,-66,9,-62,10,-63,5,-70,7,-70,10,-70,8,-67,10,-66,7,-68,9,-70,10,-64,14,-70,8,-70,11,-71,11,-70,4,-67,2,-71,6,-73,4,-66,3,-71,4,-70,3,-69,5,0,0]"
CSI_DATA,348,2a:00:00:00:00:00,-44,11,1,0,1,1,1,0,0,0,1,-97,0,11,2,4918008,0,44,0,384,0,"[0,0,0,0,0,0,0,0,0,0,0,0,-9,-8,-9,-8,-9,-7,-8,-7,-8,-7,-8,-6,-8,-6,-8,-6,-8,-6,-8,-6,-8,-6,-8,-5,-8,-5,-8,-5,-8,-5,-8,-5,-8,-5,-8,-5,-8,-5,-8,-5,-8,-5,-8,-5,-8,-6,-8,-5,-7,-5,-8,-5,0,0,-7,-5,-7,-5,-6,-5,-7,-5,-6,-5,-6,-5,-6,-5,-5,-5,-5,-5,-5,-5,-5,-5,-4,-5,-5,-5,-4,-4,-4,-5,-4,-4,-4,-4,-4,-5,-3,-4,-3,-4,-3,-4,-3,-4,-3,-4,-2,-4,-2,-4,-2,-4,0,0,0,0,0,0,0,0,0,0,0,0,0,0,-47,-44,-48,-46,-47,-43,-48,-39,-45,-40,-45,-39,-45,-39,-43,-40,-40,-37,-45,-36,-44,-34,-44,-32,-44,-30,-43,-26,-41,-33,-42,-31,-42,-28,-41,-26,-45,-25,-44,-26,-43,-23,-41,-25,-44,-25,-41,-25,-41,-24,-38,-27,-41,-24,-40,-26,-38,-27,-40,-25,-38,-26,-40,-27,-35,-25,-35,-26,-37,-24,-33,-24,-29,-25,-31,-23,-29,-25,-27,-26,-29,-27,-25,-23,-27,-20,-23,-21,-23,-24,-21,-19,-19,-23,-18,-23,-19,-24,-17,-19,-15,-23,-17,-18,-14,-21,-12,-20,-10,-21,-11,-19,-8,-19,0,0,0,0,0,0,0,0,0,0,0,0,0,0,0,0,0,0,0,0,0,0,-5,-10,-7,-12,-7,-15,-9,-15,-10,-19,-9,-17,-10,-20,-12,-24,-12,-29,-12,-26,-11,-34,-12,-38,-10,-40,-9,-42,-7,-45,-4,-48,-1,-51,0,-53,-1,-57,3,-59,6,-56,11,-61,14,-59,18,-61,20,-58,24,-60,24,-59,29,-60,29,-61,32,-57,33,-58,34,-60,35,-57,34,-57,31,-57,32,-55,35,-57,35,-57,36,-55,35,-56,37,-59,32,-57,36,-59,37,-57,39,-57,33,-59,34,-58,35,-62,37,-60,38,-62,36,-54,39,-60,43,-61,38,-59,43,-59,42,-63,47,-58,0,0]"
CSI_DATA,349,2a:00:00:00:00:00,-44,11,1,0,1,1,1,0,0,0,1,-97,0,11,2,4946167,0,44,0,384,0,"[0,0,0,0,0,0,0,0,0,0,0,0,-8,-8,-8,-8,-8,-8,-8,-8,-8,-8,-8,-7,-8,-7,-8,-7,-8,-6,-8,-6,-8,-6,-8,-6,-8,-5,-8,-6,-8,-6,-8,-5,-8,-5,-8,-5,-8,-5,-8,-5,-8,-5,-7,-6,-7,-5,-7,-5,-7,-5,-7,-5,0,0,-7,-5,-7,-5,-6,-5,-6,-5,-6,-5,-6,-5,-6,-5,-5,-5,-5,-5,-5,-5,-5,-5,-4,-5,-4,-5,-4,-5,-4,-5,-4,-4,-4,-4,-3,-4,-4,-4,-3,-4,-3,-4,-3,-4,-2,-4,-2,-4,-2,-4,-2,-4,0,0,0,0,0,0,0,0,0,0,0,0,0,0,-41,-57,-42,-54,-41,-55,-39,-52,-43,-48,-42,-49,-37,-45,-42,-46,-35,-45,-37,-46,-35,-45,-33,-42,-35,-41,-33,-38,-39,-33,-40,-34,-38,-36,-38,-34,-37,-36,-37,-35,-41,-35,-42,-30,-39,-33,-37,-34,-31,-34,-35,-33,-36,-32,-38,-29,-37,-31,-37,-27,-37,-29,-34,-33,-30,-35,-30,-35,-33,-30,-27,-31,-24,-29,-25,-31,-23,-32,-23,-27,-23,-29,-22,-28,-21,-27,-23,-25,-20,-28,-19,-28,-16,-27,-16,-26,-16,-26,-13,-28,-14,-25,-13,-23,-10,-24,-11,-23,-8,-23,-8,-21,-7,-23,0,0,0,0,0,0,0,0,0,0,0,0,0,0,0,0,0,0,0,0,0,0,-4,-14,-5,-14,-7,-16,-4,-17,-6,-22,-5,-21,-5,-25,-2,-28,-3,-28,-6,-32,-6,-38,-3,-39,-1,-39,0,-46,4,-50,9,-45,10,-53,14,-53,17,-55,22,-56,27,-54,31,-57,28,-60,29,-55,36,-54,35,-57,39,-56,40,-53,47,-53,44,-52,43,-49,45,-50,47,-45,46,-47,47,-48,48,-48,46,-49,44,-53,43,-49,44,-54,47,-51,46,-52,48,-55,47,-53,47,-53,50,-54,50,-49,50,-49,54,-50,52,-50,51,-50,48,-53,54,-54,51,-47,50,-52,58,-49,59,-53,0,0]"
CSI_DATA,350,2a:00:00:00:00:00,-44,11,1,0,1,1,1,0,0,0,1,-97,0,11,2,4967689,0,44,0,384,0,"[0,0,0,0,0,0,0,0,0,0,0,0,3,10,2,10,3,9,2,9,2,9,3,9,3,8,3,8,3,8,3,8,4,8,3,7,4,8,3,8,4,7,4,7,4,7,4,7,4,7,4,7,3,7,4,7,3,7,4,7,3,7,3,6,0,0,3,7,3,7,2,7,2,6,2,6,2,6,2,6,2,6,1,6,2,6,1,5,1,5,1,5,1,5,1,5,1,5,0,4,0,4,0,4,0,4,0,4,0,4,-1,4,0,3,-1,3,-1,3,0,0,0,0,0,0,0,0,0,0,0,0,0,0,23,68,21,59,24,65,22,59,22,57,22,60,19,55,23,58,18,50,22,53,22,51,22,47,22,45,22,41,25,44,25,44,24,48,23,48,29,45,25,41,33,44,25,36,31,42,24,41,23,42,24,42,27,36,25,40,26,41,24,42,25,39,21,40,21,39,20,42,20,37,20,38,16,39,17,39,13,35,16,34,16,32,12,30,12,32,11,33,12,34,9,30,10,31,8,28,7,28,6,30,7,28,4,25,3,25,4,22,2,21,-2,20,-3,23,0,0,0,0,0,0,0,0,0,0,0,0,0,0,0,0,0,0,0,0,0,0,0,11,0,13,-1,12,-4,18,-4,17,-1,23,-2,23,-2,27,-5,29,-8,29,-9,32,-12,42,-11,40,-17,43,-19,42,-24,42,-29,47,-29,43,-34,48,-38,43,-43,45,-47,43,-44,44,-49,42,-51,40,-52,41,-53,38,-60,37,-52,34,-62,39,-57,34,-62,33,-62,28,-61,31,-59,31,-61,34,-56,34,-56,31,-62,30,-55,29,-65,33,-58,31,-64,38,-61,32,-62,33,-67,34,-64,33,-64,31,-68,32,-64,31,-65,33,-66,35,-67,32,-63,31,-67,33,-76,33,-65,31,0,0]"
CSI_DATA,351,2a:00:00:00:00:00,-44,11,1,0,1,1,1,0,0,0,1,-97,0,11,2,4976122,0,44,0,384,0,"[0,0,0,0,0,0,0,0,0,0,0,0,-10,5,-10,5,-10,5,-10,5,-9,5,-9,5,-9,5,-9,5,-9,5,-8,5,-8,5,-8,6,-8,5,-7,6,-7,5,-7,6,-7,6,-8,6,-7,6,-7,5,-8,5,-7,5,-7,5,-7,6,-7,5,-7,5,0,0,-7,5,-7,5,-7,5,-7,4,-6,4,-7,4,-7,4,-6,4,-6,3,-6,3,-6,3,-6,3,-6,3,-5,3,-6,2,-5,2,-5,2,-5,2,-5,1,-5,1,-5,1,-5,1,-5,1,-4,1,-4,0,-4,0,0,0,0,0,0,0,0,0,0,0,0,0,0,0,-59,31,-62,24,-59,26,-57,23,-55,26,-57,22,-51,26,-51,24,-48,23,-51,23,-49,24,-45,21,-48,23,-43,24,-42,24,-42,24,-43,30,-39,29,-42,30,-38,27,-42,29,-39,27,-38,29,-37,31,-39,26,-38,28,-39,28,-38,27,-38,27,-40,26,-38,22,-41,24,-35,24,-36,25,-36,22,-35,22,-35,22,-35,17,-36,18,-35,18,-32,13,-30,16,-29,17,-31,13,-28,13,-28,11,-30,13,-26,12,-27,10,-26,9,-25,9,-25,8,-24,9,-22,5,-23,2,-21,1,-21,1,0,0,0,0,0,0,0,0,0,0,0,0,0,0,0,0,0,0,0,0,0,0,-14,-1,-13,-1,-16,0,-17,1,-19,-2,-22,-2,-25,-2,-27,-5,-30,-5,-33,-6,-36,-10,-36,-13,-40,-12,-43,-17,-41,-18,-44,-21,-47,-24,-41,-28,-48,-32,-36,-32,-35,-44,-45,-38,-45,-45,-43,-47,-39,-48,-41,-53,-38,-51,-41,-56,-37,-51,-38,-55,-35,-53,-33,-57,-35,-57,-34,-58,-33,-58,-39,-58,-34,-54,-34,-58,-32,-57,-34,-58,-34,-62,-35,-57,-36,-60,-35,-57,-34,-59,-37,-61,-35,-60,-36,-61,-37,-61,-35,-59,-37,-64,-34,-63,-38,-64,-32,-64,-36,-65,-35,-66,-34,-65,0,0]"
CSI_DATA,352,2a:00:00:00:00:00,-44,11,1,0,1,1,1,0,0,0,1,-97,0,11,2,4986452,0,44,0,384,0,"[0,0,0,0,0,0,0,0,0,0,0,0,1,10,2,10,2,9,1,9,2,9,2,9,2,8,2,8,2,8,2,8,2,8,3,8,3,8,3,8,3,8,3,7,3,8,3,7,3,8,3,7,3,7,3,7,2,7,3,7,2,7,2,7,0,0,2,7,1,7,2,7,2,7,1,7,1,6,1,6,1,6,1,6,1,6,1,6,0,6,0,5,0,5,0,5,0,5,0,5,0,4,0,4,-1,4,-1,4,-1,4,-1,4,-1,3,-1,3,-1,3,0,0,0,0,0,0,0,0,0,0,0,0,0,0,7,75,6,64,9,66,5,64,8,60,11,61,7,59,8,58,8,56,10,52,11,51,14,53,14,49,12,50,12,47,17,49,12,52,18,47,13,48,15,50,15,50,16,46,15,48,13,44,15,48,18,47,15,45,17,45,13,46,13,45,13,46,14,43,14,41,12,43,11,41,8,42,5,41,5,39,6,40,5,38,5,37,4,37,1,35,3,36,1,31,2,34,2,30,6,31,-1,30,-3,26,-4,27,-5,28,-3,27,-1,24,-6,24,-6,20,-6,21,0,0,0,0,0,0,0,0,0,0,0,0,0,0,0,0,0,0,0,0,0,0,-7,11,-3,11,-6,16,-3,15,-7,19,-7,21,-8,25,-11,23,-12,28,-13,28,-17,31,-20,35,-24,37,-24,36,-31,37,-33,34,-36,34,-39,35,-46,37,-49,35,-53,33,-55,32,-52,30,-57,32,-61,26,-61,26,-63,25,-65,24,-65,21,-65,20,-65,20,-66,18,-64,15,-65,19,-64,17,-66,14,-63,15,-65,16,-66,13,-67,17,-70,14,-63,18,-70,17,-66,20,-69,15,-65,22,-66,18,-71,16,-69,18,-65,18,-71,14,-73,17,-74,15,-67,14,-76,11,-77,16,-77,11,0,0]"
CSI_DATA,353,2a:00:00:00:00:00,-44,11,1,0,1,1,1,0,0,0,1,-97,0,11,2,4996124,0,44,0,384,0,"[0,0,0,0,0,0,0,0,0,0,0,0,-11,-3,-11,-3,-11,-3,-10,-4,-10,-3,-10,-2,-10,-3,-10,-2,-10,-2,-9,-2,-10,-2,-10,-1,-9,-1,-9,-1,-9,-1,-10,-1,-10,-1,-10,-1,-9,-1,-9,-1,-9,-1,-9,-1,-9,-1,-9,-1,-9,-1,-9,-1,0,0,-9,-1,-8,-2,-8,-2,-8,-2,-8,-2,-8,-2,-7,-2,-7,-2,-7,-2,-7,-2,-7,-2,-6,-2,-6,-2,-6,-2,-6,-2,-6,-2,-6,-2,-5,-2,-5,-2,-5,-2,-5,-2,-4,-3,-4,-2,-4,-2,-4,-3,-4,-2,0,0,0,0,0,0,0,0,0,0,0,0,0,0,-51,-42,-47,-46,-52,-40,-48,-43,-48,-40,-47,-38,-48,-39,-44,-36,-42,-35,-44,-33,-46,-33,-44,-31,-44,-29,-42,-29,-48,-27,-43,-27,-45,-27,-41,-23,-45,-25,-44,-21,-47,-25,-46,-24,-48,-21,-41,-25,-42,-20,-43,-22,-43,-21,-42,-21,-43,-24,-43,-24,-40,-26,-45,-24,-39,-22,-38,-25,-38,-22,-36,-25,-35,-19,-35,-21,-33,-23,-31,-23,-33,-26,-29,-24,-29,-24,-28,-19,-25,-20,-28,-17,-23,-21,-22,-23,-22,-20,-21,-20,-19,-19,-16,-19,-18,-17,-15,-15,-15,-20,-13,-20,-14,-19,0,0,0,0,0,0,0,0,0,0,0,0,0,0,0,0,0,0,0,0,0,0,-6,-12,-4,-13,-5,-14,-10,-19,-12,-18,-8,-19,-8,-22,-9,-27,-8,-31,-10,-31,-6,-35,-6,-40,-6,-43,-4,-47,-1,-49,2,-50,3,-53,8,-54,7,-60,14,-59,19,-58,18,-63,20,-55,25,-59,30,-57,30,-59,32,-58,32,-60,30,-56,37,-59,36,-54,35,-58,40,-56,38,-49,34,-54,39,-55,37,-55,39,-57,37,-55,37,-58,38,-56,34,-55,38,-57,38,-59,35,-59,40,-63,36,-61,40,-59,38,-59,42,-57,42,-61,39,-62,48,-65,45,-59,45,-57,43,-58,43,-59,0,0]"
CSI_DATA,354,2a:00:00:00:00:00,-43,11,1,0,1,1,1,0,0,0,1,-97,0,11,2,5008274,0,44,0,384,0,"[0,0,0,0,0,0,0,0,0,0,0,0,10,5,9,5,9,5,9,4,9,4,8,4,9,4,8,4,8,3,8,3,8,3,9,3,8,3,8,3,8,3,9,2,8,2,8,2,8,2,8,2,8,3,8,2,8,3,8,2,8,2,8,3,0,0,7,3,7,3,7,3,7,3,6,3,6,3,6,3,6,3,6,3,6,3,5,3,5,3,4,3,4,2,4,3,4,3,4,3,4,3,3,3,3,3,3,3,3,3,2,3,2,2,2,3,2,3,0,0,0,0,0,0,0,0,0,0,0,0,0,0,58,36,53,37,52,37,58,34,55,32,51,30,49,30,47,27,45,30,46,27,47,26,46,21,49,23,45,21,46,17,49,20,46,18,47,17,49,18,49,14,50,17,45,14,48,17,45,17,50,20,48,16,47,14,46,16,45,17,43,16,43,15,47,18,40,15,37,19,41,14,37,20,38,18,34,16,36,16,35,19,35,15,32,20,31,17,28,17,30,17,27,17,25,20,26,17,20,19,20,17,21,16,22,15,16,16,13,16,16,13,18,15,13,18,0,0,0,0,0,0,0,0,0,0,0,0,0,0,0,0,0,0,0,0,0,0,5,13,6,12,7,14,9,16,9,18,7,21,12,21,10,25,14,28,11,29,7,33,8,35,11,41,9,47,4,51,6,49,2,52,1,53,-2,56,-4,58,-7,61,-8,65,-16,62,-18,63,-22,62,-24,60,-22,63,-25,59,-27,58,-26,62,-28,60,-28,60,-31,61,-30,59,-30,57,-30,61,-32,59,-34,58,-30,58,-31,58,-32,61,-30,62,-32,61,-33,62,-29,62,-27,65,-32,64,-31,69,-25,66,-35,65,-34,62,-33,64,-35,70,-35,65,-37,66,-37,61,-34,58,0,0]"
CSI_DATA,355,2a:00:00:00:00:00,-44,11,1,0,1,1,1,0,0,0,1,-97,0,11,2,5016134,0,44,0,384,0,"[0,0,0,0,0,0,0,0,0,0,0,0,-6,-10,-6,-10,-6,-10,-5,-10,-6,-9,-6,-9,-6,-8,-6,-8,-6,-8,-6,-8,-6,-8,-6,-8,-6,-8,-6,-8,-6,-8,-6,-7,-6,-7,-6,-7,-6,-7,-6,-7,-6,-7,-6,-7,-6,-7,-6,-7,-6,-7,-6,-7,0,0,-6,-7,-5,-8,-5,-7,-5,-7,-4,-7,-4,-7,-4,-7,-4,-7,-4,-7,-4,-6,-3,-6,-3,-6,-3,-6,-3,-6,-3,-6,-3,-5,-3,-6,-2,-5,-2,-5,-2,-5,-2,-5,-1,-5,-1,-4,-1,-5,-1,-4,-1,-4,0,0,0,0,0,0,0,0,0,0,0,0,0,0,-20,-64,-19,-68,-15,-62,-22,-58,-20,-63,-16,-55,-18,-63,-16,-57,-17,-57,-21,-52,-20,-48,-21,-49,-21,-51,-20,-49,-19,-47,-22,-46,-22,-51,-22,-47,-22,-44,-24,-45,-24,-41,-26,-47,-23,-43,-25,-43,-22,-44,-24,-44,-24,-41,-21,-44,-20,-43,-19,-41,-22,-41,-18,-40,-20,-43,-19,-42,-20,-41,-16,-39,-16,-38,-17,-37,-14,-38,-14,-40,-16,-36,-14,-34,-10,-33,-10,-33,-8,-33,-13,-36,-12,-28,-10,-34,-7,-28,-5,-27,-5,-28,-5,-28,-4,-25,-4,-23,-1,-23,-2,-23,5,-22,0,0,0,0,0,0,0,0,0,0,0,0,0,0,0,0,0,0,0,0,0,0,0,-14,0,-10,3,-17,2,-16,2,-21,1,-21,4,-27,1,-27,6,-27,11,-31,14,-34,17,-38,20,-40,17,-41,24,-40,25,-42,32,-40,37,-46,35,-45,41,-43,44,-43,47,-42,50,-37,54,-37,58,-33,55,-34,58,-33,58,-33,61,-32,59,-31,61,-27,59,-28,61,-29,59,-28,58,-28,58,-27,63,-28,61,-27,60,-24,59,-24,60,-26,61,-29,60,-28,66,-32,60,-29,64,-30,63,-28,64,-30,65,-30,71,-28,63,-30,67,-29,67,-26,65,-28,70,-29,67,-27,71,-30,0,0]"
CSI_DATA,356,2a:00:00:00:00:00,-44,11,1,0,1,1,1,0,0,0,1,-97,0,11,2,5028384,0,44,0,384,0,"[0,0,0,0,0,0,0,0,0,0,0,0,10,-6,9,-5,8,-6,9,-5,8,-6,8,-5,8,-5,8,-6,8,-6,7,-6,7,-6,7,-6,6,-6,6,-6,6,-6,7,-6,6,-6,7,-6,6,-6,6,-6,6,-6,6,-6,6,-6,6,-6,6,-6,6,-6,0,0,6,-6,6,-5,6,-5,6,-5,5,-5,6,-5,6,-4,5,-4,6,-4,5,-4,5,-3,5,-3,5,-3,5,-3,5,-3,5,-3,4,-3,4,-2,4,-2,4,-2,4,-1,4,-2,4,-2,3,-1,3,-1,3,-1,0,0,0,0,0,0,0,0,0,0,0,0,0,0,60,-34,59,-31,58,-35,55,-32,54,-32,53,-24,52,-28,53,-29,46,-29,46,-32,42,-31,45,-33,41,-36,37,-31,44,-30,43,-32,40,-31,38,-34,39,-35,38,-35,38,-36,36,-33,35,-34,35,-34,39,-33,34,-34,37,-34,37,-30,36,-30,36,-30,38,-29,35,-30,34,-28,36,-27,36,-25,32,-28,30,-28,34,-23,32,-24,31,-23,32,-22,29,-15,28,-18,29,-18,29,-17,32,-12,27,-14,27,-13,26,-14,24,-11,25,-11,23,-12,26,-7,22,-7,22,-3,22,-5,20,-3,0,0,0,0,0,0,0,0,0,0,0,0,0,0,0,0,0,0,0,0,0,0,12,-1,14,-1,16,-2,19,-1,20,-3,21,-4,24,-1,29,-2,28,0,30,1,34,5,41,9,41,9,46,13,47,12,43,17,48,25,45,25,52,29,50,32,51,32,51,38,48,42,44,42,45,48,43,50,43,53,44,53,38,53,44,55,40,50,38,55,38,52,37,54,41,51,38,55,39,56,36,55,40,55,43,55,35,57,41,55,40,56,41,55,39,53,43,51,43,56,45,58,41,57,40,57,37,56,41,61,41,61,40,57,37,65,40,60,40,58,0,0]"
CSI_DATA,357,2a:00:00:00:00:00,-44,11,1,0,1,1,1,0,0,0,1,-97,0,11,2,5036137,0,44,0,384,0,"[0,0,0,0,0,0,0,0,0,0,0,0,0,-11,0,-11,-1,-10,-1,-11,-1,-10,-1,-10,-1,-10,-1,-10,-1,-9,-2,-9,-1,-9,-2,-9,-2,-9,-2,-9,-2,-9,-2,-9,-2,-9,-2,-9,-2,-9,-2,-9,-2,-9,-2,-9,-2,-9,-2,-9,-2,-9,-2,-8,0,0,-2,-8,-1,-8,-1,-8,-1,-8,-1,-8,-1,-8,-1,-8,0,-7,0,-7,0,-7,0,-6,0,-6,0,-6,0,-6,0,-6,0,-6,0,-6,0,-6,0,-5,0,-5,1,-5,0,-5,1,-5,1,-4,1,-4,1,-4,0,0,0,0,0,0,0,0,0,0,0,0,0,0,2,-72,3,-66,7,-70,7,-64,1,-58,5,-62,8,-54,5,-61,0,-55,3,-56,2,-54,-1,-53,-1,-54,-2,-50,-3,-50,-8,-55,-2,-54,-7,-55,-7,-53,-6,-48,-8,-53,-10,-49,-6,-54,-8,-49,-4,-48,-5,-51,-4,-46,-6,-48,-5,-46,-9,-45,-4,-45,-4,-49,-2,-45,1,-47,-5,-41,2,-46,1,-44,-1,-40,2,-38,0,-34,1,-36,3,-37,4,-38,2,-35,4,-34,6,-30,5,-33,4,-29,5,-28,5,-27,9,-26,6,-25,7,-22,6,-21,10,-22,6,-20,8,-22,0,0,0,0,0,0,0,0,0,0,0,0,0,0,0,0,0,0,0,0,0,0,8,-10,6,-16,6,-13,8,-17,8,-22,9,-20,11,-23,16,-28,17,-26,18,-26,24,-29,29,-33,27,-33,34,-33,36,-34,42,-26,45,-30,47,-30,55,-33,52,-25,58,-24,60,-22,60,-17,65,-20,61,-13,64,-17,64,-12,71,-9,65,-10,66,-4,62,-8,68,-5,67,2,67,-5,68,-3,68,-3,62,-4,65,-3,66,-5,67,-4,69,-2,62,-5,71,-4,69,-4,70,-3,64,-1,70,-3,67,-4,72,-4,66,-2,72,-3,69,-3,72,1,68,-1,73,-2,79,-3,74,-1,0,0]"
CSI_DATA,358,2a:00:00:00:00:00,-44,11,1,0,1,1,1,0,0,0,1,-97,0,11,2,5046119,0,44,0,384,0,"[0,0,0,0,0,0,0,0,0,0,0,0,-8,8,-7,7,-7,8,-7,8,-7,7,-6,7,-6,8,-6,7,-6,7,-6,8,-6,7,-5,7,-5,7,-5,7,-5,7,-5,8,-4,7,-5,8,-4,7,-5,8,-4,7,-4,8,-5,7,-5,7,-5,7,-5,7,0,0,-5,7,-5,7,-5,6,-5,6,-5,6,-5,6,-5,6,-4,5,-5,5,-5,4,-5,4,-5,4,-5,4,-4,4,-4,3,-4,3,-4,3,-4,3,-4,3,-4,2,-4,3,-4,2,-4,2,-4,2,-4,1,-4,1,0,0,0,0,0,0,0,0,0,0,0,0,0,0,-47,50,-45,50,-43,49,-46,46,-43,42,-42,44,-36,44,-42,44,-38,41,-37,41,-34,41,-36,41,-32,42,-30,38,-32,40,-29,43,-30,44,-25,38,-27,43,-27,41,-30,44,-28,39,-24,43,-26,42,-25,42,-25,41,-31,39,-29,38,-29,38,-26,40,-28,38,-28,39,-27,35,-30,35,-24,33,-28,35,-27,30,-25,32,-28,29,-26,28,-27,28,-28,22,-24,24,-25,27,-24,25,-25,21,-24,18,-20,18,-22,16,-23,14,-23,14,-22,14,-22,10,-22,10,-23,11,-18,9,-19,7,0,0,0,0,0,0,0,0,0,0,0,0,0,0,0,0,0,0,0,0,0,0,-12,7,-13,5,-15,7,-17,11,-20,10,-20,9,-22,12,-23,9,-32,13,-30,11,-35,13,-43,9,-43,7,-44,9,-49,3,-52,1,-51,-1,-56,-2,-60,-6,-61,-8,-62,-14,-62,-16,-63,-22,-63,-24,-62,-25,-61,-27,-57,-29,-60,-33,-59,-36,-60,-35,-58,-33,-59,-35,-58,-37,-59,-36,-62,-41,-56,-41,-58,-35,-54,-39,-54,-38,-58,-37,-57,-37,-59,-39,-55,-39,-61,-36,-59,-36,-60,-39,-58,-42,-61,-40,-59,-42,-62,-38,-57,-44,-56,-40,-55,-45,-61,-42,-58,-43,-58,-44,-58,-47,0,0]"
CSI_DATA,359,2a:00:00:00:00:00,-44,11,1,0,1,1,1,0,0,0,1,-97,0,11,2,5076124,0,44,0,384,0,"[0,0,0,0,0,0,0,0,0,0,0,0,10,1,10,1,10,1,9,1,10,1,9,0,9,0,9,0,9,0,8,0,9,0,9,-1,9,-1,8,-1,8,-1,9,-1,9,-1,8,-1,8,-1,8,0,8,-1,8,0,9,0,8,-1,8,-1,8,-1,0,0,8,0,8,0,7,0,7,0,7,0,7,1,7,1,6,0,6,1,6,1,6,1,5,1,5,1,5,1,5,1,5,1,4,1,4,1,4,1,4,1,4,1,3,2,3,1,3,1,3,1,2,1,0,0,0,0,0,0,0,0,0,0,0,0,0,0,59,29,57,34,58,33,56,29,57,30,51,27,51,29,53,27,49,25,47,23,48,21,53,21,49,20,49,19,51,19,47,15,47,19,50,14,47,15,49,15,49,13,48,17,45,11,49,13,45,17,46,17,46,19,44,13,41,12,47,13,48,16,45,15,43,14,40,14,41,20,35,17,40,13,37,16,33,18,33,19,33,19,29,16,30,17,27,15,29,13,25,20,21,17,27,17,22,14,22,18,19,14,19,15,16,16,18,17,14,17,11,14,11,16,0,0,0,0,0,0,0,0,0,0,0,0,0,0,0,0,0,0,0,0,0,0,11,10,12,10,12,11,11,13,13,15,14,15,14,22,15,23,18,23,17,27,17,31,16,39,18,40,13,44,17,47,9,50,10,51,8,58,8,55,-2,62,-5,61,-5,66,-10,65,-10,67,-14,66,-15,63,-16,63,-22,63,-19,68,-22,62,-24,66,-23,62,-27,61,-26,61,-27,58,-27,63,-27,59,-25,62,-27,62,-26,62,-24,61,-26,67,-25,62,-27,65,-27,62,-26,63,-27,65,-27,63,-29,63,-28,67,-28,62,-27,67,-30,63,-32,63,-31,63,-29,63,-31,70,0,0]"
CSI_DATA,360,2a:00:00:00:00:00,-44,11,1,0,1,1,1,0,0,0,1,-97,0,11,2,5087713,0,44,0,384,0,"[0,0,0,0,0,0,0,0,0,0,0,0,7,-8,7,-8,6,-8,6,-8,6,-8,6,-7,6,-8,6,-7,5,-8,5,-8,5,-8,5,-7,4,-8,4,-8,4,-8,4,-8,4,-8,5,-8,4,-8,4,-8,4,-8,4,-8,4,-8,4,-8,4,-8,4,-7,0,0,4,-7,4,-7,4,-7,4,-6,4,-6,4,-6,4,-6,4,-6,4,-5,4,-5,4,-5,3,-5,3,-5,3,-4,3,-4,3,-4,3,-4,3,-3,3,-3,3,-3,3,-3,3,-3,3,-3,3,-2,3,-2,3,-2,0,0,0,0,0,0,0,0,0,0,0,0,0,0,50,-50,49,-45,46,-49,49,-41,44,-42,45,-41,43,-43,41,-41,38,-39,37,-42,37,-40,34,-40,31,-41,29,-41,32,-39,28,-43,28,-40,27,-43,28,-42,24,-38,27,-44,28,-40,25,-45,26,-43,26,-43,29,-42,25,-38,28,-46,28,-37,26,-38,26,-43,28,-37,24,-40,28,-38,23,-35,28,-32,27,-35,25,-30,25,-31,28,-30,24,-27,26,-25,24,-28,22,-26,24,-24,22,-23,21,-22,23,-21,21,-21,18,-21,19,-18,19,-16,23,-14,19,-15,20,-15,17,-10,21,-9,0,0,0,0,0,0,0,0,0,0,0,0,0,0,0,0,0,0,0,0,0,0,10,-5,13,-4,15,-5,13,-7,17,-4,21,-8,25,-7,29,-8,34,-7,31,-5,36,-2,40,-2,42,-1,47,1,49,6,48,12,54,12,51,14,56,18,58,21,59,24,61,26,57,30,56,34,55,34,58,40,52,39,53,41,52,42,53,45,50,42,52,45,50,44,50,44,51,44,49,45,53,42,49,43,49,42,52,42,55,46,51,42,54,44,51,43,52,48,56,39,51,40,56,46,54,45,51,45,54,45,55,48,54,47,49,44,52,50,51,51,56,45,0,0]"
CSI_DATA,361,2a:00:00:00:00:00,-44,11,1,0,1,1,1,0,0,0,1,-97,0,11,2,5097429,0,44,0,384,0,"[0,0,0,0,0,0,0,0,0,0,0,0,10,4,9,5,9,4,9,4,9,4,9,4,9,4,9,3,8,3,8,3,8,3,9,2,9,2,8,2,8,2,9,2,9,2,9,2,9,2,8,3,8,2,8,3,8,2,8,2,8,2,8,2,0,0,8,3,7,3,7,3,7,2,6,3,6,3,6,3,5,3,6,3,6,3,5,3,5,3,5,3,4,3,4,3,4,3,4,3,3,3,3,3,3,3,3,3,2,3,2,2,3,2,2,2,2,3,0,0,0,0,0,0,0,0,0,0,0,0,0,0,53,43,55,43,53,40,54,39,53,39,48,36,47,33,48,38,46,32,46,31,47,29,51,26,49,29,47,28,41,26,46,24,47,26,45,22,49,22,47,23,53,22,49,21,45,21,45,21,45,18,47,21,47,21,44,23,41,21,42,22,41,21,44,20,40,23,40,21,38,23,35,24,36,22,35,19,35,18,33,19,32,21,29,20,29,20,28,19,27,20,26,21,23,21,22,17,17,20,21,21,21,20,17,18,19,20,18,15,11,20,13,20,11,19,0,0,0,0,0,0,0,0,0,0,0,0,0,0,0,0,0,0,0,0,0,0,8,13,7,14,7,13,7,18,6,19,10,20,10,24,12,27,10,28,11,32,10,36,9,43,9,43,5,48,3,52,-6,50,-4,54,-8,56,-8,58,-10,59,-13,59,-18,64,-20,61,-24,63,-32,61,-32,61,-34,59,-35,64,-36,58,-37,57,-35,56,-39,56,-37,57,-35,59,-38,55,-36,60,-42,56,-40,57,-39,56,-39,54,-39,62,-41,59,-41,58,-41,60,-34,59,-39,60,-35,60,-34,64,-38,65,-40,61,-41,58,-39,63,-41,65,-42,58,-46,60,-44,65,-43,61,0,0]"
CSI_DATA,362,2a:00:00:00:00:00,-44,11,1,0,1,1,1,0,0,0,1,-97,0,11,2,5106110,0,44,0,384,0,"[0,0,0,0,0,0,0,0,0,0,0,0,-4,-11,-4,-10,-5,-10,-4,-10,-4,-10,-4,-9,-4,-9,-5,-9,-4,-9,-5,-9,-5,-8,-5,-8,-5,-8,-5,-8,-5,-8,-6,-8,-6,-8,-5,-8,-5,-8,-5,-8,-5,-9,-5,-8,-5,-8,-5,-8,-5,-8,-5,-8,0,0,-4,-8,-4,-8,-4,-8,-4,-8,-4,-8,-3,-7,-3,-7,-3,-7,-3,-7,-3,-6,-3,-6,-2,-7,-2,-6,-2,-6,-2,-6,-2,-6,-2,-6,-1,-5,-1,-5,-1,-5,-1,-5,-1,-5,-1,-5,0,-5,-1,-4,0,-4,0,0,0,0,0,0,0,0,0,0,0,0,0,0,-37,-53,-34,-57,-33,-53,-32,-49,-39,-54,-28,-47,-33,-50,-32,-46,-30,-49,-31,-39,-32,-44,-33,-40,-34,-39,-36,-41,-32,-39,-36,-38,-35,-35,-33,-37,-37,-39,-37,-37,-35,-32,-36,-37,-35,-32,-36,-35,-33,-39,-38,-35,-36,-36,-35,-33,-33,-34,-32,-30,-32,-35,-30,-30,-28,-35,-28,-30,-31,-33,-23,-32,-26,-31,-21,-32,-22,-35,-23,-31,-23,-30,-21,-30,-16,-30,-19,-25,-18,-28,-18,-30,-13,-25,-15,-28,-10,-26,-12,-26,-14,-25,-12,-24,-10,-22,-9,-23,-6,-21,-5,-22,-4,-22,0,0,0,0,0,0,0,0,0,0,0,0,0,0,0,0,0,0,0,0,0,0,-4,-13,-3,-14,-2,-17,-3,-15,-5,-20,-7,-21,-4,-23,-5,-28,0,-31,-3,-33,2,-38,3,-41,3,-42,9,-44,11,-44,16,-48,18,-46,23,-51,26,-47,28,-52,31,-51,35,-53,39,-52,38,-48,42,-50,42,-50,49,-44,46,-42,53,-45,47,-41,51,-45,47,-39,49,-44,48,-38,53,-40,53,-39,53,-43,48,-39,50,-41,50,-41,48,-40,54,-46,50,-40,53,-44,46,-35,46,-42,48,-43,53,-42,55,-44,55,-46,56,-44,52,-45,48,-41,63,-48,56,-42,51,-41,66,-45,0,0]"
CSI_DATA,363,2a:00:00:00:00:00,-43,11,1,0,1,1,1,0,0,0,1,-97,0,11,2,5116126,0,44,0,384,0,"[0,0,0,0,0,0,0,0,0,0,0,0,-2,11,-2,10,-1,10,-2,10,-1,10,-2,9,-1,9,-1,9,-1,9,-1,9,0,9,0,9,0,9,0,9,0,9,0,9,0,9,0,9,0,9,0,8,0,8,0,9,0,8,0,8,0,8,0,8,0,0,-1,8,-1,8,-1,8,-1,7,-1,7,-1,7,-1,7,-1,6,-1,7,-1,6,-2,6,-2,6,-2,6,-2,5,-2,5,-2,5,-2,5,-2,4,-2,4,-2,4,-2,4,-2,4,-2,3,-2,3,-2,3,-2,3,0,0,0,0,0,0,0,0,0,0,0,0,0,0,-25,68,-24,59,-24,64,-22,58,-19,58,-21,55,-18,55,-21,55,-18,53,-19,55,-13,52,-10,50,-11,52,-11,47,-8,47,-11,51,-8,51,-7,53,-4,51,-9,46,-6,51,-2,49,-5,49,-9,51,-9,52,-8,53,-6,47,-6,50,-6,45,-7,46,-6,45,-10,48,-8,44,-11,47,-6,43,-14,42,-12,43,-12,40,-11,39,-10,38,-12,33,-12,34,-14,37,-12,32,-12,29,-12,27,-11,28,-14,27,-13,27,-13,25,-18,25,-14,22,-15,19,-13,19,-14,19,-16,15,-14,14,0,0,0,0,0,0,0,0,0,0,0,0,0,0,0,0,0,0,0,0,0,0,-9,9,-9,11,-10,10,-13,14,-15,13,-17,17,-20,16,-21,17,-24,21,-28,19,-31,20,-37,20,-42,21,-41,21,-46,16,-49,15,-54,12,-54,10,-55,12,-63,5,-63,6,-65,2,-65,0,-66,-5,-64,-7,-68,-10,-64,-10,-67,-13,-66,-16,-68,-19,-65,-19,-66,-18,-65,-17,-64,-18,-65,-19,-64,-18,-62,-19,-61,-17,-66,-19,-67,-18,-65,-20,-63,-14,-67,-15,-68,-15,-66,-14,-65,-12,-69,-21,-67,-20,-67,-19,-67,-20,-70,-15,-73,-14,-73,-23,-68,-22,-72,-22,-69,-21,-67,-22,0,0]"
CSI_DATA,364,2a:00:00:00:00:00,-44,11,1,0,1,1,1,0,0,0,1,-97,0,11,2,5126406,0,44,0,384,0,"[0,0,0,0,0,0,0,0,0,0,0,0,6,9,6,8,6,8,6,8,6,7,6,7,6,7,6,6,6,6,6,7,6,6,6,6,6,6,6,6,6,6,6,6,7,5,6,6,7,6,6,6,6,6,6,6,6,6,6,6,5,6,6,6,0,0,6,5,5,6,5,6,5,5,4,5,4,5,5,6,4,5,4,5,4,5,3,5,3,5,3,4,3,5,3,5,2,4,2,4,2,4,2,4,1,3,1,4,1,4,1,4,1,3,0,4,0,3,0,0,0,0,0,0,0,0,0,0,0,0,0,0,32,54,37,62,29,52,32,57,35,55,30,47,33,55,28,49,35,46,29,40,27,44,32,42,32,38,32,42,35,35,36,37,34,37,36,35,33,35,39,40,35,33,36,36,34,37,34,33,30,39,31,40,37,37,31,36,29,35,33,32,30,34,29,35,28,34,26,34,23,36,21,33,22,35,22,35,21,34,19,31,22,34,16,27,21,29,16,29,11,26,16,29,14,26,11,28,12,25,9,24,8,25,7,26,8,26,8,23,6,20,5,19,0,19,0,0,0,0,0,0,0,0,0,0,0,0,0,0,0,0,0,0,0,0,0,0,3,11,2,13,3,15,3,16,6,19,1,24,1,26,-2,28,0,31,-2,33,-4,37,-5,41,-10,41,-11,44,-12,48,-18,50,-19,50,-28,52,-26,51,-33,51,-36,48,-39,50,-45,50,-43,49,-46,50,-46,50,-46,44,-52,42,-54,44,-50,41,-54,40,-50,42,-53,36,-56,38,-54,39,-55,35,-55,40,-52,38,-54,37,-53,40,-53,36,-55,42,-50,40,-54,45,-52,39,-56,39,-57,37,-55,40,-58,40,-59,43,-56,41,-53,45,-56,40,-59,42,-61,41,-60,38,-61,40,0,0]"
CSI_DATA,365,2a:00:00:00:00:00,-44,11,1,0,1,1,1,0,0,0,1,-97,0,11,2,5136169,0,44,0,384,0,"[0,0,0,0,0,0,0,0,0,0,0,0,-5,9,-4,9,-4,9,-4,9,-4,9,-4,8,-3,8,-4,8,-3,8,-3,8,-3,8,-3,8,-2,8,-2,8,-3,8,-2,8,-2,8,-2,8,-2,8,-2,8,-2,8,-2,8,-2,8,-2,8,-2,8,-3,7,0,0,-3,7,-3,7,-3,7,-3,6,-3,7,-3,6,-3,6,-3,6,-3,5,-3,5,-3,5,-3,5,-3,5,-3,5,-3,4,-3,4,-3,4,-3,4,-3,3,-3,3,-3,3,-3,3,-3,3,-3,2,-3,2,-3,2,0,0,0,0,0,0,0,0,0,0,0,0,0,0,-35,61,-35,58,-28,57,-31,54,-31,55,-28,49,-30,53,-26,52,-24,47,-23,47,-23,47,-22,48,-20,47,-17,46,-15,46,-12,50,-18,51,-15,49,-13,50,-14,48,-13,50,-13,49,-13,50,-16,45,-15,45,-13,45,-16,47,-12,50,-12,46,-14,47,-12,44,-16,45,-16,43,-15,43,-16,40,-15,40,-17,40,-18,38,-17,37,-17,37,-18,34,-16,32,-18,29,-17,32,-17,28,-19,28,-15,26,-16,23,-15,21,-14,21,-17,18,-18,23,-17,20,-16,18,-19,16,-17,14,-19,11,0,0,0,0,0,0,0,0,0,0,0,0,0,0,0,0,0,0,0,0,0,0,-11,8,-11,8,-14,12,-16,10,-18,11,-21,12,-21,15,-21,15,-30,13,-32,16,-35,16,-38,18,-41,16,-44,15,-50,13,-52,9,-53,6,-57,7,-59,3,-63,-3,-62,-3,-63,-7,-67,-10,-64,-9,-66,-13,-64,-15,-64,-18,-64,-23,-61,-20,-63,-23,-64,-25,-62,-25,-60,-25,-63,-24,-60,-28,-60,-29,-62,-27,-62,-26,-65,-22,-65,-22,-65,-26,-62,-24,-65,-29,-63,-23,-63,-25,-66,-22,-63,-24,-64,-26,-65,-31,-73,-28,-64,-26,-67,-26,-64,-29,-63,-24,-68,-29,-67,-31,-66,-33,0,0]"
CSI_DATA,366,2a:00:00:00:00:00,-44,11,1,0,1,1,1,0,0,0,1,-97,0,11,2,5156162,0,44,0,384,0,"[0,0,0,0,0,0,0,0,0,0,0,0,-11,2,-11,2,-10,2,-11,1,-10,2,-10,2,-10,2,-10,2,-10,2,-9,2,-9,3,-9,3,-9,2,-9,3,-9,3,-9,3,-9,3,-9,3,-9,3,-9,3,-8,3,-9,3,-9,3,-8,3,-8,3,-9,3,0,0,-8,2,-8,2,-8,2,-8,2,-8,2,-7,2,-7,1,-7,1,-7,1,-7,1,-7,1,-6,1,-6,1,-6,1,-6,0,-6,0,-6,0,-6,0,-6,-1,-5,0,-5,-1,-5,-1,-5,-1,-5,-1,-4,-1,-4,-1,0,0,0,0,0,0,0,0,0,0,0,0,0,0,-68,0,-65,0,-64,1,-65,0,-66,-1,-62,-1,-55,4,-58,5,-53,3,-54,6,-53,6,-54,6,-56,5,-52,8,-53,8,-54,14,-49,10,-47,13,-51,10,-49,9,-51,12,-48,10,-47,14,-49,12,-48,15,-48,11,-48,11,-43,10,-47,10,-48,11,-47,11,-45,10,-44,8,-49,9,-44,5,-43,7,-43,6,-40,8,-39,5,-41,4,-40,3,-36,0,-37,0,-35,4,-34,1,-35,-1,-32,-2,-32,-3,-32,-4,-30,-6,-24,-3,-27,-3,-26,-6,-18,-8,-23,-6,-22,-6,-19,-8,0,0,0,0,0,0,0,0,0,0,0,0,0,0,0,0,0,0,0,0,0,0,-14,-6,-13,-8,-17,-7,-19,-7,-18,-9,-22,-10,-25,-16,-24,-14,-28,-16,-30,-19,-31,-24,-31,-27,-33,-31,-32,-32,-34,-39,-31,-38,-31,-48,-32,-46,-29,-48,-24,-55,-30,-58,-25,-60,-21,-62,-19,-67,-19,-67,-19,-62,-12,-65,-11,-68,-12,-65,-10,-68,-6,-64,-6,-67,-5,-65,-8,-67,-5,-65,-4,-66,-8,-66,-7,-69,-8,-66,-6,-67,-7,-65,-9,-68,-6,-69,-10,-66,-9,-67,-15,-67,-7,-69,-9,-70,-10,-70,-9,-69,-8,-72,-11,-72,-8,-72,-6,-72,-5,-71,-8,-74,-7,-71,0,0]"
CSI_DATA,367,2a:00:00:00:00:00,-44,11,1,0,1,1,1,0,0,0,1,-97,0,11,2,5176109,0,44,0,384,0,"[0,0,0,0,0,0,0,0,0,0,0,0,-3,-12,-3,-12,-3,-11,-3,-11,-3,-11,-3,-10,-3,-10,-4,-10,-3,-10,-3,-10,-4,-9,-4,-9,-4,-9,-4,-10,-4,-9,-4,-9,-4,-9,-4,-9,-4,-9,-4,-9,-4,-9,-4,-9,-4,-9,-4,-9,-4,-9,-4,-8,0,0,-4,-9,-3,-9,-3,-8,-3,-8,-2,-8,-2,-8,-2,-8,-2,-8,-2,-7,-2,-7,-2,-7,-2,-7,-1,-7,-1,-6,-1,-6,-1,-6,-1,-6,-1,-6,-1,-6,0,-6,0,-5,0,-5,0,-5,0,-5,0,-5,1,-4,0,0,0,0,0,0,0,0,0,0,0,0,0,0,-15,-68,-16,-63,-12,-62,-15,-62,-16,-63,-18,-57,-14,-60,-13,-53,-15,-51,-18,-52,-18,-51,-19,-51,-18,-50,-20,-47,-17,-44,-22,-47,-25,-50,-25,-47,-22,-44,-21,-49,-21,-44,-23,-47,-23,-45,-19,-48,-22,-45,-18,-48,-18,-42,-23,-45,-18,-46,-21,-43,-22,-45,-20,-43,-15,-43,-13,-41,-18,-39,-13,-40,-12,-40,-13,-40,-13,-41,-11,-36,-11,-37,-8,-34,-8,-34,-7,-35,-5,-34,-5,-33,-5,-30,-5,-30,-5,-28,0,-29,2,-29,3,-25,-2,-25,1,-22,-1,-25,2,-26,1,-23,0,0,0,0,0,0,0,0,0,0,0,0,0,0,0,0,0,0,0,0,0,0,1,-16,0,-16,1,-19,5,-21,5,-22,4,-26,9,-28,8,-27,12,-31,9,-35,13,-32,14,-39,17,-41,24,-43,28,-41,29,-43,36,-41,37,-39,39,-40,46,-41,46,-37,53,-38,48,-36,56,-36,56,-33,57,-32,62,-29,61,-26,60,-27,58,-25,62,-20,61,-20,64,-20,61,-21,63,-21,62,-21,57,-19,64,-21,60,-23,65,-25,64,-21,59,-22,62,-23,61,-21,61,-22,63,-24,64,-20,64,-23,63,-23,64,-18,64,-26,66,-26,65,-22,62,-23,65,-23,71,-21,68,-23,0,0]"
CSI_DATA,368,2a:00:00:00:00:00,-44,11,1,0,1,1,1,0,0,0,1,-97,0,11,2,5186338,0,44,0,384,0,"[0,0,0,0,0,0,0,0,0,0,0,0,-1,-12,-1,-11,-1,-11,-1,-11,-1,-10,-1,-10,-1,-10,-1,-10,-1,-10,-2,-9,-2,-10,-2,-9,-2,-10,-2,-9,-2,-9,-2,-9,-3,-9,-2,-9,-2,-9,-2,-9,-2,-9,-2,-9,-2,-9,-2,-9,-2,-9,-2,-8,0,0,-2,-9,-2,-9,-1,-8,-1,-8,-1,-8,-1,-8,-1,-7,-1,-7,0,-7,0,-7,0,-7,0,-7,0,-6,0,-7,0,-6,0,-6,0,-6,0,-6,0,-5,0,-5,1,-5,1,-5,1,-4,1,-4,1,-4,1,-4,0,0,0,0,0,0,0,0,0,0,0,0,0,0,6,-72,6,-64,3,-66,3,-65,4,-63,3,-62,4,-58,2,-57,3,-56,1,-57,-2,-56,-3,-52,-2,-54,-1,-50,-3,-49,-4,-53,-2,-52,-6,-52,-6,-52,-6,-51,-8,-51,-7,-50,-9,-50,-5,-53,-3,-47,-7,-48,-3,-46,-3,-49,-1,-44,-8,-47,-5,-44,-3,-49,-1,-44,1,-46,-3,-42,3,-43,-1,-41,3,-45,2,-42,2,-37,4,-37,1,-37,4,-35,3,-36,3,-34,3,-34,4,-30,3,-32,6,-30,6,-28,8,-29,9,-28,7,-24,8,-23,10,-22,11,-22,15,-20,0,0,0,0,0,0,0,0,0,0,0,0,0,0,0,0,0,0,0,0,0,0,3,-12,5,-12,5,-15,9,-19,9,-21,10,-21,14,-23,11,-25,18,-27,20,-29,22,-30,24,-32,30,-32,32,-32,38,-32,43,-32,45,-30,46,-27,50,-27,53,-28,59,-22,60,-20,63,-16,65,-15,65,-15,65,-15,66,-9,68,-6,67,-3,65,-6,64,-6,66,-3,69,-3,64,-2,69,-4,65,-2,64,-2,66,-3,63,-2,67,-2,70,-4,68,-2,63,-7,67,-5,66,-2,64,1,66,-2,69,-5,71,-4,69,-1,68,-3,71,-2,70,2,69,1,71,-2,71,-1,70,-1,0,0]"
CSI_DATA,369,2a:00:00:00:00:00,-44,11,1,0,1,1,1,0,0,0,1,-97,0,11,2,5196131,0,44,0,384,0,"[0,0,0,0,0,0,0,0,0,0,0,0,2,-11,2,-10,2,-10,2,-10,2,-10,1,-9,1,-9,1,-9,1,-10,1,-9,1,-9,1,-9,0,-9,0,-9,0,-9,0,-9,0,-9,0,-9,0,-9,0,-9,0,-9,0,-9,1,-9,0,-9,0,-9,1,-8,0,0,1,-8,1,-8,1,-8,1,-8,1,-8,1,-7,1,-8,1,-7,1,-7,1,-6,1,-6,1,-6,1,-6,1,-6,1,-5,1,-5,2,-5,1,-5,1,-5,2,-5,2,-4,2,-4,2,-4,2,-4,2,-3,2,-3,0,0,0,0,0,0,0,0,0,0,0,0,0,0,19,-66,22,-62,22,-65,22,-59,19,-62,22,-56,18,-57,15,-55,16,-53,13,-50,15,-50,13,-53,14,-54,9,-49,8,-49,3,-52,4,-53,5,-53,6,-51,4,-50,4,-51,7,-46,3,-48,3,-48,7,-48,8,-51,4,-50,2,-47,4,-47,4,-45,4,-47,4,-46,7,-43,6,-43,5,-41,5,-41,9,-40,9,-42,9,-40,12,-39,8,-35,5,-31,9,-32,8,-33,8,-32,8,-33,9,-33,11,-29,9,-26,11,-27,9,-21,12,-24,14,-24,13,-22,9,-19,16,-19,14,-16,0,0,0,0,0,0,0,0,0,0,0,0,0,0,0,0,0,0,0,0,0,0,7,-12,9,-13,9,-11,13,-15,15,-16,15,-17,19,-16,21,-18,23,-23,28,-21,29,-23,34,-21,36,-25,39,-21,47,-23,46,-17,51,-14,55,-13,52,-14,58,-7,62,-5,66,0,65,-3,64,0,68,3,66,4,70,7,66,9,66,13,64,14,65,15,62,15,63,17,61,19,64,18,64,19,63,13,62,14,61,13,66,14,66,15,64,16,68,17,65,16,65,15,67,17,65,15,65,18,70,15,66,19,66,12,67,13,70,19,67,17,69,14,70,17,68,20,0,0]"
CSI_DATA,370,2a:00:00:00:00:00,-44,11,1,0,1,1,1,0,0,0,1,-97,0,11,2,5206087,0,44,0,384,0,"[0,0,0,0,0,0,0,0,0,0,0,0,-11,3,-11,3,-10,3,-10,3,-10,3,-10,3,-10,3,-9,3,-9,3,-9,3,-9,3,-9,3,-8,4,-8,4,-8,4,-8,4,-8,4,-8,4,-8,4,-8,4,-8,3,-8,3,-8,3,-8,4,-8,3,-8,3,0,0,-8,3,-8,3,-8,3,-8,2,-7,2,-7,2,-7,2,-6,2,-7,1,-7,1,-7,1,-6,2,-6,1,-6,1,-6,1,-6,1,-6,0,-5,0,-5,0,-5,0,-5,0,-5,0,-5,0,-5,-1,-4,-1,-4,-1,0,0,0,0,0,0,0,0,0,0,0,0,0,0,-66,22,-59,21,-62,22,-66,16,-56,16,-61,15,-54,18,-55,20,-50,20,-53,17,-54,23,-48,23,-46,24,-48,21,-49,19,-46,22,-44,20,-44,21,-46,22,-46,21,-50,23,-43,23,-44,25,-42,24,-43,24,-40,26,-39,21,-42,20,-40,21,-44,21,-45,18,-43,20,-37,18,-39,19,-42,16,-40,13,-36,15,-35,17,-36,14,-37,13,-35,9,-33,9,-33,10,-30,7,-34,8,-29,6,-31,7,-28,8,-27,2,-27,2,-28,2,-27,2,-26,1,-26,-1,-23,-1,-19,-4,-23,-1,0,0,0,0,0,0,0,0,0,0,0,0,0,0,0,0,0,0,0,0,0,0,-13,-1,-15,1,-17,0,-24,-2,-20,0,-24,1,-29,-1,-27,0,-30,-7,-34,-7,-38,-12,-39,-13,-40,-18,-44,-21,-44,-24,-44,-24,-50,-32,-43,-35,-46,-40,-46,-38,-46,-43,-44,-47,-37,-49,-37,-54,-38,-58,-40,-57,-32,-58,-34,-60,-28,-56,-28,-62,-31,-58,-31,-62,-28,-59,-29,-60,-30,-60,-29,-60,-29,-61,-28,-62,-28,-62,-26,-63,-29,-59,-27,-63,-30,-65,-30,-60,-24,-62,-35,-64,-29,-61,-30,-60,-32,-64,-32,-60,-26,-64,-28,-58,-30,-67,-29,-63,-27,-67,-29,-67,-30,-64,0,0]"
CSI_DATA,371,2a:00:00:00:00:00,-44,11,1,0,1,1,1,0,0,0,1,-97,0,11,2,5216639,0,44,0,384,0,"[0,0,0,0,0,0,0,0,0,0,0,0,-2,-11,-3,-11,-3,-11,-2,-11,-3,-10,-3,-10,-2,-10,-2,-10,-3,-10,-3,-10,-3,-9,-3,-9,-4,-9,-4,-9,-4,-9,-4,-10,-4,-9,-4,-9,-4,-9,-3,-9,-3,-9,-3,-9,-3,-8,-3,-9,-3,-9,-3,-9,0,0,-2,-9,-3,-8,-3,-8,-2,-8,-2,-8,-1,-8,-1,-8,-1,-7,-1,-7,-1,-7,-1,-7,-1,-6,-1,-6,-1,-6,-1,-6,-1,-6,0,-6,0,-6,0,-6,0,-5,0,-5,0,-5,0,-5,0,-4,1,-4,1,-4,0,0,0,0,0,0,0,0,0,0,0,0,0,0,-7,-66,-7,-66,-9,-65,-12,-61,-10,-63,-9,-57,-11,-63,-8,-57,-10,-55,-8,-53,-12,-51,-10,-53,-11,-51,-14,-53,-12,-50,-18,-46,-15,-50,-14,-51,-15,-50,-20,-48,-19,-47,-19,-49,-19,-47,-16,-46,-14,-48,-18,-45,-15,-47,-12,-45,-13,-45,-15,-45,-15,-42,-11,-45,-12,-46,-10,-44,-12,-42,-11,-39,-8,-41,-9,-40,-10,-40,-10,-40,-6,-39,-3,-36,-6,-37,-2,-38,-2,-33,-2,-35,-3,-30,-4,-33,3,-30,1,-27,3,-29,-1,-30,2,-25,4,-22,5,-22,2,-22,9,-20,0,0,0,0,0,0,0,0,0,0,0,0,0,0,0,0,0,0,0,0,0,0,-1,-15,0,-13,0,-17,3,-19,3,-24,4,-23,4,-27,8,-29,10,-31,10,-35,20,-34,20,-34,19,-37,25,-38,29,-40,34,-41,38,-42,39,-37,42,-40,49,-38,48,-35,52,-33,55,-33,60,-30,60,-28,59,-26,64,-23,61,-22,65,-20,61,-20,64,-20,61,-18,63,-19,63,-20,65,-19,61,-18,63,-17,60,-14,63,-19,62,-18,63,-15,64,-18,62,-16,67,-18,61,-18,66,-19,64,-19,63,-21,69,-19,68,-18,65,-17,65,-22,68,-17,67,-21,71,-16,68,-19,73,-18,0,0]"
CSI_DATA,372,2a:00:00:00:00:00,-44,11,1,0,1,1,1,0,0,0,1,-97,0,11,2,5226114,0,44,0,384,0,"[0,0,0,0,0,0,0,0,0,0,0,0,-11,-3,-11,-3,-11,-2,-11,-3,-10,-2,-10,-2,-10,-2,-10,-2,-10,-2,-10,-1,-10,-1,-10,-1,-10,-1,-10,-1,-10,-1,-10,0,-10,-1,-10,-1,-10,0,-9,-1,-9,-1,-9,-1,-9,-1,-9,0,-9,-1,-9,-1,0,0,-9,-1,-9,-1,-8,-1,-9,-1,-8,-2,-7,-2,-7,-2,-7,-2,-7,-2,-7,-2,-7,-2,-6,-1,-6,-2,-6,-2,-6,-2,-6,-2,-5,-2,-5,-2,-5,-2,-5,-2,-5,-2,-5,-2,-4,-2,-4,-2,-4,-2,-4,-2,0,0,0,0,0,0,0,0,0,0,0,0,0,0,-58,-39,-55,-32,-54,-33,-54,-34,-59,-30,-55,-29,-51,-28,-53,-23,-49,-26,-49,-26,-48,-23,-48,-22,-54,-22,-51,-24,-51,-21,-48,-20,-49,-21,-49,-17,-50,-16,-52,-13,-49,-15,-48,-16,-45,-11,-48,-12,-45,-20,-45,-15,-45,-15,-45,-15,-45,-17,-44,-13,-43,-16,-43,-13,-39,-14,-42,-15,-44,-16,-38,-17,-35,-15,-37,-12,-37,-17,-37,-19,-33,-16,-29,-20,-30,-15,-30,-15,-28,-17,-29,-15,-28,-17,-31,-15,-24,-15,-25,-16,-23,-15,-22,-19,-21,-16,-18,-17,-21,-15,-18,-17,-19,-16,0,0,0,0,0,0,0,0,0,0,0,0,0,0,0,0,0,0,0,0,0,0,-10,-14,-9,-14,-9,-14,-12,-15,-13,-19,-10,-18,-15,-20,-13,-25,-12,-30,-11,-33,-12,-37,-14,-44,-13,-43,-11,-47,-6,-49,-1,-53,-4,-55,-2,-57,5,-57,5,-60,6,-61,13,-63,17,-64,19,-63,24,-63,22,-61,26,-64,23,-63,27,-62,26,-60,29,-62,34,-58,28,-57,30,-58,31,-58,31,-59,26,-60,31,-58,33,-60,28,-59,30,-60,28,-62,29,-59,32,-59,29,-57,28,-63,28,-61,26,-62,31,-70,31,-64,29,-63,31,-67,29,-65,29,-62,29,-63,33,-61,31,-64,0,0]"
CSI_DATA,373,2a:00:00:00:00:00,-44,11,1,0,1,1,1,0,0,0,1,-97,0,11,2,5236122,0,44,0,384,0,"[0,0,0,0,0,0,0,0,0,0,0,0,10,2,10,2,9,2,9,2,9,2,9,2,9,1,9,2,9,1,9,1,9,1,9,1,8,1,8,1,8,1,9,0,9,0,8,0,8,0,8,0,8,0,8,0,8,0,8,0,8,0,8,0,0,0,8,0,7,1,7,1,7,1,6,1,6,1,6,1,6,1,6,1,6,1,6,1,5,1,5,1,5,1,5,1,5,1,4,1,4,1,4,2,4,1,3,2,3,1,3,1,3,2,3,2,2,2,0,0,0,0,0,0,0,0,0,0,0,0,0,0,60,15,61,22,64,17,62,21,60,20,59,20,58,15,56,13,54,17,57,17,57,12,52,11,52,7,52,12,53,13,56,7,53,9,50,7,48,6,54,0,52,3,52,6,51,3,48,4,48,7,48,4,50,3,49,6,45,4,49,8,43,4,45,4,45,8,44,5,45,4,42,8,41,10,36,8,35,7,38,6,40,7,36,7,31,8,29,7,30,8,30,9,30,11,27,10,27,12,27,13,24,13,26,11,20,12,19,11,20,11,21,11,20,15,0,0,0,0,0,0,0,0,0,0,0,0,0,0,0,0,0,0,0,0,0,0,10,6,9,7,15,10,16,12,15,13,16,14,19,20,18,19,24,24,19,24,21,31,21,36,19,39,20,41,16,45,21,50,19,52,14,58,14,63,12,60,8,62,5,64,-1,67,-5,66,-8,69,-2,67,-9,65,-10,61,-12,68,-12,68,-15,64,-14,70,-18,65,-14,67,-17,66,-17,64,-14,68,-17,66,-16,66,-15,62,-16,61,-15,66,-16,70,-16,67,-17,63,-17,72,-18,67,-17,69,-18,66,-15,72,-12,69,-14,67,-17,67,-15,69,-18,73,-18,70,-20,69,0,0]"
CSI_DATA,374,2a:00:00:00:00:00,-44,11,1,0,1,1,1,0,0,0,1,-97,0,11,2,5246194,0,44,0,384,0,"[0,0,0,0,0,0,0,0,0,0,0,0,-12,2,-11,2,-11,3,-10,2,-10,2,-10,3,-10,3,-10,3,-10,3,-9,3,-10,3,-9,3,-9,3,-9,3,-9,3,-9,4,-9,3,-9,4,-9,3,-9,3,-9,3,-8,3,-9,3,-9,3,-8,3,-8,2,0,0,-8,3,-8,2,-8,2,-9,2,-8,2,-8,2,-7,1,-7,1,-7,1,-7,1,-7,1,-7,1,-6,1,-6,0,-6,0,-6,0,-6,0,-6,0,-5,0,-5,-1,-5,-1,-5,-1,-5,-1,-5,-1,-4,-1,-4,-1,0,0,0,0,0,0,0,0,0,0,0,0,0,0,-63,16,-61,16,-60,19,-59,15,-61,16,-58,16,-50,18,-54,16,-52,16,-55,16,-52,15,-51,18,-51,16,-48,19,-46,18,-47,23,-47,21,-46,22,-43,22,-46,20,-44,23,-44,21,-43,19,-45,23,-44,21,-46,22,-44,21,-43,23,-39,18,-44,19,-44,19,-43,16,-39,17,-40,20,-42,13,-41,11,-37,12,-38,17,-37,12,-37,10,-34,10,-36,8,-34,10,-32,7,-32,6,-31,7,-31,3,-31,5,-31,3,-26,3,-27,5,-29,1,-24,2,-24,2,-22,0,-22,-5,-21,-4,0,0,0,0,0,0,0,0,0,0,0,0,0,0,0,0,0,0,0,0,0,0,-15,-5,-16,0,-17,-2,-16,-2,-24,-2,-25,-2,-27,-2,-27,-6,-33,-8,-32,-9,-38,-10,-38,-17,-43,-15,-42,-22,-45,-25,-43,-30,-43,-35,-43,-34,-48,-40,-42,-41,-40,-43,-40,-52,-40,-49,-35,-55,-31,-56,-34,-61,-31,-59,-30,-59,-29,-58,-29,-62,-24,-65,-25,-65,-22,-59,-24,-59,-20,-63,-24,-64,-24,-64,-25,-60,-26,-61,-25,-62,-26,-61,-24,-60,-27,-62,-28,-60,-29,-61,-23,-62,-25,-64,-22,-61,-26,-67,-25,-64,-26,-63,-30,-68,-26,-68,-25,-63,-27,-65,-25,-68,-26,-67,0,0]"
CSI_DATA,375,2a:00:00:00:00:00,-44,11,1,0,1,1,1,0,0,0,1,-97,0,11,2,5276139,0,44,0,384,0,"[0,0,0,0,0,0,0,0,0,0,0,0,-7,9,-6,8,-6,8,-6,8,-6,8,-6,8,-5,7,-5,8,-5,8,-5,8,-5,8,-4,8,-4,8,-4,8,-4,8,-4,8,-4,8,-4,7,-4,8,-4,8,-4,7,-4,7,-4,7,-4,7,-4,7,-4,7,0,0,-4,7,-4,6,-4,6,-4,6,-4,6,-4,6,-4,6,-4,5,-4,5,-4,5,-4,5,-4,4,-4,4,-4,4,-4,4,-4,3,-4,4,-4,3,-4,3,-4,2,-4,2,-4,2,-4,2,-3,2,-4,2,-3,1,0,0,0,0,0,0,0,0,0,0,0,0,0,0,-47,46,-44,48,-44,47,-41,46,-43,43,-40,43,-40,41,-41,43,-39,45,-33,41,-37,40,-33,40,-33,41,-31,39,-33,40,-28,41,-28,47,-26,40,-26,41,-29,40,-29,43,-27,41,-25,42,-27,42,-30,39,-30,39,-29,39,-27,40,-24,38,-28,38,-25,38,-27,35,-28,36,-25,36,-27,32,-26,34,-26,31,-27,30,-25,28,-27,26,-25,28,-23,25,-26,24,-22,25,-22,22,-24,21,-20,18,-23,19,-24,16,-22,17,-24,15,-28,15,-24,13,-20,12,-22,11,-21,8,-20,9,0,0,0,0,0,0,0,0,0,0,0,0,0,0,0,0,0,0,0,0,0,0,-13,6,-12,6,-14,10,-16,7,-17,9,-17,8,-23,9,-28,11,-33,10,-32,9,-36,10,-40,10,-45,8,-48,7,-50,2,-49,-1,-56,-3,-57,-6,-56,-6,-60,-13,-58,-16,-64,-21,-57,-22,-57,-25,-62,-27,-58,-32,-58,-30,-55,-35,-59,-35,-58,-38,-53,-38,-55,-36,-53,-39,-56,-40,-53,-44,-53,-40,-55,-38,-53,-40,-53,-37,-56,-39,-55,-39,-49,-38,-50,-40,-56,-37,-53,-38,-52,-44,-53,-42,-53,-39,-56,-39,-56,-41,-57,-45,-56,-42,-56,-46,-53,-42,-60,-42,-54,-47,-54,-45,0,0]"
CSI_DATA,376,2a:00:00:00:00:00,-44,11,1,0,1,1,1,0,0,0,1,-97,0,11,2,5296122,0,44,0,384,0,"[0,0,0,0,0,0,0,0,0,0,0,0,-12,-1,-11,-1,-11,-1,-11,-1,-11,-1,-11,-1,-10,-1,-10,0,-10,-1,-10,0,-10,0,-10,0,-10,0,-10,0,-9,0,-10,0,-10,1,-10,0,-9,0,-9,0,-9,0,-9,0,-9,0,-9,0,-9,-1,-9,0,0,0,-9,-1,-8,-1,-8,-1,-9,-1,-8,-1,-8,-1,-7,-1,-7,-2,-8,-2,-7,-2,-7,-2,-6,-1,-6,-1,-6,-2,-6,-2,-6,-2,-6,-2,-5,-2,-5,-2,-5,-3,-4,-3,-4,-2,-4,-3,-4,-2,-4,-3,-3,-3,0,0,0,0,0,0,0,0,0,0,0,0,0,0,-68,-2,-63,-4,-66,-4,-66,-2,-63,0,-62,-3,-60,-1,-59,-4,-53,1,-57,-1,-57,2,-53,4,-55,5,-50,4,-54,1,-55,8,-51,6,-52,6,-52,6,-53,8,-55,9,-51,8,-51,11,-50,5,-47,6,-49,6,-46,7,-51,5,-48,5,-49,5,-46,2,-49,6,-43,0,-42,6,-46,6,-42,3,-41,3,-40,1,-39,-2,-40,-2,-36,2,-38,0,-37,-3,-37,0,-36,-3,-33,0,-32,-4,-29,-2,-27,-5,-28,-6,-29,-6,-24,-9,-24,-7,-25,-7,-23,-9,-20,-12,-21,-12,0,0,0,0,0,0,0,0,0,0,0,0,0,0,0,0,0,0,0,0,0,0,-12,-2,-18,-4,-16,-10,-19,-10,-22,-8,-18,-15,-23,-10,-27,-11,-30,-16,-28,-19,-32,-22,-37,-26,-38,-29,-34,-38,-37,-38,-32,-43,-37,-43,-32,-44,-33,-52,-27,-57,-25,-52,-28,-63,-22,-66,-19,-67,-14,-64,-17,-69,-12,-70,-12,-75,-10,-67,-10,-72,-7,-67,-7,-70,-5,-64,-6,-69,-3,-69,-5,-69,-3,-67,-5,-67,-4,-69,-7,-69,-8,-71,-10,-69,-7,-70,-7,-67,-7,-67,-5,-69,-3,-71,-6,-71,-8,-70,-6,-70,-6,-68,0,-75,-5,-75,-8,-69,0,-74,-5,-72,-2,-70,0,0]"
CSI_DATA,377,2a:00:00:00:00:00,-44,11,1,0,1,1,1,0,0,0,1,-97,0,11,2,5327000,0,44,0,384,0,"[0,0,0,0,0,0,0,0,0,0,0,0,6,9,5,9,6,9,5,9,6,8,6,8,5,8,5,7,5,7,6,7,5,7,6,6,6,6,6,6,6,7,6,6,6,6,6,6,6,6,6,6,5,6,6,6,5,6,5,6,5,6,5,6,0,0,5,6,5,6,5,6,4,6,4,6,4,6,3,6,3,5,3,5,3,5,3,5,3,5,2,5,3,5,2,4,2,5,2,4,2,4,2,4,1,4,1,4,1,4,1,4,0,4,0,4,0,3,0,0,0,0,0,0,0,0,0,0,0,0,0,0,26,59,23,61,24,58,25,56,24,55,25,57,23,51,24,52,24,53,25,48,21,48,22,44,27,44,25,45,26,42,31,45,27,44,29,40,29,45,27,44,31,42,31,40,27,38,25,41,23,41,25,42,26,38,25,39,22,39,24,39,26,37,24,44,22,37,21,39,21,38,17,37,15,34,15,38,15,36,17,34,15,35,13,29,13,32,13,32,11,28,12,30,9,30,11,29,8,28,9,27,3,27,6,26,5,23,2,25,4,22,-2,21,1,24,0,0,0,0,0,0,0,0,0,0,0,0,0,0,0,0,0,0,0,0,0,0,3,10,0,15,0,15,0,16,1,18,0,24,-2,26,0,26,-2,31,-4,35,-8,34,-9,41,-11,42,-16,46,-16,47,-24,46,-24,50,-30,48,-30,50,-37,47,-42,48,-43,47,-46,45,-46,46,-54,46,-50,43,-57,40,-55,38,-56,39,-54,38,-58,38,-59,34,-55,33,-60,29,-61,31,-60,31,-58,33,-55,30,-59,34,-58,34,-60,31,-60,32,-61,34,-60,38,-57,37,-62,31,-60,32,-60,32,-66,34,-61,31,-58,31,-61,39,-63,37,-65,32,-65,30,-70,29,-62,33,0,0]"
CSI_DATA,378,2a:00:00:00:00:00,-44,11,1,0,1,1,1,0,0,0,1,-97,0,11,2,5336113,0,44,0,384,0,"[0,0,0,0,0,0,0,0,0,0,0,0,3,-11,3,-11,2,-10,3,-10,2,-10,2,-9,2,-10,2,-9,2,-9,1,-9,2,-9,1,-9,1,-9,1,-9,1,-9,1,-9,1,-9,1,-9,1,-9,1,-9,1,-9,1,-9,1,-9,1,-9,1,-9,1,-8,0,0,2,-8,1,-8,2,-8,2,-8,2,-8,2,-7,2,-7,2,-7,2,-6,2,-6,2,-6,2,-6,2,-6,2,-6,2,-5,2,-5,2,-5,2,-5,2,-5,2,-4,2,-4,2,-4,2,-4,2,-4,2,-3,2,-3,0,0,0,0,0,0,0,0,0,0,0,0,0,0,30,-61,35,-57,27,-59,28,-55,26,-55,31,-54,21,-51,27,-53,23,-50,20,-49,20,-52,21,-47,19,-48,18,-48,17,-48,15,-51,19,-52,17,-51,16,-49,14,-48,15,-52,16,-49,10,-50,13,-49,11,-45,11,-48,14,-44,13,-48,14,-43,12,-44,18,-42,17,-43,12,-43,13,-40,15,-39,18,-39,14,-39,13,-36,16,-35,13,-35,14,-34,16,-32,14,-34,17,-29,17,-28,14,-28,14,-26,17,-25,15,-23,15,-23,14,-22,16,-21,14,-24,18,-20,13,-18,15,-13,18,-13,0,0,0,0,0,0,0,0,0,0,0,0,0,0,0,0,0,0,0,0,0,0,9,-8,9,-9,11,-14,13,-12,16,-12,15,-16,19,-15,21,-18,28,-19,30,-20,33,-19,35,-20,38,-17,44,-13,47,-16,47,-10,51,-11,56,-10,55,-8,58,-6,59,0,63,3,65,8,61,8,63,14,65,13,64,18,63,18,66,18,61,22,61,23,58,24,62,22,62,21,65,23,60,22,61,23,57,23,61,25,59,27,62,26,62,25,62,21,62,23,62,26,59,22,65,22,67,26,67,22,64,22,65,26,61,27,68,27,62,26,65,30,69,31,63,29,0,0]"
CSI_DATA,379,2a:00:00:00:00:00,-44,11,1,0,1,1,1,0,0,0,1,-97,0,11,2,5347935,0,44,0,384,0,"[0,0,0,0,0,0,0,0,0,0,0,0,9,5,9,5,9,5,9,5,8,5,8,4,8,4,8,4,8,4,8,4,8,3,8,3,8,3,8,3,8,3,8,3,8,3,8,3,8,2,8,3,7,3,8,3,7,3,8,3,7,3,7,3,0,0,7,3,7,3,7,3,6,3,6,3,6,3,6,3,5,3,5,3,5,3,5,3,5,3,4,3,4,3,4,3,4,3,3,3,3,3,3,3,3,3,3,3,3,3,2,3,2,2,2,3,2,3,0,0,0,0,0,0,0,0,0,0,0,0,0,0,37,50,40,55,38,53,39,47,39,49,38,48,34,48,36,40,37,46,34,39,36,40,35,36,37,39,34,36,37,36,37,35,35,36,37,32,37,35,41,33,41,33,39,34,38,30,37,33,33,33,34,30,34,34,31,33,29,31,35,31,35,32,33,32,31,30,30,30,33,29,26,30,29,31,27,28,26,30,26,27,24,27,22,28,21,24,18,25,18,27,16,25,18,24,21,24,16,25,15,27,11,24,12,22,11,18,10,21,9,21,8,21,4,20,0,0,0,0,0,0,0,0,0,0,0,0,0,0,0,0,0,0,0,0,0,0,2,11,7,13,7,13,5,17,5,19,6,22,5,24,5,26,3,30,2,34,-2,36,-3,41,-3,46,-3,48,-7,47,-10,48,-15,52,-19,53,-23,51,-27,53,-30,54,-33,57,-36,51,-40,54,-43,50,-43,51,-41,53,-47,50,-47,51,-49,45,-48,49,-49,48,-48,47,-53,44,-54,40,-48,43,-49,44,-47,43,-50,42,-52,42,-52,42,-48,47,-50,46,-50,46,-47,44,-52,49,-51,44,-52,44,-52,50,-52,47,-49,48,-54,48,-55,47,-54,47,-54,47,-57,46,-54,48,0,0]"
CSI_DATA,380,2a:00:00:00:00:00,-44,11,1,0,1,1,1,0,0,0,1,-97,0,11,2,5356811,0,44,0,384,0,"[0,0,0,0,0,0,0,0,0,0,0,0,-3,10,-3,10,-2,10,-2,9,-2,9,-2,9,-2,9,-2,9,-2,9,-2,9,-1,9,-1,9,-1,9,-1,9,-1,9,-1,9,-1,9,-1,8,-1,8,-1,8,-1,8,-1,8,-1,8,0,8,-1,8,-1,8,0,0,-1,7,-1,7,-1,7,-1,7,-2,7,-2,7,-2,7,-2,6,-2,6,-2,6,-2,5,-2,5,-2,5,-2,5,-2,5,-2,4,-2,5,-2,4,-2,4,-2,4,-2,4,-2,4,-3,3,-2,3,-3,3,-3,3,0,0,0,0,0,0,0,0,0,0,0,0,0,0,-30,58,-31,58,-27,54,-33,60,-27,56,-29,52,-26,54,-26,51,-23,53,-23,46,-19,49,-19,49,-19,54,-16,47,-17,46,-15,49,-14,49,-11,53,-10,48,-16,46,-14,49,-13,46,-12,47,-11,44,-12,46,-12,49,-13,43,-11,46,-10,46,-10,40,-16,41,-14,44,-14,44,-15,37,-12,37,-11,37,-14,35,-15,34,-14,36,-16,33,-15,32,-11,33,-15,32,-14,31,-15,31,-13,26,-14,26,-13,27,-14,23,-13,22,-15,22,-16,21,-16,23,-16,18,-15,16,-17,17,-17,14,0,0,0,0,0,0,0,0,0,0,0,0,0,0,0,0,0,0,0,0,0,0,-10,9,-10,11,-10,12,-16,10,-15,12,-18,13,-22,15,-22,17,-27,18,-28,19,-32,15,-34,16,-41,20,-45,18,-51,16,-52,11,-53,7,-56,8,-56,7,-61,5,-60,0,-67,-8,-63,-5,-62,-9,-62,-13,-71,-8,-67,-19,-64,-18,-65,-21,-65,-21,-63,-21,-63,-23,-62,-26,-64,-24,-60,-26,-65,-28,-61,-25,-60,-24,-62,-20,-65,-24,-65,-24,-64,-24,-64,-25,-64,-25,-62,-25,-67,-22,-64,-26,-62,-24,-67,-25,-68,-25,-68,-22,-67,-24,-65,-27,-66,-25,-65,-29,-68,-27,-67,-28,0,0]"
CSI_DATA,381,2a:00:00:00:00:00,-44,11,1,0,1,1,1,0,0,0,1,-97,0,11,2,5379898,0,44,0,384,0,"[0,0,0,0,0,0,0,0,0,0,0,0,2,10,2,9,2,9,2,10,3,9,2,9,2,8,3,8,3,8,3,8,3,8,3,8,4,8,3,8,3,8,3,8,3,7,3,7,4,7,4,7,3,7,3,7,3,7,3,7,3,7,3,7,0,0,2,7,3,7,2,6,2,6,2,6,2,6,2,6,1,6,1,6,1,5,1,5,1,5,1,5,1,5,1,4,1,4,0,5,0,4,0,4,0,4,0,4,0,4,0,4,0,3,-1,3,-1,3,0,0,0,0,0,0,0,0,0,0,0,0,0,0,15,66,12,61,9,62,11,61,15,59,11,58,11,56,8,56,12,54,13,49,15,53,15,51,19,47,14,47,15,49,16,47,18,45,18,46,18,45,22,46,22,44,16,46,21,45,21,40,19,44,22,47,19,44,16,43,18,46,16,44,17,40,19,40,17,42,14,39,14,38,13,36,16,37,13,37,11,38,16,35,13,33,7,32,6,32,4,33,9,32,8,29,5,29,6,29,3,27,4,26,4,25,2,25,4,23,0,24,0,20,-2,19,0,19,0,0,0,0,0,0,0,0,0,0,0,0,0,0,0,0,0,0,0,0,0,0,-7,11,-3,14,-5,15,-7,14,-6,20,-9,20,-7,24,-9,24,-14,29,-18,28,-17,29,-25,32,-26,33,-31,35,-31,35,-36,34,-42,38,-44,37,-46,35,-48,34,-52,33,-59,31,-58,29,-61,24,-64,23,-65,20,-63,17,-62,18,-66,17,-67,16,-64,13,-66,17,-68,12,-63,16,-66,13,-68,17,-64,15,-62,14,-66,11,-67,12,-65,13,-65,19,-63,18,-70,17,-63,18,-68,19,-63,21,-65,19,-69,21,-68,14,-70,15,-68,17,-68,16,-64,17,-72,14,-70,19,-68,14,0,0]"
CSI_DATA,382,2a:00:00:00:00:00,-44,11,1,0,1,1,1,0,0,0,1,-97,0,11,2,5388180,0,44,0,384,0,"[0,0,0,0,0,0,0,0,0,0,0,0,1,-11,1,-11,1,-11,1,-11,1,-10,1,-10,0,-10,0,-10,0,-10,0,-10,0,-10,0,-9,-1,-10,0,-10,-1,-10,-1,-10,-1,-10,-1,-9,-1,-9,-1,-9,-1,-9,-1,-9,-1,-9,-1,-9,0,-9,0,-9,0,0,0,-8,-1,-8,0,-9,0,-8,0,-8,0,-8,0,-8,0,-7,0,-7,0,-7,0,-6,0,-6,0,-6,0,-6,1,-6,0,-6,1,-6,0,-5,1,-5,1,-5,1,-5,1,-5,1,-4,1,-4,1,-4,1,-4,0,0,0,0,0,0,0,0,0,0,0,0,0,0,14,-71,17,-69,9,-63,12,-63,12,-61,12,-58,10,-60,6,-57,7,-54,10,-51,5,-54,6,-52,2,-55,3,-52,5,-50,0,-51,3,-53,0,-53,0,-48,3,-53,0,-51,0,-52,0,-47,-3,-54,-1,-51,2,-48,0,-48,-4,-53,2,-45,-1,-46,1,-46,2,-46,5,-47,4,-42,3,-40,5,-43,5,-39,5,-40,4,-35,4,-38,6,-38,7,-37,9,-36,8,-32,9,-32,5,-34,8,-29,6,-30,8,-24,7,-29,6,-27,9,-23,6,-25,8,-21,9,-23,11,-19,9,-18,0,0,0,0,0,0,0,0,0,0,0,0,0,0,0,0,0,0,0,0,0,0,8,-8,8,-10,9,-16,9,-17,13,-18,14,-18,14,-20,20,-20,23,-22,24,-22,29,-24,35,-26,36,-29,37,-22,42,-27,47,-23,49,-20,56,-22,56,-19,61,-15,63,-12,63,-8,66,-8,64,-5,67,0,66,-1,65,0,66,3,66,4,67,8,63,4,68,8,67,6,63,9,66,8,64,10,66,8,63,9,62,9,64,10,63,7,66,6,64,6,67,10,65,8,64,6,65,8,69,7,66,4,70,11,66,5,67,6,66,8,69,9,69,8,71,12,74,11,0,0]"
CSI_DATA,383,2a:00:00:00:00:00,-44,11,1,0,1,1,1,0,0,0,1,-97,0,11,2,5396255,0,44,0,384,0,"[0,0,0,0,0,0,0,0,0,0,0,0,7,-9,7,-9,6,-9,7,-9,6,-9,6,-8,6,-8,6,-9,5,-9,5,-9,5,-9,5,-9,5,-8,5,-8,5,-8,5,-9,4,-9,5,-9,4,-8,4,-8,5,-8,5,-8,5,-8,5,-8,5,-8,5,-8,0,0,5,-7,5,-7,5,-7,5,-6,5,-6,5,-6,4,-6,4,-6,5,-5,4,-5,4,-5,4,-5,4,-5,4,-5,4,-4,4,-4,4,-4,4,-4,3,-4,3,-3,4,-3,3,-3,3,-3,3,-3,3,-2,3,-2,0,0,0,0,0,0,0,0,0,0,0,0,0,0,34,-55,35,-54,38,-57,37,-52,36,-48,36,-50,36,-45,34,-51,29,-47,33,-50,26,-50,29,-47,26,-44,27,-45,24,-45,25,-47,23,-46,23,-44,22,-44,23,-41,25,-48,21,-45,21,-49,19,-45,22,-42,23,-44,22,-43,21,-41,24,-40,23,-42,25,-38,25,-40,22,-36,22,-37,21,-36,22,-35,24,-35,24,-33,21,-35,19,-29,23,-29,22,-27,26,-23,20,-28,21,-27,19,-21,21,-25,22,-20,21,-18,21,-19,18,-17,19,-14,19,-15,20,-14,21,-14,18,-11,17,-9,0,0,0,0,0,0,0,0,0,0,0,0,0,0,0,0,0,0,0,0,0,0,12,-9,7,-11,9,-11,12,-14,14,-13,15,-16,18,-17,22,-16,24,-18,29,-17,35,-15,39,-15,42,-17,46,-16,47,-14,52,-10,55,-10,55,-5,59,-2,62,-3,62,1,60,9,63,9,67,15,65,16,66,17,59,21,61,24,61,25,62,25,58,23,61,30,59,29,57,26,61,29,60,30,60,29,58,30,59,30,58,30,59,30,60,29,64,25,61,29,58,30,64,28,59,30,64,31,59,30,62,31,65,34,57,33,61,36,62,35,60,33,63,38,60,38,0,0]"
CSI_DATA,384,2a:00:00:00:00:00,-44,11,1,0,1,1,1,0,0,0,1,-97,0,11,2,5406221,0,44,0,384,0,"[0,0,0,0,0,0,0,0,0,0,0,0,-12,0,-11,0,-11,1,-10,0,-11,1,-10,1,-11,1,-10,1,-10,2,-10,2,-10,1,-10,2,-10,2,-9,1,-9,2,-10,3,-9,2,-10,3,-9,2,-9,2,-9,2,-9,2,-9,2,-9,2,-9,1,-9,1,0,0,-9,1,-9,1,-8,1,-9,1,-8,0,-8,1,-7,1,-7,0,-7,0,-7,0,-7,0,-6,0,-6,0,-6,0,-6,0,-6,0,-6,-1,-6,-1,-5,0,-5,-1,-5,-1,-5,-1,-5,-1,-5,-1,-4,-1,-4,-1,0,0,0,0,0,0,0,0,0,0,0,0,0,0,-64,5,-60,9,-68,7,-66,8,-60,7,-64,9,-54,9,-57,4,-54,8,-58,10,-59,10,-51,16,-51,13,-44,13,-54,12,-51,13,-49,14,-49,13,-50,15,-47,19,-56,17,-47,17,-51,21,-46,15,-44,21,-49,16,-44,15,-44,13,-43,13,-44,13,-45,12,-51,15,-45,8,-41,13,-40,7,-40,5,-37,11,-39,12,-37,7,-35,7,-34,7,-34,1,-30,5,-32,5,-33,6,-26,3,-34,2,-29,2,-30,1,-29,1,-27,2,-25,3,-26,3,-24,-1,-26,-3,-23,-4,-20,-7,0,0,0,0,0,0,0,0,0,0,0,0,0,0,0,0,0,0,0,0,0,0,-15,-1,-18,-4,-16,-6,-19,-6,-20,-8,-22,-8,-26,-8,-29,-11,-29,-13,-27,-16,-34,-21,-33,-24,-36,-28,-38,-31,-44,-36,-33,-37,-35,-46,-33,-41,-41,-45,-35,-50,-35,-50,-34,-60,-28,-56,-22,-60,-23,-60,-16,-61,-15,-63,-18,-69,-15,-63,-18,-70,-16,-60,-16,-71,-19,-66,-18,-65,-13,-65,-15,-63,-10,-59,-13,-66,-9,-62,-12,-66,-16,-65,-13,-62,-11,-70,-12,-62,-19,-69,-24,-67,-21,-69,-16,-65,-18,-65,-14,-63,-12,-65,-13,-74,-12,-75,-10,-63,-11,-71,-13,-77,-20,-64,0,0]"
CSI_DATA,385,2a:00:00:00:00:00,-44,11,1,0,1,1,1,0,0,0,1,-97,0,11,2,5416401,0,44,0,384,0,"[0,0,0,0,0,0,0,0,0,0,0,0,-8,-9,-8,-9,-8,-9,-8,-9,-7,-8,-8,-8,-8,-8,-8,-8,-7,-7,-8,-7,-7,-7,-8,-7,-8,-7,-8,-7,-8,-7,-8,-6,-8,-7,-8,-6,-8,-7,-8,-7,-7,-7,-7,-7,-7,-6,-7,-7,-7,-7,-7,-7,0,0,-7,-7,-6,-7,-6,-7,-6,-6,-5,-7,-5,-6,-5,-6,-5,-6,-5,-6,-5,-5,-4,-6,-4,-6,-4,-6,-4,-6,-4,-5,-4,-5,-3,-5,-3,-5,-3,-5,-3,-5,-3,-5,-2,-5,-2,-4,-2,-4,-2,-4,-2,-4,0,0,0,0,0,0,0,0,0,0,0,0,0,0,-31,-56,-32,-58,-27,-57,-30,-57,-30,-55,-33,-50,-31,-51,-29,-49,-27,-54,-29,-49,-27,-50,-31,-48,-29,-46,-28,-46,-31,-41,-33,-44,-29,-46,-32,-41,-30,-39,-30,-44,-35,-42,-32,-43,-30,-40,-25,-39,-28,-42,-33,-42,-29,-40,-26,-42,-26,-41,-25,-38,-27,-38,-22,-38,-23,-37,-20,-34,-23,-39,-18,-37,-20,-35,-19,-36,-15,-36,-16,-35,-17,-32,-16,-31,-14,-30,-14,-31,-11,-30,-11,-30,-11,-28,-9,-29,-10,-27,-6,-26,-7,-26,-5,-27,-4,-25,-5,-23,-6,-24,-6,-21,-1,-23,0,0,0,0,0,0,0,0,0,0,0,0,0,0,0,0,0,0,0,0,0,0,-1,-16,-7,-15,-3,-16,-4,-21,-6,-21,-3,-22,-6,-26,0,-30,0,-35,4,-33,2,-38,6,-39,5,-45,12,-49,11,-48,13,-54,22,-51,22,-51,24,-51,33,-48,35,-50,40,-54,44,-50,44,-49,50,-46,51,-47,48,-43,52,-43,49,-40,53,-43,54,-40,56,-40,54,-36,51,-39,56,-34,51,-36,52,-40,54,-36,54,-39,54,-39,57,-36,56,-40,52,-40,57,-38,50,-40,52,-38,55,-37,58,-41,56,-35,57,-39,60,-39,55,-39,57,-39,58,-41,57,-37,58,-36,64,-37,0,0]"
CSI_DATA,386,2a:00:00:00:00:00,-44,11,1,0,1,1,1,0,0,0,1,-97,0,11,2,5426109,0,44,0,384,0,"[0,0,0,0,0,0,0,0,0,0,0,0,7,-8,8,-8,7,-8,7,-8,6,-8,7,-8,6,-8,6,-8,6,-8,5,-8,5,-8,5,-8,5,-8,5,-8,5,-8,5,-8,5,-8,5,-8,5,-8,5,-8,5,-8,5,-8,5,-7,4,-8,5,-7,5,-7,0,0,5,-7,5,-6,5,-6,5,-6,5,-6,5,-6,5,-5,5,-5,4,-5,4,-5,4,-5,4,-4,4,-4,4,-4,4,-4,4,-4,4,-4,4,-3,4,-3,4,-3,4,-3,3,-3,3,-2,3,-2,3,-2,3,-2,0,0,0,0,0,0,0,0,0,0,0,0,0,0,60,-34,56,-33,58,-33,55,-34,55,-30,54,-34,50,-31,50,-28,49,-29,49,-28,46,-29,42,-31,43,-32,42,-27,41,-32,42,-30,41,-34,42,-32,40,-37,38,-33,42,-35,38,-31,39,-35,39,-33,40,-33,38,-31,38,-27,37,-30,39,-28,39,-30,38,-26,42,-29,36,-25,38,-27,36,-22,38,-23,36,-21,36,-20,37,-22,34,-16,32,-16,32,-15,30,-17,33,-15,28,-11,29,-12,29,-11,26,-13,29,-13,24,-10,26,-8,24,-6,22,-9,26,-4,25,-4,21,-2,22,-3,0,0,0,0,0,0,0,0,0,0,0,0,0,0,0,0,0,0,0,0,0,0,11,-6,14,-4,15,-8,17,-4,18,-5,24,-2,28,-3,27,-2,30,-3,32,-2,38,1,40,5,41,5,47,11,47,11,49,16,55,18,49,23,53,27,55,31,54,28,53,40,51,38,46,42,44,48,49,50,47,51,46,52,42,51,46,55,42,52,40,55,38,54,42,52,39,52,37,57,38,51,36,56,37,54,42,55,40,56,38,55,42,54,43,50,38,54,43,55,40,54,43,58,44,57,40,54,41,57,40,57,41,63,37,60,41,61,39,63,39,56,0,0]"
CSI_DATA,387,2a:00:00:00:00:00,-44,11,1,0,1,1,1,0,0,0,1,-97,0,11,2,5436365,0,44,0,384,0,"[0,0,0,0,0,0,0,0,0,0,0,0,7,-9,7,-9,6,-9,6,-9,6,-9,6,-9,6,-8,6,-9,5,-8,5,-9,5,-9,4,-9,4,-9,4,-9,4,-9,4,-9,4,-9,4,-9,4,-9,4,-9,4,-8,4,-9,4,-8,4,-8,4,-8,4,-8,0,0,5,-8,4,-7,4,-7,4,-7,4,-6,4,-7,4,-6,4,-6,4,-6,4,-6,4,-5,3,-6,4,-5,4,-5,4,-4,4,-5,4,-4,3,-4,3,-4,3,-3,3,-3,3,-3,3,-3,3,-3,3,-3,3,-2,0,0,0,0,0,0,0,0,0,0,0,0,0,0,46,-47,44,-46,42,-49,42,-45,47,-44,39,-46,38,-48,36,-43,35,-42,33,-41,34,-38,34,-38,35,-43,31,-44,30,-43,30,-42,26,-49,29,-40,25,-42,27,-43,28,-42,28,-40,26,-44,28,-43,29,-41,26,-38,29,-39,25,-38,25,-40,31,-40,30,-39,30,-38,30,-36,30,-36,28,-31,29,-29,26,-27,30,-29,26,-27,28,-26,23,-29,26,-20,22,-22,26,-21,22,-21,24,-20,21,-18,23,-20,22,-15,22,-16,23,-16,21,-15,17,-12,22,-13,22,-10,22,-12,18,-6,0,0,0,0,0,0,0,0,0,0,0,0,0,0,0,0,0,0,0,0,0,0,11,-7,12,-5,12,-12,15,-9,18,-13,22,-16,24,-10,27,-14,31,-12,32,-13,33,-7,39,-11,42,-9,44,-6,51,-5,50,-5,52,0,54,4,57,7,60,10,60,13,62,19,59,18,58,21,59,26,62,24,55,29,59,33,57,34,55,36,52,38,52,33,51,36,53,35,53,36,56,36,55,37,49,36,53,36,56,39,54,38,52,33,53,37,59,42,52,36,54,38,55,37,55,39,54,39,59,37,52,44,58,42,56,41,54,40,55,46,56,42,63,43,0,0]"
CSI_DATA,388,2a:00:00:00:00:00,-44,11,1,0,1,1,1,0,0,0,1,-97,0,11,2,5446115,0,44,0,384,0,"[0,0,0,0,0,0,0,0,0,0,0,0,10,0,10,0,10,0,10,0,9,0,10,0,9,-1,9,-1,9,-1,9,-1,9,-1,9,-1,9,-1,8,-1,9,-1,9,-1,9,-2,9,-2,9,-2,8,-1,9,-2,8,-1,8,-2,8,-1,8,-1,8,-1,0,0,8,-1,7,-1,7,-1,7,-1,7,-1,7,-1,7,-1,6,0,6,0,6,0,6,0,5,0,5,0,5,0,5,0,5,0,5,0,5,0,4,0,4,0,4,0,4,0,4,0,3,0,3,1,3,1,0,0,0,0,0,0,0,0,0,0,0,0,0,0,63,17,59,16,68,21,59,14,59,16,60,16,49,15,59,20,48,10,53,10,53,13,54,8,56,8,44,4,51,8,54,3,56,1,51,2,57,1,47,2,54,2,46,0,53,-2,47,2,48,2,47,5,47,3,46,4,46,5,47,5,45,3,49,3,38,4,40,1,38,1,39,6,37,5,37,3,32,6,37,6,35,9,32,8,32,9,32,8,30,6,28,7,31,8,28,7,24,9,21,6,23,11,22,8,25,8,18,11,17,9,21,7,19,11,0,0,0,0,0,0,0,0,0,0,0,0,0,0,0,0,0,0,0,0,0,0,9,5,11,13,7,9,13,14,12,18,14,21,16,17,15,21,18,27,16,26,17,30,21,36,18,39,17,46,13,50,11,43,9,58,10,51,12,59,1,57,2,61,-5,65,-4,59,-3,61,-9,66,-12,65,-14,68,-15,70,-17,61,-18,68,-17,60,-20,64,-19,59,-20,62,-20,59,-21,66,-15,56,-18,61,-20,63,-20,64,-15,68,-14,60,-20,67,-14,60,-15,66,-8,65,-13,65,-18,66,-12,68,-14,64,-19,65,-15,67,-18,74,-12,59,-17,66,-17,74,-17,65,0,0]"
CSI_DATA,389,2a:00:00:00:00:00,-44,11,1,0,1,1,1,0,0,0,1,-97,0,11,2,5468119,0,44,0,384,0,"[0,0,0,0,0,0,0,0,0,0,0,0,-11,3,-10,3,-10,4,-10,3,-10,3,-10,3,-9,4,-9,4,-9,4,-9,4,-9,4,-9,4,-9,4,-8,4,-8,4,-9,4,-9,4,-9,4,-8,4,-8,4,-8,4,-8,4,-9,4,-8,4,-8,4,-8,3,0,0,-8,3,-8,3,-7,3,-8,2,-7,2,-7,2,-7,2,-7,2,-7,1,-7,1,-7,1,-6,1,-6,1,-6,1,-6,0,-6,0,-6,1,-5,0,-5,0,-5,0,-5,0,-5,0,-5,-1,-5,-1,-4,-1,-4,-1,0,0,0,0,0,0,0,0,0,0,0,0,0,0,-63,19,-63,18,-63,20,-57,17,-58,20,-63,22,-56,16,-57,16,-51,19,-53,16,-53,19,-50,20,-49,20,-48,17,-45,20,-48,21,-43,25,-46,25,-45,27,-44,22,-49,24,-48,24,-47,26,-42,27,-45,24,-46,20,-42,24,-45,21,-45,18,-42,19,-45,20,-44,20,-42,15,-38,17,-40,16,-42,15,-40,19,-40,18,-36,13,-37,8,-34,11,-38,8,-37,10,-33,9,-30,8,-29,6,-32,1,-27,8,-29,6,-26,4,-27,4,-26,5,-24,3,-25,2,-23,2,-22,1,-24,-4,0,0,0,0,0,0,0,0,0,0,0,0,0,0,0,0,0,0,0,0,0,0,-14,-1,-17,-3,-19,-1,-20,-5,-22,-5,-21,-4,-29,-8,-30,-7,-34,-10,-35,-13,-36,-14,-41,-21,-44,-22,-41,-25,-41,-29,-41,-35,-46,-38,-39,-37,-43,-41,-42,-43,-40,-52,-38,-55,-35,-53,-35,-62,-32,-63,-29,-62,-29,-63,-29,-65,-28,-62,-26,-66,-22,-62,-22,-65,-24,-62,-23,-64,-21,-65,-19,-63,-23,-59,-21,-65,-23,-64,-19,-64,-24,-63,-23,-63,-22,-66,-27,-62,-20,-66,-28,-67,-25,-66,-25,-64,-25,-64,-23,-66,-20,-64,-25,-63,-23,-68,-25,-62,-24,-70,-24,-65,-22,-66,0,0]"
CSI_DATA,390,2a:00:00:00:00:00,-44,11,1,0,1,1,1,0,0,0,1,-97,0,11,2,5476965,0,44,0,384,0,"[0,0,0,0,0,0,0,0,0,0,0,0,-3,-11,-3,-10,-3,-11,-3,-10,-3,-10,-3,-9,-3,-10,-4,-10,-3,-9,-4,-10,-4,-9,-4,-9,-4,-9,-4,-9,-4,-8,-4,-9,-4,-8,-4,-9,-4,-9,-4,-9,-4,-9,-4,-9,-4,-9,-4,-8,-4,-9,-3,-8,0,0,-3,-8,-3,-9,-3,-8,-3,-8,-2,-8,-2,-8,-2,-8,-2,-7,-2,-7,-2,-7,-2,-7,-1,-7,-1,-6,-1,-6,-1,-6,-1,-6,-1,-6,-1,-5,-1,-5,-1,-5,0,-5,0,-5,0,-5,0,-5,0,-4,0,-4,0,0,0,0,0,0,0,0,0,0,0,0,0,0,-8,-69,-9,-65,-13,-65,-16,-61,-13,-63,-10,-62,-10,-58,-14,-58,-13,-56,-15,-57,-12,-53,-14,-51,-18,-49,-14,-52,-17,-48,-17,-52,-20,-51,-21,-49,-14,-47,-19,-47,-20,-49,-16,-48,-21,-48,-20,-49,-17,-48,-16,-49,-14,-42,-19,-49,-14,-48,-15,-47,-15,-43,-13,-41,-12,-43,-13,-43,-14,-41,-9,-41,-11,-41,-10,-42,-6,-38,-6,-32,-7,-36,-9,-37,-3,-37,-3,-33,-5,-31,-5,-33,-6,-31,-2,-29,-4,-31,-3,-30,-3,-25,-2,-26,1,-25,2,-26,3,-22,1,-23,5,-21,0,0,0,0,0,0,0,0,0,0,0,0,0,0,0,0,0,0,0,0,0,0,4,-15,3,-14,6,-18,3,-19,5,-18,6,-26,11,-27,9,-31,13,-29,15,-33,20,-35,25,-38,25,-41,30,-38,33,-39,36,-36,41,-41,46,-35,47,-35,50,-37,55,-32,56,-34,61,-29,60,-28,62,-26,63,-23,63,-20,64,-17,65,-17,67,-19,65,-16,68,-13,66,-15,64,-18,64,-13,62,-13,63,-14,62,-17,62,-11,65,-16,64,-13,62,-14,64,-16,65,-17,66,-15,57,-22,65,-16,62,-16,65,-18,67,-17,62,-18,65,-14,65,-17,66,-18,71,-21,70,-16,73,-15,0,0]"
CSI_DATA,391,2a:00:00:00:00:00,-44,11,1,0,1,1,1,0,0,0,1,-97,0,11,2,5488336,0,44,0,384,0,"[0,0,0,0,0,0,0,0,0,0,0,0,9,5,10,5,9,5,9,5,8,4,9,4,9,4,8,4,9,4,8,4,8,3,8,3,9,3,8,3,8,3,9,3,9,3,8,3,8,3,8,3,8,3,8,3,8,3,8,3,7,3,8,3,0,0,8,3,7,4,7,3,7,3,6,3,6,3,5,3,5,3,5,3,5,3,5,3,5,3,4,3,4,3,4,3,4,3,4,3,3,3,3,3,3,3,3,3,3,3,2,3,2,2,2,2,2,3,0,0,0,0,0,0,0,0,0,0,0,0,0,0,55,40,44,40,53,37,54,35,49,39,50,34,48,36,44,34,43,27,49,27,44,32,46,28,45,28,46,24,45,23,49,25,45,25,48,22,44,24,45,21,50,23,43,21,47,18,43,23,45,23,40,26,42,22,46,22,40,26,46,22,41,20,44,25,37,25,32,23,39,25,33,29,33,26,29,27,29,22,33,24,29,21,25,21,28,22,26,22,24,21,23,21,23,21,18,22,17,20,14,19,18,17,15,20,15,19,15,17,15,18,10,20,13,20,0,0,0,0,0,0,0,0,0,0,0,0,0,0,0,0,0,0,0,0,0,0,8,11,11,12,11,13,10,15,14,17,12,21,13,23,12,29,14,30,15,33,13,38,13,40,11,43,13,49,8,52,2,53,0,59,-1,59,-2,59,-11,65,-13,63,-18,61,-18,60,-19,63,-26,60,-26,67,-28,61,-34,62,-34,61,-34,60,-32,55,-38,59,-37,59,-39,59,-36,54,-37,59,-34,56,-34,58,-32,54,-33,58,-36,58,-35,57,-35,58,-33,58,-37,60,-36,54,-40,56,-35,55,-38,57,-38,57,-37,56,-35,63,-42,59,-33,56,-39,58,-39,61,-43,58,0,0]"
CSI_DATA,392,2a:00:00:00:00:00,-44,11,1,0,1,1,1,0,0,0,1,-97,0,11,2,5496121,0,44,0,384,0,"[0,0,0,0,0,0,0,0,0,0,0,0,5,-10,5,-9,4,-9,5,-9,4,-9,4,-9,4,-9,4,-9,3,-9,3,-9,4,-9,3,-9,3,-9,3,-9,3,-9,3,-9,3,-9,3,-9,3,-9,3,-8,3,-8,3,-8,3,-8,3,-8,3,-8,3,-8,0,0,4,-7,3,-8,3,-7,4,-7,3,-6,3,-7,3,-6,3,-6,3,-5,3,-6,3,-5,3,-5,3,-5,3,-5,3,-5,3,-5,3,-5,3,-4,3,-4,3,-4,3,-3,3,-3,3,-3,3,-3,3,-3,2,-2,0,0,0,0,0,0,0,0,0,0,0,0,0,0,33,-49,37,-55,29,-49,31,-50,27,-54,28,-50,27,-51,24,-46,26,-49,25,-44,25,-49,22,-46,24,-46,21,-48,19,-48,18,-50,19,-49,18,-49,16,-44,18,-47,14,-47,18,-47,15,-47,17,-47,18,-47,13,-45,20,-45,19,-47,16,-42,19,-44,16,-41,22,-40,18,-45,17,-40,19,-39,18,-37,19,-35,20,-34,19,-34,20,-31,19,-31,20,-27,19,-29,16,-25,20,-26,17,-24,18,-27,18,-23,17,-21,16,-22,17,-16,15,-19,19,-20,16,-17,18,-14,18,-14,16,-12,0,0,0,0,0,0,0,0,0,0,0,0,0,0,0,0,0,0,0,0,0,0,12,-11,10,-11,15,-11,13,-12,19,-15,17,-13,24,-14,26,-14,28,-15,32,-14,37,-14,38,-12,44,-10,44,-15,47,-8,54,-8,52,-2,57,-3,60,4,61,4,63,8,63,8,64,15,62,16,64,20,64,25,61,25,60,25,64,28,61,26,57,30,55,28,56,31,59,27,59,32,55,30,59,31,57,28,57,28,54,28,54,30,58,30,57,25,59,31,54,31,59,31,56,33,57,27,60,28,58,32,61,27,58,28,57,34,61,33,62,31,56,32,60,35,0,0]"
CSI_DATA,393,2a:00:00:00:00:00,-44,11,1,0,1,1,1,0,0,0,1,-97,0,11,2,5507000,0,44,0,384,0,"[0,0,0,0,0,0,0,0,0,0,0,0,-7,8,-6,8,-6,8,-6,8,-6,8,-6,8,-5,8,-5,8,-5,8,-5,8,-5,8,-5,8,-4,7,-4,8,-5,8,-5,8,-4,8,-5,8,-4,8,-5,8,-4,7,-4,7,-5,7,-5,7,-4,7,-5,7,0,0,-5,7,-5,6,-5,6,-5,6,-5,6,-5,6,-5,5,-5,5,-5,5,-5,4,-5,4,-4,4,-4,4,-4,4,-4,3,-4,3,-4,3,-4,3,-4,2,-4,2,-4,2,-4,2,-4,2,-4,2,-4,1,-4,1,0,0,0,0,0,0,0,0,0,0,0,0,0,0,-40,53,-35,50,-34,52,-38,52,-34,44,-34,46,-28,48,-31,50,-27,44,-23,46,-26,46,-24,46,-27,45,-23,44,-24,48,-25,45,-23,47,-18,46,-18,44,-20,44,-23,48,-22,43,-22,49,-18,46,-21,46,-23,44,-23,44,-21,46,-23,42,-21,39,-19,40,-24,40,-22,34,-25,38,-25,33,-22,35,-24,39,-21,34,-23,30,-24,27,-23,22,-23,25,-23,27,-21,25,-23,25,-19,21,-23,20,-19,21,-20,21,-16,19,-19,18,-19,15,-18,15,-18,14,-19,11,-20,13,-21,11,0,0,0,0,0,0,0,0,0,0,0,0,0,0,0,0,0,0,0,0,0,0,-8,11,-13,10,-11,13,-16,14,-18,17,-20,14,-21,13,-25,18,-28,21,-30,19,-32,19,-40,20,-41,18,-47,15,-50,15,-49,12,-56,11,-57,5,-59,6,-61,2,-61,1,-68,-5,-65,-11,-67,-13,-63,-16,-65,-19,-62,-21,-66,-21,-64,-23,-66,-28,-58,-26,-65,-26,-64,-29,-60,-26,-60,-31,-56,-29,-59,-28,-57,-30,-58,-26,-57,-25,-56,-30,-61,-29,-62,-27,-59,-32,-60,-31,-63,-23,-60,-27,-60,-30,-62,-28,-61,-28,-58,-31,-59,-30,-62,-34,-59,-32,-64,-33,-60,-34,-60,-34,0,0]"
CSI_DATA,394,2a:00:00:00:00:00,-44,11,1,0,1,1,1,0,0,0,1,-97,0,11,2,5519096,0,44,0,384,0,"[0,0,0,0,0,0,0,0,0,0,0,0,10,1,10,1,10,1,9,1,9,1,9,1,9,0,9,0,9,0,9,0,9,0,9,-1,8,0,8,-1,9,0,9,-1,9,-1,9,-1,8,-1,9,-1,8,0,9,-1,8,-1,8,-1,8,0,8,-1,0,0,8,0,7,0,7,0,7,0,7,0,7,1,6,0,6,0,6,0,6,0,6,1,5,1,5,0,5,1,5,0,5,0,5,1,4,1,4,1,4,1,4,1,4,1,3,1,3,1,3,1,3,1,0,0,0,0,0,0,0,0,0,0,0,0,0,0,58,13,61,15,63,17,55,10,55,13,56,12,54,9,55,12,51,10,55,11,51,9,49,8,52,9,47,8,50,6,51,2,51,3,52,1,49,-1,49,2,55,1,47,0,50,3,46,4,46,7,46,6,44,3,45,1,42,5,45,2,45,3,48,9,41,6,41,4,38,8,38,8,37,10,40,10,34,12,32,9,34,10,31,12,32,7,32,8,30,9,29,8,33,10,27,8,26,12,27,9,21,12,24,12,22,11,19,10,19,10,16,12,16,13,0,0,0,0,0,0,0,0,0,0,0,0,0,0,0,0,0,0,0,0,0,0,12,8,12,6,16,7,18,11,20,9,22,13,21,14,20,16,25,20,24,21,28,32,28,30,28,32,30,36,29,44,21,44,24,48,21,48,24,55,17,57,10,60,9,65,11,61,9,65,4,63,4,67,2,69,-2,67,-2,65,-5,70,-3,66,-9,65,-10,69,-11,65,-11,65,-10,63,-7,61,-8,62,-5,63,-11,63,-11,67,-5,63,-9,67,-10,63,-12,63,-13,68,-12,65,-9,66,-14,67,-11,64,-8,64,-6,69,-12,67,-9,66,-11,68,-11,71,-13,64,0,0]"
CSI_DATA,395,2a:00:00:00:00:00,-44,11,1,0,1,1,1,0,0,0,1,-97,0,11,2,5527420,0,44,0,384,0,"[0,0,0,0,0,0,0,0,0,0,0,0,-11,0,-11,1,-11,0,-11,1,-10,0,-10,1,-10,1,-10,1,-10,1,-10,2,-10,2,-9,2,-9,2,-8,2,-9,2,-9,2,-9,2,-9,3,-9,2,-9,2,-9,2,-9,2,-9,2,-9,2,-9,2,-9,2,0,0,-9,2,-8,1,-8,1,-8,1,-8,1,-8,1,-7,0,-7,1,-7,0,-7,0,-7,0,-6,0,-6,0,-6,0,-6,0,-6,0,-6,0,-6,-1,-5,-1,-5,-1,-5,-1,-5,-1,-5,-1,-5,-1,-4,-1,-4,-1,0,0,0,0,0,0,0,0,0,0,0,0,0,0,-65,-8,-65,-8,-63,-8,-61,-9,-62,-5,-63,-5,-61,-6,-61,-6,-55,-1,-54,-2,-57,-2,-50,3,-52,0,-50,4,-49,0,-50,6,-47,4,-44,7,-51,9,-53,4,-55,7,-53,4,-52,10,-49,4,-49,5,-48,3,-51,6,-49,8,-50,3,-46,7,-48,6,-48,3,-44,2,-43,1,-41,-1,-40,2,-41,3,-41,0,-39,3,-40,-4,-37,0,-39,-3,-37,-1,-36,1,-35,-2,-33,-5,-32,-5,-27,-4,-30,-8,-28,-5,-27,-5,-26,-8,-28,-7,-22,-7,-25,-8,-22,-7,-19,-9,0,0,0,0,0,0,0,0,0,0,0,0,0,0,0,0,0,0,0,0,0,0,-11,-11,-15,-9,-17,-11,-18,-10,-19,-14,-19,-13,-24,-18,-25,-21,-24,-21,-28,-26,-25,-32,-29,-34,-31,-36,-30,-42,-26,-45,-25,-51,-24,-54,-23,-57,-23,-56,-19,-60,-16,-64,-12,-66,-10,-68,-11,-69,-6,-67,-5,-69,0,-68,-1,-74,1,-71,5,-68,6,-69,7,-71,7,-65,7,-66,6,-64,7,-68,6,-63,3,-67,3,-64,2,-70,9,-72,2,-69,2,-66,5,-68,4,-69,-1,-67,2,-73,2,-75,1,-73,3,-68,3,-70,5,-72,5,-73,0,-68,2,-70,4,-71,5,-64,0,0]"
CSI_DATA,396,2a:00:00:00:00:00,-44,11,1,0,1,1,1,0,0,0,1,-97,0,11,2,5566366,0,44,0,384,0,"[0,0,0,0,0,0,0,0,0,0,0,0,1,10,1,9,1,10,1,9,2,9,1,9,2,8,2,8,2,8,2,8,2,8,2,8,3,8,2,8,2,8,3,8,3,7,3,8,3,8,3,8,3,8,2,7,2,7,2,7,2,7,2,7,0,0,2,7,2,7,2,7,2,7,2,7,1,6,1,6,1,6,1,6,1,5,0,5,0,5,0,5,0,5,0,5,1,5,0,5,0,4,0,4,-1,4,0,4,-1,4,-1,4,-1,3,-1,3,-1,3,0,0,0,0,0,0,0,0,0,0,0,0,0,0,8,62,7,59,5,61,9,55,8,54,6,57,6,55,9,55,8,53,13,49,11,51,10,50,14,50,10,45,11,43,12,47,14,49,11,45,18,48,19,46,15,49,14,46,20,46,19,44,15,42,14,45,16,47,14,47,16,42,14,41,14,40,15,44,12,40,12,39,9,42,5,42,7,39,7,39,5,38,8,33,6,29,5,33,3,33,6,31,4,31,5,30,2,30,3,28,2,27,0,26,-1,26,0,24,-1,22,0,21,-3,24,-3,24,-7,17,0,0,0,0,0,0,0,0,0,0,0,0,0,0,0,0,0,0,0,0,0,0,-6,14,-6,12,-7,17,-7,18,-9,21,-9,22,-12,23,-14,26,-15,28,-19,31,-24,32,-27,35,-29,35,-35,37,-37,37,-38,35,-44,33,-43,30,-53,32,-54,29,-55,30,-61,27,-63,25,-64,21,-65,17,-64,18,-64,16,-67,12,-67,11,-65,10,-67,10,-69,9,-67,6,-66,9,-68,10,-64,5,-63,7,-66,8,-67,10,-67,7,-64,9,-67,10,-67,10,-65,13,-68,8,-65,12,-65,12,-68,10,-68,11,-64,8,-69,12,-67,13,-69,8,-63,8,-69,11,-71,9,-66,7,0,0]"
CSI_DATA,397,2a:00:00:00:00:00,-44,11,1,0,1,1,1,0,0,0,1,-97,0,11,2,5586805,0,44,0,384,0,"[0,0,0,0,0,0,0,0,0,0,0,0,-8,7,-8,7,-7,7,-7,7,-7,7,-7,6,-7,7,-7,6,-6,7,-6,7,-6,7,-6,7,-6,7,-5,7,-5,7,-6,7,-5,7,-6,7,-5,7,-5,7,-5,7,-5,7,-6,6,-5,7,-5,7,-6,7,0,0,-6,6,-6,6,-5,6,-6,5,-5,5,-6,5,-5,5,-5,4,-5,4,-5,4,-5,4,-5,3,-5,4,-5,3,-5,3,-5,3,-5,3,-4,3,-5,2,-4,2,-4,2,-4,2,-4,2,-4,2,-4,1,-4,1,0,0,0,0,0,0,0,0,0,0,0,0,0,0,-48,42,-45,43,-44,44,-43,39,-40,43,-39,39,-40,40,-39,43,-32,42,-34,41,-31,41,-35,42,-32,37,-34,39,-30,40,-31,40,-29,43,-27,42,-24,39,-26,44,-26,46,-25,40,-23,40,-26,41,-26,43,-25,41,-27,40,-22,42,-25,39,-29,38,-29,37,-28,35,-26,39,-26,39,-26,35,-27,33,-25,33,-26,31,-23,28,-25,27,-24,27,-24,23,-24,23,-22,23,-22,22,-26,20,-23,21,-23,19,-21,19,-22,12,-19,16,-21,17,-20,14,-22,13,-19,11,-19,9,-20,11,0,0,0,0,0,0,0,0,0,0,0,0,0,0,0,0,0,0,0,0,0,0,-13,6,-16,6,-18,7,-17,7,-24,10,-22,7,-27,7,-32,8,-32,7,-38,4,-41,3,-47,0,-45,1,-49,-1,-50,-6,-50,-9,-55,-15,-56,-14,-56,-17,-61,-20,-57,-24,-57,-28,-61,-32,-57,-35,-55,-39,-56,-40,-53,-40,-54,-47,-53,-45,-51,-49,-48,-45,-51,-46,-45,-45,-48,-48,-48,-48,-49,-51,-50,-46,-48,-45,-46,-46,-48,-46,-47,-42,-44,-45,-47,-45,-47,-48,-49,-44,-54,-40,-49,-45,-53,-46,-52,-46,-51,-44,-47,-46,-50,-48,-50,-45,-49,-44,-50,-50,-51,-50,-48,-51,0,0]"
CSI_DATA,398,2a:00:00:00:00:00,-44,11,1,0,1,1,1,0,0,0,1,-97,0,11,2,5596140,0,44,0,384,0,"[0,0,0,0,0,0,0,0,0,0,0,0,-11,0,-11,-1,-11,0,-10,-1,-10,0,-10,0,-10,0,-9,1,-10,0,-10,0,-9,1,-9,1,-9,1,-9,1,-9,1,-9,1,-9,1,-9,1,-9,1,-9,1,-9,1,-9,1,-9,1,-9,1,-8,1,-8,0,0,0,-9,1,-9,0,-8,0,-8,1,-8,0,-8,0,-7,0,-7,0,-7,0,-7,0,-7,0,-6,0,-6,0,-6,-1,-6,-1,-6,-1,-6,-1,-5,-1,-5,-1,-5,-1,-5,-1,-5,-1,-5,-1,-4,-1,-4,-1,-4,-2,0,0,0,0,0,0,0,0,0,0,0,0,0,0,-60,-1,-60,2,-63,0,-60,-2,-62,1,-55,1,-56,0,-56,4,-50,4,-51,6,-56,7,-51,6,-49,9,-52,6,-49,10,-49,14,-48,13,-44,14,-47,11,-50,13,-49,11,-51,11,-47,14,-47,11,-47,11,-45,9,-47,11,-43,13,-46,10,-48,15,-41,11,-46,12,-44,9,-41,6,-42,7,-39,4,-39,4,-38,2,-39,2,-37,1,-40,1,-33,2,-33,2,-32,2,-31,2,-33,1,-30,-1,-30,-4,-28,-3,-26,-3,-26,-4,-27,-5,-24,-5,-25,-3,-22,-5,-22,-7,-20,-5,0,0,0,0,0,0,0,0,0,0,0,0,0,0,0,0,0,0,0,0,0,0,-15,-5,-19,-7,-19,-8,-19,-5,-21,-8,-23,-11,-25,-12,-25,-16,-32,-18,-29,-19,-33,-19,-34,-25,-35,-27,-34,-35,-35,-36,-33,-43,-31,-46,-34,-51,-30,-51,-30,-56,-25,-58,-24,-62,-22,-62,-22,-64,-20,-66,-17,-66,-17,-69,-11,-65,-10,-68,-14,-65,-9,-65,-8,-66,-5,-66,-3,-66,-3,-66,-6,-65,-8,-62,-9,-64,-7,-64,-8,-62,-6,-64,-6,-69,-7,-68,-6,-65,-7,-65,-4,-65,-5,-65,-7,-67,-4,-68,-9,-67,-10,-74,-10,-60,-6,-65,-6,-67,-10,-68,-8,-68,-6,-71,0,0]"
CSI_DATA,399,2a:00:00:00:00:00,-44,11,1,0,1,1,1,0,0,0,1,-97,0,11,2,5606421,0,44,0,384,0,"[0,0,0,0,0,0,0,0,0,0,0,0,-10,4,-11,4,-9,5,-10,4,-9,4,-9,4,-9,5,-9,4,-8,5,-8,5,-8,5,-8,5,-8,5,-8,5,-8,5,-8,5,-8,6,-8,5,-8,6,-8,5,-8,5,-8,5,-8,5,-7,5,-8,4,-8,5,0,0,-8,5,-7,4,-8,4,-8,4,-7,4,-7,3,-7,3,-7,3,-7,3,-7,2,-6,2,-6,2,-6,2,-6,2,-6,1,-6,1,-6,2,-6,1,-5,1,-5,1,-5,1,-5,1,-5,0,-5,0,-4,0,-4,0,0,0,0,0,0,0,0,0,0,0,0,0,0,0,-64,17,-67,10,-60,17,-62,18,-63,16,-53,10,-54,15,-52,19,-53,17,-52,16,-50,16,-45,16,-49,18,-47,20,-47,17,-50,19,-46,22,-45,23,-51,25,-46,24,-45,26,-46,25,-44,25,-44,22,-46,21,-46,23,-47,18,-44,22,-45,19,-46,19,-44,19,-48,18,-40,18,-41,21,-44,17,-33,12,-36,16,-38,16,-39,15,-36,12,-37,10,-33,10,-35,11,-34,9,-34,8,-35,3,-30,8,-32,9,-24,5,-26,3,-24,3,-27,3,-23,4,-28,-2,-23,1,-21,-3,-22,-1,0,0,0,0,0,0,0,0,0,0,0,0,0,0,0,0,0,0,0,0,0,0,-16,-5,-15,-3,-21,-1,-20,-3,-26,-6,-25,-7,-27,-7,-31,-11,-34,-14,-35,-13,-38,-19,-40,-23,-41,-27,-43,-29,-45,-30,-42,-35,-41,-39,-45,-43,-41,-48,-43,-48,-41,-54,-41,-57,-37,-61,-35,-60,-28,-63,-26,-65,-26,-68,-25,-64,-26,-66,-22,-66,-22,-69,-14,-65,-18,-65,-17,-67,-16,-65,-18,-66,-19,-67,-18,-67,-15,-67,-20,-64,-17,-65,-20,-68,-19,-65,-24,-68,-16,-61,-19,-68,-19,-66,-21,-63,-22,-67,-20,-68,-19,-64,-17,-68,-17,-66,-19,-70,-22,-70,-16,-68,-19,-68,0,0]"
CSI_DATA,400,2a:00:00:00:00:00,-44,11,1,0,1,1,1,0,0,0,1,-97,0,11,2,5616281,0,44,0,384,0,"[0,0,0,0,0,0,0,0,0,0,0,0,-4,9,-4,9,-3,9,-3,9,-3,8,-3,8,-3,8,-2,8,-3,8,-2,8,-2,8,-2,8,-2,8,-1,8,-1,8,-1,8,-1,8,-1,8,-1,8,-1,8,-2,8,-1,8,-2,8,-2,8,-2,8,-2,7,0,0,-2,7,-2,7,-2,7,-2,7,-2,7,-2,7,-2,6,-2,6,-3,5,-2,5,-3,5,-3,5,-3,5,-3,5,-3,4,-3,4,-3,4,-3,4,-3,3,-3,3,-3,3,-3,3,-3,3,-3,3,-3,3,-3,2,0,0,0,0,0,0,0,0,0,0,0,0,0,0,-27,64,-21,59,-21,56,-22,54,-25,58,-21,53,-25,52,-17,50,-17,51,-20,50,-18,48,-17,50,-16,47,-13,46,-8,49,-11,50,-10,50,-6,51,-7,51,-7,49,-10,50,-9,49,-5,52,-6,44,-8,50,-10,48,-5,44,-7,48,-8,48,-9,46,-9,46,-7,46,-13,42,-9,41,-10,44,-14,41,-12,38,-12,39,-12,39,-11,35,-10,35,-13,34,-14,35,-9,34,-12,31,-13,28,-12,28,-11,27,-13,23,-13,25,-14,22,-17,21,-14,22,-14,23,-13,18,-15,17,-19,14,0,0,0,0,0,0,0,0,0,0,0,0,0,0,0,0,0,0,0,0,0,0,-11,9,-13,10,-13,12,-15,14,-20,13,-20,15,-19,13,-23,19,-32,14,-31,20,-36,21,-40,18,-44,18,-47,17,-49,14,-54,12,-54,11,-60,7,-62,6,-65,0,-66,-1,-69,-6,-65,-8,-68,-5,-69,-12,-72,-16,-68,-19,-67,-22,-68,-21,-65,-21,-63,-25,-64,-25,-63,-25,-65,-25,-65,-29,-64,-27,-64,-24,-64,-22,-63,-23,-64,-23,-64,-26,-65,-22,-58,-24,-68,-25,-62,-25,-65,-22,-61,-23,-66,-24,-66,-23,-66,-25,-67,-21,-65,-22,-64,-27,-61,-26,-67,-26,-69,-27,-64,-25,0,0]"
CSI_DATA,401,2a:00:00:00:00:00,-44,11,1,0,1,1,1,0,0,0,1,-97,0,11,2,5647257,0,44,0,384,0,"[0,0,0,0,0,0,0,0,0,0,0,0,1,-11,0,-10,0,-10,0,-10,0,-10,0,-10,0,-10,0,-9,-1,-9,-1,-9,0,-9,-1,-9,-1,-9,-1,-9,-1,-9,-1,-9,-1,-9,-1,-9,-2,-9,-1,-9,-1,-9,-2,-9,-1,-9,-1,-9,-1,-9,-1,-8,0,0,-1,-8,-1,-9,0,-8,0,-8,0,-8,0,-8,0,-8,0,-7,0,-7,0,-7,1,-6,1,-6,1,-6,1,-6,1,-6,1,-6,1,-5,1,-5,1,-5,1,-5,1,-5,1,-4,1,-4,1,-4,1,-4,1,-4,0,0,0,0,0,0,0,0,0,0,0,0,0,0,-3,-66,2,-63,-7,-64,-2,-61,-1,-62,0,-59,-7,-58,-6,-59,-6,-54,-4,-53,-6,-51,-8,-53,-7,-51,-9,-50,-9,-50,-14,-53,-11,-50,-19,-48,-13,-52,-8,-50,-13,-49,-13,-48,-14,-50,-10,-49,-11,-49,-10,-48,-11,-46,-11,-49,-12,-48,-7,-46,-8,-46,-8,-49,-9,-44,-6,-45,-9,-43,-5,-44,-4,-43,-8,-40,-4,-40,-3,-39,-2,-35,3,-39,1,-38,0,-36,0,-33,-2,-32,1,-32,3,-30,3,-29,7,-29,6,-28,3,-27,6,-25,3,-20,8,-22,8,-23,9,-24,0,0,0,0,0,0,0,0,0,0,0,0,0,0,0,0,0,0,0,0,0,0,4,-15,5,-15,3,-18,5,-18,6,-21,9,-24,9,-25,12,-29,13,-28,20,-34,20,-33,26,-37,30,-36,35,-36,36,-39,42,-33,45,-35,47,-38,50,-35,55,-35,57,-31,60,-29,60,-26,64,-21,63,-20,67,-18,69,-16,69,-16,66,-14,71,-9,63,-9,67,-10,66,-8,64,-9,66,-7,67,-6,65,-7,66,-7,69,-6,67,-6,68,-6,66,-6,68,-1,65,-8,67,-7,66,-13,70,-9,68,-10,70,-8,67,-9,65,-2,67,-8,68,-2,63,-8,68,-8,75,-2,72,-6,0,0]"
CSI_DATA,402,2a:00:00:00:00:00,-44,11,1,0,1,1,1,0,0,0,1,-97,0,11,2,5668844,0,44,0,384,0,"[0,0,0,0,0,0,0,0,0,0,0,0,1,9,1,9,1,9,1,9,1,9,1,8,1,8,2,8,2,8,2,8,2,8,2,8,2,8,2,8,2,8,3,8,3,7,3,7,3,8,2,8,3,8,2,8,2,7,2,7,2,7,2,7,0,0,2,7,2,7,1,7,1,7,1,7,1,7,1,6,1,6,1,6,1,6,0,6,0,6,0,5,0,5,0,5,0,5,0,4,0,4,0,4,-1,4,-1,4,-1,3,-1,3,-1,4,-1,3,-1,3,0,0,0,0,0,0,0,0,0,0,0,0,0,0,8,58,3,58,10,59,8,59,11,61,8,55,10,57,10,54,12,53,12,53,11,50,16,47,14,46,11,46,16,44,21,47,19,47,19,47,18,47,17,44,22,45,20,46,19,46,18,48,17,47,19,46,17,42,20,43,19,46,16,46,16,42,16,45,13,44,16,42,12,41,7,44,11,44,8,41,8,37,10,35,10,32,6,32,4,38,8,30,3,31,5,31,5,30,5,31,2,29,1,24,2,27,-2,28,1,23,-4,26,-3,25,-5,22,-2,21,0,0,0,0,0,0,0,0,0,0,0,0,0,0,0,0,0,0,0,0,0,0,-6,14,-4,14,-10,14,-7,18,-8,22,-10,26,-10,27,-11,25,-13,28,-16,29,-20,30,-26,33,-28,37,-31,38,-37,39,-41,33,-46,37,-48,34,-51,35,-56,32,-56,29,-60,26,-61,27,-64,25,-63,21,-66,19,-70,16,-67,16,-66,17,-71,16,-66,14,-69,12,-65,12,-66,10,-67,10,-63,9,-67,10,-69,11,-65,10,-67,12,-65,13,-65,13,-68,13,-67,15,-65,11,-68,13,-66,12,-67,9,-67,14,-69,12,-64,11,-64,13,-68,13,-67,12,-73,11,-68,6,-71,11,0,0]"
CSI_DATA,403,2a:00:00:00:00:00,-44,11,1,0,1,1,1,0,0,0,1,-97,0,11,2,5676108,0,44,0,384,0,"[0,0,0,0,0,0,0,0,0,0,0,0,3,9,3,8,3,9,3,9,3,9,3,8,3,8,3,8,3,8,4,8,4,7,4,7,4,7,4,7,4,7,4,7,4,7,4,7,4,7,4,7,4,7,4,7,4,7,4,7,3,7,3,7,0,0,3,7,3,7,3,7,3,6,2,7,2,6,2,6,2,6,1,6,1,6,1,6,1,6,1,5,1,5,1,5,1,4,0,5,0,4,0,4,0,4,0,4,0,4,-1,4,-1,3,-1,3,-1,3,0,0,0,0,0,0,0,0,0,0,0,0,0,0,9,64,5,65,8,61,6,56,9,60,10,58,9,57,9,53,9,53,8,49,13,50,12,50,13,49,10,49,15,43,15,49,16,49,14,46,15,46,19,44,18,46,20,48,18,46,14,47,16,47,17,49,15,48,16,44,12,45,11,47,17,46,11,45,12,47,8,44,11,43,10,44,6,41,6,40,4,40,5,38,3,33,6,34,3,36,1,30,3,34,3,33,2,29,-1,27,-2,26,-1,29,-2,28,-3,24,-3,26,-5,23,-3,22,-3,22,-3,23,0,0,0,0,0,0,0,0,0,0,0,0,0,0,0,0,0,0,0,0,0,0,-4,12,-1,13,-5,18,-4,20,-5,20,-7,21,-11,26,-12,28,-14,29,-20,31,-18,31,-23,37,-25,38,-31,42,-34,38,-37,36,-39,39,-44,36,-46,37,-52,35,-56,34,-62,32,-59,33,-62,29,-62,25,-66,27,-66,21,-69,21,-66,19,-71,14,-68,15,-66,13,-63,12,-69,12,-67,11,-68,9,-65,15,-64,14,-68,13,-68,13,-69,13,-66,12,-67,15,-66,13,-67,12,-63,14,-67,13,-64,11,-70,15,-67,7,-67,13,-69,14,-74,14,-66,14,-71,11,-72,10,-70,9,0,0]"
CSI_DATA,404,2a:00:00:00:00:00,-44,11,1,0,1,1,1,0,0,0,1,-97,0,11,2,5686130,0,44,0,384,0,"[0,0,0,0,0,0,0,0,0,0,0,0,-2,-11,-2,-10,-3,-10,-2,-10,-3,-10,-2,-9,-3,-9,-3,-9,-3,-9,-3,-9,-3,-9,-3,-9,-4,-9,-3,-8,-4,-9,-4,-9,-4,-8,-4,-9,-4,-9,-4,-9,-4,-8,-4,-9,-3,-9,-3,-8,-3,-9,-3,-8,0,0,-3,-8,-2,-9,-2,-8,-2,-8,-2,-8,-2,-8,-2,-8,-2,-7,-2,-7,-1,-7,-1,-7,-1,-7,-1,-6,-1,-6,-1,-6,-1,-6,0,-6,0,-5,0,-5,0,-5,0,-5,0,-5,0,-5,0,-4,0,-4,0,-4,0,0,0,0,0,0,0,0,0,0,0,0,0,0,-13,-65,-12,-54,-15,-59,-13,-54,-9,-60,-11,-56,-12,-51,-16,-53,-14,-49,-15,-49,-14,-47,-17,-45,-21,-47,-17,-46,-17,-43,-20,-44,-21,-50,-23,-47,-21,-49,-21,-45,-22,-47,-21,-45,-22,-47,-20,-47,-21,-44,-17,-42,-20,-43,-20,-47,-16,-45,-18,-43,-15,-44,-16,-42,-12,-43,-14,-46,-14,-41,-10,-43,-10,-39,-11,-38,-7,-37,-11,-37,-5,-37,-9,-35,-7,-36,-5,-34,-3,-33,-4,-32,1,-32,0,-32,-2,-30,0,-28,0,-27,-1,-27,2,-26,1,-25,2,-21,5,-21,3,-20,0,0,0,0,0,0,0,0,0,0,0,0,0,0,0,0,0,0,0,0,0,0,0,-14,2,-15,2,-17,2,-20,2,-21,3,-23,5,-24,7,-26,9,-30,5,-34,14,-37,15,-38,20,-38,27,-43,26,-44,31,-42,36,-45,39,-39,39,-44,43,-42,46,-41,52,-42,51,-37,54,-35,58,-32,60,-33,62,-30,62,-29,59,-23,63,-23,56,-22,63,-25,58,-18,60,-24,63,-20,62,-21,59,-19,60,-23,62,-19,62,-20,66,-17,55,-20,61,-20,63,-16,60,-19,57,-20,61,-18,63,-21,64,-21,61,-20,64,-20,64,-20,67,-19,59,-16,69,-18,69,-17,64,-17,0,0]"
CSI_DATA,405,2a:00:00:00:00:00,-44,11,1,0,1,1,1,0,0,0,1,-97,0,11,2,5699246,0,44,0,384,0,"[0,0,0,0,0,0,0,0,0,0,0,0,10,-1,10,-1,10,-1,10,0,9,-1,9,-1,9,-1,9,-1,9,-2,9,-1,9,-2,9,-2,9,-2,8,-3,9,-2,9,-3,9,-3,9,-3,8,-3,9,-2,8,-2,8,-3,9,-2,8,-3,8,-2,8,-2,0,0,8,-2,8,-2,8,-1,8,-2,7,-1,7,-1,7,-1,7,-1,7,-1,6,-1,6,-1,6,0,6,-1,5,0,5,0,5,0,5,0,5,0,5,0,4,0,4,0,4,0,4,0,4,0,4,1,3,1,0,0,0,0,0,0,0,0,0,0,0,0,0,0,59,3,61,3,58,4,62,5,59,5,53,-2,55,1,53,-3,54,-1,49,0,50,-4,51,-6,48,-5,47,-8,48,-10,45,-10,50,-10,48,-7,48,-12,49,-8,47,-11,51,-11,49,-11,45,-12,49,-8,46,-10,47,-8,46,-10,44,-9,48,-8,48,-10,47,-10,45,-6,43,-7,45,-9,40,-5,36,-2,41,-3,39,-1,39,-3,36,0,34,0,33,0,31,0,31,-1,32,4,32,2,32,1,29,1,28,5,25,6,20,5,22,2,22,6,21,5,21,10,19,9,0,0,0,0,0,0,0,0,0,0,0,0,0,0,0,0,0,0,0,0,0,0,22,12,16,3,17,5,16,6,15,12,17,13,22,13,22,14,25,19,24,22,27,24,27,30,28,33,26,42,25,40,22,49,22,49,24,49,25,53,19,60,19,59,15,59,10,64,10,63,6,65,5,66,3,67,-1,68,-2,69,-2,65,-3,67,-10,64,-6,63,-3,66,-5,64,-8,66,-6,67,-6,67,-6,63,-3,64,-4,63,-3,66,-3,66,-5,65,-5,64,2,68,-5,64,-4,62,-3,67,-2,66,1,65,-4,68,-5,64,-4,64,-5,66,-4,65,-3,64,0,0]"
CSI_DATA,406,2a:00:00:00:00:00,-44,11,1,0,1,1,1,0,0,0,1,-97,0,11,2,5708265,0,44,0,384,0,"[0,0,0,0,0,0,0,0,0,0,0,0,8,-6,8,-6,7,-6,8,-6,7,-6,7,-6,7,-7,7,-6,6,-6,6,-6,6,-7,6,-7,6,-7,6,-7,6,-7,6,-7,6,-7,6,-7,6,-7,6,-7,5,-7,6,-7,6,-7,6,-7,6,-7,6,-7,0,0,6,-6,6,-6,6,-6,6,-5,6,-5,5,-5,5,-5,5,-5,5,-4,5,-4,5,-4,5,-4,5,-4,5,-4,4,-3,4,-3,4,-3,4,-3,4,-2,4,-2,4,-2,4,-2,3,-2,3,-1,3,-1,3,-1,0,0,0,0,0,0,0,0,0,0,0,0,0,0,55,-32,57,-30,53,-33,54,-29,49,-30,50,-29,51,-31,44,-28,43,-32,41,-31,43,-28,41,-31,41,-33,40,-34,41,-34,38,-34,39,-37,35,-36,35,-35,40,-34,36,-39,35,-35,37,-36,34,-35,36,-32,37,-35,38,-34,34,-33,36,-34,37,-34,36,-31,35,-31,35,-31,35,-28,37,-26,29,-24,33,-29,38,-26,36,-23,37,-20,32,-21,31,-19,31,-17,31,-16,30,-18,29,-14,27,-11,29,-15,24,-15,26,-11,26,-10,23,-10,23,-8,25,-5,19,-5,21,-3,22,-1,0,0,0,0,0,0,0,0,0,0,0,0,0,0,0,0,0,0,0,0,0,0,16,-2,13,-5,18,-5,17,-5,21,-3,20,1,27,2,33,0,32,2,33,4,38,5,37,7,44,8,47,13,49,15,46,22,54,21,50,25,50,30,51,34,55,38,53,41,50,46,48,45,48,51,48,52,41,52,39,57,42,55,39,54,37,58,39,55,34,54,35,55,36,56,33,55,35,56,36,53,36,58,34,57,32,56,38,56,33,55,37,57,36,55,38,58,37,56,34,56,40,57,37,56,36,53,35,54,37,57,35,57,37,53,35,59,33,59,0,0]"
CSI_DATA,407,2a:00:00:00:00:00,-44,11,1,0,1,1,1,0,0,0,1,-97,0,11,2,5717287,0,44,0,384,0,"[0,0,0,0,0,0,0,0,0,0,0,0,2,-10,2,-11,1,-10,2,-10,1,-10,1,-10,1,-9,1,-9,1,-9,0,-9,0,-9,0,-9,0,-9,0,-9,0,-9,0,-9,0,-9,0,-9,-1,-9,0,-9,0,-9,0,-9,0,-9,0,-9,0,-9,0,-9,0,0,0,-9,1,-9,1,-9,1,-8,1,-8,1,-8,1,-8,1,-7,1,-7,1,-7,2,-6,1,-6,1,-6,1,-6,1,-5,1,-5,2,-5,2,-5,1,-4,2,-4,2,-5,2,-4,2,-4,2,-4,2,-4,2,-3,0,0,0,0,0,0,0,0,0,0,0,0,0,0,16,-66,14,-59,14,-64,11,-57,17,-54,16,-56,9,-55,12,-51,11,-52,9,-50,8,-52,5,-52,6,-51,5,-50,7,-49,1,-49,5,-52,4,-54,2,-56,2,-51,2,-48,2,-50,0,-51,2,-51,7,-50,6,-53,5,-48,4,-52,6,-48,6,-48,8,-46,10,-45,8,-46,11,-45,9,-41,14,-43,13,-43,8,-42,8,-41,10,-41,11,-38,12,-33,16,-33,13,-31,15,-30,12,-30,12,-27,15,-28,14,-25,12,-24,11,-22,12,-24,12,-19,15,-18,14,-19,15,-17,13,-15,0,0,0,0,0,0,0,0,0,0,0,0,0,0,0,0,0,0,0,0,0,0,6,-12,5,-14,7,-16,6,-18,8,-21,13,-19,16,-23,16,-24,20,-25,21,-28,24,-30,28,-30,35,-30,37,-30,40,-29,49,-25,50,-29,51,-25,53,-21,62,-22,64,-24,65,-14,65,-12,64,-9,64,-6,69,-6,68,-3,71,-2,68,3,69,3,66,4,67,8,67,7,66,9,67,9,66,9,64,11,63,9,65,10,68,9,65,6,65,5,65,10,65,9,61,7,71,10,67,9,66,10,64,11,63,10,65,12,64,11,68,12,64,9,70,13,72,16,65,16,0,0]"
CSI_DATA,408,2a:00:00:00:00:00,-44,11,1,0,1,1,1,0,0,0,1,-97,0,11,2,5728225,0,44,0,384,0,"[0,0,0,0,0,0,0,0,0,0,0,0,5,8,5,8,5,7,5,7,5,7,5,7,5,6,6,6,5,6,6,6,6,6,6,6,6,6,6,6,6,6,6,6,6,5,6,5,6,6,6,5,6,5,6,5,6,5,6,6,6,6,5,6,0,0,5,6,5,6,5,6,5,5,4,6,4,5,4,5,4,5,4,5,3,4,3,5,3,4,2,5,2,5,2,4,2,4,2,4,2,4,2,4,2,4,1,4,1,3,1,3,1,3,0,3,0,3,0,0,0,0,0,0,0,0,0,0,0,0,0,0,26,58,27,49,31,52,28,52,31,53,30,49,29,47,29,47,29,44,32,41,33,41,30,40,31,38,32,37,32,35,37,34,36,39,34,36,36,37,39,36,38,40,35,34,38,35,34,36,31,34,33,35,35,37,33,34,33,36,35,37,37,36,30,38,26,35,26,35,27,32,25,37,25,36,25,33,22,34,21,32,23,29,17,33,19,31,18,27,16,29,13,31,13,29,11,28,13,26,10,27,10,22,11,21,6,24,3,22,9,21,6,20,4,21,0,0,0,0,0,0,0,0,0,0,0,0,0,0,0,0,0,0,0,0,0,0,0,11,3,15,-1,15,2,18,0,19,1,26,1,27,1,29,-5,33,-2,36,-9,37,-7,41,-8,43,-13,46,-18,48,-24,48,-29,50,-28,49,-28,50,-36,50,-40,49,-45,51,-47,50,-48,48,-48,46,-55,51,-54,45,-57,43,-58,36,-59,40,-58,37,-61,36,-57,31,-59,34,-59,35,-59,36,-57,36,-58,34,-59,36,-60,35,-58,37,-58,33,-60,35,-60,36,-54,33,-57,39,-55,33,-55,34,-62,37,-57,34,-61,38,-58,38,-59,36,-54,34,-56,33,-61,37,-58,36,0,0]"
