7.81025,7.81025,7.81025,7.81025,7.07107,7.07107,7.2111,7.2111,6.40312,7.2111,5.83095,6.7082,7.2111,6.7082,5.83095,6.7082,5.83095,5.83095,5.38516,5.38516,5.83095,5.83095,5.38516,5.38516,5.83095,5.38516,5.83095,5.83095,5.0,5.0,5.0,4.24264,4.24264,4.24264,4.24264,3.60555,3.60555,3.16228,3.16228,3.16228,3.16228,3.0,3.0,2.0,2.23607,2.23607,2.23607,2.23607,2.23607,2.23607,1.41421,2.23607,49.81967,49.0408,49.51767,48.79549,50.20956,46.75468,46.8615,46.09772,44.59821,44.82187,44.20407,43.01163,42.2019,40.70626,40.81666,39.35734,40.31129,35.77709,37.12142,37.33631,37.33631,37.57659,35.4683,37.69615,35.8469,35.4683,37.33631,37.16181,34.0147,32.69557,32.31099,32.20248,32.24903,31.38471,31.90611,29.41088,27.80288,29.20616,29.73214,23.34524,27.58623,24.08319,23.02173,20.12461,21.0238,21.0238,17.46425,19.31321,15.81139,14.31782,14.14214,14.03567,13.0,11.7047,12.64911,12.64911,9.43398,44.92215,50.28916,51.5461,50.69517,54.34151,55.10898,55.9017,56.56854,58.30952,58.30952,60.40695,62.39391,66.48308,64.12488,66.0303,67.06713,68.06614,68.00735,68.00735,72.06247,67.0,68.00735,70.00714,68.0,69.0,66.0303,65.00769,65.00769,67.06713,67.18631,64.12488,66.18912,67.26812,64.38167,67.74216,61.18823,65.51336,64.03124,64.03124,61.40033,60.16644,64.84597,62.62587,65.45991,61.35145,63.90618,60.41523,61.7414,60.41523,62.26556,61.77378,60.20797,57.80138,58.18075,57.42822,57.14018,56.85948
8.24621,8.24621,9.21954,8.24621,8.06226,7.07107,8.06226,7.07107,8.06226,7.0,7.0,7.0,7.0,7.0,6.0,7.07107,6.0,6.0,6.08276,6.08276,6.08276,6.08276,6.0,6.08276,6.08276,6.0,6.0,6.0,5.0,5.09902,5.0,5.09902,5.09902,4.12311,4.47214,4.47214,4.47214,3.60555,3.60555,3.60555,4.24264,3.60555,3.60555,3.60555,3.16228,3.16228,3.16228,3.16228,3.16228,3.0,3.0,2.0,54.12024,55.36244,54.12947,49.0306,51.78803,46.52956,46.17359,48.6621,48.09366,45.39824,45.04442,44.01136,42.0,42.10701,43.10452,40.11234,39.11521,37.65634,41.48494,39.31921,37.33631,39.05125,38.83298,37.36308,34.71311,36.67424,35.51056,37.85499,36.40055,34.52535,33.37664,34.52535,34.52535,34.71311,33.24154,30.01666,30.0,29.27456,31.257,27.65863,24.73863,26.92582,25.70992,21.84033,22.13594,21.9545,19.41649,21.09502,16.97056,16.27882,14.21267,15.81139,15.26434,13.92839,15.23155,12.36932,13.0384,46.40043,52.49762,50.32892,54.45181,54.45181,55.9017,56.0803,59.46427,62.00806,62.62587,66.0303,65.45991,64.63745,66.61081,66.61081,68.50547,70.49113,70.17834,69.89278,68.50547,69.06519,73.78347,72.40166,70.72482,67.95587,68.7968,69.64194,70.21396,68.00735,69.02898,66.61081,68.11755,67.00746,67.94115,66.46804,65.76473,67.17887,66.46804,66.52819,67.89698,67.20119,67.20119,63.60031,66.61081,63.00794,68.96376,66.24198,65.0,70.71068,66.64083,60.90156,64.41273,60.41523,61.09828,62.76942,57.58472,58.5235
9.84886,9.84886,9.48683,8.544,9.48683,8.544,8.544,8.24621,8.24621,8.24621,8.24621,8.24621,8.24621,8.24621,8.06226,8.06226,7.07107,7.07107,7.0,7.07107,7.07107,7.07107,7.07107,7.07107,7.07107,7.07107,7.07107,7.07107,7.07107,6.08276,6.32456,6.32456,6.32456,5.38516,5.38516,5.38516,5.0,5.0,5.0,5.0,4.24264,4.24264,3.60555,3.60555,3.60555,3.60555,3.60555,3.16228,3.16228,3.16228,3.16228,2.23607,49.81967,51.85557,50.0,48.82622,48.54894,47.16991,47.50789,45.27693,48.76474,43.82921,45.69464,42.37924,40.5216,43.65776,39.56008,41.4367,43.01163,43.01163,38.32754,38.63936,39.81206,40.02499,38.83298,37.48333,35.90265,37.85499,38.47077,36.87818,34.9285,37.48333,35.17101,33.95585,33.83785,31.32092,32.31099,32.64966,29.15476,29.06888,28.30194,25.4951,26.62705,25.0,22.67157,22.67157,20.51828,20.0,18.38478,20.59126,15.23155,15.23155,15.23155,14.14214,16.03122,16.12452,13.0,12.36932,10.44031,47.20169,46.04346,50.77401,48.75449,52.7731,50.9902,55.9017,55.03635,59.5063,58.69412,61.35145,61.09828,63.24555,63.60031,64.84597,64.56005,66.09841,65.25335,62.64184,66.48308,66.09841,67.72001,68.68042,69.12308,67.91171,65.96969,66.21933,65.52099,68.30813,64.19502,64.51356,65.19202,63.69458,64.4748,66.85058,63.56099,64.84597,64.40497,61.77378,65.29931,62.43397,63.51378,60.46487,66.61081,59.40539,62.80127,59.81639,63.12686,61.22091,60.44005,58.79626,61.55485,58.0517,61.55485,57.28001,58.69412,57.48913
9.21954,9.21954,9.21954,7.81025,8.48528,7.81025,8.48528,7.81025,7.81025,7.81025,7.81025,7.81025,6.40312,7.2111,6.40312,7.2111,7.2111,7.2111,5.83095,5.83095,5.83095,5.83095,6.40312,5.83095,5.83095,6.40312,6.40312,6.40312,5.65685,6.40312,5.65685,5.65685,5.0,5.0,5.83095,5.0,5.38516,4.47214,4.12311,4.12311,4.12311,4.0,4.0,3.0,3.16228,3.16228,3.16228,3.16228,3.16228,3.16228,3.16228,2.82843,54.81788,54.40588,54.56189,50.44799,47.38143,48.10405,48.79549,47.42362,45.34314,46.75468,45.45327,43.01163,42.80187,39.40812,44.20407,41.40048,40.70626,37.21559,39.82462,38.58756,38.94868,35.8469,36.24914,38.27532,38.62642,35.77709,37.12142,38.91015,33.12099,37.58989,33.6006,34.4093,32.20248,31.40064,35.60899,33.30165,15.81139,21.93171,31.241,25.0,29.20616,25.94224,24.41311,22.82542,22.36068,24.73863,20.24846,18.11077,19.0263,17.02939,18.11077,18.0,12.04159,15.52417,13.0,12.72792,13.0384,48.10405,48.70318,50.0,56.32051,53.60037,54.91812,59.43904,56.29387,59.22837,59.5399,62.28965,65.27634,66.1211,66.1211,66.0303,70.0,70.11419,71.0,70.11419,73.02739,68.26419,69.02898,71.0,70.00714,69.06519,69.00725,68.0,69.0,67.1193,69.11584,67.26812,68.26419,67.60178,69.05071,67.74216,68.88396,67.26812,69.2315,67.26812,67.18631,67.44627,66.40783,65.45991,66.7308,63.24555,67.08204,63.07139,65.30697,63.06346,64.88451,63.97656,63.52952,59.94164,59.68249,62.64982,59.5399,58.5235
9.21954,8.544,8.544,8.544,8.544,7.61577,7.61577,7.61577,8.06226,8.06226,8.06226,7.2111,7.2111,7.2111,7.2111,7.2111,7.2111,7.2111,6.40312,6.40312,6.40312,6.40312,6.40312,6.40312,6.40312,6.40312,6.40312,5.83095,5.83095,5.83095,5.38516,5.38516,5.38516,5.38516,5.09902,4.12311,4.12311,4.0,4.0,3.0,3.0,3.0,3.16228,2.23607,2.23607,2.23607,1.41421,1.41421,1.41421,1.41421,1.41421,2.0,57.00877,48.01042,58.21512,50.01,44.40721,51.24451,45.54119,49.36598,42.2019,48.76474,45.35416,43.01163,44.64303,37.94733,42.72002,41.18252,41.14608,39.35734,43.86342,37.69615,41.34005,34.48188,40.81666,35.34119,35.8469,34.48188,35.51056,36.35932,33.12099,34.66987,36.71512,40.70626,31.01612,34.53983,30.8707,33.52611,31.04835,29.12044,28.63564,29.15476,26.1725,25.0,24.02082,20.09975,22.02272,19.31321,25.07987,18.86796,17.0,14.31782,13.89244,17.02939,14.21267,14.21267,13.41641,13.41641,12.64911,46.8188,52.92447,49.1935,56.60389,51.97115,61.05735,55.75841,56.61272,63.00794,56.85948,61.03278,62.96825,68.7968,69.2026,71.8401,65.19202,75.16648,67.35726,73.66139,68.593,68.76772,72.18033,64.44377,67.47592,71.06335,68.24954,69.42622,73.87828,61.84658,72.47068,61.61169,70.72482,68.00735,66.28725,68.26419,66.88797,64.41273,65.30697,69.35416,65.55151,72.00694,58.30952,69.857,59.80803,66.12866,61.98387,61.03278,66.09841,62.29767,59.22837,61.61169,66.09841,69.2315,53.93515,59.68249,64.77654,58.13777
9.0,8.06226,8.06226,8.06226,8.06226,8.06226,8.24621,7.28011,7.28011,7.28011,7.28011,7.28011,7.28011,7.61577,6.32456,6.7082,6.7082,6.7082,6.7082,6.7082,6.7082,6.7082,6.7082,6.7082,5.83095,5.83095,6.7082,6.32456,5.38516,5.38516,5.09902,5.09902,5.09902,5.09902,5.09902,5.0,4.0,4.0,3.16228,3.16228,3.16228,3.16228,2.23607,2.23607,2.23607,2.23607,2.23607,1.41421,2.23607,2.23607,2.0,1.0,57.70615,49.47727,50.9902,47.38143,49.0408,48.16638,46.01087,49.25444,42.04759,45.04442,42.0119,44.28318,42.42641,40.60788,40.4475,37.10795,41.0,38.32754,41.0,40.80441,43.41659,38.32754,35.73514,34.17601,35.1141,37.10795,35.1141,37.94733,33.83785,35.4683,34.48188,38.07887,29.83287,33.95585,29.61419,33.37664,31.14482,29.15476,29.27456,27.07397,27.07397,25.07987,20.61553,21.58703,21.54066,18.38478,19.31321,19.23538,17.69181,16.97056,13.0384,14.42221,13.60147,11.40175,11.7047,11.18034,12.36932,50.80354,54.03702,50.32892,58.0,51.66237,58.0,53.75872,58.72819,59.66574,59.5483,61.7171,66.6033,65.29931,64.53681,70.21396,65.73431,71.28113,65.45991,69.63476,69.89278,69.40461,72.11103,66.28725,69.63476,70.0,69.81404,67.80118,70.80254,65.60488,69.81404,63.78087,70.93659,65.11528,67.26812,64.3506,66.48308,64.53681,63.25346,65.60488,67.80118,68.60029,63.82006,68.24222,64.07027,66.88797,64.00781,65.29931,62.64982,60.90156,59.9333,59.9333,61.09828,63.15853,57.00877,58.69412,59.13544,57.38467
9.21954,9.21954,9.89949,8.48528,9.21954,8.48528,8.60233,8.60233,7.81025,8.60233,8.60233,8.60233,8.06226,7.2111,8.06226,8.06226,7.61577,7.61577,7.61577,7.61577,6.7082,7.61577,6.7082,6.7082,6.7082,6.7082,6.7082,7.2111,7.2111,6.40312,6.40312,6.40312,6.40312,5.65685,5.65685,5.0,5.0,5.0,4.47214,4.47214,4.47214,4.47214,4.12311,3.16228,3.16228,3.16228,3.16228,3.0,3.0,3.0,2.0,2.23607,54.70832,51.86521,52.20153,53.82379,49.81967,47.63402,48.27007,46.09772,43.13931,45.27693,46.09772,46.2277,42.43819,41.7732,40.80441,43.26662,42.72002,39.44617,42.19005,41.67733,39.35734,38.48376,40.31129,38.01316,34.48188,36.71512,35.77709,35.8469,38.62642,36.24914,34.0147,37.57659,35.51056,34.1321,35.51056,34.4093,34.20526,33.94113,29.83287,29.73214,28.42534,27.80288,26.92582,25.07987,25.07987,21.0238,19.69772,20.24846,18.02776,19.10497,16.27882,14.0,15.0333,14.56022,9.48683,10.44031,11.7047,50.63596,50.63596,53.46027,53.15073,52.08647,54.00926,55.00909,57.00877,58.03447,57.21888,61.29437,63.1981,66.1211,67.26812,67.74216,66.61081,67.74216,66.91039,68.46897,69.72087,67.26812,71.02112,67.60178,66.75328,66.09841,67.74216,69.72087,67.60178,65.27634,68.18358,63.12686,66.00758,66.0,67.00746,64.19502,67.18631,64.49806,66.48308,65.37584,66.75328,68.06614,65.96969,66.4906,62.58594,64.03124,68.35203,66.40783,63.24555,66.12866,62.62587,64.84597,66.70832,58.30952,56.79789,61.29437,59.09315,59.5399
9.21954,9.21954,9.21954,8.24621,8.24621,8.24621,8.544,8.544,8.544,7.61577,7.61577,8.06226,7.61577,8.06226,7.2111,8.06226,7.2111,7.2111,7.2111,7.2111,7.2111,7.2111,7.2111,7.2111,7.2111,6.7082,6.7082,6.7082,6.7082,6.32456,6.32456,6.32456,6.32456,5.38516,5.09902,5.0,5.0,5.09902,4.0,4.0,4.0,4.12311,4.12311,3.16228,3.16228,3.16228,2.23607,2.23607,2.23607,2.23607,1.41421,1.41421,55.03635,53.00943,55.00909,50.08992,49.36598,48.16638,46.52956,47.67599,45.70558,46.52956,44.38468,48.08326,40.26164,41.0,40.49691,40.49691,43.65776,40.8534,40.70626,38.48376,38.91015,38.48376,42.54409,37.58989,38.01316,36.71512,35.77709,38.07887,37.16181,34.48188,38.07887,34.43835,34.9285,37.57659,32.31099,35.44009,33.24154,30.36445,32.55764,27.16616,26.1725,26.07681,28.01785,23.19483,22.2036,19.10497,19.64688,20.61553,16.55295,17.88854,15.0,15.6205,14.42221,12.04159,13.41641,12.52996,8.06226,48.8467,48.46648,51.89412,53.33854,54.91812,57.98276,58.30952,57.68882,57.62812,57.80138,61.84658,62.62587,64.66065,65.79514,64.3506,65.8559,70.03571,67.17887,67.89698,66.48308,69.29646,69.31089,69.31089,72.86288,70.03571,67.89698,66.52819,68.62215,64.66065,67.80118,62.80127,67.00746,66.61081,66.28725,66.03787,66.24198,65.29931,65.0,65.74192,65.29931,64.40497,65.39113,62.76942,67.41662,62.64184,64.19502,61.68468,63.32456,63.32456,60.20797,62.36986,60.20797,60.20797,58.69412,62.514,60.40695,59.84146
8.48528,8.48528,7.81025,7.81025,7.81025,7.81025,7.2111,7.2111,7.2111,6.7082,7.2111,6.7082,6.7082,6.7082,6.7082,6.7082,6.7082,6.7082,6.32456,6.32456,6.32456,6.32456,6.32456,5.38516,5.38516,5.83095,5.83095,5.83095,5.83095,5.0,5.0,5.0,5.0,4.24264,5.0,5.0,4.47214,4.47214,4.12311,4.47214,4.12311,4.12311,3.0,3.0,3.0,3.0,3.0,3.16228,3.16228,2.23607,2.23607,2.82843,54.3783,55.0,51.22499,51.0392,52.3259,47.50789,46.66905,45.25483,43.27817,42.52058,41.86884,42.80187,44.82187,42.43819,39.40812,41.67733,41.88078,38.91015,39.39543,37.44329,40.24922,36.24914,37.69615,37.57659,35.4683,35.8469,34.9285,36.76955,36.68787,34.9285,34.43835,33.54102,33.54102,35.77709,30.01666,33.28663,30.0,31.82766,31.14482,27.80288,28.42534,26.40076,24.20744,23.60085,23.70654,21.93171,20.39608,18.78829,18.24829,18.0,18.02776,14.14214,13.15295,14.14214,14.31782,13.0,11.6619,50.69517,50.9902,50.9902,54.08327,55.44367,57.07889,54.08327,59.0,60.0,58.0,62.00806,64.03124,65.0,68.02941,66.27217,67.26812,68.18358,66.61081,66.48308,68.73136,68.35934,72.56032,67.18631,69.11584,67.06713,67.00746,71.06335,66.18912,68.06614,67.0,66.0303,68.06614,67.00746,65.03076,68.35934,66.48308,67.26812,69.05071,65.51336,65.96969,65.30697,65.25335,66.09841,67.05222,65.14599,65.52099,61.68468,64.07808,65.0,63.07139,63.97656,61.7171,65.30697,58.18075,62.76942,60.74537,58.66856
9.21954,8.60233,8.60233,8.60233,8.60233,8.60233,8.06226,8.06226,8.06226,8.06226,7.61577,8.06226,6.7082,6.7082,6.32456,7.61577,6.32456,7.61577,6.32456,6.32456,6.32456,6.32456,6.32456,6.32456,6.32456,6.32456,6.7082,6.32456,5.38516,6.7082,5.83095,5.83095,5.0,5.0,5.65685,5.0,5.0,4.47214,4.47214,3.60555,4.47214,4.12311,4.12311,4.0,3.0,3.0,3.0,3.0,3.16228,3.16228,3.16228,3.16228,54.67175,54.03702,50.44799,51.0392,48.54894,47.43416,50.11986,48.02083,46.14109,44.28318,44.28318,41.4367,43.08132,44.59821,41.78516,40.5216,41.48494,39.29377,39.29377,37.85499,40.79216,38.32754,39.45884,39.20459,35.35534,36.34556,37.36308,34.52535,33.54102,37.36308,36.67424,36.13862,34.20526,33.52611,31.95309,31.01612,29.54657,27.85678,29.96665,27.01851,26.07681,26.90725,23.34524,25.45584,22.02272,22.82542,19.23538,19.23538,17.08801,19.31321,17.11724,16.12452,15.0,14.03567,16.03122,14.14214,11.40175,50.24938,51.97115,52.35456,56.82429,54.12947,58.30952,57.93962,61.84658,62.03225,60.00833,63.60031,64.56005,65.80274,66.94027,69.64194,68.65858,71.80529,68.65858,68.88396,69.42622,68.88396,71.56815,69.857,72.99315,72.78049,72.03471,69.857,69.64194,69.26038,69.92138,67.35726,70.93659,66.12866,67.62396,68.44706,68.44706,66.24198,66.21178,68.0,66.64833,68.09552,68.26419,69.64194,65.8635,67.6757,62.00806,64.81512,66.8431,66.52819,66.21933,63.41136,63.12686,65.19202,59.39697,63.03174,57.38467,60.81118
9.05539,9.21954,9.21954,9.21954,8.24621,8.24621,8.544,8.544,8.544,7.61577,7.61577,7.61577,7.61577,7.61577,7.61577,7.61577,8.06226,6.7082,6.7082,6.7082,7.2111,6.7082,6.7082,6.7082,6.7082,6.7082,6.7082,6.7082,6.32456,6.32456,6.32456,6.08276,6.08276,6.08276,6.0,5.0,5.0,5.09902,4.12311,4.12311,4.12311,4.47214,3.60555,4.47214,3.60555,3.60555,3.60555,2.82843,2.82843,2.82843,2.82843,2.23607,55.00909,57.0,50.08992,50.15974,50.24938,49.36598,47.29693,45.39824,46.32494,43.93177,44.14748,47.29693,46.84015,40.5216,41.76123,41.78516,40.8534,38.62642,40.8534,40.70626,38.47077,38.91015,37.58989,37.58989,37.16181,35.34119,40.70626,34.88553,39.39543,36.67424,35.8469,37.33631,34.17601,34.17601,34.48188,31.7805,32.28002,31.40064,28.07134,30.01666,26.07681,29.01724,23.34524,23.5372,23.19483,22.13594,22.47221,20.12461,18.60108,18.02776,17.80449,16.27882,14.42221,17.20465,13.60147,13.0,12.36932,50.69517,49.72927,52.88667,53.75872,56.32051,56.0803,55.71355,59.09315,60.83584,58.60034,60.37384,65.36819,65.8635,66.37017,68.60029,67.95587,67.1193,70.72482,67.41662,66.0303,68.50547,69.63476,68.50547,72.40166,69.33974,69.33974,67.95587,67.41662,67.95587,68.96376,64.88451,69.35416,67.60178,68.88396,68.942,67.1193,69.07966,66.30988,68.00735,67.6757,67.05222,68.96376,68.00735,69.37579,63.32456,67.46851,66.70832,64.32729,67.46851,63.78871,62.64982,61.52235,62.96825,61.81424,63.28507,62.39391,61.07373
9.43398,9.43398,8.94427,8.94427,8.94427,8.94427,8.544,8.544,8.544,8.544,7.28011,8.24621,8.24621,7.28011,7.28011,7.28011,7.07107,7.07107,7.07107,7.28011,7.28011,7.28011,7.07107,7.07107,7.28011,7.07107,6.08276,7.28011,6.32456,6.32456,6.32456,6.7082,6.7082,5.83095,5.83095,5.0,5.0,5.0,5.0,4.24264,4.24264,3.60555,3.60555,3.60555,3.16228,3.16228,3.16228,3.16228,3.16228,3.0,3.0,2.0,52.7731,49.73932,54.70832,52.80152,46.04346,49.20366,46.01087,51.40039,47.63402,43.84062,43.86342,44.40721,44.68781,41.23106,40.60788,42.43819,43.01163,41.40048,41.04875,40.80441,42.54409,39.44617,38.01316,37.21559,37.58989,35.8469,37.21559,38.07887,35.51056,38.07887,34.1321,34.66987,37.20215,35.0,33.83785,34.65545,33.24154,30.41381,29.83287,29.20616,27.80288,25.05993,23.76973,24.59675,22.80351,18.43909,20.88061,16.12452,18.11077,16.0,18.02776,14.14214,14.03567,13.60147,12.08305,12.52996,12.80625,48.38388,51.41984,50.9902,54.91812,51.78803,57.31492,58.21512,56.22277,59.13544,60.13319,63.03174,62.03225,67.06713,64.00781,66.00758,63.3877,70.06426,65.06919,71.11259,67.1193,68.18358,67.36468,64.07027,67.36468,67.18631,66.00758,65.19202,66.00758,66.1211,67.00746,64.00781,69.00725,66.0303,63.28507,68.18358,65.49046,65.62012,66.09841,64.93843,67.26812,66.91039,64.13267,66.70832,64.28841,64.28841,63.24555,65.45991,66.7308,63.90618,60.92618,59.61543,62.76942,63.97656,56.0803,58.18075,58.13777,57.77543
9.21954,8.60233,8.60233,8.60233,8.60233,8.06226,8.06226,8.06226,8.06226,7.61577,8.06226,7.61577,6.7082,6.7082,6.7082,7.61577,6.32456,6.7082,6.32456,6.32456,6.32456,6.32456,6.7082,6.32456,6.32456,6.7082,5.83095,5.83095,5.83095,6.40312,5.0,5.65685,5.0,5.0,5.0,5.0,4.47214,4.47214,4.47214,4.12311,4.12311,4.12311,4.0,4.0,4.0,3.0,3.16228,3.16228,3.16228,2.23607,2.82843,2.82843,50.60632,55.80323,50.93133,50.24938,50.93133,50.32892,46.75468,49.51767,44.68781,44.82187,42.63801,42.72002,43.60046,40.81666,42.43819,40.49691,40.24922,38.47077,41.14608,37.58989,40.24922,40.31129,38.62642,35.8469,34.9285,33.61547,34.88553,37.69615,35.8469,35.35534,35.8469,35.35534,30.01666,31.76476,34.05877,31.62278,32.01562,27.58623,26.87006,25.6125,25.80698,27.45906,25.05993,23.32381,22.36068,22.80351,21.84033,18.68154,19.10497,15.0333,16.03122,15.0333,15.13275,12.52996,11.40175,15.26434,10.0,49.24429,49.65884,51.47815,54.08327,53.85165,54.40588,55.36244,59.20304,59.66574,59.66574,62.16912,65.73431,66.94027,65.30697,67.74216,65.27634,68.35934,67.60178,68.46897,69.11584,65.37584,69.11584,67.47592,69.46222,68.88396,67.60178,68.46897,68.73136,67.74216,66.91039,65.9242,68.88396,68.44706,68.44706,68.00735,68.15424,66.40783,69.89278,66.7308,68.00735,69.07966,63.69458,67.23095,67.53518,64.88451,64.00781,65.74192,64.88451,67.1193,64.14047,66.03787,61.58734,63.63175,60.03332,58.82176,60.46487,58.00862
9.21954,10.0,10.0,9.43398,9.43398,8.60233,8.60233,8.06226,8.06226,8.94427,8.06226,8.94427,8.06226,8.06226,7.61577,7.61577,7.61577,7.61577,7.61577,7.61577,7.61577,7.61577,7.28011,7.61577,7.61577,7.61577,6.7082,6.7082,6.7082,6.7082,6.40312,6.40312,6.40312,6.40312,5.65685,5.65685,5.65685,5.0,5.0,5.0,3.60555,4.47214,4.47214,3.16228,3.16228,3.16228,3.16228,3.0,3.0,3.0,3.0,2.0,53.15073,53.07542,51.22499,48.82622,53.41348,48.25971,48.82622,46.87217,46.04346,46.06517,45.61798,46.95743,44.77723,42.95346,39.56008,40.16217,39.21734,40.49691,40.8534,41.23106,40.26164,38.32754,37.36308,37.0,38.07887,38.60052,38.32754,37.64306,36.13862,35.90265,37.0,35.44009,33.54102,36.76955,32.89377,34.0,35.35534,32.01562,30.80584,29.83287,27.80288,27.01851,23.60085,23.34524,25.0,21.09502,21.54066,19.69772,21.0238,16.55295,16.12452,15.0,17.0,15.0,16.12452,13.0384,12.64911,49.40648,48.37355,49.24429,52.7731,52.80152,51.89412,55.54278,55.15433,60.40695,60.40695,59.13544,63.89053,61.35145,65.80274,65.52099,64.7611,63.34824,65.96969,68.68042,65.30697,63.06346,68.44706,67.46851,65.96969,67.18631,67.18631,67.44627,69.37579,66.21933,69.64194,64.19502,67.6757,63.90618,67.77905,66.30988,68.942,67.1193,67.53518,67.08204,69.97142,68.88396,66.03787,65.73431,67.95587,64.63745,65.19202,65.21503,64.2028,62.68174,62.20129,60.30755,63.89053,60.30755,56.72742,60.10824,61.55485,58.0517
9.48683,8.544,8.94427,8.544,8.94427,8.94427,8.06226,8.06226,8.06226,8.06226,8.06226,8.06226,7.2111,7.2111,7.2111,7.81025,7.2111,7.2111,7.07107,6.40312,6.40312,6.40312,7.2111,6.40312,6.40312,7.2111,7.2111,5.83095,5.83095,6.7082,5.38516,5.38516,5.38516,5.09902,6.08276,5.09902,5.0,5.0,4.0,4.0,4.12311,4.12311,4.12311,4.12311,4.12311,3.60555,3.60555,3.60555,2.82843,2.82843,2.82843,2.82843,56.4358,56.22277,51.97115,50.01,49.47727,48.50773,45.88028,47.12749,44.27189,45.88028,44.01136,41.62932,42.54409,41.59327,42.04759,41.18252,42.19005,38.07887,39.11521,40.22437,42.0119,36.05551,35.80503,39.05125,36.05551,36.61967,38.27532,38.28838,36.61967,34.48188,34.98571,36.05551,30.88689,33.61547,31.90611,31.30495,31.7805,31.01612,31.01612,28.44293,30.14963,28.07134,23.08679,23.02173,18.11077,24.18677,20.22375,17.46425,17.72005,14.31782,16.12452,17.20465,12.72792,12.04159,13.45362,12.80625,11.6619,49.36598,49.49747,49.81967,54.91812,51.97115,56.61272,56.61272,58.18935,59.46427,60.74537,64.62198,61.68468,62.76942,66.21178,66.70832,67.1193,68.44706,65.74192,69.31811,68.88396,66.7308,67.08204,67.53518,71.58911,69.77105,69.77822,66.70832,67.53518,64.4748,69.07966,66.85058,68.94926,68.00735,67.6757,67.35726,67.05222,65.0,71.30919,66.94027,65.51336,68.88396,66.75328,66.75328,63.63961,63.63961,67.26812,62.28965,63.28507,66.0303,62.00806,62.00806,61.0082,61.0082,61.03278,59.07622,59.07622,58.30952
7.81025,7.07107,8.48528,7.81025,7.81025,6.40312,7.2111,7.2111,7.2111,7.2111,7.2111,6.7082,6.7082,6.7082,5.83095,6.32456,6.32456,6.32456,6.32456,6.32456,6.32456,6.32456,6.32456,5.38516,5.38516,5.38516,5.38516,5.83095,5.38516,5.83095,5.0,5.0,5.0,4.24264,4.24264,4.24264,3.60555,3.60555,3.16228,3.16228,3.16228,3.16228,3.0,2.0,2.0,2.0,2.23607,2.23607,2.23607,2.23607,1.41421,1.41421,51.61395,54.03702,51.40039,48.16638,48.9183,47.63402,48.16638,47.42362,44.55334,43.18565,42.0119,42.0119,42.52058,44.40721,41.04875,42.54409,40.22437,40.31129,38.07887,38.91015,37.12142,38.01316,34.9285,34.9285,34.48188,37.12142,37.16181,36.24914,37.12142,33.61547,34.0147,33.54102,34.4093,34.1321,30.61046,29.73214,31.40064,30.4795,29.06888,26.90725,25.6125,25.6125,22.80351,25.05993,22.84732,18.38478,19.64688,19.10497,19.64688,14.14214,17.02939,14.03567,15.0333,16.12452,13.89244,12.20656,9.89949,50.44799,48.83646,51.62364,54.23099,51.08816,54.08327,56.0357,58.03447,58.0,60.00833,60.00833,67.02984,66.06815,67.00746,64.19502,68.46897,67.1193,68.46897,68.00735,68.26419,67.36468,72.1734,69.11584,70.34913,67.18631,73.24616,74.43118,69.11584,69.02898,67.00746,69.02898,67.00746,68.00735,66.06815,68.11755,71.17584,67.47592,65.11528,67.36468,69.05071,67.26812,67.44627,66.4906,67.44627,62.58594,67.35726,62.64184,65.19202,67.77905,63.32456,63.69458,63.15853,60.41523,59.5063,64.40497,61.26989,61.29437
9.48683,9.21954,9.21954,9.21954,8.24621,8.24621,8.24621,8.24621,8.06226,8.06226,8.06226,8.0,8.0,8.0,8.0,8.0,8.0,8.0,8.06226,7.0,7.0,7.0,7.0,7.07107,7.07107,7.0,7.0,7.0,7.0,6.08276,6.08276,6.08276,6.08276,5.38516,5.38516,5.38516,4.47214,4.47214,4.47214,3.60555,3.60555,3.60555,3.60555,2.82843,2.82843,2.23607,2.23607,2.23607,2.23607,2.23607,2.0,2.0,55.47071,50.53712,48.75449,50.15974,52.20153,47.53946,49.33559,46.8188,46.57252,45.60702,43.73786,45.39824,44.91102,43.41659,40.4475,42.29657,41.19466,38.11824,40.11234,41.01219,38.0,40.0,39.0,38.01316,36.0,37.05401,39.01282,36.0,39.11521,36.0,35.01428,32.24903,38.01316,34.05877,32.38827,32.98485,33.37664,30.59412,28.23119,28.79236,27.73085,26.41969,22.36068,24.69818,22.2036,23.34524,19.79899,18.02776,15.81139,16.15549,13.41641,17.46425,12.08305,16.27882,12.36932,12.04159,12.64911,47.63402,46.09772,52.49762,49.20366,54.81788,51.86521,55.47071,57.14018,57.14018,59.5399,61.29437,62.6099,64.88451,63.95311,61.26989,67.97794,64.84597,69.857,64.88451,65.30697,67.08204,67.54258,68.54196,71.86793,66.85058,65.30697,67.1193,64.40497,68.8767,65.76473,67.60178,65.76473,68.60029,66.85058,67.42403,64.89992,69.40461,65.21503,65.0,65.0,66.06815,68.88396,64.53681,65.79514,61.55485,65.11528,64.3506,61.52235,63.78087,65.8559,63.03174,60.44005,57.80138,62.00806,58.00862,56.85948,58.83026
9.21954,8.60233,8.60233,8.60233,8.06226,8.06226,8.06226,8.06226,8.06226,7.61577,8.544,8.24621,7.28011,7.28011,7.28011,8.24621,7.28011,7.28011,7.07107,7.07107,7.28011,7.28011,7.28011,7.07107,7.07107,7.28011,7.28011,6.32456,6.32456,6.32456,5.38516,5.38516,5.38516,5.38516,5.0,5.0,5.0,4.47214,3.60555,4.24264,4.24264,3.60555,2.82843,2.82843,2.23607,2.23607,2.23607,2.23607,2.23607,2.0,2.0,2.0,51.73973,53.41348,49.0408,50.44799,49.67897,48.10405,48.10405,43.18565,46.40043,43.41659,44.65423,42.80187,43.04649,43.04649,42.19005,40.81666,42.48529,39.35734,39.35734,42.95346,40.49691,41.23106,38.27532,36.40055,37.69615,36.40055,36.76955,36.68787,38.48376,37.58989,34.9285,36.23534,34.0147,34.43835,34.98571,33.61547,30.0,30.23243,30.61046,27.65863,28.3196,27.80288,24.69818,22.2036,21.93171,21.47091,19.69772,16.55295,16.12452,20.02498,15.29706,15.0,12.04159,13.0384,9.48683,13.0,10.63015,47.29693,45.89118,49.24429,52.95281,54.45181,53.15073,54.45181,56.22277,58.07753,60.03332,64.0,63.00794,64.03124,67.02984,66.0303,67.06713,68.02941,68.18358,66.06815,69.06519,69.02898,70.06426,71.11259,68.18358,70.17834,70.17834,68.06614,66.00758,68.02941,69.06519,68.26419,66.00758,67.36468,66.61081,68.593,67.89698,68.88396,67.89698,63.78871,67.46851,68.68042,69.37579,66.48308,68.96376,64.51356,62.62587,59.80803,63.32456,62.24147,66.12866,62.64982,61.26989,60.37384,57.70615,60.41523,54.70832,58.18075
9.05539,9.0,9.0,9.0,8.0,8.0,8.06226,8.06226,8.06226,8.06226,8.06226,8.06226,7.07107,8.06226,7.28011,7.28011,7.28011,7.28011,7.28011,7.28011,7.28011,7.28011,7.28011,7.28011,7.28011,7.28011,7.07107,7.07107,6.08276,7.07107,6.0,6.0,6.0,6.0,6.08276,6.08276,5.09902,5.38516,4.47214,4.47214,4.47214,4.47214,3.60555,3.60555,4.24264,3.60555,2.82843,2.82843,3.60555,3.16228,2.23607,2.23607,53.08484,52.08647,52.00961,52.00961,53.03772,43.28972,46.38965,46.52956,46.69047,41.59327,42.95346,43.68066,45.60702,43.93177,42.15448,40.80441,39.56008,39.81206,39.39543,42.04759,39.81206,39.81206,39.81206,38.91015,37.12142,36.89173,37.57659,38.47077,36.05551,39.39543,36.24914,34.9285,35.4683,31.32092,35.1141,30.08322,31.04835,31.40064,31.40064,30.14963,28.01785,29.0,25.17936,23.34524,20.22375,22.2036,21.54066,21.0238,21.09502,17.49286,15.65248,14.76482,13.60147,15.0,13.60147,13.0,12.64911,49.65884,45.61798,50.53712,51.31277,54.70832,51.31277,56.85948,57.2014,56.40035,59.20304,61.22091,61.07373,63.41136,65.19202,65.11528,67.89698,66.06815,67.35726,65.06919,66.48308,71.50524,69.35416,69.31089,70.17834,68.593,66.6033,67.35726,64.81512,69.52697,67.00746,66.4003,65.21503,66.61081,67.1193,69.11584,66.88797,71.56116,68.47627,66.24198,68.0,65.39113,70.77429,64.2573,67.77905,62.96825,63.60031,65.78754,65.45991,62.36185,66.76077,63.32456,64.7611,59.43904,59.22837,61.18823,55.9017,57.70615
8.06226,8.60233,7.81025,7.81025,7.07107,7.07107,7.07107,7.07107,7.07107,6.40312,6.40312,6.40312,6.40312,6.40312,6.40312,5.83095,6.7082,5.83095,6.7082,5.83095,5.83095,6.7082,5.83095,5.83095,5.83095,5.83095,5.83095,5.0,5.65685,5.0,5.65685,5.65685,5.0,5.0,3.60555,3.60555,3.60555,4.47214,3.16228,3.16228,3.0,3.0,3.0,3.0,2.0,2.23607,2.23607,2.23607,2.23607,2.82843,2.23607,2.23607,53.48832,53.16014,48.76474,46.23851,47.53946,46.51881,44.72136,46.51881,45.27693,43.82921,45.0,41.6173,39.40812,41.6173,39.20459,41.7732,41.03657,41.7732,39.62323,36.79674,41.03657,37.48333,38.94868,38.20995,38.94868,38.18377,36.23534,36.79674,36.12478,36.79674,36.79674,36.06938,34.20526,34.71311,33.30165,30.80584,32.75668,31.38471,31.30495,25.94224,24.69818,25.96151,24.33105,22.36068,23.19483,18.24829,18.02776,19.10497,17.72005,18.43909,16.76305,13.0,15.23155,14.21267,13.45362,10.63015,13.45362,48.01042,50.15974,52.23983,55.57877,53.46027,56.08921,58.69412,56.7186,59.43904,59.66574,60.16644,64.28841,67.72001,64.51356,65.80274,66.85058,66.40783,64.84597,68.94926,69.26038,65.45991,70.2282,66.7308,70.21396,68.94926,69.26038,67.41662,68.96376,66.40783,69.37579,64.7611,70.60453,67.46851,70.21396,69.05071,65.76473,65.76473,66.91039,66.75328,68.35934,67.18631,66.00758,66.06815,66.0,69.0,64.28063,67.06713,64.62971,64.19502,61.29437,67.26812,64.28063,63.50591,57.55867,62.514,62.80127,59.90826
8.544,8.94427,8.94427,8.94427,8.94427,8.06226,8.06226,8.06226,8.06226,8.60233,8.60233,7.81025,7.81025,7.81025,7.81025,7.81025,7.07107,7.81025,7.07107,7.07107,7.07107,7.07107,7.07107,7.07107,7.07107,6.40312,6.40312,6.40312,6.40312,6.40312,5.83095,5.83095,5.83095,5.83095,5.38516,5.38516,5.09902,5.09902,5.09902,4.12311,4.0,4.0,4.0,3.0,3.0,3.0,3.16228,3.16228,2.23607,2.23607,2.23607,2.23607,52.39275,51.92302,52.49762,50.32892,48.10405,46.61545,47.16991,51.62364,45.27693,45.17743,42.72002,43.04649,42.43819,45.79301,42.2019,42.0119,42.2019,41.86884,44.55334,41.03657,38.8973,38.94868,40.31129,42.52058,37.48333,40.36087,40.31129,36.76955,41.72529,36.12478,36.12478,35.38361,37.01351,36.79674,32.01562,34.98571,34.20526,33.12099,30.41381,30.41381,25.63201,26.24881,27.29469,26.4764,23.19483,21.09502,22.0,23.08679,19.23538,16.27882,17.26268,14.86607,15.23155,12.52996,14.31782,10.63015,14.21267,46.52956,50.21952,50.44799,51.24451,51.24451,55.36244,56.46238,55.36244,57.58472,60.16644,61.32699,62.64982,63.07139,66.21178,66.21178,64.41273,68.09552,69.46222,63.07139,68.42514,66.24198,68.88396,66.64833,67.1193,68.60029,68.88396,68.47627,69.31811,66.18912,67.23095,62.76942,68.15424,65.45991,67.35726,67.44627,67.18631,67.18631,67.44627,66.70832,68.88396,69.72087,66.48308,63.50591,65.49046,63.1981,63.00794,63.00794,63.00794,65.00769,64.07027,61.03278,63.0,63.07139,57.31492,58.21512,61.20457,58.54912
7.81025,7.81025,8.48528,7.81025,7.81025,7.07107,7.2111,7.2111,7.2111,7.2111,7.2111,7.2111,6.7082,6.7082,6.7082,6.7082,6.7082,6.7082,6.7082,6.7082,6.7082,6.7082,5.83095,6.7082,6.7082,5.83095,5.83095,5.83095,5.83095,5.0,5.0,5.65685,5.65685,4.24264,4.24264,3.60555,3.60555,3.60555,3.16228,3.16228,3.16228,3.16228,3.0,3.0,2.23607,2.23607,2.23607,2.23607,2.23607,2.23607,2.23607,2.23607,50.9902,55.86591,52.40229,52.00961,51.61395,46.32494,46.87217,44.94441,46.14109,42.54409,46.14109,43.46263,42.04759,43.82921,38.27532,45.22168,42.05948,40.26164,37.64306,40.02499,41.23106,38.8973,37.85499,37.85499,35.90265,37.36308,39.62323,37.48333,36.40055,36.87818,35.17101,35.44009,38.60052,34.17601,31.95309,29.96665,31.76476,31.7805,31.40064,27.45906,25.23886,22.02272,26.87006,23.34524,23.85372,23.43075,17.49286,21.93171,17.49286,16.49242,15.81139,14.14214,17.0,14.31782,11.18034,13.60147,12.16553,50.15974,48.46648,49.98,55.36244,52.49762,51.66237,51.41984,55.57877,62.16912,64.32729,61.18823,63.56099,65.9242,65.76473,66.37017,68.35934,66.18912,69.26038,69.46222,68.46897,68.35934,70.34913,70.17834,69.46222,67.74216,66.48308,66.48308,66.75328,67.47592,69.2315,69.2315,66.94027,65.96969,67.91171,66.21933,68.00735,69.57011,65.9242,67.77905,68.15424,70.5762,67.62396,65.74192,68.02941,63.95311,66.18912,65.51336,66.7308,63.28507,65.73431,61.61169,63.60031,62.00806,58.60034,63.12686,57.80138,59.81639
8.544,7.61577,7.61577,7.61577,8.06226,7.2111,7.2111,7.2111,7.2111,7.2111,7.81025,7.81025,7.07107,7.07107,6.40312,7.07107,7.07107,7.07107,6.40312,6.40312,6.40312,7.07107,7.07107,6.40312,6.40312,7.07107,6.40312,6.40312,5.65685,6.40312,5.0,5.0,5.0,4.47214,4.47214,4.47214,4.47214,4.12311,3.16228,3.16228,3.0,3.0,3.0,2.0,2.0,2.23607,2.23607,2.23607,1.41421,1.41421,1.41421,1.41421,56.04463,50.69517,50.59644,49.64877,48.38388,50.69517,44.77723,47.42362,42.95346,46.95743,43.56604,44.10215,42.72002,38.41875,42.72002,41.23106,39.82462,41.23106,39.69887,39.69887,46.09772,37.53665,41.72529,36.79674,36.87818,38.94868,38.18377,37.48333,35.38361,38.20995,40.31129,36.79674,34.05877,32.55764,34.4093,32.44996,30.52868,29.06888,28.6531,28.23119,25.63201,25.70992,21.37756,22.2036,21.37756,20.09975,21.2132,18.02776,19.10497,17.46425,15.52417,13.92839,14.31782,13.0384,12.04159,13.45362,12.80625,46.87217,52.39275,48.50773,55.97321,52.49762,55.36244,56.30275,57.93962,59.09315,57.93962,59.9333,63.97656,62.76942,64.40497,67.08204,64.41273,73.79024,62.17717,70.66116,65.76473,68.42514,69.31811,67.53518,66.7308,70.66116,68.44706,67.53518,72.44998,63.07139,73.34848,66.21178,68.94926,65.45991,66.76077,67.35726,69.26038,63.06346,67.18631,64.7611,66.09841,70.03571,62.64982,71.70077,65.27634,67.36468,60.03332,63.07139,62.07254,61.0082,59.00847,63.0,61.0082,63.07139,58.21512,59.13544,59.21149,56.4358
9.89949,9.21954,9.21954,9.21954,9.21954,8.60233,8.60233,8.60233,8.60233,8.06226,8.06226,8.06226,8.06226,8.06226,8.06226,7.61577,7.61577,7.61577,7.61577,7.61577,7.61577,7.61577,7.61577,7.61577,7.61577,7.61577,6.7082,7.61577,7.2111,6.7082,7.2111,7.2111,6.40312,6.40312,5.65685,5.65685,5.65685,5.0,5.0,5.0,4.47214,4.47214,4.47214,4.12311,4.12311,3.16228,3.0,3.0,3.0,3.0,3.0,2.0,51.73973,50.9902,55.22681,49.57822,47.80167,50.60632,48.25971,50.0,46.64762,47.50789,47.50789,44.77723,42.95346,43.86342,44.72136,41.78516,44.01136,41.78516,45.31004,38.8973,44.27189,38.60052,43.17407,41.23106,40.26164,39.56008,39.05125,39.29377,39.56008,37.85499,35.1141,36.68787,36.67424,34.53983,34.53983,34.43835,36.23534,32.64966,32.75668,28.30194,28.3196,29.06888,26.24881,25.6125,24.83948,24.08319,20.80865,21.0238,18.02776,16.55295,13.92839,18.43909,16.0,16.12452,14.14214,13.15295,12.36932,46.84015,51.92302,48.27007,52.17279,53.60037,54.74486,56.56854,54.74486,56.22277,60.20797,64.07027,64.03124,66.06815,66.0,64.07027,68.00735,69.00725,65.03076,70.0,68.02941,69.06519,68.02941,65.0,71.0,68.02941,67.02984,66.0303,70.11419,66.1211,73.24616,63.63961,68.73136,67.26812,67.74216,65.73431,65.73431,65.25335,69.12308,66.48308,66.76077,67.6757,63.24555,63.32456,63.15853,62.24147,67.74216,60.83584,62.76942,62.76942,62.64982,62.76942,64.88451,65.21503,58.41233,53.33854,54.08327,56.61272
8.06226,8.06226,9.05539,8.06226,8.0,8.0,8.0,8.0,7.0,7.07107,7.07107,7.07107,7.07107,7.07107,7.07107,7.07107,7.07107,6.08276,6.32456,6.08276,6.08276,6.08276,6.08276,6.32456,6.32456,6.08276,6.08276,6.08276,6.08276,6.0,5.0,5.0,5.0,5.09902,5.09902,4.12311,4.47214,4.12311,4.47214,3.60555,3.60555,3.60555,2.82843,3.60555,3.60555,3.16228,3.16228,3.16228,2.23607,3.16228,3.0,3.0,50.92151,50.69517,50.21952,47.07441,47.53946,45.54119,49.49747,46.27094,45.17743,41.10961,45.09989,42.0119,43.0,41.04875,40.0,42.10701,42.19005,39.11521,37.21559,39.62323,41.0,39.31921,37.36308,39.56008,36.67424,36.67424,39.20459,37.48333,36.49658,35.51056,34.1321,34.52535,36.12478,35.0571,31.06445,33.24154,29.0,30.26549,33.06055,25.17936,27.51363,24.16609,24.69818,24.16609,22.82542,19.20937,18.02776,21.2132,16.40122,16.97056,14.76482,14.42221,14.42221,12.08305,11.7047,13.0384,10.04988,48.83646,53.03772,49.51767,53.07542,50.32892,54.67175,54.03702,55.60576,57.2014,58.5235,61.29437,62.96825,66.0303,64.3506,61.91123,64.3506,68.26419,67.1193,67.74216,65.73431,68.60029,64.89992,71.56116,68.60029,69.46222,66.88797,65.36819,68.26419,65.73431,69.06519,64.40497,66.8431,66.21933,65.43699,68.11755,65.19202,62.96825,64.38167,60.81118,65.76473,67.20863,66.06815,66.06815,63.41136,61.22091,66.57327,60.46487,61.05735,64.14047,60.90156,62.76942,61.91123,56.35601,57.70615,62.6099,59.9333,60.16644
8.06226,8.06226,7.61577,7.61577,7.61577,7.61577,7.61577,7.28011,7.28011,7.28011,7.28011,7.28011,7.07107,7.07107,6.08276,7.07107,6.08276,6.08276,6.0,6.0,6.0,6.0,6.08276,6.08276,6.08276,6.08276,6.08276,6.08276,5.09902,5.38516,5.09902,5.38516,4.47214,4.47214,4.47214,4.47214,4.24264,4.24264,4.24264,4.24264,3.60555,3.60555,3.60555,3.16228,3.16228,3.16228,3.16228,3.0,3.0,3.0,3.0,3.16228,51.42956,53.66563,50.69517,50.69517,50.92151,44.27189,47.43416,46.84015,47.80167,47.29693,46.38965,45.27693,44.40721,41.19466,42.29657,41.4367,42.04759,42.04759,38.0526,40.04997,41.01219,39.01282,40.4475,39.45884,38.63936,40.11234,36.05551,39.11521,37.01351,36.01389,36.01389,35.01428,34.05877,35.0571,33.24154,32.14032,31.01612,33.54102,27.45906,29.41088,28.4605,24.16609,26.40076,26.41969,21.9545,22.02272,20.0,20.61553,16.27882,17.49286,15.65248,15.23155,13.89244,13.92839,12.36932,13.0384,13.0384,48.82622,50.24938,51.47815,54.12024,54.12024,55.03635,51.89412,55.4617,59.9333,58.18075,60.40695,60.40695,65.19202,68.00735,64.62198,66.21933,68.96376,67.06713,68.62215,70.83784,66.48308,69.64194,69.46222,69.89278,68.30813,68.94926,68.62215,68.15424,67.77905,67.54258,68.8767,69.77105,65.8635,70.49113,67.74216,67.95587,69.64194,66.03787,66.85058,67.42403,70.80254,66.70832,63.89053,70.17834,65.11528,62.28965,62.24147,63.89053,64.81512,63.89053,59.46427,62.36986,62.20129,59.03389,60.60528,59.90826,54.08327
8.544,8.544,8.24621,8.24621,8.24621,8.06226,8.06226,8.06226,8.06226,8.06226,8.0,8.0,7.0,7.0,7.0,8.06226,7.07107,7.07107,7.07107,7.07107,7.07107,7.07107,7.07107,7.07107,7.0,6.0,6.08276,6.0,6.0,6.0,5.0,5.09902,5.09902,5.09902,5.09902,5.09902,4.47214,4.47214,3.60555,2.82843,2.82843,2.82843,2.82843,2.82843,2.23607,2.23607,2.23607,2.23607,2.0,2.0,2.0,2.0,52.92447,52.0,52.49762,52.63079,50.92151,47.53946,46.32494,49.0408,42.95346,46.52956,47.67599,44.18144,45.01111,44.10215,44.10215,44.0,43.04649,40.04997,43.04649,40.31129,42.29657,40.11234,41.19466,40.4475,38.47077,39.11521,38.20995,41.01219,38.0526,37.12142,37.05401,39.05125,36.05551,36.01389,31.01612,31.40064,31.14482,32.24903,31.04835,27.89265,26.24881,26.0,24.18677,21.0238,23.32381,20.24846,20.51828,17.69181,18.02776,17.49286,15.81139,13.0384,14.56022,13.92839,16.12452,13.0,12.0,58.89822,50.32892,52.49762,53.00943,49.64877,52.15362,52.47857,57.68882,60.03332,56.4358,58.18075,60.82763,65.76473,65.30697,64.49806,63.15853,68.02941,67.08204,66.18912,66.21178,64.84597,70.68239,64.41273,67.08204,68.942,72.01389,70.66116,68.88396,68.47627,70.83078,65.0,69.97142,67.1193,67.6757,67.20119,69.63476,65.80274,66.61081,69.02898,66.70832,68.68042,64.44377,65.76473,67.94115,63.70243,69.42622,67.47592,62.00806,64.66065,61.84658,63.60031,65.0,62.20129,59.36329,61.29437,59.36329,56.60389
10.0,10.0,10.0,9.21954,9.21954,9.21954,8.48528,8.48528,8.48528,8.48528,8.60233,8.60233,8.60233,8.60233,7.81025,8.60233,7.81025,7.81025,8.06226,8.60233,7.81025,7.81025,7.81025,7.2111,7.81025,7.2111,6.40312,7.07107,7.07107,7.07107,6.40312,6.40312,6.40312,6.40312,5.83095,5.83095,5.83095,5.38516,4.47214,4.47214,4.12311,4.12311,4.12311,4.12311,3.0,3.0,3.0,3.0,3.0,3.0,2.23607,2.23607,54.91812,53.15073,53.45091,51.26402,49.64877,48.10405,47.16991,51.07837,46.09772,44.28318,44.77723,44.94441,43.04649,45.48626,42.72002,44.40721,45.22168,42.2019,42.80187,38.94868,42.44997,38.8973,43.18565,38.8973,41.10961,41.10961,39.82462,39.69887,40.80441,36.23534,38.41875,36.87818,36.61967,38.41875,32.20248,31.76476,31.62278,32.64966,32.20248,30.41381,29.15476,28.63564,26.4764,24.08319,25.07987,19.0263,18.0,19.0263,19.0,15.23155,15.81139,15.23155,14.56022,14.42221,14.21267,11.31371,12.80625,47.53946,50.59644,48.38388,51.62364,49.0408,54.23099,52.39275,53.7122,57.69749,55.00909,58.83026,61.91123,62.76942,62.96825,65.0,61.29437,66.37017,63.28507,67.60178,64.49806,64.49806,69.35416,66.24198,68.09552,69.33974,67.60178,68.47627,66.64833,63.50591,70.21396,63.97656,70.26379,67.41662,65.78754,67.06713,66.40783,64.84597,65.45991,65.80274,67.18631,66.4906,63.78871,64.93843,66.61081,64.49806,64.0,64.12488,65.03076,66.0303,65.12296,62.07254,64.07027,63.0,55.03635,59.00847,59.03389,61.0
8.544,8.24621,8.24621,8.24621,8.24621,8.06226,8.06226,7.07107,7.07107,7.0,7.07107,7.0,7.0,7.0,7.0,7.0,7.0,7.0,6.08276,7.07107,6.0,7.07107,6.0,6.0,6.0,6.0,6.0,6.0,6.0,6.08276,5.09902,5.09902,5.09902,5.09902,4.47214,4.47214,5.0,3.60555,4.24264,3.60555,4.24264,3.60555,3.60555,3.16228,3.16228,3.16228,3.16228,3.0,3.0,3.0,3.0,3.16228,52.81098,50.0,53.36666,49.47727,49.47727,49.49747,43.73786,46.04346,46.09772,46.09772,45.04442,43.01163,43.04649,41.04875,42.0119,38.47077,44.55334,42.29657,43.41659,39.31921,43.56604,37.65634,37.48333,38.63936,38.47077,38.47077,35.35534,38.63936,36.22154,37.48333,38.20995,38.0526,33.01515,35.0571,31.01612,33.01515,34.05877,29.42788,29.42788,28.4605,26.57066,25.07987,24.69818,23.25941,24.18677,21.40093,21.93171,19.41649,17.80449,17.80449,17.49286,15.23155,13.92839,13.92839,14.31782,12.04159,13.0384,48.8774,51.85557,49.20366,53.8145,51.73973,54.48853,53.07542,57.28001,56.58622,57.31492,58.79626,60.87693,65.06919,63.89053,67.35726,64.03124,66.21933,64.81512,69.02898,66.21933,67.35726,67.20119,65.60488,68.41053,68.41053,69.52697,68.24954,69.52697,66.06815,69.42622,65.11528,69.35416,70.76722,68.593,68.593,66.46804,66.52819,64.53681,67.62396,67.80118,69.6563,66.85058,69.33974,64.63745,67.95587,64.14047,64.14047,66.24198,66.7308,60.41523,62.6099,61.7414,64.40497,59.5063,60.16644,64.07808,57.77543
8.94427,8.06226,8.06226,8.06226,8.06226,7.2111,7.81025,7.81025,7.81025,7.81025,7.81025,7.81025,7.07107,7.07107,7.07107,7.81025,7.81025,7.07107,6.40312,7.2111,6.40312,6.40312,7.07107,6.40312,6.40312,6.40312,6.40312,6.40312,5.65685,6.40312,5.0,5.0,5.0,5.0,4.47214,4.47214,4.47214,4.12311,3.16228,3.16228,3.16228,3.16228,3.0,2.0,2.0,2.0,2.0,2.23607,1.41421,1.41421,1.41421,1.41421,50.28916,55.36244,49.98,45.61798,52.3259,46.14109,50.60632,43.01163,45.22168,44.94441,45.48626,45.80393,44.40721,45.25483,44.82187,41.72529,43.13931,41.7732,40.45986,43.41659,39.82462,42.44997,38.28838,41.40048,39.20459,37.80212,38.94868,38.60052,36.23534,41.86884,36.79674,38.20995,35.35534,33.94113,36.76955,33.24154,32.01562,32.20248,28.84441,31.06445,26.92582,29.52965,25.63201,23.08679,22.13594,26.07681,20.09975,19.0,15.0,18.24829,15.52417,13.60147,15.13275,13.89244,13.0384,12.52996,12.04159,48.05206,48.27007,51.92302,50.28916,55.36244,53.48832,55.71355,56.85948,57.77543,60.53924,60.53924,63.06346,63.56099,64.40497,65.29931,67.53518,62.16912,70.21396,66.21178,67.97794,66.18912,69.35416,69.77822,65.39113,66.64083,66.64083,68.54196,65.0,70.77429,66.7308,69.28925,61.35145,66.76077,66.94027,65.52099,67.18631,69.42622,65.30697,66.28725,65.76473,64.93843,69.26038,63.3877,69.26038,64.07027,64.03124,65.00769,62.0,64.12488,67.26812,66.06815,62.20129,56.56854,60.82763,61.18823,58.24946,60.01666
9.21954,9.21954,9.21954,8.48528,8.48528,8.48528,8.48528,7.81025,7.81025,7.81025,7.81025,8.60233,8.06226,7.2111,7.2111,8.06226,8.06226,7.2111,6.7082,7.61577,7.61577,6.7082,7.61577,6.7082,6.7082,6.7082,6.7082,6.40312,6.40312,6.40312,6.40312,6.40312,5.0,5.65685,5.65685,5.0,5.0,3.60555,3.60555,3.60555,3.60555,3.16228,3.16228,3.16228,3.16228,2.0,2.0,2.0,2.0,1.0,2.0,1.41421,52.39275,53.31041,52.83938,48.75449,44.77723,48.82622,45.80393,47.01064,42.63801,46.2277,45.45327,44.55334,46.01087,41.7732,41.10961,45.45327,40.36087,42.80187,41.6173,40.0,42.43819,40.49691,41.34005,37.73592,35.0,38.01316,38.58756,38.27532,36.35932,37.01351,36.61967,41.40048,33.83785,36.12478,36.23534,32.55764,30.41381,30.41381,29.83287,29.15476,25.80698,26.40076,25.05993,22.82542,20.88061,22.80351,21.2132,16.12452,18.02776,18.43909,17.11724,15.0333,15.52417,10.77033,13.92839,13.0384,12.80625,48.25971,49.49747,48.50773,52.95281,50.80354,53.15073,54.12024,57.00877,58.5235,55.7853,60.72891,60.40695,63.60031,64.19502,67.35726,63.32456,67.6757,63.15853,69.07966,68.70953,68.62215,71.16881,64.62198,67.6757,67.06713,67.35726,64.56005,68.00735,66.94027,68.65858,63.32456,68.44706,66.4906,68.24954,67.89698,66.48308,65.37584,65.27634,65.27634,66.0303,66.0303,63.03174,67.1193,64.07027,69.26038,67.74216,64.28063,65.49046,63.63961,61.66036,62.36986,62.8172,65.73431,57.87055,56.61272,61.03278,57.58472
8.0,9.0,8.0,8.0,8.0,8.06226,8.06226,8.06226,7.07107,7.28011,7.28011,7.28011,7.28011,7.28011,7.28011,7.61577,7.61577,6.32456,7.61577,6.7082,6.32456,6.32456,6.7082,6.7082,6.32456,6.7082,6.32456,6.08276,6.08276,5.09902,6.08276,5.09902,5.0,5.0,4.0,4.0,4.0,4.12311,3.16228,3.16228,3.16228,3.16228,2.23607,2.23607,2.82843,1.41421,2.23607,2.23607,2.23607,2.0,2.0,1.0,55.36244,50.9902,51.5461,46.8188,49.47727,48.27007,44.38468,45.12206,42.75512,44.28318,44.04543,42.0119,46.09772,40.0125,43.0,45.09989,43.10452,43.18565,42.29657,40.0125,42.29657,40.31129,38.63936,42.0119,37.33631,38.11824,36.67424,36.34556,34.1321,38.20995,38.32754,39.05125,33.0,34.05877,33.13608,30.26549,31.40064,29.12044,28.86174,31.40064,26.68333,24.16609,22.36068,23.02173,21.9545,23.43075,19.84943,19.84943,15.6205,18.60108,15.81139,12.08305,15.65248,13.0384,10.19804,10.19804,11.04536,48.79549,51.66237,48.27007,51.85557,54.03702,52.63079,53.82379,51.0392,60.74537,57.98276,58.24946,61.58734,65.73431,69.97142,68.26419,63.06346,67.97794,63.95311,65.0,67.97794,68.0,72.44998,68.09552,67.74216,69.35416,71.02112,70.3278,72.94518,68.0,67.60178,67.23095,70.21396,67.6757,69.2026,68.24954,68.24954,65.06919,68.68042,70.17834,71.42129,69.31089,64.38167,68.593,67.20863,65.8559,60.959,65.29931,63.82006,61.40033,61.07373,60.80296,65.0,66.28725,56.30275,54.08327,60.53924,55.47071
9.0,8.06226,8.06226,8.06226,8.06226,8.06226,7.28011,7.28011,7.28011,7.28011,7.28011,7.28011,7.61577,7.61577,6.7082,6.7082,6.7082,6.7082,6.7082,6.7082,6.7082,6.7082,6.7082,6.7082,6.7082,6.7082,6.32456,6.32456,5.38516,5.09902,6.32456,5.09902,5.09902,5.09902,5.0,4.0,4.12311,4.12311,4.12311,4.12311,3.60555,3.60555,3.60555,2.82843,2.82843,2.82843,2.82843,2.23607,2.23607,3.16228,3.16228,3.0,54.08327,50.01,55.22681,51.0,49.16299,49.25444,42.57934,48.50773,43.17407,47.07441,44.92215,41.78516,45.12206,40.8534,40.31129,40.71855,41.14608,41.67733,44.77723,39.39543,40.24922,38.47077,39.96248,40.70626,39.35734,38.01316,34.48188,36.24914,38.94868,37.21559,34.66987,37.69615,37.12142,32.31099,30.67572,35.4683,34.52535,29.42788,31.40064,29.15476,24.0,23.0,25.01999,25.07987,23.19483,18.02776,19.69772,21.93171,18.35756,18.02776,18.43909,16.27882,14.21267,15.26434,14.14214,14.86607,11.7047,48.46648,51.47815,50.9902,51.88449,51.47815,56.93856,54.91812,59.36329,65.0,55.22681,58.24946,61.29437,66.28725,67.1193,69.2026,63.41136,71.8401,63.25346,68.60029,68.11755,67.35726,71.50524,66.06815,69.63476,68.88396,72.62231,70.60453,72.00694,67.6757,73.00685,67.6757,73.24616,68.8186,71.02112,69.11584,72.20111,65.29931,65.74192,67.97794,71.17584,69.857,67.06713,69.857,66.48308,67.06713,64.51356,67.35726,66.40783,66.94027,58.82176,62.0967,65.51336,64.77654,56.88585,61.98387,61.52235,59.3043
10.04988,9.21954,9.21954,9.21954,9.21954,9.21954,8.544,8.544,8.544,8.544,8.544,8.544,8.94427,8.544,8.06226,8.06226,8.06226,7.61577,8.06226,8.06226,8.06226,8.06226,7.61577,8.06226,8.06226,7.61577,7.61577,7.61577,7.61577,6.32456,6.32456,6.32456,6.32456,6.32456,6.08276,5.09902,5.0,5.0,5.0,5.0,4.12311,4.12311,4.12311,3.16228,3.16228,3.60555,3.16228,2.23607,2.23607,2.23607,2.23607,2.23607,55.14526,53.00943,53.15073,49.0102,48.01042,48.16638,48.16638,47.51842,47.85394,42.42641,43.93177,42.44997,46.09772,46.57252,43.9659,43.32436,44.94441,41.23106,41.23106,40.49691,41.23106,38.48376,39.35734,44.38468,39.92493,40.31129,35.8469,37.16181,39.92493,36.24914,36.05551,34.9285,35.73514,37.64306,34.48188,33.52611,35.51056,32.55764,30.41381,27.01851,26.01922,27.01851,29.27456,26.4764,24.04163,19.69772,21.18962,22.84732,17.0,16.97056,14.86607,15.55635,14.14214,11.31371,14.21267,11.7047,11.18034,47.85394,47.50789,49.24429,49.39636,52.15362,52.80152,53.60037,55.0,57.62812,56.72742,58.25805,61.6198,65.29931,63.12686,63.70243,62.93648,65.79514,65.76473,67.89698,65.76473,67.17887,68.593,68.593,68.62215,69.31089,70.03571,70.03571,67.94115,68.68042,66.70832,66.21933,67.62396,66.4003,67.20119,66.61081,67.42403,65.45991,67.1193,66.7308,69.11584,69.35416,65.74192,64.88451,66.70832,64.88451,59.9333,62.76942,61.68468,62.93648,64.2573,59.77458,61.40033,59.48109,57.24509,54.81788,59.20304,58.85576
8.544,9.48683,8.94427,8.94427,8.94427,8.94427,8.06226,8.06226,8.06226,8.06226,8.06226,7.81025,7.81025,7.81025,7.81025,7.81025,7.81025,7.07107,7.81025,7.81025,7.07107,7.07107,7.07107,7.07107,7.07107,7.07107,6.40312,6.40312,7.2111,6.40312,6.7082,5.83095,5.83095,5.83095,5.38516,5.38516,5.09902,5.09902,5.09902,4.12311,4.0,4.0,4.0,3.0,3.0,3.0,3.16228,3.16228,2.23607,2.23607,2.23607,2.23607,52.15362,49.25444,54.33231,46.01087,48.0,47.0,45.54119,46.09772,45.39824,44.72136,42.75512,44.92215,44.64303,42.44997,40.80441,41.78516,42.37924,41.78516,40.8534,37.69615,39.0,39.0,39.44617,40.8534,39.56008,39.92493,35.77709,38.62642,39.35734,36.67424,34.0147,35.1141,35.1141,36.68787,31.01612,33.54102,31.7805,33.13608,31.257,26.1725,28.01785,25.01999,25.17936,27.07397,25.31798,18.97367,21.58703,20.61553,19.72308,16.12452,16.40122,14.21267,13.45362,14.42221,12.80625,13.0,9.05539,47.88528,48.82622,49.64877,50.44799,49.0408,52.80152,51.08816,51.66237,56.63921,56.63921,58.69412,60.82763,62.2254,64.38167,63.70243,62.24147,64.53681,63.12686,66.52819,65.19202,64.38167,67.26812,66.6033,65.8559,67.35726,64.3506,66.48308,67.88225,64.3506,66.46804,63.65532,65.79514,65.43699,66.06815,67.00746,65.0,64.63745,66.0303,66.57327,63.81222,66.37017,64.41273,63.95311,63.52952,63.50591,61.7171,61.7171,59.13544,62.29767,58.87274,61.68468,58.24088,59.13544,56.04463,56.75385,56.51548,54.91812
9.43398,9.43398,9.43398,8.60233,9.43398,8.60233,8.60233,9.21954,8.48528,8.48528,7.81025,8.48528,8.48528,7.81025,7.81025,7.81025,7.81025,7.81025,7.81025,7.81025,7.81025,7.81025,7.07107,7.81025,7.07107,7.07107,7.07107,7.07107,7.07107,6.40312,6.40312,6.40312,6.40312,5.83095,5.83095,5.83095,5.38516,4.47214,5.09902,4.12311,4.12311,4.12311,4.12311,3.0,3.0,3.0,3.0,3.0,3.16228,3.16228,2.23607,1.41421,53.60037,52.7731,53.85165,47.75982,46.48656,46.48656,45.54119,47.92703,44.77723,43.41659,42.94182,43.41659,44.41846,43.04649,43.04649,42.72002,42.43819,39.44617,39.40812,37.64306,43.41659,40.45986,40.45986,39.20459,36.23534,39.20459,37.01351,39.82462,39.20459,37.53665,37.64306,36.40055,36.89173,33.28663,32.01562,33.54102,30.88689,31.30495,29.54657,28.79236,26.92582,24.73863,23.76973,24.02082,25.0,22.0,21.2132,20.09975,18.24829,14.86607,14.31782,14.86607,15.81139,16.27882,14.86607,10.63015,10.81665,47.38143,48.50773,48.27007,47.07441,51.41984,53.14132,54.40588,55.36244,56.30275,55.02727,59.23681,58.30952,63.32456,63.32456,60.41523,65.30697,65.29931,63.56099,64.4748,68.02941,65.79514,66.18912,68.44706,66.64833,65.29931,67.1193,65.79514,66.21178,67.1193,66.12866,65.78754,65.19202,65.45991,65.45991,66.21933,63.60031,66.76077,65.51336,62.58594,65.51336,64.93843,62.80127,62.80127,62.39391,65.27634,60.03332,60.20797,60.07495,62.03225,62.20129,59.03389,58.0,60.00833,54.14795,57.00877,58.13777,55.7315
9.48683,9.48683,8.544,8.544,9.48683,8.24621,9.21954,7.61577,8.06226,8.06226,8.06226,8.06226,8.06226,8.06226,8.06226,8.06226,8.0,8.0,7.0,7.0,7.07107,7.07107,7.0,7.0,7.0,7.0,7.07107,7.07107,7.07107,6.08276,6.32456,6.32456,6.32456,5.38516,5.38516,5.38516,5.38516,5.0,5.0,5.0,4.24264,4.24264,4.24264,3.60555,3.60555,3.60555,3.16228,3.16228,3.16228,3.16228,3.16228,3.0,55.56978,50.9902,53.22593,54.12024,48.33218,46.23851,47.53946,49.98,43.41659,45.88028,47.12749,59.00847,47.07441,43.93177,45.09989,41.4367,44.10215,39.20459,42.19005,41.0,44.04543,40.31129,40.0,38.01316,37.33631,41.01219,38.01316,38.0,38.01316,38.01316,37.01351,39.31921,36.22154,36.34556,34.48188,30.67572,31.7805,31.95309,31.7805,28.23119,27.85678,26.92582,24.41311,21.47091,23.43075,25.4951,22.80351,18.60108,17.20465,17.88854,17.88854,15.65248,13.15295,15.0333,13.0,13.0,13.0384,49.51767,51.66237,50.9902,54.81788,53.82379,56.61272,55.75841,57.3062,59.36329,60.53924,61.91123,62.26556,64.14047,65.36819,68.02941,65.74192,70.21396,66.85058,67.54258,68.15424,67.23095,68.54196,69.64194,69.35416,71.11259,68.0,67.97794,69.31811,68.0,72.94518,66.24198,68.88396,67.53518,66.64833,70.23532,69.63476,68.00735,70.29225,67.80118,65.8559,66.61081,65.8559,68.0147,64.44377,65.8559,61.52235,61.7171,62.96825,60.81118,61.6198,61.07373,61.85467,59.66574,55.0,59.90826,59.40539,59.64059
9.05539,8.06226,8.0,8.0,8.0,8.0,8.06226,8.06226,8.06226,7.07107,7.07107,7.28011,7.07107,7.28011,7.07107,7.28011,7.28011,7.28011,6.32456,6.32456,6.32456,7.28011,6.32456,6.32456,6.32456,6.32456,6.32456,6.08276,6.08276,6.08276,5.09902,5.0,5.0,5.0,5.0,5.0,4.12311,4.12311,3.16228,3.16228,3.16228,2.23607,2.82843,2.23607,2.23607,2.23607,2.23607,2.23607,2.0,2.0,1.0,1.0,50.32892,51.5461,51.1957,48.83646,50.24938,49.81967,42.29657,47.26521,43.18565,49.0,44.01136,45.01111,46.01087,41.01219,40.04997,43.41659,42.57934,42.42641,42.42641,40.4475,40.02499,38.07887,37.10795,35.90265,38.32754,40.26164,37.36308,37.85499,36.67424,36.13862,34.52535,37.12142,35.35534,35.90265,32.14032,31.0,31.06445,31.0,30.01666,27.16616,27.07397,26.4764,26.57066,23.08679,22.13594,18.78829,21.9545,16.97056,17.20465,15.6205,14.21267,16.12452,13.41641,13.92839,13.41641,12.64911,10.44031,49.57822,52.49762,51.85557,53.60037,50.0,58.24946,57.14018,57.68882,60.74537,58.5235,60.03332,65.51336,66.24198,65.51336,68.60029,64.84597,71.11259,65.29931,71.55418,65.29931,68.0,70.66116,67.54258,69.77105,70.71068,68.96376,69.35416,72.94518,68.96376,74.09453,67.74216,74.33034,67.20119,67.62396,73.23933,69.52697,68.24954,68.88396,68.11755,69.35416,73.59348,65.76473,67.94115,65.94695,68.88396,67.35726,63.60031,60.60528,62.80127,60.60528,63.00794,61.40033,60.03332,56.0803,63.63175,60.53924,59.48109
9.05539,9.0,9.0,9.0,9.0,9.0,9.05539,8.06226,8.06226,8.06226,8.06226,8.06226,8.24621,8.24621,8.24621,7.28011,8.24621,7.28011,7.28011,7.28011,7.28011,7.28011,7.28011,7.28011,7.28011,7.28011,7.07107,7.07107,7.07107,6.08276,6.08276,6.08276,6.0,6.0,6.08276,5.09902,5.09902,5.09902,4.12311,4.12311,3.60555,3.60555,3.16228,3.60555,2.82843,2.82843,2.82843,2.23607,2.82843,2.23607,2.23607,2.23607,51.89412,49.39636,49.64877,48.50773,50.28916,46.57252,50.44799,51.1957,43.73786,47.85394,42.19005,43.01163,45.17743,45.27693,42.19005,44.04543,44.01136,42.0119,42.0119,44.10215,43.10452,38.11824,44.18144,38.11824,38.20995,41.19466,36.12478,41.10961,37.33631,38.0,34.05877,34.1321,35.01428,36.05551,34.05877,32.38827,33.13608,33.24154,30.59412,29.41088,26.92582,25.07987,26.24881,24.59675,25.55386,20.80865,22.67157,20.0,17.80449,15.0,16.40122,16.55295,16.12452,14.56022,10.29563,12.16553,10.04988,45.27693,50.32892,47.80167,53.60037,52.43091,55.47071,54.3783,58.5235,55.47071,57.45433,60.90156,62.6099,65.74192,64.41273,66.24198,64.88451,68.8767,65.74192,69.31811,68.8767,65.74192,70.68239,66.48308,66.85058,67.62396,68.15424,68.02941,68.42514,64.40497,69.31811,65.36819,68.60029,67.1193,68.24222,63.82006,69.89278,66.0303,67.1193,67.42403,67.00746,68.88396,63.78087,65.8559,65.79514,63.65532,67.20863,62.93648,62.80127,63.41136,60.44005,59.66574,61.22091,59.20304,54.08327,57.68882,55.22681,56.79789
9.84886,9.48683,9.48683,9.48683,9.48683,9.21954,9.21954,8.24621,8.24621,8.24621,8.24621,8.24621,8.06226,8.06226,8.06226,8.06226,8.0,8.0,8.0,8.0,8.06226,7.0,7.07107,7.07107,7.07107,7.07107,7.07107,7.07107,7.07107,7.07107,6.32456,6.32456,6.32456,6.32456,5.38516,5.38516,5.38516,5.0,5.0,4.24264,5.0,4.24264,4.24264,4.24264,3.60555,3.60555,3.60555,3.16228,3.16228,3.16228,2.0,2.0,51.0392,49.39636,50.53712,51.42956,49.24429,48.8467,45.88028,45.54119,44.59821,48.27007,44.64303,44.72136,43.68066,42.44997,41.59327,42.42641,42.42641,39.20459,39.31921,39.11521,41.04875,37.01351,37.12142,38.01316,34.05877,35.22783,36.01389,36.0,35.0571,36.01389,36.12478,35.22783,35.35534,35.22783,34.23449,31.32092,31.62278,30.67572,26.92582,26.0,25.4951,26.40076,24.69818,21.40093,20.51828,21.26029,23.60085,16.40122,19.84943,17.80449,14.76482,16.12452,13.60147,12.36932,12.16553,13.60147,12.0,46.87217,50.24938,48.37355,53.23533,51.47815,53.31041,54.70832,55.71355,56.61272,55.65968,62.62587,58.5235,63.32456,66.40783,65.52099,61.61169,70.0928,63.78871,68.30813,67.68309,64.28841,68.06614,67.68309,67.44627,68.68042,68.30813,64.56005,67.72001,67.72001,68.00735,64.51356,68.30813,66.48308,63.69458,67.23095,64.88451,65.74192,68.0,65.36819,64.66065,67.23095,59.07622,66.88797,62.80127,64.40497,60.21628,62.20129,59.03389,58.79626,55.97321,60.1415,59.46427,56.72742,55.9017,53.15073,59.5483,56.40035
9.21954,9.21954,9.21954,9.21954,8.60233,8.60233,8.60233,8.06226,8.06226,8.06226,8.06226,8.06226,7.61577,8.06226,8.06226,7.61577,7.61577,7.61577,7.61577,7.61577,7.61577,7.61577,7.61577,7.61577,6.7082,6.7082,6.7082,6.7082,6.7082,5.83095,6.40312,6.40312,6.40312,5.65685,5.65685,5.65685,5.0,5.0,5.0,5.0,4.47214,3.60555,4.12311,3.16228,3.16228,3.16228,3.0,3.0,3.0,3.0,2.0,2.0,50.53712,52.47857,51.62364,50.60632,48.25971,45.48626,47.20169,45.45327,44.68781,43.18565,45.96738,44.68781,45.45327,41.03657,42.44997,41.86884,40.60788,39.82462,40.0,42.72002,39.66106,39.11521,34.98571,39.44617,37.44329,37.73592,37.73592,37.21559,37.20215,36.89173,37.44329,32.80244,34.71311,36.87818,31.241,32.52691,30.61046,30.41381,31.62278,25.80698,27.80288,25.05993,24.59675,22.47221,22.84732,22.80351,19.92486,20.39608,16.0,16.0,13.0384,13.15295,16.0,12.36932,13.89244,11.18034,11.6619,48.37355,46.52956,51.15662,51.0392,51.0098,51.0,54.00926,54.14795,58.13777,57.42822,58.42089,60.53098,60.40695,63.78871,64.49806,64.93843,65.76473,67.68309,63.95311,66.09841,67.74216,69.05071,67.26812,66.70832,68.06614,67.89698,66.28725,68.88396,68.593,69.46222,67.60178,66.37017,66.37017,66.18912,67.02984,67.02984,65.00769,66.06815,65.03076,65.03076,65.12296,65.37584,64.28063,66.27217,58.46366,60.63827,61.39218,60.16644,58.69412,59.90826,60.87693,57.56735,55.36244,58.5235,57.97413,54.23099,59.61543
9.84886,9.84886,8.94427,8.94427,9.84886,8.544,8.544,8.24621,8.24621,8.24621,8.24621,8.24621,8.24621,8.24621,8.24621,8.06226,8.06226,8.06226,7.07107,7.07107,8.06226,7.07107,7.07107,7.07107,7.07107,7.07107,7.07107,7.28011,6.32456,6.32456,6.32456,6.32456,6.7082,5.83095,5.83095,5.83095,5.83095,5.0,5.0,5.0,4.24264,4.24264,4.24264,3.60555,3.60555,3.60555,3.16228,3.16228,3.16228,3.0,3.0,2.0,50.32892,50.80354,47.70744,45.48626,48.54894,46.14109,46.32494,44.41846,43.909,45.18849,46.09772,44.77723,43.38202,42.15448,43.41659,41.76123,43.68066,41.97618,37.94733,41.0,41.23106,40.02499,37.85499,39.29377,37.10795,37.94733,35.90265,37.10795,35.69314,34.23449,37.48333,33.73426,35.44009,33.52611,31.7805,29.54657,34.1321,31.06445,28.01785,29.41088,27.78489,24.75884,26.1725,23.34524,22.80351,23.60085,21.63331,18.97367,18.78829,18.97367,16.49242,15.13275,15.0333,14.0,14.14214,10.04988,10.04988,48.01042,47.70744,50.11986,50.15974,52.80152,52.39275,55.02727,55.36244,60.72891,58.18935,57.38467,59.46427,61.68468,67.41662,61.40033,65.51336,66.70832,65.0,65.30697,64.13267,68.24954,69.58448,69.12308,67.44627,69.63476,67.18631,67.18631,68.15424,68.88396,67.44627,67.72001,63.06346,66.94027,64.19502,67.44627,65.80274,65.39113,65.30697,64.84597,66.64833,62.64982,63.06346,63.13478,63.63175,61.29437,66.03787,61.05735,61.85467,62.1289,59.64059,58.89822,61.07373,58.89822,53.8145,57.28001,54.48853,57.28001
8.544,8.544,8.24621,8.544,8.544,8.24621,8.24621,8.06226,8.24621,8.06226,8.06226,8.06226,8.06226,8.06226,7.07107,8.0,7.0,8.0,7.0,7.0,7.07107,7.0,7.0,7.0,7.07107,7.0,7.0,6.08276,6.08276,6.08276,6.32456,6.32456,5.38516,5.38516,5.38516,5.38516,4.47214,5.0,5.0,5.0,3.60555,4.24264,4.24264,3.60555,3.60555,3.60555,3.60555,3.16228,3.16228,3.16228,2.23607,2.0,49.81967,50.80354,51.31277,48.02083,49.24429,44.29447,45.18849,44.29447,44.77723,42.95346,46.8188,44.64303,43.68066,42.72002,42.2019,41.23106,41.0,39.81206,37.85499,40.4475,41.4367,40.4475,38.20995,40.1995,37.21559,38.32754,38.32754,37.65634,34.36568,38.32754,34.36568,33.24154,35.17101,36.87818,35.17101,33.24154,28.4605,29.15476,30.46309,30.08322,27.78489,27.45906,25.6125,21.93171,23.34524,19.10497,20.0,21.09502,17.0,16.15549,13.89244,14.31782,13.15295,12.16553,11.04536,13.34166,12.16553,47.16991,47.16991,48.76474,53.22593,51.89412,49.65884,54.626,55.54278,58.5235,57.93962,59.48109,60.08328,63.89053,64.56005,65.0,65.0,66.21933,65.96969,64.28841,67.44627,68.94926,69.12308,68.68042,71.19691,68.65858,68.00735,67.68309,68.68042,69.12308,67.44627,65.52099,67.35726,66.12866,66.12866,66.70832,65.79514,66.21178,66.30988,63.50591,66.24198,63.52952,62.26556,64.00781,66.37017,60.21628,65.19202,61.7171,59.5483,60.959,60.959,57.00877,61.84658,56.56854,53.75872,57.28001,55.22681,56.58622
7.28011,7.61577,7.61577,7.61577,7.61577,6.7082,6.7082,6.7082,6.7082,7.2111,6.7082,6.40312,6.40312,6.40312,6.40312,6.40312,6.40312,6.40312,5.65685,6.40312,6.40312,6.40312,5.0,5.65685,5.0,5.0,5.0,5.0,5.83095,4.47214,4.47214,4.47214,4.47214,4.12311,4.12311,4.12311,4.0,4.0,3.0,3.0,3.0,3.16228,3.16228,2.23607,2.23607,2.82843,2.82843,2.82843,2.23607,2.23607,2.23607,2.23607,54.74486,51.41984,50.0,48.08326,47.12749,47.01064,47.43416,49.39636,45.31004,45.65085,47.50789,44.77723,43.82921,42.54409,40.31129,43.82921,42.19005,42.2019,41.04875,41.23106,40.60788,37.64306,41.03657,36.79674,39.69887,40.0,35.38361,36.87818,40.45986,35.60899,35.22783,33.83785,30.80584,35.35534,33.28663,34.0,31.95309,29.15476,29.73214,28.4605,26.24881,25.17936,24.08319,25.07987,24.02082,21.2132,21.37756,18.11077,17.26268,13.41641,13.92839,14.42221,15.26434,15.0,12.72792,13.45362,12.08305,50.15974,49.36598,53.15073,57.27128,55.31727,57.28001,58.69412,58.82176,62.64184,58.87274,63.32456,65.0,66.48308,68.54196,68.54196,70.00714,69.77822,72.01389,70.77429,68.88396,72.44998,72.01389,71.11259,71.58911,72.00694,73.40981,71.11259,72.44998,69.46222,71.86793,69.46222,69.07966,68.00735,66.7308,69.89278,71.16881,66.40783,66.48308,67.05222,68.88396,68.65858,67.08204,65.11528,66.37017,62.28965,64.07027,67.26812,64.07027,64.28063,62.00806,62.1289,61.03278,61.0082,57.03508,58.03447,58.00862,59.3043
9.21954,8.60233,8.60233,8.60233,8.06226,8.60233,8.06226,8.06226,8.06226,7.61577,7.61577,7.61577,7.61577,7.61577,7.28011,7.61577,7.28011,7.61577,6.32456,7.28011,6.32456,6.32456,7.28011,6.32456,6.32456,6.32456,6.32456,6.7082,6.7082,5.83095,5.83095,5.83095,5.83095,5.0,5.0,4.24264,4.24264,4.24264,3.60555,3.60555,3.60555,3.16228,3.16228,3.16228,2.23607,2.0,2.0,2.0,2.0,2.0,1.0,1.0,53.00943,52.20153,49.67897,48.10405,50.32892,46.66905,45.25483,41.72529,44.68781,43.27817,43.27817,45.0,42.80187,40.22437,43.82921,41.34005,41.34005,42.54409,38.01316,39.44617,39.35734,37.21559,39.35734,37.12142,35.35534,37.12142,36.71512,36.23534,34.98571,33.61547,35.51056,35.0,34.98571,33.28663,32.80244,31.40064,30.4795,29.73214,25.45584,27.20294,27.80288,23.70654,25.4951,24.18677,21.93171,23.25941,20.88061,18.43909,16.12452,18.02776,14.03567,15.0333,13.0,10.04988,10.77033,13.60147,8.60233,48.10405,46.48656,48.38388,51.66237,52.63079,53.15073,54.12947,55.57877,57.55867,58.54912,60.29925,61.66036,62.28965,65.19202,65.06919,66.0303,67.00746,68.00735,67.1193,68.00735,69.02898,71.00704,70.00714,67.0,68.00735,70.00714,67.00746,69.02898,67.02984,68.11755,66.18912,66.27217,65.19202,67.60178,65.76473,68.46897,64.49806,66.09841,62.16912,64.32729,62.36986,66.21933,65.0,62.36185,62.0967,62.03225,61.46544,62.96825,64.62198,60.92618,60.00833,59.61543,59.5063,55.9464,55.4617,56.4358,57.14018
9.21954,9.21954,8.60233,8.60233,8.60233,8.60233,8.06226,8.06226,8.06226,8.06226,8.06226,8.06226,7.61577,7.61577,7.61577,8.544,7.61577,7.61577,7.28011,7.28011,7.61577,7.28011,7.61577,7.28011,6.7082,6.7082,6.7082,6.7082,5.83095,5.83095,5.83095,5.83095,5.83095,5.0,5.0,5.65685,5.0,4.24264,3.60555,3.60555,3.60555,3.16228,3.16228,3.16228,3.16228,2.0,2.0,2.0,2.0,2.0,2.0,1.41421,48.9183,48.9183,46.66905,48.16638,48.79549,45.96738,47.42362,45.60702,44.40721,45.45327,43.60046,42.72002,44.40721,41.67733,43.56604,39.44617,41.67733,39.82462,40.31129,42.04759,39.39543,36.67424,37.69615,38.07887,39.0,38.94868,37.12142,39.92493,38.07887,35.34119,37.21559,34.98571,34.1321,33.28663,32.24903,30.0,31.90611,27.65863,26.87006,28.28427,23.60085,25.23886,24.04163,20.80865,21.47091,24.69818,18.97367,17.88854,15.81139,16.03122,16.0,15.13275,13.0384,12.16553,10.19804,10.77033,11.6619,47.53946,46.8188,49.72927,48.05206,53.36666,51.47815,52.7731,55.57877,58.69412,58.42089,59.4138,61.40033,62.514,61.52235,63.1981,67.00746,65.0,64.00781,66.00758,65.00769,66.0,68.00735,67.0,70.0,72.0,71.00704,67.06713,67.02984,70.11419,67.00746,66.0303,66.27217,67.47592,65.37584,67.47592,65.37584,63.95311,66.4906,64.7611,63.78871,63.78871,66.21933,64.19502,66.09841,57.97413,63.56886,62.96825,61.84658,61.09828,60.41523,60.41523,59.05929,55.47071,57.70615,55.22681,55.21775,55.22681
8.544,8.544,8.544,8.544,8.544,7.61577,8.06226,8.06226,8.06226,8.06226,8.06226,8.06226,7.2111,7.2111,7.2111,7.81025,7.81025,7.81025,7.81025,6.40312,6.40312,7.07107,6.40312,6.40312,6.40312,6.40312,6.40312,6.40312,5.83095,5.83095,5.83095,5.38516,5.38516,5.38516,5.38516,5.09902,4.12311,4.12311,4.0,3.0,3.0,3.0,3.0,3.16228,2.23607,2.23607,2.23607,2.23607,1.41421,1.41421,1.41421,1.41421,51.78803,55.7315,46.87217,49.24429,53.15073,42.75512,48.08326,43.65776,45.22168,43.08132,47.16991,45.61798,43.41659,43.41659,43.46263,41.59327,42.19005,39.96248,34.98571,45.0,38.83298,41.88078,37.20215,36.23534,38.01316,39.62323,40.0,40.22437,37.20215,36.05551,38.07887,34.98571,38.94868,31.76476,34.98571,31.38471,28.79236,29.54657,29.15476,28.86174,29.42788,24.18677,25.01999,22.02272,18.0,23.19483,19.64688,18.68154,17.08801,15.81139,15.81139,13.92839,14.42221,14.42221,11.6619,11.18034,12.72792,50.0,47.75982,54.42426,50.69517,56.0803,51.47815,54.12024,55.07268,58.59181,59.68249,62.1289,62.43397,65.19202,63.81222,60.46487,70.17834,61.03278,71.02816,66.61081,66.61081,70.45566,69.89278,72.11103,69.81404,69.2026,70.72482,66.61081,68.26419,70.45566,64.63745,66.37017,67.60178,67.60178,65.76473,69.31811,66.64083,67.62396,67.1193,65.9242,64.07808,61.46544,68.96376,62.64184,67.05222,59.66574,61.18823,61.18823,66.09841,59.68249,63.78871,59.68249,59.21149,55.14526,61.13101,60.03332,56.00893,58.0
9.05539,9.05539,9.0,9.0,9.0,9.0,9.05539,9.05539,9.05539,8.06226,8.06226,8.24621,8.24621,8.24621,8.24621,8.24621,8.24621,8.24621,8.24621,7.28011,7.28011,7.28011,7.28011,7.28011,7.28011,7.28011,7.28011,7.28011,7.07107,7.07107,6.08276,6.08276,6.08276,6.0,5.0,5.09902,5.09902,5.09902,4.12311,4.12311,4.12311,3.60555,3.16228,3.16228,3.60555,2.82843,2.82843,2.82843,2.82843,2.23607,2.23607,1.41421,53.48832,54.78138,49.33559,48.50773,49.72927,46.09772,47.07441,47.51842,46.52956,45.17743,44.10215,42.04759,45.04442,46.01087,43.04649,41.10961,44.10215,40.1995,43.18565,40.0125,42.42641,39.45884,39.45884,38.47077,38.11824,40.11234,38.32754,37.21559,38.47077,37.33631,35.0571,36.05551,35.0571,34.05877,32.0,34.0147,32.06244,32.06244,32.01562,30.08322,26.4764,23.4094,26.92582,25.4951,23.76973,20.0,19.84943,19.41649,17.02939,16.27882,16.64332,13.89244,14.21267,13.41641,13.92839,14.03567,9.05539,45.34314,48.27007,47.20169,51.61395,49.81967,51.10773,51.0,54.20332,57.70615,53.33854,57.70615,61.7171,62.26556,67.97794,64.88451,64.07808,65.9242,62.64982,63.97656,64.4748,67.1193,71.69379,67.62396,67.54258,63.97656,66.21178,67.62396,72.01389,65.76473,67.53518,61.77378,65.76473,61.77378,66.03787,64.14047,66.57327,63.00794,61.22091,64.63745,63.89053,65.94695,60.82763,63.65532,64.3506,62.24147,59.66574,61.84658,59.03389,60.0,59.20304,56.61272,59.07622,59.90826,53.0,52.35456,54.20332,57.69749
9.89949,9.89949,9.89949,9.21954,9.21954,9.21954,9.21954,8.60233,8.60233,8.60233,8.60233,8.60233,8.60233,8.06226,8.06226,8.06226,8.06226,8.06226,8.06226,8.06226,8.06226,8.06226,8.06226,8.06226,8.06226,7.2111,7.2111,7.2111,7.2111,7.2111,6.40312,7.07107,7.07107,6.40312,5.65685,6.40312,5.83095,5.83095,5.38516,4.47214,4.47214,4.12311,4.12311,4.12311,3.16228,3.16228,3.0,3.0,3.0,3.0,2.23607,2.23607,55.17246,51.73973,54.20332,48.01042,49.09175,50.47772,48.01042,51.31277,43.56604,44.28318,46.51881,43.08132,46.61545,43.01163,43.46263,43.9659,44.27189,44.59821,44.92215,43.41659,44.14748,39.81206,43.41659,42.75512,42.44997,38.60052,39.81206,42.72002,39.29377,38.07887,35.90265,38.32754,37.33631,38.62642,36.40055,35.8469,35.77709,31.76476,33.12099,29.52965,28.42534,29.83287,26.87006,26.1725,26.40076,23.34524,22.02272,21.09502,20.12461,16.55295,16.15549,17.46425,15.13275,14.14214,14.14214,13.0384,11.18034,44.92215,48.08326,48.05206,52.17279,49.81967,56.08921,52.46904,55.7315,54.58938,55.22681,58.21512,59.5399,62.514,63.1981,65.19202,62.1289,67.18631,63.03174,70.11419,64.07027,67.06713,67.00746,67.06713,69.18092,70.11419,67.1193,66.18912,69.26038,66.18912,71.34424,64.28063,67.74216,64.77654,66.4906,68.24954,65.11528,63.32456,66.21933,64.03124,65.45991,68.94926,61.09828,61.84658,62.76942,63.15853,63.50591,59.94164,59.90826,60.53924,57.80138,57.68882,59.03389,61.03278,53.60037,58.25805,62.482,54.56189
8.544,8.94427,8.94427,8.94427,8.94427,8.06226,8.06226,8.60233,8.60233,8.60233,8.60233,7.81025,8.60233,8.60233,7.81025,7.81025,7.81025,7.81025,7.81025,7.81025,7.81025,7.81025,7.81025,7.81025,7.81025,7.2111,7.2111,7.2111,7.2111,6.7082,6.7082,6.7082,5.83095,6.7082,5.38516,5.38516,5.09902,5.09902,5.09902,4.12311,4.0,4.0,4.0,3.0,3.16228,3.0,3.16228,3.16228,2.23607,2.23607,2.23607,1.41421,53.75872,52.17279,48.83646,47.80167,46.57252,48.08326,49.76947,50.92151,46.23851,44.77723,46.95743,45.18849,44.29447,44.29447,45.17743,46.04346,44.94441,41.88078,40.49691,41.40048,43.60046,40.49691,45.0,43.18565,40.80441,41.23106,38.60052,40.80441,40.49691,40.0,37.44329,38.27532,39.66106,38.07887,34.48188,35.8469,35.1141,33.24154,32.31099,28.4605,29.42788,26.30589,27.01851,26.01922,25.0,20.0,20.02498,22.36068,16.49242,17.08801,15.65248,12.64911,17.20465,13.60147,10.63015,13.45362,10.0,47.07441,45.60702,52.63079,50.59644,52.20153,50.92151,52.55473,53.7122,56.79789,55.9017,57.70615,59.94164,61.7171,61.7171,61.29437,64.00781,68.47627,66.03787,66.18912,66.24198,67.1193,68.09552,68.09552,69.64194,68.7968,68.09552,65.8635,67.23095,67.60178,67.1193,63.97656,68.42514,67.54258,67.23095,68.54196,64.62198,66.48308,67.41662,63.56886,65.14599,63.89053,64.03124,60.87693,64.53681,58.24946,60.29925,59.5399,62.28965,61.20457,59.3043,61.29437,60.0,57.00877,56.0,59.00847,60.03332,58.03447
8.60233,8.60233,8.60233,8.06226,8.06226,8.06226,8.06226,8.06226,7.61577,7.61577,7.61577,7.61577,7.28011,7.61577,7.28011,7.28011,7.28011,7.28011,7.28011,7.28011,7.28011,7.28011,7.28011,7.28011,7.28011,6.32456,6.32456,6.32456,6.32456,6.7082,5.83095,5.83095,5.83095,5.0,5.0,5.65685,5.0,5.0,5.0,3.60555,4.47214,4.12311,4.12311,4.12311,3.16228,3.0,3.0,3.0,3.0,3.16228,3.16228,2.23607,51.73973,48.60041,51.86521,50.21952,46.61545,49.09175,49.1935,48.76474,42.54409,44.72136,44.77723,46.8188,44.59821,43.9659,44.94441,43.9659,43.41659,39.84972,42.95346,43.68066,45.12206,41.0,40.02499,37.65634,41.4367,38.83298,40.5216,37.10795,38.83298,37.65634,37.36308,37.0,34.48188,35.4683,34.9285,36.24914,33.10589,31.30495,30.23243,30.0,28.3196,29.20616,25.4951,22.80351,23.32381,23.25941,20.24846,17.88854,18.38478,17.08801,18.0,17.02939,15.13275,12.04159,13.0,11.18034,12.52996,47.70744,47.43416,49.24429,50.9902,51.42956,52.92447,53.7122,54.626,57.93962,56.61272,57.58472,60.16644,63.56886,61.35145,65.14599,63.32456,68.96376,66.4906,69.37579,69.37579,68.68042,68.88396,69.37579,69.857,68.65858,69.12308,67.91171,71.56815,66.4906,68.68042,65.14599,71.16881,65.78754,68.94926,66.12866,69.07966,65.39113,67.23095,67.23095,64.40497,66.64833,66.18912,66.88797,63.28507,63.63175,61.61169,62.20129,60.0,64.03124,61.6198,61.22091,58.25805,59.81639,56.63921,57.38467,60.10824,53.07542
8.06226,7.2111,7.81025,7.81025,7.81025,7.07107,7.07107,7.07107,7.07107,7.07107,7.07107,6.40312,6.40312,6.40312,7.2111,6.7082,6.7082,6.7082,6.7082,6.7082,6.7082,6.7082,5.83095,5.83095,5.83095,5.83095,5.83095,5.83095,5.0,5.0,5.0,5.0,5.0,5.0,4.24264,4.47214,4.47214,4.47214,3.16228,3.16228,3.16228,3.0,3.0,2.0,2.0,2.0,2.23607,2.23607,2.23607,2.23607,2.23607,2.23607,48.08326,52.55473,51.26402,47.85394,50.56679,44.29447,46.64762,42.72002,47.43416,44.10215,43.60046,43.27817,44.68781,43.60046,41.03657,40.31129,44.59821,38.94868,41.72529,43.13931,39.62323,41.10961,38.28838,40.45986,38.20995,38.20995,40.36087,38.20995,36.12478,39.20459,35.35534,35.35534,34.05877,35.4683,33.24154,34.20526,30.80584,31.38471,29.54657,27.78489,29.52965,25.07987,26.24881,22.56103,23.19483,21.2132,21.09502,18.02776,18.24829,15.29706,16.27882,14.31782,15.81139,13.89244,14.76482,9.43398,9.84886,47.09565,48.6621,52.7731,50.21952,53.15073,50.0,53.60037,54.81788,57.56735,55.65968,58.18935,61.35145,61.68468,62.96825,60.08328,64.62198,65.55151,66.85058,65.55151,69.07966,67.77905,70.93659,71.17584,68.70953,69.35416,69.46222,67.77905,68.00735,69.64194,68.35203,69.26038,66.40783,68.62215,65.80274,66.21933,67.46851,66.09841,68.06614,67.26812,65.62012,62.96825,66.37017,64.12488,66.1211,61.20457,63.03174,61.0082,61.13101,65.06919,62.07254,57.42822,60.20797,57.55867,54.12947,57.55867,57.27128,56.04463
8.48528,9.21954,8.60233,8.60233,7.81025,8.60233,8.06226,8.06226,8.06226,8.06226,8.06226,7.61577,7.61577,7.61577,7.61577,7.61577,7.61577,7.61577,7.28011,7.28011,6.7082,7.28011,7.61577,7.28011,6.32456,6.7082,6.7082,6.7082,5.83095,5.83095,5.83095,5.83095,5.83095,5.0,5.65685,4.24264,4.24264,4.24264,3.60555,3.60555,3.60555,3.16228,3.16228,3.16228,2.23607,2.23607,2.0,2.0,2.0,1.0,1.0,1.41421,51.86521,50.21952,50.60632,49.0408,50.60632,44.68781,48.10405,43.93177,45.96738,41.03657,43.18565,44.59821,47.01064,41.40048,42.80187,41.23106,41.88078,41.67733,38.27532,44.77723,43.909,40.81666,39.39543,40.70626,39.81206,38.94868,39.44617,39.0,36.71512,37.73592,38.47077,36.35932,32.44996,34.4093,33.6006,33.01515,30.61046,29.73214,30.41381,29.83287,30.61046,25.80698,22.47221,25.23886,21.47091,24.16609,20.88061,18.68154,16.27882,16.12452,17.11724,14.03567,11.0,11.18034,10.0,12.52996,9.89949,47.38143,45.17743,49.25444,50.01,51.0,50.0,52.00961,54.08327,55.00909,55.08176,58.21512,58.21512,60.29925,63.3877,60.40695,65.37584,63.63961,66.91039,63.3877,65.9242,67.74216,66.75328,68.73136,69.72087,69.87131,67.74216,69.58448,64.93843,67.47592,67.36468,66.1211,65.03076,66.0,67.06713,66.0303,65.03076,66.06815,65.06919,63.00794,64.28063,63.28507,66.61081,62.80127,67.46851,60.82763,62.96825,61.61169,62.64184,59.77458,62.93648,60.16644,60.40695,54.42426,59.13544,55.36244,55.03635,55.4617
10.44031,9.84886,9.84886,9.84886,9.84886,8.94427,8.94427,8.94427,9.43398,9.43398,8.60233,8.60233,8.60233,8.60233,8.60233,8.60233,8.60233,7.81025,7.81025,8.60233,7.81025,7.81025,7.81025,7.81025,7.2111,7.2111,7.2111,7.2111,7.2111,6.7082,6.7082,6.7082,6.7082,6.32456,5.38516,5.09902,5.09902,5.09902,5.0,5.0,4.0,4.12311,4.0,3.16228,3.16228,3.16228,3.16228,3.16228,2.23607,2.23607,2.23607,1.41421,55.65968,52.49762,53.14132,50.15974,50.15974,43.38202,47.16991,46.95743,47.88528,42.19005,44.10215,43.60046,45.80393,44.65423,41.40048,45.0,43.41659,43.93177,41.40048,41.7732,42.44997,38.18377,40.31129,42.42641,38.94868,38.8973,38.8973,37.48333,39.62323,37.53665,36.40055,34.20526,37.20215,37.20215,32.20248,35.8469,34.1321,34.0,33.54102,30.8707,24.73863,27.45906,25.96151,24.18677,22.36068,21.0238,20.22375,21.0238,16.49242,15.29706,14.56022,13.0,14.31782,13.41641,12.04159,11.40175,10.29563,44.10215,47.04253,50.01,50.08992,50.24938,50.48762,49.81967,55.7315,55.10898,55.9017,57.27128,55.9017,60.41523,62.0967,62.8172,62.62587,65.14599,65.80274,66.21933,64.19502,65.52099,69.92138,69.12308,67.6757,68.00735,64.84597,70.21396,69.26038,67.91171,68.15424,65.25335,66.70832,63.78871,68.06614,67.08204,66.91039,64.49806,64.77654,66.61081,66.18912,68.46897,62.00806,67.1193,65.12296,61.0,61.20457,59.13544,61.20457,63.50591,61.29437,59.13544,59.3043,57.87055,57.07013,60.82763,60.01666,57.70615
10.44031,10.44031,9.21954,9.48683,9.21954,9.21954,9.21954,9.05539,9.05539,9.05539,9.05539,9.0,9.0,9.0,8.0,8.0,8.0,8.0,8.0,8.0,8.0,8.0,8.0,8.0,8.0,8.0,7.0,7.07107,7.07107,7.07107,7.07107,6.32456,6.32456,6.32456,6.32456,5.38516,5.38516,5.83095,5.0,5.0,5.0,4.24264,4.24264,4.24264,3.60555,3.60555,3.60555,3.16228,3.16228,3.16228,3.16228,3.0,52.49762,55.21775,52.47857,54.3783,49.92995,51.42956,48.54894,48.8774,43.909,46.23851,46.51881,47.75982,46.8188,41.4367,44.01136,43.9659,42.05948,44.64303,44.38468,41.97618,43.73786,44.55334,43.56604,41.76123,38.83298,37.64306,36.22154,40.79216,37.85499,39.05125,40.02499,40.02499,35.90265,36.68787,32.01562,35.8469,27.73085,31.38471,31.76476,29.41088,26.62705,27.01851,26.1725,23.43075,24.83948,19.84943,23.32381,19.72308,17.20465,17.46425,17.08801,17.46425,15.52417,11.04536,13.0384,10.04988,10.19804,46.14109,49.1935,47.41308,50.69517,50.56679,53.48832,48.70318,52.55473,58.5235,55.02727,57.28001,58.82176,61.40033,64.28841,65.52099,61.39218,69.857,63.60031,65.25335,65.73431,65.96969,69.37579,66.70832,68.15424,69.63476,69.12308,67.91171,70.34202,66.48308,66.70832,64.51356,67.72001,63.90618,65.55151,67.41662,67.23095,64.62198,63.50591,67.23095,65.76473,64.84597,63.63175,64.66065,65.45991,63.51378,60.60528,60.80296,62.36986,65.8559,60.30755,57.80138,61.6198,63.70243,54.45181,57.28001,62.93648,56.56854
9.84886,8.94427,8.544,9.48683,8.544,8.544,8.544,8.24621,8.24621,8.24621,8.24621,8.06226,8.06226,7.07107,7.07107,7.07107,7.07107,7.07107,7.07107,7.0,7.07107,7.07107,7.07107,7.0,7.07107,7.07107,6.32456,6.08276,6.08276,6.32456,5.38516,5.38516,5.38516,5.83095,5.0,5.0,5.0,4.24264,4.24264,4.24264,4.47214,3.60555,3.60555,3.16228,4.12311,3.0,3.0,3.0,3.0,3.0,3.16228,3.16228,54.6443,56.60389,51.97115,51.42956,53.23533,45.17743,50.69517,48.46648,48.46648,43.65776,48.10405,45.88028,44.64303,43.17407,41.76123,42.44997,42.95346,42.57934,42.57934,40.60788,39.45884,39.45884,41.30375,40.31129,39.62323,41.4367,37.85499,39.31921,39.31921,36.67424,37.85499,35.69314,35.51056,35.17101,36.05551,31.62278,33.52611,31.7805,31.7805,30.41381,30.52868,28.42534,27.80288,24.69818,21.26029,22.02272,22.47221,21.26029,20.61553,16.15549,17.72005,14.56022,15.0,14.03567,13.0384,14.0,12.08305,48.10405,46.09772,52.20153,54.08327,54.08327,53.0,55.9464,55.07268,58.59181,59.48109,58.60034,62.64982,63.50591,63.07139,63.07139,64.84597,68.54196,67.54258,65.55151,65.0,65.19202,69.46222,70.93659,70.38466,67.23095,67.41662,66.85058,65.19202,68.15424,62.64982,68.02941,67.1193,66.64833,68.88396,66.7308,66.24198,68.60029,66.28725,68.09552,65.80274,62.96825,63.89053,64.03124,66.70832,61.84658,61.55485,63.78087,63.65532,62.93648,63.65532,62.36986,60.87693,62.28965,60.20797,59.66574,59.20304,59.40539
10.0,10.0,10.0,10.0,10.0,9.43398,9.43398,9.43398,9.43398,9.43398,8.94427,8.94427,8.94427,8.94427,8.94427,8.544,8.544,8.544,8.544,8.544,7.61577,8.544,8.544,8.544,7.61577,7.61577,7.61577,8.06226,8.06226,6.7082,7.2111,7.2111,7.2111,6.40312,6.40312,6.40312,5.65685,5.65685,5.0,5.0,4.47214,4.47214,4.47214,4.12311,3.16228,3.16228,3.16228,3.0,3.0,3.0,3.0,2.0,55.97321,56.58622,55.31727,54.20332,48.27007,51.22499,48.25971,52.43091,44.10215,48.8774,45.65085,47.88528,45.61798,46.95743,46.52956,43.65776,44.59821,42.95346,43.08132,44.94441,43.65776,39.84972,41.10961,41.76123,39.39543,40.16217,41.48494,41.78516,37.64306,37.0,40.26164,37.69615,36.67424,34.43835,34.43835,34.88553,34.48188,33.01515,33.01515,31.89044,31.40064,28.3196,27.65863,25.4951,27.20294,23.32381,21.47091,19.72308,18.38478,17.72005,15.29706,13.15295,15.29706,16.12452,14.14214,12.64911,12.36932,44.72136,49.65884,48.8467,48.38388,50.92151,49.72927,52.49762,52.88667,58.5235,57.27128,60.41523,59.66574,61.84658,60.82763,61.98387,61.40033,66.61081,63.63961,64.93843,64.77654,65.49046,69.87131,67.74216,65.37584,65.9242,68.73136,70.45566,67.46851,64.13267,67.08204,65.30697,66.70832,63.06346,64.56005,69.12308,64.19502,61.09828,65.19202,64.51356,65.0,63.32456,63.06346,65.30697,63.50591,63.13478,61.03278,61.58734,63.81222,61.85467,62.42596,60.0,62.00806,66.21933,58.89822,59.5483,57.31492,58.0517
9.43398,9.43398,8.94427,8.94427,8.94427,8.94427,8.544,8.544,8.544,7.61577,8.544,8.24621,8.24621,7.28011,8.24621,8.24621,8.24621,7.28011,7.07107,7.28011,7.28011,7.28011,7.28011,7.28011,7.28011,7.28011,7.28011,6.32456,6.32456,6.7082,5.83095,5.83095,5.83095,5.83095,5.65685,5.65685,5.65685,5.0,4.24264,5.0,4.47214,4.47214,4.47214,4.12311,4.12311,4.0,3.0,3.0,3.0,3.0,3.16228,3.16228,54.20332,53.82379,51.0392,54.40588,51.97115,52.15362,52.3259,48.33218,47.92703,49.24429,49.64877,49.64877,47.75982,44.38468,46.17359,45.89118,48.05206,46.69047,44.72136,45.54119,42.95346,41.97618,43.41659,42.42641,41.30375,42.42641,40.60788,40.11234,40.60788,40.79216,39.05125,38.07887,39.05125,41.23106,37.64306,37.36308,36.40055,33.61547,34.43835,30.88689,29.52965,31.40064,26.62705,27.80288,24.75884,22.62742,21.40093,20.24846,21.47091,21.47091,17.88854,16.76305,14.31782,14.86607,15.29706,14.03567,13.0384,49.73932,48.37355,47.50789,51.88449,51.47815,52.92447,53.85165,54.08327,58.5235,57.87055,59.77458,60.72891,63.32456,65.80274,67.44627,63.56099,68.15424,66.21933,64.28841,67.46851,65.0,73.24616,65.52099,67.18631,66.21933,73.24616,70.34202,70.5195,69.64194,69.64194,66.76077,70.83784,66.09841,66.12866,69.07966,68.02941,65.30697,69.31811,67.53518,69.11584,66.7308,65.0,65.19202,69.33974,63.60031,65.0,64.53681,62.482,64.81512,62.28965,67.89698,63.70243,63.03174,57.28001,65.11528,61.07373,62.482
8.24621,9.21954,8.24621,8.24621,8.24621,8.24621,7.61577,7.61577,7.61577,7.61577,7.61577,7.61577,6.7082,6.7082,7.2111,6.7082,7.2111,6.7082,7.2111,7.2111,7.2111,6.7082,5.83095,6.40312,6.7082,5.83095,6.7082,6.32456,6.7082,5.38516,6.32456,5.09902,5.09902,5.09902,5.0,5.0,5.0,5.0,4.12311,4.12311,3.16228,3.60555,3.16228,3.60555,2.82843,2.82843,2.82843,2.82843,2.23607,2.23607,2.23607,3.16228,56.0,59.0,54.33231,52.46904,53.08484,49.36598,55.3263,48.50773,50.63596,47.67599,48.50773,46.84015,45.88028,47.43416,44.59821,44.01136,47.16991,44.77723,44.01136,45.18849,45.69464,45.17743,40.24922,44.77723,44.72136,42.94182,42.48529,42.95346,39.39543,40.71855,38.94868,37.94733,39.92493,39.56008,36.68787,35.69314,38.63936,36.67424,35.51056,32.06244,27.07397,31.01612,30.41381,29.15476,27.89265,25.96151,21.18962,23.76973,18.02776,18.78829,18.02776,20.24846,17.20465,15.55635,15.6205,15.26434,14.86607,44.77723,43.08132,47.85394,47.41308,49.64877,51.97115,52.35456,52.47857,56.85948,55.75841,57.68882,58.5235,61.85467,61.22091,61.40033,65.43699,65.0,66.21933,63.82006,68.24222,70.21396,69.2026,67.62396,70.60453,69.6563,69.40461,68.8186,70.80254,70.0,68.24222,70.17834,68.60029,67.41662,68.47627,69.46222,68.0,69.77105,67.97794,69.31811,67.62396,65.9242,68.54196,64.84597,70.5762,64.56005,66.94027,64.56005,66.4906,64.13267,67.08204,65.30697,65.30697,61.0,62.514,65.27634,62.514,62.28965
10.44031,9.48683,9.48683,9.48683,9.48683,9.48683,8.94427,8.94427,8.94427,8.94427,8.94427,8.06226,8.94427,9.43398,8.60233,8.60233,8.60233,8.06226,8.60233,8.60233,8.60233,8.60233,8.06226,8.06226,8.06226,8.06226,8.06226,8.06226,7.61577,6.7082,7.61577,6.7082,6.7082,6.32456,6.08276,6.08276,6.08276,6.08276,5.0,5.0,4.0,4.12311,4.0,4.12311,4.12311,3.16228,3.16228,3.16228,3.16228,2.23607,2.23607,1.41421,61.0082,54.08327,53.0,54.03702,52.08647,51.35173,49.36598,53.46027,52.7731,47.07441,48.27007,46.57252,49.33559,47.29693,46.84015,44.94441,46.23851,46.09772,46.23851,44.38468,45.61798,44.94441,47.41308,46.61545,42.54409,42.95346,39.81206,42.48529,44.38468,40.49691,38.07887,38.27532,41.10961,37.69615,37.94733,38.07887,38.07887,34.48188,33.54102,29.06888,30.41381,28.01785,29.01724,29.01724,26.68333,26.24881,23.08679,21.18962,21.54066,19.31321,18.43909,16.64332,16.64332,15.26434,17.02939,12.20656,10.29563,47.50789,44.10215,45.80393,45.80393,50.44799,48.83646,48.27007,51.22499,53.8145,57.48913,56.58622,55.97321,59.4138,59.4138,59.4138,60.87693,61.55485,63.65532,62.2254,62.93648,65.19202,65.76473,67.17887,67.89698,64.3506,67.35726,67.89698,64.38167,65.06919,66.6033,64.53681,66.21933,62.20129,66.0303,65.80274,65.73431,65.51336,65.51336,65.0,65.29931,66.24198,63.50591,65.30697,66.70832,60.92618,61.09828,64.19502,60.72891,62.36185,61.84658,59.66574,59.66574,59.66574,58.54912,63.95311,58.85576,60.82763
9.84886,9.48683,8.544,9.48683,8.544,8.24621,9.21954,8.24621,8.24621,8.06226,8.06226,8.06226,8.06226,8.06226,8.0,8.0,8.0,8.06226,8.0,8.0,8.0,8.0,8.0,8.0,8.0,8.0,7.07107,7.07107,7.07107,7.07107,6.08276,6.08276,6.08276,6.32456,5.38516,5.38516,5.38516,4.47214,4.47214,4.47214,3.60555,4.24264,3.60555,2.82843,2.82843,2.82843,2.82843,2.23607,2.23607,2.23607,2.23607,1.41421,54.03702,53.15073,56.40035,53.25411,53.0,50.77401,51.97115,50.60632,48.75449,49.1935,46.61545,46.8188,47.43416,48.10405,48.70318,43.65776,48.08326,45.88028,45.89118,44.72136,46.09772,41.7732,45.89118,42.75512,41.97618,40.60788,40.79216,41.59327,46.09772,42.72002,41.48494,38.07887,39.29377,39.56008,37.94733,39.21734,34.78505,34.43835,33.12099,31.06445,31.06445,30.4795,28.30194,25.6125,24.08319,24.04163,24.08319,21.93171,20.12461,20.24846,16.76305,16.15549,14.56022,16.49242,13.0384,14.03567,10.0,45.54119,44.55334,47.51842,49.64877,47.16991,52.15362,50.03998,54.03702,54.03702,55.0,58.07753,59.00847,59.00847,59.00847,63.00794,60.07495,66.00758,65.03076,64.0,67.00746,64.00781,67.0,66.0,69.00725,68.02941,71.00704,68.00735,66.06815,67.18631,68.26419,63.3877,68.26419,69.72087,68.06614,68.06614,66.09841,66.70832,66.94027,65.25335,67.6757,65.14599,66.7308,66.48308,64.62198,65.0,65.29931,59.94164,62.26556,60.53924,62.43397,62.1289,61.61169,57.68882,57.62812,62.00806,59.03389,59.46427
9.05539,9.05539,9.05539,9.05539,9.0,8.0,8.06226,8.0,8.06226,8.06226,8.06226,8.06226,8.06226,8.06226,8.06226,8.24621,8.24621,7.28011,7.28011,7.28011,7.28011,7.28011,7.28011,7.28011,7.28011,7.28011,7.07107,7.07107,6.08276,7.0,6.0,6.0,6.0,5.09902,5.09902,5.09902,5.09902,4.47214,4.47214,3.60555,3.60555,3.60555,2.82843,2.82843,2.82843,2.23607,2.23607,2.23607,2.23607,2.0,2.0,2.0,52.80152,50.32892,53.14132,51.24451,49.33559,49.24429,49.47727,46.09772,45.70558,46.52956,44.28318,49.09175,49.16299,42.0,43.04649,46.0,44.0,44.18144,42.10701,43.18565,49.09175,44.72136,43.73786,40.1995,40.60788,40.1995,40.1995,40.11234,41.19466,39.05125,41.10961,43.01163,37.01351,38.0,35.01428,35.69314,35.51056,31.257,32.98485,32.28002,30.36445,28.79236,26.40076,27.313,21.09502,23.02173,20.80865,19.10497,19.20937,17.69181,16.64332,17.80449,18.68154,14.31782,13.34166,13.34166,10.04988,43.60046,44.40721,45.79301,49.64877,48.54894,51.89412,49.65884,55.9017,55.03635,53.22593,57.27128,59.48109,59.9333,64.07808,64.84597,61.46544,68.15424,64.62198,67.62396,65.39113,65.79514,70.93659,67.1193,68.02941,70.00714,69.77822,69.35416,68.88396,68.44706,67.08204,66.64833,68.8767,68.09552,68.09552,68.09552,67.41662,66.03787,67.42403,63.82006,66.21933,69.6563,65.8559,69.52697,64.53681,64.3506,67.88225,61.52235,64.53681,65.43699,61.7171,60.60528,61.22091,61.03278,56.0357,59.90826,59.16925,56.0803
9.05539,9.05539,9.0,9.0,9.0,9.0,8.0,8.06226,8.06226,8.06226,8.06226,8.24621,8.24621,8.24621,8.24621,8.24621,8.24621,7.28011,7.28011,7.28011,8.24621,7.28011,7.28011,7.28011,7.28011,7.28011,7.28011,7.07107,7.07107,7.07107,7.0,7.0,6.0,6.0,6.08276,6.08276,5.09902,5.09902,5.38516,5.38516,4.47214,4.47214,4.47214,3.60555,3.60555,3.60555,2.82843,3.60555,3.60555,3.60555,3.60555,2.23607,52.80152,53.14132,51.92302,52.63079,52.63079,46.87217,48.05206,47.38143,43.28972,47.16991,44.04543,46.0,46.01087,44.01136,46.09772,46.04346,43.10452,45.17743,44.40721,41.59327,47.16991,44.91102,41.97618,40.4475,39.62323,42.29657,41.7732,43.56604,40.11234,41.23106,40.1995,40.1995,39.05125,35.0571,39.01282,35.22783,36.01389,34.52535,30.59412,34.71311,32.75668,27.51363,28.23119,24.59675,25.55386,23.85372,21.63331,21.40093,21.26029,19.10497,16.97056,17.49286,12.20656,13.60147,15.23155,14.31782,17.26268,44.04543,45.80393,46.04346,46.04346,49.40648,47.16991,48.76474,50.77401,53.33854,52.69725,55.07268,55.9464,60.03332,61.7171,63.13478,61.7414,63.97656,65.29931,62.17717,66.18912,62.6099,66.64083,64.88451,68.88396,67.53518,68.09552,70.3278,69.46222,66.64833,67.23095,67.41662,68.7968,67.41662,66.85058,67.20119,69.06519,67.00746,67.62396,66.6033,69.42622,66.70832,65.05382,64.3506,63.70243,62.36986,62.36986,66.06815,63.24555,61.85467,59.20304,61.29437,61.29437,64.66065,55.22681,59.36329,54.12024,55.47071
10.0,9.43398,9.43398,9.43398,8.94427,9.84886,8.94427,8.544,8.544,8.544,9.48683,9.21954,8.544,8.24621,8.24621,8.24621,8.24621,8.24621,8.24621,8.24621,8.24621,8.24621,8.24621,8.24621,8.24621,8.24621,7.28011,7.61577,7.61577,7.61577,6.7082,7.2111,7.2111,6.40312,6.40312,5.65685,5.65685,5.65685,5.0,5.0,5.0,4.47214,4.47214,3.60555,3.16228,3.16228,3.16228,3.0,3.0,3.0,2.0,2.0,57.80138,48.16638,53.8145,48.79549,48.27007,48.27007,42.63801,46.75468,43.01163,49.92995,46.04346,47.50789,45.27693,42.94182,41.23106,44.59821,47.16991,44.27189,43.65776,39.92493,48.38388,38.32754,43.9659,41.23106,39.21734,42.05948,38.8973,38.60052,40.49691,38.8973,39.84972,39.81206,35.34119,37.58989,35.35534,37.44329,33.42155,34.05877,31.89044,29.0,28.3196,24.08319,28.84441,23.60085,24.69818,21.47091,22.84732,19.64688,17.72005,18.43909,16.03122,16.03122,14.0,12.36932,13.92839,9.21954,11.18034,44.77723,49.98,45.35416,51.66237,46.84015,53.60037,51.78803,52.7731,52.61179,52.61179,56.29387,60.20797,60.20797,63.56099,66.75328,56.14268,69.26038,59.03389,66.91039,65.03076,63.28507,70.00714,62.39391,65.76473,67.08204,68.06614,69.42622,70.71068,63.28507,72.69113,64.13267,73.1642,67.74216,69.87131,68.44706,69.42622,62.36185,68.30813,66.7308,70.5762,72.11103,62.03225,73.53911,64.62198,69.46222,68.02941,66.64083,64.40497,65.74192,62.6099,64.49806,63.81222,68.60029,55.9464,61.58734,63.82006,61.03278
8.06226,8.60233,8.60233,8.60233,7.81025,7.81025,7.81025,7.07107,7.07107,7.81025,7.07107,7.81025,7.07107,7.81025,7.2111,7.2111,7.2111,6.40312,7.2111,7.2111,6.40312,6.40312,6.40312,6.40312,6.40312,6.40312,5.65685,5.65685,5.65685,5.0,5.0,5.0,5.83095,4.47214,4.47214,4.12311,4.12311,4.12311,3.0,3.0,3.0,3.16228,3.16228,2.23607,2.23607,2.23607,1.41421,2.23607,2.23607,2.23607,2.0,2.0,53.7122,53.22593,47.88528,50.24938,49.64877,46.61545,51.86521,50.21952,45.80393,43.18565,43.27817,43.18565,42.44997,43.86342,42.44997,43.27817,44.04543,45.34314,43.27817,40.80441,41.86884,38.83298,40.22437,42.0119,39.82462,40.45986,38.27532,38.60052,38.94868,39.82462,37.64306,36.12478,35.38361,33.24154,32.55764,28.6007,32.44996,29.15476,25.05993,25.05993,24.69818,21.93171,23.34524,22.56103,18.02776,17.11724,16.12452,16.27882,12.36932,14.31782,11.40175,12.20656,9.21954,10.63015,10.0,5.83095,9.05539,46.32494,49.64877,53.23533,51.0392,51.24451,52.00961,52.0,55.03635,57.00877,58.0,57.14018,62.07254,63.1981,66.18912,63.28507,66.91039,66.09841,66.61081,67.36468,67.60178,69.87131,72.00694,68.73136,66.75328,70.03571,68.06614,69.87131,66.18912,69.46222,69.58448,68.11755,67.18631,67.18631,70.00714,69.18092,68.02941,68.02941,66.00758,69.18092,69.18092,64.19502,66.48308,64.49806,67.74216,62.16912,62.514,64.93843,66.48308,64.7611,66.21933,64.03124,64.84597,62.0967,60.08328,63.89053,59.77458,61.32699
9.21954,9.21954,9.21954,9.21954,8.60233,8.60233,8.60233,8.60233,8.06226,8.60233,8.06226,8.06226,8.06226,8.94427,8.06226,8.544,8.544,7.61577,7.61577,8.06226,8.06226,7.61577,7.61577,7.61577,8.06226,7.61577,7.2111,7.2111,7.2111,7.2111,6.40312,6.40312,5.65685,5.65685,5.65685,5.0,5.0,4.47214,4.47214,4.47214,3.16228,3.16228,3.16228,3.16228,3.0,2.0,2.0,2.0,2.0,2.0,1.0,1.0,55.60576,51.66237,53.07542,48.08326,50.24938,51.22499,50.32892,49.0408,46.32494,46.64762,46.14109,46.06517,44.41846,46.06517,44.77723,45.18849,48.75449,44.01136,44.72136,43.9659,44.59821,44.01136,43.08132,45.18849,42.48529,42.54409,39.0,41.14608,40.24922,39.92493,38.91015,37.57659,38.01316,38.58756,35.51056,35.4683,30.4795,31.14482,31.14482,28.28427,26.24881,25.0,24.16609,22.82542,22.36068,18.97367,18.68154,20.39608,17.72005,15.0333,10.04988,10.0,11.18034,9.48683,7.2111,7.2111,7.2111,47.88528,47.85394,48.33218,51.62364,50.69517,55.65968,55.02727,54.40588,54.12024,54.70832,56.04463,59.43904,60.63827,61.39218,63.56099,59.5399,64.62971,64.93843,67.46851,66.09841,63.63961,66.75328,62.514,67.47592,66.48308,67.89698,66.75328,65.76473,64.13267,64.53681,65.51336,69.42622,67.91171,65.25335,67.72001,63.60031,63.89053,66.09841,65.19202,66.30988,67.41662,65.30697,66.21178,65.30697,63.07139,64.14047,62.26556,61.91123,61.58734,60.41523,63.81222,62.42596,61.85467,58.00862,61.61169,60.44005,57.00877
9.05539,8.24621,8.24621,7.28011,8.24621,7.28011,7.61577,7.61577,7.61577,7.61577,7.61577,8.06226,8.06226,8.06226,6.7082,8.06226,7.2111,7.2111,7.2111,7.2111,7.2111,7.2111,7.2111,7.2111,6.7082,6.7082,6.7082,6.7082,5.38516,6.32456,5.38516,5.09902,5.09902,5.09902,4.12311,4.0,4.0,3.16228,3.0,3.16228,3.16228,2.23607,2.23607,2.23607,1.41421,1.41421,1.41421,1.0,1.0,1.0,1.0,1.41421,51.08816,51.0,49.0408,48.0,49.16299,48.25971,48.05206,42.57934,44.55334,43.17407,46.57252,44.64303,43.9659,42.72002,42.15448,42.48529,44.94441,41.14608,40.31129,45.18849,43.38202,42.04759,39.39543,39.39543,38.91015,38.62642,38.91015,39.81206,38.48376,39.81206,37.69615,37.64306,36.76955,33.95585,34.20526,28.44293,30.06659,27.07397,27.07397,27.0,27.16616,25.17936,20.39608,23.5372,17.08801,20.61553,17.49286,13.0,14.42221,14.14214,12.04159,9.89949,6.7082,7.28011,9.21954,10.0,7.28011,50.21952,47.75982,49.0408,52.3259,56.46238,51.0,51.89412,57.70615,59.94164,59.68249,62.43397,60.53924,63.28507,67.1193,64.89992,67.42403,66.61081,65.80274,66.85058,67.47592,66.4003,71.21798,67.80118,69.40461,67.80118,67.6757,70.21396,67.20119,67.00746,66.0303,64.40497,63.51378,67.1193,62.43397,65.8635,64.88451,66.7308,65.74192,61.26989,65.9242,64.40497,65.0,62.62587,66.7308,62.29767,62.62587,62.29767,60.87693,62.0967,61.13101,64.13267,60.20797,60.67125,59.68249,56.88585,60.82763,58.42089
7.61577,8.06226,8.06226,8.06226,8.06226,8.06226,7.2111,7.81025,7.2111,7.2111,7.81025,7.81025,7.07107,7.07107,7.07107,7.07107,7.07107,7.07107,7.07107,7.07107,6.40312,7.07107,7.07107,7.07107,7.07107,6.40312,6.40312,5.83095,5.83095,5.83095,4.47214,4.47214,4.47214,4.47214,4.12311,4.12311,4.12311,3.16228,3.0,3.0,3.0,3.0,2.23607,2.23607,1.41421,1.41421,1.41421,1.0,1.0,1.0,1.0,1.0,52.49762,50.59644,49.98,50.32892,48.8467,47.16991,43.909,42.05948,45.17743,43.26662,43.26662,43.60046,44.40721,39.69887,42.0119,41.03657,41.01219,39.05125,37.53665,41.7732,40.36087,39.59798,41.7732,39.82462,36.06938,37.53665,37.53665,36.87818,36.12478,34.4093,33.42155,35.0,31.241,33.01515,34.4093,29.15476,27.45906,28.17801,25.07987,27.20294,25.0,25.17936,21.09502,17.0,19.0,16.0,16.12452,14.56022,10.77033,14.76482,9.43398,12.08305,9.89949,7.81025,7.07107,8.24621,7.07107,49.09175,49.0408,54.00926,54.08327,53.23533,55.44367,56.32051,58.30952,59.4138,61.98387,63.56099,66.48308,63.56099,66.76077,64.7611,66.48308,68.41053,68.62215,68.41053,67.05222,68.96376,70.88018,72.44998,68.62215,70.00714,70.83784,68.94926,66.76077,68.41053,65.0,66.21933,66.48308,65.30697,64.62971,64.77654,65.76473,66.48308,65.11528,63.50591,61.52235,60.53098,65.06919,62.07254,67.00746,61.0,59.21149,61.07373,61.52235,60.40695,61.29437,61.20457,58.69412,56.4358,61.40033,58.42089,54.57105,55.9017
10.0,9.0,9.0,9.0,9.05539,8.06226,8.06226,9.05539,8.24621,8.06226,8.06226,8.24621,8.24621,8.24621,7.28011,8.24621,7.28011,7.28011,7.28011,7.28011,7.28011,7.28011,7.28011,7.28011,7.07107,7.28011,7.07107,6.08276,6.08276,6.08276,6.0,6.0,6.0,5.09902,5.09902,5.09902,5.09902,4.47214,4.47214,4.47214,3.60555,3.60555,3.60555,2.82843,2.82843,2.82843,2.82843,2.23607,2.23607,2.23607,2.23607,2.0,54.81788,54.34151,52.17279,51.66237,49.49747,48.37355,47.16991,47.38143,45.17743,45.01111,45.04442,42.0119,45.0,42.10701,42.57934,42.42641,41.0,42.75512,40.02499,38.07887,41.23106,39.45884,40.5216,37.65634,38.07887,36.67424,33.73426,38.32754,34.9285,36.49658,37.10795,34.52535,33.13608,32.14032,35.22783,33.06055,28.0,28.28427,29.61419,29.12044,25.96151,25.96151,23.76973,21.0238,19.72308,18.86796,20.80865,19.10497,14.21267,15.6205,13.92839,15.26434,9.21954,8.24621,9.05539,10.04988,8.24621,51.97115,53.53504,52.69725,55.80323,56.0803,54.67175,57.38467,61.6198,63.65532,60.1415,64.38167,65.76473,67.88225,67.89698,70.76722,69.42622,70.17834,68.11755,68.76772,69.6563,68.88396,72.62231,69.42622,71.06335,72.00694,75.82216,72.62231,72.47068,70.29225,71.44928,65.06919,70.0928,70.17834,68.593,69.29646,69.31089,68.11755,66.8431,67.47592,69.40461,67.00746,66.57327,63.82006,66.28725,63.63175,62.6099,64.3506,64.41273,62.6099,64.00781,59.61543,65.9242,66.30988,59.46427,61.09828,60.16644,58.5235
10.04988,9.05539,9.21954,9.21954,9.21954,9.21954,8.24621,8.24621,8.24621,8.24621,8.544,8.544,8.544,7.61577,7.61577,7.61577,8.06226,7.61577,7.61577,7.61577,7.61577,7.61577,7.61577,6.7082,7.61577,7.61577,7.28011,6.32456,6.32456,6.32456,6.08276,6.08276,6.0,5.0,5.0,5.0,5.0,4.12311,4.12311,4.12311,4.12311,4.47214,3.60555,3.60555,2.82843,2.82843,2.82843,2.82843,2.23607,2.23607,2.23607,2.23607,53.46027,50.48762,51.78803,49.81967,48.76474,46.57252,45.88028,46.84015,42.72002,42.72002,43.86342,45.18849,47.42362,41.14608,41.67733,41.34005,44.77723,41.88078,39.44617,40.80441,44.65423,39.66106,39.40812,39.66106,36.40055,37.44329,36.23534,35.0,36.35932,37.44329,36.35932,38.58756,29.96665,28.63564,31.30495,29.15476,26.92582,28.4605,27.65863,28.28427,24.33105,22.02272,21.09502,20.39608,21.2132,19.41649,18.97367,18.02776,20.24846,13.89244,13.60147,13.0384,10.81665,10.29563,12.08305,8.544,11.18034,52.17279,55.7853,52.81098,56.46238,54.08327,53.31041,56.36488,56.30275,63.50591,59.5063,61.26989,59.48109,66.21178,66.24198,67.60178,64.3506,69.89278,64.14047,67.23095,69.97142,66.7308,72.40166,67.23095,68.26419,69.11584,70.83078,72.20111,70.49113,67.1193,71.34424,67.08204,68.42514,65.30697,67.77905,67.62396,70.38466,64.07808,64.19502,64.84597,67.35726,66.09841,61.84658,64.28841,61.40033,64.93843,62.39391,61.81424,62.28965,61.20457,61.13101,59.3043,58.07753,63.12686,57.00877,58.00862,57.14018,60.07495
9.21954,9.21954,8.60233,8.60233,8.60233,8.60233,8.06226,8.06226,8.94427,8.06226,8.06226,8.94427,7.61577,7.61577,7.61577,7.61577,8.544,7.61577,7.28011,7.61577,7.61577,7.28011,7.61577,7.28011,7.28011,7.61577,6.7082,6.7082,6.7082,6.7082,5.83095,5.83095,5.0,5.0,5.0,4.24264,4.24264,3.60555,3.60555,3.60555,3.16228,3.16228,2.23607,2.23607,2.0,2.0,2.0,1.0,1.0,1.41421,1.41421,1.41421,55.75841,51.86521,54.08327,49.0408,48.41487,51.22499,46.69047,50.24938,43.93177,48.79549,45.96738,48.27007,46.8615,43.41659,46.2277,47.20169,44.65423,46.04346,41.67733,40.81666,46.64762,39.11521,42.04759,40.70626,38.47077,39.44617,38.27532,38.01316,39.66106,36.71512,36.35932,37.44329,33.83785,34.82815,34.20526,33.24154,29.69848,29.0,27.45906,29.41088,25.80698,26.40076,23.02173,21.93171,18.97367,17.26268,19.23538,14.14214,16.0,15.52417,13.34166,13.34166,11.40175,8.60233,7.81025,9.89949,8.60233,46.38965,53.08484,49.09175,55.00909,51.0,55.03635,54.23099,55.14526,60.67125,55.44367,60.29925,61.81424,62.64982,65.9242,67.08204,61.39218,69.42622,62.96825,68.24954,66.70832,68.65858,69.63476,64.53681,67.08204,72.78049,71.02112,70.03571,72.99315,66.28725,72.99315,65.49046,68.35934,67.18631,64.28063,67.36468,66.1211,63.00794,65.03076,64.0,65.27634,66.0303,60.40695,65.49046,60.82763,64.62971,61.0,59.84146,61.13101,59.20304,59.77458,59.77458,61.09828,59.13544,53.48832,57.24509,60.41523,53.66563
10.0,10.0,9.0,9.0,9.05539,9.05539,9.05539,9.21954,9.21954,8.24621,8.24621,8.24621,8.24621,8.24621,8.24621,8.24621,8.544,8.544,7.61577,7.28011,7.28011,7.28011,7.28011,7.28011,7.28011,7.28011,7.28011,7.07107,7.07107,7.07107,6.08276,6.0,6.0,6.0,6.08276,5.0,5.09902,4.12311,4.47214,4.47214,4.47214,3.60555,3.60555,3.60555,3.60555,2.82843,2.82843,2.82843,2.23607,2.23607,2.23607,2.23607,53.75872,52.95281,51.08816,50.01,52.46904,49.0102,50.01,50.01,47.01064,48.01042,46.38965,47.51842,44.55334,41.7732,45.70558,47.07441,43.41659,41.97618,41.76123,43.65776,44.59821,40.8534,43.32436,41.10961,38.27532,40.5216,40.02499,37.64306,38.07887,38.32754,37.10795,39.56008,35.51056,35.69314,35.35534,36.05551,32.14032,29.01724,30.41381,26.01922,27.65863,26.68333,23.4094,23.08679,21.54066,19.69772,17.49286,17.80449,21.26029,15.6205,13.45362,15.81139,11.6619,12.08305,12.16553,10.44031,12.36932,49.57822,51.62364,50.91169,54.48853,55.22681,55.60576,55.0,54.20332,58.60034,58.82176,61.05735,62.43397,63.81222,64.66065,66.03787,64.88451,71.34424,65.51336,66.88797,68.96376,67.74216,69.46222,65.8635,69.83552,68.26419,70.17834,67.41662,68.7968,67.95587,68.8186,65.0,68.60029,64.2028,65.29931,67.35726,65.79514,65.05382,65.79514,63.65532,63.65532,60.82763,64.2028,62.80127,63.24555,62.43397,59.07622,60.53924,59.94164,59.03389,59.05929,60.41523,59.09315,59.5063,54.42426,56.64804,58.82176,56.04463
7.81025,7.2111,7.81025,7.2111,8.06226,6.7082,7.61577,7.61577,7.61577,7.61577,7.61577,7.28011,7.28011,6.32456,6.32456,7.28011,6.08276,7.07107,6.08276,7.07107,6.08276,7.07107,6.32456,6.32456,6.32456,6.32456,5.09902,6.32456,5.38516,5.38516,4.47214,4.47214,4.47214,4.47214,3.60555,4.24264,3.60555,3.60555,3.60555,2.23607,2.23607,2.23607,3.16228,2.0,2.0,2.0,2.23607,2.23607,2.23607,1.41421,1.41421,2.23607,50.24938,49.67897,50.93133,48.10405,48.60041,48.10405,49.39636,46.40043,43.04649,43.04649,46.06517,45.17743,45.61798,44.01136,41.23106,44.27189,44.01136,43.65776,42.15448,41.76123,44.38468,41.48494,39.56008,40.5216,40.16217,41.0,42.05948,39.56008,37.94733,36.13862,36.68787,36.40055,35.4683,35.1141,33.10589,33.61547,30.01666,31.06445,30.01666,25.23886,23.43075,22.62742,21.40093,21.93171,17.88854,18.43909,16.12452,16.55295,14.86607,14.03567,12.0,14.14214,11.18034,14.56022,12.52996,8.60233,7.81025,51.0098,52.15362,53.08484,56.32051,57.07013,57.42822,56.88585,60.41523,59.03389,58.69412,64.53681,65.30697,65.30697,66.94027,66.70832,67.91171,70.0928,70.21396,72.27724,70.0928,68.41053,71.58911,66.94027,71.58911,71.06335,69.05071,68.44706,67.68309,69.05071,71.70077,65.62012,69.58448,69.46222,68.18358,69.02898,67.00746,65.19202,65.12296,68.18358,64.28063,64.12488,61.98387,61.84658,62.16912,63.34824,58.85576,57.97413,60.16644,58.82176,57.00877,57.77543,56.35601,58.18075,55.07268,57.80138,59.68249,53.85165
8.06226,8.06226,8.06226,8.06226,7.61577,8.544,8.544,8.544,8.24621,8.24621,8.544,8.24621,8.24621,8.24621,7.07107,8.06226,8.06226,8.06226,7.07107,7.07107,7.07107,7.07107,7.07107,7.07107,7.07107,7.07107,7.07107,6.08276,6.08276,6.32456,5.38516,5.38516,5.38516,5.38516,5.0,4.47214,4.24264,3.60555,3.60555,2.82843,2.82843,2.82843,2.23607,2.23607,2.23607,2.23607,2.23607,1.0,1.0,1.0,1.0,1.41421,48.27007,48.41487,45.22168,50.60632,47.43416,45.79301,43.38202,44.72136,45.31004,41.62932,44.94441,43.9659,42.72002,43.68066,43.68066,43.17407,41.97618,40.79216,39.29377,46.38965,40.31129,40.4475,40.1995,41.4367,40.1995,38.32754,37.85499,38.11824,41.0,37.85499,34.20526,33.95585,34.71311,33.54102,33.83785,31.95309,30.46309,26.57066,26.40076,26.62705,24.20744,21.26029,18.38478,21.2132,19.84943,17.02939,18.60108,17.46425,16.55295,14.86607,12.0,14.0,11.04536,13.34166,8.94427,10.77033,9.21954,50.80354,52.61179,53.60037,54.23099,57.31492,56.0803,54.03702,61.03278,59.0,60.13319,62.1289,63.12686,65.12296,65.19202,66.27217,68.06614,68.18358,68.35934,66.18912,64.19502,66.27217,68.11755,69.35416,67.26812,70.34913,69.11584,66.1211,69.26038,68.06614,67.06713,63.0,64.07027,68.18358,65.12296,65.49046,63.78871,63.50591,63.78871,61.81424,63.78871,59.90826,61.68468,59.13544,62.03225,57.00877,59.46427,54.626,55.4617,54.58938,60.41523,54.70832,55.80323,54.3783,52.63079,53.25411,51.66237,48.16638
7.07107,7.28011,7.28011,7.28011,7.28011,7.28011,7.61577,6.7082,6.7082,6.7082,6.7082,6.7082,6.7082,6.7082,6.7082,7.2111,7.2111,6.40312,6.40312,6.40312,6.40312,6.40312,6.40312,5.83095,5.83095,5.83095,5.83095,5.83095,5.83095,4.47214,4.47214,4.47214,4.12311,4.12311,4.12311,4.12311,3.0,3.0,3.0,2.23607,2.23607,2.23607,1.41421,1.41421,1.41421,1.41421,1.41421,1.0,1.0,1.0,1.0,1.41421,44.64303,45.88028,42.95346,43.18565,47.16991,42.10701,42.0,41.01219,42.04759,43.28972,43.28972,42.19005,41.30375,38.63936,39.45884,40.79216,40.60788,39.29377,37.10795,38.8973,39.84972,37.64306,35.4683,35.4683,37.36308,36.76955,35.73514,37.10795,32.75668,35.17101,34.48188,32.55764,30.08322,30.59412,31.57531,27.01851,27.01851,24.0,25.4951,25.07987,22.56103,20.39608,16.49242,16.15549,17.20465,16.55295,16.12452,13.0384,13.0384,12.80625,9.84886,8.06226,8.24621,9.48683,9.05539,9.21954,5.83095,51.62364,53.2635,56.0803,56.40035,55.21775,59.36329,56.30275,59.68249,61.91123,61.91123,63.52952,65.29931,67.53518,66.64083,64.84597,69.35416,69.77822,69.35416,67.1193,67.97794,65.79514,68.42514,69.77822,71.17584,68.42514,71.55418,66.21178,69.77105,68.96376,65.8635,61.91123,64.3506,69.33974,65.19202,65.21503,66.0303,64.2028,63.89053,63.12686,63.78087,63.70243,63.65532,58.69412,61.52235,56.85068,61.55485,59.20304,57.80138,57.42822,55.80323,55.22681,55.9464,54.20332,50.60632,55.56978,53.31041,49.76947
7.61577,7.61577,7.61577,7.61577,7.61577,7.61577,8.06226,7.2111,7.2111,7.2111,7.2111,7.81025,6.40312,6.40312,6.40312,7.2111,7.81025,6.40312,6.40312,6.40312,6.40312,6.40312,6.40312,6.40312,6.40312,6.40312,5.83095,5.83095,5.0,5.38516,4.47214,4.47214,4.12311,4.12311,4.12311,4.12311,3.0,3.0,2.0,2.0,2.23607,2.23607,1.41421,1.41421,1.41421,1.0,1.0,1.0,1.41421,1.41421,1.41421,1.41421,42.72002,48.83646,45.35416,44.91102,47.26521,42.57934,46.01087,42.10701,44.01136,42.0119,42.0119,41.30375,42.19005,43.10452,41.10961,41.59327,40.26164,40.02499,36.67424,40.60788,41.4367,38.63936,36.40055,35.90265,35.51056,36.40055,37.85499,36.87818,32.98485,34.71311,35.51056,31.06445,32.24903,25.01999,31.06445,26.01922,28.0,27.45906,23.76973,23.4094,22.84732,22.36068,17.88854,16.40122,16.27882,17.80449,12.04159,13.0,11.40175,12.64911,12.04159,8.24621,7.07107,8.06226,9.84886,7.28011,5.83095,53.53504,53.00943,57.00877,57.48913,62.24147,56.56854,59.46427,60.44005,63.89053,65.8559,66.06815,68.41053,69.81404,69.81404,68.8186,74.33034,69.89278,77.17513,69.63476,72.40166,74.09453,74.33034,75.80237,71.86793,70.72482,73.23933,72.11103,71.02816,75.21303,66.61081,71.84706,66.61081,66.4003,65.60488,69.2026,67.62396,70.29225,65.11528,67.20863,66.46804,61.52235,67.94115,65.19202,68.76772,58.41233,65.43699,61.07373,57.68882,59.90826,62.43397,57.14018,56.82429,52.35456,57.70615,54.626,52.3259,55.03635
8.0,8.0,8.0,8.06226,8.06226,7.07107,7.07107,8.06226,8.24621,7.28011,7.28011,7.28011,7.28011,7.28011,7.61577,7.28011,6.32456,6.32456,6.32456,6.32456,6.32456,6.32456,6.32456,6.32456,5.38516,5.09902,5.09902,5.09902,5.09902,4.0,4.0,4.0,4.0,3.0,3.16228,3.16228,2.23607,2.23607,2.23607,2.23607,2.23607,2.23607,1.0,2.0,2.0,1.41421,1.41421,1.41421,1.41421,1.41421,2.23607,2.23607,46.87217,46.09772,46.57252,42.10701,42.57934,41.01219,44.01136,42.0,41.10961,41.10961,45.54119,41.04875,37.65634,39.05125,39.29377,39.29377,41.97618,38.32754,35.90265,37.64306,36.13862,33.54102,33.24154,32.01562,31.7805,34.20526,28.16026,31.32092,32.38827,29.83287,26.30589,25.4951,28.0,24.02082,20.22375,24.33105,22.09072,18.97367,19.64688,15.65248,16.64332,14.21267,15.81139,15.81139,13.0384,10.0,10.0,11.0,12.04159,13.41641,10.0,11.18034,11.18034,11.40175,11.31371,12.52996,15.81139,50.24938,51.73973,55.0,54.6443,59.90826,56.0357,59.68249,60.03332,65.76473,64.84597,67.53518,68.42514,71.11259,70.68239,71.30919,71.30919,73.92564,75.02666,73.53911,72.61543,72.61543,69.89278,72.23573,71.30919,74.67262,72.61543,69.46222,70.77429,71.11259,68.8767,69.35416,66.18912,68.60029,69.83552,69.11584,64.3506,66.03787,63.82006,66.21933,64.40497,63.03174,65.11528,62.96825,65.11528,57.28001,60.87693,57.38467,56.0803,55.60576,55.44367,57.80138,52.15362,52.15362,52.69725,48.8774,46.61545,45.69464
6.7082,7.2111,7.2111,7.2111,6.40312,6.40312,6.40312,7.07107,7.07107,6.40312,6.40312,6.40312,6.40312,5.83095,5.83095,5.83095,5.83095,5.83095,5.83095,5.83095,5.83095,5.83095,5.83095,5.83095,5.83095,5.0,5.0,5.0,5.0,5.0,4.24264,4.24264,5.0,4.47214,4.12311,4.12311,4.12311,4.12311,4.12311,4.0,4.12311,4.12311,4.0,4.12311,4.12311,4.47214,4.47214,3.16228,3.60555,3.60555,3.60555,4.24264,42.44997,38.20995,39.05125,40.0,36.13862,36.67424,35.69314,33.24154,38.60052,36.67424,32.69557,35.34119,34.43835,33.83785,34.66987,33.30165,36.40055,36.12478,35.38361,30.41381,36.06938,31.14482,29.83287,36.23534,31.241,30.41381,29.73214,29.73214,29.0,25.4951,23.43075,26.87006,26.24881,23.43075,23.70654,24.18677,21.18962,21.63331,21.18962,21.09502,22.2036,21.0238,20.02498,21.2132,21.0238,19.69772,20.61553,21.18962,18.02776,21.9545,17.20465,21.26029,21.93171,18.43909,20.80865,22.67157,20.61553,53.7122,59.94164,58.30952,58.66856,59.16925,61.7171,61.58734,64.88451,71.34424,66.18912,65.29931,71.11259,72.00694,77.38863,77.47258,72.94518,76.05919,73.40981,75.76939,72.91776,73.53911,77.83315,73.38937,72.53275,72.53275,74.33034,72.56721,75.13322,69.72087,72.24957,68.18358,67.0,66.06815,69.06519,66.27217,63.78871,63.56099,63.78871,64.56005,68.00735,67.77905,58.13777,60.82763,59.48109,55.47071,59.20304,58.60034,54.56189,57.28001,53.07542,52.3259,51.85557,47.63402,45.22168,51.0,43.82921,43.82921
6.32456,5.83095,5.83095,5.83095,5.83095,5.65685,5.65685,5.65685,6.40312,5.65685,5.83095,6.40312,5.0,5.0,5.0,5.83095,5.38516,5.83095,5.38516,5.38516,5.38516,4.47214,5.38516,4.47214,5.0,4.47214,4.47214,4.24264,4.24264,3.60555,4.24264,4.24264,3.60555,3.60555,3.60555,3.60555,3.16228,4.12311,3.0,3.0,3.0,3.0,3.16228,3.16228,3.0,3.16228,3.16228,3.16228,3.60555,2.82843,2.82843,2.82843,36.01389,38.32754,36.22154,35.51056,35.69314,34.78505,33.52611,34.88553,33.24154,37.12142,36.05551,33.30165,34.4093,33.01515,34.65545,31.241,31.1127,32.55764,30.41381,32.55764,30.61046,29.69848,29.15476,29.41088,27.01851,29.06888,29.20616,28.84441,27.01851,25.23886,25.4951,23.34524,22.67157,25.45584,25.80698,21.93171,23.32381,22.82542,21.18962,19.23538,21.2132,22.09072,21.09502,24.02082,25.17936,21.09502,23.02173,22.84732,18.97367,19.69772,18.86796,19.72308,19.20937,24.04163,21.26029,22.02272,19.41649,58.82176,55.02727,63.24555,62.03225,61.09828,60.74537,63.24555,68.00735,69.28925,71.7844,70.93659,73.05477,74.63243,77.49194,75.0,77.16217,80.32434,74.94665,77.36924,73.97973,75.18643,76.68768,76.29548,77.27872,76.79193,74.8131,73.33485,75.02666,72.11103,70.00714,68.11755,68.26419,67.08204,66.70832,70.34202,67.72001,66.40783,65.19202,63.97656,63.95311,62.17717,67.41662,62.96825,64.63745,58.89822,62.24147,58.0,57.38467,54.56189,56.0803,50.80354,51.0392,48.8774,45.61798,49.24429,45.54119,43.65776
6.08276,6.0,6.0,6.0,6.0,6.08276,6.08276,6.32456,6.32456,6.32456,5.38516,5.38516,5.38516,5.38516,5.38516,5.0,5.83095,5.0,5.83095,4.47214,4.47214,4.47214,5.0,5.38516,4.47214,4.47214,4.47214,5.38516,5.09902,4.12311,5.09902,5.09902,5.0,5.0,4.0,4.0,4.12311,5.09902,5.09902,5.38516,4.47214,4.47214,4.47214,4.47214,5.0,5.0,5.0,5.0,5.0,5.0,4.24264,5.0,40.22437,37.69615,35.4683,34.71311,33.95585,33.24154,35.51056,30.01666,35.01428,37.21559,37.12142,30.59412,32.98485,33.95585,29.12044,32.69557,33.24154,32.64966,27.73085,31.76476,31.62278,30.41381,29.15476,29.15476,29.15476,26.07681,30.01666,25.55386,27.45906,28.01785,24.35159,25.63201,26.92582,26.24881,25.29822,25.70992,23.02173,23.08679,26.0,23.08679,23.0,25.31798,22.80351,24.73863,25.0,22.84732,22.47221,24.59675,21.0238,26.92582,20.0,26.90725,26.1725,24.75884,24.08319,22.2036,24.18677,58.24946,56.85948,60.74537,63.24555,66.28725,62.96825,68.09552,67.95587,67.41662,71.56116,76.02631,74.4043,75.0,75.43209,75.60423,77.98718,74.65253,79.02531,75.16648,77.23341,77.23341,78.49204,77.83315,76.41989,73.0,78.1025,69.40461,71.02816,75.71658,68.7968,69.83552,68.942,67.77905,67.06713,70.21396,66.09841,67.26812,67.60178,65.27634,66.00758,59.03389,64.07027,60.20797,59.5399,55.10898,61.84658,53.60037,55.71355,55.97321,51.62364,50.08992,53.33854,46.61545,50.47772,41.86884,42.44997,45.27693
6.40312,6.40312,6.40312,6.40312,5.83095,5.83095,5.83095,5.83095,5.38516,6.32456,5.38516,5.38516,5.38516,5.09902,6.08276,5.09902,5.09902,5.09902,6.08276,6.08276,5.09902,5.09902,5.09902,5.09902,5.09902,5.09902,4.47214,5.09902,5.09902,4.47214,4.47214,4.47214,4.47214,5.0,4.24264,4.24264,5.0,4.24264,4.24264,5.0,4.47214,4.47214,5.0,5.38516,5.38516,5.38516,5.38516,5.09902,5.38516,4.12311,5.09902,5.0,33.24154,32.20248,33.83785,30.88689,33.01515,32.64966,35.35534,33.30165,35.60899,32.64966,29.15476,27.313,30.8707,36.40055,28.86174,28.4605,30.08322,31.40064,28.44293,28.16026,30.14963,30.41381,29.27456,28.28427,31.40064,31.14482,25.01999,26.0,26.07681,25.70992,23.34524,23.19483,24.73863,26.24881,24.69818,28.79236,24.59675,26.07681,25.80698,25.45584,24.83948,22.80351,24.08319,25.45584,23.34524,25.23886,24.69818,25.55386,24.59675,20.88061,24.35159,23.5372,25.0,27.51363,24.04163,25.31798,25.07987,62.80127,61.61169,63.15061,64.03124,66.09841,68.44706,66.76077,71.38627,77.36924,71.19691,72.99315,77.78175,79.76215,76.79193,76.65507,78.77182,80.50466,80.30567,79.02531,78.16009,80.025,77.02597,78.02564,76.10519,76.41989,75.31268,74.52516,76.29548,73.08215,70.21396,68.00735,69.07966,69.35416,68.42514,68.0,66.57327,65.21503,65.29931,65.79514,65.79514,60.81118,59.03389,57.80138,60.80296,62.1289,54.58938,53.23533,56.36488,52.80152,55.71355,47.29693,48.83646,49.81967,43.01163,46.01087,39.05125,42.0119
4.12311,4.0,4.0,4.0,5.09902,4.12311,4.47214,4.47214,4.47214,4.47214,4.47214,4.47214,5.0,4.47214,5.0,4.24264,4.24264,4.24264,4.24264,4.24264,4.24264,4.24264,4.24264,4.24264,3.60555,4.24264,3.60555,3.60555,3.60555,3.60555,3.60555,3.60555,4.47214,4.12311,3.16228,3.16228,3.0,4.0,4.0,4.0,3.16228,3.16228,4.12311,3.16228,3.16228,3.16228,3.60555,3.16228,3.60555,3.60555,3.60555,3.60555,31.62278,30.08322,34.48188,29.73214,26.4764,29.01724,26.07681,25.0,24.5153,29.12044,27.51363,28.4605,29.06888,26.0,25.55386,26.92582,26.92582,27.65863,28.3196,26.24881,29.73214,23.43075,24.08319,21.2132,24.75884,23.60085,24.04163,23.34524,26.1725,23.34524,24.75884,25.45584,22.2036,24.69818,20.0,25.05993,21.47091,23.70654,26.0,19.69772,19.41649,24.08319,27.29469,27.16616,26.0,19.10497,23.0,24.0,22.0,24.33105,21.84033,24.73863,26.68333,24.69818,24.5153,24.69818,23.85372,60.82763,65.9242,62.80127,69.87131,66.09841,69.35416,71.84706,72.69113,74.1485,73.5459,74.95332,77.46612,80.77747,80.08121,81.27115,76.92204,81.59657,76.2168,81.15417,80.62258,79.15807,79.60528,73.92564,74.43118,77.69813,74.4043,72.20111,78.74643,72.24957,72.83543,66.52819,73.81734,66.61081,68.50547,70.3278,65.30697,62.24147,65.45991,62.64184,64.28841,65.62012,58.30952,61.20457,60.00833,59.03389,57.87055,55.7315,54.34151,52.17279,50.44799,46.23851,49.39636,45.61798,41.18252,39.66106,38.58756,38.41875
5.0,5.0,4.24264,5.0,4.47214,5.38516,4.47214,5.38516,5.09902,4.12311,5.09902,5.09902,5.09902,4.12311,4.0,4.0,5.0,4.0,4.0,5.0,4.0,4.0,4.0,4.0,4.12311,4.0,4.0,4.12311,4.12311,4.12311,3.60555,3.60555,3.60555,4.47214,4.47214,4.47214,3.60555,4.24264,4.24264,4.24264,4.24264,4.24264,4.47214,4.24264,3.60555,3.60555,3.60555,4.47214,4.12311,4.12311,4.12311,4.12311,32.24903,24.02082,28.4605,35.73514,27.313,25.94224,26.07681,28.01785,26.1725,28.42534,29.41088,25.0,26.07681,24.18677,28.42534,25.94224,24.18677,24.59675,24.69818,26.92582,25.4951,23.76973,21.58703,24.5153,23.08679,25.29822,21.58703,24.73863,19.69772,24.69818,24.16609,24.18677,17.49286,21.9545,24.18677,22.67157,20.24846,20.51828,23.34524,23.34524,26.90725,25.6125,23.70654,25.63201,22.47221,24.69818,24.16609,27.65863,23.08679,21.93171,27.85678,24.5153,26.4764,23.34524,24.18677,25.01999,23.02173,63.41136,63.25346,64.44377,68.11755,72.34639,68.24954,71.21798,73.23933,79.20227,73.4983,75.0,78.60025,81.5414,84.31489,83.86298,83.00602,82.0975,78.54935,80.9506,83.72574,80.05623,81.15417,77.47258,76.89603,74.33034,79.40403,77.62087,77.66595,71.30919,73.68175,74.33034,69.18092,68.11755,71.34424,68.06614,68.88396,62.96825,69.12308,61.68468,64.84597,63.32456,59.5399,63.07139,58.66856,58.00862,51.85557,54.56189,53.03772,55.31727,51.40039,46.40043,48.60041,45.17743,37.12142,37.58989,37.57659,38.07887
4.0,4.12311,4.12311,3.16228,4.12311,3.60555,3.60555,4.24264,4.24264,4.24264,4.24264,4.24264,4.24264,3.60555,3.60555,4.47214,3.60555,4.47214,4.47214,3.60555,3.60555,4.47214,3.60555,3.60555,3.60555,3.60555,3.60555,3.60555,4.24264,3.60555,4.24264,4.24264,4.24264,4.24264,3.60555,3.60555,3.60555,4.47214,4.47214,4.47214,3.16228,4.12311,4.47214,4.12311,4.12311,4.12311,4.12311,4.12311,4.12311,4.12311,4.0,4.0,26.57066,25.63201,26.4764,24.08319,24.08319,22.02272,25.17936,23.5372,22.47221,21.93171,20.0,21.63331,23.60085,21.93171,22.67157,22.02272,21.26029,21.40093,20.80865,24.20744,20.80865,22.62742,20.61553,23.70654,18.43909,23.43075,19.20937,20.51828,19.84943,23.34524,24.18677,20.80865,20.61553,19.84943,19.84943,20.80865,23.70654,25.55386,23.60085,18.35756,23.60085,21.0238,28.4605,23.5372,25.0,24.04163,19.92486,24.18677,25.4951,24.02082,26.30589,25.01999,23.08679,23.0,24.08319,22.02272,23.34524,61.68468,61.35145,64.19502,64.2573,65.78754,67.35726,68.70953,71.51224,70.2282,70.00714,75.02666,76.6942,77.36924,79.20227,77.36924,78.26238,78.26238,76.53757,78.77182,80.1561,80.44874,80.28076,78.24321,75.28612,76.38063,77.10383,72.83543,69.42622,69.52697,68.50547,67.23095,67.54258,63.95311,68.15424,64.84597,64.03124,64.53681,61.52235,59.4138,63.12686,59.07622,56.00893,56.0803,53.23533,52.7731,54.81788,52.20153,48.46648,44.94441,47.53946,47.88528,44.10215,38.58756,36.76955,32.80244,36.76955,35.38361
4.0,3.16228,4.12311,3.16228,3.16228,3.16228,3.60555,3.60555,3.60555,2.82843,2.82843,3.60555,3.60555,3.60555,2.82843,2.82843,3.60555,2.82843,3.16228,3.16228,3.16228,3.16228,3.60555,3.60555,3.16228,2.82843,2.82843,3.60555,2.82843,3.60555,2.82843,2.82843,2.82843,3.60555,3.60555,4.47214,4.12311,3.16228,3.16228,4.12311,4.12311,4.12311,4.12311,4.12311,4.12311,5.09902,4.12311,4.12311,4.0,4.0,4.0,4.0,27.65863,25.17936,25.07987,23.34524,25.0,22.82542,26.07681,23.70654,22.80351,24.20744,21.26029,21.26029,23.85372,22.80351,22.80351,21.63331,24.16609,22.36068,23.76973,20.12461,21.84033,20.59126,21.54066,18.97367,21.54066,23.08679,19.69772,20.61553,21.93171,19.41649,20.12461,18.35756,22.82542,23.85372,21.09502,25.05993,20.24846,23.85372,21.26029,19.84943,24.08319,23.32381,23.34524,29.06888,26.24881,28.3196,26.41969,31.40064,27.29469,27.20294,27.313,26.83282,25.0,22.84732,25.07987,24.69818,26.24881,61.77378,65.29931,67.1193,65.76473,68.0,68.47627,68.26419,73.06162,72.94518,71.86793,78.54935,77.69813,79.88116,81.27115,80.43009,82.61961,82.32861,84.38602,83.48653,81.34494,76.48529,80.43009,79.39773,79.81228,77.46612,75.66373,77.17513,69.35416,71.86793,70.5762,71.16881,67.72001,68.88396,62.64982,71.44928,66.0303,66.00758,66.18912,59.13544,64.13267,63.78871,59.13544,55.97321,56.921,53.22593,50.53712,49.92995,49.39636,47.01064,45.96738,45.27693,43.13931,41.23106,40.60788,39.66106,36.05551,36.23534
5.0,5.0,5.0,5.0,4.47214,4.47214,4.47214,5.09902,4.47214,5.09902,4.12311,4.12311,4.12311,4.0,4.0,4.0,4.0,4.0,5.0,5.09902,4.0,5.0,4.0,5.0,5.0,5.0,4.0,5.0,5.0,5.09902,5.0,5.0,5.09902,5.09902,5.38516,5.38516,5.38516,6.08276,6.32456,6.32456,5.38516,6.32456,6.32456,5.38516,5.83095,5.38516,5.83095,5.38516,5.38516,5.83095,5.83095,5.83095,30.36445,23.08679,30.8707,21.09502,23.34524,21.93171,22.80351,25.0,23.70654,21.84033,21.47091,21.18962,18.38478,23.19483,22.56103,21.2132,21.2132,20.39608,24.02082,23.08679,21.09502,21.18962,26.01922,21.58703,22.09072,24.18677,21.2132,23.5372,23.08679,20.09975,20.0,23.02173,26.0,24.0,22.02272,25.01999,26.01922,27.07397,26.4764,26.68333,23.02173,25.29822,31.14482,26.68333,28.4605,26.41969,29.41088,30.67572,31.38471,28.79236,30.46309,29.12044,31.32092,28.63564,30.08322,29.15476,28.6531,60.60528,65.43699,60.60528,67.80118,63.12686,73.75636,68.68042,72.13876,73.5527,70.76722,76.41989,75.0733,81.46779,82.46211,83.86895,75.82216,81.05554,78.49204,79.61156,76.94154,76.02631,81.43709,75.6439,76.32169,70.5195,73.76313,72.53275,74.52516,68.593,71.25307,68.02941,70.17834,70.25667,65.11528,66.21933,62.03225,60.16644,63.07139,59.48109,58.83026,61.40033,55.80323,55.21775,55.31727,56.56854,49.81967,47.80167,49.39636,47.16991,43.46263,42.04759,42.05948,40.24922,35.51056,36.87818,35.51056,30.0
4.24264,5.0,5.0,4.47214,4.47214,5.38516,4.12311,4.12311,5.09902,4.12311,5.09902,5.0,5.09902,4.12311,4.0,5.0,5.0,5.0,4.0,5.0,4.0,5.0,5.0,5.0,5.0,5.0,5.0,5.09902,5.09902,5.0,5.09902,5.09902,5.38516,5.38516,5.38516,5.09902,5.38516,5.83095,5.83095,5.83095,5.38516,5.38516,5.83095,5.83095,5.83095,5.83095,5.0,5.0,5.65685,5.65685,5.65685,5.0,29.41088,27.29469,24.59675,24.83948,25.4951,21.93171,22.67157,24.41311,22.2036,21.9545,23.25941,20.61553,25.29822,22.13594,25.29822,23.34524,23.02173,23.19483,23.5372,24.08319,24.08319,29.01724,25.0,21.09502,22.2036,23.02173,26.1725,24.02082,25.01999,26.01922,23.02173,24.0,24.18677,26.01922,26.68333,26.4764,28.63564,26.30589,30.08322,31.04835,29.41088,31.01612,28.63564,26.40076,29.96665,32.89377,31.01612,30.41381,35.8469,30.46309,30.46309,33.10589,32.75668,31.38471,30.0,32.01562,31.241,63.28507,61.77378,58.83026,63.28507,67.42403,66.03787,65.0,72.94518,75.29276,71.58911,75.17978,78.71467,78.26238,79.15807,79.70571,75.76939,80.05623,80.65358,80.28076,74.63243,76.40026,78.91768,74.96666,77.10383,74.8131,75.05998,74.10803,73.00685,73.02739,73.43705,70.40597,66.94027,65.78754,66.7308,63.69458,63.97656,64.40497,64.41273,64.3506,66.85058,59.20304,58.69412,59.4138,55.15433,55.80323,50.47772,54.08327,54.70832,52.7731,45.69464,47.41308,45.18849,43.9659,39.62323,35.22783,37.01351,34.23449
5.0,4.0,4.12311,4.12311,4.12311,4.12311,3.60555,3.60555,3.60555,3.60555,3.60555,3.60555,3.60555,3.60555,3.60555,3.60555,3.60555,3.60555,3.60555,3.60555,3.60555,4.47214,4.24264,4.47214,3.60555,3.60555,4.24264,5.0,5.0,4.24264,4.24264,4.24264,5.0,4.24264,5.0,5.0,5.38516,5.0,5.0,5.0,5.38516,5.38516,5.0,5.38516,5.38516,5.38516,5.38516,4.47214,4.47214,4.47214,5.09902,5.09902,35.73514,28.4605,30.59412,28.44293,24.33105,29.0,24.0,28.07134,23.34524,22.80351,22.13594,26.83282,24.59675,23.32381,21.9545,20.80865,25.23886,25.0,25.4951,22.67157,23.34524,23.43075,23.43075,23.34524,24.20744,25.45584,22.67157,26.1725,26.87006,24.75884,26.87006,26.24881,25.6125,30.0,26.40076,31.40064,27.45906,33.6006,28.30194,30.88689,28.63564,30.88689,31.30495,29.41088,33.61547,30.67572,33.83785,32.20248,29.61419,28.86174,31.32092,30.59412,33.52611,29.12044,31.7805,25.17936,30.06659,55.9464,64.41273,55.4617,66.21178,59.9333,68.0,68.88396,64.88451,71.19691,65.73431,72.71864,71.86793,78.49204,78.23682,78.23682,71.28113,82.80097,71.06335,82.13404,79.20859,72.83543,78.49204,72.18033,73.10951,75.28612,74.4043,75.47185,74.94665,69.77822,76.47876,64.84597,72.8011,66.76077,71.30919,66.94027,70.03571,61.52235,64.19502,63.07139,65.00769,64.19502,55.9017,61.81424,59.48109,59.48109,60.41523,52.20153,50.56679,52.3259,50.53712,46.14109,45.80393,45.22168,36.05551,41.03657,41.72529,33.24154
5.0,4.12311,4.12311,4.12311,4.12311,4.47214,4.47214,4.47214,5.0,4.24264,4.24264,5.0,4.24264,4.24264,4.24264,5.0,5.0,4.47214,5.0,5.0,5.0,5.0,5.0,5.83095,5.0,5.0,5.38516,5.65685,5.65685,5.83095,5.65685,5.65685,5.65685,5.65685,5.65685,5.65685,5.65685,6.40312,6.40312,5.65685,5.0,5.0,5.83095,5.83095,5.0,5.0,5.0,5.38516,5.38516,5.38516,5.38516,5.38516,30.23243,30.01666,28.4605,32.28002,27.01851,29.27456,26.07681,27.01851,24.08319,26.1725,24.73863,27.89265,26.68333,25.07987,24.59675,28.84441,28.30194,25.23886,27.20294,26.41969,26.1725,23.34524,25.6125,24.83948,26.90725,24.69818,24.75884,29.0,30.41381,28.42534,26.1725,31.82766,25.6125,31.62278,27.20294,30.52868,33.01515,29.15476,34.48188,32.20248,31.38471,32.75668,34.53983,34.48188,34.48188,32.64966,34.0147,29.15476,31.95309,33.61547,32.57299,27.313,30.59412,32.98485,31.62278,31.57531,29.27456,55.14526,59.03389,61.07373,65.00769,64.03124,66.06815,65.12296,68.18358,72.33948,68.26419,66.48308,74.96666,74.73286,77.87811,74.96666,72.56721,78.84795,74.33034,77.49194,77.49194,71.69379,74.46476,71.58911,72.94518,73.57309,74.4043,72.47068,72.91776,68.0147,72.13876,70.29225,70.29225,67.00746,70.72482,69.33974,65.30697,62.39391,65.79514,63.56886,62.0967,66.09841,58.69412,59.4138,60.07495,59.07622,55.14526,51.24451,51.47815,48.83646,47.67599,44.59821,46.17359,46.95743,40.71855,45.65085,41.88078,38.83298
5.0,5.0,4.12311,5.09902,5.09902,4.12311,4.47214,4.47214,4.47214,5.0,5.0,5.0,5.0,5.0,5.0,5.0,5.0,5.0,5.0,5.0,5.0,5.0,5.0,5.0,5.65685,5.0,5.0,5.65685,5.65685,5.65685,5.65685,5.65685,6.40312,6.40312,5.65685,5.65685,5.83095,5.83095,5.83095,5.83095,5.83095,5.83095,5.83095,5.83095,5.38516,5.38516,5.38516,5.38516,5.38516,5.38516,5.09902,5.09902,31.01612,32.20248,29.41088,30.08322,33.24154,31.14482,27.01851,28.07134,26.4764,26.4764,30.8707,25.29822,30.08322,24.69818,27.73085,27.29469,21.47091,23.32381,32.01562,27.20294,30.4795,26.90725,27.58623,27.58623,24.04163,28.28427,30.41381,29.69848,28.28427,29.06888,33.30165,29.0,35.60899,33.24154,33.24154,30.80584,32.64966,34.71311,36.40055,33.01515,38.60052,34.48188,34.98571,34.1321,34.0,37.16181,30.88689,36.76955,30.46309,30.08322,30.67572,32.31099,36.40055,33.24154,30.08322,33.37664,27.01851,55.4617,55.03635,61.84658,59.9333,61.46544,57.93962,64.41273,65.36819,68.0,69.31811,70.26379,71.55418,72.94518,73.57309,74.88658,73.4983,76.02631,70.60453,73.24616,71.58911,71.8401,74.95332,74.24958,72.18033,73.75636,72.34639,69.63476,70.17834,70.83078,70.71068,68.8767,65.74192,62.62587,63.78871,65.96969,65.9242,67.89698,66.91039,68.26419,64.12488,61.03278,62.28965,59.5399,59.66574,56.75385,56.51548,53.14132,53.66563,52.0,46.95743,48.37355,48.37355,46.2277,46.75468,43.27817,39.62323,42.2019
6.0,5.09902,6.08276,5.09902,5.38516,5.38516,4.47214,5.0,5.0,5.0,5.0,5.0,4.24264,5.0,5.0,5.0,5.0,5.0,4.47214,4.47214,4.47214,4.47214,5.0,4.47214,5.83095,5.0,5.0,5.83095,5.0,5.65685,5.0,5.0,5.65685,5.65685,6.40312,6.40312,5.83095,5.65685,5.83095,5.0,5.83095,5.83095,5.83095,5.38516,5.83095,5.38516,5.38516,5.38516,5.38516,5.09902,5.09902,5.09902,38.0,34.0,35.0,33.01515,33.24154,31.7805,31.95309,32.69557,32.89377,30.08322,29.54657,30.23243,28.01785,28.01785,27.58623,28.42534,29.69848,28.42534,26.62705,26.40076,31.40064,27.65863,26.40076,29.52965,28.84441,30.88689,26.92582,34.4093,30.01666,31.38471,31.90611,34.4093,30.88689,31.76476,31.06445,33.6006,36.79674,36.12478,33.83785,33.24154,31.82766,31.89044,33.30165,36.87818,30.4795,32.24903,33.61547,32.64966,35.8469,32.24903,30.41381,31.76476,32.64966,31.30495,30.8707,31.95309,29.83287,53.53504,59.90826,53.53504,62.42596,61.61169,62.43397,62.68174,63.00794,64.07027,62.76942,68.60029,71.58911,72.47068,71.58911,76.05919,69.83552,77.36924,71.11259,73.00685,75.76939,70.2282,74.33034,71.8401,71.38627,72.56721,74.1485,75.95393,73.43705,71.34424,73.00685,63.00794,74.16873,67.36468,69.2315,66.75328,64.53681,64.53681,65.55151,64.84597,63.95311,64.84597,60.53924,63.82006,62.00806,61.61169,53.07542,55.97321,59.4138,56.58622,53.07542,54.08327,51.97115,51.31277,42.95346,46.06517,47.92703,45.22168
6.0,5.0,5.09902,5.38516,5.38516,5.38516,4.47214,4.47214,5.0,5.0,5.0,5.0,5.0,5.0,5.0,5.0,5.0,4.47214,5.0,5.0,4.47214,5.38516,5.0,5.83095,5.38516,5.0,5.0,5.83095,5.83095,5.0,5.0,5.83095,5.65685,5.65685,6.40312,5.65685,5.83095,5.83095,5.0,5.83095,5.38516,5.83095,5.83095,5.38516,5.38516,5.38516,5.38516,5.38516,4.12311,5.09902,5.09902,5.09902,38.63936,35.44009,38.11824,33.06055,34.0147,34.0,28.07134,33.83785,28.63564,31.32092,31.01612,32.64966,25.94224,34.48188,27.78489,27.80288,27.80288,33.24154,31.14482,27.65863,32.55764,27.01851,30.0,28.01785,30.0,32.64966,28.01785,30.23243,32.80244,33.6006,32.64966,33.42155,31.14482,35.38361,29.73214,33.30165,35.38361,33.24154,34.71311,31.82766,33.6006,31.76476,33.83785,32.75668,36.05551,31.7805,33.54102,33.54102,31.62278,29.73214,29.73214,28.4605,29.15476,31.01612,30.08322,29.01724,29.01724,50.24938,55.15433,51.62364,60.10824,53.07542,61.55485,58.72819,58.89822,62.28965,60.959,66.70832,65.43699,68.24222,71.28113,72.20111,66.8431,74.33034,66.28725,71.19691,67.1193,68.8767,72.09022,66.70832,69.07966,70.5762,68.41053,67.18631,71.58911,60.87693,72.69113,63.28507,72.1734,65.06919,62.00806,67.36468,65.49046,63.95311,61.98387,61.84658,63.06346,70.00714,57.38467,61.29437,58.18075,61.05735,53.7122,55.80323,53.75872,54.81788,51.62364,53.90733,50.91169,51.40039,43.56604,45.60702,48.37355,39.82462
6.40312,5.65685,5.0,5.83095,5.38516,5.38516,5.38516,5.38516,5.38516,5.09902,5.09902,5.09902,4.0,5.0,4.0,5.0,5.0,5.09902,5.0,4.12311,5.09902,5.0,5.09902,5.0,5.09902,5.0,6.0,5.0,5.0,6.0,5.0,5.09902,5.09902,5.09902,5.09902,6.08276,6.08276,5.38516,5.38516,5.38516,5.38516,5.38516,5.38516,5.38516,5.83095,5.83095,5.83095,5.0,5.0,5.0,5.65685,5.0,35.34119,37.58989,40.0,32.44996,36.87818,34.65545,35.0,32.01562,29.15476,30.01666,32.24903,31.38471,30.8707,30.08322,25.63201,28.86174,30.14963,31.57531,29.42788,30.26549,28.28427,30.0,34.05877,33.06055,30.14963,31.01612,30.06659,30.01666,31.01612,27.01851,33.01515,35.35534,33.37664,32.24903,32.24903,35.35534,32.55764,38.07887,37.10795,37.0,36.68787,33.61547,35.34119,35.4683,34.9285,34.0,35.8469,30.52868,33.61547,36.89173,30.80584,31.06445,32.01562,29.06888,29.0,29.0,29.83287,51.62364,51.47815,55.3263,53.23533,57.31492,56.0357,59.3043,61.29437,62.1289,63.63961,60.82763,66.91039,70.21396,67.89698,67.68309,68.06614,71.30919,69.12308,69.89278,72.42237,70.88018,70.93659,70.83784,70.66116,68.42514,73.06162,68.0,72.40166,71.21798,68.88396,67.17887,68.0147,67.94115,68.0147,65.43699,68.24954,67.42403,64.89992,65.51336,63.50591,65.79514,61.84658,64.2573,67.77905,56.30275,59.48109,57.28001,55.44367,57.31492,54.23099,53.23533,55.08176,51.0,51.47815,49.47727,46.87217,47.51842
5.09902,5.38516,5.38516,5.38516,5.0,4.47214,5.0,5.0,4.24264,5.0,5.0,5.0,5.0,5.0,4.47214,5.38516,4.47214,5.38516,5.38516,5.38516,5.38516,5.09902,5.38516,5.38516,5.38516,4.47214,5.83095,5.38516,5.38516,5.83095,5.83095,5.83095,5.83095,5.83095,5.65685,5.65685,5.65685,5.65685,5.65685,5.0,5.65685,5.0,5.65685,5.0,4.47214,4.47214,4.47214,4.47214,5.38516,4.47214,5.09902,4.12311,38.0,34.71311,34.71311,30.36445,31.01612,26.83282,25.94224,30.88689,31.40064,30.23243,29.06888,28.42534,29.73214,26.1725,30.61046,30.01666,27.73085,31.7805,30.36445,26.40076,29.52965,29.41088,31.7805,30.8707,31.01612,36.40055,30.08322,32.31099,30.46309,30.08322,34.9285,32.69557,35.35534,31.95309,29.96665,34.0,33.54102,34.0,35.8469,33.12099,32.20248,31.14482,36.12478,35.4683,38.20995,30.4795,33.42155,34.65545,27.20294,29.20616,30.0,28.6007,27.20294,28.17801,28.6007,26.92582,29.73214,52.17279,55.9017,52.39275,60.63827,59.03389,60.20797,56.08921,60.41523,67.08204,59.68249,63.95311,66.75328,71.84706,71.38627,74.24284,70.85901,69.18092,70.06426,72.00694,74.00676,68.26419,71.00704,70.06426,69.35416,74.24284,70.71068,70.85901,76.15773,69.857,69.12308,68.35203,67.77905,67.54258,69.83552,69.35416,66.03787,64.66065,63.00794,64.63745,67.20863,67.94115,60.20797,64.44377,63.89053,58.00862,61.40033,55.07268,55.47071,57.24509,55.9464,47.41308,50.69517,50.28916,46.57252,52.39275,49.0306,40.02499
5.38516,5.38516,5.83095,5.0,5.0,5.83095,5.65685,5.65685,5.65685,5.0,5.0,5.83095,5.0,5.0,4.47214,5.38516,5.38516,5.38516,5.38516,5.38516,5.38516,5.38516,5.38516,5.38516,5.38516,5.38516,6.32456,6.32456,5.38516,6.32456,5.38516,5.83095,5.83095,5.83095,6.7082,5.83095,5.83095,6.40312,5.65685,5.65685,6.40312,5.65685,6.40312,5.65685,5.65685,5.65685,5.65685,5.83095,5.83095,5.83095,5.0,4.47214,35.0,32.01562,32.14032,33.37664,32.28002,30.8707,28.17801,28.84441,27.20294,28.84441,27.45906,31.62278,31.1127,27.20294,31.89044,27.45906,28.01785,30.88689,29.96665,30.52868,29.96665,33.61547,31.38471,30.67572,30.67572,30.67572,35.1141,32.57299,39.29377,32.69557,35.73514,35.1141,33.24154,31.32092,33.54102,33.10589,32.64966,35.35534,33.12099,40.49691,39.96248,37.20215,35.4683,36.05551,38.20995,35.38361,38.20995,33.30165,31.82766,32.55764,33.94113,33.94113,32.01562,29.20616,29.20616,29.41088,27.78489,49.98,49.0408,54.626,55.15433,59.23681,57.58472,58.87274,60.72891,66.12866,63.24555,63.60031,65.80274,70.83078,72.03471,69.42622,73.00685,69.857,75.31268,65.37584,73.5459,73.5527,72.44308,75.42546,73.10951,69.02898,72.44308,71.02816,66.75328,70.34913,72.00694,66.48308,67.68309,66.76077,68.02941,62.16912,66.64083,70.49113,64.3506,62.20129,66.8431,62.00806,63.03174,64.38167,63.65532,56.22277,64.66065,55.47071,56.0357,54.3783,56.93856,52.80152,52.0,48.37355,49.64877,50.69517,45.54119,43.93177
5.0,5.0,5.0,5.0,5.09902,5.09902,5.38516,5.38516,5.83095,5.38516,5.83095,5.83095,5.83095,5.83095,5.83095,6.40312,5.65685,6.40312,6.40312,6.40312,6.40312,5.65685,5.65685,6.40312,6.40312,6.40312,7.07107,6.40312,6.40312,6.40312,6.40312,7.2111,7.2111,6.40312,6.40312,7.2111,6.7082,6.7082,6.32456,6.32456,6.32456,5.83095,6.32456,5.38516,5.38516,5.09902,5.38516,5.09902,5.09902,5.09902,4.12311,4.0,36.23534,33.83785,31.7805,32.24903,34.52535,30.06659,33.13608,27.07397,30.41381,28.28427,28.63564,33.52611,29.73214,28.4605,31.95309,31.90611,26.83282,31.06445,28.6531,35.0,35.22783,37.20215,31.82766,33.94113,32.64966,31.241,38.41875,36.61967,36.23534,37.64306,33.97058,35.38361,33.97058,34.71311,36.23534,34.66987,38.83298,37.73592,35.22783,38.58756,38.27532,35.8469,38.01316,34.17601,33.52611,35.34119,31.95309,34.48188,33.52611,33.83785,33.24154,30.80584,32.01562,29.27456,29.15476,26.68333,29.01724,53.8145,52.40229,50.91169,57.38467,60.1415,58.0517,59.5483,62.96825,65.43699,64.66065,65.8559,70.83784,72.62231,71.70077,70.0,72.42237,73.60027,74.4043,74.33034,72.11103,72.20111,72.01389,74.79305,75.591,74.24958,71.17584,68.94926,67.44627,69.64194,71.58911,67.26812,66.75328,69.35416,69.18092,69.00725,67.02984,66.18912,65.37584,61.52235,66.75328,60.87693,64.84597,61.84658,60.08328,59.80803,60.41523,54.56189,59.36329,57.14018,56.85948,53.25411,52.49762,49.49747,51.73973,49.81967,41.03657,45.60702
7.07107,6.32456,6.32456,6.32456,5.38516,5.83095,5.83095,5.83095,5.83095,5.83095,6.40312,5.65685,5.65685,6.40312,5.65685,6.40312,6.40312,6.40312,6.40312,6.40312,6.40312,6.40312,6.40312,6.40312,6.40312,7.2111,6.40312,7.07107,7.07107,6.40312,7.07107,7.07107,7.07107,7.2111,7.81025,6.40312,7.2111,7.2111,6.7082,6.7082,6.7082,6.7082,6.7082,6.7082,5.83095,5.83095,6.32456,6.32456,6.32456,6.08276,6.08276,5.09902,39.21734,38.83298,39.05125,32.14032,33.06055,33.06055,30.26549,34.52535,32.57299,33.83785,34.43835,33.10589,36.24914,28.23119,32.20248,32.20248,30.80584,35.0,33.28663,33.6006,34.65545,34.71311,32.64966,33.24154,32.64966,33.30165,39.62323,38.18377,35.60899,38.20995,39.62323,39.05125,33.6006,38.01316,37.48333,38.83298,36.35932,36.05551,36.35932,43.04649,38.58756,40.31129,38.27532,32.20248,37.12142,36.68787,35.4683,36.68787,33.95585,34.17601,35.17101,32.55764,34.05877,33.54102,33.37664,32.06244,31.0,53.93515,50.44799,51.92302,55.08176,57.28001,57.56735,58.82176,60.63827,60.87693,60.82763,64.13267,64.7611,69.05071,72.27724,69.42622,69.63476,73.1642,71.19691,71.84706,71.38627,71.44928,73.33485,70.11419,70.11419,71.00704,71.06335,71.11259,70.00714,68.18358,65.76473,66.28725,70.83078,62.58594,67.05222,68.68042,64.62198,64.07808,66.18912,69.35416,66.37017,61.91123,64.40497,63.25346,63.82006,57.2014,56.85068,59.39697,55.97321,58.0,58.0517,54.03702,53.82379,54.08327,45.65085,45.48626,42.19005,45.69464
6.32456,6.08276,6.08276,6.08276,6.0,6.0,6.0,5.0,6.08276,5.09902,5.09902,5.09902,5.38516,5.38516,5.38516,6.32456,5.38516,5.38516,5.83095,6.7082,5.83095,5.83095,6.7082,6.7082,6.7082,6.7082,6.7082,6.7082,6.7082,6.7082,6.7082,7.61577,6.32456,6.32456,7.07107,7.28011,7.07107,6.08276,6.08276,6.08276,6.0,6.0,6.08276,6.0,6.0,6.08276,6.08276,5.09902,5.09902,5.09902,5.38516,5.38516,38.07887,38.07887,39.84972,34.53983,34.52535,34.20526,34.71311,32.24903,33.01515,33.06055,36.0,34.52535,34.36568,33.95585,31.7805,36.68787,35.8469,34.53983,39.82462,30.67572,36.24914,33.54102,38.07887,40.49691,35.8469,36.35932,35.8469,36.89173,38.83298,38.58756,39.11521,40.70626,39.11521,44.77723,37.58989,42.04759,41.18252,39.35734,42.95346,40.16217,38.60052,38.32754,37.36308,41.76123,39.29377,37.48333,40.0125,34.52535,35.35534,33.0,31.06445,30.01666,32.14032,31.0,30.01666,29.27456,28.28427,47.92703,51.97115,50.60632,55.47071,52.35456,56.93856,58.13777,60.41523,62.64982,59.5063,64.00781,67.54258,68.54196,68.02941,72.01389,66.18912,74.24958,65.74192,73.00685,71.30919,69.37579,70.21396,65.14599,64.56005,67.72001,65.51336,68.65858,71.02112,62.16912,72.33948,64.19502,69.0,64.0,67.26812,68.35934,64.62971,62.16912,64.53681,62.8172,66.09841,63.56886,60.40695,63.69458,62.6099,64.00781,64.00781,61.58734,54.6443,57.80138,50.80354,54.40588,51.22499,54.81788,50.32892,52.3259,55.9017,45.0
6.40312,7.07107,5.65685,6.40312,5.83095,5.83095,5.83095,5.83095,5.83095,5.38516,6.32456,6.32456,6.32456,7.07107,5.38516,6.32456,6.08276,7.07107,6.08276,6.08276,6.08276,6.08276,7.07107,6.08276,7.07107,7.07107,7.07107,7.07107,7.07107,7.28011,7.28011,7.28011,7.28011,7.28011,7.61577,7.61577,7.61577,6.7082,6.7082,6.7082,7.2111,7.2111,6.40312,6.40312,6.40312,6.40312,6.40312,5.65685,5.65685,5.65685,5.65685,5.83095,39.56008,37.12142,38.01316,36.89173,36.89173,36.89173,31.241,34.65545,34.82815,37.53665,36.05551,30.23243,34.98571,31.90611,32.44996,35.8469,33.24154,32.89377,32.57299,36.05551,40.80441,34.48188,35.69314,35.90265,36.40055,37.85499,38.32754,39.29377,39.56008,41.0,41.48494,41.48494,40.26164,38.60052,43.68066,43.01163,43.01163,42.2019,44.01136,40.71855,41.78516,44.41846,41.67733,39.82462,37.57659,36.35932,39.96248,38.01316,33.30165,35.60899,36.40055,33.24154,27.65863,31.1127,30.0,32.20248,30.23243,49.40648,48.01042,49.40648,54.40588,52.80152,53.00943,58.5235,55.60576,58.82176,57.98276,60.74537,63.81222,62.1289,69.89278,65.21503,65.45991,70.72482,68.8186,65.0,68.11755,69.6563,66.21933,65.43699,66.70832,64.53681,67.89698,64.38167,66.52819,60.44005,65.80274,62.62587,65.19202,59.90826,65.76473,62.6099,61.7414,62.16912,61.7414,58.87274,61.98387,62.29767,60.44005,60.63827,54.74486,57.55867,57.07013,57.31492,55.3263,55.00909,53.00943,53.03772,53.08484,52.00961,49.49747,47.26521,47.26521,40.79216
5.83095,6.7082,6.32456,6.32456,5.09902,6.08276,5.09902,6.08276,6.08276,6.0,6.0,6.0,5.09902,5.09902,6.08276,6.08276,6.08276,6.32456,6.32456,6.32456,6.32456,6.32456,7.28011,6.7082,6.32456,7.28011,7.28011,7.28011,7.28011,7.28011,7.28011,7.28011,7.28011,7.07107,7.07107,7.07107,7.07107,7.0,6.08276,7.0,7.0,7.0,6.0,6.08276,6.08276,6.08276,6.08276,5.09902,5.09902,5.09902,5.38516,5.38516,37.48333,31.62278,36.05551,34.1321,30.88689,36.24914,29.41088,39.56008,32.01562,32.55764,35.17101,31.0,32.0,34.0,30.0,34.0,33.37664,33.73426,33.73426,33.54102,34.9285,37.85499,37.64306,37.94733,37.0,38.27532,37.10795,41.23106,41.4367,41.10961,42.2019,46.32494,40.80441,40.80441,40.02499,43.17407,43.93177,42.44997,44.38468,42.29657,43.10452,42.0119,43.04649,43.41659,40.04997,39.11521,41.04875,34.23449,39.20459,34.52535,36.22154,33.73426,33.37664,32.01562,32.98485,31.01612,33.12099,48.46648,51.89412,52.39275,55.03635,55.47071,61.7414,55.00909,59.03389,59.9333,60.53924,65.74192,65.29931,70.21396,68.942,67.54258,67.62396,69.77105,71.11259,72.49828,69.64194,64.51356,70.83784,66.09841,67.6757,66.48308,66.09841,64.84597,68.24954,66.28725,70.5762,62.58594,64.19502,65.06919,66.1211,68.11755,65.06919,60.29925,63.3877,62.64982,60.41523,64.93843,61.40033,65.80274,64.84597,62.03225,60.74537,57.70615,55.9017,56.79789,55.07268,54.08327,54.91812,53.33854,48.01042,49.39636,47.63402,45.60702
7.28011,7.61577,7.61577,7.61577,8.06226,6.7082,7.2111,7.2111,7.81025,7.07107,7.07107,7.07107,7.81025,7.81025,7.81025,7.81025,7.81025,7.81025,8.60233,8.06226,8.06226,8.06226,8.60233,9.43398,9.43398,8.60233,9.43398,9.43398,9.43398,9.21954,8.60233,10.0,9.21954,9.21954,9.21954,8.48528,8.48528,8.48528,8.48528,8.48528,7.81025,7.81025,7.81025,7.81025,7.2111,7.2111,7.2111,7.2111,6.7082,6.7082,6.7082,6.32456,42.10701,40.04997,37.21559,40.4475,40.5216,38.32754,33.61547,36.76955,35.35534,35.0,33.28663,35.22783,35.4683,35.38361,35.35534,37.48333,38.94868,40.31129,36.40055,36.79674,36.89173,40.22437,42.72002,40.81666,43.01163,42.0119,37.21559,42.19005,43.56604,46.32494,44.41846,45.48626,46.04346,44.41846,43.01163,46.32494,45.0,46.87217,50.21952,46.2277,45.25483,44.55334,44.04543,44.55334,41.72529,37.64306,40.36087,42.52058,36.40055,40.45986,34.82815,35.51056,34.66987,34.88553,35.35534,32.24903,30.67572,46.69047,49.64877,48.6621,52.23983,49.64877,51.47815,51.62364,54.12947,57.55867,57.70615,58.54912,58.69412,64.13267,67.08204,66.48308,61.66036,67.26812,62.36986,65.0,62.36185,61.40033,67.72001,62.64184,67.05222,63.89053,65.79514,62.39391,67.1193,61.7414,63.06346,62.96825,62.43397,59.40539,62.482,62.62587,63.03174,58.0,60.82763,61.52235,60.1415,62.00806,58.00862,59.36329,61.03278,59.5399,56.82429,58.13777,56.85948,56.0803,55.97321,56.61272,54.08327,52.20153,48.70318,50.0,50.44799,44.91102
5.38516,5.0,5.65685,5.0,5.0,5.0,5.0,5.0,5.83095,5.38516,5.38516,5.38516,5.38516,6.32456,6.32456,6.08276,6.08276,6.32456,6.08276,6.08276,7.07107,7.07107,6.08276,7.07107,7.07107,7.07107,7.07107,8.06226,8.24621,7.07107,7.28011,8.24621,8.24621,8.24621,7.28011,7.28011,7.61577,7.61577,7.61577,7.61577,6.7082,6.7082,6.7082,5.83095,5.83095,5.83095,5.83095,5.83095,5.0,5.0,5.0,5.0,38.63936,37.85499,33.73426,34.53983,29.54657,31.32092,32.20248,29.68164,32.80244,33.24154,33.94113,30.41381,34.82815,32.55764,33.97058,34.66987,33.01515,34.1321,35.35534,38.48376,36.23534,36.23534,38.01316,40.49691,40.8534,39.84972,39.21734,43.46263,42.05948,42.72002,44.94441,41.23106,47.12749,44.38468,45.31004,43.86342,45.31004,47.92703,47.88528,47.92703,43.41659,41.04875,44.41846,43.56604,46.32494,41.88078,38.60052,41.23106,35.4683,36.40055,35.60899,33.94113,33.30165,34.71311,34.82815,32.44996,33.28663,48.08326,53.85165,52.20153,56.75385,56.51548,55.54278,57.27128,63.34824,60.16644,60.63827,63.34824,61.84658,65.96969,69.92138,68.44706,66.70832,66.21933,67.72001,66.09841,68.00735,66.09841,66.40783,67.77905,66.48308,66.30988,67.77905,66.30988,65.76473,63.81222,62.68174,61.03278,66.06815,61.6198,60.1415,60.82763,62.2254,61.55485,60.20797,61.22091,58.41233,60.60528,58.66856,55.9017,60.53924,57.27128,54.42426,53.85165,54.42426,56.61272,53.45091,50.96077,53.60037,48.05206,44.38468,46.69047,43.56604,43.41659
6.0,6.08276,6.08276,6.08276,6.32456,6.32456,6.7082,6.7082,6.7082,6.7082,6.7082,7.2111,7.2111,7.2111,6.40312,7.81025,7.07107,7.07107,7.81025,7.81025,7.81025,7.81025,7.81025,7.81025,7.81025,8.48528,8.48528,7.81025,8.60233,8.48528,8.60233,8.60233,8.60233,8.60233,8.60233,8.06226,8.06226,8.06226,7.61577,7.61577,7.61577,7.61577,7.28011,6.32456,6.32456,6.32456,6.32456,6.32456,6.08276,6.08276,5.09902,5.09902,40.16217,39.81206,38.63936,39.45884,38.0,34.05877,40.04997,35.35534,38.07887,35.35534,35.1141,36.40055,39.92493,36.40055,36.24914,37.57659,38.07887,38.01316,35.34119,40.81666,40.49691,44.20407,36.61967,40.80441,42.43819,42.0119,44.20407,45.60702,45.45327,46.40043,47.20169,44.94441,47.16991,44.10215,49.64877,43.909,48.30114,46.52956,47.41308,50.08992,50.08992,44.77723,45.22168,44.59821,41.10961,43.46263,44.27189,40.02499,39.62323,39.56008,35.35534,38.83298,36.22154,35.22783,34.05877,31.06445,31.0,50.15974,48.50773,50.63596,53.23533,55.44367,54.58938,56.56854,57.55867,60.82763,60.67125,62.80127,62.514,67.26812,68.18358,64.62971,67.47592,66.75328,68.593,67.1193,65.27634,66.27217,64.07027,70.0,68.0,64.07027,65.06919,64.19502,63.28507,65.9242,61.81424,60.63827,59.43904,65.51336,58.82176,62.39391,63.24555,62.17717,60.82763,59.5399,60.41523,60.20797,60.74537,59.03389,60.80296,54.48853,60.10824,56.58622,55.17246,55.22681,52.49762,55.0,54.81788,51.47815,51.31277,49.24429,45.27693,49.39636
6.32456,6.32456,6.32456,6.32456,6.08276,7.07107,7.0,6.0,6.08276,6.0,7.07107,6.08276,6.08276,6.08276,6.08276,7.28011,7.28011,6.32456,7.28011,7.28011,7.28011,7.28011,7.28011,7.28011,7.28011,7.28011,8.24621,7.28011,8.24621,7.28011,8.06226,8.06226,8.06226,7.07107,7.0,7.0,7.0,7.07107,7.07107,6.08276,6.08276,6.08276,6.08276,6.08276,5.09902,5.38516,5.09902,5.38516,5.38516,4.47214,4.47214,4.47214,42.44997,36.05551,45.48626,39.96248,34.48188,39.92493,36.40055,38.07887,32.57299,38.60052,34.52535,34.71311,37.33631,33.24154,35.12834,41.0,39.01282,35.12834,38.11824,40.31129,40.1995,38.63936,40.79216,39.31921,41.59327,37.48333,40.02499,42.72002,39.45884,41.7732,44.14748,45.70558,37.05401,45.54119,40.4475,46.01087,42.0119,42.04759,42.0119,42.0119,39.0,42.04759,42.04759,41.04875,39.45884,38.47077,36.67424,36.13862,35.44009,35.1141,32.28002,32.69557,28.63564,27.73085,30.41381,31.76476,27.20294,47.53946,52.39275,48.70318,57.24509,51.86521,54.08327,52.92447,58.5235,60.53924,60.08328,61.61169,64.84597,67.44627,64.56005,69.26038,65.19202,71.16881,66.40783,71.47027,70.83784,65.45991,68.30813,65.0,65.51336,64.7611,65.9242,65.9242,70.71068,63.63961,66.18912,61.07373,67.00746,61.07373,65.00769,66.00758,65.19202,58.42089,58.46366,60.20797,62.36185,67.68309,57.87055,68.96376,61.68468,61.09828,59.46427,57.77543,59.09315,58.59181,52.35456,54.91812,55.75841,59.07622,48.25971,49.81967,55.44367,47.38143
7.81025,7.07107,7.07107,7.81025,7.81025,7.2111,7.2111,7.2111,7.2111,8.06226,7.61577,7.61577,7.61577,7.61577,7.61577,7.28011,8.24621,7.28011,8.24621,8.24621,8.24621,8.24621,8.24621,8.24621,9.21954,8.24621,9.21954,9.48683,9.48683,9.21954,8.544,9.48683,8.544,8.544,8.94427,8.94427,8.06226,8.94427,8.06226,8.06226,7.2111,7.2111,8.06226,7.2111,7.2111,6.40312,6.40312,7.07107,7.07107,6.40312,6.40312,5.83095,47.85394,41.18252,41.40048,40.80441,41.23106,39.62323,40.31129,40.36087,37.01351,38.60052,36.71512,34.1321,36.71512,37.58989,37.58989,37.33631,37.33631,38.8973,42.37924,37.65634,43.68066,37.36308,40.79216,40.79216,40.02499,43.17407,42.29657,43.41659,45.39824,46.57252,43.73786,44.91102,41.0,47.80167,44.55334,44.92215,46.84015,45.22168,43.32436,44.59821,45.88028,41.62932,43.08132,40.71855,42.05948,39.82462,41.18252,41.04875,38.27532,35.22783,35.0,35.22783,32.64966,31.14482,32.55764,32.52691,32.20248,48.27007,49.51767,50.20956,52.3259,52.40229,54.48853,53.07542,53.03772,56.56854,57.31492,60.87693,63.03174,64.3506,63.65532,66.46804,67.89698,67.94115,63.65532,64.38167,67.89698,69.35416,65.8559,64.53681,69.35416,65.94695,64.81512,62.20129,66.61081,62.68174,63.63175,57.70615,62.17717,64.88451,59.61543,65.19202,56.32051,58.24088,61.18823,62.58594,61.66036,64.32729,60.40695,61.20457,59.07622,59.0,62.03225,56.14268,54.08327,56.14268,54.33231,54.74486,54.58938,55.7315,50.96077,50.44799,50.69517,51.41984
7.28011,7.28011,7.28011,6.7082,6.7082,6.7082,6.7082,7.2111,6.7082,7.2111,7.2111,7.2111,7.81025,7.07107,7.07107,7.07107,7.07107,7.07107,7.81025,7.81025,7.81025,7.81025,7.81025,7.81025,7.81025,8.48528,8.48528,8.48528,8.48528,8.48528,8.48528,8.48528,8.48528,8.48528,8.60233,8.60233,8.60233,7.81025,7.81025,7.81025,7.2111,7.2111,7.2111,6.7082,6.7082,6.7082,6.7082,6.7082,6.32456,6.32456,6.32456,5.09902,42.10701,40.11234,39.05125,38.0526,37.65634,36.67424,37.10795,38.32754,35.17101,37.69615,38.01316,34.98571,37.58989,35.8469,37.44329,33.42155,40.45986,37.01351,38.41875,37.80212,37.64306,39.69887,41.86884,45.27693,41.72529,41.72529,43.18565,45.45327,42.80187,42.52058,45.27693,42.42641,45.45327,47.50789,44.59821,46.69047,46.01087,46.69047,44.20407,46.2277,43.60046,41.34005,43.01163,44.65423,42.72002,40.81666,39.82462,37.58989,37.16181,35.77709,34.9285,34.20526,35.8469,33.24154,34.48188,28.63564,28.63564,46.32494,49.24429,51.41984,47.85394,52.95281,51.97115,55.57877,54.74486,59.4138,58.24946,62.80127,59.84146,64.93843,64.32729,61.18823,63.78871,64.13267,65.11528,64.28841,65.30697,65.51336,69.12308,63.32456,64.03124,64.84597,57.87055,61.09828,66.85058,60.41523,62.16912,60.03332,60.03332,61.05735,60.74537,57.2014,61.07373,58.13777,58.72819,57.31492,62.28965,61.6198,58.25805,59.03389,58.00862,55.80323,53.53504,56.30275,54.70832,56.79789,52.39275,53.22593,51.62364,50.15974,46.48656,45.22168,47.12749,43.41659
7.0,6.0,6.0,6.08276,6.08276,6.32456,6.32456,6.32456,6.7082,6.7082,6.7082,6.7082,6.7082,6.7082,7.2111,7.2111,6.40312,6.40312,7.2111,7.81025,7.81025,7.81025,7.81025,7.81025,7.81025,7.81025,7.81025,7.81025,8.60233,7.81025,8.60233,8.06226,8.06226,8.06226,8.06226,8.06226,8.06226,7.61577,6.7082,7.61577,6.7082,6.7082,6.7082,6.7082,6.32456,6.32456,6.32456,6.08276,5.09902,5.09902,5.09902,5.09902,42.95346,41.48494,37.48333,36.87818,37.65634,35.12834,34.0147,35.01428,36.01389,35.35534,35.90265,35.17101,32.31099,38.27532,35.8469,34.43835,37.16181,39.35734,37.57659,38.58756,38.07887,40.81666,40.0,38.27532,39.96248,38.58756,40.81666,41.6173,43.01163,44.77723,44.40721,41.34005,43.82921,42.19005,44.10215,45.61798,42.05948,42.94182,46.51881,46.09772,42.48529,41.14608,40.8534,40.49691,40.80441,45.88028,39.21734,37.85499,33.73426,34.20526,31.57531,36.49658,33.13608,34.05877,28.28427,26.0,29.06888,48.37355,47.01064,52.46904,51.15662,52.0,55.00909,56.0803,58.03447,57.00877,60.00833,64.00781,62.0,66.0,64.03124,65.12296,69.02898,67.00746,65.03076,66.00758,64.03124,67.06713,68.26419,68.11755,66.37017,66.37017,65.62012,65.11528,64.53681,65.51336,64.03124,65.14599,59.48109,61.98387,63.32456,63.50591,63.50591,61.7171,61.58734,59.07622,59.40539,59.90826,59.5483,57.80138,58.0517,55.86591,55.9017,55.86591,56.63921,55.60576,55.17246,51.40039,52.20153,49.92995,58.30952,51.10773,49.64877,45.61798
8.06226,8.06226,7.28011,7.28011,7.61577,7.28011,7.61577,7.61577,7.61577,8.06226,8.06226,7.2111,7.81025,7.81025,7.81025,7.81025,7.07107,7.81025,7.81025,8.48528,7.81025,8.48528,8.48528,8.48528,8.48528,7.81025,8.48528,8.48528,8.48528,9.21954,8.48528,8.60233,9.21954,8.60233,8.60233,8.06226,8.06226,8.06226,8.06226,8.06226,7.61577,7.61577,7.61577,7.61577,6.32456,6.32456,6.32456,6.32456,6.32456,6.08276,5.09902,5.09902,46.27094,41.10961,40.4475,41.23106,36.40055,39.92493,36.67424,36.71512,35.77709,35.8469,34.1321,37.01351,34.20526,36.23534,37.53665,38.20995,37.53665,37.80212,38.94868,34.20526,41.10961,38.41875,42.2019,37.73592,42.43819,43.01163,38.58756,40.31129,43.56604,41.34005,41.40048,44.41846,40.49691,46.32494,39.66106,43.01163,45.45327,41.86884,46.09772,41.7732,39.62323,42.44997,41.03657,39.69887,42.44997,38.60052,42.19005,36.05551,39.11521,34.1321,35.51056,30.88689,33.10589,30.41381,31.76476,26.92582,26.68333,41.59327,48.10405,44.01136,48.8467,46.09772,52.0,51.5461,53.48832,57.56735,55.71355,57.56735,61.09828,63.69458,61.46544,64.2573,64.84597,71.30919,65.9242,67.77905,63.69458,64.4748,67.23095,65.9242,67.60178,64.88451,64.66065,62.76942,64.3506,62.1289,64.63745,57.80138,62.20129,62.62587,59.4138,62.93648,61.52235,60.959,61.03278,63.60031,60.46487,63.82006,55.9464,60.53924,57.24509,57.3062,57.69749,56.46238,54.78138,52.81098,51.24451,53.14132,54.12947,49.47727,46.32494,51.78803,50.35871,51.24451
7.61577,7.2111,7.2111,7.2111,7.2111,6.40312,7.07107,7.07107,7.07107,7.07107,6.40312,6.40312,6.40312,6.40312,6.7082,6.7082,6.7082,6.7082,6.7082,6.7082,6.7082,7.61577,7.61577,7.61577,7.61577,7.61577,7.61577,7.61577,7.61577,7.61577,7.2111,6.7082,8.06226,7.2111,7.2111,7.2111,7.2111,7.2111,6.40312,6.40312,7.07107,7.07107,6.40312,5.65685,6.40312,6.40312,6.40312,5.83095,5.83095,5.83095,5.83095,5.38516,44.92215,44.14748,39.39543,38.94868,39.39543,35.8469,38.01316,39.11521,36.06938,34.20526,38.20995,35.38361,38.18377,37.20215,36.76955,38.27532,37.20215,37.20215,36.89173,42.15448,37.58989,40.70626,39.35734,40.81666,39.92493,40.31129,43.82921,43.08132,41.62932,45.65085,44.29447,45.65085,42.54409,39.0,44.94441,40.31129,43.41659,43.56604,38.83298,43.01163,43.93177,41.7732,45.45327,39.20459,35.35534,39.62323,38.41875,39.59798,36.12478,37.01351,34.82815,33.42155,33.6006,31.06445,30.88689,31.30495,32.31099,46.01087,48.08326,51.73973,49.67897,51.08816,51.22499,53.60037,57.48913,57.62812,59.20304,60.44005,62.42596,62.80127,66.21933,67.47592,69.06519,64.03124,67.00746,67.62396,68.76772,67.94115,68.593,67.17887,67.89698,66.52819,64.3506,65.76473,65.11528,64.03124,63.12686,63.41136,66.28725,63.81222,61.58734,61.91123,64.88451,63.50591,67.54258,62.39391,61.84658,61.46544,60.16644,59.20304,64.56005,59.66574,59.84146,58.69412,57.55867,54.08327,52.08647,57.21888,54.03702,52.03845,51.0098,52.34501,49.16299,48.16638
8.06226,7.0,7.0,7.0,7.0,7.07107,7.07107,7.07107,7.07107,7.28011,7.28011,7.28011,6.32456,7.28011,6.32456,6.7082,6.7082,7.61577,6.7082,6.7082,7.61577,6.7082,6.7082,7.61577,7.61577,8.06226,7.61577,7.61577,7.61577,7.61577,7.61577,7.28011,7.28011,7.28011,8.24621,7.28011,8.24621,8.06226,7.07107,7.07107,7.07107,7.07107,7.0,7.0,7.0,6.0,6.0,6.08276,6.08276,6.08276,5.09902,5.38516,41.76123,38.83298,41.30375,40.11234,38.01316,40.0,37.0,36.34556,36.67424,34.52535,37.10795,38.27532,37.64306,35.44009,41.78516,39.92493,34.9285,39.82462,38.48376,36.71512,39.96248,38.27532,39.66106,39.96248,38.47077,37.73592,38.83298,38.58756,40.49691,46.61545,43.41659,44.41846,41.88078,41.04875,43.56604,43.41659,41.34005,43.82921,45.31004,44.01136,44.27189,40.71855,39.92493,39.05125,36.40055,38.32754,40.60788,38.47077,35.22783,35.12834,33.06055,34.05877,31.0,30.06659,33.01515,30.41381,28.63564,46.8188,49.47727,46.32494,48.76474,50.21952,54.12947,54.40588,55.54278,57.72348,57.27128,61.98387,59.66574,63.78871,64.7611,63.95311,63.60031,68.44706,66.28725,71.80529,66.09841,66.48308,65.25335,64.84597,67.72001,64.84597,69.64194,64.84597,67.77905,65.79514,68.44706,63.50591,70.23532,65.0,63.81222,65.21503,63.82006,60.0,64.2028,62.36986,60.959,59.4138,61.6198,63.65532,58.13777,60.959,64.03124,57.48913,56.61272,55.21775,53.53504,56.30275,51.10773,50.08992,48.30114,51.47815,47.16991,46.61545
7.07107,7.07107,7.28011,7.28011,7.61577,6.32456,6.7082,6.7082,6.7082,7.2111,7.2111,7.2111,7.81025,7.81025,7.81025,7.81025,7.81025,7.07107,7.07107,7.81025,7.81025,7.81025,7.07107,7.81025,8.48528,7.81025,8.48528,8.48528,8.48528,7.81025,8.48528,8.48528,7.81025,7.81025,8.60233,7.2111,7.2111,8.06226,8.06226,7.2111,6.7082,7.61577,6.7082,6.32456,6.32456,6.32456,6.32456,6.32456,6.32456,5.38516,6.08276,5.09902,41.4367,39.92493,41.10961,42.2019,40.4475,39.20459,37.12142,42.0,36.12478,38.11824,34.1321,37.12142,39.29377,37.65634,36.40055,34.88553,38.8973,39.56008,39.92493,38.48376,38.48376,38.94868,40.31129,38.48376,40.70626,44.10215,42.94182,43.56604,43.41659,40.49691,44.29447,43.41659,44.29447,46.04346,42.54409,45.17743,43.08132,46.61545,45.88028,45.54119,44.27189,40.16217,44.94441,38.60052,43.56604,38.47077,37.48333,39.45884,36.12478,35.22783,33.13608,33.24154,35.01428,31.06445,30.06659,27.16616,31.57531,46.04346,49.0408,49.0408,51.0098,48.09366,54.14795,53.33854,56.0803,60.13319,57.14018,58.00862,63.12686,64.0,64.03124,70.06426,62.28965,70.11419,66.06815,67.00746,67.02984,64.00781,69.00725,69.00725,68.35934,69.26038,66.61081,66.61081,69.72087,63.95311,65.30697,61.84658,67.05222,63.89053,66.09841,68.35203,65.19202,62.24147,63.52952,65.36819,61.91123,67.1193,60.80296,61.85467,59.40539,63.03174,60.60528,58.25805,57.28001,59.4138,53.2635,53.8145,53.25411,58.60034,47.01064,51.86521,49.09175,48.54894
7.2111,7.07107,7.07107,7.07107,6.40312,6.40312,6.40312,7.2111,6.40312,5.83095,6.7082,6.7082,6.7082,6.32456,6.32456,7.28011,6.32456,6.32456,6.08276,6.08276,6.08276,7.07107,7.28011,7.07107,7.28011,7.28011,8.24621,7.28011,7.28011,7.28011,7.28011,7.28011,7.28011,7.28011,7.61577,7.61577,8.06226,6.7082,6.7082,7.2111,7.2111,7.2111,6.40312,6.40312,6.40312,5.65685,5.65685,5.65685,5.65685,5.0,5.0,5.0,38.01316,42.05948,40.31129,39.44617,41.40048,39.05125,36.06938,37.48333,36.12478,36.23534,32.80244,36.61967,34.98571,32.64966,34.1321,34.53983,35.4683,37.94733,36.76955,38.60052,35.4683,37.16181,39.84972,37.36308,37.0,38.83298,40.02499,39.45884,37.85499,44.38468,40.16217,43.93177,41.0,42.72002,43.01163,43.9659,42.44997,40.8534,40.31129,42.94182,42.15448,39.96248,37.58989,40.71855,36.35932,39.40812,38.01316,35.22783,34.05877,34.65545,32.55764,31.82766,32.64966,29.69848,30.61046,29.20616,26.62705,45.48626,45.45327,46.40043,54.56189,46.75468,54.56189,54.56189,55.9017,58.13777,56.0803,59.03389,59.03389,63.89053,62.36986,62.62587,62.62587,69.52697,65.8559,67.47592,66.8431,65.94695,65.43699,65.60488,65.80274,65.80274,66.57327,65.19202,68.60029,63.52952,65.79514,61.32699,65.79514,62.76942,59.13544,62.62587,65.45991,62.16912,63.56099,61.98387,63.63961,61.40033,63.28507,62.1289,59.07622,61.0082,61.03278,61.03278,56.14268,57.31492,54.58938,55.57877,53.15073,55.57877,49.0306,51.92302,51.62364,46.8188
6.08276,6.08276,6.08276,6.08276,6.08276,6.32456,6.32456,6.7082,6.7082,6.7082,6.7082,7.2111,5.83095,6.7082,7.2111,7.2111,6.40312,7.2111,6.40312,6.40312,6.40312,7.2111,7.81025,7.81025,7.81025,7.81025,7.81025,7.81025,7.2111,7.81025,7.2111,8.06226,7.2111,8.06226,7.2111,8.06226,6.7082,7.61577,7.28011,6.32456,6.32456,6.32456,6.32456,6.32456,6.32456,5.09902,6.08276,5.09902,5.0,5.0,5.0,5.0,44.27189,39.84972,41.7732,39.20459,37.0,40.0,35.01428,36.12478,34.1321,39.62323,35.69314,35.44009,38.32754,35.73514,34.9285,36.67424,34.53983,37.12142,36.24914,37.21559,39.11521,37.58989,39.11521,37.21559,40.0,40.49691,39.20459,43.86342,40.80441,45.0,43.60046,42.43819,43.04649,42.94182,42.54409,44.29447,44.29447,45.61798,42.54409,41.62932,41.62932,41.23106,42.05948,36.68787,37.10795,40.02499,39.05125,36.67424,37.48333,34.71311,35.90265,32.24903,32.14032,30.01666,29.06888,28.07134,29.15476,46.01087,49.0102,51.0,51.0392,53.00943,53.0,54.0,59.00847,58.07753,60.00833,63.07139,64.07027,60.0,66.0303,68.0,63.03174,69.02898,67.0,71.11259,67.1193,67.18631,68.11755,65.62012,66.61081,68.35934,64.93843,63.50591,65.51336,63.56099,70.34202,62.0967,65.25335,61.98387,62.03225,63.97656,62.64982,61.29437,63.52952,59.07622,63.51378,62.42596,60.21628,63.89053,61.07373,58.79626,62.28965,61.6198,57.00877,53.90733,52.00961,57.48913,53.25411,51.62364,51.86521,51.31277,49.73932,46.95743
6.7082,6.7082,7.2111,7.2111,7.2111,7.2111,7.07107,6.40312,7.07107,7.07107,7.07107,7.07107,7.81025,7.81025,7.2111,7.2111,7.2111,7.2111,8.06226,8.06226,8.06226,8.06226,7.2111,8.06226,8.06226,8.06226,8.06226,8.06226,8.06226,8.06226,8.60233,8.06226,8.06226,8.60233,7.81025,7.81025,7.81025,7.81025,7.07107,7.81025,7.07107,7.07107,7.07107,6.40312,6.40312,6.40312,6.40312,6.40312,5.83095,5.83095,5.83095,5.38516,42.15448,38.60052,40.24922,42.19005,40.49691,37.20215,38.41875,37.01351,42.44997,34.65545,34.71311,38.28838,35.22783,39.82462,34.82815,40.31129,38.94868,36.71512,37.58989,39.39543,38.48376,43.08132,37.94733,39.21734,40.31129,41.4367,40.49691,41.78516,40.8534,43.9659,45.60702,41.76123,49.24429,42.05948,46.23851,42.04759,47.53946,44.72136,48.33218,45.27693,46.52956,45.79301,40.49691,43.04649,41.04875,39.69887,37.01351,45.34314,33.30165,36.79674,33.24154,34.05877,34.65545,35.38361,31.40064,26.90725,24.20744,49.40648,46.61545,55.22681,51.62364,56.30275,48.8774,54.91812,57.14018,57.98276,63.63175,63.13478,64.66065,65.73431,63.51378,62.68174,68.50547,64.89992,69.97142,64.63745,69.02898,66.4003,67.47592,68.41053,68.11755,70.43437,65.11528,68.593,61.55485,69.35416,63.03174,67.00746,61.07373,64.63745,66.88797,66.24198,64.41273,66.18912,63.69458,64.2573,64.51356,60.16644,66.09841,59.66574,61.84658,51.1957,61.84658,57.87055,54.33231,59.03389,55.08176,55.00909,52.03845,51.0392,54.0,51.24451,50.48762,49.64877
6.32456,5.38516,5.83095,5.83095,6.40312,5.83095,5.65685,5.65685,5.65685,6.40312,5.65685,6.40312,6.40312,5.83095,5.83095,5.83095,5.83095,6.7082,6.7082,6.7082,6.7082,6.7082,6.7082,6.7082,6.7082,6.7082,6.7082,7.61577,6.7082,7.2111,7.2111,7.2111,7.2111,7.2111,6.40312,6.40312,7.07107,7.07107,6.40312,6.40312,6.40312,6.40312,6.40312,5.83095,5.0,5.83095,5.83095,5.83095,5.38516,4.47214,4.12311,4.12311,39.84972,37.85499,40.8534,36.05551,37.69615,35.77709,36.71512,38.01316,39.40812,31.89044,35.60899,34.82815,36.87818,33.97058,34.20526,35.80503,37.80212,35.60899,39.40812,37.12142,38.27532,36.71512,36.67424,36.40055,40.70626,41.59327,36.67424,42.05948,40.24922,41.14608,41.62932,39.81206,44.38468,42.94182,42.94182,45.27693,38.94868,44.10215,43.01163,40.49691,41.6173,37.64306,38.83298,41.03657,40.31129,39.69887,37.48333,36.06938,32.64966,33.30165,34.20526,32.20248,33.28663,31.38471,30.41381,29.54657,28.23119,49.64877,45.17743,50.11986,51.97115,53.85165,51.42956,54.12024,59.48109,55.9464,57.3062,62.17717,64.41273,60.53924,62.76942,64.66065,63.52952,65.19202,69.11584,65.0,66.7308,65.51336,71.02112,68.26419,69.63476,66.4003,67.00746,63.89053,63.70243,67.17887,65.76473,60.1415,64.53681,60.87693,62.20129,61.40033,59.20304,61.85467,57.98276,59.68249,61.26989,61.26989,64.2573,54.78138,59.80803,56.921,57.93962,57.72348,58.46366,58.24946,56.88585,48.83646,49.0,50.35871,53.23533,52.03845,43.0,49.25444
7.0,7.07107,7.07107,6.08276,7.28011,7.28011,6.7082,7.28011,6.7082,6.32456,6.7082,6.7082,6.7082,6.7082,7.2111,7.2111,6.40312,7.81025,7.2111,7.07107,7.2111,7.81025,7.81025,7.81025,7.81025,7.81025,7.81025,7.81025,7.81025,7.81025,7.81025,8.60233,8.60233,8.06226,8.60233,8.06226,8.06226,7.61577,7.61577,7.61577,7.61577,7.61577,7.28011,7.28011,6.32456,6.32456,7.28011,6.08276,6.08276,6.0,6.08276,6.0,40.04997,39.01282,39.05125,38.20995,37.21559,35.51056,38.07887,36.40055,37.0,38.07887,38.58756,40.71855,40.31129,36.71512,37.12142,36.05551,35.60899,35.80503,36.40055,39.05125,41.03657,42.63801,36.79674,37.48333,38.94868,38.18377,39.69887,41.86884,38.8973,46.66905,43.93177,45.45327,43.18565,43.27817,43.86342,44.20407,43.41659,42.52058,42.0119,45.22168,41.88078,43.56604,43.82921,38.94868,39.35734,38.91015,41.62932,38.62642,36.05551,38.91015,37.57659,32.31099,31.32092,30.08322,34.36568,34.36568,33.24154,47.16991,50.92151,52.49762,52.20153,50.69517,51.92302,55.08176,55.65968,57.87055,59.13544,61.98387,62.36185,63.60031,64.56005,67.05222,64.28841,65.14599,63.24555,65.14599,65.55151,64.2573,66.85058,62.76942,64.07808,66.18912,63.50591,61.26989,66.7308,61.58734,66.03787,60.74537,66.4003,65.45991,61.7171,59.46427,65.11528,60.87693,63.63961,58.79626,57.62812,61.07373,57.14018,58.5235,57.14018,57.45433,49.73932,55.47071,57.77543,51.0,51.26402,53.48832,52.55473,52.81098,48.10405,46.09772,50.69517,46.87217
7.07107,7.07107,7.2111,7.2111,7.2111,7.2111,6.7082,6.7082,6.7082,7.61577,7.61577,7.28011,7.28011,7.28011,7.28011,7.28011,7.07107,7.07107,7.07107,8.06226,7.07107,8.06226,7.07107,8.06226,8.06226,8.06226,8.06226,9.05539,9.05539,8.06226,8.06226,8.06226,9.21954,9.21954,8.24621,8.24621,8.24621,8.544,7.61577,8.544,7.61577,7.61577,7.61577,6.7082,6.7082,6.7082,6.7082,7.2111,7.2111,6.40312,6.40312,6.40312,39.56008,38.62642,37.73592,35.51056,37.80212,38.8973,37.53665,38.20995,34.71311,38.60052,39.66106,38.60052,39.44617,37.21559,39.44617,38.01316,34.88553,41.4367,38.07887,40.71855,39.56008,42.44997,39.29377,42.2019,41.10961,42.2019,41.23106,40.5216,46.32494,43.93177,44.91102,43.93177,44.92215,46.84015,45.12206,48.70318,45.88028,44.59821,45.22168,44.94441,45.31004,47.88528,46.51881,44.77723,41.59327,40.31129,41.67733,41.04875,41.04875,38.01316,36.61967,34.4093,34.20526,33.94113,32.64966,32.52691,29.83287,47.80167,51.0392,53.60037,52.69725,53.82379,56.93856,55.75841,60.20797,58.83026,59.90826,62.43397,63.51378,65.19202,67.80118,65.45991,64.89992,68.24222,65.19202,69.2026,67.80118,70.43437,68.11755,65.29931,66.46804,68.68042,64.3506,64.38167,65.79514,65.8559,67.00746,63.00794,62.20129,64.63745,61.77378,65.36819,62.17717,63.15853,60.41523,61.98387,63.89053,60.40695,57.72348,58.24946,56.51548,56.4358,55.7315,54.58938,54.00926,54.08327,52.23983,54.08327,51.0098,50.35871,46.17359,47.09565,43.41659,45.22168
6.08276,6.08276,6.08276,6.0,6.0,6.0,6.08276,6.08276,6.08276,6.08276,6.32456,6.32456,6.32456,6.32456,6.32456,6.7082,6.7082,6.7082,6.7082,6.7082,6.7082,6.7082,6.7082,7.2111,8.06226,7.2111,8.06226,8.06226,8.06226,7.2111,7.61577,7.61577,7.61577,7.61577,7.61577,7.61577,7.61577,7.28011,7.28011,7.28011,7.28011,7.07107,7.07107,6.08276,6.08276,6.08276,6.0,6.0,6.0,5.0,5.0,5.0,43.01163,37.20215,40.31129,36.06938,37.20215,35.0,34.4093,38.07887,35.35534,34.17601,36.76955,35.73514,38.60052,33.73426,33.54102,35.69314,37.12142,40.11234,37.21559,35.01428,37.21559,40.0,38.0526,36.01389,41.04875,40.0,42.29657,41.19466,40.11234,44.0,45.27693,45.17743,43.01163,45.04442,44.01136,44.01136,45.0,45.01111,44.04543,45.01111,47.01064,44.28318,44.40721,43.73786,43.93177,39.62323,43.56604,39.05125,38.07887,35.90265,37.36308,33.83785,38.27532,33.54102,33.24154,32.69557,29.15476,49.51767,53.15073,51.62364,56.0803,59.46427,57.48913,55.31727,58.25805,63.12686,61.6198,63.03174,63.65532,70.03571,67.88225,68.76772,67.35726,71.44928,67.88225,67.17887,67.94115,64.44377,67.62396,69.42622,67.00746,70.43437,65.21503,69.33974,67.23095,66.37017,64.41273,63.97656,65.9242,62.03225,64.07808,62.64184,63.32456,61.84658,58.46366,60.63827,65.37584,62.514,61.03278,60.07495,61.03278,54.0,54.00926,57.55867,51.97115,55.57877,54.74486,54.34151,54.34151,51.92302,45.88028,46.8188,48.46648,44.29447
7.28011,6.32456,6.7082,6.7082,6.7082,6.7082,7.2111,7.2111,7.2111,6.40312,6.40312,7.07107,6.40312,6.40312,7.07107,7.07107,7.07107,7.81025,6.40312,7.07107,7.2111,7.81025,7.81025,7.81025,7.81025,7.81025,7.81025,7.81025,7.81025,9.21954,8.48528,8.48528,8.48528,7.81025,7.81025,9.21954,8.60233,7.2111,8.06226,7.2111,8.06226,8.06226,7.61577,6.7082,6.7082,6.7082,6.7082,6.32456,6.32456,6.08276,6.08276,6.08276,39.20459,35.90265,37.85499,39.84972,37.36308,36.76955,34.88553,35.8469,34.0,34.1321,40.0,36.61967,34.82815,33.6006,36.87818,40.36087,36.06938,34.4093,36.61967,40.60788,39.11521,41.23106,39.40812,40.22437,37.20215,38.60052,42.80187,42.2019,39.96248,45.48626,42.63801,47.20169,45.80393,46.04346,44.40721,46.69047,46.61545,45.60702,44.59821,43.84062,47.42362,44.68781,44.20407,43.27817,40.45986,41.23106,44.20407,40.60788,38.07887,40.22437,37.44329,38.07887,34.0,33.12099,29.73214,31.01612,31.04835,49.24429,52.83938,51.0,56.36488,51.42956,57.77543,56.36488,59.48109,61.32699,62.39391,65.30697,63.56099,65.39113,63.15853,67.1193,68.44706,71.11259,64.4748,66.18912,63.52952,66.03787,65.76473,66.24198,66.24198,67.23095,65.51336,63.24555,67.62396,61.22091,63.89053,63.70243,64.3506,61.55485,63.03174,63.89053,61.84658,61.61169,64.3506,60.21628,60.20797,61.77378,59.03389,61.29437,58.69412,56.46238,55.36244,54.70832,59.48109,55.31727,55.36244,55.10898,51.41984,50.80354,49.49747,46.27094,46.38965,46.04346
6.0,6.0,6.08276,6.08276,6.32456,6.32456,6.32456,6.32456,5.38516,5.83095,5.83095,5.83095,6.40312,6.40312,6.40312,6.40312,6.40312,6.40312,7.07107,7.07107,7.07107,7.07107,7.07107,7.07107,7.07107,7.07107,7.81025,8.48528,7.07107,7.81025,7.81025,7.81025,7.81025,7.81025,7.2111,8.06226,8.06226,7.2111,7.2111,7.2111,6.7082,6.7082,6.7082,6.32456,6.32456,6.08276,6.32456,6.32456,6.08276,5.09902,5.09902,5.0,40.11234,39.31921,37.05401,37.01351,35.12834,36.01389,31.7805,32.98485,35.17101,33.95585,33.61547,33.61547,38.07887,31.76476,35.35534,32.75668,38.60052,37.01351,39.62323,32.64966,39.59798,37.53665,41.03657,40.31129,39.59798,42.44997,41.72529,41.72529,44.55334,41.01219,44.68781,45.25483,47.42362,45.25483,48.08326,48.27007,45.96738,45.34314,43.86342,45.22168,44.20407,43.41659,45.22168,44.65423,44.41846,37.73592,43.38202,40.81666,37.12142,34.88553,34.20526,33.83785,34.88553,34.20526,30.08322,30.59412,30.26549,50.08992,53.03772,51.0392,54.08327,53.00943,59.0,54.00926,59.03389,63.00794,59.0,63.00794,62.0,69.06519,68.02941,68.18358,67.00746,67.18631,63.3877,63.63961,69.58448,68.35934,70.85901,66.61081,65.49046,63.78871,67.89698,61.61169,67.72001,64.84597,67.05222,61.09828,69.46222,62.64982,60.90156,61.40033,62.26556,61.91123,64.07027,60.0,59.03389,62.96825,58.0,62.96825,60.10824,57.98276,57.00877,56.85068,53.85165,55.75841,52.43091,55.21775,51.31277,52.47857,50.24938,45.18849,50.56679,43.65776
7.28011,7.28011,7.07107,7.07107,7.07107,7.07107,7.0,7.0,7.0,7.07107,7.07107,7.07107,7.28011,7.28011,7.28011,8.24621,8.24621,7.28011,8.24621,8.06226,8.06226,8.544,8.24621,8.544,8.544,9.48683,9.48683,8.544,9.48683,9.48683,9.48683,9.21954,8.544,9.21954,9.21954,9.21954,9.05539,8.06226,8.06226,8.06226,8.06226,8.0,8.06226,8.0,8.0,7.0,8.0,7.0,6.08276,6.08276,6.08276,6.08276,38.20995,37.20215,41.04875,41.88078,34.48188,33.61547,35.1141,37.10795,38.60052,37.85499,38.63936,34.71311,35.12834,36.01389,33.0,40.0125,39.01282,37.01351,34.1321,37.33631,43.56604,36.01389,44.64303,30.01666,43.32436,43.41659,40.4475,43.41659,45.60702,45.70558,45.27693,43.73786,46.84015,44.92215,46.52956,45.12206,48.27007,46.32494,48.76474,41.4367,49.49747,47.09565,45.09989,43.04649,44.0,43.01163,43.04649,40.0125,40.60788,37.21559,38.32754,39.62323,33.37664,35.51056,30.36445,30.08322,28.79236,51.10773,51.62364,55.47071,51.31277,56.0357,52.69725,59.07622,60.46487,58.30952,59.64059,65.21503,62.42596,64.89992,66.0303,63.41136,66.88797,68.60029,66.61081,66.03787,67.60178,66.64083,63.97656,67.08204,66.64833,67.1193,64.4748,61.09828,60.74537,65.14599,63.06346,59.48109,59.5399,64.62971,60.20797,66.00758,59.03389,66.18912,60.00833,59.07622,59.3043,60.67125,59.4138,60.82763,58.46366,54.34151,61.68468,53.14132,55.71355,51.47815,52.0,53.31041,51.47815,48.76474,46.14109,48.76474,46.61545,47.63402
6.7082,7.2111,6.40312,6.40312,6.40312,6.40312,7.07107,6.40312,6.40312,7.2111,6.40312,7.2111,7.2111,7.2111,7.2111,7.2111,7.61577,7.61577,7.61577,7.61577,7.61577,7.61577,7.61577,8.544,8.544,7.61577,7.61577,8.94427,8.94427,8.94427,8.94427,8.94427,8.94427,8.94427,8.60233,8.60233,8.60233,8.60233,8.60233,8.60233,7.81025,7.81025,7.81025,7.07107,7.07107,7.07107,6.40312,7.07107,7.07107,6.40312,5.83095,5.83095,42.42641,38.60052,37.65634,36.40055,32.75668,39.39543,36.24914,35.77709,36.23534,33.28663,35.0,34.4093,34.05877,40.36087,35.38361,33.24154,39.59798,37.48333,37.80212,37.80212,38.01316,39.40812,40.80441,43.01163,41.34005,39.66106,42.0119,43.82921,40.81666,46.32494,42.19005,47.01064,46.32494,47.20169,45.48626,46.01087,49.0408,51.08816,49.57822,43.93177,45.27693,42.52058,45.45327,47.80167,45.60702,40.80441,42.0119,41.23106,40.22437,38.07887,35.22783,35.34119,39.82462,35.8469,35.4683,33.52611,31.38471,51.61395,52.20153,51.0,55.07268,53.82379,55.47071,60.03332,59.94164,59.03389,58.66856,60.53924,64.41273,65.0,68.0,68.09552,64.88451,67.60178,65.8635,63.13478,65.19202,64.66065,67.95587,63.24555,63.82006,67.20119,65.21503,64.63745,64.44377,61.7171,63.03174,60.81118,63.03174,61.22091,64.53681,60.60528,62.80127,58.24946,59.40539,63.81222,63.13478,61.32699,57.38467,58.69412,56.921,58.30952,53.45091,53.16014,50.96077,56.04463,54.12947,50.96077,50.21952,52.61179,44.55334,50.63596,45.39824,45.01111
6.40312,6.40312,6.40312,5.83095,5.83095,5.83095,5.83095,6.7082,6.7082,6.32456,6.32456,6.32456,6.08276,6.08276,6.08276,7.07107,7.07107,7.07107,7.0,7.07107,7.07107,7.0,8.06226,7.0,7.0,8.06226,8.06226,8.06226,8.06226,8.06226,8.06226,8.06226,8.06226,8.24621,8.24621,8.24621,8.24621,7.28011,7.61577,7.61577,7.61577,7.61577,6.7082,6.7082,7.2111,7.2111,7.2111,6.40312,6.40312,6.40312,6.40312,5.65685,43.32436,34.0147,38.60052,37.80212,36.12478,36.23534,36.06938,36.12478,34.05877,36.61967,38.01316,34.66987,37.73592,32.64966,35.4683,34.17601,37.64306,36.05551,36.68787,35.44009,40.5216,37.85499,39.62323,40.79216,37.21559,40.4475,42.75512,44.40721,42.2019,43.18565,44.14748,46.87217,46.52956,47.07441,48.05206,46.84015,47.53946,50.0,50.28916,45.69464,46.61545,42.72002,41.59327,45.31004,42.95346,39.82462,40.31129,41.67733,41.67733,38.83298,38.60052,34.82815,35.80503,35.80503,34.65545,35.38361,31.82766,48.16638,51.85557,52.49762,55.44367,55.22681,57.28001,59.46427,59.4138,61.52235,60.10824,61.6198,62.93648,65.11528,65.79514,67.94115,65.76473,68.62215,61.07373,68.76772,67.26812,65.43699,62.28965,63.12686,64.40497,61.85467,67.95587,62.68174,66.88797,64.00781,66.7308,61.7171,63.32456,58.69412,64.62198,65.45991,62.29767,61.84658,60.87693,62.36986,61.98387,63.28507,58.30952,61.29437,62.03225,57.21888,54.00926,56.00893,57.00877,57.42822,51.47815,53.36666,52.61179,51.1957,50.80354,45.88028,49.0408,45.22168
6.08276,5.09902,6.32456,5.38516,5.38516,5.38516,5.38516,5.83095,5.83095,6.40312,5.0,5.65685,5.65685,5.65685,5.65685,5.65685,5.65685,6.40312,6.40312,6.40312,6.40312,7.2111,6.40312,7.2111,7.2111,7.2111,7.2111,7.2111,7.2111,7.81025,7.2111,7.2111,7.81025,7.81025,7.07107,7.07107,7.2111,7.07107,7.07107,6.40312,6.40312,6.40312,6.40312,5.83095,5.83095,5.83095,5.38516,5.83095,5.83095,5.38516,5.38516,5.09902,38.0526,35.51056,40.11234,33.13608,31.57531,36.05551,34.17601,36.24914,29.54657,33.28663,34.66987,32.80244,31.40064,31.89044,33.94113,37.48333,36.87818,35.51056,37.44329,36.79674,39.66106,39.40812,38.01316,40.31129,39.44617,41.59327,35.35534,42.54409,44.29447,39.96248,42.48529,44.77723,43.909,46.64762,41.67733,46.32494,48.8774,48.25971,49.64877,44.82187,43.27817,43.27817,41.40048,44.04543,43.27817,39.62323,41.01219,41.72529,36.12478,36.79674,35.0,32.01562,35.22783,32.20248,34.1321,31.06445,32.69557,49.64877,50.59644,50.0,56.32051,53.85165,58.46366,57.72348,59.43904,58.94065,57.72348,62.0967,59.22837,63.60031,67.18631,63.89053,63.06346,69.12308,63.56099,68.00735,68.00735,67.06713,66.30988,63.56886,63.69458,63.15853,64.4748,62.6099,61.40033,59.05929,64.07027,58.24946,61.03278,63.25346,61.7171,60.81118,60.82763,58.0,61.6198,60.60528,61.03278,61.40033,57.14018,62.76942,56.35601,58.66856,57.70615,56.35601,55.71355,57.77543,53.14132,53.75872,47.12749,50.69517,43.93177,49.24429,46.09772,47.07441
7.28011,7.07107,7.07107,6.08276,7.0,7.0,7.0,7.07107,7.07107,7.07107,7.07107,7.28011,7.07107,7.07107,7.28011,7.61577,7.61577,7.61577,7.61577,7.61577,7.61577,7.61577,7.61577,7.61577,8.544,8.06226,8.06226,8.544,8.544,8.544,8.544,8.544,8.544,8.544,8.544,8.544,8.24621,8.06226,8.06226,8.06226,8.06226,7.07107,8.06226,7.07107,7.07107,7.0,7.0,7.0,7.0,7.07107,6.08276,6.08276,37.12142,38.07887,38.60052,36.40055,35.35534,33.13608,34.0147,34.0,38.0,34.1321,34.71311,36.12478,34.71311,36.13862,34.17601,36.67424,34.48188,35.4683,36.40055,39.81206,37.21559,40.31129,41.18252,38.47077,38.48376,43.82921,42.05948,44.29447,41.34005,44.10215,45.27693,45.80393,45.79301,44.41846,46.14109,47.50789,46.51881,45.88028,42.72002,46.95743,50.15974,46.8188,40.49691,45.88028,40.5216,43.32436,43.9659,40.02499,37.65634,41.97618,38.07887,32.75668,36.12478,35.0571,31.01612,34.05877,30.06659,49.0,48.0,53.00943,50.03998,53.00943,54.14795,54.08327,56.22277,59.3043,61.52235,62.20129,64.19502,64.12488,62.28965,62.1289,64.49806,64.93843,65.12296,65.19202,65.37584,63.03174,63.03174,67.00746,63.00794,63.12686,62.514,63.3877,62.39391,61.18823,62.58594,62.58594,58.82176,61.84658,60.40695,60.40695,60.00833,63.97656,60.83584,56.82429,58.30952,57.14018,60.46487,55.80323,59.03389,56.40035,57.28001,58.0517,55.86591,55.17246,52.34501,53.75872,51.08816,48.60041,51.08816,44.94441,43.60046,47.70744
6.08276,6.08276,6.0,6.0,6.0,6.08276,6.32456,6.32456,6.32456,6.32456,6.32456,6.32456,6.32456,6.32456,6.7082,6.7082,6.7082,7.2111,6.7082,7.2111,7.2111,7.2111,7.2111,7.2111,8.06226,8.60233,8.60233,8.06226,8.06226,8.60233,8.06226,8.06226,8.06226,8.94427,8.06226,8.06226,8.544,8.544,7.28011,7.28011,7.61577,7.28011,7.28011,7.28011,6.32456,6.32456,6.32456,6.08276,6.08276,6.0,6.0,5.0,38.01316,34.43835,36.23534,35.73514,34.48188,34.20526,33.24154,32.75668,32.24903,34.05877,36.12478,33.0,36.22154,35.22783,37.33631,35.90265,37.85499,37.48333,36.87818,38.07887,40.16217,39.21734,36.76955,35.1141,36.76955,41.23106,38.62642,39.39543,42.54409,44.72136,43.08132,45.18849,41.78516,43.08132,44.28318,42.37924,43.32436,44.27189,46.17359,43.32436,47.43416,47.07441,46.09772,40.4475,39.29377,43.17407,42.57934,41.4367,38.0526,38.32754,35.51056,34.1321,33.13608,35.0571,33.37664,31.0,32.24903,50.21952,48.05206,52.63079,52.39275,53.85165,54.57105,57.56735,57.72348,60.16644,58.5235,64.84597,64.19502,65.14599,65.45991,64.62198,65.45991,66.09841,65.25335,66.48308,65.96969,66.28725,67.68309,63.34824,65.9242,64.49806,66.61081,63.3877,62.07254,60.20797,62.03225,62.28965,66.1211,63.3877,62.96825,61.39218,60.87693,59.90826,61.84658,57.28001,58.82176,61.09828,58.30952,58.18075,57.77543,62.16912,57.80138,54.91812,58.30952,52.35456,51.62364,55.75841,50.44799,48.41487,47.63402,52.80152,44.55334,45.34314
6.0,6.0,5.09902,6.08276,6.08276,6.08276,5.38516,5.38516,5.38516,5.83095,5.38516,5.83095,6.40312,5.83095,6.40312,6.40312,6.40312,6.40312,7.07107,7.07107,7.07107,7.07107,7.07107,7.07107,7.07107,7.07107,7.81025,7.07107,7.81025,7.81025,7.81025,7.81025,7.81025,7.81025,7.2111,7.2111,7.61577,7.2111,7.2111,6.7082,6.7082,6.7082,6.7082,6.32456,6.32456,5.38516,6.32456,5.38516,5.38516,5.09902,5.09902,5.0,37.16181,35.17101,37.65634,32.38827,37.65634,36.12478,36.05551,34.05877,33.54102,31.14482,32.55764,33.73426,33.24154,35.90265,32.89377,37.57659,34.0147,37.58989,38.47077,34.98571,35.35534,37.73592,37.73592,39.66106,41.88078,42.2019,45.48626,47.20169,44.40721,41.6173,45.0,46.87217,44.41846,48.60041,42.72002,48.8774,47.50789,46.52956,42.05948,49.64877,46.06517,45.18849,47.16991,43.65776,46.8188,40.16217,41.10961,41.48494,36.87818,38.60052,37.85499,36.67424,36.13862,37.48333,32.75668,29.01724,32.0,50.96077,50.9902,52.95281,57.70615,53.46027,55.14526,56.0803,63.28507,63.12686,61.03278,63.12686,65.19202,69.26038,69.26038,68.35934,71.11259,67.26812,67.26812,68.593,68.35934,67.74216,71.02112,65.62012,64.93843,63.34824,66.4906,66.09841,62.8172,60.08328,63.90618,63.32456,64.07808,62.24147,59.9333,62.76942,63.28507,56.60389,60.53924,60.46487,65.21503,61.07373,61.6198,60.87693,60.87693,58.0517,62.2254,52.63079,53.2635,54.67175,55.47071,53.41348,52.00961,52.00961,48.82622,48.37355,46.64762,44.72136
6.7082,6.7082,6.7082,6.32456,6.32456,6.08276,6.08276,7.07107,6.08276,6.08276,7.07107,7.0,7.0,7.07107,7.0,7.0,7.0,7.07107,8.06226,8.06226,8.06226,8.06226,7.07107,8.06226,9.05539,8.06226,8.06226,8.06226,9.05539,8.06226,9.0,9.05539,9.0,9.0,8.0,8.0,8.0,9.05539,9.05539,8.06226,8.06226,8.06226,7.28011,7.07107,7.07107,7.28011,7.28011,7.28011,6.32456,6.32456,6.32456,5.83095,41.10961,39.59798,34.71311,34.20526,33.01515,38.60052,34.88553,34.0,35.4683,35.4683,37.16181,34.17601,38.60052,36.13862,37.48333,33.24154,39.01282,40.11234,38.11824,40.04997,41.04875,44.18144,41.04875,44.10215,41.0,40.0125,40.4475,45.27693,46.38965,46.04346,47.26521,51.08816,46.09772,49.0102,45.17743,49.0,45.01111,47.01064,46.17359,48.16638,48.16638,46.38965,48.25971,46.38965,44.55334,43.28972,44.72136,44.14748,41.97618,44.72136,39.56008,39.05125,35.1141,33.83785,36.24914,33.54102,36.24914,48.30114,48.76474,52.7731,53.7122,53.7122,58.24946,58.30952,61.29437,60.20797,59.90826,60.46487,64.3506,67.95587,64.3506,65.51336,64.49806,66.7308,65.51336,65.51336,66.88797,66.03787,64.88451,61.7171,64.84597,64.88451,63.15853,65.9242,63.15853,60.74537,64.03124,55.54278,62.36986,64.32729,64.77654,62.39391,57.55867,59.21149,60.00833,58.07753,57.03508,61.13101,57.55867,60.67125,57.87055,59.20304,59.03389,54.12947,54.08327,53.16014,51.86521,52.80152,49.64877,50.69517,47.88528,46.52956,45.61798,44.94441
6.40312,6.40312,6.40312,6.40312,6.40312,5.65685,6.40312,6.40312,6.40312,5.83095,5.83095,6.7082,6.7082,6.32456,6.32456,7.28011,6.32456,7.61577,6.32456,6.32456,6.32456,7.28011,7.28011,7.07107,7.28011,7.28011,8.24621,8.24621,7.28011,8.24621,7.28011,7.61577,7.61577,7.61577,8.94427,8.544,8.06226,7.61577,8.06226,7.2111,8.06226,7.2111,7.2111,7.2111,7.2111,6.40312,6.40312,6.40312,5.65685,5.65685,5.65685,5.65685,37.69615,38.32754,35.77709,39.81206,35.51056,35.0,34.71311,34.65545,32.52691,34.65545,33.97058,35.0,36.23534,33.83785,34.98571,37.73592,38.47077,33.12099,36.24914,38.27532,40.49691,37.16181,37.69615,39.21734,37.64306,44.38468,42.05948,43.93177,45.88028,45.31004,47.01064,48.8467,45.88028,45.35416,47.80167,47.01064,45.69464,47.43416,47.85394,51.89412,45.27693,48.02083,45.22168,41.88078,47.01064,44.41846,40.80441,38.60052,42.80187,37.20215,37.48333,39.82462,34.71311,33.24154,35.60899,32.01562,32.64966,50.91169,53.03772,51.73973,58.41233,54.03702,58.25805,54.03702,60.1415,62.62587,61.84658,63.00794,63.24555,64.2028,68.00735,70.17834,66.8431,70.29225,65.60488,64.53681,65.79514,65.79514,66.46804,65.06919,67.26812,64.3506,65.76473,66.48308,65.79514,62.00806,63.25346,59.20304,62.1289,61.29437,56.35601,61.46544,60.92618,59.9333,59.61543,61.84658,58.5235,57.56735,58.69412,60.87693,59.68249,57.70615,58.21512,58.30952,51.24451,56.0,52.15362,49.0408,54.0,55.03635,46.27094,43.10452,45.89118,44.91102
5.65685,6.7082,6.40312,5.0,5.0,6.32456,6.40312,6.7082,7.61577,6.7082,7.28011,7.07107,6.32456,6.32456,7.28011,7.07107,8.0,9.0,8.06226,6.0,7.07107,8.06226,8.24621,8.0,8.0,8.06226,9.05539,8.06226,9.05539,9.05539,8.06226,9.05539,9.05539,8.24621,9.21954,9.21954,8.24621,8.24621,7.28011,7.28011,8.24621,7.61577,7.61577,7.61577,7.61577,6.7082,6.7082,6.7082,6.7082,5.83095,5.83095,5.83095,43.18565,36.23534,40.22437,38.94868,38.94868,44.41846,38.94868,39.56008,24.59675,37.20215,28.01785,34.0147,36.61967,25.17936,35.17101,39.11521,30.14963,44.38468,29.41088,39.11521,38.27532,45.09989,39.20459,48.6621,33.01515,35.35534,33.01515,39.01282,48.01042,44.10215,47.01064,47.85394,47.09565,48.25971,48.09366,48.16638,47.16991,47.09565,45.27693,47.07441,47.53946,46.17359,45.60702,47.75982,38.32754,43.68066,44.38468,43.32436,43.86342,38.62642,35.8469,38.07887,35.34119,32.69557,34.1321,32.44996,33.28663,50.24938,51.97115,50.77401,55.75841,57.14018,55.60576,56.85948,58.41233,57.62812,61.07373,61.6198,63.12686,65.43699,65.43699,68.24954,64.2028,70.29225,68.24954,67.1193,65.21503,67.00746,66.85058,63.28507,63.51378,66.0303,64.89992,60.90156,64.84597,60.53924,61.09828,62.96825,63.56886,62.36185,58.69412,60.16644,60.16644,58.54912,60.01666,55.44367,59.21149,60.07495,58.03447,59.00847,56.14268,57.21888,58.69412,51.15662,51.97115,49.24429,55.10898,51.92302,51.66237,49.81967,44.92215,40.71855,46.14109,46.95743
6.7082,6.7082,5.38516,6.32456,6.08276,6.08276,6.08276,6.08276,6.08276,6.0,6.0,6.0,6.0,6.08276,6.08276,7.07107,7.07107,7.07107,6.32456,7.28011,7.28011,7.28011,7.28011,7.28011,7.28011,8.24621,8.24621,7.28011,8.24621,8.24621,8.24621,8.24621,8.06226,8.06226,8.06226,8.06226,8.0,7.0,7.0,7.0,7.07107,7.0,7.07107,7.07107,7.07107,6.08276,6.08276,6.08276,5.09902,5.09902,6.32456,5.38516,38.8973,37.53665,33.28663,38.28838,38.07887,35.51056,32.20248,38.07887,33.52611,32.28002,35.44009,36.67424,36.49658,34.1321,32.0,39.05125,37.01351,35.12834,39.20459,35.51056,39.20459,37.33631,36.13862,44.91102,41.7732,42.57934,41.7732,40.02499,42.44997,44.91102,47.29693,46.87217,41.97618,48.6621,45.54119,46.27094,44.55334,47.51842,47.09565,47.04253,43.10452,45.04442,47.09565,46.0,46.01087,41.19466,43.56604,38.0526,39.31921,38.32754,36.67424,36.13862,32.38827,33.95585,31.40064,30.67572,31.01612,51.10773,53.7122,48.8774,54.70832,55.22681,55.21775,54.20332,58.00862,61.29437,62.20129,64.63745,64.63745,65.45991,65.19202,70.72482,65.21503,72.11103,65.45991,67.1193,65.51336,65.8635,67.53518,64.84597,62.16912,70.21396,64.88451,63.69458,67.77905,64.84597,67.06713,62.58594,61.61169,60.41523,61.66036,61.29437,56.32051,59.07622,61.0082,60.07495,60.03332,63.12686,59.3043,58.54912,57.72348,57.97413,54.74486,55.08176,51.24451,54.42426,51.86521,53.31041,54.12947,52.39275,42.04759,45.79301,46.14109,38.41875
7.0,7.0,7.07107,7.07107,7.28011,7.28011,7.28011,7.28011,7.28011,7.61577,7.61577,7.61577,8.06226,8.06226,8.06226,8.06226,8.06226,8.06226,8.60233,8.60233,8.60233,8.60233,8.60233,8.60233,8.60233,8.60233,9.43398,8.60233,9.43398,9.43398,9.43398,9.43398,9.43398,8.94427,9.84886,8.94427,8.544,8.94427,8.544,8.544,8.24621,8.24621,8.544,7.28011,7.28011,7.28011,7.28011,7.28011,6.32456,6.08276,6.08276,6.08276,34.88553,37.57659,34.53983,36.40055,35.69314,36.22154,37.05401,35.01428,36.05551,35.22783,35.22783,38.63936,34.9285,39.21734,37.10795,40.80441,39.56008,37.69615,39.0,39.81206,40.71855,42.15448,39.81206,42.15448,43.46263,46.51881,46.09772,43.04649,46.52956,46.06517,47.42362,47.85394,50.11986,48.30114,50.08992,45.69464,50.56679,47.43416,51.5461,47.53946,47.43416,45.88028,46.32494,45.35416,41.0,41.59327,40.31129,43.93177,36.22154,37.12142,37.05401,36.12478,37.12142,31.06445,36.05551,32.01562,34.23449,48.16638,49.0306,52.61179,53.93515,56.29387,56.08921,54.08327,56.29387,61.68468,62.36986,65.52099,62.8172,65.30697,67.18631,65.96969,68.41053,67.68309,67.46851,67.91171,66.70832,65.30697,69.05071,67.08204,65.37584,64.49806,66.06815,64.19502,61.07373,67.02984,61.03278,60.07495,62.28965,62.28965,60.82763,61.81424,58.0517,58.24088,58.94065,57.38467,61.09828,57.77543,59.5063,58.59181,60.03332,52.83938,55.60576,56.30275,52.43091,52.63079,54.03702,48.27007,49.57822,44.59821,48.79549,46.75468,42.52058,47.43416
5.0,5.0,5.65685,5.0,5.0,5.0,5.0,5.83095,5.38516,5.38516,5.38516,5.38516,6.32456,6.32456,6.32456,6.32456,6.08276,6.32456,6.08276,7.07107,7.07107,7.07107,6.08276,7.07107,7.07107,7.28011,7.28011,8.24621,7.28011,7.28011,7.28011,7.28011,7.28011,7.28011,7.61577,6.7082,6.7082,6.7082,6.7082,6.7082,5.83095,6.40312,5.83095,5.0,5.83095,5.0,5.65685,5.0,5.0,5.0,5.0,4.24264,38.62642,38.83298,36.71512,33.28663,34.4093,31.38471,34.4093,32.80244,33.24154,30.61046,37.01351,35.0,35.0,36.23534,31.76476,36.24914,39.0,37.12142,37.16181,38.07887,40.31129,41.10961,38.8973,43.08132,38.8973,42.37924,44.38468,43.01163,43.65776,43.01163,45.22168,48.10405,45.54119,45.60702,44.59821,47.16991,46.48656,44.94441,49.24429,41.4367,44.72136,45.22168,43.04649,46.51881,43.56604,40.80441,39.96248,40.49691,37.64306,35.80503,36.12478,36.23534,33.30165,33.24154,32.55764,30.0,29.83287,52.00961,50.21952,52.43091,52.43091,55.75841,56.4358,55.07268,56.4358,60.82763,61.40033,63.28507,64.14047,65.8635,66.88797,68.26419,66.7308,71.58911,68.26419,68.00735,70.17834,67.1193,66.57327,67.42403,69.02898,65.0,65.19202,62.62587,63.65532,67.17887,63.65532,59.4138,63.25346,61.40033,60.80296,64.63745,60.74537,65.0,60.03332,57.77543,60.53924,60.53924,57.87055,57.38467,59.77458,56.75385,52.63079,51.92302,54.91812,52.61179,52.46904,51.0392,52.08647,46.01087,47.01064,48.01042,42.19005,45.01111
5.83095,5.0,5.83095,5.38516,5.38516,5.38516,6.08276,5.09902,6.08276,6.08276,6.08276,6.0,6.08276,6.0,6.0,7.07107,6.08276,7.07107,7.07107,7.07107,7.0,7.07107,7.07107,7.07107,8.0,7.07107,8.06226,8.06226,8.06226,8.06226,8.0,8.0,8.0,8.0,7.0,8.0,7.0,7.07107,7.07107,7.07107,7.07107,6.08276,6.08276,6.08276,6.08276,5.09902,5.09902,6.08276,5.38516,5.38516,4.47214,4.47214,37.73592,33.42155,35.0,34.05877,33.97058,35.80503,35.51056,34.0,31.7805,33.52611,38.27532,32.57299,37.10795,32.28002,36.67424,39.62323,38.47077,38.20995,37.01351,36.01389,42.10701,36.0,41.19466,39.0,40.0125,43.01163,45.04442,46.0,44.0,41.04875,46.01087,48.04165,45.01111,47.09565,42.0119,44.18144,46.01087,48.83646,45.17743,46.17359,43.56604,43.73786,45.12206,43.93177,42.72002,40.02499,40.80441,38.07887,36.13862,35.73514,36.40055,34.78505,32.69557,30.8707,33.10589,29.68164,27.78489,48.60041,50.44799,49.67897,53.75872,55.31727,57.98276,57.28001,60.10824,62.24147,62.24147,59.46427,64.38167,65.11528,65.8559,67.88225,65.05382,68.593,66.52819,68.76772,66.52819,67.35726,66.6033,65.29931,63.60031,65.80274,65.45991,65.80274,65.51336,62.26556,64.00781,60.37384,62.64982,63.56099,61.68468,64.19502,61.13101,60.16644,58.0517,60.20797,59.4138,59.4138,60.20797,59.07622,59.00847,57.07889,55.00909,54.23099,52.61179,52.46904,48.16638,50.44799,48.6621,52.88667,45.22168,47.29693,48.70318,40.24922
6.40312,5.65685,7.07107,6.40312,6.40312,5.83095,5.83095,6.7082,6.7082,6.7082,6.7082,6.7082,7.61577,7.61577,6.7082,7.28011,7.28011,7.28011,7.28011,8.24621,8.24621,8.24621,8.24621,8.24621,8.24621,8.24621,8.24621,9.21954,8.24621,8.24621,8.544,8.544,9.48683,8.544,8.544,8.544,8.06226,8.06226,8.06226,8.06226,8.06226,7.2111,8.06226,7.2111,7.2111,6.40312,6.40312,7.2111,6.40312,6.40312,5.65685,5.65685,38.28838,36.87818,37.53665,35.60899,31.06445,35.22783,33.28663,36.71512,34.9285,34.17601,33.95585,33.95585,38.07887,33.54102,35.69314,39.20459,38.32754,39.31921,38.32754,37.01351,44.0,41.01219,45.01111,41.0,44.10215,38.0,43.10452,43.01163,45.0,44.18144,46.0,44.04543,48.25971,48.09366,47.04253,46.04346,49.16299,48.04165,49.09175,48.04165,44.18144,41.59327,42.95346,44.91102,41.23106,41.23106,40.5216,40.26164,40.49691,37.65634,35.73514,34.78505,37.64306,36.05551,34.66987,30.46309,30.41381,48.27007,52.40229,50.93133,55.17246,49.51767,55.9017,55.86591,58.13777,57.31492,57.28001,62.24147,63.65532,67.20863,67.17887,69.29646,62.2254,65.05382,61.52235,67.26812,63.25346,66.8431,66.21933,66.21933,68.88396,66.4003,65.80274,61.29437,65.19202,60.03332,63.95311,55.9464,63.69458,61.35145,59.13544,62.64184,61.84658,55.10898,56.51548,59.68249,56.56854,58.42089,58.07753,60.07495,54.00926,55.00909,52.03845,49.36598,51.78803,53.93515,46.57252,48.50773,47.75982,49.33559,46.17359,43.01163,47.92703,36.71512
5.65685,5.0,5.83095,5.0,5.83095,5.38516,5.38516,5.38516,5.38516,6.32456,6.08276,5.09902,6.08276,6.08276,6.08276,6.08276,6.08276,6.08276,7.0,7.0,7.0,7.0,7.07107,7.0,8.06226,7.07107,7.07107,8.06226,8.06226,7.07107,8.06226,8.06226,8.06226,8.24621,7.28011,7.28011,7.28011,7.61577,6.32456,7.28011,6.32456,6.32456,6.32456,5.83095,5.83095,5.38516,5.38516,5.38516,5.83095,5.0,5.0,4.24264,34.9285,36.35932,30.01666,32.55764,37.53665,33.30165,34.71311,33.01515,33.83785,31.62278,31.90611,33.24154,37.33631,35.77709,34.43835,35.73514,40.49691,36.40055,39.56008,36.13862,43.68066,37.85499,41.97618,39.62323,43.17407,44.91102,43.41659,46.32494,47.07441,42.57934,45.35416,48.38388,49.0408,45.60702,45.88028,45.31004,46.84015,48.08326,46.8188,44.27189,44.38468,41.62932,45.27693,43.82921,43.909,43.909,36.23534,41.18252,35.22783,37.80212,35.80503,35.0,34.20526,32.80244,31.1127,31.82766,31.241,54.45181,53.8145,54.45181,55.22681,58.69412,54.56189,56.63921,59.4138,60.81118,60.959,65.19202,63.41136,65.94695,71.58911,65.94695,73.0,67.35726,68.68042,69.35416,67.88225,67.26812,70.03571,71.44928,67.17887,67.20863,65.29931,65.29931,66.06815,66.8431,62.20129,63.81222,61.05735,63.52952,61.7414,62.24147,62.76942,62.62587,61.35145,63.56886,62.29767,56.51548,57.70615,54.12947,54.74486,54.08327,53.03772,50.03998,57.0,55.00909,53.03772,49.0102,52.15362,49.36598,48.6621,44.10215,42.05948,39.81206
5.38516,5.83095,5.83095,5.83095,6.40312,6.40312,7.07107,6.40312,7.07107,7.07107,7.07107,6.40312,6.40312,6.40312,7.2111,7.2111,7.2111,8.06226,7.2111,7.2111,7.2111,8.06226,8.06226,8.06226,8.60233,8.60233,8.60233,8.60233,8.60233,9.21954,8.48528,9.21954,8.48528,8.48528,8.48528,8.48528,8.48528,7.81025,7.2111,7.2111,7.81025,7.2111,7.2111,6.40312,6.40312,5.83095,5.83095,5.83095,5.83095,5.38516,5.38516,5.38516,35.01428,35.12834,32.38827,32.01562,33.95585,36.13862,35.4683,32.31099,33.10589,33.54102,34.98571,34.98571,39.66106,37.53665,39.69887,38.94868,36.79674,35.4683,36.79674,42.42641,39.62323,40.31129,40.36087,39.59798,40.31129,41.40048,46.2277,45.34314,46.61545,46.40043,48.16638,47.38143,43.84062,46.01087,48.83646,45.34314,47.42362,45.27693,45.45327,48.27007,50.0,43.26662,46.61545,40.22437,39.44617,41.14608,38.47077,39.92493,39.82462,41.23106,34.43835,34.53983,32.31099,29.41088,32.89377,31.32092,27.45906,52.81098,53.16014,53.75872,53.60037,53.36666,55.08176,58.69412,61.40033,61.61169,61.61169,64.13267,66.94027,70.0928,66.4906,66.48308,66.91039,67.46851,69.05071,68.68042,68.41053,69.92138,67.35726,67.35726,67.77905,67.6757,68.15424,68.15424,64.07808,64.88451,67.62396,63.13478,64.41273,60.41523,61.03278,62.20129,62.00806,63.89053,57.28001,58.0,61.52235,59.81639,60.87693,56.0803,56.72742,53.00943,57.45433,54.3783,51.0,53.33854,51.42956,48.8467,49.76947,48.33218,44.59821,42.95346,45.22168,38.07887
6.08276,5.38516,5.38516,5.83095,5.83095,5.83095,5.83095,5.0,6.40312,5.65685,5.65685,5.65685,6.40312,6.40312,6.40312,6.40312,6.40312,6.40312,7.2111,7.2111,7.2111,7.2111,6.40312,7.2111,7.2111,7.2111,7.81025,7.2111,7.81025,7.81025,7.81025,7.81025,7.81025,7.07107,7.81025,7.81025,7.81025,7.07107,7.07107,6.40312,7.2111,6.40312,6.40312,5.83095,5.83095,5.83095,5.38516,5.83095,5.38516,5.38516,5.38516,5.09902,36.05551,38.0,37.12142,30.26549,33.73426,31.04835,31.7805,35.1141,30.88689,31.7805,29.96665,33.54102,33.42155,34.1321,34.05877,32.55764,37.53665,38.94868,36.76955,40.60788,38.18377,36.76955,37.53665,36.23534,40.45986,42.44997,41.10961,42.63801,42.80187,44.40721,42.2019,43.84062,44.55334,46.69047,43.86342,47.50789,45.96738,42.44997,41.23106,44.04543,42.80187,46.09772,45.22168,43.82921,39.44617,37.58989,39.35734,38.47077,36.24914,35.4683,32.89377,30.8707,33.61547,30.41381,34.78505,30.08322,28.4605,51.41984,51.92302,55.9017,57.42822,54.91812,60.67125,57.42822,59.5399,62.514,58.69412,63.78871,65.62012,66.75328,67.74216,66.75328,67.1193,70.5762,66.75328,69.87131,68.44706,65.30697,68.65858,66.4906,66.94027,68.30813,66.76077,69.57011,68.30813,63.69458,65.0,61.7171,65.29931,60.00833,65.8635,61.85467,62.68174,61.40033,61.84658,58.13777,60.10824,59.4138,58.72819,59.46427,59.5483,58.13777,52.43091,50.0,53.0,50.11986,50.77401,50.11986,50.15974,48.8467,43.82921,47.92703,45.88028,40.49691
7.07107,7.07107,6.32456,6.32456,6.32456,6.7082,6.7082,7.2111,6.7082,5.83095,7.2111,7.2111,7.2111,7.2111,6.40312,7.07107,7.07107,7.07107,7.07107,7.07107,7.81025,7.81025,7.81025,7.07107,8.48528,8.48528,8.48528,8.60233,8.48528,8.48528,8.60233,7.81025,8.60233,8.60233,8.60233,8.60233,8.60233,8.06226,8.06226,8.06226,6.7082,7.61577,7.61577,7.61577,6.7082,6.32456,6.32456,6.32456,6.32456,6.08276,6.08276,6.08276,36.68787,31.04835,35.35534,38.0526,35.01428,33.01515,30.14963,31.57531,34.36568,30.67572,31.95309,37.21559,37.69615,38.94868,32.24903,36.35932,35.51056,35.0,37.20215,38.27532,42.80187,37.01351,42.0119,39.69887,38.94868,41.10961,37.80212,45.34314,41.72529,43.18565,48.79549,45.27693,43.01163,43.82921,46.09772,44.20407,43.26662,42.63801,40.49691,43.82921,45.22168,43.82921,43.04649,38.01316,40.71855,39.39543,41.14608,39.39543,43.01163,39.39543,38.62642,33.24154,33.52611,31.62278,31.04835,28.86174,31.06445,50.63596,55.10898,50.21952,56.29387,56.51548,54.81788,57.97413,58.0517,63.89053,63.15061,63.78871,62.0967,63.34824,65.0,66.4906,67.91171,68.88396,67.68309,65.9242,68.88396,68.593,66.1211,65.12296,66.18912,65.12296,67.00746,64.07027,64.07027,64.03124,66.0303,61.52235,63.3877,65.51336,61.13101,61.98387,58.5235,58.69412,61.09828,62.24147,62.26556,56.4358,59.07622,57.80138,59.40539,56.40035,55.86591,53.07542,54.45181,48.79549,46.69047,48.16638,45.80393,46.61545,45.80393,43.26662,42.05948,39.0
5.38516,5.38516,5.09902,6.08276,6.08276,6.08276,5.0,6.0,6.0,6.0,6.0,6.08276,6.08276,6.08276,6.32456,6.32456,6.32456,6.32456,6.32456,6.32456,6.32456,6.32456,7.28011,7.61577,6.32456,7.28011,7.28011,7.28011,7.28011,8.24621,7.28011,7.07107,7.28011,7.07107,8.06226,8.06226,7.07107,7.07107,7.0,6.0,7.0,7.0,6.0,6.08276,6.08276,6.08276,6.08276,5.09902,5.09902,5.09902,5.38516,5.38516,35.73514,34.78505,34.1321,35.17101,31.06445,34.0147,35.01428,32.06244,34.52535,32.14032,35.90265,35.90265,34.78505,35.77709,33.52611,36.05551,33.83785,35.51056,38.94868,39.35734,38.94868,40.81666,41.88078,40.45986,43.82921,38.27532,44.29447,45.27693,42.43819,44.65423,39.96248,41.34005,43.56604,44.41846,46.52956,44.94441,46.64762,49.24429,46.23851,42.04759,43.65776,45.60702,44.59821,37.33631,40.16217,39.05125,38.63936,40.79216,38.32754,39.05125,37.48333,34.36568,32.38827,32.38827,31.01612,28.16026,27.0,53.60037,50.92151,55.36244,57.00877,60.74537,55.15433,60.16644,60.72891,64.51356,65.55151,67.41662,67.06713,64.19502,66.7308,67.6757,71.30919,68.94926,74.0,70.0928,72.53275,70.61161,72.78049,76.90254,67.08204,74.1485,70.85901,70.21396,66.27217,70.34913,66.1211,64.0,64.12488,65.27634,61.40033,63.78871,63.95311,62.80127,63.32456,60.87693,61.03278,59.23681,62.24147,59.94164,62.64982,53.7122,57.00877,52.69725,56.61272,52.80152,53.60037,48.9183,53.03772,41.01219,46.69047,45.34314,39.82462,43.909
6.08276,6.08276,6.32456,6.32456,5.38516,6.7082,5.83095,5.83095,5.83095,6.40312,6.40312,6.40312,6.40312,6.40312,6.40312,7.07107,7.07107,7.07107,7.07107,7.07107,7.07107,7.07107,7.07107,7.07107,7.07107,7.81025,7.81025,7.81025,7.81025,7.81025,7.81025,7.81025,7.81025,8.60233,7.81025,7.81025,7.2111,8.06226,7.61577,7.61577,6.7082,7.61577,6.7082,6.7082,6.7082,6.32456,6.32456,6.08276,6.32456,6.08276,6.08276,6.08276,32.57299,32.98485,31.57531,33.95585,33.06055,32.14032,31.01612,32.75668,33.01515,31.7805,33.24154,34.53983,34.17601,34.53983,33.10589,35.77709,36.89173,36.89173,36.71512,40.49691,37.58989,38.27532,41.23106,35.60899,36.40055,42.43819,40.22437,44.82187,40.49691,45.80393,43.56604,47.70744,47.63402,41.34005,44.41846,42.72002,42.05948,46.32494,44.41846,48.37355,44.01136,43.38202,39.21734,41.23106,40.80441,41.48494,39.84972,39.05125,34.20526,35.69314,38.07887,32.55764,30.41381,31.257,31.14482,33.13608,31.01612,50.92151,51.24451,52.39275,56.0803,57.77543,57.38467,59.09315,62.96825,64.88451,63.90618,65.0,69.28925,68.00735,71.69379,69.89278,69.64194,71.30919,71.51224,68.62215,70.83784,70.34202,69.37579,68.65858,68.41053,68.06614,63.78871,68.46897,64.38167,65.27634,64.07027,63.0,64.12488,65.37584,63.63961,64.93843,67.89698,61.13101,59.13544,63.24555,62.93648,60.53924,59.5063,57.69749,55.47071,53.85165,51.86521,50.80354,53.41348,51.22499,51.66237,48.16638,48.08326,48.10405,42.52058,42.0119,44.04543,37.58989
5.83095,5.83095,6.32456,6.32456,6.32456,6.32456,6.08276,7.07107,7.07107,6.08276,7.07107,7.07107,7.0,7.0,7.0,7.07107,8.06226,8.0,7.07107,7.07107,7.07107,7.07107,8.06226,8.06226,8.06226,9.05539,9.05539,8.06226,8.06226,9.05539,8.0,8.06226,8.0,8.0,8.0,8.06226,9.05539,7.07107,7.07107,7.07107,8.06226,7.07107,7.28011,7.07107,7.28011,7.07107,6.08276,6.32456,6.32456,6.32456,5.38516,5.38516,33.12099,34.43835,33.83785,33.42155,28.6007,29.83287,31.14482,34.82815,35.22783,31.62278,36.05551,30.52868,35.34119,35.8469,38.8973,37.33631,35.44009,34.48188,36.13862,35.69314,38.83298,34.48188,41.59327,36.34556,36.34556,39.62323,39.62323,38.47077,45.27693,40.4475,40.4475,46.57252,39.81206,42.95346,43.73786,42.95346,44.14748,43.41659,46.84015,42.15448,43.65776,41.14608,39.0,39.56008,38.47077,39.81206,40.81666,33.10589,36.23534,36.05551,34.1321,35.22783,32.44996,29.20616,32.80244,33.30165,27.58623,53.16014,53.16014,55.36244,60.16644,57.48913,60.16644,62.8172,64.84597,64.03124,63.56099,67.18631,66.48308,68.94926,68.62215,71.47027,71.47027,74.67262,68.62215,72.73239,74.46476,68.02941,72.09022,69.46222,74.24958,68.96376,67.41662,68.26419,69.06519,69.06519,69.02898,63.41136,64.53681,63.63961,63.03174,66.06815,62.36986,60.0,62.68174,57.14018,60.41523,58.66856,59.5063,61.32699,56.0803,54.42426,60.16644,55.36244,55.08176,48.83646,52.61179,49.25444,47.38143,49.0408,41.10961,42.04759,41.01219,40.60788
6.08276,6.08276,6.32456,6.08276,6.32456,5.83095,5.83095,5.83095,6.40312,5.83095,6.40312,6.40312,6.40312,6.40312,5.65685,7.07107,6.40312,6.40312,6.40312,6.40312,6.40312,6.40312,6.40312,7.07107,7.07107,7.07107,7.2111,7.07107,7.07107,7.81025,7.07107,7.81025,7.07107,7.81025,7.07107,7.81025,7.81025,7.2111,7.2111,7.2111,7.2111,7.2111,6.7082,5.83095,5.83095,5.83095,5.83095,5.38516,5.38516,6.32456,5.38516,5.09902,33.61547,32.55764,37.12142,30.01666,32.75668,31.57531,32.98485,32.69557,31.30495,29.96665,33.12099,31.90611,33.6006,35.0,30.4795,32.01562,35.4683,38.20995,33.24154,34.65545,35.80503,36.87818,37.80212,34.4093,36.12478,35.60899,35.80503,40.49691,39.66106,39.20459,39.66106,45.22168,41.6173,39.20459,44.10215,41.03657,40.0,43.18565,42.52058,43.86342,42.52058,38.94868,41.03657,41.23106,35.38361,44.04543,36.87818,36.40055,34.4093,33.6006,34.98571,33.6006,33.61547,32.64966,29.06888,31.38471,30.8707,50.53712,51.97115,55.56978,52.47857,54.3783,57.3062,56.93856,59.5399,64.00781,61.29437,64.88451,66.24198,68.0,68.44706,65.79514,70.26379,70.77429,66.30988,70.77429,65.78754,68.62215,72.12489,69.26038,70.34202,68.44706,66.09841,66.09841,68.26419,64.03124,66.1211,63.00794,61.13101,61.20457,63.78871,61.61169,64.03124,61.98387,61.68468,56.0803,59.48109,59.94164,56.93856,57.70615,52.43091,55.80323,55.80323,53.2635,49.51767,49.57822,50.44799,48.10405,49.81967,47.20169,43.82921,41.88078,38.47077,40.31129
6.40312,5.65685,5.65685,5.65685,6.40312,5.83095,5.83095,5.83095,5.83095,6.7082,5.83095,6.7082,6.32456,6.32456,6.32456,6.32456,6.32456,6.32456,7.07107,7.07107,7.07107,7.07107,7.28011,7.07107,7.28011,7.28011,7.28011,8.24621,7.28011,7.28011,7.28011,8.24621,8.24621,7.61577,7.61577,7.61577,7.61577,7.61577,6.7082,6.7082,7.2111,7.2111,6.7082,6.40312,5.83095,6.40312,6.40312,6.40312,6.40312,6.40312,5.65685,5.65685,35.4683,34.0147,30.8707,32.01562,30.61046,33.24154,32.52691,31.82766,31.82766,31.62278,31.38471,32.44996,34.98571,32.75668,30.8707,33.61547,37.94733,37.36308,34.78505,34.9285,35.69314,37.36308,35.35534,37.36308,37.64306,40.79216,37.33631,41.7732,39.62323,41.30375,42.29657,41.48494,41.7732,40.02499,43.17407,44.38468,43.68066,45.35416,44.01136,43.46263,40.8534,41.62932,43.38202,43.41659,38.01316,36.67424,40.31129,37.44329,33.28663,33.12099,34.05877,32.80244,32.01562,34.05877,34.65545,29.69848,29.73214,54.03702,52.00961,58.00862,58.07753,61.0082,58.00862,62.00806,59.00847,62.00806,67.02984,64.07027,68.11755,71.56815,70.34913,69.46222,70.25667,67.47592,71.56815,72.69113,72.18033,71.58911,72.00694,71.06335,68.68042,68.00735,69.57011,68.62215,66.85058,66.70832,64.84597,62.64982,61.40033,65.45991,61.03278,65.60488,60.87693,64.38167,58.72819,63.12686,57.2014,60.46487,57.45433,54.58938,56.4358,57.69749,53.33854,55.9464,51.62364,52.55473,48.08326,47.07441,46.52956,40.80441,45.89118,45.27693,44.10215,39.01282
6.08276,5.38516,5.38516,5.38516,5.38516,5.83095,5.83095,6.40312,5.65685,5.65685,6.40312,6.40312,5.65685,5.65685,6.40312,5.83095,6.40312,5.83095,5.83095,5.83095,5.83095,7.2111,6.7082,6.40312,6.40312,7.2111,7.2111,7.2111,7.2111,7.2111,7.81025,7.81025,7.81025,7.2111,7.81025,7.07107,7.07107,7.2111,7.2111,7.2111,6.40312,6.40312,7.2111,6.40312,7.2111,6.40312,6.40312,5.83095,5.83095,5.38516,5.38516,5.38516,31.40064,35.12834,32.98485,26.40076,30.08322,32.20248,29.20616,29.73214,26.90725,28.28427,30.4795,31.241,31.62278,29.73214,33.83785,30.23243,31.76476,30.41381,30.52868,32.64966,34.17601,31.38471,33.83785,31.38471,34.43835,31.95309,34.53983,36.40055,34.9285,37.16181,37.69615,40.31129,38.94868,37.12142,42.95346,39.96248,37.16181,38.58756,36.89173,43.82921,39.82462,41.34005,39.05125,34.82815,38.28838,38.20995,35.38361,31.14482,32.64966,31.14482,30.41381,33.30165,33.28663,27.80288,30.0,30.23243,29.20616,53.85165,58.5235,54.40588,59.77458,57.87055,60.00833,60.40695,61.35145,64.19502,63.56886,62.96825,64.84597,69.12308,71.06335,70.88018,66.94027,72.56721,71.38627,73.82412,74.67262,68.26419,71.70077,68.18358,72.1734,68.0,67.02984,64.03124,68.35934,66.18912,66.4906,63.56099,66.48308,65.52099,61.98387,63.97656,62.24147,60.82763,60.03332,60.0,58.5235,58.60034,59.03389,60.959,57.28001,54.45181,56.0803,50.44799,47.43416,51.86521,48.54894,47.85394,46.61545,44.38468,39.29377,40.49691,41.76123,36.67424
5.0,5.0,5.0,5.0,5.65685,5.65685,6.40312,6.40312,5.83095,5.83095,5.83095,5.83095,5.83095,5.83095,5.83095,6.32456,6.32456,6.7082,6.7082,6.32456,6.32456,6.32456,6.32456,6.32456,6.7082,7.61577,6.7082,6.7082,6.7082,7.61577,7.2111,7.2111,7.2111,7.81025,7.2111,7.2111,7.81025,7.07107,7.07107,7.07107,6.40312,6.40312,7.07107,6.40312,5.65685,5.65685,5.65685,6.40312,5.83095,5.0,5.83095,5.0,27.07397,28.86174,27.45906,28.17801,26.40076,32.20248,27.58623,29.73214,27.58623,29.0,29.73214,30.61046,32.24903,32.24903,29.54657,33.10589,28.63564,31.01612,31.38471,34.78505,33.24154,32.98485,32.89377,30.08322,30.41381,35.44009,35.17101,33.24154,35.73514,32.01562,33.52611,37.33631,34.17601,35.8469,38.27532,36.67424,37.69615,36.23534,38.58756,38.01316,38.58756,41.6173,36.23534,36.61967,39.40812,37.64306,34.20526,36.12478,32.55764,34.20526,30.41381,33.30165,31.89044,28.42534,29.06888,31.14482,30.0,54.40588,57.42822,58.24946,64.40497,62.20129,63.60031,65.60488,62.96825,67.42403,71.84706,72.40166,71.34424,72.56032,72.20111,72.89719,75.591,74.24958,74.32362,71.11259,72.01389,73.38937,72.42237,75.28612,68.88396,72.8011,74.1485,74.52516,72.44308,67.06713,67.00746,64.12488,68.35934,64.28063,62.28965,64.13267,61.13101,63.89053,61.68468,59.5063,64.84597,58.13777,60.20797,57.2014,55.44367,51.61395,59.4138,51.62364,49.57822,45.34314,42.52058,43.01163,38.01316,40.31129,41.62932,43.08132,37.94733,34.48188
5.38516,5.38516,5.09902,6.08276,5.09902,6.08276,5.09902,6.0,6.0,5.0,6.08276,6.08276,6.08276,6.08276,6.08276,6.08276,6.08276,6.08276,6.32456,6.08276,6.08276,6.08276,6.32456,6.08276,6.32456,7.28011,7.07107,6.08276,6.08276,7.07107,7.0,7.0,6.0,6.0,7.0,7.0,7.0,7.07107,7.0,7.07107,6.0,7.07107,6.08276,6.08276,6.08276,6.08276,6.08276,6.08276,5.09902,5.09902,5.09902,5.09902,30.01666,28.16026,28.42534,25.23886,29.83287,29.0,25.0,30.80584,26.41969,31.30495,26.40076,33.61547,31.30495,28.17801,30.08322,30.67572,33.73426,32.24903,32.14032,31.57531,32.14032,31.14482,32.06244,29.0,31.14482,32.14032,31.06445,33.13608,29.06888,35.0571,36.05551,39.20459,32.98485,37.65634,37.21559,36.49658,34.9285,34.9285,38.63936,41.10961,32.98485,34.78505,36.05551,37.57659,36.40055,38.91015,33.10589,34.0147,32.64966,31.76476,36.89173,33.28663,32.44996,28.6531,31.241,30.41381,28.01785,56.22277,62.2254,54.67175,67.26812,60.30755,68.11755,63.78087,65.11528,68.24954,64.3506,73.23933,71.84706,76.53757,79.64923,77.69813,70.17834,80.45496,70.66116,76.55717,73.82412,77.25283,80.41144,73.05477,72.12489,72.53275,73.5459,75.95393,74.43118,65.12296,72.11103,66.0303,70.45566,63.1981,64.62971,62.36986,65.25335,59.23681,62.39391,63.06346,63.63175,64.49806,53.00943,61.03278,54.03702,57.31492,52.40229,51.62364,50.91169,50.0,42.05948,41.14608,44.77723,42.48529,39.05125,35.17101,36.22154,27.65863
5.83095,5.83095,6.7082,5.38516,6.32456,5.38516,5.09902,6.08276,6.08276,6.08276,6.0,6.0,6.0,6.0,6.0,6.08276,6.08276,6.08276,6.08276,6.08276,6.08276,6.08276,6.08276,6.08276,6.08276,6.08276,6.08276,7.07107,6.08276,6.0,7.0,7.0,7.0,7.0,6.08276,7.07107,7.07107,7.07107,7.07107,7.28011,7.28011,6.08276,7.28011,6.32456,6.32456,5.38516,6.32456,6.32456,6.32456,6.32456,5.38516,5.83095,26.24881,31.1127,27.01851,30.01666,32.64966,32.57299,27.20294,30.41381,23.5372,28.44293,28.07134,33.01515,29.06888,32.01562,30.26549,30.80584,30.80584,26.57066,28.44293,32.89377,31.32092,28.23119,29.54657,31.95309,29.42788,30.46309,31.32092,32.57299,31.04835,34.78505,37.0,31.04835,35.1141,32.01562,35.90265,34.23449,34.36568,33.54102,37.21559,36.05551,36.05551,35.0571,35.01428,36.0,32.01562,36.22154,33.13608,36.22154,28.16026,32.24903,34.05877,34.52535,34.23449,32.14032,31.95309,29.61419,29.54657,56.35601,59.03389,59.5399,62.16912,62.16912,67.54258,65.74192,64.41273,68.02941,66.12866,70.83784,72.73239,74.33034,75.69016,75.69016,75.96052,79.07591,79.07591,72.18033,76.94154,74.16873,71.17584,73.17103,77.00649,73.10951,72.44308,71.84706,68.65858,72.03471,63.89053,63.69458,62.39391,68.8767,61.40033,64.66065,64.63745,61.84658,62.2254,63.65532,58.13777,57.00877,58.83026,53.7122,51.88449,51.47815,49.0408,48.08326,45.60702,42.95346,42.44997,41.10961,39.0,37.01351,37.33631,41.48494,31.57531,32.69557
4.47214,4.47214,5.38516,5.38516,5.09902,5.09902,4.0,5.0,5.0,5.0,5.0,5.0,5.09902,5.09902,5.09902,5.09902,5.38516,5.09902,5.09902,5.38516,5.09902,5.38516,5.38516,5.38516,5.38516,5.09902,5.09902,6.32456,6.32456,5.09902,5.09902,5.09902,6.08276,6.0,5.0,5.0,5.0,5.0,5.0,5.09902,5.09902,5.09902,5.09902,5.09902,5.09902,4.47214,4.47214,4.12311,5.09902,4.12311,4.47214,4.47214,27.29469,26.07681,28.3196,26.1725,29.83287,30.88689,27.20294,30.88689,30.67572,31.62278,29.12044,28.63564,29.15476,28.44293,28.28427,32.06244,32.01562,34.05877,28.16026,30.26549,29.42788,31.06445,31.06445,31.57531,30.59412,29.15476,29.42788,29.01724,30.59412,33.13608,30.01666,32.24903,28.01785,33.13608,30.26549,31.01612,32.55764,33.24154,32.55764,30.06659,30.41381,33.24154,36.40055,32.01562,33.24154,31.04835,30.8707,29.54657,27.73085,26.92582,28.01785,28.23119,28.63564,26.92582,32.24903,28.01785,26.41969,56.56854,60.20797,61.52235,65.05382,63.70243,62.24147,64.53681,67.35726,70.17834,69.40461,70.0928,76.05919,74.02702,76.6094,79.07591,78.49204,75.16648,79.07591,79.20227,76.55717,74.09453,77.16217,72.8011,74.33034,72.73239,75.43209,72.36712,71.56815,67.36468,70.02857,68.00735,66.37017,64.77654,67.68309,64.51356,62.96825,60.16644,62.96825,59.48109,58.60034,58.83026,58.89822,58.13777,52.49762,53.2635,51.0392,47.01064,46.04346,48.02083,46.61545,42.48529,44.27189,35.17101,39.45884,36.22154,32.01562,33.24154
5.09902,5.09902,5.0,5.0,5.0,6.08276,5.09902,5.09902,5.09902,5.38516,5.38516,5.38516,5.38516,5.38516,5.38516,5.38516,5.83095,5.0,5.83095,5.38516,5.83095,5.83095,4.47214,5.83095,5.38516,5.38516,4.47214,5.38516,5.38516,4.12311,5.09902,5.09902,6.08276,5.09902,5.0,5.0,5.0,5.0,5.0,5.0,5.09902,5.09902,5.09902,4.12311,4.12311,4.12311,4.47214,4.12311,4.47214,4.47214,4.47214,4.47214,30.0,31.1127,31.76476,29.68164,30.8707,30.80584,31.7805,33.24154,29.27456,31.01612,34.0,34.1321,34.0,30.14963,30.80584,34.48188,35.17101,31.7805,32.57299,34.0147,31.95309,29.54657,29.06888,29.73214,29.73214,31.95309,31.32092,32.31099,30.46309,31.01612,29.52965,29.73214,33.24154,31.57531,29.27456,31.7805,31.14482,31.14482,30.06659,33.0,30.14963,29.27456,34.52535,32.55764,30.26549,31.40064,31.95309,31.04835,25.29822,25.96151,28.79236,29.06888,31.01612,24.69818,30.08322,29.54657,28.17801,61.77378,59.16925,61.91123,67.74216,68.7968,65.51336,65.8635,70.23532,72.20111,72.01389,71.11259,78.92401,83.21658,83.48653,81.59657,78.39005,83.1685,79.05694,80.77747,77.46612,80.41144,77.10383,77.41447,76.23647,80.025,75.16648,74.10803,75.95393,70.85901,72.00694,71.30919,70.5195,70.00714,66.64083,68.42514,62.96825,61.85467,62.00806,62.28965,63.65532,59.46427,58.79626,57.68882,58.30952,54.58938,57.45433,52.92447,48.70318,49.0408,43.93177,43.18565,40.0,38.01316,38.20995,32.55764,43.17407,34.0
5.38516,5.38516,5.09902,5.09902,6.08276,5.0,5.0,5.0,6.0,6.0,5.09902,6.08276,5.09902,6.08276,5.38516,5.09902,5.09902,5.38516,5.38516,5.38516,5.38516,5.38516,4.12311,5.38516,5.09902,5.09902,5.09902,5.09902,4.12311,4.0,5.09902,5.0,5.0,4.0,4.12311,4.12311,4.47214,4.12311,4.47214,4.12311,4.47214,3.60555,4.47214,4.24264,5.0,4.24264,4.24264,4.24264,4.24264,4.24264,4.24264,4.24264,31.38471,31.40064,30.41381,31.90611,33.28663,29.15476,33.54102,34.9285,31.38471,28.4605,36.13862,36.22154,36.67424,31.7805,34.1321,31.01612,34.0147,33.0,31.257,30.14963,34.23449,30.26549,31.01612,32.14032,26.01922,30.0,30.06659,26.07681,31.0,27.29469,28.0,30.06659,24.08319,28.07134,30.26549,26.4764,30.59412,25.4951,26.57066,29.06888,26.57066,28.01785,30.88689,28.30194,29.20616,26.1725,27.80288,25.80698,25.4951,25.45584,26.40076,23.43075,26.1725,26.1725,25.23886,25.0,22.36068,60.0,59.81639,61.84658,63.89053,69.6563,62.482,66.61081,69.40461,70.0,71.19691,78.23043,74.62573,81.00617,80.13114,81.00617,78.71467,78.72103,78.79086,76.32169,78.77182,74.94665,75.0,76.844,80.04998,74.1485,75.31268,71.84706,78.23043,71.0,72.02777,66.27217,68.88396,65.96969,63.32456,68.30813,62.39391,63.15853,60.82763,63.13478,61.61169,60.74537,53.8145,57.31492,53.15073,52.80152,56.93856,50.24938,50.11986,46.51881,43.65776,45.54119,42.95346,37.33631,36.22154,35.0571,35.12834,30.06659
6.40312,6.40312,6.7082,6.7082,6.7082,6.7082,6.32456,7.28011,7.28011,6.32456,7.07107,7.07107,6.08276,6.08276,6.08276,7.0,6.0,7.0,6.0,6.0,6.08276,6.0,6.0,6.08276,6.08276,5.09902,5.0,5.09902,5.09902,5.09902,4.47214,5.38516,4.47214,5.0,4.47214,5.0,5.0,5.0,4.24264,4.24264,5.0,4.24264,5.0,3.60555,3.60555,3.60555,4.47214,4.47214,4.47214,4.47214,4.12311,4.12311,34.48188,34.20526,36.76955,31.14482,33.6006,32.20248,35.22783,34.66987,32.64966,34.9285,36.05551,35.44009,38.8973,34.20526,35.22783,39.62323,32.38827,33.24154,33.24154,32.14032,34.23449,33.24154,32.01562,32.01562,27.07397,30.41381,33.06055,27.0,26.1725,28.07134,27.01851,25.4951,25.96151,27.89265,26.4764,23.25941,25.80698,27.29469,24.20744,25.0,24.41311,25.0,25.0,26.1725,25.55386,28.6007,27.01851,25.6125,25.23886,22.36068,20.80865,24.16609,24.16609,21.84033,25.07987,25.0,20.61553,58.30952,59.07622,58.83026,67.00746,64.40497,68.24222,67.1193,66.0303,72.11103,74.09453,73.34848,76.05919,76.48529,77.82031,76.47876,74.24284,78.29432,73.79024,76.55064,76.15773,74.67262,72.11103,72.27724,73.97973,73.1642,73.43705,68.35934,70.5762,73.00685,71.11259,70.11419,71.44928,66.61081,65.51336,64.84597,61.35145,60.00833,64.49806,60.53924,59.81639,57.42822,55.97321,55.31727,51.62364,56.63921,48.60041,48.60041,49.09175,44.41846,42.48529,44.38468,39.62323,39.81206,40.04997,34.05877,36.34556,33.73426
7.2111,7.2111,7.2111,6.7082,6.7082,6.7082,7.61577,7.61577,7.61577,6.32456,7.28011,7.28011,7.07107,7.28011,6.32456,7.28011,6.08276,7.07107,5.09902,6.08276,5.09902,6.08276,6.08276,5.09902,5.09902,5.09902,5.38516,4.47214,4.47214,4.47214,4.47214,3.60555,3.60555,4.24264,4.24264,3.60555,3.60555,3.16228,3.16228,3.0,3.16228,3.0,3.0,3.0,3.0,3.0,3.16228,3.16228,3.16228,3.60555,2.23607,2.82843,40.71855,38.94868,43.56604,39.66106,36.12478,39.62323,41.72529,40.36087,40.31129,42.80187,39.05125,40.60788,39.11521,38.58756,38.94868,41.18252,38.48376,37.69615,36.24914,34.9285,37.16181,34.48188,32.57299,34.78505,29.15476,34.17601,33.61547,31.32092,29.96665,31.30495,31.76476,26.83282,26.62705,25.05993,24.41311,24.04163,19.79899,21.26029,19.72308,18.38478,20.88061,25.63201,22.2036,16.12452,21.0,18.02776,21.0238,18.02776,21.18962,19.64688,21.0238,20.61553,18.38478,20.0,20.59126,18.60108,18.60108,59.03389,62.00806,58.00862,61.20457,63.3877,68.35934,68.35934,68.46897,72.44308,73.5527,71.17584,76.41989,76.23647,75.02666,78.1025,79.02531,79.0,74.16873,78.0,76.0,74.00676,81.02469,73.06162,73.24616,74.33034,77.52419,72.18033,76.90254,69.63476,70.21396,68.00735,69.64194,63.15853,66.30988,64.88451,64.3506,59.68249,66.4003,61.22091,60.30755,62.24147,58.72819,60.959,57.00877,56.40035,58.5235,55.07268,49.1935,51.26402,45.31004,45.35416,48.76474,47.85394,42.42641,42.0119,45.04442,41.10961
6.32456,6.32456,6.7082,6.7082,6.7082,6.7082,5.83095,6.40312,5.83095,6.40312,6.40312,5.65685,5.65685,5.65685,5.65685,5.65685,5.65685,5.65685,5.65685,5.0,5.65685,5.0,5.0,4.24264,4.24264,4.24264,4.47214,3.60555,4.47214,4.12311,3.16228,3.16228,3.16228,3.0,3.16228,4.12311,3.16228,3.16228,2.82843,2.82843,3.60555,4.24264,3.60555,3.60555,3.60555,3.60555,4.12311,3.16228,3.16228,3.16228,4.0,4.0,42.19005,41.59327,39.21734,40.5216,42.95346,39.39543,41.14608,39.35734,42.54409,36.35932,40.45986,39.20459,37.53665,36.79674,39.05125,34.65545,36.06938,38.8973,35.38361,35.4683,39.59798,34.05877,31.82766,30.80584,32.55764,32.20248,28.3196,29.73214,28.42534,27.58623,24.08319,23.32381,26.62705,23.43075,19.69772,23.08679,21.54066,23.4094,20.88061,16.03122,16.0,23.08679,18.11077,19.69772,19.64688,16.55295,16.40122,14.76482,16.97056,21.93171,18.60108,18.60108,19.10497,18.02776,18.60108,20.61553,18.97367,59.00847,60.53098,60.07495,62.20129,63.78871,63.95311,65.9242,71.02112,70.5762,69.87131,73.5527,72.83543,76.65507,80.50466,70.45566,77.78175,76.79193,77.27872,78.1025,75.32596,70.0,75.02666,78.05767,74.06079,77.23341,72.02777,72.06247,72.24957,70.71068,71.84706,68.44706,66.94027,67.72001,68.68042,67.77905,65.39113,65.30697,63.63175,64.89992,66.0303,60.21628,60.0,58.13777,56.56854,58.0,61.52235,55.31727,52.63079,50.47772,51.42956,48.37355,48.75449,47.43416,45.54119,47.75982,45.12206,41.7732
8.06226,8.24621,8.24621,8.24621,8.544,8.544,8.544,7.61577,7.61577,8.06226,7.61577,7.61577,8.06226,7.2111,7.2111,7.2111,7.2111,7.2111,7.2111,6.40312,6.40312,6.40312,5.83095,6.40312,5.83095,5.83095,5.38516,5.38516,5.38516,5.09902,4.47214,5.09902,4.12311,4.12311,5.0,4.12311,4.12311,4.0,3.16228,3.16228,3.60555,3.60555,2.82843,3.60555,3.60555,2.82843,3.60555,2.23607,2.23607,2.23607,3.16228,3.0,43.28972,41.97618,43.04649,45.09989,42.04759,40.4475,40.79216,42.29657,42.44997,38.32754,41.10961,39.56008,38.07887,38.62642,41.59327,38.07887,38.94868,39.44617,38.07887,35.8469,39.11521,35.22783,35.22783,36.40055,34.05877,33.28663,34.1321,32.20248,32.24903,29.06888,30.01666,30.41381,28.63564,25.4951,23.76973,24.5153,25.4951,21.37756,20.22375,21.09502,20.22375,20.88061,16.12452,18.97367,19.23538,17.80449,20.80865,20.51828,19.41649,18.86796,15.0,15.52417,16.55295,14.86607,16.49242,15.81139,18.24829,54.40588,61.46544,58.18935,64.62198,61.09828,63.32456,62.03225,62.96825,68.35203,66.12866,72.09022,73.92564,72.44998,73.53911,73.73602,73.92564,76.6942,70.77429,74.04053,74.94665,70.0928,75.28612,74.04053,74.2159,74.46476,73.34848,69.2315,72.83543,68.88396,69.26038,65.37584,70.02857,67.1193,66.27217,68.73136,64.77654,62.8172,61.98387,62.0967,62.64184,62.96825,58.30952,58.59181,59.48109,57.14018,58.00862,52.63079,51.62364,55.44367,49.51767,46.69047,47.63402,48.01042,44.77723,47.41308,42.19005,50.08992
7.2111,8.06226,6.7082,8.06226,7.61577,7.61577,7.61577,7.28011,7.28011,6.32456,7.28011,7.28011,7.28011,6.08276,6.08276,7.07107,7.07107,6.08276,6.08276,6.08276,6.08276,5.09902,6.08276,5.09902,5.09902,5.09902,5.09902,4.47214,4.47214,4.47214,3.60555,3.60555,4.24264,4.24264,3.60555,3.60555,3.60555,3.16228,3.16228,4.0,3.0,4.0,3.16228,4.0,4.12311,3.16228,3.16228,3.60555,3.60555,3.60555,3.60555,3.60555,41.03657,43.18565,44.04543,41.04875,43.82921,43.41659,42.04759,43.38202,42.37924,44.38468,42.05948,41.97618,42.57934,37.48333,40.60788,40.11234,40.31129,40.1995,41.19466,34.23449,40.11234,37.33631,34.05877,34.0,36.01389,34.05877,32.06244,30.01666,30.01666,31.257,32.24903,26.68333,28.07134,26.30589,23.5372,24.59675,21.18962,21.09502,21.09502,22.80351,22.2036,19.41649,18.78829,16.15549,15.81139,16.15549,18.24829,19.0,19.0263,14.03567,17.02939,14.31782,14.86607,14.86607,17.46425,17.49286,16.97056,55.0,61.22091,56.72742,62.96825,60.1415,61.55485,64.38167,66.48308,69.29646,66.48308,69.29646,74.27651,73.53911,76.48529,77.07788,72.13876,79.20859,72.86288,77.89737,72.83543,74.65253,73.10951,73.10951,74.65253,74.02702,74.4043,72.42237,73.4983,69.97142,70.23532,68.8767,68.15424,65.9242,66.7308,65.45991,66.76077,69.37579,68.65858,65.30697,65.62012,65.49046,62.07254,64.07027,59.07622,61.13101,56.22277,56.22277,55.54278,58.69412,51.66237,53.85165,54.42426,51.07837,50.11986,52.35456,53.00943,45.80393
8.60233,8.06226,8.94427,8.94427,8.544,8.544,8.24621,8.24621,7.28011,8.24621,8.24621,8.24621,7.07107,7.07107,7.07107,8.06226,7.07107,7.07107,7.0,7.0,7.07107,7.07107,7.07107,6.08276,6.08276,6.08276,6.08276,5.09902,5.38516,5.38516,4.47214,4.47214,4.47214,3.60555,4.24264,3.60555,3.60555,2.82843,2.23607,2.23607,3.16228,2.0,2.0,2.0,2.0,2.23607,2.23607,1.41421,1.41421,1.41421,1.41421,2.23607,45.79301,47.01064,47.01064,45.65085,43.46263,44.01136,42.95346,43.32436,42.2019,40.26164,41.7732,44.72136,42.57934,40.1995,41.10961,42.19005,41.01219,39.11521,35.0,37.12142,38.11824,38.01316,35.01428,32.06244,34.0147,37.01351,33.01515,32.01562,29.06888,32.0,29.27456,33.54102,27.29469,27.29469,27.20294,22.47221,21.93171,21.47091,22.36068,20.51828,16.27882,20.0,16.64332,14.21267,12.52996,17.46425,16.12452,12.04159,15.52417,12.16553,12.16553,14.31782,12.20656,11.6619,10.0,13.0384,14.42221,53.00943,52.23983,55.44367,57.55867,59.5399,59.03389,58.0517,61.84658,63.32456,63.32456,67.46851,67.68309,67.68309,68.41053,71.56815,72.12489,73.08215,73.37575,70.60453,70.34202,68.88396,71.06335,70.60453,68.15424,71.38627,73.34848,66.70832,67.60178,67.60178,67.36468,65.19202,64.12488,63.03174,64.07027,63.03174,62.1289,65.27634,62.80127,62.64982,61.98387,60.87693,62.36185,61.35145,60.40695,56.46238,56.0803,56.0803,55.03635,54.12024,53.33854,53.00943,52.43091,50.47772,48.25971,49.67897,47.50789,52.34501
8.06226,8.60233,8.60233,7.81025,9.21954,7.81025,8.48528,8.48528,8.48528,8.48528,7.81025,7.81025,7.81025,7.81025,7.81025,7.81025,7.2111,7.2111,7.2111,7.2111,7.2111,6.40312,6.40312,6.40312,6.40312,6.40312,5.65685,5.65685,5.65685,5.0,5.0,5.0,4.47214,4.47214,4.12311,4.12311,3.0,4.12311,3.0,3.0,3.0,3.16228,3.16228,2.23607,2.23607,2.23607,2.23607,2.23607,1.41421,2.23607,2.23607,2.23607,50.15974,44.72136,47.01064,47.01064,43.04649,40.80441,41.40048,43.82921,42.0119,43.93177,43.13931,45.96738,43.93177,41.03657,40.36087,39.82462,41.10961,39.69887,37.64306,34.66987,38.60052,35.51056,37.20215,35.80503,32.80244,35.80503,32.64966,34.82815,32.64966,31.241,30.4795,29.83287,29.73214,30.41381,23.34524,26.24881,24.69818,24.69818,25.05993,22.36068,17.08801,20.09975,19.10497,19.0263,16.03122,17.08801,14.86607,17.08801,9.21954,12.52996,11.31371,12.04159,12.80625,11.6619,13.34166,13.34166,13.60147,53.25411,53.82379,53.25411,58.25805,55.9017,61.52235,56.58622,61.55485,64.3506,61.52235,68.11755,68.11755,68.11755,68.76772,70.17834,70.03571,74.33034,70.29225,72.18033,71.44928,73.66139,72.12489,69.35416,72.86288,71.50524,70.00714,64.38167,68.68042,66.52819,71.8401,63.00794,67.20119,66.28725,65.51336,67.74216,61.26989,63.95311,64.84597,62.64982,63.56099,62.96825,63.24555,61.03278,60.16644,56.75385,60.67125,55.44367,56.14268,54.03702,57.31492,54.08327,54.00926,51.0098,51.78803,52.08647,50.63596,48.27007
7.61577,6.7082,7.2111,7.2111,7.2111,6.40312,6.40312,6.40312,6.40312,6.40312,6.40312,6.40312,7.07107,6.40312,5.65685,6.40312,6.40312,6.40312,6.40312,5.65685,5.65685,5.65685,5.65685,5.65685,5.65685,5.0,5.0,5.0,4.24264,4.47214,3.60555,3.16228,3.16228,3.16228,3.0,3.0,3.0,3.0,2.23607,2.23607,2.23607,2.23607,2.82843,2.23607,2.23607,2.23607,2.23607,2.0,2.0,2.0,2.0,2.23607,50.96077,43.93177,43.08132,44.01136,42.48529,45.61798,42.48529,44.77723,39.66106,40.45986,42.2019,41.23106,40.60788,40.45986,40.80441,38.20995,37.48333,38.8973,40.36087,34.05877,37.80212,29.73214,35.22783,31.14482,36.06938,34.65545,31.82766,31.82766,30.41381,27.80288,28.28427,29.73214,27.65863,30.61046,25.80698,21.93171,24.59675,22.47221,20.61553,21.18962,17.02939,19.0,18.02776,17.0,18.0,14.76482,13.0384,13.60147,10.0,10.29563,11.40175,12.52996,11.6619,10.77033,11.7047,12.04159,10.04988,55.07268,56.60389,54.40588,59.20304,60.0,61.22091,59.5483,61.7171,63.78087,64.38167,66.52819,68.0147,65.8559,67.89698,74.24958,68.68042,73.5527,71.58911,71.42129,72.12489,70.00714,75.0733,67.17887,72.83543,70.0928,67.20863,70.76722,69.42622,68.24954,69.81404,66.4003,70.21396,68.00735,68.50547,67.23095,68.96376,64.84597,65.76473,65.79514,63.69458,65.39113,58.18935,65.14599,59.48109,62.8172,59.66574,61.18823,67.74216,60.41523,51.08816,62.07254,58.03447,53.00943,50.08992,54.00926,54.23099,50.24938
8.24621,8.24621,8.24621,8.24621,8.06226,8.06226,8.06226,8.0,8.0,8.0,8.0,8.0,8.0,7.0,8.0,7.07107,7.07107,7.07107,7.07107,7.07107,7.07107,7.0,6.08276,7.0,7.0,6.0,6.0,6.0,6.08276,5.0,5.09902,4.12311,4.12311,4.12311,3.16228,3.16228,3.60555,2.82843,2.82843,2.82843,1.41421,1.41421,2.0,1.0,1.0,1.0,1.0,1.0,1.41421,1.41421,1.41421,1.41421,46.75468,48.41487,47.01064,43.82921,44.29447,46.14109,46.06517,46.51881,43.46263,44.01136,43.08132,43.9659,43.01163,43.32436,42.05948,42.2019,41.59327,41.23106,41.0,38.83298,43.41659,37.33631,38.63936,38.60052,34.9285,36.49658,35.69314,36.49658,35.35534,37.85499,34.71311,34.48188,31.7805,28.79236,25.4951,30.46309,29.06888,25.80698,23.02173,20.80865,22.47221,19.41649,19.84943,18.02776,13.45362,13.0,13.41641,12.08305,11.18034,10.0,8.06226,8.24621,10.29563,7.28011,7.81025,7.2111,8.60233,53.45091,52.63079,55.31727,57.07013,54.91812,56.4358,57.42822,58.30952,60.20797,61.29437,64.12488,65.03076,70.11419,70.02857,67.00746,66.06815,70.06426,67.00746,71.00704,69.02898,67.02984,71.02816,68.02941,70.02857,68.0,69.02898,69.00725,68.02941,68.06614,66.18912,66.18912,64.38167,65.76473,64.49806,65.30697,64.13267,62.58594,62.36185,63.06346,66.76077,64.56005,65.78754,64.62198,62.39391,64.62198,62.6099,60.37384,58.13777,60.82763,55.22681,57.45433,57.2014,58.30952,50.60632,54.81788,51.85557,50.9902
9.48683,9.21954,9.21954,9.21954,9.21954,9.05539,9.05539,9.0,9.05539,9.05539,9.0,9.0,8.0,9.0,8.0,9.0,9.0,8.0,8.0,8.0,8.0,8.0,7.0,8.0,8.0,7.0,7.0,7.07107,7.07107,6.08276,6.32456,6.32456,6.32456,5.38516,5.38516,4.47214,4.47214,4.47214,3.60555,4.24264,3.60555,4.24264,3.60555,2.82843,2.82843,2.23607,2.23607,2.23607,2.0,2.0,2.0,2.0,50.32892,48.9183,46.40043,49.64877,46.32494,49.24429,45.65085,49.24429,46.61545,47.92703,47.92703,45.69464,45.88028,42.72002,46.57252,46.32494,45.35416,43.41659,42.2019,42.57934,46.09772,42.2019,45.89118,45.12206,39.29377,38.60052,41.23106,40.79216,36.87818,39.05125,34.9285,37.0,35.1141,36.24914,32.57299,31.30495,30.80584,28.30194,25.55386,27.01851,26.62705,26.1725,20.61553,22.2036,21.0238,21.09502,16.40122,14.31782,13.60147,13.34166,14.31782,11.18034,9.21954,11.7047,10.19804,9.48683,7.61577,47.80167,50.21952,51.1957,53.75872,56.56854,55.7315,56.0803,59.21149,60.00833,60.07495,65.03076,66.18912,68.00735,66.0303,67.02984,64.19502,67.02984,67.02984,72.02777,68.06614,67.18631,71.17584,69.00725,72.02777,64.07027,71.0,67.00746,65.00769,67.02984,68.02941,63.28507,65.06919,64.38167,65.49046,65.62012,62.64982,64.32729,65.25335,64.03124,62.0967,65.30697,60.08328,66.40783,64.2573,63.15853,59.9333,57.27128,60.37384,59.5399,55.07268,56.0803,56.85948,55.80323,53.0,54.40588,53.41348,53.15073
8.06226,8.06226,8.06226,8.06226,7.61577,7.61577,7.61577,8.544,7.28011,8.24621,7.28011,8.24621,8.24621,7.28011,7.28011,7.07107,7.07107,7.07107,8.06226,7.07107,7.07107,7.07107,7.07107,7.07107,7.07107,6.32456,6.32456,6.32456,6.32456,5.38516,5.38516,5.38516,5.38516,5.0,5.0,4.24264,4.24264,4.24264,3.60555,3.60555,3.16228,2.23607,3.16228,2.23607,2.0,2.0,2.0,2.0,2.23607,2.23607,1.41421,1.41421,51.08816,46.01087,52.49762,45.45327,44.82187,52.15362,46.32494,48.8774,43.04649,49.24429,44.38468,47.42362,46.51881,45.18849,47.16991,43.01163,49.0408,46.48656,48.08326,41.0,46.09772,40.80441,43.68066,44.92215,39.05125,42.37924,41.48494,40.26164,40.16217,43.41659,39.84972,38.62642,36.76955,39.0,32.31099,33.12099,35.51056,34.66987,32.01562,29.0,25.0,25.4951,24.41311,22.47221,26.41969,17.46425,20.59126,18.02776,15.29706,17.72005,14.31782,13.0384,13.60147,10.04988,12.16553,11.18034,12.64911,49.81967,50.48762,48.25971,56.0803,50.01,56.0,54.00926,59.07622,60.29925,56.0803,59.07622,63.12686,64.28063,67.26812,68.26419,61.52235,69.58448,65.37584,68.26419,69.46222,64.12488,68.35934,67.26812,66.48308,69.35416,68.06614,66.18912,72.33948,62.1289,70.06426,61.03278,70.02857,66.00758,65.12296,67.26812,66.37017,59.5399,63.95311,61.98387,63.34824,67.26812,59.20304,67.72001,61.03278,64.19502,57.58472,61.84658,56.85948,60.00833,57.70615,55.9017,55.9464,60.53924,50.47772,57.14018,56.0357,54.81788
9.21954,8.48528,9.21954,7.81025,9.21954,8.60233,8.60233,8.60233,8.60233,8.60233,8.60233,8.06226,8.06226,8.06226,8.06226,8.94427,8.06226,7.61577,7.61577,7.61577,7.61577,7.61577,8.06226,6.7082,8.06226,7.2111,7.2111,7.2111,6.40312,6.40312,5.65685,5.65685,5.65685,5.65685,5.83095,5.83095,5.38516,4.47214,4.47214,4.12311,4.12311,4.12311,4.0,3.0,4.0,4.0,3.0,3.16228,3.16228,3.16228,3.16228,3.16228,55.47071,49.81967,51.62364,50.93133,48.9183,50.20956,45.45327,51.61395,47.20169,48.54894,48.25971,44.94441,45.79301,45.69464,45.65085,46.23851,45.69464,44.94441,45.22168,45.31004,44.01136,43.32436,42.72002,42.72002,43.68066,42.37924,44.27189,40.5216,41.48494,42.15448,39.84972,40.49691,37.69615,38.27532,36.67424,35.8469,34.1321,33.28663,31.62278,32.20248,28.28427,27.58623,24.83948,24.08319,23.43075,23.70654,21.0238,20.61553,20.39608,18.43909,17.46425,17.0,18.11077,14.03567,13.34166,16.27882,14.31782,47.16991,51.47815,49.24429,54.12024,54.12947,56.0803,54.20332,55.07268,57.68882,53.23533,60.03332,61.40033,63.81222,63.13478,65.8635,63.28507,69.33974,66.85058,67.23095,68.7968,66.57327,70.49113,66.24198,68.0,65.76473,68.88396,67.1193,65.0,63.56099,67.23095,64.84597,64.84597,65.52099,64.56005,66.94027,63.56099,60.82763,67.47592,64.49806,68.00735,63.07139,62.03225,65.00769,61.0082,62.03225,67.89698,61.81424,60.67125,58.24946,59.20304,57.48913,56.51548,57.56735,54.23099,57.69749,55.47071,54.20332
9.0,9.0,9.05539,10.04988,9.05539,9.05539,9.21954,9.21954,9.21954,9.21954,9.21954,9.21954,9.48683,9.48683,8.544,8.544,8.544,8.544,8.544,8.544,8.544,8.544,8.544,8.544,8.544,8.24621,7.28011,7.28011,7.28011,7.28011,6.08276,6.08276,6.08276,6.08276,6.0,6.0,5.0,5.09902,4.0,5.09902,4.12311,4.12311,3.16228,3.16228,3.16228,3.60555,2.82843,2.23607,2.23607,2.23607,2.23607,2.23607,48.01042,48.37355,48.04165,49.0102,46.27094,46.04346,52.23983,45.39824,50.80354,47.53946,48.08326,45.54119,45.22168,43.68066,48.38388,51.5461,44.27189,45.54119,44.27189,46.61545,48.33218,45.18849,46.51881,47.16991,44.28318,43.82921,45.31004,44.38468,42.37924,40.31129,38.27532,38.60052,42.37924,35.73514,33.73426,32.98485,34.9285,34.52535,30.41381,30.0,30.01666,26.1725,24.02082,23.34524,24.08319,23.08679,21.0238,18.97367,18.86796,17.46425,16.55295,16.27882,12.04159,11.31371,13.45362,13.0384,11.40175,47.42362,46.06517,47.42362,48.8467,52.81098,50.59644,52.55473,54.08327,57.28001,59.48109,59.90826,59.66574,60.44005,64.56005,66.21933,63.60031,64.56005,62.64184,67.05222,59.77458,64.84597,65.45991,67.35726,65.45991,63.60031,63.56886,64.19502,62.03225,64.4748,61.46544,60.83584,63.50591,64.66065,63.24555,63.00794,59.40539,65.0,63.41136,62.482,57.48913,59.4138,62.93648,60.1415,61.07373,59.20304,61.84658,60.21628,56.60389,58.83026,58.30952,55.07268,50.56679,51.47815,53.85165,53.85165,53.31041,51.5461
9.21954,9.05539,9.05539,9.05539,9.05539,9.05539,9.0,9.0,9.0,9.0,9.0,9.05539,9.05539,9.05539,8.06226,9.05539,8.06226,9.05539,8.06226,8.24621,8.06226,8.24621,8.06226,8.06226,8.06226,8.06226,7.07107,7.07107,7.0,7.0,7.0,6.0,6.08276,6.0,6.08276,5.09902,5.38516,4.47214,4.12311,4.12311,3.60555,3.60555,3.60555,3.60555,2.82843,2.82843,2.82843,2.82843,2.23607,2.23607,2.23607,2.23607,52.81098,56.04463,52.63079,51.62364,51.1957,46.87217,55.08176,52.08647,51.0392,51.0392,51.15662,50.08992,48.09366,51.0392,54.08327,48.16638,48.37355,46.52956,45.27693,47.51842,50.9902,45.39824,48.83646,46.09772,44.14748,41.0,43.18565,45.89118,45.27693,43.73786,38.01316,39.20459,43.28972,41.04875,37.05401,38.11824,39.05125,33.0,35.22783,34.52535,29.61419,29.54657,23.4094,24.59675,24.18677,22.82542,19.72308,20.0,17.69181,17.80449,16.27882,15.23155,13.89244,10.77033,13.92839,10.19804,9.84886,45.88028,49.33559,48.08326,53.16014,54.12024,56.08921,55.7853,55.7853,58.0517,56.08921,65.76473,62.96825,64.93843,61.29437,64.32729,64.77654,68.06614,67.74216,67.74216,66.75328,67.26812,67.08204,66.28725,72.00694,66.4906,66.28725,64.32729,63.78871,66.21933,68.96376,66.76077,66.40783,65.45991,62.6099,65.79514,62.6099,63.06346,67.60178,67.41662,62.43397,63.24555,68.50547,62.00806,66.21933,59.5483,58.0,58.0,60.1415,60.1415,61.6198,59.81639,58.13777,54.20332,59.64059,57.45433,56.60389,56.36488
9.43398,8.60233,9.21954,8.60233,9.21954,9.21954,8.48528,8.48528,8.48528,8.48528,8.48528,9.21954,7.81025,7.81025,7.81025,8.60233,7.81025,7.81025,7.81025,7.2111,7.81025,7.81025,7.81025,7.2111,7.81025,7.81025,7.07107,7.07107,7.07107,7.07107,5.65685,6.40312,5.0,5.0,5.0,4.47214,4.47214,4.47214,4.12311,3.16228,3.16228,3.16228,3.0,3.0,2.0,2.0,2.0,2.23607,1.41421,1.41421,1.41421,1.41421,52.46904,54.23099,54.40588,53.36666,50.96077,49.33559,50.92151,49.65884,48.75449,45.31004,46.61545,51.42956,50.08992,48.02083,46.14109,49.09175,45.48626,46.32494,47.50789,46.87217,47.01064,44.65423,45.0,44.65423,42.43819,43.04649,41.86884,44.20407,42.43819,39.11521,38.07887,39.82462,38.07887,34.98571,36.23534,33.54102,31.38471,30.67572,32.98485,30.41381,27.29469,25.01999,24.02082,21.09502,17.02939,21.37756,20.39608,16.12452,15.29706,17.46425,15.65248,14.21267,10.29563,10.81665,14.21267,12.80625,10.29563,44.94441,49.0408,48.60041,50.60632,50.60632,51.73973,50.91169,53.03772,57.31492,56.63921,56.58622,58.0,60.87693,60.20797,64.3506,61.55485,65.06919,65.06919,62.93648,63.78087,62.482,64.38167,65.06919,65.05382,62.93648,67.17887,66.48308,65.19202,64.44377,62.96825,64.03124,63.25346,64.81512,63.00794,62.96825,61.91123,62.64982,63.28507,61.7414,63.56099,61.7414,61.7414,62.03225,64.62198,59.46427,60.16644,58.82176,59.48109,60.63827,58.0517,58.0517,59.68249,55.44367,58.30952,58.00862,61.0,54.00926
9.43398,8.94427,8.94427,8.94427,8.94427,8.94427,8.544,8.544,8.544,8.24621,7.61577,8.544,8.24621,8.24621,8.24621,8.24621,8.24621,7.28011,7.28011,7.28011,7.28011,7.28011,7.28011,7.28011,7.28011,7.28011,6.32456,6.32456,6.7082,6.7082,5.83095,5.83095,5.83095,5.0,5.65685,5.65685,4.24264,4.24264,3.60555,3.60555,4.47214,3.60555,3.16228,3.16228,3.16228,3.0,3.0,3.0,3.0,2.23607,3.16228,2.23607,55.31727,52.40229,53.8145,48.79549,53.2635,51.22499,48.01042,54.91812,48.37355,48.8774,48.25971,48.02083,47.01064,45.65085,49.1935,48.33218,46.51881,48.33218,46.23851,46.09772,46.61545,43.65776,45.22168,45.88028,45.31004,41.4367,44.77723,43.65776,41.78516,42.15448,40.71855,42.05948,38.91015,38.07887,37.73592,36.61967,33.83785,36.23534,32.64966,32.52691,29.83287,28.6007,25.6125,25.6125,23.32381,21.47091,21.54066,20.12461,18.68154,18.02776,17.26268,14.03567,15.13275,13.0,11.40175,12.36932,12.52996,46.09772,46.09772,46.87217,49.49747,53.46027,53.23533,52.15362,54.08327,58.07753,54.03702,57.0,59.00847,63.0,62.03225,60.0,60.20797,65.03076,65.19202,65.0,67.26812,64.12488,67.00746,65.00769,65.12296,62.1289,69.06519,66.00758,64.0,61.0,67.06713,65.12296,69.26038,61.40033,66.61081,62.96825,63.34824,65.11528,64.32729,63.32456,64.56005,63.60031,64.84597,66.12866,64.4748,67.23095,63.90618,65.0,61.77378,62.64982,62.17717,60.41523,61.40033,59.90826,56.30275,58.60034,59.03389,59.5483
10.04988,10.04988,10.04988,10.0,10.0,10.0,10.0,10.04988,10.04988,10.04988,9.05539,9.05539,9.21954,9.21954,9.21954,9.21954,9.21954,9.21954,9.21954,9.21954,9.21954,9.21954,8.24621,8.24621,9.21954,8.06226,8.06226,8.24621,8.06226,8.06226,7.0,7.07107,7.0,7.0,6.08276,6.08276,6.08276,5.09902,5.09902,5.09902,4.12311,4.12311,4.47214,3.60555,3.60555,2.82843,2.82843,2.82843,2.23607,2.82843,2.23607,2.23607,54.57105,55.57877,52.95281,54.08327,48.25971,51.15662,54.0,51.0,52.03845,49.0408,53.46027,49.36598,49.81967,48.05206,47.67599,46.32494,47.85394,46.32494,47.80167,47.12749,45.22168,45.60702,43.9659,45.22168,45.88028,45.31004,45.22168,45.12206,44.72136,41.23106,42.2019,41.23106,42.75512,39.45884,37.21559,37.33631,38.20995,36.01389,34.0,28.16026,30.41381,28.63564,27.16616,25.70992,23.5372,22.82542,24.16609,22.82542,17.88854,18.43909,17.0,14.21267,12.80625,14.14214,16.40122,12.72792,13.0384,43.18565,42.2019,47.80167,47.80167,48.8774,50.21952,51.31277,51.0392,53.85165,54.20332,56.82429,55.9017,61.40033,58.66856,60.41523,63.50591,64.40497,64.4748,63.52952,64.00781,61.40033,66.24198,66.24198,65.74192,65.74192,65.8635,60.82763,60.03332,62.76942,65.73431,65.45991,63.24555,63.60031,60.87693,63.78087,61.6198,63.65532,63.03174,61.52235,61.55485,64.3506,63.78087,63.12686,65.21503,60.80296,59.36329,61.58734,63.52952,60.41523,62.26556,60.37384,60.37384,58.59181,57.24509,60.53924,59.23681,55.36244
10.0,9.21954,10.0,10.0,9.43398,8.60233,9.43398,8.94427,8.94427,8.94427,8.94427,8.94427,8.94427,8.94427,8.94427,8.544,8.544,8.544,8.544,8.544,8.544,8.544,8.544,8.544,7.61577,7.61577,8.06226,8.06226,8.06226,7.2111,7.2111,7.2111,6.40312,6.40312,6.40312,5.65685,5.65685,5.65685,5.0,5.0,5.0,4.47214,4.47214,4.12311,3.16228,3.16228,3.16228,3.16228,3.0,3.0,2.0,3.0,53.25411,56.85948,51.08816,50.9902,51.62364,50.93133,48.79549,49.57822,51.22499,48.41487,46.87217,49.64877,51.61395,46.32494,47.01064,43.86342,47.41308,45.18849,48.37355,47.01064,46.8188,43.86342,47.92703,46.51881,42.05948,43.38202,43.32436,45.31004,43.46263,41.23106,39.81206,41.59327,42.19005,41.04875,36.89173,38.41875,35.22783,33.24154,34.71311,31.82766,30.41381,31.241,28.01785,28.84441,26.40076,25.4951,22.47221,22.47221,18.38478,19.10497,15.13275,19.0263,16.0,15.13275,17.02939,10.44031,12.16553,46.04346,45.01111,47.01064,50.24938,48.05206,50.35871,51.66237,53.33854,56.08921,55.57877,57.27128,58.69412,58.85576,59.84146,59.43904,62.0967,63.32456,60.72891,65.9242,62.64184,65.96969,66.21933,62.36986,66.09841,64.13267,62.96825,64.49806,66.61081,62.96825,66.91039,61.52235,61.13101,63.28507,64.00781,63.12686,63.00794,64.00781,63.28507,64.62971,63.50591,61.52235,66.28725,63.15061,66.70832,60.87693,61.40033,63.60031,61.98387,60.08328,60.40695,60.41523,62.64982,58.69412,55.4617,61.29437,57.68882,56.35601
10.04988,10.0,10.0,9.0,9.05539,9.05539,9.05539,9.05539,9.21954,9.05539,9.21954,9.21954,9.21954,9.21954,8.24621,8.24621,8.24621,8.544,8.544,8.544,8.24621,8.24621,8.24621,8.24621,8.24621,8.24621,8.24621,8.06226,7.07107,7.07107,7.0,7.0,7.0,6.08276,6.08276,6.08276,6.08276,5.38516,5.38516,4.47214,4.47214,4.47214,4.47214,3.60555,3.60555,3.60555,4.24264,2.82843,2.82843,3.60555,2.82843,2.23607,55.7315,52.34501,54.08327,50.15974,51.08816,55.08176,50.01,54.08327,50.24938,46.52956,46.69047,48.05206,48.83646,44.92215,45.60702,47.43416,49.0408,48.70318,48.38388,46.48656,49.33559,44.59821,44.28318,41.23106,42.72002,45.60702,43.32436,40.8534,44.59821,44.92215,43.9659,42.72002,40.1995,37.85499,37.48333,35.0,36.05551,35.0,36.05551,33.37664,32.38827,29.61419,27.45906,27.89265,24.04163,23.4094,22.84732,22.47221,20.0,19.84943,16.27882,15.55635,17.02939,15.81139,11.40175,12.52996,12.52996,46.09772,49.57822,45.96738,50.93133,51.08816,53.90733,52.80152,49.67897,60.30755,53.2635,58.25805,59.66574,59.5483,62.00806,65.60488,59.90826,65.51336,61.03278,63.82006,66.28725,66.0303,63.82006,64.07027,67.80118,66.0303,66.8431,62.20129,68.41053,65.43699,66.21933,61.7171,67.94115,64.3506,65.8559,63.65532,68.593,65.19202,66.06815,64.2028,66.61081,64.3506,63.82006,64.89992,62.76942,65.51336,61.7171,62.17717,63.97656,63.07139,56.79789,60.00833,62.96825,63.32456,54.70832,58.82176,59.66574,57.72348
8.24621,7.28011,8.544,8.544,8.544,7.61577,7.61577,7.61577,7.61577,8.06226,7.2111,7.2111,7.2111,7.2111,7.2111,7.2111,7.2111,7.2111,7.2111,7.2111,7.2111,7.2111,7.2111,7.2111,7.2111,5.83095,6.7082,5.83095,6.7082,5.38516,5.38516,5.38516,5.09902,5.09902,5.0,5.0,4.0,4.0,4.0,3.16228,3.16228,3.16228,3.16228,2.23607,2.82843,2.82843,2.82843,2.82843,2.82843,2.23607,2.23607,2.23607,52.08647,53.46027,52.46904,49.49747,49.49747,48.50773,48.76474,50.0,47.43416,44.01136,48.70318,50.15974,49.24429,46.52956,46.09772,45.65085,47.88528,46.14109,46.04346,44.77723,48.54894,46.32494,43.60046,44.65423,42.19005,47.16991,42.19005,46.06517,41.59327,43.04649,41.18252,41.59327,41.14608,39.92493,36.76955,38.60052,35.1141,35.17101,33.73426,28.28427,29.06888,26.01922,27.01851,27.29469,26.1725,21.58703,23.4094,21.93171,18.02776,16.15549,16.15549,15.0,15.23155,14.14214,14.21267,13.41641,12.80625,47.50789,48.02083,51.0392,52.00961,50.21952,51.08816,53.41348,55.0,54.56189,56.72742,58.25805,61.6198,63.25346,63.63961,62.24147,62.24147,62.93648,65.05382,66.46804,67.89698,68.0147,70.72482,67.20863,69.29646,65.76473,67.17887,67.89698,66.70832,66.52819,69.81404,62.80127,68.41053,63.00794,66.88797,66.37017,67.95587,65.51336,64.00781,67.1193,65.74192,65.79514,65.9242,65.0,63.69458,61.68468,64.51356,61.84658,61.13101,63.78871,61.39218,59.43904,62.36986,61.98387,55.3263,62.16912,59.03389,56.0357
10.04988,10.04988,9.05539,9.05539,9.21954,9.21954,9.21954,9.48683,9.21954,9.48683,9.48683,9.48683,8.544,8.94427,8.544,8.94427,8.94427,8.94427,8.94427,8.544,8.544,8.544,8.544,7.61577,7.61577,7.61577,7.61577,7.28011,7.28011,7.28011,7.07107,7.07107,7.07107,6.0,6.0,6.0,5.0,5.09902,5.09902,5.09902,5.09902,4.12311,4.47214,4.47214,4.47214,3.60555,3.60555,2.82843,2.82843,2.82843,2.82843,2.82843,54.12024,49.76947,52.55473,55.02727,51.24451,50.44799,47.29693,51.24451,48.83646,49.64877,50.48762,50.15974,52.23983,48.0,49.0,50.03998,49.0408,49.36598,47.16991,49.09175,49.36598,47.26521,46.69047,45.01111,44.18144,47.04253,43.10452,42.57934,43.04649,46.38965,46.17359,45.17743,40.0125,41.04875,37.0,33.73426,36.34556,32.38827,33.95585,36.40055,30.36445,31.01612,27.73085,28.17801,25.05993,20.59126,24.20744,22.02272,20.51828,17.02939,18.86796,14.21267,13.89244,15.23155,12.52996,13.0,14.86607,46.61545,46.09772,44.92215,49.98,47.53946,51.24451,50.44799,52.63079,54.91812,52.63079,54.81788,57.97413,59.77458,63.78871,61.84658,62.16912,65.11528,61.66036,65.0,64.62971,64.13267,66.75328,64.7611,63.06346,65.96969,66.48308,66.94027,69.57011,63.06346,64.56005,63.24555,66.40783,64.84597,67.77905,67.62396,67.54258,61.7414,67.23095,61.77378,64.89992,68.7968,63.24555,64.63745,64.81512,65.43699,64.66065,64.53681,63.41136,62.96825,55.86591,57.28001,61.84658,63.78087,52.20153,59.36329,56.4358,54.40588
8.544,8.24621,9.21954,8.24621,9.21954,8.24621,9.05539,9.05539,8.06226,9.05539,9.05539,8.0,8.0,8.0,8.0,9.0,8.0,8.0,8.0,8.0,8.0,8.0,8.0,8.0,8.0,7.07107,7.07107,7.07107,7.07107,7.28011,6.08276,6.08276,6.32456,5.38516,5.83095,5.83095,5.0,5.0,4.24264,4.24264,4.24264,3.60555,3.60555,3.60555,3.16228,3.16228,3.16228,3.16228,3.16228,3.0,3.0,3.16228,50.69517,50.0,51.66237,49.33559,50.0,47.29693,51.62364,49.49747,49.25444,47.16991,49.0408,51.08816,49.0102,46.0,49.0102,47.04253,47.0,47.26521,46.27094,48.50773,49.64877,43.04649,46.52956,46.17359,49.16299,46.69047,45.04442,44.55334,45.17743,43.01163,41.0,42.0,38.11824,42.0119,36.01389,39.20459,36.12478,35.22783,33.73426,30.08322,30.46309,30.46309,28.23119,28.23119,23.02173,20.59126,23.85372,24.41311,18.43909,19.84943,17.20465,15.23155,13.0,13.0384,13.60147,15.29706,11.04536,45.18849,47.50789,47.01064,52.0,47.92703,50.92151,48.46648,52.20153,55.08176,52.81098,54.70832,54.12024,60.44005,60.08328,63.78871,62.93648,65.14599,61.98387,66.09841,60.72891,62.93648,65.14599,62.36185,65.25335,67.05222,65.14599,68.00735,68.00735,65.19202,63.90618,63.56099,67.23095,65.79514,62.17717,65.76473,62.17717,65.0,66.03787,65.73431,64.63745,63.60031,65.94695,67.26812,64.44377,65.29931,60.82763,62.2254,61.55485,61.6198,59.4138,63.12686,60.30755,58.41233,56.30275,57.45433,57.80138,56.4358
9.48683,9.48683,9.48683,10.19804,9.21954,10.19804,10.19804,9.21954,9.21954,9.05539,10.04988,10.04988,9.05539,10.04988,9.05539,10.04988,9.05539,9.05539,9.0,9.05539,9.0,9.05539,9.05539,9.05539,9.05539,9.05539,8.24621,8.06226,8.06226,7.28011,7.28011,7.28011,7.28011,6.32456,5.83095,5.83095,5.83095,4.47214,5.0,5.0,5.0,4.24264,4.24264,3.60555,3.60555,3.60555,3.16228,2.23607,2.23607,2.23607,2.0,2.0,51.89412,52.39275,54.23099,52.92447,51.5461,49.72927,52.17279,53.85165,50.01,51.78803,52.46904,49.36598,48.37355,50.24938,50.08992,49.16299,50.01,50.01,50.0,50.08992,50.0,48.0,49.09175,46.0,44.04543,44.04543,41.0,45.04442,43.01163,43.0,41.59327,45.27693,43.18565,41.10961,39.81206,38.63936,36.87818,36.68787,34.20526,34.0147,31.7805,32.75668,29.06888,28.6531,23.32381,23.60085,22.02272,19.84943,21.26029,19.20937,16.64332,16.15549,15.65248,11.18034,14.56022,14.31782,13.0384,43.46263,43.65776,45.54119,44.27189,46.17359,48.08326,50.96077,50.96077,53.85165,52.88667,55.7315,56.51548,56.08921,57.48913,61.18823,59.5399,63.95311,62.96825,63.34824,64.13267,63.34824,63.95311,64.77654,67.18631,65.11528,60.16644,65.51336,63.56099,63.56099,61.98387,63.60031,65.45991,63.69458,64.2573,65.0,63.07139,63.97656,63.97656,62.26556,63.13478,65.36819,60.20797,61.03278,66.85058,62.80127,62.42596,60.21628,62.482,60.82763,61.55485,59.4138,56.58622,55.9017,53.8145,56.85068,53.82379,55.21775
10.19804,10.19804,10.19804,10.19804,10.19804,10.04988,10.0,10.04988,10.04988,9.0,10.0,10.0,9.0,9.0,9.0,9.05539,9.05539,9.0,9.05539,9.0,9.0,9.05539,9.0,9.0,9.0,9.0,8.0,8.06226,8.06226,7.07107,8.06226,7.28011,7.28011,6.32456,6.32456,6.32456,6.32456,5.83095,5.83095,5.0,5.0,5.0,4.24264,4.24264,4.24264,3.60555,3.60555,3.60555,3.16228,3.16228,3.16228,3.16228,52.92447,52.49762,54.08327,51.92302,51.41984,54.58938,49.81967,51.47815,50.15974,46.17359,51.08816,52.00961,50.01,47.01064,50.03998,50.15974,50.24938,50.24938,48.16638,49.49747,51.24451,49.64877,48.16638,47.26521,46.04346,49.16299,48.09366,45.17743,46.01087,44.10215,43.04649,43.04649,40.0125,42.0119,37.21559,35.69314,37.65634,37.0,34.9285,35.51056,34.78505,30.67572,27.73085,29.06888,24.18677,25.80698,25.0,21.26029,23.34524,21.93171,20.61553,19.10497,16.64332,17.0,14.31782,14.86607,15.0333,45.48626,46.95743,47.41308,50.08992,50.32892,50.92151,52.55473,50.96077,57.56735,53.45091,56.64804,55.97321,59.13544,64.19502,63.78871,59.90826,62.03225,62.36185,63.32456,64.56005,65.52099,66.21933,66.76077,64.84597,65.45991,69.46222,66.30988,63.89053,66.12866,64.4748,64.00781,65.79514,69.35416,64.07808,64.41273,65.76473,64.14047,62.68174,67.42403,63.89053,66.4003,65.06919,64.44377,63.03174,62.24147,60.82763,63.70243,66.48308,63.25346,59.5483,61.40033,59.07622,61.03278,56.60389,56.82429,56.93856,59.94164
9.0,8.0,8.06226,9.05539,8.06226,8.06226,8.06226,8.24621,8.06226,8.24621,8.24621,8.24621,7.28011,8.24621,7.28011,7.28011,7.28011,7.28011,7.61577,7.28011,7.28011,7.28011,7.28011,6.32456,7.28011,6.32456,6.32456,6.08276,6.08276,6.08276,6.08276,6.0,6.0,5.0,5.09902,5.09902,4.12311,4.12311,4.12311,4.12311,3.60555,3.60555,3.60555,2.82843,2.82843,2.82843,2.82843,2.23607,2.23607,2.23607,2.23607,2.0,52.0,53.85165,55.97321,50.32892,51.92302,49.24429,49.24429,51.66237,49.24429,46.69047,46.27094,48.37355,50.35871,48.09366,50.01,45.09989,50.01,48.25971,45.17743,48.09366,47.0,45.04442,43.04649,46.01087,42.0119,46.09772,39.05125,41.04875,42.10701,41.0,40.0125,40.31129,39.20459,40.0125,33.37664,36.49658,35.90265,33.52611,31.01612,30.41381,27.313,30.41381,30.8707,24.18677,25.23886,19.79899,20.51828,22.2036,19.72308,17.20465,16.12452,15.65248,15.23155,13.0,15.23155,10.04988,10.19804,45.45327,48.82622,47.20169,48.82622,51.31277,50.77401,51.47815,55.00909,55.4617,55.9464,56.82429,57.69749,59.94164,64.84597,64.4748,62.39391,66.30988,63.69458,65.9242,66.12866,65.55151,72.11103,65.0,66.64083,65.0,67.62396,68.44706,68.02941,64.40497,67.1193,62.6099,68.8767,63.52952,68.09552,66.03787,66.57327,60.80296,62.62587,65.43699,67.62396,68.88396,62.28965,63.70243,63.65532,62.2254,61.55485,64.38167,58.72819,63.12686,59.46427,58.82176,58.82176,61.61169,54.91812,60.03332,60.20797,55.9017
10.44031,10.19804,10.44031,10.44031,10.19804,9.21954,9.21954,9.21954,9.05539,9.05539,9.05539,9.05539,9.05539,9.05539,9.05539,9.05539,9.0,8.0,8.0,8.0,8.06226,8.0,8.0,8.06226,8.06226,8.06226,8.06226,8.06226,8.24621,7.28011,7.28011,7.28011,6.32456,6.32456,6.7082,5.38516,5.83095,5.83095,5.0,5.0,5.0,4.24264,4.24264,4.24264,3.60555,3.60555,2.82843,3.60555,3.16228,3.16228,3.16228,2.23607,52.83938,53.33854,52.80152,51.47815,52.55473,49.98,51.07837,49.76947,47.12749,49.0408,48.50773,49.47727,48.27007,43.17407,46.32494,46.32494,47.67599,48.83646,44.72136,46.52956,45.09989,44.18144,42.29657,43.28972,40.11234,43.18565,43.56604,42.19005,39.20459,40.11234,39.31921,40.31129,39.05125,36.87818,35.17101,34.78505,34.20526,35.1141,32.64966,29.73214,31.30495,27.29469,27.20294,24.08319,20.51828,24.20744,21.93171,20.51828,19.84943,21.2132,13.89244,15.65248,17.08801,13.15295,10.19804,13.0,12.36932,46.09772,47.80167,46.87217,50.47772,52.15362,50.60632,52.35456,53.66563,57.24509,54.12947,59.5063,60.16644,60.16644,64.07808,63.32456,62.96825,64.84597,61.68468,65.55151,64.84597,64.19502,67.05222,65.45991,68.30813,64.56005,66.40783,65.14599,64.2573,65.55151,66.85058,63.69458,67.54258,66.30988,64.88451,65.74192,64.00781,65.29931,62.76942,60.53924,64.89992,64.89992,63.41136,66.4003,64.2028,60.30755,62.93648,61.52235,61.55485,60.1415,62.93648,60.1415,60.87693,59.46427,54.20332,57.38467,57.48913,56.61272
9.21954,8.60233,8.60233,9.43398,8.06226,9.43398,8.94427,8.94427,8.94427,8.06226,8.94427,8.544,8.544,7.61577,7.61577,8.544,8.544,7.61577,7.28011,7.61577,7.28011,7.61577,7.61577,7.28011,7.28011,7.61577,7.61577,6.7082,6.7082,6.7082,6.7082,6.7082,5.83095,5.0,5.0,5.0,5.0,4.24264,4.24264,4.24264,3.60555,3.60555,2.82843,3.16228,3.16228,2.23607,2.23607,2.23607,1.41421,1.0,1.0,1.0,52.83938,51.47815,50.21952,51.31277,49.92995,50.21952,50.0,50.60632,49.67897,47.80167,48.27007,46.01087,46.66905,45.34314,45.27693,44.55334,47.50789,45.45327,43.86342,43.86342,46.2277,44.04543,45.0,40.22437,41.6173,40.60788,41.86884,39.66106,39.40812,40.60788,43.13931,36.87818,35.38361,37.48333,36.79674,32.55764,33.30165,29.20616,30.23243,28.84441,30.01666,22.82542,26.57066,24.35159,23.25941,21.58703,22.47221,18.11077,17.26268,16.03122,15.0,13.0384,13.60147,15.23155,12.36932,11.18034,8.544,48.05206,47.51842,49.25444,52.46904,50.15974,52.03845,55.00909,56.00893,58.00862,57.03508,59.07622,59.5399,64.28063,65.19202,64.62971,64.13267,67.26812,63.95311,64.77654,67.26812,64.93843,69.05071,67.08204,67.26812,67.46851,70.03571,69.42622,67.26812,64.77654,65.62012,65.9242,64.38167,66.1211,65.12296,68.11755,68.06614,67.02984,64.0,64.00781,65.03076,63.12686,63.50591,64.07027,64.19502,62.39391,59.5399,61.52235,62.58594,64.13267,58.94065,58.46366,58.94065,58.94065,58.82176,57.24509,60.72891,52.39275
9.21954,8.48528,8.48528,8.48528,8.48528,8.48528,7.81025,7.81025,7.81025,7.81025,7.81025,7.81025,7.2111,7.2111,7.2111,8.06226,7.2111,7.2111,6.7082,7.2111,7.2111,6.7082,7.2111,6.7082,7.2111,7.2111,7.2111,6.40312,6.40312,6.40312,5.65685,5.65685,5.65685,5.0,5.83095,5.0,5.0,4.47214,4.47214,4.12311,4.12311,4.12311,4.12311,4.12311,3.0,4.0,3.0,3.0,3.16228,2.23607,3.16228,2.23607,55.31727,51.22499,54.48853,50.44799,48.16638,50.9902,48.83646,51.62364,46.2277,50.32892,49.57822,50.60632,48.01042,42.72002,46.61545,46.04346,49.39636,43.26662,46.64762,40.49691,45.79301,42.54409,45.61798,41.59327,40.31129,40.24922,41.34005,42.04759,41.04875,42.05948,41.6173,41.40048,34.4093,40.60788,34.82815,37.01351,34.71311,33.94113,31.82766,29.41088,27.20294,30.80584,26.07681,25.4951,24.59675,21.58703,25.29822,18.43909,20.09975,18.11077,19.0,19.23538,17.02939,15.13275,13.0384,13.34166,12.08305,50.24938,49.73932,49.1935,53.31041,51.42956,55.71355,56.0803,56.0803,57.87055,57.58472,60.87693,65.96969,64.03124,63.95311,67.46851,65.62012,71.19691,65.76473,73.1642,71.02112,66.91039,69.87131,70.03571,70.5762,69.18092,71.56815,68.35934,69.72087,66.75328,71.56815,62.96825,70.83078,67.08204,66.94027,68.88396,65.11528,61.68468,68.30813,66.76077,68.96376,69.26038,64.51356,67.41662,63.15853,66.85058,64.88451,62.24147,68.42514,59.5399,62.64982,59.03389,62.16912,60.03332,58.59181,57.24509,62.43397,56.0357
8.06226,8.06226,8.06226,8.60233,8.60233,8.60233,7.81025,7.81025,7.81025,7.81025,7.81025,8.48528,7.07107,7.81025,7.81025,7.81025,7.81025,7.81025,7.81025,7.81025,7.81025,7.81025,7.81025,7.81025,7.81025,7.07107,7.07107,7.07107,7.07107,6.40312,5.65685,6.40312,5.0,5.65685,5.83095,5.0,4.47214,4.47214,4.47214,4.12311,4.12311,3.16228,3.16228,3.16228,3.16228,2.0,2.0,2.0,2.0,1.0,2.23607,1.0,52.0,50.32892,50.69517,50.15974,47.92703,47.85394,46.95743,47.01064,46.32494,48.37355,50.77401,46.61545,47.20169,43.60046,48.27007,46.8615,43.93177,42.0119,46.09772,44.55334,45.27693,42.52058,43.84062,41.01219,43.18565,43.18565,38.8973,41.03657,39.62323,41.7732,40.36087,42.44997,39.69887,38.18377,35.4683,34.66987,35.60899,33.83785,33.61547,33.12099,32.69557,31.01612,26.92582,26.92582,22.56103,24.18677,24.18677,16.49242,19.10497,18.11077,16.03122,17.02939,13.15295,12.64911,13.0,13.0384,10.29563,45.04442,47.09565,48.09366,51.1957,50.01,50.69517,54.57105,54.57105,55.7853,56.04463,57.87055,59.80803,63.56886,62.03225,62.76942,63.15853,67.77905,62.76942,63.32456,65.30697,68.02941,64.84597,66.21178,68.44706,64.40497,65.79514,64.88451,67.23095,66.70832,68.35203,61.35145,65.45991,64.84597,63.60031,64.84597,62.64184,61.13101,61.84658,62.8172,67.08204,61.52235,63.63961,63.3877,61.20457,62.28965,60.00833,60.07495,59.00847,58.00862,57.00877,59.13544,58.07753,59.03389,55.3263,56.14268,57.87055,54.12947
9.48683,8.544,8.94427,8.544,8.544,8.94427,8.94427,8.94427,8.94427,8.06226,8.06226,8.60233,8.06226,8.60233,8.06226,8.60233,7.81025,8.60233,7.81025,7.2111,7.2111,7.2111,8.60233,7.81025,7.2111,7.2111,7.2111,6.7082,6.7082,7.2111,6.7082,6.7082,6.32456,6.32456,6.32456,6.08276,6.08276,5.09902,5.0,5.0,5.0,5.0,4.12311,4.12311,4.12311,4.12311,3.16228,3.16228,3.16228,3.16228,2.82843,2.82843,54.0,53.0,51.24451,52.15362,52.34501,51.78803,49.81967,48.6621,48.76474,49.0306,50.0,47.80167,49.64877,47.01064,46.48656,47.53946,47.16991,44.77723,46.23851,46.09772,45.69464,46.09772,43.86342,42.05948,42.94182,43.38202,43.86342,42.94182,43.46263,41.59327,43.08132,42.15448,38.60052,40.49691,40.80441,34.9285,35.90265,36.13862,36.12478,37.12142,34.0147,29.01724,30.01666,29.01724,27.16616,27.16616,23.5372,23.08679,22.47221,18.38478,18.97367,17.88854,17.80449,15.26434,13.60147,12.72792,14.21267,47.53946,48.27007,49.64877,52.20153,52.92447,51.07837,53.7122,55.9464,58.59181,59.05929,62.26556,61.40033,64.3506,64.3506,63.81222,63.82006,64.40497,67.42403,65.73431,65.43699,66.85058,69.40461,67.00746,66.4003,66.8431,67.20119,69.2026,66.61081,61.40033,64.63745,64.66065,62.68174,62.76942,66.24198,60.82763,66.24198,64.49806,67.08204,64.88451,62.76942,65.0,62.96825,63.32456,64.84597,59.80803,65.25335,61.39218,58.46366,63.34824,61.40033,61.61169,61.18823,59.03389,55.44367,59.3043,57.21888,58.42089
10.29563,8.94427,9.84886,10.29563,9.84886,9.48683,9.48683,9.48683,9.48683,9.48683,9.48683,9.21954,9.48683,8.24621,9.21954,9.21954,8.24621,9.05539,9.05539,8.24621,8.06226,9.05539,8.24621,8.06226,8.24621,8.24621,8.06226,8.24621,8.24621,8.24621,7.61577,7.61577,7.61577,7.61577,6.7082,6.7082,5.83095,6.40312,5.65685,5.0,5.0,5.0,5.0,4.24264,4.24264,4.24264,3.60555,3.60555,3.60555,3.16228,3.16228,3.16228,56.0357,55.75841,52.83938,52.35456,52.35456,49.24429,52.0,50.56679,49.76947,50.69517,47.12749,48.83646,48.08326,48.05206,50.0,50.44799,48.6621,48.05206,46.87217,48.50773,44.0,46.17359,45.54119,48.25971,42.29657,43.10452,48.16638,45.01111,43.56604,43.41659,43.10452,44.10215,40.79216,39.62323,42.57934,39.05125,41.23106,38.83298,38.60052,33.83785,33.52611,33.54102,30.23243,28.30194,29.41088,26.24881,28.01785,24.04163,25.4951,21.26029,19.10497,15.6205,17.49286,17.20465,16.12452,13.0384,11.7047,46.51881,46.09772,51.47815,50.92151,52.80152,53.14132,54.70832,55.97321,58.5235,57.00877,62.36986,64.13267,65.30697,63.95311,64.13267,64.49806,66.75328,66.75328,66.4906,67.91171,64.13267,70.21396,68.88396,70.45566,66.61081,68.06614,66.61081,67.26812,65.9242,65.96969,66.4906,70.34202,66.12866,64.62198,67.23095,63.56886,63.56099,63.90618,66.12866,64.07808,65.30697,63.95311,62.26556,62.96825,62.96825,66.0303,59.81639,60.20797,63.12686,59.66574,61.07373,57.62812,60.20797,56.56854,55.9017,58.69412,58.89822
9.05539,8.06226,9.05539,8.24621,8.24621,8.24621,8.24621,8.544,8.544,8.24621,8.544,8.544,8.544,7.61577,7.61577,8.94427,8.06226,8.06226,8.06226,8.06226,8.06226,8.06226,8.06226,8.06226,8.06226,7.61577,6.7082,7.61577,6.7082,6.7082,6.32456,6.32456,6.32456,6.32456,6.08276,6.08276,5.09902,5.0,4.0,4.0,4.0,4.0,3.0,3.16228,3.16228,3.16228,2.23607,2.23607,2.23607,1.41421,1.41421,1.41421,49.0102,51.08816,55.00909,53.08484,51.08816,49.36598,50.24938,49.81967,48.83646,48.05206,46.69047,48.05206,48.27007,44.64303,46.17359,49.39636,43.32436,44.01136,45.22168,46.06517,47.92703,43.08132,47.01064,41.62932,44.38468,42.54409,44.77723,43.38202,41.62932,43.86342,40.8534,41.76123,41.4367,41.78516,37.36308,40.5216,36.49658,35.17101,36.22154,35.22783,32.01562,31.01612,33.0,24.0,25.07987,27.29469,24.33105,23.5372,19.64688,23.25941,17.46425,16.55295,17.80449,17.02939,13.60147,14.14214,10.63015,45.88028,48.30114,44.72136,51.0,49.73932,53.25411,50.47772,54.81788,57.00877,55.0,58.41233,61.7171,59.20304,61.7171,64.38167,62.96825,67.88225,63.65532,67.89698,64.3506,63.65532,67.17887,64.3506,67.88225,66.46804,67.26812,63.63961,65.79514,62.36986,66.6033,63.89053,66.06815,63.03174,64.53681,66.06815,64.03124,63.00794,62.1289,61.58734,57.24509,61.40033,62.16912,64.84597,62.16912,62.24147,58.18075,57.93962,61.09828,60.00833,59.61543,55.54278,60.87693,57.97413,55.10898,57.87055,55.57877,55.31727
10.29563,10.29563,10.29563,10.29563,10.0,10.0,10.0,10.0,9.21954,10.0,10.0,9.21954,9.21954,9.21954,9.21954,9.89949,8.48528,8.48528,9.21954,9.21954,9.21954,9.21954,8.48528,8.48528,8.48528,8.48528,8.48528,8.48528,8.48528,7.81025,7.81025,7.81025,7.2111,7.2111,7.2111,6.7082,6.32456,6.7082,6.32456,5.38516,5.38516,5.09902,5.09902,4.12311,4.12311,4.12311,4.0,4.0,4.0,3.0,3.0,3.16228,58.18935,53.85165,55.71355,54.626,52.92447,48.75449,51.0,50.53712,48.02083,48.33218,47.70744,47.70744,48.82622,46.87217,45.0,46.2277,46.09772,47.50789,44.82187,45.25483,45.25483,43.93177,45.25483,43.84062,41.03657,45.34314,42.44997,42.44997,44.04543,42.44997,40.36087,41.23106,40.60788,41.23106,38.41875,38.58756,36.71512,38.01316,37.58989,34.0147,29.54657,30.36445,30.67572,30.36445,25.96151,24.5153,26.30589,25.31798,19.10497,21.2132,17.11724,19.0263,17.26268,18.43909,17.46425,14.86607,11.6619,45.01111,43.0,47.04253,48.50773,53.08484,51.24451,51.78803,51.78803,54.34151,52.88667,52.63079,60.87693,58.94065,58.30952,59.20304,59.13544,67.77905,63.15853,63.60031,62.03225,63.56886,65.39113,66.76077,62.76942,61.7171,62.03225,64.07808,62.62587,63.32456,63.89053,59.66574,61.68468,57.48913,61.40033,61.98387,59.84146,62.58594,58.69412,59.3043,63.50591,61.20457,61.03278,64.07027,63.03174,55.00909,61.03278,58.07753,60.03332,60.13319,59.03389,57.70615,59.4138,58.21512,52.61179,57.87055,56.29387,54.34151
10.29563,9.84886,9.84886,9.84886,9.84886,9.48683,9.48683,9.48683,9.48683,9.21954,9.21954,9.21954,9.21954,8.24621,9.21954,8.24621,9.05539,8.06226,8.06226,9.05539,8.06226,8.06226,8.06226,8.06226,8.06226,8.06226,8.24621,7.28011,8.24621,7.28011,7.28011,7.28011,6.32456,6.32456,6.7082,5.83095,5.83095,5.38516,5.83095,4.47214,5.0,5.0,3.60555,4.24264,4.24264,2.82843,3.60555,2.82843,2.82843,2.23607,2.23607,2.23607,58.0517,53.03772,54.20332,51.85557,49.64877,50.21952,51.0392,52.69725,49.1935,48.30114,47.88528,48.75449,47.41308,47.42362,46.17359,49.98,48.38388,44.92215,47.12749,43.9659,45.22168,44.27189,46.32494,45.35416,44.14748,44.92215,42.05948,41.59327,42.2019,42.05948,43.32436,44.94441,41.10961,41.4367,37.69615,38.62642,37.58989,38.94868,34.66987,34.20526,31.14482,28.6007,29.83287,27.01851,27.58623,25.0,26.24881,25.4951,20.80865,17.46425,20.12461,18.78829,17.49286,16.76305,14.86607,14.31782,14.14214,44.41846,45.17743,46.09772,50.92151,48.38388,50.69517,50.96077,54.40588,54.57105,53.85165,57.87055,60.63827,64.28841,63.15061,65.11528,60.53098,65.62012,63.78871,61.98387,67.18631,63.28507,66.1211,65.37584,66.61081,63.95311,67.08204,67.74216,67.60178,61.81424,63.78871,60.82763,64.32729,60.82763,64.03124,62.58594,62.8172,61.03278,61.98387,59.61543,65.79514,66.30988,61.32699,62.64982,61.7414,60.41523,63.07139,61.77378,57.3062,61.58734,56.60389,62.20129,60.80296,61.85467,54.03702,58.89822,56.63921,58.41233
8.544,8.24621,8.24621,8.24621,8.24621,8.06226,8.06226,8.06226,8.06226,8.06226,8.06226,8.0,8.0,8.0,8.0,8.06226,8.06226,8.0,7.07107,7.0,7.0,7.0,7.07107,7.0,7.0,7.0,7.0,7.0,6.0,7.0,6.08276,6.08276,6.08276,6.08276,6.08276,5.09902,5.38516,4.47214,4.47214,4.47214,4.47214,3.60555,3.60555,3.60555,2.82843,2.82843,2.82843,2.23607,2.23607,2.23607,2.23607,2.23607,51.86521,53.14132,50.69517,55.08176,52.63079,44.38468,49.24429,48.37355,48.25971,46.87217,48.16638,49.0102,44.01136,48.01042,47.01064,45.04442,46.0,41.01219,42.19005,46.27094,47.51842,45.09989,44.28318,40.60788,43.28972,38.47077,46.27094,42.42641,43.28972,42.19005,42.19005,42.10701,39.05125,39.05125,38.01316,34.1321,36.05551,36.05551,36.01389,33.01515,34.36568,31.32092,25.96151,24.59675,22.47221,26.57066,25.63201,23.32381,18.86796,20.59126,18.43909,18.02776,15.81139,15.6205,11.18034,12.04159,11.18034,42.63801,42.52058,51.08816,50.93133,52.34501,48.79549,52.3259,54.56189,56.63921,55.60576,58.82176,58.82176,60.0,59.07622,59.36329,65.19202,63.28507,67.23095,63.28507,65.19202,66.28725,63.28507,69.11584,66.24198,64.49806,63.81222,60.20797,62.76942,65.73431,63.82006,63.82006,62.20129,65.60488,62.96825,65.94695,62.28965,65.06919,62.96825,62.96825,62.24147,60.10824,65.29931,61.22091,60.959,60.44005,63.60031,60.46487,63.63175,61.03278,64.49806,59.68249,59.05929,58.30952,61.29437,60.53924,58.18075,60.41523
10.19804,10.04988,10.04988,10.04988,9.0,9.05539,9.0,9.0,9.0,9.0,9.0,9.05539,9.05539,9.05539,9.05539,9.05539,9.05539,8.06226,8.06226,8.06226,8.06226,8.24621,8.06226,8.24621,8.06226,8.06226,8.06226,8.06226,8.06226,8.0,7.0,7.0,7.0,7.07107,6.08276,6.08276,6.08276,5.09902,5.09902,5.09902,5.38516,4.47214,4.47214,4.47214,3.60555,3.60555,3.60555,3.60555,2.82843,2.82843,2.82843,2.23607,56.85948,53.85165,54.20332,50.60632,53.23533,49.1935,51.42956,47.75982,47.75982,48.46648,47.16991,46.84015,47.80167,46.57252,47.53946,48.50773,43.73786,45.70558,46.38965,43.41659,44.72136,41.97618,47.16991,44.18144,42.29657,45.17743,43.28972,42.04759,40.1995,43.18565,39.45884,41.7732,40.79216,39.62323,38.07887,38.60052,36.40055,37.0,37.33631,33.54102,34.48188,28.30194,31.30495,31.06445,27.01851,26.1725,26.87006,23.34524,21.9545,19.41649,17.80449,13.89244,16.55295,13.0,17.46425,13.92839,14.03567,42.63801,45.25483,45.25483,47.50789,47.50789,49.67897,50.80354,50.80354,53.0,53.82379,55.75841,58.5235,61.58734,60.53924,62.76942,59.5063,65.30697,61.32699,63.95311,62.76942,62.16912,64.4748,61.7414,63.50591,61.7414,63.50591,62.17717,62.6099,59.48109,65.29931,61.29437,61.77378,63.52952,64.49806,62.26556,61.77378,60.80296,62.80127,61.7171,64.03124,67.00746,59.66574,61.22091,64.3506,61.6198,62.2254,59.4138,60.87693,63.03174,62.28965,62.36986,60.60528,63.03174,55.80323,59.40539,62.36986,58.24946
9.84886,9.84886,9.48683,10.44031,9.48683,9.48683,9.21954,9.21954,9.21954,9.21954,9.21954,9.05539,9.21954,9.05539,9.05539,9.05539,9.05539,9.05539,9.05539,9.0,8.06226,9.0,8.0,9.0,8.06226,8.06226,8.06226,8.06226,8.06226,8.06226,8.24621,7.28011,7.28011,7.28011,7.28011,6.32456,6.7082,6.7082,5.83095,5.83095,5.0,5.0,5.0,5.0,4.24264,4.24264,4.24264,3.60555,3.60555,3.60555,3.60555,3.16228,54.56189,54.12947,53.85165,53.45091,53.14132,52.81098,49.72927,49.24429,48.50773,47.67599,45.70558,46.52956,46.09772,44.55334,46.27094,46.17359,47.67599,45.04442,42.0119,45.01111,45.04442,44.01136,41.04875,44.28318,46.01087,42.10701,45.0,42.10701,42.0119,41.01219,44.04543,43.01163,41.01219,39.01282,39.01282,38.32754,38.20995,34.9285,35.44009,34.20526,35.73514,34.9285,30.46309,29.96665,26.83282,28.17801,25.07987,26.24881,22.02272,19.84943,19.79899,20.51828,18.60108,18.35756,17.20465,14.76482,15.26434,43.13931,45.25483,46.69047,48.10405,49.57822,49.0408,53.60037,53.60037,55.80323,56.93856,54.20332,57.45433,62.17717,63.06346,63.52952,61.77378,64.88451,63.07139,62.64982,64.00781,63.07139,64.49806,63.97656,64.40497,63.07139,61.7171,60.37384,65.76473,63.63175,62.43397,62.96825,65.19202,60.46487,62.42596,63.00794,62.80127,65.60488,65.29931,61.7171,61.6198,62.482,62.36986,64.38167,65.11528,61.84658,61.7171,61.7171,62.80127,63.41136,60.44005,62.42596,62.1289,59.20304,61.58734,64.00781,59.5399,60.90156
10.29563,9.84886,9.84886,9.84886,9.84886,9.84886,9.48683,9.48683,9.48683,9.21954,9.48683,9.21954,9.21954,9.21954,9.21954,9.21954,9.05539,8.06226,9.05539,9.05539,9.05539,9.05539,9.05539,9.05539,8.24621,9.05539,9.21954,8.24621,8.24621,8.24621,7.61577,7.61577,7.61577,7.61577,6.7082,6.7082,6.7082,6.40312,5.83095,5.83095,5.0,5.0,5.65685,4.24264,4.24264,4.24264,4.24264,3.60555,3.60555,3.60555,3.16228,3.16228,54.81788,55.47071,53.53504,51.10773,49.24429,50.11986,48.30114,47.42362,48.8467,47.75982,48.10405,45.22168,49.33559,45.88028,47.29693,47.85394,48.05206,44.72136,47.53946,45.54119,47.38143,45.27693,44.28318,41.4367,40.60788,42.19005,43.28972,43.41659,43.28972,43.18565,42.19005,43.93177,41.59327,40.26164,41.97618,39.05125,39.84972,36.05551,37.69615,35.8469,32.69557,33.54102,31.62278,31.06445,30.0,27.80288,26.24881,24.20744,24.04163,22.02272,21.40093,18.86796,16.55295,19.23538,19.72308,15.81139,13.34166,42.80187,45.80393,46.32494,45.48626,50.60632,49.24429,51.0,53.7122,55.54278,55.54278,57.69749,56.85948,60.92618,62.39391,62.29767,61.40033,64.19502,64.19502,62.93648,62.64184,62.93648,65.52099,63.90618,64.84597,63.24555,64.2573,60.72891,64.2573,66.12866,62.24147,62.39391,63.56099,61.84658,61.84658,61.26989,65.30697,63.63175,62.96825,62.1289,63.51378,61.29437,67.20119,63.24555,65.45991,62.62587,65.8559,62.36986,62.36986,62.96825,63.78087,62.36986,62.96825,60.87693,61.7171,60.20797,59.46427,64.44377
9.21954,8.06226,8.06226,8.06226,8.0,8.0,8.0,8.0,8.06226,8.06226,8.06226,8.06226,8.06226,7.07107,7.07107,7.28011,7.28011,7.07107,7.28011,7.28011,7.28011,7.28011,7.28011,7.28011,7.28011,7.07107,7.07107,7.07107,7.07107,7.07107,6.0,6.0,6.0,6.0,6.08276,6.08276,5.09902,5.09902,5.09902,4.47214,4.47214,4.47214,3.60555,3.60555,3.60555,2.82843,2.82843,2.82843,2.82843,2.82843,2.23607,2.23607,54.78138,55.02727,52.39275,51.41984,52.17279,50.01,51.62364,48.25971,51.15662,45.27693,47.16991,47.26521,48.01042,46.09772,45.01111,45.09989,45.04442,46.09772,44.18144,45.39824,44.40721,43.41659,41.23106,44.72136,42.57934,46.27094,39.62323,43.28972,43.41659,39.20459,39.31921,43.10452,41.30375,40.11234,36.22154,40.0,40.0,36.34556,37.12142,32.55764,33.73426,31.04835,29.12044,29.27456,28.4605,25.07987,25.05993,24.16609,21.40093,19.41649,20.51828,17.69181,17.80449,15.81139,15.6205,15.26434,15.26434,42.0119,43.86342,45.27693,44.55334,51.62364,48.16638,48.83646,51.85557,54.56189,55.0,57.42822,57.98276,59.20304,60.80296,63.51378,60.46487,61.29437,64.66065,61.85467,64.3506,63.81222,68.26419,64.14047,63.13478,62.43397,65.73431,64.89992,65.51336,63.82006,63.60031,61.61169,62.80127,62.62587,63.03174,65.29931,65.76473,62.36986,62.96825,62.96825,65.8559,66.6033,64.40497,63.60031,68.24954,62.80127,59.03389,65.21503,62.1289,64.14047,63.81222,63.28507,64.14047,64.41273,59.48109,62.6099,60.41523,60.00833
9.43398,8.60233,8.60233,8.60233,8.60233,8.60233,7.81025,7.81025,8.48528,7.81025,8.48528,8.48528,8.48528,8.48528,7.81025,7.81025,7.81025,7.81025,7.81025,7.81025,7.81025,7.81025,7.81025,7.81025,7.81025,7.81025,7.81025,7.07107,7.07107,7.07107,6.40312,6.40312,6.40312,5.83095,5.83095,5.83095,5.83095,4.47214,4.47214,4.47214,4.12311,4.12311,3.16228,4.12311,3.16228,3.0,3.0,2.0,2.0,2.0,2.23607,2.23607,53.15073,52.0,54.45181,52.61179,50.21952,50.80354,49.0306,50.0,49.0408,49.98,48.38388,48.10405,47.53946,44.94441,44.38468,46.52956,46.06517,44.41846,44.77723,44.41846,47.70744,44.77723,44.40721,44.41846,45.79301,41.88078,42.72002,43.26662,39.96248,44.77723,42.54409,42.05948,38.58756,40.70626,39.39543,36.76955,34.0147,35.4683,34.78505,34.20526,33.54102,30.26549,29.42788,26.1725,27.01851,25.01999,27.01851,20.0,22.36068,20.61553,17.72005,20.88061,15.81139,13.89244,14.56022,15.81139,16.40122,42.05948,44.27189,45.22168,50.32892,48.10405,49.24429,47.42362,51.89412,54.20332,51.0,56.4358,55.07268,56.82429,57.68882,58.83026,58.82176,62.1289,59.64059,60.46487,61.61169,59.07622,63.82006,61.85467,65.0,62.1289,63.81222,61.03278,66.03787,61.05735,64.00781,59.94164,61.77378,60.37384,62.64982,64.88451,65.79514,62.39391,62.64982,61.35145,65.19202,65.45991,64.03124,65.25335,63.78871,63.06346,65.9242,56.7186,63.78871,63.78871,61.81424,61.0,63.28507,60.40695,55.57877,58.42089,59.13544,58.00862
8.60233,8.60233,8.60233,8.60233,7.81025,7.81025,8.48528,8.48528,7.81025,7.81025,7.81025,7.81025,7.81025,7.81025,7.81025,7.2111,7.2111,7.2111,7.2111,7.2111,7.2111,7.2111,7.2111,7.2111,7.2111,7.2111,6.40312,7.07107,6.40312,6.40312,5.65685,6.40312,6.40312,6.40312,5.0,5.0,5.83095,4.47214,4.47214,4.47214,4.12311,4.12311,4.12311,3.0,3.0,3.0,3.0,3.16228,3.16228,2.23607,2.23607,2.23607,54.70832,51.86521,51.47815,51.0,48.75449,46.52956,48.54894,48.37355,46.04346,46.61545,47.80167,45.60702,48.41487,46.09772,46.09772,46.01087,47.42362,42.44997,45.27693,45.25483,45.34314,42.44997,44.04543,41.86884,41.7732,43.13931,42.52058,44.04543,43.86342,42.44997,41.03657,41.03657,43.93177,42.44997,38.94868,38.41875,38.41875,40.0,35.80503,33.61547,31.30495,30.08322,31.01612,32.57299,28.4605,23.08679,24.5153,23.34524,22.36068,21.0238,20.02498,17.02939,19.0,16.03122,13.34166,13.60147,17.46425,43.01163,47.01064,47.0,49.09175,49.09175,50.15974,52.23983,53.46027,53.46027,57.07013,52.39275,57.97413,58.5235,60.87693,60.87693,58.94065,60.72891,62.64184,64.28841,59.77458,62.64184,61.98387,62.29767,64.51356,64.84597,63.32456,66.76077,64.03124,65.0,63.56099,64.53681,62.80127,64.93843,63.78871,66.18912,64.28063,64.07027,66.27217,62.28965,68.02941,65.03076,65.00769,63.00794,65.12296,64.07027,68.26419,63.50591,63.63961,63.3877,62.39391,62.39391,61.66036,62.58594,63.15061,64.13267,61.18823,61.84658
9.43398,9.43398,9.43398,9.43398,9.43398,8.94427,8.94427,9.84886,8.94427,8.94427,8.544,8.544,8.544,8.544,8.544,8.544,8.24621,8.24621,8.24621,8.24621,8.24621,8.544,8.24621,8.24621,8.544,8.24621,8.24621,8.544,7.61577,7.61577,7.61577,8.06226,7.2111,7.2111,7.2111,6.40312,6.40312,6.40312,5.65685,5.65685,5.0,5.0,5.0,4.24264,5.0,4.47214,3.60555,4.47214,3.16228,3.16228,3.16228,3.16228,57.42822,55.0,56.22277,55.9017,53.8145,48.08326,48.10405,51.73973,48.10405,49.67897,47.01064,48.41487,50.80354,45.80393,47.16991,50.47772,45.22168,46.64762,46.87217,45.61798,46.95743,44.77723,46.64762,43.41659,45.27693,44.72136,46.52956,44.72136,45.27693,43.38202,41.67733,43.04649,40.81666,45.80393,40.81666,38.94868,38.41875,38.8973,37.53665,36.06938,36.79674,33.42155,33.6006,29.68164,30.01666,26.62705,25.05993,25.4951,24.59675,21.18962,22.13594,21.84033,21.0238,17.0,18.02776,15.0333,16.03122,40.31129,44.59821,43.32436,47.07441,45.88028,49.72927,47.67599,50.01,52.61179,53.46027,54.45181,55.3263,57.42822,57.21888,60.13319,60.20797,63.12686,60.07495,62.03225,62.00806,63.00794,64.07027,61.0,61.07373,64.03124,64.12488,63.07139,63.1981,61.29437,67.36468,59.21149,64.28063,60.53098,61.98387,63.15061,62.36986,63.56099,64.03124,61.13101,66.48308,66.48308,62.29767,66.40783,65.45991,65.39113,64.2573,60.53924,61.7414,63.15853,59.9333,59.48109,60.90156,61.29437,58.18075,61.40033,61.40033,60.90156
9.0,9.05539,9.05539,9.05539,9.05539,9.05539,8.24621,9.21954,8.24621,8.24621,8.544,9.48683,8.544,8.544,8.544,8.544,8.94427,7.61577,8.544,7.61577,7.61577,7.61577,8.06226,8.06226,7.61577,7.61577,7.61577,7.61577,7.28011,7.61577,7.28011,7.28011,7.07107,6.08276,6.08276,6.08276,6.0,5.0,5.0,5.0,4.0,4.0,4.12311,4.12311,3.16228,3.16228,3.16228,2.23607,2.23607,2.23607,2.23607,1.41421,54.12947,53.15073,52.7731,49.36598,53.23533,54.23099,49.09175,52.00961,49.0408,49.0102,50.08992,49.36598,45.39824,47.38143,48.83646,45.12206,44.40721,46.09772,45.89118,44.64303,47.07441,46.09772,47.53946,43.32436,43.41659,42.37924,42.2019,44.38468,40.79216,43.41659,43.41659,46.87217,41.59327,40.31129,38.47077,37.21559,38.11824,37.05401,37.0,36.0,33.01515,33.24154,31.04835,29.83287,27.51363,26.68333,26.24881,24.35159,19.69772,22.84732,20.12461,17.02939,15.81139,15.0,15.6205,13.60147,9.89949,41.34005,45.80393,45.45327,45.60702,44.68781,47.38143,48.79549,51.66237,52.3259,52.3259,53.90733,55.22681,58.89822,61.07373,58.25805,62.00806,61.22091,60.44005,64.66065,61.22091,61.40033,66.06815,62.20129,64.2028,64.2028,62.62587,62.80127,67.62396,62.482,63.12686,62.24147,66.52819,63.63961,62.96825,62.24147,63.70243,62.28965,64.03124,64.03124,66.21933,67.00746,65.51336,63.00794,64.63745,63.24555,65.0,64.88451,63.06346,63.52952,60.41523,61.29437,59.5063,62.24147,59.61543,61.46544,58.69412,59.46427
9.43398,8.94427,8.94427,8.94427,8.94427,8.544,8.544,8.544,8.544,8.24621,8.24621,8.24621,8.24621,8.24621,8.24621,8.06226,8.06226,8.06226,7.07107,8.06226,8.06226,8.06226,7.07107,7.07107,7.28011,7.07107,7.28011,7.28011,7.28011,6.32456,6.32456,6.32456,6.7082,5.83095,5.83095,5.83095,5.0,5.0,5.0,4.24264,4.24264,3.60555,3.60555,3.60555,3.60555,2.23607,2.23607,3.16228,3.16228,2.0,2.0,2.0,52.20153,55.80323,53.90733,50.24938,51.62364,50.24938,48.83646,49.67897,48.27007,46.61545,47.63402,48.60041,49.09175,44.94441,46.14109,46.06517,50.24938,45.65085,45.65085,45.17743,46.51881,42.54409,42.54409,42.54409,42.95346,44.72136,42.04759,43.86342,43.86342,42.15448,40.31129,43.38202,41.34005,40.81666,39.66106,40.22437,38.60052,36.23534,36.79674,33.30165,32.52691,34.65545,29.0,30.0,26.07681,25.55386,26.83282,25.23886,21.18962,22.13594,21.54066,16.49242,19.0263,17.0,18.02776,15.0333,14.0,42.72002,39.92493,42.44997,46.57252,47.29693,48.50773,49.49747,51.24451,52.46904,51.97115,54.23099,55.3263,59.68249,58.30952,62.20129,57.03508,61.13101,61.13101,63.07139,62.00806,65.0,65.03076,65.03076,66.0303,66.0,65.06919,65.12296,65.00769,63.07139,67.26812,61.29437,67.36468,63.28507,61.66036,62.80127,63.50591,63.56099,63.06346,65.96969,64.84597,65.25335,63.24555,65.45991,66.12866,62.62587,63.90618,61.98387,61.84658,63.07139,63.07139,61.29437,62.76942,59.94164,57.98276,61.58734,60.20797,56.35601
9.21954,9.89949,9.89949,9.89949,9.21954,9.21954,8.60233,9.21954,8.60233,8.60233,8.60233,8.60233,8.60233,8.60233,8.06226,8.60233,8.06226,8.06226,8.06226,8.06226,8.06226,8.06226,8.06226,8.06226,8.06226,8.06226,7.2111,7.2111,7.2111,7.81025,7.07107,6.40312,6.40312,6.40312,6.40312,6.40312,5.83095,5.83095,5.38516,4.47214,5.38516,5.09902,4.12311,4.12311,4.12311,4.0,4.0,4.0,4.0,3.0,3.16228,3.16228,53.8145,55.17246,56.0803,52.40229,51.40039,51.61395,51.61395,52.15362,50.24938,46.64762,51.62364,46.14109,48.37355,47.01064,47.41308,45.69464,47.53946,46.8188,44.94441,46.17359,46.48656,43.65776,43.01163,43.41659,43.32436,41.10961,45.69464,45.60702,45.22168,41.78516,43.32436,41.78516,41.10961,40.16217,39.39543,39.39543,38.07887,36.23534,34.98571,35.60899,34.20526,34.82815,29.41088,27.58623,25.4951,28.3196,24.20744,23.60085,20.80865,21.47091,19.72308,21.18962,20.24846,15.52417,18.43909,17.02939,14.0,42.19005,43.46263,45.61798,47.92703,47.16991,49.33559,50.28916,53.60037,50.69517,55.54278,58.24088,56.88585,60.41523,58.69412,58.85576,61.0,64.93843,64.62971,61.81424,66.27217,61.52235,66.75328,65.62012,66.48308,63.78871,66.48308,63.78871,66.09841,64.13267,64.32729,63.78871,65.73431,67.18631,60.16644,64.7611,63.89053,64.51356,65.19202,64.62198,65.39113,62.24147,64.88451,65.39113,65.74192,67.53518,64.49806,64.88451,66.03787,63.63175,61.29437,64.40497,60.60528,57.2014,61.84658,61.7171,62.00806,60.959
10.0,9.43398,9.43398,9.43398,9.43398,8.60233,8.94427,8.94427,8.94427,8.94427,8.94427,8.94427,8.544,8.544,7.61577,8.544,8.544,8.544,7.61577,7.28011,7.28011,7.28011,8.544,7.28011,7.61577,7.61577,7.61577,7.61577,7.61577,7.2111,6.7082,7.2111,5.83095,6.40312,6.40312,5.65685,5.65685,5.0,5.0,5.0,5.0,4.47214,4.47214,4.47214,4.12311,4.12311,4.12311,3.16228,3.0,3.0,3.0,3.0,52.49762,51.73973,54.56189,50.93133,53.75872,51.73973,48.01042,51.85557,48.82622,51.0392,51.31277,50.47772,47.88528,46.14109,47.16991,46.14109,47.41308,43.38202,46.95743,46.09772,46.51881,44.28318,45.54119,44.94441,46.61545,41.4367,42.54409,44.38468,44.77723,42.95346,42.48529,42.48529,39.35734,40.70626,39.11521,39.66106,38.01316,36.35932,33.83785,36.12478,29.0,32.52691,28.3196,28.6007,29.41088,26.07681,25.23886,23.32381,24.69818,23.25941,18.43909,19.64688,19.64688,18.11077,16.03122,16.0,16.49242,43.86342,42.72002,43.65776,45.54119,43.01163,49.0408,49.47727,49.72927,53.16014,50.01,54.91812,55.9017,60.82763,59.03389,61.66036,61.52235,64.62971,60.29925,63.3877,61.52235,63.50591,65.27634,63.3877,63.07139,65.19202,64.19502,65.06919,67.26812,60.67125,63.78871,61.66036,64.77654,64.32729,61.39218,64.28841,63.06346,64.56005,64.84597,63.56886,64.62198,65.45991,65.0,65.79514,64.88451,64.88451,60.03332,63.07139,61.29437,61.40033,61.58734,60.90156,62.1289,61.29437,56.0357,57.42822,60.60528,61.22091
10.77033,9.84886,9.84886,9.84886,9.84886,8.94427,9.43398,9.43398,9.43398,9.43398,9.43398,9.43398,8.60233,8.60233,8.60233,8.60233,9.21954,8.60233,7.81025,7.81025,7.81025,7.81025,8.60233,8.60233,7.81025,7.81025,7.81025,7.2111,7.2111,8.06226,6.7082,7.2111,6.7082,6.7082,6.32456,6.32456,6.32456,6.08276,5.09902,5.09902,5.09902,5.0,5.0,5.0,4.0,4.0,4.12311,4.12311,3.16228,3.16228,3.60555,3.60555,54.42426,52.3259,55.00909,56.79789,57.45433,54.70832,53.53504,49.92995,52.20153,50.60632,51.85557,50.32892,48.10405,48.08326,48.27007,48.79549,46.69047,49.51767,47.50789,47.38143,48.9183,47.38143,44.40721,44.82187,44.20407,44.20407,43.18565,43.01163,42.80187,46.09772,44.04543,45.34314,41.7732,39.62323,41.10961,38.20995,38.20995,36.79674,36.12478,35.22783,31.90611,35.35534,29.06888,30.41381,29.15476,30.08322,25.96151,23.5372,23.19483,23.34524,23.19483,18.11077,17.46425,17.02939,17.02939,19.64688,16.76305,44.40721,43.41659,45.70558,47.07441,50.21952,51.78803,49.24429,53.60037,53.16014,54.12024,55.02727,58.87274,60.72891,62.29767,61.35145,60.41523,63.32456,63.56886,61.46544,64.4748,65.78754,65.39113,65.55151,64.4748,62.64982,67.41662,66.12866,62.29767,65.19202,64.51356,63.89053,61.68468,63.56099,63.15061,64.32729,66.61081,66.48308,65.49046,63.28507,68.11755,66.1211,66.00758,66.0,66.0303,64.07027,59.13544,64.38167,65.62012,63.78871,62.64982,61.81424,64.13267,62.16912,60.63827,60.44005,59.20304,61.03278
9.89949,9.89949,9.21954,9.21954,9.21954,9.21954,8.60233,8.60233,8.60233,8.60233,8.60233,8.60233,8.60233,8.60233,8.06226,8.94427,8.06226,8.94427,8.06226,8.06226,8.06226,8.06226,8.06226,8.06226,8.06226,8.06226,8.06226,7.2111,7.2111,7.2111,6.40312,6.40312,6.40312,6.40312,5.65685,5.65685,6.40312,5.0,5.0,4.47214,4.47214,4.47214,3.60555,3.16228,3.16228,3.16228,3.16228,2.23607,2.0,2.0,2.0,2.0,54.56189,50.60632,55.17246,53.75872,52.40229,52.49762,50.21952,55.22681,47.80167,52.49762,50.47772,49.64877,49.64877,47.50789,49.24429,49.65884,50.9902,48.30114,45.61798,46.09772,49.1935,44.77723,47.16991,44.28318,43.41659,42.54409,44.28318,43.32436,42.72002,42.04759,44.28318,43.909,38.47077,41.18252,40.49691,37.80212,39.20459,39.20459,35.4683,32.52691,33.94113,34.65545,28.3196,29.73214,29.73214,26.92582,26.07681,22.82542,25.05993,19.69772,20.61553,18.11077,18.68154,17.0,15.29706,15.0,13.60147,43.46263,46.17359,43.32436,47.53946,47.29693,49.0306,50.48762,49.36598,54.58938,51.78803,54.45181,57.55867,59.68249,59.5399,63.12686,58.03447,64.19502,60.00833,62.28965,63.00794,64.03124,64.0,64.00781,65.06919,64.12488,66.0303,63.1981,69.02898,60.00833,66.27217,60.20797,65.49046,61.40033,61.66036,64.93843,65.11528,60.87693,64.28841,63.24555,60.40695,64.84597,62.62587,68.62215,58.5235,63.15853,61.84658,61.84658,61.7414,59.9333,59.05929,59.94164,64.14047,64.14047,55.22681,58.24946,63.24555,54.91812
10.04988,10.19804,9.21954,10.19804,9.21954,10.19804,9.48683,9.48683,9.48683,8.544,9.48683,8.544,8.544,8.544,8.544,8.544,8.94427,8.544,8.544,8.06226,7.61577,8.06226,7.61577,8.544,7.61577,8.544,8.544,7.28011,8.24621,7.28011,7.28011,7.07107,7.07107,6.08276,7.0,6.08276,6.0,6.08276,6.08276,6.08276,5.09902,5.09902,4.12311,4.47214,4.47214,4.47214,4.47214,3.60555,3.60555,3.60555,3.60555,2.82843,54.12947,57.07013,54.58938,53.33854,55.08176,50.15974,55.03635,50.08992,50.08992,49.09175,53.08484,52.15362,50.35871,51.47815,50.48762,49.64877,49.64877,46.09772,43.56604,50.9902,46.09772,47.67599,42.72002,46.57252,44.72136,43.68066,46.32494,46.17359,42.75512,46.32494,45.89118,41.7732,42.42641,39.45884,44.40721,37.33631,39.05125,35.01428,36.01389,36.12478,36.22154,34.52535,30.80584,29.42788,27.89265,28.4605,26.0,26.24881,25.05993,21.47091,21.9545,20.80865,19.72308,15.6205,16.40122,18.38478,15.6205,44.41846,41.34005,45.22168,45.80393,51.08816,48.9183,49.0408,52.40229,53.74012,54.45181,55.17246,56.58622,60.10824,59.46427,58.69412,60.1415,60.959,63.25346,58.79626,60.30755,63.89053,61.84658,63.12686,65.29931,63.89053,66.6033,62.482,60.87693,64.44377,61.52235,65.79514,60.87693,62.93648,62.96825,60.959,63.89053,63.78087,66.61081,62.20129,63.51378,61.61169,65.0,64.88451,64.00781,60.90156,63.50591,63.95311,63.07139,63.56099,63.69458,64.07808,62.62587,60.53924,62.96825,61.68468,56.04463,57.87055
9.48683,9.48683,9.48683,9.21954,9.21954,9.21954,9.21954,9.21954,9.21954,9.05539,9.05539,9.05539,9.05539,9.05539,8.0,9.05539,9.0,9.0,8.0,9.0,8.0,8.0,8.06226,8.0,8.06226,8.0,8.06226,8.06226,7.07107,7.07107,7.07107,7.07107,6.08276,6.32456,6.32456,6.32456,5.38516,5.38516,5.38516,4.47214,5.0,5.0,3.60555,3.60555,3.60555,3.60555,2.82843,2.82843,2.82843,2.82843,2.23607,2.23607,60.0,55.21775,55.47071,56.60389,53.82379,51.10773,53.23533,53.66563,51.47815,48.75449,50.60632,51.47815,51.62364,49.76947,47.16991,48.70318,49.64877,50.28916,48.50773,48.08326,47.43416,48.27007,46.87217,47.67599,44.55334,46.87217,45.12206,46.32494,44.64303,45.60702,44.92215,45.54119,39.92493,41.4367,41.23106,38.91015,40.31129,38.47077,35.77709,34.98571,36.40055,33.42155,29.83287,30.4795,28.28427,28.01785,25.0,25.80698,20.0,21.9545,21.0238,19.69772,18.38478,18.38478,15.52417,17.0,15.0333,45.27693,44.72136,46.52956,48.8467,47.01064,49.76947,50.59644,52.92447,54.12024,54.70832,53.85165,58.94065,58.69412,58.94065,60.44005,61.98387,65.30697,58.46366,62.36986,63.95311,64.53681,65.11528,63.06346,64.32729,63.95311,67.89698,62.96825,64.7611,65.52099,62.36185,62.64184,65.45991,61.68468,65.78754,64.62198,66.48308,64.4748,63.56099,65.74192,64.41273,64.84597,65.8635,66.37017,64.3506,63.28507,66.0303,63.82006,61.03278,64.53681,64.2028,63.00794,66.4003,61.22091,56.63921,64.38167,62.24147,59.4138
9.48683,10.44031,9.21954,9.48683,9.21954,9.21954,9.05539,9.05539,9.05539,9.05539,9.05539,9.05539,9.05539,9.05539,9.05539,8.0,9.0,8.0,9.0,8.0,8.0,8.0,8.0,8.0,8.06226,8.0,8.0,8.06226,8.06226,7.07107,7.07107,7.07107,7.28011,7.28011,6.32456,6.32456,6.32456,5.83095,5.83095,5.83095,5.0,5.0,5.0,5.0,3.60555,4.24264,4.24264,4.24264,3.60555,3.60555,3.60555,3.16228,58.5235,54.08327,62.29767,52.49762,58.69412,56.29387,54.34151,52.95281,53.36666,52.34501,55.3263,53.08484,51.15662,50.24938,52.00961,50.03998,52.00961,50.01,46.04346,49.25444,49.0408,47.09565,46.27094,43.18565,44.01136,48.04165,43.41659,46.09772,41.59327,44.18144,44.10215,45.01111,41.01219,41.01219,42.04759,40.4475,39.62323,39.62323,38.83298,35.69314,36.13862,32.75668,32.31099,28.6531,26.83282,25.94224,25.05993,26.07681,24.20744,20.80865,19.10497,22.67157,16.27882,16.27882,14.42221,14.31782,17.0,42.52058,46.69047,48.08326,47.50789,49.0408,49.20366,51.40039,52.20153,54.70832,51.61395,58.60034,57.14018,58.24946,61.05735,64.3506,63.13478,59.05929,63.06346,64.00781,62.64982,61.77378,66.88797,65.36819,63.28507,67.23095,64.63745,62.64982,62.43397,67.23095,65.45991,63.51378,66.85058,64.40497,67.35726,69.02898,64.66065,65.11528,65.79514,63.70243,67.35726,66.48308,65.8559,70.83784,66.52819,63.24555,66.21933,67.20119,60.46487,62.80127,59.90826,64.49806,64.41273,64.49806,62.16912,62.16912,58.59181,64.40497
9.0,9.0,8.06226,9.05539,8.06226,8.06226,8.06226,8.06226,8.06226,8.24621,7.28011,7.28011,7.28011,7.28011,7.28011,7.28011,7.28011,7.28011,7.61577,7.61577,6.32456,7.61577,6.32456,7.28011,7.28011,6.32456,6.32456,6.32456,6.32456,6.08276,6.08276,6.08276,6.08276,6.0,5.0,5.0,5.09902,4.12311,5.09902,4.12311,4.47214,4.47214,3.60555,3.60555,3.60555,2.82843,2.82843,2.82843,2.82843,2.82843,2.23607,3.16228,55.3263,55.08176,53.00943,51.0098,52.03845,48.25971,53.46027,48.37355,48.37355,49.64877,46.87217,45.89118,45.60702,47.80167,44.64303,44.27189,48.50773,45.54119,44.59821,44.01136,44.38468,43.32436,41.23106,44.01136,42.54409,44.01136,41.10961,43.65776,42.72002,39.56008,38.60052,41.76123,38.07887,38.60052,36.68787,35.69314,37.21559,35.69314,37.21559,32.01562,32.06244,29.15476,31.0,29.42788,28.28427,25.70992,21.54066,23.5372,20.24846,20.59126,20.24846,18.02776,17.69181,17.49286,16.27882,14.14214,13.0384,42.04759,42.54409,44.29447,48.8774,50.11986,47.16991,50.47772,51.31277,51.61395,52.69725,56.22277,55.60576,59.66574,59.81639,60.60528,61.07373,62.96825,63.25346,60.60528,63.89053,64.03124,62.482,60.959,64.53681,62.24147,65.29931,63.89053,62.62587,63.25346,61.84658,57.42822,63.82006,64.3506,62.1289,65.51336,64.66065,63.13478,61.77378,64.49806,67.08204,64.84597,64.07808,63.69458,64.84597,60.92618,62.24147,64.51356,61.03278,63.60031,61.13101,64.7611,65.0,60.63827,59.22837,60.41523,61.81424,56.7186
10.0,9.21954,9.21954,9.89949,9.21954,9.21954,9.21954,9.21954,9.21954,8.60233,8.60233,8.60233,8.60233,8.60233,8.06226,8.06226,8.06226,8.06226,8.06226,8.06226,8.06226,8.06226,8.06226,8.06226,8.06226,8.06226,8.06226,7.2111,7.2111,7.2111,6.40312,6.40312,6.40312,6.40312,6.40312,5.65685,5.65685,5.0,5.0,5.0,4.47214,4.47214,3.60555,3.60555,3.16228,3.16228,3.16228,3.16228,2.23607,2.0,2.0,2.0,52.3259,50.32892,52.3259,51.10773,51.10773,51.89412,50.77401,52.15362,48.60041,50.21952,48.01042,47.01064,45.34314,47.01064,50.32892,50.20956,45.25483,43.13931,42.44997,47.42362,45.45327,43.93177,45.0,45.0,41.86884,42.2019,41.23106,41.7732,44.04543,40.45986,41.7732,39.69887,41.7732,38.18377,39.62323,34.65545,39.62323,35.60899,33.6006,34.66987,31.76476,33.61547,32.24903,26.83282,23.76973,27.51363,24.04163,25.63201,19.23538,22.2036,19.23538,17.02939,18.0,15.29706,16.49242,12.36932,13.60147,43.18565,41.30375,44.40721,47.67599,48.05206,48.50773,50.69517,51.92302,54.34151,52.20153,54.40588,56.61272,55.36244,56.64804,56.30275,59.46427,62.62587,61.68468,60.40695,60.40695,63.24555,61.98387,64.84597,63.56886,61.68468,63.89053,62.03225,63.56886,62.29767,64.56005,60.87693,64.53681,65.11528,61.0,66.09841,60.67125,63.63961,65.27634,65.19202,62.20129,61.13101,63.0,61.0,64.0,60.07495,61.03278,62.20129,59.3043,60.53098,61.81424,61.81424,56.7186,56.29387,59.22837,59.66574,60.87693,59.20304
8.544,8.24621,8.24621,9.21954,8.24621,8.24621,8.06226,8.06226,8.06226,8.06226,8.06226,8.06226,8.0,7.0,7.0,8.0,7.0,7.0,7.07107,7.07107,7.0,7.0,7.0,7.07107,7.0,7.0,7.0,7.0,7.0,6.08276,6.08276,6.08276,6.08276,5.09902,5.38516,5.38516,5.38516,4.47214,4.47214,5.0,4.24264,4.24264,4.24264,4.24264,3.60555,3.60555,3.60555,3.60555,3.16228,3.16228,3.0,3.0,56.40035,56.60389,57.45433,52.69725,54.70832,49.73932,51.26402,52.39275,49.64877,48.70318,49.76947,49.64877,46.48656,47.12749,43.68066,47.85394,48.83646,47.38143,48.05206,41.30375,47.85394,43.93177,43.04649,44.72136,43.17407,43.73786,40.60788,44.04543,44.55334,42.29657,40.4475,40.79216,43.73786,39.29377,39.29377,40.8534,38.60052,34.17601,33.10589,34.66987,33.12099,31.62278,30.52868,30.23243,31.40064,26.24881,26.1725,24.75884,21.63331,22.2036,21.54066,16.55295,18.35756,17.72005,18.02776,15.52417,17.0,47.80167,46.04346,47.16991,50.24938,51.0,49.39636,50.08992,49.65884,57.77543,54.12024,57.38467,59.5063,62.24147,63.15853,63.56886,64.19502,65.78754,62.29767,63.32456,63.32456,65.80274,69.64194,65.45991,64.51356,65.78754,67.41662,67.41662,69.28925,63.15853,66.48308,65.79514,66.48308,65.39113,70.23532,65.79514,66.18912,64.49806,66.88797,66.0303,70.45566,69.06519,67.42403,64.40497,64.03124,66.06815,63.03174,63.25346,63.70243,67.20863,62.96825,64.3506,66.52819,65.06919,60.20797,63.41136,62.00806,62.36986
9.43398,9.43398,8.94427,8.94427,8.94427,8.94427,8.544,8.544,8.544,8.544,8.544,8.544,8.544,8.24621,8.24621,8.24621,8.24621,8.24621,8.24621,8.24621,8.24621,8.24621,8.24621,8.06226,8.06226,8.24621,7.28011,7.28011,7.28011,7.61577,6.7082,6.32456,6.7082,6.7082,5.83095,5.83095,5.0,5.0,5.0,5.0,4.24264,4.24264,4.24264,3.60555,3.60555,3.60555,3.60555,2.23607,2.23607,2.23607,2.23607,2.0,54.56189,55.97321,52.00961,52.00961,51.22499,48.01042,53.85165,52.15362,48.37355,46.52956,47.16991,43.38202,49.1935,47.42362,46.51881,47.01064,45.22168,46.17359,43.68066,45.54119,43.32436,45.60702,40.02499,42.72002,42.72002,43.68066,42.37924,43.68066,44.38468,42.05948,42.05948,42.72002,39.92493,38.62642,42.95346,36.23534,35.34119,38.07887,36.05551,34.20526,30.80584,31.82766,27.58623,29.69848,26.90725,27.20294,24.08319,25.6125,21.09502,19.31321,21.93171,16.76305,17.72005,14.86607,16.27882,13.0384,12.0,45.17743,43.86342,46.23851,48.46648,48.46648,46.8188,49.0408,50.28916,53.60037,52.39275,54.81788,56.51548,56.75385,61.61169,58.24946,59.68249,59.68249,64.93843,58.24946,61.66036,61.81424,67.08204,65.9242,61.66036,64.62971,62.16912,63.78871,62.64982,64.93843,61.0,64.32729,62.0967,64.03124,63.60031,61.98387,64.19502,62.62587,63.56886,64.62198,64.07808,62.64982,64.41273,60.82763,67.53518,59.5399,63.81222,62.26556,56.60389,65.19202,61.05735,57.42822,62.80127,57.80138,52.49762,55.97321,57.38467,58.72819
9.84886,9.84886,9.84886,9.84886,8.94427,8.94427,9.43398,9.43398,9.43398,8.60233,8.60233,8.60233,8.60233,8.60233,8.60233,8.60233,8.60233,8.60233,8.60233,8.60233,8.60233,8.60233,8.60233,8.60233,7.81025,7.81025,8.06226,8.06226,8.06226,7.2111,7.61577,7.61577,7.61577,6.32456,6.32456,6.32456,6.32456,6.08276,5.09902,5.09902,5.0,5.0,5.0,4.0,4.0,4.0,3.16228,3.16228,3.16228,3.16228,3.16228,2.23607,60.13319,53.46027,55.44367,51.78803,53.93515,50.01,53.60037,53.85165,51.66237,50.96077,50.92151,49.98,51.62364,48.33218,48.75449,50.08992,49.1935,46.14109,49.64877,45.27693,44.94441,48.37355,46.64762,48.37355,45.65085,46.06517,43.56604,44.77723,42.05948,42.72002,42.48529,42.19005,41.62932,43.86342,41.62932,39.84972,39.56008,37.64306,37.48333,35.22783,31.57531,29.27456,32.14032,30.14963,27.0,25.0,22.2036,24.33105,24.5153,21.37756,23.08679,16.49242,16.49242,20.24846,18.86796,15.81139,14.21267,45.12206,47.12749,46.23851,50.32892,50.92151,52.80152,53.31041,51.47815,53.7122,55.00909,55.9017,59.5399,62.17717,60.03332,63.13478,61.05735,66.61081,63.51378,66.37017,65.45991,63.81222,66.0303,65.80274,68.50547,66.0303,67.23095,66.28725,64.66065,64.66065,65.51336,63.13478,67.60178,65.29931,64.40497,66.18912,65.0,63.69458,66.85058,65.78754,65.78754,66.40783,65.96969,66.76077,67.35726,63.06346,65.11528,63.15061,61.98387,64.13267,59.84146,63.28507,62.07254,61.40033,60.29925,59.3043,62.00806,61.03278
9.05539,9.0,9.0,9.0,8.0,9.0,8.06226,8.06226,8.06226,8.06226,8.06226,8.24621,8.24621,8.06226,7.28011,8.24621,8.24621,7.28011,7.28011,7.28011,7.28011,7.28011,7.28011,7.28011,7.28011,7.28011,7.28011,7.07107,7.07107,7.07107,6.08276,6.0,6.0,6.0,6.0,5.0,5.0,4.12311,4.12311,4.12311,4.12311,4.12311,3.16228,3.16228,3.16228,2.23607,2.23607,2.82843,2.23607,2.23607,2.23607,2.23607,51.1957,51.66237,55.54278,52.7731,51.0392,49.09175,52.0,50.03998,47.09565,48.09366,48.0,46.09772,47.16991,45.17743,49.64877,45.70558,46.52956,44.64303,41.7732,46.17359,45.60702,45.35416,43.93177,45.35416,42.75512,40.5216,42.05948,43.9659,42.75512,43.68066,40.26164,40.79216,39.05125,40.5216,38.47077,37.33631,36.12478,36.05551,36.12478,33.01515,33.13608,32.06244,29.15476,26.07681,25.07987,28.28427,25.0,22.13594,20.61553,18.78829,19.31321,18.43909,16.12452,16.40122,14.86607,14.86607,14.42221,44.59821,43.93177,45.25483,47.50789,48.41487,50.80354,53.00943,52.43091,53.33854,54.3783,57.68882,56.60389,58.5235,61.58734,60.53924,62.26556,64.89992,64.14047,62.43397,63.52952,67.54258,63.52952,67.53518,68.09552,65.36819,66.28725,64.89992,62.96825,65.80274,64.63745,61.03278,65.80274,63.60031,62.20129,64.81512,62.62587,63.70243,65.79514,63.70243,62.62587,61.6198,64.81512,63.41136,63.60031,61.61169,63.81222,63.82006,61.05735,60.74537,57.45433,63.06346,63.07139,57.24509,58.18075,60.16644,57.77543,57.00877
9.89949,9.89949,9.89949,9.89949,9.21954,9.21954,9.21954,9.21954,9.21954,8.60233,8.60233,8.60233,9.43398,9.43398,9.43398,8.60233,8.94427,8.06226,8.94427,8.06226,8.06226,8.06226,8.06226,8.06226,8.06226,8.06226,8.06226,8.06226,8.06226,7.2111,7.2111,7.2111,7.07107,6.40312,7.07107,5.65685,6.40312,6.40312,5.83095,5.0,5.0,4.47214,4.47214,4.47214,4.47214,4.12311,4.12311,4.12311,3.16228,3.16228,3.0,3.0,55.97321,51.66237,49.98,53.31041,51.62364,47.92703,50.9902,50.11986,48.54894,49.24429,50.47772,46.87217,50.0,45.45327,46.01087,45.34314,46.2277,44.82187,47.50789,46.69047,48.10405,43.84062,45.25483,44.59821,41.03657,43.27817,44.55334,41.01219,43.84062,39.59798,45.25483,41.86884,41.72529,38.28838,40.45986,36.05551,34.48188,36.23534,38.47077,33.61547,33.10589,31.7805,33.24154,30.36445,28.44293,26.24881,23.19483,22.80351,19.0263,20.02498,22.02272,15.13275,18.24829,16.49242,18.68154,15.23155,13.41641,44.01136,47.38143,45.70558,49.0306,47.67599,50.01,49.47727,51.24451,52.49762,54.12024,58.18935,57.24509,57.87055,59.61543,60.74537,62.6099,64.4748,63.24555,63.69458,63.15853,62.24147,65.79514,63.15853,63.69458,65.19202,65.9242,65.39113,65.55151,63.90618,63.24555,65.14599,61.98387,65.52099,63.60031,62.8172,65.73431,61.39218,65.30697,62.64982,64.28063,66.61081,62.20129,66.18912,64.03124,61.03278,64.00781,60.03332,65.00769,63.07139,63.00794,58.13777,59.84146,58.42089,57.70615,58.69412,58.85576,55.54278
9.21954,8.24621,8.24621,8.24621,8.24621,8.24621,8.544,8.544,8.544,7.61577,8.544,8.06226,7.61577,7.61577,7.61577,8.06226,8.06226,8.06226,8.06226,6.7082,8.06226,7.61577,7.2111,7.2111,6.7082,7.2111,7.61577,6.32456,6.7082,6.32456,6.32456,6.32456,6.08276,5.09902,5.09902,5.09902,5.0,5.0,4.0,4.0,4.0,4.12311,3.16228,3.16228,3.16228,3.16228,2.23607,2.23607,2.23607,2.23607,1.41421,1.41421,51.07837,52.20153,51.5461,49.64877,51.41984,50.69517,48.83646,50.01,45.54119,47.26521,44.55334,47.16991,49.25444,44.01136,47.04253,47.09565,46.04346,44.04543,46.09772,44.10215,50.03998,44.18144,42.19005,43.01163,42.04759,44.04543,40.60788,40.4475,41.4367,43.18565,41.01219,42.10701,39.0,39.01282,35.12834,33.24154,33.73426,33.54102,35.17101,36.68787,32.89377,31.95309,28.79236,28.79236,27.78489,26.62705,25.23886,22.67157,22.47221,19.84943,18.60108,18.43909,14.42221,16.27882,14.42221,12.64911,11.40175,44.04543,48.83646,48.10405,49.51767,50.24938,52.40229,49.81967,51.08816,57.2014,52.80152,55.44367,57.42822,62.42596,63.24555,62.96825,58.30952,64.14047,62.17717,63.81222,64.88451,61.40033,68.42514,61.40033,62.26556,65.51336,63.24555,67.95587,68.0,60.53924,65.8635,59.64059,65.80274,62.42596,66.4003,62.20129,65.60488,62.62587,61.52235,61.85467,65.8559,69.52697,58.0,66.6033,60.959,63.25346,61.7171,64.2028,61.61169,66.4003,56.0357,58.24946,61.91123,64.63745,57.45433,59.5399,58.18075,55.56978
9.48683,8.544,9.48683,8.544,8.544,8.544,8.544,8.94427,8.06226,8.06226,8.06226,8.06226,8.06226,7.2111,8.06226,8.06226,7.2111,7.2111,7.81025,7.2111,7.2111,7.81025,7.2111,7.2111,7.2111,7.2111,7.2111,6.7082,6.7082,6.7082,6.7082,6.32456,6.32456,6.32456,5.09902,5.09902,5.0,5.0,5.0,4.0,4.12311,4.12311,4.12311,3.16228,3.16228,3.16228,3.16228,2.23607,2.23607,2.82843,2.23607,2.23607,51.47815,55.3263,51.47815,48.6621,49.81967,49.72927,50.0,51.92302,46.8188,46.61545,50.92151,49.24429,45.88028,45.18849,45.69464,47.41308,47.41308,45.17743,46.51881,44.77723,46.04346,42.48529,44.40721,42.54409,43.38202,43.41659,41.34005,46.04346,43.909,41.18252,40.81666,38.48376,42.94182,41.78516,36.76955,37.36308,37.94733,36.68787,36.40055,33.24154,31.40064,28.44293,30.14963,29.0,28.01785,24.08319,23.08679,24.5153,20.61553,18.68154,16.76305,16.55295,16.55295,17.02939,17.49286,15.55635,13.45362,46.52956,46.32494,50.0,52.81098,52.20153,56.0803,52.92447,56.46238,58.13777,57.77543,59.5063,58.60034,63.97656,65.74192,61.77378,63.28507,63.63175,64.66065,66.03787,62.76942,67.74216,64.49806,64.49806,65.8635,66.88797,65.76473,64.14047,63.13478,63.52952,70.23532,64.41273,64.40497,65.79514,63.69458,66.48308,62.62587,66.40783,67.35726,64.19502,63.32456,67.35726,64.53681,65.0,66.28725,62.36986,65.0,63.15061,63.50591,65.62012,65.37584,62.1289,62.28965,63.1981,59.03389,62.07254,60.0,60.03332
10.19804,9.48683,10.44031,10.44031,9.48683,9.48683,9.48683,9.84886,9.48683,8.94427,8.94427,8.94427,8.94427,8.94427,8.94427,8.94427,8.94427,8.06226,8.60233,8.60233,8.60233,8.60233,8.06226,8.60233,8.60233,8.06226,8.06226,8.06226,8.06226,7.61577,7.61577,7.61577,6.7082,6.32456,6.32456,6.08276,6.08276,6.08276,5.09902,5.09902,5.0,5.0,4.0,4.0,4.0,3.16228,3.16228,3.16228,3.0,3.16228,2.23607,2.23607,55.14526,58.07753,52.08647,52.03845,55.08176,48.09366,53.33854,50.48762,50.63596,48.50773,49.64877,50.44799,50.44799,51.41984,47.29693,47.43416,49.24429,44.27189,42.37924,49.0408,45.54119,46.48656,43.46263,43.46263,44.38468,43.08132,45.61798,44.01136,46.61545,42.95346,40.8534,42.37924,47.29693,42.44997,39.56008,37.65634,38.47077,38.47077,35.35534,34.05877,33.01515,31.01612,31.01612,28.01785,27.16616,27.45906,23.34524,25.29822,20.24846,18.78829,18.86796,16.55295,16.15549,19.23538,14.21267,15.26434,12.80625,44.72136,44.41846,50.77401,46.32494,50.80354,50.60632,50.44799,54.67175,55.17246,58.13777,56.58622,55.9017,59.46427,60.1415,55.86591,62.28965,58.72819,63.78087,58.69412,63.65532,61.6198,60.87693,65.06919,65.06919,62.2254,62.24147,62.93648,60.82763,66.48308,60.87693,60.30755,61.07373,65.60488,62.00806,64.07027,62.80127,65.45991,62.76942,63.63175,65.74192,61.77378,62.17717,62.6099,66.21178,60.53924,62.16912,62.39391,60.08328,65.78754,63.24555,62.64184,60.63827,57.97413,61.13101,57.48913,53.93515,60.82763
10.77033,10.44031,10.44031,10.44031,9.48683,10.44031,9.21954,9.21954,9.21954,9.21954,9.21954,9.05539,9.05539,9.21954,9.05539,9.05539,9.05539,8.06226,9.05539,9.05539,8.06226,8.06226,8.06226,9.05539,8.06226,8.06226,8.06226,8.24621,8.24621,7.28011,7.28011,7.61577,7.61577,6.7082,6.32456,6.7082,5.83095,5.83095,5.83095,5.0,5.0,5.0,4.24264,4.24264,4.24264,4.24264,3.60555,3.60555,3.60555,3.60555,3.16228,3.16228,59.20304,53.00943,57.68882,52.69725,51.62364,54.20332,48.37355,54.20332,51.0,55.71355,49.64877,50.92151,50.56679,47.16991,46.84015,48.50773,51.5461,47.29693,46.57252,44.38468,50.44799,43.93177,45.89118,44.14748,42.44997,44.92215,41.0,44.72136,43.17407,43.17407,42.2019,46.32494,40.49691,43.01163,40.16217,40.31129,35.8469,38.47077,34.1321,34.98571,32.24903,28.6007,28.3196,27.01851,27.58623,24.08319,27.01851,25.4951,22.80351,22.47221,18.35756,17.0,17.46425,16.15549,14.31782,16.27882,16.27882,45.48626,52.35456,46.06517,53.31041,45.69464,53.31041,50.44799,52.49762,56.75385,51.86521,57.28001,57.56735,61.68468,63.60031,64.03124,56.08921,65.25335,58.69412,63.06346,65.30697,60.20797,66.91039,59.66574,62.8172,65.0,63.56099,65.96969,68.41053,62.64184,66.48308,58.18935,66.7308,63.32456,65.55151,64.62198,68.54196,63.07139,62.6099,63.06346,65.76473,70.66116,59.36329,68.26419,66.57327,66.28725,60.80296,60.46487,64.40497,63.00794,59.40539,59.81639,65.8559,67.94115,51.62364,59.4138,63.70243,60.10824
11.0,10.0,10.0,10.0,10.04988,10.0,10.04988,10.04988,10.04988,10.19804,9.21954,9.05539,9.21954,9.21954,9.21954,9.21954,9.21954,9.21954,9.48683,9.21954,8.24621,8.24621,8.24621,8.24621,9.21954,8.24621,8.06226,8.06226,8.06226,7.07107,7.07107,7.07107,7.07107,7.0,7.0,6.0,6.08276,6.08276,5.09902,5.09902,5.09902,4.12311,4.12311,4.12311,4.47214,3.60555,3.60555,3.16228,3.16228,2.23607,2.82843,2.82843,56.7186,55.3263,54.03702,55.44367,55.0,50.01,52.00961,54.14795,50.0,49.0408,48.25971,49.49747,50.15974,49.64877,48.50773,46.38965,46.87217,48.05206,48.50773,47.07441,46.17359,48.27007,43.01163,45.22168,45.88028,44.94441,43.68066,44.27189,43.68066,42.44997,41.0,40.79216,41.97618,40.79216,37.33631,40.1995,37.48333,37.48333,34.0147,32.01562,33.06055,31.57531,29.27456,29.15476,26.30589,26.24881,24.04163,22.47221,20.24846,18.78829,19.31321,17.0,18.35756,17.20465,15.55635,15.0,13.41641,43.82921,44.82187,46.09772,51.08816,46.69047,50.20956,49.51767,50.9902,55.97321,53.75872,54.67175,58.72819,58.79626,60.20797,60.44005,59.03389,61.40033,62.00806,59.81639,63.89053,63.89053,63.78087,64.66065,64.53681,63.25346,63.12686,62.80127,64.53681,64.2028,61.6198,60.82763,66.52819,61.7171,65.29931,61.84658,65.29931,66.4003,64.2028,66.8431,64.89992,62.96825,59.64059,64.66065,65.0,63.13478,62.76942,59.94164,61.32699,63.97656,59.23681,60.53924,61.09828,56.30275,58.18935,58.82176,58.46366,59.90826
9.43398,9.43398,9.43398,9.43398,8.94427,8.94427,8.94427,8.94427,8.94427,8.544,8.544,8.544,8.544,8.544,7.61577,8.24621,8.24621,8.24621,7.28011,7.28011,7.28011,7.28011,7.28011,7.28011,7.28011,7.28011,7.28011,7.28011,6.32456,6.7082,6.7082,5.83095,5.83095,5.83095,5.83095,6.40312,5.65685,5.65685,4.24264,4.24264,5.0,4.47214,3.60555,3.60555,3.60555,3.16228,3.16228,3.16228,3.16228,3.16228,3.0,3.0,56.40035,55.0,53.25411,53.25411,53.23533,50.11986,53.23533,55.47071,50.08992,47.41308,50.56679,51.26402,47.53946,49.39636,45.54119,48.08326,47.29693,45.35416,46.09772,47.29693,46.87217,42.72002,42.42641,43.73786,42.95346,44.14748,42.95346,44.55334,42.57934,41.7732,42.72002,39.56008,41.23106,38.8973,38.60052,37.0,37.16181,34.43835,34.88553,34.1321,33.12099,31.06445,27.01851,25.0,25.6125,29.20616,22.67157,24.75884,23.02173,23.85372,19.72308,18.78829,15.26434,14.31782,16.15549,14.86607,14.56022,44.77723,45.88028,49.33559,49.0408,50.28916,49.72927,53.15073,51.97115,55.7315,56.56854,59.22837,59.22837,59.22837,62.16912,59.03389,63.50591,61.52235,65.27634,63.78871,64.49806,67.47592,65.49046,66.91039,64.62971,63.78871,64.93843,66.28725,61.18823,65.9242,65.73431,64.56005,66.21933,65.25335,64.28841,65.45991,64.56005,69.64194,67.62396,63.50591,63.52952,64.07808,65.36819,62.64982,71.86793,64.00781,68.24222,63.81222,62.68174,63.60031,63.60031,63.03174,61.22091,61.84658,59.5483,59.5483,58.0,62.2254
9.48683,9.48683,9.48683,9.48683,8.544,8.544,8.544,8.94427,8.94427,8.06226,8.06226,8.06226,8.06226,8.06226,8.06226,8.60233,8.60233,8.06226,7.2111,7.2111,7.2111,7.2111,7.81025,7.2111,7.2111,7.2111,7.2111,6.7082,6.7082,6.7082,6.7082,5.83095,6.7082,5.38516,5.38516,5.38516,5.38516,4.12311,4.12311,4.12311,4.12311,4.0,3.0,3.0,3.0,3.0,3.0,2.23607,2.23607,2.0,2.23607,2.23607,55.54278,50.9902,57.27128,52.46904,51.47815,55.3263,50.08992,50.15974,47.09565,49.09175,51.0098,48.01042,48.01042,42.29657,46.27094,45.70558,48.16638,47.26521,46.52956,43.18565,47.26521,44.72136,42.75512,42.75512,41.7732,46.69047,40.02499,43.73786,40.4475,45.12206,44.91102,42.19005,36.34556,41.19466,37.05401,37.05401,34.05877,34.1321,34.23449,33.13608,32.24903,31.32092,26.4764,26.68333,25.07987,25.0,26.0,22.36068,20.24846,19.72308,19.84943,17.80449,12.72792,14.86607,13.45362,12.20656,14.42221,43.01163,49.67897,45.96738,50.91169,47.42362,49.51767,49.0408,48.9183,55.60576,54.03702,55.44367,58.60034,60.44005,60.60528,65.43699,56.30275,64.3506,59.07622,63.00794,62.96825,58.60034,67.41662,61.85467,63.41136,64.89992,65.0,64.63745,67.00746,61.40033,66.8431,64.53681,68.11755,64.44377,65.8559,66.46804,65.06919,60.82763,64.38167,66.6033,64.66065,70.43437,61.61169,68.41053,62.1289,64.3506,66.57327,63.51378,61.91123,63.81222,56.82429,60.03332,61.32699,63.50591,55.9017,60.41523,63.56099,57.56735
9.43398,8.60233,8.60233,8.60233,8.60233,7.81025,7.81025,8.48528,8.48528,8.48528,7.81025,7.81025,7.81025,7.81025,7.81025,7.81025,7.81025,7.07107,7.81025,7.2111,7.81025,7.2111,7.07107,7.2111,7.07107,6.40312,6.40312,7.07107,6.40312,6.40312,6.40312,6.40312,6.40312,5.83095,4.47214,5.38516,4.47214,4.47214,4.12311,4.12311,4.12311,3.0,4.0,3.0,3.0,3.0,2.23607,3.16228,2.23607,2.23607,2.23607,2.82843,53.31041,52.39275,55.07268,54.91812,54.70832,52.43091,51.0392,50.0,50.21952,51.40039,47.50789,48.83646,49.49747,45.96738,41.72529,47.38143,47.38143,46.09772,47.80167,46.75468,47.01064,43.93177,45.45327,44.20407,40.45986,43.27817,43.60046,42.52058,42.52058,42.2019,39.59798,40.45986,41.01219,40.36087,39.59798,35.60899,37.44329,35.80503,32.80244,33.42155,31.90611,31.76476,29.41088,26.40076,28.23119,25.29822,22.36068,24.18677,20.39608,18.0,19.10497,18.11077,18.0,17.72005,16.15549,12.36932,16.15549,43.18565,45.01111,47.16991,50.01,50.01,50.48762,49.25444,53.15073,55.3263,56.14268,56.7186,60.67125,57.55867,59.5399,63.78871,64.32729,65.30697,64.53681,64.77654,64.49806,63.78871,67.08204,65.73431,67.68309,66.70832,63.95311,64.7611,67.60178,65.9242,64.62971,63.63961,64.28063,63.28507,65.06919,65.12296,66.0303,66.00758,68.0,65.0,65.00769,66.06815,66.18912,65.19202,63.3877,63.63961,63.63961,62.8172,65.51336,64.7611,61.39218,62.58594,58.24946,60.72891,60.44005,61.13101,63.32456,58.18935
10.29563,10.29563,9.84886,9.84886,9.84886,9.84886,9.48683,9.48683,9.48683,8.544,9.48683,9.21954,9.48683,9.48683,9.21954,9.21954,9.21954,8.24621,9.21954,9.21954,8.24621,8.24621,8.24621,8.24621,8.24621,8.24621,8.24621,8.24621,8.24621,7.28011,7.61577,7.61577,7.61577,6.7082,6.7082,6.7082,5.83095,6.40312,5.0,5.65685,5.0,5.0,5.0,4.24264,4.24264,3.60555,3.60555,3.60555,3.60555,3.16228,3.16228,3.16228,54.81788,55.0,58.24946,57.68882,55.22681,52.83938,50.53712,51.97115,48.8467,53.22593,53.31041,51.24451,50.32892,49.39636,47.12749,48.76474,48.10405,47.29693,49.0408,44.91102,48.05206,45.35416,46.32494,45.12206,41.97618,43.68066,43.93177,46.87217,43.41659,43.17407,45.35416,42.72002,39.84972,43.01163,38.8973,36.76955,36.76955,35.34119,38.58756,34.88553,33.61547,31.40064,31.241,28.3196,30.41381,26.90725,27.58623,24.75884,22.47221,22.80351,18.60108,20.24846,21.54066,15.81139,16.27882,15.52417,15.52417,44.65423,47.50789,46.14109,48.8467,46.09772,49.24429,49.98,52.39275,53.14132,54.70832,56.04463,57.56735,60.44005,57.72348,60.44005,58.46366,64.56005,59.90826,65.51336,62.0967,62.8172,66.4906,61.39218,64.03124,66.09841,63.78871,61.84658,66.76077,66.76077,65.80274,61.68468,66.09841,66.7308,66.48308,64.84597,65.39113,65.30697,65.79514,63.95311,60.82763,65.76473,62.64982,64.66065,64.3506,64.63745,67.42403,64.63745,61.40033,62.62587,61.07373,60.87693,62.28965,62.96825,58.69412,60.1415,61.52235,59.46427
10.0,10.0,10.0,10.0,9.05539,9.05539,9.05539,9.05539,9.05539,9.21954,9.21954,9.21954,9.48683,9.48683,9.48683,9.48683,9.48683,8.544,8.544,8.544,8.544,8.544,8.544,8.544,8.544,8.544,8.24621,8.24621,8.24621,7.07107,7.07107,7.07107,7.07107,7.07107,7.0,6.0,6.0,6.0,6.0,5.0,5.09902,5.09902,4.12311,4.12311,4.12311,3.16228,3.16228,3.16228,3.16228,3.16228,2.23607,2.23607,56.14268,59.21149,53.0,52.00961,58.0,49.0102,56.0357,54.03702,50.35871,48.16638,49.64877,50.35871,49.81967,52.95281,46.57252,46.48656,51.24451,47.43416,44.92215,47.80167,48.08326,46.17359,47.53946,49.39636,45.31004,46.17359,46.48656,47.01064,43.38202,45.88028,45.54119,41.10961,43.01163,40.5216,39.29377,36.87818,39.05125,38.63936,37.12142,35.0571,36.0,33.0,33.01515,29.15476,30.06659,27.65863,26.24881,25.4951,22.13594,21.93171,19.72308,20.59126,20.0,18.78829,17.02939,15.6205,11.6619,45.79301,45.0,46.87217,43.93177,49.81967,50.20956,48.79549,55.17246,55.86591,54.48853,57.28001,55.86591,58.72819,59.46427,57.48913,61.22091,62.62587,64.03124,63.89053,63.25346,63.25346,63.25346,65.94695,70.29225,66.6033,63.70243,65.79514,62.96825,65.8559,64.3506,64.3506,65.06919,65.8559,65.29931,65.8559,66.21933,68.00735,65.45991,64.3506,66.88797,62.26556,66.57327,63.28507,68.47627,63.06346,70.21396,62.16912,60.16644,63.69458,64.84597,65.80274,62.64184,60.44005,61.40033,65.0,59.90826,60.63827
10.29563,10.29563,9.84886,10.29563,9.84886,9.84886,9.84886,9.84886,9.48683,9.48683,9.48683,9.21954,9.21954,9.21954,9.21954,9.21954,9.21954,9.21954,8.24621,8.24621,9.21954,9.21954,8.24621,8.06226,9.21954,8.24621,8.24621,8.544,8.544,8.24621,7.61577,7.61577,7.61577,6.7082,6.7082,6.7082,6.7082,5.83095,6.40312,5.65685,5.65685,5.0,5.0,4.24264,4.24264,4.24264,3.60555,3.60555,3.60555,3.16228,3.16228,3.16228,54.40588,53.60037,51.66237,50.32892,54.56189,47.38143,50.20956,49.57822,51.66237,49.0408,49.81967,49.09175,49.40648,47.41308,48.37355,48.30114,48.30114,48.76474,43.46263,45.17743,47.88528,47.42362,43.65776,42.94182,42.04759,45.61798,44.38468,43.08132,40.8534,44.38468,41.78516,42.04759,40.81666,43.04649,36.71512,38.27532,37.01351,36.23534,34.71311,36.23534,33.30165,31.1127,29.73214,29.73214,29.41088,25.0,24.18677,25.05993,21.9545,19.69772,19.23538,18.78829,15.13275,19.31321,16.12452,14.0,14.03567,43.73786,45.89118,43.18565,45.27693,47.01064,45.09989,48.04165,49.0102,52.15362,52.00961,53.0,54.00926,60.00833,61.0082,60.20797,58.0517,63.3877,59.5399,61.07373,64.93843,60.53098,65.11528,63.07139,62.20129,63.0,61.07373,63.0,62.03225,63.12686,65.0,60.00833,63.07139,62.03225,62.0,64.07027,65.12296,61.81424,64.13267,62.96825,64.28841,63.34824,65.0,63.32456,60.63827,61.68468,60.72891,61.09828,60.40695,62.39391,62.03225,60.83584,58.66856,60.82763,57.98276,59.16925,59.36329,55.56978
9.05539,9.05539,9.05539,8.06226,8.06226,8.0,8.0,8.0,8.06226,8.0,8.06226,8.06226,8.06226,8.06226,7.07107,8.24621,7.28011,7.28011,7.07107,7.07107,7.07107,7.28011,7.07107,7.28011,7.07107,7.28011,7.07107,7.07107,7.07107,6.08276,6.0,6.0,6.0,6.08276,5.0,5.09902,5.09902,4.12311,4.12311,4.12311,4.12311,3.16228,3.60555,3.16228,2.23607,2.82843,2.82843,2.82843,2.23607,2.23607,1.41421,2.23607,56.30275,54.12024,56.32051,54.12947,52.63079,52.17279,51.62364,49.64877,50.15974,51.35173,50.08992,50.24938,50.24938,47.04253,48.04165,45.01111,48.01042,46.09772,47.01064,45.09989,46.52956,47.26521,46.38965,45.09989,46.04346,46.09772,43.18565,43.41659,44.40721,44.28318,44.40721,42.04759,39.05125,41.04875,39.01282,39.05125,41.19466,35.35534,35.17101,35.35534,31.57531,32.28002,29.06888,27.73085,26.40076,23.32381,26.83282,23.70654,23.60085,20.61553,17.02939,19.79899,18.43909,14.42221,14.76482,13.92839,13.0384,44.59821,45.27693,44.59821,47.80167,46.40043,49.40648,50.24938,51.62364,55.07268,51.31277,54.70832,56.60389,59.64059,61.77378,62.26556,59.94164,63.06346,59.05929,60.41523,65.76473,63.06346,65.79514,62.6099,64.88451,63.06346,63.52952,65.0,66.88797,61.40033,66.7308,62.96825,68.50547,62.96825,60.46487,62.68174,68.24954,63.41136,62.36986,64.53681,65.76473,69.31089,62.96825,65.11528,63.25346,61.6198,65.43699,62.62587,60.44005,64.81512,62.80127,63.82006,61.85467,66.03787,57.45433,59.03389,59.94164,61.26989
10.04988,10.0,10.0,10.0,10.0,10.0,10.0,9.05539,10.04988,9.05539,9.05539,9.21954,9.21954,9.21954,9.21954,9.21954,9.21954,9.21954,9.21954,9.21954,8.24621,8.24621,9.21954,8.24621,8.24621,8.06226,8.06226,8.06226,8.06226,8.0,7.0,7.0,7.0,7.0,7.07107,6.08276,6.08276,6.08276,5.09902,5.09902,5.38516,4.47214,4.47214,4.47214,3.60555,3.60555,3.60555,3.60555,2.82843,2.82843,2.82843,2.23607,55.65968,55.31727,57.70615,55.57877,55.44367,51.62364,55.44367,53.03772,53.00943,50.01,49.0102,50.0,51.0098,50.08992,49.25444,50.35871,48.6621,49.64877,49.49747,46.09772,48.83646,46.69047,48.27007,45.12206,45.70558,46.32494,45.39824,48.76474,47.07441,43.93177,42.75512,45.39824,44.28318,43.41659,42.04759,41.04875,38.01316,38.01316,39.05125,37.12142,34.23449,33.24154,32.75668,27.51363,30.08322,25.94224,22.47221,25.63201,24.18677,20.24846,18.60108,18.43909,17.80449,17.20465,16.40122,13.41641,13.41641,45.22168,41.86884,47.38143,48.79549,49.49747,49.49747,48.27007,51.22499,53.41348,52.00961,57.00877,57.00877,58.89822,58.24946,60.21628,57.68882,62.42596,59.36329,59.36329,60.20797,56.30275,64.63745,64.14047,62.20129,61.85467,65.45991,59.20304,64.63745,62.80127,61.22091,62.62587,65.29931,63.89053,61.52235,65.06919,64.3506,63.03174,64.53681,61.07373,61.40033,63.41136,63.00794,63.41136,62.68174,64.3506,60.53924,61.58734,61.58734,64.00781,63.06346,61.7171,57.77543,62.6099,57.00877,59.80803,60.40695,58.5235
10.04988,9.05539,9.05539,9.05539,9.05539,9.21954,9.21954,9.21954,9.21954,8.24621,8.24621,8.544,8.24621,8.544,8.544,8.544,7.61577,8.544,8.544,7.61577,7.61577,7.61577,8.544,7.61577,7.61577,7.61577,7.61577,7.28011,7.28011,7.28011,7.28011,7.07107,6.08276,6.08276,6.08276,6.08276,5.0,5.0,4.0,4.0,4.0,4.12311,4.12311,3.16228,3.16228,3.16228,3.16228,2.23607,2.23607,2.23607,1.41421,1.41421,59.03389,54.12024,54.74486,54.23099,53.23533,53.0,51.0392,54.14795,52.00961,51.08816,49.09175,52.61179,51.35173,48.25971,47.38143,49.24429,50.9902,50.63596,43.93177,47.29693,50.0,46.09772,45.88028,46.57252,49.0408,44.92215,45.35416,45.35416,44.38468,45.60702,46.09772,47.53946,43.73786,41.0,41.59327,36.12478,36.0,36.05551,37.05401,37.01351,33.06055,35.0571,29.27456,30.08322,25.70992,29.12044,28.4605,21.54066,22.82542,20.61553,19.69772,16.64332,15.81139,18.38478,11.40175,14.21267,12.80625,48.79549,46.2277,46.69047,47.43416,49.20366,51.31277,51.0392,52.43091,55.22681,51.61395,56.4358,59.48109,58.66856,61.77378,61.05735,57.24509,60.90156,58.59181,63.06346,60.82763,64.14047,63.13478,64.14047,61.91123,65.73431,64.66065,62.43397,66.57327,59.90826,65.0,65.60488,65.60488,67.47592,65.79514,66.6033,63.12686,65.76473,67.89698,62.96825,64.44377,65.94695,65.29931,65.43699,60.80296,65.21503,63.82006,64.89992,65.76473,62.26556,61.29437,62.64982,60.90156,63.50591,57.27128,57.69749,60.74537,57.87055
10.29563,9.43398,10.0,10.0,10.0,10.0,9.21954,9.21954,9.21954,9.21954,9.21954,9.21954,8.48528,8.48528,8.48528,9.21954,9.21954,9.21954,7.81025,8.60233,7.81025,7.81025,8.48528,7.81025,7.81025,8.48528,8.48528,7.07107,7.07107,7.81025,7.2111,7.2111,6.40312,6.40312,6.7082,6.7082,6.32456,5.38516,5.38516,5.38516,5.09902,5.09902,4.12311,4.0,4.0,4.0,4.0,4.0,3.0,3.16228,3.16228,3.16228,55.36244,57.93962,56.85948,52.55473,56.36488,50.56679,52.47857,51.10773,52.69725,50.47772,51.97115,48.01042,51.31277,48.9183,48.60041,48.83646,49.57822,48.79549,48.10405,48.10405,49.51767,47.38143,44.04543,45.96738,45.27693,47.42362,44.59821,44.59821,46.69047,45.27693,45.96738,45.96738,44.20407,39.62323,39.82462,39.20459,39.40812,36.89173,31.90611,37.12142,34.88553,34.0147,30.67572,29.54657,31.32092,28.79236,26.68333,24.08319,25.01999,21.0238,20.09975,20.02498,18.0,16.27882,17.26268,15.65248,15.81139,45.70558,45.35416,45.88028,48.10405,52.49762,49.98,52.0,51.62364,55.9464,50.69517,54.56189,54.626,58.69412,59.03389,55.4617,59.94164,63.07139,60.82763,58.60034,59.05929,62.17717,64.88451,62.64982,62.24147,62.76942,65.0,62.24147,64.51356,62.62587,62.62587,64.84597,63.24555,62.29767,64.28841,62.64184,65.25335,65.9242,66.09841,63.50591,67.47592,65.37584,66.1211,61.20457,66.18912,64.03124,62.07254,63.0,64.19502,64.07027,63.1981,62.20129,60.67125,61.29437,62.96825,62.36185,60.41523,60.87693
9.21954,9.21954,9.05539,9.21954,9.05539,9.05539,9.0,9.0,9.0,9.0,9.0,9.05539,9.05539,9.05539,8.06226,9.05539,8.06226,8.06226,8.06226,8.06226,8.06226,8.06226,8.24621,8.06226,8.06226,8.06226,7.07107,8.0,8.0,7.0,7.0,7.0,6.0,6.08276,6.0,6.08276,5.09902,5.09902,5.09902,4.47214,4.12311,4.47214,3.60555,3.60555,2.82843,2.82843,2.82843,2.82843,2.23607,2.23607,2.23607,2.23607,56.36488,57.38467,54.42426,55.36244,55.36244,55.71355,52.20153,51.92302,48.50773,51.62364,54.74486,50.63596,52.23983,52.46904,48.09366,50.0,48.04165,48.09366,44.10215,48.01042,52.0,48.01042,44.04543,44.18144,45.01111,45.01111,47.01064,47.16991,44.0,45.17743,44.01136,45.09989,43.10452,42.29657,40.11234,37.48333,37.85499,34.71311,34.17601,36.40055,31.62278,30.46309,33.10589,28.17801,26.07681,26.83282,26.62705,23.43075,22.67157,20.51828,19.84943,18.02776,18.60108,16.64332,15.23155,14.86607,12.08305,43.93177,48.01042,49.40648,48.25971,47.70744,47.70744,51.88449,51.88449,54.12947,53.85165,57.27128,56.35601,60.03332,59.5063,57.00877,59.23681,60.53924,60.92618,61.7414,61.84658,63.15853,65.0,67.1193,63.06346,65.39113,64.88451,64.88451,66.21178,64.41273,65.74192,63.06346,65.8635,64.88451,64.3506,67.95587,65.19202,63.82006,66.8431,63.12686,66.6033,66.70832,66.52819,63.78087,67.17887,65.76473,63.65532,61.6198,61.07373,61.6198,63.78087,60.46487,61.40033,58.82176,58.5235,59.64059,62.43397,61.77378
9.84886,9.84886,10.77033,9.84886,9.84886,9.48683,9.48683,9.48683,9.48683,9.48683,9.48683,9.21954,9.21954,9.21954,9.21954,9.21954,9.05539,9.21954,8.24621,9.21954,8.24621,9.21954,9.21954,8.24621,8.24621,8.24621,8.24621,8.544,7.28011,8.544,7.61577,7.61577,7.61577,6.7082,7.2111,6.7082,5.83095,6.40312,5.65685,5.65685,5.65685,4.24264,5.0,5.0,4.24264,3.60555,3.60555,3.60555,3.16228,3.16228,3.16228,3.16228,56.93856,53.33854,59.5063,55.15433,52.92447,54.42426,52.55473,52.92447,50.92151,54.81788,49.72927,50.80354,50.44799,47.85394,49.0306,50.01,49.81967,48.83646,48.50773,48.37355,52.15362,45.17743,47.09565,47.04253,44.18144,45.09989,42.0119,45.27693,42.19005,47.26521,43.28972,46.17359,42.57934,44.14748,41.4367,43.93177,36.40055,36.40055,36.68787,36.40055,35.4683,32.64966,31.62278,28.6007,28.84441,25.23886,27.01851,22.80351,22.02272,20.0,17.69181,17.69181,18.86796,18.02776,16.55295,14.76482,14.31782,44.40721,45.79301,43.82921,45.65085,45.65085,52.3259,49.1935,50.56679,51.47815,50.56679,51.86521,54.08327,57.38467,58.82176,61.03278,56.32051,61.13101,56.30275,62.76942,63.56886,62.39391,62.29767,58.18935,61.68468,61.35145,64.84597,63.56886,66.85058,61.84658,67.23095,61.26989,65.74192,62.6099,63.63175,61.77378,66.28725,59.36329,66.88797,63.81222,66.57327,70.0,62.00806,67.62396,65.43699,65.29931,62.2254,65.06919,61.6198,64.53681,60.82763,63.03174,65.76473,66.06815,55.44367,59.5483,61.61169,58.60034
10.29563,10.29563,10.29563,9.84886,9.84886,9.84886,9.84886,9.84886,9.48683,9.48683,9.48683,9.48683,9.48683,9.48683,9.21954,9.21954,9.21954,9.21954,8.24621,9.21954,8.24621,9.21954,8.24621,8.06226,8.24621,8.24621,8.24621,8.24621,7.28011,8.24621,7.28011,7.28011,6.7082,6.7082,6.7082,6.7082,5.83095,5.83095,5.0,5.0,5.0,4.24264,4.24264,4.24264,3.60555,2.82843,2.82843,2.82843,2.23607,2.23607,2.23607,2.23607,59.36329,58.24946,56.4358,51.62364,51.47815,50.08992,52.92447,53.31041,52.39275,52.39275,51.26402,51.5461,50.69517,49.0408,49.33559,49.33559,52.39275,48.27007,48.50773,45.39824,51.35173,48.27007,49.81967,46.38965,47.38143,47.09565,47.67599,47.67599,47.85394,44.91102,43.73786,43.41659,41.59327,43.73786,40.26164,42.05948,40.26164,37.94733,36.40055,34.9285,34.0,32.75668,30.52868,31.90611,29.68164,25.45584,24.83948,22.62742,23.02173,20.0,19.41649,18.35756,13.60147,18.35756,11.6619,14.56022,14.03567,43.38202,43.38202,44.77723,47.53946,49.64877,48.33218,48.70318,47.85394,50.69517,51.66237,51.41984,54.12947,56.51548,57.70615,59.43904,57.07013,61.13101,59.68249,61.84658,62.0967,60.87693,62.16912,62.36986,62.36986,60.82763,64.03124,61.84658,64.28841,65.25335,67.72001,61.98387,64.19502,64.84597,65.55151,67.1193,64.2573,62.6099,65.30697,64.84597,64.00781,67.23095,65.0,65.0,64.66065,66.85058,62.68174,63.82006,62.80127,63.03174,61.07373,63.78087,60.10824,62.36986,60.1415,61.52235,62.93648,58.72819
8.94427,8.94427,8.94427,8.544,8.544,8.544,8.544,8.24621,8.24621,8.24621,8.24621,8.24621,8.24621,8.24621,8.06226,8.06226,8.06226,8.06226,8.06226,8.06226,8.06226,8.06226,8.06226,8.06226,8.06226,7.07107,7.07107,7.07107,7.07107,7.07107,6.32456,6.32456,6.32456,5.38516,5.38516,5.38516,5.83095,4.47214,4.47214,4.24264,3.60555,3.60555,4.24264,2.82843,2.82843,2.82843,2.82843,2.23607,2.23607,2.0,2.0,2.0,56.0803,57.38467,55.02727,57.27128,53.60037,51.97115,50.80354,53.15073,52.34501,51.47815,46.38965,51.0392,49.0102,49.0,52.0,49.0102,50.01,47.01064,47.01064,47.26521,49.36598,48.25971,48.37355,47.26521,46.17359,43.56604,47.26521,48.50773,43.01163,45.17743,44.04543,41.10961,43.10452,44.01136,40.11234,36.01389,36.12478,37.21559,37.48333,36.49658,31.7805,32.98485,31.38471,28.79236,25.4951,24.69818,25.4951,24.18677,22.36068,20.0,20.24846,21.40093,19.20937,17.80449,17.20465,10.81665,12.52996,41.7732,46.01087,46.2277,44.04543,49.09175,48.25971,50.21952,52.47857,56.4358,51.97115,56.4358,57.3062,59.16925,61.77378,59.05929,61.77378,63.06346,59.5063,62.6099,61.7171,64.41273,62.76942,62.17717,62.17717,62.16912,65.29931,64.00781,61.29437,62.76942,66.03787,64.07027,67.74216,64.63745,64.2028,68.24954,62.62587,65.8559,65.79514,65.8559,64.3506,67.17887,67.20863,63.78087,63.78087,63.25346,68.00735,63.89053,65.43699,63.60031,63.60031,60.74537,60.41523,59.90826,57.98276,63.13478,59.48109,57.69749
10.0,10.0,10.0,10.0,9.43398,9.43398,9.43398,8.94427,8.94427,8.94427,8.94427,8.94427,8.94427,8.94427,8.94427,8.544,9.48683,8.544,8.544,8.544,8.544,8.544,7.61577,8.544,8.544,8.544,8.544,7.61577,8.06226,7.61577,8.06226,7.2111,7.2111,7.2111,7.2111,6.40312,6.40312,5.65685,5.65685,5.65685,5.65685,5.0,5.0,5.0,4.47214,3.60555,4.47214,4.47214,3.16228,3.16228,3.16228,3.16228,58.0,53.07542,58.25805,56.0803,53.25411,53.60037,51.61395,53.82379,51.0392,52.47857,50.11986,51.47815,51.0,43.46263,46.61545,51.86521,49.98,49.33559,51.62364,45.22168,52.88667,44.27189,50.28916,42.37924,44.92215,45.88028,45.22168,48.50773,47.07441,43.93177,44.72136,41.76123,41.4367,43.08132,40.8534,42.72002,42.54409,37.58989,38.58756,34.98571,31.90611,33.28663,32.64966,30.61046,32.55764,25.4951,26.90725,25.6125,23.02173,22.2036,21.9545,19.72308,19.31321,18.02776,15.52417,15.52417,15.52417,41.10961,43.68066,44.14748,47.85394,45.70558,49.36598,48.37355,50.35871,50.24938,49.49747,53.23533,57.14018,57.42822,58.03447,60.07495,57.0,62.07254,58.00862,62.00806,63.03174,65.00769,61.07373,59.21149,66.1211,63.1981,64.49806,63.3877,65.27634,59.3043,66.61081,60.67125,64.13267,65.51336,65.51336,66.4906,62.58594,61.68468,65.14599,64.84597,65.39113,64.84597,62.03225,67.62396,63.97656,66.18912,63.56099,63.52952,64.49806,61.40033,61.05735,63.51378,61.40033,62.68174,60.80296,61.07373,65.60488,56.22277
9.48683,9.48683,9.48683,8.544,8.94427,8.94427,8.94427,8.94427,8.94427,8.94427,8.60233,8.60233,8.60233,8.60233,8.60233,8.60233,8.60233,8.60233,7.81025,8.60233,8.60233,7.81025,7.81025,7.81025,7.81025,7.81025,7.81025,7.2111,7.2111,7.2111,6.7082,6.7082,6.7082,6.32456,6.32456,6.32456,5.38516,5.09902,5.09902,5.09902,5.09902,4.0,4.0,4.0,4.0,3.16228,3.16228,2.23607,2.23607,2.23607,2.23607,1.41421,51.78803,51.24451,53.15073,50.21952,50.96077,52.88667,50.96077,47.75982,48.76474,48.70318,48.8467,51.62364,50.56679,45.69464,47.42362,47.85394,44.28318,44.29447,43.41659,44.94441,48.25971,47.01064,44.10215,46.87217,41.67733,45.0,44.10215,43.26662,43.41659,43.56604,42.72002,42.94182,42.48529,39.35734,42.15448,37.33631,39.35734,35.4683,35.44009,35.17101,34.20526,32.38827,30.14963,27.07397,24.0,28.07134,24.18677,23.19483,22.56103,21.09502,19.64688,20.39608,15.23155,18.02776,17.20465,17.02939,15.6205,42.05948,40.80441,45.31004,45.61798,47.42362,46.64762,50.08992,47.01064,51.10773,52.7731,53.60037,57.42822,61.29437,57.68882,56.40035,60.80296,58.60034,59.20304,56.40035,63.60031,61.03278,63.00794,62.62587,65.21503,56.85948,62.1289,60.46487,59.81639,63.28507,62.1289,66.24198,61.29437,64.88451,59.5063,62.6099,62.76942,64.51356,64.07808,61.84658,62.76942,61.46544,64.84597,63.60031,65.52099,60.16644,67.46851,62.16912,62.80127,59.84146,62.96825,58.85576,59.68249,55.57877,59.13544,59.07622,56.14268,56.0357
10.44031,10.19804,10.19804,10.19804,10.19804,10.19804,10.04988,10.04988,10.04988,9.05539,10.0,10.0,9.0,9.0,9.0,9.0,9.0,9.0,9.0,9.0,9.0,9.0,9.0,9.05539,9.0,9.0,9.0,8.0,8.0,8.0,8.06226,8.06226,8.06226,7.07107,7.28011,7.28011,7.28011,6.32456,6.32456,5.83095,5.83095,5.83095,5.0,5.0,5.0,4.24264,4.24264,4.24264,3.60555,3.60555,3.60555,3.60555,58.13777,51.88449,50.56679,54.08327,52.88667,51.92302,49.72927,51.24451,46.57252,48.6621,51.62364,51.47815,50.48762,46.27094,48.25971,48.09366,50.0,47.01064,49.0408,46.01087,53.08484,47.01064,45.04442,46.04346,42.0119,47.04253,47.09565,44.10215,43.10452,44.04543,46.01087,44.01136,40.11234,40.0125,43.0,38.11824,38.20995,37.85499,35.90265,34.52535,34.9285,34.17601,31.38471,31.01612,27.73085,27.29469,27.73085,22.47221,22.82542,22.67157,20.0,20.0,18.60108,16.97056,16.64332,18.35756,15.23155,42.0119,42.72002,43.909,44.29447,50.53712,47.01064,49.65884,49.76947,54.23099,52.55473,51.62364,55.36244,58.18935,60.40695,57.58472,59.46427,61.03278,61.03278,58.18935,61.09828,58.18935,64.84597,62.76942,61.68468,63.90618,64.84597,60.40695,63.56099,62.76942,62.24147,61.32699,62.64982,62.17717,62.64982,67.74216,62.76942,64.14047,65.21503,62.80127,65.21503,63.24555,63.89053,64.44377,62.36986,60.82763,66.48308,60.10824,62.93648,60.30755,56.58622,59.66574,59.20304,60.44005,60.0,54.6443,57.42822,57.45433
8.544,8.544,9.48683,9.48683,8.544,8.24621,9.21954,8.24621,8.06226,8.06226,8.06226,9.05539,8.06226,8.06226,8.0,8.0,8.0,8.0,8.0,8.0,8.0,8.0,8.0,8.0,8.0,8.0,7.0,7.0,7.0,7.0,7.07107,6.08276,7.07107,6.08276,6.08276,6.08276,5.38516,5.38516,4.47214,4.47214,4.47214,4.47214,3.60555,3.60555,2.82843,2.82843,2.82843,2.82843,2.23607,2.23607,2.23607,2.23607,56.0803,56.4358,54.12947,50.9902,53.31041,51.26402,50.92151,51.5461,51.24451,52.39275,51.41984,48.50773,50.9902,49.64877,47.16991,49.09175,49.16299,48.0,48.01042,48.0,48.0,46.01087,47.04253,46.01087,46.01087,48.01042,47.0,46.0,47.0,44.04543,43.01163,46.01087,43.04649,41.10961,42.04759,39.62323,39.62323,35.69314,38.83298,36.87818,36.13862,34.20526,28.4605,33.10589,28.63564,27.45906,25.94224,26.07681,24.69818,24.04163,20.0,18.60108,17.20465,16.55295,16.12452,14.56022,13.41641,43.909,46.51881,44.77723,49.0408,51.86521,51.26402,48.76474,53.16014,56.04463,56.51548,57.72348,58.24088,59.77458,64.7611,63.32456,64.32729,64.53681,61.98387,64.03124,63.15061,62.58594,66.48308,58.0517,63.56099,69.26038,67.91171,67.68309,67.72001,65.52099,66.40783,63.90618,62.29767,67.77905,65.79514,66.30988,66.64083,64.49806,66.37017,67.23095,68.7968,66.88797,67.20119,64.3506,66.61081,62.80127,63.41136,64.81512,65.8559,63.25346,60.20797,62.24147,63.65532,61.55485,60.87693,61.84658,58.60034,55.0
9.05539,9.05539,9.21954,9.21954,9.21954,8.24621,8.24621,8.24621,8.544,8.544,8.24621,7.61577,7.61577,7.61577,7.61577,7.61577,7.61577,7.61577,8.06226,7.2111,8.06226,7.2111,8.06226,8.06226,7.61577,7.61577,7.61577,6.7082,6.7082,6.32456,6.32456,6.32456,6.32456,6.08276,6.08276,6.08276,5.0,5.0,5.0,5.0,4.12311,4.12311,4.12311,4.12311,3.16228,3.60555,3.60555,3.60555,2.82843,2.82843,2.82843,2.23607,52.7731,48.37355,56.29387,50.80354,48.27007,50.28916,49.33559,51.5461,49.98,49.0408,47.01064,48.30114,45.17743,45.69464,44.41846,45.79301,47.88528,49.64877,46.64762,44.40721,46.04346,44.10215,46.61545,43.41659,42.2019,45.80393,41.88078,44.82187,43.01163,43.41659,42.43819,43.01163,41.88078,40.80441,35.35534,39.82462,38.91015,37.57659,35.34119,33.24154,31.62278,32.38827,31.04835,32.24903,29.61419,25.31798,26.01922,25.01999,22.2036,22.80351,19.64688,17.08801,18.78829,17.08801,15.26434,17.49286,14.21267,43.32436,43.65776,44.94441,47.41308,45.69464,47.41308,46.64762,50.11986,52.15362,51.62364,55.07268,56.93856,57.14018,59.68249,59.90826,57.42822,64.63745,61.03278,63.51378,61.40033,63.82006,64.63745,62.20129,63.82006,62.68174,64.3506,65.73431,66.28725,61.29437,67.23095,60.90156,66.64833,64.41273,64.41273,66.21178,61.7414,61.84658,64.2573,61.98387,63.89053,65.45991,65.73431,66.21933,63.56099,63.34824,60.82763,62.80127,60.20797,62.80127,58.54912,61.13101,59.21149,61.07373,54.00926,63.0,62.00806,59.0
11.04536,10.0,10.0,10.0,10.04988,10.04988,10.04988,10.04988,9.05539,9.21954,9.05539,9.05539,9.21954,9.21954,9.21954,9.21954,9.21954,9.21954,9.48683,9.48683,9.48683,8.544,9.21954,9.48683,8.24621,8.24621,8.24621,9.21954,8.24621,8.06226,8.06226,8.06226,8.06226,7.07107,7.0,7.0,6.08276,6.08276,6.08276,6.08276,5.09902,5.09902,5.09902,4.47214,4.47214,4.47214,3.60555,3.60555,3.60555,3.60555,2.82843,2.82843,58.69412,50.21952,58.69412,49.36598,48.50773,51.15662,50.08992,54.08327,46.01087,48.09366,51.0392,48.01042,51.0098,46.04346,47.09565,49.0408,48.16638,49.81967,46.87217,42.75512,48.83646,43.56604,49.24429,47.85394,44.38468,45.12206,43.73786,46.87217,42.2019,43.17407,43.93177,45.70558,43.56604,44.28318,39.31921,38.01316,43.18565,40.0,37.12142,35.35534,34.52535,33.54102,32.38827,32.01562,29.12044,25.63201,26.40076,25.07987,26.83282,23.02173,19.41649,20.24846,18.02776,16.27882,15.6205,16.64332,13.60147,40.45986,45.45327,42.52058,46.66905,43.84062,48.10405,47.38143,49.81967,51.08816,48.9183,54.03702,53.8145,58.41233,57.80138,59.64059,55.22681,62.68174,59.07622,60.0,61.85467,59.64059,65.51336,58.83026,63.00794,59.90826,62.20129,63.82006,64.40497,62.62587,63.60031,55.97321,66.6033,63.12686,62.93648,62.93648,62.96825,60.1415,63.70243,64.44377,62.36986,65.29931,60.0,63.25346,61.85467,62.68174,61.91123,62.96825,60.90156,60.82763,55.56978,60.82763,59.5063,60.37384,54.23099,59.09315,58.87274,58.5235
8.544,8.24621,8.24621,8.24621,9.21954,8.24621,8.06226,8.06226,8.06226,8.0,8.06226,8.0,8.0,8.0,7.0,8.0,8.06226,7.07107,7.07107,7.07107,7.07107,7.07107,7.07107,7.07107,7.07107,7.0,7.0,7.0,7.0,7.0,6.0,6.0,6.08276,6.08276,6.08276,5.38516,5.38516,5.38516,5.38516,4.47214,4.47214,3.60555,3.60555,4.24264,4.24264,3.60555,3.60555,3.60555,3.60555,3.16228,3.16228,3.0,53.85165,53.85165,50.53712,52.55473,53.31041,49.24429,51.62364,50.28916,51.66237,49.33559,47.85394,48.83646,48.50773,48.83646,45.89118,45.54119,46.52956,44.18144,45.09989,46.01087,46.01087,46.01087,44.18144,47.16991,42.0119,41.0,45.01111,44.01136,47.01064,45.0,41.04875,40.0125,42.0,41.04875,40.1995,37.48333,40.4475,38.32754,36.87818,35.90265,35.44009,31.7805,34.53983,31.95309,30.08322,26.41969,25.94224,23.02173,22.80351,21.63331,19.84943,19.10497,22.02272,19.10497,18.43909,14.86607,16.49242,43.82921,44.38468,47.01064,46.17359,49.0408,48.38388,49.72927,53.45091,52.20153,53.36666,53.93515,55.9017,60.01666,60.01666,60.01666,59.22837,61.0,62.80127,60.82763,61.0,62.16912,62.36986,64.13267,61.81424,62.96825,63.34824,63.34824,64.03124,64.84597,63.56886,61.68468,62.62587,60.74537,63.15853,64.88451,63.06346,64.84597,60.83584,65.30697,63.13478,63.13478,64.89992,63.00794,64.40497,60.21628,66.46804,62.36986,60.82763,60.82763,66.52819,58.0,57.98276,59.46427,61.55485,59.5483,55.60576,56.40035
9.48683,9.48683,9.84886,9.84886,9.84886,8.94427,8.94427,8.94427,9.43398,8.94427,8.94427,9.43398,9.43398,8.60233,8.60233,8.60233,8.60233,8.60233,9.21954,8.48528,8.48528,9.21954,8.60233,8.60233,8.60233,8.60233,8.60233,8.60233,8.60233,8.06226,8.06226,7.2111,6.7082,6.7082,6.7082,6.32456,6.32456,6.32456,6.08276,5.09902,5.09902,5.09902,5.09902,4.0,4.0,4.0,4.0,4.0,3.0,3.16228,3.16228,2.23607,55.7315,54.34151,54.34151,54.12024,52.20153,52.55473,54.23099,54.78138,52.0,51.89412,50.15974,51.47815,51.0,49.73932,49.1935,47.70744,50.24938,49.24429,46.87217,49.64877,46.61545,45.60702,48.01042,47.01064,48.25971,47.20169,47.20169,51.08816,45.34314,45.60702,44.40721,43.82921,45.22168,43.909,41.18252,42.94182,41.14608,39.0,38.48376,37.33631,34.48188,32.28002,33.52611,31.57531,32.55764,28.44293,28.07134,29.0,24.33105,22.09072,21.58703,18.11077,21.18962,21.18962,17.0,14.86607,15.81139,42.2019,43.32436,45.54119,50.92151,50.69517,50.9902,50.56679,51.0,50.60632,56.79789,57.3062,57.45433,55.9464,57.80138,61.40033,62.96825,63.28507,62.42596,61.85467,62.1289,65.73431,64.89992,64.3506,66.88797,61.61169,66.88797,61.91123,62.64982,68.09552,68.0,61.77378,65.36819,62.6099,64.07808,67.1193,62.24147,65.55151,64.19502,64.84597,65.25335,64.28841,66.21933,63.06346,68.65858,61.98387,65.49046,63.50591,62.514,60.13319,64.19502,61.29437,59.0,57.0,63.0,60.0,60.13319,58.07753
9.84886,9.43398,8.94427,9.43398,9.43398,9.43398,9.43398,8.60233,8.60233,8.60233,8.60233,9.21954,8.48528,8.48528,8.48528,8.48528,8.48528,7.81025,8.48528,8.48528,7.81025,8.48528,8.48528,7.81025,7.81025,8.48528,7.81025,7.81025,7.81025,7.81025,7.2111,7.2111,7.2111,6.7082,6.7082,6.7082,6.7082,5.38516,5.09902,5.09902,5.09902,5.0,5.0,5.0,4.0,4.0,4.12311,4.12311,3.16228,3.16228,3.16228,3.60555,54.57105,52.49762,55.4617,53.31041,53.66563,53.66563,47.50789,51.47815,46.87217,48.25971,48.8774,50.0,47.80167,46.2277,45.96738,46.8615,45.96738,46.69047,46.69047,45.25483,47.38143,47.38143,44.04543,46.69047,45.25483,44.55334,45.27693,39.82462,43.18565,43.86342,44.68781,44.55334,43.13931,40.31129,43.18565,37.01351,38.60052,38.60052,37.73592,37.12142,35.35534,34.43835,31.38471,29.15476,29.73214,28.63564,28.44293,24.73863,23.19483,24.02082,20.0,22.09072,17.02939,17.26268,18.02776,18.38478,15.23155,46.09772,45.70558,43.73786,48.76474,47.51842,50.28916,50.69517,52.88667,55.36244,54.70832,55.36244,59.13544,58.82176,60.40695,62.96825,60.83584,62.24147,60.53924,61.46544,62.16912,62.16912,65.29931,63.15853,65.79514,63.07139,64.51356,64.84597,65.19202,61.03278,65.45991,59.80803,66.21933,64.19502,63.89053,63.89053,65.96969,61.0,64.62971,63.63961,66.27217,66.37017,62.20129,65.27634,67.06713,63.00794,62.1289,63.07139,64.00781,64.12488,60.07495,60.67125,61.66036,61.40033,59.03389,58.69412,58.85576,53.60037
9.43398,9.43398,9.43398,9.43398,10.0,8.60233,9.21954,9.21954,8.48528,8.48528,8.48528,8.48528,8.48528,8.48528,7.81025,8.60233,8.60233,7.81025,8.60233,7.81025,7.81025,7.81025,7.81025,7.81025,7.81025,7.81025,7.81025,7.07107,7.07107,7.07107,7.07107,6.40312,6.40312,6.40312,7.2111,6.7082,5.83095,5.38516,5.38516,5.38516,5.38516,5.09902,4.12311,5.09902,4.0,4.0,4.0,4.12311,3.16228,3.16228,3.16228,3.16228,53.66563,52.83938,53.25411,51.40039,49.09175,52.15362,49.20366,52.00961,51.08816,51.73973,45.96738,44.68781,50.20956,45.27693,46.69047,46.2277,45.45327,44.82187,48.82622,45.60702,50.21952,42.43819,43.909,44.29447,39.11521,45.79301,42.72002,45.22168,43.04649,43.82921,44.82187,45.60702,39.05125,41.88078,40.36087,41.03657,38.8973,37.48333,37.48333,36.23534,34.82815,37.21559,30.80584,30.52868,29.52965,26.57066,27.51363,23.76973,22.80351,22.56103,20.0,20.02498,19.23538,17.11724,15.13275,14.31782,16.76305,42.04759,45.01111,43.01163,48.16638,47.09565,52.46904,52.46904,54.23099,55.57877,52.95281,55.08176,56.08921,59.90826,57.72348,62.58594,57.72348,63.32456,60.44005,63.60031,59.20304,64.53681,65.0,59.90826,63.32456,65.80274,65.0,63.32456,65.30697,61.39218,64.13267,63.15061,67.74216,62.39391,61.20457,64.12488,64.28063,63.07139,66.0303,65.03076,63.00794,64.07027,63.1981,68.35934,61.40033,64.49806,64.7611,62.8172,62.0967,60.87693,55.7853,62.16912,61.13101,59.48109,55.02727,61.68468,60.16644,54.78138
9.43398,10.29563,9.84886,9.84886,9.84886,9.84886,9.48683,9.48683,9.48683,9.48683,9.48683,9.48683,9.21954,9.21954,9.21954,9.21954,9.21954,9.21954,9.05539,9.05539,9.05539,9.05539,9.21954,8.06226,8.24621,8.24621,8.24621,8.24621,8.24621,8.24621,7.28011,7.61577,7.28011,7.61577,6.7082,6.7082,6.40312,5.83095,5.0,5.0,5.0,4.24264,4.24264,4.24264,3.60555,3.60555,3.60555,3.60555,2.23607,2.23607,2.23607,2.23607,51.66237,55.22681,53.2635,53.25411,55.0,57.2014,55.47071,47.70744,53.33854,50.11986,47.01064,50.9902,50.53712,45.61798,44.77723,48.8467,51.5461,49.64877,46.32494,50.28916,47.80167,45.22168,45.12206,47.29693,42.72002,48.08326,47.12749,47.07441,45.89118,43.41659,45.54119,44.27189,43.41659,41.78516,41.14608,39.56008,40.31129,40.24922,38.91015,36.35932,35.51056,35.60899,31.241,33.97058,29.0,28.30194,28.84441,26.24881,24.41311,22.82542,19.31321,19.69772,19.69772,17.72005,16.49242,17.11724,18.11077,43.08132,47.53946,47.53946,49.0306,49.0306,50.01,50.80354,55.22681,55.3263,53.23533,56.14268,59.07622,62.1289,62.07254,59.21149,62.03225,62.03225,62.00806,64.03124,62.00806,64.03124,67.0,66.00758,65.00769,61.03278,66.1211,66.1211,66.27217,61.13101,63.28507,65.27634,62.80127,61.98387,65.76473,64.53681,61.18823,65.96969,63.32456,64.84597,65.19202,65.45991,63.07139,65.14599,63.56099,63.50591,63.97656,65.30697,61.29437,62.76942,62.76942,60.20797,62.43397,64.66065,58.24946,59.64059,61.61169,58.00862
8.48528,8.48528,8.48528,8.48528,8.48528,7.81025,7.81025,7.81025,7.81025,8.06226,8.06226,8.06226,8.06226,8.06226,8.06226,7.61577,7.61577,7.61577,7.61577,7.61577,7.61577,7.61577,7.61577,7.61577,7.61577,7.61577,6.7082,6.7082,6.7082,6.7082,6.40312,6.40312,6.40312,6.40312,5.65685,5.65685,5.65685,5.65685,5.0,5.0,3.60555,3.60555,4.47214,3.16228,3.16228,3.0,3.0,3.0,3.0,3.0,2.0,2.23607,54.20332,52.69725,51.61395,49.64877,48.27007,50.9902,53.07542,50.24938,45.96738,48.79549,46.09772,48.27007,51.40039,45.0,45.80393,48.02083,46.14109,48.8774,44.29447,42.48529,47.85394,44.77723,46.95743,45.65085,43.38202,45.61798,45.61798,44.72136,42.54409,42.48529,44.29447,47.85394,40.31129,43.41659,39.82462,40.80441,38.27532,38.01316,37.01351,34.71311,33.94113,32.52691,33.30165,31.89044,30.0,28.01785,26.41969,26.83282,20.59126,20.24846,19.92486,20.61553,18.97367,17.11724,16.03122,13.0384,15.0333,45.17743,46.52956,44.72136,51.1957,49.81967,51.41984,51.92302,55.08176,55.7853,52.88667,57.87055,61.40033,61.98387,63.56886,61.98387,62.62587,66.48308,62.62587,67.05222,62.03225,64.56005,66.12866,65.78754,65.14599,64.51356,65.78754,64.56005,68.96376,63.06346,65.25335,59.66574,67.46851,64.13267,63.50591,64.49806,64.28063,63.07139,64.07027,64.07027,69.00725,69.06519,65.19202,65.49046,64.38167,65.37584,63.34824,65.30697,64.32729,63.56099,58.46366,62.0967,64.56005,63.89053,55.71355,61.46544,61.09828,59.09315
8.94427,8.94427,8.94427,8.94427,8.544,8.544,8.544,8.544,8.24621,8.24621,8.24621,9.21954,8.24621,8.06226,8.06226,8.06226,8.06226,8.06226,8.06226,8.06226,8.06226,8.06226,8.06226,8.06226,8.06226,8.06226,8.06226,8.06226,8.06226,7.28011,7.28011,7.28011,7.28011,6.32456,6.7082,5.83095,5.83095,5.38516,5.0,5.0,5.0,5.0,3.60555,3.60555,4.24264,2.82843,2.82843,2.82843,2.82843,2.23607,2.23607,2.23607,55.60576,54.40588,51.61395,51.0392,53.0,51.31277,51.97115,52.83938,49.64877,50.9902,51.89412,48.46648,48.8467,47.80167,45.88028,47.43416,47.53946,47.29693,45.88028,43.93177,47.53946,44.14748,48.50773,47.67599,45.89118,44.14748,46.09772,45.89118,43.56604,46.87217,45.35416,44.64303,41.48494,44.14748,40.80441,42.05948,37.94733,37.33631,35.8469,37.12142,33.83785,32.20248,31.06445,29.15476,29.06888,28.42534,26.1725,24.75884,23.02173,21.26029,17.88854,18.86796,19.72308,16.15549,15.52417,14.31782,12.16553,44.29447,47.53946,46.09772,52.20153,48.70318,49.64877,50.28916,51.66237,54.57105,55.10898,56.29387,59.22837,58.46366,62.16912,63.15061,59.68249,65.9242,62.39391,63.78871,63.50591,64.93843,64.77654,63.63961,66.75328,63.63961,63.63961,63.63961,64.13267,62.96825,65.51336,62.36986,64.28841,65.0,64.62198,68.30813,61.98387,62.76942,62.39391,64.88451,62.6099,62.6099,63.95311,67.1193,60.41523,63.13478,61.58734,62.1289,63.00794,61.40033,60.60528,60.44005,60.44005,62.482,55.80323,57.31492,59.46427,57.28001
9.43398,9.43398,9.43398,9.43398,8.60233,10.0,9.21954,9.21954,9.21954,7.81025,8.48528,8.48528,8.48528,8.48528,8.48528,9.21954,8.60233,7.81025,8.60233,7.81025,7.81025,7.81025,7.81025,7.81025,7.81025,7.81025,7.81025,7.07107,7.07107,7.07107,7.81025,7.81025,7.2111,6.40312,6.7082,6.7082,6.7082,5.38516,5.38516,5.38516,5.09902,5.09902,5.09902,5.0,4.0,4.0,4.0,4.12311,3.16228,3.16228,3.16228,3.16228,56.35601,54.78138,54.12024,55.47071,51.0,52.35456,49.64877,50.21952,50.0,49.81967,47.80167,47.80167,47.42362,44.04543,48.27007,45.25483,47.38143,44.55334,46.69047,46.09772,45.45327,46.75468,44.04543,43.41659,43.41659,45.60702,44.82187,44.04543,44.20407,44.68781,42.44997,43.18565,41.01219,41.03657,41.72529,38.8973,38.8973,36.87818,34.4093,37.58989,35.34119,31.7805,33.10589,30.88689,27.20294,30.08322,26.68333,24.08319,24.02082,20.39608,25.01999,20.02498,20.09975,17.11724,15.29706,16.49242,16.15549,44.01136,46.01087,47.09565,48.16638,50.80354,51.78803,50.01,53.15073,53.93515,55.31727,60.08328,60.72891,60.72891,59.46427,62.64184,61.40033,64.51356,62.96825,61.98387,62.03225,58.87274,64.84597,62.64184,67.6757,65.19202,62.29767,65.14599,63.60031,66.21933,64.7611,61.61169,64.03124,66.09841,63.78871,64.93843,67.36468,66.27217,66.18912,66.18912,65.00769,65.03076,65.00769,62.00806,63.03174,64.07027,62.64982,64.19502,64.49806,63.95311,62.64982,61.39218,61.18823,62.36986,61.61169,61.40033,60.16644,58.82176
8.544,8.544,8.24621,9.48683,8.24621,8.24621,8.06226,8.06226,8.06226,8.06226,8.06226,8.06226,8.0,7.0,8.0,8.0,8.0,7.0,7.07107,7.07107,7.0,7.07107,7.0,7.0,7.0,7.0,7.0,7.07107,7.07107,6.08276,6.08276,6.08276,6.08276,6.32456,5.38516,5.38516,5.83095,5.0,5.0,5.0,4.24264,4.24264,4.24264,4.24264,3.60555,3.60555,3.60555,3.16228,3.16228,3.16228,3.0,3.0,53.85165,51.86521,54.40588,52.63079,52.49762,51.66237,48.50773,52.88667,51.41984,47.67599,47.16991,46.09772,45.04442,45.09989,47.16991,47.38143,48.0,44.01136,45.01111,45.04442,47.09565,44.04543,47.09565,46.87217,42.42641,44.18144,44.01136,44.18144,44.04543,43.18565,42.10701,42.04759,40.0125,42.04759,39.20459,39.11521,41.10961,38.20995,37.33631,35.51056,33.61547,29.73214,32.20248,26.83282,23.70654,27.01851,29.41088,25.0,22.02272,22.02272,21.26029,21.40093,20.51828,17.69181,17.0,14.31782,15.13275,47.01064,45.27693,46.09772,48.83646,49.49747,52.49762,55.17246,53.41348,56.22277,56.22277,59.64059,59.20304,61.58734,59.07622,61.58734,61.40033,63.28507,61.05735,66.03787,65.51336,63.51378,64.14047,65.51336,68.47627,64.49806,64.14047,63.63175,61.05735,64.07027,63.51378,65.0,65.60488,65.0,64.66065,67.94115,66.6033,65.11528,68.11755,65.79514,65.05382,65.06919,66.06815,65.8559,67.62396,61.84658,68.00735,65.73431,64.66065,61.58734,62.68174,64.40497,60.20797,61.29437,60.20797,61.77378,55.9464,63.50591
9.48683,9.84886,9.48683,8.544,9.84886,8.94427,8.94427,8.94427,8.94427,8.06226,9.43398,8.60233,8.60233,8.60233,8.60233,8.60233,7.81025,8.60233,7.81025,7.81025,7.81025,7.81025,7.81025,7.81025,7.81025,7.81025,8.60233,7.2111,7.2111,8.06226,7.2111,6.7082,6.7082,6.7082,7.28011,6.32456,6.32456,6.08276,5.09902,5.09902,5.0,5.0,5.0,5.0,4.12311,4.12311,4.12311,4.12311,3.16228,3.16228,3.16228,3.60555,55.03635,54.14795,51.78803,53.23533,52.34501,50.63596,51.62364,49.24429,52.20153,46.09772,50.59644,48.70318,49.98,46.09772,44.94441,47.42362,45.18849,42.72002,46.52956,46.51881,47.01064,45.17743,42.54409,46.04346,44.29447,44.40721,45.79301,43.04649,43.56604,42.48529,41.59327,45.17743,41.59327,40.31129,42.54409,38.48376,37.57659,35.34119,34.78505,37.64306,36.13862,34.23449,29.06888,31.06445,29.15476,29.0,26.30589,24.18677,21.37756,23.34524,22.56103,19.92486,18.02776,16.12452,16.12452,18.43909,15.55635,43.82921,45.17743,48.30114,48.37355,50.60632,48.01042,51.62364,51.61395,56.61272,55.80323,54.48853,57.38467,60.959,61.55485,63.78087,62.96825,60.87693,64.3506,61.6198,61.84658,65.29931,63.78087,65.29931,62.2254,63.65532,68.11755,63.65532,63.41136,66.4003,64.03124,63.24555,61.03278,61.03278,61.77378,66.64833,64.84597,64.49806,64.84597,65.74192,62.17717,61.84658,66.48308,63.32456,66.7308,63.90618,62.8172,62.0967,64.32729,64.93843,65.30697,62.64184,63.34824,60.01666,58.85576,57.87055,57.21888,59.21149
10.0,10.0,9.21954,9.21954,9.21954,8.48528,9.21954,9.21954,9.21954,8.48528,9.21954,8.60233,8.60233,8.60233,8.60233,8.60233,8.60233,8.60233,8.06226,8.06226,8.06226,8.06226,8.60233,8.06226,8.06226,8.60233,7.81025,7.81025,7.81025,7.81025,7.07107,7.07107,7.07107,6.40312,7.2111,6.40312,6.7082,5.38516,5.38516,5.38516,5.38516,5.09902,4.12311,4.12311,4.0,4.0,4.0,4.0,3.16228,3.16228,3.16228,3.16228,53.66563,53.53504,51.22499,53.25411,51.86521,50.32892,50.44799,48.9183,47.38143,46.75468,45.96738,47.38143,49.57822,46.8615,44.68781,46.40043,48.54894,44.65423,45.48626,43.60046,46.40043,43.82921,45.48626,42.72002,43.26662,44.40721,45.80393,44.77723,41.34005,46.61545,45.48626,43.27817,41.86884,43.27817,39.62323,36.79674,38.28838,36.79674,35.4683,33.83785,36.89173,29.68164,32.24903,29.52965,28.63564,26.40076,26.07681,22.56103,23.02173,22.0,22.09072,22.0,20.02498,17.72005,16.27882,15.13275,16.15549,43.32436,46.32494,47.85394,48.50773,49.81967,49.64877,51.24451,53.03772,58.03447,56.14268,59.07622,57.03508,58.00862,60.03332,65.03076,62.39391,67.26812,62.20129,65.06919,60.29925,62.39391,65.49046,62.28965,64.12488,65.06919,64.07027,64.07027,65.03076,61.07373,65.00769,63.0,63.00794,62.0,63.03174,66.0303,64.03124,62.39391,66.37017,64.13267,64.32729,66.09841,65.0,67.46851,64.7611,61.68468,67.06713,62.64184,62.64184,63.24555,59.46427,59.61543,63.15853,62.96825,57.93962,58.69412,59.5063,58.69412
9.21954,9.48683,9.48683,8.544,8.544,8.544,8.94427,8.94427,8.06226,8.06226,8.06226,8.60233,8.06226,8.06226,8.06226,8.60233,8.60233,8.60233,7.81025,8.60233,7.2111,8.60233,8.60233,7.81025,7.81025,7.81025,8.06226,8.06226,6.7082,7.61577,6.7082,6.7082,6.32456,6.32456,6.32456,6.32456,5.09902,5.09902,5.09902,4.0,5.0,4.0,4.0,4.0,3.16228,3.16228,3.16228,2.23607,2.23607,2.23607,2.23607,1.41421,52.08647,50.03998,52.46904,50.63596,48.6621,50.48762,47.29693,49.0306,47.29693,49.0408,47.43416,48.46648,45.54119,46.09772,47.75982,42.94182,44.77723,44.28318,44.41846,42.05948,46.14109,43.909,45.22168,41.88078,43.56604,43.56604,42.19005,44.72136,40.70626,43.909,41.67733,42.54409,39.82462,40.71855,38.48376,40.16217,35.8469,36.24914,33.83785,35.17101,35.17101,34.1321,28.28427,27.0,29.0,25.17936,25.17936,23.76973,25.31798,20.61553,20.39608,18.97367,15.26434,15.65248,14.14214,15.81139,13.45362,45.31004,47.16991,43.46263,50.53712,44.72136,51.42956,50.11986,51.0,52.69725,51.61395,55.21775,57.00877,59.07622,57.62812,58.41233,61.22091,64.66065,62.62587,66.06815,61.22091,64.81512,64.66065,61.84658,64.53681,61.7171,63.60031,60.30755,61.61169,62.42596,65.21503,58.30952,64.3506,65.36819,60.82763,62.64982,61.7414,61.32699,62.6099,64.07808,61.84658,62.62587,63.89053,65.78754,62.64184,66.76077,67.68309,64.7611,62.96825,61.39218,58.0517,58.46366,60.20797,61.52235,58.54912,57.07013,58.13777,56.0803
10.04988,10.0,9.0,9.0,9.0,9.05539,9.05539,9.05539,9.05539,9.05539,9.05539,9.21954,9.21954,8.24621,8.24621,8.544,8.544,8.544,8.544,8.544,8.544,8.544,8.544,8.24621,8.24621,8.24621,8.544,8.24621,8.24621,7.28011,7.07107,7.07107,7.07107,7.07107,7.07107,7.0,7.0,6.08276,6.08276,5.09902,5.09902,5.09902,5.09902,4.12311,4.47214,4.47214,4.47214,3.60555,3.60555,3.60555,3.60555,2.82843,54.91812,55.44367,53.23533,56.0357,55.03635,49.0102,53.00943,50.03998,50.08992,46.38965,50.48762,45.54119,50.01,49.81967,49.47727,48.08326,47.80167,48.08326,45.54119,49.98,46.23851,49.0408,46.23851,44.94441,44.01136,44.94441,47.12749,44.77723,42.37924,46.61545,43.08132,41.4367,44.92215,37.0,45.35416,36.67424,39.81206,38.20995,37.05401,37.05401,37.05401,34.05877,32.06244,29.06888,28.44293,29.27456,27.45906,27.20294,25.07987,24.73863,23.76973,23.32381,21.09502,19.10497,15.6205,16.97056,16.40122,45.79301,43.93177,49.40648,46.75468,52.3259,49.51767,51.66237,54.56189,55.9017,60.20797,60.30755,57.48913,60.87693,63.25346,60.0,64.03124,61.22091,66.4003,62.00806,64.40497,63.24555,65.0,65.60488,64.40497,64.40497,65.11528,63.89053,63.03174,68.0147,61.55485,65.79514,61.55485,61.52235,65.79514,63.70243,67.47592,69.6563,65.80274,64.89992,65.73431,62.42596,69.46222,65.19202,68.09552,58.66856,69.83552,65.30697,64.07808,63.97656,67.54258,60.41523,64.84597,62.29767,62.93648,63.89053,57.87055,63.32456
9.43398,9.43398,8.60233,8.60233,8.60233,8.60233,9.21954,8.60233,8.48528,7.81025,8.48528,8.48528,8.48528,8.48528,7.81025,7.81025,7.81025,7.81025,7.81025,7.81025,7.81025,7.2111,7.81025,7.81025,7.81025,7.81025,7.81025,7.07107,7.07107,7.07107,7.07107,7.07107,6.40312,6.40312,7.2111,6.7082,6.7082,5.38516,5.38516,5.38516,5.09902,5.09902,5.09902,4.12311,4.0,4.0,4.0,4.0,3.0,3.16228,3.16228,3.16228,55.44367,53.90733,53.41348,51.40039,51.62364,48.83646,50.93133,51.62364,50.9902,49.0408,48.01042,47.70744,47.70744,46.32494,47.16991,47.41308,47.88528,44.72136,45.61798,48.30114,45.61798,46.61545,44.77723,45.22168,45.31004,45.88028,46.23851,47.16991,44.77723,44.77723,42.48529,43.86342,40.70626,43.08132,43.82921,39.96248,39.44617,37.73592,38.27532,36.12478,36.12478,33.97058,31.89044,28.42534,28.3196,29.20616,24.41311,25.23886,25.94224,25.07987,20.61553,19.64688,19.41649,18.68154,15.13275,18.02776,16.12452,44.18144,46.04346,49.0102,52.03845,51.0392,52.34501,52.23983,54.08327,55.44367,56.32051,59.5399,60.67125,61.81424,62.8172,60.41523,64.53681,66.09841,67.18631,64.53681,65.30697,64.13267,68.06614,67.26812,64.93843,64.53681,67.60178,63.95311,68.46897,63.63961,65.12296,62.28965,63.12686,64.03124,65.03076,65.03076,66.27217,66.06815,68.18358,65.12296,67.74216,65.62012,66.28725,62.96825,64.03124,66.21933,64.19502,64.19502,65.55151,64.51356,64.2573,60.53924,65.0,62.96825,58.18075,60.82763,62.17717,60.37384
9.21954,9.21954,8.48528,9.21954,8.48528,9.21954,9.21954,8.60233,8.60233,8.60233,8.60233,8.60233,8.60233,8.06226,8.06226,8.06226,8.94427,8.06226,8.06226,7.61577,7.61577,7.61577,8.06226,8.06226,8.06226,8.06226,8.06226,7.2111,7.2111,7.2111,7.2111,6.40312,6.40312,6.40312,5.65685,5.65685,5.83095,5.0,5.0,4.47214,4.47214,4.47214,3.60555,4.47214,3.16228,3.16228,3.16228,2.23607,2.0,2.0,2.0,2.0,53.2635,53.85165,53.90733,55.44367,49.20366,52.63079,51.66237,50.24938,50.20956,51.66237,51.08816,50.80354,49.40648,45.60702,50.80354,48.25971,46.04346,45.79301,45.79301,46.14109,50.11986,47.70744,46.51881,46.61545,42.04759,43.38202,46.64762,43.82921,45.61798,41.18252,44.41846,47.70744,41.88078,41.34005,40.80441,40.80441,39.82462,41.40048,38.94868,35.38361,34.05877,36.61967,29.41088,31.38471,28.01785,28.17801,25.0,21.54066,22.47221,23.4094,19.23538,19.23538,19.41649,18.02776,14.14214,13.15295,13.92839,43.41659,46.09772,46.09772,50.63596,47.38143,49.36598,52.08647,51.0392,53.03772,53.0,57.03508,60.03332,57.03508,60.07495,59.13544,60.29925,66.27217,63.63961,62.39391,62.20129,62.39391,63.28507,65.27634,62.64982,67.74216,67.18631,60.40695,65.12296,65.0,64.00781,61.03278,64.03124,65.03076,61.13101,62.28965,61.29437,59.5399,65.49046,62.96825,61.81424,64.53681,64.56005,65.0,63.34824,64.28841,65.19202,62.29767,62.96825,62.39391,61.46544,61.46544,60.16644,61.46544,60.41523,61.32699,60.37384,55.56978
8.544,8.24621,8.24621,8.544,8.24621,8.24621,8.06226,8.06226,8.06226,8.06226,8.0,8.0,8.0,8.0,8.0,8.0,8.0,8.06226,8.0,8.0,8.0,8.0,8.06226,8.06226,8.0,8.0,7.0,7.0,7.07107,7.0,7.07107,6.08276,6.08276,6.08276,6.32456,5.38516,5.38516,4.47214,4.47214,4.47214,3.60555,3.60555,3.60555,3.60555,2.82843,2.82843,2.82843,2.23607,2.23607,2.23607,2.23607,2.0,52.00961,53.25411,51.08816,54.20332,54.20332,50.53712,46.95743,49.24429,47.42362,48.10405,49.98,48.70318,47.16991,46.32494,46.09772,48.6621,47.67599,41.59327,44.55334,47.51842,45.27693,46.38965,45.09989,45.39824,41.10961,44.55334,48.04165,47.38143,44.72136,44.10215,44.10215,41.30375,42.29657,43.9659,41.48494,39.84972,39.56008,38.07887,35.8469,34.43835,35.77709,34.0,32.75668,30.52868,26.92582,25.4951,25.6125,25.4951,21.93171,21.63331,21.40093,19.84943,16.15549,18.35756,13.41641,15.23155,13.34166,44.94441,43.86342,48.46648,47.75982,51.86521,50.96077,52.88667,52.88667,53.36666,53.93515,56.51548,59.43904,60.41523,62.0967,61.39218,64.62971,64.77654,63.63961,63.78871,64.28063,61.29437,66.75328,64.93843,64.62971,64.62971,64.03124,62.16912,66.28725,61.18823,63.78871,64.56005,65.25335,64.28841,62.64184,65.45991,62.96825,63.15853,66.64833,64.40497,64.00781,64.4748,63.81222,63.28507,63.28507,63.81222,67.41662,64.89992,61.03278,63.00794,64.03124,60.30755,62.36986,60.60528,55.31727,60.10824,60.1415,60.87693
8.06226,8.94427,8.06226,8.94427,7.61577,7.61577,8.544,8.24621,7.61577,8.24621,7.28011,8.24621,8.24621,8.06226,8.24621,8.06226,8.06226,8.06226,8.06226,8.06226,8.06226,8.06226,7.07107,8.0,8.06226,7.07107,7.07107,7.07107,7.28011,6.32456,6.32456,6.32456,6.32456,6.32456,5.38516,5.38516,5.38516,5.83095,5.0,5.0,4.24264,4.24264,3.60555,2.82843,2.82843,2.23607,2.23607,2.23607,2.23607,2.0,2.0,2.0,55.17246,54.45181,51.85557,49.20366,50.60632,50.60632,47.16991,51.31277,45.79301,45.61798,45.17743,47.85394,47.92703,44.01136,44.94441,49.0408,49.33559,45.22168,47.29693,42.2019,47.53946,46.57252,44.55334,46.69047,44.38468,47.43416,43.41659,44.38468,43.68066,43.93177,44.38468,43.01163,44.59821,41.10961,41.10961,39.39543,38.07887,36.67424,37.44329,33.12099,34.66987,32.01562,31.89044,31.14482,27.65863,29.06888,27.65863,22.80351,22.47221,19.41649,18.78829,18.38478,19.92486,17.08801,16.03122,15.0333,13.0384,48.10405,46.17359,46.57252,47.80167,46.57252,49.64877,52.95281,53.15073,56.56854,53.93515,56.56854,59.84146,60.67125,63.3877,63.3877,62.20129,66.18912,60.20797,63.1981,65.03076,65.12296,65.12296,63.1981,63.1981,65.06919,65.37584,63.3877,66.48308,63.50591,66.75328,64.93843,65.11528,64.93843,64.53681,63.60031,64.19502,63.24555,64.51356,66.7308,66.70832,67.23095,61.84658,67.08204,64.40497,65.29931,61.26989,65.51336,61.05735,62.76942,62.64982,60.74537,62.00806,63.41136,54.67175,59.81639,58.25805,56.85068
9.43398,9.43398,9.43398,8.60233,8.60233,8.60233,8.60233,8.60233,9.21954,8.48528,8.48528,8.48528,8.48528,7.81025,7.81025,8.48528,8.48528,8.48528,7.81025,7.81025,7.81025,7.81025,7.81025,7.81025,7.81025,7.81025,7.81025,7.81025,7.81025,7.81025,6.40312,7.2111,7.2111,6.7082,6.7082,6.7082,6.32456,5.38516,5.38516,5.09902,5.09902,5.0,5.0,4.0,4.0,4.12311,4.0,4.12311,3.16228,3.16228,3.16228,3.60555,54.34151,50.28916,52.55473,50.59644,54.08327,48.8467,51.47815,51.89412,48.75449,47.50789,49.73932,47.70744,48.02083,49.64877,47.43416,47.63402,48.41487,46.2277,45.60702,47.50789,47.42362,46.09772,45.25483,46.66905,45.45327,49.49747,45.27693,43.93177,42.63801,44.55334,41.40048,42.80187,41.10961,37.20215,40.81666,41.18252,41.67733,40.31129,37.16181,35.73514,33.52611,34.20526,32.55764,32.57299,29.06888,32.0,25.07987,23.0,25.31798,22.56103,22.56103,22.56103,20.61553,17.88854,15.65248,15.65248,16.40122,45.01111,46.17359,48.25971,52.08647,50.48762,50.80354,52.39275,52.17279,55.31727,54.40588,56.75385,61.40033,60.87693,60.87693,61.98387,62.39391,60.72891,65.55151,61.35145,62.29767,62.76942,62.93648,64.51356,62.76942,65.19202,64.2573,65.78754,64.84597,64.51356,62.36185,65.52099,59.90826,62.8172,67.46851,67.08204,62.96825,64.93843,66.09841,62.20129,63.28507,63.28507,65.12296,63.28507,64.00781,63.03174,65.0,63.03174,67.00746,62.20129,62.07254,64.12488,62.39391,60.13319,58.85576,60.82763,60.20797,60.20797
8.60233,8.60233,8.60233,8.06226,8.06226,8.06226,7.61577,7.61577,7.61577,7.61577,7.61577,7.61577,7.28011,7.28011,7.28011,7.28011,7.28011,7.28011,7.28011,7.28011,7.28011,7.28011,7.28011,7.28011,7.28011,7.28011,7.28011,7.28011,6.32456,6.32456,6.7082,6.7082,5.83095,5.83095,5.83095,5.0,5.0,5.0,4.24264,4.24264,4.24264,3.60555,3.60555,3.60555,3.16228,3.16228,3.16228,3.0,3.0,2.0,2.0,2.0,50.93133,50.24938,49.67897,49.57822,49.40648,52.00961,47.20169,49.64877,49.24429,46.52956,48.76474,46.09772,46.23851,46.61545,46.23851,47.53946,48.33218,47.75982,45.88028,45.12206,47.80167,42.72002,46.52956,43.17407,44.38468,40.79216,42.95346,43.9659,41.48494,42.44997,40.79216,42.44997,40.49691,42.72002,39.05125,40.8534,34.17601,35.77709,35.34119,34.0,34.88553,34.4093,31.40064,29.0,29.0,26.90725,23.43075,23.34524,21.93171,19.41649,19.72308,20.12461,20.59126,15.81139,15.29706,14.03567,15.0,47.29693,46.87217,47.51842,50.24938,50.24938,52.34501,51.0392,54.03702,53.08484,56.0803,59.03389,59.03389,62.03225,64.00781,63.0,60.13319,63.12686,62.07254,67.0,62.07254,64.38167,65.12296,63.07139,64.12488,62.20129,66.0303,62.07254,64.03124,63.07139,63.03174,63.1981,66.1211,65.27634,63.78871,62.80127,63.95311,63.56099,64.32729,62.36986,65.80274,62.93648,62.62587,63.24555,64.62198,64.62198,65.29931,63.56099,63.52952,59.48109,62.76942,62.17717,60.03332,62.76942,59.36329,58.83026,59.40539,58.41233
10.63015,9.89949,10.63015,9.89949,10.63015,10.0,10.0,10.0,9.43398,9.43398,9.43398,9.43398,9.43398,9.43398,8.94427,9.84886,8.94427,8.94427,9.84886,9.84886,8.94427,8.94427,8.94427,8.94427,8.94427,8.94427,8.94427,8.94427,8.94427,8.06226,8.06226,8.06226,7.81025,7.81025,7.81025,7.07107,7.07107,7.07107,6.40312,6.40312,5.0,5.0,5.83095,4.47214,4.47214,4.47214,4.12311,4.12311,4.12311,3.16228,3.0,3.0,58.25805,52.34501,57.28001,53.03772,50.24938,50.60632,49.0408,51.73973,47.20169,48.54894,50.60632,49.24429,46.51881,49.73932,46.06517,46.61545,44.72136,44.38468,46.09772,48.38388,45.88028,46.23851,46.48656,44.92215,45.88028,44.94441,47.43416,48.08326,44.38468,44.27189,44.01136,41.10961,43.86342,44.77723,39.39543,42.94182,40.31129,38.83298,37.73592,35.51056,34.4093,35.4683,33.24154,29.83287,30.61046,27.58623,24.41311,26.40076,23.32381,20.12461,20.24846,18.68154,20.39608,15.52417,17.11724,12.16553,15.0333,44.38468,46.87217,43.41659,48.37355,49.36598,51.08816,51.47815,51.0392,53.03772,55.00909,55.0,58.03447,59.00847,58.07753,59.07622,62.20129,63.00794,61.13101,65.03076,62.20129,60.03332,62.07254,62.20129,64.03124,65.0,66.1211,61.0,63.0,64.03124,63.03174,61.29437,63.12686,63.63961,64.49806,64.13267,61.18823,62.16912,66.4906,63.34824,64.28841,65.0,64.51356,65.19202,62.76942,59.80803,63.50591,62.24147,60.37384,64.40497,62.24147,59.48109,60.41523,58.18075,57.3062,57.14018,62.1289,55.21775
8.94427,7.61577,8.06226,8.06226,8.06226,8.06226,8.60233,7.81025,7.81025,7.81025,7.81025,7.07107,7.81025,7.81025,7.07107,7.81025,7.81025,7.81025,7.81025,7.81025,7.81025,7.81025,7.81025,7.81025,7.81025,7.07107,7.07107,7.07107,7.07107,7.07107,6.40312,6.40312,6.40312,6.40312,5.83095,5.83095,5.83095,4.47214,5.38516,4.47214,4.12311,4.12311,4.12311,4.0,3.0,3.0,3.0,3.0,2.23607,2.23607,2.23607,2.23607,53.66563,50.15974,53.23533,48.8774,48.02083,48.01042,47.20169,49.0408,44.82187,45.25483,47.42362,46.75468,46.75468,46.09772,46.09772,42.63801,44.65423,46.04346,44.94441,42.43819,47.50789,40.81666,45.65085,44.94441,46.14109,44.65423,40.70626,46.64762,43.909,42.94182,41.34005,42.72002,42.2019,42.72002,42.2019,40.60788,39.40812,40.36087,37.48333,35.38361,32.64966,33.42155,32.80244,29.68164,28.84441,26.83282,24.59675,24.35159,21.18962,20.61553,18.02776,18.11077,21.58703,17.02939,17.02939,14.14214,13.92839,42.10701,46.38965,46.52956,51.1957,47.53946,53.85165,49.47727,54.40588,55.36244,55.65968,55.97321,57.87055,61.35145,61.68468,62.96825,63.32456,65.9242,64.62198,63.69458,62.76942,64.07808,67.62396,61.68468,65.19202,63.15853,61.68468,63.90618,64.19502,62.64184,64.56005,59.90826,63.15061,61.39218,64.93843,64.32729,62.514,60.20797,64.19502,62.39391,65.03076,69.00725,65.06919,63.07139,65.12296,64.38167,63.1981,61.20457,61.98387,64.93843,60.41523,63.34824,60.01666,60.87693,57.00877,61.84658,61.35145,58.5235
9.43398,10.0,10.0,10.0,10.0,9.21954,10.0,9.89949,9.89949,9.89949,9.89949,9.21954,9.21954,9.21954,9.21954,9.21954,8.60233,9.21954,8.60233,8.60233,9.21954,8.60233,9.21954,9.43398,9.21954,8.60233,9.21954,9.21954,8.48528,8.48528,7.81025,8.48528,7.81025,7.81025,7.2111,7.2111,6.7082,6.7082,6.7082,5.38516,5.38516,5.38516,5.38516,4.12311,4.12311,4.12311,4.12311,4.0,4.0,3.0,3.0,3.0,55.65968,55.54278,52.3259,51.47815,51.62364,50.24938,49.64877,50.47772,52.43091,49.81967,47.42362,49.57822,50.20956,50.24938,48.10405,51.66237,51.73973,45.96738,48.9183,48.16638,46.40043,48.27007,48.60041,47.01064,45.60702,47.20169,48.41487,46.09772,47.63402,47.63402,45.45327,43.86342,47.42362,42.52058,44.68781,41.03657,41.03657,42.52058,40.0,36.23534,35.22783,35.22783,35.34119,35.35534,31.7805,30.08322,28.4605,27.51363,24.04163,21.84033,21.37756,18.11077,20.22375,19.10497,19.41649,13.34166,14.86607,45.39824,45.70558,49.0306,47.07441,50.44799,47.80167,52.20153,55.02727,55.02727,55.97321,56.85948,56.30275,59.23681,60.41523,61.46544,64.62198,59.09315,64.4748,63.15853,62.76942,62.03225,66.64083,67.23095,64.4748,64.40497,64.07808,64.88451,63.15853,67.06713,64.19502,61.98387,62.93648,64.32729,61.98387,66.70832,66.28725,64.93843,65.76473,64.38167,66.27217,63.12686,68.02941,61.20457,67.00746,63.00794,66.00758,61.0082,62.514,65.37584,63.78871,64.38167,62.64982,61.66036,57.07013,60.41523,60.20797,58.69412
8.544,7.61577,8.94427,8.06226,8.06226,8.06226,8.06226,7.2111,7.81025,7.81025,7.81025,7.81025,7.81025,7.81025,7.81025,7.81025,7.07107,7.81025,7.07107,7.07107,7.07107,7.07107,7.07107,7.07107,7.81025,7.07107,7.07107,7.81025,6.40312,6.40312,6.40312,5.83095,5.83095,5.83095,5.38516,5.38516,5.38516,5.09902,4.12311,4.12311,4.0,4.0,4.0,3.0,3.16228,3.16228,3.16228,3.16228,3.16228,2.23607,2.82843,2.82843,50.59644,54.42426,53.85165,48.8467,49.1935,47.85394,50.60632,50.11986,45.79301,46.87217,46.2277,47.43416,46.09772,47.80167,47.42362,46.66905,46.09772,44.04543,44.55334,47.38143,44.04543,43.84062,45.34314,44.82187,46.66905,42.42641,43.86342,43.13931,41.86884,43.41659,42.44997,41.01219,41.03657,40.36087,42.42641,40.60788,39.11521,37.44329,37.73592,34.4093,30.41381,33.10589,29.54657,27.65863,26.24881,24.5153,27.45906,25.31798,22.09072,23.02173,19.23538,16.12452,19.64688,17.72005,17.72005,13.34166,10.81665,45.17743,43.73786,45.60702,49.24429,48.38388,50.96077,50.59644,51.47815,53.85165,55.71355,57.38467,58.87274,60.41523,62.16912,62.24147,64.07808,61.7414,63.52952,66.70832,60.83584,62.64982,61.26989,63.50591,64.40497,63.06346,60.92618,64.4748,63.15853,64.84597,65.55151,62.93648,63.56886,66.48308,60.44005,67.05222,61.39218,61.18823,62.80127,64.62971,64.62971,62.96825,66.18912,66.1211,63.07139,62.1289,61.20457,64.03124,61.0,64.0,61.13101,62.20129,59.21149,57.31492,58.54912,60.82763,61.0,58.0517
9.84886,9.43398,9.43398,9.43398,9.43398,9.43398,9.43398,8.60233,8.60233,9.21954,9.21954,9.21954,9.21954,9.21954,8.48528,8.48528,8.48528,8.48528,8.48528,8.48528,8.48528,8.48528,8.48528,8.48528,8.48528,8.48528,8.48528,7.81025,7.81025,7.81025,7.81025,7.81025,7.2111,7.2111,7.2111,6.7082,6.7082,6.7082,5.38516,5.38516,5.38516,5.09902,5.09902,4.12311,4.12311,4.12311,4.0,4.0,3.0,3.0,3.0,3.0,48.46648,58.69412,55.00909,50.53712,53.0,51.0392,52.15362,49.81967,52.00961,49.0408,49.49747,45.27693,48.08326,51.62364,46.69047,49.51767,49.67897,48.10405,45.34314,49.20366,45.80393,47.80167,44.20407,47.80167,45.22168,48.54894,47.16991,45.22168,47.63402,45.22168,43.82921,41.40048,44.04543,43.27817,42.44997,39.59798,41.03657,41.7732,39.62323,38.20995,37.53665,34.4093,31.76476,29.96665,27.29469,28.17801,24.04163,25.4951,17.72005,20.88061,20.61553,19.10497,19.23538,21.0,19.23538,14.31782,14.56022,44.91102,44.38468,49.47727,45.88028,52.49762,50.59644,51.86521,53.45091,58.18935,57.58472,60.82763,59.5063,60.37384,60.82763,57.27128,63.50591,59.5063,65.29931,61.7414,60.41523,63.97656,67.08204,66.21178,65.29931,64.84597,62.64982,62.64982,62.39391,65.79514,62.03225,62.29767,61.03278,64.53681,61.81424,64.13267,61.29437,64.77654,64.77654,66.75328,64.77654,63.1981,66.1211,65.12296,72.00694,60.0,62.1289,61.40033,64.49806,64.19502,65.49046,63.12686,58.42089,59.22837,60.63827,59.5399,54.81788,64.56005
10.29563,10.29563,10.29563,10.29563,9.84886,9.84886,9.84886,9.48683,9.48683,9.48683,9.21954,9.48683,9.21954,9.21954,9.21954,9.21954,9.21954,9.05539,9.21954,9.21954,9.21954,9.21954,8.06226,9.05539,9.21954,9.05539,8.06226,8.24621,8.24621,8.24621,8.544,8.544,7.61577,7.61577,6.7082,6.7082,6.7082,7.2111,6.40312,6.40312,5.65685,5.65685,5.65685,5.0,4.24264,4.24264,3.60555,4.47214,3.60555,3.60555,3.60555,3.16228,52.3259,50.20956,53.15073,51.08816,51.61395,48.82622,48.54894,50.47772,47.01064,48.30114,47.42362,46.51881,46.23851,46.09772,46.23851,47.75982,48.10405,48.38388,47.16991,45.35416,49.0306,45.89118,46.57252,44.91102,44.91102,44.64303,43.41659,43.73786,43.17407,45.12206,44.91102,45.70558,42.2019,42.37924,41.0,42.54409,39.39543,39.39543,36.24914,36.71512,34.48188,32.80244,31.40064,28.42534,27.65863,27.80288,25.4951,24.83948,26.24881,24.83948,19.23538,18.02776,21.09502,14.31782,15.23155,15.23155,14.0,41.59327,47.38143,44.40721,48.37355,46.27094,50.03998,50.0,50.03998,56.00893,52.0,52.0,58.03447,56.0803,58.13777,63.12686,58.42089,62.20129,60.40695,61.40033,62.07254,63.07139,65.19202,59.4138,61.20457,62.28965,61.13101,62.07254,64.00781,60.03332,66.00758,62.28965,61.13101,58.30952,63.3877,61.81424,62.36986,60.01666,62.0967,60.01666,64.84597,70.88018,59.80803,64.2573,62.76942,62.76942,62.6099,63.50591,61.77378,64.88451,59.05929,62.26556,62.96825,60.53924,59.07622,56.0357,60.0,56.30275
8.60233,9.43398,9.43398,9.43398,8.06226,8.94427,8.06226,8.06226,8.544,7.61577,8.94427,8.544,8.544,7.61577,7.61577,8.24621,8.24621,7.28011,7.28011,7.28011,7.28011,7.28011,7.28011,7.28011,7.28011,7.28011,7.61577,7.61577,7.61577,6.7082,6.7082,6.7082,6.7082,5.83095,6.40312,6.40312,5.65685,5.65685,5.65685,5.0,5.0,5.0,4.47214,4.47214,4.12311,3.16228,4.12311,3.16228,3.16228,3.0,3.0,3.0,52.15362,51.47815,52.15362,49.65884,51.42956,49.76947,47.92703,49.76947,47.75982,51.26402,45.54119,49.0408,49.72927,43.73786,45.70558,44.91102,46.52956,46.52956,47.38143,46.38965,47.16991,45.27693,48.04165,43.10452,40.11234,45.27693,43.18565,45.04442,42.29657,44.28318,42.57934,43.28972,42.19005,43.73786,39.62323,43.17407,40.79216,37.10795,38.60052,37.57659,35.1141,31.30495,29.06888,31.38471,27.01851,26.92582,28.3196,23.34524,22.62742,22.62742,19.72308,20.24846,17.88854,17.88854,17.49286,16.49242,15.29706,47.16991,46.51881,47.41308,52.55473,51.26402,51.62364,55.02727,51.86521,57.00877,54.08327,60.44005,60.72891,61.68468,60.44005,62.8172,62.36986,66.4906,62.36986,65.73431,64.32729,64.7611,66.94027,65.51336,65.0,63.78871,64.28841,64.28841,66.40783,63.24555,66.40783,60.72891,66.30988,62.96825,63.56099,63.56099,65.39113,61.77378,66.64833,65.8635,64.3506,71.34424,63.51378,69.89278,66.61081,65.21503,66.06815,63.41136,65.29931,63.89053,65.11528,62.96825,62.2254,64.3506,60.10824,61.6198,59.5483,58.89822
9.05539,8.06226,9.05539,8.0,8.0,8.0,8.0,8.0,8.0,8.0,8.06226,8.06226,8.06226,8.24621,8.06226,8.06226,7.07107,7.07107,7.28011,7.07107,7.07107,7.28011,7.07107,7.28011,7.28011,7.07107,7.07107,7.07107,7.07107,7.0,6.0,6.0,6.08276,6.08276,6.08276,5.09902,5.09902,5.09902,5.38516,4.47214,4.47214,3.60555,4.24264,4.24264,3.60555,3.60555,3.60555,3.60555,3.60555,3.16228,3.16228,3.16228,55.0,55.0,55.14526,51.0,50.15974,51.15662,49.64877,51.24451,48.05206,46.09772,47.12749,46.84015,50.0,44.27189,45.88028,47.01064,50.69517,46.06517,48.33218,44.72136,47.85394,42.94182,44.77723,44.28318,44.28318,45.18849,40.24922,46.52956,45.61798,44.29447,43.86342,46.09772,39.56008,44.01136,37.10795,41.76123,38.32754,39.29377,35.90265,36.34556,33.01515,34.0,31.06445,31.01612,31.257,26.4764,26.1725,25.4951,21.54066,23.76973,17.46425,17.46425,17.80449,17.69181,17.69181,15.6205,13.45362,46.06517,49.24429,48.54894,51.61395,50.80354,50.0,50.80354,54.81788,60.1415,56.0803,59.46427,61.55485,63.12686,63.03174,62.24147,59.39697,67.94115,60.1415,64.3506,62.28965,65.05382,66.46804,60.81118,65.76473,62.93648,65.94695,65.76473,67.26812,63.70243,64.53681,61.22091,67.00746,64.40497,64.07027,64.63745,65.73431,63.28507,64.14047,66.7308,67.60178,69.77822,64.40497,69.07966,65.39113,64.62198,63.90618,64.62198,62.96825,64.51356,63.24555,60.44005,64.03124,62.36185,60.01666,57.97413,61.18823,59.68249
9.21954,9.21954,9.21954,8.60233,9.43398,8.60233,8.06226,8.94427,8.94427,8.06226,8.06226,8.94427,7.61577,8.544,7.61577,8.544,8.544,8.544,7.28011,8.24621,7.28011,8.544,7.61577,7.61577,7.61577,7.61577,7.61577,7.61577,7.61577,8.06226,6.7082,7.2111,7.2111,5.83095,6.40312,6.40312,5.65685,5.65685,5.0,5.0,5.0,4.47214,4.47214,4.47214,4.12311,4.12311,4.12311,3.0,3.0,3.0,3.0,3.0,53.75872,53.8145,54.08327,53.41348,51.0392,52.43091,48.76474,51.97115,46.14109,46.52956,47.85394,46.61545,47.16991,47.75982,48.38388,47.75982,48.08326,45.12206,44.64303,48.50773,47.07441,44.38468,45.70558,42.75512,41.4367,45.70558,43.56604,47.67599,46.69047,42.95346,43.41659,44.64303,43.93177,44.38468,42.37924,39.92493,39.56008,38.01316,38.48376,37.58989,33.61547,35.22783,31.40064,28.84441,26.90725,26.24881,26.1725,23.60085,25.23886,19.23538,19.23538,21.54066,17.0,18.38478,17.46425,15.0333,17.02939,46.48656,45.88028,45.88028,49.72927,47.12749,53.15073,51.41984,54.58938,54.45181,56.4358,58.42089,57.07889,61.81424,60.20797,60.07495,61.13101,64.19502,63.0,65.19202,64.28063,66.27217,65.27634,66.1211,65.06919,63.28507,67.26812,60.53098,65.49046,64.62971,68.06614,62.96825,66.4906,65.96969,61.13101,66.94027,67.05222,62.93648,68.62215,65.55151,64.07808,65.39113,65.79514,68.42514,63.06346,64.84597,63.51378,65.51336,62.1289,61.58734,66.28725,62.20129,61.85467,59.81639,59.81639,61.84658,62.28965,58.89822
9.21954,8.60233,8.60233,8.60233,8.60233,8.60233,8.94427,8.06226,8.94427,8.94427,8.94427,8.94427,8.544,8.544,8.544,8.544,8.544,8.544,8.544,8.544,8.544,8.544,8.544,8.544,7.61577,8.544,7.61577,7.61577,7.61577,8.06226,6.7082,7.2111,7.2111,6.40312,6.40312,6.40312,5.65685,5.65685,5.0,4.24264,5.0,4.24264,3.60555,3.60555,3.60555,3.16228,3.16228,3.16228,2.23607,2.0,2.0,2.0,54.56189,48.41487,53.82379,51.31277,50.77401,50.11986,50.53712,51.88449,48.75449,48.33218,47.85394,48.10405,49.98,46.8188,48.46648,48.08326,47.29693,47.29693,45.88028,48.27007,46.57252,47.29693,47.38143,48.25971,42.75512,44.40721,45.35416,45.70558,47.67599,47.85394,45.89118,46.57252,42.44997,44.14748,41.4367,41.76123,38.62642,39.39543,36.76955,35.35534,35.8469,35.0,35.0,30.0,29.0,29.69848,26.24881,25.6125,24.41311,22.47221,22.2036,18.86796,17.88854,17.49286,13.60147,16.49242,13.15295,44.94441,47.92703,47.43416,50.92151,49.0408,50.69517,50.44799,54.57105,52.39275,52.17279,57.70615,57.70615,58.42089,56.4358,58.30952,60.29925,64.28063,64.19502,66.37017,60.40695,61.52235,60.29925,62.28965,65.12296,65.27634,63.63961,62.96825,61.66036,65.30697,64.32729,61.61169,64.56005,64.03124,60.40695,64.51356,61.98387,65.39113,65.39113,62.76942,61.32699,60.00833,64.84597,64.00781,64.41273,62.76942,66.37017,64.07027,64.07027,61.85467,60.46487,62.20129,59.66574,59.64059,58.79626,60.0,59.5483,58.72819
8.24621,8.544,7.28011,7.61577,7.61577,7.61577,7.61577,8.06226,7.61577,7.2111,7.2111,7.2111,7.2111,7.2111,7.2111,7.2111,7.2111,7.2111,7.81025,7.81025,7.2111,7.2111,6.40312,7.07107,7.2111,6.40312,7.2111,7.2111,7.2111,5.83095,6.7082,6.7082,5.38516,5.38516,5.09902,5.09902,5.09902,5.09902,5.09902,4.12311,4.0,4.0,3.0,3.16228,3.16228,3.16228,2.23607,3.16228,2.23607,2.23607,2.82843,2.23607,53.08484,50.01,53.03772,49.09175,50.35871,48.50773,49.25444,52.61179,47.07441,46.52956,46.48656,46.84015,46.8188,46.8188,49.64877,47.53946,50.59644,46.61545,46.51881,44.29447,48.30114,43.82921,49.1935,44.41846,45.27693,45.65085,44.72136,43.86342,43.38202,42.94182,41.4367,43.46263,43.46263,43.65776,38.48376,43.41659,37.94733,37.64306,36.40055,35.90265,35.51056,30.0,33.01515,31.06445,31.06445,26.07681,27.45906,27.89265,20.61553,21.37756,18.68154,18.78829,16.15549,18.86796,17.02939,15.55635,16.40122,46.32494,50.0,48.41487,50.32892,51.08816,50.9902,51.08816,53.41348,57.48913,55.15433,58.0,58.79626,60.81118,64.44377,62.93648,59.5483,63.12686,63.12686,61.55485,66.48308,64.3506,65.11528,64.38167,65.29931,64.44377,65.06919,62.96825,66.52819,64.3506,69.35416,62.24147,66.70832,66.21933,63.24555,66.61081,65.21503,65.51336,66.0303,66.88797,69.83552,65.36819,61.26989,68.42514,64.40497,62.16912,70.2282,65.78754,61.98387,65.80274,62.93648,63.32456,62.93648,61.40033,57.27128,59.48109,61.18823,57.27128
8.94427,8.94427,8.544,8.544,8.544,8.544,8.544,8.544,8.544,8.24621,8.24621,8.24621,8.06226,8.06226,8.06226,8.06226,8.06226,7.07107,8.06226,7.07107,7.07107,8.06226,8.06226,7.0,7.07107,7.07107,7.07107,7.07107,7.07107,7.28011,7.28011,6.32456,6.32456,6.32456,5.83095,5.83095,5.83095,5.0,5.0,5.0,4.24264,4.24264,4.24264,3.60555,3.60555,3.60555,3.16228,3.16228,3.16228,3.16228,3.0,3.0,53.03772,53.8145,49.57822,48.27007,51.73973,49.81967,53.2635,52.43091,49.09175,44.10215,48.8774,46.52956,48.76474,45.69464,48.30114,47.01064,47.85394,45.69464,45.22168,47.43416,47.12749,44.64303,43.68066,44.38468,43.17407,48.05206,44.27189,43.41659,44.92215,45.88028,40.49691,44.27189,42.72002,42.37924,41.62932,40.31129,38.62642,38.47077,38.94868,36.40055,35.22783,34.05877,32.55764,32.55764,29.0,24.83948,24.20744,23.60085,24.69818,19.23538,20.80865,18.97367,18.43909,18.02776,18.24829,15.0333,13.15295,46.57252,49.47727,50.80354,50.48762,49.25444,51.15662,51.35173,53.23533,56.0803,55.00909,57.03508,56.0,62.00806,65.00769,63.03174,63.03174,66.0303,64.07027,64.00781,62.07254,63.00794,64.07027,64.0,64.12488,62.03225,65.00769,65.00769,63.03174,64.07027,65.19202,61.20457,64.38167,65.9242,64.93843,65.30697,65.96969,62.58594,65.30697,62.0967,64.51356,67.35726,64.62198,65.19202,65.55151,66.30988,66.85058,64.07808,64.00781,64.00781,61.7414,63.50591,63.13478,61.58734,58.30952,62.42596,60.0,58.00862
9.48683,9.21954,9.21954,9.21954,9.05539,9.21954,9.05539,9.05539,9.05539,9.0,9.0,9.0,9.0,9.0,9.0,9.0,9.0,8.0,8.06226,9.05539,8.06226,8.06226,9.0,9.05539,8.06226,8.0,8.0,8.0,8.0,8.06226,7.0,7.07107,7.07107,7.07107,6.32456,6.32456,6.32456,5.38516,5.38516,5.38516,4.47214,4.47214,4.47214,3.60555,3.60555,3.60555,2.82843,2.82843,2.82843,2.82843,2.82843,2.23607,52.83938,50.60632,52.39275,46.61545,49.24429,49.39636,47.43416,53.36666,46.32494,48.76474,49.0306,47.07441,48.50773,45.54119,45.39824,49.64877,48.16638,48.09366,45.27693,45.04442,47.01064,42.10701,47.09565,44.10215,43.01163,41.01219,42.04759,43.01163,45.04442,43.04649,41.59327,43.73786,39.11521,41.19466,38.63936,38.32754,39.29377,37.36308,36.40055,35.4683,35.4683,33.12099,28.6531,30.41381,29.15476,27.01851,26.24881,24.75884,24.75884,21.2132,18.60108,16.12452,16.40122,15.65248,15.0,14.56022,14.03567,44.55334,43.93177,42.2019,49.64877,45.22168,50.24938,48.54894,52.15362,51.88449,50.11986,52.7731,54.12024,57.69749,57.27128,56.82429,57.38467,64.62198,57.77543,61.7414,59.80803,59.09315,62.64982,62.39391,59.80803,62.24147,60.53924,62.24147,64.40497,59.03389,64.41273,60.53924,63.63175,59.90826,61.29437,61.61169,64.07027,64.63745,62.00806,61.7171,63.89053,64.44377,61.7171,62.36986,61.55485,62.96825,62.36986,61.52235,60.81118,58.79626,58.89822,60.959,60.20797,57.38467,53.8145,57.00877,57.68882,53.25411
10.19804,9.21954,9.21954,9.48683,9.48683,9.48683,9.84886,8.94427,8.94427,8.94427,8.94427,8.94427,8.94427,8.94427,8.94427,8.60233,8.60233,8.60233,8.60233,8.60233,8.60233,8.60233,8.06226,8.06226,8.06226,8.06226,8.06226,8.06226,8.06226,7.61577,7.61577,7.61577,7.28011,6.32456,7.28011,6.08276,6.08276,6.0,6.0,6.0,5.0,5.0,5.0,5.09902,4.12311,4.12311,4.12311,3.16228,3.16228,3.60555,3.60555,3.60555,53.93515,52.39275,50.96077,49.64877,55.36244,49.0408,52.39275,49.24429,48.30114,50.08992,48.37355,49.39636,47.70744,49.39636,47.70744,48.41487,47.01064,47.50789,44.40721,46.69047,50.32892,50.44799,46.01087,45.27693,46.01087,45.96738,48.83646,45.96738,44.55334,44.55334,41.7732,45.45327,44.20407,41.23106,44.20407,39.82462,39.11521,40.70626,36.67424,36.67424,35.8469,35.4683,32.31099,30.08322,29.27456,28.28427,26.07681,26.0,27.01851,24.0,21.2132,19.10497,16.27882,15.81139,18.24829,14.86607,13.89244,46.87217,47.12749,49.76947,49.98,47.01064,51.0,52.3259,54.58938,55.07268,56.0803,57.24509,56.93856,61.29437,60.53924,58.83026,65.19202,58.30952,64.63745,60.53924,63.28507,63.51378,65.19202,67.6757,65.51336,65.0,63.52952,63.06346,63.95311,66.21178,65.79514,65.79514,60.92618,66.30988,63.90618,68.00735,64.2573,65.0,65.52099,61.39218,66.4906,63.56099,66.61081,64.62971,66.91039,62.80127,64.62971,61.40033,63.28507,64.49806,64.0,59.00847,62.1289,61.0082,61.07373,61.20457,60.29925,59.21149
9.05539,8.06226,9.0,8.0,8.0,8.0,8.0,8.06226,8.06226,8.24621,8.06226,8.06226,8.24621,7.28011,7.28011,8.24621,7.28011,7.28011,7.28011,7.28011,7.28011,7.61577,7.28011,7.28011,7.28011,7.28011,7.28011,7.28011,6.08276,7.07107,6.08276,6.08276,6.0,6.0,6.0,6.0,5.09902,5.09902,5.09902,4.12311,4.12311,4.47214,4.47214,3.60555,3.60555,2.82843,2.82843,2.82843,2.82843,2.82843,2.23607,2.23607,53.33854,56.56854,51.0,49.0408,50.03998,48.16638,53.46027,48.37355,50.48762,43.73786,51.78803,49.0306,50.21952,46.57252,48.08326,46.17359,47.80167,46.61545,42.72002,45.31004,45.61798,44.38468,45.18849,47.85394,47.16991,44.38468,44.38468,47.01064,47.53946,42.95346,42.44997,43.32436,45.54119,40.16217,43.01163,41.97618,40.02499,37.33631,35.0571,34.23449,33.01515,29.06888,34.05877,29.42788,28.07134,27.45906,22.56103,24.5153,18.97367,22.36068,16.64332,17.02939,17.20465,18.02776,15.65248,15.81139,11.40175,47.85394,45.48626,49.39636,47.70744,54.20332,52.80152,55.44367,54.03702,55.17246,57.31492,58.72819,59.46427,60.82763,60.82763,60.10824,64.3506,60.82763,66.52819,62.28965,62.2254,63.65532,65.76473,63.78087,66.52819,62.24147,64.3506,60.81118,61.52235,65.19202,63.12686,63.78087,64.66065,65.60488,63.24555,68.00735,62.76942,67.1193,67.23095,66.03787,63.06346,63.06346,68.42514,65.79514,67.77905,64.40497,66.12866,63.90618,64.2573,61.03278,66.09841,64.03124,63.32456,58.24088,61.13101,63.56099,58.0517,56.88585
10.04988,9.05539,9.21954,9.21954,9.21954,9.21954,9.21954,9.21954,9.21954,9.48683,9.48683,8.544,8.544,8.94427,8.94427,8.94427,8.94427,8.544,8.94427,8.94427,8.94427,8.94427,8.544,8.94427,8.94427,8.544,8.544,8.544,8.544,7.28011,7.28011,7.28011,7.28011,7.28011,7.07107,7.07107,6.0,6.0,6.0,6.0,5.09902,5.09902,5.09902,4.12311,4.12311,4.12311,3.16228,3.16228,3.16228,3.16228,2.23607,2.23607,54.12024,55.47071,51.62364,51.26402,53.14132,47.29693,52.17279,44.14748,47.85394,45.70558,47.07441,45.39824,46.69047,48.04165,46.04346,45.04442,47.01064,48.04165,49.09175,46.01087,46.17359,47.09565,44.18144,43.10452,42.0119,45.04442,46.17359,44.28318,45.01111,45.04442,43.10452,44.10215,40.0,40.0125,40.0125,38.01316,38.20995,39.11521,38.63936,35.90265,30.80584,30.08322,32.75668,32.57299,31.95309,26.83282,24.18677,26.41969,19.10497,19.84943,21.2132,15.81139,18.43909,20.51828,15.55635,14.42221,13.0,47.16991,44.72136,49.1935,48.8467,50.32892,47.75982,51.5461,49.64877,57.28001,54.78138,55.02727,57.97413,57.87055,61.13101,59.48109,65.52099,60.16644,60.87693,55.08176,60.63827,57.56735,65.25335,60.87693,63.89053,62.64184,61.03278,62.29767,56.30275,61.84658,59.61543,60.00833,59.61543,59.9333,61.7171,61.77378,63.52952,64.49806,62.96825,62.96825,68.00735,63.82006,63.41136,62.80127,63.70243,57.48913,57.00877,61.55485,60.10824,63.65532,61.52235,59.66574,60.44005,58.89822,55.80323,52.63079,55.21775,55.80323
8.94427,9.43398,9.43398,9.43398,8.60233,8.60233,9.21954,9.21954,9.21954,8.60233,9.21954,8.48528,8.48528,8.48528,8.48528,9.21954,9.21954,9.21954,7.81025,7.81025,7.81025,7.81025,8.48528,7.81025,7.81025,8.48528,7.81025,7.07107,7.07107,7.81025,7.07107,6.40312,6.40312,6.40312,6.40312,5.83095,5.83095,5.38516,4.47214,4.47214,4.12311,4.12311,4.12311,4.12311,3.16228,3.0,3.0,3.0,2.0,2.0,2.0,2.23607,55.7853,54.23099,55.03635,52.3259,50.08992,50.60632,50.60632,47.88528,47.80167,52.00961,50.80354,51.61395,47.50789,47.01064,48.27007,45.34314,43.13931,47.38143,47.38143,45.27693,49.57822,44.59821,44.82187,47.01064,43.13931,44.59821,45.34314,42.0119,41.03657,43.93177,44.55334,45.96738,43.13931,38.20995,41.23106,39.69887,37.44329,36.05551,36.71512,37.58989,34.88553,34.43835,28.63564,31.01612,27.51363,25.70992,29.27456,25.4951,21.0238,20.22375,18.11077,19.23538,16.03122,14.86607,14.56022,17.08801,13.92839,47.01064,47.16991,48.37355,49.81967,48.50773,51.41984,52.63079,54.57105,55.36244,56.04463,57.56735,58.18935,58.18935,61.68468,61.09828,63.56886,60.53924,63.56099,65.55151,65.0,62.64982,64.07808,61.09828,63.32456,64.62198,63.32456,63.89053,63.24555,61.03278,62.64184,62.8172,64.28841,63.56099,61.84658,61.84658,66.4906,63.95311,66.48308,63.3877,66.18912,63.1981,65.00769,67.00746,65.06919,65.0,67.02984,63.0,60.07495,61.13101,61.40033,61.40033,63.63961,63.63961,60.01666,61.61169,54.91812,60.16644
9.21954,9.21954,9.05539,10.19804,9.05539,9.05539,9.0,9.0,9.0,9.0,9.0,9.0,9.0,9.0,9.05539,9.05539,9.05539,8.06226,8.06226,8.06226,8.06226,8.06226,8.06226,8.06226,8.06226,8.06226,8.06226,8.0,8.0,7.0,8.0,7.0,7.07107,7.07107,7.07107,6.08276,6.08276,6.32456,5.38516,5.38516,5.38516,5.38516,4.47214,4.47214,4.47214,3.60555,3.60555,4.24264,3.60555,3.60555,2.82843,2.82843,56.35601,50.11986,55.47071,53.7122,49.76947,50.32892,47.75982,53.45091,48.76474,51.41984,48.05206,49.49747,49.24429,46.69047,48.50773,49.64877,49.25444,46.09772,46.17359,43.18565,48.04165,45.04442,48.01042,46.17359,46.01087,43.01163,44.01136,47.16991,44.18144,46.04346,42.29657,44.18144,40.4475,41.30375,41.19466,40.79216,38.32754,38.32754,35.73514,36.40055,34.9285,31.38471,31.30495,26.92582,30.23243,27.73085,27.20294,24.04163,24.04163,22.80351,22.67157,20.0,18.35756,19.23538,17.49286,14.86607,14.76482,48.01042,48.54894,46.64762,52.7731,53.7122,52.80152,52.39275,56.46238,55.71355,57.24509,57.58472,57.87055,63.24555,60.72891,62.36185,59.77458,66.09841,58.5235,65.14599,63.89053,64.84597,62.36185,60.44005,61.68468,62.0967,64.07808,58.82176,64.84597,62.39391,65.55151,59.09315,63.50591,63.07139,63.52952,65.30697,63.52952,60.74537,64.07027,65.21503,62.42596,63.82006,62.482,69.2026,63.89053,63.03174,64.53681,65.11528,64.38167,62.28965,61.55485,62.24147,63.89053,61.7171,59.66574,59.03389,61.61169,58.82176
8.48528,8.48528,8.48528,9.21954,8.60233,9.21954,8.60233,8.60233,8.60233,8.06226,8.06226,8.94427,8.06226,8.06226,8.06226,8.06226,8.544,7.61577,7.61577,7.61577,7.61577,7.61577,7.61577,7.61577,7.61577,7.61577,8.06226,7.61577,7.2111,7.2111,6.40312,6.40312,6.40312,5.83095,6.40312,5.65685,5.65685,5.0,4.24264,5.0,5.0,3.60555,3.60555,3.60555,3.60555,3.16228,3.16228,2.23607,2.23607,2.23607,2.0,2.0,52.49762,54.42426,49.0408,54.23099,54.56189,50.11986,49.92995,48.8774,51.61395,47.43416,46.04346,50.0,49.81967,47.80167,48.9183,49.57822,45.96738,46.01087,46.66905,50.9902,48.10405,48.79549,44.20407,41.86884,41.86884,44.04543,48.10405,47.01064,44.55334,44.68781,43.86342,42.44997,38.8973,40.31129,42.63801,36.79674,36.87818,36.87818,37.20215,36.35932,33.61547,32.20248,32.20248,31.7805,30.80584,28.86174,25.4951,23.08679,21.0238,19.0,19.0263,18.02776,17.0,17.02939,13.60147,17.0,15.52417,47.26521,46.09772,54.57105,48.50773,55.36244,53.85165,53.48832,56.0803,58.18075,57.38467,58.30952,60.92618,61.32699,60.53924,61.7414,64.00781,62.64982,62.6099,61.32699,61.77378,63.50591,64.49806,65.0,65.39113,64.88451,62.16912,66.30988,60.92618,65.55151,64.2573,65.19202,58.82176,61.68468,63.78871,66.94027,63.56099,64.32729,64.32729,64.49806,63.1981,60.53098,65.49046,64.49806,66.27217,62.07254,62.07254,62.00806,62.1289,64.12488,63.28507,60.40695,60.20797,58.42089,58.69412,56.56854,57.70615,56.29387
10.0,9.05539,9.05539,9.05539,9.05539,9.05539,9.05539,9.21954,9.21954,8.24621,9.21954,8.24621,8.24621,8.24621,8.24621,8.544,8.544,8.544,8.544,8.544,8.544,8.544,8.544,7.61577,7.61577,8.544,8.24621,7.28011,7.28011,7.28011,7.07107,7.07107,7.07107,7.0,6.0,7.0,6.0,6.08276,5.09902,5.09902,5.09902,5.09902,4.47214,4.47214,4.47214,4.47214,3.60555,3.60555,3.60555,3.60555,2.82843,2.82843,50.01,54.57105,51.78803,53.75872,52.03845,49.16299,50.03998,47.01064,49.0408,49.0102,49.25444,47.09565,48.37355,51.47815,48.6621,47.26521,45.70558,46.09772,42.75512,47.43416,46.48656,45.60702,43.01163,46.23851,43.41659,42.2019,44.38468,41.48494,41.23106,44.64303,42.44997,38.63936,42.75512,41.23106,41.7732,38.20995,39.11521,36.05551,38.01316,32.0,35.0571,32.24903,31.06445,24.73863,25.0,27.20294,24.69818,25.63201,22.13594,22.84732,21.9545,20.0,18.43909,17.02939,17.02939,13.45362,14.14214,46.01087,43.86342,48.16638,51.62364,51.73973,51.85557,51.08816,50.44799,54.81788,56.85948,57.98276,58.83026,56.85948,57.45433,57.68882,62.96825,63.51378,60.03332,62.96825,62.68174,63.13478,60.20797,66.57327,64.3506,64.07027,62.20129,58.00862,59.90826,61.7171,61.84658,64.53681,59.03389,60.87693,60.1415,66.52819,61.6198,65.11528,67.35726,64.03124,60.60528,60.44005,68.26419,63.81222,65.51336,61.05735,66.64083,59.16925,63.52952,59.5063,65.29931,60.82763,60.53924,57.27128,59.48109,59.80803,58.5235,57.56735
8.94427,8.544,8.544,8.544,8.544,8.544,8.24621,8.24621,8.24621,8.24621,8.24621,8.06226,8.06226,8.06226,8.06226,8.06226,8.0,8.06226,8.06226,8.0,8.0,8.06226,8.06226,8.0,7.07107,8.06226,7.0,7.07107,7.07107,7.07107,7.28011,6.32456,6.32456,6.32456,5.38516,5.38516,5.38516,5.0,5.0,4.24264,3.60555,4.24264,3.60555,2.82843,2.82843,2.82843,2.23607,2.23607,2.23607,2.0,2.0,2.0,54.20332,53.53504,51.97115,50.56679,51.62364,48.46648,51.86521,46.17359,47.80167,48.50773,50.9902,50.01,48.6621,47.38143,47.51842,45.04442,47.09565,47.26521,44.10215,48.01042,46.01087,46.01087,45.01111,46.01087,44.10215,45.01111,47.01064,44.04543,42.19005,43.04649,42.0119,44.04543,40.11234,39.20459,41.19466,37.48333,37.10795,38.32754,36.40055,36.40055,37.36308,33.24154,30.41381,26.92582,27.45906,23.32381,25.55386,22.80351,19.79899,18.38478,19.84943,16.97056,16.12452,18.78829,15.23155,12.08305,10.29563,48.54894,48.37355,51.0,52.3259,51.89412,54.12947,53.75872,56.0803,58.82176,58.87274,61.98387,60.08328,61.35145,62.93648,63.32456,64.7611,62.8172,63.34824,64.84597,65.52099,62.64184,64.7611,64.84597,65.80274,62.29767,62.96825,63.24555,60.40695,64.84597,62.03225,63.97656,63.69458,64.07808,65.9242,64.84597,64.00781,66.57327,62.1289,66.0303,64.63745,65.45991,67.00746,62.62587,66.4003,62.80127,63.65532,65.06919,63.65532,61.55485,63.65532,63.70243,60.20797,60.1415,57.00877,60.80296,61.22091,59.81639
8.94427,7.61577,8.544,8.544,8.544,7.28011,8.24621,8.24621,7.28011,8.24621,8.24621,8.06226,7.07107,7.07107,7.07107,8.06226,7.07107,7.07107,7.07107,8.0,7.07107,7.07107,7.0,7.07107,7.07107,7.07107,7.07107,7.07107,7.07107,6.08276,6.08276,6.32456,6.32456,5.38516,5.38516,5.38516,4.47214,5.0,4.24264,3.60555,3.60555,3.60555,2.82843,2.82843,2.82843,2.23607,2.23607,2.23607,2.23607,2.0,2.0,2.0,53.07542,51.62364,54.20332,51.86521,47.20169,50.77401,48.54894,50.24938,48.30114,50.9902,49.39636,45.88028,46.17359,47.16991,45.88028,44.92215,46.8188,47.12749,47.53946,45.60702,45.12206,44.72136,47.07441,44.40721,42.95346,42.57934,44.72136,41.59327,45.60702,42.44997,43.93177,41.97618,38.60052,40.49691,40.5216,38.60052,38.62642,38.48376,37.57659,34.0,33.10589,31.38471,28.42534,27.20294,30.61046,28.3196,25.4951,23.60085,21.26029,19.79899,17.0,15.26434,16.55295,14.31782,13.60147,12.36932,13.15295,47.12749,50.96077,49.24429,53.93515,53.36666,56.22277,55.44367,57.87055,57.55867,60.20797,61.13101,61.13101,63.07139,65.03076,64.03124,60.03332,64.00781,64.00781,66.0303,67.0,62.28965,66.0,64.03124,69.0,65.0,62.20129,62.28965,65.12296,60.29925,66.37017,60.82763,67.89698,65.51336,63.78871,65.80274,62.64184,63.60031,69.26038,63.90618,66.7308,62.62587,63.07139,66.21178,63.95311,65.74192,58.66856,61.05735,64.89992,63.51378,60.74537,62.96825,61.29437,62.62587,59.20304,62.42596,61.22091,56.72742
9.89949,9.21954,9.21954,9.21954,9.21954,9.21954,8.60233,8.60233,9.43398,8.60233,8.60233,9.43398,8.94427,8.06226,8.06226,8.94427,8.94427,8.94427,8.544,8.544,8.06226,8.06226,8.06226,8.544,8.06226,8.06226,8.06226,8.06226,7.2111,7.2111,7.2111,7.2111,6.40312,6.40312,7.07107,5.65685,5.65685,5.0,5.0,5.0,5.0,4.47214,3.60555,3.60555,3.16228,3.16228,3.16228,3.16228,3.0,2.0,2.0,2.0,51.40039,53.2635,53.15073,50.32892,50.93133,49.51767,49.51767,48.9183,48.27007,47.63402,50.60632,49.20366,50.77401,46.87217,48.25971,48.76474,48.76474,46.52956,43.82921,47.42362,47.85394,46.95743,43.86342,44.59821,46.51881,44.94441,45.69464,46.51881,43.86342,45.61798,44.72136,41.59327,40.24922,42.05948,41.14608,39.11521,37.21559,38.27532,37.44329,35.4683,36.76955,31.241,28.42534,29.06888,29.41088,28.6531,27.45906,23.02173,25.4951,22.47221,21.0238,17.46425,18.02776,16.27882,13.34166,12.04159,12.0,48.25971,47.26521,51.15662,53.00943,52.0,55.0,54.03702,55.3263,57.31492,58.42089,58.54912,58.85576,63.63961,62.80127,61.66036,62.16912,62.64982,64.53681,63.78871,63.95311,65.11528,63.95311,65.30697,65.76473,63.50591,67.47592,65.27634,62.64982,64.19502,64.19502,62.07254,64.0,64.03124,62.1289,67.1193,63.00794,66.37017,66.61081,63.63961,62.16912,63.95311,65.73431,65.11528,65.25335,60.08328,65.80274,63.32456,61.03278,65.19202,62.39391,60.92618,58.18075,58.18075,59.03389,61.26989,61.29437,59.05929
10.19804,10.19804,9.21954,9.21954,9.21954,9.21954,9.48683,8.24621,8.544,8.544,8.544,8.544,8.544,8.544,8.544,8.94427,8.94427,8.06226,8.06226,8.06226,8.06226,8.06226,7.61577,8.06226,7.61577,7.61577,7.61577,7.61577,7.28011,7.28011,7.28011,7.07107,7.07107,6.08276,7.07107,6.08276,6.0,5.0,5.0,5.09902,5.09902,5.09902,4.12311,4.12311,4.12311,4.12311,3.60555,3.60555,3.60555,3.60555,3.60555,2.82843,53.15073,54.00926,54.08327,52.15362,52.15362,50.08992,48.37355,51.62364,48.50773,47.85394,46.09772,48.50773,49.64877,47.75982,47.12749,47.75982,47.53946,44.01136,46.23851,48.33218,47.42362,46.23851,42.94182,43.909,43.86342,45.31004,45.61798,43.04649,45.18849,42.04759,45.18849,43.46263,43.08132,39.81206,42.05948,36.87818,37.64306,37.85499,39.62323,37.33631,36.22154,32.14032,33.06055,29.01724,28.07134,26.4764,25.4951,24.73863,21.58703,22.13594,21.84033,18.35756,20.12461,17.02939,14.42221,14.86607,12.04159,46.51881,50.77401,48.8774,53.33854,54.08327,52.43091,53.41348,54.67175,60.30755,58.13777,58.72819,60.10824,62.28965,64.3506,64.38167,61.52235,63.65532,65.79514,61.52235,64.3506,60.1415,69.31089,62.93648,62.93648,62.93648,62.24147,64.3506,63.70243,62.482,60.87693,62.62587,61.61169,62.20129,63.82006,65.73431,64.89992,65.51336,63.63175,63.95311,65.79514,67.1193,65.19202,64.4748,64.07808,62.39391,61.35145,62.29767,65.52099,64.51356,62.0967,57.97413,63.34824,61.40033,58.85576,61.18823,61.0,58.85576
9.48683,9.84886,9.84886,8.94427,8.94427,8.94427,9.43398,9.43398,9.43398,8.60233,8.60233,8.60233,8.60233,7.81025,7.81025,9.21954,8.48528,8.60233,8.48528,7.81025,7.81025,7.81025,7.81025,7.81025,7.81025,7.81025,8.60233,7.2111,7.2111,8.06226,6.7082,7.61577,6.7082,6.32456,6.32456,6.32456,6.08276,6.08276,5.0,5.0,5.0,5.0,5.09902,4.0,4.12311,4.12311,4.12311,3.16228,3.16228,3.60555,3.60555,3.60555,58.18075,54.626,51.0,52.3259,54.20332,51.10773,49.92995,51.31277,48.60041,46.2277,47.80167,48.16638,47.42362,44.55334,46.69047,45.96738,46.01087,47.63402,45.45327,43.93177,45.34314,44.68781,42.0119,42.43819,42.44997,43.41659,44.40721,44.20407,41.10961,42.44997,43.86342,43.13931,41.72529,41.72529,42.42641,36.79674,37.01351,34.20526,36.89173,37.21559,37.12142,32.20248,28.23119,29.15476,26.40076,27.51363,27.29469,22.36068,23.0,21.09502,19.0,21.0238,15.29706,17.46425,15.13275,15.81139,12.08305,51.15662,51.0,51.08816,50.03998,54.08327,51.78803,55.7315,56.88585,59.68249,59.43904,57.72348,60.87693,62.58594,67.18631,62.58594,64.28841,65.52099,66.40783,62.64184,65.78754,64.84597,67.35726,63.60031,65.52099,65.25335,67.08204,65.0,62.36185,64.32729,64.32729,65.9242,61.66036,63.95311,61.66036,63.28507,66.18912,66.0303,63.03174,67.00746,67.00746,65.00769,63.28507,66.1211,66.27217,62.80127,63.12686,62.80127,62.16912,67.08204,63.34824,59.66574,65.96969,63.56099,59.43904,62.0967,60.40695,59.48109
9.05539,9.21954,8.24621,8.24621,8.24621,8.24621,8.544,7.61577,8.544,7.61577,8.544,8.544,7.61577,7.61577,8.06226,8.06226,8.06226,8.06226,8.06226,7.2111,7.2111,7.2111,7.2111,7.2111,6.7082,7.2111,7.2111,6.7082,6.7082,6.7082,6.32456,6.32456,6.32456,6.32456,6.32456,5.09902,5.09902,5.0,5.0,4.0,4.0,4.0,3.16228,3.16228,3.0,3.16228,2.23607,2.23607,2.23607,1.41421,1.41421,1.41421,53.23533,55.00909,52.23983,54.23099,47.26521,53.93515,47.85394,47.80167,48.27007,48.50773,53.14132,45.54119,47.75982,45.88028,49.0408,48.33218,46.09772,43.38202,45.17743,46.32494,48.76474,46.95743,42.54409,46.04346,43.41659,42.54409,43.56604,43.86342,42.54409,40.24922,41.67733,43.38202,40.24922,37.12142,40.49691,37.0,37.69615,37.94733,35.17101,34.71311,32.01562,34.1321,32.06244,30.01666,26.1725,27.07397,22.2036,21.58703,20.24846,19.64688,17.46425,19.69772,15.65248,15.26434,17.0,13.60147,11.31371,48.8467,49.65884,51.89412,53.23533,52.83938,56.0357,54.70832,58.82176,58.24946,55.21775,59.66574,62.00806,62.62587,61.6198,64.53681,63.65532,65.11528,63.03174,67.26812,66.8431,64.53681,65.79514,65.94695,65.19202,65.19202,68.41053,62.62587,62.00806,65.0,66.0303,61.58734,66.0303,64.3506,63.63175,66.7308,65.36819,63.07139,65.76473,63.07139,63.56099,63.56099,66.09841,64.84597,63.69458,65.45991,66.09841,60.87693,62.36986,61.61169,63.78871,62.80127,58.46366,57.42822,61.81424,62.514,62.20129,59.07622
10.04988,10.04988,9.05539,10.04988,9.0,10.0,9.0,9.0,9.0,9.0,9.05539,9.05539,9.05539,9.05539,9.05539,9.05539,9.21954,8.06226,9.21954,8.06226,8.06226,8.06226,8.06226,8.06226,8.06226,8.06226,8.06226,8.0,8.06226,8.0,7.0,7.07107,7.07107,7.07107,7.07107,7.07107,6.32456,6.32456,5.38516,5.38516,5.38516,5.38516,5.0,4.47214,5.0,4.24264,4.24264,4.24264,3.60555,3.60555,3.60555,2.82843,54.78138,55.71355,51.5461,53.48832,53.85165,49.72927,50.9902,47.85394,48.83646,45.39824,45.27693,49.0102,48.01042,47.01064,47.01064,49.0102,46.01087,44.10215,44.0,46.27094,45.27693,45.17743,44.01136,42.10701,44.04543,44.10215,44.28318,43.28972,42.10701,44.18144,43.04649,42.10701,39.05125,39.11521,40.0125,39.11521,38.63936,36.87818,34.20526,37.0,37.36308,31.62278,30.08322,27.313,23.70654,26.92582,21.09502,23.02173,21.40093,21.26029,19.10497,16.27882,17.0,16.55295,13.0,13.92839,13.41641,50.0,50.32892,49.51767,51.62364,51.66237,49.67897,52.80152,56.40035,57.42822,61.03278,58.24946,58.82176,61.85467,62.43397,59.90826,63.28507,61.91123,61.29437,59.16925,64.41273,61.77378,64.84597,63.81222,59.68249,64.14047,63.81222,60.20797,60.74537,60.74537,62.96825,61.03278,62.00806,62.00806,60.60528,65.19202,63.89053,63.78087,62.2254,62.2254,63.89053,63.70243,63.78087,63.78087,64.66065,61.84658,61.22091,61.40033,60.46487,61.85467,63.28507,59.68249,59.5399,58.30952,58.66856,57.27128,54.12947,53.7122
9.21954,9.21954,8.60233,8.60233,8.60233,8.60233,8.60233,8.94427,8.60233,8.06226,8.06226,8.94427,8.06226,8.06226,7.61577,7.61577,8.544,7.61577,7.61577,7.61577,7.61577,7.61577,7.61577,7.61577,7.61577,7.61577,7.61577,6.7082,7.2111,7.2111,7.2111,7.2111,6.40312,6.40312,6.40312,5.65685,5.65685,5.0,5.0,5.0,4.47214,4.47214,4.47214,4.12311,4.12311,4.12311,4.0,3.0,3.0,3.0,3.0,3.16228,51.97115,53.22593,53.0,50.24938,55.75841,49.20366,50.47772,47.01064,51.08816,47.42362,45.34314,46.01087,45.25483,46.01087,45.25483,46.09772,47.80167,46.40043,46.04346,45.0,43.93177,44.40721,42.72002,43.82921,40.81666,45.48626,43.82921,40.22437,40.80441,44.04543,45.22168,40.0,41.23106,38.01316,41.72529,35.60899,36.76955,36.79674,34.65545,36.61967,33.6006,32.20248,29.15476,32.64966,25.63201,26.40076,22.56103,22.13594,20.22375,20.22375,19.0263,22.0,16.12452,18.0,13.34166,16.49242,15.65248,48.01042,48.04165,52.00961,50.15974,54.08327,52.34501,52.46904,54.74486,57.27128,57.87055,58.69412,60.16644,60.41523,64.7611,63.06346,65.52099,65.14599,65.52099,60.41523,65.14599,62.36986,65.80274,65.14599,61.13101,66.21933,62.36185,63.32456,63.56099,64.53681,63.34824,64.77654,61.52235,60.40695,64.07027,62.39391,66.0303,65.00769,62.00806,62.00806,64.03124,64.19502,66.06815,62.1289,66.27217,60.82763,60.53098,61.52235,61.39218,64.03124,61.84658,62.0967,61.13101,58.5235,59.77458,60.40695,56.0803,55.9464
8.544,8.94427,8.94427,8.94427,8.06226,8.06226,8.06226,8.06226,7.2111,7.81025,8.60233,7.81025,7.81025,7.81025,7.81025,8.48528,7.81025,7.07107,7.81025,7.07107,7.81025,7.81025,7.07107,7.07107,7.07107,7.07107,7.07107,6.40312,7.07107,6.40312,6.40312,6.40312,5.83095,5.83095,5.83095,5.38516,5.38516,5.38516,4.12311,4.12311,4.0,4.0,4.0,3.0,3.16228,3.16228,3.16228,3.16228,2.23607,2.23607,2.23607,2.23607,57.21888,52.61179,51.47815,50.01,47.29693,49.47727,46.57252,48.27007,45.54119,46.61545,47.01064,46.52956,45.61798,47.01064,42.72002,44.65423,45.65085,46.32494,44.41846,45.22168,46.04346,42.80187,42.80187,42.80187,41.04875,44.40721,42.0119,41.88078,42.80187,39.20459,42.44997,41.23106,40.31129,41.04875,38.01316,39.35734,37.57659,35.34119,31.62278,32.01562,32.57299,29.41088,27.45906,30.26549,28.07134,26.30589,22.09072,25.01999,19.23538,21.0238,16.55295,17.08801,17.0,18.02776,15.26434,14.42221,11.18034,49.0408,48.33218,52.7731,49.64877,54.12024,52.69725,52.69725,56.30275,58.60034,56.40035,59.64059,61.61169,64.2028,64.03124,64.81512,63.89053,66.70832,65.19202,61.07373,64.44377,63.41136,68.68042,64.2028,62.80127,62.36986,66.61081,65.60488,65.80274,62.42596,64.3506,61.05735,63.28507,62.43397,64.49806,62.17717,63.06346,61.46544,63.56099,62.39391,67.41662,66.48308,62.62587,65.78754,63.89053,61.40033,57.28001,61.39218,62.80127,61.98387,61.98387,58.69412,61.20457,58.13777,58.13777,57.21888,58.07753,57.03508
8.24621,8.24621,8.24621,8.24621,8.24621,8.06226,8.06226,8.06226,8.06226,7.0,8.0,8.0,7.0,7.0,7.0,7.0,8.0,7.0,7.07107,7.07107,7.07107,7.07107,7.07107,7.07107,7.07107,7.0,7.0,6.0,7.0,6.0,6.0,6.08276,6.08276,5.09902,5.38516,5.38516,5.38516,4.47214,4.47214,4.47214,4.24264,4.24264,3.60555,3.60555,3.60555,3.60555,3.16228,2.82843,2.23607,2.23607,2.23607,3.0,57.38467,56.61272,51.61395,50.47772,51.10773,50.11986,48.37355,48.33218,48.75449,44.28318,45.88028,46.23851,47.43416,48.76474,41.48494,46.09772,45.70558,43.73786,43.41659,44.55334,42.75512,43.28972,42.10701,41.4367,41.30375,44.18144,40.60788,43.01163,41.10961,41.30375,40.31129,40.60788,42.57934,39.62323,37.36308,35.44009,39.21734,36.76955,37.69615,32.31099,33.12099,29.52965,28.6531,29.15476,27.78489,24.83948,23.34524,24.08319,20.24846,17.80449,20.0,15.23155,16.12452,16.12452,15.65248,13.0,12.04159,49.24429,49.33559,51.41984,51.5461,51.66237,50.9902,54.74486,55.10898,57.42822,57.87055,60.40695,59.4138,63.15061,63.3877,61.20457,64.38167,65.27634,66.37017,60.40695,64.19502,65.27634,65.27634,66.27217,67.60178,63.28507,64.77654,65.37584,62.64982,65.11528,62.36986,65.76473,63.06346,61.68468,64.19502,64.84597,64.19502,65.55151,63.69458,63.56099,64.84597,63.95311,63.97656,62.76942,64.66065,59.05929,64.14047,64.3506,61.40033,62.80127,61.84658,60.959,60.20797,60.30755,60.30755,61.52235,58.0517,54.45181
9.48683,8.94427,8.94427,8.94427,8.94427,8.06226,8.60233,8.60233,8.60233,8.60233,8.60233,8.60233,8.60233,7.81025,7.81025,8.48528,7.81025,7.81025,7.81025,7.81025,7.07107,7.07107,7.81025,7.07107,7.81025,7.81025,7.81025,7.07107,6.40312,7.2111,6.40312,6.40312,5.83095,5.83095,5.83095,5.38516,5.38516,4.47214,4.12311,4.12311,4.12311,4.12311,3.0,3.0,3.0,3.0,3.0,2.0,2.0,2.23607,2.23607,1.41421,55.7853,51.5461,54.08327,53.48832,52.20153,47.42362,47.88528,48.76474,48.30114,48.37355,48.76474,47.88528,45.22168,45.80393,46.40043,46.69047,47.50789,44.68781,45.34314,45.27693,44.55334,45.34314,45.25483,43.18565,41.86884,41.7732,41.01219,41.7732,42.42641,41.72529,41.03657,41.7732,40.60788,38.94868,40.0,38.01316,37.73592,35.8469,34.43835,37.69615,31.7805,33.10589,30.8707,27.51363,25.96151,27.45906,25.70992,24.08319,19.0263,21.0238,17.26268,17.46425,13.60147,15.23155,14.31782,14.86607,10.77033,48.37355,46.87217,50.69517,51.66237,50.28916,51.86521,53.85165,54.12947,56.79789,57.77543,58.87274,61.84658,61.84658,62.76942,62.6099,61.26989,64.88451,62.6099,61.26989,65.51336,64.3506,65.8635,63.52952,62.6099,63.06346,64.62198,63.69458,61.7171,60.00833,64.62198,62.96825,64.2573,64.62198,64.84597,64.51356,60.40695,64.7611,66.91039,61.52235,65.37584,62.16912,64.62971,63.50591,60.67125,61.20457,62.64982,59.3043,59.21149,59.13544,58.03447,55.44367,58.69412,58.30952,58.85576,59.68249,55.10898,56.4358
10.0,10.0,9.0,9.0,9.05539,9.05539,9.05539,9.21954,9.05539,8.06226,8.24621,8.24621,8.24621,8.24621,8.24621,8.24621,8.24621,7.61577,8.544,8.24621,7.28011,7.28011,7.61577,7.61577,7.28011,7.61577,7.28011,7.07107,7.07107,7.07107,7.07107,7.07107,7.07107,7.0,7.0,6.0,6.0,6.08276,5.09902,5.09902,5.09902,4.47214,4.47214,4.47214,4.47214,3.60555,3.60555,3.60555,3.60555,2.82843,2.82843,2.82843,55.65968,54.12024,52.39275,50.9902,52.61179,52.46904,48.37355,51.35173,46.09772,47.01064,47.01064,47.01064,47.0,44.04543,47.04253,44.40721,46.87217,46.27094,46.09772,45.39824,48.6621,42.95346,43.93177,45.12206,41.23106,43.73786,41.7732,42.57934,43.17407,40.79216,41.30375,43.73786,38.20995,41.01219,38.32754,40.11234,36.0,34.05877,36.01389,33.06055,30.41381,32.98485,30.08322,31.62278,28.23119,23.4094,24.69818,21.9545,20.24846,18.60108,18.60108,17.80449,15.0,13.45362,15.65248,17.0,13.89244,47.63402,49.57822,46.69047,54.45181,52.3259,53.2635,54.67175,55.22681,59.5483,56.22277,60.21628,58.24946,63.00794,64.07027,64.07027,59.68249,66.57327,60.46487,66.85058,62.76942,62.1289,67.1193,63.81222,62.43397,61.05735,65.45991,64.3506,66.0303,61.85467,64.63745,59.03389,62.482,58.25805,62.28965,64.44377,64.38167,62.93648,67.26812,63.78087,65.19202,65.60488,63.60031,62.80127,61.29437,61.03278,60.20797,63.28507,61.29437,62.17717,60.41523,61.7171,61.26989,63.06346,57.24509,58.69412,61.68468,56.46238
8.94427,9.43398,8.60233,9.43398,8.60233,8.60233,9.21954,9.21954,9.21954,7.81025,9.21954,9.21954,8.48528,8.48528,8.48528,9.21954,8.60233,7.81025,7.81025,7.81025,7.81025,7.81025,7.81025,7.81025,7.81025,7.81025,7.81025,7.07107,7.07107,7.07107,7.07107,6.40312,6.40312,6.40312,5.83095,5.83095,5.38516,5.38516,4.47214,4.47214,4.12311,4.12311,4.12311,4.0,3.0,3.0,3.0,2.0,2.23607,2.23607,2.23607,1.41421,55.22681,51.62364,54.08327,50.80354,51.40039,50.0,49.0408,48.83646,48.08326,47.42362,49.57822,46.75468,45.27693,45.96738,45.27693,46.8615,44.40721,43.60046,45.0,46.04346,47.16991,42.2019,44.41846,43.26662,43.82921,39.96248,46.40043,44.65423,42.2019,41.6173,42.80187,41.86884,39.66106,39.82462,40.45986,37.48333,38.20995,37.53665,32.55764,32.44996,33.01515,30.88689,30.01666,26.62705,25.4951,26.40076,22.84732,22.80351,21.37756,20.22375,19.0263,18.02776,14.0,15.13275,11.7047,12.64911,12.08305,48.83646,46.38965,50.08992,52.15362,53.03772,55.22681,54.0,55.03635,56.0357,56.4358,57.70615,58.54912,60.29925,61.18823,61.98387,62.16912,66.91039,64.7611,63.34824,64.13267,64.32729,61.98387,65.96969,65.96969,64.32729,61.98387,61.18823,65.11528,62.39391,62.514,61.66036,62.39391,64.19502,59.07622,65.0,63.03174,62.0,64.0,64.00781,61.20457,61.29437,62.96825,64.93843,60.67125,62.16912,61.40033,59.66574,62.36185,58.94065,61.03278,59.13544,57.24509,57.58472,58.30952,60.53924,57.00877,59.9333
9.05539,8.24621,8.24621,8.24621,8.24621,8.24621,8.24621,7.61577,7.28011,7.61577,7.61577,7.61577,7.61577,7.61577,7.61577,8.06226,6.7082,6.7082,7.2111,7.2111,6.7082,6.7082,6.7082,6.7082,6.7082,6.7082,6.7082,6.7082,6.7082,6.32456,6.32456,6.32456,6.08276,6.08276,5.09902,5.0,5.0,5.0,5.09902,4.12311,4.12311,4.12311,3.16228,3.60555,3.60555,2.82843,2.82843,2.82843,2.82843,2.23607,2.23607,2.23607,55.9017,56.56854,56.0357,48.37355,51.0098,51.0392,51.0392,51.0098,48.04165,45.27693,47.26521,47.38143,48.25971,46.69047,46.87217,45.35416,46.32494,46.17359,45.35416,43.01163,45.88028,42.05948,42.72002,53.75872,46.32494,44.59821,44.38468,44.59821,41.78516,43.32436,39.05125,38.32754,42.2019,42.2019,36.40055,37.48333,36.34556,37.21559,37.12142,33.01515,32.06244,29.15476,34.23449,29.27456,28.44293,25.0,23.4094,25.63201,21.18962,19.23538,18.86796,18.60108,15.6205,14.86607,16.27882,10.81665,14.21267,50.21952,51.0392,51.85557,52.49762,53.90733,57.31492,57.28001,60.82763,59.5483,57.28001,60.30755,62.482,63.70243,63.89053,67.35726,65.21503,66.21933,65.21503,65.94695,69.2026,67.62396,68.8186,66.4003,67.00746,66.06815,66.8431,65.29931,68.24954,64.53681,64.44377,65.8559,63.63961,67.20863,62.96825,65.29931,65.94695,65.60488,66.21933,67.42403,68.7968,67.1193,65.0,65.51336,68.09552,62.6099,65.36819,64.41273,61.46544,64.2573,61.84658,62.96825,59.80803,63.56886,58.82176,60.16644,62.0967,60.41523
10.0,8.60233,9.21954,8.60233,9.21954,9.21954,8.48528,8.48528,8.48528,8.48528,8.48528,8.48528,7.81025,7.81025,7.81025,7.81025,7.81025,7.81025,7.81025,7.2111,7.81025,7.2111,7.81025,7.2111,7.81025,7.81025,7.07107,7.07107,7.07107,7.07107,6.40312,6.40312,6.40312,6.40312,6.7082,5.83095,5.38516,5.38516,5.38516,5.09902,5.09902,5.09902,4.0,4.0,4.0,4.0,4.12311,3.16228,3.16228,3.16228,3.16228,3.16228,53.48832,55.4617,49.1935,52.83938,51.10773,46.87217,51.62364,50.0,49.81967,45.60702,48.01042,46.87217,49.0408,46.8615,45.45327,46.75468,48.79549,43.86342,43.18565,44.55334,43.18565,44.55334,42.0119,40.60788,41.7732,38.28838,43.93177,41.23106,40.45986,42.42641,40.31129,42.44997,39.59798,38.8973,42.0119,38.41875,37.80212,37.73592,32.75668,32.64966,35.34119,31.7805,28.4605,28.86174,27.20294,25.70992,25.4951,21.2132,26.0,20.02498,20.0,20.22375,15.13275,17.26268,12.64911,16.55295,13.60147,51.24451,49.16299,51.08816,53.08484,54.00926,53.15073,52.08647,54.45181,59.5399,57.87055,59.84146,62.80127,61.0,66.28725,61.0,65.73431,60.41523,66.21933,61.61169,66.21933,62.64184,68.15424,65.80274,63.78871,64.28841,64.28841,62.58594,66.4906,67.08204,63.78871,62.96825,62.80127,61.66036,62.514,63.50591,65.06919,66.0,65.00769,65.03076,66.06815,64.00781,65.27634,62.20129,66.48308,60.29925,65.9242,60.82763,64.62971,64.53681,63.95311,60.41523,64.03124,61.13101,59.90826,56.61272,59.48109,62.36185
10.29563,9.84886,10.77033,9.84886,9.84886,9.48683,9.48683,9.48683,9.21954,9.21954,9.21954,9.21954,9.21954,9.21954,9.21954,9.05539,9.05539,9.05539,9.05539,9.05539,8.06226,9.05539,9.05539,9.05539,8.06226,8.06226,8.06226,8.24621,8.24621,8.24621,7.28011,7.61577,7.61577,7.61577,6.7082,6.7082,6.7082,6.40312,5.65685,5.65685,5.65685,5.0,5.0,4.24264,4.24264,3.60555,3.60555,3.60555,3.16228,3.16228,3.16228,3.16228,52.3259,52.7731,52.80152,52.80152,50.15974,50.59644,50.28916,48.70318,48.50773,48.50773,49.0306,48.6621,47.67599,44.55334,44.18144,44.40721,44.18144,46.04346,44.10215,47.16991,43.18565,46.04346,41.10961,43.04649,43.0,41.04875,44.01136,44.0,40.1995,43.0,41.01219,38.32754,41.19466,38.47077,38.47077,37.36308,38.83298,34.48188,35.4683,35.8469,32.28002,32.64966,32.44996,26.07681,28.30194,27.80288,23.43075,24.75884,21.2132,21.26029,19.10497,17.20465,17.0,16.15549,16.15549,15.52417,15.0333,48.27007,46.66905,49.51767,50.9902,53.2635,52.63079,53.00943,57.00877,58.82176,55.75841,59.68249,60.20797,62.96825,61.05735,59.68249,63.07139,62.64982,65.30697,63.13478,67.54258,62.64982,66.70832,66.64083,63.06346,62.16912,65.36819,63.52952,63.52952,63.06346,64.00781,60.53924,63.81222,63.28507,66.85058,61.58734,63.82006,63.00794,66.70832,63.89053,60.959,65.11528,63.65532,61.55485,65.79514,62.28965,59.5483,61.22091,62.20129,60.80296,61.22091,60.80296,62.1289,60.60528,59.90826,61.29437,54.6443,61.40033
10.29563,8.94427,9.43398,9.43398,9.43398,9.43398,8.60233,8.60233,9.21954,9.21954,8.60233,9.21954,8.48528,8.48528,8.48528,8.48528,8.48528,8.48528,7.81025,7.81025,7.81025,7.81025,8.48528,7.81025,7.81025,7.81025,7.07107,7.81025,7.81025,7.81025,7.81025,7.81025,7.2111,7.2111,5.83095,5.83095,5.83095,5.83095,5.38516,5.38516,5.09902,4.12311,4.12311,4.12311,4.0,3.0,3.0,3.0,3.0,3.0,3.0,2.0,55.9464,54.20332,54.20332,51.22499,49.81967,49.81967,50.44799,50.44799,48.10405,47.38143,47.38143,46.09772,50.9902,46.09772,48.16638,44.20407,46.75468,45.60702,44.65423,43.26662,43.909,42.72002,46.87217,42.94182,44.41846,41.67733,41.18252,41.6173,43.01163,42.19005,40.0,39.11521,41.6173,40.60788,36.89173,37.64306,36.40055,37.48333,36.76955,33.24154,31.14482,31.38471,33.61547,30.01666,25.94224,23.70654,23.76973,22.80351,18.68154,19.31321,18.24829,17.11724,19.0263,14.03567,17.46425,12.36932,12.36932,46.69047,47.51842,49.49747,51.15662,54.14795,52.00961,50.08992,56.00893,56.00893,57.21888,58.42089,62.39391,61.52235,62.39391,60.53098,62.64982,62.64982,62.96825,64.77654,61.20457,63.50591,64.77654,64.13267,66.28725,62.16912,61.81424,62.16912,63.50591,61.40033,66.1211,59.07622,64.07027,63.0,62.07254,66.06815,62.28965,66.48308,63.07139,65.19202,63.95311,65.76473,62.36986,62.36986,63.78871,61.13101,63.60031,63.56886,59.23681,61.84658,60.53924,59.77458,59.46427,57.77543,58.5235,58.18075,59.03389,56.35601
10.0,10.0,10.04988,10.04988,9.05539,9.05539,9.05539,9.21954,9.21954,9.21954,9.21954,9.21954,9.48683,8.544,8.544,8.544,8.544,8.544,8.544,8.544,8.544,8.544,8.544,8.544,8.544,8.544,8.24621,7.28011,8.24621,7.07107,7.28011,7.07107,7.07107,7.07107,7.0,6.0,6.08276,6.0,6.08276,5.09902,5.09902,4.12311,4.12311,4.12311,4.12311,3.16228,3.60555,3.60555,3.16228,2.82843,2.82843,2.23607,58.85576,51.78803,54.74486,50.15974,50.35871,52.15362,51.0098,53.0,48.0,49.0102,46.09772,47.16991,49.49747,47.38143,45.39824,46.27094,48.37355,45.70558,48.27007,41.7732,45.60702,40.5216,46.48656,42.72002,42.72002,43.68066,39.84972,44.01136,43.17407,43.41659,38.83298,42.72002,38.83298,43.17407,37.85499,39.20459,38.47077,36.01389,36.12478,33.0,30.06659,29.61419,31.57531,28.63564,31.57531,25.96151,24.35159,19.69772,22.47221,19.23538,20.80865,18.60108,15.26434,16.40122,12.04159,13.92839,12.52996,44.41846,49.09175,47.50789,50.47772,50.60632,54.67175,53.2635,55.97321,58.0,53.07542,56.63921,59.46427,61.7171,62.36986,63.78087,60.959,67.47592,61.7171,65.8559,62.482,61.55485,66.70832,61.40033,67.47592,62.62587,65.43699,63.89053,66.6033,60.1415,65.76473,58.69412,67.89698,67.20863,62.20129,63.89053,62.62587,59.03389,62.80127,62.20129,63.51378,64.63745,61.77378,65.0,62.17717,63.06346,65.74192,65.74192,59.09315,60.92618,59.23681,61.84658,63.15853,62.96825,55.02727,61.98387,61.98387,57.00877
8.48528,7.81025,7.81025,7.81025,7.81025,7.81025,7.2111,7.2111,7.2111,7.2111,7.2111,7.2111,6.7082,7.2111,6.7082,7.61577,6.32456,6.7082,6.32456,7.28011,6.32456,6.32456,6.32456,6.32456,6.7082,6.7082,6.32456,6.7082,6.7082,5.83095,5.83095,5.83095,5.83095,5.0,5.0,5.0,5.0,5.0,3.60555,3.60555,3.60555,3.60555,3.16228,3.16228,3.16228,2.0,2.0,3.0,2.0,2.23607,2.23607,2.23607,53.2635,52.49762,52.34501,52.34501,49.81967,50.24938,47.63402,53.41348,45.60702,46.61545,45.48626,46.14109,49.24429,44.41846,43.41659,45.69464,45.17743,42.54409,47.92703,42.72002,43.01163,39.92493,42.72002,42.05948,46.17359,41.10961,41.78516,41.78516,40.16217,40.16217,40.8534,39.92493,36.76955,40.24922,33.54102,35.8469,33.61547,34.1321,30.52868,31.62278,28.01785,32.80244,29.83287,29.73214,29.83287,23.34524,21.09502,21.9545,18.86796,21.9545,21.0238,16.15549,18.35756,14.14214,15.0,11.04536,10.77033,46.17359,49.24429,50.21952,50.63596,49.25444,55.22681,53.23533,54.08327,59.13544,58.07753,58.03447,60.00833,60.07495,63.03174,69.11584,61.0082,66.18912,64.28063,66.1211,63.12686,66.1211,69.06519,64.19502,67.02984,65.27634,65.06919,65.12296,65.03076,63.07139,68.0,63.07139,65.19202,62.28965,64.62971,66.75328,65.30697,62.58594,63.06346,65.73431,65.0,68.41053,61.68468,66.7308,65.78754,63.69458,62.24147,60.83584,63.06346,63.52952,62.6099,59.94164,64.89992,63.63175,54.08327,62.76942,66.37017,58.82176
10.0,9.43398,9.43398,9.43398,8.06226,9.43398,8.06226,8.94427,8.94427,7.61577,8.06226,8.544,8.544,7.61577,7.61577,7.61577,8.24621,7.28011,8.24621,7.28011,7.28011,7.28011,7.61577,7.28011,7.28011,7.61577,7.61577,6.7082,6.7082,6.7082,6.7082,6.7082,5.83095,5.83095,5.65685,5.65685,5.65685,5.65685,5.0,5.0,4.47214,4.47214,4.47214,4.12311,4.12311,4.12311,4.0,3.0,3.0,3.0,3.0,3.16228,56.72742,52.3259,53.03772,53.03772,50.93133,53.75872,51.85557,55.31727,49.64877,48.82622,48.01042,46.87217,47.70744,43.04649,42.54409,43.38202,44.28318,44.38468,43.86342,41.67733,43.46263,41.23106,44.27189,41.23106,42.54409,40.8534,40.71855,42.37924,41.4367,44.94441,39.21734,42.48529,38.07887,37.57659,34.48188,37.58989,37.20215,35.80503,32.01562,33.97058,33.30165,32.55764,30.4795,30.4795,29.83287,24.59675,24.69818,23.25941,19.64688,18.68154,20.09975,17.02939,17.26268,19.10497,14.31782,17.26268,14.31782,50.80354,49.64877,51.10773,51.47815,50.08992,54.12947,51.24451,53.85165,58.5235,55.36244,56.921,58.82176,61.98387,60.44005,63.56099,62.8172,66.75328,63.95311,65.96969,64.62971,63.95311,67.08204,63.15061,66.94027,66.94027,64.7611,64.32729,67.68309,64.56005,66.48308,62.58594,67.44627,65.14599,67.35726,66.76077,64.19502,62.24147,63.56099,65.79514,66.64833,68.15424,63.63175,65.8635,66.64833,64.00781,61.77378,64.66065,63.81222,63.24555,64.07027,60.44005,63.82006,65.43699,57.38467,60.44005,66.4003,60.30755
10.19804,9.21954,9.21954,9.21954,9.48683,9.48683,9.48683,9.48683,8.544,8.94427,8.544,8.94427,8.94427,8.94427,8.94427,8.94427,8.06226,8.06226,8.06226,8.06226,8.06226,8.06226,8.06226,8.06226,8.06226,8.06226,7.61577,7.61577,7.61577,7.61577,6.7082,7.28011,7.28011,6.32456,6.08276,6.08276,6.08276,6.08276,5.0,5.0,5.0,4.0,4.0,4.12311,4.12311,3.16228,3.16228,3.16228,3.16228,3.16228,2.23607,2.23607,57.31492,54.74486,58.0517,51.62364,47.67599,53.15073,51.1957,52.63079,47.80167,50.0,45.88028,48.70318,46.61545,45.88028,44.38468,47.88528,48.75449,46.14109,47.16991,44.41846,47.70744,43.41659,43.56604,44.65423,45.65085,41.67733,40.31129,41.67733,43.56604,43.04649,38.58756,42.05948,39.82462,37.58989,38.01316,38.62642,37.33631,36.68787,35.44009,35.90265,35.35534,31.57531,30.26549,30.14963,25.01999,26.07681,27.45906,25.31798,25.70992,21.58703,17.26268,19.31321,16.64332,16.55295,14.14214,13.0384,11.40175,46.69047,47.80167,45.35416,50.0,48.08326,52.55473,50.92151,53.66563,54.12947,56.35601,56.35601,61.29437,61.77378,61.40033,63.13478,60.90156,67.74216,61.91123,63.52952,65.8635,64.49806,64.66065,62.68174,66.88797,64.89992,67.23095,60.53924,64.14047,64.88451,67.1193,63.07139,66.18912,64.88451,63.50591,64.4748,62.76942,59.80803,65.14599,66.7308,66.76077,65.96969,63.15061,65.73431,66.28725,63.15061,67.47592,62.80127,63.50591,65.12296,62.64982,62.28965,62.00806,62.20129,57.03508,60.03332,60.00833,60.0
9.48683,9.84886,8.544,8.94427,8.94427,8.94427,8.94427,8.06226,8.06226,8.06226,8.60233,8.60233,7.81025,8.60233,7.81025,7.81025,7.81025,7.81025,7.81025,7.81025,7.81025,7.81025,7.07107,7.07107,7.07107,7.81025,7.81025,7.2111,7.2111,6.40312,6.7082,5.83095,5.83095,5.38516,5.38516,5.38516,5.38516,5.09902,4.12311,4.12311,4.0,4.0,3.0,3.0,3.0,3.0,2.0,2.23607,2.23607,2.23607,2.23607,1.41421,55.15433,52.55473,53.75872,51.5461,51.66237,51.24451,47.67599,50.21952,48.83646,46.69047,47.67599,47.16991,47.16991,43.04649,46.38965,47.01064,46.01087,47.0,44.04543,45.17743,46.09772,42.29657,42.10701,42.19005,44.18144,43.10452,42.57934,40.31129,39.05125,41.19466,42.10701,42.0119,36.05551,38.01316,37.01351,40.1995,34.23449,34.36568,31.7805,32.01562,33.95585,31.01612,26.24881,26.40076,28.17801,21.63331,24.41311,20.61553,22.02272,19.84943,19.10497,18.43909,15.6205,12.08305,16.64332,12.08305,12.64911,46.40043,48.83646,46.75468,52.34501,50.91169,50.9902,52.63079,52.63079,52.80152,53.2635,56.40035,59.64059,63.89053,61.61169,61.58734,62.43397,66.03787,61.58734,64.66065,65.8635,65.73431,65.36819,63.51378,64.89992,62.76942,66.57327,67.95587,67.74216,59.36329,64.3506,63.00794,66.4003,63.41136,64.53681,66.06815,67.35726,63.03174,63.65532,64.3506,62.93648,67.17887,63.89053,66.6033,64.81512,67.00746,64.40497,64.40497,64.07027,65.73431,61.29437,59.36329,63.81222,69.64194,59.5399,60.03332,63.07139,57.24509
9.84886,9.84886,9.84886,9.84886,9.84886,9.48683,9.48683,9.48683,9.48683,9.21954,9.21954,9.21954,9.21954,9.21954,8.24621,9.21954,8.06226,8.06226,8.06226,8.06226,8.06226,8.06226,8.06226,8.06226,8.06226,8.06226,8.06226,7.28011,8.24621,7.28011,7.28011,7.61577,7.61577,6.7082,6.7082,6.7082,5.83095,5.83095,5.83095,5.65685,5.0,5.0,5.0,4.24264,4.24264,3.60555,3.60555,3.60555,3.60555,3.16228,3.16228,3.16228,58.69412,53.03772,55.97321,52.34501,53.2635,52.00961,53.41348,51.61395,49.39636,51.97115,48.37355,50.53712,51.0,46.51881,44.41846,47.92703,47.42362,47.75982,48.46648,44.38468,48.10405,44.27189,43.9659,42.15448,43.32436,42.37924,43.32436,43.68066,41.4367,41.78516,43.46263,42.95346,38.48376,42.48529,35.35534,39.40812,38.58756,37.73592,36.61967,34.4093,32.80244,32.01562,28.3196,27.65863,29.41088,26.40076,27.45906,22.47221,26.41969,16.55295,20.24846,18.38478,17.46425,16.27882,16.03122,14.03567,16.27882,46.52956,46.52956,46.51881,51.47815,48.46648,51.07837,51.24451,54.70832,56.75385,52.88667,57.72348,58.69412,58.69412,60.20797,65.9242,58.54912,66.91039,60.40695,62.96825,63.3877,63.50591,66.75328,64.13267,62.96825,63.95311,65.30697,66.91039,65.30697,64.32729,66.28725,62.36185,65.0,63.32456,63.60031,62.29767,61.35145,63.15853,65.9242,65.79514,65.79514,66.21178,64.41273,68.0,68.0,66.7308,62.96825,65.19202,63.81222,64.07027,63.51378,63.60031,63.89053,66.21933,56.22277,58.41233,63.60031,58.0517
8.544,9.48683,9.48683,9.48683,8.24621,8.24621,8.06226,8.06226,8.06226,8.06226,8.06226,8.06226,8.06226,8.06226,8.0,7.0,8.0,7.0,8.0,7.07107,7.0,7.0,7.0,7.0,7.0,7.07107,7.07107,7.07107,7.07107,6.08276,6.08276,6.08276,6.08276,6.32456,5.38516,5.38516,5.83095,5.0,5.0,5.0,4.24264,4.24264,4.24264,3.60555,3.60555,3.60555,3.16228,3.60555,3.16228,3.16228,3.0,3.0,54.56189,56.35601,56.46238,54.626,52.20153,51.62364,50.28916,50.0,48.70318,51.1957,47.29693,45.39824,48.25971,44.28318,48.05206,47.16991,47.16991,44.28318,46.04346,42.04759,47.09565,44.01136,43.01163,41.01219,43.18565,45.09989,42.0,44.01136,41.0,41.04875,40.04997,42.19005,41.01219,38.0526,41.59327,40.60788,38.47077,38.47077,35.17101,33.83785,32.57299,28.6531,32.20248,29.06888,25.80698,24.83948,22.2036,22.80351,24.04163,19.84943,19.84943,17.0,18.43909,15.0,17.08801,14.31782,15.0333,45.60702,47.70744,51.31277,50.60632,47.70744,50.60632,53.53504,53.7122,55.9464,56.79789,57.77543,61.32699,63.56099,60.00833,63.15853,61.03278,65.9242,64.62198,63.50591,66.70832,67.1193,66.30988,62.24147,62.03225,62.03225,65.55151,65.19202,67.41662,65.30697,66.18912,65.29931,67.53518,67.23095,65.19202,68.7968,65.45991,65.0,64.89992,64.40497,69.52697,70.43437,63.78087,67.35726,70.00714,65.05382,68.593,66.48308,64.81512,69.81404,62.482,65.94695,63.12686,64.03124,62.00806,62.80127,63.82006,61.77378
9.48683,9.84886,8.544,9.48683,8.24621,9.48683,8.24621,9.21954,9.21954,8.06226,9.05539,9.05539,8.06226,9.05539,8.06226,8.06226,9.0,8.06226,8.0,8.0,8.0,8.0,8.0,8.0,8.0,8.0,8.06226,7.07107,8.06226,7.07107,7.07107,7.07107,6.32456,6.32456,6.32456,5.38516,5.38516,5.38516,5.38516,4.47214,3.60555,4.24264,3.60555,3.60555,2.82843,2.82843,2.82843,2.82843,2.82843,2.82843,2.23607,2.23607,52.34501,56.85068,53.03772,48.16638,48.16638,50.32892,52.63079,48.41487,50.21952,48.60041,44.41846,43.909,45.65085,46.14109,48.76474,45.61798,45.65085,44.28318,42.95346,45.18849,45.61798,43.46263,42.37924,43.65776,43.68066,42.15448,40.71855,42.15448,40.49691,42.95346,39.0,39.35734,39.81206,37.58989,38.27532,38.58756,38.94868,37.80212,33.83785,31.89044,31.89044,32.55764,29.83287,29.0,26.90725,26.41969,22.82542,21.9545,23.25941,20.24846,15.81139,18.02776,17.08801,14.86607,15.0,12.04159,13.0384,41.4367,43.68066,48.05206,47.07441,46.87217,47.51842,50.21952,50.01,51.35173,53.60037,57.42822,57.21888,57.07889,56.0357,56.0803,60.00833,60.00833,59.03389,64.07027,61.07373,59.07622,59.00847,62.00806,63.00794,65.00769,61.13101,61.20457,61.52235,59.07622,62.39391,61.40033,63.50591,62.58594,61.84658,61.40033,61.61169,63.78871,63.60031,61.13101,61.68468,63.56886,65.78754,64.84597,63.56099,60.53924,60.03332,61.91123,64.00781,61.29437,65.8635,64.00781,61.91123,60.53924,56.93856,60.74537,60.46487,56.0357
10.0,10.0,10.04988,9.05539,9.05539,9.05539,9.05539,9.21954,9.21954,8.24621,9.21954,9.48683,8.544,8.544,8.544,8.544,8.544,8.544,8.544,8.544,8.544,8.544,8.544,8.544,7.61577,8.544,7.61577,7.28011,8.24621,7.28011,7.28011,7.28011,7.07107,7.07107,6.08276,6.0,6.0,6.0,6.0,5.0,5.09902,4.12311,4.12311,4.12311,3.16228,3.16228,3.16228,3.16228,3.16228,2.23607,2.23607,2.23607,59.23681,57.28001,55.54278,53.16014,52.17279,51.78803,53.60037,55.10898,52.61179,52.15362,48.16638,49.0102,49.0,48.04165,46.01087,46.27094,50.08992,46.38965,46.69047,46.69047,45.54119,46.38965,44.91102,47.51842,45.27693,46.57252,46.38965,45.89118,44.38468,43.41659,40.60788,45.27693,43.56604,41.19466,43.18565,42.0119,40.04997,38.0526,40.1995,37.33631,32.55764,31.04835,31.04835,31.01612,27.20294,25.23886,22.82542,22.82542,22.47221,20.61553,18.43909,17.02939,17.69181,18.86796,17.02939,13.89244,15.23155,46.01087,43.13931,48.41487,48.9183,48.9183,51.85557,51.0392,50.80354,52.43091,54.6443,55.56978,57.68882,60.20797,62.43397,62.1289,61.77378,63.13478,63.63175,65.36819,64.00781,65.36819,63.63175,64.66065,65.8635,63.81222,64.14047,63.28507,63.51378,65.45991,64.07027,63.41136,64.2028,65.21503,64.81512,66.70832,61.6198,64.38167,64.3506,65.79514,65.29931,65.43699,67.47592,62.482,64.2028,63.60031,66.03787,67.20119,63.81222,65.36819,59.16925,64.49806,58.13777,61.77378,63.06346,62.16912,62.16912,61.32699
8.06226,8.06226,8.60233,8.60233,8.60233,7.81025,7.81025,7.81025,7.81025,7.07107,7.81025,7.81025,7.81025,7.81025,7.2111,7.81025,7.2111,7.2111,7.2111,7.2111,7.2111,7.2111,7.2111,7.2111,7.2111,6.40312,6.40312,7.07107,6.40312,6.40312,6.40312,6.40312,6.40312,5.83095,5.0,5.0,4.47214,5.38516,4.47214,4.12311,4.12311,4.0,4.0,3.0,3.0,2.0,2.23607,2.23607,2.23607,2.23607,2.23607,2.23607,54.40588,54.40588,52.81098,49.0408,53.31041,48.46648,51.88449,50.08992,46.14109,45.79301,48.54894,45.22168,46.40043,45.60702,47.01064,44.68781,46.01087,44.65423,43.13931,45.27693,43.84062,44.55334,43.18565,44.55334,39.59798,43.27817,43.13931,41.72529,43.27817,39.62323,42.42641,39.62323,41.23106,41.40048,38.60052,37.80212,37.44329,36.05551,36.23534,32.20248,31.38471,31.01612,30.36445,30.36445,28.07134,25.17936,26.01922,24.02082,16.12452,21.0238,20.02498,18.43909,14.86607,15.65248,15.26434,9.43398,13.89244,46.09772,46.17359,46.27094,48.83646,48.83646,50.01,50.01,54.81788,54.70832,53.45091,57.24509,56.64804,61.68468,61.03278,62.39391,62.76942,61.68468,61.84658,62.76942,63.69458,62.39391,62.96825,65.0,65.0,60.00833,62.39391,61.68468,61.68468,62.62587,63.60031,62.36185,63.06346,64.7611,63.06346,60.82763,62.16912,62.96825,64.38167,63.63961,63.50591,63.12686,63.00794,61.0,66.00758,63.00794,63.12686,61.29437,60.40695,62.20129,61.52235,61.52235,61.66036,59.5399,60.20797,60.82763,58.24946,56.08921
9.48683,9.48683,9.84886,9.84886,9.84886,8.94427,8.94427,9.43398,9.43398,8.60233,9.43398,8.60233,8.60233,8.60233,8.60233,9.21954,7.81025,8.60233,7.81025,7.81025,7.81025,8.48528,7.81025,7.81025,7.81025,7.81025,7.81025,7.2111,7.2111,8.06226,7.2111,6.7082,6.7082,6.7082,7.61577,6.32456,6.32456,6.08276,6.08276,5.09902,6.0,5.0,5.0,5.0,4.12311,4.12311,4.12311,4.12311,3.16228,3.60555,3.60555,3.60555,58.46366,55.10898,55.08176,51.24451,51.5461,52.81098,49.0408,52.55473,44.72136,50.15974,46.95743,49.64877,46.64762,45.48626,46.87217,48.01042,46.61545,47.20169,47.01064,43.82921,47.80167,46.32494,46.01087,44.59821,42.0119,43.18565,41.86884,43.86342,42.0119,39.82462,42.80187,41.40048,39.40812,41.40048,38.83298,38.47077,38.58756,36.71512,34.9285,37.57659,36.05551,33.52611,31.57531,27.29469,25.31798,27.16616,28.0,25.01999,25.07987,21.2132,21.2132,19.92486,17.08801,17.08801,16.12452,18.86796,13.41641,44.10215,44.28318,47.38143,52.39275,48.50773,49.72927,52.63079,53.85165,57.56735,55.65968,57.00877,58.5235,58.5235,60.92618,62.76942,59.61543,64.41273,60.41523,61.84658,60.82763,60.16644,60.82763,61.7414,64.40497,62.64982,62.76942,64.4748,65.19202,59.9333,62.76942,60.74537,64.51356,63.89053,64.28841,62.8172,65.0,63.15061,63.56099,62.514,62.80127,63.50591,63.1981,67.18631,65.12296,64.07027,60.00833,62.03225,63.00794,65.00769,63.1981,60.00833,66.1211,63.28507,57.31492,62.28965,61.98387,57.31492
8.60233,8.60233,7.81025,8.60233,7.81025,7.81025,7.07107,7.81025,7.81025,7.81025,7.81025,7.81025,7.81025,7.81025,7.2111,7.2111,7.2111,7.2111,7.2111,7.2111,7.2111,7.2111,7.2111,7.2111,7.2111,7.2111,7.2111,6.40312,7.07107,6.40312,6.40312,6.40312,6.40312,6.40312,5.0,5.0,4.47214,4.47214,4.47214,4.47214,4.12311,4.12311,4.12311,3.0,3.0,3.0,3.0,3.0,2.23607,2.23607,2.23607,2.23607,53.93515,52.95281,52.88667,50.59644,51.66237,48.70318,50.28916,47.75982,48.33218,45.18849,47.85394,47.01064,45.27693,46.32494,41.88078,47.43416,45.79301,46.61545,43.41659,46.61545,43.01163,43.86342,43.27817,43.82921,43.27817,43.60046,40.45986,41.7732,42.80187,44.20407,40.60788,40.60788,41.88078,40.81666,37.73592,35.35534,36.71512,39.0,35.34119,32.64966,31.38471,30.08322,32.75668,28.44293,27.45906,28.07134,25.01999,26.0,22.09072,19.0263,19.41649,15.52417,18.38478,18.02776,15.65248,14.86607,13.60147,45.60702,44.64303,46.17359,46.48656,46.48656,50.15974,50.9902,52.39275,56.85948,54.12947,56.82429,58.18075,61.7171,62.26556,59.5399,62.1289,62.43397,63.63175,61.40033,62.96825,61.40033,64.66065,63.28507,61.29437,63.13478,62.64982,63.52952,63.06346,64.00781,63.50591,61.84658,60.92618,59.5063,61.98387,64.51356,64.84597,63.32456,63.60031,64.28841,63.78871,66.28725,64.32729,64.93843,65.49046,59.4138,65.37584,64.19502,61.0082,66.0303,65.06919,61.0082,62.03225,61.03278,57.07889,62.00806,58.13777,57.42822
9.43398,9.43398,9.43398,8.60233,8.60233,8.60233,8.60233,8.48528,8.48528,8.48528,8.48528,8.48528,8.48528,8.48528,7.81025,7.81025,7.81025,7.81025,7.2111,7.2111,7.2111,7.81025,7.81025,7.2111,7.81025,7.81025,7.81025,7.07107,7.07107,7.07107,6.40312,7.07107,6.40312,6.40312,6.40312,5.83095,5.83095,5.38516,5.38516,5.38516,5.09902,5.09902,5.09902,4.0,4.0,4.0,4.0,3.0,3.0,3.16228,3.16228,3.16228,51.26402,53.14132,50.15974,55.4617,51.89412,47.88528,46.64762,48.02083,49.09175,45.80393,48.25971,47.20169,47.63402,45.34314,47.01064,45.96738,45.25483,47.50789,42.52058,47.38143,46.69047,43.18565,41.7732,42.52058,42.80187,40.31129,43.93177,41.86884,41.7732,44.04543,39.59798,42.44997,41.72529,41.7732,40.36087,38.28838,39.69887,36.61967,36.89173,37.21559,34.48188,37.16181,31.7805,30.08322,26.92582,26.68333,25.31798,24.18677,23.08679,21.0238,20.0,19.0263,16.27882,19.10497,15.81139,16.76305,15.23155,44.18144,43.04649,46.04346,46.17359,49.16299,48.50773,48.6621,52.7731,52.7731,57.48913,55.54278,55.7853,58.69412,61.40033,61.68468,62.62587,63.24555,62.62587,57.28001,59.77458,60.72891,63.90618,64.56005,62.29767,62.29767,62.93648,61.68468,59.90826,60.16644,59.43904,63.56099,59.68249,58.85576,59.4138,63.78871,66.37017,64.28063,60.20797,61.0082,65.00769,64.0,67.06713,66.0303,64.28063,63.1981,65.76473,62.64982,62.39391,60.82763,62.96825,60.87693,64.13267,59.90826,62.16912,63.32456,58.69412,58.5235
9.43398,10.0,10.0,10.0,10.0,9.21954,9.21954,9.21954,9.21954,9.21954,8.48528,9.21954,9.21954,9.21954,9.21954,9.21954,9.21954,9.21954,8.60233,8.60233,8.60233,9.21954,8.60233,8.60233,8.60233,8.60233,8.48528,8.48528,8.48528,7.81025,7.81025,7.81025,7.81025,7.81025,7.2111,6.7082,5.83095,6.7082,5.83095,5.38516,5.38516,5.09902,5.09902,4.12311,4.12311,4.0,4.0,4.0,4.0,3.0,3.0,3.0,59.80803,58.18935,55.47071,52.7731,55.00909,51.97115,51.97115,51.62364,49.92995,48.54894,52.00961,49.67897,49.0408,48.27007,46.8615,46.66905,50.93133,46.66905,48.79549,45.96738,46.75468,47.42362,47.01064,46.2277,44.68781,46.2277,45.45327,48.27007,45.34314,44.59821,43.86342,46.8615,44.55334,44.68781,41.03657,40.60788,40.45986,40.22437,38.41875,34.4093,34.98571,31.38471,34.53983,31.95309,31.95309,25.96151,24.73863,28.28427,24.08319,22.0,22.02272,19.0263,20.09975,16.03122,16.76305,15.81139,11.7047,44.04543,47.16991,48.16638,48.25971,50.35871,51.78803,48.50773,54.12024,52.39275,56.75385,55.36244,57.87055,62.62587,62.62587,60.40695,61.68468,65.39113,62.29767,62.29767,63.90618,63.24555,67.06713,62.24147,65.55151,62.39391,62.62587,60.08328,63.89053,63.89053,62.0967,60.44005,60.20797,61.18823,61.40033,65.37584,64.77654,64.28063,62.20129,65.12296,67.18631,68.0,63.0,64.00781,69.11584,63.28507,64.07027,63.95311,64.93843,66.61081,65.76473,61.66036,63.95311,62.80127,60.87693,60.20797,60.16644,61.13101
9.48683,9.48683,9.48683,9.21954,9.21954,9.05539,9.05539,9.05539,8.06226,9.05539,9.05539,8.0,8.0,8.0,8.0,8.06226,8.06226,8.06226,8.06226,8.06226,8.06226,8.06226,8.06226,8.06226,8.0,8.06226,8.06226,7.0,8.0,7.0,7.07107,7.0,7.07107,6.08276,6.08276,6.32456,5.38516,5.38516,4.47214,4.47214,4.47214,3.60555,3.60555,3.60555,2.82843,2.82843,2.82843,2.23607,2.23607,2.23607,2.0,2.0,52.43091,53.82379,51.31277,51.97115,50.60632,46.95743,49.65884,47.92703,47.01064,45.88028,48.08326,44.92215,46.17359,44.38468,45.12206,46.09772,44.72136,42.29657,40.4475,45.54119,46.38965,45.17743,42.29657,42.75512,42.57934,41.97618,43.04649,42.19005,39.20459,43.18565,41.59327,41.4367,39.62323,39.56008,39.56008,40.16217,35.73514,34.9285,36.24914,32.69557,31.76476,34.1321,30.23243,26.62705,23.43075,25.4951,28.42534,28.42534,21.63331,19.20937,17.20465,18.78829,17.46425,17.72005,16.49242,14.31782,14.14214,44.40721,46.32494,43.56604,49.24429,49.1935,51.47815,53.48832,53.31041,55.97321,55.71355,55.36244,57.93962,59.46427,63.24555,61.98387,61.84658,61.18823,60.41523,60.87693,62.58594,62.0967,64.53681,64.51356,63.06346,62.0967,63.06346,65.14599,60.72891,59.48109,62.29767,61.09828,60.53924,63.69458,59.03389,64.88451,61.26989,63.52952,61.40033,63.63175,63.28507,64.07027,64.89992,64.07027,64.07027,60.21628,64.66065,63.89053,62.36986,62.482,63.78087,60.30755,62.96825,65.11528,60.10824,58.69412,62.93648,59.5483
9.89949,9.21954,9.21954,9.21954,8.60233,7.81025,8.60233,8.60233,8.60233,8.60233,8.60233,8.06226,8.06226,8.06226,8.06226,7.61577,7.61577,8.06226,7.61577,7.61577,7.61577,7.61577,8.06226,7.61577,7.61577,8.06226,8.06226,8.06226,7.2111,7.2111,6.40312,6.40312,6.40312,6.40312,5.65685,6.40312,5.83095,5.83095,5.83095,4.47214,5.38516,4.47214,4.47214,4.12311,4.12311,4.12311,4.12311,3.0,3.0,3.0,3.16228,3.16228,55.17246,53.75872,54.48853,50.32892,50.32892,49.20366,48.25971,49.40648,45.27693,49.92995,48.02083,48.37355,49.73932,45.61798,43.41659,48.30114,46.23851,42.37924,44.27189,43.9659,45.54119,41.78516,46.17359,43.17407,41.48494,42.44997,39.56008,43.41659,40.5216,40.8534,42.72002,41.4367,37.33631,38.27532,39.21734,38.48376,39.81206,38.94868,37.12142,36.40055,32.80244,31.89044,29.83287,27.58623,29.69848,27.01851,28.30194,24.18677,22.82542,20.24846,21.18962,18.35756,18.24829,15.52417,16.76305,14.31782,17.02939,43.86342,46.23851,44.01136,48.38388,48.76474,50.0,49.47727,54.12947,50.9902,51.1957,57.70615,57.42822,59.3043,59.5399,62.28965,57.14018,63.1981,58.54912,62.20129,60.20797,61.13101,63.1981,62.1289,62.28965,61.29437,63.28507,59.4138,63.3877,62.16912,66.09841,61.0,65.51336,61.13101,61.61169,64.84597,61.68468,62.03225,64.84597,64.07808,63.97656,63.07139,63.56099,63.50591,63.50591,64.84597,62.6099,65.0,63.13478,61.03278,60.20797,61.03278,64.63745,64.07027,60.0,60.80296,61.40033,60.0
8.94427,8.94427,8.94427,8.94427,9.43398,8.06226,8.60233,8.60233,8.60233,8.60233,7.81025,8.48528,8.48528,7.81025,7.81025,8.48528,8.48528,7.81025,7.81025,7.81025,7.81025,7.07107,7.81025,7.81025,8.48528,8.48528,7.81025,7.81025,7.2111,7.2111,6.40312,6.7082,6.7082,5.83095,6.32456,6.32456,5.38516,5.38516,4.12311,4.12311,4.12311,4.0,4.0,3.0,3.0,3.0,3.16228,2.23607,2.23607,2.23607,2.23607,1.41421,54.74486,53.93515,53.85165,53.60037,55.7853,52.55473,51.07837,51.07837,47.01064,48.8467,49.24429,45.48626,50.60632,47.50789,48.37355,47.43416,48.25971,45.48626,43.01163,48.02083,46.04346,43.82921,44.82187,42.63801,42.63801,44.04543,46.40043,44.82187,45.0,45.80393,44.20407,44.94441,40.49691,42.05948,42.05948,38.91015,39.0,35.8469,38.62642,36.68787,37.0,35.51056,31.14482,27.07397,28.16026,28.16026,28.0,21.37756,23.5372,19.23538,18.68154,18.97367,15.81139,15.81139,14.42221,16.27882,14.86607,44.28318,41.59327,45.35416,47.07441,47.29693,51.92302,50.96077,54.70832,55.36244,54.42426,56.64804,60.16644,59.09315,61.7414,62.96825,61.7171,63.95311,63.95311,63.06346,63.50591,63.97656,60.37384,63.97656,63.50591,63.95311,61.7414,63.95311,63.07139,61.7414,61.84658,63.69458,61.46544,63.56886,63.56886,65.14599,64.03124,63.78871,65.96969,63.78871,62.96825,63.95311,64.77654,64.93843,64.38167,63.28507,67.02984,64.19502,66.06815,65.00769,64.00781,64.00781,66.06815,64.0,58.00862,60.07495,62.39391,60.29925
9.0,9.05539,9.05539,9.05539,9.05539,8.06226,9.21954,8.24621,8.24621,8.24621,8.24621,8.24621,8.24621,8.24621,7.61577,8.544,8.544,7.61577,7.61577,7.61577,7.61577,7.61577,7.61577,7.61577,7.61577,7.61577,7.61577,7.28011,7.28011,7.28011,6.08276,6.08276,6.08276,6.0,6.0,6.0,6.0,5.09902,5.09902,4.12311,4.12311,4.12311,3.16228,3.16228,3.16228,2.23607,2.23607,2.82843,2.82843,2.23607,2.23607,2.23607,49.0306,49.24429,51.78803,50.08992,54.00926,48.09366,51.0098,47.0,48.16638,46.17359,48.25971,45.54119,45.70558,47.53946,46.09772,46.17359,43.93177,43.68066,42.05948,43.9659,46.8188,46.48656,42.15448,42.72002,43.65776,42.95346,47.16991,41.23106,42.37924,44.01136,43.32436,43.65776,41.23106,39.56008,42.44997,35.35534,38.47077,34.23449,35.0571,37.05401,34.0147,31.257,31.01612,28.28427,25.4951,27.29469,23.34524,22.80351,22.13594,20.61553,18.35756,19.31321,15.26434,17.80449,15.55635,15.81139,11.31371,41.23106,43.41659,47.01064,46.69047,48.10405,44.55334,48.9183,53.15073,55.22681,53.41348,55.80323,56.40035,56.40035,61.22091,57.2014,61.85467,60.46487,62.96825,59.90826,60.46487,60.46487,62.68174,61.40033,60.20797,61.85467,61.84658,60.60528,60.60528,64.40497,60.959,60.20797,60.82763,65.79514,60.82763,65.8559,62.24147,66.70832,61.07373,62.62587,62.20129,64.2028,64.66065,63.51378,63.81222,59.05929,62.26556,61.29437,62.16912,62.76942,61.7171,61.09828,61.35145,59.03389,58.87274,61.03278,55.36244,57.27128
9.05539,9.05539,9.05539,9.05539,8.0,9.0,8.0,9.05539,8.06226,8.06226,8.06226,8.06226,8.06226,8.06226,8.06226,8.24621,8.24621,8.24621,8.24621,8.24621,7.28011,7.28011,7.28011,8.24621,7.28011,8.24621,7.07107,7.07107,7.07107,7.07107,7.0,6.0,6.0,6.08276,6.08276,5.09902,5.09902,5.38516,4.47214,4.47214,4.47214,3.60555,3.60555,3.60555,3.60555,2.82843,2.82843,2.82843,2.23607,2.23607,2.23607,2.0,51.47815,54.12024,51.88449,55.00909,57.00877,50.92151,50.92151,48.70318,50.59644,45.88028,49.0306,47.85394,50.80354,49.81967,46.38965,47.51842,47.51842,48.25971,47.09565,50.15974,48.09366,48.09366,43.0,45.0,44.04543,45.09989,48.09366,44.01136,43.01163,46.09772,44.18144,45.17743,42.75512,40.31129,44.40721,37.10795,37.10795,38.32754,35.44009,37.69615,35.4683,33.10589,29.52965,30.80584,27.78489,29.20616,23.43075,27.65863,17.69181,20.61553,20.0,17.69181,17.49286,14.76482,13.92839,15.23155,14.31782,46.09772,45.0,49.20366,45.80393,53.00943,48.8774,52.83938,55.07268,54.12947,57.24509,58.18075,61.32699,63.07139,63.56099,62.76942,65.19202,62.24147,63.15853,62.24147,63.24555,64.51356,68.15424,62.96825,63.32456,61.68468,66.30988,61.84658,63.97656,67.1193,62.6099,65.76473,60.41523,60.82763,64.14047,65.0,66.03787,65.73431,64.40497,63.82006,65.60488,63.89053,65.8559,65.29931,67.94115,61.55485,67.17887,61.52235,65.06919,66.6033,64.3506,63.70243,64.2028,62.482,62.62587,63.00794,60.20797,63.82006
10.19804,10.19804,10.19804,10.04988,10.04988,9.05539,10.0,9.0,9.0,9.0,9.0,9.05539,9.05539,9.05539,9.05539,9.05539,9.05539,9.05539,9.21954,9.21954,9.21954,8.24621,9.05539,8.24621,9.05539,9.05539,8.06226,8.06226,8.06226,8.0,8.0,8.0,7.0,7.0,7.07107,7.07107,6.32456,6.08276,5.09902,5.09902,5.38516,4.47214,4.47214,3.60555,4.47214,3.60555,3.60555,3.60555,3.60555,2.82843,2.82843,2.23607,56.36488,54.08327,55.97321,52.81098,52.39275,52.95281,52.17279,50.21952,48.50773,47.67599,51.0392,49.09175,51.24451,46.01087,44.01136,46.04346,49.0408,46.01087,47.26521,45.04442,49.16299,45.27693,46.52956,45.39824,46.87217,44.72136,47.26521,45.27693,44.18144,44.10215,43.28972,46.04346,44.04543,44.10215,40.0,42.04759,41.04875,42.10701,38.47077,36.67424,35.69314,33.52611,30.36445,29.41088,29.12044,27.29469,27.313,23.76973,20.59126,22.02272,18.60108,18.43909,18.38478,18.38478,15.0,15.23155,14.42221,46.09772,46.61545,48.25971,49.92995,48.8774,51.47815,50.11986,53.0,55.47071,51.88449,58.60034,59.03389,60.00833,60.53924,61.32699,61.46544,65.9242,59.80803,61.84658,62.39391,63.97656,61.46544,62.76942,63.32456,63.15853,61.84658,61.84658,66.18912,63.50591,64.84597,60.41523,65.0,63.28507,60.80296,63.60031,64.81512,61.22091,63.60031,62.36986,66.8431,66.52819,61.6198,65.76473,63.65532,62.96825,66.06815,62.20129,64.63745,62.96825,62.68174,60.0,64.2028,64.07027,56.0357,60.74537,60.90156,58.59181
9.21954,9.21954,9.48683,9.21954,9.48683,8.544,8.94427,8.94427,8.94427,8.94427,8.94427,8.94427,8.06226,8.06226,8.06226,8.60233,8.60233,8.60233,7.81025,8.60233,7.81025,8.60233,8.60233,7.81025,7.2111,8.60233,8.06226,8.06226,7.2111,8.06226,7.61577,7.61577,6.7082,6.32456,6.32456,7.28011,6.08276,6.08276,5.0,5.0,5.0,5.0,5.0,4.12311,4.12311,4.12311,4.12311,3.16228,3.16228,3.16228,3.60555,3.60555,53.00943,54.14795,56.08921,53.60037,49.64877,49.0306,47.29693,51.92302,44.64303,50.28916,49.98,49.24429,46.51881,45.18849,45.69464,46.64762,44.29447,43.41659,43.82921,47.01064,48.25971,46.04346,46.04346,46.40043,43.26662,43.01163,43.82921,46.32494,43.01163,42.72002,44.41846,45.79301,42.05948,41.67733,39.82462,39.39543,38.94868,38.07887,37.0,35.44009,34.9285,34.71311,32.14032,29.06888,29.06888,26.07681,25.07987,22.09072,22.36068,21.58703,17.72005,17.72005,18.68154,14.86607,18.35756,13.60147,14.21267,42.72002,42.95346,44.77723,48.76474,47.01064,51.62364,52.69725,51.62364,54.40588,54.40588,57.80138,56.85068,59.20304,60.44005,59.81639,59.5483,62.28965,59.4138,63.03174,59.03389,63.78087,62.36986,61.6198,61.7171,63.03174,62.00806,61.40033,60.46487,60.21628,63.60031,59.90826,64.66065,61.58734,62.17717,61.40033,60.83584,62.16912,65.9242,65.30697,61.68468,60.74537,61.40033,63.89053,62.36185,63.78871,65.30697,65.30697,61.39218,61.66036,58.69412,60.67125,62.16912,59.21149,60.20797,59.3043,57.07889,57.21888
9.43398,9.43398,9.43398,9.43398,9.43398,8.94427,8.94427,8.94427,8.544,8.544,8.544,8.544,8.544,8.544,8.544,8.24621,8.24621,8.24621,8.24621,8.24621,8.24621,8.24621,8.24621,8.24621,8.24621,8.24621,8.24621,8.544,8.544,7.61577,7.61577,7.61577,7.61577,6.7082,6.7082,6.7082,6.40312,6.40312,6.40312,5.65685,5.65685,5.0,5.0,4.24264,3.60555,3.60555,3.60555,3.60555,3.16228,3.16228,3.16228,3.16228,55.17246,56.56854,48.41487,51.85557,53.82379,50.21952,55.22681,48.8774,50.24938,45.27693,47.41308,48.75449,52.80152,51.07837,46.17359,49.0408,48.38388,46.32494,44.38468,47.53946,47.07441,46.87217,43.93177,45.12206,44.38468,47.53946,47.85394,44.40721,44.55334,43.41659,44.38468,44.72136,43.68066,44.64303,46.84015,40.8534,41.14608,40.70626,38.94868,37.16181,34.88553,36.35932,34.05877,33.42155,30.41381,28.28427,27.65863,26.1725,25.23886,21.09502,18.60108,17.49286,18.35756,15.81139,16.76305,14.56022,15.0333,46.84015,46.09772,49.24429,46.38965,49.25444,49.49747,54.00926,52.0,59.03389,56.00893,56.00893,56.0,60.00833,63.03174,60.07495,63.1981,63.03174,64.07027,62.0,61.66036,63.1981,66.06815,62.07254,65.03076,66.0303,64.00781,64.0,63.03174,65.06919,63.28507,63.28507,62.28965,63.3877,65.49046,63.95311,64.93843,62.58594,67.44627,63.32456,65.80274,63.90618,65.39113,60.92618,66.21178,62.6099,62.6099,61.26989,64.88451,65.36819,56.4358,64.66065,63.24555,60.46487,58.82176,61.40033,58.41233,59.20304
9.21954,9.21954,9.21954,9.21954,9.21954,8.60233,8.60233,8.60233,8.60233,8.06226,8.60233,8.94427,8.94427,8.94427,8.94427,8.544,8.544,8.544,8.544,8.544,8.544,8.544,8.544,8.544,8.544,8.544,8.544,8.06226,8.06226,8.06226,8.06226,7.2111,7.2111,7.81025,7.07107,6.40312,7.07107,6.40312,5.65685,5.83095,5.0,5.0,4.47214,4.47214,4.47214,4.12311,4.12311,4.12311,3.16228,3.16228,3.0,3.0,53.90733,53.8145,51.40039,51.40039,50.80354,45.60702,49.09175,50.77401,47.01064,44.72136,45.61798,47.16991,45.31004,45.18849,46.23851,43.32436,47.43416,43.01163,42.44997,45.70558,46.57252,43.17407,42.75512,41.97618,44.91102,45.60702,46.09772,45.12206,47.85394,44.72136,43.17407,44.38468,43.01163,42.72002,39.92493,38.48376,40.24922,39.92493,37.21559,35.8469,37.01351,33.42155,32.64966,31.14482,26.1725,26.90725,26.90725,27.20294,22.2036,22.47221,20.12461,16.55295,22.47221,16.76305,15.52417,15.13275,13.0384,43.65776,41.78516,44.27189,47.43416,48.08326,48.50773,51.1957,50.69517,56.08921,52.61179,55.57877,56.56854,59.5399,59.3043,62.514,61.13101,63.12686,61.20457,60.29925,62.07254,60.20797,63.12686,61.13101,63.03174,64.19502,60.29925,62.20129,64.38167,62.28965,64.93843,63.15061,59.03389,59.66574,62.36185,64.56005,62.64184,64.2573,62.29767,61.09828,62.03225,63.15853,63.07139,60.82763,65.30697,61.7171,58.30952,60.53924,59.36329,64.49806,61.29437,58.24946,61.85467,62.68174,57.2014,57.80138,59.20304,56.22277
8.06226,8.06226,8.06226,8.06226,8.06226,7.2111,7.81025,7.07107,7.81025,7.81025,7.07107,7.07107,7.07107,7.07107,7.07107,7.81025,7.2111,7.2111,7.2111,7.2111,7.2111,7.2111,7.2111,7.2111,7.2111,6.40312,6.40312,7.07107,6.40312,7.07107,6.40312,6.40312,6.40312,6.40312,5.0,5.83095,5.83095,4.47214,4.47214,4.12311,4.12311,4.12311,4.12311,3.0,3.0,3.0,3.0,3.0,3.16228,2.23607,2.23607,2.23607,53.66563,51.97115,52.83938,48.8774,47.43416,46.61545,45.80393,45.45327,45.34314,44.55334,45.96738,45.96738,44.55334,41.72529,45.34314,41.40048,43.41659,41.04875,43.82921,41.34005,44.41846,41.6173,38.94868,43.909,40.49691,43.04649,45.65085,43.82921,42.54409,41.67733,39.96248,43.01163,38.83298,40.0,42.43819,38.20995,39.62323,39.59798,33.94113,34.71311,29.73214,31.06445,32.75668,28.01785,25.07987,24.16609,23.08679,22.47221,21.18962,21.58703,19.23538,19.41649,18.02776,18.0,15.29706,13.0384,10.19804,45.0,46.04346,45.04442,47.38143,48.50773,50.63596,50.80354,52.95281,52.17279,52.95281,55.54278,57.00877,59.03389,57.48913,58.46366,58.94065,64.28841,60.72891,62.64184,62.29767,62.29767,65.25335,64.84597,65.80274,63.60031,62.36185,61.68468,64.03124,63.06346,65.30697,62.80127,64.13267,64.13267,61.52235,65.49046,62.28965,62.1289,64.07027,63.00794,67.00746,64.00781,65.03076,65.37584,65.19202,60.13319,63.78871,62.20129,62.16912,62.16912,62.64982,62.58594,60.44005,58.46366,57.28001,59.46427,55.54278,54.70832
9.84886,9.84886,10.29563,10.29563,10.29563,9.43398,9.43398,9.43398,10.0,10.0,9.21954,9.21954,9.21954,9.21954,9.21954,9.21954,9.21954,8.48528,9.89949,9.21954,9.21954,9.21954,8.48528,9.21954,8.48528,8.48528,8.48528,9.21954,9.21954,8.48528,8.60233,8.60233,8.60233,7.81025,7.2111,6.7082,6.7082,6.32456,6.32456,6.32456,5.38516,5.09902,5.09902,5.09902,4.12311,4.0,4.0,4.0,4.0,4.0,3.0,3.0,53.85165,54.12024,52.20153,52.55473,48.75449,51.07837,49.24429,52.80152,45.61798,50.60632,49.20366,47.80167,47.20169,44.20407,46.61545,46.40043,47.01064,46.8615,47.38143,45.27693,46.69047,43.86342,48.27007,44.82187,44.04543,45.0,45.45327,44.82187,44.55334,45.27693,45.25483,45.96738,43.93177,45.27693,40.31129,44.04543,42.52058,41.10961,40.22437,37.20215,35.35534,34.0,34.0147,35.1141,30.67572,25.05993,28.28427,27.65863,22.2036,20.22375,19.10497,20.02498,18.0,18.02776,19.23538,17.46425,12.08305,44.27189,45.88028,44.01136,49.0408,47.92703,49.64877,48.8467,50.53712,53.23533,52.83938,57.14018,57.3062,60.53924,61.58734,59.5399,61.40033,65.19202,60.74537,64.66065,62.76942,61.91123,65.8635,63.81222,64.07027,66.85058,65.51336,65.19202,67.23095,65.36819,69.35416,60.37384,68.54196,65.78754,63.32456,67.6757,67.35726,62.64184,63.90618,65.80274,67.18631,67.68309,63.78871,67.89698,66.37017,65.9242,66.48308,65.12296,61.0082,65.06919,60.07495,63.07139,61.03278,61.0082,56.0357,59.0,64.49806,56.7186
10.29563,10.29563,9.84886,9.84886,9.84886,8.94427,9.48683,9.48683,9.48683,9.48683,9.21954,9.21954,9.21954,9.21954,9.21954,9.05539,9.05539,8.06226,9.05539,8.06226,8.06226,9.05539,8.06226,8.06226,9.05539,8.06226,8.06226,8.24621,8.24621,8.06226,8.24621,7.28011,7.28011,7.61577,7.61577,6.7082,6.7082,5.83095,5.83095,6.40312,5.0,5.0,5.0,4.24264,4.24264,4.24264,4.24264,3.60555,3.60555,3.60555,3.16228,3.16228,56.58622,53.03772,53.90733,54.03702,51.86521,52.43091,45.79301,51.62364,45.17743,53.23533,46.14109,50.69517,46.09772,47.75982,46.48656,48.05206,46.32494,47.29693,45.35416,42.2019,48.6621,42.42641,48.37355,46.52956,45.70558,45.35416,43.56604,44.40721,44.40721,42.75512,42.75512,45.12206,41.76123,46.84015,39.84972,42.37924,42.72002,41.59327,37.12142,35.8469,35.34119,31.76476,34.20526,31.241,29.73214,24.75884,25.45584,22.02272,23.43075,23.43075,21.26029,18.60108,20.61553,16.15549,16.76305,16.76305,18.43909,43.01163,49.24429,45.35416,50.01,48.83646,52.15362,49.64877,51.47815,54.03702,51.47815,57.70615,59.3043,59.5399,61.40033,64.12488,59.0,68.06614,59.03389,65.19202,63.0,65.12296,68.11755,60.20797,63.28507,66.61081,68.593,64.38167,68.26419,62.28965,69.26038,59.68249,67.74216,64.93843,65.73431,65.73431,63.78871,62.62587,66.48308,66.40783,62.03225,71.86793,62.76942,68.44706,64.07808,65.29931,64.14047,64.00781,63.81222,65.76473,63.81222,63.82006,61.03278,65.60488,55.44367,63.00794,62.80127,59.66574
8.24621,8.24621,8.544,8.544,8.544,7.61577,8.06226,8.06226,8.06226,8.06226,8.06226,8.06226,7.2111,8.06226,7.2111,8.60233,7.81025,7.81025,7.81025,7.81025,7.2111,7.81025,7.81025,7.81025,7.2111,7.81025,7.2111,7.2111,7.2111,7.2111,6.7082,6.7082,6.7082,6.32456,6.32456,5.38516,5.09902,5.09902,4.12311,4.0,4.0,4.0,3.0,3.0,3.0,3.0,3.16228,2.23607,2.23607,2.23607,2.23607,1.41421,52.08647,55.22681,53.03772,55.00909,51.0,49.0102,50.48762,47.67599,45.54119,47.85394,45.89118,45.35416,47.29693,43.41659,49.0408,42.05948,44.38468,45.22168,43.08132,46.09772,47.42362,45.31004,43.41659,43.38202,44.77723,43.86342,45.88028,43.38202,45.69464,42.54409,43.46263,45.31004,39.92493,41.23106,41.10961,37.10795,40.26164,39.05125,36.22154,35.01428,35.0,31.0,31.14482,30.06659,25.07987,26.30589,24.5153,22.84732,20.61553,20.61553,21.93171,20.24846,16.40122,15.26434,14.14214,15.6205,14.21267,44.77723,43.82921,46.14109,48.25971,50.21952,51.85557,49.81967,52.63079,53.15073,55.86591,60.1415,59.4138,58.79626,58.69412,56.56854,63.63961,65.11528,63.03174,65.76473,62.93648,64.38167,65.06919,69.42622,68.62215,67.26812,64.38167,63.65532,63.65532,66.48308,64.38167,67.47592,65.19202,66.8431,62.80127,70.21396,65.80274,69.06519,68.50547,66.28725,65.8635,61.40033,72.00694,65.30697,64.84597,65.30697,68.54196,62.76942,66.12866,62.24147,62.62587,62.62587,63.32456,59.48109,59.66574,60.08328,59.22837,55.10898
9.43398,9.43398,9.43398,9.43398,8.94427,8.94427,8.544,8.544,8.544,8.544,8.544,9.48683,8.544,8.544,8.544,8.24621,8.24621,8.24621,8.24621,8.24621,8.24621,8.24621,8.24621,8.24621,8.24621,8.24621,8.24621,8.24621,8.544,7.28011,7.61577,7.61577,7.61577,6.7082,6.7082,6.7082,6.40312,6.40312,5.65685,5.65685,5.65685,5.65685,5.0,5.0,4.24264,3.60555,3.60555,3.60555,3.60555,3.16228,3.16228,3.16228,52.43091,53.82379,53.85165,52.47857,51.89412,51.47815,51.47815,49.65884,48.38388,49.0408,49.64877,46.32494,49.24429,46.09772,45.12206,45.35416,45.70558,46.52956,46.17359,45.09989,49.0,47.16991,46.01087,43.04649,44.01136,46.09772,45.04442,44.18144,44.28318,45.04442,45.04442,45.27693,42.0119,43.41659,41.59327,42.2019,41.48494,42.44997,36.68787,37.0,33.95585,35.4683,34.1321,30.23243,32.44996,25.80698,26.24881,27.65863,22.80351,24.08319,22.62742,19.20937,19.10497,15.81139,17.26268,17.46425,13.60147,46.06517,48.8467,43.86342,49.0408,49.64877,52.81098,48.38388,52.81098,55.65968,52.88667,56.51548,61.13101,58.94065,57.27128,63.15061,61.0,61.18823,62.16912,63.78871,63.60031,65.51336,65.73431,64.32729,65.51336,64.32729,65.25335,64.53681,65.52099,65.52099,68.96376,63.89053,68.62215,65.19202,64.07808,67.54258,66.70832,64.84597,67.53518,67.1193,65.0,65.19202,66.85058,64.89992,66.0303,65.45991,64.44377,63.41136,62.28965,63.78087,62.482,63.03174,62.2254,61.52235,58.0517,60.82763,62.36986,54.56189
8.94427,9.48683,9.48683,9.48683,9.48683,9.48683,9.21954,9.21954,9.21954,9.05539,9.21954,9.21954,9.05539,8.06226,9.05539,9.05539,9.0,9.05539,9.0,9.0,8.0,9.0,9.05539,8.0,9.05539,8.06226,8.06226,8.06226,8.06226,8.24621,7.28011,7.28011,7.28011,7.28011,6.7082,6.7082,5.83095,5.83095,5.83095,5.0,5.0,5.0,4.24264,4.24264,3.60555,3.60555,3.60555,2.82843,2.82843,2.23607,2.23607,2.23607,56.61272,51.73973,53.85165,49.92995,49.64877,50.11986,49.24429,52.0,48.30114,48.8467,47.53946,47.92703,46.17359,44.94441,46.48656,44.92215,49.72927,45.12206,43.41659,43.17407,46.32494,44.14748,46.69047,44.72136,46.57252,43.73786,41.0,45.89118,46.09772,45.70558,41.23106,44.92215,43.68066,43.01163,38.27532,44.94441,39.56008,38.91015,37.58989,33.83785,29.73214,35.0,31.62278,30.80584,29.69848,26.24881,27.58623,25.4951,21.09502,21.93171,21.47091,21.58703,18.78829,14.76482,16.55295,12.0,14.03567,44.40721,47.16991,45.27693,51.0,46.06517,51.47815,52.3259,54.23099,54.78138,54.40588,57.24509,59.46427,60.40695,61.35145,62.29767,60.44005,64.56005,63.06346,66.48308,63.06346,64.03124,66.21933,61.84658,63.60031,61.40033,64.56005,65.0,66.40783,61.03278,65.45991,60.40695,65.9242,65.78754,64.84597,63.15853,64.40497,63.95311,68.88396,64.41273,61.91123,65.0,61.29437,68.26419,63.81222,65.19202,62.96825,60.80296,63.00794,63.25346,62.80127,66.06815,57.38467,58.89822,56.72742,56.0803,60.10824,56.72742
8.60233,8.94427,8.94427,8.94427,8.94427,8.06226,8.544,7.61577,8.544,8.24621,7.61577,8.24621,8.24621,7.28011,7.28011,8.06226,8.06226,7.07107,7.07107,7.07107,7.07107,7.07107,7.07107,7.07107,7.07107,7.07107,7.28011,7.28011,7.28011,7.28011,6.32456,6.32456,6.7082,6.32456,5.83095,5.83095,5.83095,5.0,5.0,5.0,5.0,5.0,4.24264,4.47214,3.60555,3.60555,3.16228,3.16228,3.16228,3.16228,3.0,3.0,53.15073,51.22499,55.21775,51.47815,51.61395,50.60632,51.10773,50.11986,46.95743,47.92703,47.16991,45.88028,46.8188,46.48656,46.17359,45.54119,49.0408,46.17359,46.32494,45.89118,45.89118,42.75512,43.41659,46.17359,44.55334,45.04442,42.75512,44.40721,42.57934,46.87217,44.14748,43.93177,45.89118,41.7732,42.72002,42.05948,37.64306,38.27532,36.24914,33.10589,35.8469,32.75668,32.20248,29.20616,30.23243,29.06888,23.34524,26.87006,21.09502,21.26029,19.23538,17.49286,18.35756,17.08801,14.56022,14.31782,14.0,46.23851,46.61545,50.0,49.72927,52.49762,51.24451,52.49762,53.85165,56.04463,55.7315,56.32051,58.54912,60.20797,64.49806,61.40033,62.64982,61.52235,61.52235,63.78871,64.28063,65.11528,66.28725,68.593,65.76473,66.48308,66.61081,64.49806,65.30697,64.93843,65.30697,64.7611,68.68042,66.09841,63.69458,67.06713,65.78754,67.41662,63.90618,65.39113,65.39113,65.79514,64.88451,66.18912,68.09552,64.14047,62.43397,64.07027,62.20129,66.0303,64.63745,60.80296,60.60528,59.40539,57.48913,61.84658,57.28001,58.72819
8.24621,8.24621,7.28011,8.24621,8.24621,7.61577,7.61577,7.61577,7.61577,7.61577,6.7082,7.2111,7.2111,7.2111,7.2111,7.2111,7.2111,7.2111,7.07107,7.2111,7.2111,7.07107,7.2111,7.81025,7.2111,7.2111,6.40312,7.2111,7.2111,6.7082,5.83095,6.7082,6.32456,5.38516,5.38516,5.09902,5.09902,5.09902,5.0,4.0,4.0,4.0,4.0,3.16228,3.16228,3.16228,2.23607,3.16228,2.23607,2.82843,2.82843,2.23607,51.08816,51.08816,50.35871,49.25444,48.6621,48.83646,47.53946,48.50773,47.80167,46.8188,45.88028,44.01136,47.92703,44.94441,45.18849,44.28318,44.28318,44.41846,43.41659,43.56604,42.72002,43.909,43.01163,43.26662,42.43819,44.40721,41.40048,43.56604,38.83298,43.26662,40.0,41.34005,42.05948,39.96248,38.07887,39.56008,39.92493,36.40055,33.95585,32.01562,31.7805,29.15476,30.41381,28.07134,26.01922,24.02082,24.33105,24.02082,21.37756,18.97367,19.92486,19.31321,16.55295,19.23538,16.55295,16.40122,11.40175,48.8467,43.909,47.01064,48.02083,49.92995,49.20366,51.61395,53.00943,54.03702,54.67175,57.80138,59.5483,58.89822,59.66574,60.30755,60.82763,65.06919,62.24147,62.62587,61.6198,63.03174,63.70243,63.65532,66.06815,65.11528,66.21933,60.20797,64.81512,64.2028,67.42403,64.63745,62.96825,64.2028,67.6757,66.88797,65.0,62.26556,63.52952,61.29437,62.64982,63.07139,64.4748,62.76942,64.51356,57.93962,65.9242,58.82176,58.94065,59.43904,59.66574,62.80127,58.42089,60.01666,58.85576,57.42822,59.68249,56.22277
9.0,8.06226,9.05539,8.06226,8.06226,8.06226,8.24621,8.24621,8.24621,8.24621,7.61577,7.61577,7.61577,7.61577,7.61577,7.61577,7.61577,8.06226,7.2111,7.2111,7.61577,8.06226,7.61577,7.2111,8.06226,7.61577,7.61577,7.61577,6.7082,6.32456,6.32456,6.32456,6.32456,6.08276,6.0,6.0,5.0,5.0,5.0,5.0,4.12311,4.12311,4.12311,3.16228,3.60555,3.60555,3.60555,3.60555,2.82843,2.82843,2.82843,2.23607,51.08816,55.00909,49.64877,47.67599,48.05206,46.32494,47.53946,46.57252,47.75982,45.22168,47.16991,46.51881,44.77723,46.95743,43.04649,42.04759,46.04346,46.04346,42.19005,44.94441,45.0,43.26662,42.80187,42.80187,42.2019,46.40043,42.80187,44.82187,45.0,42.63801,39.66106,41.04875,43.01163,39.44617,39.11521,40.24922,39.39543,38.48376,38.07887,35.4683,31.95309,30.36445,32.55764,31.40064,29.27456,24.0,25.0,26.01922,21.09502,23.19483,16.27882,16.27882,18.24829,17.08801,16.55295,11.6619,17.02939,44.28318,46.95743,46.14109,51.31277,50.47772,53.53504,53.25411,52.69725,56.22277,54.81788,58.89822,59.03389,64.66065,60.1415,61.84658,63.70243,61.55485,66.52819,64.44377,67.26812,61.55485,65.8559,67.47592,68.68042,65.79514,68.41053,66.06815,65.19202,66.61081,65.80274,64.63745,66.28725,66.85058,66.88797,67.41662,65.0,65.29931,64.84597,67.62396,65.39113,64.4748,64.07808,66.48308,65.80274,63.90618,61.68468,64.19502,62.36185,64.32729,61.61169,60.20797,59.84146,62.96825,60.01666,60.29925,60.03332,57.0
8.94427,8.06226,8.06226,8.60233,8.60233,8.60233,8.60233,8.60233,9.21954,8.48528,8.48528,8.48528,8.48528,8.48528,7.81025,8.60233,8.60233,8.60233,8.60233,7.81025,7.81025,7.81025,8.60233,8.60233,7.81025,7.81025,7.81025,8.48528,7.07107,7.07107,7.07107,7.07107,6.40312,6.40312,6.40312,6.40312,5.83095,5.38516,4.47214,4.47214,4.47214,4.12311,4.12311,4.12311,3.16228,3.16228,3.0,3.0,2.0,2.0,2.0,2.0,52.20153,52.81098,49.76947,51.26402,52.39275,48.8467,48.30114,48.8774,45.17743,47.43416,47.50789,47.20169,47.63402,43.27817,46.8615,47.50789,46.69047,43.84062,45.34314,44.59821,48.79549,46.09772,44.82187,43.93177,44.04543,44.59821,46.09772,44.20407,43.60046,48.27007,46.75468,48.16638,44.55334,44.55334,38.94868,39.62323,40.36087,36.89173,38.83298,35.80503,34.1321,34.0,30.88689,30.41381,27.51363,29.15476,25.4951,23.76973,20.39608,23.34524,19.0263,20.0,17.02939,15.13275,13.15295,16.27882,14.86607,45.88028,48.70318,49.64877,46.95743,51.47815,49.64877,51.88449,52.7731,57.14018,55.07268,57.14018,56.0803,63.28507,64.07027,63.81222,61.03278,66.61081,65.21503,63.00794,66.0303,62.42596,65.21503,62.42596,65.0,64.07027,68.50547,65.19202,67.23095,66.03787,64.00781,65.76473,66.64083,63.56099,64.4748,65.0,68.15424,64.19502,64.84597,67.06713,66.21933,67.18631,64.7611,64.7611,64.13267,62.514,64.7611,62.64982,60.13319,61.13101,63.28507,62.1289,61.0,60.0,56.0357,56.00893,57.14018,54.45181
9.48683,9.48683,8.544,8.94427,8.94427,8.94427,8.94427,8.06226,8.06226,8.06226,8.60233,8.60233,7.81025,7.81025,8.60233,7.81025,9.21954,7.81025,7.81025,7.81025,7.81025,7.81025,7.81025,7.81025,7.81025,7.81025,7.81025,7.2111,7.2111,7.2111,7.61577,6.7082,6.7082,6.32456,6.32456,6.32456,6.32456,6.08276,6.08276,5.0,5.0,5.0,5.0,5.0,4.12311,4.12311,4.12311,3.16228,3.16228,3.16228,3.60555,3.60555,55.14526,51.0,52.08647,49.16299,51.78803,50.80354,48.50773,50.01,46.32494,49.33559,47.80167,48.38388,47.75982,42.15448,43.86342,45.17743,46.06517,45.17743,49.39636,45.48626,46.14109,45.27693,43.82921,43.38202,44.77723,46.14109,42.19005,42.2019,45.27693,47.43416,46.64762,45.79301,39.96248,45.17743,43.86342,41.4367,39.92493,37.0,40.02499,37.33631,35.35534,36.67424,32.14032,29.42788,29.01724,29.15476,28.86174,24.18677,23.19483,23.5372,21.18962,20.61553,19.31321,16.15549,17.0,17.0,14.14214,47.01064,48.76474,45.27693,50.77401,46.64762,53.82379,51.40039,52.00961,56.72742,53.41348,60.0,61.22091,60.60528,64.81512,66.06815,60.10824,65.79514,62.28965,67.26812,65.06919,62.96825,66.48308,63.65532,65.11528,63.03174,66.21933,67.35726,69.02898,62.62587,68.24954,61.40033,64.40497,63.41136,68.8186,63.51378,66.0303,63.63175,64.00781,64.40497,65.79514,69.77822,63.15853,65.9242,65.0,67.41662,59.80803,65.0,62.62587,61.98387,58.82176,60.63827,63.15061,63.78871,52.95281,57.55867,57.55867,55.44367
8.94427,8.94427,8.94427,8.94427,8.94427,8.06226,8.60233,8.60233,8.60233,8.60233,8.60233,7.81025,8.48528,7.81025,8.48528,8.48528,8.48528,8.48528,7.81025,8.48528,7.81025,7.81025,8.48528,7.81025,7.81025,8.48528,8.48528,7.81025,7.81025,7.81025,7.2111,7.2111,7.2111,6.7082,6.7082,6.7082,6.32456,6.32456,5.09902,5.09902,5.09902,5.09902,5.0,5.0,4.0,4.0,4.12311,4.12311,3.16228,3.16228,3.16228,3.16228,54.34151,45.17743,50.96077,49.64877,50.69517,50.92151,47.41308,50.08992,45.17743,47.88528,47.43416,47.70744,50.0,44.65423,46.61545,47.43416,47.50789,45.34314,46.75468,46.69047,45.96738,43.13931,45.27693,44.59821,41.7732,45.25483,44.59821,46.66905,43.84062,45.96738,43.93177,45.34314,41.72529,41.86884,42.63801,42.80187,41.40048,39.20459,37.44329,38.07887,36.67424,36.05551,33.24154,28.4605,29.83287,29.61419,29.42788,23.19483,26.1725,22.0,21.0238,20.09975,20.22375,17.46425,17.46425,14.76482,15.81139,45.54119,48.70318,49.39636,52.92447,51.47815,56.35601,53.66563,55.00909,57.80138,53.85165,58.5235,60.74537,62.68174,62.96825,65.73431,63.24555,69.06519,62.20129,66.0303,65.45991,65.73431,69.89278,64.07027,69.06519,65.60488,67.1193,68.24222,69.89278,62.64982,63.63175,61.7414,68.8767,66.21178,65.30697,66.30988,68.54196,63.89053,69.28925,68.62215,65.52099,67.72001,64.03124,67.46851,62.36986,66.28725,62.96825,62.80127,63.3877,63.1981,60.20797,58.21512,61.29437,57.07889,57.0,60.07495,59.07622,56.32051
9.43398,8.60233,8.60233,8.60233,8.48528,7.81025,8.48528,8.48528,8.48528,7.81025,7.81025,7.81025,7.81025,7.81025,7.2111,8.60233,8.06226,8.06226,8.06226,8.06226,8.06226,8.06226,8.06226,8.06226,8.06226,7.2111,8.06226,7.2111,7.2111,7.81025,6.40312,7.07107,6.40312,7.07107,6.40312,6.40312,5.83095,5.83095,5.0,4.47214,4.47214,5.38516,4.12311,4.12311,4.12311,4.12311,4.12311,3.0,3.0,3.0,3.16228,3.16228,49.76947,48.70318,45.17743,48.76474,49.73932,50.24938,48.54894,45.22168,45.45327,43.60046,45.34314,45.34314,46.66905,44.55334,43.18565,45.34314,45.45327,45.60702,44.40721,43.60046,47.01064,48.54894,41.67733,46.14109,41.67733,44.41846,44.94441,44.65423,42.72002,43.60046,44.40721,43.60046,41.40048,40.0,40.45986,40.45986,36.23534,39.69887,35.38361,34.82815,35.80503,30.88689,31.90611,28.63564,28.17801,28.79236,26.24881,26.57066,21.84033,19.23538,18.24829,19.0,19.0,17.0,16.0,14.86607,15.52417,44.64303,44.59821,47.53946,49.0408,49.39636,49.98,49.98,52.0,48.33218,54.12947,54.12947,57.98276,63.95311,62.64982,59.9333,62.64982,63.06346,61.05735,60.41523,68.47627,64.88451,69.31811,62.17717,61.7414,62.43397,66.21178,64.40497,64.88451,63.50591,61.7414,62.03225,64.62198,65.25335,59.20304,66.76077,65.80274,60.87693,64.03124,62.36986,65.30697,64.32729,64.49806,62.39391,63.12686,61.07373,58.07753,60.0,60.00833,59.3043,58.07753,59.03389,56.22277,59.3043,54.23099,58.54912,55.7315,56.08921
9.48683,9.48683,9.21954,9.21954,8.24621,8.24621,9.21954,8.06226,9.05539,8.06226,8.0,9.0,8.0,8.0,8.0,8.0,8.06226,8.06226,8.06226,8.06226,8.0,8.06226,8.06226,8.06226,8.0,8.06226,8.0,8.0,8.0,8.0,7.07107,7.07107,7.07107,7.07107,7.28011,6.32456,6.32456,5.38516,5.38516,5.83095,5.83095,5.0,5.0,5.0,4.24264,4.24264,4.24264,4.24264,4.24264,3.60555,3.60555,3.60555,48.25971,46.64762,45.69464,47.01064,46.23851,45.88028,48.38388,45.69464,42.72002,42.95346,47.85394,45.89118,47.67599,46.27094,45.70558,48.16638,48.09366,43.10452,43.01163,43.01163,48.0,45.04442,47.01064,43.01163,43.0,42.04759,45.09989,45.39824,45.01111,47.09565,45.01111,42.04759,41.04875,41.19466,40.11234,40.1995,41.19466,38.83298,33.73426,36.68787,34.20526,31.38471,31.95309,29.52965,28.84441,26.07681,27.45906,28.3196,23.60085,21.63331,22.67157,19.10497,18.60108,17.20465,15.81139,15.23155,13.41641,42.19005,43.56604,47.01064,47.01064,48.33218,48.75449,52.39275,51.89412,52.80152,50.15974,55.71355,56.30275,56.30275,62.29767,61.40033,60.63827,64.56005,60.08328,63.60031,63.32456,61.40033,62.0967,62.93648,66.09841,62.64184,64.19502,65.52099,63.56886,63.32456,64.51356,64.62198,65.79514,63.56099,63.52952,65.0,63.50591,62.17717,66.03787,62.26556,63.28507,63.81222,61.40033,66.85058,64.40497,62.20129,62.482,59.46427,58.72819,60.1415,57.98276,56.58622,60.87693,58.0,55.22681,56.63921,58.0517,54.67175
8.60233,9.21954,8.48528,8.48528,7.81025,8.48528,7.81025,7.81025,8.48528,7.81025,7.81025,8.60233,8.06226,7.2111,8.06226,8.60233,8.06226,7.2111,8.06226,7.2111,8.06226,8.06226,8.06226,7.2111,8.06226,8.06226,7.81025,7.81025,7.81025,7.81025,7.07107,7.07107,7.07107,6.40312,6.40312,6.40312,5.83095,5.83095,5.38516,4.47214,5.38516,5.09902,4.12311,4.12311,4.0,4.0,4.0,4.0,3.0,3.16228,3.16228,3.16228,49.49747,49.24429,51.41984,46.84015,46.8188,46.48656,45.88028,47.42362,42.05948,46.09772,45.27693,46.52956,46.32494,45.48626,43.60046,45.45327,45.45327,44.04543,43.18565,43.93177,47.42362,43.13931,45.27693,44.55334,41.7732,43.93177,41.01219,41.7732,42.42641,44.59821,41.7732,41.23106,37.80212,41.23106,38.27532,38.83298,38.07887,38.01316,35.35534,35.4683,30.67572,34.48188,32.28002,29.15476,28.44293,23.08679,27.0,22.09072,23.0,21.37756,19.0263,21.0238,15.52417,16.27882,16.76305,15.81139,15.26434,41.59327,46.09772,47.29693,46.57252,45.60702,50.59644,49.64877,52.92447,52.80152,51.62364,55.15433,55.9464,59.80803,58.60034,61.7414,59.05929,63.52952,59.94164,63.50591,59.5399,60.83584,66.18912,57.70615,63.07139,62.6099,65.39113,61.7414,67.97794,60.00833,65.79514,62.24147,65.19202,65.55151,65.45991,65.45991,67.06713,63.60031,68.65858,66.21933,66.70832,67.26812,65.76473,67.08204,64.77654,63.15061,64.93843,64.77654,62.514,61.13101,57.14018,61.0,61.03278,62.00806,56.00893,56.0357,61.07373,53.33854
8.60233,8.60233,8.60233,8.60233,7.81025,8.48528,8.48528,8.48528,8.48528,7.81025,7.81025,7.81025,7.81025,7.81025,7.81025,7.81025,8.60233,8.06226,7.2111,7.2111,7.2111,7.2111,7.2111,7.2111,7.2111,7.2111,7.81025,7.07107,7.07107,7.07107,7.07107,7.07107,6.40312,6.40312,6.40312,5.83095,5.83095,5.38516,5.38516,5.38516,5.09902,5.09902,5.09902,4.12311,4.0,4.0,4.0,4.0,4.12311,3.16228,3.16228,3.16228,49.64877,49.65884,51.62364,47.16991,46.87217,46.40043,47.63402,47.01064,45.27693,43.86342,48.10405,43.41659,44.59821,42.80187,42.52058,44.82187,47.43416,43.82921,42.19005,44.10215,44.94441,43.82921,43.38202,44.41846,43.909,42.94182,43.04649,42.54409,41.34005,44.10215,40.49691,41.34005,38.83298,41.6173,36.87818,41.86884,37.64306,37.53665,38.20995,36.61967,35.80503,35.8469,30.52868,32.24903,29.96665,28.4605,25.0,23.25941,23.76973,20.61553,20.09975,19.0,16.03122,16.03122,17.02939,15.0333,14.86607,44.55334,43.28972,47.16991,48.04165,50.01,49.09175,51.0392,53.03772,52.23983,53.33854,55.14526,58.30952,59.13544,60.40695,58.42089,60.01666,64.93843,60.01666,62.514,62.96825,61.40033,62.16912,63.63961,62.80127,62.96825,64.93843,65.9242,66.75328,64.62971,63.28507,65.19202,67.60178,78.0,69.26038,67.18631,66.0,65.00769,68.02941,65.00769,64.07027,63.1981,64.28063,66.37017,64.49806,63.28507,64.53681,62.96825,61.39218,61.39218,60.16644,63.78871,60.63827,58.94065,56.61272,57.24509,53.48832,58.87274
10.04988,9.0,10.04988,9.0,9.0,9.0,9.05539,9.05539,9.05539,9.05539,9.05539,9.21954,8.24621,8.24621,8.24621,8.24621,8.24621,8.24621,8.544,8.544,8.24621,8.24621,8.24621,8.24621,8.24621,8.24621,8.24621,8.06226,8.06226,8.06226,7.0,7.07107,7.0,7.0,7.0,7.0,7.07107,6.08276,6.08276,5.09902,5.38516,5.38516,5.38516,4.47214,4.47214,4.47214,4.47214,4.24264,3.60555,4.24264,2.82843,3.60555,52.80152,47.75982,51.24451,47.12749,47.53946,49.81967,43.73786,47.26521,45.09989,46.27094,46.09772,44.0,49.09175,41.04875,43.10452,47.16991,45.27693,43.28972,48.83646,43.18565,47.38143,41.97618,44.91102,43.56604,42.95346,45.89118,42.75512,44.72136,42.75512,45.54119,44.91102,46.52956,40.31129,43.41659,43.10452,38.0526,39.01282,37.05401,37.0,38.20995,34.36568,32.75668,28.86174,30.36445,30.41381,26.83282,24.59675,23.70654,24.18677,21.63331,19.41649,20.0,19.20937,18.38478,14.42221,18.60108,18.02776,44.59821,46.01087,43.93177,48.82622,47.01064,48.54894,50.77401,51.31277,52.83938,53.85165,52.35456,56.82429,55.56978,59.5399,60.41523,58.60034,62.16912,60.37384,61.91123,60.41523,61.7171,64.84597,58.18075,61.77378,64.84597,64.88451,64.84597,65.76473,61.40033,66.24198,61.91123,64.63745,62.42596,67.00746,64.40497,61.84658,61.84658,64.66065,66.6033,63.70243,65.76473,62.93648,65.06919,61.55485,64.38167,62.96825,61.07373,61.61169,61.40033,58.60034,61.03278,61.29437,62.42596,54.70832,56.60389,55.9464,54.70832
8.24621,8.24621,8.24621,8.24621,8.06226,8.06226,8.06226,8.0,8.0,8.0,8.0,8.0,8.0,8.06226,8.06226,8.06226,8.06226,8.06226,7.07107,8.06226,7.07107,8.24621,8.06226,7.07107,7.07107,7.07107,7.07107,7.07107,7.07107,7.07107,7.0,7.0,6.0,6.08276,6.08276,5.09902,5.09902,5.38516,4.47214,4.47214,4.47214,4.47214,3.60555,3.60555,3.60555,2.82843,2.82843,2.82843,2.82843,2.23607,2.23607,2.23607,48.75449,51.42956,51.26402,50.96077,51.26402,49.24429,50.01,47.07441,48.05206,47.16991,45.09989,45.09989,48.04165,47.01064,47.01064,45.04442,46.0,44.01136,40.1995,45.54119,46.09772,45.39824,44.40721,42.57934,42.57934,43.73786,45.54119,45.27693,42.29657,43.41659,45.09989,42.57934,46.04346,39.20459,43.04649,39.01282,40.1995,40.1995,36.01389,36.49658,38.83298,33.24154,30.67572,27.73085,26.40076,26.83282,24.59675,25.23886,22.47221,20.80865,20.24846,19.10497,15.81139,18.38478,15.0,14.21267,14.76482,46.2277,45.22168,49.40648,48.25971,52.15362,50.60632,52.47857,53.66563,55.07268,56.79789,57.27128,60.41523,61.32699,61.7414,59.48109,62.76942,65.79514,64.62198,64.4748,66.21178,61.7414,66.70832,64.88451,68.942,67.23095,66.85058,67.54258,64.84597,68.8767,65.29931,68.8767,65.8635,67.1193,65.45991,68.7968,66.61081,69.02898,67.6757,68.60029,66.4003,66.06815,68.0147,68.0147,70.03571,66.52819,63.78087,65.11528,64.66065,63.70243,63.78087,60.30755,62.20129,60.60528,60.60528,59.40539,56.85948,58.82176
8.06226,8.24621,8.24621,8.24621,7.61577,7.28011,7.61577,7.61577,7.61577,7.61577,6.7082,6.7082,8.06226,7.2111,7.2111,7.2111,7.2111,7.2111,7.2111,7.2111,7.2111,7.2111,7.2111,7.2111,7.2111,6.40312,7.2111,6.7082,6.7082,6.7082,6.32456,6.32456,6.32456,5.38516,5.09902,5.09902,5.0,5.0,5.0,4.0,4.0,4.12311,4.12311,3.16228,3.16228,3.16228,3.60555,3.60555,2.82843,2.82843,2.82843,2.23607,53.23533,51.0098,52.03845,49.0408,50.15974,49.25444,45.70558,52.17279,48.05206,48.05206,45.60702,43.68066,48.27007,42.15448,47.01064,46.09772,48.75449,45.65085,45.65085,40.70626,46.14109,43.82921,42.72002,42.54409,44.29447,46.95743,43.04649,42.54409,42.54409,42.72002,43.41659,43.56604,42.54409,44.28318,38.94868,41.4367,37.0,39.29377,38.60052,33.54102,32.38827,30.06659,31.06445,32.01562,29.06888,27.07397,24.18677,23.19483,20.39608,21.58703,20.88061,20.61553,17.46425,15.6205,17.80449,15.55635,13.45362,47.16991,47.53946,47.41308,51.97115,50.53712,52.15362,52.69725,54.6443,56.61272,53.60037,56.40035,59.40539,60.46487,62.80127,66.8431,60.30755,65.19202,61.07373,67.47592,65.19202,62.00806,68.0147,61.40033,65.80274,66.8431,68.41053,65.0,69.40461,65.21503,68.60029,64.89992,71.56116,67.42403,67.6757,68.09552,67.23095,62.64982,68.88396,68.42514,66.30988,68.44706,63.56099,65.39113,65.9242,65.78754,66.40783,65.55151,65.45991,67.35726,61.03278,62.36185,65.30697,64.13267,53.60037,61.52235,62.64982,58.0517
8.60233,8.60233,9.21954,9.21954,8.48528,8.48528,8.48528,8.48528,8.48528,7.81025,7.81025,8.60233,7.81025,7.81025,7.81025,8.60233,8.60233,7.2111,8.06226,7.2111,7.2111,7.2111,7.2111,7.2111,7.2111,7.2111,7.81025,7.81025,7.07107,7.07107,7.07107,7.07107,6.40312,6.40312,6.40312,5.83095,5.83095,5.38516,5.38516,5.38516,5.38516,5.09902,4.12311,4.12311,4.12311,4.0,4.0,4.0,3.0,3.16228,3.16228,3.16228,52.88667,50.96077,52.55473,48.10405,47.42362,47.42362,45.61798,52.47857,43.38202,48.76474,47.43416,46.40043,49.20366,43.60046,46.40043,46.2277,48.10405,43.93177,45.96738,41.10961,45.27693,40.31129,45.45327,42.42641,40.36087,43.18565,42.52058,43.27817,37.64306,41.7732,42.44997,43.13931,37.01351,39.82462,40.60788,41.6173,37.20215,36.40055,34.48188,36.23534,32.64966,31.7805,30.46309,28.4605,29.12044,24.73863,28.16026,20.22375,21.0238,22.0,22.0,20.39608,18.24829,17.26268,15.23155,14.76482,15.26434,44.40721,46.52956,42.75512,48.27007,45.54119,47.29693,50.0,51.1957,53.48832,49.33559,56.30275,56.04463,56.921,58.18935,61.68468,56.79789,64.88451,56.46238,64.62198,61.84658,59.13544,61.84658,59.46427,62.03225,63.90618,65.78754,62.03225,65.19202,63.32456,66.76077,61.98387,64.03124,62.93648,65.96969,62.96825,65.51336,62.64982,63.78871,64.77654,66.48308,66.61081,65.37584,68.26419,60.07495,65.12296,63.03174,63.00794,61.13101,63.07139,60.07495,62.07254,58.03447,62.514,54.23099,57.31492,61.52235,56.7186
8.06226,8.06226,8.94427,8.544,7.61577,7.61577,8.544,7.61577,7.61577,8.24621,7.28011,7.28011,8.06226,7.07107,7.07107,8.06226,7.07107,7.07107,7.07107,7.07107,7.07107,7.07107,7.07107,7.0,7.07107,7.07107,7.07107,7.07107,7.28011,7.28011,6.32456,6.32456,6.32456,6.32456,5.83095,5.83095,5.83095,5.0,5.0,4.24264,5.0,4.24264,3.60555,3.60555,3.60555,3.60555,3.16228,3.16228,3.16228,3.16228,3.0,3.0,53.8145,50.93133,55.31727,52.49762,51.22499,47.16991,50.24938,48.76474,47.16991,48.37355,48.76474,46.51881,48.30114,44.38468,45.31004,43.65776,48.10405,47.12749,45.88028,43.32436,48.70318,41.23106,46.87217,44.38468,46.57252,47.07441,41.48494,43.93177,43.17407,43.17407,44.38468,42.2019,39.56008,42.72002,39.84972,39.39543,37.69615,38.91015,36.23534,35.51056,34.4093,30.4795,32.01562,30.61046,29.06888,28.6007,28.01785,22.67157,25.80698,22.47221,21.47091,18.78829,18.35756,15.81139,17.72005,16.49242,16.0,48.38388,47.12749,45.60702,50.44799,49.81967,50.63596,50.48762,52.61179,51.35173,51.62364,56.14268,57.21888,59.3043,62.514,63.63961,60.00833,65.12296,63.00794,64.28063,66.0,64.49806,66.37017,64.12488,68.18358,63.1981,65.27634,67.47592,66.48308,66.37017,66.61081,62.80127,70.85901,67.46851,66.4906,66.21933,66.76077,64.28841,67.44627,68.68042,68.00735,68.00735,69.28925,68.15424,67.08204,67.1193,67.54258,68.47627,62.6099,66.7308,59.5399,65.51336,63.63175,62.68174,59.40539,59.90826,60.80296,60.80296
8.24621,9.21954,9.05539,8.06226,8.06226,8.06226,8.06226,8.0,8.0,8.0,8.0,8.06226,8.06226,7.07107,7.07107,8.06226,7.07107,7.07107,7.28011,7.07107,7.07107,7.28011,7.07107,7.28011,7.07107,7.07107,7.07107,7.07107,7.07107,7.0,7.0,7.0,6.0,6.08276,6.08276,6.08276,5.09902,5.38516,5.09902,4.47214,4.47214,4.47214,3.60555,3.60555,4.24264,2.82843,2.82843,2.82843,3.60555,3.60555,3.16228,3.16228,50.96077,54.57105,51.1957,48.83646,53.60037,48.50773,52.23983,52.34501,50.08992,44.01136,49.0102,51.24451,49.0408,48.04165,45.17743,44.40721,48.37355,48.05206,44.72136,46.52956,44.14748,40.5216,43.68066,45.22168,44.64303,43.41659,41.7732,46.17359,41.97618,45.35416,42.57934,43.17407,47.85394,41.4367,36.87818,40.60788,38.32754,37.21559,39.01282,35.01428,33.13608,32.55764,32.24903,30.41381,29.83287,27.20294,25.63201,25.29822,24.18677,22.84732,19.23538,20.0,16.12452,17.02939,17.69181,15.6205,14.31782,46.75468,45.60702,49.20366,50.0,52.63079,47.70744,53.25411,54.3783,53.0,56.4358,56.4358,57.98276,61.91123,61.29437,60.03332,64.49806,65.29931,62.6099,63.63175,63.13478,64.49806,65.76473,66.24198,68.96376,66.18912,65.76473,64.88451,66.0303,67.41662,63.82006,65.21503,68.60029,65.60488,68.24954,66.8431,64.44377,65.11528,66.52819,66.48308,65.76473,65.06919,65.19202,67.26812,69.02898,64.40497,64.81512,66.4003,65.45991,64.14047,63.51378,65.19202,62.96825,61.77378,60.41523,61.29437,60.41523,58.30952
9.21954,9.48683,8.544,9.48683,8.544,8.544,8.94427,8.94427,8.94427,8.06226,8.94427,8.06226,8.06226,8.06226,8.06226,8.06226,8.60233,8.60233,8.60233,7.2111,7.2111,8.06226,8.60233,7.81025,7.2111,8.60233,8.06226,8.06226,7.61577,7.61577,7.61577,7.61577,7.28011,6.32456,6.32456,6.32456,6.08276,6.08276,5.09902,5.0,5.0,5.0,5.0,5.09902,4.12311,4.12311,4.12311,4.12311,3.16228,3.60555,3.60555,3.60555,53.03772,50.15974,54.45181,49.25444,51.35173,47.51842,51.97115,48.50773,48.76474,50.44799,49.0408,49.0408,49.72927,47.01064,47.92703,47.85394,46.95743,44.29447,48.30114,46.09772,48.37355,47.50789,42.43819,43.909,43.41659,46.14109,46.64762,44.65423,43.26662,44.41846,45.27693,44.72136,39.92493,41.14608,42.04759,42.04759,40.31129,37.33631,36.13862,35.69314,38.83298,36.67424,34.05877,29.15476,29.0,28.0,27.45906,24.33105,21.37756,23.76973,21.84033,21.18962,20.88061,17.08801,18.02776,15.81139,19.10497,47.16991,48.10405,48.30114,48.30114,52.7731,47.88528,52.43091,54.91812,55.0,54.40588,56.0357,56.0357,60.46487,61.40033,60.80296,60.30755,61.7171,62.62587,59.81639,64.53681,63.12686,65.19202,63.41136,62.00806,64.40497,66.06815,68.60029,63.24555,62.42596,66.61081,65.51336,66.03787,64.66065,66.03787,65.0,67.60178,65.36819,65.39113,65.79514,65.55151,65.79514,66.12866,66.7308,67.05222,65.14599,67.44627,64.84597,62.64184,66.48308,64.03124,61.39218,62.64982,62.64982,58.69412,58.42089,59.4138,55.22681
9.84886,9.48683,9.48683,9.48683,9.48683,9.21954,9.21954,9.21954,9.21954,9.21954,9.05539,9.05539,8.06226,9.05539,8.06226,9.05539,8.0,9.0,8.0,8.0,8.0,8.0,8.0,8.0,8.06226,8.0,8.06226,8.06226,8.06226,8.06226,7.28011,7.28011,7.28011,7.28011,6.32456,6.32456,6.32456,5.83095,5.83095,5.83095,5.0,5.0,5.0,5.0,4.24264,4.24264,4.24264,3.60555,3.60555,3.60555,3.60555,3.16228,54.67175,50.77401,54.3783,48.8774,54.70832,52.35456,51.42956,49.64877,50.32892,50.32892,46.23851,49.64877,48.38388,46.84015,46.09772,48.50773,48.27007,46.69047,46.32494,47.67599,47.51842,46.38965,47.16991,42.57934,42.42641,49.0306,45.89118,44.55334,45.54119,46.52956,44.72136,47.85394,45.60702,43.17407,40.80441,40.49691,39.0,39.35734,36.71512,37.16181,35.8469,32.44996,35.80503,33.6006,31.89044,29.73214,28.42534,23.43075,25.45584,23.60085,21.40093,20.59126,20.24846,19.69772,16.76305,17.08801,14.56022,44.65423,46.52956,49.1935,50.53712,50.15974,53.31041,52.20153,53.48832,55.65968,53.48832,57.56735,58.24088,58.82176,61.40033,61.13101,61.61169,65.51336,61.18823,61.98387,65.11528,65.73431,63.15061,60.87693,64.7611,62.8172,65.0,64.03124,65.25335,64.56005,68.00735,60.44005,64.19502,62.96825,68.70953,62.29767,64.4748,63.56099,64.4748,64.41273,63.52952,67.23095,64.49806,66.03787,64.07027,63.51378,65.21503,63.82006,63.00794,64.2028,59.5483,60.44005,63.63961,62.96825,58.69412,59.39697,62.93648,58.0517
9.43398,9.43398,8.94427,8.94427,8.94427,8.94427,8.94427,8.544,8.544,8.544,8.544,9.48683,9.21954,8.24621,8.24621,9.21954,9.21954,8.24621,8.06226,8.06226,8.06226,8.24621,9.21954,8.06226,8.24621,8.24621,8.24621,8.24621,8.24621,8.24621,7.28011,7.28011,7.61577,6.7082,6.7082,6.7082,5.83095,5.83095,5.0,5.0,5.0,4.24264,4.24264,4.24264,3.60555,3.60555,3.60555,2.82843,2.82843,2.23607,2.23607,2.23607,50.91169,51.62364,50.32892,46.8615,50.80354,49.40648,49.40648,45.27693,46.06517,48.30114,47.41308,47.42362,45.61798,47.16991,47.16991,44.38468,49.33559,44.38468,47.29693,44.38468,44.64303,45.35416,45.54119,43.56604,41.0,43.93177,43.56604,45.54119,43.56604,42.72002,44.14748,40.26164,41.23106,40.5216,41.4367,40.16217,41.23106,37.94733,38.07887,35.8469,34.0,36.05551,29.68164,28.6007,27.80288,25.4951,27.58623,21.93171,21.40093,21.26029,19.41649,18.02776,13.89244,16.15549,13.41641,14.56022,16.12452,44.64303,43.41659,44.18144,46.04346,50.03998,48.01042,50.01,47.01064,50.03998,55.0,55.0,56.14268,57.0,59.03389,58.03447,58.21512,62.20129,60.13319,61.07373,62.39391,63.07139,61.20457,64.12488,61.13101,60.20797,62.0,63.00794,61.0082,61.03278,62.03225,64.03124,62.514,61.40033,62.64982,62.64982,61.98387,61.39218,63.56099,63.34824,63.89053,62.36185,62.64184,62.64184,65.55151,61.09828,62.17717,59.23681,60.37384,59.94164,62.16912,59.48109,58.18075,59.05929,56.93856,59.07622,59.68249,58.41233
7.81025,7.81025,7.81025,8.48528,8.48528,8.48528,7.81025,7.81025,7.81025,7.81025,7.2111,7.2111,8.06226,7.2111,7.2111,7.2111,7.2111,6.7082,8.06226,7.61577,7.2111,8.06226,6.7082,7.61577,6.7082,7.2111,7.2111,7.2111,7.2111,6.40312,6.40312,6.40312,6.40312,5.65685,5.65685,5.0,5.0,5.0,4.47214,4.47214,4.12311,4.12311,4.12311,3.16228,3.0,3.0,3.0,3.0,3.0,3.16228,2.23607,2.23607,53.7122,50.53712,52.15362,47.43416,49.20366,46.8615,51.22499,48.27007,47.38143,46.66905,46.69047,44.20407,47.80167,44.68781,47.50789,45.80393,49.40648,46.40043,46.04346,48.37355,46.14109,44.41846,44.29447,45.17743,44.94441,42.94182,43.04649,46.14109,44.94441,42.05948,44.94441,42.19005,44.10215,44.94441,39.40812,44.04543,40.60788,40.60788,41.03657,36.06938,34.65545,32.20248,32.44996,30.23243,27.29469,27.45906,23.85372,24.16609,21.54066,21.0238,21.93171,19.92486,19.0263,15.0,20.09975,15.52417,14.76482,45.01111,44.04543,47.09565,49.36598,48.83646,51.62364,53.46027,52.17279,54.91812,56.75385,58.5235,59.77458,60.44005,62.93648,59.20304,65.14599,66.48308,65.78754,64.56005,63.89053,66.09841,66.76077,67.35726,67.05222,65.80274,67.72001,65.14599,65.0,68.15424,63.56099,65.11528,67.26812,68.46897,66.75328,66.61081,65.12296,65.27634,65.27634,66.18912,68.02941,65.00769,66.1211,65.19202,67.26812,60.29925,62.514,60.82763,62.96825,64.03124,62.96825,61.98387,61.13101,63.06346,61.35145,61.68468,59.80803,59.46427
9.0,9.05539,9.05539,9.05539,9.05539,9.05539,9.21954,9.21954,9.21954,9.48683,9.21954,9.48683,8.544,8.544,8.544,8.544,8.544,8.544,8.94427,8.94427,8.94427,8.94427,8.544,8.94427,8.544,8.544,8.544,8.544,8.544,8.24621,8.24621,7.28011,7.28011,7.28011,7.07107,7.0,7.0,6.0,6.0,6.0,5.0,5.09902,5.0,4.12311,4.12311,4.12311,3.16228,3.16228,3.16228,3.16228,2.82843,2.23607,51.35173,52.08647,50.01,53.00943,45.09989,48.16638,49.25444,46.52956,46.17359,45.89118,49.24429,45.22168,45.88028,47.12749,44.94441,46.23851,47.75982,45.69464,43.46263,44.38468,45.69464,44.94441,46.06517,45.65085,45.17743,43.82921,44.28318,46.51881,43.38202,46.14109,42.95346,41.78516,45.88028,41.10961,41.10961,43.17407,41.0,37.10795,38.47077,36.12478,33.13608,35.01428,35.0,30.01666,30.01666,28.07134,26.1725,27.29469,24.73863,22.80351,20.88061,17.46425,19.69772,16.64332,18.02776,12.80625,11.40175,41.14608,43.909,44.94441,46.32494,47.20169,47.01064,50.0,50.44799,52.63079,51.85557,57.38467,52.40229,57.31492,56.56854,58.69412,61.6198,58.0,61.6198,62.24147,60.82763,62.93648,59.39697,62.2254,63.70243,63.03174,64.38167,60.10824,60.1415,62.2254,62.482,57.38467,64.53681,62.62587,62.80127,61.22091,58.60034,63.51378,62.96825,66.37017,60.41523,61.05735,62.6099,61.29437,62.16912,61.7414,59.9333,59.23681,60.53924,59.13544,59.48109,59.77458,55.65968,54.78138,56.75385,61.13101,55.7853,53.75872
9.05539,8.0,8.0,8.06226,8.0,8.06226,8.06226,8.06226,8.24621,7.28011,8.24621,8.24621,8.24621,8.24621,7.28011,8.544,8.544,7.61577,7.61577,7.61577,7.61577,7.61577,7.61577,7.61577,7.61577,7.61577,7.61577,7.28011,7.28011,7.28011,7.07107,7.07107,6.08276,6.08276,6.08276,6.0,5.0,5.0,5.09902,4.12311,4.12311,4.12311,3.16228,3.16228,3.16228,3.16228,3.16228,2.23607,2.23607,2.82843,1.41421,1.41421,54.56189,50.15974,50.08992,49.39636,48.10405,50.59644,48.08326,46.32494,49.47727,48.83646,46.52956,48.25971,50.80354,43.01163,46.01087,50.0,50.0,46.17359,47.01064,46.04346,47.01064,48.16638,44.28318,43.18565,45.04442,46.04346,45.04442,44.18144,41.19466,46.09772,44.01136,44.10215,43.01163,41.01219,42.04759,41.10961,40.1995,39.31921,35.69314,39.05125,35.73514,34.20526,32.89377,29.15476,28.17801,29.15476,28.6531,25.0,25.0,22.67157,20.51828,18.43909,18.02776,19.10497,13.60147,15.26434,14.76482,45.22168,46.32494,46.87217,52.15362,47.41308,49.64877,53.22593,53.22593,56.85948,54.56189,58.60034,60.53924,60.41523,62.64982,63.69458,61.03278,65.19202,63.60031,62.62587,66.40783,62.03225,66.48308,63.56886,63.90618,66.09841,64.84597,65.19202,66.70832,63.69458,65.9242,63.97656,64.84597,66.18912,65.29931,64.88451,67.23095,66.37017,65.45991,66.28725,66.4003,68.8186,64.2028,66.21933,67.47592,63.70243,64.03124,67.17887,65.79514,61.52235,60.10824,60.10824,61.22091,61.84658,58.41233,58.00862,58.00862,55.80323
9.05539,9.21954,9.05539,9.21954,9.21954,9.21954,8.24621,8.544,8.544,8.544,8.544,8.94427,8.94427,8.544,8.06226,8.94427,8.06226,8.06226,8.06226,8.06226,8.06226,8.06226,8.06226,8.06226,8.06226,8.06226,7.61577,7.61577,7.61577,7.61577,7.28011,7.28011,7.28011,7.07107,7.28011,7.07107,6.08276,6.0,6.0,5.0,5.0,5.09902,5.09902,5.09902,4.12311,4.12311,4.12311,4.47214,3.60555,3.60555,3.60555,2.82843,55.7315,48.16638,50.63596,48.0,50.0,47.01064,45.09989,49.09175,44.40721,47.51842,46.38965,48.08326,47.07441,40.79216,44.64303,44.92215,47.43416,46.23851,47.53946,43.65776,51.07837,41.78516,45.18849,43.08132,42.04759,45.61798,41.14608,43.46263,42.04759,42.94182,45.88028,47.92703,39.21734,43.08132,41.10961,39.56008,36.13862,38.83298,36.49658,34.0147,34.36568,31.06445,32.06244,30.06659,31.01612,26.1725,29.42788,24.04163,27.20294,23.08679,21.54066,21.93171,16.12452,18.02776,18.35756,18.86796,15.6205,43.82921,46.04346,42.0119,47.50789,44.68781,50.24938,48.83646,50.44799,53.03772,50.91169,53.74012,56.58622,57.98276,58.79626,63.12686,57.48913,63.25346,55.44367,63.12686,60.60528,60.87693,64.66065,58.72819,60.60528,61.52235,65.79514,65.29931,67.89698,60.20797,67.17887,57.31492,65.76473,60.60528,63.41136,63.89053,64.66065,60.21628,62.00806,63.00794,66.28725,66.03787,58.83026,66.37017,60.03332,64.84597,61.26989,61.7171,60.53924,62.24147,55.71355,56.0803,60.40695,64.84597,48.70318,56.04463,60.63827,51.92302
8.06226,8.06226,8.06226,8.06226,8.0,8.0,8.0,8.06226,8.0,8.06226,8.06226,8.06226,8.06226,8.06226,7.07107,8.24621,7.28011,7.28011,7.28011,7.28011,7.28011,7.28011,7.28011,7.28011,7.28011,7.28011,7.28011,7.07107,7.07107,7.07107,6.0,6.0,6.0,6.0,6.0,5.09902,5.09902,5.09902,4.12311,4.12311,4.12311,3.16228,3.60555,3.60555,3.16228,2.82843,2.82843,2.82843,2.82843,2.23607,2.23607,2.23607,50.47772,50.77401,48.8774,49.1935,51.47815,48.46648,49.98,45.54119,49.64877,46.84015,47.80167,46.32494,49.0306,43.73786,47.38143,48.50773,48.37355,46.17359,44.10215,47.01064,46.04346,46.0,44.04543,46.01087,44.01136,46.04346,48.0,45.01111,42.0,46.0,43.04649,43.0,42.19005,42.0119,41.30375,37.48333,40.02499,39.05125,39.56008,34.9285,38.27532,35.8469,31.76476,30.46309,26.92582,28.6007,27.78489,25.23886,20.80865,24.08319,20.51828,19.10497,17.02939,16.40122,15.65248,12.52996,14.86607,45.17743,47.53946,48.8467,47.53946,53.14132,50.59644,50.59644,52.49762,53.16014,57.28001,56.51548,56.08921,60.87693,60.63827,60.20797,64.32729,61.61169,65.76473,62.96825,63.95311,62.58594,66.75328,66.09841,64.77654,66.4906,64.32729,64.53681,64.03124,69.12308,64.19502,69.64194,65.78754,67.35726,64.62198,67.77905,68.54196,67.23095,66.64083,63.52952,67.08204,63.95311,68.26419,61.91123,69.89278,60.46487,64.3506,64.66065,63.60031,63.41136,65.80274,59.66574,64.38167,58.0517,58.72819,58.72819,54.45181,54.81788
9.43398,8.94427,8.94427,8.94427,9.84886,8.544,9.48683,9.48683,9.48683,9.21954,9.48683,8.24621,9.21954,8.24621,8.24621,9.05539,8.06226,9.05539,8.06226,8.06226,8.06226,9.05539,8.06226,9.05539,8.06226,8.06226,8.06226,8.06226,8.06226,8.24621,7.28011,7.28011,7.28011,7.28011,6.32456,6.7082,5.83095,5.83095,5.83095,5.83095,5.0,5.0,5.0,4.24264,4.24264,4.24264,3.60555,2.82843,2.82843,2.23607,2.23607,2.23607,55.07268,50.11986,53.22593,47.92703,48.8467,50.32892,47.53946,53.36666,49.24429,47.80167,48.50773,47.38143,48.25971,45.27693,46.38965,51.0098,50.08992,45.0,46.09772,46.0,50.01,48.0,46.09772,46.04346,46.01087,43.04649,43.0,46.17359,46.04346,43.0,42.0119,43.01163,44.01136,45.0,41.19466,44.40721,41.30375,41.97618,39.81206,37.64306,35.17101,36.68787,29.15476,29.73214,30.8707,27.73085,27.78489,24.41311,24.75884,21.93171,20.51828,19.10497,19.20937,18.60108,15.6205,16.12452,13.41641,41.88078,43.56604,45.79301,49.1935,47.85394,51.42956,50.15974,52.20153,53.48832,52.81098,57.24509,57.97413,58.18935,57.93962,62.29767,61.98387,62.93648,61.84658,64.03124,62.93648,63.89053,62.93648,63.60031,64.51356,65.80274,60.44005,66.40783,67.6757,65.78754,66.85058,62.96825,65.0,65.74192,64.40497,65.29931,63.07139,63.13478,62.43397,67.1193,67.6757,64.89992,66.4003,64.81512,64.03124,64.03124,62.36986,60.20797,65.11528,60.87693,58.0517,62.28965,59.39697,57.28001,58.72819,60.0,60.44005,55.21775
7.81025,7.2111,8.06226,7.2111,8.06226,6.7082,7.61577,7.61577,7.61577,7.61577,7.61577,7.28011,7.28011,7.28011,7.28011,7.28011,7.07107,7.28011,7.07107,7.07107,7.07107,7.07107,7.07107,7.07107,7.28011,7.07107,7.07107,7.28011,6.32456,6.32456,6.32456,6.32456,6.32456,5.38516,5.38516,5.0,5.0,5.0,4.24264,4.24264,3.60555,4.24264,4.24264,3.60555,2.82843,2.82843,2.23607,2.23607,3.16228,2.0,2.0,2.0,49.67897,48.01042,50.20956,46.69047,50.44799,45.27693,46.2277,47.43416,48.54894,44.77723,46.64762,45.61798,47.88528,45.61798,42.72002,46.48656,46.23851,45.22168,41.4367,43.9659,43.17407,40.5216,42.44997,42.05948,40.5216,43.41659,41.97618,43.93177,42.72002,41.48494,41.4367,40.5216,42.05948,39.92493,39.21734,38.07887,38.62642,36.23534,36.24914,36.24914,33.28663,35.4683,33.30165,27.80288,27.58623,24.75884,26.1725,24.83948,20.80865,20.80865,17.49286,16.55295,18.78829,21.18962,17.26268,12.36932,13.15295,45.27693,44.18144,43.01163,47.09565,50.08992,49.0408,50.01,52.00961,54.08327,55.00909,56.14268,54.23099,58.07753,58.42089,59.3043,61.52235,61.66036,62.514,62.39391,62.07254,63.3877,65.19202,63.12686,65.27634,65.27634,65.12296,64.07027,65.06919,64.07027,66.0,61.0082,64.03124,63.3877,63.3877,64.38167,65.27634,61.0,63.78871,65.11528,64.32729,64.53681,66.21933,63.06346,62.64184,61.68468,63.90618,61.35145,62.64982,62.39391,60.83584,60.83584,60.83584,55.00909,57.69749,57.70615,56.82429,59.05929
9.21954,9.21954,8.60233,8.60233,8.60233,8.60233,8.94427,9.43398,8.06226,8.94427,8.94427,8.94427,8.94427,8.94427,8.544,8.544,8.544,8.544,8.544,8.544,8.544,8.544,8.544,8.544,8.544,8.544,8.544,7.61577,7.61577,8.06226,8.06226,7.2111,6.7082,7.2111,6.40312,5.65685,5.65685,5.65685,5.65685,5.65685,5.0,5.0,3.60555,3.60555,3.60555,3.16228,3.16228,3.16228,3.16228,2.0,2.0,2.0,51.1957,53.85165,52.81098,47.53946,50.69517,49.65884,47.41308,49.73932,50.77401,47.70744,48.54894,49.20366,46.64762,44.82187,47.63402,43.13931,48.83646,48.83646,44.59821,43.93177,48.08326,43.13931,44.59821,45.96738,44.59821,47.42362,45.96738,45.27693,43.13931,45.96738,48.83646,45.80393,43.93177,43.27817,41.86884,38.01316,38.83298,38.58756,38.48376,38.07887,34.0147,35.8469,32.89377,31.01612,28.63564,27.16616,25.17936,22.09072,23.02173,22.09072,20.09975,18.43909,17.11724,16.76305,16.76305,14.76482,15.26434,44.28318,47.0,46.01087,49.09175,50.08992,48.25971,51.1957,51.78803,52.63079,52.17279,57.07013,57.48913,61.0,60.41523,63.06346,61.68468,66.09841,59.77458,62.64184,64.2573,64.19502,66.12866,63.89053,60.63827,64.19502,65.96969,68.96376,70.21396,65.45991,65.80274,65.96969,67.68309,65.25335,65.51336,66.70832,66.28725,65.9242,64.77654,64.38167,66.27217,65.19202,65.49046,64.12488,66.06815,63.03174,63.0,67.02984,63.0,65.03076,62.00806,63.1981,62.28965,62.39391,55.3263,58.69412,60.40695,57.27128
9.0,9.0,9.05539,9.05539,9.05539,9.05539,9.21954,9.21954,9.21954,9.21954,9.21954,9.21954,8.24621,9.21954,8.544,8.544,8.544,8.544,8.544,8.94427,8.94427,8.94427,8.544,8.544,8.544,8.544,8.544,7.61577,8.544,8.24621,7.28011,7.28011,7.28011,7.28011,7.07107,7.07107,7.0,6.0,6.0,5.0,5.09902,5.09902,5.0,4.12311,4.12311,4.12311,4.12311,4.12311,3.16228,3.16228,3.16228,2.23607,54.91812,47.67599,52.23983,47.09565,47.09565,50.01,49.16299,48.09366,45.39824,46.09772,47.07441,45.12206,43.41659,44.64303,46.09772,44.14748,45.89118,46.32494,44.94441,45.60702,44.01136,44.94441,44.77723,44.77723,42.48529,43.46263,46.09772,44.01136,44.59821,40.49691,40.5216,43.65776,40.80441,41.10961,41.10961,41.48494,42.44997,36.87818,36.87818,34.36568,36.22154,33.01515,36.01389,31.06445,30.0,29.27456,24.18677,26.4764,23.08679,21.18962,19.31321,17.72005,18.38478,18.02776,17.49286,14.14214,13.45362,44.59821,45.45327,44.55334,48.10405,51.08816,51.08816,48.83646,50.32892,51.08816,51.40039,54.70832,55.22681,56.60389,55.75841,59.81639,61.29437,64.07027,60.53924,61.85467,60.21628,60.60528,58.82176,61.29437,61.91123,62.42596,62.96825,58.30952,60.60528,59.81639,64.53681,60.0,63.78087,61.52235,60.1415,61.07373,61.7171,60.82763,64.38167,62.28965,64.53681,63.60031,62.42596,64.03124,65.73431,62.80127,63.95311,59.05929,59.48109,60.37384,59.94164,60.41523,57.70615,58.69412,56.36488,55.9464,55.15433,55.71355
8.60233,8.60233,8.06226,8.06226,8.94427,8.06226,7.61577,8.544,7.61577,7.61577,8.544,8.24621,7.28011,7.28011,7.28011,8.24621,7.28011,7.28011,7.07107,7.07107,7.07107,8.06226,7.28011,7.07107,7.07107,7.28011,7.28011,7.28011,7.28011,7.61577,6.7082,6.7082,6.32456,5.83095,5.83095,6.40312,6.40312,5.0,5.0,4.24264,5.0,5.0,5.0,3.60555,4.47214,4.47214,4.12311,3.16228,3.16228,3.16228,3.0,3.0,53.2635,51.73973,51.73973,51.08816,49.51767,49.0408,50.32892,51.22499,47.16991,44.04543,43.82921,46.14109,48.8774,44.94441,42.05948,49.1935,45.18849,49.39636,46.61545,44.77723,45.88028,47.12749,46.84015,43.08132,42.05948,47.01064,43.65776,44.27189,44.92215,39.56008,41.10961,46.8188,42.72002,42.95346,37.57659,41.14608,38.47077,40.70626,38.01316,36.12478,34.71311,32.55764,30.4795,36.06938,29.83287,30.80584,27.20294,25.6125,26.62705,22.84732,22.47221,21.54066,20.61553,19.69772,16.76305,16.03122,15.0,46.09772,46.09772,47.26521,47.67599,53.46027,51.15662,48.01042,52.03845,57.0,58.07753,59.00847,58.00862,62.03225,61.0082,62.03225,58.13777,66.18912,60.20797,66.0,63.12686,63.12686,65.27634,65.12296,65.00769,62.03225,64.00781,69.00725,68.11755,66.0303,66.06815,64.07027,66.27217,66.06815,66.1211,68.35934,67.60178,64.93843,63.95311,65.51336,67.91171,70.40597,67.72001,67.35726,69.89278,60.74537,60.53924,64.51356,65.55151,67.1193,62.24147,60.92618,61.7414,60.83584,57.27128,59.68249,60.53924,55.56978
8.544,7.61577,8.94427,8.06226,8.06226,8.06226,7.81025,7.81025,7.81025,7.81025,7.81025,7.81025,7.81025,7.81025,7.07107,8.48528,7.07107,7.81025,7.07107,7.81025,7.81025,7.81025,7.07107,7.81025,7.07107,7.07107,7.07107,7.07107,7.07107,7.07107,6.40312,6.40312,6.40312,5.83095,5.83095,5.38516,5.38516,5.38516,5.09902,4.12311,4.12311,4.0,4.12311,3.0,3.0,3.16228,3.16228,3.16228,3.16228,2.23607,2.23607,2.82843,46.09772,51.86521,49.0408,50.56679,47.53946,44.01136,46.09772,47.50789,48.37355,44.94441,44.65423,45.34314,44.20407,44.68781,42.2019,44.04543,45.45327,44.68781,42.44997,42.44997,43.18565,43.84062,42.44997,43.41659,42.63801,42.44997,43.27817,46.66905,42.44997,43.86342,38.28838,38.8973,44.59821,39.62323,39.69887,37.80212,37.64306,35.0,34.98571,32.75668,34.0,29.73214,31.7805,27.20294,26.57066,25.0,21.58703,25.17936,21.2132,20.02498,20.09975,16.03122,16.27882,18.24829,16.27882,14.31782,12.52996,43.73786,42.57934,45.54119,45.35416,46.32494,47.29693,51.92302,51.5461,52.49762,51.86521,55.54278,58.30952,56.0803,59.23681,59.61543,61.26989,62.24147,60.83584,62.6099,61.35145,62.03225,63.32456,63.56099,64.88451,62.64982,60.92618,61.7171,60.92618,62.03225,66.12866,61.46544,64.84597,62.0967,63.78871,67.68309,63.78871,64.32729,63.78871,63.15061,60.82763,59.84146,66.1211,66.09841,66.27217,63.50591,60.13319,62.0,61.0,62.07254,61.0,58.03447,61.0,60.13319,58.42089,61.07373,56.56854,57.31492
9.43398,9.43398,10.0,9.21954,9.21954,9.21954,8.48528,8.48528,9.21954,9.21954,9.21954,9.21954,9.21954,9.21954,8.60233,8.60233,8.60233,8.60233,8.60233,8.60233,8.60233,8.60233,8.60233,8.60233,8.60233,8.60233,8.60233,8.60233,8.60233,7.81025,7.81025,7.81025,7.81025,7.07107,7.07107,6.40312,6.40312,5.83095,5.83095,5.83095,5.83095,5.38516,5.38516,4.47214,4.12311,4.12311,4.12311,4.12311,4.12311,4.12311,3.0,3.0,52.20153,52.49762,52.0,51.26402,52.80152,48.76474,50.9902,48.8774,49.92995,46.04346,50.77401,46.2277,47.80167,50.0,41.86884,46.69047,49.51767,48.79549,48.08326,44.68781,43.86342,47.01064,46.01087,43.18565,45.25483,44.59821,44.68781,43.93177,43.93177,45.34314,45.60702,44.68781,45.34314,45.96738,43.13931,41.7732,38.41875,39.20459,41.04875,36.61967,34.1321,33.01515,32.20248,34.0,29.15476,28.23119,22.80351,25.96151,22.80351,22.2036,22.02272,21.09502,22.09072,19.10497,19.0263,15.0333,14.14214,46.38965,42.75512,47.80167,44.64303,46.09772,48.38388,49.39636,52.55473,52.92447,51.62364,55.36244,57.38467,61.46544,62.76942,57.27128,63.97656,59.9333,62.16912,61.7414,59.68249,62.16912,67.08204,64.41273,61.7414,64.40497,67.23095,66.48308,62.96825,63.69458,62.96825,63.56886,63.90618,62.96825,64.51356,68.30813,65.25335,65.30697,63.15061,61.81424,67.74216,63.50591,65.37584,64.28063,66.18912,59.07622,65.12296,65.06919,61.03278,65.03076,64.03124,60.29925,62.514,60.20797,56.32051,57.07013,57.31492,55.7315
10.0,9.43398,9.43398,9.43398,9.43398,8.94427,8.94427,8.94427,8.94427,8.544,8.544,8.544,8.544,8.544,8.544,8.24621,8.24621,8.24621,8.24621,8.24621,8.24621,8.24621,8.24621,8.24621,8.24621,8.24621,8.24621,8.544,8.544,7.61577,7.61577,7.61577,7.61577,7.2111,6.7082,7.2111,6.40312,6.40312,6.40312,5.65685,5.65685,5.65685,5.0,5.0,5.0,3.60555,4.47214,4.47214,3.60555,4.12311,3.16228,3.16228,55.0,53.60037,51.40039,49.57822,55.17246,48.79549,49.51767,49.57822,49.67897,50.0,47.43416,47.20169,50.77401,47.16991,48.30114,48.30114,48.76474,46.06517,45.17743,44.77723,48.8467,47.16991,45.88028,44.94441,43.46263,45.88028,46.48656,46.23851,43.86342,45.88028,44.59821,47.75982,42.72002,41.18252,40.71855,42.54409,40.70626,40.81666,39.96248,38.01316,34.20526,34.71311,32.55764,33.24154,30.80584,30.0,25.45584,29.68164,25.23886,21.09502,22.82542,20.59126,19.64688,19.23538,16.76305,15.29706,16.12452,43.41659,44.10215,44.04543,48.04165,50.15974,45.01111,50.08992,52.03845,54.33231,53.08484,54.14795,57.42822,60.29925,61.40033,61.20457,61.18823,62.36986,63.63961,62.20129,64.77654,62.39391,66.61081,61.40033,61.40033,66.09841,65.49046,66.75328,62.20129,64.49806,64.38167,63.12686,65.12296,61.0082,65.03076,64.07027,64.07027,65.49046,66.1211,65.19202,67.47592,65.9242,67.08204,61.98387,68.06614,63.56886,62.36185,64.03124,60.74537,65.78754,62.03225,61.09828,65.30697,61.84658,56.36488,59.09315,59.9333,59.90826
8.24621,8.24621,8.06226,8.06226,8.06226,8.06226,8.0,8.0,8.0,7.07107,8.0,8.06226,8.06226,7.07107,7.07107,7.07107,7.07107,7.07107,7.28011,7.28011,7.28011,7.28011,7.28011,7.28011,7.28011,7.07107,7.07107,7.07107,7.07107,7.0,7.0,7.0,6.0,6.0,6.08276,5.09902,5.09902,5.09902,5.09902,4.12311,4.47214,4.47214,4.47214,3.60555,3.60555,2.82843,2.82843,2.82843,2.82843,3.60555,3.16228,3.16228,53.66563,48.76474,53.23533,50.08992,49.39636,48.70318,47.12749,49.64877,48.08326,49.72927,46.09772,46.38965,48.6621,44.28318,46.17359,44.18144,49.09175,47.04253,45.0,40.04997,49.0408,45.0,44.18144,48.16638,46.04346,45.01111,42.04759,46.27094,45.09989,43.01163,43.01163,42.0119,40.0,44.18144,40.04997,43.10452,42.10701,40.1995,35.17101,36.68787,35.44009,34.0147,35.34119,31.01612,29.54657,26.07681,25.6125,26.40076,24.08319,21.2132,21.2132,18.02776,18.43909,19.20937,16.64332,17.46425,14.31782,43.01163,46.32494,46.06517,51.47815,47.01064,53.22593,50.15974,55.9464,54.626,52.0,59.09315,57.93962,60.00833,62.64982,61.09828,63.24555,64.56005,62.62587,65.78754,66.40783,64.84597,66.76077,63.24555,66.7308,64.51356,65.55151,65.19202,71.16881,64.4748,65.0,63.15853,69.35416,68.88396,65.0,64.00781,63.63175,66.37017,65.0,64.89992,64.63745,67.80118,62.20129,67.20119,67.80118,63.78087,68.593,66.48308,61.55485,62.28965,60.82763,60.1415,62.28965,63.78087,59.03389,56.85068,59.64059,57.42822
8.48528,7.81025,8.60233,8.60233,8.60233,7.81025,8.06226,7.61577,7.61577,8.06226,7.61577,7.61577,7.61577,7.61577,7.61577,7.28011,7.28011,7.28011,8.24621,7.28011,7.28011,7.28011,7.28011,7.28011,7.28011,7.28011,7.28011,7.28011,6.32456,7.28011,6.7082,6.7082,6.7082,5.83095,5.83095,5.83095,5.0,5.65685,5.0,4.24264,4.24264,3.60555,3.60555,3.60555,3.16228,3.16228,3.16228,3.16228,3.0,2.0,2.0,2.0,51.26402,50.08992,51.10773,50.11986,53.25411,47.01064,46.87217,51.86521,45.34314,48.83646,46.8615,45.27693,46.66905,43.93177,45.0,49.0408,48.01042,44.20407,46.32494,42.0119,45.80393,42.72002,43.909,46.61545,41.14608,45.22168,44.29447,43.41659,41.34005,42.19005,44.41846,43.82921,42.2019,42.80187,44.04543,40.31129,40.36087,38.20995,36.12478,35.4683,36.12478,33.83785,31.90611,32.24903,31.7805,26.40076,27.313,23.76973,25.29822,20.88061,20.61553,17.26268,21.0,18.02776,19.41649,16.12452,15.0,46.0,46.17359,47.51842,46.52956,48.37355,47.85394,49.47727,51.97115,55.54278,53.60037,53.85165,57.72348,61.84658,60.87693,60.44005,61.35145,64.19502,65.45991,63.60031,65.79514,62.64184,67.6757,63.24555,62.93648,66.76077,68.30813,69.64194,66.21933,67.05222,66.94027,63.78871,67.46851,67.08204,65.49046,65.76473,69.35416,63.1981,65.12296,64.07027,69.18092,68.18358,64.19502,65.03076,68.00735,63.1981,62.1289,64.19502,63.78871,62.514,60.82763,59.5399,62.96825,61.18823,57.48913,59.20304,59.66574,58.5235
10.19804,9.05539,9.05539,9.05539,9.0,9.0,9.0,9.05539,9.05539,9.05539,9.05539,9.05539,9.05539,8.06226,8.06226,9.21954,8.24621,8.24621,8.24621,8.24621,8.24621,8.24621,8.24621,8.24621,8.06226,8.24621,8.24621,8.06226,8.06226,8.06226,8.0,8.0,7.0,7.0,7.0,7.07107,6.08276,6.32456,6.32456,6.32456,5.38516,5.38516,5.38516,4.47214,4.47214,4.47214,4.47214,4.24264,4.24264,4.24264,3.60555,3.60555,57.3062,52.3259,55.03635,50.69517,50.59644,49.33559,47.29693,51.66237,48.05206,49.24429,50.48762,45.89118,47.26521,45.04442,47.01064,46.01087,47.09565,45.09989,47.01064,44.01136,50.24938,43.10452,47.26521,45.27693,47.38143,45.27693,44.10215,46.38965,44.10215,45.09989,40.0,47.04253,44.10215,41.01219,44.01136,43.04649,40.04997,39.11521,37.65634,36.67424,36.40055,36.13862,33.83785,31.62278,29.54657,29.52965,27.78489,25.23886,26.40076,23.85372,21.40093,20.51828,19.10497,17.20465,17.80449,16.64332,17.08801,45.0,45.22168,46.32494,51.0392,50.11986,50.53712,52.80152,48.33218,55.4617,53.22593,57.87055,58.30952,62.39391,61.84658,63.56886,62.93648,61.98387,63.24555,63.90618,65.14599,64.51356,63.56099,64.19502,67.35726,64.84597,64.62198,64.2573,65.39113,61.32699,66.21178,61.26989,67.08204,66.24198,68.09552,64.66065,67.74216,63.81222,62.96825,66.57327,64.40497,66.21933,65.29931,69.81404,61.6198,63.12686,65.79514,66.52819,60.82763,63.70243,60.10824,60.30755,61.07373,61.7171,59.81639,58.00862,59.07622,60.53924
9.21954,9.21954,8.60233,8.60233,8.60233,8.60233,8.06226,8.06226,8.06226,8.94427,8.94427,8.544,8.544,8.544,7.61577,8.544,8.544,8.544,8.24621,8.24621,8.24621,8.24621,8.24621,8.24621,8.24621,8.544,8.544,7.61577,7.61577,7.61577,6.7082,6.7082,6.7082,6.7082,6.40312,6.40312,6.40312,5.65685,5.0,5.0,5.0,5.0,4.24264,3.60555,3.60555,3.60555,3.60555,3.16228,3.16228,2.23607,2.23607,2.0,51.31277,50.0,49.67897,51.40039,50.20956,48.9183,44.68781,49.57822,46.8615,47.01064,47.01064,46.87217,46.61545,46.14109,46.32494,45.27693,45.17743,47.42362,44.38468,47.85394,48.46648,43.86342,47.75982,44.01136,44.01136,44.01136,43.08132,45.22168,43.46263,44.38468,46.51881,44.28318,41.23106,44.01136,43.82921,36.23534,37.58989,40.49691,39.96248,39.62323,36.87818,33.97058,30.41381,33.24154,28.3196,28.84441,28.84441,25.6125,21.47091,20.59126,21.09502,20.24846,19.23538,16.27882,16.49242,18.02776,16.03122,43.28972,45.09989,47.04253,48.01042,52.0,49.0102,50.03998,52.23983,53.33854,53.23533,55.44367,55.7315,59.4138,60.29925,59.84146,62.96825,63.95311,64.32729,62.64982,62.80127,65.30697,66.91039,64.77654,65.76473,66.4906,65.76473,64.49806,65.37584,64.38167,64.19502,63.1981,64.00781,64.12488,64.0,68.06614,65.0,67.02984,65.12296,63.1981,65.62012,62.39391,66.09841,64.93843,68.24954,62.16912,61.40033,61.13101,62.8172,61.68468,62.64184,61.35145,60.74537,57.00877,59.61543,56.36488,58.18075,56.4358
9.05539,9.21954,9.21954,9.21954,9.21954,8.544,8.544,8.544,8.544,8.94427,8.544,8.94427,8.94427,8.94427,8.94427,8.94427,8.94427,8.06226,8.60233,8.60233,8.60233,8.60233,8.06226,8.60233,8.60233,8.06226,8.06226,8.06226,8.06226,7.61577,8.06226,7.61577,7.61577,7.61577,7.28011,7.28011,6.08276,6.08276,6.08276,6.08276,5.0,5.0,5.0,4.0,4.0,4.0,4.12311,4.12311,3.16228,3.16228,3.16228,3.16228,51.0,54.03702,52.00961,51.08816,49.36598,49.36598,47.85394,48.6621,48.05206,48.50773,48.70318,49.98,49.0408,47.75982,46.61545,45.61798,48.33218,47.88528,46.52956,43.82921,46.14109,45.17743,46.64762,45.79301,46.61545,44.94441,43.909,47.43416,46.04346,43.909,43.82921,43.56604,44.29447,45.79301,42.05948,42.94182,42.05948,40.8534,37.94733,37.10795,37.64306,34.9285,34.71311,32.75668,32.24903,27.07397,27.0,27.07397,25.07987,19.41649,21.58703,20.61553,18.68154,19.64688,17.08801,16.40122,14.86607,43.82921,43.01163,45.0,48.83646,49.20366,50.32892,50.93133,50.20956,53.74012,51.66237,53.03772,56.56854,58.72819,60.20797,60.959,61.6198,61.55485,62.96825,61.55485,63.65532,62.482,67.89698,63.70243,65.06919,65.19202,65.76473,64.3506,63.65532,63.65532,63.78087,63.70243,66.70832,63.12686,67.00746,66.8431,62.80127,64.3506,61.85467,68.09552,67.23095,65.36819,65.76473,66.64833,65.30697,65.79514,59.5063,63.97656,64.62198,63.90618,60.08328,60.40695,60.87693,59.20304,59.22837,57.72348,55.54278,54.74486
8.06226,8.06226,8.60233,8.06226,8.60233,7.2111,7.81025,7.07107,7.07107,7.81025,7.07107,7.81025,7.81025,7.81025,7.07107,7.2111,7.2111,7.2111,7.2111,7.2111,7.2111,7.2111,7.2111,7.2111,7.2111,7.2111,6.40312,7.07107,7.07107,7.07107,7.07107,6.40312,6.40312,6.40312,5.83095,5.83095,5.38516,5.38516,5.38516,4.12311,4.12311,4.12311,4.12311,3.0,3.0,3.0,3.16228,3.16228,3.16228,3.16228,2.23607,2.23607,54.08327,51.86521,53.41348,51.62364,47.42362,47.38143,46.69047,47.50789,45.34314,48.9183,48.60041,48.01042,46.32494,49.39636,46.14109,45.17743,43.82921,46.06517,43.38202,46.09772,46.61545,43.86342,44.01136,42.72002,42.04759,42.72002,43.32436,44.27189,45.18849,41.78516,42.15448,41.62932,44.38468,43.04649,39.82462,41.34005,42.43819,41.34005,35.80503,36.61967,34.65545,36.12478,33.24154,33.42155,30.80584,27.20294,26.07681,26.40076,23.76973,23.4094,18.86796,19.64688,18.24829,17.26268,17.02939,16.0,14.03567,42.75512,45.89118,45.54119,49.16299,49.25444,52.08647,53.23533,53.00943,53.00943,55.0,57.03508,57.00877,62.00806,59.03389,60.03332,60.03332,66.18912,62.39391,64.28063,65.12296,66.1211,65.19202,65.12296,67.26812,64.07027,67.1193,66.1211,66.0303,64.0,68.0,64.0,68.11755,68.06614,65.19202,67.36468,65.62012,65.9242,68.73136,66.09841,66.28725,66.09841,68.65858,65.73431,64.56005,66.48308,68.94926,62.62587,63.90618,62.39391,60.40695,62.39391,58.60034,62.76942,59.23681,56.85948,57.69749,57.70615
9.84886,8.94427,8.94427,8.94427,9.43398,9.43398,8.60233,8.60233,8.60233,8.60233,8.60233,9.21954,8.48528,8.48528,8.48528,8.48528,8.48528,8.48528,7.81025,8.48528,8.48528,7.81025,8.48528,7.81025,8.48528,8.48528,8.48528,7.81025,7.81025,7.81025,7.2111,7.2111,7.2111,7.2111,6.7082,6.7082,6.7082,6.32456,6.32456,6.32456,6.08276,6.08276,5.09902,5.0,5.0,5.0,4.0,4.12311,4.12311,3.16228,3.16228,3.16228,52.63079,49.47727,52.49762,53.36666,52.0,51.62364,49.65884,51.47815,47.01064,46.40043,48.76474,49.09175,46.32494,43.82921,47.01064,47.63402,44.59821,48.27007,47.50789,46.69047,48.16638,45.25483,44.55334,43.13931,43.13931,46.75468,45.25483,42.42641,45.27693,44.55334,45.27693,47.80167,42.63801,42.44997,39.82462,40.0,39.11521,38.94868,38.07887,40.71855,37.12142,33.24154,34.17601,31.01612,31.7805,31.257,30.14963,28.28427,24.0,22.02272,25.07987,23.08679,19.41649,19.41649,15.23155,17.08801,20.59126,46.09772,45.27693,45.70558,50.21952,48.05206,50.21952,50.69517,50.96077,55.97321,54.81788,57.00877,57.56735,56.32051,62.62587,62.03225,57.77543,65.55151,61.32699,64.62198,63.97656,60.92618,65.79514,65.0,62.39391,65.55151,65.55151,66.12866,67.35726,63.56886,66.12866,67.06713,65.80274,65.52099,64.56005,64.03124,69.64194,64.93843,66.75328,67.60178,64.62971,68.46897,65.62012,66.27217,68.18358,64.28063,70.25667,65.03076,67.02984,64.0,62.0,61.0082,64.07027,63.00794,57.03508,59.21149,60.82763,58.54912
9.89949,9.89949,10.0,10.0,10.0,10.0,9.43398,9.43398,9.43398,9.43398,9.43398,8.94427,8.94427,8.94427,8.94427,8.94427,9.48683,8.94427,9.48683,8.544,8.544,9.48683,8.544,8.544,8.544,8.544,8.544,8.94427,8.94427,8.06226,8.06226,8.06226,8.06226,8.06226,7.2111,7.2111,7.07107,7.07107,7.07107,6.40312,5.65685,6.40312,5.0,5.0,5.0,4.47214,4.47214,4.47214,4.12311,4.12311,4.12311,3.16228,56.0803,51.10773,50.80354,52.80152,51.73973,51.22499,49.51767,51.66237,47.50789,48.9183,46.2277,46.61545,47.20169,47.43416,48.01042,46.32494,46.52956,48.02083,47.50789,46.06517,51.42956,46.09772,44.28318,44.28318,43.86342,45.17743,42.48529,42.15448,42.94182,43.86342,44.28318,43.82921,43.82921,46.06517,39.35734,40.0,41.88078,43.26662,39.20459,37.64306,37.53665,35.38361,36.06938,31.1127,33.83785,28.01785,29.15476,26.92582,24.59675,21.0238,22.84732,23.4094,20.61553,20.22375,20.02498,17.11724,16.03122,43.41659,47.26521,46.01087,48.01042,47.09565,51.15662,50.24938,51.08816,53.46027,52.23983,56.88585,55.44367,61.29437,61.0,63.95311,59.20304,64.53681,59.43904,62.64982,62.36986,62.80127,65.11528,62.36986,61.98387,61.61169,65.62012,65.62012,67.47592,61.98387,65.62012,63.1981,67.18631,64.19502,66.0,68.00735,65.03076,63.12686,64.07027,62.28965,70.25667,69.58448,65.49046,67.89698,67.68309,63.95311,65.14599,65.25335,63.89053,65.25335,63.89053,64.56005,61.35145,64.84597,57.24509,56.64804,60.92618,56.79789
8.94427,9.43398,8.60233,8.60233,8.60233,8.60233,9.21954,8.48528,9.21954,8.48528,8.48528,8.48528,8.48528,8.48528,7.81025,8.48528,7.81025,7.81025,7.81025,7.81025,7.81025,7.81025,7.81025,7.81025,7.81025,7.81025,7.81025,7.81025,7.07107,7.07107,7.07107,7.07107,6.40312,6.40312,6.40312,6.40312,5.83095,5.83095,5.38516,5.38516,5.09902,4.12311,4.12311,4.12311,4.12311,3.0,3.0,3.0,3.0,2.0,2.0,2.23607,51.78803,49.49747,49.0306,49.24429,46.84015,50.28916,46.61545,47.43416,47.92703,44.94441,44.77723,47.01064,45.65085,45.27693,45.18849,46.04346,44.10215,44.10215,43.60046,43.26662,44.20407,43.82921,42.63801,42.63801,42.0119,43.93177,42.63801,39.62323,41.23106,43.41659,40.0,43.41659,39.40812,38.01316,40.49691,36.89173,38.47077,34.43835,35.77709,35.4683,35.1141,33.24154,31.32092,29.83287,26.4764,28.28427,29.0,23.02173,23.19483,23.08679,23.34524,19.23538,18.43909,19.92486,13.92839,13.41641,14.76482,41.76123,42.72002,42.37924,46.8188,48.46648,47.42362,49.1935,54.23099,52.35456,52.3259,55.00909,54.12024,53.23533,59.5399,58.30952,59.64059,59.68249,57.98276,56.85948,58.00862,58.83026,61.61169,61.05735,61.91123,59.36329,61.7171,63.13478,60.90156,61.7171,61.29437,61.7171,59.9333,63.06346,61.26989,65.30697,63.69458,62.76942,61.03278,64.56005,63.32456,65.0,65.51336,63.32456,63.34824,59.66574,63.78871,62.8172,61.98387,61.81424,61.81424,58.30952,59.3043,58.07753,58.30952,56.0803,56.0357,57.07889
8.94427,8.544,8.544,8.544,8.544,8.24621,8.24621,8.24621,8.24621,8.24621,8.24621,8.06226,8.06226,8.06226,8.06226,8.06226,8.06226,8.06226,8.0,7.0,8.06226,8.06226,8.06226,8.0,8.0,7.07107,7.07107,7.07107,7.07107,7.28011,6.32456,6.32456,6.32456,6.32456,6.7082,5.83095,5.83095,5.83095,5.83095,5.0,5.65685,4.24264,4.24264,4.24264,4.47214,3.60555,4.47214,3.16228,3.16228,3.16228,3.16228,3.0,49.40648,49.73932,47.01064,46.52956,46.95743,49.39636,47.75982,45.54119,48.10405,43.01163,44.38468,43.93177,46.84015,44.72136,44.14748,45.54119,46.52956,45.17743,44.28318,42.19005,44.40721,43.28972,42.0119,42.10701,42.0119,44.04543,40.0125,42.04759,39.01282,40.0125,42.10701,40.0125,39.05125,40.1995,38.11824,38.32754,38.20995,38.63936,37.10795,33.24154,34.48188,33.54102,31.76476,31.30495,29.96665,28.01785,26.62705,25.4951,23.43075,21.2132,21.93171,21.09502,19.23538,18.02776,15.81139,16.76305,16.03122,45.22168,47.43416,46.04346,47.70744,48.75449,48.75449,51.47815,50.56679,53.48832,53.85165,54.78138,55.65968,57.24509,60.08328,58.5235,57.87055,62.36185,57.87055,61.68468,60.44005,59.13544,63.78871,61.98387,61.35145,61.68468,63.89053,65.19202,63.90618,63.90618,65.19202,60.53924,63.97656,59.9333,62.17717,63.95311,64.49806,62.43397,63.52952,63.28507,65.45991,64.89992,62.42596,66.0303,62.80127,63.00794,62.80127,61.22091,62.28965,62.96825,59.4138,60.959,61.55485,58.72819,55.9017,58.79626,56.0803,56.0803
9.21954,9.43398,8.60233,9.43398,8.94427,9.43398,8.94427,8.94427,8.544,8.544,8.94427,8.544,8.544,8.544,8.544,8.544,8.544,8.544,8.24621,8.24621,8.24621,8.24621,8.544,8.24621,8.24621,8.24621,8.24621,8.24621,7.28011,7.61577,7.61577,7.61577,6.7082,6.7082,6.7082,6.40312,6.40312,6.40312,5.0,5.0,5.65685,4.24264,4.24264,4.24264,3.60555,3.60555,3.60555,3.60555,3.16228,2.23607,2.23607,2.23607,54.67175,51.08816,49.49747,49.49747,50.20956,48.16638,50.44799,52.00961,49.09175,47.63402,48.54894,47.88528,47.01064,45.17743,48.02083,49.24429,46.09772,46.51881,46.09772,43.82921,46.09772,43.65776,45.88028,45.69464,41.78516,47.12749,42.72002,43.9659,44.38468,42.54409,45.69464,43.38202,41.62932,41.23106,40.31129,36.67424,40.71855,38.01316,34.1321,37.64306,36.12478,34.65545,32.52691,31.241,31.82766,30.0,26.41969,26.92582,25.05993,23.4094,22.13594,19.31321,20.24846,19.64688,16.27882,16.27882,16.0,43.9659,46.17359,46.32494,48.50773,48.50773,48.50773,49.49747,50.80354,56.22277,52.34501,56.14268,59.13544,58.07753,61.07373,62.07254,59.00847,65.0,63.00794,62.0,60.00833,61.0082,64.07027,63.03174,62.0,62.00806,65.00769,64.03124,64.07027,61.07373,66.27217,64.12488,65.37584,65.76473,62.80127,65.9242,64.93843,66.28725,66.91039,67.91171,66.94027,67.72001,65.25335,63.60031,62.29767,62.29767,66.7308,65.55151,63.69458,63.69458,61.7414,60.92618,61.32699,63.50591,57.69749,61.40033,57.3062,57.98276
9.05539,9.0,8.0,9.0,8.0,9.05539,9.05539,8.06226,8.06226,8.06226,8.24621,8.24621,8.24621,8.24621,8.24621,8.24621,8.544,8.24621,8.544,7.28011,7.28011,8.24621,8.544,7.61577,8.24621,7.61577,7.28011,7.28011,7.28011,7.28011,7.07107,7.07107,7.07107,6.0,6.0,6.0,6.0,5.09902,5.09902,5.09902,5.09902,4.12311,4.12311,3.16228,3.16228,3.60555,3.60555,2.82843,2.82843,2.82843,2.23607,2.23607,56.0803,48.37355,46.52956,50.08992,49.24429,49.0408,45.22168,46.17359,45.31004,46.84015,45.12206,47.67599,47.85394,45.54119,45.54119,44.10215,46.17359,44.04543,43.18565,44.28318,49.09175,45.0,44.01136,44.04543,41.01219,43.01163,43.04649,43.01163,43.10452,44.04543,44.01136,44.04543,41.10961,39.31921,42.19005,40.02499,38.07887,37.10795,36.40055,35.17101,36.68787,32.89377,34.43835,30.41381,28.84441,29.41088,26.40076,22.02272,24.75884,19.79899,21.93171,20.59126,16.40122,15.65248,16.12452,16.15549,17.46425,45.96738,44.82187,48.27007,48.82622,51.86521,51.0392,52.83938,53.0,53.7122,54.20332,58.59181,59.94164,59.48109,63.50591,60.41523,62.76942,66.48308,62.76942,63.56099,64.19502,63.69458,65.19202,64.07808,63.07139,63.15853,63.95311,67.08204,65.39113,63.15853,66.21178,64.88451,65.0,63.06346,64.14047,63.81222,65.8635,64.89992,66.0303,66.61081,65.29931,66.4003,67.26812,65.43699,67.47592,62.36986,66.6033,66.6033,65.8559,64.3506,64.38167,60.81118,65.79514,59.66574,58.72819,60.30755,57.48913,59.64059
8.94427,8.60233,8.60233,8.60233,8.60233,8.60233,7.81025,8.48528,8.48528,7.81025,8.48528,8.48528,7.81025,7.81025,7.81025,7.81025,7.81025,7.81025,8.60233,7.81025,7.81025,7.81025,7.81025,7.2111,7.81025,7.81025,7.81025,7.07107,7.07107,7.07107,7.07107,6.40312,6.40312,6.40312,6.40312,5.83095,5.83095,5.0,5.38516,4.47214,5.38516,4.47214,4.12311,4.12311,4.12311,3.16228,3.0,3.0,3.0,2.0,2.23607,2.23607,53.15073,46.52956,52.39275,48.76474,50.28916,49.0408,46.61545,47.92703,47.16991,47.85394,48.30114,44.29447,49.73932,46.61545,48.37355,48.54894,44.65423,45.0,48.41487,47.01064,47.20169,43.01163,45.34314,46.01087,41.86884,42.52058,43.41659,43.93177,45.80393,41.23106,43.27817,44.65423,40.49691,43.01163,39.44617,39.44617,38.47077,38.58756,36.76955,35.73514,35.44009,35.17101,31.7805,29.42788,28.86174,27.45906,28.16026,22.02272,26.07681,23.08679,21.09502,21.37756,18.11077,15.81139,18.02776,17.88854,15.81139,43.18565,43.56604,44.38468,49.0306,48.38388,51.24451,50.21952,50.0,54.08327,50.59644,57.00877,57.93962,58.87274,60.92618,59.5063,60.41523,64.07808,59.05929,63.95311,63.07139,62.6099,64.40497,63.50591,64.40497,66.21178,63.56099,65.30697,67.1193,61.46544,67.23095,61.84658,65.19202,64.84597,64.56005,63.89053,65.52099,65.25335,67.46851,63.56099,64.53681,66.4906,65.76473,67.08204,64.93843,67.74216,62.20129,65.37584,64.12488,66.1211,60.00833,62.1289,62.03225,60.07495,57.0,62.00806,58.00862,55.14526
8.06226,8.06226,8.0,8.06226,8.0,8.0,8.0,8.06226,8.06226,8.06226,8.06226,8.06226,8.06226,7.07107,7.07107,8.06226,7.28011,7.28011,7.28011,7.28011,7.28011,7.28011,7.07107,7.28011,7.07107,7.07107,7.07107,7.07107,6.08276,7.0,6.08276,6.08276,6.0,6.0,6.08276,6.08276,5.09902,5.09902,5.38516,4.12311,4.47214,4.47214,4.47214,3.60555,3.60555,2.82843,3.60555,2.82843,2.82843,3.60555,3.16228,3.16228,51.35173,48.16638,51.35173,44.04543,49.0,49.0408,45.09989,46.09772,43.73786,44.40721,46.38965,43.73786,45.12206,43.17407,42.44997,43.17407,44.59821,43.32436,41.4367,41.62932,45.88028,40.16217,43.86342,44.38468,41.23106,42.04759,39.39543,42.54409,40.49691,39.92493,40.49691,42.72002,40.49691,41.78516,35.44009,40.02499,37.94733,40.26164,37.85499,33.01515,32.24903,34.05877,33.0,28.0,31.01612,25.70992,27.89265,25.31798,19.92486,19.31321,21.54066,22.47221,18.35756,16.12452,17.20465,16.27882,14.42221,41.88078,43.56604,44.10215,48.82622,45.45327,51.08816,47.63402,50.9902,55.17246,51.62364,55.17246,54.45181,60.81118,57.31492,62.2254,59.5483,64.38167,58.0517,63.78087,60.82763,60.1415,61.52235,60.82763,63.12686,59.46427,63.65532,60.82763,63.63961,60.82763,65.76473,60.10824,63.70243,64.66065,66.21933,66.4003,64.81512,64.63745,65.21503,63.81222,64.14047,67.41662,60.90156,66.7308,65.76473,64.41273,63.06346,61.7171,60.37384,64.88451,58.5235,65.0,61.09828,62.03225,57.24509,57.56735,59.43904,56.75385
9.21954,9.21954,9.21954,9.21954,8.60233,8.60233,8.60233,8.60233,8.60233,8.06226,9.43398,8.94427,8.94427,8.06226,8.94427,8.94427,8.94427,8.544,8.544,8.544,7.61577,8.544,7.61577,8.544,7.61577,7.61577,7.61577,7.61577,7.61577,7.2111,7.2111,7.2111,7.2111,6.40312,6.40312,6.40312,5.65685,5.65685,5.65685,5.0,5.0,5.0,4.47214,4.47214,3.60555,3.60555,3.16228,3.16228,3.16228,3.0,2.0,2.0,52.43091,51.31277,49.40648,48.41487,50.44799,51.22499,51.62364,45.96738,47.42362,46.01087,46.75468,46.8615,48.60041,47.63402,46.2277,45.48626,47.70744,46.87217,45.27693,46.64762,48.8774,43.41659,43.82921,42.95346,43.82921,43.38202,45.65085,46.09772,42.95346,45.65085,44.77723,42.19005,40.70626,40.31129,43.26662,39.11521,40.31129,38.60052,37.01351,38.20995,37.48333,34.05877,33.30165,32.55764,26.90725,28.6531,24.41311,25.94224,26.40076,22.84732,21.54066,20.24846,18.97367,20.39608,16.27882,19.0263,17.46425,44.18144,45.27693,46.04346,47.01064,48.01042,49.0408,50.24938,52.08647,52.34501,54.14795,55.9017,58.0517,58.85576,61.81424,59.84146,59.66574,62.36986,61.98387,61.81424,62.36986,63.15061,62.80127,68.06614,65.11528,67.46851,65.30697,66.09841,63.78871,65.37584,62.39391,64.12488,63.07139,64.19502,66.0,67.02984,65.00769,68.00735,65.06919,69.06519,67.18631,66.27217,65.76473,65.76473,67.74216,60.01666,62.36986,62.58594,59.90826,65.73431,61.84658,60.44005,60.44005,60.08328,60.74537,61.35145,57.93962,57.27128
