type,id,mac,rssi,rate,sig_mode,mcs,bandwidth,smoothing,not_sounding,aggregation,stbc,fec_coding,sgi,noise_floor,ampdu_cnt,channel,secondary_channel,local_timestamp,ant,sig_len,rx_state,len,first_word,data
CSI_DATA,42,2a:00:00:00:00:00,-43,11,1,0,1,1,1,0,0,0,1,-96,0,11,2,840668,0,44,0,384,0,"[0,0,0,0,0,0,0,0,0,0,0,0,-2,5,-1,5,-1,6,-1,6,-1,6,-1,6,-1,6,-1,6,-1,6,-1,6,-1,6,-1,6,-1,6,-1,6,-1,5,-1,6,-1,5,-1,5,-1,5,-1,5,-1,5,-1,5,-1,5,-1,5,-1,5,-1,5,0,0,-1,5,-1,5,-1,5,-1,5,-1,5,-1,5,-1,5,-1,4,-1,4,-2,4,-2,4,-1,4,-1,4,-1,4,-2,4,-2,4,-2,4,-2,3,-2,3,-2,3,-2,3,-2,3,-2,3,-2,3,-2,3,-3,3,0,0,0,0,0,0,0,0,0,0,0,0,0,0,-11,25,-10,28,-7,30,-5,31,-6,32,-6,31,-2,32,-3,36,-3,33,-3,33,1,33,0,32,0,34,-2,35,-2,35,-2,36,1,36,1,36,-1,32,0,33,2,33,-1,32,3,32,-1,31,0,31,0,31,0,32,3,33,-3,29,0,30,-1,26,-2,29,4,27,3,30,1,27,-1,29,2,28,2,28,-2,28,-2,23,-3,26,-6,26,-2,27,-2,27,-4,25,-4,23,-5,23,-4,25,-5,22,-3,21,-4,20,-3,21,-5,21,-4,20,-8,20,-9,17,-10,19,0,0,0,0,0,0,0,0,0,0,0,0,0,0,0,0,0,0,0,0,0,0,-36,-37,-37,-37,-39,-40,-37,-43,-36,-47,-38,-49,-37,-48,-36,-56,-40,-59,-36,-61,-36,-65,-37,-65,-44,-70,-35,-68,-29,-71,-33,-73,-39,-76,-28,-76,-27,-72,-27,-72,-23,-77,-25,-81,-21,-77,-23,-78,-20,-78,-25,-75,-18,-71,-19,-69,-20,-69,-24,-67,-22,-63,-21,-65,-23,-64,-21,-58,-23,-64,-23,-57,-25,-57,-28,-59,-27,-53,-29,-51,-23,-51,-31,-49,-28,-49,-31,-46,-23,-44,-29,-41,-26,-40,-29,-38,-32,-38,-29,-37,-29,-31,-29,-30,-27,-32,-25,-26,-30,-27,-27,-22,-27,-22,0,0]"
CSI_DATA,43,2a:00:00:00:00:00,-42,11,1,0,1,1,1,0,0,0,1,-96,0,11,2,860667,0,44,0,384,0,"[0,0,0,0,0,0,0,0,0,0,0,0,4,-1,4,-1,4,-1,4,-1,4,-2,4,-1,4,-2,4,-2,4,-2,4,-1,5,-1,5,-2,4,-1,4,-1,4,-1,5,-2,4,-2,4,-2,4,-1,4,-2,4,-1,4,-1,4,-2,4,-1,4,-1,3,-2,0,0,3,-2,4,-1,4,-1,4,-2,3,-1,3,-1,3,-1,3,-1,3,-2,3,-1,3,-1,3,-1,3,-1,3,-1,3,-1,3,-1,3,-1,3,-1,3,-1,3,-1,3,-1,2,-1,3,0,2,0,3,0,2,0,0,0,0,0,0,0,0,0,0,0,0,0,0,0,29,6,28,4,27,1,31,-1,32,-1,31,-4,30,-5,34,-5,29,-3,33,-6,34,-7,35,-8,37,-7,31,-5,32,-7,33,-7,36,-7,33,-7,32,-6,34,-9,36,-9,34,-6,30,-6,31,-5,29,-3,30,-6,30,-7,30,-9,27,-4,30,-10,32,-12,29,-5,27,-3,27,-5,27,-7,26,-4,27,-3,26,-4,27,0,26,-5,27,-5,29,-3,25,0,25,0,23,0,27,-3,25,-2,23,-1,23,-2,22,1,22,-1,23,-1,17,3,20,4,21,3,21,4,21,6,0,0,0,0,0,0,0,0,0,0,0,0,0,0,0,0,0,0,0,0,0,0,-24,46,-26,46,-30,45,-34,44,-37,45,-39,47,-37,45,-43,47,-48,53,-48,50,-54,73,-50,54,-56,58,-60,51,-62,48,-62,46,-68,53,-62,43,-62,43,-68,43,-67,40,-73,42,-69,38,-69,42,-69,39,-64,39,-128,127,-68,35,-63,30,-65,36,-53,34,-62,32,-57,32,-53,35,-57,32,-51,36,-48,34,-48,36,-44,37,-48,41,-44,37,-43,39,-41,37,-37,38,-36,38,-37,35,-36,37,-34,31,-33,34,-30,33,-27,31,-22,31,-27,34,-19,28,-20,33,-16,30,-16,31,0,0]"
CSI_DATA,44,2a:00:00:00:00:00,-43,11,1,0,1,1,1,0,0,0,1,-96,0,11,2,870654,0,44,0,384,0,"[0,0,0,0,0,0,0,0,0,0,0,0,5,-4,4,-4,4,-5,4,-5,4,-5,4,-5,4,-5,4,-5,4,-5,4,-5,5,-5,4,-5,4,-5,4,-5,4,-4,4,-6,4,-5,4,-5,3,-5,3,-5,4,-4,3,-5,4,-4,3,-4,3,-4,4,-4,0,0,4,-5,3,-4,3,-4,3,-5,3,-4,3,-4,3,-4,3,-3,3,-4,4,-3,4,-3,3,-3,3,-3,3,-3,3,-3,3,-3,3,-3,3,-3,3,-3,3,-3,3,-3,3,-3,3,-2,3,-2,3,-2,3,-2,0,0,0,0,0,0,0,0,0,0,0,0,0,0,-22,3,-13,4,-10,13,-9,15,-4,17,4,19,6,16,12,18,15,10,19,8,18,3,17,-3,18,-10,16,-9,12,-14,9,-21,6,-23,0,-20,-1,-17,-14,-21,-15,-19,-18,-10,-21,-8,-19,-4,-20,-1,-20,7,-30,18,-14,16,-8,15,-2,20,6,15,3,15,6,14,5,14,-128,-128,14,6,15,6,16,-3,15,-3,11,-12,12,-11,7,-13,6,-13,1,-14,-1,-18,-7,-14,-8,-13,-9,-7,-13,-7,-15,-2,-12,-1,-15,2,-15,4,-8,7,-9,9,-7,13,-6,15,0,0,0,0,0,0,0,0,0,0,0,0,0,0,0,0,0,0,0,0,0,0,28,10,34,7,32,-1,36,-7,30,-14,34,-23,24,-30,20,-34,12,-43,5,-44,-6,-47,-17,-44,-29,-40,-34,-36,-39,-27,-46,-17,-54,-5,-47,2,-48,14,-39,25,-37,36,-31,43,-23,43,-8,50,3,47,22,42,24,38,32,28,38,20,49,10,36,-1,43,-12,36,-21,26,-28,22,-37,8,-40,0,-35,-7,-38,-18,-32,-26,-29,-30,-21,-35,-6,-35,1,-30,8,-29,16,-26,21,-17,24,-10,27,-2,26,4,26,12,21,16,20,19,15,22,5,25,-2,23,-6,17,-8,0,0]"
CSI_DATA,45,2a:00:00:00:00:00,-43,11,1,0,1,1,1,0,0,0,1,-96,0,11,2,880718,0,44,0,384,0,"[0,0,0,0,0,0,0,0,0,0,0,0,-5,-4,-5,-4,-6,-4,-6,-4,-5,-4,-5,-4,-6,-4,-6,-4,-6,-4,-6,-4,-6,-4,-6,-4,-6,-4,-6,-4,-6,-4,-6,-4,-6,-4,-5,-4,-5,-4,-5,-4,-5,-4,-5,-4,-5,-3,-5,-4,-5,-4,-5,-3,0,0,-5,-3,-5,-4,-5,-4,-5,-3,-5,-4,-5,-4,-5,-4,-4,-4,-4,-3,-4,-3,-4,-3,-4,-4,-4,-4,-4,-4,-4,-3,-4,-3,-3,-3,-3,-3,-3,-3,-3,-3,-3,-3,-3,-3,-3,-3,-3,-4,-3,-3,-2,-4,0,0,0,0,0,0,0,0,0,0,0,0,0,0,-12,-32,-12,-26,-20,-25,-18,-26,-23,-24,-22,-24,-22,-25,-26,-25,-24,-24,-24,-23,-28,-22,-25,-23,-26,-25,-25,-25,-25,-23,-30,-21,-27,-26,-27,-21,-28,-26,-26,-22,-28,-23,-23,-21,-30,-22,-27,-21,-26,-20,-26,-23,-25,-19,-26,-21,-22,-20,-27,-19,-25,-20,-27,-17,-23,-18,-24,-20,-22,-14,-22,-18,-22,-18,-22,-17,-20,-19,-21,-16,-18,-15,-19,-17,-20,-21,-19,-17,-19,-19,-18,-16,-18,-16,-16,-20,-17,-16,-17,-17,-16,-18,-14,-15,-16,-18,-15,-19,-14,-17,-15,-19,-13,-19,0,0,0,0,0,0,0,0,0,0,0,0,0,0,0,0,0,0,0,0,0,0,52,3,53,5,53,4,58,8,54,10,60,11,60,15,64,15,70,15,65,16,67,22,69,21,78,22,79,28,73,32,68,31,79,35,67,32,73,30,68,37,66,38,75,43,64,37,68,39,68,41,69,35,62,38,63,40,58,36,66,35,55,27,61,34,57,30,59,24,59,27,58,21,53,19,57,19,56,18,58,18,58,19,55,11,52,12,53,11,50,8,48,7,47,5,43,7,44,4,41,6,42,4,39,0,42,3,34,-4,40,-2,35,-4,33,-7,0,0]"
CSI_DATA,46,2a:00:00:00:00:00,-43,11,1,0,1,1,1,0,0,0,1,-96,0,11,2,890743,0,44,0,384,0,"[0,0,0,0,0,0,0,0,0,0,0,0,-5,3,-5,3,-5,3,-5,3,-5,3,-5,3,-5,4,-5,4,-5,3,-5,3,-5,3,-5,4,-5,3,-5,3,-5,3,-5,4,-5,4,-5,3,-4,3,-4,3,-4,3,-4,3,-4,3,-4,3,-4,3,-4,3,0,0,-4,3,-4,3,-4,3,-4,3,-4,2,-4,3,-4,2,-4,2,-4,3,-4,2,-4,2,-4,2,-3,2,-4,2,-4,2,-4,2,-4,2,-4,2,-4,2,-4,2,-4,1,-3,1,-4,1,-4,1,-4,1,-4,1,0,0,0,0,0,0,0,0,0,0,0,0,0,0,-29,14,-25,14,-27,16,-27,14,-26,21,-26,21,-25,21,-27,24,-22,22,-26,24,-23,24,-21,28,-24,24,-23,25,-24,26,-22,28,-27,27,-24,25,-22,26,-23,22,-25,28,-22,23,-21,25,-22,24,-21,23,-23,23,-20,23,-19,22,-20,22,-19,26,-21,21,-19,22,-20,22,-18,22,-18,21,-20,19,-17,21,-15,19,-20,17,-20,18,-19,20,-22,17,-17,17,-17,15,-20,17,-22,16,-20,15,-17,13,-20,14,-19,14,-18,17,-17,14,-15,13,-18,12,-19,12,-19,11,-21,8,0,0,0,0,0,0,0,0,0,0,0,0,0,0,0,0,0,0,0,0,0,0,-6,-51,-3,-56,-2,-55,-1,-58,2,-57,7,-62,6,-61,6,-64,8,-71,9,-70,14,-72,13,-73,12,-83,19,-76,24,-75,26,-72,26,-83,27,-72,28,-74,28,-74,26,-73,32,-77,29,-72,31,-73,35,-72,27,-76,33,-67,32,-67,33,-64,29,-67,23,-57,29,-64,25,-61,19,-58,22,-61,18,-59,15,-56,18,-60,13,-56,13,-59,14,-56,10,-58,12,-55,11,-54,9,-54,9,-49,3,-47,4,-47,1,-44,3,-43,2,-41,-2,-40,0,-42,-2,-37,-5,-39,-6,-37,-9,-36,0,0]"
CSI_DATA,47,2a:00:00:00:00:00,-43,11,1,0,1,1,1,0,0,0,1,-96,0,11,2,901133,0,44,0,384,0,"[0,0,0,0,0,0,0,0,0,0,0,0,-5,3,-5,3,-4,4,-5,3,-5,4,-5,4,-5,4,-5,4,-5,4,-4,4,-5,4,-5,4,-5,4,-5,4,-5,4,-5,4,-5,4,-4,3,-4,4,-4,3,-4,3,-4,3,-4,3,-4,4,-4,3,-4,3,0,0,-4,3,-4,3,-4,3,-4,3,-4,3,-4,3,-3,3,-4,3,-4,2,-4,2,-4,2,-4,2,-3,2,-3,2,-4,2,-4,2,-4,2,-4,2,-4,2,-3,2,-4,1,-3,1,-4,2,-4,1,-4,1,-4,1,0,0,0,0,0,0,0,0,0,0,0,0,0,0,-31,10,-28,12,-29,17,-26,17,-29,19,-27,16,-26,20,-27,21,-25,24,-25,22,-28,27,-26,23,-29,23,-26,25,-27,21,-25,25,-29,26,-26,24,-25,22,-28,22,-28,27,-26,21,-23,24,-22,19,-24,20,-21,18,-25,19,-21,23,-23,21,-23,24,-24,20,-22,18,-21,18,-19,19,-20,19,-21,17,-22,17,-20,19,-20,16,-21,16,-21,16,-25,15,-20,16,-22,14,-19,14,-22,13,-21,13,-18,13,-18,9,-21,10,-20,9,-22,10,-20,13,-21,12,-20,9,-20,6,-21,5,0,0,0,0,0,0,0,0,0,0,0,0,0,0,0,0,0,0,0,0,0,0,-6,-52,-4,-53,-2,-56,3,-57,1,-60,4,-62,5,-62,7,-64,10,-72,13,-69,12,-72,12,-72,14,-79,18,-80,23,-76,25,-75,25,-82,28,-73,24,-76,30,-72,35,-70,36,-77,32,-70,30,-73,37,-69,29,-73,33,-67,34,-67,34,-61,33,-66,26,-57,29,-64,23,-61,22,-59,26,-59,18,-58,20,-56,18,-61,13,-58,14,-62,18,-56,12,-57,13,-56,11,-53,10,-50,6,-54,6,-49,7,-46,5,-45,3,-44,2,-42,1,-42,1,-41,-3,-37,-3,-40,-7,-37,-6,-36,0,0]"
CSI_DATA,48,2a:00:00:00:00:00,-43,11,1,0,1,1,1,0,0,0,1,-96,0,11,2,911628,0,44,0,384,0,"[0,0,0,0,0,0,0,0,0,0,0,0,5,1,6,1,5,0,6,1,5,1,6,1,6,0,6,0,6,0,6,0,6,0,6,0,6,0,6,0,6,1,6,0,6,0,5,0,5,0,5,1,5,1,5,1,5,0,5,0,5,1,5,0,0,0,5,0,5,1,5,0,5,0,4,1,4,1,4,1,4,1,4,0,4,1,4,1,4,1,3,1,3,1,4,1,4,1,3,1,3,1,3,1,3,1,3,1,3,2,3,1,3,1,3,2,3,1,0,0,0,0,0,0,0,0,0,0,0,0,0,0,24,16,24,15,27,11,28,9,32,9,31,8,30,9,32,6,30,6,34,7,33,3,35,3,39,5,32,6,34,5,37,0,38,5,35,2,36,5,33,6,37,5,32,4,29,1,29,4,28,4,30,6,28,5,29,3,27,5,33,0,28,0,30,4,27,3,28,5,28,3,27,8,26,5,28,4,24,8,26,3,28,5,26,5,22,8,25,6,23,8,24,7,24,7,22,8,23,8,23,8,20,8,21,7,17,7,16,9,18,8,20,11,16,12,0,0,0,0,0,0,0,0,0,0,0,0,0,0,0,0,0,0,0,0,0,0,-40,35,-43,37,-42,30,-48,34,-48,31,-53,30,-50,32,-56,32,-65,33,-63,33,-65,30,-66,34,-73,35,-75,31,-75,25,-76,23,-82,29,-74,21,-77,21,-76,19,-78,17,-83,18,-75,16,-77,18,-78,14,-78,20,-73,11,-76,12,-69,13,-76,15,-59,14,-73,13,-65,12,-63,15,-65,15,-60,17,-55,15,-59,22,-56,21,-59,22,-57,21,-54,24,-54,23,-47,24,-48,20,-43,24,-43,23,-42,23,-40,24,-37,20,-37,21,-35,22,-40,26,-29,23,-32,25,-29,27,-24,22,0,0]"
CSI_DATA,49,2a:00:00:00:00:00,-43,11,1,0,1,1,1,0,0,0,1,-96,0,11,2,920682,0,44,0,384,0,"[0,0,0,0,0,0,0,0,0,0,0,0,1,5,1,5,2,5,2,6,2,5,1,5,2,5,2,5,2,5,2,5,2,6,2,6,2,6,2,5,2,5,2,5,2,5,1,5,2,5,2,5,2,5,2,5,1,4,2,5,2,5,1,4,0,0,2,4,2,5,2,5,1,4,1,4,2,4,2,4,1,4,1,4,1,4,1,4,1,4,1,4,1,4,1,3,1,4,1,4,0,3,0,3,1,3,0,3,0,3,0,3,0,4,-1,3,-1,3,0,0,0,0,0,0,0,0,0,0,0,0,0,0,-5,31,0,29,5,33,7,32,10,29,9,31,10,31,9,33,12,32,14,32,13,32,14,30,14,33,14,31,14,31,17,32,15,37,14,32,12,32,12,30,17,32,12,30,14,30,13,30,15,27,13,31,11,23,15,29,13,30,15,27,11,25,14,26,10,25,14,30,12,22,12,26,14,26,15,28,10,25,12,22,10,20,7,23,10,24,9,29,10,25,9,20,9,21,7,24,8,19,7,20,8,20,4,21,7,21,4,23,5,24,3,20,3,19,0,0,0,0,0,0,0,0,0,0,0,0,0,0,0,0,0,0,0,0,0,0,-48,-21,-49,-22,-45,-23,-52,-29,-50,-30,-52,-35,-54,-34,-55,-35,-59,-40,-56,-42,-58,-45,-58,-44,-64,-52,-60,-53,-58,-57,-54,-56,-62,-59,-52,-60,-55,-57,-56,-58,-53,-58,-53,-64,-49,-60,-52,-63,-47,-64,-55,-58,-43,-59,-44,-61,-43,-56,-49,-57,-39,-46,-45,-56,-46,-50,-46,-46,-44,-49,-43,-44,-42,-42,-47,-41,-45,-39,-49,-39,-47,-39,-45,-34,-47,-35,-47,-31,-44,-29,-42,-25,-42,-27,-42,-24,-42,-19,-40,-22,-40,-19,-41,-17,-40,-17,-28,-12,-34,-15,-36,-10,-32,-9,0,0]"
CSI_DATA,50,2a:00:00:00:00:00,-43,11,1,0,1,1,1,0,0,0,1,-96,0,11,2,950925,0,44,0,384,0,"[0,0,0,0,0,0,0,0,0,0,0,0,1,5,1,5,2,5,2,6,2,5,1,5,2,5,2,5,2,5,2,5,2,5,2,5,2,6,2,5,2,5,2,5,2,5,2,5,2,5,2,5,2,5,2,4,1,4,2,5,2,5,1,5,0,0,2,4,2,4,2,4,2,4,2,4,2,4,2,4,1,4,1,4,1,4,1,4,1,4,1,4,1,4,1,4,1,3,1,4,1,3,0,3,1,3,0,3,1,3,0,3,0,3,0,3,-1,3,0,0,0,0,0,0,0,0,0,0,0,0,0,0,1,34,4,33,9,30,7,27,12,32,11,27,13,29,13,31,15,31,14,31,19,32,16,31,18,29,12,31,13,31,16,29,16,35,17,31,13,31,15,26,17,32,13,30,18,27,13,29,14,26,16,26,12,26,16,27,12,27,16,26,12,23,13,25,16,22,15,24,12,22,12,27,11,26,14,24,11,26,11,24,11,23,10,22,8,24,10,22,11,26,7,20,8,22,9,21,7,23,6,20,7,19,5,19,7,19,4,22,4,22,-1,19,2,22,0,0,0,0,0,0,0,0,0,0,0,0,0,0,0,0,0,0,0,0,0,0,-50,-13,-52,-13,-53,-12,-58,-19,-56,-20,-60,-27,-58,-25,-62,-26,-67,-28,-63,-31,-65,-38,-64,-38,-70,-40,-67,-42,-63,-45,-64,-47,-74,-50,-63,-48,-67,-51,-64,-50,-62,-51,-63,-54,-57,-52,-61,-56,-60,-56,-61,-51,-52,-52,-53,-54,-52,-50,-57,-50,-48,-42,-54,-47,-52,-45,-50,-39,-50,-43,-52,-35,-49,-35,-54,-35,-50,-33,-51,-32,-52,-30,-50,-28,-51,-27,-48,-26,-50,-24,-45,-22,-45,-22,-46,-20,-47,-17,-42,-15,-44,-15,-40,-11,-41,-15,-36,-11,-40,-7,-38,-5,-38,-6,0,0]"
CSI_DATA,51,2a:00:00:00:00:00,-43,11,1,0,1,1,1,0,0,0,1,-96,0,11,2,960878,0,44,0,384,0,"[0,0,0,0,0,0,0,0,0,0,0,0,1,5,1,5,2,5,2,6,2,6,1,5,2,5,2,5,2,5,2,5,2,6,2,5,2,6,2,5,2,5,2,6,2,5,2,5,2,5,2,5,2,5,2,5,1,4,2,5,2,5,2,4,0,0,2,4,2,5,2,4,2,4,2,4,2,4,2,4,1,4,1,4,1,4,1,4,1,4,1,4,1,4,1,3,1,3,1,4,1,3,0,3,1,3,0,3,1,3,0,3,0,3,0,3,0,3,0,0,0,0,0,0,0,0,0,0,0,0,0,0,-9,31,-7,30,-4,35,-4,31,-1,33,3,32,2,32,2,35,4,32,4,33,3,35,6,32,4,35,4,35,4,32,8,32,8,38,8,34,6,34,6,32,6,37,6,29,10,30,5,29,6,33,4,33,6,25,8,30,6,30,6,30,5,30,6,29,5,29,7,31,5,24,5,28,5,28,4,27,2,27,3,27,3,22,3,25,2,26,2,27,1,28,1,21,2,24,1,24,1,24,2,21,-1,20,1,20,-1,23,0,21,-3,25,-3,22,-4,22,0,0,0,0,0,0,0,0,0,0,0,0,0,0,0,0,0,0,0,0,0,0,-41,-29,-46,-32,-42,-35,-46,-38,-45,-38,-47,-43,-44,-43,-47,-48,-53,-55,-47,-51,-51,-55,-50,-57,-56,-61,-52,-64,-50,-67,-42,-64,-48,-73,-42,-66,-45,-68,-40,-69,-40,-68,-40,-77,-37,-66,-39,-69,-38,-71,-40,-70,-36,-69,-35,-68,-32,-62,-37,-68,-30,-54,-37,-64,-34,-59,-34,-55,-34,-60,-37,-54,-35,-47,-39,-48,-39,-45,-42,-46,-38,-50,-39,-42,-40,-44,-40,-41,-38,-37,-37,-35,-35,-32,-35,-33,-37,-32,-35,-31,-34,-29,-35,-23,-36,-28,-30,-18,-36,-22,-35,-17,-31,-14,0,0]"
CSI_DATA,52,2a:00:00:00:00:00,-43,11,1,0,1,1,1,0,0,0,1,-96,0,11,2,970698,0,44,0,384,0,"[0,0,0,0,0,0,0,0,0,0,0,0,-7,0,-7,0,-7,0,-7,0,-7,0,-7,0,-7,1,-7,1,-7,1,-7,1,-7,1,-7,1,-7,0,-7,0,-7,0,-7,1,-7,1,-6,1,-7,1,-6,1,-6,0,-6,1,-6,1,-6,1,-6,0,-6,1,0,0,-6,1,-6,1,-6,1,-6,1,-6,0,-6,1,-6,0,-5,0,-5,1,-5,1,-6,0,-5,0,-5,0,-5,0,-5,0,-5,0,-5,0,-5,0,-5,0,-5,0,-5,0,-4,0,-4,0,-4,-1,-5,-1,-5,-1,0,0,0,0,0,0,0,0,0,0,0,0,0,0,-30,-14,-32,-11,-31,-7,-32,-5,-32,-5,-31,-3,-33,-3,-32,-3,-31,-4,-34,-1,-36,1,-34,0,-37,3,-36,-1,-35,-1,-35,2,-38,-1,-33,2,-33,-3,-33,0,-37,2,-34,0,-32,0,-30,0,-30,0,-32,-2,-29,0,-32,1,-30,0,-30,4,-30,3,-29,1,-28,-1,-29,1,-26,6,-28,0,-26,-1,-28,1,-25,-1,-27,0,-28,2,-30,-1,-22,-4,-25,-1,-24,-4,-25,0,-26,1,-23,-2,-21,-1,-24,-2,-25,-3,-23,-3,-23,0,-23,-5,-22,-4,-24,-8,-19,-8,0,0,0,0,0,0,0,0,0,0,0,0,0,0,0,0,0,0,0,0,0,0,35,-36,36,-36,39,-38,40,-38,46,-37,48,-34,48,-39,53,-36,59,-41,57,-34,62,-36,63,-37,68,-41,67,-35,70,-31,69,-30,73,-35,72,-26,71,-31,70,-27,70,-26,73,-25,72,-23,75,-26,76,-21,68,-28,66,-19,67,-20,69,-21,66,-21,55,-22,62,-22,60,-23,57,-24,61,-24,54,-24,53,-27,54,-29,49,-27,48,-28,48,-26,47,-33,46,-32,42,-32,39,-30,39,-30,37,-30,35,-30,33,-28,34,-29,32,-27,28,-31,29,-31,24,-31,26,-31,20,-28,18,-32,0,0]"
CSI_DATA,53,2a:00:00:00:00:00,-43,11,1,0,1,1,1,0,0,0,1,-96,0,11,2,980656,0,44,0,384,0,"[0,0,0,0,0,0,0,0,0,0,0,0,-7,1,-7,1,-7,1,-7,1,-7,1,-7,1,-7,2,-7,1,-7,2,-7,1,-7,1,-7,2,-7,1,-7,1,-7,1,-7,2,-6,2,-7,2,-6,1,-6,1,-6,1,-6,1,-6,1,-6,1,-6,1,-6,1,0,0,-6,1,-6,1,-6,1,-6,2,-5,1,-6,1,-5,1,-5,1,-6,1,-6,1,-6,1,-5,0,-5,0,-5,0,-5,0,-5,0,-5,0,-5,0,-5,0,-5,0,-5,0,-4,0,-4,0,-4,0,-5,-1,-4,-1,0,0,0,0,0,0,0,0,0,0,0,0,0,0,-33,-3,-32,-4,-30,1,-33,4,-35,4,-33,4,-33,7,-35,6,-31,7,-35,5,-31,10,-33,8,-35,13,-35,8,-35,9,-34,13,-38,8,-34,9,-31,8,-34,8,-33,13,-33,7,-28,11,-30,11,-30,6,-30,10,-31,8,-29,9,-28,7,-30,8,-30,12,-29,9,-26,8,-27,9,-26,10,-27,6,-26,8,-25,5,-26,5,-25,8,-28,7,-25,7,-23,4,-21,3,-23,2,-26,3,-28,6,-21,4,-24,3,-23,7,-22,4,-23,3,-20,2,-21,3,-23,0,-20,0,-24,-3,0,0,0,0,0,0,0,0,0,0,0,0,0,0,0,0,0,0,0,0,0,0,23,-46,25,-46,27,-48,28,-51,31,-48,37,-47,31,-50,39,-52,40,-56,46,-52,48,-51,48,-53,54,-58,56,-54,57,-49,58,-52,59,-59,61,-46,60,-48,57,-47,61,-45,63,-50,65,-42,64,-46,65,-40,59,-46,61,-37,60,-41,56,-39,57,-45,49,-38,52,-38,51,-41,45,-42,49,-41,43,-43,42,-43,44,-45,40,-39,40,-42,37,-41,36,-44,35,-45,32,-43,30,-39,28,-44,28,-42,24,-42,24,-42,23,-36,21,-38,20,-37,19,-37,17,-37,17,-34,12,-35,10,-34,0,0]"
CSI_DATA,54,2a:00:00:00:00:00,-43,11,1,0,1,1,1,0,0,0,1,-96,0,11,2,991953,0,44,0,384,0,"[0,0,0,0,0,0,0,0,0,0,0,0,0,5,1,5,1,5,1,6,1,6,1,5,1,5,1,5,1,6,2,5,1,5,2,5,2,6,2,5,1,6,2,6,2,5,1,5,2,5,1,5,1,5,1,5,1,5,2,5,1,5,1,5,0,0,1,4,2,5,1,5,1,4,1,4,1,4,1,4,1,4,1,4,1,4,1,4,1,4,1,4,1,4,0,3,0,4,0,4,0,3,0,3,0,3,0,3,0,3,0,3,0,3,0,3,-1,3,0,0,0,0,0,0,0,0,0,0,0,0,0,0,-4,33,-4,32,1,33,2,31,2,34,4,31,6,34,6,33,6,32,8,32,7,29,7,30,11,34,9,33,5,33,9,32,9,37,9,33,8,32,8,33,6,35,6,30,10,31,8,29,5,30,7,32,5,28,9,31,7,28,9,29,8,26,7,27,6,28,9,27,9,24,5,25,9,27,7,28,4,25,5,25,3,25,4,22,3,24,3,27,3,26,3,21,-1,22,2,24,2,21,1,21,0,20,2,22,1,22,-1,21,1,22,-3,21,-4,20,0,0,0,0,0,0,0,0,0,0,0,0,0,0,0,0,0,0,0,0,0,0,-49,-20,-49,-23,-48,-26,-51,-28,-51,-29,-52,-29,-50,-32,-51,-35,-59,-44,-55,-42,-55,-46,-56,-46,-63,-50,-58,-54,-53,-56,-51,-56,-59,-58,-50,-58,-51,-57,-49,-58,-47,-61,-49,-66,-44,-61,-47,-61,-46,-64,-48,-60,-44,-62,-41,-59,-39,-56,-45,-57,-39,-49,-42,-54,-42,-53,-42,-49,-42,-46,-43,-44,-40,-41,-48,-44,-42,-40,-45,-40,-45,-42,-45,-35,-42,-36,-44,-35,-39,-32,-38,-31,-39,-29,-38,-24,-40,-26,-38,-26,-34,-21,-38,-20,-36,-23,-30,-15,-36,-17,-37,-15,-35,-11,0,0]"
CSI_DATA,55,2a:00:00:00:00:00,-43,11,1,0,1,1,1,0,0,0,1,-96,0,11,2,1000773,0,44,0,384,0,"[0,0,0,0,0,0,0,0,0,0,0,0,5,-3,5,-3,5,-3,5,-3,5,-3,5,-3,5,-4,5,-4,5,-4,5,-4,5,-3,5,-4,5,-3,5,-3,5,-3,5,-4,5,-3,4,-3,4,-3,4,-3,4,-3,4,-3,4,-3,4,-3,4,-3,4,-3,0,0,4,-3,4,-3,4,-3,4,-3,4,-3,4,-3,3,-3,3,-2,4,-3,4,-2,4,-2,3,-2,3,-2,3,-2,4,-2,3,-2,3,-2,3,-2,3,-2,3,-2,3,-1,3,-1,3,-1,3,-1,3,-1,3,-1,0,0,0,0,0,0,0,0,0,0,0,0,0,0,31,-7,28,-8,31,-14,29,-16,28,-15,28,-14,27,-16,29,-18,27,-17,31,-18,28,-20,28,-19,31,-21,27,-20,28,-19,26,-24,29,-20,27,-21,27,-17,28,-21,28,-23,29,-18,27,-21,25,-16,24,-16,26,-16,27,-17,24,-19,22,-19,26,-19,24,-19,24,-16,20,-15,21,-20,21,-18,20,-15,22,-16,21,-15,22,-14,24,-17,23,-15,24,-14,20,-12,21,-14,19,-11,21,-10,21,-14,19,-9,21,-8,21,-11,18,-9,18,-11,19,-12,19,-11,20,-9,22,-7,21,-5,0,0,0,0,0,0,0,0,0,0,0,0,0,0,0,0,0,0,0,0,0,0,-1,52,-5,53,-5,53,-7,59,-9,56,-13,62,-13,59,-17,61,-17,68,-20,66,-25,67,-22,68,-25,75,-29,70,-34,70,-33,65,-36,77,-36,67,-37,67,-38,69,-39,66,-45,69,-42,63,-40,67,-43,63,-38,67,-40,58,-42,60,-40,53,-40,63,-30,49,-38,59,-30,56,-29,54,-32,56,-27,54,-24,51,-24,57,-19,51,-22,53,-19,54,-15,51,-19,54,-15,51,-14,50,-10,47,-13,46,-12,47,-8,43,-7,41,-8,41,-3,42,-8,43,-3,37,-5,40,2,38,0,33,0,0]"
CSI_DATA,56,2a:00:00:00:00:00,-43,11,1,0,1,1,1,0,0,0,1,-96,0,11,2,1010650,0,44,0,384,0,"[0,0,0,0,0,0,0,0,0,0,0,0,4,3,5,3,5,3,5,3,5,3,5,3,5,3,5,3,5,3,5,3,5,3,6,3,5,3,5,3,5,3,5,3,5,3,5,2,5,3,4,3,4,3,5,3,4,2,5,2,5,3,4,2,0,0,4,2,4,3,4,3,4,2,4,2,4,3,4,3,3,2,3,2,3,2,3,2,3,3,3,2,3,3,3,2,3,2,3,2,3,2,3,2,2,2,2,2,2,2,2,2,2,2,2,2,2,2,0,0,0,0,0,0,0,0,0,0,0,0,0,0,21,25,18,22,24,21,24,19,24,20,23,19,27,18,28,20,25,18,29,16,34,16,30,14,31,17,29,18,29,15,32,14,33,20,30,20,29,15,30,16,32,16,27,16,27,13,28,13,25,15,26,15,25,14,26,16,27,17,29,12,25,13,26,14,22,15,28,14,24,9,24,16,23,14,23,12,22,15,23,10,24,13,19,13,18,15,19,16,17,13,19,14,19,12,16,14,16,14,17,11,17,14,18,12,16,14,14,14,14,14,15,14,14,16,0,0,0,0,0,0,0,0,0,0,0,0,0,0,0,0,0,0,0,0,0,0,-46,23,-48,23,-49,23,-55,21,-55,17,-58,19,-58,19,-63,21,-70,19,-66,17,-72,13,-71,13,-79,16,-74,10,-78,5,-78,2,-81,9,-78,-2,-78,2,-76,4,-75,3,-79,-2,-75,-2,-80,-3,-78,-8,-78,-1,-71,-9,-68,-4,-70,-6,-73,-6,-61,-3,-68,-1,-67,0,-62,4,-67,2,-60,6,-57,5,-61,5,-57,5,-60,7,-59,6,-57,9,-56,10,-52,8,-50,13,-48,12,-48,14,-46,16,-43,12,-46,14,-39,12,-40,14,-39,14,-35,15,-39,16,-34,19,-33,16,0,0]"
CSI_DATA,57,2a:00:00:00:00:00,-42,11,1,0,1,1,1,0,0,0,1,-96,0,11,2,1020653,0,44,0,384,0,"[0,0,0,0,0,0,0,0,0,0,0,0,6,-2,5,-3,5,-3,5,-3,6,-3,6,-3,5,-3,5,-3,6,-3,5,-3,6,-3,6,-3,6,-3,5,-3,5,-3,6,-4,5,-3,5,-3,5,-3,5,-3,5,-2,5,-3,5,-3,5,-3,5,-2,5,-3,0,0,4,-3,5,-3,4,-3,4,-3,4,-2,4,-2,4,-2,4,-2,4,-3,4,-2,4,-2,4,-2,3,-2,3,-2,4,-2,4,-2,3,-2,3,-2,3,-2,3,-2,3,-2,3,-2,3,-1,3,-1,3,-1,3,-1,0,0,0,0,0,0,0,0,0,0,0,0,0,0,-25,-24,-21,-23,-24,-21,-32,-18,-28,-15,-28,-15,-26,-20,-32,-19,-30,-15,-29,-20,-28,-13,-33,-11,-33,-15,-30,-12,-27,-14,-36,-18,-34,-21,-31,-16,-31,-17,-33,-12,-35,-10,-30,-13,-28,-14,-31,-16,-28,-18,-31,-14,-29,-11,-31,-16,-29,-13,-28,-11,-25,-12,-27,-13,-26,-19,-27,-13,-26,-11,-23,-13,-23,-13,-20,-14,-26,-16,-23,-12,-26,-10,-23,-12,-24,-17,-22,-15,-18,-17,-21,-17,-23,-13,-16,-14,-22,-12,-15,-10,-19,-10,-17,-10,-13,-11,-16,-17,-16,-15,-15,-16,-18,-17,0,0,0,0,0,0,0,0,0,0,0,0,0,0,0,0,0,0,0,0,0,0,40,-37,42,-32,43,-34,49,-33,49,-30,50,-30,52,-29,59,-31,63,-31,65,-30,68,-27,65,-31,76,-30,74,-26,73,-19,75,-24,76,-24,71,-18,72,-16,72,-16,72,-14,77,-13,77,-13,76,-11,79,-9,72,-14,68,-9,70,-11,73,-7,71,-8,57,-8,63,-7,63,-8,61,-14,62,-13,56,-16,58,-16,60,-17,54,-18,60,-15,55,-15,59,-18,52,-17,50,-21,48,-18,45,-18,45,-21,44,-19,40,-18,44,-17,44,-16,35,-20,35,-21,32,-19,36,-24,35,-19,32,-24,0,0]"
CSI_DATA,58,2a:00:00:00:00:00,-42,11,1,0,1,1,1,0,0,0,1,-96,0,11,2,1050658,0,44,0,384,0,"[0,0,0,0,0,0,0,0,0,0,0,0,-6,-3,-6,-3,-6,-2,-7,-3,-7,-3,-6,-3,-7,-2,-6,-2,-7,-2,-7,-2,-7,-2,-7,-2,-7,-2,-7,-2,-7,-3,-7,-2,-7,-2,-6,-2,-6,-2,-6,-2,-6,-2,-6,-2,-6,-2,-6,-2,-6,-2,-6,-2,0,0,-6,-2,-6,-2,-6,-2,-6,-1,-5,-2,-5,-2,-5,-2,-5,-2,-5,-2,-5,-2,-5,-2,-5,-3,-5,-2,-5,-2,-4,-2,-5,-2,-4,-2,-4,-2,-4,-2,-4,-2,-4,-2,-4,-2,-4,-2,-4,-2,-4,-3,-4,-3,0,0,0,0,0,0,0,0,0,0,0,0,0,0,-23,-25,-21,-24,-25,-18,-28,-20,-29,-18,-30,-18,-32,-18,-32,-19,-30,-17,-34,-15,-31,-14,-34,-13,-35,-15,-32,-15,-31,-17,-36,-12,-36,-15,-34,-14,-30,-14,-33,-15,-35,-17,-31,-14,-31,-11,-31,-15,-28,-14,-28,-15,-29,-13,-31,-12,-29,-14,-30,-10,-30,-13,-29,-10,-24,-12,-28,-13,-27,-8,-26,-14,-27,-12,-24,-13,-24,-14,-24,-10,-27,-12,-25,-12,-21,-14,-21,-12,-22,-13,-24,-11,-24,-13,-19,-13,-22,-11,-20,-14,-21,-11,-19,-13,-18,-12,-18,-15,-17,-15,-18,-14,-17,-16,0,0,0,0,0,0,0,0,0,0,0,0,0,0,0,0,0,0,0,0,0,0,46,-28,44,-29,46,-27,54,-28,51,-24,59,-26,57,-25,60,-24,67,-24,65,-19,70,-19,70,-22,80,-24,76,-20,77,-12,75,-9,84,-14,77,-8,77,-10,77,-6,76,-5,79,-4,73,-3,77,-4,77,-3,76,-7,74,0,74,-2,68,-1,70,-3,60,-5,67,-5,64,-5,61,-8,65,-6,60,-11,57,-10,61,-15,56,-13,57,-17,59,-12,57,-17,54,-16,51,-15,49,-16,49,-18,47,-16,44,-17,43,-20,41,-17,41,-19,39,-23,41,-19,34,-21,36,-22,33,-26,31,-21,0,0]"
CSI_DATA,59,2a:00:00:00:00:00,-42,11,1,0,1,1,1,0,0,0,1,-96,0,11,2,1060657,0,44,0,384,0,"[0,0,0,0,0,0,0,0,0,0,0,0,-6,1,-6,1,-6,1,-6,1,-6,1,-6,1,-6,2,-6,2,-6,1,-6,2,-7,2,-7,2,-6,2,-6,2,-6,1,-7,2,-6,2,-6,1,-6,2,-6,1,-6,1,-5,1,-5,1,-5,2,-5,1,-6,1,0,0,-6,1,-5,1,-5,1,-5,2,-5,1,-5,1,-5,1,-5,1,-5,1,-5,1,-5,1,-4,0,-4,1,-4,0,-5,0,-5,0,-4,0,-4,0,-4,0,-4,0,-4,0,-4,0,-4,0,-4,0,-4,-1,-4,-1,0,0,0,0,0,0,0,0,0,0,0,0,0,0,-34,-10,-32,-7,-33,1,-36,-3,-35,-1,-31,0,-35,4,-37,5,-34,5,-36,3,-36,6,-35,4,-39,4,-34,6,-37,5,-36,8,-38,6,-37,6,-33,5,-36,2,-36,3,-35,1,-33,7,-30,3,-32,3,-31,1,-31,2,-32,7,-29,4,-34,6,-30,2,-32,1,-30,2,-28,3,-28,4,-27,0,-27,1,-28,2,-27,2,-28,-1,-27,0,-27,-1,-28,0,-25,0,-22,-1,-26,0,-25,-4,-24,-2,-22,-3,-22,-6,-23,-6,-22,-4,-22,-2,-22,-4,-21,-3,-23,-6,-23,-9,0,0,0,0,0,0,0,0,0,0,0,0,0,0,0,0,0,0,0,0,0,0,6,-54,10,-52,11,-54,16,-60,17,-56,20,-59,20,-56,26,-60,28,-66,30,-65,34,-69,29,-67,34,-74,39,-70,43,-62,46,-65,50,-68,49,-61,45,-62,49,-57,52,-56,55,-57,53,-57,52,-61,53,-56,49,-61,51,-49,51,-53,49,-48,50,-54,40,-47,47,-47,47,-47,41,-45,46,-47,40,-45,37,-48,37,-52,32,-51,35,-52,33,-45,31,-51,31,-48,29,-47,28,-45,29,-47,27,-43,24,-41,22,-41,21,-42,18,-41,19,-42,19,-40,17,-37,15,-41,13,-39,11,-35,0,0]"
CSI_DATA,60,2a:00:00:00:00:00,-42,11,1,0,1,1,1,0,0,0,1,-96,0,11,2,1090958,0,44,0,384,0,"[0,0,0,0,0,0,0,0,0,0,0,0,-3,5,-2,5,-2,6,-2,6,-2,6,-2,6,-2,6,-2,6,-2,6,-2,6,-2,6,-2,6,-2,6,-2,6,-2,6,-2,6,-2,6,-2,5,-1,5,-2,5,-2,5,-2,5,-2,5,-1,5,-1,5,-2,5,0,0,-2,5,-2,5,-2,5,-2,5,-2,4,-2,4,-2,4,-2,4,-2,4,-2,4,-2,4,-2,4,-2,4,-2,4,-2,3,-2,3,-2,4,-2,3,-2,3,-2,3,-2,3,-2,3,-2,3,-2,3,-3,3,-3,2,0,0,0,0,0,0,0,0,0,0,0,0,0,0,27,-2,30,-3,32,-10,35,-6,36,-11,32,-6,33,-9,30,-12,25,-13,32,-12,30,-16,29,-17,34,-16,30,-12,33,-12,30,-20,33,-14,32,-15,30,-13,29,-15,32,-21,29,-15,25,-16,26,-16,29,-13,28,-18,28,-17,29,-13,32,-13,31,-16,33,-12,27,-11,27,-13,22,-13,27,-14,20,-14,22,-11,24,-18,23,-8,28,-12,26,-8,28,-3,24,-11,25,-8,22,-8,24,-4,24,-10,24,-10,21,-6,23,-6,21,-8,22,-5,19,-8,20,-6,22,0,22,-1,23,0,0,0,0,0,0,0,0,0,0,0,0,0,0,0,0,0,0,0,0,0,0,0,4,59,4,53,-3,52,-1,62,-4,58,-6,65,-5,61,-7,63,-12,71,-14,73,-18,70,-17,70,-16,79,-25,74,-27,71,-27,74,-28,78,-32,73,-26,69,-29,70,-28,71,-34,71,-34,72,-40,69,-34,67,-34,68,-38,59,-36,63,-35,60,-35,61,-30,53,-31,56,-27,58,-25,55,-26,61,-24,58,-19,54,-20,56,-17,48,-21,55,-19,58,-20,57,-20,53,-16,53,-15,50,-15,52,-11,52,-9,44,-7,45,-10,42,-9,44,-3,42,-10,47,-5,36,-7,39,-1,42,-2,39,0,0]"
CSI_DATA,61,2a:00:00:00:00:00,-42,11,1,0,1,1,1,0,0,0,1,-96,0,11,2,1100684,0,44,0,384,0,"[0,0,0,0,0,0,0,0,0,0,0,0,2,-6,2,-6,1,-6,2,-7,2,-6,2,-6,2,-6,2,-6,2,-6,1,-6,2,-7,2,-7,1,-6,1,-6,1,-6,1,-7,1,-6,2,-6,1,-6,1,-6,1,-6,1,-6,2,-5,1,-6,1,-6,1,-6,0,0,1,-5,1,-6,1,-6,1,-5,1,-5,1,-5,1,-5,1,-5,1,-5,1,-5,2,-5,1,-5,1,-4,1,-4,2,-4,1,-4,1,-4,1,-4,1,-4,1,-4,2,-4,1,-4,1,-4,2,-4,2,-3,2,-3,0,0,0,0,0,0,0,0,0,0,0,0,0,0,27,-24,27,-21,19,-28,18,-26,22,-30,19,-27,18,-31,15,-29,17,-30,18,-28,16,-32,16,-31,18,-32,17,-32,16,-31,15,-34,15,-33,15,-32,17,-31,16,-31,16,-33,14,-29,10,-30,14,-29,15,-28,15,-28,16,-29,11,-29,14,-28,15,-26,11,-26,13,-24,13,-29,12,-27,12,-26,13,-24,13,-26,13,-27,13,-24,13,-22,15,-24,13,-23,14,-22,13,-24,14,-22,13,-20,15,-19,15,-23,13,-15,13,-16,14,-16,14,-16,15,-18,15,-17,14,-18,16,-15,16,-13,0,0,0,0,0,0,0,0,0,0,0,0,0,0,0,0,0,0,0,0,0,0,31,42,31,43,31,46,29,50,28,53,24,52,24,54,23,59,27,67,26,66,24,65,23,67,27,75,22,75,11,72,13,77,17,76,13,74,11,70,8,72,4,74,5,80,6,76,8,73,4,76,10,73,3,68,2,67,3,68,7,67,6,60,5,61,6,63,7,57,7,63,10,61,11,59,14,59,14,58,16,57,14,55,17,58,13,52,18,52,16,44,19,47,16,47,13,45,18,45,18,44,19,38,21,39,18,39,18,36,22,36,21,36,22,32,0,0]"
CSI_DATA,62,2a:00:00:00:00:00,-42,11,1,0,1,1,1,0,0,0,1,-96,0,11,2,1111773,0,44,0,384,0,"[0,0,0,0,0,0,0,0,0,0,0,0,5,2,6,2,6,2,6,2,6,2,5,2,6,1,6,1,6,2,6,2,6,2,6,1,6,2,6,2,5,2,6,1,6,1,5,1,5,1,5,1,5,2,5,1,5,1,5,1,5,2,5,1,0,0,5,1,5,2,5,1,5,1,4,2,4,1,4,1,4,1,4,1,4,1,4,1,3,2,4,1,3,2,4,1,4,1,4,1,3,1,3,1,3,1,3,1,3,2,3,2,3,2,3,2,3,2,0,0,0,0,0,0,0,0,0,0,0,0,0,0,24,22,27,22,29,15,28,17,32,16,30,13,29,15,32,16,31,12,32,12,31,9,31,12,35,13,34,12,32,11,35,7,36,11,32,11,29,12,34,8,35,10,30,9,31,8,31,11,31,11,29,13,29,9,29,9,26,12,31,8,27,8,29,8,27,6,27,8,27,6,26,10,26,7,24,8,24,13,26,8,27,7,26,8,23,12,22,8,19,10,23,10,23,9,21,10,20,9,21,10,21,9,21,8,19,10,20,11,17,11,21,13,16,11,0,0,0,0,0,0,0,0,0,0,0,0,0,0,0,0,0,0,0,0,0,0,-40,34,-43,30,-48,31,-47,35,-52,28,-54,28,-55,28,-57,26,-64,30,-65,26,-65,28,-67,28,-72,33,-72,22,-71,19,-75,21,-76,22,-77,16,-71,16,-74,15,-74,10,-79,11,-77,10,-77,13,-76,11,-72,18,-69,8,-70,7,-68,10,-68,12,-59,11,-66,11,-65,13,-58,14,-64,15,-56,16,-56,19,-59,23,-52,19,-55,24,-55,19,-53,28,-51,23,-49,25,-46,20,-45,27,-45,21,-44,23,-43,21,-40,23,-37,23,-37,27,-36,21,-34,22,-36,27,-30,24,-30,23,0,0]"
CSI_DATA,63,2a:00:00:00:00:00,-42,11,1,0,1,1,1,0,0,0,1,-96,0,11,2,1131110,0,44,0,384,0,"[0,0,0,0,0,0,0,0,0,0,0,0,-5,4,-5,4,-4,5,-5,5,-5,5,-5,5,-5,5,-5,5,-5,5,-4,5,-5,5,-5,5,-5,5,-4,5,-4,5,-4,5,-4,5,-4,5,-4,5,-4,4,-4,4,-4,4,-4,4,-4,4,-4,4,-4,4,0,0,-4,4,-4,4,-4,4,-4,4,-4,4,-4,4,-3,3,-3,3,-4,3,-4,3,-4,3,-3,3,-3,3,-3,3,-4,3,-4,3,-3,3,-3,3,-3,3,-3,2,-3,2,-3,3,-3,2,-3,2,-4,2,-4,2,0,0,0,0,0,0,0,0,0,0,0,0,0,0,32,10,27,7,35,7,33,6,34,4,35,5,34,2,33,0,30,2,30,-1,33,-5,33,1,38,-3,36,-1,34,-8,34,-5,36,-6,36,-4,34,-2,32,0,34,-4,34,-3,31,-5,33,0,29,-2,33,0,31,-7,30,-5,28,-5,33,-5,31,-5,33,-7,27,0,26,-2,28,-8,28,2,28,-4,25,1,28,0,28,-2,27,-5,29,-2,23,-1,23,2,23,-1,28,-2,26,1,20,0,20,-1,24,-3,19,2,24,-2,21,-3,18,0,17,5,23,1,21,6,0,0,0,0,0,0,0,0,0,0,0,0,0,0,0,0,0,0,0,0,0,0,-23,51,-23,47,-30,49,-29,50,-32,50,-39,53,-38,47,-43,51,-46,56,-49,51,-47,56,-43,58,-51,61,-55,56,-58,52,-54,51,-59,59,-57,47,-57,44,-57,47,-60,44,-68,47,-59,45,-57,44,-61,40,-57,49,-58,37,-59,38,-54,35,-57,42,-47,38,-55,39,-50,35,-46,40,-52,43,-43,40,-42,38,-43,44,-38,42,-40,49,-42,44,-38,46,-39,40,-35,43,-32,44,-39,32,-32,39,-31,38,-28,38,-29,36,-28,30,-26,41,-23,39,-19,32,-20,38,-17,33,-12,40,0,0]"
CSI_DATA,64,2a:00:00:00:00:00,-42,11,1,0,1,1,1,0,0,0,1,-96,0,11,2,1142238,0,44,0,384,0,"[0,0,0,0,0,0,0,0,0,0,0,0,-7,-2,-7,-1,-7,-1,-7,-1,-7,-1,-7,-1,-7,-1,-7,-1,-7,-1,-7,-1,-7,-1,-8,0,-7,-1,-7,-1,-7,-1,-8,-1,-7,0,-7,0,-6,0,-7,-1,-6,-1,-6,-1,-6,-1,-7,-1,-6,-1,-6,-1,0,0,-6,0,-6,-1,-6,-1,-6,0,-5,-1,-6,-1,-6,-1,-5,-1,-6,0,-6,-1,-6,-1,-5,-1,-5,-1,-5,-1,-5,-1,-5,-1,-5,-1,-5,-1,-5,-1,-5,-1,-5,-1,-4,-1,-5,-1,-4,-2,-4,-2,-4,-2,0,0,0,0,0,0,0,0,0,0,0,0,0,0,-33,-13,-36,-13,-32,-7,-35,-7,-36,-6,-35,-2,-35,-3,-36,-3,-33,-2,-37,-1,-34,3,-36,1,-38,-1,-36,0,-36,-3,-37,3,-37,0,-39,0,-35,-1,-37,2,-36,1,-35,0,-31,1,-32,-1,-30,-3,-33,-3,-33,-1,-30,-1,-33,0,-32,2,-30,0,-32,-1,-31,-3,-30,1,-29,3,-28,-4,-28,-1,-26,-1,-28,-5,-31,-2,-30,-1,-28,-5,-24,-3,-25,-2,-23,-4,-27,-4,-26,-3,-24,-4,-24,-5,-24,-4,-23,-4,-23,-3,-23,-4,-23,-5,-22,-6,-25,-10,-24,-10,0,0,0,0,0,0,0,0,0,0,0,0,0,0,0,0,0,0,0,0,0,0,16,-51,17,-53,21,-52,23,-53,29,-54,30,-52,28,-53,31,-57,36,-62,40,-59,45,-56,44,-59,47,-65,50,-58,53,-53,55,-56,52,-59,58,-52,52,-50,53,-51,54,-48,60,-51,59,-50,58,-46,60,-46,56,-49,58,-41,55,-41,55,-42,54,-44,48,-40,47,-41,47,-42,42,-43,46,-43,43,-46,42,-40,42,-44,37,-41,39,-47,39,-41,36,-47,35,-44,37,-44,31,-39,30,-45,30,-42,25,-40,27,-42,30,-40,22,-36,25,-40,24,-38,20,-38,21,-36,17,-38,19,-35,0,0]"
CSI_DATA,65,2a:00:00:00:00:00,-42,11,1,0,1,1,1,0,0,0,1,-96,0,11,2,1151881,0,44,0,384,0,"[0,0,0,0,0,0,0,0,0,0,0,0,0,5,0,6,1,6,0,6,0,6,0,6,1,6,1,6,1,6,1,6,1,6,1,6,1,6,1,6,0,6,1,6,1,6,0,5,1,6,1,5,0,5,1,5,0,5,1,5,1,5,0,5,0,0,0,5,0,5,1,5,0,5,0,5,0,5,0,5,0,5,0,4,0,4,0,4,0,4,0,4,0,4,0,4,-1,4,0,4,-1,3,-1,3,0,3,-1,3,-1,4,-1,4,-1,4,-1,3,-2,3,0,0,0,0,0,0,0,0,0,0,0,0,0,0,30,-11,30,-16,32,-16,30,-17,27,-19,26,-17,27,-22,30,-23,23,-21,28,-22,27,-23,26,-24,29,-28,25,-20,27,-17,26,-24,30,-19,30,-20,27,-21,28,-20,27,-24,26,-20,22,-24,27,-21,25,-20,26,-21,26,-22,28,-19,28,-20,24,-22,25,-17,25,-17,24,-20,18,-20,20,-13,21,-18,24,-18,24,-19,22,-17,22,-13,23,-16,23,-12,21,-12,21,-16,18,-13,25,-13,19,-7,21,-18,22,-9,24,-7,19,-9,17,-11,18,-11,23,-9,19,-11,21,-4,20,-7,0,0,0,0,0,0,0,0,0,0,0,0,0,0,0,0,0,0,0,0,0,0,31,47,27,48,29,52,28,48,23,57,20,60,20,57,18,61,22,71,16,69,11,71,12,71,17,79,6,73,8,73,6,75,7,82,2,77,0,71,-2,74,0,69,-6,77,-9,73,-6,76,-9,73,-4,75,-13,68,-5,67,-9,67,-7,67,-4,60,-5,64,-2,62,-4,57,-5,63,-5,60,-1,58,3,61,-1,55,5,61,1,58,6,57,2,54,5,56,5,53,5,46,4,51,1,46,8,44,3,46,12,42,8,49,10,44,7,44,13,42,13,39,12,29,0,0]"
CSI_DATA,66,2a:00:00:00:00:00,-42,11,1,0,1,1,1,0,0,0,1,-96,0,11,2,1160673,0,44,0,384,0,"[0,0,0,0,0,0,0,0,0,0,0,0,6,1,6,0,6,0,6,0,6,0,6,0,6,0,6,0,6,0,6,0,6,0,6,-1,6,0,6,0,6,0,6,0,6,0,6,0,6,0,5,0,5,0,5,0,5,0,5,0,5,0,5,0,0,0,5,-1,5,0,5,0,5,0,5,0,5,0,5,0,4,0,5,0,4,0,5,0,4,0,4,0,4,0,4,0,4,0,4,0,4,0,4,0,4,0,4,0,3,1,3,1,3,1,3,1,3,1,0,0,0,0,0,0,0,0,0,0,0,0,0,0,27,21,31,18,31,17,30,12,34,14,31,12,31,11,30,11,31,10,33,12,33,10,33,9,35,9,32,9,34,9,34,8,35,12,34,11,30,7,33,10,36,9,32,8,29,6,32,9,29,7,30,10,27,8,30,10,26,12,30,8,29,7,29,9,26,10,28,10,27,4,22,8,27,7,28,7,24,9,28,7,25,10,24,10,22,9,22,12,20,9,25,11,24,10,20,7,20,10,23,7,22,10,21,8,19,9,18,10,19,12,19,14,19,15,0,0,0,0,0,0,0,0,0,0,0,0,0,0,0,0,0,0,0,0,0,0,-34,44,-34,42,-34,43,-40,43,-42,42,-46,41,-45,42,-48,45,-55,46,-56,41,-58,39,-59,41,-67,44,-69,41,-68,37,-68,34,-72,38,-68,33,-66,34,-69,30,-68,30,-75,29,-69,29,-68,23,-69,20,-70,30,-69,22,-68,24,-63,20,-66,25,-56,24,-63,23,-58,27,-55,27,-59,25,-56,29,-50,26,-52,28,-53,25,-54,31,-54,29,-47,33,-45,29,-47,33,-44,29,-42,31,-41,31,-39,31,-40,31,-37,29,-37,26,-37,32,-39,30,-29,25,-34,30,-27,31,-26,26,0,0]"
CSI_DATA,67,2a:00:00:00:00:00,-42,11,1,0,1,1,1,0,0,0,1,-96,0,11,2,1180672,0,44,0,384,0,"[0,0,0,0,0,0,0,0,0,0,0,0,0,-7,-1,-7,-1,-7,-1,-7,-1,-7,-1,-7,-1,-7,-1,-7,-1,-7,-1,-7,-1,-7,-1,-7,-1,-7,-1,-7,-1,-7,-1,-7,-1,-7,-1,-7,-1,-7,-1,-7,-1,-6,-1,-6,-1,-6,-1,-7,-1,-6,-1,-6,0,0,-1,-6,-1,-6,-1,-6,-1,-6,-1,-6,-1,-6,-1,-6,-1,-6,-1,-5,0,-5,0,-5,-1,-5,-1,-5,-1,-5,0,-5,0,-5,0,-5,0,-5,0,-4,0,-4,0,-5,0,-5,0,-5,0,-5,1,-4,1,-4,0,0,0,0,0,0,0,0,0,0,0,0,0,0,-31,14,-26,15,-27,16,-30,18,-28,24,-25,16,-26,22,-28,26,-25,22,-26,23,-25,24,-25,22,-25,25,-23,26,-29,25,-27,24,-25,28,-25,26,-23,23,-25,27,-30,27,-25,23,-21,24,-24,24,-22,22,-21,24,-26,23,-20,24,-24,22,-21,25,-22,22,-26,21,-21,20,-18,20,-22,19,-22,22,-17,19,-18,22,-21,19,-23,20,-23,18,-25,19,-17,18,-19,15,-20,17,-23,10,-21,13,-17,16,-21,11,-20,12,-21,11,-22,11,-17,12,-18,12,-17,11,-22,9,-23,6,0,0,0,0,0,0,0,0,0,0,0,0,0,0,0,0,0,0,0,0,0,0,-36,-43,-32,-45,-33,-47,-34,-51,-29,-50,-32,-56,-30,-52,-30,-64,-31,-67,-26,-62,-23,-70,-26,-66,-27,-73,-18,-77,-16,-73,-16,-77,-17,-77,-8,-74,-13,-75,-12,-76,-4,-75,-7,-81,-6,-76,-7,-78,-2,-78,-11,-77,1,-69,-7,-71,-1,-65,-6,-72,-3,-57,-2,-65,-5,-62,-8,-61,-6,-64,-10,-60,-9,-56,-9,-60,-10,-57,-12,-58,-13,-58,-15,-58,-14,-57,-19,-52,-15,-50,-18,-55,-12,-50,-12,-52,-15,-52,-14,-45,-16,-45,-18,-42,-14,-45,-12,-40,-18,-40,-21,-40,-18,-34,0,0]"
CSI_DATA,68,2a:00:00:00:00:00,-42,11,1,0,1,1,1,0,0,0,1,-96,0,11,2,1191609,0,44,0,384,0,"[0,0,0,0,0,0,0,0,0,0,0,0,-5,4,-5,5,-4,5,-4,5,-4,5,-4,5,-4,5,-4,5,-4,5,-4,5,-4,5,-4,5,-4,5,-4,5,-4,5,-4,5,-4,5,-4,4,-3,5,-4,5,-4,4,-4,5,-4,4,-4,5,-4,4,-4,4,0,0,-4,4,-4,4,-4,4,-4,4,-4,4,-4,4,-3,4,-3,4,-4,4,-4,3,-4,3,-3,3,-3,3,-3,3,-4,3,-4,3,-3,3,-3,2,-4,2,-3,2,-4,2,-4,2,-4,3,-4,2,-4,2,-4,2,0,0,0,0,0,0,0,0,0,0,0,0,0,0,-30,15,-30,17,-30,19,-27,19,-30,23,-29,23,-28,22,-28,23,-25,25,-25,24,-25,24,-22,24,-27,25,-24,25,-27,25,-23,27,-27,30,-24,28,-24,26,-22,25,-27,27,-26,22,-19,26,-21,25,-22,24,-24,22,-21,22,-20,26,-21,21,-22,26,-23,21,-22,22,-21,20,-21,24,-22,18,-22,21,-18,22,-20,23,-21,21,-22,18,-22,17,-21,17,-20,20,-20,18,-18,20,-22,15,-18,13,-20,18,-18,11,-20,16,-19,12,-18,14,-19,15,-18,16,-21,15,-22,10,-22,8,0,0,0,0,0,0,0,0,0,0,0,0,0,0,0,0,0,0,0,0,0,0,-28,-48,-26,-50,-26,-50,-22,-56,-23,-55,-21,-58,-18,-59,-20,-62,-20,-71,-18,-67,-15,-72,-17,-71,-20,-79,-14,-78,-5,-76,-2,-74,-5,-84,-3,-76,-5,-76,-1,-76,-1,-75,2,-83,1,-73,1,-73,4,-76,0,-76,7,-71,6,-72,6,-68,4,-69,1,-60,2,-65,-1,-64,-3,-59,0,-64,-3,-62,-6,-60,-5,-61,-6,-57,-9,-63,-8,-62,-10,-57,-7,-56,-11,-55,-11,-54,-11,-51,-12,-49,-13,-50,-15,-48,-14,-49,-13,-47,-15,-44,-14,-47,-9,-36,-16,-44,-19,-41,-16,-39,0,0]"
CSI_DATA,69,2a:00:00:00:00:00,-42,11,1,0,1,1,1,0,0,0,1,-96,0,11,2,1201130,0,44,0,384,0,"[0,0,0,0,0,0,0,0,0,0,0,0,-4,5,-4,5,-3,5,-4,6,-4,5,-4,5,-4,6,-4,5,-4,5,-3,6,-4,5,-4,6,-4,6,-4,6,-4,5,-4,6,-4,5,-4,5,-3,5,-3,5,-4,5,-3,5,-4,5,-3,5,-3,5,-4,5,0,0,-4,5,-3,5,-3,5,-4,5,-3,4,-3,4,-3,4,-3,4,-4,4,-4,4,-4,4,-3,4,-3,4,-3,3,-4,3,-3,3,-3,3,-3,3,-3,3,-3,3,-3,3,-3,3,-3,3,-4,3,-4,2,-4,2,0,0,0,0,0,0,0,0,0,0,0,0,0,0,-31,22,-28,22,-24,25,-23,23,-23,24,-23,27,-20,27,-25,30,-19,26,-21,29,-20,30,-20,28,-23,34,-20,29,-20,29,-17,31,-21,34,-18,31,-21,30,-17,28,-20,32,-22,28,-15,29,-18,28,-19,27,-21,29,-18,23,-16,30,-18,27,-18,27,-18,25,-19,26,-15,23,-17,29,-17,21,-17,25,-16,26,-16,25,-17,24,-18,22,-16,21,-17,19,-16,18,-16,22,-15,24,-19,18,-20,19,-16,21,-17,16,-14,16,-18,14,-15,16,-16,19,-18,17,-19,15,-21,13,-22,11,0,0,0,0,0,0,0,0,0,0,0,0,0,0,0,0,0,0,0,0,0,0,-40,-36,-43,-38,-38,-39,-41,-49,-38,-45,-39,-54,-37,-50,-37,-55,-38,-63,-36,-60,-35,-66,-37,-65,-41,-71,-34,-70,-30,-75,-25,-71,-32,-82,-21,-71,-24,-72,-21,-75,-21,-74,-17,-79,-17,-73,-19,-74,-14,-76,-23,-71,-11,-70,-14,-72,-11,-65,-18,-71,-12,-56,-18,-65,-16,-60,-19,-59,-15,-61,-19,-60,-17,-55,-22,-57,-21,-53,-25,-58,-22,-57,-26,-53,-24,-57,-24,-51,-22,-51,-23,-50,-21,-47,-22,-45,-25,-42,-24,-41,-22,-40,-26,-38,-26,-42,-20,-36,-26,-39,-25,-39,-27,-35,0,0]"
CSI_DATA,70,2a:00:00:00:00:00,-42,11,1,0,1,1,1,0,0,0,1,-96,0,11,2,1210697,0,44,0,384,0,"[0,0,0,0,0,0,0,0,0,0,0,0,0,6,0,6,1,6,0,6,1,6,0,6,1,6,1,6,1,6,1,6,0,6,1,6,1,6,1,6,1,6,1,6,1,6,1,6,1,5,1,6,1,6,1,5,0,5,1,6,1,5,0,5,0,0,0,5,0,5,1,5,1,5,0,5,0,5,1,5,0,5,0,4,0,5,0,4,0,5,0,4,0,4,0,4,0,4,0,4,0,4,0,4,0,4,0,4,-1,4,-1,4,-1,4,-1,4,-1,3,0,0,0,0,0,0,0,0,0,0,0,0,0,0,33,-22,24,-23,28,-24,26,-25,29,-25,21,-25,20,-31,22,-24,22,-26,26,-28,21,-28,19,-27,21,-31,17,-29,23,-27,17,-24,22,-30,19,-29,19,-31,21,-27,19,-32,21,-29,16,-28,19,-28,21,-24,21,-28,17,-22,19,-27,20,-22,20,-31,19,-26,25,-26,17,-20,19,-25,14,-22,17,-25,16,-24,16,-26,19,-27,21,-21,19,-23,23,-20,20,-22,18,-22,19,-21,20,-19,22,-20,15,-18,17,-16,14,-14,18,-14,18,-13,16,-18,14,-13,18,-19,21,-12,24,-8,0,0,0,0,0,0,0,0,0,0,0,0,0,0,0,0,0,0,0,0,0,0,38,35,41,40,39,37,44,46,36,45,42,57,39,46,37,54,40,58,34,57,32,66,34,62,36,68,32,70,27,73,27,70,31,79,22,71,27,73,22,66,16,71,21,74,14,69,15,73,17,74,18,74,12,69,15,71,11,65,13,68,11,56,14,66,16,59,17,61,14,61,23,55,17,56,17,58,19,52,20,52,20,52,22,53,20,53,19,47,22,51,16,48,19,44,22,48,21,45,20,45,19,43,21,40,22,42,21,42,24,38,21,40,22,34,0,0]"
CSI_DATA,71,2a:00:00:00:00:00,-42,11,1,0,1,1,1,0,0,0,1,-96,0,11,2,1222959,0,44,0,384,0,"[0,0,0,0,0,0,0,0,0,0,0,0,-5,-6,-5,-5,-5,-5,-5,-5,-5,-5,-5,-5,-6,-5,-5,-5,-5,-5,-5,-5,-5,-5,-6,-5,-5,-5,-5,-5,-5,-5,-6,-5,-5,-4,-5,-5,-5,-5,-5,-5,-5,-5,-5,-4,-5,-4,-5,-5,-5,-5,-5,-4,0,0,-5,-4,-5,-5,-5,-5,-5,-4,-4,-4,-5,-4,-5,-4,-4,-4,-4,-4,-4,-4,-4,-4,-4,-4,-3,-4,-4,-4,-4,-4,-4,-3,-4,-4,-4,-3,-4,-4,-4,-3,-3,-4,-3,-4,-3,-4,-3,-4,-3,-4,-3,-4,0,0,0,0,0,0,0,0,0,0,0,0,0,0,-15,-33,-15,-33,-22,-28,-23,-24,-22,-27,-23,-25,-23,-26,-25,-29,-24,-24,-23,-25,-25,-25,-24,-24,-27,-25,-28,-24,-23,-23,-29,-24,-30,-26,-28,-24,-25,-23,-28,-24,-29,-25,-26,-22,-27,-25,-25,-21,-22,-22,-26,-24,-26,-20,-22,-23,-24,-22,-26,-21,-23,-18,-24,-21,-23,-21,-21,-23,-21,-19,-20,-21,-20,-21,-23,-22,-19,-20,-21,-20,-21,-21,-17,-20,-18,-22,-18,-20,-16,-20,-17,-20,-16,-19,-20,-20,-17,-15,-16,-18,-17,-20,-16,-17,-15,-18,-12,-20,-13,-19,-12,-21,-12,-22,0,0,0,0,0,0,0,0,0,0,0,0,0,0,0,0,0,0,0,0,0,0,44,-32,44,-31,46,-30,52,-30,50,-27,54,-24,52,-26,59,-27,66,-27,64,-24,67,-20,69,-23,73,-24,73,-16,73,-12,76,-12,78,-17,72,-7,74,-10,71,-7,73,-5,77,-3,73,-2,74,-4,72,0,71,-7,69,0,68,-2,65,1,68,-1,61,-3,62,-2,60,-3,57,-6,63,-7,60,-8,55,-9,60,-10,53,-9,58,-13,56,-9,57,-12,55,-12,52,-15,49,-12,46,-14,46,-13,46,-17,46,-14,47,-14,42,-13,42,-19,42,-14,39,-14,43,-15,39,-17,36,-14,0,0]"
CSI_DATA,72,2a:00:00:00:00:00,-42,11,1,0,1,1,1,0,0,0,1,-96,0,11,2,1231998,0,44,0,384,0,"[0,0,0,0,0,0,0,0,0,0,0,0,3,-6,3,-6,2,-6,3,-6,2,-6,3,-6,2,-6,2,-6,2,-6,2,-6,3,-6,2,-6,2,-6,2,-6,2,-6,2,-7,2,-6,2,-6,2,-6,2,-6,2,-6,2,-6,2,-5,2,-6,2,-6,2,-6,0,0,2,-6,2,-6,2,-6,2,-6,2,-5,2,-5,2,-5,2,-5,2,-5,2,-5,2,-5,2,-5,2,-5,2,-5,2,-4,2,-4,2,-4,2,-4,2,-4,2,-4,2,-4,2,-4,2,-4,2,-4,2,-3,2,-3,0,0,0,0,0,0,0,0,0,0,0,0,0,0,-35,-3,-38,-1,-35,4,-36,2,-39,3,-34,0,-35,2,-35,8,-32,7,-35,7,-34,8,-32,6,-34,9,-34,6,-31,4,-35,14,-37,11,-36,5,-35,6,-34,8,-34,11,-37,8,-29,12,-30,9,-34,8,-35,10,-35,8,-30,7,-29,4,-36,8,-31,7,-34,4,-25,9,-26,6,-34,6,-29,9,-25,8,-27,8,-29,5,-33,7,-32,8,-33,4,-30,1,-25,8,-27,4,-30,2,-27,2,-29,6,-26,1,-26,3,-24,2,-25,-2,-25,4,-24,3,-22,4,-27,1,-24,-4,0,0,0,0,0,0,0,0,0,0,0,0,0,0,0,0,0,0,0,0,0,0,0,-58,4,-59,3,-54,6,-62,11,-63,10,-61,11,-61,18,-64,17,-69,17,-67,26,-67,19,-69,27,-76,30,-74,37,-71,37,-69,34,-73,39,-65,34,-67,37,-66,39,-60,41,-69,42,-65,43,-61,42,-61,40,-64,40,-64,38,-58,40,-53,37,-62,31,-54,31,-57,34,-54,28,-48,35,-54,30,-54,27,-53,28,-53,25,-50,21,-54,26,-51,21,-57,21,-56,23,-56,13,-47,14,-49,14,-51,17,-50,12,-41,14,-47,11,-43,16,-45,15,-44,10,-40,12,-45,7,-42,8,-40,0,0]"
CSI_DATA,73,2a:00:00:00:00:00,-42,11,1,0,1,1,1,0,0,0,1,-96,0,11,2,1251004,0,44,0,384,0,"[0,0,0,0,0,0,0,0,0,0,0,0,4,-4,4,-4,4,-4,4,-4,4,-5,4,-4,4,-5,4,-5,4,-5,4,-5,4,-5,4,-5,4,-5,4,-5,4,-4,4,-5,4,-5,4,-5,3,-5,4,-5,4,-4,3,-5,4,-4,4,-5,4,-4,4,-5,0,0,4,-4,4,-4,3,-4,3,-4,3,-4,3,-4,3,-4,3,-4,3,-4,3,-4,4,-4,3,-3,3,-3,3,-3,3,-3,3,-3,3,-3,3,-3,3,-3,3,-3,3,-3,2,-3,3,-3,3,-3,3,-2,3,-2,0,0,0,0,0,0,0,0,0,0,0,0,0,0,31,-17,28,-16,28,-20,26,-17,27,-21,24,-22,22,-23,25,-25,21,-22,25,-25,25,-25,25,-25,24,-25,21,-24,26,-24,21,-29,24,-29,22,-29,23,-28,23,-25,26,-28,22,-23,20,-27,23,-24,20,-22,20,-22,21,-24,17,-25,20,-25,23,-25,21,-26,22,-24,20,-22,19,-25,16,-22,19,-23,18,-22,19,-24,19,-22,19,-19,20,-20,23,-19,17,-20,17,-21,17,-19,20,-15,20,-16,16,-19,17,-18,18,-17,17,-18,16,-14,15,-17,14,-16,19,-16,20,-14,21,-13,0,0,0,0,0,0,0,0,0,0,0,0,0,0,0,0,0,0,0,0,0,0,27,46,24,47,22,48,23,55,19,51,19,59,16,57,19,59,17,68,15,63,14,69,17,67,15,76,10,75,3,76,1,73,4,83,1,70,3,76,-3,75,-2,73,-9,76,-5,69,-3,72,-8,73,-1,74,-8,69,-7,73,-8,63,-4,68,-2,57,-2,67,-2,60,-1,59,-2,60,1,59,0,55,6,58,5,55,7,60,3,57,9,52,4,55,8,49,8,51,10,49,10,47,8,48,8,45,10,42,10,42,14,42,13,48,8,38,15,40,11,39,13,35,0,0]"
CSI_DATA,74,2a:00:00:00:00:00,-42,11,1,0,1,1,1,0,0,0,1,-96,0,11,2,1260681,0,44,0,384,0,"[0,0,0,0,0,0,0,0,0,0,0,0,-6,-3,-7,-3,-6,-2,-7,-3,-6,-2,-7,-2,-7,-2,-7,-2,-7,-2,-7,-2,-7,-2,-7,-2,-7,-2,-7,-2,-7,-2,-7,-2,-7,-2,-6,-2,-6,-2,-7,-2,-6,-2,-6,-2,-6,-2,-6,-2,-6,-2,-6,-2,0,0,-6,-2,-6,-2,-6,-2,-6,-1,-6,-2,-6,-2,-6,-2,-5,-2,-6,-2,-5,-2,-6,-2,-5,-2,-5,-2,-5,-2,-5,-2,-5,-2,-5,-2,-5,-2,-5,-2,-5,-2,-5,-2,-4,-2,-4,-2,-4,-2,-4,-3,-4,-3,0,0,0,0,0,0,0,0,0,0,0,0,0,0,-28,-20,-31,-17,-32,-14,-31,-12,-33,-11,-30,-8,-29,-10,-34,-8,-32,-6,-35,-8,-35,-3,-35,-6,-37,-5,-34,-6,-37,-8,-35,-3,-37,-6,-33,-6,-33,-5,-35,-6,-39,-5,-32,-8,-32,-1,-34,-6,-31,-7,-33,-6,-32,-7,-35,-7,-30,-7,-33,-3,-31,-5,-33,-5,-30,-6,-34,-4,-31,-2,-30,-7,-30,-5,-29,-4,-28,-6,-28,-5,-30,-5,-31,-8,-25,-7,-27,-8,-25,-6,-27,-8,-27,-7,-23,-7,-25,-8,-27,-5,-27,-7,-23,-7,-24,-6,-21,-6,-22,-8,-23,-11,-23,-13,0,0,0,0,0,0,0,0,0,0,0,0,0,0,0,0,0,0,0,0,0,0,18,-51,22,-52,22,-50,26,-54,28,-51,32,-53,32,-52,34,-54,40,-58,41,-54,46,-54,47,-57,47,-63,51,-52,54,-50,56,-49,58,-58,57,-47,56,-47,58,-47,57,-45,62,-48,59,-40,61,-42,65,-40,59,-43,58,-35,59,-36,57,-33,57,-38,47,-33,52,-37,50,-36,45,-39,50,-37,46,-38,45,-37,46,-41,42,-36,42,-37,42,-40,39,-40,40,-38,38,-40,36,-35,32,-39,32,-37,30,-38,29,-38,32,-34,30,-33,29,-34,32,-34,22,-33,25,-34,22,-34,22,-34,0,0]"
CSI_DATA,75,2a:00:00:00:00:00,-42,11,1,0,1,1,1,0,0,0,1,-96,0,11,2,1281377,0,44,0,384,0,"[0,0,0,0,0,0,0,0,0,0,0,0,-6,-1,-6,0,-6,0,-7,-1,-7,0,-6,0,-7,0,-7,0,-7,0,-7,0,-7,0,-7,0,-7,0,-7,0,-7,0,-7,1,-7,0,-7,0,-7,0,-7,0,-6,0,-6,0,-6,0,-7,0,-7,0,-7,0,0,0,-6,0,-7,0,-6,0,-6,1,-6,0,-6,0,-6,0,-6,0,-6,0,-6,0,-6,0,-5,-1,-5,-1,-5,-1,-5,0,-6,0,-5,0,-5,0,-5,0,-5,0,-5,-1,-5,-1,-5,-1,-5,-1,-5,-1,-5,-1,0,0,0,0,0,0,0,0,0,0,0,0,0,0,-32,-13,-30,-12,-33,-11,-33,-8,-31,-9,-32,-5,-33,-5,-32,-4,-32,-3,-35,-2,-33,-1,-31,0,-35,-1,-32,-1,-33,-1,-36,4,-38,-2,-33,-1,-33,-3,-35,-3,-39,-1,-34,-2,-34,-1,-34,0,-32,-2,-34,-2,-32,-2,-34,-1,-33,-3,-34,1,-31,-2,-34,-4,-33,-5,-33,0,-31,1,-29,-3,-30,-2,-29,-5,-29,-6,-30,-5,-32,-3,-30,-3,-27,-3,-28,-4,-25,-5,-29,-5,-31,-5,-26,-4,-27,-4,-27,-3,-28,-5,-25,-6,-22,-6,-22,-7,-25,-6,-26,-10,-26,-12,0,0,0,0,0,0,0,0,0,0,0,0,0,0,0,0,0,0,0,0,0,0,4,-56,7,-54,7,-55,11,-62,16,-57,18,-61,17,-60,22,-63,24,-68,28,-65,30,-68,30,-65,32,-72,38,-69,40,-65,41,-62,45,-71,47,-61,46,-63,47,-61,50,-58,52,-59,51,-55,50,-58,52,-55,47,-60,50,-51,51,-52,49,-47,50,-49,40,-43,47,-47,46,-45,41,-46,45,-48,39,-45,35,-46,36,-50,34,-45,35,-48,35,-43,34,-46,34,-46,31,-42,29,-41,29,-45,30,-43,27,-40,27,-37,26,-39,23,-39,23,-40,24,-40,22,-35,21,-38,19,-36,18,-34,0,0]"
CSI_DATA,76,2a:00:00:00:00:00,-42,11,1,0,1,1,1,0,0,0,1,-96,0,11,2,1290946,0,44,0,384,0,"[0,0,0,0,0,0,0,0,0,0,0,0,-6,0,-6,1,-6,1,-6,1,-6,1,-6,1,-6,1,-6,1,-6,1,-6,2,-7,1,-7,2,-6,1,-6,2,-6,1,-7,2,-6,2,-6,1,-6,2,-6,2,-6,1,-6,2,-6,1,-6,2,-6,1,-6,2,0,0,-6,2,-6,2,-6,1,-6,2,-5,1,-5,1,-5,1,-5,1,-6,1,-6,1,-6,1,-5,1,-5,1,-5,1,-5,1,-5,1,-5,1,-5,1,-5,1,-5,1,-5,0,-5,1,-5,1,-5,0,-5,0,-5,0,0,0,0,0,0,0,0,0,0,0,0,0,0,0,22,29,14,22,17,22,23,28,22,23,26,16,21,23,27,19,21,15,21,17,28,16,26,18,30,18,25,19,29,16,32,15,32,19,30,17,24,18,31,16,35,13,29,20,25,15,24,22,21,18,30,16,30,18,28,18,32,20,34,16,26,12,29,19,25,21,25,16,24,14,21,17,27,17,24,17,21,21,25,16,27,18,22,17,15,17,23,18,19,18,22,17,22,18,19,17,23,17,20,14,21,17,19,13,16,18,18,16,15,15,16,20,15,18,0,0,0,0,0,0,0,0,0,0,0,0,0,0,0,0,0,0,0,0,0,0,-20,51,-22,49,-28,53,-30,57,-36,52,-38,49,-34,53,-42,52,-44,61,-48,50,-52,56,-55,57,-56,58,-60,49,-65,44,-60,47,-66,54,-67,39,-71,39,-66,36,-65,33,-72,40,-67,37,-72,37,-69,32,-65,36,-62,25,-64,26,-63,22,-61,30,-55,27,-64,28,-60,26,-56,24,-63,24,-51,27,-52,27,-56,30,-48,29,-53,28,-51,25,-53,29,-52,27,-45,26,-45,22,-52,27,-46,23,-45,24,-43,22,-45,21,-38,25,-36,22,-34,22,-37,17,-38,21,-34,21,-35,19,0,0]"
CSI_DATA,77,2a:00:00:00:00:00,-42,11,1,0,1,1,1,0,0,0,1,-96,0,11,2,1300667,0,44,0,384,0,"[0,0,0,0,0,0,0,0,0,0,0,0,4,-3,4,-3,4,-3,4,-3,4,-3,4,-3,4,-4,4,-4,4,-4,4,-4,4,-4,4,-4,4,-4,4,-4,4,-4,4,-4,4,-4,4,-4,4,-4,4,-4,4,-3,4,-4,4,-4,4,-4,4,-4,4,-4,0,0,4,-4,4,-4,4,-4,4,-4,3,-3,4,-4,3,-3,3,-3,4,-4,4,-3,4,-3,3,-3,3,-3,3,-3,4,-3,4,-3,3,-3,3,-3,3,-3,3,-3,3,-3,3,-3,3,-3,3,-3,4,-2,4,-2,0,0,0,0,0,0,0,0,0,0,0,0,0,0,31,2,27,1,33,0,29,-3,31,-5,31,-8,27,-9,30,-6,26,-7,31,-8,28,-11,28,-11,34,-9,28,-14,31,-8,31,-14,32,-14,31,-12,32,-11,33,-12,35,-13,32,-10,31,-15,31,-12,29,-12,33,-8,29,-13,30,-12,30,-12,30,-14,30,-12,32,-10,28,-10,30,-12,27,-13,28,-10,26,-11,27,-10,28,-7,31,-9,26,-9,29,-5,27,-9,27,-8,27,-10,27,-6,30,-7,24,-7,24,-5,25,-6,23,-6,25,-6,23,-8,26,-6,25,-2,26,-2,25,2,0,0,0,0,0,0,0,0,0,0,0,0,0,0,0,0,0,0,0,0,0,0,17,52,13,54,10,52,10,60,7,58,7,66,3,63,2,65,1,75,-3,67,-6,71,-4,75,-4,81,-10,78,-13,78,-18,73,-16,83,-22,71,-21,76,-22,72,-23,72,-29,74,-27,68,-28,70,-34,68,-27,70,-31,62,-32,66,-31,58,-30,65,-23,52,-28,63,-25,55,-23,55,-25,57,-21,56,-18,48,-20,57,-17,54,-18,57,-21,57,-15,53,-19,54,-14,50,-14,51,-13,50,-14,47,-13,47,-10,44,-13,43,-13,42,-12,40,-14,42,-10,32,-9,39,-8,38,-5,34,0,0]"
CSI_DATA,78,2a:00:00:00:00:00,-42,11,1,0,1,1,1,0,0,0,1,-96,0,11,2,1310653,0,44,0,384,0,"[0,0,0,0,0,0,0,0,0,0,0,0,2,-5,2,-5,2,-5,2,-5,2,-5,2,-5,2,-6,2,-6,2,-6,2,-6,2,-6,2,-6,2,-6,1,-6,2,-6,2,-7,2,-6,2,-6,1,-6,2,-6,2,-6,2,-6,2,-6,2,-6,2,-6,2,-6,0,0,2,-6,2,-6,2,-6,2,-6,2,-5,2,-6,2,-6,2,-6,2,-5,2,-5,2,-5,2,-5,1,-5,2,-5,2,-5,2,-5,2,-5,2,-4,2,-4,2,-4,2,-4,2,-4,2,-4,2,-4,2,-4,2,-4,0,0,0,0,0,0,0,0,0,0,0,0,0,0,21,-21,19,-25,16,-28,13,-23,14,-24,12,-24,13,-30,12,-27,11,-30,10,-26,10,-28,10,-26,11,-33,9,-29,10,-30,9,-30,9,-33,8,-32,11,-31,11,-31,8,-37,12,-31,11,-31,11,-31,10,-31,11,-32,12,-32,8,-32,11,-32,10,-33,11,-29,10,-29,12,-32,9,-32,10,-26,8,-31,11,-32,8,-33,11,-30,10,-28,10,-28,12,-23,11,-26,12,-28,12,-26,10,-26,8,-25,8,-26,10,-23,11,-25,8,-22,11,-21,11,-25,12,-24,13,-23,13,-21,17,-20,0,0,0,0,0,0,0,0,0,0,0,0,0,0,0,0,0,0,0,0,0,0,49,14,50,19,53,21,54,24,56,26,55,31,53,31,54,32,60,37,56,39,58,44,57,43,61,47,54,51,48,53,52,56,55,58,47,60,48,59,49,60,45,61,41,64,41,60,40,62,38,64,43,58,29,59,31,61,30,63,35,58,28,50,33,58,31,55,32,49,31,53,32,46,30,44,33,51,34,43,33,47,30,47,35,44,31,43,33,40,29,41,29,37,29,36,26,35,27,35,27,37,27,33,26,32,23,33,23,29,26,32,25,29,25,23,0,0]"
CSI_DATA,79,2a:00:00:00:00:00,-43,11,1,0,1,1,1,0,0,0,1,-96,0,11,2,1320708,0,44,0,384,0,"[0,0,0,0,0,0,0,0,0,0,0,0,-6,-1,-6,0,-6,0,-6,0,-6,0,-6,0,-6,0,-6,0,-6,0,-6,0,-7,0,-7,1,-7,0,-7,0,-6,0,-7,1,-7,1,-7,1,-6,0,-7,0,-6,0,-6,0,-6,0,-7,0,-7,0,-7,1,0,0,-6,1,-7,0,-6,0,-6,1,-6,0,-6,0,-6,0,-6,0,-6,1,-6,0,-6,0,-6,0,-5,0,-5,0,-6,0,-6,0,-5,0,-5,0,-5,0,-5,0,-5,0,-5,0,-5,0,-5,-1,-5,-1,-5,-1,0,0,0,0,0,0,0,0,0,0,0,0,0,0,-28,-9,-29,-8,-27,-4,-29,-3,-31,-1,-28,0,-28,0,-28,4,-30,4,-30,6,-28,5,-31,7,-34,8,-30,6,-31,5,-31,9,-35,4,-32,6,-29,5,-34,7,-36,10,-33,7,-29,8,-34,10,-31,7,-33,6,-33,6,-33,8,-33,3,-34,8,-32,7,-32,7,-30,6,-34,7,-31,9,-33,4,-30,6,-29,6,-28,3,-28,4,-32,8,-30,5,-27,4,-27,4,-27,5,-30,6,-30,4,-27,4,-28,2,-25,5,-27,2,-28,5,-25,4,-26,2,-27,5,-29,1,-27,-2,0,0,0,0,0,0,0,0,0,0,0,0,0,0,0,0,0,0,0,0,0,0,-5,-57,-4,-57,-2,-57,0,-61,4,-61,11,-63,7,-63,12,-64,10,-73,18,-70,18,-69,20,-74,21,-75,28,-72,32,-68,32,-73,30,-78,37,-69,33,-67,35,-70,38,-66,41,-67,41,-64,40,-65,43,-60,37,-67,40,-53,38,-56,40,-55,38,-57,34,-48,37,-52,34,-49,29,-50,34,-52,29,-55,31,-48,29,-53,27,-46,28,-51,26,-49,25,-52,23,-49,23,-50,23,-43,21,-41,20,-43,19,-42,19,-41,22,-44,20,-37,16,-40,18,-39,15,-38,19,-38,13,-34,14,-34,0,0]"
CSI_DATA,80,2a:00:00:00:00:00,-43,11,1,0,1,1,1,0,0,0,1,-96,0,11,2,1331826,0,44,0,384,0,"[0,0,0,0,0,0,0,0,0,0,0,0,-2,-5,-3,-5,-3,-5,-3,-5,-3,-5,-3,-5,-4,-5,-4,-5,-4,-5,-4,-5,-4,-6,-4,-5,-4,-5,-4,-5,-4,-5,-4,-6,-4,-5,-4,-5,-4,-5,-4,-5,-4,-5,-4,-6,-4,-5,-4,-6,-4,-6,-4,-5,0,0,-4,-5,-4,-6,-4,-6,-4,-5,-3,-5,-4,-6,-4,-5,-3,-5,-3,-5,-3,-5,-3,-5,-3,-5,-3,-5,-3,-5,-3,-5,-3,-5,-3,-5,-3,-5,-3,-4,-3,-4,-3,-4,-2,-5,-2,-5,-2,-5,-2,-5,-2,-5,0,0,0,0,0,0,0,0,0,0,0,0,0,0,-2,-29,-3,-26,-6,-27,-8,-23,-10,-23,-11,-23,-12,-24,-13,-28,-14,-22,-17,-24,-20,-25,-17,-27,-16,-26,-17,-28,-18,-23,-19,-24,-21,-31,-19,-29,-18,-28,-17,-24,-23,-27,-20,-28,-19,-28,-18,-29,-16,-28,-16,-30,-18,-27,-19,-28,-16,-31,-21,-27,-17,-29,-20,-28,-15,-29,-18,-27,-16,-24,-15,-31,-17,-28,-18,-28,-13,-29,-16,-25,-18,-27,-14,-27,-11,-28,-14,-27,-13,-28,-17,-25,-15,-24,-11,-26,-14,-24,-13,-23,-15,-23,-12,-23,-11,-23,-10,-27,-9,-26,-11,-26,-9,-26,0,0,0,0,0,0,0,0,0,0,0,0,0,0,0,0,0,0,0,0,0,0,42,-36,44,-36,46,-34,51,-34,51,-33,55,-33,57,-29,60,-31,67,-30,64,-25,68,-25,69,-25,76,-27,75,-18,74,-12,75,-12,82,-16,79,-8,76,-9,75,-5,74,-5,80,1,74,2,74,3,74,6,73,1,69,5,68,7,67,9,71,6,56,4,64,5,64,5,57,4,60,7,54,1,54,1,56,2,54,1,55,-1,54,3,51,-2,53,1,53,1,51,-3,47,-4,48,-1,47,0,43,0,45,0,43,1,41,0,41,0,36,0,38,2,36,-2,37,-1,0,0]"
CSI_DATA,81,2a:00:00:00:00:00,-43,11,1,0,1,1,1,0,0,0,1,-96,0,11,2,1341195,0,44,0,384,0,"[0,0,0,0,0,0,0,0,0,0,0,0,4,1,4,1,4,0,5,0,4,0,5,0,5,0,5,0,5,0,5,0,5,0,5,0,6,0,5,0,5,0,6,-1,6,-1,5,-1,6,0,5,0,5,0,6,0,5,0,6,0,6,0,6,0,0,0,6,-1,6,0,6,0,6,-1,5,0,5,0,5,0,5,0,5,-1,5,0,6,0,5,0,5,0,5,0,5,0,5,0,5,0,5,0,5,0,4,0,5,0,4,0,4,0,4,0,5,1,4,1,0,0,0,0,0,0,0,0,0,0,0,0,0,0,24,15,23,14,24,11,23,9,21,8,24,7,25,6,26,5,26,6,25,4,27,2,28,0,32,3,31,1,32,1,30,0,33,1,31,3,29,5,34,3,36,1,33,3,32,0,32,5,31,3,31,2,31,4,33,4,32,5,34,3,34,1,34,3,30,4,33,1,32,0,32,5,30,0,29,4,29,4,33,5,32,2,33,4,31,5,29,4,27,3,30,5,30,6,27,2,28,4,27,5,26,6,27,4,26,4,23,5,26,5,26,9,26,9,0,0,0,0,0,0,0,0,0,0,0,0,0,0,0,0,0,0,0,0,0,0,6,56,2,57,3,59,-4,61,-4,60,-8,64,-9,60,-12,66,-14,70,-16,68,-19,73,-20,71,-20,80,-27,72,-33,69,-36,70,-36,76,-39,65,-37,65,-42,65,-43,64,-45,66,-44,60,-46,61,-50,56,-42,61,-46,49,-47,48,-45,49,-47,52,-38,41,-43,47,-43,43,-35,44,-39,46,-37,45,-34,45,-35,45,-32,43,-33,44,-33,41,-33,43,-34,42,-32,41,-29,39,-33,41,-32,37,-29,38,-27,34,-29,33,-27,35,-24,34,-27,31,-26,26,-28,27,-25,29,-23,27,0,0]"
CSI_DATA,82,2a:00:00:00:00:00,-43,11,1,0,1,1,1,0,0,0,1,-96,0,11,2,1360652,0,44,0,384,0,"[0,0,0,0,0,0,0,0,0,0,0,0,4,2,4,1,4,1,5,1,5,1,5,1,5,0,5,0,5,0,5,1,6,0,6,0,6,1,6,1,6,1,6,0,6,0,6,0,6,0,6,1,6,1,6,1,6,0,6,1,6,1,6,1,0,0,6,0,6,1,6,1,6,0,5,1,6,1,6,1,6,1,6,0,6,0,6,1,5,1,5,1,5,1,5,1,6,1,5,1,5,1,5,0,5,1,5,1,5,1,5,1,5,1,5,2,5,2,0,0,0,0,0,0,0,0,0,0,0,0,0,0,13,23,14,18,18,19,15,20,17,20,21,16,22,15,19,14,21,14,25,13,25,15,25,13,26,14,25,14,28,16,31,13,30,19,31,14,29,15,29,18,32,16,32,19,30,13,31,18,27,19,30,18,29,19,30,15,29,21,35,13,31,15,29,18,28,19,29,18,31,14,27,18,29,18,27,17,24,21,30,20,28,16,29,17,27,20,28,17,23,17,27,20,26,21,25,17,26,20,25,21,23,19,26,18,20,18,20,19,23,19,22,24,17,23,0,0,0,0,0,0,0,0,0,0,0,0,0,0,0,0,0,0,0,0,0,0,5,57,0,56,-1,58,-7,61,-8,61,-12,63,-14,60,-18,64,-19,69,-24,68,-27,70,-28,67,-30,79,-36,70,-42,62,-45,64,-42,69,-47,60,-45,59,-53,57,-53,53,-57,57,-54,50,-55,53,-57,47,-51,52,-56,45,-55,41,-55,38,-53,38,-44,36,-52,35,-51,33,-49,33,-53,31,-45,31,-45,34,-44,33,-41,33,-46,34,-43,29,-45,32,-42,30,-43,29,-36,28,-40,23,-41,25,-40,24,-39,25,-40,22,-35,22,-34,24,-37,22,-31,16,-31,17,-34,16,-30,16,0,0]"
CSI_DATA,83,2a:00:00:00:00:00,-42,11,1,0,1,1,1,0,0,0,1,-96,0,11,2,1370681,0,44,0,384,0,"[0,0,0,0,0,0,0,0,0,0,0,0,4,-3,3,-4,3,-4,3,-4,3,-4,3,-4,3,-5,3,-5,3,-5,3,-5,4,-6,4,-6,3,-6,3,-6,3,-5,4,-7,3,-6,4,-6,3,-6,3,-6,3,-6,3,-6,4,-6,3,-7,3,-6,4,-6,0,0,3,-6,3,-7,3,-7,3,-7,3,-6,3,-6,3,-6,3,-6,3,-6,4,-6,4,-6,3,-6,3,-6,3,-6,3,-5,3,-6,3,-6,3,-5,3,-5,3,-5,3,-5,3,-5,3,-5,3,-5,4,-4,4,-4,0,0,0,0,0,0,0,0,0,0,0,0,0,0,25,-14,23,-14,20,-16,17,-19,19,-18,17,-19,15,-19,17,-25,16,-22,13,-25,13,-25,13,-28,15,-28,12,-25,18,-28,13,-32,16,-35,16,-33,15,-30,16,-29,17,-36,16,-32,15,-35,14,-31,15,-33,15,-32,16,-30,14,-38,15,-34,16,-35,17,-34,14,-33,15,-33,13,-35,11,-32,15,-36,12,-37,10,-37,12,-35,14,-30,16,-33,18,-33,12,-31,13,-33,14,-33,12,-28,15,-30,13,-32,14,-27,13,-28,11,-28,11,-28,14,-31,17,-27,17,-29,16,-27,22,-26,0,0,0,0,0,0,0,0,0,0,0,0,0,0,0,0,0,0,0,0,0,0,52,17,55,17,51,21,58,25,52,28,56,32,54,32,56,33,60,37,57,41,53,45,54,46,63,50,56,54,48,56,47,51,54,60,43,59,46,59,40,61,37,62,39,66,36,62,36,64,33,69,34,62,25,61,25,59,21,59,29,61,22,47,25,56,28,53,24,47,22,56,24,51,22,46,25,50,20,47,23,50,21,48,24,43,22,49,24,42,23,44,19,45,19,43,18,39,18,39,16,39,15,38,16,40,14,38,13,34,14,36,15,34,16,28,0,0]"
CSI_DATA,84,2a:00:00:00:00:00,-42,11,1,0,1,1,1,0,0,0,1,-96,0,11,2,1380656,0,44,0,384,0,"[0,0,0,0,0,0,0,0,0,0,0,0,1,-5,1,-5,0,-5,0,-5,0,-6,0,-5,0,-6,0,-6,-1,-6,-1,-6,-1,-7,-1,-7,-1,-7,-1,-7,-1,-7,-1,-7,-1,-7,-1,-7,-1,-7,-1,-7,-1,-7,-1,-7,-1,-7,-2,-8,-1,-8,-1,-8,0,0,-1,-7,-1,-8,-1,-8,-1,-7,-1,-7,-1,-8,-1,-8,-1,-7,-1,-7,-1,-7,-1,-7,-1,-7,-1,-7,-1,-7,-1,-7,-1,-6,-1,-7,-1,-6,0,-6,-1,-6,0,-6,0,-6,0,-6,0,-7,0,-6,0,-6,0,0,0,0,0,0,0,0,0,0,0,0,0,0,22,-22,20,-22,15,-24,19,-21,17,-26,13,-20,12,-23,11,-26,6,-27,8,-25,8,-30,6,-30,7,-35,7,-33,5,-33,1,-36,8,-39,6,-37,8,-37,6,-36,8,-44,7,-38,2,-39,7,-38,6,-37,8,-40,7,-40,4,-45,6,-43,4,-40,5,-39,8,-40,8,-41,5,-42,4,-38,9,-38,8,-38,6,-44,9,-39,6,-38,6,-39,9,-34,6,-38,6,-42,10,-39,8,-36,7,-32,9,-37,10,-33,8,-32,6,-33,6,-31,11,-36,11,-34,13,-33,13,-34,15,-32,0,0,0,0,0,0,0,0,0,0,0,0,0,0,0,0,0,0,0,0,0,0,52,-20,53,-17,56,-16,57,-12,58,-7,62,-5,61,-3,61,-3,72,0,70,2,70,6,70,7,77,8,75,12,71,17,69,23,77,21,71,26,66,26,66,30,61,31,65,38,65,35,62,36,58,41,59,35,51,38,52,39,50,38,51,39,42,34,47,37,42,36,44,33,44,38,42,34,43,33,43,33,41,31,45,36,40,35,43,33,39,31,43,34,35,32,36,31,35,33,34,34,33,31,34,33,30,28,30,30,28,32,28,27,28,31,26,26,28,28,0,0]"
CSI_DATA,85,2a:00:00:00:00:00,-42,11,1,0,1,1,1,0,0,0,1,-96,0,11,2,1390960,0,44,0,384,0,"[0,0,0,0,0,0,0,0,0,0,0,0,4,-2,4,-3,4,-3,4,-3,4,-3,4,-4,4,-4,4,-4,4,-4,4,-5,5,-5,5,-5,4,-5,4,-5,4,-5,5,-6,5,-6,4,-5,4,-6,4,-6,5,-5,5,-6,5,-5,5,-6,5,-6,5,-6,0,0,5,-6,5,-6,5,-6,5,-6,5,-6,5,-6,5,-6,5,-6,5,-6,5,-5,6,-5,5,-5,5,-5,4,-5,5,-5,5,-5,5,-5,5,-5,5,-4,4,-4,5,-4,5,-4,5,-4,5,-4,5,-3,5,-3,0,0,0,0,0,0,0,0,0,0,0,0,0,0,29,-5,27,-4,28,-11,26,-12,27,-14,25,-16,22,-15,23,-22,22,-23,22,-20,24,-22,25,-21,23,-25,26,-24,27,-23,23,-28,27,-28,24,-28,22,-28,28,-30,27,-32,27,-31,23,-31,27,-32,27,-29,29,-32,26,-31,24,-36,31,-32,29,-37,28,-33,30,-34,28,-34,26,-35,25,-33,26,-34,26,-38,28,-36,30,-32,28,-31,29,-30,33,-30,28,-32,30,-32,28,-31,27,-28,29,-27,28,-29,25,-26,27,-26,29,-27,27,-24,27,-28,30,-26,29,-24,30,-19,31,-17,0,0,0,0,0,0,0,0,0,0,0,0,0,0,0,0,0,0,0,0,0,0,53,-1,52,1,53,4,60,6,57,7,58,11,58,16,60,19,63,25,62,26,63,31,63,30,65,34,63,38,54,44,55,45,59,46,50,48,50,47,49,51,45,53,44,57,38,56,40,56,36,57,35,60,28,54,27,56,29,52,28,57,26,47,26,54,25,52,27,50,20,52,22,49,21,47,20,50,21,47,22,48,18,48,20,47,19,48,20,48,14,48,16,47,14,47,14,45,13,46,13,45,12,43,11,44,7,43,9,40,8,44,8,39,11,34,0,0]"
CSI_DATA,86,2a:00:00:00:00:00,-40,11,1,0,1,1,1,0,0,0,1,-96,0,11,2,1422607,0,44,0,384,0,"[0,0,0,0,0,0,0,0,0,0,0,0,-5,-5,-5,-5,-5,-4,-6,-4,-6,-4,-6,-3,-7,-3,-7,-2,-8,-2,-7,-2,-8,-2,-9,-2,-9,-2,-9,-2,-9,-3,-10,-2,-10,-1,-9,-2,-10,-2,-10,-2,-10,-2,-10,-2,-10,-2,-11,-1,-11,-2,-12,-1,0,0,-12,-1,-12,-1,-12,-1,-12,-1,-11,-1,-11,-1,-12,-1,-11,-2,-12,-2,-11,-2,-12,-2,-11,-2,-11,-2,-11,-2,-10,-3,-11,-3,-10,-2,-10,-2,-10,-3,-10,-2,-10,-3,-9,-3,-9,-3,-9,-3,-9,-4,-8,-4,0,0,0,0,0,0,0,0,0,0,0,0,0,0,-12,44,-16,37,-10,43,-1,33,-3,35,-3,30,5,32,5,32,1,39,14,34,10,32,14,37,16,38,16,42,20,36,25,37,24,41,21,40,24,37,27,42,29,40,25,40,27,40,24,44,30,47,24,47,35,49,36,47,34,47,40,51,34,43,35,47,32,46,36,42,35,43,30,44,28,51,30,49,26,54,29,47,36,46,32,44,31,45,37,45,25,45,27,48,23,47,27,46,25,44,23,45,21,42,21,45,16,44,23,47,14,40,13,44,9,47,0,0,0,0,0,0,0,0,0,0,0,0,0,0,0,0,0,0,0,0,0,0,19,42,14,39,15,45,8,52,7,46,5,52,1,51,-2,52,-6,56,-8,57,-12,52,-14,54,-16,58,-22,54,-28,49,-23,56,-34,48,-37,45,-35,44,-38,36,-41,35,-39,37,-43,30,-41,39,-45,28,-40,33,-39,26,-42,25,-46,19,-49,24,-45,15,-48,13,-45,16,-48,15,-55,15,-43,7,-44,13,-47,10,-41,13,-51,14,-48,10,-51,11,-53,7,-49,4,-48,7,-59,0,-52,0,-53,-3,-51,1,-54,-6,-55,-5,-50,-7,-51,-7,-50,-7,-57,-14,-52,-7,-48,-8,0,0]"
CSI_DATA,87,2a:00:00:00:00:00,-40,11,1,0,1,1,1,0,0,0,1,-96,0,11,2,1430654,0,44,0,384,0,"[0,0,0,0,0,0,0,0,0,0,0,0,2,5,3,5,3,4,4,4,4,3,4,3,5,3,5,3,6,3,6,3,7,3,7,2,7,3,7,3,8,3,9,3,9,2,9,3,9,2,9,2,9,3,9,3,9,3,10,2,10,3,10,2,0,0,11,2,11,3,11,3,11,2,10,3,11,2,11,2,10,2,11,2,11,3,11,3,10,3,10,3,10,4,10,3,10,4,10,3,9,3,9,4,9,3,9,4,8,3,8,4,8,4,8,5,7,5,0,0,0,0,0,0,0,0,0,0,0,0,0,0,15,-44,23,-35,13,-32,18,-32,12,-33,6,-37,7,-39,3,-40,1,-37,-4,-34,-5,-34,-5,-36,-7,-41,-5,-41,-14,-41,-14,-44,-13,-58,-19,-49,-17,-42,-11,-50,-23,-55,-14,-55,-24,-56,-19,-48,-17,-60,-19,-62,-26,-51,-23,-56,-24,-58,-33,-53,-19,-56,-35,-56,-18,-60,-28,-63,-25,-51,-22,-58,-23,-61,-26,-57,-18,-64,-24,-56,-24,-60,-20,-57,-17,-60,-17,-63,-16,-58,-22,-61,-15,-55,-15,-57,-15,-56,-13,-54,-13,-53,-9,-48,-13,-51,-7,-54,-6,-49,-8,-51,0,-56,0,0,0,0,0,0,0,0,0,0,0,0,0,0,0,0,0,0,0,0,0,0,-18,-46,-14,-45,-11,-51,-10,-51,-8,-47,-8,-57,-1,-48,0,-54,7,-51,12,-54,14,-55,11,-51,17,-62,25,-48,29,-46,32,-46,31,-48,29,-45,35,-39,42,-28,43,-27,43,-34,41,-23,41,-23,45,-21,41,-26,41,-18,36,-16,45,-9,50,-14,40,-7,44,-9,39,-8,41,-9,46,-5,42,-4,41,-5,47,-4,42,-1,49,5,50,1,57,0,48,5,45,4,53,11,48,7,53,12,52,16,56,17,49,18,50,11,56,16,50,24,39,17,56,27,57,27,51,22,0,0]"
CSI_DATA,88,2a:00:00:00:00:00,-41,11,1,0,1,1,1,0,0,0,1,-96,0,11,2,1451699,0,44,0,384,0,"[0,0,0,0,0,0,0,0,0,0,0,0,-4,4,-3,4,-2,5,-2,4,-1,5,-1,5,0,5,1,5,1,6,2,6,2,7,3,7,3,8,3,8,3,8,5,9,4,8,5,9,5,9,5,9,5,10,6,10,5,10,6,11,6,11,6,11,0,0,7,11,7,12,7,12,8,11,7,11,7,12,7,12,7,12,7,11,7,12,7,13,6,12,6,12,5,12,5,12,6,12,5,12,5,11,5,11,5,11,4,11,4,11,3,11,2,11,2,11,1,11,0,0,0,0,0,0,0,0,0,0,0,0,0,0,-28,28,-26,28,-24,33,-18,27,-14,24,-13,23,-9,24,-4,30,3,22,-1,22,7,27,11,27,11,31,10,32,14,35,20,35,21,43,24,42,26,44,28,43,33,48,30,45,38,45,36,46,35,51,37,51,36,49,43,51,39,54,48,54,40,50,48,53,45,53,51,54,49,49,48,56,51,50,52,51,49,59,50,54,48,56,45,61,42,65,45,63,41,62,43,62,40,61,43,57,36,58,38,54,37,57,37,52,32,53,30,57,27,58,24,61,19,61,0,0,0,0,0,0,0,0,0,0,0,0,0,0,0,0,0,0,0,0,0,0,20,39,12,39,14,40,12,43,7,40,7,49,9,43,2,45,4,47,-4,44,-9,46,-10,45,-14,45,-17,39,-16,38,-18,37,-21,40,-21,33,-23,31,-24,29,-25,25,-24,22,-23,20,-28,18,-26,14,-26,13,-24,6,-26,9,-24,7,-30,5,-24,2,-27,2,-29,0,-27,1,-27,-4,-30,-4,-27,-7,-27,-7,-29,-7,-32,-8,-37,-10,-36,-9,-37,-12,-38,-16,-36,-17,-39,-19,-38,-20,-38,-25,-39,-25,-39,-21,-36,-27,-38,-27,-41,-32,-34,-27,-41,-37,-38,-34,-34,-30,0,0]"
CSI_DATA,89,2a:00:00:00:00:00,-40,11,1,0,1,1,1,0,0,0,1,-96,0,11,2,1470650,0,44,0,384,0,"[0,0,0,0,0,0,0,0,0,0,0,0,-4,-3,-4,-2,-4,-1,-4,0,-4,0,-4,1,-4,2,-4,3,-5,3,-4,4,-5,5,-5,6,-5,6,-5,7,-6,7,-6,8,-6,8,-6,8,-6,9,-6,9,-6,10,-6,10,-6,10,-6,11,-7,12,-6,12,0,0,-6,13,-7,13,-7,13,-6,13,-7,12,-7,13,-7,14,-7,13,-7,13,-7,13,-8,13,-8,12,-7,13,-7,13,-8,12,-8,12,-8,12,-7,11,-7,11,-7,10,-8,10,-8,10,-7,10,-8,10,-8,9,-8,8,0,0,0,0,0,0,0,0,0,0,0,0,0,0,-17,-33,-17,-25,-18,-23,-14,-19,-17,-14,-14,-17,-16,-12,-19,-8,-18,-3,-20,3,-22,7,-22,12,-28,13,-26,17,-27,22,-31,24,-33,31,-34,29,-38,28,-39,32,-42,42,-40,36,-39,41,-42,39,-43,41,-49,48,-46,47,-43,51,-49,50,-46,59,-47,54,-51,58,-49,54,-50,62,-43,56,-52,58,-52,61,-53,65,-54,59,-49,59,-53,61,-55,59,-55,57,-58,60,-58,56,-55,56,-52,50,-52,57,-54,47,-50,49,-51,43,-52,46,-54,46,-52,43,-51,41,-54,38,-58,38,0,0,0,0,0,0,0,0,0,0,0,0,0,0,0,0,0,0,0,0,0,0,-35,17,-38,13,-40,12,-41,10,-40,8,-43,6,-41,6,-42,0,-41,1,-42,0,-40,-1,-39,-5,-40,-3,-37,-5,-31,-13,-30,-9,-30,-7,-26,-13,-25,-9,-19,-12,-19,-8,-16,-13,-12,-13,-11,-7,-11,-13,-9,-8,-8,-11,-6,-10,-6,-9,-1,-7,0,-11,4,-9,3,-11,7,-9,8,-10,10,-12,9,-9,11,-11,9,-10,17,-12,15,-17,17,-16,20,-18,22,-17,20,-19,27,-18,26,-20,25,-23,25,-21,30,-22,27,-22,32,-24,35,-23,33,-19,33,-24,33,-21,31,-21,0,0]"
CSI_DATA,90,2a:00:00:00:00:00,-38,11,1,0,1,1,1,0,0,0,1,-96,0,11,2,1490699,0,44,0,384,0,"[0,0,0,0,0,0,0,0,0,0,0,0,2,3,2,2,3,1,3,0,3,0,3,-1,4,-2,4,-2,5,-3,5,-3,6,-4,6,-5,7,-4,7,-5,7,-5,8,-7,8,-7,8,-7,8,-7,8,-8,9,-8,9,-9,9,-8,10,-9,11,-9,11,-10,0,0,10,-10,11,-11,11,-11,10,-11,11,-10,11,-11,10,-11,11,-11,11,-11,11,-10,12,-10,11,-9,11,-9,11,-10,11,-9,11,-9,11,-9,10,-9,10,-8,9,-9,10,-8,10,-8,10,-7,10,-7,10,-6,10,-6,0,0,0,0,0,0,0,0,0,0,0,0,0,0,11,28,12,25,13,24,10,19,12,11,12,12,14,4,15,4,17,-1,23,-2,22,-9,23,-12,25,-13,29,-21,31,-18,33,-29,38,-27,37,-30,39,-29,41,-36,49,-42,49,-37,44,-46,44,-44,50,-44,48,-49,52,-51,53,-53,55,-55,52,-59,53,-53,51,-56,57,-55,57,-60,52,-65,58,-57,59,-68,57,-69,62,-63,59,-60,58,-60,61,-58,61,-60,59,-58,55,-53,64,-57,60,-52,55,-58,55,-46,55,-49,54,-46,52,-48,45,-47,54,-43,56,-46,54,-38,51,-34,0,0,0,0,0,0,0,0,0,0,0,0,0,0,0,0,0,0,0,0,0,0,38,-19,39,-14,41,-13,45,-10,44,-8,42,-6,43,-8,39,-4,46,-4,42,-4,42,2,41,0,38,0,34,3,28,4,32,4,29,4,26,3,27,5,21,5,21,5,18,2,13,4,16,0,13,2,11,0,5,-1,4,2,4,-2,0,-1,0,-3,-1,0,-4,-4,-6,-4,-9,-5,-9,-4,-12,1,-13,3,-10,0,-16,-2,-17,1,-22,7,-23,3,-26,7,-23,6,-29,6,-27,11,-30,11,-27,8,-37,11,-32,11,-31,15,-34,10,-36,16,-39,11,-36,14,-33,15,0,0]"
CSI_DATA,91,2a:00:00:00:00:00,-38,11,1,0,1,1,1,0,0,0,1,-96,0,11,2,1501016,0,44,0,384,0,"[0,0,0,0,0,0,0,0,0,0,0,0,0,4,0,3,1,4,2,3,2,3,3,3,4,2,4,2,5,2,6,2,7,2,8,2,8,2,9,2,9,2,10,2,10,2,10,2,11,2,11,2,12,2,12,2,12,2,13,1,14,2,14,1,0,0,14,2,15,2,15,2,15,1,14,2,15,2,15,2,14,2,15,2,15,2,15,3,14,3,14,3,14,3,13,4,14,4,13,3,12,3,12,3,12,3,11,4,11,3,12,3,11,3,11,5,10,5,0,0,0,0,0,0,0,0,0,0,0,0,0,0,31,-12,27,-14,22,-20,22,-15,16,-21,11,-16,12,-25,12,-25,6,-27,5,-29,-1,-28,-3,-32,-15,-37,-13,-33,-14,-38,-19,-42,-21,-51,-19,-44,-21,-54,-23,-56,-26,-59,-26,-52,-35,-57,-28,-61,-31,-56,-33,-63,-32,-60,-45,-63,-36,-64,-49,-68,-38,-67,-44,-73,-38,-70,-41,-73,-45,-64,-36,-76,-47,-76,-46,-71,-39,-75,-40,-79,-41,-74,-36,-76,-41,-73,-41,-76,-34,-73,-30,-75,-32,-72,-33,-68,-32,-68,-28,-69,-29,-69,-27,-54,-27,-64,-21,-60,-22,-61,-18,-57,-16,-64,0,0,0,0,0,0,0,0,0,0,0,0,0,0,0,0,0,0,0,0,0,0,-29,-31,-28,-42,-23,-39,-20,-44,-19,-41,-20,-46,-14,-41,-11,-39,-12,-45,-7,-40,-8,-42,-7,-38,-11,-35,-5,-38,0,-29,2,-30,-2,-31,-4,-26,-3,-21,1,-20,-1,-15,1,-16,1,-16,3,-13,0,-8,-8,-10,-5,-6,-3,-1,5,5,-2,1,-1,2,-3,8,1,8,-3,11,-2,13,-5,20,-4,16,3,15,4,18,2,17,1,21,9,22,6,23,4,19,9,31,16,32,8,25,10,32,18,30,17,29,11,34,18,40,12,38,16,36,22,40,23,37,15,34,0,0]"
CSI_DATA,92,2a:00:00:00:00:00,-38,11,1,0,1,1,1,0,0,0,1,-96,0,11,2,1511328,0,44,0,384,0,"[0,0,0,0,0,0,0,0,0,0,0,0,-3,5,-3,4,-2,5,-1,5,0,5,0,5,1,5,1,5,2,5,3,5,3,6,4,6,5,6,5,6,6,7,7,7,7,7,7,7,8,7,8,8,8,8,9,8,8,8,10,9,10,9,10,10,0,0,11,9,11,10,12,10,11,9,11,10,11,10,11,10,10,10,11,10,10,10,10,12,9,11,9,10,9,10,9,10,9,11,8,10,8,10,8,10,8,9,7,10,7,9,6,10,6,10,5,10,5,10,0,0,0,0,0,0,0,0,0,0,0,0,0,0,46,0,41,-9,34,-9,30,-14,36,-9,26,-13,20,-15,16,-26,20,-24,11,-31,15,-33,2,-37,11,-39,4,-41,8,-48,-5,-43,-1,-52,-4,-51,2,-54,-6,-56,-4,-63,-7,-58,-13,-61,-9,-66,-10,-67,-12,-74,-10,-72,-17,-74,-11,-81,-13,-82,-12,-70,-15,-80,-12,-78,-17,-86,-18,-83,-5,-83,-12,-88,-10,-80,-7,-85,-9,-80,-11,-81,-10,-81,-2,-85,-9,-83,1,-81,-10,-84,-11,-73,-8,-81,-2,-76,-3,-70,-2,-73,-3,-70,0,-67,3,-72,6,-61,3,-69,12,-63,0,0,0,0,0,0,0,0,0,0,0,0,0,0,0,0,0,0,0,0,0,0,-30,-39,-27,-39,-24,-45,-20,-43,-21,-43,-19,-50,-16,-40,-11,-40,-11,-45,-6,-42,-9,-38,-9,-38,-2,-44,3,-35,1,-32,-1,-30,0,-32,-1,-24,-2,-19,6,-18,4,-19,4,-17,0,-9,-3,-10,1,-7,-6,-1,-8,0,-2,-1,-6,0,-6,7,0,8,-6,8,2,12,-2,9,-9,13,-7,14,-5,16,-7,22,-4,19,-4,23,-4,26,-1,29,2,32,6,31,1,35,1,35,2,37,5,44,10,35,10,43,7,39,7,43,7,48,6,42,9,48,7,43,11,38,0,0]"
CSI_DATA,93,2a:00:00:00:00:00,-40,11,1,0,1,1,1,0,0,0,1,-96,0,11,2,1531730,0,44,0,384,0,"[0,0,0,0,0,0,0,0,0,0,0,0,6,2,6,1,6,1,6,1,5,0,5,-1,5,-2,5,-2,5,-3,5,-4,5,-5,5,-6,5,-6,5,-6,5,-6,5,-8,5,-8,5,-8,5,-9,6,-9,6,-9,6,-10,6,-10,6,-11,7,-12,7,-12,0,0,7,-12,8,-13,8,-13,7,-13,8,-12,8,-13,8,-13,8,-12,8,-13,8,-12,9,-13,9,-12,8,-11,9,-11,9,-11,9,-11,9,-11,8,-10,8,-10,8,-9,8,-9,9,-9,9,-9,9,-8,9,-7,9,-7,0,0,0,0,0,0,0,0,0,0,0,0,0,0,32,32,28,29,34,30,32,24,32,21,31,20,25,14,27,14,26,7,28,6,30,-2,28,-4,30,-5,26,-10,32,-15,31,-18,36,-18,33,-23,40,-23,37,-27,45,-35,38,-31,40,-42,41,-37,44,-38,48,-43,43,-38,45,-47,52,-45,52,-53,46,-48,58,-53,53,-44,60,-55,46,-51,63,-48,54,-52,55,-52,61,-54,58,-50,51,-53,61,-46,62,-45,63,-51,65,-46,60,-42,66,-40,59,-39,59,-40,54,-37,59,-39,56,-33,57,-31,53,-28,59,-28,60,-27,60,-20,0,0,0,0,0,0,0,0,0,0,0,0,0,0,0,0,0,0,0,0,0,0,-6,-52,-1,-56,1,-48,3,-60,5,-49,10,-53,9,-49,13,-52,15,-52,18,-45,17,-42,18,-42,18,-47,21,-43,24,-39,21,-35,22,-36,18,-27,17,-25,19,-22,16,-23,14,-18,11,-18,9,-17,10,-11,4,-13,5,-13,3,-9,0,-5,-2,-6,-3,-2,-1,1,-8,-1,-8,0,-9,1,-15,3,-12,5,-16,9,-14,8,-17,13,-17,17,-20,16,-19,23,-20,22,-23,24,-25,24,-23,25,-25,27,-26,28,-29,30,-29,31,-29,36,-34,38,-28,32,-34,36,-36,40,-31,40,0,0]"
CSI_DATA,94,2a:00:00:00:00:00,-40,11,1,0,1,1,1,0,0,0,1,-96,0,11,2,1540651,0,44,0,384,0,"[0,0,0,0,0,0,0,0,0,0,0,0,-8,-1,-8,-1,-7,0,-7,0,-6,1,-6,1,-6,2,-5,2,-5,3,-5,4,-5,5,-5,5,-5,6,-5,6,-5,6,-4,8,-4,8,-4,8,-4,9,-4,10,-5,9,-4,10,-5,10,-4,11,-5,12,-5,12,0,0,-4,12,-5,13,-5,14,-5,13,-5,13,-5,13,-5,13,-6,13,-6,13,-6,13,-7,14,-7,12,-6,11,-7,12,-7,11,-7,11,-7,11,-6,11,-7,10,-6,10,-7,10,-7,9,-8,9,-8,9,-8,8,-8,7,0,0,0,0,0,0,0,0,0,0,0,0,0,0,-47,-3,-46,0,-45,4,-45,0,-44,6,-35,5,-32,6,-31,7,-26,8,-28,12,-26,17,-22,18,-22,22,-18,23,-17,27,-15,34,-18,35,-14,41,-12,38,-13,45,-11,51,-12,46,-7,50,-8,53,-8,54,-13,60,-7,64,-6,69,-13,61,-6,72,-7,64,-12,71,-14,68,-10,77,-2,71,-14,74,-8,74,-9,76,-16,78,-15,72,-12,75,-15,77,-16,75,-19,75,-21,72,-23,73,-22,72,-19,68,-21,62,-18,61,-20,64,-19,64,-22,57,-24,56,-24,58,-31,58,-34,52,0,0,0,0,0,0,0,0,0,0,0,0,0,0,0,0,0,0,0,0,0,0,37,44,34,46,30,45,31,51,26,50,23,53,22,52,18,51,20,58,15,54,11,54,13,53,13,56,4,51,-2,47,-1,47,0,48,-3,43,-4,37,0,33,-3,31,-6,32,-5,27,-6,24,-7,22,-3,20,-4,14,-7,15,-4,11,-6,7,-6,5,-4,0,-3,-1,-3,-5,-2,-5,0,-8,-3,-10,0,-15,-4,-19,-3,-18,-2,-22,-3,-20,-3,-29,-6,-26,-4,-31,-8,-38,-6,-34,-3,-35,-5,-39,-5,-46,-3,-44,-5,-45,-3,-48,-5,-45,-5,-48,-5,-48,-4,-50,0,0]"
CSI_DATA,95,2a:00:00:00:00:00,-39,11,1,0,1,1,1,0,0,0,1,-96,0,11,2,1550642,0,44,0,384,0,"[0,0,0,0,0,0,0,0,0,0,0,0,-6,6,-5,6,-4,6,-4,6,-3,6,-3,5,-2,5,-1,6,-1,6,0,6,0,6,1,6,2,7,2,7,2,7,4,8,4,7,4,8,4,8,5,8,5,8,5,9,5,9,6,9,6,10,6,10,0,0,7,10,7,11,7,11,8,11,6,11,7,11,7,11,6,11,7,11,6,12,6,12,5,12,5,11,4,11,4,11,4,12,4,11,4,11,3,10,3,10,3,11,3,10,2,10,2,10,1,10,0,10,0,0,0,0,0,0,0,0,0,0,0,0,0,0,48,-9,51,-11,44,-14,43,-8,46,-9,39,-15,38,-12,37,-10,33,-16,33,-14,34,-11,33,-23,30,-24,20,-32,18,-31,19,-37,20,-39,17,-42,18,-42,18,-45,24,-53,12,-39,11,-49,16,-54,13,-54,17,-62,15,-49,16,-66,16,-58,16,-66,8,-60,26,-72,23,-64,19,-73,13,-71,25,-62,21,-67,23,-76,26,-65,21,-70,18,-65,28,-65,33,-65,30,-68,38,-63,33,-61,31,-58,33,-56,31,-49,26,-54,30,-55,31,-51,33,-48,37,-38,36,-46,37,-47,38,-47,0,0,0,0,0,0,0,0,0,0,0,0,0,0,0,0,0,0,0,0,0,0,-53,-31,-50,-34,-47,-36,-47,-45,-40,-42,-42,-48,-35,-50,-33,-50,-36,-59,-27,-50,-23,-52,-26,-53,-24,-59,-14,-58,-8,-53,-13,-45,-12,-53,-2,-45,-2,-39,-1,-33,-2,-34,7,-39,5,-27,8,-29,7,-20,9,-22,13,-12,8,-18,12,-12,17,-11,3,-2,17,-1,14,-2,15,0,20,7,14,6,8,9,12,16,16,15,16,18,18,22,16,26,21,37,15,30,16,32,22,42,17,37,20,35,22,41,16,37,10,42,15,46,11,54,12,41,21,48,12,43,13,47,0,0]"
CSI_DATA,96,2a:00:00:00:00:00,-40,11,1,0,1,1,1,0,0,0,1,-96,0,11,2,1560671,0,44,0,384,0,"[0,0,0,0,0,0,0,0,0,0,0,0,7,5,7,5,6,4,7,4,5,3,6,2,6,2,5,1,6,1,5,-1,6,-1,7,-2,6,-2,6,-3,7,-3,7,-4,8,-5,7,-4,8,-5,8,-5,8,-5,9,-6,9,-5,9,-7,10,-6,10,-7,0,0,10,-7,11,-7,11,-7,10,-7,11,-7,11,-7,11,-7,11,-6,11,-6,11,-5,12,-5,12,-5,11,-5,12,-5,11,-4,12,-4,11,-4,10,-4,10,-3,10,-3,10,-3,10,-3,10,-3,10,-3,9,-2,9,-1,0,0,0,0,0,0,0,0,0,0,0,0,0,0,10,-56,13,-60,1,-58,11,-50,3,-53,7,-43,-2,-43,0,-42,-7,-41,-7,-33,-7,-36,-11,-33,-20,-34,-20,-33,-19,-34,-28,-31,-26,-35,-34,-29,-30,-31,-39,-27,-39,-28,-38,-30,-38,-27,-40,-32,-44,-35,-50,-32,-53,-28,-52,-33,-52,-32,-58,-33,-49,-39,-56,-33,-56,-39,-60,-35,-60,-35,-56,-38,-59,-35,-60,-38,-59,-43,-56,-44,-56,-46,-55,-47,-52,-45,-51,-43,-55,-47,-48,-45,-38,-49,-52,-46,-41,-40,-38,-42,-37,-48,-36,-42,-39,-42,-39,-43,-32,-45,-33,-45,-28,-44,0,0,0,0,0,0,0,0,0,0,0,0,0,0,0,0,0,0,0,0,0,0,-44,41,-45,33,-45,36,-51,39,-53,26,-53,21,-54,29,-55,17,-62,23,-59,10,-58,11,-57,9,-61,9,-64,3,-56,0,-59,-2,-48,-3,-52,-19,-40,-13,-34,-10,-35,-15,-41,-24,-31,-20,-25,-14,-27,-23,-22,-20,-12,-23,-12,-25,-7,-17,-8,-26,-1,-20,7,-16,13,-17,8,-17,19,-16,16,-14,14,-14,15,-17,22,-9,29,-11,31,-10,32,-23,34,-17,34,-16,33,-12,37,-17,47,-15,41,-8,43,-9,53,-8,49,-4,47,-10,53,-11,48,-12,59,-5,54,-7,64,-4,0,0]"
CSI_DATA,97,2a:00:00:00:00:00,-43,11,1,0,1,1,1,0,0,0,1,-96,0,11,2,1580750,0,44,0,384,0,"[0,0,0,0,0,0,0,0,0,0,0,0,-6,-8,-5,-7,-6,-6,-4,-6,-4,-5,-4,-4,-4,-3,-4,-2,-5,-2,-4,-1,-5,0,-5,1,-5,1,-5,2,-6,2,-6,3,-6,4,-7,4,-7,4,-7,4,-8,5,-8,5,-8,5,-8,6,-9,6,-8,6,0,0,-9,7,-10,7,-10,8,-9,8,-9,7,-10,8,-10,8,-10,7,-10,7,-10,7,-11,7,-11,6,-11,7,-11,6,-11,6,-10,6,-11,6,-9,5,-10,5,-9,5,-10,5,-11,5,-11,4,-10,4,-11,3,-10,3,0,0,0,0,0,0,0,0,0,0,0,0,0,0,-23,-53,-23,-53,-26,-50,-24,-47,-24,-47,-19,-43,-17,-38,-15,-31,-15,-30,-21,-22,-17,-20,-18,-14,-22,-11,-19,-9,-20,-4,-26,6,-30,2,-30,7,-31,9,-35,11,-40,14,-41,15,-41,18,-43,21,-44,20,-47,21,-47,24,-52,28,-49,21,-53,34,-51,30,-55,27,-56,30,-58,29,-51,31,-57,32,-58,33,-63,35,-61,32,-63,30,-66,33,-65,26,-66,27,-66,26,-64,25,-67,26,-63,21,-65,24,-57,22,-57,20,-61,20,-59,20,-60,18,-59,13,-62,12,-62,10,-63,8,0,0,0,0,0,0,0,0,0,0,0,0,0,0,0,0,0,0,0,0,0,0,-4,64,-9,60,-10,61,-16,62,-24,60,-24,57,-27,59,-33,57,-34,62,-37,54,-42,52,-37,50,-46,54,-49,41,-46,36,-47,30,-47,32,-45,28,-45,22,-42,14,-42,15,-41,12,-38,4,-31,5,-34,0,-27,-5,-22,-8,-23,-8,-17,-8,-13,-11,-10,-10,-6,-13,-1,-15,-2,-18,5,-19,5,-21,7,-25,12,-23,14,-22,18,-21,17,-26,21,-29,25,-26,26,-30,28,-25,33,-32,31,-33,33,-34,35,-30,41,-34,40,-34,44,-36,41,-38,40,-31,47,-39,48,-35,47,-33,0,0]"
CSI_DATA,98,2a:00:00:00:00:00,-43,11,1,0,1,1,1,0,0,0,1,-96,0,11,2,1590655,0,44,0,384,0,"[0,0,0,0,0,0,0,0,0,0,0,0,-3,-6,-3,-5,-2,-4,-2,-4,-2,-3,-2,-2,-2,-1,-2,0,-3,1,-2,1,-3,2,-3,3,-3,4,-3,4,-4,5,-4,6,-4,6,-4,6,-4,7,-4,8,-4,8,-4,9,-5,8,-4,10,-5,10,-4,10,0,0,-4,11,-4,11,-4,12,-3,12,-4,12,-4,13,-4,13,-3,13,-4,13,-4,12,-5,13,-5,13,-5,12,-5,13,-5,12,-5,13,-4,12,-4,12,-4,12,-3,11,-4,11,-4,12,-5,11,-5,11,-6,10,-6,10,0,0,0,0,0,0,0,0,0,0,0,0,0,0,-2,-43,-1,-37,-4,-34,-8,-30,-2,-34,-3,-26,-2,-24,-2,-20,-4,-11,-5,-7,-8,-4,-8,0,-14,3,-13,8,-18,15,-19,17,-24,17,-22,23,-25,20,-24,25,-31,30,-31,30,-30,32,-31,33,-33,36,-36,41,-37,41,-35,43,-34,42,-36,50,-38,50,-38,52,-36,51,-36,59,-32,58,-41,62,-36,61,-36,67,-40,62,-35,66,-35,63,-45,60,-42,65,-44,65,-47,60,-39,60,-38,63,-41,59,-38,59,-37,57,-37,58,-35,57,-35,60,-42,55,-39,54,-39,49,-46,46,0,0,0,0,0,0,0,0,0,0,0,0,0,0,0,0,0,0,0,0,0,0,-62,11,-62,12,-60,6,-68,6,-65,2,-69,0,-67,-1,-69,-3,-73,-9,-67,-10,-71,-14,-65,-13,-73,-18,-63,-19,-61,-23,-55,-24,-60,-27,-50,-24,-48,-24,-43,-23,-39,-24,-38,-27,-32,-24,-31,-24,-28,-27,-24,-24,-18,-21,-14,-19,-13,-17,-7,-18,-4,-14,3,-14,1,-14,5,-10,6,-9,8,-8,11,-10,14,-5,16,-7,17,-4,22,-4,25,-6,23,-2,24,-4,27,-6,28,-9,31,-2,33,-7,36,-7,35,-4,38,-1,35,-2,39,-8,35,-6,42,-9,40,-8,36,-9,0,0]"
CSI_DATA,99,2a:00:00:00:00:00,-41,11,1,0,1,1,1,0,0,0,1,-96,0,11,2,1600748,0,44,0,384,0,"[0,0,0,0,0,0,0,0,0,0,0,0,0,1,0,1,1,0,1,0,1,-1,1,-2,2,-2,2,-3,2,-3,3,-4,4,-4,4,-5,4,-5,4,-6,5,-5,6,-7,5,-7,6,-7,6,-7,6,-8,7,-7,7,-8,6,-8,6,-9,7,-10,7,-10,0,0,7,-11,7,-11,7,-12,7,-12,7,-11,8,-12,7,-12,8,-12,8,-12,8,-12,8,-12,8,-12,8,-12,8,-11,8,-11,8,-12,8,-11,7,-11,8,-10,7,-10,8,-10,7,-10,7,-10,7,-10,8,-9,8,-9,0,0,0,0,0,0,0,0,0,0,0,0,0,0,-1,16,0,17,0,17,0,11,-1,7,1,4,5,2,5,0,8,-5,8,-9,11,-9,15,-11,14,-13,20,-17,22,-17,27,-22,27,-27,27,-24,31,-27,33,-31,32,-37,37,-33,35,-37,34,-43,39,-34,38,-43,41,-43,38,-47,41,-47,39,-54,42,-53,43,-53,39,-53,41,-60,40,-63,41,-58,38,-65,42,-68,45,-69,44,-63,45,-65,52,-62,47,-66,48,-66,44,-64,46,-64,47,-59,45,-62,46,-56,43,-57,42,-57,39,-55,38,-61,45,-57,47,-54,45,-47,48,-45,0,0,0,0,0,0,0,0,0,0,0,0,0,0,0,0,0,0,0,0,0,0,48,30,44,31,49,30,46,38,45,39,44,38,44,39,44,44,47,45,42,49,37,52,37,50,41,50,34,49,27,50,29,49,31,49,23,49,23,48,21,45,20,40,17,42,16,39,10,39,8,34,10,29,2,26,6,26,4,22,-1,20,-5,18,-5,15,0,14,-2,9,-4,8,-5,6,-9,4,-10,3,-8,1,-9,3,-11,-1,-12,-2,-14,-1,-13,-2,-14,-3,-12,-4,-12,-4,-12,-2,-15,0,-16,-3,-13,-5,-16,-1,-18,-1,-18,0,-19,-1,-20,2,-18,3,0,0]"
CSI_DATA,100,2a:00:00:00:00:00,-39,11,1,0,1,1,1,0,0,0,1,-96,0,11,2,1613291,0,44,0,384,0,"[0,0,0,0,0,0,0,0,0,0,0,0,-2,-3,-3,-3,-3,-3,-4,-3,-4,-3,-5,-3,-6,-3,-6,-3,-6,-3,-7,-3,-8,-3,-8,-3,-8,-3,-9,-3,-9,-3,-10,-3,-10,-3,-10,-3,-11,-3,-11,-3,-11,-3,-11,-3,-11,-3,-13,-2,-13,-3,-14,-2,0,0,-14,-2,-14,-3,-15,-2,-14,-2,-14,-3,-15,-3,-15,-3,-14,-3,-15,-3,-15,-2,-16,-3,-14,-3,-14,-3,-14,-3,-14,-4,-14,-3,-13,-3,-13,-3,-13,-3,-12,-3,-12,-3,-11,-4,-11,-3,-11,-3,-11,-4,-11,-4,0,0,0,0,0,0,0,0,0,0,0,0,0,0,-3,-22,0,-18,-6,-17,-3,-14,-10,-16,-10,-15,-12,-17,-16,-17,-15,-13,-22,-11,-26,-15,-27,-17,-31,-13,-33,-20,-32,-17,-38,-20,-44,-23,-43,-19,-43,-22,-48,-21,-56,-18,-50,-24,-51,-18,-57,-20,-53,-19,-60,-21,-60,-19,-64,-19,-62,-25,-71,-23,-66,-23,-74,-21,-69,-18,-76,-18,-78,-11,-74,-20,-75,-14,-81,-14,-76,-19,-77,-17,-80,-18,-77,-28,-74,-27,-76,-27,-72,-24,-77,-22,-70,-25,-72,-24,-62,-24,-66,-19,-68,-20,-65,-16,-62,-17,-59,-23,-56,-22,-59,-28,-53,-32,0,0,0,0,0,0,0,0,0,0,0,0,0,0,0,0,0,0,0,0,0,0,5,-47,6,-49,6,-47,9,-50,12,-48,13,-48,12,-47,15,-50,21,-52,23,-53,25,-49,24,-45,25,-49,28,-48,28,-43,30,-42,31,-43,31,-39,29,-35,29,-32,25,-33,29,-31,27,-29,24,-20,26,-20,23,-20,22,-16,23,-15,21,-13,21,-14,16,-11,16,-10,14,-5,12,-7,15,-5,9,-5,8,-2,10,-5,9,-3,9,1,8,0,6,-1,5,1,7,0,8,0,7,0,7,-3,8,0,13,-3,7,-3,10,-2,12,-4,13,-4,18,0,16,-6,19,1,15,-2,0,0]"
CSI_DATA,101,2a:00:00:00:00:00,-38,11,1,0,1,1,1,0,0,0,1,-96,0,11,2,1623320,0,44,0,384,0,"[0,0,0,0,0,0,0,0,0,0,0,0,-5,2,-4,2,-4,3,-4,3,-4,3,-4,4,-4,5,-4,5,-4,5,-4,6,-5,7,-5,7,-5,7,-5,8,-5,8,-5,9,-4,9,-4,9,-4,9,-4,10,-5,10,-4,10,-5,10,-5,11,-5,11,-5,12,0,0,-4,12,-5,12,-4,13,-4,13,-5,12,-5,13,-4,13,-4,13,-5,12,-5,12,-6,12,-6,12,-6,11,-5,11,-6,10,-6,11,-5,11,-5,10,-5,10,-4,9,-5,9,-5,9,-5,9,-5,9,-6,8,-6,7,0,0,0,0,0,0,0,0,0,0,0,0,0,0,24,20,24,16,30,8,24,9,33,9,31,5,27,1,31,-2,32,-1,34,-8,34,-4,41,-11,39,-10,40,-12,44,-16,45,-17,51,-18,43,-21,45,-19,53,-19,60,-20,53,-25,53,-20,48,-21,59,-16,62,-21,66,-21,66,-34,64,-28,69,-40,62,-29,63,-25,67,-29,66,-33,71,-35,69,-25,69,-32,70,-32,74,-25,72,-28,69,-25,72,-26,69,-20,71,-26,69,-21,71,-16,64,-17,64,-20,61,-15,62,-13,62,-12,63,-10,54,-17,53,-13,55,-13,55,-7,53,-7,0,0,0,0,0,0,0,0,0,0,0,0,0,0,0,0,0,0,0,0,0,0,47,10,46,13,46,15,44,17,43,18,41,24,43,27,44,27,47,26,41,31,46,31,40,33,42,38,39,34,32,41,33,43,38,44,24,40,24,36,18,41,22,34,17,38,13,36,18,34,14,39,14,34,5,33,5,28,3,29,3,28,1,26,1,21,2,25,1,20,-1,23,-4,20,-3,18,3,19,0,17,-5,15,-2,15,-1,19,-10,18,-1,17,-1,17,-10,16,-8,19,-5,19,-4,22,-9,23,-5,16,-7,28,-10,21,-11,25,-10,34,-13,27,-14,21,0,0]"
CSI_DATA,102,2a:00:00:00:00:00,-40,11,1,0,1,1,1,0,0,0,1,-96,0,11,2,1650651,0,44,0,384,0,"[0,0,0,0,0,0,0,0,0,0,0,0,-3,2,-2,2,-2,3,-2,3,-2,4,-2,4,-1,5,-1,5,-1,6,-1,6,-1,7,0,8,-1,8,0,8,-1,8,0,10,0,9,-1,10,0,10,0,10,0,10,0,11,0,11,0,12,0,12,0,12,0,0,0,12,0,13,0,12,0,13,0,12,0,13,0,13,0,12,0,12,-1,12,-1,12,-1,12,-1,11,-1,10,-1,11,-1,10,-1,11,-1,9,-1,9,0,9,-1,9,-1,9,-1,9,-2,9,-2,8,-2,8,0,0,0,0,0,0,0,0,0,0,0,0,0,0,21,4,28,6,34,4,17,0,29,-2,21,-6,19,-3,28,-12,23,-11,25,-18,27,-19,31,-19,31,-21,26,-20,33,-26,30,-31,30,-46,37,-37,36,-35,39,-36,44,-42,38,-41,35,-44,43,-39,44,-34,52,-41,47,-45,43,-45,42,-44,45,-56,41,-47,55,-53,48,-41,46,-53,46,-49,51,-51,51,-44,51,-48,48,-42,47,-44,44,-41,52,-40,48,-50,49,-45,48,-42,45,-33,48,-32,49,-34,44,-36,42,-32,46,-27,40,-26,37,-29,36,-31,40,-33,41,-30,44,-25,0,0,0,0,0,0,0,0,0,0,0,0,0,0,0,0,0,0,0,0,0,0,53,-26,54,-21,57,-13,60,-15,58,-12,61,-10,62,-7,61,0,66,-2,65,2,64,7,64,0,66,5,66,9,65,24,54,24,61,23,49,29,53,25,44,30,45,23,38,37,34,31,33,26,28,25,29,29,22,29,22,28,17,28,19,29,7,21,11,25,14,22,10,23,7,21,5,26,6,15,3,20,4,17,6,15,0,18,1,16,4,18,3,19,2,17,1,24,-3,28,-1,29,2,23,-6,21,6,19,0,31,-1,29,-9,29,-9,35,-2,32,-4,26,0,0]"
CSI_DATA,103,2a:00:00:00:00:00,-40,11,1,0,1,1,1,0,0,0,1,-96,0,11,2,1661796,0,44,0,384,0,"[0,0,0,0,0,0,0,0,0,0,0,0,-4,0,-4,1,-3,2,-3,2,-3,3,-3,3,-3,4,-3,5,-3,5,-3,6,-3,6,-3,7,-4,7,-3,8,-4,8,-4,9,-4,9,-4,9,-4,10,-5,10,-5,10,-5,10,-5,10,-5,11,-5,11,-5,11,0,0,-5,12,-5,12,-5,12,-4,12,-5,12,-5,12,-5,12,-5,12,-5,12,-5,12,-5,12,-5,11,-5,11,-5,11,-5,10,-5,10,-5,11,-4,10,-5,9,-4,9,-4,9,-5,9,-5,9,-5,9,-5,9,-5,8,0,0,0,0,0,0,0,0,0,0,0,0,0,0,-22,-9,-19,-6,-21,0,-23,0,-18,6,-18,5,-20,6,-17,13,-14,12,-12,19,-14,21,-14,25,-19,29,-16,30,-21,30,-17,38,-21,45,-22,43,-23,41,-21,48,-25,55,-26,48,-22,52,-24,53,-29,58,-26,59,-30,59,-28,65,-34,61,-29,67,-32,60,-31,65,-27,62,-29,69,-22,63,-32,66,-30,65,-29,67,-33,65,-32,68,-31,61,-32,63,-34,62,-34,63,-33,62,-29,58,-32,59,-28,60,-24,53,-28,51,-25,56,-24,53,-28,54,-29,50,-33,51,-31,49,-34,49,0,0,0,0,0,0,0,0,0,0,0,0,0,0,0,0,0,0,0,0,0,0,-50,34,-50,33,-48,30,-58,26,-54,24,-61,24,-60,19,-59,22,-68,21,-65,11,-66,10,-65,5,-67,8,-67,3,-61,-2,-55,-8,-66,-8,-53,-10,-55,-10,-52,-16,-45,-14,-47,-20,-39,-18,-40,-15,-34,-20,-32,-16,-27,-22,-26,-18,-26,-18,-22,-22,-19,-18,-19,-19,-12,-16,-13,-16,-10,-14,-10,-18,-7,-14,-8,-13,-6,-14,-7,-14,-1,-15,-4,-15,0,-18,-3,-14,0,-18,-4,-15,0,-21,-3,-20,-3,-19,-3,-19,0,-23,3,-23,1,-24,2,-22,1,-25,-1,-28,-1,-25,0,0]"
CSI_DATA,104,2a:00:00:00:00:00,-41,11,1,0,1,1,1,0,0,0,1,-96,0,11,2,1670682,0,44,0,384,0,"[0,0,0,0,0,0,0,0,0,0,0,0,3,-1,3,-1,2,-2,3,-3,2,-3,2,-3,2,-4,3,-5,3,-6,2,-6,3,-7,3,-7,3,-8,3,-8,3,-8,3,-9,3,-10,3,-9,3,-10,4,-10,4,-10,4,-11,4,-10,4,-12,5,-12,5,-12,0,0,4,-12,4,-12,5,-14,4,-13,4,-12,4,-13,4,-13,4,-13,4,-13,4,-12,5,-13,5,-12,5,-12,5,-12,5,-11,5,-12,5,-11,4,-11,4,-11,4,-10,4,-11,4,-10,4,-10,5,-10,6,-9,6,-9,0,0,0,0,0,0,0,0,0,0,0,0,0,0,23,13,20,12,24,9,19,4,20,4,17,4,18,-1,19,-3,19,-7,21,-11,20,-16,16,-21,24,-22,21,-27,26,-27,29,-34,29,-38,32,-37,31,-38,37,-39,37,-46,37,-42,30,-47,37,-46,40,-44,44,-48,41,-49,39,-56,40,-52,43,-60,39,-56,44,-58,42,-55,42,-62,36,-60,43,-58,46,-61,45,-68,49,-59,44,-57,40,-56,47,-58,49,-59,48,-62,45,-56,45,-53,42,-53,43,-54,39,-46,39,-47,42,-48,41,-47,40,-53,38,-45,42,-45,41,-46,49,-43,0,0,0,0,0,0,0,0,0,0,0,0,0,0,0,0,0,0,0,0,0,0,47,-20,49,-20,48,-18,55,-13,52,-14,54,-13,52,-10,54,-8,61,-2,57,-3,56,1,55,-1,60,2,58,8,55,12,49,14,52,13,41,16,40,17,43,18,33,19,33,24,29,21,27,19,24,21,24,21,16,21,16,19,14,20,12,21,8,14,8,16,5,13,3,14,4,14,-4,16,2,10,-2,13,0,12,-2,10,-2,14,-3,13,-6,15,-4,14,-5,13,-12,18,-6,15,-7,18,-10,16,-7,19,-8,21,-9,23,-8,22,-9,21,-12,26,-11,27,-13,26,0,0]"
CSI_DATA,105,2a:00:00:00:00:00,-40,11,1,0,1,1,1,0,0,0,1,-96,0,11,2,1681792,0,44,0,384,0,"[0,0,0,0,0,0,0,0,0,0,0,0,2,2,2,2,2,2,3,1,3,0,3,0,4,-1,4,-2,5,-2,5,-2,6,-2,7,-3,7,-3,7,-4,8,-3,9,-5,9,-5,9,-5,9,-6,9,-6,10,-5,10,-6,10,-5,11,-7,11,-7,11,-7,0,0,11,-8,12,-8,12,-8,11,-9,12,-8,12,-8,11,-9,12,-8,12,-8,12,-8,13,-8,12,-8,11,-8,12,-7,12,-7,12,-7,11,-7,11,-7,11,-7,10,-7,11,-6,10,-7,10,-6,11,-6,11,-5,11,-4,0,0,0,0,0,0,0,0,0,0,0,0,0,0,9,27,6,27,15,28,9,20,15,14,14,16,11,12,17,9,16,2,22,0,21,-2,23,-3,31,-10,30,-13,35,-10,38,-17,43,-16,42,-18,47,-17,45,-20,55,-26,51,-22,52,-33,54,-26,54,-26,61,-27,57,-28,62,-37,64,-32,66,-40,66,-35,67,-37,62,-34,69,-42,61,-40,69,-39,68,-44,68,-44,72,-42,70,-37,67,-40,74,-33,68,-38,67,-42,71,-38,69,-34,73,-37,66,-37,69,-31,59,-33,62,-35,60,-33,61,-36,60,-30,64,-28,64,-23,64,-18,0,0,0,0,0,0,0,0,0,0,0,0,0,0,0,0,0,0,0,0,0,0,44,8,47,12,48,14,50,16,43,15,46,18,45,19,47,24,51,27,42,27,40,34,40,29,44,33,42,38,37,35,27,36,33,41,21,34,25,36,20,34,20,26,13,34,10,28,12,28,10,26,8,25,2,21,3,19,0,16,-1,21,-1,14,-3,14,-2,10,-5,11,-9,7,-7,9,-7,7,-7,5,-8,3,-11,6,-8,3,-13,7,-15,7,-13,6,-17,4,-19,6,-19,9,-19,10,-21,8,-21,13,-20,9,-22,13,-29,16,-26,13,-31,13,-33,16,-29,11,0,0]"
CSI_DATA,106,2a:00:00:00:00:00,-41,11,1,0,1,1,1,0,0,0,1,-96,0,11,2,1690968,0,44,0,384,0,"[0,0,0,0,0,0,0,0,0,0,0,0,3,-1,3,-1,2,-2,2,-3,1,-3,1,-4,1,-5,0,-5,0,-6,0,-6,0,-8,0,-8,0,-9,-1,-9,-1,-10,-1,-11,-1,-11,-1,-11,-1,-11,-1,-12,0,-12,-1,-13,-1,-12,-2,-13,-2,-14,-1,-14,0,0,-2,-14,-2,-15,-2,-16,-3,-15,-2,-15,-2,-16,-2,-16,-2,-15,-2,-16,-2,-15,-1,-16,-1,-15,-1,-15,-1,-15,-1,-14,-1,-15,-1,-15,-1,-14,-1,-14,-1,-13,-1,-13,0,-13,0,-13,0,-13,0,-13,1,-13,0,0,0,0,0,0,0,0,0,0,0,0,0,0,27,3,23,1,21,0,26,-1,17,-4,15,-4,15,-10,12,-13,8,-14,7,-19,8,-19,9,-27,9,-28,6,-32,4,-37,0,-41,1,-46,-1,-47,2,-46,0,-53,-2,-58,2,-56,-5,-58,2,-60,2,-64,0,-67,1,-66,-4,-68,1,-68,-4,-73,-4,-70,-2,-71,-5,-76,-5,-75,-12,-73,-1,-73,-5,-77,-6,-81,2,-82,-7,-81,-2,-76,0,-80,2,-79,1,-83,4,-78,-2,-81,0,-75,-2,-74,2,-68,-1,-71,0,-74,2,-69,0,-66,4,-68,8,-67,10,-68,12,-65,0,0,0,0,0,0,0,0,0,0,0,0,0,0,0,0,0,0,0,0,0,0,21,-40,23,-43,25,-41,27,-42,34,-40,36,-39,32,-36,41,-34,45,-38,43,-34,45,-30,45,-28,49,-32,45,-28,47,-20,43,-21,45,-24,38,-14,41,-15,37,-11,37,-7,37,-7,31,-3,31,-5,28,-4,26,0,22,-2,21,0,20,5,18,3,16,3,13,4,12,7,9,4,9,6,5,8,5,10,1,6,1,8,0,9,-1,9,1,12,0,10,-2,13,-2,11,-5,12,-5,15,-1,17,2,17,-1,22,-1,19,1,26,0,26,1,20,3,25,5,27,2,29,0,0]"
CSI_DATA,107,2a:00:00:00:00:00,-41,11,1,0,1,1,1,0,0,0,1,-96,0,11,2,1701271,0,44,0,384,0,"[0,0,0,0,0,0,0,0,0,0,0,0,2,-1,2,-1,2,-2,2,-2,2,-3,2,-3,2,-4,2,-5,2,-6,2,-6,2,-7,2,-8,3,-8,2,-8,3,-8,3,-9,3,-10,3,-10,3,-10,3,-10,3,-10,3,-11,4,-10,3,-12,3,-12,3,-12,0,0,4,-13,3,-13,3,-14,3,-13,3,-13,4,-13,4,-14,4,-13,4,-13,4,-13,4,-13,4,-13,4,-13,4,-12,4,-12,4,-12,4,-13,3,-12,4,-11,4,-11,4,-11,4,-11,4,-11,4,-11,5,-10,5,-10,0,0,0,0,0,0,0,0,0,0,0,0,0,0,19,8,20,8,19,5,15,2,15,0,17,-4,13,-7,15,-9,12,-11,15,-14,12,-23,13,-26,17,-27,18,-28,16,-33,14,-37,20,-42,14,-45,19,-44,23,-40,26,-56,26,-45,22,-56,25,-55,23,-54,29,-55,26,-58,20,-62,28,-64,24,-68,23,-60,26,-68,26,-61,26,-75,18,-65,30,-72,24,-75,24,-77,30,-70,27,-69,25,-64,32,-72,31,-75,28,-70,33,-69,29,-65,30,-69,27,-67,30,-64,26,-63,28,-61,28,-59,26,-61,29,-53,26,-58,32,-56,36,-52,0,0,0,0,0,0,0,0,0,0,0,0,0,0,0,0,0,0,0,0,0,0,42,-22,48,-21,43,-17,53,-18,49,-13,58,-9,53,-13,54,-8,60,-6,57,-3,56,-3,54,-1,65,1,57,5,56,11,46,11,54,13,44,14,46,14,44,17,41,19,35,18,32,17,30,15,29,20,28,17,22,16,20,18,14,14,19,17,10,11,12,17,9,16,8,15,7,11,4,14,2,13,1,12,0,6,2,10,-1,11,-4,11,-4,11,-7,9,-5,11,4,12,-2,12,-5,13,-4,18,-6,17,-3,19,-3,20,-7,23,-6,22,-6,24,-11,23,-10,18,0,0]"
CSI_DATA,108,2a:00:00:00:00:00,-40,11,1,0,1,1,1,0,0,0,1,-96,0,11,2,1710688,0,44,0,384,0,"[0,0,0,0,0,0,0,0,0,0,0,0,1,2,2,2,2,2,3,2,3,1,4,1,5,1,5,1,6,1,6,1,7,1,7,1,8,1,8,1,9,1,10,0,10,0,10,1,10,0,11,0,11,1,11,0,11,1,12,0,13,0,12,0,0,0,13,-1,13,-1,14,-1,14,-1,13,0,13,-1,13,-1,13,-1,14,-1,14,0,14,0,13,0,13,0,13,0,13,0,13,0,13,0,12,0,12,-1,11,-1,12,0,11,0,11,0,11,1,11,2,10,2,0,0,0,0,0,0,0,0,0,0,0,0,0,0,2,22,2,20,6,20,5,18,10,18,12,10,15,10,18,10,17,6,22,6,25,2,26,5,35,3,35,6,42,3,45,0,47,2,52,2,47,3,49,-1,59,0,56,4,62,-1,61,4,61,4,64,0,61,2,68,-2,68,1,74,-5,68,1,71,0,69,-3,74,-3,67,-9,77,4,75,-4,73,-6,78,3,75,1,76,0,75,-3,75,0,75,-1,70,1,77,3,73,1,70,0,70,0,69,3,66,2,65,2,64,-1,62,3,63,4,63,7,61,13,0,0,0,0,0,0,0,0,0,0,0,0,0,0,0,0,0,0,0,0,0,0,24,42,25,43,20,44,22,48,18,48,16,51,15,50,10,53,10,54,5,54,4,57,-1,55,3,62,-2,54,-8,51,-7,49,-8,57,-13,48,-13,46,-17,42,-19,37,-19,39,-20,33,-22,34,-20,32,-23,30,-20,23,-25,22,-18,19,-20,20,-15,14,-21,14,-18,11,-16,10,-19,9,-15,8,-15,6,-20,5,-15,2,-16,5,-17,3,-17,7,-17,6,-17,4,-19,3,-18,2,-20,4,-20,2,-19,3,-23,8,-19,4,-21,5,-22,9,-23,8,-31,5,-29,6,-26,4,0,0]"
CSI_DATA,109,2a:00:00:00:00:00,-39,11,1,0,1,1,1,0,0,0,1,-96,0,11,2,1720649,0,44,0,384,0,"[0,0,0,0,0,0,0,0,0,0,0,0,4,0,4,0,4,-1,5,-1,5,-2,5,-3,5,-3,5,-4,6,-4,6,-4,7,-5,7,-6,8,-5,8,-6,8,-6,8,-7,9,-7,8,-7,9,-7,9,-7,9,-7,9,-8,9,-7,10,-8,10,-9,10,-9,0,0,11,-10,11,-9,11,-10,10,-10,10,-9,11,-10,11,-10,11,-9,11,-9,11,-9,12,-9,11,-8,11,-8,11,-8,10,-8,11,-8,10,-8,10,-8,10,-7,9,-7,10,-7,10,-7,10,-6,10,-6,10,-5,10,-4,0,0,0,0,0,0,0,0,0,0,0,0,0,0,18,21,18,17,20,13,18,14,23,6,19,4,23,0,22,-3,24,-3,24,-12,28,-8,31,-14,35,-15,40,-17,39,-17,41,-24,48,-25,45,-26,45,-21,54,-29,52,-27,54,-31,47,-30,55,-27,56,-30,59,-32,60,-35,56,-39,55,-36,61,-44,58,-41,59,-38,63,-39,58,-41,61,-45,58,-37,62,-45,62,-43,70,-35,63,-40,66,-43,67,-38,64,-39,65,-40,60,-38,69,-39,60,-33,66,-40,54,-29,57,-28,58,-31,55,-29,58,-31,58,-32,58,-26,59,-25,57,-17,0,0,0,0,0,0,0,0,0,0,0,0,0,0,0,0,0,0,0,0,0,0,37,17,32,17,38,20,35,19,38,26,35,25,31,29,29,33,35,38,31,35,28,38,28,39,30,40,24,41,13,43,15,46,11,41,6,46,9,36,2,36,1,39,0,37,-5,35,-5,34,-7,30,-5,35,-11,27,-10,27,-15,25,-14,21,-11,22,-15,18,-15,22,-17,14,-17,18,-21,17,-15,17,-16,17,-13,13,-16,15,-16,14,-18,17,-14,16,-19,18,-14,15,-17,15,-17,14,-18,17,-18,17,-21,21,-17,21,-16,26,-19,21,-15,24,-19,27,-21,26,-22,26,0,0]"
CSI_DATA,110,2a:00:00:00:00:00,-38,11,1,0,1,1,1,0,0,0,1,-96,0,11,2,1730689,0,44,0,384,0,"[0,0,0,0,0,0,0,0,0,0,0,0,1,-6,0,-6,-1,-6,-1,-6,-2,-6,-2,-6,-3,-7,-4,-7,-4,-8,-5,-7,-5,-8,-6,-9,-6,-9,-7,-9,-6,-9,-8,-10,-7,-10,-7,-10,-8,-10,-8,-11,-8,-11,-8,-11,-8,-11,-10,-11,-10,-11,-10,-11,0,0,-10,-12,-10,-13,-11,-12,-11,-12,-10,-12,-10,-12,-10,-13,-10,-12,-10,-12,-10,-12,-10,-13,-9,-12,-9,-12,-9,-12,-8,-12,-9,-12,-8,-12,-8,-11,-8,-12,-8,-11,-7,-12,-7,-12,-7,-12,-6,-12,-6,-12,-5,-11,0,0,0,0,0,0,0,0,0,0,0,0,0,0,-38,6,-31,5,-33,20,-31,14,-31,13,-24,19,-27,24,-21,29,-19,22,-23,31,-22,37,-19,32,-19,37,-16,43,-23,43,-10,51,-23,53,-17,47,-17,50,-17,62,-21,69,-19,57,-11,65,-18,64,-12,64,-18,67,-17,60,-15,71,-13,71,-16,76,-20,67,-21,78,-17,66,-22,78,-15,70,-16,75,-20,76,-15,78,-21,76,-19,74,-12,70,-28,72,-29,75,-26,78,-26,76,-21,65,-28,69,-26,69,-26,64,-28,57,-31,64,-23,57,-24,56,-26,56,-26,59,-33,54,-35,54,0,0,0,0,0,0,0,0,0,0,0,0,0,0,0,0,0,0,0,0,0,0,-28,23,-26,25,-26,19,-27,23,-35,15,-35,20,-31,13,-34,19,-39,12,-39,9,-44,5,-40,-1,-44,5,-46,-3,-40,-9,-34,-12,-35,-15,-34,-16,-36,-21,-25,-21,-31,-24,-30,-28,-22,-25,-23,-29,-19,-29,-24,-24,-13,-33,-12,-31,-13,-29,-13,-35,-5,-29,-9,-31,-7,-34,-5,-30,-4,-34,-2,-31,-5,-22,-1,-31,-6,-31,-4,-34,-7,-29,-3,-31,-6,-31,-7,-32,-10,-34,2,-36,-9,-32,-14,-30,-10,-38,-10,-35,-12,-35,-12,-38,-13,-32,-12,-38,-17,-45,-10,-39,-21,-44,0,0]"
CSI_DATA,111,2a:00:00:00:00:00,-38,11,1,0,1,1,1,0,0,0,1,-96,0,11,2,1740641,0,44,0,384,0,"[0,0,0,0,0,0,0,0,0,0,0,0,0,-6,-1,-6,-2,-6,-2,-6,-3,-6,-3,-6,-5,-6,-5,-6,-6,-6,-7,-7,-7,-7,-8,-7,-8,-8,-8,-8,-8,-7,-10,-8,-10,-7,-10,-8,-11,-8,-11,-8,-11,-8,-12,-8,-11,-9,-13,-8,-13,-9,-13,-8,0,0,-13,-8,-14,-9,-14,-8,-15,-8,-13,-8,-14,-9,-14,-9,-14,-9,-14,-9,-14,-10,-14,-10,-13,-10,-12,-9,-12,-9,-13,-9,-12,-9,-13,-9,-12,-9,-12,-9,-11,-8,-11,-9,-10,-9,-10,-9,-10,-10,-9,-10,-8,-10,0,0,0,0,0,0,0,0,0,0,0,0,0,0,-28,24,-27,25,-23,26,-25,27,-19,27,-19,21,-8,21,-9,34,-1,27,-6,32,-2,34,0,37,-2,47,7,41,4,47,12,50,9,57,11,53,9,57,6,59,12,65,11,58,18,58,15,61,16,64,15,63,16,63,22,67,20,68,26,70,20,68,19,79,16,75,21,80,22,70,16,77,23,77,23,73,16,73,24,76,21,71,19,76,16,75,11,82,11,69,13,76,12,72,10,67,12,66,9,64,6,63,5,65,8,64,0,63,0,57,-4,60,-2,62,0,0,0,0,0,0,0,0,0,0,0,0,0,0,0,0,0,0,0,0,0,0,-3,25,-3,26,-5,27,-4,31,-12,27,-12,27,-11,22,-11,23,-18,23,-21,24,-18,20,-20,18,-27,16,-21,12,-26,7,-27,6,-30,5,-26,3,-24,-5,-33,-3,-32,-8,-26,-13,-17,-13,-22,-11,-22,-15,-21,-18,-20,-19,-14,-21,-20,-23,-15,-22,-13,-25,-15,-28,-12,-28,-16,-27,-12,-29,-13,-24,-12,-25,-11,-29,-16,-21,-19,-26,-13,-32,-14,-28,-16,-29,-22,-31,-11,-27,-20,-30,-16,-30,-16,-33,-15,-23,-25,-28,-23,-27,-21,-29,-25,-39,-21,-29,-25,-40,-26,-36,-24,-31,0,0]"
CSI_DATA,112,2a:00:00:00:00:00,-37,11,1,0,1,1,1,0,0,0,1,-96,0,11,2,1750859,0,44,0,384,0,"[0,0,0,0,0,0,0,0,0,0,0,0,5,1,4,0,4,-1,5,-1,5,-2,5,-3,5,-4,6,-4,6,-5,6,-5,7,-6,7,-7,7,-7,8,-7,8,-7,8,-9,8,-9,8,-9,8,-9,8,-10,9,-9,8,-10,9,-10,9,-11,10,-11,10,-12,0,0,9,-13,10,-13,10,-13,9,-14,10,-12,9,-13,9,-13,9,-13,10,-13,10,-13,11,-12,10,-11,10,-11,10,-12,10,-11,10,-11,10,-11,9,-10,9,-10,8,-10,9,-10,9,-10,9,-9,10,-9,10,-8,10,-7,0,0,0,0,0,0,0,0,0,0,0,0,0,0,-4,-36,-3,-40,-4,-28,-10,-30,-4,-30,-18,-25,-21,-29,-19,-28,-25,-24,-30,-23,-32,-21,-37,-18,-39,-24,-45,-21,-45,-17,-51,-19,-55,-21,-60,-18,-51,-21,-56,-21,-66,-17,-62,-21,-63,-18,-63,-18,-64,-24,-68,-24,-65,-24,-72,-17,-74,-22,-81,-14,-75,-27,-75,-22,-78,-27,-80,-18,-81,-16,-77,-24,-83,-18,-82,-16,-76,-30,-83,-23,-82,-18,-78,-32,-76,-26,-78,-30,-71,-30,-74,-29,-70,-29,-74,-31,-61,-29,-61,-25,-67,-32,-56,-23,-62,-24,-58,-32,-57,-28,-54,-31,-52,-40,0,0,0,0,0,0,0,0,0,0,0,0,0,0,0,0,0,0,0,0,0,0,-18,-9,-23,-6,-20,-15,-22,-15,-17,-20,-15,-16,-11,-18,-12,-16,-14,-24,-13,-20,-6,-22,-4,-25,-3,-21,-2,-20,3,-18,5,-23,6,-21,12,-9,12,-14,16,-8,11,-12,16,-11,15,-7,15,-2,22,1,22,-4,22,-2,27,0,20,6,25,10,22,8,28,12,27,11,28,9,27,14,23,13,23,8,27,11,28,6,30,10,29,7,29,11,24,8,30,10,34,4,37,14,31,5,31,-1,34,3,41,0,36,3,37,-1,40,7,39,3,41,-5,40,0,40,4,0,0]"
CSI_DATA,113,2a:00:00:00:00:00,-37,11,1,0,1,1,1,0,0,0,1,-96,0,11,2,1771115,0,44,0,384,0,"[0,0,0,0,0,0,0,0,0,0,0,0,4,1,4,0,5,0,5,-1,5,-1,5,-2,6,-3,6,-3,6,-4,6,-4,7,-5,7,-6,8,-6,8,-6,8,-6,9,-8,8,-8,9,-7,8,-8,9,-8,9,-8,9,-9,10,-8,10,-10,10,-9,10,-10,0,0,10,-10,11,-11,11,-11,11,-11,10,-10,11,-10,11,-10,11,-10,11,-10,11,-10,12,-10,11,-9,11,-9,10,-8,11,-8,10,-8,11,-9,10,-7,10,-7,10,-7,10,-7,10,-6,10,-6,10,-6,10,-5,10,-5,0,0,0,0,0,0,0,0,0,0,0,0,0,0,-8,-44,-5,-34,-11,-34,-14,-38,-15,-33,-17,-25,-18,-24,-24,-28,-31,-27,-31,-22,-36,-22,-35,-24,-41,-16,-49,-22,-51,-16,-54,-13,-63,-17,-52,-14,-58,-15,-64,-14,-71,-12,-66,-20,-64,-15,-67,-12,-69,-16,-74,-14,-79,-17,-80,-8,-77,-13,-83,-12,-79,-9,-80,-14,-88,-14,-83,-11,-83,-10,-79,-13,-90,-8,-85,-9,-89,-15,-82,-11,-83,-10,-85,-20,-80,-17,-79,-17,-73,-20,-81,-23,-72,-24,-70,-20,-66,-22,-65,-22,-69,-24,-66,-20,-65,-13,-68,-20,-59,-23,-62,-28,-56,-34,0,0,0,0,0,0,0,0,0,0,0,0,0,0,0,0,0,0,0,0,0,0,-25,-3,-30,-5,-28,-3,-26,-7,-24,-6,-23,-13,-29,-14,-25,-15,-28,-17,-25,-15,-20,-17,-20,-13,-23,-18,-15,-19,-13,-22,-10,-25,-6,-20,0,-18,-3,-16,0,-16,8,-20,3,-9,3,-11,11,-9,9,-9,11,-6,17,-4,17,-10,18,-5,20,-3,16,-3,21,2,21,11,20,0,25,9,27,-2,21,6,25,4,24,7,27,7,27,8,28,2,25,2,28,5,31,-1,29,2,32,2,33,0,34,-8,30,-5,37,-12,36,-12,40,-9,38,-10,51,-12,41,-5,39,-9,0,0]"
CSI_DATA,114,2a:00:00:00:00:00,-38,11,1,0,1,1,1,0,0,0,1,-96,0,11,2,1780921,0,44,0,384,0,"[0,0,0,0,0,0,0,0,0,0,0,0,-4,4,-3,4,-2,5,-2,5,-1,5,-1,5,0,6,0,6,1,7,2,7,2,8,2,8,2,8,3,9,2,9,4,10,4,10,3,10,4,10,4,10,4,11,4,11,4,11,5,12,5,12,5,12,0,0,6,12,5,13,6,13,6,12,5,13,5,13,5,13,5,13,5,13,5,13,5,14,4,13,4,12,4,13,4,12,4,13,3,12,3,11,3,12,3,11,2,11,2,11,2,11,1,11,0,11,0,10,0,0,0,0,0,0,0,0,0,0,0,0,0,0,45,3,40,6,31,1,39,1,37,-1,33,-4,30,-8,29,-12,28,-19,28,-19,33,-21,23,-24,37,-37,36,-33,37,-34,29,-44,35,-46,34,-48,37,-49,41,-49,33,-56,35,-51,28,-55,35,-59,37,-53,37,-62,34,-61,33,-66,38,-65,40,-71,40,-65,48,-65,42,-64,45,-71,35,-67,44,-70,50,-67,42,-72,44,-68,47,-66,41,-66,50,-62,44,-67,48,-71,52,-57,53,-55,48,-49,47,-58,48,-47,42,-53,46,-51,41,-45,44,-46,48,-47,48,-43,48,-37,51,-35,0,0,0,0,0,0,0,0,0,0,0,0,0,0,0,0,0,0,0,0,0,0,3,-30,9,-31,15,-31,16,-26,14,-28,17,-27,17,-23,17,-30,22,-28,24,-23,20,-16,23,-17,24,-19,32,-7,25,-8,21,-7,18,-4,19,0,23,1,20,4,17,12,15,9,12,12,10,9,12,13,6,12,5,16,5,15,0,20,2,17,-6,18,-10,22,-2,18,-5,23,-9,22,-9,21,-13,27,-11,22,-7,23,-15,25,-10,24,-13,27,-10,26,-13,30,-13,31,1,26,-10,35,-6,32,-6,32,-11,37,-10,40,-8,46,-11,48,-11,37,-12,34,-1,42,7,41,0,0]"
CSI_DATA,115,2a:00:00:00:00:00,-38,11,1,0,1,1,1,0,0,0,1,-96,0,11,2,1802156,0,44,0,384,0,"[0,0,0,0,0,0,0,0,0,0,0,0,5,1,5,0,5,-1,5,-1,5,-2,5,-2,5,-3,5,-4,5,-4,5,-5,6,-6,6,-6,6,-7,6,-7,7,-7,7,-8,7,-8,7,-8,7,-9,7,-9,8,-9,8,-10,7,-9,8,-11,8,-11,8,-11,0,0,8,-11,9,-11,9,-12,8,-11,9,-11,9,-11,9,-11,9,-11,9,-11,9,-11,10,-11,10,-10,9,-10,10,-10,10,-9,10,-9,10,-9,9,-9,9,-8,9,-8,9,-7,9,-7,9,-7,9,-7,10,-6,9,-5,0,0,0,0,0,0,0,0,0,0,0,0,0,0,30,20,31,21,32,13,31,13,30,12,29,5,24,3,31,4,29,-5,29,-5,34,-10,33,-13,36,-11,40,-19,35,-19,35,-30,45,-30,41,-35,42,-29,43,-35,53,-42,49,-35,47,-43,52,-37,55,-35,58,-38,52,-39,53,-52,54,-44,57,-49,55,-45,60,-51,59,-47,61,-51,54,-51,63,-50,59,-49,65,-52,64,-40,64,-49,61,-47,66,-48,59,-46,64,-48,66,-44,61,-41,64,-42,63,-43,63,-35,56,-34,60,-34,56,-31,60,-31,54,-25,57,-27,60,-24,58,-21,0,0,0,0,0,0,0,0,0,0,0,0,0,0,0,0,0,0,0,0,0,0,20,-27,27,-28,24,-21,26,-22,27,-21,32,-20,28,-18,31,-18,35,-18,33,-10,34,-13,30,-9,38,-9,33,-3,34,3,29,3,35,6,26,6,25,11,21,15,22,12,15,14,11,16,11,15,9,15,8,15,2,17,0,16,-3,19,-5,18,-5,15,-11,19,-10,19,-13,16,-18,19,-12,12,-13,18,-18,19,-14,16,-16,18,-15,15,-19,18,-20,20,-14,23,-20,22,-16,21,-18,23,-18,25,-20,24,-19,28,-16,28,-21,35,-23,34,-22,28,-19,38,-19,35,-22,33,0,0]"
CSI_DATA,116,2a:00:00:00:00:00,-39,11,1,0,1,1,1,0,0,0,1,-96,0,11,2,1810658,0,44,0,384,0,"[0,0,0,0,0,0,0,0,0,0,0,0,-6,3,-5,3,-5,4,-4,3,-4,4,-4,5,-4,6,-3,6,-3,6,-2,7,-2,8,-2,9,-2,9,-2,10,-2,9,-1,11,-1,11,-1,11,-1,11,-1,11,-2,12,-1,12,-2,12,0,13,-1,14,-1,14,0,0,-1,14,-1,15,0,15,0,15,-1,15,-1,15,-1,15,-1,15,-1,15,-1,15,-1,16,-2,14,-2,14,-2,14,-2,14,-2,14,-2,14,-2,13,-3,13,-2,12,-3,12,-4,12,-4,12,-4,12,-4,11,-4,10,0,0,0,0,0,0,0,0,0,0,0,0,0,0,19,9,18,9,19,7,18,6,16,5,17,4,16,1,17,3,15,-3,17,-2,20,-7,17,-6,20,-11,20,-10,23,-10,23,-16,23,-16,23,-15,22,-18,23,-18,26,-20,26,-17,23,-19,29,-19,26,-17,30,-21,28,-20,28,-25,28,-22,31,-27,27,-23,29,-23,28,-23,30,-23,27,-28,32,-22,31,-26,31,-26,31,-23,32,-22,33,-22,31,-21,35,-23,34,-24,33,-19,34,-24,30,-20,29,-19,30,-16,33,-17,29,-17,30,-17,29,-17,30,-15,28,-13,29,-10,29,-6,0,0,0,0,0,0,0,0,0,0,0,0,0,0,0,0,0,0,0,0,0,0,9,-10,11,-12,14,-10,9,-13,13,-8,14,-6,15,-10,16,-6,16,-7,19,-3,16,-3,17,-2,17,-4,17,-2,18,3,16,4,14,3,11,8,13,5,11,7,7,9,8,12,6,9,5,8,7,22,-1,9,-2,12,-4,12,-7,4,-2,11,-5,10,-5,11,-6,11,-7,11,-9,11,-8,13,-7,11,-9,10,-10,8,-11,11,-9,8,-6,11,-9,14,-10,12,-10,11,-8,10,-9,15,-7,15,-11,18,-12,17,-10,14,-9,20,-10,22,-7,13,-10,19,-9,22,-11,19,0,0]"
CSI_DATA,117,2a:00:00:00:00:00,-40,11,1,0,1,1,1,0,0,0,1,-96,0,11,2,1820840,0,44,0,384,0,"[0,0,0,0,0,0,0,0,0,0,0,0,2,-6,1,-6,0,-7,-1,-6,-2,-7,-2,-6,-3,-7,-4,-7,-4,-7,-5,-7,-5,-8,-6,-8,-6,-8,-7,-8,-7,-8,-9,-9,-8,-8,-8,-9,-9,-9,-9,-9,-9,-10,-10,-9,-9,-10,-10,-10,-10,-11,-11,-10,0,0,-11,-10,-12,-11,-12,-10,-13,-10,-11,-10,-12,-11,-12,-10,-12,-11,-12,-10,-12,-11,-11,-12,-10,-11,-10,-11,-10,-11,-10,-11,-10,-11,-10,-11,-9,-10,-9,-11,-9,-10,-9,-11,-8,-10,-8,-11,-7,-11,-7,-11,-6,-11,0,0,0,0,0,0,0,0,0,0,0,0,0,0,14,-41,15,-37,8,-38,9,-31,5,-31,-2,-33,0,-33,-6,-28,-10,-30,-9,-26,-17,-26,-25,-26,-27,-31,-26,-32,-27,-31,-36,-31,-43,-37,-41,-35,-39,-33,-43,-37,-52,-37,-48,-40,-52,-33,-55,-36,-54,-39,-55,-44,-60,-43,-62,-41,-58,-46,-67,-41,-62,-42,-64,-46,-61,-47,-67,-41,-67,-38,-63,-45,-71,-40,-70,-38,-66,-48,-68,-43,-68,-41,-68,-52,-64,-53,-62,-51,-60,-49,-63,-51,-62,-48,-63,-49,-56,-46,-57,-43,-54,-45,-54,-44,-54,-46,-45,-47,-47,-48,-44,-52,-39,-57,0,0,0,0,0,0,0,0,0,0,0,0,0,0,0,0,0,0,0,0,0,0,-28,-23,-27,-21,-25,-20,-28,-24,-24,-27,-22,-31,-22,-29,-22,-28,-23,-34,-23,-35,-9,-34,-13,-37,-11,-39,-3,-39,-1,-35,1,-36,0,-35,3,-32,8,-27,7,-27,11,-23,16,-23,14,-19,18,-15,20,-12,17,-16,15,-5,22,-4,22,-2,21,2,19,1,19,1,21,9,20,2,20,12,24,8,19,8,22,12,21,15,23,7,23,11,23,11,22,10,29,13,24,10,26,12,29,12,31,7,31,10,37,12,34,10,37,14,36,13,36,13,41,11,43,7,39,9,0,0]"
CSI_DATA,118,2a:00:00:00:00:00,-40,11,1,0,1,1,1,0,0,0,1,-96,0,11,2,1830686,0,44,0,384,0,"[0,0,0,0,0,0,0,0,0,0,0,0,6,-2,5,-3,5,-4,4,-4,4,-5,4,-5,3,-6,2,-7,2,-7,2,-7,3,-8,3,-9,3,-10,3,-10,3,-10,2,-12,2,-12,2,-11,2,-12,2,-12,2,-12,1,-13,2,-13,2,-14,2,-14,2,-14,0,0,1,-15,2,-16,2,-16,1,-16,2,-15,1,-16,1,-16,1,-15,1,-16,2,-15,3,-16,3,-15,3,-15,3,-15,3,-14,3,-14,3,-15,2,-13,3,-13,2,-13,3,-13,3,-13,4,-12,4,-12,5,-11,4,-11,0,0,0,0,0,0,0,0,0,0,0,0,0,0,42,4,39,-1,33,-4,36,-5,32,-6,31,-6,25,-12,26,-15,23,-19,26,-26,22,-25,24,-25,22,-34,20,-34,24,-42,19,-44,21,-51,17,-53,22,-45,20,-59,16,-58,22,-57,14,-60,21,-61,19,-63,20,-68,22,-69,16,-72,19,-74,16,-76,16,-67,18,-72,18,-79,12,-78,15,-85,19,-77,17,-83,15,-80,26,-78,17,-80,21,-79,24,-80,26,-80,26,-79,24,-74,27,-81,24,-70,29,-77,25,-61,21,-66,27,-67,24,-70,27,-67,33,-67,32,-61,33,-64,37,-53,0,0,0,0,0,0,0,0,0,0,0,0,0,0,0,0,0,0,0,0,0,0,15,-32,15,-30,16,-34,16,-28,21,-34,24,-28,22,-30,26,-26,26,-31,32,-24,30,-22,30,-23,38,-20,32,-19,31,-9,31,-9,30,-6,33,-5,31,0,29,4,29,5,22,8,25,12,21,11,15,14,15,16,8,15,9,17,12,21,13,20,4,22,5,21,2,21,-3,23,-1,22,-8,26,-6,26,-3,22,-4,23,-6,28,-6,24,-5,27,-7,28,-5,30,-6,25,0,30,-2,30,-6,35,-2,32,-3,39,-2,33,1,38,-2,41,-1,43,0,43,-1,40,-1,40,0,0]"
CSI_DATA,119,2a:00:00:00:00:00,-40,11,1,0,1,1,1,0,0,0,1,-96,0,11,2,1840658,0,44,0,384,0,"[0,0,0,0,0,0,0,0,0,0,0,0,3,-5,2,-6,1,-6,1,-6,0,-6,0,-6,-1,-7,-1,-7,-2,-8,-3,-8,-3,-9,-4,-9,-4,-10,-4,-10,-4,-10,-5,-11,-5,-10,-5,-11,-6,-11,-6,-11,-6,-11,-6,-12,-6,-12,-7,-12,-7,-13,-7,-13,0,0,-8,-13,-8,-14,-8,-14,-9,-13,-7,-13,-8,-14,-8,-14,-7,-14,-8,-14,-7,-14,-7,-15,-6,-14,-6,-14,-6,-14,-6,-14,-6,-14,-5,-14,-6,-13,-5,-13,-5,-12,-4,-13,-4,-12,-4,-12,-4,-12,-3,-13,-2,-12,0,0,0,0,0,0,0,0,0,0,0,0,0,0,31,-23,31,-23,27,-24,23,-21,23,-25,16,-19,14,-24,12,-27,9,-30,6,-30,5,-32,2,-33,2,-39,-4,-39,-1,-43,-14,-46,-12,-50,-15,-51,-13,-51,-14,-56,-14,-60,-13,-62,-20,-59,-17,-63,-17,-64,-16,-66,-21,-65,-28,-63,-23,-69,-30,-73,-29,-69,-25,-70,-22,-76,-30,-75,-29,-71,-23,-72,-24,-79,-25,-77,-24,-76,-22,-78,-24,-78,-20,-80,-21,-80,-24,-75,-15,-77,-18,-79,-14,-75,-16,-76,-12,-70,-10,-72,-11,-74,-7,-67,-8,-65,-9,-66,-5,-65,-2,-64,3,-62,0,0,0,0,0,0,0,0,0,0,0,0,0,0,0,0,0,0,0,0,0,0,-16,-34,-14,-31,-11,-33,-5,-35,-7,-37,-3,-38,-2,-38,-1,-34,1,-40,4,-37,6,-41,9,-38,10,-37,16,-36,16,-29,18,-31,19,-28,21,-27,21,-19,23,-16,20,-14,23,-13,27,-11,22,-5,23,-5,19,-2,21,3,23,0,18,11,20,13,16,9,16,17,14,17,13,18,10,18,12,21,12,19,13,19,13,20,14,23,11,23,11,21,7,23,16,24,18,23,15,19,16,25,17,26,16,25,20,29,24,30,25,31,22,33,21,29,26,32,27,33,22,34,0,0]"
CSI_DATA,120,2a:00:00:00:00:00,-39,11,1,0,1,1,1,0,0,0,1,-96,0,11,2,1860686,0,44,0,384,0,"[0,0,0,0,0,0,0,0,0,0,0,0,-5,3,-4,4,-3,5,-3,5,-2,5,-2,5,-1,6,-1,6,0,7,0,7,0,8,1,8,1,9,1,9,1,9,3,11,3,10,2,10,3,11,3,11,3,11,4,12,3,12,4,12,4,13,4,13,0,0,5,13,5,14,5,14,6,14,4,13,5,14,5,14,5,14,5,14,4,14,3,15,3,14,3,14,3,14,3,13,3,14,3,13,3,12,3,12,3,12,2,12,2,12,1,12,1,12,0,12,-1,12,0,0,0,0,0,0,0,0,0,0,0,0,0,0,-39,18,-35,17,-29,22,-29,12,-26,19,-20,17,-21,20,-16,24,-13,26,-11,30,-10,30,-7,36,-7,39,-3,40,-5,41,4,46,4,52,4,56,2,52,1,57,9,62,4,58,8,63,3,60,4,63,6,71,8,69,13,71,11,72,17,72,17,73,10,77,6,75,16,80,16,76,11,77,13,84,15,79,1,79,13,81,10,81,8,80,6,80,8,82,2,77,3,81,-2,76,2,78,-1,71,-1,66,-2,71,-1,67,-3,63,-4,65,-5,63,-10,66,-12,60,0,0,0,0,0,0,0,0,0,0,0,0,0,0,0,0,0,0,0,0,0,0,11,35,5,30,3,35,1,39,-1,38,-1,40,-2,34,-9,40,-13,39,-15,39,-15,39,-16,34,-16,38,-23,34,-25,27,-24,28,-26,28,-25,20,-22,17,-27,14,-26,8,-31,6,-27,6,-27,1,-26,-2,-24,-1,-20,-5,-17,-9,-16,-15,-23,-12,-16,-14,-18,-17,-12,-21,-13,-19,-12,-22,-13,-21,-11,-21,-10,-21,-12,-27,-12,-26,-12,-26,-13,-25,-11,-29,-7,-27,-13,-24,-12,-30,-15,-29,-14,-26,-19,-33,-15,-31,-19,-29,-21,-35,-14,-37,-15,-37,-22,-39,-25,-39,-24,-37,0,0]"
CSI_DATA,121,2a:00:00:00:00:00,-38,11,1,0,1,1,1,0,0,0,1,-96,0,11,2,1890651,0,44,0,384,0,"[0,0,0,0,0,0,0,0,0,0,0,0,2,-5,2,-5,1,-5,0,-5,0,-6,0,-6,-1,-6,-2,-7,-2,-7,-2,-7,-3,-8,-3,-9,-4,-9,-4,-9,-4,-10,-5,-10,-5,-10,-5,-10,-5,-11,-6,-11,-5,-11,-6,-11,-5,-11,-6,-12,-6,-13,-7,-13,0,0,-7,-13,-7,-13,-7,-14,-7,-12,-7,-13,-7,-13,-7,-13,-7,-13,-7,-13,-6,-13,-6,-14,-5,-14,-5,-13,-6,-14,-5,-13,-5,-14,-5,-13,-5,-13,-5,-12,-5,-11,-4,-12,-4,-12,-3,-11,-3,-12,-2,-12,-2,-12,0,0,0,0,0,0,0,0,0,0,0,0,0,0,-36,-3,-41,-12,-36,-2,-31,-4,-29,4,-37,3,-31,9,-31,11,-26,19,-26,18,-24,26,-25,25,-34,35,-31,40,-29,34,-30,40,-35,55,-31,49,-35,43,-35,53,-33,56,-31,57,-31,59,-34,57,-33,57,-37,56,-33,63,-34,66,-38,63,-34,74,-35,68,-34,74,-36,68,-35,70,-30,72,-36,65,-37,67,-42,77,-38,71,-39,72,-38,67,-42,69,-45,69,-42,68,-40,70,-42,70,-39,55,-47,66,-37,51,-36,50,-39,55,-34,52,-43,55,-44,49,-41,48,-42,47,-47,41,0,0,0,0,0,0,0,0,0,0,0,0,0,0,0,0,0,0,0,0,0,0,-18,33,-14,29,-23,29,-22,28,-25,36,-25,22,-30,25,-26,27,-33,24,-34,24,-35,18,-35,17,-38,21,-32,13,-33,11,-30,4,-32,3,-29,0,-28,0,-26,-1,-23,-5,-24,-10,-24,-10,-17,-12,-16,-16,-16,-13,-11,-18,-9,-16,-12,-17,-4,-17,-4,-11,-6,-12,-1,-24,5,-15,6,-20,4,-23,8,-25,5,-22,6,-21,3,-25,8,-17,6,-22,7,-24,3,-21,4,-22,4,-34,5,-32,8,-31,6,-28,11,-34,6,-31,14,-44,4,-39,6,-38,7,-40,2,-41,9,-38,0,0]"
CSI_DATA,122,2a:00:00:00:00:00,-38,11,1,0,1,1,1,0,0,0,1,-96,0,11,2,1900688,0,44,0,384,0,"[0,0,0,0,0,0,0,0,0,0,0,0,-5,-2,-5,-1,-5,0,-5,0,-5,1,-5,1,-6,2,-6,3,-6,3,-6,3,-7,4,-7,5,-7,5,-8,5,-8,6,-8,7,-8,7,-8,7,-8,8,-9,8,-9,8,-9,8,-9,8,-9,10,-10,9,-10,10,0,0,-9,11,-10,10,-10,11,-9,11,-10,10,-10,11,-10,11,-10,11,-10,11,-10,10,-11,10,-10,9,-10,10,-10,10,-10,9,-10,9,-10,9,-9,8,-9,8,-8,8,-9,8,-9,7,-9,7,-10,7,-10,6,-10,6,0,0,0,0,0,0,0,0,0,0,0,0,0,0,2,36,4,30,7,35,17,22,10,29,20,23,16,23,24,21,19,19,30,18,27,12,40,15,40,16,35,12,41,21,48,10,47,16,53,12,57,8,55,10,63,8,55,9,62,3,61,4,63,4,71,9,68,6,76,3,75,11,74,6,72,7,82,9,69,6,83,5,70,1,81,6,76,-3,78,-2,83,7,79,1,76,4,79,14,79,11,76,10,76,8,74,14,75,12,69,13,73,14,62,9,64,5,61,4,68,2,61,13,57,14,63,19,55,25,0,0,0,0,0,0,0,0,0,0,0,0,0,0,0,0,0,0,0,0,0,0,33,9,35,9,34,8,37,12,29,15,34,18,27,16,32,20,34,18,31,14,27,28,22,24,25,25,21,21,19,28,10,24,13,27,7,23,7,24,4,18,4,13,9,24,-1,17,-3,11,-11,14,-6,9,-7,14,-11,9,-9,11,-12,6,-17,9,-17,5,-14,-4,-20,-3,-18,-5,-16,-1,-16,-3,-20,-6,-19,-6,-20,-13,-20,-11,-26,2,-30,-1,-25,-2,-21,3,-34,4,-29,10,-26,2,-40,-1,-34,3,-42,5,-36,5,-37,8,-36,3,-47,-2,-45,10,-40,2,0,0]"
CSI_DATA,123,2a:00:00:00:00:00,-38,11,1,0,1,1,1,0,0,0,1,-96,0,11,2,1910630,0,44,0,384,0,"[0,0,0,0,0,0,0,0,0,0,0,0,-5,1,-5,1,-5,2,-4,3,-4,3,-4,4,-4,5,-4,5,-4,6,-4,7,-4,7,-4,8,-4,9,-4,9,-4,9,-4,11,-4,11,-4,11,-3,11,-4,11,-4,12,-4,13,-4,12,-4,13,-4,14,-4,14,0,0,-4,14,-4,15,-4,15,-3,15,-4,14,-4,15,-4,15,-4,15,-4,15,-5,15,-5,15,-5,14,-5,14,-5,14,-5,13,-5,14,-6,14,-5,12,-5,12,-5,12,-5,11,-6,12,-6,11,-6,11,-7,10,-7,10,0,0,0,0,0,0,0,0,0,0,0,0,0,0,33,25,18,24,26,19,25,14,23,13,25,8,26,6,30,0,30,-4,35,-1,33,-4,34,-7,46,-11,42,-17,45,-13,50,-23,48,-22,52,-20,53,-23,50,-26,58,-29,58,-28,57,-34,57,-31,62,-32,65,-38,68,-36,65,-37,65,-37,72,-40,69,-43,69,-40,68,-40,65,-45,63,-46,69,-38,68,-46,71,-47,74,-38,69,-39,71,-39,74,-34,71,-36,71,-43,72,-33,70,-35,71,-32,64,-33,64,-23,57,-24,66,-28,63,-22,63,-26,66,-20,60,-23,62,-19,63,-13,0,0,0,0,0,0,0,0,0,0,0,0,0,0,0,0,0,0,0,0,0,0,27,-18,22,-20,28,-21,25,-17,27,-15,28,-15,28,-13,30,-8,31,-11,29,-10,28,-6,31,-2,29,-2,28,-1,30,5,22,7,20,6,20,9,19,3,16,7,13,9,9,7,8,10,9,7,6,8,-2,11,2,10,-7,9,-6,9,-3,11,-8,9,-15,7,-9,11,-13,9,-15,6,-16,8,-15,7,-21,10,-22,4,-15,8,-18,6,-22,11,-24,10,-21,15,-19,22,-18,14,-24,16,-23,24,-24,14,-23,22,-22,25,-29,28,-31,22,-25,25,-28,28,-23,24,-26,29,0,0]"
CSI_DATA,124,2a:00:00:00:00:00,-38,11,1,0,1,1,1,0,0,0,1,-96,0,11,2,1920658,0,44,0,384,0,"[0,0,0,0,0,0,0,0,0,0,0,0,0,4,1,4,2,4,2,4,3,3,4,3,5,3,5,3,6,3,6,3,7,4,8,3,8,4,9,4,9,4,10,3,10,3,10,3,11,3,11,3,12,3,12,3,12,3,13,3,14,4,14,3,0,0,14,3,15,4,15,3,15,3,14,4,15,3,15,3,15,3,15,3,14,4,15,5,14,5,14,4,13,4,13,5,14,5,13,4,13,4,12,4,12,4,12,4,11,4,11,5,11,5,10,6,10,6,0,0,0,0,0,0,0,0,0,0,0,0,0,0,28,-24,28,-23,21,-25,22,-19,17,-24,14,-25,14,-23,11,-28,0,-31,5,-37,2,-31,-4,-39,0,-44,-6,-46,-11,-44,-8,-50,-12,-54,-18,-58,-18,-58,-15,-61,-19,-62,-17,-63,-26,-61,-16,-66,-16,-64,-24,-73,-22,-66,-32,-69,-28,-72,-31,-78,-20,-74,-28,-73,-29,-76,-33,-72,-38,-74,-25,-84,-28,-76,-29,-83,-29,-77,-30,-76,-32,-80,-31,-81,-22,-76,-28,-81,-22,-80,-24,-82,-23,-81,-24,-75,-20,-64,-19,-66,-14,-72,-19,-62,-15,-64,-12,-63,-8,-63,-11,-66,-4,-62,0,0,0,0,0,0,0,0,0,0,0,0,0,0,0,0,0,0,0,0,0,0,-12,-26,-9,-25,-6,-27,-9,-30,-9,-25,-4,-27,-4,-28,-3,-26,-3,-34,3,-23,-2,-29,2,-24,7,-26,7,-23,6,-17,9,-15,6,-16,5,-14,9,-6,10,-8,4,-9,10,-1,4,-9,10,1,5,5,3,1,9,2,6,1,6,11,5,13,1,15,-3,15,5,18,2,18,4,22,-2,17,2,17,1,22,-2,22,3,25,1,25,4,17,3,21,6,26,13,34,7,19,7,21,11,29,12,29,17,26,14,40,17,35,16,34,18,30,23,37,24,35,21,32,0,0]"
CSI_DATA,125,2a:00:00:00:00:00,-37,11,1,0,1,1,1,0,0,0,1,-96,0,11,2,1930678,0,44,0,384,0,"[0,0,0,0,0,0,0,0,0,0,0,0,5,-1,4,-2,4,-3,4,-4,4,-4,3,-5,3,-6,3,-6,3,-7,3,-8,3,-8,4,-10,4,-10,3,-10,3,-11,3,-12,3,-12,3,-12,2,-12,3,-13,3,-13,3,-14,3,-14,2,-15,3,-15,3,-15,0,0,2,-16,3,-17,2,-17,2,-17,3,-16,3,-17,2,-17,3,-17,3,-17,3,-17,4,-17,4,-16,4,-16,4,-16,4,-15,4,-16,4,-16,3,-14,3,-14,3,-14,4,-13,4,-13,4,-13,5,-13,5,-12,6,-12,0,0,0,0,0,0,0,0,0,0,0,0,0,0,-8,-14,-15,-16,-13,-13,-12,-10,-13,-12,-13,-9,-13,-7,-18,-9,-14,-2,-21,-2,-17,0,-19,4,-22,4,-22,5,-24,7,-23,8,-26,9,-28,9,-27,10,-29,9,-32,16,-31,11,-27,15,-32,13,-32,15,-31,15,-31,16,-34,21,-36,16,-36,20,-34,18,-35,19,-33,16,-37,20,-33,21,-37,18,-36,20,-38,24,-38,20,-36,20,-38,19,-37,19,-36,17,-40,15,-36,17,-37,16,-35,15,-34,16,-33,12,-31,13,-33,12,-28,13,-32,13,-30,9,-30,10,-32,8,-32,4,0,0,0,0,0,0,0,0,0,0,0,0,0,0,0,0,0,0,0,0,0,0,-10,2,-13,3,-13,1,-12,2,-12,-1,-12,-3,-13,-1,-12,-2,-11,-3,-9,-3,-9,-4,-10,-6,-11,-4,-9,-6,-7,-7,-6,-9,-4,-5,-3,-8,-2,-10,-2,-5,0,-5,1,-7,2,-5,5,-3,5,-5,6,-4,9,-4,6,-4,9,-3,9,-3,10,-3,11,-2,11,-2,11,-2,11,0,15,-5,11,-2,13,-4,14,-4,13,-3,14,-4,15,-5,13,-6,12,-7,12,-9,13,-5,13,-9,13,-9,14,-8,15,-11,14,-12,15,-13,14,-9,15,-11,19,-15,19,-12,20,-11,0,0]"
CSI_DATA,126,2a:00:00:00:00:00,-37,11,1,0,1,1,1,0,0,0,1,-96,0,11,2,1940666,0,44,0,384,0,"[0,0,0,0,0,0,0,0,0,0,0,0,1,-6,0,-6,-1,-6,-2,-6,-2,-6,-3,-6,-4,-6,-4,-6,-5,-7,-6,-7,-6,-8,-7,-7,-7,-8,-8,-8,-8,-8,-10,-8,-9,-8,-10,-8,-10,-7,-10,-8,-10,-9,-12,-8,-11,-9,-12,-9,-12,-9,-12,-9,0,0,-12,-9,-14,-10,-13,-9,-15,-9,-12,-9,-14,-10,-14,-10,-13,-10,-14,-10,-14,-10,-13,-11,-12,-10,-12,-10,-11,-10,-12,-10,-11,-10,-12,-11,-11,-9,-11,-10,-11,-9,-10,-10,-10,-10,-9,-10,-9,-10,-8,-11,-7,-10,0,0,0,0,0,0,0,0,0,0,0,0,0,0,-36,23,-35,27,-27,27,-30,26,-23,23,-15,28,-12,28,-10,32,-8,37,-9,32,-4,36,-3,36,1,48,2,46,6,44,8,45,9,49,10,51,7,51,13,57,16,61,15,57,23,62,17,65,13,65,20,70,19,71,27,67,24,69,30,72,26,67,24,72,23,73,29,77,27,70,24,75,23,75,29,78,19,80,17,74,26,77,23,74,20,76,19,75,19,78,17,74,13,71,13,72,13,62,10,63,9,67,8,69,10,60,3,62,7,61,2,63,-5,61,0,0,0,0,0,0,0,0,0,0,0,0,0,0,0,0,0,0,0,0,0,0,-2,25,-5,20,-4,18,-10,27,-7,25,-7,20,-13,19,-17,19,-17,22,-17,19,-22,19,-23,15,-20,14,-23,15,-21,9,-23,7,-20,3,-22,-1,-22,-3,-25,-10,-19,-14,-19,-10,-17,-19,-16,-15,-15,-19,-20,-21,-16,-20,-14,-22,-12,-28,-14,-28,-9,-23,-14,-27,-9,-31,-10,-27,-8,-30,-9,-27,-12,-30,-12,-28,-14,-30,-17,-33,-9,-25,-10,-30,-15,-31,-14,-32,-13,-39,-20,-41,-14,-35,-14,-37,-22,-38,-19,-39,-20,-37,-22,-41,-25,-40,-32,-33,-32,-45,-23,-38,-26,-43,0,0]"
CSI_DATA,127,2a:00:00:00:00:00,-37,11,1,0,1,1,1,0,0,0,1,-96,0,11,2,1960659,0,44,0,384,0,"[0,0,0,0,0,0,0,0,0,0,0,0,-4,4,-4,5,-3,5,-2,5,-2,5,-2,6,-1,7,-1,7,-1,7,0,8,0,9,0,9,0,9,1,9,0,10,1,11,1,10,1,10,2,11,2,11,1,11,2,11,2,11,3,12,3,13,3,12,0,0,3,13,3,13,3,14,4,13,3,13,3,14,3,13,3,13,3,13,3,13,2,14,2,13,2,13,2,13,1,12,2,12,1,12,2,11,1,11,2,11,1,11,1,11,0,11,0,11,-1,10,-1,10,0,0,0,0,0,0,0,0,0,0,0,0,0,0,40,-3,41,-6,37,-12,30,-11,32,-15,37,-15,28,-15,31,-21,24,-20,25,-28,25,-28,26,-30,25,-40,23,-39,34,-40,28,-47,33,-48,26,-52,27,-48,29,-52,25,-58,33,-53,25,-56,23,-60,32,-54,25,-59,32,-58,26,-67,34,-68,31,-71,26,-67,29,-66,32,-71,30,-75,21,-66,30,-69,32,-71,30,-70,29,-70,31,-68,32,-71,38,-66,37,-62,34,-64,34,-62,37,-65,35,-60,40,-63,30,-56,31,-46,31,-54,32,-47,31,-53,31,-48,38,-50,36,-49,41,-42,0,0,0,0,0,0,0,0,0,0,0,0,0,0,0,0,0,0,0,0,0,0,30,-16,33,-11,37,-16,38,-8,40,-7,40,-9,37,-8,35,-8,43,-3,40,-1,40,6,46,10,48,10,44,15,41,19,41,22,38,20,33,24,29,28,30,26,33,23,25,38,21,31,23,32,19,39,20,34,10,36,12,35,11,37,9,34,3,34,0,40,6,36,2,31,2,35,2,38,5,35,2,40,3,30,4,37,2,31,1,40,-1,34,-2,34,1,37,14,41,9,41,7,40,5,42,4,41,1,44,8,42,1,46,1,41,7,44,11,49,0,45,0,0]"
CSI_DATA,128,2a:00:00:00:00:00,-38,11,1,0,1,1,1,0,0,0,1,-96,0,11,2,1973002,0,44,0,384,0,"[0,0,0,0,0,0,0,0,0,0,0,0,-4,2,-4,3,-3,3,-3,4,-3,4,-3,4,-3,5,-2,6,-3,6,-2,7,-3,7,-2,8,-3,8,-2,8,-3,8,-2,10,-2,9,-2,9,-2,10,-2,10,-2,10,-2,10,-2,10,-2,11,-2,11,-2,11,0,0,-2,11,-2,12,-1,12,-1,12,-2,12,-2,12,-2,12,-2,12,-2,12,-2,12,-3,12,-3,12,-2,12,-2,11,-3,11,-3,11,-2,11,-2,10,-3,10,-2,10,-3,9,-3,10,-3,10,-3,9,-4,9,-4,8,0,0,0,0,0,0,0,0,0,0,0,0,0,0,27,12,26,13,25,6,22,3,31,1,30,-2,26,-3,31,-5,34,1,32,-7,36,-16,38,-16,39,-18,38,-15,39,-22,45,-23,48,-26,42,-25,50,-29,47,-27,51,-35,43,-28,41,-31,44,-31,48,-28,51,-36,52,-36,48,-35,48,-35,52,-44,55,-34,57,-39,50,-37,56,-47,50,-41,57,-41,54,-42,55,-45,55,-39,59,-39,56,-39,56,-36,61,-34,54,-35,55,-36,56,-37,57,-31,53,-34,54,-24,50,-28,51,-28,52,-24,46,-32,47,-25,52,-22,53,-19,50,-13,0,0,0,0,0,0,0,0,0,0,0,0,0,0,0,0,0,0,0,0,0,0,37,15,37,16,36,16,38,18,34,25,40,21,36,26,33,29,37,36,31,30,30,38,31,38,30,41,28,40,25,45,17,40,20,42,16,47,15,41,11,44,8,42,6,48,1,45,1,38,-4,39,-3,39,-5,38,-7,37,-5,36,-10,35,-8,32,-15,31,-11,26,-11,28,-15,21,-13,32,-10,29,-15,29,-12,26,-17,24,-8,29,-11,30,-12,30,-15,27,-11,28,-9,25,-12,31,-12,27,-13,33,-11,33,-12,32,-11,31,-18,30,-11,35,-17,32,-12,37,-12,32,0,0]"
CSI_DATA,129,2a:00:00:00:00:00,-40,11,1,0,1,1,1,0,0,0,1,-96,0,11,2,2002975,0,44,0,384,0,"[0,0,0,0,0,0,0,0,0,0,0,0,1,-3,1,-3,0,-4,0,-4,-1,-5,0,-5,-1,-6,-1,-6,-2,-7,-2,-8,-1,-9,-2,-9,-2,-10,-2,-10,-2,-10,-3,-11,-3,-11,-2,-12,-3,-11,-3,-12,-3,-12,-4,-13,-3,-13,-4,-13,-4,-14,-4,-14,0,0,-5,-14,-5,-15,-6,-15,-6,-15,-5,-14,-6,-15,-5,-15,-5,-15,-6,-15,-5,-15,-5,-15,-4,-15,-5,-15,-4,-15,-5,-14,-5,-14,-5,-15,-5,-13,-4,-13,-5,-13,-4,-13,-4,-13,-3,-13,-3,-13,-2,-13,-2,-12,0,0,0,0,0,0,0,0,0,0,0,0,0,0,16,-8,14,-10,12,-8,11,-12,11,-11,2,-12,5,-20,4,-20,6,-24,-2,-24,-1,-25,-2,-37,-8,-34,-3,-37,-2,-39,-8,-43,-6,-50,-10,-48,-4,-48,-10,-53,-11,-59,-9,-57,-15,-61,-9,-61,-8,-61,-11,-65,-10,-64,-20,-70,-13,-72,-21,-73,-15,-66,-18,-74,-12,-71,-23,-79,-22,-73,-19,-78,-27,-78,-19,-80,-16,-82,-23,-82,-24,-78,-16,-79,-16,-82,-17,-79,-15,-77,-16,-78,-15,-79,-16,-76,-18,-69,-16,-71,-15,-70,-15,-69,-13,-69,-11,-69,-7,-70,-6,-69,-2,-66,0,0,0,0,0,0,0,0,0,0,0,0,0,0,0,0,0,0,0,0,0,0,29,-30,32,-30,31,-29,39,-29,36,-27,41,-26,39,-27,43,-27,47,-28,45,-24,52,-20,48,-23,50,-22,47,-18,44,-13,45,-12,48,-16,46,-10,44,-6,40,-6,39,-2,44,-6,36,-2,35,-3,34,1,31,-2,28,-2,26,1,22,0,27,1,18,2,19,2,18,1,15,3,16,2,16,5,11,2,7,4,9,3,9,3,6,3,9,3,5,4,6,6,7,5,9,4,5,5,7,9,6,12,9,14,11,15,10,15,9,15,10,14,9,16,7,20,8,18,0,0]"
CSI_DATA,130,2a:00:00:00:00:00,-40,11,1,0,1,1,1,0,0,0,1,-96,0,11,2,2010792,0,44,0,384,0,"[0,0,0,0,0,0,0,0,0,0,0,0,2,-2,1,-2,2,-2,1,-3,2,-4,2,-4,2,-5,2,-6,2,-6,2,-7,2,-8,2,-8,3,-8,3,-9,3,-9,3,-10,3,-10,3,-10,3,-10,3,-11,3,-11,3,-12,3,-11,3,-13,3,-13,3,-13,0,0,3,-13,3,-14,3,-15,3,-14,4,-14,3,-15,3,-15,3,-14,4,-15,3,-15,4,-15,4,-14,4,-14,4,-14,4,-13,4,-14,4,-14,3,-13,4,-13,3,-12,4,-13,4,-12,4,-12,4,-12,5,-11,5,-11,0,0,0,0,0,0,0,0,0,0,0,0,0,0,14,11,12,5,13,-1,14,-1,13,-5,14,-6,12,-11,12,-11,12,-16,11,-20,15,-26,13,-27,17,-29,19,-35,18,-37,18,-41,20,-48,21,-46,21,-46,27,-48,23,-53,25,-56,19,-52,27,-58,24,-57,32,-63,27,-62,24,-70,27,-65,23,-75,22,-65,24,-72,28,-71,25,-74,20,-73,27,-74,27,-81,26,-84,31,-76,25,-78,26,-75,30,-81,28,-78,27,-77,26,-76,28,-76,30,-70,29,-76,27,-67,26,-69,29,-66,28,-65,29,-66,28,-65,34,-64,30,-63,34,-58,0,0,0,0,0,0,0,0,0,0,0,0,0,0,0,0,0,0,0,0,0,0,39,-10,35,-10,42,-6,45,-4,44,2,44,0,44,0,45,2,49,1,43,5,46,6,45,5,51,10,44,10,44,12,40,16,41,16,37,15,32,13,36,15,30,14,29,17,28,14,23,16,24,12,21,11,21,15,17,11,17,12,13,9,11,6,12,10,11,9,7,5,7,5,4,4,5,4,-1,3,2,5,6,7,0,7,0,4,-4,4,0,8,2,4,1,7,-2,10,1,7,-4,10,-8,9,-5,14,-5,12,-5,16,-6,17,-9,13,-4,17,-8,15,0,0]"
CSI_DATA,131,2a:00:00:00:00:00,-40,11,1,0,1,1,1,0,0,0,1,-96,0,11,2,2030987,0,44,0,384,0,"[0,0,0,0,0,0,0,0,0,0,0,0,2,2,3,2,3,1,4,1,4,0,4,0,5,-1,6,-1,6,-2,6,-2,8,-2,8,-3,9,-2,9,-3,10,-2,11,-3,11,-4,10,-3,11,-3,11,-4,12,-3,12,-4,12,-3,13,-5,13,-4,13,-5,0,0,14,-5,14,-5,14,-5,14,-6,13,-4,14,-5,14,-5,13,-5,14,-5,14,-4,14,-4,13,-4,13,-4,13,-4,13,-4,13,-4,13,-4,12,-4,12,-3,11,-4,12,-3,11,-3,11,-3,11,-3,11,-2,11,-1,0,0,0,0,0,0,0,0,0,0,0,0,0,0,6,20,9,26,13,21,9,19,17,13,13,10,17,11,17,11,23,4,27,2,27,2,34,-5,38,0,34,-1,40,-2,45,-5,53,-5,51,-7,52,-7,57,-4,61,-9,57,-8,62,-12,62,-11,63,-12,71,-7,64,-12,69,-13,70,-11,73,-18,72,-13,79,-13,76,-13,77,-19,73,-20,76,-15,74,-17,79,-22,80,-14,80,-16,74,-17,78,-10,76,-13,79,-10,78,-10,75,-13,71,-6,70,-15,66,-7,63,-8,65,-12,63,-8,66,-14,62,-2,67,-2,68,-3,63,3,0,0,0,0,0,0,0,0,0,0,0,0,0,0,0,0,0,0,0,0,0,0,39,19,33,25,37,23,36,25,37,25,35,27,34,25,37,27,36,35,32,36,30,37,29,38,30,43,22,43,23,40,17,40,17,41,14,38,13,34,7,33,6,31,5,34,4,30,0,29,-2,29,-2,28,-5,23,-5,24,-9,19,-5,19,-6,14,-11,15,-10,11,-9,13,-11,7,-12,5,-14,9,-14,9,-11,6,-15,3,-13,5,-13,5,-16,8,-15,6,-20,3,-15,9,-20,8,-17,8,-23,8,-22,7,-26,4,-24,7,-23,8,-23,8,-29,9,-30,10,-27,7,0,0]"
CSI_DATA,132,2a:00:00:00:00:00,-40,11,1,0,1,1,1,0,0,0,1,-96,0,11,2,2040694,0,44,0,384,0,"[0,0,0,0,0,0,0,0,0,0,0,0,-4,-4,-4,-3,-4,-3,-5,-3,-5,-2,-6,-2,-6,-1,-7,-1,-8,-1,-8,-1,-9,0,-10,0,-10,0,-10,0,-10,0,-11,1,-11,1,-11,1,-12,1,-12,1,-12,0,-13,1,-13,1,-14,1,-14,1,-14,2,0,0,-14,2,-14,2,-15,2,-15,2,-14,1,-15,2,-14,2,-14,2,-14,2,-14,1,-15,1,-14,1,-13,1,-13,1,-13,0,-13,0,-13,1,-12,1,-12,0,-11,1,-11,0,-11,1,-11,0,-11,0,-11,-1,-11,-1,0,0,0,0,0,0,0,0,0,0,0,0,0,0,-11,-24,-13,-27,-13,-24,-16,-20,-18,-16,-18,-14,-23,-13,-20,-10,-23,-8,-29,-8,-31,-2,-36,-1,-39,2,-43,0,-43,0,-49,8,-53,4,-53,4,-54,8,-55,8,-67,13,-62,7,-64,9,-64,13,-67,7,-67,11,-70,11,-72,14,-72,13,-78,16,-68,11,-73,14,-71,12,-78,17,-71,18,-75,12,-77,19,-73,20,-77,12,-73,12,-74,13,-75,12,-73,12,-72,11,-68,10,-76,5,-71,7,-67,10,-65,7,-63,8,-63,8,-59,7,-59,10,-62,4,-59,4,-58,3,-57,0,0,0,0,0,0,0,0,0,0,0,0,0,0,0,0,0,0,0,0,0,0,0,-37,-22,-40,-21,-43,-19,-43,-26,-36,-28,-38,-33,-39,-30,-35,-33,-42,-37,-36,-39,-31,-44,-32,-39,-31,-44,-26,-46,-22,-43,-20,-46,-24,-46,-18,-43,-15,-42,-12,-37,-6,-37,-7,-39,-1,-39,-1,-37,1,-35,-3,-35,6,-27,4,-27,6,-26,8,-25,7,-21,9,-19,12,-17,10,-15,11,-17,12,-15,15,-10,14,-15,16,-15,12,-13,16,-13,15,-16,16,-13,17,-13,18,-10,20,-14,22,-14,21,-11,23,-12,26,-11,24,-12,24,-14,29,-14,26,-15,28,-14,26,-15,27,-15,0,0]"
CSI_DATA,133,2a:00:00:00:00:00,-39,11,1,0,1,1,1,0,0,0,1,-96,0,11,2,2050685,0,44,0,384,0,"[0,0,0,0,0,0,0,0,0,0,0,0,-5,2,-4,2,-4,3,-4,4,-3,4,-3,4,-3,5,-3,6,-3,6,-2,6,-3,7,-3,8,-3,8,-3,8,-3,9,-2,10,-2,10,-3,10,-2,10,-3,10,-3,11,-2,11,-3,11,-2,12,-3,12,-3,12,0,0,-2,12,-3,13,-3,13,-2,13,-3,12,-3,13,-3,13,-3,12,-3,12,-3,12,-4,12,-4,11,-4,11,-3,11,-4,11,-4,11,-4,11,-3,9,-3,9,-3,9,-3,9,-3,9,-4,9,-4,8,-4,8,-4,8,0,0,0,0,0,0,0,0,0,0,0,0,0,0,29,6,33,12,39,5,36,-4,36,0,33,6,23,1,35,-6,32,-9,39,-14,34,-17,37,-14,40,-27,37,-23,41,-26,39,-33,44,-33,43,-35,42,-29,43,-47,53,-40,44,-36,48,-41,53,-44,53,-39,51,-40,54,-43,46,-51,55,-49,55,-56,53,-52,57,-51,57,-49,54,-55,47,-50,53,-46,58,-49,63,-53,59,-49,63,-43,55,-47,60,-43,56,-47,53,-46,51,-37,55,-41,53,-36,51,-43,48,-30,51,-35,46,-25,43,-31,43,-33,45,-28,51,-30,44,-26,49,-19,0,0,0,0,0,0,0,0,0,0,0,0,0,0,0,0,0,0,0,0,0,0,45,-16,44,-6,48,-12,49,-11,45,-7,50,-3,50,-5,50,1,48,-1,55,0,51,10,50,6,53,11,49,14,43,18,46,21,49,22,40,26,36,25,36,25,31,26,31,34,21,30,24,25,24,30,22,33,21,34,11,28,9,30,12,26,-3,32,5,29,0,24,3,26,1,26,-3,28,4,25,0,29,-2,23,-1,20,-7,24,-3,28,-1,29,-3,32,-7,24,-8,39,-5,34,-9,31,-2,34,-8,35,-11,34,-4,42,-7,40,-11,41,-10,36,-10,44,-14,39,0,0]"
CSI_DATA,134,2a:00:00:00:00:00,-37,11,1,0,1,1,1,0,0,0,1,-96,0,11,2,2070680,0,44,0,384,0,"[0,0,0,0,0,0,0,0,0,0,0,0,5,-1,5,-2,5,-2,5,-3,5,-3,5,-3,6,-4,6,-4,6,-5,6,-6,7,-6,6,-7,7,-7,7,-7,7,-7,7,-8,7,-8,8,-8,7,-8,8,-8,8,-8,8,-9,8,-8,9,-10,9,-10,9,-10,0,0,9,-10,10,-10,9,-10,10,-11,9,-9,10,-10,10,-10,10,-9,10,-9,10,-9,11,-9,10,-8,10,-8,9,-8,10,-7,9,-7,10,-8,8,-7,9,-6,8,-6,8,-6,8,-6,9,-6,9,-6,9,-5,8,-4,0,0,0,0,0,0,0,0,0,0,0,0,0,0,-30,-29,-33,-23,-30,-18,-34,-20,-29,-11,-34,-14,-31,-15,-35,-12,-38,-3,-39,-10,-46,-2,-42,-2,-51,0,-46,3,-51,-4,-48,9,-56,5,-56,7,-58,6,-60,6,-67,11,-60,9,-64,13,-67,20,-61,15,-68,18,-64,11,-71,16,-76,8,-71,14,-69,17,-75,21,-65,15,-80,19,-72,16,-75,15,-75,21,-68,24,-74,16,-74,19,-74,14,-77,11,-71,5,-72,11,-70,13,-70,1,-71,7,-66,10,-62,0,-58,7,-57,3,-55,11,-58,6,-51,-2,-56,2,-56,-4,-57,-9,0,0,0,0,0,0,0,0,0,0,0,0,0,0,0,0,0,0,0,0,0,0,-40,-8,-41,-10,-40,-12,-46,-13,-41,-17,-38,-22,-38,-17,-44,-25,-47,-31,-39,-30,-38,-37,-36,-36,-40,-36,-29,-36,-34,-37,-29,-41,-30,-44,-24,-41,-24,-37,-21,-37,-20,-39,-16,-39,-7,-37,-11,-39,-8,-39,-7,-37,-7,-35,-5,-35,0,-26,-1,-29,-2,-26,7,-26,5,-25,4,-22,9,-25,9,-23,10,-24,7,-27,8,-26,9,-22,9,-24,15,-26,10,-27,11,-28,14,-26,4,-28,12,-27,10,-32,6,-28,15,-22,17,-29,18,-32,15,-29,22,-34,16,-32,18,-36,25,-32,0,0]"
CSI_DATA,135,2a:00:00:00:00:00,-37,11,1,0,1,1,1,0,0,0,1,-96,0,11,2,2080657,0,44,0,384,0,"[0,0,0,0,0,0,0,0,0,0,0,0,1,-7,1,-6,0,-7,0,-7,0,-8,-1,-8,-1,-8,-1,-9,-1,-9,-2,-9,-1,-10,-2,-10,-2,-11,-3,-11,-2,-11,-3,-12,-3,-11,-3,-12,-4,-12,-4,-13,-4,-13,-4,-13,-4,-13,-5,-14,-4,-14,-5,-14,0,0,-5,-14,-5,-16,-5,-15,-6,-15,-4,-14,-5,-15,-5,-15,-5,-15,-5,-15,-4,-15,-4,-16,-3,-15,-3,-15,-3,-14,-3,-14,-3,-14,-3,-14,-3,-13,-3,-12,-3,-12,-2,-12,-2,-12,-2,-12,-1,-12,-1,-12,-1,-11,0,0,0,0,0,0,0,0,0,0,0,0,0,0,-33,11,-28,10,-28,14,-37,9,-36,13,-30,20,-31,17,-30,22,-28,22,-27,27,-27,29,-27,30,-33,36,-30,39,-32,33,-32,42,-35,48,-34,48,-37,46,-33,48,-36,55,-32,49,-33,59,-38,55,-38,57,-39,56,-36,56,-36,63,-36,62,-35,68,-35,65,-35,67,-35,65,-35,72,-33,65,-44,73,-45,67,-40,68,-47,65,-40,67,-41,62,-45,64,-45,60,-45,59,-45,59,-42,55,-38,55,-36,58,-43,43,-35,43,-37,49,-34,47,-38,42,-40,42,-43,39,-38,43,-41,37,0,0,0,0,0,0,0,0,0,0,0,0,0,0,0,0,0,0,0,0,0,0,-31,17,-30,12,-36,10,-41,16,-39,12,-43,10,-41,5,-40,10,-47,9,-48,1,-47,0,-43,4,-51,1,-52,-7,-45,-7,-38,-12,-48,-7,-41,-16,-43,-12,-44,-14,-38,-15,-40,-22,-32,-17,-31,-16,-31,-23,-30,-19,-28,-22,-20,-22,-22,-24,-24,-24,-17,-18,-21,-22,-14,-20,-13,-19,-16,-25,-11,-16,-8,-16,-12,-22,-11,-21,-12,-25,-13,-18,-10,-20,-10,-24,-11,-25,-15,-22,-15,-16,-8,-27,-13,-30,-12,-21,-15,-23,-14,-31,-9,-32,-16,-41,-6,-25,-13,-35,-19,-34,-11,-39,0,0]"
CSI_DATA,136,2a:00:00:00:00:00,-40,11,1,0,1,1,1,0,0,0,1,-96,0,11,2,2110701,0,44,0,384,0,"[0,0,0,0,0,0,0,0,0,0,0,0,1,-1,1,-2,1,-2,2,-3,2,-3,3,-4,3,-4,3,-4,4,-5,4,-5,4,-6,5,-7,6,-7,6,-7,6,-7,6,-8,6,-8,6,-8,6,-8,7,-9,7,-9,7,-9,7,-9,7,-10,7,-11,7,-11,0,0,7,-12,8,-12,7,-13,7,-13,7,-12,8,-13,7,-13,7,-13,8,-13,8,-13,9,-13,8,-12,8,-12,7,-12,8,-11,8,-12,7,-12,7,-11,7,-11,6,-11,7,-11,7,-10,6,-11,7,-11,7,-10,7,-9,0,0,0,0,0,0,0,0,0,0,0,0,0,0,3,3,6,-1,7,-2,9,1,8,-3,12,-6,12,-6,13,-9,17,-14,17,-12,20,-13,26,-20,28,-18,32,-21,30,-22,34,-28,40,-32,40,-28,42,-25,42,-27,47,-36,43,-28,44,-40,51,-34,50,-32,49,-37,49,-37,48,-50,49,-43,51,-50,47,-47,56,-49,52,-50,54,-58,52,-54,58,-57,56,-58,57,-59,63,-54,61,-57,55,-55,57,-58,60,-58,58,-59,58,-53,58,-53,59,-55,50,-53,52,-47,53,-46,48,-45,49,-48,49,-47,48,-44,52,-48,50,-41,55,-40,0,0,0,0,0,0,0,0,0,0,0,0,0,0,0,0,0,0,0,0,0,0,19,34,22,42,21,38,23,46,14,42,18,43,12,44,13,44,12,50,9,48,12,46,12,49,15,49,9,47,5,46,6,48,5,46,-1,40,2,40,-3,36,-3,33,-6,35,-2,28,0,26,-6,24,2,21,-2,21,-7,19,-8,15,-6,14,-1,12,-2,9,-5,6,-6,6,-3,1,-4,-1,-4,1,-3,-2,-2,-1,0,-4,-4,-3,-2,-5,-4,-7,-3,-6,-2,-7,1,-6,-3,-7,-2,-6,-6,-6,-2,-3,-1,-1,1,5,-7,-5,-5,-1,-7,4,-10,3,-5,1,0,0]"
CSI_DATA,137,2a:00:00:00:00:00,-41,11,1,0,1,1,1,0,0,0,1,-96,0,11,2,2120659,0,44,0,384,0,"[0,0,0,0,0,0,0,0,0,0,0,0,0,0,0,0,0,-1,0,-1,0,-2,0,-3,0,-4,0,-4,0,-5,1,-6,1,-7,1,-7,2,-8,1,-8,2,-8,2,-9,1,-9,2,-9,2,-9,2,-10,3,-10,2,-11,2,-11,1,-12,2,-12,2,-13,0,0,1,-13,2,-14,1,-14,1,-14,1,-14,1,-15,1,-15,1,-14,1,-15,1,-15,1,-15,2,-14,1,-15,2,-14,2,-14,2,-14,2,-14,1,-13,2,-13,1,-13,2,-13,1,-13,2,-13,2,-13,2,-12,2,-12,0,0,0,0,0,0,0,0,0,0,0,0,0,0,-3,16,-1,14,-1,10,-4,3,0,6,0,-1,-2,-2,1,-6,0,-12,5,-14,8,-21,7,-18,14,-27,9,-27,12,-30,10,-36,15,-40,16,-37,21,-36,25,-44,25,-47,25,-44,21,-45,26,-54,22,-49,28,-52,25,-50,23,-57,26,-62,20,-67,27,-60,22,-67,23,-62,24,-69,17,-72,27,-71,22,-72,22,-80,29,-74,25,-77,25,-76,25,-74,24,-78,25,-84,30,-77,24,-78,25,-70,22,-75,24,-65,20,-66,23,-67,19,-67,22,-68,24,-64,22,-67,26,-64,29,-59,0,0,0,0,0,0,0,0,0,0,0,0,0,0,0,0,0,0,0,0,0,0,51,25,44,25,46,28,49,29,47,31,45,32,45,31,46,31,50,36,45,38,42,40,42,39,49,40,40,42,33,40,30,40,32,39,30,39,27,31,22,37,21,32,18,31,17,31,18,25,12,25,13,26,9,18,9,18,6,19,9,17,6,11,-1,11,-2,8,-5,6,-4,6,-7,0,-5,-2,-7,-3,-10,-3,-12,-4,-13,-3,-14,-7,-15,-8,-11,-10,-12,-12,-17,-14,-18,-11,-14,-8,-14,-9,-12,-10,-11,-10,-14,-6,-16,-8,-15,-8,-16,-9,-16,-3,-14,-3,0,0]"
CSI_DATA,138,2a:00:00:00:00:00,-43,11,1,0,1,1,1,0,0,0,1,-96,0,11,2,2131108,0,44,0,384,0,"[0,0,0,0,0,0,0,0,0,0,0,0,3,-2,2,-2,2,-1,1,-1,0,-1,-1,-1,-2,-1,-2,-1,-4,-1,-5,-1,-5,-1,-6,-2,-6,-2,-7,-2,-7,-2,-9,-2,-9,-2,-9,-2,-9,-2,-10,-1,-10,-1,-11,-1,-11,-2,-12,-1,-12,-1,-13,-1,0,0,-13,0,-14,0,-14,0,-14,1,-13,0,-14,1,-14,1,-14,1,-15,1,-16,1,-16,0,-15,-1,-15,0,-14,0,-15,0,-15,0,-15,0,-14,1,-14,1,-14,1,-14,1,-13,1,-14,0,-13,0,-13,-1,-13,-2,0,0,0,0,0,0,0,0,0,0,0,0,0,0,22,-11,21,-12,22,-15,19,-10,19,-9,14,-4,7,-4,3,-7,1,-3,0,-2,-6,-3,-9,0,-19,0,-20,-3,-23,-1,-29,-2,-32,-4,-33,1,-36,-3,-40,-1,-47,-3,-45,-5,-48,-3,-50,-5,-48,-8,-53,-6,-60,0,-62,0,-62,1,-65,4,-61,5,-68,3,-66,1,-65,13,-69,11,-70,4,-70,10,-75,10,-76,3,-75,8,-78,11,-79,10,-77,10,-79,10,-74,7,-81,10,-75,6,-76,7,-74,7,-73,5,-73,6,-71,8,-69,13,-69,8,-69,6,-69,0,-68,-2,0,0,0,0,0,0,0,0,0,0,0,0,0,0,0,0,0,0,0,0,0,0,-26,-57,-24,-55,-24,-56,-23,-59,-19,-63,-15,-63,-18,-61,-11,-64,-15,-69,-12,-68,-10,-66,-8,-69,-9,-70,-7,-64,-1,-60,-1,-61,-3,-58,6,-58,3,-50,5,-51,7,-45,9,-43,7,-42,8,-37,7,-28,1,-29,3,-26,0,-20,5,-15,3,-15,4,-11,2,-7,4,-4,0,-1,2,2,3,1,3,4,3,7,3,11,0,15,-2,16,3,19,3,18,2,17,1,20,10,26,7,22,6,25,1,24,1,29,3,26,6,27,7,26,9,26,12,25,8,23,10,25,0,0]"
CSI_DATA,139,2a:00:00:00:00:00,-43,11,1,0,1,1,1,0,0,0,1,-96,0,11,2,2142049,0,44,0,384,0,"[0,0,0,0,0,0,0,0,0,0,0,0,-6,1,-5,1,-4,1,-4,1,-3,0,-2,1,-1,1,-1,1,0,2,1,2,2,2,3,3,3,3,4,4,4,4,5,4,5,5,5,5,6,5,6,5,6,6,7,6,7,6,8,6,9,6,9,6,0,0,10,6,10,6,11,7,10,6,10,7,11,7,11,7,11,7,11,7,11,7,12,8,11,7,11,7,11,8,10,7,11,8,10,7,11,8,10,8,9,7,9,8,9,7,9,7,9,8,8,9,8,8,0,0,0,0,0,0,0,0,0,0,0,0,0,0,-43,4,-32,2,-33,9,-33,6,-28,2,-26,2,-28,4,-24,3,-13,5,-13,4,-7,8,1,11,5,11,6,16,9,16,15,17,15,24,21,25,20,32,19,26,29,37,26,32,30,35,33,36,34,35,35,41,37,39,38,42,38,45,46,41,46,41,52,47,40,43,51,46,52,41,48,51,53,46,56,45,54,48,54,47,52,49,55,55,53,55,54,54,59,53,51,51,56,61,54,50,52,59,48,49,50,48,44,49,46,51,42,46,44,51,39,57,40,59,0,0,0,0,0,0,0,0,0,0,0,0,0,0,0,0,0,0,0,0,0,0,39,48,40,52,32,48,34,57,33,52,30,61,28,57,29,60,28,64,23,58,23,66,22,67,23,66,11,65,8,63,8,56,9,62,3,52,3,53,2,47,3,41,-4,45,0,31,-1,32,-4,32,-3,30,-1,22,-4,17,-3,13,-2,16,-1,8,-2,9,-2,2,1,-1,-1,-4,0,-8,1,-9,-1,-10,-2,-12,1,-18,2,-23,4,-22,-2,-27,4,-26,2,-33,2,-26,0,-33,-5,-36,-4,-30,-1,-33,-2,-38,0,-35,-1,-42,-4,-30,-6,-35,-10,-38,-8,-38,0,0]"
CSI_DATA,140,2a:00:00:00:00:00,-43,11,1,0,1,1,1,0,0,0,1,-96,0,11,2,2151031,0,44,0,384,0,"[0,0,0,0,0,0,0,0,0,0,0,0,-5,-6,-4,-6,-4,-5,-4,-4,-3,-4,-3,-3,-3,-2,-4,-1,-4,0,-3,1,-4,2,-5,3,-4,3,-5,4,-5,4,-5,5,-5,6,-5,5,-6,7,-6,6,-6,6,-7,7,-6,7,-6,8,-7,9,-7,9,0,0,-7,10,-7,10,-7,11,-7,11,-8,10,-7,11,-7,11,-8,11,-8,11,-8,11,-9,11,-9,11,-8,11,-9,11,-8,10,-9,11,-9,10,-8,10,-8,9,-8,9,-8,9,-9,9,-9,9,-9,9,-9,8,-10,7,0,0,0,0,0,0,0,0,0,0,0,0,0,0,-25,-43,-21,-36,-24,-36,-21,-29,-20,-30,-18,-29,-15,-27,-15,-22,-15,-17,-11,-10,-15,-7,-14,0,-19,2,-19,5,-17,9,-19,15,-24,16,-26,21,-25,25,-24,27,-28,33,-28,31,-26,38,-31,39,-31,39,-36,41,-36,40,-30,49,-39,50,-36,54,-33,51,-35,55,-35,52,-37,61,-31,57,-38,62,-35,63,-38,64,-42,61,-39,62,-38,64,-44,60,-44,64,-45,64,-46,60,-41,63,-45,61,-42,60,-45,58,-42,53,-39,60,-39,50,-42,54,-43,48,-44,48,-47,48,-50,46,0,0,0,0,0,0,0,0,0,0,0,0,0,0,0,0,0,0,0,0,0,0,-20,52,-23,54,-27,54,-32,60,-35,50,-42,54,-38,52,-41,51,-43,57,-46,46,-49,47,-47,44,-48,49,-51,40,-54,35,-47,30,-52,33,-49,24,-42,25,-40,20,-41,12,-38,17,-31,13,-30,15,-29,11,-26,8,-19,2,-21,5,-15,4,-12,2,-8,1,-4,-1,-3,-2,2,-2,4,-4,8,-5,12,-3,18,-8,14,-5,18,-10,22,-8,21,-11,25,-16,26,-15,24,-16,27,-10,30,-15,28,-14,30,-18,31,-17,33,-19,33,-22,34,-26,29,-19,39,-27,36,-25,40,-28,0,0]"
CSI_DATA,141,2a:00:00:00:00:00,-42,11,1,0,1,1,1,0,0,0,1,-96,0,11,2,2160920,0,44,0,384,0,"[0,0,0,0,0,0,0,0,0,0,0,0,-2,-7,-2,-6,-3,-6,-2,-6,-3,-5,-3,-4,-3,-3,-4,-2,-4,-2,-4,-1,-5,-1,-6,0,-6,0,-6,1,-7,1,-8,2,-7,2,-8,2,-8,2,-8,3,-9,2,-9,4,-10,3,-10,4,-10,4,-10,4,0,0,-10,4,-12,5,-11,6,-12,6,-11,5,-12,6,-12,6,-12,5,-12,5,-13,5,-13,5,-12,5,-12,5,-12,4,-12,4,-12,4,-13,5,-11,4,-11,3,-11,3,-12,3,-12,3,-12,3,-12,2,-12,1,-11,1,0,0,0,0,0,0,0,0,0,0,0,0,0,0,-16,-41,-11,-46,-17,-39,-18,-34,-13,-35,-12,-27,-13,-29,-11,-22,-13,-21,-15,-19,-16,-11,-19,-11,-19,-4,-24,-7,-26,-1,-28,3,-30,3,-31,6,-32,10,-34,16,-42,22,-39,14,-43,21,-42,21,-42,22,-47,28,-47,24,-55,31,-57,23,-54,32,-49,29,-55,30,-55,33,-59,36,-52,35,-59,37,-60,43,-57,42,-62,40,-57,38,-63,39,-69,33,-68,36,-67,36,-67,30,-68,33,-65,30,-65,30,-57,27,-65,27,-60,26,-58,26,-56,26,-64,21,-64,20,-61,13,-59,11,0,0,0,0,0,0,0,0,0,0,0,0,0,0,0,0,0,0,0,0,0,0,-25,52,-29,51,-29,51,-34,54,-38,47,-41,49,-36,52,-44,47,-43,49,-50,43,-55,42,-47,39,-55,43,-52,34,-57,26,-52,30,-53,31,-49,18,-49,18,-40,17,-40,17,-42,11,-40,5,-33,9,-28,4,-31,6,-25,4,-25,5,-19,2,-13,-3,-11,-3,-7,0,-4,-5,-3,1,2,-7,3,-5,7,-6,13,-3,11,-7,14,-7,16,-6,23,-8,21,-11,23,-9,23,-8,31,-17,30,-12,30,-15,34,-14,34,-16,30,-14,30,-16,37,-14,39,-18,38,-18,38,-21,43,-19,0,0]"
CSI_DATA,142,2a:00:00:00:00:00,-42,11,1,0,1,1,1,0,0,0,1,-96,0,11,2,2170692,0,44,0,384,0,"[0,0,0,0,0,0,0,0,0,0,0,0,6,1,6,0,5,0,5,0,4,-1,4,-1,3,-2,3,-2,3,-3,2,-4,3,-5,2,-5,2,-6,1,-6,1,-7,1,-8,1,-8,1,-9,1,-9,1,-9,1,-10,0,-10,1,-10,0,-11,0,-12,0,-12,0,0,0,-12,0,-13,0,-14,-1,-13,0,-13,0,-14,0,-14,0,-13,0,-14,0,-14,1,-15,2,-14,2,-14,2,-14,2,-13,2,-14,2,-13,1,-12,2,-13,2,-12,2,-12,3,-12,3,-12,3,-12,4,-12,4,-11,0,0,0,0,0,0,0,0,0,0,0,0,0,0,41,13,38,16,40,7,39,11,35,10,31,9,28,6,27,2,21,1,20,-1,21,-11,17,-10,18,-14,15,-17,14,-21,14,-25,15,-29,10,-32,10,-35,10,-38,10,-45,11,-42,8,-43,8,-48,15,-50,10,-53,8,-53,6,-59,10,-60,4,-64,6,-60,3,-66,7,-65,5,-68,0,-66,11,-68,5,-67,6,-71,12,-70,3,-75,8,-74,11,-74,9,-71,15,-75,15,-71,11,-74,13,-67,14,-72,11,-64,10,-65,14,-66,15,-62,13,-65,17,-58,19,-61,21,-58,25,-58,0,0,0,0,0,0,0,0,0,0,0,0,0,0,0,0,0,0,0,0,0,0,-22,-57,-19,-57,-16,-59,-16,-64,-9,-60,-5,-65,-5,-61,-1,-65,-2,-70,4,-65,5,-67,7,-64,9,-66,15,-65,14,-59,16,-61,16,-61,19,-51,18,-50,21,-45,20,-40,21,-41,17,-36,19,-35,20,-31,16,-30,14,-23,14,-20,12,-16,11,-14,6,-8,7,-7,6,-7,5,-2,0,1,-2,2,-2,4,-2,3,-4,10,-1,12,-6,16,-8,18,-6,19,-7,22,-11,18,-10,24,-11,24,-9,31,-15,27,-9,32,-12,30,-9,35,-12,34,-10,32,-9,40,-11,40,-10,40,0,0]"
CSI_DATA,143,2a:00:00:00:00:00,-41,11,1,0,1,1,1,0,0,0,1,-96,0,11,2,2190854,0,44,0,384,0,"[0,0,0,0,0,0,0,0,0,0,0,0,3,5,3,5,3,4,2,3,3,2,3,2,3,1,3,0,3,-1,4,-1,4,-2,4,-3,5,-3,5,-4,5,-4,6,-5,6,-6,6,-5,6,-6,7,-7,7,-7,7,-8,7,-7,7,-9,8,-9,8,-9,0,0,8,-10,9,-10,9,-11,8,-11,9,-10,9,-11,9,-11,9,-11,9,-11,9,-10,10,-11,10,-10,9,-10,9,-10,9,-10,10,-10,10,-10,9,-9,9,-9,8,-9,9,-8,9,-8,9,-8,9,-8,9,-7,9,-6,0,0,0,0,0,0,0,0,0,0,0,0,0,0,8,42,7,44,9,38,9,35,11,33,9,34,9,26,11,23,12,17,14,15,15,11,16,9,20,4,23,-2,29,-2,29,-12,32,-12,29,-12,32,-15,34,-18,39,-24,37,-22,40,-27,43,-26,44,-28,46,-32,47,-31,48,-37,52,-35,52,-42,50,-39,52,-42,53,-42,54,-45,51,-46,58,-45,57,-50,56,-51,64,-45,59,-46,59,-46,63,-43,64,-46,64,-48,65,-41,61,-43,62,-40,60,-44,54,-43,55,-37,57,-35,56,-37,60,-37,59,-29,61,-32,59,-28,62,-23,0,0,0,0,0,0,0,0,0,0,0,0,0,0,0,0,0,0,0,0,0,0,38,-45,41,-43,41,-40,48,-42,45,-38,50,-36,48,-34,54,-34,55,-39,56,-30,57,-29,59,-28,62,-32,56,-23,53,-18,52,-21,55,-21,49,-15,46,-17,43,-9,44,-11,43,-9,38,-12,37,-11,35,-6,29,-9,25,-4,23,-6,20,-2,16,-5,10,-3,7,-5,8,-2,1,-5,-1,-5,-2,-3,-7,-4,-9,2,-11,-1,-13,1,-17,-2,-20,2,-20,1,-26,4,-26,9,-30,2,-30,6,-34,7,-37,5,-38,10,-39,6,-40,12,-41,11,-42,12,-47,11,-46,15,-40,11,0,0]"
CSI_DATA,144,2a:00:00:00:00:00,-40,11,1,0,1,1,1,0,0,0,1,-96,0,11,2,2202000,0,44,0,384,0,"[0,0,0,0,0,0,0,0,0,0,0,0,3,6,2,5,3,5,3,4,3,3,3,2,3,1,4,1,3,0,4,-1,5,-1,5,-2,6,-2,6,-3,6,-3,7,-4,6,-5,7,-5,7,-5,8,-5,8,-5,8,-6,8,-6,9,-8,9,-7,9,-7,0,0,10,-8,10,-9,10,-9,10,-9,10,-8,11,-9,11,-9,11,-8,11,-9,11,-8,12,-9,11,-8,11,-8,11,-8,11,-8,11,-7,12,-8,10,-7,10,-7,10,-6,10,-6,11,-6,11,-6,11,-5,11,-4,11,-4,0,0,0,0,0,0,0,0,0,0,0,0,0,0,19,42,15,40,24,37,22,33,18,32,13,27,15,22,19,20,17,14,21,14,23,8,21,4,24,2,20,0,26,-5,30,-12,31,-16,33,-16,35,-19,35,-18,39,-28,40,-27,40,-35,37,-34,39,-32,49,-34,43,-32,46,-40,54,-39,50,-47,54,-41,50,-47,51,-42,57,-48,44,-46,57,-49,58,-52,55,-53,61,-50,53,-48,57,-50,62,-46,63,-47,63,-48,66,-48,59,-43,65,-42,59,-43,61,-36,55,-38,57,-40,58,-38,61,-35,55,-31,57,-32,56,-28,62,-25,0,0,0,0,0,0,0,0,0,0,0,0,0,0,0,0,0,0,0,0,0,0,20,-52,24,-53,23,-48,29,-53,32,-49,34,-49,31,-48,32,-49,39,-51,42,-43,42,-44,43,-39,42,-44,43,-42,46,-36,39,-30,42,-35,38,-26,40,-22,35,-25,34,-21,28,-23,26,-15,29,-20,26,-16,19,-14,20,-10,18,-9,14,-8,10,-12,6,-8,4,-7,2,-5,0,-5,-4,-4,-5,-5,-10,-2,-11,-1,-14,3,-15,7,-18,5,-24,12,-22,9,-25,8,-26,10,-21,15,-29,13,-31,16,-34,15,-33,19,-38,21,-38,22,-43,21,-34,17,-44,25,-48,21,-35,21,0,0]"
CSI_DATA,145,2a:00:00:00:00:00,-40,11,1,0,1,1,1,0,0,0,1,-96,0,11,2,2220981,0,44,0,384,0,"[0,0,0,0,0,0,0,0,0,0,0,0,3,5,3,4,3,4,3,3,3,2,3,2,4,1,4,0,4,-1,5,-2,6,-2,6,-3,6,-3,6,-4,7,-4,7,-5,7,-6,8,-6,8,-6,8,-7,9,-7,9,-7,9,-7,10,-8,10,-8,10,-8,0,0,10,-9,11,-9,11,-10,11,-10,10,-9,11,-10,11,-10,11,-9,11,-9,11,-9,12,-9,11,-8,11,-8,11,-8,11,-8,11,-8,11,-8,10,-7,10,-7,10,-7,11,-7,10,-7,11,-6,11,-6,11,-5,11,-4,0,0,0,0,0,0,0,0,0,0,0,0,0,0,10,41,12,41,11,38,12,33,12,32,8,31,11,27,15,21,15,16,14,16,22,9,22,6,26,1,28,0,30,-7,31,-9,38,-10,35,-13,42,-14,45,-16,48,-19,50,-17,46,-27,54,-20,52,-22,60,-27,54,-27,58,-34,62,-29,65,-33,62,-32,65,-35,63,-33,64,-39,64,-40,69,-37,69,-38,69,-41,72,-37,67,-40,64,-33,71,-34,71,-34,75,-39,73,-30,68,-32,68,-31,67,-32,64,-28,62,-28,68,-28,62,-24,62,-27,65,-20,63,-21,64,-16,66,-12,0,0,0,0,0,0,0,0,0,0,0,0,0,0,0,0,0,0,0,0,0,0,39,-37,36,-32,37,-35,44,-35,41,-29,45,-28,46,-24,45,-24,52,-25,47,-21,47,-21,47,-21,48,-21,47,-12,47,-9,44,-9,43,-10,37,-5,36,-11,32,-5,30,-5,26,-2,24,-5,20,-3,17,-1,14,-3,13,2,8,-2,3,-2,4,-1,1,-5,-2,-5,-5,0,-8,-3,-10,-4,-12,-2,-13,-4,-19,3,-17,2,-20,0,-20,0,-27,5,-30,6,-30,6,-30,5,-38,8,-38,5,-40,7,-40,8,-43,10,-44,10,-46,13,-42,8,-44,9,-47,10,-46,10,-45,12,0,0]"
CSI_DATA,146,2a:00:00:00:00:00,-41,11,1,0,1,1,1,0,0,0,1,-96,0,11,2,2230818,0,44,0,384,0,"[0,0,0,0,0,0,0,0,0,0,0,0,-4,5,-3,5,-2,4,-2,4,-1,3,0,3,1,4,2,3,2,3,3,3,4,4,5,3,6,3,6,4,6,4,8,4,8,4,8,4,9,4,9,4,10,4,10,4,10,5,11,5,11,5,11,5,0,0,12,5,12,6,13,6,13,5,12,6,13,6,13,5,12,6,13,6,12,6,13,7,11,7,11,7,11,7,10,7,11,7,11,6,11,6,10,7,10,6,10,7,9,6,9,7,9,7,8,8,8,8,0,0,0,0,0,0,0,0,0,0,0,0,0,0,-34,24,-29,28,-28,31,-27,22,-24,23,-19,24,-18,20,-9,22,-6,21,-2,18,3,16,8,20,8,23,11,22,16,25,23,26,27,30,27,29,28,30,34,32,40,35,40,36,42,33,40,37,40,41,45,42,45,41,55,47,52,42,56,42,55,46,54,48,53,50,57,50,58,46,55,51,59,48,64,49,54,53,53,53,55,54,54,59,56,54,57,51,49,53,51,55,50,55,52,56,43,51,44,50,42,49,45,52,42,52,39,50,40,52,32,59,30,58,0,0,0,0,0,0,0,0,0,0,0,0,0,0,0,0,0,0,0,0,0,0,51,6,52,9,50,11,55,13,50,19,49,21,45,21,46,26,47,28,46,29,39,30,40,28,45,30,41,32,31,32,32,34,28,28,23,29,20,27,19,26,16,25,13,22,15,19,8,14,13,15,9,10,3,10,1,10,1,6,3,6,-5,1,-2,-4,-5,-5,-2,-6,-8,-8,-9,-7,-9,-9,-13,-11,-14,-16,-15,-20,-18,-21,-18,-17,-20,-21,-22,-24,-21,-22,-26,-19,-21,-24,-29,-28,-29,-28,-29,-31,-33,-32,-34,-26,-27,-32,-31,-31,-36,-36,-39,-32,-33,-33,0,0]"
CSI_DATA,147,2a:00:00:00:00:00,-42,11,1,0,1,1,1,0,0,0,1,-96,0,11,2,2270678,0,44,0,384,0,"[0,0,0,0,0,0,0,0,0,0,0,0,0,-6,-1,-5,-1,-4,-2,-4,-2,-3,-2,-2,-3,-2,-3,-1,-4,0,-5,0,-6,0,-6,1,-7,1,-7,1,-8,2,-9,3,-9,3,-9,3,-9,3,-10,3,-10,3,-11,4,-11,3,-12,4,-12,4,-13,4,0,0,-13,5,-13,5,-14,6,-13,6,-13,5,-13,5,-13,5,-13,5,-13,5,-13,4,-14,4,-13,4,-13,4,-13,4,-12,4,-13,4,-12,4,-12,3,-11,4,-11,4,-12,3,-11,4,-11,3,-12,3,-12,1,-11,1,0,0,0,0,0,0,0,0,0,0,0,0,0,0,9,-36,8,-37,7,-34,5,-27,4,-26,1,-23,2,-20,0,-20,-3,-17,-8,-11,-13,-8,-16,-1,-22,-2,-27,-3,-28,0,-28,3,-36,3,-36,4,-39,7,-43,11,-53,17,-50,10,-45,17,-52,16,-55,17,-60,16,-63,22,-64,19,-66,15,-67,23,-65,17,-69,23,-66,18,-69,25,-66,24,-72,20,-72,24,-71,26,-73,23,-73,25,-69,23,-72,18,-71,21,-73,22,-72,19,-72,19,-67,13,-68,23,-60,15,-60,19,-60,18,-61,20,-62,20,-62,14,-63,12,-61,9,-59,4,0,0,0,0,0,0,0,0,0,0,0,0,0,0,0,0,0,0,0,0,0,0,-57,2,-58,1,-61,-3,-65,-9,-61,-10,-61,-15,-58,-12,-59,-13,-65,-16,-62,-18,-56,-27,-56,-27,-56,-26,-53,-30,-43,-29,-45,-30,-41,-33,-40,-34,-32,-29,-30,-24,-26,-22,-28,-26,-23,-25,-21,-23,-13,-24,-14,-20,-7,-22,-5,-16,-5,-13,-2,-11,0,-10,7,-9,4,-8,5,-3,7,-6,9,-1,11,-8,16,-3,18,0,18,-2,24,0,25,-1,26,-1,29,3,31,-2,30,-4,33,-1,38,1,39,3,42,4,37,2,41,6,45,8,42,9,45,10,47,4,44,8,0,0]"
CSI_DATA,148,2a:00:00:00:00:00,-42,11,1,0,1,1,1,0,0,0,1,-96,0,11,2,2282641,0,44,0,384,0,"[0,0,0,0,0,0,0,0,0,0,0,0,-1,-6,0,-5,-1,-4,-1,-4,-1,-2,-2,-1,-3,-1,-3,0,-4,0,-4,1,-5,1,-6,2,-6,2,-6,2,-8,3,-8,4,-8,4,-8,4,-8,4,-9,4,-9,4,-10,5,-10,5,-11,7,-11,7,-11,7,0,0,-11,7,-12,7,-12,7,-12,8,-12,7,-13,7,-12,7,-12,7,-12,7,-12,7,-13,7,-12,7,-12,7,-12,6,-12,5,-12,6,-12,6,-11,6,-11,5,-11,5,-11,5,-11,5,-11,5,-11,5,-11,4,-11,4,0,0,0,0,0,0,0,0,0,0,0,0,0,0,5,-39,8,-40,3,-37,-2,-28,3,-27,5,-25,0,-16,-5,-17,-3,-11,-10,-7,-15,1,-15,-2,-21,0,-21,3,-26,8,-26,12,-32,12,-34,17,-37,18,-40,20,-44,23,-45,19,-46,28,-48,30,-49,27,-51,30,-56,31,-54,35,-60,34,-57,36,-55,34,-63,37,-58,36,-67,42,-59,40,-63,38,-63,46,-62,45,-68,43,-63,39,-62,41,-67,37,-63,36,-63,40,-65,40,-63,35,-65,34,-60,35,-58,32,-58,32,-57,32,-57,32,-57,36,-59,32,-60,30,-62,27,-61,20,0,0,0,0,0,0,0,0,0,0,0,0,0,0,0,0,0,0,0,0,0,0,-57,2,-59,-3,-60,-7,-67,-7,-59,-11,-64,-13,-62,-12,-62,-16,-61,-18,-59,-24,-59,-28,-59,-26,-57,-28,-50,-31,-48,-34,-43,-31,-46,-35,-36,-33,-34,-31,-30,-32,-28,-31,-26,-27,-20,-29,-15,-26,-13,-26,-15,-21,-8,-18,-5,-18,0,-13,1,-14,0,-8,4,-11,5,-9,7,-8,10,-5,13,-8,9,-6,16,-6,14,-4,21,-3,19,-3,23,-4,23,-3,29,-5,33,-3,28,-9,33,-4,40,-4,36,-3,42,-1,42,-1,43,-2,45,4,46,2,50,0,48,1,50,6,0,0]"
CSI_DATA,149,2a:00:00:00:00:00,-43,11,1,0,1,1,1,0,0,0,1,-96,0,11,2,2292759,0,44,0,384,0,"[0,0,0,0,0,0,0,0,0,0,0,0,0,4,1,3,0,2,1,2,1,1,1,1,2,0,2,-1,2,-2,3,-2,4,-2,4,-4,5,-4,5,-5,5,-5,6,-6,6,-6,6,-6,7,-7,6,-7,7,-7,7,-8,7,-7,8,-8,8,-9,8,-9,0,0,9,-10,9,-10,9,-11,8,-11,9,-10,9,-10,9,-11,9,-11,10,-11,9,-10,11,-10,10,-10,10,-10,10,-10,9,-8,10,-10,9,-10,8,-9,8,-9,8,-8,8,-9,8,-9,9,-9,9,-8,9,-7,9,-7,0,0,0,0,0,0,0,0,0,0,0,0,0,0,-11,40,-9,33,-11,31,-9,31,-4,27,3,20,-2,17,-2,16,1,10,3,8,11,4,13,4,18,1,18,-3,25,-7,26,-8,28,-11,32,-16,32,-14,36,-17,44,-23,42,-17,42,-19,46,-21,52,-21,55,-20,51,-24,50,-32,54,-29,59,-35,55,-32,59,-34,60,-34,62,-41,60,-41,58,-33,63,-35,66,-39,67,-33,63,-32,68,-33,65,-33,61,-33,64,-38,66,-30,65,-33,64,-31,65,-31,57,-28,56,-23,59,-26,57,-25,56,-25,59,-27,59,-26,56,-21,57,-19,0,0,0,0,0,0,0,0,0,0,0,0,0,0,0,0,0,0,0,0,0,0,56,4,53,6,59,9,58,13,56,18,57,23,54,24,53,29,59,32,52,29,54,31,52,35,56,37,47,38,37,38,37,41,37,40,30,38,27,38,23,36,15,34,18,37,14,34,13,30,8,31,7,27,0,24,-1,22,0,20,-3,18,-8,12,-10,13,-10,9,-15,8,-10,9,-19,7,-17,8,-21,6,-22,7,-23,8,-26,2,-26,5,-29,3,-33,4,-33,3,-36,3,-38,3,-38,-1,-37,-2,-41,-4,-42,0,-43,2,-45,-1,-42,-5,-47,1,-45,-4,-46,0,0,0]"
CSI_DATA,150,2a:00:00:00:00:00,-43,11,1,0,1,1,1,0,0,0,1,-96,0,11,2,2301128,0,44,0,384,0,"[0,0,0,0,0,0,0,0,0,0,0,0,4,-2,3,-2,3,-2,2,-2,1,-2,0,-2,0,-3,0,-4,-2,-4,-3,-5,-2,-5,-3,-5,-4,-6,-4,-6,-4,-6,-6,-7,-6,-6,-6,-8,-6,-7,-6,-8,-6,-9,-8,-8,-8,-9,-8,-9,-8,-10,-8,-9,0,0,-9,-9,-10,-11,-9,-10,-10,-11,-9,-10,-9,-11,-10,-10,-9,-11,-10,-11,-10,-12,-10,-12,-8,-11,-8,-11,-8,-10,-9,-11,-9,-10,-9,-11,-8,-10,-8,-10,-8,-10,-7,-10,-7,-10,-7,-11,-6,-10,-6,-11,-5,-10,0,0,0,0,0,0,0,0,0,0,0,0,0,0,28,-9,28,-8,28,-17,24,-15,23,-10,14,-11,11,-8,13,-12,6,-13,1,-9,-4,-12,-8,-16,-12,-15,-11,-19,-16,-24,-20,-20,-25,-26,-23,-24,-27,-24,-32,-27,-39,-27,-36,-30,-42,-31,-42,-32,-44,-31,-45,-35,-47,-33,-50,-30,-48,-36,-54,-36,-50,-32,-58,-38,-55,-41,-58,-36,-60,-33,-55,-37,-63,-42,-60,-35,-57,-44,-61,-38,-61,-40,-62,-45,-58,-40,-59,-40,-56,-41,-63,-42,-60,-44,-54,-42,-51,-41,-52,-40,-53,-40,-54,-38,-48,-38,-49,-42,-42,-41,-47,-42,-43,-48,0,0,0,0,0,0,0,0,0,0,0,0,0,0,0,0,0,0,0,0,0,0,-19,-58,-16,-58,-14,-58,-15,-60,-6,-59,-4,-64,-3,-62,-3,-63,-3,-69,7,-66,10,-64,10,-64,11,-67,18,-59,22,-56,22,-56,23,-58,25,-46,27,-45,26,-43,29,-37,32,-33,30,-30,29,-28,31,-19,25,-19,26,-17,27,-11,26,-7,26,-7,22,-4,24,3,22,1,21,1,22,9,21,6,20,10,21,9,18,16,24,16,19,18,20,19,24,21,24,21,20,20,25,30,21,19,27,29,21,31,21,31,19,29,23,31,25,37,22,33,24,40,23,39,17,34,0,0]"
CSI_DATA,151,2a:00:00:00:00:00,-43,11,1,0,1,1,1,0,0,0,1,-96,0,11,2,2310682,0,44,0,384,0,"[0,0,0,0,0,0,0,0,0,0,0,0,0,-4,-1,-4,-1,-4,-2,-3,-2,-3,-3,-2,-3,-2,-4,-1,-5,-1,-5,-1,-6,0,-7,0,-7,0,-7,0,-8,0,-9,0,-9,1,-9,0,-9,1,-10,0,-10,1,-10,1,-10,1,-11,2,-12,2,-12,2,0,0,-12,2,-13,2,-13,2,-13,3,-12,2,-13,2,-13,2,-13,2,-13,2,-13,2,-14,2,-13,2,-13,2,-13,2,-13,0,-13,1,-13,1,-12,1,-12,0,-11,1,-12,0,-11,0,-11,1,-11,1,-12,-1,-11,-1,0,0,0,0,0,0,0,0,0,0,0,0,0,0,8,-32,8,-32,7,-28,4,-28,5,-22,0,-16,-1,-15,-7,-16,-7,-12,-9,-10,-11,-8,-17,-6,-25,-3,-22,-5,-26,-7,-33,-3,-34,-3,-35,-3,-34,-2,-40,-2,-49,-1,-43,-1,-46,3,-48,6,-53,1,-55,4,-51,4,-55,4,-56,1,-63,6,-61,7,-64,4,-59,7,-67,7,-60,11,-64,9,-63,9,-63,14,-65,8,-68,9,-70,7,-67,0,-66,7,-69,7,-65,4,-69,6,-68,6,-65,7,-60,3,-59,3,-59,1,-58,1,-60,4,-58,1,-61,0,-58,-7,-56,-10,0,0,0,0,0,0,0,0,0,0,0,0,0,0,0,0,0,0,0,0,0,0,-46,-38,-44,-39,-42,-39,-45,-46,-40,-46,-40,-49,-39,-49,-33,-53,-39,-62,-31,-58,-26,-63,-26,-58,-24,-64,-18,-64,-13,-62,-9,-60,-11,-61,-3,-61,-4,-57,1,-53,5,-53,7,-54,11,-47,11,-46,17,-41,19,-43,18,-33,21,-34,21,-29,19,-27,18,-20,22,-23,22,-18,22,-17,23,-15,26,-16,24,-11,23,-14,24,-10,28,-10,31,-9,29,-12,30,-7,30,-7,30,-4,38,-5,40,-2,37,-2,39,-1,38,2,41,4,41,7,43,3,34,2,44,8,40,5,40,7,0,0]"
CSI_DATA,152,2a:00:00:00:00:00,-42,11,1,0,1,1,1,0,0,0,1,-96,0,11,2,2320636,0,44,0,384,0,"[0,0,0,0,0,0,0,0,0,0,0,0,-4,-2,-4,-1,-4,-1,-4,-1,-3,0,-4,1,-4,1,-4,2,-4,2,-4,3,-5,3,-5,4,-5,4,-5,4,-6,4,-6,5,-6,6,-6,5,-6,6,-6,6,-6,6,-6,6,-7,6,-7,7,-7,8,-7,7,0,0,-7,8,-7,8,-8,8,-7,8,-7,8,-8,9,-7,8,-7,8,-8,8,-8,8,-8,8,-8,8,-8,8,-8,8,-8,7,-9,7,-8,7,-8,6,-8,6,-7,6,-8,6,-8,6,-8,5,-8,5,-8,5,-8,4,0,0,0,0,0,0,0,0,0,0,0,0,0,0,-21,-21,-17,-20,-18,-19,-19,-14,-18,-9,-16,-9,-17,-5,-19,-4,-13,1,-19,5,-22,7,-19,8,-26,11,-24,15,-28,16,-25,20,-30,22,-28,24,-30,26,-29,24,-35,35,-33,26,-31,31,-36,33,-37,34,-38,35,-36,34,-36,39,-40,36,-41,43,-41,36,-43,43,-41,39,-42,46,-36,43,-46,44,-42,44,-43,47,-45,45,-45,44,-42,43,-47,39,-44,42,-46,43,-48,43,-48,38,-48,40,-46,40,-44,37,-43,34,-40,35,-42,34,-42,39,-44,29,-44,29,-45,28,-45,22,0,0,0,0,0,0,0,0,0,0,0,0,0,0,0,0,0,0,0,0,0,0,-55,3,-61,5,-56,1,-66,-3,-58,-5,-63,-11,-64,-13,-63,-16,-69,-19,-60,-22,-64,-25,-63,-28,-67,-31,-62,-35,-57,-36,-51,-40,-57,-46,-42,-41,-47,-43,-36,-46,-34,-45,-34,-49,-27,-44,-28,-46,-25,-47,-24,-45,-14,-42,-12,-44,-10,-42,-11,-43,-7,-34,-3,-40,-2,-37,-5,-31,1,-35,3,-34,1,-33,2,-30,6,-31,6,-34,6,-34,7,-35,11,-34,11,-35,14,-34,16,-37,16,-37,17,-32,18,-34,21,-29,24,-30,20,-31,25,-31,23,-25,26,-30,27,-29,22,-24,0,0]"
CSI_DATA,153,2a:00:00:00:00:00,-42,11,1,0,1,1,1,0,0,0,1,-96,0,11,2,2331947,0,44,0,384,0,"[0,0,0,0,0,0,0,0,0,0,0,0,2,2,2,1,2,1,3,0,3,0,3,0,4,-1,4,-1,4,-2,4,-2,5,-2,5,-2,6,-2,6,-2,6,-2,7,-3,7,-3,6,-3,7,-3,7,-3,7,-3,8,-3,8,-4,8,-4,8,-4,9,-4,0,0,9,-5,9,-4,9,-5,9,-5,9,-4,9,-4,9,-4,9,-4,9,-5,9,-4,10,-4,9,-4,9,-4,9,-4,8,-3,9,-3,8,-4,8,-3,8,-3,8,-3,8,-3,8,-3,7,-3,8,-3,8,-2,8,-1,0,0,0,0,0,0,0,0,0,0,0,0,0,0,10,20,7,22,12,20,12,15,12,13,14,9,11,9,12,6,17,5,23,0,23,4,26,-1,29,1,29,-2,32,-2,33,-8,40,-5,36,-8,40,-5,40,-9,46,-10,44,-7,41,-10,45,-8,43,-4,47,-5,50,-11,50,-13,52,-12,57,-14,56,-15,54,-12,51,-12,56,-16,52,-17,54,-9,54,-15,58,-13,58,-10,58,-14,55,-12,60,-12,57,-12,58,-13,56,-9,55,-5,54,-6,51,-10,53,-5,48,-4,53,-7,51,-5,51,-6,45,-3,50,-4,47,2,51,6,0,0,0,0,0,0,0,0,0,0,0,0,0,0,0,0,0,0,0,0,0,0,44,40,43,42,38,41,40,49,35,53,36,53,33,57,31,58,32,65,26,60,24,63,26,66,28,72,19,75,11,72,7,69,8,74,1,65,5,66,-5,66,-3,64,-12,67,-14,60,-14,57,-15,57,-10,58,-19,50,-23,50,-22,44,-23,46,-21,38,-26,43,-24,38,-23,35,-25,33,-26,31,-25,29,-21,32,-24,28,-26,30,-30,27,-24,28,-29,27,-30,26,-28,24,-30,24,-32,21,-30,24,-26,18,-33,16,-31,19,-31,21,-34,18,-31,11,-32,16,-34,15,-34,12,0,0]"
CSI_DATA,154,2a:00:00:00:00:00,-42,11,1,0,1,1,1,0,0,0,1,-96,0,11,2,2341025,0,44,0,384,0,"[0,0,0,0,0,0,0,0,0,0,0,0,2,1,2,0,3,0,3,0,3,-1,3,-1,4,-1,4,-1,5,-2,5,-2,5,-2,6,-2,6,-2,6,-2,6,-2,7,-3,6,-3,7,-3,6,-3,7,-3,7,-3,7,-3,8,-3,8,-4,8,-4,8,-4,0,0,8,-4,9,-4,8,-4,9,-5,8,-3,9,-3,9,-4,8,-3,9,-4,9,-3,9,-4,8,-3,8,-3,8,-3,9,-3,8,-3,8,-3,8,-2,8,-2,7,-2,8,-2,7,-2,7,-2,7,-2,7,-1,7,0,0,0,0,0,0,0,0,0,0,0,0,0,0,0,15,16,13,14,16,10,17,11,16,4,14,6,15,2,20,-2,20,-2,21,-3,24,-6,26,-5,26,-10,30,-10,30,-6,33,-12,36,-14,34,-12,34,-10,37,-16,40,-19,42,-17,35,-18,43,-20,37,-19,40,-20,44,-22,42,-23,45,-18,49,-24,42,-21,47,-23,45,-24,46,-25,47,-30,44,-25,47,-27,49,-28,48,-24,47,-27,50,-23,51,-22,49,-21,49,-23,45,-21,50,-22,46,-18,46,-23,45,-16,42,-16,46,-17,41,-18,39,-18,43,-13,43,-12,43,-8,43,-8,0,0,0,0,0,0,0,0,0,0,0,0,0,0,0,0,0,0,0,0,0,0,42,40,37,41,42,45,39,47,35,50,32,50,35,52,30,58,39,63,28,66,23,68,22,68,23,75,17,70,12,65,14,74,14,72,6,72,2,69,3,66,-5,64,-5,69,-10,66,-9,62,-17,61,-10,59,-18,55,-16,51,-16,51,-16,49,-17,44,-22,43,-17,42,-17,44,-21,42,-18,39,-21,40,-18,40,-20,35,-20,37,-22,35,-20,38,-19,34,-22,36,-19,31,-23,31,-25,28,-21,26,-20,29,-25,26,-25,24,-24,22,-23,22,-21,20,-24,23,-22,22,-20,19,0,0]"
CSI_DATA,155,2a:00:00:00:00:00,-42,11,1,0,1,1,1,0,0,0,1,-96,0,11,2,2350670,0,44,0,384,0,"[0,0,0,0,0,0,0,0,0,0,0,0,-2,-4,-2,-3,-3,-3,-4,-3,-4,-3,-4,-3,-4,-3,-5,-3,-5,-3,-6,-3,-6,-4,-6,-3,-6,-4,-7,-4,-7,-4,-8,-4,-8,-3,-7,-3,-8,-3,-8,-4,-8,-4,-9,-4,-8,-4,-9,-4,-9,-4,-9,-4,0,0,-9,-3,-10,-4,-10,-4,-10,-3,-9,-4,-10,-4,-10,-4,-9,-4,-10,-3,-10,-4,-10,-4,-9,-5,-9,-4,-9,-4,-9,-4,-9,-4,-9,-4,-8,-4,-8,-4,-8,-4,-8,-4,-8,-4,-7,-4,-7,-4,-7,-5,-7,-5,0,0,0,0,0,0,0,0,0,0,0,0,0,0,-2,-25,-7,-20,-7,-19,-6,-17,-12,-15,-13,-15,-16,-9,-18,-13,-18,-10,-19,-12,-23,-8,-24,-8,-26,-13,-26,-14,-28,-14,-36,-9,-37,-14,-38,-11,-35,-12,-36,-10,-44,-10,-40,-11,-43,-10,-40,-15,-41,-13,-46,-14,-41,-12,-46,-12,-43,-13,-51,-10,-48,-7,-48,-9,-46,-13,-50,-10,-49,-6,-47,-12,-48,-11,-50,-8,-50,-16,-51,-9,-51,-9,-51,-12,-50,-16,-50,-14,-47,-14,-50,-9,-50,-12,-49,-14,-45,-13,-43,-9,-43,-11,-43,-13,-41,-13,-40,-13,-39,-14,-40,-15,-37,-21,0,0,0,0,0,0,0,0,0,0,0,0,0,0,0,0,0,0,0,0,0,0,4,-59,7,-57,7,-59,14,-63,15,-61,21,-62,22,-59,26,-62,28,-67,31,-60,36,-63,37,-62,37,-71,46,-61,47,-60,44,-58,46,-65,48,-53,50,-50,54,-48,54,-44,57,-47,54,-36,53,-39,56,-35,52,-36,51,-31,51,-28,51,-24,52,-26,43,-23,47,-20,45,-20,45,-20,45,-18,44,-19,40,-16,43,-17,39,-18,40,-19,44,-17,39,-17,37,-14,39,-14,37,-12,34,-13,36,-12,34,-9,36,-9,37,-6,30,-7,36,-7,35,-6,32,-6,33,-2,33,-4,28,-5,0,0]"
CSI_DATA,156,2a:00:00:00:00:00,-42,11,1,0,1,1,1,0,0,0,1,-96,0,11,2,2360652,0,44,0,384,0,"[0,0,0,0,0,0,0,0,0,0,0,0,-4,0,-4,0,-4,1,-4,1,-4,1,-4,2,-4,2,-4,2,-5,3,-4,3,-5,3,-5,3,-5,3,-5,4,-5,4,-6,4,-6,4,-6,4,-5,4,-6,4,-6,4,-6,5,-6,4,-6,5,-6,5,-6,6,0,0,-6,6,-6,6,-6,6,-6,6,-6,5,-6,6,-6,6,-6,6,-6,6,-7,5,-7,5,-6,5,-6,5,-6,5,-7,5,-6,5,-6,5,-6,5,-6,4,-6,4,-6,4,-6,4,-6,4,-6,4,-7,3,-6,3,0,0,0,0,0,0,0,0,0,0,0,0,0,0,-23,-12,-19,-8,-21,-3,-21,-1,-21,2,-20,4,-18,4,-20,9,-18,12,-21,13,-21,14,-23,12,-26,16,-20,15,-27,14,-27,20,-30,21,-27,22,-26,22,-30,25,-31,30,-31,25,-27,29,-31,30,-32,26,-29,28,-34,27,-33,32,-34,29,-34,34,-32,31,-33,32,-30,32,-32,36,-29,35,-34,34,-30,39,-32,35,-35,33,-33,34,-34,37,-39,33,-35,33,-34,35,-36,33,-37,30,-34,29,-32,33,-32,30,-30,28,-30,27,-32,24,-30,30,-32,28,-32,24,-33,23,-34,18,0,0,0,0,0,0,0,0,0,0,0,0,0,0,0,0,0,0,0,0,0,0,-40,-43,-38,-44,-39,-47,-41,-50,-36,-53,-34,-53,-36,-53,-34,-61,-37,-67,-33,-67,-26,-70,-29,-67,-31,-76,-21,-74,-15,-73,-16,-75,-16,-78,-9,-72,-10,-70,-10,-72,-4,-72,-6,-74,0,-68,2,-70,5,-68,2,-65,10,-60,7,-59,10,-59,9,-60,6,-50,10,-54,9,-49,5,-46,11,-50,9,-47,9,-45,8,-50,10,-43,9,-47,10,-44,7,-47,9,-41,9,-41,10,-41,11,-41,12,-39,11,-37,10,-33,11,-36,12,-32,13,-31,12,-33,8,-31,12,-34,12,-30,8,-29,0,0]"
CSI_DATA,157,2a:00:00:00:00:00,-42,11,1,0,1,1,1,0,0,0,1,-96,0,11,2,2380640,0,44,0,384,0,"[0,0,0,0,0,0,0,0,0,0,0,0,3,0,3,0,4,-1,3,-1,4,-1,4,-1,4,-2,5,-2,5,-2,5,-2,5,-2,5,-3,5,-2,5,-3,5,-2,6,-3,6,-3,6,-3,6,-3,6,-3,6,-2,6,-3,6,-3,6,-4,6,-3,7,-4,0,0,7,-4,7,-4,7,-4,7,-4,6,-3,7,-4,7,-4,7,-3,7,-4,7,-4,7,-4,7,-3,6,-3,6,-3,7,-3,7,-3,6,-3,6,-3,6,-2,6,-3,6,-2,6,-2,6,-2,6,-2,6,-2,6,-1,0,0,0,0,0,0,0,0,0,0,0,0,0,0,16,17,16,17,19,15,15,10,17,8,19,4,17,6,23,5,21,4,24,2,27,-1,27,-3,32,2,25,-1,34,0,34,-5,35,-3,34,-4,31,0,37,-2,42,-7,36,-4,35,-7,37,-3,38,-3,40,-2,38,-6,39,-9,39,-9,43,-8,43,-6,43,-9,40,-5,42,-8,39,-11,44,-7,45,-8,40,-8,45,-6,43,-9,44,-5,48,-5,44,-5,44,-7,41,-6,46,-3,44,-3,41,-3,41,-3,40,-2,37,0,40,1,37,-2,34,-1,38,1,38,3,38,6,0,0,0,0,0,0,0,0,0,0,0,0,0,0,0,0,0,0,0,0,0,0,17,56,13,58,13,56,9,64,4,60,4,70,1,66,-1,67,-3,73,-6,71,-9,77,-8,74,-10,81,-15,75,-22,75,-26,70,-26,79,-29,66,-28,71,-33,68,-34,63,-40,66,-39,58,-37,60,-37,61,-35,59,-37,52,-40,54,-38,47,-40,50,-33,42,-38,47,-37,42,-32,40,-38,40,-33,41,-33,40,-32,43,-34,39,-31,40,-33,39,-30,38,-33,37,-29,34,-31,34,-33,37,-34,30,-30,31,-28,26,-29,28,-31,25,-28,29,-31,25,-24,22,-28,25,-24,21,-26,20,0,0]"
CSI_DATA,158,2a:00:00:00:00:00,-42,11,1,0,1,1,1,0,0,0,1,-96,0,11,2,2410684,0,44,0,384,0,"[0,0,0,0,0,0,0,0,0,0,0,0,0,4,1,4,1,4,2,4,1,4,1,4,2,4,2,4,2,4,3,5,2,5,3,5,3,5,3,5,3,5,4,5,3,5,3,5,3,5,4,5,3,5,4,5,3,5,4,5,4,5,4,5,0,0,4,5,5,5,5,5,5,5,4,5,4,5,5,5,4,5,4,5,4,5,4,5,4,6,4,5,3,5,3,5,4,5,4,5,3,4,3,5,3,5,3,5,3,5,2,5,2,5,2,5,2,5,0,0,0,0,0,0,0,0,0,0,0,0,0,0,4,26,-1,26,6,26,7,21,7,24,11,23,11,21,14,21,12,22,14,21,17,21,20,18,23,22,18,24,16,22,22,24,26,26,24,26,24,23,26,25,29,25,22,25,25,22,27,24,24,25,25,26,27,24,30,26,26,28,27,24,26,21,29,25,30,26,31,28,32,20,28,26,31,27,36,26,30,29,31,21,31,24,27,26,27,27,29,29,26,27,31,27,29,25,27,27,26,24,27,24,25,24,24,26,23,25,22,26,19,28,18,27,17,28,0,0,0,0,0,0,0,0,0,0,0,0,0,0,0,0,0,0,0,0,0,0,-37,45,-36,43,-41,41,-47,44,-47,40,-54,39,-49,40,-54,42,-59,42,-60,38,-68,29,-69,33,-70,34,-70,26,-72,23,-73,22,-78,28,-76,16,-74,19,-74,19,-74,17,-74,13,-72,7,-75,8,-74,4,-70,6,-64,-1,-65,0,-64,-1,-67,2,-55,-1,-61,2,-58,2,-54,8,-57,3,-54,5,-51,2,-54,2,-53,1,-55,2,-52,3,-54,3,-50,2,-49,1,-47,0,-42,6,-46,3,-46,6,-41,2,-46,1,-44,-1,-42,-2,-41,-4,-36,-2,-42,-3,-38,0,-34,0,0,0]"
CSI_DATA,159,2a:00:00:00:00:00,-42,11,1,0,1,1,1,0,0,0,1,-96,0,11,2,2423107,0,44,0,384,0,"[0,0,0,0,0,0,0,0,0,0,0,0,3,3,3,3,4,2,4,3,4,3,4,2,4,2,4,2,5,2,5,2,5,2,5,2,6,2,5,2,6,3,6,2,6,2,6,2,6,2,6,2,6,2,6,2,5,2,6,2,6,2,6,2,0,0,7,2,7,2,7,2,6,1,6,2,7,2,6,2,6,2,7,2,6,2,6,2,6,2,6,2,6,2,6,2,6,2,6,3,6,2,5,2,5,2,5,2,5,3,5,3,5,3,5,3,4,3,0,0,0,0,0,0,0,0,0,0,0,0,0,0,4,25,4,27,12,24,9,21,13,25,13,18,15,18,13,21,17,20,21,20,23,19,23,18,23,22,23,20,22,20,27,19,28,22,26,19,22,23,26,23,31,24,28,22,29,20,26,21,30,22,30,21,30,23,33,20,32,21,34,19,31,19,33,21,31,23,30,24,32,17,29,21,31,19,32,18,30,24,32,19,33,23,31,24,29,22,29,24,30,22,31,20,29,24,28,23,25,21,26,21,27,21,28,22,26,23,20,23,21,25,25,26,17,28,0,0,0,0,0,0,0,0,0,0,0,0,0,0,0,0,0,0,0,0,0,0,-32,47,-35,48,-36,45,-40,45,-43,43,-44,41,-46,42,-50,44,-58,46,-55,42,-61,40,-60,40,-64,45,-69,36,-67,29,-68,27,-73,31,-71,24,-66,24,-68,20,-69,18,-76,17,-68,19,-67,16,-71,11,-66,16,-63,8,-64,7,-61,7,-64,10,-54,5,-60,9,-56,8,-55,9,-57,5,-56,11,-48,11,-54,11,-51,8,-55,11,-49,8,-51,11,-48,9,-48,10,-44,9,-44,8,-45,6,-43,8,-44,5,-46,5,-40,4,-40,7,-41,5,-34,5,-42,3,-36,5,-34,4,0,0]"
CSI_DATA,160,2a:00:00:00:00:00,-42,11,1,0,1,1,1,0,0,0,1,-96,0,11,2,2430680,0,44,0,384,0,"[0,0,0,0,0,0,0,0,0,0,0,0,0,-5,0,-5,-1,-5,-1,-5,-1,-5,-1,-5,-1,-6,-2,-5,-1,-6,-2,-6,-2,-6,-2,-6,-2,-7,-2,-6,-2,-6,-2,-7,-2,-6,-2,-6,-2,-6,-2,-6,-2,-6,-2,-7,-2,-6,-3,-7,-2,-7,-2,-7,0,0,-3,-7,-3,-7,-3,-7,-3,-7,-2,-7,-3,-7,-3,-7,-3,-7,-2,-7,-2,-7,-2,-7,-2,-7,-2,-7,-2,-7,-2,-6,-1,-6,-2,-7,-2,-6,-1,-6,-2,-6,-1,-6,-1,-6,-1,-6,-1,-6,0,-6,0,-6,0,0,0,0,0,0,0,0,0,0,0,0,0,0,14,-25,9,-27,8,-30,9,-24,7,-26,2,-23,0,-27,3,-29,1,-28,-2,-29,-2,-30,-3,-29,-2,-32,-2,-36,-2,-35,-8,-33,-5,-38,-8,-35,-4,-33,-7,-32,-9,-38,-4,-36,-8,-37,-7,-38,-5,-36,-7,-38,-5,-37,-10,-38,-10,-38,-10,-38,-7,-35,-9,-34,-10,-41,-11,-40,-12,-37,-8,-38,-11,-42,-11,-41,-6,-42,-7,-33,-8,-37,-6,-38,-7,-40,-8,-38,-3,-38,-6,-37,-5,-38,-5,-40,-6,-33,-6,-34,-4,-34,-2,-32,-1,-35,-2,-32,0,-35,0,-34,4,-32,0,0,0,0,0,0,0,0,0,0,0,0,0,0,0,0,0,0,0,0,0,0,55,-8,56,-3,58,-4,61,0,61,4,64,5,61,8,63,13,71,12,69,16,72,19,70,18,74,21,69,26,64,30,68,31,71,32,63,38,63,35,61,39,58,41,59,44,58,41,63,43,55,43,57,36,49,39,50,42,47,40,52,40,42,35,45,39,45,38,42,35,44,37,43,30,44,31,45,33,43,31,47,29,39,32,44,27,42,24,41,27,36,26,38,30,37,27,34,25,35,25,34,25,34,25,33,21,28,24,29,23,32,23,32,20,32,19,0,0]"
CSI_DATA,161,2a:00:00:00:00:00,-42,11,1,0,1,1,1,0,0,0,1,-96,0,11,2,2440645,0,44,0,384,0,"[0,0,0,0,0,0,0,0,0,0,0,0,-3,-5,-3,-4,-4,-5,-4,-5,-4,-5,-4,-5,-4,-5,-4,-4,-5,-5,-5,-5,-5,-5,-5,-5,-5,-5,-5,-5,-5,-5,-6,-5,-5,-5,-5,-5,-5,-5,-5,-5,-5,-5,-6,-5,-5,-5,-6,-5,-5,-5,-6,-5,0,0,-6,-5,-6,-5,-6,-5,-6,-5,-5,-5,-6,-5,-6,-5,-5,-5,-6,-5,-6,-5,-6,-5,-5,-6,-5,-5,-5,-5,-5,-5,-5,-5,-5,-5,-5,-5,-5,-5,-5,-5,-4,-5,-4,-5,-4,-5,-4,-5,-4,-6,-3,-5,0,0,0,0,0,0,0,0,0,0,0,0,0,0,-11,-30,-8,-28,-11,-25,-10,-26,-13,-25,-15,-21,-16,-24,-17,-23,-19,-22,-21,-22,-22,-21,-24,-22,-26,-24,-23,-24,-24,-26,-27,-23,-28,-28,-27,-25,-25,-24,-29,-23,-32,-25,-28,-24,-27,-24,-27,-25,-24,-26,-29,-28,-26,-25,-30,-24,-27,-23,-35,-25,-31,-25,-32,-24,-28,-24,-30,-24,-33,-20,-30,-27,-33,-26,-30,-26,-29,-27,-32,-26,-29,-24,-28,-29,-26,-26,-28,-26,-26,-27,-26,-27,-26,-26,-27,-27,-24,-24,-25,-23,-25,-23,-24,-26,-23,-23,-19,-26,-18,-23,-19,-30,-17,-29,0,0,0,0,0,0,0,0,0,0,0,0,0,0,0,0,0,0,0,0,0,0,39,-41,40,-41,41,-40,46,-39,51,-36,52,-37,50,-36,59,-35,60,-37,64,-31,66,-30,68,-29,73,-30,74,-27,71,-18,72,-21,76,-25,73,-16,74,-16,72,-11,72,-7,75,-10,72,-5,71,-6,70,-2,70,-5,67,-3,64,-3,63,-3,65,-4,54,-2,60,-2,60,-3,56,-3,59,0,56,-6,54,-6,56,-6,52,-5,56,-6,52,-4,53,-9,52,-6,50,-7,45,-7,47,-9,48,-6,42,-6,43,-6,43,-6,40,-3,39,-8,41,-4,34,-7,40,-8,38,-5,34,-9,0,0]"
CSI_DATA,162,2a:00:00:00:00:00,-42,11,1,0,1,1,1,0,0,0,1,-96,0,11,2,2453595,0,44,0,384,0,"[0,0,0,0,0,0,0,0,0,0,0,0,-1,4,0,4,0,4,0,5,0,5,0,5,1,5,1,5,1,5,1,5,1,5,1,5,1,6,1,6,1,6,1,6,1,5,1,5,1,5,1,6,1,6,2,6,1,5,2,6,1,6,1,6,0,0,2,6,2,6,2,6,2,5,1,6,2,6,2,6,2,6,1,5,1,5,1,6,1,6,1,5,1,5,1,5,1,5,1,5,1,5,1,5,1,4,0,5,0,5,0,5,0,5,0,5,-1,5,0,0,0,0,0,0,0,0,0,0,0,0,0,0,-16,25,-14,26,-8,27,-6,23,-6,30,-7,28,-6,28,0,29,-2,29,-2,30,0,30,2,29,1,35,0,34,0,34,2,35,1,40,4,35,1,34,1,36,4,37,1,35,6,37,2,34,4,34,1,39,2,34,6,37,4,38,9,36,4,36,8,35,4,35,8,39,7,37,2,38,10,37,5,40,3,37,4,38,5,35,4,35,0,39,4,37,0,37,4,36,4,35,2,35,2,31,2,31,1,34,3,32,1,31,-2,30,-3,31,-4,30,-7,29,0,0,0,0,0,0,0,0,0,0,0,0,0,0,0,0,0,0,0,0,0,0,-55,-9,-59,-11,-55,-12,-61,-18,-58,-19,-61,-22,-58,-21,-60,-25,-67,-31,-65,-33,-64,-35,-65,-35,-71,-39,-67,-43,-65,-45,-58,-48,-66,-49,-56,-50,-59,-47,-55,-51,-53,-50,-57,-58,-49,-49,-51,-53,-48,-54,-48,-51,-42,-51,-45,-52,-40,-49,-48,-52,-37,-42,-42,-48,-42,-43,-41,-40,-43,-45,-39,-39,-38,-37,-41,-40,-37,-38,-45,-40,-40,-38,-42,-33,-38,-34,-39,-31,-36,-33,-38,-30,-36,-29,-35,-30,-37,-28,-35,-29,-34,-30,-35,-24,-31,-29,-28,-24,-35,-26,-31,-24,-32,-18,0,0]"
CSI_DATA,163,2a:00:00:00:00:00,-42,11,1,0,1,1,1,0,0,0,1,-96,0,11,2,2461087,0,44,0,384,0,"[0,0,0,0,0,0,0,0,0,0,0,0,4,3,4,2,4,2,4,3,4,3,4,2,5,2,5,2,5,2,5,2,5,2,5,2,6,2,5,2,5,3,6,2,5,2,5,2,5,2,5,2,5,3,6,2,5,2,6,2,6,2,6,2,0,0,6,2,6,3,6,2,6,2,5,2,6,2,6,2,5,2,6,2,5,2,5,2,5,3,5,3,5,3,5,2,5,2,5,3,4,2,5,2,4,2,4,2,4,3,4,3,4,3,4,3,3,3,0,0,0,0,0,0,0,0,0,0,0,0,0,0,13,25,12,24,18,26,17,20,20,21,20,20,20,20,22,22,19,14,25,20,26,16,27,18,29,20,26,18,27,19,31,19,33,20,30,21,31,21,27,18,36,21,25,18,31,20,29,20,29,18,32,21,27,17,34,15,33,22,36,17,31,19,35,16,29,22,35,20,30,13,31,20,32,19,31,17,30,23,31,16,27,16,31,19,28,19,29,20,29,22,28,18,29,20,25,19,28,19,26,18,27,15,26,18,23,18,20,20,19,20,22,23,20,24,0,0,0,0,0,0,0,0,0,0,0,0,0,0,0,0,0,0,0,0,0,0,-40,38,-44,41,-42,35,-51,40,-46,37,-55,38,-50,34,-57,34,-65,34,-59,31,-66,32,-65,30,-71,34,-74,25,-75,23,-66,19,-81,24,-69,15,-76,15,-72,13,-72,12,-77,13,-67,9,-70,8,-72,7,-71,10,-65,3,-70,7,-59,2,-69,10,-52,4,-65,4,-57,5,-56,8,-58,5,-55,10,-48,8,-54,9,-51,7,-56,10,-57,12,-48,11,-53,9,-46,12,-51,12,-41,13,-44,12,-44,12,-43,11,-42,11,-41,9,-41,15,-41,10,-33,9,-39,11,-38,14,-31,12,0,0]"
CSI_DATA,164,2a:00:00:00:00:00,-42,11,1,0,1,1,1,0,0,0,1,-96,0,11,2,2473306,0,44,0,384,0,"[0,0,0,0,0,0,0,0,0,0,0,0,-6,-1,-6,-1,-6,-1,-7,-1,-6,-1,-7,0,-7,0,-7,0,-7,0,-7,0,-7,0,-8,0,-8,0,-7,0,-7,0,-8,1,-7,1,-7,0,-7,0,-7,0,-7,0,-7,0,-7,0,-7,1,-7,0,-7,1,0,0,-7,1,-7,0,-7,1,-7,1,-7,0,-7,0,-7,1,-7,0,-7,1,-7,1,-7,1,-7,0,-6,0,-6,0,-7,0,-7,0,-6,0,-6,0,-6,0,-6,0,-6,0,-6,0,-6,0,-6,0,-6,-1,-6,-1,0,0,0,0,0,0,0,0,0,0,0,0,0,0,-29,-13,-29,-11,-29,-6,-33,-1,-29,-3,-29,-3,-30,0,-33,0,-31,-1,-32,1,-33,4,-33,4,-39,4,-36,1,-35,1,-35,6,-38,2,-37,4,-35,1,-41,5,-41,9,-37,4,-35,9,-35,5,-37,4,-35,6,-37,5,-35,6,-38,4,-36,11,-38,5,-39,9,-36,6,-36,7,-37,10,-37,3,-36,9,-34,11,-36,7,-34,7,-37,7,-37,4,-37,4,-34,4,-33,4,-35,3,-35,5,-33,2,-31,4,-32,3,-33,3,-33,5,-30,2,-29,-1,-31,1,-31,-2,-32,-5,0,0,0,0,0,0,0,0,0,0,0,0,0,0,0,0,0,0,0,0,0,0,4,-56,6,-57,9,-58,13,-61,15,-58,18,-60,16,-61,20,-64,24,-71,28,-66,34,-66,34,-66,35,-73,40,-64,43,-63,42,-63,44,-68,48,-62,45,-61,43,-58,46,-58,51,-59,49,-52,50,-56,53,-53,46,-54,48,-46,48,-48,47,-45,47,-51,39,-43,42,-45,42,-45,35,-44,39,-44,36,-45,32,-45,34,-45,33,-43,35,-44,30,-40,31,-46,31,-44,28,-40,25,-38,25,-44,25,-42,22,-41,21,-39,23,-39,21,-37,19,-39,23,-35,16,-32,22,-34,17,-33,15,-34,0,0]"
CSI_DATA,165,2a:00:00:00:00:00,-41,11,1,0,1,1,1,0,0,0,1,-96,0,11,2,2480659,0,44,0,384,0,"[0,0,0,0,0,0,0,0,0,0,0,0,-1,-6,-2,-6,-2,-6,-2,-6,-2,-6,-2,-6,-3,-6,-3,-6,-3,-6,-3,-6,-3,-7,-3,-6,-3,-7,-3,-6,-3,-6,-3,-7,-3,-6,-3,-6,-3,-6,-3,-6,-3,-6,-3,-6,-3,-6,-3,-6,-3,-7,-3,-6,0,0,-3,-6,-3,-6,-4,-7,-3,-6,-3,-6,-3,-6,-3,-6,-3,-6,-3,-6,-3,-6,-3,-6,-3,-6,-3,-6,-3,-6,-2,-6,-2,-5,-2,-6,-2,-5,-2,-5,-2,-5,-2,-5,-2,-5,-2,-6,-2,-6,-1,-5,-1,-5,0,0,0,0,0,0,0,0,0,0,0,0,0,0,9,-33,7,-34,-1,-34,0,-29,-3,-30,-3,-31,-5,-33,-3,-34,-8,-33,-7,-31,-11,-34,-11,-32,-10,-34,-7,-35,-10,-33,-13,-35,-9,-41,-9,-37,-9,-34,-12,-36,-12,-41,-12,-33,-15,-34,-11,-36,-11,-34,-10,-37,-11,-34,-13,-39,-13,-38,-14,-36,-11,-33,-12,-37,-11,-35,-16,-39,-15,-33,-12,-38,-11,-36,-12,-38,-12,-38,-11,-32,-8,-31,-8,-33,-11,-35,-11,-36,-9,-34,-7,-32,-9,-30,-10,-33,-8,-30,-6,-29,-7,-28,-7,-30,-7,-31,-2,-31,-3,-33,-3,-30,0,-29,0,0,0,0,0,0,0,0,0,0,0,0,0,0,0,0,0,0,0,0,0,0,57,-8,57,-5,56,-3,63,-3,62,1,63,6,63,7,66,7,74,11,69,11,72,17,72,16,80,20,76,25,73,27,70,30,79,28,68,31,68,33,67,35,66,35,67,40,62,36,64,36,64,41,65,33,54,39,57,38,55,37,57,37,49,28,56,34,51,33,50,29,54,34,49,28,48,26,53,26,50,22,53,25,49,25,47,21,47,21,47,18,43,19,47,21,43,18,42,15,41,15,41,17,37,17,40,11,40,15,34,10,36,12,38,11,37,8,0,0]"
CSI_DATA,166,2a:00:00:00:00:00,-41,11,1,0,1,1,1,0,0,0,1,-96,0,11,2,2490837,0,44,0,384,0,"[0,0,0,0,0,0,0,0,0,0,0,0,4,3,5,3,5,3,5,3,5,3,5,3,5,2,5,2,5,3,5,2,5,3,6,2,5,3,5,3,5,3,6,3,6,3,5,2,5,3,5,3,5,3,5,3,5,2,6,3,6,3,6,2,0,0,6,2,6,3,6,3,5,2,5,3,5,3,5,3,5,3,5,2,5,2,5,3,4,3,4,3,5,3,4,2,4,3,4,3,4,2,4,2,4,2,4,3,4,3,4,3,3,3,3,3,3,3,0,0,0,0,0,0,0,0,0,0,0,0,0,0,11,-36,5,-35,4,-32,1,-32,5,-31,3,-34,-5,-30,-4,-34,-4,-35,-4,-30,-4,-33,-3,-33,-7,-38,-5,-37,-1,-36,-4,-35,-7,-42,-8,-36,-7,-38,-6,-33,-7,-39,-8,-34,-8,-34,-6,-39,-8,-37,-5,-38,-4,-33,-10,-40,-6,-38,-6,-38,-6,-33,-4,-34,-8,-36,-9,-40,-6,-33,-6,-36,-5,-38,-11,-36,-4,-36,-5,-34,-3,-32,-5,-36,-5,-36,-7,-36,-3,-34,-4,-28,-2,-31,-1,-30,-4,-28,-4,-30,-4,-30,-2,-27,-3,-30,1,-32,0,-34,2,-28,6,-25,0,0,0,0,0,0,0,0,0,0,0,0,0,0,0,0,0,0,0,0,0,0,55,-11,55,-8,57,-8,64,-9,60,-3,66,0,60,1,67,0,73,4,68,8,69,12,70,10,79,12,74,19,69,22,70,22,73,22,65,33,66,26,66,29,63,33,71,36,62,32,65,34,60,41,62,30,55,35,54,36,53,33,55,35,46,28,56,34,52,30,50,25,45,31,52,27,44,24,47,25,49,22,52,21,51,24,47,21,43,25,48,21,42,19,45,14,45,15,43,14,41,16,42,14,41,15,38,9,40,19,34,12,41,14,41,6,32,6,0,0]"
CSI_DATA,167,2a:00:00:00:00:00,-41,11,1,0,1,1,1,0,0,0,1,-96,0,11,2,2511064,0,44,0,384,0,"[0,0,0,0,0,0,0,0,0,0,0,0,4,4,5,3,5,3,5,3,5,3,5,3,5,3,5,3,5,3,5,3,5,3,6,3,6,3,6,3,5,3,6,3,6,3,5,3,5,2,5,3,5,3,6,3,5,3,6,3,6,3,5,2,0,0,6,2,6,3,6,3,6,2,5,3,5,3,5,3,5,2,5,2,5,2,5,3,5,3,4,3,4,2,4,2,4,2,4,2,4,2,4,2,4,2,4,2,4,2,4,3,4,3,3,3,3,3,0,0,0,0,0,0,0,0,0,0,0,0,0,0,4,-34,2,-34,4,-34,-4,-33,-3,-32,-1,-33,0,-36,-3,-38,-3,-35,-3,-31,-5,-37,-9,-32,-11,-38,-2,-34,-6,-37,-6,-34,-7,-43,-6,-37,-4,-36,-7,-35,-11,-35,-8,-34,-9,-38,-7,-36,-9,-35,-5,-38,-6,-37,-11,-38,-6,-35,-14,-38,-9,-34,-9,-32,-9,-37,-13,-34,-11,-30,-7,-35,-7,-34,-9,-36,-11,-36,-5,-32,-8,-28,-5,-29,-5,-36,-6,-34,-6,-30,-8,-34,-4,-27,-4,-33,-4,-25,-7,-23,-9,-25,-6,-26,-8,-28,-3,-29,1,-28,0,-27,4,-24,0,0,0,0,0,0,0,0,0,0,0,0,0,0,0,0,0,0,0,0,0,0,59,-5,54,-1,60,1,59,4,63,5,60,8,61,8,67,12,75,15,69,17,70,22,69,21,77,27,73,30,68,33,67,37,72,30,70,38,63,35,63,36,64,36,64,45,59,40,58,43,58,48,65,40,56,46,54,39,52,41,52,38,49,36,50,38,50,35,50,29,54,32,50,31,46,29,47,30,47,26,50,26,47,28,49,23,43,24,46,25,40,19,47,21,47,23,42,17,42,19,45,21,42,15,39,16,42,16,39,13,38,19,36,10,36,8,0,0]"
CSI_DATA,168,2a:00:00:00:00:00,-41,11,1,0,1,1,1,0,0,0,1,-96,0,11,2,2530644,0,44,0,384,0,"[0,0,0,0,0,0,0,0,0,0,0,0,-2,-6,-3,-6,-3,-6,-3,-6,-3,-6,-3,-6,-3,-6,-3,-6,-3,-6,-3,-6,-3,-6,-3,-6,-3,-6,-3,-6,-3,-6,-3,-7,-3,-6,-3,-6,-3,-6,-3,-6,-3,-6,-3,-6,-3,-6,-3,-6,-3,-6,-3,-5,0,0,-3,-5,-3,-6,-3,-6,-3,-5,-3,-5,-3,-6,-3,-6,-3,-6,-3,-5,-3,-5,-3,-5,-2,-5,-3,-5,-2,-5,-2,-5,-2,-5,-2,-5,-2,-4,-2,-5,-2,-4,-2,-5,-2,-5,-2,-5,-2,-5,-1,-5,-1,-5,0,0,0,0,0,0,0,0,0,0,0,0,0,0,-2,-35,-2,-34,-5,-32,-8,-32,-9,-34,-9,-28,-12,-34,-10,-30,-10,-33,-10,-30,-13,-30,-13,-31,-16,-32,-13,-34,-11,-33,-16,-32,-15,-39,-14,-35,-10,-32,-15,-31,-17,-32,-16,-33,-14,-32,-15,-33,-13,-32,-14,-33,-14,-32,-17,-34,-13,-31,-16,-30,-14,-26,-15,-29,-14,-31,-13,-30,-16,-28,-13,-29,-16,-30,-15,-30,-12,-31,-12,-25,-14,-28,-13,-26,-13,-31,-11,-29,-9,-26,-11,-27,-9,-26,-10,-30,-9,-22,-11,-25,-11,-23,-10,-23,-9,-27,-8,-28,-5,-27,-6,-28,-6,-25,0,0,0,0,0,0,0,0,0,0,0,0,0,0,0,0,0,0,0,0,0,0,52,-14,54,-10,57,-9,57,-6,60,-3,60,0,62,-1,63,1,69,1,70,7,69,8,71,11,78,10,72,17,66,19,74,19,73,19,72,28,67,24,68,22,68,26,68,29,67,30,65,27,63,31,66,24,58,30,56,27,58,29,60,26,54,23,54,24,53,21,51,21,56,24,51,19,52,17,53,18,50,16,53,15,47,16,52,10,47,12,49,10,45,8,45,7,45,8,43,6,43,8,47,4,42,6,43,1,39,3,40,1,42,5,38,0,39,3,0,0]"
CSI_DATA,169,2a:00:00:00:00:00,-41,11,1,0,1,1,1,0,0,0,1,-96,0,11,2,2541583,0,44,0,384,0,"[0,0,0,0,0,0,0,0,0,0,0,0,1,6,1,6,2,6,2,6,2,6,1,6,2,6,2,5,2,6,2,6,2,6,2,6,2,6,2,6,2,6,2,6,2,5,2,6,2,5,2,6,2,6,2,6,1,5,2,6,2,6,2,5,0,0,2,5,2,6,2,6,2,5,2,5,2,5,2,5,2,5,1,5,1,5,1,5,1,5,1,5,1,5,1,4,1,4,1,5,1,4,1,4,1,4,1,4,1,4,1,5,0,5,0,4,0,4,0,0,0,0,0,0,0,0,0,0,0,0,0,0,17,-26,18,-25,16,-33,15,-32,14,-25,15,-26,12,-33,14,-35,10,-28,13,-30,13,-33,11,-35,13,-37,11,-34,14,-34,10,-36,11,-42,11,-38,6,-36,14,-33,11,-41,14,-27,6,-38,7,-35,10,-35,12,-37,12,-31,10,-34,8,-31,10,-37,12,-30,9,-32,11,-25,8,-35,8,-28,11,-33,7,-30,6,-33,9,-33,12,-30,13,-30,15,-28,9,-29,9,-30,8,-26,11,-25,13,-27,10,-24,12,-22,13,-22,10,-23,10,-22,8,-24,10,-25,12,-25,15,-21,15,-19,0,0,0,0,0,0,0,0,0,0,0,0,0,0,0,0,0,0,0,0,0,0,52,17,57,23,54,20,58,26,52,25,59,33,55,30,55,36,58,43,57,40,53,47,52,49,65,52,54,53,51,61,47,58,57,56,44,59,46,61,47,61,46,57,44,61,36,60,40,61,35,59,40,60,30,61,33,61,28,53,35,58,29,47,34,54,31,52,37,48,33,50,34,47,34,45,34,48,31,43,33,45,33,42,35,40,31,42,36,38,29,38,32,32,30,35,36,35,29,31,30,33,33,32,34,29,30,32,25,27,28,28,31,25,30,25,0,0]"
CSI_DATA,170,2a:00:00:00:00:00,-41,11,1,0,1,1,1,0,0,0,1,-96,0,11,2,2550675,0,44,0,384,0,"[0,0,0,0,0,0,0,0,0,0,0,0,2,5,2,5,2,5,2,5,2,5,2,5,2,5,2,5,2,5,2,5,2,5,2,5,2,5,3,5,2,5,2,5,2,5,2,5,2,5,2,5,2,5,2,5,2,4,2,5,2,5,2,4,0,0,2,4,2,5,3,5,2,4,2,4,2,5,2,5,2,4,2,4,2,4,2,4,1,4,1,4,1,4,1,4,1,4,1,4,1,3,1,4,1,3,1,4,1,4,1,4,1,4,0,4,0,4,0,0,0,0,0,0,0,0,0,0,0,0,0,0,-5,36,-4,33,-3,37,1,34,4,33,5,31,4,31,5,35,5,32,8,33,6,31,8,32,7,33,6,33,8,32,12,32,10,38,10,35,9,34,10,30,11,36,5,31,9,32,7,34,8,31,4,35,5,28,10,31,8,32,10,32,9,28,8,30,8,31,10,33,11,24,7,31,8,32,8,31,4,33,8,27,8,27,8,29,5,29,6,29,5,31,6,27,5,27,4,27,5,25,3,25,7,24,3,25,4,27,1,23,0,27,2,25,-1,25,0,0,0,0,0,0,0,0,0,0,0,0,0,0,0,0,0,0,0,0,0,0,-53,9,-57,7,-55,3,-63,2,-58,0,-65,-2,-59,-6,-65,-7,-73,-13,-68,-12,-71,-15,-72,-14,-76,-14,-73,-20,-72,-26,-68,-27,-76,-29,-67,-30,-68,-27,-64,-32,-66,-34,-67,-39,-62,-32,-66,-35,-64,-37,-65,-32,-57,-36,-60,-35,-54,-32,-59,-33,-47,-29,-56,-31,-52,-32,-50,-25,-54,-31,-51,-27,-48,-20,-51,-22,-49,-20,-55,-20,-50,-24,-51,-17,-49,-18,-50,-15,-46,-14,-46,-13,-47,-14,-44,-11,-45,-12,-44,-13,-43,-10,-45,-9,-44,-12,-39,-8,-42,-9,-42,-6,-38,-8,0,0]"
CSI_DATA,171,2a:00:00:00:00:00,-41,11,1,0,1,1,1,0,0,0,1,-96,0,11,2,2560842,0,44,0,384,0,"[0,0,0,0,0,0,0,0,0,0,0,0,-6,-4,-6,-4,-6,-3,-6,-4,-6,-3,-6,-3,-6,-3,-6,-3,-6,-3,-6,-3,-6,-3,-7,-3,-6,-3,-6,-3,-6,-3,-6,-3,-6,-3,-6,-3,-6,-3,-6,-3,-6,-3,-6,-3,-5,-3,-6,-3,-6,-3,-6,-3,0,0,-6,-2,-6,-3,-6,-3,-6,-2,-5,-3,-5,-3,-5,-3,-5,-3,-5,-2,-5,-2,-5,-3,-5,-3,-5,-3,-5,-3,-5,-3,-5,-2,-5,-3,-5,-2,-5,-3,-4,-2,-5,-3,-4,-3,-4,-3,-4,-3,-4,-3,-4,-3,0,0,0,0,0,0,0,0,0,0,0,0,0,0,-27,-30,-25,-28,-27,-22,-26,-23,-29,-24,-28,-23,-30,-22,-26,-19,-31,-19,-29,-18,-31,-18,-31,-19,-36,-19,-31,-21,-31,-20,-33,-18,-36,-23,-32,-18,-28,-18,-32,-22,-31,-19,-32,-19,-28,-16,-28,-17,-28,-17,-31,-20,-30,-17,-30,-17,-31,-19,-32,-19,-30,-15,-30,-16,-28,-14,-28,-15,-31,-13,-25,-15,-27,-14,-28,-14,-30,-17,-30,-13,-29,-16,-27,-14,-23,-16,-26,-16,-24,-14,-30,-16,-24,-14,-24,-16,-24,-13,-26,-14,-25,-12,-25,-15,-21,-13,-21,-16,-20,-16,-20,-17,-20,-19,0,0,0,0,0,0,0,0,0,0,0,0,0,0,0,0,0,0,0,0,0,0,39,-42,38,-40,42,-43,43,-41,50,-41,49,-36,49,-38,53,-38,63,-44,67,-38,65,-34,65,-34,72,-39,72,-34,68,-26,74,-28,73,-29,75,-24,69,-21,72,-21,71,-18,78,-21,76,-17,74,-17,74,-11,70,-18,69,-12,65,-14,65,-12,64,-14,60,-14,60,-15,59,-17,55,-19,59,-17,55,-19,55,-19,53,-20,52,-15,56,-22,51,-21,54,-25,46,-24,48,-24,43,-20,46,-24,41,-25,42,-24,40,-27,43,-24,38,-23,38,-25,40,-25,37,-22,41,-24,32,-24,35,-28,0,0]"
CSI_DATA,172,2a:00:00:00:00:00,-41,11,1,0,1,1,1,0,0,0,1,-96,0,11,2,2580660,0,44,0,384,0,"[0,0,0,0,0,0,0,0,0,0,0,0,-6,-4,-6,-4,-6,-4,-6,-4,-6,-4,-6,-3,-6,-4,-6,-4,-6,-4,-6,-4,-6,-4,-7,-4,-6,-4,-6,-4,-6,-4,-7,-4,-6,-3,-6,-3,-6,-3,-6,-4,-6,-4,-6,-4,-6,-4,-6,-3,-6,-4,-6,-3,0,0,-6,-3,-6,-4,-6,-3,-6,-3,-5,-3,-5,-3,-5,-3,-5,-3,-5,-3,-5,-3,-5,-3,-5,-3,-4,-3,-4,-3,-5,-3,-5,-3,-5,-3,-5,-3,-4,-3,-4,-3,-4,-3,-4,-3,-4,-3,-4,-3,-4,-4,-4,-4,0,0,0,0,0,0,0,0,0,0,0,0,0,0,-28,-24,-27,-23,-32,-17,-30,-18,-30,-16,-30,-15,-29,-14,-33,-15,-31,-12,-32,-15,-34,-12,-32,-11,-36,-14,-33,-12,-34,-15,-36,-14,-36,-16,-32,-13,-30,-15,-35,-11,-35,-11,-32,-12,-33,-8,-34,-10,-30,-14,-32,-12,-30,-13,-32,-13,-31,-12,-35,-11,-28,-7,-33,-11,-28,-13,-31,-11,-30,-9,-28,-12,-29,-10,-28,-10,-28,-12,-29,-10,-30,-9,-29,-11,-27,-12,-27,-9,-26,-11,-29,-9,-28,-11,-26,-9,-26,-11,-25,-11,-26,-9,-25,-9,-24,-11,-21,-12,-21,-13,-24,-15,-19,-15,0,0,0,0,0,0,0,0,0,0,0,0,0,0,0,0,0,0,0,0,0,0,22,-50,24,-49,26,-50,30,-53,34,-47,38,-50,37,-51,42,-49,43,-56,49,-51,51,-51,51,-51,55,-56,58,-48,60,-44,61,-43,63,-53,63,-38,62,-42,63,-40,65,-36,67,-41,66,-34,66,-34,67,-33,62,-36,58,-28,63,-29,56,-27,60,-30,50,-28,55,-30,52,-30,48,-29,53,-27,48,-32,47,-32,48,-32,43,-31,45,-35,44,-32,40,-36,42,-34,39,-30,37,-31,33,-33,36,-33,35,-34,32,-32,34,-29,33,-30,30,-34,31,-30,29,-28,28,-33,27,-32,28,-35,0,0]"
CSI_DATA,173,2a:00:00:00:00:00,-41,11,1,0,1,1,1,0,0,0,1,-96,0,11,2,2590659,0,44,0,384,0,"[0,0,0,0,0,0,0,0,0,0,0,0,-5,4,-4,5,-4,5,-4,5,-4,5,-4,5,-4,5,-4,5,-4,5,-4,5,-4,5,-4,5,-4,5,-4,5,-4,5,-4,5,-4,5,-4,5,-3,5,-3,5,-3,5,-3,5,-4,4,-4,5,-4,5,-4,5,0,0,-4,5,-3,5,-4,5,-3,5,-3,4,-3,4,-3,4,-3,4,-4,4,-4,4,-4,4,-3,4,-3,4,-3,4,-4,3,-3,4,-3,4,-3,3,-3,3,-3,3,-3,3,-3,3,-3,3,-3,3,-4,2,-4,2,0,0,0,0,0,0,0,0,0,0,0,0,0,0,-31,17,-32,18,-27,21,-28,20,-30,22,-26,21,-27,24,-27,25,-22,26,-27,21,-25,22,-25,24,-28,24,-26,24,-28,24,-25,29,-26,28,-24,28,-25,24,-26,26,-27,26,-25,25,-22,26,-25,24,-25,21,-23,23,-24,25,-22,25,-23,25,-22,25,-22,23,-23,23,-22,24,-22,22,-21,25,-19,21,-20,23,-20,24,-21,21,-22,19,-22,21,-21,18,-20,21,-20,22,-21,21,-23,18,-21,17,-19,20,-21,13,-19,16,-20,17,-20,13,-19,16,-20,16,-21,14,-21,13,-22,11,0,0,0,0,0,0,0,0,0,0,0,0,0,0,0,0,0,0,0,0,0,0,-41,-38,-35,-42,-36,-44,-38,-46,-34,-50,-33,-53,-34,-54,-31,-57,-34,-66,-30,-66,-30,-68,-29,-66,-32,-74,-26,-72,-19,-69,-20,-72,-20,-75,-16,-77,-16,-72,-11,-73,-9,-73,-9,-77,-8,-74,-10,-74,-6,-75,-11,-73,-6,-67,-4,-67,-5,-68,-9,-66,-6,-59,-6,-63,-6,-60,-9,-60,-8,-60,-10,-56,-10,-56,-13,-57,-12,-54,-15,-57,-12,-54,-16,-55,-14,-50,-19,-53,-14,-46,-12,-46,-16,-47,-16,-49,-15,-44,-17,-46,-19,-41,-19,-41,-17,-42,-16,-41,-21,-43,-18,-39,-19,-38,0,0]"
CSI_DATA,174,2a:00:00:00:00:00,-41,11,1,0,1,1,1,0,0,0,1,-96,0,11,2,2600847,0,44,0,384,0,"[0,0,0,0,0,0,0,0,0,0,0,0,-4,-6,-4,-6,-5,-6,-5,-6,-5,-6,-4,-6,-5,-6,-5,-6,-5,-6,-5,-6,-5,-6,-5,-5,-5,-6,-5,-6,-5,-6,-5,-6,-5,-5,-4,-5,-5,-5,-5,-5,-4,-5,-5,-5,-4,-5,-5,-5,-5,-6,-5,-5,0,0,-4,-5,-5,-5,-5,-5,-4,-5,-4,-5,-4,-5,-4,-5,-4,-5,-4,-5,-4,-4,-4,-5,-3,-5,-3,-5,-3,-5,-3,-4,-3,-5,-3,-5,-3,-4,-3,-4,-3,-4,-3,-4,-3,-5,-3,-5,-2,-5,-2,-5,-2,-5,0,0,0,0,0,0,0,0,0,0,0,0,0,0,-22,33,-16,32,-19,31,-19,32,-13,32,-13,31,-15,35,-10,36,-9,32,-15,36,-9,32,-10,35,-12,35,-15,35,-10,34,-11,34,-14,38,-8,37,-10,33,-15,33,-9,33,-10,31,-6,36,-14,34,-11,30,-10,33,-8,32,-10,34,-6,33,-10,33,-10,31,-12,32,-8,36,-8,31,-9,28,-11,31,-12,31,-5,34,-9,32,-7,29,-10,24,-12,26,-8,28,-9,31,-9,28,-11,23,-10,25,-10,27,-9,24,-8,24,-11,24,-11,20,-12,26,-11,21,-11,26,-11,23,-17,19,0,0,0,0,0,0,0,0,0,0,0,0,0,0,0,0,0,0,0,0,0,0,-55,-14,-58,-16,-55,-16,-62,-20,-58,-23,-61,-28,-58,-30,-59,-32,-63,-38,-61,-39,-60,-42,-60,-41,-69,-47,-65,-50,-56,-55,-56,-53,-63,-55,-52,-54,-51,-56,-50,-58,-48,-56,-46,-64,-50,-61,-51,-60,-44,-63,-46,-56,-38,-61,-43,-59,-39,-54,-44,-59,-36,-47,-40,-55,-37,-50,-37,-46,-40,-46,-37,-45,-36,-44,-42,-45,-39,-44,-39,-43,-36,-40,-44,-37,-42,-41,-39,-35,-38,-35,-42,-35,-37,-37,-36,-31,-40,-34,-35,-31,-37,-35,-34,-33,-34,-32,-33,-27,-37,-27,-34,-27,-35,-24,0,0]"
CSI_DATA,175,2a:00:00:00:00:00,-41,11,1,0,1,1,1,0,0,0,1,-96,0,11,2,2621962,0,44,0,384,0,"[0,0,0,0,0,0,0,0,0,0,0,0,-7,-3,-7,-2,-7,-2,-7,-2,-7,-2,-7,-2,-8,-2,-7,-2,-7,-2,-7,-2,-8,-2,-8,-2,-8,-2,-7,-2,-7,-2,-8,-1,-7,-1,-7,-1,-7,-2,-7,-2,-6,-2,-7,-2,-7,-2,-7,-2,-7,-2,-7,-2,0,0,-7,-1,-7,-2,-7,-2,-7,-1,-6,-2,-6,-2,-6,-2,-6,-2,-6,-1,-6,-1,-6,-2,-5,-2,-5,-2,-5,-2,-6,-2,-6,-2,-5,-2,-5,-2,-5,-2,-5,-2,-5,-2,-5,-2,-5,-2,-5,-2,-5,-3,-5,-3,0,0,0,0,0,0,0,0,0,0,0,0,0,0,14,33,15,32,21,28,19,29,22,25,18,26,20,29,24,32,20,27,21,27,23,24,25,26,24,25,22,27,27,20,30,24,25,29,24,27,24,25,19,26,26,31,22,23,22,24,24,26,18,24,23,27,23,23,27,23,22,29,25,23,22,20,24,26,18,27,23,22,22,16,17,25,20,22,25,24,18,24,21,20,21,18,18,20,18,20,18,23,15,24,20,19,16,17,14,21,13,18,14,15,14,18,13,15,15,21,13,21,11,17,12,20,9,20,0,0,0,0,0,0,0,0,0,0,0,0,0,0,0,0,0,0,0,0,0,0,-37,40,-38,38,-40,40,-46,42,-42,35,-48,35,-48,32,-52,33,-61,36,-60,31,-63,30,-64,34,-69,35,-70,27,-69,22,-71,24,-75,28,-72,16,-71,17,-69,14,-71,10,-76,15,-70,9,-74,12,-72,6,-71,14,-68,5,-68,5,-66,7,-68,9,-54,8,-63,5,-61,5,-60,8,-59,7,-57,11,-53,10,-58,13,-51,11,-62,14,-56,11,-51,17,-55,15,-50,13,-48,18,-48,20,-46,13,-45,16,-43,16,-45,15,-42,12,-42,19,-47,19,-36,15,-45,18,-39,18,-38,16,0,0]"
CSI_DATA,176,2a:00:00:00:00:00,-41,11,1,0,1,1,1,0,0,0,1,-96,0,11,2,2630760,0,44,0,384,0,"[0,0,0,0,0,0,0,0,0,0,0,0,1,6,1,6,1,6,1,6,1,6,1,6,2,6,2,6,1,6,2,6,1,6,1,6,1,6,1,6,1,6,2,6,2,6,1,5,1,6,2,5,1,5,2,5,1,5,1,5,1,6,1,5,0,0,1,5,1,5,1,5,1,5,1,5,1,5,1,5,1,5,1,4,1,4,0,5,0,5,0,4,0,5,0,4,0,4,0,4,0,4,0,4,1,4,0,4,0,4,0,4,-1,4,-1,4,-1,4,0,0,0,0,0,0,0,0,0,0,0,0,0,0,23,-32,23,-26,18,-30,20,-27,23,-31,18,-30,15,-27,15,-32,16,-31,18,-31,18,-34,12,-31,17,-35,19,-33,18,-33,15,-34,14,-36,12,-38,14,-34,14,-32,17,-37,15,-28,12,-34,16,-32,14,-27,18,-33,15,-32,9,-34,17,-30,17,-29,17,-32,15,-32,11,-31,10,-32,8,-31,10,-29,11,-32,10,-28,16,-28,15,-23,15,-25,14,-23,16,-26,11,-29,13,-26,11,-25,14,-25,10,-28,12,-20,14,-23,14,-25,16,-21,15,-21,13,-22,17,-21,21,-18,17,-16,0,0,0,0,0,0,0,0,0,0,0,0,0,0,0,0,0,0,0,0,0,0,51,21,50,21,50,23,54,31,49,34,53,38,49,36,56,40,56,43,49,48,53,47,52,53,60,54,49,58,47,61,48,62,48,66,41,66,41,62,40,66,36,66,39,69,33,65,36,63,33,65,37,65,26,64,31,65,27,56,32,65,28,53,27,57,28,55,30,52,27,54,32,50,27,45,36,50,30,50,33,51,31,49,33,46,33,46,32,44,33,44,27,45,30,39,30,37,31,39,28,40,31,36,32,40,31,40,28,28,32,31,31,33,30,29,0,0]"
CSI_DATA,177,2a:00:00:00:00:00,-41,11,1,0,1,1,1,0,0,0,1,-96,0,11,2,2640849,0,44,0,384,0,"[0,0,0,0,0,0,0,0,0,0,0,0,2,-7,1,-7,1,-7,1,-7,1,-7,1,-7,1,-7,1,-7,1,-7,1,-7,1,-7,1,-7,1,-7,0,-7,1,-7,1,-8,1,-7,1,-7,0,-7,1,-7,1,-6,0,-7,1,-6,0,-7,1,-7,1,-6,0,0,1,-6,0,-7,0,-7,1,-6,0,-6,0,-6,0,-6,0,-6,1,-6,1,-6,1,-6,1,-6,1,-6,1,-5,1,-5,1,-5,1,-6,0,-5,1,-5,1,-4,1,-5,1,-5,1,-5,1,-5,2,-4,2,-4,0,0,0,0,0,0,0,0,0,0,0,0,0,0,-31,0,-36,6,-36,8,-36,6,-40,6,-36,6,-33,9,-34,11,-30,16,-31,7,-30,10,-33,13,-34,8,-32,9,-33,9,-33,12,-34,15,-29,14,-35,12,-34,12,-36,11,-34,10,-30,13,-34,10,-26,9,-31,10,-29,7,-31,14,-31,10,-34,12,-31,9,-37,11,-30,9,-30,12,-29,11,-28,9,-27,7,-31,13,-28,10,-31,3,-29,10,-33,5,-29,7,-27,10,-24,7,-31,3,-28,1,-24,7,-26,-1,-24,5,-28,1,-26,5,-25,6,-23,6,-21,2,-24,1,-22,-2,0,0,0,0,0,0,0,0,0,0,0,0,0,0,0,0,0,0,0,0,0,0,-30,-45,-29,-46,-27,-45,-23,-54,-23,-55,-19,-58,-18,-60,-20,-64,-20,-71,-18,-63,-15,-69,-13,-71,-15,-78,-9,-74,-2,-77,4,-73,-2,-81,7,-72,0,-73,3,-72,6,-70,9,-77,12,-69,10,-73,15,-70,4,-74,15,-69,13,-69,18,-63,12,-66,9,-58,9,-62,9,-57,9,-58,11,-59,5,-58,10,-56,8,-59,3,-58,4,-61,9,-58,4,-59,8,-57,2,-54,4,-52,4,-49,8,-53,-1,-52,0,-50,-1,-48,-2,-47,-2,-48,0,-48,2,-42,0,-44,-5,-43,-1,-42,0,0]"
CSI_DATA,178,2a:00:00:00:00:00,-41,11,1,0,1,1,1,0,0,0,1,-96,0,11,2,2651012,0,44,0,384,0,"[0,0,0,0,0,0,0,0,0,0,0,0,0,6,0,6,1,6,0,6,1,6,0,6,1,6,1,6,1,6,1,6,1,6,1,6,1,6,1,6,1,6,1,6,1,6,1,5,1,6,1,6,0,6,1,6,0,5,1,6,0,6,1,5,0,0,0,5,0,6,0,6,1,5,0,5,0,5,0,5,0,5,0,4,0,5,0,5,0,5,0,5,0,4,0,4,0,4,-1,5,0,4,0,4,0,4,0,4,0,4,-1,4,-1,4,-1,4,-1,4,0,0,0,0,0,0,0,0,0,0,0,0,0,0,30,-26,30,-22,24,-28,24,-24,24,-24,25,-28,24,-27,22,-28,22,-27,21,-28,19,-24,19,-27,20,-29,23,-30,24,-27,16,-26,22,-33,19,-32,19,-26,21,-26,24,-28,25,-25,19,-27,21,-28,20,-26,22,-30,20,-27,14,-30,18,-27,21,-31,18,-23,18,-25,18,-24,21,-27,16,-23,19,-26,17,-26,15,-24,21,-22,16,-22,21,-20,19,-19,18,-24,20,-25,19,-21,15,-21,15,-19,14,-24,19,-16,17,-19,15,-17,16,-17,16,-18,15,-19,13,-17,17,-11,22,-11,0,0,0,0,0,0,0,0,0,0,0,0,0,0,0,0,0,0,0,0,0,0,45,26,44,32,42,32,45,34,43,38,42,45,45,45,44,46,46,54,43,51,39,55,42,59,42,63,36,62,33,64,33,67,36,70,29,68,31,67,31,69,25,68,25,70,25,66,25,73,21,70,24,68,14,65,16,65,19,59,19,63,17,56,20,64,20,60,21,57,20,59,20,53,19,54,22,57,22,52,24,50,21,51,22,51,22,47,26,50,22,43,21,43,25,43,23,42,24,40,22,41,23,43,23,38,17,42,23,42,24,41,16,37,26,40,0,0]"
CSI_DATA,179,2a:00:00:00:00:00,-41,11,1,0,1,1,1,0,0,0,1,-96,0,11,2,2660662,0,44,0,384,0,"[0,0,0,0,0,0,0,0,0,0,0,0,0,-7,0,-7,-1,-7,0,-7,0,-7,0,-7,0,-7,0,-7,0,-7,-1,-7,0,-7,-1,-7,-1,-7,-1,-7,0,-7,0,-7,-1,-7,0,-7,-1,-7,0,-7,0,-6,0,-6,0,-6,-1,-7,0,-6,0,-6,0,0,0,-6,-1,-7,-1,-6,0,-6,0,-6,0,-6,0,-6,0,-6,0,-5,0,-5,0,-5,0,-6,0,-5,0,-5,0,-5,0,-5,0,-5,0,-5,0,-5,0,-4,0,-4,0,-5,1,-5,1,-5,1,-4,1,-4,0,0,0,0,0,0,0,0,0,0,0,0,0,0,-40,13,-28,13,-34,23,-29,19,-28,18,-27,23,-24,21,-27,23,-23,20,-27,24,-25,21,-27,24,-27,23,-25,26,-29,22,-25,25,-26,30,-25,28,-27,21,-28,26,-30,29,-23,22,-25,28,-20,23,-19,26,-24,24,-22,24,-20,24,-24,22,-22,23,-23,22,-26,23,-19,20,-21,24,-23,22,-17,21,-20,22,-23,21,-22,22,-21,21,-25,17,-27,15,-19,20,-21,20,-21,17,-22,16,-20,16,-19,18,-21,14,-20,14,-23,13,-21,12,-19,13,-17,12,-19,15,-24,12,-22,5,0,0,0,0,0,0,0,0,0,0,0,0,0,0,0,0,0,0,0,0,0,0,-38,-36,-42,-35,-39,-38,-39,-46,-37,-41,-36,-53,-36,-48,-37,-53,-36,-59,-35,-57,-34,-64,-34,-60,-39,-66,-30,-74,-30,-68,-22,-71,-30,-79,-20,-72,-19,-75,-20,-74,-19,-71,-18,-75,-16,-68,-14,-72,-8,-74,-16,-73,-8,-69,-10,-75,-6,-65,-12,-70,-10,-58,-10,-65,-11,-58,-12,-59,-13,-62,-13,-58,-15,-57,-16,-57,-15,-53,-17,-51,-16,-58,-20,-54,-19,-51,-18,-50,-15,-51,-17,-43,-15,-50,-21,-48,-16,-45,-19,-47,-17,-46,-18,-43,-19,-51,-17,-39,-22,-43,-18,-41,-20,-40,0,0]"
CSI_DATA,180,2a:00:00:00:00:00,-41,11,1,0,1,1,1,0,0,0,1,-96,0,11,2,2670652,0,44,0,384,0,"[0,0,0,0,0,0,0,0,0,0,0,0,-6,-4,-6,-4,-6,-4,-6,-4,-6,-4,-6,-3,-7,-3,-6,-3,-6,-3,-7,-3,-7,-3,-7,-3,-7,-3,-6,-3,-6,-4,-7,-3,-6,-3,-6,-3,-6,-3,-6,-3,-6,-3,-6,-3,-6,-3,-6,-3,-6,-3,-6,-3,0,0,-6,-2,-6,-3,-6,-3,-6,-3,-5,-3,-6,-3,-5,-3,-5,-3,-6,-2,-6,-2,-5,-3,-5,-3,-5,-3,-5,-3,-5,-2,-5,-2,-5,-3,-5,-2,-4,-2,-5,-2,-5,-2,-4,-3,-4,-3,-4,-3,-4,-3,-4,-3,0,0,0,0,0,0,0,0,0,0,0,0,0,0,-9,33,-3,34,-1,36,4,33,-1,35,2,32,6,35,5,39,6,33,3,32,10,32,8,36,8,34,6,36,3,31,8,34,7,38,9,38,7,34,4,34,7,37,4,32,11,34,5,31,6,31,3,34,7,30,5,32,5,33,10,34,4,30,4,28,4,29,4,33,8,26,2,28,4,32,3,30,1,30,4,30,1,27,2,27,2,32,4,28,0,29,2,23,0,26,2,27,-2,22,2,25,-3,23,1,21,-4,25,-3,24,-1,26,-4,23,-3,22,0,0,0,0,0,0,0,0,0,0,0,0,0,0,0,0,0,0,0,0,0,0,-45,21,-50,19,-51,18,-54,17,-58,15,-60,13,-59,11,-63,7,-71,9,-70,4,-71,4,-71,3,-81,2,-76,-2,-76,-6,-74,-9,-79,-7,-75,-14,-78,-15,-72,-16,-70,-20,-75,-17,-69,-23,-69,-23,-69,-27,-70,-21,-66,-24,-63,-26,-66,-21,-64,-19,-55,-20,-64,-23,-60,-21,-56,-18,-60,-23,-55,-17,-56,-17,-56,-16,-57,-15,-60,-12,-56,-14,-57,-11,-55,-13,-55,-12,-51,-9,-50,-12,-52,-11,-45,-13,-48,-8,-48,-5,-48,-13,-43,-8,-51,-7,-45,-6,-52,-8,-43,-6,-38,-3,0,0]"
CSI_DATA,181,2a:00:00:00:00:00,-42,11,1,0,1,1,1,0,0,0,1,-96,0,11,2,2710656,0,44,0,384,0,"[0,0,0,0,0,0,0,0,0,0,0,0,-3,-7,-3,-7,-3,-6,-3,-7,-4,-7,-3,-6,-4,-6,-4,-6,-4,-6,-4,-6,-4,-7,-4,-6,-3,-7,-3,-6,-3,-6,-4,-6,-4,-6,-3,-6,-3,-6,-4,-6,-3,-6,-4,-6,-3,-5,-4,-6,-3,-6,-3,-6,0,0,-4,-5,-4,-6,-4,-6,-3,-5,-3,-6,-3,-5,-3,-5,-3,-6,-3,-5,-3,-5,-3,-5,-2,-5,-2,-5,-2,-5,-3,-5,-3,-5,-2,-5,-2,-4,-2,-4,-2,-4,-2,-4,-2,-5,-1,-5,-1,-5,-1,-5,-1,-5,0,0,0,0,0,0,0,0,0,0,0,0,0,0,-23,33,-16,31,-17,28,-15,26,-16,29,-12,27,-13,34,-11,34,-14,34,-10,26,-14,28,-12,32,-11,33,-8,38,-15,29,-9,32,-8,38,-9,32,-8,27,-10,33,-9,34,-10,31,-8,31,-5,33,-13,33,-10,36,-11,30,-5,35,-12,30,-8,34,-11,26,-8,29,-10,30,-9,34,-5,25,-9,29,-9,32,-10,29,-12,30,-10,24,-12,21,-11,25,-11,26,-12,25,-6,24,-11,25,-10,22,-10,24,-8,21,-9,18,-11,20,-10,22,-9,19,-11,21,-13,19,-12,18,-15,17,0,0,0,0,0,0,0,0,0,0,0,0,0,0,0,0,0,0,0,0,0,0,-47,-16,-46,-17,-53,-20,-51,-23,-53,-30,-50,-29,-50,-26,-56,-36,-60,-37,-54,-41,-55,-46,-53,-45,-63,-49,-56,-56,-51,-52,-52,-53,-55,-55,-52,-57,-49,-55,-49,-60,-45,-62,-47,-64,-40,-63,-42,-60,-41,-60,-44,-59,-32,-60,-35,-61,-35,-58,-42,-58,-34,-47,-36,-55,-35,-53,-37,-48,-38,-54,-37,-47,-35,-49,-39,-47,-40,-41,-43,-44,-38,-44,-39,-38,-36,-38,-41,-43,-33,-39,-36,-34,-35,-35,-36,-33,-35,-30,-34,-36,-38,-32,-33,-29,-36,-30,-31,-24,-37,-30,-35,-29,-34,-24,0,0]"
CSI_DATA,182,2a:00:00:00:00:00,-42,11,1,0,1,1,1,0,0,0,1,-96,0,11,2,2740654,0,44,0,384,0,"[0,0,0,0,0,0,0,0,0,0,0,0,5,-3,5,-3,5,-3,5,-3,5,-3,5,-3,5,-4,5,-3,5,-3,5,-3,5,-3,5,-4,5,-3,5,-3,5,-3,5,-4,5,-4,5,-3,4,-3,4,-3,4,-3,4,-3,4,-3,4,-3,4,-3,4,-3,0,0,4,-3,4,-3,4,-3,4,-3,4,-2,4,-3,4,-3,4,-2,4,-3,4,-3,4,-2,4,-2,4,-2,3,-2,4,-2,4,-2,3,-2,4,-2,4,-2,3,-2,4,-2,3,-1,3,-2,3,-1,4,-1,3,-1,0,0,0,0,0,0,0,0,0,0,0,0,0,0,32,-6,32,-4,33,-11,35,-9,33,-14,31,-13,27,-13,32,-17,31,-16,30,-17,30,-17,31,-18,33,-18,28,-18,30,-18,28,-20,29,-19,29,-18,30,-17,29,-18,32,-20,28,-16,27,-18,28,-16,27,-14,28,-17,25,-14,26,-19,26,-13,30,-20,25,-18,27,-17,25,-15,24,-17,23,-17,24,-14,23,-14,25,-14,25,-14,29,-15,26,-13,27,-12,22,-12,24,-12,23,-11,25,-11,23,-12,21,-11,23,-11,22,-8,21,-11,22,-12,21,-11,20,-8,21,-8,24,-5,23,-2,0,0,0,0,0,0,0,0,0,0,0,0,0,0,0,0,0,0,0,0,0,0,11,49,11,52,9,48,7,55,4,53,2,58,1,58,-3,61,-2,68,-3,65,-6,70,-5,70,-3,77,-9,74,-19,71,-18,69,-17,81,-21,71,-20,73,-23,68,-27,68,-29,72,-25,66,-24,72,-27,67,-21,71,-27,64,-27,67,-27,60,-25,67,-19,53,-24,63,-24,58,-19,57,-21,59,-18,58,-15,52,-14,60,-10,54,-8,58,-12,57,-8,56,-12,56,-6,52,-7,52,-4,50,-9,50,-5,49,-5,48,-5,45,1,44,1,46,-3,48,-1,41,1,43,3,41,2,40,0,0]"
CSI_DATA,183,2a:00:00:00:00:00,-42,11,1,0,1,1,1,0,0,0,1,-96,0,11,2,2751983,0,44,0,384,0,"[0,0,0,0,0,0,0,0,0,0,0,0,-6,-3,-7,-3,-6,-2,-7,-3,-7,-2,-7,-2,-7,-2,-7,-2,-7,-2,-6,-2,-7,-2,-7,-2,-7,-2,-7,-2,-7,-2,-7,-2,-7,-2,-6,-2,-7,-2,-6,-2,-6,-2,-6,-2,-6,-2,-6,-2,-6,-2,-6,-1,0,0,-6,-1,-6,-2,-6,-2,-6,-1,-6,-2,-6,-2,-6,-2,-5,-2,-6,-2,-5,-2,-6,-2,-5,-2,-5,-2,-5,-2,-5,-2,-5,-2,-5,-2,-5,-2,-5,-2,-4,-2,-4,-2,-4,-2,-4,-2,-4,-2,-4,-3,-4,-3,0,0,0,0,0,0,0,0,0,0,0,0,0,0,-30,-23,-30,-18,-31,-18,-31,-14,-32,-17,-34,-10,-30,-12,-34,-12,-30,-10,-33,-9,-35,-7,-33,-10,-35,-10,-32,-8,-36,-9,-36,-6,-39,-8,-35,-7,-31,-10,-36,-9,-37,-9,-33,-6,-32,-8,-33,-11,-31,-9,-34,-11,-30,-8,-32,-8,-29,-9,-34,-6,-30,-4,-33,-7,-28,-8,-30,-7,-27,-4,-29,-10,-29,-9,-28,-10,-25,-12,-26,-8,-27,-8,-29,-10,-25,-9,-26,-10,-23,-11,-26,-10,-25,-11,-24,-8,-24,-12,-24,-13,-24,-11,-21,-11,-22,-12,-18,-12,-21,-11,-21,-13,-19,-16,0,0,0,0,0,0,0,0,0,0,0,0,0,0,0,0,0,0,0,0,0,0,21,-45,23,-45,21,-45,30,-48,27,-48,35,-47,38,-45,41,-46,49,-51,44,-46,46,-50,49,-52,54,-56,54,-50,59,-46,59,-42,64,-48,60,-42,61,-42,65,-38,65,-32,69,-35,64,-36,64,-39,63,-34,62,-42,61,-33,63,-34,59,-28,60,-35,51,-29,58,-29,55,-29,51,-30,54,-29,51,-32,47,-32,49,-37,45,-34,46,-40,48,-33,44,-37,46,-35,41,-35,39,-34,38,-33,41,-34,37,-31,36,-31,33,-31,31,-32,28,-36,34,-31,28,-30,27,-36,28,-34,23,-32,0,0]"
CSI_DATA,184,2a:00:00:00:00:00,-42,11,1,0,1,1,1,0,0,0,1,-96,0,11,2,2760650,0,44,0,384,0,"[0,0,0,0,0,0,0,0,0,0,0,0,-6,-5,-6,-4,-6,-4,-6,-4,-6,-4,-6,-4,-6,-4,-6,-4,-7,-4,-6,-4,-7,-4,-7,-4,-6,-4,-6,-4,-6,-4,-7,-3,-7,-3,-6,-3,-6,-3,-6,-3,-6,-4,-6,-3,-6,-3,-6,-3,-6,-4,-6,-3,0,0,-6,-3,-6,-3,-6,-3,-6,-3,-5,-3,-5,-3,-5,-3,-5,-3,-5,-3,-5,-3,-5,-3,-5,-3,-4,-3,-4,-3,-5,-3,-5,-3,-4,-3,-4,-3,-4,-3,-4,-3,-4,-3,-4,-3,-4,-3,-4,-3,-4,-4,-3,-4,0,0,0,0,0,0,0,0,0,0,0,0,0,0,-16,-31,-19,-28,-23,-30,-21,-26,-25,-27,-24,-26,-25,-25,-27,-24,-25,-23,-27,-24,-28,-21,-27,-23,-34,-24,-27,-22,-26,-24,-31,-21,-29,-25,-31,-24,-27,-22,-27,-21,-32,-23,-28,-20,-27,-19,-24,-21,-23,-20,-26,-21,-26,-19,-26,-21,-25,-21,-29,-19,-24,-17,-30,-20,-23,-20,-25,-20,-27,-17,-23,-18,-25,-20,-26,-19,-20,-19,-22,-19,-23,-19,-25,-21,-19,-19,-21,-18,-18,-21,-22,-19,-20,-20,-20,-18,-18,-17,-19,-15,-17,-18,-16,-18,-16,-17,-14,-18,-16,-17,-15,-20,-12,-23,0,0,0,0,0,0,0,0,0,0,0,0,0,0,0,0,0,0,0,0,0,0,43,-30,44,-27,46,-25,52,-29,49,-23,56,-24,55,-22,60,-22,68,-24,64,-16,67,-17,69,-17,76,-19,74,-14,75,-6,72,-9,82,-15,76,-4,75,-4,74,-4,74,1,80,0,73,2,76,0,75,6,74,-3,71,4,71,2,66,3,71,-1,59,-2,67,1,65,0,61,-4,63,-2,60,-7,55,-4,62,-7,60,-6,59,-12,59,-7,54,-15,56,-12,57,-14,52,-14,47,-13,50,-13,49,-14,48,-15,46,-13,43,-15,45,-18,43,-14,38,-13,42,-18,38,-17,36,-19,0,0]"
CSI_DATA,185,2a:00:00:00:00:00,-42,11,1,0,1,1,1,0,0,0,1,-96,0,11,2,2770621,0,44,0,384,0,"[0,0,0,0,0,0,0,0,0,0,0,0,-5,5,-4,5,-4,5,-5,5,-4,5,-4,5,-4,5,-4,5,-5,5,-4,5,-4,5,-4,6,-4,5,-4,5,-4,5,-4,6,-4,5,-4,5,-4,5,-4,5,-4,4,-4,5,-4,4,-3,5,-3,5,-4,5,0,0,-4,4,-4,5,-4,5,-4,5,-4,4,-4,4,-4,4,-4,4,-4,4,-4,4,-4,4,-3,4,-3,3,-3,3,-4,3,-4,3,-3,3,-4,3,-4,3,-4,2,-4,2,-3,3,-4,2,-4,3,-4,2,-4,2,0,0,0,0,0,0,0,0,0,0,0,0,0,0,-28,21,-28,21,-24,24,-23,24,-25,24,-22,26,-21,25,-20,28,-19,27,-18,26,-16,29,-18,28,-20,31,-20,30,-20,29,-18,31,-21,32,-19,30,-18,29,-20,28,-20,31,-19,26,-15,28,-17,30,-16,26,-17,29,-17,25,-15,31,-16,27,-19,28,-18,25,-16,26,-16,25,-15,28,-16,26,-14,26,-13,26,-14,26,-17,25,-17,22,-18,23,-19,21,-16,20,-15,23,-15,21,-17,18,-18,17,-15,20,-17,17,-16,17,-17,16,-18,15,-15,20,-17,18,-16,16,-18,15,-22,12,0,0,0,0,0,0,0,0,0,0,0,0,0,0,0,0,0,0,0,0,0,0,-35,-39,-31,-40,-34,-41,-35,-48,-31,-48,-28,-53,-31,-52,-32,-56,-34,-63,-28,-64,-25,-66,-24,-67,-28,-73,-22,-74,-20,-73,-17,-73,-22,-80,-14,-75,-14,-75,-14,-75,-13,-74,-11,-79,-9,-74,-12,-73,-6,-75,-12,-75,-3,-71,-7,-71,-6,-67,-9,-71,-7,-62,-8,-66,-7,-65,-10,-60,-11,-63,-13,-60,-14,-55,-15,-58,-14,-56,-17,-59,-15,-57,-19,-56,-18,-55,-19,-51,-17,-50,-21,-51,-16,-49,-19,-46,-21,-44,-22,-45,-20,-44,-20,-43,-17,-41,-20,-37,-21,-43,-21,-40,-22,-33,0,0]"
CSI_DATA,186,2a:00:00:00:00:00,-42,11,1,0,1,1,1,0,0,0,1,-96,0,11,2,2781957,0,44,0,384,0,"[0,0,0,0,0,0,0,0,0,0,0,0,4,-4,4,-4,4,-5,4,-5,4,-5,4,-4,4,-5,4,-5,4,-5,4,-5,4,-5,4,-5,4,-5,4,-5,4,-4,4,-5,4,-5,4,-5,3,-4,3,-4,4,-4,3,-5,4,-4,3,-4,4,-4,4,-4,0,0,3,-5,3,-4,3,-4,3,-5,3,-4,3,-4,3,-4,3,-4,3,-4,4,-4,4,-4,3,-3,3,-3,3,-3,3,-3,3,-3,3,-3,3,-3,3,-3,3,-3,3,-3,3,-3,3,-3,3,-2,3,-2,3,-2,0,0,0,0,0,0,0,0,0,0,0,0,0,0,33,-15,32,-13,29,-18,28,-16,30,-21,27,-18,26,-21,26,-22,25,-24,27,-20,26,-21,28,-22,28,-27,25,-22,24,-24,23,-26,29,-27,26,-27,23,-22,28,-26,26,-24,26,-23,20,-24,23,-24,24,-21,24,-23,26,-21,19,-24,23,-23,24,-26,21,-23,24,-24,20,-24,20,-22,21,-23,19,-18,21,-22,21,-19,23,-18,24,-20,21,-20,22,-17,19,-20,19,-18,21,-17,21,-15,22,-14,20,-16,20,-14,20,-13,21,-12,20,-11,18,-12,22,-16,19,-12,22,-9,21,-8,0,0,0,0,0,0,0,0,0,0,0,0,0,0,0,0,0,0,0,0,0,0,19,46,18,46,17,50,15,51,14,56,12,56,7,56,3,61,8,69,4,68,5,69,5,69,5,77,0,75,-5,73,-5,77,-1,77,-7,75,-7,70,-12,72,-15,70,-17,80,-16,75,-13,75,-16,73,-14,75,-16,69,-16,68,-16,66,-14,66,-10,61,-13,64,-12,60,-11,57,-13,60,-9,62,-8,57,-3,58,-5,58,-1,61,-3,56,2,61,0,56,2,55,2,49,4,51,1,51,2,49,3,47,1,50,7,46,7,46,6,45,8,38,9,43,9,41,10,39,0,0]"
CSI_DATA,187,2a:00:00:00:00:00,-42,11,1,0,1,1,1,0,0,0,1,-96,0,11,2,2800666,0,44,0,384,0,"[0,0,0,0,0,0,0,0,0,0,0,0,-6,-4,-6,-3,-6,-3,-7,-3,-6,-3,-6,-3,-7,-3,-6,-3,-7,-3,-6,-3,-7,-3,-7,-3,-6,-3,-7,-3,-6,-3,-7,-3,-6,-2,-6,-2,-6,-3,-6,-3,-6,-3,-6,-3,-6,-2,-6,-3,-6,-3,-6,-2,0,0,-6,-2,-6,-3,-6,-3,-6,-2,-5,-3,-6,-3,-5,-3,-5,-3,-5,-3,-5,-3,-5,-3,-5,-3,-5,-3,-4,-3,-4,-3,-5,-3,-4,-3,-4,-2,-4,-3,-4,-3,-4,-3,-4,-3,-4,-3,-4,-3,-4,-3,-3,-3,0,0,0,0,0,0,0,0,0,0,0,0,0,0,-25,-26,-27,-24,-31,-20,-31,-19,-31,-17,-32,-17,-30,-13,-36,-16,-33,-16,-35,-14,-35,-15,-34,-11,-36,-13,-34,-13,-37,-13,-36,-9,-37,-12,-34,-12,-32,-12,-33,-12,-40,-10,-30,-13,-34,-10,-32,-13,-29,-13,-30,-12,-31,-11,-34,-11,-33,-14,-33,-8,-29,-9,-31,-8,-27,-13,-32,-11,-30,-6,-29,-13,-29,-13,-30,-13,-27,-14,-28,-10,-28,-12,-26,-13,-27,-13,-24,-13,-23,-14,-23,-13,-23,-12,-23,-13,-22,-11,-22,-11,-23,-13,-20,-11,-20,-11,-17,-15,-19,-13,-18,-15,-20,-18,0,0,0,0,0,0,0,0,0,0,0,0,0,0,0,0,0,0,0,0,0,0,29,-38,33,-39,36,-37,43,-40,40,-35,46,-40,48,-38,52,-38,55,-41,55,-37,59,-37,61,-39,66,-44,66,-36,71,-29,70,-31,76,-38,70,-26,73,-29,72,-24,73,-20,75,-23,70,-23,73,-24,75,-20,70,-26,67,-19,72,-18,66,-15,71,-23,57,-18,68,-18,63,-20,55,-21,63,-21,59,-23,54,-24,57,-29,53,-27,53,-33,55,-26,50,-29,51,-27,47,-27,45,-28,43,-29,45,-26,44,-31,43,-26,41,-28,38,-28,35,-30,38,-27,32,-23,34,-30,33,-30,31,-27,0,0]"
CSI_DATA,188,2a:00:00:00:00:00,-42,11,1,0,1,1,1,0,0,0,1,-96,0,11,2,2810645,0,44,0,384,0,"[0,0,0,0,0,0,0,0,0,0,0,0,-5,3,-5,3,-5,4,-5,4,-5,4,-5,3,-5,4,-5,4,-5,4,-5,4,-5,4,-5,4,-5,4,-5,4,-5,3,-5,4,-5,4,-4,4,-5,4,-5,3,-5,3,-5,3,-5,3,-4,4,-4,3,-5,4,0,0,-4,4,-4,3,-4,3,-4,4,-4,3,-4,3,-4,3,-4,3,-4,3,-4,3,-5,3,-4,2,-4,2,-4,2,-4,2,-4,2,-4,2,-4,2,-4,2,-4,2,-4,2,-4,2,-4,2,-4,1,-4,1,-4,1,0,0,0,0,0,0,0,0,0,0,0,0,0,0,-30,12,-31,16,-28,18,-27,18,-29,21,-25,21,-24,20,-25,26,-27,22,-24,21,-23,23,-24,24,-28,30,-27,25,-27,24,-25,26,-26,26,-24,28,-23,25,-23,28,-25,28,-26,22,-21,22,-21,24,-22,23,-21,25,-23,22,-19,24,-23,21,-22,25,-21,23,-21,24,-19,21,-21,21,-19,25,-19,18,-20,20,-21,21,-20,19,-22,20,-23,19,-23,18,-20,18,-21,17,-19,15,-21,16,-21,17,-18,18,-19,11,-20,15,-20,12,-21,11,-17,16,-19,13,-16,11,-21,11,-21,8,0,0,0,0,0,0,0,0,0,0,0,0,0,0,0,0,0,0,0,0,0,0,-18,-46,-15,-47,-15,-48,-16,-54,-13,-54,-11,-57,-12,-56,-7,-61,-14,-70,-7,-69,-1,-70,-2,-70,-4,-76,2,-75,6,-72,5,-77,2,-81,11,-76,8,-72,7,-74,12,-74,11,-77,14,-77,16,-73,17,-73,14,-70,18,-67,15,-67,15,-68,11,-68,9,-61,10,-64,8,-61,5,-59,10,-64,5,-60,3,-60,3,-60,0,-57,2,-61,-1,-55,-2,-60,-2,-56,-3,-57,-4,-50,-6,-50,-7,-50,-6,-51,-10,-46,-9,-48,-5,-45,-9,-44,-7,-45,-8,-40,-11,-44,-11,-41,-15,-38,0,0]"
CSI_DATA,189,2a:00:00:00:00:00,-42,11,1,0,1,1,1,0,0,0,1,-96,0,11,2,2840646,0,44,0,384,0,"[0,0,0,0,0,0,0,0,0,0,0,0,2,-6,1,-7,1,-7,1,-7,1,-7,1,-7,1,-7,0,-7,0,-7,0,-7,1,-7,0,-7,0,-7,0,-7,0,-7,0,-8,0,-7,1,-7,0,-7,0,-7,0,-7,0,-7,1,-6,0,-7,0,-7,0,-7,0,0,0,-6,0,-7,0,-7,0,-6,0,-6,0,-6,0,-6,0,-6,0,-6,1,-6,1,-6,1,-6,0,-5,1,-5,1,-5,1,-5,0,-5,1,-5,1,-5,0,-4,1,-4,1,-5,1,-5,1,-5,1,-4,1,-4,0,0,0,0,0,0,0,0,0,0,0,0,0,0,22,-28,18,-28,13,-34,14,-31,13,-32,10,-29,8,-36,9,-36,9,-34,9,-34,6,-34,8,-35,9,-38,10,-35,11,-34,5,-39,7,-39,7,-36,6,-35,8,-34,5,-40,8,-35,5,-34,6,-34,7,-32,6,-33,7,-32,4,-34,6,-32,3,-33,4,-28,7,-32,5,-31,3,-32,5,-29,6,-30,6,-29,5,-28,9,-28,7,-28,8,-27,9,-25,5,-28,9,-29,9,-27,7,-25,7,-26,9,-25,10,-22,7,-22,9,-21,8,-21,9,-21,10,-22,9,-22,11,-20,13,-18,0,0,0,0,0,0,0,0,0,0,0,0,0,0,0,0,0,0,0,0,0,0,36,29,37,34,36,32,39,41,35,40,36,45,38,43,37,47,41,53,37,53,34,58,38,59,43,64,34,66,29,67,30,66,36,74,26,70,28,71,26,69,24,71,25,73,22,70,23,70,21,73,26,69,16,67,19,69,18,63,23,68,19,57,21,63,22,58,22,54,23,59,26,53,26,52,25,54,24,52,29,51,26,52,33,48,29,49,28,47,25,43,32,42,30,41,28,41,27,38,28,36,28,36,30,35,30,35,24,29,29,30,28,28,32,25,0,0]"
CSI_DATA,190,2a:00:00:00:00:00,-42,11,1,0,1,1,1,0,0,0,1,-96,0,11,2,2850669,0,44,0,384,0,"[0,0,0,0,0,0,0,0,0,0,0,0,-7,-1,-7,-1,-7,0,-7,-1,-7,-1,-7,-1,-7,0,-8,0,-8,0,-7,0,-8,0,-8,0,-8,-1,-7,0,-7,-1,-8,0,-7,0,-7,0,-7,0,-7,0,-7,0,-7,0,-7,0,-7,0,-7,0,-7,0,0,0,-7,0,-7,-1,-7,0,-6,0,-6,-1,-6,-1,-6,-1,-6,-1,-6,0,-6,-1,-6,-1,-6,-1,-5,-1,-5,-1,-5,-1,-6,-1,-5,-1,-5,-1,-5,-1,-5,-1,-5,-1,-4,-1,-5,-2,-5,-2,-5,-2,-4,-2,0,0,0,0,0,0,0,0,0,0,0,0,0,0,10,30,14,33,16,31,16,23,16,23,21,22,24,23,23,27,25,25,23,23,26,23,26,18,29,25,28,24,24,24,22,22,27,27,24,25,26,27,28,21,34,21,28,21,26,23,25,24,22,20,24,25,26,21,25,25,25,24,24,21,24,18,28,18,24,26,27,24,23,18,21,21,25,21,22,17,22,22,20,19,20,19,20,21,17,23,17,25,17,24,18,22,18,20,15,21,17,14,12,17,15,16,12,14,12,20,13,20,10,21,9,16,9,19,0,0,0,0,0,0,0,0,0,0,0,0,0,0,0,0,0,0,0,0,0,0,-49,20,-52,15,-48,16,-56,12,-55,14,-59,13,-57,12,-63,12,-69,12,-70,2,-71,2,-73,2,-79,3,-77,0,-75,-6,-77,-7,-83,-5,-78,-8,-76,-10,-79,-11,-79,-12,-81,-11,-74,-15,-78,-18,-74,-21,-77,-14,-69,-22,-71,-14,-65,-18,-71,-11,-59,-11,-67,-17,-65,-8,-61,-5,-65,-8,-62,-3,-57,-6,-61,-5,-58,-4,-66,-4,-61,-3,-58,1,-60,5,-56,4,-53,3,-55,1,-52,7,-47,8,-49,6,-49,2,-46,4,-48,5,-49,8,-44,9,-45,4,-40,9,-40,12,0,0]"
CSI_DATA,191,2a:00:00:00:00:00,-42,11,1,0,1,1,1,0,0,0,1,-96,0,11,2,2860672,0,44,0,384,0,"[0,0,0,0,0,0,0,0,0,0,0,0,-2,6,-2,6,-1,7,-2,6,-1,7,-2,6,-2,6,-2,6,-2,6,-1,7,-2,7,-2,7,-1,7,-1,6,-2,6,-2,7,-1,6,-2,6,-1,6,-2,6,-1,6,-1,6,-2,6,-1,6,-1,6,-2,6,0,0,-2,5,-2,6,-1,6,-2,6,-1,5,-2,5,-2,5,-2,5,-2,5,-2,5,-2,5,-2,4,-2,4,-2,4,-2,4,-2,4,-2,4,-2,3,-2,4,-2,3,-3,3,-2,4,-3,4,-3,4,-3,3,-3,3,0,0,0,0,0,0,0,0,0,0,0,0,0,0,-13,31,-10,33,-7,38,-5,34,-3,33,-3,33,0,35,1,37,0,35,-1,37,1,34,5,36,3,39,2,35,-1,36,4,35,4,39,3,36,2,34,1,39,3,38,0,34,5,36,4,33,0,35,3,33,3,32,6,36,4,33,4,34,1,30,3,32,2,32,5,34,4,29,3,32,4,32,5,29,-1,30,-1,28,1,27,-3,28,1,28,0,28,0,28,-2,26,-4,24,-2,28,-3,24,-1,23,-1,22,-4,23,-3,24,-5,24,-5,24,-8,24,-9,19,0,0,0,0,0,0,0,0,0,0,0,0,0,0,0,0,0,0,0,0,0,0,-43,-23,-45,-25,-46,-29,-51,-31,-46,-32,-51,-38,-49,-37,-50,-41,-54,-44,-50,-45,-54,-54,-53,-51,-57,-55,-49,-57,-49,-58,-47,-61,-56,-64,-43,-61,-49,-67,-45,-60,-43,-64,-42,-65,-39,-65,-46,-70,-41,-69,-45,-63,-35,-62,-40,-60,-35,-63,-43,-64,-34,-50,-41,-60,-41,-57,-39,-52,-38,-54,-37,-47,-38,-45,-45,-48,-41,-44,-43,-44,-41,-46,-45,-42,-43,-41,-42,-36,-40,-39,-41,-35,-39,-33,-41,-32,-37,-29,-42,-27,-39,-29,-38,-26,-37,-28,-35,-21,-39,-22,-40,-20,-36,-19,0,0]"
CSI_DATA,192,2a:00:00:00:00:00,-42,11,1,0,1,1,1,0,0,0,1,-96,0,11,2,2870635,0,44,0,384,0,"[0,0,0,0,0,0,0,0,0,0,0,0,3,5,3,4,3,4,3,5,4,5,3,5,4,4,4,4,4,5,4,5,4,5,4,5,4,5,4,5,3,5,4,5,4,4,3,4,3,4,3,4,3,4,4,4,3,4,3,4,3,4,3,4,0,0,3,4,3,4,3,4,3,4,2,4,3,4,3,4,3,4,2,4,2,4,2,4,2,4,2,4,2,4,2,3,2,3,2,4,1,3,1,3,1,3,1,3,1,3,1,4,1,3,1,3,0,3,0,0,0,0,0,0,0,0,0,0,0,0,0,0,3,34,8,36,10,34,12,32,12,34,14,32,15,33,14,31,15,31,18,30,18,30,18,31,19,32,18,35,17,31,20,31,21,34,17,33,16,30,19,29,21,31,21,28,19,28,20,30,16,29,16,29,15,27,17,29,17,28,18,26,15,26,19,24,14,27,16,26,18,25,13,27,14,31,17,29,13,29,14,25,13,25,13,24,11,27,10,28,9,26,13,26,11,23,10,25,9,20,8,22,7,20,8,21,5,21,5,23,4,24,5,24,1,22,0,0,0,0,0,0,0,0,0,0,0,0,0,0,0,0,0,0,0,0,0,0,-52,1,-51,0,-53,-3,-56,-4,-58,-5,-58,-8,-58,-10,-62,-12,-71,-13,-69,-18,-69,-21,-69,-20,-78,-22,-74,-26,-72,-28,-72,-31,-77,-31,-71,-34,-67,-31,-67,-36,-67,-38,-73,-40,-70,-41,-71,-40,-64,-41,-69,-37,-61,-38,-63,-36,-61,-37,-63,-34,-58,-31,-58,-32,-57,-30,-56,-28,-60,-29,-58,-24,-57,-25,-59,-22,-55,-23,-60,-22,-58,-21,-60,-15,-54,-16,-57,-14,-48,-13,-51,-11,-51,-12,-49,-9,-46,-8,-51,-10,-47,-6,-48,-7,-44,-9,-41,-4,-45,-3,-42,0,-42,1,0,0]"
CSI_DATA,193,2a:00:00:00:00:00,-42,11,1,0,1,1,1,0,0,0,1,-96,0,11,2,2880694,0,44,0,384,0,"[0,0,0,0,0,0,0,0,0,0,0,0,3,-6,2,-6,2,-6,2,-7,2,-6,2,-7,2,-7,2,-7,2,-7,1,-6,2,-7,2,-7,2,-7,2,-7,2,-7,2,-7,2,-7,2,-6,1,-7,1,-7,1,-6,1,-6,1,-6,1,-6,1,-6,2,-6,0,0,1,-6,1,-6,1,-7,1,-6,1,-6,1,-6,1,-6,1,-5,1,-6,2,-5,2,-5,1,-5,1,-5,1,-5,2,-4,2,-5,1,-5,1,-5,1,-4,1,-4,1,-4,1,-4,2,-4,2,-4,2,-4,2,-3,0,0,0,0,0,0,0,0,0,0,0,0,0,0,-27,2,-31,-1,-35,2,-34,11,-35,7,-33,12,-28,9,-29,10,-28,11,-34,12,-35,13,-31,18,-37,20,-30,18,-34,11,-34,17,-37,12,-31,15,-27,15,-35,13,-35,18,-29,14,-32,16,-26,15,-28,12,-28,12,-33,14,-30,15,-30,12,-35,16,-28,11,-31,11,-31,13,-28,10,-32,16,-26,8,-27,14,-29,15,-29,4,-27,11,-29,13,-29,8,-24,11,-23,8,-23,5,-28,6,-28,2,-24,9,-25,4,-25,2,-25,4,-23,6,-21,4,-27,7,-25,0,-25,2,-22,-1,0,0,0,0,0,0,0,0,0,0,0,0,0,0,0,0,0,0,0,0,0,0,-3,-51,1,-52,3,-52,4,-58,6,-57,10,-61,5,-61,8,-59,11,-67,14,-67,20,-70,17,-70,20,-73,25,-68,31,-64,33,-72,27,-74,32,-69,39,-68,35,-67,38,-63,35,-70,37,-66,38,-68,40,-65,36,-67,35,-61,34,-59,36,-56,35,-63,32,-53,33,-59,32,-56,24,-51,33,-55,27,-55,28,-55,24,-54,21,-54,23,-56,22,-49,13,-57,18,-55,18,-52,13,-52,11,-45,15,-47,11,-52,9,-38,10,-50,11,-40,10,-44,12,-41,7,-42,5,-40,0,-38,7,-37,0,0]"
CSI_DATA,194,2a:00:00:00:00:00,-42,11,1,0,1,1,1,0,0,0,1,-96,0,11,2,2890653,0,44,0,384,0,"[0,0,0,0,0,0,0,0,0,0,0,0,-1,-7,-1,-7,-2,-7,-2,-7,-2,-7,-2,-7,-2,-7,-2,-7,-2,-7,-2,-7,-2,-8,-2,-8,-2,-8,-2,-7,-2,-7,-2,-8,-2,-7,-2,-7,-3,-6,-2,-7,-2,-7,-2,-7,-2,-6,-2,-7,-2,-7,-2,-6,0,0,-2,-6,-2,-7,-2,-7,-2,-6,-2,-6,-2,-6,-2,-6,-2,-6,-2,-5,-1,-6,-1,-6,-1,-6,-1,-6,-1,-6,-1,-5,-1,-5,-1,-6,-1,-5,-1,-5,-1,-5,-1,-5,-1,-5,0,-5,0,-5,0,-5,0,-4,0,0,0,0,0,0,0,0,0,0,0,0,0,0,7,-35,5,-33,0,-34,1,-34,-2,-31,-5,-34,-4,-36,-7,-37,-5,-35,-3,-34,-9,-34,-8,-34,-8,-37,-8,-37,-8,-35,-11,-34,-10,-40,-11,-38,-8,-34,-11,-35,-12,-37,-7,-36,-10,-32,-11,-33,-8,-35,-7,-34,-8,-32,-12,-33,-10,-35,-12,-33,-8,-29,-10,-31,-7,-29,-9,-34,-10,-28,-6,-31,-8,-33,-9,-33,-7,-31,-6,-28,-4,-27,-6,-29,-6,-30,-4,-28,-6,-29,-4,-26,-5,-27,-2,-29,-3,-25,-3,-27,-2,-22,-3,-24,-1,-25,2,-24,-1,-24,1,-23,2,-22,0,0,0,0,0,0,0,0,0,0,0,0,0,0,0,0,0,0,0,0,0,0,47,22,44,23,46,26,49,29,45,32,47,33,47,33,51,39,53,41,52,43,54,45,54,46,61,52,55,53,51,58,50,56,54,58,47,60,46,56,45,58,41,60,47,64,46,61,44,62,46,64,46,59,39,57,40,58,39,58,44,59,37,49,40,51,37,50,42,44,42,49,42,46,44,41,44,42,42,41,48,39,41,39,46,34,45,35,43,31,39,29,43,31,40,28,40,29,42,27,40,25,36,22,37,18,38,23,34,14,40,15,37,17,39,12,0,0]"
CSI_DATA,195,2a:00:00:00:00:00,-42,11,1,0,1,1,1,0,0,0,1,-96,0,11,2,2921297,0,44,0,384,0,"[0,0,0,0,0,0,0,0,0,0,0,0,-7,-1,-7,0,-7,0,-7,0,-7,0,-7,0,-7,0,-7,1,-7,1,-7,0,-7,0,-7,1,-7,0,-7,0,-7,0,-7,1,-7,1,-7,1,-7,0,-6,0,-6,0,-6,0,-6,0,-6,0,-6,0,-6,1,0,0,-6,1,-6,0,-6,0,-6,1,-6,0,-6,0,-6,0,-6,0,-6,0,-5,0,-6,0,-5,-1,-5,-1,-5,0,-5,0,-5,0,-5,0,-5,0,-5,0,-5,0,-5,-1,-4,-1,-5,-1,-4,-1,-5,-1,-4,-1,0,0,0,0,0,0,0,0,0,0,0,0,0,0,-31,-9,-34,-10,-33,-4,-34,-4,-35,-3,-34,0,-34,0,-34,1,-33,3,-36,2,-37,2,-36,3,-42,3,-35,3,-37,4,-36,6,-39,4,-37,5,-34,4,-37,2,-41,7,-36,2,-33,8,-35,0,-31,0,-35,2,-32,5,-32,5,-32,2,-33,8,-33,4,-34,4,-31,1,-31,4,-33,6,-29,-1,-30,0,-29,3,-28,0,-32,0,-30,2,-28,2,-28,-2,-29,-1,-27,-3,-27,-2,-28,-2,-26,-4,-24,-3,-27,-4,-26,-4,-25,-2,-23,-3,-24,-5,-23,-6,-27,-7,-25,-9,0,0,0,0,0,0,0,0,0,0,0,0,0,0,0,0,0,0,0,0,0,0,19,-45,24,-48,24,-45,28,-48,30,-48,31,-46,36,-45,42,-50,46,-55,41,-52,45,-52,45,-55,49,-61,53,-58,58,-50,57,-48,60,-52,58,-47,59,-46,62,-40,63,-40,69,-43,61,-42,61,-42,63,-40,59,-49,63,-41,63,-39,56,-35,56,-41,51,-35,54,-37,52,-35,50,-37,55,-36,49,-36,44,-37,44,-43,41,-39,40,-47,44,-41,36,-43,38,-42,36,-43,34,-38,30,-37,31,-39,28,-39,30,-38,29,-36,26,-36,22,-39,25,-40,18,-31,17,-36,18,-35,16,-35,0,0]"
CSI_DATA,196,2a:00:00:00:00:00,-42,11,1,0,1,1,1,0,0,0,1,-96,0,11,2,2930952,0,44,0,384,0,"[0,0,0,0,0,0,0,0,0,0,0,0,4,4,4,3,5,3,5,4,5,3,5,3,5,3,5,3,5,3,5,3,5,3,5,3,5,3,5,3,5,3,6,3,5,3,5,3,5,3,5,3,5,3,5,3,4,3,5,3,5,3,4,2,0,0,5,2,5,3,5,3,4,2,4,3,5,3,4,2,4,3,4,2,4,2,4,3,4,3,3,3,3,2,3,2,3,2,3,3,3,2,3,2,3,2,3,2,3,2,3,2,2,3,2,3,2,3,0,0,0,0,0,0,0,0,0,0,0,0,0,0,12,31,15,29,17,28,16,28,23,26,19,26,22,27,23,26,25,25,23,21,29,22,30,22,28,25,25,26,25,24,28,22,29,25,30,22,27,23,26,23,28,23,25,22,26,21,26,21,23,23,23,24,23,21,28,18,24,20,28,19,22,18,24,18,25,22,26,19,23,15,19,21,22,21,23,19,21,21,21,17,21,18,21,18,19,21,20,20,17,18,19,20,16,17,19,21,16,15,17,16,17,17,14,16,15,18,16,18,13,19,12,21,10,19,0,0,0,0,0,0,0,0,0,0,0,0,0,0,0,0,0,0,0,0,0,0,-50,7,-49,5,-53,3,-57,0,-57,-1,-59,-3,-59,-2,-63,-2,-66,-2,-66,-5,-70,-6,-72,-6,-78,-6,-75,-16,-71,-18,-74,-17,-78,-16,-72,-23,-71,-18,-71,-24,-72,-26,-75,-26,-71,-27,-75,-24,-72,-27,-74,-18,-64,-27,-66,-27,-63,-28,-67,-22,-59,-21,-61,-20,-63,-19,-59,-17,-62,-18,-59,-13,-58,-11,-61,-8,-55,-8,-60,-6,-57,-10,-60,-5,-55,-6,-55,-5,-50,-3,-51,1,-51,0,-48,1,-47,2,-45,5,-43,3,-44,5,-42,3,-40,5,-39,6,-41,9,-37,11,0,0]"
CSI_DATA,197,2a:00:00:00:00:00,-43,11,1,0,1,1,1,0,0,0,1,-96,0,11,2,2942389,0,44,0,384,0,"[0,0,0,0,0,0,0,0,0,0,0,0,-6,1,-7,1,-6,2,-7,1,-6,2,-7,1,-7,2,-6,2,-7,2,-6,2,-7,2,-7,2,-7,2,-6,2,-7,1,-7,2,-7,2,-6,2,-6,2,-6,1,-6,1,-6,2,-6,1,-6,1,-6,1,-6,2,0,0,-6,2,-6,1,-6,1,-6,2,-6,1,-5,1,-5,1,-5,1,-6,1,-5,1,-6,1,-5,0,-5,0,-5,0,-5,0,-5,0,-5,0,-5,0,-5,0,-5,0,-5,0,-4,0,-4,0,-4,0,-5,-1,-5,-1,0,0,0,0,0,0,0,0,0,0,0,0,0,0,-32,-4,-31,-2,-33,1,-34,-2,-35,3,-33,3,-36,6,-35,6,-35,7,-35,7,-35,11,-36,9,-39,9,-35,8,-37,6,-38,12,-39,10,-36,10,-34,9,-37,10,-36,9,-39,8,-33,9,-32,7,-34,10,-33,6,-36,9,-33,9,-32,8,-33,12,-32,9,-32,5,-30,8,-33,7,-31,7,-29,3,-29,9,-30,7,-27,2,-30,3,-27,4,-31,0,-29,2,-27,2,-26,1,-28,1,-26,2,-27,1,-25,0,-24,-1,-22,-1,-24,2,-23,1,-24,-1,-24,-3,-23,-2,-23,-6,0,0,0,0,0,0,0,0,0,0,0,0,0,0,0,0,0,0,0,0,0,0,12,-47,13,-46,17,-51,19,-52,21,-52,25,-52,28,-57,31,-56,33,-59,35,-61,39,-62,38,-63,40,-69,44,-62,45,-55,50,-58,51,-61,51,-59,47,-56,53,-55,55,-54,59,-55,58,-54,57,-53,57,-53,52,-58,54,-49,50,-46,53,-48,49,-47,47,-44,46,-46,46,-45,43,-46,44,-48,41,-46,37,-49,37,-49,35,-47,34,-48,36,-44,35,-51,33,-44,30,-47,26,-44,26,-45,26,-45,24,-45,21,-43,23,-41,18,-40,20,-41,17,-39,14,-37,13,-41,11,-37,10,-37,0,0]"
CSI_DATA,198,2a:00:00:00:00:00,-43,11,1,0,1,1,1,0,0,0,1,-96,0,11,2,2951059,0,44,0,384,0,"[0,0,0,0,0,0,0,0,0,0,0,0,-7,0,-6,1,-7,1,-7,1,-7,1,-7,1,-7,1,-7,1,-7,1,-7,1,-7,1,-7,2,-7,1,-7,1,-7,1,-7,2,-7,1,-7,1,-6,1,-6,1,-6,1,-6,1,-6,1,-6,1,-6,1,-6,1,0,0,-6,1,-6,1,-6,1,-6,1,-5,0,-6,1,-5,1,-5,1,-6,1,-5,1,-6,0,-5,0,-5,0,-5,0,-5,0,-5,0,-5,0,-5,0,-5,0,-5,0,-5,0,-4,0,-5,0,-5,0,-5,-1,-4,-1,0,0,0,0,0,0,0,0,0,0,0,0,0,0,-32,-11,-32,-11,-35,-8,-36,-5,-35,-3,-34,-3,-36,0,-34,1,-34,0,-37,3,-36,3,-37,4,-40,4,-39,1,-36,2,-36,4,-40,3,-37,4,-36,3,-37,5,-40,4,-39,1,-33,4,-33,1,-32,2,-33,5,-32,3,-35,6,-33,0,-35,4,-33,2,-35,4,-28,4,-32,5,-32,6,-29,2,-30,4,-29,2,-30,3,-32,2,-30,5,-31,-1,-27,-1,-26,1,-29,1,-28,1,-28,0,-27,1,-27,0,-25,-2,-24,-2,-28,-1,-26,2,-25,-2,-23,-3,-22,-5,-24,-8,0,0,0,0,0,0,0,0,0,0,0,0,0,0,0,0,0,0,0,0,0,0,33,-42,33,-41,32,-39,37,-42,42,-40,42,-41,42,-42,47,-42,52,-45,50,-41,58,-44,60,-43,62,-49,64,-44,65,-39,68,-39,70,-43,66,-34,66,-34,67,-34,68,-34,72,-35,69,-32,70,-32,72,-31,68,-33,66,-28,67,-30,62,-28,64,-33,54,-30,58,-29,56,-32,52,-31,57,-31,52,-37,51,-34,48,-35,46,-33,47,-36,46,-33,43,-40,43,-39,39,-38,37,-34,36,-38,34,-35,33,-35,28,-35,31,-36,30,-33,28,-35,27,-35,22,-35,23,-35,19,-37,18,-35,0,0]"
CSI_DATA,199,2a:00:00:00:00:00,-43,11,1,0,1,1,1,0,0,0,1,-96,0,11,2,2966519,0,44,0,384,0,"[0,0,0,0,0,0,0,0,0,0,0,0,5,-1,6,-1,5,-1,6,-1,6,-1,6,-1,6,-2,6,-2,6,-1,6,-2,6,-2,6,-2,6,-1,6,-2,6,-1,6,-2,6,-2,5,-1,5,-2,5,-1,5,-1,5,-1,5,-1,5,-2,5,-1,5,-2,0,0,5,-2,5,-1,5,-1,5,-2,5,-1,5,-1,5,-1,4,-1,5,-1,4,-1,5,-1,4,-1,4,-1,4,0,4,-1,4,-1,4,0,4,-1,4,-1,4,-1,4,0,3,0,3,0,3,0,3,0,3,0,0,0,0,0,0,0,0,0,0,0,0,0,0,0,32,11,29,8,32,5,31,0,35,1,32,1,33,0,35,-2,32,-3,35,-2,35,-7,36,-8,35,-6,34,-6,36,-4,35,-7,38,-6,37,-5,33,-4,37,-4,39,-5,35,-3,32,-7,33,-3,32,-4,31,-4,31,-6,34,-5,32,-2,34,-8,29,-5,31,-7,30,-2,31,-4,27,-7,29,1,28,-4,28,-4,28,-3,27,-6,27,-3,29,-2,27,1,26,0,23,-1,27,1,28,-1,23,1,24,-1,24,-1,23,0,21,-2,21,-2,21,2,22,3,22,3,22,5,0,0,0,0,0,0,0,0,0,0,0,0,0,0,0,0,0,0,0,0,0,0,-26,41,-30,39,-31,40,-37,41,-35,42,-42,44,-39,42,-44,44,-49,48,-50,46,-53,45,-54,47,-59,51,-62,44,-61,41,-66,40,-69,46,-65,38,-60,39,-67,40,-64,40,-72,38,-65,36,-67,36,-67,31,-64,37,-64,32,-62,33,-64,29,-63,35,-54,31,-57,31,-55,32,-51,31,-54,31,-48,35,-47,33,-51,38,-45,37,-45,36,-45,40,-41,40,-45,40,-38,36,-36,35,-35,40,-32,37,-33,38,-28,37,-28,33,-28,35,-25,36,-27,36,-20,31,-23,35,-21,34,-18,33,0,0]"
CSI_DATA,200,2a:00:00:00:00:00,-43,11,1,0,1,1,1,0,0,0,1,-96,0,11,2,2970661,0,44,0,384,0,"[0,0,0,0,0,0,0,0,0,0,0,0,5,-1,6,-2,6,-2,6,-2,6,-2,6,-2,6,-2,6,-2,6,-2,6,-2,6,-2,6,-3,6,-2,6,-2,6,-2,6,-3,6,-3,5,-2,5,-2,6,-2,5,-2,5,-2,5,-2,5,-2,5,-2,5,-2,0,0,5,-3,5,-2,5,-2,5,-2,5,-2,5,-2,5,-2,4,-2,5,-2,4,-2,5,-2,4,-1,4,-1,4,-1,4,-1,4,-2,4,-1,4,-1,4,-1,4,-1,4,-1,3,-1,4,-1,4,-1,4,0,4,0,0,0,0,0,0,0,0,0,0,0,0,0,0,0,32,13,30,9,34,7,33,4,35,1,34,2,33,-2,35,0,33,-3,34,1,37,-5,36,-4,37,-4,35,-5,38,-3,41,-5,37,-2,37,-4,37,-2,38,-3,41,-7,32,-3,34,-5,32,-3,32,-4,33,-3,32,-4,30,-5,28,-4,31,-6,31,-2,33,-6,30,-4,33,-4,27,-6,28,-1,28,-6,28,-4,28,-2,31,-5,26,-4,28,-2,26,-2,26,-2,26,1,25,-1,27,-2,23,-1,23,-2,22,-1,26,0,24,1,22,-1,20,0,22,-1,25,5,23,6,0,0,0,0,0,0,0,0,0,0,0,0,0,0,0,0,0,0,0,0,0,0,-33,32,-38,36,-37,33,-44,36,-40,29,-48,35,-46,37,-52,37,-58,40,-56,33,-63,36,-61,39,-69,41,-65,34,-73,30,-68,28,-76,35,-69,25,-73,30,-70,27,-68,27,-76,25,-70,22,-74,28,-74,25,-70,30,-68,19,-70,25,-62,21,-67,26,-55,20,-66,25,-59,26,-55,28,-61,26,-55,30,-50,29,-53,31,-48,28,-51,31,-51,31,-46,33,-48,34,-42,33,-43,33,-38,30,-35,32,-35,34,-33,34,-32,33,-30,34,-27,34,-33,33,-23,29,-25,31,-21,34,-15,31,0,0]"
CSI_DATA,201,2a:00:00:00:00:00,-43,11,1,0,1,1,1,0,0,0,1,-96,0,11,2,2981210,0,44,0,384,0,"[0,0,0,0,0,0,0,0,0,0,0,0,-6,3,-6,3,-6,3,-6,3,-6,3,-6,3,-6,4,-6,3,-6,4,-6,4,-6,4,-6,4,-6,4,-6,3,-6,3,-6,4,-6,4,-6,3,-5,3,-6,3,-5,3,-5,3,-5,3,-5,3,-5,3,-5,3,0,0,-5,3,-5,3,-5,3,-5,3,-5,2,-5,2,-5,3,-5,2,-5,3,-5,2,-5,2,-5,2,-5,2,-5,2,-5,2,-5,2,-4,2,-4,2,-5,2,-4,2,-5,1,-4,1,-4,1,-4,1,-5,1,-5,1,0,0,0,0,0,0,0,0,0,0,0,0,0,0,-36,6,-34,8,-33,10,-31,12,-32,12,-29,14,-33,15,-31,16,-29,18,-31,17,-31,18,-30,21,-34,21,-33,20,-34,18,-32,22,-34,20,-32,21,-31,18,-33,20,-32,21,-35,21,-25,19,-29,16,-29,16,-29,19,-30,17,-29,16,-29,17,-29,20,-27,19,-28,17,-27,17,-25,18,-27,20,-25,13,-22,16,-26,18,-26,15,-26,16,-30,14,-30,14,-25,13,-25,12,-24,11,-28,11,-25,8,-25,12,-25,9,-21,9,-24,10,-22,10,-22,11,-23,5,-23,9,-25,4,-25,2,0,0,0,0,0,0,0,0,0,0,0,0,0,0,0,0,0,0,0,0,0,0,3,-51,8,-49,6,-55,10,-54,12,-56,15,-54,13,-60,17,-63,17,-70,23,-68,29,-66,28,-68,31,-74,33,-71,33,-67,38,-71,36,-75,42,-68,36,-64,38,-65,39,-65,42,-68,43,-67,44,-65,47,-63,43,-66,45,-59,41,-61,43,-59,36,-62,37,-56,33,-57,31,-57,30,-57,29,-58,28,-56,28,-55,27,-55,22,-53,23,-57,21,-51,18,-59,23,-52,17,-54,15,-49,9,-49,13,-49,9,-50,6,-47,10,-48,8,-42,7,-47,8,-44,4,-41,4,-41,-1,-39,-4,-37,0,0]"
CSI_DATA,202,2a:00:00:00:00:00,-43,11,1,0,1,1,1,0,0,0,1,-96,0,11,2,2990672,0,44,0,384,0,"[0,0,0,0,0,0,0,0,0,0,0,0,-7,-1,-7,-1,-7,0,-7,-1,-7,0,-7,0,-7,0,-7,0,-7,0,-7,0,-8,0,-8,0,-8,0,-8,0,-7,0,-8,0,-7,0,-7,0,-7,0,-7,0,-6,0,-7,0,-6,0,-6,0,-7,0,-7,0,0,0,-6,0,-6,0,-6,0,-6,1,-6,-1,-6,-1,-6,-1,-6,-1,-6,0,-6,0,-6,0,-5,-1,-5,-1,-5,-1,-5,0,-5,0,-5,-1,-5,0,-5,-1,-5,-1,-5,-1,-5,-1,-4,-1,-4,-1,-5,-2,-5,-2,0,0,0,0,0,0,0,0,0,0,0,0,0,0,-29,-14,-32,-12,-32,-7,-32,-7,-35,-4,-33,-2,-35,-1,-36,-3,-35,-2,-36,-2,-38,1,-38,-1,-43,-1,-35,1,-37,-1,-38,3,-41,-2,-36,1,-35,-4,-37,-1,-41,1,-35,0,-35,3,-32,-1,-33,-2,-36,0,-33,0,-33,2,-32,-3,-37,2,-34,0,-34,0,-30,-1,-31,0,-33,2,-30,0,-30,1,-32,1,-29,-5,-28,0,-32,0,-31,-3,-29,-5,-27,-4,-25,-6,-29,-4,-28,-2,-25,-3,-23,-2,-27,-4,-26,-3,-23,-4,-23,-7,-23,-9,-22,-7,-25,-8,-25,-7,0,0,0,0,0,0,0,0,0,0,0,0,0,0,0,0,0,0,0,0,0,0,31,-43,32,-40,34,-42,38,-39,42,-39,45,-41,45,-42,46,-42,54,-46,54,-42,56,-45,56,-45,65,-49,68,-44,66,-37,66,-37,70,-41,69,-35,65,-37,68,-33,70,-29,76,-30,69,-30,68,-32,72,-30,66,-36,66,-29,68,-29,63,-27,64,-32,58,-27,60,-27,58,-26,54,-31,57,-29,54,-33,51,-33,49,-37,46,-32,50,-37,46,-32,45,-40,46,-36,43,-38,37,-33,40,-35,38,-32,35,-32,32,-32,31,-33,30,-30,29,-36,28,-32,24,-32,23,-35,18,-36,22,-31,0,0]"
CSI_DATA,203,2a:00:00:00:00:00,-43,11,1,0,1,1,1,0,0,0,1,-96,0,11,2,3000635,0,44,0,384,0,"[0,0,0,0,0,0,0,0,0,0,0,0,-5,4,-5,5,-4,5,-5,5,-5,5,-5,5,-5,5,-5,5,-5,5,-4,5,-5,5,-5,6,-5,5,-4,5,-4,5,-5,6,-4,5,-5,5,-4,5,-4,5,-4,4,-4,5,-4,4,-4,5,-4,5,-4,5,0,0,-4,5,-4,4,-4,5,-4,4,-4,4,-4,4,-4,4,-4,4,-4,4,-4,3,-4,4,-4,3,-4,3,-3,3,-4,3,-4,3,-4,3,-4,3,-4,3,-3,3,-4,3,-3,3,-3,2,-4,2,-4,2,-4,2,0,0,0,0,0,0,0,0,0,0,0,0,0,0,-31,16,-28,19,-28,20,-27,22,-22,23,-26,24,-22,25,-26,26,-23,27,-25,28,-22,29,-24,29,-24,31,-22,28,-26,26,-24,30,-27,34,-23,30,-25,30,-23,27,-26,32,-24,26,-20,30,-21,28,-20,24,-21,27,-21,23,-19,28,-19,24,-20,28,-18,26,-20,25,-17,23,-22,27,-17,26,-20,23,-17,24,-17,28,-17,21,-18,22,-18,22,-21,22,-17,19,-17,20,-21,19,-21,19,-20,17,-13,19,-20,17,-17,18,-16,17,-17,15,-16,17,-17,13,-18,16,-21,13,-19,9,0,0,0,0,0,0,0,0,0,0,0,0,0,0,0,0,0,0,0,0,0,0,-9,-52,-7,-53,-6,-50,-5,-60,-3,-54,0,-63,-1,-61,-2,-61,-3,-70,2,-67,8,-72,6,-72,4,-79,13,-78,16,-77,16,-71,15,-82,21,-73,17,-78,18,-74,20,-74,25,-80,22,-71,25,-74,24,-72,21,-74,23,-68,27,-69,19,-64,19,-73,17,-57,20,-67,13,-63,10,-60,12,-65,8,-60,9,-56,9,-62,4,-56,2,-60,7,-60,2,-57,4,-58,-1,-56,-1,-53,-8,-55,-5,-52,-5,-48,-7,-46,-5,-45,-7,-46,-8,-43,-6,-45,-6,-37,-9,-40,-12,-41,-13,-34,0,0]"
CSI_DATA,204,2a:00:00:00:00:00,-43,11,1,0,1,1,1,0,0,0,1,-96,0,11,2,3030664,0,44,0,384,0,"[0,0,0,0,0,0,0,0,0,0,0,0,-3,-6,-3,-6,-4,-6,-4,-6,-4,-6,-4,-6,-4,-6,-4,-6,-4,-6,-4,-6,-4,-7,-4,-6,-4,-7,-4,-6,-4,-6,-5,-6,-4,-6,-4,-6,-4,-6,-4,-6,-4,-6,-4,-5,-3,-6,-4,-6,-4,-6,-4,-6,0,0,-4,-5,-4,-6,-4,-5,-4,-5,-3,-5,-4,-5,-4,-5,-3,-5,-3,-5,-3,-5,-3,-5,-3,-5,-3,-5,-3,-5,-2,-4,-2,-5,-3,-5,-2,-4,-2,-4,-2,-4,-2,-4,-2,-4,-2,-5,-2,-4,-1,-4,-1,-4,0,0,0,0,0,0,0,0,0,0,0,0,0,0,-7,-33,-9,-31,-13,-32,-14,-31,-15,-29,-17,-32,-16,-31,-21,-33,-19,-27,-19,-29,-23,-30,-22,-29,-25,-32,-20,-30,-19,-33,-25,-30,-25,-35,-24,-31,-24,-34,-18,-29,-24,-33,-18,-29,-23,-31,-20,-29,-20,-29,-22,-28,-18,-27,-21,-30,-18,-28,-19,-26,-20,-24,-17,-27,-19,-29,-19,-29,-18,-22,-20,-30,-16,-27,-20,-28,-17,-26,-15,-28,-14,-23,-12,-26,-16,-26,-15,-28,-13,-26,-14,-22,-15,-24,-15,-24,-12,-20,-10,-22,-9,-20,-10,-20,-10,-23,-9,-22,-9,-23,-9,-22,-4,-23,0,0,0,0,0,0,0,0,0,0,0,0,0,0,0,0,0,0,0,0,0,0,47,6,52,10,49,9,56,10,52,16,59,16,58,16,60,18,67,21,60,24,67,28,66,26,75,29,67,34,70,40,60,38,73,42,62,43,64,41,64,42,62,46,66,46,59,42,62,45,60,44,65,41,58,43,59,43,55,42,61,41,49,30,56,39,54,34,50,31,56,34,51,26,50,21,53,25,51,21,56,22,54,22,53,17,53,19,49,17,51,12,46,11,45,13,44,9,44,10,42,8,43,6,41,4,42,6,38,1,40,2,38,-3,35,-4,0,0]"
CSI_DATA,205,2a:00:00:00:00:00,-43,11,1,0,1,1,1,0,0,0,1,-96,0,11,2,3041359,0,44,0,384,0,"[0,0,0,0,0,0,0,0,0,0,0,0,1,-7,0,-7,0,-7,0,-7,0,-7,0,-7,0,-7,0,-7,0,-7,0,-7,0,-8,0,-8,0,-8,0,-7,0,-7,0,-8,0,-7,0,-7,0,-7,0,-7,0,-6,0,-7,0,-6,0,-7,0,-7,0,-6,0,0,0,-6,0,-6,0,-6,0,-6,0,-6,0,-6,0,-6,0,-6,1,-6,1,-5,1,-6,0,-5,0,-5,0,-5,1,-5,1,-5,0,-5,1,-4,1,-5,1,-4,1,-4,1,-4,1,-4,1,-5,1,-4,1,-4,0,0,0,0,0,0,0,0,0,0,0,0,0,0,25,-23,19,-26,18,-28,19,-27,20,-26,15,-28,13,-34,14,-31,14,-33,14,-34,14,-32,14,-34,16,-39,12,-33,14,-34,10,-35,15,-38,13,-39,13,-32,17,-34,15,-37,11,-35,11,-33,14,-33,14,-31,15,-32,16,-29,9,-31,13,-30,12,-33,12,-31,13,-32,12,-29,10,-31,7,-28,10,-29,11,-31,11,-30,15,-28,17,-25,13,-27,15,-23,12,-25,12,-26,15,-27,12,-21,12,-21,14,-23,11,-20,12,-17,15,-21,14,-16,12,-23,14,-21,15,-20,17,-17,16,-16,0,0,0,0,0,0,0,0,0,0,0,0,0,0,0,0,0,0,0,0,0,0,23,45,21,46,22,46,23,51,20,51,18,56,16,56,13,59,15,67,17,66,15,68,17,67,18,76,13,76,8,77,2,74,11,81,4,74,4,75,1,76,-3,74,-5,80,-4,74,0,72,-4,75,5,74,-4,73,-5,72,-7,67,0,66,-1,59,2,65,-1,64,3,61,-1,63,4,61,6,56,8,56,12,56,16,58,11,57,16,54,12,50,16,51,11,46,15,45,12,44,14,45,19,43,15,42,16,40,22,37,16,38,18,32,21,34,21,33,23,26,0,0]"
CSI_DATA,206,2a:00:00:00:00:00,-43,11,1,0,1,1,1,0,0,0,1,-96,0,11,2,3053012,0,44,0,384,0,"[0,0,0,0,0,0,0,0,0,0,0,0,-6,-3,-7,-3,-7,-3,-7,-3,-7,-3,-7,-3,-7,-2,-7,-2,-7,-2,-7,-3,-8,-3,-8,-2,-7,-3,-8,-3,-7,-3,-8,-2,-7,-2,-7,-2,-7,-2,-7,-2,-7,-3,-7,-2,-6,-2,-7,-2,-7,-2,-6,-2,0,0,-6,-2,-7,-2,-7,-2,-6,-1,-6,-2,-6,-2,-6,-2,-6,-2,-6,-2,-5,-2,-6,-2,-5,-3,-5,-3,-5,-2,-5,-2,-5,-2,-5,-2,-5,-2,-5,-2,-5,-2,-5,-2,-5,-2,-4,-3,-4,-3,-4,-2,-4,-3,0,0,0,0,0,0,0,0,0,0,0,0,0,0,-24,-24,-24,-21,-32,-19,-29,-15,-32,-15,-30,-15,-30,-14,-33,-15,-32,-14,-35,-15,-35,-10,-36,-11,-37,-15,-35,-12,-36,-14,-38,-9,-37,-16,-38,-10,-34,-15,-35,-12,-38,-10,-35,-12,-34,-9,-33,-11,-33,-11,-31,-10,-33,-11,-31,-8,-32,-9,-35,-7,-30,-7,-32,-10,-29,-9,-32,-11,-28,-7,-29,-10,-31,-12,-29,-9,-27,-14,-29,-10,-29,-9,-30,-11,-27,-13,-25,-13,-25,-13,-26,-11,-23,-11,-22,-10,-25,-8,-21,-8,-21,-10,-23,-10,-18,-10,-20,-13,-20,-12,-21,-13,-20,-14,0,0,0,0,0,0,0,0,0,0,0,0,0,0,0,0,0,0,0,0,0,0,44,-18,47,-15,47,-13,56,-15,54,-13,58,-11,56,-15,63,-12,68,-12,65,-10,69,-11,71,-13,78,-12,75,-5,76,0,75,2,82,1,73,4,76,1,76,5,74,8,78,7,73,6,78,5,75,5,73,0,66,7,72,1,66,6,72,4,59,0,68,2,64,0,60,-1,63,0,56,-7,55,-8,59,-10,54,-10,59,-14,55,-10,53,-15,52,-13,49,-16,48,-15,50,-17,47,-17,45,-18,40,-21,41,-15,37,-19,36,-22,38,-19,32,-20,33,-23,30,-23,28,-20,0,0]"
CSI_DATA,207,2a:00:00:00:00:00,-43,11,1,0,1,1,1,0,0,0,1,-96,0,11,2,3061318,0,44,0,384,0,"[0,0,0,0,0,0,0,0,0,0,0,0,-7,1,-7,1,-7,1,-7,2,-7,2,-7,2,-7,2,-7,2,-8,2,-7,2,-8,2,-7,2,-8,2,-7,2,-7,1,-7,2,-7,2,-7,1,-7,1,-7,1,-7,1,-7,1,-6,1,-6,1,-6,1,-7,2,0,0,-7,2,-6,1,-7,1,-6,2,-6,1,-6,1,-6,1,-6,1,-6,1,-6,1,-6,0,-5,0,-5,0,-6,0,-5,0,-6,0,-5,0,-5,0,-5,0,-5,0,-5,0,-5,0,-5,0,-5,0,-5,-1,-5,-1,0,0,0,0,0,0,0,0,0,0,0,0,0,0,-32,-11,-32,-5,-33,-1,-33,-2,-37,0,-35,0,-37,3,-36,2,-35,5,-36,5,-35,7,-35,3,-42,6,-41,5,-37,2,-33,6,-40,6,-38,6,-36,5,-41,3,-39,4,-36,2,-32,4,-33,3,-35,2,-33,4,-32,4,-36,4,-35,3,-35,7,-31,5,-34,5,-32,1,-29,3,-34,5,-29,2,-28,0,-30,3,-26,2,-31,2,-30,1,-30,1,-27,0,-28,-2,-23,0,-30,-1,-28,-3,-28,-2,-26,-3,-22,-3,-27,-2,-23,0,-23,-2,-24,-3,-22,-5,-22,-6,-22,-7,0,0,0,0,0,0,0,0,0,0,0,0,0,0,0,0,0,0,0,0,0,0,30,-43,29,-40,30,-43,34,-44,39,-45,37,-42,38,-41,44,-44,51,-50,51,-48,50,-45,55,-49,59,-51,62,-48,59,-43,61,-44,62,-47,65,-42,60,-39,63,-38,63,-37,72,-39,69,-37,66,-35,67,-34,62,-40,62,-32,62,-31,60,-31,58,-34,53,-30,55,-33,54,-34,51,-34,53,-33,48,-38,46,-35,47,-39,44,-35,42,-43,41,-38,40,-42,39,-39,37,-42,32,-39,33,-38,30,-34,29,-36,28,-38,25,-37,25,-33,21,-36,24,-37,18,-34,16,-38,15,-34,13,-35,0,0]"
CSI_DATA,208,2a:00:00:00:00:00,-43,11,1,0,1,1,1,0,0,0,1,-96,0,11,2,3070676,0,44,0,384,0,"[0,0,0,0,0,0,0,0,0,0,0,0,2,-6,2,-7,1,-6,1,-7,1,-7,2,-7,1,-7,1,-7,2,-7,1,-7,1,-7,1,-7,1,-7,1,-7,1,-7,1,-7,1,-7,1,-6,1,-6,1,-6,1,-6,1,-6,1,-6,1,-6,1,-6,1,-6,0,0,1,-6,1,-6,1,-6,1,-6,1,-6,1,-6,1,-5,1,-5,1,-5,1,-5,2,-5,1,-5,1,-5,1,-5,1,-4,1,-5,1,-4,1,-4,1,-4,1,-4,1,-4,1,-4,1,-4,1,-4,2,-4,2,-4,0,0,0,0,0,0,0,0,0,0,0,0,0,0,25,-20,24,-24,24,-27,22,-23,19,-28,19,-26,17,-30,21,-33,20,-33,18,-33,16,-33,18,-31,22,-36,18,-32,17,-32,18,-33,20,-35,17,-36,19,-31,17,-32,18,-34,17,-30,13,-34,16,-33,15,-31,15,-29,19,-30,13,-31,14,-32,15,-33,15,-28,16,-31,11,-29,13,-30,13,-27,14,-28,13,-29,13,-28,13,-27,16,-24,15,-25,15,-21,14,-24,13,-27,15,-24,15,-21,13,-19,12,-22,12,-23,14,-20,13,-21,13,-17,12,-23,15,-20,13,-20,13,-16,15,-15,0,0,0,0,0,0,0,0,0,0,0,0,0,0,0,0,0,0,0,0,0,0,6,49,3,51,7,50,0,56,0,56,-1,58,1,58,-5,62,-4,70,-6,66,-9,69,-10,71,-8,79,-12,76,-17,73,-18,75,-16,80,-21,73,-15,70,-21,73,-20,71,-23,75,-24,69,-21,71,-22,70,-20,72,-25,68,-22,67,-21,63,-16,69,-14,58,-16,64,-12,58,-11,58,-11,61,-8,60,-6,56,-5,59,-2,55,-1,61,1,55,4,56,4,53,6,52,6,47,8,46,8,46,7,44,10,45,5,44,9,41,13,39,13,42,10,33,16,37,15,37,16,33,0,0]"
CSI_DATA,209,2a:00:00:00:00:00,-43,11,1,0,1,1,1,0,0,0,1,-96,0,11,2,3080652,0,44,0,384,0,"[0,0,0,0,0,0,0,0,0,0,0,0,-3,-6,-4,-6,-4,-6,-4,-7,-4,-6,-4,-6,-5,-6,-5,-6,-5,-6,-5,-6,-5,-7,-5,-6,-4,-7,-5,-6,-4,-6,-5,-6,-5,-6,-4,-6,-4,-6,-5,-6,-4,-5,-5,-6,-4,-5,-4,-6,-4,-6,-4,-5,0,0,-4,-5,-4,-5,-4,-5,-4,-5,-4,-5,-4,-5,-4,-5,-4,-5,-4,-5,-3,-5,-3,-5,-3,-5,-3,-5,-3,-5,-3,-4,-3,-4,-3,-5,-3,-4,-3,-4,-3,-4,-2,-4,-2,-4,-2,-4,-2,-4,-2,-4,-2,-4,0,0,0,0,0,0,0,0,0,0,0,0,0,0,-6,-36,-11,-32,-18,-33,-15,-31,-19,-30,-18,-33,-17,-28,-21,-33,-22,-29,-22,-33,-23,-29,-26,-30,-22,-32,-26,-34,-22,-33,-25,-33,-26,-34,-23,-33,-19,-37,-19,-32,-25,-33,-20,-28,-22,-27,-20,-29,-21,-29,-20,-31,-20,-28,-24,-30,-22,-29,-24,-27,-21,-25,-18,-26,-18,-29,-22,-32,-19,-23,-19,-29,-21,-29,-19,-27,-20,-28,-18,-24,-17,-23,-16,-24,-15,-27,-16,-26,-12,-24,-14,-23,-12,-22,-10,-23,-11,-21,-11,-21,-13,-20,-12,-21,-11,-21,-12,-22,-7,-24,-9,-26,-7,-22,0,0,0,0,0,0,0,0,0,0,0,0,0,0,0,0,0,0,0,0,0,0,49,6,54,8,49,11,58,14,56,14,61,16,60,16,63,20,69,21,65,25,66,29,67,28,73,29,69,35,69,37,67,44,75,39,64,41,69,41,64,40,62,42,67,46,60,44,64,45,60,46,66,40,56,42,60,43,53,40,63,38,48,33,58,36,55,34,55,27,58,34,53,26,53,23,55,22,54,20,59,20,54,24,55,17,51,17,53,15,51,10,49,10,49,9,50,7,44,4,47,7,44,6,42,0,42,4,34,1,42,-1,40,-3,37,-4,0,0]"
CSI_DATA,210,2a:00:00:00:00:00,-43,11,1,0,1,1,1,0,0,0,1,-96,0,11,2,3110663,0,44,0,384,0,"[0,0,0,0,0,0,0,0,0,0,0,0,6,-1,6,-1,6,-2,7,-1,6,-1,6,-1,7,-2,7,-2,7,-2,6,-2,7,-2,7,-2,6,-1,6,-1,6,-1,7,-2,6,-2,6,-1,6,-1,6,-1,6,-1,6,-1,6,-1,6,-1,6,-1,6,-1,0,0,6,-1,6,-1,5,-1,5,-2,5,-1,5,-1,5,-1,5,-1,5,-1,5,-1,5,-1,4,0,4,0,4,0,4,0,4,-1,4,0,4,0,4,0,4,0,4,0,3,0,3,0,3,0,4,0,3,1,0,0,0,0,0,0,0,0,0,0,0,0,0,0,32,4,32,-3,33,-8,33,-5,33,-7,32,-6,32,-10,36,-9,29,-14,37,-12,36,-16,35,-12,36,-15,34,-12,38,-11,37,-15,39,-12,33,-12,33,-10,35,-15,37,-13,34,-11,31,-13,32,-13,29,-10,31,-11,28,-11,32,-9,30,-10,30,-15,27,-11,32,-12,28,-7,29,-9,26,-12,28,-8,29,-12,27,-11,26,-5,29,-9,28,-9,30,-7,24,-3,25,-4,24,-7,25,-8,26,-6,23,-5,23,-4,21,-4,22,-4,24,-2,23,-4,20,-2,22,-4,20,0,22,2,0,0,0,0,0,0,0,0,0,0,0,0,0,0,0,0,0,0,0,0,0,0,-20,45,-23,43,-24,47,-27,49,-30,47,-33,50,-34,50,-37,52,-40,58,-44,51,-47,54,-47,57,-49,61,-51,54,-53,52,-57,52,-59,58,-59,49,-57,51,-56,51,-56,48,-59,51,-61,47,-61,46,-60,44,-54,49,-52,39,-55,42,-54,41,-53,44,-43,39,-50,44,-48,44,-41,43,-47,41,-40,42,-38,42,-39,46,-35,43,-36,47,-34,42,-31,49,-29,45,-27,44,-28,42,-27,47,-23,42,-21,42,-18,41,-22,41,-18,38,-12,40,-16,40,-14,38,-10,38,-8,36,-8,37,0,0]"
CSI_DATA,211,2a:00:00:00:00:00,-43,11,1,0,1,1,1,0,0,0,1,-96,0,11,2,3120798,0,44,0,384,0,"[0,0,0,0,0,0,0,0,0,0,0,0,-7,2,-7,2,-7,2,-7,2,-7,2,-7,2,-7,3,-7,3,-7,2,-7,3,-7,2,-7,3,-7,2,-7,2,-7,2,-7,3,-7,3,-7,2,-6,2,-6,2,-6,2,-6,2,-6,2,-6,2,-6,2,-6,2,0,0,-6,2,-6,2,-6,2,-6,2,-5,1,-6,1,-6,1,-5,1,-6,1,-5,1,-6,1,-5,1,-5,1,-5,1,-5,1,-5,1,-5,1,-5,1,-5,1,-5,1,-5,1,-4,0,-4,0,-5,0,-5,0,-5,0,0,0,0,0,0,0,0,0,0,0,0,0,0,0,-35,-11,-33,-7,-34,-4,-37,-1,-37,1,-37,1,-36,0,-38,3,-34,4,-37,3,-35,5,-37,7,-40,6,-38,3,-38,2,-39,7,-42,4,-37,6,-38,4,-36,5,-38,5,-34,2,-32,8,-34,5,-31,2,-33,3,-32,3,-33,5,-33,3,-35,7,-32,2,-34,3,-29,1,-30,5,-30,6,-28,3,-30,2,-30,3,-29,2,-31,1,-29,1,-29,-2,-28,2,-27,0,-28,0,-29,-2,-26,-1,-26,1,-25,-1,-23,0,-23,-3,-24,-3,-20,-2,-23,-3,-22,-2,-25,-3,-24,-7,0,0,0,0,0,0,0,0,0,0,0,0,0,0,0,0,0,0,0,0,0,0,35,-40,35,-38,35,-37,40,-39,42,-39,46,-39,46,-40,47,-39,55,-44,53,-42,59,-40,59,-42,64,-47,67,-43,68,-37,67,-33,69,-41,66,-33,65,-33,67,-34,65,-32,74,-32,62,-29,65,-33,68,-29,67,-38,65,-28,65,-30,60,-24,60,-32,52,-27,59,-30,55,-32,50,-31,54,-31,51,-35,47,-33,47,-38,43,-36,44,-39,44,-35,42,-37,41,-37,39,-38,35,-35,33,-38,34,-37,29,-36,27,-39,27,-36,24,-37,22,-37,22,-36,19,-32,16,-37,15,-35,15,-36,0,0]"
CSI_DATA,212,2a:00:00:00:00:00,-43,11,1,0,1,1,1,0,0,0,1,-96,0,11,2,3130917,0,44,0,384,0,"[0,0,0,0,0,0,0,0,0,0,0,0,6,-1,7,-1,7,-1,7,-1,7,-2,7,-1,7,-2,7,-2,7,-2,7,-2,7,-1,7,-2,7,-1,7,-1,6,-1,7,-2,6,-2,6,-2,6,-2,6,-2,6,-1,6,-2,6,-1,6,-2,6,-1,6,-2,0,0,6,-2,6,-1,5,-2,6,-2,5,-1,5,-1,5,-1,5,-1,5,-1,5,-1,5,-1,4,0,4,0,4,-1,5,-1,4,-1,4,-1,4,-1,4,-1,4,-1,4,-1,4,-1,4,0,4,0,4,0,4,0,0,0,0,0,0,0,0,0,0,0,0,0,0,0,32,2,33,0,35,-4,35,-4,34,-6,36,-6,33,-9,34,-11,32,-13,36,-10,35,-12,33,-14,37,-15,33,-13,36,-12,36,-17,38,-14,35,-14,34,-11,35,-11,40,-13,34,-10,31,-15,32,-12,32,-9,29,-10,30,-10,32,-11,29,-9,34,-12,28,-12,32,-11,28,-8,28,-14,28,-9,27,-7,29,-10,28,-11,26,-6,27,-9,26,-9,27,-4,25,-6,26,-5,24,-5,27,-6,27,-3,22,-7,23,-2,25,-4,22,-4,23,-5,21,-3,19,-4,22,-1,24,2,26,3,0,0,0,0,0,0,0,0,0,0,0,0,0,0,0,0,0,0,0,0,0,0,-24,42,-27,42,-27,41,-34,46,-33,43,-38,47,-34,48,-39,53,-43,56,-47,49,-52,50,-49,51,-54,55,-54,51,-57,51,-58,47,-62,53,-61,44,-60,48,-59,46,-62,46,-65,46,-58,39,-60,43,-61,42,-59,48,-59,38,-59,40,-56,36,-57,42,-46,34,-53,41,-48,41,-41,44,-48,44,-45,44,-39,39,-44,46,-38,41,-36,47,-37,44,-35,46,-34,44,-30,41,-27,42,-27,44,-25,42,-22,42,-19,42,-20,39,-17,38,-17,39,-20,37,-14,35,-12,38,-10,38,-7,33,0,0]"
CSI_DATA,213,2a:00:00:00:00:00,-43,11,1,0,1,1,1,0,0,0,1,-96,0,11,2,3142767,0,44,0,384,0,"[0,0,0,0,0,0,0,0,0,0,0,0,1,6,1,6,2,6,2,6,2,6,2,6,2,6,2,6,2,6,3,6,2,6,3,6,2,6,2,6,2,6,3,6,2,6,2,5,2,5,2,5,2,5,2,5,2,5,3,5,2,5,2,5,0,0,2,4,2,5,2,5,2,5,2,4,2,5,2,5,2,4,2,4,1,4,1,4,1,4,1,4,1,4,1,4,1,4,1,4,1,3,1,3,1,3,1,3,1,4,1,3,1,4,0,3,0,3,0,0,0,0,0,0,0,0,0,0,0,0,0,0,0,37,2,33,8,32,6,31,9,32,12,35,13,34,14,36,14,32,13,33,15,34,15,31,17,34,16,33,15,32,19,32,19,34,17,34,13,33,18,31,20,33,13,29,17,31,16,32,13,30,13,31,13,26,17,30,15,29,14,30,14,26,11,27,15,27,15,28,13,22,15,30,14,27,14,25,9,28,9,23,10,24,9,23,12,25,11,25,10,23,7,22,8,20,9,24,6,19,5,20,8,21,5,19,9,20,7,21,6,23,3,20,2,21,0,0,0,0,0,0,0,0,0,0,0,0,0,0,0,0,0,0,0,0,0,0,-45,-23,-46,-26,-47,-23,-48,-27,-48,-30,-52,-37,-52,-34,-48,-39,-56,-43,-51,-43,-56,-45,-56,-47,-60,-48,-57,-54,-52,-54,-53,-54,-61,-56,-51,-60,-53,-58,-48,-60,-47,-60,-50,-62,-45,-56,-53,-60,-49,-58,-51,-52,-43,-55,-44,-57,-45,-52,-47,-52,-41,-44,-45,-50,-44,-44,-43,-39,-45,-43,-46,-38,-43,-37,-51,-35,-47,-30,-50,-32,-47,-33,-50,-26,-49,-29,-48,-25,-46,-25,-49,-19,-45,-20,-44,-18,-42,-15,-46,-16,-42,-16,-43,-11,-42,-14,-39,-7,-42,-7,-39,-2,-37,-4,0,0]"
CSI_DATA,214,2a:00:00:00:00:00,-43,11,1,0,1,1,1,0,0,0,1,-96,0,11,2,3150656,0,44,0,384,0,"[0,0,0,0,0,0,0,0,0,0,0,0,4,5,4,5,4,5,5,5,4,5,4,5,5,4,5,5,4,5,5,4,5,5,5,5,5,5,5,5,5,5,5,5,5,4,4,4,4,4,4,4,4,4,4,4,3,4,4,4,4,4,4,4,0,0,4,3,4,4,4,4,4,3,4,4,4,4,4,4,3,3,3,3,3,3,3,3,3,4,3,3,3,4,2,3,2,3,2,3,2,2,2,3,2,2,2,3,2,3,2,3,2,3,2,3,1,3,0,0,0,0,0,0,0,0,0,0,0,0,0,0,10,33,6,38,14,32,14,29,17,32,17,29,19,34,20,32,21,31,20,30,20,31,21,31,23,34,19,32,19,30,24,30,22,35,21,33,18,30,20,29,23,32,20,27,19,26,18,28,15,28,16,28,16,28,20,26,17,28,20,27,17,24,15,22,15,26,19,25,21,22,15,25,17,28,17,23,12,28,14,22,14,21,12,23,12,24,12,25,12,23,15,22,9,21,11,21,11,18,11,17,12,20,10,18,9,20,9,20,7,22,7,22,6,21,0,0,0,0,0,0,0,0,0,0,0,0,0,0,0,0,0,0,0,0,0,0,-49,-19,-47,-18,-52,-21,-54,-24,-52,-25,-55,-27,-57,-28,-57,-31,-63,-34,-59,-36,-61,-38,-59,-38,-67,-42,-66,-43,-59,-46,-63,-49,-65,-47,-59,-51,-56,-49,-59,-49,-57,-51,-60,-52,-55,-51,-59,-52,-56,-57,-59,-47,-50,-48,-50,-47,-54,-49,-56,-44,-52,-40,-52,-39,-50,-40,-50,-36,-53,-38,-51,-32,-55,-31,-52,-29,-50,-28,-54,-29,-50,-25,-56,-21,-49,-20,-52,-20,-46,-17,-47,-18,-46,-15,-45,-12,-46,-10,-47,-10,-44,-8,-40,-6,-42,-8,-40,-6,-43,-3,-39,-1,-38,1,0,0]"
CSI_DATA,215,2a:00:00:00:00:00,-43,11,1,0,1,1,1,0,0,0,1,-96,0,11,2,3160663,0,44,0,384,0,"[0,0,0,0,0,0,0,0,0,0,0,0,5,-4,5,-5,4,-5,5,-5,5,-5,5,-5,5,-6,5,-5,5,-6,4,-5,5,-6,5,-6,5,-5,4,-5,4,-5,5,-6,5,-5,4,-5,4,-5,4,-5,4,-4,4,-5,4,-4,4,-5,4,-5,4,-5,0,0,4,-5,4,-4,4,-4,4,-5,4,-4,4,-4,4,-4,3,-4,4,-4,4,-4,4,-4,3,-3,3,-3,3,-3,3,-3,4,-3,3,-3,3,-3,3,-3,3,-3,3,-3,3,-3,3,-3,3,-3,3,-2,3,-2,0,0,0,0,0,0,0,0,0,0,0,0,0,0,34,-11,32,-12,31,-18,33,-15,29,-15,31,-18,29,-20,30,-22,29,-23,31,-19,31,-21,30,-22,33,-23,31,-21,31,-21,32,-21,33,-22,29,-19,29,-20,30,-19,31,-23,30,-19,27,-20,29,-20,27,-16,28,-16,28,-19,29,-21,24,-17,27,-20,26,-19,30,-15,24,-16,27,-17,23,-19,26,-16,24,-16,23,-18,24,-13,25,-13,25,-12,24,-12,24,-8,21,-12,20,-10,23,-12,26,-8,21,-10,21,-9,20,-6,22,-7,21,-10,19,-11,19,-7,22,-6,20,-6,22,-3,0,0,0,0,0,0,0,0,0,0,0,0,0,0,0,0,0,0,0,0,0,0,-3,51,-4,51,-5,48,-9,56,-11,55,-13,59,-13,59,-15,61,-20,66,-20,64,-24,65,-21,67,-23,76,-28,70,-31,69,-35,66,-34,73,-35,66,-36,68,-36,66,-35,66,-44,66,-39,63,-38,65,-41,64,-37,67,-39,56,-39,62,-36,58,-35,63,-27,53,-34,57,-31,57,-27,55,-28,55,-24,56,-24,51,-21,55,-20,53,-18,56,-20,53,-14,55,-16,52,-12,51,-12,50,-9,52,-10,50,-6,48,-6,45,-6,45,-5,43,-1,47,-4,45,0,36,2,42,4,43,5,37,0,0]"
CSI_DATA,216,2a:00:00:00:00:00,-43,11,1,0,1,1,1,0,0,0,1,-96,0,11,2,3170683,0,44,0,384,0,"[0,0,0,0,0,0,0,0,0,0,0,0,-4,-6,-4,-6,-5,-6,-4,-7,-5,-7,-4,-6,-5,-6,-5,-6,-5,-6,-5,-6,-5,-7,-5,-6,-5,-6,-5,-6,-4,-6,-5,-6,-5,-5,-4,-6,-4,-6,-4,-6,-4,-6,-4,-6,-4,-5,-4,-6,-4,-6,-4,-5,0,0,-4,-5,-4,-6,-4,-5,-4,-5,-4,-5,-4,-5,-4,-5,-3,-5,-3,-4,-3,-5,-3,-5,-3,-5,-3,-5,-3,-5,-3,-4,-3,-4,-3,-5,-3,-4,-2,-4,-3,-4,-2,-4,-3,-4,-2,-4,-2,-4,-2,-4,-2,-4,0,0,0,0,0,0,0,0,0,0,0,0,0,0,-19,-30,-23,-34,-23,-25,-23,-26,-26,-26,-23,-21,-29,-24,-27,-25,-29,-26,-28,-21,-28,-23,-33,-24,-33,-21,-32,-25,-26,-24,-33,-20,-34,-26,-32,-23,-28,-22,-30,-24,-34,-21,-28,-24,-27,-19,-26,-21,-27,-22,-29,-20,-29,-20,-29,-21,-28,-22,-27,-18,-23,-17,-23,-19,-26,-21,-25,-18,-24,-17,-21,-18,-23,-19,-26,-16,-22,-20,-20,-15,-22,-18,-21,-17,-19,-21,-19,-19,-21,-16,-22,-16,-18,-16,-18,-20,-16,-15,-17,-15,-15,-14,-18,-16,-17,-17,-15,-18,-15,-20,-14,-19,-12,-17,0,0,0,0,0,0,0,0,0,0,0,0,0,0,0,0,0,0,0,0,0,0,49,-5,49,-2,56,-3,55,-4,60,0,55,3,59,0,61,6,68,3,72,10,72,14,72,9,77,12,73,16,68,19,79,19,77,17,74,25,69,21,72,21,72,26,77,22,73,30,74,25,71,28,69,21,65,27,61,23,68,22,65,18,58,18,59,16,63,15,58,12,65,14,57,8,61,8,59,6,55,4,62,2,51,4,60,-3,51,-1,56,0,47,0,53,-7,47,-6,49,-7,45,-10,50,-10,41,-8,40,-11,41,-11,40,-14,41,-15,35,-16,38,-14,0,0]"
CSI_DATA,217,2a:00:00:00:00:00,-43,11,1,0,1,1,1,0,0,0,1,-96,0,11,2,3192500,0,44,0,384,0,"[0,0,0,0,0,0,0,0,0,0,0,0,3,-6,3,-6,2,-7,3,-7,3,-7,3,-7,3,-7,2,-7,3,-7,2,-7,3,-7,2,-7,2,-7,2,-7,2,-7,2,-7,2,-7,2,-6,2,-6,2,-6,2,-6,2,-6,2,-6,2,-6,2,-6,2,-6,0,0,2,-6,2,-6,2,-6,2,-6,2,-5,2,-5,2,-5,2,-5,2,-5,2,-5,2,-5,2,-4,2,-4,2,-4,2,-4,2,-4,1,-4,2,-4,2,-4,2,-4,2,-4,2,-4,2,-4,2,-4,2,-4,2,-3,0,0,0,0,0,0,0,0,0,0,0,0,0,0,30,-18,31,-18,26,-22,24,-21,26,-24,24,-24,26,-27,23,-25,23,-28,20,-28,23,-30,24,-28,24,-29,26,-31,24,-28,25,-32,25,-30,24,-30,23,-28,23,-28,27,-30,24,-30,19,-25,19,-25,22,-24,24,-26,22,-26,19,-27,20,-23,20,-24,21,-24,22,-20,20,-23,18,-23,20,-23,18,-20,19,-22,19,-22,18,-19,19,-18,18,-18,22,-17,20,-19,18,-20,17,-12,20,-16,19,-15,16,-17,19,-14,19,-12,17,-13,16,-13,17,-14,18,-15,16,-14,18,-11,20,-8,0,0,0,0,0,0,0,0,0,0,0,0,0,0,0,0,0,0,0,0,0,0,10,50,7,50,7,54,6,54,5,59,3,56,1,57,-1,62,0,69,-4,72,-6,69,-3,76,-2,81,-12,78,-16,72,-17,77,-13,80,-18,75,-16,71,-22,74,-21,70,-20,79,-24,73,-22,70,-25,73,-17,71,-24,69,-22,67,-23,65,-17,68,-16,62,-18,62,-13,61,-13,59,-13,63,-11,61,-7,60,-5,58,-5,58,-3,61,-4,56,1,61,0,54,1,56,-1,49,3,48,2,51,4,48,6,47,6,47,8,41,9,44,7,44,8,38,11,39,14,41,16,37,0,0]"
CSI_DATA,218,2a:00:00:00:00:00,-43,11,1,0,1,1,1,0,0,0,1,-96,0,11,2,3201140,0,44,0,384,0,"[0,0,0,0,0,0,0,0,0,0,0,0,5,-3,5,-3,5,-3,6,-4,5,-3,6,-3,6,-4,5,-4,5,-4,5,-4,6,-4,6,-4,5,-3,5,-3,5,-3,5,-4,5,-4,5,-3,5,-3,5,-3,5,-3,4,-3,4,-3,4,-3,4,-3,5,-3,0,0,4,-3,4,-3,4,-3,4,-3,4,-3,4,-3,4,-3,4,-2,4,-3,4,-3,4,-3,3,-2,3,-2,3,-2,4,-2,4,-2,3,-2,3,-2,3,-2,3,-2,3,-2,3,-2,3,-2,3,-2,3,-2,3,-1,0,0,0,0,0,0,0,0,0,0,0,0,0,0,34,0,34,-3,36,-8,33,-7,34,-8,32,-9,35,-12,32,-11,33,-12,34,-12,32,-13,34,-12,37,-14,33,-15,35,-12,35,-15,38,-15,32,-15,33,-13,35,-15,34,-16,30,-12,30,-15,29,-13,30,-10,31,-11,28,-13,29,-16,28,-11,32,-12,26,-13,29,-12,27,-11,25,-11,27,-12,22,-11,24,-11,24,-9,24,-7,24,-10,26,-8,26,-7,22,-7,22,-10,21,-9,24,-7,23,-7,20,-7,22,-5,20,-7,19,-6,21,-3,20,-6,21,-7,20,-7,23,-6,21,-1,0,0,0,0,0,0,0,0,0,0,0,0,0,0,0,0,0,0,0,0,0,0,-23,44,-27,43,-29,44,-31,46,-34,45,-38,47,-36,48,-40,48,-45,54,-43,49,-51,49,-48,51,-57,59,-55,54,-56,47,-58,46,-63,54,-60,50,-57,47,-63,42,-60,43,-65,46,-61,43,-62,47,-62,42,-59,48,-57,37,-59,41,-56,38,-52,46,-46,39,-50,43,-46,40,-45,41,-47,42,-43,43,-40,41,-38,47,-35,44,-35,46,-36,45,-33,46,-33,44,-29,48,-28,43,-27,40,-25,41,-21,42,-20,42,-19,40,-16,37,-15,43,-17,40,-15,37,-10,40,-6,37,-7,37,0,0]"
CSI_DATA,219,2a:00:00:00:00:00,-43,11,1,0,1,1,1,0,0,0,1,-96,0,11,2,3230654,0,44,0,384,0,"[0,0,0,0,0,0,0,0,0,0,0,0,-7,1,-7,2,-7,2,-7,2,-7,2,-7,2,-7,2,-7,2,-7,2,-7,2,-7,2,-7,2,-7,2,-7,2,-7,2,-7,3,-6,2,-6,2,-6,2,-6,2,-6,1,-6,2,-6,2,-6,2,-6,1,-6,2,0,0,-6,2,-6,1,-6,2,-5,2,-5,1,-6,1,-5,1,-5,1,-5,1,-5,1,-5,1,-5,0,-5,1,-4,0,-5,1,-4,1,-4,1,-4,1,-4,1,-4,1,-4,0,-4,0,-4,0,-4,0,-4,0,-4,0,0,0,0,0,0,0,0,0,0,0,0,0,0,0,-35,-3,-33,-5,-35,4,-35,1,-35,4,-36,4,-31,5,-38,10,-35,7,-36,7,-36,10,-38,8,-37,11,-37,10,-35,9,-36,12,-38,9,-34,11,-33,7,-35,11,-38,12,-34,8,-33,11,-30,8,-31,7,-31,7,-31,9,-30,9,-30,7,-30,9,-27,8,-30,8,-27,6,-28,9,-28,7,-27,4,-27,4,-28,6,-28,5,-25,7,-27,6,-26,4,-21,5,-20,3,-23,1,-24,4,-25,3,-22,0,-22,1,-21,4,-20,2,-23,3,-23,0,-21,-1,-23,0,-24,0,-22,-2,0,0,0,0,0,0,0,0,0,0,0,0,0,0,0,0,0,0,0,0,0,0,24,-46,29,-46,27,-44,31,-49,33,-44,39,-48,36,-49,41,-47,43,-56,46,-50,52,-49,51,-52,55,-57,53,-50,57,-49,56,-51,60,-59,60,-48,62,-48,58,-49,61,-42,66,-44,63,-42,63,-45,67,-43,60,-49,59,-38,62,-39,57,-40,59,-47,46,-37,56,-40,48,-39,46,-39,51,-41,44,-42,39,-41,39,-46,39,-44,37,-46,36,-43,34,-49,36,-44,32,-43,28,-42,25,-43,26,-45,25,-43,21,-41,23,-40,18,-41,14,-41,18,-41,13,-37,15,-41,8,-39,9,-36,0,0]"
CSI_DATA,220,2a:00:00:00:00:00,-43,11,1,0,1,1,1,0,0,0,1,-96,0,11,2,3241762,0,44,0,384,0,"[0,0,0,0,0,0,0,0,0,0,0,0,-6,-4,-6,-3,-7,-3,-7,-4,-7,-4,-6,-4,-7,-3,-7,-3,-7,-3,-7,-3,-7,-3,-7,-3,-7,-3,-7,-3,-6,-3,-7,-3,-6,-3,-6,-3,-6,-3,-6,-3,-6,-3,-6,-3,-5,-3,-6,-3,-6,-3,-5,-3,0,0,-5,-3,-6,-3,-6,-3,-5,-2,-5,-3,-5,-3,-5,-3,-5,-3,-5,-3,-5,-3,-4,-3,-4,-3,-4,-3,-4,-3,-4,-2,-4,-3,-4,-3,-4,-2,-4,-2,-4,-2,-4,-2,-3,-3,-4,-3,-4,-3,-3,-3,-3,-3,0,0,0,0,0,0,0,0,0,0,0,0,0,0,-17,-28,-22,-27,-24,-25,-23,-24,-26,-24,-27,-25,-25,-23,-29,-24,-26,-22,-30,-23,-31,-22,-30,-19,-34,-23,-30,-22,-29,-24,-30,-24,-31,-24,-31,-22,-29,-23,-31,-21,-29,-23,-24,-20,-28,-21,-28,-20,-24,-20,-28,-21,-23,-18,-28,-22,-24,-21,-26,-17,-24,-19,-22,-17,-20,-19,-23,-20,-22,-11,-19,-18,-22,-15,-21,-19,-22,-19,-19,-17,-20,-13,-19,-18,-20,-20,-17,-19,-16,-18,-20,-16,-18,-13,-16,-16,-17,-12,-16,-15,-16,-18,-17,-13,-14,-18,-14,-16,-12,-17,-13,-17,-12,-19,0,0,0,0,0,0,0,0,0,0,0,0,0,0,0,0,0,0,0,0,0,0,49,-7,51,-7,51,-4,60,-2,57,-1,61,0,60,-1,60,-1,73,2,70,5,70,11,71,10,77,9,74,16,74,18,74,20,79,18,72,20,75,19,75,19,74,18,77,23,70,23,73,25,71,27,73,19,66,27,66,22,65,22,69,21,57,13,66,18,65,14,61,10,63,13,61,7,58,7,59,8,54,4,59,3,59,1,55,0,56,-2,53,-1,49,-4,52,-8,48,-7,45,-8,45,-9,46,-8,42,-5,45,-9,45,-11,35,-10,39,-15,37,-14,36,-15,0,0]"
CSI_DATA,221,2a:00:00:00:00:00,-43,11,1,0,1,1,1,0,0,0,1,-96,0,11,2,3250664,0,44,0,384,0,"[0,0,0,0,0,0,0,0,0,0,0,0,5,2,6,2,6,1,6,2,6,2,6,1,6,1,6,1,6,1,6,1,6,1,6,1,6,1,6,2,6,2,6,1,6,1,5,1,5,1,5,1,5,1,5,1,5,1,5,1,5,1,5,1,0,0,5,0,5,1,5,1,5,0,4,1,5,1,4,1,4,1,4,0,4,1,4,1,4,1,4,1,4,1,3,1,3,1,3,1,3,1,3,1,3,0,3,1,3,1,3,1,3,1,3,1,3,1,0,0,0,0,0,0,0,0,0,0,0,0,0,0,21,25,20,25,29,19,25,18,29,17,27,16,30,17,33,17,30,16,32,17,32,13,36,14,36,17,34,13,31,15,35,10,36,15,33,16,32,14,31,12,36,14,30,12,31,13,28,14,27,12,30,11,26,10,27,12,27,13,30,9,27,8,29,10,24,11,28,10,22,8,25,12,26,11,26,11,23,11,22,8,23,7,21,9,20,12,19,14,21,13,20,9,20,9,19,11,20,7,19,8,21,8,18,8,17,9,16,12,15,12,17,11,16,13,0,0,0,0,0,0,0,0,0,0,0,0,0,0,0,0,0,0,0,0,0,0,-50,8,-52,8,-50,8,-60,8,-55,5,-64,4,-60,3,-66,6,-70,-1,-65,0,-73,0,-72,0,-79,1,-78,-7,-79,-11,-74,-11,-85,-10,-74,-13,-77,-12,-74,-11,-75,-11,-79,-15,-73,-15,-75,-14,-75,-17,-75,-8,-70,-18,-73,-15,-64,-15,-75,-13,-57,-11,-70,-10,-65,-5,-63,-2,-66,-5,-61,0,-55,1,-60,3,-57,1,-59,5,-61,4,-55,10,-56,9,-51,9,-48,12,-48,11,-47,13,-46,17,-45,15,-41,11,-41,16,-38,17,-43,16,-32,16,-40,19,-34,19,-32,19,0,0]"
CSI_DATA,222,2a:00:00:00:00:00,-43,11,1,0,1,1,1,0,0,0,1,-96,0,11,2,3260694,0,44,0,384,0,"[0,0,0,0,0,0,0,0,0,0,0,0,1,-7,0,-7,0,-7,0,-7,0,-7,1,-7,0,-7,0,-7,0,-7,0,-7,0,-7,0,-7,0,-7,0,-7,0,-7,0,-7,0,-7,0,-6,0,-6,0,-6,0,-6,0,-6,0,-6,0,-6,0,-6,0,-6,0,0,0,-6,0,-6,0,-6,0,-6,0,-5,0,-5,0,-5,0,-5,1,-5,1,-5,1,-5,0,-5,0,-5,0,-5,1,-4,1,-4,0,-4,0,-4,1,-4,0,-4,1,-4,0,-4,1,-4,1,-4,1,-4,1,-4,0,0,0,0,0,0,0,0,0,0,0,0,0,0,16,-28,14,-29,11,-32,9,-32,8,-34,10,-31,7,-35,4,-36,4,-34,7,-37,3,-36,2,-35,5,-37,5,-38,5,-34,2,-37,4,-38,3,-35,4,-35,4,-34,5,-37,3,-34,0,-34,3,-34,3,-32,4,-33,5,-31,2,-33,2,-30,3,-32,3,-29,3,-30,5,-29,3,-31,5,-26,3,-26,-1,-27,2,-28,3,-28,7,-25,4,-26,5,-20,5,-27,3,-25,3,-24,5,-24,6,-21,3,-24,4,-18,5,-20,4,-20,4,-23,5,-21,3,-20,6,-21,7,-20,9,-19,0,0,0,0,0,0,0,0,0,0,0,0,0,0,0,0,0,0,0,0,0,0,26,45,23,46,24,46,26,50,23,48,22,56,23,56,24,58,24,63,23,64,20,70,24,67,27,74,19,74,16,75,15,76,18,77,11,74,14,78,10,76,13,75,10,79,8,73,10,77,10,74,16,74,4,69,6,69,6,68,12,70,11,57,11,66,13,62,16,61,15,62,17,59,18,55,21,56,20,50,23,56,21,53,24,49,24,53,27,47,27,42,23,43,25,43,26,41,25,36,27,36,26,35,27,32,27,32,25,30,28,27,31,27,29,21,0,0]"
CSI_DATA,223,2a:00:00:00:00:00,-43,11,1,0,1,1,1,0,0,0,1,-96,0,11,2,3270657,0,44,0,384,0,"[0,0,0,0,0,0,0,0,0,0,0,0,-3,-6,-4,-6,-4,-6,-4,-6,-4,-6,-4,-6,-4,-6,-4,-6,-4,-6,-4,-6,-4,-6,-4,-6,-4,-6,-4,-6,-4,-6,-4,-6,-4,-5,-4,-5,-4,-5,-4,-5,-4,-5,-4,-5,-3,-5,-4,-5,-4,-5,-3,-5,0,0,-3,-5,-3,-5,-4,-5,-3,-4,-3,-5,-3,-5,-3,-4,-3,-4,-3,-4,-2,-4,-2,-4,-2,-4,-2,-4,-2,-4,-2,-4,-2,-4,-3,-4,-2,-3,-2,-4,-2,-3,-2,-4,-2,-4,-2,-4,-2,-4,-1,-4,-1,-4,0,0,0,0,0,0,0,0,0,0,0,0,0,0,-2,-35,-5,-33,-11,-33,-8,-33,-12,-30,-13,-32,-15,-33,-14,-34,-14,-32,-16,-32,-17,-33,-17,-34,-17,-35,-18,-36,-14,-31,-18,-30,-18,-36,-18,-34,-16,-32,-18,-29,-16,-34,-15,-31,-18,-26,-13,-33,-13,-30,-14,-31,-12,-28,-16,-30,-14,-29,-17,-27,-14,-23,-13,-25,-10,-28,-14,-29,-13,-21,-12,-28,-14,-27,-11,-26,-9,-24,-10,-24,-10,-22,-6,-22,-12,-26,-9,-23,-7,-27,-7,-20,-7,-21,-9,-24,-8,-17,-6,-21,-6,-19,-8,-18,-5,-21,-3,-22,-4,-22,-6,-19,-4,-20,0,0,0,0,0,0,0,0,0,0,0,0,0,0,0,0,0,0,0,0,0,0,49,12,50,16,48,17,53,21,50,19,54,25,56,26,57,29,63,33,62,33,64,36,64,34,72,36,66,42,61,48,60,47,68,50,58,50,60,48,59,51,56,54,59,56,54,51,58,50,56,50,60,47,52,48,53,50,51,50,55,45,42,38,50,43,49,41,49,37,49,40,50,38,49,30,53,30,49,27,53,28,51,28,51,21,49,26,47,21,46,20,48,19,48,17,42,16,44,12,43,12,42,8,42,7,39,10,37,7,43,6,42,5,39,1,0,0]"
CSI_DATA,224,2a:00:00:00:00:00,-43,11,1,0,1,1,1,0,0,0,1,-96,0,11,2,3280657,0,44,0,384,0,"[0,0,0,0,0,0,0,0,0,0,0,0,-7,0,-7,1,-7,1,-7,1,-7,1,-7,1,-7,1,-7,1,-7,1,-7,1,-8,1,-7,1,-7,1,-7,1,-7,0,-7,1,-7,1,-6,1,-6,1,-6,1,-6,1,-6,1,-6,1,-6,1,-6,1,-6,1,0,0,-6,1,-6,1,-6,1,-6,1,-5,0,-5,1,-5,0,-5,0,-5,1,-5,1,-5,0,-5,0,-5,0,-4,0,-5,0,-5,0,-5,0,-4,0,-4,0,-4,0,-4,0,-4,0,-4,0,-4,0,-5,-1,-4,-1,0,0,0,0,0,0,0,0,0,0,0,0,0,0,-34,1,-34,0,-34,5,-33,5,-33,6,-34,8,-31,10,-36,11,-32,9,-36,12,-35,14,-35,12,-38,14,-37,13,-36,14,-36,17,-37,12,-32,11,-34,10,-34,12,-36,15,-32,10,-29,13,-31,9,-28,9,-32,8,-30,11,-29,14,-30,9,-30,13,-29,11,-30,13,-25,8,-28,10,-24,9,-26,5,-24,7,-25,7,-25,4,-28,7,-23,8,-27,9,-25,7,-21,7,-22,3,-25,4,-22,6,-18,5,-23,6,-21,3,-21,5,-21,4,-22,4,-20,2,-21,3,-25,1,-24,0,0,0,0,0,0,0,0,0,0,0,0,0,0,0,0,0,0,0,0,0,0,0,20,-47,26,-49,25,-49,29,-51,32,-49,34,-49,34,-46,40,-52,44,-57,45,-55,46,-56,46,-60,49,-64,51,-57,55,-53,53,-55,60,-61,56,-51,56,-51,60,-45,61,-45,66,-50,63,-46,57,-47,62,-49,55,-54,53,-45,58,-47,55,-41,55,-49,47,-42,53,-45,47,-42,43,-41,51,-44,43,-44,37,-43,38,-48,34,-46,33,-52,35,-47,28,-48,29,-49,28,-46,25,-44,24,-46,21,-43,23,-43,21,-44,19,-43,15,-40,12,-41,17,-44,10,-37,9,-42,7,-37,5,-36,0,0]"
CSI_DATA,225,2a:00:00:00:00:00,-43,11,1,0,1,1,1,0,0,0,1,-96,0,11,2,3290681,0,44,0,384,0,"[0,0,0,0,0,0,0,0,0,0,0,0,2,5,2,5,3,5,2,6,3,6,2,6,3,6,3,5,3,5,3,6,3,6,3,6,3,6,3,5,3,5,3,5,2,5,2,5,3,5,3,5,2,5,2,5,2,4,3,5,2,5,2,5,0,0,2,4,2,5,2,4,2,4,2,4,2,4,2,4,2,4,1,4,1,4,1,4,1,4,1,4,1,4,1,3,1,3,1,3,1,3,1,3,1,3,1,3,1,3,1,3,1,3,0,3,0,3,0,0,0,0,0,0,0,0,0,0,0,0,0,0,-9,30,-8,33,-1,33,2,31,0,36,1,31,0,34,3,36,4,34,3,34,6,35,5,34,6,39,4,38,3,33,6,35,8,38,7,36,6,37,4,33,6,35,4,33,6,32,5,33,3,31,4,33,6,29,6,30,6,32,5,29,3,26,5,26,4,28,5,29,5,22,3,27,4,28,4,29,4,29,1,24,2,21,2,22,3,24,4,26,1,25,2,22,1,22,1,24,2,19,0,19,0,18,1,19,1,24,-1,21,1,21,-1,20,-6,18,0,0,0,0,0,0,0,0,0,0,0,0,0,0,0,0,0,0,0,0,0,0,-38,-35,-39,-34,-37,-37,-38,-46,-39,-46,-37,-44,-38,-45,-42,-49,-43,-59,-43,-58,-40,-61,-45,-61,-49,-67,-43,-68,-38,-67,-36,-73,-39,-74,-36,-71,-37,-67,-32,-74,-32,-74,-34,-79,-31,-69,-32,-70,-28,-74,-39,-67,-28,-67,-28,-68,-27,-67,-31,-64,-28,-58,-30,-60,-30,-59,-34,-53,-32,-59,-35,-53,-35,-51,-35,-49,-37,-45,-43,-47,-37,-44,-41,-41,-36,-42,-37,-40,-37,-34,-35,-31,-36,-34,-37,-32,-39,-29,-36,-30,-35,-28,-36,-23,-38,-24,-32,-21,-38,-21,-37,-17,-35,-16,0,0]"
CSI_DATA,226,2a:00:00:00:00:00,-43,11,1,0,1,1,1,0,0,0,1,-96,0,11,2,3310939,0,44,0,384,0,"[0,0,0,0,0,0,0,0,0,0,0,0,2,5,2,4,3,5,2,5,3,5,3,5,3,5,3,5,3,5,3,5,3,5,3,5,3,5,3,5,2,5,3,5,2,4,2,4,3,4,2,5,2,4,2,4,2,4,3,4,2,4,2,4,0,0,2,4,2,4,2,4,2,4,2,4,2,4,2,4,2,4,1,3,1,3,1,3,1,4,1,3,1,3,1,3,1,3,1,3,1,3,1,3,1,2,1,3,1,3,1,3,1,3,0,3,0,3,0,0,0,0,0,0,0,0,0,0,0,0,0,0,3,32,3,32,10,32,11,29,12,28,14,31,13,29,18,33,17,29,16,30,20,29,19,31,22,33,15,30,15,30,18,29,17,35,18,29,16,30,14,28,21,30,15,27,17,27,17,27,13,27,17,30,11,26,15,26,14,28,15,24,13,26,14,25,14,26,14,26,12,20,12,24,13,23,15,22,11,25,13,22,10,23,9,21,8,21,8,22,8,25,11,21,8,21,7,21,7,16,8,20,9,16,8,16,6,19,6,20,5,22,3,19,1,20,0,0,0,0,0,0,0,0,0,0,0,0,0,0,0,0,0,0,0,0,0,0,-48,-16,-51,-19,-51,-19,-54,-24,-52,-25,-56,-29,-57,-25,-58,-34,-66,-32,-60,-37,-60,-45,-60,-41,-67,-45,-63,-51,-60,-51,-62,-50,-69,-51,-58,-54,-58,-52,-59,-52,-59,-56,-61,-57,-54,-55,-55,-55,-52,-60,-59,-52,-50,-54,-53,-54,-51,-50,-56,-47,-45,-40,-50,-47,-52,-42,-51,-38,-52,-40,-52,-35,-47,-33,-51,-33,-50,-33,-52,-29,-50,-31,-56,-26,-50,-24,-50,-24,-46,-22,-48,-16,-49,-16,-44,-13,-45,-14,-43,-14,-41,-11,-41,-11,-40,-11,-37,-7,-44,-7,-40,-3,-39,-2,0,0]"
CSI_DATA,227,2a:00:00:00:00:00,-43,11,1,0,1,1,1,0,0,0,1,-96,0,11,2,3320907,0,44,0,384,0,"[0,0,0,0,0,0,0,0,0,0,0,0,6,-1,6,-1,6,-1,6,-1,6,-1,6,-1,6,-2,6,-1,6,-2,6,-1,6,-2,6,-2,6,-1,6,-1,6,-1,6,-2,6,-2,6,-1,5,-1,5,-1,5,-1,5,-1,5,-1,5,-1,5,-1,5,-1,0,0,5,-1,5,-1,5,-1,4,-1,4,-1,5,-1,4,-1,4,-1,4,-1,4,-1,4,-1,4,0,4,0,4,0,4,-1,4,-1,4,0,3,-1,3,-1,3,-1,3,-1,3,0,3,0,3,0,3,0,3,0,0,0,0,0,0,0,0,0,0,0,0,0,0,0,28,14,28,14,30,7,33,8,34,5,31,5,35,5,33,5,33,3,33,4,36,1,35,3,38,0,35,3,35,2,38,-2,39,3,35,0,32,5,34,2,34,2,36,5,31,-1,30,3,29,4,32,5,30,0,33,-2,28,3,33,-2,32,-1,28,2,29,4,27,3,27,0,27,5,24,1,26,2,25,4,27,2,25,2,27,4,24,6,22,3,21,6,24,5,20,4,25,4,20,6,20,2,20,2,20,1,19,4,19,6,22,6,20,6,21,9,0,0,0,0,0,0,0,0,0,0,0,0,0,0,0,0,0,0,0,0,0,0,-41,33,-43,32,-45,31,-48,30,-52,32,-51,29,-53,31,-57,34,-66,34,-63,34,-67,26,-66,30,-74,33,-76,28,-74,24,-77,23,-76,26,-78,22,-70,19,-81,17,-75,18,-82,16,-77,18,-77,17,-78,15,-74,24,-75,13,-72,17,-71,13,-69,15,-64,17,-65,16,-64,18,-59,22,-61,19,-57,21,-56,24,-56,25,-52,24,-56,28,-53,23,-50,28,-49,25,-47,31,-41,27,-39,29,-39,30,-38,32,-36,29,-38,28,-33,26,-32,32,-34,27,-27,27,-31,28,-23,29,-21,31,0,0]"
CSI_DATA,228,2a:00:00:00:00:00,-43,11,1,0,1,1,1,0,0,0,1,-96,0,11,2,3330655,0,44,0,384,0,"[0,0,0,0,0,0,0,0,0,0,0,0,-6,2,-6,3,-5,3,-6,3,-6,3,-6,3,-6,3,-6,3,-6,3,-6,3,-6,3,-6,3,-6,3,-6,3,-6,3,-6,3,-5,3,-5,2,-5,3,-5,2,-5,2,-5,2,-5,2,-5,2,-5,2,-5,3,0,0,-5,3,-5,2,-5,2,-5,3,-4,2,-5,2,-4,2,-4,2,-4,2,-4,2,-5,2,-4,1,-4,1,-4,1,-4,1,-4,1,-4,1,-4,1,-4,1,-4,1,-4,1,-4,1,-4,1,-4,1,-4,0,-4,0,0,0,0,0,0,0,0,0,0,0,0,0,0,0,-32,9,-30,10,-31,14,-29,16,-28,17,-30,17,-28,18,-31,21,-25,21,-28,22,-26,25,-30,26,-28,23,-29,23,-29,20,-28,24,-31,23,-25,23,-27,22,-27,21,-29,23,-26,20,-25,23,-24,19,-26,17,-23,18,-25,19,-20,19,-24,15,-24,23,-24,16,-25,20,-22,13,-24,19,-21,17,-22,14,-19,17,-18,16,-21,15,-20,15,-19,15,-19,13,-20,13,-19,13,-20,14,-22,11,-23,11,-18,9,-20,12,-18,11,-20,11,-18,11,-16,10,-19,9,-19,7,-22,8,-23,7,0,0,0,0,0,0,0,0,0,0,0,0,0,0,0,0,0,0,0,0,0,0,8,-52,7,-52,12,-51,13,-59,18,-55,18,-62,18,-61,18,-65,22,-68,22,-65,30,-68,31,-67,31,-77,36,-69,40,-69,37,-67,42,-77,40,-65,41,-68,40,-69,40,-64,43,-70,44,-62,43,-65,48,-64,40,-69,43,-60,42,-63,38,-56,37,-63,31,-51,35,-60,32,-59,26,-55,29,-59,27,-57,21,-53,23,-57,22,-53,19,-55,16,-57,16,-54,17,-56,12,-51,9,-50,6,-53,4,-52,6,-48,4,-47,3,-44,6,-43,2,-45,2,-45,1,-37,-1,-41,-4,-40,-2,-37,0,0]"
CSI_DATA,229,2a:00:00:00:00:00,-43,11,1,0,1,1,1,0,0,0,1,-96,0,11,2,3342120,0,44,0,384,0,"[0,0,0,0,0,0,0,0,0,0,0,0,-4,-6,-4,-6,-4,-6,-4,-6,-4,-6,-4,-6,-5,-6,-5,-5,-4,-5,-5,-5,-5,-6,-5,-6,-5,-6,-5,-5,-4,-6,-5,-6,-4,-5,-4,-5,-5,-5,-4,-5,-4,-5,-4,-5,-4,-5,-4,-5,-4,-5,-4,-5,0,0,-4,-4,-4,-5,-4,-5,-4,-4,-3,-4,-4,-4,-4,-4,-3,-4,-3,-4,-3,-4,-3,-4,-3,-4,-3,-4,-3,-4,-2,-4,-3,-4,-3,-4,-2,-3,-2,-3,-3,-3,-3,-4,-3,-4,-2,-4,-2,-4,-2,-4,-2,-4,0,0,0,0,0,0,0,0,0,0,0,0,0,0,-2,-33,-5,-32,-11,-33,-10,-30,-11,-32,-13,-31,-15,-31,-18,-33,-16,-31,-18,-31,-19,-32,-18,-31,-19,-32,-20,-32,-17,-32,-19,-30,-20,-36,-21,-32,-16,-33,-15,-29,-18,-33,-14,-29,-20,-27,-14,-32,-15,-27,-15,-33,-14,-28,-17,-26,-17,-28,-19,-27,-15,-24,-14,-26,-14,-28,-15,-27,-14,-21,-12,-29,-15,-24,-14,-24,-9,-26,-11,-24,-11,-22,-11,-24,-12,-24,-12,-24,-9,-24,-10,-21,-7,-22,-6,-25,-8,-20,-8,-18,-7,-19,-8,-19,-6,-20,-5,-21,-4,-19,-6,-21,-3,-22,0,0,0,0,0,0,0,0,0,0,0,0,0,0,0,0,0,0,0,0,0,0,50,16,50,14,50,19,51,19,53,23,55,26,56,25,59,28,65,35,62,32,61,35,63,35,73,38,68,43,65,47,59,49,68,50,60,50,59,44,58,54,57,53,62,59,58,51,60,49,57,52,62,47,53,51,55,49,49,46,57,46,48,39,50,42,50,41,51,34,48,40,51,36,47,31,53,28,51,29,56,30,53,29,50,25,49,23,51,22,46,18,47,16,48,17,44,16,44,13,43,11,42,11,42,7,41,9,33,4,41,5,37,3,37,-1,0,0]"
CSI_DATA,230,2a:00:00:00:00:00,-43,11,1,0,1,1,1,0,0,0,1,-96,0,11,2,3350714,0,44,0,384,0,"[0,0,0,0,0,0,0,0,0,0,0,0,4,-5,4,-5,4,-5,4,-5,4,-5,4,-5,4,-6,4,-5,5,-5,4,-5,4,-5,4,-6,4,-5,4,-5,4,-5,4,-6,4,-5,4,-5,3,-5,3,-5,4,-4,3,-5,4,-5,3,-5,3,-5,3,-4,0,0,3,-4,3,-4,3,-4,3,-4,3,-4,3,-4,3,-4,3,-4,3,-4,3,-4,3,-4,3,-3,3,-3,2,-3,3,-3,3,-3,3,-3,3,-3,3,-3,2,-3,3,-3,2,-3,3,-3,3,-3,3,-2,3,-2,0,0,0,0,0,0,0,0,0,0,0,0,0,0,30,-12,31,-9,28,-17,27,-14,29,-20,26,-18,24,-22,29,-20,25,-24,27,-21,25,-23,26,-26,29,-24,26,-25,28,-24,25,-25,29,-26,23,-26,28,-23,28,-23,27,-24,28,-20,23,-25,25,-21,20,-20,22,-23,23,-23,20,-22,21,-21,26,-22,21,-18,22,-19,19,-20,21,-19,17,-19,17,-19,17,-19,20,-20,19,-14,19,-15,18,-16,20,-13,18,-15,19,-19,15,-13,20,-14,20,-12,14,-15,19,-12,17,-10,18,-13,17,-9,17,-10,18,-13,18,-12,20,-9,18,-8,0,0,0,0,0,0,0,0,0,0,0,0,0,0,0,0,0,0,0,0,0,0,-10,53,-12,51,-12,51,-15,57,-17,55,-20,57,-20,60,-21,61,-26,65,-26,64,-28,64,-28,68,-28,76,-33,72,-38,66,-42,66,-43,72,-46,68,-40,66,-43,63,-46,63,-48,67,-45,63,-44,63,-46,64,-41,68,-43,59,-43,58,-42,59,-40,59,-36,54,-37,56,-35,55,-28,54,-32,56,-29,56,-24,53,-23,57,-21,54,-18,57,-21,52,-17,55,-17,54,-15,54,-14,47,-8,50,-9,48,-10,46,-6,43,-5,43,0,42,-2,44,-3,43,-1,37,2,39,4,38,6,35,0,0]"
CSI_DATA,231,2a:00:00:00:00:00,-43,11,1,0,1,1,1,0,0,0,1,-96,0,11,2,3360651,0,44,0,384,0,"[0,0,0,0,0,0,0,0,0,0,0,0,3,-6,2,-6,2,-6,2,-7,2,-7,2,-6,2,-7,2,-7,2,-7,2,-7,2,-7,2,-7,2,-7,2,-7,2,-6,2,-7,2,-6,2,-6,1,-6,1,-6,1,-5,1,-6,2,-6,1,-6,1,-6,2,-5,0,0,1,-5,1,-5,1,-5,1,-6,1,-5,1,-5,1,-5,1,-5,2,-5,2,-5,2,-5,1,-4,1,-4,1,-4,2,-4,2,-4,1,-4,1,-4,2,-4,1,-4,2,-4,1,-4,1,-4,2,-4,2,-3,2,-3,0,0,0,0,0,0,0,0,0,0,0,0,0,0,22,-27,16,-25,14,-30,14,-30,13,-30,11,-31,11,-31,10,-33,10,-33,15,-34,8,-35,9,-34,7,-34,11,-35,12,-32,9,-36,12,-38,10,-34,8,-35,10,-34,9,-36,13,-30,6,-32,6,-31,8,-31,7,-31,9,-30,8,-29,6,-30,9,-32,11,-28,10,-28,6,-25,8,-26,6,-25,8,-25,4,-28,7,-26,7,-26,9,-24,11,-23,10,-23,11,-24,8,-25,7,-23,11,-20,9,-20,9,-19,11,-19,8,-19,8,-21,7,-19,8,-19,9,-21,10,-20,13,-16,13,-16,0,0,0,0,0,0,0,0,0,0,0,0,0,0,0,0,0,0,0,0,0,0,22,47,19,49,20,50,19,56,18,56,16,61,18,58,17,62,19,72,14,70,10,71,12,70,15,79,10,79,5,77,3,78,6,84,-1,78,3,74,0,78,1,77,-1,83,-1,77,-5,76,-7,77,3,77,-5,73,-2,74,-3,69,3,72,1,61,0,68,6,64,9,60,6,63,8,63,7,58,13,59,12,59,15,61,13,56,16,54,15,53,19,51,13,48,16,50,19,45,21,44,20,42,18,42,21,36,18,36,20,37,19,31,22,32,23,29,26,26,0,0]"
CSI_DATA,232,2a:00:00:00:00:00,-43,11,1,0,1,1,1,0,0,0,1,-96,0,11,2,3370675,0,44,0,384,0,"[0,0,0,0,0,0,0,0,0,0,0,0,-6,-3,-6,-3,-6,-2,-7,-3,-6,-3,-7,-3,-7,-2,-7,-2,-7,-2,-7,-2,-7,-3,-7,-2,-7,-3,-7,-3,-6,-3,-7,-2,-7,-2,-6,-2,-6,-2,-6,-2,-6,-3,-6,-2,-6,-2,-6,-2,-6,-3,-6,-2,0,0,-5,-2,-5,-3,-6,-2,-5,-2,-5,-3,-5,-2,-5,-2,-5,-3,-5,-2,-4,-2,-4,-2,-4,-3,-4,-3,-4,-3,-4,-2,-4,-2,-4,-3,-4,-2,-4,-2,-4,-2,-4,-2,-3,-2,-3,-3,-3,-3,-4,-3,-3,-3,0,0,0,0,0,0,0,0,0,0,0,0,0,0,-23,-25,-21,-27,-24,-22,-26,-22,-28,-22,-25,-19,-30,-20,-31,-20,-29,-18,-31,-20,-33,-18,-32,-18,-33,-19,-30,-19,-31,-17,-33,-17,-35,-21,-32,-18,-30,-20,-32,-19,-33,-18,-30,-19,-29,-16,-26,-19,-27,-18,-28,-17,-27,-17,-26,-15,-26,-18,-29,-15,-26,-12,-25,-14,-22,-15,-23,-16,-26,-14,-21,-15,-21,-16,-21,-14,-20,-17,-21,-14,-23,-16,-20,-16,-18,-18,-18,-15,-16,-14,-18,-15,-18,-15,-16,-18,-17,-12,-17,-14,-17,-14,-16,-16,-15,-14,-14,-18,-17,-18,-16,-17,-12,-17,0,0,0,0,0,0,0,0,0,0,0,0,0,0,0,0,0,0,0,0,0,0,48,-19,48,-19,52,-15,53,-17,59,-13,59,-11,59,-15,62,-11,71,-14,70,-9,73,-7,72,-8,80,-11,78,-3,76,1,79,5,83,0,79,8,77,6,78,8,76,9,82,13,78,10,78,9,79,10,76,4,71,13,71,9,70,10,72,8,59,8,64,6,68,5,61,1,65,7,60,2,58,-3,60,-3,58,-5,61,-7,57,-3,57,-11,55,-8,54,-11,48,-10,50,-12,50,-11,47,-13,47,-13,45,-12,40,-14,41,-16,41,-14,37,-14,37,-18,33,-18,28,-15,0,0]"
CSI_DATA,233,2a:00:00:00:00:00,-43,11,1,0,1,1,1,0,0,0,1,-96,0,11,2,3383021,0,44,0,384,0,"[0,0,0,0,0,0,0,0,0,0,0,0,-3,-6,-3,-6,-4,-6,-4,-6,-4,-6,-3,-6,-4,-6,-4,-6,-4,-6,-4,-6,-4,-6,-4,-6,-4,-6,-4,-6,-4,-6,-4,-6,-4,-5,-4,-6,-4,-5,-4,-5,-4,-5,-4,-5,-3,-5,-4,-5,-4,-5,-3,-5,0,0,-3,-5,-4,-5,-4,-5,-3,-5,-3,-5,-3,-5,-3,-4,-3,-5,-3,-4,-2,-4,-2,-4,-3,-4,-3,-4,-3,-4,-2,-4,-2,-4,-2,-4,-2,-4,-2,-4,-2,-4,-2,-4,-2,-4,-2,-4,-2,-4,-2,-4,-1,-4,0,0,0,0,0,0,0,0,0,0,0,0,0,0,-2,-33,-6,-33,-6,-34,-8,-31,-14,-31,-13,-32,-14,-31,-16,-30,-15,-31,-16,-31,-18,-28,-19,-30,-20,-32,-16,-32,-17,-30,-18,-29,-20,-36,-20,-33,-16,-31,-19,-30,-18,-31,-18,-27,-20,-26,-17,-29,-16,-29,-20,-30,-14,-27,-19,-27,-14,-28,-16,-25,-15,-25,-16,-24,-15,-26,-17,-26,-16,-21,-13,-25,-17,-25,-15,-26,-14,-21,-13,-22,-14,-22,-11,-22,-12,-23,-13,-25,-10,-23,-10,-20,-12,-21,-12,-21,-10,-16,-11,-17,-12,-18,-10,-20,-9,-18,-9,-22,-8,-20,-6,-21,-6,-20,0,0,0,0,0,0,0,0,0,0,0,0,0,0,0,0,0,0,0,0,0,0,48,23,46,23,50,26,49,30,50,32,49,30,51,33,52,39,59,43,54,45,54,49,57,47,65,50,59,52,53,54,57,56,59,58,53,59,52,53,53,58,51,57,52,64,50,59,51,59,47,61,52,58,44,55,46,56,46,55,47,52,44,43,44,49,47,44,47,40,47,46,47,38,46,37,47,35,46,35,51,35,47,33,51,28,46,29,50,26,43,21,47,19,45,19,44,20,44,17,42,16,39,15,41,10,39,10,35,6,39,8,40,5,36,4,0,0]"
CSI_DATA,234,2a:00:00:00:00:00,-43,11,1,0,1,1,1,0,0,0,1,-96,0,11,2,3400745,0,44,0,384,0,"[0,0,0,0,0,0,0,0,0,0,0,0,2,-6,1,-7,1,-7,1,-7,1,-7,1,-7,1,-7,1,-7,1,-7,0,-7,1,-7,1,-7,1,-7,1,-7,1,-7,1,-7,1,-7,1,-6,0,-6,1,-6,1,-6,1,-6,1,-6,0,-6,1,-6,1,-6,0,0,1,-6,1,-6,1,-6,1,-5,1,-5,1,-5,1,-5,1,-5,1,-5,1,-5,1,-5,1,-5,1,-5,1,-4,1,-4,1,-4,1,-4,1,-4,1,-4,1,-4,1,-4,1,-4,1,-4,1,-4,2,-4,2,-3,0,0,0,0,0,0,0,0,0,0,0,0,0,0,24,-22,19,-26,16,-29,18,-26,18,-29,14,-27,14,-31,15,-32,14,-32,14,-30,13,-33,12,-31,15,-36,14,-34,14,-32,11,-34,14,-38,12,-34,14,-31,16,-33,12,-35,12,-33,9,-31,13,-31,11,-27,12,-31,12,-29,11,-31,12,-30,13,-31,12,-24,14,-27,10,-27,8,-27,10,-26,10,-24,10,-24,10,-25,12,-25,9,-23,12,-20,11,-21,10,-24,8,-24,10,-22,13,-19,10,-16,8,-21,11,-17,11,-16,10,-18,10,-16,12,-20,12,-19,11,-20,15,-18,14,-13,0,0,0,0,0,0,0,0,0,0,0,0,0,0,0,0,0,0,0,0,0,0,19,47,14,52,18,52,14,55,13,56,12,59,10,59,11,63,11,72,10,69,7,70,9,72,14,79,5,77,0,78,-2,77,2,80,-3,78,-2,74,-5,79,-6,74,-10,84,-9,75,-5,76,-11,76,-3,77,-9,72,-9,71,-7,70,-3,71,-2,61,-4,68,-3,64,0,62,-1,67,2,64,5,58,5,61,7,56,11,61,6,56,12,56,14,51,15,54,10,47,16,47,12,45,13,43,17,42,15,42,17,38,17,39,17,40,15,30,20,33,21,29,22,30,0,0]"
CSI_DATA,235,2a:00:00:00:00:00,-43,11,1,0,1,1,1,0,0,0,1,-96,0,11,2,3460653,0,44,0,384,0,"[0,0,0,0,0,0,0,0,0,0,0,0,1,-7,1,-7,0,-7,0,-7,0,-7,1,-7,0,-7,0,-7,0,-7,0,-7,0,-7,0,-7,0,-7,0,-7,0,-6,0,-7,0,-7,0,-7,0,-6,0,-6,0,-6,0,-6,0,-6,-1,-6,0,-6,0,-6,0,0,0,-6,0,-6,0,-6,0,-6,0,-5,0,-6,0,-5,0,-5,0,-5,0,-5,0,-5,0,-5,0,-5,0,-5,1,-4,0,-4,0,-5,0,-4,0,-4,0,-4,0,-4,0,-4,0,-4,1,-4,1,-4,1,-4,0,0,0,0,0,0,0,0,0,0,0,0,0,0,17,-26,16,-29,14,-29,14,-29,11,-31,9,-28,9,-35,11,-34,8,-34,10,-34,8,-35,10,-35,8,-38,8,-37,10,-35,4,-36,7,-37,6,-35,7,-32,9,-32,6,-37,8,-34,5,-33,5,-33,7,-28,9,-31,9,-28,7,-32,7,-30,7,-31,7,-26,8,-28,7,-27,3,-30,5,-26,8,-28,3,-30,7,-29,8,-27,7,-25,8,-24,11,-25,4,-25,10,-23,8,-21,8,-21,10,-19,7,-25,7,-21,6,-20,10,-20,10,-19,9,-20,8,-20,9,-21,11,-15,13,-18,0,0,0,0,0,0,0,0,0,0,0,0,0,0,0,0,0,0,0,0,0,0,27,40,28,45,26,47,27,52,27,55,22,52,24,55,21,59,23,67,23,66,19,69,22,70,26,79,18,77,12,73,13,79,16,79,8,77,12,73,8,77,6,75,6,80,4,77,5,78,4,75,11,76,4,71,4,70,1,71,7,69,8,62,6,69,9,63,11,62,8,66,13,60,12,57,15,58,16,54,21,58,15,54,22,51,19,46,21,50,22,45,19,43,19,42,21,41,21,39,23,40,24,34,23,34,23,35,23,33,24,31,26,26,27,25,0,0]"
CSI_DATA,236,2a:00:00:00:00:00,-43,11,1,0,1,1,1,0,0,0,1,-96,0,11,2,3480672,0,44,0,384,0,"[0,0,0,0,0,0,0,0,0,0,0,0,-4,4,-4,4,-3,5,-4,5,-4,5,-4,5,-4,5,-4,5,-4,5,-4,5,-4,5,-4,5,-4,5,-4,5,-4,5,-4,5,-4,5,-4,5,-3,4,-3,4,-3,4,-3,4,-4,4,-3,4,-3,4,-4,4,0,0,-3,4,-3,4,-3,4,-3,4,-3,4,-3,4,-3,4,-3,4,-3,3,-3,3,-4,3,-3,3,-3,3,-3,3,-3,3,-3,3,-3,3,-3,2,-3,3,-3,2,-3,2,-3,2,-3,2,-3,2,-3,2,-3,2,0,0,0,0,0,0,0,0,0,0,0,0,0,0,-28,21,-25,22,-23,27,-22,23,-21,27,-20,27,-18,29,-21,32,-17,29,-18,30,-17,29,-18,30,-18,34,-18,31,-21,29,-19,32,-18,35,-17,30,-18,27,-17,31,-19,34,-20,27,-13,28,-17,29,-15,27,-14,28,-16,24,-14,29,-16,26,-20,29,-15,25,-16,25,-14,25,-13,26,-15,26,-13,25,-13,24,-15,24,-16,23,-17,20,-15,23,-19,20,-14,21,-12,20,-14,22,-14,18,-14,17,-13,22,-12,16,-13,15,-14,16,-14,14,-13,18,-11,16,-14,16,-17,14,-18,15,0,0,0,0,0,0,0,0,0,0,0,0,0,0,0,0,0,0,0,0,0,0,-8,-50,-2,-55,-5,-56,-6,-59,0,-57,0,-62,2,-60,5,-64,2,-75,6,-72,12,-76,9,-75,10,-80,14,-79,20,-75,16,-74,14,-84,22,-77,22,-78,18,-77,19,-76,22,-82,25,-77,22,-76,27,-75,21,-75,24,-70,22,-73,20,-68,19,-73,15,-60,17,-69,12,-65,12,-62,10,-64,9,-63,7,-58,7,-62,3,-63,1,-62,2,-59,0,-57,-4,-57,-5,-56,-5,-52,-8,-54,-7,-50,-7,-48,-10,-45,-9,-48,-10,-42,-12,-42,-8,-43,-11,-35,-17,-42,-17,-36,-15,-33,0,0]"
CSI_DATA,237,2a:00:00:00:00:00,-43,11,1,0,1,1,1,0,0,0,1,-96,0,11,2,3490653,0,44,0,384,0,"[0,0,0,0,0,0,0,0,0,0,0,0,2,5,3,5,3,5,3,5,3,5,3,5,3,5,4,5,3,5,3,4,4,5,4,4,4,5,4,4,3,5,3,5,3,4,3,4,3,4,3,4,3,4,3,4,2,4,3,4,3,4,3,4,0,0,3,3,3,4,3,4,3,3,2,3,2,4,3,4,3,3,2,3,2,3,2,3,2,3,2,3,2,3,1,3,1,3,2,3,1,2,1,3,1,2,1,3,1,3,1,3,1,3,1,3,1,3,0,0,0,0,0,0,0,0,0,0,0,0,0,0,-7,32,-4,31,-1,33,4,31,7,34,3,34,8,35,8,36,7,32,9,33,9,32,12,33,8,36,12,33,7,33,11,35,10,35,10,35,8,34,9,31,12,35,11,30,11,29,11,33,11,28,9,33,6,26,12,30,10,31,11,27,9,27,12,29,7,28,9,25,13,23,8,26,10,25,9,24,7,23,9,23,6,23,7,20,5,24,8,29,3,25,7,21,4,23,6,22,4,18,4,17,4,22,4,17,4,23,4,21,1,22,2,22,-1,20,0,0,0,0,0,0,0,0,0,0,0,0,0,0,0,0,0,0,0,0,0,0,-41,-35,-39,-38,-37,-36,-38,-45,-39,-43,-39,-46,-40,-44,-43,-49,-47,-57,-43,-55,-41,-59,-43,-59,-49,-65,-44,-67,-40,-70,-35,-67,-42,-73,-38,-69,-39,-66,-36,-69,-38,-65,-38,-76,-34,-66,-36,-70,-35,-71,-39,-67,-29,-66,-34,-69,-29,-63,-38,-65,-33,-54,-33,-59,-36,-55,-38,-52,-35,-53,-38,-51,-36,-44,-37,-48,-37,-46,-41,-46,-40,-48,-42,-41,-40,-39,-42,-39,-38,-35,-40,-31,-41,-27,-37,-30,-37,-26,-37,-28,-37,-27,-37,-23,-38,-22,-33,-18,-37,-18,-36,-15,-34,-13,0,0]"
CSI_DATA,238,2a:00:00:00:00:00,-43,11,1,0,1,1,1,0,0,0,1,-96,0,11,2,3510678,0,44,0,384,0,"[0,0,0,0,0,0,0,0,0,0,0,0,0,-7,-1,-7,-1,-7,-1,-7,-1,-7,-1,-7,-1,-7,-1,-7,-1,-7,-1,-7,-1,-7,-1,-7,-1,-7,-2,-7,-1,-7,-1,-7,-1,-7,-1,-6,-1,-6,-1,-6,-1,-6,-1,-6,-1,-6,-1,-6,-1,-6,-1,-6,0,0,-1,-6,-1,-6,-1,-6,-1,-5,-1,-5,-1,-6,-1,-6,-1,-5,-1,-5,0,-5,0,-5,-1,-5,-1,-5,0,-5,0,-4,0,-5,-1,-5,0,-4,0,-4,0,-4,0,-4,0,-5,0,-4,0,-5,0,-4,1,-4,0,0,0,0,0,0,0,0,0,0,0,0,0,0,19,-28,17,-23,13,-28,14,-30,8,-30,10,-31,6,-33,8,-35,8,-32,7,-33,8,-32,8,-34,9,-37,10,-33,9,-33,7,-35,10,-38,7,-37,7,-35,7,-30,6,-36,8,-31,7,-35,9,-29,10,-29,8,-32,5,-27,6,-31,6,-32,2,-31,6,-28,11,-28,8,-26,7,-31,6,-25,8,-26,9,-26,6,-29,10,-28,6,-23,8,-23,9,-21,8,-25,10,-25,11,-23,10,-20,9,-19,11,-23,8,-19,9,-17,9,-18,12,-18,12,-21,8,-17,11,-16,11,-17,14,-19,0,0,0,0,0,0,0,0,0,0,0,0,0,0,0,0,0,0,0,0,0,0,36,37,34,39,32,40,33,46,32,45,33,47,29,52,30,55,35,65,34,55,35,62,34,63,39,70,32,70,28,72,25,68,28,79,21,71,26,72,14,74,15,75,18,82,14,71,21,71,17,75,22,71,17,69,15,74,11,68,18,69,15,58,17,66,15,61,15,63,13,63,17,61,17,54,22,53,24,52,26,55,24,55,26,48,22,51,26,47,24,42,21,42,20,46,24,38,24,39,24,36,26,33,27,31,25,37,24,28,29,30,27,26,29,25,0,0]"
CSI_DATA,239,2a:00:00:00:00:00,-43,11,1,0,1,1,1,0,0,0,1,-96,0,11,2,3521963,0,44,0,384,0,"[0,0,0,0,0,0,0,0,0,0,0,0,-5,3,-5,3,-5,4,-5,4,-5,4,-5,4,-5,4,-5,4,-5,4,-5,4,-5,4,-5,4,-5,4,-5,4,-5,3,-5,4,-4,4,-5,4,-4,3,-4,4,-4,3,-4,3,-4,3,-4,3,-4,3,-4,3,0,0,-4,3,-4,3,-4,3,-4,3,-3,2,-4,3,-4,3,-4,3,-4,3,-4,3,-4,3,-4,2,-3,2,-3,2,-4,2,-4,2,-3,2,-3,2,-4,2,-3,2,-3,2,-3,1,-3,2,-3,1,-4,1,-4,1,0,0,0,0,0,0,0,0,0,0,0,0,0,0,-29,16,-25,19,-23,23,-23,19,-21,27,-23,24,-19,24,-23,29,-19,27,-22,28,-17,28,-19,31,-22,31,-18,28,-21,28,-20,31,-20,32,-19,30,-19,29,-17,28,-21,32,-19,25,-13,28,-15,25,-14,25,-16,27,-16,24,-12,26,-16,24,-15,27,-15,24,-14,29,-13,21,-12,26,-13,23,-13,20,-14,23,-13,23,-12,21,-14,22,-16,21,-15,23,-13,20,-12,19,-11,20,-16,19,-15,17,-12,19,-15,17,-14,17,-13,18,-11,18,-12,17,-13,17,-11,16,-17,16,-16,15,0,0,0,0,0,0,0,0,0,0,0,0,0,0,0,0,0,0,0,0,0,0,5,-53,5,-54,5,-51,6,-59,8,-55,13,-59,11,-58,13,-62,15,-69,19,-68,22,-69,19,-71,19,-76,24,-72,29,-72,29,-71,28,-78,32,-69,29,-70,29,-68,31,-68,36,-74,33,-68,32,-69,34,-69,25,-70,32,-64,29,-67,31,-60,27,-68,22,-54,25,-62,22,-58,17,-59,20,-62,18,-60,14,-58,12,-58,10,-55,12,-59,9,-57,3,-57,4,-58,3,-54,3,-51,-2,-52,-4,-51,-2,-49,-5,-44,-5,-44,-4,-40,-8,-44,-5,-42,-8,-37,-11,-43,-16,-39,-13,-33,0,0]"
CSI_DATA,240,2a:00:00:00:00:00,-43,11,1,0,1,1,1,0,0,0,1,-96,0,11,2,3530708,0,44,0,384,0,"[0,0,0,0,0,0,0,0,0,0,0,0,-1,5,0,5,0,6,0,6,0,6,0,6,0,6,0,6,0,6,0,6,0,6,0,6,0,6,0,6,0,6,0,6,0,6,0,5,0,5,0,5,0,5,0,5,0,5,0,5,0,5,0,5,0,0,0,5,0,5,0,5,0,5,0,4,0,4,0,4,0,4,-1,4,-1,4,-1,4,0,4,0,4,0,3,-1,3,-1,3,0,4,-1,3,-1,3,-1,3,-1,3,-1,3,-1,3,-1,3,-1,3,-2,3,0,0,0,0,0,0,0,0,0,0,0,0,0,0,-12,31,-13,28,-5,32,-6,31,-4,31,-4,35,1,32,-2,36,-3,29,-1,36,0,32,-1,35,-1,36,-2,35,-2,33,0,35,0,38,-1,36,0,36,-2,30,1,37,-4,29,5,35,-1,29,0,31,-2,30,1,29,1,32,1,31,2,30,0,28,0,29,2,25,2,31,2,24,2,28,1,28,0,27,-1,26,-2,23,-1,23,-3,21,-5,24,-2,25,-2,24,-3,21,-5,23,-2,25,-6,21,-5,19,-3,20,-3,17,-1,20,-4,16,-6,20,-7,19,-10,19,0,0,0,0,0,0,0,0,0,0,0,0,0,0,0,0,0,0,0,0,0,0,-33,-39,-34,-44,-32,-41,-36,-48,-31,-45,-34,-55,-31,-50,-34,-55,-37,-62,-32,-57,-33,-62,-32,-65,-39,-68,-34,-72,-31,-77,-26,-69,-32,-80,-24,-69,-28,-76,-24,-72,-23,-72,-23,-79,-20,-66,-22,-71,-20,-75,-27,-71,-17,-70,-22,-74,-16,-64,-23,-73,-18,-55,-20,-68,-24,-61,-27,-59,-28,-59,-24,-56,-24,-51,-29,-54,-28,-50,-30,-54,-31,-54,-30,-44,-33,-47,-29,-43,-32,-42,-32,-40,-33,-38,-31,-38,-31,-36,-26,-30,-33,-30,-30,-31,-35,-32,-25,-23,-32,-25,-34,-23,-28,-19,0,0]"
CSI_DATA,241,2a:00:00:00:00:00,-43,11,1,0,1,1,1,0,0,0,1,-96,0,11,2,3540981,0,44,0,384,0,"[0,0,0,0,0,0,0,0,0,0,0,0,-5,4,-5,4,-5,4,-5,4,-5,4,-5,4,-5,5,-5,4,-5,5,-5,5,-5,5,-5,5,-5,5,-4,5,-5,4,-5,5,-4,4,-4,4,-4,4,-4,4,-4,4,-4,4,-4,4,-4,4,-4,4,-4,4,0,0,-4,4,-4,4,-4,3,-4,4,-3,3,-4,3,-4,3,-4,3,-4,3,-4,3,-4,3,-3,2,-3,2,-3,2,-4,3,-4,3,-3,2,-3,2,-3,2,-3,2,-4,2,-3,2,-3,2,-4,2,-4,2,-4,1,0,0,0,0,0,0,0,0,0,0,0,0,0,0,-32,12,-28,11,-26,19,-28,20,-26,20,-26,22,-25,23,-25,25,-25,24,-26,23,-26,25,-23,25,-25,27,-25,27,-25,25,-25,26,-25,29,-25,26,-21,27,-26,24,-27,26,-24,22,-20,27,-23,22,-20,20,-24,21,-20,20,-19,24,-20,19,-19,24,-19,21,-22,22,-19,23,-19,21,-19,21,-20,18,-17,22,-17,19,-18,20,-19,19,-21,21,-21,18,-19,16,-17,18,-17,14,-21,15,-20,12,-16,15,-19,15,-17,13,-20,10,-16,14,-17,15,-17,12,-19,13,-22,10,-21,8,0,0,0,0,0,0,0,0,0,0,0,0,0,0,0,0,0,0,0,0,0,0,-1,-49,6,-51,4,-50,7,-59,10,-55,10,-61,10,-59,13,-63,15,-69,15,-66,22,-68,20,-70,19,-80,26,-72,28,-71,30,-71,29,-81,33,-71,27,-70,32,-70,32,-70,35,-72,35,-69,32,-70,38,-69,32,-68,34,-62,34,-63,31,-61,32,-66,25,-55,27,-62,23,-61,22,-56,25,-60,22,-57,15,-56,18,-59,16,-56,15,-57,12,-56,9,-58,10,-54,8,-55,4,-51,7,-49,5,-51,3,-48,-1,-47,2,-47,-1,-41,-4,-43,-1,-44,-5,-37,-6,-41,-9,-37,-9,-35,0,0]"
CSI_DATA,242,2a:00:00:00:00:00,-43,11,1,0,1,1,1,0,0,0,1,-96,0,11,2,3552908,0,44,0,384,0,"[0,0,0,0,0,0,0,0,0,0,0,0,-6,-3,-6,-2,-7,-2,-7,-2,-7,-2,-7,-2,-7,-2,-7,-2,-7,-2,-7,-2,-7,-2,-7,-1,-7,-2,-7,-2,-7,-2,-7,-2,-7,-1,-6,-2,-6,-2,-6,-2,-6,-2,-6,-2,-6,-2,-6,-2,-6,-2,-6,-2,0,0,-6,-1,-6,-2,-6,-2,-6,-1,-5,-2,-6,-2,-5,-2,-5,-2,-5,-2,-5,-2,-5,-2,-5,-2,-5,-2,-4,-2,-4,-2,-5,-2,-4,-2,-4,-2,-4,-2,-4,-2,-4,-2,-4,-2,-4,-2,-4,-2,-4,-2,-4,-3,0,0,0,0,0,0,0,0,0,0,0,0,0,0,-27,-19,-26,-18,-32,-15,-30,-14,-33,-13,-32,-10,-33,-10,-33,-11,-34,-10,-36,-7,-35,-8,-36,-7,-38,-10,-35,-9,-34,-7,-37,-7,-39,-9,-36,-9,-35,-9,-35,-8,-37,-7,-35,-6,-32,-5,-31,-9,-33,-7,-30,-10,-31,-5,-35,-6,-28,-7,-32,-5,-28,-5,-31,-5,-28,-6,-31,-6,-28,-6,-27,-9,-27,-7,-26,-6,-27,-9,-28,-7,-28,-6,-26,-9,-26,-8,-25,-9,-24,-9,-24,-8,-25,-6,-23,-9,-23,-7,-22,-7,-23,-6,-23,-7,-21,-8,-20,-10,-19,-11,-17,-10,-21,-12,0,0,0,0,0,0,0,0,0,0,0,0,0,0,0,0,0,0,0,0,0,0,44,-23,48,-22,47,-22,53,-23,56,-21,57,-21,54,-22,60,-20,69,-23,65,-20,71,-17,69,-21,80,-24,77,-15,78,-12,77,-8,83,-13,77,-6,77,-11,74,-6,75,-6,82,-6,78,-5,79,-5,79,-2,77,-8,73,-2,75,-3,70,-1,73,-5,63,-7,68,-5,64,-9,62,-12,66,-9,60,-13,58,-14,61,-17,56,-16,61,-20,57,-17,54,-20,51,-21,51,-25,46,-20,48,-21,43,-21,44,-23,39,-23,40,-20,38,-23,36,-25,37,-26,30,-23,33,-27,29,-27,25,-29,0,0]"
CSI_DATA,243,2a:00:00:00:00:00,-43,11,1,0,1,1,1,0,0,0,1,-96,0,11,2,3563096,0,44,0,384,0,"[0,0,0,0,0,0,0,0,0,0,0,0,4,-4,4,-5,4,-5,4,-5,4,-5,4,-5,4,-5,4,-5,4,-5,4,-5,4,-5,4,-5,4,-5,4,-5,4,-5,4,-5,3,-5,3,-5,3,-4,3,-4,3,-4,3,-4,3,-4,3,-4,3,-4,3,-5,0,0,3,-4,3,-4,3,-4,3,-5,3,-4,3,-4,2,-4,2,-4,3,-4,3,-4,3,-4,2,-3,2,-3,2,-3,3,-3,3,-3,2,-3,2,-3,2,-3,2,-3,2,-3,2,-3,2,-3,3,-2,3,-2,3,-2,0,0,0,0,0,0,0,0,0,0,0,0,0,0,25,-19,23,-16,24,-24,21,-23,21,-25,20,-25,18,-23,21,-29,17,-27,21,-28,18,-29,19,-27,19,-31,17,-30,22,-28,18,-32,20,-32,17,-32,17,-29,18,-29,18,-31,20,-26,15,-28,15,-26,18,-23,17,-26,14,-25,16,-27,15,-27,14,-29,15,-27,16,-26,15,-24,14,-25,14,-25,13,-24,11,-21,13,-22,15,-22,16,-21,16,-19,16,-22,15,-19,15,-20,13,-18,15,-17,15,-18,13,-16,16,-16,15,-19,14,-17,14,-15,14,-17,14,-18,16,-16,16,-12,19,-13,0,0,0,0,0,0,0,0,0,0,0,0,0,0,0,0,0,0,0,0,0,0,13,49,9,52,12,49,6,56,3,53,5,61,5,60,5,62,4,70,0,66,-4,70,-2,72,0,77,-8,76,-9,74,-12,75,-9,83,-16,74,-12,76,-15,72,-14,72,-19,78,-18,71,-20,76,-20,73,-16,76,-20,67,-18,73,-19,66,-17,71,-13,59,-14,65,-11,61,-7,60,-11,66,-5,60,-4,56,-4,59,-1,58,0,59,-1,55,2,57,1,56,-1,52,4,49,7,50,5,45,5,47,6,43,9,44,6,40,10,42,8,40,9,35,11,37,13,36,13,31,0,0]"
CSI_DATA,244,2a:00:00:00:00:00,-43,11,1,0,1,1,1,0,0,0,1,-96,0,11,2,3570670,0,44,0,384,0,"[0,0,0,0,0,0,0,0,0,0,0,0,-6,-2,-7,-2,-7,-2,-7,-2,-7,-2,-7,-2,-7,-2,-7,-2,-7,-2,-7,-1,-7,-1,-7,-1,-7,-2,-7,-1,-7,-2,-7,-1,-7,-1,-6,-1,-6,-1,-6,-2,-6,-2,-6,-2,-6,-1,-6,-1,-6,-1,-6,-1,0,0,-6,-1,-6,-1,-6,-1,-6,-1,-6,-2,-6,-2,-6,-2,-5,-2,-5,-1,-5,-1,-5,-1,-5,-2,-5,-2,-5,-2,-4,-1,-5,-1,-4,-2,-4,-1,-4,-2,-4,-1,-4,-2,-4,-2,-4,-2,-4,-2,-4,-2,-4,-2,0,0,0,0,0,0,0,0,0,0,0,0,0,0,-28,-17,-30,-14,-30,-12,-30,-9,-36,-9,-34,-7,-33,-7,-37,-7,-34,-5,-35,-7,-38,-4,-36,-6,-40,-5,-36,-6,-36,-4,-36,-1,-39,-6,-37,-5,-33,-5,-35,-5,-37,-5,-34,-5,-31,-3,-32,-7,-32,-7,-31,-6,-33,-4,-31,-4,-32,-5,-31,0,-31,-1,-31,-5,-29,-4,-30,-4,-27,-1,-27,-9,-27,-6,-28,-5,-28,-9,-25,-3,-27,-4,-27,-5,-25,-4,-24,-6,-25,-8,-27,-3,-24,-5,-23,-7,-20,-5,-21,-4,-24,-5,-21,-6,-21,-5,-21,-10,-19,-8,-22,-9,-21,-12,0,0,0,0,0,0,0,0,0,0,0,0,0,0,0,0,0,0,0,0,0,0,41,-32,42,-30,48,-30,50,-30,51,-27,52,-28,52,-27,60,-29,64,-31,64,-29,68,-25,68,-28,71,-31,74,-24,74,-20,77,-21,76,-24,80,-16,71,-20,74,-15,76,-13,82,-13,77,-14,75,-13,78,-14,76,-17,71,-11,70,-13,71,-14,72,-16,64,-16,66,-13,65,-17,58,-19,65,-16,60,-22,58,-21,56,-22,55,-24,57,-27,53,-23,51,-31,49,-26,48,-27,43,-25,46,-27,45,-27,39,-25,39,-25,39,-27,36,-26,31,-30,33,-27,29,-25,29,-28,25,-26,26,-29,0,0]"
CSI_DATA,245,2a:00:00:00:00:00,-43,11,1,0,1,1,1,0,0,0,1,-96,0,11,2,3610700,0,44,0,384,0,"[0,0,0,0,0,0,0,0,0,0,0,0,-3,-6,-3,-6,-4,-6,-3,-6,-4,-6,-3,-6,-4,-6,-4,-6,-4,-6,-4,-6,-3,-6,-4,-6,-4,-6,-4,-6,-3,-6,-4,-6,-4,-5,-3,-6,-4,-5,-4,-5,-3,-5,-4,-5,-3,-5,-4,-5,-4,-5,-3,-5,0,0,-3,-5,-4,-5,-4,-5,-3,-5,-3,-5,-4,-5,-3,-5,-3,-5,-3,-4,-3,-4,-3,-5,-3,-4,-3,-4,-3,-4,-2,-4,-2,-4,-3,-4,-2,-4,-2,-4,-2,-4,-2,-4,-2,-4,-2,-4,-2,-4,-1,-4,-1,-4,0,0,0,0,0,0,0,0,0,0,0,0,0,0,-8,-36,-7,-29,-16,-29,-13,-26,-15,-29,-18,-26,-19,-28,-21,-32,-20,-26,-19,-28,-25,-27,-23,-26,-24,-28,-23,-27,-21,-28,-24,-27,-24,-30,-24,-27,-20,-28,-20,-28,-25,-26,-19,-26,-23,-24,-20,-25,-22,-24,-20,-24,-20,-23,-24,-24,-21,-24,-22,-23,-17,-22,-22,-24,-20,-21,-22,-24,-19,-19,-18,-23,-23,-21,-20,-23,-18,-24,-17,-21,-14,-19,-14,-21,-17,-24,-17,-24,-15,-22,-14,-21,-14,-20,-17,-19,-12,-19,-13,-16,-15,-17,-12,-16,-13,-20,-11,-21,-10,-20,-7,-19,-7,-21,0,0,0,0,0,0,0,0,0,0,0,0,0,0,0,0,0,0,0,0,0,0,48,10,49,12,50,13,54,17,52,21,57,23,56,18,60,24,64,29,62,29,65,34,65,31,73,34,65,37,66,41,65,40,73,43,62,45,65,44,66,43,62,48,65,50,58,47,61,50,60,51,65,43,54,47,57,45,53,43,59,43,48,36,57,42,55,34,53,30,56,34,53,27,50,27,57,31,53,27,56,25,54,25,52,21,55,23,51,17,49,17,46,15,44,11,45,9,45,8,41,9,42,10,43,6,40,6,36,6,40,0,38,-3,34,-2,0,0]"
CSI_DATA,246,2a:00:00:00:00:00,-43,11,1,0,1,1,1,0,0,0,1,-96,0,11,2,3636139,0,44,0,384,0,"[0,0,0,0,0,0,0,0,0,0,0,0,2,5,2,5,3,5,3,5,3,5,3,5,3,5,3,5,3,5,3,5,3,5,3,5,3,5,3,5,3,5,3,5,3,5,3,4,3,4,3,4,3,4,3,4,2,4,3,5,3,4,3,4,0,0,3,4,3,4,3,4,3,4,2,4,2,4,3,4,2,4,2,3,2,4,2,4,2,4,2,4,2,4,1,3,1,3,1,4,1,3,1,3,1,3,1,3,1,3,1,3,1,4,0,3,0,3,0,0,0,0,0,0,0,0,0,0,0,0,0,0,1,29,2,33,8,30,6,33,11,30,12,30,13,28,14,34,12,29,12,28,15,32,14,29,16,30,17,31,17,31,20,28,16,34,18,28,13,29,15,29,18,31,14,29,18,28,15,28,12,28,14,28,14,23,19,28,16,27,17,26,14,23,14,21,12,25,14,25,14,22,13,25,12,27,13,25,11,26,12,21,12,22,10,22,11,25,10,23,7,22,10,23,10,22,9,22,7,19,7,19,8,22,7,20,6,20,6,22,5,22,4,21,2,20,0,0,0,0,0,0,0,0,0,0,0,0,0,0,0,0,0,0,0,0,0,0,-49,-15,-48,-16,-48,-19,-52,-21,-56,-24,-53,-27,-54,-27,-57,-32,-62,-34,-62,-38,-63,-39,-64,-37,-70,-42,-64,-45,-57,-47,-62,-49,-66,-49,-58,-55,-58,-49,-56,-53,-56,-55,-57,-58,-56,-57,-60,-54,-57,-57,-58,-51,-49,-51,-47,-51,-49,-54,-53,-50,-46,-43,-50,-48,-48,-47,-48,-40,-49,-43,-48,-38,-49,-36,-51,-35,-50,-32,-52,-30,-47,-32,-51,-27,-47,-28,-49,-26,-45,-24,-44,-24,-45,-23,-46,-18,-42,-16,-46,-19,-40,-14,-38,-10,-37,-14,-40,-10,-39,-9,-39,-5,-37,-4,0,0]"
CSI_DATA,247,2a:00:00:00:00:00,-43,11,1,0,1,1,1,0,0,0,1,-96,0,11,2,3640667,0,44,0,384,0,"[0,0,0,0,0,0,0,0,0,0,0,0,0,5,1,5,2,6,1,6,1,6,1,5,2,6,1,6,2,6,2,6,1,6,1,6,1,6,1,6,1,5,2,6,2,5,1,5,2,5,2,5,1,5,2,5,1,5,1,5,1,5,1,5,0,0,1,4,2,5,2,4,1,5,1,4,1,4,2,4,1,4,1,4,1,4,1,4,1,4,1,4,1,4,1,3,1,4,1,4,0,3,0,3,1,3,0,3,0,4,0,3,0,4,0,3,-1,3,0,0,0,0,0,0,0,0,0,0,0,0,0,0,0,32,0,31,9,35,8,28,9,27,8,28,12,29,13,33,16,30,13,30,16,31,17,30,16,32,13,30,15,30,17,31,15,34,15,33,15,30,17,29,18,30,13,29,17,29,16,25,14,27,14,28,12,27,17,28,13,28,16,26,13,25,15,27,13,27,17,27,14,20,15,28,16,25,16,24,13,25,10,22,14,19,8,25,11,24,9,25,11,25,9,22,9,22,10,22,6,20,8,19,7,18,6,22,9,21,6,19,6,24,3,24,3,20,0,0,0,0,0,0,0,0,0,0,0,0,0,0,0,0,0,0,0,0,0,0,-46,-21,-47,-24,-46,-23,-53,-27,-49,-26,-54,-34,-52,-30,-54,-36,-60,-39,-52,-42,-57,-48,-60,-46,-63,-51,-57,-52,-58,-56,-53,-55,-64,-57,-51,-55,-58,-62,-53,-55,-54,-59,-56,-61,-50,-57,-53,-63,-51,-64,-53,-59,-43,-58,-49,-61,-43,-54,-52,-56,-40,-48,-49,-53,-48,-51,-47,-43,-48,-47,-46,-38,-44,-37,-49,-42,-45,-36,-50,-36,-46,-36,-49,-29,-49,-32,-45,-31,-45,-28,-46,-21,-42,-24,-43,-21,-43,-18,-41,-20,-41,-19,-42,-14,-41,-16,-34,-13,-37,-13,-37,-8,-37,-5,0,0]"
CSI_DATA,248,2a:00:00:00:00:00,-43,11,1,0,1,1,1,0,0,0,1,-96,0,11,2,3651350,0,44,0,384,0,"[0,0,0,0,0,0,0,0,0,0,0,0,-6,2,-6,3,-5,3,-6,3,-6,3,-6,3,-6,3,-6,4,-6,3,-5,3,-6,4,-6,4,-6,3,-6,3,-6,3,-6,4,-5,4,-5,3,-5,3,-5,3,-5,3,-5,3,-5,3,-5,3,-5,3,-5,3,0,0,-5,3,-5,3,-5,3,-5,3,-4,3,-5,3,-4,3,-4,2,-5,2,-5,2,-5,2,-4,2,-4,2,-4,2,-4,2,-5,2,-4,2,-4,2,-4,2,-4,2,-4,1,-4,1,-4,1,-4,1,-4,1,-4,1,0,0,0,0,0,0,0,0,0,0,0,0,0,0,-33,2,-31,1,-31,8,-26,6,-30,8,-31,10,-30,12,-34,13,-29,14,-33,12,-31,13,-32,15,-35,13,-30,14,-31,13,-33,15,-35,15,-32,19,-29,15,-31,15,-32,14,-31,12,-28,14,-29,14,-29,14,-28,13,-26,12,-28,13,-29,13,-28,15,-27,11,-27,9,-25,12,-28,12,-25,12,-24,13,-25,12,-24,13,-24,9,-25,8,-25,7,-27,6,-24,5,-23,9,-23,10,-25,5,-25,6,-24,7,-23,4,-24,4,-22,5,-22,7,-20,7,-20,3,-23,1,-22,1,-23,-2,0,0,0,0,0,0,0,0,0,0,0,0,0,0,0,0,0,0,0,0,0,0,14,-47,15,-52,16,-50,20,-53,21,-56,25,-54,25,-55,25,-57,33,-66,33,-60,38,-62,36,-62,40,-71,46,-65,46,-61,49,-61,50,-66,50,-57,51,-60,53,-59,51,-56,56,-60,52,-55,56,-57,54,-53,53,-57,52,-49,53,-51,49,-47,51,-49,43,-43,47,-51,45,-50,41,-51,43,-49,39,-50,35,-47,36,-50,34,-47,32,-51,32,-49,30,-50,29,-46,25,-48,24,-43,23,-49,21,-44,20,-43,18,-44,18,-41,15,-38,12,-39,16,-40,11,-35,9,-36,7,-38,3,-33,0,0]"
CSI_DATA,249,2a:00:00:00:00:00,-43,11,1,0,1,1,1,0,0,0,1,-96,0,11,2,3660678,0,44,0,384,0,"[0,0,0,0,0,0,0,0,0,0,0,0,1,-6,1,-6,0,-7,1,-7,1,-7,1,-7,0,-7,0,-7,0,-7,0,-7,1,-7,0,-7,1,-7,1,-7,1,-7,0,-7,0,-7,1,-6,0,-6,0,-6,0,-6,0,-6,0,-6,0,-6,0,-6,0,-6,0,0,0,-6,0,-6,0,-6,0,-6,0,-5,0,-6,0,-6,0,-5,1,-6,1,-5,1,-5,1,-5,0,-5,0,-5,1,-5,1,-5,0,-5,1,-5,1,-4,1,-4,1,-4,1,-5,1,-4,1,-4,2,-4,2,-4,0,0,0,0,0,0,0,0,0,0,0,0,0,0,15,-29,12,-29,9,-31,9,-29,9,-30,6,-30,3,-34,5,-36,3,-33,3,-34,4,-34,2,-36,3,-38,1,-34,2,-35,0,-36,4,-41,0,-37,0,-37,4,-35,0,-38,3,-31,-1,-34,1,-32,1,-29,1,-30,2,-30,-1,-31,0,-30,1,-30,1,-31,3,-29,2,-27,-1,-30,2,-23,1,-29,-2,-28,0,-29,1,-28,3,-24,4,-25,7,-25,3,-25,2,-27,3,-26,6,-25,7,-24,3,-25,5,-21,6,-20,7,-21,4,-21,6,-23,8,-20,7,-21,12,-20,13,-20,0,0,0,0,0,0,0,0,0,0,0,0,0,0,0,0,0,0,0,0,0,0,35,34,35,37,34,37,36,45,31,45,36,51,33,49,36,55,37,59,34,58,34,63,35,63,40,69,35,70,28,72,27,70,30,77,21,73,30,74,21,75,22,73,18,79,20,71,25,74,18,74,23,73,15,69,14,74,15,68,18,69,16,57,19,67,19,64,23,57,20,61,21,58,23,51,25,57,25,52,24,55,24,52,26,49,23,50,26,47,31,44,25,42,26,43,28,36,25,35,27,34,26,33,28,32,24,35,22,25,30,25,27,24,27,21,0,0]"
CSI_DATA,250,2a:00:00:00:00:00,-43,11,1,0,1,1,1,0,0,0,1,-96,0,11,2,3671408,0,44,0,384,0,"[0,0,0,0,0,0,0,0,0,0,0,0,2,-6,2,-6,1,-6,2,-7,2,-6,2,-7,1,-7,1,-7,2,-7,1,-6,2,-7,1,-7,1,-7,1,-7,2,-7,1,-7,2,-7,1,-6,1,-6,1,-6,1,-6,1,-6,1,-6,1,-6,1,-6,1,-6,0,0,1,-6,1,-6,1,-6,1,-6,1,-5,1,-6,1,-6,1,-5,1,-5,1,-5,2,-5,1,-5,1,-5,1,-5,1,-4,2,-5,1,-4,1,-4,2,-4,1,-4,2,-4,1,-4,1,-4,2,-4,2,-4,2,-3,0,0,0,0,0,0,0,0,0,0,0,0,0,0,24,-19,23,-18,20,-22,21,-22,20,-24,22,-24,19,-28,16,-29,17,-27,18,-29,18,-29,17,-28,20,-31,18,-27,17,-30,16,-32,21,-34,17,-31,15,-31,19,-29,19,-33,18,-28,15,-29,18,-26,15,-25,17,-27,18,-25,14,-28,17,-25,14,-29,15,-25,16,-26,15,-23,15,-29,15,-26,14,-23,12,-24,11,-26,15,-21,17,-20,17,-22,15,-21,14,-24,13,-21,13,-19,17,-19,17,-18,16,-18,16,-15,15,-16,16,-16,16,-17,15,-18,15,-16,16,-17,19,-15,19,-12,0,0,0,0,0,0,0,0,0,0,0,0,0,0,0,0,0,0,0,0,0,0,10,49,9,50,8,51,7,56,7,56,4,59,1,59,1,62,3,71,2,68,-2,72,-1,71,-1,82,-8,78,-11,77,-16,75,-12,84,-16,75,-14,74,-20,74,-18,76,-22,79,-19,75,-18,76,-20,76,-15,77,-23,71,-21,72,-20,68,-18,71,-17,60,-19,67,-17,63,-13,63,-11,63,-9,62,-6,58,-5,59,-5,58,-3,62,-5,60,1,58,-3,56,1,53,1,51,1,48,-1,48,2,47,3,45,5,45,7,41,9,42,7,40,9,33,10,35,11,34,14,32,0,0]"
CSI_DATA,251,2a:00:00:00:00:00,-43,11,1,0,1,1,1,0,0,0,1,-96,0,11,2,3680671,0,44,0,384,0,"[0,0,0,0,0,0,0,0,0,0,0,0,-4,4,-4,4,-3,4,-4,5,-4,4,-4,5,-4,5,-4,5,-4,5,-4,4,-4,5,-4,5,-4,5,-4,5,-4,5,-4,5,-4,5,-4,4,-4,4,-4,4,-4,4,-3,4,-3,3,-3,4,-3,4,-3,4,0,0,-3,4,-3,4,-3,4,-3,4,-3,3,-3,3,-3,3,-3,3,-3,3,-3,3,-4,3,-3,3,-3,3,-3,3,-3,3,-4,3,-3,2,-3,3,-3,3,-3,2,-3,2,-3,2,-3,2,-3,2,-4,2,-4,2,0,0,0,0,0,0,0,0,0,0,0,0,0,0,-30,0,-33,3,-30,7,-31,9,-31,11,-30,11,-28,13,-31,13,-33,16,-28,14,-30,15,-32,16,-35,18,-32,15,-32,14,-32,18,-35,17,-32,16,-29,15,-33,14,-33,16,-31,16,-26,16,-27,14,-29,11,-30,14,-26,14,-27,16,-25,14,-29,16,-27,16,-29,13,-24,14,-25,16,-27,14,-22,12,-25,11,-22,14,-24,8,-28,11,-27,12,-23,9,-23,8,-25,10,-23,8,-27,8,-25,5,-21,10,-21,6,-24,5,-21,5,-24,4,-20,8,-22,3,-22,4,-22,3,-23,2,0,0,0,0,0,0,0,0,0,0,0,0,0,0,0,0,0,0,0,0,0,0,13,-52,15,-49,19,-52,20,-54,22,-54,24,-50,26,-52,27,-57,33,-66,32,-61,35,-62,35,-66,38,-70,44,-69,45,-63,50,-62,49,-66,51,-60,48,-60,52,-57,54,-56,62,-61,53,-56,49,-57,56,-53,52,-58,53,-50,54,-53,51,-48,50,-54,45,-48,43,-46,44,-47,42,-48,44,-48,39,-52,37,-46,34,-51,34,-51,32,-52,34,-49,29,-50,30,-47,26,-50,22,-44,22,-46,23,-45,22,-44,17,-45,17,-44,15,-36,12,-42,14,-41,8,-36,10,-38,4,-36,4,-33,0,0]"
CSI_DATA,252,2a:00:00:00:00:00,-43,11,1,0,1,1,1,0,0,0,1,-96,0,11,2,3691298,0,44,0,384,0,"[0,0,0,0,0,0,0,0,0,0,0,0,-2,-6,-2,-6,-3,-6,-3,-7,-3,-7,-3,-6,-3,-6,-3,-6,-3,-6,-3,-6,-3,-7,-3,-6,-3,-7,-3,-6,-3,-6,-3,-7,-3,-6,-2,-6,-3,-6,-3,-6,-2,-6,-3,-6,-2,-5,-3,-6,-3,-6,-2,-6,0,0,-2,-5,-3,-6,-3,-5,-3,-5,-2,-5,-3,-5,-2,-5,-2,-5,-2,-5,-2,-5,-1,-5,-2,-5,-2,-5,-2,-5,-1,-4,-1,-5,-2,-5,-2,-4,-1,-4,-1,-4,-1,-4,-1,-5,-1,-5,-1,-5,0,-4,0,-4,0,0,0,0,0,0,0,0,0,0,0,0,0,0,-1,-30,-1,-29,-7,-31,-7,-31,-11,-28,-8,-32,-12,-30,-14,-34,-11,-29,-11,-35,-16,-31,-16,-29,-15,-32,-16,-32,-15,-33,-17,-30,-17,-37,-17,-32,-14,-32,-14,-28,-16,-32,-12,-28,-17,-30,-15,-30,-12,-28,-13,-31,-11,-25,-15,-31,-15,-29,-14,-27,-14,-26,-12,-27,-12,-26,-15,-27,-13,-22,-14,-30,-17,-28,-15,-29,-12,-31,-11,-21,-10,-23,-9,-24,-10,-28,-10,-26,-8,-27,-6,-20,-7,-26,-6,-24,-6,-22,-7,-21,-7,-22,-8,-20,-4,-23,-6,-22,-6,-23,-4,-23,-1,-21,0,0,0,0,0,0,0,0,0,0,0,0,0,0,0,0,0,0,0,0,0,0,46,17,49,19,44,20,53,27,48,24,52,33,53,28,55,32,58,36,56,36,58,44,60,42,68,44,61,49,60,54,55,50,67,57,52,53,57,57,55,58,53,57,56,60,50,57,51,61,48,62,56,55,43,56,49,56,41,55,51,55,40,44,50,54,45,48,46,41,46,46,46,42,44,38,48,41,43,36,49,37,44,37,46,32,44,35,45,26,41,28,47,29,41,25,40,20,38,19,40,18,37,20,36,16,38,16,33,11,33,10,37,9,34,6,0,0]"
CSI_DATA,253,2a:00:00:00:00:00,-43,11,1,0,1,1,1,0,0,0,1,-96,0,11,2,3700658,0,44,0,384,0,"[0,0,0,0,0,0,0,0,0,0,0,0,5,0,5,0,6,-1,6,0,6,-1,6,-1,6,-1,6,-1,6,-1,6,-1,6,-1,6,-1,6,-1,6,-1,6,0,6,-1,5,-1,5,-1,5,-1,5,-1,5,-1,5,-1,5,-1,5,-1,5,-1,5,-1,0,0,5,-1,5,-1,5,-1,5,-2,5,-1,5,-1,5,-1,4,-1,5,-1,4,-1,4,-1,4,0,4,0,4,0,4,-1,4,-1,4,0,4,-1,4,-1,4,-1,4,0,3,0,3,0,4,0,3,0,3,0,0,0,0,0,0,0,0,0,0,0,0,0,0,0,29,10,29,9,27,6,29,6,28,0,29,2,33,1,34,1,33,-1,35,0,34,-5,34,-2,35,-3,33,-3,34,-2,38,-4,35,-2,35,-3,33,-2,33,-5,37,-5,34,-2,33,-4,32,-1,30,-1,32,-1,31,-5,30,-6,28,-3,29,-7,27,-3,30,-4,30,-2,30,-3,24,-5,29,-2,27,-3,27,-3,25,0,26,-4,27,-3,28,-1,23,1,25,1,23,0,23,0,24,-2,25,0,21,1,22,-2,24,0,25,-1,21,0,22,0,22,3,22,3,21,5,0,0,0,0,0,0,0,0,0,0,0,0,0,0,0,0,0,0,0,0,0,0,-38,33,-42,33,-41,30,-46,35,-47,31,-50,35,-51,35,-53,33,-59,39,-60,32,-65,33,-65,35,-72,39,-70,33,-73,27,-72,25,-79,34,-76,23,-75,26,-77,23,-75,22,-79,23,-74,19,-79,20,-78,19,-75,25,-73,14,-72,18,-70,16,-72,21,-58,18,-69,21,-64,20,-59,22,-63,20,-57,26,-54,24,-57,28,-52,24,-55,26,-52,24,-51,30,-48,28,-45,26,-42,25,-41,29,-39,29,-38,25,-35,24,-33,27,-32,28,-31,28,-32,27,-22,24,-23,29,-24,26,-18,26,0,0]"
CSI_DATA,254,2a:00:00:00:00:00,-43,11,1,0,1,1,1,0,0,0,1,-96,0,11,2,3740670,0,44,0,384,0,"[0,0,0,0,0,0,0,0,0,0,0,0,1,5,1,5,2,5,2,6,2,5,1,5,2,6,2,5,2,5,2,5,2,6,2,6,2,6,2,5,2,5,2,5,2,5,2,5,2,4,2,5,2,5,2,4,1,5,2,5,2,5,2,4,0,0,2,4,2,4,2,4,2,4,2,4,2,4,2,4,2,4,1,4,1,4,1,4,2,4,1,4,1,4,1,3,1,4,1,4,1,3,1,3,1,3,1,3,1,3,1,4,1,3,0,4,0,3,0,0,0,0,0,0,0,0,0,0,0,0,0,0,-11,30,-6,29,-1,33,-2,30,2,30,3,27,2,30,6,32,4,31,2,30,6,30,7,31,7,34,6,36,6,32,9,33,9,38,11,33,6,33,7,31,9,33,6,29,11,29,8,30,8,28,7,30,8,30,9,27,10,28,9,28,8,25,9,27,9,27,10,27,10,26,9,27,9,25,10,28,8,28,5,24,6,23,5,23,4,25,6,26,5,25,3,22,3,23,6,23,3,22,5,19,6,20,1,22,4,24,2,23,-2,24,-2,24,-4,21,0,0,0,0,0,0,0,0,0,0,0,0,0,0,0,0,0,0,0,0,0,0,-37,-34,-38,-32,-37,-35,-38,-41,-40,-43,-37,-43,-38,-46,-40,-49,-44,-56,-41,-54,-40,-57,-42,-59,-45,-63,-43,-67,-40,-66,-35,-70,-43,-71,-37,-70,-37,-66,-32,-69,-32,-69,-34,-77,-32,-69,-33,-71,-31,-74,-34,-68,-27,-68,-29,-65,-24,-65,-32,-65,-28,-57,-31,-61,-32,-60,-31,-55,-30,-57,-33,-52,-29,-51,-32,-53,-35,-46,-35,-51,-34,-47,-37,-44,-35,-42,-34,-43,-32,-35,-37,-34,-32,-34,-31,-32,-34,-30,-34,-30,-32,-28,-30,-23,-33,-27,-29,-22,-30,-20,-30,-18,-34,-14,0,0]"
CSI_DATA,255,2a:00:00:00:00:00,-43,11,1,0,1,1,1,0,0,0,1,-96,0,11,2,3751956,0,44,0,384,0,"[0,0,0,0,0,0,0,0,0,0,0,0,5,-3,4,-4,4,-4,5,-4,5,-4,5,-4,5,-5,5,-4,4,-4,4,-4,5,-4,5,-5,5,-5,5,-4,5,-4,5,-5,4,-4,4,-4,4,-4,4,-4,4,-4,4,-4,4,-4,4,-4,4,-4,4,-4,0,0,4,-4,4,-4,4,-4,4,-4,3,-3,3,-4,3,-4,3,-4,4,-4,4,-3,4,-3,3,-3,3,-3,3,-3,3,-3,3,-3,3,-3,3,-3,3,-3,3,-3,3,-2,3,-2,3,-2,3,-2,3,-2,3,-1,0,0,0,0,0,0,0,0,0,0,0,0,0,0,27,-3,26,-2,28,-7,30,-7,30,-10,30,-9,28,-14,30,-14,29,-16,30,-14,29,-13,30,-15,34,-17,31,-15,29,-16,28,-18,31,-17,28,-18,29,-13,28,-18,31,-18,29,-15,25,-16,26,-12,24,-12,28,-13,28,-15,27,-16,26,-15,28,-18,24,-15,26,-13,21,-15,22,-15,24,-16,23,-12,23,-14,24,-14,26,-10,24,-11,24,-11,24,-8,18,-10,23,-10,19,-10,24,-8,21,-8,20,-10,23,-7,19,-5,21,-6,21,-4,19,-7,20,-7,20,-4,25,-4,21,-2,0,0,0,0,0,0,0,0,0,0,0,0,0,0,0,0,0,0,0,0,0,0,-12,46,-16,48,-18,47,-18,50,-22,50,-26,55,-28,51,-32,53,-33,59,-39,58,-37,62,-36,62,-39,69,-43,62,-51,57,-48,58,-53,66,-51,57,-50,55,-58,53,-56,51,-62,53,-56,51,-55,56,-58,52,-50,57,-53,48,-56,49,-52,46,-52,51,-44,42,-49,45,-47,42,-43,43,-48,45,-42,46,-38,43,-36,49,-33,46,-34,49,-37,45,-32,49,-32,46,-30,43,-26,41,-29,38,-26,39,-24,38,-20,39,-19,37,-13,36,-13,38,-18,38,-11,33,-8,37,-10,35,-7,32,0,0]"
CSI_DATA,256,2a:00:00:00:00:00,-43,11,1,0,1,1,1,0,0,0,1,-96,0,11,2,3760654,0,44,0,384,0,"[0,0,0,0,0,0,0,0,0,0,0,0,4,-5,3,-5,3,-6,3,-6,3,-6,3,-6,3,-6,3,-6,3,-6,3,-6,4,-6,3,-6,3,-6,3,-6,3,-5,3,-7,3,-6,3,-6,2,-5,2,-6,2,-5,2,-6,3,-5,2,-5,3,-5,3,-5,0,0,2,-5,2,-5,2,-5,2,-6,2,-5,2,-5,2,-5,2,-5,3,-5,3,-5,3,-5,2,-4,2,-4,2,-4,3,-4,2,-4,2,-4,2,-4,2,-4,2,-4,2,-4,2,-4,2,-4,3,-4,3,-3,3,-3,0,0,0,0,0,0,0,0,0,0,0,0,0,0,11,-9,11,-9,10,-13,9,-11,9,-11,10,-13,9,-13,8,-15,7,-14,10,-14,8,-15,7,-14,8,-17,7,-15,9,-15,8,-16,7,-17,7,-15,8,-14,8,-15,8,-16,8,-14,6,-15,5,-15,7,-14,7,-13,7,-14,6,-13,7,-14,6,-14,6,-12,7,-14,5,-13,7,-14,5,-11,6,-13,5,-14,5,-14,5,-12,6,-12,6,-11,8,-11,6,-11,7,-12,6,-12,6,-11,8,-10,6,-10,6,-10,7,-10,5,-9,6,-9,7,-9,7,-8,7,-8,8,-7,9,-7,0,0,0,0,0,0,0,0,0,0,0,0,0,0,0,0,0,0,0,0,0,0,7,23,6,24,6,23,7,28,4,27,4,29,4,29,3,30,5,34,3,33,0,35,1,36,1,39,-1,38,-3,38,-6,38,-5,42,-7,37,-5,38,-5,38,-6,37,-7,40,-9,37,-9,39,-10,39,-6,38,-9,34,-9,36,-8,33,-9,36,-7,30,-7,33,-5,32,-3,30,-5,33,-2,30,-3,28,-4,30,-2,28,-2,29,-2,29,0,28,-1,28,1,26,0,26,2,23,2,23,2,23,2,20,3,20,2,19,3,20,3,20,2,16,6,19,6,16,7,13,0,0]"
CSI_DATA,257,2a:00:00:00:00:00,-43,11,1,0,1,1,1,0,0,0,1,-96,0,11,2,3770638,0,44,0,384,0,"[0,0,0,0,0,0,0,0,0,0,0,0,-3,-6,-4,-5,-4,-5,-4,-6,-4,-5,-4,-6,-4,-6,-4,-5,-4,-6,-4,-5,-4,-6,-4,-6,-4,-6,-4,-6,-4,-6,-4,-6,-4,-5,-4,-5,-4,-5,-4,-5,-4,-5,-4,-5,-3,-5,-4,-5,-4,-5,-4,-5,0,0,-4,-5,-4,-5,-4,-5,-4,-4,-4,-5,-4,-5,-4,-5,-4,-4,-3,-4,-3,-4,-3,-5,-3,-5,-3,-5,-3,-5,-2,-4,-3,-4,-3,-4,-2,-4,-2,-4,-2,-4,-2,-4,-2,-4,-2,-4,-2,-5,-1,-4,-1,-4,0,0,0,0,0,0,0,0,0,0,0,0,0,0,-5,-29,-10,-28,-14,-28,-16,-29,-19,-27,-18,-25,-18,-26,-21,-25,-23,-25,-24,-24,-19,-24,-21,-25,-25,-28,-26,-28,-21,-28,-24,-25,-24,-31,-25,-27,-22,-27,-22,-24,-25,-27,-21,-25,-24,-22,-23,-26,-20,-23,-20,-24,-20,-25,-21,-22,-20,-22,-21,-18,-17,-21,-18,-19,-20,-20,-19,-22,-19,-17,-21,-23,-20,-21,-22,-21,-20,-23,-17,-18,-16,-19,-18,-17,-17,-21,-18,-20,-20,-21,-16,-17,-15,-19,-17,-21,-12,-17,-14,-14,-13,-17,-14,-15,-12,-20,-12,-18,-12,-23,-10,-21,-8,-21,0,0,0,0,0,0,0,0,0,0,0,0,0,0,0,0,0,0,0,0,0,0,48,3,49,7,52,10,53,11,54,12,56,14,55,12,59,16,67,22,66,21,68,27,67,24,73,26,71,33,69,33,66,38,75,39,68,39,66,36,65,40,65,40,69,46,64,43,66,43,63,45,63,37,59,43,60,44,57,40,59,41,52,35,55,36,52,33,53,29,56,36,53,29,54,26,53,26,50,24,58,25,55,24,52,20,49,19,49,16,46,16,48,13,45,13,43,10,46,9,42,10,41,11,40,5,39,7,33,3,38,1,32,2,33,-3,0,0]"
CSI_DATA,258,2a:00:00:00:00:00,-43,11,1,0,1,1,1,0,0,0,1,-96,0,11,2,3791582,0,44,0,384,0,"[0,0,0,0,0,0,0,0,0,0,0,0,5,-1,5,-2,5,-3,6,-2,5,-3,5,-3,5,-3,5,-3,5,-3,5,-3,6,-2,6,-3,6,-2,5,-2,5,-2,5,-3,5,-3,5,-3,5,-2,5,-3,5,-2,5,-2,4,-2,5,-2,5,-2,4,-3,0,0,4,-3,4,-2,4,-2,4,-3,4,-2,4,-2,4,-2,4,-2,4,-3,4,-2,4,-2,4,-1,4,-1,3,-1,4,-2,4,-2,4,-1,4,-2,3,-1,3,-2,3,-2,3,-1,3,-1,3,-1,3,-1,3,0,0,0,0,0,0,0,0,0,0,0,0,0,0,0,29,1,28,-1,31,-8,29,-9,30,-11,26,-9,27,-11,30,-12,27,-14,30,-13,28,-17,28,-15,35,-15,30,-14,31,-13,31,-16,31,-17,30,-18,30,-15,30,-15,31,-18,28,-16,25,-16,27,-12,25,-14,28,-13,24,-13,25,-15,26,-15,27,-17,21,-17,27,-18,23,-14,25,-18,21,-17,24,-10,22,-13,22,-15,23,-13,24,-15,26,-13,24,-13,22,-10,23,-10,22,-11,22,-12,23,-10,20,-10,20,-8,20,-10,21,-10,22,-9,19,-7,19,-5,21,-6,23,-6,21,-3,0,0,0,0,0,0,0,0,0,0,0,0,0,0,0,0,0,0,0,0,0,0,-21,46,-21,42,-23,45,-25,48,-28,49,-32,49,-30,49,-32,54,-40,60,-42,54,-44,54,-44,56,-47,62,-54,57,-55,55,-56,55,-57,59,-56,54,-57,51,-59,49,-56,49,-62,54,-61,47,-61,48,-64,44,-58,52,-60,44,-59,45,-56,42,-56,46,-50,41,-54,44,-47,41,-46,44,-47,45,-41,44,-41,45,-42,45,-40,43,-40,47,-36,42,-35,46,-33,42,-30,46,-29,39,-25,45,-24,40,-23,40,-22,36,-21,37,-19,36,-17,37,-18,35,-15,32,-12,34,-9,32,-10,32,0,0]"
CSI_DATA,259,2a:00:00:00:00:00,-43,11,1,0,1,1,1,0,0,0,1,-96,0,11,2,3800680,0,44,0,384,0,"[0,0,0,0,0,0,0,0,0,0,0,0,5,-3,5,-3,5,-4,5,-3,5,-4,5,-4,5,-4,5,-4,4,-4,5,-4,5,-4,5,-5,5,-4,5,-4,5,-4,5,-4,5,-4,4,-4,4,-4,4,-4,4,-4,4,-4,4,-4,4,-4,4,-4,4,-4,0,0,3,-4,4,-4,4,-4,3,-4,3,-3,3,-4,3,-4,4,-3,3,-4,3,-4,4,-4,3,-3,3,-3,3,-3,3,-3,3,-3,3,-3,3,-3,3,-3,3,-3,3,-3,3,-2,3,-2,3,-2,3,-2,3,-2,0,0,0,0,0,0,0,0,0,0,0,0,0,0,29,-4,27,-3,30,-11,27,-10,28,-13,24,-15,26,-13,30,-16,27,-15,28,-17,30,-18,28,-20,30,-18,26,-19,27,-22,28,-22,31,-22,27,-20,27,-19,28,-15,31,-22,26,-16,22,-20,27,-19,21,-17,27,-16,21,-19,23,-19,22,-18,24,-21,21,-19,23,-23,21,-14,21,-17,18,-17,22,-15,22,-17,19,-18,19,-15,21,-17,20,-17,22,-17,22,-13,20,-15,19,-14,22,-12,23,-13,19,-13,22,-11,19,-12,20,-12,21,-12,18,-11,18,-11,18,-10,24,-10,23,-7,0,0,0,0,0,0,0,0,0,0,0,0,0,0,0,0,0,0,0,0,0,0,-19,45,-21,50,-21,44,-28,50,-23,47,-27,54,-29,51,-30,52,-39,57,-33,53,-42,59,-38,60,-43,68,-46,62,-52,61,-53,54,-58,67,-54,53,-52,58,-58,53,-54,54,-62,55,-52,53,-54,54,-56,55,-51,58,-55,50,-56,52,-52,43,-54,52,-40,41,-51,49,-48,46,-42,46,-45,47,-40,46,-34,47,-36,49,-36,48,-33,52,-36,49,-32,46,-32,48,-27,45,-25,45,-22,43,-23,44,-20,42,-20,39,-16,36,-16,39,-12,42,-15,41,-9,30,-10,35,-7,35,-6,33,0,0]"
CSI_DATA,260,2a:00:00:00:00:00,-43,11,1,0,1,1,1,0,0,0,1,-96,0,11,2,3821131,0,44,0,384,0,"[0,0,0,0,0,0,0,0,0,0,0,0,-6,0,-6,1,-6,1,-6,1,-7,1,-6,1,-7,2,-7,2,-7,2,-7,1,-7,1,-7,2,-7,1,-7,1,-6,1,-7,2,-6,2,-6,2,-6,1,-6,1,-6,1,-6,2,-6,1,-6,1,-6,1,-6,2,0,0,-5,2,-6,2,-5,2,-5,2,-5,1,-5,1,-5,1,-5,1,-5,2,-5,1,-5,1,-5,1,-5,1,-5,0,-5,1,-5,1,-4,1,-4,1,-5,1,-5,1,-4,0,-4,0,-5,0,-4,0,-5,0,-5,0,0,0,0,0,0,0,0,0,0,0,0,0,0,0,-28,-6,-31,-4,-29,1,-30,5,-32,7,-29,4,-33,7,-30,7,-30,10,-30,9,-33,11,-31,10,-37,14,-32,10,-32,9,-32,15,-36,13,-31,12,-33,7,-32,11,-35,13,-33,10,-27,12,-27,12,-29,10,-27,8,-29,9,-29,12,-28,11,-28,17,-27,13,-29,14,-26,8,-25,11,-24,13,-27,8,-26,9,-26,9,-27,6,-24,14,-26,13,-27,8,-24,6,-24,7,-23,4,-25,8,-23,8,-23,9,-23,6,-21,6,-23,6,-22,5,-23,5,-23,2,-22,3,-24,2,-23,0,0,0,0,0,0,0,0,0,0,0,0,0,0,0,0,0,0,0,0,0,0,0,26,-41,28,-40,30,-43,32,-44,35,-43,38,-45,37,-46,43,-49,48,-51,47,-53,54,-48,51,-50,54,-56,59,-49,59,-44,62,-48,67,-49,67,-43,60,-43,63,-43,65,-39,70,-43,69,-41,69,-43,70,-38,65,-48,63,-35,61,-35,62,-35,61,-38,52,-35,56,-35,55,-36,48,-37,54,-37,49,-39,49,-39,46,-40,43,-40,44,-43,41,-37,40,-43,39,-41,37,-40,33,-37,32,-39,30,-36,28,-37,27,-38,25,-36,24,-36,19,-33,24,-34,16,-34,19,-32,12,-35,11,-33,0,0]"
CSI_DATA,261,2a:00:00:00:00:00,-43,11,1,0,1,1,1,0,0,0,1,-96,0,11,2,3830652,0,44,0,384,0,"[0,0,0,0,0,0,0,0,0,0,0,0,-6,0,-6,0,-6,1,-7,0,-6,1,-7,0,-7,1,-6,1,-7,1,-6,1,-7,1,-7,1,-7,1,-6,1,-7,1,-7,1,-7,1,-6,1,-6,1,-6,1,-6,0,-6,1,-6,1,-6,1,-6,1,-6,1,0,0,-6,1,-6,1,-6,1,-5,1,-5,0,-5,0,-5,0,-5,0,-6,1,-5,1,-6,0,-5,0,-5,0,-5,0,-5,0,-5,0,-5,0,-5,0,-5,0,-4,0,-5,-1,-4,-1,-4,-1,-4,-1,-5,-1,-4,-1,0,0,0,0,0,0,0,0,0,0,0,0,0,0,-27,-8,-27,-9,-32,-2,-32,1,-31,0,-30,2,-30,2,-35,5,-30,7,-37,9,-34,9,-33,5,-35,9,-34,6,-35,5,-31,10,-36,6,-33,6,-31,6,-32,8,-35,10,-31,7,-29,10,-30,9,-30,4,-29,5,-29,7,-31,8,-29,8,-29,9,-27,10,-28,10,-26,7,-31,10,-24,10,-26,7,-28,8,-27,8,-27,1,-26,6,-25,5,-28,5,-24,4,-25,6,-24,5,-26,6,-28,4,-21,4,-23,2,-24,4,-23,3,-23,2,-25,1,-22,2,-24,1,-25,-1,-24,-5,0,0,0,0,0,0,0,0,0,0,0,0,0,0,0,0,0,0,0,0,0,0,30,-38,32,-39,33,-40,40,-44,37,-38,43,-42,43,-42,47,-43,52,-48,49,-38,56,-41,58,-44,64,-50,64,-44,69,-37,65,-41,73,-46,68,-34,70,-39,69,-37,70,-34,73,-34,68,-29,72,-35,74,-30,70,-38,67,-30,71,-29,61,-27,67,-34,56,-28,63,-32,58,-30,55,-31,59,-31,54,-31,45,-31,54,-37,49,-34,49,-36,47,-37,41,-36,46,-33,38,-36,40,-36,42,-39,35,-31,34,-34,30,-32,28,-33,30,-29,24,-32,28,-33,23,-32,21,-31,17,-31,15,-30,0,0]"
CSI_DATA,262,2a:00:00:00:00:00,-43,11,1,0,1,1,1,0,0,0,1,-96,0,11,2,3841517,0,44,0,384,0,"[0,0,0,0,0,0,0,0,0,0,0,0,1,5,1,5,2,5,2,5,2,5,2,5,2,5,2,5,2,5,3,5,2,5,3,5,2,5,2,5,2,5,2,5,2,5,2,5,2,5,2,5,2,4,2,4,2,4,2,4,2,5,2,4,0,0,2,4,2,4,3,4,2,4,2,4,2,4,2,4,2,4,2,4,1,4,1,4,1,4,1,4,1,4,1,3,1,3,2,4,1,3,1,3,1,3,1,3,1,3,1,4,1,3,0,3,0,3,0,0,0,0,0,0,0,0,0,0,0,0,0,0,-14,27,-11,25,-8,26,-7,29,-6,29,-5,31,-4,33,-1,34,-3,31,-2,33,-1,32,-1,33,0,38,0,32,-2,32,4,33,-1,38,0,38,1,34,-2,31,-1,36,-2,30,1,32,-1,30,1,32,-2,32,0,25,2,32,-2,32,3,29,1,27,0,30,-1,27,2,29,4,24,1,29,1,28,0,29,-3,27,1,23,-1,27,-3,25,-4,28,-4,27,-5,29,-1,24,-5,25,-5,23,-3,20,-3,19,-4,22,-3,21,-2,20,-7,21,-8,22,-8,21,-9,19,0,0,0,0,0,0,0,0,0,0,0,0,0,0,0,0,0,0,0,0,0,0,-34,-34,-36,-39,-35,-39,-36,-44,-34,-42,-36,-46,-35,-50,-37,-50,-40,-58,-38,-58,-34,-62,-40,-63,-42,-71,-40,-70,-30,-73,-27,-69,-34,-77,-26,-74,-33,-74,-25,-75,-27,-74,-26,-80,-20,-72,-24,-75,-24,-77,-27,-77,-17,-74,-18,-75,-16,-68,-22,-74,-18,-60,-20,-70,-19,-64,-24,-61,-21,-65,-24,-61,-23,-54,-24,-55,-26,-53,-29,-59,-27,-58,-30,-50,-29,-48,-27,-47,-28,-43,-23,-38,-26,-42,-25,-39,-31,-38,-27,-36,-27,-33,-26,-31,-29,-31,-23,-24,-29,-27,-31,-27,-27,-20,0,0]"
CSI_DATA,263,2a:00:00:00:00:00,-43,11,1,0,1,1,1,0,0,0,1,-96,0,11,2,3851232,0,44,0,384,0,"[0,0,0,0,0,0,0,0,0,0,0,0,-2,-6,-3,-6,-3,-6,-3,-6,-3,-6,-3,-6,-3,-6,-3,-6,-4,-6,-4,-6,-3,-6,-4,-6,-4,-6,-4,-6,-3,-6,-4,-6,-4,-6,-3,-5,-4,-6,-4,-6,-3,-5,-4,-5,-3,-5,-4,-5,-4,-5,-3,-5,0,0,-3,-5,-3,-5,-4,-5,-3,-5,-3,-5,-3,-5,-3,-5,-3,-5,-3,-4,-2,-5,-2,-5,-2,-5,-2,-5,-3,-5,-2,-4,-2,-4,-2,-5,-2,-4,-2,-4,-2,-4,-2,-4,-2,-4,-2,-4,-1,-5,-1,-4,-1,-4,0,0,0,0,0,0,0,0,0,0,0,0,0,0,1,-28,0,-28,-7,-28,-7,-27,-9,-31,-10,-30,-10,-31,-13,-33,-14,-31,-13,-32,-14,-31,-15,-33,-15,-33,-15,-32,-13,-30,-17,-30,-15,-38,-18,-34,-12,-33,-12,-31,-14,-34,-12,-28,-16,-29,-12,-31,-13,-29,-12,-28,-13,-25,-16,-30,-15,-29,-18,-27,-15,-26,-12,-27,-10,-29,-14,-30,-11,-20,-11,-30,-13,-25,-10,-28,-9,-28,-9,-25,-12,-24,-9,-25,-9,-28,-9,-28,-8,-27,-5,-23,-4,-24,-6,-24,-4,-20,-5,-22,-5,-22,-3,-21,-4,-25,-1,-23,-1,-27,-1,-22,2,-23,0,0,0,0,0,0,0,0,0,0,0,0,0,0,0,0,0,0,0,0,0,0,49,6,49,11,49,11,51,14,54,16,55,19,54,22,60,24,64,28,61,27,64,28,64,28,74,30,69,37,65,43,61,47,70,49,61,45,65,46,61,51,59,48,64,56,57,48,60,49,56,51,63,49,53,50,53,53,50,51,54,52,46,40,51,48,48,46,49,42,48,44,48,41,46,36,48,37,44,33,50,32,47,36,46,29,48,31,44,26,42,26,44,21,42,23,40,25,41,20,39,21,39,20,38,15,38,19,33,14,34,11,34,9,32,9,0,0]"
CSI_DATA,264,2a:00:00:00:00:00,-43,11,1,0,1,1,1,0,0,0,1,-96,0,11,2,3860825,0,44,0,384,0,"[0,0,0,0,0,0,0,0,0,0,0,0,-6,0,-6,1,-6,1,-6,1,-6,1,-6,1,-6,2,-6,1,-6,1,-6,1,-7,1,-6,2,-6,1,-6,1,-6,1,-7,1,-6,2,-6,1,-6,1,-6,1,-5,1,-5,1,-6,1,-6,1,-6,1,-5,1,0,0,-5,2,-6,1,-5,1,-5,2,-5,1,-5,1,-5,1,-5,1,-5,1,-5,1,-5,1,-5,0,-4,0,-4,0,-5,0,-5,0,-5,0,-4,0,-4,0,-4,0,-4,0,-4,0,-4,0,-4,-1,-4,-1,-4,-1,0,0,0,0,0,0,0,0,0,0,0,0,0,0,-29,-3,-29,-1,-31,5,-29,3,-29,4,-31,6,-27,7,-32,11,-30,10,-32,11,-32,12,-32,10,-33,11,-32,12,-33,10,-33,10,-32,10,-32,10,-30,6,-33,11,-34,13,-31,8,-28,8,-30,8,-28,9,-28,6,-29,8,-30,7,-25,6,-29,14,-28,9,-27,9,-26,8,-29,9,-27,10,-27,6,-25,8,-23,7,-25,4,-27,7,-26,7,-27,5,-23,6,-23,5,-23,3,-25,4,-27,4,-22,2,-25,2,-23,2,-24,4,-24,1,-23,1,-22,0,-25,1,-23,-4,-22,-4,0,0,0,0,0,0,0,0,0,0,0,0,0,0,0,0,0,0,0,0,0,0,12,-47,13,-49,14,-48,15,-53,21,-50,23,-55,25,-53,24,-56,30,-63,33,-59,36,-61,36,-61,41,-68,43,-62,44,-57,48,-58,51,-65,52,-57,52,-57,53,-57,54,-56,59,-56,56,-55,57,-53,59,-52,53,-53,53,-46,55,-48,54,-44,51,-50,47,-42,51,-46,47,-45,43,-45,46,-45,42,-45,37,-44,40,-47,40,-41,37,-45,36,-44,31,-48,33,-45,30,-43,31,-40,25,-43,26,-40,25,-39,23,-37,23,-36,21,-35,18,-38,20,-34,17,-32,13,-38,10,-35,12,-32,0,0]"
CSI_DATA,265,2a:00:00:00:00:00,-43,11,1,0,1,1,1,0,0,0,1,-96,0,11,2,3880657,0,44,0,384,0,"[0,0,0,0,0,0,0,0,0,0,0,0,-6,-1,-6,0,-6,0,-7,0,-7,0,-7,0,-7,0,-7,0,-7,0,-7,0,-7,0,-7,0,-7,0,-7,0,-7,0,-7,0,-6,0,-6,0,-6,0,-6,0,-6,0,-6,0,-6,0,-6,0,-6,0,-6,0,0,0,-6,1,-6,0,-6,0,-6,1,-5,0,-6,0,-6,0,-5,0,-6,0,-6,0,-6,0,-5,0,-5,0,-5,0,-5,0,-5,0,-5,-1,-5,0,-5,0,-5,0,-5,-1,-4,-1,-4,-1,-4,-1,-5,-1,-4,-2,0,0,0,0,0,0,0,0,0,0,0,0,0,0,-27,-15,-23,-11,-29,-10,-29,-7,-33,-8,-33,-5,-31,-5,-32,-5,-30,-4,-35,0,-36,0,-34,2,-39,1,-32,-2,-37,-1,-35,2,-38,-2,-35,-1,-35,-2,-35,-2,-39,1,-32,-2,-31,3,-30,0,-31,2,-32,2,-31,2,-31,0,-27,-3,-33,3,-32,2,-31,1,-29,-2,-31,2,-28,4,-28,1,-28,1,-30,-1,-28,1,-29,0,-28,-1,-26,-4,-25,-4,-27,-2,-26,-1,-28,-3,-27,-2,-23,-3,-25,-6,-23,-3,-24,-5,-25,-3,-22,-5,-21,-5,-24,-7,-24,-7,-23,-11,0,0,0,0,0,0,0,0,0,0,0,0,0,0,0,0,0,0,0,0,0,0,36,-35,36,-36,37,-32,45,-36,43,-32,48,-33,50,-37,52,-35,60,-41,55,-34,63,-33,64,-35,73,-41,72,-34,75,-31,70,-27,81,-31,73,-27,73,-30,74,-23,75,-23,85,-22,72,-20,75,-21,76,-15,76,-24,74,-15,77,-18,66,-14,72,-21,60,-21,71,-17,64,-19,60,-21,62,-18,58,-25,53,-21,59,-22,54,-24,57,-26,57,-25,51,-27,50,-26,46,-26,46,-26,44,-27,43,-26,40,-26,36,-29,36,-24,34,-25,32,-27,36,-30,26,-23,25,-26,24,-27,25,-26,0,0]"
CSI_DATA,266,2a:00:00:00:00:00,-43,11,1,0,1,1,1,0,0,0,1,-96,0,11,2,3893368,0,44,0,384,0,"[0,0,0,0,0,0,0,0,0,0,0,0,-2,-6,-2,-6,-3,-6,-3,-6,-3,-6,-2,-6,-2,-6,-3,-6,-3,-6,-3,-6,-3,-7,-3,-7,-3,-7,-3,-6,-3,-6,-3,-6,-3,-6,-2,-6,-3,-6,-3,-6,-3,-6,-3,-6,-2,-5,-3,-6,-3,-6,-3,-5,0,0,-3,-5,-3,-6,-3,-5,-3,-5,-3,-5,-3,-5,-3,-5,-3,-5,-2,-5,-2,-5,-2,-5,-2,-5,-2,-5,-2,-5,-2,-4,-2,-5,-2,-5,-2,-4,-2,-4,-2,-4,-1,-4,-2,-5,-1,-5,-1,-5,-1,-4,-1,-4,0,0,0,0,0,0,0,0,0,0,0,0,0,0,3,-32,-4,-30,-9,-32,-9,-27,-11,-29,-13,-27,-10,-29,-16,-30,-16,-28,-12,-28,-16,-30,-16,-28,-18,-32,-18,-31,-13,-32,-17,-28,-17,-32,-18,-31,-17,-29,-15,-29,-17,-29,-14,-27,-19,-28,-18,-27,-14,-28,-14,-27,-16,-25,-18,-28,-15,-26,-16,-25,-14,-24,-15,-27,-14,-25,-18,-26,-16,-22,-15,-24,-19,-25,-16,-26,-13,-25,-13,-22,-12,-23,-11,-22,-13,-26,-12,-26,-11,-23,-11,-21,-10,-25,-11,-23,-9,-20,-9,-19,-10,-20,-9,-19,-9,-21,-5,-21,-7,-20,-3,-21,-1,-23,0,0,0,0,0,0,0,0,0,0,0,0,0,0,0,0,0,0,0,0,0,0,46,15,46,15,46,18,52,19,49,21,53,26,51,26,54,28,60,30,53,36,61,39,59,38,67,42,63,45,60,50,57,45,68,52,57,48,60,54,56,53,56,57,57,60,51,54,57,57,52,59,56,54,45,55,50,55,46,51,51,54,45,42,50,52,48,48,47,42,46,48,45,39,42,36,49,40,45,35,51,36,50,35,50,29,46,32,43,27,42,25,41,25,39,25,40,20,38,19,39,21,37,20,39,15,36,16,31,13,35,8,36,10,32,6,0,0]"
CSI_DATA,267,2a:00:00:00:00:00,-43,11,1,0,1,1,1,0,0,0,1,-96,0,11,2,3900672,0,44,0,384,0,"[0,0,0,0,0,0,0,0,0,0,0,0,4,2,4,2,5,1,5,2,5,2,5,2,5,1,5,1,5,1,5,1,5,1,6,1,5,1,5,1,5,2,5,1,5,1,5,1,5,1,5,1,5,1,5,1,4,1,5,1,5,1,4,1,0,0,4,0,5,1,5,1,4,0,4,1,4,1,4,1,4,1,4,1,4,1,4,1,4,2,4,1,3,1,3,1,3,1,3,1,3,1,3,1,3,1,3,1,3,2,3,2,3,2,3,1,2,2,0,0,0,0,0,0,0,0,0,0,0,0,0,0,17,23,21,23,20,19,26,15,25,13,27,16,26,14,33,15,29,13,31,14,32,12,31,11,32,13,30,16,32,14,34,11,33,13,32,13,33,14,30,11,36,13,31,13,31,10,27,10,29,14,30,12,30,12,28,9,26,15,26,8,28,8,26,10,26,8,29,6,27,5,26,11,27,9,25,9,25,13,25,8,26,8,22,11,25,12,21,12,22,14,22,11,23,12,22,10,19,11,21,9,18,13,20,10,18,12,18,14,15,15,18,14,17,16,0,0,0,0,0,0,0,0,0,0,0,0,0,0,0,0,0,0,0,0,0,0,-44,21,-46,21,-49,19,-56,23,-51,16,-57,16,-55,14,-61,16,-70,20,-69,12,-74,10,-72,14,-80,12,-79,8,-78,4,-79,6,-88,8,-80,2,-81,2,-78,-3,-78,-5,-84,-5,-78,-10,-83,-9,-81,-11,-82,-3,-75,-11,-75,-7,-73,-5,-78,-5,-64,-3,-74,-5,-68,-6,-65,-2,-67,-6,-64,0,-63,0,-67,2,-60,1,-62,3,-60,1,-58,7,-59,8,-54,9,-52,7,-50,12,-49,9,-45,10,-46,12,-43,10,-39,10,-41,11,-39,13,-34,11,-36,16,-33,15,-32,16,0,0]"
CSI_DATA,268,2a:00:00:00:00:00,-43,11,1,0,1,1,1,0,0,0,1,-96,0,11,2,3911761,0,44,0,384,0,"[0,0,0,0,0,0,0,0,0,0,0,0,0,5,1,5,1,6,1,6,1,6,1,5,1,6,1,5,1,6,1,5,1,6,1,6,1,6,1,5,1,6,1,6,1,5,1,5,1,5,1,5,1,5,1,5,1,5,1,5,1,5,1,5,0,0,1,5,1,5,1,5,1,4,1,4,1,5,1,5,1,4,0,4,0,4,0,4,0,4,0,4,0,4,0,4,0,4,0,4,0,4,0,4,0,3,-1,4,0,4,-1,4,-1,4,-2,3,-1,3,0,0,0,0,0,0,0,0,0,0,0,0,0,0,-4,29,-4,31,-1,31,1,27,5,31,7,31,6,31,8,29,11,32,7,31,9,27,9,31,13,31,9,33,9,32,11,31,12,36,13,32,13,32,8,32,9,32,8,28,11,29,12,29,8,28,7,31,9,27,12,29,9,30,11,26,7,24,11,27,11,26,12,29,10,22,9,27,9,25,11,27,7,27,9,27,5,23,6,24,7,25,5,27,6,25,6,22,2,21,7,26,4,21,4,22,2,21,1,21,3,23,3,23,-1,22,-1,20,-5,24,0,0,0,0,0,0,0,0,0,0,0,0,0,0,0,0,0,0,0,0,0,0,-43,-19,-47,-20,-46,-22,-49,-26,-46,-28,-50,-32,-48,-31,-53,-32,-58,-39,-56,-42,-56,-43,-56,-45,-64,-47,-57,-52,-56,-52,-52,-57,-60,-61,-51,-58,-51,-56,-49,-60,-49,-59,-50,-69,-48,-63,-48,-66,-46,-66,-51,-62,-41,-63,-44,-62,-40,-60,-46,-61,-38,-49,-42,-56,-44,-52,-41,-47,-42,-51,-42,-48,-39,-43,-43,-45,-42,-44,-45,-45,-42,-43,-44,-37,-42,-39,-43,-35,-39,-34,-42,-30,-38,-30,-38,-29,-38,-27,-38,-29,-36,-26,-36,-22,-35,-24,-31,-19,-35,-19,-31,-14,-33,-13,0,0]"
CSI_DATA,269,2a:00:00:00:00:00,-43,11,1,0,1,1,1,0,0,0,1,-96,0,11,2,3930635,0,44,0,384,0,"[0,0,0,0,0,0,0,0,0,0,0,0,-5,-4,-5,-3,-5,-3,-5,-4,-6,-4,-5,-4,-6,-3,-5,-3,-6,-3,-6,-3,-6,-4,-6,-3,-6,-4,-6,-3,-5,-4,-6,-3,-6,-3,-6,-3,-6,-3,-5,-3,-5,-3,-5,-3,-5,-3,-5,-3,-5,-3,-5,-2,0,0,-5,-2,-6,-3,-5,-3,-5,-2,-5,-2,-5,-3,-5,-2,-5,-3,-5,-2,-5,-2,-5,-2,-4,-3,-4,-3,-4,-3,-4,-2,-4,-2,-4,-3,-4,-2,-4,-2,-4,-2,-4,-2,-4,-3,-4,-3,-3,-3,-3,-3,-3,-3,0,0,0,0,0,0,0,0,0,0,0,0,0,0,-16,-24,-20,-25,-22,-19,-23,-17,-25,-17,-25,-15,-29,-15,-30,-17,-30,-14,-27,-15,-29,-13,-29,-15,-33,-16,-31,-15,-30,-14,-33,-14,-35,-16,-31,-14,-31,-17,-32,-13,-35,-12,-27,-11,-29,-12,-31,-13,-27,-16,-28,-12,-28,-10,-31,-9,-31,-13,-32,-8,-28,-8,-29,-9,-29,-13,-29,-9,-30,-7,-26,-12,-25,-9,-28,-10,-27,-11,-27,-9,-27,-6,-27,-12,-23,-13,-25,-12,-22,-11,-25,-11,-23,-9,-21,-11,-22,-8,-19,-10,-21,-12,-21,-10,-21,-13,-19,-13,-19,-15,-21,-11,-18,-17,0,0,0,0,0,0,0,0,0,0,0,0,0,0,0,0,0,0,0,0,0,0,47,-12,49,-9,53,-10,53,-8,55,-5,57,-6,58,-5,58,-4,69,-4,67,-2,70,-1,72,-4,79,-4,79,0,74,9,77,9,82,6,77,16,76,13,75,17,74,16,81,18,76,17,76,19,76,15,78,13,70,17,71,18,67,16,71,15,62,11,66,13,66,11,63,8,65,16,63,7,61,4,63,3,55,3,61,0,61,0,56,-3,55,-1,55,-3,51,-7,51,-7,49,-5,48,-7,47,-5,44,-7,41,-7,42,-12,41,-10,35,-10,37,-12,33,-15,29,-14,0,0]"
CSI_DATA,270,2a:00:00:00:00:00,-43,11,1,0,1,1,1,0,0,0,1,-96,0,11,2,3940675,0,44,0,384,0,"[0,0,0,0,0,0,0,0,0,0,0,0,-2,5,-1,5,-1,5,-1,6,-1,5,-1,5,-1,5,-1,5,-1,6,-1,5,-1,6,-1,6,-1,6,-1,5,-1,5,-1,6,-1,5,-1,5,0,5,0,5,0,5,0,5,-1,4,0,5,0,5,-1,5,0,0,0,4,0,5,0,5,0,4,0,4,0,5,0,4,0,4,-1,4,-1,4,-1,4,-1,4,-1,4,-1,4,-1,4,-1,4,-1,4,-1,3,-1,3,-1,3,-1,3,-1,3,-1,3,-1,3,-2,3,-2,3,0,0,0,0,0,0,0,0,0,0,0,0,0,0,-16,22,-18,22,-12,29,-12,28,-11,29,-10,29,-6,31,-8,32,-7,31,-9,32,-6,33,-4,32,-6,33,-4,36,-10,31,-7,33,-8,37,-3,32,-7,31,-10,33,-6,35,-6,30,-3,32,-6,28,-7,28,-4,29,-5,27,-1,33,-6,31,-3,32,-7,26,-6,26,-3,28,-3,30,-3,28,-2,28,-2,28,-3,27,-7,30,-5,25,-6,25,-7,25,-5,27,-7,25,-9,24,-5,21,-7,25,-7,24,-6,19,-8,20,-7,19,-8,19,-8,21,-10,21,-9,20,-12,18,-12,15,0,0,0,0,0,0,0,0,0,0,0,0,0,0,0,0,0,0,0,0,0,0,-32,-37,-33,-38,-33,-39,-37,-42,-31,-47,-34,-53,-32,-49,-33,-54,-38,-59,-29,-59,-34,-65,-36,-65,-37,-72,-30,-71,-25,-71,-25,-73,-29,-80,-20,-78,-23,-78,-21,-77,-17,-80,-18,-81,-15,-77,-20,-80,-15,-80,-21,-76,-11,-73,-11,-72,-12,-72,-14,-73,-13,-61,-16,-70,-13,-66,-16,-61,-15,-66,-14,-58,-17,-60,-20,-62,-23,-57,-21,-56,-18,-54,-23,-53,-22,-55,-20,-48,-19,-49,-27,-46,-19,-43,-21,-46,-20,-43,-22,-38,-22,-38,-23,-33,-18,-37,-21,-31,-23,-32,-24,-27,-20,-27,0,0]"
CSI_DATA,271,2a:00:00:00:00:00,-43,11,1,0,1,1,1,0,0,0,1,-96,0,11,2,3950748,0,44,0,384,0,"[0,0,0,0,0,0,0,0,0,0,0,0,5,-3,5,-3,5,-3,5,-3,5,-3,5,-3,5,-4,5,-4,5,-4,5,-4,5,-4,5,-4,5,-4,5,-4,5,-3,5,-4,5,-4,5,-4,4,-3,4,-3,4,-3,4,-3,4,-3,4,-3,4,-3,4,-4,0,0,4,-3,4,-3,4,-3,4,-4,4,-3,4,-3,4,-3,4,-3,4,-3,4,-3,4,-3,4,-2,3,-3,4,-2,4,-2,4,-2,3,-2,3,-2,4,-2,4,-2,4,-2,3,-2,3,-1,3,-1,4,-1,4,-1,0,0,0,0,0,0,0,0,0,0,0,0,0,0,27,-3,30,-4,28,-9,28,-10,32,-9,30,-12,29,-9,31,-16,26,-13,31,-14,29,-17,29,-16,31,-18,30,-18,30,-16,30,-19,32,-18,28,-18,28,-17,30,-18,33,-21,28,-13,28,-20,27,-16,27,-14,27,-15,26,-15,26,-15,26,-14,28,-17,26,-15,26,-17,25,-14,25,-17,22,-14,23,-13,24,-17,23,-16,22,-15,25,-12,23,-13,25,-6,21,-12,23,-13,23,-12,27,-10,28,-7,23,-10,24,-7,21,-7,21,-9,22,-8,23,-8,20,-6,19,-6,24,-4,23,-1,0,0,0,0,0,0,0,0,0,0,0,0,0,0,0,0,0,0,0,0,0,0,-6,51,-9,50,-9,49,-13,56,-14,53,-20,58,-19,56,-22,60,-26,68,-26,64,-31,68,-32,69,-33,72,-37,70,-42,67,-41,66,-47,77,-47,62,-46,68,-44,63,-46,65,-56,68,-49,59,-54,61,-55,61,-48,61,-52,57,-54,60,-46,49,-52,62,-40,48,-47,56,-43,52,-40,52,-44,53,-38,53,-35,47,-36,55,-32,50,-33,52,-33,51,-30,51,-33,53,-25,46,-26,44,-19,45,-20,44,-20,46,-21,41,-20,41,-15,39,-14,40,-17,39,-12,35,-14,40,-11,40,-7,30,0,0]"
CSI_DATA,272,2a:00:00:00:00:00,-43,11,1,0,1,1,1,0,0,0,1,-96,0,11,2,3962765,0,44,0,384,0,"[0,0,0,0,0,0,0,0,0,0,0,0,3,-5,2,-6,2,-6,2,-6,2,-6,2,-6,2,-7,2,-6,2,-6,2,-6,2,-7,2,-7,2,-6,2,-6,2,-6,2,-7,2,-6,2,-6,1,-6,1,-6,1,-6,1,-6,2,-6,1,-6,1,-6,2,-6,0,0,1,-6,1,-6,1,-6,1,-6,1,-5,1,-6,1,-5,1,-5,1,-5,1,-5,2,-5,1,-5,1,-5,1,-5,2,-5,2,-4,1,-5,1,-4,2,-4,1,-4,2,-4,1,-4,2,-4,2,-4,2,-4,2,-3,0,0,0,0,0,0,0,0,0,0,0,0,0,0,21,-18,18,-21,16,-25,17,-23,13,-28,12,-26,12,-30,11,-30,10,-32,14,-30,10,-33,11,-33,10,-35,11,-33,12,-33,9,-32,11,-36,8,-33,9,-31,8,-31,11,-34,11,-31,7,-32,8,-29,8,-29,8,-30,10,-32,4,-34,6,-31,8,-34,6,-30,8,-28,5,-30,2,-29,5,-29,5,-26,4,-29,6,-29,7,-28,9,-27,7,-24,9,-27,5,-25,8,-25,9,-25,10,-24,11,-21,7,-25,10,-21,8,-21,10,-21,9,-20,9,-23,9,-21,9,-20,14,-19,12,-18,0,0,0,0,0,0,0,0,0,0,0,0,0,0,0,0,0,0,0,0,0,0,16,46,16,47,16,50,15,50,15,55,12,55,12,59,14,59,13,66,13,67,11,70,11,69,13,80,5,79,-2,75,-1,79,4,79,-3,80,-1,76,-6,77,-5,77,-9,84,-8,78,-8,78,-10,77,-6,79,-11,71,-13,74,-9,70,-8,72,-6,63,-5,68,-4,64,-5,61,-6,66,0,64,2,62,2,61,2,57,6,60,3,55,6,60,5,54,10,55,7,50,9,49,8,45,8,47,11,46,11,43,12,40,11,40,11,40,12,34,15,34,16,32,17,29,0,0]"
CSI_DATA,273,2a:00:00:00:00:00,-43,11,1,0,1,1,1,0,0,0,1,-96,0,11,2,3970662,0,44,0,384,0,"[0,0,0,0,0,0,0,0,0,0,0,0,-1,-6,-2,-6,-2,-6,-2,-6,-2,-6,-2,-6,-2,-6,-3,-6,-2,-6,-3,-6,-2,-6,-3,-6,-3,-6,-3,-6,-2,-6,-2,-6,-2,-6,-2,-5,-3,-6,-2,-6,-2,-6,-2,-6,-2,-5,-3,-5,-2,-6,-2,-5,0,0,-2,-5,-2,-5,-3,-6,-2,-5,-2,-6,-2,-5,-2,-5,-2,-5,-2,-5,-2,-5,-1,-5,-1,-5,-2,-5,-2,-5,-1,-4,-1,-5,-1,-5,-1,-4,-1,-4,-1,-4,-1,-4,-1,-4,-1,-4,0,-5,0,-4,0,-4,0,0,0,0,0,0,0,0,0,0,0,0,0,0,13,-26,13,-25,8,-28,7,-29,5,-30,3,-29,3,-33,1,-31,0,-35,3,-32,-1,-30,2,-33,-1,-38,0,-34,1,-32,-1,-36,-1,-35,-2,-37,0,-34,0,-35,-1,-33,3,-33,-2,-29,-1,-31,2,-31,0,-36,2,-30,-2,-33,0,-28,-2,-29,-3,-26,0,-29,-4,-33,-1,-30,-2,-30,1,-27,-1,-31,1,-30,2,-29,1,-29,0,-27,2,-24,1,-27,2,-28,4,-28,2,-25,0,-23,2,-27,4,-23,4,-20,4,-23,6,-22,5,-26,7,-24,7,-25,8,-23,10,-20,0,0,0,0,0,0,0,0,0,0,0,0,0,0,0,0,0,0,0,0,0,0,40,30,38,33,39,34,39,38,39,41,40,39,38,42,40,46,46,53,43,54,42,56,42,57,51,64,44,67,40,68,38,69,40,69,35,71,33,66,30,73,25,73,32,79,25,72,31,70,24,74,31,73,21,71,24,71,23,69,26,66,26,63,21,64,21,60,24,60,22,62,24,57,27,55,28,54,27,50,33,52,26,51,30,50,28,47,32,50,27,39,25,41,27,43,25,38,27,38,24,37,25,31,26,31,24,30,23,22,28,22,26,21,29,22,0,0]"
CSI_DATA,274,2a:00:00:00:00:00,-43,11,1,0,1,1,1,0,0,0,1,-96,0,11,2,3980634,0,44,0,384,0,"[0,0,0,0,0,0,0,0,0,0,0,0,-3,-6,-3,-5,-3,-5,-4,-6,-4,-6,-3,-6,-4,-5,-4,-5,-4,-5,-4,-6,-4,-6,-4,-6,-4,-6,-4,-6,-4,-6,-4,-6,-4,-5,-4,-5,-4,-5,-4,-5,-4,-5,-4,-5,-3,-5,-4,-5,-4,-5,-4,-5,0,0,-4,-4,-4,-5,-4,-5,-4,-4,-4,-5,-4,-5,-3,-5,-3,-5,-3,-4,-3,-4,-3,-4,-3,-5,-3,-4,-3,-4,-3,-4,-3,-4,-3,-4,-3,-4,-3,-4,-3,-4,-2,-4,-2,-4,-2,-4,-2,-4,-2,-4,-1,-4,0,0,0,0,0,0,0,0,0,0,0,0,0,0,-3,-29,-5,-28,-8,-28,-11,-28,-13,-30,-11,-26,-14,-32,-16,-30,-17,-30,-15,-28,-19,-26,-20,-29,-20,-28,-21,-31,-18,-26,-21,-28,-20,-31,-19,-28,-17,-28,-22,-29,-22,-27,-20,-27,-19,-24,-21,-25,-18,-26,-17,-26,-19,-25,-18,-25,-18,-25,-21,-23,-17,-21,-19,-21,-18,-24,-18,-25,-22,-20,-14,-24,-19,-23,-19,-21,-18,-22,-18,-17,-19,-20,-16,-21,-14,-23,-12,-24,-13,-22,-17,-23,-14,-20,-10,-23,-13,-20,-13,-19,-14,-21,-13,-18,-10,-18,-10,-21,-9,-21,-10,-24,-7,-23,0,0,0,0,0,0,0,0,0,0,0,0,0,0,0,0,0,0,0,0,0,0,49,10,47,9,50,14,51,16,54,20,52,19,54,18,57,23,64,24,64,30,60,32,61,31,72,35,67,42,62,40,70,49,67,42,65,49,59,44,63,46,61,50,63,55,62,54,61,55,56,55,61,48,54,52,53,49,53,50,55,46,49,43,50,43,52,41,54,33,51,41,51,34,50,34,50,34,49,34,52,32,45,30,53,28,45,25,51,26,43,21,49,18,45,18,43,17,42,15,42,16,40,17,38,10,39,10,37,8,37,11,35,6,33,5,0,0]"
CSI_DATA,275,2a:00:00:00:00:00,-43,11,1,0,1,1,1,0,0,0,1,-96,0,11,2,3990675,0,44,0,384,0,"[0,0,0,0,0,0,0,0,0,0,0,0,-3,5,-2,5,-2,5,-2,6,-2,5,-3,6,-2,6,-2,6,-2,6,-2,6,-2,6,-2,6,-2,6,-2,6,-2,6,-2,6,-2,6,-2,5,-1,5,-2,5,-2,5,-1,5,-2,5,-1,5,-1,5,-2,5,0,0,-1,5,-1,5,-1,5,-1,5,-1,5,-1,5,-1,4,-1,4,-2,4,-2,4,-2,4,-2,4,-2,4,-2,4,-2,4,-2,4,-2,4,-2,4,-2,4,-2,3,-2,3,-2,3,-2,3,-2,3,-3,3,-3,3,0,0,0,0,0,0,0,0,0,0,0,0,0,0,-23,11,-24,17,-21,21,-19,20,-19,22,-19,22,-19,25,-19,29,-16,28,-19,26,-16,28,-14,28,-18,31,-18,28,-19,26,-15,29,-18,34,-13,31,-16,31,-16,29,-18,32,-15,27,-12,28,-13,27,-13,26,-14,27,-15,27,-10,29,-12,26,-15,28,-13,24,-13,28,-12,26,-12,28,-11,24,-13,27,-12,26,-9,26,-12,24,-16,20,-13,22,-15,21,-11,23,-14,25,-14,24,-15,21,-16,20,-14,22,-14,18,-14,19,-13,17,-13,16,-15,23,-15,18,-15,17,-19,16,-18,12,0,0,0,0,0,0,0,0,0,0,0,0,0,0,0,0,0,0,0,0,0,0,-15,-48,-12,-49,-13,-49,-10,-54,-10,-56,-12,-58,-9,-57,-9,-61,-8,-71,-6,-67,0,-73,-3,-72,-6,-81,2,-76,6,-81,8,-77,5,-85,12,-76,11,-77,11,-77,13,-74,16,-83,17,-76,16,-77,20,-77,12,-79,21,-73,21,-75,18,-68,17,-73,13,-64,16,-68,13,-65,8,-63,10,-66,7,-64,7,-60,6,-62,6,-59,3,-61,4,-61,-2,-60,1,-54,0,-55,0,-53,-4,-51,-4,-50,-4,-48,-7,-45,-5,-45,-6,-44,-7,-42,-4,-41,-10,-33,-9,-40,-13,-35,-13,-32,0,0]"
CSI_DATA,276,2a:00:00:00:00:00,-43,11,1,0,1,1,1,0,0,0,1,-96,0,11,2,4020631,0,44,0,384,0,"[0,0,0,0,0,0,0,0,0,0,0,0,2,-5,1,-6,1,-6,1,-6,1,-6,2,-6,1,-6,1,-6,1,-7,1,-6,1,-7,1,-7,1,-6,1,-6,1,-6,1,-6,1,-6,1,-6,1,-6,1,-6,1,-5,1,-6,1,-5,1,-6,1,-5,1,-6,0,0,1,-6,1,-6,1,-6,0,-6,1,-5,1,-5,0,-5,0,-5,1,-5,1,-5,1,-5,1,-5,1,-4,1,-5,1,-4,1,-5,1,-5,1,-4,1,-4,1,-4,1,-4,1,-4,1,-4,1,-4,2,-4,2,-3,0,0,0,0,0,0,0,0,0,0,0,0,0,0,20,-22,17,-22,13,-24,14,-25,13,-30,13,-26,10,-29,9,-32,10,-32,9,-30,10,-32,9,-31,10,-36,8,-33,11,-32,10,-35,10,-36,7,-33,8,-32,9,-33,8,-34,10,-33,5,-28,6,-31,9,-29,7,-30,11,-33,4,-31,4,-29,7,-33,7,-29,10,-28,6,-29,3,-29,6,-28,3,-25,6,-28,4,-27,7,-29,7,-27,9,-26,9,-26,5,-30,6,-24,7,-25,13,-25,7,-23,9,-25,9,-19,11,-19,7,-22,11,-20,9,-22,11,-22,11,-21,15,-19,14,-17,0,0,0,0,0,0,0,0,0,0,0,0,0,0,0,0,0,0,0,0,0,0,30,38,26,41,29,43,30,46,26,53,25,51,28,51,27,55,30,62,27,65,25,68,26,67,29,74,22,72,18,73,21,78,23,79,13,81,16,75,12,76,8,78,11,84,6,81,7,78,4,81,11,77,3,75,3,73,2,74,7,72,4,67,7,66,6,67,6,61,6,65,9,62,10,65,12,62,11,58,15,57,14,54,16,60,15,53,17,53,13,46,15,50,16,46,16,44,17,43,17,43,15,37,17,36,16,37,13,35,18,32,17,26,21,27,0,0]"
CSI_DATA,277,2a:00:00:00:00:00,-43,11,1,0,1,1,1,0,0,0,1,-96,0,11,2,4040658,0,44,0,384,0,"[0,0,0,0,0,0,0,0,0,0,0,0,-5,2,-5,2,-5,3,-5,3,-5,3,-5,3,-5,3,-5,3,-5,3,-5,3,-5,3,-5,4,-5,3,-5,3,-5,3,-5,3,-5,3,-5,3,-4,3,-5,2,-5,2,-5,3,-5,3,-5,3,-5,3,-5,3,0,0,-4,3,-4,2,-5,3,-4,3,-4,2,-4,2,-4,2,-4,2,-5,2,-5,2,-5,2,-4,2,-4,2,-4,2,-4,2,-4,2,-4,1,-4,1,-4,1,-4,1,-4,1,-4,1,-4,1,-4,1,-4,0,-4,0,0,0,0,0,0,0,0,0,0,0,0,0,0,0,-31,4,-26,2,-27,8,-30,5,-32,9,-30,11,-28,12,-35,13,-28,14,-34,13,-30,14,-31,15,-35,16,-30,14,-30,15,-31,18,-33,17,-29,17,-32,15,-30,15,-33,17,-28,14,-28,16,-27,12,-28,11,-28,12,-26,13,-25,17,-27,16,-28,17,-27,13,-29,12,-24,11,-27,11,-23,14,-26,13,-26,13,-24,13,-26,10,-27,12,-27,8,-26,9,-24,10,-25,12,-25,9,-26,6,-24,6,-25,8,-24,7,-23,4,-24,3,-23,3,-23,3,-22,3,-24,7,-24,1,-27,-2,0,0,0,0,0,0,0,0,0,0,0,0,0,0,0,0,0,0,0,0,0,0,1,-46,7,-51,8,-49,10,-58,12,-54,17,-60,16,-56,20,-61,23,-69,22,-62,26,-65,28,-70,27,-75,32,-70,39,-69,38,-67,44,-74,41,-64,41,-67,48,-62,47,-62,54,-67,47,-60,47,-64,52,-63,46,-66,49,-56,51,-58,48,-52,47,-60,39,-49,46,-53,43,-51,39,-49,44,-51,41,-51,35,-47,36,-53,31,-52,33,-55,34,-51,28,-50,28,-48,25,-48,26,-47,21,-44,23,-44,20,-42,21,-42,19,-39,15,-39,13,-42,17,-42,13,-32,10,-38,10,-35,6,-32,0,0]"
CSI_DATA,278,2a:00:00:00:00:00,-43,11,1,0,1,1,1,0,0,0,1,-96,0,11,2,4050667,0,44,0,384,0,"[0,0,0,0,0,0,0,0,0,0,0,0,2,5,2,5,3,4,3,5,3,5,3,5,3,5,3,5,3,5,3,5,3,5,3,5,3,5,3,5,3,5,3,5,3,5,3,4,3,4,3,4,3,4,3,4,2,4,3,4,3,5,2,4,0,0,3,4,3,4,3,4,3,4,3,4,3,4,3,4,3,4,2,4,2,4,2,4,2,4,2,4,2,4,2,3,1,4,2,4,1,3,1,3,1,3,1,3,1,4,1,3,1,4,0,4,0,4,0,0,0,0,0,0,0,0,0,0,0,0,0,0,-3,28,-2,27,3,29,8,27,8,29,8,29,9,27,12,32,12,31,13,29,14,29,13,27,14,30,13,31,14,29,17,27,18,33,16,32,14,30,12,31,15,29,13,27,15,27,14,28,14,27,14,31,14,25,16,25,16,28,16,24,13,24,14,23,14,27,17,25,14,21,14,27,11,24,16,26,10,25,9,23,12,21,9,23,9,24,12,26,10,26,11,24,12,21,9,23,9,18,7,19,5,21,4,19,7,23,6,24,4,23,4,23,0,21,0,0,0,0,0,0,0,0,0,0,0,0,0,0,0,0,0,0,0,0,0,0,-48,-17,-47,-16,-51,-18,-52,-19,-53,-24,-50,-25,-54,-29,-57,-29,-62,-35,-63,-36,-62,-38,-63,-39,-68,-43,-67,-48,-59,-47,-61,-53,-65,-54,-60,-52,-61,-51,-57,-56,-55,-54,-59,-62,-55,-59,-57,-60,-56,-59,-60,-55,-49,-58,-50,-55,-48,-56,-53,-56,-44,-49,-47,-52,-44,-50,-48,-47,-47,-49,-46,-44,-47,-41,-48,-40,-47,-36,-49,-38,-46,-37,-49,-34,-42,-35,-47,-34,-43,-26,-43,-26,-42,-28,-41,-27,-42,-23,-40,-22,-38,-20,-39,-17,-38,-18,-34,-15,-33,-13,-35,-12,-32,-8,0,0]"
CSI_DATA,279,2a:00:00:00:00:00,-43,11,1,0,1,1,1,0,0,0,1,-96,0,11,2,4061515,0,44,0,384,0,"[0,0,0,0,0,0,0,0,0,0,0,0,5,-3,5,-3,4,-3,5,-3,5,-4,5,-3,5,-4,5,-4,5,-4,5,-4,5,-4,5,-4,5,-4,5,-4,5,-3,5,-4,5,-4,4,-4,4,-3,5,-3,4,-3,4,-4,4,-4,4,-4,4,-3,4,-4,0,0,4,-4,4,-4,4,-3,4,-4,4,-3,4,-3,4,-3,4,-3,4,-3,4,-3,4,-3,4,-3,3,-2,3,-2,4,-3,4,-3,4,-2,4,-2,3,-2,3,-2,3,-2,3,-2,3,-2,3,-1,4,-1,4,-1,0,0,0,0,0,0,0,0,0,0,0,0,0,0,29,-8,26,-7,29,-10,26,-13,26,-13,24,-17,24,-16,26,-20,25,-18,29,-19,24,-20,24,-21,28,-24,28,-23,29,-21,27,-25,31,-23,25,-20,29,-19,27,-22,28,-26,27,-18,23,-20,26,-21,23,-17,23,-21,22,-19,23,-20,24,-15,21,-20,23,-19,22,-20,21,-18,23,-21,20,-19,21,-17,20,-18,21,-20,20,-16,22,-20,22,-18,23,-14,22,-12,21,-13,19,-14,23,-15,23,-11,19,-11,19,-11,20,-11,20,-12,19,-12,17,-11,20,-8,20,-10,22,-6,23,-8,0,0,0,0,0,0,0,0,0,0,0,0,0,0,0,0,0,0,0,0,0,0,2,47,-2,49,-2,49,-3,56,-7,55,-6,58,-6,58,-8,64,-8,72,-14,67,-19,72,-20,72,-19,78,-24,74,-31,71,-29,74,-32,80,-33,70,-32,75,-32,71,-38,69,-40,75,-41,70,-42,69,-44,67,-36,70,-41,60,-38,62,-39,58,-39,65,-32,54,-38,57,-32,59,-27,57,-32,60,-30,56,-25,54,-28,58,-26,54,-24,56,-22,54,-21,56,-22,53,-18,49,-17,49,-17,52,-11,48,-11,47,-11,45,-14,43,-12,40,-9,39,-9,42,-6,35,-5,39,-1,33,1,32,0,0]"
CSI_DATA,280,2a:00:00:00:00:00,-43,11,1,0,1,1,1,0,0,0,1,-96,0,11,2,4082136,0,44,0,384,0,"[0,0,0,0,0,0,0,0,0,0,0,0,4,2,5,2,5,2,5,2,5,2,5,2,5,1,5,2,5,2,5,2,5,2,6,1,6,2,5,2,5,2,5,1,5,1,5,1,5,2,5,2,5,2,5,1,4,1,5,1,5,2,5,1,0,0,5,1,5,1,5,1,4,1,4,2,4,2,4,2,4,1,4,1,4,1,4,1,4,2,3,2,3,2,4,1,4,1,3,2,3,1,3,1,3,1,3,2,3,2,2,2,2,2,2,2,2,2,0,0,0,0,0,0,0,0,0,0,0,0,0,0,19,22,18,19,24,17,22,14,25,13,29,14,27,12,26,13,30,13,31,12,31,11,29,8,34,10,29,11,31,11,32,8,36,13,33,11,31,13,28,11,33,12,28,13,32,9,31,9,27,12,31,11,28,9,29,10,31,10,35,7,26,4,29,7,25,9,30,7,27,7,26,11,29,8,27,6,26,11,25,9,25,8,25,8,24,10,22,9,23,14,22,9,24,8,20,9,23,9,21,9,19,9,23,7,20,10,17,12,18,14,18,14,15,15,0,0,0,0,0,0,0,0,0,0,0,0,0,0,0,0,0,0,0,0,0,0,-44,24,-47,24,-48,23,-54,24,-52,20,-58,22,-54,21,-62,20,-69,23,-65,17,-71,15,-72,15,-78,19,-79,11,-80,6,-77,8,-89,9,-78,3,-81,7,-82,1,-79,-2,-86,-1,-77,-4,-83,-3,-82,-7,-81,-1,-75,-8,-74,-7,-70,-6,-79,-7,-64,-3,-73,-6,-69,-2,-67,4,-69,-1,-62,5,-61,4,-63,6,-59,3,-62,4,-61,5,-56,10,-60,9,-52,8,-53,10,-50,14,-49,8,-48,11,-45,11,-40,10,-42,12,-36,12,-40,15,-34,13,-37,12,-33,16,-28,16,0,0]"
CSI_DATA,281,2a:00:00:00:00:00,-43,11,1,0,1,1,1,0,0,0,1,-96,0,11,2,4090656,0,44,0,384,0,"[0,0,0,0,0,0,0,0,0,0,0,0,-6,2,-5,2,-5,3,-6,2,-5,3,-6,3,-5,3,-6,3,-6,3,-6,3,-6,3,-6,3,-6,3,-6,3,-6,3,-6,3,-5,3,-5,3,-5,3,-5,3,-5,2,-5,3,-5,3,-5,3,-5,3,-5,3,0,0,-5,3,-5,2,-5,3,-4,3,-4,2,-5,2,-4,2,-4,2,-4,3,-5,2,-5,2,-4,2,-4,1,-4,2,-4,2,-5,2,-4,1,-4,1,-4,2,-4,1,-4,1,-4,1,-4,1,-4,1,-5,1,-5,0,0,0,0,0,0,0,0,0,0,0,0,0,0,0,-30,1,-27,0,-27,3,-29,6,-31,8,-30,8,-28,10,-29,11,-26,13,-29,11,-28,12,-28,16,-34,15,-29,13,-32,13,-28,17,-33,17,-29,17,-30,16,-31,16,-31,17,-28,15,-25,14,-26,14,-25,11,-25,13,-27,14,-25,16,-24,13,-27,18,-26,16,-26,16,-27,12,-24,16,-24,15,-21,12,-22,14,-24,13,-23,14,-28,14,-27,13,-25,11,-22,11,-23,12,-23,9,-23,10,-25,7,-20,11,-23,10,-21,9,-21,7,-22,9,-20,9,-20,6,-22,7,-23,3,-21,1,0,0,0,0,0,0,0,0,0,0,0,0,0,0,0,0,0,0,0,0,0,0,14,-47,18,-46,19,-47,22,-50,22,-49,28,-52,27,-51,29,-54,33,-62,34,-57,38,-57,39,-58,44,-66,47,-60,48,-56,51,-57,53,-64,52,-54,52,-54,53,-53,54,-54,63,-56,57,-51,57,-52,60,-48,55,-55,59,-47,56,-50,55,-42,55,-49,45,-43,51,-44,46,-46,44,-44,46,-46,45,-46,41,-45,37,-46,39,-44,38,-47,37,-45,34,-46,33,-44,28,-45,29,-40,23,-41,23,-40,25,-41,18,-43,21,-34,19,-34,18,-36,17,-36,13,-31,12,-33,8,-31,7,-33,0,0]"
CSI_DATA,282,2a:00:00:00:00:00,-43,11,1,0,1,1,1,0,0,0,1,-96,0,11,2,4100630,0,44,0,384,0,"[0,0,0,0,0,0,0,0,0,0,0,0,-3,4,-2,4,-2,5,-3,5,-2,5,-3,5,-3,5,-2,5,-2,5,-2,5,-3,5,-2,6,-2,5,-2,5,-2,5,-2,6,-2,5,-2,5,-2,5,-2,5,-2,4,-2,5,-2,5,-2,5,-2,5,-2,5,0,0,-2,4,-2,5,-2,5,-2,5,-1,4,-2,4,-2,4,-2,4,-2,4,-2,4,-2,4,-2,4,-2,4,-2,3,-2,4,-2,3,-2,4,-2,3,-2,3,-2,3,-2,3,-2,3,-3,3,-2,3,-3,3,-3,2,0,0,0,0,0,0,0,0,0,0,0,0,0,0,-21,20,-23,20,-18,23,-19,22,-18,25,-18,27,-16,29,-14,27,-15,28,-15,28,-12,28,-11,32,-15,34,-14,33,-16,32,-12,34,-15,33,-14,34,-10,31,-14,31,-9,35,-12,30,-8,29,-10,28,-9,29,-11,28,-9,26,-7,31,-10,29,-10,29,-9,27,-9,29,-7,26,-5,32,-9,25,-6,26,-6,28,-6,28,-8,25,-10,24,-9,23,-11,22,-7,25,-7,26,-10,24,-9,20,-9,21,-10,22,-12,20,-11,18,-10,20,-11,19,-8,23,-11,22,-10,17,-14,18,-18,18,0,0,0,0,0,0,0,0,0,0,0,0,0,0,0,0,0,0,0,0,0,0,-18,-48,-14,-50,-17,-50,-15,-56,-12,-58,-11,-57,-14,-56,-9,-63,-10,-74,-10,-69,0,-72,-4,-72,-8,-80,0,-80,3,-80,3,-78,2,-84,9,-80,6,-77,9,-76,8,-80,12,-87,11,-78,16,-77,15,-80,11,-79,15,-77,15,-74,12,-73,12,-74,11,-64,9,-70,8,-67,4,-64,8,-68,3,-64,3,-63,6,-65,0,-61,0,-61,-1,-62,-3,-60,-4,-58,-7,-54,-6,-52,-7,-46,-5,-48,-8,-47,-11,-46,-9,-47,-9,-41,-11,-39,-9,-41,-12,-31,-14,-39,-16,-31,-16,-29,0,0]"
CSI_DATA,283,2a:00:00:00:00:00,-43,11,1,0,1,1,1,0,0,0,1,-96,0,11,2,4110693,0,44,0,384,0,"[0,0,0,0,0,0,0,0,0,0,0,0,5,-4,4,-4,4,-4,5,-4,4,-4,4,-4,5,-5,4,-5,4,-5,4,-5,4,-5,4,-5,4,-5,4,-5,4,-4,5,-5,4,-5,4,-4,4,-4,4,-4,4,-4,4,-4,4,-4,4,-4,4,-4,4,-5,0,0,4,-4,4,-4,4,-4,3,-5,3,-4,3,-4,3,-4,3,-3,3,-4,3,-4,4,-4,3,-3,3,-3,3,-3,3,-3,4,-3,3,-3,3,-3,3,-3,3,-3,3,-3,3,-2,3,-2,3,-2,4,-2,4,-2,0,0,0,0,0,0,0,0,0,0,0,0,0,0,27,-6,26,-8,25,-12,26,-14,29,-17,25,-16,24,-17,27,-19,25,-19,26,-21,26,-23,25,-23,26,-23,27,-22,28,-21,27,-25,25,-24,26,-22,25,-20,25,-24,28,-26,24,-19,22,-21,21,-21,23,-19,22,-20,22,-21,21,-23,22,-20,23,-25,21,-20,20,-21,22,-20,18,-21,18,-21,18,-17,20,-19,20,-19,20,-18,20,-18,21,-18,24,-16,19,-16,21,-17,18,-14,23,-15,19,-17,19,-14,22,-12,16,-13,19,-11,18,-15,17,-14,19,-8,18,-10,22,-8,23,-7,0,0,0,0,0,0,0,0,0,0,0,0,0,0,0,0,0,0,0,0,0,0,-2,47,-3,50,-5,51,-8,56,-9,56,-12,59,-11,58,-16,63,-14,72,-18,66,-25,69,-22,67,-25,78,-31,73,-31,71,-33,72,-38,80,-40,71,-39,70,-36,68,-40,68,-45,72,-44,68,-44,67,-47,66,-40,68,-46,61,-44,62,-42,56,-41,63,-36,53,-39,57,-35,58,-30,56,-36,59,-31,56,-30,52,-27,56,-27,53,-26,56,-26,53,-24,54,-23,53,-18,50,-17,48,-17,47,-17,45,-15,47,-12,44,-13,43,-10,39,-8,40,-8,37,-6,34,-5,36,-1,38,3,34,0,0]"
CSI_DATA,284,2a:00:00:00:00:00,-43,11,1,0,1,1,1,0,0,0,1,-96,0,11,2,4120634,0,44,0,384,0,"[0,0,0,0,0,0,0,0,0,0,0,0,5,-3,4,-3,4,-3,5,-3,5,-4,5,-3,5,-4,5,-4,5,-4,5,-4,5,-4,5,-4,5,-4,5,-4,4,-3,5,-4,4,-4,4,-4,4,-4,4,-4,4,-3,4,-4,4,-3,4,-4,4,-3,4,-4,0,0,3,-4,4,-4,3,-4,4,-4,3,-3,3,-4,3,-4,3,-3,3,-4,4,-3,4,-3,3,-3,3,-3,3,-3,3,-3,3,-3,3,-3,3,-3,3,-3,3,-3,3,-2,3,-3,3,-2,3,-2,3,-2,3,-1,0,0,0,0,0,0,0,0,0,0,0,0,0,0,25,-13,24,-10,24,-16,23,-19,24,-20,22,-22,21,-20,24,-23,20,-24,21,-24,18,-26,20,-24,22,-28,23,-26,23,-25,21,-26,25,-28,21,-26,19,-27,21,-26,21,-28,21,-24,18,-28,20,-25,20,-23,20,-24,17,-24,15,-26,16,-23,17,-27,15,-23,19,-27,16,-22,16,-24,13,-24,14,-24,14,-25,13,-26,16,-22,18,-22,18,-23,20,-19,15,-22,16,-22,17,-18,18,-18,19,-18,14,-19,16,-17,17,-20,15,-17,16,-17,16,-18,17,-16,16,-15,19,-14,20,-10,0,0,0,0,0,0,0,0,0,0,0,0,0,0,0,0,0,0,0,0,0,0,-4,49,-8,51,-5,52,-7,57,-10,57,-13,59,-12,60,-16,61,-15,70,-21,65,-24,73,-24,70,-23,78,-30,71,-33,71,-35,70,-33,77,-37,69,-36,72,-35,70,-40,67,-42,73,-43,67,-43,71,-47,68,-39,71,-44,60,-41,67,-38,61,-39,65,-32,54,-35,61,-32,59,-29,56,-31,59,-28,58,-25,56,-24,58,-21,54,-21,56,-23,55,-18,58,-19,56,-12,52,-14,48,-11,53,-12,49,-9,46,-5,44,-8,45,-7,40,-4,41,-4,41,-3,37,0,40,5,34,4,32,0,0]"
CSI_DATA,285,2a:00:00:00:00:00,-43,11,1,0,1,1,1,0,0,0,1,-96,0,11,2,4133077,0,44,0,384,0,"[0,0,0,0,0,0,0,0,0,0,0,0,1,-6,1,-6,1,-6,1,-6,1,-6,1,-6,1,-7,0,-7,1,-7,0,-6,1,-7,0,-7,1,-7,0,-7,1,-6,1,-7,0,-7,0,-6,0,-6,0,-6,0,-6,0,-6,0,-6,0,-6,0,-6,0,-6,0,0,0,-6,0,-6,0,-6,0,-6,0,-5,0,-6,0,-5,0,-5,0,-5,0,-5,1,-5,0,-5,0,-5,1,-5,1,-4,1,-5,1,-5,1,-4,1,-4,1,-4,1,-4,1,-4,1,-4,1,-4,2,-4,2,-4,0,0,0,0,0,0,0,0,0,0,0,0,0,0,16,-22,14,-22,15,-27,14,-22,12,-27,12,-28,9,-28,9,-31,8,-30,9,-29,8,-31,7,-32,11,-34,8,-33,9,-29,9,-32,9,-36,9,-34,9,-29,12,-30,9,-32,10,-29,7,-33,7,-31,7,-28,7,-30,6,-26,8,-32,8,-32,7,-30,8,-27,8,-27,5,-28,4,-31,5,-25,5,-28,5,-29,5,-28,9,-28,7,-22,7,-24,8,-23,9,-28,8,-25,9,-24,9,-19,9,-22,8,-24,9,-17,9,-20,7,-17,10,-18,8,-20,10,-19,12,-18,12,-20,13,-19,0,0,0,0,0,0,0,0,0,0,0,0,0,0,0,0,0,0,0,0,0,0,28,40,29,41,25,40,27,48,24,46,27,52,25,52,24,54,30,62,24,62,22,66,22,67,26,75,22,74,18,77,14,73,16,80,13,74,15,74,10,75,9,75,8,83,6,75,5,77,3,79,9,75,0,71,-1,77,1,68,6,75,3,60,2,69,5,64,7,63,6,62,8,61,8,56,8,60,10,56,12,57,11,56,12,53,11,52,15,51,11,48,15,47,14,44,15,44,15,44,13,38,16,38,16,35,14,38,13,29,17,33,20,28,19,28,0,0]"
CSI_DATA,286,2a:00:00:00:00:00,-43,11,1,0,1,1,1,0,0,0,1,-96,0,11,2,4140712,0,44,0,384,0,"[0,0,0,0,0,0,0,0,0,0,0,0,-1,5,-1,5,-1,5,-1,6,-1,5,-1,5,-1,6,-1,5,-1,6,0,5,-1,6,0,6,0,6,0,6,-1,5,-1,6,-1,5,-1,5,0,5,0,5,-1,5,0,5,-1,5,0,5,0,5,0,5,0,0,-1,5,0,5,0,5,0,5,0,4,0,4,0,4,-1,4,-1,4,-1,4,-1,4,-1,4,-1,4,-1,4,-2,4,-1,4,-1,4,-1,3,-1,3,-1,3,-2,3,-2,3,-1,3,-1,3,-2,3,-2,3,0,0,0,0,0,0,0,0,0,0,0,0,0,0,-13,28,-13,26,-8,29,-9,28,-7,30,-8,28,-6,30,-3,30,0,30,-6,32,-2,31,-1,31,-3,32,-2,33,-2,33,-2,33,0,34,0,33,-4,31,-4,30,-3,34,-4,30,0,29,-1,31,-1,28,0,29,-2,27,-1,30,0,28,-2,30,-3,27,-4,27,0,29,2,29,1,26,0,29,2,28,1,26,-2,27,-3,25,-4,24,-4,24,-5,26,-7,27,-6,26,-6,23,-6,22,-5,23,-6,18,-5,21,-4,20,-8,18,-6,21,-8,21,-8,19,-9,19,-12,17,0,0,0,0,0,0,0,0,0,0,0,0,0,0,0,0,0,0,0,0,0,0,-39,-32,-39,-33,-38,-31,-41,-40,-38,-42,-39,-43,-42,-45,-43,-45,-46,-51,-39,-54,-40,-59,-44,-61,-46,-65,-41,-67,-33,-66,-34,-73,-39,-73,-33,-73,-34,-70,-32,-72,-33,-72,-32,-77,-26,-74,-27,-75,-21,-72,-29,-73,-20,-70,-21,-69,-20,-67,-24,-68,-19,-62,-22,-66,-22,-60,-27,-58,-22,-59,-26,-54,-23,-55,-25,-58,-26,-54,-28,-55,-24,-52,-27,-50,-26,-47,-26,-46,-24,-45,-31,-44,-25,-40,-27,-38,-27,-35,-22,-38,-23,-35,-25,-31,-23,-31,-24,-27,-26,-29,-25,-23,-26,-25,0,0]"
CSI_DATA,287,2a:00:00:00:00:00,-43,11,1,0,1,1,1,0,0,0,1,-96,0,11,2,4150628,0,44,0,384,0,"[0,0,0,0,0,0,0,0,0,0,0,0,-2,5,-2,5,-1,5,-1,5,-1,5,-1,5,-1,6,-1,5,-1,5,-1,5,-1,6,-1,6,-1,6,-1,6,-1,5,-1,6,-1,5,-1,5,0,5,-1,5,-1,5,0,5,-1,5,0,5,0,5,-1,5,0,0,0,5,0,5,0,5,0,5,0,4,0,5,0,4,0,4,-1,4,-1,4,-1,4,-1,4,-1,4,-1,4,-1,4,-1,4,-1,4,-1,3,-1,3,-1,3,-1,3,-1,3,-1,3,-1,3,-2,3,-2,3,0,0,0,0,0,0,0,0,0,0,0,0,0,0,30,-7,22,-5,26,-9,26,-15,23,-13,24,-15,23,-16,27,-18,22,-17,27,-17,29,-22,25,-20,29,-17,22,-21,29,-17,22,-23,28,-20,28,-20,28,-17,27,-17,24,-28,24,-19,20,-25,22,-19,19,-21,21,-19,20,-20,21,-21,19,-23,25,-23,24,-19,25,-20,18,-17,18,-22,20,-21,21,-19,14,-20,19,-17,21,-17,18,-14,24,-15,22,-15,17,-13,19,-16,17,-13,19,-12,20,-13,13,-16,19,-15,15,-17,18,-13,18,-14,15,-14,19,-8,20,-9,22,-12,22,-7,0,0,0,0,0,0,0,0,0,0,0,0,0,0,0,0,0,0,0,0,0,0,-5,50,-9,54,-5,50,-14,59,-16,51,-18,61,-16,59,-17,61,-19,68,-25,63,-32,69,-29,67,-31,77,-31,70,-38,68,-39,65,-43,79,-40,64,-44,70,-43,67,-43,67,-44,69,-48,61,-48,65,-51,64,-46,65,-46,59,-48,60,-46,57,-48,59,-36,54,-40,57,-38,55,-32,51,-37,54,-29,53,-32,52,-37,53,-30,50,-28,53,-28,52,-27,52,-25,51,-21,46,-20,47,-17,51,-19,41,-17,46,-11,38,-11,39,-8,38,-12,40,-15,43,-8,34,-10,36,-5,39,-2,29,0,0]"
CSI_DATA,288,2a:00:00:00:00:00,-43,11,1,0,1,1,1,0,0,0,1,-96,0,11,2,4161971,0,44,0,384,0,"[0,0,0,0,0,0,0,0,0,0,0,0,2,-6,1,-6,1,-6,2,-7,1,-6,2,-7,1,-7,1,-7,1,-7,1,-7,1,-7,1,-7,1,-7,1,-7,1,-6,1,-7,1,-7,1,-6,0,-6,1,-6,1,-6,1,-6,1,-6,0,-6,0,-6,1,-6,0,0,0,-6,0,-6,0,-6,1,-6,0,-5,1,-6,0,-6,0,-5,1,-6,1,-5,1,-6,1,-5,1,-5,1,-5,1,-5,1,-5,1,-5,1,-4,1,-4,1,-4,1,-4,1,-4,1,-4,1,-4,2,-4,2,-4,0,0,0,0,0,0,0,0,0,0,0,0,0,0,21,-19,19,-21,15,-27,16,-24,17,-27,15,-27,14,-30,15,-32,14,-31,13,-27,12,-30,11,-32,14,-32,12,-31,13,-32,10,-35,13,-37,10,-33,8,-32,13,-31,12,-34,12,-30,6,-31,10,-31,11,-29,12,-30,12,-28,5,-33,8,-30,7,-31,6,-29,8,-29,11,-25,6,-31,8,-26,6,-27,10,-26,7,-29,10,-26,13,-26,10,-25,12,-26,9,-26,7,-28,10,-26,12,-24,13,-20,8,-22,11,-19,13,-20,12,-21,10,-18,12,-20,12,-20,13,-19,15,-18,16,-17,0,0,0,0,0,0,0,0,0,0,0,0,0,0,0,0,0,0,0,0,0,0,23,43,24,46,21,46,22,54,20,54,19,56,18,59,19,61,20,70,15,68,16,70,19,69,20,79,14,79,7,78,5,80,7,85,7,78,4,77,-2,78,-2,78,-6,87,-4,78,1,83,-2,78,0,81,-6,73,-6,75,-7,71,-2,76,-1,66,-4,70,-3,67,0,64,-4,66,-3,62,3,59,5,61,4,59,10,62,7,59,10,58,8,56,8,53,9,48,11,52,9,46,8,44,10,45,12,42,14,40,15,40,11,40,12,31,20,34,13,32,17,27,0,0]"
CSI_DATA,289,2a:00:00:00:00:00,-43,11,1,0,1,1,1,0,0,0,1,-96,0,11,2,4170649,0,44,0,384,0,"[0,0,0,0,0,0,0,0,0,0,0,0,1,-6,1,-6,0,-6,1,-7,1,-7,1,-6,1,-7,0,-7,0,-7,0,-7,1,-7,0,-7,0,-7,0,-7,0,-7,1,-7,0,-7,0,-6,0,-6,0,-6,0,-6,0,-6,1,-6,0,-6,0,-6,0,-6,0,0,0,-6,0,-6,0,-6,0,-6,0,-5,0,-6,0,-6,0,-5,1,-5,1,-5,1,-5,0,-5,0,-5,0,-5,1,-5,1,-5,1,-5,1,-4,1,-4,1,-4,1,-4,1,-4,1,-4,1,-4,2,-4,2,-4,0,0,0,0,0,0,0,0,0,0,0,0,0,0,17,-22,19,-23,15,-25,14,-26,18,-31,11,-27,11,-31,12,-32,9,-32,13,-30,8,-33,10,-32,11,-37,10,-33,9,-34,6,-35,11,-37,7,-35,10,-31,11,-32,9,-36,11,-31,7,-32,9,-30,10,-28,10,-31,8,-30,4,-33,5,-29,8,-34,5,-30,6,-28,6,-27,4,-30,6,-27,6,-28,4,-30,4,-30,10,-29,11,-25,12,-25,8,-25,9,-25,11,-26,7,-23,10,-23,11,-20,6,-25,10,-19,11,-20,10,-20,10,-19,10,-22,11,-21,11,-21,12,-16,15,-17,0,0,0,0,0,0,0,0,0,0,0,0,0,0,0,0,0,0,0,0,0,0,28,43,28,45,27,43,26,49,24,52,23,55,25,55,22,61,23,67,22,67,22,70,21,70,23,76,19,77,15,76,13,80,15,83,7,81,10,78,4,81,1,80,2,84,-1,80,6,79,1,82,7,80,0,74,-2,75,0,72,3,75,1,63,1,71,0,67,4,63,0,68,4,63,8,61,10,62,10,57,12,63,10,59,10,57,11,53,13,53,13,49,9,48,11,45,13,44,13,42,14,41,17,38,16,38,14,37,15,31,17,33,16,30,19,27,0,0]"
CSI_DATA,290,2a:00:00:00:00:00,-43,11,1,0,1,1,1,0,0,0,1,-96,0,11,2,4182090,0,44,0,384,0,"[0,0,0,0,0,0,0,0,0,0,0,0,2,4,3,4,3,4,3,4,3,4,3,4,3,4,3,4,3,4,3,4,4,5,4,4,3,5,3,4,3,4,4,4,3,4,3,4,3,4,3,4,3,4,3,4,3,3,3,4,3,4,3,3,0,0,3,3,3,4,3,4,3,3,3,3,3,4,3,3,2,3,2,3,2,3,2,3,2,4,2,3,2,3,2,3,2,3,2,3,2,3,2,3,1,2,1,3,1,3,1,3,1,3,1,3,1,3,0,0,0,0,0,0,0,0,0,0,0,0,0,0,2,29,2,25,9,27,9,27,12,29,12,29,13,28,15,30,14,29,17,27,12,27,19,29,18,31,19,30,19,30,19,28,18,31,18,29,17,29,17,27,21,28,17,27,18,26,16,26,15,27,16,28,15,24,15,24,15,26,16,24,18,22,16,23,15,24,17,26,17,20,13,26,15,24,16,25,13,24,16,22,16,20,13,22,12,26,12,25,9,21,14,22,12,23,8,20,10,18,9,21,10,20,9,20,8,22,6,20,8,20,4,20,4,21,0,0,0,0,0,0,0,0,0,0,0,0,0,0,0,0,0,0,0,0,0,0,-49,-11,-53,-14,-51,-16,-55,-19,-55,-21,-58,-22,-57,-22,-59,-28,-65,-29,-62,-31,-64,-35,-68,-36,-75,-38,-68,-43,-67,-45,-63,-45,-72,-50,-63,-47,-64,-47,-64,-51,-59,-55,-64,-58,-58,-55,-59,-56,-57,-57,-60,-52,-53,-53,-55,-57,-48,-51,-57,-54,-45,-41,-52,-49,-49,-45,-51,-43,-51,-45,-52,-38,-47,-35,-49,-38,-48,-35,-53,-36,-52,-38,-50,-31,-50,-30,-48,-25,-46,-25,-48,-23,-49,-21,-44,-23,-46,-19,-40,-17,-39,-17,-41,-15,-38,-15,-34,-10,-39,-9,-38,-8,-32,-7,0,0]"
CSI_DATA,291,2a:00:00:00:00:00,-43,11,1,0,1,1,1,0,0,0,1,-96,0,11,2,4193606,0,44,0,384,0,"[0,0,0,0,0,0,0,0,0,0,0,0,0,5,0,5,0,6,0,6,0,6,0,5,0,5,1,6,1,6,1,6,0,6,1,6,1,6,1,6,0,5,1,6,0,5,0,5,1,5,1,5,1,5,1,5,1,5,1,5,1,5,0,5,0,0,1,5,1,5,1,5,1,5,1,4,1,5,1,5,1,5,0,4,0,4,0,4,0,4,0,4,0,4,0,4,0,4,0,4,0,3,-1,3,0,3,-1,3,-1,4,-1,4,-1,4,-1,3,-1,3,0,0,0,0,0,0,0,0,0,0,0,0,0,0,-15,28,-11,26,-5,28,-6,26,-6,32,-2,27,-1,32,-1,33,-1,32,0,32,3,33,1,32,0,35,-1,34,0,32,2,33,2,38,0,33,0,32,0,31,1,33,3,30,4,27,3,30,1,31,-2,30,3,27,2,30,1,30,4,29,1,27,2,27,2,30,4,29,4,26,-1,28,3,28,0,29,-1,28,1,25,0,26,-4,24,-3,25,0,26,-1,27,-5,23,-5,22,-4,26,-1,18,-2,19,-1,19,-4,22,-4,22,-4,23,-7,23,-7,19,-9,20,0,0,0,0,0,0,0,0,0,0,0,0,0,0,0,0,0,0,0,0,0,0,-41,-32,-38,-32,-40,-32,-41,-36,-39,-42,-39,-44,-41,-43,-39,-48,-45,-54,-38,-56,-41,-59,-43,-60,-47,-66,-43,-67,-36,-68,-36,-67,-41,-73,-34,-72,-34,-68,-31,-71,-27,-71,-30,-78,-27,-76,-28,-74,-27,-74,-32,-72,-24,-71,-23,-72,-25,-69,-27,-67,-22,-59,-23,-64,-23,-61,-24,-58,-24,-60,-27,-55,-26,-53,-28,-55,-28,-50,-30,-53,-28,-54,-33,-47,-25,-46,-30,-44,-27,-41,-28,-41,-28,-41,-25,-38,-30,-34,-26,-35,-25,-33,-29,-30,-27,-31,-24,-25,-29,-25,-28,-23,-26,-20,0,0]"
CSI_DATA,292,2a:00:00:00:00:00,-43,11,1,0,1,1,1,0,0,0,1,-96,0,11,2,4220668,0,44,0,384,0,"[0,0,0,0,0,0,0,0,0,0,0,0,-1,-6,-2,-6,-2,-6,-2,-6,-2,-6,-2,-6,-2,-6,-2,-6,-2,-6,-3,-6,-2,-7,-2,-6,-2,-7,-3,-6,-2,-6,-2,-7,-2,-6,-2,-6,-2,-6,-2,-6,-2,-6,-2,-6,-2,-5,-3,-6,-3,-6,-2,-6,0,0,-2,-5,-2,-6,-3,-6,-2,-5,-2,-5,-2,-5,-2,-6,-2,-5,-2,-5,-2,-5,-1,-5,-2,-5,-2,-5,-2,-5,-1,-5,-1,-5,-2,-5,-1,-4,-1,-4,-1,-4,-1,-4,-1,-4,-1,-4,-1,-4,0,-4,0,-4,0,0,0,0,0,0,0,0,0,0,0,0,0,0,-22,11,-28,12,-21,14,-23,14,-23,20,-21,17,-19,21,-21,23,-17,26,-20,23,-19,27,-18,26,-20,26,-19,32,-23,26,-19,29,-23,24,-19,26,-11,27,-23,24,-19,31,-21,24,-16,26,-16,23,-18,18,-16,25,-23,24,-20,25,-13,22,-19,26,-19,26,-18,23,-16,23,-14,27,-16,26,-15,22,-15,25,-13,25,-18,22,-21,22,-21,18,-23,18,-16,18,-16,20,-14,20,-22,17,-19,16,-17,14,-17,17,-16,11,-16,16,-18,13,-18,13,-18,13,-17,13,-19,11,-20,12,0,0,0,0,0,0,0,0,0,0,0,0,0,0,0,0,0,0,0,0,0,0,-17,-51,-15,-51,-15,-55,-16,-54,-15,-61,-8,-63,-5,-60,-4,-66,-7,-74,-5,-70,-2,-74,-1,-72,-7,-83,3,-81,8,-76,10,-78,3,-88,15,-81,10,-73,13,-76,12,-75,20,-82,20,-79,14,-80,18,-77,14,-80,24,-72,24,-71,20,-69,14,-72,13,-63,17,-64,18,-67,14,-62,18,-67,13,-62,11,-63,11,-62,6,-58,8,-63,8,-56,4,-58,5,-53,1,-57,5,-53,1,-51,5,-47,2,-48,3,-45,-1,-48,-7,-40,-3,-40,-4,-33,-2,-36,-7,-39,-9,-37,-8,-33,0,0]"
CSI_DATA,293,2a:00:00:00:00:00,-43,11,1,0,1,1,1,0,0,0,1,-96,0,11,2,4230632,0,44,0,384,0,"[0,0,0,0,0,0,0,0,0,0,0,0,-5,-3,-5,-3,-6,-3,-6,-3,-6,-3,-6,-2,-6,-2,-6,-2,-6,-2,-6,-3,-7,-3,-6,-2,-6,-3,-6,-3,-6,-3,-7,-2,-6,-2,-6,-2,-6,-2,-6,-2,-6,-2,-6,-2,-6,-2,-6,-2,-6,-2,-6,-2,0,0,-6,-2,-6,-2,-6,-2,-6,-1,-5,-2,-5,-2,-5,-2,-5,-2,-5,-2,-5,-2,-5,-2,-5,-2,-5,-2,-4,-2,-4,-2,-4,-2,-5,-2,-4,-2,-4,-2,-4,-2,-4,-2,-4,-2,-4,-2,-4,-3,-4,-3,-3,-3,0,0,0,0,0,0,0,0,0,0,0,0,0,0,-17,-22,-17,-24,-23,-19,-24,-17,-26,-14,-25,-15,-27,-19,-30,-17,-28,-15,-29,-17,-31,-14,-31,-15,-32,-14,-31,-16,-30,-15,-32,-14,-34,-14,-30,-14,-28,-13,-30,-13,-34,-13,-30,-13,-30,-12,-29,-14,-27,-14,-29,-14,-28,-11,-30,-11,-28,-11,-30,-10,-27,-10,-27,-12,-24,-13,-27,-10,-27,-5,-24,-11,-25,-11,-28,-12,-25,-13,-26,-10,-25,-10,-27,-10,-22,-13,-22,-13,-20,-14,-22,-12,-24,-9,-21,-15,-21,-11,-20,-12,-20,-11,-20,-11,-18,-13,-17,-16,-17,-13,-17,-13,-16,-15,0,0,0,0,0,0,0,0,0,0,0,0,0,0,0,0,0,0,0,0,0,0,47,-18,49,-17,47,-14,54,-16,56,-13,59,-12,59,-12,62,-10,71,-11,69,-7,70,-6,71,-6,80,-7,78,-2,75,2,76,4,82,0,77,9,79,8,78,9,77,12,81,14,77,13,78,10,76,15,78,7,71,14,71,12,69,17,74,12,64,9,68,12,65,11,62,7,66,8,61,7,58,5,60,0,57,-2,58,-1,58,1,56,-4,56,-4,53,-4,47,-6,49,-7,48,-6,44,-7,43,-7,43,-9,39,-9,37,-12,39,-9,34,-11,33,-15,33,-13,28,-15,0,0]"
CSI_DATA,294,2a:00:00:00:00:00,-43,11,1,0,1,1,1,0,0,0,1,-96,0,11,2,4241242,0,44,0,384,0,"[0,0,0,0,0,0,0,0,0,0,0,0,5,-3,5,-3,4,-4,5,-4,5,-4,5,-3,5,-4,5,-4,5,-4,4,-4,5,-4,5,-4,5,-4,5,-4,4,-4,5,-5,4,-4,4,-4,4,-4,4,-4,4,-4,4,-4,4,-4,4,-4,4,-3,4,-4,0,0,4,-4,4,-4,4,-4,4,-4,3,-3,4,-4,3,-4,3,-3,4,-4,4,-3,4,-3,3,-3,3,-3,3,-3,4,-3,4,-3,3,-3,3,-2,3,-2,3,-2,3,-2,3,-2,3,-2,3,-2,3,-1,3,-1,0,0,0,0,0,0,0,0,0,0,0,0,0,0,28,2,28,0,28,-4,25,-5,30,-7,29,-5,27,-10,33,-10,27,-9,30,-11,31,-13,31,-13,32,-14,30,-12,30,-10,33,-13,34,-16,30,-16,30,-13,30,-11,32,-13,29,-11,27,-13,30,-14,25,-14,27,-10,26,-9,25,-15,24,-9,26,-14,28,-13,26,-13,24,-12,26,-12,26,-12,26,-12,23,-13,22,-12,23,-12,28,-9,26,-9,25,-8,24,-9,24,-7,25,-7,23,-5,25,-5,22,-5,23,-5,22,-3,21,-5,22,-6,20,-5,21,-4,19,-2,23,-1,22,2,0,0,0,0,0,0,0,0,0,0,0,0,0,0,0,0,0,0,0,0,0,0,-19,46,-22,49,-21,46,-24,51,-27,50,-29,54,-28,51,-33,54,-36,59,-36,55,-44,55,-44,59,-50,65,-50,58,-54,56,-56,55,-58,60,-57,51,-56,56,-60,52,-59,53,-65,54,-59,50,-61,49,-63,48,-59,49,-61,43,-58,44,-58,39,-58,45,-49,38,-54,41,-49,43,-46,42,-48,41,-46,44,-44,42,-43,42,-41,41,-43,44,-40,42,-35,42,-37,41,-34,41,-31,38,-31,39,-29,39,-24,38,-23,38,-23,33,-21,33,-19,34,-20,34,-14,29,-16,34,-13,33,-8,29,0,0]"
CSI_DATA,295,2a:00:00:00:00:00,-43,11,1,0,1,1,1,0,0,0,1,-96,0,11,2,4261448,0,44,0,384,0,"[0,0,0,0,0,0,0,0,0,0,0,0,5,-2,4,-2,5,-2,5,-2,5,-3,5,-2,5,-3,5,-3,5,-3,5,-3,6,-3,5,-3,5,-3,5,-3,5,-2,5,-3,5,-3,5,-3,4,-3,4,-2,4,-2,4,-3,4,-2,4,-3,5,-3,4,-3,0,0,4,-3,4,-3,4,-3,4,-3,4,-2,4,-2,4,-2,4,-2,4,-2,4,-2,4,-2,4,-2,3,-2,4,-2,4,-2,4,-2,3,-1,3,-1,3,-1,3,-1,3,-1,3,-1,3,-1,3,-1,3,-1,3,-1,0,0,0,0,0,0,0,0,0,0,0,0,0,0,26,0,26,-1,28,-4,25,-6,28,-9,30,-9,27,-10,29,-12,28,-12,29,-13,29,-15,28,-13,32,-17,30,-13,30,-12,29,-19,32,-15,28,-12,29,-12,27,-16,30,-19,29,-13,25,-15,25,-13,25,-15,27,-16,28,-14,26,-16,26,-13,28,-17,26,-14,26,-15,25,-14,24,-14,22,-17,21,-13,23,-14,20,-15,22,-11,26,-12,25,-12,26,-13,23,-10,22,-12,21,-8,23,-10,24,-10,20,-10,21,-7,24,-6,22,-7,20,-4,21,-9,21,-4,22,-6,21,-5,24,-1,0,0,0,0,0,0,0,0,0,0,0,0,0,0,0,0,0,0,0,0,0,0,-17,47,-18,48,-21,49,-23,50,-28,51,-29,50,-29,51,-34,53,-38,61,-41,58,-44,58,-41,58,-47,68,-47,60,-52,55,-54,58,-56,64,-58,54,-56,54,-56,53,-59,50,-61,56,-60,52,-61,52,-63,49,-58,56,-60,44,-57,44,-57,43,-54,47,-48,39,-52,44,-46,43,-45,41,-47,42,-45,42,-43,43,-40,46,-37,42,-38,45,-36,42,-35,43,-33,42,-30,43,-30,38,-30,39,-28,40,-24,38,-20,37,-21,36,-18,35,-18,36,-20,37,-11,30,-11,32,-10,34,-8,31,0,0]"
CSI_DATA,296,2a:00:00:00:00:00,-43,11,1,0,1,1,1,0,0,0,1,-96,0,11,2,4290935,0,44,0,384,0,"[0,0,0,0,0,0,0,0,0,0,0,0,-6,-2,-6,-2,-6,-1,-7,-1,-6,-1,-7,-1,-7,-1,-7,-1,-7,-1,-6,-1,-7,-1,-7,-1,-7,-1,-7,-1,-7,-1,-7,-1,-7,-1,-6,-1,-7,-1,-6,-1,-6,-1,-6,-1,-6,-1,-6,-1,-6,-1,-6,-1,0,0,-6,0,-6,-1,-6,-1,-6,0,-6,-1,-6,-1,-6,-1,-6,-1,-5,-1,-5,-1,-6,-1,-5,-2,-5,-1,-5,-2,-5,-1,-5,-1,-5,-2,-4,-1,-4,-1,-4,-1,-5,-1,-4,-2,-4,-2,-4,-2,-4,-2,-4,-2,0,0,0,0,0,0,0,0,0,0,0,0,0,0,-20,-22,-22,-17,-23,-17,-26,-14,-26,-13,-31,-13,-29,-13,-29,-14,-28,-13,-30,-13,-31,-8,-30,-10,-37,-10,-32,-10,-33,-11,-36,-9,-34,-10,-30,-12,-30,-11,-31,-11,-36,-8,-30,-9,-30,-8,-28,-9,-27,-11,-29,-11,-29,-7,-30,-10,-29,-10,-29,-6,-29,-5,-29,-6,-27,-9,-29,-9,-29,-7,-25,-10,-27,-8,-27,-10,-27,-14,-28,-8,-28,-6,-25,-9,-23,-12,-25,-11,-23,-10,-26,-9,-26,-11,-24,-9,-21,-12,-22,-10,-19,-12,-21,-11,-18,-11,-17,-13,-17,-11,-18,-12,-19,-14,0,0,0,0,0,0,0,0,0,0,0,0,0,0,0,0,0,0,0,0,0,0,44,-23,48,-19,48,-21,53,-20,52,-17,60,-19,58,-15,61,-16,74,-16,68,-14,73,-11,74,-12,77,-13,76,-9,77,-2,77,-5,82,-5,78,3,78,1,74,3,80,7,84,9,74,5,78,4,79,8,78,1,73,9,73,8,68,10,73,4,61,4,68,6,64,6,63,0,64,4,61,-2,57,-2,61,-5,56,-4,60,-7,55,-5,55,-10,56,-10,49,-10,47,-8,46,-9,47,-11,43,-12,41,-12,42,-11,39,-13,36,-12,38,-12,31,-15,34,-14,31,-15,27,-18,0,0]"
CSI_DATA,297,2a:00:00:00:00:00,-43,11,1,0,1,1,1,0,0,0,1,-96,0,11,2,4310818,0,44,0,384,0,"[0,0,0,0,0,0,0,0,0,0,0,0,-5,3,-5,3,-5,3,-5,3,-5,3,-5,3,-5,4,-5,4,-5,4,-5,4,-6,4,-5,4,-5,3,-5,3,-5,3,-5,4,-5,4,-5,4,-5,3,-4,3,-4,3,-5,4,-5,3,-4,3,-5,3,-5,3,0,0,-4,3,-4,3,-4,3,-4,4,-4,3,-4,3,-4,3,-4,3,-4,3,-5,3,-5,3,-4,2,-4,2,-4,2,-4,2,-4,2,-4,2,-4,2,-4,2,-4,2,-4,1,-4,2,-4,1,-4,1,-4,1,-4,1,0,0,0,0,0,0,0,0,0,0,0,0,0,0,-24,16,-23,16,-20,22,-19,20,-21,21,-21,22,-16,24,-17,27,-18,26,-20,26,-16,27,-15,28,-18,33,-17,28,-21,25,-18,26,-19,28,-17,29,-19,25,-19,26,-20,31,-20,26,-15,27,-14,26,-15,23,-14,24,-17,24,-17,25,-16,23,-16,28,-16,26,-20,24,-13,22,-16,26,-17,25,-18,24,-14,23,-12,25,-16,21,-15,21,-17,18,-17,20,-18,19,-16,18,-14,18,-19,17,-17,17,-16,17,-18,15,-15,13,-17,15,-18,15,-15,16,-16,13,-15,13,-19,13,-19,10,0,0,0,0,0,0,0,0,0,0,0,0,0,0,0,0,0,0,0,0,0,0,-18,-48,-21,-48,-20,-49,-20,-55,-17,-57,-14,-60,-17,-62,-14,-64,-15,-68,-10,-70,-6,-75,-6,-76,-8,-80,0,-78,2,-78,0,-78,3,-86,7,-79,7,-80,6,-80,13,-77,13,-82,14,-77,15,-78,19,-77,12,-78,17,-71,14,-70,16,-68,12,-73,12,-61,13,-64,11,-64,6,-62,9,-64,6,-62,5,-58,6,-63,6,-58,2,-60,2,-56,-3,-55,1,-54,-2,-52,-1,-50,-5,-52,-4,-49,-5,-46,-5,-45,-6,-42,-5,-39,-6,-41,-5,-39,-8,-34,-9,-37,-11,-32,-10,-29,0,0]"
CSI_DATA,298,2a:00:00:00:00:00,-43,11,1,0,1,1,1,0,0,0,1,-96,0,11,2,4320675,0,44,0,384,0,"[0,0,0,0,0,0,0,0,0,0,0,0,-6,-1,-6,0,-6,0,-6,0,-7,0,-6,0,-6,1,-6,1,-7,1,-7,0,-7,0,-7,1,-7,0,-7,0,-6,0,-7,1,-6,1,-6,1,-6,0,-6,0,-6,0,-6,1,-6,1,-6,0,-6,0,-6,1,0,0,-5,1,-6,0,-6,1,-6,1,-5,0,-5,0,-5,0,-5,0,-5,0,-6,0,-6,0,-5,-1,-5,-1,-5,0,-5,0,-5,0,-5,0,-4,0,-5,0,-4,0,-5,0,-4,-1,-4,-1,-4,-1,-4,-1,-4,-1,0,0,0,0,0,0,0,0,0,0,0,0,0,0,-26,-11,-24,-10,-29,-6,-27,-6,-32,-1,-33,-3,-30,2,-33,-1,-29,0,-34,0,-33,1,-36,3,-38,0,-31,1,-33,1,-34,3,-36,2,-33,4,-35,-2,-33,0,-34,3,-32,-1,-30,5,-33,0,-31,-1,-29,1,-30,2,-31,3,-31,-1,-30,6,-27,5,-30,1,-26,1,-31,1,-27,5,-28,1,-26,2,-26,-2,-26,-5,-27,1,-29,0,-28,-1,-24,0,-26,-1,-22,-4,-28,0,-27,-3,-25,-1,-26,-2,-25,-3,-24,-4,-23,-4,-21,-5,-20,-4,-22,-4,-22,-5,-22,-8,0,0,0,0,0,0,0,0,0,0,0,0,0,0,0,0,0,0,0,0,0,0,32,-39,35,-38,36,-38,42,-40,44,-39,47,-40,48,-37,50,-39,58,-43,58,-37,61,-39,60,-42,66,-46,69,-40,69,-34,69,-35,75,-41,73,-31,71,-31,73,-28,75,-27,79,-25,72,-23,75,-28,74,-23,73,-32,68,-22,69,-22,66,-18,70,-24,59,-20,65,-20,61,-20,57,-24,61,-22,56,-24,53,-25,54,-28,48,-26,52,-30,49,-27,45,-29,47,-30,46,-28,42,-28,38,-24,39,-28,38,-26,32,-24,32,-28,29,-27,29,-28,32,-24,25,-27,24,-29,20,-27,21,-25,0,0]"
CSI_DATA,299,2a:00:00:00:00:00,-43,11,1,0,1,1,1,0,0,0,1,-96,0,11,2,4331414,0,44,0,384,0,"[0,0,0,0,0,0,0,0,0,0,0,0,-6,0,-6,0,-6,0,-6,0,-6,0,-6,0,-7,1,-6,1,-7,1,-6,1,-7,1,-7,1,-7,1,-6,0,-6,0,-7,1,-6,1,-6,1,-6,1,-6,0,-6,1,-6,1,-6,1,-6,1,-6,0,-6,1,0,0,-6,1,-6,0,-6,1,-6,1,-5,0,-6,0,-5,0,-5,0,-5,1,-5,0,-5,0,-5,0,-5,0,-5,0,-5,0,-5,0,-5,0,-5,0,-5,0,-4,0,-5,0,-4,0,-4,-1,-4,-1,-4,-1,-4,-1,0,0,0,0,0,0,0,0,0,0,0,0,0,0,-29,-10,-24,-5,-31,-2,-28,-4,-29,1,-33,4,-31,3,-33,2,-29,4,-35,6,-32,5,-31,6,-36,6,-31,5,-35,5,-35,8,-37,7,-33,7,-34,5,-30,7,-36,9,-30,6,-29,5,-28,5,-28,2,-30,4,-29,6,-27,9,-30,6,-30,8,-29,8,-31,7,-25,6,-32,5,-26,6,-28,4,-27,4,-27,5,-26,-1,-28,4,-26,5,-27,4,-24,3,-25,2,-26,-1,-24,1,-25,1,-22,0,-25,-1,-21,-3,-25,0,-21,-3,-22,-2,-19,-4,-21,-2,-24,-2,-22,-5,0,0,0,0,0,0,0,0,0,0,0,0,0,0,0,0,0,0,0,0,0,0,25,-45,31,-46,27,-42,34,-47,35,-44,40,-47,41,-45,46,-45,51,-50,48,-49,53,-52,53,-54,55,-57,61,-52,66,-45,65,-43,70,-51,65,-39,68,-44,68,-36,68,-34,76,-37,66,-35,68,-39,72,-37,66,-42,65,-32,67,-33,60,-27,67,-36,52,-30,66,-30,60,-29,55,-30,58,-30,53,-31,46,-31,50,-39,44,-35,46,-35,45,-34,43,-37,44,-35,37,-35,38,-33,36,-35,34,-31,34,-32,30,-31,27,-31,26,-32,24,-36,23,-32,21,-26,19,-31,15,-32,16,-28,0,0]"
CSI_DATA,300,2a:00:00:00:00:00,-43,11,1,0,1,1,1,0,0,0,1,-96,0,11,2,4340889,0,44,0,384,0,"[0,0,0,0,0,0,0,0,0,0,0,0,-6,-2,-6,-2,-6,-2,-7,-2,-6,-1,-6,-2,-7,-1,-7,-1,-7,-1,-7,-1,-7,-1,-7,-1,-7,-2,-7,-1,-7,-2,-7,-1,-7,-1,-6,-1,-6,-1,-6,-1,-6,-1,-6,-1,-6,-1,-6,-1,-6,-1,-6,-1,0,0,-6,-1,-6,-1,-6,-1,-6,-1,-6,-1,-6,-2,-6,-1,-6,-2,-5,-1,-5,-1,-5,-1,-5,-2,-5,-2,-5,-2,-5,-1,-5,-1,-4,-2,-4,-1,-4,-1,-4,-1,-4,-2,-4,-2,-4,-2,-4,-2,-4,-2,-4,-2,0,0,0,0,0,0,0,0,0,0,0,0,0,0,-24,-19,-22,-18,-26,-14,-26,-13,-30,-11,-28,-9,-27,-10,-32,-10,-29,-8,-32,-7,-34,-6,-35,-6,-36,-5,-33,-10,-33,-9,-35,-6,-37,-9,-34,-8,-33,-9,-32,-5,-36,-6,-31,-4,-34,-5,-30,-7,-29,-8,-31,-8,-27,-7,-31,-5,-28,-6,-31,-4,-29,-4,-32,-3,-27,-7,-32,-4,-29,-4,-26,-9,-29,-7,-28,-5,-27,-9,-27,-3,-28,-4,-28,-5,-24,-5,-25,-6,-23,-8,-26,-7,-26,-6,-22,-7,-24,-8,-22,-5,-22,-7,-21,-8,-21,-8,-19,-10,-19,-7,-20,-11,-21,-12,0,0,0,0,0,0,0,0,0,0,0,0,0,0,0,0,0,0,0,0,0,0,42,-25,47,-27,46,-25,53,-25,51,-22,57,-22,57,-22,60,-21,68,-24,67,-18,71,-17,71,-19,77,-21,76,-15,78,-8,78,-10,85,-16,76,-6,79,-6,76,-7,77,-4,80,-5,78,-3,77,-4,79,3,76,-5,71,0,74,1,69,2,75,-2,59,-5,71,-1,67,-3,62,-5,64,-3,62,-9,58,-10,59,-14,56,-12,58,-14,55,-9,54,-15,53,-16,50,-14,47,-16,43,-17,41,-16,41,-16,40,-17,42,-18,38,-15,35,-19,36,-17,31,-15,31,-21,28,-21,27,-21,0,0]"
CSI_DATA,301,2a:00:00:00:00:00,-43,11,1,0,1,1,1,0,0,0,1,-96,0,11,2,4361248,0,44,0,384,0,"[0,0,0,0,0,0,0,0,0,0,0,0,1,4,1,5,2,5,2,5,2,5,1,5,2,5,2,5,2,5,2,5,2,5,2,5,2,5,2,5,2,5,2,5,2,5,2,5,2,5,2,4,2,4,2,4,2,4,2,4,2,5,2,4,0,0,2,4,2,4,3,4,2,4,2,4,2,4,2,4,2,4,2,4,1,4,1,4,1,4,2,4,1,4,1,3,1,3,1,4,1,3,1,3,1,3,0,3,1,3,1,3,1,3,0,3,0,3,0,0,0,0,0,0,0,0,0,0,0,0,0,0,-4,28,-1,27,2,29,4,28,2,27,5,27,8,27,7,33,11,28,9,29,15,29,13,28,13,31,12,27,9,30,11,29,14,33,13,30,11,31,11,31,13,32,8,29,14,29,13,28,11,26,12,28,12,26,12,26,12,26,12,28,10,24,11,27,10,25,12,26,12,22,13,26,13,26,12,26,12,29,9,22,7,24,5,23,6,27,7,25,5,26,4,21,4,23,5,22,4,21,3,21,4,19,4,19,7,21,2,23,0,22,0,20,-1,19,0,0,0,0,0,0,0,0,0,0,0,0,0,0,0,0,0,0,0,0,0,0,-47,-23,-48,-25,-48,-27,-50,-32,-48,-32,-54,-38,-52,-31,-54,-37,-60,-43,-53,-45,-54,-50,-55,-48,-61,-54,-54,-57,-55,-59,-52,-58,-59,-66,-49,-63,-49,-62,-52,-59,-49,-62,-50,-67,-45,-62,-46,-67,-42,-68,-48,-62,-35,-64,-43,-63,-37,-58,-41,-63,-34,-51,-40,-57,-42,-53,-43,-46,-41,-49,-41,-45,-38,-42,-41,-46,-41,-43,-42,-43,-42,-41,-41,-38,-41,-40,-42,-35,-39,-34,-42,-30,-40,-26,-39,-26,-37,-24,-38,-24,-35,-22,-35,-20,-36,-24,-29,-16,-34,-18,-32,-13,-31,-10,0,0]"
CSI_DATA,302,2a:00:00:00:00:00,-43,11,1,0,1,1,1,0,0,0,1,-96,0,11,2,4371746,0,44,0,384,0,"[0,0,0,0,0,0,0,0,0,0,0,0,1,-6,1,-6,0,-6,1,-6,1,-6,1,-6,0,-7,0,-6,1,-7,0,-7,1,-7,1,-7,1,-7,0,-6,1,-6,1,-7,1,-6,0,-6,0,-6,0,-6,0,-6,0,-6,1,-6,0,-6,0,-6,0,-6,0,0,0,-6,0,-6,0,-6,0,-6,0,-5,0,-6,0,-6,0,-6,1,-5,1,-5,1,-5,1,-5,0,-5,0,-5,1,-5,1,-5,0,-5,1,-4,1,-4,1,-4,1,-4,1,-4,1,-4,1,-4,2,-4,1,-4,0,0,0,0,0,0,0,0,0,0,0,0,0,0,23,-21,20,-18,17,-25,16,-22,15,-23,13,-26,12,-27,16,-30,13,-29,15,-24,12,-28,12,-29,13,-32,10,-33,12,-30,10,-35,14,-33,12,-35,11,-30,11,-30,14,-33,12,-28,8,-30,10,-30,11,-27,11,-31,11,-26,8,-33,9,-28,10,-31,10,-28,9,-28,8,-30,7,-29,8,-28,9,-28,10,-25,9,-29,13,-27,13,-23,14,-24,11,-25,12,-26,11,-25,10,-23,11,-23,9,-19,10,-22,10,-18,10,-16,10,-17,11,-16,11,-21,15,-19,14,-18,13,-15,14,-13,0,0,0,0,0,0,0,0,0,0,0,0,0,0,0,0,0,0,0,0,0,0,15,50,12,49,11,51,12,57,12,56,9,60,6,59,7,62,7,72,1,69,1,72,5,73,4,80,-1,78,-5,79,-5,77,-8,82,-13,81,-10,78,-12,80,-13,78,-18,82,-16,79,-16,78,-22,75,-12,79,-20,73,-16,71,-17,68,-14,71,-11,60,-13,64,-12,63,-6,61,-11,63,-9,62,-5,58,-4,60,-3,56,0,60,-3,57,-1,57,-1,53,5,54,2,47,7,48,4,45,3,44,6,44,7,41,7,38,11,38,6,38,9,33,11,32,14,29,15,33,0,0]"
CSI_DATA,303,2a:00:00:00:00:00,-43,11,1,0,1,1,1,0,0,0,1,-96,0,11,2,4381152,0,44,0,384,0,"[0,0,0,0,0,0,0,0,0,0,0,0,5,0,5,0,5,0,5,0,5,0,5,0,6,-1,5,-1,6,-1,6,-1,6,0,6,-1,6,0,6,0,5,0,6,-1,6,-1,5,-1,5,-1,5,-1,5,-1,5,-1,5,-1,5,-1,5,-1,5,-1,0,0,5,-1,5,-1,5,-1,5,-1,4,-1,5,0,4,-1,4,0,4,-1,4,-1,5,0,4,0,4,0,4,0,4,0,4,0,4,0,4,0,4,0,3,0,3,0,3,0,3,0,3,1,3,1,3,1,0,0,0,0,0,0,0,0,0,0,0,0,0,0,26,15,23,9,27,6,28,6,29,4,30,4,31,1,31,1,30,-1,31,-2,31,-1,32,-1,35,-2,32,1,34,-3,34,-5,36,-2,31,-4,31,-1,33,-3,34,-4,32,-1,30,-2,28,-2,27,0,31,-1,29,0,28,-5,28,-3,31,-3,27,-3,30,-2,26,-2,26,-3,29,-6,27,-1,28,-1,25,-1,26,3,28,-3,28,0,26,1,24,0,23,1,25,0,25,-1,25,2,21,1,24,1,21,3,22,4,23,2,19,4,19,4,21,4,21,4,19,7,0,0,0,0,0,0,0,0,0,0,0,0,0,0,0,0,0,0,0,0,0,0,-38,39,-39,34,-41,36,-45,36,-49,35,-51,34,-50,34,-55,32,-62,39,-60,35,-63,34,-65,38,-72,39,-71,33,-73,27,-74,27,-77,34,-74,27,-74,26,-76,19,-78,16,-79,22,-79,19,-75,21,-78,18,-75,26,-72,16,-71,18,-68,14,-70,19,-61,17,-65,16,-65,17,-60,16,-61,14,-59,22,-58,21,-57,25,-53,24,-55,25,-53,22,-49,28,-47,28,-46,25,-43,24,-39,25,-41,24,-38,23,-37,24,-36,25,-32,25,-31,27,-32,23,-23,24,-25,27,-23,25,-17,25,0,0]"
CSI_DATA,304,2a:00:00:00:00:00,-43,11,1,0,1,1,1,0,0,0,1,-96,0,11,2,4391240,0,44,0,384,0,"[0,0,0,0,0,0,0,0,0,0,0,0,-5,-3,-5,-3,-6,-3,-6,-3,-6,-3,-6,-3,-6,-3,-6,-2,-6,-3,-6,-2,-6,-3,-6,-2,-6,-3,-6,-3,-6,-3,-7,-2,-6,-2,-6,-2,-6,-2,-6,-2,-6,-3,-6,-2,-5,-2,-6,-2,-6,-2,-6,-2,0,0,-6,-2,-6,-3,-6,-2,-6,-2,-5,-3,-5,-3,-5,-3,-5,-2,-5,-2,-5,-2,-5,-2,-4,-3,-4,-3,-4,-3,-4,-2,-4,-2,-4,-3,-4,-2,-4,-2,-4,-2,-4,-3,-3,-3,-3,-3,-3,-3,-3,-3,-3,-3,0,0,0,0,0,0,0,0,0,0,0,0,0,0,-20,-21,-20,-15,-27,-19,-23,-13,-27,-11,-29,-14,-28,-13,-28,-13,-27,-11,-33,-14,-32,-13,-31,-9,-34,-13,-31,-13,-32,-12,-34,-9,-35,-11,-32,-11,-32,-13,-30,-9,-35,-9,-30,-9,-31,-10,-28,-11,-27,-14,-32,-12,-26,-9,-30,-10,-28,-10,-31,-6,-32,-5,-30,-9,-28,-11,-31,-8,-27,-5,-26,-11,-27,-8,-28,-11,-28,-13,-25,-11,-26,-9,-25,-10,-25,-11,-24,-11,-25,-12,-21,-10,-23,-11,-20,-12,-21,-10,-20,-11,-23,-11,-20,-10,-17,-11,-19,-13,-18,-13,-18,-11,-18,-13,0,0,0,0,0,0,0,0,0,0,0,0,0,0,0,0,0,0,0,0,0,0,45,-24,49,-22,45,-20,56,-22,53,-16,61,-17,57,-16,64,-13,70,-15,66,-12,72,-12,71,-14,79,-17,80,-11,81,-6,75,-4,86,-6,74,0,80,1,77,5,77,8,84,8,74,6,77,1,79,5,79,2,73,6,75,6,67,8,77,6,58,2,71,7,65,7,63,2,64,4,60,0,54,-4,60,-6,53,-6,57,-7,56,-6,53,-10,54,-6,51,-8,48,-12,47,-8,45,-9,44,-11,43,-10,41,-11,40,-16,36,-17,38,-13,30,-15,34,-18,31,-15,23,-17,0,0]"
CSI_DATA,305,2a:00:00:00:00:00,-43,11,1,0,1,1,1,0,0,0,1,-96,0,11,2,4400683,0,44,0,384,0,"[0,0,0,0,0,0,0,0,0,0,0,0,-2,-5,-3,-5,-3,-5,-3,-5,-3,-5,-3,-5,-4,-5,-4,-5,-4,-5,-4,-5,-3,-6,-4,-6,-4,-6,-4,-5,-3,-5,-4,-5,-4,-5,-3,-5,-4,-5,-4,-5,-4,-5,-4,-5,-3,-4,-4,-5,-4,-5,-3,-5,0,0,-3,-4,-4,-5,-4,-5,-3,-4,-3,-4,-3,-5,-3,-4,-3,-4,-3,-4,-3,-4,-3,-5,-3,-4,-3,-4,-3,-4,-2,-4,-2,-4,-3,-4,-2,-4,-2,-4,-2,-3,-2,-4,-2,-4,-2,-4,-2,-4,-1,-4,-1,-4,0,0,0,0,0,0,0,0,0,0,0,0,0,0,-2,-30,-5,-26,-10,-29,-13,-24,-11,-25,-13,-27,-16,-25,-18,-31,-16,-28,-19,-29,-18,-27,-19,-28,-19,-27,-19,-30,-20,-30,-22,-24,-20,-30,-22,-30,-19,-29,-20,-27,-24,-28,-16,-25,-21,-28,-19,-27,-18,-26,-19,-25,-18,-24,-20,-27,-18,-25,-21,-23,-16,-23,-19,-25,-16,-27,-21,-28,-16,-20,-16,-24,-17,-25,-18,-23,-14,-28,-14,-22,-11,-19,-14,-24,-13,-25,-13,-23,-10,-25,-13,-20,-11,-21,-10,-23,-9,-22,-11,-18,-11,-19,-10,-19,-8,-20,-7,-22,-5,-22,-7,-23,-5,-22,0,0,0,0,0,0,0,0,0,0,0,0,0,0,0,0,0,0,0,0,0,0,50,10,52,14,47,14,58,17,54,18,58,22,56,22,60,26,64,29,61,29,65,37,64,34,72,40,66,42,66,47,61,44,72,48,58,47,64,50,61,51,61,52,61,55,52,51,61,53,55,58,59,51,50,50,52,52,47,50,58,51,45,37,52,49,50,41,47,37,49,41,49,36,46,32,50,34,46,32,49,31,49,31,47,27,49,26,43,23,43,24,44,21,42,19,40,18,40,16,39,15,39,14,37,10,35,13,34,6,35,8,34,4,33,4,0,0]"
CSI_DATA,306,2a:00:00:00:00:00,-43,11,1,0,1,1,1,0,0,0,1,-96,0,11,2,4411330,0,44,0,384,0,"[0,0,0,0,0,0,0,0,0,0,0,0,3,-5,3,-5,3,-5,3,-6,3,-5,3,-5,3,-6,3,-6,3,-6,2,-6,3,-6,3,-6,3,-6,3,-6,3,-5,3,-6,3,-6,3,-6,2,-5,3,-5,3,-5,2,-5,3,-5,2,-5,2,-5,2,-6,0,0,2,-5,2,-5,2,-5,2,-6,2,-5,2,-5,2,-5,2,-4,3,-5,3,-4,3,-5,2,-4,2,-4,2,-4,3,-4,3,-4,2,-4,3,-3,3,-3,2,-3,3,-3,2,-3,2,-3,2,-3,3,-3,3,-2,0,0,0,0,0,0,0,0,0,0,0,0,0,0,26,-11,24,-12,24,-15,22,-15,22,-22,21,-18,19,-24,22,-26,20,-23,22,-24,18,-26,22,-26,23,-30,20,-25,23,-24,21,-27,21,-27,21,-28,18,-25,20,-26,21,-26,20,-23,16,-27,18,-24,18,-27,19,-26,17,-23,17,-26,16,-24,18,-26,16,-24,18,-24,16,-23,16,-26,15,-27,17,-22,14,-22,15,-22,16,-23,18,-21,16,-20,19,-17,17,-19,17,-21,17,-20,20,-19,18,-17,14,-19,18,-14,17,-17,17,-14,17,-15,16,-15,19,-14,17,-13,19,-12,19,-10,0,0,0,0,0,0,0,0,0,0,0,0,0,0,0,0,0,0,0,0,0,0,1,51,-2,54,-3,51,-4,57,-5,57,-9,62,-7,60,-13,64,-13,72,-16,65,-22,70,-20,69,-19,77,-26,77,-28,76,-31,68,-31,80,-31,70,-31,72,-31,71,-34,69,-39,75,-33,66,-35,67,-39,66,-35,70,-39,63,-38,66,-34,58,-35,65,-28,53,-33,61,-29,58,-24,54,-28,56,-23,59,-20,53,-21,57,-21,54,-19,59,-18,55,-14,52,-17,53,-12,49,-12,48,-9,47,-8,46,-6,44,-4,44,-3,41,-4,40,-1,40,-4,42,-1,29,1,34,4,35,6,31,0,0]"
CSI_DATA,307,2a:00:00:00:00:00,-43,11,1,0,1,1,1,0,0,0,1,-96,0,11,2,4430636,0,44,0,384,0,"[0,0,0,0,0,0,0,0,0,0,0,0,4,3,4,2,5,3,4,3,5,3,4,2,5,2,5,2,5,2,5,2,5,2,5,2,5,3,5,2,5,2,5,2,5,2,5,2,5,2,5,2,4,2,5,2,4,2,5,2,5,2,4,2,0,0,5,1,5,2,5,2,4,1,4,2,4,2,4,2,4,2,4,1,4,1,4,2,3,2,3,2,3,2,3,2,3,2,3,2,3,1,3,2,3,2,3,2,2,2,3,2,2,2,2,2,2,2,0,0,0,0,0,0,0,0,0,0,0,0,0,0,12,20,13,22,18,24,18,18,21,19,23,19,23,16,26,18,24,18,30,18,26,14,28,16,29,16,26,16,28,18,31,16,32,18,28,15,26,16,29,17,32,16,26,16,29,14,25,16,25,18,27,16,27,13,28,14,25,15,29,12,23,11,26,12,23,14,27,13,27,11,23,15,25,15,24,16,22,17,22,14,23,13,21,13,19,16,19,16,18,15,20,14,20,13,17,15,17,13,17,12,16,16,15,13,15,14,12,16,16,15,15,16,11,15,0,0,0,0,0,0,0,0,0,0,0,0,0,0,0,0,0,0,0,0,0,0,-51,12,-53,9,-55,10,-62,9,-56,5,-65,5,-63,2,-66,2,-71,2,-72,-2,-75,-7,-75,-3,-81,-4,-78,-11,-75,-15,-78,-17,-86,-12,-77,-20,-79,-19,-77,-19,-78,-23,-80,-22,-74,-22,-80,-24,-76,-27,-77,-19,-67,-23,-70,-26,-65,-22,-73,-22,-58,-18,-66,-21,-64,-17,-60,-14,-63,-18,-57,-12,-56,-11,-64,-11,-57,-7,-58,-7,-59,-6,-58,-3,-56,-3,-51,-4,-50,-2,-50,-1,-47,-1,-46,2,-44,-2,-42,0,-41,3,-38,6,-39,2,-33,7,-36,9,-33,9,-29,11,0,0]"
CSI_DATA,308,2a:00:00:00:00:00,-43,11,1,0,1,1,1,0,0,0,1,-96,0,11,2,4440659,0,44,0,384,0,"[0,0,0,0,0,0,0,0,0,0,0,0,2,-6,2,-6,1,-6,1,-6,1,-6,1,-6,1,-7,1,-6,1,-7,1,-6,1,-7,1,-7,1,-7,1,-7,1,-7,1,-7,1,-7,1,-6,1,-6,0,-6,1,-6,1,-6,1,-6,0,-6,1,-6,1,-6,0,0,1,-6,1,-6,0,-6,1,-6,1,-6,1,-6,1,-6,1,-6,1,-5,1,-5,2,-5,1,-5,1,-5,1,-5,2,-5,2,-5,1,-5,1,-4,1,-4,1,-4,2,-4,1,-4,1,-4,1,-4,2,-4,2,-3,0,0,0,0,0,0,0,0,0,0,0,0,0,0,19,-20,19,-22,15,-25,13,-23,16,-26,12,-26,11,-26,11,-29,11,-30,14,-30,11,-29,11,-31,13,-33,11,-33,11,-29,12,-31,12,-36,11,-34,9,-33,13,-31,10,-33,11,-29,9,-29,9,-33,10,-29,11,-32,7,-27,7,-30,8,-28,11,-31,10,-27,13,-29,7,-28,9,-30,9,-26,10,-27,9,-30,9,-26,9,-27,11,-26,9,-24,15,-22,13,-26,13,-26,13,-25,13,-20,12,-20,11,-23,12,-18,12,-18,11,-21,11,-17,12,-21,13,-19,12,-16,18,-15,15,-16,0,0,0,0,0,0,0,0,0,0,0,0,0,0,0,0,0,0,0,0,0,0,22,48,21,50,17,50,21,55,18,56,15,58,15,56,16,63,16,72,13,66,8,70,7,73,10,79,5,81,3,81,-1,76,1,85,-1,78,-1,76,-2,79,-2,78,-7,85,-6,74,-9,75,-11,78,-8,76,-14,73,-11,77,-10,69,-8,72,-2,60,-6,66,-3,65,-1,62,-3,63,1,63,-1,56,1,62,0,55,4,61,4,58,5,58,4,51,10,53,6,49,8,43,9,44,9,42,12,43,10,41,10,38,12,37,11,40,10,31,14,33,14,32,14,27,0,0]"
CSI_DATA,309,2a:00:00:00:00:00,-43,11,1,0,1,1,1,0,0,0,1,-96,0,11,2,4450702,0,44,0,384,0,"[0,0,0,0,0,0,0,0,0,0,0,0,-6,1,-6,1,-5,2,-6,2,-6,1,-6,2,-6,2,-6,2,-6,2,-6,2,-6,2,-6,3,-6,2,-6,2,-6,2,-6,3,-6,3,-6,2,-6,2,-6,2,-6,2,-6,2,-5,2,-5,2,-6,2,-6,3,0,0,-6,3,-5,2,-6,2,-5,2,-5,2,-5,2,-5,2,-5,1,-5,2,-5,2,-5,1,-5,1,-5,1,-5,1,-5,1,-5,1,-5,1,-5,1,-5,1,-4,1,-5,1,-4,0,-4,0,-4,0,-4,0,-5,0,0,0,0,0,0,0,0,0,0,0,0,0,0,0,15,23,13,17,21,20,16,17,14,20,22,19,18,12,25,12,21,14,27,11,29,15,24,13,29,14,26,15,28,18,30,9,31,20,30,15,28,18,29,14,31,13,28,13,30,15,29,14,21,18,26,18,25,12,26,16,26,20,28,16,29,9,25,12,27,12,26,11,28,12,23,15,31,14,24,14,25,18,23,10,22,10,25,19,17,18,20,18,20,18,20,15,19,15,18,17,16,13,15,15,20,15,15,12,15,16,14,15,10,16,16,16,15,17,0,0,0,0,0,0,0,0,0,0,0,0,0,0,0,0,0,0,0,0,0,0,-44,22,-51,24,-51,20,-58,25,-55,15,-63,16,-60,16,-63,17,-72,17,-66,8,-76,12,-71,9,-81,12,-82,6,-78,1,-76,4,-90,6,-77,-3,-83,-4,-82,-2,-83,-8,-78,-8,-74,-9,-83,-10,-79,-15,-82,-4,-76,-13,-73,-8,-65,-12,-74,-10,-59,-8,-69,-6,-69,-10,-61,-3,-64,-3,-62,-3,-55,-1,-62,-2,-53,0,-57,1,-58,-4,-52,7,-52,6,-52,4,-49,3,-46,12,-50,8,-46,5,-45,8,-40,5,-46,6,-38,8,-42,6,-38,11,-35,8,-31,16,-30,16,0,0]"
CSI_DATA,310,2a:00:00:00:00:00,-43,11,1,0,1,1,1,0,0,0,1,-96,0,11,2,4463429,0,44,0,384,0,"[0,0,0,0,0,0,0,0,0,0,0,0,-4,-4,-4,-4,-5,-4,-5,-4,-5,-4,-5,-4,-5,-3,-5,-4,-5,-4,-5,-4,-5,-4,-6,-3,-6,-4,-5,-3,-5,-4,-6,-3,-5,-3,-5,-3,-5,-3,-5,-3,-5,-3,-5,-3,-5,-3,-5,-3,-5,-3,-5,-3,0,0,-5,-3,-5,-3,-5,-3,-5,-3,-5,-3,-5,-3,-5,-3,-5,-3,-4,-3,-4,-3,-4,-3,-4,-3,-4,-3,-4,-3,-4,-3,-4,-3,-4,-3,-4,-3,-3,-3,-3,-3,-3,-3,-3,-3,-3,-3,-3,-3,-3,-3,-3,-3,0,0,0,0,0,0,0,0,0,0,0,0,0,0,-16,-26,-14,-21,-20,-21,-24,-15,-22,-18,-24,-17,-24,-15,-29,-15,-26,-15,-29,-17,-28,-14,-28,-13,-32,-14,-28,-14,-30,-17,-33,-14,-33,-17,-29,-14,-28,-15,-28,-14,-33,-16,-29,-13,-30,-13,-27,-14,-25,-16,-29,-15,-27,-14,-30,-13,-27,-16,-29,-12,-26,-12,-27,-11,-24,-15,-28,-14,-25,-9,-23,-17,-24,-16,-27,-16,-24,-17,-24,-14,-21,-15,-21,-17,-22,-18,-22,-15,-21,-16,-21,-15,-21,-15,-19,-15,-17,-13,-18,-15,-18,-15,-19,-13,-17,-12,-14,-17,-17,-15,-14,-16,-14,-16,0,0,0,0,0,0,0,0,0,0,0,0,0,0,0,0,0,0,0,0,0,0,45,-18,49,-17,49,-13,57,-14,55,-12,62,-14,59,-13,62,-11,69,-11,68,-8,70,-4,72,-6,79,-5,76,0,75,4,75,4,86,4,73,11,78,8,76,10,74,15,76,14,73,13,75,15,74,18,74,10,68,16,70,14,65,17,72,14,58,9,67,13,64,10,59,5,64,11,58,7,57,5,58,4,54,3,55,2,53,3,53,-2,51,-3,50,-2,47,-4,51,-4,43,-5,43,-7,41,-5,41,-5,37,-7,35,-10,41,-9,32,-7,36,-9,32,-12,27,-11,0,0]"
CSI_DATA,311,2a:00:00:00:00:00,-43,11,1,0,1,1,1,0,0,0,1,-96,0,11,2,4470644,0,44,0,384,0,"[0,0,0,0,0,0,0,0,0,0,0,0,3,4,4,3,4,3,4,3,4,3,4,3,5,3,5,3,4,3,5,3,5,3,5,3,5,3,5,3,5,3,5,3,5,3,4,3,5,3,5,3,4,3,5,3,4,3,5,3,4,3,4,2,0,0,4,2,5,3,4,3,4,2,4,3,4,3,4,3,4,3,3,2,4,2,3,3,3,3,3,3,3,3,3,2,3,2,3,3,2,2,2,2,2,2,2,2,2,3,2,3,2,3,2,3,2,3,0,0,0,0,0,0,0,0,0,0,0,0,0,0,4,12,4,13,6,11,6,12,8,11,9,11,9,12,9,10,8,11,10,11,11,12,11,11,12,11,11,11,10,12,13,10,13,14,12,12,12,11,12,10,13,9,11,11,11,10,11,11,10,11,11,11,11,10,12,10,10,10,12,9,11,9,12,10,10,10,11,10,10,8,9,10,10,9,10,10,10,10,9,7,8,8,8,9,8,11,9,11,7,10,9,11,6,9,7,9,6,7,7,8,8,9,6,8,7,9,5,8,4,9,4,10,4,9,0,0,0,0,0,0,0,0,0,0,0,0,0,0,0,0,0,0,0,0,0,0,-28,-2,-27,-5,-29,-5,-29,-6,-30,-8,-30,-8,-30,-8,-32,-9,-35,-11,-35,-12,-34,-15,-34,-14,-38,-14,-36,-17,-35,-20,-36,-21,-37,-20,-34,-22,-33,-20,-33,-21,-34,-21,-36,-23,-32,-23,-32,-23,-32,-24,-33,-22,-30,-23,-30,-23,-29,-23,-31,-21,-26,-19,-28,-19,-28,-17,-27,-17,-29,-18,-28,-15,-27,-14,-28,-13,-27,-12,-30,-13,-25,-13,-27,-10,-25,-10,-25,-9,-24,-7,-24,-7,-22,-7,-23,-7,-22,-6,-23,-5,-21,-5,-21,-4,-20,-5,-18,-2,-20,-3,-19,-1,-17,0,0,0]"
CSI_DATA,312,2a:00:00:00:00:00,-43,11,1,0,1,1,1,0,0,0,1,-96,0,11,2,4482159,0,44,0,384,0,"[0,0,0,0,0,0,0,0,0,0,0,0,-1,5,0,5,0,5,0,6,0,6,0,5,0,5,0,6,0,6,1,5,1,6,1,6,1,6,1,6,0,5,1,6,1,5,0,5,1,5,0,5,1,5,1,5,0,5,1,5,1,5,1,5,0,0,1,5,1,5,1,5,1,5,1,5,0,5,0,5,0,5,0,4,0,4,0,4,0,4,0,4,0,4,-1,4,-1,4,0,4,0,3,-1,3,-1,3,-1,3,-1,4,-1,4,-1,3,-1,3,-1,3,0,0,0,0,0,0,0,0,0,0,0,0,0,0,-14,25,-11,25,-10,26,-9,25,-7,28,-8,30,-5,31,-3,30,-3,32,-1,29,-2,30,-1,31,-3,34,-2,35,-3,32,0,33,-1,37,1,35,-2,32,0,32,4,33,-3,31,2,31,2,32,0,29,1,29,0,28,3,33,2,27,0,31,3,28,3,29,2,29,3,33,1,27,0,30,1,32,2,32,-1,30,-1,27,-4,27,-1,26,-3,27,-2,28,-5,27,-3,22,-3,22,-2,28,-1,21,-4,24,-4,20,-4,21,-5,24,-5,23,-6,22,-9,18,-7,19,0,0,0,0,0,0,0,0,0,0,0,0,0,0,0,0,0,0,0,0,0,0,-32,-44,-30,-45,-30,-47,-29,-51,-28,-53,-28,-57,-28,-55,-27,-62,-29,-69,-24,-67,-29,-70,-29,-72,-30,-76,-25,-76,-18,-75,-19,-77,-23,-82,-15,-78,-15,-79,-13,-78,-12,-79,-12,-83,-12,-79,-12,-80,-10,-78,-16,-76,-5,-72,-8,-75,-7,-70,-13,-72,-10,-62,-12,-70,-12,-65,-12,-62,-11,-66,-14,-59,-18,-56,-19,-59,-19,-54,-24,-54,-19,-54,-23,-52,-21,-51,-22,-48,-21,-45,-22,-46,-22,-44,-23,-40,-22,-39,-24,-38,-23,-34,-27,-31,-22,-33,-22,-28,-27,-28,-25,-26,-22,-25,0,0]"
CSI_DATA,313,2a:00:00:00:00:00,-43,11,1,0,1,1,1,0,0,0,1,-96,0,11,2,4493673,0,44,0,384,0,"[0,0,0,0,0,0,0,0,0,0,0,0,-3,4,-2,5,-2,5,-2,5,-2,5,-2,5,-2,5,-2,5,-2,5,-1,5,-2,5,-2,5,-2,5,-2,5,-2,5,-2,5,-2,5,-2,4,-2,5,-2,5,-2,5,-2,5,-2,4,-1,5,-1,5,-2,5,0,0,-2,5,-2,4,-2,5,-2,5,-2,4,-2,4,-2,4,-2,4,-2,4,-2,4,-3,4,-2,4,-2,4,-2,3,-3,3,-3,3,-2,3,-2,3,-3,3,-2,3,-3,3,-2,3,-2,3,-2,3,-3,2,-3,2,0,0,0,0,0,0,0,0,0,0,0,0,0,0,-22,22,-18,18,-19,22,-19,23,-15,23,-18,26,-16,28,-15,30,-14,30,-12,29,-13,26,-12,28,-14,33,-13,28,-15,31,-12,31,-13,37,-12,34,-11,31,-13,30,-14,34,-15,26,-10,31,-7,29,-12,27,-11,29,-12,25,-8,28,-10,29,-9,30,-11,29,-12,29,-12,26,-9,30,-8,26,-11,28,-8,25,-11,29,-13,25,-14,24,-13,24,-14,21,-13,26,-14,23,-12,22,-14,18,-15,21,-9,20,-12,18,-13,16,-14,17,-15,15,-14,18,-13,17,-12,18,-16,12,-17,11,0,0,0,0,0,0,0,0,0,0,0,0,0,0,0,0,0,0,0,0,0,0,-23,-48,-21,-55,-20,-52,-19,-59,-17,-57,-18,-64,-13,-61,-13,-66,-14,-76,-10,-69,-9,-74,-10,-74,-10,-82,-5,-82,-1,-82,2,-79,-1,-88,3,-80,1,-80,6,-79,9,-78,13,-85,10,-76,5,-77,12,-78,8,-79,12,-75,12,-77,10,-68,5,-75,7,-59,5,-68,6,-63,6,-64,5,-66,2,-63,2,-58,0,-61,-2,-57,-4,-62,-1,-62,-6,-55,-6,-55,-6,-50,-7,-51,-10,-50,-8,-50,-9,-44,-14,-45,-10,-44,-10,-41,-13,-38,-11,-43,-13,-30,-15,-36,-17,-31,-14,-30,0,0]"
CSI_DATA,314,2a:00:00:00:00:00,-43,11,1,0,1,1,1,0,0,0,1,-96,0,11,2,4500685,0,44,0,384,0,"[0,0,0,0,0,0,0,0,0,0,0,0,-3,4,-2,4,-2,5,-2,5,-2,5,-2,5,-2,5,-2,5,-2,5,-1,5,-2,5,-1,5,-2,5,-2,5,-2,5,-1,6,-2,5,-2,5,-1,5,-1,5,-2,5,-1,5,-2,4,-1,5,-1,5,-1,5,0,0,-1,5,-1,5,-1,5,-1,5,-1,4,-1,4,-2,4,-1,4,-2,4,-2,4,-2,4,-2,4,-2,4,-2,3,-2,3,-2,3,-2,3,-2,3,-2,3,-2,3,-2,3,-2,3,-2,3,-2,3,-3,2,-3,2,0,0,0,0,0,0,0,0,0,0,0,0,0,0,-24,13,-25,20,-21,24,-16,21,-19,25,-17,25,-16,24,-16,26,-14,27,-15,27,-14,28,-13,29,-16,31,-15,31,-15,30,-13,30,-14,33,-11,32,-11,30,-14,29,-15,30,-15,30,-10,29,-11,29,-13,27,-12,29,-15,27,-11,29,-13,27,-14,30,-12,27,-13,26,-10,27,-10,29,-10,27,-13,25,-10,28,-13,30,-10,24,-14,21,-17,25,-16,22,-12,22,-12,26,-13,22,-17,23,-13,19,-14,22,-14,17,-15,16,-14,17,-13,16,-15,17,-17,17,-16,16,-18,14,-16,14,0,0,0,0,0,0,0,0,0,0,0,0,0,0,0,0,0,0,0,0,0,0,-20,-50,-18,-50,-21,-53,-17,-56,-15,-59,-16,-62,-11,-59,-10,-66,-14,-72,-7,-71,-7,-75,-9,-74,-10,-82,-3,-81,2,-77,2,-80,-1,-86,5,-79,5,-77,6,-78,10,-78,10,-86,14,-77,9,-81,16,-79,8,-79,13,-73,12,-71,12,-72,9,-74,8,-63,9,-67,8,-62,6,-62,7,-64,3,-62,0,-61,-2,-62,0,-55,-6,-61,-2,-58,-7,-59,-6,-55,-6,-54,-4,-49,-8,-46,-7,-44,-8,-46,-10,-45,-10,-46,-12,-42,-12,-38,-9,-40,-12,-36,-14,-36,-17,-32,-20,-29,0,0]"
CSI_DATA,315,2a:00:00:00:00:00,-42,11,1,0,1,1,1,0,0,0,1,-96,0,11,2,4510651,0,44,0,384,0,"[0,0,0,0,0,0,0,0,0,0,0,0,3,4,3,4,4,4,3,4,3,4,3,4,4,4,4,4,4,4,4,4,4,4,4,4,4,4,4,4,4,4,4,4,4,4,3,4,4,3,4,3,4,4,4,3,3,3,4,4,4,4,3,3,0,0,4,3,4,3,4,3,3,3,4,3,4,4,4,3,3,3,3,3,3,3,3,3,3,4,3,3,2,3,2,3,2,3,2,3,2,3,2,3,2,2,2,3,2,3,1,3,1,3,1,3,1,3,0,0,0,0,0,0,0,0,0,0,0,0,0,0,9,28,8,24,15,27,15,21,18,23,18,23,18,21,20,23,19,22,21,24,20,24,24,21,24,23,23,24,23,21,25,22,28,26,27,22,23,24,24,22,26,22,22,21,23,23,24,22,22,22,25,22,20,19,24,20,23,24,24,20,20,18,22,20,21,18,25,21,21,16,20,20,22,21,24,22,20,22,17,19,19,16,17,20,19,20,19,22,14,23,14,21,15,20,14,21,13,17,13,17,15,17,11,17,11,19,11,19,10,19,9,19,9,18,0,0,0,0,0,0,0,0,0,0,0,0,0,0,0,0,0,0,0,0,0,0,-53,-4,-56,-4,-55,-6,-62,-8,-58,-11,-64,-13,-62,-13,-65,-17,-74,-19,-67,-19,-72,-23,-73,-22,-81,-26,-78,-32,-75,-37,-69,-33,-79,-35,-67,-38,-73,-37,-69,-41,-69,-38,-72,-44,-65,-40,-68,-41,-65,-44,-69,-37,-60,-40,-64,-43,-56,-37,-67,-42,-52,-31,-62,-37,-57,-35,-56,-28,-57,-32,-54,-27,-52,-24,-59,-22,-54,-20,-60,-23,-57,-22,-54,-17,-53,-19,-50,-17,-47,-13,-49,-14,-47,-12,-45,-10,-44,-10,-43,-6,-40,-7,-40,-2,-42,-5,-35,-4,-38,-1,-38,-1,-32,2,0,0]"
CSI_DATA,316,2a:00:00:00:00:00,-42,11,1,0,1,1,1,0,0,0,1,-96,0,11,2,4550709,0,44,0,384,0,"[0,0,0,0,0,0,0,0,0,0,0,0,5,1,5,1,5,1,5,1,5,1,5,1,6,1,5,1,6,1,5,0,6,1,6,0,6,1,6,1,5,1,6,0,5,0,5,0,5,0,5,0,5,1,5,0,5,0,6,0,5,0,5,0,0,0,5,0,5,0,6,0,5,-1,5,1,5,1,5,0,5,0,5,0,4,0,5,0,4,1,4,1,4,1,4,0,4,1,4,1,4,0,3,1,3,0,3,1,3,1,3,1,3,1,3,1,3,1,0,0,0,0,0,0,0,0,0,0,0,0,0,0,18,23,18,23,25,16,24,15,26,16,26,14,25,14,30,14,24,9,31,11,31,11,30,10,34,12,29,10,30,10,33,10,36,14,32,10,30,11,30,10,37,11,31,9,30,6,30,10,28,9,29,10,27,8,30,7,27,10,33,6,32,7,33,7,24,9,31,9,30,4,27,11,26,7,27,8,26,10,30,7,27,7,26,11,25,13,24,9,24,11,23,9,24,9,21,10,21,12,23,10,21,9,23,9,20,11,18,11,17,13,19,13,18,15,0,0,0,0,0,0,0,0,0,0,0,0,0,0,0,0,0,0,0,0,0,0,-52,19,-56,14,-53,15,-60,15,-56,13,-63,10,-62,12,-66,11,-74,8,-67,8,-73,3,-77,5,-81,5,-82,1,-80,-5,-80,-4,-87,-2,-78,-10,-77,-5,-79,-9,-79,-12,-85,-12,-76,-13,-78,-14,-79,-17,-78,-10,-74,-16,-76,-14,-69,-13,-73,-10,-63,-9,-66,-10,-63,-8,-63,-3,-64,-8,-64,-2,-58,1,-61,-1,-58,0,-60,5,-59,0,-57,7,-58,8,-54,6,-51,9,-49,12,-48,10,-45,10,-46,12,-41,8,-42,9,-41,11,-40,12,-30,13,-35,17,-31,16,-28,13,0,0]"
CSI_DATA,317,2a:00:00:00:00:00,-42,11,1,0,1,1,1,0,0,0,1,-96,0,11,2,4560666,0,44,0,384,0,"[0,0,0,0,0,0,0,0,0,0,0,0,4,-3,4,-3,4,-3,5,-3,4,-3,4,-4,4,-4,4,-4,4,-4,4,-4,5,-4,5,-4,4,-4,4,-4,4,-3,4,-4,4,-4,4,-4,4,-4,4,-4,4,-3,4,-4,4,-3,4,-4,4,-4,4,-4,0,0,4,-4,4,-3,4,-4,4,-4,4,-3,4,-3,4,-3,3,-3,4,-3,4,-3,4,-3,3,-2,3,-2,3,-2,4,-2,4,-3,3,-2,3,-2,3,-2,3,-2,3,-2,3,-2,3,-2,3,-2,3,-1,3,-1,0,0,0,0,0,0,0,0,0,0,0,0,0,0,28,-8,23,-11,27,-16,21,-15,26,-16,24,-19,23,-21,25,-22,22,-20,23,-22,22,-22,22,-24,26,-26,21,-24,24,-24,22,-29,23,-25,22,-26,25,-24,22,-24,24,-28,22,-22,22,-25,19,-23,21,-22,22,-23,20,-22,18,-25,20,-23,20,-27,19,-24,21,-25,19,-20,20,-23,18,-22,21,-20,19,-20,19,-19,20,-20,21,-20,21,-17,22,-18,19,-17,19,-17,18,-15,21,-18,22,-15,18,-14,19,-15,18,-13,19,-14,19,-12,15,-13,18,-9,19,-10,21,-11,20,-8,0,0,0,0,0,0,0,0,0,0,0,0,0,0,0,0,0,0,0,0,0,0,5,50,0,52,0,52,-3,58,-6,54,-5,63,-9,58,-10,64,-12,66,-13,65,-18,71,-16,69,-15,80,-21,72,-26,71,-28,71,-31,82,-35,64,-34,74,-33,67,-34,65,-43,73,-36,64,-37,71,-38,69,-30,69,-32,59,-36,64,-32,55,-36,64,-27,52,-34,61,-31,54,-25,54,-29,58,-23,56,-20,52,-18,58,-16,53,-15,54,-19,54,-14,55,-15,53,-14,48,-12,48,-10,45,-7,46,-9,46,-5,40,-6,40,-4,40,0,38,-4,39,-1,33,0,39,1,39,1,32,0,0]"
CSI_DATA,318,2a:00:00:00:00:00,-43,11,1,0,1,1,1,0,0,0,1,-96,0,11,2,4571386,0,44,0,384,0,"[0,0,0,0,0,0,0,0,0,0,0,0,5,-2,5,-3,5,-3,5,-3,5,-3,5,-3,5,-4,5,-3,5,-4,5,-3,5,-4,5,-4,5,-4,5,-3,5,-3,5,-4,5,-4,5,-4,4,-3,4,-3,4,-3,4,-3,4,-3,4,-4,5,-3,5,-4,0,0,4,-4,4,-3,5,-3,4,-4,4,-3,4,-3,4,-3,4,-3,4,-3,4,-3,5,-2,4,-2,4,-2,3,-2,4,-2,4,-2,4,-2,4,-2,4,-2,4,-2,4,-1,3,-1,3,-1,3,-1,4,-1,3,-1,0,0,0,0,0,0,0,0,0,0,0,0,0,0,29,0,28,0,26,-5,28,-6,29,-9,26,-7,27,-12,30,-11,26,-11,29,-11,29,-14,28,-14,31,-15,32,-15,27,-11,29,-17,33,-17,30,-15,30,-13,29,-15,31,-17,28,-12,25,-13,25,-15,27,-12,28,-14,26,-13,24,-17,25,-11,28,-19,27,-15,27,-14,26,-14,26,-15,26,-17,24,-14,25,-14,25,-14,24,-11,26,-11,27,-14,28,-10,25,-9,23,-9,22,-9,27,-8,25,-6,22,-7,22,-5,23,-4,25,-6,21,-6,20,-8,21,-2,18,-5,22,-2,23,2,0,0,0,0,0,0,0,0,0,0,0,0,0,0,0,0,0,0,0,0,0,0,-21,48,-22,48,-23,50,-27,51,-30,49,-31,50,-33,53,-35,53,-41,60,-41,58,-48,54,-45,57,-48,64,-52,57,-56,54,-57,53,-58,60,-60,50,-57,51,-59,47,-56,48,-64,50,-58,47,-61,47,-62,45,-57,51,-58,42,-58,42,-56,41,-54,44,-46,40,-52,41,-50,40,-44,39,-49,40,-43,43,-41,42,-39,45,-37,41,-37,44,-38,41,-35,44,-35,41,-32,42,-27,37,-26,41,-27,41,-26,39,-24,40,-22,38,-19,35,-19,35,-18,35,-15,33,-15,37,-11,32,-9,28,0,0]"
CSI_DATA,319,2a:00:00:00:00:00,-42,11,1,0,1,1,1,0,0,0,1,-96,0,11,2,4591946,0,44,0,384,0,"[0,0,0,0,0,0,0,0,0,0,0,0,4,2,5,2,5,2,5,2,5,2,5,2,5,2,5,2,5,2,5,2,5,2,5,1,5,2,5,2,5,2,6,1,5,1,5,1,5,2,5,2,5,2,5,2,4,1,5,2,5,2,5,1,0,0,5,1,5,2,5,2,5,1,4,2,5,2,4,2,4,2,4,1,4,1,4,2,4,2,4,2,3,2,3,2,3,2,3,2,3,1,3,2,3,2,3,2,2,2,3,2,2,2,2,2,2,2,0,0,0,0,0,0,0,0,0,0,0,0,0,0,16,23,15,21,20,21,21,21,26,17,23,15,25,17,26,17,26,15,27,16,27,13,28,15,30,17,29,15,29,15,32,13,33,17,32,13,31,13,31,16,33,13,29,12,31,12,28,15,26,16,28,16,30,11,29,10,28,12,30,11,29,8,29,11,28,11,30,13,27,9,25,13,26,13,26,14,24,14,26,12,24,11,26,13,22,16,23,15,22,15,22,13,20,13,21,16,19,10,19,14,19,12,18,12,19,15,15,16,16,15,15,16,16,15,0,0,0,0,0,0,0,0,0,0,0,0,0,0,0,0,0,0,0,0,0,0,-52,18,-55,13,-54,12,-59,12,-61,8,-64,5,-62,4,-66,4,-74,2,-71,3,-74,4,-74,2,-84,4,-82,-1,-82,-8,-78,-11,-86,-9,-77,-12,-77,-12,-78,-17,-79,-17,-85,-22,-77,-17,-77,-14,-78,-19,-77,-11,-73,-17,-74,-18,-70,-18,-72,-16,-63,-12,-66,-16,-63,-15,-61,-10,-65,-12,-61,-7,-61,-6,-62,-2,-59,0,-60,1,-60,-4,-59,2,-54,1,-55,2,-50,4,-49,6,-49,4,-46,5,-45,7,-46,5,-42,6,-43,9,-42,8,-35,11,-38,13,-36,11,-33,15,0,0]"
CSI_DATA,320,2a:00:00:00:00:00,-42,11,1,0,1,1,1,0,0,0,1,-96,0,11,2,4621613,0,44,0,384,0,"[0,0,0,0,0,0,0,0,0,0,0,0,2,4,2,4,3,4,3,5,3,4,3,4,3,4,3,4,3,4,3,4,3,4,4,4,4,5,3,4,3,4,4,4,3,4,3,4,4,4,3,4,3,4,3,4,3,4,4,4,3,4,3,4,0,0,3,3,4,4,3,4,3,3,3,4,3,4,3,4,3,4,3,3,2,3,2,3,2,4,2,3,2,3,2,3,2,3,2,3,2,3,2,3,1,3,1,3,1,3,1,3,1,3,1,3,1,3,0,0,0,0,0,0,0,0,0,0,0,0,0,0,27,-20,18,-20,15,-23,17,-21,17,-25,16,-26,9,-28,11,-26,8,-25,11,-30,14,-29,13,-28,13,-33,13,-34,13,-30,9,-34,13,-39,7,-34,11,-28,9,-33,13,-34,10,-32,6,-26,9,-29,15,-30,9,-29,12,-30,6,-31,10,-32,8,-33,9,-26,9,-30,11,-26,10,-33,6,-29,7,-31,7,-31,9,-31,12,-27,13,-25,11,-24,14,-24,7,-28,13,-27,8,-27,14,-22,9,-18,11,-20,10,-20,15,-21,13,-19,11,-13,15,-21,12,-18,12,-25,14,-17,16,-14,0,0,0,0,0,0,0,0,0,0,0,0,0,0,0,0,0,0,0,0,0,0,27,46,29,48,27,48,27,55,23,55,21,58,22,61,16,64,22,72,22,70,19,72,25,70,21,77,19,76,7,78,11,78,16,84,7,78,7,75,4,81,-1,80,1,87,2,80,5,74,2,83,8,76,-1,77,0,72,-2,71,2,71,-1,67,2,66,3,64,2,61,-2,66,4,61,7,59,7,58,12,59,14,60,10,57,13,52,6,51,10,54,8,46,15,51,12,49,11,44,15,44,13,48,13,40,16,35,11,41,14,34,22,32,21,29,15,31,0,0]"
CSI_DATA,321,2a:00:00:00:00:00,-42,11,1,0,1,1,1,0,0,0,1,-96,0,11,2,4631964,0,44,0,384,0,"[0,0,0,0,0,0,0,0,0,0,0,0,4,3,5,2,5,2,5,3,5,2,5,2,5,2,5,2,5,2,5,2,5,2,6,2,5,2,5,2,5,2,6,2,5,1,5,2,5,2,5,2,5,2,5,2,5,2,5,2,5,2,5,1,0,0,5,1,5,2,5,2,5,1,4,2,4,2,4,2,4,2,4,2,4,2,4,2,3,3,3,2,3,2,4,2,3,2,3,2,3,2,3,2,3,2,3,2,2,2,2,2,2,3,2,3,2,2,0,0,0,0,0,0,0,0,0,0,0,0,0,0,16,23,21,26,24,19,25,23,28,19,26,16,27,14,29,17,29,17,30,15,29,14,29,15,33,14,28,17,30,15,30,11,33,16,29,14,28,17,31,12,34,12,30,14,30,14,28,12,25,13,27,14,28,11,29,15,27,15,31,9,27,10,30,10,26,14,29,12,27,9,26,15,28,13,27,11,25,16,26,12,25,15,24,17,22,17,20,16,21,16,24,14,21,14,19,14,20,16,19,13,19,13,18,13,15,15,17,18,14,15,13,16,11,15,0,0,0,0,0,0,0,0,0,0,0,0,0,0,0,0,0,0,0,0,0,0,-50,25,-48,24,-51,22,-53,24,-55,21,-60,17,-62,18,-62,19,-72,21,-71,16,-75,10,-76,11,-84,12,-80,8,-79,4,-78,2,-84,6,-80,0,-79,1,-79,-1,-80,-2,-82,-3,-79,-8,-81,-8,-79,-14,-79,-3,-73,-13,-75,-8,-71,-10,-71,-8,-63,-3,-68,-4,-67,-2,-62,1,-69,-2,-62,1,-60,2,-61,3,-59,2,-64,4,-56,3,-58,10,-53,8,-54,8,-50,8,-51,10,-48,10,-45,13,-44,11,-45,11,-41,10,-40,12,-39,12,-34,12,-38,14,-34,13,-30,14,0,0]"
CSI_DATA,322,2a:00:00:00:00:00,-42,11,1,0,1,1,1,0,0,0,1,-96,0,11,2,4640650,0,44,0,384,0,"[0,0,0,0,0,0,0,0,0,0,0,0,5,1,5,1,5,1,6,1,5,1,5,1,6,1,6,1,6,1,6,0,6,0,6,0,6,1,6,0,5,1,6,0,6,0,6,0,5,0,5,1,5,1,5,1,5,0,5,0,5,0,5,0,0,0,5,0,5,1,5,0,5,0,5,1,5,1,5,1,4,1,5,0,5,1,5,1,4,1,4,1,4,1,4,1,4,1,4,1,4,1,4,1,3,1,3,1,3,1,3,1,3,1,3,2,3,2,0,0,0,0,0,0,0,0,0,0,0,0,0,0,22,20,23,20,26,16,22,14,27,14,26,14,27,14,29,14,28,11,27,11,31,10,32,11,34,12,31,9,31,10,32,6,36,9,32,9,30,10,31,11,35,10,29,10,30,4,29,10,27,9,30,10,27,5,29,8,29,6,30,6,31,5,30,10,28,8,27,8,28,7,26,10,26,8,25,9,25,10,27,9,29,10,25,11,23,8,21,9,21,9,21,12,23,12,21,11,20,11,19,10,22,12,21,12,18,10,18,11,17,12,18,14,15,17,0,0,0,0,0,0,0,0,0,0,0,0,0,0,0,0,0,0,0,0,0,0,-44,33,-47,27,-46,29,-52,27,-51,25,-57,27,-56,25,-60,24,-70,26,-66,26,-69,22,-68,25,-74,28,-75,23,-75,15,-76,13,-83,14,-77,10,-76,12,-75,4,-76,7,-82,2,-75,6,-77,9,-76,4,-78,12,-71,1,-74,2,-67,-1,-69,2,-60,4,-69,3,-62,5,-61,10,-63,6,-61,7,-58,10,-58,14,-55,15,-56,14,-57,14,-54,14,-52,15,-50,15,-47,14,-44,13,-48,16,-44,15,-43,17,-38,16,-38,17,-37,19,-36,19,-31,18,-32,18,-31,20,-27,18,0,0]"
CSI_DATA,323,2a:00:00:00:00:00,-42,11,1,0,1,1,1,0,0,0,1,-96,0,11,2,4650656,0,44,0,384,0,"[0,0,0,0,0,0,0,0,0,0,0,0,-1,-6,-2,-6,-2,-6,-2,-7,-2,-6,-2,-6,-3,-6,-3,-6,-3,-6,-3,-6,-2,-6,-3,-6,-3,-7,-3,-6,-3,-6,-3,-6,-3,-6,-2,-6,-3,-6,-3,-6,-3,-6,-3,-6,-2,-5,-3,-6,-3,-6,-3,-6,0,0,-3,-5,-3,-6,-3,-6,-3,-5,-3,-5,-3,-5,-3,-5,-3,-5,-2,-5,-2,-5,-1,-5,-2,-5,-2,-5,-2,-5,-1,-5,-1,-5,-2,-5,-1,-4,-1,-4,-1,-4,-1,-4,-1,-5,-1,-5,-1,-5,0,-4,0,-4,0,0,0,0,0,0,0,0,0,0,0,0,0,0,-25,14,-25,13,-22,21,-18,20,-22,22,-20,20,-15,27,-15,27,-12,26,-16,26,-13,27,-16,28,-16,30,-11,26,-15,26,-14,28,-14,33,-7,28,-14,27,-16,29,-19,30,-12,28,-12,27,-12,29,-11,24,-12,27,-15,28,-14,29,-14,26,-15,29,-15,25,-15,24,-10,25,-11,29,-15,23,-12,26,-10,22,-9,21,-14,24,-17,23,-16,22,-19,19,-18,22,-12,20,-13,21,-20,20,-20,19,-16,20,-21,17,-17,17,-18,15,-13,16,-12,13,-12,16,-13,16,-18,13,-21,12,0,0,0,0,0,0,0,0,0,0,0,0,0,0,0,0,0,0,0,0,0,0,-29,-45,-29,-45,-30,-49,-29,-55,-24,-55,-27,-55,-28,-55,-24,-58,-32,-69,-25,-66,-18,-73,-19,-69,-24,-75,-22,-75,-12,-76,-12,-76,-16,-86,-9,-75,-10,-76,-7,-80,-1,-78,-4,-82,-5,-78,-2,-79,-3,-76,-4,-77,2,-70,1,-72,-2,-68,-4,-69,-1,-58,-2,-65,-2,-67,-6,-60,-4,-63,-8,-63,-3,-59,-9,-58,-5,-54,-11,-59,-11,-60,-13,-55,-10,-57,-12,-51,-12,-50,-16,-46,-12,-46,-14,-42,-15,-38,-16,-41,-13,-40,-15,-42,-13,-39,-12,-36,-15,-38,-16,-35,-16,-30,0,0]"
CSI_DATA,324,2a:00:00:00:00:00,-42,11,1,0,1,1,1,0,0,0,1,-96,0,11,2,4660676,0,44,0,384,0,"[0,0,0,0,0,0,0,0,0,0,0,0,-5,3,-5,3,-4,3,-5,4,-5,4,-5,3,-5,4,-4,4,-5,4,-4,4,-5,4,-5,4,-5,4,-4,4,-4,4,-5,5,-4,4,-4,4,-4,4,-4,4,-4,3,-4,4,-4,4,-4,4,-4,4,-4,4,0,0,-4,4,-4,4,-4,4,-4,4,-4,3,-4,3,-4,3,-4,3,-4,3,-4,3,-4,3,-4,2,-4,2,-4,2,-4,3,-4,3,-4,2,-4,2,-4,2,-3,2,-4,2,-3,2,-4,1,-4,2,-4,1,-4,1,0,0,0,0,0,0,0,0,0,0,0,0,0,0,-29,6,-28,10,-27,16,-28,17,-28,19,-25,19,-24,22,-23,21,-20,24,-27,22,-24,22,-23,22,-25,25,-24,22,-25,20,-22,28,-26,29,-20,25,-22,24,-24,24,-23,26,-22,24,-19,22,-22,22,-20,20,-24,22,-20,22,-18,24,-19,22,-22,26,-21,24,-21,23,-20,21,-20,23,-17,24,-19,20,-18,20,-17,24,-21,19,-20,20,-22,19,-22,21,-20,18,-17,18,-19,17,-22,18,-23,16,-20,16,-21,13,-22,14,-20,15,-20,12,-18,13,-18,12,-19,11,-21,10,-23,9,0,0,0,0,0,0,0,0,0,0,0,0,0,0,0,0,0,0,0,0,0,0,-2,-53,1,-53,0,-53,2,-58,4,-58,9,-60,9,-63,13,-65,14,-71,15,-67,21,-69,18,-72,19,-80,23,-78,29,-72,29,-70,30,-79,33,-69,29,-72,33,-69,34,-67,39,-73,36,-66,34,-69,36,-65,32,-68,37,-63,37,-61,31,-58,31,-65,26,-54,28,-59,27,-56,23,-54,28,-57,22,-57,22,-53,17,-55,19,-54,15,-59,15,-53,11,-55,11,-54,8,-51,9,-49,9,-52,10,-50,7,-44,3,-46,5,-43,1,-40,-1,-44,1,-42,-3,-38,-5,-39,-6,-34,-7,-31,0,0]"
CSI_DATA,325,2a:00:00:00:00:00,-42,11,1,0,1,1,1,0,0,0,1,-96,0,11,2,4671216,0,44,0,384,0,"[0,0,0,0,0,0,0,0,0,0,0,0,3,-6,2,-6,2,-6,2,-6,2,-6,2,-6,2,-6,1,-6,2,-6,1,-6,2,-6,2,-7,2,-7,1,-6,1,-6,2,-7,1,-6,1,-6,1,-6,1,-6,1,-6,1,-6,1,-6,1,-6,1,-6,1,-6,0,0,1,-6,1,-6,1,-6,1,-6,1,-5,1,-6,1,-6,1,-5,2,-6,2,-5,2,-5,2,-5,1,-5,1,-5,2,-5,2,-5,1,-5,2,-4,2,-4,2,-4,2,-4,2,-4,2,-4,2,-4,2,-3,2,-3,0,0,0,0,0,0,0,0,0,0,0,0,0,0,18,-22,18,-22,17,-26,18,-24,14,-27,14,-26,11,-30,12,-29,14,-31,12,-29,11,-30,12,-29,11,-32,11,-33,12,-30,9,-33,11,-35,8,-33,11,-31,10,-31,10,-34,13,-30,6,-31,9,-31,9,-27,8,-29,10,-30,5,-32,7,-30,7,-30,7,-29,8,-29,7,-30,4,-30,7,-30,6,-27,9,-29,9,-27,9,-26,12,-27,13,-27,12,-26,9,-27,8,-28,9,-23,14,-23,12,-23,9,-23,11,-20,12,-19,13,-19,14,-20,11,-20,13,-19,11,-20,14,-16,16,-17,0,0,0,0,0,0,0,0,0,0,0,0,0,0,0,0,0,0,0,0,0,0,24,48,23,48,22,49,23,54,23,54,18,56,17,56,14,63,17,70,16,68,15,69,14,72,17,77,12,78,5,73,7,77,9,80,-1,78,3,72,-1,78,-4,76,-4,80,-5,76,1,76,-6,76,3,74,-3,70,-5,68,-5,69,-1,70,-2,61,-2,64,0,64,3,59,0,63,4,60,3,56,8,60,8,55,13,58,8,54,12,56,12,50,13,50,13,45,11,48,9,46,11,45,14,42,16,41,15,36,17,37,12,36,13,32,20,33,20,33,16,27,0,0]"
CSI_DATA,326,2a:00:00:00:00:00,-42,11,1,0,1,1,1,0,0,0,1,-96,0,11,2,4680655,0,44,0,384,0,"[0,0,0,0,0,0,0,0,0,0,0,0,5,-3,4,-3,4,-4,5,-3,5,-3,5,-3,5,-4,5,-4,5,-4,4,-4,5,-4,5,-4,5,-4,4,-4,4,-3,5,-4,4,-4,4,-4,4,-4,4,-4,4,-4,4,-4,4,-4,4,-4,4,-4,4,-4,0,0,4,-4,4,-4,4,-4,4,-4,4,-3,4,-3,4,-3,4,-3,4,-4,4,-3,4,-3,3,-3,3,-3,3,-3,4,-3,4,-3,3,-2,3,-3,3,-2,3,-2,3,-2,3,-2,3,-2,3,-2,3,-1,3,-1,0,0,0,0,0,0,0,0,0,0,0,0,0,0,30,-5,28,-1,32,-10,29,-9,31,-13,30,-12,25,-17,29,-17,28,-14,29,-15,27,-20,30,-21,32,-21,28,-19,33,-16,30,-21,32,-20,29,-18,29,-18,27,-19,28,-23,25,-19,25,-23,27,-19,25,-16,26,-20,22,-18,22,-19,25,-19,27,-22,24,-19,26,-19,23,-16,24,-19,21,-21,23,-19,24,-18,21,-18,24,-18,25,-17,24,-16,24,-16,21,-15,22,-13,20,-13,24,-13,24,-11,20,-12,24,-12,22,-11,21,-13,23,-11,19,-12,19,-6,20,-9,21,-8,23,-4,0,0,0,0,0,0,0,0,0,0,0,0,0,0,0,0,0,0,0,0,0,0,-17,52,-18,53,-16,52,-23,59,-24,55,-30,57,-25,57,-32,58,-35,65,-37,61,-42,63,-39,64,-46,71,-45,61,-49,62,-49,59,-53,68,-50,57,-55,59,-51,57,-56,56,-55,58,-56,53,-55,57,-58,55,-52,54,-55,48,-51,53,-50,49,-51,54,-41,45,-47,51,-43,48,-37,48,-43,50,-37,48,-32,46,-34,52,-31,47,-32,50,-29,48,-27,50,-29,45,-22,45,-23,46,-17,46,-20,45,-17,43,-16,44,-16,39,-15,39,-14,42,-13,40,-10,34,-9,38,-7,38,-5,35,0,0]"
CSI_DATA,327,2a:00:00:00:00:00,-42,11,1,0,1,1,1,0,0,0,1,-96,0,11,2,4701966,0,44,0,384,0,"[0,0,0,0,0,0,0,0,0,0,0,0,0,5,0,5,1,5,1,6,1,5,1,5,1,5,1,5,1,5,1,5,1,6,1,5,1,6,1,6,1,5,1,6,1,5,1,5,1,5,1,5,1,5,2,5,1,4,1,5,1,5,1,5,0,0,1,5,2,5,2,5,1,5,1,5,1,5,1,5,1,4,1,4,1,4,0,5,0,4,1,4,0,4,0,4,0,4,0,4,0,4,0,4,0,3,0,3,0,3,0,4,0,4,-1,3,-1,3,0,0,0,0,0,0,0,0,0,0,0,0,0,0,24,-9,26,-12,21,-13,18,-16,26,-14,25,-21,17,-21,22,-24,20,-18,21,-20,17,-20,18,-23,21,-18,22,-25,20,-24,21,-26,21,-29,19,-27,19,-23,22,-23,22,-29,16,-24,17,-26,19,-22,19,-24,19,-25,18,-24,13,-29,17,-22,22,-26,19,-22,18,-24,17,-22,13,-26,17,-25,16,-26,16,-22,13,-24,16,-23,18,-22,20,-22,21,-19,19,-22,22,-19,16,-17,22,-17,20,-16,18,-16,16,-12,16,-13,20,-14,15,-13,18,-16,13,-14,19,-11,19,-8,21,-7,0,0,0,0,0,0,0,0,0,0,0,0,0,0,0,0,0,0,0,0,0,0,14,49,10,53,9,54,4,58,5,59,3,61,2,62,1,64,-4,71,-6,70,-10,72,-5,73,-3,82,-10,77,-13,73,-12,72,-16,81,-22,77,-17,74,-18,72,-19,75,-26,78,-26,71,-23,73,-28,71,-20,70,-29,65,-24,66,-23,62,-20,66,-18,59,-20,64,-18,54,-11,56,-16,58,-16,55,-12,53,-13,55,-9,55,-6,58,-9,54,-1,54,-5,54,-7,53,-1,48,1,45,-4,42,1,43,1,42,-1,43,-2,36,0,40,1,39,1,40,6,36,12,36,9,31,0,0]"
CSI_DATA,328,2a:00:00:00:00:00,-42,11,1,0,1,1,1,0,0,0,1,-96,0,11,2,4720645,0,44,0,384,0,"[0,0,0,0,0,0,0,0,0,0,0,0,4,-4,3,-5,3,-5,3,-5,3,-5,3,-5,3,-5,3,-5,3,-5,3,-5,3,-6,3,-6,3,-5,3,-5,3,-5,3,-6,3,-5,3,-5,2,-5,2,-5,2,-5,2,-5,3,-5,2,-5,2,-5,2,-5,0,0,2,-5,2,-5,2,-5,2,-5,2,-4,2,-5,2,-5,2,-4,2,-5,3,-5,3,-5,2,-4,2,-4,2,-4,3,-4,2,-4,2,-4,2,-3,2,-3,2,-3,3,-3,2,-3,2,-3,2,-3,3,-3,3,-2,0,0,0,0,0,0,0,0,0,0,0,0,0,0,31,-11,27,-11,28,-17,24,-18,28,-21,25,-19,23,-21,26,-22,21,-22,22,-23,22,-24,22,-26,25,-27,23,-23,22,-26,21,-28,24,-28,23,-27,22,-26,24,-25,25,-26,23,-22,19,-25,18,-25,17,-23,22,-23,20,-22,18,-27,19,-24,20,-29,19,-25,19,-26,18,-24,19,-24,18,-28,16,-23,17,-23,14,-24,19,-22,20,-23,19,-22,23,-20,17,-21,19,-23,18,-19,21,-20,20,-20,16,-21,18,-16,15,-16,19,-18,19,-16,15,-18,17,-15,18,-14,21,-12,22,-11,0,0,0,0,0,0,0,0,0,0,0,0,0,0,0,0,0,0,0,0,0,0,-6,55,-9,55,-9,55,-10,58,-15,57,-17,59,-17,60,-18,64,-24,71,-24,67,-30,66,-28,67,-28,78,-34,74,-36,73,-38,69,-36,73,-39,67,-37,67,-40,66,-38,65,-44,70,-40,61,-43,64,-45,63,-40,65,-45,58,-43,59,-41,56,-35,60,-30,53,-33,56,-30,55,-24,54,-29,57,-24,57,-23,54,-22,53,-18,52,-20,56,-20,55,-14,55,-15,53,-12,52,-10,47,-12,48,-8,48,-6,43,-4,44,-4,42,-4,40,-3,43,-4,42,-1,36,2,38,6,37,7,34,0,0]"
CSI_DATA,329,2a:00:00:00:00:00,-42,11,1,0,1,1,1,0,0,0,1,-96,0,11,2,4730678,0,44,0,384,0,"[0,0,0,0,0,0,0,0,0,0,0,0,-6,-2,-6,-2,-7,-1,-7,-2,-7,-1,-6,-1,-7,-1,-7,-1,-7,-1,-7,-1,-7,-1,-7,-1,-7,-1,-7,-1,-7,-1,-7,-1,-7,0,-6,-1,-6,-1,-6,-1,-6,-1,-6,-1,-6,-1,-6,-1,-6,-1,-6,0,0,0,-6,0,-7,-1,-6,-1,-6,0,-6,-1,-6,-1,-6,-1,-6,-1,-5,-1,-6,0,-6,-1,-5,-1,-5,-1,-5,-1,-5,-1,-5,-1,-5,-1,-5,-1,-5,-1,-5,-1,-5,-1,-5,-2,-5,-2,-5,-2,-4,-2,-4,-2,0,0,0,0,0,0,0,0,0,0,0,0,0,0,-24,-20,-22,-19,-27,-15,-28,-14,-28,-13,-30,-13,-27,-12,-34,-13,-30,-12,-33,-9,-32,-10,-33,-8,-36,-9,-34,-9,-35,-9,-35,-8,-36,-9,-34,-9,-33,-8,-33,-7,-37,-6,-34,-9,-30,-8,-30,-6,-29,-10,-31,-11,-31,-5,-30,-6,-32,-9,-34,-4,-31,-5,-33,-6,-28,-8,-30,-8,-30,0,-30,-7,-32,-9,-29,-8,-29,-9,-30,-9,-29,-4,-28,-10,-24,-11,-27,-9,-25,-9,-28,-10,-27,-8,-26,-9,-27,-11,-23,-10,-24,-10,-25,-11,-24,-9,-19,-12,-19,-13,-21,-15,-21,-15,0,0,0,0,0,0,0,0,0,0,0,0,0,0,0,0,0,0,0,0,0,0,46,-28,47,-26,50,-26,54,-26,54,-22,57,-25,58,-23,63,-25,69,-23,68,-22,72,-20,72,-20,79,-22,76,-15,79,-12,77,-10,85,-14,76,-8,75,-7,77,-6,77,-5,81,-1,76,-2,78,-5,77,-1,76,-7,71,-1,70,1,68,0,70,-4,59,-3,65,-3,64,-6,60,-6,62,-5,58,-11,57,-12,58,-14,55,-13,59,-16,53,-12,52,-17,54,-17,48,-19,44,-18,48,-18,46,-20,39,-19,39,-19,39,-17,36,-17,34,-20,36,-22,30,-20,32,-21,30,-21,27,-21,0,0]"
CSI_DATA,330,2a:00:00:00:00:00,-42,11,1,0,1,1,1,0,0,0,1,-96,0,11,2,4741029,0,44,0,384,0,"[0,0,0,0,0,0,0,0,0,0,0,0,-6,0,-6,1,-6,1,-6,1,-6,1,-6,1,-6,1,-6,1,-6,1,-6,1,-6,1,-6,2,-6,1,-6,2,-6,1,-6,2,-6,2,-6,1,-5,1,-5,2,-5,1,-5,2,-5,1,-5,1,-5,1,-6,2,0,0,-5,2,-5,1,-5,2,-5,2,-5,1,-5,1,-5,1,-5,1,-5,1,-5,1,-6,1,-5,1,-5,0,-5,0,-5,1,-5,1,-5,1,-5,0,-5,0,-4,0,-4,0,-4,0,-4,0,-4,0,-4,-1,-5,-1,0,0,0,0,0,0,0,0,0,0,0,0,0,0,-31,-5,-31,-2,-31,5,-31,2,-34,7,-28,7,-31,8,-34,10,-34,11,-31,11,-32,11,-32,11,-35,13,-30,13,-32,10,-31,13,-35,12,-30,12,-32,10,-32,14,-33,15,-32,12,-27,14,-31,13,-27,11,-28,9,-31,12,-26,15,-28,12,-29,17,-29,13,-29,14,-28,12,-29,14,-28,15,-26,10,-27,12,-26,14,-25,10,-27,12,-28,11,-31,7,-26,10,-26,8,-23,7,-30,8,-26,6,-25,7,-25,4,-25,5,-25,5,-26,6,-24,5,-24,1,-23,3,-26,0,-24,-2,0,0,0,0,0,0,0,0,0,0,0,0,0,0,0,0,0,0,0,0,0,0,25,-52,22,-49,26,-52,29,-51,33,-54,35,-54,36,-54,38,-54,44,-61,46,-56,48,-58,46,-58,52,-64,54,-59,54,-56,60,-53,59,-58,62,-53,59,-50,62,-50,59,-50,64,-47,62,-47,62,-47,62,-46,57,-51,58,-41,54,-41,56,-43,55,-43,47,-38,49,-41,46,-40,43,-42,45,-42,46,-43,43,-41,38,-46,38,-42,37,-46,34,-40,33,-49,30,-42,31,-45,28,-37,25,-44,24,-41,22,-42,20,-40,22,-42,18,-37,17,-38,15,-38,13,-34,12,-40,11,-35,10,-32,0,0]"
CSI_DATA,331,2a:00:00:00:00:00,-42,11,1,0,1,1,1,0,0,0,1,-96,0,11,2,4782607,0,44,0,384,0,"[0,0,0,0,0,0,0,0,0,0,0,0,-6,-3,-6,-3,-6,-2,-6,-3,-6,-3,-6,-2,-6,-2,-6,-2,-6,-2,-7,-2,-7,-2,-7,-2,-7,-2,-7,-2,-6,-2,-7,-2,-6,-2,-6,-2,-6,-2,-6,-2,-6,-2,-6,-2,-6,-2,-6,-2,-6,-2,-6,-1,0,0,-6,-1,-6,-2,-6,-2,-6,-1,-6,-2,-6,-2,-6,-2,-5,-2,-6,-1,-6,-2,-6,-2,-5,-2,-5,-2,-5,-2,-5,-2,-5,-2,-5,-2,-5,-2,-5,-2,-4,-2,-5,-2,-4,-2,-4,-2,-4,-3,-4,-3,-4,-3,0,0,0,0,0,0,0,0,0,0,0,0,0,0,-26,-23,-23,-22,-26,-18,-27,-17,-26,-16,-27,-13,-32,-11,-30,-14,-30,-12,-30,-11,-33,-9,-31,-8,-36,-9,-32,-12,-32,-12,-34,-11,-36,-11,-32,-10,-31,-10,-35,-9,-36,-8,-29,-12,-32,-5,-31,-10,-30,-9,-30,-11,-28,-8,-32,-8,-29,-11,-33,-7,-31,-6,-30,-9,-30,-9,-31,-6,-29,-2,-28,-10,-29,-9,-29,-7,-27,-11,-29,-9,-29,-7,-28,-9,-26,-14,-26,-11,-23,-11,-26,-11,-26,-10,-24,-10,-24,-8,-23,-11,-24,-12,-23,-12,-20,-13,-20,-13,-17,-14,-20,-17,-20,-15,0,0,0,0,0,0,0,0,0,0,0,0,0,0,0,0,0,0,0,0,0,0,48,-27,50,-25,51,-24,54,-24,57,-21,59,-21,60,-21,63,-19,69,-21,69,-17,72,-12,72,-16,81,-18,78,-9,75,-5,77,-7,83,-9,78,-2,75,-5,75,-1,76,2,82,0,78,4,75,3,75,7,74,-2,69,5,71,3,67,3,70,0,60,-1,66,1,62,-2,58,-5,63,-3,56,-7,56,-10,59,-9,55,-10,53,-11,55,-8,52,-16,51,-13,50,-15,46,-16,44,-17,43,-15,44,-17,38,-17,41,-18,36,-17,36,-17,38,-17,32,-20,33,-17,32,-18,27,-20,0,0]"
CSI_DATA,332,2a:00:00:00:00:00,-42,11,1,0,1,1,1,0,0,0,1,-96,0,11,2,4790670,0,44,0,384,0,"[0,0,0,0,0,0,0,0,0,0,0,0,5,1,5,1,5,0,5,1,5,1,5,1,6,0,5,1,6,0,6,0,6,0,6,0,5,1,5,0,5,1,6,0,5,0,5,0,5,0,5,0,5,1,5,0,5,0,5,0,5,0,5,0,0,0,5,0,5,0,5,0,5,-1,4,0,5,1,5,0,4,1,5,0,5,0,5,0,4,1,4,1,4,1,4,1,4,1,4,1,4,1,4,1,3,1,3,1,3,1,3,1,3,1,3,2,3,2,0,0,0,0,0,0,0,0,0,0,0,0,0,0,28,17,23,15,27,11,27,9,28,9,30,8,28,8,31,8,30,6,33,8,33,5,34,6,37,5,30,4,32,5,35,3,37,6,35,4,34,4,32,4,37,3,31,3,29,2,29,6,28,4,29,6,31,-1,30,2,29,3,32,-1,29,-1,33,0,26,2,29,2,29,-1,28,3,28,2,27,3,28,7,30,1,29,2,28,5,24,6,28,5,26,9,27,5,29,8,24,5,24,7,24,5,23,6,22,8,21,9,19,9,22,8,23,9,19,11,0,0,0,0,0,0,0,0,0,0,0,0,0,0,0,0,0,0,0,0,0,0,-46,32,-49,30,-48,28,-55,29,-53,28,-60,29,-57,26,-61,28,-73,28,-66,25,-72,22,-71,28,-77,28,-79,21,-78,17,-78,13,-87,16,-75,10,-79,11,-78,10,-76,10,-83,7,-73,9,-77,7,-76,8,-76,13,-73,4,-73,6,-67,3,-72,9,-58,8,-66,5,-60,9,-59,12,-62,9,-57,13,-54,13,-57,16,-52,18,-55,20,-55,17,-49,22,-52,20,-47,20,-45,19,-40,19,-42,21,-42,23,-37,21,-37,20,-32,23,-34,23,-34,24,-28,20,-30,23,-25,23,-26,24,0,0]"
CSI_DATA,333,2a:00:00:00:00:00,-42,11,1,0,1,1,1,0,0,0,1,-96,0,11,2,4800650,0,44,0,384,0,"[0,0,0,0,0,0,0,0,0,0,0,0,1,-6,1,-6,1,-6,1,-6,1,-6,1,-6,1,-7,1,-6,1,-7,0,-6,1,-7,1,-7,1,-7,1,-6,1,-6,0,-7,0,-6,1,-6,0,-6,0,-6,0,-6,0,-6,1,-6,0,-6,0,-6,0,-6,0,0,0,-6,0,-6,0,-6,0,-6,0,-6,0,-6,0,-6,0,-6,1,-6,1,-5,1,-5,1,-5,0,-5,1,-5,1,-5,1,-5,1,-5,1,-4,1,-4,1,-4,1,-4,1,-4,1,-4,1,-4,2,-4,2,-3,0,0,0,0,0,0,0,0,0,0,0,0,0,0,-36,-2,-24,2,-29,3,-34,8,-26,13,-27,15,-24,13,-27,14,-25,17,-31,16,-25,16,-29,15,-34,20,-25,16,-29,16,-31,19,-33,17,-24,16,-28,17,-26,19,-32,19,-26,18,-22,19,-27,16,-24,18,-23,14,-24,16,-22,19,-20,17,-27,19,-27,18,-30,19,-22,13,-21,21,-23,20,-25,17,-20,19,-21,19,-24,18,-23,17,-24,13,-27,15,-23,12,-21,15,-23,12,-26,9,-24,6,-25,10,-22,12,-20,12,-23,14,-23,8,-20,12,-20,7,-18,5,-23,4,-24,4,0,0,0,0,0,0,0,0,0,0,0,0,0,0,0,0,0,0,0,0,0,0,8,-57,11,-58,14,-53,19,-63,21,-59,23,-63,22,-58,24,-60,33,-71,31,-62,33,-66,35,-71,35,-76,39,-68,41,-66,43,-66,49,-68,50,-62,46,-60,53,-62,50,-63,53,-63,52,-58,53,-58,55,-56,48,-63,52,-51,54,-56,45,-48,40,-57,37,-47,45,-52,34,-49,33,-49,38,-49,32,-51,32,-47,28,-51,27,-45,29,-55,27,-49,18,-52,21,-46,19,-47,20,-41,11,-44,16,-45,13,-42,13,-45,11,-40,9,-42,10,-44,11,-38,7,-33,6,-39,4,-36,0,-35,0,0]"
CSI_DATA,334,2a:00:00:00:00:00,-42,11,1,0,1,1,1,0,0,0,1,-96,0,11,2,4810868,0,44,0,384,0,"[0,0,0,0,0,0,0,0,0,0,0,0,5,0,5,-1,5,-1,6,-1,5,-1,6,-1,6,-1,6,-1,6,-1,5,-1,6,-1,6,-2,6,-1,6,-1,6,-1,6,-2,6,-2,5,-1,5,-1,5,-1,5,-1,5,-1,5,-1,5,-2,5,-1,5,-2,0,0,5,-2,5,-2,5,-2,5,-2,4,-1,5,-1,5,-1,5,-1,5,-1,5,-1,5,-1,4,-1,4,-1,4,-1,4,-1,5,-1,4,0,4,-1,4,-1,4,-1,4,0,3,0,3,0,3,0,4,0,3,0,0,0,0,0,0,0,0,0,0,0,0,0,0,0,23,19,23,14,28,11,25,10,29,9,28,8,30,10,33,8,30,5,32,6,33,5,34,5,36,5,33,5,35,5,35,2,36,3,33,4,31,5,32,4,37,2,31,4,31,2,32,4,30,4,30,3,28,3,33,3,28,3,32,-3,29,3,31,1,29,3,31,2,30,-2,26,5,27,2,29,1,26,4,29,1,32,2,27,6,26,6,27,4,27,7,27,5,28,8,25,5,25,6,25,8,22,6,24,7,20,7,22,7,21,9,23,10,21,13,0,0,0,0,0,0,0,0,0,0,0,0,0,0,0,0,0,0,0,0,0,0,-46,29,-50,26,-50,26,-55,26,-55,23,-64,23,-60,23,-64,23,-69,22,-68,21,-75,19,-75,18,-80,22,-78,16,-80,12,-78,8,-87,14,-77,9,-80,7,-78,7,-79,6,-80,1,-75,4,-78,5,-75,1,-75,8,-72,1,-72,2,-67,0,-74,6,-58,4,-68,2,-65,6,-58,8,-61,11,-59,11,-54,12,-59,14,-54,13,-55,13,-53,14,-53,18,-53,17,-47,20,-46,17,-43,20,-44,18,-41,21,-38,21,-37,18,-35,21,-35,21,-37,21,-28,19,-33,24,-28,23,-26,22,0,0]"
CSI_DATA,335,2a:00:00:00:00:00,-42,11,1,0,1,1,1,0,0,0,1,-96,0,11,2,4820862,0,44,0,384,0,"[0,0,0,0,0,0,0,0,0,0,0,0,0,-6,-1,-6,-1,-6,-1,-7,-1,-7,-1,-6,-1,-7,-1,-6,-1,-7,-1,-6,-1,-7,-2,-7,-2,-7,-2,-7,-1,-7,-1,-7,-2,-6,-1,-6,-2,-6,-1,-6,-1,-6,-1,-6,-1,-6,-2,-6,-2,-6,-1,-6,0,0,-2,-6,-2,-6,-2,-6,-1,-6,-2,-6,-1,-6,-1,-6,-1,-6,-1,-6,-1,-5,-1,-6,-1,-5,-1,-6,-1,-5,0,-5,0,-5,-1,-5,0,-5,0,-5,0,-4,0,-5,0,-5,0,-5,0,-5,0,-4,1,-4,0,0,0,0,0,0,0,0,0,0,0,0,0,0,9,-29,9,-30,2,-32,2,-29,4,-32,1,-31,-2,-32,-3,-34,-3,-29,-2,-33,-3,-33,-5,-33,-4,-34,-5,-36,-4,-34,-6,-33,-7,-38,-5,-34,-3,-30,-2,-33,-6,-36,-2,-33,-7,-34,-7,-32,-5,-30,-4,-33,-6,-29,-7,-33,-8,-33,-8,-30,-5,-30,-6,-29,-6,-31,-7,-31,-7,-26,-4,-29,-6,-32,-7,-30,-3,-31,-3,-26,-3,-29,-3,-28,-3,-30,0,-30,1,-28,-1,-28,0,-27,0,-27,2,-24,2,-23,1,-24,3,-23,1,-24,2,-27,6,-23,6,-22,7,-22,0,0,0,0,0,0,0,0,0,0,0,0,0,0,0,0,0,0,0,0,0,0,48,32,44,34,44,35,45,40,44,40,45,45,45,44,44,49,51,55,48,53,45,59,47,58,52,64,43,64,39,63,40,67,46,72,36,69,38,68,36,70,33,67,34,72,30,71,30,71,30,69,34,67,25,65,29,65,26,64,29,64,24,51,28,60,30,55,30,53,30,57,31,47,33,46,34,47,32,46,35,46,31,44,36,40,32,42,35,40,31,35,32,32,31,32,32,27,30,30,30,28,31,26,31,25,30,24,29,20,30,22,31,17,29,12,0,0]"
CSI_DATA,336,2a:00:00:00:00:00,-42,11,1,0,1,1,1,0,0,0,1,-96,0,11,2,4830672,0,44,0,384,0,"[0,0,0,0,0,0,0,0,0,0,0,0,5,-1,5,-2,5,-2,6,-2,5,-2,6,-2,6,-2,6,-2,6,-2,5,-3,6,-3,6,-3,5,-3,5,-3,6,-2,6,-3,6,-3,5,-2,5,-3,5,-2,5,-2,5,-2,5,-2,5,-3,5,-3,5,-3,0,0,5,-3,5,-2,5,-2,5,-3,5,-2,5,-2,5,-2,4,-2,5,-2,5,-2,5,-2,4,-2,4,-1,4,-2,4,-1,4,-2,4,-1,4,-1,4,-1,4,-1,4,-1,3,-1,4,-1,4,-1,4,0,4,0,0,0,0,0,0,0,0,0,0,0,0,0,0,0,26,14,27,11,29,6,28,7,32,5,31,3,33,2,33,2,30,-1,34,-1,32,0,32,2,35,0,33,-1,34,-1,33,-3,35,-1,35,-4,33,-2,31,-2,37,-5,31,0,31,-4,32,0,29,1,31,-3,28,-2,29,-5,29,-1,34,-8,30,-3,31,-4,27,-2,29,-5,27,-5,29,-2,30,-2,28,-1,26,1,31,-3,28,0,30,0,26,2,29,-1,28,1,26,3,30,3,24,2,25,4,24,4,24,7,25,6,21,3,20,3,20,5,22,7,24,11,0,0,0,0,0,0,0,0,0,0,0,0,0,0,0,0,0,0,0,0,0,0,-37,40,-43,41,-39,40,-47,42,-47,37,-52,39,-53,37,-55,35,-66,42,-60,39,-63,38,-65,41,-72,46,-74,41,-74,31,-71,28,-79,36,-76,26,-72,29,-78,23,-78,21,-81,21,-74,21,-73,23,-74,21,-70,30,-70,21,-72,19,-64,16,-70,23,-56,19,-63,22,-58,19,-56,20,-59,18,-55,22,-51,22,-52,30,-47,27,-50,32,-50,26,-44,29,-47,27,-42,29,-41,27,-38,29,-38,27,-39,25,-32,28,-34,28,-28,26,-27,31,-31,31,-22,26,-23,32,-19,29,-18,29,0,0]"
CSI_DATA,337,2a:00:00:00:00:00,-42,11,1,0,1,1,1,0,0,0,1,-96,0,11,2,4841984,0,44,0,384,0,"[0,0,0,0,0,0,0,0,0,0,0,0,-6,0,-6,0,-7,0,-7,0,-7,0,-7,0,-7,1,-7,1,-7,1,-7,1,-7,1,-7,1,-7,0,-7,1,-7,0,-7,1,-6,1,-7,1,-6,1,-6,1,-6,0,-6,1,-6,1,-6,1,-6,1,-6,1,0,0,-6,1,-6,1,-6,1,-6,1,-6,0,-6,0,-6,0,-6,0,-6,1,-6,1,-6,0,-5,0,-5,0,-5,-1,-5,0,-5,0,-5,0,-5,0,-5,0,-5,0,-5,0,-5,-1,-5,-1,-5,-1,-5,-1,-4,-1,0,0,0,0,0,0,0,0,0,0,0,0,0,0,-30,-3,-31,1,-31,4,-31,4,-31,7,-32,5,-28,9,-33,8,-31,9,-30,13,-32,11,-32,13,-34,13,-33,11,-33,10,-34,16,-36,14,-31,12,-33,12,-33,13,-35,17,-34,12,-30,15,-29,13,-27,11,-31,13,-29,12,-28,15,-31,13,-31,15,-27,14,-31,17,-28,12,-31,15,-27,14,-29,12,-26,14,-26,16,-27,11,-26,14,-29,12,-28,10,-26,9,-26,8,-27,8,-27,9,-26,8,-25,9,-25,8,-24,10,-24,6,-22,7,-22,6,-22,4,-24,3,-23,4,-24,1,0,0,0,0,0,0,0,0,0,0,0,0,0,0,0,0,0,0,0,0,0,0,27,-50,29,-50,30,-48,34,-51,37,-47,41,-50,40,-51,44,-52,49,-58,51,-49,54,-54,53,-53,60,-58,64,-52,63,-48,62,-48,66,-56,66,-44,64,-47,65,-44,64,-41,69,-46,64,-40,63,-41,67,-38,62,-43,64,-33,60,-38,56,-34,58,-41,48,-33,55,-37,51,-38,44,-37,50,-40,45,-41,42,-40,42,-42,40,-39,42,-42,38,-42,32,-43,33,-43,30,-39,28,-41,25,-39,25,-38,24,-40,22,-37,22,-39,18,-36,15,-37,19,-35,13,-34,15,-37,11,-35,9,-33,0,0]"
CSI_DATA,338,2a:00:00:00:00:00,-42,11,1,0,1,1,1,0,0,0,1,-96,0,11,2,4850731,0,44,0,384,0,"[0,0,0,0,0,0,0,0,0,0,0,0,-2,5,-1,5,-1,6,-1,6,-1,6,-1,5,-1,6,-1,6,-1,6,-1,6,-1,6,-1,6,-1,6,-1,6,-1,6,-1,6,-1,5,-1,5,0,5,-1,5,-1,5,0,5,-1,5,-1,5,-1,5,-1,5,0,0,-1,5,0,5,0,5,0,5,-1,5,-1,5,-1,5,-1,5,-1,5,-1,5,-2,5,-1,4,-1,4,-1,4,-2,4,-2,4,-1,4,-2,4,-2,4,-2,3,-2,4,-2,4,-2,4,-2,3,-3,3,-3,3,0,0,0,0,0,0,0,0,0,0,0,0,0,0,-12,26,-8,26,-5,30,-5,28,-3,31,-3,29,-3,32,-1,31,2,31,-2,32,3,31,4,32,0,39,2,35,2,32,4,34,1,38,3,36,3,34,2,31,1,37,-1,30,7,33,2,31,2,29,4,33,1,27,3,31,4,30,5,32,1,29,2,34,2,30,6,31,2,28,2,30,4,28,6,30,2,29,-1,29,0,25,-5,30,0,27,0,26,1,28,-4,27,-2,25,0,27,-6,22,-3,24,-5,24,-3,23,-1,25,-7,23,-4,24,-7,22,-11,21,0,0,0,0,0,0,0,0,0,0,0,0,0,0,0,0,0,0,0,0,0,0,-39,-40,-42,-42,-40,-43,-42,-47,-38,-45,-41,-51,-39,-47,-40,-55,-45,-65,-40,-62,-36,-65,-36,-64,-44,-72,-35,-73,-31,-74,-31,-73,-38,-79,-29,-74,-28,-73,-29,-74,-29,-73,-26,-79,-21,-72,-21,-74,-20,-74,-25,-72,-17,-72,-19,-70,-18,-65,-23,-68,-19,-56,-22,-65,-25,-58,-25,-53,-26,-58,-27,-55,-23,-50,-27,-53,-26,-52,-29,-53,-29,-50,-31,-48,-29,-47,-30,-42,-28,-40,-33,-35,-31,-38,-30,-36,-32,-33,-29,-30,-28,-31,-30,-31,-31,-31,-28,-23,-31,-25,-31,-22,-31,-18,0,0]"
CSI_DATA,339,2a:00:00:00:00:00,-42,11,1,0,1,1,1,0,0,0,1,-96,0,11,2,4882938,0,44,0,384,0,"[0,0,0,0,0,0,0,0,0,0,0,0,3,4,3,4,3,4,3,5,3,5,3,4,3,4,3,4,4,4,4,4,3,4,4,4,4,5,4,4,3,4,4,4,4,4,3,4,4,4,4,4,3,4,4,4,3,4,4,4,4,4,3,4,0,0,3,3,4,4,4,4,3,3,3,4,3,4,3,4,3,4,3,3,3,3,3,3,2,4,2,4,3,4,2,3,2,3,2,4,2,3,2,3,2,3,2,3,1,3,1,3,1,3,1,3,1,3,0,0,0,0,0,0,0,0,0,0,0,0,0,0,17,-27,10,-28,9,-33,9,-26,8,-29,9,-30,4,-29,7,-35,3,-32,6,-31,2,-31,5,-34,-1,-36,2,-35,2,-29,4,-34,1,-37,0,-31,3,-33,-3,-34,4,-38,4,-31,-2,-34,-1,-32,0,-31,-2,-31,5,-29,-3,-32,1,-26,-1,-34,0,-30,3,-32,-1,-25,0,-33,-1,-25,-2,-29,-4,-33,-3,-29,1,-34,5,-32,6,-24,7,-30,2,-31,3,-31,4,-30,8,-24,7,-23,7,-24,6,-25,10,-22,5,-21,9,-23,4,-20,6,-24,5,-22,11,-21,12,-20,0,0,0,0,0,0,0,0,0,0,0,0,0,0,0,0,0,0,0,0,0,0,37,37,39,45,34,38,42,48,34,47,36,58,39,50,38,55,41,62,37,57,33,67,37,66,42,75,34,73,33,76,28,72,31,83,24,71,27,80,24,80,22,79,21,77,19,68,18,74,18,76,25,72,11,67,14,72,13,60,17,71,14,57,18,66,17,58,19,55,17,59,23,56,20,51,23,51,20,48,26,51,26,49,25,41,24,49,26,42,28,40,22,41,25,32,23,32,26,33,22,34,25,33,28,30,24,30,19,22,26,24,28,26,23,20,0,0]"
CSI_DATA,340,2a:00:00:00:00:00,-42,11,1,0,1,1,1,0,0,0,1,-96,0,11,2,4890976,0,44,0,384,0,"[0,0,0,0,0,0,0,0,0,0,0,0,-3,-6,-4,-6,-4,-6,-4,-6,-4,-6,-4,-6,-4,-6,-4,-6,-4,-6,-4,-5,-4,-6,-4,-6,-4,-6,-4,-6,-4,-6,-5,-6,-4,-5,-4,-5,-4,-5,-4,-5,-4,-5,-4,-5,-4,-5,-4,-5,-4,-5,-4,-5,0,0,-4,-5,-4,-5,-5,-5,-4,-5,-4,-5,-4,-5,-4,-5,-4,-5,-4,-4,-3,-4,-3,-5,-3,-5,-3,-5,-3,-5,-3,-4,-3,-5,-3,-5,-3,-4,-3,-4,-3,-4,-2,-4,-2,-4,-2,-5,-2,-5,-2,-4,-1,-4,0,0,0,0,0,0,0,0,0,0,0,0,0,0,-18,23,-19,28,-16,25,-12,24,-19,29,-13,29,-12,29,-13,29,-12,29,-12,22,-9,30,-12,31,-11,33,-7,32,-9,29,-12,31,-10,31,-6,33,-7,28,-14,27,-9,33,-10,29,-4,30,-5,30,-10,30,-8,30,-11,28,-9,32,-6,30,-7,31,-11,28,-8,30,-11,29,-6,29,-8,25,-7,28,-9,30,-9,27,-5,28,-11,24,-11,23,-16,28,-8,23,-11,24,-13,26,-15,25,-13,20,-7,28,-12,22,-13,18,-14,22,-12,18,-15,22,-12,22,-16,18,-15,14,-14,14,0,0,0,0,0,0,0,0,0,0,0,0,0,0,0,0,0,0,0,0,0,0,-34,-46,-38,-44,-36,-46,-37,-51,-33,-53,-34,-58,-33,-55,-34,-58,-37,-69,-29,-66,-30,-72,-29,-70,-33,-79,-25,-77,-20,-76,-16,-77,-22,-83,-14,-75,-19,-75,-12,-75,-17,-78,-10,-85,-14,-78,-9,-76,-6,-75,-11,-74,-3,-76,-4,-71,-7,-70,-7,-71,-5,-62,-8,-66,-9,-61,-13,-60,-11,-59,-11,-57,-14,-51,-10,-54,-11,-56,-19,-60,-17,-54,-18,-54,-17,-48,-14,-46,-15,-43,-21,-49,-19,-43,-14,-41,-20,-39,-21,-39,-19,-38,-21,-33,-22,-36,-13,-30,-19,-32,-22,-31,-21,-24,0,0]"
CSI_DATA,341,2a:00:00:00:00:00,-42,11,1,0,1,1,1,0,0,0,1,-96,0,11,2,4900662,0,44,0,384,0,"[0,0,0,0,0,0,0,0,0,0,0,0,2,5,2,5,3,5,3,5,3,5,2,5,3,5,3,5,3,5,3,5,3,5,3,5,3,5,3,5,3,5,3,5,3,5,3,4,3,5,3,5,3,5,3,5,2,4,3,4,3,4,3,4,0,0,3,4,3,5,3,5,3,4,3,4,3,5,3,4,2,4,2,4,2,4,2,4,2,4,2,4,2,4,1,3,2,4,2,4,1,3,1,3,1,3,1,3,1,4,1,4,1,3,0,4,0,3,0,0,0,0,0,0,0,0,0,0,0,0,0,0,20,-28,15,-20,17,-25,9,-31,15,-31,16,-31,8,-34,11,-31,6,-28,12,-30,11,-34,11,-31,9,-35,6,-33,7,-30,9,-35,10,-35,7,-34,7,-31,12,-33,10,-37,8,-30,6,-26,6,-31,9,-29,11,-31,11,-34,1,-32,9,-27,8,-31,7,-25,12,-29,7,-32,6,-31,7,-29,9,-30,5,-32,4,-29,10,-30,12,-29,9,-25,16,-21,6,-28,9,-29,11,-26,12,-25,14,-21,11,-23,11,-18,16,-18,16,-18,13,-22,12,-17,11,-22,11,-20,16,-17,15,-16,0,0,0,0,0,0,0,0,0,0,0,0,0,0,0,0,0,0,0,0,0,0,37,38,38,41,41,42,42,48,38,50,36,54,35,53,35,56,41,62,36,64,31,64,34,69,37,71,30,77,27,71,22,77,31,80,21,79,20,71,21,79,12,78,17,80,14,78,13,80,11,76,19,71,11,70,6,68,10,69,13,68,10,62,13,62,14,62,14,58,14,62,18,57,16,52,14,55,17,50,17,47,16,53,19,54,16,51,21,47,17,39,14,42,19,43,23,36,19,39,22,42,19,34,18,32,19,30,23,28,19,30,26,23,21,29,0,0]"
CSI_DATA,342,2a:00:00:00:00:00,-42,11,1,0,1,1,1,0,0,0,1,-96,0,11,2,4910646,0,44,0,384,0,"[0,0,0,0,0,0,0,0,0,0,0,0,5,-3,5,-3,5,-3,5,-3,5,-3,5,-4,5,-4,5,-4,5,-4,5,-4,6,-4,5,-4,5,-4,5,-4,5,-3,5,-4,5,-4,5,-4,4,-4,5,-4,5,-3,4,-4,4,-4,5,-4,4,-4,5,-4,0,0,4,-4,4,-4,4,-4,4,-4,4,-3,4,-3,4,-3,4,-3,4,-3,4,-3,4,-3,4,-2,4,-3,4,-3,4,-3,4,-3,3,-2,4,-3,4,-2,3,-2,4,-2,3,-2,3,-2,3,-2,4,-2,3,-1,0,0,0,0,0,0,0,0,0,0,0,0,0,0,29,-4,29,-7,25,-10,27,-14,30,-16,28,-13,27,-16,28,-20,27,-17,28,-16,27,-18,29,-23,28,-21,30,-19,28,-19,27,-22,31,-21,29,-19,27,-19,28,-23,28,-24,28,-19,22,-23,23,-20,25,-18,24,-21,24,-18,23,-20,25,-17,25,-23,23,-22,26,-22,23,-20,22,-23,22,-24,21,-17,19,-17,22,-20,21,-17,22,-22,25,-18,25,-17,21,-12,21,-15,21,-15,21,-17,23,-14,21,-14,20,-11,21,-14,20,-13,20,-12,18,-14,18,-11,19,-10,24,-10,23,-5,0,0,0,0,0,0,0,0,0,0,0,0,0,0,0,0,0,0,0,0,0,0,-23,53,-24,51,-26,54,-27,54,-31,51,-34,54,-30,55,-36,56,-41,62,-45,58,-49,55,-48,59,-53,64,-57,59,-56,57,-56,59,-58,62,-61,54,-57,53,-55,54,-58,51,-61,57,-64,49,-61,48,-64,47,-57,50,-59,42,-55,44,-53,43,-50,48,-44,39,-48,44,-43,43,-39,42,-45,46,-38,48,-38,44,-34,43,-36,43,-34,46,-31,45,-28,47,-27,44,-26,45,-22,41,-17,38,-17,41,-17,40,-13,38,-14,42,-14,36,-12,37,-10,39,-7,34,-4,36,-6,36,-1,32,0,0]"
CSI_DATA,343,2a:00:00:00:00:00,-42,11,1,0,1,1,1,0,0,0,1,-96,0,11,2,4930949,0,44,0,384,0,"[0,0,0,0,0,0,0,0,0,0,0,0,-1,-6,-2,-6,-2,-6,-2,-7,-2,-7,-2,-6,-2,-6,-3,-6,-3,-7,-3,-7,-2,-7,-3,-7,-3,-7,-3,-7,-2,-6,-3,-7,-3,-6,-3,-6,-3,-6,-3,-6,-3,-6,-3,-6,-2,-6,-3,-6,-3,-6,-2,-6,0,0,-3,-6,-3,-6,-3,-6,-3,-6,-3,-5,-3,-6,-3,-6,-3,-6,-2,-5,-2,-6,-2,-5,-2,-5,-2,-5,-2,-5,-1,-5,-2,-5,-2,-5,-1,-5,-1,-5,-1,-4,-1,-4,-1,-5,-1,-5,-1,-5,-1,-4,0,-4,0,0,0,0,0,0,0,0,0,0,0,0,0,0,-22,17,-25,21,-19,26,-22,19,-19,21,-19,19,-17,25,-20,27,-14,25,-15,25,-17,32,-16,29,-18,29,-19,26,-21,26,-14,30,-15,28,-17,27,-14,26,-18,28,-16,34,-18,29,-11,31,-14,29,-16,23,-11,28,-15,29,-12,33,-16,25,-16,30,-15,29,-20,29,-14,28,-10,32,-13,27,-15,27,-14,28,-12,28,-15,25,-17,23,-18,22,-18,25,-18,23,-14,19,-11,22,-14,22,-17,23,-13,18,-16,18,-16,17,-15,15,-18,19,-12,22,-14,15,-16,15,-14,14,-18,11,0,0,0,0,0,0,0,0,0,0,0,0,0,0,0,0,0,0,0,0,0,0,-21,-54,-15,-54,-15,-56,-20,-60,-10,-59,-9,-66,-11,-66,-8,-73,-9,-76,-1,-75,1,-80,-2,-79,-1,-83,6,-76,13,-75,4,-79,7,-88,16,-78,12,-81,9,-77,16,-79,13,-78,18,-77,18,-84,19,-74,12,-75,19,-66,19,-65,17,-71,11,-71,13,-58,13,-67,9,-62,5,-58,11,-63,6,-56,5,-61,5,-58,4,-58,3,-58,-1,-52,-7,-55,-2,-57,-3,-50,-3,-49,0,-43,-6,-41,-6,-50,-8,-37,-10,-45,-10,-41,-10,-37,-12,-38,-11,-38,-10,-37,-19,-33,-15,-34,0,0]"
CSI_DATA,344,2a:00:00:00:00:00,-42,11,1,0,1,1,1,0,0,0,1,-96,0,11,2,4940654,0,44,0,384,0,"[0,0,0,0,0,0,0,0,0,0,0,0,2,5,2,5,3,5,3,5,3,5,2,5,3,5,3,5,3,5,3,5,3,5,3,5,3,5,3,5,3,5,3,5,3,4,3,4,3,4,3,4,3,4,3,4,2,4,3,4,3,4,3,4,0,0,3,4,3,5,3,4,3,4,3,4,3,4,3,4,3,4,2,4,2,4,2,4,2,4,2,4,2,4,2,4,2,3,2,4,1,3,2,3,1,3,1,3,1,3,1,4,1,4,0,3,0,3,0,0,0,0,0,0,0,0,0,0,0,0,0,0,6,31,9,30,10,29,12,25,15,27,15,27,16,28,16,29,15,26,18,27,22,23,19,24,21,28,19,29,18,25,19,25,21,30,22,27,18,27,21,25,23,28,16,24,22,24,23,25,19,24,23,24,19,21,23,24,20,27,22,23,19,21,21,21,22,24,24,26,19,19,20,24,20,22,22,21,19,24,16,17,17,20,17,19,16,23,17,24,15,24,15,20,14,19,15,19,13,18,13,17,13,14,11,19,12,17,11,21,9,21,10,18,7,19,0,0,0,0,0,0,0,0,0,0,0,0,0,0,0,0,0,0,0,0,0,0,-52,-20,-54,-20,-51,-24,-56,-25,-54,-29,-54,-30,-55,-31,-55,-34,-63,-38,-58,-39,-61,-45,-61,-44,-65,-47,-61,-52,-58,-52,-58,-52,-66,-52,-54,-54,-57,-54,-57,-54,-54,-57,-59,-58,-49,-54,-51,-57,-52,-58,-55,-54,-44,-56,-47,-53,-45,-52,-49,-50,-43,-42,-46,-44,-47,-41,-44,-38,-46,-41,-44,-34,-45,-32,-46,-33,-44,-28,-49,-29,-46,-32,-46,-24,-46,-25,-45,-24,-43,-21,-43,-18,-40,-15,-41,-15,-42,-14,-38,-11,-38,-10,-39,-9,-38,-7,-34,-5,-39,-7,-37,0,-32,2,0,0]"
CSI_DATA,345,2a:00:00:00:00:00,-42,11,1,0,1,1,1,0,0,0,1,-96,0,11,2,4950633,0,44,0,384,0,"[0,0,0,0,0,0,0,0,0,0,0,0,5,-1,5,-2,5,-2,6,-2,5,-2,5,-2,6,-2,6,-2,6,-2,5,-2,6,-2,6,-3,6,-2,6,-2,6,-2,6,-3,5,-3,5,-2,5,-2,5,-2,5,-2,5,-2,5,-2,5,-2,5,-2,5,-3,0,0,5,-3,5,-2,5,-2,5,-3,4,-2,5,-2,5,-2,5,-2,5,-2,5,-2,5,-2,4,-1,4,-1,4,-1,4,-1,5,-1,4,-1,4,-1,4,-1,4,-1,4,-1,4,-1,3,-1,4,-1,4,0,4,0,0,0,0,0,0,0,0,0,0,0,0,0,0,0,28,10,25,11,27,5,28,4,31,6,30,2,31,1,32,2,31,-1,30,-1,31,-2,34,-2,37,1,32,1,32,0,35,-5,38,-1,32,-5,34,-1,34,-1,37,-4,33,-1,29,-4,33,1,29,1,30,-2,31,-4,29,-4,31,-1,31,-7,29,-3,32,-3,28,-2,29,-1,32,-4,30,1,30,-2,29,0,27,1,29,0,29,0,31,0,25,2,26,1,25,4,28,3,28,3,24,3,26,3,23,5,24,3,21,6,22,3,18,5,21,5,23,6,19,10,0,0,0,0,0,0,0,0,0,0,0,0,0,0,0,0,0,0,0,0,0,0,-35,45,-39,43,-38,40,-45,42,-46,39,-49,42,-50,37,-53,39,-63,43,-60,39,-62,40,-63,42,-69,46,-71,40,-72,33,-72,29,-77,34,-72,28,-73,29,-72,25,-72,25,-79,25,-73,22,-70,23,-71,21,-71,25,-72,18,-71,20,-64,17,-67,20,-55,18,-62,18,-58,19,-53,21,-59,22,-54,23,-51,22,-51,26,-47,25,-47,27,-51,25,-44,26,-44,27,-40,27,-39,28,-38,29,-35,26,-35,25,-33,27,-31,24,-30,26,-28,26,-28,27,-22,24,-25,28,-22,29,-18,28,0,0]"
CSI_DATA,346,2a:00:00:00:00:00,-42,11,1,0,1,1,1,0,0,0,1,-96,0,11,2,4970796,0,44,0,384,0,"[0,0,0,0,0,0,0,0,0,0,0,0,4,2,5,2,5,2,5,2,5,2,5,2,5,2,5,1,5,2,5,1,6,1,6,1,6,1,6,1,5,1,6,1,5,1,5,1,5,1,5,1,5,1,5,1,5,1,5,1,5,1,5,0,0,0,5,0,5,1,5,1,5,0,5,1,5,1,5,1,4,1,4,1,4,1,4,1,4,1,4,1,4,1,4,1,4,1,4,1,3,1,4,1,3,1,3,1,3,2,3,1,3,2,3,2,3,2,0,0,0,0,0,0,0,0,0,0,0,0,0,0,13,24,13,24,18,23,18,20,22,23,23,22,24,20,24,19,24,20,26,18,27,17,30,17,32,20,24,18,27,17,30,16,32,18,32,19,28,19,27,15,33,19,24,16,28,15,25,17,26,16,27,18,23,13,28,14,26,15,31,13,28,15,27,13,23,14,25,15,25,11,24,16,26,15,27,14,23,17,26,15,23,13,23,16,21,14,22,18,19,18,20,16,19,14,18,16,21,13,19,13,20,14,18,13,18,15,17,16,13,16,16,16,14,19,0,0,0,0,0,0,0,0,0,0,0,0,0,0,0,0,0,0,0,0,0,0,-54,4,-58,2,-57,-2,-62,-5,-61,-5,-64,-6,-62,-6,-67,-5,-75,-11,-69,-11,-72,-15,-73,-16,-82,-17,-79,-21,-80,-27,-70,-28,-83,-26,-72,-26,-73,-25,-73,-28,-71,-27,-78,-33,-68,-29,-69,-29,-68,-35,-70,-28,-65,-33,-67,-32,-57,-31,-65,-30,-54,-22,-61,-26,-61,-19,-57,-18,-57,-18,-59,-15,-51,-12,-56,-16,-52,-14,-58,-11,-56,-11,-51,-6,-52,-6,-50,-5,-47,-3,-51,-1,-49,2,-43,2,-43,4,-43,0,-38,1,-41,4,-41,3,-33,6,-36,9,-35,10,-30,13,0,0]"
CSI_DATA,347,2a:00:00:00:00:00,-42,11,1,0,1,1,1,0,0,0,1,-96,0,11,2,4981968,0,44,0,384,0,"[0,0,0,0,0,0,0,0,0,0,0,0,5,0,5,-1,6,-1,6,-1,6,-1,6,-1,6,-1,6,-1,6,-1,6,-1,6,-1,6,-2,6,-1,6,-1,6,-1,6,-2,6,-1,6,-1,5,-1,5,-1,5,-1,5,-1,5,-1,6,-1,5,-1,5,-1,0,0,5,-1,6,-1,5,-1,5,-2,5,-1,5,-1,5,-1,5,0,5,-1,5,-1,5,-1,4,0,4,0,4,0,5,0,4,0,4,0,4,0,4,0,4,0,4,0,3,0,4,1,4,0,4,1,4,1,0,0,0,0,0,0,0,0,0,0,0,0,0,0,28,8,29,7,31,5,28,2,33,-1,34,0,31,-2,32,-5,30,-2,32,-3,33,-6,32,-6,35,-7,29,-5,33,-5,32,-6,35,-5,33,-8,33,-5,30,-6,35,-6,31,-6,30,-7,29,-6,26,-4,32,-6,26,-5,29,-6,29,-8,33,-9,28,-5,32,-9,27,-5,30,-7,28,-11,27,-3,29,-6,27,-8,26,-4,29,-9,30,-8,30,-1,26,-1,25,-1,24,0,27,-1,27,-2,23,-2,25,2,24,-1,25,-1,24,-2,19,-1,20,1,20,2,25,3,23,5,0,0,0,0,0,0,0,0,0,0,0,0,0,0,0,0,0,0,0,0,0,0,-35,42,-37,41,-36,40,-43,45,-43,39,-50,43,-47,42,-53,39,-59,48,-55,38,-63,42,-60,43,-67,46,-67,40,-71,34,-68,35,-74,41,-72,31,-73,33,-71,33,-72,27,-75,32,-69,24,-74,26,-72,24,-72,30,-67,22,-70,23,-62,21,-65,26,-54,21,-64,25,-57,23,-53,26,-57,27,-51,28,-49,27,-49,30,-46,27,-46,31,-47,31,-42,33,-41,32,-37,31,-37,30,-34,28,-34,30,-32,31,-28,30,-28,28,-28,28,-25,32,-28,31,-21,25,-21,27,-15,31,-16,27,0,0]"
CSI_DATA,348,2a:00:00:00:00:00,-42,11,1,0,1,1,1,0,0,0,1,-96,0,11,2,4990908,0,44,0,384,0,"[0,0,0,0,0,0,0,0,0,0,0,0,-3,4,-3,5,-2,5,-2,5,-2,5,-2,5,-2,5,-2,5,-2,5,-2,5,-2,5,-2,5,-2,5,-2,5,-2,5,-2,6,-2,5,-2,5,-2,5,-1,5,-1,5,-1,5,-2,5,-1,5,-2,5,-2,5,0,0,-2,5,-1,5,-1,5,-1,5,-1,4,-1,4,-1,5,-2,4,-2,4,-2,4,-2,4,-2,4,-2,4,-2,4,-2,4,-2,4,-2,4,-2,3,-2,3,-2,3,-2,3,-2,3,-2,3,-2,3,-3,3,-3,2,0,0,0,0,0,0,0,0,0,0,0,0,0,0,-17,23,-17,24,-14,28,-12,26,-12,29,-11,29,-11,28,-7,33,-7,28,-9,30,-6,30,-6,31,-8,34,-7,32,-9,32,-7,34,-6,35,-8,34,-6,32,-7,32,-6,36,-7,30,-1,31,-3,31,-4,29,-5,29,-8,30,-3,30,-4,29,-3,31,-5,28,-5,32,-2,27,-2,32,-4,26,-3,28,0,30,0,28,-2,27,-8,27,-5,26,-8,25,-7,28,-8,28,-7,28,-7,23,-10,24,-6,24,-8,22,-6,21,-8,23,-8,21,-6,22,-9,22,-10,22,-13,17,-13,19,0,0,0,0,0,0,0,0,0,0,0,0,0,0,0,0,0,0,0,0,0,0,-28,-47,-30,-51,-27,-48,-28,-57,-21,-55,-26,-62,-23,-58,-22,-63,-25,-70,-20,-66,-16,-73,-18,-71,-19,-80,-14,-77,-12,-82,-8,-77,-13,-86,-8,-76,-9,-80,-7,-79,-5,-75,-4,-83,-1,-74,0,-77,6,-76,-5,-74,3,-74,1,-76,1,-66,-2,-72,0,-58,-3,-68,-5,-63,-9,-60,-9,-60,-12,-58,-10,-51,-9,-57,-11,-53,-14,-56,-12,-55,-16,-47,-16,-51,-18,-46,-14,-45,-19,-43,-20,-42,-17,-39,-23,-37,-19,-36,-19,-36,-23,-33,-20,-37,-20,-26,-22,-28,-21,-29,-22,-23,0,0]"
CSI_DATA,349,2a:00:00:00:00:00,-42,11,1,0,1,1,1,0,0,0,1,-96,0,11,2,5020685,0,44,0,384,0,"[0,0,0,0,0,0,0,0,0,0,0,0,3,4,3,3,4,3,4,4,4,4,4,3,4,3,4,3,4,3,4,3,4,4,4,3,4,4,4,4,4,4,5,3,4,3,4,3,4,3,4,3,4,3,4,3,4,3,4,3,4,3,4,3,0,0,4,2,4,3,4,3,4,3,3,3,4,3,4,3,4,3,4,2,3,3,3,3,3,3,3,3,3,3,3,2,3,3,3,3,2,2,2,2,2,2,2,2,2,3,2,3,2,3,2,3,1,3,0,0,0,0,0,0,0,0,0,0,0,0,0,0,10,26,12,23,18,25,16,21,19,24,20,20,22,21,23,24,22,23,23,22,24,21,23,22,26,23,24,21,25,21,26,18,27,23,27,21,25,22,25,21,28,21,24,21,23,19,24,19,21,22,25,20,23,16,26,21,23,19,26,16,23,16,23,20,23,18,26,19,23,15,23,19,21,21,21,19,20,21,19,17,18,14,20,20,18,20,18,18,17,20,18,20,18,16,16,21,16,16,13,15,14,18,13,19,14,21,10,17,13,17,11,19,10,16,0,0,0,0,0,0,0,0,0,0,0,0,0,0,0,0,0,0,0,0,0,0,-52,8,-56,7,-55,6,-64,3,-58,2,-66,-1,-63,1,-67,-6,-74,-3,-71,-10,-74,-12,-74,-8,-80,-13,-78,-15,-76,-21,-78,-19,-85,-19,-72,-27,-76,-24,-74,-27,-71,-30,-76,-32,-71,-30,-74,-30,-70,-33,-73,-26,-63,-30,-66,-30,-60,-29,-66,-28,-55,-24,-60,-28,-59,-23,-54,-19,-59,-23,-55,-16,-51,-13,-55,-13,-56,-12,-57,-10,-53,-13,-53,-7,-56,-8,-51,-6,-46,-2,-50,-5,-47,-4,-46,-1,-43,-2,-42,-1,-39,3,-38,4,-39,1,-33,4,-41,10,-37,8,-32,6,0,0]"
CSI_DATA,350,2a:00:00:00:00:00,-42,11,1,0,1,1,1,0,0,0,1,-96,0,11,2,5030686,0,44,0,384,0,"[0,0,0,0,0,0,0,0,0,0,0,0,4,-4,4,-4,3,-4,4,-5,4,-4,4,-5,4,-5,4,-5,4,-5,3,-5,4,-5,4,-5,4,-5,4,-5,4,-5,4,-5,4,-5,3,-5,3,-5,3,-5,3,-5,3,-5,3,-5,3,-5,3,-5,3,-5,0,0,3,-5,3,-5,3,-5,3,-5,3,-5,3,-5,3,-4,3,-4,3,-5,3,-4,3,-4,3,-4,3,-4,3,-4,3,-4,3,-4,3,-3,3,-4,3,-4,3,-3,3,-3,2,-3,2,-3,3,-3,3,-2,3,-2,0,0,0,0,0,0,0,0,0,0,0,0,0,0,28,-1,29,-1,29,-5,26,-7,31,-8,27,-9,28,-12,29,-10,29,-13,29,-10,29,-13,31,-13,32,-13,30,-11,28,-10,30,-16,32,-15,31,-16,31,-15,33,-15,31,-14,28,-12,25,-14,26,-15,26,-12,28,-12,27,-14,27,-17,25,-14,26,-17,26,-13,26,-12,25,-13,23,-14,25,-16,22,-14,25,-13,26,-13,26,-11,27,-11,25,-12,25,-10,22,-9,25,-11,22,-9,26,-6,25,-5,24,-11,25,-8,24,-8,24,-5,22,-2,23,-8,21,-3,23,-3,23,0,21,-1,0,0,0,0,0,0,0,0,0,0,0,0,0,0,0,0,0,0,0,0,0,0,-19,53,-21,52,-22,53,-25,54,-29,54,-31,54,-35,54,-36,56,-42,61,-41,59,-46,58,-45,61,-46,67,-52,58,-53,54,-56,55,-58,62,-61,51,-58,52,-58,50,-60,48,-63,49,-61,48,-61,49,-63,44,-57,52,-57,43,-57,41,-57,39,-54,45,-48,38,-49,42,-48,41,-44,41,-45,39,-43,41,-40,41,-39,45,-37,42,-35,46,-34,39,-31,46,-32,43,-29,40,-26,37,-24,42,-26,40,-25,37,-21,38,-20,39,-20,35,-17,39,-15,31,-14,30,-14,35,-12,32,-7,32,0,0]"
CSI_DATA,351,2a:00:00:00:00:00,-42,11,1,0,1,1,1,0,0,0,1,-96,0,11,2,5050823,0,44,0,384,0,"[0,0,0,0,0,0,0,0,0,0,0,0,5,2,5,2,5,1,5,2,5,2,5,1,6,1,5,1,6,1,5,1,6,1,6,1,6,1,6,1,5,1,6,1,5,1,5,1,5,1,5,1,5,1,5,1,5,1,5,1,5,1,5,0,0,0,5,0,5,1,5,1,5,0,5,1,5,1,5,1,4,1,4,0,4,1,4,1,4,1,4,1,4,1,4,1,4,1,4,1,4,1,3,1,3,1,3,1,3,1,3,2,3,1,3,2,3,2,0,0,0,0,0,0,0,0,0,0,0,0,0,0,10,8,10,8,13,6,13,6,14,5,12,4,13,4,15,4,14,3,14,4,15,3,16,3,17,3,15,3,18,3,16,1,17,2,16,3,14,4,16,1,17,1,14,3,15,1,15,3,14,3,15,3,14,2,15,2,15,3,15,1,14,1,14,1,13,2,15,3,13,0,13,2,12,2,13,2,13,2,13,3,13,2,12,3,12,4,11,3,12,4,12,2,12,3,11,3,12,4,10,3,11,4,10,3,10,3,9,4,10,4,9,5,9,6,0,0,0,0,0,0,0,0,0,0,0,0,0,0,0,0,0,0,0,0,0,0,-25,13,-26,12,-25,14,-29,13,-28,11,-32,11,-30,11,-31,10,-35,11,-34,8,-37,9,-37,9,-40,11,-39,6,-40,4,-38,3,-43,6,-40,2,-40,3,-39,2,-38,1,-40,-1,-38,-1,-39,-1,-39,-2,-39,1,-35,-1,-36,-1,-32,-1,-37,1,-29,1,-34,0,-31,1,-30,3,-32,1,-29,4,-28,3,-30,5,-27,4,-28,6,-27,5,-26,8,-27,7,-24,7,-22,7,-23,8,-21,8,-21,8,-20,8,-18,8,-18,7,-18,10,-18,9,-15,8,-16,9,-15,9,-13,10,0,0]"
CSI_DATA,352,2a:00:00:00:00:00,-42,11,1,0,1,1,1,0,0,0,1,-96,0,11,2,5060823,0,44,0,384,0,"[0,0,0,0,0,0,0,0,0,0,0,0,1,-6,1,-6,1,-6,1,-6,1,-6,1,-6,1,-6,1,-6,1,-6,0,-6,1,-7,0,-7,0,-7,0,-6,1,-6,0,-7,0,-7,0,-6,0,-6,0,-6,0,-6,0,-6,0,-6,0,-6,0,-6,0,-6,0,0,0,-6,0,-6,0,-6,0,-6,0,-6,0,-6,0,-5,0,-5,0,-6,0,-5,1,-6,0,-5,0,-5,0,-5,1,-5,1,-5,0,-5,1,-5,1,-5,1,-4,1,-4,1,-4,1,-4,1,-4,1,-4,1,-4,0,0,0,0,0,0,0,0,0,0,0,0,0,0,22,-18,20,-19,16,-25,16,-23,17,-23,16,-24,13,-25,17,-30,12,-26,17,-30,14,-27,14,-30,13,-32,12,-29,14,-28,12,-31,13,-33,12,-30,12,-30,13,-29,15,-35,13,-26,8,-31,12,-28,12,-29,14,-29,10,-27,9,-31,10,-27,9,-30,8,-26,12,-29,10,-26,10,-32,10,-26,10,-30,9,-29,8,-27,10,-27,14,-23,10,-25,15,-26,13,-23,9,-26,12,-23,13,-23,13,-22,11,-21,15,-19,13,-18,12,-19,11,-18,12,-18,14,-17,13,-19,15,-16,17,-17,0,0,0,0,0,0,0,0,0,0,0,0,0,0,0,0,0,0,0,0,0,0,20,51,16,56,15,51,13,61,12,56,11,64,7,62,6,66,8,74,7,68,2,72,1,75,6,82,1,78,-6,83,-8,74,-5,90,-11,73,-7,81,-15,76,-14,75,-15,81,-13,71,-15,75,-16,75,-10,75,-16,68,-17,72,-16,63,-13,71,-11,56,-13,68,-10,62,-9,57,-10,61,-6,60,-3,53,-3,58,0,54,4,55,-1,57,3,52,4,52,5,50,4,47,8,44,8,43,6,41,10,41,9,41,9,37,12,36,10,38,11,30,13,32,15,30,13,27,0,0]"
CSI_DATA,353,2a:00:00:00:00:00,-42,11,1,0,1,1,1,0,0,0,1,-96,0,11,2,5071130,0,44,0,384,0,"[0,0,0,0,0,0,0,0,0,0,0,0,4,-5,3,-5,3,-5,4,-6,3,-5,3,-5,3,-6,3,-5,3,-6,3,-6,4,-6,3,-6,3,-6,3,-6,3,-5,3,-6,3,-6,3,-6,2,-5,2,-6,3,-5,2,-6,3,-5,2,-6,2,-5,3,-6,0,0,3,-6,2,-6,2,-6,2,-6,2,-5,2,-5,2,-5,2,-5,3,-5,3,-5,3,-5,3,-4,3,-4,2,-4,3,-4,3,-4,2,-4,2,-4,3,-4,2,-4,3,-4,2,-4,3,-3,3,-3,3,-3,3,-3,0,0,0,0,0,0,0,0,0,0,0,0,0,0,-15,-4,-15,-4,-16,-2,-16,1,-14,-2,-13,-1,-15,0,-16,1,-15,1,-17,2,-17,3,-15,1,-18,3,-16,2,-17,2,-17,3,-18,0,-16,2,-15,1,-17,4,-19,3,-17,1,-15,3,-14,1,-15,2,-14,1,-16,2,-16,2,-16,0,-16,4,-14,1,-16,2,-16,1,-14,3,-16,4,-14,2,-14,2,-14,1,-12,1,-15,0,-16,1,-17,0,-13,-1,-14,0,-13,-1,-15,0,-15,0,-13,-1,-14,-2,-15,0,-12,-1,-12,-2,-10,-1,-12,0,-9,-3,-11,-4,-11,-2,0,0,0,0,0,0,0,0,0,0,0,0,0,0,0,0,0,0,0,0,0,0,13,-27,12,-27,13,-25,14,-28,17,-27,19,-26,19,-29,21,-29,22,-31,25,-29,28,-28,25,-28,27,-31,29,-29,31,-25,32,-26,32,-29,31,-24,31,-23,33,-24,33,-22,34,-24,33,-21,35,-23,35,-21,34,-23,31,-15,32,-18,30,-18,31,-19,27,-19,29,-18,25,-18,23,-18,27,-18,22,-19,21,-18,23,-20,20,-20,21,-18,20,-18,20,-20,19,-17,17,-19,17,-17,14,-19,16,-18,15,-19,12,-16,13,-17,11,-17,11,-17,12,-15,11,-13,10,-17,8,-15,7,-13,0,0]"
CSI_DATA,354,2a:00:00:00:00:00,-42,11,1,0,1,1,1,0,0,0,1,-96,0,11,2,5085651,0,44,0,384,0,"[0,0,0,0,0,0,0,0,0,0,0,0,-4,-5,-4,-5,-4,-5,-4,-5,-4,-5,-4,-5,-5,-5,-5,-5,-5,-5,-5,-4,-5,-5,-5,-5,-5,-5,-5,-5,-5,-5,-5,-5,-5,-4,-5,-4,-5,-4,-5,-4,-5,-5,-5,-4,-4,-4,-5,-4,-5,-5,-5,-4,0,0,-5,-4,-5,-4,-5,-4,-5,-3,-5,-4,-4,-4,-4,-4,-4,-4,-4,-4,-4,-4,-4,-4,-4,-4,-4,-4,-4,-4,-3,-4,-3,-4,-3,-4,-3,-3,-3,-4,-3,-3,-3,-4,-3,-4,-3,-4,-3,-4,-2,-4,-2,-4,0,0,0,0,0,0,0,0,0,0,0,0,0,0,-14,19,-15,19,-15,24,-11,21,-10,25,-8,25,-8,27,-8,34,-5,29,-6,32,-7,28,-9,32,-6,32,-4,31,-6,30,-7,29,-8,34,-5,29,-6,29,-1,28,-5,34,-4,25,-1,35,-3,30,-3,28,-1,32,-7,26,-4,33,1,31,-4,30,-2,29,-3,32,-1,29,3,32,-2,23,0,28,0,29,3,30,-2,28,-5,27,-6,26,-7,26,1,25,-6,27,-5,23,-2,22,-9,23,1,24,-5,20,-5,22,-6,19,-3,20,-4,24,-6,21,-7,24,-11,21,-12,18,0,0,0,0,0,0,0,0,0,0,0,0,0,0,0,0,0,0,0,0,0,0,-30,-47,-34,-50,-30,-46,-36,-56,-26,-53,-27,-58,-28,-57,-28,-64,-32,-67,-25,-67,-20,-72,-22,-75,-25,-78,-21,-77,-18,-78,-15,-76,-21,-82,-12,-78,-13,-79,-13,-74,-7,-82,-12,-78,-8,-74,-6,-80,-1,-78,-11,-75,-2,-75,-7,-77,-2,-65,-10,-73,-4,-58,-6,-68,-9,-63,-12,-60,-11,-60,-12,-56,-13,-52,-12,-57,-14,-55,-18,-53,-16,-52,-18,-49,-21,-52,-17,-47,-19,-45,-24,-41,-20,-42,-20,-39,-22,-36,-21,-35,-22,-41,-20,-32,-18,-35,-18,-30,-26,-31,-25,-30,-22,-25,0,0]"
CSI_DATA,355,2a:00:00:00:00:00,-42,11,1,0,1,1,1,0,0,0,1,-96,0,11,2,5090659,0,44,0,384,0,"[0,0,0,0,0,0,0,0,0,0,0,0,-6,0,-6,0,-6,1,-7,0,-6,1,-6,1,-7,1,-6,1,-7,1,-6,1,-7,1,-7,1,-7,1,-7,1,-6,1,-7,2,-7,1,-6,1,-6,1,-6,1,-6,1,-6,1,-6,1,-6,1,-6,1,-6,1,0,0,-6,2,-6,1,-6,1,-6,2,-6,1,-6,1,-6,1,-5,1,-6,1,-6,1,-6,1,-5,0,-5,0,-5,0,-5,0,-5,1,-5,0,-5,0,-5,0,-5,0,-5,0,-4,0,-4,0,-5,0,-5,-1,-5,-1,0,0,0,0,0,0,0,0,0,0,0,0,0,0,-27,-11,-27,-7,-29,-2,-28,-6,-32,-1,-30,1,-30,0,-32,1,-33,4,-32,5,-33,4,-30,6,-36,1,-34,2,-33,4,-33,8,-34,6,-32,6,-31,5,-34,6,-36,8,-32,4,-32,5,-28,4,-29,2,-32,2,-30,7,-31,5,-29,5,-31,10,-30,9,-31,5,-30,4,-28,4,-28,7,-29,3,-27,4,-30,4,-28,0,-29,3,-28,4,-30,4,-25,1,-26,3,-25,0,-28,2,-27,1,-26,0,-23,2,-25,-1,-24,-1,-25,-2,-23,-2,-22,-5,-25,-2,-24,-5,-23,-8,0,0,0,0,0,0,0,0,0,0,0,0,0,0,0,0,0,0,0,0,0,0,30,-46,35,-43,35,-46,39,-45,42,-45,44,-46,46,-44,50,-43,56,-49,55,-49,57,-48,57,-50,62,-54,62,-46,65,-39,69,-43,68,-44,68,-38,66,-40,72,-33,71,-31,75,-31,71,-34,69,-36,70,-31,65,-37,63,-29,64,-29,65,-27,61,-30,55,-26,60,-29,60,-27,51,-29,55,-28,51,-28,48,-31,48,-37,45,-34,46,-35,43,-29,41,-36,39,-32,39,-37,35,-29,37,-31,36,-30,30,-28,29,-30,29,-29,26,-30,19,-32,25,-31,22,-30,19,-31,14,-27,19,-28,0,0]"
CSI_DATA,356,2a:00:00:00:00:00,-42,11,1,0,1,1,1,0,0,0,1,-96,0,11,2,5100660,0,44,0,384,0,"[0,0,0,0,0,0,0,0,0,0,0,0,-1,5,-1,5,0,5,0,6,0,5,-1,5,0,6,0,5,0,6,0,6,0,6,0,6,0,6,0,6,0,6,0,6,0,6,0,5,0,5,1,5,0,5,1,5,0,5,0,5,1,5,0,5,0,0,1,5,1,5,1,5,1,5,1,5,1,5,1,5,0,5,0,5,0,5,0,5,0,4,0,4,0,4,0,4,0,4,0,4,0,4,0,4,0,3,-1,4,0,4,-1,4,-1,4,-1,3,-1,4,0,0,0,0,0,0,0,0,0,0,0,0,0,0,-16,24,-12,27,-8,29,-7,26,-5,26,-6,28,-2,31,-4,34,-2,31,-6,30,0,30,-3,32,0,32,-1,32,-3,31,2,32,-1,35,1,31,0,32,0,30,2,34,-3,28,4,31,3,32,2,29,2,29,1,29,2,31,1,30,1,29,3,28,2,30,2,27,4,32,0,26,4,29,1,30,3,30,1,30,0,23,1,25,-2,26,2,27,0,27,-1,27,0,25,-1,26,-1,24,-2,22,-2,21,-1,23,-4,22,-1,24,-4,23,-4,21,-4,21,-6,20,0,0,0,0,0,0,0,0,0,0,0,0,0,0,0,0,0,0,0,0,0,0,-34,-46,-34,-48,-30,-46,-33,-54,-28,-51,-29,-60,-31,-58,-28,-61,-32,-66,-25,-68,-22,-73,-26,-72,-28,-75,-21,-75,-18,-78,-21,-76,-23,-85,-14,-74,-15,-79,-17,-77,-14,-76,-13,-81,-10,-77,-11,-78,-6,-80,-13,-73,-4,-71,-8,-73,-8,-67,-16,-71,-9,-59,-11,-68,-14,-62,-17,-58,-14,-60,-15,-54,-14,-53,-21,-55,-20,-53,-21,-52,-20,-52,-23,-47,-23,-52,-22,-45,-20,-44,-25,-41,-22,-40,-25,-39,-25,-35,-23,-35,-23,-34,-26,-30,-25,-30,-22,-27,-24,-29,-26,-24,-24,-20,0,0]"
CSI_DATA,357,2a:00:00:00:00:00,-42,11,1,0,1,1,1,0,0,0,1,-96,0,11,2,5110886,0,44,0,384,0,"[0,0,0,0,0,0,0,0,0,0,0,0,-6,1,-6,1,-6,2,-6,1,-6,1,-6,2,-6,2,-6,2,-6,2,-6,2,-6,2,-6,2,-6,2,-6,2,-6,1,-6,2,-6,2,-6,2,-6,2,-6,2,-5,1,-5,2,-5,1,-6,2,-6,2,-6,2,0,0,-5,2,-6,1,-6,1,-6,2,-5,1,-5,1,-5,1,-5,1,-5,1,-5,1,-6,1,-5,0,-5,1,-5,1,-5,0,-5,0,-5,0,-5,0,-5,0,-4,0,-5,0,-4,0,-4,0,-5,0,-5,-1,-4,-1,0,0,0,0,0,0,0,0,0,0,0,0,0,0,-27,-8,-29,-8,-29,-4,-28,-2,-31,1,-31,0,-30,0,-34,2,-28,2,-32,5,-31,2,-32,3,-36,1,-32,3,-33,5,-33,6,-36,8,-34,8,-32,5,-33,3,-37,4,-34,3,-28,8,-31,3,-29,1,-34,1,-31,4,-30,6,-28,1,-31,10,-30,5,-30,2,-29,2,-30,4,-30,4,-28,1,-26,1,-30,1,-28,-2,-31,-2,-29,1,-27,-3,-27,-2,-28,-3,-27,-3,-28,-3,-28,-4,-25,-6,-24,-3,-24,-4,-25,-4,-23,-3,-23,-2,-23,-5,-19,-7,-23,-7,-23,-9,0,0,0,0,0,0,0,0,0,0,0,0,0,0,0,0,0,0,0,0,0,0,18,-52,22,-53,24,-52,27,-55,27,-54,32,-56,33,-53,35,-57,44,-60,39,-57,48,-57,46,-59,52,-66,56,-61,57,-55,60,-48,63,-58,58,-51,58,-48,64,-47,61,-45,70,-44,61,-43,60,-44,62,-42,61,-45,61,-40,63,-39,57,-33,58,-38,49,-30,55,-34,50,-34,49,-36,49,-33,49,-38,43,-35,43,-38,41,-36,42,-37,41,-39,41,-41,39,-37,35,-37,33,-35,34,-34,32,-34,29,-32,27,-33,28,-31,26,-28,20,-31,24,-33,15,-27,20,-30,14,-30,16,-30,0,0]"
CSI_DATA,358,2a:00:00:00:00:00,-42,11,1,0,1,1,1,0,0,0,1,-96,0,11,2,5120702,0,44,0,384,0,"[0,0,0,0,0,0,0,0,0,0,0,0,-3,-6,-3,-5,-3,-6,-3,-6,-3,-6,-3,-6,-4,-6,-3,-6,-3,-6,-4,-6,-4,-6,-4,-6,-4,-6,-4,-6,-3,-6,-4,-6,-4,-5,-3,-5,-4,-5,-4,-5,-3,-5,-3,-5,-3,-5,-4,-5,-4,-6,-3,-5,0,0,-4,-5,-4,-5,-4,-5,-3,-5,-3,-5,-3,-5,-3,-5,-3,-5,-3,-5,-3,-5,-2,-5,-3,-5,-2,-5,-2,-5,-2,-4,-2,-5,-2,-5,-2,-4,-2,-4,-2,-4,-2,-4,-2,-4,-1,-4,-1,-5,-1,-4,-1,-4,0,0,0,0,0,0,0,0,0,0,0,0,0,0,-23,21,-19,23,-14,25,-18,18,-16,26,-13,22,-13,21,-15,27,-13,26,-12,24,-11,21,-13,27,-14,31,-12,28,-11,29,-12,27,-8,32,-10,32,-9,26,-12,31,-15,34,-12,26,-11,29,-9,31,-10,27,-10,29,-10,28,-3,33,-8,27,-10,27,-11,28,-11,29,-8,29,-6,31,-10,27,-9,26,-6,29,-8,26,-7,26,-14,24,-12,24,-15,21,-9,24,-7,27,-11,25,-12,23,-12,23,-13,21,-14,19,-10,19,-16,21,-13,19,-9,22,-12,21,-13,19,-13,16,-15,16,0,0,0,0,0,0,0,0,0,0,0,0,0,0,0,0,0,0,0,0,0,0,-26,-52,-21,-56,-21,-56,-21,-62,-16,-62,-19,-63,-18,-66,-14,-70,-16,-72,-11,-70,-12,-75,-15,-81,-14,-83,-8,-82,-2,-79,-3,-80,-6,-88,3,-76,0,-84,1,-85,4,-78,11,-82,8,-77,5,-80,6,-80,2,-76,11,-75,11,-75,8,-69,3,-72,2,-58,5,-71,4,-66,3,-62,1,-67,-2,-63,1,-55,-3,-61,-8,-55,-9,-59,-7,-57,-10,-54,-8,-54,-10,-52,-7,-50,-8,-56,-10,-45,-7,-43,-17,-40,-10,-40,-13,-41,-16,-40,-17,-42,-13,-35,-12,-35,-18,-29,-7,-28,0,0]"
CSI_DATA,359,2a:00:00:00:00:00,-42,11,1,0,1,1,1,0,0,0,1,-96,0,11,2,5132215,0,44,0,384,0,"[0,0,0,0,0,0,0,0,0,0,0,0,0,-6,0,-6,-1,-6,0,-6,-1,-6,0,-6,-1,-7,-1,-6,-1,-6,-1,-7,-1,-7,-1,-7,-1,-7,-1,-7,-1,-6,-1,-7,-1,-7,-1,-6,-2,-6,-1,-6,-1,-6,-2,-6,-1,-6,-2,-6,-2,-6,-1,-6,0,0,-1,-6,-2,-6,-2,-6,-1,-6,-1,-6,-1,-6,-1,-6,-1,-6,-1,-6,-1,-6,-1,-6,-1,-5,-1,-5,-1,-5,0,-5,0,-5,-1,-5,-1,-5,0,-5,-1,-4,0,-5,-1,-5,0,-5,0,-5,0,-5,0,-4,0,0,0,0,0,0,0,0,0,0,0,0,0,0,9,-28,10,-27,6,-31,3,-30,2,-28,0,-30,-1,-31,-1,-33,-1,-29,-1,-31,-2,-34,0,-34,-2,-34,-3,-34,-3,-32,-3,-34,-3,-37,-7,-33,-2,-33,-2,-31,-8,-35,-2,-31,-8,-32,-5,-32,-2,-30,-2,-32,-3,-29,-9,-30,-7,-31,-7,-31,-6,-29,-7,-30,-5,-28,-8,-32,-4,-27,-5,-30,-5,-30,-5,-30,-3,-26,-2,-28,-3,-28,0,-27,-3,-29,-2,-28,-1,-27,0,-25,0,-27,-2,-25,1,-21,0,-23,1,-22,0,-22,-2,-25,2,-25,1,-24,5,-22,7,-21,0,0,0,0,0,0,0,0,0,0,0,0,0,0,0,0,0,0,0,0,0,0,38,43,35,43,34,44,37,51,30,50,32,56,32,54,33,59,34,64,31,62,31,66,31,67,38,73,29,74,24,76,25,74,27,81,19,72,21,77,18,74,16,76,18,78,15,73,18,74,14,75,20,71,12,70,13,70,15,65,18,71,14,57,15,66,16,60,18,55,20,60,19,57,20,52,23,53,22,50,26,51,23,49,28,48,24,45,26,42,23,39,24,36,23,36,24,35,25,36,25,32,25,33,28,28,25,30,22,19,28,24,23,21,26,17,0,0]"
CSI_DATA,360,2a:00:00:00:00:00,-42,11,1,0,1,1,1,0,0,0,1,-96,0,11,2,5160865,0,44,0,384,0,"[0,0,0,0,0,0,0,0,0,0,0,0,-4,4,-4,4,-3,4,-4,5,-4,4,-4,5,-4,5,-3,5,-3,5,-3,5,-4,5,-4,5,-4,5,-3,5,-4,5,-3,5,-3,5,-3,5,-3,5,-3,5,-3,4,-3,5,-3,4,-3,5,-3,4,-3,5,0,0,-3,5,-3,5,-3,5,-3,5,-3,4,-3,4,-3,4,-3,4,-3,4,-3,4,-4,4,-3,4,-3,4,-3,4,-3,3,-3,3,-3,3,-3,3,-3,3,-3,3,-3,3,-3,3,-3,3,-3,3,-4,2,-4,2,0,0,0,0,0,0,0,0,0,0,0,0,0,0,-28,11,-24,15,-23,20,-21,18,-20,20,-22,23,-18,22,-20,25,-16,24,-19,24,-14,26,-16,24,-18,27,-18,30,-19,27,-18,29,-19,31,-16,27,-17,26,-18,28,-21,29,-16,26,-11,28,-13,25,-15,25,-15,26,-17,27,-13,28,-14,28,-14,28,-12,27,-14,26,-12,27,-11,25,-12,26,-12,25,-14,25,-10,25,-14,26,-16,24,-17,22,-16,20,-15,20,-15,23,-15,22,-19,19,-16,20,-15,22,-15,18,-17,16,-15,16,-15,18,-15,17,-17,17,-17,16,-19,13,-19,12,0,0,0,0,0,0,0,0,0,0,0,0,0,0,0,0,0,0,0,0,0,0,-12,-54,-8,-55,-7,-59,-5,-60,-1,-63,2,-64,-2,-64,4,-66,3,-75,6,-74,10,-76,8,-74,7,-83,12,-75,16,-75,17,-77,15,-84,23,-76,19,-75,21,-73,22,-74,26,-79,26,-73,24,-74,28,-73,18,-74,24,-65,24,-65,23,-65,22,-66,18,-58,19,-62,16,-60,10,-57,17,-60,13,-59,10,-57,8,-58,7,-56,9,-57,6,-54,4,-58,3,-53,1,-54,3,-49,1,-47,2,-46,-1,-46,-5,-44,-2,-42,-4,-39,-8,-40,-7,-40,-7,-36,-7,-38,-10,-34,-11,-30,0,0]"
CSI_DATA,361,2a:00:00:00:00:00,-42,11,1,0,1,1,1,0,0,0,1,-96,0,11,2,5170696,0,44,0,384,0,"[0,0,0,0,0,0,0,0,0,0,0,0,-6,-2,-6,-2,-6,-2,-7,-2,-6,-2,-7,-2,-7,-2,-6,-2,-7,-2,-7,-1,-7,-2,-7,-1,-7,-1,-7,-1,-7,-2,-7,-1,-7,-1,-6,-1,-7,-1,-6,-2,-6,-2,-6,-2,-6,-1,-6,-1,-7,-1,-6,-1,0,0,-7,-1,-6,-2,-6,-1,-6,-1,-6,-2,-6,-2,-6,-2,-6,-2,-6,-1,-6,-1,-6,-1,-5,-2,-5,-2,-5,-2,-5,-2,-6,-2,-5,-2,-5,-1,-5,-2,-5,-2,-5,-2,-4,-2,-4,-2,-4,-2,-4,-2,-4,-3,0,0,0,0,0,0,0,0,0,0,0,0,0,0,-5,13,-1,12,-1,13,2,12,2,11,4,14,2,15,3,13,2,12,4,13,4,14,4,14,4,16,5,15,6,14,6,14,4,16,5,16,5,12,4,13,6,16,6,13,5,15,4,14,4,14,5,15,5,11,5,14,5,15,6,13,5,11,5,13,3,14,5,15,6,11,4,14,4,16,6,13,5,13,4,11,3,11,2,13,2,12,3,15,2,12,2,11,1,10,0,14,1,8,2,10,1,12,3,10,-1,12,0,11,-3,10,-1,10,-1,10,0,0,0,0,0,0,0,0,0,0,0,0,0,0,0,0,0,0,0,0,0,0,-30,-6,-27,-8,-29,-9,-31,-12,-29,-12,-31,-14,-31,-15,-30,-15,-33,-18,-31,-19,-33,-21,-34,-19,-37,-21,-35,-23,-33,-24,-30,-27,-35,-27,-30,-27,-31,-27,-30,-28,-28,-26,-30,-31,-25,-28,-28,-27,-28,-29,-28,-27,-23,-27,-23,-26,-22,-25,-27,-27,-22,-22,-25,-25,-23,-24,-21,-22,-23,-23,-22,-20,-21,-19,-24,-20,-23,-19,-24,-18,-24,-17,-23,-16,-21,-17,-24,-16,-21,-15,-20,-14,-19,-13,-20,-12,-20,-13,-19,-12,-17,-10,-18,-10,-18,-9,-17,-8,-18,-8,-18,-7,-17,-7,0,0]"
CSI_DATA,362,2a:00:00:00:00:00,-42,11,1,0,1,1,1,0,0,0,1,-96,0,11,2,5181213,0,44,0,384,0,"[0,0,0,0,0,0,0,0,0,0,0,0,4,1,5,1,5,1,5,1,5,1,5,1,5,1,5,0,5,1,5,1,6,1,6,1,5,1,5,1,5,1,6,0,5,0,5,0,5,1,5,1,5,1,5,1,5,0,5,1,5,1,5,0,0,0,5,0,5,1,5,1,5,0,5,1,5,1,5,1,4,1,5,1,4,1,5,1,4,1,4,1,4,1,4,1,4,1,4,1,4,1,3,1,3,1,3,1,3,1,3,1,3,1,3,2,3,2,0,0,0,0,0,0,0,0,0,0,0,0,0,0,22,20,20,17,24,10,24,10,27,14,25,10,29,8,27,7,30,9,28,9,31,6,31,5,35,4,33,7,33,7,35,7,35,8,32,8,29,7,33,6,35,5,32,9,28,3,29,4,27,8,28,5,31,5,32,3,31,3,31,3,29,2,29,3,30,7,28,7,30,1,28,8,28,6,28,6,27,6,29,6,29,5,28,7,24,8,24,8,22,8,25,9,25,7,21,7,20,8,22,6,23,5,22,8,20,8,20,9,20,9,20,11,16,13,0,0,0,0,0,0,0,0,0,0,0,0,0,0,0,0,0,0,0,0,0,0,-49,29,-47,24,-56,28,-54,25,-57,21,-58,20,-59,22,-64,21,-71,22,-74,19,-73,17,-72,16,-80,20,-79,13,-74,6,-82,11,-82,12,-81,4,-75,5,-78,3,-80,-1,-79,3,-81,-2,-79,1,-79,-2,-77,5,-71,-5,-68,0,-72,-1,-69,1,-62,1,-64,1,-64,3,-59,4,-67,4,-59,7,-58,7,-60,10,-56,9,-57,12,-50,9,-59,17,-50,12,-50,16,-45,15,-44,18,-43,15,-40,17,-39,14,-40,16,-38,17,-37,16,-33,15,-31,17,-33,19,-24,17,-25,19,0,0]"
CSI_DATA,363,2a:00:00:00:00:00,-42,11,1,0,1,1,1,0,0,0,1,-96,0,11,2,5191431,0,44,0,384,0,"[0,0,0,0,0,0,0,0,0,0,0,0,0,5,1,5,1,5,1,6,1,5,1,5,1,5,1,5,1,6,2,5,1,5,2,6,2,5,2,5,2,6,2,5,2,5,1,5,2,5,2,5,2,5,2,5,1,5,2,5,2,5,2,5,0,0,2,5,2,5,2,5,1,5,2,4,2,5,2,5,2,4,1,4,1,4,1,4,1,4,1,4,1,4,0,4,0,4,1,4,0,4,0,4,0,3,0,4,0,4,0,4,0,4,0,4,-1,3,0,0,0,0,0,0,0,0,0,0,0,0,0,0,-9,27,-8,28,-3,27,-2,28,-1,28,0,29,4,32,3,32,4,29,2,26,4,30,4,31,4,33,5,33,5,32,7,32,6,36,6,34,6,31,7,31,9,34,5,31,8,31,7,32,5,29,8,29,5,27,9,30,8,33,8,31,8,26,7,26,7,31,8,30,7,26,9,27,9,28,6,30,4,28,2,26,4,28,4,25,2,26,4,27,4,27,4,26,0,23,3,26,3,22,-1,20,0,24,0,22,2,25,-4,23,0,25,-2,22,-4,19,0,0,0,0,0,0,0,0,0,0,0,0,0,0,0,0,0,0,0,0,0,0,-45,-31,-42,-34,-47,-37,-45,-40,-43,-43,-47,-45,-45,-47,-44,-49,-50,-55,-46,-58,-46,-61,-47,-58,-53,-65,-45,-64,-42,-64,-41,-69,-45,-70,-40,-70,-38,-68,-34,-71,-32,-71,-34,-76,-33,-72,-37,-67,-32,-71,-37,-69,-30,-66,-27,-64,-28,-64,-31,-63,-29,-57,-30,-59,-28,-56,-32,-54,-29,-57,-32,-50,-33,-49,-36,-52,-34,-46,-37,-47,-33,-46,-38,-42,-34,-41,-39,-41,-29,-36,-36,-38,-35,-36,-31,-33,-33,-32,-33,-30,-33,-27,-32,-24,-30,-26,-25,-21,-34,-20,-31,-20,-30,-16,0,0]"
CSI_DATA,364,2a:00:00:00:00:00,-42,11,1,0,1,1,1,0,0,0,1,-96,0,11,2,5200708,0,44,0,384,0,"[0,0,0,0,0,0,0,0,0,0,0,0,2,-5,1,-6,1,-6,1,-6,1,-6,1,-6,1,-6,1,-6,1,-6,1,-6,1,-6,1,-6,1,-6,1,-6,1,-6,1,-7,1,-6,1,-6,0,-6,0,-6,1,-6,0,-6,1,-6,0,-6,1,-6,1,-6,0,0,0,-6,0,-6,0,-6,1,-6,0,-6,0,-6,1,-6,0,-6,1,-5,1,-5,1,-5,1,-5,1,-5,1,-5,1,-4,1,-5,1,-5,1,-4,1,-4,1,-4,1,-4,1,-4,1,-4,1,-4,2,-4,2,-4,0,0,0,0,0,0,0,0,0,0,0,0,0,0,-22,-7,-26,-7,-29,1,-25,0,-33,3,-32,2,-29,2,-30,6,-29,7,-31,11,-28,12,-28,6,-32,9,-28,7,-30,9,-31,13,-31,13,-28,13,-30,13,-29,7,-31,10,-33,7,-27,16,-27,7,-25,12,-27,8,-27,10,-26,14,-25,11,-29,14,-32,11,-32,12,-27,9,-31,14,-29,10,-27,6,-27,10,-29,10,-24,3,-31,6,-27,12,-30,7,-24,8,-26,8,-25,8,-26,4,-25,0,-22,5,-26,2,-27,1,-27,5,-25,1,-24,3,-20,1,-23,4,-23,-1,-29,-3,0,0,0,0,0,0,0,0,0,0,0,0,0,0,0,0,0,0,0,0,0,0,19,-55,23,-54,22,-53,29,-55,26,-53,32,-57,34,-57,34,-56,43,-63,37,-60,42,-58,41,-64,46,-71,52,-64,57,-61,55,-58,56,-62,55,-52,55,-52,59,-52,58,-54,67,-50,55,-47,57,-50,60,-45,57,-53,59,-46,58,-46,55,-38,58,-43,46,-42,52,-42,44,-38,45,-44,47,-39,44,-42,37,-36,41,-46,35,-41,41,-46,34,-44,30,-45,35,-40,33,-37,31,-42,22,-39,30,-41,26,-34,21,-37,20,-31,21,-33,18,-36,23,-32,16,-31,13,-33,10,-33,12,-25,0,0]"
CSI_DATA,365,2a:00:00:00:00:00,-42,11,1,0,1,1,1,0,0,0,1,-96,0,11,2,5212615,0,44,0,384,0,"[0,0,0,0,0,0,0,0,0,0,0,0,4,-3,4,-4,4,-4,4,-4,4,-4,4,-4,4,-5,4,-5,4,-5,4,-4,5,-5,4,-5,4,-5,4,-5,4,-4,4,-5,4,-5,4,-4,4,-5,4,-4,4,-4,4,-4,4,-4,4,-5,4,-4,4,-5,0,0,4,-5,3,-5,4,-5,4,-4,3,-4,4,-4,4,-4,3,-4,4,-4,4,-4,4,-4,3,-3,3,-3,3,-3,4,-3,4,-3,3,-3,3,-3,3,-3,3,-3,3,-2,3,-2,3,-2,3,-2,4,-2,3,-2,0,0,0,0,0,0,0,0,0,0,0,0,0,0,30,-6,28,-6,28,-10,26,-11,25,-14,26,-14,25,-14,28,-17,25,-17,27,-16,26,-17,28,-19,28,-19,26,-21,28,-20,27,-21,28,-24,26,-22,24,-19,29,-18,29,-21,26,-15,22,-22,25,-19,22,-17,24,-18,26,-19,22,-22,25,-17,25,-22,24,-18,26,-18,23,-18,22,-19,24,-17,23,-19,22,-17,22,-16,22,-12,24,-16,25,-16,26,-13,21,-13,21,-13,22,-13,26,-12,25,-12,21,-11,20,-9,22,-9,20,-8,22,-7,22,-8,21,-9,22,-10,22,-6,22,-4,0,0,0,0,0,0,0,0,0,0,0,0,0,0,0,0,0,0,0,0,0,0,-4,56,-7,56,-6,56,-10,58,-14,57,-16,61,-17,61,-19,62,-23,70,-25,66,-27,70,-26,69,-27,77,-34,70,-38,70,-39,67,-42,75,-41,67,-38,68,-44,64,-44,62,-51,67,-44,61,-45,63,-46,61,-42,64,-45,56,-45,57,-42,55,-43,56,-36,48,-40,55,-35,50,-33,50,-35,51,-32,52,-27,51,-28,51,-28,50,-24,53,-25,48,-22,49,-21,48,-21,48,-20,43,-17,45,-15,43,-17,44,-14,41,-14,39,-9,36,-9,39,-9,35,-5,33,-6,38,-3,34,-3,32,0,0]"
CSI_DATA,366,2a:00:00:00:00:00,-42,11,1,0,1,1,1,0,0,0,1,-96,0,11,2,5220648,0,44,0,384,0,"[0,0,0,0,0,0,0,0,0,0,0,0,-6,1,-5,2,-5,2,-5,2,-6,2,-6,2,-6,2,-6,2,-6,3,-6,2,-6,2,-6,2,-6,2,-6,2,-6,2,-6,3,-5,3,-5,2,-5,2,-5,2,-5,2,-5,2,-5,2,-5,2,-5,2,-5,3,0,0,-5,3,-5,2,-5,2,-5,3,-5,2,-5,2,-5,2,-5,2,-5,2,-5,2,-5,2,-4,1,-4,1,-4,1,-5,1,-5,1,-4,1,-4,1,-4,1,-4,1,-5,1,-4,1,-4,1,-4,0,-5,0,-4,0,0,0,0,0,0,0,0,0,0,0,0,0,0,0,-33,-2,-29,-2,-26,4,-29,3,-32,6,-30,8,-29,8,-33,10,-27,12,-31,10,-29,9,-30,9,-34,12,-31,13,-31,13,-31,14,-32,15,-30,14,-29,11,-30,13,-33,11,-31,11,-27,14,-28,11,-28,9,-29,12,-30,11,-27,14,-29,12,-30,16,-29,14,-29,14,-28,10,-26,11,-28,15,-25,8,-27,9,-27,12,-25,9,-29,9,-26,10,-28,8,-23,8,-24,7,-24,6,-28,5,-24,7,-22,7,-23,7,-24,3,-24,3,-25,6,-22,6,-23,2,-21,2,-26,2,-25,-1,0,0,0,0,0,0,0,0,0,0,0,0,0,0,0,0,0,0,0,0,0,0,15,-55,17,-53,19,-55,22,-58,28,-56,27,-58,29,-57,32,-56,38,-64,36,-62,41,-61,41,-63,42,-69,47,-65,51,-58,51,-58,54,-64,54,-56,51,-55,58,-56,58,-52,60,-54,56,-51,57,-53,60,-51,52,-55,53,-46,54,-45,53,-44,53,-47,46,-41,50,-44,44,-41,41,-46,45,-45,40,-45,39,-45,38,-47,36,-43,35,-47,36,-44,34,-47,32,-46,27,-43,27,-40,24,-44,24,-40,23,-40,19,-39,20,-39,17,-36,16,-37,17,-34,13,-31,14,-34,7,-30,6,-32,0,0]"
CSI_DATA,367,2a:00:00:00:00:00,-42,11,1,0,1,1,1,0,0,0,1,-96,0,11,2,5242499,0,44,0,384,0,"[0,0,0,0,0,0,0,0,0,0,0,0,-6,1,-6,2,-6,2,-6,2,-6,2,-6,2,-6,3,-6,3,-6,3,-6,2,-6,2,-6,3,-6,2,-6,2,-6,2,-6,3,-6,3,-5,3,-5,3,-5,2,-5,2,-5,3,-5,2,-5,3,-5,2,-5,3,0,0,-5,3,-5,2,-5,3,-5,3,-5,2,-5,2,-5,2,-5,2,-5,3,-5,2,-5,2,-5,1,-5,1,-5,1,-5,2,-5,2,-5,1,-4,2,-4,1,-4,2,-4,1,-4,1,-4,1,-4,1,-5,1,-4,1,0,0,0,0,0,0,0,0,0,0,0,0,0,0,-27,-2,-31,-2,-26,4,-30,5,-30,6,-29,9,-29,11,-32,12,-30,12,-30,12,-31,12,-32,12,-36,11,-29,14,-28,13,-31,17,-32,17,-30,14,-31,13,-30,15,-31,15,-30,14,-28,13,-28,12,-28,12,-29,13,-27,13,-27,17,-28,16,-28,17,-26,16,-28,17,-27,11,-28,15,-25,18,-26,13,-25,12,-28,11,-27,11,-26,13,-29,11,-28,9,-26,10,-25,11,-25,9,-29,9,-26,9,-24,8,-26,9,-24,7,-24,7,-23,6,-23,5,-21,6,-24,3,-24,5,-25,3,0,0,0,0,0,0,0,0,0,0,0,0,0,0,0,0,0,0,0,0,0,0,24,-50,26,-51,28,-48,32,-52,34,-51,37,-52,38,-52,41,-53,46,-60,44,-56,49,-56,50,-56,50,-65,56,-58,58,-53,60,-52,62,-57,60,-49,59,-48,60,-46,60,-45,69,-48,61,-45,59,-46,60,-45,59,-50,58,-41,60,-41,58,-37,55,-42,47,-38,52,-38,49,-38,46,-37,50,-40,46,-40,39,-40,38,-44,37,-41,37,-47,35,-42,34,-43,33,-42,33,-42,27,-41,27,-37,27,-39,25,-39,22,-35,22,-38,18,-36,18,-37,19,-37,14,-33,12,-36,10,-33,5,-33,0,0]"
CSI_DATA,368,2a:00:00:00:00:00,-42,11,1,0,1,1,1,0,0,0,1,-96,0,11,2,5250634,0,44,0,384,0,"[0,0,0,0,0,0,0,0,0,0,0,0,0,-6,0,-6,0,-6,0,-6,0,-7,0,-6,-1,-7,-1,-7,0,-7,-1,-7,0,-7,-1,-7,-1,-7,-1,-6,-1,-7,-1,-7,-1,-7,-1,-6,-1,-6,-1,-6,-1,-6,-1,-6,-1,-6,-1,-6,-1,-6,-1,-6,0,0,-1,-6,-1,-7,-1,-6,-1,-6,-1,-6,-1,-6,-1,-6,-1,-6,-1,-6,0,-5,0,-6,-1,-6,-1,-5,-1,-5,0,-5,0,-5,-1,-5,0,-5,0,-5,0,-4,0,-5,0,-5,0,-5,0,-5,1,-4,1,-4,0,0,0,0,0,0,0,0,0,0,0,0,0,0,-28,3,-23,4,-27,11,-29,11,-26,14,-30,9,-26,13,-26,14,-27,20,-31,19,-30,22,-25,17,-27,17,-27,20,-27,17,-30,22,-27,25,-29,21,-24,18,-26,20,-30,21,-23,21,-22,23,-21,20,-25,19,-23,24,-26,20,-22,16,-24,21,-27,27,-25,24,-24,20,-22,21,-23,22,-21,23,-23,19,-23,20,-21,18,-25,16,-25,18,-24,15,-26,15,-18,14,-22,17,-23,13,-21,14,-24,14,-19,10,-26,12,-22,15,-24,11,-23,10,-19,12,-20,10,-21,7,-23,8,-23,6,0,0,0,0,0,0,0,0,0,0,0,0,0,0,0,0,0,0,0,0,0,0,10,-57,13,-57,14,-56,18,-60,19,-59,22,-64,23,-63,23,-66,27,-72,27,-64,35,-67,35,-71,39,-76,40,-74,46,-68,42,-69,44,-72,44,-63,42,-66,46,-66,44,-60,52,-69,48,-61,47,-61,56,-60,47,-63,53,-54,47,-55,45,-52,45,-59,42,-53,42,-53,38,-53,33,-50,38,-54,33,-54,28,-49,31,-53,31,-49,28,-51,25,-52,25,-51,24,-49,23,-48,17,-45,7,-49,16,-48,14,-44,12,-44,11,-42,14,-40,11,-40,10,-38,3,-32,5,-41,3,-34,-1,-34,0,0]"
CSI_DATA,369,2a:00:00:00:00:00,-42,11,1,0,1,1,1,0,0,0,1,-96,0,11,2,5260660,0,44,0,384,0,"[0,0,0,0,0,0,0,0,0,0,0,0,-6,1,-5,2,-6,2,-6,2,-6,2,-6,2,-6,3,-6,2,-6,3,-6,2,-6,3,-6,3,-6,2,-6,3,-6,2,-6,3,-6,3,-6,3,-5,2,-5,2,-6,2,-5,2,-5,2,-5,3,-6,2,-5,3,0,0,-5,3,-5,2,-5,2,-5,3,-5,2,-5,2,-5,2,-5,2,-5,2,-5,2,-5,2,-5,1,-5,1,-5,1,-5,1,-5,1,-5,1,-5,1,-5,1,-4,1,-5,1,-4,1,-4,1,-4,1,-5,0,-5,0,0,0,0,0,0,0,0,0,0,0,0,0,0,0,-29,2,-30,3,-29,8,-30,6,-30,10,-27,11,-30,12,-29,14,-27,14,-29,14,-29,15,-28,15,-33,17,-29,17,-33,15,-29,19,-32,18,-30,18,-27,14,-32,17,-31,21,-32,15,-26,16,-27,17,-26,16,-26,16,-27,18,-28,17,-25,17,-28,19,-26,20,-25,18,-25,14,-27,16,-25,20,-25,15,-23,17,-24,15,-27,14,-26,14,-25,17,-28,12,-25,12,-23,12,-22,8,-25,11,-24,11,-24,11,-24,9,-21,10,-25,12,-21,9,-21,7,-25,8,-21,5,-26,6,-22,2,0,0,0,0,0,0,0,0,0,0,0,0,0,0,0,0,0,0,0,0,0,0,19,-55,22,-51,22,-53,25,-54,30,-56,29,-52,31,-54,35,-59,38,-64,40,-62,45,-60,42,-61,48,-67,53,-61,49,-56,57,-58,53,-62,56,-55,52,-54,58,-53,57,-54,61,-54,58,-52,58,-53,59,-51,55,-55,54,-44,54,-49,54,-45,51,-46,45,-43,47,-44,44,-43,38,-47,42,-44,42,-45,35,-45,36,-47,34,-47,35,-48,32,-43,30,-48,27,-40,27,-46,23,-42,22,-41,21,-41,18,-42,18,-39,19,-38,17,-38,16,-40,15,-36,13,-35,11,-36,5,-32,4,-33,0,0]"
CSI_DATA,370,2a:00:00:00:00:00,-42,11,1,0,1,1,1,0,0,0,1,-96,0,11,2,5280650,0,44,0,384,0,"[0,0,0,0,0,0,0,0,0,0,0,0,5,1,5,1,5,0,5,1,6,0,5,0,5,0,6,0,6,0,6,0,6,0,6,0,6,0,6,0,5,0,6,0,5,-1,5,0,5,0,5,0,5,0,5,0,5,0,5,0,5,0,5,-1,0,0,5,-1,5,0,5,0,5,-1,5,0,5,0,5,0,5,0,5,0,5,0,5,0,4,1,4,1,4,0,4,0,4,0,4,0,4,0,4,0,4,0,4,0,3,1,3,1,3,1,3,1,3,1,0,0,0,0,0,0,0,0,0,0,0,0,0,0,21,19,21,15,25,11,25,11,28,10,27,10,28,10,32,7,31,6,29,4,32,5,31,3,33,3,31,4,32,6,35,6,37,5,32,5,30,5,31,1,35,4,32,5,30,0,28,5,28,5,28,3,27,1,30,-1,31,4,33,1,30,0,31,0,26,2,30,2,28,2,29,4,29,3,28,3,29,4,28,1,28,2,29,3,25,6,27,7,23,7,25,5,24,7,23,8,22,4,22,5,23,4,21,5,19,8,20,7,20,10,22,8,18,10,0,0,0,0,0,0,0,0,0,0,0,0,0,0,0,0,0,0,0,0,0,0,-50,25,-49,24,-52,22,-53,22,-57,18,-59,20,-61,19,-62,18,-70,17,-68,16,-72,15,-71,17,-78,17,-78,11,-74,6,-75,6,-82,8,-76,3,-77,3,-76,1,-74,2,-81,-2,-73,0,-73,-2,-76,-3,-73,5,-68,-2,-70,-2,-64,-4,-70,1,-60,2,-65,1,-62,3,-59,6,-60,5,-57,7,-54,8,-56,8,-51,8,-56,12,-53,11,-49,14,-50,13,-47,13,-45,13,-44,21,-43,17,-42,17,-35,18,-36,14,-38,15,-33,19,-34,17,-29,17,-29,19,-25,19,-21,20,0,0]"
CSI_DATA,371,2a:00:00:00:00:00,-42,11,1,0,1,1,1,0,0,0,1,-96,0,11,2,5291464,0,44,0,384,0,"[0,0,0,0,0,0,0,0,0,0,0,0,2,-5,2,-6,1,-6,2,-6,2,-6,2,-6,2,-7,1,-6,2,-7,1,-6,2,-7,1,-7,1,-7,1,-7,1,-6,1,-7,1,-7,1,-6,1,-6,1,-6,1,-6,1,-6,1,-6,0,-6,1,-6,1,-6,0,0,1,-6,1,-6,1,-6,1,-6,1,-6,1,-6,1,-6,1,-6,1,-6,1,-6,2,-6,1,-5,1,-5,1,-5,2,-5,2,-5,1,-5,1,-5,1,-5,1,-4,2,-4,1,-4,1,-4,1,-4,2,-4,2,-4,0,0,0,0,0,0,0,0,0,0,0,0,0,0,-13,-3,-15,-2,-14,0,-16,3,-16,3,-13,3,-16,2,-15,4,-15,4,-16,5,-17,7,-17,5,-17,6,-17,4,-16,5,-16,8,-17,5,-16,6,-13,6,-13,7,-17,10,-17,8,-14,6,-13,5,-14,5,-15,5,-14,6,-15,7,-15,5,-15,8,-13,8,-16,8,-14,5,-14,7,-13,8,-14,6,-15,5,-13,5,-14,4,-14,7,-14,5,-15,4,-15,3,-13,2,-13,4,-14,5,-12,5,-10,3,-14,3,-12,3,-12,3,-11,5,-11,1,-11,2,-12,2,-12,1,-13,1,0,0,0,0,0,0,0,0,0,0,0,0,0,0,0,0,0,0,0,0,0,0,14,-27,17,-25,14,-26,18,-27,18,-25,21,-26,21,-26,24,-26,26,-30,26,-25,28,-27,29,-29,29,-31,29,-29,32,-24,31,-27,29,-27,34,-24,32,-23,32,-22,33,-20,35,-22,33,-19,32,-24,35,-20,31,-23,30,-20,30,-20,29,-18,29,-20,25,-17,28,-20,26,-17,24,-19,28,-17,24,-18,23,-19,22,-22,20,-19,21,-22,21,-19,16,-23,20,-20,16,-22,14,-21,12,-20,14,-21,15,-18,12,-18,12,-18,9,-17,10,-21,10,-19,7,-16,8,-16,8,-16,6,-15,0,0]"
CSI_DATA,372,2a:00:00:00:00:00,-42,11,1,0,1,1,1,0,0,0,1,-96,0,11,2,5300653,0,44,0,384,0,"[0,0,0,0,0,0,0,0,0,0,0,0,-5,-3,-5,-3,-6,-3,-6,-3,-6,-3,-6,-3,-6,-3,-6,-2,-6,-3,-6,-3,-7,-3,-7,-2,-7,-3,-6,-2,-6,-3,-7,-2,-6,-2,-6,-2,-6,-2,-6,-2,-6,-3,-6,-2,-6,-2,-6,-2,-6,-2,-6,-2,0,0,-6,-2,-6,-2,-6,-2,-6,-2,-6,-2,-6,-2,-6,-2,-6,-2,-5,-2,-5,-2,-6,-2,-5,-3,-5,-3,-5,-3,-5,-2,-5,-2,-5,-3,-4,-2,-4,-2,-4,-2,-4,-3,-4,-3,-4,-3,-4,-3,-4,-3,-4,-3,0,0,0,0,0,0,0,0,0,0,0,0,0,0,-19,-22,-19,-19,-21,-22,-23,-18,-26,-18,-26,-16,-26,-16,-31,-17,-25,-14,-28,-14,-31,-13,-30,-14,-33,-15,-31,-16,-31,-14,-32,-12,-32,-17,-32,-16,-33,-13,-31,-13,-34,-14,-29,-15,-29,-14,-30,-14,-27,-14,-30,-17,-27,-15,-30,-12,-30,-14,-33,-10,-27,-11,-30,-12,-29,-15,-30,-14,-28,-9,-28,-16,-29,-14,-29,-15,-26,-16,-28,-12,-27,-11,-25,-15,-25,-18,-24,-17,-24,-19,-26,-14,-23,-16,-21,-15,-22,-15,-18,-15,-20,-15,-20,-14,-19,-16,-15,-18,-13,-15,-17,-17,-18,-17,0,0,0,0,0,0,0,0,0,0,0,0,0,0,0,0,0,0,0,0,0,0,51,-22,53,-22,52,-17,59,-17,58,-15,62,-13,63,-13,65,-12,72,-12,69,-8,71,-6,74,-7,82,-10,78,-2,78,4,76,2,84,2,75,9,76,6,76,9,74,13,81,11,73,12,75,10,77,14,76,5,70,12,71,12,65,12,72,9,57,8,65,9,61,8,58,6,61,8,59,2,53,0,57,1,54,1,57,-3,57,-1,53,-6,53,-6,50,-4,48,-7,45,-6,42,-6,43,-7,41,-6,38,-8,38,-10,37,-10,38,-11,29,-11,33,-13,32,-13,29,-15,0,0]"
CSI_DATA,373,2a:00:00:00:00:00,-42,11,1,0,1,1,1,0,0,0,1,-96,0,11,2,5310666,0,44,0,384,0,"[0,0,0,0,0,0,0,0,0,0,0,0,-2,5,-2,5,-2,5,-2,5,-2,5,-2,5,-1,6,-1,5,-2,6,-1,5,-2,6,-2,6,-1,6,-1,6,-2,5,-1,6,-1,6,-2,5,-1,5,-1,5,-1,5,-1,5,-1,5,-1,5,-1,5,-1,5,0,0,-1,5,-1,5,-1,5,-1,5,-1,5,-1,5,-1,5,-1,5,-2,5,-2,5,-2,5,-2,4,-2,4,-2,4,-3,4,-2,4,-2,4,-2,3,-2,3,-2,3,-2,3,-2,3,-2,3,-2,3,-3,3,-3,3,0,0,0,0,0,0,0,0,0,0,0,0,0,0,28,-1,28,-4,27,-8,27,-7,30,-12,30,-10,24,-11,29,-13,27,-17,26,-17,24,-16,25,-17,28,-21,25,-19,28,-17,27,-23,28,-21,29,-19,23,-19,30,-17,30,-19,25,-15,23,-20,26,-17,28,-16,25,-21,25,-21,23,-20,21,-20,27,-24,18,-21,24,-22,23,-16,25,-19,23,-22,25,-14,22,-17,21,-21,24,-13,24,-14,25,-21,30,-13,23,-11,22,-14,20,-11,25,-15,25,-14,20,-12,22,-10,22,-15,25,-13,24,-11,17,-10,19,-7,18,-9,26,-7,20,-5,0,0,0,0,0,0,0,0,0,0,0,0,0,0,0,0,0,0,0,0,0,0,-20,58,-21,54,-20,52,-25,55,-28,54,-29,58,-34,60,-30,62,-41,67,-38,62,-39,64,-42,68,-41,74,-44,68,-51,62,-53,62,-51,65,-54,62,-49,60,-56,51,-54,53,-61,59,-54,54,-58,57,-52,55,-53,60,-55,49,-55,48,-52,47,-50,52,-42,45,-49,48,-43,49,-42,44,-48,45,-36,47,-35,47,-38,48,-30,41,-32,51,-33,42,-28,45,-32,45,-27,41,-26,43,-22,50,-25,43,-23,40,-16,40,-19,38,-16,32,-12,39,-10,36,-17,27,-9,34,-6,32,-11,31,0,0]"
CSI_DATA,374,2a:00:00:00:00:00,-42,11,1,0,1,1,1,0,0,0,1,-96,0,11,2,5321204,0,44,0,384,0,"[0,0,0,0,0,0,0,0,0,0,0,0,0,-6,-1,-6,-1,-6,-1,-7,-1,-7,-1,-6,-1,-7,-1,-7,-1,-7,-2,-7,-1,-7,-2,-7,-2,-7,-2,-7,-1,-7,-2,-7,-2,-7,-2,-6,-2,-6,-2,-6,-2,-6,-2,-6,-1,-6,-2,-6,-2,-6,-2,-6,0,0,-2,-6,-2,-7,-2,-6,-2,-6,-2,-6,-2,-6,-2,-6,-2,-6,-1,-6,-1,-6,-1,-6,-1,-6,-1,-6,-1,-5,0,-5,-1,-5,-1,-5,-1,-5,0,-5,0,-5,0,-5,0,-5,0,-5,0,-5,0,-4,1,-4,0,0,0,0,0,0,0,0,0,0,0,0,0,0,7,-27,5,-27,-2,-29,-2,-29,-1,-32,-3,-30,-4,-31,-5,-33,-7,-31,-5,-31,-10,-32,-7,-31,-8,-33,-11,-34,-9,-32,-8,-32,-10,-37,-10,-33,-8,-31,-10,-34,-10,-33,-8,-33,-13,-32,-12,-31,-12,-30,-10,-30,-10,-30,-13,-32,-10,-29,-10,-31,-10,-28,-11,-28,-11,-30,-13,-32,-11,-29,-10,-33,-13,-32,-11,-30,-10,-32,-6,-28,-7,-27,-5,-28,-6,-28,-5,-29,-5,-25,-4,-27,-4,-27,-6,-28,-2,-24,-1,-25,-2,-22,-1,-24,-2,-25,-3,-26,-2,-25,1,-21,5,-22,0,0,0,0,0,0,0,0,0,0,0,0,0,0,0,0,0,0,0,0,0,0,46,35,41,32,43,35,46,40,42,42,42,48,46,41,44,48,51,51,44,55,44,60,44,60,50,63,42,66,39,66,42,66,47,71,34,68,35,69,36,67,35,70,36,71,31,70,31,70,29,69,34,65,26,67,27,66,26,61,30,64,26,52,27,57,29,55,31,48,32,52,30,48,30,44,33,47,33,43,35,43,32,41,35,40,34,40,32,37,30,34,31,33,32,29,32,31,31,25,31,27,31,25,30,21,32,23,27,18,30,20,28,16,30,13,0,0]"
CSI_DATA,375,2a:00:00:00:00:00,-42,11,1,0,1,1,1,0,0,0,1,-96,0,11,2,5330679,0,44,0,384,0,"[0,0,0,0,0,0,0,0,0,0,0,0,2,-5,2,-6,1,-6,2,-6,1,-6,2,-6,2,-6,1,-6,2,-6,1,-6,2,-7,1,-7,1,-6,1,-7,1,-6,1,-7,1,-6,1,-6,1,-6,1,-6,1,-6,1,-6,1,-6,1,-6,1,-6,1,-6,0,0,1,-6,1,-6,1,-6,1,-6,1,-6,1,-6,1,-6,1,-6,1,-6,1,-5,2,-5,1,-5,1,-5,1,-5,2,-5,2,-5,1,-5,1,-4,2,-4,1,-4,2,-4,1,-4,1,-4,1,-4,2,-4,2,-4,0,0,0,0,0,0,0,0,0,0,0,0,0,0,-30,-2,-29,3,-22,4,-27,3,-29,7,-26,10,-30,11,-32,15,-27,8,-27,11,-31,18,-31,16,-31,16,-29,14,-30,19,-32,20,-29,16,-28,15,-25,14,-30,18,-32,18,-29,15,-24,16,-25,13,-25,14,-29,15,-30,15,-29,14,-26,18,-27,21,-27,19,-28,17,-23,13,-22,20,-23,17,-26,10,-25,15,-28,16,-24,8,-26,15,-28,15,-31,11,-24,8,-26,11,-22,8,-33,11,-30,12,-24,12,-27,9,-26,9,-22,7,-23,8,-19,9,-23,5,-24,8,-26,2,-24,0,0,0,0,0,0,0,0,0,0,0,0,0,0,0,0,0,0,0,0,0,0,0,15,-54,18,-58,21,-59,24,-60,26,-56,25,-61,27,-62,31,-61,33,-73,42,-63,42,-63,40,-64,43,-75,45,-62,49,-59,51,-65,55,-70,54,-59,49,-60,50,-58,55,-59,59,-61,56,-57,58,-56,58,-53,50,-56,52,-47,53,-52,50,-48,50,-51,44,-45,48,-45,44,-49,37,-46,44,-43,34,-47,36,-47,34,-48,36,-44,31,-46,32,-45,29,-48,33,-45,25,-45,23,-41,19,-41,26,-40,22,-40,19,-39,21,-37,14,-33,19,-35,19,-32,10,-34,13,-35,7,-31,5,-32,0,0]"
CSI_DATA,376,2a:00:00:00:00:00,-42,11,1,0,1,1,1,0,0,0,1,-96,0,11,2,5340675,0,44,0,384,0,"[0,0,0,0,0,0,0,0,0,0,0,0,-3,-5,-3,-5,-4,-5,-4,-6,-4,-5,-4,-5,-4,-5,-4,-5,-4,-5,-5,-5,-5,-5,-5,-5,-5,-5,-5,-5,-4,-5,-5,-5,-5,-5,-4,-5,-5,-5,-5,-5,-4,-5,-5,-5,-4,-4,-5,-5,-5,-5,-5,-4,0,0,-5,-4,-5,-5,-5,-5,-5,-4,-4,-5,-5,-5,-5,-5,-4,-5,-4,-4,-4,-4,-4,-5,-4,-5,-4,-5,-3,-5,-3,-4,-3,-4,-3,-5,-3,-4,-3,-4,-3,-4,-3,-4,-3,-4,-3,-4,-3,-4,-2,-4,-2,-4,0,0,0,0,0,0,0,0,0,0,0,0,0,0,3,-30,2,-29,-2,-30,-5,-28,-6,-32,-7,-28,-7,-32,-8,-31,-9,-29,-10,-29,-12,-30,-11,-32,-14,-35,-10,-32,-14,-32,-14,-31,-13,-35,-13,-33,-11,-32,-15,-33,-17,-31,-11,-31,-15,-29,-11,-28,-11,-28,-10,-32,-14,-28,-16,-29,-13,-30,-17,-31,-13,-27,-14,-29,-9,-28,-15,-27,-15,-26,-11,-30,-13,-30,-11,-30,-12,-28,-13,-27,-13,-26,-12,-27,-8,-27,-8,-31,-5,-27,-7,-29,-7,-26,-5,-25,-7,-24,-6,-24,-7,-23,-5,-26,-2,-23,-1,-23,0,-22,-3,-24,-2,-23,0,0,0,0,0,0,0,0,0,0,0,0,0,0,0,0,0,0,0,0,0,0,49,24,49,25,46,29,47,32,48,37,49,38,47,37,51,43,56,49,50,47,52,51,53,51,59,53,53,56,46,62,44,59,50,68,45,63,47,59,42,64,41,64,43,72,40,63,42,64,39,65,46,61,36,61,34,61,33,59,38,60,33,50,34,56,33,52,37,47,35,51,34,48,34,42,39,41,37,39,41,41,36,40,38,36,36,33,37,34,35,30,37,30,35,28,32,28,34,27,33,24,33,21,33,19,32,20,26,16,32,17,30,11,27,12,0,0]"
CSI_DATA,377,2a:00:00:00:00:00,-42,11,1,0,1,1,1,0,0,0,1,-96,0,11,2,5371448,0,44,0,384,0,"[0,0,0,0,0,0,0,0,0,0,0,0,4,2,4,2,5,2,5,2,5,2,5,2,5,2,5,2,5,2,5,2,5,2,5,1,5,2,5,2,5,2,5,1,5,1,5,1,5,1,5,1,5,2,5,1,4,1,5,1,5,1,5,1,0,0,5,1,5,1,5,1,5,1,5,1,5,1,5,1,5,1,5,1,5,1,4,1,4,2,4,2,4,2,4,1,4,1,4,2,3,1,3,1,3,1,3,1,3,2,3,2,3,2,3,2,3,2,0,0,0,0,0,0,0,0,0,0,0,0,0,0,14,21,15,20,22,21,20,18,21,18,24,17,23,16,26,18,25,15,27,18,28,16,26,10,29,16,26,15,27,16,31,14,31,17,28,14,29,15,28,16,33,12,27,12,29,14,28,11,28,15,27,13,26,12,28,11,24,14,31,10,28,10,30,9,25,13,30,12,26,9,26,13,29,9,28,13,29,17,27,9,26,10,27,12,25,14,21,15,22,14,24,11,23,12,21,12,21,13,21,11,21,11,21,10,17,13,16,15,15,14,17,15,15,18,0,0,0,0,0,0,0,0,0,0,0,0,0,0,0,0,0,0,0,0,0,0,-54,1,-57,-2,-54,-2,-62,-5,-57,-8,-66,-11,-63,-8,-66,-13,-69,-13,-68,-17,-73,-21,-73,-20,-78,-22,-72,-24,-72,-30,-72,-27,-81,-28,-72,-31,-73,-31,-72,-28,-72,-34,-71,-34,-68,-34,-70,-34,-69,-38,-70,-29,-61,-33,-66,-32,-61,-31,-67,-31,-55,-23,-63,-26,-60,-24,-55,-20,-57,-22,-55,-16,-52,-16,-56,-12,-53,-15,-55,-10,-55,-14,-55,-7,-54,-9,-48,-4,-48,-4,-49,0,-44,-3,-43,-1,-44,0,-41,-1,-39,-1,-38,3,-38,2,-33,7,-36,7,-34,9,-28,9,0,0]"
CSI_DATA,378,2a:00:00:00:00:00,-42,11,1,0,1,1,1,0,0,0,1,-96,0,11,2,5380660,0,44,0,384,0,"[0,0,0,0,0,0,0,0,0,0,0,0,-1,-6,-1,-6,-2,-6,-1,-6,-2,-6,-1,-6,-2,-6,-2,-6,-2,-6,-2,-6,-2,-7,-2,-7,-2,-7,-2,-6,-2,-6,-2,-7,-2,-6,-2,-6,-2,-6,-2,-6,-2,-6,-3,-6,-2,-6,-3,-6,-2,-6,-2,-6,0,0,-2,-6,-3,-6,-3,-6,-2,-6,-2,-6,-3,-6,-2,-6,-3,-6,-2,-6,-2,-6,-1,-6,-2,-5,-2,-5,-2,-5,-1,-5,-1,-5,-2,-5,-1,-5,-1,-5,-1,-4,-1,-5,-1,-5,-1,-5,-1,-5,0,-5,0,-4,0,0,0,0,0,0,0,0,0,0,0,0,0,0,-27,7,-26,3,-26,15,-24,14,-23,16,-22,17,-16,18,-23,22,-20,17,-25,21,-20,22,-23,19,-23,23,-22,23,-23,23,-22,26,-21,26,-18,28,-22,22,-23,25,-25,26,-24,24,-15,22,-16,24,-18,21,-22,21,-18,22,-16,24,-15,29,-15,25,-16,23,-18,27,-18,23,-16,22,-15,26,-17,19,-17,23,-18,29,-18,19,-22,21,-17,22,-22,22,-16,20,-15,20,-18,18,-20,23,-21,24,-17,17,-21,18,-16,17,-22,15,-20,17,-15,13,-18,15,-16,14,-20,14,-22,10,0,0,0,0,0,0,0,0,0,0,0,0,0,0,0,0,0,0,0,0,0,0,1,-56,8,-57,6,-55,9,-64,11,-62,14,-64,16,-61,20,-64,20,-71,21,-69,25,-72,24,-73,27,-81,28,-72,36,-72,34,-73,34,-82,41,-69,35,-73,42,-66,40,-63,44,-74,43,-68,38,-68,44,-66,38,-67,40,-58,42,-63,36,-56,41,-63,31,-52,36,-59,28,-54,26,-56,32,-56,25,-56,26,-52,23,-59,17,-54,19,-52,22,-60,13,-52,17,-50,15,-50,13,-49,11,-45,8,-42,11,-46,5,-46,6,-42,4,-37,2,-42,2,-42,4,-35,-6,-36,-1,-37,-5,-27,0,0]"
CSI_DATA,379,2a:00:00:00:00:00,-42,11,1,0,1,1,1,0,0,0,1,-96,0,11,2,5400623,0,44,0,384,0,"[0,0,0,0,0,0,0,0,0,0,0,0,-5,2,-5,2,-5,2,-5,2,-5,2,-5,3,-5,3,-5,3,-5,3,-5,3,-6,3,-5,3,-5,3,-5,3,-5,3,-5,3,-5,3,-5,3,-5,3,-5,3,-5,3,-5,3,-5,3,-5,3,-5,3,-5,3,0,0,-5,3,-5,3,-5,3,-4,3,-4,2,-5,3,-5,3,-4,2,-5,3,-5,3,-5,3,-4,2,-4,2,-4,2,-5,2,-5,2,-4,2,-4,2,-4,2,-4,2,-4,1,-4,1,-4,1,-4,1,-4,1,-4,1,0,0,0,0,0,0,0,0,0,0,0,0,0,0,-26,-3,-26,-1,-27,2,-29,1,-29,6,-27,4,-28,9,-31,10,-30,8,-30,10,-32,12,-30,11,-32,10,-29,10,-33,10,-31,13,-32,13,-31,13,-29,12,-32,12,-33,13,-31,9,-27,13,-28,11,-25,11,-29,12,-29,13,-25,16,-27,13,-29,17,-30,15,-30,12,-26,12,-27,14,-26,15,-27,10,-27,13,-28,15,-26,8,-26,10,-29,10,-31,9,-27,9,-27,9,-24,6,-29,7,-27,7,-26,5,-26,6,-25,4,-26,5,-24,4,-22,7,-23,6,-22,4,-25,0,-25,-1,0,0,0,0,0,0,0,0,0,0,0,0,0,0,0,0,0,0,0,0,0,0,31,-46,29,-47,33,-48,36,-50,39,-49,44,-46,42,-46,45,-49,50,-54,52,-50,55,-50,52,-50,59,-54,61,-49,62,-42,64,-47,65,-51,65,-44,64,-43,65,-42,66,-37,70,-41,67,-35,67,-38,66,-37,65,-41,63,-32,61,-33,59,-33,60,-35,51,-31,56,-35,54,-33,50,-35,52,-35,47,-36,43,-37,44,-39,41,-37,41,-40,39,-35,39,-42,35,-35,33,-35,31,-35,26,-35,29,-34,28,-35,23,-33,27,-34,23,-32,22,-33,20,-31,17,-31,13,-32,12,-32,12,-31,0,0]"
CSI_DATA,380,2a:00:00:00:00:00,-42,11,1,0,1,1,1,0,0,0,1,-96,0,11,2,5410682,0,44,0,384,0,"[0,0,0,0,0,0,0,0,0,0,0,0,4,2,4,2,5,2,5,2,5,2,5,2,5,2,5,2,5,2,5,2,5,2,5,1,5,2,5,1,5,2,5,1,5,1,5,1,5,1,5,1,5,1,5,1,4,1,5,1,5,1,5,1,0,0,5,1,5,1,5,1,5,0,5,1,5,1,5,1,5,1,5,1,4,1,5,1,4,2,4,1,4,2,4,1,4,1,4,1,4,1,3,1,3,1,3,1,3,2,3,2,3,2,3,2,3,2,0,0,0,0,0,0,0,0,0,0,0,0,0,0,17,17,21,18,23,17,25,16,27,13,27,14,27,11,30,12,29,11,29,10,30,9,33,10,32,10,33,12,31,12,31,7,37,10,33,9,31,8,33,7,32,7,30,8,29,5,30,4,30,7,31,7,29,4,32,5,30,8,33,3,27,4,30,4,31,6,31,7,30,1,28,7,28,7,29,5,30,7,31,5,28,5,28,8,28,9,27,8,24,11,28,7,25,7,24,7,22,7,24,7,23,7,23,8,24,9,21,11,19,12,22,11,17,15,0,0,0,0,0,0,0,0,0,0,0,0,0,0,0,0,0,0,0,0,0,0,-57,16,-55,12,-57,12,-61,10,-64,9,-62,5,-63,8,-70,5,-79,6,-75,2,-77,-2,-78,0,-86,-1,-81,-5,-77,-9,-80,-8,-84,-8,-81,-14,-77,-10,-76,-14,-78,-14,-82,-14,-78,-16,-78,-18,-76,-20,-77,-13,-74,-18,-71,-14,-71,-15,-70,-13,-64,-10,-67,-13,-66,-8,-62,-6,-64,-8,-61,-4,-59,-4,-61,0,-56,-2,-58,1,-56,-3,-59,6,-52,5,-53,6,-47,7,-47,11,-45,8,-46,8,-44,12,-44,10,-39,12,-37,13,-36,10,-35,12,-33,13,-29,14,-28,16,0,0]"
CSI_DATA,381,2a:00:00:00:00:00,-42,11,1,0,1,1,1,0,0,0,1,-96,0,11,2,5420683,0,44,0,384,0,"[0,0,0,0,0,0,0,0,0,0,0,0,4,-3,4,-4,4,-4,4,-4,4,-4,4,-4,4,-5,4,-5,4,-5,4,-5,5,-5,4,-5,4,-5,4,-5,4,-4,5,-5,4,-5,4,-4,4,-4,4,-4,4,-4,4,-4,4,-4,3,-5,4,-5,4,-5,0,0,4,-5,4,-4,4,-5,4,-5,4,-4,4,-4,4,-4,4,-4,4,-4,4,-4,5,-4,4,-3,4,-3,4,-3,4,-3,4,-3,4,-3,4,-3,4,-3,3,-2,4,-2,4,-2,3,-2,3,-2,4,-2,4,-1,0,0,0,0,0,0,0,0,0,0,0,0,0,0,25,1,27,1,29,-6,25,-8,30,-7,28,-9,27,-10,29,-11,29,-14,29,-12,27,-13,30,-12,30,-14,29,-12,30,-11,26,-13,31,-16,27,-16,28,-14,31,-14,32,-14,30,-12,25,-15,28,-14,25,-15,26,-13,28,-13,26,-17,26,-13,26,-14,26,-14,28,-14,26,-13,25,-15,26,-15,26,-12,24,-17,25,-13,26,-11,26,-9,26,-11,29,-7,26,-9,27,-10,25,-9,26,-5,25,-6,25,-9,22,-6,25,-4,23,-4,25,-6,22,-2,22,-4,23,-2,25,0,23,3,0,0,0,0,0,0,0,0,0,0,0,0,0,0,0,0,0,0,0,0,0,0,-18,53,-20,50,-22,51,-24,54,-26,53,-32,53,-33,53,-34,55,-39,62,-39,58,-46,59,-46,60,-48,65,-51,63,-54,53,-55,54,-54,58,-59,53,-54,54,-59,51,-59,50,-62,49,-59,48,-58,46,-62,44,-58,50,-55,41,-56,42,-53,41,-54,43,-45,39,-51,38,-47,38,-42,43,-46,41,-41,41,-39,38,-40,43,-36,42,-37,44,-37,41,-33,44,-31,40,-33,41,-29,39,-25,39,-25,34,-24,37,-19,37,-22,35,-22,34,-20,37,-17,34,-12,29,-12,33,-10,30,-8,28,0,0]"
CSI_DATA,382,2a:00:00:00:00:00,-42,11,1,0,1,1,1,0,0,0,1,-96,0,11,2,5440858,0,44,0,384,0,"[0,0,0,0,0,0,0,0,0,0,0,0,4,2,5,2,5,2,5,2,5,2,5,2,5,1,5,1,5,1,5,2,5,1,6,1,5,2,5,1,5,2,6,1,5,1,5,1,5,1,5,1,5,1,5,1,5,1,5,1,5,1,5,1,0,0,5,0,5,1,5,1,5,0,5,1,5,1,5,1,5,1,5,0,5,1,5,1,4,1,4,1,4,1,4,1,4,1,4,1,4,1,4,1,4,1,3,1,3,1,3,2,3,2,3,2,3,2,0,0,0,0,0,0,0,0,0,0,0,0,0,0,18,20,21,19,20,14,22,12,26,15,26,11,29,14,26,11,27,12,27,12,31,8,30,11,31,10,30,14,30,12,34,8,33,11,29,11,29,8,31,9,33,8,31,9,28,7,28,9,28,10,31,7,29,8,30,7,31,8,34,5,29,5,31,4,28,7,31,5,30,4,26,8,28,7,29,8,28,8,28,5,30,8,30,10,26,9,26,9,24,7,28,10,27,8,26,9,20,7,23,5,22,8,23,7,20,8,21,12,21,11,21,13,19,15,0,0,0,0,0,0,0,0,0,0,0,0,0,0,0,0,0,0,0,0,0,0,-55,11,-53,10,-60,12,-61,8,-66,5,-66,1,-66,5,-68,1,-75,3,-73,-3,-77,-7,-77,-4,-84,-4,-81,-8,-78,-15,-84,-13,-82,-10,-81,-15,-74,-13,-80,-16,-78,-20,-82,-20,-78,-22,-79,-21,-75,-23,-78,-15,-71,-24,-73,-17,-70,-21,-68,-16,-65,-12,-65,-15,-63,-12,-60,-8,-65,-10,-60,-7,-61,-4,-59,-4,-55,-2,-59,0,-53,-3,-60,3,-52,0,-54,3,-48,5,-47,5,-47,8,-45,8,-42,5,-44,8,-39,8,-38,10,-37,8,-36,11,-35,11,-32,12,-29,15,0,0]"
CSI_DATA,383,2a:00:00:00:00:00,-42,11,1,0,1,1,1,0,0,0,1,-96,0,11,2,5450648,0,44,0,384,0,"[0,0,0,0,0,0,0,0,0,0,0,0,-4,4,-4,4,-4,4,-4,4,-4,4,-4,4,-4,5,-4,5,-4,5,-4,5,-4,5,-4,5,-4,5,-4,5,-4,4,-4,5,-4,5,-4,4,-3,4,-4,4,-3,4,-3,4,-3,4,-3,5,-3,5,-3,5,0,0,-3,5,-3,5,-3,5,-3,5,-3,4,-3,4,-3,4,-3,4,-4,4,-4,4,-4,4,-3,4,-3,4,-3,4,-4,3,-4,3,-3,3,-3,3,-4,3,-4,3,-4,3,-4,3,-3,2,-4,2,-4,2,-4,2,0,0,0,0,0,0,0,0,0,0,0,0,0,0,-26,6,-27,6,-27,12,-26,10,-25,15,-24,15,-25,20,-28,19,-25,19,-25,20,-25,22,-23,21,-29,24,-24,21,-23,22,-22,25,-24,25,-22,26,-24,22,-24,23,-25,24,-23,20,-20,23,-23,22,-23,21,-23,23,-19,21,-20,24,-18,22,-21,27,-20,22,-20,23,-19,24,-19,22,-19,25,-17,23,-19,20,-20,23,-22,21,-21,19,-21,20,-23,19,-19,20,-20,22,-20,18,-24,18,-23,14,-20,19,-21,15,-20,10,-19,15,-20,15,-19,14,-20,13,-22,12,-24,13,-24,9,0,0,0,0,0,0,0,0,0,0,0,0,0,0,0,0,0,0,0,0,0,0,9,-56,10,-56,13,-59,15,-60,17,-61,21,-62,25,-60,28,-62,31,-72,32,-69,30,-70,28,-70,32,-79,36,-73,42,-67,44,-67,45,-71,48,-66,44,-65,51,-65,50,-61,54,-65,48,-60,47,-64,48,-62,42,-65,45,-59,47,-57,45,-55,42,-60,37,-53,41,-54,38,-52,32,-50,35,-51,33,-53,29,-50,25,-54,23,-52,24,-56,23,-49,20,-54,23,-49,17,-50,15,-45,14,-48,13,-46,14,-42,11,-44,10,-44,6,-40,5,-41,7,-38,1,-36,0,-38,1,-34,-4,-33,0,0]"
CSI_DATA,384,2a:00:00:00:00:00,-43,11,1,0,1,1,1,0,0,0,1,-96,0,11,2,5460686,0,44,0,384,0,"[0,0,0,0,0,0,0,0,0,0,0,0,5,1,5,0,5,0,6,1,5,0,5,0,6,0,5,0,6,0,5,0,6,0,6,0,6,0,6,0,5,0,6,0,5,-1,5,0,5,0,5,0,5,0,5,0,5,0,5,0,5,0,5,-1,0,0,5,-1,5,-1,5,-1,5,-1,5,0,5,0,5,0,5,0,5,0,5,0,5,0,5,0,4,0,4,0,4,0,4,0,4,0,4,0,4,0,4,0,4,1,4,1,4,1,4,1,4,1,3,1,0,0,0,0,0,0,0,0,0,0,0,0,0,0,21,14,23,14,26,12,24,9,29,7,28,6,28,6,28,6,28,5,32,5,33,1,30,1,34,2,31,5,33,4,34,0,33,4,31,2,29,3,32,4,34,1,29,2,29,1,28,0,29,2,30,3,29,0,31,0,29,0,33,-1,28,0,29,1,29,3,28,0,28,-1,28,5,29,1,27,-1,25,6,28,2,30,1,28,4,26,9,26,4,26,5,26,6,26,5,22,7,24,6,23,5,24,7,23,6,19,8,21,8,23,10,22,9,20,9,0,0,0,0,0,0,0,0,0,0,0,0,0,0,0,0,0,0,0,0,0,0,-44,33,-43,32,-46,30,-53,31,-54,30,-57,31,-54,30,-60,30,-65,33,-65,28,-72,26,-69,26,-73,30,-75,24,-75,17,-78,17,-83,23,-77,14,-77,14,-76,13,-78,13,-81,10,-78,12,-77,12,-77,6,-75,16,-68,5,-70,8,-70,5,-69,11,-59,9,-65,9,-66,11,-58,13,-61,10,-57,14,-54,15,-55,17,-52,17,-53,17,-50,14,-50,19,-48,15,-48,18,-44,17,-41,22,-39,20,-40,19,-35,20,-38,19,-35,18,-33,20,-31,19,-28,21,-29,19,-25,23,-24,21,0,0]"
CSI_DATA,385,2a:00:00:00:00:00,-43,11,1,0,1,1,1,0,0,0,1,-96,0,11,2,5470670,0,44,0,384,0,"[0,0,0,0,0,0,0,0,0,0,0,0,3,-5,3,-5,3,-5,3,-5,3,-5,3,-5,3,-6,3,-6,3,-6,2,-5,3,-6,3,-6,3,-6,3,-6,2,-5,3,-6,2,-6,2,-6,2,-5,2,-5,2,-5,2,-5,2,-5,2,-5,2,-6,2,-6,0,0,2,-6,2,-5,2,-6,2,-6,2,-5,2,-5,2,-5,2,-5,2,-6,2,-5,3,-5,2,-5,2,-4,2,-4,2,-4,2,-5,2,-4,2,-4,2,-4,2,-4,2,-4,2,-4,2,-4,2,-4,3,-3,3,-3,0,0,0,0,0,0,0,0,0,0,0,0,0,0,23,-11,24,-12,21,-14,23,-16,22,-17,20,-18,21,-21,22,-24,20,-23,22,-23,20,-22,21,-24,21,-25,20,-23,21,-23,19,-26,22,-26,20,-25,20,-23,19,-24,19,-29,20,-25,17,-25,16,-26,17,-26,16,-24,18,-26,16,-27,14,-24,16,-29,18,-26,18,-27,15,-24,14,-28,13,-27,14,-23,15,-27,13,-25,18,-26,19,-24,19,-23,22,-23,16,-21,16,-21,13,-23,19,-22,20,-19,14,-19,17,-18,17,-19,19,-15,17,-15,15,-15,15,-15,15,-15,18,-11,21,-11,0,0,0,0,0,0,0,0,0,0,0,0,0,0,0,0,0,0,0,0,0,0,-5,53,-8,54,-9,57,-11,60,-15,59,-19,61,-16,59,-21,61,-25,69,-25,67,-29,69,-27,70,-30,77,-34,71,-38,68,-38,68,-38,74,-40,65,-38,65,-42,64,-40,64,-48,64,-42,61,-44,63,-45,59,-41,63,-43,56,-41,59,-39,54,-37,61,-32,50,-35,54,-31,53,-26,51,-29,54,-26,52,-24,51,-23,53,-21,50,-20,53,-20,49,-16,53,-16,50,-14,49,-15,46,-10,44,-9,44,-8,42,-8,42,-6,40,-5,39,-2,39,-2,38,-3,32,1,35,3,35,4,28,0,0]"
CSI_DATA,386,2a:00:00:00:00:00,-43,11,1,0,1,1,1,0,0,0,1,-96,0,11,2,5490900,0,44,0,384,0,"[0,0,0,0,0,0,0,0,0,0,0,0,4,-3,4,-3,4,-4,4,-3,4,-3,4,-3,4,-4,4,-4,4,-4,4,-4,5,-4,5,-4,4,-4,4,-4,4,-4,4,-5,4,-4,4,-4,3,-4,4,-4,3,-4,4,-4,4,-4,3,-4,4,-4,4,-4,0,0,3,-5,4,-4,3,-4,3,-5,3,-4,3,-4,3,-4,3,-4,4,-4,4,-4,4,-3,3,-3,3,-3,3,-3,4,-3,4,-3,3,-3,3,-3,3,-3,3,-3,3,-3,3,-3,3,-2,3,-2,4,-2,4,-2,0,0,0,0,0,0,0,0,0,0,0,0,0,0,24,-8,27,-6,30,-13,25,-15,25,-15,22,-17,23,-18,24,-21,21,-20,22,-18,23,-22,25,-24,26,-23,24,-21,24,-21,24,-24,26,-25,23,-25,23,-22,25,-22,23,-25,22,-22,19,-25,19,-24,21,-22,20,-23,21,-23,20,-26,21,-23,18,-26,21,-24,21,-27,20,-23,20,-25,19,-24,19,-23,17,-24,17,-23,19,-20,21,-21,23,-22,24,-20,20,-18,18,-20,20,-19,22,-18,22,-17,22,-16,21,-18,19,-15,20,-14,21,-12,19,-15,20,-12,19,-13,22,-10,22,-9,0,0,0,0,0,0,0,0,0,0,0,0,0,0,0,0,0,0,0,0,0,0,-10,54,-13,55,-13,56,-16,62,-20,59,-21,62,-22,59,-25,65,-29,71,-31,64,-35,67,-35,67,-38,74,-41,72,-46,70,-44,68,-44,73,-48,64,-44,64,-44,64,-49,61,-53,66,-50,60,-48,61,-51,57,-47,60,-48,53,-47,55,-42,53,-45,57,-35,49,-42,52,-36,51,-32,51,-38,49,-29,55,-29,49,-29,51,-26,47,-25,54,-24,51,-20,53,-20,48,-18,47,-18,46,-14,44,-15,43,-14,42,-11,42,-13,40,-10,37,-10,40,-8,39,-4,32,-6,38,-1,35,0,31,0,0]"
CSI_DATA,387,2a:00:00:00:00:00,-42,11,1,0,1,1,1,0,0,0,1,-96,0,11,2,5500662,0,44,0,384,0,"[0,0,0,0,0,0,0,0,0,0,0,0,-2,5,-2,5,-1,5,-2,5,-2,6,-2,5,-1,5,-1,6,-2,6,-1,6,-2,6,-1,6,-1,6,-1,6,-1,5,-1,6,-1,6,-1,5,0,5,-1,5,-1,5,0,5,-1,5,0,5,0,5,-1,5,0,0,-1,5,0,6,0,5,-1,5,0,5,0,5,0,5,-1,5,-1,5,-1,5,-1,5,-1,5,-1,4,-1,4,-1,4,-1,4,-1,5,-1,4,-2,4,-1,4,-2,4,-1,4,-2,4,-2,4,-2,3,-2,3,0,0,0,0,0,0,0,0,0,0,0,0,0,0,-8,10,-8,12,-6,14,-6,12,-6,14,-4,14,-3,14,-4,15,-2,14,-3,15,-1,15,-2,14,-3,18,-1,17,-4,15,-3,16,-1,17,-2,16,-1,15,-2,16,-1,16,-2,14,1,16,0,16,0,15,0,16,-3,15,0,16,-1,14,-1,15,-2,14,0,14,1,16,1,16,1,14,-1,15,0,15,1,16,-1,13,-1,15,-3,14,-3,13,-2,14,-2,13,-2,14,-3,13,-2,11,-1,13,-3,11,-2,12,-3,11,-3,10,-3,12,-3,11,-4,11,-4,11,-6,9,0,0,0,0,0,0,0,0,0,0,0,0,0,0,0,0,0,0,0,0,0,0,-15,-24,-14,-26,-13,-27,-13,-29,-12,-29,-12,-30,-11,-31,-11,-33,-13,-36,-10,-36,-9,-37,-9,-38,-10,-41,-6,-40,-5,-41,-5,-41,-8,-43,-3,-40,-4,-39,-3,-40,-2,-39,-2,-42,0,-40,-1,-40,1,-40,-3,-40,1,-37,0,-37,0,-35,-2,-36,-2,-31,-3,-32,-5,-32,-5,-30,-4,-32,-5,-31,-5,-29,-6,-29,-6,-27,-7,-30,-8,-27,-9,-26,-10,-26,-10,-25,-9,-23,-10,-23,-9,-22,-11,-21,-10,-19,-10,-20,-11,-19,-10,-17,-11,-18,-9,-15,-11,-15,-12,-15,-11,-14,0,0]"
CSI_DATA,388,2a:00:00:00:00:00,-42,11,1,0,1,1,1,0,0,0,1,-96,0,11,2,5512436,0,44,0,384,0,"[0,0,0,0,0,0,0,0,0,0,0,0,1,-6,0,-6,0,-6,0,-6,0,-6,0,-6,0,-7,0,-6,0,-7,0,-6,0,-7,0,-7,0,-6,0,-6,0,-6,0,-7,0,-6,0,-6,-1,-6,0,-6,-1,-6,-1,-6,0,-6,-1,-6,-1,-6,0,-6,0,0,0,-6,-1,-6,-1,-6,-1,-6,-1,-6,-1,-6,-1,-6,0,-5,0,-6,0,-6,0,-6,0,-5,0,-5,0,-5,1,-5,1,-5,0,-5,0,-5,0,-5,0,-4,1,-4,0,-5,1,-5,1,-4,1,-4,1,-4,0,0,0,0,0,0,0,0,0,0,0,0,0,0,-26,2,-26,6,-22,5,-30,9,-26,14,-25,12,-27,10,-25,16,-22,14,-24,12,-24,19,-24,16,-27,19,-27,19,-29,16,-27,21,-27,22,-20,19,-26,15,-24,21,-27,22,-26,16,-22,19,-23,19,-20,17,-21,18,-24,20,-29,20,-24,15,-22,21,-23,19,-27,21,-23,13,-23,22,-24,19,-20,16,-18,19,-23,18,-23,15,-23,17,-25,15,-22,16,-20,11,-25,15,-22,11,-24,12,-26,10,-19,11,-22,8,-24,11,-24,14,-22,9,-19,11,-20,9,-22,9,-21,6,-20,6,0,0,0,0,0,0,0,0,0,0,0,0,0,0,0,0,0,0,0,0,0,0,6,-54,9,-56,4,-57,12,-58,15,-59,19,-61,20,-63,20,-65,24,-69,27,-68,24,-67,27,-69,29,-80,35,-72,38,-65,42,-72,36,-74,46,-67,39,-66,38,-64,43,-62,49,-68,45,-62,41,-63,47,-59,40,-60,42,-58,42,-58,41,-53,42,-58,33,-49,35,-51,37,-52,32,-48,33,-50,32,-51,29,-51,24,-50,24,-52,22,-49,23,-47,22,-51,22,-48,18,-50,19,-41,11,-46,12,-46,15,-44,13,-39,14,-40,13,-35,9,-39,12,-34,4,-35,4,-39,7,-35,4,-34,0,0]"
CSI_DATA,389,2a:00:00:00:00:00,-42,11,1,0,1,1,1,0,0,0,1,-96,0,11,2,5521094,0,44,0,384,0,"[0,0,0,0,0,0,0,0,0,0,0,0,2,-5,2,-5,2,-6,2,-6,2,-6,2,-6,2,-6,2,-6,2,-6,1,-6,2,-7,2,-7,1,-6,2,-6,2,-6,2,-7,1,-6,2,-6,1,-6,1,-6,1,-5,1,-6,1,-6,1,-6,1,-6,1,-6,0,0,1,-6,1,-6,1,-6,1,-6,1,-5,1,-6,1,-6,1,-5,2,-5,2,-5,2,-5,1,-5,1,-5,1,-5,2,-5,2,-5,2,-5,2,-4,2,-4,2,-4,2,-4,2,-4,2,-4,2,-4,3,-3,3,-3,0,0,0,0,0,0,0,0,0,0,0,0,0,0,23,-19,18,-20,16,-21,16,-24,16,-24,17,-24,16,-27,15,-31,13,-28,15,-28,12,-30,14,-29,13,-33,12,-31,15,-31,14,-32,15,-32,14,-32,11,-29,13,-30,15,-35,13,-30,9,-32,11,-29,9,-29,10,-29,11,-25,11,-32,9,-29,12,-31,10,-29,12,-28,8,-26,9,-31,10,-28,10,-29,8,-28,8,-29,10,-28,11,-25,13,-26,16,-27,14,-26,13,-28,11,-23,15,-24,17,-21,11,-23,14,-22,11,-20,12,-21,12,-20,12,-22,13,-19,16,-19,15,-17,18,-15,0,0,0,0,0,0,0,0,0,0,0,0,0,0,0,0,0,0,0,0,0,0,17,51,14,59,14,56,12,62,11,60,9,64,9,64,9,67,9,73,4,71,0,75,1,77,2,83,-6,80,-6,80,-10,78,-10,87,-12,77,-12,79,-10,78,-15,78,-14,82,-15,76,-18,77,-20,75,-14,76,-20,69,-20,70,-18,67,-13,73,-13,60,-13,64,-9,63,-4,61,-7,64,-6,60,-4,57,-4,59,-4,55,0,60,-1,54,4,55,1,55,7,49,5,47,4,47,7,44,8,45,13,41,6,42,6,42,9,39,10,40,10,32,11,35,13,31,11,26,0,0]"
CSI_DATA,390,2a:00:00:00:00:00,-42,11,1,0,1,1,1,0,0,0,1,-96,0,11,2,5570660,0,44,0,384,0,"[0,0,0,0,0,0,0,0,0,0,0,0,4,-4,4,-4,4,-4,4,-4,4,-4,4,-4,4,-5,4,-4,4,-4,4,-5,4,-5,4,-5,4,-5,4,-5,4,-4,4,-5,4,-5,4,-4,3,-4,4,-4,4,-4,3,-5,4,-4,3,-5,3,-4,4,-5,0,0,3,-5,3,-5,3,-5,3,-5,3,-4,3,-4,3,-4,3,-4,4,-4,4,-4,4,-4,3,-3,3,-3,3,-3,3,-3,4,-3,3,-3,3,-3,3,-3,3,-3,3,-3,3,-3,3,-2,3,-2,4,-2,3,-2,0,0,0,0,0,0,0,0,0,0,0,0,0,0,24,-10,25,-12,25,-18,23,-16,21,-17,23,-19,21,-22,21,-23,21,-23,24,-21,22,-25,22,-22,23,-25,23,-25,21,-22,18,-27,22,-26,19,-25,20,-21,22,-25,21,-28,21,-24,16,-24,19,-24,19,-22,18,-25,20,-24,17,-27,16,-25,17,-26,18,-24,19,-25,17,-23,18,-24,17,-25,15,-21,15,-23,16,-23,21,-20,19,-21,18,-23,21,-21,17,-19,17,-21,16,-18,20,-22,17,-17,16,-17,21,-15,19,-17,20,-15,21,-15,15,-15,17,-14,18,-13,21,-11,20,-8,0,0,0,0,0,0,0,0,0,0,0,0,0,0,0,0,0,0,0,0,0,0,5,54,0,54,0,56,-3,58,-5,61,-10,61,-7,62,-8,65,-10,71,-14,70,-17,72,-15,71,-16,77,-23,75,-25,71,-27,75,-27,76,-31,73,-31,66,-28,70,-33,67,-33,71,-34,71,-33,70,-35,67,-28,71,-33,59,-33,62,-32,57,-30,62,-27,55,-29,56,-26,59,-21,55,-26,58,-20,54,-18,56,-17,55,-15,52,-13,53,-15,49,-10,52,-12,50,-10,50,-8,46,-7,46,-8,43,-8,46,-2,42,-1,43,-2,40,-1,37,1,38,0,34,1,36,7,33,6,30,0,0]"
CSI_DATA,391,2a:00:00:00:00:00,-42,11,1,0,1,1,1,0,0,0,1,-96,0,11,2,5581985,0,44,0,384,0,"[0,0,0,0,0,0,0,0,0,0,0,0,-6,-2,-6,-1,-6,0,-7,-1,-6,-1,-7,-1,-7,0,-7,0,-7,0,-6,0,-7,0,-7,0,-7,0,-7,0,-7,-1,-7,0,-7,0,-6,0,-6,0,-6,0,-6,0,-6,0,-6,0,-6,0,-6,0,-6,0,0,0,-6,1,-6,0,-7,0,-6,1,-6,0,-6,0,-6,0,-6,0,-6,0,-6,0,-6,0,-5,-1,-5,-1,-6,-1,-5,-1,-6,-1,-5,-1,-5,-1,-5,-1,-5,-1,-5,-1,-5,-1,-4,-1,-5,-1,-5,-2,-5,-2,0,0,0,0,0,0,0,0,0,0,0,0,0,0,-23,-22,-22,-19,-25,-15,-30,-14,-29,-15,-27,-11,-30,-11,-32,-11,-33,-9,-33,-12,-31,-8,-33,-7,-34,-9,-35,-10,-31,-11,-35,-6,-37,-9,-34,-10,-29,-7,-33,-9,-34,-7,-32,-9,-30,-5,-31,-7,-30,-6,-30,-8,-29,-3,-31,-6,-29,-5,-34,-1,-31,-2,-33,-4,-29,-7,-31,-5,-32,-3,-29,-8,-31,-5,-29,-6,-29,-9,-30,-6,-31,-7,-30,-9,-26,-9,-26,-9,-23,-10,-27,-10,-26,-10,-25,-10,-25,-8,-22,-8,-26,-11,-20,-8,-19,-10,-22,-11,-22,-13,-21,-12,-19,-17,0,0,0,0,0,0,0,0,0,0,0,0,0,0,0,0,0,0,0,0,0,0,48,-29,49,-27,50,-26,56,-26,55,-23,58,-23,61,-21,63,-24,74,-22,68,-20,71,-20,70,-21,82,-23,80,-18,76,-8,78,-6,81,-13,80,-6,75,-8,77,2,76,0,82,0,76,-5,77,-5,77,4,78,-8,73,3,72,3,69,4,68,-1,62,-1,66,-2,64,-4,60,-7,61,-4,58,-9,55,-8,59,-10,54,-13,58,-14,54,-13,54,-16,50,-12,50,-17,44,-15,47,-17,47,-19,40,-15,37,-18,40,-18,38,-17,36,-19,36,-18,30,-18,31,-19,28,-21,27,-18,0,0]"
CSI_DATA,392,2a:00:00:00:00:00,-42,11,1,0,1,1,1,0,0,0,1,-96,0,11,2,5592742,0,44,0,384,0,"[0,0,0,0,0,0,0,0,0,0,0,0,-6,0,-6,0,-6,0,-6,0,-6,0,-6,0,-7,1,-6,1,-7,1,-6,1,-7,1,-6,1,-6,1,-6,1,-6,1,-7,1,-6,1,-6,1,-6,1,-6,1,-6,1,-6,1,-6,1,-6,1,-6,1,-6,1,0,0,-6,1,-6,1,-6,1,-6,2,-6,0,-6,1,-6,1,-5,0,-6,1,-6,1,-6,1,-5,0,-5,0,-5,0,-5,0,-6,0,-5,0,-5,0,-5,0,-5,0,-5,0,-4,-1,-5,-1,-4,-1,-5,-1,-4,-1,0,0,0,0,0,0,0,0,0,0,0,0,0,0,-26,-11,-27,-11,-30,-6,-28,-6,-31,-6,-30,-5,-32,-3,-31,0,-30,0,-31,-3,-33,0,-34,-2,-36,1,-33,0,-33,-3,-35,1,-34,0,-33,0,-30,-3,-36,1,-35,2,-30,0,-29,4,-28,3,-27,-1,-30,0,-33,0,-32,1,-30,1,-32,4,-29,2,-29,1,-29,1,-30,2,-29,7,-29,0,-28,0,-27,1,-30,-2,-28,1,-29,-2,-30,0,-27,-4,-26,-5,-25,-4,-30,-3,-28,-3,-24,-5,-26,-7,-24,-4,-25,-5,-24,-3,-21,-4,-24,-8,-22,-8,-22,-9,-21,-12,0,0,0,0,0,0,0,0,0,0,0,0,0,0,0,0,0,0,0,0,0,0,31,-46,33,-43,36,-47,39,-47,43,-44,43,-41,45,-44,51,-43,56,-49,57,-45,61,-42,58,-45,65,-47,66,-40,62,-35,69,-42,70,-43,70,-33,68,-35,67,-35,73,-29,73,-30,75,-29,70,-29,73,-22,68,-30,65,-21,66,-23,65,-23,63,-28,55,-23,58,-22,56,-24,53,-24,58,-25,51,-28,50,-27,50,-31,47,-28,48,-30,46,-27,45,-33,40,-32,40,-29,36,-29,36,-28,36,-27,34,-30,31,-27,31,-28,28,-24,26,-27,27,-25,24,-27,23,-29,20,-26,20,-28,0,0]"
CSI_DATA,393,2a:00:00:00:00:00,-42,11,1,0,1,1,1,0,0,0,1,-96,0,11,2,5600706,0,44,0,384,0,"[0,0,0,0,0,0,0,0,0,0,0,0,1,5,2,5,2,5,2,5,2,5,2,5,3,5,2,5,3,5,3,4,2,5,3,5,3,5,3,5,2,5,3,5,3,4,2,4,3,4,3,4,3,4,3,4,2,4,3,4,3,4,3,4,0,0,3,4,3,4,3,4,3,4,3,4,3,4,3,4,3,4,2,4,2,4,2,4,2,4,2,4,2,4,1,4,1,4,2,4,1,3,1,3,1,3,1,3,1,4,1,4,1,4,0,4,0,3,0,0,0,0,0,0,0,0,0,0,0,0,0,0,4,31,3,28,11,27,9,27,12,27,12,26,11,28,15,30,16,28,13,29,18,26,17,24,19,28,18,26,16,24,17,25,22,28,20,25,21,25,18,26,19,26,15,25,22,24,16,23,18,23,19,26,17,22,20,25,19,26,17,24,17,21,17,25,17,24,21,28,16,19,21,25,21,27,20,24,17,26,14,24,14,20,12,24,14,25,14,26,14,24,11,25,10,20,13,22,9,21,10,21,10,22,11,21,11,20,9,21,7,24,6,22,5,24,0,0,0,0,0,0,0,0,0,0,0,0,0,0,0,0,0,0,0,0,0,0,-55,-13,-58,-11,-55,-15,-61,-19,-59,-21,-65,-24,-62,-22,-63,-24,-70,-29,-64,-29,-66,-36,-67,-35,-74,-39,-69,-43,-66,-47,-64,-46,-73,-49,-61,-46,-65,-51,-65,-48,-64,-47,-67,-49,-59,-49,-58,-50,-55,-52,-58,-52,-55,-52,-57,-50,-52,-49,-57,-50,-45,-40,-53,-45,-53,-39,-52,-33,-52,-38,-50,-32,-49,-31,-53,-33,-49,-29,-54,-30,-52,-30,-49,-22,-47,-25,-47,-23,-43,-21,-47,-17,-44,-18,-43,-15,-41,-14,-39,-13,-39,-13,-41,-9,-38,-13,-33,-8,-37,-6,-38,-3,-33,-5,0,0]"
CSI_DATA,394,2a:00:00:00:00:00,-42,11,1,0,1,1,1,0,0,0,1,-96,0,11,2,5611500,0,44,0,384,0,"[0,0,0,0,0,0,0,0,0,0,0,0,4,2,4,2,5,2,5,2,5,2,5,2,5,2,5,2,5,2,5,2,5,2,5,2,5,2,5,2,5,2,5,2,5,1,5,2,5,2,5,2,5,2,5,2,4,1,5,1,5,1,5,1,0,0,5,1,5,2,5,2,5,1,5,2,5,2,5,2,4,2,4,1,4,1,4,2,4,2,4,2,4,2,4,2,4,2,4,2,3,2,3,2,3,2,3,2,3,2,3,2,3,2,3,2,2,2,0,0,0,0,0,0,0,0,0,0,0,0,0,0,12,28,11,29,17,26,18,22,19,23,19,23,22,24,22,24,22,21,23,20,23,20,25,22,28,22,25,23,24,20,29,18,28,21,28,20,24,19,25,22,27,22,26,18,27,19,23,20,21,18,22,19,24,16,24,17,24,20,27,16,24,14,26,17,24,19,26,18,24,15,22,18,25,18,24,19,22,20,22,13,23,16,22,18,21,19,22,18,17,19,21,19,20,19,18,21,17,14,15,16,16,18,17,17,14,21,15,20,14,20,15,17,10,20,0,0,0,0,0,0,0,0,0,0,0,0,0,0,0,0,0,0,0,0,0,0,-58,3,-56,-1,-59,-1,-61,-4,-63,-6,-63,-10,-65,-11,-66,-14,-75,-16,-71,-18,-74,-20,-75,-17,-81,-22,-77,-26,-71,-28,-74,-32,-79,-30,-73,-32,-71,-29,-72,-36,-68,-35,-76,-41,-68,-36,-69,-35,-67,-37,-72,-32,-63,-35,-63,-36,-61,-34,-63,-33,-59,-29,-58,-33,-60,-28,-57,-26,-57,-29,-58,-21,-52,-20,-56,-19,-54,-17,-56,-14,-52,-18,-54,-11,-51,-11,-53,-12,-46,-7,-46,-5,-44,-6,-45,-7,-46,-4,-43,-6,-43,-1,-42,1,-42,-1,-35,1,-40,5,-36,3,-32,7,0,0]"
CSI_DATA,395,2a:00:00:00:00:00,-42,11,1,0,1,1,1,0,0,0,1,-96,0,11,2,5620630,0,44,0,384,0,"[0,0,0,0,0,0,0,0,0,0,0,0,5,-1,5,-1,5,-1,6,-1,6,-1,5,-1,6,-2,5,-2,6,-2,5,-2,6,-2,6,-2,6,-2,5,-2,5,-2,6,-2,5,-2,5,-2,5,-2,5,-2,5,-2,5,-2,5,-2,5,-2,5,-2,5,-3,0,0,5,-3,5,-2,5,-2,5,-3,5,-2,5,-2,5,-2,5,-2,5,-2,5,-2,5,-2,4,-1,4,-1,4,-1,4,-2,4,-2,4,-1,4,-1,4,-1,4,-1,4,-1,4,-1,4,-1,4,0,4,0,4,0,0,0,0,0,0,0,0,0,0,0,0,0,0,0,24,12,29,10,26,6,28,7,32,5,27,3,31,2,29,0,32,4,31,0,32,-1,32,0,35,-1,33,0,33,0,32,-6,36,-2,34,-2,29,0,36,-2,34,-5,32,-2,29,-5,29,-2,30,-1,30,-2,32,-1,30,-4,30,-4,29,-6,32,-6,29,-3,32,-4,28,-3,32,-6,28,-2,27,-4,29,-6,31,0,30,-4,32,-4,28,-2,26,0,26,-1,25,-1,30,0,25,2,27,0,24,1,25,2,26,0,24,1,23,1,27,5,22,5,25,5,23,10,0,0,0,0,0,0,0,0,0,0,0,0,0,0,0,0,0,0,0,0,0,0,-46,35,-44,34,-52,34,-49,31,-54,33,-53,30,-57,31,-61,30,-70,34,-68,32,-68,29,-70,30,-73,35,-78,27,-74,21,-82,24,-77,26,-81,20,-73,21,-75,15,-77,16,-83,16,-79,17,-76,15,-76,13,-77,22,-72,10,-70,13,-72,13,-68,16,-63,17,-62,13,-59,14,-59,18,-61,17,-58,19,-57,21,-55,21,-51,23,-54,24,-50,19,-51,28,-46,22,-46,25,-40,23,-39,24,-42,25,-38,24,-33,27,-37,25,-32,24,-33,29,-30,24,-27,24,-25,27,-21,24,-19,24,0,0]"
CSI_DATA,396,2a:00:00:00:00:00,-42,11,1,0,1,1,1,0,0,0,1,-96,0,11,2,5631163,0,44,0,384,0,"[0,0,0,0,0,0,0,0,0,0,0,0,-6,-1,-6,-1,-6,0,-7,0,-6,0,-7,-1,-7,0,-7,0,-7,0,-7,0,-7,0,-7,0,-7,0,-6,0,-6,0,-7,0,-6,0,-6,0,-6,0,-6,0,-6,0,-6,0,-6,0,-6,0,-6,0,-6,1,0,0,-6,1,-6,0,-6,0,-6,1,-6,0,-6,0,-6,0,-6,0,-6,0,-6,0,-6,0,-5,-1,-5,-1,-5,-1,-5,0,-5,0,-5,-1,-5,0,-5,0,-5,0,-5,-1,-5,-1,-5,-1,-5,-1,-4,-1,-4,-2,0,0,0,0,0,0,0,0,0,0,0,0,0,0,-28,-10,-26,-9,-29,-5,-28,-1,-32,-4,-32,0,-30,2,-34,1,-31,1,-34,2,-33,4,-33,6,-35,5,-33,3,-34,3,-35,8,-37,4,-34,6,-32,3,-32,4,-37,8,-31,6,-30,6,-30,6,-31,4,-31,5,-30,7,-32,5,-29,6,-34,7,-29,7,-30,9,-27,5,-34,7,-29,10,-31,3,-29,6,-29,8,-30,4,-29,6,-30,6,-32,4,-27,1,-27,0,-29,-2,-29,1,-27,3,-27,0,-29,0,-24,3,-27,3,-23,-1,-23,-2,-23,-1,-22,-5,-25,-5,-26,-8,0,0,0,0,0,0,0,0,0,0,0,0,0,0,0,0,0,0,0,0,0,0,34,-43,38,-44,37,-42,42,-47,44,-42,50,-41,46,-44,50,-46,58,-49,57,-42,61,-40,62,-43,69,-46,70,-40,72,-38,69,-35,74,-44,69,-33,74,-35,70,-32,71,-30,76,-32,70,-28,74,-29,74,-25,67,-34,67,-23,68,-25,65,-22,67,-28,56,-24,62,-27,57,-27,51,-29,57,-27,51,-33,49,-30,50,-31,47,-30,49,-32,47,-29,42,-34,40,-37,37,-31,36,-33,35,-30,36,-33,32,-32,28,-30,30,-31,26,-29,24,-33,26,-31,20,-29,22,-31,18,-33,16,-27,0,0]"
CSI_DATA,397,2a:00:00:00:00:00,-42,11,1,0,1,1,1,0,0,0,1,-96,0,11,2,5640748,0,44,0,384,0,"[0,0,0,0,0,0,0,0,0,0,0,0,-3,5,-3,5,-2,5,-3,5,-2,5,-3,5,-3,6,-3,6,-3,5,-2,5,-3,6,-2,6,-2,5,-2,5,-2,5,-2,6,-2,6,-2,5,-2,5,-2,5,-2,5,-2,5,-2,5,-1,5,-2,5,-2,5,0,0,-2,5,-2,5,-1,5,-2,5,-2,5,-2,5,-2,5,-2,5,-2,5,-2,5,-2,5,-2,4,-2,4,-2,4,-3,4,-3,4,-2,4,-2,4,-3,4,-2,3,-3,3,-2,3,-2,3,-2,3,-3,3,-3,3,0,0,0,0,0,0,0,0,0,0,0,0,0,0,-14,7,-12,7,-11,11,-12,7,-10,11,-11,9,-10,11,-11,13,-9,11,-10,13,-9,12,-10,13,-10,15,-9,13,-10,13,-9,15,-10,14,-8,14,-9,15,-9,13,-10,16,-9,13,-7,15,-7,15,-8,13,-7,14,-8,13,-6,14,-7,14,-7,14,-8,13,-8,15,-6,13,-8,14,-6,13,-6,13,-5,13,-6,13,-7,12,-8,12,-8,12,-8,12,-6,12,-7,12,-8,11,-7,10,-8,10,-7,11,-8,10,-8,8,-8,9,-9,9,-7,10,-8,9,-8,8,-8,7,-10,6,0,0,0,0,0,0,0,0,0,0,0,0,0,0,0,0,0,0,0,0,0,0,-3,-28,-2,-29,-2,-28,0,-32,1,-31,2,-33,2,-31,3,-34,4,-38,5,-37,8,-37,6,-37,6,-41,10,-41,12,-38,11,-37,13,-42,14,-38,13,-38,14,-38,14,-36,16,-39,15,-36,14,-36,15,-37,12,-36,15,-34,15,-34,14,-32,12,-34,11,-29,11,-32,9,-30,8,-30,10,-30,6,-31,6,-28,6,-28,5,-30,4,-31,3,-30,2,-29,3,-27,1,-27,0,-25,1,-25,-1,-24,-3,-23,-2,-22,-3,-22,-2,-19,-4,-21,-2,-21,-4,-18,-5,-20,-6,-17,-6,-15,0,0]"
CSI_DATA,398,2a:00:00:00:00:00,-43,11,1,0,1,1,1,0,0,0,1,-96,0,11,2,5651442,0,44,0,384,0,"[0,0,0,0,0,0,0,0,0,0,0,0,-6,-1,-6,0,-6,0,-7,0,-7,0,-6,0,-7,1,-6,1,-7,1,-7,1,-7,0,-7,1,-7,0,-6,0,-6,0,-7,1,-6,1,-6,1,-6,1,-6,1,-6,1,-6,1,-6,1,-6,1,-6,1,-6,1,0,0,-6,1,-6,1,-6,1,-6,1,-6,0,-6,1,-6,1,-5,1,-6,1,-6,1,-6,0,-5,0,-5,0,-5,0,-5,0,-5,0,-5,0,-5,0,-5,0,-5,0,-5,0,-5,-1,-5,-1,-4,-1,-5,-1,-5,-1,0,0,0,0,0,0,0,0,0,0,0,0,0,0,-28,-6,-29,-5,-31,0,-30,0,-30,2,-31,2,-30,3,-32,6,-31,3,-32,5,-33,9,-33,5,-36,7,-30,7,-34,7,-33,13,-32,11,-32,9,-34,7,-33,9,-36,11,-33,10,-30,9,-29,7,-29,8,-31,10,-29,10,-31,8,-31,8,-31,11,-27,11,-30,9,-27,10,-29,9,-26,10,-28,8,-28,10,-27,10,-29,7,-32,9,-30,7,-30,6,-26,4,-27,5,-25,4,-28,4,-29,3,-25,5,-25,3,-24,3,-24,1,-24,1,-24,0,-24,0,-22,-1,-25,-1,-25,-6,0,0,0,0,0,0,0,0,0,0,0,0,0,0,0,0,0,0,0,0,0,0,26,-49,31,-50,31,-47,35,-52,37,-47,42,-51,40,-48,44,-48,51,-55,49,-51,52,-53,53,-55,57,-62,60,-54,65,-48,62,-45,69,-54,67,-44,64,-46,65,-43,67,-38,73,-40,66,-38,68,-42,67,-41,60,-44,62,-37,66,-35,56,-33,64,-37,50,-30,58,-36,53,-34,50,-34,52,-35,49,-37,43,-36,44,-39,43,-39,41,-40,43,-37,37,-39,40,-38,35,-38,30,-38,32,-35,30,-36,30,-36,27,-35,25,-34,25,-35,23,-37,22,-37,18,-31,16,-33,10,-32,14,-31,0,0]"
CSI_DATA,399,2a:00:00:00:00:00,-42,11,1,0,1,1,1,0,0,0,1,-96,0,11,2,5660898,0,44,0,384,0,"[0,0,0,0,0,0,0,0,0,0,0,0,-4,-4,-5,-3,-5,-3,-5,-4,-5,-4,-5,-3,-5,-3,-5,-3,-5,-3,-5,-3,-5,-4,-6,-3,-6,-4,-5,-3,-5,-4,-6,-3,-5,-3,-5,-3,-5,-3,-5,-3,-5,-3,-5,-3,-5,-3,-5,-3,-5,-3,-5,-3,0,0,-5,-2,-5,-3,-5,-3,-5,-2,-5,-3,-5,-3,-5,-3,-5,-3,-5,-3,-5,-3,-5,-3,-4,-3,-4,-3,-4,-3,-4,-3,-4,-3,-4,-3,-4,-3,-4,-3,-4,-3,-4,-3,-3,-3,-3,-4,-3,-3,-3,-3,-3,-3,0,0,0,0,0,0,0,0,0,0,0,0,0,0,-21,-23,-19,-21,-25,-15,-26,-15,-27,-12,-29,-15,-30,-13,-33,-13,-29,-11,-31,-12,-34,-9,-31,-11,-33,-9,-33,-10,-31,-12,-34,-8,-35,-12,-31,-11,-31,-10,-34,-8,-36,-4,-33,-9,-33,-7,-29,-7,-31,-5,-32,-7,-29,-8,-32,-6,-29,-7,-33,-6,-30,-4,-32,-4,-31,-8,-30,-4,-29,-1,-31,-7,-31,-8,-31,-5,-29,-6,-29,-2,-29,-4,-29,-6,-26,-8,-28,-9,-25,-9,-28,-7,-26,-9,-25,-11,-26,-7,-22,-6,-24,-10,-23,-6,-25,-9,-23,-11,-22,-14,-21,-10,-20,-14,0,0,0,0,0,0,0,0,0,0,0,0,0,0,0,0,0,0,0,0,0,0,53,-16,52,-14,55,-13,60,-14,58,-11,62,-8,63,-11,65,-9,73,-12,72,-7,74,-2,77,-3,82,-6,80,1,80,7,77,6,85,5,77,11,77,4,75,6,79,11,83,13,76,12,78,14,77,15,74,10,70,13,70,12,67,11,72,9,60,7,67,8,61,2,60,-2,64,2,59,-2,58,-2,60,-2,56,-5,58,-6,56,-6,54,-9,54,-8,49,-10,44,-9,46,-10,45,-14,44,-13,41,-15,40,-15,38,-12,36,-17,40,-16,31,-15,33,-17,32,-18,25,-20,0,0]"
CSI_DATA,400,2a:00:00:00:00:00,-43,11,1,0,1,1,1,0,0,0,1,-96,0,11,2,5681668,0,44,0,384,0,"[0,0,0,0,0,0,0,0,0,0,0,0,-3,4,-3,4,-3,5,-3,5,-3,5,-3,4,-3,5,-3,5,-3,5,-3,5,-3,5,-3,5,-3,5,-3,5,-3,5,-3,6,-3,5,-3,5,-2,4,-2,5,-2,4,-2,5,-3,4,-2,5,-2,5,-2,5,0,0,-2,5,-2,5,-2,5,-2,5,-2,4,-2,4,-2,4,-2,4,-2,5,-3,4,-3,4,-2,4,-2,4,-2,3,-3,4,-3,4,-2,4,-3,3,-3,3,-3,3,-3,3,-3,3,-3,3,-3,3,-3,3,-3,2,0,0,0,0,0,0,0,0,0,0,0,0,0,0,-19,22,-18,24,-13,27,-15,26,-13,28,-14,25,-9,28,-12,33,-9,28,-11,30,-9,32,-7,31,-9,34,-10,32,-11,30,-4,32,-5,33,-7,35,-8,31,-8,32,-8,34,-9,29,-3,31,-4,30,-8,27,-7,27,-7,28,-2,28,-5,30,-4,32,-4,32,-6,30,-1,29,-2,30,-4,31,-3,29,-3,31,-3,29,-5,28,-8,26,-9,28,-8,27,-7,26,-6,25,-5,25,-11,27,-11,25,-8,24,-10,22,-11,23,-11,21,-10,19,-8,20,-11,21,-11,20,-14,19,-16,20,0,0,0,0,0,0,0,0,0,0,0,0,0,0,0,0,0,0,0,0,0,0,-30,-48,-29,-48,-30,-48,-30,-58,-25,-55,-24,-61,-26,-59,-24,-64,-26,-70,-24,-69,-19,-74,-20,-73,-24,-79,-16,-78,-11,-79,-11,-81,-15,-85,-6,-79,-10,-80,-7,-80,-2,-82,-3,-82,-2,-80,-3,-80,-1,-81,-6,-78,1,-72,-1,-73,-3,-70,-6,-72,-4,-63,-5,-69,-7,-65,-7,-60,-7,-65,-10,-59,-9,-57,-10,-60,-13,-55,-13,-56,-13,-53,-15,-53,-16,-54,-15,-50,-18,-46,-16,-44,-14,-44,-18,-44,-19,-41,-19,-40,-18,-37,-20,-35,-17,-37,-18,-31,-21,-35,-22,-28,-21,-26,0,0]"
CSI_DATA,401,2a:00:00:00:00:00,-43,11,1,0,1,1,1,0,0,0,1,-96,0,11,2,5690666,0,44,0,384,0,"[0,0,0,0,0,0,0,0,0,0,0,0,-5,-3,-5,-3,-6,-3,-6,-3,-6,-3,-6,-3,-6,-3,-6,-3,-6,-3,-6,-3,-6,-3,-6,-2,-6,-3,-6,-3,-6,-3,-7,-2,-6,-2,-6,-2,-6,-2,-6,-2,-6,-2,-6,-2,-5,-2,-6,-2,-6,-2,-6,-2,0,0,-5,-2,-6,-2,-6,-2,-6,-1,-6,-2,-6,-2,-6,-2,-6,-2,-6,-2,-5,-2,-6,-2,-5,-2,-5,-2,-5,-2,-5,-2,-5,-2,-5,-3,-4,-2,-4,-2,-4,-2,-4,-2,-4,-2,-4,-3,-4,-3,-4,-3,-4,-3,0,0,0,0,0,0,0,0,0,0,0,0,0,0,-10,-13,-11,-10,-12,-9,-11,-7,-12,-8,-13,-7,-15,-7,-16,-7,-13,-6,-14,-6,-15,-7,-15,-6,-18,-6,-15,-8,-16,-8,-15,-5,-16,-7,-15,-7,-13,-6,-15,-5,-15,-5,-15,-5,-15,-5,-15,-5,-14,-6,-15,-6,-15,-4,-16,-5,-15,-6,-16,-4,-15,-5,-15,-4,-15,-5,-15,-5,-14,-2,-14,-6,-14,-5,-15,-4,-15,-5,-14,-3,-13,-4,-13,-6,-12,-8,-12,-7,-13,-7,-13,-5,-11,-5,-11,-7,-11,-5,-12,-5,-11,-6,-12,-5,-11,-6,-10,-7,-8,-8,-9,-7,-9,-8,0,0,0,0,0,0,0,0,0,0,0,0,0,0,0,0,0,0,0,0,0,0,24,-12,26,-10,25,-8,29,-9,28,-9,31,-7,30,-9,31,-8,36,-8,34,-6,36,-2,36,-3,39,-5,40,-1,38,0,38,1,41,-1,38,2,38,0,36,1,38,2,40,3,37,4,37,5,38,7,37,3,36,7,35,5,33,5,34,3,29,2,33,3,29,1,28,0,30,1,29,0,28,-1,28,-1,27,-1,29,-2,26,-1,27,-5,26,-3,24,-3,23,-4,22,-7,22,-6,21,-7,20,-6,19,-5,19,-4,18,-7,19,-7,15,-8,16,-8,14,-9,13,-9,0,0]"
