13.0384,13.0384,12.04159,12.04159,11.04536,11.0,10.04988,9.05539,8.0,8.06226,7.07107,7.28011,5.09902,5.38516,4.47214,3.60555,3.60555,4.24264,3.60555,3.60555,4.12311,4.0,4.0,4.0,5.09902,5.09902,6.32456,6.32456,6.7082,6.7082,6.7082,7.61577,7.61577,7.61577,7.61577,8.544,8.544,8.544,8.544,8.544,8.544,8.544,8.544,8.24621,8.24621,9.21954,9.05539,9.05539,8.0,8.0,8.06226,8.06226,80.22468,79.00633,78.1025,75.0,75.00667,75.02666,65.00769,62.03225,57.00877,56.00893,55.0,50.03998,45.04442,43.10452,41.10961,38.83298,31.40064,35.44009,27.20294,25.4951,23.32381,23.34524,18.43909,20.0,22.84732,22.2036,24.5153,25.31798,25.01999,29.42788,29.15476,31.7805,34.52535,34.9285,38.07887,39.29377,41.4367,44.64303,44.64303,43.17407,48.50773,44.38468,49.0306,49.81967,49.0306,46.69047,48.25971,49.36598,48.25971,49.0408,50.03998,49.0408,49.0408,49.81967,47.38143,46.57252,48.10405,34.0147,40.04997,42.29657,44.72136,44.92215,45.88028,46.84015,48.8467,51.42956,48.33218,49.64877,55.47071,58.18075,58.66856,59.64059,62.20129,66.61081,64.2028,66.06815,67.26812,68.0147,66.6033,65.11528,68.68042,66.48308,67.17887,64.38167,67.89698,61.7171,65.76473,62.93648,61.52235,55.17246,58.0517,57.38467,55.9017,52.43091,51.97115,51.97115,50.60632,50.53712,48.10405,49.64877,49.24429,51.62364,53.33854,56.7186,56.00893,57.07889,58.21512,62.39391,66.09841,72.69113,72.99315,73.34848,78.08969,77.27872
13.0384,13.0384,12.20656,12.20656,10.81665,10.81665,9.43398,8.94427,8.94427,8.06226,7.61577,7.61577,6.32456,6.08276,5.09902,5.0,5.0,5.09902,5.38516,4.47214,4.47214,5.0,5.0,5.65685,5.65685,6.40312,6.7082,7.2111,6.7082,7.2111,8.06226,7.61577,8.06226,8.06226,8.94427,8.06226,8.94427,8.94427,9.43398,9.43398,9.43398,9.43398,9.43398,9.21954,9.21954,9.21954,9.21954,9.21954,9.21954,9.21954,8.60233,8.94427,80.91971,81.46779,72.91776,77.46612,74.8131,68.0147,64.38167,63.65532,59.46427,57.38467,54.81788,49.40648,46.2277,42.2019,41.40048,41.6173,34.48188,32.20248,31.38471,28.16026,28.16026,25.17936,21.2132,21.58703,22.84732,25.4951,24.20744,29.06888,26.24881,27.80288,35.4683,36.61967,32.75668,32.24903,42.48529,37.21559,40.31129,41.62932,44.72136,47.42362,46.51881,49.64877,43.909,50.60632,48.54894,53.25411,51.61395,48.25971,52.69725,49.40648,51.85557,51.85557,48.79549,49.51767,45.48626,50.60632,46.95743,38.20995,38.20995,38.41875,41.18252,41.14608,44.28318,46.09772,46.61545,51.62364,50.59644,51.41984,55.31727,53.93515,54.57105,61.84658,60.67125,65.62012,63.50591,61.66036,68.02941,66.0303,70.0,68.0,65.03076,62.39391,65.03076,67.02984,64.07027,62.0,62.0,58.00862,63.00794,57.00877,57.03508,55.14526,54.23099,54.33231,47.07441,48.27007,50.28916,51.26402,48.37355,49.73932,51.62364,48.60041,55.15433,51.85557,52.40229,56.72742,56.58622,60.60528,65.21503,65.19202,74.63243,77.33693,73.81734,75.71658
14.03567,13.0,13.0,12.04159,11.04536,10.04988,10.0,9.05539,9.0,9.0,8.0,7.07107,7.07107,6.08276,5.09902,5.38516,4.47214,4.47214,3.60555,4.24264,3.60555,3.60555,4.47214,4.12311,4.12311,5.0,6.0,6.08276,6.08276,6.08276,6.0,7.07107,7.07107,7.07107,8.06226,8.06226,8.06226,8.0,8.0,8.0,8.0,8.0,8.0,8.06226,8.0,8.06226,8.06226,8.06226,8.24621,8.544,8.544,8.06226,83.21658,86.14523,79.15807,72.0,78.00641,68.06614,68.00735,68.00735,61.0082,59.0,55.0,52.03845,48.09366,45.09989,42.42641,36.12478,37.48333,31.57531,31.38471,24.59675,25.94224,23.02173,26.24881,21.40093,20.59126,21.84033,22.56103,25.07987,29.01724,30.01666,27.16616,34.05877,33.24154,35.0571,35.44009,38.63936,40.60788,44.38468,39.05125,45.88028,45.35416,49.64877,46.52956,48.16638,49.49747,49.36598,48.37355,46.38965,49.0408,48.37355,48.16638,49.0102,50.15974,49.36598,46.87217,47.12749,47.53946,35.0571,40.11234,39.45884,41.48494,41.48494,45.88028,46.48656,46.48656,49.39636,49.1935,53.23533,55.4617,55.9464,57.3062,60.46487,63.24555,64.63745,63.82006,63.00794,65.43699,64.03124,70.83784,65.06919,64.38167,65.11528,68.62215,65.05382,65.11528,61.52235,61.55485,56.56854,59.4138,58.79626,58.25805,56.85068,53.60037,52.20153,48.02083,51.62364,51.42956,52.55473,48.70318,50.96077,54.74486,46.38965,49.16299,52.15362,55.44367,61.13101,62.39391,64.49806,65.62012,68.88396,72.36712,79.40403,83.60024,82.38932
13.60147,12.64911,12.64911,11.7047,11.40175,10.44031,10.44031,9.21954,9.21954,8.06226,7.28011,7.07107,7.0,6.0,6.08276,5.09902,5.38516,4.47214,4.47214,5.0,4.24264,5.0,5.0,5.83095,5.83095,5.38516,7.28011,6.32456,7.07107,7.07107,7.07107,8.06226,8.06226,8.06226,8.24621,9.21954,9.21954,9.21954,9.21954,9.21954,9.48683,9.21954,9.48683,9.48683,9.48683,8.94427,8.94427,8.94427,9.43398,8.60233,8.60233,9.21954,77.7946,80.65358,78.18568,78.92401,71.58911,72.23573,63.97656,63.52952,60.00833,57.27128,58.69412,48.8467,46.61545,44.38468,40.80441,38.07887,36.13862,32.24903,27.29469,29.15476,26.30589,25.96151,25.07987,21.63331,22.82542,24.08319,23.02173,26.62705,25.4951,28.79236,33.61547,34.48188,31.32092,37.36308,37.10795,39.29377,44.14748,41.97618,46.09772,47.80167,47.29693,46.87217,48.10405,48.38388,50.28916,54.08327,47.85394,50.92151,50.56679,54.12947,50.08992,50.11986,48.8774,51.31277,46.61545,45.27693,46.69047,38.8973,31.7805,37.12142,44.20407,43.41659,45.60702,47.50789,41.7732,45.27693,53.00943,51.40039,52.63079,55.17246,58.41233,60.60528,56.85948,57.98276,64.63745,64.40497,65.29931,58.30952,70.38466,60.92618,67.05222,63.60031,64.84597,57.24509,58.87274,56.46238,62.36185,58.5235,52.88667,60.53924,49.65884,53.53504,54.91812,48.76474,48.54894,48.01042,47.80167,48.27007,45.27693,51.66237,50.60632,49.73932,46.09772,53.31041,55.36244,58.18935,60.72891,61.40033,65.96969,67.44627,68.65858,73.00685,77.20104,79.47956
14.31782,13.34166,13.34166,12.36932,12.16553,10.19804,10.19804,10.19804,9.21954,8.06226,8.06226,7.0,7.0,6.0,6.08276,5.38516,5.38516,5.38516,4.47214,5.65685,4.24264,5.0,5.0,5.83095,6.32456,6.32456,7.28011,7.07107,7.07107,8.06226,8.06226,8.06226,8.06226,9.05539,9.21954,9.05539,9.05539,9.21954,9.21954,9.21954,9.21954,9.21954,9.48683,9.48683,9.48683,9.48683,9.48683,9.84886,9.43398,9.43398,8.60233,9.21954,84.89994,77.36924,78.58753,78.16009,77.83315,73.08215,68.94926,68.62215,62.62587,63.32456,57.28001,50.69517,50.96077,42.95346,45.35416,41.4367,37.65634,34.1321,31.0,30.41381,29.12044,24.04163,25.23886,23.43075,24.08319,27.80288,27.20294,29.20616,26.40076,34.53983,33.83785,37.69615,37.48333,39.62323,42.44997,42.72002,47.29693,45.35416,47.43416,49.24429,50.28916,47.12749,49.0408,50.0,51.92302,51.26402,53.48832,51.47815,49.1935,49.1935,57.70615,50.77401,54.20332,53.82379,48.9183,52.34501,47.80167,35.0571,39.20459,38.63936,43.65776,43.08132,43.46263,43.04649,47.01064,47.70744,51.31277,50.21952,51.61395,58.60034,56.0803,58.41233,60.10824,63.89053,60.82763,64.38167,66.06815,68.68042,67.62396,69.40461,65.0,63.00794,66.28725,66.57327,66.28725,59.90826,59.90826,58.60034,60.21628,58.24946,57.2014,56.0803,58.89822,53.2635,53.15073,52.3259,44.04543,49.40648,48.02083,51.10773,49.1935,47.42362,55.31727,53.93515,58.46366,60.40695,60.29925,61.81424,69.18092,75.53807,69.58448,77.10383,80.1561,81.61495
14.03567,13.0384,13.0384,11.04536,12.04159,10.19804,10.04988,10.04988,9.0,8.0,8.0,7.0,6.0,5.0,5.09902,4.47214,4.47214,3.60555,3.60555,3.60555,3.60555,4.12311,4.12311,4.12311,5.0,5.0,6.08276,6.08276,6.08276,7.07107,7.07107,8.06226,8.06226,8.06226,8.06226,9.05539,8.06226,9.05539,9.05539,8.06226,9.0,8.0,9.0,8.0,9.0,9.05539,9.21954,8.24621,8.24621,8.544,8.544,8.06226,84.14868,81.00617,80.05623,80.05623,76.02631,70.06426,69.02898,64.07027,58.69412,62.07254,59.21149,51.0,49.0102,45.01111,44.04543,37.48333,32.14032,32.01562,32.57299,30.46309,23.34524,26.92582,20.61553,21.26029,23.43075,25.29822,28.86174,23.76973,26.30589,30.0,30.14963,36.05551,35.51056,37.12142,41.59327,44.72136,42.2019,46.17359,47.04253,49.64877,46.52956,46.04346,46.17359,51.24451,52.00961,49.0408,48.04165,51.0098,49.0102,50.08992,49.09175,50.35871,49.81967,44.92215,49.47727,49.0408,47.41308,35.01428,39.20459,41.7732,40.5216,43.32436,43.65776,47.88528,51.89412,55.07268,46.95743,54.08327,56.0357,61.03278,56.30275,61.40033,61.22091,62.62587,60.959,67.26812,69.42622,64.3506,65.06919,62.93648,68.68042,65.76473,62.93648,63.78087,63.63961,63.65532,64.38167,63.12686,57.98276,56.56854,60.82763,58.69412,55.21775,54.67175,52.43091,49.64877,52.83938,49.76947,48.8467,50.92151,50.0,50.9902,58.85576,55.03635,59.00847,61.0,65.06919,65.27634,68.06614,69.35416,74.43118,75.53807,82.38932,82.38932
14.86607,14.21267,13.45362,12.80625,12.80625,12.04159,10.63015,10.63015,9.89949,9.89949,9.21954,7.81025,7.81025,7.2111,6.7082,5.83095,5.38516,5.38516,5.09902,5.0,5.0,5.09902,5.38516,5.38516,5.83095,5.83095,6.40312,7.2111,7.07107,7.81025,7.81025,7.81025,8.48528,7.81025,9.21954,8.48528,9.21954,9.21954,9.21954,9.21954,9.21954,10.0,10.0,9.43398,9.43398,9.43398,9.43398,8.94427,9.48683,9.48683,9.21954,9.05539,85.04117,85.91275,79.24645,79.51101,77.33693,73.40981,68.11755,72.00694,63.89053,62.00806,58.60034,49.67897,48.16638,43.86342,46.69047,39.59798,36.23534,29.83287,31.90611,30.41381,27.20294,29.61419,29.15476,26.01922,25.31798,24.69818,25.63201,27.29469,28.01785,33.01515,33.24154,35.38361,38.20995,37.53665,38.8973,39.62323,43.84062,47.63402,48.79549,50.20956,45.27693,50.44799,50.9902,53.75872,54.45181,49.51767,53.90733,50.20956,50.60632,52.00961,48.41487,52.43091,51.62364,52.80152,54.56189,52.20153,49.47727,35.4683,37.44329,35.35534,41.14608,44.28318,48.08326,44.59821,45.12206,46.84015,52.39275,49.36598,49.36598,56.56854,60.07495,59.03389,58.00862,62.00806,60.07495,67.00746,66.27217,64.19502,66.37017,62.514,64.49806,61.81424,69.35416,63.34824,62.96825,62.64982,62.514,54.33231,61.20457,60.40695,53.03772,52.08647,53.08484,50.03998,51.15662,51.47815,50.48762,49.72927,47.16991,54.23099,52.80152,49.09175,54.91812,54.40588,57.00877,60.20797,63.12686,66.52819,66.6033,74.41102,74.41102,79.81228,80.72174,83.63014
14.31782,13.41641,12.52996,12.52996,12.52996,10.29563,9.84886,9.84886,8.94427,8.544,8.544,7.28011,7.07107,6.08276,6.08276,6.0,5.09902,5.09902,5.09902,5.38516,5.0,5.0,5.65685,5.65685,6.40312,6.40312,7.2111,7.2111,7.61577,8.06226,8.06226,8.94427,8.94427,8.94427,8.94427,10.29563,9.43398,9.43398,9.43398,9.43398,9.43398,9.43398,9.43398,9.43398,10.0,9.21954,9.21954,9.21954,9.89949,9.21954,8.60233,9.43398,80.62258,79.47956,77.82031,79.20227,77.82031,71.11259,71.55418,63.06346,64.49806,58.66856,54.626,52.0,46.61545,45.69464,44.92215,40.26164,36.40055,33.95585,28.16026,31.0,25.31798,29.61419,24.35159,23.70654,23.32381,25.4951,29.83287,28.01785,29.41088,30.88689,36.35932,34.48188,37.57659,38.62642,41.14608,35.73514,40.49691,44.59821,47.01064,52.39275,49.98,51.0,52.39275,47.42362,48.75449,54.12947,50.24938,53.7122,51.10773,50.21952,52.43091,52.63079,51.62364,51.62364,50.9902,50.32892,46.87217,35.73514,34.9285,39.81206,39.11521,39.20459,43.27817,44.59821,44.55334,46.01087,49.51767,51.85557,52.63079,53.41348,55.75841,53.85165,59.40539,58.5235,63.52952,61.77378,60.37384,66.70832,61.7414,64.2573,63.90618,63.32456,61.09828,60.83584,60.40695,58.69412,56.85948,58.87274,52.55473,52.0,51.26402,52.39275,54.56189,51.31277,46.87217,46.40043,51.0392,45.34314,51.08816,44.82187,47.63402,46.04346,46.09772,50.9902,56.921,55.97321,60.16644,61.98387,67.44627,68.30813,75.43209,75.0,72.8011,79.69944
14.14214,13.34166,13.15295,12.36932,12.16553,11.18034,11.18034,9.05539,10.04988,9.05539,8.06226,8.0,7.0,6.08276,6.08276,6.32456,5.38516,5.38516,5.0,5.0,5.65685,5.0,5.83095,6.7082,6.32456,6.7082,7.28011,7.28011,8.24621,8.24621,8.24621,8.24621,9.21954,9.21954,9.21954,9.48683,9.21954,9.48683,9.21954,9.48683,9.48683,9.48683,9.84886,9.48683,9.84886,8.94427,9.84886,9.43398,9.43398,10.0,9.21954,8.48528,86.34813,77.36924,75.28612,75.69016,78.1089,65.78754,68.942,63.56886,62.62587,60.40695,55.97321,51.86521,47.12749,45.88028,45.12206,39.45884,37.12142,33.13608,28.0,27.29469,34.20526,26.0,20.80865,23.43075,24.83948,24.75884,30.23243,25.94224,26.92582,35.77709,36.40055,38.07887,34.48188,43.17407,39.62323,43.68066,44.72136,46.09772,44.01136,53.16014,53.14132,51.92302,47.80167,51.66237,54.42426,51.26402,49.24429,52.55473,50.9902,49.24429,52.69725,51.86521,52.15362,49.0408,48.27007,48.10405,46.8615,33.24154,34.71311,35.90265,37.69615,44.28318,40.80441,44.20407,43.60046,48.41487,46.01087,48.27007,52.49762,50.9902,53.74012,57.38467,57.38467,63.41136,60.80296,55.0,59.64059,61.85467,64.66065,66.7308,58.66856,60.03332,63.13478,64.4748,60.41523,59.94164,54.56189,60.37384,52.15362,55.75841,54.91812,54.91812,51.62364,49.81967,46.09772,47.38143,45.27693,46.09772,47.43416,49.92995,46.14109,49.64877,51.66237,52.81098,52.39275,57.28001,58.42089,58.0517,67.36468,71.70077,71.84706,71.44928,74.43118,81.61495
14.14214,13.15295,13.15295,12.16553,11.04536,11.18034,10.19804,9.21954,9.21954,8.24621,8.24621,7.61577,6.7082,6.32456,5.83095,5.0,5.65685,5.0,4.47214,4.47214,5.38516,5.09902,5.09902,6.0,6.0,6.0,7.07107,7.07107,8.06226,8.06226,8.24621,9.05539,9.05539,9.05539,10.04988,10.04988,10.04988,10.04988,10.04988,10.0,10.04988,10.0,10.0,10.0,10.0,10.04988,10.04988,9.21954,9.21954,9.48683,9.48683,8.94427,82.03658,84.71718,81.3941,75.80237,76.32169,75.32596,66.27217,66.27217,64.00781,61.29437,57.07013,53.75872,48.27007,46.69047,45.27693,41.0,38.83298,35.90265,30.08322,31.38471,26.1725,26.90725,25.94224,26.41969,26.92582,26.83282,30.14963,31.7805,33.06055,34.0,30.41381,34.9285,42.42641,40.4475,41.0,45.89118,48.83646,51.97115,51.78803,46.09772,58.0517,48.09366,52.34501,49.09175,51.08816,55.57877,54.23099,56.22277,50.01,53.0,53.00943,53.0,49.25444,51.1957,51.92302,48.38388,45.18849,34.1321,37.33631,39.0,39.31921,40.1995,42.2019,48.83646,46.17359,45.60702,49.39636,54.626,53.22593,59.09315,54.12947,52.83938,58.13777,62.17717,60.74537,64.66065,62.26556,63.89053,65.45991,66.70832,68.0147,65.79514,60.959,59.4138,58.79626,64.66065,59.46427,57.62812,57.2014,58.00862,53.82379,57.45433,49.39636,51.88449,49.09175,48.8774,46.23851,45.35416,46.57252,49.25444,51.35173,48.0,55.3263,53.33854,57.48913,56.04463,64.62971,65.30697,62.62587,68.15424,76.24303,80.60397,81.02469,86.68333
14.0,13.0,12.04159,11.04536,12.04159,10.04988,10.0,9.05539,9.0,8.0,7.0,7.0,6.08276,6.08276,5.09902,5.38516,4.47214,4.47214,3.60555,3.60555,4.47214,4.47214,4.12311,5.09902,5.09902,5.0,6.0,6.0,6.08276,7.0,7.07107,8.06226,8.0,8.0,8.0,9.0,8.0,9.0,9.0,8.06226,9.0,8.06226,9.05539,8.06226,8.24621,8.24621,8.24621,8.544,8.544,8.06226,8.06226,7.81025,81.88406,78.26238,79.62412,75.42546,74.52516,67.60178,70.17834,66.06815,62.96825,61.13101,57.31492,53.46027,53.75872,46.87217,44.91102,43.73786,34.78505,34.53983,26.83282,28.84441,28.28427,25.4951,24.41311,27.313,27.73085,25.29822,32.38827,31.01612,31.01612,32.06244,37.05401,37.33631,35.90265,39.29377,41.23106,44.14748,46.32494,48.27007,47.85394,49.0306,49.81967,50.21952,53.36666,50.80354,52.7731,52.34501,51.35173,56.22277,48.04165,52.00961,52.03845,51.15662,50.15974,52.46904,51.78803,48.70318,47.16991,32.24903,35.0571,38.0526,39.20459,42.29657,40.79216,44.14748,46.84015,48.10405,49.0408,52.92447,55.54278,55.9464,53.23533,58.59181,62.64982,58.83026,65.8635,62.43397,66.61081,61.85467,68.11755,64.66065,65.60488,66.6033,65.29931,67.20863,60.959,62.28965,58.25805,56.0803,57.2014,53.90733,56.22277,49.92995,51.62364,50.60632,51.47815,48.46648,48.10405,47.07441,51.41984,50.35871,50.08992,48.09366,58.13777,59.13544,53.33854,59.43904,57.07013,60.01666,75.96052,68.96376,76.68768,74.46476,80.52329,85.3815
13.34166,13.34166,12.16553,12.16553,10.19804,10.19804,9.21954,9.21954,8.24621,8.24621,7.28011,6.7082,6.7082,5.83095,6.40312,5.65685,5.65685,5.0,4.47214,5.38516,5.09902,5.09902,5.0,6.0,6.08276,7.07107,8.24621,7.07107,8.24621,8.24621,8.24621,9.21954,9.21954,9.21954,9.21954,9.21954,9.21954,9.21954,10.19804,10.04988,9.05539,10.04988,9.05539,10.04988,10.0,10.0,10.0,9.05539,9.05539,9.05539,9.21954,8.24621,82.73452,80.75271,84.71718,74.8131,72.56032,71.58911,69.37579,63.34824,60.53098,60.67125,55.44367,48.04165,52.08647,43.28972,45.01111,41.10961,40.4475,35.12834,28.63564,28.4605,29.68164,26.07681,28.01785,30.41381,26.40076,24.20744,27.73085,31.95309,29.73214,37.48333,34.36568,38.47077,40.79216,43.56604,45.09989,47.51842,45.17743,50.48762,50.80354,51.24451,48.83646,54.33231,53.93515,52.61179,52.95281,55.10898,53.60037,52.63079,55.08176,53.36666,53.75872,53.75872,48.75449,47.88528,52.35456,47.70744,46.40043,31.04835,32.28002,37.0,36.71512,39.82462,40.71855,42.72002,43.82921,43.01163,44.68781,48.16638,53.8145,50.93133,50.20956,54.48853,56.63921,60.82763,59.03389,57.62812,63.60031,60.21628,63.81222,64.07027,67.23095,65.51336,64.14047,60.53924,60.20797,57.3062,59.36329,57.3062,57.68882,53.0,57.42822,54.20332,47.01064,50.20956,46.69047,43.13931,47.20169,46.61545,42.19005,45.17743,49.24429,46.17359,45.60702,48.37355,47.16991,56.14268,62.00806,61.07373,68.00735,70.0,72.00694,77.02597,79.02531,82.21922
13.0,12.52996,12.52996,11.18034,11.18034,10.29563,10.29563,9.84886,8.544,7.61577,7.28011,6.32456,6.32456,6.08276,5.0,5.0,5.09902,4.12311,4.47214,5.0,5.0,5.0,5.65685,6.40312,5.83095,7.2111,6.7082,7.61577,8.06226,8.06226,8.94427,8.94427,8.94427,9.43398,9.43398,8.94427,10.29563,9.43398,9.43398,9.43398,9.43398,9.43398,10.0,9.21954,9.21954,9.21954,9.89949,9.21954,8.60233,8.60233,8.06226,8.06226,84.11896,83.00602,80.13114,76.32169,71.28113,71.84706,70.45566,66.28725,66.4003,58.60034,57.42822,54.20332,49.09175,49.09175,42.19005,41.59327,40.24922,34.78505,33.83785,27.29469,28.01785,29.15476,26.68333,28.16026,32.31099,28.84441,26.07681,33.01515,33.30165,31.89044,35.0,38.20995,38.83298,42.80187,47.43416,45.45327,47.63402,52.63079,51.40039,51.08816,52.63079,51.08816,55.97321,54.56189,52.3259,53.07542,50.93133,53.75872,51.08816,53.2635,52.20153,50.47772,49.64877,53.22593,50.32892,48.70318,45.12206,29.52965,30.01666,37.12142,34.98571,39.82462,36.79674,44.20407,43.86342,46.8615,41.88078,44.65423,52.49762,46.40043,57.80138,51.88449,60.82763,61.26989,59.94164,67.23095,62.24147,57.24509,64.28841,67.44627,62.96825,66.48308,57.87055,65.73431,59.90826,65.25335,64.49806,52.92447,56.30275,51.97115,44.92215,59.13544,52.3259,46.48656,48.02083,46.52956,47.01064,46.04346,45.34314,42.52058,51.62364,43.60046,47.16991,50.77401,54.20332,53.85165,56.36488,65.9242,60.16644,67.41662,68.42514,72.09022,74.84651,82.76473
12.64911,12.64911,12.64911,11.7047,10.77033,9.48683,9.84886,9.21954,8.24621,7.28011,7.28011,7.07107,6.08276,6.0,5.0,5.09902,4.47214,4.47214,5.0,5.0,4.24264,5.0,5.83095,5.83095,6.7082,6.32456,7.28011,7.28011,8.544,8.24621,8.544,8.544,9.48683,9.48683,9.48683,9.48683,9.48683,9.48683,9.84886,9.84886,9.84886,9.84886,8.94427,8.94427,9.43398,9.43398,8.60233,9.21954,9.21954,8.48528,8.48528,7.81025,81.59657,79.47956,78.1089,74.0,75.96052,68.54196,73.53911,72.09022,63.97656,62.39391,58.87274,53.14132,50.96077,43.01163,41.10961,40.02499,37.48333,34.23449,32.01562,29.27456,28.63564,26.4764,27.45906,29.0,28.42534,27.58623,33.01515,28.6007,32.44996,36.89173,34.88553,42.54409,41.23106,51.26402,47.01064,48.70318,49.0408,50.96077,50.0,53.16014,51.86521,53.7122,54.23099,56.82429,58.13777,55.9017,53.23533,55.56978,54.20332,52.15362,53.82379,54.20332,56.40035,50.60632,53.15073,51.40039,52.20153,27.20294,33.12099,35.51056,40.80441,38.20995,37.53665,41.6173,45.96738,41.01219,48.60041,48.41487,48.60041,54.08327,56.60389,57.14018,55.80323,59.9333,57.70615,64.84597,62.24147,63.15853,67.08204,63.56886,62.36185,67.44627,62.93648,61.68468,63.89053,61.13101,58.46366,57.93962,60.74537,59.48109,56.85948,53.48832,58.13777,45.65085,51.97115,49.92995,50.21952,47.50789,38.8973,44.68781,45.22168,46.04346,49.98,49.39636,51.62364,55.08176,58.82176,61.61169,69.12308,70.60453,67.08204,75.50497,84.17244,81.25269
14.14214,14.14214,13.0384,13.0384,11.04536,11.04536,11.04536,10.04988,9.05539,9.21954,8.24621,8.24621,7.28011,6.7082,6.7082,5.83095,5.65685,5.65685,5.0,5.83095,5.83095,5.38516,6.32456,6.08276,7.07107,7.07107,7.07107,8.0,8.0,8.0,9.0,9.0,9.0,9.0,10.0,10.0,10.0,10.04988,10.0,10.04988,10.04988,10.04988,10.04988,10.19804,10.19804,9.21954,9.48683,9.48683,9.48683,8.94427,8.94427,8.60233,80.0,85.02353,78.00641,78.23043,78.23043,69.18092,68.00735,67.02984,62.1289,57.03508,61.0,56.00893,51.0392,45.17743,45.01111,41.7732,38.63936,34.9285,30.08322,31.38471,31.62278,29.68164,28.3196,23.32381,30.80584,27.85678,30.67572,34.20526,31.40064,40.02499,37.48333,39.20459,38.20995,42.0,49.0408,46.04346,47.09565,52.03845,54.14795,53.15073,54.14795,51.78803,54.45181,53.00943,52.61179,55.9017,53.85165,54.12947,51.92302,50.92151,54.08327,52.39275,52.7731,53.23533,51.0,50.60632,48.27007,31.0,32.98485,34.71311,38.60052,41.78516,38.8973,38.48376,41.23106,44.28318,45.61798,49.39636,48.54894,52.69725,54.3783,54.6443,60.30755,57.00877,56.58622,61.55485,62.24147,64.53681,60.87693,64.38167,61.07373,58.89822,60.60528,59.5483,59.03389,56.72742,59.5483,56.40035,56.0803,54.81788,53.15073,51.08816,50.93133,47.50789,46.09772,46.32494,44.10215,41.59327,43.86342,43.9659,46.57252,45.70558,53.15073,50.08992,52.03845,56.0357,57.07889,61.29437,66.27217,69.2315,75.13322,72.83543,71.34424,78.51751
13.15295,13.0384,13.0384,12.16553,11.04536,10.04988,10.04988,9.05539,9.05539,8.0,8.0,7.0,6.08276,6.08276,5.09902,5.38516,4.47214,5.0,4.24264,4.24264,4.47214,4.47214,5.09902,5.09902,5.09902,6.08276,7.0,7.0,7.0,7.0,8.0,8.0,9.0,9.05539,9.05539,9.05539,9.05539,9.05539,9.21954,9.05539,9.21954,9.21954,9.21954,9.21954,8.544,8.544,8.94427,8.06226,8.94427,8.06226,8.60233,7.81025,84.00595,76.10519,79.02531,76.32169,82.05486,76.23647,67.36468,68.18358,58.30952,64.38167,59.03389,51.0,54.00926,45.01111,45.0,43.04649,36.34556,31.40064,33.10589,26.92582,27.20294,28.3196,26.1725,24.75884,27.73085,30.52868,27.85678,33.73426,31.257,37.65634,36.01389,45.04442,40.04997,44.04543,46.09772,49.0408,50.08992,50.03998,53.23533,57.0,53.00943,55.00909,53.08484,53.00943,57.42822,50.35871,51.47815,50.35871,56.08921,52.17279,54.45181,53.45091,51.92302,54.42426,51.0,53.85165,52.69725,31.95309,34.53983,35.44009,39.39543,38.47077,44.65423,41.34005,44.40721,48.27007,45.80393,50.32892,50.91169,54.48853,57.38467,60.81118,60.87693,65.19202,60.60528,64.66065,66.28725,68.00735,69.33974,66.85058,63.28507,64.66065,67.74216,67.1193,65.73431,58.83026,59.68249,57.45433,57.80138,56.0803,57.80138,55.44367,52.63079,46.69047,48.83646,45.25483,49.40648,46.87217,48.02083,51.47815,44.77723,50.59644,55.36244,55.31727,51.08816,54.0,59.00847,60.07495,67.06713,75.05998,70.02857,75.42546,82.0975,78.02564
13.60147,13.60147,13.60147,12.80625,12.20656,11.40175,10.81665,10.0,10.0,8.60233,8.60233,8.06226,6.7082,6.7082,6.32456,6.32456,6.08276,5.0,5.0,5.09902,5.09902,5.38516,5.38516,5.83095,6.40312,6.40312,7.07107,7.07107,7.81025,7.81025,7.81025,8.48528,9.21954,9.21954,9.21954,9.21954,9.89949,9.21954,9.21954,9.21954,9.21954,9.21954,9.21954,9.21954,8.60233,9.43398,9.43398,8.94427,8.94427,8.544,8.544,8.24621,85.91275,83.63014,81.8352,78.49204,73.75636,72.18033,71.50524,71.58911,67.89698,61.55485,60.20797,52.63079,54.20332,48.82622,47.20169,40.0,34.66987,37.21559,31.38471,27.85678,28.44293,29.83287,27.89265,27.89265,27.85678,33.61547,29.54657,31.38471,38.28838,37.64306,38.28838,36.76955,38.94868,44.68781,47.01064,50.32892,50.60632,48.27007,56.0803,50.9902,54.48853,50.9902,55.97321,53.2635,54.45181,53.07542,53.07542,55.31727,53.41348,55.60576,53.82379,54.91812,53.0,53.7122,50.60632,52.0,49.47727,30.0,31.40064,34.88553,35.34119,40.24922,39.92493,40.49691,43.17407,43.65776,49.39636,49.0306,50.21952,54.74486,60.40695,56.56854,56.4358,60.20797,59.00847,58.21512,67.06713,65.03076,68.06614,61.40033,62.00806,65.19202,61.20457,64.12488,61.40033,61.40033,60.07495,58.69412,58.30952,56.4358,52.03845,56.00893,53.0,51.35173,49.25444,45.89118,51.92302,48.50773,42.04759,43.65776,45.79301,45.48626,41.88078,46.40043,48.16638,56.40035,61.22091,61.03278,63.82006,69.06519,67.41662,79.32213,77.66595,80.44874
12.72792,12.72792,12.72792,12.04159,11.31371,10.63015,9.21954,9.21954,8.48528,7.81025,7.81025,6.40312,6.40312,5.83095,5.38516,5.09902,4.12311,4.0,4.0,4.47214,4.47214,5.0,5.0,5.83095,6.40312,5.65685,7.2111,7.81025,7.81025,8.60233,8.60233,8.60233,9.21954,9.21954,10.0,10.0,10.0,9.21954,9.89949,9.89949,9.89949,9.89949,9.89949,9.21954,9.21954,9.21954,9.21954,8.60233,9.43398,8.94427,8.94427,8.544,79.51101,79.98125,83.45058,79.30952,75.0733,69.52697,67.94115,67.20863,63.12686,59.81639,57.38467,52.34501,51.73973,46.01087,44.55334,36.35932,38.60052,32.64966,30.88689,30.41381,32.28002,26.4764,29.0,26.24881,27.85678,26.83282,29.15476,28.84441,32.44996,32.44996,35.60899,39.82462,40.36087,45.27693,41.7732,47.01064,47.42362,48.79549,55.97321,48.9183,48.79549,51.73973,56.22277,53.8145,53.2635,53.25411,55.21775,50.0,49.39636,48.25971,53.7122,51.88449,49.76947,52.0,52.49762,48.25971,46.69047,29.20616,32.44996,35.22783,43.01163,41.14608,41.18252,40.31129,43.46263,43.32436,48.08326,50.69517,50.96077,55.54278,57.27128,61.39218,58.69412,60.82763,61.81424,68.35934,66.18912,65.19202,67.02984,68.00735,70.17834,67.0,65.27634,65.76473,61.29437,66.18912,66.0303,62.07254,63.1981,57.14018,58.07753,54.08327,50.0,49.0408,49.16299,49.64877,45.70558,43.68066,44.94441,46.23851,46.52956,47.16991,47.01064,49.67897,51.73973,53.03772,57.62812,60.959,64.03124,64.81512,70.0,74.63243,76.27582,76.844
13.60147,12.20656,12.04159,11.40175,10.81665,10.0,9.21954,9.21954,8.48528,7.81025,7.07107,7.07107,6.40312,5.83095,5.0,4.47214,4.12311,4.12311,4.0,4.12311,4.12311,4.47214,5.0,5.0,5.65685,5.65685,7.07107,6.40312,7.81025,7.81025,8.60233,8.60233,8.60233,9.21954,9.21954,9.21954,9.21954,9.21954,9.21954,9.21954,9.89949,9.89949,9.89949,9.21954,9.21954,9.21954,8.60233,8.60233,8.60233,8.94427,8.544,7.28011,83.63014,79.20227,82.13404,76.6094,74.06079,72.67049,65.73431,67.41662,65.51336,60.74537,50.21952,49.20366,53.2635,47.63402,44.40721,40.45986,35.60899,34.05877,33.12099,28.6531,25.4951,26.24881,25.07987,21.2132,27.65863,26.57066,27.89265,33.54102,34.88553,30.88689,33.83785,37.44329,39.69887,40.31129,45.96738,47.38143,49.0408,49.51767,53.15073,47.50789,50.32892,49.0408,52.20153,55.60576,54.67175,50.21952,53.60037,56.0803,52.69725,49.24429,52.35456,50.11986,51.89412,49.39636,44.92215,47.53946,47.67599,29.15476,33.24154,36.40055,37.65634,38.07887,40.1995,43.56604,43.41659,44.40721,47.04253,53.03772,50.01,55.00909,59.4138,57.03508,62.20129,63.3877,57.42822,63.63961,66.75328,70.21396,71.58911,66.70832,64.84597,69.26038,66.48308,60.53924,63.90618,62.29767,66.48308,58.18935,62.29767,60.16644,57.27128,60.20797,57.27128,53.75872,47.85394,47.51842,46.04346,48.01042,44.18144,47.09565,47.07441,46.17359,46.48656,47.53946,53.7122,53.00943,58.60034,58.69412,63.25346,66.46804,64.38167,74.96666,79.20859,76.57676
13.0384,12.20656,12.20656,11.40175,11.40175,10.0,10.0,8.60233,8.60233,8.06226,7.2111,5.83095,5.38516,5.38516,4.12311,5.09902,4.0,4.0,4.12311,4.12311,3.60555,4.24264,4.24264,5.0,5.0,5.83095,6.32456,6.7082,6.7082,7.61577,7.61577,7.61577,8.06226,8.544,8.544,8.94427,8.94427,8.94427,8.94427,8.06226,8.94427,8.94427,8.94427,8.60233,8.60233,8.60233,9.21954,8.48528,8.48528,8.48528,7.81025,7.2111,83.09633,78.74643,80.72174,73.59348,72.83543,71.42129,71.42129,67.17887,61.52235,61.52235,53.74012,54.67175,54.56189,42.44997,41.86884,37.44329,34.20526,32.64966,29.06888,27.20294,23.76973,20.39608,23.34524,23.5372,22.56103,25.94224,25.23886,31.1127,28.28427,28.42534,29.41088,32.01562,36.61967,40.49691,34.0147,46.64762,45.27693,48.02083,49.39636,44.77723,48.54894,51.61395,47.20169,46.87217,53.82379,48.82622,51.73973,45.80393,50.32892,48.16638,54.67175,48.79549,50.93133,48.41487,46.04346,48.37355,43.38202,33.01515,33.12099,35.35534,42.05948,39.56008,38.60052,40.80441,43.41659,46.09772,52.17279,50.24938,48.83646,55.44367,59.68249,60.29925,60.07495,65.12296,63.00794,68.00735,70.0,70.02857,78.31347,70.11419,71.17584,74.43118,73.5527,66.91039,72.44308,65.37584,67.26812,66.61081,63.95311,62.1289,60.20797,59.21149,57.07889,56.00893,53.00943,56.0803,53.23533,49.49747,50.0,49.72927,51.47815,49.1935,46.09772,46.04346,48.60041,55.17246,56.63921,56.0803,67.20119,68.11755,66.8431,74.65253,79.20227,76.32169
11.6619,11.6619,11.6619,10.81665,10.81665,10.0,9.43398,8.60233,8.06226,7.2111,6.7082,6.7082,5.38516,5.38516,5.09902,4.12311,4.0,4.0,3.16228,3.16228,3.60555,3.60555,4.24264,3.60555,5.0,5.38516,5.38516,6.32456,6.32456,6.32456,6.32456,7.28011,7.61577,7.61577,7.61577,7.61577,8.544,8.06226,8.94427,7.61577,8.94427,8.06226,8.06226,8.06226,8.06226,8.06226,8.60233,7.81025,7.81025,7.07107,7.81025,7.2111,86.83317,84.29116,77.46612,77.07788,77.15569,68.62215,72.91776,68.68042,67.89698,60.30755,54.45181,55.9017,50.32892,48.27007,39.05125,40.80441,42.80187,35.77709,32.24903,28.63564,27.89265,22.56103,19.0263,23.02173,20.88061,26.41969,26.92582,24.83948,24.83948,26.90725,31.89044,33.01515,36.35932,34.98571,34.48188,37.58989,42.05948,46.14109,46.04346,45.79301,42.94182,47.50789,47.70744,49.39636,47.80167,48.25971,47.70744,52.63079,45.60702,48.60041,51.73973,51.62364,50.44799,49.67897,47.01064,44.65423,47.41308,32.64966,37.01351,38.01316,40.49691,40.31129,38.01316,43.68066,48.70318,49.72927,54.34151,49.81967,53.85165,58.94065,58.42089,66.48308,63.28507,62.28965,68.593,66.1211,67.1193,74.16873,74.33034,76.00658,71.11259,73.43705,71.44928,74.67262,73.5527,75.66373,67.26812,69.46222,66.1211,61.40033,65.49046,60.00833,55.00909,57.0,54.03702,53.33854,56.08921,51.66237,51.1957,50.69517,51.62364,51.0,44.41846,47.20169,51.61395,57.31492,60.30755,60.10824,64.66065,63.41136,65.29931,69.6563,74.63243,77.93587
13.60147,13.60147,12.36932,12.36932,11.40175,11.40175,10.44031,10.44031,9.21954,8.24621,8.24621,7.61577,7.61577,6.7082,5.38516,5.0,5.0,4.47214,4.24264,3.60555,3.60555,3.16228,3.0,4.0,4.0,4.12311,4.47214,4.47214,5.0,5.83095,5.83095,5.83095,6.40312,5.83095,7.2111,7.2111,7.2111,7.2111,7.2111,7.2111,7.61577,7.61577,7.2111,8.06226,7.61577,7.61577,7.61577,7.28011,7.28011,7.28011,7.07107,7.0,74.95332,83.74366,75.9276,77.46612,72.18033,71.70077,71.84706,69.35416,67.47592,60.01666,56.88585,56.88585,49.72927,50.21952,43.93177,42.95346,40.5216,36.68787,30.08322,28.63564,23.85372,23.02173,24.75884,18.43909,19.23538,20.24846,16.76305,26.07681,22.02272,25.4951,27.65863,27.85678,28.86174,30.08322,38.01316,34.88553,35.44009,38.27532,38.91015,39.44617,47.92703,46.95743,44.28318,42.72002,38.8973,45.69464,42.15448,48.10405,48.27007,44.38468,45.35416,44.91102,45.12206,44.18144,43.28972,43.10452,39.01282,32.01562,38.11824,37.21559,42.42641,43.93177,42.44997,43.9659,46.17359,49.0408,52.55473,49.39636,57.77543,58.60034,59.05929,60.82763,65.36819,62.76942,67.23095,67.95587,70.17834,71.61006,75.0,76.40026,72.62231,70.17834,69.02898,67.35726,67.35726,69.52697,66.70832,67.47592,61.7171,63.70243,60.60528,63.25346,59.81639,58.5235,52.83938,53.66563,53.7122,48.10405,49.0408,48.08326,51.5461,46.38965,50.01,50.01,54.23099,55.7315,57.70615,57.72348,62.29767,59.90826,68.00735,70.88018,72.42237,76.92204
13.0384,13.0384,12.04159,12.04159,11.04536,11.18034,10.04988,9.05539,9.05539,8.06226,8.06226,7.07107,6.0,6.0,5.0,5.0,4.12311,4.12311,3.16228,2.82843,2.82843,2.82843,2.23607,3.16228,3.0,4.0,4.12311,4.12311,5.09902,5.09902,5.38516,5.09902,6.32456,6.32456,6.32456,6.32456,6.08276,7.28011,7.07107,7.28011,7.07107,7.28011,7.07107,7.07107,7.07107,7.07107,7.0,7.0,7.07107,7.07107,7.07107,6.32456,86.37129,76.10519,82.29824,72.83543,72.36712,73.34848,68.35934,68.88396,59.84146,58.24946,54.58938,55.7315,50.9902,44.91102,42.95346,39.20459,39.45884,33.01515,33.13608,30.06659,25.07987,23.5372,23.76973,21.63331,18.35756,18.38478,19.41649,21.9545,15.23155,24.35159,21.18962,25.96151,27.01851,28.07134,30.0,34.23449,31.06445,37.12142,31.14482,40.31129,40.0,41.01219,42.04759,42.19005,41.01219,43.01163,43.18565,43.04649,44.28318,36.67424,39.62323,46.87217,42.57934,42.15448,42.2019,39.81206,39.11521,35.01428,34.52535,39.05125,41.78516,39.0,47.92703,46.23851,46.06517,49.64877,47.16991,54.20332,54.6443,57.68882,60.60528,65.60488,63.25346,67.62396,65.79514,69.35416,70.03571,70.76722,71.8401,73.75636,72.91776,73.87828,72.8011,74.20243,74.8131,68.41053,71.28113,71.61006,65.60488,62.68174,61.85467,62.80127,60.0,55.31727,56.58622,53.03772,53.2635,54.81788,51.86521,54.3783,50.53712,51.42956,46.23851,49.0408,51.66237,51.62364,53.46027,59.13544,63.00794,68.02941,66.0,68.06614,75.0,78.00641
12.20656,11.40175,11.40175,11.40175,11.40175,9.21954,9.21954,8.60233,7.81025,7.81025,7.81025,6.40312,6.40312,5.83095,4.47214,4.47214,4.12311,3.16228,3.0,4.0,3.16228,3.16228,3.60555,3.60555,2.82843,3.60555,4.12311,4.47214,4.47214,5.09902,5.38516,5.38516,6.32456,6.32456,6.32456,6.32456,6.32456,6.7082,6.32456,6.32456,7.61577,6.32456,7.61577,7.61577,6.7082,6.7082,7.2111,7.2111,6.40312,6.40312,7.07107,6.40312,79.20227,80.60397,76.2168,78.74643,74.65253,72.34639,75.0733,71.50524,63.65532,59.46427,57.31492,52.40229,52.63079,50.91169,44.20407,44.68781,42.2019,37.21559,30.88689,32.24903,26.92582,25.07987,25.31798,21.2132,22.2036,20.22375,17.72005,21.54066,17.80449,16.27882,22.62742,23.60085,24.69818,28.30194,27.313,31.7805,33.61547,36.24914,34.88553,37.64306,36.67424,35.77709,39.39543,41.14608,42.48529,44.72136,39.82462,41.14608,38.58756,39.35734,41.40048,41.40048,44.82187,39.62323,40.31129,38.18377,37.01351,32.52691,38.8973,38.60052,42.05948,43.38202,42.05948,45.17743,44.77723,52.39275,52.39275,54.08327,57.58472,64.51356,63.06346,64.56005,63.78871,68.88396,69.05071,69.2315,67.47592,74.06079,76.65507,74.10803,72.11103,76.02631,75.05998,75.00667,75.00667,74.06079,69.0,68.02941,67.02984,65.0,65.06919,62.03225,63.07139,58.21512,59.4138,51.97115,57.72348,56.32051,52.55473,52.81098,55.00909,49.24429,50.0,48.82622,54.20332,52.3259,59.39697,59.81639,61.40033,65.0,63.60031,72.20111,77.93587,76.6094
13.60147,13.60147,13.60147,12.20656,12.20656,12.20656,10.81665,10.81665,10.81665,9.43398,9.43398,8.60233,7.2111,7.2111,5.83095,6.40312,5.0,4.24264,4.24264,3.60555,3.60555,3.16228,3.16228,2.0,2.0,3.16228,3.60555,2.82843,4.24264,4.24264,4.24264,4.24264,4.47214,5.0,5.0,5.0,5.65685,5.83095,5.65685,6.40312,5.65685,6.40312,6.40312,5.65685,6.40312,6.40312,6.40312,6.40312,5.83095,5.83095,6.32456,6.32456,83.45058,82.75869,79.9062,78.56844,74.96666,75.9276,73.75636,74.02702,64.81512,68.41053,60.60528,60.44005,53.07542,50.44799,48.16638,40.36087,40.36087,43.13931,33.94113,26.90725,29.20616,28.84441,24.59675,21.54066,21.37756,19.0263,15.0333,20.61553,20.24846,16.64332,19.69772,18.60108,19.41649,22.02272,23.85372,27.78489,27.45906,30.80584,30.52868,34.48188,34.4093,32.64966,34.1321,32.20248,36.71512,37.21559,38.01316,37.20215,37.53665,39.82462,36.87818,39.59798,38.94868,37.53665,40.80441,37.73592,34.48188,34.71311,37.20215,38.60052,44.94441,41.18252,44.28318,45.69464,50.08992,49.39636,50.28916,54.40588,57.87055,56.04463,58.24088,62.36986,63.34824,67.68309,66.09841,72.83543,72.33948,73.17103,77.16217,74.06079,72.02777,75.10659,73.00685,68.00735,75.23962,69.06519,74.00676,69.02898,70.34913,70.17834,66.0,62.03225,65.12296,58.0,56.22277,53.46027,57.07013,56.08921,52.63079,57.58472,56.0803,52.20153,56.0803,53.85165,53.82379,59.03389,59.46427,62.24147,65.79514,68.11755,68.76772,72.62231,75.60423,81.3941
14.42221,13.0384,13.89244,12.80625,12.20656,11.40175,10.81665,10.81665,10.0,10.0,8.60233,8.60233,8.60233,7.2111,7.2111,6.7082,5.38516,5.38516,4.47214,4.12311,4.12311,4.0,4.0,4.0,3.16228,3.16228,3.60555,3.60555,3.60555,3.60555,3.60555,3.60555,4.47214,4.47214,4.47214,5.38516,5.83095,5.0,5.0,5.83095,5.83095,5.83095,5.83095,5.83095,5.83095,6.40312,6.40312,6.40312,6.40312,6.40312,6.40312,5.83095,82.34683,82.34683,81.43709,82.73452,80.06248,75.13322,74.30343,72.47068,66.24198,60.74537,59.36329,62.68174,57.14018,55.47071,46.06517,51.07837,45.27693,38.94868,37.57659,34.0,35.73514,27.29469,23.76973,22.2036,22.0,22.0,16.49242,18.97367,19.23538,16.12452,16.40122,19.84943,19.72308,20.12461,24.16609,22.13594,25.07987,28.79236,31.7805,29.73214,30.08322,33.95585,31.62278,30.67572,33.24154,33.24154,36.76955,37.69615,36.68787,35.35534,34.98571,38.01316,38.01316,37.44329,34.20526,36.23534,38.8973,34.48188,39.0,34.78505,40.71855,41.67733,44.65423,44.65423,49.20366,50.32892,50.32892,55.22681,57.31492,59.4138,62.24147,59.46427,62.24147,64.44377,62.62587,71.61006,69.89278,71.19691,75.80237,74.79305,75.29276,72.89719,76.66159,75.13322,72.44998,70.68239,69.83552,66.21178,69.857,66.85058,62.24147,63.06346,60.00833,59.05929,61.40033,59.07622,56.22277,55.80323,56.72742,53.8145,53.8145,53.90733,51.40039,52.63079,53.85165,58.59181,57.69749,60.08328,65.14599,66.12866,68.68042,71.47027,78.43469,80.05623
13.0384,13.0384,12.04159,12.16553,12.16553,11.04536,10.04988,10.04988,9.05539,9.05539,8.06226,8.06226,7.0,7.0,6.0,5.0,5.09902,5.09902,4.12311,4.12311,3.16228,3.60555,2.82843,2.82843,2.82843,3.16228,4.12311,3.0,4.0,4.0,4.0,5.0,5.0,5.09902,6.08276,6.08276,6.08276,6.08276,6.08276,6.08276,6.08276,7.07107,6.08276,7.07107,7.0,7.0,7.0,6.08276,6.08276,6.08276,6.32456,6.32456,83.02409,77.92946,84.34453,79.62412,77.27872,72.56721,68.65858,71.80529,63.34824,63.95311,57.28001,58.94065,54.40588,50.96077,50.63596,43.93177,42.57934,40.4475,38.47077,31.40064,31.14482,27.01851,27.29469,22.02272,21.84033,20.61553,15.26434,15.0,18.02776,18.43909,20.12461,21.18962,19.23538,20.39608,21.0238,24.08319,25.07987,25.17936,27.01851,28.01785,30.26549,28.28427,30.0,31.06445,35.01428,33.01515,34.0147,34.0147,36.0,34.05877,38.0526,33.37664,34.71311,34.9285,38.60052,34.78505,33.61547,34.23449,32.38827,36.13862,41.76123,41.78516,42.54409,41.14608,46.61545,50.11986,49.39636,50.60632,56.60389,60.03332,57.45433,61.22091,62.24147,65.94695,63.89053,67.26812,67.26812,72.91776,71.06335,68.62215,70.83784,71.40028,72.47068,71.40028,75.21303,72.20111,73.00685,64.40497,72.62231,68.60029,68.00735,66.06815,61.40033,58.72819,57.98276,58.72819,58.0517,58.13777,52.80152,57.14018,51.10773,57.80138,49.98,54.78138,55.02727,59.66574,56.7186,58.30952,62.1289,68.593,67.26812,71.25307,79.22752,81.30191
13.45362,13.45362,12.80625,12.80625,11.40175,10.81665,10.0,10.0,9.21954,9.21954,7.81025,7.81025,7.81025,7.07107,5.65685,5.65685,5.0,4.24264,3.60555,3.60555,3.60555,3.0,3.0,3.0,3.0,2.23607,3.16228,3.60555,4.24264,3.60555,4.24264,4.24264,4.24264,5.0,5.0,5.0,5.0,5.83095,5.0,5.0,6.40312,6.40312,5.65685,6.40312,6.40312,5.65685,5.65685,5.0,6.40312,5.83095,5.38516,5.38516,83.40863,83.00602,79.40403,79.32213,80.45496,73.78347,74.94665,71.02112,70.49113,63.13478,64.49806,59.07622,58.30952,53.25411,48.8774,48.01042,46.14109,38.27532,37.80212,35.0,30.80584,29.06888,26.1725,24.69818,21.26029,20.80865,16.15549,19.41649,18.02776,17.11724,15.23155,20.02498,17.46425,15.65248,18.86796,22.2036,23.02173,25.80698,26.90725,29.73214,29.83287,24.75884,31.89044,30.4795,30.41381,33.42155,34.05877,36.79674,32.80244,32.64966,36.61967,36.35932,34.88553,36.71512,35.8469,32.89377,34.23449,33.30165,34.65545,36.40055,36.71512,42.43819,40.31129,42.04759,41.23106,47.53946,51.62364,51.26402,54.12024,56.32051,60.72891,63.56099,64.7611,62.80127,68.26419,65.62012,66.18912,69.06519,73.02739,72.02777,73.00685,72.02777,75.10659,74.02702,73.17103,72.24957,71.02816,72.11103,69.06519,71.17584,63.1981,62.28965,62.00806,62.07254,62.0,59.4138,58.69412,54.74486,57.48913,54.34151,56.61272,53.75872,54.20332,55.4617,59.05929,59.68249,61.61169,66.70832,66.8431,65.43699,73.75636,74.24958,77.33693,81.68843
12.80625,12.80625,12.80625,12.04159,12.04159,10.63015,10.63015,9.89949,9.21954,9.21954,8.60233,7.81025,7.2111,7.2111,6.40312,5.83095,4.47214,4.47214,4.12311,3.16228,3.16228,3.0,3.16228,3.16228,3.16228,2.82843,3.60555,3.60555,3.60555,4.47214,4.47214,4.47214,5.38516,5.38516,5.38516,6.32456,6.32456,6.7082,6.7082,6.7082,6.7082,6.7082,6.7082,6.7082,6.7082,7.2111,6.40312,6.40312,6.40312,5.65685,6.40312,6.40312,84.29116,86.27862,79.24645,80.80842,80.62258,72.18033,74.96666,66.52819,64.38167,60.959,61.55485,54.56189,53.74012,51.73973,48.16638,43.84062,43.13931,36.06938,34.05877,32.64966,32.20248,28.6007,25.55386,23.70654,18.02776,18.43909,20.02498,20.09975,17.46425,16.76305,17.20465,19.41649,21.2132,21.40093,20.61553,22.67157,28.6007,28.6007,26.90725,29.83287,30.52868,35.0,35.4683,32.75668,33.42155,33.28663,35.0,35.4683,34.20526,32.55764,33.94113,36.12478,39.05125,34.82815,33.6006,33.61547,31.38471,33.61547,36.12478,41.03657,41.10961,44.68781,42.43819,44.94441,48.60041,48.54894,52.83938,50.11986,56.35601,56.35601,59.61543,60.41523,62.76942,65.19202,68.94926,67.35726,65.73431,68.24954,73.75636,74.95332,71.38627,74.67262,76.65507,70.85901,67.36468,72.69113,68.593,68.593,67.60178,66.48308,65.37584,65.27634,62.28965,66.09841,57.97413,55.36244,60.16644,53.75872,55.54278,52.39275,56.82429,53.53504,53.82379,53.00943,56.72742,60.82763,61.55485,59.03389,64.66065,63.89053,68.88396,72.8011,77.00649,82.41966
13.34166,12.36932,12.64911,12.36932,11.7047,10.44031,10.44031,9.48683,9.48683,8.24621,8.24621,7.28011,7.28011,6.08276,6.08276,5.0,4.0,4.0,4.0,4.12311,3.16228,3.60555,2.82843,2.82843,3.60555,3.16228,4.0,4.12311,4.0,5.0,5.0,5.0,6.0,6.08276,6.0,6.0,7.07107,6.0,7.0,7.0,7.07107,7.0,7.0,7.0,7.0,7.07107,7.07107,7.07107,7.07107,6.32456,6.32456,6.7082,79.69944,80.65358,76.89603,76.96753,78.79086,71.58911,74.46476,72.01389,67.97794,61.32699,59.61543,57.27128,53.7122,48.46648,47.01064,44.01136,40.49691,33.83785,36.13862,32.01562,31.40064,24.33105,19.0263,19.41649,20.39608,17.46425,16.64332,13.41641,19.10497,14.21267,19.84943,13.41641,22.47221,23.19483,24.73863,22.2036,24.18677,31.14482,32.38827,32.14032,33.37664,32.38827,33.54102,35.90265,32.98485,37.21559,37.85499,39.05125,35.90265,38.07887,37.36308,34.78505,37.69615,34.66987,36.67424,36.12478,35.0,36.40055,38.62642,38.48376,40.81666,48.37355,44.04543,45.0,48.27007,51.22499,53.07542,55.15433,56.72742,57.31492,60.959,58.69412,61.84658,64.53681,69.52697,66.70832,70.45566,69.33974,76.02631,74.33034,72.94518,70.21396,70.71068,72.47068,70.68239,70.66116,67.08204,69.77105,68.0,64.88451,67.1193,63.63175,64.00781,63.13478,57.42822,60.20797,57.14018,54.03702,57.28001,51.66237,56.0803,50.80354,54.40588,53.85165,54.56189,59.61543,62.16912,61.68468,63.60031,65.45991,72.53275,73.76313,75.69016,82.0061
13.41641,13.0,13.0,11.7047,11.7047,10.77033,10.77033,9.84886,9.84886,8.94427,8.06226,8.06226,6.7082,6.7082,5.83095,5.65685,5.0,4.24264,3.60555,3.60555,3.60555,3.16228,3.0,3.0,3.16228,3.16228,4.47214,4.24264,4.24264,5.0,5.0,5.65685,5.65685,6.40312,6.40312,7.07107,7.07107,7.07107,7.07107,7.07107,7.81025,7.81025,7.81025,7.81025,7.2111,7.2111,8.06226,8.06226,7.61577,7.61577,7.61577,7.28011,82.76473,80.95678,77.82031,76.47876,77.07788,69.857,67.62396,67.23095,65.55151,59.61543,56.79789,54.626,51.62364,51.07837,42.54409,42.04759,42.48529,34.43835,31.06445,27.20294,26.40076,22.62742,21.93171,19.84943,18.35756,18.97367,14.31782,17.11724,16.03122,16.49242,16.15549,20.80865,24.20744,19.10497,26.1725,23.34524,26.40076,31.1127,32.01562,32.52691,35.35534,37.48333,35.0,36.23534,36.76955,36.87818,37.48333,38.20995,37.53665,37.48333,38.41875,39.11521,37.73592,35.8469,36.23534,36.68787,36.40055,34.9285,33.52611,39.56008,41.59327,45.54119,44.04543,44.28318,46.09772,49.0408,52.03845,54.23099,56.32051,56.22277,58.54912,62.64982,63.50591,63.15061,67.26812,64.13267,67.68309,71.38627,74.73286,75.58439,73.37575,70.5762,72.23573,70.93659,73.73602,69.28925,69.64194,65.55151,67.06713,65.78754,65.19202,63.60031,62.0967,61.40033,59.90826,53.93515,55.9017,55.22681,55.14526,52.03845,53.03772,52.46904,56.51548,53.60037,53.75872,54.23099,60.37384,60.00833,63.50591,66.7308,68.7968,70.71068,73.43024,77.17513
13.45362,12.72792,12.04159,12.04159,10.63015,10.63015,9.89949,9.89949,9.21954,8.48528,8.48528,7.81025,6.40312,6.40312,5.0,5.0,4.47214,4.47214,3.16228,3.0,3.0,3.0,3.16228,2.23607,2.82843,4.24264,3.60555,4.47214,4.12311,4.47214,5.38516,5.38516,6.32456,6.32456,6.32456,6.32456,6.32456,6.32456,7.61577,6.32456,7.61577,7.61577,7.61577,7.61577,7.61577,7.2111,7.2111,7.2111,7.2111,7.81025,7.07107,7.07107,81.68843,72.83543,82.32861,76.38063,73.10951,68.68042,71.42129,68.62215,55.22681,58.69412,56.58622,58.13777,49.57822,44.55334,45.60702,40.60788,38.01316,28.6007,29.68164,26.41969,28.63564,22.84732,20.61553,18.43909,15.0,10.04988,14.76482,12.80625,12.08305,19.10497,18.68154,20.39608,17.46425,21.37756,24.08319,28.28427,28.07134,27.07397,32.01562,35.22783,33.24154,36.12478,33.13608,35.0571,36.01389,39.01282,35.69314,33.24154,38.83298,40.4475,39.56008,37.64306,38.32754,37.64306,36.76955,37.21559,36.05551,36.23534,37.16181,40.80441,42.72002,42.95346,48.50773,45.70558,49.25444,50.15974,48.09366,57.14018,55.03635,59.13544,57.00877,62.07254,62.07254,68.0,67.00746,73.24616,70.02857,72.11103,72.44308,72.69113,76.1643,77.10383,74.67262,73.97973,76.11833,72.00694,73.43705,68.46897,73.97973,68.35934,67.18631,70.25667,65.19202,62.03225,61.20457,58.13777,59.68249,56.4358,53.15073,58.24088,52.20153,56.64804,53.85165,54.20332,58.24946,58.25805,55.44367,58.69412,64.38167,67.20863,67.35726,72.34639,75.0,77.33693
11.40175,10.81665,11.40175,10.0,10.0,8.60233,8.60233,8.60233,7.81025,7.2111,6.40312,5.65685,5.65685,4.24264,4.24264,3.60555,2.82843,2.23607,2.23607,2.0,2.0,1.41421,1.41421,2.23607,2.23607,2.0,3.0,4.0,4.0,5.09902,5.0,5.0,6.0,6.0,6.08276,6.08276,7.0,6.0,6.0,7.0,7.0,7.0,7.0,7.0,7.0,7.07107,7.07107,7.07107,7.07107,6.32456,7.28011,6.32456,78.87332,73.4983,77.23341,73.81734,70.0,72.00694,62.00806,67.95587,60.46487,61.07373,50.80354,50.9902,48.08326,42.63801,42.52058,36.23534,34.65545,29.06888,26.90725,24.08319,20.80865,17.88854,16.15549,13.0384,11.7047,8.0,12.08305,11.40175,11.6619,13.0,12.36932,16.27882,18.11077,24.02082,24.33105,27.07397,24.02082,31.40064,32.24903,34.05877,31.0,35.0571,39.01282,39.20459,38.0,33.37664,41.01219,39.01282,37.01351,38.01316,36.12478,40.1995,41.04875,38.47077,39.29377,36.40055,35.77709,37.33631,43.04649,43.0,48.04165,46.27094,49.49747,48.50773,49.47727,53.60037,52.95281,56.61272,61.84658,64.7611,64.13267,68.88396,65.0,72.53275,69.64194,79.40403,73.68175,76.6942,80.32434,77.07788,75.96052,81.70679,77.25283,78.43469,81.70679,76.6942,79.84986,68.70953,75.27284,71.16881,68.35203,68.68042,71.47027,63.06346,64.62971,59.5399,58.21512,56.0357,55.03635,55.14526,58.30952,56.22277,52.95281,56.32051,61.32699,55.47071,58.5235,66.03787,64.07027,68.41053,63.25346,72.34639,77.23341,74.24958
13.0384,13.0,12.0,11.0,11.0,10.0,10.0,9.0,8.0,8.0,7.0,6.08276,6.0,6.0,5.0,4.12311,3.16228,3.16228,2.0,2.0,2.23607,1.0,1.0,0.0,1.0,1.41421,2.23607,2.0,3.0,4.12311,4.12311,4.0,5.09902,4.12311,5.09902,5.09902,5.09902,5.09902,6.08276,5.09902,6.32456,6.08276,6.08276,6.32456,6.32456,6.32456,6.32456,6.32456,5.83095,5.83095,5.83095,5.65685,76.29548,75.95393,70.71068,70.40597,67.47592,63.63961,62.64982,59.4138,55.3263,54.58938,50.63596,45.17743,47.09565,40.04997,40.0125,36.01389,34.1321,27.29469,27.0,21.0,16.49242,13.15295,12.08305,9.43398,6.40312,4.47214,7.0,8.06226,7.07107,11.18034,13.89244,17.46425,20.61553,23.08679,20.24846,23.70654,25.63201,29.06888,28.86174,32.31099,31.01612,31.7805,29.96665,31.7805,37.0,36.23534,39.92493,37.58989,37.57659,37.73592,36.71512,37.58989,38.27532,38.01316,34.4093,33.97058,36.06938,35.4683,41.40048,43.60046,42.43819,42.95346,47.41308,47.92703,51.07837,52.0,51.89412,55.00909,58.13777,59.61543,66.64083,65.39113,65.45991,69.07966,68.70953,68.70953,73.68175,75.96052,78.84795,73.37575,74.33034,72.11103,79.71198,75.58439,77.62087,73.24616,76.15773,72.73239,72.11103,68.68042,70.83784,68.94926,66.12866,63.50591,63.28507,57.42822,58.24946,61.7171,57.28001,56.58622,55.80323,53.60037,53.33854,53.0,55.9464,56.0803,57.56735,59.66574,60.82763,66.09841,62.96825,70.5762,74.1485,72.33948
10.0,10.0,10.0,9.21954,8.60233,7.2111,7.2111,7.2111,5.83095,5.83095,4.47214,4.47214,4.47214,3.60555,3.16228,2.23607,1.41421,1.0,1.0,0.0,1.0,1.0,1.41421,1.41421,2.82843,3.16228,3.60555,3.60555,4.47214,4.47214,5.0,5.83095,5.83095,5.83095,6.7082,6.7082,6.7082,6.7082,6.7082,6.7082,7.61577,7.61577,6.7082,6.7082,7.61577,7.2111,8.06226,7.2111,7.2111,7.2111,7.81025,7.07107,73.60027,71.28113,68.00735,66.85058,64.66065,61.03278,62.00806,55.31727,52.20153,48.82622,43.26662,41.03657,36.12478,37.80212,31.241,29.69848,28.3196,21.26029,19.20937,22.02272,15.0,11.6619,6.40312,4.47214,2.23607,5.0,5.65685,7.2111,7.07107,13.45362,16.27882,20.0,20.51828,24.04163,26.24881,26.1725,27.80288,31.241,33.97058,34.65545,40.36087,36.79674,35.35534,35.38361,40.36087,38.20995,39.59798,41.01219,40.31129,38.94868,40.45986,39.82462,38.27532,37.80212,37.73592,39.82462,36.67424,39.92493,42.95346,48.02083,46.64762,50.47772,47.50789,51.40039,49.67897,54.81788,58.25805,58.25805,60.20797,62.80127,66.21933,70.43437,70.43437,70.43437,76.57676,75.9276,77.83315,80.61017,84.85281,84.29116,86.31338,84.8646,82.32861,79.98125,82.07314,82.46211,79.81228,76.6942,74.4043,75.28612,69.02898,75.16648,67.95587,71.11962,67.62396,65.9242,62.93648,57.00877,58.69412,60.40695,57.55867,55.22681,52.46904,53.15073,56.4358,58.24946,59.80803,60.53924,66.24198,62.6099,68.26419,65.21503,71.02112,72.42237
9.21954,8.48528,9.21954,8.48528,7.81025,7.07107,6.40312,6.40312,5.0,5.0,4.24264,3.60555,3.60555,2.23607,2.23607,1.41421,0.0,0.0,0.0,1.0,1.41421,1.41421,2.23607,2.23607,3.16228,3.16228,4.12311,4.12311,4.12311,5.09902,5.09902,6.08276,6.08276,6.08276,7.07107,6.08276,7.07107,7.07107,7.07107,7.07107,7.07107,7.07107,7.07107,7.07107,7.07107,7.07107,7.07107,7.28011,6.32456,6.32456,6.7082,6.7082,57.68882,51.85557,54.81788,51.22499,48.82622,45.60702,48.27007,44.04543,38.18377,33.94113,29.73214,28.3196,28.3196,27.01851,20.0,16.64332,16.12452,10.29563,11.6619,4.47214,6.7082,2.23607,5.0,2.23607,13.45362,12.52996,13.45362,15.23155,22.47221,21.0238,25.05993,28.63564,30.41381,31.7805,31.01612,31.7805,37.69615,35.4683,39.56008,37.94733,38.07887,41.76123,44.92215,40.31129,39.21734,42.54409,42.37924,40.8534,42.04759,42.15448,45.18849,42.15448,42.54409,39.82462,39.44617,39.66106,41.40048,45.80393,43.04649,50.24938,51.88449,53.22593,50.69517,56.46238,59.5063,58.69412,62.6099,65.30697,64.40497,68.88396,72.47068,73.82412,73.40981,79.30952,75.15318,79.60528,81.5414,86.31338,87.23531,82.34683,84.30896,82.07923,83.24062,83.25863,84.97058,75.13322,81.88406,77.02597,75.29276,70.3278,69.06519,68.00735,61.55485,65.11528,58.13777,54.6443,57.2014,54.6443,52.35456,55.47071,55.71355,39.56008,50.21952,44.40721,44.18144,47.01064,45.89118,47.07441,45.69464,49.98,51.0,56.93856,55.22681,55.75841
9.89949,9.21954,9.21954,7.81025,7.81025,6.40312,6.40312,6.40312,6.40312,5.83095,5.0,3.60555,3.60555,3.60555,2.23607,2.23607,1.41421,1.0,1.0,0.0,1.0,1.41421,1.41421,2.23607,2.82843,2.82843,3.60555,3.60555,4.47214,5.38516,5.0,5.0,5.83095,5.0,5.83095,6.7082,5.83095,5.83095,5.83095,6.40312,6.7082,6.7082,7.2111,6.7082,7.2111,7.2111,6.40312,6.40312,6.40312,6.40312,6.40312,6.40312,57.38467,57.62812,53.2635,49.20366,50.77401,51.40039,43.82921,43.41659,40.22437,37.20215,36.23534,34.43835,26.92582,25.07987,25.05993,17.0,18.68154,17.46425,11.6619,5.09902,10.04988,6.7082,4.24264,2.82843,8.60233,13.45362,10.81665,21.09502,15.0,16.64332,22.56103,21.84033,28.79236,30.08322,31.95309,30.46309,33.61547,40.49691,36.40055,39.84972,36.40055,39.84972,41.23106,43.08132,42.72002,37.94733,41.10961,47.75982,44.27189,44.92215,43.46263,41.4367,40.71855,41.59327,42.94182,41.88078,37.73592,43.04649,47.42362,49.57822,51.62364,56.63921,55.15433,56.63921,60.82763,60.10824,62.96825,70.03571,70.72482,70.00714,77.10383,75.74299,75.28612,79.64923,75.74299,84.29116,84.38602,82.32861,86.55634,84.50444,90.13878,86.83317,85.04117,84.29116,84.21995,78.56844,79.39773,81.56592,75.0733,74.96666,66.48308,76.2168,66.21933,61.85467,58.66856,58.59181,57.87055,49.65884,50.59644,49.64877,48.25971,44.18144,42.42641,43.73786,44.72136,45.18849,44.38468,42.19005,43.82921,45.80393,46.09772,50.20956,59.39697,53.75872
10.44031,10.19804,9.21954,9.21954,8.24621,8.06226,8.06226,7.07107,7.07107,6.08276,6.0,6.0,5.0,5.0,4.0,4.0,3.0,2.0,2.23607,1.0,0.0,0.0,0.0,1.41421,1.0,1.0,2.0,3.16228,3.0,3.0,4.0,4.12311,5.09902,5.0,5.09902,5.09902,5.09902,6.08276,6.08276,6.08276,6.08276,6.08276,7.07107,6.08276,6.08276,6.08276,6.0,6.0,7.0,6.0,6.08276,6.08276,62.96825,60.53924,61.32699,62.6099,58.60034,55.02727,54.42426,50.56679,47.42362,48.38388,42.05948,41.76123,36.40055,33.52611,34.52535,30.41381,29.12044,24.08319,23.19483,19.41649,16.12452,13.0384,10.04988,5.83095,3.0,2.23607,2.0,8.0,8.0,12.04159,17.46425,18.11077,20.02498,20.09975,25.01999,25.0,29.42788,30.06659,34.1321,36.05551,35.0,39.31921,36.12478,38.47077,42.42641,40.04997,40.11234,43.28972,41.01219,41.19466,41.10961,41.01219,42.0,41.04875,40.04997,42.42641,40.02499,46.8615,50.32892,54.48853,52.63079,58.13777,58.00862,57.14018,57.68882,61.29437,62.80127,67.42403,67.95587,71.28113,73.81734,75.0,76.6094,81.40025,77.10383,81.02469,82.92768,81.60882,84.87638,84.20214,81.02469,82.80097,82.0061,83.73769,81.60882,78.87332,80.1561,73.87828,69.42622,67.20863,70.83784,66.8431,65.0,55.47071,56.40035,52.7731,53.31041,51.86521,45.54119,48.50773,47.04253,43.01163,48.50773,41.19466,43.9659,42.54409,41.67733,36.76955,48.27007,48.10405,45.80393,50.21952,53.85165,58.5235
11.18034,11.18034,10.19804,10.19804,9.21954,9.48683,9.48683,8.24621,8.24621,7.28011,7.28011,6.32456,6.32456,5.09902,4.12311,4.12311,3.16228,2.0,3.0,2.0,2.0,2.23607,1.41421,1.41421,1.0,2.0,3.16228,3.16228,3.60555,4.47214,4.47214,5.38516,5.38516,5.38516,6.7082,6.7082,6.7082,6.7082,6.7082,6.7082,7.2111,8.06226,6.7082,7.2111,7.2111,7.2111,7.2111,7.2111,7.2111,7.2111,7.07107,7.07107,60.63827,73.5459,66.94027,63.34824,61.13101,61.68468,56.30275,57.28001,52.20153,53.75872,44.38468,45.69464,43.38202,45.69464,37.57659,34.9285,34.0,27.29469,27.45906,27.313,19.41649,14.86607,12.52996,6.40312,5.65685,5.38516,4.12311,1.41421,9.05539,12.08305,14.31782,17.46425,13.41641,19.64688,31.76476,22.82542,28.63564,29.54657,31.38471,31.38471,35.51056,35.35534,36.23534,36.71512,36.71512,42.72002,42.43819,40.70626,43.56604,46.14109,44.94441,43.82921,43.27817,40.80441,43.86342,37.20215,39.59798,45.12206,47.75982,47.80167,53.22593,57.27128,58.18075,59.48109,64.40497,60.92618,64.88451,68.42514,67.97794,72.44998,73.82412,77.07788,77.62087,81.5414,79.84986,86.03488,84.58132,84.97058,86.53901,85.61542,85.61542,82.28001,86.12781,76.53757,78.44743,79.69944,80.00625,72.27724,72.78049,75.50497,64.77654,70.02857,63.1981,63.07139,58.03447,55.7315,47.80167,50.69517,49.0408,47.85394,44.41846,38.41875,41.7732,42.0119,39.44617,41.23106,45.12206,44.91102,45.04442,48.0,50.24938,58.30952,61.40033,61.81424
12.16553,12.16553,12.16553,11.18034,10.04988,10.04988,9.05539,9.05539,9.05539,8.0,7.07107,7.0,7.0,6.0,5.0,4.0,4.0,3.0,3.16228,2.23607,1.41421,2.23607,1.0,1.0,2.0,2.23607,2.82843,2.82843,2.82843,4.24264,4.24264,4.24264,5.0,5.65685,6.40312,6.40312,6.40312,6.40312,6.40312,6.40312,7.07107,7.81025,7.07107,7.2111,7.81025,7.81025,7.81025,7.2111,7.2111,6.7082,6.7082,6.7082,75.28612,64.03124,65.96969,68.41053,66.09841,61.39218,60.16644,56.88585,54.58938,52.15362,50.15974,47.26521,44.0,42.04759,36.05551,36.22154,34.05877,30.0,25.17936,23.02173,19.0263,17.02939,14.0,11.04536,5.09902,5.83095,5.09902,2.82843,7.81025,8.60233,10.81665,17.02939,17.20465,21.93171,22.2036,27.80288,23.02173,29.41088,29.20616,34.98571,34.82815,36.23534,33.83785,37.21559,36.89173,35.60899,39.69887,38.27532,38.83298,36.40055,39.40812,41.04875,39.44617,35.51056,42.72002,39.35734,38.27532,48.27007,52.80152,57.14018,53.0,56.60389,55.47071,57.45433,62.64982,64.49806,63.63175,66.57327,70.49113,74.62573,76.27582,72.67049,79.40403,80.45496,79.88116,78.49204,84.05355,80.77747,85.70298,87.20092,83.81527,81.60882,81.05554,78.87332,80.60397,76.6942,71.58911,71.42129,68.0147,68.68042,65.94695,66.21933,58.82176,54.70832,52.83938,51.26402,50.0,43.9659,43.28972,41.0,41.4367,37.85499,34.48188,39.35734,39.66106,43.18565,40.36087,46.61545,52.35456,53.85165,52.20153,57.24509,58.18935,59.77458
12.80625,12.20656,12.20656,11.40175,11.40175,10.81665,9.43398,9.43398,9.43398,8.06226,7.81025,7.2111,6.40312,5.83095,5.83095,4.47214,3.60555,3.60555,2.82843,2.23607,1.41421,1.41421,1.0,1.0,0.0,1.0,2.0,3.0,3.0,4.0,4.0,4.12311,5.0,5.09902,5.0,6.0,6.08276,6.08276,6.08276,6.08276,7.07107,7.07107,7.07107,7.07107,7.07107,7.07107,7.07107,6.32456,6.32456,6.32456,6.32456,6.7082,71.61006,72.42237,67.95587,66.85058,69.06519,64.89992,66.57327,59.90826,54.20332,51.10773,51.97115,47.88528,48.37355,38.91015,38.27532,37.57659,35.34119,25.96151,26.57066,21.37756,18.60108,16.40122,12.04159,6.08276,5.0,2.82843,5.38516,7.0,11.04536,10.04988,11.40175,19.23538,19.0263,21.0238,23.19483,26.92582,30.01666,27.01851,32.06244,28.28427,32.01562,28.0,38.0526,37.05401,41.4367,35.12834,38.0,43.41659,37.21559,38.47077,38.20995,40.1995,39.81206,42.57934,38.62642,36.40055,36.05551,46.64762,51.62364,53.66563,57.24509,59.5063,58.18075,62.39391,62.76942,62.62587,69.35416,69.46222,69.07966,72.8011,75.02666,75.6439,78.1089,80.23092,86.00581,81.02469,83.7735,81.5414,87.09191,81.15417,79.20227,80.77747,80.11242,77.07788,80.05623,73.79024,71.58911,71.58911,68.47627,65.73431,62.68174,60.959,54.67175,52.3259,48.27007,47.43416,46.32494,43.08132,45.17743,41.48494,45.09989,35.12834,39.11521,36.87818,40.31129,43.56604,46.87217,44.82187,51.40039,53.07542,55.31727,58.41233,66.28725,66.4003
13.41641,13.0384,12.52996,12.52996,11.6619,10.29563,10.81665,9.43398,9.43398,8.60233,8.06226,7.2111,6.40312,5.83095,5.0,5.0,4.24264,3.60555,2.82843,2.23607,1.41421,1.41421,1.0,1.41421,1.0,1.0,2.23607,3.16228,3.16228,3.60555,4.47214,4.47214,4.47214,4.47214,5.38516,5.83095,5.83095,5.83095,6.7082,6.7082,6.32456,6.7082,6.32456,5.38516,6.32456,6.32456,6.32456,7.07107,6.08276,6.08276,6.0,6.0,77.41447,73.06162,74.88658,67.60178,69.97142,62.26556,64.88451,63.81222,59.09315,55.75841,52.83938,51.62364,44.20407,41.67733,38.27532,34.66987,31.1127,27.65863,23.43075,20.51828,21.63331,13.0384,9.21954,3.60555,5.83095,2.0,3.60555,7.07107,7.07107,8.48528,9.48683,16.64332,20.61553,23.60085,19.41649,22.82542,25.6125,32.24903,29.41088,30.4795,29.69848,29.15476,37.44329,39.40812,37.21559,33.42155,38.27532,37.73592,36.24914,37.57659,34.98571,38.07887,39.35734,38.07887,37.33631,35.69314,36.67424,49.64877,51.62364,53.23533,59.5063,57.27128,62.76942,59.46427,62.39391,65.14599,64.84597,67.06713,64.19502,75.28612,76.55064,77.7946,79.40403,81.60882,82.86133,82.86133,86.02325,84.48077,82.86133,82.56513,79.40403,78.64477,78.16009,77.49194,74.63243,73.37575,71.16881,69.46222,61.84658,65.39113,61.7414,59.94164,53.0,55.75841,50.60632,45.34314,46.69047,43.01163,42.94182,41.14608,43.41659,41.23106,40.0125,43.01163,47.51842,47.75982,46.84015,56.0803,54.12947,62.76942,61.26989,66.37017,72.40166,72.71864
10.04988,10.04988,9.05539,9.05539,8.06226,8.06226,7.07107,7.07107,6.08276,5.09902,5.38516,4.12311,4.12311,3.16228,2.23607,2.23607,1.41421,1.41421,1.0,1.0,1.41421,1.41421,2.23607,2.23607,2.23607,3.16228,4.12311,4.12311,5.09902,5.09902,5.09902,6.08276,6.08276,6.08276,7.07107,7.07107,7.07107,6.08276,7.07107,7.07107,7.07107,7.28011,6.08276,7.28011,7.07107,7.28011,7.28011,6.32456,7.28011,6.7082,6.7082,6.7082,67.0,69.00725,64.03124,61.0082,59.07622,57.07889,57.03508,51.08816,45.27693,44.01136,41.04875,37.33631,34.36568,33.24154,28.16026,25.17936,22.2036,20.39608,17.08801,14.14214,7.07107,7.81025,5.38516,3.0,6.08276,8.94427,8.60233,10.81665,13.60147,15.52417,21.2132,25.4951,23.08679,23.19483,30.0,24.02082,28.07134,28.07134,33.0,36.34556,32.38827,36.12478,34.71311,33.37664,37.33631,33.13608,35.01428,37.21559,33.13608,38.20995,37.48333,40.02499,38.20995,34.48188,34.20526,36.67424,34.43835,50.01,51.78803,57.42822,56.32051,60.07495,59.03389,59.21149,64.19502,67.0,67.06713,71.06335,73.24616,76.10519,77.16217,80.1561,80.30567,83.0542,84.14868,84.21401,86.20905,87.09191,87.46428,85.47514,79.76215,79.76215,82.60751,79.76215,77.52419,74.54529,72.06247,67.00746,66.00758,68.11755,60.03332,60.53098,58.69412,51.66237,48.76474,47.80167,48.75449,46.14109,47.80167,43.60046,43.41659,41.6173,43.82921,46.95743,41.4367,47.43416,49.64877,55.57877,52.61179,56.0357,60.03332,65.03076,65.00769,65.06919
10.44031,9.84886,9.84886,8.94427,8.544,7.61577,7.61577,6.7082,5.83095,5.83095,5.83095,5.0,3.60555,2.82843,2.82843,2.82843,2.23607,1.41421,2.0,1.0,1.41421,2.23607,2.23607,2.0,3.16228,3.0,4.0,4.0,5.0,4.0,5.0,5.09902,5.09902,6.0,5.09902,6.08276,5.09902,6.0,6.0,6.0,6.0,6.08276,6.0,6.0,6.0,6.08276,6.08276,6.08276,6.08276,6.32456,5.09902,5.38516,63.56886,65.14599,59.77458,59.13544,56.64804,48.10405,52.39275,45.31004,46.8188,38.48376,39.0,33.12099,33.54102,29.06888,24.69818,23.25941,23.02173,13.89244,13.60147,9.21954,8.06226,6.08276,2.23607,6.40312,7.07107,8.24621,10.19804,15.13275,18.02776,18.24829,20.39608,21.58703,25.96151,23.08679,27.89265,30.59412,31.62278,36.40055,38.8973,34.48188,37.36308,34.9285,36.67424,35.90265,38.63936,40.02499,34.9285,39.05125,39.45884,36.49658,35.51056,33.13608,35.0571,39.0,33.01515,34.52535,31.57531,53.53504,50.60632,60.41523,55.00909,63.69458,61.03278,63.32456,64.51356,67.06713,70.88018,73.00685,73.4983,79.81228,76.92204,77.88453,80.77747,82.96987,87.64131,81.49233,86.58522,83.9345,87.5557,86.12781,85.90693,83.36066,80.60397,71.80529,75.9276,74.72617,72.53275,68.96376,64.84597,61.84658,60.41523,59.03389,53.7122,54.3783,53.82379,46.04346,45.96738,37.64306,45.22168,43.41659,45.69464,42.72002,46.09772,44.04543,47.16991,46.52956,47.85394,50.9902,51.97115,55.36244,59.46427,60.08328,56.61272,63.90618
9.05539,8.06226,8.0,7.0,7.0,6.0,6.0,5.09902,5.09902,4.12311,4.12311,3.16228,2.82843,2.23607,2.23607,2.23607,2.23607,2.23607,2.23607,2.82843,2.82843,2.82843,4.24264,3.60555,4.47214,5.0,5.0,6.7082,5.83095,5.83095,6.7082,6.7082,6.7082,6.7082,7.2111,7.2111,7.2111,7.2111,7.2111,7.2111,7.2111,6.40312,7.2111,6.40312,6.40312,6.40312,6.40312,7.07107,7.07107,6.40312,6.40312,5.83095,30.41381,26.4764,27.89265,24.5153,22.36068,21.37756,21.37756,20.09975,17.46425,17.11724,15.0,12.0,13.0384,12.16553,7.61577,8.24621,7.28011,5.65685,6.40312,5.09902,5.09902,5.83095,6.08276,7.81025,8.48528,7.81025,10.63015,11.40175,13.45362,14.21267,13.0384,17.20465,15.26434,17.0,16.12452,16.64332,20.24846,19.72308,20.0,20.0,20.0,20.0,20.80865,20.24846,21.63331,20.0,20.0,19.20937,19.79899,19.20937,19.10497,19.79899,17.69181,17.80449,17.20465,18.60108,18.86796,28.16026,29.27456,29.27456,31.06445,31.01612,33.01515,33.01515,34.0147,35.12834,35.0571,38.20995,39.20459,37.21559,39.62323,41.19466,41.30375,40.4475,40.79216,42.42641,43.73786,42.75512,40.60788,41.97618,40.79216,41.48494,40.02499,39.05125,39.05125,34.36568,34.71311,32.38827,30.26549,28.16026,29.15476,26.0,25.01999,23.08679,22.36068,20.61553,22.84732,20.61553,19.72308,20.80865,18.43909,17.69181,20.24846,19.41649,20.59126,22.47221,23.08679,23.76973,24.5153,25.4951,24.5153,26.1725,28.44293,29.27456
7.81025,7.07107,7.07107,6.40312,5.0,5.0,5.0,4.47214,4.12311,3.16228,3.0,3.0,2.23607,2.23607,2.82843,2.82843,3.16228,3.16228,3.0,3.0,4.0,4.0,5.0,5.09902,5.09902,6.08276,6.32456,7.28011,7.28011,7.28011,7.28011,7.28011,7.28011,8.24621,8.24621,7.28011,8.24621,7.28011,8.24621,7.28011,7.07107,7.07107,7.28011,7.07107,7.07107,7.07107,7.0,7.0,7.07107,6.0,7.07107,6.08276,57.45433,45.79301,52.15362,44.94441,43.01163,39.40812,39.40812,37.64306,30.0,29.20616,23.34524,24.20744,21.09502,17.20465,14.76482,14.14214,8.06226,11.18034,10.63015,13.0384,11.6619,11.40175,17.26268,19.31321,18.11077,23.0,23.08679,29.15476,29.15476,31.57531,35.69314,36.34556,37.21559,38.01316,36.87818,39.31921,44.55334,43.17407,44.14748,45.39824,42.29657,40.60788,41.59327,43.56604,43.41659,40.4475,40.31129,42.19005,37.05401,39.45884,40.11234,39.01282,38.01316,35.0571,38.63936,34.71311,35.73514,61.6198,60.80296,64.40497,67.60178,67.74216,67.1193,68.96376,72.01389,74.24958,75.58439,75.76939,77.49194,79.20227,84.58132,83.7735,83.38465,88.39118,85.79627,84.50444,85.70298,82.8734,87.09191,83.81527,79.47956,83.1685,80.95678,76.89603,74.84651,66.48308,69.35416,62.17717,62.26556,54.20332,53.25411,52.15362,49.81967,45.96738,41.7732,39.69887,45.48626,40.70626,40.16217,40.26164,39.45884,41.04875,41.04875,43.18565,40.79216,46.32494,45.88028,46.23851,49.24429,48.75449,53.23533,53.66563,57.45433,54.91812
7.81025,7.81025,6.40312,6.40312,5.65685,4.24264,4.24264,3.60555,3.60555,2.23607,2.23607,2.0,1.0,1.0,1.41421,2.23607,2.23607,2.0,3.0,3.0,4.12311,4.12311,5.0,5.09902,5.09902,6.08276,6.08276,6.08276,6.08276,7.07107,6.32456,7.07107,7.07107,7.07107,7.07107,7.07107,7.07107,7.07107,7.07107,7.07107,7.0,7.0,7.0,6.0,6.0,6.08276,6.08276,5.09902,5.09902,5.09902,5.38516,4.47214,50.24938,50.21952,48.25971,45.0,43.82921,40.49691,35.60899,31.62278,29.06888,28.28427,22.80351,23.43075,20.0,15.81139,11.7047,10.04988,8.544,8.06226,9.21954,11.40175,14.76482,17.46425,19.41649,22.36068,23.02173,27.0,26.0,30.06659,30.0,33.24154,33.0,38.11824,37.01351,39.05125,40.0125,41.0,43.10452,46.09772,41.04875,40.0,46.0,46.09772,42.0,42.19005,41.10961,41.19466,40.1995,39.01282,40.31129,36.13862,37.65634,34.36568,35.44009,33.61547,30.46309,30.08322,28.01785,60.0,62.482,67.89698,69.31089,65.19202,67.62396,66.8431,72.8011,74.8131,74.51845,79.05694,79.6304,76.844,77.93587,81.84131,81.8352,86.09297,84.38009,79.61156,82.36504,82.0975,82.29824,83.86298,76.92204,74.70609,74.30343,68.47627,72.20111,61.58734,62.1289,59.20304,54.81788,51.85557,50.93133,49.57822,46.40043,45.60702,40.22437,42.48529,41.62932,40.02499,41.10961,36.12478,45.0,40.1995,40.26164,40.8534,48.75449,50.08992,51.0,48.75449,54.3783,51.10773,51.62364,58.24946,57.2014,62.96825
7.81025,7.81025,6.40312,6.40312,5.65685,5.0,4.47214,3.60555,3.60555,3.16228,3.16228,2.0,1.41421,2.23607,2.82843,2.23607,2.23607,3.16228,3.16228,4.12311,4.12311,4.12311,5.09902,5.0,6.0,6.0,6.08276,7.07107,7.0,7.07107,7.07107,7.07107,7.07107,7.07107,7.28011,7.28011,7.28011,7.28011,7.28011,6.32456,6.32456,6.32456,6.32456,5.83095,5.83095,5.83095,5.83095,5.0,5.0,4.24264,5.0,4.47214,57.28001,59.20304,51.85557,48.16638,46.69047,39.69887,43.18565,34.65545,31.82766,26.90725,28.6007,20.80865,20.24846,17.46425,17.46425,11.04536,15.13275,14.31782,16.64332,13.45362,20.24846,20.80865,19.92486,24.69818,27.51363,29.15476,30.36445,30.80584,35.17101,34.9285,36.13862,36.13862,39.81206,38.27532,42.72002,40.8534,42.72002,43.65776,39.56008,43.08132,44.77723,45.69464,41.14608,41.14608,39.82462,38.07887,42.04759,39.96248,38.60052,38.01316,33.83785,32.80244,31.89044,31.241,31.89044,31.06445,30.0,60.53098,62.00806,70.00714,65.19202,71.02112,72.56721,71.58911,72.78049,76.24303,77.20104,78.1089,79.71198,80.41144,80.05623,83.00602,86.00581,80.62258,83.63014,79.20227,80.95678,78.77182,80.62258,78.89233,73.82412,72.20111,70.49113,64.49806,66.7308,61.7414,60.37384,56.30275,55.02727,49.98,47.80167,47.29693,50.80354,46.17359,46.09772,44.01136,43.41659,44.92215,47.92703,45.88028,49.24429,45.79301,44.94441,47.80167,52.00961,56.72742,58.13777,55.44367,59.4138,61.52235,62.24147,66.46804,60.959,62.24147
8.0,7.0,6.0,6.0,5.0,5.09902,4.12311,4.12311,3.60555,3.60555,2.82843,2.82843,3.16228,3.16228,3.0,4.0,4.12311,4.12311,4.12311,5.09902,5.38516,5.38516,6.32456,6.32456,6.7082,7.61577,7.61577,7.61577,7.61577,7.61577,7.61577,8.544,7.28011,7.28011,8.544,8.544,8.24621,7.28011,7.28011,7.07107,7.28011,7.07107,7.07107,7.07107,7.07107,7.07107,7.0,6.0,6.0,6.08276,6.08276,5.09902,57.93962,54.08327,51.66237,45.31004,45.88028,40.49691,35.69314,34.9285,33.73426,27.16616,27.65863,24.02082,20.39608,19.23538,16.55295,16.64332,15.0,17.80449,15.65248,19.31321,20.02498,22.09072,25.01999,26.1725,25.01999,25.70992,31.04835,30.80584,36.87818,35.90265,37.36308,38.27532,35.90265,39.62323,42.2019,39.81206,43.41659,42.2019,42.19005,44.72136,43.18565,39.31921,39.20459,42.10701,38.11824,40.4475,37.12142,37.01351,36.12478,35.01428,35.0571,33.37664,33.73426,31.04835,29.83287,31.95309,29.15476,61.22091,61.29437,67.1193,65.74192,67.23095,68.942,68.00735,72.27724,69.12308,74.2159,74.95332,75.95393,77.66595,80.23092,80.89499,80.50466,82.60751,79.40403,78.63841,80.09994,82.0061,79.02531,75.02666,73.02739,72.02777,70.06426,67.06713,63.1981,66.18912,56.4358,56.4358,55.10898,55.10898,54.12024,48.8467,49.64877,47.16991,46.87217,43.60046,46.09772,43.84062,47.50789,47.80167,51.62364,48.82622,47.42362,50.08992,49.39636,55.03635,60.08328,57.87055,59.20304,59.77458,62.36185,63.32456,65.14599,64.28841
7.2111,6.40312,6.40312,5.0,5.0,4.24264,3.60555,3.60555,3.60555,3.16228,2.23607,2.0,2.0,2.23607,2.23607,2.82843,2.82843,3.60555,3.60555,4.47214,4.47214,4.47214,5.38516,5.38516,5.38516,5.38516,6.32456,6.7082,6.32456,6.7082,6.7082,6.7082,6.7082,6.7082,6.7082,7.2111,7.2111,7.2111,6.40312,5.83095,6.40312,5.83095,6.40312,5.65685,5.65685,5.65685,5.65685,5.0,5.0,5.0,4.47214,4.47214,56.0357,53.60037,50.0,47.20169,42.0119,39.11521,34.20526,38.41875,31.82766,26.90725,25.0,24.08319,23.43075,16.64332,14.86607,14.0,15.29706,14.56022,14.31782,17.49286,17.69181,20.51828,23.70654,21.9545,22.82542,26.0,25.07987,30.88689,30.46309,31.95309,31.95309,37.69615,33.24154,36.76955,39.81206,37.57659,38.91015,38.94868,40.70626,36.89173,40.49691,39.44617,39.44617,37.80212,35.80503,33.6006,34.05877,32.64966,29.06888,31.82766,32.55764,34.65545,31.89044,28.84441,30.88689,26.83282,26.83282,60.41523,65.62012,62.20129,68.26419,65.19202,70.17834,68.88396,71.44928,74.8131,70.71068,76.68768,76.29548,81.02469,81.32035,79.69944,77.16217,82.21922,80.05623,79.84986,77.62087,79.47956,83.25863,76.05919,73.34848,72.49828,70.38466,65.39113,68.54196,59.61543,62.62587,57.93962,59.20304,54.81788,56.75385,51.24451,52.08647,50.03998,48.09366,47.38143,45.89118,47.80167,47.80167,53.48832,49.65884,50.08992,54.70832,55.75841,54.6443,57.68882,57.00877,57.00877,63.25346,63.78087,60.44005,60.959,65.29931,59.81639
5.0,5.0,3.60555,3.60555,2.23607,2.23607,1.41421,1.41421,1.0,1.0,1.0,2.0,2.0,3.0,4.12311,4.12311,4.12311,5.09902,5.09902,5.09902,6.08276,6.08276,6.08276,7.07107,7.07107,7.07107,8.06226,8.06226,8.0,8.06226,8.06226,8.06226,8.06226,8.06226,8.06226,8.06226,8.06226,8.0,8.06226,8.06226,7.07107,7.07107,7.0,7.07107,6.08276,6.08276,6.08276,6.08276,6.08276,5.09902,5.38516,5.38516,38.91015,41.6173,40.70626,32.24903,26.83282,27.78489,18.78829,19.23538,14.31782,12.16553,9.0,5.83095,6.32456,1.0,5.38516,8.60233,10.29563,13.34166,16.76305,18.68154,23.34524,21.84033,30.59412,31.04835,32.28002,29.83287,33.54102,36.87818,37.65634,36.87818,41.30375,40.31129,38.20995,45.01111,42.19005,43.56604,42.04759,40.1995,41.19466,40.1995,40.31129,40.11234,43.10452,40.1995,41.04875,37.05401,34.1321,39.01282,34.23449,34.52535,35.17101,34.71311,31.257,28.63564,27.65863,26.40076,26.92582,67.74216,71.17584,66.70832,74.84651,72.8011,75.61085,75.02666,73.38937,75.27284,76.24303,79.84986,81.34494,78.92401,80.99383,87.09191,76.55717,83.25863,78.79086,80.05623,79.20227,79.15807,77.82673,72.47068,72.56032,69.46222,67.41662,65.21503,63.41136,55.22681,60.10824,53.2635,54.03702,51.31277,48.30114,44.72136,44.94441,43.41659,41.4367,43.0,40.11234,44.28318,43.68066,42.37924,46.06517,43.82921,48.27007,47.63402,46.66905,53.75872,50.24938,53.15073,52.00961,52.43091,50.0,52.69725,54.08327,48.37355
3.0,2.23607,2.23607,1.41421,2.0,2.0,2.0,2.23607,3.60555,3.60555,4.24264,5.0,5.0,5.83095,6.40312,7.2111,7.2111,7.2111,8.06226,8.60233,8.60233,9.43398,9.43398,9.84886,10.29563,10.29563,10.29563,11.18034,11.18034,10.29563,10.29563,11.18034,10.29563,10.29563,10.0,10.29563,10.29563,9.43398,8.94427,9.43398,8.60233,8.60233,8.06226,7.81025,7.81025,7.07107,7.81025,7.07107,6.40312,7.07107,5.65685,5.0,31.40064,28.01785,27.0,24.18677,19.23538,18.68154,12.04159,12.20656,12.20656,10.77033,15.0,16.15549,19.69772,22.84732,23.34524,29.73214,28.28427,30.4795,36.12478,34.71311,40.45986,42.0119,44.04543,46.61545,50.0,50.60632,48.60041,55.75841,51.31277,56.4358,55.22681,61.03278,59.16925,54.91812,57.98276,57.42822,57.14018,56.85948,58.24946,55.21775,57.00877,50.32892,52.80152,53.41348,51.22499,51.22499,48.9183,48.10405,47.38143,44.55334,40.45986,42.63801,40.45986,37.44329,35.0,34.43835,32.69557,69.57011,69.07966,71.17584,72.56032,70.49113,71.02112,72.94518,67.95587,74.33034,74.33034,76.55064,75.71658,77.66595,74.4043,73.23933,74.4043,74.06079,74.06079,73.4983,68.50547,71.84706,70.21396,69.33974,63.63175,63.63175,59.5399,56.36488,55.9464,50.69517,49.64877,45.35416,41.59327,41.30375,39.05125,38.01316,33.73426,33.24154,33.61547,34.1321,34.66987,34.82815,34.65545,36.87818,36.89173,36.05551,39.39543,40.8534,44.27189,44.27189,43.68066,47.07441,55.7853,49.24429,47.67599,49.0306,45.12206,43.41659
5.0,4.47214,4.12311,4.12311,4.0,4.12311,4.47214,4.47214,5.0,5.65685,5.65685,6.40312,6.40312,7.2111,7.2111,8.06226,7.61577,8.544,8.94427,8.544,8.544,9.48683,9.48683,9.48683,10.44031,10.44031,10.44031,10.44031,10.44031,10.44031,10.77033,10.77033,10.77033,10.77033,10.77033,9.84886,9.84886,9.84886,8.94427,8.94427,8.94427,8.94427,8.94427,8.06226,8.06226,7.2111,7.81025,7.81025,7.07107,7.07107,6.40312,5.83095,32.69557,28.17801,27.20294,27.01851,20.61553,21.40093,19.23538,18.97367,20.0,20.39608,21.0238,22.13594,25.05993,25.4951,30.61046,29.06888,34.71311,34.20526,40.31129,42.0119,43.909,46.06517,47.41308,48.33218,50.15974,50.9902,56.85948,56.46238,60.00833,58.30952,60.41523,62.76942,57.69749,59.48109,61.84658,59.9333,59.5063,63.95311,62.24147,54.12024,55.9017,58.18075,54.12024,52.35456,52.35456,49.09175,52.43091,48.01042,48.41487,43.82921,42.80187,42.52058,41.10961,40.36087,35.60899,36.40055,32.64966,63.78871,69.18092,71.02816,69.06519,73.06162,71.17584,67.47592,69.2315,72.56032,72.83543,72.69113,71.56815,71.70077,71.84706,71.84706,72.78049,75.13322,71.02112,72.00694,73.5459,68.24954,66.09841,59.68249,61.20457,54.45181,52.23983,53.03772,48.01042,46.0,41.19466,41.4367,37.94733,36.05551,33.61547,30.88689,33.01515,31.82766,29.83287,27.20294,30.8707,35.8469,33.54102,33.73426,38.32754,39.05125,35.12834,36.05551,40.80441,41.97618,46.52956,43.93177,43.41659,46.32494,42.72002,45.54119,42.05948,42.72002
4.12311,3.60555,2.82843,3.60555,3.60555,3.16228,4.0,4.0,4.12311,5.38516,5.38516,6.7082,6.7082,6.7082,8.06226,8.06226,8.06226,8.06226,8.60233,9.21954,10.0,10.0,10.0,10.63015,11.40175,11.40175,12.20656,11.40175,11.40175,11.6619,10.81665,11.6619,11.6619,10.81665,10.29563,10.29563,10.29563,9.84886,9.84886,9.84886,8.544,8.544,8.544,8.544,8.24621,8.24621,7.28011,7.07107,7.07107,6.08276,6.0,5.09902,33.06055,31.14482,30.01666,25.17936,25.0,25.07987,24.08319,18.60108,19.72308,20.80865,24.73863,24.73863,28.0,27.16616,28.16026,34.71311,32.01562,41.23106,40.49691,43.01163,46.06517,48.10405,48.76474,54.12947,51.42956,55.47071,55.4617,57.80138,55.4617,65.36819,61.32699,64.41273,63.06346,61.77378,61.7414,62.24147,61.7414,58.69412,61.84658,60.53924,53.75872,55.36244,56.32051,54.42426,53.16014,51.41984,52.17279,48.50773,47.07441,48.05206,46.38965,43.04649,42.0,40.04997,36.34556,39.62323,31.7805,65.19202,66.28725,67.44627,68.68042,67.35726,69.89278,68.15424,70.93659,70.21396,69.77822,71.58911,74.30343,74.68601,70.71068,76.02631,71.69379,70.83078,68.88396,66.64833,66.57327,63.28507,60.83584,58.59181,55.22681,56.0803,52.3259,50.9902,46.23851,44.92215,41.48494,40.26164,35.22783,32.0,32.14032,28.44293,32.57299,28.23119,33.28663,32.44996,33.94113,34.20526,36.61967,38.01316,42.05948,38.47077,45.12206,44.92215,44.38468,46.87217,42.95346,48.05206,49.0306,49.64877,47.38143,51.35173,47.38143,45.89118
4.47214,5.0,4.24264,3.60555,3.16228,3.16228,3.0,3.16228,4.12311,3.60555,4.47214,5.0,5.0,6.40312,6.40312,7.07107,7.81025,7.07107,7.81025,7.81025,8.60233,9.21954,9.21954,8.60233,10.0,10.0,10.63015,10.0,10.63015,10.63015,10.63015,10.63015,9.89949,9.89949,10.63015,9.89949,9.21954,9.21954,9.21954,9.21954,8.60233,8.60233,7.81025,8.60233,7.2111,7.2111,7.61577,6.7082,6.32456,6.32456,6.08276,6.08276,38.07887,35.17101,33.83785,28.63564,29.41088,22.2036,22.2036,18.02776,17.46425,17.46425,22.2036,23.34524,24.73863,26.68333,27.85678,32.44996,36.35932,33.6006,38.28838,41.7732,46.8615,45.60702,47.38143,49.49747,47.38143,51.62364,54.45181,57.48913,58.69412,60.44005,59.46427,60.87693,60.1415,63.03174,63.65532,61.55485,61.52235,61.52235,57.28001,60.82763,59.5483,54.20332,58.60034,56.61272,52.63079,53.15073,52.80152,51.61395,49.92995,51.86521,47.41308,42.48529,40.31129,41.14608,39.29377,36.67424,35.69314,63.89053,66.48308,68.46897,70.45566,70.25667,66.00758,69.06519,71.06335,69.00725,71.0,72.33948,73.33485,73.10951,70.34913,72.1734,71.11259,71.44928,67.26812,66.61081,67.36468,63.1981,63.12686,56.32051,58.54912,57.42822,52.08647,48.01042,48.37355,46.09772,41.59327,39.84972,38.27532,38.01316,36.71512,33.01515,34.65545,32.64966,38.01316,35.8469,35.4683,36.40055,36.68787,37.85499,41.4367,46.09772,38.47077,40.0,49.0408,47.16991,49.25444,52.95281,52.61179,52.61179,49.64877,50.9902,50.21952,48.27007
5.09902,4.47214,3.60555,3.60555,3.60555,3.16228,4.0,4.0,4.12311,4.12311,5.38516,5.38516,5.83095,6.7082,7.2111,7.81025,7.81025,7.81025,8.48528,8.48528,9.21954,9.89949,9.89949,9.89949,10.63015,11.31371,11.31371,11.31371,11.31371,11.31371,11.31371,11.31371,11.31371,10.63015,10.63015,10.63015,10.63015,10.0,10.0,10.0,9.21954,9.43398,9.43398,8.60233,8.06226,8.06226,8.06226,7.61577,7.61577,7.28011,7.28011,6.08276,39.45884,30.41381,28.01785,23.02173,20.61553,18.97367,18.35756,18.43909,14.76482,17.72005,14.31782,21.0238,22.2036,20.61553,25.07987,29.96665,31.30495,37.73592,38.58756,38.60052,46.40043,40.80441,47.63402,48.9183,47.01064,51.73973,50.24938,55.22681,53.03772,57.98276,58.79626,64.3506,60.81118,62.93648,60.10824,60.10824,61.52235,58.79626,56.63921,58.79626,56.85068,56.58622,53.82379,53.15073,55.44367,49.40648,55.21775,48.82622,48.02083,45.27693,50.60632,42.15448,42.48529,38.27532,39.56008,38.32754,36.34556,62.58594,70.21396,66.48308,71.69379,67.54258,71.11962,71.19691,69.83552,73.23933,67.60178,76.15773,71.28113,74.43118,73.4983,78.03204,70.17834,72.94518,68.7968,72.94518,64.3506,63.63175,63.81222,58.18075,57.70615,54.12947,52.80152,55.15433,51.07837,45.60702,45.88028,41.59327,42.19005,33.24154,39.05125,36.12478,35.90265,34.9285,36.35932,33.01515,38.94868,38.94868,34.05877,41.6173,40.22437,39.40812,42.37924,45.61798,45.35416,48.70318,47.80167,46.57252,49.81967,51.97115,42.75512,46.09772,52.17279,48.37355
3.16228,3.16228,2.0,2.0,1.41421,1.41421,2.0,2.0,2.23607,3.16228,4.47214,4.47214,5.0,5.65685,5.0,6.40312,7.07107,7.07107,7.07107,7.81025,8.48528,8.48528,9.89949,9.21954,9.21954,9.21954,10.0,10.63015,10.0,10.63015,9.89949,10.0,10.0,9.21954,9.21954,9.21954,9.21954,9.21954,9.21954,8.48528,8.48528,7.81025,8.48528,7.81025,7.07107,7.81025,7.07107,6.40312,7.2111,5.83095,5.83095,5.38516,34.0147,25.4951,22.2036,22.47221,21.58703,12.16553,12.0,6.7082,10.29563,11.04536,9.84886,15.52417,17.08801,21.0238,24.41311,27.01851,29.83287,37.01351,33.97058,38.8973,41.7732,44.55334,43.27817,48.9183,46.2277,48.41487,50.0,53.82379,51.86521,58.00862,53.25411,58.24946,60.80296,56.40035,61.29437,58.82176,57.42822,56.0803,55.21775,57.68882,59.07622,55.0,56.61272,53.2635,45.80393,52.63079,50.60632,50.32892,46.2277,45.45327,44.55334,42.42641,40.31129,40.36087,39.66106,37.80212,33.12099,65.94695,65.73431,67.41662,71.34424,69.83552,71.11962,69.35416,69.31811,72.89719,66.64833,72.91776,73.82412,74.73286,75.6439,70.21396,74.24958,72.47068,68.8767,66.7308,69.35416,64.00781,63.28507,61.05735,57.42822,61.29437,54.03702,50.0,47.38143,44.55334,46.2277,42.63801,41.6173,39.66106,38.07887,38.32754,32.55764,34.05877,37.05401,34.36568,35.17101,34.78505,30.46309,34.0,36.23534,37.53665,36.12478,33.97058,40.49691,42.72002,42.19005,43.82921,47.41308,45.65085,40.70626,43.909,42.54409,45.18849
1.0,0.0,0.0,1.0,2.0,3.0,3.0,5.0,5.09902,5.09902,6.08276,7.07107,7.07107,8.06226,8.06226,9.21954,9.21954,9.21954,10.44031,10.44031,10.19804,11.40175,11.40175,11.7047,11.7047,11.7047,13.0,13.0,12.64911,13.0,13.0,12.64911,13.0,11.7047,11.7047,11.7047,11.7047,11.7047,11.7047,10.77033,10.77033,10.77033,10.77033,9.84886,9.48683,9.48683,9.21954,9.21954,8.24621,8.06226,8.06226,7.07107,21.37756,18.38478,17.88854,13.45362,6.32456,3.60555,1.41421,8.06226,11.0,14.03567,15.13275,21.2132,21.58703,29.27456,31.40064,33.13608,39.20459,42.2019,39.29377,47.07441,47.07441,54.57105,51.24451,56.61272,55.65968,56.61272,60.44005,61.68468,62.62587,67.41662,63.56099,64.62198,68.54196,66.48308,68.02941,64.07808,65.39113,64.84597,66.30988,65.9242,63.97656,61.84658,59.03389,54.78138,56.36488,57.24509,54.12947,58.30952,54.78138,51.86521,49.33559,50.96077,42.95346,41.97618,43.73786,39.45884,38.47077,66.18912,69.83552,73.24616,76.02631,72.8011,70.0,71.40028,73.24616,71.70077,72.00694,77.42093,70.60453,71.61006,74.20243,69.02898,73.81734,72.40166,70.45566,71.40028,67.1193,66.85058,62.96825,64.14047,60.83584,57.24509,53.66563,50.9902,45.54119,48.38388,45.54119,41.30375,37.33631,42.04759,39.0,34.71311,32.75668,27.78489,30.23243,29.0,28.3196,30.80584,31.95309,30.41381,34.17601,33.83785,35.0,34.0147,39.05125,36.22154,39.20459,39.31921,41.4367,39.01282,35.51056,41.48494,40.80441,36.49658
1.0,1.41421,1.0,2.0,3.0,4.0,4.0,5.0,6.0,6.08276,7.07107,7.07107,7.28011,8.24621,8.24621,9.21954,9.21954,10.44031,10.44031,10.44031,10.44031,11.40175,11.7047,12.08305,11.7047,12.08305,13.0,12.08305,13.0,13.0,12.08305,12.08305,12.08305,11.7047,13.0,11.7047,12.08305,10.77033,10.77033,10.77033,10.77033,10.77033,9.48683,9.48683,9.48683,9.21954,9.21954,8.24621,8.24621,8.06226,8.0,8.0,24.04163,18.68154,16.27882,10.63015,8.48528,4.0,7.61577,10.19804,13.15295,18.24829,21.2132,25.31798,27.16616,29.0,36.0,39.20459,40.1995,37.12142,48.16638,49.81967,50.63596,54.33231,55.65968,54.74486,56.7186,58.46366,61.84658,59.90826,64.28841,67.35726,66.21933,71.58911,69.64194,64.56005,65.80274,66.28725,65.0,63.60031,62.58594,65.96969,63.56099,61.39218,61.18823,59.5399,57.07013,57.27128,55.02727,58.54912,51.41984,49.36598,52.34501,52.08647,47.16991,43.01163,46.01087,42.0,38.63936,63.60031,68.54196,74.24284,70.66116,69.11584,71.02112,68.7968,70.45566,70.72482,69.33974,72.42237,70.72482,71.28113,72.11103,68.7968,67.6757,70.17834,66.85058,71.34424,62.26556,61.61169,57.24509,60.03332,51.97115,53.7122,48.8467,48.8467,49.33559,40.16217,37.94733,37.48333,31.40064,30.06659,29.15476,25.17936,25.07987,20.80865,21.09502,22.80351,19.20937,24.41311,21.18962,25.70992,30.26549,26.30589,35.22783,30.26549,30.41381,33.73426,39.05125,35.90265,34.71311,40.31129,32.55764,36.68787,36.05551,29.73214
3.16228,3.60555,4.24264,5.0,5.65685,7.07107,7.07107,7.81025,7.81025,8.60233,9.21954,10.0,10.0,10.0,10.81665,10.81665,11.6619,11.6619,11.6619,11.6619,11.6619,12.52996,12.52996,13.0,13.41641,13.41641,13.41641,13.41641,13.41641,13.0,12.52996,12.08305,12.08305,12.08305,11.6619,11.18034,11.6619,11.18034,10.29563,10.29563,10.0,10.0,9.43398,9.21954,8.60233,7.81025,7.81025,7.81025,7.07107,7.2111,7.2111,6.7082,9.05539,5.83095,10.19804,9.43398,19.10497,18.60108,23.02173,33.24154,29.06888,31.1127,36.06938,42.42641,44.59821,51.08816,49.67897,51.22499,55.44367,60.30755,56.85068,62.62587,60.21628,62.20129,61.29437,65.21503,65.45991,66.88797,68.60029,68.88396,74.09453,72.06941,72.56032,78.89233,69.83552,72.00694,73.3553,68.60029,72.47068,71.86793,63.81222,67.95587,65.19202,62.68174,62.42596,59.07622,56.60389,57.2014,59.07622,51.86521,55.31727,49.57822,48.27007,43.13931,43.86342,38.94868,39.82462,34.48188,37.12142,65.30697,63.89053,66.76077,71.06335,65.45991,67.26812,67.74216,63.34824,67.26812,59.68249,65.96969,65.52099,65.0,64.7611,62.16912,67.26812,54.74486,58.85576,57.00877,53.60037,47.12749,49.39636,45.54119,41.76123,41.23106,40.31129,35.34119,34.66987,28.6007,24.83948,25.45584,23.25941,25.05993,18.43909,18.43909,18.11077,20.22375,20.88061,23.32381,26.92582,25.45584,27.01851,29.0,33.6006,29.68164,34.53983,31.30495,34.0147,37.16181,31.38471,34.9285,35.35534,32.69557,25.63201,24.18677,27.85678,25.4951
6.08276,7.07107,7.28011,8.24621,9.21954,9.21954,9.48683,10.19804,11.40175,11.40175,12.64911,12.64911,12.64911,12.64911,12.64911,13.0,13.92839,13.92839,13.92839,13.92839,13.92839,15.23155,14.31782,14.31782,14.31782,14.31782,15.23155,14.31782,14.31782,14.31782,13.92839,13.92839,13.92839,13.0,12.64911,11.7047,12.64911,11.7047,11.7047,10.44031,10.44031,10.19804,10.19804,9.21954,9.21954,8.24621,8.06226,8.06226,7.0,7.0,6.0,6.08276,17.88854,17.08801,21.09502,25.01999,31.01612,31.257,39.05125,40.4475,42.44997,47.07441,50.69517,52.17279,58.87274,58.5235,61.68468,62.36185,64.84597,61.40033,65.80274,65.45991,68.00735,70.83784,73.00685,72.09022,71.16881,73.92564,76.55717,78.54935,76.6942,76.92204,77.47258,72.49828,76.05919,76.55717,75.61085,73.53911,72.49828,70.26379,69.07966,65.78754,67.05222,63.56886,61.98387,59.90826,55.36244,55.36244,55.54278,51.66237,43.93177,49.24429,41.59327,41.4367,39.20459,36.01389,32.0,35.0,31.14482,55.44367,57.45433,56.60389,60.83584,59.23681,56.0803,55.71355,57.93962,57.93962,55.71355,58.5235,55.36244,59.46427,55.36244,55.36244,54.08327,55.36244,51.5461,51.26402,51.86521,47.53946,42.95346,42.95346,39.35734,38.01316,35.35534,33.61547,32.44996,30.4795,27.65863,24.20744,23.60085,21.54066,19.69772,16.03122,18.02776,22.0,20.02498,18.02776,21.0238,22.82542,26.87006,26.90725,27.80288,26.40076,30.4795,26.07681,29.68164,29.52965,30.01666,20.51828,21.93171,22.36068,20.88061,17.02939,17.26268,13.0384
7.07107,7.07107,8.48528,9.21954,9.21954,9.21954,10.0,11.40175,11.40175,11.40175,12.20656,12.20656,13.0384,13.0384,13.0384,13.0384,13.89244,13.89244,13.89244,13.89244,13.89244,14.76482,14.76482,14.76482,14.76482,14.76482,15.65248,14.76482,14.76482,14.76482,13.89244,13.89244,13.89244,13.0384,13.0384,12.20656,12.20656,11.40175,11.40175,11.40175,10.63015,10.63015,9.21954,9.21954,8.48528,8.48528,7.81025,7.07107,7.2111,7.2111,5.83095,5.83095,23.34524,30.67572,34.1321,33.37664,36.05551,47.85394,40.04997,50.35871,46.0,57.14018,59.0,56.0803,63.12686,59.00847,69.02898,68.46897,72.33948,64.12488,67.1193,69.18092,75.53807,75.31268,73.82412,77.27872,71.34424,73.82412,75.31268,78.1025,77.62087,79.07591,80.60397,76.29548,72.36712,74.52516,74.95332,77.64664,73.97973,68.593,67.00746,68.02941,66.00758,63.03174,61.03278,65.0,59.00847,55.00909,55.08176,55.3263,54.23099,49.64877,48.50773,45.35416,37.85499,37.48333,36.13862,40.80441,30.80584,50.44799,51.66237,50.91169,52.20153,50.0,58.24946,56.30275,48.75449,49.73932,50.24938,53.53504,54.12947,50.60632,51.0,50.56679,47.01064,54.40588,39.96248,43.41659,37.20215,41.04875,36.23534,33.61547,29.73214,25.6125,22.84732,25.23886,20.12461,16.12452,22.36068,24.69818,19.10497,14.31782,21.93171,15.81139,20.61553,17.02939,22.82542,24.04163,24.04163,22.36068,30.23243,24.08319,25.29822,25.4951,32.24903,34.98571,36.40055,32.38827,34.36568,30.26549,31.14482,24.35159,20.0,25.31798,28.01785,18.11077
7.07107,7.2111,8.06226,8.06226,8.06226,8.94427,9.84886,9.84886,9.48683,10.77033,10.77033,11.7047,11.40175,11.40175,11.40175,12.36932,12.36932,13.34166,13.15295,13.15295,13.15295,13.15295,13.34166,13.15295,14.14214,13.34166,14.14214,14.14214,13.34166,13.34166,13.34166,13.34166,12.36932,12.36932,11.40175,11.7047,11.7047,10.77033,10.77033,9.84886,9.84886,8.94427,8.94427,8.06226,8.06226,7.2111,7.2111,6.40312,6.40312,5.65685,5.65685,5.0,29.42788,31.257,35.22783,33.73426,40.79216,47.53946,43.73786,50.96077,50.28916,53.85165,57.24509,54.23099,57.77543,60.16644,66.21178,63.06346,64.88451,64.84597,70.71068,68.60029,69.33974,71.56116,69.64194,71.86793,73.4983,69.63476,76.55064,80.28076,75.71658,75.16648,75.71658,80.1561,79.6304,76.02631,73.60027,76.05919,73.34848,71.34424,72.00694,69.33974,65.0,60.41523,59.5063,59.5063,56.85948,52.39275,50.69517,55.54278,48.76474,44.91102,43.68066,44.64303,44.28318,35.35534,37.05401,33.01515,31.06445,50.01,48.25971,53.33854,55.44367,54.74486,51.66237,50.96077,47.29693,46.32494,49.24429,45.22168,49.33559,46.17359,48.27007,47.53946,43.01163,46.09772,42.04759,46.57252,40.1995,30.08322,35.0571,31.40064,35.01428,36.34556,23.19483,27.65863,22.80351,20.24846,25.80698,24.08319,22.80351,25.6125,21.47091,29.06888,29.15476,28.44293,34.71311,27.65863,29.01724,32.06244,35.12834,34.71311,34.36568,37.0,38.47077,38.60052,42.44997,35.8469,36.24914,36.40055,39.44617,34.0,34.20526,29.69848,31.89044,34.05877
8.06226,8.60233,9.21954,9.21954,9.21954,9.89949,9.89949,10.63015,11.40175,10.81665,11.40175,12.20656,12.20656,11.6619,12.52996,12.52996,12.52996,12.52996,13.0,13.0,13.41641,13.92839,14.31782,13.92839,14.31782,14.31782,14.31782,14.31782,14.31782,13.41641,13.41641,13.41641,12.52996,12.52996,12.52996,11.6619,11.6619,10.81665,11.40175,10.63015,10.0,9.21954,9.21954,8.48528,8.48528,8.48528,7.81025,7.81025,7.2111,6.7082,6.7082,6.32456,34.1321,40.26164,38.47077,42.0119,39.11521,46.01087,44.18144,50.80354,48.05206,51.62364,52.95281,52.88667,60.40695,61.03278,55.54278,67.62396,63.50591,64.4748,68.0,71.11962,71.11259,76.05919,67.41662,72.20111,68.60029,75.80237,72.00694,74.43118,78.29432,77.89737,74.70609,76.02631,73.43024,77.17513,75.15318,74.68601,71.55418,71.30919,67.08204,64.07808,68.35203,66.30988,61.68468,56.61272,58.87274,50.69517,48.50773,50.69517,49.16299,42.10701,46.04346,41.04875,38.20995,35.0,31.257,35.51056,34.20526,51.47815,52.20153,49.33559,52.63079,54.91812,54.33231,49.16299,50.35871,46.09772,47.26521,50.03998,50.0,45.09989,48.04165,43.18565,48.09366,42.42641,40.0,42.10701,38.83298,31.7805,35.0,34.9285,35.4683,31.30495,33.10589,28.01785,30.41381,25.6125,28.3196,22.02272,31.06445,26.92582,25.94224,28.63564,30.08322,30.06659,33.06055,37.21559,39.0,41.97618,38.63936,39.84972,38.91015,41.23106,45.22168,44.94441,40.71855,40.71855,47.41308,42.05948,42.72002,43.60046,40.45986,42.52058,41.01219,45.45327
8.544,8.544,9.21954,9.21954,10.19804,10.04988,11.04536,11.04536,12.04159,12.0,12.0,13.0,13.0384,13.0384,13.0384,13.0384,14.14214,14.03567,14.14214,14.14214,14.14214,14.14214,15.13275,14.14214,15.13275,15.13275,15.13275,15.0333,15.0333,15.0333,14.03567,14.0,14.0,13.0,13.0,13.0,13.0384,12.04159,11.04536,11.04536,11.18034,10.19804,10.19804,9.21954,9.21954,8.544,8.544,7.61577,7.61577,6.7082,6.7082,5.83095,40.02499,40.04997,49.16299,41.10961,47.75982,44.38468,46.8188,42.48529,50.77401,50.21952,54.70832,54.56189,52.80152,62.00806,58.0,60.959,67.20863,70.17834,68.593,65.19202,72.62231,66.70832,69.52697,66.06815,65.79514,73.00685,72.47068,76.02631,75.0,77.46612,73.40981,80.60397,70.0,73.60027,72.20111,69.52697,71.42129,69.29646,68.593,64.38167,62.24147,61.22091,56.63921,56.72742,57.42822,53.0,52.43091,51.86521,51.10773,47.50789,42.54409,41.62932,44.01136,34.53983,34.20526,33.24154,34.0,50.32892,49.67897,46.75468,52.40229,50.32892,51.0392,47.50789,46.32494,49.09175,40.49691,47.43416,50.60632,44.65423,47.63402,43.56604,39.40812,42.54409,37.73592,41.03657,40.22437,35.35534,36.79674,30.41381,33.61547,30.52868,27.29469,25.05993,24.69818,34.48188,27.29469,25.0,29.61419,34.05877,30.59412,32.69557,30.08322,31.76476,35.8469,38.27532,41.7732,43.18565,43.84062,43.13931,45.34314,36.23534,39.82462,43.60046,45.48626,53.53504,47.43416,46.64762,47.41308,47.01064,40.71855,43.909,45.69464,45.31004
7.81025,8.48528,7.81025,8.60233,8.60233,8.60233,8.94427,8.94427,9.84886,9.84886,10.77033,10.77033,10.44031,10.44031,11.40175,11.40175,11.18034,12.16553,12.16553,12.16553,12.16553,12.16553,12.16553,13.15295,13.15295,13.15295,13.15295,13.15295,12.16553,13.15295,12.36932,12.36932,12.36932,11.40175,11.7047,11.7047,10.77033,10.77033,9.84886,9.84886,9.84886,8.94427,9.43398,8.60233,8.06226,7.81025,7.81025,7.07107,7.07107,6.40312,6.40312,5.83095,41.0,39.84972,41.4367,42.0119,41.01219,45.04442,53.16014,43.01163,50.01,46.48656,52.55473,49.39636,53.22593,53.7122,57.68882,57.80138,60.46487,58.24946,66.03787,61.84658,64.81512,70.0,65.94695,70.93659,65.43699,64.53681,69.6563,71.42129,72.34639,68.593,73.59348,71.70077,71.50524,71.8401,68.88396,67.47592,66.57327,66.61081,66.57327,57.45433,65.29931,61.77378,58.66856,57.27128,57.24509,50.32892,52.0,52.80152,41.97618,39.29377,41.4367,44.28318,37.05401,37.33631,33.01515,33.06055,28.86174,48.75449,51.47815,53.0,51.86521,49.81967,52.49762,51.62364,46.01087,46.66905,45.27693,49.51767,47.38143,46.40043,45.27693,44.68781,48.08326,45.96738,41.03657,42.0119,40.45986,42.80187,39.82462,37.01351,37.12142,33.24154,30.67572,37.10795,30.08322,33.13608,35.35534,29.15476,35.0571,37.33631,35.69314,34.9285,38.27532,41.18252,39.11521,39.44617,43.60046,46.40043,45.0,45.96738,46.69047,44.55334,47.42362,44.68781,52.00961,53.41348,50.9902,50.24938,49.09175,46.04346,54.08327,55.22681,51.31277,46.09772
7.2111,7.81025,7.81025,8.48528,7.81025,8.60233,8.60233,9.43398,9.43398,8.94427,9.84886,9.84886,9.84886,10.77033,10.77033,10.44031,11.40175,11.40175,11.40175,11.40175,11.40175,11.40175,12.36932,12.16553,12.36932,12.36932,13.34166,12.36932,12.36932,12.64911,11.7047,12.64911,11.7047,12.08305,12.08305,11.18034,11.18034,10.29563,10.29563,9.43398,9.43398,9.43398,9.21954,7.81025,8.48528,7.07107,7.81025,7.2111,7.2111,5.83095,6.7082,6.32456,47.41308,37.58989,42.48529,46.48656,37.33631,36.34556,41.59327,45.17743,46.01087,46.17359,43.04649,46.69047,47.51842,47.85394,52.20153,57.58472,56.85948,56.46238,66.12866,58.87274,59.9333,60.41523,65.29931,65.74192,63.95311,65.29931,59.48109,65.51336,61.29437,70.66116,69.77822,72.49828,62.16912,71.11259,65.76473,65.55151,71.30919,68.30813,65.25335,61.40033,59.43904,60.63827,58.46366,62.16912,58.24946,46.69047,49.81967,49.64877,47.04253,44.04543,42.19005,44.18144,42.42641,33.95585,34.23449,32.57299,30.8707,49.09175,48.41487,47.20169,51.08816,48.10405,49.51767,48.27007,50.44799,49.20366,44.82187,43.93177,45.80393,50.24938,45.96738,49.0408,41.10961,40.60788,39.59798,41.7732,43.18565,32.64966,36.23534,36.76955,36.87818,34.1321,35.80503,35.8469,37.12142,28.4605,41.78516,27.65863,35.01428,39.0,39.05125,38.11824,38.32754,32.98485,36.68787,43.46263,41.4367,44.28318,42.04759,43.82921,49.64877,49.64877,46.14109,52.35456,53.53504,54.03702,53.00943,58.0,55.97321,58.13777,46.09772,45.25483,53.03772,53.75872
5.83095,5.83095,6.40312,7.07107,7.07107,7.81025,7.2111,8.06226,8.06226,8.06226,8.94427,9.84886,9.84886,9.84886,10.44031,10.44031,10.44031,11.40175,11.40175,11.40175,11.40175,12.36932,12.36932,12.36932,12.36932,12.36932,12.36932,13.34166,12.36932,12.36932,11.7047,12.64911,12.64911,11.7047,11.7047,10.77033,11.18034,10.77033,9.84886,9.84886,10.29563,8.94427,8.94427,8.60233,8.60233,7.2111,7.81025,7.07107,7.07107,6.40312,5.83095,5.83095,36.35932,42.04759,40.80441,42.44997,39.31921,42.04759,35.0571,48.0,41.19466,43.73786,41.76123,49.39636,52.80152,47.80167,52.39275,54.78138,55.03635,60.90156,56.85948,62.26556,62.68174,58.83026,65.80274,65.73431,60.53924,67.41662,70.43437,71.40028,68.26419,73.40981,68.60029,76.00658,71.84706,68.50547,71.84706,73.43024,72.47068,72.56032,67.1193,67.95587,63.50591,58.18075,60.00833,61.03278,61.03278,54.78138,52.55473,55.02727,51.24451,48.27007,43.68066,41.97618,41.7732,45.09989,37.01351,40.0125,35.51056,54.48853,45.60702,50.32892,53.53504,47.88528,50.24938,47.50789,49.64877,49.1935,52.0,53.66563,48.10405,48.10405,48.70318,49.98,45.61798,44.77723,47.41308,40.80441,47.88528,42.04759,43.08132,39.11521,35.4683,37.21559,37.80212,32.52691,28.3196,24.83948,24.69818,30.52868,26.92582,25.96151,25.31798,33.01515,28.16026,35.22783,29.83287,33.73426,36.40055,37.10795,38.62642,51.26402,44.28318,49.24429,45.45327,50.47772,52.47857,49.73932,44.04543,43.60046,52.34501,50.77401,48.41487,42.80187,51.62364,43.26662
6.08276,6.08276,7.0,7.07107,8.06226,8.06226,8.24621,8.544,8.544,9.84886,9.84886,10.29563,10.29563,10.29563,11.18034,11.6619,11.6619,11.6619,12.20656,12.20656,12.20656,12.20656,12.80625,12.80625,13.60147,13.60147,13.60147,13.60147,13.60147,13.0384,13.0384,13.0384,13.0384,12.52996,11.6619,11.6619,11.6619,11.18034,10.77033,9.84886,9.84886,9.84886,9.48683,8.544,8.544,8.24621,8.24621,7.07107,7.07107,7.0,7.07107,6.08276,22.84732,31.57531,30.01666,29.96665,34.05877,33.97058,38.8973,42.52058,43.82921,44.94441,38.47077,44.77723,52.63079,57.77543,55.71355,53.60037,59.48109,60.01666,56.61272,64.03124,72.00694,68.24954,65.27634,67.18631,72.69113,80.28076,71.44928,74.43118,75.80237,73.82412,71.02112,76.41989,73.68175,76.11833,73.5527,73.75636,76.11833,70.34202,68.41053,66.28725,72.03471,63.32456,69.26038,60.00833,53.45091,56.61272,54.12024,51.86521,51.47815,51.5461,55.47071,44.29447,42.05948,41.23106,40.31129,33.94113,31.89044,59.40539,59.66574,65.06919,60.1415,59.46427,59.07622,59.03389,57.62812,64.40497,63.51378,57.98276,60.53924,59.16925,53.7122,51.62364,51.97115,46.14109,50.21952,42.80187,42.44997,43.26662,40.80441,38.27532,35.0,32.55764,28.42534,25.80698,25.05993,24.83948,19.64688,23.08679,22.47221,19.41649,22.13594,28.17801,21.47091,27.01851,33.24154,30.80584,31.82766,33.6006,34.4093,35.77709,38.07887,40.31129,44.59821,40.4475,37.33631,44.59821,40.8534,43.41659,38.07887,42.2019,40.02499,39.81206,45.04442,35.90265
8.0,8.06226,8.24621,9.21954,9.21954,9.21954,9.48683,10.44031,10.77033,10.77033,12.08305,11.18034,12.52996,12.52996,12.52996,13.0384,13.0384,13.0384,13.0384,13.89244,13.89244,14.42221,14.42221,14.21267,15.0,15.0,15.0,14.42221,14.42221,14.42221,13.89244,14.42221,13.89244,13.89244,13.41641,13.41641,12.52996,12.52996,12.08305,11.18034,10.77033,10.77033,10.77033,9.48683,9.48683,9.21954,9.21954,8.06226,8.06226,7.07107,7.0,7.0,37.80212,33.54102,41.97618,36.34556,40.31129,42.0119,42.0119,45.39824,45.17743,50.21952,52.88667,57.00877,56.0803,59.20304,62.03225,62.16912,65.0,61.7414,67.53518,68.60029,73.06162,66.88797,71.02112,71.02112,67.74216,73.23933,74.88658,76.844,76.27582,74.94665,80.70936,84.31489,76.6094,78.23043,71.02112,74.33034,73.4983,75.80237,72.56032,71.69379,71.58911,71.11962,67.08204,60.92618,62.76942,57.00877,61.35145,54.23099,51.86521,50.96077,49.0408,47.07441,45.27693,40.60788,41.0,38.01316,36.01389,53.08484,54.33231,54.12947,54.12024,53.60037,56.04463,49.64877,52.0,53.85165,51.07837,48.75449,49.64877,48.30114,46.14109,45.17743,42.94182,44.28318,40.71855,39.81206,35.34119,28.63564,29.96665,27.20294,25.96151,22.09072,19.0263,18.02776,19.10497,18.43909,18.02776,19.79899,17.20465,20.12461,22.36068,22.13594,24.18677,24.33105,28.16026,27.0,31.01612,36.67424,32.38827,37.10795,38.07887,35.73514,36.40055,43.01163,41.76123,41.78516,40.16217,41.14608,44.77723,45.61798,38.94868,39.40812,38.01316,37.53665
7.28011,7.28011,8.0,8.06226,8.0,9.05539,9.05539,9.21954,10.19804,10.19804,10.44031,10.44031,10.44031,11.7047,10.77033,12.08305,12.08305,12.08305,12.08305,12.08305,12.52996,12.52996,12.52996,12.52996,13.41641,13.41641,13.41641,12.52996,13.41641,13.41641,13.0,13.0,13.0,12.08305,12.08305,11.7047,11.40175,11.40175,10.44031,10.44031,10.19804,9.21954,9.05539,9.05539,8.06226,8.06226,8.0,7.0,7.07107,6.08276,6.32456,5.38516,41.62932,41.4367,40.0,37.64306,45.25483,41.86884,52.49762,49.40648,44.65423,52.83938,55.9464,57.69749,58.87274,66.30988,59.23681,67.77905,67.35726,68.96376,72.78049,68.44706,72.18033,75.50497,70.03571,69.05071,71.70077,83.48653,72.69113,79.76215,77.66595,71.02112,82.2253,84.85281,76.29548,77.78175,81.49847,73.24616,76.15773,77.92946,73.37575,70.61161,71.30919,65.0,67.72001,65.14599,65.14599,59.48109,53.7122,53.7122,51.42956,54.626,49.92995,45.27693,44.29447,42.63801,38.83298,34.65545,34.82815,50.32892,53.07542,48.79549,50.20956,46.87217,44.41846,43.41659,45.79301,44.41846,41.6173,37.20215,44.28318,42.80187,38.60052,38.01316,33.12099,33.61547,35.51056,31.40064,28.6531,22.02272,26.62705,26.87006,20.51828,17.72005,21.0238,18.02776,15.29706,21.0238,19.64688,17.46425,25.6125,22.02272,24.20744,26.24881,29.69848,29.20616,33.30165,39.11521,37.12142,37.58989,38.48376,41.23106,41.0,44.94441,43.32436,41.10961,45.88028,55.08176,48.76474,51.41984,41.4367,46.27094,41.0,42.95346,48.37355,43.01163
7.28011,8.06226,8.06226,9.0,9.0,9.05539,10.04988,10.19804,10.19804,11.18034,11.40175,11.40175,12.36932,11.7047,12.64911,12.64911,13.0,13.0,13.0,13.0,13.92839,13.41641,14.31782,14.31782,14.31782,14.31782,15.23155,14.31782,14.31782,14.31782,13.92839,13.92839,13.92839,13.60147,12.64911,12.36932,12.36932,12.36932,11.18034,11.18034,11.18034,10.19804,10.04988,9.05539,9.05539,8.0,8.0,8.06226,7.07107,7.07107,6.32456,6.32456,39.31921,37.36308,37.94733,41.14608,38.27532,47.63402,47.42362,45.45327,43.93177,52.3259,55.97321,50.80354,55.60576,60.0,58.00862,62.1289,64.49806,63.13478,65.30697,70.21396,71.17584,72.49828,70.38466,69.07966,72.44998,72.23573,77.25283,75.58439,71.47027,81.60882,75.96052,73.24616,76.15773,76.55717,72.23573,71.19691,74.68601,63.52952,72.91776,76.47876,66.64083,70.23532,63.28507,59.36329,59.36329,59.64059,58.5235,56.0357,49.81967,47.50789,48.10405,48.10405,45.34314,37.20215,41.6173,37.80212,38.94868,41.14608,40.22437,45.0,46.09772,39.59798,38.28838,41.23106,41.10961,38.18377,38.27532,36.06938,38.20995,34.05877,39.40812,35.38361,32.55764,32.01562,27.58623,29.69848,26.1725,21.09502,25.94224,25.07987,19.92486,24.04163,20.02498,21.2132,28.01785,17.26268,19.64688,26.92582,21.93171,25.6125,28.6531,26.1725,31.90611,37.01351,38.41875,33.42155,34.1321,34.98571,47.70744,43.56604,39.81206,41.04875,46.8188,46.23851,51.62364,45.22168,49.76947,48.38388,50.08992,40.5216,44.55334,42.05948,40.4475,41.04875
8.06226,8.94427,9.43398,10.0,10.0,10.63015,10.63015,10.63015,11.31371,11.31371,12.04159,11.40175,12.20656,12.20656,13.0384,13.0384,13.89244,13.0384,13.89244,13.89244,13.89244,13.89244,13.89244,14.31782,14.76482,14.76482,14.76482,14.76482,14.76482,15.26434,15.26434,14.42221,14.42221,13.60147,13.60147,13.60147,13.60147,12.80625,12.04159,12.04159,12.04159,11.31371,11.31371,10.63015,10.0,10.0,9.43398,8.60233,8.06226,8.06226,7.61577,7.61577,36.79674,39.40812,37.73592,42.05948,48.10405,39.92493,47.75982,49.81967,44.40721,46.01087,53.08484,56.00893,54.0,54.33231,56.08921,55.44367,65.76473,56.29387,60.41523,62.16912,64.7611,68.30813,66.7308,65.73431,72.12489,72.36712,72.42237,70.83784,72.44998,73.68175,79.05694,77.49194,75.96052,75.43209,77.12976,74.52516,69.857,73.34848,67.68309,66.28725,63.28507,64.62971,62.1289,60.20797,58.03447,55.00909,57.14018,55.03635,46.0,48.25971,49.49747,42.29657,43.41659,40.80441,40.8534,34.9285,37.57659,42.37924,38.83298,44.10215,44.01136,44.10215,44.04543,42.0119,40.0125,38.0526,38.0526,38.0,34.0,37.01351,36.01389,33.0,30.01666,32.06244,29.15476,31.06445,31.57531,31.7805,33.73426,21.47091,28.63564,26.0,22.82542,23.43075,22.67157,23.34524,24.69818,26.0,29.15476,29.73214,31.57531,29.15476,36.12478,39.05125,36.01389,41.04875,37.0,40.04997,42.44997,42.75512,46.69047,45.54119,43.41659,50.44799,47.80167,52.49762,55.36244,46.61545,46.61545,52.39275,44.29447,45.17743,38.48376,48.25971
7.2111,8.06226,7.61577,8.544,8.544,9.21954,9.21954,10.19804,10.19804,10.04988,11.04536,11.0,11.0,11.0,12.04159,12.04159,12.04159,12.04159,13.15295,13.15295,13.15295,13.15295,13.15295,13.34166,14.14214,14.14214,14.14214,14.14214,14.14214,14.14214,13.0384,14.03567,13.0384,13.0384,13.0384,13.0,12.0,12.0,11.04536,11.04536,11.04536,10.04988,10.19804,9.21954,9.21954,8.544,8.544,8.544,7.61577,7.2111,7.2111,6.40312,33.24154,41.10961,41.10961,34.0,37.16181,37.16181,40.16217,44.29447,45.27693,49.64877,51.22499,55.22681,54.48853,53.75872,60.81118,58.25805,60.44005,68.00735,66.70832,60.44005,66.0303,63.81222,69.11584,67.74216,72.8011,69.11584,68.26419,73.43024,76.00658,74.94665,71.86793,82.1523,74.33034,81.63333,74.63243,72.00694,70.0,74.63243,70.0,69.6563,68.68042,66.6033,66.48308,61.84658,59.39697,51.66237,53.75872,55.15433,53.60037,48.60041,54.40588,46.64762,41.18252,42.19005,35.8469,36.40055,38.07887,46.2277,42.42641,44.20407,45.22168,42.43819,49.09175,42.72002,43.01163,42.04759,36.35932,36.05551,34.66987,37.80212,40.80441,37.20215,33.6006,37.64306,35.60899,33.30165,34.82815,31.241,32.20248,32.80244,30.88689,27.78489,29.15476,29.15476,30.08322,31.32092,33.01515,29.01724,30.41381,33.24154,32.38827,34.71311,31.04835,34.43835,40.71855,38.94868,42.54409,42.72002,42.72002,42.63801,42.44997,46.66905,41.10961,41.72529,48.08326,50.9902,48.27007,44.20407,43.909,45.22168,42.80187,45.27693,44.92215,42.05948
5.65685,6.40312,7.2111,7.2111,8.06226,8.06226,8.544,8.544,9.48683,10.44031,10.44031,10.44031,11.18034,11.18034,11.18034,12.16553,12.04159,12.04159,12.04159,13.0384,13.0384,13.0,14.03567,14.0,14.0,14.0,14.0,14.0,14.0,14.0,14.03567,14.03567,13.0384,13.0384,13.15295,13.15295,12.16553,11.18034,11.18034,10.19804,11.40175,10.44031,10.44031,9.48683,8.544,8.544,7.61577,7.61577,7.2111,7.2111,6.40312,5.65685,27.78489,31.40064,29.01724,37.01351,38.20995,34.20526,40.4475,44.14748,44.28318,44.77723,47.85394,51.97115,51.62364,50.77401,58.60034,56.61272,57.68882,64.40497,58.00862,64.66065,68.62215,70.03571,72.13876,70.93659,72.34639,70.0928,68.593,71.42129,73.59348,72.24957,74.27651,76.41989,74.96666,72.18033,74.27651,73.75636,74.65253,73.40981,70.83784,68.11755,65.21503,67.1193,67.95587,53.82379,60.74537,53.0,61.05735,57.14018,43.82921,50.69517,45.69464,47.53946,43.68066,41.7732,37.94733,39.11521,31.40064,43.38202,44.38468,46.17359,46.32494,45.88028,42.2019,41.97618,44.55334,45.89118,43.9659,40.5216,44.38468,43.41659,40.02499,44.14748,38.27532,40.5216,37.57659,37.94733,38.32754,36.68787,37.69615,36.35932,34.98571,29.15476,31.40064,30.4795,29.06888,29.83287,26.90725,31.38471,31.38471,30.46309,34.78505,33.37664,30.01666,33.0,38.20995,35.0,42.29657,38.63936,40.5216,41.48494,45.88028,44.59821,40.4475,45.31004,45.27693,44.38468,43.41659,40.31129,49.24429,42.2019,42.43819,34.05877,41.7732,40.45986
7.61577,7.2111,8.60233,8.60233,10.0,9.21954,9.89949,9.89949,10.63015,11.31371,11.31371,12.04159,12.04159,12.04159,12.80625,13.60147,12.80625,13.60147,13.0384,13.60147,13.89244,13.89244,14.42221,14.42221,14.42221,13.89244,15.26434,14.42221,14.42221,14.42221,13.60147,14.42221,14.42221,13.60147,12.80625,12.80625,12.04159,12.04159,11.31371,10.63015,11.31371,9.89949,9.89949,9.89949,9.21954,8.48528,7.81025,8.06226,7.2111,6.7082,6.7082,6.32456,31.06445,36.23534,43.82921,41.0,45.65085,42.72002,44.04543,49.09175,48.09366,52.00961,55.03635,54.23099,58.03447,64.12488,58.13777,66.06815,63.3877,66.61081,69.58448,67.08204,68.46897,71.02112,72.18033,72.56032,73.75636,74.1485,72.03471,73.75636,76.94154,79.62412,81.60882,80.41144,72.56721,75.50497,71.38627,69.42622,72.36712,72.56032,75.42546,69.58448,72.24957,60.07495,61.0082,63.07139,61.0082,55.08176,56.14268,51.15662,51.15662,46.38965,48.83646,46.32494,42.37924,42.37924,38.62642,37.33631,41.14608,51.15662,48.6621,51.66237,49.33559,51.62364,48.10405,46.61545,47.92703,47.16991,44.72136,45.88028,48.33218,48.8467,48.46648,47.88528,42.95346,46.48656,41.78516,40.71855,39.81206,40.81666,35.8469,40.16217,32.28002,29.61419,31.14482,28.63564,26.07681,22.09072,22.56103,24.33105,22.82542,17.0,21.9545,23.02173,23.43075,23.43075,21.26029,27.313,27.85678,32.31099,30.08322,33.52611,35.35534,31.95309,32.06244,34.36568,42.04759,33.37664,41.30375,35.69314,31.40064,31.04835,32.01562,40.70626,38.47077,34.48188
7.07107,7.07107,8.24621,8.24621,8.544,9.48683,8.544,9.48683,9.84886,9.84886,10.29563,10.81665,10.81665,10.81665,11.6619,12.20656,11.40175,12.20656,12.20656,12.20656,12.20656,12.80625,12.80625,13.45362,12.80625,12.80625,13.60147,12.80625,12.80625,13.60147,12.20656,12.20656,11.6619,11.6619,11.6619,11.6619,11.6619,10.29563,10.29563,9.84886,9.84886,9.84886,8.544,8.544,8.544,7.28011,7.28011,7.07107,7.07107,6.0,6.0,6.08276,39.05125,35.80503,36.12478,40.60788,47.43416,45.0,44.40721,48.8467,48.8774,57.24509,51.26402,57.24509,55.36244,58.24088,58.69412,55.7853,63.78871,65.25335,66.94027,66.48308,72.83543,67.74216,66.91039,67.68309,72.99315,71.30919,67.74216,73.17103,70.11419,74.43118,70.71068,74.33034,66.37017,81.04937,72.99315,77.87811,73.00685,70.88018,69.26038,63.32456,64.56005,63.24555,58.24088,59.20304,58.5235,54.23099,57.38467,55.4617,49.39636,52.3259,46.04346,41.88078,38.58756,47.16991,36.76955,34.82815,33.24154,49.0408,54.08327,49.76947,50.60632,53.85165,49.73932,48.60041,46.40043,53.07542,46.8615,51.62364,46.2277,52.47857,45.48626,53.2635,46.8615,41.04875,41.10961,41.04875,39.20459,31.62278,41.04875,28.84441,34.20526,31.90611,23.02173,28.4605,27.51363,24.33105,26.30589,19.0263,26.07681,21.58703,19.64688,22.47221,26.24881,19.10497,26.07681,28.28427,26.92582,31.06445,30.23243,31.01612,32.69557,35.73514,40.24922,40.80441,35.90265,35.4683,34.48188,35.12834,43.18565,37.12142,32.06244,39.05125,36.05551,32.24903
7.07107,8.48528,7.81025,8.60233,8.60233,9.43398,9.43398,9.43398,10.29563,10.29563,11.18034,10.77033,11.7047,10.77033,11.7047,11.7047,12.36932,11.40175,12.36932,12.36932,12.36932,12.36932,12.36932,13.34166,13.34166,13.34166,13.34166,13.34166,13.34166,12.64911,13.60147,12.64911,12.64911,12.64911,11.7047,11.7047,11.7047,11.18034,9.84886,10.29563,9.43398,10.29563,9.43398,9.43398,8.60233,8.60233,7.81025,7.81025,7.07107,7.07107,6.40312,5.83095,44.29447,34.9285,32.75668,35.0571,39.0,37.21559,52.00961,50.80354,49.64877,50.35871,53.16014,59.66574,54.08327,61.46544,66.12866,65.55151,61.84658,65.39113,66.7308,67.1193,68.8767,67.53518,72.01389,69.46222,72.00694,73.82412,71.69379,74.33034,72.71864,77.41447,73.92564,73.3553,73.92564,71.11962,71.19691,68.0,75.15318,66.30988,66.21178,69.07966,72.44998,61.68468,60.74537,55.36244,58.18935,55.15433,60.72891,53.85165,52.17279,44.55334,46.27094,42.19005,36.12478,37.01351,40.04997,38.32754,38.32754,51.62364,49.72927,51.66237,57.27128,51.35173,53.23533,51.0,53.00943,52.0,50.15974,49.0408,50.24938,49.0102,48.04165,44.01136,46.09772,46.01087,41.01219,43.0,40.0125,38.01316,37.33631,35.12834,36.12478,29.06888,24.5153,25.31798,24.59675,21.9545,23.34524,21.26029,23.43075,20.51828,26.0,23.76973,28.79236,25.4951,35.01428,30.01666,29.0,34.9285,34.9285,38.27532,38.07887,29.41088,35.34119,39.82462,36.71512,42.04759,39.81206,38.58756,37.73592,43.26662,38.58756,42.52058,46.01087,41.7732
7.28011,7.28011,8.24621,8.24621,8.06226,9.05539,9.05539,9.0,10.0,10.04988,10.04988,11.04536,11.04536,11.04536,11.18034,12.16553,12.16553,12.16553,12.16553,12.36932,12.36932,12.36932,13.34166,13.34166,13.34166,13.34166,13.34166,13.34166,13.34166,13.15295,12.16553,12.16553,12.16553,12.04159,11.04536,11.04536,11.04536,11.04536,10.0,10.0,10.0,9.05539,9.05539,8.06226,8.06226,8.06226,7.07107,7.28011,7.28011,6.32456,5.38516,5.83095,37.85499,38.62642,41.19466,48.70318,42.48529,46.06517,48.37355,43.82921,48.41487,55.31727,54.45181,54.45181,64.3506,57.28001,61.84658,59.40539,65.0,67.80118,71.21798,66.4003,72.94518,69.33974,71.02112,74.09453,67.23095,79.40403,77.52419,76.02631,80.13114,82.1523,71.69379,81.88406,70.17834,74.06079,70.3278,78.49204,75.71658,73.24616,77.10383,68.24222,67.00746,62.00806,58.89822,65.06919,62.28965,53.03772,55.9017,50.91169,47.38143,49.57822,49.49747,47.63402,42.80187,43.82921,36.71512,35.77709,40.8534,51.08816,57.98276,51.22499,52.00961,51.47815,48.37355,51.40039,50.24938,51.47815,48.02083,50.11986,52.3259,53.66563,48.8467,48.30114,43.38202,44.65423,41.78516,36.67424,34.53983,37.69615,37.44329,29.0,36.24914,25.4951,31.89044,29.41088,28.01785,17.20465,25.94224,19.0263,15.29706,20.61553,18.02776,27.89265,26.40076,32.31099,30.01666,29.68164,32.75668,33.24154,33.30165,36.87818,41.34005,34.65545,32.75668,41.40048,43.909,38.48376,35.80503,41.88078,46.51881,44.01136,35.73514,43.17407,34.9285,39.81206
8.24621,8.24621,9.05539,9.05539,10.04988,10.04988,10.0,10.0,11.0,11.04536,11.04536,12.16553,12.16553,12.16553,12.16553,13.34166,12.36932,13.34166,13.34166,13.34166,13.34166,13.60147,13.60147,13.92839,13.60147,14.56022,14.56022,14.56022,14.56022,14.56022,13.34166,14.31782,13.34166,13.15295,13.15295,13.15295,12.16553,12.16553,12.04159,11.04536,11.04536,11.0,10.0,10.0,10.0,9.05539,9.05539,8.06226,8.24621,8.24621,7.28011,6.7082,37.48333,39.56008,42.72002,40.5216,41.04875,44.82187,40.0,47.80167,49.0408,50.93133,50.9902,55.17246,55.17246,61.03278,60.46487,63.41136,61.03278,64.00781,67.23095,68.0,72.94518,67.1193,68.8767,68.54196,66.37017,68.0,75.15318,73.40981,75.58439,74.32362,76.48529,81.85964,73.82412,74.73286,78.72103,71.11962,69.77105,69.33974,68.26419,72.20111,64.63745,63.82006,61.07373,62.00806,61.03278,58.41233,58.79626,54.40588,48.83646,50.24938,45.96738,45.25483,43.60046,44.94441,38.94868,38.01316,33.10589,51.62364,53.60037,50.60632,53.2635,52.63079,48.16638,48.08326,46.69047,52.49762,50.80354,50.44799,51.08816,49.64877,44.82187,48.41487,41.86884,38.28838,36.40055,36.87818,31.62278,29.73214,32.52691,30.61046,33.42155,24.18677,31.06445,28.16026,31.30495,23.76973,23.19483,29.15476,26.1725,23.76973,25.05993,24.69818,31.06445,30.52868,30.0,31.82766,36.06938,40.31129,37.53665,40.80441,36.89173,44.68781,31.7805,41.14608,41.62932,41.14608,47.85394,44.28318,48.30114,46.95743,45.88028,45.31004,44.38468,36.68787
8.24621,8.24621,9.05539,9.05539,10.0,10.0,10.0,11.04536,11.04536,11.18034,12.16553,12.16553,12.16553,12.36932,12.36932,13.34166,13.60147,13.60147,13.60147,13.60147,13.60147,14.86607,14.86607,14.86607,14.86607,14.86607,14.86607,14.86607,14.56022,14.86607,14.56022,14.56022,14.56022,13.34166,13.34166,13.34166,13.34166,12.16553,12.16553,12.16553,12.16553,11.04536,11.04536,10.04988,10.0,9.0,10.0,9.05539,8.06226,8.06226,7.28011,7.28011,50.01,41.0,43.93177,41.4367,39.92493,46.51881,38.94868,50.77401,47.20169,48.9183,52.20153,51.22499,59.03389,53.8145,56.72742,61.6198,63.78087,62.36986,76.02631,59.64059,70.17834,71.40028,76.27582,68.8186,67.95587,79.88116,71.02816,74.94665,79.07591,77.93587,79.25907,81.84131,73.23933,78.89233,71.28113,84.81156,74.8131,73.40981,72.91776,70.83784,69.52697,61.52235,69.02898,66.46804,71.42129,59.4138,57.31492,58.79626,51.62364,49.09175,46.32494,48.01042,47.41308,39.35734,44.29447,41.97618,39.21734,44.77723,50.32892,45.27693,49.81967,44.20407,48.82622,44.77723,41.6173,40.49691,42.19005,41.59327,46.61545,43.04649,43.82921,47.43416,38.47077,36.35932,38.27532,37.01351,34.43835,35.51056,35.35534,32.55764,30.4795,29.15476,25.6125,20.0,23.60085,24.69818,27.45906,26.1725,25.70992,25.31798,37.0,27.20294,30.41381,34.88553,31.82766,36.24914,41.10961,42.44997,35.60899,39.69887,40.36087,36.40055,41.40048,41.40048,38.27532,49.09175,36.24914,40.81666,40.24922,46.64762,39.39543,41.78516,41.4367,37.10795
7.81025,7.81025,8.48528,8.48528,9.21954,9.21954,10.0,10.0,10.0,10.29563,11.18034,11.18034,11.18034,12.08305,12.08305,12.08305,12.08305,13.0,12.64911,12.64911,13.0,13.92839,13.60147,13.60147,13.60147,13.60147,14.56022,14.86607,13.60147,14.86607,13.92839,13.92839,13.0,13.0,13.0,13.0,12.08305,12.08305,11.18034,11.18034,11.18034,10.29563,10.29563,9.43398,9.43398,8.60233,9.21954,7.81025,7.81025,7.07107,7.07107,6.40312,34.0,40.71855,35.1141,40.26164,42.44997,45.89118,44.04543,47.01064,50.08992,45.17743,52.15362,53.60037,55.31727,58.54912,61.81424,60.87693,64.51356,71.56815,62.64184,68.62215,66.7308,73.73602,67.62396,70.68239,69.46222,72.49828,77.07788,72.44998,78.92401,75.23962,76.02631,76.92204,77.82031,71.55418,83.7735,75.23962,70.38466,72.61543,73.00685,70.38466,75.89466,72.11103,66.70832,64.28841,60.87693,57.48913,58.24088,59.20304,52.23983,51.35173,47.67599,49.0408,46.04346,46.09772,43.41659,41.48494,40.79216,44.10215,39.01282,45.09989,41.0,38.32754,42.95346,39.81206,40.4475,40.31129,39.29377,39.56008,39.92493,42.44997,37.10795,30.36445,37.65634,38.32754,37.10795,26.4764,29.15476,21.37756,24.02082,26.01922,27.07397,17.08801,25.17936,23.85372,20.61553,23.02173,21.54066,23.34524,23.60085,28.4605,23.5372,26.68333,26.30589,35.35534,33.24154,33.01515,33.06055,37.21559,41.0,32.28002,42.42641,34.9285,43.28972,45.22168,42.04759,45.18849,46.48656,37.33631,41.14608,39.82462,36.71512,42.0119,42.2019,39.20459
7.28011,7.61577,8.94427,8.06226,9.43398,9.43398,9.21954,10.0,9.21954,10.63015,10.63015,11.31371,12.04159,11.40175,11.40175,12.80625,12.20656,12.20656,12.20656,13.0384,13.0384,13.0384,14.42221,13.89244,13.0384,14.42221,13.89244,14.42221,13.60147,14.42221,13.60147,13.60147,13.60147,12.80625,12.80625,13.45362,12.04159,12.04159,11.31371,11.31371,10.63015,10.63015,10.63015,9.21954,9.21954,8.60233,8.60233,8.06226,7.61577,7.61577,7.28011,6.08276,37.01351,41.10961,35.4683,44.10215,37.94733,38.94868,44.38468,51.62364,52.88667,54.34151,50.9902,52.17279,59.4138,55.9017,60.07495,62.07254,67.18631,63.03174,65.0,67.0,72.06247,63.1981,72.44308,70.02857,68.02941,71.34424,70.34913,80.06248,78.31347,79.76215,73.97973,83.09633,74.43118,80.62258,72.56032,76.05919,75.05998,75.05998,75.0,72.02777,67.00746,66.0303,71.06335,62.20129,64.12488,62.39391,59.3043,54.34151,57.27128,52.17279,51.41984,50.53712,46.61545,45.65085,41.4367,39.44617,40.22437,45.09989,45.60702,41.4367,43.9659,41.4367,42.72002,36.76955,36.71512,41.10961,42.94182,40.31129,43.04649,42.05948,37.12142,38.07887,32.31099,31.38471,31.95309,35.8469,29.15476,25.96151,32.31099,26.07681,30.14963,26.01922,23.19483,24.04163,22.47221,22.47221,25.55386,17.88854,23.43075,25.4951,25.6125,23.85372,31.38471,34.0147,31.95309,27.29469,38.07887,34.48188,35.73514,41.4367,38.01316,38.0526,47.01064,44.18144,43.28972,45.01111,39.20459,46.04346,41.59327,39.11521,35.51056,41.0,40.1995,34.17601
8.06226,8.60233,9.21954,9.21954,9.89949,9.89949,9.21954,10.0,10.0,10.81665,10.81665,11.6619,11.6619,11.6619,11.18034,12.08305,12.08305,13.0,13.0,13.0,13.0,13.92839,13.92839,13.60147,13.60147,13.60147,13.60147,13.92839,13.92839,13.92839,13.92839,13.92839,13.0,13.0,13.0,13.41641,12.52996,11.6619,11.6619,11.6619,10.81665,10.81665,10.81665,10.0,10.0,9.21954,8.48528,8.48528,7.81025,7.81025,7.2111,6.7082,35.77709,40.71855,41.76123,35.35534,41.97618,39.45884,50.24938,44.01136,45.01111,51.0392,51.62364,54.74486,57.00877,56.61272,57.48913,58.87274,61.61169,62.03225,64.62198,69.26038,66.30988,67.77905,69.35416,64.40497,67.53518,74.24284,72.91776,75.591,77.89737,77.47258,76.15773,76.89603,80.5295,74.68601,81.43709,78.54935,73.92564,72.8011,73.73602,70.00714,66.7308,60.44005,68.15424,59.13544,64.28841,63.06346,60.41523,58.46366,50.35871,49.0408,51.08816,48.16638,45.17743,44.04543,39.01282,37.85499,35.17101,45.12206,40.26164,42.10701,39.05125,40.0125,42.0119,40.0125,38.01316,40.4475,38.0526,40.04997,41.04875,37.12142,33.24154,34.0147,36.0,34.0,36.01389,29.06888,32.24903,31.257,25.70992,29.54657,27.89265,23.4094,22.82542,23.02173,25.80698,21.93171,21.47091,28.42534,22.84732,28.79236,22.13594,28.86174,32.01562,36.12478,31.06445,38.11824,35.0571,39.20459,36.22154,44.72136,47.85394,41.78516,48.25971,44.01136,39.39543,48.8774,40.24922,37.12142,42.54409,42.04759,40.31129,40.45986,45.60702,35.35534
8.0,9.05539,9.05539,9.05539,9.21954,10.19804,10.44031,10.44031,10.77033,10.77033,11.7047,12.08305,12.08305,12.08305,12.52996,12.52996,13.89244,13.0384,13.0384,13.0384,13.0384,14.42221,14.42221,14.42221,14.42221,14.42221,15.0,14.42221,14.42221,14.42221,13.89244,13.89244,13.89244,13.89244,13.89244,13.41641,13.41641,12.08305,12.08305,12.08305,11.7047,11.7047,10.77033,10.44031,9.48683,9.21954,9.21954,9.21954,8.06226,8.06226,8.0,7.0,33.6006,42.43819,38.41875,41.03657,42.19005,43.13931,47.43416,50.47772,48.8774,50.08992,52.80152,58.5235,56.30275,58.82176,57.00877,62.93648,66.48308,68.44706,65.51336,71.84706,71.70077,68.26419,73.43705,73.5527,72.33948,75.42546,74.24284,75.05998,81.7435,77.16217,77.02597,84.29116,79.15807,76.23647,76.10519,79.6304,80.50466,77.78175,73.17103,68.46897,72.56032,70.60453,70.40597,65.25335,62.93648,64.2573,60.08328,57.07013,54.42426,53.22593,50.53712,48.8467,45.61798,45.79301,46.32494,40.45986,36.87818,45.18849,44.41846,43.82921,43.82921,41.40048,41.86884,36.87818,36.06938,39.40812,35.60899,37.48333,40.45986,38.41875,38.28838,37.20215,32.01562,34.20526,30.4795,34.98571,29.54657,29.15476,34.78505,25.63201,29.15476,25.4951,21.09502,24.33105,20.0,27.16616,24.18677,33.54102,30.46309,28.6007,29.06888,31.14482,29.20616,30.41381,36.35932,35.22783,40.24922,42.94182,37.16181,40.5216,40.79216,42.95346,47.04253,38.32754,45.60702,42.19005,50.15974,47.07441,45.17743,41.04875,43.18565,45.0,50.63596,39.62323
7.81025,8.48528,8.48528,8.48528,9.21954,9.43398,9.43398,9.43398,10.29563,10.29563,11.18034,10.77033,10.77033,11.7047,11.7047,12.64911,12.36932,12.64911,12.36932,12.36932,13.34166,13.34166,13.34166,13.34166,13.34166,14.31782,14.31782,14.31782,14.31782,14.56022,13.60147,13.60147,13.60147,13.0,13.0,12.64911,12.08305,12.08305,12.08305,11.18034,11.18034,10.29563,10.29563,9.43398,9.43398,9.21954,9.21954,8.48528,8.48528,7.81025,7.2111,7.2111,45.54119,41.19466,39.0,41.04875,38.0,39.62323,41.0,50.63596,50.59644,49.24429,54.08327,49.39636,55.00909,57.69749,58.18075,60.41523,58.18075,66.57327,66.88797,68.60029,70.0,64.89992,71.02816,70.0928,72.47068,69.6563,74.51845,78.51751,78.40918,79.02531,75.82216,78.74643,77.62087,76.844,76.83749,73.87828,72.42237,77.93587,73.4983,72.71864,70.71068,66.03787,68.60029,59.16925,64.88451,57.77543,57.38467,56.46238,53.14132,53.14132,50.92151,42.44997,45.88028,45.35416,38.47077,41.04875,35.12834,41.59327,42.04759,43.32436,42.72002,40.49691,44.72136,41.01219,37.94733,42.2019,40.02499,36.67424,39.62323,40.26164,37.85499,40.5216,33.95585,34.48188,35.22783,33.24154,27.89265,27.51363,27.29469,25.05993,31.62278,24.20744,24.04163,23.60085,30.23243,22.80351,27.313,25.55386,27.45906,29.12044,28.01785,30.01666,31.257,33.24154,35.69314,37.65634,37.36308,40.80441,37.16181,45.69464,49.24429,38.58756,47.16991,36.67424,43.04649,46.61545,42.72002,45.60702,42.63801,44.82187,40.31129,37.53665,41.86884,45.45327
7.2111,7.2111,8.06226,8.06226,8.94427,8.544,9.48683,9.48683,9.48683,10.19804,10.19804,11.18034,11.18034,11.18034,12.04159,12.04159,12.04159,13.0384,13.0,13.0,13.0384,13.0,13.0,14.0,14.0,14.0,14.0,14.0,14.0,15.0,14.03567,14.03567,13.0384,13.0384,13.0384,13.0384,12.16553,12.16553,11.18034,11.18034,11.18034,10.44031,10.44031,9.48683,9.48683,8.544,8.94427,8.06226,8.06226,7.2111,6.40312,6.40312,35.34119,34.52535,36.22154,39.20459,42.04759,44.40721,48.05206,44.91102,50.69517,50.32892,52.47857,55.9464,55.47071,59.61543,56.61272,61.58734,66.7308,58.83026,68.24222,66.57327,71.40028,67.94115,66.70832,70.0928,70.0,73.24616,74.27651,74.8131,77.42093,75.43209,75.45197,79.81228,76.2168,79.39773,75.28612,75.60423,69.06519,70.45566,74.20243,73.81734,68.7968,66.88797,70.68239,63.52952,65.76473,59.9333,61.91123,57.77543,55.36244,48.75449,53.22593,49.0408,49.33559,43.56604,40.60788,40.31129,40.0125,44.10215,44.28318,47.16991,42.05948,42.72002,49.0306,41.7732,40.26164,43.9659,38.07887,41.0,39.62323,41.0,38.0526,35.12834,33.54102,35.4683,36.05551,35.1141,34.48188,32.31099,32.24903,23.70654,27.29469,25.0,24.83948,24.08319,25.4951,24.08319,29.41088,21.58703,24.08319,22.13594,26.68333,29.01724,31.257,34.71311,34.20526,34.78505,35.90265,40.31129,40.31129,39.0,43.08132,41.10961,29.15476,40.71855,47.42362,40.81666,40.45986,42.0119,43.27817,42.0119,38.94868,43.60046,32.44996,40.8534
7.81025,7.81025,7.81025,8.48528,9.21954,10.0,10.0,9.43398,10.81665,10.29563,11.18034,11.18034,12.08305,11.7047,12.08305,12.08305,12.64911,12.64911,12.64911,13.60147,13.92839,13.60147,13.60147,14.56022,14.56022,14.56022,14.56022,13.92839,14.86607,14.56022,13.92839,13.92839,13.92839,13.0,13.0,13.0,13.0,12.08305,12.08305,11.18034,11.18034,10.29563,10.29563,10.29563,10.0,8.60233,9.21954,8.48528,7.81025,7.07107,7.07107,7.2111,37.20215,31.30495,37.94733,35.44009,35.44009,43.93177,41.19466,47.16991,49.0102,46.09772,52.00961,52.23983,57.27128,52.63079,61.66036,55.08176,64.53681,68.41053,64.28841,61.61169,66.40783,66.76077,69.28925,71.69379,69.57011,74.0,69.46222,74.46476,72.23573,76.96753,71.69379,83.25863,75.02666,79.84986,70.38466,78.79086,75.27284,70.5762,73.37575,73.00685,66.76077,68.41053,64.03124,65.9242,65.30697,60.53098,62.80127,55.65968,57.87055,55.22681,53.00943,52.03845,42.0119,41.10961,42.04759,42.75512,40.5216,42.57934,46.04346,47.09565,46.04346,45.04442,45.39824,43.18565,41.7732,45.39824,42.57934,44.40721,41.30375,40.26164,36.12478,37.65634,36.34556,39.31921,34.1321,35.0571,31.14482,23.19483,32.01562,32.38827,25.63201,22.47221,26.57066,23.25941,21.9545,25.23886,26.87006,23.34524,30.0,28.23119,29.15476,32.69557,28.63564,28.28427,32.38827,36.34556,37.0,37.05401,34.0147,41.30375,42.75512,40.79216,37.12142,41.4367,42.72002,43.65776,37.85499,44.92215,39.84972,45.18849,36.24914,37.21559,38.07887,36.61967
7.28011,8.544,8.544,8.94427,8.94427,9.43398,9.43398,10.0,10.0,10.63015,11.40175,11.31371,12.04159,11.31371,12.04159,12.04159,12.80625,12.80625,12.80625,13.60147,12.80625,13.60147,13.60147,13.60147,13.60147,14.42221,14.42221,15.0,13.60147,13.60147,14.21267,14.21267,14.21267,13.45362,13.45362,13.45362,12.72792,12.04159,11.31371,11.31371,11.31371,10.63015,10.63015,10.0,10.0,9.43398,9.43398,8.94427,8.94427,8.544,7.61577,7.28011,35.80503,34.65545,32.20248,37.12142,34.98571,40.71855,41.48494,44.91102,48.50773,50.44799,47.29693,51.15662,57.00877,50.08992,56.0803,57.21888,60.20797,66.37017,62.28965,59.3043,66.91039,73.97973,63.63961,71.19691,69.87131,72.00694,70.85901,76.40026,66.94027,76.90254,71.80529,76.15773,73.5459,75.18643,74.1485,72.00694,69.87131,70.45566,68.18358,68.26419,69.02898,67.02984,65.06919,59.03389,56.00893,59.00847,55.03635,53.08484,51.62364,54.45181,50.44799,46.8188,47.29693,41.7732,43.46263,36.24914,36.76955,44.28318,51.0098,49.09175,46.17359,45.54119,48.27007,44.55334,41.7732,43.73786,45.88028,45.88028,41.48494,44.91102,41.97618,43.17407,40.02499,42.42641,41.59327,34.9285,29.73214,29.41088,29.01724,36.22154,29.15476,29.0,28.16026,29.83287,26.40076,25.80698,24.59675,24.18677,24.83948,24.04163,29.06888,30.52868,31.30495,27.85678,28.63564,33.54102,33.52611,35.0571,42.57934,42.57934,42.19005,48.6621,41.4367,44.01136,43.28972,42.42641,41.01219,46.09772,39.0,42.75512,42.2019,46.57252,35.4683,38.01316
7.81025,8.48528,8.48528,9.21954,9.21954,10.0,10.0,10.0,10.81665,10.81665,11.18034,11.18034,12.08305,12.08305,12.08305,12.08305,13.0,13.0,13.0,13.0,13.0,13.92839,13.92839,13.92839,13.92839,13.92839,13.92839,13.92839,14.31782,14.31782,13.41641,13.41641,13.41641,12.52996,12.52996,12.52996,12.52996,11.6619,11.6619,10.81665,10.81665,10.81665,10.0,10.0,9.21954,9.21954,8.48528,8.48528,7.81025,7.81025,7.2111,7.2111,38.8973,40.80441,42.95346,39.56008,44.38468,41.23106,44.40721,43.01163,45.70558,51.0098,51.0098,53.15073,59.13544,55.57877,58.69412,54.91812,65.30697,62.16912,60.41523,59.84146,73.08215,67.46851,67.18631,71.56815,66.4906,72.8011,75.0,72.44998,71.56815,74.63243,74.67262,75.96052,70.5195,73.08215,74.67262,73.5459,72.00694,71.19691,70.83078,62.96825,61.66036,63.78871,62.20129,60.29925,60.0,55.44367,54.00926,60.03332,52.0,44.0,52.0,43.04649,42.95346,41.59327,41.23106,37.94733,35.8469,50.59644,54.81788,53.60037,52.17279,54.74486,49.16299,50.0,47.26521,48.01042,47.04253,48.01042,46.04346,48.16638,47.04253,46.38965,40.0125,43.10452,42.10701,42.10701,39.20459,33.13608,36.01389,32.06244,32.01562,27.20294,27.20294,29.12044,22.36068,25.63201,27.45906,20.51828,20.24846,28.6007,25.23886,27.45906,30.36445,30.01666,27.0,28.07134,32.14032,36.01389,39.01282,44.38468,36.40055,33.13608,44.28318,42.72002,41.4367,44.77723,45.54119,39.82462,48.76474,46.52956,39.40812,39.44617,44.82187,40.45986
8.60233,8.60233,9.21954,9.89949,9.89949,10.63015,10.63015,11.40175,11.40175,12.20656,12.20656,12.20656,13.0384,12.52996,13.0384,13.89244,13.41641,13.41641,14.31782,14.31782,14.31782,14.31782,14.31782,15.23155,15.23155,15.23155,15.23155,15.23155,15.23155,14.31782,14.31782,14.76482,14.76482,13.89244,13.89244,13.89244,12.52996,11.6619,12.20656,11.6619,11.40175,10.81665,10.81665,10.0,10.63015,9.89949,9.89949,8.48528,8.48528,7.81025,7.81025,7.2111,31.38471,42.05948,39.39543,38.8973,40.80441,40.5216,45.39824,52.23983,50.63596,54.03702,52.03845,57.03508,62.20129,58.00862,62.514,63.3877,67.26812,60.82763,65.96969,66.28725,68.06614,64.49806,73.08215,73.00685,69.64194,70.5762,70.93659,74.04053,70.83078,74.94665,73.76313,79.07591,79.55501,75.9276,70.40597,72.36712,69.12308,70.45566,69.42622,63.95311,61.81424,69.42622,60.40695,62.39391,60.07495,55.0,55.00909,55.00909,51.24451,42.57934,44.72136,43.41659,41.76123,38.60052,38.62642,43.08132,35.77709,50.92151,55.36244,52.17279,53.60037,51.15662,52.00961,51.08816,51.15662,49.0,49.16299,49.0,50.24938,48.50773,50.24938,50.35871,40.04997,45.01111,40.1995,40.0125,42.75512,35.0571,38.01316,28.0,32.38827,34.05877,24.02082,27.89265,27.89265,24.59675,24.16609,23.60085,24.75884,21.93171,26.87006,24.35159,26.24881,28.0,33.54102,30.08322,28.07134,33.13608,33.37664,32.75668,36.34556,37.65634,37.10795,42.37924,40.49691,43.65776,39.84972,37.69615,45.31004,41.67733,39.66106,41.67733,43.41659,43.93177
7.07107,7.0,8.06226,8.06226,8.06226,8.06226,9.21954,9.21954,9.48683,10.44031,10.44031,10.77033,10.77033,10.77033,10.77033,12.08305,12.52996,12.08305,12.52996,12.52996,12.52996,12.52996,13.41641,13.0384,13.41641,13.41641,13.41641,13.41641,13.41641,13.41641,12.08305,13.0,12.08305,12.08305,11.7047,11.7047,11.7047,10.44031,10.19804,10.44031,10.19804,10.19804,9.21954,9.05539,8.06226,8.0,8.0,7.0,7.07107,7.07107,6.32456,6.32456,26.1725,37.57659,38.58756,42.63801,42.52058,43.93177,40.45986,45.27693,48.41487,45.80393,46.95743,59.05929,52.35456,61.26989,62.26556,60.41523,63.69458,63.97656,62.62587,70.77429,66.85058,69.89278,66.94027,68.88396,71.16881,72.12489,75.0,73.37575,74.94665,81.0432,77.49194,76.55064,82.21922,73.37575,77.62087,69.26038,75.27284,74.33034,72.09022,65.0,63.56099,63.63175,61.26989,61.29437,53.22593,56.4358,52.35456,54.91812,47.20169,47.63402,44.20407,48.9183,42.42641,42.52058,40.60788,31.38471,32.20248,51.26402,46.51881,51.10773,54.08327,53.82379,47.50789,49.0408,50.93133,49.57822,50.20956,49.49747,53.90733,46.01087,48.08326,52.40229,46.01087,43.13931,47.38143,41.10961,40.0,41.40048,43.13931,34.1321,37.44329,35.51056,31.76476,29.15476,26.57066,37.94733,26.24881,30.01666,29.0,24.08319,26.1725,28.28427,29.52965,31.38471,30.88689,28.42534,32.75668,26.24881,36.79674,31.40064,36.40055,35.8469,34.20526,33.42155,35.4683,33.61547,35.8469,35.1141,30.67572,36.13862,39.62323,30.0,31.57531,29.27456
6.7082,7.61577,7.61577,7.61577,8.24621,8.24621,9.21954,9.05539,10.04988,10.04988,10.04988,10.04988,11.04536,11.0,11.0,12.04159,12.04159,12.04159,12.16553,12.16553,12.16553,13.15295,13.15295,13.15295,13.0384,13.15295,14.14214,13.15295,13.0384,13.0384,13.0384,13.0384,13.0384,12.0,12.0,12.0,11.04536,11.04536,11.04536,10.04988,10.04988,10.04988,9.21954,9.21954,8.24621,8.24621,7.28011,7.61577,6.7082,6.7082,6.40312,6.40312,24.59675,34.9285,37.0,37.64306,42.94182,41.88078,48.01042,40.45986,45.60702,53.03772,50.93133,53.03772,58.79626,58.41233,57.98276,65.60488,63.82006,63.82006,65.19202,66.03787,66.88797,72.00694,65.19202,68.88396,72.47068,70.71068,77.52419,72.56032,72.56032,74.94665,75.47185,72.47068,78.89233,76.05919,76.05919,72.71864,71.86793,72.56032,69.46222,70.49113,69.06519,63.41136,66.06815,56.85068,60.60528,58.79626,52.34501,56.22277,44.59821,50.20956,44.82187,44.04543,41.86884,39.66106,35.77709,35.77709,33.83785,47.38143,47.63402,47.01064,50.60632,50.47772,53.7122,47.50789,51.31277,47.16991,49.65884,51.89412,50.24938,46.51881,48.25971,45.79301,47.01064,43.46263,46.61545,45.79301,39.66106,39.81206,42.43819,39.44617,38.18377,36.79674,30.61046,34.71311,32.01562,34.1321,32.69557,26.41969,28.16026,29.27456,30.14963,25.0,32.01562,29.61419,27.89265,34.48188,35.1141,36.40055,37.12142,35.8469,40.49691,34.98571,34.71311,39.05125,36.12478,41.03657,37.48333,41.7732,38.01316,34.20526,39.11521,37.16181,33.01515,31.95309
7.61577,7.61577,8.06226,8.06226,8.60233,8.60233,9.21954,9.21954,9.89949,10.63015,10.63015,10.63015,11.40175,11.40175,11.40175,11.6619,11.6619,11.6619,12.52996,12.52996,12.52996,13.41641,13.41641,13.41641,13.41641,13.41641,14.31782,13.41641,13.41641,13.41641,13.0384,13.89244,13.0384,13.0384,13.0384,12.20656,12.20656,11.40175,11.40175,10.63015,10.63015,10.63015,9.89949,9.21954,8.48528,9.21954,7.81025,7.81025,7.81025,7.2111,6.7082,6.32456,39.62323,35.38361,34.48188,33.61547,34.20526,43.17407,42.75512,40.1995,52.23983,47.09565,48.6621,50.03998,55.3263,56.4358,61.52235,54.91812,58.69412,60.41523,60.16644,62.64184,68.15424,68.70953,65.19202,65.39113,70.77429,69.46222,72.23573,75.23962,72.42237,74.09453,72.23573,82.8553,73.1642,75.02666,71.11259,72.12489,75.61085,78.74643,68.30813,68.41053,62.36986,61.18823,62.36986,61.18823,59.66574,59.68249,55.9017,49.81967,49.09175,49.0408,52.0,40.0125,37.01351,44.01136,35.69314,37.36308,38.27532,45.0,47.01064,46.17359,47.51842,45.39824,47.38143,42.95346,45.35416,48.83646,44.01136,44.38468,43.41659,42.72002,44.55334,49.49747,44.55334,45.89118,42.95346,42.19005,39.31921,33.13608,37.12142,41.01219,35.0,32.06244,31.7805,30.0,35.90265,29.06888,29.54657,29.68164,32.80244,31.62278,31.14482,30.80584,36.05551,29.15476,33.61547,36.67424,38.27532,38.60052,36.87818,43.28972,38.63936,45.39824,37.12142,36.01389,39.01282,44.10215,41.30375,41.19466,40.1995,39.20459,37.05401,37.85499,34.48188,40.49691
8.0,8.0,9.05539,9.05539,9.21954,9.21954,9.48683,9.84886,10.77033,10.77033,11.18034,11.6619,11.6619,12.52996,11.6619,13.0384,13.0384,13.0384,12.80625,13.60147,13.60147,13.60147,15.0,14.21267,14.21267,14.21267,14.21267,15.0,13.60147,15.0,13.60147,14.42221,14.42221,13.89244,13.89244,13.89244,13.41641,12.08305,12.08305,12.08305,11.7047,10.77033,10.77033,10.44031,9.48683,9.21954,9.21954,9.05539,9.05539,8.0,7.0,7.07107,34.1321,37.12142,36.76955,34.82815,40.0,39.66106,42.04759,42.19005,50.15974,49.0408,49.72927,53.45091,59.66574,58.85576,59.03389,63.3877,64.77654,60.03332,61.03278,69.06519,66.06815,65.0,71.17584,70.17834,66.37017,74.33034,71.17584,72.1734,76.1643,73.33485,71.0,70.11419,73.06162,74.10803,78.00641,74.0,73.00685,72.02777,75.02666,68.26419,70.11419,65.9242,60.20797,62.16912,58.69412,57.27128,57.27128,57.48913,50.28916,52.49762,47.92703,42.15448,42.94182,41.59327,40.80441,35.0,34.05877,40.79216,40.04997,40.02499,41.0,40.60788,37.65634,43.41659,39.84972,42.37924,42.2019,35.44009,35.51056,36.87818,35.90265,38.07887,35.35534,36.67424,32.38827,33.0,30.01666,30.01666,23.08679,30.01666,27.45906,25.17936,28.16026,31.95309,22.47221,28.01785,29.20616,36.12478,34.20526,34.20526,35.51056,32.80244,39.11521,38.8973,39.92493,44.92215,41.23106,45.35416,44.27189,49.0408,45.89118,50.21952,58.13777,50.03998,47.26521,57.0,50.01,52.0,50.24938,45.17743,48.25971,48.0,46.69047,45.70558
8.06226,8.60233,9.21954,9.21954,9.89949,9.89949,10.63015,10.63015,11.40175,11.40175,12.20656,12.20656,12.52996,12.52996,12.52996,13.41641,13.41641,13.41641,13.41641,13.41641,14.31782,13.92839,14.31782,14.31782,14.31782,15.23155,15.23155,14.31782,15.23155,14.31782,14.31782,14.31782,14.31782,13.89244,13.89244,13.0384,13.0384,13.0384,12.20656,12.20656,11.40175,11.40175,10.63015,10.63015,9.89949,9.89949,9.21954,9.21954,8.60233,8.06226,8.06226,6.7082,39.66106,38.48376,42.04759,38.47077,42.57934,43.28972,45.39824,44.04543,49.0408,43.28972,52.03845,53.46027,57.07013,52.20153,52.63079,58.82176,60.00833,60.40695,63.24555,63.90618,67.1193,68.44706,64.49806,70.5762,67.62396,64.4748,73.40981,74.79305,68.8767,76.92204,74.24284,74.84651,74.46476,73.82412,68.44706,70.38466,72.8011,71.7844,69.64194,66.09841,67.35726,65.52099,61.18823,60.44005,55.31727,57.21888,55.3263,54.23099,45.17743,48.04165,46.04346,42.42641,38.32754,41.10961,41.97618,36.05551,34.9285,40.49691,36.23534,42.54409,42.2019,37.48333,40.26164,37.33631,38.63936,39.62323,35.17101,35.44009,34.9285,35.1141,40.26164,34.20526,29.83287,27.89265,28.23119,28.23119,31.95309,22.84732,28.84441,25.6125,20.51828,21.63331,22.67157,26.92582,25.05993,30.36445,29.54657,25.4951,30.14963,27.65863,31.0,28.07134,35.12834,37.48333,41.59327,38.8973,39.21734,41.23106,44.77723,44.77723,47.41308,47.16991,45.54119,45.18849,53.23533,46.95743,52.83938,49.39636,50.0,48.02083,42.2019,48.83646,42.63801,47.01064
8.24621,8.544,8.94427,9.84886,10.29563,10.29563,10.81665,10.81665,11.40175,11.40175,12.04159,12.72792,12.72792,12.72792,12.72792,13.45362,13.45362,13.45362,14.21267,14.21267,14.86607,14.86607,14.86607,15.0,15.0,15.0,15.6205,15.6205,14.86607,14.86607,14.86607,14.86607,14.14214,14.14214,13.45362,13.45362,13.45362,12.04159,12.04159,11.40175,11.40175,11.40175,10.81665,10.81665,10.29563,8.94427,8.94427,8.544,8.544,7.61577,7.28011,7.07107,39.66106,43.01163,37.53665,44.40721,40.24922,42.94182,50.56679,46.51881,51.5461,52.39275,53.15073,58.21512,59.03389,59.3043,62.39391,66.1211,70.06426,64.07027,62.0,69.06519,69.26038,72.1734,69.11584,74.43118,71.34424,75.16648,74.8131,72.36712,78.77182,79.30952,75.66373,81.30191,77.41447,79.30952,80.50466,69.18092,72.06247,67.06713,75.16648,74.10803,68.00735,72.1734,68.18358,59.00847,55.08176,62.80127,53.23533,56.4358,51.97115,47.80167,49.64877,42.15448,40.80441,38.48376,37.21559,34.4093,36.61967,45.04442,39.45884,44.91102,50.21952,43.41659,40.16217,39.21734,41.78516,35.34119,40.24922,36.23534,36.40055,38.62642,37.94733,33.10589,28.6531,32.28002,31.95309,27.45906,28.79236,27.85678,22.02272,23.0,24.02082,24.08319,22.13594,17.20465,21.26029,23.60085,22.47221,25.4951,26.40076,27.85678,31.38471,32.01562,35.73514,38.0526,40.11234,34.05877,42.10701,36.12478,45.01111,44.01136,50.01,47.04253,59.03389,52.61179,45.12206,52.34501,48.83646,54.57105,45.12206,51.92302,44.92215,48.38388,51.86521,45.60702
7.2111,6.7082,7.61577,7.61577,8.24621,8.24621,9.05539,9.05539,10.04988,10.0,11.04536,11.0,12.0,12.0,12.0,12.04159,13.0384,13.0384,13.15295,13.15295,13.15295,14.14214,14.14214,14.14214,14.14214,14.14214,14.14214,14.14214,14.03567,13.0384,14.03567,13.0384,13.0384,13.0,13.0,12.0,12.0,11.0,11.04536,11.04536,10.04988,10.19804,9.05539,9.21954,8.24621,8.24621,8.24621,7.61577,6.7082,6.7082,5.83095,5.83095,33.61547,33.12099,34.98571,33.94113,35.38361,38.60052,36.87818,47.16991,50.08992,50.11986,48.75449,52.0,55.02727,56.04463,56.51548,61.84658,63.15061,60.01666,65.76473,66.27217,69.35416,70.34913,73.06162,71.25307,72.33948,74.10803,74.10803,77.05842,74.10803,78.1025,75.10659,80.00625,77.10383,76.23647,72.06247,76.41989,76.32169,73.43705,72.69113,70.71068,66.91039,66.91039,64.53681,59.66574,64.28841,56.75385,56.921,53.45091,51.86521,48.46648,46.51881,47.01064,42.72002,40.81666,36.61967,38.94868,33.30165,45.45327,50.24938,46.69047,48.60041,49.09175,49.09175,47.16991,44.65423,44.77723,40.71855,45.65085,42.94182,39.92493,42.19005,36.71512,35.34119,36.67424,31.90611,34.1321,29.41088,27.45906,24.83948,23.34524,20.0,20.59126,22.47221,17.26268,17.26268,13.0384,17.02939,18.11077,18.38478,17.88854,26.40076,24.20744,24.08319,30.61046,33.42155,32.24903,34.9285,37.33631,35.8469,39.21734,40.8534,39.21734,43.93177,42.44997,43.41659,47.07441,41.97618,40.02499,49.64877,46.69047,40.79216,41.01219,44.10215,40.11234
6.7082,7.61577,7.28011,8.24621,8.24621,9.05539,9.05539,10.04988,10.0,10.0,11.0,11.04536,12.04159,12.16553,13.0384,12.16553,13.15295,13.34166,14.31782,13.34166,14.31782,14.56022,14.31782,14.56022,15.29706,15.29706,15.52417,14.31782,15.52417,14.31782,15.29706,15.29706,14.31782,14.14214,14.14214,13.15295,13.15295,13.0384,12.04159,12.04159,11.04536,11.0,11.0,11.0,10.0,9.05539,9.05539,9.05539,8.24621,7.28011,7.28011,6.7082,35.44009,37.16181,28.42534,37.64306,35.22783,37.20215,38.27532,38.91015,42.94182,40.8534,50.21952,45.70558,52.61179,51.35173,54.74486,60.40695,62.28965,61.03278,66.0,68.0,69.06519,71.00704,65.12296,72.33948,70.34913,74.06079,78.51751,78.51751,76.32169,78.23043,77.05842,81.3941,78.16009,75.42546,81.09871,76.23647,73.06162,75.16648,74.02702,72.06247,70.0,67.00746,64.07027,68.06614,60.0,59.13544,57.21888,61.29437,52.46904,54.23099,47.07441,45.88028,46.17359,45.54119,43.46263,39.11521,35.22783,55.60576,57.48913,52.34501,56.22277,57.2014,55.56978,52.15362,53.66563,55.56978,54.70832,54.58938,47.85394,46.95743,45.17743,49.1935,44.77723,39.35734,39.82462,35.77709,35.8469,34.20526,35.51056,27.80288,29.83287,22.67157,22.62742,24.18677,21.0238,19.31321,17.11724,16.12452,16.15549,18.02776,21.93171,15.55635,24.41311,23.34524,21.93171,26.07681,32.24903,33.28663,32.75668,33.10589,37.16181,37.0,37.94733,41.10961,42.57934,43.17407,43.68066,42.75512,44.40721,45.39824,41.30375,44.28318,42.0119,37.05401
7.2111,7.07107,7.81025,7.81025,8.60233,9.43398,8.94427,8.94427,9.84886,10.77033,10.77033,11.40175,11.40175,12.36932,12.36932,12.36932,13.15295,13.15295,13.15295,13.15295,14.14214,14.14214,14.14214,14.03567,15.0333,15.13275,15.0333,15.13275,15.13275,15.13275,14.14214,14.14214,14.14214,14.14214,14.31782,14.31782,13.34166,12.36932,12.36932,12.36932,11.7047,11.7047,10.77033,10.77033,9.84886,9.84886,8.94427,8.94427,9.43398,8.60233,7.81025,7.81025,25.94224,28.17801,31.241,33.24154,28.16026,31.06445,35.35534,37.21559,34.05877,39.05125,41.23106,42.05948,46.84015,44.94441,52.7731,54.626,60.82763,56.35601,57.38467,60.41523,63.63175,57.68882,58.41233,58.83026,64.89992,71.86793,68.24954,73.00685,75.21303,71.84706,74.4043,70.71068,68.96376,71.8401,72.94518,71.69379,68.42514,67.74216,67.41662,66.70832,68.42514,65.76473,64.4748,56.85948,61.09828,50.59644,58.87274,45.88028,53.85165,49.81967,43.93177,44.10215,45.27693,40.60788,41.0,40.04997,37.05401,59.43904,60.29925,58.0,60.07495,56.0803,59.21149,55.03635,54.12947,58.85576,51.66237,52.49762,53.15073,48.83646,53.60037,54.12947,43.93177,45.31004,44.59821,43.68066,37.36308,37.12142,37.85499,29.27456,31.0,30.06659,26.01922,27.313,21.18962,21.18962,24.16609,22.36068,10.44031,17.08801,19.23538,22.67157,21.58703,29.15476,20.22375,32.0,29.01724,32.75668,32.75668,38.32754,38.8973,38.63936,45.88028,41.10961,41.59327,45.65085,39.96248,45.61798,45.48626,49.24429,48.75449,42.80187,39.82462,35.1141
5.83095,5.38516,6.32456,6.32456,7.07107,7.07107,8.0,8.0,8.06226,9.05539,9.05539,9.21954,10.19804,10.19804,10.44031,11.40175,10.44031,11.40175,11.7047,11.7047,11.7047,12.08305,13.0,13.0,13.0,13.0,13.0,13.92839,12.64911,12.64911,12.64911,12.64911,12.64911,12.64911,12.36932,11.40175,11.18034,11.18034,10.19804,10.19804,10.19804,9.05539,9.05539,9.05539,8.06226,8.0,8.0,7.0,7.07107,7.07107,6.32456,5.38516,33.01515,33.28663,32.64966,33.83785,39.81206,34.9285,42.05948,35.69314,41.23106,38.07887,42.10701,45.01111,48.09366,53.23533,47.51842,51.66237,54.91812,57.72348,56.04463,66.12866,60.74537,66.48308,65.19202,64.84597,66.12866,69.07966,75.02666,77.07788,73.82412,71.7844,74.46476,72.8011,75.6439,72.23573,75.96052,70.5762,68.30813,70.2282,71.16881,69.64194,69.26038,64.28841,61.84658,60.41523,57.00877,62.16912,54.74486,54.34151,49.49747,50.35871,50.08992,44.01136,44.01136,42.04759,38.20995,38.63936,37.33631,58.03447,55.08176,56.4358,55.31727,55.36244,55.97321,55.02727,57.27128,57.24509,57.24509,54.78138,56.30275,56.46238,52.20153,50.15974,52.55473,49.39636,49.98,47.16991,46.48656,41.76123,41.10961,41.48494,38.07887,36.49658,35.35534,34.1321,30.0,33.24154,30.80584,29.61419,23.85372,28.63564,26.07681,22.62742,28.42534,28.30194,25.94224,30.46309,37.33631,33.83785,38.47077,37.21559,41.4367,38.32754,38.0526,43.04649,43.18565,46.04346,48.50773,47.07441,46.17359,46.09772,41.59327,45.12206,43.56604,44.27189
6.08276,6.0,7.0,6.08276,7.07107,7.07107,7.28011,7.61577,8.544,8.94427,8.94427,8.94427,9.43398,10.29563,10.29563,10.81665,10.81665,10.81665,11.40175,11.40175,12.20656,12.20656,12.20656,12.80625,12.80625,12.80625,13.60147,13.60147,12.20656,13.0384,12.20656,13.0384,12.52996,11.6619,11.6619,11.6619,11.18034,10.29563,9.84886,9.84886,9.84886,9.48683,9.48683,8.544,8.24621,8.24621,7.07107,7.07107,7.07107,6.08276,6.0,6.0,36.0,35.35534,40.26164,41.10961,32.28002,32.89377,40.22437,42.43819,38.20995,41.01219,41.23106,48.16638,47.38143,47.70744,49.0408,49.39636,51.88449,56.36488,58.66856,60.03332,61.77378,56.79789,61.46544,61.46544,62.17717,65.74192,65.30697,67.23095,70.00714,70.5762,69.57011,77.52419,65.76473,71.11259,67.97794,70.23532,66.88797,63.52952,67.20119,69.40461,62.00806,67.62396,64.66065,58.41233,58.0517,52.34501,54.45181,52.34501,47.63402,50.0,44.65423,46.40043,41.88078,40.70626,33.54102,36.24914,39.82462,53.0,52.03845,52.39275,54.91812,56.32051,52.49762,53.48832,51.26402,49.0408,50.69517,55.08176,53.31041,50.59644,53.7122,51.42956,54.70832,53.31041,46.51881,45.88028,45.69464,44.72136,43.04649,38.47077,38.62642,39.05125,37.48333,39.62323,36.22154,25.07987,29.15476,32.24903,24.5153,27.20294,30.08322,29.96665,30.08322,31.14482,35.22783,32.55764,38.28838,36.87818,38.01316,41.88078,37.73592,42.2019,49.65884,46.87217,36.67424,50.9902,50.60632,44.92215,51.07837,47.42362,38.60052,43.32436,40.02499,36.87818
7.28011,7.61577,7.61577,7.2111,7.81025,7.81025,8.48528,8.48528,8.48528,9.21954,9.43398,9.43398,10.29563,10.29563,10.29563,11.18034,11.18034,11.18034,11.18034,11.18034,12.08305,12.08305,13.0,12.64911,13.0,13.0,13.0,13.0,13.41641,13.41641,12.52996,12.52996,12.52996,12.52996,12.20656,11.6619,11.6619,10.81665,10.81665,10.0,10.63015,9.89949,9.89949,9.21954,8.48528,8.48528,8.60233,7.81025,7.2111,7.2111,6.7082,6.7082,37.01351,38.28838,38.27532,29.54657,34.0147,35.77709,37.10795,38.07887,42.0,42.0119,43.0,46.69047,47.29693,46.87217,49.24429,51.92302,56.04463,55.08176,55.36244,61.09828,58.18935,66.21178,61.7171,67.1193,62.16912,66.21178,65.76473,63.06346,66.64833,70.00714,68.02941,72.56032,63.50591,68.42514,73.53911,68.15424,65.39113,64.07808,68.15424,62.62587,64.2573,62.93648,58.24088,51.5461,54.40588,52.95281,51.5461,49.24429,45.09989,45.27693,47.04253,47.01064,38.20995,38.0526,38.01316,37.48333,34.20526,48.02083,50.53712,54.23099,52.81098,53.48832,53.85165,50.0,52.20153,54.40588,54.34151,51.62364,52.17279,50.44799,51.1957,47.38143,48.6621,46.84015,48.05206,43.9659,40.02499,39.92493,45.54119,40.26164,36.67424,37.69615,35.34119,42.48529,34.1321,36.12478,33.97058,35.4683,35.22783,33.28663,30.46309,36.40055,38.27532,39.84972,35.35534,36.22154,40.0125,37.01351,38.0526,42.0119,50.48762,42.57934,41.0,46.09772,43.32436,52.81098,44.92215,49.24429,49.0408,43.17407,47.41308,51.26402,46.51881,44.65423
7.61577,8.544,8.24621,8.24621,8.06226,9.05539,9.0,9.0,10.04988,10.04988,11.04536,11.18034,11.18034,11.18034,11.40175,12.36932,12.64911,12.36932,12.64911,12.64911,12.36932,13.60147,13.60147,13.60147,13.60147,13.60147,14.56022,13.60147,14.56022,14.56022,14.31782,13.34166,13.34166,13.15295,13.15295,12.04159,12.16553,12.04159,11.04536,11.0,11.0,11.0,10.0,10.04988,9.05539,9.05539,9.05539,8.24621,7.28011,7.28011,7.61577,6.7082,41.30375,34.52535,44.92215,37.64306,42.15448,38.01316,40.22437,42.44997,42.63801,43.13931,41.7732,46.01087,48.60041,51.31277,47.20169,52.7731,57.45433,58.18075,60.37384,60.37384,60.74537,61.7414,65.9242,67.6757,63.15853,67.77905,71.47027,68.94926,70.00714,68.96376,72.8011,71.69379,74.73286,71.17584,72.49828,64.84597,70.21396,67.60178,65.8635,66.7308,63.63175,61.40033,60.46487,58.60034,58.13777,53.90733,50.24938,55.15433,50.91169,46.69047,44.68781,41.72529,41.18252,42.43819,35.0,34.0,30.88689,51.5461,46.09772,50.9902,51.0392,51.0392,49.09175,52.08647,50.01,49.09175,52.03845,44.28318,46.04346,48.37355,52.03845,49.0,47.16991,45.17743,40.04997,41.04875,45.01111,44.18144,43.04649,36.01389,39.01282,41.10961,36.67424,33.54102,33.54102,33.24154,39.81206,37.12142,31.90611,34.82815,38.41875,38.8973,39.96248,38.07887,42.43819,43.41659,43.41659,48.33218,44.01136,44.92215,49.72927,50.9902,49.24429,48.76474,50.69517,51.97115,56.51548,54.91812,50.15974,53.46027,53.60037,55.7315,52.95281,51.15662
7.07107,8.06226,8.0,8.0,9.0,9.05539,9.21954,9.21954,10.19804,10.44031,10.44031,10.77033,11.40175,11.7047,11.7047,12.08305,12.08305,13.0,12.08305,13.41641,13.0,13.41641,13.41641,13.41641,13.41641,13.41641,13.41641,14.31782,13.41641,14.31782,13.0,13.0,13.0,12.64911,11.7047,12.64911,11.40175,11.40175,10.19804,10.19804,10.19804,9.21954,9.05539,8.06226,8.06226,8.0,7.0,7.0,7.07107,6.08276,6.08276,5.09902,43.41659,39.05125,37.64306,42.95346,46.64762,40.49691,43.41659,52.40229,49.67897,55.97321,58.0,56.22277,57.80138,59.20304,59.64059,61.58734,65.73431,61.77378,70.71068,66.64833,72.44998,67.53518,68.70953,69.77822,71.11962,72.61543,72.8011,73.40981,76.92204,81.15417,76.32169,83.7735,69.46222,73.92564,78.0,72.00694,77.82031,67.60178,67.1193,72.56032,68.09552,69.11584,59.20304,63.51378,59.81639,56.61272,56.61272,55.0,50.20956,46.69047,47.38143,43.84062,40.60788,37.20215,34.0,35.4683,40.71855,47.50789,47.16991,48.10405,47.80167,48.10405,44.59821,47.42362,44.55334,46.2277,41.7732,44.68781,43.93177,40.31129,43.41659,42.44997,38.8973,39.62323,36.79674,35.38361,41.40048,28.6531,31.40064,29.54657,22.84732,24.69818,27.45906,30.26549,36.34556,24.04163,24.5153,22.36068,24.35159,28.01785,25.23886,29.06888,33.28663,35.80503,36.40055,37.01351,37.48333,40.49691,43.41659,40.60788,40.31129,41.67733,44.40721,47.01064,51.24451,54.626,47.53946,50.28916,52.55473,53.48832,43.9659,47.80167,48.10405,46.17359
6.08276,7.07107,7.0,8.0,8.06226,8.06226,9.21954,9.21954,9.21954,10.44031,10.44031,10.77033,10.77033,10.77033,10.77033,12.08305,11.18034,12.08305,12.52996,12.52996,12.52996,13.0384,12.52996,13.0384,13.0384,13.0384,13.0384,13.89244,12.52996,13.89244,12.52996,12.52996,12.52996,12.08305,12.08305,12.08305,10.77033,10.44031,10.44031,9.48683,10.44031,9.48683,9.21954,8.24621,8.24621,7.07107,7.07107,7.0,7.0,6.08276,6.08276,5.09902,33.61547,30.23243,31.89044,32.75668,36.61967,41.23106,42.2019,43.56604,49.73932,52.35456,52.35456,51.88449,48.33218,62.03225,62.03225,65.39113,63.90618,66.09841,63.06346,68.35203,70.0928,67.72001,73.97973,71.30919,72.78049,75.66373,74.8131,80.04998,77.52419,79.24645,72.83543,79.55501,80.04998,74.52516,74.46476,79.07591,71.47027,71.30919,73.37575,64.84597,74.72617,68.35203,63.60031,61.46544,58.69412,58.18075,50.15974,52.92447,49.65884,49.09175,46.04346,45.22168,39.40812,41.86884,38.8973,32.64966,33.83785,53.90733,48.9183,52.43091,51.61395,48.8774,49.73932,45.65085,49.65884,47.16991,51.62364,50.47772,49.76947,48.8774,49.39636,45.17743,38.58756,44.72136,42.05948,36.40055,38.60052,38.94868,34.20526,25.45584,33.97058,27.01851,30.61046,20.24846,21.93171,23.25941,24.0,20.09975,21.0238,24.69818,28.16026,23.70654,28.17801,32.64966,31.1127,30.0,37.53665,41.72529,36.23534,36.79674,41.6173,37.58989,42.42641,40.0,43.04649,41.14608,39.66106,39.96248,40.49691,38.01316,39.81206,34.48188,41.04875,32.24903
6.08276,6.08276,7.28011,7.28011,8.544,8.544,8.94427,9.84886,9.84886,10.29563,10.29563,11.6619,11.6619,12.20656,12.20656,12.20656,12.80625,12.80625,12.80625,12.80625,12.80625,13.45362,13.45362,13.45362,13.45362,14.21267,14.21267,14.21267,14.21267,12.80625,13.60147,13.60147,12.80625,12.80625,12.20656,12.20656,11.6619,11.6619,10.81665,10.81665,10.29563,9.84886,8.94427,8.94427,8.544,7.61577,7.61577,7.28011,6.32456,6.08276,6.08276,6.0,26.0,30.36445,22.2036,34.65545,38.8973,38.94868,38.28838,48.25971,48.01042,53.25411,53.23533,51.97115,52.80152,59.03389,61.46544,64.4748,64.4748,64.84597,67.77905,71.16881,71.16881,68.94926,70.60453,67.72001,74.0,77.62087,74.46476,77.87811,74.95332,73.08215,77.87811,78.1025,78.58753,74.46476,72.27724,69.26038,68.68042,74.46476,71.11259,68.94926,66.76077,62.96825,62.76942,59.09315,61.46544,55.9464,54.626,54.3783,51.47815,46.52956,42.63801,43.01163,40.45986,37.53665,36.79674,37.64306,35.60899,52.47857,50.9902,54.42426,50.32892,52.39275,51.41984,50.01,48.83646,52.95281,49.81967,46.09772,49.24429,48.50773,44.28318,43.28972,46.32494,45.60702,40.79216,42.04759,36.87818,40.80441,37.36308,37.69615,27.29469,30.80584,26.07681,28.3196,25.80698,19.84943,25.45584,23.4094,17.26268,23.08679,24.18677,19.0263,25.0,20.39608,27.20294,27.78489,32.44996,36.35932,31.82766,33.28663,36.12478,34.71311,42.72002,39.05125,37.64306,35.8469,38.20995,39.20459,32.20248,39.20459,31.62278,34.66987,31.04835,29.06888
5.38516,5.38516,6.08276,7.07107,7.07107,8.0,8.06226,9.0,9.0,10.04988,10.04988,10.04988,11.04536,11.18034,11.04536,11.18034,11.18034,12.36932,12.36932,12.36932,12.36932,12.36932,12.36932,12.64911,12.64911,13.60147,13.60147,12.64911,12.64911,12.64911,12.36932,12.36932,12.16553,12.16553,12.16553,11.18034,11.18034,10.19804,10.04988,10.04988,9.05539,9.05539,9.05539,8.0,8.0,8.06226,7.07107,7.07107,7.07107,6.08276,6.32456,5.38516,21.63331,22.2036,23.43075,27.80288,26.92582,34.78505,38.07887,37.10795,44.72136,45.39824,48.50773,53.15073,52.46904,56.32051,59.03389,64.00781,60.03332,64.00781,67.06713,65.12296,68.02941,71.70077,67.36468,73.68175,71.34424,71.56815,72.99315,74.52516,77.46612,79.24645,81.25269,78.91768,77.10383,79.07591,81.3941,73.97973,74.67262,74.43118,71.25307,71.44928,66.48308,64.07027,64.03124,63.12686,63.00794,54.00926,55.03635,54.00926,49.0408,51.35173,48.50773,43.93177,42.42641,37.65634,38.60052,36.67424,34.0,53.82379,52.35456,52.47857,51.89412,52.7731,52.20153,54.42426,48.76474,54.12024,49.0408,50.0,49.64877,51.5461,51.5461,49.64877,50.28916,45.22168,45.88028,44.01136,43.08132,39.56008,36.40055,36.24914,32.64966,31.90611,29.0,23.02173,26.1725,21.93171,23.60085,21.0238,19.64688,25.4951,22.09072,20.39608,24.73863,25.07987,25.05993,26.41969,30.0,30.61046,31.82766,31.82766,33.6006,33.24154,34.0,36.61967,37.21559,36.61967,34.98571,36.05551,34.0,34.48188,28.16026,31.14482,27.45906,24.04163
3.16228,4.0,4.0,5.09902,6.08276,6.08276,7.07107,7.28011,8.24621,8.24621,9.48683,9.48683,9.48683,9.48683,10.44031,10.77033,10.77033,10.77033,10.77033,11.18034,11.18034,12.08305,12.08305,12.52996,12.52996,12.52996,12.52996,12.52996,12.52996,12.52996,12.08305,12.08305,11.18034,10.77033,11.18034,11.18034,10.77033,10.77033,9.48683,9.48683,9.48683,8.544,8.24621,8.24621,8.24621,7.07107,7.07107,7.0,6.0,6.0,6.0,5.09902,10.19804,12.20656,12.04159,16.55295,19.23538,19.0263,26.07681,29.15476,33.0,37.21559,43.93177,41.0,44.91102,52.63079,52.95281,57.56735,62.0967,59.13544,61.68468,60.74537,65.45991,62.03225,65.9242,64.4748,67.62396,67.54258,66.70832,70.77429,72.49828,72.44998,68.8767,77.36924,68.942,69.77105,71.58911,70.21396,67.53518,68.8767,66.70832,65.79514,65.0,61.68468,62.29767,59.13544,59.77458,49.47727,55.7853,53.45091,47.07441,42.44997,46.38965,39.45884,43.28972,39.11521,37.01351,34.0,33.37664,57.93962,57.56735,57.72348,61.98387,55.31727,57.55867,55.7315,56.22277,61.66036,57.70615,59.4138,60.13319,56.7186,56.32051,55.57877,55.22681,50.21952,50.35871,52.95281,50.63596,48.05206,48.6621,43.17407,39.56008,40.31129,33.24154,32.69557,31.90611,27.29469,26.24881,25.4951,21.26029,24.16609,21.54066,23.02173,19.0263,23.19483,26.24881,26.24881,28.23119,30.8707,29.68164,32.75668,34.1321,34.71311,35.4683,36.76955,38.20995,36.79674,33.94113,32.64966,34.65545,29.06888,28.42534,24.83948,29.15476,23.76973
3.16228,3.16228,4.12311,5.09902,6.08276,6.32456,7.07107,7.28011,8.06226,9.21954,9.21954,10.19804,10.04988,11.04536,10.19804,12.04159,12.04159,12.04159,12.0,12.04159,12.04159,13.0384,13.0,13.0,13.0,13.0,13.0,14.0,13.0,13.0,13.0,13.0,13.0,12.0,12.0,13.0,12.0,11.04536,11.04536,10.04988,10.04988,10.04988,10.04988,9.05539,9.05539,8.24621,8.24621,8.24621,7.28011,7.28011,6.7082,5.83095,9.89949,7.07107,4.24264,8.60233,15.23155,15.26434,21.54066,22.13594,26.24881,31.30495,31.40064,39.29377,43.28972,47.85394,53.46027,50.48762,56.14268,53.23533,57.31492,55.08176,62.03225,60.03332,62.03225,63.00794,65.00769,64.07027,66.0303,68.02941,72.24957,71.17584,68.11755,74.24284,64.38167,70.34913,66.27217,70.34913,73.5527,67.26812,67.06713,65.00769,63.28507,62.07254,62.07254,56.0803,59.03389,53.00943,58.03447,54.0,53.08484,49.25444,44.14748,42.75512,41.97618,39.29377,38.60052,35.8469,32.69557,59.77458,62.76942,62.03225,65.76473,61.29437,63.07139,61.40033,61.05735,62.6099,60.41523,62.17717,62.64982,61.7171,60.03332,64.49806,58.59181,60.82763,51.47815,56.46238,51.62364,47.75982,49.0408,43.32436,43.17407,39.56008,37.65634,35.01428,31.14482,29.15476,27.89265,26.1725,26.07681,29.20616,26.90725,24.20744,28.63564,25.07987,31.95309,30.41381,32.14032,33.06055,34.0147,36.05551,39.11521,39.62323,41.0,39.31921,44.55334,41.0,41.76123,41.76123,43.41659,45.60702,36.05551,37.0,29.61419,29.15476
2.0,3.0,4.0,4.12311,5.09902,6.08276,6.32456,7.28011,8.24621,8.24621,9.48683,9.48683,9.84886,10.77033,10.77033,11.7047,12.08305,12.08305,12.52996,12.08305,13.0,13.41641,13.41641,13.89244,13.41641,13.89244,13.89244,13.89244,13.89244,13.89244,13.89244,13.89244,13.89244,13.41641,13.89244,12.52996,12.52996,12.08305,12.52996,12.08305,11.18034,11.18034,11.18034,10.77033,9.84886,9.48683,9.48683,9.21954,9.21954,8.06226,8.06226,7.0,17.02939,9.21954,5.0,5.83095,12.52996,12.16553,16.15549,21.2132,27.45906,30.26549,32.01562,34.0,44.0,45.27693,42.0119,49.0408,55.08176,52.61179,59.3043,59.21149,58.54912,60.41523,61.66036,69.05071,63.78871,69.42622,68.44706,69.64194,73.24616,73.08215,70.21396,73.4983,70.34202,70.21396,71.56815,70.88018,67.35726,70.34202,69.12308,64.7611,71.06335,59.90826,63.56099,60.16644,59.90826,60.20797,55.31727,58.54912,51.08816,51.35173,50.03998,49.0,46.09772,46.27094,42.95346,41.4367,41.23106,59.66574,67.68309,60.16644,63.15853,63.56099,64.00781,62.64982,60.37384,63.95311,63.56099,61.84658,59.09315,60.92618,60.16644,59.94164,58.60034,59.09315,58.13777,53.48832,47.43416,46.23851,47.92703,46.87217,43.17407,36.67424,35.0571,31.57531,33.24154,30.59412,26.30589,25.07987,20.24846,25.0,22.80351,22.47221,24.04163,22.2036,29.0,33.0,30.0,37.12142,37.65634,40.79216,40.5216,34.53983,42.54409,46.95743,48.75449,47.53946,48.10405,43.46263,44.29447,46.95743,41.18252,41.78516,37.12142,35.80503
1.0,2.23607,2.23607,2.82843,3.16228,4.12311,4.12311,5.09902,6.08276,6.08276,7.0,7.0,8.0,8.0,9.0,9.0,9.0,10.0,10.04988,10.04988,10.04988,11.04536,11.04536,11.18034,11.18034,12.16553,12.16553,11.18034,12.16553,11.18034,11.18034,12.16553,11.18034,12.16553,11.18034,11.18034,11.18034,10.19804,10.04988,10.19804,10.04988,10.04988,9.05539,9.05539,8.0,8.0,8.0,8.06226,7.07107,7.07107,6.32456,6.32456,22.2036,16.49242,16.76305,9.21954,4.24264,4.47214,11.18034,16.55295,14.86607,26.92582,27.313,31.32092,31.95309,34.48188,42.05948,46.69047,48.76474,46.69047,53.33854,54.91812,61.13101,56.88585,62.39391,58.00862,57.14018,66.06815,58.21512,68.0,71.00704,70.17834,69.06519,67.0,69.00725,69.00725,72.00694,72.00694,68.0,69.0,65.19202,68.00735,67.02984,62.00806,64.00781,62.00806,63.00794,56.0803,60.07495,58.00862,55.22681,51.08816,54.34151,48.27007,45.39824,45.12206,43.68066,43.46263,42.54409,68.593,67.94115,66.52819,70.60453,70.29225,69.63476,72.20111,66.88797,70.45566,62.43397,67.41662,67.53518,70.72482,63.82006,70.83078,60.20797,62.20129,57.98276,55.47071,53.00943,49.67897,52.00961,41.40048,43.84062,39.59798,36.06938,31.1127,32.01562,26.83282,23.02173,20.12461,16.12452,17.02939,15.0333,17.69181,19.10497,13.0384,23.08679,23.0,28.07134,27.65863,32.14032,31.257,30.14963,36.0,40.11234,46.27094,39.11521,48.6621,44.28318,45.70558,45.89118,43.41659,42.29657,39.81206,37.21559,41.4367
1.0,1.0,1.41421,2.23607,3.16228,3.16228,4.12311,5.0,5.0,6.0,7.0,7.0,8.0,8.0,9.0,10.04988,9.05539,11.04536,11.04536,11.04536,11.04536,12.16553,12.16553,12.36932,12.16553,12.16553,13.34166,13.15295,13.15295,12.16553,13.15295,13.15295,13.34166,12.16553,12.36932,12.16553,12.16553,12.16553,12.16553,11.18034,11.18034,11.18034,11.18034,10.04988,10.04988,10.04988,9.0,9.0,9.0,8.0,8.06226,7.07107,25.17936,19.41649,15.13275,7.2111,9.21954,3.16228,8.48528,10.29563,16.64332,20.24846,17.46425,23.76973,28.30194,30.67572,33.61547,37.0,39.92493,46.17359,47.43416,48.27007,52.61179,54.57105,54.23099,59.22837,58.0517,60.53098,56.56854,64.38167,65.49046,63.28507,61.39218,71.11259,67.18631,69.26038,64.12488,65.06919,68.35934,70.34913,65.37584,65.06919,65.27634,70.25667,66.18912,60.40695,63.1981,62.28965,59.21149,54.00926,53.46027,52.17279,50.48762,44.55334,46.84015,44.64303,48.08326,42.54409,42.72002,65.8559,69.6563,70.80254,73.24616,68.96376,71.11962,71.19691,66.64083,69.83552,66.64083,73.79024,72.44998,72.56032,71.55418,67.97794,64.41273,66.7308,64.88451,62.76942,55.00909,56.79789,57.80138,49.92995,50.77401,44.94441,43.56604,39.05125,36.06938,33.30165,31.06445,29.68164,24.35159,25.0,22.09072,17.02939,18.68154,21.54066,16.97056,24.08319,21.40093,28.17801,26.57066,27.65863,34.78505,29.83287,32.14032,40.0,42.04759,45.01111,44.0,41.04875,39.20459,42.0119,41.19466,41.0,44.18144,36.49658
3.60555,2.23607,3.16228,2.0,2.23607,2.82843,2.23607,2.82843,3.60555,4.12311,5.09902,5.09902,6.08276,6.08276,7.0,7.0,8.0,8.0,8.06226,9.05539,9.05539,9.05539,9.05539,10.19804,10.04988,11.04536,11.18034,11.18034,11.18034,11.18034,11.04536,11.18034,11.18034,11.18034,10.19804,10.04988,10.04988,10.04988,9.05539,9.05539,9.05539,9.05539,9.05539,8.0,8.0,7.0,8.0,7.07107,7.07107,7.07107,6.08276,6.32456,37.20215,28.01785,25.45584,19.20937,17.02939,13.60147,10.29563,10.19804,13.0,14.42221,18.97367,23.08679,20.39608,24.18677,26.01922,30.01666,33.01515,37.05401,38.11824,42.0119,47.38143,47.85394,48.37355,51.1957,52.61179,54.45181,54.12947,62.36986,62.0967,62.36185,63.89053,64.03124,63.32456,61.68468,67.18631,62.58594,62.16912,63.34824,63.78871,63.32456,65.0,62.58594,58.85576,57.27128,58.85576,53.93515,53.75872,55.10898,50.24938,49.64877,44.10215,48.04165,45.04442,42.04759,41.01219,40.4475,37.33631,68.0,69.26038,70.5762,72.99315,75.31268,72.27724,70.83078,71.16881,72.03471,69.92138,72.12489,72.27724,71.30919,72.53275,69.64194,69.64194,65.25335,65.73431,63.78871,59.22837,61.81424,61.66036,56.29387,51.78803,51.24451,50.08992,41.10961,43.04649,44.10215,41.04875,37.48333,32.89377,29.73214,33.12099,26.90725,26.1725,25.80698,26.83282,28.23119,29.15476,30.26549,29.06888,33.06055,38.32754,34.20526,31.38471,38.27532,38.62642,41.59327,44.72136,47.41308,43.41659,47.41308,44.40721,45.79301,43.41659,44.94441
5.0,3.60555,3.16228,3.16228,3.0,2.23607,2.82843,2.82843,3.60555,3.60555,4.12311,5.09902,5.09902,6.08276,6.0,7.0,7.0,7.0,8.06226,8.06226,9.05539,9.05539,9.05539,10.19804,9.21954,10.19804,11.18034,10.19804,11.18034,10.19804,10.04988,11.04536,10.04988,10.04988,10.04988,10.04988,9.05539,10.04988,9.05539,9.05539,9.0,9.0,9.0,8.0,8.0,7.07107,7.07107,7.07107,6.32456,6.32456,6.32456,6.32456,37.12142,35.80503,28.84441,27.80288,19.84943,19.79899,17.49286,17.11724,10.19804,13.15295,14.76482,15.0,19.84943,20.61553,21.93171,27.20294,33.24154,33.52611,39.45884,36.67424,43.73786,41.30375,48.25971,50.80354,47.01064,53.46027,53.15073,55.08176,58.07753,61.03278,62.03225,61.07373,60.03332,65.03076,60.29925,62.20129,60.29925,58.69412,58.30952,58.85576,57.42822,57.42822,55.22681,55.44367,56.56854,48.05206,55.54278,47.85394,51.92302,45.35416,43.65776,42.15448,39.56008,39.21734,38.91015,36.23534,34.1321,66.48308,75.50497,69.87131,76.41989,72.1734,74.10803,69.06519,70.00714,74.06079,72.0,73.00685,76.23647,75.10659,75.05998,77.02597,69.06519,71.17584,66.00758,69.00725,65.37584,63.03174,63.12686,57.03508,55.3263,54.03702,56.56854,46.38965,50.69517,39.05125,49.0408,43.82921,37.58989,35.8469,31.62278,37.48333,32.01562,28.6007,30.8707,32.75668,34.36568,38.47077,36.0,40.11234,38.63936,39.81206,35.51056,40.02499,43.08132,47.75982,46.48656,48.30114,55.9017,44.77723,50.77401,49.73932,51.0,49.65884
5.38516,5.38516,4.12311,5.0,4.12311,4.12311,4.47214,5.0,5.0,5.65685,6.40312,6.40312,7.2111,7.2111,7.2111,7.61577,8.94427,8.544,9.48683,9.48683,9.48683,9.48683,10.44031,10.44031,10.77033,10.77033,11.7047,11.7047,11.7047,11.7047,11.7047,12.08305,11.18034,11.18034,11.18034,11.18034,10.29563,10.29563,10.29563,10.29563,9.43398,9.43398,8.60233,8.60233,7.81025,7.81025,7.81025,7.07107,7.07107,6.40312,6.40312,5.83095,43.27817,42.44997,38.28838,35.4683,34.82815,31.38471,29.52965,26.24881,26.1725,27.0,25.17936,27.89265,28.6531,28.01785,31.62278,34.05877,39.69887,37.48333,40.45986,40.60788,43.60046,46.40043,48.25971,48.02083,51.97115,57.42822,58.83026,58.18075,57.24509,62.76942,62.76942,63.13478,62.17717,60.03332,66.7308,64.66065,63.82006,63.82006,61.40033,61.03278,57.48913,60.0,58.72819,55.9017,56.56854,50.93133,51.62364,51.62364,43.41659,44.82187,43.82921,42.72002,43.60046,39.96248,35.77709,35.1141,32.75668,65.8559,70.03571,68.88396,72.42237,70.72482,67.95587,68.42514,67.1193,72.01389,68.8767,68.8767,70.68239,69.46222,70.77429,71.69379,67.62396,67.41662,65.39113,63.56099,64.62198,55.9464,59.61543,56.79789,54.56189,53.66563,50.53712,46.87217,44.94441,44.20407,42.80187,39.59798,41.86884,37.20215,34.1321,38.01316,36.05551,36.05551,36.22154,36.01389,38.01316,37.21559,40.02499,37.64306,44.27189,42.54409,40.49691,46.14109,48.37355,54.3783,51.0392,53.00943,56.40035,53.00943,54.6443,56.40035,56.40035,52.00961
5.38516,6.08276,5.09902,5.0,5.09902,5.09902,5.38516,5.0,5.83095,5.65685,6.40312,6.40312,6.40312,7.2111,7.2111,8.06226,8.06226,8.94427,8.94427,8.94427,9.48683,9.48683,9.48683,10.44031,10.44031,10.44031,11.7047,11.7047,10.77033,11.7047,10.77033,10.77033,10.77033,10.77033,11.18034,10.29563,10.29563,9.43398,9.43398,9.43398,9.43398,8.60233,8.60233,7.81025,7.81025,7.81025,7.81025,7.81025,6.40312,7.2111,6.7082,6.32456,38.27532,33.83785,35.4683,32.69557,27.89265,28.4605,30.01666,26.1725,27.20294,25.29822,26.07681,31.06445,29.0,32.55764,34.65545,38.41875,38.07887,40.81666,40.70626,44.72136,50.15974,48.8467,50.32892,52.55473,52.20153,54.08327,58.82176,61.84658,60.44005,59.77458,69.37579,66.76077,63.60031,69.64194,67.72001,65.14599,64.19502,65.9242,65.9242,60.00833,64.62198,59.9333,58.18075,59.09315,55.4617,55.9017,52.35456,53.33854,52.43091,47.20169,44.68781,44.82187,44.68781,41.03657,38.28838,35.0,33.61547,65.0,67.74216,67.97794,69.07966,72.11103,72.12489,71.56815,72.27724,69.857,72.53275,75.70997,71.84706,70.61161,73.34848,71.19691,71.56815,70.85901,65.49046,66.61081,67.74216,60.67125,62.39391,53.75872,56.51548,48.50773,49.72927,48.50773,40.02499,44.77723,36.71512,32.20248,31.06445,31.06445,29.73214,26.40076,23.43075,21.47091,26.57066,25.4951,26.01922,25.17936,31.04835,32.57299,32.57299,31.30495,33.54102,39.40812,36.89173,43.18565,46.40043,45.27693,45.96738,43.18565,46.09772,46.01087,46.01087,46.09772
3.60555,3.60555,2.82843,3.60555,3.16228,3.0,3.0,3.16228,3.16228,3.60555,4.47214,5.0,5.65685,5.65685,5.65685,7.07107,7.2111,7.81025,7.2111,7.81025,8.60233,8.60233,9.43398,9.43398,9.43398,9.43398,10.81665,10.29563,10.81665,10.81665,10.0,10.0,10.81665,10.0,10.0,10.0,10.0,9.21954,9.21954,8.48528,8.48528,8.48528,8.48528,7.81025,7.07107,7.81025,7.2111,7.2111,5.83095,6.32456,6.32456,5.38516,32.28002,30.26549,23.34524,19.92486,18.60108,19.79899,19.10497,17.49286,18.24829,18.24829,18.0,22.36068,23.08679,23.4094,26.92582,28.01785,33.83785,35.0,38.28838,41.03657,41.72529,44.55334,45.96738,48.9183,48.27007,52.63079,54.20332,57.00877,56.40035,57.80138,58.41233,60.0,61.22091,60.60528,61.61169,62.28965,59.03389,58.13777,59.46427,58.60034,60.20797,56.58622,59.4138,54.45181,53.74012,53.75872,49.51767,52.49762,45.25483,44.04543,46.87217,43.60046,42.2019,39.82462,37.57659,37.69615,33.83785,67.41662,65.9242,69.77105,70.23532,70.71068,69.46222,69.64194,71.56116,72.94518,74.33034,74.63243,74.8131,73.23933,76.2168,77.62087,75.43209,76.40026,68.8186,73.24616,72.20111,68.8186,67.80118,65.29931,60.44005,57.80138,59.40539,55.47071,49.92995,49.39636,44.72136,41.23106,41.78516,36.22154,35.35534,26.1725,29.01724,27.45906,32.01562,24.69818,28.17801,28.6007,28.42534,28.42534,29.68164,24.69818,25.63201,32.38827,33.24154,37.65634,39.11521,36.34556,38.0526,40.0125,39.01282,40.0,40.04997,38.11824
4.0,3.0,2.23607,2.23607,1.41421,1.41421,1.0,2.23607,2.23607,2.82843,2.82843,3.60555,3.60555,4.47214,5.0,5.38516,5.83095,6.32456,6.7082,6.7082,7.61577,7.61577,8.544,8.544,8.544,8.544,9.48683,9.48683,9.48683,9.48683,9.48683,9.48683,9.84886,8.94427,9.48683,9.48683,8.544,8.94427,8.06226,7.61577,8.06226,8.06226,6.7082,6.7082,7.61577,6.7082,7.2111,6.40312,5.65685,5.65685,5.65685,5.0,29.15476,27.0,26.01922,20.02498,17.26268,13.34166,11.31371,13.45362,10.77033,8.544,10.04988,8.94427,12.20656,17.20465,20.51828,21.40093,26.62705,21.9545,30.80584,33.83785,37.16181,32.20248,39.39543,42.94182,40.71855,42.95346,44.94441,46.8188,49.64877,49.33559,50.59644,56.921,52.20153,52.55473,55.36244,60.72891,52.55473,55.54278,54.78138,51.47815,50.59644,51.47815,52.92447,46.09772,52.92447,47.42362,47.42362,43.82921,45.17743,42.19005,42.05948,42.72002,38.83298,34.4093,34.65545,36.12478,32.64966,63.60031,66.30988,64.84597,71.11962,71.11962,71.56116,71.56116,71.02112,77.38863,70.17834,77.17513,76.00658,78.54935,79.92496,77.10383,75.45197,80.99383,76.8505,76.8505,73.81734,74.62573,75.0,71.02112,71.02112,65.51336,65.30697,64.88451,62.17717,53.66563,56.0803,52.20153,50.92151,44.59821,47.51842,39.62323,35.22783,35.22783,33.54102,37.0,30.08322,29.52965,31.40064,34.82815,35.35534,32.01562,28.42534,34.1321,33.10589,34.88553,34.53983,37.48333,40.31129,41.7732,34.20526,39.20459,44.18144,37.01351
5.09902,4.0,3.0,3.0,2.0,2.0,1.0,1.0,1.0,1.41421,2.23607,2.23607,2.23607,3.16228,3.16228,4.12311,4.12311,5.09902,5.09902,5.09902,5.38516,6.08276,7.07107,7.0,7.07107,8.06226,8.0,8.06226,8.0,8.0,8.06226,8.06226,8.06226,8.06226,8.06226,8.06226,8.06226,7.07107,7.0,7.07107,7.07107,7.07107,6.08276,7.07107,7.0,6.08276,6.08276,6.08276,5.09902,5.09902,5.38516,4.47214,36.40055,34.0,32.64966,23.4094,19.69772,22.84732,16.49242,13.60147,10.19804,8.0,10.0,8.24621,6.32456,7.2111,11.31371,12.72792,12.72792,21.26029,23.43075,24.75884,29.68164,25.4951,34.1321,33.12099,35.51056,40.70626,36.35932,41.62932,43.82921,43.41659,44.72136,46.09772,43.38202,50.9902,48.75449,51.47815,47.41308,48.30114,49.64877,46.06517,46.23851,47.16991,48.82622,39.96248,44.94441,42.05948,42.04759,40.49691,43.26662,40.8534,38.94868,34.48188,34.17601,32.80244,29.83287,30.41381,24.04163,62.62587,67.42403,67.1193,73.92564,69.46222,74.79305,70.23532,71.34424,74.09453,72.06941,75.13322,76.53757,79.15807,79.64923,83.72574,76.94154,81.49233,78.54935,81.49233,79.61156,72.71864,76.55064,69.63476,68.26419,70.72482,69.06519,62.80127,66.70832,57.31492,58.69412,53.8145,57.62812,47.43416,50.60632,42.43819,45.88028,38.27532,40.26164,37.85499,39.11521,38.0526,33.24154,38.07887,35.8469,36.76955,41.67733,40.0,34.65545,41.03657,38.94868,38.83298,40.22437,43.82921,42.43819,49.64877,47.16991,41.6173
6.7082,5.38516,4.47214,4.47214,3.60555,3.60555,2.23607,1.41421,1.41421,1.0,1.0,1.0,1.41421,2.0,3.0,3.0,4.0,4.12311,4.12311,5.09902,5.09902,6.08276,6.32456,6.32456,7.28011,7.28011,7.61577,8.24621,8.544,7.61577,8.544,8.544,8.544,8.544,8.544,8.544,7.61577,8.24621,8.544,8.24621,7.28011,7.28011,7.28011,7.28011,7.28011,6.08276,6.08276,6.08276,6.08276,6.08276,6.08276,5.0,49.24429,45.35416,45.88028,41.10961,37.33631,33.24154,28.6531,28.17801,20.61553,23.25941,17.46425,17.02939,12.20656,5.83095,8.24621,5.0,7.2111,10.63015,11.18034,14.03567,15.29706,16.49242,21.0238,21.2132,24.18677,31.257,28.28427,36.40055,38.07887,38.07887,35.17101,41.10961,41.0,37.48333,41.4367,43.68066,43.41659,41.4367,45.60702,45.54119,38.63936,42.29657,43.73786,43.28972,43.17407,35.90265,39.05125,41.30375,33.24154,33.73426,37.12142,30.41381,35.0571,33.13608,32.01562,31.257,27.16616,66.28725,68.73136,67.06713,73.24616,70.06426,76.05919,73.00685,74.06079,75.0,76.0,79.02531,82.05486,84.0,83.0542,85.00588,82.0975,84.09518,83.02409,80.025,82.02439,81.00617,81.0,77.23341,78.0,72.00694,72.11103,72.56032,72.69113,62.96825,67.08204,62.36986,59.13544,61.40033,51.89412,52.80152,51.97115,46.04346,45.45327,46.66905,45.60702,48.02083,42.05948,43.86342,42.72002,44.64303,47.09565,47.38143,47.01064,50.01,50.15974,53.46027,54.91812,52.7731,56.04463,59.48109,62.8172,54.81788
8.24621,8.06226,7.07107,6.08276,6.08276,5.09902,4.12311,4.12311,3.16228,3.16228,2.23607,1.41421,1.41421,1.0,1.0,1.41421,1.41421,2.23607,2.23607,3.0,3.0,3.0,4.0,5.0,4.0,5.0,6.0,5.0,6.0,6.0,6.0,6.0,6.0,6.08276,6.0,7.0,7.07107,6.0,6.0,6.0,6.08276,6.08276,6.0,6.08276,6.08276,5.09902,5.09902,5.09902,5.09902,4.12311,4.47214,4.47214,57.14018,51.24451,50.0,46.04346,47.01064,41.01219,36.0,34.05877,29.06888,24.18677,25.4951,21.37756,17.08801,14.86607,10.77033,9.84886,8.60233,7.61577,9.0,10.81665,10.29563,12.72792,13.0384,21.9545,17.72005,17.88854,24.18677,27.85678,26.92582,28.16026,29.15476,31.257,33.73426,35.44009,35.17101,35.44009,32.55764,37.10795,38.32754,38.07887,41.97618,34.78505,38.60052,33.95585,32.01562,38.63936,36.68787,35.8469,31.32092,29.73214,31.95309,32.31099,31.01612,29.15476,26.07681,27.01851,24.83948,64.03124,68.02941,71.44928,69.35416,68.88396,70.21396,70.61161,72.56721,77.27872,75.69016,76.40026,81.0432,81.49233,80.36168,80.36168,85.16455,82.71034,80.08121,83.67795,82.71034,83.19856,78.64477,75.43209,76.92204,73.24616,69.63476,69.42622,66.61081,64.28063,63.28507,64.0,59.0,54.33231,54.12947,56.51548,49.33559,47.43416,50.9902,47.01064,43.27817,46.40043,45.27693,46.2277,47.43416,49.1935,46.51881,49.0408,50.69517,49.47727,55.7315,54.12947,57.70615,55.22681,64.19502,62.07254,62.1289,69.06519
9.05539,8.24621,8.06226,7.07107,7.28011,6.08276,6.32456,5.38516,5.38516,3.60555,3.60555,3.60555,2.82843,2.23607,2.0,2.0,2.0,2.0,3.16228,3.60555,3.60555,3.60555,4.24264,4.24264,5.0,5.0,5.0,5.65685,6.40312,6.40312,6.40312,6.40312,6.40312,6.40312,6.40312,6.40312,5.65685,7.07107,5.65685,7.07107,6.40312,6.40312,6.40312,6.40312,6.40312,5.83095,5.83095,5.83095,5.83095,5.38516,5.09902,5.09902,63.1981,57.21888,57.42822,53.23533,45.09989,44.10215,42.42641,38.0,35.01428,31.06445,29.01724,26.0,23.76973,18.43909,19.0263,15.65248,14.42221,8.94427,13.41641,12.36932,8.06226,11.18034,15.26434,18.02776,17.69181,19.84943,25.6125,26.90725,26.87006,26.90725,26.90725,30.41381,28.42534,33.30165,36.40055,34.05877,35.60899,38.94868,36.06938,35.4683,35.38361,36.06938,33.97058,36.06938,38.28838,33.6006,32.01562,35.38361,38.01316,29.68164,33.01515,31.30495,33.28663,31.76476,26.92582,26.68333,29.61419,65.8635,63.56099,69.64194,71.8401,74.46476,71.58911,73.68175,72.69113,77.52419,73.97973,77.52419,77.78175,83.48653,84.29116,85.09407,81.3941,82.1523,83.02409,78.23043,81.0,84.0,82.05486,79.00633,75.02666,75.00667,71.02816,75.00667,69.02898,63.07139,64.38167,61.52235,61.18823,54.12947,51.92302,51.5461,52.92447,47.41308,46.87217,44.20407,42.44997,47.42362,42.0119,45.22168,44.41846,46.51881,47.29693,48.38388,50.01,53.15073,54.45181,54.23099,59.3043,63.3877,57.07889,62.0,61.29437,68.06614
9.43398,8.60233,8.60233,8.60233,7.2111,6.40312,5.65685,5.65685,4.24264,5.0,3.60555,3.60555,2.82843,3.16228,2.0,2.0,1.41421,1.0,2.23607,2.0,3.16228,3.0,3.0,3.0,4.0,4.12311,4.12311,5.09902,6.08276,5.09902,6.08276,6.08276,6.08276,7.07107,6.08276,6.08276,5.38516,7.07107,6.08276,6.08276,6.08276,6.08276,6.08276,6.0,6.08276,5.0,6.0,5.09902,6.0,5.38516,5.09902,4.47214,64.07808,58.69412,60.00833,47.53946,50.11986,47.92703,43.86342,42.94182,38.48376,33.6006,30.01666,29.54657,20.51828,23.60085,22.80351,17.0,12.08305,9.21954,10.44031,5.38516,9.43398,6.08276,8.06226,11.40175,12.20656,15.0,19.0,25.0,23.02173,23.02173,24.04163,31.57531,29.83287,35.35534,31.7805,34.52535,35.0571,37.33631,33.73426,35.51056,36.49658,40.79216,39.01282,32.98485,38.47077,35.35534,37.21559,36.67424,35.22783,36.0,35.12834,34.0,37.33631,32.98485,37.12142,28.16026,22.2036,61.26989,66.7308,68.00735,71.06335,69.63476,72.00694,71.70077,73.82412,76.53104,73.1642,82.03658,78.51751,81.3941,85.0,83.60024,81.7435,84.71718,82.73452,84.71718,83.21658,82.20097,81.30191,77.52419,75.80237,77.10383,72.00694,72.18033,76.40026,62.0967,66.76077,60.40695,61.98387,55.47071,55.9017,52.15362,47.70744,42.0119,45.34314,46.75468,48.82622,45.17743,41.78516,45.22168,48.76474,47.51842,44.72136,44.04543,51.35173,53.46027,52.46904,55.08176,60.72891,61.09828,55.97321,64.62198,68.15424,59.5063
8.94427,8.06226,7.61577,6.7082,6.7082,5.38516,5.38516,5.38516,4.12311,4.12311,3.16228,2.0,2.0,2.0,1.0,1.41421,0.0,1.0,1.41421,1.41421,2.23607,2.23607,3.16228,3.60555,4.47214,4.12311,5.38516,5.38516,5.38516,6.32456,6.32456,6.32456,6.32456,6.32456,7.28011,7.28011,7.28011,7.61577,7.28011,7.28011,8.24621,7.28011,7.28011,7.28011,7.28011,7.61577,7.61577,6.7082,6.7082,7.2111,6.7082,6.40312,65.94695,65.60488,62.1289,58.30952,57.68882,54.3783,43.01163,50.80354,46.64762,36.71512,36.24914,29.68164,28.79236,26.0,22.47221,14.56022,15.81139,14.31782,8.06226,8.24621,5.09902,4.12311,5.38516,5.83095,9.84886,10.19804,16.12452,19.92486,23.76973,21.2132,21.84033,30.59412,28.4605,34.17601,35.1141,37.36308,34.20526,39.84972,40.79216,39.05125,38.32754,40.16217,38.8973,41.0,43.41659,40.79216,44.38468,36.68787,41.23106,37.94733,38.27532,40.8534,39.39543,38.91015,35.35534,34.98571,35.22783,54.56189,60.21628,59.90826,65.19202,64.66065,68.47627,68.0,72.94518,72.47068,67.08204,77.41447,77.41447,79.75588,82.76473,84.11896,80.49845,85.23497,82.36504,82.49242,87.65843,84.0595,86.4523,79.61156,83.35466,79.07591,76.844,77.42093,76.2168,69.6563,73.0,61.6198,60.82763,63.25346,56.40035,56.40035,56.36488,54.12947,49.39636,48.46648,48.6621,47.38143,45.0,49.0408,48.05206,48.08326,47.16991,46.61545,53.53504,53.53504,51.22499,55.97321,58.69412,59.46427,58.79626,67.62396,68.8186,67.20119
9.21954,9.21954,8.48528,7.81025,7.07107,6.40312,5.65685,5.0,5.0,3.60555,3.60555,2.82843,2.23607,2.23607,1.41421,1.0,0.0,0.0,1.0,1.41421,2.23607,2.23607,3.16228,3.60555,3.60555,4.12311,5.09902,5.38516,6.32456,6.32456,6.32456,7.28011,7.28011,7.28011,7.28011,7.28011,8.24621,7.61577,7.61577,7.61577,8.24621,8.24621,8.24621,8.24621,8.24621,7.28011,8.544,7.61577,7.61577,7.61577,8.06226,7.2111,64.66065,58.69412,60.82763,56.63921,55.86591,53.75872,46.75468,42.80187,40.36087,36.89173,34.05877,33.28663,30.0,24.20744,24.18677,19.79899,16.12452,13.0,9.43398,8.06226,3.60555,2.0,4.47214,7.81025,10.81665,11.7047,13.92839,19.10497,17.72005,21.58703,26.4764,27.16616,22.56103,28.44293,31.257,36.13862,32.38827,34.9285,39.62323,39.62323,38.83298,39.45884,42.19005,40.79216,43.93177,40.02499,43.56604,41.4367,43.56604,39.45884,43.93177,41.23106,40.26164,37.94733,38.8973,39.0,36.67424,51.24451,58.24946,54.34151,60.67125,61.66036,62.20129,64.19502,63.50591,68.18358,67.26812,68.26419,71.44928,73.5527,76.65507,79.6304,76.41989,81.7435,79.6304,81.88406,74.33034,77.64664,82.56513,77.46612,78.8543,74.95332,77.20104,72.8011,70.83784,67.62396,70.68239,61.7414,65.76473,58.83026,58.59181,52.43091,54.03702,49.57822,48.27007,46.64762,49.76947,47.92703,42.05948,48.6621,47.01064,46.01087,51.15662,49.64877,49.64877,52.88667,55.00909,57.3062,58.00862,62.68174,62.00806,62.80127,70.45566,67.20119
10.19804,10.19804,9.05539,8.06226,8.06226,7.07107,7.0,6.0,5.09902,5.0,4.0,4.0,3.0,2.0,2.23607,1.41421,1.0,1.0,1.41421,1.41421,2.23607,2.23607,2.82843,3.60555,3.60555,4.47214,5.0,5.83095,6.40312,6.40312,7.2111,7.81025,7.81025,7.81025,7.81025,7.81025,8.60233,8.60233,8.60233,8.60233,7.81025,8.60233,8.60233,7.81025,7.81025,8.60233,8.60233,8.60233,8.06226,8.06226,8.06226,7.61577,69.857,64.07808,62.96825,59.23681,56.30275,56.0803,50.92151,46.17359,38.32754,37.10795,36.68787,33.54102,32.38827,26.92582,23.5372,19.64688,16.49242,12.08305,12.16553,5.09902,4.47214,2.82843,4.47214,3.60555,10.44031,13.0,14.31782,15.23155,19.23538,20.88061,23.4094,26.92582,28.63564,32.31099,32.69557,36.05551,36.71512,38.01316,38.62642,40.8534,40.31129,38.01316,43.46263,43.46263,39.0,40.71855,45.69464,43.08132,45.69464,42.15448,42.72002,43.65776,40.80441,41.76123,39.56008,36.49658,36.67424,51.85557,53.0,54.20332,59.5399,60.41523,63.13478,63.52952,63.95311,66.21178,65.36819,66.64833,71.58911,73.43024,75.66373,79.25907,74.30343,81.41253,69.97142,78.54935,73.57309,78.23043,79.61156,74.63243,72.11103,74.06079,77.80103,79.64923,72.47068,65.79514,69.31089,64.53681,65.19202,58.00862,55.47071,58.83026,60.37384,49.1935,48.27007,52.61179,47.51842,49.0,45.12206,45.60702,47.75982,49.65884,44.10215,48.25971,47.63402,54.45181,50.60632,58.60034,58.30952,68.60029,59.90826,63.52952,70.66116,61.84658
11.18034,10.44031,10.44031,9.21954,9.48683,8.24621,7.28011,7.28011,6.32456,6.32456,5.38516,4.47214,4.47214,3.60555,3.16228,2.23607,2.0,2.0,1.0,0.0,1.0,1.0,2.0,3.16228,3.16228,3.16228,4.12311,4.47214,4.47214,5.38516,5.38516,5.38516,6.32456,5.38516,6.32456,6.32456,6.32456,6.7082,6.7082,6.7082,6.32456,7.28011,7.61577,6.32456,6.32456,6.7082,6.7082,6.7082,6.7082,7.2111,5.83095,5.83095,73.68175,68.593,65.30697,61.0,61.39218,55.54278,54.12947,51.92302,50.96077,43.17407,38.27532,40.49691,34.53983,30.46309,25.96151,24.69818,23.5372,17.46425,14.86607,14.86607,11.04536,9.05539,4.0,10.0,7.07107,10.04988,12.64911,18.78829,19.69772,21.84033,22.82542,24.59675,27.51363,31.62278,32.01562,31.32092,37.0,40.16217,36.40055,40.49691,38.8973,38.32754,42.2019,41.76123,44.27189,40.26164,43.17407,46.32494,45.60702,44.92215,43.9659,45.88028,42.05948,45.31004,42.94182,38.91015,37.21559,52.80152,53.60037,53.8145,60.1415,60.30755,61.55485,64.3506,62.2254,65.94695,66.52819,70.0928,72.18033,73.10951,72.91776,76.57676,78.74643,77.62087,77.80103,78.00641,82.20097,83.21658,80.1561,79.05694,76.8505,79.05694,74.43118,72.20111,71.11259,69.46222,69.89278,65.45991,62.64184,59.03389,58.30952,53.33854,51.0098,50.24938,46.32494,47.29693,46.09772,48.54894,43.82921,44.59821,47.42362,47.43416,48.76474,49.64877,50.59644,52.39275,54.58938,56.14268,57.14018,71.06335,64.00781,63.1981,68.46897,72.56032
12.20656,11.6619,11.6619,10.81665,10.29563,9.43398,8.94427,8.06226,8.06226,6.7082,6.7082,5.83095,5.38516,4.47214,3.60555,3.60555,2.82843,2.82843,2.23607,2.23607,2.23607,3.0,3.0,3.16228,3.16228,3.16228,4.47214,5.38516,5.83095,5.83095,5.83095,6.7082,6.7082,7.2111,8.06226,8.06226,8.06226,8.06226,8.06226,8.06226,8.94427,8.94427,8.94427,8.94427,8.94427,8.94427,8.94427,8.94427,8.94427,8.94427,8.60233,8.60233,76.40026,77.42093,64.81512,69.52697,70.03571,64.2028,63.65532,59.46427,53.75872,49.51767,49.20366,48.9183,39.20459,40.0,37.53665,32.01562,28.42534,23.85372,24.08319,21.26029,17.69181,12.52996,12.72792,11.18034,8.06226,13.15295,10.19804,16.97056,17.49286,16.55295,15.0,20.51828,26.90725,25.6125,28.28427,30.41381,35.80503,33.24154,37.01351,31.82766,37.53665,41.10961,43.41659,44.68781,44.55334,42.0119,42.43819,45.25483,41.7732,41.6173,45.34314,43.60046,45.96738,46.69047,40.45986,45.60702,39.82462,44.59821,51.66237,51.62364,56.0803,59.39697,57.48913,60.10824,63.65532,60.82763,66.48308,69.29646,66.06815,71.44928,75.0733,74.4043,74.20243,78.81624,74.8131,78.77182,81.02469,82.68011,83.00602,80.77747,76.48529,79.15807,82.29216,75.76939,77.83315,73.4983,73.4983,65.73431,67.68309,61.98387,62.00806,53.15073,57.07013,51.97115,48.8467,44.77723,43.60046,42.72002,44.55334,44.04543,47.88528,47.75982,41.59327,41.4367,49.25444,48.6621,53.60037,58.24946,61.13101,59.77458,62.39391,70.66116,69.89278,69.83552
12.04159,11.04536,11.04536,10.04988,10.04988,9.0,9.0,8.0,7.0,7.0,6.0,6.0,5.0,5.0,4.0,4.0,3.16228,3.16228,3.16228,2.23607,2.82843,2.82843,2.23607,3.16228,3.16228,4.12311,4.0,5.0,5.0,6.0,6.0,6.0,6.0,7.0,7.0,7.0,8.0,8.0,8.0,8.0,8.0,8.0,8.06226,8.06226,8.06226,8.06226,8.0,8.0,8.0,8.0,8.06226,8.06226,78.71467,70.66116,67.97794,67.1193,63.24555,65.19202,56.46238,53.14132,51.24451,50.0,40.80441,46.17359,36.34556,37.10795,28.28427,30.01666,32.14032,24.33105,19.41649,20.39608,15.52417,14.31782,8.60233,12.20656,8.06226,13.15295,12.52996,16.49242,14.56022,18.02776,23.25941,20.39608,25.94224,24.69818,29.41088,30.36445,33.24154,33.95585,38.8973,38.8973,38.8973,37.94733,41.23106,45.89118,46.32494,39.62323,46.09772,42.19005,45.12206,40.79216,41.48494,48.76474,40.79216,42.42641,48.05206,42.05948,43.08132,47.29693,46.8188,51.5461,56.46238,52.3259,61.7414,56.0803,59.09315,63.56886,60.40695,65.80274,69.57011,70.60453,74.72617,77.12976,73.76313,82.46211,76.68768,80.62258,78.91768,82.60751,84.48077,76.1643,74.10803,81.05554,78.00641,75.02666,79.22752,72.24957,74.54529,62.58594,68.68042,62.03225,59.03389,59.48109,55.07268,50.0,49.81967,49.49747,50.77401,48.30114,43.86342,46.87217,43.28972,42.0119,44.10215,50.48762,47.53946,49.24429,48.82622,52.43091,56.56854,63.65532,59.5483,60.60528,71.8401,69.63476
11.40175,11.18034,11.18034,10.19804,10.19804,9.05539,8.06226,7.07107,7.07107,7.07107,6.0,6.0,5.0,4.0,4.12311,3.16228,3.16228,2.23607,2.23607,2.82843,2.23607,2.23607,3.16228,3.0,3.16228,4.12311,5.09902,5.09902,5.09902,6.08276,6.08276,6.08276,7.07107,7.07107,7.07107,8.06226,8.24621,8.06226,8.06226,8.06226,8.06226,9.05539,8.06226,9.05539,9.05539,9.05539,9.0,8.06226,8.06226,8.06226,8.06226,8.24621,66.4003,59.68249,68.47627,62.68174,55.47071,55.9464,52.80152,56.46238,49.39636,41.78516,41.76123,39.0,36.40055,32.57299,29.12044,29.41088,28.4605,24.08319,20.61553,16.27882,19.72308,10.0,13.45362,9.43398,6.0,9.21954,12.04159,9.48683,15.26434,15.26434,21.84033,22.13594,23.25941,27.01851,31.30495,33.83785,31.62278,33.61547,36.35932,38.58756,42.05948,37.33631,38.01316,41.59327,42.95346,39.0,42.95346,40.71855,45.69464,42.48529,43.04649,43.38202,46.95743,37.73592,40.81666,44.41846,42.72002,40.60788,45.88028,50.32892,55.36244,53.60037,57.28001,58.30952,56.32051,59.77458,61.09828,64.56005,69.64194,72.03471,68.88396,73.00685,77.27872,77.27872,79.30952,78.51751,79.07591,81.61495,83.38465,80.50466,84.09518,78.00641,77.10383,76.23647,73.17103,71.56815,73.5527,64.32729,68.65858,66.40783,58.69412,58.5235,56.4358,51.10773,53.07542,50.44799,50.20956,47.43416,42.04759,42.48529,43.9659,42.42641,37.05401,40.4475,41.23106,43.9659,44.94441,48.02083,47.80167,54.81788,51.73973,58.13777,58.89822,61.03278
9.48683,8.544,8.544,7.61577,7.61577,6.32456,6.7082,5.83095,5.38516,5.38516,4.47214,4.47214,3.16228,3.16228,2.23607,2.23607,2.0,1.0,1.41421,1.41421,2.0,2.0,2.0,3.0,4.0,3.0,4.12311,5.0,6.08276,6.0,6.08276,7.07107,7.07107,7.07107,7.0,7.0,8.06226,8.06226,8.06226,8.06226,8.0,8.0,8.06226,8.0,8.0,8.0,8.06226,8.06226,8.06226,8.06226,8.06226,7.28011,53.75872,59.03389,52.39275,57.87055,50.63596,49.0408,48.70318,45.88028,43.32436,43.68066,34.17601,32.98485,34.48188,29.54657,26.40076,25.94224,22.47221,18.60108,18.24829,16.64332,10.44031,9.21954,4.47214,7.28011,8.06226,13.41641,8.544,14.03567,20.22375,15.29706,22.02272,22.02272,27.01851,33.01515,29.15476,34.71311,34.1321,38.32754,39.05125,36.01389,38.47077,38.0526,42.04759,44.18144,44.0,40.04997,41.01219,49.0,44.10215,40.31129,43.04649,41.10961,44.28318,41.30375,41.7732,42.57934,38.8973,47.50789,48.79549,52.34501,56.56854,51.66237,55.17246,59.5483,63.89053,60.1415,62.24147,66.48308,67.17887,75.0733,75.74299,76.38063,74.27651,79.02531,78.87332,80.1561,83.09633,80.91971,86.40023,82.46211,84.6286,85.44004,81.5414,78.03204,80.06248,73.82412,81.43709,69.857,73.40981,62.62587,64.51356,65.0,58.85576,56.56854,53.0,55.00909,49.49747,47.67599,42.37924,50.08992,42.72002,42.2019,41.03657,44.68781,43.26662,46.32494,42.54409,46.17359,47.07441,50.35871,53.08484,57.14018,54.0,61.20457
9.21954,8.48528,8.48528,8.48528,7.81025,7.07107,7.2111,5.83095,5.83095,5.0,4.47214,4.47214,3.60555,3.16228,3.16228,2.0,2.23607,1.41421,1.41421,0.0,1.0,1.0,1.0,1.0,2.0,2.0,3.0,4.12311,4.12311,4.12311,5.09902,5.09902,5.38516,6.08276,6.08276,6.32456,6.32456,6.32456,6.32456,6.32456,6.32456,6.32456,6.7082,7.28011,6.32456,6.32456,7.07107,6.32456,6.32456,6.08276,6.08276,6.0,57.48913,59.20304,58.25805,50.24938,53.07542,50.32892,49.57822,48.10405,44.59821,44.55334,36.06938,34.66987,32.44996,30.61046,26.92582,21.09502,23.43075,15.65248,16.12452,9.84886,7.2111,4.47214,5.65685,9.21954,1.41421,9.21954,12.52996,11.7047,14.56022,19.72308,21.54066,23.4094,25.07987,27.313,31.01612,30.36445,34.48188,34.0147,35.8469,38.62642,40.8534,39.92493,39.84972,38.60052,39.81206,45.69464,45.88028,41.18252,42.72002,43.08132,41.78516,41.78516,38.60052,37.69615,42.44997,44.38468,37.48333,46.84015,49.98,52.55473,58.30952,55.54278,59.09315,64.07808,63.69458,66.70832,65.79514,66.30988,73.53911,75.02666,75.58439,76.55064,79.55501,81.02469,84.64632,84.20214,82.0061,80.77747,85.37564,84.17244,84.17244,82.37718,81.49847,84.17244,82.49242,78.31347,78.0,75.00667,73.17103,68.18358,63.78871,70.21396,62.58594,58.87274,57.00877,55.9464,54.3783,46.40043,46.01087,54.48853,47.01064,45.79301,46.51881,43.01163,43.17407,44.10215,45.0,45.27693,43.41659,48.70318,48.10405,55.4617,57.69749,56.82429
10.0,10.0,9.21954,9.21954,8.48528,7.81025,7.07107,7.07107,6.40312,5.65685,5.65685,5.0,4.24264,4.24264,3.60555,2.82843,2.82843,2.23607,1.41421,1.0,1.0,1.0,1.0,1.0,2.0,3.0,3.0,3.0,4.0,4.0,5.0,5.0,6.08276,6.08276,6.0,6.0,6.08276,6.08276,6.08276,7.07107,6.0,7.0,7.07107,7.0,7.0,7.07107,7.07107,6.08276,6.08276,6.32456,6.32456,6.32456,58.60034,56.22277,58.41233,53.00943,51.66237,51.08816,50.93133,50.32892,42.42641,39.82462,39.59798,35.4683,34.4093,25.6125,30.61046,25.6125,21.54066,18.02776,19.72308,17.02939,8.94427,8.48528,4.47214,1.0,2.82843,3.60555,9.48683,13.0384,12.0,15.13275,18.11077,21.0238,26.01922,27.29469,28.07134,30.01666,28.01785,32.24903,38.01316,39.20459,38.11824,43.0,42.0119,40.0,39.01282,41.04875,42.04759,43.10452,42.0119,39.0,43.01163,42.0,38.11824,40.04997,37.48333,39.31921,38.83298,46.01087,50.15974,53.03772,55.3263,55.44367,61.0,56.56854,58.42089,63.50591,65.49046,69.2315,70.85901,76.41989,75.53807,77.16217,76.65507,82.0975,85.14693,82.0975,85.28775,82.0,85.05292,88.02272,87.05171,84.00595,82.0061,83.00602,81.22192,79.30952,74.33034,78.31347,70.45566,72.56721,73.4983,74.72617,62.96825,62.03225,61.40033,57.80138,52.47857,57.48913,50.91169,55.31727,48.82622,46.32494,41.62932,44.27189,43.73786,47.38143,48.0,41.30375,48.50773,46.32494,53.14132,54.12947,47.85394,60.00833
10.29563,10.29563,9.43398,9.43398,8.06226,8.06226,8.06226,7.2111,7.2111,6.40312,5.83095,5.83095,5.0,4.24264,4.24264,2.82843,2.82843,2.23607,2.23607,1.0,1.0,0.0,1.0,1.0,2.0,1.41421,2.82843,3.60555,3.60555,4.24264,4.47214,5.0,5.0,5.83095,5.83095,6.40312,5.83095,5.83095,5.83095,5.83095,5.83095,6.7082,6.7082,6.7082,6.7082,6.7082,6.7082,6.32456,6.32456,6.32456,6.32456,6.08276,58.46366,58.94065,57.27128,55.7853,57.00877,52.20153,50.96077,48.08326,48.38388,39.0,38.07887,37.69615,34.9285,32.24903,29.52965,28.6531,26.40076,19.72308,18.78829,11.6619,11.6619,9.21954,7.2111,3.16228,4.0,5.0,5.38516,8.544,11.18034,15.26434,18.38478,19.72308,22.67157,22.47221,28.63564,30.46309,30.8707,32.20248,34.43835,38.91015,35.77709,40.24922,36.24914,39.35734,40.8534,40.71855,38.91015,42.15448,40.31129,38.01316,41.62932,38.8973,37.33631,39.21734,36.87818,38.32754,34.36568,46.52956,46.48656,52.39275,49.72927,52.39275,50.9902,55.10898,60.01666,62.80127,65.30697,60.40695,63.63961,73.34848,78.08969,72.69113,77.52419,75.95393,85.98837,77.27872,84.48077,87.36704,87.14356,81.7435,83.29466,86.46965,84.85281,87.69265,80.62258,81.04937,75.9276,75.31268,77.36924,70.03571,72.56721,65.80274,68.96376,67.1193,57.38467,56.82429,58.66856,54.6443,53.82379,51.73973,51.62364,47.42362,45.79301,46.52956,43.41659,47.75982,45.60702,44.14748,47.09565,48.04165,51.0098,50.80354,53.15073,58.42089
10.77033,9.84886,9.84886,8.94427,8.544,8.544,8.544,7.61577,7.28011,6.32456,6.32456,6.32456,5.09902,5.09902,4.12311,4.0,4.0,3.0,3.16228,2.23607,2.82843,2.82843,2.82843,2.23607,3.16228,3.16228,4.12311,4.0,4.0,5.0,5.0,5.09902,5.09902,5.09902,6.0,5.0,6.0,6.08276,6.08276,6.0,6.0,6.0,7.0,6.0,6.0,6.0,6.08276,7.07107,6.08276,6.32456,6.32456,6.7082,64.40497,59.36329,65.45991,58.60034,58.82176,56.40035,58.24946,53.0,51.62364,51.0392,44.40721,43.82921,42.54409,35.51056,35.51056,32.24903,33.61547,29.54657,25.63201,24.5153,24.04163,20.39608,15.0333,13.0384,12.04159,11.7047,11.31371,12.52996,14.42221,18.68154,21.0238,15.65248,22.36068,22.02272,25.0,23.02173,25.0,27.01851,26.01922,29.42788,36.01389,36.01389,37.01351,34.05877,34.0,36.22154,37.33631,36.22154,34.9285,34.71311,37.85499,34.20526,39.29377,39.56008,35.77709,35.8469,33.28663,40.45986,42.42641,43.18565,48.16638,50.60632,51.10773,51.0392,54.58938,58.18075,61.7171,61.26989,63.95311,72.49828,71.30919,71.30919,75.96052,78.43469,75.43209,84.20214,85.84288,81.3941,87.9659,82.03658,86.31338,85.37564,88.36289,85.14693,85.09407,83.09633,82.05486,80.09994,78.02564,74.00676,76.05919,73.0,70.02857,63.50591,64.62971,60.67125,59.43904,57.27128,57.48913,54.40588,53.14132,50.9902,50.24938,49.09175,47.43416,52.15362,47.80167,50.91169,50.9902,55.31727,56.22277,57.42822,61.05735,61.29437
12.04159,11.04536,11.04536,10.19804,10.19804,9.05539,9.05539,9.05539,8.06226,8.06226,7.0,7.0,6.0,6.0,5.0,5.0,5.0,4.12311,4.12311,3.16228,3.16228,3.16228,2.82843,2.23607,2.82843,2.23607,3.16228,2.23607,3.0,3.0,3.0,3.0,4.0,4.12311,4.12311,4.12311,5.0,4.12311,5.09902,5.09902,5.0,5.0,5.0,5.0,5.0,5.09902,5.0,5.09902,5.09902,5.09902,5.38516,5.38516,66.70832,69.2315,65.73431,67.26812,61.39218,59.03389,60.41523,54.70832,52.39275,50.96077,48.27007,48.10405,44.14748,43.17407,38.60052,36.67424,32.55764,31.7805,31.14482,28.16026,22.09072,21.09502,20.61553,15.29706,19.41649,16.64332,17.80449,14.14214,17.20465,17.0,15.52417,19.69772,20.88061,22.02272,22.09072,22.02272,21.37756,24.08319,31.01612,29.15476,27.07397,28.07134,29.06888,30.0,26.30589,31.257,32.01562,33.06055,32.14032,32.75668,31.04835,31.32092,32.28002,32.31099,31.38471,34.9285,35.35534,39.45884,41.01219,45.04442,44.04543,47.16991,47.26521,53.36666,57.00877,56.61272,61.09828,59.09315,64.4748,69.77822,70.68239,72.06941,72.56032,72.71864,77.93587,77.10383,78.74643,83.86895,84.17244,82.807,82.73452,82.807,82.807,81.46779,82.80097,83.86895,78.24321,78.00641,76.6094,75.21303,73.60027,71.61006,66.4003,65.0,63.25346,61.07373,61.55485,58.69412,57.38467,56.58622,57.38467,49.81967,51.22499,50.77401,46.95743,51.62364,50.15974,50.28916,51.92302,54.91812,60.67125,58.0517,61.81424,63.34824
12.04159,11.31371,12.04159,11.31371,10.63015,9.89949,9.21954,9.21954,9.21954,9.21954,7.81025,7.81025,7.07107,7.07107,5.65685,5.65685,5.0,5.0,4.47214,4.47214,4.12311,4.12311,3.16228,4.0,4.0,3.0,3.16228,4.12311,4.12311,4.47214,4.47214,4.47214,4.47214,4.47214,5.0,5.0,5.0,5.83095,5.83095,5.83095,5.0,5.83095,5.83095,5.83095,5.83095,5.83095,6.32456,6.32456,6.32456,6.08276,6.08276,6.0,68.68042,75.69016,69.31089,65.05382,67.20863,63.63961,64.38167,60.20797,58.72819,57.28001,53.03772,51.66237,49.57822,43.86342,41.7732,41.7732,37.64306,34.65545,33.97058,30.80584,26.41969,26.92582,22.84732,24.04163,18.35756,20.09975,17.26268,14.14214,16.76305,19.41649,17.88854,19.23538,20.80865,24.20744,24.75884,24.75884,21.93171,26.1725,28.42534,27.80288,32.80244,29.06888,31.241,29.06888,35.4683,29.83287,33.94113,34.65545,31.241,28.42534,36.12478,34.1321,31.90611,32.20248,34.88553,35.4683,31.32092,37.69615,43.82921,40.71855,41.88078,47.20169,47.42362,48.60041,55.15433,59.5483,56.72742,61.7171,59.81639,66.0303,68.60029,68.7968,70.71068,72.91776,77.07788,76.6942,80.05623,84.15462,86.33076,85.61542,83.67795,85.37564,83.18654,83.36066,86.97701,83.72574,83.21658,79.15807,77.16217,74.06079,73.68175,67.1193,70.34913,68.18358,63.12686,60.29925,62.39391,56.56854,57.00877,53.85165,56.61272,49.0408,47.01064,47.41308,48.82622,50.21952,51.40039,53.74012,58.69412,58.13777,58.0,61.84658,66.21933,68.11755
11.40175,11.40175,11.40175,11.40175,10.19804,10.19804,9.21954,9.21954,9.05539,8.24621,8.24621,7.28011,7.28011,6.32456,6.32456,5.38516,5.38516,5.38516,5.0,4.47214,4.24264,4.24264,4.24264,3.60555,4.47214,3.60555,3.60555,4.12311,4.12311,4.12311,5.09902,5.09902,5.09902,5.09902,5.09902,5.0,5.09902,5.0,6.08276,6.08276,5.09902,6.08276,6.08276,6.08276,6.08276,6.32456,6.32456,6.32456,5.83095,6.7082,5.83095,5.83095,74.24284,70.0,75.00667,69.26038,72.06247,67.06713,63.1981,63.28507,59.07622,58.00862,53.60037,54.23099,48.16638,49.0408,46.27094,43.01163,41.01219,37.0,31.14482,28.07134,29.42788,28.0,27.45906,21.54066,22.56103,19.72308,19.23538,24.04163,20.0,20.80865,21.93171,22.2036,21.63331,26.0,20.61553,27.20294,21.84033,28.4605,30.08322,29.73214,28.16026,30.36445,31.04835,32.57299,31.32092,31.7805,32.28002,33.24154,32.69557,37.12142,33.83785,32.24903,34.4093,32.64966,33.97058,33.24154,30.0,34.71311,37.80212,41.88078,40.49691,46.09772,46.52956,46.61545,52.55473,54.34151,58.94065,57.07013,61.81424,63.78871,65.9242,71.11259,71.00704,72.06247,74.24284,76.79193,79.83107,80.60397,82.0061,83.52245,83.81527,80.99383,83.00602,78.92401,75.58439,76.53757,77.89737,74.79305,75.66373,72.94518,68.7968,68.7968,66.61081,62.96825,60.82763,58.30952,58.13777,55.03635,55.4617,52.0,51.24451,48.76474,54.40588,50.44799,45.54119,49.16299,52.00961,47.51842,56.56854,58.30952,62.39391,63.15061,63.63961,67.06713
11.7047,10.44031,10.77033,10.44031,9.48683,9.48683,8.544,8.24621,8.24621,7.28011,7.28011,7.28011,6.32456,6.32456,5.38516,4.47214,4.47214,4.47214,3.60555,3.60555,3.60555,3.60555,3.16228,3.16228,3.16228,3.16228,3.0,4.0,4.0,4.12311,4.12311,4.12311,4.12311,5.09902,4.12311,5.09902,5.09902,5.09902,5.09902,5.09902,5.09902,5.09902,5.0,5.0,5.0,5.0,6.0,5.09902,5.09902,5.38516,5.38516,4.47214,73.00685,69.05071,72.36712,67.47592,70.45566,61.07373,64.12488,64.07027,59.07622,53.08484,55.03635,52.0,50.08992,47.01064,41.10961,43.73786,38.32754,36.49658,32.06244,34.36568,25.96151,27.65863,22.36068,20.80865,21.9545,21.2132,20.51828,20.80865,22.47221,23.60085,20.12461,20.59126,24.73863,21.84033,23.4094,27.20294,23.76973,28.07134,29.06888,26.07681,29.61419,28.16026,31.01612,31.14482,33.24154,29.61419,29.61419,35.22783,30.59412,32.75668,32.98485,35.1141,34.78505,32.20248,36.05551,33.61547,33.42155,34.82815,34.71311,39.40812,41.34005,44.72136,42.54409,47.53946,50.32892,53.75872,53.48832,53.85165,57.97413,63.34824,66.75328,70.5762,67.00746,69.00725,72.0,72.0,77.64664,76.23647,79.42921,79.42921,76.68768,75.89466,79.69944,80.05623,79.47956,77.47258,76.05919,78.0,68.8767,64.84597,70.66116,73.79024,65.36819,57.24509,55.9464,56.30275,58.18935,52.0,53.45091,48.50773,51.41984,47.67599,45.17743,50.03998,45.01111,47.38143,49.64877,52.95281,52.20153,58.69412,55.7853,63.56886,62.29767,66.40783
14.14214,13.45362,12.72792,12.80625,12.04159,12.04159,10.63015,10.63015,10.0,9.21954,9.21954,8.48528,8.48528,7.07107,7.07107,6.40312,5.83095,5.38516,5.38516,5.38516,5.09902,5.09902,6.0,5.0,5.0,6.08276,6.32456,6.32456,6.32456,6.32456,6.32456,6.7082,6.7082,6.7082,7.61577,7.61577,7.61577,6.7082,7.61577,7.61577,7.61577,7.61577,8.544,7.28011,8.24621,8.24621,8.06226,8.06226,8.06226,8.0,8.0,7.07107,89.87213,79.93122,86.31338,82.73452,77.7946,80.28076,71.42129,73.87828,68.11755,70.17834,62.96825,61.07373,58.0,48.79549,52.49762,51.08816,44.55334,39.69887,38.94868,35.22783,37.20215,32.24903,31.38471,27.51363,28.86174,27.65863,27.16616,29.01724,28.07134,31.7805,30.80584,34.78505,28.79236,33.83785,35.1141,30.46309,34.88553,39.81206,38.47077,43.56604,40.71855,42.94182,39.92493,38.94868,42.54409,43.46263,43.65776,43.46263,44.77723,41.23106,45.88028,46.09772,41.48494,41.59327,41.04875,45.01111,44.40721,30.41381,38.91015,31.76476,42.19005,34.82815,40.0,44.68781,48.08326,47.38143,47.01064,51.73973,56.0357,53.0,57.68882,62.76942,61.7414,68.42514,65.0,67.23095,64.62198,67.35726,69.64194,71.19691,67.68309,70.85901,69.58448,71.17584,73.43705,63.00794,66.48308,59.3043,65.12296,58.03447,63.00794,56.32051,54.58938,52.03845,50.24938,50.80354,52.39275,49.0408,43.909,48.54894,41.34005,47.80167,50.24938,45.60702,51.85557,55.60576,50.21952,60.21628,67.74216,73.57309,68.60029,74.4043,81.60882,83.23461
14.76482,15.26434,13.89244,13.60147,13.0384,13.0384,12.20656,10.81665,10.81665,9.43398,10.29563,9.43398,8.06226,7.61577,6.7082,6.7082,6.32456,6.32456,5.09902,5.0,5.0,5.09902,5.09902,4.12311,5.38516,5.38516,5.83095,5.0,5.65685,6.40312,6.40312,6.40312,7.07107,7.07107,7.07107,7.07107,7.07107,7.07107,7.07107,7.07107,7.07107,7.81025,7.81025,7.2111,7.81025,7.2111,8.06226,8.06226,7.61577,7.61577,7.28011,7.07107,89.9611,85.86617,89.00562,85.95929,85.47514,84.21995,77.17513,74.88658,71.56116,68.50547,66.88797,64.3506,62.43397,51.0392,51.61395,49.64877,41.67733,40.24922,39.92493,37.69615,32.75668,34.9285,29.15476,28.07134,28.01785,29.27456,31.04835,27.313,29.54657,31.38471,31.06445,36.40055,28.42534,29.06888,31.241,36.06938,36.12478,38.20995,41.86884,43.84062,42.42641,43.13931,47.42362,41.72529,39.59798,39.62323,43.41659,41.7732,44.82187,38.60052,43.56604,48.54894,44.29447,46.52956,43.46263,46.8188,41.7732,27.01851,33.01515,33.73426,34.48188,37.33631,39.92493,40.22437,42.19005,46.64762,47.88528,50.80354,50.47772,53.60037,57.62812,57.28001,58.13777,65.19202,57.48913,60.20797,69.40461,70.83078,71.11962,69.35416,71.11962,65.30697,70.68239,63.32456,67.62396,69.857,63.15853,55.71355,60.16644,59.61543,54.626,52.20153,48.75449,50.11986,49.39636,44.10215,42.43819,47.38143,44.55334,48.83646,42.43819,46.51881,43.60046,51.07837,57.56735,56.0803,58.18935,61.68468,68.44706,78.16009,75.69016,81.49233,82.71034,89.4986
15.65248,15.65248,14.76482,14.76482,13.89244,13.0384,12.52996,11.6619,10.29563,10.29563,10.29563,8.94427,8.06226,7.61577,6.7082,7.28011,6.08276,6.08276,5.0,5.0,5.09902,5.09902,5.09902,4.47214,5.38516,5.83095,6.40312,5.65685,6.40312,5.65685,6.40312,6.40312,7.81025,7.07107,7.07107,7.81025,7.81025,7.81025,7.81025,7.81025,7.81025,7.81025,8.48528,7.81025,7.81025,8.60233,8.60233,8.60233,8.06226,7.61577,8.24621,8.06226,91.7878,91.70605,93.52005,90.42677,93.0215,89.1852,86.95401,78.03204,71.86793,68.88396,66.88797,64.41273,62.64982,59.05929,50.60632,48.75449,42.48529,45.61798,38.07887,37.10795,37.48333,33.24154,25.17936,32.01562,27.89265,32.01562,32.24903,30.46309,30.41381,35.22783,36.40055,40.31129,39.62323,29.83287,43.27817,39.59798,37.01351,41.03657,45.60702,42.80187,48.27007,43.93177,43.86342,48.9183,43.13931,49.57822,44.68781,50.32892,50.20956,48.08326,47.42362,45.45327,51.22499,46.87217,49.1935,49.1935,44.27189,32.38827,28.44293,33.83785,35.77709,37.12142,39.96248,40.22437,45.0,46.87217,44.20407,46.2277,48.79549,53.03772,52.34501,61.6198,58.60034,63.41136,61.85467,62.80127,65.51336,62.1289,64.84597,68.09552,67.54258,65.30697,63.97656,66.12866,58.5235,64.2573,61.35145,59.80803,57.28001,53.31041,51.47815,52.49762,50.92151,48.76474,44.29447,44.40721,43.27817,46.01087,44.82187,43.60046,45.79301,42.04759,53.7122,54.40588,56.921,61.84658,59.77458,67.46851,77.92946,81.3941,82.37718,86.88498,89.02247,89.56004
16.27882,15.29706,15.29706,15.52417,14.56022,13.34166,13.34166,12.36932,11.18034,11.40175,10.44031,9.21954,9.21954,8.06226,8.06226,7.0,7.07107,6.08276,6.08276,5.38516,5.38516,5.83095,6.40312,5.0,5.65685,5.65685,5.83095,5.83095,6.7082,7.61577,7.2111,8.06226,7.61577,7.61577,7.61577,8.94427,8.544,8.06226,8.06226,8.06226,8.544,8.94427,8.94427,8.94427,8.94427,9.43398,9.43398,8.60233,9.21954,9.21954,9.21954,8.60233,98.61541,94.76286,95.7549,90.13878,88.20431,88.00568,82.05486,85.14693,73.02739,75.00667,69.00725,65.03076,62.03225,57.03508,54.08327,49.25444,47.09565,41.97618,43.56604,36.13862,39.92493,33.54102,32.64966,29.20616,34.05877,31.1127,31.89044,32.24903,31.76476,31.62278,32.89377,37.94733,37.65634,39.21734,38.32754,44.72136,42.57934,41.7732,46.32494,44.91102,46.27094,45.39824,49.25444,46.52956,48.83646,47.67599,52.61179,49.24429,50.69517,48.38388,50.0,50.69517,50.9902,47.41308,51.10773,48.01042,48.83646,27.45906,29.06888,30.46309,34.9285,35.17101,38.83298,40.1995,40.11234,41.04875,44.28318,47.04253,50.48762,54.23099,52.95281,60.63827,52.49762,58.24088,58.18935,62.64982,60.37384,63.63175,66.18912,63.06346,64.88451,65.73431,60.74537,60.21628,62.00806,56.30275,60.21628,51.0392,54.91812,58.60034,50.21952,48.01042,47.16991,42.48529,42.54409,48.08326,43.41659,47.38143,42.04759,45.01111,48.6621,46.27094,47.80167,52.81098,58.82176,62.96825,65.79514,73.00685,77.38863,81.70679,82.46211,89.69392,93.04837,95.81753
16.12452,16.12452,13.89244,14.42221,13.0384,13.0384,12.52996,11.6619,11.18034,10.29563,10.29563,8.94427,8.544,7.28011,7.28011,7.28011,6.08276,6.0,5.0,5.09902,6.08276,6.32456,5.38516,5.83095,6.40312,5.83095,7.07107,7.07107,7.81025,8.48528,7.81025,7.81025,7.81025,8.60233,7.81025,9.21954,9.21954,9.21954,9.21954,9.21954,8.48528,9.21954,9.21954,9.89949,9.89949,9.21954,10.0,10.0,9.43398,9.43398,8.94427,9.48683,99.74467,95.77056,99.36297,92.17917,91.06591,88.68484,81.30191,88.23265,73.4983,74.62573,66.03787,68.26419,62.1289,55.47071,57.3062,50.9902,46.06517,44.38468,40.16217,37.36308,38.63936,33.13608,33.0,30.01666,29.42788,29.41088,34.43835,33.12099,33.61547,32.20248,34.05877,37.64306,38.20995,36.79674,41.86884,44.59821,43.86342,49.0408,49.67897,44.40721,47.50789,49.67897,49.20366,50.80354,52.00961,50.24938,55.15433,52.34501,51.62364,48.16638,53.2635,56.61272,48.82622,51.62364,53.23533,50.9902,47.53946,24.02082,27.65863,30.59412,32.31099,35.8469,36.67424,33.83785,37.80212,44.68781,39.40812,45.34314,44.68781,46.69047,51.62364,52.40229,51.66237,58.41233,54.67175,61.40033,61.26989,58.66856,59.5399,59.09315,61.7414,57.38467,61.09828,58.18935,57.93962,56.46238,55.65968,51.26402,54.626,50.69517,51.62364,45.65085,46.51881,43.909,42.52058,42.44997,44.55334,39.82462,42.0119,46.64762,42.95346,47.43416,54.12024,54.34151,60.01666,64.77654,68.24954,75.13322,76.41989,82.76473,86.49277,91.92388,96.30161,92.72001
17.11724,16.12452,15.13275,15.0333,14.03567,14.0,13.0384,12.04159,12.04159,11.18034,10.04988,9.21954,9.21954,8.24621,8.544,7.28011,6.7082,6.7082,6.40312,6.40312,5.65685,5.83095,5.83095,5.83095,5.38516,6.32456,7.28011,7.07107,7.07107,7.07107,8.06226,9.0,8.0,9.0,9.05539,8.0,9.0,9.05539,9.05539,9.05539,9.05539,10.04988,10.04988,9.05539,9.21954,9.21954,10.44031,10.44031,10.77033,9.84886,10.29563,9.43398,51.08816,50.15974,50.15974,48.25971,48.50773,44.28318,41.19466,39.81206,38.47077,38.63936,35.90265,34.23449,31.40064,27.29469,27.16616,27.0,24.08319,20.02498,22.02272,18.02776,18.43909,17.72005,13.41641,16.40122,15.81139,15.0,15.6205,17.0,16.40122,16.64332,18.02776,22.36068,18.02776,20.24846,20.61553,21.37756,22.13594,22.36068,22.13594,23.5372,24.5153,25.0,24.33105,24.73863,26.24881,26.24881,26.24881,26.92582,26.57066,28.23119,26.40076,27.313,28.17801,26.07681,29.68164,25.4951,26.87006,13.60147,13.15295,14.14214,15.13275,17.02939,17.02939,17.26268,20.39608,19.92486,18.43909,19.92486,21.54066,23.08679,23.70654,24.16609,27.29469,28.6531,26.40076,28.84441,29.83287,30.0,29.73214,31.14482,29.73214,29.0,29.0,27.58623,27.58623,26.1725,27.01851,27.65863,26.90725,24.75884,21.93171,22.67157,19.20937,22.47221,22.82542,19.69772,19.92486,19.31321,21.37756,24.0,23.08679,25.07987,26.4764,27.29469,32.14032,32.98485,33.24154,35.69314,40.02499,42.42641,40.4475,45.89118,47.26521,47.38143
18.38478,17.69181,16.97056,16.27882,16.27882,14.86607,13.45362,12.72792,12.04159,12.04159,11.31371,9.89949,9.89949,9.21954,7.81025,7.2111,7.2111,6.7082,6.32456,6.32456,6.08276,6.0,5.0,6.08276,6.08276,6.32456,6.7082,7.61577,6.7082,7.2111,8.06226,8.06226,8.06226,8.60233,8.60233,8.60233,8.60233,9.43398,9.43398,9.43398,9.43398,9.43398,10.29563,10.29563,9.84886,9.84886,10.77033,10.44031,10.44031,10.19804,10.04988,10.0,99.8599,99.8599,98.22932,94.20191,87.20092,89.37561,81.56592,84.14868,76.48529,70.00714,65.19202,63.78087,59.81639,54.56189,49.67897,48.82622,54.6443,43.41659,42.19005,37.44329,35.1141,30.46309,28.44293,26.1725,26.30589,32.01562,23.5372,27.85678,31.7805,27.01851,32.64966,33.6006,33.97058,38.20995,38.8973,39.59798,43.84062,43.86342,46.09772,43.27817,45.80393,45.34314,49.51767,47.42362,52.40229,49.49747,51.62364,48.83646,53.74012,50.44799,49.20366,52.63079,55.80323,50.24938,49.65884,50.69517,49.33559,20.61553,30.08322,32.75668,38.07887,33.28663,32.64966,33.30165,39.62323,40.36087,38.18377,42.63801,41.7732,42.63801,50.24938,48.76474,47.50789,56.36488,53.31041,57.93962,61.32699,58.69412,61.03278,55.36244,57.00877,58.24088,57.07013,55.57877,55.08176,50.21952,51.66237,46.32494,49.47727,53.85165,45.18849,45.69464,48.70318,48.75449,41.18252,43.56604,43.93177,46.01087,42.63801,44.65423,50.24938,51.0,52.83938,60.92618,60.40695,70.88018,70.5762,73.38937,76.92204,87.66413,85.23497,91.38928,96.77293,98.84331
16.76305,15.52417,15.81139,14.56022,14.56022,13.34166,12.64911,11.40175,11.40175,10.44031,9.48683,9.48683,8.544,7.61577,7.61577,6.7082,5.83095,6.40312,5.65685,5.65685,5.0,5.38516,5.38516,5.09902,5.09902,6.0,6.0,7.07107,7.07107,6.08276,7.07107,7.28011,7.28011,8.24621,7.28011,8.24621,8.24621,8.24621,9.21954,9.21954,9.21954,8.24621,9.21954,9.21954,9.05539,9.05539,9.0,10.0,10.04988,9.21954,9.21954,9.48683,100.56838,100.16986,100.57833,95.60335,94.36631,93.55747,83.19856,82.20097,76.24303,74.1485,71.06335,67.08204,64.32729,55.65968,54.81788,51.5461,47.43416,47.16991,41.18252,37.12142,38.27532,33.01515,27.65863,33.01515,30.61046,23.32381,32.31099,27.16616,27.45906,28.16026,29.01724,37.05401,32.14032,34.36568,37.65634,42.75512,40.5216,45.35416,42.05948,43.9659,45.35416,42.2019,49.24429,50.01,51.5461,44.14748,52.17279,52.17279,50.21952,53.15073,53.60037,52.08647,54.00926,51.24451,55.22681,52.88667,50.28916,26.62705,30.61046,28.01785,32.31099,34.43835,34.48188,37.65634,37.33631,36.87818,41.04875,42.04759,47.01064,46.04346,50.0,51.62364,54.58938,54.74486,54.12024,54.81788,57.48913,57.48913,62.29767,57.24509,58.69412,57.77543,58.69412,55.9017,55.4617,51.88449,60.92618,46.23851,50.59644,49.0408,52.88667,46.09772,44.14748,44.91102,42.0119,42.04759,43.28972,46.69047,46.69047,49.24429,50.15974,60.16644,54.20332,61.77378,64.88451,67.80118,66.61081,75.45197,83.86298,88.32327,89.1852,96.74709,97.24711,99.29753
17.02939,16.27882,15.6205,15.0,14.21267,12.80625,12.80625,12.04159,11.40175,10.63015,9.89949,9.21954,8.48528,7.81025,7.07107,6.40312,5.83095,5.38516,5.09902,5.09902,5.09902,5.0,5.09902,5.38516,5.38516,5.83095,5.83095,6.40312,7.81025,7.2111,7.07107,7.81025,8.48528,8.48528,8.48528,8.48528,8.48528,8.48528,9.21954,9.21954,9.21954,9.21954,9.21954,9.21954,10.0,10.0,10.0,9.43398,10.29563,9.84886,9.48683,9.21954,100.40418,101.51355,95.96353,100.84642,93.49332,89.1852,84.59905,84.07735,76.55717,77.82673,74.09453,65.30697,60.41523,51.97115,52.35456,46.61545,45.48626,39.05125,36.76955,34.71311,32.01562,32.44996,29.54657,28.23119,25.29822,26.30589,28.01785,26.30589,28.16026,28.63564,32.64966,33.12099,30.41381,35.35534,37.01351,31.90611,40.45986,40.0,46.61545,44.59821,46.75468,48.10405,46.8615,48.27007,48.01042,46.40043,53.60037,52.20153,50.21952,53.25411,52.35456,56.79789,52.7731,51.62364,48.38388,54.12947,50.63596,30.41381,31.1127,30.80584,29.96665,34.9285,37.16181,35.73514,38.32754,41.97618,42.44997,41.59327,46.17359,48.6621,48.50773,52.15362,51.0392,56.00893,58.30952,57.03508,57.55867,56.88585,56.56854,57.31492,62.80127,60.41523,62.16912,58.69412,55.31727,51.66237,59.66574,51.62364,55.54278,47.67599,50.48762,49.0,47.09565,44.72136,42.57934,46.57252,44.94441,43.65776,49.64877,49.24429,54.12947,50.11986,55.15433,59.46427,62.96825,71.42129,74.27651,78.64477,82.87943,89.82761,91.21952,91.21952,98.35141,97.18539
16.12452,15.13275,15.13275,14.14214,14.14214,13.15295,12.16553,12.16553,11.18034,10.04988,10.19804,9.05539,8.0,7.0,7.0,7.0,6.08276,6.08276,5.38516,5.0,5.0,5.0,4.24264,5.0,5.0,4.47214,5.38516,6.08276,6.32456,6.32456,7.07107,7.07107,7.07107,8.06226,7.07107,8.06226,8.06226,8.06226,8.24621,8.06226,9.21954,9.21954,9.21954,8.24621,9.21954,8.24621,9.48683,9.48683,8.94427,9.43398,8.60233,8.60233,98.06121,96.31718,98.4124,95.25755,93.08598,88.09086,84.05355,78.02564,75.02666,75.0,70.00714,68.0,62.07254,57.00877,53.08484,50.35871,50.24938,38.20995,42.95346,32.89377,31.62278,31.01612,29.15476,22.2036,21.93171,24.20744,26.07681,23.25941,23.34524,27.45906,27.16616,31.7805,29.0,30.06659,36.22154,34.52535,34.9285,38.63936,36.67424,39.45884,44.91102,42.44997,43.41659,44.91102,47.85394,48.6621,48.50773,50.35871,49.09175,50.01,50.0,53.0,52.08647,51.15662,51.97115,50.28916,50.32892,27.45906,29.54657,31.01612,34.36568,32.24903,37.48333,40.04997,40.1995,41.10961,43.04649,47.26521,48.50773,50.35871,52.63079,54.57105,50.92151,54.70832,54.78138,57.00877,55.54278,59.9333,63.52952,59.68249,56.0803,59.16925,61.05735,55.47071,57.00877,53.53504,54.20332,50.11986,50.77401,50.24938,50.53712,50.15974,46.48656,42.44997,45.35416,45.70558,43.28972,44.04543,48.16638,50.15974,53.75872,56.88585,53.75872,56.921,63.90618,63.90618,74.33034,75.39231,84.30896,84.30896,89.69392,91.5478,94.92102,99.62429
17.72005,17.08801,16.15549,15.23155,14.86607,13.92839,13.0,11.7047,11.7047,11.18034,10.77033,9.48683,8.544,8.544,7.28011,7.07107,6.08276,5.09902,5.0,5.09902,4.12311,3.60555,3.60555,3.60555,3.60555,3.60555,4.12311,4.0,4.0,5.0,5.0,5.0,5.0,6.08276,6.08276,7.07107,7.07107,6.08276,7.07107,6.08276,8.06226,7.07107,8.06226,7.07107,8.0,8.0,8.0,8.06226,8.06226,8.24621,7.28011,7.61577,50.48762,47.67599,48.83646,45.70558,43.17407,44.14748,44.14748,41.23106,39.56008,36.40055,32.75668,31.32092,28.44293,27.20294,27.45906,25.31798,25.70992,21.2132,18.0,18.0,15.13275,15.13275,13.15295,12.16553,12.08305,10.0,7.2111,8.60233,10.0,8.544,10.04988,9.05539,11.04536,12.04159,13.34166,13.15295,15.52417,15.81139,15.52417,17.46425,18.02776,16.49242,21.18962,21.58703,19.92486,20.24846,21.58703,21.58703,21.84033,22.56103,21.58703,22.2036,22.02272,23.0,21.0238,22.80351,21.58703,14.03567,16.27882,17.26268,17.72005,20.61553,18.38478,20.59126,22.47221,22.82542,25.0,23.43075,24.08319,27.58623,26.1725,27.58623,28.28427,30.41381,30.4795,31.89044,31.40064,32.20248,33.83785,33.01515,32.24903,31.38471,31.38471,31.38471,30.41381,29.41088,29.15476,28.84441,29.68164,28.6007,27.65863,27.20294,24.75884,24.08319,24.75884,24.83948,25.23886,24.59675,26.40076,27.51363,27.20294,25.70992,29.61419,31.40064,32.06244,36.12478,37.05401,38.0526,39.0,40.0125,42.0119,48.0,46.17359,50.01
16.49242,15.29706,15.29706,14.14214,13.15295,12.16553,12.16553,11.18034,11.18034,10.19804,9.21954,8.544,8.24621,7.28011,6.32456,5.83095,5.83095,5.0,4.24264,4.24264,3.60555,3.60555,3.16228,3.0,4.0,4.12311,4.47214,3.60555,5.0,5.0,5.0,5.65685,5.65685,5.65685,7.07107,7.07107,7.81025,7.07107,7.81025,7.81025,8.48528,8.48528,8.48528,8.48528,7.81025,8.60233,8.60233,8.60233,8.60233,8.06226,8.94427,8.544,46.87217,46.52956,45.70558,43.56604,43.41659,41.30375,39.45884,37.33631,35.35534,33.13608,31.04835,28.28427,28.86174,28.16026,24.33105,23.5372,21.2132,19.64688,17.46425,16.15549,15.23155,11.18034,10.29563,10.63015,9.89949,7.2111,7.28011,10.19804,8.06226,10.44031,9.48683,10.77033,11.18034,11.18034,11.6619,12.80625,14.14214,15.0,15.6205,17.80449,17.69181,18.43909,18.43909,19.10497,18.43909,19.79899,21.2132,22.67157,20.51828,21.26029,22.80351,23.32381,22.47221,22.36068,23.25941,22.47221,20.88061,14.03567,15.13275,17.0,19.23538,19.41649,21.58703,20.61553,23.08679,22.47221,22.47221,24.16609,25.4951,25.94224,26.92582,28.6531,30.88689,31.38471,32.20248,31.241,33.42155,32.55764,31.89044,35.35534,32.55764,31.89044,31.89044,33.24154,32.52691,32.55764,30.4795,29.73214,30.61046,29.06888,29.20616,28.84441,26.62705,26.92582,26.40076,25.07987,26.24881,27.20294,26.68333,26.30589,28.07134,25.01999,30.14963,29.27456,30.41381,33.54102,34.71311,35.73514,37.0,38.60052,41.10961,43.9659,44.38468,46.57252
15.65248,15.65248,14.31782,14.76482,13.89244,13.41641,12.52996,11.18034,11.18034,10.29563,9.84886,8.94427,8.94427,7.61577,7.61577,6.32456,5.38516,4.12311,5.09902,4.12311,4.12311,3.0,3.0,3.16228,2.23607,2.82843,3.16228,3.16228,2.23607,3.0,3.0,4.0,4.0,4.0,5.09902,5.09902,5.09902,5.09902,5.09902,5.09902,6.08276,6.08276,6.08276,6.08276,7.07107,7.07107,6.0,7.0,6.08276,6.08276,6.08276,6.32456,92.96236,91.58603,91.58603,84.0595,85.2115,83.81527,81.27115,75.45197,75.28612,71.02816,64.81512,61.22091,56.22277,55.47071,52.63079,47.20169,45.27693,39.44617,41.59327,34.48188,29.68164,24.59675,24.73863,21.58703,19.0263,18.11077,15.23155,20.12461,15.81139,13.45362,14.21267,15.81139,14.31782,19.23538,20.09975,24.18677,27.01851,26.0,26.01922,27.16616,30.01666,32.24903,33.06055,35.0571,38.11824,35.51056,33.01515,39.0,38.0,38.11824,39.0,37.01351,40.1995,38.07887,38.07887,43.32436,39.56008,32.24903,30.23243,34.71311,36.12478,37.64306,39.05125,41.23106,46.61545,47.20169,46.95743,50.69517,53.66563,56.46238,55.02727,57.87055,61.35145,63.32456,61.84658,67.68309,66.21933,66.70832,69.72087,65.37584,65.27634,66.18912,64.49806,63.28507,64.62971,63.12686,63.78871,58.69412,59.22837,62.0967,59.66574,56.29387,53.85165,53.48832,51.86521,52.55473,55.56978,53.85165,51.08816,56.22277,55.86591,55.9017,56.72742,60.44005,67.23095,67.97794,69.77105,68.02941,75.15318,77.38863,80.11242,85.86617,91.70605,86.33076
16.15549,15.81139,14.86607,14.56022,13.60147,13.60147,12.64911,11.7047,10.44031,10.44031,9.48683,9.48683,8.24621,7.61577,7.28011,5.83095,5.38516,5.38516,4.47214,3.60555,3.60555,2.82843,2.23607,2.23607,2.23607,2.0,2.23607,1.41421,2.23607,2.82843,3.16228,3.16228,3.16228,4.47214,5.38516,5.38516,5.38516,5.09902,5.38516,5.38516,5.38516,6.32456,6.32456,6.7082,6.7082,6.7082,6.7082,5.83095,6.40312,6.40312,6.40312,6.40312,98.48858,93.47727,85.0,87.65843,86.35392,80.5295,76.48529,77.07788,75.58439,65.29931,66.21178,62.6099,58.66856,51.42956,47.85394,47.50789,44.77723,43.04649,37.73592,31.06445,28.01785,28.3196,23.43075,22.02272,20.12461,17.46425,15.52417,13.15295,9.48683,16.15549,12.20656,16.64332,13.45362,20.80865,18.60108,19.41649,20.61553,23.4094,21.37756,29.41088,30.08322,31.7805,31.7805,30.46309,33.24154,35.4683,36.40055,36.76955,38.27532,34.0147,35.8469,39.56008,38.94868,39.82462,40.0,37.53665,41.10961,34.17601,36.05551,36.87818,37.65634,37.12142,40.04997,43.18565,46.01087,48.01042,47.0,49.25444,54.45181,57.21888,58.69412,59.03389,59.66574,66.21933,70.21396,62.93648,66.48308,67.62396,70.5762,66.7308,67.62396,66.64833,67.23095,67.1193,67.1193,65.74192,65.30697,60.74537,62.03225,61.84658,57.87055,54.81788,59.48109,57.07013,55.7315,56.14268,56.0357,56.14268,51.78803,56.29387,58.0517,51.92302,59.9333,56.85948,58.59181,68.96376,71.69379,70.49113,74.88658,77.10383,80.21222,82.66196,89.55445,94.57801
17.11724,16.03122,16.03122,15.0,14.03567,14.03567,13.0384,12.04159,11.0,11.0,10.04988,9.05539,9.0,8.06226,7.07107,7.07107,6.08276,5.09902,5.09902,4.12311,4.12311,3.16228,3.60555,2.23607,2.82843,2.23607,2.0,2.23607,2.23607,2.82843,2.82843,3.60555,4.24264,3.60555,5.0,5.0,5.0,5.0,5.0,5.0,5.65685,5.65685,6.40312,6.40312,6.40312,6.40312,6.40312,6.40312,6.40312,6.7082,6.7082,6.32456,47.04253,45.27693,44.04543,44.18144,42.04759,42.29657,38.20995,39.20459,36.49658,35.12834,32.24903,30.14963,29.15476,27.01851,25.01999,23.0,24.08319,22.0,21.0238,16.12452,14.14214,14.14214,15.29706,12.36932,10.44031,7.81025,7.81025,5.65685,6.40312,7.07107,6.0,8.24621,9.05539,6.7082,8.60233,9.43398,9.43398,10.81665,12.04159,14.86607,13.45362,13.45362,12.04159,15.55635,17.02939,15.0,18.38478,17.02939,19.10497,16.40122,18.43909,19.20937,18.60108,18.35756,18.35756,20.12461,18.68154,16.27882,18.43909,18.02776,19.23538,19.72308,21.09502,21.63331,23.60085,24.20744,25.0,27.58623,26.90725,28.3196,28.28427,30.41381,30.4795,31.82766,34.05877,32.01562,33.83785,35.0,34.48188,33.28663,35.51056,35.51056,33.28663,33.61547,34.48188,34.48188,33.01515,31.62278,32.64966,32.01562,31.62278,31.40064,29.06888,29.0,27.65863,29.20616,28.42534,28.30194,29.06888,28.23119,29.54657,27.89265,30.80584,30.41381,31.14482,34.23449,34.05877,34.0147,39.31921,40.04997,39.20459,44.04543,44.10215,46.0
15.52417,14.56022,13.34166,13.15295,12.36932,12.36932,11.40175,10.44031,10.44031,9.48683,9.48683,8.544,7.61577,6.7082,6.32456,5.83095,5.38516,5.0,3.60555,4.24264,3.60555,2.82843,3.16228,3.16228,2.0,3.16228,3.60555,2.82843,2.82843,4.24264,4.24264,4.24264,4.47214,4.47214,5.83095,5.83095,5.83095,5.83095,5.83095,5.83095,6.7082,7.2111,6.7082,7.2111,7.2111,7.2111,7.2111,7.2111,7.07107,7.07107,7.07107,7.81025,91.19759,92.13577,93.26307,85.2115,87.14356,81.02469,79.15807,80.00625,71.06335,66.18912,65.00769,64.03124,56.14268,55.0,50.03998,47.07441,48.01042,41.30375,38.83298,28.63564,26.68333,25.0,24.35159,20.24846,16.64332,20.0,15.6205,16.64332,14.42221,10.0,12.04159,11.18034,11.7047,14.42221,17.02939,17.49286,22.02272,19.79899,25.4951,27.65863,28.84441,28.42534,28.42534,27.80288,33.01515,34.4093,36.05551,33.6006,31.89044,38.94868,39.05125,41.10961,38.20995,36.61967,39.40812,38.58756,38.91015,31.14482,35.90265,38.07887,41.10961,38.62642,44.01136,47.41308,44.29447,45.79301,48.8774,51.40039,54.03702,57.48913,60.0,60.87693,61.07373,66.6033,67.20863,65.8559,68.593,72.91776,72.34639,72.62231,74.4043,67.20119,71.21798,68.41053,69.6563,67.26812,68.41053,65.43699,66.06815,63.78087,58.69412,62.93648,57.28001,54.45181,56.0357,54.03702,52.47857,57.3062,54.70832,57.87055,58.5235,56.04463,55.3263,55.7315,62.07254,65.00769,65.03076,70.25667,73.97973,77.23341,76.29548,80.399,85.0,91.41116
15.65248,14.76482,14.31782,13.0,13.0,12.08305,11.18034,11.18034,10.29563,9.84886,8.94427,8.06226,8.06226,6.7082,5.83095,6.40312,5.65685,5.0,4.24264,4.24264,3.60555,3.16228,3.16228,2.0,3.0,3.16228,2.82843,2.82843,3.60555,3.60555,3.60555,4.47214,4.47214,4.47214,5.38516,5.38516,5.38516,6.32456,6.32456,6.32456,6.7082,6.32456,6.7082,6.7082,6.7082,6.7082,6.7082,7.2111,7.2111,7.2111,7.07107,7.07107,90.47099,90.47652,85.23497,87.46428,87.59566,80.99383,78.92401,74.63243,73.76313,65.78754,62.8172,61.13101,59.66574,55.02727,48.46648,47.75982,47.53946,38.07887,35.4683,35.8469,31.90611,27.78489,23.02173,21.47091,18.43909,20.12461,15.6205,11.40175,10.44031,14.03567,12.64911,10.29563,12.72792,12.04159,16.97056,17.20465,19.23538,21.09502,26.07681,24.59675,28.30194,27.313,29.96665,30.08322,31.38471,32.69557,32.64966,34.78505,37.58989,38.01316,35.35534,35.8469,37.44329,36.79674,39.40812,38.8973,36.12478,28.86174,34.78505,35.35534,37.01351,41.01219,40.0,43.41659,43.28972,45.89118,52.63079,51.66237,52.20153,59.90826,57.28001,61.98387,68.70953,65.55151,66.21178,65.0,67.1193,67.60178,73.57309,68.47627,72.00694,71.02112,69.97142,71.34424,69.97142,67.74216,66.03787,64.66065,66.18912,62.26556,63.06346,62.64982,59.23681,56.921,57.24509,54.34151,57.07013,54.91812,56.0803,55.0,58.03447,61.20457,56.7186,60.01666,61.03278,64.28841,71.7844,69.857,73.92564,76.96753,78.0,83.18654,84.09518,91.28527
15.26434,14.76482,13.89244,13.41641,12.52996,12.52996,11.18034,11.18034,10.29563,10.29563,9.43398,8.60233,8.06226,8.06226,6.7082,5.83095,5.83095,5.0,5.0,3.60555,3.60555,2.82843,2.82843,2.23607,1.41421,2.0,1.0,1.41421,1.41421,2.23607,2.0,3.0,3.0,3.0,3.0,4.12311,4.0,4.12311,5.0,5.09902,5.09902,5.09902,6.08276,5.09902,5.09902,5.09902,5.38516,6.32456,5.38516,5.83095,5.83095,5.65685,93.40771,84.15462,95.27329,87.28115,80.32434,83.52245,77.49194,78.44743,70.83078,71.8401,64.03124,60.16644,56.32051,50.9902,51.24451,45.18849,45.54119,40.70626,35.73514,31.01612,32.44996,28.6531,29.15476,21.09502,18.60108,14.76482,16.40122,7.28011,10.63015,10.0,8.544,11.6619,8.94427,11.40175,12.04159,19.41649,20.24846,21.0238,21.0238,26.83282,24.35159,26.57066,27.65863,28.17801,32.20248,31.7805,32.69557,28.4605,34.43835,36.76955,34.48188,38.58756,36.23534,33.01515,33.6006,32.52691,35.0,31.62278,35.51056,32.28002,43.17407,38.0526,42.04759,42.29657,44.55334,47.51842,46.52956,53.93515,55.31727,54.34151,60.41523,65.45991,60.87693,68.94926,66.30988,72.23573,67.23095,69.35416,71.11962,72.56032,72.94518,70.49113,71.55418,72.20111,73.57309,66.03787,72.49828,60.82763,69.97142,65.8635,63.06346,65.39113,61.32699,61.03278,57.56735,56.61272,57.48913,59.84146,51.0098,62.03225,56.00893,57.55867,55.3263,62.16912,63.56099,64.84597,68.96376,67.23095,75.76939,76.32169,74.32362,81.00617,89.9611,85.42833
15.0,15.0,14.0,14.03567,13.0,13.0384,12.04159,11.0,11.04536,10.0,10.0,9.0,8.06226,8.06226,7.07107,7.07107,6.08276,5.09902,5.09902,4.12311,4.47214,3.16228,3.60555,2.82843,2.82843,2.82843,2.0,2.0,2.0,2.23607,3.16228,3.60555,3.60555,3.60555,3.60555,4.24264,4.24264,5.65685,4.24264,5.65685,5.0,5.65685,5.65685,5.65685,6.40312,5.83095,6.40312,5.83095,6.7082,5.83095,6.7082,6.32456,86.12781,86.33076,82.46211,80.77747,84.40379,76.53757,75.69016,73.37575,70.5195,64.56005,63.78871,61.98387,56.61272,52.49762,50.59644,49.0306,43.41659,41.97618,37.65634,37.33631,32.24903,27.65863,24.02082,23.02173,20.09975,16.27882,19.92486,11.7047,8.48528,12.04159,6.7082,8.544,9.84886,10.81665,13.92839,15.81139,18.38478,19.84943,26.40076,22.80351,20.61553,26.1725,26.87006,27.65863,27.01851,29.0,31.14482,33.30165,31.89044,32.01562,36.06938,34.82815,34.4093,35.35534,35.35534,34.17601,32.89377,30.61046,30.4795,36.06938,36.12478,41.40048,38.60052,41.04875,46.61545,42.54409,53.66563,52.3259,52.39275,55.9464,59.61543,62.24147,66.12866,63.90618,66.40783,69.26038,68.62215,72.42237,70.60453,75.31268,74.46476,72.99315,70.21396,75.31268,71.06335,75.43209,69.42622,72.12489,66.09841,66.09841,65.45991,67.41662,64.07808,63.15853,60.41523,59.94164,58.24946,55.80323,59.81639,58.79626,57.48913,55.22681,59.20304,58.5235,62.6099,60.83584,65.55151,63.56886,70.83784,72.42237,75.89466,75.50497,78.64477,84.17244
15.13275,14.03567,14.03567,13.0384,13.0384,12.04159,11.04536,11.04536,10.04988,10.04988,9.05539,9.05539,8.06226,7.07107,7.07107,6.32456,5.09902,5.09902,5.09902,4.12311,4.12311,3.16228,3.16228,2.23607,2.23607,1.41421,1.0,0.0,1.41421,1.41421,2.23607,2.0,2.0,2.23607,3.16228,3.16228,3.16228,3.16228,4.12311,4.12311,4.12311,4.12311,5.09902,4.47214,5.38516,5.83095,5.38516,5.83095,5.0,5.0,5.0,4.24264,88.07383,86.58522,88.45903,82.37718,80.23092,75.13322,71.56815,75.32596,67.74216,68.46897,58.46366,58.30952,55.31727,55.57877,48.6621,48.83646,45.12206,43.17407,40.31129,33.73426,32.57299,27.89265,26.40076,25.07987,21.47091,19.69772,13.60147,11.40175,12.72792,3.16228,7.61577,5.09902,10.29563,10.29563,13.89244,10.0,13.60147,13.60147,15.23155,24.04163,24.18677,23.76973,24.73863,24.69818,25.63201,28.79236,31.62278,28.23119,33.24154,31.7805,34.17601,33.10589,34.0,28.84441,32.80244,34.71311,33.24154,29.06888,34.52535,34.23449,39.56008,34.20526,41.78516,39.82462,44.94441,48.33218,45.61798,48.02083,56.4358,55.9464,57.3062,62.1289,61.03278,67.42403,67.20119,69.40461,69.6563,71.70077,74.20243,72.91776,71.50524,73.0,72.18033,72.12489,75.00667,65.79514,78.74643,67.88225,74.41102,66.8431,70.17834,69.52697,65.45991,62.96825,59.64059,64.00781,61.26989,63.15853,55.97321,61.35145,57.97413,60.20797,64.77654,54.00926,62.00806,65.27634,62.39391,67.74216,70.83078,74.46476,75.70997,81.02469,89.73851,82.46211
13.89244,13.41641,13.41641,12.52996,11.18034,11.6619,11.18034,10.29563,9.43398,8.94427,8.94427,8.06226,6.7082,6.7082,5.83095,5.83095,5.38516,4.47214,3.60555,3.16228,3.16228,2.23607,2.23607,1.41421,1.0,1.0,0.0,1.41421,1.41421,1.41421,2.82843,2.82843,2.82843,2.82843,2.82843,2.82843,4.24264,4.24264,4.24264,5.0,5.0,5.0,5.0,5.0,5.0,5.83095,5.83095,5.38516,5.38516,5.38516,5.09902,5.09902,80.9506,80.99383,79.25907,82.49242,85.88364,78.23043,76.55064,70.21396,67.95587,62.1289,64.66065,63.13478,57.45433,50.77401,49.39636,45.65085,41.88078,38.47077,38.01316,38.48376,29.83287,28.4605,23.76973,20.61553,21.47091,13.0384,17.02939,9.05539,11.0,7.81025,6.7082,9.05539,6.7082,8.24621,12.52996,11.6619,16.12452,15.81139,20.51828,20.24846,23.70654,23.60085,22.02272,27.45906,28.01785,32.24903,31.06445,33.6006,30.80584,34.1321,32.20248,33.10589,36.23534,35.35534,33.83785,35.90265,31.40064,30.0,31.90611,37.58989,35.34119,41.23106,40.16217,43.65776,43.01163,45.22168,46.8188,48.76474,54.12024,55.65968,56.51548,60.20797,62.96825,62.514,64.93843,66.48308,68.11755,75.53807,73.33485,73.00685,73.02739,74.00676,73.10951,74.02702,72.1734,71.00704,72.24957,71.25307,65.19202,70.11419,66.27217,65.37584,63.34824,66.28725,63.15061,62.58594,60.44005,58.5235,62.64982,58.83026,63.13478,57.14018,54.48853,60.30755,57.28001,66.52819,63.41136,66.0303,70.72482,77.82673,72.94518,80.49845,78.29432,85.95929
13.60147,13.34166,13.34166,12.36932,11.7047,11.40175,10.19804,10.19804,9.21954,9.21954,8.24621,8.24621,7.28011,7.07107,6.08276,6.08276,5.0,5.0,4.0,3.0,3.0,3.0,2.23607,1.41421,1.41421,1.41421,2.23607,1.41421,2.23607,2.82843,2.82843,2.82843,2.82843,4.24264,5.0,4.24264,5.0,5.0,5.0,5.0,5.65685,6.40312,5.65685,6.40312,6.40312,7.07107,6.40312,6.40312,6.40312,6.40312,6.7082,6.7082,90.75792,83.52245,84.77028,84.43341,79.69944,76.55064,73.38937,80.65358,69.57011,64.84597,62.93648,55.36244,55.97321,55.97321,45.89118,45.54119,45.54119,37.64306,35.17101,34.36568,31.257,26.24881,25.70992,24.08319,19.10497,18.02776,10.0,14.31782,13.0,4.12311,7.2111,4.12311,11.18034,6.32456,14.42221,13.0384,16.27882,20.51828,24.75884,20.51828,25.4951,24.83948,24.75884,24.83948,28.28427,30.41381,30.0,31.40064,31.14482,32.52691,32.55764,34.20526,33.83785,32.24903,33.61547,34.0147,33.61547,30.4795,33.42155,33.30165,37.01351,40.60788,38.27532,41.34005,44.41846,46.52956,48.75449,52.35456,53.22593,53.22593,58.69412,60.92618,62.39391,63.32456,63.32456,66.7308,69.64194,70.88018,73.24616,76.40026,71.58911,77.36924,75.0,71.30919,71.80529,71.80529,73.97973,68.68042,73.37575,72.8011,69.26038,68.96376,66.7308,64.84597,63.15853,63.52952,62.43397,60.53924,60.60528,57.62812,58.79626,55.9017,56.30275,55.75841,58.24946,63.52952,65.39113,65.30697,67.23095,66.7308,72.12489,74.72617,77.7946,82.5409
15.29706,14.14214,14.14214,14.14214,13.15295,12.16553,12.16553,12.16553,11.18034,10.04988,10.19804,9.05539,8.06226,8.06226,7.07107,7.0,6.0,6.0,5.0,4.12311,4.12311,3.16228,3.16228,2.23607,2.23607,2.23607,1.0,2.0,2.0,2.0,2.23607,3.60555,2.82843,3.60555,2.82843,4.24264,4.24264,4.24264,5.0,5.65685,5.0,5.65685,5.65685,5.0,5.65685,5.65685,6.40312,6.40312,6.7082,6.7082,6.32456,6.32456,83.21658,87.09191,89.05055,89.27486,84.59314,80.50466,77.02597,74.33034,68.46897,67.06713,62.64982,64.19502,62.28965,57.70615,52.23983,51.0098,48.04165,42.19005,37.21559,40.04997,32.24903,30.01666,25.07987,18.11077,19.64688,16.03122,14.86607,16.12452,6.32456,9.84886,5.65685,7.81025,5.83095,10.29563,12.04159,9.43398,13.41641,21.09502,20.12461,21.09502,21.26029,20.24846,26.83282,27.313,27.73085,28.30194,30.23243,34.1321,33.42155,32.44996,32.55764,36.79674,33.97058,36.79674,37.48333,34.20526,33.12099,29.15476,30.88689,32.64966,38.58756,40.0,37.20215,42.63801,39.62323,46.69047,50.24938,49.67897,53.07542,54.03702,59.5483,62.482,64.03124,66.21933,67.62396,68.60029,71.02112,69.64194,72.40166,72.56032,73.06162,75.58439,73.24616,72.91776,73.3553,71.02112,74.30343,73.43024,71.02112,73.06162,73.06162,69.63476,65.60488,65.19202,65.8559,58.69412,60.10824,57.98276,61.03278,60.0,59.64059,56.35601,53.22593,59.23681,60.72891,59.90826,61.81424,62.514,67.02984,71.34424,73.10951,74.06079,78.05767,81.05554
14.14214,14.31782,13.15295,14.31782,12.16553,12.36932,11.18034,11.18034,10.19804,9.21954,9.21954,9.05539,8.06226,7.07107,6.08276,6.08276,6.08276,5.09902,4.0,3.0,3.0,2.0,2.0,1.0,1.0,1.0,0.0,1.0,2.23607,2.23607,3.16228,3.16228,3.16228,4.12311,4.12311,4.12311,5.09902,5.38516,5.38516,5.38516,5.38516,5.38516,6.32456,5.83095,6.7082,5.83095,6.7082,6.40312,6.40312,6.40312,6.40312,5.65685,85.16455,80.00625,79.40403,82.8734,83.1685,75.61085,74.09453,73.53911,67.77905,62.62587,63.32456,61.68468,56.75385,53.14132,49.0408,49.0408,43.01163,37.33631,34.20526,34.52535,30.26549,27.89265,24.18677,21.0238,19.23538,16.12452,17.0,10.44031,4.12311,13.41641,6.0,5.0,5.38516,11.31371,13.60147,13.0384,18.38478,18.86796,22.36068,20.12461,25.55386,24.16609,26.92582,28.30194,28.6531,31.90611,28.6531,34.1321,29.68164,33.83785,34.48188,34.82815,34.4093,33.30165,33.24154,34.4093,29.20616,31.90611,31.62278,32.75668,37.57659,37.58989,37.94733,41.4367,43.46263,47.43416,50.92151,48.76474,54.81788,56.75385,59.43904,58.46366,63.78871,63.78871,65.30697,63.34824,66.09841,69.42622,77.46612,71.56815,73.68175,75.23962,75.10659,72.56032,70.5762,72.00694,71.44928,72.00694,70.61161,71.19691,69.63476,68.68042,67.44627,64.51356,61.68468,59.09315,57.27128,60.41523,60.74537,58.00862,56.0803,56.58622,65.43699,61.40033,57.2014,61.40033,59.5399,64.84597,67.62396,68.15424,72.12489,70.5195,75.96052,80.04998
14.14214,14.14214,13.15295,13.15295,13.0384,12.16553,11.04536,11.04536,10.04988,9.05539,9.05539,9.05539,8.0,7.0,7.0,6.0,7.0,5.0,5.09902,4.12311,4.12311,3.16228,3.16228,2.23607,1.41421,1.41421,1.0,2.0,2.23607,2.23607,2.82843,2.82843,2.82843,3.60555,3.60555,3.60555,3.60555,5.0,5.0,5.0,5.0,4.47214,5.0,5.0,5.0,5.0,5.65685,5.65685,5.65685,6.40312,6.40312,5.83095,87.36704,85.47514,86.70063,85.15868,82.73452,77.46612,75.95393,74.73286,69.87131,67.74216,65.30697,62.1289,60.29925,50.35871,52.23983,48.09366,45.39824,41.01219,36.22154,33.01515,35.0,29.0,23.02173,21.58703,19.41649,14.56022,15.81139,9.84886,8.06226,9.43398,5.83095,6.0,6.40312,11.6619,9.43398,14.31782,17.46425,19.92486,24.18677,20.61553,20.59126,24.59675,27.313,26.24881,29.54657,28.79236,31.62278,34.88553,33.83785,31.76476,33.01515,33.61547,35.51056,35.80503,35.4683,36.87818,34.20526,28.28427,33.30165,33.97058,39.40812,39.66106,40.31129,41.04875,42.94182,46.95743,51.97115,51.42956,52.92447,56.85948,60.53924,60.16644,60.40695,69.64194,59.13544,70.83784,70.83784,69.28925,76.24303,73.68175,73.76313,75.9276,76.65507,72.27724,75.58439,71.8401,75.28612,69.37579,72.73239,73.1642,65.9242,69.35416,63.56099,67.1193,62.76942,63.81222,58.24946,61.07373,57.28001,58.72819,60.44005,57.62812,58.59181,62.64982,59.5399,60.92618,63.60031,66.40783,70.0928,74.95332,73.82412,80.62258,77.64664,82.21922
15.23155,14.31782,13.92839,13.0,13.0,13.0,11.7047,10.77033,10.77033,9.84886,9.48683,8.544,8.544,7.61577,6.32456,7.28011,6.08276,5.09902,4.12311,4.12311,4.0,3.0,3.0,2.23607,2.23607,2.23607,1.0,2.0,2.0,2.23607,2.23607,3.16228,3.60555,3.60555,3.60555,4.47214,4.47214,5.0,5.38516,5.83095,5.83095,5.83095,6.7082,5.83095,6.7082,6.7082,6.7082,6.32456,7.28011,7.07107,6.08276,6.0,89.05055,81.9878,83.63014,81.02469,79.75588,78.54935,74.30343,74.09453,66.03787,70.17834,61.7171,61.7171,60.82763,55.47071,55.00909,44.77723,45.80393,39.82462,34.43835,31.01612,33.24154,31.01612,25.07987,20.12461,20.39608,15.81139,15.52417,11.18034,7.0,9.21954,11.40175,8.544,8.0,11.40175,11.18034,13.41641,15.6205,21.09502,23.43075,23.60085,25.94224,27.29469,25.4951,29.68164,28.84441,29.96665,30.88689,32.44996,34.43835,34.48188,36.67424,34.43835,35.4683,31.62278,33.52611,33.13608,32.24903,29.20616,29.06888,33.42155,35.4683,39.44617,39.96248,39.44617,43.82921,44.72136,48.37355,52.92447,54.42426,56.79789,58.87274,60.08328,61.61169,67.35726,62.8172,69.92138,67.72001,70.88018,71.58911,72.36712,76.94154,73.82412,74.67262,68.35934,72.69113,69.05071,73.97973,66.48308,74.96666,68.24954,65.51336,65.51336,63.32456,58.94065,64.19502,58.87274,55.65968,55.07268,57.3062,59.90826,53.00943,54.81788,63.12686,60.44005,61.03278,59.07622,60.20797,66.03787,70.71068,72.94518,72.01389,77.82031,76.96753,80.11242
14.86607,13.92839,13.60147,12.64911,12.64911,11.7047,11.7047,10.44031,10.44031,8.544,8.544,8.544,7.28011,6.32456,6.32456,6.32456,5.09902,5.09902,4.12311,4.12311,2.23607,2.23607,2.0,1.0,1.0,0.0,1.41421,1.41421,2.23607,2.23607,3.16228,3.60555,4.47214,4.47214,4.47214,4.47214,5.0,5.0,5.0,6.40312,5.0,6.40312,6.40312,5.65685,6.40312,6.40312,6.40312,6.40312,6.40312,6.40312,5.83095,5.83095,83.48653,81.7435,85.84288,82.8734,79.07591,74.67262,72.99315,74.33034,66.75328,64.13267,63.15061,62.64982,59.5399,50.63596,52.34501,43.18565,41.97618,37.85499,33.13608,32.01562,31.06445,31.01612,22.36068,18.11077,17.46425,13.0,14.42221,10.19804,7.81025,11.6619,4.12311,7.28011,10.29563,10.0,9.21954,17.11724,21.18962,23.85372,20.12461,21.93171,26.92582,28.6531,30.41381,28.17801,33.6006,32.01562,32.64966,36.05551,31.62278,36.79674,30.4795,33.94113,35.4683,37.01351,36.23534,38.58756,33.01515,29.52965,34.9285,39.11521,38.94868,39.40812,38.28838,46.8615,47.50789,45.25483,52.34501,50.93133,55.22681,58.72819,60.44005,60.0,62.68174,64.07027,68.7968,70.72482,71.34424,68.60029,71.69379,75.66373,72.47068,75.66373,73.82412,76.53757,74.30343,72.47068,71.11962,71.19691,69.46222,66.57327,69.64194,66.57327,65.73431,68.24954,64.66065,62.96825,60.82763,58.89822,60.20797,59.5483,60.0,56.93856,55.71355,58.24088,59.48109,61.68468,67.18631,66.4906,72.56032,77.23341,78.1025,81.3941,79.15807,79.15807
14.86607,14.86607,13.92839,13.92839,13.92839,11.7047,11.7047,11.40175,10.44031,9.48683,9.48683,9.21954,8.24621,8.24621,7.28011,6.08276,6.08276,5.09902,5.09902,4.12311,4.0,3.0,2.0,2.0,2.0,1.0,1.0,1.0,1.0,1.41421,2.23607,2.82843,2.82843,3.60555,3.60555,3.60555,4.47214,5.0,4.24264,5.0,5.0,5.0,5.0,5.65685,5.65685,5.65685,5.65685,5.0,5.83095,5.83095,5.83095,5.38516,85.44004,83.81527,83.81527,78.18568,76.53757,74.33034,69.89278,75.61085,68.70953,67.77905,57.00877,59.77458,52.20153,51.26402,45.54119,44.64303,43.68066,41.59327,37.65634,31.7805,26.68333,24.5153,24.08319,22.09072,17.02939,19.41649,10.77033,10.0,5.38516,5.83095,6.0,8.0,6.40312,7.81025,8.60233,17.02939,18.43909,23.02173,22.2036,25.05993,21.63331,25.55386,30.0,27.80288,32.52691,29.41088,35.0,33.30165,34.82815,36.87818,33.97058,34.71311,36.23534,35.35534,37.44329,36.89173,35.8469,26.87006,32.55764,36.05551,39.11521,38.07887,36.24914,43.82921,43.86342,43.9659,44.28318,47.75982,54.78138,62.93648,58.5235,59.48109,60.44005,68.96376,65.25335,70.60453,69.2315,70.0928,70.03571,64.13267,70.40597,72.56032,69.87131,74.1485,72.56721,68.35934,69.2315,68.44706,72.03471,69.42622,68.15424,67.44627,65.14599,62.03225,57.93962,59.61543,59.36329,64.14047,57.2014,57.80138,55.86591,58.69412,57.31492,58.41233,55.07268,63.06346,65.29931,63.69458,65.80274,73.37575,70.88018,82.71034,86.40023,85.61542
14.86607,14.14214,13.45362,13.45362,12.04159,12.04159,11.31371,10.63015,9.89949,8.48528,9.21954,8.48528,7.81025,7.07107,6.40312,5.83095,5.83095,5.0,4.47214,3.60555,3.16228,2.23607,3.16228,2.0,1.41421,1.41421,2.23607,2.0,3.0,3.0,3.0,4.0,4.12311,5.09902,5.09902,5.09902,5.09902,6.08276,6.08276,6.08276,6.08276,7.07107,7.07107,7.07107,7.0,7.0,7.0,7.0,7.07107,7.07107,7.28011,7.28011,87.86353,86.37129,84.95881,81.46779,85.79627,78.64477,73.40981,76.2168,67.26812,68.11755,62.36986,60.20797,53.15073,53.8145,47.38143,46.69047,45.34314,38.20995,33.30165,31.40064,28.01785,25.55386,20.59126,20.61553,19.41649,13.92839,11.18034,9.05539,8.94427,7.07107,8.94427,9.0,7.0,12.04159,18.0,15.81139,18.97367,21.93171,25.63201,29.12044,26.92582,32.28002,33.24154,32.31099,37.10795,34.48188,32.98485,34.20526,40.02499,35.35534,41.30375,38.32754,36.22154,37.01351,39.01282,40.4475,36.34556,31.01612,34.78505,34.71311,34.05877,36.34556,41.19466,40.0125,46.09772,43.01163,52.03845,49.09175,54.23099,52.08647,58.13777,62.80127,57.72348,64.32729,67.68309,64.77654,70.88018,70.83078,71.8401,73.08215,75.96052,75.27284,74.95332,71.7844,74.94665,73.08215,70.0928,67.18631,72.27724,68.88396,67.46851,64.53681,64.77654,60.53098,60.0,57.42822,59.00847,58.03447,57.48913,58.94065,61.40033,57.58472,54.58938,58.60034,61.40033,64.07027,63.82006,69.81404,72.13876,73.0,77.33693,80.65978,86.26703,83.48653
13.60147,12.64911,12.36932,12.64911,11.40175,11.40175,10.44031,9.48683,9.48683,8.24621,8.24621,8.24621,7.07107,6.08276,5.09902,5.09902,5.09902,4.12311,3.0,3.0,2.0,2.0,1.0,0.0,1.0,0.0,1.0,2.23607,2.23607,3.16228,3.16228,4.12311,4.47214,4.47214,4.47214,5.38516,5.38516,6.32456,6.32456,5.83095,5.38516,6.7082,6.7082,6.7082,6.7082,6.7082,7.2111,6.40312,6.40312,6.40312,6.40312,6.40312,87.86353,83.9345,86.34813,81.78631,78.33901,78.16009,72.78049,71.30919,62.36185,64.7611,64.32729,59.22837,56.88585,47.29693,49.49747,46.57252,41.59327,34.36568,33.06055,32.24903,30.06659,21.2132,19.10497,16.12452,16.12452,12.36932,10.77033,5.38516,6.32456,6.08276,5.0,5.65685,11.6619,12.08305,18.60108,20.12461,24.04163,21.93171,26.0,29.54657,27.73085,29.52965,34.17601,33.54102,35.34119,34.88553,37.12142,38.91015,39.11521,39.96248,39.05125,40.80441,42.0119,38.41875,39.62323,38.28838,39.05125,25.4951,34.05877,33.97058,36.05551,38.94868,38.48376,39.81206,44.77723,41.62932,49.64877,47.16991,54.12024,60.16644,57.87055,59.46427,61.68468,66.48308,63.89053,70.21396,69.12308,68.15424,73.75636,71.70077,74.52516,76.90254,75.9276,70.61161,72.18033,64.53681,72.53275,66.21933,71.56815,70.34202,64.84597,67.77905,62.76942,61.7171,60.90156,53.85165,59.90826,59.64059,59.66574,65.8559,55.60576,60.10824,64.88451,59.16925,59.9333,63.15853,66.21178,64.84597,69.12308,76.40026,72.56721,79.62412,81.58431,83.54639
14.14214,13.45362,13.45362,12.72792,11.31371,11.31371,10.63015,9.89949,9.21954,9.21954,7.81025,7.81025,7.2111,6.40312,5.83095,5.0,4.47214,3.60555,3.16228,3.16228,2.0,2.0,1.0,1.41421,1.41421,1.0,2.23607,2.23607,3.16228,3.60555,3.60555,4.47214,5.0,5.83095,5.83095,5.83095,6.40312,6.7082,6.7082,7.2111,7.2111,8.06226,8.06226,8.06226,7.61577,7.61577,7.61577,7.61577,7.28011,7.28011,8.24621,8.06226,89.82761,84.89994,89.80535,83.54639,83.24062,74.20243,77.7946,68.68042,68.88396,59.66574,60.20797,59.4138,55.31727,48.79549,44.55334,44.55334,44.59821,33.42155,33.97058,32.20248,29.83287,24.75884,20.0,15.23155,13.0,14.14214,10.19804,10.29563,6.32456,5.0,5.38516,7.07107,11.7047,16.15549,13.41641,21.54066,25.55386,24.69818,26.24881,30.46309,30.01666,31.7805,36.68787,38.27532,31.01612,40.24922,35.8469,37.94733,39.56008,42.72002,35.4683,40.79216,44.91102,36.34556,41.7732,42.0,38.11824,29.61419,29.06888,35.22783,36.01389,39.05125,38.0526,44.18144,46.09772,48.50773,50.35871,50.9902,51.1957,58.5235,59.66574,59.90826,60.44005,68.41053,63.32456,66.21933,69.57011,69.64194,76.55064,73.1642,73.1642,79.84986,71.17584,74.33034,71.16881,71.7844,73.4983,72.12489,68.96376,67.44627,70.61161,65.0,73.24616,60.87693,56.14268,64.07027,64.00781,59.07622,61.29437,58.69412,60.44005,57.28001,60.16644,58.69412,59.5063,66.03787,67.42403,67.6757,71.8401,73.87828,71.50524,80.65978,84.95881,84.29116
14.21267,14.21267,13.45362,12.80625,12.04159,12.04159,11.40175,10.0,10.0,9.21954,8.60233,7.81025,7.2111,6.40312,6.40312,5.0,5.0,3.60555,3.60555,3.60555,2.23607,1.41421,1.41421,1.0,0.0,0.0,1.41421,2.23607,2.82843,2.82843,3.60555,4.24264,4.24264,5.0,5.0,5.0,5.65685,5.65685,6.40312,6.40312,6.40312,6.40312,6.40312,6.40312,6.40312,7.2111,6.7082,6.7082,6.7082,6.32456,6.32456,6.08276,82.21922,83.45058,86.27862,80.62258,78.49204,80.62258,70.00714,75.0733,65.06919,64.3506,60.81118,57.38467,60.20797,53.07542,46.66905,42.0119,43.27817,39.05125,32.80244,28.84441,29.15476,23.25941,21.09502,15.81139,11.40175,8.24621,9.05539,9.05539,6.32456,2.23607,9.05539,10.0,13.0384,11.40175,15.65248,19.41649,20.80865,25.4951,27.80288,28.6007,27.29469,29.15476,32.20248,33.54102,35.51056,36.71512,38.58756,35.51056,40.71855,39.0,44.77723,42.72002,37.0,40.80441,41.10961,40.31129,40.1995,28.86174,33.37664,31.57531,37.12142,38.11824,41.04875,43.10452,45.01111,49.09175,45.27693,50.35871,53.46027,54.23099,54.74486,58.24946,56.29387,66.94027,62.36986,64.13267,74.2159,71.30919,75.69016,70.34202,68.94926,69.92138,73.76313,74.94665,72.12489,71.47027,70.0928,70.83078,71.19691,69.42622,71.84706,66.91039,61.20457,62.28965,59.0,62.07254,57.00877,61.52235,56.88585,57.00877,58.82176,56.30275,59.03389,61.29437,62.68174,62.62587,66.8431,68.76772,75.66373,79.20859,76.57676,79.93122,87.45856,83.54639
15.13275,14.14214,14.14214,13.15295,12.16553,12.04159,11.18034,11.18034,10.04988,9.21954,9.21954,8.24621,8.24621,7.28011,6.32456,6.32456,5.38516,5.38516,4.47214,3.60555,3.60555,2.82843,2.82843,2.23607,2.0,1.0,1.0,2.23607,2.23607,3.16228,3.16228,4.0,4.0,4.12311,4.0,5.0,5.09902,6.08276,6.08276,6.08276,6.08276,6.08276,6.08276,6.32456,7.28011,6.32456,7.28011,7.61577,6.7082,7.2111,7.2111,7.2111,90.02222,85.02353,82.02439,79.1012,88.00568,79.05694,75.00667,71.02816,65.03076,63.03174,69.06519,61.0082,57.03508,50.15974,49.16299,48.25971,43.28972,39.20459,35.35534,32.55764,27.89265,25.29822,23.4094,17.26268,15.81139,13.0384,10.63015,7.81025,2.23607,2.23607,5.83095,8.06226,5.83095,14.03567,20.22375,19.92486,22.2036,26.07681,28.07134,28.28427,33.37664,32.14032,35.69314,38.47077,38.63936,37.48333,38.47077,39.81206,42.44997,40.26164,40.80441,39.56008,41.78516,43.08132,42.48529,39.82462,39.11521,26.90725,30.80584,29.73214,33.83785,37.44329,36.05551,36.24914,40.71855,45.18849,46.95743,47.50789,47.85394,56.35601,57.69749,58.13777,61.46544,62.96825,61.46544,66.7308,71.16881,72.23573,71.69379,75.61085,72.23573,70.83784,71.30919,71.86793,68.00735,75.27284,69.857,72.61543,67.62396,69.83552,67.08204,68.96376,62.26556,63.63175,60.80296,55.44367,60.1415,58.0517,59.81639,59.03389,61.29437,59.5399,62.6099,62.39391,63.32456,63.78871,67.68309,69.11584,79.22752,77.10383,77.02597,79.02531,76.05919,85.09407
13.60147,12.80625,12.80625,11.40175,10.81665,10.0,10.0,9.21954,9.21954,7.81025,7.07107,7.07107,7.07107,5.65685,5.0,4.24264,3.60555,3.60555,3.60555,2.23607,2.23607,1.0,1.0,0.0,1.0,1.41421,1.41421,2.23607,2.82843,3.60555,4.24264,4.24264,5.0,5.65685,5.65685,5.65685,6.40312,6.40312,7.07107,7.07107,7.07107,7.81025,7.81025,7.81025,7.81025,7.81025,7.81025,8.06226,7.2111,8.06226,7.61577,7.61577,85.08819,82.29824,83.52844,88.68484,85.0,79.40403,72.56032,70.49113,67.23095,64.14047,62.43397,56.0357,54.08327,47.43416,46.61545,43.56604,39.40812,33.01515,29.0,29.06888,28.42534,22.62742,20.80865,17.49286,15.0,8.24621,6.32456,3.0,5.0,1.41421,4.24264,10.81665,12.04159,15.65248,16.64332,19.84943,23.60085,26.24881,28.3196,28.42534,31.14482,34.05877,36.40055,37.21559,36.05551,40.31129,38.01316,37.73592,41.04875,39.66106,44.10215,41.34005,46.95743,42.54409,41.76123,39.21734,43.17407,29.15476,33.01515,33.83785,37.44329,39.62323,42.2019,38.94868,43.27817,45.96738,49.0408,50.9902,55.17246,56.56854,54.48853,64.3506,62.24147,62.24147,60.82763,67.20863,66.52819,67.20863,74.95332,72.12489,71.50524,75.00667,72.91776,75.00667,74.95332,69.29646,72.83543,64.38167,64.53681,66.4003,66.0303,67.6757,68.7968,65.0,61.77378,62.64982,58.87274,58.0517,58.69412,63.78871,62.514,61.0,62.0,61.13101,61.81424,66.48308,62.93648,66.48308,72.8011,74.84651,79.62412,84.59905,85.0,84.21995
14.14214,14.14214,13.34166,12.16553,12.16553,12.16553,11.18034,9.21954,9.21954,9.21954,8.24621,7.28011,6.32456,6.32456,5.38516,5.09902,4.12311,4.12311,3.16228,2.23607,2.23607,1.41421,1.0,0.0,1.0,0.0,2.23607,3.16228,3.16228,3.16228,4.12311,5.09902,5.09902,5.38516,5.38516,6.32456,6.32456,7.28011,7.07107,7.07107,7.07107,8.06226,8.06226,8.06226,8.24621,8.06226,8.06226,8.0,8.0,8.06226,8.06226,8.24621,85.32878,85.37564,81.58431,84.59314,82.8734,75.23962,75.95393,70.71068,64.93843,57.55867,59.03389,55.31727,52.46904,51.41984,44.14748,45.60702,42.44997,34.53983,30.46309,31.62278,26.92582,26.40076,18.35756,16.55295,12.04159,9.21954,8.24621,4.47214,4.0,5.0,6.08276,7.0,12.64911,17.08801,15.65248,21.84033,24.04163,23.08679,27.51363,28.86174,32.24903,33.61547,33.24154,39.56008,38.07887,34.78505,36.87818,40.60788,37.85499,41.10961,41.19466,42.04759,45.27693,44.01136,47.04253,41.0,41.48494,29.0,31.241,36.12478,33.6006,36.40055,37.80212,40.24922,44.41846,46.09772,51.10773,48.30114,49.73932,52.15362,58.18075,61.29437,60.41523,61.7171,67.54258,64.84597,67.23095,68.42514,69.46222,73.00685,71.11962,68.96376,72.47068,72.94518,71.11962,70.71068,70.71068,68.26419,69.11584,67.74216,66.57327,66.0303,65.0,64.66065,60.1415,60.30755,60.21628,61.03278,61.40033,57.80138,60.92618,60.74537,57.00877,56.51548,64.93843,61.07373,66.00758,66.1211,72.11103,77.16217,82.29824,83.19856,81.04937,85.70298
14.03567,14.03567,13.0384,13.0,12.04159,11.04536,11.04536,10.19804,9.05539,9.05539,8.24621,7.28011,7.07107,6.32456,5.38516,5.38516,4.47214,3.60555,3.60555,2.23607,2.23607,1.41421,1.0,2.23607,1.0,1.41421,2.0,2.23607,3.0,3.0,4.0,4.0,5.09902,5.09902,6.0,6.08276,6.08276,6.08276,7.07107,7.07107,7.0,8.0,7.0,8.0,8.0,8.0,8.0,8.06226,8.06226,8.06226,8.24621,7.28011,94.33981,85.0,86.83317,84.29116,85.32878,78.77182,73.68175,71.70077,67.47592,63.28507,59.3043,56.0803,49.49747,49.09175,46.04346,39.05125,42.10701,38.0526,31.257,30.0,24.33105,19.41649,20.39608,18.43909,13.0,12.08305,4.47214,6.7082,4.0,5.0,8.60233,10.0,13.60147,13.0,17.02939,18.02776,28.01785,23.0,28.01785,33.01515,35.12834,34.05877,34.0147,36.01389,38.0526,42.0119,39.01282,37.21559,40.11234,41.10961,43.28972,43.56604,45.70558,39.29377,39.29377,40.16217,40.70626,32.64966,34.20526,33.24154,34.52535,41.4367,42.19005,40.60788,41.0,46.27094,49.16299,49.09175,54.45181,52.15362,59.13544,58.21512,59.3043,64.12488,64.19502,63.50591,67.18631,67.06713,66.18912,73.24616,68.26419,71.25307,69.11584,67.36468,71.34424,71.84706,66.75328,68.24954,68.24954,68.88396,69.63476,66.09841,65.9242,64.51356,58.59181,59.5399,60.37384,59.64059,59.5483,55.31727,57.31492,61.07373,55.47071,58.5235,63.69458,63.97656,70.21396,68.88396,73.4983,72.78049,78.26238,80.89499,83.54639,92.43917
15.81139,15.81139,14.42221,13.60147,12.20656,13.60147,13.0384,10.81665,10.29563,9.43398,9.43398,8.06226,7.2111,5.83095,5.38516,5.83095,4.47214,4.47214,3.16228,2.23607,2.23607,2.23607,1.0,1.0,0.0,1.0,2.23607,2.23607,3.16228,3.60555,4.47214,4.12311,5.38516,5.38516,6.32456,6.7082,6.32456,6.7082,6.7082,7.61577,7.61577,7.61577,7.61577,7.61577,8.06226,8.06226,8.60233,8.06226,7.81025,7.81025,7.81025,7.81025,85.47514,86.82166,86.83317,86.83317,84.21995,76.8505,74.09453,72.56032,67.23095,65.36819,59.09315,57.70615,53.66563,43.82921,49.39636,45.31004,41.62932,33.83785,30.67572,33.24154,29.61419,22.56103,21.37756,16.27882,10.44031,5.0,8.06226,6.40312,2.23607,5.83095,10.0,10.81665,8.94427,13.34166,18.86796,19.23538,24.35159,23.76973,27.20294,28.23119,31.30495,34.53983,37.69615,33.52611,37.36308,38.62642,41.59327,39.56008,41.18252,39.0,42.04759,42.05948,45.17743,44.65423,42.0119,41.86884,40.31129,27.07397,31.257,32.55764,38.63936,39.05125,40.02499,41.48494,42.95346,47.12749,45.54119,52.20153,54.23099,54.42426,57.28001,59.77458,57.00877,65.9242,60.40695,67.05222,68.94926,63.90618,70.5762,67.35726,70.2282,70.5762,72.42237,72.44998,72.53275,68.68042,70.83078,66.70832,71.38627,66.06815,66.37017,66.0303,62.20129,61.03278,62.03225,60.20797,58.24946,61.13101,55.97321,61.84658,60.41523,59.48109,61.84658,63.78087,62.93648,66.46804,64.3506,67.42403,72.42237,81.84131,80.62258,81.9878,89.69392,84.07735
14.76482,13.89244,13.89244,13.0384,12.52996,11.18034,10.29563,8.94427,8.94427,8.94427,7.61577,6.7082,7.28011,6.32456,5.09902,5.09902,4.12311,3.16228,3.0,3.0,2.0,2.23607,1.41421,1.41421,1.0,1.41421,2.23607,2.23607,3.60555,3.60555,4.47214,4.47214,4.47214,5.38516,5.83095,6.7082,6.7082,7.2111,6.7082,6.7082,8.06226,8.06226,8.06226,8.06226,8.06226,8.60233,8.60233,7.81025,7.81025,7.81025,8.48528,7.81025,91.24144,90.52072,93.50936,86.37129,81.34494,82.13404,74.24958,77.07788,60.82763,62.93648,60.0,56.40035,55.0,50.9902,49.0408,43.41659,42.43819,35.80503,33.61547,28.63564,27.29469,25.4951,18.78829,15.81139,14.14214,14.03567,4.47214,2.23607,6.32456,1.41421,6.0,10.29563,12.04159,20.51828,21.93171,21.93171,23.60085,28.84441,30.0,34.1321,33.28663,30.80584,37.48333,41.7732,41.7732,39.40812,43.86342,40.80441,41.23106,43.93177,44.82187,41.03657,46.66905,42.80187,42.63801,43.60046,42.48529,30.36445,34.17601,33.24154,39.81206,42.05948,42.48529,42.94182,45.18849,49.24429,46.06517,52.69725,54.70832,58.30952,58.5235,64.49806,59.20304,62.68174,65.45991,64.14047,64.66065,69.46222,71.28113,67.95587,71.28113,72.71864,73.57309,71.02816,76.15773,69.35416,74.24958,68.47627,69.31811,69.857,69.57011,66.40783,65.73431,64.32729,64.7611,59.3043,64.03124,66.00758,61.0082,59.4138,63.15061,60.44005,68.8767,63.50591,64.88451,68.24222,67.80118,68.8186,78.74643,81.32035,74.96666,86.4523,91.5478,88.45903
14.56022,13.60147,13.60147,12.64911,12.36932,11.40175,10.77033,9.48683,9.48683,8.544,7.61577,7.28011,6.7082,5.38516,5.83095,4.47214,4.47214,3.16228,2.82843,2.23607,1.41421,1.0,1.0,1.0,1.41421,1.0,2.0,3.16228,4.12311,3.60555,4.12311,5.38516,5.38516,5.38516,6.32456,6.32456,6.32456,7.28011,7.28011,7.28011,7.28011,7.61577,8.24621,8.24621,8.24621,8.24621,8.24621,8.06226,8.06226,8.0,8.0,8.06226,86.14523,83.21658,87.36704,82.1523,83.29466,78.1025,74.33034,72.02777,65.62012,63.1981,60.29925,56.32051,56.32051,45.70558,47.07441,44.72136,40.4475,32.89377,29.42788,29.41088,28.4605,24.73863,13.92839,14.21267,10.0,9.21954,8.60233,4.24264,3.16228,3.16228,6.40312,13.0,17.02939,12.16553,15.29706,27.07397,27.16616,29.0,27.07397,28.44293,35.51056,33.13608,38.63936,36.12478,37.33631,40.04997,36.34556,42.19005,41.10961,42.10701,40.04997,45.04442,40.11234,42.19005,43.93177,38.8973,38.8973,31.14482,31.89044,36.40055,40.49691,43.82921,37.12142,42.48529,41.23106,42.94182,45.69464,47.53946,53.31041,55.9464,58.18075,61.32699,57.58472,61.7414,63.90618,67.23095,66.7308,70.93659,68.62215,67.77905,69.89278,69.857,70.68239,67.23095,72.49828,67.54258,71.11962,70.71068,68.47627,64.41273,64.14047,61.85467,63.24555,66.21933,62.24147,59.39697,56.61272,53.82379,60.74537,56.82429,59.94164,60.82763,55.65968,60.01666,64.53681,64.12488,70.06426,70.0,72.06247,75.32596,79.1012,84.85281,87.57283,86.37129
14.03567,14.03567,13.0,13.0,12.04159,11.04536,11.0,10.0,9.0,8.0,8.0,7.0,7.0,6.0,6.08276,4.0,5.09902,3.16228,2.23607,2.0,1.41421,1.41421,0.0,1.0,1.41421,0.0,2.0,3.0,3.0,4.0,4.0,5.0,5.0,5.0,6.0,6.0,6.0,7.07107,7.07107,7.07107,7.0,7.07107,8.06226,7.07107,7.07107,8.24621,8.24621,8.24621,7.61577,7.61577,7.61577,7.2111,85.00588,87.20665,80.0,88.02272,84.00595,79.15807,76.10519,70.11419,70.00714,62.07254,63.12686,56.00893,53.00943,50.03998,46.0,41.0,40.0,35.35534,35.51056,30.59412,28.44293,19.92486,17.72005,15.26434,10.81665,10.0,9.43398,6.0,7.07107,5.09902,10.29563,10.0,13.15295,19.23538,21.09502,26.01922,27.07397,27.01851,29.0,31.06445,30.14963,30.41381,32.55764,41.04875,40.04997,40.11234,39.31921,42.19005,43.10452,41.10961,41.23106,42.44997,48.08326,43.46263,38.8973,37.69615,41.18252,32.80244,31.62278,36.05551,36.71512,37.21559,41.14608,44.59821,42.04759,48.70318,49.0408,50.59644,47.43416,56.64804,60.72891,57.87055,56.32051,58.24088,64.56005,66.21933,65.25335,61.68468,72.73239,63.89053,64.03124,66.76077,68.00735,68.96376,68.94926,70.5762,66.48308,67.23095,67.41662,63.97656,64.84597,63.52952,64.66065,59.90826,63.60031,56.0803,58.72819,61.55485,60.44005,54.91812,60.90156,55.9464,63.97656,64.62198,65.0,66.09841,65.49046,68.46897,76.10519,80.22468,80.30567,82.0975,84.00595,81.02469
15.81139,15.81139,14.86607,14.56022,13.60147,12.64911,11.7047,10.77033,10.77033,9.48683,9.48683,8.544,7.28011,7.28011,6.32456,5.83095,5.38516,4.47214,3.60555,3.60555,2.23607,2.23607,1.41421,1.0,0.0,1.0,2.0,1.0,2.23607,3.16228,3.16228,4.47214,4.47214,4.47214,5.38516,6.08276,6.32456,6.32456,6.32456,6.32456,6.32456,7.28011,7.28011,7.07107,7.07107,7.07107,7.07107,7.07107,7.0,7.0,7.07107,7.28011,96.10411,88.07383,91.92388,85.16455,88.23265,82.2253,78.44743,77.88453,65.0,64.53681,62.64184,61.68468,55.15433,52.20153,44.27189,43.65776,41.62932,34.53983,36.24914,29.96665,28.63564,26.24881,19.20937,17.69181,12.80625,10.81665,9.48683,7.07107,4.47214,8.06226,9.21954,12.36932,11.04536,14.14214,20.88061,21.37756,21.84033,26.57066,27.85678,33.95585,33.24154,34.20526,35.73514,33.95585,40.16217,41.0,41.0,41.48494,48.05206,44.38468,42.75512,49.49747,45.70558,41.01219,44.01136,47.26521,43.28972,34.05877,32.64966,37.01351,39.82462,42.0119,41.04875,42.72002,46.64762,47.88528,48.37355,52.47857,50.53712,55.9017,58.66856,57.70615,59.94164,68.7968,61.26989,68.0,67.97794,66.24198,72.01389,65.76473,68.09552,68.0,70.23532,69.77105,72.20111,67.23095,71.56116,62.80127,66.85058,66.06815,65.43699,65.29931,65.79514,62.28965,58.60034,57.00877,59.16925,63.52952,57.38467,59.77458,57.72348,60.63827,61.0,61.03278,65.03076,69.18092,69.58448,74.8131,75.70997,84.64632,78.84795,90.24965,94.25497,87.36132
13.41641,13.41641,12.52996,12.08305,11.18034,10.77033,10.29563,9.43398,8.06226,8.06226,8.06226,7.2111,6.40312,5.0,5.0,4.24264,4.24264,2.82843,2.82843,2.23607,1.0,1.0,1.0,1.41421,2.0,2.0,2.23607,3.16228,3.16228,3.60555,4.47214,5.38516,5.38516,5.38516,5.83095,5.83095,6.7082,6.7082,6.7082,6.7082,7.61577,7.61577,7.61577,7.61577,7.61577,7.61577,8.544,8.24621,8.24621,8.06226,8.06226,7.0,89.47067,89.55445,87.32125,86.40602,88.60023,79.71198,76.15773,77.83315,68.15424,67.05222,63.97656,60.92618,54.12024,53.22593,48.33218,45.17743,40.31129,36.05551,30.80584,29.68164,30.01666,23.43075,21.26029,12.20656,7.07107,6.08276,12.64911,6.7082,6.40312,5.65685,9.05539,12.04159,10.0,18.43909,20.22375,25.17936,24.18677,30.59412,35.44009,33.73426,33.95585,34.52535,37.36308,39.62323,42.2019,38.83298,41.59327,45.39824,44.18144,37.48333,40.11234,44.72136,44.0,42.0119,46.17359,45.27693,39.81206,28.4605,34.43835,37.12142,39.40812,41.34005,41.04875,44.20407,45.45327,46.69047,47.80167,49.20366,53.90733,59.66574,60.81118,55.97321,64.3506,63.03174,63.70243,69.29646,69.31089,67.88225,68.68042,66.46804,69.29646,70.72482,68.593,68.62215,66.48308,71.44928,69.29646,68.0147,67.80118,68.41053,66.4003,59.90826,61.29437,65.74192,62.64982,58.69412,60.40695,61.13101,59.84146,58.54912,60.20797,64.03124,57.03508,58.54912,67.91171,66.48308,69.07966,73.38937,78.43469,82.63776,81.15417,86.33076,88.58894,93.47192
16.12452,15.13275,15.0333,14.03567,13.0384,13.0384,12.04159,11.04536,11.04536,10.0,9.0,9.0,7.07107,7.07107,6.08276,6.08276,5.09902,5.09902,4.47214,3.60555,2.82843,2.82843,2.82843,2.0,2.0,2.0,2.23607,2.82843,2.82843,3.60555,3.60555,4.47214,4.47214,5.83095,5.83095,5.83095,5.83095,5.83095,6.7082,6.7082,7.2111,6.7082,7.2111,7.2111,7.2111,7.81025,7.2111,7.81025,7.81025,7.81025,7.07107,7.2111,93.96276,89.1852,87.09191,89.28606,84.89994,87.59566,76.24303,74.04053,65.45991,65.73431,58.69412,57.48913,51.97115,47.07441,49.72927,38.32754,41.7732,34.36568,31.57531,30.01666,30.06659,21.0,17.26268,17.11724,13.92839,12.04159,8.60233,5.38516,11.18034,9.48683,11.7047,10.44031,15.0,18.38478,18.38478,29.68164,26.40076,29.83287,27.65863,31.40064,33.83785,37.48333,35.22783,38.41875,41.7732,40.36087,39.05125,41.23106,41.86884,37.48333,42.44997,43.18565,43.84062,41.23106,39.20459,43.909,40.49691,32.01562,34.66987,37.21559,36.24914,38.47077,42.72002,41.0,44.94441,46.84015,47.43416,50.21952,51.1957,53.85165,57.48913,59.43904,56.56854,60.67125,56.4358,62.36986,62.36986,67.89698,68.65858,66.91039,65.49046,65.62012,70.71068,67.74216,67.74216,63.78871,62.36986,61.98387,68.62215,61.98387,62.39391,60.08328,60.53924,59.03389,56.0803,61.7171,59.64059,52.63079,53.75872,58.69412,58.25805,60.46487,56.22277,61.26989,65.14599,62.39391,63.60031,73.08215,72.42237,81.7435,72.78049,81.78631,86.49277,84.5281
15.13275,14.14214,13.15295,13.0384,12.04159,11.18034,11.18034,10.19804,9.21954,9.21954,8.24621,7.28011,7.28011,6.32456,5.38516,5.0,4.47214,4.24264,2.82843,2.82843,2.23607,2.23607,2.0,2.0,2.23607,2.23607,3.60555,3.16228,3.16228,4.47214,4.12311,5.09902,5.09902,5.09902,6.32456,7.28011,7.28011,7.07107,7.07107,7.28011,8.24621,8.24621,8.24621,8.544,8.544,8.544,8.544,8.544,8.544,7.61577,8.06226,8.60233,95.08417,89.05055,91.02198,84.00595,82.02439,77.05842,73.0,76.05919,66.0303,65.06919,61.03278,59.5399,59.03389,50.03998,46.17359,39.01282,40.60788,33.13608,33.73426,28.63564,25.05993,22.84732,20.24846,17.46425,17.69181,11.6619,9.0,8.06226,9.05539,12.80625,12.80625,15.0,14.76482,17.88854,24.04163,24.69818,24.69818,31.62278,30.08322,32.01562,37.36308,39.0,34.48188,37.33631,42.05948,41.23106,43.01163,41.76123,43.32436,44.38468,44.01136,45.31004,43.08132,42.72002,43.26662,46.61545,45.27693,36.12478,36.23534,37.64306,36.40055,38.83298,39.35734,42.19005,40.81666,50.08992,46.09772,53.48832,51.47815,54.23099,55.36244,62.24147,56.30275,62.64982,63.90618,62.96825,63.90618,64.2573,65.55151,68.62215,65.19202,68.94926,68.54196,68.70953,69.77822,68.15424,62.24147,67.54258,60.41523,67.60178,64.14047,61.03278,60.20797,56.72742,58.89822,55.97321,57.98276,52.63079,54.3783,55.9464,62.64982,57.27128,54.12947,57.97413,61.66036,63.63961,66.18912,70.06426,74.00676,79.00633,81.09871,84.02381,89.05055,90.08885
15.29706,15.29706,14.31782,14.14214,12.16553,12.16553,11.40175,10.44031,10.19804,9.21954,8.544,7.28011,7.28011,6.7082,5.38516,4.47214,5.0,3.60555,3.60555,3.60555,2.23607,2.0,2.0,2.23607,2.23607,2.82843,3.60555,4.12311,4.12311,5.09902,5.09902,5.09902,6.08276,6.08276,7.28011,7.28011,7.28011,7.28011,7.07107,8.06226,8.24621,8.24621,8.24621,8.544,8.544,8.544,8.544,8.544,8.94427,8.06226,8.60233,7.81025,89.35883,90.02222,89.20202,86.20905,77.31753,81.00617,79.00633,77.02597,67.1193,66.1211,59.21149,61.20457,53.46027,51.35173,45.09989,40.60788,42.75512,36.13862,28.63564,24.69818,28.79236,21.0238,20.88061,16.64332,17.69181,13.60147,11.04536,10.19804,10.19804,12.80625,13.92839,18.38478,16.49242,18.78829,24.35159,23.70654,26.4764,33.37664,32.24903,33.24154,37.85499,37.64306,39.05125,37.64306,40.60788,42.75512,45.60702,44.38468,43.9659,43.01163,47.53946,45.31004,42.95346,41.78516,43.56604,44.20407,44.40721,28.3196,39.20459,33.42155,41.40048,41.6173,41.18252,42.54409,51.47815,45.18849,49.76947,50.32892,47.75982,50.15974,58.18075,58.69412,57.58472,60.00833,60.53924,63.32456,59.80803,64.84597,70.00714,69.07966,68.96376,68.62215,67.1193,65.55151,63.97656,68.15424,68.88396,62.17717,69.35416,62.26556,59.90826,60.21628,58.00862,59.03389,56.58622,59.39697,55.31727,54.40588,56.0357,55.9017,57.00877,56.32051,59.48109,57.27128,61.66036,66.1211,67.06713,75.0,78.16009,80.1561,80.75271,88.05112,89.56004,92.19544
16.55295,16.15549,15.23155,15.23155,13.92839,13.0,12.08305,11.7047,10.77033,10.77033,9.48683,8.544,7.28011,7.28011,6.32456,6.08276,5.0,5.0,4.0,3.16228,3.16228,2.23607,2.82843,2.23607,2.23607,3.0,3.16228,3.16228,4.47214,4.47214,4.47214,5.83095,5.83095,5.83095,6.7082,7.2111,6.7082,7.2111,8.06226,7.2111,8.06226,8.06226,8.06226,8.94427,8.94427,7.61577,8.544,8.544,9.48683,8.24621,8.24621,8.06226,94.37161,88.60023,86.12781,86.83317,85.23497,84.15462,76.55064,73.4983,70.5762,67.41662,67.05222,58.5235,58.0517,46.57252,48.10405,45.60702,38.83298,32.98485,31.257,32.06244,27.01851,23.02173,18.11077,15.29706,14.86607,10.77033,11.31371,9.21954,9.21954,13.15295,14.14214,10.77033,16.12452,19.10497,21.63331,26.24881,28.28427,28.28427,30.4795,32.64966,36.40055,36.76955,38.41875,41.01219,39.62323,39.82462,43.93177,44.20407,43.41659,43.01163,44.94441,43.82921,42.54409,43.86342,47.16991,42.2019,42.75512,29.73214,31.14482,37.80212,38.01316,41.6173,38.07887,38.47077,47.85394,46.61545,48.33218,51.47815,55.08176,56.921,55.97321,57.87055,57.00877,60.74537,62.93648,62.93648,61.68468,62.0967,65.51336,65.96969,68.44706,65.73431,68.65858,65.11528,65.73431,65.96969,67.44627,63.78871,65.78754,66.12866,57.24509,62.64982,59.03389,57.3062,55.9464,56.30275,52.43091,54.67175,55.17246,57.38467,55.21775,56.0357,56.64804,57.93962,62.96825,65.0,68.70953,68.41053,73.34848,77.87811,77.10383,83.95237,85.70298,88.29496
14.76482,14.76482,13.89244,13.41641,12.52996,11.18034,10.29563,9.43398,8.94427,8.60233,8.06226,7.2111,6.40312,6.40312,5.0,4.24264,4.24264,2.82843,2.82843,2.23607,2.23607,2.0,1.41421,1.41421,2.23607,2.0,3.0,4.0,4.0,4.12311,5.09902,6.08276,6.08276,6.08276,7.07107,6.08276,7.07107,8.06226,7.07107,8.06226,8.06226,9.05539,8.06226,9.05539,8.06226,8.0,9.0,9.05539,8.06226,8.06226,8.24621,8.24621,90.04999,89.55445,93.47192,89.55445,84.21995,80.5295,80.5295,75.13322,62.6099,66.18912,63.95311,58.18075,59.94164,49.39636,51.0,46.32494,39.82462,31.90611,27.58623,31.14482,26.87006,21.2132,21.09502,18.78829,13.34166,15.0,11.04536,11.40175,12.80625,11.6619,12.08305,15.81139,21.0238,22.02272,23.5372,25.4951,32.01562,30.80584,30.36445,34.20526,39.31921,41.4367,39.31921,41.19466,45.89118,41.7732,43.56604,44.55334,45.70558,45.89118,46.38965,47.09565,45.04442,50.35871,43.18565,44.91102,43.32436,31.38471,35.73514,39.0,40.71855,42.48529,45.80393,43.01163,46.04346,45.48626,54.6443,54.20332,55.60576,60.46487,55.17246,61.6198,62.24147,61.7171,62.36986,65.11528,71.21798,70.72482,69.42622,69.35416,71.50524,68.593,69.35416,70.00714,65.29931,67.62396,66.4003,68.8186,64.63745,68.24222,60.74537,64.00781,63.06346,58.60034,65.79514,60.44005,57.97413,57.07013,59.68249,63.1981,60.29925,62.20129,59.48109,61.61169,63.56886,65.55151,73.53911,76.48529,76.05919,85.90693,87.32125,88.11924,87.13208,93.29523
15.65248,15.23155,14.31782,14.76482,13.41641,12.52996,12.08305,10.77033,10.77033,9.84886,8.94427,8.544,8.544,7.61577,6.32456,6.08276,5.09902,4.12311,4.12311,4.0,3.0,3.0,2.23607,2.23607,1.41421,1.0,2.23607,2.23607,3.16228,3.60555,3.60555,4.24264,5.0,5.0,5.65685,6.40312,6.40312,5.83095,6.40312,6.40312,7.2111,7.2111,7.2111,7.2111,7.2111,8.06226,7.61577,7.61577,7.61577,7.28011,7.28011,7.07107,100.08996,90.47099,93.2309,88.10221,77.47258,81.3941,78.26238,82.34683,66.70832,65.30697,60.00833,56.36488,55.15433,51.62364,46.23851,43.01163,39.21734,40.26164,35.51056,24.5153,26.01922,23.02173,19.23538,16.76305,16.15549,13.89244,10.0,10.63015,9.21954,10.04988,13.34166,16.12452,14.86607,20.61553,25.4951,25.0,23.85372,30.4795,30.23243,32.01562,34.65545,31.1127,41.03657,39.69887,44.04543,40.60788,41.10961,44.10215,47.80167,42.72002,43.60046,44.10215,45.65085,38.91015,42.37924,43.46263,42.44997,33.6006,32.64966,31.90611,39.0,40.80441,40.49691,41.0,44.64303,46.52956,46.52956,47.26521,54.23099,54.58938,56.7186,57.31492,55.44367,63.03174,60.03332,66.0303,66.06815,64.49806,67.18631,64.07027,66.00758,70.0,65.06919,67.36468,64.19502,59.5399,66.0303,61.29437,68.06614,64.32729,65.30697,60.08328,54.08327,54.78138,60.40695,55.4617,60.20797,57.45433,52.20153,57.98276,56.58622,61.07373,53.07542,61.85467,64.00781,68.02941,65.0,73.38937,75.61085,85.44004,78.84795,86.16264,92.97311,86.97701
15.55635,15.55635,14.86607,14.86607,13.45362,12.72792,12.72792,11.31371,10.63015,9.89949,9.21954,8.48528,7.81025,7.81025,7.2111,6.40312,5.0,4.47214,4.47214,4.12311,3.16228,3.0,2.0,2.23607,2.23607,2.23607,2.0,3.0,3.0,4.12311,4.12311,4.0,5.09902,5.09902,6.08276,6.08276,6.08276,6.08276,7.07107,7.07107,7.07107,7.07107,7.07107,7.07107,8.06226,7.07107,8.0,8.0,8.0,7.07107,7.07107,7.28011,93.2309,96.04166,88.75246,90.13878,87.81799,81.88406,80.1561,75.29276,70.83078,66.7308,65.36819,58.30952,57.14018,43.56604,44.65423,48.02083,41.04875,34.82815,31.1127,29.69848,26.24881,25.80698,21.09502,16.76305,14.56022,14.14214,11.18034,14.31782,17.80449,10.81665,13.41641,16.55295,16.12452,21.09502,23.5372,24.02082,27.07397,33.13608,36.12478,38.11824,36.01389,35.12834,42.0,41.59327,42.42641,41.04875,43.56604,42.29657,42.29657,42.42641,43.18565,49.81967,42.95346,47.01064,46.09772,45.65085,42.94182,31.57531,34.23449,36.01389,40.04997,40.1995,41.59327,43.17407,45.70558,45.89118,48.27007,51.5461,51.86521,53.75872,59.90826,57.28001,56.64804,59.5063,63.90618,60.74537,67.23095,65.74192,66.70832,66.64083,70.26379,67.1193,66.21178,64.4748,63.07139,65.39113,67.06713,65.39113,63.56886,64.84597,59.90826,63.32456,58.69412,57.27128,55.9017,56.0357,59.03389,54.33231,59.84146,53.46027,58.5235,55.65968,56.79789,59.9333,62.26556,67.41662,70.80254,70.72482,76.40026,77.93587,82.0061,86.05231,87.00575,95.01579
16.15549,14.86607,14.86607,13.60147,13.60147,12.64911,11.7047,11.7047,10.77033,9.48683,9.48683,8.544,7.61577,6.32456,5.38516,5.83095,4.47214,4.47214,3.60555,3.60555,2.23607,2.23607,2.23607,1.0,1.41421,1.41421,3.16228,3.16228,3.0,4.12311,4.12311,5.0,5.0,5.09902,6.08276,6.08276,6.08276,6.08276,6.08276,7.07107,7.07107,7.07107,7.28011,7.28011,7.28011,7.28011,7.61577,7.61577,7.61577,7.2111,7.2111,6.40312,91.23596,92.30926,92.61209,84.97058,86.8159,80.62258,79.62412,75.96052,68.942,65.0,63.97656,57.27128,54.12947,51.0,47.16991,47.01064,39.39543,35.22783,33.01515,29.0,23.34524,27.80288,16.27882,20.80865,14.42221,10.77033,13.34166,14.31782,12.08305,16.15549,13.0384,15.52417,16.15549,17.46425,25.70992,23.08679,25.07987,28.63564,31.0,40.04997,38.11824,40.11234,38.0526,37.48333,38.20995,42.57934,42.29657,43.73786,43.73786,45.35416,46.09772,43.32436,45.54119,39.84972,44.94441,44.29447,42.43819,31.40064,32.24903,37.65634,37.65634,43.32436,41.78516,44.01136,43.86342,46.09772,47.01064,48.30114,55.56978,58.18075,55.22681,55.9464,60.41523,60.74537,63.28507,62.43397,64.07027,65.80274,68.24222,63.24555,65.43699,65.0,72.11103,68.60029,63.81222,62.68174,64.89992,64.66065,63.13478,63.95311,62.64982,56.85948,60.00833,62.29767,57.28001,58.69412,53.93515,53.23533,55.00909,56.14268,59.07622,58.85576,63.34824,63.32456,62.96825,68.15424,69.77822,69.31811,77.41447,78.03204,84.90583,87.98295,85.0,93.05912
15.29706,15.29706,14.31782,13.34166,13.34166,12.36932,11.40175,10.44031,10.19804,9.21954,9.05539,8.06226,7.07107,6.0,5.09902,5.09902,4.0,4.0,3.16228,3.16228,2.23607,1.41421,1.41421,2.0,2.23607,2.23607,2.82843,4.24264,4.24264,4.24264,5.0,5.0,5.83095,6.40312,6.40312,7.07107,6.40312,7.81025,7.07107,7.07107,7.81025,7.81025,8.48528,7.81025,7.81025,7.81025,7.81025,8.60233,8.06226,8.60233,7.61577,7.61577,95.90099,87.9659,85.32878,87.86353,84.17244,84.40379,74.46476,71.06335,64.28841,65.73431,64.13267,59.03389,60.20797,49.0306,46.27094,44.28318,36.05551,35.22783,37.01351,34.0147,24.18677,20.22375,17.46425,19.31321,14.56022,12.20656,11.6619,11.40175,11.04536,13.0384,13.60147,14.86607,17.20465,21.26029,22.80351,26.1725,24.83948,31.89044,35.4683,34.05877,36.06938,37.01351,39.20459,41.10961,44.59821,40.80441,41.40048,41.03657,44.40721,44.10215,42.43819,43.82921,43.41659,44.77723,44.77723,40.80441,40.26164,33.01515,31.241,34.82815,37.48333,42.44997,41.10961,44.40721,47.01064,46.04346,48.82622,47.50789,51.42956,57.98276,55.07268,60.41523,59.09315,64.40497,60.41523,63.95311,64.4748,64.88451,69.35416,65.0,68.15424,67.77905,67.41662,65.19202,70.26379,65.79514,65.74192,60.00833,65.29931,62.26556,57.3062,57.98276,62.42596,56.40035,57.48913,56.0803,54.45181,57.42822,53.82379,56.4358,55.47071,57.27128,62.29767,65.45991,65.51336,65.51336,68.88396,71.56815,76.41989,79.6304,82.29824,88.36289,91.7878,92.19544
15.81139,14.86607,13.92839,13.60147,12.64911,11.40175,11.40175,10.44031,9.48683,9.48683,8.544,7.61577,6.7082,6.7082,5.38516,4.47214,4.47214,3.60555,2.82843,3.16228,2.23607,2.0,2.0,2.23607,2.82843,2.82843,3.16228,4.47214,4.47214,5.38516,5.38516,6.32456,5.38516,6.32456,6.32456,7.28011,7.28011,7.28011,7.61577,8.544,7.61577,8.544,8.544,8.544,7.61577,8.06226,8.94427,8.60233,7.81025,8.48528,7.81025,7.81025,93.30059,91.39475,85.70298,86.58522,88.0568,83.43261,78.58753,76.40026,65.0,64.28841,59.66574,62.93648,56.32051,48.70318,47.80167,42.95346,38.07887,34.0147,30.88689,31.7805,30.88689,25.23886,17.88854,17.02939,13.34166,13.0384,12.64911,11.18034,13.60147,17.0,17.69181,17.02939,20.61553,23.76973,27.313,27.85678,32.20248,35.34119,34.0,36.68787,35.35534,35.34119,41.18252,41.62932,39.81206,41.59327,40.71855,43.41659,45.61798,40.81666,40.81666,43.01163,45.22168,46.8615,45.96738,46.01087,40.22437,33.06055,33.06055,38.32754,40.80441,40.49691,40.71855,40.8534,43.46263,43.82921,48.33218,46.09772,52.83938,54.70832,60.03332,55.75841,59.07622,59.68249,62.26556,64.66065,60.21628,65.73431,68.24222,71.40028,70.0,68.11755,69.2026,66.70832,65.80274,67.62396,66.57327,65.80274,66.28725,65.8635,61.77378,59.48109,63.06346,58.69412,55.97321,53.85165,56.51548,56.88585,58.42089,57.14018,58.0,56.0357,63.95311,65.11528,66.48308,66.40783,70.21396,72.8011,80.41144,82.63776,82.28001,80.77747,84.5281,88.25531
14.76482,13.41641,13.41641,13.41641,12.08305,11.18034,9.84886,9.84886,9.84886,8.06226,8.06226,7.2111,6.40312,5.83095,5.0,5.0,4.24264,2.82843,3.60555,3.16228,2.0,2.0,2.0,2.82843,2.23607,2.23607,3.16228,3.60555,4.47214,4.12311,5.38516,6.32456,6.32456,7.07107,6.08276,7.07107,7.07107,7.28011,7.28011,7.28011,8.24621,8.24621,8.24621,8.24621,8.544,7.61577,8.544,8.06226,8.06226,8.06226,7.2111,7.81025,92.84934,86.16264,89.15716,90.82401,83.81527,81.60882,77.62087,74.33034,73.05477,65.25335,59.20304,55.65968,54.40588,50.32892,42.15448,45.27693,39.82462,36.67424,29.96665,30.23243,23.85372,23.34524,18.60108,14.42221,12.64911,13.0,12.04159,14.86607,14.56022,17.20465,15.6205,18.43909,20.24846,22.47221,21.47091,27.78489,31.7805,33.24154,38.27532,35.8469,35.8469,37.57659,39.81206,42.95346,43.82921,40.71855,40.31129,46.51881,42.72002,40.24922,45.22168,42.43819,43.93177,45.27693,43.13931,42.52058,42.63801,32.01562,36.01389,38.32754,40.60788,42.75512,41.97618,41.48494,44.38468,47.12749,49.0408,50.69517,53.75872,57.00877,56.46238,58.18075,58.66856,63.63175,61.77378,65.36819,68.42514,67.60178,68.96376,65.36819,66.24198,67.23095,66.7308,66.24198,69.35416,69.77105,68.0,63.95311,63.97656,66.64083,61.7414,59.5063,61.32699,57.56735,55.7853,60.63827,55.44367,56.0803,56.14268,61.03278,56.22277,60.29925,58.21512,58.85576,62.29767,65.19202,70.38466,76.05919,83.24062,81.49233,81.939,89.06739,90.82401,90.78546
17.02939,16.03122,15.0333,15.0333,14.03567,13.0384,12.04159,11.04536,11.0,10.0,10.0,9.0,8.06226,8.06226,7.07107,6.08276,6.32456,5.38516,4.47214,4.47214,3.60555,3.60555,3.60555,4.12311,4.12311,3.16228,4.12311,4.12311,4.47214,5.38516,5.38516,5.83095,6.40312,6.7082,6.7082,7.2111,6.7082,8.06226,8.06226,8.06226,8.06226,8.06226,8.94427,8.06226,7.61577,8.544,8.544,8.544,8.24621,8.24621,8.06226,8.0,47.04253,48.25971,43.04649,44.04543,43.18565,42.10701,39.45884,35.35534,34.36568,33.24154,33.24154,29.06888,28.07134,25.07987,24.08319,23.02173,21.0,18.02776,15.0333,15.29706,15.13275,12.36932,10.81665,10.81665,7.81025,8.60233,8.94427,6.08276,7.28011,7.07107,8.06226,9.21954,10.44031,9.43398,15.0,12.20656,14.14214,16.40122,17.80449,17.20465,19.20937,17.49286,19.10497,20.0,20.80865,23.32381,23.32381,23.60085,24.18677,21.9545,21.47091,23.70654,22.36068,23.76973,23.4094,21.84033,22.2036,15.81139,17.46425,17.88854,16.64332,20.0,19.10497,20.51828,21.26029,22.67157,22.67157,25.4951,25.6125,27.58623,27.01851,28.42534,28.6007,30.0,31.06445,28.6007,31.90611,32.44996,33.28663,32.24903,34.1321,30.88689,33.12099,32.75668,32.75668,33.01515,34.1321,32.44996,30.80584,31.40064,31.62278,30.4795,26.1725,28.28427,28.42534,27.20294,26.62705,27.20294,29.06888,27.313,27.20294,26.57066,30.36445,30.41381,30.14963,33.06055,32.14032,33.06055,38.01316,39.01282,42.04759,44.0,42.10701,46.17359
14.31782,14.31782,13.15295,12.36932,12.16553,11.40175,10.44031,10.19804,9.21954,8.06226,8.06226,7.07107,6.08276,6.0,6.0,5.0,4.0,4.12311,3.16228,2.23607,2.23607,2.23607,2.23607,2.0,2.0,2.0,3.16228,3.60555,3.60555,5.0,4.24264,5.0,5.65685,6.40312,6.40312,6.40312,6.40312,6.40312,7.2111,7.2111,6.40312,7.2111,7.2111,7.2111,7.2111,6.7082,6.7082,7.61577,7.61577,7.28011,7.28011,6.08276,94.541,86.92526,87.23531,84.07735,87.66413,82.49242,74.70609,74.94665,66.37017,65.36819,63.97656,59.5063,55.9017,50.9902,42.54409,44.01136,37.69615,37.16181,30.08322,33.13608,29.12044,24.0,20.0,19.23538,17.72005,17.69181,17.20465,14.86607,14.31782,15.26434,15.13275,20.09975,23.5372,26.1725,30.67572,26.92582,33.24154,33.61547,33.52611,32.75668,36.76955,39.84972,39.21734,38.27532,38.8973,46.09772,46.48656,46.17359,42.57934,42.2019,45.39824,44.55334,44.28318,43.04649,43.10452,43.04649,42.95346,29.83287,36.23534,34.4093,40.70626,41.62932,43.86342,41.23106,46.23851,51.24451,52.0,49.24429,51.97115,57.56735,57.48913,60.82763,59.43904,59.84146,63.63961,65.96969,62.96825,68.24954,66.91039,68.593,63.95311,66.48308,66.48308,71.44928,66.37017,66.09841,67.26812,63.34824,66.70832,64.7611,65.52099,62.0967,57.93962,56.61272,59.9333,55.47071,57.98276,54.08327,58.60034,56.72742,57.48913,59.39697,58.5235,60.74537,66.18912,62.64982,70.38466,74.46476,76.89603,85.08819,80.05623,86.97701,92.69844,95.27329
16.27882,16.27882,15.29706,14.31782,13.34166,13.34166,12.16553,11.18034,11.18034,10.04988,10.04988,9.05539,8.0,7.0,7.0,7.0,6.0,5.09902,4.47214,4.47214,3.60555,3.60555,4.24264,3.60555,3.16228,4.12311,4.12311,5.0,5.09902,5.09902,6.08276,6.32456,6.32456,6.32456,7.28011,7.28011,7.28011,7.28011,8.24621,8.24621,8.24621,8.24621,9.21954,8.24621,9.05539,9.05539,9.05539,9.0,9.0,9.05539,8.06226,8.24621,94.36631,86.31338,90.80198,89.44272,86.58522,84.20214,78.1025,76.24303,66.09841,66.4906,63.78871,57.97413,58.46366,48.50773,47.51842,44.72136,38.83298,37.12142,38.0,31.01612,26.07681,25.31798,21.18962,18.78829,12.80625,17.80449,15.81139,18.02776,13.60147,17.11724,20.09975,22.09072,24.69818,24.35159,28.4605,29.96665,31.38471,28.6531,35.35534,34.9285,37.12142,42.37924,37.33631,42.95346,43.38202,41.78516,41.23106,41.4367,45.88028,43.65776,45.88028,46.09772,49.0306,42.57934,44.0,45.09989,45.39824,30.88689,35.35534,34.98571,37.80212,39.82462,36.79674,38.8973,46.40043,45.0,48.9183,46.61545,50.21952,59.03389,55.75841,59.90826,56.85948,60.53924,60.03332,67.74216,63.13478,65.36819,64.00781,67.53518,63.50591,67.53518,67.1193,71.11962,68.0,62.16912,63.50591,65.76473,67.23095,63.13478,59.68249,61.29437,59.90826,53.15073,54.45181,55.17246,57.62812,52.00961,51.88449,57.70615,53.31041,57.27128,61.03278,59.90826,64.03124,67.89698,66.28725,71.38627,77.64664,81.30191,78.40918,82.05486,92.13577,87.28115
15.23155,14.31782,13.0,13.92839,12.08305,12.08305,11.18034,10.77033,8.94427,8.06226,8.94427,7.2111,7.2111,6.40312,6.40312,5.65685,5.0,5.0,3.60555,3.16228,3.16228,3.0,4.12311,3.16228,3.16228,3.60555,4.24264,4.24264,5.0,5.0,5.83095,5.83095,7.2111,7.2111,7.2111,7.2111,7.2111,8.06226,8.06226,8.06226,8.06226,8.60233,8.60233,8.60233,9.21954,8.60233,9.21954,8.48528,8.48528,8.48528,8.60233,8.06226,95.25755,88.63972,95.71311,85.42833,85.86617,80.77747,75.02666,78.39005,67.62396,68.02941,58.59181,58.59181,54.23099,50.9902,44.77723,43.909,39.82462,34.66987,35.80503,28.28427,24.83948,24.75884,22.82542,21.93171,22.82542,16.12452,18.24829,14.14214,22.13594,23.43075,19.10497,24.04163,18.86796,25.6125,23.70654,31.06445,31.30495,31.76476,34.43835,38.01316,38.01316,40.31129,38.91015,41.18252,46.95743,43.41659,46.06517,44.28318,46.06517,43.82921,48.37355,47.70744,47.50789,39.69887,43.18565,45.27693,44.41846,32.24903,37.0,33.0,40.1995,38.47077,44.38468,42.2019,45.88028,48.10405,47.12749,54.12024,53.75872,56.64804,57.58472,64.2573,60.92618,66.64083,57.27128,64.41273,64.49806,65.0,69.97142,64.41273,65.51336,62.1289,68.96376,66.7308,71.19691,62.16912,68.96376,63.06346,65.29931,60.82763,62.24147,57.27128,59.13544,53.75872,54.81788,55.9017,56.56854,60.20797,55.00909,60.40695,56.08921,56.29387,61.84658,57.77543,64.07808,63.06346,63.97656,71.11259,72.94518,80.45496,73.24616,88.50989,86.95401,90.21086
14.76482,14.31782,13.41641,13.41641,12.08305,10.77033,9.84886,8.94427,8.94427,8.06226,7.61577,7.61577,7.2111,5.83095,5.0,5.0,4.24264,3.60555,3.60555,3.16228,3.0,3.0,3.16228,3.16228,3.60555,2.82843,3.60555,5.0,5.0,5.0,5.0,5.83095,5.83095,6.7082,6.7082,6.7082,7.2111,7.2111,7.81025,7.2111,7.2111,8.60233,7.81025,7.81025,7.81025,7.81025,7.81025,7.81025,7.81025,7.2111,8.06226,7.2111,89.69392,91.92388,89.31965,84.20214,84.48077,77.12976,76.65507,69.37579,68.96376,62.58594,60.16644,55.65968,53.15073,46.57252,46.17359,44.38468,39.35734,32.20248,29.68164,30.41381,29.15476,24.20744,18.38478,20.80865,20.24846,18.68154,16.03122,16.12452,15.0333,21.18962,18.35756,18.60108,24.75884,23.85372,27.65863,29.0,31.89044,36.06938,36.79674,31.1127,36.76955,36.79674,43.18565,41.86884,41.72529,41.86884,43.27817,45.0,44.59821,46.2277,44.40721,44.40721,47.16991,45.61798,44.01136,42.37924,39.29377,33.83785,34.48188,39.62323,43.41659,43.18565,42.04759,41.01219,48.25971,43.18565,52.61179,48.83646,53.93515,55.31727,58.94065,57.07013,57.28001,61.03278,63.89053,61.13101,65.55151,68.00735,65.0,64.4748,65.79514,67.54258,69.31811,65.29931,66.70832,67.08204,62.64982,63.15853,62.76942,58.18935,61.32699,57.87055,56.75385,57.48913,53.60037,52.46904,58.03447,56.0803,56.0,54.33231,60.01666,54.45181,57.07013,64.84597,62.16912,67.1193,67.62396,74.24958,79.17702,78.29432,79.60528,84.59905,90.35486,87.81799
17.11724,16.12452,15.13275,14.14214,14.14214,13.15295,12.16553,12.16553,10.19804,10.19804,9.05539,9.05539,9.05539,8.06226,7.0,6.08276,5.09902,5.09902,4.12311,4.12311,4.12311,3.60555,2.82843,2.82843,3.16228,4.12311,4.0,4.0,4.12311,5.09902,5.09902,5.38516,5.09902,6.08276,6.32456,7.28011,7.28011,7.28011,7.28011,7.07107,7.28011,8.24621,7.07107,8.06226,8.06226,8.0,8.0,8.0,8.06226,8.06226,7.28011,7.61577,46.09772,45.01111,45.01111,41.01219,42.0119,40.0,42.10701,36.05551,34.23449,31.01612,33.06055,29.01724,27.07397,26.07681,23.08679,22.09072,21.2132,18.02776,17.11724,14.14214,12.64911,11.7047,9.84886,9.84886,8.60233,10.63015,7.2111,9.21954,8.24621,10.0,7.28011,10.04988,11.18034,13.0384,14.76482,13.60147,14.86607,16.15549,17.88854,16.40122,15.26434,18.78829,18.78829,19.69772,20.12461,20.59126,21.0238,20.61553,21.93171,19.69772,20.88061,20.88061,21.84033,19.64688,22.02272,22.02272,20.02498,16.12452,17.02939,20.09975,20.39608,22.36068,19.64688,23.08679,24.35159,24.69818,25.4951,25.07987,27.78489,29.52965,29.15476,29.15476,29.68164,30.80584,32.20248,31.40064,33.42155,33.42155,34.71311,34.71311,31.82766,34.05877,33.30165,33.30165,31.14482,32.80244,32.55764,31.241,30.61046,28.42534,29.06888,29.83287,27.20294,26.62705,25.4951,28.23119,28.4605,27.85678,26.68333,27.45906,27.16616,26.1725,29.06888,31.0,30.41381,34.1321,34.36568,36.49658,39.05125,41.0,42.2019,43.93177,48.83646,47.51842
16.40122,15.6205,14.86607,14.86607,14.21267,12.80625,12.04159,11.40175,10.63015,10.0,8.60233,8.60233,8.60233,7.2111,6.7082,5.38516,5.38516,4.12311,5.09902,5.09902,4.0,4.12311,3.16228,3.60555,3.60555,3.60555,4.47214,4.47214,4.47214,4.47214,5.38516,6.32456,6.32456,6.32456,6.32456,6.08276,7.28011,7.28011,7.28011,7.28011,7.28011,7.28011,7.61577,7.61577,7.61577,7.61577,8.06226,8.06226,7.2111,7.81025,7.81025,7.81025,95.48298,91.5478,92.19544,84.40379,79.81228,78.40918,75.60423,79.40403,66.61081,66.70832,61.03278,60.0,51.85557,50.24938,47.50789,41.72529,39.62323,36.61967,36.12478,25.6125,23.85372,26.41969,21.93171,19.41649,17.26268,18.43909,14.86607,14.42221,19.72308,17.69181,19.10497,21.9545,26.40076,24.59675,26.07681,35.0,31.7805,33.61547,34.43835,38.07887,34.53983,37.12142,42.95346,43.82921,43.82921,39.0,44.72136,39.82462,41.18252,38.91015,42.72002,42.0119,47.50789,40.45986,41.72529,43.18565,44.65423,31.89044,40.45986,37.44329,40.81666,41.14608,43.38202,42.72002,45.31004,47.80167,46.32494,48.27007,52.39275,62.36986,61.81424,61.40033,58.30952,64.38167,65.19202,64.07027,66.00758,64.0,68.06614,61.03278,64.03124,63.28507,64.0,60.13319,65.12296,62.28965,67.1193,61.07373,63.03174,64.00781,60.03332,56.00893,58.03447,50.35871,53.15073,53.75872,52.49762,58.30952,52.55473,54.12947,54.70832,55.80323,55.9017,59.4138,62.96825,64.3506,69.42622,70.83784,76.40026,83.09633,77.98718,87.80091,89.93887,93.40771
15.23155,15.23155,14.31782,13.92839,13.0,12.08305,11.7047,10.77033,10.77033,9.84886,8.544,8.06226,8.06226,7.2111,6.40312,5.83095,5.65685,5.0,5.0,4.47214,3.60555,4.12311,3.16228,4.0,4.0,4.12311,4.47214,4.47214,5.0,4.24264,5.65685,5.65685,6.40312,6.40312,6.40312,7.07107,7.07107,7.07107,7.81025,7.81025,7.81025,7.81025,7.81025,7.81025,7.81025,8.06226,8.06226,8.06226,7.61577,8.544,8.24621,8.24621,91.06591,92.43917,85.95929,85.42833,81.02469,77.25283,77.62087,75.76939,65.0,64.62198,62.03225,55.71355,53.7122,50.9902,47.53946,41.18252,35.8469,33.42155,33.28663,31.06445,29.0,24.75884,21.63331,20.12461,18.02776,17.46425,16.03122,19.31321,14.86607,21.0238,20.24846,20.80865,30.80584,29.69848,28.28427,31.241,28.6007,37.01351,38.20995,34.65545,35.60899,38.20995,37.48333,37.48333,43.13931,42.0119,40.45986,44.55334,41.04875,43.01163,41.10961,42.43819,46.14109,46.14109,41.62932,41.0,40.80441,36.40055,35.35534,41.67733,41.23106,43.08132,41.0,43.41659,48.50773,46.38965,52.03845,51.0392,52.0,57.0,55.14526,58.07753,58.13777,60.20797,62.39391,65.27634,62.64982,62.58594,66.28725,68.15424,64.7611,64.7611,63.78871,63.32456,61.84658,62.0967,64.7611,60.20797,60.20797,55.9017,58.24946,58.0517,57.14018,52.08647,52.0,47.04253,53.15073,54.45181,49.0306,54.12947,54.23099,55.9464,56.46238,57.80138,63.82006,66.4003,68.00735,68.24954,73.40981,80.0,79.81228,85.2115,84.6286,89.20202
14.42221,13.89244,13.0384,12.52996,11.6619,10.29563,9.43398,9.43398,9.43398,8.60233,7.2111,6.40312,6.40312,5.65685,5.65685,4.24264,3.60555,2.23607,3.16228,3.0,3.0,3.16228,2.23607,2.82843,2.82843,2.82843,4.47214,4.47214,5.38516,5.38516,5.38516,6.32456,6.7082,6.7082,6.32456,7.28011,7.28011,7.61577,7.61577,7.61577,7.61577,7.61577,8.06226,8.06226,8.06226,8.06226,8.06226,7.81025,7.81025,7.81025,7.81025,7.81025,92.64988,90.91755,91.26883,87.23531,84.07735,76.15773,73.34848,77.36924,67.54258,63.07139,61.29437,52.3259,49.64877,43.04649,44.94441,40.24922,37.20215,31.30495,35.60899,31.241,28.42534,21.09502,18.60108,21.37756,17.11724,13.0384,14.0,10.81665,16.55295,19.23538,18.86796,21.26029,23.43075,25.05993,27.45906,30.88689,34.88553,36.67424,35.34119,34.0147,36.89173,39.35734,40.70626,44.20407,44.65423,41.67733,41.23106,42.05948,45.22168,39.66106,47.01064,43.82921,46.66905,43.18565,44.59821,43.82921,43.41659,38.62642,41.78516,40.49691,45.89118,44.28318,49.16299,47.09565,50.01,50.01,50.03998,54.91812,55.7315,63.3877,61.66036,64.77654,60.41523,66.76077,65.52099,68.06614,67.44627,71.38627,70.34202,68.00735,66.7308,68.15424,68.30813,69.46222,65.14599,67.06713,66.09841,63.06346,67.18631,61.39218,57.48913,60.20797,56.88585,58.13777,58.21512,52.08647,52.08647,52.61179,55.7315,60.16644,54.70832,54.08327,58.30952,58.30952,64.89992,66.85058,69.33974,71.8401,81.27115,88.00568,76.27582,87.61849,87.32125,90.42677
15.0,14.21267,13.60147,12.20656,11.40175,12.20656,10.63015,10.63015,9.21954,8.48528,7.81025,7.81025,7.07107,6.40312,5.0,5.83095,4.47214,4.47214,4.12311,4.0,3.0,3.16228,3.16228,3.60555,3.60555,4.24264,5.0,5.0,5.83095,5.83095,6.7082,6.7082,6.7082,6.7082,6.7082,8.06226,8.06226,8.06226,7.61577,8.06226,8.06226,8.06226,8.06226,8.60233,8.60233,8.60233,8.60233,8.60233,8.48528,8.48528,7.81025,8.60233,88.45903,87.61849,82.9759,82.80097,84.40379,73.81734,74.06079,66.28725,64.49806,64.63745,60.60528,55.60576,48.27007,45.22168,47.50789,39.59798,34.65545,33.42155,29.69848,29.15476,27.29469,27.73085,16.55295,16.15549,17.11724,18.38478,20.09975,18.38478,19.10497,20.61553,25.0,19.84943,25.05993,27.78489,32.64966,28.17801,32.64966,29.06888,33.10589,38.01316,40.70626,42.15448,37.58989,43.82921,40.49691,43.909,42.05948,45.61798,39.66106,45.48626,45.79301,43.41659,47.01064,43.13931,44.59821,42.0119,43.82921,32.64966,35.60899,40.70626,40.24922,44.94441,43.01163,44.27189,45.89118,47.29693,45.70558,52.34501,54.45181,56.7186,57.87055,58.07753,62.07254,59.03389,65.00769,63.03174,67.18631,63.03174,64.19502,65.37584,62.514,62.96825,69.35416,62.28965,61.29437,61.40033,61.29437,60.03332,58.13777,59.03389,57.07889,55.08176,54.14795,55.03635,55.57877,51.78803,55.08176,49.72927,53.31041,56.85948,52.35456,55.0,53.7122,58.00862,60.1415,65.19202,69.35416,70.72482,76.05919,85.70298,78.64477,81.32035,82.75869,87.9659
14.86607,14.21267,12.80625,12.80625,11.40175,11.40175,10.63015,10.63015,9.21954,8.48528,8.48528,7.81025,6.40312,5.83095,5.0,5.0,4.47214,4.12311,4.0,3.0,3.0,4.12311,3.60555,3.60555,4.24264,4.24264,5.0,5.38516,5.38516,5.83095,5.38516,6.32456,6.7082,7.61577,7.61577,7.61577,7.61577,7.61577,7.61577,7.61577,8.544,8.94427,8.94427,8.06226,8.06226,8.60233,8.60233,8.60233,8.60233,8.48528,8.48528,8.60233,93.00538,86.28441,86.83893,83.86298,80.77747,78.89233,72.94518,73.3553,62.26556,62.26556,58.18075,54.91812,51.40039,46.04346,45.0,39.20459,40.22437,34.71311,29.73214,26.90725,26.07681,19.72308,21.9545,16.55295,17.26268,16.03122,15.65248,18.78829,21.93171,22.02272,24.83948,25.4951,24.20744,25.23886,32.80244,32.44996,34.43835,30.88689,31.241,35.8469,40.0,44.41846,42.94182,43.909,45.48626,41.88078,45.80393,44.68781,44.20407,47.50789,47.42362,48.79549,46.75468,41.86884,46.09772,43.82921,45.27693,31.14482,39.20459,42.19005,43.41659,42.37924,45.88028,46.84015,49.72927,48.83646,49.0306,51.62364,54.91812,58.13777,57.14018,60.00833,61.0,64.07027,61.0082,67.26812,63.3877,66.91039,67.89698,67.60178,68.35934,68.06614,67.47592,66.37017,69.2315,61.98387,66.09841,61.98387,62.80127,57.55867,60.53098,56.14268,56.0,54.08327,60.29925,58.30952,56.7186,52.95281,50.69517,52.20153,53.66563,61.26989,48.02083,54.40588,63.60031,64.2028,60.1415,70.17834,75.66373,79.30952,80.62258,88.45903,89.27486,92.31468
14.86607,14.14214,13.45362,12.72792,12.04159,11.31371,10.63015,9.89949,9.89949,8.48528,8.48528,7.81025,6.40312,5.83095,5.0,4.47214,4.47214,4.12311,3.16228,3.0,2.0,2.23607,3.16228,2.23607,2.23607,3.60555,4.12311,4.0,4.0,5.09902,5.0,5.0,6.0,6.0,6.0,7.0,7.0,7.0,7.0,7.0,7.07107,7.07107,7.07107,7.07107,7.07107,7.07107,7.28011,7.28011,7.28011,7.61577,7.61577,7.2111,89.93887,91.92388,86.97701,82.02439,82.73452,76.6942,72.18033,70.72482,65.11528,59.5483,60.82763,52.34501,49.51767,46.01087,41.23106,39.05125,37.80212,35.80503,28.30194,26.41969,23.76973,21.9545,17.46425,21.2132,16.49242,18.02776,14.76482,18.60108,16.40122,21.26029,24.41311,27.20294,26.83282,23.5372,31.7805,32.24903,35.69314,35.0571,34.36568,38.11824,39.81206,42.75512,39.62323,41.19466,37.01351,44.91102,44.91102,46.87217,43.73786,46.38965,43.68066,46.17359,40.5216,40.5216,40.31129,44.10215,40.22437,36.05551,38.48376,44.01136,46.09772,48.27007,47.29693,46.69047,48.83646,51.08816,56.00893,54.00926,57.03508,56.22277,57.07889,61.0082,64.12488,64.12488,68.46897,64.62971,68.18358,67.60178,66.37017,67.89698,61.98387,68.15424,68.06614,66.28725,66.37017,65.49046,65.9242,67.47592,57.70615,59.21149,60.0,58.30952,60.0,60.03332,52.61179,55.3263,53.60037,50.59644,54.78138,52.80152,55.47071,52.83938,62.28965,60.1415,58.69412,71.50524,68.24954,65.06919,78.74643,80.0,82.20097,81.05554,87.20665,94.81034
15.0333,14.14214,13.15295,13.15295,12.04159,11.04536,11.04536,10.04988,9.05539,9.05539,9.05539,8.24621,7.28011,6.32456,5.38516,5.38516,4.47214,4.47214,4.24264,4.24264,3.60555,3.60555,3.16228,4.12311,4.0,4.0,4.12311,5.09902,5.38516,5.38516,6.32456,6.32456,6.32456,6.32456,6.7082,6.7082,7.61577,7.28011,7.28011,7.61577,7.61577,7.61577,8.24621,8.24621,8.24621,8.24621,8.06226,8.06226,8.0,8.0,8.06226,8.24621,88.07383,90.42677,82.60751,86.70063,82.21922,78.05767,70.11419,71.0,64.00781,60.07495,57.14018,55.3263,51.47815,44.91102,41.30375,38.20995,38.83298,33.73426,30.36445,28.63564,24.69818,20.0,18.60108,18.60108,16.55295,16.76305,16.49242,13.34166,17.11724,21.09502,18.97367,21.58703,26.40076,29.52965,26.41969,34.1321,31.38471,37.80212,35.80503,36.23534,35.8469,39.44617,40.81666,42.48529,44.41846,39.35734,41.18252,41.14608,42.04759,41.23106,44.27189,43.65776,44.14748,44.92215,43.41659,44.04543,41.10961,32.75668,38.47077,42.10701,41.0,44.18144,43.28972,43.17407,45.54119,48.76474,46.57252,51.24451,53.75872,60.72891,58.82176,62.76942,59.5399,62.26556,63.13478,66.64833,66.24198,64.41273,67.1193,64.89992,66.0303,63.82006,69.06519,65.60488,64.63745,58.41233,62.00806,58.82176,59.40539,59.36329,59.16925,55.00909,55.4617,54.12947,50.32892,46.17359,51.92302,51.41984,52.7731,56.56854,51.0098,53.03772,61.40033,59.22837,58.24946,63.32456,65.0,62.0967,73.24616,84.64632,77.88453,78.16009,86.64872,89.28606
15.65248,14.31782,13.92839,13.0,13.0,11.7047,10.77033,9.84886,9.84886,8.94427,8.06226,8.06226,7.2111,5.83095,5.83095,5.0,4.24264,4.24264,3.60555,3.16228,3.16228,3.16228,3.0,2.23607,2.23607,3.60555,3.60555,4.24264,4.47214,4.47214,4.47214,5.38516,5.38516,5.38516,6.7082,6.7082,6.7082,6.7082,7.61577,6.7082,7.2111,7.2111,7.2111,7.2111,7.2111,7.81025,7.81025,7.07107,7.81025,7.07107,7.2111,6.7082,89.55445,88.63972,83.7735,82.28001,80.99383,74.67262,74.0,70.21396,64.56005,63.90618,59.23681,52.0,50.56679,48.76474,43.08132,41.67733,38.47077,34.0147,33.10589,28.6007,22.67157,23.02173,22.02272,16.55295,22.82542,20.02498,13.34166,18.02776,16.27882,21.9545,17.69181,22.80351,26.62705,23.43075,29.20616,31.38471,29.83287,37.20215,35.4683,41.88078,40.80441,41.40048,41.40048,44.04543,40.81666,42.0119,45.60702,40.80441,43.93177,47.50789,45.96738,45.96738,42.80187,43.82921,43.909,47.01064,42.15448,40.8534,41.59327,40.11234,43.01163,44.40721,43.01163,50.35871,45.17743,51.97115,46.38965,54.74486,58.30952,60.72891,61.84658,57.93962,63.32456,65.19202,64.7611,61.68468,70.93659,69.31811,66.24198,78.03204,68.60029,67.74216,66.37017,68.96376,67.97794,68.44706,65.30697,61.40033,63.97656,57.00877,62.76942,59.22837,52.17279,52.39275,47.80167,54.45181,52.61179,54.23099,51.24451,52.15362,54.58938,56.32051,62.03225,62.39391,60.41523,68.09552,69.11584,69.77822,75.47185,80.62258,82.49242,90.82401,86.76981,92.5905
13.0384,13.0384,12.20656,11.40175,10.81665,10.0,9.43398,8.60233,8.06226,8.06226,6.7082,6.7082,5.38516,5.38516,4.47214,4.12311,4.12311,3.0,3.16228,3.16228,2.82843,2.82843,2.82843,3.60555,3.60555,4.12311,4.0,5.09902,5.0,6.0,6.0,6.0,7.0,7.0,7.0,7.0,8.0,8.06226,7.0,8.0,8.06226,8.06226,8.06226,8.06226,8.24621,8.06226,8.24621,7.28011,8.544,7.61577,7.61577,7.2111,87.23531,86.09297,84.38009,77.93587,81.60882,70.17834,74.09453,71.84706,63.28507,54.6443,54.3783,51.97115,45.48626,45.61798,39.96248,40.80441,33.10589,27.85678,30.08322,28.23119,22.2036,21.09502,20.22375,17.46425,18.86796,17.08801,11.31371,16.64332,18.97367,20.80865,19.31321,25.17936,28.28427,24.0,30.14963,31.06445,30.0,36.01389,38.01316,36.01389,39.01282,39.05125,42.42641,42.04759,45.54119,42.19005,41.4367,46.69047,42.95346,45.04442,43.73786,43.56604,46.57252,43.65776,45.61798,44.72136,43.41659,33.83785,36.89173,39.05125,42.52058,44.82187,43.01163,45.22168,45.48626,48.54894,54.12024,56.85948,53.85165,55.15433,58.18935,61.03278,61.35145,63.89053,64.53681,67.44627,62.8172,65.73431,68.65858,65.30697,65.9242,68.46897,63.78871,64.13267,59.84146,64.32729,64.93843,63.63961,57.70615,59.90826,58.82176,55.65968,54.78138,51.89412,55.03635,50.11986,50.60632,52.43091,55.75841,51.08816,56.58622,48.08326,56.93856,61.03278,57.14018,64.40497,65.36819,68.54196,70.68239,73.00685,79.20227,87.84646,82.8553,88.02272
14.56022,13.60147,12.36932,12.36932,11.40175,11.40175,10.44031,9.48683,8.544,8.24621,7.61577,6.7082,6.7082,5.83095,4.47214,5.0,4.24264,4.24264,3.60555,3.60555,3.16228,3.16228,4.0,4.12311,4.12311,4.47214,5.83095,5.0,5.83095,6.40312,6.40312,7.07107,7.81025,7.2111,7.81025,7.81025,7.81025,7.81025,7.81025,7.81025,8.60233,8.60233,8.60233,9.43398,9.43398,8.94427,8.94427,8.544,8.544,8.544,8.24621,8.06226,87.13208,83.86298,84.85281,81.30191,80.62258,75.23962,71.34424,70.11419,62.20129,60.29925,55.14526,51.35173,47.38143,44.55334,37.48333,37.0,37.65634,35.44009,31.32092,24.69818,24.18677,23.60085,19.10497,17.02939,17.49286,20.59126,17.0,19.0263,21.09502,20.12461,24.69818,25.29822,21.0238,31.7805,32.64966,30.01666,28.01785,35.22783,37.21559,40.80441,44.10215,43.93177,43.41659,42.05948,41.67733,45.65085,49.39636,40.31129,45.27693,44.77723,48.33218,47.16991,45.88028,42.72002,42.44997,45.27693,45.09989,37.33631,38.63936,38.0,42.10701,46.09772,43.28972,43.41659,48.27007,49.72927,50.0,53.31041,55.97321,57.38467,59.09315,58.59181,60.03332,65.8635,65.0,59.90826,60.21628,63.00794,68.8186,64.03124,67.00746,68.00735,67.80118,62.482,64.44377,61.84658,60.60528,57.62812,61.40033,56.61272,60.46487,57.42822,57.3062,55.54278,51.47815,49.98,53.45091,51.66237,50.9902,51.47815,55.03635,49.0408,57.55867,54.45181,59.66574,64.13267,65.96969,68.00735,74.46476,77.7946,73.08215,84.89994,84.92938,89.26926
14.31782,13.34166,13.34166,12.16553,12.16553,11.40175,10.19804,9.21954,8.24621,8.24621,7.61577,6.7082,6.32456,5.38516,5.83095,5.0,4.24264,4.24264,2.82843,3.16228,3.16228,4.12311,4.0,4.12311,3.16228,4.12311,5.83095,5.0,5.0,6.40312,5.65685,7.07107,7.07107,7.07107,7.07107,8.48528,8.48528,7.81025,7.81025,7.81025,8.60233,9.21954,9.21954,8.60233,9.21954,9.43398,9.43398,8.94427,8.94427,8.94427,8.544,8.24621,93.40771,88.07383,89.4986,83.67795,76.40026,73.75636,76.90254,73.1642,68.65858,60.41523,55.54278,53.60037,51.5461,46.84015,47.43416,40.8534,36.05551,33.10589,30.52868,26.07681,23.34524,20.61553,20.0,17.88854,19.23538,17.08801,14.0,17.46425,17.02939,21.9545,25.0,26.90725,26.40076,29.73214,31.89044,31.241,37.53665,37.20215,38.41875,41.23106,42.44997,42.63801,40.36087,48.10405,45.25483,46.75468,46.75468,43.86342,46.69047,48.10405,46.09772,52.49762,46.87217,46.87217,47.01064,46.09772,46.17359,36.05551,40.0125,40.11234,40.0125,44.40721,43.56604,48.27007,50.0,52.0,51.26402,56.79789,58.13777,64.40497,60.82763,62.76942,63.95311,65.8635,68.7968,66.7308,68.26419,67.62396,68.8186,70.80254,69.6563,64.44377,68.0147,64.66065,66.4003,64.2028,68.24222,61.22091,60.0,60.21628,61.91123,60.20797,56.36488,52.0,55.54278,51.26402,53.85165,52.88667,50.80354,54.23099,56.00893,52.08647,61.13101,60.20797,57.56735,61.40033,68.62215,72.11103,74.32362,85.23497,80.23092,85.70298,86.37708,94.541
16.0,15.0,15.0,14.03567,13.0384,12.0,12.0,11.04536,10.0,9.0,9.0,8.0,8.06226,7.07107,7.07107,5.09902,5.38516,4.12311,4.47214,3.60555,2.82843,2.82843,3.16228,3.0,3.0,3.0,3.16228,4.47214,4.47214,5.0,5.0,5.65685,6.40312,5.83095,6.40312,7.2111,6.40312,6.40312,7.2111,7.2111,7.81025,8.60233,7.2111,8.06226,8.06226,8.06226,8.06226,7.61577,7.61577,7.28011,8.24621,8.06226,88.0,92.08692,89.20202,86.05231,82.0975,76.05919,76.1643,70.25667,67.02984,63.03174,61.03278,53.23533,51.0392,52.03845,44.10215,39.01282,38.83298,35.51056,30.80584,29.15476,24.59675,21.40093,21.63331,22.02272,19.10497,17.46425,14.56022,17.11724,15.29706,18.68154,20.61553,23.25941,24.16609,28.17801,29.68164,34.98571,35.51056,36.89173,36.61967,41.04875,39.20459,40.45986,39.96248,45.48626,43.56604,42.05948,45.80393,48.54894,47.85394,43.41659,45.17743,44.72136,48.08326,45.35416,44.38468,46.38965,49.16299,36.12478,41.23106,44.27189,44.94441,44.77723,49.1935,48.02083,49.92995,52.15362,51.08816,56.61272,58.79626,61.55485,61.7171,62.96825,65.06919,62.24147,62.93648,63.12686,67.00746,72.34639,71.40028,70.0,68.24222,67.80118,64.40497,68.8186,66.61081,63.41136,64.53681,63.25346,60.44005,61.22091,59.46427,59.4138,58.72819,52.40229,51.22499,54.40588,52.83938,50.53712,50.69517,51.26402,56.75385,55.54278,58.0517,59.4138,56.0803,67.02984,66.0,73.17103,72.24957,76.79193,79.40403,87.9659,94.89468,88.14193
14.31782,14.31782,13.92839,13.41641,12.08305,11.18034,10.77033,9.84886,8.94427,8.544,7.61577,7.61577,6.08276,6.32456,5.09902,5.09902,4.12311,4.0,3.16228,3.16228,2.23607,2.82843,2.82843,2.23607,3.16228,2.23607,4.12311,5.09902,5.38516,4.12311,5.38516,6.32456,6.32456,6.7082,6.32456,6.7082,6.32456,7.28011,7.28011,7.61577,7.28011,7.28011,8.544,8.24621,7.28011,8.06226,8.06226,8.06226,8.0,8.0,7.07107,7.28011,86.83317,87.09191,82.96987,84.89994,82.2253,75.70997,72.12489,69.57011,64.28841,61.98387,58.69412,53.85165,50.44799,43.9659,43.56604,39.05125,35.69314,32.75668,28.07134,27.16616,21.84033,23.08679,18.38478,17.46425,16.27882,17.20465,16.49242,17.02939,17.46425,17.11724,18.24829,24.33105,22.13594,22.36068,30.01666,29.15476,29.52965,34.9285,38.27532,39.35734,35.34119,40.24922,43.04649,41.59327,39.11521,41.14608,46.51881,44.77723,43.46263,44.64303,45.54119,43.93177,49.47727,45.70558,42.19005,44.04543,44.04543,35.35534,36.89173,44.04543,45.45327,46.69047,44.04543,47.20169,46.40043,51.86521,52.15362,56.0803,59.16925,60.82763,61.77378,63.63175,62.64982,62.64982,62.76942,64.88451,67.23095,64.28841,73.38937,68.30813,67.6757,65.14599,67.72001,66.40783,64.19502,62.39391,64.07808,61.09828,57.58472,60.83584,60.92618,58.18075,59.05929,54.20332,54.81788,50.0,50.20956,51.66237,54.08327,54.08327,57.3062,50.9902,63.13478,58.69412,59.80803,65.0,62.58594,68.73136,74.54529,77.92946,77.64664,84.5281,84.0119,91.35097
15.26434,15.26434,13.89244,13.89244,12.52996,12.52996,11.6619,10.29563,10.29563,9.43398,9.43398,7.81025,7.81025,7.07107,5.65685,5.65685,5.0,5.0,4.47214,4.12311,4.12311,4.0,3.0,4.12311,4.47214,3.60555,3.60555,4.24264,5.0,5.0,5.83095,6.40312,6.40312,6.40312,7.2111,7.2111,7.2111,7.2111,7.2111,7.81025,7.81025,7.2111,8.60233,7.81025,7.81025,8.48528,8.48528,8.60233,7.81025,8.60233,8.06226,7.61577,91.83137,87.41853,89.64374,84.72308,79.92496,73.24616,72.94518,69.46222,66.88797,63.51378,57.45433,51.62364,54.20332,49.40648,45.48626,43.01163,36.40055,32.52691,29.69848,23.43075,30.01666,22.80351,17.46425,15.52417,18.02776,13.0384,14.03567,21.09502,18.60108,17.80449,21.26029,20.59126,27.45906,25.94224,29.68164,34.88553,34.0147,38.01316,37.16181,34.9285,36.24914,38.94868,38.48376,38.48376,42.05948,42.54409,43.909,45.61798,42.43819,43.909,46.87217,45.0,44.82187,46.09772,45.27693,43.82921,43.82921,36.61967,37.73592,40.31129,41.78516,47.12749,43.93177,45.12206,48.25971,53.46027,53.08484,52.03845,55.0,59.07622,59.3043,61.03278,60.13319,63.28507,62.64982,65.11528,67.46851,63.78871,68.44706,67.72001,68.41053,63.32456,64.84597,66.09841,65.0,61.84658,62.64184,58.24946,58.69412,58.0517,56.7186,60.01666,56.14268,53.03772,54.08327,54.23099,51.47815,50.48762,51.66237,48.76474,54.56189,55.03635,55.03635,57.45433,62.20129,62.96825,68.0147,68.0147,74.51845,76.40026,77.89737,86.37129,83.48653,88.39118
16.49242,15.52417,14.86607,14.56022,13.34166,12.36932,11.7047,11.7047,10.44031,9.84886,9.48683,8.544,8.94427,7.2111,6.7082,6.40312,5.65685,5.0,5.0,3.60555,4.47214,4.12311,4.12311,4.0,3.16228,4.12311,4.47214,4.47214,5.0,5.0,5.65685,7.07107,7.07107,7.07107,7.07107,7.07107,7.81025,7.81025,8.48528,7.81025,8.48528,8.48528,9.21954,8.60233,7.81025,8.60233,8.60233,8.94427,8.94427,8.94427,8.544,9.21954,89.82205,89.05055,82.0,82.76473,82.56513,76.79193,73.5459,67.08204,65.9242,61.29437,61.66036,58.69412,53.60037,46.09772,45.70558,42.72002,35.1141,30.88689,31.95309,27.20294,23.02173,24.20744,19.20937,14.31782,16.12452,13.60147,18.02776,20.02498,20.88061,21.47091,20.24846,24.83948,26.24881,25.4951,28.42534,30.41381,36.12478,37.48333,36.12478,41.72529,38.94868,40.31129,44.20407,43.84062,43.93177,44.59821,41.40048,45.27693,43.41659,41.7732,46.8615,46.04346,45.48626,50.77401,43.46263,44.38468,42.44997,32.24903,36.0,40.04997,40.4475,43.68066,43.01163,47.16991,47.16991,49.65884,52.92447,54.70832,54.91812,57.80138,62.68174,60.90156,59.20304,64.40497,67.80118,63.03174,68.11755,63.41136,67.47592,64.81512,60.81118,64.38167,65.06919,66.48308,64.3506,64.44377,60.87693,62.96825,63.89053,59.81639,57.00877,55.47071,55.22681,55.56978,52.35456,53.31041,51.5461,47.80167,57.07013,54.45181,54.03702,55.00909,60.03332,55.08176,61.84658,64.32729,63.06346,69.92138,69.26038,78.16009,76.24303,83.21658,83.1685,89.88882
14.14214,13.15295,13.15295,13.15295,12.16553,11.04536,11.18034,10.19804,10.19804,8.24621,8.24621,7.28011,6.32456,6.7082,5.38516,5.38516,5.0,4.47214,4.24264,4.24264,3.60555,3.16228,3.16228,3.0,4.12311,3.0,4.12311,4.47214,4.47214,5.0,5.83095,6.40312,6.40312,6.40312,6.40312,6.40312,6.40312,7.2111,7.81025,7.2111,7.2111,7.2111,8.60233,7.2111,8.06226,8.06226,8.06226,8.06226,7.61577,8.544,8.24621,8.06226,92.13577,86.28441,84.09518,85.05292,83.00602,76.10519,75.02666,70.02857,66.00758,62.07254,60.07495,53.0,53.08484,44.0,44.10215,41.19466,39.81206,32.55764,28.86174,28.4605,24.69818,23.25941,19.10497,17.80449,16.55295,15.52417,16.49242,19.0263,20.02498,19.10497,22.36068,21.54066,24.59675,21.09502,28.17801,28.6007,30.0,32.01562,38.60052,41.04875,39.66106,40.49691,43.93177,47.43416,45.0,43.26662,41.34005,46.61545,44.10215,46.06517,45.18849,45.18849,44.94441,45.31004,44.64303,45.12206,44.28318,36.01389,38.47077,37.65634,39.84972,42.54409,47.41308,44.29447,43.41659,53.25411,51.86521,52.63079,56.22277,57.62812,60.30755,64.53681,62.93648,65.76473,65.06919,65.06919,67.35726,65.94695,73.10951,66.06815,69.02898,67.6757,67.00746,66.4003,64.2028,58.0517,58.79626,60.44005,61.6198,56.72742,56.58622,55.9017,53.07542,51.85557,52.47857,49.09175,53.53504,50.53712,50.92151,55.02727,54.81788,55.10898,58.03447,55.00909,58.00862,62.1289,64.28063,68.46897,75.53807,76.53104,75.42546,82.03658,83.86298,89.10668
16.03122,15.0333,15.0333,14.03567,13.0384,12.04159,12.04159,11.0,10.04988,10.04988,9.0,8.0,8.0,7.0,6.0,5.09902,4.12311,4.12311,4.12311,3.60555,3.60555,2.82843,2.23607,3.16228,3.16228,3.0,3.16228,4.12311,3.60555,5.0,5.0,5.0,6.40312,6.40312,6.40312,6.40312,7.2111,7.2111,7.2111,7.2111,8.06226,8.06226,8.06226,8.06226,8.06226,7.61577,7.61577,7.61577,7.61577,8.06226,8.06226,7.0,93.43447,87.29834,90.79648,83.48653,82.73452,77.78175,75.13322,74.52516,68.73136,62.8172,61.0,52.61179,51.35173,46.38965,46.01087,43.28972,42.10701,37.0,35.12834,26.4764,27.29469,22.36068,19.69772,16.64332,14.21267,17.80449,14.31782,15.23155,14.31782,15.13275,21.18962,24.69818,23.76973,26.0,25.94224,26.92582,30.23243,35.8469,35.51056,39.82462,39.66106,35.77709,41.23106,42.54409,46.14109,40.81666,47.01064,46.09772,47.42362,40.31129,47.16991,44.94441,42.72002,44.14748,43.56604,42.19005,42.0119,37.48333,39.05125,39.0,44.77723,43.56604,46.64762,46.32494,52.20153,55.60576,52.63079,57.98276,57.98276,61.52235,60.87693,65.06919,60.959,68.11755,65.60488,67.20119,70.21396,70.72482,70.72482,67.41662,64.66065,69.97142,66.03787,67.60178,65.19202,66.0303,63.63175,62.62587,63.82006,60.80296,59.40539,58.89822,55.9017,50.93133,50.9902,53.90733,56.22277,51.61395,49.76947,54.12947,53.14132,56.32051,48.83646,55.7315,59.5399,65.03076,65.03076,73.17103,69.06519,83.00602,74.02702,84.14868,89.02247,93.0
13.60147,13.60147,12.64911,12.64911,11.7047,10.44031,10.44031,9.48683,8.24621,8.24621,7.07107,7.07107,6.08276,6.0,5.0,4.0,4.0,4.12311,3.60555,3.16228,2.82843,2.82843,3.16228,3.16228,3.0,3.16228,5.09902,4.12311,5.38516,5.38516,5.38516,6.32456,6.32456,7.61577,7.61577,7.61577,7.61577,7.61577,7.61577,8.544,7.61577,8.544,8.544,9.48683,8.544,9.21954,9.21954,8.06226,8.06226,8.06226,8.0,8.06226,92.47702,85.23497,84.8646,84.17244,78.77182,73.92564,75.76939,69.46222,70.21396,60.92618,58.30952,54.42426,50.69517,47.75982,45.54119,40.26164,39.56008,29.42788,32.55764,29.0,23.08679,22.56103,22.56103,18.78829,16.12452,14.42221,18.97367,18.38478,15.23155,18.24829,22.36068,21.84033,25.07987,26.1725,29.12044,30.08322,34.17601,34.78505,40.49691,36.24914,41.62932,40.16217,44.01136,45.22168,43.32436,45.54119,45.88028,45.22168,44.27189,47.75982,45.60702,47.51842,46.69047,46.09772,47.0,49.0102,41.59327,37.80212,40.0,42.2019,44.20407,45.22168,48.8774,46.87217,51.97115,54.70832,56.36488,58.30952,55.15433,60.00833,61.03278,60.16644,61.68468,62.29767,65.25335,66.70832,65.0,68.15424,69.63476,72.99315,71.02112,71.38627,68.24954,66.09841,62.8172,68.44706,63.95311,60.87693,63.06346,61.68468,55.97321,61.46544,54.12947,56.4358,53.48832,55.22681,53.53504,55.60576,56.56854,47.42362,52.63079,55.0,53.7122,57.70615,57.00877,62.62587,67.35726,67.6757,74.46476,78.44743,76.15773,84.89994,93.40771,91.67879
14.76482,13.41641,13.89244,13.89244,12.52996,11.6619,11.18034,9.84886,10.29563,8.94427,8.94427,7.61577,7.61577,6.32456,6.32456,5.09902,5.09902,5.09902,4.0,3.0,3.16228,3.16228,2.82843,2.23607,2.82843,3.16228,4.0,3.0,4.0,4.12311,5.0,5.09902,5.09902,5.09902,5.09902,6.32456,6.32456,6.08276,7.07107,7.07107,7.07107,7.07107,7.07107,7.07107,7.07107,7.07107,8.0,8.0,7.07107,7.07107,7.28011,7.28011,93.04837,91.0,87.28115,85.08819,80.11242,77.38863,76.96753,71.58911,66.21178,61.7171,59.61543,54.78138,54.12947,49.24429,47.53946,45.22168,35.44009,37.21559,33.37664,27.01851,24.18677,23.02173,19.10497,15.81139,14.21267,17.20465,9.21954,15.23155,20.24846,13.60147,21.0238,20.02498,22.56103,25.0,28.79236,32.38827,32.98485,32.57299,37.94733,35.8469,38.27532,40.02499,42.75512,43.41659,40.79216,43.01163,47.07441,45.89118,40.16217,45.12206,47.07441,47.38143,48.09366,45.01111,46.04346,45.17743,44.91102,34.88553,41.6173,44.68781,45.34314,47.20169,44.40721,43.27817,51.47815,53.0,55.00909,56.85948,56.46238,63.50591,63.32456,62.96825,61.09828,64.51356,67.05222,66.09841,66.48308,69.26038,69.37579,70.0928,68.15424,66.28725,70.85901,66.4906,66.70832,66.76077,66.48308,61.81424,60.16644,61.84658,58.5235,61.35145,55.15433,55.4617,58.59181,56.93856,53.90733,54.67175,52.40229,51.62364,60.44005,54.81788,53.23533,55.15433,62.64982,63.89053,67.6757,70.88018,75.27284,77.7946,79.30952,86.83317,85.16455,91.39475
15.29706,14.31782,14.31782,13.34166,13.34166,11.40175,11.40175,10.19804,10.44031,9.48683,9.21954,8.24621,7.61577,6.32456,5.83095,5.83095,5.83095,5.0,4.24264,3.60555,3.60555,3.16228,3.16228,4.0,4.0,3.16228,3.16228,4.47214,5.0,5.0,5.0,6.40312,5.65685,6.40312,6.40312,7.07107,7.07107,7.81025,7.07107,7.81025,7.81025,7.81025,7.81025,8.60233,7.81025,7.2111,8.06226,8.94427,8.544,8.544,8.24621,8.24621,89.56004,92.34717,87.9659,86.05231,85.37564,78.31347,81.05554,70.06426,66.18912,61.03278,63.07139,59.3043,52.61179,49.16299,46.17359,41.97618,37.48333,34.17601,30.59412,23.76973,26.41969,24.18677,18.43909,17.69181,16.64332,17.08801,15.81139,12.04159,14.03567,16.55295,21.54066,18.86796,21.09502,22.80351,27.58623,28.42534,32.80244,35.38361,37.53665,38.20995,41.72529,41.72529,43.86342,45.27693,43.84062,44.82187,43.93177,45.45327,42.2019,45.27693,48.60041,47.20169,49.1935,45.17743,43.86342,41.4367,41.4367,34.0,38.0526,37.21559,43.56604,44.64303,46.23851,49.64877,49.24429,49.65884,51.42956,53.7122,57.3062,58.30952,58.59181,66.57327,62.482,64.40497,67.35726,67.62396,65.19202,68.24954,66.48308,67.17887,66.52819,69.31089,67.89698,70.17834,63.65532,62.2254,62.96825,62.96825,60.30755,57.62812,64.2028,61.22091,53.25411,52.80152,54.20332,52.39275,58.69412,51.86521,54.40588,52.17279,55.3263,54.58938,47.09565,55.08176,66.37017,65.11528,63.34824,68.41053,73.08215,79.12016,81.7435,84.89994,88.32327,87.09765
15.23155,13.92839,13.0,12.08305,12.08305,10.77033,10.77033,9.84886,9.48683,8.544,8.544,7.28011,6.32456,5.09902,4.12311,5.09902,4.0,3.0,3.16228,2.23607,2.23607,1.41421,1.41421,2.0,2.0,3.0,3.16228,3.16228,4.47214,4.47214,5.83095,5.83095,5.83095,5.83095,6.7082,6.7082,6.7082,6.7082,7.61577,7.61577,7.61577,7.61577,7.61577,7.28011,7.28011,7.28011,8.24621,8.06226,8.06226,8.06226,7.0,7.07107,82.9759,89.84431,87.09191,87.64131,85.70298,80.32434,77.16217,71.30919,66.85058,63.24555,65.45991,55.31727,50.28916,47.80167,46.57252,42.2019,38.83298,37.12142,28.28427,27.01851,24.18677,20.39608,16.49242,14.56022,13.0384,12.04159,12.52996,14.31782,10.19804,19.23538,19.0263,20.39608,23.76973,21.54066,29.06888,29.52965,33.28663,34.43835,38.58756,39.35734,38.48376,43.41659,40.31129,43.38202,42.05948,45.61798,43.86342,45.61798,42.15448,46.48656,51.5461,47.75982,48.08326,48.05206,43.28972,42.0119,41.10961,37.16181,41.14608,41.34005,46.69047,50.20956,46.66905,49.51767,50.20956,49.67897,58.25805,58.00862,58.83026,64.40497,61.58734,67.60178,65.8635,63.13478,68.8767,68.0,67.54258,69.07966,72.09022,70.93659,67.77905,69.46222,70.2282,66.12866,68.54196,64.2573,67.62396,65.79514,66.70832,61.26989,61.7171,55.00909,60.03332,59.81639,59.03389,55.47071,55.17246,53.74012,54.3783,55.47071,52.20153,57.70615,60.16644,60.40695,64.19502,61.66036,65.25335,69.42622,74.67262,79.24645,82.8734,81.3941,86.70063,87.14356
15.13275,14.14214,13.0384,13.0384,12.04159,11.04536,11.04536,10.04988,10.04988,9.05539,8.06226,8.06226,7.07107,6.08276,6.08276,5.38516,4.12311,4.47214,3.16228,3.16228,2.82843,2.82843,2.23607,2.0,2.0,3.16228,3.16228,2.82843,2.82843,4.24264,4.24264,5.0,5.0,5.0,5.65685,5.65685,6.40312,5.65685,6.40312,5.65685,7.07107,7.07107,7.07107,6.40312,7.2111,7.2111,7.2111,7.2111,6.7082,6.7082,7.28011,7.07107,91.44397,90.09439,87.09765,86.31338,83.02409,73.82412,76.65507,71.19691,71.34424,61.0,59.22837,52.61179,52.17279,54.45181,42.42641,42.44997,42.2019,34.71311,35.73514,27.73085,28.79236,19.23538,20.51828,17.02939,17.02939,14.42221,16.0,11.18034,14.86607,16.40122,14.86607,19.20937,18.43909,24.20744,24.75884,27.80288,31.40064,33.6006,34.65545,38.41875,40.80441,38.94868,35.4683,40.60788,39.20459,42.44997,43.86342,42.44997,45.34314,44.04543,45.45327,47.01064,48.25971,44.10215,46.95743,46.61545,43.32436,41.59327,39.05125,42.10701,42.0,42.19005,48.09366,48.27007,49.33559,55.36244,52.20153,53.7122,59.80803,60.53924,57.70615,61.26989,62.26556,64.00781,71.69379,62.96825,64.07027,67.6757,73.23933,72.42237,66.21933,70.43437,64.81512,68.88396,70.21396,68.24954,69.40461,65.45991,60.80296,62.68174,61.7171,56.93856,60.0,56.36488,52.80152,59.46427,52.81098,55.7853,54.58938,58.21512,55.00909,53.08484,59.3043,60.82763,55.54278,62.8172,65.96969,71.56815,76.32169,82.28001,79.05694,83.81527,89.19641,84.11896
14.0,13.0,13.0384,12.0,11.0,11.0,10.0,9.0,9.0,8.06226,8.0,7.0,6.08276,5.09902,5.09902,4.12311,3.16228,3.16228,2.82843,2.82843,2.23607,2.0,2.0,2.23607,2.23607,2.23607,3.60555,4.24264,4.24264,5.0,5.0,5.83095,5.83095,6.40312,6.40312,6.40312,7.2111,7.2111,7.81025,7.81025,7.81025,7.81025,7.81025,7.81025,7.81025,7.07107,7.81025,7.81025,7.2111,8.06226,7.61577,6.7082,88.95504,84.38009,86.97701,84.09518,82.29824,77.00649,75.32596,72.11103,67.06713,66.18912,59.13544,53.33854,52.34501,48.09366,46.04346,40.4475,35.35534,33.24154,31.32092,31.04835,30.8707,21.47091,18.43909,12.80625,14.76482,13.0384,13.60147,16.03122,10.29563,15.26434,17.46425,24.75884,21.2132,20.80865,24.08319,27.20294,30.80584,36.23534,35.80503,35.4683,39.40812,35.4683,41.88078,45.60702,41.23106,40.36087,43.18565,44.20407,47.42362,42.42641,45.96738,44.68781,45.80393,43.01163,45.48626,42.15448,39.21734,35.51056,39.62323,42.72002,42.72002,44.01136,47.85394,49.65884,49.64877,51.62364,51.31277,54.20332,57.48913,59.40539,63.89053,62.28965,63.89053,65.79514,65.19202,65.11528,68.62215,65.11528,72.91776,71.70077,69.6563,72.34639,70.29225,68.24954,70.60453,65.06919,62.36986,62.36986,65.06919,60.10824,59.4138,57.80138,52.00961,55.21775,55.22681,55.03635,56.36488,50.9902,52.20153,56.04463,54.12947,55.44367,61.07373,56.00893,61.03278,67.18631,66.61081,70.85901,77.10383,79.07591,78.8543,80.77747,85.86617,89.26926
14.14214,13.15295,13.15295,12.16553,11.18034,11.04536,10.04988,10.04988,9.05539,8.06226,8.06226,7.07107,6.08276,6.32456,4.12311,4.12311,3.16228,3.16228,2.82843,2.82843,2.23607,2.23607,2.0,2.23607,2.23607,2.23607,2.82843,4.24264,4.47214,5.0,5.0,5.83095,5.83095,5.83095,6.40312,6.40312,7.2111,7.2111,7.2111,7.81025,7.81025,7.2111,7.81025,7.81025,7.81025,7.07107,7.81025,7.81025,7.2111,7.2111,6.7082,6.7082,88.95504,88.11924,89.26926,85.0,84.17244,79.6304,74.1485,70.34913,67.36468,64.49806,56.4358,56.32051,54.33231,46.38965,47.67599,43.17407,37.94733,30.80584,30.36445,30.46309,23.32381,25.4951,18.38478,14.86607,10.63015,9.48683,14.31782,14.14214,15.26434,10.29563,16.12452,15.26434,20.51828,25.23886,27.58623,27.45906,30.01666,35.0,38.60052,35.38361,43.27817,35.4683,39.82462,41.10961,45.96738,43.27817,41.23106,45.34314,43.13931,40.60788,41.23106,44.82187,46.40043,46.87217,46.06517,43.38202,40.71855,35.22783,36.01389,41.10961,48.16638,44.72136,45.22168,48.38388,50.69517,49.76947,58.30952,56.85948,56.79789,62.16912,61.29437,61.91123,65.73431,65.73431,67.80118,65.80274,68.24954,65.43699,73.87828,71.70077,70.17834,71.8401,69.35416,68.68042,63.25346,68.88396,67.47592,63.12686,66.61081,61.40033,58.60034,61.40033,58.5235,62.16912,57.24509,55.03635,58.5235,54.81788,52.7731,54.91812,57.31492,54.33231,53.15073,54.14795,63.50591,57.48913,65.96969,69.57011,74.46476,78.16009,84.20214,81.70679,85.07056,87.64131
14.42221,14.42221,13.60147,13.0384,13.0384,10.81665,10.81665,10.0,9.43398,8.60233,7.81025,6.40312,7.07107,5.65685,5.65685,5.0,4.24264,3.60555,3.16228,3.0,3.16228,2.0,2.23607,2.82843,2.82843,3.16228,4.12311,4.12311,5.09902,5.0,6.0,6.08276,7.0,6.08276,7.0,7.07107,7.07107,7.07107,8.06226,8.06226,8.06226,9.05539,9.05539,8.06226,8.24621,8.24621,9.21954,8.544,8.544,8.06226,8.06226,8.60233,85.0,84.20214,82.61961,81.84131,78.49204,73.78347,65.43699,70.45566,64.07027,61.29437,58.24946,52.80152,50.0,46.2277,44.40721,39.05125,38.20995,29.73214,30.0,26.1725,28.01785,21.40093,21.09502,16.49242,15.29706,15.29706,10.44031,13.89244,14.86607,9.21954,14.76482,21.54066,21.58703,25.31798,26.1725,31.40064,29.15476,30.59412,38.20995,38.47077,35.12834,35.51056,40.4475,41.4367,42.44997,38.20995,42.19005,42.44997,41.76123,43.65776,43.9659,43.08132,42.54409,40.71855,43.82921,39.11521,42.52058,32.64966,37.16181,39.56008,42.44997,43.17407,43.28972,41.30375,52.03845,50.08992,53.03772,54.00926,59.03389,60.00833,58.30952,62.514,56.88585,66.37017,63.15061,67.26812,66.94027,67.44627,70.34202,65.14599,66.48308,70.88018,63.89053,65.80274,68.94926,66.21933,64.03124,63.32456,63.78871,61.84658,60.01666,56.7186,50.01,55.3263,57.14018,49.09175,55.14526,55.44367,52.39275,57.97413,51.5461,54.42426,61.40033,55.56978,55.56978,61.40033,64.66065,65.06919,73.0,76.41989,71.70077,79.24645,86.31338,86.55634
14.31782,13.41641,13.41641,12.52996,11.18034,11.18034,9.84886,9.48683,8.94427,8.544,7.61577,7.28011,7.28011,6.32456,5.09902,5.0,4.0,4.0,3.16228,2.23607,2.23607,2.82843,2.23607,3.16228,3.16228,3.0,4.12311,4.12311,4.12311,5.38516,5.38516,5.38516,6.7082,6.7082,6.7082,6.7082,7.61577,7.61577,7.61577,7.61577,8.06226,8.544,8.544,8.544,8.544,8.544,8.24621,8.24621,8.24621,8.06226,8.06226,8.0,90.82401,92.7847,86.60831,82.8553,78.89233,72.06941,77.17513,72.06941,69.06519,59.05929,58.5235,53.66563,54.08327,50.11986,41.67733,44.29447,39.82462,31.95309,30.67572,29.41088,26.0,23.4094,19.10497,19.10497,20.88061,13.60147,10.77033,17.20465,19.64688,14.56022,18.0,18.24829,21.09502,23.76973,25.63201,30.08322,32.20248,30.36445,37.64306,37.69615,37.16181,37.57659,40.02499,38.27532,39.56008,42.15448,40.02499,47.80167,43.9659,40.02499,49.47727,43.41659,44.40721,47.01064,44.0,46.01087,44.55334,38.20995,41.03657,45.60702,39.82462,47.01064,41.14608,46.48656,50.0,54.12024,57.00877,60.63827,56.51548,59.84146,64.13267,64.38167,66.18912,67.60178,68.46897,68.26419,73.02739,69.00725,71.00704,74.00676,70.0,67.02984,69.0,70.00714,66.0303,70.06426,68.02941,70.06426,62.07254,63.1981,60.29925,62.80127,58.69412,58.94065,56.921,54.42426,55.4617,53.0,57.14018,52.43091,55.44367,49.51767,58.00862,56.0803,60.0,64.63745,68.09552,68.44706,70.77429,76.48529,77.38863,84.69357,81.02469,90.47099
15.6205,15.6205,14.21267,14.21267,13.60147,12.04159,12.04159,10.63015,10.63015,9.89949,9.21954,8.48528,8.48528,7.81025,6.40312,5.65685,5.0,4.47214,4.47214,4.47214,3.16228,3.0,3.0,3.16228,2.23607,2.23607,2.23607,3.60555,3.16228,4.12311,4.12311,5.09902,5.09902,5.09902,5.09902,6.0,6.08276,6.08276,6.08276,7.07107,7.07107,7.07107,7.07107,7.07107,7.07107,7.28011,7.28011,7.61577,7.61577,6.7082,7.2111,7.2111,91.41663,91.58603,91.26883,87.23531,87.81799,78.03204,75.6439,73.43024,68.09552,61.91123,65.29931,58.18075,58.66856,49.92995,44.65423,42.43819,42.80187,39.40812,35.4683,29.83287,28.42534,22.67157,24.69818,20.80865,14.21267,15.29706,12.16553,12.04159,8.24621,10.81665,9.21954,17.0,18.02776,23.08679,20.61553,25.96151,25.70992,30.08322,29.42788,33.24154,34.71311,33.37664,37.94733,38.63936,40.60788,38.63936,40.26164,42.95346,41.23106,41.76123,43.86342,43.82921,38.62642,46.09772,40.81666,42.19005,39.20459,35.17101,38.8973,39.20459,40.11234,45.0,46.01087,46.87217,50.9902,50.63596,52.20153,56.88585,53.16014,58.24088,64.28841,60.44005,62.62587,65.55151,69.07966,66.70832,66.24198,69.35416,69.35416,72.06941,69.77105,72.06941,67.53518,68.88396,69.46222,65.36819,64.49806,65.39113,63.56099,64.40497,62.76942,60.53924,61.98387,56.32051,57.87055,53.75872,56.0803,55.0,55.08176,50.63596,58.69412,53.85165,58.5235,54.42426,62.24147,64.00781,69.89278,71.02816,71.40028,78.77182,80.21222,85.04117,84.81156,88.40814
14.56022,13.60147,13.34166,12.36932,12.64911,11.7047,10.44031,10.44031,9.48683,8.24621,8.544,7.28011,7.07107,6.08276,5.09902,5.09902,4.0,4.0,3.0,2.0,2.23607,1.41421,1.41421,1.0,2.0,2.0,2.23607,3.60555,3.60555,4.24264,5.0,5.0,5.65685,5.65685,5.65685,6.40312,6.40312,7.2111,7.2111,6.40312,7.2111,7.2111,7.2111,7.2111,7.2111,7.2111,7.61577,7.61577,7.28011,7.28011,6.08276,6.08276,86.31338,84.64632,87.29834,84.11896,80.04998,75.43209,74.73286,72.03471,63.60031,65.30697,59.90826,54.34151,51.41984,47.07441,44.14748,45.70558,38.47077,33.06055,29.01724,29.42788,27.0,24.08319,15.23155,17.46425,12.08305,12.80625,12.04159,9.48683,16.12452,13.0384,16.12452,20.24846,17.20465,18.86796,17.88854,22.02272,27.80288,30.23243,32.20248,34.05877,33.28663,35.80503,38.01316,35.4683,38.60052,40.49691,41.88078,38.27532,41.67733,40.31129,40.24922,43.86342,40.31129,42.37924,41.48494,41.59327,40.04997,33.52611,36.67424,38.94868,42.43819,46.2277,46.09772,48.83646,50.32892,52.40229,52.00961,55.80323,57.98276,62.20129,60.74537,64.66065,61.7171,61.40033,64.84597,69.77105,68.942,68.942,76.02631,68.00735,67.1193,70.77429,68.44706,70.38466,66.70832,66.48308,63.07139,60.00833,64.84597,61.26989,60.37384,61.26989,59.68249,57.68882,53.2635,59.4138,53.75872,49.49747,53.60037,57.00877,51.97115,53.23533,57.27128,54.57105,63.06346,61.84658,63.15061,68.88396,73.10951,75.66373,75.53807,81.30191,86.37129,84.29116
14.86607,14.14214,13.45362,12.72792,11.31371,11.31371,11.31371,10.63015,9.21954,9.21954,8.60233,7.81025,6.40312,6.40312,5.83095,5.83095,5.38516,4.12311,3.16228,3.0,3.0,3.0,3.16228,2.23607,2.82843,2.82843,3.60555,4.12311,4.12311,5.09902,5.0,5.0,6.0,6.0,6.0,6.0,7.0,7.0,7.0,7.0,7.0,7.0,8.0,8.06226,8.06226,7.07107,8.06226,8.24621,8.24621,8.24621,7.61577,8.06226,88.86507,86.21485,82.02439,81.05554,83.09633,77.42093,74.4043,71.21798,67.80118,62.00806,63.89053,61.07373,53.90733,47.42362,44.04543,44.59821,42.52058,32.52691,30.4795,30.23243,27.29469,21.54066,20.12461,20.24846,14.31782,12.04159,16.0,10.44031,10.29563,12.04159,12.52996,17.46425,15.29706,19.0,24.5153,23.08679,27.01851,30.14963,30.26549,33.06055,33.13608,35.35534,33.24154,37.48333,35.22783,41.0,43.04649,41.04875,40.04997,41.0,45.09989,42.42641,44.72136,42.42641,45.35416,37.36308,42.95346,32.75668,37.65634,40.31129,41.0,43.04649,43.18565,46.52956,51.1957,49.64877,52.88667,54.81788,57.27128,58.94065,61.98387,60.72891,64.84597,68.70953,65.19202,66.48308,67.62396,69.35416,71.17584,70.26379,66.70832,69.31811,70.00714,65.30697,63.63175,65.39113,67.1193,65.0,63.69458,60.53924,60.44005,62.64184,58.69412,56.51548,52.03845,53.08484,55.00909,52.00961,54.58938,52.17279,53.85165,51.5461,58.30952,57.80138,60.53924,61.85467,64.53681,65.80274,70.00714,71.44928,74.96666,82.07314,82.73452,84.95881
14.31782,14.31782,13.34166,12.36932,12.36932,11.40175,10.19804,9.21954,9.21954,9.21954,8.06226,7.07107,7.07107,6.0,5.0,5.0,4.12311,4.0,3.16228,3.16228,3.60555,2.82843,2.23607,2.23607,2.0,3.0,3.60555,3.60555,4.47214,5.0,5.0,5.0,6.40312,6.40312,6.40312,7.2111,7.07107,7.2111,7.2111,7.2111,7.81025,8.60233,8.60233,8.60233,8.60233,8.06226,8.06226,8.06226,8.94427,7.61577,8.544,8.24621,92.76314,93.17188,88.11924,86.49277,81.21576,73.97973,75.69016,75.31268,71.38627,64.28841,57.70615,59.68249,54.33231,50.96077,43.56604,41.30375,42.10701,37.0,35.0,31.14482,24.18677,24.33105,19.92486,20.88061,13.60147,12.20656,14.14214,15.23155,14.31782,14.56022,14.86607,17.02939,20.88061,17.88854,23.60085,24.18677,29.06888,30.0,28.30194,31.14482,37.53665,33.94113,36.61967,42.2019,43.41659,40.31129,38.41875,46.40043,42.2019,40.60788,46.32494,43.56604,45.27693,43.38202,42.37924,43.9659,41.76123,38.47077,40.31129,41.86884,44.55334,47.42362,45.80393,52.20153,53.00943,54.91812,57.2014,56.0803,56.82429,62.17717,67.1193,62.64982,66.64083,66.70832,71.51224,73.1642,70.5762,69.64194,76.2168,72.73239,71.8401,74.2159,69.64194,68.96376,69.92138,72.12489,71.16881,69.92138,68.94926,65.79514,61.84658,64.40497,59.68249,53.33854,57.80138,58.24946,55.44367,57.28001,54.67175,52.63079,59.94164,55.9464,53.0,57.69749,59.77458,67.18631,67.72001,67.89698,74.33034,74.43118,80.23092,85.51023,88.68484,91.35097
15.65248,15.23155,14.31782,13.0,12.08305,13.0,12.08305,11.18034,9.84886,8.94427,8.94427,8.06226,7.61577,6.7082,5.83095,5.83095,5.0,5.0,3.60555,2.82843,2.82843,2.23607,2.23607,1.0,1.0,1.41421,2.82843,2.23607,3.16228,3.16228,4.12311,4.12311,5.09902,5.09902,5.09902,5.09902,6.08276,6.08276,6.08276,6.08276,6.32456,6.32456,6.32456,6.32456,6.32456,6.32456,6.7082,6.7082,6.7082,7.2111,6.40312,6.40312,92.70383,94.15413,92.30926,84.30896,86.03488,83.38465,77.7946,74.33034,68.00735,70.88018,62.39391,60.40695,53.85165,51.07837,46.61545,44.77723,44.77723,37.57659,32.64966,34.53983,27.20294,28.01785,20.80865,20.80865,19.10497,13.0,11.18034,10.44031,8.48528,12.16553,12.72792,14.21267,17.49286,16.55295,20.88061,20.59126,28.4605,27.29469,31.04835,30.8707,31.95309,32.89377,39.56008,34.78505,35.1141,41.10961,37.12142,38.07887,39.81206,39.92493,38.94868,41.14608,42.43819,43.26662,43.41659,40.36087,38.28838,37.48333,40.11234,41.01219,45.70558,44.40721,47.51842,49.0408,51.1957,53.14132,54.70832,59.80803,60.74537,62.24147,58.59181,60.83584,69.46222,66.37017,69.97142,69.46222,71.86793,65.51336,69.89278,70.80254,66.7308,72.20111,73.00685,69.06519,68.7968,70.0,65.73431,66.85058,59.90826,58.59181,61.77378,59.03389,60.82763,59.09315,55.54278,54.57105,58.69412,54.74486,56.22277,54.0,56.0357,51.0,62.16912,61.0,57.58472,62.62587,62.76942,72.01389,73.34848,75.58439,79.75588,89.00562,84.53402,90.37699
15.6205,15.6205,13.60147,13.60147,12.80625,12.80625,11.40175,11.40175,10.0,10.0,9.21954,8.48528,7.81025,6.40312,6.40312,5.65685,5.0,5.0,3.60555,3.60555,2.23607,2.23607,2.0,2.0,1.41421,1.41421,2.23607,3.0,3.0,4.0,4.12311,5.09902,5.09902,5.09902,6.08276,6.0,6.0,6.08276,6.08276,6.08276,6.08276,7.0,7.07107,7.0,7.0,7.0,7.0,7.07107,7.07107,7.28011,7.61577,6.7082,91.06591,91.23596,85.23497,86.76981,83.86298,79.25907,78.29432,72.00694,73.00685,67.23095,63.28507,61.05735,55.22681,51.47815,53.7122,48.01042,41.40048,35.0,33.97058,33.97058,26.90725,24.20744,21.93171,18.60108,16.15549,15.29706,17.08801,11.0,10.0,12.20656,16.27882,16.40122,17.08801,16.15549,26.4764,25.0,20.09975,33.01515,31.257,31.40064,36.34556,34.36568,38.01316,34.71311,39.62323,42.57934,39.45884,42.75512,41.10961,43.9659,41.76123,42.72002,41.4367,42.72002,38.91015,41.59327,42.63801,36.67424,37.33631,43.01163,43.0,47.09565,47.51842,47.85394,50.21952,53.60037,59.20304,56.32051,58.5235,62.96825,60.92618,62.24147,70.66116,67.54258,70.68239,68.47627,70.71068,73.3553,70.83078,77.89737,73.06162,73.24616,75.80237,72.89719,70.3278,70.3278,69.83552,65.36819,63.97656,64.84597,59.94164,63.56099,56.30275,59.90826,58.0517,57.27128,57.87055,53.15073,59.13544,52.15362,57.31492,54.12024,56.51548,56.61272,60.37384,68.0,69.35416,70.23532,74.63243,76.2168,80.80223,87.00575,86.83893,87.36704
14.14214,13.15295,12.16553,12.16553,11.18034,11.18034,10.19804,9.21954,9.21954,8.06226,8.06226,7.07107,7.07107,6.0,5.0,5.0,4.0,3.0,3.16228,2.0,2.23607,1.41421,1.41421,2.0,2.0,1.41421,2.23607,3.60555,4.24264,2.82843,4.24264,4.24264,5.0,5.0,5.65685,5.65685,5.65685,6.40312,7.07107,7.07107,7.07107,6.40312,7.07107,6.40312,6.40312,6.40312,7.2111,6.7082,6.7082,6.7082,6.7082,6.32456,86.83317,87.29834,83.86298,82.96987,83.95237,80.41144,75.43209,69.05071,61.84658,60.63827,57.72348,59.20304,54.12947,47.07441,46.38965,44.10215,34.1321,33.37664,29.06888,31.14482,26.01922,24.33105,20.02498,18.02776,12.08305,13.0384,13.41641,10.77033,10.44031,10.19804,15.52417,18.68154,15.23155,17.02939,20.59126,22.02272,26.87006,29.0,32.55764,30.61046,31.40064,33.6006,36.12478,38.41875,36.76955,38.41875,39.66106,42.72002,42.72002,39.82462,41.34005,46.06517,46.06517,43.46263,40.71855,41.76123,40.60788,35.34119,37.21559,39.44617,48.60041,44.04543,47.38143,48.08326,48.79549,52.49762,53.2635,57.00877,55.44367,61.22091,62.80127,65.21503,64.00781,69.83552,64.49806,66.64833,69.77822,69.31811,70.38466,67.77905,69.857,68.8767,69.35416,72.91776,69.35416,66.85058,66.70832,64.88451,67.60178,60.83584,63.06346,58.66856,61.40033,58.60034,56.85068,53.2635,55.22681,55.86591,54.20332,55.47071,56.93856,52.7731,57.93962,60.40695,57.48913,63.56099,62.16912,67.60178,68.35934,76.23647,80.62258,82.1523,84.29116,86.37129
14.86607,14.86607,13.92839,13.60147,12.64911,11.7047,11.7047,10.77033,10.44031,9.84886,9.48683,8.544,7.61577,6.7082,5.83095,5.83095,5.83095,5.0,4.24264,4.24264,3.60555,3.16228,3.16228,3.0,3.0,3.0,2.23607,3.60555,3.60555,3.60555,4.24264,4.24264,5.0,5.0,5.83095,5.83095,5.83095,6.40312,6.40312,6.40312,6.40312,6.40312,7.2111,7.2111,7.2111,6.40312,7.07107,7.07107,7.07107,7.2111,7.2111,6.7082,92.7847,89.89438,88.11924,85.42833,85.0,79.70571,74.73286,73.34848,65.39113,61.46544,57.24509,57.77543,55.9464,54.12024,47.16991,45.17743,41.67733,35.51056,36.71512,33.6006,27.65863,19.79899,24.08319,19.23538,17.20465,15.26434,13.15295,14.03567,8.544,13.0,15.55635,15.55635,19.23538,20.12461,18.43909,28.17801,26.40076,30.67572,32.01562,30.8707,36.05551,33.83785,36.05551,36.13862,35.8469,39.39543,37.64306,41.59327,37.16181,42.04759,37.12142,42.94182,38.58756,41.04875,40.45986,43.13931,36.23534,32.28002,38.60052,38.83298,40.4475,44.01136,46.04346,43.04649,50.24938,48.6621,52.23983,52.61179,50.69517,63.78871,60.16644,62.62587,62.29767,64.51356,63.56886,66.30988,65.9242,65.9242,68.54196,71.11259,66.18912,68.47627,71.69379,69.35416,69.35416,65.29931,68.942,59.48109,64.62198,64.4748,58.69412,58.87274,55.08176,53.15073,53.93515,56.7186,54.45181,56.0,51.0,56.32051,48.6621,50.28916,56.32051,52.20153,56.79789,61.29437,64.00781,69.97142,70.49113,75.21303,79.05694,84.20214,83.48653,85.44004
14.14214,14.03567,13.15295,13.15295,12.04159,11.04536,11.04536,10.04988,9.05539,8.06226,8.06226,7.07107,7.28011,6.08276,6.08276,5.09902,4.47214,4.12311,3.60555,2.23607,2.82843,2.23607,1.41421,2.0,2.23607,1.41421,2.82843,3.60555,3.60555,3.16228,4.47214,5.38516,5.83095,5.38516,5.83095,5.83095,6.7082,7.2111,7.2111,7.2111,6.7082,7.2111,8.06226,7.2111,7.2111,7.2111,7.81025,7.81025,7.07107,7.81025,7.2111,7.2111,89.14034,84.0,82.29824,84.09518,84.0,80.09994,75.02666,67.0,63.07139,62.00806,56.14268,58.03447,52.00961,48.0,45.09989,45.27693,42.19005,39.20459,34.52535,28.07134,23.34524,25.70992,17.0,17.46425,12.52996,17.02939,14.86607,12.36932,11.04536,13.0384,12.20656,17.88854,20.0,21.40093,20.51828,25.6125,25.45584,30.4795,30.41381,30.4795,32.01562,32.01562,35.80503,39.62323,38.60052,41.03657,38.94868,41.10961,38.94868,42.44997,40.45986,40.0,41.6173,40.22437,42.80187,38.47077,39.0,35.90265,37.94733,42.54409,46.09772,43.909,43.909,46.2277,48.60041,53.74012,53.90733,56.85068,57.62812,62.36986,63.65532,61.55485,61.07373,63.25346,68.41053,68.8186,67.42403,68.60029,72.71864,69.89278,71.56116,70.0,68.8186,71.02816,68.7968,67.1193,63.82006,65.43699,61.7171,62.1289,58.24946,60.87693,53.8145,55.17246,59.81639,54.81788,58.30952,54.70832,51.86521,55.03635,51.86521,54.12024,55.08176,59.22837,58.21512,59.13544,61.03278,64.77654,71.56815,74.16873,74.43118,82.73452,81.22192,84.38009
14.42221,14.42221,13.0384,13.0384,11.6619,12.20656,10.81665,10.81665,10.0,9.43398,8.06226,8.06226,6.7082,5.83095,5.83095,5.38516,4.47214,4.12311,3.16228,3.16228,2.0,2.0,2.0,1.41421,1.41421,1.41421,2.0,3.16228,3.16228,3.16228,4.47214,4.47214,4.47214,5.38516,5.38516,5.38516,5.38516,6.32456,6.32456,6.32456,6.32456,6.32456,6.32456,6.32456,6.32456,7.07107,7.07107,7.07107,7.07107,7.0,7.07107,6.08276,85.2115,84.81156,85.2115,81.8352,81.21576,77.00649,72.00694,71.58911,65.60488,65.43699,64.66065,59.20304,54.67175,50.60632,45.79301,42.19005,41.04875,34.1321,31.62278,30.8707,29.06888,23.76973,21.54066,17.72005,20.09975,9.05539,15.0333,7.07107,9.43398,11.6619,13.60147,14.03567,17.02939,20.0,22.2036,23.19483,27.45906,24.18677,33.52611,32.38827,37.21559,35.35534,35.44009,34.48188,34.71311,36.67424,40.31129,40.02499,39.11521,39.0,41.0,43.01163,41.01219,41.30375,41.7732,43.41659,39.56008,32.52691,39.40812,38.01316,39.11521,45.18849,46.61545,48.46648,51.92302,52.88667,53.16014,58.0517,60.87693,59.03389,59.22837,64.77654,63.3877,68.35934,69.06519,67.06713,66.0303,67.02984,70.06426,74.00676,71.06335,71.0,69.00725,70.00714,69.18092,67.00746,67.00746,67.00746,68.06614,66.0303,65.12296,61.0082,56.88585,56.75385,53.85165,53.45091,50.59644,53.85165,53.31041,55.47071,52.15362,53.15073,61.6198,57.98276,55.9017,60.30755,60.74537,65.45991,69.89278,73.24616,81.00617,81.12336,83.86298,83.72574
13.60147,12.64911,12.64911,11.7047,10.77033,10.77033,9.48683,9.48683,8.544,8.24621,8.24621,7.28011,6.08276,6.08276,5.09902,4.0,4.0,4.12311,3.0,3.16228,3.16228,2.23607,2.23607,2.23607,2.23607,2.0,3.16228,3.16228,4.12311,4.47214,4.47214,4.47214,5.38516,5.83095,6.7082,7.2111,6.7082,6.7082,6.7082,6.7082,7.61577,7.61577,7.61577,7.61577,7.61577,7.28011,8.24621,7.28011,7.07107,7.07107,7.07107,7.0,92.358,86.92526,91.76056,82.5409,73.53911,72.8011,75.23962,69.07966,69.35416,59.94164,59.61543,60.37384,55.9464,51.07837,45.31004,44.01136,40.49691,37.36308,33.54102,29.12044,29.61419,23.76973,22.02272,19.10497,20.24846,15.26434,9.89949,14.76482,13.60147,11.04536,13.15295,16.03122,17.72005,19.64688,22.84732,22.13594,27.51363,28.79236,31.01612,31.32092,33.12099,34.0147,36.40055,35.73514,38.60052,39.39543,40.26164,41.4367,41.76123,44.64303,41.78516,40.80441,39.62323,41.10961,43.01163,44.01136,38.20995,34.66987,41.6173,41.10961,42.44997,44.82187,46.8615,46.40043,48.60041,50.80354,51.10773,55.9464,54.58938,61.32699,63.07139,62.24147,64.2573,67.35726,66.7308,64.2573,69.57011,69.92138,72.53275,69.37579,72.36712,69.63476,67.26812,68.24954,69.857,68.41053,69.12308,62.58594,65.80274,62.76942,61.09828,56.64804,59.61543,55.03635,52.83938,53.33854,53.53504,53.41348,55.31727,53.03772,55.0,52.00961,51.0,55.54278,56.35601,63.69458,69.57011,67.6757,72.42237,74.33034,74.33034,79.30952,85.61542,88.76936
15.55635,14.14214,14.14214,12.04159,12.04159,11.31371,11.31371,9.89949,9.89949,9.21954,9.21954,8.60233,7.2111,6.40312,5.83095,5.83095,5.38516,5.38516,4.12311,3.16228,3.0,3.0,3.16228,2.23607,2.82843,2.82843,3.60555,3.16228,4.0,4.12311,5.09902,5.0,6.0,6.0,6.0,7.0,7.0,7.0,7.0,7.0,7.0,7.0,8.0,8.06226,8.06226,8.06226,8.06226,8.06226,8.24621,8.24621,7.61577,7.61577,91.02198,86.05231,84.81156,83.24062,79.6304,75.16648,76.2168,70.83784,68.11755,62.80127,60.60528,56.40035,52.43091,52.20153,48.37355,41.18252,42.72002,33.54102,36.89173,32.57299,27.29469,25.70992,21.58703,17.72005,16.12452,16.12452,13.92839,11.40175,11.31371,13.0,9.84886,17.11724,16.0,17.26268,20.39608,22.36068,24.73863,23.08679,32.57299,35.17101,29.73214,32.57299,34.48188,36.24914,35.17101,41.48494,38.83298,41.23106,38.07887,42.75512,41.4367,42.29657,40.4475,43.01163,42.0,40.0125,39.31921,35.8469,36.40055,37.10795,41.23106,43.56604,44.10215,45.04442,46.01087,47.04253,52.15362,59.21149,56.22277,58.13777,61.40033,61.52235,65.30697,63.63961,69.87131,63.78871,67.68309,65.11528,67.72001,71.06335,69.857,71.16881,69.42622,69.857,65.73431,67.72001,68.88396,60.63827,63.15061,62.96825,58.13777,61.13101,57.03508,56.00893,53.33854,52.46904,56.51548,53.16014,51.5461,52.92447,54.58938,51.0392,52.83938,54.03702,56.58622,61.52235,67.47592,68.76772,70.72482,71.84706,74.43118,79.32213,75.80237,83.76157
16.40122,15.0,15.0,14.21267,13.45362,12.80625,11.40175,11.40175,10.63015,10.0,9.21954,8.60233,8.60233,7.2111,7.2111,6.7082,5.38516,5.38516,4.12311,4.12311,4.12311,3.0,3.0,3.16228,3.16228,2.82843,3.16228,3.16228,3.16228,4.0,3.0,5.0,4.0,5.0,6.0,6.08276,6.0,6.0,6.0,6.0,7.0,6.0,7.0,7.0,7.0,7.07107,7.07107,7.28011,7.28011,6.32456,7.61577,6.7082,89.64374,86.55634,86.83317,82.13404,82.21922,79.98125,77.10383,74.24958,72.18033,65.06919,64.38167,58.0517,52.3259,50.32892,47.80167,43.27817,43.82921,33.61547,33.28663,30.23243,29.06888,22.82542,25.63201,18.02776,18.02776,18.11077,14.03567,14.42221,10.81665,12.04159,13.41641,16.49242,17.08801,17.46425,21.0238,24.08319,26.01922,28.07134,30.06659,30.06659,32.55764,34.1321,36.01389,35.01428,39.0,37.21559,40.0,40.0125,40.0,39.05125,40.4475,38.11824,39.45884,40.79216,36.13862,40.8534,39.35734,34.65545,36.40055,39.11521,43.38202,42.72002,45.22168,45.88028,47.29693,50.01,52.39275,54.45181,55.7315,58.30952,62.514,60.07495,61.03278,64.00781,64.0,65.03076,69.18092,69.26038,71.25307,69.58448,71.70077,69.35416,67.36468,69.26038,69.35416,69.18092,65.76473,65.27634,64.19502,64.19502,64.12488,62.00806,57.0,59.21149,52.7731,59.20304,55.36244,51.24451,51.26402,52.7731,57.45433,53.33854,49.92995,55.80323,57.31492,63.89053,64.81512,67.6757,69.63476,73.40981,74.06079,82.37718,83.76157,86.02325
16.12452,15.13275,14.14214,14.03567,13.0384,12.04159,12.04159,11.18034,10.04988,10.04988,9.05539,9.05539,8.06226,7.07107,6.08276,6.32456,5.38516,5.38516,4.47214,3.60555,3.60555,2.23607,2.82843,2.23607,2.23607,2.0,2.23607,2.82843,2.82843,2.82843,3.60555,3.60555,4.47214,5.0,5.0,5.0,5.0,5.83095,5.83095,6.40312,6.40312,6.40312,6.40312,6.40312,6.40312,6.40312,7.07107,7.07107,6.40312,7.2111,6.7082,6.32456,94.59387,86.31338,92.64988,86.34813,78.8543,82.20097,76.65507,74.8131,68.35934,63.34824,62.8172,60.01666,58.0517,52.7731,48.6621,43.17407,38.07887,36.13862,35.1141,29.15476,29.15476,22.36068,23.32381,20.80865,18.43909,16.40122,14.31782,11.40175,12.04159,9.48683,12.20656,14.42221,13.60147,17.80449,22.82542,23.32381,23.85372,26.0,30.23243,34.0,29.96665,31.30495,31.38471,36.61967,40.70626,39.96248,37.21559,36.23534,43.82921,41.88078,42.72002,43.41659,41.86884,36.87818,38.18377,36.76955,40.0,35.01428,39.45884,37.85499,42.05948,44.27189,45.31004,44.72136,51.10773,49.73932,48.02083,53.53504,55.0,58.00862,59.03389,62.62587,61.07373,64.03124,61.52235,68.593,68.62215,68.62215,72.91776,70.83784,69.52697,69.35416,71.50524,70.03571,67.26812,66.48308,72.13876,62.28965,70.0928,58.79626,61.07373,61.07373,54.03702,55.47071,50.24938,55.9464,55.00909,58.5235,50.92151,53.36666,54.57105,54.33231,51.62364,54.23099,55.9017,63.34824,61.98387,66.28725,71.47027,80.95678,74.67262,83.52245,87.64131,84.77028
14.86607,13.92839,12.64911,12.64911,11.7047,11.7047,11.7047,10.44031,9.48683,8.24621,8.544,8.544,7.28011,7.07107,6.08276,6.08276,5.0,5.0,4.12311,4.12311,3.16228,3.16228,3.60555,2.82843,2.82843,3.60555,3.16228,4.0,4.0,4.0,4.12311,5.09902,5.38516,5.38516,5.09902,6.08276,6.32456,6.32456,7.28011,7.28011,6.08276,7.28011,7.28011,7.07107,7.07107,7.07107,7.0,7.07107,8.0,7.07107,7.07107,7.28011,90.24965,87.72685,87.31552,84.15462,85.61542,80.23092,77.47258,72.91776,66.64083,66.30988,61.84658,59.46427,52.0,49.39636,45.54119,44.59821,44.27189,34.78505,32.98485,34.20526,28.28427,25.17936,23.02173,17.02939,18.11077,13.89244,15.6205,10.63015,12.20656,12.36932,13.0384,16.76305,14.56022,17.26268,23.5372,24.35159,24.59675,27.45906,30.46309,31.30495,32.31099,35.44009,37.12142,35.73514,41.14608,39.56008,39.56008,40.31129,41.7732,44.14748,42.44997,41.4367,41.59327,42.29657,38.11824,41.7732,39.81206,38.01316,36.87818,39.05125,41.7732,43.86342,44.59821,45.60702,45.80393,52.43091,50.77401,55.56978,55.47071,57.45433,60.83584,58.69412,62.76942,62.39391,66.48308,59.46427,69.57011,66.09841,70.5195,69.37579,72.12489,70.21396,70.34202,70.61161,69.64194,64.28841,64.03124,66.76077,63.06346,59.48109,59.23681,60.92618,59.09315,56.35601,50.53712,51.97115,53.0,51.73973,54.48853,55.15433,46.09772,53.41348,55.22681,59.94164,60.00833,61.84658,61.68468,66.76077,70.83784,77.20104,74.2159,80.52329,85.90693,84.11896
14.86607,14.86607,13.60147,13.60147,13.60147,11.7047,11.7047,10.77033,10.44031,9.48683,8.544,8.24621,7.28011,6.32456,6.32456,6.08276,4.12311,4.12311,3.0,3.0,2.0,2.23607,2.23607,1.41421,2.23607,2.0,2.23607,3.16228,3.60555,3.60555,3.60555,4.47214,5.0,5.83095,5.83095,5.83095,5.83095,6.7082,6.7082,6.7082,6.7082,6.7082,7.61577,6.7082,6.7082,7.61577,7.28011,7.28011,7.07107,7.07107,7.0,7.0,89.81091,84.75848,88.60023,84.50444,79.37884,83.00602,73.92564,74.32362,63.69458,68.15424,62.96825,60.08328,56.30275,47.53946,44.27189,44.14748,39.56008,37.94733,33.73426,28.86174,28.28427,27.29469,23.02173,17.11724,16.76305,13.15295,11.6619,11.18034,13.92839,13.0,12.16553,16.12452,12.36932,19.69772,20.24846,24.18677,24.18677,27.45906,30.80584,30.01666,32.89377,34.0147,33.61547,34.48188,34.43835,34.9285,37.16181,37.58989,38.48376,40.8534,42.15448,38.60052,42.72002,42.44997,43.56604,40.11234,38.11824,33.01515,42.0119,40.36087,44.59821,46.69047,46.8615,49.39636,50.77401,49.92995,51.62364,57.80138,56.35601,61.40033,62.24147,65.55151,63.69458,66.70832,64.2573,68.68042,68.30813,69.07966,72.8011,70.34202,69.857,68.88396,71.56815,67.44627,69.857,65.96969,65.96969,60.08328,67.6757,64.62198,63.56886,60.00833,58.18075,52.3259,54.20332,52.3259,52.47857,56.72742,54.48853,59.4138,54.56189,57.14018,53.82379,58.18075,59.61543,61.68468,64.51356,64.84597,69.42622,78.1089,79.42921,81.78631,80.52329,84.40379
15.0,15.0,14.0,13.0,13.0,12.0,11.0,10.0,10.04988,9.0,8.0,8.0,7.07107,6.08276,6.08276,5.09902,5.09902,4.12311,3.16228,3.16228,2.23607,2.82843,1.41421,2.0,2.0,2.0,2.82843,2.82843,4.24264,3.60555,4.24264,5.0,5.65685,5.65685,5.0,5.83095,6.40312,6.40312,6.40312,7.07107,7.07107,7.07107,7.81025,7.07107,7.07107,7.07107,7.81025,7.81025,7.2111,7.2111,7.2111,6.7082,89.20202,85.05292,88.00568,86.37129,80.62258,79.6304,73.68175,72.99315,68.593,64.28063,59.84146,58.07753,55.44367,49.49747,50.24938,44.04543,43.18565,36.22154,33.06055,30.26549,27.01851,22.36068,21.2132,17.88854,17.49286,15.0,16.27882,7.2111,13.34166,11.40175,12.16553,15.52417,18.02776,21.2132,20.12461,23.85372,26.87006,31.40064,28.42534,31.241,31.40064,31.241,36.40055,36.40055,38.41875,37.44329,36.35932,43.04649,37.73592,40.22437,42.05948,39.0,42.54409,37.16181,37.10795,39.62323,39.45884,32.55764,37.85499,41.23106,42.15448,44.77723,46.06517,44.41846,49.09175,53.00943,52.49762,55.17246,54.48853,58.0,62.24147,63.78087,64.38167,66.8431,64.66065,65.80274,70.43437,73.59348,72.67049,69.89278,69.33974,69.11584,70.83078,71.69379,66.88797,69.97142,65.19202,67.42403,64.3506,59.20304,63.82006,61.07373,56.0803,55.22681,51.62364,52.3259,55.44367,51.61395,57.14018,51.97115,54.12947,55.36244,61.18823,56.51548,60.40695,59.03389,63.07139,65.00769,74.02702,74.02702,79.02531,80.00625,84.21401,90.08885
15.65248,14.76482,14.76482,13.89244,13.89244,12.52996,12.52996,11.18034,10.29563,10.29563,9.43398,8.94427,8.06226,6.7082,7.61577,5.38516,5.38516,5.09902,5.09902,4.12311,4.0,3.0,2.23607,3.16228,3.16228,2.23607,2.23607,3.16228,3.16228,3.0,4.0,4.0,4.12311,5.09902,5.09902,5.09902,6.08276,5.09902,5.09902,6.08276,6.08276,6.08276,6.08276,7.07107,6.08276,7.0,7.0,7.0,6.08276,6.32456,7.28011,6.32456,94.51455,87.32125,89.1852,86.95401,82.0975,80.99383,77.93587,81.02469,71.28113,64.3506,61.58734,58.30952,55.80323,52.35456,47.70744,44.10215,41.18252,38.07887,36.24914,30.41381,31.30495,22.84732,23.76973,22.0,20.02498,15.81139,11.18034,18.60108,14.42221,10.0,13.0384,12.0,15.29706,22.09072,18.24829,24.08319,27.16616,27.16616,30.59412,29.61419,34.36568,31.14482,34.52535,33.24154,34.23449,36.34556,42.04759,37.05401,38.20995,37.12142,40.04997,42.0119,43.01163,42.29657,37.65634,40.02499,41.23106,35.51056,39.69887,38.20995,43.18565,43.01163,44.20407,46.04346,43.82921,51.10773,57.14018,53.7122,55.4617,60.00833,61.03278,63.24555,60.08328,68.68042,62.36185,67.91171,66.21933,65.96969,72.36712,66.4906,67.47592,69.87131,68.24954,68.88396,68.88396,62.64982,67.08204,59.84146,64.93843,63.34824,60.41523,61.03278,56.921,58.18935,58.69412,55.9464,55.22681,53.23533,52.43091,52.49762,52.3259,54.48853,58.00862,58.00862,58.5235,63.07139,64.40497,67.62396,75.39231,74.73286,73.38937,82.8553,85.61542,84.69357
14.86607,13.45362,13.45362,12.72792,12.04159,11.31371,11.31371,9.89949,9.89949,9.21954,8.48528,7.81025,7.07107,6.40312,6.40312,5.0,5.0,4.47214,3.60555,3.16228,3.16228,2.23607,2.0,1.0,1.0,1.41421,2.23607,2.23607,3.0,3.0,4.12311,4.12311,4.12311,4.12311,4.12311,5.09902,5.09902,5.09902,6.08276,6.08276,6.08276,6.08276,6.08276,6.08276,6.0,6.0,6.0,6.0,6.08276,6.08276,6.32456,6.32456,87.36704,83.48653,89.58795,90.97252,83.76157,79.40403,77.66595,75.21303,67.62396,63.60031,60.46487,54.40588,52.15362,53.0,44.10215,42.48529,46.87217,41.18252,34.0,31.62278,28.79236,29.12044,24.04163,20.61553,17.26268,14.0,14.56022,12.20656,12.20656,11.04536,15.52417,20.02498,16.27882,19.41649,23.02173,20.39608,23.76973,27.89265,28.16026,31.62278,30.36445,33.24154,35.73514,35.73514,33.52611,37.10795,40.02499,37.36308,38.32754,40.60788,39.45884,41.19466,38.01316,39.05125,39.01282,37.21559,40.5216,35.38361,38.07887,41.04875,41.34005,42.54409,45.22168,50.96077,47.80167,52.49762,53.36666,56.7186,57.48913,57.55867,61.81424,62.03225,65.0,66.0303,69.06519,70.06426,68.00735,70.00714,69.11584,69.11584,71.00704,72.1734,72.06247,66.00758,68.00735,65.00769,67.02984,64.00781,62.00806,64.03124,63.00794,62.514,59.4138,61.0,54.81788,51.5461,54.78138,53.7122,55.47071,55.07268,55.75841,54.81788,51.62364,57.48913,59.03389,55.0,66.03787,68.0,73.82412,75.17978,82.76473,81.41253,85.42833,89.94443
13.41641,13.41641,12.52996,11.6619,11.6619,10.29563,10.29563,8.94427,8.94427,8.94427,7.61577,7.61577,6.7082,6.32456,5.09902,5.09902,4.12311,4.0,4.0,3.0,3.16228,2.23607,2.23607,2.23607,2.23607,2.0,3.16228,3.0,4.12311,4.47214,4.12311,5.38516,5.38516,5.38516,5.83095,6.7082,6.7082,6.32456,6.7082,6.7082,7.61577,6.7082,7.61577,7.61577,7.61577,7.28011,7.28011,7.28011,7.28011,7.07107,7.07107,7.0,89.94443,87.81799,90.55385,83.21658,80.62258,78.23043,74.30343,78.39005,67.60178,67.95587,55.75841,53.53504,56.30275,53.7122,45.61798,45.17743,40.8534,36.13862,37.69615,29.96665,34.48188,25.29822,24.33105,21.0238,18.43909,16.49242,13.0384,14.31782,12.20656,11.40175,14.86607,16.0,17.26268,21.0,18.43909,26.30589,28.44293,27.20294,26.24881,31.01612,30.8707,30.8707,36.68787,34.20526,38.32754,39.56008,40.5216,41.76123,39.84972,42.44997,40.79216,43.56604,43.10452,41.04875,42.0119,42.0119,40.31129,33.24154,39.40812,40.22437,46.64762,43.909,42.54409,45.54119,48.70318,52.63079,51.1957,55.65968,53.85165,61.0,60.20797,61.66036,62.28965,70.45566,65.19202,68.46897,71.02816,69.00725,68.00735,69.06519,72.0,71.00704,69.06519,66.00758,73.00685,66.00758,67.1193,63.07139,65.19202,64.19502,59.3043,63.78871,59.84146,55.31727,56.30275,53.48832,52.7731,57.38467,52.47857,55.21775,55.44367,54.48853,51.85557,60.10824,61.22091,61.29437,63.63175,70.23532,75.61085,75.17978,72.89719,83.21658,90.33825,90.87354
15.0,15.0,13.60147,12.80625,12.04159,11.40175,11.40175,11.40175,10.0,8.60233,9.21954,8.60233,7.2111,6.40312,6.40312,5.83095,4.47214,4.47214,3.16228,3.16228,3.16228,2.0,2.0,2.23607,1.41421,1.41421,2.23607,2.0,3.0,3.0,3.16228,4.12311,4.12311,5.09902,5.09902,5.09902,5.09902,6.08276,6.08276,6.08276,6.08276,6.08276,7.07107,7.07107,7.0,6.0,7.0,7.0,6.08276,6.08276,6.32456,6.32456,89.1852,89.40358,86.02325,85.70298,84.87638,80.44874,76.02631,74.8131,66.4003,67.62396,64.07027,58.82176,59.07622,50.21952,43.01163,49.64877,40.60788,36.61967,35.34119,32.01562,31.01612,25.29822,21.58703,18.97367,17.72005,15.0333,17.72005,9.43398,11.6619,10.63015,12.08305,16.12452,16.03122,16.12452,22.09072,22.80351,23.34524,26.0,29.15476,29.12044,34.23449,32.06244,35.90265,39.29377,34.71311,34.23449,40.4475,40.60788,38.20995,39.11521,41.04875,42.0119,39.11521,37.21559,41.30375,39.81206,39.0,31.82766,40.36087,41.23106,44.20407,45.17743,45.69464,44.77723,49.76947,52.20153,54.42426,50.96077,58.46366,58.24946,60.20797,64.93843,64.13267,66.37017,65.49046,65.37584,68.35934,69.58448,71.17584,72.00694,71.00704,68.11755,74.00676,67.1193,74.00676,67.0,68.18358,64.07027,66.37017,63.1981,63.15061,59.5399,64.32729,58.0517,53.36666,56.75385,52.49762,56.36488,52.47857,52.15362,53.82379,52.80152,53.75872,57.38467,59.03389,65.45991,59.20304,66.57327,77.02597,82.29824,74.24958,81.84131,81.88406,76.94154
15.13275,15.13275,14.03567,14.03567,13.0384,12.04159,11.04536,11.04536,10.04988,10.04988,9.05539,9.05539,8.06226,7.07107,7.07107,6.08276,5.38516,5.09902,4.12311,4.47214,3.16228,3.16228,2.82843,2.23607,2.23607,2.0,2.23607,2.23607,2.23607,2.82843,2.82843,3.60555,3.60555,4.24264,4.24264,5.0,5.0,5.0,5.0,5.65685,5.65685,5.65685,6.40312,5.65685,7.07107,6.40312,7.07107,6.40312,6.40312,6.7082,6.7082,6.32456,99.0,89.02247,91.02198,86.05231,88.05112,78.16009,80.399,76.1643,68.18358,65.27634,64.00781,59.0,54.00926,52.34501,46.38965,46.0,44.01136,39.01282,35.01428,32.24903,28.16026,25.96151,24.73863,17.46425,21.0238,15.0,14.14214,18.43909,11.7047,10.19804,15.13275,17.46425,17.11724,19.92486,22.47221,16.40122,23.32381,25.0,27.65863,31.14482,33.97058,35.60899,31.40064,33.83785,36.23534,40.0,39.20459,40.80441,38.27532,37.73592,39.66106,44.10215,38.48376,38.48376,41.10961,42.75512,35.51056,35.69314,37.85499,40.5216,44.77723,44.38468,43.08132,45.65085,49.24429,50.60632,53.25411,55.22681,59.81639,61.22091,58.79626,60.10824,66.48308,66.46804,67.26812,67.35726,67.89698,72.18033,68.24954,70.17834,70.45566,71.28113,69.40461,70.17834,69.2026,69.40461,67.62396,65.0,65.11528,62.36986,63.65532,62.24147,57.38467,55.60576,49.0408,59.40539,52.69725,54.12024,55.03635,54.12947,55.36244,55.54278,59.84146,55.14526,60.03332,62.07254,67.1193,70.11419,72.1734,76.65507,76.41989,83.09633,86.37129,94.26028
16.49242,15.52417,14.31782,14.56022,13.60147,13.60147,12.36932,11.40175,10.19804,10.19804,10.19804,9.21954,9.21954,8.06226,7.07107,6.08276,6.0,5.0,5.09902,4.0,4.0,3.16228,2.23607,2.23607,2.23607,1.41421,3.0,3.0,3.0,3.60555,3.16228,4.47214,4.47214,4.47214,5.0,5.83095,5.83095,5.83095,5.0,5.83095,5.83095,6.40312,5.83095,6.7082,6.7082,6.7082,6.7082,6.32456,6.32456,7.28011,7.07107,6.0,92.97311,94.541,91.18114,85.61542,80.62258,79.64923,78.79086,78.39005,72.44998,67.54258,65.74192,58.18075,59.5063,50.15974,50.08992,46.09772,47.53946,42.15448,39.0,32.38827,27.20294,31.57531,26.01922,26.07681,19.0,20.61553,17.88854,15.55635,18.38478,12.08305,11.04536,12.16553,19.23538,19.0263,15.0333,25.4951,23.5372,29.61419,23.76973,34.48188,29.54657,28.63564,33.95585,35.77709,39.0,39.92493,40.5216,36.68787,39.21734,41.76123,39.05125,42.2019,41.0,35.22783,38.01316,39.05125,40.11234,34.48188,38.01316,38.94868,45.27693,41.23106,47.63402,45.48626,50.80354,52.69725,52.15362,54.12024,56.82429,60.83584,60.92618,65.19202,61.98387,64.19502,68.00735,68.30813,67.46851,69.857,72.78049,71.06335,70.61161,71.80529,65.73431,67.91171,74.2159,65.51336,69.12308,65.96969,64.19502,63.89053,61.09828,60.44005,55.15433,56.85948,52.83938,52.35456,57.14018,57.2014,50.44799,53.03772,60.87693,54.40588,50.47772,52.83938,59.09315,64.07808,63.56886,68.30813,75.27284,75.28612,73.00685,88.0568,89.56004,89.84431
16.27882,15.29706,14.14214,14.14214,13.15295,12.16553,12.16553,11.18034,10.19804,10.04988,10.19804,9.05539,8.06226,7.07107,7.28011,6.32456,5.38516,5.38516,4.47214,4.12311,3.16228,3.60555,2.82843,1.41421,2.23607,2.0,2.0,2.23607,2.82843,2.82843,2.82843,3.60555,3.60555,3.60555,5.0,5.0,5.0,5.0,5.0,5.83095,6.40312,5.65685,6.40312,6.40312,6.40312,6.40312,6.40312,6.40312,6.40312,5.83095,6.7082,6.32456,92.17917,88.84256,90.24411,87.32125,86.83317,81.21576,74.67262,72.69113,71.19691,66.27217,64.62971,61.66036,59.13544,49.81967,48.6621,47.07441,43.93177,39.05125,35.8469,32.24903,33.10589,24.59675,23.76973,21.47091,21.40093,15.0,12.72792,12.52996,10.29563,12.0,12.36932,19.69772,15.0,18.02776,16.97056,16.12452,24.83948,25.4951,26.87006,29.83287,31.82766,32.64966,30.0,38.20995,35.38361,36.79674,39.82462,33.94113,38.41875,39.69887,41.86884,38.83298,35.8469,35.8469,39.92493,40.49691,37.36308,38.27532,39.56008,41.7732,41.01219,46.01087,45.04442,44.28318,48.50773,50.44799,52.39275,53.36666,54.12024,62.0967,58.69412,62.62587,69.26038,62.62587,68.15424,65.79514,63.50591,66.7308,69.46222,70.83078,72.06941,69.33974,72.94518,68.09552,67.74216,67.74216,63.81222,64.14047,61.77378,66.24198,61.40033,64.49806,59.03389,55.9017,55.97321,55.36244,51.5461,54.58938,56.14268,55.00909,56.0357,56.0803,54.08327,58.30952,56.7186,58.24088,68.54196,68.00735,72.44998,78.18568,76.96753,87.09191,87.59566,92.11406
15.6205,15.6205,14.21267,15.0,13.60147,12.80625,11.40175,11.40175,10.63015,10.0,9.21954,9.21954,8.48528,7.81025,7.07107,5.65685,6.40312,5.0,4.47214,4.47214,4.47214,4.12311,3.16228,3.0,3.0,2.23607,2.23607,2.82843,3.60555,3.16228,3.16228,4.47214,4.12311,4.12311,5.09902,5.09902,5.09902,6.32456,6.32456,6.32456,6.08276,6.32456,6.32456,6.32456,6.32456,6.32456,6.7082,6.7082,7.2111,7.2111,7.2111,7.07107,94.62558,91.26336,87.80091,84.05355,83.86298,79.92496,76.02631,74.94665,69.33974,67.1193,62.43397,57.98276,53.53504,51.86521,49.39636,46.64762,42.72002,38.94868,31.90611,31.62278,32.64966,29.20616,25.0,19.10497,17.46425,18.02776,17.49286,16.0,13.15295,10.0,8.94427,11.6619,16.27882,17.20465,17.88854,17.08801,24.04163,23.25941,27.73085,31.7805,29.15476,27.89265,32.31099,34.43835,36.76955,35.44009,37.0,39.81206,35.8469,38.07887,36.23534,39.11521,40.70626,39.40812,35.60899,36.06938,41.10961,33.83785,35.77709,40.8534,40.49691,41.10961,43.9659,45.70558,45.54119,49.09175,47.38143,52.08647,52.08647,57.00877,60.00833,65.12296,58.21512,62.514,61.40033,67.46851,63.95311,70.85901,68.44706,67.68309,65.25335,69.89278,68.15424,66.7308,69.26038,60.44005,68.15424,63.34824,62.58594,58.24946,56.4358,59.22837,59.5399,55.08176,56.0803,53.03772,52.23983,54.58938,48.6621,54.57105,50.32892,53.14132,50.11986,55.56978,56.0357,62.36986,64.40497,68.0147,70.0928,74.33034,73.59348,82.07314,84.29116,87.0
14.86607,14.86607,13.92839,13.60147,12.64911,11.7047,11.7047,10.77033,10.77033,9.48683,8.94427,8.544,7.61577,6.7082,6.7082,5.83095,5.0,5.0,5.0,4.24264,3.60555,3.60555,3.16228,3.0,3.0,3.16228,3.60555,3.60555,3.60555,4.24264,5.0,5.0,5.0,5.0,6.40312,5.83095,6.40312,7.2111,7.2111,6.40312,7.81025,7.81025,7.81025,7.07107,7.81025,7.81025,8.48528,7.81025,7.81025,7.81025,8.06226,8.06226,91.92388,89.98889,87.93179,85.07056,82.96987,75.58439,81.25269,73.4983,66.94027,64.03124,63.78871,56.75385,55.02727,56.51548,47.07441,43.68066,46.84015,39.21734,34.78505,34.0,31.38471,25.80698,22.47221,25.07987,16.40122,18.43909,13.60147,13.60147,13.0384,14.86607,10.29563,18.43909,15.6205,15.81139,19.20937,21.47091,26.40076,27.65863,31.06445,34.1321,35.51056,32.44996,30.23243,35.0,34.4093,40.49691,39.05125,39.05125,42.44997,39.62323,40.36087,42.52058,40.31129,37.01351,42.80187,40.49691,36.24914,32.75668,36.34556,40.1995,44.01136,45.09989,42.29657,45.39824,51.41984,53.60037,52.63079,56.04463,58.5235,57.56735,59.46427,58.30952,64.4748,64.07808,66.24198,69.35416,70.3278,69.46222,68.7968,71.86793,74.62573,69.33974,70.49113,68.7968,68.7968,70.45566,69.89278,64.63745,67.42403,66.03787,65.36819,60.03332,60.00833,56.0803,59.13544,52.81098,54.57105,54.81788,54.58938,54.33231,54.00926,58.0,57.87055,56.51548,60.87693,64.03124,66.21933,68.35203,70.38466,76.55717,77.47258,85.49269,83.25863,88.23831
14.31782,14.31782,13.34166,13.15295,12.16553,11.04536,11.18034,10.19804,9.05539,9.21954,8.06226,8.06226,7.28011,6.08276,6.08276,5.09902,5.09902,4.12311,3.60555,3.60555,2.82843,2.82843,2.23607,2.0,2.0,1.0,2.23607,2.82843,2.82843,3.60555,4.24264,5.0,5.0,5.0,5.83095,5.83095,5.83095,6.40312,6.40312,6.40312,5.83095,6.40312,7.07107,6.40312,7.2111,6.40312,7.07107,7.07107,7.2111,7.2111,6.7082,6.7082,91.76056,91.39475,86.33076,87.86353,84.89994,80.52329,77.20104,73.97973,71.06335,64.28841,64.7611,59.66574,59.22837,50.0,48.76474,45.54119,42.72002,37.33631,31.62278,32.89377,29.15476,26.92582,20.0,19.72308,20.61553,15.26434,13.89244,13.0384,8.06226,8.06226,10.04988,13.60147,16.40122,16.97056,23.43075,25.0,22.80351,26.62705,27.01851,30.23243,31.62278,33.01515,33.61547,36.05551,36.61967,37.80212,36.12478,42.43819,35.4683,35.80503,40.31129,37.53665,40.31129,40.31129,41.40048,41.18252,39.82462,36.40055,38.63936,39.20459,44.28318,45.09989,47.09565,46.69047,50.01,54.34151,52.39275,52.63079,56.04463,63.60031,65.14599,63.24555,64.4748,70.68239,62.76942,67.08204,65.51336,72.06941,75.80237,73.43024,67.60178,69.83552,73.43024,71.56116,68.50547,64.89992,64.66065,64.89992,66.24198,65.0,62.6099,61.26989,60.41523,58.18075,57.24509,54.57105,60.63827,56.32051,55.9017,52.23983,57.07889,58.30952,55.0,61.29437,57.97413,64.03124,63.32456,64.2573,77.47258,77.82031,78.92401,81.85964,86.31338,85.90693
15.52417,15.52417,14.56022,14.31782,13.60147,12.36932,12.36932,11.40175,11.40175,10.19804,9.21954,9.21954,8.544,7.28011,7.61577,6.32456,6.32456,5.38516,5.0,5.0,4.24264,3.60555,2.82843,3.16228,3.16228,3.0,3.0,3.16228,3.60555,3.60555,3.60555,4.24264,5.0,5.0,5.65685,5.65685,5.65685,5.65685,6.40312,6.40312,6.40312,7.07107,7.2111,6.40312,6.40312,7.2111,7.2111,7.2111,6.7082,7.61577,7.28011,7.28011,94.24436,89.19641,93.40771,90.13878,85.16455,87.09191,80.08121,75.58439,69.857,66.21933,63.32456,62.64184,58.82176,48.27007,48.76474,49.39636,47.75982,41.23106,41.59327,33.24154,29.96665,29.15476,26.41969,22.47221,18.02776,17.02939,16.64332,15.65248,16.12452,14.03567,12.0,11.7047,18.02776,21.93171,20.61553,21.2132,24.08319,24.83948,25.6125,31.241,32.80244,30.23243,32.20248,33.97058,39.66106,36.12478,40.80441,37.01351,37.53665,37.53665,38.8973,41.7732,38.41875,39.66106,37.73592,35.77709,39.0,37.12142,38.07887,39.56008,39.05125,43.28972,42.04759,45.04442,47.01064,50.15974,51.15662,54.74486,54.58938,54.33231,62.8172,66.4906,62.36185,65.78754,65.14599,67.77905,69.28925,70.26379,71.51224,67.62396,67.54258,65.74192,67.08204,64.84597,68.88396,65.76473,70.68239,64.40497,66.48308,59.03389,60.16644,59.23681,59.80803,53.75872,57.28001,55.31727,57.21888,55.22681,53.00943,53.0,54.33231,53.93515,54.57105,54.70832,59.13544,62.6099,64.40497,71.11259,73.82412,79.17702,77.02597,85.08819,90.78546,91.67879
16.03122,16.03122,15.13275,15.0333,13.0384,13.0384,12.04159,12.04159,11.04536,10.04988,10.04988,9.05539,9.05539,8.06226,7.28011,6.08276,6.32456,5.38516,5.38516,4.47214,3.60555,3.60555,2.82843,3.60555,3.16228,3.16228,3.0,3.16228,4.12311,3.16228,4.47214,4.47214,4.47214,5.0,5.83095,5.0,5.65685,5.83095,5.83095,7.2111,7.2111,7.2111,7.2111,6.7082,7.2111,6.7082,6.7082,7.61577,7.28011,7.28011,7.28011,7.07107,92.13577,92.13577,91.19759,88.36289,87.20665,82.8734,77.64664,75.23962,69.46222,68.73136,66.27217,62.28965,59.21149,53.33854,50.15974,47.04253,43.10452,44.01136,35.0571,33.01515,27.16616,29.42788,25.0,21.58703,19.69772,18.78829,18.02776,14.21267,13.0384,12.36932,14.31782,17.0,13.92839,18.02776,18.38478,25.23886,25.55386,28.28427,30.52868,30.23243,30.23243,31.40064,34.1321,39.20459,34.20526,36.05551,37.44329,38.60052,36.89173,35.8469,42.94182,41.14608,39.81206,43.46263,41.4367,36.49658,39.62323,32.89377,37.57659,39.35734,40.31129,47.50789,44.40721,46.40043,50.32892,50.9902,49.67897,55.15433,58.89822,58.72819,63.63961,63.78087,65.80274,63.82006,65.80274,65.60488,71.34424,69.06519,67.95587,69.35416,67.74216,69.11584,68.24222,70.3278,73.24616,71.34424,62.76942,66.24198,64.07027,59.90826,62.62587,59.81639,58.72819,59.39697,57.28001,52.20153,54.40588,54.6443,60.20797,49.64877,53.85165,56.0803,51.66237,57.48913,65.06919,66.18912,67.02984,72.06247,74.16873,78.0,76.05919,83.15047,82.02439,84.00595
15.65248,14.76482,13.89244,13.89244,12.52996,12.52996,11.6619,11.18034,10.29563,8.94427,9.84886,8.94427,7.61577,7.61577,6.32456,6.32456,6.32456,5.09902,5.0,4.0,4.0,3.16228,3.16228,3.60555,2.82843,2.82843,2.82843,3.16228,4.12311,4.12311,4.0,5.0,5.0,5.0,6.0,5.0,6.0,7.0,7.07107,7.07107,7.0,7.0,7.0,7.0,7.0,7.07107,7.07107,8.06226,8.06226,7.28011,7.28011,7.61577,89.40358,86.83317,88.86507,85.0,83.63014,85.63294,75.0733,72.12489,65.76473,67.20863,59.5483,57.28001,55.31727,50.32892,50.24938,45.0,42.52058,38.41875,36.40055,30.52868,32.20248,25.94224,22.84732,18.68154,17.72005,15.0,14.03567,14.31782,10.77033,13.45362,16.40122,18.02776,15.81139,19.31321,18.68154,19.23538,24.18677,26.1725,25.17936,29.27456,33.01515,32.06244,35.0571,37.01351,36.01389,36.49658,38.0526,39.11521,37.33631,34.05877,39.05125,40.26164,39.81206,39.56008,35.73514,38.47077,41.34005,34.05877,35.35534,39.69887,38.58756,41.34005,46.52956,45.18849,48.8467,48.8467,49.98,55.7853,56.04463,56.51548,59.03389,61.40033,60.67125,66.09841,64.49806,66.48308,67.18631,68.46897,66.18912,68.02941,70.0,70.0,67.1193,70.0,68.02941,62.03225,68.0,62.0,62.03225,63.07139,61.13101,59.3043,54.45181,56.51548,54.91812,48.76474,53.16014,55.9464,52.80152,53.85165,50.24938,53.25411,58.72819,56.58622,57.48913,61.07373,60.44005,64.63745,70.72482,76.00658,79.32213,77.69813,82.0975,82.37718
14.31782,13.0,13.41641,12.52996,12.52996,11.18034,10.29563,9.84886,9.84886,8.94427,8.06226,7.61577,6.7082,6.32456,5.38516,5.09902,4.12311,4.12311,4.0,3.0,3.16228,2.23607,2.23607,2.82843,2.23607,2.23607,3.0,3.0,3.16228,4.12311,4.12311,4.12311,5.09902,5.38516,5.38516,5.38516,6.32456,6.32456,6.32456,6.32456,7.28011,7.28011,7.28011,7.28011,7.28011,7.07107,7.07107,7.07107,7.0,7.0,7.0,7.07107,90.04999,86.76981,80.49845,77.38863,81.49233,75.66373,79.92496,73.06162,69.97142,65.0,61.29437,60.74537,56.4358,54.58938,46.14109,44.72136,42.94182,41.59327,35.34119,34.17601,30.08322,28.79236,24.18677,20.09975,17.11724,15.29706,12.36932,15.65248,12.20656,7.07107,14.56022,14.56022,15.13275,16.0,20.39608,18.11077,24.33105,28.28427,26.07681,31.40064,30.59412,29.12044,30.41381,34.71311,34.9285,34.71311,34.52535,37.85499,33.37664,39.31921,41.4367,40.0,39.11521,36.34556,37.48333,40.79216,36.68787,37.21559,33.42155,39.05125,44.04543,44.40721,42.80187,44.65423,46.32494,49.73932,51.0,52.3259,54.12947,58.87274,60.92618,60.16644,63.56886,62.64184,61.13101,62.36185,71.06335,67.60178,69.2315,68.65858,71.38627,61.66036,70.85901,68.88396,66.4906,65.9242,67.08204,64.77654,61.39218,64.53681,62.36185,60.44005,60.08328,56.0803,52.20153,55.9017,56.82429,53.0,54.40588,50.24938,58.69412,52.63079,52.34501,55.44367,59.36329,64.88451,68.44706,67.62396,75.02666,76.6942,75.96052,80.5295,82.63776,89.05055
16.15549,14.86607,13.92839,13.60147,12.64911,12.64911,11.7047,10.77033,10.77033,9.84886,8.94427,8.94427,7.61577,7.2111,6.7082,5.83095,5.65685,5.0,4.24264,3.60555,3.60555,3.60555,3.16228,3.0,2.0,3.16228,3.60555,3.60555,4.24264,4.24264,4.47214,5.0,4.47214,5.38516,5.83095,6.7082,6.7082,6.7082,6.7082,6.7082,7.2111,8.06226,7.61577,8.06226,7.2111,7.2111,8.06226,7.81025,7.81025,7.81025,7.81025,7.81025,92.34717,91.39475,88.54377,86.33076,86.97701,81.32035,81.32035,76.15773,70.34202,65.96969,60.40695,61.98387,56.921,56.75385,51.26402,47.16991,43.46263,39.21734,35.1141,35.51056,30.88689,24.69818,27.20294,22.67157,19.20937,15.6205,15.23155,16.27882,12.36932,15.52417,15.23155,18.35756,15.6205,19.10497,21.26029,20.61553,23.85372,23.85372,28.01785,31.06445,31.38471,34.48188,29.15476,37.21559,37.21559,37.58989,39.11521,35.80503,39.66106,37.80212,40.0,39.69887,41.7732,35.4683,39.59798,39.82462,43.01163,36.67424,40.0,39.05125,43.10452,43.73786,47.67599,45.12206,48.08326,51.24451,50.32892,54.12947,59.03389,60.53924,56.79789,65.74192,63.50591,67.60178,68.60029,66.37017,66.61081,73.23933,72.42237,70.60453,69.40461,69.81404,72.42237,69.06519,73.60027,64.63745,64.66065,62.42596,67.95587,62.96825,62.1289,65.0,59.03389,54.626,57.93962,54.12947,58.46366,57.56735,53.75872,54.14795,57.00877,56.0357,57.28001,61.18823,60.41523,61.35145,67.44627,69.89278,68.54196,76.05919,74.32362,85.61542,86.8159,86.92526
13.41641,13.0,13.41641,12.08305,12.08305,10.77033,10.29563,9.84886,8.544,8.94427,7.61577,6.7082,6.7082,5.38516,5.83095,4.47214,4.47214,3.60555,3.60555,2.82843,2.23607,2.23607,1.0,2.0,2.23607,1.41421,2.23607,3.60555,3.60555,3.16228,4.12311,4.12311,4.47214,4.47214,5.09902,5.38516,5.38516,5.83095,5.83095,5.38516,6.32456,6.32456,6.7082,6.7082,6.7082,6.7082,6.7082,7.2111,6.40312,7.07107,6.40312,6.40312,83.86298,91.24144,84.59905,81.85964,82.29216,80.5295,76.55717,70.5762,68.70953,60.41523,59.5063,60.37384,55.9464,52.80152,48.70318,46.09772,44.72136,36.71512,36.05551,33.61547,31.30495,29.20616,21.93171,21.2132,16.12452,17.46425,15.23155,14.03567,12.04159,13.0384,16.12452,14.31782,12.80625,19.10497,19.84943,22.80351,27.78489,25.07987,26.07681,25.80698,27.29469,30.8707,32.64966,34.4093,33.12099,31.90611,33.54102,35.22783,35.80503,37.20215,36.61967,40.60788,38.94868,37.48333,37.64306,34.82815,38.27532,34.48188,38.01316,41.23106,40.26164,47.53946,44.14748,45.70558,46.17359,50.08992,53.15073,52.0,56.0803,59.03389,59.13544,62.28965,60.82763,64.62971,67.46851,65.30697,69.05071,64.77654,70.83078,71.8401,71.7844,70.88018,68.96376,68.00735,64.2573,69.26038,64.84597,66.12866,61.68468,63.60031,62.8172,63.60031,56.08921,59.68249,54.45181,56.00893,53.03772,55.14526,50.35871,53.08484,57.72348,52.39275,57.27128,55.15433,59.94164,62.64982,65.19202,69.11584,74.33034,75.71658,77.42093,84.20214,79.40403,86.83893
15.29706,14.31782,14.14214,14.14214,13.15295,12.04159,12.16553,11.18034,11.04536,10.04988,9.05539,9.05539,8.06226,8.06226,7.07107,6.08276,5.38516,5.09902,4.12311,4.12311,4.12311,3.16228,2.82843,2.82843,2.23607,2.23607,2.0,2.23607,2.23607,2.82843,2.82843,2.82843,2.82843,4.24264,4.24264,5.0,5.0,4.24264,5.0,5.0,5.65685,5.65685,5.65685,5.65685,5.83095,5.83095,5.83095,5.83095,5.83095,5.38516,6.32456,6.08276,92.43917,88.36289,86.28441,84.21401,81.22192,81.30191,76.10519,77.10383,69.0,65.00769,64.07027,58.07753,56.22277,55.22681,45.04442,46.09772,48.04165,41.30375,36.22154,33.54102,29.12044,24.16609,25.94224,22.84732,18.38478,18.35756,17.02939,17.02939,12.64911,12.36932,10.44031,16.15549,13.60147,17.49286,19.20937,18.02776,25.4951,22.02272,25.6125,29.83287,30.41381,30.41381,34.65545,33.94113,33.24154,34.65545,39.62323,37.64306,36.40055,38.01316,40.80441,37.21559,38.94868,36.40055,38.48376,38.07887,39.21734,36.01389,42.10701,40.1995,46.09772,47.07441,49.0408,48.70318,48.8467,53.23533,52.92447,54.12024,57.70615,59.68249,65.0,61.61169,60.60528,67.42403,68.24954,68.8186,68.68042,67.26812,73.66139,71.42129,70.03571,69.52697,70.72482,72.18033,70.83784,69.31089,65.05382,65.06919,64.53681,62.28965,63.41136,61.22091,59.64059,58.24946,55.07268,59.5399,58.18075,57.00877,54.12024,55.36244,59.66574,54.74486,51.24451,58.00862,59.07622,68.593,65.76473,66.37017,72.27724,78.64477,76.90254,88.64536,87.29834,92.96236
14.31782,13.92839,13.0,13.0,12.08305,11.7047,10.77033,9.84886,8.544,8.544,7.61577,7.61577,7.2111,5.83095,5.83095,5.83095,5.0,3.60555,4.24264,2.82843,2.23607,2.23607,2.23607,2.0,2.23607,1.41421,2.23607,3.60555,3.60555,3.16228,4.47214,4.47214,4.47214,5.38516,5.09902,5.38516,5.38516,5.38516,6.32456,6.32456,6.32456,6.32456,6.7082,6.32456,6.7082,6.7082,7.2111,6.40312,6.40312,7.07107,7.07107,6.40312,92.47702,94.33981,89.05055,82.21922,85.3815,81.7435,78.74643,75.27284,72.42237,70.60453,62.0967,64.56005,59.46427,51.07837,48.46648,44.01136,48.38388,38.48376,34.88553,34.48188,32.20248,22.82542,22.82542,20.0,19.41649,15.81139,18.02776,15.81139,14.03567,11.18034,13.89244,17.49286,15.0,22.02272,20.51828,23.43075,22.47221,22.82542,28.01785,29.15476,31.62278,31.90611,33.83785,33.10589,34.66987,38.94868,38.27532,36.89173,36.89173,37.73592,39.62323,41.03657,40.31129,35.35534,43.18565,36.61967,33.28663,38.07887,37.36308,40.02499,45.39824,45.01111,48.09366,47.26521,50.24938,49.64877,52.23983,50.9902,53.60037,56.08921,67.05222,63.32456,64.19502,68.00735,64.19502,65.0,69.857,70.26379,75.15318,70.66116,68.54196,73.82412,73.3553,69.31811,72.20111,65.0,69.46222,65.76473,67.1193,62.16912,63.56099,61.7414,58.87274,54.78138,53.15073,51.78803,56.88585,56.4358,54.0,58.00862,55.08176,54.33231,56.29387,55.02727,63.56886,66.21178,65.74192,72.47068,76.32169,79.17702,75.17978,82.36504,82.49242,90.78546
15.65248,14.31782,14.31782,14.31782,13.0,13.0,12.08305,11.18034,10.77033,10.77033,9.84886,8.94427,8.94427,8.06226,7.2111,5.83095,5.83095,5.83095,5.0,4.24264,4.24264,3.60555,3.60555,3.16228,3.16228,2.0,3.16228,3.16228,3.16228,2.82843,3.60555,4.24264,4.24264,4.24264,5.0,5.0,5.0,5.65685,5.65685,5.65685,5.65685,6.40312,7.07107,6.40312,6.40312,6.40312,6.40312,7.2111,6.7082,6.7082,6.7082,6.32456,96.64885,83.63014,95.7549,87.84646,83.57033,88.02272,78.0,78.0,70.93659,71.16881,66.85058,63.56886,59.61543,53.85165,55.15433,47.75982,45.31004,41.62932,37.58989,34.53983,34.66987,28.6531,26.24881,24.04163,19.10497,17.49286,13.60147,17.46425,16.12452,10.04988,9.84886,15.52417,14.76482,19.41649,19.84943,26.1725,26.24881,26.92582,29.83287,24.69818,28.42534,30.80584,36.06938,39.05125,32.52691,35.4683,37.48333,38.8973,39.59798,38.20995,36.79674,38.60052,39.11521,38.27532,42.04759,35.34119,36.05551,35.38361,37.44329,34.98571,44.01136,42.05948,46.57252,46.09772,47.53946,47.85394,49.49747,54.14795,54.33231,58.0,63.00794,60.00833,61.03278,66.06815,64.03124,68.26419,71.34424,70.03571,72.36712,69.63476,70.40597,69.92138,70.83078,67.91171,69.857,64.53681,62.36185,60.41523,70.21396,57.27128,61.98387,64.62971,54.91812,55.22681,58.07753,52.03845,56.88585,55.00909,54.45181,54.34151,53.16014,57.56735,58.59181,55.54278,63.07139,65.76473,66.37017,69.33974,73.23933,75.71658,79.05694,89.627,86.02325,89.87213
16.49242,15.52417,14.31782,14.14214,13.15295,12.36932,12.36932,11.18034,11.18034,10.19804,9.21954,9.21954,8.24621,8.24621,7.28011,6.32456,5.38516,5.38516,4.47214,4.47214,3.16228,3.60555,2.82843,2.23607,2.23607,2.0,2.23607,2.23607,2.23607,2.82843,2.82843,3.60555,3.60555,3.60555,5.0,5.0,5.65685,5.0,5.0,5.0,5.65685,5.65685,6.40312,6.40312,5.65685,6.40312,6.40312,6.40312,5.83095,5.83095,6.32456,6.32456,92.13577,87.0,85.00588,86.05231,80.025,80.025,74.06079,77.23341,72.02777,65.03076,67.18631,62.07254,55.0,51.35173,46.04346,47.0,47.0,40.0125,38.01316,30.41381,28.86174,25.17936,26.40076,17.46425,21.93171,17.0,16.27882,17.49286,15.0,11.7047,13.15295,13.92839,13.92839,13.34166,19.72308,21.9545,17.49286,24.20744,26.07681,31.82766,28.6007,31.76476,31.62278,29.20616,31.62278,32.75668,33.94113,35.60899,36.23534,37.44329,37.57659,37.12142,37.57659,32.57299,34.78505,37.85499,36.49658,35.01428,36.87818,37.65634,37.36308,43.32436,43.86342,43.04649,49.24429,51.10773,47.43416,52.80152,58.24946,58.82176,58.79626,61.7171,58.69412,63.78087,62.28965,67.17887,66.48308,65.11528,72.47068,68.62215,68.76772,64.81512,65.94695,65.43699,68.41053,63.78087,67.47592,58.89822,63.70243,60.1415,60.959,67.94115,58.0517,58.25805,55.21775,53.25411,58.30952,59.5399,51.07837,54.08327,52.88667,52.63079,52.23983,56.4358,59.00847,62.00806,65.00769,66.1211,71.02112,75.50497,76.41989,79.6304,87.69265,88.56636
16.27882,15.29706,14.14214,14.14214,13.0384,13.0384,12.16553,11.18034,11.04536,10.04988,9.21954,9.21954,9.05539,7.07107,7.07107,6.32456,5.38516,5.38516,5.38516,4.47214,3.16228,3.16228,2.82843,2.82843,2.23607,2.23607,2.23607,2.0,2.23607,2.82843,2.82843,2.82843,3.60555,4.24264,4.24264,5.0,5.65685,5.0,5.0,5.0,5.65685,5.65685,5.65685,5.65685,5.65685,6.40312,6.40312,6.40312,5.83095,5.83095,6.32456,6.32456,92.43917,90.93404,90.25519,87.69265,86.20905,82.1523,79.30952,77.02597,74.02702,68.00735,65.19202,61.03278,61.13101,55.14526,52.03845,47.26521,40.31129,36.87818,37.21559,33.73426,28.16026,25.0,26.0,22.47221,22.47221,18.35756,13.60147,12.80625,15.23155,10.29563,16.12452,13.60147,17.46425,14.86607,18.60108,19.84943,23.43075,24.75884,23.60085,28.3196,33.24154,29.0,29.06888,29.73214,32.55764,36.40055,36.79674,37.53665,37.44329,35.60899,37.73592,40.81666,38.94868,36.67424,38.48376,38.83298,38.07887,34.05877,36.01389,43.01163,45.27693,47.12749,42.95346,45.60702,48.38388,50.92151,54.23099,54.70832,60.41523,56.79789,58.30952,61.91123,65.51336,64.63745,68.24222,68.00735,66.61081,65.80274,71.70077,73.0,71.50524,69.35416,74.27651,72.91776,67.35726,74.27651,66.6033,66.06815,68.76772,62.80127,67.20119,62.00806,59.68249,59.68249,55.56978,56.82429,58.69412,58.30952,53.45091,54.91812,60.40695,55.44367,51.24451,58.03447,62.28965,64.38167,67.08204,70.03571,71.80529,78.8543,82.2253,90.80198,82.76473,90.24965
15.23155,15.23155,14.31782,14.76482,13.41641,12.52996,11.18034,11.18034,10.29563,10.29563,8.94427,8.94427,8.94427,7.61577,7.61577,6.32456,6.32456,5.09902,5.09902,5.09902,4.12311,4.0,3.0,3.16228,3.16228,2.23607,2.23607,2.23607,3.16228,3.16228,3.0,4.0,4.0,4.0,5.0,5.0,5.0,5.0,5.0,5.0,6.0,6.0,6.0,6.0,6.0,6.0,7.07107,6.08276,6.08276,6.32456,6.7082,6.7082,91.76056,94.7048,94.42987,88.39118,87.23531,80.9506,84.09518,77.87811,73.43024,69.83552,67.60178,59.5063,58.60034,56.35601,49.64877,44.94441,46.06517,41.76123,38.62642,35.73514,27.85678,28.4605,27.01851,20.02498,21.37756,22.02272,18.24829,17.49286,15.65248,9.21954,10.63015,12.52996,13.41641,17.02939,17.11724,22.2036,26.30589,29.0,28.16026,29.61419,31.57531,30.06659,33.06055,36.12478,34.23449,31.257,34.36568,39.0,38.11824,41.04875,41.10961,40.04997,40.4475,38.47077,37.94733,39.21734,36.40055,32.75668,36.68787,41.4367,40.71855,46.14109,44.40721,46.04346,51.22499,51.62364,52.3259,55.86591,54.56189,61.22091,63.25346,63.00794,66.28725,63.24555,70.83078,70.3278,67.08204,64.88451,75.15318,74.73286,66.7308,70.66116,71.30919,69.07966,68.94926,71.11259,68.8767,64.88451,65.30697,62.64982,63.95311,62.26556,55.56978,57.80138,55.60576,57.00877,58.69412,56.58622,55.44367,56.40035,58.82176,54.40588,62.17717,59.9333,60.40695,65.45991,69.64194,71.56815,67.26812,71.58911,80.80842,86.88498,87.64131,91.21403
16.03122,15.13275,15.0333,14.14214,14.14214,13.0384,12.04159,12.16553,11.04536,10.04988,10.04988,9.05539,9.05539,8.06226,7.07107,7.0,6.0,5.0,5.0,4.0,4.12311,4.12311,3.16228,2.23607,2.23607,2.23607,3.0,2.0,2.23607,3.16228,3.16228,3.16228,3.60555,4.47214,4.47214,4.47214,4.47214,4.47214,5.83095,5.38516,5.83095,5.83095,5.38516,6.7082,6.7082,6.32456,6.32456,6.32456,7.07107,6.08276,6.0,6.0,87.32125,92.17917,91.39475,88.54377,82.9759,81.59657,80.99383,77.49194,74.63243,69.12308,64.56005,62.62587,58.5235,53.85165,52.20153,50.44799,47.53946,42.57934,39.31921,33.24154,31.06445,29.15476,26.1725,24.02082,21.09502,19.64688,18.35756,15.6205,14.21267,11.6619,12.08305,15.13275,18.11077,18.02776,20.39608,23.08679,26.92582,26.0,26.92582,24.69818,27.73085,25.4951,31.04835,31.30495,35.4683,35.1141,36.40055,34.48188,40.71855,34.9285,36.68787,38.32754,40.4475,36.34556,38.32754,37.33631,42.10701,35.73514,38.07887,41.88078,43.01163,46.2277,46.40043,45.45327,50.24938,49.0408,53.07542,55.44367,57.38467,58.89822,62.42596,65.19202,65.19202,66.37017,66.7308,67.23095,72.61543,72.89719,73.40981,70.21396,71.55418,70.77429,69.31811,69.35416,68.54196,67.77905,67.54258,64.07808,65.30697,64.40497,62.17717,64.14047,61.58734,61.7171,58.60034,55.22681,60.10824,58.0517,53.15073,55.0,56.0357,53.23533,60.92618,57.56735,57.87055,63.06346,65.0,72.18033,76.79193,76.53104,81.61495,86.28441,88.20431,90.55385
14.21267,13.45362,13.45362,12.72792,12.72792,11.31371,10.63015,9.89949,8.48528,9.21954,8.48528,7.81025,7.2111,6.40312,5.83095,5.0,4.47214,3.60555,3.16228,3.16228,3.16228,3.0,2.0,2.23607,2.23607,2.23607,3.16228,3.16228,3.16228,4.0,4.12311,5.09902,5.09902,5.0,6.0,6.0,6.0,6.08276,6.0,6.0,7.07107,7.07107,7.07107,7.07107,7.07107,7.28011,7.28011,7.28011,6.7082,6.7082,6.7082,6.7082,90.90655,84.29116,88.4138,86.27862,80.62258,80.62258,70.17834,75.69016,62.28965,68.62215,58.79626,57.00877,56.58622,49.81967,48.9183,45.25483,43.93177,36.87818,36.23534,33.6006,30.01666,26.40076,23.85372,21.18962,16.12452,14.03567,17.02939,17.26268,12.04159,13.41641,11.31371,15.81139,15.81139,18.68154,20.88061,25.0,23.76973,23.08679,26.92582,33.24154,30.41381,29.41088,34.20526,36.40055,33.37664,36.67424,36.87818,34.9285,36.13862,38.60052,37.64306,39.92493,39.81206,36.61967,42.19005,36.61967,39.82462,34.65545,33.94113,36.23534,43.41659,40.81666,42.94182,44.77723,49.24429,50.56679,51.92302,54.70832,53.45091,55.54278,57.27128,66.21933,62.58594,64.32729,64.28063,68.73136,65.49046,71.06335,70.06426,68.06614,71.0,67.00746,69.11584,66.0,72.00694,66.0303,66.0303,62.03225,65.03076,62.07254,60.20797,60.67125,59.13544,58.42089,52.63079,54.40588,55.65968,55.71355,57.27128,55.47071,53.25411,53.25411,54.81788,54.20332,62.2254,58.0517,65.43699,69.6563,72.67049,74.4043,79.88116,82.80097,86.60831,85.44589
15.0,14.42221,13.60147,13.60147,12.80625,12.80625,12.20656,10.81665,10.0,9.43398,9.43398,8.06226,7.2111,7.2111,6.7082,6.7082,5.38516,5.38516,4.12311,4.12311,4.0,3.0,3.16228,3.16228,2.82843,3.60555,3.60555,3.60555,4.47214,4.12311,4.12311,5.09902,5.09902,5.09902,5.09902,5.09902,6.08276,6.08276,7.07107,7.07107,6.32456,7.07107,7.07107,7.28011,7.28011,7.28011,7.28011,7.61577,7.61577,8.06226,7.2111,7.2111,90.52072,89.37561,79.20859,85.91275,90.55385,76.40026,78.24321,71.06335,70.60453,63.89053,60.87693,59.46427,57.31492,51.73973,49.49747,45.96738,43.18565,38.20995,35.38361,32.80244,30.88689,30.23243,23.32381,22.36068,18.02776,16.27882,13.15295,14.14214,13.34166,13.89244,14.86607,18.86796,18.97367,17.72005,20.61553,20.88061,24.69818,24.5153,26.92582,27.89265,33.73426,31.57531,32.06244,31.14482,30.41381,36.67424,39.56008,37.65634,38.32754,36.40055,38.27532,40.16217,40.5216,36.05551,39.35734,41.04875,38.41875,32.20248,35.77709,35.77709,35.73514,45.88028,40.60788,44.91102,46.52956,49.16299,53.23533,54.00926,57.14018,57.03508,62.03225,58.07753,62.1289,65.37584,64.49806,66.48308,63.50591,64.93843,68.88396,70.03571,67.60178,69.63476,68.24954,70.83078,67.26812,67.08204,65.73431,66.70832,60.53098,61.66036,60.20797,60.40695,59.4138,58.0,53.08484,53.46027,53.60037,51.78803,53.75872,49.64877,53.7122,52.80152,48.76474,54.91812,58.0,62.36986,65.79514,70.00714,69.35416,73.75636,77.83315,82.13404,84.17244,82.03658
16.12452,15.26434,15.26434,14.76482,13.89244,12.52996,12.52996,11.6619,11.6619,10.29563,10.29563,9.43398,9.43398,8.60233,7.2111,7.2111,6.40312,5.65685,5.65685,5.0,5.0,4.47214,3.60555,3.16228,3.16228,3.0,3.16228,3.16228,3.60555,2.82843,4.24264,4.24264,4.24264,5.65685,5.0,5.0,6.40312,5.65685,5.65685,6.40312,6.40312,6.40312,6.40312,6.40312,7.07107,7.07107,7.07107,7.2111,7.2111,7.2111,7.61577,7.61577,91.41663,86.35392,89.94443,87.23531,81.5414,79.70571,78.79086,76.55717,70.26379,69.857,58.69412,58.5235,57.38467,58.13777,45.31004,47.75982,47.16991,42.04759,38.07887,31.76476,32.20248,26.92582,26.1725,23.34524,14.86607,18.38478,16.15549,14.03567,16.0,11.18034,11.04536,12.36932,12.52996,20.0,13.45362,25.6125,25.4951,26.40076,29.68164,31.1127,32.20248,26.24881,36.12478,34.65545,36.40055,35.22783,33.97058,36.76955,37.48333,34.05877,38.20995,41.7732,39.66106,38.07887,38.01316,35.8469,37.0,36.06938,37.44329,39.66106,39.81206,42.15448,43.68066,45.60702,48.76474,51.66237,50.01,51.35173,55.22681,60.13319,62.03225,64.07027,57.03508,68.11755,62.20129,66.1211,67.47592,66.48308,67.08204,65.62012,68.41053,68.15424,64.7611,69.857,68.65858,63.32456,66.21933,65.0,64.53681,60.87693,60.82763,56.7186,57.55867,53.23533,56.0357,55.00909,54.33231,55.57877,54.33231,54.91812,55.08176,53.60037,49.24429,58.18075,57.14018,62.42596,63.24555,70.45566,70.80254,75.60423,73.60027,83.00602,86.26703,88.00568
15.81139,14.86607,14.86607,13.92839,13.0,12.64911,11.7047,11.7047,10.77033,10.77033,9.48683,8.544,8.544,8.24621,7.28011,6.08276,5.09902,5.09902,5.09902,4.0,4.0,4.0,3.16228,3.16228,2.23607,2.82843,2.23607,3.16228,2.0,3.0,3.0,3.0,4.12311,4.12311,5.09902,5.09902,5.09902,5.09902,5.09902,5.09902,6.08276,6.08276,6.08276,6.08276,6.08276,6.08276,6.0,6.0,6.08276,6.08276,6.08276,6.32456,94.86833,89.1852,91.76056,84.77028,80.65358,80.65358,76.55064,78.77182,70.83784,64.62198,65.0,59.46427,56.32051,53.48832,49.98,45.35416,46.32494,42.44997,35.69314,34.23449,33.13608,26.1725,25.0,20.0,17.26268,18.68154,13.34166,17.20465,15.81139,12.04159,12.64911,12.64911,12.64911,20.22375,21.2132,22.36068,22.56103,25.4951,22.56103,26.92582,26.57066,31.01612,31.04835,30.36445,34.17601,31.95309,34.78505,34.9285,40.26164,33.73426,37.64306,39.62323,39.31921,40.0125,40.04997,38.20995,35.51056,34.20526,38.91015,39.96248,41.6173,43.01163,44.20407,48.10405,45.27693,48.16638,53.60037,54.03702,56.22277,57.80138,58.24946,59.64059,59.90826,66.03787,63.52952,68.0,68.42514,65.39113,68.02941,64.84597,68.35203,69.46222,68.35203,66.40783,67.77905,65.79514,65.9242,63.32456,66.21178,62.16912,59.03389,61.77378,59.36329,54.6443,54.81788,58.41233,55.97321,54.45181,54.48853,54.48853,56.0357,53.33854,51.86521,55.15433,59.46427,63.60031,66.94027,67.68309,69.2315,73.00685,73.68175,78.64477,83.36066,85.32878
14.56022,14.56022,13.34166,13.34166,12.64911,11.7047,11.40175,10.44031,10.44031,9.48683,8.544,8.544,7.28011,6.32456,6.32456,5.09902,5.09902,5.0,4.0,3.0,3.0,2.23607,2.23607,1.41421,1.41421,1.41421,2.0,3.0,3.16228,3.16228,3.16228,4.47214,4.47214,5.38516,5.38516,5.38516,5.38516,5.38516,6.32456,6.32456,6.32456,6.32456,7.28011,6.32456,6.32456,6.08276,6.08276,7.07107,6.0,6.08276,6.08276,6.08276,87.29834,87.47571,84.34453,85.37564,85.37564,75.96052,76.15773,70.83784,69.89278,63.60031,61.98387,58.82176,56.04463,49.33559,48.76474,45.70558,46.17359,35.51056,35.51056,36.49658,33.06055,29.27456,23.0,23.76973,23.76973,19.64688,19.92486,11.6619,12.72792,12.80625,11.6619,13.0,15.29706,19.31321,18.24829,17.72005,22.13594,22.13594,26.40076,26.4764,33.95585,29.83287,30.8707,32.01562,32.31099,35.17101,33.54102,37.10795,34.9285,36.34556,36.87818,37.48333,37.01351,38.11824,37.01351,38.47077,36.13862,35.35534,37.10795,40.80441,41.23106,45.17743,42.94182,48.8774,52.20153,50.77401,49.81967,56.40035,55.97321,59.03389,54.45181,61.55485,64.3506,65.19202,68.68042,66.8431,67.47592,69.06519,73.4983,70.21396,71.02112,68.60029,71.34424,68.26419,67.1193,66.28725,67.74216,66.37017,65.80274,63.51378,63.60031,62.96825,58.82176,61.07373,58.69412,55.22681,55.31727,53.8145,53.60037,55.07268,57.24509,56.36488,55.15433,58.24088,60.63827,61.13101,65.76473,67.47592,68.18358,77.31753,82.29824,85.14693,85.2115,88.20431
15.81139,15.0,15.0,14.21267,12.80625,12.80625,12.80625,11.40175,10.63015,9.89949,10.0,8.60233,7.81025,7.2111,6.40312,7.2111,5.83095,5.0,4.47214,3.60555,3.16228,3.0,3.0,2.0,2.23607,2.23607,2.23607,2.23607,3.0,3.0,3.0,4.0,4.0,4.0,5.0,5.0,6.08276,6.0,6.0,6.0,6.0,6.0,6.0,6.0,6.08276,6.08276,7.07107,6.08276,6.32456,6.32456,6.7082,5.83095,88.86507,87.72685,89.64374,84.17244,83.63014,80.91971,72.91776,72.86288,64.3506,68.62215,65.19202,57.98276,58.89822,52.34501,49.57822,45.45327,41.7732,37.80212,35.38361,34.66987,28.30194,30.52868,24.41311,22.84732,17.46425,18.11077,17.0,11.18034,11.18034,12.72792,17.46425,17.69181,15.65248,16.76305,21.84033,19.23538,18.24829,26.01922,23.02173,30.06659,29.27456,31.57531,31.06445,32.06244,32.55764,36.12478,36.67424,38.32754,37.33631,37.85499,40.02499,40.16217,37.0,35.73514,37.69615,38.47077,36.05551,33.24154,36.76955,40.0,40.60788,43.01163,51.10773,44.29447,47.53946,51.07837,52.0,52.81098,58.5235,56.64804,61.61169,59.90826,65.96969,63.95311,72.99315,68.593,68.88396,69.26038,72.11103,72.1734,69.18092,70.11419,70.11419,69.18092,68.18358,68.06614,68.18358,67.1193,64.38167,65.06919,64.49806,61.07373,60.29925,55.54278,61.84658,54.81788,55.71355,53.85165,54.56189,57.80138,53.53504,52.00961,62.28965,59.4138,55.15433,65.11528,65.43699,70.0,75.80237,75.21303,79.40403,80.1561,84.59905,89.87213
14.03567,13.0384,13.0384,12.04159,12.04159,11.04536,11.04536,10.04988,9.05539,9.05539,8.06226,8.06226,7.07107,6.0,6.0,5.0,5.0,4.0,3.0,3.16228,3.16228,2.23607,2.23607,2.23607,2.23607,2.23607,2.0,2.23607,3.16228,2.23607,3.60555,3.60555,4.47214,4.47214,4.47214,5.0,5.38516,5.83095,5.83095,5.83095,5.83095,5.83095,6.7082,5.38516,6.32456,6.32456,6.32456,6.32456,6.08276,6.08276,6.0,6.0,92.26592,87.28115,90.08885,85.05292,83.00602,82.1523,73.24616,75.02666,61.29437,70.17834,67.00746,61.0082,58.21512,52.08647,52.08647,48.0,43.04649,39.11521,35.22783,31.40064,31.257,24.33105,25.0,19.41649,18.02776,16.55295,19.10497,10.29563,12.52996,14.76482,12.04159,15.0333,16.12452,17.46425,18.38478,21.54066,26.90725,27.78489,31.90611,31.06445,27.73085,30.52868,34.98571,34.1321,36.40055,31.76476,34.1321,37.58989,35.8469,37.58989,39.81206,37.16181,38.8973,37.85499,40.02499,39.20459,36.0,35.22783,39.01282,40.11234,42.75512,43.73786,45.88028,43.01163,52.81098,51.26402,51.89412,52.7731,55.9464,58.13777,58.66856,60.53924,59.20304,68.8186,66.4003,68.8186,74.8131,68.11755,73.87828,65.06919,72.13876,70.00714,68.593,67.17887,72.91776,66.46804,70.00714,66.52819,66.48308,63.70243,63.78087,61.7171,58.60034,63.24555,56.85948,57.45433,55.00909,55.07268,55.54278,57.24509,55.7853,59.4138,53.75872,58.07753,61.07373,60.00833,62.00806,66.37017,69.35416,80.06248,72.83543,83.72574,82.20097,83.72574
16.64332,15.26434,15.26434,14.76482,13.89244,13.41641,11.6619,11.6619,11.18034,10.81665,10.29563,9.43398,8.60233,8.60233,7.2111,6.40312,6.40312,5.65685,5.0,5.0,3.60555,4.47214,3.60555,3.16228,3.16228,3.0,3.16228,3.60555,3.60555,2.82843,4.24264,4.24264,5.0,5.0,5.0,5.83095,5.83095,6.40312,5.65685,6.40312,6.40312,6.40312,6.40312,6.40312,6.40312,6.40312,7.07107,7.2111,7.2111,7.2111,7.2111,6.7082,88.63972,90.35486,92.13577,85.61542,88.02272,82.63776,78.18568,73.05477,67.6757,70.88018,66.09841,61.35145,58.87274,49.64877,54.40588,47.43416,44.01136,39.81206,38.47077,36.24914,30.88689,30.88689,25.45584,23.60085,17.20465,19.41649,15.26434,18.02776,20.09975,16.12452,14.14214,15.29706,16.40122,18.60108,19.72308,22.02272,24.04163,27.01851,35.38361,29.73214,27.20294,29.69848,34.05877,33.24154,36.06938,37.01351,36.06938,41.03657,34.65545,37.64306,38.8973,36.23534,38.60052,41.67733,38.58756,37.21559,34.78505,32.01562,37.58989,39.35734,44.94441,41.97618,43.17407,43.41659,46.17359,51.08816,52.15362,53.00943,56.22277,58.0,62.07254,65.62012,61.40033,63.78871,67.26812,66.4906,68.68042,66.76077,72.8011,66.12866,69.89278,70.83784,68.70953,68.00735,69.89278,66.40783,65.78754,67.41662,64.84597,63.90618,59.46427,60.16644,60.40695,57.48913,57.55867,56.32051,57.00877,55.00909,52.08647,55.08176,57.07013,55.7853,57.28001,55.65968,57.00877,61.29437,65.76473,67.23095,71.34424,74.79305,76.32169,79.40403,85.23497,88.32327
15.29706,15.29706,14.31782,14.31782,13.15295,12.16553,12.16553,11.18034,10.19804,10.19804,10.19804,9.21954,8.24621,7.28011,7.28011,6.32456,6.32456,5.38516,5.0,5.0,4.24264,4.24264,3.60555,3.60555,3.16228,3.16228,3.0,3.0,4.12311,3.16228,4.47214,4.47214,4.47214,5.38516,5.38516,5.83095,5.83095,5.83095,5.83095,6.7082,6.7082,6.7082,6.7082,6.7082,6.7082,7.61577,7.28011,7.28011,7.28011,7.07107,7.07107,7.0,89.56004,94.26028,91.66242,90.08885,88.02272,80.30567,79.05694,78.1025,71.0,73.00685,64.00781,62.0,61.0,58.0,51.15662,49.0,45.09989,38.11824,39.0,33.54102,35.22783,30.14963,27.20294,21.93171,20.24846,20.61553,19.72308,12.52996,14.21267,16.64332,15.13275,16.0,14.56022,18.68154,21.18962,23.08679,24.59675,25.80698,29.15476,30.08322,35.8469,33.61547,35.77709,34.88553,36.67424,35.34119,38.94868,36.67424,34.78505,36.68787,38.27532,42.44997,42.57934,39.05125,37.65634,38.01316,38.0,32.31099,37.64306,39.62323,40.1995,42.04759,47.09565,46.04346,50.48762,50.63596,52.7731,51.41984,58.0517,58.69412,61.84658,64.84597,65.0,64.62198,66.30988,67.23095,68.26419,72.00694,73.82412,71.02112,68.60029,69.11584,71.34424,72.71864,66.0303,67.42403,64.07027,66.57327,65.73431,65.0,65.51336,62.43397,62.96825,57.70615,55.54278,56.64804,58.24088,57.00877,52.95281,56.7186,59.4138,57.21888,58.13777,62.20129,56.32051,63.95311,61.98387,63.89053,73.08215,81.3941,81.32035,78.74643,93.30059,85.14693
15.55635,14.86607,14.14214,13.45362,13.45362,12.04159,12.04159,10.63015,10.63015,9.21954,9.21954,9.21954,7.81025,7.81025,6.40312,6.40312,5.65685,5.0,3.60555,3.60555,3.60555,3.16228,3.16228,2.0,2.0,2.23607,2.82843,2.23607,2.23607,3.16228,3.16228,4.12311,4.12311,4.12311,4.12311,5.09902,5.38516,5.09902,5.09902,5.09902,5.38516,5.38516,6.32456,6.32456,6.32456,5.83095,5.83095,5.83095,6.40312,6.40312,5.65685,6.40312,86.83893,85.8021,89.20202,85.60374,82.20097,79.81228,77.15569,74.51845,71.50524,67.35726,64.03124,58.89822,56.85068,53.07542,48.60041,48.16638,46.40043,39.05125,36.23534,33.61547,30.01666,27.313,25.07987,21.09502,20.61553,18.02776,15.0333,16.27882,13.41641,12.20656,13.60147,17.0,14.03567,16.12452,22.09072,17.02939,23.08679,27.0,29.01724,29.01724,30.01666,31.257,32.01562,33.01515,29.15476,36.12478,36.05551,36.12478,36.12478,37.05401,37.85499,38.83298,40.79216,36.68787,36.76955,35.77709,36.05551,36.87818,37.48333,41.86884,43.01163,46.14109,44.65423,46.06517,51.88449,48.33218,54.626,54.42426,58.5235,58.5235,59.48109,61.84658,64.7611,66.28725,62.64982,66.61081,70.5762,73.82412,73.5527,67.06713,68.18358,71.00704,72.02777,71.11259,68.06614,67.26812,66.27217,65.76473,63.3877,67.60178,62.64982,63.15061,56.08921,58.69412,56.61272,54.42426,57.93962,54.58938,56.93856,58.24946,59.07622,55.60576,58.72819,57.28001,62.62587,61.07373,70.60453,66.37017,73.06162,76.844,83.00602,87.13208,84.59905,92.28218
15.13275,15.13275,14.31782,14.31782,13.34166,12.16553,11.18034,10.19804,10.04988,10.19804,9.05539,8.06226,7.07107,7.0,7.07107,6.0,5.09902,4.0,4.12311,4.12311,4.12311,3.60555,2.82843,2.82843,3.16228,3.0,3.0,4.0,4.12311,4.12311,4.12311,5.38516,5.38516,5.38516,6.7082,6.7082,6.32456,6.32456,6.32456,7.28011,7.61577,7.61577,7.61577,7.28011,7.28011,8.24621,8.24621,7.28011,8.06226,7.0,8.0,8.06226,87.05171,85.37564,87.46428,83.60024,84.29116,79.30952,73.68175,72.69113,68.88396,65.11528,61.0,58.54912,53.60037,51.47815,45.27693,41.10961,43.01163,38.0526,38.01316,33.01515,31.257,24.08319,26.92582,23.08679,18.68154,16.64332,14.86607,15.6205,11.40175,12.36932,15.0,11.18034,19.23538,17.72005,21.09502,23.08679,21.0238,26.83282,29.52965,30.0,28.84441,32.64966,34.0,31.76476,34.43835,35.8469,34.48188,38.01316,38.01316,38.48376,37.12142,39.21734,42.37924,39.81206,38.83298,39.31921,35.0571,33.24154,37.48333,39.0,40.70626,42.94182,42.19005,45.0,46.61545,52.00961,50.32892,53.15073,54.45181,60.10824,59.4138,62.96825,62.00806,63.03174,66.6033,67.20119,67.1193,66.0303,73.06162,68.7968,67.1193,67.41662,68.50547,68.60029,71.02112,66.03787,65.19202,62.68174,63.81222,62.482,59.07622,60.0,58.25805,56.72742,53.75872,52.49762,56.22277,52.43091,52.20153,53.22593,53.66563,55.03635,56.51548,51.66237,54.91812,61.40033,64.19502,66.1211,71.00704,66.0,72.00694,78.00641,83.00602,90.02222
14.56022,13.60147,13.60147,12.64911,11.7047,11.7047,10.77033,10.44031,9.48683,8.544,8.24621,7.28011,7.28011,7.28011,6.08276,5.09902,5.0,4.0,4.0,3.16228,3.0,3.16228,2.82843,2.82843,2.82843,3.16228,3.0,3.0,4.0,4.12311,4.12311,5.09902,5.09902,5.09902,6.32456,6.32456,6.32456,6.32456,6.32456,7.28011,7.28011,7.28011,7.28011,7.28011,7.07107,7.07107,7.07107,7.0,7.0,7.0,7.07107,7.07107,88.54942,92.13034,88.56636,84.38009,85.47514,79.40403,81.8352,76.66159,71.34424,63.63175,59.90826,58.30952,57.3062,55.47071,45.65085,44.01136,43.86342,38.62642,34.88553,34.0147,25.4951,26.57066,23.5372,24.08319,20.0,20.39608,10.19804,14.21267,15.6205,16.40122,14.56022,18.24829,20.24846,17.46425,18.24829,23.02173,22.09072,28.0,27.01851,29.15476,32.38827,33.54102,32.01562,36.12478,34.05877,36.34556,36.01389,41.04875,34.23449,37.01351,42.0119,38.47077,37.48333,39.81206,38.8973,38.60052,36.76955,34.48188,36.89173,41.10961,41.03657,43.13931,41.03657,45.0,50.21952,51.61395,53.25411,53.33854,56.4358,59.68249,67.53518,60.41523,64.88451,62.24147,70.00714,65.45991,75.96052,68.00735,70.60453,72.8011,66.40783,70.83078,66.40783,70.21396,67.68309,72.36712,65.73431,66.28725,64.56005,63.78871,63.89053,64.28841,58.5235,61.7414,55.00909,55.47071,55.22681,57.68882,53.00943,52.49762,60.87693,50.9902,58.13777,54.81788,57.42822,65.8635,65.39113,70.38466,72.09022,70.2282,79.71198,86.97701,82.46211,88.23831
15.23155,14.31782,13.92839,13.41641,13.0,12.52996,12.08305,11.18034,10.29563,9.84886,8.94427,8.94427,7.61577,7.61577,6.32456,6.32456,5.38516,5.38516,4.12311,4.12311,3.0,3.0,2.23607,2.23607,1.41421,2.23607,2.23607,3.0,3.0,3.0,4.12311,4.12311,5.09902,5.09902,5.09902,5.09902,5.09902,6.08276,6.08276,6.08276,6.08276,6.08276,7.0,6.0,6.0,6.0,7.0,6.08276,7.07107,6.32456,6.32456,5.83095,90.37699,83.67198,85.49269,88.14193,83.19255,78.29432,76.47876,72.44998,70.23532,66.64833,64.88451,59.9333,56.36488,53.85165,51.89412,45.69464,43.82921,39.39543,35.4683,31.01612,29.42788,27.65863,21.2132,17.26268,16.12452,19.10497,16.12452,16.76305,13.60147,17.02939,16.12452,14.31782,15.52417,17.26268,21.58703,21.0238,24.02082,24.33105,27.01851,27.01851,30.41381,32.0,33.13608,34.1321,35.01428,35.0571,34.23449,38.11824,37.21559,38.63936,39.62323,36.13862,38.32754,39.21734,37.69615,37.73592,37.73592,35.35534,38.07887,38.83298,41.23106,48.75449,45.27693,48.41487,50.80354,52.00961,52.63079,54.45181,58.0517,59.5483,57.28001,63.78087,63.89053,65.80274,72.20111,69.2026,70.72482,68.7968,74.09453,74.70609,74.68601,71.55418,71.55418,70.68239,66.18912,72.00694,68.0,65.39113,68.42514,66.18912,61.77378,60.03332,60.46487,60.46487,59.40539,56.61272,53.90733,57.31492,52.80152,56.0803,55.80323,51.62364,62.43397,59.61543,64.62198,63.24555,68.30813,68.30813,74.0,77.88453,76.48529,81.7435,85.16455,83.9345
15.13275,14.14214,14.14214,13.0384,12.04159,12.04159,11.18034,10.04988,9.05539,9.05539,9.21954,8.06226,7.07107,7.07107,6.08276,5.09902,5.38516,4.47214,3.60555,3.60555,3.60555,2.82843,3.16228,2.23607,3.16228,3.0,3.16228,3.16228,3.60555,5.0,4.47214,4.47214,5.83095,5.83095,5.83095,6.7082,5.83095,6.40312,6.40312,6.40312,7.2111,7.2111,7.2111,6.7082,7.61577,7.61577,7.61577,7.61577,7.61577,7.28011,7.07107,7.07107,86.57944,87.28115,89.56004,86.28441,79.51101,80.30567,77.31753,78.1025,68.0,68.02941,62.07254,60.29925,54.08327,55.03635,48.37355,41.10961,43.01163,41.4367,38.63936,30.59412,30.36445,25.63201,27.85678,23.76973,19.69772,19.41649,13.60147,15.26434,15.81139,12.04159,15.13275,14.31782,18.38478,17.20465,22.2036,20.24846,18.60108,27.45906,30.80584,29.06888,31.14482,31.62278,34.05877,34.20526,33.6006,34.71311,38.41875,36.61967,35.80503,39.66106,39.40812,42.54409,40.31129,37.57659,41.23106,39.56008,40.02499,36.12478,37.05401,38.11824,44.38468,39.92493,44.59821,44.38468,49.76947,49.65884,52.47857,54.3783,56.60389,57.42822,62.20129,62.42596,62.42596,69.6563,67.35726,67.35726,67.94115,68.68042,69.29646,70.00714,66.52819,70.72482,69.42622,70.0928,70.83784,65.76473,69.31089,62.28965,67.17887,61.52235,63.70243,64.38167,60.80296,57.2014,57.00877,55.75841,55.47071,56.82429,52.81098,56.921,57.28001,56.29387,54.0,55.08176,62.0,66.18912,64.12488,69.26038,71.38627,77.46612,72.36712,82.76473,87.32125,86.14523
15.0,15.0,14.42221,13.0384,13.0384,12.20656,11.6619,10.81665,10.81665,9.43398,9.43398,8.60233,7.2111,7.2111,6.40312,6.40312,5.65685,5.65685,4.24264,4.24264,2.82843,3.16228,3.16228,2.23607,2.0,2.0,2.23607,2.23607,2.23607,3.60555,3.16228,3.16228,3.16228,4.47214,4.47214,4.47214,5.38516,5.38516,5.38516,5.38516,5.83095,5.83095,5.83095,5.83095,5.83095,5.83095,6.40312,6.40312,6.40312,5.65685,6.40312,5.83095,91.83681,91.02198,85.98256,84.05355,88.20431,82.68011,73.92564,75.47185,68.96376,63.24555,62.76942,61.29437,58.66856,52.47857,45.79301,49.24429,45.80393,38.01316,40.60788,33.01515,29.06888,26.90725,25.6125,20.24846,20.0,16.15549,13.15295,15.0,12.04159,14.14214,13.92839,14.86607,17.69181,15.55635,20.59126,20.24846,20.24846,23.32381,25.4951,32.44996,28.63564,30.01666,34.43835,39.82462,33.54102,33.12099,35.8469,36.23534,34.1321,37.73592,35.80503,36.23534,39.69887,34.20526,34.65545,39.69887,38.58756,31.89044,38.01316,40.70626,40.8534,42.72002,43.01163,43.41659,51.41984,54.91812,49.49747,52.46904,57.31492,60.20797,62.1289,66.1211,60.0,66.06815,66.06815,65.27634,67.89698,66.91039,74.73286,68.593,70.03571,68.06614,73.34848,71.38627,74.52516,67.08204,67.74216,63.78871,64.03124,61.98387,63.28507,59.68249,61.29437,61.0082,59.03389,59.07622,58.07753,60.53098,53.36666,55.08176,57.00877,55.4617,54.78138,56.79789,60.20797,66.85058,61.6198,67.35726,75.16648,79.98125,77.23341,81.34494,85.04117,90.78546
14.86607,14.86607,13.60147,13.34166,12.36932,11.7047,10.44031,10.44031,9.48683,9.48683,8.544,8.544,7.61577,6.7082,6.32456,5.83095,5.0,5.0,4.24264,3.60555,2.82843,3.60555,3.16228,3.16228,3.0,3.0,3.16228,3.60555,3.60555,5.0,4.24264,5.0,5.0,5.65685,5.65685,6.40312,6.40312,6.40312,7.07107,7.07107,7.07107,7.07107,7.07107,7.81025,7.81025,7.81025,8.06226,8.06226,7.2111,7.61577,7.61577,7.28011,84.8646,93.30059,79.81228,84.48077,90.52072,69.92138,80.60397,70.34202,72.78049,63.56099,64.7611,58.69412,55.31727,52.17279,52.20153,45.22168,43.01163,37.33631,32.57299,33.10589,29.15476,26.92582,20.80865,19.41649,18.43909,24.75884,17.49286,16.27882,16.12452,16.27882,16.27882,15.29706,17.0,18.86796,20.24846,23.25941,24.83948,28.3196,28.3196,28.3196,33.24154,30.4795,33.42155,31.82766,31.82766,35.4683,38.18377,37.53665,34.05877,39.66106,39.66106,36.05551,38.83298,37.73592,40.71855,36.76955,34.20526,32.89377,33.24154,40.79216,41.30375,45.09989,39.05125,43.28972,49.25444,47.38143,47.51842,52.7731,54.74486,57.87055,59.90826,57.97413,64.56005,62.93648,66.12866,61.09828,68.02941,63.56099,67.08204,70.66116,68.942,68.42514,68.8767,67.97794,66.64083,69.31811,59.48109,67.1193,60.82763,61.77378,59.9333,57.69749,57.38467,58.18935,51.66237,53.60037,58.0517,54.45181,56.4358,51.0392,56.0357,50.35871,49.49747,51.41984,55.36244,61.09828,63.69458,62.64982,67.97794,72.61543,75.23962,77.82031,77.87811,85.44004
15.23155,15.23155,14.31782,14.31782,13.0,13.41641,12.08305,11.7047,10.77033,9.84886,9.84886,9.48683,8.544,7.28011,7.28011,6.32456,6.08276,5.0,5.0,4.0,4.12311,4.12311,4.12311,3.16228,2.82843,3.60555,3.60555,4.12311,4.12311,4.12311,5.0,5.09902,5.0,6.0,6.08276,6.08276,6.08276,6.0,7.07107,7.07107,7.07107,7.07107,7.07107,7.07107,7.07107,7.28011,8.24621,7.28011,7.28011,7.61577,7.61577,7.2111,89.9611,86.33076,93.47192,88.54942,87.23531,79.17702,74.43118,73.92564,66.03787,65.0,65.36819,60.41523,61.26989,51.42956,51.42956,48.46648,42.95346,40.49691,35.8469,34.20526,37.36308,27.29469,22.2036,22.02272,19.0,17.46425,17.88854,13.92839,13.0384,16.64332,16.40122,15.52417,15.13275,19.23538,21.2132,22.02272,27.0,27.01851,29.06888,31.01612,29.15476,36.05551,34.0147,36.0,34.0,35.0,36.05551,36.05551,37.05401,39.01282,40.31129,36.12478,40.1995,37.65634,39.29377,35.1141,38.48376,33.24154,36.71512,35.80503,41.04875,41.03657,44.04543,48.83646,45.45327,49.0408,51.61395,52.80152,55.47071,56.60389,60.90156,65.76473,61.32699,65.74192,63.15853,68.15424,67.23095,69.07966,68.00735,65.14599,68.68042,66.70832,72.12489,71.56815,68.00735,63.24555,67.91171,60.16644,62.36185,65.78754,65.39113,61.09828,56.0803,57.69749,57.3062,57.80138,56.30275,58.13777,53.2635,53.74012,52.34501,56.63921,49.92995,56.93856,57.38467,68.02941,64.4748,67.41662,77.16217,78.77182,76.53757,82.21922,88.86507,86.97701
13.60147,12.20656,12.80625,11.40175,12.04159,10.63015,10.0,9.21954,9.21954,8.60233,7.2111,7.2111,7.2111,5.83095,5.83095,5.38516,4.47214,4.12311,3.16228,3.0,3.0,3.0,2.23607,2.23607,2.23607,2.23607,3.16228,3.16228,3.0,4.0,4.0,4.0,5.0,5.0,6.0,6.0,6.0,6.0,6.0,6.0,7.0,6.08276,7.07107,7.07107,7.07107,7.07107,7.28011,7.28011,6.32456,6.7082,6.7082,6.7082,87.92042,87.65843,84.02381,83.09633,81.46779,75.82216,75.16648,71.58911,70.76722,59.39697,58.89822,54.81788,53.75872,50.24938,46.69047,46.01087,40.60788,39.05125,36.61967,32.80244,30.80584,32.44996,22.13594,20.61553,18.24829,18.02776,13.0,13.41641,12.52996,13.45362,13.60147,12.20656,17.20465,19.31321,20.61553,21.84033,27.51363,27.89265,27.20294,29.83287,32.01562,31.57531,35.1141,34.71311,34.78505,34.20526,36.68787,39.56008,35.17101,36.05551,38.62642,39.56008,34.0147,38.01316,39.20459,37.20215,39.62323,36.23534,35.0,36.23534,41.72529,44.55334,43.41659,46.2277,46.61545,51.31277,51.62364,51.62364,55.9017,57.27128,60.41523,63.07139,63.90618,61.68468,65.78754,66.7308,70.34202,67.18631,72.56721,71.8401,66.09841,72.00694,71.44928,67.60178,67.26812,64.93843,67.74216,61.52235,65.76473,62.16912,60.41523,61.39218,56.75385,55.36244,55.36244,53.85165,54.12947,57.24509,58.30952,56.0803,55.0,55.44367,51.73973,55.22681,55.21775,64.07027,65.8635,67.1193,68.7968,74.79305,76.66159,76.53757,84.07735,85.75547
15.6205,14.21267,14.21267,12.80625,12.20656,12.20656,11.40175,11.40175,10.63015,10.0,9.21954,8.48528,7.07107,7.07107,5.65685,6.40312,5.83095,5.83095,4.47214,4.47214,4.12311,4.12311,4.0,3.0,3.16228,3.60555,3.60555,4.24264,3.60555,5.0,5.0,4.47214,5.0,5.83095,5.83095,6.7082,7.2111,6.7082,6.7082,6.7082,7.2111,7.2111,7.2111,7.2111,7.2111,7.81025,7.81025,7.81025,7.81025,7.07107,7.81025,7.2111,87.61849,85.70298,83.23461,81.02469,83.21658,77.69813,79.88116,68.47627,70.3278,65.19202,63.81222,56.60389,54.81788,53.33854,46.64762,43.04649,43.26662,37.20215,30.61046,31.89044,28.3196,26.87006,23.34524,22.2036,18.43909,16.55295,17.46425,14.03567,16.27882,15.81139,18.35756,15.65248,16.27882,16.27882,20.80865,20.61553,22.67157,28.63564,26.40076,34.4093,35.8469,33.12099,29.06888,34.48188,32.24903,37.44329,36.35932,35.51056,39.11521,36.23534,41.10961,41.86884,38.8973,40.31129,41.23106,39.11521,38.07887,35.35534,35.4683,42.2019,39.44617,43.38202,43.46263,46.8188,48.38388,49.0408,50.96077,55.08176,54.33231,57.07013,57.31492,61.20457,65.19202,64.00781,69.00725,63.03174,66.1211,67.06713,71.34424,70.71068,68.73136,67.89698,67.36468,66.28725,62.96825,67.26812,66.75328,66.75328,60.53098,61.40033,60.67125,58.13777,61.03278,60.00833,59.07622,51.24451,56.56854,53.93515,54.12024,49.72927,54.70832,50.60632,53.22593,56.30275,55.60576,61.61169,67.20119,64.2028,70.03571,72.18033,76.36753,79.24645,82.21922,84.95881
15.52417,15.29706,14.56022,14.31782,13.34166,13.15295,12.16553,11.18034,11.18034,10.19804,10.19804,9.21954,8.24621,8.24621,7.28011,7.28011,6.32456,5.38516,5.0,5.0,4.24264,4.24264,3.60555,3.60555,3.16228,3.16228,3.0,4.0,4.12311,3.16228,4.47214,5.38516,5.38516,5.38516,5.38516,5.83095,5.83095,6.7082,6.7082,6.7082,6.7082,6.7082,6.7082,7.61577,7.28011,7.28011,7.28011,7.28011,7.07107,7.07107,7.0,7.0,95.35198,93.21481,92.07063,85.28775,84.59314,80.22468,77.92946,77.41447,68.06614,70.02857,68.00735,59.03389,58.00862,54.23099,53.23533,47.26521,43.41659,43.10452,37.21559,35.69314,34.20526,33.83785,29.52965,23.08679,20.24846,19.79899,16.40122,20.0,19.72308,13.41641,18.02776,14.0,17.0,21.93171,15.23155,23.70654,23.25941,27.73085,33.28663,31.62278,31.38471,30.88689,36.35932,33.28663,32.20248,36.89173,38.07887,37.69615,37.33631,34.17601,38.8973,43.41659,42.2019,38.63936,37.65634,39.11521,38.0,35.4683,36.40055,40.60788,40.1995,46.27094,42.0119,44.55334,47.51842,48.83646,52.7731,53.60037,59.84146,62.0967,61.68468,59.61543,62.03225,67.1193,66.85058,69.77822,70.71068,72.20111,66.28725,70.49113,66.37017,68.50547,70.71068,66.0303,67.95587,66.37017,67.1193,64.66065,66.57327,65.19202,62.96825,60.46487,59.9333,55.9017,56.30275,54.08327,54.12947,54.81788,54.34151,56.7186,55.03635,54.08327,58.03447,60.13319,61.29437,61.84658,63.95311,70.34202,69.28925,76.92204,77.16217,82.63776,85.72631,92.72001
15.81139,15.0,15.0,14.21267,14.21267,12.80625,12.20656,11.40175,11.40175,10.0,10.0,9.43398,8.60233,8.06226,7.2111,6.7082,5.38516,5.38516,5.38516,5.09902,4.12311,4.12311,3.0,3.0,3.16228,2.23607,2.82843,2.82843,3.60555,4.12311,4.12311,4.12311,4.12311,5.09902,5.09902,5.09902,5.09902,6.08276,6.08276,6.08276,6.08276,6.08276,6.08276,6.08276,6.08276,6.32456,6.32456,6.7082,6.7082,6.7082,7.2111,6.40312,88.50989,91.83681,86.82166,87.45856,81.68843,80.80842,76.48529,73.75636,73.87828,66.6033,64.53681,60.44005,56.72742,55.44367,50.32892,48.16638,46.2277,40.80441,37.44329,31.06445,30.88689,26.92582,24.73863,23.5372,21.18962,17.11724,17.02939,18.43909,16.55295,16.64332,17.20465,16.97056,21.09502,21.09502,18.02776,25.63201,18.97367,28.86174,31.04835,27.65863,30.41381,32.55764,35.90265,36.67424,33.95585,38.47077,37.48333,38.32754,35.44009,39.84972,38.8973,39.56008,40.31129,40.71855,41.34005,41.6173,39.20459,35.8469,36.89173,43.18565,45.27693,47.42362,44.68781,48.82622,52.43091,49.09175,53.85165,55.4617,58.13777,62.16912,63.15853,60.16644,62.64184,66.12866,68.00735,71.8401,68.68042,71.06335,68.44706,73.1642,74.1485,70.85901,73.97973,66.75328,67.89698,71.19691,68.06614,63.15061,64.32729,66.09841,62.36986,64.56005,55.02727,59.77458,57.24509,56.36488,54.12024,58.13777,58.30952,55.47071,56.22277,55.97321,62.2254,61.84658,58.41233,65.21503,64.89992,71.69379,69.46222,69.35416,79.64923,84.53402,86.76981,92.7847
14.56022,13.60147,13.60147,12.64911,12.64911,11.7047,11.40175,10.44031,10.44031,9.21954,9.48683,8.544,7.28011,7.28011,6.08276,6.0,6.0,5.0,5.0,4.12311,4.12311,4.47214,4.12311,3.60555,2.82843,2.82843,3.16228,3.16228,4.12311,4.12311,4.0,5.0,5.0,5.0,5.0,6.0,6.0,6.0,6.0,6.0,6.0,6.0,7.0,7.0,7.0,7.0,7.07107,7.07107,7.28011,7.28011,7.61577,6.7082,86.97701,85.32878,87.69265,84.0119,82.38932,79.24645,75.95393,69.857,66.09841,67.26812,64.62971,59.68249,57.42822,51.97115,53.93515,46.27094,44.04543,37.33631,33.01515,34.1321,31.257,27.65863,25.31798,22.13594,17.46425,19.23538,18.60108,14.21267,15.26434,17.46425,16.27882,15.29706,15.29706,19.92486,19.64688,24.69818,25.94224,27.29469,28.30194,30.41381,30.41381,33.24154,34.53983,31.30495,35.77709,34.17601,37.69615,39.81206,34.20526,37.94733,37.10795,40.02499,39.29377,39.45884,41.30375,38.11824,41.10961,31.95309,34.53983,38.48376,42.05948,43.909,45.45327,45.80393,48.9183,49.0408,51.66237,50.9902,59.46427,56.56854,57.00877,61.22091,62.00806,67.00746,65.45991,70.17834,65.45991,67.6757,71.02112,68.09552,67.23095,65.30697,64.88451,69.857,63.52952,64.14047,65.0,63.81222,61.77378,62.43397,59.90826,60.80296,56.72742,55.97321,56.72742,55.31727,55.9017,54.20332,53.82379,53.66563,54.58938,57.00877,51.24451,57.56735,61.98387,57.14018,59.68249,63.63961,71.25307,74.06079,77.05842,77.10383,83.00602,87.05171
16.03122,15.13275,14.03567,14.03567,13.15295,12.16553,12.16553,11.18034,10.19804,9.05539,9.21954,9.05539,8.06226,7.07107,6.0,6.0,5.0,5.0,4.12311,3.16228,3.16228,2.23607,3.16228,2.23607,2.23607,2.23607,2.0,3.16228,4.12311,4.12311,4.47214,5.38516,4.47214,5.38516,5.38516,5.38516,6.32456,6.32456,6.32456,6.32456,6.32456,6.32456,7.28011,6.32456,7.28011,7.07107,7.07107,7.0,7.0,7.0,7.07107,6.08276,40.60788,44.72136,42.75512,40.11234,41.4367,38.01316,39.11521,36.22154,34.05877,31.06445,31.06445,28.16026,29.15476,26.30589,24.18677,22.2036,20.22375,16.03122,15.29706,16.27882,16.49242,12.52996,10.77033,10.29563,8.48528,8.60233,7.2111,7.28011,6.08276,9.48683,7.07107,7.0,8.94427,8.94427,10.29563,10.29563,13.45362,12.04159,14.21267,12.72792,16.40122,16.40122,17.02939,15.6205,17.69181,15.81139,18.02776,18.60108,18.35756,18.35756,18.35756,20.12461,19.31321,18.02776,19.64688,17.46425,18.11077,18.43909,19.10497,20.02498,21.0238,24.0,22.2036,23.34524,25.4951,25.0,26.92582,26.57066,28.23119,29.73214,31.38471,31.7805,33.54102,31.7805,33.61547,33.54102,34.0,33.61547,36.71512,34.66987,36.05551,34.82815,35.0,36.23534,33.6006,32.20248,34.4093,33.6006,32.44996,31.90611,30.23243,31.90611,30.01666,30.41381,28.63564,26.92582,27.85678,28.16026,28.63564,27.45906,28.16026,29.01724,29.01724,29.0,29.27456,31.40064,31.57531,31.7805,37.10795,39.56008,39.29377,39.56008,41.76123,41.97618
15.81139,14.42221,14.42221,13.0384,13.0384,11.6619,11.40175,10.81665,10.0,9.43398,9.43398,8.60233,7.81025,6.40312,6.40312,6.40312,5.65685,5.0,4.47214,4.47214,3.60555,3.16228,4.12311,3.0,3.16228,3.16228,3.60555,4.24264,4.24264,4.24264,5.0,5.0,5.0,5.83095,6.40312,6.40312,6.40312,6.40312,7.2111,7.2111,7.81025,7.81025,7.81025,7.81025,7.07107,7.81025,7.81025,7.81025,7.81025,8.06226,8.06226,7.61577,89.05055,86.40023,86.83893,86.53323,80.70936,83.86298,69.33974,74.70609,68.60029,67.1193,62.76942,56.30275,55.75841,53.33854,45.48626,42.2019,42.72002,38.60052,35.4683,31.241,29.73214,28.01785,25.0,19.79899,24.69818,18.78829,17.72005,16.0,15.29706,12.16553,18.02776,15.81139,16.64332,18.43909,19.84943,19.10497,20.59126,23.02173,28.84441,30.52868,30.52868,33.28663,30.52868,36.61967,32.44996,36.61967,37.20215,38.01316,38.94868,36.61967,42.52058,43.84062,38.20995,39.69887,39.66106,39.11521,41.67733,34.71311,38.27532,34.66987,39.35734,42.48529,45.18849,46.17359,45.88028,50.69517,48.50773,53.36666,52.7731,54.74486,62.1289,62.07254,60.0,68.00735,63.03174,64.00781,64.38167,68.18358,68.35934,68.46897,64.93843,69.58448,71.56815,71.84706,69.42622,65.76473,71.19691,63.15061,61.66036,62.80127,60.53098,61.0,60.03332,58.07753,54.45181,51.24451,56.4358,55.10898,50.01,52.88667,52.81098,55.36244,54.70832,55.47071,59.40539,61.85467,62.96825,65.94695,70.93659,75.00667,74.27651,79.20859,88.61715,84.81156
15.26434,13.89244,13.89244,13.0384,12.52996,12.52996,11.6619,11.18034,10.29563,8.94427,9.43398,8.06226,7.2111,7.2111,5.83095,6.40312,5.65685,4.24264,4.24264,3.60555,2.82843,2.23607,3.16228,2.0,2.0,2.23607,2.23607,2.23607,2.23607,3.60555,3.16228,3.16228,4.12311,4.12311,4.47214,4.47214,5.38516,5.38516,5.38516,5.38516,5.38516,5.38516,5.38516,5.83095,5.83095,5.83095,5.83095,6.40312,6.40312,5.65685,5.65685,5.83095,85.70298,82.92768,88.20431,81.84131,82.66196,81.49233,72.94518,76.66159,66.64833,68.24222,61.91123,55.75841,54.08327,49.39636,46.40043,44.40721,43.26662,39.11521,34.20526,32.52691,31.1127,26.90725,24.08319,20.0,19.72308,22.82542,16.49242,17.02939,14.03567,14.31782,17.49286,15.55635,19.10497,19.84943,20.0,21.63331,22.36068,26.92582,28.4605,32.20248,31.30495,32.20248,33.10589,33.61547,37.69615,33.61547,34.43835,34.43835,39.82462,35.77709,41.34005,41.88078,41.18252,36.61967,39.05125,36.12478,37.01351,37.80212,39.84972,39.56008,44.38468,42.75512,46.87217,45.09989,48.37355,51.24451,50.01,54.00926,59.00847,60.13319,59.5399,62.07254,63.3877,66.91039,66.48308,64.77654,65.51336,68.06614,70.83078,67.44627,69.92138,69.26038,69.857,72.8011,69.64194,64.56005,69.64194,62.16912,64.03124,61.84658,60.01666,62.96825,60.53098,55.08176,57.07889,56.14268,58.13777,57.31492,53.75872,55.08176,56.61272,56.61272,50.53712,54.12024,62.64982,59.90826,64.89992,71.40028,75.0,75.9276,74.24958,78.1025,87.00575,82.46211
15.81139,15.26434,14.42221,13.60147,13.0384,12.80625,12.20656,11.40175,10.81665,9.43398,9.43398,9.43398,8.06226,6.7082,6.7082,6.32456,5.38516,5.38516,4.12311,4.12311,4.0,4.12311,4.12311,4.12311,3.16228,3.60555,4.24264,3.60555,4.47214,4.47214,5.38516,5.38516,5.38516,6.32456,6.32456,6.32456,6.32456,7.28011,7.28011,7.28011,7.28011,7.28011,7.61577,7.61577,7.61577,7.61577,8.06226,8.06226,8.06226,7.81025,7.81025,7.81025,86.09297,85.2115,83.35466,81.40025,83.23461,75.80237,75.0,70.93659,72.34639,66.4003,59.64059,61.03278,58.24946,52.00961,49.39636,47.16991,42.19005,38.27532,32.20248,33.10589,30.67572,27.20294,23.5372,22.84732,17.46425,17.26268,16.15549,16.15549,13.34166,20.61553,16.27882,16.27882,18.43909,20.24846,21.54066,17.88854,21.84033,26.30589,27.16616,32.01562,30.59412,33.01515,33.54102,36.34556,34.9285,33.83785,35.1141,37.85499,38.60052,37.0,37.94733,39.39543,38.47077,39.35734,41.88078,38.28838,39.82462,33.52611,37.58989,36.89173,45.45327,40.22437,46.09772,49.49747,45.27693,43.01163,54.6443,54.6443,52.83938,56.40035,59.5399,59.05929,58.18075,67.97794,67.62396,67.62396,68.942,70.34202,66.09841,70.61161,63.89053,77.27872,67.06713,63.95311,66.37017,58.82176,67.18631,55.08176,62.514,59.13544,55.57877,65.76473,58.24088,54.40588,51.62364,63.69458,54.58938,55.21775,53.25411,55.31727,53.15073,50.24938,59.39697,56.85948,56.93856,61.29437,62.26556,65.76473,71.11259,75.23962,77.36924,83.67198,79.17702,84.09518
15.0,14.21267,13.60147,12.80625,12.80625,12.04159,11.40175,10.0,10.0,8.60233,9.43398,8.60233,7.2111,6.7082,6.7082,6.7082,5.38516,5.09902,5.09902,4.12311,4.0,4.0,4.0,3.60555,3.60555,3.60555,4.24264,3.60555,4.47214,4.47214,5.38516,5.38516,5.38516,6.32456,5.38516,6.32456,6.32456,6.32456,7.28011,7.28011,7.28011,6.7082,7.61577,7.61577,6.7082,7.2111,7.61577,8.06226,7.2111,7.2111,7.81025,7.07107,88.45903,81.56592,86.37129,84.29116,84.29116,81.46779,75.60423,74.65253,65.0,66.21933,59.81639,61.55485,58.13777,48.79549,48.08326,41.7732,43.86342,38.8973,36.06938,30.80584,32.20248,26.07681,25.55386,25.07987,18.97367,17.26268,20.0,17.02939,17.11724,15.65248,17.80449,17.69181,16.97056,16.55295,24.83948,23.4094,27.20294,24.73863,30.46309,31.62278,32.69557,35.1141,33.54102,33.10589,34.9285,33.10589,39.81206,39.92493,39.82462,38.47077,39.44617,42.72002,39.11521,37.01351,38.94868,38.41875,38.60052,33.24154,40.45986,36.40055,40.70626,43.86342,44.94441,44.59821,47.16991,48.08326,47.80167,52.17279,58.24946,57.07013,60.29925,62.514,64.19502,69.00725,64.07027,67.1193,69.00725,71.0,69.06519,69.06519,67.47592,70.45566,70.25667,68.593,70.25667,64.49806,66.27217,64.19502,66.37017,61.40033,59.03389,58.00862,56.0,57.21888,54.91812,52.46904,55.31727,57.72348,51.5461,54.626,55.4617,54.70832,50.80354,56.0803,62.36986,58.72819,62.2254,70.0928,71.50524,77.98718,70.93659,82.13404,85.04117,82.07314
13.34166,13.34166,12.36932,12.16553,11.18034,11.18034,10.19804,9.21954,9.21954,8.24621,8.24621,7.28011,7.28011,6.32456,6.32456,5.38516,5.83095,5.0,3.60555,4.24264,2.82843,3.60555,3.16228,3.16228,3.16228,3.0,4.12311,4.47214,3.60555,4.47214,4.47214,5.0,5.0,5.0,5.83095,6.7082,6.7082,7.2111,7.2111,7.2111,6.7082,6.7082,6.7082,7.61577,7.61577,7.61577,7.61577,7.28011,7.28011,7.07107,7.07107,7.0,87.36132,82.76473,84.92938,80.80842,82.46211,79.42921,72.99315,70.85901,70.21396,63.78871,59.5399,57.97413,55.57877,48.83646,46.84015,41.97618,41.0,40.5216,36.68787,32.01562,28.17801,26.41969,27.20294,21.0238,20.51828,17.80449,15.26434,16.76305,14.31782,15.13275,15.29706,19.23538,16.49242,18.43909,20.24846,20.80865,25.4951,29.68164,27.58623,32.64966,33.6006,33.28663,30.80584,36.71512,38.01316,39.20459,37.80212,37.20215,39.96248,41.14608,39.11521,41.18252,41.23106,38.8973,37.0,40.79216,38.47077,36.40055,38.83298,38.47077,43.04649,42.10701,47.38143,43.28972,48.25971,48.6621,52.63079,54.34151,55.08176,57.97413,58.18935,62.03225,60.92618,65.55151,69.07966,65.79514,66.64083,69.857,72.47068,70.3278,66.88797,68.24222,68.50547,68.8186,69.89278,64.63745,66.03787,64.07027,64.14047,60.74537,60.20797,62.6099,57.70615,54.42426,57.00877,56.0803,55.08176,54.12947,52.61179,56.32051,56.0803,55.00909,57.31492,54.74486,57.87055,61.40033,63.06346,65.78754,68.02941,72.61543,73.53911,84.15462,83.1685,79.47956
14.21267,14.21267,12.80625,12.80625,12.20656,12.20656,11.40175,10.0,10.0,8.60233,8.60233,7.81025,7.2111,6.40312,5.83095,5.65685,5.65685,5.0,4.24264,3.60555,3.60555,2.23607,2.0,2.0,2.0,2.0,2.23607,2.82843,2.23607,2.82843,3.60555,3.60555,4.47214,4.12311,4.47214,4.47214,4.47214,4.47214,5.38516,5.38516,5.83095,5.83095,5.83095,5.83095,5.83095,5.83095,6.40312,6.40312,5.65685,5.65685,5.83095,5.83095,87.20665,87.32125,87.04596,83.73769,84.38602,77.07788,75.66373,74.95332,70.00714,63.78087,62.24147,56.58622,51.85557,49.51767,48.83646,43.27817,42.42641,38.01316,37.01351,30.23243,29.06888,25.07987,21.54066,21.0238,19.92486,13.15295,15.81139,17.46425,9.84886,17.69181,13.60147,19.20937,17.20465,16.15549,19.69772,20.12461,22.36068,26.4764,25.4951,32.55764,31.04835,32.57299,33.52611,32.57299,35.73514,38.63936,35.73514,38.32754,40.49691,38.8973,39.39543,39.92493,36.24914,38.94868,38.60052,37.64306,37.53665,36.40055,38.20995,41.10961,43.60046,45.22168,46.61545,49.39636,50.11986,49.65884,55.71355,57.00877,55.97321,59.13544,57.97413,61.68468,64.7611,66.70832,67.26812,71.02112,70.03571,69.58448,70.5762,68.26419,71.06335,69.11584,72.06247,70.06426,67.1193,65.37584,68.02941,64.19502,67.89698,61.20457,61.81424,59.4138,59.43904,56.29387,59.46427,55.65968,56.46238,55.54278,56.0803,56.85948,55.80323,57.38467,55.44367,57.98276,62.62587,62.42596,66.4003,68.41053,71.56116,75.47185,75.29276,80.44874,86.83893,87.13208
16.40122,15.6205,14.21267,14.21267,12.80625,12.80625,11.40175,11.40175,10.81665,10.0,10.0,8.60233,8.06226,7.2111,6.7082,6.7082,6.32456,5.38516,5.09902,5.0,4.0,4.12311,4.12311,3.16228,3.60555,3.60555,4.24264,4.47214,4.47214,5.0,5.38516,5.38516,6.32456,6.32456,6.32456,6.32456,6.32456,7.28011,7.28011,7.28011,7.61577,7.28011,7.61577,7.61577,7.61577,8.06226,8.06226,8.06226,8.06226,7.81025,7.81025,7.81025,87.09191,86.02325,83.48653,82.92768,84.59905,75.21303,79.81228,72.8011,68.68042,61.6198,62.20129,58.41233,55.47071,50.60632,48.41487,46.51881,43.04649,35.35534,34.88553,34.17601,31.38471,24.73863,22.80351,24.5153,22.36068,17.0,16.15549,14.31782,14.76482,19.10497,17.46425,18.60108,20.59126,19.64688,25.29822,21.18962,24.33105,25.31798,27.16616,36.22154,33.13608,31.257,37.0,33.37664,37.0,40.0125,36.67424,38.32754,39.81206,40.26164,39.05125,43.01163,40.80441,40.8534,37.69615,41.34005,35.51056,35.22783,36.40055,39.59798,41.72529,42.43819,41.34005,46.06517,45.79301,52.83938,53.22593,53.31041,55.36244,57.38467,57.77543,58.5235,62.64184,64.03124,66.4906,66.28725,66.70832,67.89698,66.48308,72.56032,65.37584,70.5762,68.88396,68.46897,67.36468,67.36468,64.28063,62.20129,61.66036,64.38167,61.39218,59.68249,56.88585,58.24088,55.02727,51.89412,55.4617,53.22593,54.91812,55.60576,54.40588,54.48853,50.93133,56.40035,61.29437,57.42822,64.3506,67.95587,74.70609,73.43024,76.94154,81.49233,78.89233,89.06739
14.21267,13.60147,12.80625,12.20656,11.40175,11.40175,10.81665,10.0,9.21954,8.60233,8.48528,7.81025,7.07107,7.07107,6.40312,5.65685,5.83095,4.47214,4.47214,4.47214,3.16228,3.16228,4.0,3.16228,3.16228,3.60555,4.24264,4.24264,3.60555,4.24264,5.0,5.0,5.38516,5.83095,5.83095,5.83095,6.7082,6.7082,6.7082,6.7082,7.2111,7.2111,7.2111,7.2111,7.81025,7.81025,7.81025,7.07107,7.07107,7.07107,7.81025,7.2111,93.53609,82.76473,84.07735,85.90693,80.5295,77.47258,75.76939,73.40981,66.21178,64.88451,60.41523,57.00877,57.70615,51.47815,49.73932,45.27693,42.54409,37.58989,35.22783,33.42155,29.73214,26.40076,27.65863,21.40093,21.09502,17.80449,17.72005,16.03122,19.0,18.43909,18.02776,19.41649,18.02776,20.51828,22.67157,22.82542,26.24881,29.06888,27.20294,33.42155,30.80584,34.1321,33.28663,34.71311,34.48188,35.60899,39.66106,37.20215,38.60052,36.06938,38.18377,41.7732,36.06938,37.48333,37.53665,39.66106,35.34119,35.34119,37.94733,38.83298,42.42641,43.10452,48.25971,47.01064,50.03998,49.09175,50.08992,56.14268,57.55867,56.7186,59.43904,61.39218,61.13101,66.94027,67.18631,64.56005,65.79514,68.35203,68.70953,68.02941,66.85058,69.77822,66.7308,68.00735,71.30919,65.9242,68.02941,62.03225,62.62587,62.96825,64.62198,59.77458,58.69412,57.00877,55.44367,54.33231,56.14268,56.0803,52.08647,53.23533,55.7315,52.17279,55.02727,52.92447,62.76942,59.80803,63.52952,67.23095,69.63476,78.89233,76.02631,83.52844,83.48653,85.75547
15.0,14.21267,13.60147,12.80625,12.20656,12.20656,11.40175,10.63015,10.0,9.21954,9.21954,7.81025,7.81025,6.40312,5.65685,6.40312,5.0,5.0,4.47214,4.47214,4.12311,3.16228,4.0,3.0,3.16228,4.12311,4.47214,3.60555,4.24264,5.65685,5.0,5.0,5.0,5.83095,6.40312,6.40312,6.40312,6.40312,6.40312,6.40312,7.07107,7.07107,7.81025,7.07107,7.07107,7.81025,7.81025,7.81025,7.2111,7.2111,7.61577,7.61577,90.27181,84.64632,84.64632,83.00602,80.0,78.23682,75.47185,72.42237,66.03787,64.40497,64.89992,60.21628,59.90826,49.39636,45.60702,44.59821,44.82187,37.53665,34.82815,29.69848,29.83287,26.24881,24.20744,20.59126,23.08679,20.39608,17.0,18.02776,15.29706,16.49242,18.60108,19.10497,18.60108,19.84943,20.61553,27.20294,24.69818,24.16609,29.54657,31.38471,33.61547,34.48188,31.76476,31.90611,34.98571,36.89173,38.07887,38.07887,38.83298,40.80441,38.07887,40.60788,42.63801,36.06938,39.69887,37.64306,39.82462,33.97058,35.35534,42.05948,43.56604,40.31129,43.01163,41.76123,47.29693,49.0408,48.27007,54.58938,54.45181,57.31492,62.1289,62.1289,60.0,66.06815,67.06713,68.02941,68.11755,70.71068,69.18092,65.49046,69.2315,68.65858,66.48308,65.62012,68.88396,63.95311,68.88396,62.64982,63.50591,61.20457,59.3043,60.07495,58.0,56.00893,53.23533,53.23533,54.33231,57.07013,54.81788,54.40588,55.02727,55.4617,54.40588,55.47071,60.0,65.29931,67.26812,68.68042,71.44928,75.69016,75.69016,78.51751,84.14868,84.85281
15.29706,14.31782,14.31782,13.34166,13.34166,12.36932,11.40175,11.18034,10.44031,10.19804,9.21954,8.06226,8.24621,7.07107,7.07107,6.08276,6.0,5.0,5.0,4.0,4.0,4.12311,3.16228,3.60555,3.60555,2.82843,3.16228,3.16228,3.16228,4.0,3.0,4.0,4.0,5.0,5.0,5.09902,5.09902,5.09902,5.09902,6.0,6.0,6.0,6.08276,6.0,6.0,7.07107,7.07107,6.08276,6.08276,6.32456,6.32456,6.7082,86.31338,88.54377,84.17244,84.11896,81.27115,76.55064,78.1089,70.38466,68.15424,66.40783,63.56886,60.74537,53.48832,52.20153,50.92151,44.27189,41.76123,37.94733,40.26164,37.94733,30.06659,28.28427,28.01785,23.0,22.0,19.10497,17.49286,17.0,15.6205,11.31371,16.40122,19.23538,18.68154,19.64688,16.0,22.2036,25.4951,26.0,29.0,27.07397,33.13608,29.0,30.0,33.13608,36.05551,36.12478,37.0,36.12478,32.14032,38.0526,37.33631,38.83298,40.79216,37.64306,38.62642,35.35534,34.98571,36.01389,38.0526,43.28972,43.9659,44.38468,43.08132,46.95743,50.08992,50.53712,50.77401,57.42822,59.81639,58.25805,59.66574,59.20304,62.24147,65.19202,64.38167,65.94695,69.6563,68.88396,69.6563,72.8011,66.0303,65.80274,70.72482,73.23933,66.0303,63.82006,66.0303,62.20129,63.60031,61.03278,60.60528,61.07373,58.0517,54.48853,53.74012,57.38467,55.31727,56.85948,55.22681,54.3783,56.35601,52.55473,53.45091,53.60037,60.41523,63.78871,63.78871,63.78871,71.70077,75.95393,81.61495,83.36066,87.28115,89.6772
16.12452,15.13275,15.13275,14.03567,13.15295,12.04159,12.04159,11.04536,11.04536,10.19804,10.04988,9.05539,8.24621,7.28011,7.28011,7.28011,6.32456,5.38516,5.0,5.0,4.24264,4.24264,3.60555,3.60555,3.60555,3.16228,4.0,4.0,4.12311,4.12311,5.09902,5.38516,5.38516,5.38516,5.38516,6.32456,6.32456,6.32456,6.7082,6.7082,6.32456,6.32456,7.28011,7.28011,7.28011,7.28011,7.28011,7.07107,8.06226,8.0,7.0,7.07107,88.64536,83.86298,83.54639,85.51023,82.73452,80.22468,74.24284,73.43705,65.37584,65.12296,61.03278,60.40695,57.55867,50.08992,50.15974,45.39824,42.57934,36.87818,36.87818,32.28002,31.38471,30.36445,25.05993,20.80865,19.10497,19.41649,17.69181,15.26434,18.97367,19.64688,17.02939,18.02776,17.26268,21.37756,21.54066,25.29822,24.18677,26.57066,31.76476,30.41381,33.24154,34.0147,35.34119,39.82462,34.88553,35.4683,34.43835,34.9285,34.20526,35.4683,38.62642,39.84972,41.0,41.0,39.11521,38.01316,41.01219,34.9285,37.36308,39.62323,42.57934,44.18144,45.04442,45.17743,52.03845,50.48762,51.35173,53.36666,58.24088,57.07013,61.68468,64.28841,64.2573,68.35203,65.19202,69.857,67.1193,68.8767,68.88396,68.47627,70.49113,68.50547,70.83078,70.17834,64.49806,63.24555,68.26419,60.46487,65.51336,64.66065,63.07139,62.17717,58.30952,57.38467,55.15433,55.36244,53.45091,54.34151,52.61179,56.56854,52.08647,56.0,60.00833,57.42822,62.80127,63.60031,61.39218,64.28841,72.03471,77.36924,74.63243,80.41144,83.48653,88.88757
14.56022,13.60147,12.64911,12.64911,11.7047,10.77033,10.44031,10.77033,9.48683,8.544,8.544,7.28011,7.28011,6.32456,6.08276,5.09902,5.09902,4.12311,4.0,3.0,3.16228,2.23607,2.23607,2.82843,2.82843,2.23607,2.23607,3.0,3.0,3.0,4.12311,4.12311,4.12311,5.09902,5.09902,5.09902,5.09902,5.09902,6.08276,6.08276,5.09902,6.08276,6.08276,6.08276,6.08276,6.0,6.0,6.0,6.08276,6.08276,6.32456,5.38516,86.14523,86.57944,85.70881,84.92938,78.44743,79.07591,73.75636,70.34202,66.09841,68.68042,63.56099,62.58594,55.10898,51.97115,48.27007,43.93177,40.31129,37.85499,37.05401,30.41381,32.01562,29.01724,20.09975,18.68154,17.46425,20.12461,16.12452,13.45362,15.26434,22.67157,16.15549,21.9545,18.0,23.0,21.09502,26.30589,27.89265,29.61419,29.83287,28.28427,32.38827,34.1321,35.90265,35.35534,36.87818,37.21559,38.11824,37.12142,36.05551,39.01282,38.01316,36.22154,42.29657,41.19466,43.17407,36.68787,36.40055,35.0571,40.0125,45.17743,46.52956,50.9902,47.12749,46.61545,52.55473,52.0,53.22593,56.0803,58.83026,61.77378,63.28507,63.00794,65.60488,64.66065,65.29931,69.52697,67.94115,67.89698,74.96666,70.76722,71.42129,72.18033,70.83784,72.34639,67.35726,66.70832,70.17834,65.11528,67.26812,66.48308,62.24147,60.82763,57.28001,60.959,55.80323,55.44367,55.21775,54.20332,55.54278,55.15433,55.02727,59.77458,54.81788,60.01666,64.77654,63.28507,67.00746,65.12296,73.02739,75.00667,76.10519,80.1561,83.00602,88.00568
16.03122,15.0,15.0,14.0,13.0,13.0,12.0,11.0,11.0,10.0,10.0,9.0,9.0,8.0,7.0,7.07107,6.08276,5.09902,5.09902,4.12311,4.12311,3.60555,3.60555,2.82843,2.82843,3.16228,3.16228,3.0,3.0,4.12311,3.16228,4.12311,4.12311,4.12311,5.38516,5.38516,5.38516,5.38516,5.38516,5.38516,6.32456,6.32456,6.32456,6.08276,6.08276,7.07107,7.07107,7.07107,7.0,6.0,6.08276,7.07107,91.24144,85.47514,89.6772,84.29116,80.399,83.09633,75.16648,78.0,69.02898,66.0303,64.12488,59.00847,56.14268,51.08816,48.01042,44.18144,46.17359,40.1995,35.51056,31.32092,31.32092,26.92582,22.36068,24.59675,17.49286,19.20937,18.02776,15.81139,18.02776,15.52417,17.26268,20.22375,20.88061,23.34524,20.61553,26.0,24.69818,23.25941,28.63564,29.15476,30.41381,33.28663,32.24903,34.48188,37.12142,34.53983,38.01316,37.16181,38.62642,38.8973,38.8973,35.73514,38.07887,34.9285,37.33631,35.01428,34.05877,35.17101,38.07887,39.05125,44.04543,40.11234,46.09772,49.49747,47.51842,50.44799,53.15073,54.81788,55.97321,59.46427,58.87274,63.15853,62.24147,62.6099,63.13478,67.1193,71.34424,67.74216,69.97142,69.64194,68.7968,68.8186,68.50547,66.4003,66.0303,65.0,66.0303,63.82006,66.4003,64.07027,60.46487,56.93856,55.9464,55.03635,58.69412,59.80803,59.13544,54.57105,49.24429,53.33854,54.33231,57.00877,54.08327,57.14018,60.67125,60.82763,66.4906,68.15424,71.80529,76.40026,80.52329,85.16455,82.28001,88.32327
15.29706,14.31782,14.14214,13.0384,12.16553,12.16553,11.18034,10.04988,10.19804,9.21954,8.24621,8.24621,7.07107,7.28011,6.32456,5.83095,5.0,5.0,4.47214,4.24264,4.24264,3.60555,3.60555,3.16228,3.16228,4.0,4.12311,4.12311,4.47214,4.47214,4.47214,5.83095,5.83095,5.83095,6.7082,6.7082,7.2111,6.7082,6.7082,6.7082,7.61577,7.61577,7.61577,7.61577,7.61577,7.61577,8.24621,7.28011,8.24621,7.07107,8.06226,7.0,97.26767,87.29834,85.70881,82.20097,80.50466,76.53104,76.41989,73.02739,67.1193,65.27634,59.4138,57.31492,54.33231,53.15073,48.01042,43.41659,48.50773,38.32754,37.33631,33.52611,31.04835,25.05993,24.59675,26.57066,19.84943,20.61553,17.20465,18.38478,13.0384,19.10497,18.11077,19.10497,20.02498,21.2132,23.4094,25.63201,25.0,25.63201,28.4605,30.52868,30.8707,32.44996,34.17601,34.43835,33.61547,37.69615,36.67424,38.48376,36.40055,39.56008,41.10961,41.76123,39.62323,40.60788,39.01282,38.01316,41.19466,34.20526,43.32436,39.56008,43.28972,43.04649,46.01087,49.09175,48.01042,52.00961,50.48762,56.56854,58.0517,61.66036,56.51548,60.72891,58.87274,66.7308,67.62396,67.41662,69.857,68.88396,72.47068,70.71068,69.11584,69.97142,66.88797,70.49113,69.33974,69.46222,67.1193,65.8635,66.57327,64.88451,55.47071,59.48109,59.03389,56.0803,55.71355,54.42426,54.40588,52.7731,53.93515,56.0803,56.0,55.00909,57.00877,57.55867,57.48913,61.61169,63.15061,66.48308,70.88018,75.18643,72.8011,82.2253,86.58522,84.17244
14.86607,14.86607,13.45362,13.60147,12.80625,12.80625,12.04159,10.63015,10.63015,9.21954,8.48528,8.48528,7.07107,7.07107,6.40312,6.40312,5.83095,5.83095,4.47214,4.12311,4.12311,4.12311,4.0,3.16228,3.16228,4.12311,4.47214,4.24264,4.24264,5.0,5.0,5.0,5.83095,5.83095,6.40312,6.40312,7.2111,7.2111,7.2111,7.2111,7.81025,7.2111,7.2111,7.81025,7.81025,7.81025,8.48528,7.81025,7.81025,7.81025,8.06226,7.61577,86.60831,87.98295,82.49242,84.59905,81.84131,80.1561,77.89737,76.05919,66.24198,68.09552,63.13478,61.29437,53.33854,50.11986,46.04346,47.01064,39.66106,41.23106,34.82815,32.55764,29.69848,26.07681,27.80288,27.01851,19.72308,21.0238,18.24829,16.12452,16.03122,19.92486,20.12461,18.60108,18.60108,21.2132,23.34524,21.93171,22.2036,24.83948,25.0,35.60899,34.98571,37.73592,28.6007,31.62278,35.8469,40.49691,37.53665,38.58756,41.7732,40.36087,41.86884,39.62323,38.8973,38.41875,38.01316,40.49691,38.94868,35.4683,39.66106,35.8469,43.38202,43.01163,47.43416,46.32494,45.89118,51.62364,48.6621,57.70615,58.30952,63.28507,65.06919,61.0082,58.21512,67.18631,67.00746,66.27217,70.03571,67.36468,73.1642,67.89698,67.26812,68.88396,67.26812,68.65858,69.63476,66.94027,65.96969,62.36986,66.4906,61.39218,63.95311,61.0,60.40695,55.08176,58.07753,55.22681,54.45181,56.4358,47.85394,52.39275,57.56735,55.4617,53.7122,55.22681,61.22091,60.80296,65.21503,67.35726,71.50524,80.1561,71.58911,78.24321,81.68843,86.4523
15.65248,14.76482,14.76482,13.41641,12.52996,12.52996,11.6619,11.18034,11.18034,9.43398,10.29563,8.94427,7.61577,7.61577,6.32456,6.32456,6.08276,6.08276,5.0,4.0,4.12311,4.12311,4.12311,3.60555,3.60555,3.60555,4.24264,4.47214,4.47214,4.47214,5.38516,5.38516,6.32456,6.32456,6.32456,6.32456,6.32456,7.28011,7.28011,7.28011,7.28011,7.28011,7.28011,7.61577,7.61577,7.61577,8.06226,8.06226,8.06226,8.60233,7.81025,7.07107,88.76936,90.24965,82.71034,87.28115,86.33076,80.65358,75.58439,70.93659,69.857,63.56886,61.40033,61.09828,59.48109,55.02727,48.70318,46.32494,45.54119,38.32754,35.69314,30.59412,33.01515,27.07397,25.07987,23.02173,21.84033,19.64688,21.26029,17.49286,17.02939,19.72308,18.35756,20.12461,18.97367,21.58703,24.18677,24.02082,22.2036,24.02082,30.01666,33.01515,33.06055,33.37664,35.0571,37.0,34.0,38.11824,39.11521,39.01282,35.12834,40.31129,37.33631,38.47077,41.0,39.84972,43.41659,38.47077,36.89173,35.35534,37.33631,37.33631,43.01163,47.43416,45.31004,47.85394,50.11986,54.20332,51.47815,56.0357,55.60576,55.60576,62.00806,60.20797,62.96825,60.959,74.24958,65.8559,66.52819,66.8431,69.6563,69.63476,69.06519,69.33974,69.33974,68.7968,65.73431,66.57327,69.06519,65.0,58.82176,61.84658,60.46487,59.20304,57.28001,60.87693,56.56854,53.8145,52.63079,54.40588,53.00943,53.7122,55.03635,54.42426,58.5235,57.28001,59.66574,63.32456,65.11528,67.26812,74.33034,74.8131,81.30191,78.51751,80.89499,87.9659
14.31782,14.31782,13.0,12.64911,11.7047,11.7047,10.77033,9.84886,9.84886,8.544,8.544,8.06226,6.7082,6.7082,5.83095,5.83095,5.65685,4.24264,4.24264,4.24264,3.60555,3.16228,3.16228,3.0,3.0,4.12311,4.47214,3.16228,5.0,4.47214,5.0,5.0,5.0,5.65685,5.83095,6.40312,6.40312,6.40312,6.40312,6.40312,7.2111,7.2111,7.2111,7.2111,7.2111,7.61577,7.61577,7.61577,7.61577,7.28011,7.28011,7.07107,91.70605,84.09518,87.09191,88.58894,79.84986,75.6439,77.83315,72.8011,68.30813,64.2573,62.39391,58.13777,52.39275,51.26402,48.10405,42.72002,39.56008,37.57659,34.48188,31.06445,32.75668,27.80288,26.24881,23.34524,22.02272,19.23538,15.65248,20.24846,18.68154,18.68154,16.12452,21.18962,19.92486,23.85372,23.60085,25.94224,25.55386,27.80288,30.61046,34.71311,34.4093,33.94113,35.80503,34.20526,37.01351,39.11521,38.20995,35.80503,40.0,39.11521,38.47077,42.94182,39.35734,40.49691,41.48494,38.83298,37.85499,29.83287,36.40055,41.88078,43.04649,38.47077,45.88028,44.38468,47.12749,48.08326,49.25444,55.3263,55.14526,59.13544,61.13101,60.03332,62.0,68.00735,66.06815,68.11755,69.18092,70.11419,68.73136,68.88396,70.83078,66.94027,67.08204,65.25335,71.06335,63.78871,69.87131,59.20304,64.53681,64.93843,59.84146,62.64982,57.42822,59.07622,58.03447,59.00847,55.0,53.08484,52.46904,57.07013,52.88667,53.85165,56.64804,53.66563,59.94164,61.91123,62.76942,73.06162,69.40461,74.88658,76.27582,77.69813,87.09191,87.13208
15.29706,14.31782,14.56022,13.60147,13.60147,12.36932,11.40175,11.40175,10.19804,10.44031,9.21954,8.24621,8.24621,7.07107,7.28011,6.08276,6.0,5.0,5.0,4.0,4.0,4.12311,3.16228,3.16228,3.60555,2.82843,3.16228,2.23607,3.16228,4.12311,4.12311,4.0,4.0,5.0,5.0,5.0,5.0,5.0,5.0,6.0,6.0,6.0,6.0,6.0,6.0,6.08276,7.07107,6.08276,6.32456,6.32456,6.7082,6.7082,86.83317,87.66413,91.98369,85.70298,74.95332,77.12976,74.95332,76.92204,70.21396,66.48308,60.87693,60.63827,55.31727,52.39275,47.43416,43.56604,42.75512,37.65634,37.65634,31.257,29.0,27.01851,26.07681,25.0,21.2132,21.18962,18.02776,18.60108,19.41649,13.89244,14.76482,15.81139,20.39608,22.09072,22.02272,23.0,28.28427,28.01785,30.14963,30.14963,30.59412,30.26549,35.0,33.01515,30.14963,36.34556,37.21559,39.01282,36.22154,42.0119,39.11521,42.19005,40.79216,39.29377,38.60052,35.4683,35.4683,35.01428,39.11521,40.31129,42.72002,47.12749,46.61545,47.16991,49.24429,53.33854,52.43091,55.75841,59.40539,54.67175,59.81639,60.44005,60.44005,68.62215,67.17887,70.00714,68.0147,68.76772,71.06335,72.62231,71.61006,70.60453,65.80274,68.7968,70.0,62.68174,69.40461,65.21503,65.43699,62.482,61.07373,61.6198,55.86591,55.17246,58.72819,58.24946,54.6443,53.25411,55.9464,56.82429,57.27128,56.46238,53.60037,55.10898,59.5399,64.49806,64.19502,66.27217,72.24957,74.16873,77.02597,87.05171,86.20905,88.20431
15.81139,14.42221,14.42221,13.60147,13.0384,12.20656,12.20656,10.81665,10.81665,10.29563,9.43398,9.43398,8.06226,7.61577,6.7082,6.32456,6.32456,5.09902,5.09902,4.0,4.0,4.12311,4.12311,3.16228,3.60555,3.60555,4.24264,5.0,4.47214,5.0,5.38516,5.38516,6.32456,6.32456,6.32456,6.32456,6.7082,7.28011,7.61577,7.61577,7.61577,7.61577,7.61577,7.61577,7.61577,8.06226,8.06226,8.06226,8.60233,7.81025,7.07107,7.81025,91.24144,91.3017,86.09297,82.1523,85.44004,81.5414,76.27582,74.88658,73.40981,68.7968,62.68174,60.21628,56.0803,54.6443,52.00961,45.17743,42.19005,36.05551,37.94733,36.05551,31.38471,29.15476,26.24881,20.39608,22.02272,19.0263,21.18962,18.38478,20.24846,19.41649,19.10497,19.79899,19.72308,24.59675,25.70992,21.18962,24.73863,26.92582,32.75668,29.41088,31.95309,32.28002,34.9285,33.52611,32.28002,39.92493,38.32754,37.64306,36.76955,39.92493,40.70626,41.18252,41.67733,38.01316,37.20215,38.8973,36.79674,36.34556,38.8973,38.27532,42.48529,48.54894,42.80187,45.0,51.66237,53.03772,52.40229,53.2635,55.86591,60.44005,57.80138,60.46487,65.60488,65.73431,67.60178,68.60029,68.0,69.77822,69.31811,74.84651,69.35416,72.44998,68.70953,70.93659,67.77905,70.00714,72.44998,64.84597,61.84658,66.12866,59.61543,61.7414,56.35601,59.5063,55.75841,56.30275,55.0,52.80152,58.72819,55.17246,54.48853,50.0,53.0,57.70615,59.5399,63.07139,68.02941,65.9242,71.51224,71.30919,79.47956,83.81527,84.50444,90.13878
15.52417,14.31782,14.14214,13.15295,13.15295,12.16553,11.18034,11.18034,10.19804,10.19804,9.21954,8.24621,8.24621,7.07107,7.07107,6.32456,5.38516,5.38516,4.47214,4.47214,3.60555,3.60555,3.60555,2.82843,3.60555,3.16228,3.0,3.0,3.16228,4.12311,3.16228,3.60555,4.47214,4.47214,4.47214,5.38516,5.38516,5.38516,5.38516,5.38516,5.38516,6.32456,6.32456,6.32456,6.32456,6.32456,6.32456,6.08276,6.08276,6.0,7.07107,6.08276,88.95504,84.43341,90.47652,85.86617,85.3815,76.24303,77.12976,70.83078,69.12308,67.18631,62.58594,57.48913,53.45091,50.28916,47.53946,44.59821,44.01136,40.16217,38.07887,33.10589,32.69557,27.78489,23.60085,19.41649,19.10497,17.20465,19.69772,15.65248,15.52417,20.22375,14.31782,17.72005,18.97367,21.54066,22.47221,21.93171,26.90725,27.45906,29.20616,29.73214,31.1127,35.4683,31.89044,32.01562,33.97058,34.71311,36.23534,35.0,35.51056,35.80503,39.44617,38.94868,38.94868,40.24922,38.62642,34.71311,36.49658,35.34119,38.8973,42.37924,41.48494,44.55334,47.38143,48.0,48.01042,53.23533,56.22277,53.08484,56.56854,61.40033,62.64982,60.20797,65.73431,66.48308,67.91171,70.34202,66.12866,70.83784,74.46476,70.38466,70.26379,71.69379,65.30697,71.69379,67.1193,67.54258,69.35416,64.07808,64.07808,62.64982,62.24147,58.5235,59.46427,57.00877,58.24946,54.74486,53.46027,56.4358,54.00926,51.0098,59.07622,56.56854,56.08921,60.87693,59.80803,66.12866,66.64083,72.00694,74.70609,78.39005,78.29432,85.47514,88.14193,91.28527
14.14214,13.0384,13.15295,12.04159,12.04159,11.04536,10.04988,10.04988,9.05539,8.06226,8.06226,7.07107,7.07107,6.08276,6.08276,5.09902,5.09902,4.12311,4.47214,3.60555,3.60555,2.82843,2.82843,3.16228,2.23607,2.0,2.23607,3.16228,3.16228,3.60555,4.12311,4.47214,4.47214,5.0,5.0,5.0,5.83095,5.83095,5.83095,6.7082,5.83095,5.83095,6.7082,5.83095,5.38516,6.32456,6.32456,6.08276,6.08276,6.0,6.0,6.0,91.67879,89.82205,86.88498,82.60751,79.42921,81.30191,73.24616,72.33948,66.37017,65.62012,64.28063,53.33854,56.0803,53.33854,49.0306,45.60702,43.56604,33.95585,37.10795,32.98485,28.23119,27.29469,25.23886,23.85372,20.80865,15.55635,19.20937,18.68154,20.88061,13.15295,14.0,17.46425,19.31321,24.59675,21.18962,25.07987,22.82542,26.41969,28.63564,28.17801,31.30495,32.44996,31.30495,34.48188,34.20526,37.12142,36.35932,35.77709,37.58989,38.8973,36.40055,37.64306,39.29377,35.90265,39.62323,36.12478,35.01428,37.57659,41.10961,38.63936,46.38965,43.01163,47.04253,48.09366,52.23983,51.78803,50.80354,54.58938,58.24946,62.58594,61.61169,67.35726,65.80274,69.64194,65.55151,68.54196,68.44706,70.23532,74.70609,71.34424,70.26379,71.11962,71.19691,67.60178,70.71068,64.49806,70.71068,60.41523,64.00781,64.3506,64.40497,63.06346,60.83584,54.23099,56.30275,57.97413,57.00877,54.34151,55.44367,58.03447,52.03845,58.00862,60.07495,58.69412,59.03389,64.28841,63.89053,69.92138,72.23573,79.05694,74.33034,85.70298,88.95504,86.97701
15.13275,15.13275,14.03567,13.15295,13.15295,12.16553,12.16553,11.04536,10.04988,10.04988,10.04988,9.05539,8.0,7.0,7.0,6.08276,6.08276,6.08276,5.09902,4.47214,4.47214,4.47214,5.0,4.24264,3.60555,3.60555,4.12311,4.12311,4.0,5.0,5.0,5.0,5.0,6.0,6.0,6.08276,6.0,7.07107,7.07107,7.07107,7.0,7.0,7.0,7.0,7.0,7.0,7.0,8.06226,8.06226,7.28011,7.28011,7.61577,87.28115,85.2115,89.05055,87.02299,85.0,80.00625,79.00633,75.10659,71.17584,67.06713,65.12296,58.0,57.0,52.00961,49.0102,46.0,43.04649,39.01282,38.63936,35.73514,29.42788,32.89377,23.5372,21.54066,21.47091,22.80351,19.10497,19.23538,15.81139,18.68154,17.46425,22.56103,19.23538,20.39608,25.70992,23.19483,24.33105,27.89265,30.08322,28.16026,33.61547,35.1141,35.4683,33.24154,36.40055,36.87818,37.10795,37.64306,41.0,37.65634,41.19466,41.19466,40.0125,40.0,41.01219,38.83298,40.26164,35.73514,40.79216,38.11824,48.50773,46.04346,48.01042,53.03772,56.4358,47.51842,51.92302,57.56735,61.68468,60.40695,63.60031,62.29767,62.03225,65.36819,66.64833,61.7414,70.21396,70.17834,68.09552,71.02112,76.66159,67.80118,71.40028,69.64194,70.72482,73.60027,68.11755,64.53681,66.0303,66.61081,55.9464,60.46487,58.30952,58.13777,59.03389,54.08327,55.36244,50.59644,59.20304,55.08176,55.7315,52.23983,55.00909,57.07889,62.20129,60.67125,64.38167,68.88396,76.15773,76.94154,77.27872,81.02469,85.61542,86.12201
13.92839,14.86607,13.60147,13.0,11.7047,12.08305,10.77033,10.77033,9.84886,8.544,8.94427,8.544,7.28011,6.32456,6.32456,6.32456,5.09902,5.09902,4.0,4.0,3.0,3.16228,2.23607,2.23607,2.82843,2.82843,2.23607,3.16228,4.0,3.0,4.0,4.0,5.0,5.0,5.0,5.0,5.0,6.0,6.0,6.0,6.0,6.0,6.08276,6.0,6.08276,6.08276,6.08276,6.32456,6.32456,6.7082,5.83095,5.83095,85.0,83.95237,82.76473,85.86617,79.69944,79.12016,73.05477,71.7844,67.05222,68.70953,64.19502,57.87055,54.70832,51.47815,48.08326,43.68066,42.44997,37.36308,34.48188,30.59412,33.24154,29.01724,24.0,20.22375,19.0263,20.24846,18.97367,17.20465,14.21267,20.51828,17.49286,17.46425,18.97367,19.0263,21.37756,23.34524,27.16616,26.30589,27.0,26.1725,31.257,33.0,33.37664,34.0147,34.36568,37.21559,35.22783,39.05125,38.63936,39.81206,38.32754,39.56008,35.8469,39.0,37.12142,34.66987,32.44996,37.85499,39.05125,44.01136,42.10701,44.28318,47.85394,51.41984,51.86521,52.81098,54.626,53.7122,57.69749,59.5063,61.77378,65.36819,66.28725,70.49113,67.20119,70.0,70.93659,68.593,71.58911,66.46804,71.44928,71.44928,72.86288,67.20863,67.20863,64.3506,65.79514,63.70243,65.06919,65.19202,60.81118,63.65532,58.72819,55.31727,55.0,56.0357,53.33854,55.07268,57.24509,55.9464,55.02727,59.13544,59.03389,59.66574,58.46366,61.40033,65.49046,69.11584,77.05842,76.53104,80.00625,79.22752,79.22752,82.21922
15.55635,14.86607,14.86607,14.14214,13.45362,12.04159,12.04159,11.40175,10.63015,10.63015,9.89949,9.21954,9.21954,7.81025,7.81025,6.40312,6.40312,5.83095,5.0,5.38516,4.47214,4.12311,4.12311,4.0,4.0,3.16228,3.60555,4.47214,3.60555,4.24264,4.24264,4.24264,5.65685,5.65685,5.0,6.40312,5.83095,5.65685,6.40312,5.65685,6.40312,6.40312,7.07107,7.07107,7.07107,7.07107,7.81025,7.2111,7.2111,6.7082,6.7082,6.32456,98.49365,88.52683,87.9659,87.32125,82.20097,81.02469,75.80237,74.4043,71.28113,68.26419,63.28507,59.40539,53.82379,56.85948,49.92995,47.63402,46.40043,39.69887,38.8973,34.65545,31.1127,30.4795,23.32381,22.82542,22.84732,20.39608,18.0,21.09502,13.0,21.37756,18.02776,20.61553,18.86796,20.51828,19.20937,24.08319,26.87006,26.1725,28.3196,31.89044,34.05877,34.71311,34.05877,36.79674,36.06938,32.52691,39.82462,39.62323,38.8973,38.20995,40.22437,41.40048,40.22437,40.49691,39.44617,40.8534,38.27532,36.67424,37.80212,40.60788,43.27817,45.25483,44.68781,45.34314,47.80167,49.73932,52.83938,56.4358,58.59181,58.18075,61.46544,64.07808,62.29767,69.57011,67.44627,69.92138,69.857,69.42622,71.70077,69.2315,70.71068,72.44308,65.49046,68.46897,69.35416,64.49806,67.74216,64.19502,65.12296,61.29437,60.53098,58.69412,59.5399,56.29387,57.48913,53.60037,54.42426,57.77543,50.9902,54.58938,55.07268,56.61272,55.22681,56.63921,62.93648,62.96825,69.35416,71.44928,75.43209,74.51845,75.0733,87.86353,85.14693,87.61849
14.56022,13.60147,13.60147,12.64911,12.64911,11.7047,11.7047,10.44031,10.44031,9.48683,8.544,8.24621,7.28011,6.32456,6.08276,6.08276,5.09902,5.09902,4.0,3.0,3.16228,3.16228,3.16228,2.82843,2.82843,2.82843,3.16228,3.16228,4.0,4.0,4.0,4.0,5.09902,5.0,5.0,5.09902,5.0,6.0,6.0,6.0,6.0,6.0,7.0,6.0,6.0,6.08276,6.08276,6.08276,6.32456,6.32456,6.7082,5.83095,85.47514,88.28363,82.8734,87.66413,82.9759,78.8543,75.18643,71.06335,70.60453,63.06346,62.29767,58.94065,56.04463,51.86521,46.32494,44.55334,43.17407,37.85499,33.24154,35.0571,28.07134,27.01851,26.30589,21.37756,17.46425,17.46425,18.86796,16.40122,16.27882,19.41649,18.78829,20.12461,19.92486,19.0263,22.0,23.08679,25.07987,29.01724,27.16616,29.61419,33.06055,30.01666,34.0147,33.37664,33.01515,35.0571,36.05551,38.0,35.12834,35.0571,37.65634,35.69314,37.85499,37.0,38.8973,37.57659,35.35534,37.85499,37.48333,41.01219,43.04649,46.52956,41.4367,45.88028,47.43416,50.92151,56.30275,53.31041,56.46238,60.00833,64.41273,63.13478,63.95311,64.3506,65.80274,65.73431,69.35416,68.88396,73.10951,70.76722,66.06815,66.48308,70.00714,72.13876,68.0147,68.62215,64.38167,63.12686,65.05382,64.38167,66.48308,61.52235,59.46427,59.81639,54.3783,56.30275,58.66856,54.12024,53.31041,55.15433,58.5235,55.65968,52.63079,54.91812,62.28965,61.18823,66.00758,65.03076,70.06426,74.02702,79.05694,79.15807,84.05355,86.09297
15.81139,14.42221,13.0384,13.60147,12.20656,12.20656,11.6619,10.81665,10.81665,9.43398,8.60233,8.60233,8.06226,7.2111,6.7082,6.32456,5.38516,5.38516,5.09902,5.0,4.0,4.0,4.12311,4.12311,3.60555,4.47214,5.0,5.0,4.47214,5.0,4.47214,5.38516,5.38516,6.32456,6.7082,6.7082,6.7082,6.7082,6.7082,6.7082,6.7082,6.7082,8.06226,7.2111,7.2111,7.2111,7.2111,7.2111,7.81025,7.07107,7.81025,7.2111,95.70789,88.68484,87.70975,89.00562,80.5295,79.32213,74.88658,77.17513,73.4983,65.73431,62.96825,63.81222,61.05735,55.22681,52.15362,45.79301,48.75449,40.24922,34.43835,37.57659,31.95309,29.73214,24.5153,25.07987,20.09975,23.34524,20.39608,20.12461,20.24846,15.6205,19.10497,22.02272,18.86796,22.36068,25.07987,27.313,28.4605,27.89265,27.51363,30.59412,32.89377,32.75668,33.73426,35.90265,34.71311,37.65634,38.8973,38.60052,38.8973,39.82462,40.24922,43.909,39.81206,38.94868,38.07887,37.53665,37.48333,34.9285,39.21734,39.0,42.94182,45.65085,45.0,47.42362,50.24938,52.40229,51.85557,56.72742,57.62812,58.79626,58.60034,63.24555,62.42596,67.42403,69.97142,67.74216,65.74192,68.8767,70.21396,71.69379,70.77429,71.16881,71.30919,68.00735,65.78754,67.62396,66.85058,65.78754,65.19202,66.30988,62.76942,61.84658,55.4617,59.68249,57.2014,55.47071,57.00877,51.85557,51.66237,56.72742,55.44367,51.86521,61.58734,58.83026,61.77378,64.4748,67.41662,68.94926,71.16881,73.73602,80.00625,83.48653,84.15462,86.53901
14.31782,13.34166,13.34166,12.36932,12.36932,11.40175,10.44031,9.48683,9.48683,8.24621,8.24621,8.24621,7.28011,6.08276,6.08276,5.09902,5.09902,5.0,4.0,3.0,3.16228,3.16228,3.16228,2.82843,2.82843,2.23607,3.16228,3.0,4.0,3.0,4.0,4.12311,5.09902,5.09902,5.0,5.09902,5.09902,5.09902,6.08276,6.08276,6.0,6.0,6.08276,6.0,6.0,6.0,6.08276,6.08276,6.08276,6.08276,5.38516,5.83095,89.35883,85.58621,84.29116,84.85281,85.0,75.31268,74.1485,76.94154,71.30919,64.7611,62.64184,58.85576,55.31727,53.36666,47.29693,45.09989,45.54119,39.11521,35.12834,36.01389,28.01785,30.01666,21.58703,22.56103,22.56103,17.72005,19.72308,16.27882,17.69181,18.38478,19.41649,19.92486,19.23538,22.09072,23.02173,18.24829,25.07987,27.45906,30.26549,30.01666,32.24903,35.12834,31.257,36.13862,35.51056,35.12834,35.51056,37.21559,40.0,36.01389,37.0,37.33631,42.29657,40.1995,38.32754,36.87818,35.34119,36.05551,42.0,39.11521,45.09989,49.64877,46.69047,48.38388,51.5461,53.48832,55.71355,55.02727,58.13777,59.05929,64.41273,63.63175,63.81222,69.06519,67.80118,70.80254,68.24954,68.11755,72.18033,72.86288,70.17834,70.71068,73.66139,70.71068,70.00714,67.20863,65.76473,65.79514,67.88225,66.48308,61.52235,59.4138,58.25805,58.60034,57.68882,56.0803,56.4358,56.82429,55.54278,53.14132,59.13544,59.90826,55.7853,57.55867,62.514,65.12296,70.0,71.11259,74.10803,77.23341,80.025,85.02353,88.27797,91.26883
15.6205,14.21267,14.21267,13.45362,13.45362,11.31371,10.63015,10.63015,9.89949,9.21954,8.48528,7.81025,7.81025,7.2111,6.40312,5.83095,4.47214,4.47214,4.12311,4.12311,4.12311,3.0,3.16228,3.16228,3.16228,3.60555,3.60555,4.24264,4.47214,5.38516,4.47214,4.47214,5.38516,5.38516,6.32456,6.7082,6.7082,6.7082,6.7082,6.7082,6.7082,6.7082,7.2111,7.2111,7.2111,7.2111,7.2111,7.81025,7.07107,6.40312,7.2111,6.7082,89.56004,92.65528,88.25531,86.03488,82.34683,81.85964,75.591,73.79024,69.31811,66.64083,62.24147,59.09315,55.9017,53.85165,48.76474,47.85394,42.54409,40.49691,37.16181,34.20526,30.14963,28.44293,24.5153,23.19483,23.5372,19.23538,20.24846,17.08801,17.20465,15.0,19.79899,21.09502,21.93171,26.83282,23.5372,25.29822,26.4764,27.89265,31.14482,28.86174,34.20526,36.87818,36.13862,37.64306,34.71311,37.33631,37.10795,39.05125,38.60052,40.02499,37.94733,43.08132,39.81206,40.70626,40.31129,41.23106,38.20995,38.01316,38.11824,41.4367,47.85394,44.27189,45.31004,47.01064,50.53712,53.23533,53.0,58.25805,60.0,60.87693,58.0,62.482,63.12686,69.42622,63.70243,68.68042,72.18033,75.9276,73.0,72.11103,71.56116,69.83552,72.47068,70.72482,69.33974,71.86793,69.97142,67.42403,64.66065,67.42403,61.61169,59.40539,60.21628,57.62812,58.72819,54.45181,57.38467,55.60576,57.68882,54.91812,56.36488,52.80152,60.41523,57.58472,61.61169,60.16644,64.28841,69.64194,72.99315,75.70997,73.5459,84.89994,86.58522,90.47099
14.14214,13.34166,12.16553,12.36932,11.40175,11.18034,10.19804,9.21954,9.21954,8.24621,8.06226,8.06226,7.07107,6.08276,6.08276,5.0,5.0,4.12311,4.12311,3.16228,3.16228,3.60555,2.82843,2.82843,3.60555,3.16228,4.12311,4.0,4.0,4.0,4.0,5.0,5.09902,5.0,6.08276,6.08276,6.08276,6.08276,6.0,6.0,7.07107,7.0,7.0,7.0,7.0,7.0,7.07107,7.07107,7.07107,6.32456,6.32456,6.7082,81.78631,85.86617,82.9759,83.9345,81.7435,78.74643,75.61085,74.33034,66.09841,61.68468,61.40033,59.20304,57.87055,50.96077,48.76474,46.09772,40.26164,38.8973,33.95585,36.34556,32.14032,29.15476,27.29469,25.07987,21.58703,22.47221,17.88854,16.27882,19.84943,17.69181,16.55295,16.27882,21.18962,22.2036,23.08679,26.30589,29.0,30.0,31.257,31.0,31.01612,29.01724,35.01428,33.01515,38.11824,37.01351,37.12142,42.0119,40.31129,38.01316,38.20995,40.1995,35.69314,36.67424,36.68787,36.76955,35.77709,34.05877,37.12142,40.31129,41.23106,44.59821,44.28318,47.01064,48.33218,52.15362,52.69725,54.20332,55.21775,57.80138,62.482,59.5483,65.8559,64.44377,67.94115,68.62215,68.0147,71.06335,73.0,70.0,72.94518,69.40461,69.63476,68.24222,66.57327,69.40461,68.50547,63.51378,63.00794,65.0,59.66574,57.00877,55.31727,56.58622,55.86591,53.75872,54.56189,56.85948,55.07268,56.35601,57.27128,57.77543,52.20153,57.07013,58.5235,60.20797,65.62012,66.61081,70.45566,72.11103,78.02564,83.48653,83.29466,86.83317
15.29706,14.31782,14.14214,13.15295,13.0384,12.16553,11.18034,11.18034,11.18034,9.05539,9.05539,9.21954,8.06226,7.07107,7.07107,6.32456,6.32456,5.38516,4.47214,4.12311,3.60555,3.60555,3.60555,2.82843,2.82843,3.16228,3.0,2.0,3.0,4.0,3.16228,4.12311,4.47214,4.47214,4.47214,5.38516,5.38516,4.47214,5.38516,5.38516,6.32456,6.32456,6.08276,6.08276,6.08276,6.08276,6.0,6.0,6.0,6.08276,6.08276,6.32456,91.00549,86.34813,86.49277,84.71718,88.11924,82.60751,75.42546,74.16873,70.45566,63.50591,60.07495,55.3263,57.31492,51.47815,49.64877,43.56604,44.55334,39.62323,33.24154,32.28002,33.54102,29.41088,25.05993,23.32381,20.0,17.69181,18.02776,19.23538,19.72308,20.61553,19.41649,19.0,17.02939,22.80351,24.69818,26.68333,22.84732,24.33105,26.40076,30.08322,27.51363,32.31099,31.7805,34.43835,33.10589,35.1141,34.53983,37.69615,38.60052,37.94733,37.33631,39.45884,38.63936,39.62323,36.0,40.1995,37.33631,34.98571,41.62932,39.56008,41.0,45.89118,50.63596,48.04165,48.25971,53.0,52.00961,53.03772,58.42089,61.13101,65.62012,68.46897,63.56099,63.78871,68.65858,67.44627,67.62396,68.00735,70.26379,70.77429,67.97794,70.26379,68.54196,72.09022,70.23532,64.00781,63.95311,63.06346,67.62396,64.40497,61.26989,61.46544,61.46544,57.24509,57.00877,55.10898,55.10898,55.44367,55.22681,54.03702,60.03332,56.0357,54.33231,58.69412,63.56099,65.25335,62.36185,69.46222,69.857,77.49194,80.23092,81.5414,84.8646,83.48653
14.86607,14.86607,13.45362,13.45362,12.80625,12.80625,12.04159,11.40175,10.63015,9.21954,10.0,9.21954,7.81025,7.81025,6.40312,5.65685,5.65685,5.0,3.60555,3.60555,3.60555,3.16228,3.16228,3.0,3.0,3.16228,2.82843,2.82843,2.82843,4.24264,3.60555,5.0,5.0,4.47214,5.0,5.0,5.0,5.83095,5.83095,5.83095,5.83095,6.40312,6.40312,6.40312,6.40312,5.65685,6.40312,6.40312,6.40312,5.83095,5.83095,6.32456,89.27486,87.00575,91.67879,83.63014,77.98718,82.13404,77.07788,76.36753,65.76473,65.76473,67.17887,58.69412,55.86591,48.79549,51.66237,45.45327,44.04543,35.22783,39.82462,36.61967,32.75668,23.85372,25.4951,21.47091,22.2036,17.11724,17.26268,19.64688,17.26268,18.38478,16.27882,21.26029,16.40122,18.43909,18.02776,27.78489,22.84732,23.25941,31.62278,31.76476,32.31099,31.95309,33.10589,36.67424,34.0,34.0,37.58989,35.34119,37.58989,41.18252,40.0,40.0,38.60052,37.48333,41.01219,37.80212,41.04875,39.39543,40.81666,41.40048,45.0,44.55334,46.01087,50.93133,53.00943,55.0,51.0392,60.03332,58.18075,58.83026,63.50591,67.97794,57.38467,70.93659,70.00714,72.11103,71.8401,71.30919,71.8401,71.30919,77.36924,77.10383,71.38627,71.84706,73.24616,65.76473,73.5459,63.34824,71.58911,63.56099,63.78871,62.36986,59.48109,56.61272,59.80803,57.24509,56.82429,60.03332,57.14018,60.21628,53.82379,58.89822,58.72819,60.10824,60.0,64.2028,66.57327,74.79305,72.94518,77.52419,80.77747,87.65843,88.50989,85.75547
14.76482,14.76482,13.41641,12.52996,11.6619,11.6619,11.6619,10.29563,10.29563,8.94427,9.43398,8.94427,7.61577,6.7082,6.32456,6.32456,5.38516,5.09902,5.09902,4.0,4.0,4.12311,4.12311,3.60555,3.60555,3.60555,4.24264,4.24264,4.47214,5.0,4.47214,5.38516,5.38516,5.38516,5.83095,5.83095,6.7082,6.7082,6.7082,6.7082,6.7082,7.2111,7.2111,7.2111,7.2111,7.81025,7.07107,7.07107,7.07107,7.81025,7.2111,7.2111,95.18929,86.92526,89.69392,85.79627,80.23092,78.72103,71.58911,75.17978,68.96376,67.53518,59.5063,59.9333,53.31041,50.9902,49.64877,46.23851,42.48529,36.76955,37.36308,33.54102,32.55764,30.59412,25.07987,24.02082,23.0,21.2132,18.97367,21.0238,19.84943,19.41649,18.60108,24.20744,22.47221,19.31321,25.29822,22.84732,26.4764,28.07134,31.257,28.44293,32.24903,32.24903,36.40055,35.51056,34.71311,39.05125,35.90265,37.48333,36.76955,37.94733,37.94733,38.07887,38.27532,38.91015,39.40812,42.0119,37.53665,35.0571,37.85499,38.32754,42.05948,45.69464,44.38468,44.72136,48.76474,48.8774,50.0,56.85068,59.4138,58.0,59.4138,65.19202,61.6198,67.20863,65.29931,66.70832,67.47592,69.89278,69.64194,70.72482,68.26419,68.09552,69.97142,69.83552,66.64833,62.64982,67.60178,64.66065,61.05735,64.88451,60.74537,59.40539,59.40539,57.14018,57.42822,55.17246,53.75872,53.75872,56.85068,53.00943,52.80152,51.10773,54.42426,54.08327,60.40695,63.60031,64.28841,69.37579,71.30919,72.56721,78.64477,76.48529,85.14693,84.17244
14.86607,13.92839,13.0,12.64911,11.7047,11.7047,10.77033,10.77033,9.84886,8.544,8.544,7.61577,7.61577,6.7082,6.7082,5.83095,6.40312,5.0,5.0,4.24264,3.60555,3.60555,3.16228,3.16228,4.0,4.0,4.12311,4.12311,4.47214,4.47214,4.47214,5.0,5.83095,5.83095,6.40312,6.40312,6.40312,6.40312,6.40312,7.2111,7.2111,7.2111,7.2111,6.7082,6.7082,7.61577,7.61577,7.61577,7.61577,7.28011,7.28011,7.07107,87.66413,86.33076,86.97701,85.09407,82.21922,79.55501,81.32035,71.16881,68.41053,60.20797,58.5235,59.90826,49.72927,55.65968,46.57252,44.94441,43.01163,37.64306,38.62642,33.61547,29.52965,25.80698,26.24881,22.67157,19.84943,21.26029,19.72308,19.64688,19.31321,17.0,17.11724,17.26268,22.13594,19.23538,21.9545,22.36068,26.07681,28.30194,30.80584,31.241,34.48188,32.44996,30.61046,31.06445,37.20215,36.61967,36.35932,39.20459,37.73592,36.24914,40.24922,42.48529,34.88553,39.84972,36.87818,35.69314,37.33631,35.22783,34.0147,39.92493,43.9659,42.57934,46.17359,49.16299,49.25444,48.09366,53.00943,57.00877,57.55867,60.20797,58.85576,59.5399,59.68249,65.73431,68.24954,64.03124,66.48308,74.09453,74.63243,73.73602,74.24958,70.21396,67.23095,65.74192,68.54196,68.44706,64.4748,65.55151,66.30988,62.39391,60.74537,58.5235,56.61272,55.54278,53.93515,56.75385,55.57877,47.16991,56.14268,53.33854,57.55867,51.62364,51.5461,55.36244,61.09828,61.09828,65.74192,64.88451,71.11259,72.89719,72.44998,82.73452,84.5281,89.55445
14.31782,14.31782,13.0,12.52996,12.08305,11.18034,11.18034,10.29563,10.29563,8.94427,8.94427,8.06226,7.61577,6.7082,5.83095,6.32456,5.38516,5.09902,4.12311,4.0,3.0,3.16228,3.16228,2.23607,2.23607,2.82843,2.82843,3.16228,3.0,3.16228,4.0,4.0,5.0,5.0,5.09902,5.09902,5.09902,5.0,6.0,6.0,6.08276,6.08276,6.08276,6.08276,6.08276,6.32456,6.32456,6.7082,5.83095,5.83095,5.83095,5.65685,87.92042,89.31965,84.69357,82.63776,85.42833,78.39005,76.96753,73.82412,64.88451,63.50591,61.7171,56.82429,53.23533,51.97115,48.75449,43.82921,40.49691,37.57659,31.95309,31.7805,30.59412,29.42788,25.17936,25.01999,21.0238,23.19483,19.41649,17.20465,16.55295,16.27882,13.45362,18.35756,20.59126,17.0,23.25941,23.5372,25.01999,26.92582,26.30589,29.83287,32.01562,29.42788,32.75668,35.17101,33.95585,38.32754,34.20526,37.36308,37.36308,33.83785,36.40055,37.69615,37.69615,36.61967,38.01316,36.89173,33.97058,38.01316,40.11234,40.79216,47.29693,46.84015,44.94441,48.33218,50.08992,53.7122,52.83938,58.83026,55.80323,60.60528,60.60528,60.30755,67.47592,66.6033,65.8559,66.48308,68.88396,72.24957,71.70077,72.8011,69.63476,69.33974,74.33034,70.80254,68.8186,69.64194,67.41662,63.82006,64.40497,65.21503,64.40497,60.44005,59.81639,58.72819,59.46427,56.63921,55.44367,55.97321,57.80138,55.47071,53.53504,53.23533,60.92618,58.87274,60.72891,61.84658,63.60031,68.24954,69.87131,77.46612,78.26238,83.95237,83.9345,88.45903
14.03567,14.0,13.0,13.0,11.0,12.04159,10.0,10.0,10.0,9.0,8.0,8.0,7.07107,6.08276,6.08276,5.09902,5.09902,4.12311,4.47214,3.16228,3.16228,2.82843,2.82843,2.23607,3.16228,2.23607,3.0,3.16228,3.16228,3.16228,4.47214,4.47214,4.47214,5.38516,4.47214,5.38516,5.38516,6.32456,6.32456,6.32456,5.38516,6.32456,6.32456,6.32456,6.32456,6.32456,6.08276,6.08276,6.0,6.0,6.0,6.08276,87.02299,89.08984,89.02247,90.19978,84.09518,78.16009,71.56815,74.54529,66.48308,69.35416,63.28507,60.20797,58.54912,51.78803,48.16638,47.0,44.04543,40.0125,35.0571,32.38827,32.38827,28.79236,24.5153,22.47221,23.02173,22.02272,17.80449,17.80449,16.64332,17.08801,17.26268,17.72005,16.76305,18.11077,23.19483,23.08679,24.35159,28.16026,31.32092,28.23119,33.95585,29.73214,36.87818,35.44009,36.13862,35.90265,36.68787,38.63936,36.49658,38.0526,37.12142,37.21559,40.0,37.0,37.12142,37.85499,36.40055,34.71311,41.0,40.31129,42.10701,45.39824,44.72136,49.64877,51.66237,52.88667,53.45091,53.14132,56.46238,58.18075,64.4748,61.7414,67.23095,69.11584,73.24616,67.41662,69.64194,72.00694,75.43209,70.43437,73.75636,70.29225,68.68042,72.18033,66.6033,66.06815,66.8431,68.11755,66.8431,64.53681,62.482,62.62587,61.85467,58.5235,58.18075,54.56189,54.56189,56.36488,53.85165,52.20153,54.57105,53.93515,59.03389,59.03389,58.0,64.07027,65.03076,66.91039,73.5527,78.16009,79.30952,86.31338,86.70063,85.15868
15.26434,14.76482,14.76482,13.89244,13.41641,12.52996,11.6619,11.6619,10.29563,10.29563,9.43398,9.43398,8.06226,7.2111,7.2111,7.2111,6.40312,5.65685,5.65685,5.0,5.0,4.47214,4.47214,4.12311,4.12311,4.0,3.16228,4.12311,4.12311,4.47214,4.47214,5.0,4.47214,5.83095,5.0,6.40312,6.40312,5.83095,5.83095,5.83095,6.40312,6.40312,6.7082,6.40312,7.2111,6.7082,6.7082,6.7082,7.28011,7.28011,7.07107,6.08276,93.34881,85.91275,85.14693,80.1561,81.40025,74.20243,75.0,74.33034,70.80254,66.0303,63.24555,61.03278,53.00943,52.00961,50.80354,45.45327,45.80393,40.36087,32.52691,36.06938,29.83287,29.06888,25.23886,24.69818,24.04163,20.88061,18.38478,20.02498,15.0333,16.76305,14.86607,20.61553,20.12461,22.2036,24.04163,22.2036,24.75884,28.28427,31.1127,26.90725,36.06938,31.82766,33.94113,33.24154,38.28838,38.8973,35.38361,37.64306,35.4683,35.38361,36.89173,38.83298,38.07887,38.94868,38.91015,40.49691,32.75668,35.4683,39.82462,40.31129,43.60046,46.01087,45.27693,43.84062,49.81967,49.40648,54.6443,55.75841,55.22681,60.90156,59.94164,63.50591,65.39113,64.4748,67.41662,68.35203,70.21396,71.47027,68.88396,72.56721,70.71068,68.88396,69.87131,68.88396,70.71068,65.49046,64.49806,67.36468,63.63961,63.3877,58.69412,61.18823,59.90826,59.66574,56.51548,50.15974,55.15433,52.80152,59.05929,55.56978,56.30275,55.47071,58.79626,56.63921,64.53681,63.12686,68.62215,70.43437,73.24616,70.17834,78.1025,84.50444,84.40379,87.20092
15.0333,15.13275,14.14214,14.31782,13.15295,13.15295,12.16553,11.04536,11.18034,10.19804,9.21954,9.05539,8.06226,8.06226,7.07107,6.0,6.0,5.0,5.09902,5.09902,4.12311,4.12311,3.16228,3.60555,3.60555,3.60555,3.16228,3.16228,3.16228,3.0,4.12311,4.0,4.0,4.0,5.0,5.0,6.0,5.0,5.0,6.0,6.0,6.0,6.0,6.0,7.0,6.08276,6.08276,6.08276,6.32456,6.32456,6.7082,5.83095,91.44397,89.56004,84.48077,85.70881,82.49242,81.04937,78.91768,76.68768,68.65858,63.78871,63.56099,61.18823,55.9017,51.78803,50.63596,45.27693,43.18565,38.20995,36.05551,31.0,30.26549,30.59412,26.92582,25.96151,23.08679,22.82542,19.84943,20.51828,15.0,16.64332,18.02776,18.24829,18.97367,21.0238,23.02173,19.0263,26.07681,26.30589,26.1725,27.0,26.92582,29.06888,35.0571,34.36568,34.36568,36.34556,37.21559,35.35534,36.01389,36.34556,38.11824,39.01282,37.01351,36.49658,37.65634,37.64306,35.8469,36.0,39.01282,44.72136,42.75512,44.64303,45.22168,45.54119,52.88667,53.22593,51.88449,58.18075,59.5399,59.5399,56.30275,63.82006,63.00794,65.60488,66.8431,67.20863,70.83784,74.41102,72.18033,71.42129,72.13876,68.0147,67.26812,67.94115,66.6033,67.47592,68.62215,65.94695,65.79514,65.11528,60.1415,62.93648,60.1415,56.63921,57.38467,54.6443,57.45433,55.03635,56.35601,60.74537,56.04463,55.97321,58.69412,56.4358,60.67125,65.06919,69.0,71.02816,72.02777,72.00694,81.09871,82.0975,87.05171,88.05112
14.31782,13.34166,13.34166,13.15295,12.16553,12.16553,11.04536,10.19804,10.04988,9.21954,9.21954,8.24621,8.24621,7.28011,6.32456,6.32456,5.38516,5.38516,5.0,5.0,4.24264,4.24264,3.60555,3.60555,3.60555,4.47214,4.12311,4.0,4.0,4.0,5.09902,5.09902,5.09902,5.09902,5.09902,5.09902,5.09902,6.08276,6.08276,6.08276,6.32456,6.08276,7.28011,6.08276,7.07107,7.07107,7.07107,7.0,7.0,7.07107,7.07107,6.08276,87.86353,87.66413,84.34453,83.29466,86.70063,77.64664,79.40403,74.10803,69.02898,68.26419,67.02984,61.03278,57.21888,58.30952,49.16299,45.39824,46.52956,40.60788,36.67424,36.40055,32.89377,29.52965,25.94224,23.70654,22.47221,23.34524,17.69181,19.92486,16.76305,21.54066,18.11077,17.02939,19.0263,20.22375,24.33105,24.33105,27.89265,25.4951,27.85678,32.28002,35.73514,36.40055,35.4683,34.17601,35.1141,34.48188,34.48188,39.29377,35.22783,37.0,37.85499,39.45884,38.20995,37.01351,37.05401,34.36568,36.67424,34.88553,36.05551,37.64306,42.2019,43.56604,45.27693,44.01136,50.03998,49.0102,53.15073,56.22277,54.74486,60.53098,64.7611,59.66574,68.30813,65.14599,70.5762,69.07966,66.18912,69.35416,73.82412,70.23532,71.11259,70.23532,69.35416,68.47627,67.74216,65.8635,65.0,66.64833,66.64833,62.76942,63.13478,60.41523,60.82763,55.36244,54.08327,53.85165,56.75385,54.57105,56.56854,57.21888,57.00877,55.14526,59.07622,60.29925,61.0,63.06346,67.72001,69.92138,73.38937,76.2168,80.08121,76.2168,91.70605,88.60023
14.0,13.0,13.0,13.0384,12.04159,11.0,10.0,10.0,9.0,9.0,8.0,8.0,7.0,7.0,6.08276,6.08276,5.09902,4.12311,4.12311,4.47214,3.60555,3.60555,3.60555,3.60555,3.60555,4.12311,4.0,4.12311,4.0,5.0,5.0,5.0,5.09902,5.09902,6.08276,6.08276,6.08276,6.08276,6.08276,6.08276,7.07107,7.07107,7.07107,7.0,7.0,7.0,7.0,7.07107,7.07107,7.28011,6.32456,6.32456,88.09086,90.19978,88.20431,86.05231,82.0975,78.1025,79.02531,72.24957,68.06614,66.37017,65.06919,59.13544,57.0,48.09366,48.16638,46.04346,44.01136,40.04997,34.05877,33.54102,31.14482,28.28427,26.92582,25.96151,22.84732,20.24846,19.20937,21.26029,18.60108,18.97367,16.76305,20.88061,19.10497,25.17936,27.16616,25.0,29.01724,28.16026,28.86174,32.24903,31.257,31.57531,34.1321,32.14032,34.23449,38.01316,38.0526,38.0526,37.0,38.11824,40.04997,35.51056,37.33631,36.40055,38.60052,41.14608,35.77709,36.89173,36.24914,40.8534,41.48494,43.93177,47.38143,45.17743,45.09989,46.0,50.03998,55.44367,56.4358,59.84146,59.22837,61.39218,64.03124,66.76077,65.78754,66.48308,72.11103,71.58911,70.38466,70.71068,73.82412,67.23095,69.97142,70.71068,70.83078,68.47627,68.47627,65.73431,66.57327,64.14047,64.88451,59.05929,56.4358,59.5063,58.18075,57.58472,56.61272,56.04463,57.72348,58.24946,54.23099,57.31492,63.03174,55.08176,59.5399,62.514,65.27634,66.48308,72.36712,72.78049,79.12016,84.92938,86.34813,90.42677
14.42221,13.89244,13.0384,12.52996,11.6619,11.6619,10.81665,10.29563,9.43398,9.43398,8.94427,8.60233,7.2111,6.40312,6.40312,5.65685,5.65685,5.0,5.0,4.47214,3.60555,4.12311,4.12311,3.0,4.0,4.12311,4.47214,4.47214,3.60555,5.0,5.0,5.65685,5.65685,5.65685,6.40312,6.40312,6.40312,6.40312,6.40312,7.07107,6.40312,7.2111,7.07107,7.2111,7.2111,7.2111,7.2111,7.2111,7.2111,6.7082,7.61577,7.28011,84.38009,83.64807,84.90583,80.1561,80.5295,75.13322,73.82412,72.94518,68.44706,66.30988,60.41523,55.00909,52.80152,51.0,46.06517,47.16991,46.06517,35.80503,39.40812,30.4795,31.14482,27.20294,25.4951,23.02173,21.9545,18.35756,20.88061,17.26268,18.02776,16.76305,15.52417,15.81139,20.59126,22.47221,22.82542,26.24881,21.93171,25.4951,27.65863,27.58623,30.41381,31.14482,29.73214,31.82766,31.40064,35.0,34.65545,38.20995,37.20215,36.61967,35.80503,38.27532,38.58756,38.01316,35.4683,35.90265,35.44009,34.71311,37.48333,37.20215,43.04649,44.72136,43.86342,45.31004,44.59821,46.8188,50.0,52.17279,55.7853,59.22837,60.82763,59.4138,60.03332,64.12488,63.12686,64.0,67.0,64.07027,71.11259,69.46222,67.60178,68.24954,68.593,68.44706,67.60178,66.91039,63.95311,63.50591,64.62971,60.20797,60.29925,58.21512,55.3263,60.00833,58.00862,56.22277,53.60037,55.57877,51.66237,50.92151,53.85165,55.47071,53.85165,56.82429,60.21628,60.46487,64.40497,65.60488,71.70077,72.00694,70.93659,80.80223,83.60024,79.20227
15.6205,15.0,14.21267,13.45362,12.80625,12.04159,11.40175,11.40175,10.63015,9.21954,9.21954,8.60233,8.60233,7.2111,6.40312,6.7082,5.83095,5.38516,5.09902,5.09902,4.0,4.0,4.0,4.12311,4.12311,4.47214,3.60555,4.24264,4.24264,4.24264,5.0,5.83095,5.83095,5.83095,6.40312,6.40312,6.40312,6.40312,6.40312,6.40312,6.40312,6.40312,7.81025,7.81025,7.07107,7.07107,7.81025,7.81025,7.81025,7.2111,8.06226,6.7082,85.56284,89.09545,85.56284,81.34494,83.73769,73.0,71.70077,71.40028,68.24954,61.84658,62.36986,60.44005,54.67175,52.80152,50.0,46.8615,41.7732,41.23106,33.30165,32.55764,27.80288,31.90611,25.23886,24.69818,21.54066,19.92486,22.36068,16.03122,18.02776,18.78829,16.27882,19.41649,21.9545,20.80865,25.0,24.20744,26.1725,28.28427,29.06888,28.3196,33.24154,29.0,34.05877,34.65545,37.64306,35.35534,31.14482,38.20995,33.6006,38.94868,37.20215,40.80441,40.22437,39.11521,39.82462,36.40055,36.13862,33.24154,35.8469,38.47077,36.71512,44.20407,43.27817,45.34314,45.25483,51.85557,51.85557,51.40039,56.0357,55.75841,59.68249,59.68249,62.6099,64.88451,67.62396,63.56099,65.39113,63.56886,68.96376,74.04053,69.857,67.91171,67.26812,64.93843,63.78871,70.85901,66.28725,65.73431,60.20797,62.58594,61.84658,59.66574,56.04463,58.5235,50.0,54.42426,54.58938,52.35456,52.83938,50.47772,57.80138,58.41233,50.60632,56.58622,58.0,59.5483,63.00794,66.61081,68.41053,74.20243,77.10383,81.84131,77.20104,81.40025
14.21267,13.60147,14.21267,13.60147,12.20656,11.6619,10.81665,10.81665,9.43398,10.0,8.60233,8.60233,7.81025,7.81025,7.07107,6.40312,5.65685,5.0,5.0,4.47214,4.47214,4.12311,3.16228,4.12311,4.12311,3.0,3.16228,4.12311,4.47214,3.60555,3.60555,5.0,5.0,5.0,5.0,5.65685,5.65685,5.65685,5.65685,5.65685,5.65685,6.40312,6.40312,6.40312,6.40312,6.40312,6.40312,6.7082,6.7082,6.7082,6.32456,6.32456,86.28441,87.65843,87.92042,80.13114,84.59905,79.60528,72.20111,71.55418,62.26556,61.7171,63.07139,59.05929,54.3783,49.73932,49.64877,46.06517,44.94441,41.34005,37.20215,34.98571,29.73214,26.1725,27.01851,22.80351,22.47221,23.76973,20.59126,21.58703,20.0,18.68154,18.24829,16.49242,21.18962,23.02173,22.47221,22.47221,21.26029,26.40076,27.58623,29.83287,29.69848,30.0,35.35534,34.20526,33.01515,32.80244,34.20526,35.80503,36.05551,36.40055,36.35932,35.51056,39.44617,37.58989,36.05551,35.1141,36.68787,37.64306,38.8973,42.52058,43.60046,42.94182,44.72136,46.09772,50.69517,50.92151,48.70318,51.66237,57.97413,57.72348,61.0,64.93843,62.64982,64.93843,67.18631,68.35934,69.02898,65.19202,72.00694,70.11419,66.27217,70.17834,70.17834,68.35934,68.26419,65.76473,66.91039,63.50591,61.20457,63.3877,61.0,59.0,56.14268,59.13544,57.07889,52.23983,56.4358,55.7315,54.40588,52.81098,54.626,55.9464,52.7731,59.94164,58.82176,59.64059,61.7171,64.81512,73.66139,76.48529,75.74299,79.24645,82.03658,84.50444
15.29706,15.29706,15.29706,14.14214,13.34166,12.16553,12.16553,11.18034,11.18034,10.19804,9.21954,9.21954,8.24621,8.24621,7.28011,6.32456,6.32456,6.32456,5.83095,5.0,4.24264,4.24264,4.24264,4.47214,4.47214,4.12311,4.12311,5.0,4.0,4.0,5.09902,5.09902,5.09902,5.09902,5.09902,6.32456,6.32456,6.08276,6.32456,6.08276,7.28011,6.32456,7.07107,7.07107,7.07107,7.07107,7.07107,7.0,8.0,7.07107,7.07107,7.28011,85.3815,85.3815,86.97701,82.96987,77.20104,80.04998,76.65507,73.24616,66.28725,66.09841,63.15061,57.27128,53.93515,48.6621,45.89118,44.64303,45.88028,41.78516,37.94733,31.30495,34.1321,29.15476,26.1725,25.4951,22.80351,23.34524,19.10497,18.02776,19.31321,13.0384,21.0238,20.61553,21.0238,22.13594,20.61553,23.25941,23.32381,27.20294,30.41381,34.1321,29.68164,31.62278,31.06445,35.51056,32.44996,33.61547,36.23534,33.10589,36.40055,35.77709,38.27532,39.84972,37.16181,39.62323,37.85499,35.51056,37.12142,36.71512,38.62642,38.62642,40.60788,40.79216,43.18565,46.01087,50.24938,50.03998,51.08816,54.03702,56.7186,58.21512,55.57877,62.64982,59.66574,63.06346,62.0967,69.92138,66.12866,68.94926,70.93659,68.54196,71.17584,70.00714,66.70832,70.26379,64.88451,65.39113,69.35416,59.48109,64.62198,61.09828,60.83584,58.87274,56.64804,53.93515,55.54278,54.74486,55.08176,54.33231,51.0098,57.21888,55.03635,55.44367,57.97413,57.48913,57.24509,65.30697,67.41662,62.24147,72.44998,74.73286,74.73286,80.05623,84.5281,85.61542
14.56022,13.60147,13.60147,12.64911,12.64911,11.7047,11.7047,10.77033,9.48683,8.544,8.544,8.544,7.28011,6.32456,5.38516,5.09902,5.09902,5.09902,4.0,4.0,3.0,3.16228,3.16228,2.23607,2.82843,2.82843,2.82843,3.16228,3.0,3.16228,4.0,4.0,4.0,5.0,4.0,5.0,5.0,5.0,5.0,5.0,5.09902,5.0,6.08276,6.08276,6.08276,6.32456,6.32456,6.32456,5.38516,5.83095,5.83095,5.0,88.20431,83.72574,88.45903,82.8734,77.78175,77.66595,70.83078,75.9276,66.4906,65.51336,60.87693,52.61179,56.08921,48.50773,47.29693,45.89118,43.41659,38.0526,35.22783,31.0,34.0,28.0,25.01999,19.64688,19.23538,23.76973,15.81139,15.0,16.97056,22.2036,18.78829,19.23538,18.24829,20.22375,22.56103,25.4951,26.07681,26.0,27.01851,30.06659,31.01612,28.07134,32.01562,31.01612,35.0,36.01389,32.0,30.06659,34.0147,35.51056,35.90265,36.87818,34.52535,34.48188,36.76955,34.0,35.8469,36.13862,39.81206,38.47077,42.04759,47.26521,46.38965,46.69047,49.64877,55.54278,53.36666,54.08327,59.77458,60.16644,60.92618,63.56099,63.13478,68.88396,68.26419,71.19691,68.24222,68.7968,70.43437,66.61081,69.42622,69.6563,68.88396,66.06815,71.70077,66.52819,70.93659,63.89053,63.89053,63.12686,59.03389,61.22091,60.0,58.24946,57.45433,57.80138,59.03389,59.03389,54.78138,57.24509,56.30275,59.66574,52.63079,56.22277,64.12488,65.03076,64.0,65.00769,75.02666,78.1025,74.10803,80.0,85.09407,88.0
15.0,14.0,14.0,13.0,13.0,12.04159,12.04159,10.04988,10.04988,10.0,9.05539,8.0,7.0,7.0,6.0,6.0,5.0,5.09902,4.12311,4.12311,3.16228,3.60555,2.82843,2.82843,2.82843,2.23607,3.16228,4.0,4.0,3.0,4.12311,5.09902,5.09902,5.09902,5.09902,5.09902,5.09902,6.08276,5.09902,6.08276,6.08276,6.08276,7.0,6.0,6.0,6.0,6.08276,6.08276,6.08276,6.32456,6.32456,5.83095,83.86298,86.57944,83.38465,84.09518,85.37564,75.02666,78.1025,70.02857,68.02941,61.03278,58.03447,56.22277,53.00943,53.00943,45.04442,46.04346,44.04543,38.20995,36.0,34.71311,27.65863,28.44293,23.76973,25.0,21.54066,20.24846,21.40093,17.20465,18.60108,18.35756,16.64332,18.02776,18.43909,20.09975,25.17936,21.84033,27.07397,25.17936,29.41088,24.04163,31.57531,30.41381,30.59412,29.42788,36.34556,34.23449,32.06244,35.69314,36.67424,32.01562,37.12142,36.01389,37.01351,39.20459,35.69314,35.69314,36.05551,35.51056,39.0,43.68066,42.42641,44.55334,46.69047,49.16299,47.01064,51.0,54.00926,51.08816,56.0803,59.07622,62.514,61.84658,67.44627,63.78871,68.35203,66.7308,71.51224,70.5762,70.38466,73.00685,74.32362,68.942,71.58911,68.44706,66.18912,66.18912,63.13478,64.49806,62.17717,66.7308,63.63175,59.03389,58.59181,55.54278,54.42426,55.97321,55.7853,54.81788,56.7186,56.32051,58.00862,57.14018,53.0,56.14268,62.64982,66.75328,66.70832,69.12308,70.60453,78.33901,75.0,80.36168,79.07591,86.58522
15.29706,14.56022,14.56022,13.60147,13.60147,12.64911,12.36932,10.44031,10.44031,10.44031,9.48683,8.24621,8.24621,7.28011,7.07107,7.07107,6.0,5.09902,5.0,5.0,4.0,4.12311,4.12311,3.16228,3.60555,3.60555,3.60555,2.82843,3.16228,4.12311,3.16228,4.12311,4.12311,4.12311,5.09902,5.09902,5.09902,5.09902,5.09902,5.09902,6.08276,6.08276,6.08276,6.08276,6.32456,6.32456,6.32456,6.32456,6.7082,6.7082,6.40312,6.40312,90.35486,85.84288,89.4539,86.49277,77.10383,77.66595,74.96666,75.43209,67.68309,64.28841,59.90826,59.84146,52.63079,50.01,45.70558,50.24938,44.28318,38.32754,38.11824,31.14482,32.55764,28.0,26.1725,26.0,22.36068,22.13594,18.35756,19.84943,16.64332,21.40093,19.23538,20.12461,18.02776,19.23538,23.08679,24.18677,24.18677,25.07987,27.01851,25.01999,30.14963,26.0,32.01562,33.24154,31.01612,35.0571,37.05401,36.12478,35.0,36.12478,34.0,39.20459,36.49658,36.13862,34.78505,34.17601,37.57659,39.81206,40.1995,42.0,43.04649,44.40721,47.85394,46.09772,50.59644,51.24451,51.62364,52.55473,54.23099,62.96825,59.03389,63.63175,63.81222,67.1193,64.14047,65.45991,67.47592,69.42622,72.18033,71.70077,68.68042,70.03571,71.06335,67.89698,70.72482,66.48308,65.76473,62.36986,65.06919,62.96825,61.6198,61.6198,60.30755,56.40035,56.0357,56.4358,56.79789,56.82429,52.55473,56.0803,55.7853,57.72348,54.70832,59.68249,61.20457,67.26812,67.0,66.1211,73.24616,78.02564,74.10803,81.30191,84.14868,83.0542
15.81139,14.56022,14.56022,13.34166,13.34166,12.36932,11.40175,11.40175,10.44031,9.21954,9.48683,8.544,8.24621,7.61577,6.32456,6.7082,5.83095,5.83095,4.47214,5.0,3.60555,3.60555,3.60555,3.60555,3.16228,3.16228,3.0,3.0,3.16228,3.16228,3.16228,3.60555,3.60555,3.60555,4.47214,4.47214,5.0,5.0,5.0,5.0,5.83095,5.83095,5.83095,5.83095,5.83095,5.38516,6.32456,6.32456,6.32456,6.08276,6.08276,6.0,93.0215,84.30896,84.50444,86.97701,78.77182,79.05694,75.89466,72.8011,65.45991,61.35145,61.98387,59.48109,53.75872,50.96077,48.08326,44.94441,47.01064,40.8534,36.68787,33.24154,31.06445,29.68164,23.60085,26.24881,22.67157,21.40093,21.47091,15.81139,15.26434,20.02498,17.02939,19.23538,17.26268,22.47221,21.0238,23.70654,20.80865,26.92582,25.05993,29.68164,26.92582,31.7805,32.44996,33.61547,31.90611,32.64966,36.67424,34.48188,36.24914,35.77709,39.39543,33.61547,36.68787,37.36308,33.37664,34.52535,37.0,36.79674,41.10961,42.43819,44.77723,42.05948,48.10405,46.23851,46.48656,51.5461,50.69517,55.7315,57.87055,59.5399,62.28965,64.38167,60.13319,65.03076,64.0,68.02941,67.36468,71.17584,70.45566,70.71068,72.33948,71.30919,70.03571,71.06335,69.42622,64.53681,72.56721,61.18823,69.63476,62.36986,62.80127,60.29925,58.30952,57.21888,57.0,57.00877,58.07753,57.07889,53.75872,54.12947,58.24088,58.24088,50.92151,57.58472,58.59181,67.1193,62.96825,67.23095,74.33034,76.55064,73.92564,81.5414,89.69392,85.98256
15.6205,15.0,15.0,14.21267,14.21267,12.04159,12.04159,10.63015,10.63015,10.63015,9.21954,8.60233,8.60233,7.81025,7.2111,7.2111,5.83095,5.83095,5.38516,5.38516,4.12311,5.09902,4.0,4.0,4.0,4.12311,3.60555,4.47214,3.60555,4.24264,4.24264,4.24264,4.24264,5.0,5.0,5.0,5.0,5.0,5.65685,5.65685,6.40312,6.40312,6.40312,6.40312,6.40312,7.07107,7.07107,6.40312,6.40312,6.7082,6.7082,6.7082,90.33825,88.32327,89.1852,82.36504,84.90583,83.48653,76.02631,72.00694,64.40497,67.20119,66.03787,55.9464,56.85948,53.53504,47.43416,45.17743,44.65423,39.40812,35.35534,32.69557,34.9285,28.17801,27.51363,25.4951,21.0238,21.0,19.23538,20.61553,20.61553,21.63331,19.72308,21.63331,19.79899,21.09502,20.80865,25.23886,25.05993,24.59675,26.92582,28.17801,30.46309,32.64966,31.76476,29.96665,31.30495,32.20248,34.98571,33.01515,35.77709,36.23534,35.51056,35.22783,38.28838,36.79674,36.79674,37.64306,35.22783,34.1321,37.36308,41.23106,44.94441,44.38468,45.27693,47.88528,48.76474,52.20153,50.44799,53.03772,56.72742,56.58622,60.82763,65.05382,60.1415,66.70832,65.0,67.62396,67.20119,67.42403,69.97142,73.06162,72.89719,69.31811,69.83552,69.35416,70.21396,65.29931,70.68239,64.88451,65.76473,66.24198,64.14047,62.43397,59.5399,53.60037,53.82379,55.21775,56.72742,60.1415,51.66237,54.56189,54.40588,54.20332,59.07622,56.35601,59.5063,61.84658,63.24555,67.62396,71.86793,77.25283,76.2168,83.25863,87.92042,82.5409
15.52417,14.56022,14.56022,14.56022,13.34166,12.36932,11.40175,11.40175,10.19804,10.44031,9.21954,9.21954,8.544,7.61577,7.61577,6.7082,6.7082,5.83095,5.83095,5.0,5.0,4.24264,4.24264,4.47214,4.47214,4.12311,4.12311,4.0,5.0,4.12311,5.09902,5.09902,5.09902,6.08276,5.38516,6.08276,6.32456,6.08276,6.32456,6.08276,6.08276,6.08276,7.07107,7.07107,7.07107,7.07107,7.07107,7.0,7.0,7.07107,7.07107,6.32456,87.09191,89.19641,83.48653,86.33076,87.93179,76.40026,79.30952,68.15424,70.40597,62.8172,62.16912,58.94065,53.60037,50.9902,51.97115,48.70318,38.8973,37.94733,35.73514,31.38471,31.7805,31.30495,26.83282,22.80351,21.93171,21.93171,23.60085,18.38478,17.88854,19.92486,17.26268,21.0238,20.22375,18.02776,25.0,23.34524,25.63201,25.94224,30.08322,28.23119,30.46309,30.08322,31.38471,32.89377,32.69557,32.57299,38.32754,37.16181,35.44009,36.67424,38.83298,35.17101,40.31129,35.0,38.0526,34.1321,33.24154,39.05125,38.28838,41.34005,40.31129,47.88528,45.31004,44.38468,50.59644,50.44799,49.47727,54.91812,56.56854,58.69412,62.28965,64.38167,66.0,69.00725,66.06815,64.03124,67.26812,74.24284,72.69113,74.96666,71.38627,70.0928,72.56721,69.63476,69.12308,67.72001,61.84658,66.21933,62.36185,65.0,65.51336,58.69412,57.87055,58.54912,54.23099,54.08327,57.0,56.0803,56.0803,54.45181,57.87055,53.36666,60.41523,58.18075,60.92618,65.30697,66.64083,67.1193,73.82412,72.71864,73.92564,82.76473,81.49233,86.31338
13.41641,13.0384,12.52996,11.6619,11.6619,10.81665,10.81665,9.43398,9.43398,8.60233,8.60233,8.06226,7.2111,5.83095,5.83095,5.38516,5.38516,4.47214,4.12311,3.16228,3.16228,3.0,3.0,2.23607,2.23607,3.16228,2.82843,2.23607,2.23607,3.16228,3.16228,3.16228,4.12311,4.12311,4.12311,4.12311,4.12311,5.09902,5.09902,5.09902,5.09902,5.38516,5.38516,5.38516,5.38516,5.83095,5.83095,5.83095,5.0,5.65685,5.65685,5.0,89.31965,87.72685,88.14193,81.3941,80.49845,80.5295,73.92564,71.58911,65.51336,66.24198,66.37017,57.45433,58.83026,48.54894,46.32494,44.77723,45.61798,37.33631,34.53983,34.17601,33.52611,27.89265,23.34524,26.30589,22.36068,21.0238,18.02776,19.23538,16.12452,22.02272,17.02939,22.02272,21.0238,17.72005,20.59126,21.54066,24.04163,23.4094,26.92582,29.61419,25.29822,29.61419,31.32092,30.08322,29.15476,34.48188,35.8469,37.0,38.48376,38.07887,35.8469,37.57659,39.66106,34.48188,35.22783,38.94868,34.20526,35.0,40.11234,41.0,44.38468,45.22168,49.65884,47.01064,49.39636,53.25411,52.43091,54.08327,54.81788,60.80296,62.96825,64.3506,63.65532,67.89698,66.52819,69.02898,68.8186,70.0,72.67049,73.4983,71.02112,71.69379,72.40166,70.49113,69.83552,64.66065,70.83078,66.28725,66.03787,65.8635,60.53924,62.68174,62.42596,57.2014,60.20797,55.86591,56.58622,55.86591,56.72742,56.0357,54.3783,58.5235,63.95311,61.32699,61.09828,60.53924,62.29767,67.68309,72.56721,76.92204,75.43209,82.46211,86.58522,88.88757
15.26434,15.26434,14.42221,13.60147,13.60147,12.20656,12.20656,10.81665,10.0,10.0,9.43398,8.60233,8.60233,7.2111,5.83095,6.7082,5.38516,5.38516,4.12311,4.12311,4.12311,3.0,3.0,3.16228,3.16228,3.16228,2.82843,2.82843,3.16228,3.60555,4.12311,4.12311,5.09902,5.09902,4.47214,5.38516,5.38516,5.38516,5.38516,5.38516,5.38516,6.32456,6.32456,6.32456,6.7082,6.7082,5.83095,6.40312,6.40312,6.40312,6.40312,5.65685,90.04999,87.46428,88.83693,87.46428,79.07591,78.77182,74.06079,72.20111,68.8186,63.60031,60.60528,57.00877,54.6443,53.60037,47.70744,46.51881,42.72002,39.66106,39.44617,34.48188,31.32092,27.89265,24.35159,24.08319,18.24829,20.09975,21.58703,18.68154,19.23538,18.02776,20.51828,20.61553,20.61553,18.35756,22.84732,22.02272,23.4094,26.92582,27.85678,26.40076,28.79236,31.62278,31.7805,31.95309,34.17601,34.9285,36.05551,34.17601,37.16181,34.0147,37.12142,34.53983,34.66987,33.01515,36.40055,33.97058,37.01351,35.17101,43.86342,42.05948,41.59327,42.54409,47.20169,51.85557,49.20366,53.03772,51.62364,52.49762,60.60528,61.07373,60.60528,64.81512,64.3506,68.7968,64.66065,71.58911,73.3553,69.77105,73.34848,74.46476,68.942,69.07966,69.28925,72.11103,73.05477,66.12866,69.89278,63.15853,67.6757,65.9242,64.07808,64.40497,63.15853,58.18075,58.59181,55.07268,54.40588,60.0,56.63921,59.4138,55.17246,56.61272,59.07622,62.42596,59.68249,60.03332,63.07139,68.15424,77.07788,83.38465,79.62412,84.50444,85.79627,90.47099
15.23155,15.23155,14.31782,14.31782,12.08305,12.52996,12.08305,11.18034,9.84886,9.84886,9.84886,8.94427,7.61577,7.28011,7.28011,6.32456,6.08276,6.08276,5.0,5.0,5.0,4.12311,4.12311,4.47214,4.47214,4.47214,4.24264,4.24264,4.47214,4.47214,5.83095,5.38516,5.38516,5.38516,5.38516,6.32456,6.7082,6.7082,6.7082,6.7082,6.7082,6.7082,6.7082,6.7082,6.7082,6.7082,7.2111,7.2111,7.81025,7.07107,7.07107,7.2111,85.09407,85.42833,85.42833,85.08819,81.12336,76.15773,69.97142,76.00658,63.28507,64.89992,58.30952,60.03332,55.07268,48.82622,48.02083,44.29447,43.38202,36.71512,34.88553,34.78505,29.12044,26.24881,29.12044,22.56103,22.02272,20.02498,22.09072,20.61553,20.61553,19.41649,17.02939,16.97056,20.51828,20.80865,22.82542,24.18677,23.85372,25.4951,27.85678,26.92582,33.10589,32.69557,34.0,33.24154,31.76476,30.01666,33.12099,34.88553,38.27532,35.35534,38.27532,33.30165,37.20215,36.06938,35.38361,35.35534,36.40055,36.34556,35.01428,38.20995,39.81206,43.93177,46.23851,44.94441,48.33218,50.56679,51.10773,55.22681,56.30275,55.21775,56.61272,60.30755,60.1415,63.12686,68.593,68.593,66.21933,67.35726,68.60029,67.00746,69.2026,69.64194,72.42237,67.1193,66.28725,63.24555,64.89992,59.07622,65.73431,60.74537,57.45433,59.07622,56.61272,54.81788,55.9017,53.07542,53.15073,51.08816,52.63079,54.6443,54.3783,53.7122,49.65884,55.03635,59.80803,59.48109,63.32456,64.56005,68.68042,73.37575,75.43209,83.43261,78.44743,81.90849
14.31782,13.34166,13.34166,12.64911,12.36932,11.7047,11.40175,10.44031,9.48683,9.48683,8.544,8.24621,7.28011,7.28011,6.08276,6.08276,5.09902,5.09902,4.0,4.12311,3.0,3.16228,3.16228,2.82843,2.82843,2.82843,3.16228,3.16228,3.16228,3.0,4.0,4.0,4.0,5.0,5.0,5.0,5.0,5.0,5.0,6.0,5.0,5.0,6.08276,5.09902,6.08276,6.08276,6.08276,6.32456,6.7082,5.83095,5.83095,5.0,80.04998,85.51023,84.72308,79.62412,78.64477,77.20104,73.4983,71.16881,62.64184,67.91171,61.68468,58.82176,53.48832,49.47727,50.28916,47.29693,42.75512,35.90265,35.51056,32.55764,30.0,25.01999,25.07987,23.34524,20.88061,21.37756,17.46425,19.10497,17.20465,17.69181,18.02776,19.41649,18.38478,24.73863,19.41649,22.02272,23.19483,26.1725,28.07134,27.0,31.01612,30.01666,33.37664,33.0,30.41381,32.06244,35.0571,35.0,34.0,32.55764,35.35534,34.9285,35.17101,34.53983,36.40055,38.01316,33.83785,36.05551,43.04649,39.05125,43.18565,42.95346,47.12749,45.31004,48.10405,51.07837,48.76474,58.13777,57.3062,59.48109,61.05735,64.63745,63.24555,68.8186,67.62396,69.6563,66.70832,64.3506,69.42622,69.35416,67.89698,70.03571,72.47068,70.17834,68.88396,64.44377,69.42622,60.30755,69.29646,63.89053,63.89053,65.11528,61.52235,55.97321,57.00877,57.68882,55.22681,52.69725,54.56189,59.61543,55.71355,59.77458,57.93962,60.08328,60.40695,63.63961,65.9242,68.11755,74.02702,77.31753,74.16873,82.02439,83.09633,85.47514
14.14214,13.0384,13.0384,12.0,12.0,11.04536,11.04536,10.0,9.05539,9.0,8.06226,8.06226,7.07107,7.07107,6.08276,6.32456,5.38516,4.47214,4.47214,3.60555,3.60555,3.60555,3.60555,3.60555,3.16228,4.12311,4.0,4.0,4.0,5.0,4.12311,5.09902,5.09902,5.09902,6.08276,6.32456,6.08276,6.08276,6.32456,6.08276,7.28011,7.28011,7.07107,7.07107,7.07107,7.07107,7.0,7.0,7.0,7.07107,6.08276,6.32456,81.00617,86.00581,86.20905,81.22192,79.00633,77.23341,71.11259,73.10951,67.60178,62.20129,59.68249,53.08484,53.46027,49.16299,43.28972,44.10215,40.0125,41.04875,36.01389,30.80584,29.42788,26.24881,25.0,25.29822,23.4094,23.85372,20.61553,18.43909,18.86796,18.78829,20.59126,20.39608,18.11077,21.09502,22.09072,25.07987,26.1725,28.01785,28.28427,30.41381,30.26549,28.28427,31.04835,30.14963,31.40064,31.57531,36.49658,37.48333,32.55764,35.0571,40.0125,36.0,34.0147,37.33631,32.55764,35.51056,36.05551,35.44009,39.05125,39.05125,43.01163,45.17743,44.72136,47.29693,47.75982,49.0408,50.15974,54.40588,57.77543,60.83584,59.09315,59.9333,60.90156,65.51336,65.0,67.6757,68.60029,68.8186,69.52697,69.6563,70.29225,68.0147,67.35726,70.17834,68.68042,64.38167,65.11528,63.60031,67.35726,61.84658,59.5483,61.84658,57.00877,53.85165,53.23533,55.9464,56.46238,55.9464,53.14132,55.08176,58.69412,53.93515,53.60037,57.87055,59.13544,60.00833,67.02984,65.37584,71.84706,75.42546,75.23962,82.73452,82.73452,87.14356
14.86607,14.14214,13.45362,12.72792,12.72792,11.31371,11.31371,11.31371,9.89949,9.89949,9.21954,9.21954,7.81025,7.2111,6.40312,7.2111,5.83095,5.38516,4.47214,4.12311,4.12311,4.0,4.0,4.12311,4.12311,4.12311,4.47214,4.47214,3.60555,5.0,5.0,5.0,5.65685,5.65685,5.65685,5.65685,6.40312,6.40312,6.40312,6.40312,7.07107,7.07107,7.07107,7.07107,7.2111,7.2111,7.2111,7.2111,7.2111,6.7082,6.7082,6.32456,86.31338,88.4138,87.0,82.07314,82.75869,75.0733,75.0733,72.34639,69.6563,62.482,64.40497,55.97321,55.22681,50.32892,48.16638,48.10405,44.59821,38.20995,37.48333,32.80244,32.01562,26.40076,27.78489,21.84033,23.70654,21.58703,24.08319,21.09502,17.02939,20.88061,18.97367,23.76973,20.12461,22.47221,26.24881,21.40093,24.08319,27.01851,25.45584,33.30165,28.42534,31.82766,31.82766,34.05877,36.12478,31.241,36.79674,35.35534,35.4683,38.94868,38.01316,37.44329,36.89173,35.8469,34.9285,34.17601,34.9285,32.01562,39.92493,39.44617,39.96248,42.0119,46.40043,44.55334,48.27007,50.93133,50.24938,53.90733,54.67175,58.24946,59.40539,66.7308,64.88451,67.08204,67.1193,65.30697,63.32456,68.15424,72.42237,71.16881,67.06713,68.41053,70.60453,68.65858,71.80529,65.51336,70.0928,64.7611,62.0967,65.0,59.20304,62.0967,62.0967,54.78138,56.79789,54.12947,58.18075,52.3259,56.0357,53.60037,53.00943,54.67175,55.86591,55.31727,58.79626,62.00806,63.00794,65.60488,75.16648,73.4983,72.42237,82.66196,82.68011,80.21222
14.03567,13.0384,13.0384,12.16553,12.16553,11.18034,11.18034,10.04988,9.21954,9.21954,8.24621,8.24621,7.07107,7.07107,6.0,6.08276,5.0,5.0,4.0,4.12311,3.16228,3.16228,3.16228,2.82843,2.82843,2.82843,3.16228,3.16228,4.12311,3.0,4.0,4.0,4.0,5.0,5.0,5.0,5.0,5.0,5.0,5.0,5.0,5.0,6.08276,5.09902,6.08276,6.08276,6.08276,6.32456,6.32456,5.83095,5.83095,5.0,81.02469,82.0061,84.0,81.05554,81.15417,76.10519,78.64477,68.73136,65.37584,63.78871,59.68249,60.29925,56.22277,51.47815,46.69047,46.09772,42.04759,36.01389,36.01389,34.0147,32.06244,29.06888,25.70992,25.29822,21.9545,20.12461,24.69818,16.40122,17.80449,12.80625,16.15549,21.0238,20.88061,21.84033,20.09975,20.09975,20.02498,24.18677,25.07987,25.07987,26.0,29.01724,29.01724,34.0,33.13608,33.01515,31.06445,32.0,36.01389,35.01428,32.06244,34.36568,35.51056,33.24154,34.20526,33.54102,34.4093,35.34119,39.56008,41.23106,41.59327,43.56604,49.16299,49.0,44.04543,55.44367,51.47815,53.75872,58.0517,58.0517,63.60031,60.72891,64.51356,67.06713,66.48308,67.77905,69.46222,70.68239,71.69379,71.69379,67.74216,70.45566,67.42403,71.28113,72.40166,65.45991,67.41662,65.0,64.07027,63.51378,63.51378,60.03332,59.5399,58.69412,57.69749,58.30952,55.02727,58.24088,59.20304,57.48913,58.69412,57.31492,58.03447,59.03389,61.07373,59.4138,66.37017,69.46222,74.43118,77.52419,73.82412,82.73452,81.3941,89.4539
14.42221,13.60147,13.0384,12.80625,12.20656,11.40175,11.40175,10.0,10.0,8.60233,9.21954,8.60233,7.2111,7.2111,5.83095,6.7082,6.32456,5.38516,5.09902,5.09902,4.0,4.0,4.0,4.12311,4.12311,4.12311,4.47214,4.24264,4.24264,4.24264,5.0,5.65685,5.0,5.0,5.65685,5.65685,5.65685,6.40312,6.40312,6.40312,6.40312,6.40312,7.07107,7.07107,6.40312,6.40312,6.40312,7.2111,7.2111,6.7082,6.7082,6.32456,92.41753,81.68843,90.42677,79.30952,79.24645,80.05623,72.13876,72.86288,67.88225,65.76473,61.52235,58.72819,54.45181,48.10405,45.96738,48.79549,43.86342,38.18377,36.23534,31.241,32.44996,28.6007,26.92582,25.07987,26.0,23.5372,19.10497,19.0263,24.18677,21.58703,19.31321,20.12461,21.47091,20.0,21.26029,23.60085,24.83948,23.43075,28.42534,29.06888,30.4795,32.55764,31.14482,32.55764,31.89044,33.24154,36.06938,35.38361,33.30165,36.79674,36.12478,36.40055,39.40812,35.51056,37.12142,37.0,34.48188,35.01428,39.21734,37.64306,47.92703,39.92493,49.24429,47.01064,47.43416,51.61395,53.60037,54.45181,56.58622,58.72819,60.82763,63.70243,57.62812,69.2026,61.61169,67.23095,70.3278,71.34424,67.53518,67.1193,68.02941,69.28925,69.35416,68.00735,71.7844,63.90618,68.70953,61.46544,63.90618,61.68468,58.60034,60.00833,59.03389,56.82429,54.3783,54.70832,55.47071,56.0357,55.31727,56.63921,55.86591,55.22681,63.12686,58.00862,59.5399,62.96825,61.40033,70.72482,69.97142,75.591,74.30343,76.66159,88.32327,81.30191
14.56022,13.60147,13.60147,12.64911,11.7047,10.77033,10.77033,10.77033,9.84886,9.48683,8.544,8.544,7.61577,6.32456,6.32456,6.32456,5.09902,5.09902,4.0,4.0,3.0,3.0,3.16228,2.23607,2.82843,2.23607,2.82843,3.16228,3.16228,3.16228,4.12311,4.12311,4.12311,5.0,4.12311,5.0,5.09902,5.09902,5.09902,5.09902,5.09902,5.09902,6.08276,5.38516,5.09902,5.38516,5.38516,5.38516,5.83095,5.83095,5.0,5.65685,84.11896,89.1852,81.59657,80.65358,77.62087,75.23962,72.91776,71.55418,70.26379,62.6099,62.16912,60.00833,55.54278,51.42956,46.95743,45.88028,42.54409,37.36308,37.33631,33.83785,30.36445,28.63564,24.02082,25.17936,21.0238,17.02939,17.46425,21.54066,20.0,19.84943,19.41649,18.60108,21.63331,20.12461,25.94224,19.31321,21.84033,25.70992,29.15476,29.61419,30.08322,26.4764,28.4605,32.75668,30.80584,33.83785,30.36445,35.69314,33.52611,32.89377,35.77709,35.1141,34.0,37.20215,34.20526,36.06938,34.05877,38.11824,39.01282,42.10701,45.54119,45.89118,46.84015,43.65776,49.76947,53.7122,55.00909,52.35456,56.60389,59.16925,60.46487,63.00794,64.40497,66.8431,66.21933,67.47592,68.593,70.72482,71.42129,71.50524,71.40028,71.21798,70.21396,70.0,67.80118,65.80274,65.60488,65.0,63.82006,62.482,63.70243,63.03174,62.96825,60.82763,58.72819,57.31492,57.62812,54.6443,58.82176,52.69725,61.26989,54.12947,59.5063,60.40695,63.32456,65.51336,65.96969,64.03124,72.27724,71.38627,75.95393,79.55501,85.51023,88.95504
13.34166,13.34166,13.60147,12.64911,12.64911,11.40175,10.44031,9.48683,9.48683,8.544,8.24621,8.24621,7.28011,6.08276,6.32456,6.0,5.0,5.0,4.0,4.12311,4.12311,3.16228,3.60555,3.60555,2.82843,3.60555,4.12311,4.12311,4.12311,4.12311,4.12311,5.09902,5.09902,5.09902,6.08276,6.08276,6.08276,6.08276,6.08276,6.0,7.07107,6.08276,6.08276,7.07107,7.07107,6.32456,7.28011,6.32456,6.7082,6.7082,7.2111,6.40312,86.31338,84.34453,85.14693,82.0,80.77747,79.05694,73.08215,70.83784,68.00735,67.35726,59.46427,55.65968,51.86521,51.5461,47.12749,46.84015,43.73786,40.26164,36.13862,33.13608,30.0,26.30589,27.01851,22.09072,20.39608,21.84033,20.0,23.32381,18.02776,19.10497,19.20937,19.20937,20.61553,21.18962,22.13594,23.76973,25.4951,24.5153,27.16616,29.42788,31.14482,31.06445,29.83287,34.52535,32.75668,33.06055,33.95585,32.55764,37.10795,38.83298,36.24914,37.0,35.17101,34.9285,35.51056,34.20526,34.82815,34.71311,40.79216,41.04875,43.01163,46.27094,46.52956,47.07441,51.97115,50.44799,50.69517,54.42426,57.38467,60.92618,59.48109,61.26989,65.51336,65.51336,65.73431,74.06079,69.2026,75.0,69.81404,70.83784,73.10951,71.50524,70.00714,67.94115,66.48308,67.89698,69.35416,64.3506,66.48308,63.65532,63.89053,62.36986,62.36986,56.0803,61.03278,56.0357,54.91812,51.62364,53.23533,57.00877,56.46238,54.70832,62.0967,55.10898,59.5399,60.53098,63.63961,69.02898,69.11584,77.00649,77.10383,81.22192,79.22752,85.28775
15.6205,15.0,14.21267,13.60147,13.60147,12.20656,11.40175,11.40175,10.81665,10.0,9.43398,8.60233,8.60233,7.81025,7.07107,6.40312,5.65685,5.65685,5.83095,5.0,5.0,4.47214,4.47214,4.12311,4.12311,4.0,4.12311,4.12311,4.12311,4.47214,4.47214,4.47214,4.47214,5.0,5.0,5.0,5.0,5.83095,5.83095,5.83095,6.40312,6.7082,6.7082,6.7082,6.7082,6.7082,6.7082,6.32456,7.28011,6.08276,7.07107,7.0,86.83317,86.55634,85.63294,86.31338,80.65978,84.17244,75.69016,75.0733,68.62215,64.66065,62.28965,56.63921,53.03772,50.9902,48.79549,47.50789,45.27693,39.62323,36.79674,34.66987,35.0,28.84441,29.15476,26.24881,25.96151,19.41649,18.11077,20.0,18.02776,18.11077,20.24846,20.24846,17.49286,23.60085,18.38478,22.80351,24.04163,28.42534,25.4951,29.41088,33.24154,31.89044,30.41381,31.1127,37.64306,30.41381,35.4683,37.01351,39.82462,34.65545,36.06938,36.06938,32.80244,35.35534,38.47077,36.40055,35.1141,35.73514,40.49691,40.70626,46.14109,45.22168,44.40721,46.61545,51.0392,51.22499,53.03772,57.62812,57.48913,57.62812,59.64059,64.07027,63.28507,69.64194,66.64833,68.8767,72.00694,70.21396,69.35416,70.93659,68.68042,69.57011,68.96376,68.15424,71.8401,66.48308,70.60453,64.03124,66.48308,62.93648,62.62587,61.09828,59.23681,61.32699,55.15433,54.56189,51.42956,57.68882,53.25411,56.22277,56.0803,57.48913,52.20153,56.22277,58.24946,63.24555,64.40497,68.7968,74.62573,79.07591,77.69813,80.1561,86.53323,85.58621
15.13275,14.14214,13.15295,13.34166,13.34166,12.16553,11.18034,10.19804,10.19804,10.19804,9.21954,8.24621,8.06226,8.06226,7.07107,7.0,6.0,5.0,5.0,5.0,4.0,4.12311,4.12311,3.16228,3.60555,2.82843,3.60555,3.60555,3.60555,4.12311,3.16228,4.12311,4.12311,4.12311,5.09902,5.09902,5.09902,5.09902,5.09902,5.09902,5.09902,6.08276,5.09902,6.08276,6.08276,6.32456,6.32456,5.38516,5.83095,5.83095,5.83095,5.65685,85.70881,86.14523,79.9062,80.23092,81.88406,75.50497,74.2159,69.12308,66.48308,61.39218,62.0967,56.04463,53.93515,56.88585,47.29693,45.54119,43.73786,40.79216,35.44009,33.0,31.0,27.29469,26.68333,23.34524,23.19483,21.58703,22.82542,19.41649,18.43909,19.20937,15.81139,16.64332,16.55295,19.64688,22.02272,21.2132,27.16616,23.0,26.68333,26.0,29.0,31.01612,29.0,31.01612,32.06244,35.12834,32.06244,34.52535,33.24154,36.01389,34.23449,36.34556,34.9285,35.8469,33.10589,35.8469,31.62278,36.49658,39.45884,43.04649,40.04997,45.27693,46.09772,45.70558,49.47727,50.92151,53.75872,54.23099,52.3259,60.83584,60.37384,60.53924,65.0,64.49806,66.0303,66.37017,67.00746,67.62396,73.10951,67.35726,66.46804,68.593,67.94115,68.68042,67.89698,68.593,64.3506,67.17887,62.93648,62.24147,60.30755,61.52235,60.44005,57.48913,56.0803,56.61272,56.4358,55.47071,55.03635,52.81098,57.00877,52.63079,52.88667,57.07013,61.20457,61.40033,66.0303,68.06614,74.02702,76.00658,77.05842,82.02439,82.02439,81.02469
13.92839,13.0,13.0,12.08305,12.08305,10.77033,10.77033,9.84886,9.84886,8.544,8.544,7.28011,7.28011,6.32456,6.32456,6.08276,5.0,5.0,5.0,4.0,4.12311,3.16228,3.60555,3.60555,3.60555,3.60555,4.47214,3.60555,4.12311,4.12311,4.12311,5.09902,5.09902,5.09902,6.08276,6.08276,6.08276,6.08276,6.08276,6.08276,6.08276,7.07107,6.08276,7.28011,6.32456,7.28011,6.32456,6.7082,6.7082,6.7082,6.7082,6.40312,85.23497,91.52595,88.23831,84.87638,79.6304,76.6942,73.75636,73.59348,67.47592,64.53681,63.25346,58.41233,56.22277,54.20332,49.57822,46.40043,42.0119,35.80503,32.24903,32.64966,28.63564,30.08322,24.73863,23.19483,24.02082,18.0,19.41649,22.2036,19.92486,19.31321,21.09502,16.27882,19.41649,19.41649,22.82542,21.09502,24.69818,26.92582,26.92582,32.69557,31.30495,30.88689,32.64966,37.12142,33.83785,32.69557,35.35534,36.24914,38.47077,35.51056,34.48188,38.07887,35.80503,34.65545,36.76955,33.42155,33.6006,38.62642,38.01316,42.48529,42.43819,45.45327,45.27693,50.9902,49.51767,56.63921,56.63921,56.40035,58.00862,59.90826,64.89992,63.63175,66.37017,63.95311,67.54258,68.54196,68.8767,68.02941,75.02666,71.16881,73.1642,75.28612,74.72617,73.4983,70.21396,69.37579,68.00735,66.76077,63.89053,60.44005,64.51356,62.03225,61.84658,60.92618,55.4617,59.05929,53.85165,54.6443,58.00862,58.41233,58.72819,54.48853,63.12686,60.60528,57.68882,67.1193,67.41662,69.97142,73.79024,76.05919,77.36924,81.41253,83.64807,87.66413
14.14214,13.15295,13.15295,13.15295,12.16553,11.18034,11.40175,10.19804,9.21954,9.05539,9.21954,8.24621,7.07107,6.08276,6.08276,6.08276,5.0,5.0,4.0,4.0,4.12311,3.16228,3.16228,2.82843,2.82843,2.82843,2.82843,3.16228,3.16228,3.0,4.0,4.0,4.0,5.0,5.0,5.0,5.0,5.0,5.0,5.09902,5.0,5.09902,6.08276,5.09902,6.08276,5.09902,6.32456,5.38516,5.38516,5.83095,5.83095,5.0,86.02325,82.05486,85.05292,81.22192,77.64664,74.67262,72.83543,69.05071,66.09841,68.65858,56.88585,58.54912,51.78803,49.64877,45.54119,44.28318,41.19466,38.47077,35.12834,32.06244,28.01785,28.01785,28.44293,24.33105,21.84033,22.36068,19.41649,14.42221,14.86607,21.63331,15.6205,16.55295,20.80865,20.12461,23.34524,23.08679,28.01785,26.01922,29.06888,23.76973,29.01724,28.07134,31.06445,32.24903,31.257,27.29469,33.95585,35.35534,32.75668,30.80584,32.01562,33.83785,36.13862,34.0,36.23534,34.20526,32.55764,35.80503,35.77709,41.23106,43.32436,44.64303,46.87217,46.38965,50.48762,49.09175,53.0,56.0357,58.07753,57.03508,58.69412,62.16912,68.06614,62.58594,64.03124,65.80274,68.62215,69.28925,70.00714,71.30919,71.17584,67.54258,69.77105,67.1193,68.0,67.60178,68.96376,64.00781,66.7308,64.41273,58.18075,63.15853,60.41523,58.60034,59.23681,57.00877,55.7853,57.87055,55.54278,58.85576,55.57877,57.21888,54.0,53.03772,58.30952,61.52235,64.49806,62.64982,73.68175,74.52516,74.33034,78.51751,81.61495,81.30191
14.86607,14.56022,13.60147,13.34166,12.36932,12.36932,11.40175,11.40175,10.44031,9.21954,9.21954,8.24621,8.24621,7.28011,7.28011,6.32456,6.32456,5.38516,4.47214,4.47214,3.60555,3.60555,4.24264,3.60555,3.60555,3.16228,3.0,3.0,3.0,4.0,3.16228,4.12311,4.47214,4.47214,4.47214,4.47214,5.09902,4.47214,5.38516,5.38516,5.38516,6.32456,5.38516,6.32456,6.08276,6.08276,6.08276,6.08276,6.0,6.0,6.08276,6.08276,85.07056,87.64131,82.46211,79.30952,77.46612,77.87811,69.2315,72.00694,64.13267,63.15061,59.5399,59.68249,56.7186,50.80354,48.37355,43.56604,45.12206,40.02499,36.67424,32.57299,29.15476,27.73085,27.29469,25.80698,18.60108,26.1725,21.93171,22.02272,19.20937,19.31321,15.0333,21.37756,17.46425,21.0,21.09502,26.01922,20.09975,23.34524,25.0,31.04835,27.65863,29.42788,33.54102,31.7805,31.04835,29.61419,32.55764,34.52535,36.49658,33.13608,34.05877,37.0,37.01351,34.23449,35.35534,36.68787,34.17601,34.82815,42.42641,39.69887,44.41846,42.54409,47.85394,46.61545,52.81098,52.20153,52.49762,54.81788,56.29387,56.7186,62.28965,62.39391,62.07254,68.18358,66.00758,72.00694,69.11584,65.06919,73.43705,66.61081,71.56815,65.9242,70.61161,70.40597,72.53275,65.73431,71.06335,63.56099,64.32729,65.0,62.16912,59.22837,59.68249,53.93515,56.32051,54.03702,56.0357,60.03332,52.23983,56.32051,57.70615,55.10898,55.7315,56.04463,60.92618,66.48308,66.21178,68.54196,71.69379,72.09022,72.00694,78.29432,84.07735,83.25863
14.0,14.03567,13.0384,13.0384,12.04159,11.04536,11.04536,10.0,9.05539,9.05539,8.0,8.0,7.0,6.0,6.0,6.08276,5.09902,5.09902,4.12311,4.47214,3.60555,3.60555,3.60555,2.82843,3.60555,4.47214,4.12311,4.12311,4.0,5.0,5.0,5.0,5.0,5.0,6.0,6.0,6.0,6.0,6.0,6.0,6.0,7.0,7.0,7.0,7.0,7.07107,7.07107,7.07107,7.28011,6.32456,6.32456,6.7082,86.05231,87.14356,89.00562,87.05171,80.09994,79.30952,74.67262,75.95393,69.72087,64.62971,60.29925,62.1289,55.14526,47.38143,47.85394,46.27094,45.17743,40.1995,38.0,32.14032,35.0571,29.61419,26.30589,22.84732,21.93171,24.18677,20.80865,19.79899,16.97056,20.0,17.0,21.47091,18.97367,25.31798,24.08319,25.07987,28.16026,29.0,26.01922,31.14482,34.0,32.01562,31.01612,34.05877,34.0147,32.06244,34.05877,33.01515,35.0571,39.01282,37.21559,38.11824,38.20995,35.44009,36.05551,37.16181,33.12099,36.40055,41.23106,39.62323,44.40721,47.09565,46.0,46.01087,49.0408,51.62364,48.83646,56.32051,56.32051,59.77458,64.56005,67.05222,64.07808,67.23095,66.64083,69.46222,69.77105,71.58911,71.58911,68.60029,70.45566,70.43437,72.20111,70.93659,71.61006,66.4003,70.80254,60.0,67.62396,64.63745,64.49806,64.14047,59.5399,58.59181,58.59181,58.18075,55.15433,60.41523,54.40588,58.94065,55.7853,55.7315,61.07373,55.03635,62.07254,61.07373,63.12686,69.11584,70.45566,76.32169,71.25307,79.05694,86.28441,84.59314
15.29706,14.31782,13.34166,13.34166,12.36932,12.36932,11.40175,11.40175,10.44031,10.19804,9.21954,9.21954,8.06226,8.06226,7.0,7.07107,6.0,6.0,5.09902,5.09902,4.12311,4.47214,4.47214,4.47214,3.60555,4.24264,4.24264,4.47214,4.47214,4.47214,5.38516,5.38516,5.38516,6.08276,6.32456,6.32456,6.32456,6.32456,6.32456,6.32456,6.32456,6.32456,7.28011,7.61577,6.7082,6.7082,6.7082,7.2111,7.2111,7.2111,7.07107,7.07107,86.68333,85.51023,87.66413,79.83107,84.40379,80.36168,72.53275,72.12489,67.6757,66.48308,61.61169,57.00877,57.72348,52.81098,48.70318,46.57252,40.26164,41.7732,39.62323,37.12142,32.01562,30.01666,27.01851,26.1725,23.34524,23.76973,21.09502,20.24846,19.84943,20.51828,17.69181,19.23538,20.12461,21.84033,21.54066,21.18962,29.27456,26.4764,25.17936,28.63564,30.26549,32.24903,31.57531,32.38827,32.24903,33.37664,36.40055,34.52535,36.68787,35.17101,36.13862,36.05551,37.57659,33.10589,39.11521,37.73592,34.05877,33.95585,38.11824,40.04997,43.18565,44.18144,47.07441,47.29693,50.96077,52.49762,51.24451,56.85948,60.00833,61.26989,61.40033,63.63175,63.28507,63.82006,66.28725,65.45991,66.21933,66.70832,74.33034,69.31089,72.12489,70.76722,73.5527,72.12489,71.42129,67.94115,66.48308,67.20863,65.05382,65.05382,62.24147,58.69412,60.30755,57.80138,54.03702,56.85948,56.4358,56.93856,55.47071,55.9464,57.00877,57.24509,57.70615,58.24946,59.84146,65.62012,67.26812,72.02777,71.06335,79.22752,75.02666,81.05554,84.29116,82.0975
14.56022,13.60147,13.60147,13.34166,12.36932,12.36932,11.40175,10.19804,9.21954,9.21954,9.21954,8.24621,8.24621,7.28011,7.28011,6.32456,5.38516,5.38516,5.0,5.0,5.0,4.24264,4.24264,3.60555,4.47214,3.60555,4.12311,4.12311,4.12311,4.0,5.0,5.0,5.0,5.0,5.0,5.09902,6.08276,6.0,6.0,6.0,6.0,6.0,6.0,7.0,7.0,7.0,7.0,7.07107,6.32456,7.28011,6.32456,6.7082,84.75848,83.95237,80.52329,81.04937,80.89499,77.10383,71.02112,70.34913,68.35934,64.38167,61.29437,56.14268,54.33231,51.47815,46.69047,44.28318,43.18565,37.65634,37.65634,34.52535,29.73214,27.89265,26.40076,27.29469,20.0,22.80351,27.01851,21.40093,17.20465,22.36068,19.69772,20.61553,18.11077,22.02272,23.02173,23.08679,23.02173,26.07681,29.27456,30.41381,29.0,29.01724,30.01666,34.1321,33.13608,32.01562,35.01428,35.0571,35.0,32.14032,37.33631,33.13608,34.71311,35.44009,34.78505,34.0147,32.64966,34.82815,39.05125,42.44997,43.82921,44.65423,44.77723,43.82921,47.85394,52.3259,52.55473,53.75872,56.29387,56.921,56.29387,63.34824,63.28507,62.20129,67.00746,65.19202,69.0,69.0,71.17584,67.47592,69.35416,69.87131,67.74216,68.593,68.06614,65.11528,63.78871,64.32729,62.8172,60.01666,59.5399,57.87055,60.01666,57.00877,55.08176,55.08176,55.0,56.00893,51.15662,54.58938,55.57877,52.17279,54.57105,58.24088,58.5235,62.76942,63.15853,67.54258,69.77822,72.8011,75.23962,81.15417,77.25283,80.11242
14.56022,13.60147,12.64911,12.36932,12.36932,11.40175,11.40175,10.44031,10.19804,9.21954,8.24621,8.24621,7.28011,7.28011,6.32456,6.32456,5.38516,5.38516,4.47214,4.47214,3.60555,3.60555,3.60555,2.82843,2.82843,3.16228,3.0,3.0,3.0,3.0,4.12311,3.16228,4.12311,4.47214,4.12311,4.47214,5.38516,4.47214,4.47214,4.47214,5.38516,5.38516,5.38516,5.09902,5.09902,5.09902,6.08276,6.08276,5.0,5.0,6.0,5.09902,85.3815,87.59566,89.5377,83.38465,80.36168,76.24303,74.94665,73.24616,70.34202,65.96969,64.28841,60.20797,54.40588,54.34151,48.08326,46.57252,42.95346,39.29377,33.61547,35.4683,34.43835,28.30194,27.45906,24.20744,22.02272,19.79899,23.32381,19.72308,18.78829,18.02776,19.64688,19.10497,21.0,22.2036,23.76973,22.80351,23.08679,23.76973,27.20294,26.40076,31.30495,28.79236,29.12044,32.69557,31.32092,34.0147,37.16181,36.76955,35.1141,34.9285,35.1141,34.9285,37.48333,34.1321,35.0571,34.05877,35.35534,38.8973,39.40812,44.40721,44.41846,48.33218,45.31004,48.10405,51.5461,52.81098,54.57105,56.88585,58.69412,60.40695,62.1289,62.07254,65.06919,69.06519,66.0,70.17834,67.36468,71.70077,73.5527,72.69113,75.70997,72.78049,70.83078,69.2315,68.96376,68.15424,69.63476,66.21933,64.13267,65.51336,63.95311,64.93843,58.54912,61.29437,59.21149,58.42089,56.14268,59.00847,59.3043,56.56854,59.03389,57.97413,58.82176,56.921,63.06346,63.50591,69.77822,70.26379,73.82412,70.3278,76.66159,85.47514,83.86298,87.32125
13.60147,13.60147,13.60147,12.20656,12.20656,10.81665,10.81665,10.0,10.0,8.60233,8.60233,7.81025,7.07107,6.40312,5.65685,5.65685,5.65685,5.0,4.47214,4.47214,4.47214,4.47214,4.12311,4.0,4.0,4.12311,4.12311,4.47214,4.47214,5.83095,5.0,5.0,5.0,5.65685,5.83095,6.40312,6.40312,6.40312,6.40312,6.40312,6.40312,7.2111,6.40312,7.2111,7.2111,6.7082,6.7082,6.7082,7.61577,7.28011,7.07107,7.07107,89.02247,87.65843,81.60882,81.02469,81.30191,79.75588,76.00658,70.3278,67.74216,64.41273,60.37384,56.93856,58.83026,50.60632,47.70744,46.06517,47.50789,41.18252,36.35932,33.97058,31.82766,32.55764,27.20294,25.05993,21.26029,24.59675,20.24846,21.37756,19.41649,20.22375,20.61553,21.18962,20.88061,19.31321,24.18677,25.4951,23.60085,27.20294,30.61046,33.30165,32.44996,30.0,31.06445,36.61967,31.40064,35.80503,34.0,37.20215,36.35932,33.12099,40.81666,37.12142,37.16181,40.16217,34.9285,36.49658,38.11824,37.58989,39.66106,41.86884,43.18565,44.04543,45.45327,43.60046,50.47772,54.08327,52.35456,55.15433,57.77543,59.9333,61.68468,64.51356,65.25335,67.44627,65.51336,65.30697,67.26812,69.2315,73.1642,67.74216,71.25307,69.06519,71.06335,68.00735,67.0,71.17584,66.18912,68.11755,61.07373,65.12296,61.03278,62.39391,64.49806,60.40695,57.42822,55.57877,60.63827,59.48109,56.64804,56.46238,57.77543,56.82429,55.0,55.0,61.6198,62.28965,68.0147,63.12686,77.15569,77.10383,76.38063,80.72174,80.80842,82.13404
14.0,13.0,13.0,12.0,12.0,11.0,10.0,10.0,9.0,9.0,8.0,8.0,7.0,6.08276,6.0,5.09902,5.09902,4.47214,4.47214,4.47214,3.60555,3.60555,3.60555,3.60555,3.60555,4.12311,4.12311,4.12311,4.0,5.0,4.0,5.0,5.09902,5.0,6.08276,6.08276,6.08276,6.08276,6.0,6.08276,7.07107,7.0,6.08276,7.0,7.0,7.0,7.07107,7.07107,6.08276,6.32456,6.32456,6.32456,89.6772,82.60751,81.3941,81.22192,76.41989,80.05623,72.02777,73.02739,66.00758,61.0082,60.03332,54.14795,54.03702,48.01042,51.0098,44.01136,43.01163,37.65634,36.34556,30.08322,32.31099,25.96151,28.63564,24.18677,24.41311,21.93171,22.2036,20.24846,18.86796,20.61553,18.68154,24.08319,20.02498,23.0,22.36068,23.0,26.4764,27.45906,30.59412,26.30589,28.86174,28.63564,35.35534,33.54102,34.9285,34.9285,36.12478,33.37664,34.23449,36.22154,36.34556,35.12834,36.12478,35.22783,36.05551,36.13862,37.64306,36.24914,38.62642,43.08132,39.31921,41.59327,48.04165,49.16299,47.01064,50.03998,52.34501,52.34501,58.0517,61.81424,62.8172,60.44005,60.40695,67.44627,65.14599,68.00735,68.02941,71.17584,71.30919,67.23095,71.58911,72.71864,69.77105,65.51336,68.96376,67.23095,67.53518,62.96825,65.30697,62.43397,61.7414,59.03389,61.09828,58.87274,51.5461,55.15433,55.71355,55.7853,52.61179,56.7186,56.14268,55.0,57.0,59.07622,61.40033,60.82763,67.26812,64.7611,70.61161,75.96052,75.70997,79.30952,83.24062,83.74366
14.42221,13.60147,14.42221,12.80625,12.80625,11.40175,12.20656,10.81665,10.0,10.0,10.0,8.60233,8.06226,7.2111,6.7082,6.7082,6.32456,5.38516,5.09902,5.09902,4.0,4.0,5.09902,4.12311,4.12311,4.47214,4.47214,4.24264,4.24264,5.0,5.0,5.0,5.83095,5.83095,6.40312,6.40312,6.40312,6.40312,6.40312,7.2111,7.2111,6.40312,7.2111,7.2111,7.81025,7.07107,7.07107,7.07107,7.81025,7.2111,7.2111,6.7082,87.09191,85.14693,86.40023,80.60397,78.87332,78.1025,75.69016,73.0,66.46804,65.11528,61.6198,58.89822,57.00877,53.8145,48.08326,47.20169,44.82187,39.20459,37.44329,34.48188,29.96665,29.73214,28.16026,24.35159,26.30589,22.2036,21.09502,23.08679,17.26268,20.24846,20.59126,20.59126,20.80865,25.4951,24.83948,25.4951,24.59675,27.01851,29.20616,31.40064,31.38471,33.01515,33.6006,34.4093,32.44996,34.4093,37.80212,32.80244,38.28838,36.79674,37.48333,35.38361,38.94868,37.20215,36.61967,35.8469,36.24914,35.90265,37.69615,41.78516,44.29447,44.29447,44.10215,46.8615,51.66237,51.22499,52.40229,55.17246,55.97321,63.25346,59.81639,64.63745,64.07027,67.95587,67.74216,67.41662,72.89719,70.77429,72.91776,73.73602,67.23095,69.26038,72.11103,70.5195,71.51224,69.28925,66.12866,65.78754,64.51356,63.56886,65.55151,60.53924,65.74192,61.84658,56.4358,60.03332,56.85948,57.68882,56.0803,55.9017,55.17246,55.17246,59.20304,60.21628,59.64059,67.74216,66.37017,68.09552,73.92564,73.43024,75.13322,81.00617,84.59905,83.24062
14.86607,13.45362,13.45362,12.72792,12.72792,11.31371,11.31371,10.63015,9.89949,9.89949,9.21954,8.48528,7.81025,7.07107,5.65685,6.40312,5.0,5.83095,4.47214,4.47214,3.16228,3.16228,3.16228,3.0,3.0,3.0,3.16228,3.60555,2.82843,3.60555,3.60555,3.60555,4.47214,5.0,5.0,5.0,5.0,5.0,5.0,5.0,5.65685,5.0,6.40312,5.65685,5.65685,5.65685,5.65685,6.40312,5.83095,5.83095,5.38516,5.38516,83.35466,85.23497,80.77747,79.20227,83.81527,70.60453,73.81734,66.6033,71.06335,61.84658,59.66574,57.00877,57.2014,51.22499,46.40043,43.82921,41.23106,38.58756,33.42155,34.48188,29.52965,33.10589,25.0,26.92582,20.61553,22.80351,20.02498,17.46425,21.58703,18.02776,18.78829,18.02776,19.84943,19.84943,26.1725,21.63331,25.80698,24.18677,28.6007,29.68164,28.63564,30.80584,30.01666,34.20526,31.62278,36.05551,30.80584,33.83785,31.82766,34.65545,37.48333,31.1127,35.38361,34.82815,35.22783,33.83785,33.54102,35.01428,36.87818,44.14748,39.21734,47.12749,43.08132,49.1935,50.11986,48.8774,53.0,55.0,58.41233,59.03389,58.13777,58.69412,65.76473,64.38167,65.19202,65.94695,71.61006,71.84706,71.86793,72.40166,71.69379,72.56032,69.97142,72.47068,66.18912,72.44998,65.74192,67.60178,60.37384,66.7308,62.26556,63.52952,57.98276,57.42822,60.30755,57.62812,56.0803,51.85557,58.69412,55.22681,58.41233,55.0,58.82176,58.24946,59.5399,61.40033,68.70953,70.5762,68.15424,70.00714,78.79086,80.99383,76.844,84.58132
14.56022,14.56022,13.60147,13.0,12.64911,11.7047,11.7047,10.44031,10.44031,9.48683,9.48683,8.544,8.24621,7.28011,7.28011,6.08276,6.08276,6.08276,5.0,5.0,5.0,4.0,4.12311,4.12311,3.16228,3.60555,3.60555,3.60555,3.60555,3.60555,3.60555,4.47214,4.47214,4.47214,5.38516,5.09902,5.38516,5.38516,5.38516,5.38516,5.38516,5.38516,5.38516,6.32456,5.83095,6.7082,5.83095,5.83095,6.40312,6.40312,6.40312,6.40312,90.82401,86.02325,85.79627,79.20227,82.34683,77.38863,76.47876,74.24284,68.44706,66.30988,64.40497,59.94164,57.24509,51.89412,48.76474,45.69464,45.18849,42.95346,37.16181,32.57299,30.80584,27.89265,24.0,22.09072,24.0,25.0,18.38478,19.69772,21.0238,21.09502,20.61553,19.20937,16.97056,24.69818,20.24846,25.23886,23.32381,24.18677,30.46309,28.17801,31.62278,31.38471,33.61547,36.05551,33.24154,34.78505,34.88553,35.77709,36.71512,34.0,39.11521,34.71311,39.20459,37.20215,33.97058,36.76955,34.82815,37.10795,41.10961,44.01136,42.42641,46.52956,45.12206,45.60702,49.64877,55.54278,53.75872,52.39275,56.85948,60.83584,63.51378,66.57327,63.41136,64.2028,69.6563,68.76772,70.83784,68.88396,75.69016,70.72482,71.50524,73.66139,69.35416,70.83784,71.06335,65.21503,68.88396,65.11528,66.06815,62.62587,57.98276,63.70243,62.96825,60.1415,58.0,56.0803,58.41233,59.40539,56.30275,53.85165,54.626,59.9333,62.64982,61.98387,58.5235,62.8172,70.40597,68.88396,72.83543,72.36712,76.48529,82.9759,87.09765,91.00549
13.89244,13.0384,12.20656,12.20656,11.40175,11.40175,10.63015,10.0,9.21954,8.60233,8.60233,8.06226,7.2111,5.83095,5.83095,5.83095,5.83095,4.47214,4.12311,3.60555,3.16228,3.0,3.0,3.0,2.23607,3.16228,2.23607,2.82843,3.60555,2.82843,3.60555,3.60555,4.47214,4.47214,4.24264,4.47214,5.0,5.0,4.47214,5.0,5.0,5.0,5.0,5.0,5.65685,5.65685,5.0,5.0,5.0,5.83095,5.38516,5.38516,84.07735,85.75547,81.63333,78.89233,78.23682,72.42237,72.00694,66.06815,67.47592,58.89822,59.66574,58.89822,54.20332,47.01064,47.20169,44.20407,38.60052,36.05551,34.0,33.61547,30.41381,27.313,22.84732,26.0,19.64688,17.72005,18.02776,20.39608,17.46425,17.46425,21.54066,19.69772,20.80865,19.79899,23.43075,20.61553,27.20294,24.75884,29.20616,27.58623,32.20248,32.20248,30.4795,28.84441,32.20248,32.01562,33.24154,31.89044,35.35534,33.30165,33.30165,35.4683,35.0,36.05551,34.0,34.0147,33.61547,34.23449,38.01316,42.42641,42.95346,42.05948,47.12749,49.65884,51.88449,52.35456,51.86521,53.23533,56.61272,58.82176,61.03278,59.03389,62.24147,66.52819,67.17887,65.76473,70.29225,67.62396,72.8011,72.42237,68.8186,69.11584,69.89278,70.45566,67.74216,66.37017,64.89992,64.66065,62.96825,61.91123,60.20797,59.16925,61.58734,63.25346,58.89822,58.72819,53.90733,53.75872,58.13777,54.67175,55.31727,53.00943,54.3783,59.16925,60.41523,62.76942,63.32456,67.77905,72.73239,68.35203,73.1642,76.32169,82.8553,80.62258
14.0,13.0,13.0,12.04159,12.04159,11.04536,10.04988,10.04988,9.05539,9.05539,8.06226,8.0,7.0,6.0,6.0,5.0,5.0,5.09902,4.12311,3.16228,3.16228,3.16228,3.60555,2.82843,2.82843,2.23607,3.16228,3.0,3.0,4.0,4.0,4.0,5.09902,5.09902,4.0,5.09902,5.09902,5.09902,5.09902,6.0,6.08276,5.0,6.0,6.0,6.0,6.08276,6.08276,6.08276,6.32456,5.38516,5.38516,5.83095,85.09407,80.09994,86.37129,79.02531,75.0,79.02531,70.06426,75.16648,63.03174,70.02857,63.07139,57.00877,55.08176,47.01064,46.01087,47.01064,39.11521,35.0571,31.14482,31.40064,31.04835,28.16026,26.57066,20.12461,20.61553,20.80865,15.65248,18.02776,20.51828,18.60108,18.35756,20.24846,17.0,22.36068,23.0,27.01851,24.73863,29.01724,28.28427,27.45906,31.40064,30.14963,31.257,29.01724,35.22783,31.57531,36.12478,31.14482,36.0,32.06244,38.11824,33.24154,36.01389,32.55764,38.07887,36.40055,34.66987,37.21559,39.56008,37.94733,47.29693,41.23106,47.38143,44.28318,50.01,54.03702,52.08647,56.22277,56.56854,57.21888,61.0,65.73431,63.60031,65.96969,63.56886,71.8401,67.41662,71.30919,70.68239,68.942,68.88396,68.96376,71.11259,69.35416,73.92564,64.14047,67.1193,65.51336,69.83552,65.29931,60.37384,62.16912,63.32456,55.15433,58.5235,56.32051,56.75385,59.22837,52.63079,58.69412,57.42822,57.31492,54.08327,56.00893,61.29437,59.5399,62.16912,63.15061,69.2315,75.70997,71.02112,79.07591,84.5281,79.83107
15.52417,14.56022,14.56022,14.31782,13.34166,12.16553,12.36932,11.18034,10.19804,10.19804,10.19804,9.21954,8.24621,8.24621,7.28011,7.28011,6.32456,5.38516,5.83095,5.0,5.0,5.0,4.24264,5.0,4.47214,4.47214,4.12311,5.09902,5.09902,5.0,5.09902,6.0,6.0,6.0,6.0,6.0,6.0,6.0,7.0,7.0,7.0,7.0,7.0,7.0,7.07107,7.07107,7.07107,7.28011,7.28011,7.61577,6.7082,6.7082,83.38465,80.41144,82.21922,76.55064,77.16217,70.34202,73.97973,69.37579,64.28841,62.58594,61.68468,57.48913,55.54278,48.50773,45.35416,41.76123,40.80441,39.56008,35.73514,32.20248,29.15476,28.63564,24.41311,24.18677,24.69818,23.34524,22.2036,19.31321,18.86796,19.64688,22.36068,19.10497,20.02498,23.34524,26.1725,22.13594,26.0,29.12044,26.68333,32.01562,32.31099,30.08322,33.83785,36.68787,33.83785,32.75668,32.28002,34.9285,35.69314,38.20995,36.05551,38.20995,37.12142,35.01428,37.21559,37.85499,34.9285,37.44329,40.31129,43.13931,43.01163,44.65423,43.82921,45.17743,49.65884,47.92703,51.86521,53.75872,56.04463,60.08328,59.22837,60.20797,59.68249,64.38167,67.1193,65.06919,67.0,67.06713,68.02941,70.25667,67.18631,67.26812,66.61081,68.46897,65.76473,63.78871,65.62012,65.76473,59.21149,58.85576,57.70615,59.3043,58.13777,58.21512,56.0803,53.03772,56.00893,52.03845,55.44367,55.31727,55.36244,54.34151,52.92447,57.38467,57.77543,60.90156,65.29931,65.36819,68.7968,72.56032,69.64194,78.39005,80.1561,81.00617
15.26434,14.42221,14.42221,13.60147,13.60147,12.20656,11.40175,10.81665,10.81665,10.0,9.43398,8.60233,8.06226,8.06226,7.2111,6.7082,6.32456,5.38516,5.38516,5.09902,5.09902,5.0,4.0,4.0,4.12311,3.16228,3.60555,4.47214,3.60555,4.24264,4.24264,4.24264,5.0,5.0,5.0,5.0,5.83095,6.40312,5.65685,5.65685,6.40312,6.40312,6.40312,6.40312,7.07107,7.07107,6.40312,6.40312,7.2111,7.2111,6.7082,6.32456,87.46428,87.23531,87.84646,81.41253,79.17702,81.30191,76.94154,72.06941,66.64833,66.37017,60.46487,60.03332,55.56978,52.69725,44.77723,46.06517,44.29447,41.14608,39.56008,33.10589,34.20526,28.4605,29.42788,26.30589,24.0,21.84033,20.22375,20.88061,18.35756,18.78829,22.2036,19.10497,20.51828,22.67157,22.2036,26.92582,24.18677,26.92582,29.52965,31.7805,30.41381,32.64966,30.80584,34.43835,35.35534,34.43835,36.67424,34.98571,33.12099,35.8469,36.71512,37.01351,32.64966,34.05877,36.12478,36.23534,33.83785,38.11824,38.0526,42.29657,42.95346,45.12206,45.54119,45.54119,51.07837,50.15974,52.7731,53.7122,54.70832,60.90156,61.61169,62.80127,60.30755,66.21933,66.52819,68.11755,72.12489,70.71068,70.29225,70.93659,70.43437,72.8011,73.40981,70.0,68.60029,66.0303,68.24222,66.4003,65.80274,63.41136,62.80127,63.89053,58.60034,58.0,57.98276,55.17246,56.58622,58.13777,56.22277,54.6443,54.20332,57.80138,60.83584,61.32699,57.24509,63.24555,64.03124,66.48308,70.34202,73.00685,75.43209,81.25269,82.76473,85.72631
15.0,15.0,14.42221,13.60147,13.0384,12.20656,12.20656,10.81665,10.81665,10.0,10.0,9.21954,9.21954,7.81025,7.07107,7.07107,5.65685,5.65685,5.83095,5.83095,4.47214,4.47214,4.47214,4.12311,4.0,4.0,4.12311,4.12311,4.12311,4.47214,4.47214,5.38516,5.83095,5.83095,5.0,5.83095,5.83095,5.83095,5.83095,5.83095,5.83095,6.40312,6.7082,7.2111,6.7082,6.7082,6.7082,6.32456,6.32456,7.28011,7.28011,7.07107,89.20202,89.81091,86.60831,79.61156,86.53323,79.32213,78.54935,72.11103,70.17834,65.76473,62.17717,58.13777,52.83938,53.0,50.21952,45.27693,47.20169,41.86884,36.40055,34.65545,27.65863,31.241,27.45906,24.69818,24.16609,21.93171,23.76973,22.09072,19.0263,22.02272,20.22375,21.2132,19.64688,22.84732,25.80698,27.80288,22.36068,25.55386,31.06445,28.6531,33.30165,32.80244,34.20526,35.80503,34.1321,36.23534,37.44329,36.89173,34.0,35.8469,34.0,36.67424,37.94733,40.49691,40.26164,33.83785,39.05125,36.23534,39.20459,43.41659,42.44997,45.45327,46.09772,46.04346,53.0,50.77401,53.22593,56.93856,57.69749,59.48109,64.2573,58.18935,66.09841,66.40783,66.4906,68.65858,67.47592,65.30697,72.33948,71.84706,70.5762,70.17834,71.56815,70.06426,67.02984,68.02941,65.27634,67.18631,65.0,61.07373,64.07027,62.07254,56.14268,58.54912,57.72348,57.00877,59.61543,58.18935,57.24509,53.66563,60.90156,55.00909,55.07268,60.53924,58.24946,64.66065,65.94695,67.88225,71.42129,72.12489,77.07788,78.74643,78.51751,84.21995
14.14214,14.14214,13.15295,13.34166,12.36932,11.40175,11.18034,11.18034,10.19804,9.21954,9.21954,8.06226,8.06226,7.07107,7.07107,6.0,6.0,6.0,5.0,5.09902,4.12311,4.12311,3.60555,3.60555,3.60555,3.60555,3.60555,3.60555,3.16228,4.12311,3.16228,4.12311,4.12311,4.12311,5.0,5.09902,5.09902,5.09902,5.09902,5.09902,6.08276,6.08276,6.08276,6.08276,6.08276,6.32456,6.08276,5.38516,6.32456,5.83095,5.83095,6.40312,87.5557,85.44004,88.07383,78.84795,81.0432,74.63243,71.16881,73.68175,66.76077,62.62587,59.48109,58.5235,56.32051,49.33559,49.47727,46.84015,45.70558,39.62323,40.02499,34.23449,33.01515,30.0,22.2036,26.30589,24.18677,20.61553,22.82542,20.61553,18.43909,21.2132,21.93171,20.80865,23.70654,24.35159,24.73863,26.30589,27.29469,26.4764,28.28427,30.80584,27.0,35.22783,32.06244,32.38827,37.01351,37.05401,37.01351,38.0526,37.48333,36.49658,39.05125,40.5216,35.73514,31.7805,33.61547,38.47077,36.76955,36.0,39.05125,41.59327,42.95346,45.88028,48.8467,50.08992,50.53712,51.62364,50.77401,55.75841,55.47071,61.03278,62.80127,62.62587,64.53681,65.06919,64.38167,68.593,70.83784,70.17834,74.51845,72.8011,69.63476,68.88396,74.20243,73.40981,70.0,69.2026,68.41053,65.60488,66.21933,60.21628,60.0,62.62587,62.36986,58.69412,58.89822,54.03702,59.40539,58.24946,53.0,56.4358,59.94164,59.61543,54.56189,57.87055,61.13101,62.8172,63.95311,65.76473,72.56032,76.48529,77.52419,81.22192,82.29824,89.27486
14.31782,14.31782,13.0,12.52996,12.52996,11.6619,11.18034,10.29563,10.29563,8.94427,8.94427,8.06226,7.61577,6.7082,6.32456,6.32456,5.38516,5.09902,4.12311,4.0,4.0,3.0,3.0,3.16228,2.23607,3.60555,2.82843,3.60555,3.60555,3.60555,4.47214,4.12311,4.12311,4.12311,4.47214,5.38516,5.38516,5.38516,5.38516,5.38516,5.38516,5.38516,5.38516,5.38516,5.83095,5.83095,5.83095,6.40312,5.65685,5.65685,5.65685,5.83095,91.0,88.23831,82.76473,82.29824,75.6439,79.17702,72.00694,76.05919,64.49806,67.41662,62.17717,59.68249,54.20332,51.10773,47.88528,44.28318,41.62932,36.24914,37.16181,34.17601,31.04835,28.63564,27.07397,25.01999,19.0,16.12452,21.93171,20.61553,17.08801,20.61553,19.84943,22.02272,21.63331,24.59675,21.47091,21.09502,23.08679,27.20294,28.79236,28.63564,30.08322,30.36445,33.61547,32.31099,32.69557,31.30495,35.34119,34.53983,34.43835,35.8469,37.12142,36.71512,38.01316,35.22783,35.38361,35.38361,31.62278,38.0,37.48333,40.26164,43.01163,44.01136,49.76947,47.42362,51.31277,55.22681,52.47857,56.0803,58.41233,60.20797,62.36986,60.82763,60.81118,67.20863,65.8559,72.12489,67.47592,69.6563,71.40028,72.42237,71.28113,71.02112,70.17834,70.17834,69.97142,68.60029,69.46222,66.03787,69.33974,65.45991,62.1289,62.20129,59.20304,56.85068,55.9017,58.72819,60.10824,55.9017,57.31492,58.60034,58.24946,58.83026,55.9464,60.41523,64.4748,58.69412,63.24555,63.32456,71.8401,75.96052,74.33034,81.32035,83.52245,84.77028
15.23155,15.23155,14.31782,14.76482,13.41641,12.08305,12.08305,11.18034,10.77033,10.29563,8.94427,8.94427,8.544,8.544,7.61577,7.28011,6.32456,6.08276,6.08276,5.09902,5.0,5.0,4.12311,4.12311,4.12311,3.60555,3.60555,4.24264,4.24264,4.47214,4.24264,4.47214,4.47214,5.0,5.83095,5.38516,5.83095,5.83095,5.83095,5.83095,6.7082,6.7082,5.83095,6.7082,7.2111,6.40312,6.40312,6.40312,7.07107,7.07107,6.40312,7.2111,85.70298,79.05694,85.09407,81.70679,76.55717,77.38863,69.857,70.26379,64.41273,65.29931,59.5063,60.41523,52.3259,52.3259,45.69464,46.61545,42.54409,38.27532,35.8469,32.98485,32.55764,29.12044,24.02082,23.0,23.19483,25.17936,23.08679,18.38478,18.38478,18.02776,19.84943,21.93171,20.80865,22.84732,22.82542,25.05993,24.41311,28.23119,26.57066,28.79236,29.12044,30.8707,30.46309,32.69557,32.57299,34.43835,36.23534,37.16181,36.67424,34.48188,37.21559,36.05551,34.1321,37.53665,35.38361,34.05877,34.82815,35.69314,40.04997,40.0125,44.40721,45.54119,45.60702,46.84015,47.92703,51.0,50.08992,51.47815,56.82429,59.48109,61.29437,62.68174,60.21628,66.0303,69.52697,69.52697,66.6033,69.31089,67.89698,66.48308,70.17834,70.29225,68.76772,66.70832,69.6563,65.43699,66.21933,61.6198,65.43699,60.60528,59.03389,60.959,57.31492,57.28001,56.0803,56.63921,54.81788,56.0357,49.92995,51.10773,54.56189,54.626,58.87274,56.30275,57.87055,60.87693,60.87693,66.09841,64.93843,74.96666,71.84706,77.46612,84.34453,83.74366
14.31782,13.41641,13.0,11.7047,11.7047,10.77033,10.77033,9.84886,9.84886,8.544,8.06226,8.06226,6.7082,6.7082,5.83095,5.83095,5.65685,5.0,4.24264,4.24264,3.60555,3.60555,4.12311,4.12311,4.0,4.0,4.12311,4.12311,4.12311,5.09902,4.47214,5.38516,5.38516,5.83095,6.32456,6.7082,6.7082,6.7082,6.7082,6.7082,6.7082,7.61577,6.7082,7.28011,7.28011,7.28011,7.28011,7.07107,7.07107,7.07107,7.0,6.08276,84.69357,80.65358,82.8734,81.0432,74.04053,75.69016,73.4983,72.00694,65.96969,63.56099,60.87693,56.29387,55.54278,46.8188,49.24429,44.14748,42.37924,38.07887,36.40055,31.38471,33.12099,23.85372,25.6125,19.84943,23.34524,20.0,17.20465,21.18962,20.24846,19.10497,19.41649,21.2132,20.02498,24.04163,21.18962,27.20294,27.51363,26.68333,30.08322,32.89377,33.10589,34.43835,33.83785,34.17601,32.69557,32.69557,35.34119,38.27532,36.40055,37.65634,39.05125,39.81206,36.34556,35.12834,38.01316,38.11824,35.51056,33.42155,40.60788,34.88553,45.17743,42.54409,45.88028,45.88028,46.87217,49.81967,51.62364,51.24451,56.14268,57.14018,60.07495,59.00847,63.07139,67.02984,64.07027,67.26812,67.74216,68.44706,71.19691,66.94027,69.64194,69.92138,66.48308,62.29767,69.92138,65.0,67.6757,62.93648,66.09841,65.80274,59.66574,63.78871,57.27128,57.70615,56.7186,53.23533,54.03702,55.03635,54.03702,55.3263,56.08921,56.88585,59.13544,58.24088,60.40695,60.41523,60.92618,65.30697,66.24198,72.89719,70.66116,78.26238,83.19255,79.60528
13.92839,13.0,13.0,12.08305,12.08305,11.18034,9.84886,10.29563,8.94427,8.94427,8.06226,8.06226,6.7082,6.7082,6.32456,5.38516,5.09902,4.12311,4.0,4.0,3.0,3.0,3.16228,3.16228,2.23607,2.82843,2.82843,3.60555,3.16228,3.16228,4.12311,4.12311,5.09902,4.47214,4.12311,4.47214,5.38516,5.38516,5.38516,5.38516,5.38516,5.38516,5.38516,5.38516,5.38516,5.83095,5.83095,5.83095,6.40312,5.65685,5.65685,5.83095,83.81527,91.08238,79.71198,82.28001,84.50444,72.01389,76.96753,70.77429,71.11259,62.16912,62.16912,55.9464,57.38467,52.80152,49.1935,43.32436,41.76123,38.8973,33.24154,32.28002,28.86174,29.61419,22.2036,23.02173,23.19483,23.34524,19.69772,19.69772,22.82542,20.51828,21.2132,21.26029,21.0238,22.82542,23.70654,25.0,24.69818,30.67572,30.36445,29.15476,31.7805,30.36445,37.0,31.95309,31.95309,34.9285,32.69557,37.69615,34.9285,36.76955,38.48376,36.89173,38.94868,38.83298,35.4683,34.82815,36.87818,38.32754,41.0,45.01111,44.40721,46.87217,45.88028,51.86521,51.07837,53.7122,55.03635,57.3062,59.05929,59.16925,67.95587,60.80296,65.80274,65.80274,70.93659,68.88396,67.89698,72.18033,75.00667,75.69016,72.86288,72.24957,73.10951,70.93659,70.43437,70.80254,65.94695,69.40461,64.53681,68.68042,66.52819,62.62587,60.87693,59.39697,58.79626,55.97321,56.72742,57.42822,59.90826,54.91812,59.48109,58.59181,54.56189,57.58472,60.40695,60.87693,69.12308,67.08204,72.99315,74.1485,81.04937,86.68333,81.3941,87.47571
12.64911,12.64911,11.7047,12.08305,11.18034,10.77033,9.84886,8.94427,8.544,7.61577,7.61577,7.28011,6.32456,6.32456,5.09902,5.09902,5.0,4.0,4.0,4.0,4.12311,3.16228,3.60555,3.60555,3.60555,2.82843,3.60555,4.47214,4.47214,4.12311,4.47214,4.12311,5.38516,5.38516,6.08276,6.08276,6.32456,6.32456,6.32456,6.32456,6.32456,6.32456,6.32456,6.32456,6.7082,6.7082,6.7082,5.83095,5.83095,6.40312,6.40312,6.40312,86.35392,82.8553,83.24062,78.23043,76.55064,74.33034,71.84706,68.60029,62.62587,63.00794,58.60034,53.41348,53.15073,46.32494,45.80393,39.44617,41.04875,34.9285,35.8469,29.54657,28.63564,26.0,26.4764,23.0,18.68154,22.02272,18.24829,21.0238,20.0,17.88854,20.61553,22.02272,18.43909,24.04163,24.69818,27.80288,29.41088,26.92582,31.38471,30.08322,31.38471,31.30495,32.44996,31.62278,36.89173,32.20248,35.60899,35.22783,32.44996,36.40055,36.23534,36.23534,35.35534,34.20526,34.82815,36.35932,36.67424,37.05401,35.51056,39.29377,44.59821,41.78516,45.31004,45.61798,46.14109,50.77401,51.31277,53.82379,57.62812,57.62812,60.87693,65.06919,61.52235,66.6033,63.03174,66.70832,67.20119,66.61081,73.78347,67.95587,69.89278,69.64194,67.60178,71.11962,68.09552,65.76473,66.7308,63.50591,64.88451,62.64982,61.05735,61.05735,57.3062,60.53924,55.80323,57.2014,55.31727,57.31492,52.34501,56.56854,55.44367,52.80152,54.6443,57.45433,57.24509,63.07139,60.53924,66.40783,67.41662,72.61543,66.48308,78.92401,79.84986,78.54935
13.0,13.0,13.0,12.0,12.0,11.0,10.04988,10.04988,9.05539,9.0,8.06226,7.0,7.0,6.0,5.0,5.09902,5.09902,4.12311,4.12311,3.16228,3.60555,2.82843,2.82843,3.60555,3.16228,2.23607,3.0,4.0,4.0,3.0,4.0,5.0,5.09902,5.09902,5.09902,5.09902,5.09902,5.09902,6.08276,6.0,6.08276,5.09902,6.08276,6.0,6.0,6.0,6.08276,6.08276,6.08276,6.32456,6.32456,5.83095,84.64632,84.40379,85.14693,84.92938,80.41144,72.99315,73.97973,68.73136,69.35416,62.514,60.82763,56.32051,53.15073,53.15073,46.17359,46.09772,42.75512,39.20459,33.95585,34.78505,29.52965,29.06888,24.59675,24.83948,22.2036,17.69181,18.60108,20.0,21.09502,17.08801,17.11724,21.2132,18.68154,24.18677,26.1725,28.28427,27.313,29.15476,31.95309,31.95309,32.01562,30.41381,34.78505,34.20526,35.8469,34.20526,35.51056,38.63936,33.54102,36.34556,38.11824,40.11234,37.12142,36.01389,37.12142,36.13862,36.40055,36.89173,40.81666,46.06517,44.01136,45.88028,47.07441,50.0,51.62364,50.63596,53.15073,55.0,57.00877,64.00781,63.07139,64.19502,64.38167,67.36468,72.83543,66.28725,69.42622,67.68309,70.21396,75.27284,70.5195,72.44998,69.07966,73.00685,68.02941,69.857,66.30988,68.54196,63.69458,65.9242,63.56886,64.19502,57.28001,65.25335,58.46366,61.13101,58.54912,54.23099,57.0,59.03389,60.07495,57.07889,55.7315,59.22837,66.48308,63.24555,65.45991,66.76077,72.8011,75.02666,78.43469,77.83315,82.07923,86.97701
15.0,14.21267,13.60147,13.60147,13.0384,12.20656,11.40175,10.81665,10.81665,10.0,9.43398,8.60233,8.60233,7.81025,7.07107,7.07107,6.40312,5.65685,5.83095,5.83095,4.47214,5.38516,4.12311,4.12311,5.0,4.0,4.12311,5.09902,4.12311,4.47214,4.47214,5.38516,5.38516,5.83095,5.83095,5.83095,5.83095,6.7082,6.7082,6.7082,6.7082,6.7082,6.7082,6.7082,6.7082,7.61577,7.28011,7.28011,7.07107,7.07107,7.0,7.0,86.31338,85.14693,82.75869,79.98125,78.87332,67.80118,70.72482,67.00746,69.40461,58.82176,57.14018,53.82379,50.60632,50.21952,50.0,42.80187,41.10961,36.87818,35.38361,31.14482,29.83287,28.01785,24.41311,22.47221,21.93171,19.92486,18.02776,21.0,22.02272,21.2132,17.26268,20.88061,22.80351,21.9545,24.69818,22.82542,29.20616,31.14482,28.3196,32.80244,31.14482,34.1321,31.40064,34.82815,35.0,34.05877,35.0,35.0,34.1321,38.83298,37.57659,34.88553,38.91015,36.05551,34.71311,36.49658,36.34556,34.78505,36.23534,39.44617,41.23106,46.40043,41.72529,45.34314,46.09772,52.80152,52.00961,53.33854,53.82379,56.60389,59.05929,56.35601,62.76942,61.26989,67.77905,64.88451,66.85058,68.96376,72.8011,70.34202,66.70832,67.74216,69.2315,68.06614,65.11528,67.74216,66.4906,67.08204,59.22837,61.61169,59.5399,57.87055,57.97413,58.5235,52.49762,52.55473,56.46238,53.7122,56.82429,53.33854,54.6443,50.80354,53.41348,54.03702,57.28001,59.5483,65.8559,67.47592,68.24954,70.29225,75.43209,79.81228,74.20243,80.80842
14.14214,13.15295,13.15295,12.04159,12.04159,11.04536,11.18034,10.19804,10.04988,9.05539,9.05539,8.06226,7.07107,7.07107,6.08276,6.08276,5.38516,5.38516,4.47214,4.47214,3.60555,3.60555,4.24264,2.82843,2.82843,3.16228,3.16228,3.16228,3.0,4.0,4.0,4.12311,4.12311,4.12311,5.09902,5.09902,5.09902,5.09902,5.09902,5.09902,5.09902,6.08276,5.09902,6.08276,6.08276,6.08276,6.0,6.0,6.0,6.08276,6.32456,5.38516,83.48653,80.00625,80.025,78.1025,76.00658,77.05842,69.26038,75.42546,64.49806,63.1981,59.0,59.0,52.08647,49.09175,49.0102,45.09989,44.01136,38.01316,39.05125,30.06659,32.24903,26.92582,24.69818,22.80351,19.72308,18.43909,17.69181,19.84943,21.9545,21.47091,22.13594,23.76973,21.09502,26.30589,19.23538,28.07134,23.02173,28.07134,31.06445,28.16026,29.0,31.0,31.06445,32.01562,34.23449,32.14032,36.05551,37.0,40.0,37.05401,36.01389,36.05551,33.24154,31.95309,34.48188,36.67424,39.35734,35.1141,39.05125,38.83298,43.18565,44.10215,47.0,45.0,48.16638,50.35871,48.83646,52.39275,56.75385,60.41523,60.72891,64.84597,59.80803,66.30988,61.32699,68.942,68.44706,68.44706,71.34424,68.60029,68.8186,66.85058,72.11103,69.02898,69.63476,61.61169,71.02112,61.03278,66.85058,60.03332,63.13478,61.05735,61.7171,58.18075,55.00909,55.9464,57.38467,56.32051,51.24451,54.12947,56.88585,58.42089,52.08647,52.00961,57.31492,64.19502,60.29925,62.1289,68.88396,76.94154,72.00694,77.52419,83.54639,80.75271
14.31782,13.0,12.08305,12.08305,11.18034,11.18034,10.29563,10.29563,8.94427,8.94427,8.06226,8.06226,6.7082,6.7082,5.38516,5.38516,5.09902,4.12311,4.12311,3.0,3.0,3.16228,3.16228,3.16228,2.23607,2.82843,2.82843,3.16228,3.60555,3.60555,4.12311,4.47214,4.47214,4.12311,4.12311,4.47214,5.38516,5.38516,5.38516,5.38516,5.38516,5.38516,6.32456,5.83095,5.83095,5.83095,5.83095,6.40312,5.65685,5.65685,5.83095,5.83095,87.36132,86.64872,81.59657,81.9329,82.63776,76.89603,73.53911,71.55418,65.0,64.07808,57.00877,56.46238,52.55473,51.88449,47.53946,45.31004,41.78516,38.8973,35.17101,33.95585,31.14482,27.16616,24.02082,21.0238,24.04163,24.33105,19.64688,19.10497,20.24846,21.40093,20.51828,22.02272,20.59126,19.92486,23.4094,27.85678,28.4605,28.16026,26.30589,30.80584,33.83785,30.67572,34.48188,32.28002,31.62278,37.10795,36.67424,35.1141,36.40055,38.07887,35.8469,37.73592,37.20215,38.83298,38.28838,35.35534,35.0,39.20459,38.0,42.19005,43.73786,43.93177,48.08326,47.75982,49.39636,53.31041,52.83938,53.66563,56.93856,61.05735,61.29437,63.28507,66.21933,63.41136,66.52819,67.26812,72.86288,70.0928,72.86288,74.41102,72.91776,70.0,71.58911,74.02702,67.80118,71.21798,68.11755,71.06335,60.60528,64.66065,64.03124,64.03124,60.1415,63.65532,58.69412,57.31492,54.56189,58.00862,55.22681,54.58938,60.37384,55.4617,52.0,56.30275,58.87274,64.7611,67.68309,65.96969,76.11833,71.38627,78.44743,83.36066,83.36066,84.72308
14.86607,14.86607,13.45362,13.45362,12.72792,12.72792,12.04159,11.31371,10.63015,9.89949,9.21954,8.60233,7.81025,7.2111,7.2111,6.7082,6.7082,5.38516,5.38516,5.09902,5.09902,4.0,4.0,4.12311,4.12311,5.38516,4.47214,5.0,5.0,5.65685,5.65685,5.65685,6.40312,6.40312,7.07107,7.07107,7.07107,7.81025,7.81025,7.07107,7.07107,7.07107,8.48528,7.81025,7.81025,7.81025,7.81025,8.60233,8.06226,8.06226,7.61577,7.28011,83.45058,84.29116,83.54639,82.02439,82.13404,73.5527,73.59348,72.13876,64.53681,62.36986,61.55485,58.79626,54.48853,51.66237,47.42362,41.01219,47.42362,38.60052,35.0,33.01515,34.1321,26.41969,29.06888,22.47221,21.58703,20.61553,16.12452,22.36068,20.61553,18.78829,24.20744,22.2036,22.2036,23.34524,24.08319,26.24881,27.65863,30.0,30.80584,30.80584,34.20526,32.44996,35.4683,34.05877,35.0,35.4683,38.20995,41.23106,36.06938,38.18377,37.48333,38.20995,39.05125,37.20215,37.21559,39.96248,36.40055,35.35534,39.44617,41.40048,43.86342,45.27693,45.27693,46.2277,51.22499,49.40648,50.21952,55.56978,54.3783,57.70615,59.9333,64.40497,61.32699,67.06713,68.68042,71.51224,69.63476,72.53275,70.83078,68.44706,70.40597,71.02112,72.18033,73.97973,69.35416,66.75328,67.89698,63.50591,66.75328,64.62971,61.61169,62.96825,59.20304,59.13544,55.65968,54.42426,57.38467,54.56189,52.83938,54.08327,56.0357,55.0,55.44367,57.28001,56.72742,60.1415,64.03124,63.70243,69.06519,76.27582,74.02702,78.49204,78.00641,79.51101
13.41641,12.52996,12.52996,12.08305,12.08305,10.77033,9.84886,9.84886,8.94427,8.94427,7.61577,7.61577,6.7082,5.83095,5.83095,5.0,4.47214,5.0,4.24264,3.60555,3.60555,3.16228,3.16228,3.16228,3.0,3.0,3.16228,4.12311,4.47214,4.47214,4.47214,5.38516,4.47214,5.83095,5.0,5.83095,5.83095,5.83095,6.7082,5.83095,5.83095,6.7082,6.32456,6.32456,6.32456,6.32456,6.32456,6.08276,6.08276,6.0,6.0,6.08276,86.53323,81.9878,83.72574,81.41253,79.75588,73.82412,72.06941,72.49828,65.39113,62.16912,57.69749,55.54278,53.31041,48.30114,50.08992,43.04649,40.70626,36.61967,35.0,35.22783,30.23243,26.90725,24.75884,24.75884,21.93171,20.12461,16.55295,20.0,19.0263,19.0,20.39608,20.88061,23.08679,22.47221,21.18962,27.29469,28.6531,29.06888,26.62705,33.42155,31.90611,31.90611,35.51056,34.98571,36.35932,33.01515,34.66987,39.44617,35.35534,37.21559,37.16181,37.57659,40.80441,37.94733,38.63936,35.22783,36.0,37.20215,39.59798,39.59798,44.40721,44.20407,49.39636,48.54894,50.53712,50.9902,49.0408,54.08327,56.64804,63.60031,64.84597,65.0,65.96969,67.26812,67.74216,70.5762,71.11259,69.26038,71.06335,71.00704,73.02739,70.06426,70.0,69.18092,71.25307,67.1193,69.02898,65.00769,64.12488,65.12296,62.07254,61.07373,60.07495,59.21149,56.22277,57.55867,56.08921,56.88585,53.75872,55.36244,56.30275,55.71355,61.09828,59.48109,58.66856,68.24222,66.03787,67.80118,73.24616,75.60423,70.93659,80.91971,80.43009,85.91275
14.31782,13.15295,13.15295,12.16553,12.04159,11.04536,10.04988,9.0,9.05539,9.05539,8.06226,7.07107,7.28011,6.08276,5.09902,5.09902,5.38516,4.47214,3.60555,3.60555,3.60555,2.82843,2.82843,3.16228,3.16228,3.16228,3.0,4.0,4.12311,4.12311,4.47214,5.38516,5.09902,5.38516,5.38516,5.38516,5.38516,6.32456,6.32456,6.32456,6.32456,6.32456,6.32456,6.08276,6.08276,6.08276,6.08276,7.0,6.0,6.0,6.08276,6.32456,80.77747,81.49233,78.8543,76.65507,76.29548,77.10383,70.85901,70.45566,65.49046,60.67125,59.68249,54.58938,49.49747,48.25971,45.17743,42.29657,40.60788,34.48188,29.83287,32.28002,26.40076,26.41969,25.55386,22.2036,20.0,19.20937,20.0,22.47221,18.97367,17.26268,16.49242,22.02272,24.5153,20.22375,24.08319,25.70992,25.63201,28.63564,28.79236,26.92582,30.67572,32.14032,33.73426,34.9285,35.1141,36.67424,34.48188,36.13862,32.24903,35.12834,34.36568,39.05125,37.0,36.0,36.12478,36.49658,32.57299,34.20526,40.49691,37.58989,41.23106,44.01136,45.22168,48.50773,48.83646,51.62364,51.35173,55.22681,57.14018,56.0357,61.0082,62.1289,63.07139,65.27634,66.75328,63.95311,68.24954,68.65858,68.88396,69.12308,71.47027,71.7844,73.05477,69.57011,68.70953,69.07966,68.94926,63.90618,66.12866,62.62587,62.64184,63.24555,58.94065,59.66574,56.29387,52.61179,55.9017,57.21888,56.0357,56.00893,57.31492,55.00909,53.36666,55.31727,61.61169,61.98387,64.84597,70.00714,71.16881,72.44998,74.09453,77.83315,77.83315,84.8646
14.56022,14.31782,13.60147,13.60147,12.64911,11.7047,11.40175,10.44031,10.44031,9.48683,9.48683,9.48683,8.544,7.28011,7.28011,7.07107,6.08276,5.0,5.09902,5.0,5.0,4.12311,4.12311,3.16228,3.60555,3.60555,3.60555,3.60555,3.60555,4.47214,4.47214,4.47214,5.38516,5.38516,5.38516,5.38516,5.38516,5.38516,5.38516,6.32456,6.32456,6.32456,6.7082,6.7082,6.7082,6.7082,7.2111,6.40312,6.40312,7.07107,6.40312,6.40312,85.90693,88.0568,81.27115,82.28001,79.37884,72.44998,77.49194,70.77429,70.2282,61.7414,60.41523,55.03635,53.7122,51.26402,46.61545,45.88028,42.72002,36.40055,34.20526,32.55764,29.15476,28.28427,23.02173,23.02173,22.36068,22.80351,20.12461,21.93171,23.85372,21.40093,16.27882,22.80351,23.60085,22.80351,26.92582,26.92582,28.79236,29.54657,30.67572,31.7805,31.7805,34.9285,34.20526,34.9285,34.0147,35.73514,34.17601,38.27532,36.05551,38.62642,39.92493,35.34119,39.44617,37.44329,37.80212,36.76955,35.38361,37.48333,38.11824,45.01111,45.39824,47.07441,46.38965,46.32494,51.41984,54.08327,51.26402,52.39275,55.15433,58.60034,62.64982,65.76473,66.57327,66.88797,66.61081,64.63745,67.47592,69.81404,74.27651,72.83543,68.62215,72.13876,70.03571,66.8431,69.35416,73.0,65.06919,66.06815,63.70243,65.79514,64.3506,60.1415,60.959,57.98276,56.58622,59.03389,56.61272,59.07622,54.20332,55.00909,58.69412,53.85165,58.5235,60.44005,61.39218,61.61169,66.28725,61.98387,70.71068,74.96666,76.23647,80.89499,87.57283,82.60751
14.31782,13.92839,14.31782,13.92839,13.0,11.7047,11.7047,10.77033,10.44031,9.84886,9.48683,8.544,7.61577,7.61577,6.7082,6.7082,5.83095,5.0,5.65685,5.0,5.0,5.0,4.47214,4.12311,4.12311,4.12311,4.0,4.0,5.09902,5.09902,5.09902,5.38516,6.32456,6.08276,5.38516,5.38516,6.32456,6.32456,7.28011,6.32456,7.28011,7.28011,7.28011,7.28011,7.07107,7.28011,7.07107,7.0,7.0,7.0,7.07107,7.07107,84.90583,82.76473,87.23531,82.36504,76.47876,75.6439,67.08204,72.00694,65.39113,64.07808,61.32699,56.36488,54.56189,50.15974,46.23851,42.94182,44.41846,35.35534,36.89173,30.61046,29.83287,28.3196,26.24881,21.40093,22.36068,19.69772,22.84732,21.2132,18.24829,20.02498,23.08679,22.2036,19.92486,24.04163,23.25941,27.29469,27.20294,29.68164,32.64966,35.22783,32.20248,33.01515,31.62278,36.35932,36.35932,34.43835,35.8469,37.21559,38.91015,36.67424,37.33631,37.69615,40.49691,36.13862,39.81206,38.63936,35.01428,35.4683,39.62323,44.20407,46.61545,45.48626,44.72136,48.76474,49.0408,50.32892,49.72927,57.56735,57.72348,60.16644,60.87693,62.80127,60.29925,66.75328,68.06614,68.26419,72.06247,68.00735,74.0,71.02816,72.11103,69.18092,69.46222,70.25667,68.73136,65.27634,67.1193,66.18912,64.49806,65.19202,61.29437,61.13101,58.13777,60.03332,56.22277,54.14795,56.56854,56.88585,55.65968,55.31727,58.5235,53.31041,51.89412,53.23533,60.53924,62.68174,67.95587,70.17834,69.40461,72.20111,76.40026,78.74643,81.21576,84.81156
14.31782,14.31782,13.34166,13.60147,12.64911,12.36932,11.40175,10.44031,9.48683,9.48683,9.21954,8.24621,8.24621,7.28011,7.07107,6.08276,6.0,6.0,5.0,5.09902,4.0,4.12311,4.47214,3.60555,3.60555,3.60555,3.60555,3.60555,4.47214,4.12311,4.12311,4.47214,4.12311,5.09902,5.09902,5.09902,6.08276,5.09902,6.08276,6.08276,6.08276,6.32456,6.08276,6.32456,6.32456,6.32456,6.7082,6.7082,6.7082,6.7082,6.40312,6.40312,84.40379,86.68333,79.55501,81.0432,82.0061,74.04053,74.33034,72.42237,66.7308,60.40695,58.82176,57.93962,56.921,51.62364,49.39636,43.9659,39.84972,38.83298,32.75668,33.06055,30.01666,29.0,28.07134,24.18677,22.36068,22.47221,22.82542,21.40093,22.2036,18.38478,19.41649,23.32381,23.32381,22.13594,25.4951,28.16026,29.61419,28.44293,28.63564,31.06445,33.37664,34.36568,32.55764,35.35534,35.90265,38.83298,33.54102,39.62323,33.95585,38.07887,34.78505,36.05551,37.16181,37.21559,38.94868,38.60052,38.28838,38.47077,39.01282,45.0,44.28318,44.55334,44.91102,49.0408,52.55473,48.70318,53.66563,51.89412,58.18075,59.5399,60.90156,63.51378,64.66065,65.45991,68.41053,65.43699,68.68042,70.83784,77.78175,70.72482,71.44928,70.72482,72.12489,68.68042,70.17834,69.31089,66.6033,69.35416,65.06919,63.63961,62.93648,60.10824,60.87693,58.0517,58.13777,56.63921,58.5235,55.56978,56.82429,57.70615,60.40695,56.64804,55.36244,61.61169,62.36986,61.18823,64.62971,66.48308,71.70077,75.42546,74.10803,81.09871,79.1012,83.38465
13.60147,12.64911,12.64911,12.36932,11.40175,10.44031,10.19804,9.21954,9.21954,9.48683,7.28011,7.28011,6.32456,6.32456,5.38516,5.38516,4.47214,4.47214,3.60555,4.24264,3.60555,3.60555,3.60555,3.16228,3.0,3.0,3.0,4.12311,4.12311,4.47214,4.47214,5.38516,4.47214,5.83095,5.38516,5.83095,5.83095,6.32456,6.32456,5.83095,6.7082,6.7082,6.32456,6.32456,6.32456,6.32456,6.08276,7.07107,7.07107,6.0,6.08276,6.08276,83.72574,80.49845,81.84131,80.62258,83.25863,72.09022,71.30919,68.70953,65.14599,62.96825,57.58472,56.36488,54.42426,45.31004,44.94441,48.75449,41.14608,36.40055,35.8469,28.30194,30.52868,26.62705,23.43075,21.26029,16.40122,21.09502,20.24846,20.61553,21.09502,22.02272,17.11724,20.22375,22.80351,25.0,25.07987,24.59675,28.30194,27.73085,29.54657,30.52868,31.30495,31.90611,35.51056,35.35534,34.0,35.8469,37.57659,38.94868,36.40055,38.48376,39.0,37.36308,36.13862,36.49658,37.21559,35.0571,38.0526,35.60899,39.62323,42.72002,39.66106,46.32494,43.82921,49.65884,50.9902,51.26402,54.42426,56.61272,59.20304,60.63827,60.20797,64.32729,65.37584,64.38167,65.27634,68.02941,72.0,73.06162,72.02777,69.18092,69.18092,72.44308,69.06519,70.71068,69.35416,66.4906,68.18358,65.76473,65.62012,65.37584,62.1289,63.03174,64.19502,64.19502,59.00847,54.08327,56.0357,57.07013,52.95281,55.54278,55.08176,56.61272,57.58472,59.09315,59.9333,67.60178,63.28507,66.57327,71.02816,73.06162,75.16648,77.10383,84.05355,82.0975
13.41641,12.52996,12.52996,11.6619,11.6619,10.81665,10.29563,9.43398,9.43398,8.06226,8.06226,7.2111,6.7082,5.83095,5.83095,5.38516,5.38516,4.47214,4.12311,3.16228,3.0,3.0,3.0,2.23607,2.23607,2.23607,2.82843,3.60555,3.60555,3.60555,4.47214,4.12311,4.12311,4.47214,4.47214,4.47214,5.38516,5.38516,5.38516,5.38516,5.38516,5.83095,5.83095,5.83095,5.83095,5.0,6.40312,5.65685,5.65685,5.65685,5.83095,5.38516,82.0061,86.33076,79.69944,82.5409,79.84986,74.84651,73.73602,64.4748,69.35416,60.83584,60.41523,59.5063,54.12947,50.56679,48.46648,42.54409,39.39543,39.0,33.83785,29.61419,30.26549,29.06888,23.0,20.61553,21.37756,19.41649,20.61553,18.38478,18.35756,20.51828,18.43909,20.59126,22.82542,21.09502,24.16609,24.73863,26.92582,27.20294,27.51363,31.38471,34.48188,32.57299,34.9285,36.40055,30.67572,36.67424,36.05551,39.0,35.35534,36.89173,37.44329,38.01316,39.11521,34.82815,36.76955,38.28838,33.6006,37.10795,38.20995,42.19005,45.01111,46.17359,44.14748,47.80167,51.5461,54.40588,55.36244,57.27128,57.3062,61.7171,62.17717,61.05735,65.8635,69.64194,70.80254,68.00735,70.0,68.11755,71.42129,75.66373,74.27651,70.17834,73.0,66.52819,68.0147,72.12489,62.28965,65.76473,64.38167,64.38167,64.3506,62.93648,58.69412,60.10824,56.72742,57.48913,55.47071,53.53504,60.03332,59.03389,56.36488,51.89412,63.60031,59.80803,61.98387,64.7611,66.09841,67.08204,72.00694,70.03571,77.46612,82.9759,79.9062,85.0
13.45362,12.80625,12.04159,12.80625,11.40175,10.81665,10.0,9.21954,9.21954,8.60233,7.81025,7.81025,7.07107,6.40312,5.65685,5.0,4.24264,4.47214,4.47214,4.12311,3.16228,3.0,3.0,3.16228,3.16228,3.16228,3.60555,3.60555,4.24264,4.24264,4.24264,5.0,5.65685,5.65685,5.65685,5.0,6.40312,5.65685,5.65685,7.07107,5.65685,7.07107,7.07107,6.40312,6.40312,6.40312,7.2111,6.7082,6.7082,6.7082,6.32456,6.32456,86.02325,87.98295,82.37718,82.49242,79.15807,75.15318,74.70609,70.21396,65.74192,61.77378,59.03389,56.35601,51.89412,50.08992,43.46263,42.54409,40.80441,37.21559,34.1321,30.4795,29.73214,28.6007,24.75884,24.08319,21.0238,21.0238,21.37756,21.84033,20.22375,19.0,20.0,23.34524,23.76973,22.84732,22.47221,26.07681,27.29469,31.90611,31.76476,33.28663,31.40064,32.64966,33.61547,35.8469,36.35932,34.48188,36.23534,38.01316,34.43835,36.24914,37.33631,38.60052,42.72002,37.85499,37.21559,39.11521,36.22154,34.0,37.44329,40.0,45.34314,45.25483,45.60702,47.80167,49.64877,48.8774,52.7731,55.07268,57.69749,60.37384,66.70832,65.14599,64.84597,65.14599,70.60453,67.35726,69.05071,68.65858,74.1485,73.82412,70.34913,74.06079,69.26038,70.11419,73.33485,68.11755,64.19502,68.00735,66.00758,64.03124,63.28507,60.13319,64.13267,59.3043,56.29387,57.87055,59.66574,57.87055,55.36244,53.7122,54.12947,54.12024,59.20304,59.07622,58.24946,63.25346,66.06815,68.41053,69.02898,74.41102,75.0733,82.32861,82.9759,82.46211
13.0384,12.52996,12.52996,12.52996,11.18034,11.18034,10.29563,9.43398,8.94427,8.06226,8.06226,7.2111,7.2111,5.83095,5.83095,5.0,4.24264,4.24264,3.60555,3.60555,3.16228,3.16228,3.16228,3.0,3.16228,3.16228,3.60555,3.60555,4.47214,4.47214,5.0,5.0,5.0,5.65685,5.65685,5.65685,6.40312,5.83095,5.83095,6.40312,6.40312,6.40312,5.83095,6.7082,6.7082,6.7082,6.7082,6.32456,7.28011,6.08276,6.08276,6.08276,86.83317,80.49845,80.49845,77.38863,79.30952,73.1642,72.61543,72.61543,63.32456,62.29767,59.80803,55.4617,53.75872,49.76947,45.18849,44.29447,39.56008,37.12142,34.1321,31.06445,33.28663,26.24881,26.1725,23.43075,21.09502,19.31321,17.72005,18.11077,18.02776,20.22375,17.26268,21.37756,21.37756,22.47221,22.36068,26.92582,28.30194,29.06888,32.24903,26.41969,32.75668,31.62278,31.76476,34.43835,37.21559,36.24914,36.40055,37.16181,35.4683,37.33631,38.62642,35.73514,38.07887,39.05125,40.4475,37.12142,34.36568,36.87818,38.20995,40.36087,45.60702,43.82921,46.52956,48.30114,51.07837,49.39636,53.85165,54.70832,56.32051,58.94065,62.58594,65.51336,61.98387,65.62012,68.73136,70.17834,68.11755,68.00735,71.0,74.02702,74.10803,75.16648,72.56032,74.43118,68.26419,66.27217,69.18092,69.87131,65.62012,66.1211,67.02984,62.1289,62.20129,59.00847,61.0,60.13319,55.57877,56.56854,54.91812,56.51548,57.56735,55.36244,55.71355,53.31041,61.29437,62.26556,66.28725,68.24222,71.61006,71.84706,76.02631,77.20104,81.84131,86.83317
13.92839,13.0,13.0,12.08305,12.08305,11.18034,9.84886,9.48683,8.544,8.544,7.61577,7.61577,6.32456,6.32456,6.08276,5.09902,4.0,4.0,4.0,4.12311,4.12311,3.16228,3.60555,3.60555,3.60555,3.60555,4.12311,4.47214,4.12311,5.09902,4.12311,5.09902,5.09902,6.08276,6.08276,7.07107,6.08276,6.08276,6.08276,6.08276,7.28011,7.07107,7.28011,7.28011,7.28011,7.28011,7.61577,6.7082,6.7082,7.2111,7.2111,7.07107,84.15462,86.31338,87.72685,83.19255,77.38863,72.56032,72.94518,72.06941,68.09552,63.63175,59.05929,57.3062,52.47857,50.08992,45.17743,44.28318,37.69615,35.4683,32.89377,31.62278,29.12044,28.16026,23.02173,24.33105,21.37756,22.36068,20.12461,22.47221,21.63331,18.60108,19.84943,20.0,22.84732,23.25941,21.93171,27.73085,28.16026,29.73214,31.57531,28.63564,34.9285,34.52535,37.10795,36.05551,33.83785,37.0,34.48188,37.36308,31.01612,38.32754,36.76955,38.62642,38.07887,37.73592,38.01316,39.20459,38.8973,37.10795,38.07887,39.21734,41.62932,42.19005,45.60702,47.43416,47.80167,51.22499,49.81967,50.24938,55.9017,58.0,60.82763,62.28965,63.41136,65.43699,68.24222,70.0,66.88797,71.02112,69.11584,72.44998,71.58911,73.3553,69.35416,67.54258,68.8767,65.74192,69.77105,66.18912,68.02941,68.0,65.36819,60.37384,59.16925,59.07622,59.20304,57.38467,55.31727,56.0803,57.38467,55.86591,54.67175,50.21952,58.82176,59.05929,59.61543,64.88451,66.48308,64.84597,67.06713,70.60453,73.37575,80.32434,82.5409,83.52245
13.15295,13.0384,12.16553,12.16553,11.18034,10.19804,10.04988,9.05539,9.05539,8.24621,8.06226,7.07107,7.07107,6.08276,5.0,5.09902,5.09902,4.12311,4.12311,4.12311,3.60555,3.60555,4.24264,3.60555,3.60555,4.47214,4.12311,4.12311,4.12311,5.0,5.09902,5.0,5.0,6.0,7.0,7.0,6.08276,6.08276,6.08276,7.07107,7.07107,7.07107,7.07107,7.07107,7.07107,7.28011,7.28011,7.28011,7.61577,6.7082,7.2111,6.40312,85.58621,82.21922,82.38932,80.75271,73.5527,79.07591,71.58911,69.63476,66.91039,60.82763,58.24946,56.7186,51.1957,52.61179,43.56604,40.79216,44.10215,34.0147,37.01351,29.01724,29.01724,29.15476,22.47221,19.31321,17.46425,21.63331,18.38478,19.84943,20.80865,20.24846,20.24846,20.61553,21.54066,24.73863,25.07987,28.01785,28.16026,30.14963,32.14032,33.06055,31.01612,38.0,34.05877,35.0,38.01316,36.01389,39.45884,37.33631,35.22783,39.20459,37.85499,41.48494,40.26164,37.69615,38.27532,41.59327,35.51056,39.56008,39.62323,41.10961,43.01163,44.28318,46.52956,47.53946,50.44799,50.44799,51.92302,54.70832,57.58472,57.93962,61.84658,64.84597,65.76473,64.84597,66.7308,68.26419,70.45566,70.21396,71.84706,67.80118,70.43437,72.47068,70.0928,70.83784,70.76722,66.70832,69.42622,63.70243,64.44377,64.44377,63.12686,62.80127,59.40539,56.40035,55.75841,57.98276,58.13777,58.60034,51.89412,57.93962,56.61272,57.00877,56.08921,60.20797,53.60037,63.1981,63.3877,63.00794,70.06426,72.06247,70.00714,77.00649,81.0,86.02325
13.41641,13.41641,12.08305,12.08305,10.77033,10.77033,10.29563,9.84886,8.94427,8.544,8.06226,8.06226,6.7082,5.83095,5.83095,5.65685,5.65685,5.0,4.24264,3.60555,3.60555,4.12311,4.12311,4.0,4.0,4.12311,4.12311,4.47214,4.47214,5.38516,4.47214,5.83095,5.83095,5.83095,5.83095,6.7082,6.7082,6.7082,6.7082,6.7082,6.7082,6.7082,7.61577,6.7082,7.61577,7.28011,7.28011,7.28011,7.28011,7.07107,7.0,7.0,84.30896,81.70679,86.97701,80.00625,79.37884,75.69016,69.92138,73.24616,62.8172,66.21933,59.46427,58.18935,53.14132,46.57252,43.68066,44.64303,40.16217,34.9285,34.9285,30.52868,31.90611,24.69818,26.90725,22.67157,22.82542,20.80865,21.0238,18.97367,19.69772,21.09502,19.0,24.18677,20.88061,24.16609,22.84732,26.57066,24.16609,29.15476,28.23119,30.88689,31.62278,32.64966,36.05551,33.83785,36.68787,34.17601,38.62642,34.0147,39.21734,36.40055,39.84972,40.80441,38.07887,33.37664,38.01316,37.05401,37.65634,33.6006,38.27532,38.58756,45.17743,41.4367,48.70318,46.57252,46.57252,51.1957,49.81967,54.33231,55.3263,59.21149,60.07495,64.03124,61.03278,66.0303,64.38167,69.18092,69.35416,70.5762,72.44308,70.40597,71.30919,70.88018,68.15424,68.96376,68.41053,66.94027,68.62215,62.36185,67.46851,64.7611,62.16912,60.41523,64.77654,58.42089,56.4358,57.55867,56.14268,57.0,55.3263,57.14018,52.95281,57.07013,53.14132,60.08328,58.18075,61.7414,58.13777,66.18912,71.55418,76.02631,70.23532,77.82031,82.29824,81.49233
15.0,14.21267,13.60147,13.45362,12.04159,12.04159,12.04159,10.63015,10.63015,9.21954,9.21954,8.48528,7.81025,6.40312,6.40312,5.83095,5.0,5.0,4.47214,4.12311,4.12311,3.0,4.0,3.16228,3.16228,3.16228,3.60555,3.60555,3.60555,3.60555,4.47214,5.0,4.47214,4.47214,5.0,5.83095,5.83095,5.83095,5.83095,5.83095,6.40312,6.40312,6.40312,6.40312,7.07107,6.40312,6.40312,6.40312,6.40312,6.7082,6.7082,6.32456,84.38602,83.48653,78.87332,75.69016,81.32035,72.83543,68.68042,70.76722,63.63961,62.36986,58.41233,52.34501,54.56189,48.16638,44.59821,45.25483,38.18377,39.20459,36.12478,31.40064,29.83287,28.01785,26.83282,24.59675,25.0,20.22375,19.0263,20.02498,19.64688,19.23538,19.23538,21.18962,24.08319,20.61553,26.1725,25.4951,24.08319,25.80698,31.40064,33.94113,30.23243,33.30165,31.89044,34.20526,36.40055,36.23534,37.48333,34.71311,36.06938,38.18377,35.38361,36.61967,36.05551,39.11521,34.48188,33.10589,38.32754,40.5216,42.72002,42.05948,43.41659,43.909,45.22168,47.50789,48.79549,50.20956,53.75872,56.0803,58.13777,60.87693,63.24555,61.03278,59.90826,65.36819,64.14047,66.18912,70.77429,71.17584,72.11103,72.44998,69.64194,74.33034,73.68175,71.8401,69.26038,65.80274,69.12308,64.03124,66.21933,66.48308,61.09828,63.24555,61.35145,58.18075,58.13777,57.27128,56.93856,55.22681,59.40539,57.62812,57.00877,56.0803,58.0,62.24147,60.1415,63.12686,63.00794,66.4003,72.67049,74.06079,71.34424,78.03204,79.61156,81.84131
13.34166,14.14214,13.15295,12.16553,12.04159,11.18034,11.18034,10.04988,10.19804,9.05539,8.24621,8.24621,7.28011,6.08276,6.32456,5.38516,5.38516,4.47214,4.47214,4.47214,3.60555,3.60555,3.60555,3.60555,3.16228,3.16228,4.0,3.0,3.0,4.12311,4.12311,4.12311,4.12311,4.47214,5.38516,5.38516,5.38516,5.38516,5.38516,5.38516,5.38516,6.32456,5.38516,6.32456,6.32456,6.08276,6.08276,6.08276,6.0,6.08276,6.0,6.08276,88.52683,83.19856,86.58522,79.24645,75.18643,76.94154,71.19691,68.06614,67.74216,60.67125,59.03389,51.1957,54.34151,51.78803,44.40721,44.14748,41.48494,37.36308,37.0,31.90611,28.17801,23.32381,23.43075,18.38478,19.84943,19.23538,19.41649,19.64688,18.97367,20.02498,20.0,21.2132,21.84033,21.58703,25.29822,22.47221,25.4951,26.41969,28.17801,32.31099,33.12099,32.64966,33.83785,34.1321,36.35932,36.24914,37.73592,37.21559,37.69615,36.76955,35.4683,36.40055,40.80441,38.07887,38.83298,40.0125,36.01389,35.4683,38.8973,40.26164,45.70558,43.01163,46.01087,48.01042,50.03998,51.15662,52.23983,57.87055,56.29387,62.36986,60.01666,63.60031,65.52099,69.12308,66.40783,68.54196,71.51224,71.17584,70.66116,71.11259,72.00694,69.83552,74.43118,68.0,69.83552,67.54258,69.77105,67.23095,64.00781,67.1193,63.15853,61.32699,60.16644,59.46427,60.16644,56.32051,55.7853,57.70615,52.23983,57.0,57.00877,56.0357,59.07622,59.03389,59.20304,59.48109,62.29767,67.44627,68.35203,75.96052,75.27284,81.27115,80.32434,81.59657
14.21267,13.45362,13.45362,12.04159,12.04159,11.31371,10.63015,10.63015,9.89949,9.21954,8.48528,7.81025,7.81025,7.2111,6.40312,6.40312,5.83095,4.47214,5.38516,4.47214,4.12311,4.12311,4.0,4.0,4.0,3.16228,3.60555,3.60555,4.47214,4.24264,4.24264,4.24264,5.0,5.0,5.65685,5.65685,5.65685,5.65685,5.65685,5.65685,5.65685,6.40312,6.40312,6.40312,6.40312,6.40312,6.40312,5.83095,6.7082,6.7082,6.32456,6.32456,87.86353,89.09545,83.48653,82.02439,82.73452,76.41989,74.96666,72.24957,70.0928,63.89053,59.46427,57.48913,53.03772,51.85557,50.20956,46.01087,42.44997,38.41875,36.12478,29.83287,28.84441,28.17801,26.0,20.61553,26.57066,21.09502,20.0,17.26268,22.47221,21.93171,21.47091,22.2036,20.61553,25.6125,25.80698,27.58623,25.4951,29.0,30.01666,33.61547,34.20526,32.44996,35.80503,33.28663,34.82815,37.53665,36.61967,39.66106,39.05125,42.52058,36.12478,41.72529,37.01351,38.41875,40.45986,39.82462,36.76955,32.44996,37.12142,47.43416,39.62323,49.81967,46.01087,44.20407,50.93133,57.98276,54.40588,56.60389,63.63175,58.30952,66.30988,65.55151,65.0,71.69379,69.64194,70.5762,75.0,76.844,75.31268,70.0928,72.18033,69.63476,79.76215,66.0303,69.42622,71.56815,62.514,69.37579,71.56815,68.15424,64.28841,56.08921,58.69412,61.35145,61.98387,57.28001,54.626,56.85948,57.98276,56.30275,58.00862,58.00862,57.62812,62.93648,62.28965,64.66065,67.26812,70.0,73.23933,77.66595,74.88658,83.48653,84.59905,85.2115
14.86607,13.92839,13.92839,13.0,12.08305,11.7047,11.7047,10.77033,9.84886,9.48683,8.544,8.544,7.61577,7.28011,6.32456,6.08276,5.09902,5.09902,5.0,5.0,4.0,4.0,3.16228,3.16228,3.60555,3.60555,3.60555,4.24264,3.60555,4.47214,4.47214,4.47214,4.47214,4.47214,5.09902,5.38516,5.38516,5.38516,5.38516,5.38516,6.32456,6.32456,6.32456,6.32456,6.32456,6.7082,6.7082,5.83095,6.40312,6.40312,6.40312,6.40312,89.4986,82.46211,82.28001,76.92204,79.40403,75.89466,73.37575,72.23573,64.19502,62.39391,60.00833,55.02727,52.20153,44.92215,45.22168,44.92215,39.81206,36.49658,35.90265,31.57531,29.15476,30.0,25.70992,23.19483,20.39608,19.92486,21.09502,19.41649,21.93171,18.60108,24.16609,21.9545,19.64688,25.07987,21.58703,24.73863,28.63564,29.83287,33.13608,30.26549,30.26549,33.24154,33.54102,37.33631,36.67424,38.32754,33.73426,35.44009,38.07887,37.85499,39.0,37.69615,40.71855,35.77709,40.81666,38.83298,37.53665,35.0571,42.0119,37.21559,45.12206,41.97618,47.53946,46.48656,49.76947,51.88449,52.3259,54.58938,58.18075,59.5399,63.81222,67.41662,61.61169,65.60488,63.12686,68.24954,70.0928,73.5527,73.5527,67.17887,70.83784,71.21798,73.75636,71.58911,71.70077,67.80118,69.52697,64.53681,63.78087,65.29931,65.06919,63.03174,60.81118,58.0,59.4138,58.00862,59.66574,59.40539,51.31277,51.42956,58.18075,57.27128,49.98,55.65968,57.97413,61.39218,57.87055,66.48308,70.25667,76.53104,71.70077,77.23341,81.88406,80.23092
14.0,13.0384,13.0384,13.0384,12.04159,12.04159,11.04536,10.04988,10.04988,9.05539,9.05539,8.0,8.0,7.0,6.0,6.08276,5.09902,5.09902,5.09902,4.12311,4.12311,3.60555,3.60555,3.60555,2.82843,3.60555,3.16228,3.16228,3.0,4.0,4.0,4.0,4.0,4.0,5.0,5.0,5.0,5.0,5.0,5.0,6.0,6.0,6.0,6.0,6.08276,6.08276,6.08276,6.08276,6.32456,6.32456,6.7082,5.83095,87.36132,81.60882,86.97701,83.81527,76.89603,71.7844,73.38937,68.942,68.00735,60.53924,60.53924,55.36244,54.08327,48.10405,46.23851,44.38468,39.84972,37.10795,32.75668,33.24154,29.06888,28.0,25.07987,22.09072,22.36068,22.36068,21.93171,21.63331,18.02776,18.38478,21.9545,22.36068,19.72308,22.80351,26.92582,25.70992,25.31798,30.80584,31.257,31.14482,32.24903,33.73426,34.53983,37.10795,31.7805,37.36308,36.87818,38.60052,37.36308,36.87818,39.92493,37.69615,38.07887,36.71512,34.66987,38.28838,36.06938,35.01428,39.11521,43.56604,45.54119,45.88028,47.07441,46.48656,48.8467,50.56679,55.56978,55.9464,55.75841,58.83026,60.80296,64.40497,63.41136,68.24954,65.29931,67.47592,66.52819,70.72482,72.86288,70.72482,68.88396,69.40461,69.02898,70.29225,66.4003,68.60029,69.35416,64.40497,61.22091,64.81512,62.36986,60.81118,57.28001,54.45181,57.31492,54.45181,54.81788,58.24946,55.22681,56.4358,57.69749,54.56189,57.00877,59.77458,57.72348,65.11528,60.20797,67.08204,70.71068,76.41989,72.69113,76.79193,79.07591,81.61495
13.0384,13.0384,12.0,12.0,11.0,11.0,10.0,9.0,9.0,8.0,8.06226,7.07107,7.07107,6.08276,5.09902,5.38516,4.47214,4.47214,4.47214,3.60555,3.60555,2.82843,3.60555,3.16228,3.16228,4.12311,4.0,4.0,4.0,5.0,5.09902,5.09902,5.09902,5.09902,6.08276,6.08276,6.08276,6.08276,6.08276,7.07107,7.07107,7.07107,7.07107,7.0,7.0,7.0,7.0,7.0,7.07107,7.07107,7.28011,6.7082,86.00581,82.21922,83.21658,77.05842,78.02564,75.23962,70.71068,67.26812,63.3877,59.5399,59.03389,54.45181,50.15974,48.25971,46.09772,42.0119,39.01282,38.01316,32.14032,33.24154,31.04835,25.31798,26.92582,23.70654,20.59126,17.69181,18.60108,21.63331,20.24846,18.97367,18.43909,19.10497,19.0263,24.02082,22.02272,27.07397,27.89265,30.06659,28.28427,32.24903,34.9285,36.67424,37.01351,35.69314,39.45884,38.11824,36.01389,39.45884,36.49658,41.30375,37.01351,39.0,39.05125,36.49658,39.20459,37.36308,39.84972,34.36568,39.05125,39.0,43.41659,43.56604,45.39824,42.95346,48.08326,51.86521,49.64877,53.31041,56.0803,58.69412,59.5399,60.83584,63.63175,68.0,63.81222,67.95587,69.81404,70.72482,69.6563,72.34639,70.0928,71.44928,68.68042,69.42622,72.13876,64.44377,67.94115,63.70243,66.6033,65.29931,63.78087,60.60528,57.62812,59.40539,57.45433,53.85165,57.3062,54.626,51.62364,55.36244,55.36244,55.54278,52.61179,59.21149,61.29437,62.0,62.07254,67.06713,71.11259,73.33485,72.11103,80.1561,81.22192,81.30191
14.76482,13.41641,13.41641,13.41641,12.52996,12.08305,11.18034,10.29563,9.84886,8.94427,8.94427,8.06226,8.06226,7.2111,7.2111,6.40312,5.65685,5.65685,5.0,5.0,5.0,4.47214,4.47214,4.12311,4.12311,4.0,4.12311,4.12311,5.09902,4.47214,4.47214,5.38516,5.38516,5.83095,5.83095,5.83095,5.83095,6.7082,6.7082,6.7082,6.7082,6.7082,6.7082,6.7082,6.7082,6.32456,7.28011,7.28011,7.07107,7.07107,7.07107,7.0,87.00575,83.86895,82.80097,79.02531,79.61156,72.67049,77.10383,67.20119,66.88797,62.43397,57.68882,53.33854,56.61272,53.0,47.70744,46.04346,43.01163,35.4683,30.52868,33.24154,31.1127,30.4795,23.60085,21.63331,18.97367,18.97367,20.39608,23.02173,19.10497,23.02173,21.2132,20.88061,23.70654,25.6125,23.60085,23.60085,26.1725,29.83287,32.20248,32.64966,36.87818,31.62278,34.82815,34.4093,30.80584,36.87818,38.01316,40.45986,36.05551,35.51056,39.11521,39.92493,40.24922,41.23106,38.60052,38.32754,34.23449,39.81206,39.82462,41.88078,42.63801,46.09772,41.10961,48.16638,50.60632,51.62364,55.47071,54.20332,56.35601,59.5399,62.16912,59.48109,67.1193,62.62587,68.35203,64.19502,69.12308,69.857,72.03471,72.83543,75.31268,70.85901,75.80237,72.83543,65.76473,70.45566,67.47592,67.47592,60.20797,66.27217,64.19502,60.82763,58.85576,60.63827,57.27128,57.28001,54.23099,56.46238,58.18075,54.12024,59.16925,54.70832,55.97321,55.21775,60.60528,60.87693,66.52819,65.11528,72.18033,70.76722,73.75636,77.23341,84.85281,86.97701
