type,id,mac,rssi,rate,sig_mode,mcs,bandwidth,smoothing,not_sounding,aggregation,stbc,fec_coding,sgi,noise_floor,ampdu_cnt,channel,secondary_channel,local_timestamp,ant,sig_len,rx_state,len,first_word,data
CSI_DATA,21,1a:00:00:00:00:00,-43,11,1,0,1,1,1,0,0,0,1,-96,0,11,2,545439,0,44,0,384,0,"[0,0,0,0,0,0,0,0,0,0,0,0,-12,8,-11,8,-11,8,-11,7,-11,7,-9,6,-9,7,-9,7,-9,7,-8,6,-8,6,-7,6,-7,6,-6,6,-5,6,-4,7,-4,6,-4,7,-3,6,-2,7,-3,7,-2,7,-2,7,-2,8,-2,8,-1,8,0,0,-1,8,-1,9,-1,9,-1,9,-1,9,-2,9,-1,9,-2,9,-2,10,-2,9,-3,9,-3,8,-4,8,-4,8,-4,8,-4,7,-5,7,-4,7,-4,6,-5,5,-5,5,-5,5,-6,4,-6,3,-6,3,-6,2,0,0,0,0,0,0,0,0,0,0,0,0,0,0,-72,47,-72,46,-68,50,-62,44,-64,45,-65,39,-59,38,-60,41,-54,37,-54,35,-45,39,-47,36,-43,37,-40,33,-43,32,-36,38,-36,38,-32,39,-30,34,-22,33,-21,42,-19,35,-18,40,-16,39,-18,39,-12,39,-10,41,-6,42,-9,47,-2,44,-2,46,-4,51,-6,48,2,51,-1,50,-6,56,-7,54,-6,53,-5,52,-11,55,-11,54,-12,53,-17,48,-14,46,-19,47,-19,45,-19,44,-21,40,-22,39,-23,37,-24,34,-24,31,-25,29,-28,27,-26,21,-29,14,-27,13,0,0,0,0,0,0,0,0,0,0,0,0,0,0,0,0,0,0,0,0,0,0,10,-52,15,-52,19,-50,20,-49,24,-46,25,-42,24,-39,24,-37,28,-39,27,-33,27,-31,23,-30,28,-36,24,-28,22,-25,19,-25,22,-28,17,-25,17,-28,13,-27,12,-26,6,-30,2,-28,4,-32,0,-32,-2,-29,-2,-31,-3,-32,-4,-39,-8,-38,-10,-33,-13,-41,-17,-38,-18,-38,-18,-41,-20,-43,-24,-44,-28,-46,-27,-44,-32,-48,-31,-48,-41,-47,-38,-46,-41,-50,-41,-49,-43,-51,-43,-51,-50,-49,-52,-54,-51,-57,-58,-58,-58,-58,-56,-65,-53,-62,-62,-76,-59,-66,-55,-66,0,0]"
CSI_DATA,22,1a:00:00:00:00:00,-43,11,1,0,1,1,1,0,0,0,1,-96,0,11,2,555417,0,44,0,384,0,"[0,0,0,0,0,0,0,0,0,0,0,0,-2,-14,-2,-14,-3,-13,-2,-13,-2,-12,-1,-11,-2,-11,-2,-11,-2,-11,-3,-9,-3,-10,-4,-9,-3,-9,-4,-8,-3,-8,-4,-8,-5,-7,-5,-7,-5,-6,-5,-6,-6,-6,-6,-6,-6,-5,-7,-5,-7,-5,-8,-5,0,0,-8,-5,-8,-6,-8,-6,-8,-5,-8,-6,-8,-6,-8,-6,-8,-6,-8,-7,-8,-7,-8,-7,-7,-7,-6,-7,-6,-7,-6,-7,-5,-8,-5,-7,-5,-7,-4,-7,-3,-7,-3,-7,-2,-7,-2,-7,-2,-6,-1,-6,0,-6,0,0,0,0,0,0,0,0,0,0,0,0,0,0,16,-87,17,-83,15,-80,15,-75,16,-75,14,-73,14,-71,13,-70,12,-64,8,-66,6,-61,5,-56,4,-54,5,-53,0,-50,-6,-51,-5,-55,-8,-46,-9,-45,-8,-43,-13,-43,-13,-39,-15,-39,-17,-36,-18,-37,-24,-39,-20,-34,-28,-38,-25,-35,-31,-37,-32,-39,-36,-40,-32,-38,-38,-38,-34,-42,-32,-41,-31,-46,-34,-44,-30,-46,-28,-47,-27,-46,-29,-47,-25,-52,-25,-49,-20,-45,-19,-43,-17,-47,-14,-44,-14,-41,-10,-43,-5,-41,-4,-43,-3,-37,0,-38,6,-36,8,-34,11,-29,0,0,0,0,0,0,0,0,0,0,0,0,0,0,0,0,0,0,0,0,0,0,34,39,27,44,25,43,23,46,20,45,15,43,14,45,14,44,12,44,9,43,6,46,8,39,9,40,5,34,8,36,6,31,10,36,9,31,9,31,9,29,11,27,16,24,16,20,20,21,20,20,25,21,27,20,30,18,27,20,31,16,33,16,41,16,41,16,40,13,42,14,45,14,46,11,47,8,46,7,53,7,54,9,61,2,60,5,60,1,61,0,70,-1,71,-2,74,3,74,-4,77,3,77,1,82,1,88,2,81,2,90,5,92,9,89,2,0,0]"
CSI_DATA,23,1a:00:00:00:00:00,-43,11,1,0,1,1,1,0,0,0,1,-96,0,11,2,564749,0,44,0,384,0,"[0,0,0,0,0,0,0,0,0,0,0,0,11,-8,11,-8,10,-7,11,-7,10,-7,10,-6,9,-7,8,-6,8,-6,7,-6,7,-6,6,-7,6,-6,5,-6,5,-6,5,-7,4,-7,4,-6,3,-7,3,-7,3,-7,2,-8,2,-7,2,-8,1,-9,1,-9,0,0,1,-9,2,-10,2,-10,1,-10,2,-10,2,-10,2,-10,2,-10,3,-10,3,-9,4,-9,4,-8,4,-8,4,-8,4,-7,5,-7,4,-7,5,-6,5,-6,5,-6,5,-5,5,-4,5,-4,5,-3,5,-2,5,-2,0,0,0,0,0,0,0,0,0,0,0,0,0,0,76,-43,71,-36,73,-43,69,-40,66,-35,63,-34,64,-35,66,-37,56,-32,53,-30,46,-36,49,-31,45,-32,44,-33,39,-30,35,-33,40,-34,30,-30,30,-34,26,-34,24,-40,22,-35,16,-39,19,-37,14,-40,15,-42,10,-41,13,-46,13,-43,9,-46,9,-43,7,-51,9,-49,8,-53,6,-49,12,-56,16,-54,10,-51,16,-50,16,-52,17,-49,21,-51,22,-49,25,-46,24,-44,23,-44,27,-39,26,-39,27,-36,27,-34,27,-30,28,-29,31,-24,28,-21,31,-16,31,-12,28,-11,0,0,0,0,0,0,0,0,0,0,0,0,0,0,0,0,0,0,0,0,0,0,-13,50,-16,49,-19,46,-23,46,-25,41,-27,38,-26,37,-32,36,-28,38,-30,35,-28,29,-27,30,-24,32,-26,26,-24,28,-23,24,-22,29,-17,25,-18,29,-14,24,-14,28,-15,29,-9,25,-5,29,-5,31,-2,33,-2,30,1,35,6,32,11,38,7,35,13,41,11,41,13,36,17,44,22,42,19,46,24,47,25,42,30,46,30,48,32,45,31,51,37,52,38,49,41,48,39,50,50,52,47,53,46,60,48,64,52,60,49,72,51,64,50,73,54,71,50,75,0,0]"
CSI_DATA,24,1a:00:00:00:00:00,-43,11,1,0,1,1,1,0,0,0,1,-96,0,11,2,574751,0,44,0,384,0,"[0,0,0,0,0,0,0,0,0,0,0,0,-11,9,-10,9,-10,9,-10,8,-10,8,-9,7,-8,8,-8,7,-8,7,-7,7,-7,7,-6,7,-5,7,-5,7,-5,6,-4,7,-3,7,-3,7,-2,7,-2,7,-2,7,-1,7,-1,7,0,8,0,8,0,8,0,0,0,9,0,9,0,9,1,9,0,9,0,9,0,10,-1,9,-1,9,-1,10,-2,9,-2,9,-3,8,-3,8,-3,8,-3,8,-3,8,-3,7,-4,7,-4,6,-4,6,-5,5,-5,5,-5,4,-5,3,-5,2,0,0,0,0,0,0,0,0,0,0,0,0,0,0,-56,65,-57,62,-51,63,-53,56,-50,57,-51,54,-49,54,-49,54,-44,45,-43,45,-38,48,-33,47,-34,45,-33,45,-31,40,-21,44,-21,45,-18,42,-17,40,-16,41,-8,43,-8,38,-6,40,-1,42,-2,42,3,42,4,46,5,43,4,46,8,48,12,46,13,48,9,50,12,55,15,47,6,53,7,51,11,54,6,57,4,53,5,53,3,53,-2,51,-3,51,-2,52,-4,49,-6,48,-6,47,-10,41,-15,42,-13,38,-17,38,-17,36,-22,31,-18,29,-20,24,-23,22,0,0,0,0,0,0,0,0,0,0,0,0,0,0,0,0,0,0,0,0,0,0,-3,-54,3,-50,5,-50,11,-52,12,-49,15,-48,16,-45,19,-43,14,-42,17,-40,18,-39,19,-37,16,-35,19,-36,16,-35,17,-32,13,-29,8,-32,9,-31,5,-30,4,-29,-2,-29,-3,-31,-4,-29,-6,-32,-14,-31,-9,-30,-11,-31,-14,-32,-15,-34,-20,-30,-23,-35,-26,-38,-26,-33,-30,-38,-31,-37,-35,-36,-34,-35,-36,-37,-42,-36,-46,-38,-48,-38,-51,-37,-49,-39,-50,-38,-62,-35,-61,-36,-61,-39,-64,-35,-65,-44,-69,-46,-73,-41,-69,-51,-70,-47,-75,-52,-72,-54,-72,-57,0,0]"
CSI_DATA,25,1a:00:00:00:00:00,-43,11,1,0,1,1,1,0,0,0,1,-96,0,11,2,585109,0,44,0,384,0,"[0,0,0,0,0,0,0,0,0,0,0,0,-10,-11,-9,-11,-10,-10,-9,-10,-9,-9,-8,-9,-9,-8,-8,-8,-8,-8,-8,-6,-8,-7,-8,-6,-8,-5,-8,-5,-8,-5,-9,-4,-8,-3,-8,-3,-8,-2,-8,-2,-8,-2,-8,-2,-8,-1,-9,-1,-9,-1,-9,0,0,0,-10,0,-10,0,-10,0,-10,0,-10,-1,-11,0,-11,-1,-10,-1,-10,-1,-10,-2,-10,-2,-10,-3,-9,-3,-9,-3,-9,-3,-9,-3,-8,-4,-8,-3,-8,-4,-7,-4,-7,-5,-6,-5,-5,-5,-5,-5,-4,-5,-3,-5,0,0,0,0,0,0,0,0,0,0,0,0,0,0,-51,-68,-49,-67,-55,-55,-48,-63,-50,-65,-45,-58,-49,-57,-48,-54,-42,-50,-42,-48,-43,-46,-37,-40,-42,-41,-40,-37,-37,-36,-39,-31,-45,-28,-43,-21,-39,-23,-38,-17,-44,-16,-40,-16,-40,-12,-41,-7,-39,-7,-41,-5,-44,-5,-45,0,-46,-5,-48,1,-46,1,-55,4,-51,4,-54,3,-53,2,-56,-1,-55,-1,-53,-3,-53,-7,-55,-5,-53,-7,-57,-7,-52,-12,-52,-13,-48,-14,-47,-13,-46,-18,-41,-16,-41,-17,-40,-20,-35,-22,-33,-22,-29,-25,-26,-27,-27,-29,-19,-28,-15,-30,0,0,0,0,0,0,0,0,0,0,0,0,0,0,0,0,0,0,0,0,0,0,52,2,52,5,50,8,49,15,45,18,43,20,40,18,39,22,39,21,37,21,35,23,36,21,36,20,34,17,29,21,31,15,28,14,26,15,27,11,27,9,31,7,31,3,32,3,28,0,30,-3,30,-5,30,-7,34,-11,33,-12,32,-15,35,-16,41,-18,34,-16,36,-19,40,-23,38,-29,38,-24,39,-35,39,-35,41,-39,46,-40,40,-41,44,-45,42,-47,42,-47,44,-49,47,-52,46,-54,48,-60,51,-57,54,-60,56,-67,62,-65,52,-58,59,-69,62,-66,65,-58,0,0]"
CSI_DATA,26,1a:00:00:00:00:00,-43,11,1,0,1,1,1,0,0,0,1,-96,0,11,2,594752,0,44,0,384,0,"[0,0,0,0,0,0,0,0,0,0,0,0,-6,12,-6,12,-5,11,-5,12,-5,10,-5,10,-4,10,-4,9,-4,9,-3,8,-3,9,-2,8,-2,8,-1,8,-2,7,0,7,0,7,0,7,1,7,1,6,1,6,2,7,2,6,3,7,3,7,3,7,0,0,3,8,3,8,4,8,4,8,3,8,3,8,3,8,3,9,3,9,2,9,2,9,1,9,0,8,0,8,0,8,0,8,0,7,-1,7,-1,7,-1,7,-2,6,-2,6,-3,5,-3,5,-4,5,-4,4,0,0,0,0,0,0,0,0,0,0,0,0,0,0,-43,72,-40,67,-40,72,-42,68,-33,66,-38,68,-36,59,-37,56,-28,55,-31,55,-29,53,-22,50,-22,52,-21,49,-15,49,-13,44,-13,49,-9,46,-8,45,-7,41,1,47,-3,42,1,40,3,41,7,41,7,46,10,43,16,42,12,42,20,43,18,43,20,44,17,46,19,47,22,44,19,52,18,53,16,51,12,54,13,50,15,50,10,54,10,54,7,50,0,47,3,50,2,48,-2,48,-4,42,-7,41,-9,39,-11,38,-13,37,-16,34,-14,29,-21,27,-21,27,0,0,0,0,0,0,0,0,0,0,0,0,0,0,0,0,0,0,0,0,0,0,-19,-49,-12,-54,-7,-52,-7,-51,-1,-51,7,-50,3,-48,5,-44,5,-46,6,-46,12,-41,8,-39,9,-43,10,-37,7,-35,6,-32,3,-35,5,-31,3,-31,0,-31,-3,-30,-4,-32,-7,-28,-14,-27,-11,-28,-18,-23,-17,-26,-21,-26,-20,-29,-27,-30,-26,-24,-31,-32,-31,-30,-31,-28,-35,-28,-39,-27,-38,-27,-48,-27,-44,-29,-51,-27,-50,-24,-52,-21,-58,-28,-60,-26,-60,-24,-64,-29,-65,-25,-65,-23,-71,-24,-74,-26,-79,-32,-81,-28,-83,-34,-76,-30,-84,-35,-86,-37,-79,-42,0,0]"
CSI_DATA,27,1a:00:00:00:00:00,-43,11,1,0,1,1,1,0,0,0,1,-96,0,11,2,604784,0,44,0,384,0,"[0,0,0,0,0,0,0,0,0,0,0,0,14,-5,12,-5,12,-6,12,-5,11,-5,10,-4,10,-5,10,-5,9,-5,8,-5,8,-5,7,-6,7,-5,6,-6,6,-5,6,-7,5,-6,5,-6,4,-7,4,-7,4,-7,3,-8,3,-8,3,-9,3,-9,2,-9,0,0,2,-10,3,-10,3,-10,3,-10,3,-10,3,-10,3,-10,3,-10,4,-10,4,-9,5,-10,5,-9,5,-8,5,-8,5,-8,5,-8,5,-7,5,-7,5,-6,5,-5,6,-5,6,-4,6,-4,6,-3,6,-2,5,-2,0,0,0,0,0,0,0,0,0,0,0,0,0,0,81,-26,81,-23,76,-29,71,-21,73,-25,69,-25,66,-22,61,-26,59,-22,59,-21,54,-23,50,-21,51,-25,50,-26,43,-24,40,-28,41,-30,39,-28,33,-26,32,-31,29,-33,26,-30,23,-37,26,-33,21,-37,19,-36,17,-44,13,-48,15,-43,16,-48,11,-44,13,-49,13,-48,17,-50,13,-52,17,-52,18,-53,18,-53,25,-51,21,-47,21,-50,23,-50,24,-49,24,-47,27,-41,26,-42,29,-40,31,-37,28,-38,30,-32,28,-31,31,-25,32,-24,32,-21,31,-17,31,-14,29,-9,0,0,0,0,0,0,0,0,0,0,0,0,0,0,0,0,0,0,0,0,0,0,-23,46,-31,41,-34,38,-33,37,-36,36,-42,28,-37,28,-37,25,-41,25,-37,27,-36,24,-34,22,-35,26,-36,19,-28,22,-25,16,-27,24,-24,20,-23,23,-20,19,-20,22,-19,23,-17,24,-13,23,-13,28,-11,29,-6,30,-7,31,-7,33,-4,40,-2,32,0,40,1,41,5,39,3,46,8,45,11,45,14,52,10,51,16,51,17,54,19,53,21,59,26,58,25,58,23,57,25,58,31,65,30,65,37,71,35,70,40,69,33,78,31,74,38,82,38,81,33,81,0,0]"
CSI_DATA,28,1a:00:00:00:00:00,-43,11,1,0,1,1,1,0,0,0,1,-96,0,11,2,614762,0,44,0,384,0,"[0,0,0,0,0,0,0,0,0,0,0,0,-6,13,-5,12,-5,12,-5,12,-5,11,-5,10,-4,10,-4,10,-4,9,-3,9,-3,9,-2,9,-2,8,-1,8,-1,8,0,8,0,7,0,7,1,7,1,7,1,7,2,7,2,7,3,7,3,7,3,7,0,0,4,8,3,8,4,8,4,8,4,8,3,9,3,9,3,8,3,9,2,9,2,9,1,9,1,8,1,9,0,8,0,8,-1,8,-1,8,-1,7,-2,7,-2,6,-2,6,-3,6,-3,5,-4,5,-4,4,0,0,0,0,0,0,0,0,0,0,0,0,0,0,-46,67,-42,74,-36,70,-36,67,-39,68,-35,61,-36,63,-33,59,-31,61,-28,54,-27,53,-21,52,-20,52,-21,52,-19,47,-14,46,-11,51,-8,42,-10,41,-5,45,-3,42,-5,44,7,36,1,41,7,41,11,41,13,41,15,45,12,42,17,47,18,47,21,46,20,44,23,43,24,49,17,49,16,56,19,53,16,55,11,54,11,52,9,52,8,50,6,52,1,50,0,53,2,47,-3,47,-2,43,-5,43,-8,38,-12,38,-10,34,-19,37,-19,29,-18,27,-20,21,0,0,0,0,0,0,0,0,0,0,0,0,0,0,0,0,0,0,0,0,0,0,-21,-49,-14,-47,-15,-51,-10,-48,-4,-52,1,-45,0,-46,4,-44,2,-48,3,-44,7,-43,4,-39,6,-40,9,-38,5,-35,6,-37,1,-35,-2,-32,-2,-28,-5,-29,-6,-28,-12,-28,-11,-31,-15,-29,-14,-29,-18,-22,-20,-29,-18,-25,-27,-29,-26,-28,-30,-24,-30,-30,-32,-25,-34,-25,-38,-28,-37,-22,-45,-22,-45,-26,-45,-26,-51,-24,-46,-22,-59,-24,-57,-23,-63,-22,-59,-23,-69,-17,-66,-22,-66,-23,-73,-19,-77,-28,-76,-24,-77,-29,-79,-35,-79,-31,-85,-36,-82,-32,-79,-41,0,0]"
CSI_DATA,29,1a:00:00:00:00:00,-43,11,1,0,1,1,1,0,0,0,1,-96,0,11,2,644854,0,44,0,384,0,"[0,0,0,0,0,0,0,0,0,0,0,0,8,11,7,10,8,9,7,10,7,9,6,9,7,8,7,7,6,7,6,6,6,7,7,5,6,5,7,4,6,4,7,3,6,3,6,3,6,2,7,2,7,2,7,1,7,1,8,0,8,0,8,0,0,0,9,0,9,0,10,0,9,0,9,0,10,1,9,1,9,1,10,2,9,2,9,2,9,3,8,3,8,3,7,4,7,4,7,3,6,4,6,4,5,4,5,4,4,5,4,5,3,5,2,5,1,5,0,0,0,0,0,0,0,0,0,0,0,0,0,0,37,71,39,75,41,68,36,68,39,67,34,60,38,57,34,59,33,55,31,51,30,50,30,44,33,43,33,41,31,40,32,37,36,33,36,29,35,27,34,26,39,20,37,22,36,17,39,13,38,11,41,15,43,6,45,5,47,5,49,4,47,2,50,3,48,5,53,3,53,6,52,7,55,7,55,8,54,10,53,13,54,16,52,16,54,18,50,19,46,20,49,22,41,22,42,22,34,22,35,24,35,25,32,26,30,25,21,29,22,31,15,32,11,29,0,0,0,0,0,0,0,0,0,0,0,0,0,0,0,0,0,0,0,0,0,0,-52,-14,-47,-19,-44,-21,-44,-26,-45,-29,-40,-32,-36,-31,-34,-31,-35,-30,-33,-32,-28,-30,-27,-31,-30,-25,-29,-28,-23,-25,-28,-23,-28,-22,-26,-23,-23,-16,-22,-15,-24,-12,-25,-14,-26,-5,-28,-7,-33,-5,-30,-4,-33,0,-32,3,-34,2,-37,6,-37,6,-42,8,-41,11,-40,13,-46,18,-45,14,-45,19,-46,23,-47,25,-49,28,-49,28,-55,31,-54,36,-55,37,-49,32,-55,38,-55,40,-54,43,-62,45,-62,48,-63,50,-63,54,-72,51,-68,47,-72,48,-69,52,-72,45,0,0]"
CSI_DATA,30,1a:00:00:00:00:00,-43,11,1,0,1,1,1,0,0,0,1,-96,0,11,2,654808,0,44,0,384,0,"[0,0,0,0,0,0,0,0,0,0,0,0,-12,8,-11,8,-10,8,-11,8,-10,7,-9,7,-8,8,-8,7,-7,7,-7,6,-7,7,-6,7,-6,6,-5,6,-5,6,-4,7,-3,7,-3,6,-3,7,-2,7,-2,7,-1,7,-1,7,-1,8,-1,8,0,8,0,0,0,8,0,9,0,9,0,9,0,9,0,9,0,10,0,9,0,10,-1,9,-2,9,-3,9,-3,8,-3,8,-3,8,-3,7,-3,8,-3,7,-4,7,-4,6,-4,6,-5,5,-5,5,-5,4,-6,3,-5,2,0,0,0,0,0,0,0,0,0,0,0,0,0,0,-64,53,-61,49,-60,56,-53,53,-56,46,-55,44,-49,46,-52,50,-48,39,-40,41,-42,43,-39,43,-36,42,-31,41,-33,36,-26,39,-25,44,-22,36,-20,36,-18,36,-14,44,-14,41,-9,41,-3,39,-5,41,-4,43,0,41,5,49,2,44,7,46,7,49,6,49,4,49,11,55,5,51,4,56,4,58,4,52,0,58,-1,53,1,52,-5,53,-5,51,-6,54,-12,50,-10,48,-12,45,-15,44,-19,41,-16,39,-17,40,-21,36,-20,33,-23,29,-25,25,-24,23,-28,17,0,0,0,0,0,0,0,0,0,0,0,0,0,0,0,0,0,0,0,0,0,0,4,-53,11,-52,13,-51,15,-48,21,-43,19,-42,20,-41,25,-39,27,-40,22,-36,27,-33,21,-34,20,-38,20,-31,22,-28,17,-29,17,-29,12,-27,10,-28,12,-28,8,-26,5,-27,3,-27,0,-28,-3,-29,-8,-29,-5,-34,-10,-34,-9,-34,-12,-36,-14,-33,-16,-42,-22,-36,-23,-40,-27,-40,-25,-40,-29,-38,-34,-39,-31,-42,-36,-41,-37,-42,-43,-44,-41,-44,-48,-44,-50,-44,-48,-38,-50,-41,-58,-46,-53,-48,-58,-51,-61,-50,-64,-50,-63,-55,-62,-57,-68,-67,-65,-59,-62,-64,0,0]"
CSI_DATA,31,1a:00:00:00:00:00,-43,11,1,0,1,1,1,0,0,0,1,-96,0,11,2,665177,0,44,0,384,0,"[0,0,0,0,0,0,0,0,0,0,0,0,-7,-13,-7,-12,-7,-11,-7,-12,-6,-11,-6,-10,-6,-10,-6,-9,-6,-9,-6,-8,-6,-8,-7,-7,-7,-7,-7,-6,-7,-6,-7,-5,-7,-5,-7,-4,-8,-4,-8,-4,-8,-3,-8,-3,-8,-3,-9,-2,-9,-2,-9,-2,0,0,-10,-2,-10,-2,-10,-2,-10,-2,-10,-2,-11,-2,-11,-2,-10,-2,-11,-3,-10,-4,-10,-4,-10,-4,-9,-4,-9,-5,-8,-5,-8,-5,-8,-5,-7,-5,-7,-5,-6,-5,-6,-5,-5,-6,-5,-6,-4,-6,-3,-6,-2,-6,0,0,0,0,0,0,0,0,0,0,0,0,0,0,-35,-72,-32,-77,-37,-65,-33,-67,-41,-72,-34,-63,-34,-65,-35,-60,-33,-56,-31,-54,-33,-49,-33,-48,-33,-46,-32,-40,-30,-42,-37,-36,-33,-34,-31,-31,-33,-28,-37,-25,-37,-24,-38,-24,-38,-16,-37,-16,-40,-11,-42,-13,-45,-9,-46,-7,-45,-6,-46,-4,-44,-5,-53,-8,-53,-10,-48,-3,-55,-3,-54,-8,-50,-8,-58,-11,-56,-15,-53,-13,-56,-13,-52,-18,-53,-15,-53,-18,-47,-19,-49,-20,-43,-22,-42,-24,-38,-20,-37,-23,-35,-28,-32,-28,-29,-31,-24,-28,-22,-29,-20,-31,-11,-26,0,0,0,0,0,0,0,0,0,0,0,0,0,0,0,0,0,0,0,0,0,0,45,17,42,21,47,28,40,28,38,32,33,31,29,32,26,32,31,33,29,35,25,32,25,31,29,25,24,28,20,28,21,27,25,23,19,22,21,16,21,16,20,14,27,14,25,10,29,6,26,8,28,1,29,1,30,-4,33,-1,34,-5,36,-7,36,-12,39,-11,40,-8,42,-14,44,-13,44,-17,43,-20,46,-24,46,-27,51,-26,49,-28,51,-33,53,-32,48,-36,53,-42,57,-38,57,-43,61,-46,64,-48,65,-47,63,-48,68,-46,66,-48,78,-49,70,-48,77,-44,0,0]"
CSI_DATA,32,1a:00:00:00:00:00,-43,11,1,0,1,1,1,0,0,0,1,-96,0,11,2,674779,0,44,0,384,0,"[0,0,0,0,0,0,0,0,0,0,0,0,9,9,9,9,9,9,8,9,8,8,7,8,8,7,7,6,7,6,7,5,7,5,7,5,7,4,7,4,7,3,7,3,7,2,7,2,7,1,7,1,7,0,7,0,8,-1,8,-1,8,-1,8,-1,0,0,9,-1,9,-1,10,-1,10,-1,9,-1,10,-1,10,-1,10,0,10,0,10,1,10,1,9,1,9,2,9,2,8,2,8,3,8,3,7,3,7,3,6,3,6,3,5,4,4,4,4,4,3,4,2,4,0,0,0,0,0,0,0,0,0,0,0,0,0,0,36,72,34,73,39,70,35,65,37,64,34,60,35,57,34,60,30,51,36,51,33,49,30,45,30,43,30,40,32,36,34,35,39,33,33,29,32,25,34,22,41,26,32,17,38,12,41,17,38,13,39,13,42,11,44,8,46,8,50,3,48,5,51,6,49,7,54,6,52,4,54,8,54,8,53,9,55,14,55,15,54,12,51,17,50,16,48,18,45,21,45,19,43,25,40,22,40,26,39,26,32,25,29,25,25,29,23,29,19,28,16,31,11,32,0,0,0,0,0,0,0,0,0,0,0,0,0,0,0,0,0,0,0,0,0,0,-53,-13,-48,-18,-47,-23,-42,-27,-40,-30,-41,-31,-35,-27,-36,-30,-34,-31,-32,-33,-31,-34,-30,-30,-30,-25,-25,-25,-27,-23,-25,-24,-28,-21,-25,-20,-25,-17,-26,-18,-25,-15,-28,-11,-29,-9,-31,-5,-29,-3,-34,1,-31,-1,-33,2,-32,6,-39,5,-33,6,-42,14,-42,14,-41,11,-40,15,-41,17,-41,18,-48,20,-43,24,-49,26,-44,29,-46,30,-50,36,-50,37,-49,38,-52,36,-56,39,-53,43,-55,43,-59,47,-64,47,-66,51,-72,46,-70,46,-73,53,-70,50,-76,48,0,0]"
CSI_DATA,33,1a:00:00:00:00:00,-43,11,1,0,1,1,1,0,0,0,1,-96,0,11,2,685026,0,44,0,384,0,"[0,0,0,0,0,0,0,0,0,0,0,0,8,-13,7,-12,7,-12,7,-12,7,-11,6,-10,5,-11,5,-10,4,-10,4,-9,4,-10,3,-10,2,-9,2,-9,2,-9,1,-9,0,-9,0,-9,-1,-8,-1,-9,-1,-8,-2,-9,-2,-8,-3,-9,-3,-9,-4,-9,0,0,-4,-10,-4,-10,-4,-10,-5,-10,-4,-10,-4,-11,-4,-11,-3,-11,-3,-11,-2,-11,-2,-11,-1,-11,-1,-10,-1,-10,-1,-10,0,-10,0,-10,0,-9,0,-9,1,-8,2,-8,2,-8,2,-7,3,-6,3,-6,3,-5,0,0,0,0,0,0,0,0,0,0,0,0,0,0,48,-70,48,-61,45,-70,39,-61,42,-59,38,-60,37,-53,36,-55,34,-50,34,-49,26,-48,25,-49,26,-51,20,-48,17,-43,14,-43,13,-45,12,-47,10,-41,8,-39,2,-46,0,-40,-3,-43,-5,-43,-6,-38,-10,-42,-11,-43,-14,-46,-14,-48,-17,-49,-17,-47,-20,-50,-11,-49,-21,-54,-22,-47,-17,-56,-20,-56,-19,-51,-14,-53,-13,-56,-9,-52,-8,-56,-6,-54,-3,-53,-2,-53,-2,-53,3,-52,0,-47,4,-46,3,-44,7,-45,6,-41,10,-37,16,-36,18,-35,19,-28,21,-21,0,0,0,0,0,0,0,0,0,0,0,0,0,0,0,0,0,0,0,0,0,0,5,50,1,52,-6,51,-10,51,-10,49,-14,45,-13,43,-15,44,-17,43,-17,40,-19,37,-18,32,-15,35,-18,33,-14,34,-14,30,-12,34,-11,26,-6,29,-5,24,-5,24,1,32,5,23,4,27,8,27,11,27,14,27,16,30,12,28,22,31,21,25,27,30,25,33,30,25,32,32,34,29,33,28,35,32,39,31,41,30,47,34,45,32,53,36,53,30,54,31,62,29,60,33,63,28,66,35,66,32,70,36,74,38,69,44,67,38,77,50,77,45,70,45,0,0]"
CSI_DATA,34,1a:00:00:00:00:00,-43,11,1,0,1,1,1,0,0,0,1,-96,0,11,2,694758,0,44,0,384,0,"[0,0,0,0,0,0,0,0,0,0,0,0,13,-3,12,-3,13,-3,12,-3,12,-3,10,-2,10,-4,9,-3,9,-3,9,-3,8,-4,8,-4,7,-4,7,-5,6,-4,6,-6,5,-6,5,-6,4,-6,5,-6,4,-6,4,-7,4,-7,4,-8,4,-8,4,-8,0,0,4,-9,4,-9,4,-9,4,-10,4,-9,5,-9,5,-9,5,-9,6,-9,6,-9,6,-9,6,-8,6,-7,6,-7,6,-6,6,-6,7,-6,6,-5,6,-5,6,-4,6,-4,6,-3,6,-3,6,-2,6,-1,5,0,0,0,0,0,0,0,0,0,0,0,0,0,0,0,81,-18,81,-12,80,-20,72,-14,70,-13,66,-12,67,-16,64,-12,59,-14,57,-14,54,-15,53,-12,54,-21,49,-17,44,-20,42,-21,43,-26,36,-26,36,-22,33,-23,31,-31,29,-27,25,-29,26,-34,28,-31,22,-34,25,-37,21,-41,21,-42,18,-44,22,-43,22,-45,22,-48,22,-50,22,-53,22,-49,28,-53,29,-48,31,-46,31,-44,28,-45,35,-44,34,-46,31,-41,36,-35,36,-37,36,-31,36,-30,34,-28,37,-24,37,-21,35,-19,35,-15,36,-14,36,-10,29,-6,31,-2,0,0,0,0,0,0,0,0,0,0,0,0,0,0,0,0,0,0,0,0,0,0,-25,48,-30,38,-33,37,-37,35,-40,32,-41,29,-37,28,-39,23,-41,23,-38,20,-38,20,-35,19,-36,20,-34,18,-35,15,-30,13,-29,19,-29,16,-23,18,-22,17,-21,17,-17,23,-13,24,-13,26,-13,24,-9,29,-9,30,-11,31,-5,31,-5,37,-3,34,-2,40,4,41,5,44,1,46,2,45,7,45,7,51,9,49,15,51,10,51,19,56,13,59,21,60,20,56,25,64,23,64,25,64,23,66,26,71,23,74,31,75,25,77,24,76,25,87,26,81,24,83,0,0]"
CSI_DATA,35,1a:00:00:00:00:00,-43,11,1,0,1,1,1,0,0,0,1,-96,0,11,2,734757,0,44,0,384,0,"[0,0,0,0,0,0,0,0,0,0,0,0,7,-13,6,-12,6,-12,6,-11,6,-11,5,-10,5,-11,4,-10,4,-10,3,-10,3,-10,2,-10,2,-9,1,-9,1,-8,0,-9,0,-9,0,-8,-1,-8,-1,-8,-1,-8,-2,-9,-2,-8,-4,-9,-3,-9,-4,-9,0,0,-4,-10,-4,-10,-4,-11,-4,-10,-3,-10,-3,-11,-3,-11,-3,-11,-2,-11,-2,-11,-2,-11,-1,-11,-1,-11,0,-10,0,-10,0,-10,1,-9,1,-9,1,-8,1,-8,2,-8,3,-7,3,-7,3,-6,4,-6,4,-5,0,0,0,0,0,0,0,0,0,0,0,0,0,0,51,-64,52,-64,48,-67,49,-59,44,-59,45,-55,42,-54,43,-55,37,-53,38,-49,32,-47,26,-46,25,-47,24,-47,25,-46,17,-44,15,-45,15,-45,11,-41,9,-42,3,-44,5,-41,2,-40,-2,-43,-4,-40,-8,-40,-11,-42,-11,-46,-11,-46,-18,-48,-15,-50,-13,-52,-12,-51,-14,-52,-17,-52,-12,-61,-14,-59,-15,-60,-6,-59,-8,-59,-5,-53,-4,-57,4,-55,1,-57,0,-53,10,-50,7,-51,9,-50,9,-48,12,-45,13,-39,14,-39,16,-36,20,-33,28,-29,22,-29,24,-22,0,0,0,0,0,0,0,0,0,0,0,0,0,0,0,0,0,0,0,0,0,0,8,51,1,51,-1,50,0,51,-5,50,-9,47,-8,44,-15,45,-12,45,-15,41,-17,41,-16,38,-16,40,-15,37,-14,32,-12,30,-8,30,-9,33,-8,30,-2,27,-2,28,2,28,4,29,3,28,7,26,13,27,11,27,17,31,17,31,21,31,22,25,26,31,27,33,30,31,32,33,32,30,34,31,38,33,40,33,43,32,46,32,53,32,47,34,54,31,52,31,66,30,63,31,62,34,66,34,68,41,63,40,68,33,64,49,62,44,73,47,69,46,75,45,0,0]"
CSI_DATA,36,1a:00:00:00:00:00,-43,11,1,0,1,1,1,0,0,0,1,-96,0,11,2,745082,0,44,0,384,0,"[0,0,0,0,0,0,0,0,0,0,0,0,11,-6,10,-6,10,-7,10,-6,10,-6,9,-6,8,-6,8,-6,8,-6,7,-6,7,-6,6,-6,6,-6,5,-7,4,-6,4,-7,3,-7,3,-7,3,-7,2,-7,2,-7,2,-8,1,-8,1,-9,1,-9,1,-9,0,0,1,-10,1,-11,1,-10,1,-11,1,-11,2,-11,2,-11,2,-11,2,-11,3,-10,3,-10,4,-9,4,-9,4,-9,4,-9,4,-8,4,-8,4,-7,5,-7,5,-6,5,-5,5,-5,5,-4,5,-4,5,-3,5,-2,0,0,0,0,0,0,0,0,0,0,0,0,0,0,78,-34,73,-28,72,-34,74,-26,69,-27,65,-24,59,-27,64,-25,59,-25,58,-26,48,-25,49,-26,49,-29,43,-27,39,-23,37,-30,35,-32,35,-34,31,-35,22,-32,28,-42,25,-35,20,-39,21,-37,16,-38,15,-39,12,-45,12,-43,14,-47,7,-52,10,-52,10,-55,13,-48,12,-57,8,-50,18,-55,15,-58,15,-56,23,-55,22,-49,21,-52,23,-51,28,-49,26,-52,31,-47,29,-43,33,-42,30,-39,29,-35,31,-31,28,-32,32,-26,33,-27,34,-18,32,-14,35,-13,35,-8,0,0,0,0,0,0,0,0,0,0,0,0,0,0,0,0,0,0,0,0,0,0,-18,47,-28,47,-26,44,-33,41,-30,38,-34,35,-34,33,-31,30,-38,33,-31,30,-33,25,-36,28,-31,28,-32,22,-30,20,-25,23,-25,24,-24,20,-21,23,-18,17,-15,21,-16,23,-11,23,-10,26,-9,28,-5,28,-7,28,-2,35,-2,30,3,39,1,33,6,42,8,44,9,43,9,47,16,46,14,43,17,45,22,51,24,50,23,52,24,49,27,59,25,57,29,54,33,53,37,57,37,63,40,62,38,65,38,72,45,70,40,76,43,73,40,76,40,84,41,81,0,0]"
CSI_DATA,37,1a:00:00:00:00:00,-43,11,1,0,1,1,1,0,0,0,1,-96,0,11,2,754772,0,44,0,384,0,"[0,0,0,0,0,0,0,0,0,0,0,0,8,-11,8,-11,7,-10,8,-10,6,-9,6,-9,5,-9,5,-9,5,-9,4,-8,4,-9,3,-9,3,-8,2,-8,2,-8,1,-9,0,-8,0,-8,0,-8,-1,-8,-1,-8,-2,-8,-2,-8,-3,-8,-3,-9,-3,-9,0,0,-4,-10,-3,-10,-3,-10,-4,-10,-3,-10,-3,-11,-3,-11,-3,-10,-3,-11,-2,-10,-1,-11,-1,-10,-1,-10,0,-10,0,-10,0,-9,1,-9,1,-9,1,-8,1,-8,2,-8,2,-7,2,-7,3,-6,3,-5,3,-5,0,0,0,0,0,0,0,0,0,0,0,0,0,0,62,-49,63,-49,58,-53,52,-48,54,-48,50,-48,50,-48,47,-44,44,-47,40,-41,39,-41,33,-38,34,-42,28,-42,28,-39,21,-45,23,-43,19,-43,18,-36,15,-39,9,-44,10,-41,4,-40,4,-42,2,-39,2,-42,-2,-46,-7,-47,-3,-51,-9,-51,-9,-46,-7,-50,-8,-48,-10,-55,-12,-56,-9,-58,-5,-58,-4,-57,0,-58,1,-58,-1,-54,1,-53,5,-53,6,-57,9,-51,12,-49,11,-48,14,-47,14,-44,18,-40,18,-40,19,-38,21,-33,23,-32,21,-29,25,-25,28,-18,0,0,0,0,0,0,0,0,0,0,0,0,0,0,0,0,0,0,0,0,0,0,-6,51,-10,51,-17,47,-19,46,-21,44,-25,41,-25,37,-27,40,-24,37,-26,37,-25,35,-25,32,-22,36,-25,29,-20,28,-17,25,-19,26,-16,25,-14,25,-11,25,-8,23,-8,27,-3,24,0,27,1,27,8,28,4,30,8,31,9,31,13,35,12,31,18,36,20,38,20,33,22,38,26,41,27,36,32,38,31,39,36,42,35,43,37,41,39,41,49,42,45,43,43,42,50,44,54,46,52,48,55,50,57,49,60,50,60,56,58,54,60,59,61,61,58,62,0,0]"
CSI_DATA,38,1a:00:00:00:00:00,-43,11,1,0,1,1,1,0,0,0,1,-96,0,11,2,765018,0,44,0,384,0,"[0,0,0,0,0,0,0,0,0,0,0,0,-14,-5,-13,-4,-13,-3,-13,-4,-12,-4,-12,-4,-12,-2,-11,-3,-10,-2,-10,-2,-10,-2,-10,-1,-9,-1,-9,0,-8,0,-9,1,-8,1,-8,2,-8,2,-8,3,-7,3,-8,4,-8,4,-8,5,-8,5,-8,5,0,0,-8,6,-9,6,-9,6,-9,7,-9,6,-9,6,-9,5,-9,5,-10,5,-10,4,-10,4,-10,3,-10,3,-10,3,-10,2,-10,2,-10,2,-9,1,-9,1,-8,0,-8,0,-7,-1,-8,-1,-7,-2,-7,-3,-6,-3,0,0,0,0,0,0,0,0,0,0,0,0,0,0,-72,-25,-75,-24,-74,-17,-67,-20,-73,-16,-64,-19,-66,-17,-65,-17,-60,-10,-56,-14,-50,-6,-52,-9,-50,-4,-51,-2,-46,-5,-44,1,-45,3,-43,7,-41,6,-41,9,-42,15,-39,14,-35,17,-38,18,-34,20,-36,25,-38,27,-33,29,-39,31,-34,33,-35,31,-40,33,-40,34,-40,38,-40,34,-43,35,-45,38,-45,33,-47,34,-46,30,-48,30,-47,25,-49,23,-48,29,-49,20,-47,17,-48,14,-48,16,-42,10,-43,10,-41,6,-45,5,-39,2,-38,-1,-36,-5,-37,-9,-28,-10,0,0,0,0,0,0,0,0,0,0,0,0,0,0,0,0,0,0,0,0,0,0,48,-27,45,-21,45,-17,48,-13,47,-10,49,-8,46,-6,45,-2,45,-3,42,-2,44,3,39,-2,38,-2,35,-2,33,0,30,1,35,-7,30,-1,27,-2,27,-7,24,-9,23,-12,21,-13,24,-18,23,-22,21,-26,16,-25,19,-25,19,-26,18,-30,16,-32,19,-37,19,-38,17,-41,17,-39,15,-44,11,-47,16,-50,9,-49,8,-55,12,-51,8,-61,11,-55,10,-63,4,-61,8,-67,7,-64,5,-70,7,-73,6,-78,4,-77,6,-79,9,-80,9,-80,11,-87,14,-84,12,-86,0,0]"
CSI_DATA,39,1a:00:00:00:00:00,-43,11,1,0,1,1,1,0,0,0,1,-96,0,11,2,774920,0,44,0,384,0,"[0,0,0,0,0,0,0,0,0,0,0,0,-14,0,-14,0,-13,1,-13,0,-13,0,-12,0,-11,1,-11,1,-10,1,-10,1,-10,2,-9,2,-9,3,-8,3,-8,2,-8,4,-7,4,-7,4,-6,5,-6,5,-6,5,-6,6,-6,6,-6,7,-6,7,-5,8,0,0,-5,8,-6,8,-6,8,-6,9,-7,8,-7,8,-7,8,-7,8,-7,8,-8,8,-8,7,-8,6,-8,6,-8,5,-8,5,-8,5,-8,5,-8,4,-8,3,-7,3,-8,2,-7,2,-8,1,-7,0,-7,0,-6,-1,0,0,0,0,0,0,0,0,0,0,0,0,0,0,-83,-1,-80,0,-78,4,-73,1,-71,0,-70,4,-66,3,-67,4,-60,2,-56,3,-59,6,-54,7,-53,7,-49,13,-45,9,-43,14,-43,19,-39,20,-36,17,-36,21,-31,29,-32,25,-30,29,-32,30,-25,31,-31,31,-27,34,-27,40,-27,37,-26,44,-27,41,-27,46,-30,43,-26,46,-29,46,-35,48,-28,44,-34,45,-36,44,-37,39,-36,40,-38,41,-34,36,-43,38,-38,30,-41,32,-41,28,-40,27,-41,20,-41,19,-37,16,-37,13,-38,12,-37,10,-37,8,-33,0,-32,-2,0,0,0,0,0,0,0,0,0,0,0,0,0,0,0,0,0,0,0,0,0,0,37,-37,42,-32,43,-29,42,-23,48,-22,42,-18,40,-16,41,-13,45,-12,43,-14,41,-10,39,-10,37,-10,34,-7,33,-8,33,-10,32,-12,26,-8,26,-13,22,-11,23,-11,23,-15,20,-17,17,-21,15,-23,13,-24,14,-28,12,-28,15,-27,9,-35,6,-35,9,-40,8,-40,8,-38,7,-47,6,-44,7,-48,1,-47,0,-50,-1,-56,-3,-57,-2,-56,-7,-62,-7,-66,-8,-62,-10,-67,-9,-69,-13,-68,-17,-74,-11,-75,-17,-77,-14,-78,-13,-83,-11,-80,-11,-86,-15,-85,-6,-84,0,0]"
CSI_DATA,40,1a:00:00:00:00:00,-43,11,1,0,1,1,1,0,0,0,1,-96,0,11,2,786002,0,44,0,384,0,"[0,0,0,0,0,0,0,0,0,0,0,0,-7,12,-6,12,-5,12,-6,11,-5,11,-5,10,-5,10,-4,10,-4,9,-3,9,-3,9,-2,9,-1,8,-1,8,-1,8,0,8,1,8,1,7,2,7,2,8,2,7,3,7,3,8,4,8,4,8,4,8,0,0,5,8,5,9,5,9,5,9,5,9,4,10,5,10,4,10,4,10,3,10,3,10,2,10,2,9,1,9,1,10,1,9,1,9,0,9,-1,8,-1,8,-2,8,-2,7,-3,7,-3,6,-3,6,-4,4,0,0,0,0,0,0,0,0,0,0,0,0,0,0,-34,71,-35,70,-31,75,-26,65,-25,67,-28,61,-27,57,-27,57,-19,56,-18,60,-15,55,-13,49,-10,48,-9,48,-4,48,-1,48,-3,47,-1,42,1,40,7,44,11,44,11,40,16,35,12,42,14,37,18,38,20,37,27,34,27,38,30,38,31,36,30,41,27,44,30,45,32,42,31,50,27,47,30,50,26,53,24,52,25,50,23,51,20,51,21,52,18,50,15,50,12,48,8,47,7,46,3,43,4,41,0,40,-3,41,-8,41,-12,35,-12,33,-16,33,0,0,0,0,0,0,0,0,0,0,0,0,0,0,0,0,0,0,0,0,0,0,-16,-51,-9,-55,-8,-51,-2,-56,1,-51,4,-51,6,-48,5,-45,11,-47,5,-43,11,-42,6,-38,5,-40,9,-38,6,-33,4,-31,-2,-34,-4,-29,2,-29,1,-30,-3,-26,-2,-29,-11,-25,-11,-26,-12,-26,-19,-26,-21,-27,-24,-25,-24,-26,-26,-25,-27,-22,-31,-24,-32,-25,-35,-27,-38,-25,-40,-25,-42,-21,-46,-22,-43,-21,-51,-22,-51,-24,-60,-22,-57,-20,-62,-22,-60,-21,-64,-14,-67,-19,-67,-18,-71,-19,-74,-20,-73,-22,-77,-19,-80,-24,-79,-26,-86,-30,-86,-29,-78,-32,0,0]"
CSI_DATA,41,1a:00:00:00:00:00,-43,11,1,0,1,1,1,0,0,0,1,-96,0,11,2,794796,0,44,0,384,0,"[0,0,0,0,0,0,0,0,0,0,0,0,5,-12,4,-12,4,-12,4,-12,4,-11,4,-11,3,-11,2,-10,2,-10,1,-9,1,-9,1,-9,0,-9,0,-8,-1,-8,-2,-8,-2,-8,-3,-8,-3,-8,-4,-7,-3,-7,-4,-7,-4,-7,-5,-8,-5,-8,-6,-8,0,0,-6,-8,-6,-9,-6,-9,-7,-9,-6,-9,-6,-9,-6,-9,-6,-10,-6,-9,-5,-10,-4,-10,-4,-10,-4,-10,-3,-9,-3,-9,-3,-9,-2,-9,-2,-9,-1,-9,-1,-8,-1,-8,0,-8,0,-7,1,-7,2,-6,2,-5,0,0,0,0,0,0,0,0,0,0,0,0,0,0,43,-72,43,-66,42,-69,35,-66,35,-62,33,-60,32,-60,32,-61,32,-55,29,-55,23,-52,20,-52,18,-54,16,-52,12,-47,8,-48,6,-48,2,-44,-1,-43,-2,-47,-5,-46,-1,-44,-13,-40,-11,-38,-12,-41,-17,-43,-18,-40,-22,-42,-20,-41,-28,-45,-29,-44,-25,-45,-26,-47,-29,-51,-29,-47,-26,-52,-31,-51,-29,-54,-22,-55,-22,-54,-20,-51,-18,-57,-16,-56,-12,-55,-11,-50,-9,-55,-10,-49,-5,-49,-1,-47,-3,-48,1,-45,3,-44,8,-43,9,-39,11,-37,13,-34,17,-31,0,0,0,0,0,0,0,0,0,0,0,0,0,0,0,0,0,0,0,0,0,0,9,52,0,51,-3,51,-4,49,-9,49,-14,46,-14,45,-15,47,-15,45,-13,41,-16,39,-16,34,-10,35,-12,38,-11,32,-11,30,-8,30,-7,29,-3,28,-5,26,-3,28,1,27,3,26,10,23,8,27,14,25,15,25,17,29,19,28,21,33,21,24,29,33,30,30,31,26,35,31,36,31,39,31,44,27,45,29,46,29,47,30,56,27,51,28,58,24,56,26,58,27,61,28,62,26,67,29,71,28,76,31,77,30,74,32,71,36,80,37,80,34,76,40,0,0]"
CSI_DATA,42,1a:00:00:00:00:00,-43,11,1,0,1,1,1,0,0,0,1,-96,0,11,2,804779,0,44,0,384,0,"[0,0,0,0,0,0,0,0,0,0,0,0,3,13,4,13,4,11,3,13,3,11,3,11,3,10,4,9,3,9,3,8,4,8,4,7,5,7,5,6,5,6,6,6,5,5,6,4,6,4,6,3,6,3,7,3,7,3,8,3,8,2,9,2,0,0,10,2,10,3,11,3,10,2,10,3,10,3,10,3,10,3,10,4,10,4,9,4,9,5,8,5,8,5,7,6,7,5,7,5,6,5,6,6,5,5,4,6,4,6,4,6,3,6,2,6,1,5,0,0,0,0,0,0,0,0,0,0,0,0,0,0,-1,76,-3,81,4,75,-1,73,6,73,1,69,6,70,2,62,4,61,5,57,11,56,14,53,13,55,12,49,12,47,17,43,19,43,18,38,22,36,23,36,25,33,29,33,31,27,29,28,28,28,39,27,37,25,43,25,43,26,45,18,42,24,46,23,47,24,49,25,53,24,49,23,52,32,47,29,49,38,47,34,49,36,42,40,38,37,42,39,35,38,37,38,31,39,35,40,27,38,25,38,24,35,17,38,18,36,12,40,10,35,6,36,-1,34,0,0,0,0,0,0,0,0,0,0,0,0,0,0,0,0,0,0,0,0,0,0,-35,-44,-29,-42,-24,-49,-23,-48,-20,-49,-15,-47,-14,-48,-10,-44,-9,-47,-10,-43,-9,-45,-10,-42,-13,-44,-6,-38,-7,-37,-6,-30,-12,-33,-8,-29,-10,-24,-14,-23,-16,-22,-17,-22,-18,-19,-21,-21,-24,-20,-30,-14,-24,-17,-30,-11,-34,-19,-35,-17,-35,-14,-35,-12,-41,-11,-40,-13,-45,-7,-49,-9,-50,-8,-51,-7,-53,-1,-56,-1,-55,0,-62,-3,-60,5,-68,5,-59,7,-62,13,-70,9,-71,15,-70,12,-81,10,-77,14,-82,12,-82,9,-85,10,-87,10,-87,8,-87,4,0,0]"
CSI_DATA,43,1a:00:00:00:00:00,-43,11,1,0,1,1,1,0,0,0,1,-96,0,11,2,814826,0,44,0,384,0,"[0,0,0,0,0,0,0,0,0,0,0,0,10,-8,10,-8,9,-8,9,-8,8,-7,8,-7,7,-7,7,-7,6,-7,5,-7,5,-8,4,-7,4,-8,3,-7,3,-8,2,-8,2,-8,2,-7,1,-7,1,-8,1,-8,0,-9,0,-8,-1,-9,-1,-9,-2,-10,0,0,-2,-10,-1,-10,-2,-11,-2,-10,-1,-11,0,-11,-1,-11,0,-11,0,-11,0,-10,1,-11,1,-10,1,-10,1,-10,2,-9,2,-9,2,-8,2,-8,3,-8,3,-7,3,-7,4,-6,4,-6,4,-5,4,-4,4,-4,0,0,0,0,0,0,0,0,0,0,0,0,0,0,70,-41,65,-45,61,-47,54,-42,57,-46,54,-40,52,-37,52,-37,48,-38,44,-38,37,-36,35,-37,36,-40,33,-34,26,-37,21,-39,24,-42,20,-41,18,-36,18,-40,11,-44,8,-38,4,-39,4,-39,2,-41,4,-44,-2,-45,-6,-46,-4,-48,-8,-52,-6,-50,-9,-52,-9,-54,-12,-56,-11,-54,-4,-61,-9,-57,-6,-60,2,-60,-1,-58,-1,-56,5,-56,4,-57,6,-54,7,-53,11,-54,10,-46,14,-50,14,-46,13,-46,13,-39,14,-42,20,-39,24,-31,26,-30,23,-23,23,-20,0,0,0,0,0,0,0,0,0,0,0,0,0,0,0,0,0,0,0,0,0,0,-19,46,-24,46,-27,43,-34,42,-33,37,-32,35,-35,32,-34,30,-36,30,-34,27,-35,26,-33,22,-32,26,-27,24,-28,23,-25,20,-20,27,-22,21,-19,22,-17,24,-13,25,-13,23,-8,28,-7,28,-7,31,-2,30,-1,30,4,33,5,31,3,35,7,31,11,40,11,38,12,39,15,42,19,44,20,40,23,41,21,40,28,47,27,46,34,50,36,44,37,50,39,49,43,44,44,52,50,51,48,55,47,55,51,60,50,59,50,61,49,58,54,67,52,66,53,69,0,0]"
CSI_DATA,44,1a:00:00:00:00:00,-43,11,1,0,1,1,1,0,0,0,1,-96,0,11,2,844735,0,44,0,384,0,"[0,0,0,0,0,0,0,0,0,0,0,0,6,-12,6,-12,5,-12,5,-11,5,-11,5,-10,4,-10,3,-10,3,-10,2,-9,2,-9,1,-9,1,-9,0,-9,0,-8,-1,-9,-1,-9,-2,-8,-2,-8,-3,-8,-3,-8,-4,-8,-4,-8,-5,-8,-5,-9,-5,-9,0,0,-6,-9,-6,-9,-6,-10,-6,-10,-5,-10,-5,-11,-5,-10,-5,-10,-5,-11,-4,-11,-3,-11,-3,-11,-2,-10,-2,-10,-2,-10,-1,-10,-1,-10,-1,-10,0,-9,0,-9,1,-8,1,-8,2,-7,2,-7,3,-6,3,-6,0,0,0,0,0,0,0,0,0,0,0,0,0,0,44,-71,42,-65,39,-66,38,-60,36,-61,35,-58,30,-52,31,-59,31,-53,29,-52,22,-48,17,-47,17,-50,17,-43,11,-47,7,-44,10,-45,3,-43,2,-42,0,-42,-1,-47,-3,-42,-8,-41,-11,-40,-14,-36,-13,-40,-21,-41,-22,-45,-22,-45,-27,-43,-25,-44,-27,-45,-27,-47,-27,-54,-28,-47,-30,-55,-26,-50,-28,-51,-25,-56,-22,-54,-20,-52,-14,-57,-16,-57,-12,-58,-13,-54,-11,-52,-6,-50,-3,-52,-4,-50,-4,-50,1,-45,5,-47,7,-39,12,-36,12,-39,15,-33,19,-28,0,0,0,0,0,0,0,0,0,0,0,0,0,0,0,0,0,0,0,0,0,0,4,50,-2,53,-5,51,-7,53,-13,47,-15,46,-14,43,-17,44,-18,42,-15,40,-21,37,-18,32,-16,39,-16,32,-14,31,-15,29,-11,30,-13,28,-7,26,-4,25,-1,27,2,27,5,23,1,28,7,27,9,27,13,27,16,27,16,25,21,30,20,30,26,29,28,26,28,29,33,27,39,29,35,30,40,33,43,28,44,31,46,32,55,28,51,29,56,30,56,28,66,25,67,27,64,25,62,29,70,34,69,37,70,36,78,38,72,37,78,41,79,41,73,40,0,0]"
CSI_DATA,45,1a:00:00:00:00:00,-43,11,1,0,1,1,1,0,0,0,1,-96,0,11,2,854824,0,44,0,384,0,"[0,0,0,0,0,0,0,0,0,0,0,0,1,-14,0,-13,0,-13,0,-13,0,-12,0,-11,-1,-11,-1,-10,-1,-10,-2,-10,-1,-10,-3,-9,-3,-9,-3,-8,-3,-7,-5,-8,-5,-7,-5,-7,-5,-6,-6,-6,-6,-7,-7,-6,-6,-6,-8,-6,-8,-7,-8,-6,0,0,-9,-6,-9,-7,-9,-6,-9,-7,-9,-7,-9,-7,-9,-8,-8,-8,-8,-8,-8,-9,-7,-9,-6,-9,-6,-9,-6,-9,-5,-9,-5,-9,-5,-9,-4,-8,-4,-8,-3,-8,-3,-9,-2,-8,-1,-8,-1,-7,0,-7,1,-6,0,0,0,0,0,0,0,0,0,0,0,0,0,0,-2,-83,0,-79,-8,-74,-4,-73,-5,-71,-4,-70,-6,-62,-10,-59,-5,-59,-8,-60,-10,-53,-12,-53,-12,-52,-12,-49,-14,-46,-21,-44,-25,-43,-24,-37,-23,-36,-24,-34,-32,-34,-27,-34,-30,-24,-37,-27,-35,-28,-37,-27,-40,-26,-40,-20,-45,-23,-47,-21,-52,-24,-53,-22,-49,-26,-54,-23,-52,-28,-49,-30,-53,-31,-52,-27,-47,-34,-45,-36,-47,-36,-45,-35,-48,-36,-42,-39,-40,-37,-37,-36,-32,-42,-29,-38,-29,-40,-28,-37,-27,-38,-22,-41,-16,-39,-13,-39,-8,-36,-11,-37,-3,-36,0,0,0,0,0,0,0,0,0,0,0,0,0,0,0,0,0,0,0,0,0,0,31,39,27,43,31,45,24,45,19,48,13,47,15,41,12,45,10,44,12,42,6,43,10,39,11,37,8,38,4,33,9,30,10,28,10,28,9,23,9,24,12,23,16,24,17,18,16,18,24,17,23,13,25,13,28,13,34,10,35,9,30,9,44,7,39,11,41,8,44,4,45,8,48,2,51,-1,52,-1,55,-5,55,-2,60,-2,62,-7,64,-6,66,-6,63,-12,64,-9,71,-12,75,-13,75,-11,73,-12,77,-18,86,-9,83,-9,88,-13,86,-14,85,-10,0,0]"
CSI_DATA,46,1a:00:00:00:00:00,-43,11,1,0,1,1,1,0,0,0,1,-96,0,11,2,865404,0,44,0,384,0,"[0,0,0,0,0,0,0,0,0,0,0,0,12,4,12,3,12,2,11,3,11,2,9,2,10,1,9,1,9,1,8,0,8,0,8,-1,8,-1,8,-2,7,-2,7,-3,7,-3,7,-3,6,-4,6,-5,6,-5,6,-5,6,-5,6,-6,6,-7,6,-7,0,0,7,-8,8,-8,7,-8,7,-8,7,-7,8,-7,8,-8,8,-7,8,-7,8,-7,9,-6,9,-5,9,-5,8,-5,9,-4,8,-4,8,-3,8,-3,8,-3,7,-2,7,-1,7,-1,7,0,6,0,6,1,5,1,0,0,0,0,0,0,0,0,0,0,0,0,0,0,73,29,67,31,71,29,68,30,63,26,62,28,60,19,60,19,51,17,55,15,51,16,51,12,50,12,49,3,45,7,45,3,46,-1,40,-4,42,-5,42,-8,43,-12,42,-10,39,-18,36,-17,36,-20,37,-25,36,-24,42,-27,40,-32,42,-36,40,-33,46,-35,45,-32,43,-33,44,-34,46,-36,51,-35,46,-36,50,-30,52,-25,49,-26,57,-26,56,-20,53,-22,52,-18,49,-16,54,-12,53,-13,49,-7,45,-8,42,-1,45,-2,41,1,37,7,36,7,33,11,32,15,0,0,0,0,0,0,0,0,0,0,0,0,0,0,0,0,0,0,0,0,0,0,-54,15,-54,9,-50,7,-55,2,-53,-4,-48,-6,-51,-5,-47,-9,-47,-7,-44,-8,-44,-9,-40,-10,-42,-6,-35,-7,-37,-6,-34,-6,-33,-4,-30,-3,-27,1,-27,-2,-28,5,-27,5,-26,6,-27,10,-24,15,-23,16,-27,17,-26,16,-25,21,-23,24,-23,27,-29,33,-27,34,-22,38,-25,38,-22,40,-24,41,-27,48,-22,47,-21,50,-21,48,-18,57,-23,56,-22,61,-14,57,-16,69,-17,64,-17,63,-20,73,-15,73,-24,74,-21,78,-27,81,-26,76,-28,84,-29,80,-26,82,0,0]"
CSI_DATA,47,1a:00:00:00:00:00,-43,11,1,0,1,1,1,0,0,0,1,-96,0,11,2,874776,0,44,0,384,0,"[0,0,0,0,0,0,0,0,0,0,0,0,-12,6,-11,6,-10,6,-11,6,-9,6,-9,5,-9,6,-8,6,-8,6,-7,5,-7,6,-6,6,-5,6,-5,6,-5,6,-4,6,-4,7,-3,7,-3,7,-2,6,-2,7,-1,8,-1,8,-1,8,-1,9,-1,9,0,0,0,10,-1,10,-1,10,0,10,-1,10,-1,10,-1,10,-2,10,-2,10,-2,10,-3,10,-4,9,-3,9,-4,9,-4,8,-4,8,-4,8,-4,7,-5,7,-5,6,-6,6,-5,5,-6,4,-6,4,-6,3,-6,2,0,0,0,0,0,0,0,0,0,0,0,0,0,0,-77,25,-75,24,-70,28,-67,29,-68,29,-59,24,-62,22,-63,25,-56,26,-51,27,-48,26,-42,28,-47,27,-43,28,-38,29,-34,31,-34,35,-31,34,-26,32,-21,36,-21,38,-19,38,-14,38,-11,40,-11,41,-12,45,-9,42,-8,48,-8,49,-7,50,-5,51,-5,58,-10,51,-7,58,-4,57,-11,62,-8,59,-9,56,-14,62,-15,55,-16,59,-20,56,-22,52,-23,56,-24,51,-25,50,-24,44,-27,46,-24,40,-25,38,-29,36,-26,36,-32,28,-32,24,-35,23,-33,17,-31,14,0,0,0,0,0,0,0,0,0,0,0,0,0,0,0,0,0,0,0,0,0,0,31,-49,32,-43,36,-41,40,-39,40,-31,37,-29,38,-25,38,-25,38,-26,36,-19,37,-21,33,-21,37,-18,33,-19,32,-19,29,-15,27,-20,24,-16,25,-23,18,-21,17,-20,18,-20,9,-25,13,-23,8,-28,8,-29,8,-33,4,-36,4,-30,2,-39,-1,-38,-6,-43,-5,-41,-9,-45,-7,-49,-10,-48,-10,-46,-15,-50,-13,-51,-15,-57,-18,-58,-28,-54,-22,-58,-25,-59,-28,-55,-32,-56,-30,-61,-39,-61,-35,-64,-38,-71,-36,-73,-41,-70,-40,-76,-35,-71,-37,-78,-34,-81,-33,-83,0,0]"
CSI_DATA,48,1a:00:00:00:00:00,-43,11,1,0,1,1,1,0,0,0,1,-96,0,11,2,884761,0,44,0,384,0,"[0,0,0,0,0,0,0,0,0,0,0,0,6,-13,5,-12,5,-12,5,-12,4,-11,4,-11,3,-11,2,-10,2,-10,2,-9,2,-10,1,-9,1,-9,0,-9,-1,-8,-1,-9,-2,-8,-2,-8,-3,-8,-4,-8,-4,-8,-4,-8,-4,-8,-5,-9,-5,-9,-6,-9,0,0,-6,-9,-6,-10,-6,-10,-7,-10,-6,-10,-6,-11,-6,-10,-6,-10,-6,-11,-4,-11,-4,-12,-3,-11,-3,-10,-3,-10,-2,-10,-2,-10,-2,-10,-2,-10,-1,-9,-1,-9,0,-8,0,-8,1,-8,1,-7,3,-7,3,-6,0,0,0,0,0,0,0,0,0,0,0,0,0,0,46,-66,46,-64,38,-65,37,-62,35,-62,35,-58,27,-57,29,-59,28,-52,25,-53,20,-53,17,-50,15,-48,14,-46,11,-45,3,-46,4,-47,4,-41,-3,-43,-5,-42,-9,-47,-7,-41,-16,-37,-16,-35,-15,-40,-20,-38,-18,-42,-27,-40,-25,-43,-31,-45,-32,-44,-34,-47,-30,-46,-35,-46,-36,-44,-33,-53,-36,-54,-32,-52,-26,-58,-28,-53,-29,-54,-24,-58,-22,-57,-18,-55,-15,-51,-16,-54,-11,-50,-11,-49,-10,-47,-5,-48,-4,-47,-2,-46,1,-41,4,-42,9,-39,10,-36,17,-30,0,0,0,0,0,0,0,0,0,0,0,0,0,0,0,0,0,0,0,0,0,0,-1,52,-10,51,-14,49,-14,49,-21,48,-21,43,-17,47,-20,41,-25,42,-22,38,-24,35,-19,35,-22,35,-19,33,-19,28,-18,28,-14,33,-12,26,-10,28,-11,25,-7,26,0,27,0,26,5,26,5,26,13,25,13,29,14,31,14,28,20,32,20,27,23,31,22,31,29,29,33,31,35,33,35,32,39,32,41,29,46,29,46,34,53,32,52,30,52,32,59,30,64,28,60,30,62,31,63,32,69,34,68,36,73,33,78,38,75,34,78,36,74,41,71,47,0,0]"
CSI_DATA,49,1a:00:00:00:00:00,-43,11,1,0,1,1,1,0,0,0,1,-96,0,11,2,894788,0,44,0,384,0,"[0,0,0,0,0,0,0,0,0,0,0,0,-12,6,-11,6,-10,6,-10,6,-9,6,-9,6,-8,6,-7,6,-7,6,-7,6,-6,6,-6,6,-5,6,-4,6,-4,6,-3,7,-3,7,-3,7,-2,7,-2,7,-1,7,-1,7,-1,7,0,8,0,9,0,9,0,0,0,10,0,10,0,10,1,10,0,10,0,10,0,10,-1,10,-1,11,-1,10,-2,10,-3,9,-3,9,-3,9,-4,8,-4,9,-4,8,-4,7,-4,7,-4,6,-5,6,-5,5,-5,5,-6,4,-6,4,-6,3,0,0,0,0,0,0,0,0,0,0,0,0,0,0,-78,31,-75,28,-67,32,-65,25,-62,30,-57,28,-61,29,-60,33,-58,28,-50,33,-43,33,-41,29,-42,29,-38,28,-34,30,-34,31,-32,34,-27,32,-25,33,-22,35,-21,41,-16,40,-13,37,-13,38,-9,43,-13,42,-4,42,-1,48,-7,51,2,54,1,49,0,57,-1,57,-1,56,2,58,-7,59,-6,59,-6,62,-11,63,-11,54,-9,56,-16,59,-15,60,-19,60,-21,51,-21,49,-20,44,-24,47,-24,43,-24,36,-25,37,-27,35,-29,30,-32,28,-31,28,-29,23,-31,14,0,0,0,0,0,0,0,0,0,0,0,0,0,0,0,0,0,0,0,0,0,0,29,-50,32,-44,31,-40,36,-37,38,-35,38,-30,37,-29,39,-25,40,-22,40,-24,39,-21,30,-18,34,-22,35,-20,32,-17,27,-15,26,-19,24,-17,20,-22,21,-21,17,-18,16,-22,12,-23,10,-20,13,-26,1,-28,5,-35,4,-33,2,-33,0,-36,-3,-35,-7,-42,-5,-44,-5,-45,-8,-44,-15,-47,-17,-46,-18,-49,-20,-49,-23,-55,-20,-51,-24,-56,-26,-58,-26,-59,-32,-55,-37,-60,-33,-63,-32,-59,-38,-66,-42,-67,-38,-66,-47,-68,-43,-74,-42,-71,-41,-71,-44,-76,-34,-82,0,0]"
CSI_DATA,50,1a:00:00:00:00:00,-43,11,1,0,1,1,1,0,0,0,1,-96,0,11,2,914799,0,44,0,384,0,"[0,0,0,0,0,0,0,0,0,0,0,0,-11,7,-12,7,-10,7,-11,7,-10,6,-9,7,-9,6,-8,6,-8,6,-6,6,-6,6,-5,7,-5,6,-4,7,-4,7,-3,7,-3,7,-2,6,-2,7,-1,7,-1,7,0,8,0,7,0,9,0,9,1,9,0,0,1,10,1,10,1,11,1,10,0,11,0,11,0,11,0,11,-1,11,-1,10,-2,11,-2,10,-3,10,-3,10,-3,9,-4,9,-4,8,-4,8,-4,8,-4,7,-5,6,-5,6,-5,5,-5,5,-6,4,-6,3,0,0,0,0,0,0,0,0,0,0,0,0,0,0,-76,26,-73,30,-67,29,-63,31,-68,31,-59,27,-58,26,-55,27,-51,31,-48,26,-47,31,-43,27,-44,27,-39,30,-37,32,-30,31,-28,34,-29,33,-25,32,-21,37,-15,35,-14,41,-15,38,-7,37,-10,43,-11,44,-4,41,-2,48,-3,45,0,50,-3,49,1,53,-2,56,1,60,2,56,-5,60,-7,58,-5,58,-8,60,-12,55,-13,55,-14,56,-17,56,-16,56,-17,50,-18,52,-23,46,-26,46,-21,44,-21,38,-26,38,-23,34,-29,31,-26,28,-31,27,-29,17,-29,13,0,0,0,0,0,0,0,0,0,0,0,0,0,0,0,0,0,0,0,0,0,0,31,-44,34,-41,35,-37,38,-33,41,-31,39,-28,39,-23,40,-21,40,-24,39,-17,39,-15,35,-17,32,-19,31,-17,31,-15,30,-17,27,-16,23,-18,22,-19,20,-21,24,-22,15,-25,14,-23,14,-27,9,-27,6,-26,4,-31,2,-34,0,-32,0,-37,-1,-36,-1,-39,-2,-41,-6,-44,-9,-46,-13,-48,-14,-49,-15,-47,-13,-49,-18,-52,-17,-54,-26,-59,-22,-55,-27,-61,-31,-59,-27,-53,-30,-64,-33,-60,-33,-61,-36,-69,-37,-68,-41,-73,-38,-77,-38,-72,-43,-77,-39,-78,-39,-76,0,0]"
CSI_DATA,51,1a:00:00:00:00:00,-43,11,1,0,1,1,1,0,0,0,1,-96,0,11,2,934750,0,44,0,384,0,"[0,0,0,0,0,0,0,0,0,0,0,0,10,7,10,7,9,5,9,6,8,5,8,5,8,4,8,4,8,3,7,3,8,2,8,1,8,1,7,0,7,0,7,-1,7,-1,7,-2,7,-2,7,-2,7,-3,7,-4,7,-3,7,-5,8,-5,8,-5,0,0,8,-6,9,-6,9,-6,9,-6,10,-5,10,-5,10,-5,10,-5,10,-5,10,-4,10,-4,10,-3,9,-3,10,-2,9,-1,9,-1,9,-1,8,-1,8,0,7,0,7,1,7,1,6,2,6,2,5,2,5,3,0,0,0,0,0,0,0,0,0,0,0,0,0,0,56,54,54,54,55,47,49,50,47,41,46,42,47,41,49,40,46,35,42,35,39,30,37,24,43,25,43,18,41,18,44,14,41,11,41,10,41,4,38,5,43,2,39,0,39,-1,38,-7,39,-11,43,-13,41,-13,47,-16,49,-21,45,-25,47,-25,53,-22,47,-21,57,-26,50,-25,56,-19,58,-19,61,-20,61,-11,54,-12,56,-11,57,-8,57,-4,59,-2,58,-4,50,0,51,2,51,0,47,5,43,9,43,9,39,10,41,9,34,13,32,18,30,17,26,22,0,0,0,0,0,0,0,0,0,0,0,0,0,0,0,0,0,0,0,0,0,0,-52,-5,-52,-15,-50,-20,-46,-21,-45,-22,-42,-26,-41,-23,-40,-29,-36,-30,-34,-24,-35,-26,-32,-25,-34,-23,-30,-24,-26,-26,-27,-21,-28,-14,-25,-15,-26,-11,-23,-12,-26,-7,-25,-6,-22,-3,-29,0,-29,0,-29,6,-27,5,-33,12,-28,12,-34,15,-31,16,-37,18,-37,20,-34,26,-38,24,-38,27,-38,31,-41,35,-37,32,-41,41,-44,40,-39,39,-42,47,-45,47,-41,48,-46,50,-44,52,-42,54,-42,51,-48,58,-49,64,-46,58,-53,66,-50,62,-51,65,-53,67,-57,59,0,0]"
CSI_DATA,52,1a:00:00:00:00:00,-43,11,1,0,1,1,1,0,0,0,1,-96,0,11,2,957712,0,44,0,384,0,"[0,0,0,0,0,0,0,0,0,0,0,0,-4,-12,-5,-12,-4,-10,-4,-11,-4,-10,-4,-10,-4,-9,-4,-8,-4,-8,-5,-7,-5,-7,-6,-6,-6,-6,-6,-5,-6,-5,-6,-5,-7,-4,-6,-4,-7,-4,-7,-4,-7,-3,-8,-3,-8,-2,-9,-2,-9,-2,-10,-2,0,0,-10,-2,-10,-2,-11,-3,-10,-2,-11,-2,-11,-3,-11,-4,-10,-4,-10,-4,-10,-4,-10,-4,-10,-5,-9,-5,-9,-5,-8,-5,-8,-6,-8,-6,-7,-6,-7,-6,-6,-6,-5,-6,-5,-6,-4,-6,-4,-6,-3,-6,-3,-6,0,0,0,0,0,0,0,0,0,0,0,0,0,0,5,-78,7,-78,1,-72,3,-72,4,-69,2,-65,1,-62,1,-59,-3,-55,-2,-55,-5,-54,-9,-53,-8,-51,-12,-47,-8,-42,-16,-37,-19,-38,-20,-37,-24,-34,-21,-34,-31,-33,-26,-30,-29,-28,-31,-26,-34,-23,-40,-29,-38,-24,-43,-21,-43,-22,-49,-24,-46,-23,-51,-26,-49,-24,-53,-24,-57,-26,-50,-29,-54,-32,-54,-27,-50,-35,-50,-36,-49,-36,-47,-38,-46,-39,-44,-41,-36,-41,-41,-43,-33,-42,-33,-42,-31,-38,-23,-40,-26,-39,-22,-37,-19,-43,-11,-41,-11,-38,-7,-38,1,-33,0,0,0,0,0,0,0,0,0,0,0,0,0,0,0,0,0,0,0,0,0,0,26,49,18,49,14,52,11,50,7,51,2,46,6,47,-2,44,1,46,-3,46,-3,41,3,40,-2,43,1,37,-3,34,0,34,3,32,5,31,3,27,9,24,8,22,13,28,9,19,13,19,16,21,26,21,21,17,23,17,26,19,32,12,32,15,36,12,37,16,39,11,42,12,46,13,46,10,47,16,49,8,56,8,55,8,64,3,59,5,65,-1,65,3,68,-1,68,-4,71,-5,70,-4,80,-2,75,1,80,-1,82,2,82,2,84,-1,81,3,80,0,0,0]"
CSI_DATA,53,1a:00:00:00:00:00,-43,11,1,0,1,1,1,0,0,0,1,-96,0,11,2,964754,0,44,0,384,0,"[0,0,0,0,0,0,0,0,0,0,0,0,-13,-4,-12,-3,-13,-3,-12,-3,-12,-3,-11,-2,-11,-2,-10,-1,-10,-1,-9,-1,-9,0,-9,0,-9,1,-8,2,-8,2,-8,3,-7,3,-7,3,-7,4,-7,5,-7,5,-6,6,-6,5,-6,6,-7,7,-7,7,0,0,-7,7,-7,8,-7,8,-7,9,-8,8,-8,8,-8,8,-9,7,-9,8,-9,7,-9,7,-10,6,-9,6,-9,5,-9,4,-10,4,-10,4,-9,3,-9,3,-8,2,-8,1,-8,1,-8,0,-8,0,-7,-1,-7,-2,0,0,0,0,0,0,0,0,0,0,0,0,0,0,-77,-15,-74,-15,-78,-6,-67,-10,-65,-7,-67,-7,-60,-8,-64,-7,-61,-5,-52,0,-49,-1,-46,1,-50,1,-50,10,-44,9,-39,15,-44,17,-35,21,-36,16,-32,20,-32,25,-30,25,-27,30,-28,29,-28,31,-26,37,-30,35,-23,40,-26,44,-24,46,-22,43,-28,50,-30,48,-30,55,-27,48,-31,52,-32,53,-33,55,-36,51,-37,47,-39,47,-39,47,-38,47,-42,46,-42,40,-41,37,-47,34,-39,33,-42,27,-43,27,-43,22,-43,19,-40,16,-42,14,-39,9,-39,5,-37,1,0,0,0,0,0,0,0,0,0,0,0,0,0,0,0,0,0,0,0,0,0,0,49,-20,52,-11,51,-7,53,-6,51,0,50,4,42,4,48,8,45,6,42,6,40,10,39,8,38,3,35,4,34,6,33,3,33,1,28,2,26,2,24,-1,24,-5,25,-12,24,-12,23,-12,22,-16,21,-23,21,-22,23,-25,19,-26,19,-29,17,-32,17,-37,19,-38,16,-43,21,-45,17,-43,19,-46,16,-50,13,-48,14,-56,15,-58,7,-54,10,-64,9,-62,8,-60,5,-68,5,-65,6,-67,5,-76,6,-75,2,-77,4,-75,7,-80,9,-75,5,-87,9,-89,9,-84,0,0]"
CSI_DATA,54,1a:00:00:00:00:00,-43,11,1,0,1,1,1,0,0,0,1,-96,0,11,2,974772,0,44,0,384,0,"[0,0,0,0,0,0,0,0,0,0,0,0,11,6,11,5,10,4,10,5,9,4,9,4,9,3,8,2,8,2,7,1,8,1,8,0,7,0,7,-1,7,-1,7,-2,7,-2,6,-2,7,-3,7,-3,7,-4,6,-4,6,-5,7,-6,7,-6,7,-6,0,0,8,-6,8,-6,9,-7,8,-6,9,-6,9,-6,9,-6,10,-6,9,-5,9,-5,10,-4,10,-3,9,-3,10,-3,9,-2,10,-2,8,-1,8,-1,8,-1,8,0,7,0,7,0,6,1,6,2,5,3,5,3,0,0,0,0,0,0,0,0,0,0,0,0,0,0,63,45,63,46,60,38,54,40,58,40,49,33,53,37,56,30,47,27,43,23,45,22,44,19,49,18,43,15,44,14,42,10,50,3,42,1,42,2,39,-3,41,-7,42,-6,39,-15,41,-16,41,-15,41,-15,39,-19,41,-27,46,-23,45,-28,45,-27,50,-28,49,-30,52,-33,48,-32,55,-30,56,-28,57,-32,61,-22,56,-20,58,-21,59,-19,57,-18,59,-13,54,-11,61,-8,54,-6,51,-6,51,-1,48,4,47,4,46,4,41,8,42,11,36,13,34,18,28,22,0,0,0,0,0,0,0,0,0,0,0,0,0,0,0,0,0,0,0,0,0,0,-56,1,-52,-4,-52,-8,-51,-10,-49,-15,-49,-17,-45,-18,-43,-20,-43,-25,-41,-23,-39,-19,-37,-18,-38,-17,-39,-17,-30,-16,-29,-18,-35,-13,-29,-13,-25,-8,-29,-9,-29,-5,-28,-1,-28,-2,-26,2,-30,10,-31,13,-27,12,-30,16,-30,17,-32,21,-25,22,-31,25,-31,26,-31,28,-31,31,-33,32,-33,38,-32,39,-28,45,-33,50,-32,46,-34,47,-33,53,-31,51,-33,51,-36,65,-37,58,-31,62,-31,66,-38,67,-34,63,-40,68,-44,70,-41,70,-44,77,-44,75,-45,71,0,0]"
CSI_DATA,55,1a:00:00:00:00:00,-44,11,1,0,1,1,1,0,0,0,1,-96,0,11,2,984777,0,44,0,384,0,"[0,0,0,0,0,0,0,0,0,0,0,0,-11,-7,-11,-6,-11,-5,-11,-6,-10,-5,-10,-5,-9,-4,-9,-4,-9,-3,-9,-2,-8,-2,-9,-2,-8,-1,-8,0,-8,0,-8,1,-8,1,-7,1,-7,2,-8,3,-7,3,-7,4,-7,4,-8,5,-8,5,-8,5,0,0,-9,6,-9,6,-9,7,-9,6,-9,6,-10,6,-10,6,-10,5,-10,5,-10,5,-11,4,-10,3,-10,3,-10,3,-10,2,-10,2,-10,2,-9,1,-9,0,-9,0,-8,0,-8,-1,-8,-1,-7,-2,-7,-2,-6,-3,0,0,0,0,0,0,0,0,0,0,0,0,0,0,-51,-59,-52,-60,-56,-50,-49,-53,-52,-45,-44,-44,-47,-43,-51,-39,-42,-34,-46,-35,-47,-29,-42,-29,-40,-24,-42,-18,-42,-19,-41,-14,-44,-12,-41,-7,-37,-3,-44,-3,-43,1,-44,-1,-41,6,-40,10,-40,13,-41,14,-44,17,-45,25,-45,22,-48,27,-47,26,-51,24,-50,24,-55,25,-50,31,-60,22,-58,21,-54,24,-59,17,-59,20,-62,17,-58,13,-59,13,-61,10,-59,5,-60,2,-54,3,-48,-2,-47,-3,-48,-5,-49,-5,-44,-12,-43,-11,-41,-15,-40,-16,-34,-17,-29,-22,0,0,0,0,0,0,0,0,0,0,0,0,0,0,0,0,0,0,0,0,0,0,54,12,49,18,47,25,45,26,42,27,40,27,38,30,37,28,32,30,33,27,31,29,31,29,31,22,27,23,25,24,24,22,26,16,24,17,23,13,24,13,23,11,27,6,23,6,27,2,27,0,28,-10,28,-6,27,-10,30,-13,33,-18,28,-12,39,-19,36,-21,32,-24,37,-24,39,-30,38,-32,37,-32,40,-32,39,-41,43,-37,37,-44,41,-49,42,-49,39,-51,44,-50,42,-49,44,-58,42,-59,47,-61,52,-63,49,-65,54,-64,49,-64,56,-68,54,-67,55,-65,0,0]"
CSI_DATA,56,1a:00:00:00:00:00,-43,11,1,0,1,1,1,0,0,0,1,-96,0,11,2,994945,0,44,0,384,0,"[0,0,0,0,0,0,0,0,0,0,0,0,9,-10,8,-9,8,-10,8,-9,7,-9,6,-8,6,-9,5,-8,5,-8,4,-8,4,-8,2,-8,2,-8,2,-8,1,-7,1,-8,0,-8,0,-8,-1,-8,-1,-8,-2,-8,-3,-9,-3,-9,-4,-9,-4,-10,-4,-9,0,0,-4,-10,-5,-11,-5,-11,-5,-11,-4,-11,-4,-12,-3,-12,-3,-12,-3,-12,-3,-12,-2,-12,-1,-11,-1,-11,-1,-11,0,-11,0,-10,1,-10,1,-10,1,-9,1,-9,2,-8,2,-8,3,-7,3,-7,4,-6,4,-6,0,0,0,0,0,0,0,0,0,0,0,0,0,0,63,-51,59,-49,51,-52,52,-49,48,-45,46,-43,39,-41,43,-42,37,-39,34,-39,29,-42,25,-42,28,-44,24,-39,21,-38,13,-36,18,-44,11,-39,6,-40,2,-38,2,-43,3,-41,-8,-39,-9,-39,-10,-41,-11,-46,-14,-43,-19,-44,-16,-46,-21,-47,-19,-50,-24,-53,-21,-48,-27,-54,-20,-53,-22,-61,-23,-54,-19,-59,-19,-63,-16,-60,-13,-58,-11,-60,-9,-61,-6,-60,-4,-55,-2,-56,-2,-56,-1,-55,5,-49,3,-46,6,-44,7,-46,9,-43,17,-38,16,-35,20,-32,21,-30,0,0,0,0,0,0,0,0,0,0,0,0,0,0,0,0,0,0,0,0,0,0,-24,55,-25,47,-28,48,-36,43,-36,38,-36,38,-35,33,-33,32,-35,33,-34,23,-36,25,-29,25,-32,27,-31,24,-29,20,-24,19,-21,24,-24,19,-17,22,-14,22,-13,21,-11,25,-9,24,-7,25,-5,30,-4,32,2,27,3,32,7,31,9,34,9,34,13,38,18,36,16,36,24,41,24,41,23,42,26,43,31,46,31,43,32,48,34,43,41,48,40,49,46,44,47,40,51,42,54,46,55,47,55,57,54,55,57,56,56,61,59,54,60,65,61,61,55,60,0,0]"
CSI_DATA,57,1a:00:00:00:00:00,-43,11,1,0,1,1,1,0,0,0,1,-96,0,11,2,1004827,0,44,0,384,0,"[0,0,0,0,0,0,0,0,0,0,0,0,0,-13,0,-13,-1,-12,0,-12,-1,-11,-1,-11,-2,-10,-2,-10,-2,-10,-2,-8,-3,-9,-3,-8,-3,-8,-4,-7,-4,-7,-5,-6,-5,-6,-6,-6,-6,-5,-6,-5,-7,-5,-8,-5,-7,-4,-8,-4,-9,-5,-9,-4,0,0,-10,-4,-10,-5,-11,-5,-11,-5,-10,-6,-10,-5,-11,-6,-10,-6,-10,-6,-10,-6,-9,-7,-8,-8,-8,-7,-8,-7,-7,-7,-7,-8,-7,-7,-6,-7,-6,-7,-5,-7,-5,-8,-4,-7,-3,-7,-2,-7,-1,-7,-1,-7,0,0,0,0,0,0,0,0,0,0,0,0,0,0,17,-76,19,-79,13,-70,11,-69,11,-68,13,-64,5,-63,5,-63,6,-58,4,-55,0,-52,-4,-51,-6,-53,-9,-44,-6,-45,-13,-43,-15,-43,-15,-39,-15,-37,-24,-31,-25,-33,-24,-32,-25,-29,-29,-32,-32,-23,-34,-28,-37,-24,-41,-26,-43,-24,-47,-26,-45,-27,-47,-28,-49,-30,-54,-30,-50,-32,-52,-37,-49,-36,-52,-32,-53,-39,-46,-42,-47,-41,-43,-43,-43,-43,-39,-45,-36,-45,-34,-47,-32,-44,-32,-45,-24,-43,-26,-41,-24,-45,-21,-41,-13,-40,-11,-42,-6,-38,-2,-35,-1,-34,0,0,0,0,0,0,0,0,0,0,0,0,0,0,0,0,0,0,0,0,0,0,16,52,8,55,5,55,3,51,3,52,-4,47,-4,45,-8,44,-8,45,-11,41,-11,43,-8,38,-10,41,-8,37,-11,36,-6,35,-1,29,-5,26,-1,24,0,26,4,25,5,26,7,20,9,22,13,19,18,18,17,18,23,22,25,19,27,19,31,16,34,20,34,15,39,21,40,19,45,15,45,18,47,13,45,13,56,13,50,16,61,7,57,12,66,10,61,7,63,3,68,7,70,5,71,8,80,8,77,4,80,5,85,11,77,9,84,12,86,11,86,12,0,0]"
CSI_DATA,58,1a:00:00:00:00:00,-44,11,1,0,1,1,1,0,0,0,1,-96,0,11,2,1014785,0,44,0,384,0,"[0,0,0,0,0,0,0,0,0,0,0,0,12,2,12,1,11,1,11,1,10,1,9,1,9,0,9,-1,8,-1,8,-1,8,-1,8,-2,7,-3,6,-3,7,-4,6,-5,6,-5,5,-5,5,-6,5,-6,5,-6,4,-7,5,-7,5,-8,5,-8,4,-9,0,0,5,-10,5,-10,6,-11,5,-10,6,-10,6,-10,6,-10,7,-10,7,-10,7,-9,8,-9,7,-8,8,-8,8,-8,7,-6,8,-6,7,-6,8,-6,7,-5,7,-4,7,-4,7,-3,7,-3,7,-2,7,-1,6,0,0,0,0,0,0,0,0,0,0,0,0,0,0,0,69,32,67,35,67,23,60,27,61,23,56,23,60,20,56,19,49,16,47,10,50,13,47,3,48,8,47,2,42,-1,38,-8,43,-7,40,-10,35,-12,38,-13,34,-19,33,-20,33,-25,36,-24,31,-29,33,-31,31,-32,31,-36,33,-37,30,-46,33,-41,34,-44,39,-44,39,-48,35,-50,44,-46,45,-47,45,-46,48,-44,46,-39,46,-41,48,-37,52,-39,50,-33,45,-32,48,-30,51,-27,44,-28,43,-21,44,-17,45,-16,43,-11,46,-11,43,-5,43,-1,40,3,33,5,0,0,0,0,0,0,0,0,0,0,0,0,0,0,0,0,0,0,0,0,0,0,-57,0,-52,-7,-55,-10,-53,-17,-51,-16,-46,-19,-46,-21,-44,-25,-45,-26,-40,-23,-36,-22,-36,-18,-38,-19,-37,-18,-30,-16,-31,-17,-28,-11,-32,-14,-28,-7,-29,-8,-30,-4,-28,-3,-25,-1,-27,3,-23,4,-24,14,-27,13,-28,16,-29,16,-30,21,-23,22,-31,26,-29,30,-29,31,-30,35,-32,33,-28,37,-29,45,-24,46,-26,51,-31,50,-26,53,-29,55,-26,60,-26,54,-27,64,-29,62,-22,62,-28,70,-25,72,-24,73,-26,79,-31,76,-32,71,-35,81,-27,78,-32,80,0,0]"
CSI_DATA,59,1a:00:00:00:00:00,-44,11,1,0,1,1,1,0,0,0,1,-96,0,11,2,1034767,0,44,0,384,0,"[0,0,0,0,0,0,0,0,0,0,0,0,9,-10,8,-10,7,-10,7,-9,6,-9,6,-8,5,-9,4,-9,4,-9,3,-8,3,-9,2,-8,1,-8,1,-8,1,-8,-1,-9,-1,-8,-1,-8,-2,-8,-3,-8,-3,-8,-4,-8,-4,-8,-5,-9,-5,-9,-5,-10,0,0,-6,-10,-6,-11,-6,-11,-6,-11,-5,-11,-6,-11,-6,-11,-6,-11,-5,-11,-4,-12,-4,-12,-3,-11,-2,-11,-2,-11,-2,-11,-1,-11,-1,-11,-1,-10,-1,-10,0,-9,1,-9,1,-8,1,-8,2,-7,3,-7,3,-6,0,0,0,0,0,0,0,0,0,0,0,0,0,0,57,-48,57,-46,51,-52,46,-43,46,-49,42,-47,41,-47,40,-42,34,-39,29,-44,28,-40,26,-37,22,-40,20,-37,13,-37,12,-38,13,-38,7,-38,5,-40,-1,-37,-5,-41,-5,-40,-10,-39,-10,-42,-11,-40,-15,-45,-21,-38,-24,-43,-22,-42,-31,-47,-24,-45,-33,-48,-27,-49,-28,-54,-34,-52,-25,-56,-27,-56,-27,-55,-20,-59,-24,-60,-18,-57,-16,-60,-18,-59,-15,-59,-10,-59,-10,-56,-5,-54,-4,-56,-5,-49,-1,-47,1,-50,6,-47,9,-44,9,-38,10,-38,10,-36,17,-32,0,0,0,0,0,0,0,0,0,0,0,0,0,0,0,0,0,0,0,0,0,0,-25,46,-29,44,-34,40,-37,37,-38,32,-36,35,-37,28,-36,27,-38,25,-35,24,-32,24,-31,25,-34,25,-30,19,-28,20,-25,18,-22,22,-21,18,-19,18,-17,17,-11,17,-13,23,-7,22,-8,26,-4,25,-3,26,2,28,4,28,8,30,7,30,10,33,12,38,13,39,14,36,18,39,23,41,26,41,27,37,28,43,33,45,33,47,33,47,38,46,42,48,43,45,47,39,46,45,53,45,52,52,51,51,54,49,59,49,57,55,52,52,60,59,56,60,54,60,0,0]"
CSI_DATA,60,1a:00:00:00:00:00,-44,11,1,0,1,1,1,0,0,0,1,-96,0,11,2,1044839,0,44,0,384,0,"[0,0,0,0,0,0,0,0,0,0,0,0,-5,-12,-6,-11,-6,-11,-6,-11,-6,-10,-5,-9,-6,-8,-6,-8,-6,-8,-6,-7,-6,-6,-7,-6,-7,-5,-7,-5,-6,-4,-8,-4,-8,-3,-8,-3,-8,-2,-8,-1,-8,-2,-9,-1,-9,-1,-10,-1,-10,0,-10,0,0,0,-11,0,-12,0,-12,0,-12,0,-12,0,-12,-1,-12,-1,-12,-1,-12,-1,-12,-2,-12,-3,-11,-3,-11,-4,-10,-4,-10,-4,-10,-4,-10,-5,-9,-4,-8,-5,-8,-5,-7,-6,-6,-6,-6,-6,-5,-6,-4,-6,-4,-6,0,0,0,0,0,0,0,0,0,0,0,0,0,0,-31,-75,-35,-64,-37,-59,-34,-62,-38,-59,-33,-55,-36,-54,-37,-50,-34,-43,-33,-46,-35,-36,-33,-35,-35,-31,-34,-29,-35,-24,-36,-22,-38,-19,-37,-16,-39,-16,-40,-11,-45,-8,-41,-4,-38,-2,-43,2,-41,4,-46,6,-47,2,-48,14,-50,9,-54,13,-52,13,-55,14,-56,13,-60,17,-58,14,-63,10,-65,8,-61,11,-64,10,-61,5,-63,3,-65,3,-63,-1,-61,-1,-56,-4,-60,-7,-55,-12,-53,-11,-50,-11,-47,-14,-45,-15,-47,-16,-40,-18,-38,-22,-34,-23,-29,-21,-23,-27,0,0,0,0,0,0,0,0,0,0,0,0,0,0,0,0,0,0,0,0,0,0,43,27,42,32,39,37,35,40,30,42,26,41,24,38,23,40,26,40,20,38,20,37,18,37,20,36,16,33,13,28,14,29,18,31,19,26,13,20,14,18,13,18,21,15,21,14,25,8,24,5,32,2,27,5,32,2,32,0,33,-4,34,-5,34,-9,41,-9,41,-9,43,-12,45,-14,46,-19,48,-20,45,-21,49,-23,47,-27,54,-31,52,-26,55,-37,51,-35,52,-38,55,-38,59,-43,55,-45,60,-43,64,-43,61,-47,67,-41,68,-48,68,-50,69,-48,72,-47,0,0]"
CSI_DATA,61,1a:00:00:00:00:00,-44,11,1,0,1,1,1,0,0,0,1,-96,0,11,2,1064764,0,44,0,384,0,"[0,0,0,0,0,0,0,0,0,0,0,0,1,13,1,12,2,12,2,11,2,10,2,10,2,9,3,9,3,8,3,7,3,7,4,6,4,6,5,5,5,5,6,4,6,4,6,4,6,3,7,2,7,3,8,2,8,2,9,1,9,1,10,1,0,0,11,1,11,1,12,1,11,1,11,2,12,2,12,2,11,3,11,3,11,3,11,4,10,5,10,4,10,4,9,5,9,5,8,5,8,5,7,5,6,5,6,6,5,5,5,6,4,6,3,6,2,6,0,0,0,0,0,0,0,0,0,0,0,0,0,0,-4,35,-4,37,-1,33,-3,35,-2,35,-2,30,-2,28,-1,28,2,28,1,25,4,25,4,22,5,25,7,21,7,21,11,19,10,18,11,14,12,14,13,14,15,13,15,13,15,9,17,9,17,11,19,10,22,8,23,7,24,6,27,7,26,7,26,9,26,8,26,8,29,7,28,10,30,14,29,12,28,14,29,13,26,14,25,15,27,15,26,15,22,15,24,18,21,18,21,17,17,17,15,18,14,17,13,18,12,17,10,17,9,18,6,18,3,17,0,0,0,0,0,0,0,0,0,0,0,0,0,0,0,0,0,0,0,0,0,0,-11,-27,-7,-25,-5,-28,-2,-28,-2,-28,1,-25,1,-24,2,-24,2,-25,4,-23,4,-22,1,-21,3,-19,2,-20,2,-18,1,-17,-1,-16,1,-15,0,-13,-2,-14,-1,-13,-3,-14,-6,-12,-8,-12,-8,-11,-11,-11,-12,-11,-12,-10,-13,-10,-17,-8,-16,-8,-18,-8,-19,-8,-22,-8,-21,-8,-22,-6,-23,-6,-25,-6,-26,-5,-29,-4,-27,-4,-32,-5,-28,-4,-33,-2,-32,-2,-32,-1,-35,-4,-36,1,-37,0,-39,0,-37,2,-40,1,-42,-2,-40,0,-43,0,-41,0,-43,-2,0,0]"
CSI_DATA,62,1a:00:00:00:00:00,-44,11,1,0,1,1,1,0,0,0,1,-96,0,11,2,1075602,0,44,0,384,0,"[0,0,0,0,0,0,0,0,0,0,0,0,6,-11,6,-10,5,-10,5,-10,4,-9,4,-9,3,-9,3,-8,2,-9,1,-8,1,-8,0,-8,0,-8,-1,-8,-1,-7,-3,-8,-2,-7,-3,-7,-4,-7,-4,-7,-4,-7,-5,-7,-5,-7,-6,-7,-6,-8,-7,-8,0,0,-7,-8,-7,-9,-8,-9,-8,-9,-8,-9,-7,-9,-7,-10,-7,-10,-7,-10,-6,-10,-6,-10,-5,-10,-5,-10,-4,-10,-4,-10,-4,-10,-3,-9,-3,-9,-2,-9,-2,-9,-1,-8,-1,-8,0,-8,0,-7,1,-7,1,-6,0,0,0,0,0,0,0,0,0,0,0,0,0,0,57,-49,47,-51,47,-57,43,-50,41,-47,36,-48,36,-45,34,-45,31,-42,25,-45,25,-42,24,-39,18,-43,17,-40,17,-41,6,-40,9,-39,3,-37,3,-39,-3,-38,-11,-41,-4,-38,-12,-40,-17,-38,-15,-36,-17,-38,-25,-41,-27,-43,-24,-43,-28,-45,-26,-38,-29,-50,-28,-45,-32,-52,-32,-48,-26,-56,-30,-56,-26,-54,-23,-61,-24,-56,-23,-59,-22,-56,-17,-59,-16,-54,-12,-55,-12,-58,-7,-52,-4,-54,-5,-48,-1,-46,1,-45,5,-45,6,-41,12,-40,14,-39,13,-34,15,-30,0,0,0,0,0,0,0,0,0,0,0,0,0,0,0,0,0,0,0,0,0,0,-11,50,-16,49,-20,48,-23,44,-28,44,-32,39,-29,36,-31,35,-30,33,-31,30,-28,30,-27,29,-29,31,-24,27,-25,23,-23,25,-21,22,-18,24,-15,24,-12,20,-11,22,-8,25,-2,24,0,22,-1,25,4,24,5,30,8,28,12,27,13,30,16,29,19,34,24,34,21,31,24,41,27,38,32,37,37,38,36,37,44,38,40,38,46,35,44,42,45,41,44,35,51,38,51,39,53,44,59,41,59,45,60,46,64,43,62,47,65,45,65,53,65,50,62,57,0,0]"
CSI_DATA,63,1a:00:00:00:00:00,-44,11,1,0,1,1,1,0,0,0,1,-96,0,11,2,1084729,0,44,0,384,0,"[0,0,0,0,0,0,0,0,0,0,0,0,12,0,11,0,11,-1,11,-1,10,-1,9,0,9,-2,8,-2,8,-3,7,-3,7,-3,7,-4,6,-4,6,-4,5,-5,5,-5,5,-6,4,-6,4,-6,3,-7,4,-7,3,-8,3,-8,3,-9,3,-9,3,-10,0,0,3,-10,4,-11,4,-11,4,-11,4,-11,4,-11,4,-11,5,-11,5,-11,6,-10,6,-10,7,-9,7,-9,6,-8,7,-8,7,-7,7,-7,6,-6,7,-6,6,-6,7,-5,6,-4,6,-4,6,-3,6,-2,6,-1,0,0,0,0,0,0,0,0,0,0,0,0,0,0,79,11,77,6,71,-3,66,4,65,0,60,2,63,2,55,-4,55,-4,46,-4,47,-7,46,-12,45,-11,43,-16,35,-14,36,-23,34,-24,31,-23,30,-21,31,-29,26,-33,26,-30,19,-35,19,-34,16,-38,16,-43,16,-43,11,-46,14,-48,14,-55,13,-49,14,-54,16,-55,13,-59,15,-57,16,-52,17,-63,17,-60,26,-56,23,-58,24,-57,30,-56,30,-52,31,-54,26,-50,33,-48,31,-43,34,-44,31,-34,30,-36,32,-33,36,-30,34,-27,38,-24,33,-20,32,-16,36,-7,0,0,0,0,0,0,0,0,0,0,0,0,0,0,0,0,0,0,0,0,0,0,-55,13,-50,5,-54,1,-51,3,-53,-3,-49,-6,-46,-6,-48,-6,-49,-9,-45,-11,-39,-10,-40,-12,-40,-7,-37,-8,-30,-7,-33,-8,-32,-1,-28,-4,-30,-5,-27,3,-27,4,-28,3,-24,11,-19,12,-24,11,-20,22,-24,21,-24,22,-19,25,-21,29,-17,31,-17,35,-18,39,-15,42,-21,43,-14,41,-13,45,-10,46,-12,49,-9,51,-10,56,-9,60,-5,59,-2,65,-7,59,-5,70,-3,68,-1,70,2,73,-2,81,-2,74,6,83,-5,81,-6,79,-1,88,-1,79,-8,81,0,0]"
CSI_DATA,64,1a:00:00:00:00:00,-44,11,1,0,1,1,1,0,0,0,1,-96,0,11,2,1124747,0,44,0,384,0,"[0,0,0,0,0,0,0,0,0,0,0,0,11,-2,11,-2,11,-2,11,-2,9,-2,9,-2,8,-3,8,-3,7,-4,7,-4,6,-4,6,-5,5,-5,5,-5,5,-5,4,-6,3,-6,3,-7,3,-7,3,-8,3,-8,2,-8,1,-9,1,-9,1,-10,1,-10,0,0,1,-11,1,-11,2,-12,2,-12,3,-11,2,-12,3,-12,3,-12,3,-12,4,-11,4,-11,4,-10,5,-10,5,-9,6,-9,6,-9,5,-9,5,-8,5,-8,5,-7,6,-6,6,-5,6,-5,6,-4,6,-3,5,-3,0,0,0,0,0,0,0,0,0,0,0,0,0,0,69,20,73,16,74,8,66,12,64,10,58,10,60,3,59,5,54,2,46,2,51,1,47,-5,45,-5,42,-11,42,-8,37,-18,36,-20,33,-22,28,-24,26,-24,30,-32,26,-29,22,-37,23,-31,20,-33,24,-41,24,-42,20,-44,24,-50,17,-54,19,-50,24,-52,23,-55,24,-58,28,-59,30,-60,30,-61,27,-58,29,-57,34,-57,33,-54,40,-52,42,-49,39,-48,37,-42,43,-45,42,-38,40,-36,39,-32,39,-29,38,-27,41,-25,40,-21,37,-14,43,-10,37,-4,35,-4,0,0,0,0,0,0,0,0,0,0,0,0,0,0,0,0,0,0,0,0,0,0,-55,18,-51,9,-55,8,-56,3,-53,-4,-50,-9,-50,-2,-48,-7,-45,-6,-45,-11,-45,-13,-39,-7,-40,-9,-38,-8,-32,-9,-33,-11,-33,-1,-29,-4,-31,-4,-27,2,-31,2,-25,6,-21,9,-24,11,-25,15,-20,16,-20,18,-23,21,-20,23,-18,27,-17,27,-16,35,-17,35,-17,36,-16,42,-16,48,-16,44,-18,48,-15,50,-10,55,-14,56,-12,54,-13,64,-6,61,-6,62,-5,72,-6,71,-5,70,-3,75,-6,78,-3,77,-5,79,-12,82,-7,77,-10,87,-9,79,-10,84,0,0]"
CSI_DATA,65,1a:00:00:00:00:00,-44,11,1,0,1,1,1,0,0,0,1,-96,0,11,2,1144781,0,44,0,384,0,"[0,0,0,0,0,0,0,0,0,0,0,0,10,7,9,7,9,6,9,6,9,5,8,5,8,4,7,3,7,3,7,2,7,2,7,1,7,0,7,0,7,-1,7,-2,7,-2,6,-3,7,-3,7,-4,6,-5,7,-5,6,-5,8,-6,8,-7,8,-7,0,0,8,-8,9,-7,9,-8,9,-8,9,-8,10,-8,10,-8,9,-7,10,-7,10,-6,11,-6,10,-5,10,-4,10,-4,10,-3,10,-3,10,-3,9,-2,9,-2,9,-2,8,-1,8,0,8,1,7,1,6,2,6,2,0,0,0,0,0,0,0,0,0,0,0,0,0,0,41,63,43,58,42,56,35,47,41,49,37,44,39,42,41,40,36,31,37,32,34,31,37,26,34,26,37,19,33,19,34,10,42,7,38,7,37,-1,34,1,38,-4,34,-6,38,-14,41,-11,41,-15,40,-16,38,-21,43,-21,44,-23,47,-26,39,-25,47,-28,49,-27,51,-32,49,-31,56,-32,56,-28,54,-29,58,-25,59,-20,58,-19,58,-21,58,-21,58,-17,59,-13,58,-9,55,-6,52,-7,51,-5,47,-1,50,0,48,1,45,3,42,8,40,9,33,13,31,18,0,0,0,0,0,0,0,0,0,0,0,0,0,0,0,0,0,0,0,0,0,0,-46,-33,-39,-38,-37,-40,-35,-45,-31,-41,-28,-44,-22,-44,-24,-45,-21,-45,-19,-40,-17,-42,-18,-35,-19,-32,-17,-34,-15,-35,-13,-32,-19,-29,-15,-26,-16,-21,-18,-23,-20,-19,-21,-13,-22,-13,-26,-5,-26,-7,-27,-4,-29,-3,-30,-2,-29,0,-34,3,-33,7,-41,7,-38,10,-40,12,-44,15,-43,14,-43,14,-44,21,-45,25,-47,27,-49,29,-46,37,-53,32,-52,36,-50,36,-48,36,-58,38,-53,46,-57,48,-53,48,-55,49,-55,54,-65,52,-59,47,-62,56,-62,53,-66,46,0,0]"
CSI_DATA,66,1a:00:00:00:00:00,-44,11,1,0,1,1,1,0,0,0,1,-96,0,11,2,1154767,0,44,0,384,0,"[0,0,0,0,0,0,0,0,0,0,0,0,-13,0,-12,0,-12,1,-12,0,-11,1,-10,1,-10,2,-9,2,-9,2,-8,3,-8,3,-7,4,-7,4,-6,5,-6,5,-5,6,-4,6,-4,6,-4,6,-3,7,-3,7,-2,8,-3,8,-2,9,-2,10,-2,10,0,0,-1,11,-2,11,-1,11,-2,12,-2,11,-2,11,-2,12,-3,12,-3,12,-4,11,-4,11,-5,10,-5,10,-5,10,-5,9,-5,9,-5,9,-6,8,-6,8,-6,7,-6,6,-6,6,-6,5,-6,4,-7,3,-7,2,0,0,0,0,0,0,0,0,0,0,0,0,0,0,-39,-3,-36,-3,-36,0,-32,-1,-31,3,-31,0,-29,2,-29,3,-26,1,-25,4,-23,5,-22,7,-21,6,-19,8,-18,9,-14,12,-16,13,-15,13,-14,15,-12,14,-10,16,-9,15,-7,16,-6,18,-6,21,-6,23,-4,21,-4,25,-4,23,1,26,-1,25,-2,28,-3,26,-5,31,-2,28,-5,32,-5,31,-4,31,-7,31,-6,31,-7,29,-10,29,-9,31,-11,28,-11,26,-12,26,-13,24,-13,22,-13,22,-13,20,-13,19,-12,19,-15,17,-15,15,-16,13,-16,11,-16,9,0,0,0,0,0,0,0,0,0,0,0,0,0,0,0,0,0,0,0,0,0,0,26,-3,28,0,25,0,27,2,25,3,25,5,22,4,22,5,23,7,22,6,20,8,18,5,20,4,18,4,17,3,15,4,15,3,13,2,13,2,14,0,11,-2,13,-4,11,-4,11,-5,11,-7,9,-8,9,-8,9,-12,10,-12,9,-16,7,-14,9,-18,9,-17,7,-18,5,-21,5,-23,4,-22,4,-25,5,-25,5,-30,4,-29,2,-30,2,-29,1,-31,0,-33,-3,-32,-1,-34,-5,-34,-2,-37,-3,-37,0,-39,-3,-39,-3,-42,-1,-36,0,-42,-5,-42,-1,-42,0,0]"
CSI_DATA,67,1a:00:00:00:00:00,-44,11,1,0,1,1,1,0,0,0,1,-96,0,11,2,1164779,0,44,0,384,0,"[0,0,0,0,0,0,0,0,0,0,0,0,11,3,10,2,10,2,10,2,10,2,8,1,8,0,8,0,8,-1,7,-1,7,-1,7,-2,6,-3,6,-3,6,-3,6,-4,5,-5,5,-5,4,-6,4,-6,5,-6,4,-7,4,-7,4,-8,4,-9,4,-9,0,0,5,-10,5,-10,5,-11,5,-11,6,-10,6,-10,6,-10,6,-10,7,-10,7,-9,7,-9,7,-8,7,-8,8,-7,7,-7,7,-7,7,-6,7,-6,7,-5,7,-5,7,-4,7,-3,7,-3,7,-2,7,-1,6,-1,0,0,0,0,0,0,0,0,0,0,0,0,0,0,76,32,64,24,70,23,60,28,60,20,57,25,56,16,55,16,50,11,47,10,45,8,43,6,45,2,38,-3,39,-3,36,-10,39,-14,32,-14,37,-19,34,-17,33,-25,29,-24,31,-27,30,-28,30,-35,29,-37,25,-37,25,-41,27,-42,24,-47,26,-47,30,-52,33,-50,34,-53,29,-53,38,-55,37,-50,34,-56,44,-51,43,-48,40,-48,44,-47,41,-45,44,-42,45,-39,46,-34,45,-35,47,-28,43,-27,41,-28,42,-21,42,-18,45,-16,43,-11,40,-10,36,-6,36,0,0,0,0,0,0,0,0,0,0,0,0,0,0,0,0,0,0,0,0,0,0,0,-55,-5,-60,-10,-57,-13,-53,-19,-50,-22,-47,-23,-41,-25,-42,-28,-46,-27,-40,-23,-39,-25,-34,-21,-36,-24,-34,-23,-33,-21,-28,-21,-29,-15,-26,-14,-27,-12,-25,-6,-28,-3,-26,-4,-22,-1,-24,5,-26,7,-24,11,-28,10,-26,14,-22,17,-31,23,-28,21,-29,26,-29,30,-27,35,-29,35,-28,37,-26,37,-30,39,-29,47,-31,51,-30,50,-21,55,-30,58,-25,55,-27,59,-23,67,-24,64,-19,64,-25,70,-23,71,-23,75,-23,74,-31,79,-28,70,-29,80,-31,81,-25,76,0,0]"
CSI_DATA,68,1a:00:00:00:00:00,-44,11,1,0,1,1,1,0,0,0,1,-96,0,11,2,1174994,0,44,0,384,0,"[0,0,0,0,0,0,0,0,0,0,0,0,-12,-6,-11,-5,-11,-4,-10,-5,-10,-4,-9,-3,-9,-3,-9,-3,-8,-2,-8,-1,-8,-1,-8,1,-7,1,-7,2,-7,2,-7,3,-6,3,-6,3,-6,4,-6,5,-6,5,-6,5,-6,5,-6,7,-6,7,-6,8,0,0,-6,8,-7,8,-7,9,-7,9,-8,9,-8,9,-8,9,-8,8,-8,8,-8,8,-9,8,-9,7,-9,6,-9,6,-9,5,-9,6,-9,5,-8,4,-9,4,-8,3,-8,2,-8,2,-8,2,-8,1,-7,0,-7,0,0,0,0,0,0,0,0,0,0,0,0,0,0,0,-66,-43,-60,-44,-60,-39,-57,-37,-56,-37,-51,-31,-58,-29,-50,-22,-45,-18,-42,-22,-49,-15,-41,-11,-45,-10,-40,-10,-39,-1,-40,1,-43,6,-38,6,-38,9,-39,10,-33,16,-39,15,-31,24,-36,23,-34,24,-34,31,-31,27,-30,40,-35,37,-35,41,-33,41,-39,43,-38,44,-38,46,-39,45,-43,45,-47,46,-43,46,-50,45,-49,39,-52,41,-52,35,-51,36,-55,34,-48,31,-54,29,-49,22,-50,26,-47,20,-50,18,-49,17,-46,11,-42,11,-44,8,-42,2,-41,-3,-34,-6,0,0,0,0,0,0,0,0,0,0,0,0,0,0,0,0,0,0,0,0,0,0,56,17,50,20,50,25,44,29,45,35,40,30,38,35,35,34,35,31,31,33,32,32,28,32,32,28,28,29,24,24,26,24,25,19,28,21,22,16,25,9,24,10,26,8,23,8,28,1,25,-2,25,-4,22,-7,31,-11,30,-15,31,-18,26,-18,34,-24,33,-24,32,-27,37,-28,38,-28,32,-32,31,-37,30,-42,38,-42,36,-45,36,-51,36,-47,35,-54,32,-49,37,-58,35,-60,35,-63,38,-67,40,-67,41,-73,41,-68,45,-72,40,-66,45,-78,42,-72,45,-74,0,0]"
CSI_DATA,69,1a:00:00:00:00:00,-44,11,1,0,1,1,1,0,0,0,1,-96,0,11,2,1184931,0,44,0,384,0,"[0,0,0,0,0,0,0,0,0,0,0,0,0,-13,-1,-12,-1,-11,-1,-11,-1,-10,-1,-10,-2,-9,-3,-8,-3,-8,-3,-7,-3,-8,-5,-7,-4,-6,-5,-6,-5,-6,-6,-5,-6,-4,-6,-4,-7,-3,-7,-3,-8,-3,-8,-2,-8,-3,-9,-2,-10,-2,-10,-2,0,0,-11,-1,-11,-2,-12,-2,-12,-2,-12,-2,-12,-3,-12,-2,-12,-3,-12,-3,-12,-4,-11,-4,-11,-5,-10,-5,-10,-5,-10,-5,-10,-6,-9,-5,-8,-5,-8,-6,-7,-6,-7,-6,-6,-6,-6,-6,-5,-6,-4,-6,-3,-6,0,0,0,0,0,0,0,0,0,0,0,0,0,0,20,-78,20,-65,13,-71,15,-65,13,-61,12,-62,7,-58,6,-55,5,-52,2,-53,-1,-50,1,-45,-4,-48,-7,-36,-12,-42,-14,-36,-17,-35,-20,-32,-19,-34,-25,-28,-27,-30,-27,-26,-33,-23,-38,-22,-37,-20,-41,-23,-36,-18,-46,-20,-52,-16,-53,-19,-52,-17,-53,-20,-55,-21,-62,-19,-55,-17,-61,-29,-59,-27,-64,-22,-65,-29,-57,-25,-56,-31,-60,-33,-51,-35,-52,-37,-45,-39,-46,-37,-43,-36,-39,-38,-42,-36,-37,-38,-33,-37,-25,-40,-25,-41,-21,-37,-17,-42,-15,-40,-11,-36,0,0,0,0,0,0,0,0,0,0,0,0,0,0,0,0,0,0,0,0,0,0,0,57,-10,60,-9,52,-18,56,-16,49,-21,47,-19,49,-23,44,-22,46,-20,38,-21,39,-16,36,-20,36,-18,34,-23,31,-15,27,-17,33,-12,26,-11,26,-7,26,-4,24,3,25,2,22,6,21,7,20,14,26,16,24,13,25,22,20,25,23,22,23,32,23,33,23,32,21,40,21,40,22,42,24,42,21,50,20,54,20,58,18,49,19,62,19,60,16,64,14,66,12,62,12,72,12,70,15,72,11,78,14,80,9,85,16,80,15,84,16,84,17,78,23,0,0]"
CSI_DATA,70,1a:00:00:00:00:00,-44,11,1,0,1,1,1,0,0,0,1,-96,0,11,2,1194776,0,44,0,384,0,"[0,0,0,0,0,0,0,0,0,0,0,0,-12,3,-11,3,-11,4,-10,4,-10,3,-9,3,-8,4,-7,4,-7,4,-6,4,-6,5,-5,5,-5,5,-4,5,-4,5,-3,6,-2,6,-2,6,-1,6,-1,7,-1,7,0,7,0,8,0,8,0,9,1,9,0,0,1,10,1,10,1,10,1,11,1,11,1,11,1,11,0,11,0,11,-1,11,-2,11,-2,11,-3,10,-3,10,-3,10,-3,9,-3,9,-3,8,-3,8,-3,7,-4,7,-5,6,-5,6,-5,5,-6,4,-5,3,0,0,0,0,0,0,0,0,0,0,0,0,0,0,-69,22,-69,22,-66,26,-57,25,-56,23,-55,23,-50,27,-47,25,-43,25,-41,25,-36,28,-31,21,-31,29,-30,33,-23,28,-20,32,-21,32,-15,34,-13,31,-8,34,-4,37,-5,38,0,38,-1,38,4,39,5,40,8,44,13,46,13,47,18,52,18,49,17,54,16,53,18,54,16,56,17,65,15,63,15,61,9,60,9,59,8,60,0,61,1,59,0,62,1,59,-4,61,-6,54,-6,53,-8,48,-10,49,-17,47,-15,43,-17,41,-20,40,-22,36,-22,31,-25,26,0,0,0,0,0,0,0,0,0,0,0,0,0,0,0,0,0,0,0,0,0,0,43,-34,44,-27,47,-27,49,-25,47,-17,48,-15,44,-14,44,-11,44,-11,43,-12,44,-6,39,-8,38,-8,35,-9,36,-6,32,-8,30,-11,26,-9,25,-8,23,-14,21,-14,19,-17,12,-20,15,-21,15,-24,9,-26,8,-25,6,-31,4,-29,1,-32,0,-34,2,-37,-2,-42,-5,-42,-8,-42,-10,-45,-8,-46,-10,-49,-13,-50,-18,-52,-17,-49,-20,-49,-23,-57,-22,-62,-22,-57,-30,-55,-30,-58,-32,-61,-33,-62,-35,-70,-32,-71,-39,-68,-33,-71,-32,-68,-43,-79,-34,-75,-35,-78,0,0]"
CSI_DATA,71,1a:00:00:00:00:00,-44,11,1,0,1,1,1,0,0,0,1,-96,0,11,2,1204871,0,44,0,384,0,"[0,0,0,0,0,0,0,0,0,0,0,0,-9,8,-9,8,-8,8,-8,7,-7,7,-6,6,-5,7,-5,7,-4,7,-3,6,-3,7,-2,7,-1,7,-1,6,-1,6,1,7,1,6,1,6,2,6,3,7,3,6,4,6,4,7,5,6,5,7,6,7,0,0,6,7,7,9,7,9,7,9,6,9,6,9,7,9,6,10,6,10,5,10,5,10,4,10,4,10,3,10,3,10,3,10,2,10,2,8,1,9,1,8,0,8,0,7,-1,7,-1,7,-2,7,-2,6,0,0,0,0,0,0,0,0,0,0,0,0,0,0,-56,38,-64,44,-55,48,-51,39,-52,41,-45,40,-43,41,-42,41,-35,37,-30,34,-29,35,-22,34,-22,37,-15,37,-16,31,-9,35,-11,35,-4,38,-4,35,4,37,8,37,10,38,18,33,16,35,13,34,20,37,17,38,24,42,27,42,29,40,28,44,33,43,34,45,38,50,38,47,31,54,36,53,31,55,31,60,29,56,26,56,19,60,22,57,17,60,20,57,13,57,13,54,10,52,8,47,8,44,5,45,0,47,4,40,-5,38,-10,41,-9,38,-15,36,0,0,0,0,0,0,0,0,0,0,0,0,0,0,0,0,0,0,0,0,0,0,36,-41,42,-39,40,-33,45,-37,45,-26,46,-22,45,-24,46,-20,48,-22,44,-20,40,-14,37,-12,41,-18,33,-17,32,-8,30,-15,28,-15,23,-13,24,-14,18,-17,15,-18,15,-15,11,-18,10,-22,8,-20,6,-28,8,-30,-1,-31,-1,-28,-8,-37,-5,-33,-9,-40,-14,-42,-9,-40,-17,-41,-20,-45,-21,-45,-23,-48,-23,-49,-32,-51,-31,-52,-34,-46,-34,-53,-38,-51,-40,-48,-39,-50,-41,-53,-47,-56,-46,-57,-45,-61,-48,-57,-53,-57,-53,-65,-47,-63,-56,-70,-56,-67,-50,-65,0,0]"
CSI_DATA,72,1a:00:00:00:00:00,-44,11,1,0,1,1,1,0,0,0,1,-96,0,11,2,1214835,0,44,0,384,0,"[0,0,0,0,0,0,0,0,0,0,0,0,-4,-12,-5,-11,-5,-10,-5,-10,-5,-9,-4,-8,-6,-8,-5,-7,-5,-6,-5,-6,-5,-6,-6,-5,-6,-4,-6,-4,-6,-3,-7,-2,-7,-2,-7,-2,-7,-1,-8,0,-8,0,-8,1,-8,0,-9,1,-10,1,-10,1,0,0,-10,2,-11,2,-12,2,-11,2,-12,2,-12,2,-12,1,-12,1,-12,1,-12,0,-12,-1,-12,-2,-11,-2,-11,-1,-11,-2,-11,-2,-10,-3,-10,-3,-9,-3,-9,-3,-8,-4,-8,-4,-7,-4,-6,-5,-5,-5,-5,-5,0,0,0,0,0,0,0,0,0,0,0,0,0,0,-36,-68,-34,-67,-35,-60,-34,-62,-34,-55,-31,-53,-32,-45,-30,-46,-30,-41,-31,-43,-37,-32,-31,-31,-33,-34,-31,-22,-33,-21,-35,-19,-39,-12,-34,-9,-34,-8,-36,-5,-39,-2,-37,-1,-38,1,-40,3,-41,8,-44,10,-46,14,-47,15,-49,16,-49,22,-51,20,-55,19,-54,22,-55,24,-60,21,-59,19,-61,19,-61,16,-67,15,-59,13,-65,17,-66,11,-59,6,-60,4,-58,4,-60,1,-58,-3,-56,-5,-56,-7,-53,-13,-49,-11,-49,-14,-41,-12,-40,-16,-42,-15,-34,-20,-30,-23,0,0,0,0,0,0,0,0,0,0,0,0,0,0,0,0,0,0,0,0,0,0,46,36,34,40,33,43,30,43,25,48,24,44,23,45,22,47,18,46,15,43,16,45,15,36,15,37,16,36,10,32,13,29,13,33,12,28,15,24,13,21,12,18,18,18,20,16,18,9,21,10,25,6,27,5,27,0,31,1,32,-1,31,-1,37,-6,39,-9,40,-9,41,-16,41,-11,44,-14,47,-18,47,-20,47,-27,50,-26,48,-29,59,-26,55,-32,54,-33,53,-40,60,-36,59,-42,59,-37,69,-43,60,-43,66,-47,67,-41,73,-44,67,-45,71,-43,71,-44,0,0]"
CSI_DATA,73,1a:00:00:00:00:00,-44,11,1,0,1,1,1,0,0,0,1,-96,0,11,2,1224781,0,44,0,384,0,"[0,0,0,0,0,0,0,0,0,0,0,0,9,-8,8,-8,7,-7,8,-7,6,-7,6,-7,5,-7,4,-7,4,-7,3,-7,3,-7,2,-7,1,-7,1,-7,0,-7,0,-7,-1,-7,-2,-7,-2,-7,-3,-7,-2,-7,-4,-8,-4,-8,-5,-8,-5,-9,-6,-9,0,0,-6,-10,-6,-10,-6,-11,-6,-10,-6,-11,-5,-11,-6,-11,-5,-11,-5,-12,-4,-11,-4,-12,-3,-11,-3,-11,-3,-11,-2,-11,-2,-11,-1,-10,-1,-10,-1,-10,0,-9,1,-9,1,-8,1,-8,1,-7,2,-7,3,-6,0,0,0,0,0,0,0,0,0,0,0,0,0,0,65,-41,59,-40,55,-39,51,-39,50,-38,44,-36,40,-41,42,-38,33,-36,32,-32,27,-36,24,-35,25,-34,18,-37,16,-36,10,-36,9,-37,5,-35,4,-37,-3,-39,-5,-36,-8,-37,-15,-36,-18,-39,-13,-42,-22,-38,-20,-39,-28,-41,-28,-44,-32,-43,-28,-47,-34,-45,-32,-50,-36,-55,-32,-51,-30,-52,-31,-58,-31,-55,-29,-59,-24,-58,-28,-59,-23,-58,-21,-59,-17,-60,-14,-57,-15,-59,-10,-53,-8,-55,-8,-50,-3,-50,-3,-50,-2,-48,0,-44,10,-45,12,-42,11,-37,15,-36,0,0,0,0,0,0,0,0,0,0,0,0,0,0,0,0,0,0,0,0,0,0,-39,39,-41,35,-44,34,-50,31,-45,28,-50,19,-41,22,-46,16,-49,17,-44,15,-43,14,-38,13,-38,18,-33,12,-34,12,-31,12,-31,16,-24,12,-26,17,-21,17,-20,13,-17,20,-14,20,-13,18,-10,24,-5,23,-5,24,1,26,-1,30,3,33,3,36,7,36,9,40,11,37,12,40,21,39,18,43,22,43,22,44,29,50,24,47,37,52,32,52,36,51,34,53,39,51,43,54,50,55,46,52,51,61,46,62,50,57,46,64,47,63,54,66,56,68,55,67,0,0]"
CSI_DATA,74,1a:00:00:00:00:00,-44,11,1,0,1,1,1,0,0,0,1,-96,0,11,2,1255088,0,44,0,384,0,"[0,0,0,0,0,0,0,0,0,0,0,0,7,-9,7,-9,6,-9,6,-9,5,-8,4,-8,3,-8,3,-8,2,-7,2,-7,1,-8,0,-7,0,-7,-1,-7,-1,-7,-2,-7,-3,-7,-3,-7,-4,-6,-4,-6,-5,-7,-6,-6,-6,-6,-6,-7,-7,-7,-8,-7,0,0,-8,-7,-8,-8,-9,-8,-9,-8,-8,-8,-9,-9,-8,-9,-8,-9,-8,-9,-7,-10,-7,-10,-6,-10,-6,-10,-6,-10,-5,-10,-4,-10,-4,-9,-4,-9,-3,-9,-3,-8,-2,-9,-2,-8,-2,-8,-1,-8,0,-8,0,-7,0,0,0,0,0,0,0,0,0,0,0,0,0,0,65,-37,62,-32,58,-37,50,-34,54,-36,47,-31,47,-30,43,-33,36,-30,32,-32,29,-34,28,-32,21,-32,22,-34,18,-34,12,-36,12,-36,9,-34,1,-33,-2,-36,-4,-38,-5,-36,-9,-34,-13,-41,-10,-36,-15,-38,-20,-41,-21,-41,-23,-42,-31,-44,-27,-47,-30,-50,-30,-50,-30,-55,-30,-52,-32,-53,-32,-56,-29,-57,-26,-57,-25,-62,-24,-57,-23,-59,-15,-57,-13,-60,-12,-58,-10,-58,-8,-58,-7,-55,-7,-49,-7,-55,-3,-50,0,-44,2,-46,8,-44,9,-39,10,-37,14,-30,0,0,0,0,0,0,0,0,0,0,0,0,0,0,0,0,0,0,0,0,0,0,-42,34,-44,30,-47,27,-47,27,-50,22,-46,13,-44,15,-48,12,-46,14,-44,9,-42,6,-41,8,-36,9,-41,6,-36,4,-33,9,-28,11,-30,9,-23,9,-25,13,-21,15,-16,16,-12,17,-14,20,-14,21,-7,25,-8,21,-7,26,-4,32,-2,33,1,29,1,34,5,40,3,38,10,42,15,44,14,45,16,46,16,46,16,49,20,49,25,53,27,51,29,58,31,54,32,50,33,56,38,58,40,60,40,64,39,66,45,63,42,67,40,64,44,66,41,69,41,69,0,0]"
CSI_DATA,75,1a:00:00:00:00:00,-44,11,1,0,1,1,1,0,0,0,1,-96,0,11,2,1265575,0,44,0,384,0,"[0,0,0,0,0,0,0,0,0,0,0,0,1,-12,0,-11,0,-11,0,-11,0,-10,-1,-9,-2,-9,-2,-9,-2,-8,-3,-7,-3,-7,-4,-7,-4,-6,-5,-5,-4,-5,-6,-5,-6,-4,-6,-4,-6,-4,-7,-3,-7,-3,-8,-3,-9,-3,-9,-2,-10,-2,-10,-2,0,0,-11,-2,-12,-3,-11,-3,-12,-3,-12,-3,-12,-4,-12,-4,-12,-4,-12,-4,-11,-5,-12,-5,-11,-6,-10,-6,-10,-6,-9,-6,-9,-6,-9,-6,-8,-6,-8,-7,-7,-6,-7,-7,-6,-6,-6,-7,-5,-7,-4,-7,-3,-6,0,0,0,0,0,0,0,0,0,0,0,0,0,0,18,-73,15,-71,11,-74,6,-60,6,-63,0,-59,1,-52,-1,-53,0,-46,-2,-52,-5,-46,-6,-43,-14,-47,-12,-33,-13,-36,-19,-35,-20,-31,-24,-25,-23,-23,-30,-24,-31,-23,-28,-21,-32,-16,-37,-14,-37,-10,-40,-11,-45,-10,-46,-9,-49,-8,-53,-6,-54,-7,-60,-5,-61,-7,-64,-7,-61,-8,-64,-9,-63,-11,-63,-12,-66,-13,-61,-16,-62,-17,-67,-21,-60,-24,-58,-25,-54,-22,-56,-24,-52,-27,-51,-26,-42,-29,-43,-27,-40,-26,-38,-28,-34,-32,-30,-32,-28,-31,-27,-32,-15,-34,0,0,0,0,0,0,0,0,0,0,0,0,0,0,0,0,0,0,0,0,0,0,-3,54,-11,54,-13,52,-19,56,-22,50,-23,46,-23,44,-25,42,-23,43,-29,34,-25,39,-21,37,-22,36,-24,32,-21,29,-18,28,-13,33,-10,29,-12,24,-9,21,-4,22,-3,25,1,21,6,23,9,20,9,24,12,23,16,25,20,19,26,24,25,22,29,23,36,21,30,19,39,17,41,18,41,18,49,18,48,17,51,18,56,16,58,15,57,17,62,14,65,16,67,14,69,11,73,5,69,9,75,11,80,12,75,6,82,9,80,10,81,11,82,9,78,14,0,0]"
CSI_DATA,76,1a:00:00:00:00:00,-44,11,1,0,1,1,1,0,0,0,1,-96,0,11,2,1274780,0,44,0,384,0,"[0,0,0,0,0,0,0,0,0,0,0,0,-6,10,-5,10,-4,9,-4,9,-4,9,-3,8,-2,8,-2,7,-1,8,-1,7,-1,7,1,6,1,6,1,5,2,5,3,6,4,5,4,5,4,4,5,4,6,5,6,4,6,4,7,4,8,4,8,4,0,0,9,4,9,5,10,5,10,5,9,5,9,6,10,6,10,6,10,6,9,7,8,8,8,8,7,8,7,7,6,8,6,7,6,8,5,7,4,7,4,7,3,7,3,7,2,7,1,7,0,6,0,6,0,0,0,0,0,0,0,0,0,0,0,0,0,0,-34,64,-38,63,-31,64,-26,59,-24,57,-20,53,-19,56,-21,52,-17,47,-17,46,-8,45,-2,41,0,44,0,38,-3,35,9,34,11,37,15,32,19,29,22,26,25,27,21,25,26,25,31,24,32,21,36,21,41,21,41,21,45,23,49,23,48,23,55,25,53,24,56,24,51,27,56,30,59,31,57,27,56,33,57,30,54,37,50,42,46,38,47,42,41,37,43,42,42,44,34,45,32,40,31,41,27,40,26,37,23,38,16,43,11,41,11,39,5,34,0,0,0,0,0,0,0,0,0,0,0,0,0,0,0,0,0,0,0,0,0,0,16,-55,22,-49,22,-52,25,-50,33,-46,31,-41,29,-39,29,-36,32,-37,35,-33,36,-33,29,-28,30,-33,29,-29,27,-24,24,-27,22,-26,18,-24,13,-25,13,-27,10,-27,6,-25,2,-26,2,-26,-2,-28,-8,-28,-6,-26,-11,-27,-15,-30,-23,-27,-24,-29,-22,-27,-26,-28,-28,-27,-34,-31,-36,-30,-34,-30,-43,-31,-40,-30,-49,-32,-45,-29,-51,-30,-55,-33,-54,-31,-57,-28,-63,-24,-62,-28,-68,-24,-65,-28,-68,-32,-71,-31,-76,-29,-71,-35,-73,-29,-73,-38,-77,-30,-76,-43,0,0]"
CSI_DATA,77,1a:00:00:00:00:00,-44,11,1,0,1,1,1,0,0,0,1,-96,0,11,2,1314759,0,44,0,384,0,"[0,0,0,0,0,0,0,0,0,0,0,0,4,10,4,10,4,9,4,9,4,8,4,7,5,6,5,5,4,5,5,4,5,4,5,3,5,3,6,2,5,1,6,1,6,0,6,0,6,-1,7,-2,7,-2,7,-3,7,-3,8,-3,8,-4,8,-4,0,0,9,-5,10,-5,10,-5,10,-5,10,-4,10,-4,11,-5,10,-4,11,-4,11,-3,11,-2,11,-2,10,-1,10,-1,10,-1,10,0,10,0,9,0,9,0,8,0,8,1,7,2,7,2,6,3,6,3,5,3,0,0,0,0,0,0,0,0,0,0,0,0,0,0,8,67,11,73,12,66,17,59,15,67,15,52,19,49,13,52,15,47,20,43,23,40,21,38,22,36,24,29,23,26,29,27,29,20,31,14,32,15,33,10,37,9,34,3,39,-1,44,-3,36,-4,41,-4,45,-9,47,-14,49,-11,52,-16,52,-17,56,-19,59,-19,59,-22,61,-22,63,-16,66,-19,63,-13,68,-9,66,-7,65,-11,66,-7,64,-3,62,-4,62,1,63,4,56,0,59,6,49,9,49,11,50,9,44,10,42,18,38,20,35,17,31,20,28,24,0,0,0,0,0,0,0,0,0,0,0,0,0,0,0,0,0,0,0,0,0,0,-14,-56,-9,-57,-3,-57,-1,-55,-1,-55,3,-53,2,-50,6,-52,8,-47,12,-45,10,-44,9,-41,6,-43,6,-37,8,-35,9,-38,1,-38,3,-31,1,-27,-2,-30,0,-22,-7,-23,-12,-20,-11,-21,-15,-18,-21,-18,-25,-15,-27,-14,-26,-20,-30,-13,-29,-12,-34,-8,-39,-8,-39,-6,-45,-6,-49,-5,-46,-5,-55,-1,-49,-1,-60,5,-56,2,-56,9,-63,10,-68,12,-65,8,-59,17,-63,9,-70,15,-71,17,-76,18,-76,21,-77,22,-82,17,-78,16,-88,20,-83,13,-80,13,0,0]"
CSI_DATA,78,1a:00:00:00:00:00,-44,11,1,0,1,1,1,0,0,0,1,-96,0,11,2,1324764,0,44,0,384,0,"[0,0,0,0,0,0,0,0,0,0,0,0,-4,-12,-4,-11,-4,-10,-5,-10,-5,-9,-4,-8,-5,-7,-5,-7,-5,-6,-5,-5,-5,-5,-6,-4,-6,-4,-6,-3,-6,-3,-7,-2,-7,-2,-7,-1,-8,0,-8,0,-8,0,-8,1,-8,1,-9,2,-10,2,-9,3,0,0,-10,3,-11,3,-11,3,-11,4,-11,3,-12,3,-12,3,-12,2,-12,2,-12,1,-13,1,-12,0,-11,0,-12,0,-11,-1,-11,-1,-10,-1,-10,-2,-10,-2,-9,-2,-9,-3,-8,-3,-8,-3,-7,-3,-7,-4,-6,-4,0,0,0,0,0,0,0,0,0,0,0,0,0,0,-11,-75,-12,-69,-17,-68,-12,-64,-18,-61,-16,-56,-15,-49,-23,-51,-18,-47,-23,-44,-18,-43,-22,-36,-21,-34,-24,-27,-26,-30,-26,-19,-31,-18,-30,-16,-32,-14,-32,-10,-38,-6,-36,-5,-37,-1,-35,1,-37,4,-41,7,-41,5,-46,15,-50,14,-50,16,-48,16,-56,19,-53,16,-58,18,-56,19,-62,14,-61,13,-61,17,-63,8,-65,6,-66,4,-63,5,-65,5,-64,2,-59,3,-63,-3,-57,-4,-57,-6,-49,-9,-50,-10,-47,-11,-48,-17,-38,-14,-39,-18,-38,-16,-36,-23,-31,-22,0,0,0,0,0,0,0,0,0,0,0,0,0,0,0,0,0,0,0,0,0,0,15,55,8,53,5,53,-4,54,-4,52,-5,52,-7,49,-7,47,-9,48,-10,44,-5,43,-9,42,-9,40,-5,36,-9,34,-4,33,-1,31,-1,27,2,25,0,25,4,24,10,24,12,22,9,20,15,19,20,16,21,11,23,12,26,12,32,8,29,12,37,8,36,10,41,8,44,4,45,5,45,0,50,2,53,0,55,-6,56,-5,54,-11,64,-7,61,-16,60,-13,69,-20,62,-18,68,-18,68,-22,71,-19,71,-23,73,-22,80,-21,77,-21,86,-20,83,-19,77,-17,0,0]"
CSI_DATA,79,1a:00:00:00:00:00,-44,11,1,0,1,1,1,0,0,0,1,-96,0,11,2,1334760,0,44,0,384,0,"[0,0,0,0,0,0,0,0,0,0,0,0,4,10,4,9,4,9,5,9,4,8,4,7,5,6,4,5,5,5,5,4,5,4,5,3,6,3,6,1,6,1,6,0,6,0,6,0,6,-1,6,-2,7,-2,7,-3,7,-3,8,-4,8,-5,8,-5,0,0,9,-5,10,-5,10,-6,10,-5,10,-5,11,-5,11,-5,11,-4,11,-4,11,-3,11,-3,10,-3,10,-2,10,-2,10,-1,10,-1,9,-1,9,-1,9,0,8,0,8,1,7,1,7,2,6,2,6,3,5,3,0,0,0,0,0,0,0,0,0,0,0,0,0,0,32,63,33,63,32,61,27,54,28,54,30,48,30,44,27,42,31,37,26,38,28,32,32,28,29,25,31,18,27,14,29,15,36,12,33,10,32,7,37,3,36,-4,34,-3,34,-12,34,-13,34,-13,36,-17,40,-21,41,-25,41,-27,43,-26,44,-32,48,-32,49,-30,52,-34,53,-32,56,-32,55,-38,59,-35,58,-31,57,-27,55,-28,61,-25,60,-20,60,-21,55,-17,54,-14,60,-19,56,-10,55,-7,50,-7,49,-6,52,0,46,1,42,6,37,6,41,9,33,12,0,0,0,0,0,0,0,0,0,0,0,0,0,0,0,0,0,0,0,0,0,0,-31,-50,-22,-51,-20,-54,-16,-54,-11,-53,-9,-51,-12,-49,-7,-50,-7,-49,-4,-44,-2,-46,-3,-42,-7,-39,-1,-38,-1,-35,-5,-33,-8,-31,-5,-30,-7,-21,-12,-22,-12,-19,-16,-20,-17,-19,-18,-13,-23,-13,-26,-13,-23,-12,-28,-8,-31,-9,-36,-4,-31,-3,-39,-1,-40,3,-38,4,-44,7,-47,8,-47,8,-52,11,-47,12,-51,22,-47,21,-57,22,-56,19,-57,25,-58,25,-60,29,-65,29,-61,35,-63,34,-69,33,-70,35,-63,40,-73,40,-68,40,-74,37,-70,41,-72,39,0,0]"
CSI_DATA,80,1a:00:00:00:00:00,-44,11,1,0,1,1,1,0,0,0,1,-96,0,11,2,1344782,0,44,0,384,0,"[0,0,0,0,0,0,0,0,0,0,0,0,2,-12,1,-11,0,-11,1,-10,0,-10,0,-9,-1,-9,-2,-8,-2,-8,-2,-7,-3,-7,-4,-7,-4,-6,-4,-5,-4,-5,-6,-5,-6,-4,-6,-4,-6,-3,-7,-3,-7,-3,-8,-2,-8,-3,-9,-2,-9,-2,-10,-2,0,0,-11,-1,-11,-2,-12,-2,-12,-2,-11,-2,-12,-3,-12,-3,-11,-3,-12,-3,-12,-4,-12,-5,-11,-5,-10,-5,-10,-5,-10,-5,-9,-5,-9,-5,-8,-6,-8,-6,-8,-5,-7,-6,-6,-6,-6,-6,-5,-6,-4,-6,-3,-6,0,0,0,0,0,0,0,0,0,0,0,0,0,0,2,-73,5,-69,-1,-71,-1,-67,0,-62,-1,-61,-5,-53,-3,-53,-5,-46,-10,-44,-10,-45,-14,-36,-17,-38,-15,-33,-16,-35,-25,-28,-25,-25,-28,-22,-28,-18,-32,-18,-35,-17,-34,-14,-36,-10,-37,-8,-38,-8,-40,-4,-46,-3,-45,3,-50,-3,-55,4,-54,5,-57,3,-56,-1,-62,3,-59,4,-64,-1,-61,-2,-60,0,-67,-7,-66,-6,-64,-10,-64,-7,-59,-11,-61,-15,-56,-20,-57,-19,-54,-22,-55,-21,-52,-23,-48,-22,-44,-24,-46,-24,-35,-24,-37,-32,-31,-30,-26,-33,-21,-35,0,0,0,0,0,0,0,0,0,0,0,0,0,0,0,0,0,0,0,0,0,0,5,55,-1,55,-3,56,-9,53,-11,56,-14,49,-12,48,-17,47,-16,48,-16,41,-16,38,-13,38,-14,39,-12,36,-12,32,-11,31,-5,29,-8,29,-3,26,-5,24,2,24,5,23,6,22,11,20,11,19,16,20,19,19,24,18,22,15,28,19,28,18,33,17,35,18,39,15,43,12,44,12,46,10,48,5,52,7,54,5,59,7,58,2,62,4,60,0,63,3,70,3,65,4,67,-4,68,-2,73,-2,77,0,80,-3,86,-1,78,-6,81,-5,83,-2,82,-1,0,0]"
CSI_DATA,81,1a:00:00:00:00:00,-44,11,1,0,1,1,1,0,0,0,1,-96,0,11,2,1354774,0,44,0,384,0,"[0,0,0,0,0,0,0,0,0,0,0,0,0,12,1,10,1,10,1,10,1,9,1,8,2,7,2,7,2,6,3,6,3,6,4,5,4,4,4,3,4,3,6,2,6,2,6,2,6,1,7,1,7,0,8,-1,8,0,8,-1,9,-1,9,-2,0,0,10,-2,11,-2,11,-2,11,-2,11,-1,12,-1,12,-1,12,-1,12,0,12,0,12,1,11,1,10,2,10,2,10,2,10,2,10,3,9,3,9,3,8,3,7,4,7,3,6,4,6,4,5,5,4,5,0,0,0,0,0,0,0,0,0,0,0,0,0,0,-5,75,-4,68,3,71,3,65,5,61,5,56,3,54,6,51,9,48,10,52,12,42,12,37,19,35,17,31,15,29,21,23,27,25,29,18,27,17,27,17,34,12,33,12,36,2,34,1,37,2,44,2,42,0,45,-3,51,-4,52,-8,50,-10,55,-10,54,-7,63,-8,59,-9,62,-4,62,-6,66,-6,63,-2,66,0,61,1,67,5,65,4,64,7,58,7,60,12,58,15,53,13,52,15,49,16,46,16,41,15,37,21,37,22,32,22,29,23,24,25,0,0,0,0,0,0,0,0,0,0,0,0,0,0,0,0,0,0,0,0,0,0,-4,-56,1,-59,5,-55,11,-54,15,-53,14,-52,15,-50,14,-45,16,-49,15,-41,18,-40,14,-39,14,-40,15,-33,14,-30,11,-30,9,-33,7,-25,1,-30,3,-28,1,-22,-6,-23,-10,-25,-9,-21,-14,-21,-16,-20,-19,-19,-22,-23,-21,-20,-28,-20,-29,-20,-34,-16,-40,-15,-40,-16,-42,-12,-41,-16,-47,-14,-49,-12,-49,-13,-55,-6,-57,-8,-63,-10,-62,-5,-65,-5,-67,-3,-64,0,-70,0,-69,5,-69,3,-73,2,-79,3,-80,4,-84,4,-81,2,-84,-3,-82,3,-78,2,0,0]"
CSI_DATA,82,1a:00:00:00:00:00,-44,11,1,0,1,1,1,0,0,0,1,-96,0,11,2,1365688,0,44,0,384,0,"[0,0,0,0,0,0,0,0,0,0,0,0,-2,11,-2,11,0,10,-1,10,-1,8,0,8,0,8,0,7,1,7,1,6,2,6,3,5,3,5,3,4,4,4,5,3,5,3,5,3,6,2,6,2,7,2,8,1,7,1,8,0,9,1,9,0,0,0,10,0,10,0,11,1,11,0,11,1,11,2,11,2,11,2,11,2,11,2,11,3,10,3,10,3,10,4,9,4,9,4,8,4,8,4,7,5,7,4,6,5,6,5,5,5,4,5,4,5,3,5,0,0,0,0,0,0,0,0,0,0,0,0,0,0,-25,70,-19,70,-15,72,-17,66,-14,59,-14,55,-13,55,-8,53,-7,48,-2,45,0,43,2,40,6,41,8,36,12,33,18,34,20,31,20,27,23,24,23,22,26,19,31,16,33,14,37,13,34,16,42,16,42,7,46,3,50,4,53,6,57,5,58,7,51,14,62,8,60,2,65,10,64,9,64,12,64,19,63,17,59,19,63,19,62,23,59,26,56,27,53,26,51,31,47,28,46,31,43,27,39,32,39,28,35,30,27,31,27,32,22,37,17,34,0,0,0,0,0,0,0,0,0,0,0,0,0,0,0,0,0,0,0,0,0,0,11,-57,15,-56,21,-51,27,-55,25,-49,26,-48,27,-42,25,-42,32,-41,26,-35,29,-36,25,-35,25,-34,21,-32,21,-28,19,-27,17,-27,12,-26,11,-26,10,-25,3,-24,2,-23,2,-25,-5,-23,-7,-27,-11,-28,-11,-28,-16,-30,-19,-25,-23,-21,-28,-28,-33,-24,-33,-24,-36,-24,-34,-26,-43,-24,-40,-20,-48,-25,-49,-23,-55,-21,-52,-21,-59,-27,-59,-19,-69,-19,-63,-20,-68,-14,-71,-18,-72,-20,-73,-19,-75,-18,-77,-15,-85,-16,-85,-25,-76,-16,-85,-22,-82,-22,-85,-21,0,0]"
CSI_DATA,83,1a:00:00:00:00:00,-44,11,1,0,1,1,1,0,0,0,1,-96,0,11,2,1374806,0,44,0,384,0,"[0,0,0,0,0,0,0,0,0,0,0,0,-11,6,-10,6,-9,6,-9,6,-8,5,-7,5,-6,6,-6,5,-5,5,-4,5,-4,6,-3,6,-2,5,-2,6,-1,6,0,6,1,7,1,6,2,6,2,6,3,6,3,6,4,6,4,7,5,7,6,8,0,0,6,8,6,9,7,9,7,9,6,9,6,10,6,10,6,10,6,10,5,10,5,11,4,11,4,10,3,10,3,10,2,9,2,9,2,9,1,9,1,8,0,8,0,8,-1,8,-1,7,-2,6,-2,6,0,0,0,0,0,0,0,0,0,0,0,0,0,0,-69,30,-71,29,-63,31,-58,30,-59,34,-49,27,-46,27,-45,27,-43,27,-32,27,-32,27,-22,29,-25,32,-21,29,-18,27,-15,28,-11,36,-3,37,-3,29,-2,33,6,35,6,36,9,34,14,35,16,35,17,35,20,38,24,41,27,43,31,43,31,40,32,44,31,45,36,49,35,51,34,51,33,52,36,52,35,58,27,56,28,59,23,57,27,55,20,55,18,57,18,58,12,53,15,59,9,49,8,49,5,48,3,44,2,48,-3,44,-6,42,-10,37,-11,31,0,0,0,0,0,0,0,0,0,0,0,0,0,0,0,0,0,0,0,0,0,0,51,-28,51,-20,54,-18,53,-13,52,-12,50,-9,48,-6,48,-1,46,-4,46,-4,43,-2,39,-4,40,-3,39,-2,35,0,33,-1,29,-7,27,-8,21,-8,24,-7,26,-11,20,-14,17,-18,16,-17,15,-19,7,-27,8,-24,8,-25,5,-32,6,-33,2,-35,-1,-38,0,-39,-7,-41,-7,-46,-9,-45,-11,-51,-13,-49,-14,-52,-19,-53,-17,-52,-23,-62,-21,-56,-28,-61,-28,-58,-34,-58,-35,-59,-32,-61,-34,-64,-37,-74,-40,-71,-43,-67,-38,-71,-38,-70,-38,-77,-36,-71,-37,-76,0,0]"
CSI_DATA,84,1a:00:00:00:00:00,-44,11,1,0,1,1,1,0,0,0,1,-96,0,11,2,1385666,0,44,0,384,0,"[0,0,0,0,0,0,0,0,0,0,0,0,6,9,6,8,6,7,6,7,6,6,5,6,6,5,6,4,6,4,6,2,6,2,6,1,6,0,6,0,6,0,6,-1,5,-2,6,-2,5,-3,6,-3,6,-4,6,-5,6,-5,6,-6,7,-6,7,-7,0,0,7,-7,8,-8,8,-8,8,-8,8,-8,9,-8,9,-8,9,-7,9,-7,9,-7,10,-6,9,-5,10,-5,9,-5,9,-4,9,-4,9,-3,8,-3,8,-3,8,-2,8,-2,7,-1,7,-1,7,0,7,0,6,1,0,0,0,0,0,0,0,0,0,0,0,0,0,0,20,73,23,70,22,66,18,63,23,61,18,55,26,48,23,42,24,40,24,37,25,36,29,29,25,31,28,22,26,23,31,13,33,10,35,9,32,7,36,1,36,-1,34,2,33,-8,34,-9,38,-10,40,-16,40,-18,41,-23,44,-24,44,-27,46,-27,48,-29,52,-29,48,-32,52,-33,60,-28,59,-26,61,-28,59,-23,63,-24,63,-25,61,-21,60,-18,60,-17,61,-13,58,-11,55,-7,60,-8,54,-1,53,-3,48,3,49,5,42,1,44,9,42,9,41,16,35,19,0,0,0,0,0,0,0,0,0,0,0,0,0,0,0,0,0,0,0,0,0,0,-22,-54,-18,-56,-13,-58,-7,-54,-5,-57,-2,-50,1,-51,0,-51,0,-51,1,-46,5,-45,1,-42,0,-44,2,-40,4,-35,-2,-36,-4,-33,-4,-32,-3,-25,-11,-28,-9,-21,-12,-24,-12,-24,-20,-20,-19,-15,-24,-14,-25,-13,-28,-13,-31,-13,-35,-8,-30,-7,-40,-5,-41,-4,-45,-3,-49,-2,-50,2,-49,3,-50,5,-51,7,-56,8,-56,11,-60,19,-58,12,-65,21,-62,22,-62,17,-69,20,-69,30,-69,27,-74,31,-71,32,-76,38,-81,29,-79,32,-80,32,-76,38,-81,31,0,0]"
CSI_DATA,85,1a:00:00:00:00:00,-44,11,1,0,1,1,1,0,0,0,1,-96,0,11,2,1394753,0,44,0,384,0,"[0,0,0,0,0,0,0,0,0,0,0,0,6,9,6,8,6,7,6,7,6,6,5,6,6,5,5,4,5,4,5,3,5,3,6,1,6,1,6,0,6,0,6,-1,6,-2,5,-2,6,-3,6,-3,6,-4,6,-4,6,-5,7,-6,7,-6,7,-6,0,0,7,-7,8,-8,8,-8,8,-8,8,-8,9,-8,9,-8,9,-7,10,-7,9,-6,10,-6,10,-5,10,-5,9,-5,9,-4,9,-4,9,-4,9,-3,9,-3,8,-2,8,-1,8,-1,7,-1,7,0,6,0,6,1,0,0,0,0,0,0,0,0,0,0,0,0,0,0,22,66,25,67,30,56,27,57,33,58,22,49,24,46,27,41,26,37,23,36,28,31,29,26,28,22,29,22,32,18,29,13,34,13,30,9,30,-1,32,-1,32,-5,35,-6,32,-11,35,-12,32,-15,38,-19,40,-22,40,-25,37,-27,42,-28,41,-29,49,-31,49,-35,50,-31,50,-35,52,-34,53,-34,50,-34,57,-32,54,-31,55,-31,60,-26,57,-26,58,-27,55,-17,57,-16,54,-14,54,-14,50,-11,49,-10,50,-9,49,-5,43,-5,42,2,41,5,38,7,36,13,0,0,0,0,0,0,0,0,0,0,0,0,0,0,0,0,0,0,0,0,0,0,-24,-56,-19,-53,-14,-55,-7,-54,-7,-53,-3,-50,-1,-52,-4,-48,0,-50,2,-49,1,-46,-1,-41,-2,-38,1,-42,3,-38,-1,-36,-4,-32,-4,-31,-10,-25,-11,-24,-15,-25,-14,-24,-16,-18,-18,-13,-19,-15,-22,-11,-26,-14,-28,-10,-30,-9,-32,-8,-33,-6,-37,-3,-40,-1,-39,0,-47,4,-45,5,-48,7,-52,6,-52,11,-54,14,-55,17,-54,15,-58,16,-60,23,-61,27,-61,23,-61,30,-61,33,-66,35,-67,37,-72,31,-73,31,-72,34,-73,35,-75,33,-75,38,-74,33,0,0]"
CSI_DATA,86,1a:00:00:00:00:00,-44,11,1,0,1,1,1,0,0,0,1,-96,0,11,2,1414750,0,44,0,384,0,"[0,0,0,0,0,0,0,0,0,0,0,0,6,10,6,9,7,8,6,8,6,6,5,6,6,5,6,5,6,4,5,3,6,3,6,2,6,1,5,0,6,0,6,-1,6,-2,6,-2,6,-3,6,-3,6,-4,7,-5,7,-5,7,-6,7,-6,8,-7,0,0,8,-7,8,-7,9,-8,9,-8,10,-7,10,-8,10,-8,10,-7,11,-7,11,-6,11,-6,11,-4,10,-4,11,-4,10,-3,10,-3,10,-3,10,-3,9,-2,9,-1,8,-1,8,-1,8,0,7,1,6,2,6,2,0,0,0,0,0,0,0,0,0,0,0,0,0,0,46,66,43,59,42,50,38,51,39,48,37,51,36,40,40,35,33,33,33,30,35,28,33,25,36,20,33,10,32,11,34,4,35,4,32,0,34,-4,32,-5,36,-9,31,-10,29,-18,32,-17,33,-24,31,-22,36,-25,34,-35,37,-40,35,-39,38,-40,41,-43,43,-41,45,-48,45,-46,47,-44,49,-43,49,-39,52,-41,52,-37,56,-38,55,-36,55,-31,56,-31,56,-24,58,-27,55,-23,55,-19,52,-14,50,-14,48,-12,52,-9,44,-7,45,-1,42,2,40,6,38,7,0,0,0,0,0,0,0,0,0,0,0,0,0,0,0,0,0,0,0,0,0,0,-42,-41,-38,-47,-37,-47,-30,-50,-28,-47,-26,-50,-21,-44,-19,-50,-20,-49,-17,-45,-14,-44,-13,-40,-17,-38,-13,-40,-14,-35,-13,-34,-13,-30,-11,-26,-18,-22,-16,-18,-18,-19,-19,-19,-19,-14,-26,-9,-24,-6,-29,-4,-26,-9,-28,2,-34,1,-38,3,-33,6,-40,11,-41,10,-41,14,-45,15,-46,16,-45,22,-45,19,-46,24,-48,35,-46,31,-52,35,-50,36,-50,38,-53,36,-52,44,-54,45,-54,45,-59,50,-60,54,-59,54,-61,57,-68,55,-62,51,-67,57,-63,53,-69,53,0,0]"
CSI_DATA,87,1a:00:00:00:00:00,-44,11,1,0,1,1,1,0,0,0,1,-96,0,11,2,1425096,0,44,0,384,0,"[0,0,0,0,0,0,0,0,0,0,0,0,-8,8,-7,8,-6,8,-6,8,-6,7,-5,6,-4,7,-3,7,-2,6,-2,6,-2,6,-1,6,0,6,0,5,1,5,2,6,2,5,3,4,4,4,4,4,4,4,5,4,6,5,6,4,7,5,7,5,0,0,8,5,9,5,9,6,9,6,9,6,9,6,9,6,9,6,9,7,8,8,8,8,7,8,6,8,6,8,6,8,6,8,5,8,5,7,4,7,4,7,3,7,2,7,2,7,1,7,0,6,0,6,0,0,0,0,0,0,0,0,0,0,0,0,0,0,-57,41,-62,42,-51,43,-46,37,-48,44,-44,36,-42,36,-35,39,-33,33,-25,33,-22,35,-20,34,-20,34,-15,33,-13,36,-5,31,-6,35,-1,33,1,30,5,32,12,34,14,32,14,32,18,32,20,34,25,33,28,33,31,36,31,34,38,35,38,37,40,38,40,39,43,42,47,39,39,46,42,47,44,49,38,50,34,51,35,50,38,51,33,55,31,52,25,53,21,52,21,48,24,53,17,47,13,47,12,47,8,43,9,45,3,45,-1,41,-1,33,-5,36,0,0,0,0,0,0,0,0,0,0,0,0,0,0,0,0,0,0,0,0,0,0,37,-46,43,-32,47,-31,48,-27,50,-27,43,-19,48,-22,47,-17,46,-18,47,-19,40,-14,36,-15,39,-15,36,-10,32,-8,33,-13,27,-13,25,-15,22,-15,21,-16,15,-14,15,-16,15,-20,10,-21,7,-21,4,-27,7,-24,0,-27,0,-31,-6,-31,-8,-33,-12,-39,-12,-36,-11,-38,-15,-41,-21,-41,-23,-47,-25,-46,-26,-44,-29,-49,-30,-45,-40,-49,-30,-48,-41,-54,-42,-48,-40,-52,-44,-51,-46,-49,-45,-53,-49,-56,-54,-58,-55,-60,-56,-62,-52,-59,-55,-59,-51,-62,-54,-71,0,0]"
CSI_DATA,88,1a:00:00:00:00:00,-44,11,1,0,1,1,1,0,0,0,1,-96,0,11,2,1434761,0,44,0,384,0,"[0,0,0,0,0,0,0,0,0,0,0,0,2,11,2,10,2,9,2,9,2,8,2,7,3,7,3,6,3,6,3,4,3,5,4,4,5,3,5,3,5,2,6,1,6,1,6,1,6,0,6,-1,7,-1,7,-2,7,-1,8,-2,8,-3,9,-3,0,0,9,-4,10,-3,11,-3,11,-3,11,-3,11,-3,11,-3,11,-3,11,-2,11,-1,11,-1,11,-1,11,0,10,0,10,1,10,1,10,1,9,1,8,1,8,2,7,2,7,3,7,3,6,3,5,4,4,4,0,0,0,0,0,0,0,0,0,0,0,0,0,0,9,70,9,69,15,66,15,62,15,61,11,57,9,50,15,53,18,46,18,41,18,36,21,37,24,30,21,25,25,26,25,18,31,13,28,12,30,12,31,6,33,3,32,2,35,-5,38,-4,39,-9,38,-6,40,-11,44,-14,43,-18,47,-20,45,-15,53,-23,50,-18,55,-24,57,-22,59,-20,57,-19,61,-21,64,-13,62,-15,61,-10,62,-12,58,-9,59,-9,59,-3,58,-3,55,-3,52,2,51,2,49,8,43,5,47,8,42,13,39,14,38,16,35,16,31,19,0,0,0,0,0,0,0,0,0,0,0,0,0,0,0,0,0,0,0,0,0,0,-13,-56,-9,-52,-1,-57,2,-57,4,-54,5,-54,3,-47,10,-49,7,-49,9,-42,10,-42,6,-42,7,-41,9,-39,6,-34,4,-34,3,-36,1,-31,-1,-27,-1,-28,-1,-23,-8,-26,-11,-23,-12,-22,-17,-22,-20,-18,-22,-19,-26,-15,-26,-18,-32,-12,-34,-12,-36,-11,-40,-11,-38,-6,-42,-7,-48,-8,-47,-4,-51,-3,-51,-1,-57,4,-55,0,-56,8,-64,3,-59,9,-62,12,-71,9,-67,13,-70,16,-71,15,-75,12,-76,13,-79,20,-82,18,-78,19,-84,19,-86,16,-78,16,0,0]"
CSI_DATA,89,1a:00:00:00:00:00,-44,11,1,0,1,1,1,0,0,0,1,-96,0,11,2,1445637,0,44,0,384,0,"[0,0,0,0,0,0,0,0,0,0,0,0,10,4,10,3,10,3,9,3,8,2,7,2,7,0,7,0,7,0,5,-1,6,-1,5,-2,5,-2,5,-3,4,-4,4,-5,3,-5,3,-5,3,-6,3,-6,2,-7,2,-8,2,-7,2,-9,2,-9,2,-9,0,0,2,-11,2,-11,2,-12,2,-12,2,-11,3,-12,3,-12,3,-11,3,-12,4,-11,5,-11,5,-10,5,-10,5,-10,5,-9,5,-9,5,-8,5,-8,5,-8,5,-7,5,-6,6,-6,5,-5,6,-5,6,-4,5,-3,0,0,0,0,0,0,0,0,0,0,0,0,0,0,58,45,56,43,55,39,49,35,53,39,44,30,48,30,47,21,41,21,39,17,43,14,34,12,40,7,39,7,33,4,36,-5,32,-8,30,-14,30,-13,28,-18,28,-18,24,-18,20,-25,25,-29,22,-29,25,-35,23,-38,20,-41,20,-38,24,-47,26,-46,24,-52,22,-54,24,-53,22,-55,28,-54,28,-61,32,-57,36,-55,32,-55,36,-52,39,-50,41,-51,41,-50,38,-42,43,-46,41,-37,41,-37,36,-33,38,-31,39,-28,41,-26,36,-22,37,-18,36,-15,38,-12,36,-5,0,0,0,0,0,0,0,0,0,0,0,0,0,0,0,0,0,0,0,0,0,0,-49,-31,-44,-35,-41,-41,-37,-42,-38,-42,-29,-45,-26,-39,-27,-39,-26,-45,-21,-37,-17,-41,-22,-37,-24,-38,-21,-36,-19,-29,-15,-29,-18,-25,-18,-25,-20,-19,-23,-19,-18,-15,-19,-13,-23,-9,-22,-5,-26,-3,-26,0,-28,0,-29,3,-32,8,-31,9,-29,14,-34,16,-32,22,-35,24,-38,26,-34,30,-35,24,-41,31,-39,35,-44,37,-40,39,-37,52,-42,43,-42,50,-39,45,-33,60,-37,59,-37,60,-42,65,-45,64,-41,64,-43,68,-48,64,-47,66,-49,70,-47,68,-45,65,0,0]"
CSI_DATA,90,1a:00:00:00:00:00,-44,11,1,0,1,1,1,0,0,0,1,-96,0,11,2,1464771,0,44,0,384,0,"[0,0,0,0,0,0,0,0,0,0,0,0,3,-12,2,-11,2,-11,1,-10,1,-9,1,-8,0,-8,-1,-8,-1,-8,-2,-7,-2,-7,-3,-6,-3,-6,-4,-5,-4,-5,-6,-5,-5,-4,-6,-4,-6,-3,-7,-3,-7,-3,-8,-2,-8,-3,-9,-2,-10,-2,-10,-2,0,0,-11,-1,-12,-2,-12,-2,-12,-1,-12,-2,-12,-2,-12,-2,-12,-2,-13,-3,-12,-4,-12,-4,-11,-5,-11,-5,-10,-5,-10,-5,-9,-5,-9,-6,-9,-5,-8,-6,-8,-5,-7,-6,-7,-6,-6,-6,-6,-6,-5,-6,-4,-6,0,0,0,0,0,0,0,0,0,0,0,0,0,0,18,-74,21,-69,15,-72,8,-65,9,-60,12,-56,4,-47,5,-53,2,-48,-8,-47,-3,-42,-5,-41,-11,-39,-9,-34,-12,-35,-17,-28,-19,-27,-21,-26,-21,-20,-28,-21,-34,-17,-31,-18,-34,-12,-40,-10,-39,-10,-39,-6,-44,-6,-48,-4,-52,-3,-53,0,-51,1,-61,2,-55,-2,-65,4,-58,1,-66,0,-61,-2,-65,-1,-71,-6,-64,-5,-63,-12,-65,-14,-64,-14,-68,-15,-59,-16,-54,-18,-59,-21,-51,-22,-49,-20,-49,-22,-43,-24,-44,-21,-39,-27,-34,-27,-30,-30,-28,-29,-25,-30,0,0,0,0,0,0,0,0,0,0,0,0,0,0,0,0,0,0,0,0,0,0,-12,56,-19,55,-22,51,-28,52,-30,46,-31,43,-30,44,-29,39,-31,45,-31,36,-30,35,-26,31,-26,34,-25,27,-21,30,-18,25,-14,31,-16,20,-15,27,-10,22,-6,21,-4,23,0,25,1,22,4,23,7,26,12,23,16,25,18,24,20,27,27,23,28,26,30,23,30,22,36,26,41,24,43,22,49,17,48,20,51,18,52,21,56,18,65,21,59,15,64,18,70,8,69,14,69,14,74,12,76,13,73,16,80,13,82,16,76,13,84,17,87,18,81,18,0,0]"
CSI_DATA,91,1a:00:00:00:00:00,-44,11,1,0,1,1,1,0,0,0,1,-96,0,11,2,1474779,0,44,0,384,0,"[0,0,0,0,0,0,0,0,0,0,0,0,-8,9,-7,9,-6,9,-6,9,-5,8,-4,7,-4,7,-3,7,-3,7,-2,6,-1,6,0,6,0,5,1,5,1,5,2,6,3,5,3,5,4,4,5,4,5,4,6,4,6,4,7,4,8,5,8,4,0,0,9,4,9,5,10,5,11,5,10,6,10,6,10,7,9,7,10,7,9,7,9,8,8,8,7,8,7,8,7,8,7,8,6,8,5,8,5,7,4,7,3,8,3,7,2,7,2,7,1,7,0,6,0,0,0,0,0,0,0,0,0,0,0,0,0,0,-47,57,-52,52,-43,54,-41,53,-37,52,-28,47,-32,46,-31,35,-26,44,-19,42,-15,41,-9,39,-13,38,-7,36,-1,36,3,36,-1,34,5,28,10,28,18,31,19,33,20,28,23,22,30,23,30,21,31,23,34,24,44,21,40,23,44,22,50,26,47,25,49,33,53,26,54,28,54,27,58,33,56,31,56,38,51,37,49,40,47,41,46,43,50,41,39,42,43,46,35,40,40,47,31,41,28,42,26,41,23,34,19,40,15,43,11,42,8,40,6,39,0,0,0,0,0,0,0,0,0,0,0,0,0,0,0,0,0,0,0,0,0,0,31,-49,34,-42,41,-43,40,-37,43,-34,41,-31,44,-31,42,-27,44,-27,43,-25,38,-21,35,-21,38,-21,34,-20,32,-19,30,-22,21,-24,26,-17,23,-15,16,-19,16,-22,14,-24,7,-24,5,-22,8,-25,-1,-28,-1,-28,-4,-32,-7,-32,-10,-34,-16,-31,-18,-32,-22,-34,-19,-37,-27,-41,-34,-39,-30,-40,-37,-40,-35,-41,-43,-41,-38,-41,-52,-45,-45,-41,-49,-40,-52,-35,-59,-44,-57,-43,-65,-40,-64,-39,-67,-45,-63,-43,-66,-43,-70,-48,-68,-48,-66,-53,-68,-47,-66,-48,0,0]"
CSI_DATA,92,1a:00:00:00:00:00,-44,11,1,0,1,1,1,0,0,0,1,-96,0,11,2,1484774,0,44,0,384,0,"[0,0,0,0,0,0,0,0,0,0,0,0,7,-9,6,-9,5,-9,5,-8,5,-8,4,-8,3,-8,2,-8,2,-7,1,-7,1,-7,0,-7,-1,-7,-2,-7,-2,-6,-3,-7,-4,-6,-4,-6,-5,-6,-6,-5,-6,-5,-7,-5,-7,-5,-8,-5,-8,-5,-9,-5,0,0,-10,-5,-10,-6,-11,-6,-11,-6,-10,-6,-11,-7,-11,-7,-11,-7,-11,-7,-10,-8,-10,-9,-9,-8,-8,-8,-8,-8,-8,-8,-7,-8,-7,-9,-6,-8,-6,-8,-6,-8,-5,-8,-5,-8,-4,-8,-3,-8,-2,-8,-2,-7,0,0,0,0,0,0,0,0,0,0,0,0,0,0,59,-42,55,-43,48,-43,45,-44,43,-42,37,-39,36,-36,31,-35,31,-38,27,-37,19,-40,14,-34,14,-40,9,-36,8,-33,4,-30,-1,-34,-3,-31,-7,-31,-13,-26,-17,-31,-19,-30,-20,-26,-22,-28,-25,-26,-31,-31,-33,-26,-40,-30,-42,-25,-44,-32,-42,-27,-46,-31,-48,-30,-49,-36,-52,-34,-51,-35,-50,-39,-49,-37,-48,-48,-45,-39,-49,-44,-46,-45,-40,-44,-42,-48,-38,-42,-36,-45,-29,-46,-32,-48,-28,-43,-25,-42,-24,-44,-20,-40,-16,-40,-11,-44,-9,-41,-9,-36,-5,-36,0,0,0,0,0,0,0,0,0,0,0,0,0,0,0,0,0,0,0,0,0,0,-44,38,-48,29,-52,27,-51,23,-52,21,-46,15,-43,17,-47,13,-48,14,-47,9,-44,11,-40,8,-40,13,-38,5,-35,8,-33,8,-29,14,-25,10,-26,10,-24,12,-18,13,-17,19,-14,20,-17,22,-10,23,-7,24,-5,29,-2,33,1,27,2,30,5,32,8,34,10,39,9,35,11,40,20,41,19,40,29,43,24,43,27,45,31,43,37,46,32,50,41,49,39,48,41,51,46,50,50,49,46,52,53,57,50,53,61,51,56,60,57,60,55,60,53,60,56,59,0,0]"
CSI_DATA,93,1a:00:00:00:00:00,-45,11,1,0,1,1,1,0,0,0,1,-96,0,11,2,1495345,0,44,0,384,0,"[0,0,0,0,0,0,0,0,0,0,0,0,3,11,3,10,4,9,3,9,3,8,3,8,4,7,4,6,4,5,4,4,4,4,5,3,5,2,5,2,5,1,6,1,5,0,6,0,6,-1,6,-2,7,-2,7,-3,7,-3,7,-4,8,-4,8,-4,0,0,9,-5,9,-6,10,-6,10,-6,10,-5,10,-5,11,-5,11,-5,11,-5,11,-4,11,-3,11,-2,11,-2,10,-2,10,-1,10,-1,9,-1,9,-1,9,0,8,0,8,1,7,1,7,1,7,2,6,3,5,3,0,0,0,0,0,0,0,0,0,0,0,0,0,0,15,69,19,64,23,63,16,62,16,65,19,57,19,51,21,46,19,43,18,40,22,33,21,32,20,31,22,30,25,24,28,20,27,14,31,13,28,5,32,6,35,3,33,-3,34,-7,37,-4,38,-7,40,-13,40,-10,44,-18,49,-19,44,-23,46,-25,54,-22,53,-22,56,-24,52,-27,60,-24,60,-23,61,-22,62,-16,66,-15,59,-13,63,-11,62,-8,62,-8,60,-3,60,-4,60,2,53,-1,53,2,51,5,51,9,45,10,44,10,39,13,38,14,37,19,31,20,0,0,0,0,0,0,0,0,0,0,0,0,0,0,0,0,0,0,0,0,0,0,-27,-50,-21,-57,-15,-57,-13,-55,-11,-55,-5,-56,0,-50,-2,-49,-1,-55,4,-46,2,-49,0,-45,0,-40,2,-39,1,-36,-2,-33,-4,-35,-5,-28,-9,-27,-3,-27,-10,-22,-10,-23,-14,-23,-17,-19,-17,-19,-23,-19,-26,-12,-27,-12,-30,-12,-37,-9,-31,-7,-41,-4,-40,-4,-41,-1,-45,-2,-45,-1,-49,0,-51,3,-53,9,-56,10,-56,8,-60,16,-62,14,-62,17,-61,23,-60,17,-66,16,-67,22,-71,21,-74,21,-71,25,-74,28,-81,21,-75,20,-82,30,-80,31,-80,21,0,0]"
CSI_DATA,94,1a:00:00:00:00:00,-45,11,1,0,1,1,1,0,0,0,1,-96,0,11,2,1516603,0,44,0,384,0,"[0,0,0,0,0,0,0,0,0,0,0,0,-12,2,-11,3,-10,3,-10,3,-9,3,-8,3,-8,3,-7,3,-6,4,-5,4,-5,4,-4,5,-4,4,-3,5,-3,5,-2,6,-1,5,-1,6,0,6,0,6,1,6,1,7,2,7,2,8,2,8,3,8,0,0,4,9,3,10,4,10,4,10,3,10,3,11,3,11,3,11,2,11,2,11,1,12,1,11,0,11,0,10,0,11,-1,10,-1,10,-1,9,-2,9,-2,8,-3,8,-3,8,-3,7,-4,6,-4,6,-4,5,0,0,0,0,0,0,0,0,0,0,0,0,0,0,-74,9,-72,10,-72,16,-63,9,-57,14,-58,14,-54,14,-52,18,-46,14,-41,18,-41,19,-32,16,-32,25,-27,24,-26,22,-18,24,-19,28,-15,29,-13,24,-10,31,-1,33,-3,29,1,35,6,36,4,38,8,42,9,43,14,41,19,44,22,45,20,49,22,53,19,51,24,58,25,48,29,60,24,61,24,63,20,62,16,60,19,63,11,60,13,66,9,65,7,60,4,62,-1,57,1,57,-2,54,-6,50,-4,48,-3,45,-8,44,-11,43,-16,39,-18,34,-20,32,0,0,0,0,0,0,0,0,0,0,0,0,0,0,0,0,0,0,0,0,0,0,58,-9,58,-4,55,1,56,3,57,10,54,9,44,8,47,11,43,15,49,12,43,17,40,12,38,9,40,11,35,14,33,9,32,5,29,4,30,4,27,-5,22,-6,25,-10,18,-10,20,-9,21,-15,17,-19,14,-19,15,-21,15,-30,15,-32,10,-29,13,-37,12,-36,6,-42,7,-48,5,-44,1,-51,5,-49,0,-50,3,-56,-3,-58,-2,-60,-7,-61,-10,-67,-8,-65,-8,-70,-15,-66,-18,-67,-19,-71,-19,-78,-15,-79,-18,-81,-15,-77,-20,-81,-14,-85,-21,-83,-15,-83,0,0]"
CSI_DATA,95,1a:00:00:00:00:00,-45,11,1,0,1,1,1,0,0,0,1,-96,0,11,2,1534758,0,44,0,384,0,"[0,0,0,0,0,0,0,0,0,0,0,0,-10,7,-8,6,-8,7,-8,6,-7,6,-6,6,-5,6,-5,6,-4,6,-3,6,-3,5,-2,6,-1,5,-1,6,0,5,1,6,2,5,2,5,2,5,3,5,4,5,4,5,5,5,6,6,6,6,7,6,0,0,7,6,8,7,8,7,9,7,8,8,8,8,8,8,8,8,8,9,7,9,7,10,6,9,6,9,5,9,5,9,4,9,4,9,4,8,3,8,3,8,2,8,2,8,1,8,0,7,0,7,-1,6,0,0,0,0,0,0,0,0,0,0,0,0,0,0,-63,42,-58,42,-51,41,-51,38,-52,40,-43,38,-40,38,-39,34,-29,33,-27,29,-23,33,-22,36,-13,34,-14,29,-11,28,-5,30,-3,32,-1,32,3,28,8,29,14,29,17,32,16,26,23,23,23,28,30,27,30,28,37,28,33,28,42,30,40,31,46,32,46,34,51,38,51,36,46,39,49,42,53,40,47,50,46,48,46,44,38,45,43,49,38,51,40,50,32,46,31,49,30,50,26,45,23,44,18,45,15,45,11,41,6,44,7,39,7,38,0,37,0,0,0,0,0,0,0,0,0,0,0,0,0,0,0,0,0,0,0,0,0,0,49,-37,47,-29,50,-26,51,-24,55,-21,46,-19,51,-12,49,-10,48,-12,52,-10,45,-9,43,-13,45,-13,38,-6,36,-6,31,-12,31,-13,32,-11,25,-13,24,-15,24,-17,18,-19,17,-23,15,-17,8,-23,8,-23,3,-30,2,-29,-1,-30,-2,-37,-7,-34,-6,-38,-12,-41,-9,-38,-11,-42,-16,-42,-21,-46,-23,-47,-25,-45,-28,-49,-31,-51,-34,-52,-35,-53,-41,-54,-41,-52,-39,-60,-44,-59,-48,-53,-47,-57,-49,-63,-52,-57,-57,-60,-53,-64,-56,-61,-59,-69,-52,-65,-56,-64,0,0]"
CSI_DATA,96,1a:00:00:00:00:00,-45,11,1,0,1,1,1,0,0,0,1,-96,0,11,2,1544763,0,44,0,384,0,"[0,0,0,0,0,0,0,0,0,0,0,0,10,-5,9,-6,8,-6,8,-6,7,-5,7,-5,5,-6,5,-6,4,-6,3,-5,3,-6,1,-6,1,-6,0,-6,0,-6,-1,-7,-1,-6,-2,-6,-3,-7,-3,-6,-4,-7,-4,-7,-4,-7,-5,-8,-6,-8,-6,-8,0,0,-7,-8,-7,-9,-7,-9,-8,-9,-7,-10,-7,-10,-7,-10,-7,-10,-7,-11,-6,-11,-6,-11,-5,-11,-4,-11,-4,-11,-4,-11,-3,-11,-3,-10,-3,-10,-2,-10,-2,-9,-1,-9,-1,-8,-1,-8,0,-8,1,-8,1,-6,0,0,0,0,0,0,0,0,0,0,0,0,0,0,68,-31,65,-31,66,-30,54,-27,52,-31,49,-30,42,-30,43,-28,35,-28,32,-29,29,-29,23,-32,25,-30,17,-26,14,-29,7,-33,10,-32,5,-35,2,-30,-3,-29,-12,-33,-10,-32,-13,-31,-15,-32,-21,-31,-21,-37,-25,-34,-35,-40,-29,-38,-35,-37,-35,-36,-36,-44,-38,-43,-41,-48,-43,-43,-42,-51,-42,-47,-41,-54,-36,-53,-36,-53,-31,-51,-33,-56,-30,-56,-31,-60,-26,-59,-22,-57,-26,-57,-22,-53,-15,-52,-14,-50,-13,-47,-11,-50,-6,-45,-5,-45,1,-44,2,-39,10,-35,0,0,0,0,0,0,0,0,0,0,0,0,0,0,0,0,0,0,0,0,0,0,-54,22,-56,17,-55,15,-58,10,-54,6,-57,3,-51,2,-48,5,-52,1,-46,0,-48,0,-41,-1,-45,1,-41,-2,-36,1,-33,-3,-31,6,-32,4,-31,5,-24,8,-22,8,-24,16,-16,14,-16,15,-17,19,-14,21,-11,23,-8,29,-10,27,-6,32,0,34,0,40,-3,38,1,44,6,45,6,44,9,48,14,47,11,52,17,56,16,55,26,53,25,59,26,60,26,58,26,56,33,60,38,60,35,59,38,68,39,67,38,71,42,75,38,69,42,78,39,74,39,71,0,0]"
CSI_DATA,97,1a:00:00:00:00:00,-45,11,1,0,1,1,1,0,0,0,1,-96,0,11,2,1556075,0,44,0,384,0,"[0,0,0,0,0,0,0,0,0,0,0,0,12,-2,11,-2,10,-3,10,-3,9,-3,8,-3,7,-4,7,-4,6,-4,5,-4,5,-5,4,-5,4,-5,3,-5,2,-6,2,-7,1,-6,1,-7,0,-7,0,-8,-1,-8,-2,-9,-2,-8,-3,-9,-3,-10,-3,-10,0,0,-4,-11,-4,-12,-4,-12,-4,-12,-3,-12,-3,-13,-3,-13,-3,-13,-3,-13,-2,-13,-1,-13,0,-13,0,-13,0,-12,1,-12,1,-12,1,-11,1,-10,2,-10,2,-10,3,-9,3,-9,3,-8,3,-7,4,-7,4,-6,0,0,0,0,0,0,0,0,0,0,0,0,0,0,38,2,37,4,33,0,31,2,30,1,29,0,26,-2,28,-4,23,-4,22,-5,18,-6,18,-7,17,-7,16,-9,14,-8,9,-10,13,-11,9,-13,7,-13,7,-15,4,-17,3,-16,1,-16,1,-18,0,-18,-2,-20,-3,-22,-4,-25,-5,-24,-7,-27,-7,-26,-7,-29,-6,-26,-6,-28,-9,-31,-4,-32,-5,-32,-7,-32,-1,-34,-2,-34,-2,-33,0,-32,2,-33,1,-34,3,-32,3,-30,4,-28,5,-30,4,-26,7,-25,8,-23,8,-23,8,-22,10,-20,11,-18,11,-17,13,-15,0,0,0,0,0,0,0,0,0,0,0,0,0,0,0,0,0,0,0,0,0,0,-31,-3,-29,-6,-29,-9,-28,-9,-28,-12,-24,-12,-23,-12,-21,-11,-24,-12,-22,-12,-20,-11,-18,-11,-20,-11,-19,-11,-18,-9,-16,-8,-16,-6,-15,-6,-13,-5,-15,-2,-14,-1,-13,0,-11,3,-13,4,-13,4,-13,7,-11,8,-10,9,-11,10,-12,13,-11,14,-10,15,-11,17,-11,19,-10,19,-9,23,-10,22,-6,24,-8,24,-7,26,-6,26,-4,28,-6,30,-4,32,-3,30,1,34,-1,36,-3,35,-1,38,-1,41,-1,40,3,40,0,41,-1,40,-2,43,0,41,-3,42,0,0]"
CSI_DATA,98,1a:00:00:00:00:00,-45,11,1,0,1,1,1,0,0,0,1,-96,0,11,2,1565195,0,44,0,384,0,"[0,0,0,0,0,0,0,0,0,0,0,0,8,8,7,7,8,6,7,6,7,5,6,4,6,4,6,3,6,2,6,1,6,1,5,0,5,-1,6,-1,5,-1,6,-3,5,-3,5,-3,5,-4,5,-5,5,-5,5,-6,4,-6,5,-7,5,-8,4,-8,0,0,6,-9,6,-10,6,-10,6,-10,7,-9,7,-9,8,-9,8,-9,8,-9,8,-9,9,-9,9,-8,8,-8,8,-7,8,-7,9,-6,8,-6,8,-5,8,-4,8,-4,8,-3,8,-3,7,-3,7,-2,7,-1,6,0,0,0,0,0,0,0,0,0,0,0,0,0,0,0,40,59,39,60,41,50,35,48,38,51,34,46,39,44,36,33,35,31,31,30,36,24,32,21,34,14,31,18,29,9,27,4,32,2,33,0,27,-5,29,-5,28,-10,32,-12,28,-16,28,-24,32,-26,28,-28,33,-28,29,-31,36,-33,35,-39,35,-41,40,-42,38,-44,37,-48,37,-49,44,-44,39,-48,47,-48,48,-45,48,-46,54,-40,52,-34,55,-34,54,-34,51,-31,53,-28,50,-23,50,-24,49,-20,46,-20,47,-18,43,-16,45,-15,42,-8,42,1,40,2,38,7,0,0,0,0,0,0,0,0,0,0,0,0,0,0,0,0,0,0,0,0,0,0,-35,-49,-28,-50,-26,-54,-26,-52,-21,-54,-14,-49,-18,-50,-14,-51,-16,-55,-11,-48,-6,-43,-10,-41,-11,-39,-6,-41,-5,-33,-3,-35,-11,-32,-10,-28,-12,-23,-16,-23,-16,-20,-21,-16,-15,-15,-23,-14,-27,-7,-26,-7,-26,-8,-29,-4,-31,-4,-31,-1,-33,0,-37,7,-39,7,-41,13,-43,13,-51,15,-44,17,-45,18,-47,20,-53,27,-49,29,-54,33,-50,32,-55,37,-50,37,-49,42,-54,44,-53,44,-54,48,-63,49,-62,47,-64,49,-70,47,-66,52,-68,53,-65,51,-64,46,0,0]"
CSI_DATA,99,1a:00:00:00:00:00,-45,11,1,0,1,1,1,0,0,0,1,-96,0,11,2,1574781,0,44,0,384,0,"[0,0,0,0,0,0,0,0,0,0,0,0,-10,-8,-9,-8,-9,-6,-9,-6,-8,-6,-8,-5,-8,-4,-8,-3,-7,-3,-7,-2,-7,-2,-7,-1,-7,0,-6,0,-6,1,-6,3,-6,3,-5,3,-5,4,-5,4,-5,5,-5,6,-5,6,-5,7,-5,7,-5,8,0,0,-5,9,-6,10,-6,10,-6,10,-7,10,-7,10,-7,10,-7,10,-8,10,-8,9,-9,9,-9,8,-9,8,-9,7,-9,7,-9,7,-9,6,-8,6,-8,5,-8,4,-8,4,-8,3,-8,3,-8,2,-8,1,-7,0,0,0,0,0,0,0,0,0,0,0,0,0,0,0,-57,-51,-51,-49,-56,-38,-47,-42,-49,-35,-43,-31,-46,-29,-44,-24,-42,-26,-40,-21,-44,-16,-33,-14,-37,-10,-38,-6,-30,-5,-31,1,-34,3,-32,10,-29,11,-27,13,-28,18,-28,20,-21,24,-21,29,-23,25,-22,32,-21,35,-18,41,-19,39,-22,47,-21,45,-25,51,-27,49,-21,51,-23,57,-29,55,-29,56,-27,58,-36,54,-34,53,-36,54,-37,50,-36,53,-36,49,-39,47,-45,42,-45,36,-42,39,-41,32,-39,33,-39,29,-41,28,-37,24,-36,20,-35,18,-35,15,-35,10,0,0,0,0,0,0,0,0,0,0,0,0,0,0,0,0,0,0,0,0,0,0,40,40,36,43,33,45,29,48,26,48,22,47,19,46,19,47,17,48,21,35,15,42,15,37,17,36,13,37,15,30,13,31,15,27,12,29,13,22,9,20,18,17,22,14,20,15,22,6,26,7,23,5,23,1,30,-1,30,-6,29,-9,30,-8,35,-14,38,-13,34,-17,38,-23,36,-20,38,-22,39,-30,41,-33,44,-36,39,-38,42,-39,47,-36,40,-45,41,-38,44,-51,43,-54,41,-54,44,-58,41,-63,50,-62,47,-58,51,-61,46,-61,52,-70,46,-67,53,-60,0,0]"
CSI_DATA,100,1a:00:00:00:00:00,-45,11,1,0,1,1,1,0,0,0,1,-96,0,11,2,1584786,0,44,0,384,0,"[0,0,0,0,0,0,0,0,0,0,0,0,5,10,5,9,6,8,5,8,5,7,4,6,5,5,5,4,5,4,5,3,5,3,5,2,5,1,5,0,5,0,5,-1,5,-2,5,-2,5,-2,6,-3,5,-4,6,-5,6,-5,6,-6,7,-7,6,-7,0,0,7,-7,8,-8,8,-8,8,-8,8,-8,9,-8,9,-8,9,-8,9,-8,10,-7,10,-6,10,-6,10,-5,10,-5,10,-5,9,-4,9,-4,9,-4,8,-3,8,-3,8,-2,8,-2,7,-1,7,0,6,0,6,1,0,0,0,0,0,0,0,0,0,0,0,0,0,0,28,62,27,65,29,60,28,59,32,53,26,50,23,44,28,41,25,38,29,34,27,31,28,28,28,23,28,20,27,17,30,13,35,5,33,1,30,-4,29,-3,35,-7,33,-7,31,-17,30,-15,28,-19,31,-22,39,-26,34,-31,35,-32,37,-40,37,-36,39,-35,39,-39,43,-45,45,-40,46,-43,44,-43,50,-43,51,-36,53,-38,51,-39,54,-37,55,-35,56,-33,54,-27,57,-25,53,-23,53,-22,47,-20,47,-16,48,-13,50,-13,45,-12,43,-6,43,-4,40,1,37,6,0,0,0,0,0,0,0,0,0,0,0,0,0,0,0,0,0,0,0,0,0,0,-20,-54,-16,-54,-13,-58,-9,-54,-7,-56,-3,-52,1,-50,-1,-49,3,-52,0,-45,3,-44,-1,-43,-3,-43,2,-40,-1,-37,-2,-35,-3,-32,-4,-29,-7,-25,-8,-25,-12,-24,-9,-22,-14,-18,-19,-13,-20,-14,-22,-14,-27,-12,-29,-13,-30,-10,-34,-9,-33,-5,-39,0,-43,-1,-40,4,-44,1,-47,5,-48,5,-50,8,-49,13,-56,18,-55,15,-55,22,-57,17,-60,25,-55,23,-63,27,-61,31,-67,31,-65,32,-70,34,-70,38,-72,39,-74,41,-70,39,-79,38,-79,42,-74,35,0,0]"
CSI_DATA,101,1a:00:00:00:00:00,-45,11,1,0,1,1,1,0,0,0,1,-96,0,11,2,1594793,0,44,0,384,0,"[0,0,0,0,0,0,0,0,0,0,0,0,-3,-12,-3,-11,-4,-10,-4,-10,-3,-9,-4,-9,-4,-8,-4,-7,-4,-6,-5,-6,-5,-5,-5,-4,-6,-4,-6,-3,-6,-2,-7,-2,-6,-1,-7,-1,-7,0,-7,1,-7,1,-8,1,-8,2,-9,3,-9,3,-9,3,0,0,-10,4,-10,4,-11,5,-11,5,-11,4,-12,4,-12,4,-12,4,-13,3,-12,3,-12,3,-12,2,-12,2,-12,1,-12,0,-11,0,-11,0,-10,0,-10,-1,-10,-1,-9,-2,-9,-2,-8,-2,-8,-3,-7,-3,-6,-4,0,0,0,0,0,0,0,0,0,0,0,0,0,0,6,-71,1,-67,-4,-69,0,-59,-5,-62,1,-55,-6,-56,-7,-51,-11,-46,-7,-42,-16,-40,-16,-40,-16,-38,-19,-33,-20,-28,-23,-25,-26,-22,-24,-16,-27,-15,-30,-10,-36,-7,-35,-9,-31,0,-37,4,-39,1,-43,7,-39,7,-45,13,-47,14,-53,15,-52,17,-56,18,-51,14,-58,19,-59,17,-63,18,-63,17,-64,16,-65,12,-69,10,-63,8,-62,4,-61,2,-66,3,-62,0,-63,1,-60,-8,-57,-3,-53,-7,-50,-10,-51,-8,-46,-10,-44,-11,-41,-18,-38,-19,-35,-22,-34,-21,0,0,0,0,0,0,0,0,0,0,0,0,0,0,0,0,0,0,0,0,0,0,-5,59,-11,57,-15,51,-21,53,-22,53,-23,50,-23,46,-25,41,-27,43,-22,36,-24,39,-22,36,-18,37,-19,38,-20,29,-19,27,-13,33,-12,28,-7,27,-4,26,-2,26,2,24,3,24,10,26,7,24,14,20,17,23,21,22,22,17,27,19,26,20,33,16,34,18,36,22,41,15,42,15,47,14,46,13,48,11,55,10,61,13,57,8,65,7,61,7,62,3,65,4,66,1,69,-3,73,-3,74,-2,75,-4,79,-4,83,0,82,-2,84,-4,84,1,82,-2,0,0]"
CSI_DATA,102,1a:00:00:00:00:00,-45,11,1,0,1,1,1,0,0,0,1,-96,0,11,2,1614747,0,44,0,384,0,"[0,0,0,0,0,0,0,0,0,0,0,0,-12,-3,-11,-2,-11,-1,-11,-2,-10,-1,-9,-1,-9,0,-8,0,-7,1,-7,2,-7,1,-6,2,-6,3,-5,3,-5,4,-4,5,-4,5,-3,5,-3,6,-2,6,-2,6,-1,7,-2,7,-1,8,-1,9,-1,9,0,0,0,10,-1,11,-1,11,0,11,-1,11,-2,11,-1,12,-1,12,-2,12,-2,11,-3,12,-4,11,-4,11,-4,10,-5,10,-5,10,-4,9,-5,9,-5,8,-5,7,-5,7,-6,6,-5,5,-6,5,-6,4,-6,3,0,0,0,0,0,0,0,0,0,0,0,0,0,0,-72,-24,-68,-27,-69,-20,-61,-21,-61,-16,-52,-16,-55,-13,-50,-10,-49,-5,-43,-3,-43,-2,-34,3,-39,6,-37,4,-25,12,-26,14,-30,14,-22,22,-21,18,-21,21,-19,27,-19,29,-10,29,-8,32,-4,34,-7,42,-4,39,-1,45,-3,48,-4,50,0,50,1,58,-1,60,0,58,2,61,-1,61,-4,63,2,65,-9,59,-7,64,-8,64,-10,60,-12,63,-12,67,-14,57,-17,57,-18,54,-20,58,-20,47,-18,42,-21,42,-23,40,-26,39,-24,37,-28,38,-29,26,-31,22,0,0,0,0,0,0,0,0,0,0,0,0,0,0,0,0,0,0,0,0,0,0,53,26,50,30,51,33,47,35,43,38,36,35,36,32,30,37,33,39,30,32,29,37,26,32,28,31,26,32,25,24,23,26,25,21,20,19,21,12,29,12,25,12,26,5,20,2,22,-5,27,-3,25,-7,26,-8,24,-12,29,-16,29,-17,26,-21,27,-23,28,-24,28,-29,27,-31,28,-33,26,-39,25,-45,34,-45,32,-52,28,-51,26,-54,23,-56,22,-57,21,-56,18,-69,21,-68,22,-67,18,-72,20,-78,22,-75,24,-81,24,-79,26,-77,23,-84,22,-77,25,-83,0,0]"
CSI_DATA,103,1a:00:00:00:00:00,-45,11,1,0,1,1,1,0,0,0,1,-96,0,11,2,1624786,0,44,0,384,0,"[0,0,0,0,0,0,0,0,0,0,0,0,0,11,0,11,1,10,1,10,1,8,1,8,2,7,2,7,2,6,3,5,3,5,4,4,4,3,5,3,5,2,5,2,5,1,5,0,6,0,6,-1,6,-1,7,-2,7,-2,8,-3,8,-3,9,-4,0,0,9,-5,10,-4,10,-5,10,-5,11,-4,11,-4,11,-5,11,-4,11,-4,12,-3,11,-3,11,-2,10,-2,11,-2,10,-1,11,-1,10,-1,10,-1,9,0,9,0,8,1,8,1,7,1,7,1,6,2,5,3,0,0,0,0,0,0,0,0,0,0,0,0,0,0,-20,68,-17,67,-15,69,-13,61,-18,58,-12,54,-7,52,-5,49,-1,46,0,41,3,39,3,39,10,39,7,31,12,31,15,29,19,22,19,22,21,18,27,20,31,15,28,11,33,6,34,4,35,5,38,6,39,-1,44,-4,50,-4,55,-5,52,-5,57,-7,53,-8,60,-12,59,-8,65,-3,64,-6,69,-4,65,0,67,2,64,4,63,7,65,12,63,5,57,13,59,11,55,16,56,13,51,16,49,16,45,16,43,18,40,21,37,23,33,24,33,25,29,27,0,0,0,0,0,0,0,0,0,0,0,0,0,0,0,0,0,0,0,0,0,0,21,-55,27,-52,30,-49,32,-47,35,-44,34,-40,35,-38,32,-37,35,-38,30,-31,35,-33,30,-30,29,-30,27,-30,27,-23,21,-23,21,-27,15,-25,11,-23,10,-24,12,-22,3,-26,0,-21,-2,-22,-5,-24,-5,-28,-13,-28,-16,-26,-16,-27,-25,-24,-21,-26,-28,-31,-34,-24,-34,-26,-35,-24,-39,-26,-40,-25,-46,-26,-46,-26,-55,-24,-53,-23,-54,-21,-62,-21,-62,-18,-59,-17,-69,-16,-72,-16,-67,-14,-74,-15,-77,-17,-78,-19,-77,-18,-86,-19,-80,-20,-84,-18,-87,-16,-81,-21,0,0]"
CSI_DATA,104,1a:00:00:00:00:00,-45,11,1,0,1,1,1,0,0,0,1,-96,0,11,2,1635126,0,44,0,384,0,"[0,0,0,0,0,0,0,0,0,0,0,0,-12,1,-11,2,-11,2,-10,2,-10,2,-8,2,-8,3,-7,3,-6,4,-6,3,-5,4,-4,4,-4,4,-3,5,-3,4,-2,6,-1,5,-1,6,-1,5,0,6,1,6,1,7,1,7,2,7,2,8,3,8,0,0,3,9,3,10,3,10,4,10,3,10,3,11,3,11,2,11,2,11,1,11,1,11,0,11,0,11,-1,10,-1,10,-1,10,-1,10,-2,9,-2,8,-2,8,-3,8,-3,8,-4,7,-4,6,-5,5,-4,4,0,0,0,0,0,0,0,0,0,0,0,0,0,0,-69,9,-69,12,-73,16,-60,15,-60,12,-61,9,-54,14,-51,19,-43,14,-43,17,-39,20,-32,20,-28,19,-27,23,-22,25,-21,27,-20,28,-16,27,-14,25,-8,27,-3,33,-3,31,2,33,2,36,4,34,8,36,13,39,16,43,18,43,27,46,16,47,17,49,19,51,19,54,19,57,18,65,18,63,18,62,13,65,11,64,11,61,10,65,4,66,4,64,1,59,-3,58,-2,56,-6,54,-6,54,-10,52,-12,46,-14,48,-15,43,-21,42,-17,36,-19,32,-22,31,0,0,0,0,0,0,0,0,0,0,0,0,0,0,0,0,0,0,0,0,0,0,51,-21,56,-18,54,-16,56,-9,54,-8,54,-2,51,-2,49,2,47,3,44,1,45,4,42,1,44,-1,39,1,37,2,34,2,32,-2,29,2,27,-2,27,-6,25,-7,23,-10,21,-10,20,-15,15,-21,15,-22,15,-22,12,-29,12,-31,7,-32,6,-32,6,-39,7,-40,2,-42,1,-45,2,-44,-5,-47,-8,-52,-6,-52,-6,-56,-7,-59,-16,-59,-9,-65,-14,-63,-16,-67,-16,-67,-18,-65,-25,-68,-20,-71,-23,-80,-27,-79,-23,-78,-22,-81,-23,-74,-24,-84,-21,-86,-16,-86,0,0]"
CSI_DATA,105,1a:00:00:00:00:00,-45,11,1,0,1,1,1,0,0,0,1,-96,0,11,2,1655790,0,44,0,384,0,"[0,0,0,0,0,0,0,0,0,0,0,0,6,-10,5,-10,4,-9,4,-9,3,-9,3,-8,2,-8,1,-8,1,-8,0,-7,-1,-7,-2,-7,-2,-6,-3,-6,-3,-6,-4,-5,-4,-5,-4,-4,-5,-4,-6,-4,-6,-4,-7,-4,-7,-3,-9,-3,-9,-3,-10,-3,0,0,-10,-3,-11,-3,-11,-4,-12,-3,-11,-4,-12,-4,-12,-4,-11,-5,-12,-5,-11,-5,-11,-6,-10,-6,-10,-6,-10,-7,-9,-6,-9,-7,-8,-6,-8,-7,-7,-7,-7,-7,-6,-7,-6,-7,-5,-7,-4,-7,-4,-7,-3,-7,0,0,0,0,0,0,0,0,0,0,0,0,0,0,46,-60,41,-53,37,-56,32,-53,30,-49,27,-43,25,-47,21,-43,19,-37,18,-40,11,-40,10,-37,3,-37,3,-35,-1,-32,-4,-34,-5,-32,-10,-26,-11,-28,-17,-27,-22,-24,-23,-23,-29,-21,-31,-16,-35,-17,-36,-17,-40,-16,-44,-16,-44,-20,-53,-14,-47,-16,-55,-13,-54,-17,-54,-14,-58,-13,-60,-22,-61,-17,-60,-21,-61,-27,-64,-20,-61,-23,-59,-32,-56,-32,-54,-36,-50,-32,-56,-33,-50,-34,-44,-33,-41,-35,-43,-29,-39,-34,-39,-36,-30,-34,-26,-37,-22,-39,-18,-37,-16,-37,0,0,0,0,0,0,0,0,0,0,0,0,0,0,0,0,0,0,0,0,0,0,-39,43,-43,37,-43,35,-48,31,-45,29,-49,26,-43,28,-47,22,-42,25,-44,17,-44,18,-42,15,-39,15,-40,15,-30,11,-30,14,-29,19,-24,15,-21,15,-20,20,-18,19,-15,24,-11,23,-9,22,-6,25,-4,27,-1,26,3,26,6,30,9,32,13,31,14,36,19,33,19,37,26,37,26,37,28,35,35,41,30,43,38,40,39,41,42,38,49,41,50,38,48,37,56,38,55,40,62,35,58,36,63,38,62,43,66,43,65,46,68,41,66,53,70,50,69,43,0,0]"
CSI_DATA,106,1a:00:00:00:00:00,-45,11,1,0,1,1,1,0,0,0,1,-96,0,11,2,1675999,0,44,0,384,0,"[0,0,0,0,0,0,0,0,0,0,0,0,10,-6,9,-6,8,-6,8,-5,7,-6,7,-5,5,-6,4,-6,4,-5,3,-5,3,-6,2,-6,2,-6,0,-6,0,-6,-1,-6,-1,-7,-1,-6,-3,-6,-2,-7,-4,-7,-4,-7,-5,-7,-5,-8,-6,-8,-7,-8,0,0,-8,-8,-7,-9,-8,-9,-8,-9,-7,-9,-8,-10,-8,-10,-7,-10,-8,-10,-7,-10,-6,-11,-6,-11,-5,-11,-5,-11,-4,-11,-4,-11,-4,-10,-3,-10,-3,-10,-2,-9,-2,-9,-1,-9,-1,-8,0,-8,0,-8,1,-7,0,0,0,0,0,0,0,0,0,0,0,0,0,0,72,-2,73,0,71,-11,61,-11,66,-14,58,-10,54,-10,55,-12,48,-14,44,-15,38,-15,36,-18,32,-20,27,-21,22,-21,16,-25,16,-29,18,-27,11,-28,7,-29,-1,-34,1,-33,-1,-34,-6,-37,-8,-41,-10,-42,-12,-41,-19,-42,-17,-47,-24,-44,-21,-49,-26,-54,-21,-53,-27,-54,-23,-53,-26,-59,-25,-57,-25,-66,-18,-64,-23,-67,-19,-63,-13,-65,-11,-67,-11,-70,-12,-62,-7,-59,-5,-58,-7,-60,-1,-56,3,-53,3,-53,4,-49,7,-48,12,-45,14,-47,15,-38,16,-38,0,0,0,0,0,0,0,0,0,0,0,0,0,0,0,0,0,0,0,0,0,0,-62,0,-62,-8,-63,-11,-58,-13,-58,-16,-51,-20,-49,-19,-47,-20,-49,-22,-45,-18,-44,-19,-38,-17,-43,-17,-42,-17,-34,-17,-30,-14,-38,-11,-30,-5,-31,-5,-26,-2,-26,1,-32,3,-25,2,-24,11,-22,12,-20,17,-21,20,-23,23,-19,23,-16,31,-12,31,-19,33,-17,41,-17,42,-15,39,-14,43,-11,46,-9,48,-11,51,-4,56,-5,55,2,59,-5,58,0,65,1,68,7,62,7,70,8,74,6,74,9,79,10,81,11,85,7,85,8,77,14,84,9,87,3,86,0,0]"
CSI_DATA,107,1a:00:00:00:00:00,-45,11,1,0,1,1,1,0,0,0,1,-96,0,11,2,1716494,0,44,0,384,0,"[0,0,0,0,0,0,0,0,0,0,0,0,-12,-4,-11,-3,-11,-3,-10,-3,-10,-2,-8,-2,-8,-1,-8,-1,-8,0,-7,1,-7,1,-6,2,-6,3,-5,3,-5,3,-4,4,-4,4,-3,4,-3,5,-3,6,-3,6,-2,7,-2,7,-2,8,-2,8,-1,9,0,0,-1,10,-1,11,-2,11,-1,11,-2,11,-2,12,-2,12,-2,11,-3,12,-3,12,-4,11,-4,11,-5,10,-5,10,-5,9,-5,9,-6,9,-5,8,-6,8,-5,7,-6,6,-6,6,-6,5,-6,5,-6,4,-6,3,0,0,0,0,0,0,0,0,0,0,0,0,0,0,-73,-21,-68,-27,-67,-19,-65,-17,-63,-15,-55,-19,-56,-11,-54,-5,-53,-8,-43,-3,-44,2,-38,3,-39,11,-35,7,-31,9,-29,13,-25,19,-26,16,-24,21,-20,25,-17,27,-17,29,-9,32,-12,35,-6,35,-4,41,-3,41,-3,49,-3,48,-1,53,-1,52,6,55,2,59,5,60,3,62,1,65,3,67,7,64,1,60,0,67,-8,68,-11,70,-11,64,-14,65,-17,60,-19,60,-19,57,-17,58,-22,49,-21,50,-21,46,-20,45,-22,43,-21,40,-27,35,-27,28,-29,24,0,0,0,0,0,0,0,0,0,0,0,0,0,0,0,0,0,0,0,0,0,0,53,29,51,29,50,28,49,35,46,38,39,39,37,35,34,40,36,38,35,35,27,36,27,35,30,29,29,31,26,29,25,27,26,21,20,23,24,16,27,8,27,5,24,5,22,1,23,-2,28,-2,24,-5,28,-7,24,-11,29,-16,28,-23,27,-22,30,-23,30,-26,24,-31,27,-36,24,-41,27,-42,31,-43,30,-46,31,-51,23,-49,25,-58,23,-55,26,-63,19,-59,17,-68,16,-66,17,-71,15,-74,17,-80,24,-77,23,-81,22,-78,18,-79,24,-84,23,-86,24,-82,0,0]"
CSI_DATA,108,1a:00:00:00:00:00,-45,11,1,0,1,1,1,0,0,0,1,-96,0,11,2,1726058,0,44,0,384,0,"[0,0,0,0,0,0,0,0,0,0,0,0,10,-7,8,-7,8,-7,8,-6,7,-6,6,-5,5,-6,4,-6,4,-6,3,-6,2,-7,2,-6,1,-6,1,-6,0,-6,-1,-6,-2,-6,-2,-6,-3,-6,-4,-6,-4,-6,-5,-6,-5,-7,-6,-7,-6,-8,-7,-7,0,0,-7,-8,-8,-9,-8,-9,-8,-9,-8,-9,-8,-10,-8,-10,-8,-10,-8,-10,-7,-11,-7,-11,-6,-11,-5,-11,-5,-10,-4,-11,-4,-11,-4,-10,-3,-10,-3,-10,-3,-9,-2,-9,-1,-9,-1,-9,0,-8,1,-8,1,-7,0,0,0,0,0,0,0,0,0,0,0,0,0,0,67,-31,67,-23,63,-33,55,-25,54,-29,44,-23,41,-29,44,-27,38,-29,36,-27,30,-28,25,-25,23,-27,21,-26,18,-28,12,-32,10,-32,0,-31,2,-30,-3,-34,-7,-31,-4,-28,-10,-33,-13,-32,-16,-35,-18,-36,-27,-37,-28,-36,-29,-42,-36,-37,-34,-39,-33,-41,-34,-46,-35,-47,-39,-48,-34,-50,-39,-53,-36,-54,-35,-57,-33,-56,-34,-51,-29,-58,-22,-61,-26,-59,-18,-56,-16,-56,-18,-58,-12,-60,-10,-56,-12,-50,-6,-51,-5,-49,-1,-45,2,-46,5,-45,7,-39,9,-36,0,0,0,0,0,0,0,0,0,0,0,0,0,0,0,0,0,0,0,0,0,0,-49,30,-50,25,-53,24,-58,19,-53,13,-51,11,-52,11,-48,9,-46,6,-47,8,-41,2,-37,7,-45,8,-40,0,-30,2,-34,5,-28,8,-31,6,-29,8,-26,12,-22,11,-23,14,-19,15,-18,18,-16,20,-9,22,-12,22,-7,26,-9,29,-7,31,0,32,2,36,4,37,1,40,6,45,7,43,10,47,18,47,13,44,20,48,16,51,21,53,23,57,26,62,29,53,32,64,32,60,37,61,34,58,34,66,37,68,41,65,36,72,39,70,42,75,38,76,40,74,0,0]"
CSI_DATA,109,1a:00:00:00:00:00,-45,11,1,0,1,1,1,0,0,0,1,-96,0,11,2,1734769,0,44,0,384,0,"[0,0,0,0,0,0,0,0,0,0,0,0,9,6,9,5,9,4,9,4,8,3,7,3,7,2,7,1,6,1,6,0,6,-1,6,-1,5,-2,5,-2,4,-3,5,-4,4,-5,3,-4,3,-6,3,-6,3,-7,3,-7,2,-7,3,-9,3,-9,2,-10,0,0,2,-11,3,-11,3,-12,3,-11,3,-12,3,-12,3,-12,3,-12,4,-12,4,-11,5,-11,5,-11,5,-10,5,-10,6,-9,6,-10,6,-8,6,-8,6,-8,5,-7,6,-6,6,-6,6,-5,6,-5,6,-4,6,-3,0,0,0,0,0,0,0,0,0,0,0,0,0,0,40,61,40,57,45,49,41,52,38,46,34,36,37,38,41,35,38,29,31,27,30,22,30,18,32,16,33,12,30,6,31,1,34,-2,29,-5,23,-7,28,-11,31,-14,27,-19,23,-19,28,-21,27,-27,27,-33,24,-34,24,-41,29,-40,25,-46,22,-40,30,-46,26,-48,32,-51,30,-50,37,-54,37,-56,35,-51,45,-50,44,-48,44,-45,46,-46,43,-45,48,-42,45,-40,48,-36,45,-35,46,-32,41,-26,45,-27,43,-27,43,-20,42,-20,43,-13,40,-12,38,-5,38,4,0,0,0,0,0,0,0,0,0,0,0,0,0,0,0,0,0,0,0,0,0,0,-40,-48,-32,-49,-28,-50,-22,-51,-23,-53,-19,-48,-17,-50,-13,-50,-14,-46,-14,-44,-15,-47,-8,-44,-14,-40,-16,-40,-11,-33,-10,-34,-11,-30,-15,-31,-14,-22,-15,-25,-14,-20,-19,-20,-22,-15,-26,-14,-29,-12,-27,-9,-23,-5,-27,-3,-31,0,-32,3,-31,7,-39,7,-38,7,-39,12,-42,12,-43,16,-40,18,-45,23,-46,25,-45,27,-47,29,-51,37,-51,33,-50,38,-48,42,-57,45,-52,41,-51,48,-53,51,-58,51,-58,52,-59,53,-60,49,-56,50,-66,59,-58,54,-62,54,0,0]"
CSI_DATA,110,1a:00:00:00:00:00,-45,11,1,0,1,1,1,0,0,0,1,-96,0,11,2,1746000,0,44,0,384,0,"[0,0,0,0,0,0,0,0,0,0,0,0,-2,-12,-2,-11,-3,-10,-3,-10,-2,-9,-3,-9,-3,-8,-4,-7,-4,-7,-4,-6,-4,-6,-5,-5,-5,-4,-5,-3,-5,-3,-6,-2,-6,-2,-6,-1,-7,0,-7,0,-7,0,-7,1,-8,1,-8,2,-9,2,-9,3,0,0,-10,3,-11,3,-11,3,-11,4,-11,3,-12,3,-12,3,-12,2,-12,2,-12,2,-12,1,-12,1,-12,1,-11,0,-11,-1,-11,-1,-11,-1,-10,-1,-10,-2,-9,-2,-9,-3,-8,-3,-8,-3,-7,-4,-7,-4,-6,-4,0,0,0,0,0,0,0,0,0,0,0,0,0,0,-6,-77,-4,-69,-10,-65,-9,-61,-11,-59,-9,-59,-12,-52,-16,-52,-12,-43,-18,-42,-15,-40,-19,-38,-20,-33,-19,-25,-21,-27,-24,-21,-29,-18,-27,-14,-26,-12,-29,-5,-33,-6,-32,-3,-36,3,-36,5,-35,9,-39,10,-39,11,-43,15,-43,19,-50,18,-48,20,-49,19,-51,19,-54,23,-51,25,-61,23,-61,24,-58,20,-61,22,-63,21,-56,12,-65,13,-65,10,-61,8,-61,4,-62,6,-60,4,-52,-2,-58,-2,-55,-1,-48,-3,-49,-6,-47,-7,-40,-10,-38,-19,-42,-17,-35,-22,0,0,0,0,0,0,0,0,0,0,0,0,0,0,0,0,0,0,0,0,0,0,9,60,1,58,-5,54,-8,58,-11,53,-13,54,-12,49,-17,50,-11,46,-13,41,-16,40,-14,39,-10,43,-11,34,-10,34,-10,32,-5,34,-2,29,-2,25,0,23,4,27,5,21,6,21,8,22,14,19,17,19,18,18,23,21,25,15,25,16,32,12,35,13,35,12,37,10,40,7,44,6,49,8,48,5,50,2,50,-4,59,-4,56,-2,62,-2,60,-9,62,-8,66,-11,70,-12,69,-11,69,-11,75,-15,80,-13,77,-14,84,-16,78,-18,82,-17,81,-19,82,-14,0,0]"
CSI_DATA,111,1a:00:00:00:00:00,-45,11,1,0,1,1,1,0,0,0,1,-96,0,11,2,1754762,0,44,0,384,0,"[0,0,0,0,0,0,0,0,0,0,0,0,8,8,8,7,8,6,7,6,7,5,6,5,7,4,6,3,6,2,6,1,6,1,6,0,5,0,5,-2,4,-2,5,-3,4,-3,5,-4,4,-4,4,-5,4,-6,4,-6,4,-6,4,-8,4,-9,4,-9,0,0,4,-10,5,-10,5,-11,5,-11,5,-11,6,-11,6,-11,6,-10,7,-10,7,-10,8,-10,8,-9,7,-9,7,-8,8,-8,8,-7,7,-7,7,-7,7,-6,7,-5,8,-5,7,-4,7,-4,7,-3,7,-2,6,-2,0,0,0,0,0,0,0,0,0,0,0,0,0,0,45,58,43,55,47,51,37,50,37,52,36,45,32,37,36,34,32,30,32,33,32,24,27,23,30,22,29,12,27,8,29,6,29,1,31,-5,28,-7,27,-7,31,-12,27,-14,28,-19,30,-19,28,-23,27,-26,30,-29,25,-35,30,-41,32,-44,28,-40,32,-48,26,-48,29,-50,31,-47,39,-48,38,-50,38,-50,43,-46,44,-48,44,-43,49,-45,45,-43,40,-43,45,-37,46,-34,49,-32,47,-33,41,-25,44,-26,43,-22,43,-19,44,-15,42,-9,43,-13,41,-6,36,-1,0,0,0,0,0,0,0,0,0,0,0,0,0,0,0,0,0,0,0,0,0,0,-36,-46,-30,-49,-28,-51,-23,-54,-18,-53,-15,-56,-14,-51,-11,-50,-12,-52,-10,-46,-4,-46,-6,-43,-12,-42,-7,-40,-5,-34,-5,-34,-12,-34,-11,-31,-13,-26,-16,-23,-16,-20,-16,-21,-15,-18,-20,-13,-24,-12,-25,-8,-24,-9,-27,-2,-30,-3,-35,2,-32,0,-40,7,-37,6,-39,8,-46,13,-45,12,-45,17,-48,23,-44,23,-50,31,-48,31,-48,30,-51,36,-52,37,-51,36,-50,38,-53,39,-54,41,-57,46,-54,46,-57,52,-58,56,-65,50,-59,43,-63,60,-64,54,-64,52,0,0]"
CSI_DATA,112,1a:00:00:00:00:00,-45,11,1,0,1,1,1,0,0,0,1,-96,0,11,2,1767278,0,44,0,384,0,"[0,0,0,0,0,0,0,0,0,0,0,0,7,8,7,7,7,7,7,6,6,5,6,5,6,4,6,3,6,3,5,2,5,1,5,1,5,0,5,-1,5,-1,5,-2,5,-3,4,-3,4,-4,5,-5,5,-5,5,-6,4,-6,5,-7,5,-7,5,-8,0,0,5,-9,6,-9,6,-10,6,-10,6,-10,7,-10,7,-10,7,-10,7,-10,7,-9,8,-9,8,-8,8,-8,8,-7,8,-7,9,-7,8,-6,8,-6,8,-5,7,-5,7,-4,7,-4,7,-3,7,-2,7,-2,6,-1,0,0,0,0,0,0,0,0,0,0,0,0,0,0,39,58,32,63,37,55,37,49,37,53,31,41,33,38,33,34,35,32,28,31,33,24,28,22,28,20,35,15,28,15,27,11,33,3,30,0,25,-2,29,-3,26,-15,28,-13,23,-17,24,-21,28,-28,31,-30,28,-28,28,-35,30,-35,31,-42,31,-40,30,-44,35,-45,33,-43,37,-51,35,-44,39,-51,39,-51,42,-49,43,-48,47,-49,52,-42,47,-39,49,-36,44,-34,50,-36,46,-28,52,-33,42,-24,45,-27,43,-19,42,-20,42,-19,40,-10,43,-8,38,-7,35,1,0,0,0,0,0,0,0,0,0,0,0,0,0,0,0,0,0,0,0,0,0,0,-29,-51,-18,-51,-22,-57,-15,-54,-15,-58,-7,-49,-10,-53,-8,-52,-10,-51,-4,-49,-1,-49,-2,-45,-4,-41,-2,-42,-3,-37,-6,-37,-10,-30,-8,-28,-12,-24,-14,-26,-15,-19,-19,-24,-16,-23,-19,-13,-24,-12,-24,-7,-27,-13,-29,-4,-35,-5,-34,0,-36,3,-37,-1,-40,7,-41,7,-45,8,-45,13,-46,17,-49,15,-47,16,-52,21,-51,24,-55,30,-51,27,-57,34,-50,28,-57,33,-54,37,-54,43,-59,45,-69,46,-64,43,-66,44,-64,43,-66,46,-73,50,-64,47,-68,48,0,0]"
CSI_DATA,113,1a:00:00:00:00:00,-45,11,1,0,1,1,1,0,0,0,1,-96,0,11,2,1774914,0,44,0,384,0,"[0,0,0,0,0,0,0,0,0,0,0,0,11,-4,10,-4,9,-4,9,-4,8,-4,7,-4,6,-4,6,-4,5,-4,5,-5,4,-5,3,-5,3,-6,1,-6,1,-6,0,-6,0,-6,-1,-6,-1,-7,-2,-7,-3,-7,-3,-7,-3,-7,-4,-8,-5,-9,-5,-9,0,0,-6,-9,-6,-10,-6,-10,-7,-11,-6,-11,-6,-11,-6,-11,-5,-11,-6,-11,-5,-12,-5,-12,-3,-12,-3,-12,-4,-11,-3,-11,-3,-11,-2,-11,-2,-10,-1,-10,-1,-9,0,-9,0,-9,0,-9,1,-8,2,-7,2,-7,0,0,0,0,0,0,0,0,0,0,0,0,0,0,74,-22,72,-21,67,-29,58,-26,62,-25,55,-23,50,-28,49,-22,44,-25,41,-25,30,-28,26,-27,26,-27,24,-27,19,-28,15,-29,15,-27,9,-30,4,-28,0,-29,-6,-35,-5,-34,-11,-34,-16,-34,-17,-34,-17,-37,-23,-41,-27,-37,-28,-43,-33,-39,-30,-39,-34,-45,-31,-46,-38,-48,-36,-48,-36,-56,-38,-56,-34,-58,-36,-61,-35,-57,-31,-58,-31,-64,-26,-58,-27,-62,-22,-59,-24,-62,-18,-59,-15,-56,-11,-53,-13,-51,-8,-50,-3,-51,-4,-49,-2,-46,4,-43,7,-37,14,-36,0,0,0,0,0,0,0,0,0,0,0,0,0,0,0,0,0,0,0,0,0,0,-57,20,-58,11,-57,9,-61,6,-58,1,-56,-1,-55,-5,-51,-8,-52,-7,-48,-10,-47,-6,-44,-5,-47,-6,-43,-5,-38,-5,-37,-2,-32,2,-28,1,-32,0,-28,9,-24,5,-24,12,-22,11,-21,16,-20,16,-14,23,-18,22,-13,24,-14,29,-13,32,-5,29,-6,39,-5,42,-1,42,-6,47,2,43,6,52,7,52,4,51,9,57,12,55,19,55,15,60,19,64,20,59,23,68,22,66,24,67,26,65,29,74,29,75,33,68,30,77,31,77,33,80,32,83,31,81,0,0]"
CSI_DATA,114,1a:00:00:00:00:00,-45,11,1,0,1,1,1,0,0,0,1,-96,0,11,2,1814845,0,44,0,384,0,"[0,0,0,0,0,0,0,0,0,0,0,0,3,-11,2,-11,1,-11,1,-10,1,-9,1,-9,-1,-8,-1,-8,-1,-7,-2,-7,-2,-6,-3,-6,-4,-5,-4,-5,-4,-4,-5,-4,-5,-3,-6,-3,-6,-3,-7,-2,-7,-2,-8,-1,-8,-1,-9,0,-9,-1,-9,0,0,0,-11,0,-11,0,-12,0,-12,0,-11,0,-12,0,-12,-1,-12,-1,-12,-1,-13,-2,-12,-2,-12,-3,-11,-3,-11,-3,-11,-4,-11,-3,-10,-4,-10,-3,-9,-4,-9,-4,-8,-5,-8,-5,-7,-5,-7,-5,-6,-6,-5,-5,0,0,0,0,0,0,0,0,0,0,0,0,0,0,30,-69,27,-64,18,-71,22,-62,18,-62,21,-52,18,-53,15,-51,13,-48,5,-45,3,-45,0,-41,-5,-39,-5,-34,-5,-35,-13,-30,-23,-30,-19,-25,-23,-22,-23,-21,-29,-18,-26,-15,-31,-12,-36,-13,-35,-8,-40,-7,-42,-1,-44,-3,-48,0,-51,-2,-53,3,-61,-2,-57,0,-62,-3,-66,2,-65,-4,-65,0,-67,0,-67,-4,-67,-6,-65,-10,-60,-15,-65,-13,-64,-13,-57,-17,-61,-18,-58,-21,-57,-23,-52,-18,-47,-18,-48,-23,-44,-21,-42,-24,-37,-28,-33,-31,-32,-29,-26,-32,0,0,0,0,0,0,0,0,0,0,0,0,0,0,0,0,0,0,0,0,0,0,-32,52,-39,46,-42,42,-42,41,-44,34,-45,34,-41,32,-41,32,-43,31,-44,27,-42,26,-36,26,-34,26,-37,21,-35,19,-26,20,-26,22,-23,20,-20,21,-16,22,-12,17,-10,26,-6,24,-3,25,-4,25,4,27,8,27,7,32,7,27,16,30,13,28,22,31,24,33,28,29,31,29,35,33,37,33,41,31,40,32,47,35,48,34,52,29,56,33,60,28,59,26,59,27,64,27,71,23,70,22,71,26,72,27,81,25,83,34,75,26,82,27,85,26,80,28,0,0]"
CSI_DATA,115,1a:00:00:00:00:00,-45,11,1,0,1,1,1,0,0,0,1,-96,0,11,2,1835082,0,44,0,384,0,"[0,0,0,0,0,0,0,0,0,0,0,0,11,4,10,3,10,2,10,2,8,2,7,1,7,0,6,0,6,-1,6,-2,6,-2,5,-3,5,-3,4,-4,4,-4,3,-5,3,-5,2,-5,2,-6,2,-7,1,-7,1,-7,1,-8,0,-9,1,-10,0,-10,0,0,0,-11,0,-12,0,-12,0,-12,0,-12,0,-12,0,-13,1,-12,1,-12,2,-12,2,-12,2,-12,3,-11,3,-11,3,-11,4,-10,4,-10,3,-9,4,-9,4,-8,5,-8,5,-7,5,-7,5,-6,5,-5,5,-5,0,0,0,0,0,0,0,0,0,0,0,0,0,0,72,33,59,28,68,26,53,27,52,26,52,22,50,23,51,15,43,15,44,13,40,8,38,1,33,-1,34,-4,29,-4,28,-10,33,-17,27,-18,21,-16,20,-20,19,-30,19,-23,15,-28,15,-30,12,-36,9,-35,8,-38,7,-44,6,-47,4,-51,4,-49,4,-56,5,-55,7,-60,6,-57,9,-67,9,-60,8,-66,15,-64,13,-63,19,-55,18,-62,25,-59,21,-61,25,-58,25,-53,28,-52,24,-50,29,-45,25,-44,27,-39,27,-39,27,-35,29,-29,33,-27,35,-26,33,-20,0,0,0,0,0,0,0,0,0,0,0,0,0,0,0,0,0,0,0,0,0,0,-54,-31,-52,-34,-46,-35,-44,-41,-38,-42,-37,-41,-33,-40,-32,-42,-33,-40,-28,-39,-25,-41,-29,-36,-29,-33,-27,-32,-22,-34,-22,-26,-24,-24,-21,-24,-23,-20,-22,-15,-27,-15,-23,-11,-19,-8,-27,-5,-27,3,-29,4,-27,3,-31,5,-31,12,-34,17,-28,16,-33,25,-38,23,-30,25,-36,29,-31,29,-29,36,-32,39,-32,40,-35,41,-32,49,-33,50,-34,53,-32,57,-31,56,-35,59,-29,63,-27,67,-30,70,-30,67,-28,73,-28,71,-33,73,-30,73,-33,80,-31,77,-33,73,0,0]"
CSI_DATA,116,1a:00:00:00:00:00,-45,11,1,0,1,1,1,0,0,0,1,-96,0,11,2,1844927,0,44,0,384,0,"[0,0,0,0,0,0,0,0,0,0,0,0,6,-11,5,-10,4,-10,4,-9,2,-9,3,-8,2,-8,2,-7,1,-8,0,-7,-1,-7,-1,-6,-2,-6,-3,-6,-3,-6,-4,-6,-4,-5,-5,-4,-5,-4,-6,-4,-6,-4,-7,-4,-7,-4,-9,-3,-9,-3,-9,-4,0,0,-10,-3,-11,-4,-11,-4,-12,-4,-11,-4,-12,-4,-12,-5,-12,-5,-12,-5,-11,-6,-11,-6,-10,-7,-10,-7,-9,-7,-9,-7,-9,-7,-8,-7,-8,-7,-7,-7,-7,-7,-6,-7,-6,-7,-5,-7,-4,-7,-3,-7,-2,-7,0,0,0,0,0,0,0,0,0,0,0,0,0,0,59,-49,54,-44,49,-50,42,-48,42,-46,44,-44,35,-35,32,-40,31,-37,23,-40,18,-39,13,-33,10,-35,9,-32,8,-32,-2,-31,0,-30,-7,-30,-4,-29,-12,-27,-19,-30,-18,-25,-25,-27,-26,-23,-26,-22,-27,-26,-34,-27,-38,-28,-41,-25,-47,-23,-44,-27,-53,-29,-47,-29,-50,-31,-53,-28,-53,-36,-58,-32,-58,-35,-56,-41,-54,-42,-51,-39,-50,-45,-51,-47,-50,-44,-42,-43,-39,-46,-42,-48,-33,-46,-36,-45,-33,-42,-26,-44,-26,-43,-22,-42,-15,-45,-14,-43,-12,-44,-7,-39,0,0,0,0,0,0,0,0,0,0,0,0,0,0,0,0,0,0,0,0,0,0,-45,40,-51,34,-51,31,-55,28,-50,20,-51,26,-50,19,-51,17,-53,19,-48,18,-48,13,-44,13,-45,12,-44,9,-37,10,-32,7,-31,14,-26,10,-29,11,-21,17,-22,14,-21,22,-11,22,-15,20,-8,18,-6,25,-2,26,-3,26,3,29,5,36,4,34,9,33,12,36,15,37,17,38,21,41,27,39,26,48,27,46,29,49,31,50,35,50,38,48,39,49,45,50,43,50,51,50,51,48,54,52,56,51,55,56,57,54,59,59,58,53,63,62,63,62,59,59,0,0]"
CSI_DATA,117,1a:00:00:00:00:00,-45,11,1,0,1,1,1,0,0,0,1,-96,0,11,2,1855022,0,44,0,384,0,"[0,0,0,0,0,0,0,0,0,0,0,0,6,-10,6,-10,5,-10,5,-9,4,-8,3,-8,2,-8,2,-8,1,-7,1,-6,0,-7,-1,-6,-2,-6,-2,-6,-2,-6,-3,-6,-4,-5,-4,-5,-5,-4,-6,-4,-6,-5,-7,-4,-7,-4,-8,-4,-9,-4,-9,-4,0,0,-10,-4,-10,-5,-11,-4,-11,-4,-11,-5,-11,-6,-11,-6,-11,-6,-11,-6,-11,-7,-11,-7,-10,-7,-9,-8,-9,-8,-8,-8,-8,-8,-8,-8,-8,-8,-7,-8,-6,-7,-5,-8,-5,-8,-4,-8,-4,-7,-3,-8,-2,-7,0,0,0,0,0,0,0,0,0,0,0,0,0,0,63,-48,57,-43,52,-46,49,-44,49,-43,43,-39,36,-35,35,-35,31,-35,26,-39,23,-35,17,-33,20,-36,11,-32,9,-33,4,-32,1,-33,-1,-26,-9,-30,-6,-32,-14,-28,-19,-30,-19,-27,-21,-28,-23,-26,-23,-29,-31,-27,-40,-27,-36,-31,-48,-23,-44,-28,-52,-35,-46,-32,-45,-36,-49,-35,-49,-42,-50,-44,-50,-41,-49,-44,-45,-48,-47,-43,-49,-46,-43,-50,-39,-48,-38,-50,-36,-48,-31,-49,-30,-52,-30,-46,-25,-45,-22,-46,-16,-45,-14,-46,-7,-43,-5,-48,-8,-42,-1,-40,0,0,0,0,0,0,0,0,0,0,0,0,0,0,0,0,0,0,0,0,0,0,-42,44,-44,38,-50,35,-50,31,-52,26,-49,23,-50,23,-47,19,-52,17,-47,14,-45,16,-42,11,-41,20,-41,11,-39,15,-33,9,-27,14,-28,11,-30,13,-24,18,-25,18,-21,18,-17,20,-12,20,-11,24,-7,27,-4,29,-6,33,-3,29,6,32,6,33,9,35,9,39,13,41,13,43,19,46,18,43,29,43,25,42,34,49,32,47,38,46,37,50,37,45,40,47,49,49,51,52,49,54,54,55,54,53,56,55,62,55,59,64,54,59,60,64,64,65,51,60,0,0]"
CSI_DATA,118,1a:00:00:00:00:00,-45,11,1,0,1,1,1,0,0,0,1,-96,0,11,2,1864779,0,44,0,384,0,"[0,0,0,0,0,0,0,0,0,0,0,0,4,10,4,10,4,9,4,9,4,7,4,7,4,6,4,5,4,5,4,4,5,3,5,3,5,2,6,1,5,0,5,0,5,-1,5,-2,5,-2,6,-3,5,-3,6,-4,6,-4,7,-5,7,-6,7,-6,0,0,7,-7,9,-7,9,-8,9,-8,9,-7,9,-7,10,-7,10,-7,10,-7,10,-6,10,-6,10,-5,10,-5,10,-4,10,-4,10,-3,9,-3,9,-3,9,-2,9,-2,8,-1,8,-1,8,0,7,0,7,1,6,1,0,0,0,0,0,0,0,0,0,0,0,0,0,0,7,76,9,73,13,64,11,64,14,64,12,52,11,49,16,50,20,40,14,41,15,36,17,34,16,34,22,26,21,23,23,18,29,16,28,12,25,6,27,4,29,-2,28,0,29,-5,33,-9,36,-11,39,-13,40,-17,38,-26,41,-22,46,-28,44,-29,48,-28,46,-23,51,-34,50,-35,55,-32,59,-31,55,-29,61,-27,65,-23,61,-26,62,-24,63,-22,61,-18,59,-13,58,-13,58,-9,59,-12,54,-4,50,-5,54,-3,54,2,48,4,45,7,43,7,41,10,32,15,0,0,0,0,0,0,0,0,0,0,0,0,0,0,0,0,0,0,0,0,0,0,-6,-61,1,-61,1,-61,8,-58,10,-55,14,-53,16,-53,15,-51,16,-54,15,-49,16,-45,13,-46,11,-45,13,-42,10,-33,11,-36,5,-36,4,-34,0,-28,0,-27,-4,-20,-6,-24,-8,-26,-11,-24,-16,-22,-18,-23,-19,-19,-25,-20,-23,-19,-29,-14,-30,-13,-36,-13,-40,-14,-40,-13,-42,-10,-45,-8,-49,-5,-50,-3,-53,-4,-59,3,-60,2,-61,5,-64,0,-64,5,-65,10,-65,4,-71,12,-75,12,-76,13,-76,15,-78,19,-81,22,-84,16,-79,16,-82,20,-84,23,-85,12,0,0]"
CSI_DATA,119,1a:00:00:00:00:00,-45,11,1,0,1,1,1,0,0,0,1,-96,0,11,2,1875014,0,44,0,384,0,"[0,0,0,0,0,0,0,0,0,0,0,0,9,-7,8,-7,7,-7,7,-7,7,-7,6,-6,5,-7,4,-6,3,-6,2,-6,2,-7,1,-6,1,-6,0,-6,0,-6,-2,-6,-2,-6,-3,-6,-3,-5,-4,-6,-5,-6,-5,-6,-6,-6,-6,-6,-7,-7,-7,-6,0,0,-8,-7,-9,-7,-9,-7,-10,-8,-9,-8,-9,-8,-9,-9,-9,-9,-9,-9,-8,-10,-8,-10,-7,-10,-7,-10,-6,-9,-6,-10,-6,-10,-5,-10,-5,-9,-4,-9,-4,-9,-3,-9,-3,-8,-2,-8,-1,-8,0,-8,0,-7,0,0,0,0,0,0,0,0,0,0,0,0,0,0,71,-31,65,-29,65,-35,58,-31,52,-35,50,-32,48,-27,46,-28,38,-30,34,-26,27,-28,26,-32,21,-29,19,-27,18,-30,10,-33,7,-32,6,-32,3,-31,-2,-32,-8,-34,-17,-29,-15,-29,-18,-28,-17,-34,-24,-30,-24,-34,-31,-25,-33,-33,-42,-34,-37,-36,-46,-38,-41,-37,-48,-38,-48,-38,-47,-50,-47,-47,-50,-44,-42,-50,-44,-52,-38,-47,-39,-54,-36,-60,-38,-55,-31,-51,-34,-52,-30,-54,-28,-55,-27,-49,-18,-51,-20,-49,-17,-49,-14,-45,-8,-47,-5,-44,-1,-42,1,-38,0,0,0,0,0,0,0,0,0,0,0,0,0,0,0,0,0,0,0,0,0,0,-60,21,-58,13,-55,6,-61,7,-58,4,-56,2,-51,-1,-55,-4,-55,-5,-50,-2,-48,-7,-45,-3,-46,-4,-41,-5,-41,-6,-36,2,-36,3,-29,0,-30,2,-27,9,-24,5,-24,13,-22,14,-21,16,-20,18,-12,24,-13,27,-11,26,-10,25,-11,33,-3,29,-5,39,-4,41,-2,43,0,43,3,51,9,44,12,50,9,52,14,56,18,61,15,58,23,58,24,63,23,58,26,61,31,66,35,62,38,61,38,69,38,70,39,71,34,73,36,75,37,78,34,77,41,76,0,0]"
CSI_DATA,120,1a:00:00:00:00:00,-45,11,1,0,1,1,1,0,0,0,1,-96,0,11,2,1884774,0,44,0,384,0,"[0,0,0,0,0,0,0,0,0,0,0,0,-3,11,-2,10,-1,9,-2,9,-1,9,-1,8,0,7,0,7,1,6,1,5,2,5,2,5,3,4,3,4,4,3,4,3,4,2,5,2,5,1,6,1,6,1,7,0,7,0,8,-1,9,-1,9,-2,0,0,9,-1,10,-2,10,-2,11,-2,10,-1,11,-1,11,-1,11,-1,11,0,12,0,11,1,11,1,10,2,10,2,10,2,10,2,9,2,9,3,8,2,8,3,8,4,7,3,6,4,6,4,5,4,4,4,0,0,0,0,0,0,0,0,0,0,0,0,0,0,-28,74,-31,62,-22,66,-21,64,-16,65,-17,57,-15,51,-15,50,-9,43,-12,45,-2,40,0,38,4,38,6,30,10,34,15,27,14,28,18,25,24,20,26,17,25,17,25,18,32,8,36,10,32,9,43,5,39,3,45,1,44,1,49,-1,54,-2,58,4,51,2,57,-1,61,-3,59,1,65,-1,63,2,65,6,66,7,63,5,68,12,63,18,63,14,62,18,56,19,58,25,54,19,51,19,49,19,48,21,45,24,39,24,33,28,34,31,31,31,26,32,0,0,0,0,0,0,0,0,0,0,0,0,0,0,0,0,0,0,0,0,0,0,26,-56,30,-54,37,-46,39,-49,38,-47,40,-43,38,-36,39,-40,41,-38,34,-32,37,-33,35,-35,34,-30,32,-26,29,-27,28,-22,26,-29,20,-26,18,-20,15,-24,14,-24,7,-25,7,-25,3,-25,-2,-24,-8,-26,-6,-27,-10,-30,-12,-28,-18,-31,-21,-30,-27,-29,-27,-28,-32,-28,-35,-29,-36,-32,-38,-29,-41,-31,-42,-30,-48,-30,-49,-30,-57,-27,-57,-25,-61,-29,-59,-27,-70,-18,-65,-22,-65,-20,-71,-24,-75,-24,-75,-28,-80,-26,-83,-26,-77,-26,-85,-31,-86,-32,-79,-26,0,0]"
CSI_DATA,121,1a:00:00:00:00:00,-45,11,1,0,1,1,1,0,0,0,1,-96,0,11,2,1895496,0,44,0,384,0,"[0,0,0,0,0,0,0,0,0,0,0,0,-10,6,-9,6,-8,7,-8,6,-7,6,-6,5,-5,6,-4,5,-4,5,-3,5,-3,5,-2,5,-1,5,-1,5,0,5,1,5,2,4,2,4,3,5,3,4,3,4,4,4,5,4,6,4,6,5,7,5,0,0,8,5,8,6,9,6,9,6,8,6,9,7,9,7,8,7,9,7,8,8,8,8,7,8,6,8,6,8,6,8,5,8,5,8,5,8,4,8,4,7,3,7,2,7,2,7,1,7,0,7,0,6,0,0,0,0,0,0,0,0,0,0,0,0,0,0,-68,28,-68,28,-65,30,-58,27,-59,31,-53,29,-46,23,-45,28,-41,28,-36,32,-32,31,-24,25,-28,29,-19,27,-17,29,-12,29,-7,29,-3,28,5,28,4,31,8,31,6,31,15,29,17,28,16,31,23,27,25,29,34,30,30,32,41,31,37,34,46,28,39,40,44,41,46,33,50,49,46,45,47,44,41,52,44,46,44,51,41,50,38,50,38,52,35,51,32,50,31,50,29,51,24,47,22,48,19,46,16,49,15,47,8,43,10,43,4,40,-1,39,0,0,0,0,0,0,0,0,0,0,0,0,0,0,0,0,0,0,0,0,0,0,64,-12,57,-6,59,-3,60,2,58,3,54,7,53,3,51,7,49,9,51,8,46,7,40,7,48,8,44,9,36,6,36,0,35,-1,32,-1,33,1,27,-4,26,-7,23,-8,21,-15,19,-17,19,-18,13,-22,16,-25,17,-27,13,-25,7,-33,7,-29,8,-37,4,-40,5,-39,-2,-43,-5,-44,-4,-46,-7,-52,-8,-51,-10,-56,-12,-57,-15,-58,-19,-63,-20,-59,-18,-60,-24,-68,-23,-66,-30,-65,-29,-67,-30,-71,-33,-75,-41,-69,-37,-78,-37,-73,-37,-81,-35,-75,-30,-77,0,0]"
CSI_DATA,122,1a:00:00:00:00:00,-45,11,1,0,1,1,1,0,0,0,1,-96,0,11,2,1905262,0,44,0,384,0,"[0,0,0,0,0,0,0,0,0,0,0,0,1,-12,0,-11,-1,-10,0,-11,-1,-9,-1,-8,-1,-8,-2,-7,-2,-7,-3,-6,-3,-6,-4,-5,-4,-5,-4,-4,-5,-4,-6,-3,-6,-3,-5,-3,-6,-2,-7,-1,-7,-1,-7,-1,-8,0,-9,1,-9,1,-9,1,0,0,-10,1,-11,1,-11,1,-11,1,-11,1,-12,1,-12,1,-12,0,-12,0,-12,-1,-12,-1,-12,-2,-11,-2,-11,-2,-11,-3,-11,-3,-10,-3,-10,-3,-9,-3,-9,-4,-8,-4,-8,-4,-7,-4,-6,-5,-6,-5,-5,-5,0,0,0,0,0,0,0,0,0,0,0,0,0,0,8,-72,8,-75,1,-66,5,-67,5,-64,4,-56,-2,-56,-3,-51,-1,-48,-6,-41,-10,-43,-9,-40,-13,-39,-15,-33,-18,-33,-23,-22,-22,-24,-22,-21,-24,-20,-27,-14,-33,-12,-29,-9,-30,0,-36,-2,-32,-3,-43,0,-46,4,-46,1,-47,4,-52,12,-49,9,-53,10,-57,11,-53,13,-61,18,-58,11,-65,10,-67,9,-68,4,-66,4,-67,4,-66,5,-65,-2,-69,-5,-59,-4,-65,-9,-55,-10,-63,-10,-51,-9,-53,-14,-52,-12,-46,-20,-44,-16,-42,-23,-38,-25,-33,-27,-29,-26,0,0,0,0,0,0,0,0,0,0,0,0,0,0,0,0,0,0,0,0,0,0,-8,63,-14,54,-14,58,-18,53,-25,56,-24,47,-24,50,-30,40,-28,48,-26,41,-25,41,-26,37,-24,40,-23,37,-20,32,-19,34,-16,32,-16,31,-11,27,-11,22,-10,21,-2,28,-1,26,5,23,7,20,14,25,14,23,16,23,20,21,20,21,28,21,29,21,31,22,36,19,34,19,41,22,49,15,48,15,51,14,56,14,51,12,60,13,58,10,63,8,60,4,63,0,65,3,67,2,71,3,79,6,80,2,82,3,82,3,81,3,82,3,80,6,85,4,0,0]"
CSI_DATA,123,1a:00:00:00:00:00,-45,11,1,0,1,1,1,0,0,0,1,-96,0,11,2,1914840,0,44,0,384,0,"[0,0,0,0,0,0,0,0,0,0,0,0,2,11,2,10,3,10,2,9,3,8,2,7,3,7,3,6,3,5,4,5,4,4,4,3,5,2,5,2,5,1,5,1,5,0,6,0,6,-1,6,-2,6,-3,6,-3,7,-3,7,-4,8,-5,7,-5,0,0,9,-6,9,-6,9,-6,10,-6,10,-6,10,-6,10,-6,10,-6,11,-5,11,-5,11,-4,11,-4,11,-3,10,-3,11,-3,10,-2,10,-2,10,-1,9,-1,9,-1,9,0,8,0,8,1,7,1,6,2,6,2,0,0,0,0,0,0,0,0,0,0,0,0,0,0,17,72,18,65,21,66,23,65,22,57,22,60,13,48,21,46,22,40,16,41,30,37,25,31,28,28,23,23,24,23,23,13,28,16,27,4,25,10,31,4,32,-3,32,-5,36,-10,37,-13,33,-12,32,-20,39,-19,36,-27,37,-25,41,-33,41,-30,43,-34,43,-33,50,-37,44,-39,51,-40,54,-38,53,-39,56,-34,56,-31,56,-31,57,-30,58,-25,62,-21,59,-22,58,-22,55,-19,57,-16,57,-11,51,-11,51,-10,50,-4,46,-1,46,2,43,6,39,9,38,10,0,0,0,0,0,0,0,0,0,0,0,0,0,0,0,0,0,0,0,0,0,0,-17,-61,-11,-61,-7,-59,-1,-61,0,-55,6,-59,4,-55,5,-53,6,-56,11,-47,7,-50,8,-46,6,-42,11,-41,9,-40,3,-39,1,-40,3,-31,-3,-31,-6,-25,-7,-30,-9,-23,-8,-22,-13,-20,-15,-18,-21,-20,-25,-18,-28,-15,-24,-15,-32,-9,-33,-10,-36,-6,-39,-7,-39,0,-46,0,-46,1,-47,1,-49,4,-51,3,-58,9,-51,8,-58,16,-64,13,-61,17,-61,18,-68,24,-70,23,-70,27,-65,25,-70,27,-75,24,-76,29,-81,32,-74,30,-79,31,-80,34,-80,29,0,0]"
CSI_DATA,124,1a:00:00:00:00:00,-45,11,1,0,1,1,1,0,0,0,1,-96,0,11,2,1924817,0,44,0,384,0,"[0,0,0,0,0,0,0,0,0,0,0,0,-8,-10,-8,-9,-8,-7,-8,-7,-8,-6,-7,-6,-7,-5,-7,-5,-7,-3,-6,-3,-7,-2,-6,-2,-6,-1,-6,0,-6,0,-6,2,-6,2,-6,2,-5,3,-5,4,-5,4,-5,5,-5,5,-5,6,-5,7,-5,7,0,0,-6,8,-6,9,-6,9,-6,9,-7,9,-7,9,-7,10,-7,9,-8,9,-8,9,-9,8,-9,8,-9,7,-9,7,-9,6,-9,6,-9,6,-8,5,-9,5,-8,4,-8,4,-8,3,-8,3,-8,2,-7,1,-7,0,0,0,0,0,0,0,0,0,0,0,0,0,0,0,-41,-66,-32,-64,-37,-61,-39,-55,-35,-49,-30,-48,-35,-42,-37,-42,-29,-39,-36,-34,-33,-31,-31,-26,-31,-23,-26,-15,-29,-12,-30,-8,-32,-9,-34,0,-32,2,-30,3,-32,9,-29,12,-23,20,-28,24,-29,19,-29,26,-25,29,-27,35,-29,38,-32,38,-30,40,-34,45,-27,47,-34,53,-31,49,-40,49,-35,50,-41,51,-44,51,-45,50,-46,51,-46,44,-44,44,-45,43,-47,39,-46,41,-53,35,-48,34,-45,31,-46,26,-44,29,-43,22,-40,16,-41,13,-44,12,-43,9,-43,1,0,0,0,0,0,0,0,0,0,0,0,0,0,0,0,0,0,0,0,0,0,0,18,57,11,61,6,59,7,58,2,56,0,54,-1,53,-4,52,-8,53,-1,53,-9,51,-7,46,-4,44,-5,40,-5,37,-3,35,0,34,-2,34,4,28,4,27,4,24,10,24,10,21,17,16,17,16,21,15,22,13,26,11,28,7,30,5,29,3,38,3,39,2,42,-1,44,-2,46,-7,45,-7,51,-11,49,-21,54,-21,56,-20,54,-21,60,-25,56,-24,55,-33,63,-29,62,-32,59,-39,61,-41,61,-39,64,-41,69,-47,72,-44,70,-44,67,-49,68,-47,73,-45,0,0]"
CSI_DATA,125,1a:00:00:00:00:00,-45,11,1,0,1,1,1,0,0,0,1,-96,0,11,2,1934774,0,44,0,384,0,"[0,0,0,0,0,0,0,0,0,0,0,0,11,1,10,-1,10,-1,9,-1,8,-1,8,-1,7,-2,6,-2,6,-3,5,-3,5,-3,4,-4,4,-4,3,-5,3,-4,2,-6,1,-6,1,-6,0,-6,0,-7,-1,-7,-1,-8,-1,-7,-2,-8,-2,-9,-2,-9,0,0,-3,-10,-3,-11,-3,-11,-3,-11,-2,-12,-2,-12,-2,-12,-2,-12,-2,-12,-1,-12,0,-12,1,-12,1,-12,1,-11,1,-11,2,-11,2,-10,2,-10,2,-10,2,-9,3,-9,3,-8,3,-7,4,-6,4,-6,4,-5,0,0,0,0,0,0,0,0,0,0,0,0,0,0,75,7,79,7,70,4,64,6,62,-3,53,6,52,0,51,-2,48,-9,40,-9,38,-9,34,-13,34,-13,32,-14,25,-15,23,-21,22,-25,17,-25,17,-25,12,-29,6,-30,7,-28,0,-31,-1,-33,0,-36,-6,-38,-14,-36,-12,-48,-10,-45,-18,-47,-17,-50,-20,-50,-17,-58,-21,-55,-23,-59,-17,-63,-15,-65,-17,-68,-15,-67,-12,-64,-12,-62,-9,-67,-9,-66,-7,-71,-6,-59,-4,-63,1,-60,-2,-58,6,-55,4,-48,5,-52,9,-52,8,-49,12,-46,19,-43,17,-40,21,-31,0,0,0,0,0,0,0,0,0,0,0,0,0,0,0,0,0,0,0,0,0,0,-62,-17,-53,-22,-57,-23,-54,-24,-54,-32,-46,-29,-44,-30,-44,-31,-44,-35,-40,-34,-38,-31,-38,-27,-37,-27,-37,-26,-30,-24,-33,-21,-31,-15,-27,-20,-28,-12,-28,-14,-28,-7,-26,-10,-24,-1,-29,6,-26,6,-25,11,-23,11,-23,14,-22,16,-23,19,-21,23,-25,29,-21,32,-21,35,-22,39,-18,35,-18,42,-17,43,-16,50,-15,52,-15,51,-9,62,-14,58,-17,64,-9,61,-4,65,-7,67,-5,70,-2,78,-2,79,-3,79,0,79,-5,78,-4,83,-8,89,-4,80,-12,85,0,0]"
CSI_DATA,126,1a:00:00:00:00:00,-45,11,1,0,1,1,1,0,0,0,1,-96,0,11,2,1944811,0,44,0,384,0,"[0,0,0,0,0,0,0,0,0,0,0,0,-3,-12,-4,-11,-4,-10,-4,-10,-4,-9,-3,-8,-4,-7,-4,-6,-4,-6,-5,-5,-5,-5,-5,-4,-5,-3,-6,-3,-5,-2,-6,-1,-6,-1,-6,0,-6,1,-7,1,-7,1,-7,2,-7,2,-7,3,-8,4,-8,4,0,0,-9,5,-9,5,-10,5,-10,6,-10,5,-10,5,-10,6,-11,5,-11,5,-11,4,-12,4,-11,3,-11,3,-11,2,-11,2,-11,2,-10,2,-10,1,-10,1,-9,0,-9,0,-9,-1,-8,-1,-8,-2,-7,-2,-6,-3,0,0,0,0,0,0,0,0,0,0,0,0,0,0,-13,-76,-7,-71,-15,-68,-9,-63,-15,-61,-16,-58,-16,-55,-14,-51,-15,-44,-12,-42,-17,-38,-20,-33,-22,-31,-21,-26,-22,-26,-23,-19,-29,-17,-26,-10,-24,-6,-32,-3,-33,0,-35,1,-32,1,-34,6,-35,11,-38,16,-37,16,-38,21,-40,22,-43,28,-42,23,-46,33,-50,32,-48,37,-48,34,-55,33,-55,33,-56,34,-59,32,-58,33,-59,27,-61,28,-59,23,-58,25,-57,19,-61,18,-57,14,-56,19,-54,9,-54,7,-53,8,-53,4,-50,2,-48,-4,-42,-5,-43,-6,-38,-12,0,0,0,0,0,0,0,0,0,0,0,0,0,0,0,0,0,0,0,0,0,0,-7,61,-14,58,-17,56,-20,56,-24,55,-25,49,-22,48,-31,45,-26,49,-27,43,-24,42,-24,42,-21,39,-21,40,-22,27,-15,32,-11,29,-14,33,-7,25,-3,30,0,22,-4,25,4,21,11,20,11,24,16,21,18,22,22,19,22,19,27,18,28,21,33,15,35,15,37,16,41,13,44,12,48,10,46,10,51,7,56,3,57,2,58,4,62,-2,63,-3,62,0,64,-9,67,-6,72,-10,71,-10,77,-8,78,-12,83,-12,82,-16,79,-15,87,-17,82,-13,82,-10,0,0]"
CSI_DATA,127,1a:00:00:00:00:00,-45,11,1,0,1,1,1,0,0,0,1,-96,0,11,2,1965541,0,44,0,384,0,"[0,0,0,0,0,0,0,0,0,0,0,0,-10,6,-10,5,-8,5,-8,5,-7,5,-7,5,-6,5,-5,5,-5,5,-3,4,-3,5,-2,5,-2,5,-1,5,0,4,0,5,1,5,2,5,3,5,3,5,3,5,4,5,5,5,5,5,6,5,7,6,0,0,8,6,8,7,8,6,9,6,8,7,8,7,8,8,8,7,8,8,8,9,8,9,6,9,6,8,6,9,5,9,5,9,4,9,4,8,4,8,3,8,3,7,2,7,1,7,1,7,0,7,-1,6,0,0,0,0,0,0,0,0,0,0,0,0,0,0,-69,28,-65,31,-59,34,-53,34,-53,26,-49,30,-47,28,-44,28,-40,27,-34,28,-29,29,-21,26,-23,27,-20,27,-17,30,-10,28,-9,30,-4,26,0,26,6,27,8,30,10,29,14,27,18,31,19,30,19,30,24,30,34,33,33,30,37,32,36,29,41,36,43,34,46,38,44,32,45,42,41,46,46,42,45,50,42,45,41,45,39,50,34,54,36,47,32,49,30,49,30,50,23,50,20,45,19,46,14,48,14,42,10,42,9,43,3,43,2,38,-3,39,0,0,0,0,0,0,0,0,0,0,0,0,0,0,0,0,0,0,0,0,0,0,55,-24,58,-16,56,-11,59,-9,56,-6,53,-1,51,-1,49,0,49,2,49,1,45,2,42,3,43,-1,42,2,36,1,36,-1,36,-2,27,-6,28,-7,26,-7,22,-6,23,-12,21,-11,18,-18,16,-16,10,-23,11,-19,6,-25,9,-27,6,-33,5,-32,3,-38,5,-36,-1,-35,-4,-43,-9,-45,-10,-45,-9,-47,-17,-46,-17,-54,-18,-52,-17,-53,-25,-58,-23,-55,-26,-53,-33,-64,-31,-64,-35,-56,-34,-65,-35,-65,-40,-70,-43,-64,-39,-69,-37,-67,-38,-76,-40,-75,-40,-73,0,0]"
CSI_DATA,128,1a:00:00:00:00:00,-45,11,1,0,1,1,1,0,0,0,1,-96,0,11,2,1975037,0,44,0,384,0,"[0,0,0,0,0,0,0,0,0,0,0,0,-11,3,-11,4,-9,4,-9,4,-9,3,-8,3,-7,4,-6,3,-6,4,-5,4,-4,4,-4,4,-3,4,-2,4,-2,5,-1,5,0,5,0,5,1,6,1,5,1,6,3,6,3,6,4,7,4,7,4,7,0,0,5,8,6,8,6,8,6,9,5,9,5,9,5,10,4,10,4,10,4,10,4,10,3,10,3,10,2,10,2,10,2,10,1,9,1,9,0,9,0,8,-1,8,-1,8,-2,7,-2,7,-3,6,-3,5,0,0,0,0,0,0,0,0,0,0,0,0,0,0,-68,33,-62,32,-65,32,-55,34,-55,36,-49,26,-45,30,-45,28,-40,28,-34,30,-29,30,-24,26,-20,34,-18,28,-13,27,-8,30,-9,29,-2,28,-5,28,4,28,10,32,7,29,16,27,15,27,20,31,26,30,28,33,30,31,35,32,37,31,38,30,43,37,34,36,43,41,43,36,44,46,44,45,46,46,47,52,41,51,35,50,37,51,35,52,37,56,33,53,28,54,27,49,23,48,21,46,18,46,18,45,15,47,11,44,5,44,1,43,-1,40,-3,39,0,0,0,0,0,0,0,0,0,0,0,0,0,0,0,0,0,0,0,0,0,0,58,-25,59,-17,58,-15,60,-10,57,-8,57,-5,52,-6,53,-6,56,1,50,-1,48,3,48,1,45,-1,46,0,37,0,35,-2,33,-4,29,-3,29,-6,27,-8,25,-11,23,-12,17,-17,21,-18,16,-20,11,-22,12,-25,9,-25,11,-31,5,-36,2,-32,5,-38,0,-36,1,-44,-6,-41,-10,-45,-10,-45,-11,-47,-13,-48,-25,-55,-19,-57,-17,-58,-26,-60,-26,-60,-26,-56,-34,-61,-33,-62,-36,-59,-40,-62,-36,-69,-44,-70,-42,-67,-42,-74,-44,-64,-47,-78,-45,-78,-41,-72,0,0]"
CSI_DATA,129,1a:00:00:00:00:00,-45,11,1,0,1,1,1,0,0,0,1,-96,0,11,2,1984766,0,44,0,384,0,"[0,0,0,0,0,0,0,0,0,0,0,0,-7,-11,-7,-10,-7,-9,-7,-8,-7,-7,-6,-7,-6,-6,-6,-5,-6,-5,-6,-4,-7,-4,-6,-2,-7,-2,-6,-1,-6,0,-6,1,-6,1,-6,2,-6,3,-6,3,-6,3,-6,5,-6,4,-6,5,-7,6,-6,7,0,0,-7,8,-8,8,-8,8,-8,9,-8,8,-8,8,-9,8,-9,8,-10,8,-10,7,-10,7,-10,6,-10,6,-10,6,-10,5,-10,5,-10,4,-10,4,-10,3,-9,3,-9,2,-9,1,-8,1,-8,0,-8,-1,-7,-1,0,0,0,0,0,0,0,0,0,0,0,0,0,0,-32,-70,-32,-66,-32,-60,-30,-59,-27,-60,-25,-52,-23,-51,-27,-43,-29,-40,-22,-37,-26,-31,-26,-28,-28,-23,-33,-24,-30,-17,-29,-12,-30,-7,-27,-2,-30,-3,-31,2,-30,3,-29,7,-29,14,-32,12,-30,16,-32,24,-37,27,-30,32,-35,31,-38,34,-35,35,-38,37,-39,38,-41,44,-41,44,-46,40,-47,43,-44,41,-51,42,-57,42,-54,38,-54,36,-56,34,-52,34,-53,26,-56,30,-52,23,-54,23,-51,20,-54,18,-52,15,-49,13,-43,12,-48,4,-43,-1,-44,-1,-41,-8,0,0,0,0,0,0,0,0,0,0,0,0,0,0,0,0,0,0,0,0,0,0,20,57,18,57,16,57,6,58,7,58,4,55,2,52,-2,52,-1,51,-1,49,-4,50,-3,46,0,46,-1,39,-4,38,-2,37,1,33,1,30,8,28,8,21,9,23,11,22,13,23,17,19,19,16,17,11,24,18,25,11,27,7,30,8,30,7,38,2,35,-1,43,-1,44,-3,46,-5,44,-6,45,-11,51,-15,53,-19,53,-16,58,-26,63,-21,60,-27,55,-23,55,-31,59,-32,63,-35,62,-36,69,-41,68,-40,70,-43,78,-40,72,-39,76,-42,70,-44,71,-40,0,0]"
CSI_DATA,130,1a:00:00:00:00:00,-45,11,1,0,1,1,1,0,0,0,1,-96,0,11,2,1996293,0,44,0,384,0,"[0,0,0,0,0,0,0,0,0,0,0,0,0,-13,-1,-11,-2,-11,-1,-10,-2,-9,-2,-8,-3,-8,-3,-7,-3,-6,-3,-6,-4,-6,-4,-5,-4,-5,-5,-4,-5,-3,-6,-3,-6,-2,-6,-2,-7,-1,-7,0,-7,0,-8,1,-8,0,-8,2,-9,1,-9,2,0,0,-10,3,-11,3,-11,3,-11,3,-12,2,-12,2,-12,2,-12,2,-12,2,-13,1,-12,1,-12,0,-12,-1,-12,-1,-12,-1,-12,-1,-11,-1,-10,-2,-10,-2,-9,-2,-9,-3,-8,-3,-8,-3,-7,-4,-7,-4,-6,-5,0,0,0,0,0,0,0,0,0,0,0,0,0,0,16,-75,19,-68,8,-67,10,-65,11,-65,6,-59,6,-53,7,-48,2,-46,1,-46,-6,-46,-6,-40,-12,-43,-8,-33,-13,-34,-16,-27,-21,-28,-19,-22,-22,-21,-25,-17,-28,-13,-32,-16,-32,-3,-34,-6,-36,2,-41,-1,-42,0,-43,6,-47,-1,-50,6,-52,5,-56,9,-53,6,-61,10,-61,12,-60,6,-62,6,-66,4,-63,2,-66,-4,-65,-1,-67,-5,-65,-7,-66,-8,-61,-10,-64,-10,-57,-18,-58,-17,-53,-16,-49,-16,-50,-13,-46,-19,-45,-18,-38,-24,-39,-24,-32,-27,-29,-25,0,0,0,0,0,0,0,0,0,0,0,0,0,0,0,0,0,0,0,0,0,0,-16,60,-22,57,-26,54,-30,51,-33,51,-31,44,-30,45,-33,40,-29,43,-31,37,-32,33,-30,34,-29,34,-27,31,-23,26,-23,30,-23,32,-16,28,-15,26,-11,24,-9,24,-5,27,0,24,1,22,1,20,7,26,6,25,14,25,17,21,20,23,21,25,30,20,32,26,30,20,38,23,36,24,39,22,46,21,43,23,49,22,50,22,60,17,58,18,65,12,59,15,69,10,68,8,70,5,70,8,75,16,74,13,80,14,83,16,80,11,86,16,85,11,84,16,0,0]"
CSI_DATA,131,1a:00:00:00:00:00,-45,11,1,0,1,1,1,0,0,0,1,-96,0,11,2,2004745,0,44,0,384,0,"[0,0,0,0,0,0,0,0,0,0,0,0,-9,-9,-9,-8,-8,-7,-8,-7,-8,-6,-7,-6,-7,-4,-7,-4,-7,-3,-7,-2,-7,-2,-7,-1,-7,0,-6,0,-6,1,-6,2,-5,2,-5,3,-5,4,-5,4,-5,5,-5,5,-5,5,-4,6,-5,7,-5,8,0,0,-5,9,-6,9,-6,10,-5,10,-6,9,-7,10,-6,10,-7,9,-8,9,-8,9,-8,9,-8,8,-8,8,-8,8,-8,6,-9,7,-9,6,-8,5,-8,5,-8,4,-8,4,-8,4,-8,3,-8,2,-8,1,-7,1,0,0,0,0,0,0,0,0,0,0,0,0,0,0,-43,-65,-40,-56,-43,-58,-38,-55,-44,-53,-32,-43,-39,-38,-35,-38,-36,-35,-36,-31,-33,-24,-28,-21,-33,-20,-33,-11,-34,-10,-29,-6,-33,0,-29,2,-31,3,-25,9,-28,14,-28,12,-24,17,-26,22,-27,25,-26,29,-25,31,-23,40,-22,40,-24,42,-23,44,-32,50,-31,46,-32,52,-29,50,-31,52,-39,55,-33,55,-44,55,-35,54,-40,50,-43,50,-38,50,-44,47,-43,38,-44,45,-44,40,-48,39,-46,33,-43,28,-44,24,-45,27,-46,21,-42,17,-40,11,-40,12,-41,3,0,0,0,0,0,0,0,0,0,0,0,0,0,0,0,0,0,0,0,0,0,0,30,57,22,55,19,58,16,58,7,55,7,54,5,51,4,52,3,54,4,49,5,48,2,47,4,45,8,41,1,39,2,37,5,33,3,31,10,27,9,25,13,25,14,22,13,19,20,16,17,14,22,11,25,9,26,6,28,7,33,2,29,-2,38,2,39,-6,38,-7,42,-10,48,-12,46,-17,42,-17,48,-21,50,-25,47,-23,50,-33,53,-27,55,-37,48,-31,61,-38,56,-39,59,-45,62,-48,56,-50,61,-49,60,-55,64,-50,63,-55,64,-55,64,-53,67,-44,0,0]"
CSI_DATA,132,1a:00:00:00:00:00,-45,11,1,0,1,1,1,0,0,0,1,-96,0,11,2,2024949,0,44,0,384,0,"[0,0,0,0,0,0,0,0,0,0,0,0,-3,-12,-3,-11,-4,-10,-4,-10,-4,-9,-4,-8,-4,-7,-5,-6,-5,-6,-5,-5,-5,-5,-5,-4,-5,-3,-5,-2,-5,-2,-6,-1,-6,-1,-6,0,-6,1,-6,1,-7,2,-7,2,-7,2,-8,3,-8,3,-8,4,0,0,-9,5,-9,5,-10,5,-10,5,-10,5,-11,5,-11,5,-11,5,-11,5,-11,4,-11,3,-12,3,-11,2,-11,2,-11,1,-11,1,-10,1,-10,1,-10,0,-9,0,-9,-1,-9,-1,-8,-1,-8,-2,-7,-3,-7,-3,0,0,0,0,0,0,0,0,0,0,0,0,0,0,-15,-71,-12,-67,-21,-65,-16,-64,-15,-58,-21,-56,-19,-49,-20,-52,-22,-42,-18,-43,-15,-34,-20,-31,-24,-32,-22,-23,-21,-20,-27,-15,-28,-13,-27,-10,-28,-8,-29,-2,-34,-3,-33,1,-27,5,-32,9,-33,11,-38,13,-37,16,-36,24,-34,24,-39,27,-38,27,-47,33,-42,31,-48,33,-48,35,-54,30,-54,31,-57,30,-57,25,-59,27,-54,24,-59,26,-60,23,-59,20,-59,15,-58,16,-58,13,-53,11,-53,8,-50,6,-50,4,-49,-1,-47,-1,-40,-6,-41,-5,-42,-9,-34,-12,0,0,0,0,0,0,0,0,0,0,0,0,0,0,0,0,0,0,0,0,0,0,9,59,6,59,2,59,-5,59,-8,55,-9,58,-9,49,-11,49,-15,48,-9,44,-14,48,-13,43,-9,44,-8,39,-11,33,-7,30,-6,33,-6,31,3,32,0,25,0,20,6,26,8,21,12,20,14,16,19,16,20,14,25,17,23,15,29,16,30,10,36,10,36,10,38,7,41,6,40,5,44,4,47,-1,49,-6,54,-8,56,-8,57,-1,61,-13,60,-11,60,-16,58,-11,64,-15,67,-18,69,-19,71,-22,75,-24,73,-25,79,-22,72,-23,79,-28,79,-28,81,-22,0,0]"
CSI_DATA,133,1a:00:00:00:00:00,-45,11,1,0,1,1,1,0,0,0,1,-96,0,11,2,2055165,0,44,0,384,0,"[0,0,0,0,0,0,0,0,0,0,0,0,-8,8,-8,8,-7,8,-7,8,-6,7,-5,7,-4,6,-4,6,-3,6,-2,5,-2,6,-1,5,0,5,1,5,1,5,2,5,3,5,3,4,4,4,4,4,5,4,5,4,6,4,7,4,7,4,8,3,0,0,9,4,9,5,10,5,10,5,9,5,10,6,10,6,10,6,10,7,10,7,9,7,8,7,8,8,7,8,7,8,7,8,6,8,6,7,5,7,4,7,4,7,3,7,3,7,2,7,1,7,1,6,0,0,0,0,0,0,0,0,0,0,0,0,0,0,-57,43,-60,44,-55,45,-48,43,-42,43,-40,38,-35,36,-39,36,-31,34,-26,31,-24,36,-16,33,-13,35,-16,32,-6,31,-1,34,-1,29,1,30,4,25,11,29,20,29,18,25,21,24,20,24,28,23,27,24,30,22,40,20,42,25,45,20,44,21,49,22,43,31,52,32,49,24,55,34,52,30,59,33,52,42,52,36,52,36,52,38,51,42,45,42,44,42,42,39,38,44,37,44,33,43,30,41,30,42,26,43,23,41,19,39,16,41,10,38,3,37,0,0,0,0,0,0,0,0,0,0,0,0,0,0,0,0,0,0,0,0,0,0,51,-35,53,-28,56,-20,59,-20,56,-19,54,-12,52,-10,51,-10,54,-11,51,-8,46,-7,44,-10,44,-10,41,-8,39,-6,34,-4,33,-8,28,-11,29,-6,26,-8,24,-13,21,-19,16,-17,19,-21,14,-22,9,-25,5,-26,3,-32,3,-32,-1,-36,-7,-35,-4,-36,-5,-38,-9,-37,-14,-43,-18,-41,-18,-44,-24,-45,-21,-43,-27,-50,-28,-51,-36,-53,-34,-49,-35,-53,-39,-50,-45,-52,-46,-52,-48,-54,-48,-55,-50,-58,-53,-55,-58,-58,-55,-62,-56,-55,-62,-63,-56,-62,-49,-68,0,0]"
CSI_DATA,134,1a:00:00:00:00:00,-45,11,1,0,1,1,1,0,0,0,1,-96,0,11,2,2064764,0,44,0,384,0,"[0,0,0,0,0,0,0,0,0,0,0,0,9,-8,8,-8,7,-8,7,-7,6,-7,5,-6,4,-7,3,-6,3,-7,2,-6,2,-6,1,-6,0,-6,-1,-6,-1,-6,-2,-6,-3,-6,-3,-6,-4,-6,-5,-5,-5,-5,-6,-5,-6,-6,-7,-5,-7,-6,-8,-5,0,0,-9,-6,-9,-6,-9,-7,-10,-6,-10,-7,-10,-7,-10,-7,-10,-8,-10,-8,-10,-9,-9,-9,-8,-9,-8,-9,-8,-9,-7,-9,-7,-9,-6,-9,-6,-9,-6,-8,-5,-8,-4,-8,-4,-8,-3,-8,-2,-8,-2,-8,-1,-7,0,0,0,0,0,0,0,0,0,0,0,0,0,0,67,-31,66,-28,57,-35,58,-31,51,-31,46,-32,47,-38,43,-26,41,-31,32,-31,31,-30,25,-27,23,-28,14,-32,11,-31,5,-30,4,-35,0,-27,-1,-29,-3,-33,-10,-32,-11,-33,-15,-27,-17,-31,-20,-31,-22,-30,-31,-31,-32,-34,-35,-32,-41,-30,-39,-33,-43,-39,-41,-41,-45,-39,-48,-41,-46,-41,-46,-47,-47,-44,-48,-50,-39,-49,-45,-52,-40,-54,-38,-51,-37,-54,-33,-51,-35,-54,-25,-53,-25,-54,-27,-47,-18,-48,-23,-48,-18,-45,-14,-47,-9,-46,-4,-45,0,-37,2,-35,0,0,0,0,0,0,0,0,0,0,0,0,0,0,0,0,0,0,0,0,0,0,-58,30,-56,23,-60,18,-58,12,-58,10,-53,2,-55,8,-56,4,-54,4,-54,1,-50,-1,-45,5,-48,6,-44,4,-38,0,-35,2,-35,3,-34,4,-29,6,-29,5,-20,10,-23,12,-20,14,-20,17,-19,23,-12,21,-9,25,-8,24,-9,27,-4,30,-2,33,1,38,-1,38,2,37,5,41,9,43,15,47,14,45,13,47,20,54,23,52,22,52,24,60,29,59,30,54,34,61,36,60,43,57,41,62,41,66,43,61,48,71,43,70,41,68,41,71,44,68,41,73,0,0]"
CSI_DATA,135,1a:00:00:00:00:00,-45,11,1,0,1,1,1,0,0,0,1,-96,0,11,2,2085259,0,44,0,384,0,"[0,0,0,0,0,0,0,0,0,0,0,0,-11,4,-10,5,-9,4,-10,4,-8,4,-8,4,-7,5,-6,5,-5,4,-4,4,-4,5,-3,5,-2,5,-2,5,-1,5,0,5,1,5,1,5,1,6,2,5,3,6,3,6,4,6,5,6,6,6,5,7,0,0,6,7,7,8,8,8,7,8,7,9,7,9,7,9,6,9,6,10,6,10,6,11,5,10,4,10,4,10,3,10,3,10,3,9,2,9,2,9,1,8,0,9,0,8,0,7,-1,8,-2,7,-2,6,0,0,0,0,0,0,0,0,0,0,0,0,0,0,-76,14,-74,12,-68,24,-63,18,-61,19,-56,20,-53,18,-48,16,-44,19,-40,21,-37,20,-31,22,-29,25,-21,21,-21,27,-14,24,-15,29,-9,33,-8,28,-1,27,5,32,2,29,7,28,8,35,12,32,14,35,17,33,23,33,26,35,33,40,28,43,34,44,29,46,35,47,34,46,36,51,37,52,36,54,30,57,28,60,31,55,28,55,23,59,25,56,17,56,18,61,15,58,11,54,11,51,8,54,3,53,4,50,2,44,-3,44,-6,41,-10,39,-13,39,0,0,0,0,0,0,0,0,0,0,0,0,0,0,0,0,0,0,0,0,0,0,58,-11,60,-7,61,-4,59,4,60,4,53,7,53,7,51,9,51,12,48,9,44,9,43,10,46,8,37,9,35,7,37,3,34,0,31,2,29,0,25,1,24,-6,26,-10,18,-10,23,-9,21,-15,16,-22,18,-21,16,-24,17,-26,15,-30,10,-30,7,-35,9,-35,5,-42,8,-45,2,-45,1,-49,-3,-47,-7,-49,-6,-56,-7,-57,-4,-60,-11,-57,-12,-66,-15,-59,-15,-63,-21,-60,-20,-64,-23,-73,-25,-74,-23,-73,-33,-75,-29,-83,-25,-76,-28,-80,-26,-81,-22,-80,0,0]"
CSI_DATA,136,1a:00:00:00:00:00,-45,11,1,0,1,1,1,0,0,0,1,-96,0,11,2,2095280,0,44,0,384,0,"[0,0,0,0,0,0,0,0,0,0,0,0,10,4,10,3,9,2,9,2,8,2,7,1,7,0,6,0,6,0,5,-1,6,-2,5,-3,5,-3,4,-4,4,-4,3,-5,3,-5,2,-5,2,-6,2,-6,1,-7,1,-7,1,-8,0,-8,0,-9,-1,-10,0,0,-1,-11,0,-11,0,-12,0,-12,0,-12,1,-12,0,-13,1,-12,1,-13,1,-12,1,-12,2,-12,2,-12,3,-11,3,-11,3,-11,3,-10,3,-9,4,-9,4,-8,4,-8,4,-7,4,-7,4,-6,5,-6,5,-5,0,0,0,0,0,0,0,0,0,0,0,0,0,0,69,40,62,39,61,34,54,33,56,30,45,26,55,18,47,16,46,15,43,12,40,8,35,4,33,6,32,-2,30,-3,29,-7,32,-13,25,-14,27,-16,23,-18,24,-21,19,-29,10,-30,12,-33,16,-37,9,-40,11,-43,6,-47,8,-46,6,-49,7,-50,2,-57,5,-61,2,-57,6,-65,10,-66,7,-71,7,-66,12,-68,12,-66,10,-64,19,-68,18,-62,20,-65,20,-58,23,-57,24,-54,26,-52,23,-48,22,-48,27,-47,24,-45,26,-42,29,-39,32,-31,31,-28,34,-23,0,0,0,0,0,0,0,0,0,0,0,0,0,0,0,0,0,0,0,0,0,0,-46,-46,-40,-49,-36,-51,-36,-54,-28,-55,-23,-51,-23,-49,-17,-53,-23,-53,-18,-50,-13,-45,-17,-46,-20,-44,-17,-43,-14,-35,-15,-38,-13,-33,-17,-31,-16,-26,-18,-24,-23,-18,-25,-16,-23,-18,-21,-14,-26,-7,-24,-3,-29,-6,-29,1,-32,4,-34,7,-27,14,-37,15,-34,17,-36,19,-40,24,-35,26,-41,28,-42,28,-39,32,-40,36,-40,40,-34,48,-38,46,-38,54,-34,47,-41,62,-37,56,-37,65,-35,68,-43,67,-43,73,-46,68,-44,71,-44,67,-43,76,-39,78,-45,71,0,0]"
CSI_DATA,137,1a:00:00:00:00:00,-45,11,1,0,1,1,1,0,0,0,1,-96,0,11,2,2104800,0,44,0,384,0,"[0,0,0,0,0,0,0,0,0,0,0,0,2,11,2,10,3,9,3,9,2,8,3,7,3,7,3,6,3,6,3,4,4,4,4,3,4,2,5,2,5,1,5,1,5,0,6,-1,5,-1,6,-2,6,-2,6,-3,7,-3,7,-4,7,-5,8,-5,0,0,8,-5,9,-6,10,-6,10,-7,10,-6,11,-5,11,-5,10,-5,11,-5,11,-4,12,-4,11,-4,11,-3,10,-2,10,-2,10,-1,10,-1,10,-1,9,0,9,0,8,1,8,1,8,1,7,1,6,2,6,2,0,0,0,0,0,0,0,0,0,0,0,0,0,0,5,72,-3,67,5,65,6,64,7,65,11,58,11,53,8,50,12,43,10,43,13,38,18,35,17,38,20,27,21,28,25,19,29,16,26,14,27,11,27,7,26,3,34,2,31,-3,36,-8,37,-8,36,-15,46,-14,40,-19,41,-17,48,-25,44,-20,48,-28,54,-24,55,-25,53,-31,58,-26,60,-31,60,-23,64,-22,65,-19,61,-16,66,-14,63,-11,62,-10,60,-10,65,-7,61,-2,60,-8,56,-1,51,0,52,2,53,5,50,6,44,9,42,12,40,15,32,19,0,0,0,0,0,0,0,0,0,0,0,0,0,0,0,0,0,0,0,0,0,0,2,-68,9,-59,12,-59,16,-62,17,-59,18,-53,21,-49,18,-48,24,-52,22,-44,21,-46,19,-45,18,-43,15,-39,17,-32,15,-34,15,-37,7,-36,8,-31,6,-27,1,-25,-1,-29,-4,-25,-7,-26,-11,-24,-14,-26,-16,-18,-18,-22,-24,-22,-30,-19,-31,-20,-33,-14,-36,-16,-37,-16,-41,-14,-47,-13,-45,-12,-53,-12,-51,-11,-57,-9,-56,-10,-60,-9,-65,-1,-67,-2,-65,0,-67,7,-69,5,-72,5,-74,6,-79,9,-82,10,-79,16,-88,6,-82,6,-86,15,-84,10,-88,12,0,0]"
CSI_DATA,138,1a:00:00:00:00:00,-45,11,1,0,1,1,1,0,0,0,1,-96,0,11,2,2124754,0,44,0,384,0,"[0,0,0,0,0,0,0,0,0,0,0,0,10,3,9,3,9,2,9,2,8,1,7,1,7,0,6,0,6,-1,5,-1,5,-1,5,-2,4,-3,4,-4,4,-4,3,-5,3,-5,2,-5,2,-6,2,-6,2,-7,1,-7,1,-8,1,-8,1,-9,0,-9,0,0,0,-10,0,-11,0,-11,0,-11,1,-11,1,-12,1,-12,1,-12,2,-12,2,-12,3,-12,3,-11,3,-11,3,-11,4,-10,4,-9,4,-9,4,-9,4,-8,4,-8,5,-7,5,-7,5,-6,5,-5,5,-4,5,-4,0,0,0,0,0,0,0,0,0,0,0,0,0,0,62,36,59,40,64,30,57,31,49,27,48,29,51,23,49,19,44,18,38,14,36,7,37,6,33,2,34,2,31,-2,28,-10,30,-10,25,-14,27,-17,23,-19,18,-27,20,-22,16,-27,12,-31,12,-32,10,-39,11,-39,13,-44,10,-43,10,-50,9,-51,9,-58,6,-56,8,-59,5,-58,15,-58,12,-68,12,-64,14,-66,15,-63,19,-62,25,-60,22,-59,23,-59,26,-53,29,-58,25,-53,29,-49,29,-48,27,-45,30,-40,28,-40,30,-37,30,-33,32,-31,37,-23,34,-16,0,0,0,0,0,0,0,0,0,0,0,0,0,0,0,0,0,0,0,0,0,0,-48,-44,-43,-45,-41,-44,-38,-49,-34,-47,-33,-49,-29,-48,-26,-47,-24,-46,-23,-45,-23,-42,-16,-42,-21,-44,-19,-37,-18,-33,-17,-34,-20,-33,-18,-28,-17,-23,-22,-21,-19,-12,-22,-12,-25,-13,-23,-11,-27,-5,-28,0,-29,1,-27,4,-33,6,-32,9,-32,7,-36,14,-34,18,-31,23,-38,25,-32,27,-37,32,-39,29,-35,35,-39,40,-37,45,-38,43,-35,52,-35,52,-33,50,-35,52,-35,58,-32,64,-32,65,-34,70,-38,67,-39,70,-41,74,-39,70,-45,75,-40,77,-42,75,0,0]"
CSI_DATA,139,1a:00:00:00:00:00,-45,11,1,0,1,1,1,0,0,0,1,-96,0,11,2,2134856,0,44,0,384,0,"[0,0,0,0,0,0,0,0,0,0,0,0,9,7,8,6,8,6,8,5,7,4,6,4,7,3,6,3,6,2,6,1,6,0,5,0,6,-1,5,-2,5,-2,5,-3,4,-4,4,-4,4,-4,4,-5,3,-6,4,-7,4,-7,3,-8,3,-9,3,-9,0,0,4,-10,4,-10,4,-11,4,-11,5,-11,5,-11,6,-11,6,-11,6,-11,7,-10,7,-10,7,-10,7,-9,7,-9,8,-8,8,-8,7,-8,7,-7,7,-6,7,-6,8,-5,7,-4,7,-4,7,-3,7,-3,6,-2,0,0,0,0,0,0,0,0,0,0,0,0,0,0,49,63,44,60,47,57,40,53,38,50,34,48,34,30,37,35,33,27,31,27,30,22,32,20,31,16,33,10,32,9,31,7,35,0,30,-3,27,-5,29,-12,33,-14,24,-15,23,-27,24,-25,23,-25,26,-32,25,-33,25,-38,27,-37,28,-44,28,-45,25,-53,26,-50,28,-50,31,-55,38,-56,30,-59,34,-57,39,-57,39,-49,41,-51,47,-52,41,-50,46,-48,43,-40,46,-43,48,-37,45,-34,46,-33,44,-29,44,-28,45,-27,41,-24,39,-18,39,-15,41,-9,36,-6,0,0,0,0,0,0,0,0,0,0,0,0,0,0,0,0,0,0,0,0,0,0,-37,-53,-26,-55,-25,-59,-18,-59,-14,-60,-9,-59,-15,-55,-10,-54,-8,-53,-8,-51,-2,-54,-3,-47,-6,-47,-4,-42,-6,-36,-3,-35,-8,-38,-8,-33,-12,-32,-14,-27,-12,-23,-19,-24,-18,-16,-21,-17,-20,-15,-27,-13,-27,-9,-28,-7,-32,-2,-36,-3,-32,-2,-41,2,-43,6,-40,12,-41,10,-44,15,-44,13,-46,14,-47,22,-52,24,-51,24,-51,34,-56,26,-52,35,-50,35,-55,46,-52,40,-56,46,-58,51,-60,49,-61,51,-61,55,-67,52,-65,55,-67,59,-70,61,-64,55,0,0]"
CSI_DATA,140,1a:00:00:00:00:00,-45,11,1,0,1,1,1,0,0,0,1,-96,0,11,2,2144784,0,44,0,384,0,"[0,0,0,0,0,0,0,0,0,0,0,0,-2,11,-2,10,-1,9,-1,9,-1,8,-1,8,0,7,0,7,1,6,2,5,2,5,3,4,3,4,3,3,3,3,4,2,4,2,5,2,5,1,6,0,6,0,7,-1,7,-1,8,-1,8,-2,8,-2,0,0,9,-3,10,-2,11,-3,10,-3,11,-2,11,-2,11,-2,11,-2,11,-2,11,-1,12,0,11,0,11,0,11,0,10,1,10,1,9,1,9,1,8,2,8,2,8,2,7,3,6,2,6,3,6,4,5,4,0,0,0,0,0,0,0,0,0,0,0,0,0,0,-26,76,-27,66,-17,64,-18,62,-13,56,-16,53,-10,54,-10,48,-7,41,-3,45,2,43,5,38,5,37,9,29,10,31,14,27,17,25,17,21,20,19,28,17,29,13,25,12,33,5,37,4,34,3,41,2,39,2,43,-3,42,-6,51,-6,51,-5,57,-3,52,-5,58,-9,61,-15,60,-8,59,-8,65,-6,65,-1,64,-2,60,0,63,1,61,7,66,7,58,8,56,8,60,13,52,18,53,10,48,14,48,18,46,17,39,18,40,23,33,24,33,25,26,24,0,0,0,0,0,0,0,0,0,0,0,0,0,0,0,0,0,0,0,0,0,0,24,-58,28,-53,31,-48,39,-49,38,-43,40,-43,34,-42,40,-38,39,-41,38,-33,39,-31,32,-29,34,-32,31,-29,28,-22,20,-28,24,-31,19,-24,14,-25,15,-24,12,-24,8,-27,8,-25,4,-26,-3,-26,-6,-25,-10,-27,-16,-30,-16,-24,-21,-28,-19,-24,-25,-24,-25,-27,-32,-28,-32,-29,-35,-29,-38,-27,-44,-28,-43,-23,-51,-24,-52,-24,-50,-21,-61,-28,-58,-25,-64,-21,-63,-17,-66,-18,-73,-16,-71,-17,-74,-18,-77,-20,-79,-18,-83,-24,-77,-20,-81,-25,-82,-22,-77,-16,0,0]"
CSI_DATA,141,1a:00:00:00:00:00,-45,11,1,0,1,1,1,0,0,0,1,-96,0,11,2,2154865,0,44,0,384,0,"[0,0,0,0,0,0,0,0,0,0,0,0,2,11,2,10,3,9,2,9,2,8,3,7,3,7,3,6,3,5,4,4,4,4,4,3,4,2,4,2,5,1,5,0,5,0,5,-1,5,-1,6,-2,6,-2,6,-3,7,-4,7,-5,7,-5,7,-5,0,0,8,-5,9,-6,9,-6,9,-6,9,-6,10,-5,10,-6,10,-5,11,-5,10,-4,11,-4,10,-3,10,-3,10,-3,10,-2,10,-2,10,-2,9,-1,9,-1,8,0,8,0,8,1,7,1,7,2,6,2,5,2,0,0,0,0,0,0,0,0,0,0,0,0,0,0,-6,70,-3,72,-1,68,-5,65,-2,60,-1,55,2,51,3,48,6,47,7,41,8,37,11,39,12,36,17,29,12,27,19,24,20,20,24,20,22,12,29,10,29,8,28,8,30,0,36,1,34,-3,39,-8,40,-9,43,-15,46,-13,46,-19,52,-15,52,-19,56,-15,52,-22,55,-25,60,-18,61,-18,60,-14,63,-10,66,-14,66,-10,69,-9,60,-5,66,-2,56,1,61,3,56,1,58,1,51,6,51,9,48,10,46,13,48,13,41,14,39,14,36,20,30,22,0,0,0,0,0,0,0,0,0,0,0,0,0,0,0,0,0,0,0,0,0,0,4,-63,10,-62,16,-61,21,-60,19,-56,22,-52,24,-48,23,-50,29,-47,23,-45,23,-43,22,-40,20,-39,22,-36,16,-33,18,-32,14,-32,13,-34,8,-25,8,-29,3,-26,2,-28,-5,-28,-7,-24,-12,-21,-11,-24,-12,-27,-17,-24,-22,-19,-31,-22,-27,-21,-30,-19,-31,-19,-38,-21,-41,-20,-41,-19,-46,-17,-46,-17,-52,-13,-55,-12,-52,-13,-60,-7,-60,-7,-66,-6,-63,-3,-68,-4,-69,-2,-71,-1,-75,1,-80,-3,-76,0,-84,2,-85,-1,-78,-5,-82,-4,-86,2,-79,5,0,0]"
CSI_DATA,142,1a:00:00:00:00:00,-45,11,1,0,1,1,1,0,0,0,1,-96,0,11,2,2174777,0,44,0,384,0,"[0,0,0,0,0,0,0,0,0,0,0,0,6,-10,5,-10,4,-9,5,-8,3,-8,3,-8,2,-8,2,-7,0,-7,0,-7,0,-7,-1,-6,-2,-6,-2,-6,-3,-5,-4,-5,-4,-5,-5,-5,-5,-4,-6,-4,-6,-4,-7,-3,-7,-4,-8,-3,-9,-3,-9,-3,0,0,-11,-3,-11,-3,-11,-4,-11,-4,-11,-4,-11,-4,-12,-4,-11,-5,-12,-5,-11,-6,-11,-6,-10,-6,-10,-7,-10,-6,-9,-7,-9,-7,-8,-7,-8,-7,-7,-7,-7,-6,-6,-7,-6,-7,-5,-7,-4,-7,-3,-7,-3,-7,0,0,0,0,0,0,0,0,0,0,0,0,0,0,54,-54,58,-46,45,-48,47,-42,42,-51,35,-45,31,-43,31,-43,29,-37,21,-34,16,-37,17,-35,14,-34,7,-31,5,-34,0,-32,-2,-33,-7,-29,-9,-26,-17,-23,-19,-29,-18,-28,-20,-19,-26,-26,-24,-24,-33,-23,-39,-22,-41,-18,-42,-21,-45,-18,-48,-18,-53,-20,-49,-21,-58,-23,-57,-21,-54,-26,-54,-30,-59,-31,-55,-34,-57,-36,-54,-34,-57,-35,-54,-39,-54,-38,-46,-40,-45,-41,-46,-38,-40,-44,-38,-38,-31,-39,-34,-38,-28,-43,-25,-39,-18,-39,-18,-38,-16,-34,-14,-38,0,0,0,0,0,0,0,0,0,0,0,0,0,0,0,0,0,0,0,0,0,0,-47,41,-50,35,-51,31,-54,28,-55,24,-52,17,-52,19,-54,17,-52,16,-47,15,-45,12,-46,12,-45,10,-44,16,-40,8,-32,12,-31,13,-33,12,-26,15,-23,12,-19,16,-17,18,-12,20,-15,19,-12,21,-6,26,-8,25,-5,27,-5,28,4,28,5,34,8,38,8,37,11,36,14,41,20,43,22,40,25,39,24,38,29,47,30,45,38,41,41,46,41,46,44,42,49,48,46,51,53,45,56,50,53,49,54,48,68,45,61,52,61,48,66,58,62,57,59,57,0,0]"
CSI_DATA,143,1a:00:00:00:00:00,-45,11,1,0,1,1,1,0,0,0,1,-96,0,11,2,2184904,0,44,0,384,0,"[0,0,0,0,0,0,0,0,0,0,0,0,11,0,10,-1,9,-1,9,-1,8,-1,7,-1,7,-2,6,-3,5,-3,5,-3,5,-3,4,-4,3,-4,2,-4,2,-5,2,-5,1,-6,1,-6,0,-6,0,-7,-1,-7,-1,-7,-2,-8,-2,-8,-2,-8,-3,-8,0,0,-3,-10,-3,-10,-4,-10,-3,-11,-3,-11,-3,-11,-3,-12,-3,-11,-2,-12,-2,-12,-1,-12,-1,-11,0,-11,0,-11,0,-11,0,-11,1,-10,1,-10,1,-9,1,-9,2,-8,2,-8,2,-8,3,-7,3,-6,3,-5,0,0,0,0,0,0,0,0,0,0,0,0,0,0,78,15,74,11,70,6,61,7,61,7,53,3,53,5,52,2,50,-1,42,-4,44,-4,39,-6,34,-11,36,-12,26,-11,26,-15,24,-23,18,-21,16,-26,14,-27,10,-28,7,-30,8,-32,4,-34,4,-36,-1,-41,-1,-42,-6,-43,-7,-48,-13,-53,-11,-56,-11,-59,-13,-59,-12,-60,-14,-63,-11,-67,-11,-70,-9,-69,-6,-67,-3,-65,-1,-66,5,-64,5,-64,1,-69,5,-61,10,-64,12,-58,9,-59,14,-54,13,-53,17,-50,19,-47,16,-46,23,-41,22,-36,24,-36,26,-31,0,0,0,0,0,0,0,0,0,0,0,0,0,0,0,0,0,0,0,0,0,0,-75,-22,-59,-30,-65,-36,-36,0,-26,-55,-11,-27,-50,-14,-17,-41,-26,-15,-46,1,-50,-48,-5,-30,-8,-45,-48,-32,-19,-44,-50,-18,-32,-18,-40,-12,-30,-29,-23,-36,-20,12,-6,14,-7,28,-81,10,-29,4,-43,23,-21,8,-15,-15,-39,14,-16,37,-29,15,-34,25,-22,33,-24,26,-15,34,-38,44,-38,41,-18,38,-14,46,-15,55,-18,54,-21,59,-16,62,-15,64,-18,62,-7,67,-13,65,-7,72,-11,72,-9,76,-5,84,-2,83,-12,86,-12,77,-11,93,-11,86,-13,81,0,0]"
CSI_DATA,144,1a:00:00:00:00:00,-45,11,1,0,1,1,1,0,0,0,1,-96,0,11,2,2195128,0,44,0,384,0,"[0,0,0,0,0,0,0,0,0,0,0,0,-6,-12,-6,-10,-6,-9,-6,-9,-6,-8,-6,-7,-6,-6,-6,-5,-6,-5,-6,-4,-6,-3,-6,-3,-6,-2,-6,-1,-6,-1,-6,0,-6,1,-6,1,-6,2,-6,2,-6,3,-6,4,-6,4,-7,6,-7,6,-7,6,0,0,-7,8,-8,8,-9,8,-9,9,-9,8,-10,8,-10,8,-10,7,-10,8,-11,7,-11,7,-11,6,-11,5,-10,5,-11,4,-10,4,-11,4,-10,3,-10,2,-9,2,-9,1,-9,1,-9,1,-8,0,-8,-1,-7,-1,0,0,0,0,0,0,0,0,0,0,0,0,0,0,-30,-72,-25,-65,-32,-66,-31,-62,-29,-58,-19,-56,-25,-47,-25,-45,-21,-41,-25,-38,-24,-35,-28,-28,-25,-26,-26,-18,-24,-14,-28,-14,-32,-9,-30,-5,-29,-2,-32,0,-31,6,-28,9,-28,10,-29,16,-30,17,-32,23,-34,24,-32,29,-37,36,-37,37,-37,37,-37,42,-39,43,-37,44,-38,47,-50,43,-43,42,-41,43,-54,46,-50,43,-46,40,-51,38,-53,38,-54,36,-51,30,-48,28,-54,24,-47,24,-50,22,-50,17,-48,19,-47,16,-44,15,-42,4,-45,3,-38,2,-43,-3,0,0,0,0,0,0,0,0,0,0,0,0,0,0,0,0,0,0,0,0,0,0,12,62,5,61,-1,58,-4,63,-9,57,-12,55,-10,49,-12,48,-11,51,-10,46,-14,46,-10,47,-9,43,-9,43,-10,36,-5,34,-5,37,-7,30,2,27,6,30,7,27,9,25,8,28,14,19,17,19,17,18,21,16,23,14,23,10,30,14,27,11,34,10,37,10,36,5,46,5,44,1,43,2,47,-6,50,-10,49,-9,59,-13,53,-10,59,-17,61,-18,63,-20,58,-26,61,-25,61,-24,62,-32,70,-35,67,-32,72,-38,79,-35,67,-31,82,-37,79,-37,77,-28,0,0]"
CSI_DATA,145,1a:00:00:00:00:00,-45,11,1,0,1,1,1,0,0,0,1,-96,0,11,2,2214826,0,44,0,384,0,"[0,0,0,0,0,0,0,0,0,0,0,0,1,11,1,10,1,9,2,9,2,8,2,7,3,7,3,5,3,5,3,4,3,4,4,3,4,3,4,2,4,1,5,1,5,0,5,0,5,-1,6,-1,6,-2,6,-3,6,-3,7,-4,8,-4,7,-5,0,0,8,-5,9,-5,10,-6,9,-6,9,-5,10,-6,10,-5,10,-5,11,-5,11,-4,11,-4,10,-3,10,-3,10,-3,10,-2,10,-2,9,-2,9,-1,9,-1,8,0,8,0,8,1,7,1,7,2,6,2,5,2,0,0,0,0,0,0,0,0,0,0,0,0,0,0,4,71,4,73,10,70,3,61,9,66,9,57,14,50,15,53,11,44,12,46,16,37,17,37,15,33,18,27,22,23,23,20,28,16,27,10,26,9,29,8,30,-3,33,-3,31,-7,33,-8,33,-10,36,-11,35,-14,40,-21,41,-24,43,-24,44,-29,54,-28,48,-26,55,-29,50,-29,62,-25,58,-25,58,-29,61,-22,61,-19,61,-25,64,-19,57,-20,64,-19,61,-16,58,-13,62,-10,58,-8,55,-6,54,0,51,0,51,2,47,2,44,5,43,7,39,10,39,15,0,0,0,0,0,0,0,0,0,0,0,0,0,0,0,0,0,0,0,0,0,0,0,-64,8,-62,9,-61,14,-61,17,-58,17,-59,20,-51,27,-51,23,-51,19,-46,21,-45,17,-46,19,-48,17,-41,15,-37,14,-36,7,-33,10,-32,5,-33,1,-26,6,-24,-3,-27,-4,-26,-13,-22,-12,-25,-15,-24,-14,-26,-18,-22,-22,-21,-26,-18,-28,-13,-38,-18,-39,-16,-37,-13,-44,-16,-44,-17,-43,-11,-48,-9,-47,-3,-55,-2,-57,-5,-63,1,-60,0,-66,2,-67,0,-67,4,-70,8,-73,8,-74,9,-80,12,-78,15,-85,17,-87,11,-80,15,-86,16,-87,15,-85,5,0,0]"
CSI_DATA,146,1a:00:00:00:00:00,-45,11,1,0,1,1,1,0,0,0,1,-96,0,11,2,2224766,0,44,0,384,0,"[0,0,0,0,0,0,0,0,0,0,0,0,-12,2,-11,2,-10,3,-10,2,-9,2,-8,2,-7,3,-6,3,-6,3,-5,3,-5,4,-4,4,-4,4,-2,4,-2,4,-1,5,-1,5,-1,5,1,5,1,5,1,6,2,6,3,6,3,6,4,7,4,7,0,0,5,8,5,9,6,9,5,8,5,9,5,10,5,10,5,10,4,10,4,10,3,11,3,10,2,10,2,10,1,10,1,10,1,9,1,9,0,9,0,8,-1,8,-1,7,-2,7,-2,6,-2,6,-3,6,0,0,0,0,0,0,0,0,0,0,0,0,0,0,-75,4,-70,11,-66,15,-61,15,-57,14,-50,14,-54,9,-52,11,-47,15,-44,14,-39,19,-31,17,-26,24,-27,25,-25,20,-18,26,-17,26,-13,27,-10,24,-3,31,2,28,4,33,7,32,6,34,12,32,15,34,17,36,23,37,19,39,28,42,29,43,33,45,26,47,34,51,36,49,32,54,32,57,35,53,28,60,28,57,24,56,21,60,19,61,17,59,21,59,17,55,14,56,13,55,10,50,9,46,8,49,2,48,2,44,-2,46,-4,41,-7,34,-14,33,0,0,0,0,0,0,0,0,0,0,0,0,0,0,0,0,0,0,0,0,0,0,62,-3,59,6,61,9,60,11,59,16,52,16,50,10,48,19,50,17,46,16,44,22,39,16,41,17,42,16,36,14,37,12,32,6,32,8,31,2,30,1,29,2,30,-4,25,-7,25,-8,24,-14,20,-15,19,-19,21,-25,18,-28,18,-29,15,-28,15,-34,8,-39,12,-36,12,-42,9,-47,8,-45,8,-52,1,-47,4,-54,3,-58,-2,-60,0,-59,-7,-62,-12,-63,-6,-67,-12,-66,-15,-68,-14,-69,-18,-80,-16,-78,-20,-81,-18,-79,-14,-77,-22,-87,-18,-81,-16,-83,0,0]"
CSI_DATA,147,1a:00:00:00:00:00,-45,11,1,0,1,1,1,0,0,0,1,-96,0,11,2,2245644,0,44,0,384,0,"[0,0,0,0,0,0,0,0,0,0,0,0,7,-9,6,-9,5,-9,5,-8,5,-8,4,-7,3,-8,2,-7,1,-7,1,-7,0,-7,0,-7,-1,-6,-2,-6,-2,-6,-3,-6,-3,-5,-4,-5,-5,-5,-5,-5,-5,-5,-6,-4,-7,-4,-8,-5,-8,-4,-8,-4,0,0,-9,-5,-10,-6,-10,-5,-11,-6,-10,-6,-11,-6,-11,-6,-10,-7,-10,-7,-10,-8,-10,-9,-9,-8,-9,-8,-8,-8,-8,-9,-7,-9,-7,-9,-6,-8,-6,-8,-5,-8,-5,-8,-4,-8,-3,-8,-3,-8,-2,-7,-1,-7,0,0,0,0,0,0,0,0,0,0,0,0,0,0,49,-64,43,-58,36,-57,28,-56,30,-57,26,-47,24,-50,20,-48,21,-43,13,-40,7,-37,7,-37,4,-34,4,-33,-4,-29,-7,-31,-10,-33,-8,-30,-11,-24,-20,-26,-27,-18,-27,-22,-29,-15,-31,-15,-34,-17,-35,-16,-42,-16,-45,-10,-45,-11,-52,-7,-49,-11,-56,-12,-53,-14,-55,-11,-60,-7,-59,-15,-62,-19,-62,-18,-64,-23,-64,-21,-64,-26,-61,-28,-58,-31,-57,-27,-51,-28,-55,-34,-49,-28,-46,-33,-41,-32,-43,-33,-39,-32,-41,-30,-34,-34,-30,-38,-21,-38,-22,-32,-16,-38,0,0,0,0,0,0,0,0,0,0,0,0,0,0,0,0,0,0,0,0,0,0,-38,50,-40,39,-44,45,-46,39,-48,35,-48,31,-43,31,-46,26,-46,24,-49,25,-42,20,-39,22,-40,20,-39,16,-32,17,-28,18,-26,24,-26,17,-20,19,-21,21,-21,21,-14,24,-13,20,-7,22,-10,25,-2,25,-2,24,4,29,3,28,9,29,12,31,16,34,16,35,22,30,23,35,27,33,27,40,34,38,38,38,37,38,37,35,50,31,48,39,48,36,51,32,63,31,62,32,60,32,58,33,66,39,66,43,70,38,70,41,72,40,72,40,68,37,76,45,0,0]"
CSI_DATA,148,1a:00:00:00:00:00,-45,11,1,0,1,1,1,0,0,0,1,-96,0,11,2,2264747,0,44,0,384,0,"[0,0,0,0,0,0,0,0,0,0,0,0,-12,1,-11,1,-10,2,-10,2,-9,2,-8,2,-7,3,-7,3,-6,3,-5,3,-5,3,-4,4,-4,4,-3,4,-3,4,-2,5,-1,5,0,5,0,5,1,6,1,5,2,6,2,6,2,7,3,7,4,7,0,0,5,8,4,9,5,10,5,9,5,9,4,10,4,10,4,10,4,10,3,10,3,11,2,10,2,10,1,10,1,10,1,10,0,10,0,9,0,9,0,8,-1,8,-2,8,-2,7,-2,7,-3,6,-3,5,0,0,0,0,0,0,0,0,0,0,0,0,0,0,-80,-12,-76,-7,-74,-5,-63,-5,-65,-1,-57,0,-53,-4,-52,3,-53,3,-39,6,-42,5,-35,12,-33,8,-33,10,-25,16,-20,18,-24,23,-19,23,-16,23,-11,24,-6,30,-3,30,-2,28,-1,34,4,40,4,40,10,40,13,45,13,44,22,50,18,47,20,56,18,55,26,58,25,55,18,62,18,61,18,63,17,67,14,65,13,63,7,67,12,65,12,68,4,61,3,61,0,56,2,54,-2,52,-6,49,-7,49,-8,48,-12,47,-18,45,-17,41,-17,35,-19,31,0,0,0,0,0,0,0,0,0,0,0,0,0,0,0,0,0,0,0,0,0,0,59,18,53,25,58,27,52,28,52,35,49,33,41,34,41,29,44,34,38,35,38,33,39,28,38,28,35,24,29,26,26,25,29,15,28,17,28,15,28,6,27,4,31,5,25,1,25,-4,28,-6,27,-13,25,-13,28,-17,26,-17,26,-22,24,-29,22,-31,27,-30,20,-35,23,-40,24,-44,20,-43,19,-45,18,-50,20,-55,23,-56,13,-64,14,-59,8,-64,9,-63,9,-70,9,-72,6,-69,6,-75,5,-80,-1,-80,1,-80,3,-85,8,-84,3,-89,5,-91,15,-84,0,0]"
CSI_DATA,149,1a:00:00:00:00:00,-45,11,1,0,1,1,1,0,0,0,1,-96,0,11,2,2274770,0,44,0,384,0,"[0,0,0,0,0,0,0,0,0,0,0,0,7,7,7,6,7,6,7,5,6,4,6,4,6,3,6,2,6,2,5,1,5,1,5,0,5,-1,5,-1,5,-2,5,-3,4,-4,4,-4,4,-5,4,-5,4,-6,3,-6,4,-7,3,-7,4,-8,3,-9,0,0,3,-10,4,-10,4,-11,4,-11,4,-11,5,-11,5,-11,5,-10,6,-10,6,-10,6,-10,6,-10,6,-9,7,-9,7,-8,7,-8,6,-8,7,-7,7,-6,7,-6,6,-5,6,-5,6,-4,6,-4,6,-3,6,-2,0,0,0,0,0,0,0,0,0,0,0,0,0,0,47,57,47,54,46,48,40,44,44,47,38,38,42,39,41,29,36,29,32,22,36,21,31,20,35,12,30,8,28,8,29,1,33,-3,28,-7,28,-13,23,-13,23,-15,21,-20,20,-24,21,-27,19,-27,22,-33,21,-36,17,-40,14,-44,16,-45,18,-47,18,-52,20,-49,21,-54,25,-55,29,-58,26,-60,30,-59,31,-59,30,-55,29,-56,34,-54,39,-52,34,-54,41,-49,39,-45,40,-41,40,-44,39,-37,38,-36,39,-30,40,-27,35,-28,37,-23,36,-21,37,-13,36,-8,0,0,0,0,0,0,0,0,0,0,0,0,0,0,0,0,0,0,0,0,0,0,-32,-55,-28,-57,-19,-58,-20,-58,-12,-55,-11,-57,-12,-57,-8,-53,-9,-51,-10,-50,-3,-51,-7,-44,-6,-44,-8,-44,-9,-41,-4,-39,-12,-34,-12,-37,-16,-23,-16,-24,-11,-26,-21,-26,-16,-20,-25,-18,-24,-17,-25,-12,-26,-9,-32,-8,-33,-9,-34,-4,-35,1,-37,3,-43,5,-42,7,-39,9,-44,11,-49,15,-48,18,-42,25,-49,27,-51,30,-46,31,-52,30,-52,38,-51,36,-53,39,-53,41,-50,42,-54,52,-56,47,-60,54,-58,57,-65,52,-61,52,-63,58,-58,57,-60,54,0,0]"
CSI_DATA,150,1a:00:00:00:00:00,-45,11,1,0,1,1,1,0,0,0,1,-96,0,11,2,2284822,0,44,0,384,0,"[0,0,0,0,0,0,0,0,0,0,0,0,10,-6,9,-6,8,-6,8,-6,7,-6,6,-6,5,-6,4,-6,4,-6,3,-6,3,-6,1,-6,1,-6,0,-6,0,-6,-2,-7,-2,-6,-3,-6,-3,-6,-4,-6,-5,-6,-5,-6,-6,-6,-7,-6,-7,-6,-8,-6,0,0,-9,-7,-9,-8,-9,-7,-10,-8,-9,-8,-9,-8,-10,-8,-9,-9,-9,-9,-9,-9,-8,-10,-8,-10,-7,-10,-7,-10,-6,-10,-6,-10,-6,-10,-5,-9,-4,-9,-4,-9,-4,-9,-3,-8,-2,-9,-2,-8,-1,-8,0,-7,0,0,0,0,0,0,0,0,0,0,0,0,0,0,71,-23,64,-23,60,-31,55,-25,54,-27,53,-25,46,-25,45,-27,38,-26,36,-26,30,-30,27,-26,23,-28,19,-28,15,-29,8,-30,3,-31,5,-28,1,-29,-3,-28,-8,-34,-10,-31,-14,-29,-16,-29,-19,-30,-22,-30,-26,-30,-29,-31,-37,-34,-38,-33,-41,-33,-42,-42,-41,-42,-45,-48,-44,-39,-42,-51,-43,-50,-36,-47,-39,-53,-40,-52,-38,-52,-38,-54,-36,-54,-31,-57,-27,-56,-29,-56,-25,-51,-22,-54,-21,-51,-14,-50,-12,-47,-11,-49,-9,-43,-3,-48,-7,-42,-1,-39,5,-36,0,0,0,0,0,0,0,0,0,0,0,0,0,0,0,0,0,0,0,0,0,0,-54,26,-60,18,-61,14,-59,9,-59,8,-57,0,-52,1,-51,1,-56,-1,-50,1,-48,-1,-48,0,-49,2,-42,0,-38,-5,-36,4,-36,2,-29,1,-35,3,-30,9,-23,9,-29,9,-20,15,-21,17,-18,20,-17,24,-11,23,-11,31,-16,29,-8,33,-4,30,-7,34,-4,37,-3,41,0,42,0,43,6,47,11,49,12,48,12,56,16,53,16,57,16,55,23,58,26,57,25,61,27,64,29,63,31,69,34,67,37,65,39,64,37,74,37,70,42,79,39,78,30,75,0,0]"
CSI_DATA,151,1a:00:00:00:00:00,-45,11,1,0,1,1,1,0,0,0,1,-96,0,11,2,2294825,0,44,0,384,0,"[0,0,0,0,0,0,0,0,0,0,0,0,-12,3,-11,3,-10,4,-10,4,-8,4,-8,3,-7,4,-6,4,-6,4,-5,4,-4,4,-3,5,-3,5,-2,5,-2,5,0,5,0,5,0,5,1,5,2,6,2,5,3,6,4,6,4,6,5,6,5,7,0,0,7,7,6,8,7,8,7,8,7,8,7,9,8,9,7,9,7,10,6,10,5,10,5,10,4,10,4,10,3,10,3,10,3,9,3,9,2,9,2,8,1,8,1,8,0,8,-1,7,-1,7,-2,6,0,0,0,0,0,0,0,0,0,0,0,0,0,0,-73,19,-70,17,-67,22,-61,23,-57,21,-55,16,-53,20,-45,19,-45,20,-35,25,-33,23,-29,25,-24,31,-24,23,-19,23,-13,27,-14,28,-6,27,-7,30,1,29,3,34,8,33,9,24,11,31,12,26,17,33,23,31,28,35,29,39,32,35,37,36,36,42,33,46,36,45,36,42,39,53,41,49,41,47,36,52,35,53,35,51,27,57,30,59,31,59,23,57,24,56,21,58,16,53,17,47,12,47,8,46,9,47,8,47,2,44,-4,44,-7,37,-4,34,0,0,0,0,0,0,0,0,0,0,0,0,0,0,0,0,0,0,0,0,0,0,59,-11,60,-5,58,-1,61,4,61,5,56,9,52,6,51,11,52,10,52,9,40,13,45,7,45,8,46,12,39,8,38,12,31,3,33,3,33,2,28,-3,28,-5,25,-9,22,-12,19,-14,24,-14,16,-16,20,-21,17,-24,18,-23,15,-29,10,-33,11,-39,11,-38,8,-38,3,-45,1,-46,0,-47,0,-49,0,-53,-3,-59,-4,-58,-13,-57,-11,-63,-13,-63,-19,-58,-15,-66,-20,-65,-23,-66,-24,-68,-22,-73,-23,-73,-27,-79,-31,-76,-28,-77,-28,-80,-23,-81,-25,-79,0,0]"
CSI_DATA,152,1a:00:00:00:00:00,-45,11,1,0,1,1,1,0,0,0,1,-96,0,11,2,2304778,0,44,0,384,0,"[0,0,0,0,0,0,0,0,0,0,0,0,-1,-13,-1,-12,-2,-11,-2,-11,-2,-10,-2,-9,-3,-8,-3,-8,-3,-7,-4,-6,-4,-6,-5,-5,-5,-4,-5,-3,-5,-3,-6,-3,-6,-2,-6,-2,-7,-1,-7,0,-7,0,-8,1,-8,1,-9,2,-9,3,-10,3,0,0,-10,3,-11,3,-12,3,-11,4,-12,3,-12,3,-12,3,-12,2,-13,2,-13,2,-13,1,-13,0,-12,0,-12,0,-12,-1,-12,-1,-11,-2,-11,-1,-10,-2,-10,-2,-9,-3,-9,-3,-8,-4,-8,-4,-7,-4,-6,-4,0,0,0,0,0,0,0,0,0,0,0,0,0,0,-1,-37,-1,-37,-4,-33,-3,-31,-4,-32,-4,-30,-5,-26,-5,-26,-6,-23,-7,-21,-7,-21,-8,-19,-10,-18,-10,-14,-11,-13,-11,-9,-13,-9,-13,-4,-13,-5,-14,-4,-16,-3,-14,-1,-16,2,-18,2,-17,3,-19,5,-20,4,-21,10,-21,8,-23,13,-22,10,-27,12,-25,11,-26,13,-27,13,-30,12,-31,11,-31,10,-30,10,-31,9,-32,9,-32,7,-31,7,-33,5,-30,2,-30,2,-29,0,-28,0,-28,0,-26,-1,-27,-2,-25,-3,-24,-4,-20,-7,-21,-7,-21,-6,-19,-10,0,0,0,0,0,0,0,0,0,0,0,0,0,0,0,0,0,0,0,0,0,0,1,29,-4,30,-5,29,-7,29,-10,27,-8,26,-9,24,-11,23,-12,25,-10,23,-9,21,-10,20,-8,21,-11,21,-11,17,-8,18,-6,17,-6,16,-2,14,-2,14,-1,14,1,13,2,13,5,11,4,10,8,12,6,12,11,11,11,10,13,9,14,8,17,9,15,8,18,7,20,7,22,7,22,6,24,4,26,2,27,2,28,3,28,2,30,-1,32,1,31,-2,30,-5,34,-3,34,-5,36,-6,37,-5,38,-5,39,-7,43,-6,39,-5,42,-4,41,-7,39,-4,0,0]"
CSI_DATA,153,1a:00:00:00:00:00,-45,11,1,0,1,1,1,0,0,0,1,-96,0,11,2,2324762,0,44,0,384,0,"[0,0,0,0,0,0,0,0,0,0,0,0,-6,-11,-6,-10,-6,-9,-6,-9,-5,-8,-5,-7,-6,-6,-6,-5,-6,-5,-6,-3,-6,-4,-6,-2,-6,-1,-6,-1,-6,-1,-6,0,-6,1,-6,1,-6,3,-6,2,-6,4,-6,4,-6,4,-7,5,-7,6,-7,6,0,0,-8,7,-8,7,-9,8,-9,8,-9,8,-9,8,-9,8,-10,7,-10,7,-10,7,-11,6,-11,6,-11,5,-11,5,-10,4,-11,4,-10,3,-10,3,-9,2,-9,3,-9,1,-9,1,-8,1,-9,0,-8,-1,-7,-1,0,0,0,0,0,0,0,0,0,0,0,0,0,0,-27,-67,-28,-67,-27,-59,-25,-60,-25,-56,-26,-50,-25,-43,-24,-45,-29,-37,-24,-37,-29,-33,-24,-27,-28,-27,-28,-20,-26,-16,-29,-17,-30,-7,-32,-6,-27,-1,-30,5,-30,11,-29,11,-25,14,-32,19,-26,21,-31,24,-32,28,-32,32,-34,31,-34,33,-37,35,-37,41,-35,41,-38,42,-39,45,-44,41,-45,43,-44,44,-51,41,-53,43,-50,41,-54,36,-54,33,-52,33,-50,31,-58,33,-51,25,-51,26,-48,22,-49,16,-49,17,-42,17,-42,11,-43,7,-39,3,-43,3,-41,-8,0,0,0,0,0,0,0,0,0,0,0,0,0,0,0,0,0,0,0,0,0,0,13,65,7,58,6,60,1,58,-6,60,-5,53,-5,54,-14,53,-8,53,-11,48,-13,51,-7,44,-6,43,-7,40,-9,32,-6,38,-2,33,-3,37,-1,30,2,27,8,25,6,24,9,24,15,18,17,17,19,19,19,18,21,18,29,14,30,7,34,12,31,6,36,4,42,6,41,3,45,1,48,-2,48,-4,47,-5,53,-8,55,-6,60,-14,54,-14,62,-18,58,-20,65,-20,62,-26,63,-30,65,-36,72,-33,74,-33,72,-34,75,-32,80,-34,75,-38,71,-38,73,-31,0,0]"
CSI_DATA,154,1a:00:00:00:00:00,-45,11,1,0,1,1,1,0,0,0,1,-96,0,11,2,2334780,0,44,0,384,0,"[0,0,0,0,0,0,0,0,0,0,0,0,-5,10,-5,10,-4,9,-4,9,-3,8,-3,7,-1,7,-1,7,-1,7,0,5,1,6,1,5,2,4,2,4,3,4,3,3,4,3,4,2,5,2,5,1,6,1,7,1,7,1,8,0,9,0,9,0,0,0,10,0,10,0,11,0,11,0,11,0,12,0,11,0,12,1,12,1,11,1,12,2,11,3,10,3,10,3,10,3,9,4,9,3,9,3,8,4,7,3,7,4,6,4,6,4,5,5,5,5,4,5,0,0,0,0,0,0,0,0,0,0,0,0,0,0,-46,59,-42,56,-34,61,-32,52,-30,58,-28,54,-25,50,-24,48,-21,42,-18,41,-11,45,-6,38,-6,37,-1,32,2,33,5,31,10,26,10,23,18,23,21,20,26,23,26,19,28,14,27,8,34,10,34,12,39,7,42,4,47,10,50,3,53,7,59,6,58,8,60,3,57,6,60,11,64,11,64,12,60,17,62,18,64,18,66,19,59,21,58,23,56,26,57,23,54,28,50,26,46,24,45,26,40,29,41,28,35,30,34,31,27,31,27,32,20,32,0,0,0,0,0,0,0,0,0,0,0,0,0,0,0,0,0,0,0,0,0,0,44,-48,48,-40,47,-36,54,-36,56,-30,49,-29,46,-26,46,-26,51,-22,48,-18,46,-23,43,-23,43,-19,40,-21,35,-16,36,-20,36,-22,26,-19,22,-19,23,-21,17,-23,15,-23,11,-26,12,-25,8,-26,-1,-32,3,-32,-2,-33,-2,-32,-11,-36,-10,-33,-11,-39,-17,-34,-15,-37,-27,-41,-24,-39,-29,-42,-29,-38,-36,-40,-41,-39,-43,-43,-43,-43,-46,-42,-54,-42,-55,-38,-50,-45,-56,-43,-60,-38,-66,-41,-71,-44,-69,-45,-81,-48,-61,-45,-79,-43,-75,-42,-80,-43,-73,-53,0,0]"
CSI_DATA,155,1a:00:00:00:00:00,-45,11,1,0,1,1,1,0,0,0,1,-96,0,11,2,2346009,0,44,0,384,0,"[0,0,0,0,0,0,0,0,0,0,0,0,9,-7,8,-7,7,-7,7,-7,6,-6,6,-6,5,-6,4,-6,3,-6,2,-5,2,-6,1,-6,0,-6,0,-6,-1,-5,-2,-6,-2,-6,-3,-6,-4,-5,-4,-6,-4,-6,-6,-6,-6,-6,-7,-6,-7,-6,-8,-6,0,0,-8,-7,-9,-7,-9,-8,-10,-8,-9,-8,-9,-9,-9,-9,-9,-9,-9,-10,-8,-10,-8,-10,-7,-10,-6,-10,-6,-10,-6,-10,-6,-10,-5,-10,-5,-10,-4,-10,-4,-9,-3,-9,-2,-8,-2,-8,-1,-8,0,-8,0,-7,0,0,0,0,0,0,0,0,0,0,0,0,0,0,65,-37,64,-31,59,-38,53,-33,49,-33,43,-31,46,-35,43,-31,41,-30,27,-30,26,-32,20,-26,23,-32,17,-28,11,-28,7,-29,3,-30,2,-26,1,-27,-8,-27,-10,-30,-15,-26,-16,-29,-21,-27,-22,-25,-29,-31,-30,-34,-34,-29,-35,-30,-40,-31,-39,-33,-43,-34,-48,-36,-46,-41,-43,-39,-45,-43,-49,-46,-46,-47,-47,-52,-45,-47,-44,-51,-42,-50,-35,-50,-38,-51,-32,-50,-35,-50,-27,-51,-26,-57,-23,-47,-22,-50,-18,-45,-18,-44,-12,-47,-10,-46,-4,-41,-4,-38,0,-36,0,0,0,0,0,0,0,0,0,0,0,0,0,0,0,0,0,0,0,0,0,0,-50,30,-55,24,-57,23,-61,16,-61,13,-54,10,-52,7,-52,6,-54,7,-52,5,-47,-1,-47,4,-43,7,-44,8,-39,-1,-38,5,-41,9,-31,8,-27,8,-29,7,-22,14,-21,15,-20,18,-18,17,-19,24,-11,28,-9,26,-10,28,-12,32,-4,37,-1,34,-3,37,1,40,-1,41,3,42,6,44,9,47,18,50,12,47,20,52,21,49,26,51,29,51,28,60,26,51,37,60,36,57,37,56,36,62,42,62,42,65,49,61,42,66,44,67,48,72,43,68,44,74,0,0]"
CSI_DATA,156,1a:00:00:00:00:00,-45,11,1,0,1,1,1,0,0,0,1,-96,0,11,2,2355524,0,44,0,384,0,"[0,0,0,0,0,0,0,0,0,0,0,0,10,1,10,1,9,0,9,1,8,0,7,0,7,-2,6,-1,6,-2,5,-2,5,-3,4,-4,4,-4,3,-4,3,-4,2,-5,1,-6,1,-6,1,-6,0,-7,0,-7,0,-8,-1,-8,-1,-8,-2,-9,-2,-9,0,0,-2,-10,-2,-11,-2,-12,-2,-12,-2,-12,-1,-12,-1,-12,-1,-12,-1,-12,0,-12,0,-13,0,-12,1,-12,1,-11,1,-11,2,-11,2,-10,2,-10,2,-9,2,-9,3,-8,3,-8,4,-7,4,-7,4,-6,4,-5,0,0,0,0,0,0,0,0,0,0,0,0,0,0,71,15,69,13,69,7,61,8,58,5,55,7,56,4,53,4,43,-2,40,-4,39,-4,37,-10,34,-7,35,-13,30,-12,20,-19,20,-20,18,-23,18,-26,10,-25,12,-31,8,-30,3,-34,2,-36,0,-36,-3,-36,-6,-41,-7,-43,-7,-49,-12,-52,-11,-48,-14,-56,-13,-56,-15,-59,-18,-58,-14,-66,-14,-69,-13,-60,-12,-66,-7,-64,-9,-64,-1,-60,-3,-66,3,-63,4,-61,4,-63,8,-61,6,-57,12,-50,12,-53,11,-45,15,-48,17,-46,19,-39,20,-39,20,-34,22,-28,0,0,0,0,0,0,0,0,0,0,0,0,0,0,0,0,0,0,0,0,0,0,-56,-18,-55,-25,-53,-27,-52,-30,-44,-32,-43,-37,-41,-30,-46,-35,-44,-37,-39,-33,-37,-35,-31,-30,-40,-30,-33,-32,-33,-25,-30,-23,-30,-23,-27,-15,-31,-17,-30,-15,-30,-6,-29,-5,-24,-1,-29,2,-29,4,-25,6,-28,9,-27,15,-28,15,-30,17,-27,20,-30,28,-27,29,-24,30,-27,35,-23,38,-27,43,-25,43,-22,46,-22,46,-23,50,-18,57,-17,56,-17,58,-14,62,-8,67,-11,66,-14,68,-9,67,-11,75,-14,79,-15,80,-13,81,-13,74,-14,86,-10,82,-16,80,0,0]"
CSI_DATA,157,1a:00:00:00:00:00,-45,11,1,0,1,1,1,0,0,0,1,-96,0,11,2,2364766,0,44,0,384,0,"[0,0,0,0,0,0,0,0,0,0,0,0,2,-12,1,-12,0,-11,0,-11,0,-10,-1,-9,-1,-8,-1,-7,-2,-7,-3,-6,-3,-6,-3,-6,-4,-5,-5,-4,-5,-4,-6,-3,-6,-3,-6,-3,-6,-1,-7,-1,-7,-1,-8,0,-8,0,-9,1,-9,1,-10,1,0,0,-11,2,-11,2,-11,2,-12,2,-12,2,-12,1,-13,1,-13,1,-12,1,-13,0,-13,-1,-12,-2,-12,-1,-12,-2,-12,-2,-11,-3,-11,-2,-10,-2,-10,-3,-9,-3,-9,-3,-8,-4,-8,-4,-7,-5,-7,-5,-6,-5,0,0,0,0,0,0,0,0,0,0,0,0,0,0,9,-72,11,-69,11,-69,1,-63,2,-64,-3,-57,0,-49,3,-52,-2,-43,-3,-45,-10,-38,-12,-39,-14,-37,-13,-31,-13,-29,-21,-23,-25,-25,-25,-18,-22,-15,-25,-11,-30,-8,-32,-10,-33,-1,-35,0,-34,4,-38,6,-42,6,-42,8,-45,12,-47,14,-52,11,-57,16,-53,13,-56,18,-57,16,-62,15,-65,20,-65,14,-64,14,-66,17,-58,10,-66,6,-65,-1,-69,5,-64,-1,-60,-1,-63,-4,-54,-4,-54,-7,-53,-4,-50,-8,-47,-9,-41,-13,-41,-17,-35,-20,-38,-22,-32,-23,0,0,0,0,0,0,0,0,0,0,0,0,0,0,0,0,0,0,0,0,0,0,-17,61,-22,59,-24,54,-27,51,-27,49,-30,46,-27,45,-31,42,-30,43,-31,37,-30,36,-27,31,-29,35,-26,29,-25,32,-17,31,-18,33,-18,28,-13,29,-10,28,-8,23,-1,27,-2,24,2,26,0,28,8,26,13,26,15,34,18,25,21,25,25,22,29,25,29,21,35,23,37,22,37,23,41,21,46,21,46,20,49,18,55,16,55,15,61,17,59,7,59,8,71,8,68,7,72,5,72,6,74,11,77,9,80,5,83,6,78,6,84,11,83,5,79,9,0,0]"
CSI_DATA,158,1a:00:00:00:00:00,-45,11,1,0,1,1,1,0,0,0,1,-96,0,11,2,2374769,0,44,0,384,0,"[0,0,0,0,0,0,0,0,0,0,0,0,-4,11,-4,10,-3,10,-3,9,-2,8,-2,7,-1,7,-1,6,0,6,1,5,1,5,2,5,2,4,3,3,3,3,4,2,5,2,4,2,5,1,6,1,6,1,7,0,7,0,8,0,9,0,8,-1,0,0,10,-1,10,-1,10,-1,11,-1,11,0,11,0,11,0,11,0,12,1,11,1,11,2,10,2,10,2,10,2,10,2,9,3,9,3,8,3,8,3,7,4,7,4,6,4,6,4,5,4,5,5,3,4,0,0,0,0,0,0,0,0,0,0,0,0,0,0,-25,68,-25,68,-19,61,-16,61,-15,60,-10,53,-9,48,-9,48,-9,44,-6,39,2,39,4,37,7,37,8,35,11,32,16,30,16,24,18,21,23,18,23,13,27,16,28,13,28,6,30,9,36,3,41,1,44,-2,40,-3,46,-6,51,-7,50,-9,58,-6,58,-4,56,-7,57,-9,57,-3,66,-3,61,-6,60,-3,65,-1,66,-1,63,7,61,10,61,8,59,10,62,11,57,13,53,13,49,18,49,13,47,17,42,18,43,19,34,25,34,24,34,24,25,24,0,0,0,0,0,0,0,0,0,0,0,0,0,0,0,0,0,0,0,0,0,0,24,-58,30,-53,36,-48,37,-47,38,-45,37,-41,37,-37,38,-39,36,-38,38,-35,38,-33,30,-31,32,-33,31,-27,31,-26,23,-29,21,-28,23,-31,16,-24,17,-26,13,-22,8,-26,3,-28,3,-26,1,-27,-2,-29,-10,-32,-11,-32,-10,-31,-18,-28,-17,-35,-23,-27,-24,-30,-29,-27,-30,-26,-35,-29,-42,-31,-41,-29,-44,-28,-51,-29,-49,-25,-57,-29,-55,-26,-59,-25,-58,-18,-66,-22,-63,-22,-67,-20,-69,-17,-79,-18,-74,-20,-85,-18,-77,-18,-76,-20,-84,-25,-81,-19,-78,-21,0,0]"
CSI_DATA,159,1a:00:00:00:00:00,-45,11,1,0,1,1,1,0,0,0,1,-96,0,11,2,2395134,0,44,0,384,0,"[0,0,0,0,0,0,0,0,0,0,0,0,4,10,4,9,5,9,4,8,4,7,3,6,4,6,4,5,4,5,5,3,4,3,4,2,5,1,5,1,5,0,5,0,5,-1,5,-2,5,-3,5,-3,6,-4,5,-4,6,-5,6,-6,6,-6,6,-6,0,0,7,-7,8,-8,8,-8,8,-8,8,-8,9,-8,9,-8,9,-8,9,-7,10,-7,10,-6,10,-5,10,-5,9,-5,10,-4,9,-4,9,-4,9,-3,8,-3,8,-2,8,-2,8,-1,7,-1,7,0,7,1,6,1,0,0,0,0,0,0,0,0,0,0,0,0,0,0,31,65,32,59,36,61,37,56,32,54,33,49,29,46,33,42,28,39,31,34,29,26,28,23,32,22,28,16,25,13,32,11,29,6,27,4,32,-1,29,-6,30,-10,28,-13,28,-20,23,-22,29,-24,26,-31,26,-32,30,-33,28,-36,31,-41,33,-42,34,-50,30,-43,36,-50,37,-48,41,-50,41,-53,40,-52,44,-51,44,-49,47,-51,48,-48,48,-38,50,-44,48,-39,51,-35,50,-36,48,-33,48,-26,46,-24,46,-20,45,-21,44,-20,41,-14,42,-10,42,-7,37,2,0,0,0,0,0,0,0,0,0,0,0,0,0,0,0,0,0,0,0,0,0,0,-20,-60,-15,-65,-11,-64,-9,-62,1,-59,1,-60,-2,-58,4,-52,3,-55,9,-50,9,-50,5,-49,1,-46,4,-47,4,-38,-2,-44,-6,-39,-2,-33,-4,-36,-9,-35,-11,-26,-14,-31,-11,-26,-15,-24,-19,-23,-21,-15,-24,-15,-25,-18,-30,-13,-36,-12,-32,-7,-37,-8,-42,-5,-42,0,-46,1,-45,2,-47,10,-53,10,-51,13,-57,12,-57,14,-58,16,-58,20,-57,26,-61,21,-59,33,-62,29,-61,33,-64,37,-70,38,-72,38,-73,38,-75,40,-72,37,-77,44,-76,46,-73,40,0,0]"
CSI_DATA,160,1a:00:00:00:00:00,-45,11,1,0,1,1,1,0,0,0,1,-96,0,11,2,2404764,0,44,0,384,0,"[0,0,0,0,0,0,0,0,0,0,0,0,7,-10,6,-9,5,-9,5,-8,4,-8,4,-7,2,-8,2,-7,1,-7,1,-7,0,-7,-1,-6,-1,-6,-2,-5,-2,-5,-3,-5,-4,-5,-4,-5,-5,-4,-5,-4,-6,-4,-6,-4,-7,-4,-8,-4,-8,-4,-9,-4,0,0,-10,-4,-11,-5,-11,-5,-11,-5,-11,-5,-11,-5,-11,-6,-11,-6,-11,-7,-10,-7,-10,-7,-9,-8,-9,-8,-8,-8,-8,-8,-8,-8,-7,-7,-7,-8,-6,-8,-6,-7,-5,-8,-5,-7,-4,-7,-4,-7,-3,-7,-2,-7,0,0,0,0,0,0,0,0,0,0,0,0,0,0,55,-47,56,-46,48,-48,42,-51,44,-46,37,-43,39,-40,34,-44,30,-40,20,-36,19,-39,16,-32,13,-34,5,-31,2,-31,0,-32,-4,-33,-7,-31,-10,-24,-13,-29,-16,-28,-21,-25,-25,-25,-28,-22,-26,-23,-33,-22,-36,-21,-36,-21,-41,-23,-49,-22,-48,-20,-54,-24,-50,-28,-51,-24,-55,-22,-59,-31,-57,-33,-61,-35,-58,-38,-60,-38,-50,-40,-52,-41,-51,-41,-45,-41,-48,-45,-47,-40,-41,-44,-39,-45,-37,-42,-30,-44,-29,-43,-26,-39,-24,-41,-21,-42,-13,-41,-14,-38,-7,-37,0,0,0,0,0,0,0,0,0,0,0,0,0,0,0,0,0,0,0,0,0,0,-47,47,-51,38,-51,37,-52,30,-55,27,-51,25,-51,23,-51,21,-52,18,-50,14,-46,14,-43,14,-44,17,-42,12,-40,12,-36,12,-33,18,-31,16,-25,18,-25,15,-23,20,-22,20,-15,24,-12,25,-14,27,-5,29,-6,29,1,32,-4,31,-1,34,3,32,8,38,7,42,15,37,16,43,22,45,20,39,27,41,25,43,34,48,29,45,38,46,36,47,42,49,44,44,54,44,50,47,52,46,54,47,58,50,57,54,61,50,64,62,59,53,62,59,65,54,58,62,0,0]"
CSI_DATA,161,1a:00:00:00:00:00,-45,11,1,0,1,1,1,0,0,0,1,-96,0,11,2,2424755,0,44,0,384,0,"[0,0,0,0,0,0,0,0,0,0,0,0,5,-10,5,-10,4,-9,4,-9,3,-8,2,-8,2,-8,1,-7,1,-7,0,-6,-1,-6,-2,-6,-2,-6,-3,-5,-3,-5,-4,-5,-4,-4,-5,-4,-5,-4,-6,-3,-6,-4,-7,-3,-7,-3,-8,-3,-9,-3,-9,-2,0,0,-10,-3,-11,-3,-11,-3,-11,-3,-11,-4,-12,-4,-12,-4,-12,-4,-12,-4,-11,-5,-11,-5,-11,-6,-10,-6,-10,-6,-9,-6,-9,-7,-8,-7,-8,-6,-8,-7,-7,-6,-6,-7,-6,-7,-5,-6,-5,-7,-4,-7,-3,-6,0,0,0,0,0,0,0,0,0,0,0,0,0,0,48,-55,51,-54,40,-47,43,-46,33,-50,35,-43,30,-43,28,-43,24,-38,17,-39,18,-40,6,-35,11,-38,10,-34,3,-31,-1,-27,-7,-27,-7,-26,-9,-28,-16,-26,-18,-28,-18,-22,-24,-24,-22,-16,-30,-20,-33,-20,-36,-21,-40,-21,-47,-21,-53,-15,-49,-16,-55,-21,-49,-23,-55,-20,-61,-23,-56,-26,-59,-26,-60,-26,-57,-32,-52,-33,-57,-31,-57,-32,-52,-37,-49,-37,-45,-35,-49,-41,-42,-38,-42,-39,-38,-36,-35,-39,-28,-39,-31,-35,-28,-40,-21,-38,-18,-39,-16,-36,-12,-33,0,0,0,0,0,0,0,0,0,0,0,0,0,0,0,0,0,0,0,0,0,0,-40,43,-44,39,-48,37,-48,33,-50,30,-51,26,-51,24,-50,21,-50,25,-47,19,-46,16,-40,17,-46,17,-41,15,-38,14,-29,14,-30,17,-31,15,-25,16,-26,15,-21,14,-21,19,-12,23,-14,22,-13,25,-5,26,-6,22,-3,28,3,29,3,36,8,29,10,34,10,36,14,32,17,38,24,40,23,36,35,42,29,43,34,44,37,39,38,46,40,47,44,45,46,40,50,45,49,46,56,42,52,45,63,47,61,48,64,43,61,50,63,49,67,52,62,53,66,55,0,0]"
CSI_DATA,162,1a:00:00:00:00:00,-45,11,1,0,1,1,1,0,0,0,1,-96,0,11,2,2445089,0,44,0,384,0,"[0,0,0,0,0,0,0,0,0,0,0,0,-12,-1,-11,-1,-11,0,-10,-1,-9,0,-8,0,-8,1,-7,1,-7,1,-6,2,-6,2,-5,3,-5,3,-4,3,-3,4,-3,5,-2,5,-2,5,-1,6,-1,6,-1,6,0,7,1,7,1,7,1,8,2,8,0,0,2,9,2,10,2,10,2,10,2,10,2,11,2,11,1,11,1,11,0,11,0,11,0,11,-1,10,-1,10,-2,10,-2,10,-2,9,-2,9,-3,8,-2,8,-3,8,-3,7,-4,7,-4,6,-4,5,-5,5,0,0,0,0,0,0,0,0,0,0,0,0,0,0,-74,-14,-72,-15,-73,-6,-67,-6,-61,-5,-59,-7,-55,-2,-54,0,-46,1,-40,5,-43,8,-36,10,-36,13,-29,13,-27,15,-22,22,-24,22,-19,25,-13,27,-12,29,-7,33,-7,27,-4,35,-1,33,4,38,3,41,4,35,10,47,9,47,17,49,18,47,20,57,17,52,19,59,18,53,16,65,16,65,18,65,16,63,12,68,11,58,6,69,9,63,3,61,2,59,1,59,-2,61,-1,56,-6,56,-12,50,-8,50,-10,51,-10,45,-17,45,-20,43,-22,36,-23,30,0,0,0,0,0,0,0,0,0,0,0,0,0,0,0,0,0,0,0,0,0,0,54,15,54,25,55,25,56,28,50,32,46,34,45,31,40,34,43,35,42,30,35,36,33,29,38,27,33,24,32,21,29,22,31,19,22,19,29,14,27,11,29,8,29,6,22,0,26,-3,29,-4,25,-11,25,-13,22,-13,26,-14,25,-23,24,-23,29,-27,26,-27,20,-30,24,-36,19,-43,24,-43,21,-46,21,-41,12,-51,18,-56,15,-59,17,-58,12,-64,12,-65,6,-74,11,-71,3,-74,7,-74,5,-75,6,-80,2,-78,6,-87,6,-78,10,-93,8,-82,12,-87,0,0]"
CSI_DATA,163,1a:00:00:00:00:00,-45,11,1,0,1,1,1,0,0,0,1,-96,0,11,2,2454766,0,44,0,384,0,"[0,0,0,0,0,0,0,0,0,0,0,0,-11,6,-9,6,-9,6,-8,6,-8,6,-6,5,-5,6,-5,5,-4,5,-4,5,-3,6,-2,5,-2,5,0,5,0,5,1,5,1,5,2,5,2,4,3,5,4,5,4,5,5,5,6,5,7,5,7,5,0,0,8,6,8,7,8,6,9,7,8,7,9,8,9,8,8,8,8,8,8,9,7,9,6,9,6,9,5,9,5,9,5,8,5,9,4,8,3,8,3,8,2,8,2,7,1,8,1,7,0,7,-1,6,0,0,0,0,0,0,0,0,0,0,0,0,0,0,-63,42,-61,42,-49,41,-47,38,-45,41,-43,38,-40,37,-39,36,-34,31,-25,34,-22,33,-16,34,-14,30,-17,31,-12,29,-4,31,-5,31,3,30,3,27,6,28,18,28,18,28,19,25,22,23,24,24,25,24,33,29,41,25,43,26,45,24,44,25,47,32,45,31,49,30,52,27,50,35,49,41,50,39,53,44,44,42,47,43,44,43,41,49,42,48,38,47,42,46,31,44,31,46,27,47,24,42,19,42,16,46,16,40,13,41,9,42,6,37,0,36,0,0,0,0,0,0,0,0,0,0,0,0,0,0,0,0,0,0,0,0,0,0,48,-43,51,-34,51,-33,54,-28,54,-24,55,-19,49,-20,49,-16,51,-16,48,-11,46,-11,44,-14,42,-13,40,-12,40,-10,41,-10,35,-17,27,-12,31,-12,28,-16,19,-17,23,-20,13,-19,16,-19,13,-27,6,-32,9,-27,5,-32,2,-26,-3,-33,-1,-30,-6,-41,-9,-37,-4,-39,-12,-48,-14,-40,-18,-45,-20,-46,-24,-45,-27,-45,-27,-46,-32,-55,-35,-50,-38,-48,-42,-47,-49,-53,-45,-52,-48,-55,-49,-53,-47,-56,-52,-57,-57,-59,-53,-61,-52,-60,-57,-70,-57,-63,-54,-66,0,0]"
CSI_DATA,164,1a:00:00:00:00:00,-45,11,1,0,1,1,1,0,0,0,1,-96,0,11,2,2474795,0,44,0,384,0,"[0,0,0,0,0,0,0,0,0,0,0,0,-10,-7,-9,-7,-9,-6,-9,-5,-8,-5,-7,-4,-8,-3,-7,-3,-7,-2,-6,-1,-6,-1,-6,0,-6,1,-6,1,-5,1,-5,3,-5,3,-4,3,-4,4,-4,5,-4,5,-4,6,-3,7,-4,7,-4,8,-3,8,0,0,-3,9,-4,9,-4,10,-4,10,-4,10,-5,10,-5,11,-5,10,-5,10,-6,10,-6,10,-7,9,-6,9,-7,8,-7,8,-7,7,-7,7,-7,7,-7,6,-7,6,-7,5,-7,4,-7,4,-7,3,-7,2,-7,1,0,0,0,0,0,0,0,0,0,0,0,0,0,0,-57,-55,-54,-51,-59,-44,-49,-42,-50,-36,-46,-35,-46,-29,-45,-30,-40,-23,-41,-22,-38,-15,-32,-11,-36,-10,-33,-6,-35,-6,-31,3,-31,7,-28,7,-29,15,-26,14,-22,20,-21,21,-22,27,-17,30,-16,31,-23,37,-14,33,-17,43,-17,43,-12,50,-17,45,-16,55,-13,54,-22,60,-22,59,-22,64,-21,60,-23,63,-23,61,-26,62,-29,59,-31,59,-32,59,-34,57,-35,54,-35,47,-38,47,-37,46,-34,41,-35,39,-34,37,-36,32,-34,32,-33,25,-35,20,-36,17,-39,11,0,0,0,0,0,0,0,0,0,0,0,0,0,0,0,0,0,0,0,0,0,0,42,50,30,55,27,52,26,57,23,55,19,54,18,53,16,56,12,53,18,45,13,49,10,48,14,45,14,41,11,39,9,34,14,35,11,32,18,31,15,26,19,20,19,20,16,18,24,14,25,11,28,6,24,8,31,6,31,1,35,-4,29,-2,40,-6,40,-9,39,-18,37,-20,39,-20,39,-23,44,-24,41,-26,47,-37,47,-40,44,-36,48,-43,46,-45,45,-41,53,-54,44,-52,44,-56,45,-56,49,-62,54,-61,52,-67,55,-65,51,-62,54,-67,54,-71,55,-67,0,0]"
CSI_DATA,165,1a:00:00:00:00:00,-45,11,1,0,1,1,1,0,0,0,1,-96,0,11,2,2484757,0,44,0,384,0,"[0,0,0,0,0,0,0,0,0,0,0,0,9,-7,8,-7,7,-7,7,-6,6,-7,5,-6,4,-6,3,-6,3,-6,2,-6,2,-6,1,-6,0,-6,-1,-6,-1,-6,-2,-6,-2,-6,-3,-5,-3,-5,-5,-5,-5,-6,-6,-5,-6,-5,-6,-5,-7,-6,-8,-6,0,0,-9,-6,-9,-7,-9,-7,-10,-7,-9,-7,-10,-8,-9,-8,-9,-8,-9,-8,-9,-9,-8,-9,-8,-9,-7,-9,-7,-9,-6,-9,-6,-9,-5,-8,-6,-8,-5,-9,-4,-8,-4,-8,-3,-8,-3,-8,-2,-8,-1,-8,0,-7,0,0,0,0,0,0,0,0,0,0,0,0,0,0,69,-25,65,-22,60,-29,57,-22,49,-30,49,-28,47,-26,43,-24,41,-25,34,-27,30,-27,25,-25,20,-29,19,-26,16,-31,9,-29,9,-31,6,-28,-2,-28,-7,-31,-11,-31,-11,-30,-15,-30,-21,-30,-22,-34,-23,-30,-26,-32,-31,-35,-32,-36,-39,-34,-35,-34,-41,-40,-42,-36,-46,-44,-43,-41,-42,-50,-43,-49,-45,-47,-41,-52,-39,-51,-39,-51,-37,-55,-39,-50,-34,-56,-29,-51,-30,-53,-27,-50,-24,-53,-22,-46,-17,-47,-16,-47,-15,-47,-13,-45,-6,-45,-5,-42,0,-38,4,-36,0,0,0,0,0,0,0,0,0,0,0,0,0,0,0,0,0,0,0,0,0,0,-60,20,-58,10,-62,7,-59,3,-60,-4,-55,-3,-52,-3,-56,-10,-53,-8,-52,-8,-46,-8,-47,-4,-46,-3,-41,-4,-41,-7,-35,-3,-33,2,-31,0,-35,2,-28,3,-28,4,-30,8,-26,12,-22,13,-21,17,-19,23,-13,22,-13,26,-13,29,-14,30,-12,34,-11,33,-9,37,-4,38,-2,42,-2,47,3,48,8,52,8,46,6,54,10,55,17,59,18,56,22,63,24,55,23,59,23,58,29,65,31,63,31,69,34,74,37,70,30,69,37,72,41,80,37,71,30,77,0,0]"
CSI_DATA,166,1a:00:00:00:00:00,-45,11,1,0,1,1,1,0,0,0,1,-96,0,11,2,2494766,0,44,0,384,0,"[0,0,0,0,0,0,0,0,0,0,0,0,-11,1,-11,2,-11,2,-10,2,-9,2,-8,2,-8,3,-7,3,-6,3,-5,4,-5,4,-4,4,-4,4,-3,4,-3,4,-1,5,-1,5,0,5,0,5,1,6,1,6,2,6,2,7,3,7,3,7,4,7,0,0,5,8,5,9,5,9,5,9,5,10,5,10,4,10,4,10,4,11,3,10,3,11,2,11,2,10,2,10,1,10,1,10,1,9,0,9,0,9,0,8,-1,8,-2,8,-2,7,-2,7,-3,6,-3,6,0,0,0,0,0,0,0,0,0,0,0,0,0,0,-72,-9,-72,-5,-69,-2,-57,-3,-59,0,-58,0,-58,5,-53,9,-48,2,-45,5,-38,11,-37,11,-31,19,-31,18,-24,14,-16,20,-20,23,-15,23,-12,22,-13,28,-5,32,-2,31,1,29,0,35,4,31,8,41,12,36,15,40,10,45,19,44,17,44,22,51,18,53,18,56,23,53,16,59,18,64,24,62,16,60,14,62,15,61,13,65,11,65,8,63,4,62,3,60,1,51,2,58,-2,51,-3,49,-11,45,-6,46,-10,45,-9,39,-17,39,-16,38,-19,27,0,0,0,0,0,0,0,0,0,0,0,0,0,0,0,0,0,0,0,0,0,0,63,9,57,14,60,16,58,20,52,26,50,27,49,25,43,27,47,27,43,27,42,28,34,23,42,22,39,27,31,19,30,17,32,15,27,15,32,10,34,7,27,8,30,3,23,-5,30,-10,25,-9,24,-12,22,-12,25,-19,22,-22,26,-24,24,-21,25,-32,22,-31,22,-33,19,-38,18,-42,18,-45,13,-44,15,-49,13,-52,9,-56,10,-56,10,-64,10,-65,5,-62,-1,-63,2,-68,1,-70,-2,-69,-3,-76,-3,-83,-3,-79,2,-85,4,-79,4,-90,-1,-84,-5,-86,0,0]"
CSI_DATA,167,1a:00:00:00:00:00,-45,11,1,0,1,1,1,0,0,0,1,-96,0,11,2,2506134,0,44,0,384,0,"[0,0,0,0,0,0,0,0,0,0,0,0,1,-12,0,-12,0,-11,0,-11,-1,-9,-1,-9,-2,-8,-2,-7,-2,-7,-3,-6,-3,-6,-4,-5,-4,-5,-4,-4,-5,-4,-6,-3,-6,-2,-6,-2,-7,-1,-7,-2,-8,-1,-8,0,-8,0,-9,1,-10,1,-10,1,0,0,-11,1,-11,1,-12,1,-12,1,-12,1,-13,0,-13,0,-13,0,-13,-1,-12,-1,-13,-1,-12,-2,-12,-2,-12,-3,-11,-3,-11,-4,-11,-3,-10,-3,-9,-4,-9,-4,-9,-4,-8,-5,-7,-5,-7,-5,-6,-5,-5,-5,0,0,0,0,0,0,0,0,0,0,0,0,0,0,20,-32,17,-32,16,-29,16,-30,15,-30,13,-28,10,-23,10,-23,7,-22,5,-22,6,-20,3,-20,2,-21,-1,-17,-5,-16,-5,-15,-6,-16,-7,-10,-10,-14,-11,-14,-14,-11,-11,-10,-15,-8,-17,-8,-16,-6,-20,-8,-18,-5,-21,-1,-23,-1,-27,-3,-28,-3,-30,-5,-28,-6,-29,-5,-31,-2,-33,-6,-32,-7,-33,-6,-32,-9,-33,-11,-32,-9,-33,-11,-31,-11,-31,-10,-28,-13,-28,-14,-26,-16,-24,-16,-23,-15,-23,-15,-22,-15,-20,-17,-19,-16,-15,-16,-14,-16,-14,-17,-11,-17,0,0,0,0,0,0,0,0,0,0,0,0,0,0,0,0,0,0,0,0,0,0,-18,25,-21,24,-24,22,-24,20,-24,18,-23,16,-22,15,-23,15,-26,15,-21,12,-21,13,-18,13,-19,13,-20,10,-17,10,-17,11,-15,13,-15,9,-12,10,-11,9,-8,12,-8,12,-7,12,-4,11,-2,14,-1,14,0,15,1,17,0,13,4,17,8,16,8,16,10,17,11,16,12,16,12,18,15,17,18,18,18,19,22,19,22,18,24,15,25,18,27,18,25,17,30,15,31,17,31,17,33,16,34,19,33,17,37,18,39,19,34,16,37,20,38,19,39,18,0,0]"
CSI_DATA,168,1a:00:00:00:00:00,-45,11,1,0,1,1,1,0,0,0,1,-96,0,11,2,2524780,0,44,0,384,0,"[0,0,0,0,0,0,0,0,0,0,0,0,9,5,9,4,9,4,8,4,8,3,7,3,7,1,6,1,6,0,6,0,6,-1,5,-2,5,-2,4,-2,4,-3,4,-4,3,-4,3,-5,3,-5,3,-6,3,-6,2,-7,2,-7,2,-9,2,-9,1,-9,0,0,1,-10,2,-11,2,-11,2,-12,2,-12,3,-12,3,-12,3,-12,3,-12,4,-12,4,-11,5,-11,5,-10,5,-10,5,-10,5,-9,5,-9,5,-8,5,-8,5,-7,5,-7,5,-6,6,-6,6,-5,5,-4,5,-3,0,0,0,0,0,0,0,0,0,0,0,0,0,0,50,55,55,51,56,42,45,40,47,41,39,34,40,33,43,28,37,24,36,23,39,16,33,13,34,10,35,5,30,4,25,-2,36,-5,26,-12,29,-11,26,-16,26,-22,26,-21,21,-26,20,-29,23,-31,19,-31,19,-36,18,-45,15,-46,14,-50,13,-49,17,-54,20,-55,20,-59,22,-59,26,-59,22,-64,24,-62,30,-55,33,-60,30,-57,38,-54,37,-56,35,-56,33,-53,36,-47,40,-45,41,-44,40,-41,36,-37,39,-32,37,-32,36,-32,35,-27,38,-20,38,-14,36,-7,0,0,0,0,0,0,0,0,0,0,0,0,0,0,0,0,0,0,0,0,0,0,-44,-46,-36,-46,-34,-51,-29,-50,-30,-51,-24,-52,-22,-48,-19,-49,-24,-55,-20,-46,-14,-48,-15,-45,-22,-41,-19,-41,-12,-32,-18,-33,-18,-31,-16,-28,-18,-25,-21,-24,-19,-19,-24,-19,-21,-16,-24,-11,-31,-9,-31,-8,-30,-4,-28,-4,-32,2,-35,3,-36,6,-39,10,-38,12,-40,14,-41,18,-40,23,-41,22,-46,30,-42,27,-47,33,-43,31,-43,43,-47,40,-48,46,-47,43,-47,46,-50,52,-48,53,-44,61,-48,59,-46,60,-51,63,-54,63,-53,64,-53,65,-52,66,-53,66,0,0]"
CSI_DATA,169,1a:00:00:00:00:00,-45,11,1,0,1,1,1,0,0,0,1,-96,0,11,2,2544772,0,44,0,384,0,"[0,0,0,0,0,0,0,0,0,0,0,0,10,3,10,2,10,1,9,1,8,0,7,0,7,-1,6,-1,6,-2,5,-2,5,-3,4,-3,4,-4,3,-4,3,-5,3,-5,2,-5,2,-6,1,-6,1,-7,1,-7,0,-7,0,-8,-1,-9,-1,-9,-1,-10,0,0,-2,-10,-2,-11,-2,-11,-2,-12,-1,-12,-1,-12,-1,-12,-1,-12,-1,-12,0,-12,1,-12,1,-12,1,-11,1,-11,2,-10,2,-10,2,-10,2,-9,2,-9,3,-8,3,-8,4,-8,3,-7,4,-6,4,-6,4,-5,0,0,0,0,0,0,0,0,0,0,0,0,0,0,75,24,70,21,70,14,58,17,61,14,59,10,52,6,51,4,49,3,42,-1,42,-2,35,-4,33,-6,33,-13,25,-13,23,-12,23,-21,20,-22,16,-24,15,-24,14,-29,9,-32,7,-33,5,-35,5,-36,4,-40,-4,-38,-9,-46,-5,-47,-8,-48,-8,-53,-13,-54,-5,-56,-13,-63,-12,-59,-9,-65,-9,-66,-6,-68,0,-65,-3,-69,-3,-63,1,-65,0,-63,4,-65,5,-61,9,-58,10,-59,11,-56,11,-49,12,-52,14,-45,22,-45,19,-44,19,-40,16,-35,22,-37,25,-24,0,0,0,0,0,0,0,0,0,0,0,0,0,0,0,0,0,0,0,0,0,0,-55,-30,-51,-34,-51,-37,-46,-39,-41,-42,-39,-43,-36,-39,-36,-41,-34,-41,-34,-38,-30,-39,-33,-38,-35,-31,-29,-33,-28,-27,-24,-27,-27,-23,-25,-22,-28,-17,-28,-18,-24,-12,-27,-10,-24,-11,-32,-5,-26,3,-27,6,-26,7,-30,10,-29,11,-33,16,-32,20,-31,23,-33,27,-30,24,-35,29,-31,28,-28,32,-25,42,-29,43,-26,51,-31,50,-29,53,-24,54,-28,57,-20,58,-17,64,-23,63,-21,66,-21,74,-20,72,-18,77,-16,77,-22,77,-19,78,-16,88,-19,83,-22,81,0,0]"
CSI_DATA,170,1a:00:00:00:00:00,-45,11,1,0,1,1,1,0,0,0,1,-96,0,11,2,2554793,0,44,0,384,0,"[0,0,0,0,0,0,0,0,0,0,0,0,-8,-9,-8,-9,-8,-8,-8,-8,-8,-6,-7,-6,-7,-5,-7,-4,-7,-3,-7,-3,-7,-2,-7,-1,-6,0,-6,0,-6,1,-6,2,-6,2,-6,2,-5,3,-6,4,-5,4,-5,5,-6,6,-6,7,-6,7,-6,8,0,0,-6,8,-6,9,-7,10,-7,9,-8,9,-8,9,-8,10,-8,9,-8,9,-9,9,-9,8,-9,7,-9,7,-9,6,-9,6,-10,6,-9,5,-9,5,-9,4,-9,4,-9,3,-8,3,-8,2,-8,1,-8,0,-7,0,0,0,0,0,0,0,0,0,0,0,0,0,0,0,-50,-57,-53,-56,-49,-51,-42,-52,-39,-50,-40,-43,-43,-35,-37,-30,-35,-27,-37,-28,-35,-27,-33,-20,-35,-17,-35,-11,-30,-11,-31,-4,-30,-1,-29,3,-31,5,-28,10,-30,15,-28,15,-27,23,-29,20,-25,26,-26,30,-25,29,-27,37,-31,34,-26,47,-29,44,-33,46,-32,45,-32,50,-32,46,-43,49,-43,48,-40,57,-45,49,-44,46,-45,45,-50,45,-48,43,-51,41,-46,37,-47,35,-50,32,-48,26,-48,26,-48,22,-48,20,-48,17,-43,15,-41,9,-40,5,-37,0,-40,-6,0,0,0,0,0,0,0,0,0,0,0,0,0,0,0,0,0,0,0,0,0,0,50,37,42,43,37,43,33,47,31,45,26,48,29,49,22,47,21,48,21,40,22,49,19,43,22,37,20,37,15,33,16,33,19,32,20,26,19,23,22,21,20,24,23,15,20,14,24,8,29,7,27,3,31,6,31,2,33,-4,33,-6,33,-8,38,-10,37,-13,35,-18,45,-16,40,-21,43,-22,44,-26,42,-26,47,-36,45,-36,43,-37,50,-38,46,-43,43,-45,49,-55,45,-50,49,-57,53,-56,56,-57,59,-61,51,-61,60,-61,58,-60,60,-70,55,-66,57,-62,0,0]"
CSI_DATA,171,1a:00:00:00:00:00,-45,11,1,0,1,1,1,0,0,0,1,-96,0,11,2,2565025,0,44,0,384,0,"[0,0,0,0,0,0,0,0,0,0,0,0,-2,11,-1,11,0,10,-1,9,0,8,0,8,1,7,1,6,1,6,2,5,3,5,3,5,3,4,4,3,4,3,5,2,5,1,5,1,6,0,6,0,6,0,7,-1,7,-1,7,-2,9,-2,9,-2,0,0,9,-3,10,-3,10,-3,11,-3,11,-3,11,-3,12,-3,11,-2,11,-2,12,-1,11,-1,11,0,10,0,11,0,10,1,10,1,10,1,9,1,8,1,8,1,7,2,7,2,7,2,6,3,5,4,4,4,0,0,0,0,0,0,0,0,0,0,0,0,0,0,-22,70,-20,64,-18,71,-17,59,-12,63,-13,56,-8,52,-3,52,-3,44,-2,51,2,42,9,37,8,36,12,33,10,31,18,23,18,19,22,17,21,17,24,14,32,12,27,8,28,4,32,4,38,1,40,-2,44,-2,47,-8,52,-8,51,-9,51,-9,58,-10,54,-5,60,-14,57,-10,63,-10,62,-6,64,-8,68,-3,66,-2,65,-3,63,-2,63,2,60,5,60,9,61,13,55,13,53,12,53,13,52,18,47,16,49,17,35,20,37,19,37,22,31,22,27,28,0,0,0,0,0,0,0,0,0,0,0,0,0,0,0,0,0,0,0,0,0,0,16,-61,24,-58,26,-56,28,-52,32,-51,34,-49,31,-40,31,-44,34,-39,30,-38,32,-36,24,-37,29,-37,25,-34,21,-28,21,-28,22,-35,17,-28,11,-29,10,-25,12,-23,4,-25,5,-29,-2,-26,-3,-28,-13,-26,-9,-26,-14,-29,-13,-27,-22,-28,-21,-26,-28,-28,-28,-28,-30,-25,-36,-26,-37,-26,-41,-22,-48,-21,-44,-22,-51,-21,-53,-25,-56,-19,-62,-20,-60,-18,-63,-16,-71,-12,-69,-15,-75,-14,-73,-12,-77,-12,-80,-14,-84,-8,-84,-17,-77,-15,-84,-14,-86,-17,-80,-21,0,0]"
CSI_DATA,172,1a:00:00:00:00:00,-45,11,1,0,1,1,1,0,0,0,1,-96,0,11,2,2606477,0,44,0,384,0,"[0,0,0,0,0,0,0,0,0,0,0,0,-10,6,-9,6,-8,6,-8,6,-7,5,-6,5,-5,6,-4,5,-4,5,-3,5,-3,6,-2,5,-1,5,-1,5,0,5,1,6,1,5,2,5,2,4,4,4,4,5,5,5,5,5,6,5,6,5,7,5,0,0,8,6,8,7,8,7,9,7,8,7,8,7,8,7,8,8,8,8,8,9,7,9,6,9,6,9,5,9,5,9,4,9,4,9,4,8,3,8,3,8,2,8,1,8,1,7,0,7,0,7,-1,6,0,0,0,0,0,0,0,0,0,0,0,0,0,0,-68,39,-64,38,-62,41,-49,36,-53,36,-42,33,-42,34,-42,31,-38,31,-29,34,-26,30,-23,31,-21,29,-12,31,-12,30,-8,33,-5,33,2,29,-2,28,5,31,13,32,12,28,16,26,29,28,19,28,25,27,27,24,36,27,36,30,44,30,42,32,49,33,44,35,51,35,51,35,50,41,45,45,50,42,50,46,48,41,45,44,43,50,41,48,39,52,36,54,32,47,27,48,27,48,26,41,22,44,24,43,21,45,19,46,9,44,9,39,2,41,1,34,0,0,0,0,0,0,0,0,0,0,0,0,0,0,0,0,0,0,0,0,0,0,53,-27,55,-22,57,-20,60,-17,56,-13,55,-15,52,-9,50,-10,53,-5,52,-5,45,-1,44,-5,45,-8,42,-4,40,-5,38,-8,30,-9,34,-5,28,-11,24,-13,26,-14,25,-16,19,-18,17,-23,18,-23,9,-27,8,-26,8,-30,8,-35,7,-34,2,-36,-2,-39,0,-40,-4,-40,-6,-43,-12,-42,-11,-48,-16,-47,-15,-49,-26,-54,-26,-58,-31,-52,-29,-58,-31,-56,-35,-54,-37,-59,-42,-58,-44,-58,-43,-60,-45,-64,-49,-64,-48,-63,-49,-72,-44,-63,-49,-78,-51,-73,-43,-71,0,0]"
CSI_DATA,173,1a:00:00:00:00:00,-45,11,1,0,1,1,1,0,0,0,1,-96,0,11,2,2614752,0,44,0,384,0,"[0,0,0,0,0,0,0,0,0,0,0,0,-9,8,-8,7,-7,7,-7,7,-6,7,-5,6,-4,6,-3,6,-3,6,-2,5,-2,6,-1,5,0,5,0,5,1,5,2,5,2,5,2,4,3,4,4,4,5,4,5,4,5,4,6,4,7,5,7,4,0,0,8,5,9,5,9,5,9,6,9,6,9,6,9,6,9,7,9,7,8,7,8,8,7,8,6,8,6,8,6,8,5,8,5,8,5,8,4,7,4,7,3,7,2,7,2,7,1,7,0,6,-1,6,0,0,0,0,0,0,0,0,0,0,0,0,0,0,-67,39,-57,43,-54,43,-50,37,-48,43,-44,41,-39,33,-37,36,-30,34,-29,37,-23,35,-19,33,-14,35,-9,32,-8,31,-8,32,-3,29,2,27,5,31,12,29,14,30,15,29,22,27,17,25,26,29,27,26,35,25,37,25,39,26,42,28,44,25,47,28,45,30,54,34,50,29,49,39,54,36,54,36,51,47,50,42,49,42,45,43,45,49,44,46,38,45,37,47,32,46,32,45,27,43,25,41,26,44,16,45,18,42,10,40,11,40,5,40,0,40,0,0,0,0,0,0,0,0,0,0,0,0,0,0,0,0,0,0,0,0,0,0,50,-39,50,-29,56,-25,56,-26,51,-21,56,-12,52,-12,53,-13,52,-11,50,-11,43,-10,43,-8,41,-10,47,-9,36,-7,36,-12,34,-11,32,-14,29,-13,26,-14,24,-15,18,-18,12,-21,15,-23,12,-25,6,-30,5,-31,4,-33,2,-34,2,-34,-6,-36,-5,-41,-9,-41,-9,-41,-12,-44,-13,-47,-18,-46,-22,-48,-26,-49,-27,-50,-29,-53,-34,-51,-35,-54,-35,-54,-39,-51,-41,-50,-45,-54,-54,-52,-47,-58,-52,-63,-56,-62,-59,-61,-52,-61,-53,-64,-57,-70,-60,-67,-53,-66,0,0]"
CSI_DATA,174,1a:00:00:00:00:00,-45,11,1,0,1,1,1,0,0,0,1,-96,0,11,2,2624761,0,44,0,384,0,"[0,0,0,0,0,0,0,0,0,0,0,0,8,-9,7,-9,6,-8,6,-8,5,-7,4,-7,4,-7,3,-7,3,-7,1,-6,1,-7,0,-7,0,-7,-1,-6,-2,-6,-3,-6,-3,-6,-4,-6,-4,-5,-5,-5,-6,-5,-6,-5,-6,-5,-7,-6,-8,-6,-8,-6,0,0,-9,-6,-9,-6,-10,-7,-10,-7,-10,-7,-10,-8,-10,-8,-10,-8,-10,-8,-9,-9,-9,-9,-8,-9,-8,-9,-7,-9,-6,-9,-6,-10,-6,-9,-5,-9,-5,-9,-5,-9,-4,-8,-3,-8,-3,-8,-2,-8,-1,-8,0,-7,0,0,0,0,0,0,0,0,0,0,0,0,0,0,59,-48,51,-41,50,-43,43,-43,40,-44,37,-42,36,-36,37,-39,30,-36,27,-36,17,-36,12,-34,12,-35,14,-28,3,-32,4,-30,-3,-32,-3,-31,-8,-28,-10,-29,-18,-28,-16,-31,-22,-26,-23,-27,-24,-28,-29,-26,-34,-28,-36,-23,-39,-26,-48,-27,-45,-28,-50,-34,-47,-34,-50,-29,-48,-32,-50,-37,-48,-37,-53,-38,-49,-38,-50,-37,-46,-40,-46,-43,-45,-42,-43,-47,-39,-47,-36,-46,-33,-46,-29,-46,-27,-43,-27,-44,-24,-42,-23,-41,-21,-43,-13,-41,-7,-40,-3,-39,-5,-34,0,0,0,0,0,0,0,0,0,0,0,0,0,0,0,0,0,0,0,0,0,0,-44,41,-47,36,-47,28,-50,28,-53,22,-49,20,-47,19,-48,17,-48,17,-49,13,-42,14,-40,13,-41,13,-38,12,-36,14,-33,12,-32,15,-29,12,-28,17,-24,16,-19,15,-19,19,-15,18,-11,21,-11,19,-7,26,-6,27,-1,27,-1,28,1,34,5,31,8,35,11,38,12,36,13,37,21,43,22,41,22,39,27,44,28,43,29,46,34,47,35,47,37,49,38,48,45,44,46,51,45,46,48,50,52,56,51,55,60,54,55,61,52,52,59,60,58,58,52,60,0,0]"
CSI_DATA,175,1a:00:00:00:00:00,-45,11,1,0,1,1,1,0,0,0,1,-96,0,11,2,2635711,0,44,0,384,0,"[0,0,0,0,0,0,0,0,0,0,0,0,10,3,10,2,9,2,9,2,9,1,7,1,7,0,6,-1,6,-1,6,-2,5,-2,5,-3,5,-3,4,-4,4,-4,3,-5,3,-5,3,-6,2,-6,2,-6,2,-7,1,-7,1,-8,1,-9,1,-9,0,-9,0,0,0,-10,1,-11,1,-12,1,-12,1,-12,2,-12,2,-12,2,-12,3,-12,3,-11,3,-12,4,-11,3,-11,4,-10,4,-10,5,-10,5,-9,4,-8,5,-8,5,-8,5,-7,5,-6,5,-6,5,-5,5,-4,5,-4,0,0,0,0,0,0,0,0,0,0,0,0,0,0,79,19,67,19,70,18,65,18,58,17,56,11,51,9,51,6,46,1,45,1,40,-1,37,-3,41,-10,32,-11,33,-11,26,-18,29,-22,22,-18,24,-23,14,-23,16,-31,11,-27,9,-31,11,-37,8,-40,7,-43,2,-40,0,-47,-5,-50,-5,-53,-4,-47,1,-57,0,-54,-2,-65,1,-58,3,-67,5,-67,4,-65,8,-65,14,-65,11,-63,12,-67,12,-64,13,-68,19,-59,14,-60,25,-56,18,-53,21,-50,26,-48,29,-42,28,-41,28,-38,26,-35,28,-32,33,-25,32,-20,0,0,0,0,0,0,0,0,0,0,0,0,0,0,0,0,0,0,0,0,0,0,-59,-15,-58,-21,-56,-22,-58,-25,-51,-29,-48,-33,-47,-31,-41,-32,-41,-35,-39,-29,-38,-27,-36,-25,-39,-26,-37,-22,-32,-23,-33,-25,-34,-18,-25,-18,-27,-15,-24,-11,-28,-6,-28,-4,-25,-3,-28,3,-31,4,-31,10,-27,12,-29,13,-28,15,-30,25,-23,22,-29,28,-28,30,-27,36,-27,36,-24,41,-23,36,-21,43,-22,50,-20,52,-23,54,-22,53,-17,61,-17,62,-20,61,-15,71,-19,69,-17,67,-17,72,-15,76,-16,79,-11,81,-20,85,-18,76,-16,87,-13,85,-19,85,0,0]"
CSI_DATA,176,1a:00:00:00:00:00,-45,11,1,0,1,1,1,0,0,0,1,-96,0,11,2,2645252,0,44,0,384,0,"[0,0,0,0,0,0,0,0,0,0,0,0,-2,11,-1,10,0,10,0,9,0,9,0,8,1,7,1,7,2,7,2,5,2,5,3,4,3,4,4,3,4,3,5,2,5,2,6,1,6,1,7,0,6,0,7,-1,7,-1,8,-1,9,-2,9,-2,0,0,9,-2,10,-2,11,-3,11,-2,11,-2,11,-2,11,-2,12,-1,12,-1,11,-1,12,0,11,1,11,1,10,1,10,2,10,2,9,2,9,2,8,2,8,2,7,3,7,3,7,4,5,4,5,4,4,4,0,0,0,0,0,0,0,0,0,0,0,0,0,0,-17,75,-16,70,-8,69,-7,64,-8,64,-9,59,-8,53,0,52,-2,46,-1,47,5,39,10,36,11,38,14,28,13,33,18,31,19,27,16,20,24,19,27,13,37,14,29,8,36,5,34,0,34,1,41,0,42,0,44,-7,51,-3,50,-8,51,-9,61,-8,52,-5,67,-12,59,-9,66,-6,64,-8,65,-7,68,-3,67,-1,61,1,63,9,64,9,63,8,61,12,59,11,63,16,56,12,52,15,44,18,45,20,45,19,41,19,37,26,31,22,29,25,27,29,0,0,0,0,0,0,0,0,0,0,0,0,0,0,0,0,0,0,0,0,0,0,7,-59,17,-59,17,-52,20,-58,21,-49,24,-54,20,-44,22,-46,22,-48,22,-40,28,-42,26,-38,23,-38,21,-37,19,-31,19,-27,16,-32,12,-30,9,-29,7,-27,2,-29,-1,-28,-1,-29,-4,-26,-10,-25,-15,-24,-15,-24,-22,-23,-22,-19,-27,-24,-24,-28,-35,-23,-34,-19,-40,-18,-38,-25,-43,-20,-46,-19,-51,-19,-48,-20,-57,-15,-57,-15,-57,-18,-66,-13,-65,-13,-74,-13,-65,-2,-68,-7,-74,-6,-75,-7,-76,-3,-79,-9,-81,-9,-89,-8,-79,-8,-87,-13,-89,-9,-82,-13,0,0]"
CSI_DATA,177,1a:00:00:00:00:00,-45,11,1,0,1,1,1,0,0,0,1,-96,0,11,2,2655218,0,44,0,384,0,"[0,0,0,0,0,0,0,0,0,0,0,0,-11,-5,-11,-5,-10,-4,-10,-4,-9,-3,-8,-2,-8,-1,-8,-1,-7,-1,-6,0,-7,1,-6,1,-6,2,-6,2,-5,3,-5,4,-4,4,-4,4,-4,5,-4,5,-3,6,-3,7,-2,7,-3,8,-3,8,-2,9,0,0,-2,10,-3,10,-3,11,-3,10,-3,10,-4,11,-4,11,-4,10,-5,11,-5,10,-6,10,-6,9,-6,9,-6,9,-7,8,-6,8,-6,7,-6,7,-6,6,-7,6,-7,5,-7,4,-7,4,-7,3,-7,2,-6,2,0,0,0,0,0,0,0,0,0,0,0,0,0,0,-61,-45,-63,-47,-59,-38,-55,-38,-55,-35,-47,-30,-47,-27,-47,-23,-47,-21,-43,-19,-37,-18,-34,-7,-39,-7,-34,-4,-33,0,-30,8,-34,7,-29,9,-27,12,-25,16,-26,22,-22,21,-15,27,-20,29,-20,35,-22,33,-11,35,-17,41,-18,45,-16,52,-17,47,-21,52,-18,52,-16,62,-19,60,-23,61,-24,60,-27,62,-31,61,-29,61,-29,56,-31,54,-34,55,-35,53,-35,49,-38,48,-38,44,-37,45,-36,36,-41,34,-41,35,-40,30,-36,28,-38,20,-37,19,-41,19,-38,13,0,0,0,0,0,0,0,0,0,0,0,0,0,0,0,0,0,0,0,0,0,0,52,31,44,40,41,42,36,43,36,44,30,46,27,44,24,44,26,45,26,40,20,43,17,36,20,37,20,38,19,36,16,26,24,26,19,28,18,21,23,17,20,15,26,16,19,8,25,7,26,6,25,-1,27,-3,31,-4,31,-7,34,-13,32,-16,36,-17,36,-19,34,-25,39,-28,40,-29,38,-29,35,-35,37,-35,41,-42,39,-46,35,-47,37,-49,41,-52,34,-49,40,-61,41,-59,40,-60,40,-64,40,-70,48,-72,46,-69,55,-75,49,-62,49,-79,45,-76,50,-71,0,0]"
CSI_DATA,178,1a:00:00:00:00:00,-45,11,1,0,1,1,1,0,0,0,1,-96,0,11,2,2665143,0,44,0,384,0,"[0,0,0,0,0,0,0,0,0,0,0,0,-4,-12,-4,-11,-5,-10,-4,-10,-5,-9,-5,-8,-5,-7,-5,-6,-5,-6,-5,-5,-5,-5,-6,-4,-6,-3,-6,-2,-6,-2,-6,-1,-6,0,-7,0,-7,1,-7,2,-7,2,-7,2,-7,3,-8,3,-8,4,-8,4,0,0,-9,5,-10,5,-11,5,-10,5,-11,4,-12,5,-12,5,-11,4,-12,4,-12,3,-12,3,-12,2,-12,2,-12,2,-11,1,-11,1,-11,1,-10,0,-10,0,-9,-1,-9,-1,-8,-2,-8,-2,-8,-3,-7,-3,-7,-4,0,0,0,0,0,0,0,0,0,0,0,0,0,0,-13,-76,-14,-70,-15,-69,-11,-66,-18,-60,-17,-56,-21,-49,-19,-50,-18,-44,-20,-42,-19,-39,-23,-30,-21,-27,-23,-24,-26,-22,-26,-19,-30,-10,-28,-12,-29,-5,-26,-7,-33,2,-34,0,-31,7,-36,11,-31,8,-37,13,-38,16,-37,21,-40,21,-40,27,-43,26,-45,30,-49,24,-51,32,-52,27,-59,31,-54,28,-56,28,-59,28,-56,22,-63,26,-61,20,-59,19,-62,17,-57,15,-59,8,-58,7,-57,6,-55,4,-49,1,-50,2,-50,-1,-43,-3,-43,-9,-39,-7,-40,-9,-32,-13,0,0,0,0,0,0,0,0,0,0,0,0,0,0,0,0,0,0,0,0,0,0,11,56,2,57,-3,59,-3,56,-10,55,-9,54,-9,50,-10,47,-14,51,-12,45,-11,47,-9,42,-7,42,-11,36,-7,37,-8,35,-5,30,-2,30,-3,25,3,24,7,25,11,29,12,25,16,19,17,19,19,21,18,17,25,18,29,14,33,17,30,13,34,12,40,10,35,10,41,4,46,8,46,1,51,1,52,0,57,-5,52,-6,54,-10,64,-3,62,-10,58,-13,60,-17,65,-16,67,-19,72,-22,75,-22,74,-18,75,-25,78,-21,75,-18,82,-20,83,-23,79,-17,0,0]"
CSI_DATA,179,1a:00:00:00:00:00,-45,11,1,0,1,1,1,0,0,0,1,-96,0,11,2,2674779,0,44,0,384,0,"[0,0,0,0,0,0,0,0,0,0,0,0,-8,8,-6,8,-6,8,-6,7,-6,7,-4,6,-3,7,-3,6,-2,6,-2,6,-1,5,0,5,0,5,1,5,1,4,3,5,3,4,3,4,4,4,4,4,4,4,6,3,6,3,7,3,7,4,7,3,0,0,9,3,9,4,10,4,10,4,9,4,10,5,10,5,9,5,9,6,9,6,9,6,8,7,7,7,7,6,7,7,7,7,6,7,5,6,5,7,5,6,4,7,3,6,3,7,2,6,2,7,1,6,0,0,0,0,0,0,0,0,0,0,0,0,0,0,-43,58,-50,57,-42,54,-40,52,-34,51,-31,49,-28,45,-25,45,-21,42,-16,39,-10,38,-9,36,-4,34,-5,33,-1,32,6,31,7,29,9,26,8,25,20,27,26,24,23,20,25,20,28,22,33,17,36,18,37,19,40,18,44,20,49,16,46,16,53,15,52,19,56,16,57,16,58,22,57,21,59,23,62,31,56,30,59,28,56,29,57,35,48,35,45,33,49,32,43,36,41,36,38,35,35,32,34,33,33,36,28,36,18,38,23,32,18,32,10,30,0,0,0,0,0,0,0,0,0,0,0,0,0,0,0,0,0,0,0,0,0,0,37,-45,40,-42,43,-40,42,-35,47,-32,45,-27,44,-25,45,-23,44,-23,44,-21,38,-20,38,-19,37,-21,36,-21,33,-16,26,-22,26,-18,27,-20,22,-16,19,-22,15,-18,16,-21,9,-24,7,-25,5,-27,0,-26,0,-28,-6,-30,-1,-32,-14,-31,-15,-31,-13,-34,-20,-35,-21,-33,-22,-40,-28,-38,-30,-39,-35,-36,-33,-41,-36,-43,-37,-41,-43,-37,-51,-41,-44,-39,-47,-41,-60,-39,-55,-38,-60,-39,-59,-39,-60,-45,-66,-42,-67,-45,-63,-51,-69,-50,-74,-51,-69,-49,-67,-54,0,0]"
CSI_DATA,180,1a:00:00:00:00:00,-45,11,1,0,1,1,1,0,0,0,1,-96,0,11,2,2685171,0,44,0,384,0,"[0,0,0,0,0,0,0,0,0,0,0,0,0,-12,-1,-11,-2,-10,-1,-10,-2,-9,-2,-9,-3,-8,-3,-7,-3,-7,-4,-6,-3,-6,-4,-6,-4,-5,-4,-4,-5,-4,-6,-3,-6,-2,-7,-2,-7,-1,-7,-1,-7,-1,-8,0,-8,0,-9,1,-9,1,-10,1,0,0,-11,2,-11,2,-12,2,-12,2,-12,1,-12,1,-12,1,-12,1,-12,0,-12,0,-12,-1,-12,-1,-12,-2,-11,-2,-11,-2,-11,-3,-10,-3,-10,-3,-9,-3,-9,-3,-8,-4,-8,-4,-7,-4,-7,-5,-6,-5,-5,-5,0,0,0,0,0,0,0,0,0,0,0,0,0,0,27,-73,21,-67,15,-62,14,-62,11,-59,9,-60,8,-52,8,-51,6,-47,0,-40,-4,-44,-4,-39,-8,-41,-6,-33,-13,-32,-14,-29,-21,-27,-24,-23,-22,-22,-22,-19,-34,-19,-29,-15,-29,-8,-34,-10,-40,-6,-42,-4,-38,-4,-48,-2,-46,-1,-52,1,-54,1,-58,0,-58,-4,-62,2,-60,3,-65,-3,-62,-7,-64,-9,-65,-12,-64,-11,-59,-7,-62,-12,-64,-14,-63,-15,-58,-19,-55,-20,-54,-23,-52,-24,-46,-22,-44,-22,-42,-22,-40,-26,-36,-27,-30,-28,-30,-29,-26,-31,-22,-31,0,0,0,0,0,0,0,0,0,0,0,0,0,0,0,0,0,0,0,0,0,0,-12,59,-23,55,-23,51,-32,50,-28,47,-28,43,-28,38,-30,35,-35,39,-30,30,-25,33,-24,34,-25,34,-28,31,-31,25,-19,24,-16,29,-15,27,-15,23,-10,20,-7,25,-3,25,-1,26,4,25,2,23,10,26,13,26,15,26,17,24,22,25,23,26,30,25,29,26,30,25,35,26,39,29,40,23,41,20,46,22,56,22,54,26,52,21,63,17,63,18,58,15,70,15,68,20,67,10,70,16,77,20,75,10,80,12,84,19,77,17,83,14,79,14,81,21,0,0]"
CSI_DATA,181,1a:00:00:00:00:00,-45,11,1,0,1,1,1,0,0,0,1,-96,0,11,2,2694763,0,44,0,384,0,"[0,0,0,0,0,0,0,0,0,0,0,0,0,11,0,10,1,9,1,9,1,8,1,8,2,7,2,6,2,6,3,5,3,5,3,4,4,3,4,3,4,2,5,1,5,2,5,1,6,0,6,0,6,0,7,-2,7,-1,8,-2,9,-2,9,-3,0,0,9,-3,10,-3,11,-3,11,-3,11,-2,11,-2,11,-2,11,-2,11,-1,11,-1,12,0,11,0,11,1,11,1,10,2,10,2,9,2,9,2,8,2,8,2,7,3,7,3,6,3,6,4,5,4,4,4,0,0,0,0,0,0,0,0,0,0,0,0,0,0,-14,69,-15,67,-9,68,-10,63,-7,64,-6,52,-2,50,1,53,2,45,4,44,7,40,8,39,9,32,12,32,13,27,19,21,21,24,21,16,23,18,27,14,32,12,31,12,31,6,33,4,36,6,38,1,42,-1,46,-8,47,-10,54,-10,50,-5,53,-5,54,-7,56,-6,58,-4,62,-2,62,-5,61,-4,63,2,65,1,57,2,63,9,61,9,62,14,58,13,59,16,54,16,53,19,52,15,47,21,46,19,43,23,38,23,33,27,32,28,26,27,22,28,0,0,0,0,0,0,0,0,0,0,0,0,0,0,0,0,0,0,0,0,0,0,-1,-58,6,-57,12,-56,16,-55,16,-53,21,-50,20,-51,24,-42,24,-46,21,-40,21,-42,18,-40,20,-39,16,-38,16,-32,15,-33,10,-32,11,-30,4,-26,1,-30,3,-28,-1,-27,-3,-29,-7,-23,-15,-24,-15,-27,-16,-23,-20,-23,-22,-21,-25,-18,-29,-18,-31,-21,-32,-21,-38,-17,-42,-20,-41,-17,-44,-15,-46,-16,-49,-16,-56,-14,-56,-14,-57,-8,-63,-13,-63,-11,-64,-7,-65,-8,-69,-10,-71,-1,-76,-8,-78,-5,-76,-6,-82,-2,-83,-7,-79,-6,-85,-5,-82,-3,-81,-5,0,0]"
CSI_DATA,182,1a:00:00:00:00:00,-45,11,1,0,1,1,1,0,0,0,1,-96,0,11,2,2704756,0,44,0,384,0,"[0,0,0,0,0,0,0,0,0,0,0,0,-4,-11,-5,-11,-5,-9,-5,-9,-5,-8,-5,-8,-5,-7,-5,-6,-5,-6,-5,-5,-5,-5,-6,-4,-6,-3,-6,-2,-6,-2,-7,-1,-7,0,-6,0,-7,1,-7,1,-7,2,-7,3,-7,3,-8,4,-9,4,-9,4,0,0,-10,5,-10,5,-10,5,-10,5,-11,5,-11,5,-11,5,-11,4,-11,4,-12,3,-12,3,-11,2,-11,2,-11,2,-11,1,-11,1,-10,0,-10,0,-10,-1,-9,0,-9,-1,-9,-2,-8,-2,-8,-3,-7,-3,-6,-3,0,0,0,0,0,0,0,0,0,0,0,0,0,0,-27,-74,-23,-66,-26,-65,-27,-60,-27,-58,-25,-57,-28,-47,-30,-47,-24,-39,-22,-41,-28,-36,-25,-29,-30,-31,-30,-24,-29,-24,-32,-17,-32,-10,-32,-9,-31,-4,-32,-2,-35,5,-33,6,-33,12,-38,9,-36,11,-36,17,-37,23,-42,26,-44,23,-42,29,-45,28,-53,33,-47,29,-51,36,-52,34,-58,37,-61,34,-53,33,-59,31,-62,29,-61,27,-60,24,-62,20,-63,19,-57,13,-61,18,-62,13,-56,12,-58,6,-54,5,-49,4,-50,-1,-46,-3,-45,-7,-46,-9,-41,-11,-35,-10,0,0,0,0,0,0,0,0,0,0,0,0,0,0,0,0,0,0,0,0,0,0,25,54,20,60,14,57,10,55,6,57,3,56,3,55,-4,51,2,53,-1,47,1,49,0,45,-1,41,0,37,-1,34,3,36,3,34,4,33,4,23,6,28,10,18,12,22,16,19,19,17,23,16,23,14,24,14,31,9,30,8,39,5,35,3,40,1,42,-1,41,-1,45,-4,45,-8,50,-7,48,-10,55,-11,56,-16,58,-18,56,-16,62,-26,58,-21,59,-19,66,-32,60,-31,69,-34,66,-33,69,-38,76,-33,75,-38,78,-33,71,-36,79,-39,75,-39,81,-33,0,0]"
CSI_DATA,183,1a:00:00:00:00:00,-45,11,1,0,1,1,1,0,0,0,1,-96,0,11,2,2714894,0,44,0,384,0,"[0,0,0,0,0,0,0,0,0,0,0,0,6,-10,6,-9,5,-9,5,-10,4,-8,3,-8,2,-8,2,-8,1,-7,0,-7,0,-7,-1,-7,-1,-6,-2,-6,-3,-6,-4,-6,-4,-5,-4,-5,-5,-4,-5,-5,-6,-4,-7,-5,-7,-4,-8,-4,-9,-4,-9,-4,0,0,-10,-4,-10,-4,-11,-4,-11,-4,-11,-5,-11,-5,-11,-5,-11,-6,-11,-6,-11,-7,-11,-7,-10,-7,-10,-7,-9,-7,-8,-8,-8,-8,-8,-7,-7,-7,-7,-7,-6,-7,-5,-7,-5,-7,-4,-7,-4,-7,-3,-7,-2,-7,0,0,0,0,0,0,0,0,0,0,0,0,0,0,57,-49,54,-54,49,-47,43,-46,46,-42,41,-45,36,-44,34,-40,31,-39,26,-39,17,-35,18,-40,14,-39,11,-37,4,-27,2,-33,-2,-34,-7,-28,-5,-30,-11,-35,-18,-31,-19,-27,-21,-29,-22,-28,-28,-28,-29,-28,-31,-28,-39,-27,-42,-32,-46,-28,-44,-32,-47,-36,-47,-35,-54,-32,-54,-32,-53,-38,-53,-43,-54,-41,-48,-45,-48,-45,-53,-44,-44,-49,-43,-48,-43,-50,-37,-52,-36,-48,-33,-49,-33,-48,-30,-45,-28,-47,-24,-47,-18,-47,-18,-46,-14,-46,-9,-42,-5,-38,-1,-36,0,0,0,0,0,0,0,0,0,0,0,0,0,0,0,0,0,0,0,0,0,0,-42,44,-46,41,-46,39,-49,33,-52,30,-49,24,-45,27,-47,21,-49,21,-47,15,-42,18,-40,15,-41,16,-37,15,-38,15,-33,14,-28,17,-27,18,-28,15,-20,17,-19,14,-16,19,-15,21,-11,25,-9,23,-1,27,1,25,2,29,1,31,9,37,12,30,11,38,13,40,14,36,17,40,25,43,26,44,31,46,35,45,38,46,33,42,35,50,44,48,47,43,45,47,53,49,52,50,53,48,60,55,61,51,58,54,64,53,62,58,63,55,69,55,63,59,58,65,0,0]"
CSI_DATA,184,1a:00:00:00:00:00,-45,11,1,0,1,1,1,0,0,0,1,-96,0,11,2,2725105,0,44,0,384,0,"[0,0,0,0,0,0,0,0,0,0,0,0,-9,7,-8,7,-7,7,-7,7,-6,6,-6,6,-5,6,-4,6,-4,6,-3,5,-2,6,-1,5,-1,5,0,5,1,5,2,5,2,5,3,4,3,5,3,5,4,4,5,5,5,4,6,4,7,5,7,5,0,0,8,5,8,6,9,6,9,5,9,6,8,7,8,7,8,7,8,8,8,8,8,8,7,8,7,8,6,8,6,8,5,8,4,8,5,8,4,7,3,7,3,7,2,7,2,7,1,7,0,6,0,6,0,0,0,0,0,0,0,0,0,0,0,0,0,0,-70,30,-65,29,-65,31,-55,31,-54,34,-49,26,-46,25,-45,31,-37,29,-32,30,-26,31,-21,30,-22,30,-20,25,-14,27,-10,29,-3,33,-9,29,-1,30,4,32,10,32,9,30,14,29,12,29,18,27,21,32,24,31,31,35,32,41,36,34,33,34,39,39,37,41,43,41,43,39,42,47,43,50,40,51,38,54,38,52,37,47,35,51,34,51,35,53,28,51,28,49,24,54,22,50,20,49,16,46,15,48,7,45,8,46,3,43,-2,40,-2,36,-7,35,0,0,0,0,0,0,0,0,0,0,0,0,0,0,0,0,0,0,0,0,0,0,52,-26,52,-20,56,-17,58,-10,53,-7,54,-2,52,-2,48,-1,49,2,47,2,44,5,43,-3,41,-3,40,-2,40,2,31,-1,30,-4,26,-7,26,-10,23,-8,19,-8,23,-16,18,-15,17,-19,18,-27,8,-22,15,-28,8,-32,10,-27,8,-32,2,-36,2,-40,-4,-42,-1,-40,-4,-46,-10,-49,-10,-48,-14,-52,-17,-50,-18,-52,-18,-55,-28,-58,-23,-58,-29,-55,-34,-59,-28,-58,-33,-59,-35,-66,-36,-63,-35,-69,-40,-68,-43,-68,-46,-75,-40,-65,-41,-74,-44,-76,-41,-78,0,0]"
CSI_DATA,185,1a:00:00:00:00:00,-45,11,1,0,1,1,1,0,0,0,1,-96,0,11,2,2744776,0,44,0,384,0,"[0,0,0,0,0,0,0,0,0,0,0,0,-3,-12,-3,-12,-4,-10,-3,-10,-4,-9,-4,-8,-4,-8,-4,-7,-5,-6,-5,-5,-5,-5,-5,-5,-5,-4,-6,-3,-6,-3,-7,-2,-7,-1,-7,0,-7,0,-7,1,-7,1,-8,1,-8,1,-8,2,-9,3,-9,3,0,0,-10,4,-11,3,-11,4,-11,4,-11,4,-12,4,-12,3,-12,3,-12,3,-12,2,-12,2,-12,1,-11,1,-12,0,-11,0,-11,0,-11,0,-10,-1,-9,-1,-9,-1,-9,-2,-8,-2,-8,-3,-8,-3,-7,-4,-6,-4,0,0,0,0,0,0,0,0,0,0,0,0,0,0,7,-74,5,-75,5,-71,3,-67,1,-67,1,-59,-1,-55,-2,-55,-3,-48,-2,-48,-12,-45,-12,-39,-13,-38,-16,-33,-15,-29,-16,-26,-28,-24,-26,-21,-25,-14,-25,-13,-33,-7,-29,-13,-36,-1,-37,-4,-38,0,-41,3,-44,3,-47,6,-48,7,-53,11,-51,11,-57,12,-55,15,-58,11,-62,11,-68,15,-65,9,-69,11,-67,6,-69,3,-64,5,-68,4,-65,-3,-67,-4,-63,-6,-63,-8,-57,-10,-56,-11,-55,-9,-54,-12,-49,-14,-49,-15,-41,-18,-39,-20,-37,-22,-35,-23,-29,-27,0,0,0,0,0,0,0,0,0,0,0,0,0,0,0,0,0,0,0,0,0,0,-11,61,-18,56,-20,53,-25,51,-24,45,-27,46,-27,44,-27,41,-30,43,-28,39,-27,38,-27,36,-20,35,-24,38,-21,29,-18,29,-12,29,-14,27,-10,26,-9,23,-3,23,-2,24,5,25,7,27,11,24,14,25,15,25,15,24,21,20,30,25,27,22,37,23,32,20,41,19,44,22,47,19,45,17,48,18,49,12,54,15,53,14,62,14,65,7,65,7,66,3,67,7,67,7,72,4,71,2,77,5,76,1,84,-4,87,7,84,5,90,4,85,6,88,7,0,0]"
CSI_DATA,186,1a:00:00:00:00:00,-45,11,1,0,1,1,1,0,0,0,1,-96,0,11,2,2755120,0,44,0,384,0,"[0,0,0,0,0,0,0,0,0,0,0,0,8,-9,7,-8,6,-9,6,-8,5,-8,4,-7,3,-7,3,-8,2,-7,1,-6,1,-7,0,-7,-1,-6,-1,-6,-2,-6,-3,-6,-3,-6,-4,-6,-5,-5,-5,-5,-6,-5,-6,-5,-7,-5,-8,-5,-8,-5,-8,-5,0,0,-10,-5,-10,-6,-10,-6,-11,-6,-10,-7,-10,-7,-10,-8,-10,-8,-10,-8,-10,-8,-10,-9,-8,-9,-8,-8,-8,-9,-7,-9,-7,-8,-6,-9,-6,-8,-5,-8,-5,-8,-4,-8,-4,-8,-3,-8,-2,-7,-2,-8,-1,-7,0,0,0,0,0,0,0,0,0,0,0,0,0,0,57,-55,58,-55,47,-58,42,-50,38,-49,35,-44,34,-44,31,-44,25,-43,23,-43,16,-40,17,-39,8,-39,11,-36,5,-35,-1,-36,2,-32,-6,-33,-11,-28,-16,-30,-20,-32,-20,-30,-28,-29,-29,-27,-31,-25,-32,-29,-40,-24,-39,-28,-41,-30,-50,-24,-49,-24,-53,-29,-49,-31,-56,-29,-60,-25,-61,-34,-59,-33,-57,-38,-53,-40,-54,-39,-51,-36,-50,-45,-47,-48,-47,-45,-41,-44,-45,-43,-37,-46,-37,-47,-34,-47,-30,-39,-28,-42,-25,-41,-24,-42,-12,-40,-16,-44,-9,-36,-4,-42,0,0,0,0,0,0,0,0,0,0,0,0,0,0,0,0,0,0,0,0,0,0,-44,43,-46,38,-51,34,-53,27,-50,24,-51,22,-46,24,-51,19,-46,21,-45,17,-42,17,-40,11,-41,16,-34,17,-34,11,-34,12,-28,19,-23,9,-27,15,-23,20,-18,15,-15,21,-11,21,-11,25,-8,25,0,29,-5,25,5,33,6,32,10,34,5,34,9,38,15,40,17,34,20,39,25,39,26,43,32,41,29,46,37,46,35,48,40,50,47,46,47,46,46,46,59,50,58,49,53,45,62,51,63,55,61,49,61,48,61,57,61,55,72,57,69,57,64,56,0,0]"
CSI_DATA,187,1a:00:00:00:00:00,-45,11,1,0,1,1,1,0,0,0,1,-96,0,11,2,2775220,0,44,0,384,0,"[0,0,0,0,0,0,0,0,0,0,0,0,-8,8,-7,8,-6,8,-6,8,-5,7,-4,7,-3,6,-3,6,-3,6,-1,5,-1,6,-1,6,0,5,1,5,1,5,2,5,3,5,3,4,4,4,4,4,5,4,6,4,6,4,7,4,7,4,8,4,0,0,9,4,9,4,9,4,9,5,9,5,9,6,9,6,9,6,9,6,9,7,8,7,8,7,7,7,7,8,6,7,6,8,5,7,5,7,4,7,4,7,3,7,3,7,2,6,2,7,1,6,0,6,0,0,0,0,0,0,0,0,0,0,0,0,0,0,-52,56,-50,51,-45,55,-36,52,-39,51,-36,47,-29,43,-31,44,-27,38,-19,39,-15,40,-13,34,-11,37,-5,34,-4,37,3,30,4,33,5,26,9,22,17,27,20,30,24,27,21,23,29,23,29,23,32,21,35,21,39,19,45,18,47,23,46,20,53,23,51,25,56,25,55,24,57,32,57,30,55,31,58,35,53,32,54,36,48,40,48,40,52,42,47,42,44,42,43,38,36,42,33,38,32,38,28,39,26,38,24,38,16,37,15,39,10,34,7,35,0,0,0,0,0,0,0,0,0,0,0,0,0,0,0,0,0,0,0,0,0,0,37,-44,39,-38,49,-34,49,-33,47,-30,44,-26,45,-22,40,-22,42,-22,43,-17,39,-17,36,-19,37,-16,39,-14,31,-13,30,-19,28,-19,23,-17,20,-16,17,-17,14,-22,14,-21,8,-23,7,-24,2,-25,1,-27,-1,-29,-6,-32,-5,-31,-14,-30,-13,-32,-18,-37,-19,-36,-21,-36,-22,-40,-25,-40,-25,-42,-34,-40,-33,-40,-38,-45,-38,-42,-47,-41,-46,-43,-49,-45,-46,-44,-61,-46,-53,-44,-56,-42,-58,-44,-60,-50,-65,-49,-67,-47,-68,-54,-64,-48,-71,-53,-68,-54,-70,-54,0,0]"
CSI_DATA,188,1a:00:00:00:00:00,-45,11,1,0,1,1,1,0,0,0,1,-96,0,11,2,2784762,0,44,0,384,0,"[0,0,0,0,0,0,0,0,0,0,0,0,-12,-3,-11,-3,-11,-2,-10,-2,-10,-1,-8,-1,-8,0,-8,0,-7,1,-7,1,-7,1,-6,3,-6,3,-5,3,-5,3,-4,4,-4,5,-4,5,-3,5,-2,5,-2,6,-2,7,-2,7,-1,8,-1,8,-1,9,0,0,-1,10,-1,11,0,10,-1,11,-1,11,-1,11,-1,12,-2,11,-2,11,-3,11,-3,11,-4,10,-4,10,-4,10,-5,10,-5,9,-4,9,-4,8,-5,7,-5,7,-5,7,-5,6,-6,5,-6,5,-6,4,-6,3,0,0,0,0,0,0,0,0,0,0,0,0,0,0,-83,-19,-77,-16,-74,-13,-67,-9,-63,-10,-56,-9,-58,-5,-57,0,-50,-2,-46,-2,-43,8,-45,3,-41,9,-34,13,-31,17,-26,14,-29,25,-21,24,-22,25,-20,28,-14,33,-17,32,-8,35,-9,40,-7,38,-4,41,-3,43,3,46,3,48,5,51,3,56,1,58,-2,60,3,64,4,63,-2,63,0,71,2,68,-6,65,-8,67,-6,64,-11,67,-15,68,-9,65,-14,62,-17,60,-20,56,-21,56,-20,51,-21,47,-23,46,-24,40,-23,41,-30,36,-27,38,-31,28,-35,24,0,0,0,0,0,0,0,0,0,0,0,0,0,0,0,0,0,0,0,0,0,0,59,10,57,15,59,19,54,22,47,25,47,28,44,24,46,34,41,27,38,28,38,26,32,20,36,22,37,22,30,21,29,15,29,16,28,18,27,11,26,5,22,5,28,-3,20,-1,23,-10,22,-14,24,-13,23,-17,19,-19,24,-19,22,-27,23,-28,26,-33,24,-38,25,-37,25,-44,21,-44,21,-48,18,-50,19,-51,18,-57,13,-58,13,-62,17,-63,15,-64,14,-64,6,-69,8,-69,7,-77,8,-77,8,-83,4,-80,6,-81,11,-84,7,-88,13,-92,9,-89,13,-87,0,0]"
CSI_DATA,189,1a:00:00:00:00:00,-45,11,1,0,1,1,1,0,0,0,1,-96,0,11,2,2794745,0,44,0,384,0,"[0,0,0,0,0,0,0,0,0,0,0,0,10,-6,9,-6,8,-6,8,-6,7,-6,6,-6,6,-6,5,-6,4,-6,3,-6,3,-6,2,-6,2,-6,0,-6,0,-6,-1,-7,-1,-6,-2,-6,-3,-6,-3,-7,-4,-7,-4,-7,-5,-7,-6,-7,-6,-8,-6,-8,0,0,-7,-9,-8,-9,-8,-9,-8,-9,-7,-9,-8,-10,-8,-11,-7,-10,-7,-11,-6,-11,-6,-11,-5,-11,-5,-11,-4,-11,-4,-11,-4,-10,-3,-10,-4,-10,-2,-10,-2,-9,-2,-9,-1,-9,-1,-8,0,-7,1,-8,1,-7,0,0,0,0,0,0,0,0,0,0,0,0,0,0,72,-22,70,-28,61,-29,56,-27,52,-27,48,-25,51,-29,48,-27,38,-21,36,-26,33,-26,25,-26,23,-29,21,-29,15,-24,11,-29,10,-32,7,-33,3,-28,-2,-33,-6,-32,-8,-33,-10,-37,-12,-34,-21,-31,-17,-36,-25,-34,-30,-37,-28,-40,-35,-38,-35,-40,-39,-40,-39,-47,-44,-48,-44,-43,-43,-49,-42,-50,-42,-52,-41,-55,-37,-53,-35,-56,-33,-59,-30,-56,-28,-61,-28,-55,-20,-56,-18,-55,-19,-52,-18,-50,-15,-49,-12,-46,-11,-50,-6,-46,-3,-47,-3,-42,4,-39,7,-38,0,0,0,0,0,0,0,0,0,0,0,0,0,0,0,0,0,0,0,0,0,0,-58,12,-61,5,-59,0,-55,-5,-54,-2,-52,-11,-48,-6,-49,-8,-50,-11,-42,-10,-42,-10,-38,-12,-42,-6,-36,-7,-37,-9,-33,-6,-33,-1,-28,1,-29,1,-25,4,-26,5,-22,9,-20,13,-19,14,-16,20,-16,23,-15,25,-12,29,-15,31,-11,31,-11,33,-11,40,-3,39,-6,40,-3,46,3,50,3,47,4,52,8,54,9,55,10,59,14,59,15,60,17,62,19,60,29,66,21,64,28,64,31,72,30,74,28,74,33,75,31,80,31,75,34,84,33,79,32,73,0,0]"
CSI_DATA,190,1a:00:00:00:00:00,-44,11,1,0,1,1,1,0,0,0,1,-96,0,11,2,2806270,0,44,0,384,0,"[0,0,0,0,0,0,0,0,0,0,0,0,10,-5,9,-5,9,-5,8,-5,8,-5,6,-5,6,-5,5,-5,5,-5,4,-5,3,-6,2,-6,2,-6,1,-6,0,-6,-1,-7,-1,-6,-1,-6,-2,-7,-3,-7,-3,-7,-3,-7,-4,-8,-5,-8,-5,-8,-6,-8,0,0,-6,-9,-7,-9,-7,-9,-8,-10,-6,-9,-7,-11,-7,-10,-6,-11,-6,-11,-6,-11,-5,-11,-5,-11,-4,-11,-4,-11,-3,-11,-3,-10,-3,-10,-2,-9,-2,-10,-1,-9,0,-9,0,-9,0,-8,0,-8,1,-7,1,-6,0,0,0,0,0,0,0,0,0,0,0,0,0,0,69,-32,66,-27,59,-29,50,-34,54,-27,42,-28,44,-26,40,-26,39,-25,32,-27,25,-31,26,-29,22,-29,18,-30,19,-29,10,-30,10,-30,4,-32,7,-26,0,-33,-5,-31,-7,-34,-14,-31,-17,-34,-19,-31,-18,-35,-22,-41,-26,-37,-28,-40,-30,-37,-33,-41,-37,-43,-35,-45,-36,-46,-36,-47,-38,-53,-44,-49,-41,-55,-38,-58,-34,-53,-34,-54,-30,-54,-24,-61,-28,-59,-27,-57,-20,-56,-18,-54,-15,-54,-15,-46,-13,-46,-11,-48,-9,-45,-6,-45,-1,-47,5,-41,8,-39,12,-36,0,0,0,0,0,0,0,0,0,0,0,0,0,0,0,0,0,0,0,0,0,0,-50,20,-53,14,-54,9,-55,9,-54,5,-48,2,-47,2,-48,1,-48,0,-46,3,-44,-5,-41,-6,-40,-1,-39,-1,-34,-5,-28,2,-34,5,-27,-1,-26,5,-25,10,-19,10,-20,13,-17,16,-17,17,-19,21,-13,23,-13,23,-7,25,-12,28,-2,33,-4,34,-4,40,-1,36,2,40,5,46,7,44,8,47,10,47,8,50,11,53,16,55,25,56,18,63,24,59,28,54,26,61,34,62,36,60,38,63,33,68,42,68,39,68,39,72,37,71,36,77,38,74,34,79,0,0]"
CSI_DATA,191,1a:00:00:00:00:00,-44,11,1,0,1,1,1,0,0,0,1,-96,0,11,2,2814930,0,44,0,384,0,"[0,0,0,0,0,0,0,0,0,0,0,0,2,-12,1,-11,0,-11,1,-11,0,-10,0,-9,-1,-9,-1,-8,-2,-8,-2,-7,-3,-7,-3,-6,-4,-5,-4,-5,-5,-4,-6,-4,-6,-4,-6,-4,-6,-3,-7,-3,-7,-2,-8,-2,-8,-2,-9,-1,-10,-1,-10,-1,0,0,-11,-1,-12,-1,-11,-1,-12,-1,-12,-2,-12,-2,-12,-2,-12,-3,-12,-3,-12,-3,-12,-4,-12,-4,-11,-4,-10,-5,-11,-5,-10,-5,-10,-5,-9,-5,-8,-6,-8,-5,-7,-6,-6,-6,-6,-6,-5,-6,-5,-7,-4,-6,0,0,0,0,0,0,0,0,0,0,0,0,0,0,26,-77,25,-67,18,-69,13,-61,15,-63,15,-54,10,-50,10,-53,6,-44,0,-44,1,-38,-4,-38,-6,-40,-8,-31,-12,-34,-15,-28,-16,-27,-18,-25,-23,-21,-22,-22,-33,-16,-26,-16,-33,-11,-32,-10,-36,-11,-39,-9,-41,-7,-45,-5,-49,-8,-53,-3,-55,-4,-56,-8,-54,-10,-57,-8,-59,-3,-60,-12,-59,-10,-62,-11,-64,-14,-69,-17,-61,-17,-57,-22,-63,-22,-60,-26,-58,-25,-54,-25,-51,-27,-47,-23,-44,-28,-42,-25,-41,-30,-38,-28,-32,-34,-31,-30,-22,-33,-23,-30,-17,-34,0,0,0,0,0,0,0,0,0,0,0,0,0,0,0,0,0,0,0,0,0,0,-8,56,-15,53,-22,50,-27,50,-27,48,-25,42,-25,40,-27,40,-30,41,-28,36,-28,31,-24,31,-22,30,-25,32,-19,26,-17,26,-18,27,-12,24,-12,23,-9,21,-4,22,-6,25,2,23,4,23,5,20,9,22,14,25,18,29,21,23,23,25,28,21,31,20,31,22,34,21,37,22,39,26,45,23,44,22,50,21,53,23,53,23,51,15,59,18,60,19,61,14,60,10,65,15,69,11,71,14,79,16,75,12,74,13,79,11,70,13,80,25,79,19,78,23,0,0]"
CSI_DATA,192,1a:00:00:00:00:00,-45,11,1,0,1,1,1,0,0,0,1,-96,0,11,2,2834762,0,44,0,384,0,"[0,0,0,0,0,0,0,0,0,0,0,0,8,-8,8,-8,7,-8,7,-8,6,-7,5,-7,4,-7,3,-7,3,-6,2,-7,2,-7,0,-7,0,-7,-1,-7,-1,-6,-2,-6,-3,-6,-3,-6,-4,-6,-4,-6,-5,-6,-5,-6,-6,-6,-7,-6,-7,-7,-8,-7,0,0,-8,-7,-9,-8,-9,-8,-9,-8,-9,-9,-9,-9,-9,-9,-8,-9,-9,-9,-8,-10,-8,-10,-7,-10,-7,-10,-6,-10,-6,-10,-5,-10,-5,-10,-4,-10,-3,-9,-3,-9,-3,-9,-2,-9,-1,-8,-1,-8,0,-7,0,-7,0,0,0,0,0,0,0,0,0,0,0,0,0,0,63,-42,60,-38,58,-44,53,-36,53,-36,48,-34,42,-35,38,-32,35,-31,35,-31,25,-34,19,-33,19,-34,19,-34,15,-31,7,-35,7,-34,5,-30,-2,-30,-7,-32,-13,-36,-8,-34,-15,-33,-19,-33,-20,-34,-23,-37,-26,-36,-32,-38,-36,-35,-40,-36,-39,-39,-39,-44,-40,-41,-44,-45,-42,-44,-44,-52,-42,-53,-41,-56,-38,-53,-38,-55,-36,-56,-31,-53,-30,-59,-29,-64,-27,-53,-28,-57,-19,-55,-21,-51,-15,-51,-12,-49,-11,-49,-11,-48,-5,-49,2,-42,2,-42,1,-42,7,-39,0,0,0,0,0,0,0,0,0,0,0,0,0,0,0,0,0,0,0,0,0,0,-43,36,-52,31,-51,26,-53,26,-53,18,-49,16,-47,15,-46,11,-49,13,-48,8,-43,9,-40,11,-36,8,-36,5,-32,8,-30,7,-31,13,-25,8,-26,13,-19,10,-18,13,-20,17,-12,19,-6,22,-12,27,-8,25,-8,26,-2,32,-1,31,-1,34,6,36,5,40,5,41,12,39,12,41,13,45,20,43,23,48,24,50,27,49,24,50,33,53,31,57,35,54,38,52,44,56,40,60,42,56,45,60,46,61,46,64,52,63,48,67,48,66,50,70,48,75,47,68,0,0]"
CSI_DATA,193,1a:00:00:00:00:00,-45,11,1,0,1,1,1,0,0,0,1,-96,0,11,2,2854770,0,44,0,384,0,"[0,0,0,0,0,0,0,0,0,0,0,0,8,-9,7,-9,6,-8,6,-8,5,-8,4,-7,3,-7,3,-7,2,-7,1,-6,1,-7,0,-7,-1,-7,-1,-6,-2,-6,-3,-6,-3,-6,-4,-6,-4,-6,-5,-5,-5,-5,-6,-5,-6,-6,-7,-6,-8,-6,-8,-6,0,0,-9,-6,-9,-7,-10,-7,-10,-7,-10,-7,-10,-8,-10,-8,-10,-8,-10,-8,-9,-9,-9,-9,-8,-9,-7,-9,-7,-9,-7,-9,-6,-9,-6,-9,-5,-9,-5,-9,-4,-8,-4,-8,-3,-8,-3,-8,-2,-8,-1,-7,-1,-7,0,0,0,0,0,0,0,0,0,0,0,0,0,0,58,-48,54,-44,48,-48,47,-43,42,-40,38,-42,38,-38,35,-39,28,-37,24,-39,19,-37,18,-32,12,-36,10,-36,9,-33,3,-35,-2,-34,-5,-30,-6,-28,-12,-32,-15,-31,-19,-27,-19,-27,-23,-27,-24,-25,-31,-29,-32,-28,-37,-28,-37,-30,-47,-33,-42,-31,-50,-33,-46,-32,-48,-33,-55,-35,-47,-39,-50,-37,-49,-40,-47,-42,-46,-43,-44,-43,-43,-48,-40,-51,-38,-49,-36,-46,-36,-46,-33,-44,-29,-45,-25,-46,-27,-47,-23,-45,-19,-43,-16,-42,-9,-42,-5,-41,-7,-41,2,-38,0,0,0,0,0,0,0,0,0,0,0,0,0,0,0,0,0,0,0,0,0,0,-45,37,-45,30,-48,27,-47,24,-50,22,-47,21,-43,17,-45,12,-46,11,-42,10,-42,9,-41,10,-39,10,-37,9,-31,9,-29,13,-26,14,-25,12,-21,14,-23,15,-13,15,-15,18,-9,19,-13,19,-9,21,-4,22,0,29,-3,29,0,26,6,32,12,28,10,34,13,37,11,38,16,38,21,44,21,44,22,44,28,48,30,43,33,48,38,45,35,48,41,48,43,44,37,47,50,50,47,51,56,51,55,58,54,53,62,56,58,59,53,53,57,61,58,59,57,62,0,0]"
CSI_DATA,194,1a:00:00:00:00:00,-44,11,1,0,1,1,1,0,0,0,1,-96,0,11,2,2865654,0,44,0,384,0,"[0,0,0,0,0,0,0,0,0,0,0,0,-3,-12,-3,-11,-4,-11,-3,-10,-3,-9,-3,-9,-4,-8,-4,-7,-4,-7,-4,-6,-5,-6,-5,-5,-6,-4,-6,-3,-6,-3,-7,-2,-7,-1,-6,-1,-7,0,-7,0,-7,1,-8,2,-8,1,-9,2,-10,2,-10,3,0,0,-11,3,-11,3,-11,3,-12,4,-11,3,-12,3,-12,3,-12,3,-13,2,-13,1,-12,1,-12,0,-12,0,-12,0,-11,0,-11,-1,-11,-1,-10,-1,-10,-2,-9,-2,-9,-3,-9,-3,-8,-3,-8,-4,-7,-4,-6,-4,0,0,0,0,0,0,0,0,0,0,0,0,0,0,-16,-73,-13,-73,-21,-70,-20,-64,-17,-61,-13,-57,-23,-49,-20,-48,-17,-41,-22,-44,-20,-40,-26,-35,-26,-31,-26,-24,-28,-25,-29,-17,-29,-16,-31,-15,-30,-9,-31,-9,-36,-1,-32,-4,-31,10,-39,10,-36,10,-39,13,-41,18,-41,20,-47,21,-45,24,-47,24,-50,27,-52,27,-56,31,-54,30,-58,25,-59,25,-60,27,-62,27,-59,20,-62,20,-64,17,-60,11,-63,11,-59,10,-62,7,-59,4,-57,9,-54,0,-55,0,-51,-2,-49,0,-47,-6,-44,-10,-39,-14,-38,-16,-35,-17,0,0,0,0,0,0,0,0,0,0,0,0,0,0,0,0,0,0,0,0,0,0,13,55,8,56,3,55,0,55,-3,53,-5,53,-6,49,-9,47,-7,48,-11,44,-9,44,-6,38,-6,39,-10,36,-8,31,-6,31,-1,32,-3,24,5,26,1,22,4,22,9,20,14,25,15,14,14,13,20,16,22,15,26,12,28,12,32,6,33,8,41,3,41,6,41,4,42,3,49,1,49,-3,50,-4,50,-4,60,-8,59,-6,62,-12,64,-13,68,-15,62,-18,69,-24,67,-21,67,-25,72,-26,76,-24,74,-26,77,-27,83,-23,74,-25,83,-27,81,-28,72,-23,0,0]"
CSI_DATA,195,1a:00:00:00:00:00,-44,11,1,0,1,1,1,0,0,0,1,-96,0,11,2,2875179,0,44,0,384,0,"[0,0,0,0,0,0,0,0,0,0,0,0,6,-11,5,-10,4,-10,4,-10,3,-9,3,-8,2,-8,1,-8,1,-8,0,-7,-1,-7,-1,-7,-2,-6,-2,-6,-3,-6,-4,-5,-4,-5,-4,-5,-5,-5,-6,-5,-6,-5,-7,-4,-7,-4,-8,-3,-9,-4,-9,-4,0,0,-10,-5,-10,-5,-11,-5,-11,-5,-11,-5,-11,-6,-11,-6,-10,-6,-11,-7,-10,-7,-10,-7,-9,-8,-9,-8,-9,-8,-8,-8,-8,-8,-7,-8,-7,-7,-6,-7,-6,-7,-5,-8,-4,-8,-4,-7,-3,-7,-2,-7,-2,-7,0,0,0,0,0,0,0,0,0,0,0,0,0,0,49,-57,43,-55,36,-60,34,-56,31,-58,29,-50,26,-46,26,-47,19,-45,15,-41,10,-42,11,-35,6,-39,3,-37,-1,-34,-9,-35,-9,-35,-10,-31,-11,-28,-19,-24,-23,-31,-25,-27,-25,-21,-25,-22,-33,-21,-33,-22,-41,-19,-44,-20,-46,-23,-49,-20,-51,-20,-57,-22,-54,-22,-60,-23,-60,-22,-59,-22,-60,-31,-58,-27,-56,-28,-62,-35,-55,-36,-57,-37,-55,-37,-52,-40,-47,-38,-52,-41,-39,-42,-42,-41,-38,-37,-38,-36,-26,-36,-26,-40,-27,-43,-23,-39,-19,-39,-18,-37,-11,-38,0,0,0,0,0,0,0,0,0,0,0,0,0,0,0,0,0,0,0,0,0,0,-36,45,-40,39,-41,40,-48,34,-46,33,-44,28,-46,25,-46,21,-44,22,-45,20,-40,22,-35,19,-39,17,-39,15,-33,16,-30,15,-26,21,-23,14,-17,14,-19,18,-15,23,-10,19,-8,25,-7,22,-3,22,5,23,2,26,4,29,7,24,11,31,16,34,20,32,20,30,21,36,26,35,32,38,31,36,33,37,39,38,43,39,42,41,46,38,49,42,48,40,48,35,57,36,56,38,61,42,63,38,64,44,64,41,76,48,72,48,66,43,70,48,76,45,68,49,0,0]"
CSI_DATA,196,1a:00:00:00:00:00,-44,11,1,0,1,1,1,0,0,0,1,-96,0,11,2,2884792,0,44,0,384,0,"[0,0,0,0,0,0,0,0,0,0,0,0,-9,8,-8,7,-8,7,-8,7,-7,7,-6,6,-5,7,-4,7,-4,6,-3,6,-2,6,-1,6,-1,6,0,5,0,6,2,6,2,5,3,5,3,5,4,6,4,5,5,5,5,5,7,5,7,6,7,5,0,0,8,6,8,7,9,7,9,7,8,7,9,8,9,8,8,8,8,8,8,9,8,9,7,9,6,9,6,9,5,9,5,9,5,9,4,8,3,8,3,8,2,8,2,8,1,8,1,7,0,7,-1,6,0,0,0,0,0,0,0,0,0,0,0,0,0,0,-62,43,-62,34,-52,43,-50,36,-53,42,-39,35,-45,38,-36,34,-33,32,-29,31,-23,33,-20,31,-20,34,-19,33,-11,35,-4,29,-4,33,-3,31,3,28,9,34,14,33,17,33,14,30,20,28,21,30,24,31,28,30,37,30,36,31,43,31,40,34,40,31,43,40,43,41,53,40,43,43,48,45,48,47,45,46,44,46,44,49,40,53,38,53,38,51,30,50,31,54,28,48,24,55,22,47,20,47,20,42,16,41,9,45,5,46,5,40,-1,40,-3,37,0,0,0,0,0,0,0,0,0,0,0,0,0,0,0,0,0,0,0,0,0,0,47,-34,49,-21,53,-24,53,-16,54,-14,48,-10,49,-11,46,-10,49,-7,44,-7,44,-4,39,-6,37,-9,43,-4,35,-1,28,-6,23,-9,24,-11,25,-10,23,-11,14,-14,20,-17,15,-16,14,-21,9,-23,7,-30,4,-29,3,-28,1,-31,-1,-33,-5,-35,-4,-40,-8,-37,-10,-42,-11,-43,-16,-47,-19,-46,-19,-46,-20,-49,-26,-54,-22,-51,-38,-56,-29,-51,-41,-61,-34,-52,-43,-62,-43,-57,-45,-59,-47,-61,-50,-66,-49,-64,-54,-61,-49,-70,-53,-69,-54,-69,-50,-65,-51,-70,0,0]"
CSI_DATA,197,1a:00:00:00:00:00,-44,11,1,0,1,1,1,0,0,0,1,-96,0,11,2,2895003,0,44,0,384,0,"[0,0,0,0,0,0,0,0,0,0,0,0,9,-8,7,-8,6,-8,7,-8,6,-8,5,-7,4,-8,3,-7,3,-7,2,-7,2,-7,1,-7,0,-7,-1,-6,-1,-6,-2,-6,-3,-6,-3,-6,-4,-6,-5,-6,-5,-6,-6,-6,-6,-6,-6,-7,-8,-7,-8,-7,0,0,-9,-7,-9,-8,-10,-8,-10,-8,-9,-8,-10,-9,-10,-9,-9,-9,-9,-9,-8,-10,-8,-10,-7,-10,-6,-10,-6,-10,-6,-10,-5,-10,-6,-10,-5,-9,-4,-9,-4,-9,-3,-9,-2,-8,-2,-8,-1,-8,0,-8,0,-7,0,0,0,0,0,0,0,0,0,0,0,0,0,0,53,-57,53,-51,47,-56,42,-47,38,-48,35,-45,33,-45,32,-44,26,-43,21,-40,15,-38,15,-36,5,-34,12,-35,1,-38,-2,-34,2,-34,-4,-29,-11,-25,-13,-31,-20,-30,-22,-29,-24,-23,-27,-28,-31,-27,-31,-23,-35,-26,-41,-24,-41,-26,-45,-24,-44,-26,-49,-24,-46,-29,-56,-32,-56,-27,-56,-33,-57,-36,-56,-34,-56,-45,-52,-41,-56,-37,-51,-41,-51,-46,-48,-46,-42,-42,-42,-42,-44,-46,-38,-45,-33,-41,-31,-41,-31,-42,-25,-38,-19,-41,-17,-45,-12,-41,-12,-38,-6,-35,0,0,0,0,0,0,0,0,0,0,0,0,0,0,0,0,0,0,0,0,0,0,-46,33,-48,29,-49,29,-53,25,-53,19,-48,17,-46,15,-46,14,-47,12,-46,11,-43,10,-40,9,-40,10,-37,8,-32,5,-30,11,-30,12,-25,13,-22,13,-20,14,-17,19,-17,16,-9,20,-10,22,-8,17,-2,23,-2,24,-1,29,-1,29,7,31,9,31,10,38,10,43,18,42,19,47,22,43,24,45,28,40,26,45,34,45,35,48,37,46,42,49,43,47,47,45,50,52,55,47,55,47,52,52,56,53,59,52,62,49,62,57,61,57,62,60,65,60,64,60,0,0]"
CSI_DATA,198,1a:00:00:00:00:00,-44,11,1,0,1,1,1,0,0,0,1,-96,0,11,2,2904914,0,44,0,384,0,"[0,0,0,0,0,0,0,0,0,0,0,0,10,-5,9,-5,9,-6,8,-5,8,-5,7,-5,6,-6,5,-6,5,-6,4,-6,3,-6,3,-6,2,-6,1,-6,1,-6,0,-7,-1,-7,-1,-7,-2,-7,-3,-7,-3,-7,-3,-8,-4,-8,-5,-8,-5,-9,-6,-9,0,0,-7,-9,-6,-10,-7,-10,-7,-11,-6,-10,-6,-11,-6,-11,-6,-12,-6,-12,-5,-12,-5,-12,-4,-12,-3,-11,-3,-11,-3,-11,-2,-11,-2,-11,-2,-10,-1,-10,-1,-9,0,-9,0,-9,0,-9,1,-8,2,-7,2,-7,0,0,0,0,0,0,0,0,0,0,0,0,0,0,78,0,73,1,72,-9,61,-4,67,-7,57,-8,52,-6,51,-5,47,-8,46,-11,37,-15,36,-17,35,-17,31,-22,28,-22,24,-22,21,-26,19,-25,20,-31,14,-29,8,-34,4,-32,4,-37,1,-33,-2,-38,-4,-46,-5,-41,-8,-47,-5,-49,-13,-52,-11,-53,-12,-59,-12,-54,-14,-61,-16,-59,-11,-67,-13,-62,-14,-69,-9,-68,-9,-67,-8,-66,3,-65,0,-66,0,-66,-1,-65,5,-59,11,-60,8,-58,10,-51,11,-50,11,-51,10,-44,18,-45,20,-39,21,-38,24,-34,24,-27,0,0,0,0,0,0,0,0,0,0,0,0,0,0,0,0,0,0,0,0,0,0,-60,3,-58,-3,-55,-9,-57,-11,-54,-12,-47,-14,-45,-13,-47,-13,-48,-20,-44,-18,-41,-19,-36,-16,-40,-14,-39,-12,-35,-16,-30,-12,-33,-8,-25,-7,-28,-6,-26,1,-24,2,-23,4,-23,4,-25,11,-22,12,-20,17,-21,20,-18,24,-18,21,-15,29,-16,27,-18,37,-16,38,-15,41,-16,45,-11,47,-8,45,-6,51,-5,53,-4,56,-5,63,-1,56,0,66,-3,65,5,64,13,67,6,67,9,66,6,76,8,76,8,81,9,80,4,85,5,79,7,89,8,88,2,83,0,0]"
CSI_DATA,199,1a:00:00:00:00:00,-44,11,1,0,1,1,1,0,0,0,1,-96,0,11,2,2914858,0,44,0,384,0,"[0,0,0,0,0,0,0,0,0,0,0,0,8,8,8,7,8,6,7,6,7,5,6,4,7,3,6,3,6,2,6,2,6,1,6,0,6,0,5,-1,6,-1,5,-3,5,-3,5,-3,5,-4,5,-5,5,-5,5,-6,5,-6,5,-7,6,-8,5,-8,0,0,6,-9,7,-9,7,-9,7,-10,7,-9,8,-9,8,-9,8,-9,8,-10,9,-8,9,-8,9,-7,9,-7,9,-6,9,-6,9,-5,9,-5,8,-5,8,-4,8,-4,8,-3,8,-2,7,-2,7,-1,7,0,6,0,0,0,0,0,0,0,0,0,0,0,0,0,0,0,43,57,41,55,43,48,36,51,40,51,31,41,37,38,33,34,39,32,28,29,36,26,30,22,38,18,33,12,31,12,32,7,33,5,37,-2,29,-4,29,-5,34,-10,31,-10,33,-15,29,-21,26,-21,32,-28,34,-26,30,-33,34,-39,32,-41,32,-39,35,-41,38,-44,37,-47,40,-43,44,-42,44,-42,44,-44,48,-42,54,-39,50,-37,51,-35,52,-35,51,-33,53,-32,49,-28,52,-23,52,-22,47,-19,46,-14,50,-15,47,-13,46,-11,44,-4,41,-2,38,5,37,7,0,0,0,0,0,0,0,0,0,0,0,0,0,0,0,0,0,0,0,0,0,0,-39,-42,-35,-43,-31,-46,-27,-48,-25,-49,-19,-47,-18,-42,-14,-48,-15,-46,-11,-42,-13,-41,-11,-40,-14,-43,-9,-39,-14,-33,-11,-32,-16,-29,-10,-27,-14,-19,-16,-18,-17,-15,-23,-15,-17,-11,-23,-6,-22,-7,-25,-6,-28,-3,-31,2,-32,6,-34,7,-32,7,-37,5,-36,9,-39,17,-44,16,-43,20,-45,20,-45,23,-46,28,-45,31,-49,32,-45,31,-52,35,-51,40,-49,40,-50,37,-54,42,-52,45,-49,51,-59,53,-53,54,-56,55,-59,52,-62,51,-59,53,-67,55,-68,52,0,0]"
CSI_DATA,200,1a:00:00:00:00:00,-44,11,1,0,1,1,1,0,0,0,1,-96,0,11,2,2924989,0,44,0,384,0,"[0,0,0,0,0,0,0,0,0,0,0,0,-1,11,0,10,1,10,0,9,1,9,1,8,2,7,2,7,2,6,2,5,3,6,4,5,3,4,4,3,4,3,5,2,5,2,6,1,6,0,7,0,7,0,7,-1,8,-1,8,-2,9,-2,9,-2,0,0,9,-2,11,-2,11,-3,11,-3,11,-2,11,-2,11,-2,11,-1,12,-1,12,-1,12,0,11,1,10,1,10,1,10,2,9,1,9,2,8,2,8,2,8,2,7,3,7,3,6,3,5,4,5,4,4,4,0,0,0,0,0,0,0,0,0,0,0,0,0,0,-8,72,-7,67,-3,64,-1,63,0,62,-4,58,1,50,1,52,7,45,11,45,11,40,11,37,15,35,16,31,11,30,20,27,23,23,24,15,24,19,28,12,32,11,33,7,31,5,35,3,36,-2,42,-3,43,-6,46,-11,50,-11,49,-8,48,-12,55,-14,59,-13,56,-14,59,-17,64,-10,60,-14,62,-12,66,-8,62,-8,63,-8,62,-3,63,-3,64,3,59,2,61,4,58,5,58,10,50,8,50,10,49,11,45,11,38,12,41,16,37,17,32,19,28,21,0,0,0,0,0,0,0,0,0,0,0,0,0,0,0,0,0,0,0,0,0,0,10,-55,18,-55,22,-50,26,-48,23,-45,29,-43,27,-42,28,-41,26,-40,28,-33,31,-34,26,-34,24,-32,20,-29,25,-26,18,-24,16,-27,13,-23,7,-22,3,-21,5,-23,-2,-22,0,-22,-6,-22,-9,-21,-10,-23,-16,-22,-21,-23,-20,-21,-27,-20,-29,-19,-34,-21,-36,-22,-38,-14,-44,-19,-44,-20,-44,-18,-46,-18,-47,-17,-57,-19,-58,-14,-62,-15,-60,-15,-66,-11,-63,-10,-69,-9,-69,-8,-71,-6,-73,3,-78,-4,-76,-8,-82,-4,-83,-5,-83,-7,-84,-6,-83,-5,-85,-5,0,0]"
CSI_DATA,201,1a:00:00:00:00:00,-44,11,1,0,1,1,1,0,0,0,1,-96,0,11,2,2935201,0,44,0,384,0,"[0,0,0,0,0,0,0,0,0,0,0,0,1,-12,0,-12,0,-11,0,-10,-1,-10,-1,-9,-1,-8,-2,-8,-2,-8,-3,-6,-3,-6,-4,-6,-4,-5,-5,-5,-5,-4,-6,-4,-6,-4,-6,-3,-7,-2,-7,-2,-7,-1,-8,-1,-8,-1,-9,-1,-10,-1,-10,0,0,0,-11,0,-11,0,-12,0,-12,0,-12,0,-12,-1,-12,-1,-12,-1,-12,-2,-12,-2,-12,-3,-11,-3,-11,-3,-11,-4,-10,-4,-11,-4,-10,-4,-9,-4,-9,-4,-8,-5,-8,-5,-7,-5,-6,-5,-6,-5,-5,-6,-5,-6,0,0,0,0,0,0,0,0,0,0,0,0,0,0,38,-67,34,-65,33,-63,22,-56,24,-59,26,-57,20,-50,16,-53,10,-45,10,-45,5,-46,1,-42,-2,-42,0,-34,-3,-35,-8,-30,-12,-34,-15,-31,-21,-26,-19,-24,-27,-24,-32,-25,-29,-16,-29,-20,-35,-16,-42,-18,-42,-17,-43,-11,-47,-13,-52,-12,-52,-13,-62,-14,-59,-15,-63,-15,-58,-13,-64,-18,-62,-23,-65,-20,-63,-22,-61,-27,-62,-25,-61,-27,-55,-32,-59,-32,-55,-34,-53,-35,-49,-37,-46,-37,-44,-33,-40,-36,-37,-37,-34,-37,-33,-35,-25,-35,-23,-37,-22,-33,-14,-35,0,0,0,0,0,0,0,0,0,0,0,0,0,0,0,0,0,0,0,0,0,0,-28,50,-35,45,-36,39,-40,40,-40,36,-40,33,-36,32,-36,30,-38,28,-39,28,-38,24,-32,21,-35,27,-32,22,-30,20,-30,21,-23,20,-20,17,-18,19,-11,21,-14,15,-12,22,-4,23,1,20,2,24,6,28,9,24,10,27,13,25,18,29,17,28,21,32,26,32,26,31,28,32,37,34,38,33,41,32,42,32,47,36,48,34,56,29,54,36,56,29,60,28,63,35,61,34,68,27,70,33,68,31,73,32,81,33,83,38,71,32,78,36,74,41,77,35,0,0]"
CSI_DATA,202,1a:00:00:00:00:00,-44,11,1,0,1,1,1,0,0,0,1,-96,0,11,2,2945396,0,44,0,384,0,"[0,0,0,0,0,0,0,0,0,0,0,0,2,11,3,10,3,9,3,9,3,9,3,8,3,7,4,6,4,6,4,4,4,4,5,4,5,3,5,2,5,2,6,1,6,0,6,0,6,-1,6,-1,7,-2,7,-3,7,-3,8,-4,8,-4,8,-4,0,0,9,-5,10,-5,10,-5,10,-5,11,-5,11,-4,11,-4,11,-4,12,-4,12,-3,11,-3,11,-2,11,-2,11,-1,10,-1,10,-1,10,-1,9,0,9,1,8,0,8,1,8,1,7,2,6,2,6,3,5,3,0,0,0,0,0,0,0,0,0,0,0,0,0,0,19,68,20,66,25,60,22,58,23,60,20,50,24,48,21,43,23,38,24,37,22,32,23,28,27,25,27,24,31,23,32,15,33,10,27,7,29,3,31,1,34,0,31,-6,35,-10,36,-13,33,-15,36,-13,40,-20,36,-25,40,-24,42,-27,40,-30,44,-31,47,-31,50,-31,48,-33,55,-35,53,-32,58,-36,59,-28,57,-26,62,-27,61,-22,60,-23,59,-20,54,-12,54,-16,58,-10,55,-12,52,-10,52,-5,50,-1,50,-3,43,3,41,6,40,7,38,9,35,14,0,0,0,0,0,0,0,0,0,0,0,0,0,0,0,0,0,0,0,0,0,0,-17,-51,-13,-54,-12,-54,-5,-54,-2,-52,0,-50,0,-46,2,-46,6,-49,4,-46,2,-46,4,-41,2,-40,4,-38,1,-32,0,-35,-3,-31,0,-29,-3,-24,-5,-22,-10,-21,-12,-20,-14,-21,-18,-14,-22,-15,-22,-11,-22,-11,-28,-15,-30,-14,-34,-11,-31,-6,-38,-2,-41,-4,-42,-1,-47,0,-46,1,-48,7,-52,10,-52,12,-57,14,-56,14,-65,14,-60,15,-63,18,-61,24,-62,19,-65,26,-65,27,-66,27,-69,32,-70,29,-72,33,-76,29,-74,32,-75,32,-76,32,-77,29,0,0]"
CSI_DATA,203,1a:00:00:00:00:00,-44,11,1,0,1,1,1,0,0,0,1,-96,0,11,2,2954742,0,44,0,384,0,"[0,0,0,0,0,0,0,0,0,0,0,0,-12,5,-10,6,-10,6,-9,5,-9,6,-8,5,-7,5,-6,5,-5,5,-5,5,-4,6,-4,5,-3,5,-2,6,-1,6,0,7,0,6,1,7,1,6,2,7,2,7,3,6,3,7,5,7,5,8,5,8,0,0,6,9,6,9,7,10,7,10,6,10,6,10,6,10,6,11,6,11,5,12,4,11,4,11,3,11,3,10,3,11,2,11,2,10,1,10,1,9,1,9,-1,9,-1,8,-1,8,-2,8,-3,7,-3,6,0,0,0,0,0,0,0,0,0,0,0,0,0,0,-65,39,-62,35,-62,37,-54,34,-49,41,-48,37,-48,33,-42,34,-37,30,-32,35,-28,26,-25,29,-20,31,-17,29,-15,33,-9,31,-5,33,-3,34,1,30,7,34,10,33,11,29,17,30,22,31,21,31,24,36,31,33,28,34,35,36,38,35,37,37,40,37,41,41,46,40,44,40,42,49,44,49,44,45,40,54,41,51,41,53,33,52,35,54,35,53,30,51,29,52,24,52,27,53,20,48,15,46,15,46,13,44,10,45,8,45,3,44,-2,40,-5,37,0,0,0,0,0,0,0,0,0,0,0,0,0,0,0,0,0,0,0,0,0,0,50,-25,52,-19,55,-16,56,-13,53,-11,51,-6,47,-9,47,-3,47,0,48,0,40,-2,40,-1,40,-5,40,0,35,-2,29,-4,30,-5,27,-6,24,-10,22,-12,21,-16,20,-16,12,-20,13,-20,15,-21,5,-27,8,-27,2,-33,7,-31,-1,-34,0,-35,-2,-41,-3,-42,-5,-39,-9,-46,-12,-43,-15,-47,-18,-51,-19,-52,-23,-57,-22,-55,-31,-54,-28,-58,-34,-56,-32,-56,-36,-60,-43,-59,-43,-58,-42,-59,-43,-68,-41,-69,-48,-70,-49,-68,-51,-65,-53,-74,-51,-74,-49,-71,0,0]"
CSI_DATA,204,1a:00:00:00:00:00,-44,11,1,0,1,1,1,0,0,0,1,-96,0,11,2,2974811,0,44,0,384,0,"[0,0,0,0,0,0,0,0,0,0,0,0,-4,-12,-5,-11,-5,-10,-5,-10,-5,-9,-4,-9,-5,-7,-5,-7,-5,-7,-5,-5,-5,-6,-6,-4,-6,-4,-6,-3,-6,-2,-6,-2,-7,-1,-7,-1,-7,0,-8,0,-8,1,-8,2,-8,2,-9,2,-9,2,-9,3,0,0,-10,3,-11,3,-11,3,-11,4,-12,3,-12,3,-12,3,-12,3,-13,2,-12,2,-13,1,-12,0,-12,0,-12,-1,-11,-1,-11,-1,-11,-2,-11,-2,-9,-2,-9,-2,-9,-3,-8,-3,-8,-3,-7,-4,-7,-5,-6,-5,0,0,0,0,0,0,0,0,0,0,0,0,0,0,-18,-72,-15,-68,-20,-71,-16,-60,-16,-60,-11,-56,-21,-52,-20,-51,-18,-40,-22,-42,-21,-41,-18,-35,-25,-28,-21,-31,-25,-26,-28,-25,-31,-19,-30,-15,-27,-11,-29,-7,-34,-5,-29,-2,-35,3,-40,3,-38,3,-41,8,-41,7,-44,16,-44,13,-51,24,-49,17,-54,23,-55,19,-57,23,-54,22,-64,18,-65,17,-65,16,-64,13,-63,12,-63,11,-67,7,-64,6,-63,6,-58,3,-60,-2,-59,-3,-56,-3,-51,-7,-51,-10,-46,-15,-49,-13,-42,-13,-41,-16,-38,-20,-33,-22,-30,-22,0,0,0,0,0,0,0,0,0,0,0,0,0,0,0,0,0,0,0,0,0,0,23,51,15,52,10,51,7,59,2,53,2,50,-4,51,-5,49,-3,45,-4,44,-1,42,-1,41,0,36,-1,38,0,32,-3,33,1,33,2,28,6,28,2,19,4,18,8,18,14,15,21,13,16,13,17,7,21,11,25,9,26,6,28,6,34,4,39,5,40,6,41,2,47,0,45,-1,49,-4,49,-6,53,-8,53,-10,54,-13,62,-20,56,-11,61,-21,61,-19,67,-15,69,-19,64,-25,70,-23,73,-25,74,-27,76,-31,79,-24,80,-25,78,-29,80,-26,81,-25,0,0]"
CSI_DATA,205,1a:00:00:00:00:00,-45,11,1,0,1,1,1,0,0,0,1,-96,0,11,2,3005978,0,44,0,384,0,"[0,0,0,0,0,0,0,0,0,0,0,0,8,-9,7,-8,6,-9,6,-8,5,-8,4,-7,3,-8,3,-7,2,-8,1,-7,1,-7,0,-7,0,-7,-1,-6,-1,-6,-3,-7,-3,-6,-4,-6,-4,-6,-5,-6,-5,-6,-6,-6,-6,-6,-7,-6,-8,-7,-8,-6,0,0,-9,-7,-9,-8,-9,-7,-10,-8,-9,-8,-9,-8,-9,-9,-9,-9,-9,-9,-9,-10,-8,-10,-7,-10,-7,-10,-6,-9,-6,-10,-6,-10,-5,-9,-5,-9,-4,-9,-4,-9,-3,-9,-3,-8,-2,-8,-1,-8,0,-8,0,-7,0,0,0,0,0,0,0,0,0,0,0,0,0,0,60,-44,66,-44,52,-44,52,-40,47,-45,43,-38,38,-35,36,-39,39,-33,29,-37,24,-39,20,-34,20,-39,15,-37,11,-30,4,-35,4,-35,0,-30,-1,-30,-8,-31,-14,-35,-14,-35,-17,-28,-21,-34,-23,-31,-28,-33,-36,-33,-35,-33,-36,-34,-41,-35,-39,-36,-44,-40,-44,-42,-47,-39,-47,-43,-46,-45,-46,-49,-48,-46,-43,-52,-43,-53,-41,-51,-41,-55,-33,-57,-35,-56,-32,-56,-33,-57,-27,-54,-22,-55,-23,-50,-19,-47,-17,-49,-16,-43,-11,-45,-6,-46,-2,-45,0,-42,3,-41,0,0,0,0,0,0,0,0,0,0,0,0,0,0,0,0,0,0,0,0,0,0,-46,32,-47,29,-52,28,-52,26,-52,17,-50,16,-45,11,-46,12,-46,12,-48,9,-43,11,-39,10,-41,9,-41,5,-33,5,-35,7,-25,13,-27,10,-22,13,-20,11,-21,12,-19,18,-17,18,-14,16,-10,21,-3,21,-3,29,0,29,-1,28,6,33,6,39,6,38,10,37,13,38,14,43,21,43,19,46,23,44,22,46,29,49,28,50,41,55,32,49,38,54,38,47,45,50,48,54,47,52,49,60,51,64,51,59,53,60,52,64,53,63,56,67,55,63,51,69,0,0]"
CSI_DATA,206,1a:00:00:00:00:00,-44,11,1,0,1,1,1,0,0,0,1,-96,0,11,2,3014846,0,44,0,384,0,"[0,0,0,0,0,0,0,0,0,0,0,0,-3,-12,-3,-11,-4,-10,-3,-11,-4,-9,-4,-9,-4,-8,-4,-7,-5,-7,-5,-6,-5,-6,-6,-5,-5,-4,-6,-3,-6,-3,-7,-3,-7,-2,-7,-1,-7,-1,-8,0,-8,0,-8,1,-8,1,-9,2,-10,2,-10,2,0,0,-11,3,-12,3,-12,3,-12,3,-12,2,-12,2,-12,2,-13,2,-13,1,-13,1,-13,0,-12,-1,-12,-1,-12,-1,-11,-2,-11,-2,-11,-2,-11,-2,-10,-3,-9,-3,-9,-3,-8,-4,-8,-4,-7,-4,-6,-5,-5,-5,0,0,0,0,0,0,0,0,0,0,0,0,0,0,0,-77,3,-76,-1,-71,0,-62,-8,-63,-3,-59,-6,-59,-8,-54,-10,-50,-7,-44,-15,-42,-14,-38,-17,-37,-21,-39,-18,-30,-24,-25,-27,-26,-24,-21,-27,-18,-32,-13,-33,-11,-34,-9,-32,-4,-38,-4,-40,-6,-45,-3,-45,0,-50,9,-52,7,-54,15,-51,10,-55,16,-56,10,-62,10,-62,17,-65,8,-67,3,-66,6,-68,3,-65,2,-65,1,-69,-1,-63,-3,-64,-9,-59,-9,-59,-8,-56,-14,-55,-11,-48,-13,-50,-17,-49,-19,-45,-16,-43,-17,-39,-21,-34,-25,-35,-23,-28,-25,0,0,0,0,0,0,0,0,0,0,0,0,0,0,0,0,0,0,0,0,0,0,-1,59,-6,54,-13,53,-16,57,-21,56,-20,48,-17,47,-20,40,-24,42,-23,39,-21,39,-17,33,-19,36,-19,36,-21,25,-15,31,-9,27,-7,20,-6,24,-7,23,-1,20,-1,22,9,23,10,21,14,18,15,14,21,17,20,17,25,17,28,16,26,15,32,16,34,13,37,13,40,19,46,13,45,13,54,12,51,5,53,12,58,8,57,3,64,9,62,3,62,-2,73,-1,71,3,73,-5,72,-4,81,-1,85,-4,82,-5,86,-5,81,-5,86,-2,80,-6,83,2,0,0]"
CSI_DATA,207,1a:00:00:00:00:00,-44,11,1,0,1,1,1,0,0,0,1,-96,0,11,2,3044735,0,44,0,384,0,"[0,0,0,0,0,0,0,0,0,0,0,0,-11,-3,-11,-3,-10,-2,-10,-2,-10,-2,-9,-1,-9,0,-8,0,-7,0,-7,1,-7,1,-6,2,-6,2,-5,3,-5,3,-5,4,-4,4,-4,5,-4,5,-4,6,-3,6,-3,6,-3,7,-3,8,-3,8,-2,8,0,0,-2,9,-3,10,-3,10,-3,11,-3,10,-4,11,-4,11,-4,11,-5,11,-5,10,-6,10,-6,9,-6,9,-6,8,-7,8,-7,8,-7,7,-7,7,-7,6,-6,5,-7,5,-6,4,-7,4,-7,3,-7,2,-7,1,0,0,0,0,0,0,0,0,0,0,0,0,0,0,-73,-15,-76,-11,-75,-4,-67,-12,-65,-5,-58,-6,-56,1,-57,1,-50,-1,-42,4,-44,7,-38,9,-42,14,-37,14,-30,13,-30,21,-28,23,-22,24,-23,28,-20,26,-18,31,-17,30,-7,34,-12,35,-9,39,-3,39,0,47,-2,48,-1,47,3,56,-1,52,0,58,-1,58,4,65,4,63,-4,65,-2,65,-3,62,-15,70,-8,63,-9,68,-12,67,-11,66,-16,63,-18,55,-18,58,-19,58,-25,51,-23,49,-28,42,-27,43,-27,42,-28,41,-29,35,-30,32,-31,25,-33,20,0,0,0,0,0,0,0,0,0,0,0,0,0,0,0,0,0,0,0,0,0,0,55,-3,58,9,53,7,56,11,54,15,52,18,47,19,43,22,43,19,41,18,39,23,36,20,34,16,35,18,30,17,27,11,24,9,24,10,23,3,23,0,25,-6,22,-4,16,-6,24,-12,22,-14,14,-19,17,-20,17,-23,18,-21,19,-30,14,-28,18,-40,18,-36,15,-38,20,-45,11,-43,16,-51,11,-54,14,-55,10,-56,11,-59,2,-60,11,-65,9,-67,5,-66,2,-64,6,-70,-1,-74,3,-75,0,-81,2,-81,0,-80,4,-81,5,-84,2,-91,2,-84,6,-86,0,0]"
CSI_DATA,208,1a:00:00:00:00:00,-44,11,1,0,1,1,1,0,0,0,1,-96,0,11,2,3054963,0,44,0,384,0,"[0,0,0,0,0,0,0,0,0,0,0,0,8,7,8,7,7,6,8,6,7,5,7,4,7,4,6,3,6,2,6,1,6,1,6,0,6,0,5,-1,5,-2,5,-3,5,-3,5,-3,5,-5,5,-5,5,-5,5,-6,5,-6,5,-7,5,-8,6,-8,0,0,6,-9,6,-9,7,-10,6,-10,7,-9,8,-10,8,-9,8,-9,8,-9,8,-8,9,-8,9,-7,9,-7,9,-7,9,-6,9,-6,8,-5,8,-5,8,-4,8,-4,8,-3,8,-3,7,-2,7,-1,7,0,6,0,0,0,0,0,0,0,0,0,0,0,0,0,0,0,42,62,42,61,44,60,39,49,42,53,35,45,36,41,37,41,36,34,33,35,32,25,30,24,35,18,32,14,34,13,32,12,37,3,33,1,34,-4,34,-5,34,-13,32,-11,28,-16,37,-20,29,-18,35,-25,35,-29,34,-27,35,-36,39,-37,35,-38,44,-42,40,-40,44,-46,39,-44,48,-47,45,-41,46,-45,49,-40,54,-41,53,-41,56,-33,58,-34,56,-35,59,-30,54,-25,53,-19,51,-23,53,-19,46,-18,49,-17,43,-14,47,-9,43,-4,41,0,38,5,34,7,0,0,0,0,0,0,0,0,0,0,0,0,0,0,0,0,0,0,0,0,0,0,-37,-45,-29,-49,-25,-50,-22,-53,-21,-50,-15,-51,-15,-48,-13,-47,-10,-47,-8,-44,-6,-43,-6,-43,-6,-37,-10,-38,-6,-33,-7,-30,-12,-30,-8,-24,-12,-23,-18,-21,-17,-16,-19,-16,-17,-13,-20,-10,-20,-10,-26,-4,-28,-7,-31,-1,-27,0,-35,6,-36,7,-41,12,-39,10,-42,14,-43,14,-46,19,-42,18,-49,21,-51,26,-55,27,-54,30,-46,35,-55,35,-51,39,-54,43,-51,41,-57,45,-53,49,-60,49,-58,48,-63,53,-66,55,-67,55,-62,52,-69,57,-67,57,-72,54,0,0]"
CSI_DATA,209,1a:00:00:00:00:00,-44,11,1,0,1,1,1,0,0,0,1,-96,0,11,2,3064789,0,44,0,384,0,"[0,0,0,0,0,0,0,0,0,0,0,0,-2,-12,-3,-12,-3,-10,-3,-10,-3,-9,-3,-9,-4,-8,-4,-7,-4,-7,-4,-6,-5,-6,-6,-5,-6,-4,-6,-3,-6,-4,-6,-3,-6,-2,-7,-2,-7,-1,-8,-1,-8,0,-8,1,-8,1,-9,1,-10,2,-10,2,0,0,-11,2,-11,2,-12,3,-11,3,-12,2,-12,2,-12,2,-12,1,-13,1,-12,1,-12,0,-12,0,-12,-1,-11,-1,-11,-2,-11,-2,-10,-2,-10,-2,-9,-3,-9,-3,-9,-4,-8,-4,-7,-4,-7,-4,-7,-5,-5,-5,0,0,0,0,0,0,0,0,0,0,0,0,0,0,4,-79,9,-74,-1,-74,-4,-68,-2,-63,-3,-59,-6,-53,-2,-57,-10,-49,-11,-46,-11,-42,-16,-44,-18,-41,-18,-34,-21,-32,-26,-31,-27,-26,-30,-22,-26,-15,-31,-16,-35,-12,-36,-8,-35,-3,-41,-7,-37,-1,-44,0,-45,3,-46,4,-50,6,-56,8,-50,6,-63,7,-55,12,-62,10,-62,11,-62,7,-66,7,-68,7,-66,1,-71,-3,-64,-3,-68,-4,-65,-6,-64,-10,-63,-7,-65,-13,-63,-14,-57,-16,-52,-18,-52,-18,-50,-14,-46,-21,-44,-17,-37,-19,-33,-25,-33,-28,-24,-29,0,0,0,0,0,0,0,0,0,0,0,0,0,0,0,0,0,0,0,0,0,0,-6,54,-7,53,-12,54,-20,54,-20,51,-18,47,-22,44,-19,43,-23,39,-25,37,-24,35,-20,35,-21,35,-19,35,-19,29,-12,25,-9,31,-13,23,-5,24,-7,22,-3,23,2,22,6,22,8,20,13,19,15,20,15,19,22,18,22,16,32,19,27,22,37,15,38,13,40,16,43,13,46,15,45,14,51,11,49,9,57,8,60,10,60,0,61,3,66,4,64,0,69,-7,71,0,69,-5,77,-6,76,-1,82,-4,83,-3,92,-1,81,0,83,-2,89,-6,81,-4,0,0]"
CSI_DATA,210,1a:00:00:00:00:00,-44,11,1,0,1,1,1,0,0,0,1,-96,0,11,2,3085612,0,44,0,384,0,"[0,0,0,0,0,0,0,0,0,0,0,0,-2,-12,-3,-11,-3,-10,-3,-10,-3,-9,-3,-9,-4,-8,-4,-7,-4,-7,-4,-6,-5,-6,-5,-5,-5,-5,-6,-4,-6,-3,-6,-3,-7,-2,-7,-2,-7,-1,-8,-1,-8,-1,-8,0,-8,0,-9,1,-10,1,-10,1,0,0,-11,2,-11,1,-12,1,-12,2,-12,1,-13,0,-12,1,-12,0,-13,0,-12,-1,-12,-1,-12,-2,-11,-2,-11,-2,-11,-3,-11,-3,-10,-3,-10,-4,-9,-4,-8,-4,-8,-5,-7,-4,-7,-4,-6,-5,-6,-6,-5,-5,0,0,0,0,0,0,0,0,0,0,0,0,0,0,5,-80,4,-69,0,-67,-2,-65,-2,-59,-4,-62,-6,-50,-8,-53,-7,-43,-4,-47,-11,-43,-14,-40,-13,-35,-20,-31,-18,-32,-24,-28,-28,-25,-23,-20,-28,-19,-30,-20,-36,-13,-32,-11,-37,-7,-37,-4,-38,-2,-44,3,-43,-4,-47,6,-53,3,-52,4,-52,1,-59,5,-54,3,-61,6,-62,7,-63,1,-63,3,-63,1,-66,-2,-66,-5,-59,-8,-63,-6,-61,-13,-65,-12,-56,-14,-58,-13,-59,-16,-52,-15,-53,-18,-48,-20,-44,-20,-41,-21,-42,-21,-32,-22,-30,-29,-28,-34,-22,-29,0,0,0,0,0,0,0,0,0,0,0,0,0,0,0,0,0,0,0,0,0,0,0,56,-4,58,-6,50,-9,51,-12,50,-15,49,-18,45,-19,45,-20,45,-23,42,-20,40,-17,36,-15,31,-16,28,-16,27,-9,28,-7,27,-6,26,-4,23,2,22,1,19,4,21,4,19,12,19,11,17,14,12,18,15,21,17,22,12,32,16,30,14,36,18,37,14,39,11,41,12,42,11,45,9,52,9,53,8,60,7,58,2,58,3,66,4,64,2,64,1,70,-5,67,-6,72,-6,77,-7,73,0,76,-3,80,-4,89,-1,79,0,85,-3,81,-5,81,-1,0,0]"
CSI_DATA,211,1a:00:00:00:00:00,-44,11,1,0,1,1,1,0,0,0,1,-96,0,11,2,3094909,0,44,0,384,0,"[0,0,0,0,0,0,0,0,0,0,0,0,-5,-12,-5,-11,-5,-10,-5,-10,-4,-9,-5,-9,-5,-8,-5,-7,-5,-6,-5,-5,-6,-5,-6,-4,-6,-3,-6,-3,-7,-2,-7,-1,-7,-1,-7,-1,-7,0,-8,1,-7,1,-8,2,-8,2,-8,3,-9,3,-9,4,0,0,-10,4,-11,4,-11,5,-11,5,-11,4,-11,4,-12,5,-11,4,-12,4,-12,3,-12,2,-12,1,-12,1,-12,1,-11,1,-11,0,-10,0,-10,0,-10,-1,-9,-1,-9,-1,-9,-2,-8,-2,-8,-3,-7,-3,-6,-4,0,0,0,0,0,0,0,0,0,0,0,0,0,0,-13,-72,-12,-71,-15,-72,-19,-66,-15,-59,-12,-56,-14,-48,-17,-47,-21,-45,-18,-44,-22,-39,-22,-34,-25,-33,-23,-27,-26,-24,-29,-20,-32,-20,-31,-13,-31,-10,-34,-5,-37,-2,-34,-5,-35,3,-39,3,-35,6,-40,12,-39,13,-45,15,-45,14,-48,18,-52,17,-54,19,-51,18,-59,23,-51,20,-58,24,-60,20,-60,22,-63,18,-62,17,-60,16,-64,13,-67,8,-63,8,-57,2,-62,3,-58,1,-52,0,-55,-2,-52,-7,-53,-8,-47,-7,-44,-6,-38,-15,-40,-16,-37,-19,-33,-20,0,0,0,0,0,0,0,0,0,0,0,0,0,0,0,0,0,0,0,0,0,0,9,58,2,56,0,52,-5,57,-6,50,-9,49,-10,47,-13,47,-12,46,-10,39,-13,41,-14,41,-9,38,-12,33,-12,33,-8,29,-3,28,-3,25,-2,23,3,21,5,19,4,20,9,13,14,14,15,12,20,19,20,15,23,16,28,12,32,9,34,9,41,5,37,6,41,4,45,3,44,2,47,0,53,0,51,1,56,-5,59,-2,59,-5,62,-10,64,-12,64,-9,69,-21,65,-17,68,-22,68,-23,74,-17,73,-21,77,-22,81,-23,75,-21,85,-21,83,-20,78,-21,0,0]"
CSI_DATA,212,1a:00:00:00:00:00,-44,11,1,0,1,1,1,0,0,0,1,-96,0,11,2,3106396,0,44,0,384,0,"[0,0,0,0,0,0,0,0,0,0,0,0,-12,-2,-11,-2,-11,-1,-11,-1,-10,-1,-9,-1,-9,0,-8,1,-8,1,-7,2,-7,2,-6,3,-6,3,-5,4,-5,4,-4,5,-4,5,-4,5,-3,6,-3,6,-2,7,-2,7,-2,7,-2,8,-1,9,-1,9,0,0,-1,10,-1,10,-1,11,-1,11,-2,11,-2,11,-1,12,-2,11,-2,11,-3,11,-4,11,-4,10,-4,10,-4,10,-4,9,-5,9,-5,9,-5,8,-5,8,-5,7,-6,6,-5,6,-6,5,-6,5,-6,4,-6,3,0,0,0,0,0,0,0,0,0,0,0,0,0,0,-71,-25,-70,-26,-69,-19,-60,-19,-58,-18,-55,-15,-57,-9,-55,-9,-50,-6,-46,-3,-45,0,-41,6,-40,9,-38,8,-36,14,-25,15,-32,18,-29,20,-28,25,-22,27,-21,32,-18,25,-14,33,-15,36,-16,37,-15,44,-7,43,-4,42,-4,51,-5,53,-3,56,-4,56,-7,57,-5,63,-5,61,-10,63,-10,59,-8,64,-14,62,-13,64,-16,62,-20,61,-21,59,-21,61,-25,55,-24,55,-30,56,-28,50,-28,41,-28,43,-30,42,-27,35,-30,32,-29,31,-34,29,-33,26,-33,15,0,0,0,0,0,0,0,0,0,0,0,0,0,0,0,0,0,0,0,0,0,0,51,20,49,24,48,28,46,30,41,33,37,33,34,33,31,32,34,32,32,34,31,29,25,28,27,27,26,23,26,25,19,21,24,18,18,18,20,13,25,8,20,8,20,2,18,1,22,-5,21,-10,21,-14,22,-16,22,-17,23,-20,27,-28,24,-22,26,-30,24,-30,26,-34,21,-40,25,-39,22,-43,24,-46,23,-47,21,-56,24,-56,18,-58,21,-57,18,-62,20,-62,22,-63,20,-64,18,-68,20,-75,19,-77,18,-78,16,-75,20,-79,16,-76,17,-88,19,-83,18,-82,0,0]"
CSI_DATA,213,1a:00:00:00:00:00,-44,11,1,0,1,1,1,0,0,0,1,-96,0,11,2,3115179,0,44,0,384,0,"[0,0,0,0,0,0,0,0,0,0,0,0,10,-4,9,-4,9,-5,9,-4,8,-5,7,-4,6,-5,5,-5,5,-5,4,-5,4,-6,3,-6,3,-6,2,-6,2,-6,1,-7,0,-7,0,-7,-1,-7,-2,-7,-2,-8,-3,-8,-3,-8,-3,-9,-4,-9,-4,-9,0,0,-5,-10,-5,-10,-5,-11,-6,-11,-5,-11,-4,-11,-5,-12,-4,-12,-4,-12,-3,-12,-3,-12,-2,-12,-2,-11,-1,-11,-1,-11,-1,-10,0,-11,0,-10,0,-9,0,-9,1,-9,1,-8,2,-8,2,-7,3,-6,3,-6,0,0,0,0,0,0,0,0,0,0,0,0,0,0,76,-17,68,-16,67,-20,60,-18,58,-18,53,-22,52,-17,49,-20,44,-18,39,-19,38,-26,33,-24,29,-25,28,-26,25,-27,19,-29,22,-32,15,-31,15,-31,9,-31,2,-35,0,-34,-3,-34,-2,-41,-10,-40,-9,-39,-12,-43,-16,-42,-20,-47,-24,-48,-20,-47,-20,-57,-18,-54,-22,-59,-24,-59,-22,-62,-21,-66,-18,-63,-12,-66,-13,-65,-12,-63,-14,-66,-10,-65,-8,-60,-6,-62,0,-59,0,-57,1,-56,2,-49,8,-54,11,-50,11,-48,12,-44,14,-42,21,-38,19,-33,20,-31,0,0,0,0,0,0,0,0,0,0,0,0,0,0,0,0,0,0,0,0,0,0,-55,20,-55,10,-54,11,-54,1,-53,1,-48,-2,-48,-2,-50,-4,-48,-5,-46,-4,-46,-7,-37,-4,-39,-4,-39,-3,-37,-5,-27,-4,-30,-3,-24,0,-25,0,-24,1,-21,2,-21,11,-17,13,-15,16,-16,17,-13,23,-10,26,-10,28,-11,26,-7,33,-4,31,-4,40,-6,39,-1,42,-4,48,0,49,2,45,3,48,6,51,9,59,9,58,12,62,14,64,17,61,17,60,26,68,26,67,25,66,22,73,26,73,22,74,27,73,23,77,28,69,21,83,26,74,19,79,0,0]"
CSI_DATA,214,1a:00:00:00:00:00,-44,11,1,0,1,1,1,0,0,0,1,-96,0,11,2,3124782,0,44,0,384,0,"[0,0,0,0,0,0,0,0,0,0,0,0,-12,3,-11,3,-10,3,-10,3,-9,3,-8,3,-8,4,-7,4,-6,4,-6,4,-5,4,-4,5,-4,5,-4,5,-3,5,-2,6,-1,6,-1,6,-1,6,0,6,0,7,1,7,1,7,2,8,2,9,3,9,0,0,2,9,3,10,3,10,3,11,2,11,2,11,2,11,2,11,2,12,1,11,0,11,0,11,-1,11,-1,10,-1,10,-2,10,-2,10,-2,9,-2,9,-3,8,-3,8,-3,7,-4,7,-4,6,-5,5,-5,4,0,0,0,0,0,0,0,0,0,0,0,0,0,0,-77,17,-73,14,-66,18,-63,21,-62,19,-60,13,-51,20,-50,19,-49,17,-45,16,-39,21,-34,20,-32,24,-28,21,-28,21,-17,29,-19,30,-16,30,-11,28,-6,30,-4,36,-7,36,1,39,3,35,6,34,8,40,5,43,18,44,14,45,19,48,15,51,19,54,17,52,19,54,18,56,15,62,21,61,18,59,12,62,11,60,14,63,5,61,5,61,5,61,3,59,0,56,-4,57,-3,59,-4,51,-8,45,-11,49,-6,46,-9,41,-16,40,-17,36,-23,33,-21,30,0,0,0,0,0,0,0,0,0,0,0,0,0,0,0,0,0,0,0,0,0,0,52,-15,52,-8,51,-3,53,-3,52,0,47,5,47,5,44,7,47,6,45,7,43,6,40,7,38,3,34,5,29,6,28,5,26,2,23,-2,26,-2,23,-6,22,-9,20,-10,15,-11,18,-17,17,-17,10,-21,10,-20,11,-29,10,-28,11,-35,7,-31,5,-41,2,-41,-1,-39,-2,-44,0,-47,-3,-48,-4,-54,-6,-55,-9,-58,-8,-62,-9,-59,-13,-65,-15,-65,-20,-63,-18,-68,-19,-64,-27,-70,-22,-67,-27,-77,-26,-75,-26,-76,-22,-84,-25,-75,-24,-85,-25,-84,-23,-83,0,0]"
CSI_DATA,215,1a:00:00:00:00:00,-44,11,1,0,1,1,1,0,0,0,1,-96,0,11,2,3134774,0,44,0,384,0,"[0,0,0,0,0,0,0,0,0,0,0,0,8,-9,7,-8,6,-8,6,-8,5,-7,4,-8,3,-8,3,-7,2,-7,1,-6,1,-7,1,-7,0,-7,0,-7,-2,-7,-2,-7,-3,-7,-3,-6,-4,-6,-5,-6,-5,-6,-6,-7,-6,-7,-7,-7,-7,-7,-8,-7,0,0,-8,-8,-8,-8,-9,-9,-9,-8,-9,-9,-9,-9,-9,-9,-8,-9,-8,-10,-7,-10,-7,-10,-6,-10,-6,-10,-6,-11,-5,-10,-5,-11,-4,-9,-4,-10,-4,-9,-3,-9,-3,-9,-2,-9,-1,-8,-1,-8,0,-8,1,-7,0,0,0,0,0,0,0,0,0,0,0,0,0,0,64,-40,64,-33,56,-42,51,-36,55,-34,47,-33,43,-33,40,-33,37,-33,32,-32,29,-34,24,-34,22,-32,15,-33,16,-33,11,-34,9,-36,8,-35,3,-32,-5,-36,-10,-33,-9,-34,-12,-33,-13,-34,-19,-35,-17,-39,-20,-39,-27,-41,-28,-45,-36,-44,-30,-42,-34,-44,-33,-47,-40,-47,-39,-49,-36,-54,-37,-58,-35,-56,-32,-60,-32,-59,-25,-60,-29,-58,-25,-60,-23,-60,-18,-58,-13,-62,-12,-57,-11,-61,-9,-49,-4,-57,-6,-49,-4,-47,-2,-47,5,-45,9,-46,8,-37,13,-37,0,0,0,0,0,0,0,0,0,0,0,0,0,0,0,0,0,0,0,0,0,0,-46,33,-47,26,-51,24,-47,19,-51,19,-46,11,-49,11,-46,12,-45,7,-44,5,-40,5,-35,4,-35,5,-38,6,-30,8,-33,7,-25,5,-27,6,-18,9,-19,7,-17,10,-11,16,-11,17,-10,17,-6,19,-2,24,-2,25,1,29,1,33,6,31,8,31,7,36,6,38,12,39,16,42,17,45,18,43,17,46,23,45,30,50,26,50,33,52,33,51,34,58,35,53,45,51,39,54,42,55,40,58,48,65,47,67,49,61,49,66,48,70,49,67,44,70,47,69,0,0]"
CSI_DATA,216,1a:00:00:00:00:00,-44,11,1,0,1,1,1,0,0,0,1,-96,0,11,2,3154923,0,44,0,384,0,"[0,0,0,0,0,0,0,0,0,0,0,0,-11,-4,-11,-3,-10,-3,-10,-3,-10,-2,-9,-2,-8,-1,-8,-1,-8,0,-7,0,-7,0,-7,2,-7,2,-6,3,-5,3,-5,4,-5,4,-5,4,-4,5,-4,6,-4,6,-4,7,-4,7,-3,7,-4,8,-3,8,0,0,-3,10,-4,10,-4,11,-4,11,-4,10,-5,11,-5,11,-5,11,-6,10,-6,10,-6,10,-7,9,-7,9,-7,9,-7,7,-8,7,-7,7,-7,6,-7,6,-7,5,-8,5,-7,4,-7,4,-7,3,-7,2,-7,1,0,0,0,0,0,0,0,0,0,0,0,0,0,0,-65,-38,-64,-36,-60,-34,-59,-29,-55,-25,-52,-25,-53,-20,-52,-20,-47,-14,-40,-11,-44,-8,-41,-3,-40,-3,-39,-3,-34,4,-35,6,-36,10,-34,10,-32,19,-30,17,-28,24,-25,25,-21,30,-23,32,-24,33,-22,40,-20,40,-23,45,-23,44,-21,49,-24,48,-24,52,-24,52,-26,58,-22,57,-27,55,-29,62,-26,60,-30,62,-39,58,-35,54,-41,52,-39,50,-41,52,-39,45,-44,43,-41,42,-43,40,-39,33,-41,35,-39,30,-39,28,-40,26,-39,19,-40,15,-42,10,-39,7,0,0,0,0,0,0,0,0,0,0,0,0,0,0,0,0,0,0,0,0,0,0,47,26,46,31,43,30,37,34,38,38,32,37,30,37,27,37,30,36,25,34,22,37,21,33,18,29,20,29,18,27,19,24,20,17,18,18,19,10,19,10,17,4,20,2,18,5,22,-4,23,-6,23,-12,24,-9,24,-16,27,-17,27,-18,24,-20,31,-27,28,-31,32,-29,30,-33,31,-38,31,-37,32,-41,34,-43,35,-47,33,-49,32,-54,32,-52,34,-57,32,-57,28,-56,29,-63,25,-68,28,-72,35,-70,36,-72,33,-76,39,-74,36,-74,43,-78,38,-74,36,-82,0,0]"
CSI_DATA,217,1a:00:00:00:00:00,-44,11,1,0,1,1,1,0,0,0,1,-96,0,11,2,3164783,0,44,0,384,0,"[0,0,0,0,0,0,0,0,0,0,0,0,-4,11,-3,10,-2,10,-2,9,-2,9,-1,8,0,8,0,7,0,7,1,6,1,6,2,6,2,5,3,5,3,4,4,4,5,3,5,3,6,3,6,2,7,2,7,2,7,2,8,1,9,1,9,1,0,0,10,0,10,1,11,1,11,1,11,2,11,2,11,2,11,2,11,2,11,3,11,4,10,4,9,4,9,4,9,4,9,4,8,4,8,4,7,4,7,4,6,5,6,5,5,5,4,5,4,5,3,5,0,0,0,0,0,0,0,0,0,0,0,0,0,0,-30,65,-27,71,-18,62,-14,65,-14,65,-13,55,-9,53,-9,48,-5,53,0,44,3,39,7,40,4,40,9,35,11,36,14,27,19,28,21,26,20,25,28,24,31,17,30,18,31,14,35,17,38,9,39,12,47,11,48,6,52,7,55,8,55,3,55,4,55,9,63,10,64,3,61,10,66,7,63,8,65,15,67,13,63,16,61,22,62,25,60,22,52,21,56,26,50,24,47,28,44,26,42,24,43,27,39,27,35,29,30,29,26,32,23,32,18,34,0,0,0,0,0,0,0,0,0,0,0,0,0,0,0,0,0,0,0,0,0,0,20,-52,26,-47,30,-47,29,-42,36,-40,33,-37,33,-35,30,-32,33,-34,33,-28,30,-26,28,-29,28,-27,27,-25,23,-23,19,-25,17,-19,17,-25,13,-19,8,-20,8,-20,4,-24,0,-21,-3,-18,-8,-20,-17,-23,-12,-27,-17,-24,-19,-23,-26,-20,-26,-28,-27,-23,-29,-29,-34,-24,-38,-23,-44,-24,-47,-28,-46,-26,-47,-27,-54,-27,-51,-23,-59,-27,-56,-21,-66,-20,-61,-17,-65,-19,-68,-16,-72,-17,-75,-18,-78,-19,-78,-20,-82,-19,-80,-24,-82,-21,-86,-26,-81,-25,-81,-21,0,0]"
CSI_DATA,218,1a:00:00:00:00:00,-44,11,1,0,1,1,1,0,0,0,1,-96,0,11,2,3175359,0,44,0,384,0,"[0,0,0,0,0,0,0,0,0,0,0,0,-9,-9,-9,-8,-9,-7,-9,-7,-8,-7,-8,-6,-8,-4,-7,-4,-7,-3,-7,-3,-8,-3,-7,-1,-7,-1,-7,0,-7,0,-7,1,-7,2,-7,2,-7,3,-7,4,-7,4,-7,5,-7,5,-7,6,-7,6,-7,6,0,0,-8,7,-9,8,-9,8,-9,8,-9,8,-10,8,-10,7,-10,7,-11,7,-11,7,-11,6,-11,5,-11,5,-11,4,-11,4,-10,3,-10,3,-10,3,-10,2,-9,2,-9,1,-9,1,-9,0,-8,-1,-8,-2,-7,-2,0,0,0,0,0,0,0,0,0,0,0,0,0,0,-46,-61,-49,-57,-48,-51,-43,-47,-48,-46,-41,-42,-40,-36,-39,-35,-37,-31,-37,-24,-40,-19,-34,-19,-38,-17,-34,-11,-35,-9,-33,-6,-37,-2,-35,-1,-35,4,-35,7,-33,12,-32,16,-31,19,-30,21,-33,21,-34,27,-35,31,-35,31,-30,34,-36,41,-40,37,-42,42,-38,40,-41,48,-44,48,-49,42,-47,45,-52,46,-52,43,-49,46,-53,41,-52,35,-57,34,-54,33,-53,28,-51,31,-53,25,-52,21,-49,21,-46,18,-47,13,-47,12,-43,10,-44,6,-43,3,-39,-1,-37,-6,0,0,0,0,0,0,0,0,0,0,0,0,0,0,0,0,0,0,0,0,0,0,37,39,31,43,27,41,24,49,17,48,15,46,11,44,11,46,11,47,9,39,12,41,8,36,9,33,9,35,6,27,8,26,16,23,10,18,12,19,12,14,15,12,16,10,18,8,20,5,21,5,24,0,27,0,30,-6,28,-5,35,-11,34,-16,36,-11,37,-19,37,-16,43,-19,42,-23,46,-21,45,-28,46,-30,47,-32,48,-32,48,-38,49,-40,51,-42,50,-45,45,-45,53,-47,51,-51,50,-51,50,-53,56,-52,57,-58,66,-53,58,-56,59,-61,59,-58,68,-57,0,0]"
CSI_DATA,219,1a:00:00:00:00:00,-44,11,1,0,1,1,1,0,0,0,1,-96,0,11,2,3195677,0,44,0,384,0,"[0,0,0,0,0,0,0,0,0,0,0,0,8,7,8,6,8,5,8,6,7,4,7,4,7,3,7,3,6,2,6,1,6,0,6,0,6,-1,6,-2,6,-2,6,-3,5,-4,6,-4,5,-4,5,-5,5,-5,5,-6,5,-6,5,-8,5,-8,5,-8,0,0,6,-10,6,-10,7,-10,6,-10,7,-10,7,-10,8,-10,8,-10,8,-9,8,-9,9,-9,8,-8,9,-8,9,-7,9,-6,9,-6,8,-6,8,-5,8,-5,7,-4,8,-4,8,-3,7,-3,7,-2,7,-1,6,-1,0,0,0,0,0,0,0,0,0,0,0,0,0,0,46,58,42,56,50,50,39,52,37,46,36,45,36,40,42,38,37,33,35,26,34,24,33,20,33,18,36,13,34,11,34,4,38,2,34,0,35,-3,32,-5,35,-11,32,-13,30,-19,34,-21,34,-24,35,-30,36,-30,34,-35,34,-37,36,-43,39,-38,38,-46,43,-41,48,-46,35,-48,49,-47,48,-47,50,-47,51,-44,54,-44,50,-38,55,-36,55,-31,56,-36,53,-28,55,-29,55,-24,51,-21,49,-21,49,-15,50,-14,45,-12,46,-10,44,-4,39,-2,43,2,39,7,0,0,0,0,0,0,0,0,0,0,0,0,0,0,0,0,0,0,0,0,0,0,-31,-43,-27,-49,-22,-50,-21,-51,-16,-51,-11,-48,-14,-46,-13,-46,-10,-45,-8,-42,-6,-45,-6,-40,-12,-34,-9,-33,-3,-26,-4,-30,-9,-28,-10,-21,-13,-19,-13,-16,-15,-14,-18,-13,-18,-10,-21,-11,-24,-8,-23,1,-27,-3,-30,-2,-36,3,-36,6,-34,5,-42,10,-41,10,-41,15,-44,14,-42,20,-47,22,-47,23,-46,29,-49,32,-50,29,-54,32,-53,32,-58,38,-54,39,-52,38,-53,45,-54,47,-58,50,-58,48,-59,54,-63,56,-65,52,-62,48,-69,58,-68,56,-65,51,0,0]"
CSI_DATA,220,1a:00:00:00:00:00,-44,11,1,0,1,1,1,0,0,0,1,-96,0,11,2,3204770,0,44,0,384,0,"[0,0,0,0,0,0,0,0,0,0,0,0,10,6,10,5,9,3,9,4,8,3,8,3,7,2,7,1,7,1,6,0,6,0,6,-1,6,-2,5,-2,5,-3,5,-4,5,-5,5,-5,5,-6,5,-6,4,-6,4,-7,4,-7,4,-8,5,-8,4,-9,0,0,4,-10,5,-10,5,-11,5,-11,6,-11,6,-11,6,-11,6,-10,7,-11,7,-10,8,-10,8,-9,8,-8,8,-8,8,-7,8,-7,7,-6,8,-6,8,-6,7,-5,7,-4,7,-4,7,-3,7,-3,7,-1,6,-1,0,0,0,0,0,0,0,0,0,0,0,0,0,0,63,42,54,42,62,35,55,30,49,31,50,31,42,22,49,21,44,15,44,18,41,7,41,8,40,5,36,-1,35,0,37,-2,36,-7,35,-11,28,-15,29,-19,31,-20,30,-22,28,-28,25,-29,24,-29,24,-35,25,-37,23,-44,22,-40,25,-46,23,-45,25,-49,26,-49,29,-57,25,-54,35,-57,35,-61,27,-59,39,-55,36,-50,38,-49,42,-52,43,-48,44,-46,41,-42,45,-39,44,-40,45,-36,46,-29,42,-29,42,-26,44,-22,36,-19,39,-14,39,-10,38,-9,36,-3,0,0,0,0,0,0,0,0,0,0,0,0,0,0,0,0,0,0,0,0,0,0,-49,-25,-45,-30,-41,-29,-39,-37,-33,-34,-32,-37,-34,-34,-30,-36,-29,-37,-25,-33,-23,-37,-23,-31,-21,-30,-22,-29,-18,-20,-19,-23,-22,-21,-19,-19,-20,-13,-20,-11,-16,-6,-22,-3,-19,-3,-24,4,-20,3,-25,8,-24,6,-23,12,-27,14,-30,17,-25,18,-32,28,-30,27,-30,30,-35,31,-33,31,-34,33,-36,40,-34,42,-35,46,-36,47,-30,48,-36,49,-28,50,-37,56,-31,57,-33,58,-30,68,-35,64,-36,68,-40,67,-40,67,-42,75,-35,67,-42,73,-40,78,-39,71,0,0]"
CSI_DATA,221,1a:00:00:00:00:00,-44,11,1,0,1,1,1,0,0,0,1,-96,0,11,2,3224945,0,44,0,384,0,"[0,0,0,0,0,0,0,0,0,0,0,0,9,-8,8,-8,7,-8,7,-8,6,-8,5,-7,4,-8,4,-7,3,-7,3,-7,2,-7,1,-7,1,-7,0,-7,0,-6,-2,-7,-2,-7,-3,-7,-3,-7,-4,-7,-4,-7,-5,-7,-6,-7,-6,-8,-7,-8,-7,-8,0,0,-8,-9,-8,-9,-8,-9,-9,-10,-8,-10,-8,-11,-8,-11,-7,-11,-7,-11,-6,-12,-6,-11,-5,-11,-5,-11,-4,-11,-4,-11,-4,-11,-3,-11,-3,-10,-2,-10,-2,-9,-1,-10,-1,-9,0,-9,0,-8,1,-7,2,-7,0,0,0,0,0,0,0,0,0,0,0,0,0,0,65,-46,57,-37,61,-49,49,-39,47,-41,41,-39,41,-34,41,-38,33,-37,34,-35,25,-35,23,-34,22,-35,14,-31,12,-39,8,-32,4,-38,4,-33,-1,-37,-7,-34,-13,-38,-11,-29,-15,-34,-21,-31,-22,-34,-25,-36,-26,-34,-33,-36,-36,-37,-40,-37,-39,-38,-41,-47,-37,-39,-43,-48,-41,-45,-40,-54,-41,-51,-36,-54,-37,-55,-34,-58,-33,-56,-33,-55,-31,-56,-30,-60,-26,-59,-20,-58,-20,-57,-16,-55,-14,-50,-9,-52,-9,-48,-8,-49,-2,-46,2,-43,0,-44,1,-41,11,-35,0,0,0,0,0,0,0,0,0,0,0,0,0,0,0,0,0,0,0,0,0,0,-41,38,-46,31,-44,24,-44,27,-43,20,-47,17,-45,17,-46,14,-46,11,-41,13,-39,9,-34,12,-37,14,-34,14,-30,8,-26,9,-30,11,-23,10,-19,12,-18,15,-13,14,-10,17,-10,15,-6,20,-3,23,-1,25,1,24,4,32,2,30,11,34,9,31,12,37,11,35,16,35,18,42,22,40,19,37,29,42,27,46,34,48,37,51,38,48,40,50,37,50,41,49,43,56,42,56,47,53,49,54,54,57,54,56,54,60,56,70,51,52,59,61,59,69,50,65,0,0]"
CSI_DATA,222,1a:00:00:00:00:00,-44,11,1,0,1,1,1,0,0,0,1,-96,0,11,2,3244955,0,44,0,384,0,"[0,0,0,0,0,0,0,0,0,0,0,0,6,-10,6,-10,5,-9,5,-9,4,-9,4,-8,2,-8,2,-8,1,-7,1,-7,0,-8,0,-7,-1,-7,-2,-7,-2,-6,-3,-7,-4,-6,-4,-6,-5,-6,-5,-6,-6,-6,-6,-6,-6,-6,-7,-6,-8,-6,-8,-6,0,0,-9,-6,-9,-7,-10,-7,-10,-7,-10,-7,-10,-8,-10,-8,-9,-9,-9,-9,-9,-9,-9,-9,-7,-10,-7,-9,-7,-9,-6,-9,-6,-9,-6,-9,-5,-9,-4,-9,-4,-8,-3,-8,-3,-8,-3,-8,-2,-8,-1,-8,0,-7,0,0,0,0,0,0,0,0,0,0,0,0,0,0,47,-57,48,-54,41,-52,37,-49,35,-54,27,-46,30,-48,30,-45,27,-39,18,-43,17,-41,9,-45,10,-42,7,-37,1,-37,0,-37,-7,-36,-11,-35,-12,-30,-12,-34,-17,-30,-18,-30,-25,-28,-27,-27,-28,-27,-31,-30,-37,-30,-39,-27,-42,-30,-46,-30,-43,-29,-52,-34,-45,-31,-53,-35,-52,-34,-50,-37,-53,-38,-48,-40,-49,-44,-50,-45,-47,-44,-47,-43,-42,-49,-42,-50,-38,-45,-34,-49,-33,-50,-29,-51,-28,-44,-24,-43,-25,-44,-19,-44,-16,-45,-11,-43,-10,-38,-4,-41,-2,-36,0,0,0,0,0,0,0,0,0,0,0,0,0,0,0,0,0,0,0,0,0,0,-30,41,-37,41,-36,35,-36,35,-42,32,-40,29,-36,23,-36,20,-37,23,-40,20,-32,17,-30,17,-33,19,-30,14,-25,15,-23,17,-21,15,-18,15,-20,15,-12,15,-9,15,-8,17,-4,21,-3,22,2,21,5,24,6,28,10,27,10,28,13,27,17,29,20,31,23,33,24,27,29,31,30,35,30,35,39,38,37,34,40,39,41,41,45,38,47,40,51,42,50,35,51,36,60,37,55,39,60,44,62,44,62,45,69,45,65,50,64,44,67,51,70,48,65,48,0,0]"
CSI_DATA,223,1a:00:00:00:00:00,-44,11,1,0,1,1,1,0,0,0,1,-96,0,11,2,3255299,0,44,0,384,0,"[0,0,0,0,0,0,0,0,0,0,0,0,11,-1,11,-1,10,-2,10,-2,9,-2,8,-2,7,-3,7,-3,6,-3,6,-4,5,-4,5,-5,5,-5,4,-5,3,-6,3,-6,2,-7,2,-7,1,-7,1,-8,0,-8,0,-9,0,-9,-1,-10,-1,-10,-1,-10,0,0,-2,-12,-1,-12,-1,-13,-1,-12,-1,-12,-1,-13,0,-13,0,-13,0,-13,1,-12,1,-13,2,-12,2,-12,2,-12,3,-11,3,-11,3,-10,3,-10,3,-9,3,-9,4,-8,4,-7,4,-7,4,-7,5,-6,4,-5,0,0,0,0,0,0,0,0,0,0,0,0,0,0,39,8,34,8,33,4,33,7,29,3,29,1,29,2,26,0,25,1,25,-1,20,-3,19,-5,19,-7,18,-6,16,-7,15,-11,16,-12,12,-13,12,-13,8,-15,8,-15,8,-16,6,-17,5,-18,7,-20,6,-22,1,-22,2,-28,0,-28,0,-28,1,-26,3,-28,1,-29,3,-33,0,-30,5,-34,4,-31,4,-32,9,-33,8,-32,7,-33,9,-32,8,-32,10,-31,12,-31,14,-26,12,-28,11,-26,14,-24,14,-22,13,-20,15,-20,14,-17,16,-17,15,-15,14,-13,16,-10,0,0,0,0,0,0,0,0,0,0,0,0,0,0,0,0,0,0,0,0,0,0,-27,-3,-26,-5,-25,-8,-27,-12,-22,-9,-23,-11,-20,-12,-20,-14,-19,-14,-18,-11,-17,-12,-18,-10,-16,-8,-16,-10,-14,-9,-13,-8,-14,-7,-12,-6,-13,-3,-11,-3,-10,-1,-11,1,-10,2,-11,4,-9,6,-11,8,-9,9,-12,10,-12,11,-13,15,-9,13,-9,16,-13,18,-11,19,-12,22,-11,22,-8,21,-9,24,-8,25,-6,28,-7,30,-7,29,-7,31,-6,34,-4,32,-7,35,-7,35,-4,37,-5,38,-6,40,-5,39,-3,40,-7,44,-7,39,-5,44,-6,45,-7,45,0,0]"
CSI_DATA,224,1a:00:00:00:00:00,-44,11,1,0,1,1,1,0,0,0,1,-96,0,11,2,3285985,0,44,0,384,0,"[0,0,0,0,0,0,0,0,0,0,0,0,0,-12,0,-11,-1,-11,-1,-10,-1,-10,-1,-9,-2,-9,-2,-8,-3,-7,-3,-7,-3,-7,-4,-6,-4,-6,-5,-5,-5,-5,-6,-4,-6,-3,-7,-3,-7,-3,-7,-3,-8,-2,-8,-2,-8,-2,-9,-2,-10,-1,-10,-1,0,0,-11,-1,-12,-1,-12,-1,-13,-1,-12,-1,-12,-2,-13,-2,-12,-2,-12,-2,-12,-3,-12,-4,-11,-4,-11,-4,-10,-5,-11,-5,-10,-5,-10,-5,-9,-5,-8,-5,-8,-5,-7,-6,-7,-6,-6,-6,-5,-6,-5,-7,-4,-6,0,0,0,0,0,0,0,0,0,0,0,0,0,0,12,-79,14,-68,9,-72,6,-65,4,-61,8,-61,0,-57,2,-54,-3,-46,-4,-51,-9,-44,-11,-42,-12,-37,-13,-35,-13,-30,-21,-33,-22,-30,-23,-24,-27,-23,-30,-21,-34,-16,-30,-18,-35,-14,-37,-11,-37,-7,-42,-11,-45,-9,-50,-5,-50,-5,-54,-5,-57,-3,-59,-4,-56,-6,-65,-6,-67,-4,-65,-8,-68,-10,-64,-9,-66,-16,-65,-17,-64,-14,-63,-19,-61,-22,-65,-21,-56,-24,-57,-23,-56,-27,-50,-27,-46,-28,-46,-28,-43,-28,-38,-31,-36,-28,-30,-30,-28,-32,-26,-33,-20,-32,0,0,0,0,0,0,0,0,0,0,0,0,0,0,0,0,0,0,0,0,0,0,-7,56,-12,52,-16,47,-20,54,-21,44,-23,47,-19,42,-22,39,-21,38,-26,33,-25,34,-21,29,-20,33,-19,28,-17,27,-18,23,-12,27,-8,21,-6,22,-5,20,-1,18,6,20,7,21,9,16,11,18,22,19,18,13,21,18,26,15,29,18,29,16,40,16,37,14,36,17,43,13,43,20,48,14,49,14,51,11,56,9,57,14,63,14,57,10,60,11,69,6,72,10,72,11,75,1,72,5,82,3,77,0,85,5,84,7,83,9,90,4,84,7,85,11,0,0]"
CSI_DATA,225,1a:00:00:00:00:00,-44,11,1,0,1,1,1,0,0,0,1,-96,0,11,2,3294745,0,44,0,384,0,"[0,0,0,0,0,0,0,0,0,0,0,0,9,6,9,5,9,4,9,4,8,3,7,2,8,2,7,1,7,0,6,0,6,0,6,-1,6,-1,5,-2,5,-3,6,-4,5,-4,5,-4,4,-5,5,-6,4,-6,4,-7,4,-7,4,-8,5,-9,5,-9,0,0,5,-10,6,-10,5,-10,6,-11,6,-10,6,-10,7,-10,7,-10,7,-10,8,-9,9,-9,8,-8,8,-7,8,-7,8,-7,8,-6,8,-6,8,-5,8,-5,7,-5,7,-4,7,-3,7,-3,7,-2,7,-1,6,-1,0,0,0,0,0,0,0,0,0,0,0,0,0,0,61,48,53,42,56,33,50,35,52,34,44,34,45,25,50,21,45,22,42,18,37,11,37,14,35,7,35,3,34,2,35,-3,35,-8,30,-9,34,-7,28,-17,28,-19,26,-19,27,-30,25,-28,27,-29,28,-35,28,-33,24,-41,28,-42,26,-46,23,-45,27,-51,30,-49,29,-55,24,-53,34,-53,37,-56,37,-54,42,-49,40,-51,40,-46,46,-50,44,-45,44,-46,45,-40,46,-36,46,-37,43,-32,44,-29,43,-24,45,-22,41,-21,40,-19,39,-13,42,-12,35,-9,38,-2,0,0,0,0,0,0,0,0,0,0,0,0,0,0,0,0,0,0,0,0,0,0,-46,-32,-40,-35,-37,-39,-36,-43,-29,-38,-29,-40,-27,-43,-23,-40,-25,-39,-21,-37,-19,-37,-18,-35,-21,-32,-17,-32,-14,-24,-13,-28,-17,-25,-14,-15,-20,-16,-18,-14,-16,-12,-20,-6,-12,-4,-24,0,-25,5,-20,1,-27,3,-23,8,-30,11,-29,15,-30,14,-30,23,-33,22,-34,21,-37,25,-37,29,-35,29,-38,38,-35,36,-38,42,-40,42,-39,50,-37,45,-39,52,-39,49,-42,58,-44,51,-42,55,-41,65,-44,63,-44,68,-38,66,-45,69,-42,64,-45,71,-46,69,-48,69,0,0]"
CSI_DATA,226,1a:00:00:00:00:00,-44,11,1,0,1,1,1,0,0,0,1,-96,0,11,2,3304774,0,44,0,384,0,"[0,0,0,0,0,0,0,0,0,0,0,0,-6,-11,-6,-10,-6,-10,-6,-9,-6,-8,-6,-8,-6,-7,-6,-6,-6,-5,-6,-5,-7,-4,-7,-3,-7,-3,-7,-2,-7,-2,-8,-1,-7,0,-7,0,-7,1,-8,1,-8,2,-8,2,-8,3,-8,3,-9,3,-9,4,0,0,-10,4,-11,5,-11,5,-11,5,-11,4,-12,4,-12,4,-12,4,-12,3,-12,3,-12,3,-12,2,-12,2,-12,1,-12,0,-11,0,-11,0,-10,-1,-10,-1,-10,-1,-9,-2,-9,-3,-8,-3,-8,-3,-7,-4,-6,-4,0,0,0,0,0,0,0,0,0,0,0,0,0,0,-20,-70,-21,-65,-28,-64,-22,-61,-23,-55,-21,-54,-24,-49,-24,-50,-25,-39,-30,-39,-27,-36,-26,-33,-30,-31,-26,-21,-26,-26,-30,-20,-34,-13,-33,-10,-35,-6,-33,-6,-36,1,-39,-1,-40,7,-42,8,-39,11,-43,11,-40,12,-44,19,-45,16,-52,24,-50,21,-53,24,-53,20,-54,23,-54,26,-63,22,-58,23,-64,21,-62,16,-60,15,-60,11,-63,15,-60,11,-61,6,-61,6,-58,1,-56,0,-57,0,-55,-2,-51,-2,-48,-7,-47,-9,-45,-11,-35,-16,-40,-17,-36,-19,-34,-25,0,0,0,0,0,0,0,0,0,0,0,0,0,0,0,0,0,0,0,0,0,0,24,47,17,50,14,50,9,52,7,48,3,48,3,46,2,44,1,45,-2,40,-4,38,-2,39,0,35,-2,34,2,31,-2,26,3,24,5,24,6,21,8,18,8,16,12,14,11,9,17,11,21,10,20,11,24,7,27,8,24,1,34,0,28,1,40,-6,38,-6,40,-4,43,-8,46,-9,48,-10,47,-11,48,-16,57,-17,55,-20,56,-21,59,-20,60,-26,60,-27,60,-25,65,-29,64,-33,66,-37,66,-29,70,-32,73,-37,81,-33,73,-31,75,-35,74,-33,73,-29,0,0]"
CSI_DATA,227,1a:00:00:00:00:00,-44,11,1,0,1,1,1,0,0,0,1,-96,0,11,2,3314832,0,44,0,384,0,"[0,0,0,0,0,0,0,0,0,0,0,0,-11,4,-10,4,-9,5,-9,5,-9,4,-8,4,-7,5,-6,5,-6,5,-5,5,-5,5,-3,5,-3,5,-3,6,-2,6,-1,6,0,6,0,6,1,6,1,6,1,6,2,7,2,7,3,7,4,8,4,8,0,0,5,9,5,9,5,10,5,10,4,10,5,10,5,11,4,10,4,11,3,11,3,11,2,11,2,10,2,10,1,10,1,10,0,10,0,9,0,9,-1,8,-1,8,-2,8,-2,7,-3,7,-3,6,-3,6,0,0,0,0,0,0,0,0,0,0,0,0,0,0,-78,28,-72,23,-66,28,-56,28,-57,30,-58,26,-52,24,-51,24,-44,27,-42,22,-34,30,-31,30,-28,29,-19,37,-22,34,-18,32,-14,36,-11,35,-9,33,-4,36,-2,39,6,34,10,34,10,42,12,37,14,38,19,41,23,46,23,43,29,45,28,48,34,50,31,53,32,57,34,53,33,63,30,60,31,59,30,63,29,56,28,59,24,63,21,65,18,64,15,61,15,61,9,59,13,56,4,54,6,56,1,53,2,51,-4,47,-5,44,-11,42,-12,39,-14,36,0,0,0,0,0,0,0,0,0,0,0,0,0,0,0,0,0,0,0,0,0,0,53,-16,50,-8,51,-5,55,-6,51,2,51,6,47,4,45,8,45,4,46,8,38,12,41,9,37,3,37,5,27,3,31,2,26,1,25,-2,23,-4,21,-5,18,-9,16,-12,14,-15,9,-19,10,-19,7,-25,5,-22,6,-30,7,-30,4,-35,4,-36,-2,-40,-1,-40,-1,-46,-3,-49,-4,-48,-8,-49,-9,-54,-10,-50,-15,-59,-16,-61,-22,-64,-17,-65,-25,-66,-29,-61,-27,-71,-31,-68,-37,-65,-36,-67,-34,-74,-35,-81,-37,-76,-38,-80,-35,-75,-44,-89,-37,-82,-30,-84,0,0]"
CSI_DATA,228,1a:00:00:00:00:00,-44,11,1,0,1,1,1,0,0,0,1,-96,0,11,2,3326017,0,44,0,384,0,"[0,0,0,0,0,0,0,0,0,0,0,0,0,-12,0,-12,-1,-11,-1,-11,-1,-10,-1,-9,-2,-9,-3,-8,-3,-7,-3,-6,-4,-7,-4,-6,-4,-6,-5,-5,-5,-5,-6,-4,-6,-3,-6,-3,-7,-3,-7,-2,-7,-2,-8,-2,-8,-1,-9,-1,-10,-1,-10,-1,0,0,-11,-1,-11,-1,-12,-1,-12,-1,-12,-1,-12,-1,-13,-1,-13,-2,-13,-2,-12,-3,-12,-3,-12,-4,-11,-4,-11,-4,-10,-4,-10,-5,-9,-5,-9,-5,-9,-5,-8,-5,-8,-6,-7,-6,-6,-6,-6,-6,-5,-6,-4,-6,0,0,0,0,0,0,0,0,0,0,0,0,0,0,23,-72,19,-64,14,-67,18,-62,12,-62,11,-59,7,-52,7,-54,3,-45,1,-47,0,-45,-5,-42,-11,-44,-11,-33,-12,-33,-16,-32,-17,-30,-21,-27,-19,-25,-26,-25,-31,-23,-31,-18,-30,-14,-37,-15,-37,-14,-39,-14,-42,-9,-45,-9,-51,-7,-56,-5,-52,-10,-59,-10,-52,-12,-59,-17,-58,-8,-62,-18,-65,-14,-63,-17,-60,-17,-60,-22,-59,-23,-59,-22,-58,-29,-59,-30,-51,-32,-51,-30,-51,-36,-47,-32,-42,-33,-43,-31,-39,-32,-33,-32,-32,-31,-25,-33,-23,-35,-22,-33,-17,-37,0,0,0,0,0,0,0,0,0,0,0,0,0,0,0,0,0,0,0,0,0,0,-10,50,-14,53,-18,48,-22,46,-25,46,-24,46,-26,39,-25,38,-26,37,-24,35,-25,30,-20,31,-23,30,-19,27,-17,21,-17,22,-14,24,-9,20,-6,17,-5,18,-2,16,-1,18,2,16,8,16,11,16,14,19,20,18,20,24,22,20,28,20,28,18,38,18,38,19,37,22,37,15,43,18,43,14,45,18,49,18,55,15,53,16,56,18,59,14,60,14,65,12,68,14,68,13,70,5,71,10,70,10,78,15,78,8,84,16,76,11,85,15,81,19,80,17,0,0]"
CSI_DATA,229,1a:00:00:00:00:00,-44,11,1,0,1,1,1,0,0,0,1,-96,0,11,2,3334971,0,44,0,384,0,"[0,0,0,0,0,0,0,0,0,0,0,0,11,3,10,2,9,2,10,1,9,1,8,1,8,-1,7,-1,7,-1,6,-2,6,-2,5,-3,5,-3,5,-4,4,-5,4,-5,3,-6,3,-6,3,-6,3,-7,2,-7,2,-8,2,-8,2,-9,2,-10,1,-10,0,0,1,-11,2,-11,2,-12,1,-12,2,-12,3,-12,3,-12,3,-12,3,-12,4,-12,4,-11,5,-11,5,-10,5,-10,5,-10,5,-9,5,-9,5,-8,5,-8,5,-7,6,-7,6,-6,6,-5,5,-5,6,-4,6,-3,0,0,0,0,0,0,0,0,0,0,0,0,0,0,70,37,62,35,66,30,55,28,58,24,52,22,52,20,52,11,47,9,42,12,43,4,41,2,42,-2,37,-3,34,-4,33,-11,35,-12,32,-19,30,-21,27,-22,26,-28,24,-26,20,-32,23,-32,18,-40,18,-43,16,-42,13,-45,17,-50,14,-53,13,-52,15,-56,18,-57,16,-61,16,-60,22,-65,21,-66,22,-62,24,-62,32,-62,30,-61,31,-61,34,-60,31,-54,34,-55,34,-48,38,-47,33,-46,32,-39,33,-39,32,-36,33,-32,34,-34,38,-28,37,-24,40,-16,36,-11,0,0,0,0,0,0,0,0,0,0,0,0,0,0,0,0,0,0,0,0,0,0,-49,-29,-48,-35,-40,-36,-35,-36,-34,-37,-31,-36,-29,-37,-29,-40,-28,-41,-26,-36,-24,-38,-20,-32,-22,-32,-22,-29,-14,-25,-16,-26,-17,-23,-16,-18,-17,-15,-17,-12,-19,-3,-25,-6,-22,0,-23,0,-24,4,-25,7,-23,7,-26,15,-26,16,-28,20,-25,19,-32,23,-35,27,-30,32,-33,33,-31,37,-31,34,-34,40,-33,45,-33,50,-33,50,-34,53,-29,52,-31,58,-28,54,-27,68,-33,66,-29,65,-30,73,-34,73,-31,73,-32,74,-36,73,-33,75,-37,79,-37,79,-34,78,0,0]"
CSI_DATA,230,1a:00:00:00:00:00,-44,11,1,0,1,1,1,0,0,0,1,-96,0,11,2,3364874,0,44,0,384,0,"[0,0,0,0,0,0,0,0,0,0,0,0,11,-3,10,-3,9,-3,9,-3,9,-3,7,-3,7,-4,6,-4,6,-4,5,-5,5,-5,4,-6,3,-6,3,-6,3,-6,2,-7,1,-7,0,-8,0,-7,0,-8,0,-8,-1,-8,-2,-9,-2,-9,-2,-10,-3,-10,0,0,-3,-11,-3,-12,-3,-12,-3,-12,-2,-12,-2,-13,-2,-13,-2,-12,-2,-13,-1,-13,0,-12,0,-12,1,-11,1,-11,1,-11,1,-11,2,-11,2,-10,2,-9,2,-9,3,-9,3,-8,3,-7,4,-7,4,-6,4,-5,0,0,0,0,0,0,0,0,0,0,0,0,0,0,76,-7,72,-3,65,-9,60,-10,62,-10,51,-10,57,-15,48,-14,49,-12,42,-14,38,-16,37,-15,38,-24,32,-23,26,-25,20,-28,19,-31,18,-28,14,-30,12,-30,8,-37,6,-35,2,-38,3,-36,0,-40,-1,-43,-8,-46,-11,-49,-7,-49,-15,-55,-12,-49,-13,-58,-13,-60,-14,-61,-16,-64,-9,-62,-13,-60,-11,-69,-5,-65,-3,-65,-1,-64,2,-66,3,-66,3,-63,5,-58,6,-59,10,-53,12,-57,9,-47,14,-48,20,-48,15,-41,20,-42,20,-39,21,-40,24,-34,27,-28,0,0,0,0,0,0,0,0,0,0,0,0,0,0,0,0,0,0,0,0,0,0,-53,8,-52,0,-55,-2,-56,-3,-50,-12,-45,-14,-44,-14,-42,-16,-44,-14,-44,-16,-38,-11,-35,-16,-39,-10,-32,-9,-29,-8,-24,-9,-26,-6,-23,-7,-21,-1,-20,4,-18,3,-19,8,-15,9,-15,15,-16,16,-10,18,-12,20,-10,25,-14,27,-9,34,-8,32,-11,36,-9,38,-10,40,-7,42,-7,45,-9,46,-2,47,-2,48,1,61,0,55,2,59,5,54,4,65,7,62,7,67,9,69,11,69,8,74,13,78,13,76,17,80,11,79,12,77,15,84,14,79,11,84,0,0]"
CSI_DATA,231,1a:00:00:00:00:00,-44,11,1,0,1,1,1,0,0,0,1,-96,0,11,2,3386583,0,44,0,384,0,"[0,0,0,0,0,0,0,0,0,0,0,0,-8,9,-7,8,-6,8,-6,8,-5,8,-5,7,-4,7,-3,7,-3,7,-2,6,-2,6,0,6,0,6,1,6,1,5,2,5,3,5,3,5,4,5,4,5,4,5,5,5,5,5,6,5,7,5,7,5,0,0,8,5,9,6,9,6,9,6,9,6,9,7,9,7,9,7,9,7,8,8,7,8,6,8,6,8,6,8,5,8,5,8,4,8,4,7,4,7,3,7,2,7,2,7,1,7,1,7,0,7,-1,6,0,0,0,0,0,0,0,0,0,0,0,0,0,0,-57,52,-57,47,-47,47,-43,47,-40,48,-39,44,-31,39,-35,41,-31,39,-27,38,-19,33,-19,37,-15,38,-11,34,-10,34,-2,33,-5,34,4,30,6,33,8,33,18,31,15,29,19,29,25,27,22,29,28,31,32,27,36,29,35,30,46,31,40,43,46,34,43,34,49,37,46,35,49,42,50,43,45,42,52,48,46,43,42,49,41,50,40,47,38,49,33,47,36,50,30,47,29,50,27,50,22,47,19,43,17,45,10,41,7,41,6,39,-1,39,-4,32,0,0,0,0,0,0,0,0,0,0,0,0,0,0,0,0,0,0,0,0,0,0,38,-44,39,-39,42,-36,44,-32,47,-29,42,-25,41,-21,41,-21,42,-23,40,-19,36,-15,38,-17,37,-14,35,-15,32,-12,29,-14,24,-19,21,-16,18,-13,17,-18,12,-18,10,-20,5,-19,8,-25,3,-24,0,-26,0,-25,-5,-27,-11,-32,-12,-32,-12,-28,-18,-40,-20,-38,-21,-36,-22,-40,-24,-40,-26,-43,-32,-42,-31,-41,-42,-44,-38,-47,-47,-46,-46,-45,-42,-47,-51,-47,-53,-40,-55,-45,-56,-43,-57,-47,-61,-49,-59,-53,-62,-49,-65,-58,-61,-55,-65,-61,-68,-59,-64,-59,0,0]"
CSI_DATA,232,1a:00:00:00:00:00,-44,11,1,0,1,1,1,0,0,0,1,-96,0,11,2,3395588,0,44,0,384,0,"[0,0,0,0,0,0,0,0,0,0,0,0,8,-8,8,-8,7,-8,7,-8,6,-8,5,-7,4,-8,3,-7,3,-7,2,-7,2,-7,1,-7,0,-7,0,-7,-1,-7,-2,-7,-2,-7,-3,-6,-3,-7,-4,-7,-4,-6,-5,-7,-5,-7,-6,-7,-7,-7,-7,-7,0,0,-8,-8,-8,-8,-8,-8,-9,-9,-8,-9,-8,-10,-8,-10,-8,-10,-8,-10,-7,-10,-7,-11,-6,-10,-6,-10,-5,-10,-5,-10,-5,-10,-4,-10,-4,-9,-3,-9,-3,-9,-2,-9,-2,-9,-1,-8,-1,-8,0,-7,0,-7,0,0,0,0,0,0,0,0,0,0,0,0,0,0,62,-45,61,-41,53,-44,51,-42,51,-43,41,-39,39,-39,38,-39,33,-40,28,-36,22,-36,19,-36,17,-36,17,-35,10,-34,6,-37,5,-39,3,-36,-2,-33,-4,-35,-13,-36,-13,-31,-14,-33,-22,-34,-20,-34,-26,-37,-30,-36,-32,-33,-32,-38,-40,-36,-39,-39,-45,-41,-41,-41,-43,-43,-44,-44,-42,-50,-44,-51,-42,-53,-38,-56,-40,-50,-41,-52,-38,-55,-33,-56,-30,-54,-28,-53,-27,-54,-20,-51,-23,-53,-15,-47,-14,-47,-10,-47,-12,-49,-8,-46,-4,-44,-1,-41,2,-39,6,-36,0,0,0,0,0,0,0,0,0,0,0,0,0,0,0,0,0,0,0,0,0,0,-45,35,-47,29,-49,23,-53,21,-54,19,-50,12,-46,12,-47,10,-48,5,-41,7,-44,5,-36,7,-40,9,-35,6,-33,4,-29,5,-27,9,-21,11,-21,9,-21,10,-17,12,-16,15,-13,17,-6,19,-11,23,1,25,-1,27,2,29,2,29,6,34,9,33,8,40,12,40,13,40,18,44,17,44,21,45,22,50,25,49,32,45,27,53,31,56,34,53,37,51,37,53,44,59,41,57,47,55,49,57,48,60,52,65,57,61,50,63,50,63,54,72,47,69,50,66,0,0]"
CSI_DATA,233,1a:00:00:00:00:00,-44,11,1,0,1,1,1,0,0,0,1,-96,0,11,2,3404761,0,44,0,384,0,"[0,0,0,0,0,0,0,0,0,0,0,0,-3,11,-3,10,-2,10,-2,10,-2,9,-2,8,0,8,0,7,0,7,1,6,1,6,2,5,2,5,3,5,3,4,4,4,5,3,5,3,5,3,6,2,6,2,7,2,7,2,8,1,9,2,9,1,0,0,10,1,10,2,11,1,11,2,11,2,11,2,11,2,10,3,11,3,11,4,11,4,9,4,9,5,9,4,8,5,8,5,8,5,7,5,7,5,6,5,6,5,5,5,4,6,4,5,3,6,2,5,0,0,0,0,0,0,0,0,0,0,0,0,0,0,-26,69,-25,63,-23,69,-21,61,-15,61,-15,60,-16,51,-10,51,-6,48,-6,49,2,42,4,41,6,43,9,33,8,38,17,31,17,25,18,31,18,23,24,28,32,25,30,19,31,16,33,14,38,11,38,16,41,10,48,10,49,11,53,7,56,10,57,9,53,11,57,17,59,10,63,14,63,13,63,11,63,21,58,20,62,17,60,26,63,27,57,29,55,26,54,33,45,32,48,31,45,33,40,34,35,30,32,31,31,33,26,33,22,36,20,32,16,35,0,0,0,0,0,0,0,0,0,0,0,0,0,0,0,0,0,0,0,0,0,0,14,-56,20,-50,23,-53,24,-49,27,-44,27,-42,29,-39,27,-37,30,-39,28,-35,28,-30,21,-30,22,-31,19,-26,22,-25,16,-26,15,-27,13,-22,9,-23,7,-22,1,-22,0,-22,-2,-23,-6,-23,-9,-20,-14,-24,-11,-22,-24,-25,-23,-23,-27,-22,-26,-24,-30,-25,-37,-23,-37,-24,-40,-22,-45,-23,-44,-22,-49,-22,-51,-24,-55,-22,-58,-20,-63,-24,-58,-21,-64,-22,-62,-21,-70,-13,-70,-16,-72,-18,-73,-18,-76,-18,-75,-19,-79,-16,-84,-25,-81,-20,-89,-24,-83,-20,-80,-22,0,0]"
CSI_DATA,234,1a:00:00:00:00:00,-44,11,1,0,1,1,1,0,0,0,1,-96,0,11,2,3414758,0,44,0,384,0,"[0,0,0,0,0,0,0,0,0,0,0,0,0,-12,-1,-12,-2,-11,-1,-10,-2,-10,-2,-9,-2,-9,-2,-8,-3,-7,-3,-7,-4,-7,-4,-6,-5,-5,-5,-5,-5,-5,-6,-4,-6,-3,-6,-3,-7,-2,-7,-2,-8,-2,-8,-2,-8,-1,-9,-1,-10,-1,-10,-1,0,0,-11,-1,-12,-1,-11,0,-12,-1,-12,-1,-12,-2,-12,-2,-12,-2,-12,-2,-12,-3,-12,-3,-11,-4,-11,-4,-10,-4,-10,-5,-10,-5,-9,-5,-9,-4,-8,-5,-8,-5,-7,-6,-6,-5,-6,-6,-6,-6,-5,-6,-4,-6,0,0,0,0,0,0,0,0,0,0,0,0,0,0,8,-73,6,-75,0,-70,-2,-65,-5,-63,-3,-61,-3,-55,-7,-58,-7,-47,-6,-47,-11,-46,-13,-39,-19,-41,-18,-32,-18,-33,-23,-28,-24,-29,-26,-23,-26,-20,-31,-17,-34,-18,-30,-11,-37,-8,-36,-8,-37,-6,-42,-5,-44,-4,-47,2,-50,1,-51,2,-52,6,-61,4,-56,7,-64,5,-61,2,-66,0,-67,2,-63,3,-65,-9,-67,-8,-63,-7,-66,-10,-61,-11,-62,-10,-58,-19,-56,-14,-54,-16,-52,-15,-53,-19,-46,-23,-48,-19,-40,-21,-40,-26,-38,-27,-32,-28,-29,-27,-19,-28,0,0,0,0,0,0,0,0,0,0,0,0,0,0,0,0,0,0,0,0,0,0,2,56,-10,56,-9,53,-11,50,-19,45,-17,46,-19,44,-23,40,-17,40,-20,37,-19,34,-17,35,-19,33,-20,30,-13,26,-12,24,-10,31,-7,24,-4,22,-3,21,1,19,4,23,8,15,10,18,16,19,15,18,18,22,21,16,26,16,34,17,26,15,37,15,38,14,37,18,43,12,44,9,48,13,49,11,52,6,61,4,58,9,60,6,67,5,63,3,62,2,73,2,72,5,73,-4,79,-7,79,-3,77,-4,82,-3,84,0,80,-1,89,-3,85,-2,90,3,0,0]"
CSI_DATA,235,1a:00:00:00:00:00,-44,11,1,0,1,1,1,0,0,0,1,-96,0,11,2,3425620,0,44,0,384,0,"[0,0,0,0,0,0,0,0,0,0,0,0,-13,1,-12,1,-11,2,-11,1,-10,1,-9,2,-8,3,-7,3,-7,3,-6,3,-6,4,-5,4,-5,4,-4,5,-4,5,-3,6,-2,6,-2,6,-1,6,-1,7,-1,7,0,7,0,8,0,8,1,9,1,9,0,0,2,10,2,11,2,11,2,11,1,11,1,11,1,12,1,11,1,12,0,12,-1,12,-2,11,-2,11,-2,10,-2,10,-2,10,-2,10,-3,9,-3,9,-3,8,-4,8,-4,7,-4,7,-4,6,-5,5,-5,4,0,0,0,0,0,0,0,0,0,0,0,0,0,0,-77,3,-71,1,-73,7,-66,14,-63,9,-62,8,-59,11,-55,7,-55,9,-43,14,-42,18,-38,15,-37,18,-33,20,-29,20,-30,28,-26,25,-24,30,-17,26,-15,33,-9,35,-12,32,-4,33,-2,37,-2,39,1,42,3,43,5,48,5,50,11,49,10,52,11,55,13,55,14,59,14,59,7,64,7,66,13,68,4,66,2,64,5,69,-1,63,-7,62,-3,62,-7,58,-10,58,-10,55,-12,52,-17,47,-15,47,-15,47,-16,44,-18,41,-21,41,-24,36,-25,34,-26,27,0,0,0,0,0,0,0,0,0,0,0,0,0,0,0,0,0,0,0,0,0,0,54,-3,54,0,56,4,51,6,52,8,48,11,46,12,44,11,43,13,39,13,39,16,34,13,38,12,33,10,28,9,32,11,25,5,25,2,23,1,25,-2,21,-3,17,-10,17,-11,17,-12,19,-16,16,-22,17,-24,13,-25,16,-29,15,-38,12,-30,8,-39,12,-40,10,-43,7,-46,6,-50,4,-50,1,-54,3,-55,2,-60,5,-61,-1,-62,-5,-62,-4,-70,-4,-62,-17,-68,-12,-73,-12,-71,-14,-75,-13,-81,-14,-79,-13,-81,-10,-87,-12,-84,-8,-90,-8,-87,-10,-83,0,0]"
CSI_DATA,236,1a:00:00:00:00:00,-44,11,1,0,1,1,1,0,0,0,1,-96,0,11,2,3434768,0,44,0,384,0,"[0,0,0,0,0,0,0,0,0,0,0,0,-1,-13,-2,-12,-2,-12,-2,-11,-2,-10,-2,-9,-3,-9,-3,-8,-3,-8,-4,-7,-4,-7,-5,-6,-5,-5,-6,-5,-6,-4,-7,-4,-7,-3,-7,-3,-7,-2,-8,-2,-8,-2,-9,-1,-8,-1,-10,0,-10,0,-11,0,0,0,-12,0,-12,0,-12,0,-12,0,-12,0,-13,0,-12,0,-13,-1,-12,-1,-12,-2,-12,-2,-12,-3,-11,-3,-11,-3,-11,-4,-11,-4,-11,-4,-9,-4,-9,-5,-8,-4,-7,-5,-7,-5,-7,-5,-6,-5,-6,-6,-4,-6,0,0,0,0,0,0,0,0,0,0,0,0,0,0,4,-39,2,-36,0,-34,-1,-32,-3,-31,-1,-31,-3,-28,-2,-28,-5,-24,-6,-24,-5,-22,-5,-20,-8,-21,-10,-18,-8,-16,-12,-13,-15,-14,-13,-12,-14,-12,-15,-8,-18,-8,-17,-7,-17,-5,-19,-4,-18,-4,-20,-1,-22,-2,-24,2,-25,1,-28,2,-29,2,-30,1,-28,0,-30,2,-30,1,-32,0,-31,-2,-33,1,-33,-1,-33,-3,-31,-3,-32,-4,-30,-7,-30,-6,-30,-9,-28,-9,-27,-10,-26,-9,-25,-8,-23,-11,-23,-12,-21,-12,-20,-12,-19,-14,-16,-13,-14,-14,-12,-13,0,0,0,0,0,0,0,0,0,0,0,0,0,0,0,0,0,0,0,0,0,0,1,27,-2,25,-4,26,-5,26,-7,23,-7,23,-7,21,-8,21,-9,21,-8,20,-9,18,-6,18,-6,17,-8,14,-5,13,-6,13,-2,12,-3,10,-2,11,-1,12,0,11,3,9,4,9,7,9,8,8,9,6,11,8,11,7,12,8,15,6,15,4,19,7,18,5,19,8,21,4,21,4,25,3,25,3,25,0,28,2,30,2,30,1,31,0,32,0,32,0,31,-1,33,-2,35,-4,40,-1,41,-4,39,-5,41,-6,43,-1,39,-4,43,-3,42,-3,42,0,0,0]"
CSI_DATA,237,1a:00:00:00:00:00,-44,11,1,0,1,1,1,0,0,0,1,-96,0,11,2,3454789,0,44,0,384,0,"[0,0,0,0,0,0,0,0,0,0,0,0,3,-12,2,-11,1,-11,2,-11,1,-10,1,-9,0,-9,-1,-8,-1,-8,-1,-7,-2,-8,-3,-7,-3,-6,-4,-6,-4,-5,-5,-6,-5,-5,-6,-5,-6,-4,-7,-4,-7,-4,-8,-3,-8,-4,-9,-3,-9,-3,-9,-3,0,0,-11,-3,-11,-3,-11,-3,-12,-3,-12,-3,-12,-4,-12,-4,-12,-4,-12,-4,-12,-5,-11,-6,-10,-6,-9,-7,-9,-6,-9,-7,-9,-6,-9,-7,-7,-7,-7,-7,-7,-7,-6,-7,-6,-7,-5,-7,-4,-7,-3,-7,-2,-6,0,0,0,0,0,0,0,0,0,0,0,0,0,0,13,-77,13,-70,10,-74,7,-60,5,-62,5,-57,0,-54,2,-54,-2,-46,0,-51,-7,-45,-8,-42,-10,-41,-11,-35,-18,-32,-17,-29,-22,-28,-25,-25,-25,-21,-28,-22,-35,-17,-32,-15,-35,-13,-38,-11,-40,-10,-39,-8,-46,-8,-49,-6,-48,-5,-52,-4,-53,-3,-57,-4,-56,-1,-62,-3,-63,-1,-62,-10,-65,-8,-61,-8,-63,-14,-62,-12,-63,-13,-63,-18,-55,-20,-56,-19,-52,-23,-55,-23,-51,-25,-47,-27,-48,-25,-44,-26,-43,-28,-37,-28,-34,-28,-31,-32,-26,-34,-26,-29,-17,-32,0,0,0,0,0,0,0,0,0,0,0,0,0,0,0,0,0,0,0,0,0,0,-5,54,-10,52,-16,49,-17,50,-22,48,-21,45,-19,41,-23,38,-19,38,-22,34,-21,34,-19,31,-17,30,-20,31,-17,26,-13,25,-10,29,-8,22,-10,23,-2,20,4,17,3,21,5,17,11,19,12,18,17,18,19,20,22,20,21,20,28,19,28,20,35,16,36,18,40,18,39,16,44,15,48,18,50,16,51,13,55,10,58,15,60,8,64,11,65,14,64,6,73,5,68,5,70,4,70,7,75,11,78,10,79,2,82,7,82,6,86,9,82,10,82,9,0,0]"
CSI_DATA,238,1a:00:00:00:00:00,-44,11,1,0,1,1,1,0,0,0,1,-96,0,11,2,3464770,0,44,0,384,0,"[0,0,0,0,0,0,0,0,0,0,0,0,6,10,5,9,6,8,6,8,5,7,5,6,6,6,5,5,5,4,5,3,5,3,6,2,6,2,6,1,6,0,6,0,6,-1,6,-2,6,-2,6,-3,6,-3,6,-4,7,-4,7,-5,7,-5,7,-6,0,0,8,-6,9,-7,9,-7,9,-7,9,-7,10,-6,10,-6,10,-6,10,-6,10,-5,11,-5,11,-4,10,-4,10,-3,10,-3,10,-3,9,-2,9,-2,9,-1,8,-1,8,0,8,0,7,1,7,1,6,2,5,2,0,0,0,0,0,0,0,0,0,0,0,0,0,0,19,69,18,71,23,64,19,62,20,61,16,54,21,52,19,46,20,41,17,43,24,37,25,32,24,35,26,24,29,26,30,20,31,16,29,14,30,14,32,8,32,3,36,4,34,-6,37,-5,38,-6,41,-12,40,-12,44,-17,47,-17,47,-23,49,-19,56,-23,53,-22,55,-21,53,-25,54,-18,56,-16,65,-18,62,-15,69,-15,64,-11,63,-6,62,-10,59,-6,59,-5,62,1,57,5,55,2,48,7,50,9,48,8,47,11,42,11,38,13,39,19,33,19,32,20,0,0,0,0,0,0,0,0,0,0,0,0,0,0,0,0,0,0,0,0,0,0,-28,-51,-13,-49,-16,-54,-13,-52,-6,-52,-4,-50,-2,-44,1,-45,-1,-47,-1,-41,1,-42,3,-40,-3,-38,-1,-35,1,-31,-5,-30,-2,-31,-3,-26,-7,-21,-10,-19,-8,-23,-15,-17,-15,-17,-18,-12,-21,-9,-21,-10,-25,-12,-29,-10,-32,-3,-36,-3,-32,-2,-38,-3,-37,4,-44,2,-48,1,-47,5,-48,6,-53,6,-51,10,-55,17,-54,11,-56,16,-59,14,-62,24,-57,22,-66,21,-68,23,-68,27,-73,28,-75,32,-70,28,-78,31,-74,26,-79,28,-79,33,-78,30,-82,28,0,0]"
CSI_DATA,239,1a:00:00:00:00:00,-44,11,1,0,1,1,1,0,0,0,1,-96,0,11,2,3474784,0,44,0,384,0,"[0,0,0,0,0,0,0,0,0,0,0,0,-6,-11,-6,-10,-6,-10,-6,-9,-6,-8,-5,-8,-7,-7,-6,-6,-6,-5,-6,-4,-6,-4,-7,-4,-6,-3,-7,-2,-6,-2,-7,-1,-7,0,-7,0,-7,1,-7,2,-7,2,-8,3,-8,3,-8,3,-9,4,-9,4,0,0,-9,5,-10,5,-10,5,-10,6,-11,5,-11,5,-11,5,-11,4,-12,4,-11,3,-12,3,-12,2,-11,2,-11,2,-11,1,-11,1,-11,1,-10,1,-10,0,-9,0,-9,-1,-8,-1,-8,-2,-8,-3,-7,-3,-6,-3,0,0,0,0,0,0,0,0,0,0,0,0,0,0,-25,-70,-23,-71,-28,-61,-25,-63,-21,-59,-28,-52,-28,-51,-24,-45,-25,-41,-23,-42,-28,-36,-26,-32,-27,-31,-29,-24,-27,-25,-30,-18,-37,-15,-34,-13,-33,-10,-36,-9,-35,-2,-35,-1,-37,3,-36,4,-37,4,-40,7,-43,13,-45,15,-45,13,-46,23,-52,18,-57,20,-52,19,-51,22,-58,22,-59,18,-60,18,-61,20,-61,15,-63,13,-64,11,-68,8,-64,3,-60,4,-56,-1,-59,-4,-59,-9,-54,-2,-49,-6,-50,-7,-47,-9,-46,-10,-42,-11,-37,-16,-36,-16,-34,-22,-30,-23,0,0,0,0,0,0,0,0,0,0,0,0,0,0,0,0,0,0,0,0,0,0,29,44,23,48,20,49,17,48,17,47,11,44,7,46,5,44,4,44,1,40,1,40,3,34,5,38,3,33,1,28,6,26,6,26,5,27,9,18,10,19,12,16,19,17,15,12,17,12,17,10,24,6,25,7,27,6,31,-1,37,0,33,-2,37,-3,40,-5,40,-5,46,-10,48,-13,51,-12,49,-13,49,-14,56,-20,52,-19,55,-22,56,-23,63,-28,55,-29,59,-24,62,-29,63,-36,68,-34,72,-35,71,-34,73,-37,76,-34,78,-36,76,-38,75,-34,78,-32,0,0]"
CSI_DATA,240,1a:00:00:00:00:00,-44,11,1,0,1,1,1,0,0,0,1,-96,0,11,2,3485860,0,44,0,384,0,"[0,0,0,0,0,0,0,0,0,0,0,0,-12,1,-11,2,-11,2,-10,2,-10,2,-9,2,-8,3,-7,3,-7,4,-6,4,-6,4,-6,4,-5,5,-4,5,-4,5,-3,6,-2,6,-2,6,-1,6,-1,7,-1,7,0,7,0,8,1,8,1,9,1,9,0,0,2,10,1,10,2,11,2,11,1,11,1,11,1,11,1,11,0,11,0,11,-1,11,-2,11,-2,11,-2,10,-3,10,-3,9,-3,9,-3,9,-3,8,-3,8,-4,7,-5,7,-4,6,-5,6,-5,5,-5,4,0,0,0,0,0,0,0,0,0,0,0,0,0,0,-82,0,-71,-5,-72,0,-68,0,-59,0,-61,-4,-55,2,-56,10,-51,9,-47,7,-43,12,-42,13,-38,14,-36,19,-36,17,-29,21,-30,24,-24,27,-26,25,-16,28,-14,30,-15,34,-10,37,-6,36,-9,40,-3,45,-3,41,3,49,-2,51,2,54,-2,56,1,57,3,58,3,67,3,56,3,65,1,63,-1,63,-4,64,-5,68,-8,66,-13,67,-18,62,-15,62,-14,59,-15,59,-21,55,-18,50,-21,48,-20,48,-22,42,-22,44,-23,38,-28,34,-25,29,-25,25,-33,22,0,0,0,0,0,0,0,0,0,0,0,0,0,0,0,0,0,0,0,0,0,0,54,-5,55,1,50,4,54,9,47,13,49,15,41,12,40,19,42,18,35,17,35,18,34,13,31,13,34,12,26,14,26,8,27,4,21,5,23,2,20,-2,20,-6,20,-9,20,-8,16,-13,15,-17,17,-17,19,-25,13,-26,15,-30,14,-35,14,-30,15,-39,13,-40,12,-40,14,-43,9,-48,8,-48,7,-50,12,-54,6,-62,5,-60,2,-65,4,-65,-1,-67,-2,-67,-2,-78,-4,-73,-6,-74,-3,-76,-3,-80,-3,-82,-4,-80,0,-83,-2,-80,0,-88,-2,-87,-2,-91,0,0]"
CSI_DATA,241,1a:00:00:00:00:00,-44,11,1,0,1,1,1,0,0,0,1,-96,0,11,2,3495119,0,44,0,384,0,"[0,0,0,0,0,0,0,0,0,0,0,0,-5,11,-5,10,-4,10,-3,9,-3,9,-3,8,-2,8,-1,8,-1,7,0,6,0,6,1,6,2,5,2,5,2,5,4,5,4,4,4,4,5,3,5,3,6,3,6,3,6,3,7,3,8,3,9,3,0,0,9,3,10,4,10,4,11,4,10,4,10,4,10,5,10,4,10,5,10,6,9,6,8,6,8,6,8,6,7,7,7,7,7,6,6,6,5,7,5,6,4,7,4,6,3,6,2,6,2,6,1,6,0,0,0,0,0,0,0,0,0,0,0,0,0,0,-36,62,-44,64,-33,59,-33,55,-34,66,-22,53,-27,52,-21,48,-18,48,-16,43,-12,45,-7,41,-4,44,-3,39,-1,37,2,39,4,32,12,33,14,29,18,30,21,31,24,27,27,22,29,27,23,30,35,23,40,25,43,23,41,26,47,21,47,23,47,26,51,32,53,25,55,27,52,34,55,32,54,34,52,41,52,39,52,43,48,41,45,42,47,43,39,43,41,45,36,42,37,46,29,43,25,40,22,44,23,42,18,44,11,43,8,40,8,36,2,36,0,0,0,0,0,0,0,0,0,0,0,0,0,0,0,0,0,0,0,0,0,0,17,-54,19,-48,27,-48,29,-41,32,-44,31,-37,31,-35,33,-33,32,-36,33,-33,32,-33,25,-26,28,-27,26,-21,24,-21,18,-22,15,-23,16,-24,9,-22,10,-23,4,-18,5,-23,1,-22,0,-21,-6,-27,-12,-25,-12,-29,-14,-23,-20,-27,-21,-25,-24,-29,-26,-34,-29,-32,-33,-29,-31,-32,-41,-32,-40,-34,-45,-34,-44,-30,-49,-32,-49,-30,-62,-34,-55,-33,-60,-29,-60,-28,-65,-34,-69,-36,-67,-29,-71,-37,-74,-32,-72,-37,-76,-35,-73,-39,-81,-37,-84,-42,-77,-37,-77,-41,0,0]"
CSI_DATA,242,1a:00:00:00:00:00,-44,11,1,0,1,1,1,0,0,0,1,-96,0,11,2,3504758,0,44,0,384,0,"[0,0,0,0,0,0,0,0,0,0,0,0,12,-2,10,-2,10,-2,10,-2,9,-3,8,-2,7,-3,7,-3,6,-4,6,-4,5,-5,5,-5,4,-5,3,-5,3,-6,2,-7,2,-7,2,-7,1,-7,0,-7,1,-8,0,-8,0,-8,-1,-9,-1,-10,-1,-10,0,0,-2,-11,-1,-11,-1,-12,-1,-12,-1,-12,0,-12,0,-13,0,-12,0,-12,1,-12,1,-12,2,-11,2,-11,2,-11,3,-10,3,-10,3,-10,3,-9,4,-9,3,-8,4,-7,4,-7,4,-7,4,-6,5,-5,5,-4,0,0,0,0,0,0,0,0,0,0,0,0,0,0,77,8,77,7,70,1,62,4,63,3,57,-4,58,-4,55,-3,48,-6,41,-8,40,-11,38,-8,40,-12,35,-10,28,-15,29,-24,29,-22,26,-24,24,-29,18,-28,17,-32,16,-31,12,-35,11,-39,12,-38,10,-44,6,-42,3,-50,3,-52,3,-52,-1,-49,1,-57,7,-59,1,-58,5,-60,11,-65,4,-65,9,-65,13,-67,13,-62,13,-61,18,-61,21,-58,24,-60,24,-55,24,-57,23,-51,26,-48,24,-43,25,-41,26,-40,24,-38,28,-36,30,-30,30,-26,33,-22,29,-21,0,0,0,0,0,0,0,0,0,0,0,0,0,0,0,0,0,0,0,0,0,0,-55,6,-53,-2,-53,-6,-53,-5,-49,-11,-48,-12,-43,-18,-45,-16,-43,-18,-40,-15,-36,-16,-35,-17,-37,-15,-33,-13,-28,-12,-32,-12,-25,-6,-21,-6,-23,0,-24,2,-24,3,-20,10,-19,9,-20,12,-18,12,-15,18,-20,18,-18,23,-19,26,-17,31,-14,33,-17,37,-15,37,-12,43,-14,45,-14,48,-12,46,-11,49,-11,55,-5,60,-9,61,-5,59,-6,63,-6,67,-3,63,-5,65,-5,67,1,71,2,75,-1,80,-1,79,3,81,-5,84,-4,79,-1,84,-1,87,2,87,0,0]"
CSI_DATA,243,1a:00:00:00:00:00,-44,11,1,0,1,1,1,0,0,0,1,-96,0,11,2,3514788,0,44,0,384,0,"[0,0,0,0,0,0,0,0,0,0,0,0,-10,-8,-9,-7,-10,-6,-9,-6,-8,-6,-8,-5,-8,-4,-7,-4,-7,-3,-7,-2,-7,-2,-7,-1,-8,0,-7,0,-7,1,-7,2,-6,2,-6,2,-6,3,-6,4,-6,4,-6,5,-6,5,-6,6,-7,7,-7,7,0,0,-7,7,-7,8,-8,8,-8,8,-8,8,-9,8,-9,8,-9,7,-10,8,-10,7,-10,7,-10,6,-10,5,-10,5,-10,5,-10,4,-10,4,-9,3,-9,3,-9,2,-9,1,-9,1,-8,1,-8,0,-7,-1,-7,-2,0,0,0,0,0,0,0,0,0,0,0,0,0,0,-65,-42,-59,-42,-62,-40,-54,-38,-54,-35,-55,-33,-47,-26,-54,-24,-45,-20,-43,-21,-49,-15,-38,-11,-43,-2,-39,-3,-38,-4,-35,2,-40,8,-36,11,-31,13,-31,15,-32,20,-31,18,-25,24,-29,29,-25,29,-28,34,-24,35,-29,41,-25,44,-27,47,-29,46,-29,54,-29,49,-31,57,-31,52,-39,54,-36,54,-36,52,-40,53,-43,51,-39,47,-46,50,-44,51,-47,44,-49,40,-48,40,-49,38,-42,31,-43,31,-46,24,-47,23,-44,17,-42,16,-43,12,-40,10,-41,8,-41,2,0,0,0,0,0,0,0,0,0,0,0,0,0,0,0,0,0,0,0,0,0,0,51,22,51,26,44,25,44,34,36,35,36,39,32,34,32,35,28,35,25,30,26,34,26,28,22,28,24,24,20,22,19,18,21,22,17,17,19,10,21,8,22,6,21,5,19,-1,21,-3,23,-8,25,-10,21,-11,28,-12,26,-16,28,-23,25,-22,31,-25,32,-31,25,-34,34,-31,30,-38,29,-37,32,-42,34,-45,33,-49,33,-53,36,-52,38,-53,30,-58,33,-63,35,-59,33,-60,32,-66,37,-68,36,-70,41,-73,38,-74,44,-77,38,-71,43,-80,39,-79,43,-74,0,0]"
CSI_DATA,244,1a:00:00:00:00:00,-44,11,1,0,1,1,1,0,0,0,1,-96,0,11,2,3534800,0,44,0,384,0,"[0,0,0,0,0,0,0,0,0,0,0,0,-9,-9,-9,-9,-9,-7,-9,-7,-8,-6,-8,-6,-8,-5,-8,-4,-7,-4,-7,-3,-7,-3,-7,-2,-7,-1,-7,0,-7,0,-7,1,-7,1,-7,2,-7,2,-7,3,-7,3,-7,4,-7,4,-7,5,-8,6,-8,6,0,0,-8,7,-9,7,-10,7,-10,7,-10,7,-10,7,-11,7,-11,6,-11,6,-11,5,-11,5,-11,4,-11,4,-11,3,-11,3,-11,2,-10,2,-10,2,-10,0,-9,1,-9,0,-9,-1,-8,-1,-8,-2,-7,-2,-7,-3,0,0,0,0,0,0,0,0,0,0,0,0,0,0,-49,-59,-43,-61,-50,-54,-45,-48,-43,-50,-40,-43,-38,-40,-41,-39,-39,-31,-39,-34,-38,-25,-34,-25,-34,-20,-33,-14,-38,-16,-36,-8,-35,-4,-34,1,-38,0,-36,4,-36,12,-37,11,-32,18,-36,19,-35,21,-35,23,-38,25,-37,30,-40,29,-41,35,-41,30,-44,38,-46,38,-46,43,-46,44,-51,38,-53,38,-52,37,-54,34,-53,32,-53,30,-57,34,-57,26,-58,30,-60,23,-61,20,-55,14,-54,17,-54,11,-49,10,-50,8,-49,9,-44,3,-44,-3,-41,-5,-40,-6,-37,-12,0,0,0,0,0,0,0,0,0,0,0,0,0,0,0,0,0,0,0,0,0,0,44,31,37,40,33,40,32,44,33,40,27,42,22,40,21,42,20,44,17,38,18,38,16,34,17,34,13,30,13,25,12,27,20,21,14,22,17,22,16,15,18,13,19,9,20,10,17,1,23,2,26,-5,28,-3,26,-5,30,-7,31,-12,30,-14,37,-15,36,-21,36,-19,41,-24,42,-26,43,-28,42,-31,40,-35,43,-36,49,-39,44,-43,43,-41,48,-47,50,-44,47,-56,51,-55,54,-56,51,-55,58,-61,57,-63,57,-59,62,-59,61,-57,58,-67,64,-61,65,-58,0,0]"
CSI_DATA,245,1a:00:00:00:00:00,-44,11,1,0,1,1,1,0,0,0,1,-96,0,11,2,3555250,0,44,0,384,0,"[0,0,0,0,0,0,0,0,0,0,0,0,2,-12,2,-12,1,-11,1,-11,0,-9,0,-10,-1,-9,-1,-8,-1,-8,-2,-7,-2,-8,-3,-7,-3,-7,-4,-6,-4,-6,-5,-6,-6,-5,-6,-4,-6,-4,-7,-4,-7,-4,-8,-3,-8,-3,-9,-3,-10,-3,-10,-3,0,0,-11,-3,-11,-3,-12,-3,-11,-3,-12,-4,-11,-4,-12,-5,-11,-5,-12,-5,-11,-6,-11,-6,-10,-7,-10,-7,-10,-7,-9,-7,-9,-7,-8,-7,-8,-7,-7,-7,-6,-7,-6,-7,-5,-7,-4,-7,-4,-7,-3,-7,-2,-7,0,0,0,0,0,0,0,0,0,0,0,0,0,0,36,-69,32,-64,23,-60,24,-58,29,-61,21,-56,20,-53,15,-50,12,-46,11,-43,4,-43,5,-44,-1,-42,-4,-38,-3,-34,-9,-39,-10,-33,-12,-31,-16,-29,-19,-29,-25,-29,-22,-28,-27,-18,-32,-23,-30,-22,-35,-19,-38,-21,-45,-20,-44,-23,-51,-19,-46,-22,-49,-23,-54,-23,-54,-28,-57,-28,-54,-31,-56,-33,-53,-32,-51,-39,-52,-41,-53,-40,-50,-43,-49,-44,-46,-44,-39,-44,-42,-45,-37,-46,-34,-49,-29,-41,-28,-40,-23,-40,-22,-41,-20,-40,-13,-42,-10,-39,-8,-38,-4,-36,0,0,0,0,0,0,0,0,0,0,0,0,0,0,0,0,0,0,0,0,0,0,-9,53,-12,52,-18,51,-20,47,-25,44,-24,42,-23,40,-26,37,-23,38,-27,33,-24,33,-22,30,-19,32,-21,28,-22,21,-14,25,-11,23,-10,23,-8,18,-5,19,-1,17,1,20,6,18,6,20,12,21,12,20,18,21,15,21,22,23,26,22,23,24,32,21,30,25,34,25,39,26,40,23,43,23,46,21,44,22,53,20,51,22,57,22,58,22,60,25,59,19,66,20,66,22,71,23,71,20,77,25,72,24,79,19,78,28,78,23,79,27,78,27,77,34,0,0]"
CSI_DATA,246,1a:00:00:00:00:00,-44,11,1,0,1,1,1,0,0,0,1,-96,0,11,2,3585380,0,44,0,384,0,"[0,0,0,0,0,0,0,0,0,0,0,0,4,-12,3,-11,3,-10,3,-10,2,-9,2,-9,1,-9,0,-8,0,-8,-1,-7,-1,-7,-2,-7,-3,-7,-3,-6,-4,-6,-4,-6,-5,-5,-5,-5,-6,-4,-6,-5,-6,-4,-7,-4,-8,-4,-9,-4,-9,-4,-10,-4,0,0,-11,-4,-11,-4,-12,-5,-11,-4,-11,-5,-11,-5,-12,-5,-11,-5,-12,-6,-11,-6,-11,-7,-10,-7,-9,-7,-9,-7,-8,-7,-9,-8,-8,-7,-7,-7,-7,-7,-6,-7,-5,-7,-5,-7,-5,-7,-4,-7,-3,-7,-2,-7,0,0,0,0,0,0,0,0,0,0,0,0,0,0,52,-57,48,-53,36,-52,40,-52,35,-52,31,-46,32,-49,30,-46,23,-43,20,-45,14,-41,8,-37,9,-42,10,-38,-1,-36,-4,-34,-6,-36,-9,-31,-11,-30,-15,-32,-17,-30,-18,-33,-27,-28,-25,-26,-31,-26,-32,-26,-34,-25,-38,-27,-39,-26,-48,-28,-45,-23,-51,-27,-46,-31,-51,-31,-54,-33,-53,-34,-50,-39,-52,-38,-50,-43,-52,-42,-51,-40,-49,-41,-44,-46,-43,-46,-40,-46,-36,-45,-32,-45,-33,-45,-30,-40,-25,-39,-25,-41,-25,-41,-20,-39,-13,-41,-10,-40,-13,-41,-4,-38,0,0,0,0,0,0,0,0,0,0,0,0,0,0,0,0,0,0,0,0,0,0,-31,43,-36,34,-39,36,-43,29,-43,30,-40,26,-38,22,-39,24,-40,19,-38,22,-35,15,-32,16,-36,22,-27,15,-26,10,-27,14,-22,17,-19,15,-19,14,-13,17,-15,17,-7,17,-5,17,-1,22,1,23,3,24,9,27,6,28,8,32,12,28,17,30,14,32,21,35,24,38,24,35,27,40,32,38,33,34,36,36,43,35,38,41,46,41,43,42,49,41,47,38,58,46,57,41,61,44,62,40,63,48,63,42,68,42,66,51,66,47,70,50,69,48,67,51,0,0]"
CSI_DATA,247,1a:00:00:00:00:00,-44,11,1,0,1,1,1,0,0,0,1,-96,0,11,2,3594771,0,44,0,384,0,"[0,0,0,0,0,0,0,0,0,0,0,0,-3,11,-2,11,-1,10,-2,10,-1,9,-1,8,0,8,0,7,0,7,1,6,1,6,2,6,3,5,3,5,3,4,5,4,5,4,5,3,5,3,6,3,6,2,7,2,7,2,8,1,9,2,9,2,0,0,10,2,10,2,11,2,11,2,11,3,11,3,11,4,11,4,11,4,10,4,10,5,9,5,9,5,9,5,8,6,8,6,7,6,7,6,6,6,6,6,5,6,4,6,4,6,3,6,2,6,1,6,0,0,0,0,0,0,0,0,0,0,0,0,0,0,-38,65,-35,64,-28,65,-32,60,-29,56,-21,56,-23,49,-20,51,-16,45,-15,43,-10,43,-3,42,-5,43,0,39,0,34,7,36,6,35,15,30,14,30,17,26,26,30,18,29,25,25,29,24,33,23,38,20,37,21,43,21,43,25,49,25,50,22,53,25,50,25,57,27,56,24,60,32,57,33,58,31,50,34,55,37,49,38,54,41,49,40,49,41,42,42,39,44,39,43,34,43,33,43,30,42,24,41,21,38,19,39,15,37,15,38,9,38,4,35,0,0,0,0,0,0,0,0,0,0,0,0,0,0,0,0,0,0,0,0,0,0,14,-55,18,-50,21,-46,26,-47,26,-46,28,-43,27,-36,27,-35,30,-37,27,-30,28,-31,24,-29,23,-31,23,-25,20,-25,19,-25,14,-26,11,-20,13,-22,7,-20,3,-19,2,-22,-3,-23,-4,-19,-10,-20,-13,-25,-18,-25,-18,-26,-20,-25,-22,-26,-27,-24,-30,-30,-33,-23,-36,-30,-39,-29,-41,-28,-40,-29,-46,-31,-49,-29,-53,-28,-53,-31,-55,-27,-61,-28,-64,-27,-65,-27,-61,-28,-69,-29,-68,-26,-72,-31,-73,-30,-75,-31,-82,-27,-83,-37,-78,-31,-80,-37,-84,-39,-79,-31,0,0]"
CSI_DATA,248,1a:00:00:00:00:00,-44,11,1,0,1,1,1,0,0,0,1,-96,0,11,2,3614742,0,44,0,384,0,"[0,0,0,0,0,0,0,0,0,0,0,0,10,6,10,5,9,4,9,4,9,3,8,3,8,2,7,2,7,1,7,0,7,0,6,-1,6,-2,6,-3,5,-3,5,-4,5,-4,5,-5,4,-5,4,-6,4,-6,4,-7,4,-7,4,-8,5,-9,4,-9,0,0,4,-10,5,-11,5,-11,5,-11,5,-11,6,-11,6,-11,6,-11,6,-11,7,-10,7,-10,7,-9,8,-9,7,-8,8,-8,8,-7,7,-7,7,-7,7,-6,7,-6,7,-5,7,-4,7,-4,7,-3,7,-2,6,-2,0,0,0,0,0,0,0,0,0,0,0,0,0,0,63,47,58,43,59,36,54,36,53,36,47,31,47,26,49,26,45,21,42,17,37,14,40,14,40,5,33,4,33,-1,34,-4,40,-9,32,-10,30,-15,28,-13,29,-19,26,-22,24,-26,25,-29,25,-29,24,-32,20,-37,24,-42,20,-42,23,-50,20,-47,25,-50,26,-51,24,-55,25,-56,33,-52,31,-58,30,-54,37,-56,41,-51,39,-48,38,-52,41,-49,40,-47,43,-43,43,-40,43,-37,43,-39,44,-32,42,-29,42,-30,38,-26,38,-24,37,-14,40,-14,38,-11,35,-3,0,0,0,0,0,0,0,0,0,0,0,0,0,0,0,0,0,0,0,0,0,0,-46,-33,-40,-36,-35,-39,-34,-41,-34,-42,-25,-41,-25,-39,-20,-40,-22,-41,-21,-38,-20,-38,-16,-33,-21,-31,-20,-31,-16,-27,-14,-25,-18,-22,-18,-22,-17,-14,-16,-16,-20,-11,-21,-9,-20,-7,-24,0,-23,0,-24,5,-25,8,-23,12,-28,12,-28,16,-29,17,-34,23,-34,23,-37,27,-37,28,-37,33,-35,28,-35,37,-37,39,-38,45,-40,45,-35,46,-38,50,-41,53,-37,49,-39,57,-41,53,-40,58,-40,66,-44,70,-42,65,-39,69,-47,69,-42,69,-47,75,-44,72,-50,71,0,0]"
CSI_DATA,249,1a:00:00:00:00:00,-44,11,1,0,1,1,1,0,0,0,1,-96,0,11,2,3625128,0,44,0,384,0,"[0,0,0,0,0,0,0,0,0,0,0,0,-12,1,-11,1,-11,2,-10,1,-10,2,-9,2,-9,3,-7,3,-7,3,-6,3,-6,3,-5,4,-5,4,-4,5,-4,5,-3,6,-2,5,-2,6,-2,6,-1,7,-1,7,0,7,0,8,0,8,1,9,1,9,0,0,1,10,1,10,1,11,1,11,1,11,0,11,0,11,0,11,0,12,-1,11,-1,11,-2,11,-3,10,-3,10,-3,10,-3,9,-3,9,-3,8,-4,8,-4,8,-4,7,-4,7,-5,6,-5,5,-5,5,-5,4,0,0,0,0,0,0,0,0,0,0,0,0,0,0,-72,3,-74,2,-70,9,-63,3,-57,11,-57,8,-56,7,-53,11,-45,10,-43,12,-39,16,-36,17,-38,20,-32,16,-25,22,-24,24,-22,27,-18,26,-18,26,-10,30,-8,35,-10,34,-4,36,-1,37,0,36,0,45,2,40,6,43,10,48,14,53,12,47,10,54,11,52,12,56,12,58,9,66,7,61,5,63,0,65,3,61,-2,63,1,63,-6,63,-4,62,-7,60,-9,56,-11,50,-14,55,-14,51,-16,41,-19,41,-17,38,-19,39,-23,38,-24,31,-23,28,-24,23,0,0,0,0,0,0,0,0,0,0,0,0,0,0,0,0,0,0,0,0,0,0,49,-2,57,-16,49,16,50,-4,65,3,36,24,52,-2,5,54,60,1,50,-2,37,-13,16,4,57,5,26,-6,31,4,13,10,25,2,18,6,24,-11,19,-7,-1,-37,20,-28,45,-23,29,-1,39,-19,17,-9,21,-9,-5,-40,3,-27,5,-25,6,-37,9,-44,11,-28,12,-47,17,-46,-4,-42,-12,-46,5,-48,2,-52,-4,-57,0,-56,-3,-59,-7,-61,-8,-63,-7,-63,-11,-63,-8,-71,-10,-68,-11,-73,-15,-75,-15,-76,-18,-74,-12,-78,-10,-80,-19,-88,-13,-82,-8,-82,0,0]"
CSI_DATA,250,1a:00:00:00:00:00,-44,11,1,0,1,1,1,0,0,0,1,-96,0,11,2,3635535,0,44,0,384,0,"[0,0,0,0,0,0,0,0,0,0,0,0,11,-5,9,-6,9,-6,8,-5,8,-5,7,-5,6,-5,5,-5,5,-6,4,-6,4,-6,3,-7,3,-6,2,-6,2,-6,0,-7,0,-7,-1,-7,-1,-7,-2,-8,-2,-8,-3,-8,-3,-8,-4,-9,-4,-9,-5,-9,0,0,-5,-10,-5,-11,-5,-11,-5,-11,-5,-11,-4,-12,-4,-12,-4,-12,-3,-12,-3,-12,-2,-13,-1,-12,-1,-11,-1,-11,0,-11,0,-11,0,-11,0,-10,1,-10,1,-9,2,-9,2,-8,2,-8,3,-7,3,-7,4,-6,0,0,0,0,0,0,0,0,0,0,0,0,0,0,75,-25,78,-22,64,-22,65,-16,63,-22,52,-16,50,-24,52,-22,46,-25,41,-25,37,-19,34,-19,33,-30,27,-29,26,-29,18,-33,18,-34,16,-31,13,-33,7,-34,3,-36,2,-36,0,-36,-2,-43,-5,-40,-9,-43,-12,-45,-14,-48,-15,-50,-17,-51,-16,-50,-14,-54,-19,-56,-18,-55,-20,-59,-14,-64,-13,-61,-13,-65,-12,-68,-10,-62,-7,-67,-9,-69,-5,-63,-6,-63,3,-59,4,-61,6,-57,3,-59,8,-53,8,-49,11,-50,17,-45,15,-44,19,-39,18,-41,23,-35,24,-29,0,0,0,0,0,0,0,0,0,0,0,0,0,0,0,0,0,0,0,0,0,0,-50,27,-48,19,-54,20,-50,13,-51,10,-46,6,-43,7,-43,2,-48,3,-45,-1,-43,-2,-36,-1,-37,2,-38,0,-29,2,-33,0,-29,7,-28,5,-18,8,-21,8,-18,9,-17,15,-15,16,-9,21,-12,20,-7,20,-7,25,-5,29,-5,32,-3,32,0,33,-1,39,-3,45,4,44,5,45,6,46,5,47,11,52,12,55,17,53,16,57,20,59,15,58,21,64,23,58,26,63,22,65,31,68,33,66,32,74,32,76,34,73,29,77,30,77,35,84,31,79,26,78,0,0]"
CSI_DATA,251,1a:00:00:00:00:00,-44,11,1,0,1,1,1,0,0,0,1,-96,0,11,2,3644765,0,44,0,384,0,"[0,0,0,0,0,0,0,0,0,0,0,0,-9,-9,-9,-8,-9,-7,-9,-7,-8,-6,-8,-6,-8,-4,-8,-4,-7,-4,-7,-3,-7,-3,-7,-1,-7,-1,-7,0,-7,0,-7,1,-6,2,-7,2,-6,3,-7,4,-7,4,-7,5,-6,5,-7,6,-7,6,-7,7,0,0,-8,8,-8,8,-9,8,-8,8,-9,8,-9,8,-9,8,-10,8,-10,7,-10,7,-11,6,-11,6,-11,5,-10,5,-10,4,-10,4,-10,3,-9,3,-9,2,-9,2,-9,1,-9,1,-9,0,-8,0,-8,-1,-7,-2,0,0,0,0,0,0,0,0,0,0,0,0,0,0,-47,-58,-46,-56,-47,-48,-45,-47,-45,-45,-41,-42,-41,-39,-41,-38,-39,-33,-36,-31,-37,-27,-36,-20,-38,-24,-38,-14,-34,-7,-40,-9,-38,1,-35,3,-32,1,-32,10,-36,11,-33,13,-30,14,-32,16,-32,19,-34,28,-32,30,-34,33,-39,35,-37,36,-36,35,-39,39,-40,37,-42,44,-47,45,-44,37,-49,41,-50,39,-51,39,-52,34,-55,37,-50,36,-52,29,-54,31,-53,24,-57,23,-51,19,-53,23,-49,15,-46,10,-45,11,-44,5,-43,1,-45,2,-40,1,-39,-1,-35,-6,0,0,0,0,0,0,0,0,0,0,0,0,0,0,0,0,0,0,0,0,0,0,36,34,34,35,28,40,27,41,25,47,21,44,18,43,14,41,17,40,15,37,12,40,10,32,16,29,15,30,9,29,10,29,13,21,12,22,11,17,15,14,17,10,15,6,20,8,22,7,22,2,24,-2,21,-5,28,-1,30,-11,33,-12,32,-11,38,-13,37,-19,37,-20,40,-21,40,-22,41,-24,43,-32,42,-30,43,-35,45,-33,47,-35,49,-43,49,-45,45,-39,43,-47,49,-48,48,-53,50,-57,55,-58,55,-56,56,-63,56,-57,57,-60,60,-60,53,-59,65,-50,0,0]"
CSI_DATA,252,1a:00:00:00:00:00,-44,11,1,0,1,1,1,0,0,0,1,-96,0,11,2,3654763,0,44,0,384,0,"[0,0,0,0,0,0,0,0,0,0,0,0,10,5,10,4,10,3,9,3,9,2,7,2,8,1,7,1,7,0,6,0,6,-1,6,-2,6,-2,5,-3,5,-3,5,-4,5,-4,4,-5,4,-5,4,-6,4,-6,4,-7,3,-8,3,-8,4,-9,3,-9,0,0,4,-10,4,-10,4,-11,4,-11,5,-11,5,-11,6,-11,5,-10,6,-10,7,-10,7,-10,7,-9,7,-9,7,-8,7,-8,7,-8,7,-7,7,-6,7,-6,7,-6,7,-5,7,-4,7,-3,7,-3,6,-2,6,-1,0,0,0,0,0,0,0,0,0,0,0,0,0,0,64,38,58,40,63,36,55,33,55,31,49,28,48,22,44,23,46,21,42,16,40,10,38,6,41,5,35,1,35,4,31,-4,33,-8,30,-12,31,-12,30,-14,29,-24,27,-20,25,-28,24,-30,27,-32,23,-36,23,-36,26,-41,23,-42,25,-49,22,-44,27,-51,29,-53,28,-58,23,-56,34,-54,33,-59,29,-57,34,-55,36,-48,37,-53,40,-48,42,-46,42,-44,41,-42,45,-39,46,-36,42,-34,44,-31,39,-27,40,-28,40,-27,37,-20,39,-18,44,-14,37,-8,35,-5,0,0,0,0,0,0,0,0,0,0,0,0,0,0,0,0,0,0,0,0,0,0,-48,-25,-48,-29,-42,-32,-40,-35,-37,-34,-35,-38,-31,-35,-32,-37,-28,-35,-28,-34,-22,-34,-23,-29,-21,-29,-21,-29,-20,-21,-17,-22,-20,-20,-17,-17,-20,-15,-19,-13,-18,-3,-23,-4,-21,-2,-20,0,-23,6,-20,6,-26,9,-25,14,-27,12,-27,18,-28,20,-33,27,-32,31,-30,27,-30,34,-32,33,-32,37,-35,39,-34,47,-34,47,-32,48,-34,51,-37,51,-36,55,-31,52,-36,66,-30,63,-34,64,-31,67,-33,67,-36,70,-36,73,-42,70,-35,69,-47,75,-44,76,-41,74,0,0]"
CSI_DATA,253,1a:00:00:00:00:00,-44,11,1,0,1,1,1,0,0,0,1,-96,0,11,2,3665788,0,44,0,384,0,"[0,0,0,0,0,0,0,0,0,0,0,0,-9,-9,-8,-9,-8,-7,-8,-8,-8,-6,-7,-6,-8,-5,-7,-4,-7,-4,-7,-3,-7,-3,-7,-2,-7,-1,-7,-1,-7,0,-7,1,-7,1,-7,1,-7,3,-7,3,-7,3,-7,4,-7,4,-7,5,-8,6,-7,6,0,0,-8,7,-9,7,-9,8,-9,7,-10,7,-10,7,-10,7,-10,6,-11,6,-11,5,-11,5,-11,5,-11,4,-11,4,-10,3,-11,2,-10,2,-10,2,-9,2,-9,1,-9,0,-9,0,-8,0,-8,-1,-7,-2,-7,-2,0,0,0,0,0,0,0,0,0,0,0,0,0,0,-50,-60,-42,-56,-48,-53,-45,-53,-42,-47,-40,-43,-38,-40,-41,-39,-39,-33,-34,-30,-34,-27,-34,-20,-34,-20,-37,-14,-35,-12,-36,-2,-38,1,-34,-1,-33,3,-33,7,-33,11,-34,10,-30,16,-29,15,-32,21,-36,30,-32,26,-36,31,-39,35,-38,34,-41,36,-43,41,-40,36,-42,39,-43,44,-45,41,-47,45,-51,41,-53,39,-53,40,-54,35,-55,31,-58,32,-52,32,-54,25,-55,24,-56,20,-51,21,-52,16,-49,12,-49,10,-48,8,-45,7,-41,1,-41,0,-42,-6,-36,-7,0,0,0,0,0,0,0,0,0,0,0,0,0,0,0,0,0,0,0,0,0,0,39,42,32,45,26,44,22,44,19,45,18,44,15,41,14,39,12,47,10,36,14,43,10,36,9,33,11,32,9,29,9,27,12,24,10,20,13,19,14,13,11,12,20,16,16,8,18,5,25,0,25,-2,24,1,28,-3,26,-6,32,-9,29,-9,37,-16,33,-16,41,-19,40,-19,41,-24,43,-20,43,-29,44,-28,47,-31,50,-34,48,-37,51,-38,52,-41,47,-46,50,-51,53,-47,50,-50,52,-51,55,-50,60,-55,56,-57,67,-53,54,-51,61,-58,61,-57,63,-55,0,0]"
CSI_DATA,254,1a:00:00:00:00:00,-44,11,1,0,1,1,1,0,0,0,1,-96,0,11,2,3674763,0,44,0,384,0,"[0,0,0,0,0,0,0,0,0,0,0,0,11,0,11,0,10,0,10,0,9,-1,8,-1,8,-2,7,-2,7,-3,6,-3,6,-4,5,-4,5,-4,4,-5,4,-5,3,-6,3,-6,2,-6,2,-7,1,-7,1,-7,1,-8,0,-8,0,-9,0,-10,-1,-10,0,0,-1,-11,-1,-12,-1,-12,-1,-12,0,-12,0,-12,0,-12,0,-12,1,-12,1,-12,1,-13,2,-12,2,-11,2,-11,3,-10,3,-10,3,-10,3,-9,4,-9,3,-8,4,-8,4,-7,4,-7,4,-6,5,-5,5,-4,0,0,0,0,0,0,0,0,0,0,0,0,0,0,75,11,69,10,69,5,63,2,61,0,60,4,58,-5,57,1,47,-5,46,-6,43,-10,39,-12,35,-15,36,-18,34,-15,29,-25,28,-23,26,-26,21,-26,18,-28,14,-33,12,-34,7,-34,10,-39,4,-39,6,-44,1,-44,0,-47,-4,-50,-6,-58,-3,-55,-4,-54,-1,-58,-2,-64,-2,-61,-3,-67,-1,-68,1,-69,2,-67,9,-64,10,-65,11,-68,12,-65,12,-63,13,-59,15,-56,16,-53,19,-57,20,-47,22,-47,22,-43,21,-41,25,-42,30,-38,26,-31,30,-26,27,-22,0,0,0,0,0,0,0,0,0,0,0,0,0,0,0,0,0,0,0,0,0,0,-54,-9,-53,-13,-53,-14,-52,-20,-47,-16,-43,-26,-41,-23,-40,-21,-40,-26,-39,-22,-34,-25,-33,-19,-36,-20,-31,-19,-27,-16,-23,-13,-29,-8,-21,-12,-23,-4,-26,-5,-28,1,-22,-1,-23,7,-22,11,-19,11,-16,18,-17,20,-19,23,-22,23,-17,28,-18,30,-19,35,-21,37,-18,44,-20,46,-14,47,-18,48,-16,54,-16,53,-16,60,-16,56,-13,61,-11,67,-7,72,-8,66,-3,68,-6,67,-3,70,-3,76,-5,80,-10,84,-3,81,-10,84,-6,80,-5,88,-7,84,-6,89,0,0]"
CSI_DATA,255,1a:00:00:00:00:00,-44,11,1,0,1,1,1,0,0,0,1,-96,0,11,2,3695278,0,44,0,384,0,"[0,0,0,0,0,0,0,0,0,0,0,0,-12,-2,-11,-2,-11,-1,-11,-1,-10,-1,-9,-1,-9,0,-8,0,-7,0,-7,1,-7,1,-6,2,-6,2,-6,3,-5,3,-5,4,-4,4,-4,4,-4,5,-4,6,-4,6,-3,7,-3,7,-2,8,-3,8,-3,9,0,0,-3,9,-3,10,-3,10,-3,11,-4,10,-4,11,-4,11,-5,10,-5,10,-5,10,-6,10,-6,9,-6,8,-7,9,-7,8,-7,8,-6,7,-6,7,-7,6,-6,5,-7,5,-7,4,-7,4,-7,3,-7,2,-6,2,0,0,0,0,0,0,0,0,0,0,0,0,0,0,-70,-34,-66,-30,-65,-21,-60,-25,-58,-20,-57,-20,-52,-17,-54,-14,-51,-9,-44,-7,-43,-5,-40,-2,-42,-1,-39,2,-38,5,-28,12,-34,17,-29,15,-30,18,-23,20,-27,27,-25,22,-23,29,-25,33,-24,31,-19,37,-19,37,-15,44,-19,45,-12,47,-14,48,-18,53,-21,52,-21,56,-17,58,-25,59,-25,59,-25,59,-29,55,-34,55,-30,53,-34,54,-33,54,-35,52,-35,48,-39,44,-40,41,-40,41,-37,36,-40,32,-40,30,-38,27,-38,27,-38,18,-36,16,-39,15,-35,9,0,0,0,0,0,0,0,0,0,0,0,0,0,0,0,0,0,0,0,0,0,0,52,7,49,17,48,17,48,24,44,26,42,27,36,26,35,32,33,28,34,20,29,26,29,24,28,22,27,22,26,17,22,14,24,13,20,10,22,6,21,6,23,0,21,-1,18,-5,23,-9,23,-10,20,-13,19,-17,22,-19,24,-22,21,-23,23,-24,23,-31,26,-34,25,-33,25,-40,24,-36,23,-42,21,-48,23,-47,20,-56,22,-54,22,-60,24,-57,20,-63,18,-58,24,-63,21,-68,17,-70,21,-70,16,-73,20,-78,20,-75,22,-77,26,-75,26,-82,26,-81,26,-78,0,0]"
CSI_DATA,256,1a:00:00:00:00:00,-44,11,1,0,1,1,1,0,0,0,1,-96,0,11,2,3704802,0,44,0,384,0,"[0,0,0,0,0,0,0,0,0,0,0,0,-8,-10,-8,-8,-8,-8,-8,-8,-7,-7,-7,-6,-7,-5,-7,-5,-7,-4,-7,-4,-7,-3,-7,-2,-7,-1,-7,-1,-6,0,-7,1,-7,1,-7,2,-6,2,-7,3,-7,3,-7,4,-7,5,-7,5,-8,5,-8,6,0,0,-8,7,-9,7,-9,7,-9,7,-10,7,-10,7,-10,7,-10,7,-10,7,-11,6,-11,5,-11,5,-11,4,-10,4,-11,3,-10,3,-10,2,-10,2,-9,2,-9,1,-9,1,-8,0,-8,0,-8,-1,-8,-2,-7,-2,0,0,0,0,0,0,0,0,0,0,0,0,0,0,-48,-56,-44,-59,-53,-54,-47,-54,-44,-46,-35,-41,-43,-39,-44,-35,-39,-30,-38,-29,-38,-21,-36,-22,-36,-16,-34,-10,-39,-11,-37,-5,-37,-3,-37,-1,-33,4,-35,5,-33,14,-32,11,-34,18,-33,21,-30,24,-33,31,-32,27,-32,34,-30,33,-36,39,-39,39,-39,40,-39,42,-45,45,-40,47,-42,44,-48,46,-43,42,-50,45,-51,38,-49,39,-51,39,-52,38,-56,33,-51,27,-56,28,-54,25,-52,23,-48,18,-47,16,-50,14,-47,13,-44,10,-44,4,-42,1,-40,-3,-38,-4,0,0,0,0,0,0,0,0,0,0,0,0,0,0,0,0,0,0,0,0,0,0,41,37,33,42,29,43,26,49,22,43,23,46,17,42,13,41,16,42,10,39,11,40,11,34,14,36,11,34,9,30,8,26,13,26,11,22,12,21,14,16,14,10,16,11,22,8,25,3,21,1,22,0,26,-1,30,-3,30,-6,31,-11,31,-10,35,-14,37,-17,40,-20,40,-21,40,-24,43,-29,43,-25,41,-29,44,-39,47,-36,47,-39,49,-40,48,-42,46,-44,50,-52,50,-49,48,-54,49,-55,57,-59,52,-58,56,-60,60,-56,55,-56,58,-57,59,-61,59,-56,0,0]"
CSI_DATA,257,1a:00:00:00:00:00,-44,11,1,0,1,1,1,0,0,0,1,-96,0,11,2,3724836,0,44,0,384,0,"[0,0,0,0,0,0,0,0,0,0,0,0,1,-12,1,-11,0,-11,0,-10,0,-10,-1,-9,-1,-9,-1,-8,-2,-8,-2,-7,-3,-7,-3,-6,-4,-6,-4,-5,-5,-5,-5,-5,-6,-4,-6,-4,-6,-3,-7,-3,-7,-3,-8,-3,-8,-3,-9,-2,-10,-2,-9,-2,0,0,-11,-2,-11,-3,-11,-2,-11,-3,-11,-3,-12,-4,-12,-4,-11,-4,-11,-4,-11,-5,-11,-5,-10,-5,-10,-6,-10,-6,-9,-6,-9,-6,-8,-6,-8,-6,-7,-6,-7,-6,-6,-7,-5,-7,-5,-6,-4,-7,-3,-7,-2,-6,0,0,0,0,0,0,0,0,0,0,0,0,0,0,27,-68,26,-69,21,-67,17,-63,15,-67,14,-56,15,-57,9,-51,5,-53,4,-44,5,-47,1,-44,-3,-46,-4,-39,-7,-37,-15,-36,-14,-37,-17,-32,-18,-26,-26,-32,-30,-27,-28,-26,-29,-22,-34,-18,-35,-19,-42,-17,-45,-18,-43,-17,-48,-17,-53,-19,-55,-15,-54,-17,-59,-18,-58,-14,-63,-18,-59,-16,-61,-19,-65,-22,-65,-27,-64,-27,-61,-29,-55,-31,-54,-36,-53,-36,-50,-32,-53,-39,-46,-36,-47,-36,-37,-35,-38,-35,-34,-35,-33,-39,-31,-33,-23,-38,-20,-37,-18,-37,-13,-37,0,0,0,0,0,0,0,0,0,0,0,0,0,0,0,0,0,0,0,0,0,0,-12,55,-18,50,-21,50,-24,47,-29,46,-27,42,-24,40,-28,39,-28,38,-33,32,-26,30,-23,30,-25,28,-25,25,-22,23,-18,25,-18,26,-10,22,-10,20,-9,21,-2,21,-1,21,2,23,7,21,8,17,13,25,12,23,19,26,21,21,24,24,27,27,28,25,36,21,35,25,39,22,41,25,44,21,47,27,47,26,54,25,54,23,62,20,58,22,66,16,63,19,63,23,63,23,72,15,73,19,78,22,78,21,81,24,82,23,82,24,79,26,78,21,83,27,0,0]"
CSI_DATA,258,1a:00:00:00:00:00,-44,11,1,0,1,1,1,0,0,0,1,-96,0,11,2,3735898,0,44,0,384,0,"[0,0,0,0,0,0,0,0,0,0,0,0,-12,0,-12,0,-11,1,-11,1,-10,1,-9,1,-8,2,-8,2,-8,2,-7,3,-7,3,-6,4,-5,4,-5,4,-4,4,-4,5,-3,5,-3,6,-2,6,-2,6,-1,7,-1,7,-1,8,0,8,0,9,0,9,0,0,0,10,0,10,0,11,0,11,0,11,-1,11,-1,12,-1,12,-1,12,-2,11,-3,11,-3,11,-3,10,-4,10,-4,9,-4,10,-4,9,-4,8,-4,8,-5,7,-5,7,-5,6,-5,6,-5,5,-6,4,-6,3,0,0,0,0,0,0,0,0,0,0,0,0,0,0,-80,-17,-72,-14,-70,-9,-64,-8,-64,-3,-60,-7,-58,-9,-57,-3,-53,5,-43,2,-44,7,-43,9,-40,11,-36,12,-35,13,-31,20,-31,19,-23,23,-23,27,-20,26,-20,32,-15,30,-11,32,-13,36,-6,35,-10,40,-4,41,-5,47,0,50,3,52,-1,52,4,58,-3,60,-1,57,1,63,-1,63,-6,66,-3,66,-9,64,-9,67,-11,63,-13,64,-14,61,-19,62,-20,55,-20,60,-20,54,-21,55,-20,47,-26,45,-28,44,-25,41,-23,35,-26,34,-31,29,-31,24,-34,20,0,0,0,0,0,0,0,0,0,0,0,0,0,0,0,0,0,0,0,0,0,0,54,10,52,11,50,15,50,20,45,23,43,24,36,23,34,28,35,26,36,24,31,27,28,21,25,18,29,18,23,18,25,14,25,9,24,9,22,5,19,5,21,4,22,-3,23,-7,20,-10,22,-13,19,-12,20,-17,20,-21,19,-21,20,-28,19,-28,20,-35,20,-33,20,-39,19,-43,20,-44,20,-44,19,-53,14,-51,14,-56,18,-60,8,-56,12,-68,9,-68,9,-63,9,-75,9,-71,5,-74,9,-78,6,-82,5,-79,5,-87,10,-88,7,-83,9,-89,5,-86,8,-83,0,0]"
CSI_DATA,259,1a:00:00:00:00:00,-44,11,1,0,1,1,1,0,0,0,1,-96,0,11,2,3746104,0,44,0,384,0,"[0,0,0,0,0,0,0,0,0,0,0,0,11,-2,10,-2,9,-3,10,-3,8,-3,8,-3,7,-4,6,-4,6,-4,5,-4,5,-4,4,-5,4,-5,3,-5,3,-6,2,-6,1,-6,1,-6,1,-7,0,-7,0,-8,-1,-8,-1,-8,-1,-9,-1,-10,-2,-10,0,0,-2,-11,-1,-11,-2,-12,-2,-11,-1,-11,-1,-12,-1,-12,-1,-12,-1,-12,0,-12,1,-12,1,-11,2,-11,2,-11,2,-10,2,-10,2,-10,3,-9,3,-9,3,-8,3,-8,4,-7,4,-6,4,-6,4,-5,4,-5,0,0,0,0,0,0,0,0,0,0,0,0,0,0,79,8,69,7,74,1,66,3,64,4,59,1,57,1,58,-2,48,-6,45,-7,43,-8,39,-11,38,-15,35,-18,33,-15,25,-24,31,-26,26,-28,24,-30,20,-29,20,-33,18,-33,10,-40,9,-41,13,-35,8,-44,3,-40,2,-49,4,-49,-4,-55,2,-53,0,-58,5,-60,3,-62,1,-61,4,-66,8,-65,11,-65,15,-67,13,-63,10,-59,17,-61,16,-64,20,-63,24,-55,27,-53,29,-52,27,-50,28,-50,27,-41,30,-39,30,-38,32,-35,29,-30,31,-28,32,-25,33,-20,0,0,0,0,0,0,0,0,0,0,0,0,0,0,0,0,0,0,0,0,0,0,-56,8,-54,1,-53,-3,-56,-7,-52,-10,-47,-14,-44,-11,-43,-14,-43,-17,-39,-17,-39,-17,-36,-13,-42,-10,-33,-12,-31,-10,-29,-11,-28,-5,-26,-5,-23,-3,-19,1,-20,4,-26,8,-19,8,-17,13,-19,16,-16,17,-15,19,-16,26,-19,28,-18,32,-14,32,-16,40,-15,40,-15,40,-12,48,-13,49,-9,48,-7,51,-5,52,-6,56,-6,59,-4,67,-5,62,-2,67,0,69,0,68,-2,71,5,70,0,80,0,76,3,81,4,82,-2,87,-2,75,-1,91,3,88,-1,86,0,0]"
CSI_DATA,260,1a:00:00:00:00:00,-44,11,1,0,1,1,1,0,0,0,1,-96,0,11,2,3764843,0,44,0,384,0,"[0,0,0,0,0,0,0,0,0,0,0,0,-5,-12,-6,-11,-5,-10,-6,-10,-5,-9,-5,-8,-6,-8,-6,-7,-6,-7,-6,-5,-6,-5,-7,-4,-6,-4,-7,-3,-7,-3,-7,-2,-7,-1,-7,-1,-7,0,-8,1,-8,1,-8,2,-8,2,-9,3,-10,3,-10,4,0,0,-10,4,-11,4,-12,4,-12,4,-12,4,-12,3,-12,3,-12,3,-12,3,-12,1,-12,1,-12,1,-12,0,-11,0,-11,-1,-11,-1,-11,-1,-10,-1,-10,-2,-9,-2,-9,-3,-9,-3,-8,-3,-7,-4,-7,-4,-6,-4,0,0,0,0,0,0,0,0,0,0,0,0,0,0,-22,-69,-20,-73,-33,-65,-24,-62,-27,-61,-22,-60,-27,-53,-29,-48,-25,-46,-26,-43,-26,-33,-25,-32,-31,-30,-30,-27,-30,-23,-30,-18,-32,-15,-34,-11,-34,-12,-35,-5,-37,-4,-33,2,-37,6,-38,8,-36,7,-43,10,-44,17,-46,18,-44,20,-46,23,-52,22,-54,25,-53,23,-51,26,-60,26,-62,28,-64,20,-57,21,-61,17,-62,17,-63,12,-65,12,-66,10,-61,10,-58,0,-60,1,-61,3,-56,0,-54,-2,-50,-2,-50,-5,-50,-10,-45,-9,-40,-16,-37,-16,-36,-20,-31,-21,0,0,0,0,0,0,0,0,0,0,0,0,0,0,0,0,0,0,0,0,0,0,25,48,16,45,17,51,12,53,8,52,6,49,6,45,2,42,1,48,0,43,-3,41,3,37,1,38,4,35,2,28,-1,26,6,26,7,22,6,21,8,22,9,17,12,17,17,15,17,7,25,12,21,5,23,5,25,4,28,1,31,0,35,2,40,-2,41,-3,42,-5,45,-3,46,-8,49,-10,52,-16,51,-18,57,-20,54,-18,59,-23,56,-23,62,-26,63,-25,66,-25,67,-31,64,-32,67,-36,75,-37,72,-35,71,-41,77,-34,74,-34,77,-33,72,-36,77,-34,0,0]"
CSI_DATA,261,1a:00:00:00:00:00,-44,11,1,0,1,1,1,0,0,0,1,-96,0,11,2,3775496,0,44,0,384,0,"[0,0,0,0,0,0,0,0,0,0,0,0,-10,7,-9,7,-8,7,-8,6,-7,6,-7,6,-5,6,-5,6,-4,6,-4,6,-4,6,-2,6,-2,6,-1,6,-1,6,0,7,1,6,1,6,2,6,2,6,3,6,3,6,4,6,5,7,5,7,5,7,0,0,6,7,6,8,7,8,7,8,6,9,6,10,7,9,6,9,6,10,5,10,5,10,4,10,4,10,3,10,3,10,2,9,2,9,2,9,1,9,1,8,0,8,-1,7,-1,7,-2,7,-2,6,-3,6,0,0,0,0,0,0,0,0,0,0,0,0,0,0,-69,33,-63,29,-66,30,-56,30,-50,30,-52,29,-45,29,-43,31,-41,26,-39,29,-32,31,-28,29,-25,31,-21,31,-22,30,-10,33,-13,33,-12,34,-7,37,-1,31,3,38,4,35,12,36,11,38,12,36,16,36,13,36,23,37,21,44,31,44,23,43,32,49,25,49,34,51,36,47,30,61,30,56,30,56,26,56,25,55,23,58,22,56,19,59,18,61,15,59,8,54,10,56,7,55,7,51,2,53,0,49,4,46,-2,43,-10,41,-9,37,-9,35,-16,29,0,0,0,0,0,0,0,0,0,0,0,0,0,0,0,0,0,0,0,0,0,0,44,-30,52,-23,48,-19,49,-16,45,-14,48,-11,46,-8,44,-7,43,-2,41,-5,40,-4,34,-3,37,-5,34,-3,33,-1,27,-3,26,-11,24,-9,22,-10,19,-10,15,-9,9,-18,14,-17,8,-18,10,-20,6,-23,3,-26,6,-30,2,-33,1,-35,-1,-31,-5,-42,-6,-40,-9,-42,-11,-48,-15,-48,-11,-46,-19,-48,-18,-50,-24,-51,-24,-57,-26,-56,-26,-57,-30,-57,-34,-60,-35,-61,-35,-62,-37,-59,-37,-63,-38,-67,-39,-69,-43,-68,-41,-74,-38,-64,-48,-77,-46,-70,-39,-74,0,0]"
CSI_DATA,262,1a:00:00:00:00:00,-44,11,1,0,1,1,1,0,0,0,1,-96,0,11,2,3785984,0,44,0,384,0,"[0,0,0,0,0,0,0,0,0,0,0,0,-1,11,-1,11,0,10,0,10,0,9,0,9,1,8,1,7,2,7,2,6,2,6,3,5,3,5,4,4,4,4,5,3,5,3,5,2,6,2,6,2,7,1,7,1,7,1,8,0,9,0,9,0,0,0,10,0,10,0,11,0,11,0,11,0,11,1,12,1,11,1,12,1,11,2,11,2,10,3,10,3,10,3,9,3,9,4,8,4,8,4,7,4,7,4,7,5,6,4,5,5,4,5,4,5,3,5,0,0,0,0,0,0,0,0,0,0,0,0,0,0,-6,75,-8,68,2,63,-4,61,1,63,3,60,1,51,5,54,5,46,9,47,10,46,11,43,12,36,16,33,15,31,22,30,23,25,21,19,26,21,25,18,34,18,29,13,33,9,37,8,36,6,44,8,43,2,45,-1,49,-1,54,-3,51,-4,60,1,54,0,58,0,57,-1,61,2,63,2,64,6,65,6,62,13,59,9,64,12,61,13,59,15,57,16,56,18,54,16,49,22,47,21,43,24,41,25,40,25,33,24,30,26,26,28,25,30,21,29,0,0,0,0,0,0,0,0,0,0,0,0,0,0,0,0,0,0,0,0,0,0,-4,-53,3,-56,4,-50,9,-56,13,-45,15,-49,11,-43,17,-45,16,-44,18,-36,14,-37,13,-36,14,-34,15,-30,13,-28,9,-29,7,-28,5,-23,2,-22,-1,-22,-3,-23,-5,-26,-8,-20,-12,-19,-14,-15,-20,-19,-23,-17,-24,-19,-27,-17,-31,-16,-31,-13,-36,-12,-38,-19,-41,-16,-45,-14,-45,-13,-46,-11,-48,-8,-51,-8,-58,-8,-61,-5,-62,-6,-65,-5,-61,-6,-65,-2,-70,4,-70,-2,-72,0,-74,-1,-77,-1,-77,2,-82,5,-84,-1,-80,-2,-85,3,-88,-3,-81,-2,0,0]"
CSI_DATA,263,1a:00:00:00:00:00,-44,11,1,0,1,1,1,0,0,0,1,-96,0,11,2,3807104,0,44,0,384,0,"[0,0,0,0,0,0,0,0,0,0,0,0,0,-13,-1,-11,-1,-11,-1,-11,-2,-10,-1,-9,-2,-8,-2,-8,-3,-8,-3,-7,-3,-7,-4,-6,-4,-6,-5,-5,-5,-5,-6,-4,-6,-3,-7,-3,-6,-3,-7,-2,-8,-2,-8,-2,-9,-2,-9,-1,-10,-1,-10,-1,0,0,-11,-1,-12,-1,-12,-1,-13,-1,-11,-1,-12,-2,-12,-1,-12,-2,-12,-2,-12,-3,-12,-4,-11,-4,-11,-4,-10,-4,-10,-4,-10,-5,-10,-5,-9,-4,-9,-5,-8,-5,-7,-6,-7,-5,-6,-6,-6,-6,-5,-6,-4,-6,0,0,0,0,0,0,0,0,0,0,0,0,0,0,-6,-79,-6,-68,-16,-67,-15,-65,-10,-66,-13,-55,-15,-53,-15,-51,-20,-49,-13,-44,-24,-44,-22,-38,-31,-33,-27,-31,-25,-29,-31,-27,-31,-22,-32,-18,-28,-18,-35,-14,-39,-9,-38,-9,-33,-2,-39,0,-39,3,-41,6,-45,8,-51,12,-52,13,-55,13,-55,13,-57,13,-57,17,-62,18,-62,15,-65,10,-62,14,-63,15,-68,7,-68,8,-67,8,-68,2,-65,2,-65,-3,-61,-5,-61,-6,-60,-8,-58,-9,-54,-10,-49,-12,-49,-11,-49,-14,-44,-14,-40,-22,-36,-22,-34,-24,-25,-26,0,0,0,0,0,0,0,0,0,0,0,0,0,0,0,0,0,0,0,0,0,0,11,54,5,54,2,52,-1,56,-7,50,-6,47,-6,45,-9,47,-7,45,-11,43,-10,38,-11,37,-7,35,-10,33,-5,28,-3,29,-4,27,0,28,-1,22,5,23,3,22,6,19,12,19,13,13,18,13,21,14,22,11,24,12,29,9,35,8,34,8,38,6,40,6,44,6,47,4,47,5,51,0,53,-3,53,1,54,-4,58,-8,65,-10,63,-11,68,-14,66,-11,65,-16,68,-15,77,-22,76,-21,80,-18,77,-14,76,-15,80,-17,81,-14,87,-16,86,-23,84,-15,0,0]"
CSI_DATA,264,1a:00:00:00:00:00,-44,11,1,0,1,1,1,0,0,0,1,-96,0,11,2,3814768,0,44,0,384,0,"[0,0,0,0,0,0,0,0,0,0,0,0,-5,-11,-6,-11,-6,-10,-6,-10,-5,-9,-5,-8,-6,-7,-5,-7,-6,-7,-6,-5,-6,-5,-7,-4,-7,-4,-6,-3,-7,-2,-7,-2,-7,-1,-7,0,-8,0,-8,1,-8,1,-8,2,-8,2,-8,3,-9,3,-9,4,0,0,-10,4,-11,4,-11,4,-11,5,-11,4,-12,4,-11,4,-12,3,-12,3,-12,3,-12,2,-12,1,-12,1,-12,1,-11,0,-11,0,-10,0,-10,0,-10,-1,-9,-1,-9,-2,-8,-2,-8,-3,-8,-3,-7,-4,-6,-4,0,0,0,0,0,0,0,0,0,0,0,0,0,0,-24,-72,-24,-68,-28,-61,-29,-62,-28,-59,-29,-52,-28,-50,-27,-49,-25,-42,-29,-39,-26,-37,-27,-29,-34,-31,-30,-24,-33,-21,-33,-21,-33,-10,-31,-15,-32,-7,-35,-5,-39,0,-37,3,-34,5,-42,8,-41,8,-43,13,-41,15,-49,21,-47,19,-47,23,-46,23,-56,22,-56,24,-54,25,-56,29,-58,25,-59,22,-61,24,-63,22,-60,19,-66,20,-63,14,-62,15,-60,11,-60,5,-64,6,-57,2,-60,2,-52,-2,-53,-7,-47,-6,-44,-7,-41,-8,-46,-13,-39,-15,-33,-18,-31,-21,0,0,0,0,0,0,0,0,0,0,0,0,0,0,0,0,0,0,0,0,0,0,25,44,22,49,17,53,12,49,12,53,4,46,5,45,7,47,6,44,1,42,1,42,3,40,4,37,-4,35,1,31,2,30,3,23,4,25,8,23,6,17,15,14,11,16,16,16,17,9,23,12,24,5,25,4,25,2,30,2,35,-1,31,0,40,-4,44,-3,42,-9,45,-9,45,-11,48,-10,51,-17,52,-15,56,-19,52,-22,58,-24,57,-23,62,-28,58,-28,63,-32,65,-34,65,-35,65,-37,74,-39,71,-36,72,-40,77,-37,73,-37,79,-38,76,-36,77,-39,0,0]"
CSI_DATA,265,1a:00:00:00:00:00,-44,11,1,0,1,1,1,0,0,0,1,-96,0,11,2,3826530,0,44,0,384,0,"[0,0,0,0,0,0,0,0,0,0,0,0,8,-9,7,-9,6,-8,6,-8,5,-8,5,-8,4,-8,3,-7,3,-7,2,-7,1,-7,0,-8,0,-7,-1,-7,-1,-7,-2,-7,-3,-7,-3,-6,-4,-7,-4,-6,-4,-6,-5,-6,-6,-6,-7,-7,-7,-7,-8,-7,0,0,-9,-8,-8,-9,-9,-8,-9,-8,-9,-9,-8,-10,-8,-10,-8,-9,-8,-10,-7,-10,-7,-10,-6,-10,-6,-10,-6,-11,-4,-10,-5,-11,-4,-9,-4,-10,-3,-9,-3,-9,-2,-9,-1,-8,-1,-8,-1,-8,0,-7,1,-7,0,0,0,0,0,0,0,0,0,0,0,0,0,0,68,-43,65,-42,55,-44,53,-37,50,-43,44,-37,46,-38,37,-36,35,-36,30,-34,27,-35,24,-35,19,-38,16,-37,13,-36,11,-36,7,-35,3,-35,2,-36,-4,-34,-7,-40,-6,-37,-12,-35,-16,-35,-19,-37,-22,-38,-26,-42,-29,-41,-28,-42,-36,-43,-34,-43,-36,-47,-32,-42,-38,-51,-41,-53,-37,-53,-37,-53,-35,-57,-38,-58,-32,-56,-33,-57,-27,-59,-29,-59,-23,-62,-22,-55,-21,-63,-15,-57,-17,-56,-14,-48,-11,-48,-9,-49,-10,-49,-1,-46,2,-45,3,-41,5,-41,13,-35,0,0,0,0,0,0,0,0,0,0,0,0,0,0,0,0,0,0,0,0,0,0,-45,36,-45,30,-50,28,-50,20,-50,19,-44,17,-45,11,-47,10,-50,11,-46,9,-42,9,-37,7,-37,7,-38,8,-28,7,-30,9,-27,12,-24,10,-21,11,-18,16,-16,15,-13,17,-14,20,-5,15,-9,22,-2,27,-1,26,0,30,2,31,2,35,8,34,8,42,7,42,13,40,14,45,17,46,22,46,24,46,22,51,26,51,27,49,36,58,29,51,35,56,34,51,41,60,39,58,45,57,48,59,50,64,49,63,49,61,50,67,48,67,50,76,52,67,47,73,0,0]"
CSI_DATA,266,1a:00:00:00:00:00,-44,11,1,0,1,1,1,0,0,0,1,-96,0,11,2,3834741,0,44,0,384,0,"[0,0,0,0,0,0,0,0,0,0,0,0,-13,-1,-11,-1,-11,0,-11,0,-10,1,-9,0,-9,1,-8,2,-8,2,-7,2,-7,3,-7,3,-6,4,-5,4,-5,4,-4,5,-3,5,-3,6,-3,6,-2,7,-3,7,-2,7,-1,8,-1,8,-1,9,-1,9,0,0,0,10,-1,11,-1,11,-1,12,-1,11,-1,12,-1,12,-2,12,-2,12,-3,11,-3,11,-4,11,-4,10,-4,10,-4,10,-5,9,-5,9,-5,8,-5,8,-5,7,-5,6,-5,6,-6,6,-6,5,-6,4,-6,3,0,0,0,0,0,0,0,0,0,0,0,0,0,0,-37,-6,-38,-7,-35,-2,-33,-4,-32,-3,-29,-2,-29,-3,-29,0,-26,1,-27,1,-23,3,-20,6,-19,5,-19,7,-19,6,-17,9,-17,10,-14,11,-12,11,-12,15,-10,16,-9,14,-8,14,-8,17,-6,19,-5,19,-4,19,-2,22,-3,26,1,26,-1,24,-2,30,-1,29,-2,29,1,30,-3,32,-4,33,-5,30,-5,31,-8,32,-6,32,-7,31,-10,31,-9,31,-11,26,-11,27,-12,23,-12,26,-12,21,-14,22,-12,20,-14,20,-14,18,-16,16,-14,14,-17,12,-16,7,0,0,0,0,0,0,0,0,0,0,0,0,0,0,0,0,0,0,0,0,0,0,27,-1,25,3,27,5,25,6,24,9,21,9,21,8,21,10,21,10,20,10,19,10,16,9,16,8,16,7,14,7,13,6,14,4,12,3,13,2,10,0,11,-2,10,-3,8,-5,11,-7,9,-7,8,-9,7,-9,9,-11,10,-15,6,-15,8,-15,10,-17,9,-21,6,-23,7,-22,7,-22,7,-24,8,-25,6,-26,6,-29,6,-27,5,-32,5,-31,4,-35,3,-33,1,-34,2,-36,2,-38,-1,-38,1,-42,1,-41,0,-43,3,-42,2,-40,3,-44,3,-44,3,-43,0,0]"
CSI_DATA,267,1a:00:00:00:00:00,-44,11,1,0,1,1,1,0,0,0,1,-96,0,11,2,3844769,0,44,0,384,0,"[0,0,0,0,0,0,0,0,0,0,0,0,8,8,7,7,8,7,7,6,7,6,6,5,7,4,6,4,6,3,6,2,6,2,6,1,6,0,6,0,6,-1,6,-2,6,-2,5,-2,6,-3,6,-4,6,-4,6,-5,6,-5,6,-6,7,-6,6,-7,0,0,7,-7,8,-8,8,-8,9,-8,8,-8,9,-7,9,-8,9,-7,9,-7,10,-6,10,-6,9,-5,10,-5,9,-4,9,-4,9,-3,9,-3,9,-3,8,-2,8,-2,8,-1,8,-1,7,0,7,0,6,1,6,2,0,0,0,0,0,0,0,0,0,0,0,0,0,0,57,53,54,50,54,45,48,45,49,43,38,38,42,36,44,31,45,30,41,23,38,23,38,19,34,13,40,10,35,9,31,1,35,-2,35,-5,32,-7,35,-9,32,-13,37,-15,30,-21,30,-20,29,-28,35,-29,31,-32,32,-35,33,-40,30,-45,34,-38,36,-44,40,-46,42,-48,38,-45,47,-43,46,-43,47,-47,48,-42,50,-38,52,-44,53,-35,56,-34,50,-34,51,-27,53,-26,52,-24,51,-21,46,-18,48,-14,46,-12,45,-11,46,-10,46,-7,40,-5,38,0,35,9,0,0,0,0,0,0,0,0,0,0,0,0,0,0,0,0,0,0,0,0,0,0,-46,-29,-42,-34,-40,-38,-38,-40,-35,-42,-32,-41,-28,-39,-24,-40,-25,-38,-22,-37,-19,-37,-20,-36,-21,-31,-17,-30,-15,-27,-15,-31,-17,-24,-16,-21,-16,-20,-22,-14,-20,-13,-20,-9,-24,-9,-24,0,-27,-1,-26,2,-27,4,-25,7,-32,7,-29,15,-32,17,-34,20,-38,19,-35,23,-41,24,-39,28,-43,29,-42,32,-42,34,-39,41,-41,41,-47,43,-44,44,-47,48,-42,49,-41,53,-46,52,-44,55,-47,58,-52,63,-49,63,-47,64,-53,61,-52,64,-62,69,-55,62,-56,67,0,0]"
CSI_DATA,268,1a:00:00:00:00:00,-44,11,1,0,1,1,1,0,0,0,1,-96,0,11,2,3864782,0,44,0,384,0,"[0,0,0,0,0,0,0,0,0,0,0,0,7,8,8,7,8,7,7,6,7,5,6,5,6,4,7,3,6,3,6,2,6,1,6,1,6,0,6,-1,6,-1,6,-2,5,-3,6,-3,5,-3,6,-4,6,-4,6,-5,6,-5,6,-6,7,-7,6,-7,0,0,7,-8,8,-8,8,-8,8,-9,8,-8,9,-8,9,-8,9,-7,9,-8,9,-7,9,-7,10,-6,9,-5,9,-5,9,-4,9,-4,9,-4,8,-3,8,-3,8,-2,8,-2,8,-1,7,-1,7,0,6,1,5,1,0,0,0,0,0,0,0,0,0,0,0,0,0,0,46,56,49,56,49,48,43,47,45,46,36,38,41,37,39,35,41,28,35,26,36,23,31,21,36,18,36,13,35,10,35,7,39,1,37,-3,33,-7,34,-7,37,-16,35,-13,31,-18,32,-23,33,-24,35,-28,33,-30,34,-35,32,-36,37,-41,35,-40,38,-41,43,-43,40,-47,41,-51,45,-45,49,-49,47,-48,47,-43,51,-44,51,-38,55,-39,51,-38,51,-36,46,-31,52,-29,51,-25,50,-24,50,-16,49,-19,51,-17,46,-14,46,-9,46,-5,41,-3,40,1,36,9,0,0,0,0,0,0,0,0,0,0,0,0,0,0,0,0,0,0,0,0,0,0,-41,-40,-36,-38,-33,-48,-31,-45,-26,-45,-24,-48,-18,-43,-19,-44,-19,-43,-17,-41,-15,-39,-11,-38,-16,-35,-17,-31,-12,-26,-10,-33,-17,-28,-13,-24,-15,-21,-15,-18,-16,-17,-19,-16,-20,-9,-24,-4,-25,-6,-21,-1,-29,1,-28,4,-33,9,-36,10,-30,9,-38,19,-40,15,-42,18,-39,21,-46,21,-42,25,-47,30,-48,33,-44,37,-48,34,-49,39,-49,38,-51,41,-51,44,-55,46,-52,47,-52,53,-51,52,-59,54,-52,57,-54,58,-63,56,-58,56,-62,59,-57,60,-61,56,0,0]"
CSI_DATA,269,1a:00:00:00:00:00,-44,11,1,0,1,1,1,0,0,0,1,-96,0,11,2,3874860,0,44,0,384,0,"[0,0,0,0,0,0,0,0,0,0,0,0,11,-3,10,-3,10,-4,9,-4,9,-4,7,-3,7,-4,6,-4,6,-5,5,-5,5,-5,4,-5,3,-6,3,-6,3,-6,2,-7,1,-7,1,-7,0,-7,0,-8,0,-8,-1,-8,-1,-9,-2,-9,-2,-10,-2,-10,0,0,-2,-11,-2,-11,-2,-12,-3,-12,-2,-12,-2,-12,-2,-12,-2,-12,-1,-13,0,-12,0,-12,1,-12,1,-11,1,-11,2,-11,2,-10,2,-10,2,-9,2,-9,2,-9,3,-8,3,-8,4,-7,4,-6,4,-6,4,-5,0,0,0,0,0,0,0,0,0,0,0,0,0,0,74,-22,67,-18,62,-19,58,-19,62,-18,51,-18,50,-19,47,-21,45,-21,40,-18,33,-27,35,-27,33,-28,29,-25,24,-26,20,-30,18,-31,16,-29,14,-32,7,-36,5,-31,2,-36,1,-32,-5,-35,-4,-39,-8,-44,-11,-45,-14,-50,-14,-47,-19,-48,-13,-47,-21,-53,-18,-56,-19,-56,-17,-58,-14,-54,-17,-65,-19,-58,-13,-63,-11,-64,-8,-64,-6,-60,-1,-63,-2,-61,4,-59,7,-59,5,-54,5,-58,4,-50,10,-48,9,-44,14,-46,17,-41,16,-43,22,-36,20,-32,24,-28,0,0,0,0,0,0,0,0,0,0,0,0,0,0,0,0,0,0,0,0,0,0,-48,23,-50,17,-47,14,-48,10,-51,9,-49,-1,-49,4,-45,3,-49,-2,-42,0,-43,-1,-40,-3,-42,-2,-34,-2,-32,-2,-31,-3,-31,3,-27,2,-23,4,-24,10,-21,8,-20,14,-16,15,-15,18,-15,19,-11,24,-11,23,-9,26,-8,26,-2,33,3,30,-3,39,-1,41,0,42,1,43,5,46,7,50,10,52,11,50,8,53,13,57,11,57,15,58,20,63,17,56,22,64,25,66,24,65,27,69,26,70,25,72,28,76,24,76,23,78,23,82,25,79,24,83,0,0]"
CSI_DATA,270,1a:00:00:00:00:00,-44,11,1,0,1,1,1,0,0,0,1,-96,0,11,2,3895824,0,44,0,384,0,"[0,0,0,0,0,0,0,0,0,0,0,0,-6,-12,-6,-10,-7,-9,-6,-9,-6,-8,-6,-7,-7,-7,-6,-6,-6,-5,-6,-5,-7,-5,-7,-4,-7,-3,-7,-2,-7,-2,-8,-1,-7,-1,-7,0,-7,1,-8,1,-8,2,-8,3,-8,2,-9,3,-9,4,-9,4,0,0,-10,5,-11,4,-11,4,-11,5,-11,4,-12,4,-12,4,-12,4,-12,4,-12,2,-12,2,-12,1,-12,1,-11,1,-11,0,-11,0,-11,0,-10,0,-10,-1,-9,-1,-9,-2,-9,-2,-8,-3,-7,-3,-7,-4,-6,-4,0,0,0,0,0,0,0,0,0,0,0,0,0,0,-39,-66,-31,-64,-40,-59,-37,-57,-34,-53,-30,-47,-33,-48,-33,-45,-28,-43,-33,-38,-33,-30,-33,-22,-36,-23,-35,-23,-32,-22,-34,-12,-39,-11,-36,-7,-33,-2,-38,-1,-38,5,-39,4,-35,11,-38,11,-36,10,-37,18,-39,19,-40,24,-41,24,-43,30,-44,24,-47,30,-49,29,-51,30,-54,33,-56,34,-59,30,-59,32,-59,24,-60,29,-60,23,-62,16,-64,17,-63,18,-58,13,-59,11,-57,5,-54,4,-51,1,-51,2,-50,-5,-46,-5,-48,-7,-40,-12,-41,-13,-35,-12,-36,-18,0,0,0,0,0,0,0,0,0,0,0,0,0,0,0,0,0,0,0,0,0,0,35,41,27,43,27,47,21,49,18,49,16,47,16,44,12,44,11,47,7,43,8,43,8,38,9,35,3,35,3,28,7,27,9,31,7,24,8,18,12,19,11,16,16,16,14,14,21,9,22,8,23,6,23,8,25,4,29,-1,35,-5,33,-2,39,-10,38,-15,36,-16,45,-13,40,-20,49,-19,49,-19,47,-19,50,-28,52,-27,53,-31,55,-32,58,-34,56,-36,51,-37,54,-39,58,-44,59,-45,64,-45,64,-47,65,-48,72,-44,71,-48,72,-50,71,-47,73,-41,0,0]"
CSI_DATA,271,1a:00:00:00:00:00,-44,11,1,0,1,1,1,0,0,0,1,-96,0,11,2,3904777,0,44,0,384,0,"[0,0,0,0,0,0,0,0,0,0,0,0,11,-4,10,-4,9,-4,9,-4,9,-4,7,-4,7,-5,6,-5,5,-5,5,-5,5,-5,4,-6,3,-6,3,-6,3,-6,1,-7,1,-7,1,-7,0,-7,-1,-8,-1,-8,-2,-8,-2,-8,-2,-9,-2,-10,-3,-10,0,0,-4,-11,-3,-11,-4,-12,-4,-12,-3,-12,-3,-12,-3,-12,-3,-13,-2,-13,-2,-12,-1,-12,0,-12,0,-12,0,-12,1,-11,1,-11,1,-10,1,-10,2,-10,2,-9,3,-8,3,-8,3,-8,3,-7,4,-6,4,-5,0,0,0,0,0,0,0,0,0,0,0,0,0,0,70,-7,69,-3,71,-12,60,-9,61,-7,54,-12,56,-9,51,-11,48,-13,41,-15,42,-17,33,-18,33,-18,30,-22,30,-22,24,-22,25,-29,22,-28,19,-30,11,-33,10,-32,10,-36,6,-37,5,-37,4,-38,1,-38,-2,-44,-8,-47,-8,-48,-9,-51,-12,-51,-9,-58,-4,-59,-11,-61,-11,-59,-3,-63,-4,-64,-4,-65,0,-65,3,-61,0,-61,0,-63,4,-62,6,-60,12,-58,13,-57,15,-53,13,-49,14,-48,17,-47,20,-40,21,-38,21,-39,21,-36,27,-34,27,-26,25,-21,0,0,0,0,0,0,0,0,0,0,0,0,0,0,0,0,0,0,0,0,0,0,-53,16,-50,10,-52,4,-52,1,-55,-1,-48,-1,-47,-7,-41,-7,-48,-4,-44,-8,-39,-11,-35,-5,-37,-11,-37,-9,-33,-11,-29,-7,-33,-3,-25,-3,-23,2,-25,4,-18,3,-21,10,-19,12,-15,16,-15,18,-13,20,-12,20,-16,27,-11,24,-11,31,-10,31,-7,40,-6,42,-8,40,-5,45,-6,46,-3,44,2,50,1,53,2,55,3,55,8,64,3,59,9,65,13,67,7,65,9,67,14,71,13,69,14,78,15,77,16,75,11,83,12,81,19,82,16,83,14,76,0,0]"
CSI_DATA,272,1a:00:00:00:00:00,-44,11,1,0,1,1,1,0,0,0,1,-96,0,11,2,3914766,0,44,0,384,0,"[0,0,0,0,0,0,0,0,0,0,0,0,-8,9,-7,8,-7,8,-6,8,-6,7,-5,7,-4,7,-4,7,-3,7,-2,6,-2,6,-1,6,-1,6,0,6,0,6,2,6,2,5,2,5,3,5,4,5,4,5,5,5,5,5,6,6,6,6,7,6,0,0,8,6,8,6,8,7,8,7,7,7,8,7,8,7,7,8,8,9,7,8,7,9,6,9,5,9,5,9,5,8,4,9,4,8,3,8,3,8,2,7,2,8,1,7,1,7,0,7,-1,7,-2,6,0,0,0,0,0,0,0,0,0,0,0,0,0,0,-57,44,-59,42,-50,42,-47,40,-50,42,-42,40,-41,36,-37,36,-35,36,-26,33,-23,35,-21,38,-15,37,-20,33,-15,35,-8,33,-6,36,-1,36,2,33,4,34,8,37,10,33,11,29,17,35,15,31,25,35,26,32,25,38,29,38,35,40,36,39,35,42,32,44,37,45,42,44,34,47,38,48,39,48,35,53,36,53,32,54,24,56,23,56,24,59,19,51,19,53,16,53,13,53,10,46,12,48,9,46,3,44,0,41,-3,44,-6,40,-10,37,-9,33,0,0,0,0,0,0,0,0,0,0,0,0,0,0,0,0,0,0,0,0,0,0,34,-41,38,-34,40,-34,42,-31,44,-30,42,-23,40,-23,38,-19,41,-20,42,-21,37,-12,36,-13,35,-14,33,-13,29,-12,26,-12,23,-14,19,-17,22,-14,18,-17,14,-21,8,-21,9,-18,5,-24,2,-20,-2,-26,-1,-25,-5,-31,-5,-30,-6,-29,-11,-31,-14,-33,-14,-39,-23,-36,-20,-46,-24,-42,-23,-43,-27,-43,-32,-45,-33,-49,-35,-43,-40,-45,-38,-47,-42,-49,-44,-49,-47,-43,-49,-47,-50,-49,-50,-51,-57,-60,-54,-54,-61,-55,-55,-56,-58,-59,-56,-63,-51,-58,-59,-63,0,0]"
CSI_DATA,273,1a:00:00:00:00:00,-44,11,1,0,1,1,1,0,0,0,1,-96,0,11,2,3924805,0,44,0,384,0,"[0,0,0,0,0,0,0,0,0,0,0,0,11,0,11,0,10,-1,10,-1,9,-1,8,-1,8,-2,7,-2,7,-3,6,-3,6,-4,6,-4,5,-5,4,-5,4,-5,3,-6,3,-6,2,-6,2,-7,2,-8,1,-8,1,-8,1,-8,0,-9,0,-10,0,-10,0,0,0,-11,0,-11,0,-12,0,-12,1,-13,1,-12,1,-12,1,-12,1,-12,2,-11,2,-12,3,-12,3,-11,4,-11,4,-10,4,-10,4,-9,4,-9,4,-8,4,-8,5,-7,5,-7,5,-6,5,-5,5,-5,5,-4,0,0,0,0,0,0,0,0,0,0,0,0,0,0,72,16,70,19,68,9,62,7,65,11,56,5,58,4,50,2,50,-4,47,-5,42,-7,40,-8,36,-8,36,-12,34,-13,29,-17,31,-22,25,-20,24,-23,22,-23,21,-27,16,-32,13,-31,14,-36,13,-39,10,-41,10,-40,5,-48,8,-49,9,-51,8,-53,5,-58,7,-57,6,-59,5,-64,10,-56,12,-65,8,-67,16,-65,15,-58,19,-62,21,-62,23,-56,21,-61,22,-53,28,-54,26,-46,27,-53,22,-38,24,-42,26,-42,29,-37,31,-34,34,-32,30,-27,30,-21,30,-14,0,0,0,0,0,0,0,0,0,0,0,0,0,0,0,0,0,0,0,0,0,0,-54,-4,-51,-13,-53,-17,-48,-19,-45,-21,-43,-21,-43,-25,-42,-24,-39,-25,-35,-24,-34,-26,-33,-23,-34,-20,-32,-20,-22,-18,-28,-16,-27,-13,-21,-6,-23,-7,-23,-7,-20,-3,-24,2,-24,3,-21,9,-27,10,-20,15,-21,14,-20,19,-24,21,-23,24,-19,29,-20,33,-23,30,-20,39,-24,39,-21,42,-18,40,-18,46,-21,49,-19,57,-19,52,-14,59,-13,55,-13,66,-14,59,-7,62,-5,67,-7,68,-9,73,-12,78,-11,75,-13,79,-13,79,-12,80,-14,89,-12,79,-14,83,0,0]"
CSI_DATA,274,1a:00:00:00:00:00,-44,11,1,0,1,1,1,0,0,0,1,-96,0,11,2,3935972,0,44,0,384,0,"[0,0,0,0,0,0,0,0,0,0,0,0,0,12,1,11,1,11,1,10,1,9,1,8,2,8,2,7,2,7,3,6,3,6,4,5,4,5,4,4,4,4,5,3,5,3,6,2,6,2,6,1,7,1,8,0,7,1,8,0,9,0,9,0,0,0,10,-1,10,0,11,0,11,-1,11,0,11,1,12,0,11,1,12,1,12,2,11,2,10,3,10,3,10,3,9,4,9,4,8,4,8,4,7,4,7,4,6,5,6,5,5,5,4,5,4,5,3,5,0,0,0,0,0,0,0,0,0,0,0,0,0,0,-9,35,-10,36,-5,33,-4,33,-5,33,-6,29,-3,29,-3,26,-2,24,1,23,0,22,3,21,5,20,5,19,6,17,9,15,10,13,9,14,10,12,14,12,15,11,14,10,15,8,17,7,19,6,20,7,22,4,24,5,23,5,27,3,26,5,28,4,27,5,31,5,27,4,30,7,31,5,30,6,30,8,33,8,31,11,30,11,29,12,28,14,23,14,27,15,23,13,22,16,21,16,20,16,20,15,19,15,14,15,14,16,11,17,11,16,7,18,0,0,0,0,0,0,0,0,0,0,0,0,0,0,0,0,0,0,0,0,0,0,0,-27,2,-28,7,-27,7,-26,8,-25,9,-25,9,-21,10,-21,11,-23,10,-20,11,-19,10,-18,10,-17,8,-16,9,-15,4,-16,5,-14,4,-14,3,-13,-1,-11,0,-13,-2,-14,-4,-11,-4,-11,-8,-11,-9,-12,-9,-11,-10,-12,-12,-11,-14,-10,-13,-9,-18,-11,-19,-10,-21,-9,-22,-10,-23,-11,-24,-10,-26,-10,-28,-8,-29,-10,-28,-9,-32,-6,-30,-8,-34,-6,-31,-6,-37,-5,-37,-5,-38,-4,-35,-3,-40,-5,-40,-7,-42,-4,-42,-7,-42,-5,-42,-9,-39,-6,-43,-6,0,0]"
CSI_DATA,275,1a:00:00:00:00:00,-44,11,1,0,1,1,1,0,0,0,1,-96,0,11,2,3944777,0,44,0,384,0,"[0,0,0,0,0,0,0,0,0,0,0,0,3,-12,2,-12,1,-11,1,-11,1,-10,1,-10,-1,-9,-1,-8,-2,-8,-2,-8,-2,-8,-3,-7,-3,-7,-4,-6,-4,-6,-5,-5,-5,-5,-5,-5,-6,-4,-7,-4,-7,-4,-8,-4,-8,-4,-9,-3,-9,-4,-10,-3,0,0,-10,-3,-11,-4,-12,-4,-11,-4,-11,-4,-12,-5,-12,-5,-11,-5,-12,-5,-11,-6,-11,-7,-10,-7,-9,-7,-9,-7,-9,-7,-8,-7,-8,-7,-7,-7,-7,-7,-6,-7,-5,-7,-5,-7,-4,-7,-4,-7,-2,-7,-2,-7,0,0,0,0,0,0,0,0,0,0,0,0,0,0,15,-34,15,-31,12,-33,11,-32,11,-29,8,-28,11,-28,8,-28,6,-27,5,-24,3,-21,1,-23,-1,-21,-2,-19,-4,-19,-5,-18,-6,-17,-8,-17,-9,-18,-11,-14,-12,-17,-13,-15,-15,-11,-16,-12,-14,-12,-19,-12,-19,-11,-21,-13,-23,-11,-24,-12,-24,-11,-27,-13,-27,-12,-29,-12,-26,-12,-29,-16,-30,-12,-30,-15,-28,-18,-27,-17,-25,-18,-25,-21,-24,-20,-26,-22,-23,-21,-20,-21,-19,-22,-19,-22,-17,-20,-16,-22,-15,-19,-13,-21,-12,-21,-7,-20,-7,-22,-4,-21,-2,-19,0,0,0,0,0,0,0,0,0,0,0,0,0,0,0,0,0,0,0,0,0,0,-7,25,-9,25,-10,24,-13,25,-14,21,-14,19,-14,19,-14,18,-17,18,-15,18,-15,17,-12,13,-12,15,-13,12,-13,10,-10,10,-7,13,-6,10,-4,11,-4,10,-3,12,-1,12,0,9,2,11,3,11,2,11,6,11,8,13,6,13,9,12,11,10,14,13,15,12,18,13,18,13,20,13,20,14,22,12,24,13,26,12,26,12,26,12,28,12,30,13,30,12,30,12,30,10,34,11,35,13,37,12,36,13,39,12,39,15,35,14,40,16,40,13,39,13,0,0]"
CSI_DATA,276,1a:00:00:00:00:00,-44,11,1,0,1,1,1,0,0,0,1,-96,0,11,2,3964778,0,44,0,384,0,"[0,0,0,0,0,0,0,0,0,0,0,0,-3,-12,-3,-12,-4,-11,-3,-11,-4,-10,-3,-9,-4,-9,-4,-8,-4,-7,-4,-6,-5,-6,-6,-6,-6,-5,-6,-4,-6,-4,-7,-3,-7,-3,-7,-2,-7,-2,-8,-1,-8,-1,-8,0,-8,0,-10,0,-10,0,-10,1,0,0,-11,1,-11,1,-12,1,-12,1,-12,1,-13,0,-13,0,-12,-1,-13,-1,-12,-1,-12,-2,-12,-2,-11,-3,-11,-3,-11,-3,-10,-4,-10,-4,-10,-3,-9,-5,-8,-4,-8,-5,-7,-5,-7,-5,-6,-5,-6,-6,-5,-6,0,0,0,0,0,0,0,0,0,0,0,0,0,0,-9,-79,-2,-76,-9,-69,-12,-67,-10,-61,-8,-62,-11,-54,-10,-52,-12,-48,-14,-46,-20,-44,-19,-42,-22,-40,-20,-30,-21,-34,-22,-30,-30,-24,-24,-20,-28,-18,-34,-16,-38,-13,-36,-10,-35,-4,-36,-3,-39,-2,-45,-1,-44,-1,-45,5,-51,3,-53,8,-52,7,-60,10,-56,5,-61,9,-59,11,-63,2,-66,8,-61,4,-68,1,-61,2,-62,2,-63,-5,-60,-11,-64,-9,-60,-14,-63,-8,-56,-14,-53,-14,-49,-16,-51,-14,-47,-17,-42,-20,-41,-19,-38,-23,-29,-25,-29,-26,-25,-31,0,0,0,0,0,0,0,0,0,0,0,0,0,0,0,0,0,0,0,0,0,0,8,53,4,54,1,54,-6,54,-7,50,-11,49,-9,49,-9,48,-10,44,-13,42,-15,41,-11,39,-13,37,-12,34,-12,32,-8,31,-4,29,-4,25,0,24,5,22,6,18,7,21,10,22,13,19,14,19,19,16,20,17,25,17,27,12,30,11,33,11,40,11,42,11,40,7,45,6,44,9,50,7,52,2,56,5,63,-1,57,-1,59,-4,63,-6,66,-7,66,-7,68,-17,70,-11,72,-15,75,-15,77,-13,80,-13,80,-13,85,-8,76,-10,87,-9,82,-15,84,-12,0,0]"
CSI_DATA,277,1a:00:00:00:00:00,-44,11,1,0,1,1,1,0,0,0,1,-96,0,11,2,3984998,0,44,0,384,0,"[0,0,0,0,0,0,0,0,0,0,0,0,0,-13,-1,-11,-2,-11,-1,-11,-2,-10,-2,-9,-3,-9,-3,-8,-3,-8,-3,-7,-4,-7,-5,-6,-4,-6,-5,-5,-5,-4,-7,-4,-6,-4,-6,-4,-7,-3,-7,-2,-8,-2,-8,-2,-8,-2,-9,-1,-10,-1,-10,-1,0,0,-11,-1,-12,-1,-12,-1,-13,-1,-12,-1,-12,-2,-12,-2,-12,-2,-13,-3,-12,-4,-12,-4,-11,-4,-11,-5,-10,-5,-10,-5,-10,-5,-10,-5,-9,-5,-8,-5,-8,-5,-7,-6,-6,-6,-6,-6,-5,-6,-4,-6,-3,-6,0,0,0,0,0,0,0,0,0,0,0,0,0,0,2,-76,1,-73,1,-71,1,-63,-4,-61,-4,-59,-6,-57,-6,-54,-4,-50,-11,-47,-14,-44,-12,-44,-14,-41,-20,-32,-19,-33,-25,-31,-30,-28,-25,-25,-26,-23,-29,-22,-34,-18,-31,-14,-36,-10,-37,-13,-36,-7,-41,-8,-44,-6,-51,1,-49,0,-54,1,-50,-1,-59,-6,-57,-5,-64,-1,-60,0,-66,-6,-67,-10,-64,-12,-66,-11,-61,-18,-62,-15,-64,-18,-61,-21,-61,-19,-55,-19,-55,-24,-52,-26,-52,-27,-44,-23,-40,-26,-38,-31,-42,-29,-35,-30,-31,-32,-25,-30,-23,-33,-18,-32,0,0,0,0,0,0,0,0,0,0,0,0,0,0,0,0,0,0,0,0,0,0,16,52,9,52,6,55,0,55,-2,49,-4,49,-7,46,-8,48,-7,47,-12,41,-10,42,-8,38,-7,35,-8,34,-6,33,-3,29,-3,30,-3,25,1,27,0,21,3,22,8,21,12,19,16,18,15,18,19,17,22,11,27,11,28,16,31,12,31,9,38,8,37,9,42,8,45,9,45,8,48,3,53,4,56,2,54,2,58,-1,60,-7,61,0,64,-2,63,-6,70,-4,71,-8,72,-7,75,-9,78,-9,80,-10,76,-12,84,-5,81,-8,93,-8,83,-8,84,-6,0,0]"
CSI_DATA,278,1a:00:00:00:00:00,-44,11,1,0,1,1,1,0,0,0,1,-96,0,11,2,4004909,0,44,0,384,0,"[0,0,0,0,0,0,0,0,0,0,0,0,1,12,1,11,1,10,1,10,2,9,1,8,2,8,3,7,2,6,3,6,3,6,4,5,4,4,4,4,4,3,6,3,5,2,6,2,6,2,6,1,7,0,7,0,8,0,8,-1,9,0,9,-1,0,0,10,-1,11,-1,11,-1,11,-2,11,-1,11,0,12,0,11,0,12,0,12,1,11,2,11,2,10,3,10,2,9,3,9,3,9,3,9,3,8,4,7,4,7,4,6,4,6,5,5,5,4,5,3,5,0,0,0,0,0,0,0,0,0,0,0,0,0,0,-3,35,-2,38,0,34,-1,33,0,34,0,30,1,28,2,27,3,26,3,24,3,22,8,20,6,19,8,17,11,14,12,12,12,12,12,12,13,9,13,9,19,8,15,6,16,3,19,5,18,3,20,2,21,1,23,-2,22,-2,25,-1,26,-3,28,-3,29,-1,28,-3,32,-3,31,1,32,0,31,1,32,3,32,3,33,2,30,5,31,5,30,7,28,6,27,7,26,10,25,8,23,9,21,10,20,12,20,10,17,12,17,13,15,12,14,13,11,13,0,0,0,0,0,0,0,0,0,0,0,0,0,0,0,0,0,0,0,0,0,0,-2,-29,3,-26,4,-26,7,-27,8,-26,7,-24,8,-22,9,-21,8,-24,9,-21,9,-19,7,-19,7,-17,7,-17,8,-14,6,-14,5,-14,2,-14,1,-13,0,-13,0,-11,-2,-13,-3,-13,-6,-12,-8,-10,-11,-9,-10,-11,-11,-11,-14,-9,-16,-9,-16,-9,-19,-8,-19,-9,-20,-10,-22,-9,-22,-6,-24,-7,-27,-3,-26,-5,-29,-3,-29,-6,-30,-3,-33,-5,-35,-4,-32,-3,-36,-1,-36,-2,-36,-1,-38,-1,-39,2,-40,1,-42,1,-43,0,-42,0,-48,0,-43,-2,-43,0,0,0]"
CSI_DATA,279,1a:00:00:00:00:00,-44,11,1,0,1,1,1,0,0,0,1,-96,0,11,2,4015599,0,44,0,384,0,"[0,0,0,0,0,0,0,0,0,0,0,0,9,7,8,6,9,5,8,5,8,5,7,4,7,3,7,3,6,2,6,1,7,1,6,0,6,0,6,-1,6,-2,6,-3,5,-3,5,-3,5,-4,5,-5,5,-5,5,-6,5,-6,6,-7,5,-8,5,-8,0,0,6,-8,6,-9,7,-9,7,-9,7,-9,8,-9,8,-9,8,-8,9,-9,9,-8,9,-8,9,-6,8,-6,9,-6,9,-6,8,-5,8,-5,8,-4,8,-4,8,-3,7,-2,7,-2,7,-1,7,-1,6,0,6,0,0,0,0,0,0,0,0,0,0,0,0,0,0,0,61,43,59,41,63,33,55,34,55,34,53,32,48,24,51,27,44,17,43,22,42,17,40,11,36,10,36,3,35,2,36,-5,38,-2,34,-8,31,-13,33,-13,30,-17,34,-18,29,-24,28,-27,26,-29,29,-32,27,-38,29,-42,26,-40,26,-47,25,-45,32,-50,32,-50,31,-56,30,-51,39,-50,37,-56,37,-53,45,-49,40,-45,44,-47,46,-45,45,-46,46,-39,46,-37,48,-35,49,-33,46,-29,47,-27,44,-24,46,-22,43,-19,41,-13,39,-13,39,-9,41,-5,38,2,0,0,0,0,0,0,0,0,0,0,0,0,0,0,0,0,0,0,0,0,0,0,-54,-20,-51,-23,-48,-28,-46,-29,-40,-33,-37,-35,-37,-32,-31,-34,-30,-32,-29,-32,-27,-33,-27,-28,-31,-27,-26,-27,-21,-24,-22,-24,-27,-20,-21,-17,-22,-13,-26,-11,-23,-8,-25,-5,-22,-4,-21,1,-23,2,-26,7,-28,10,-29,12,-33,14,-30,20,-26,14,-33,23,-35,27,-32,28,-36,32,-31,29,-32,33,-34,45,-32,44,-36,47,-35,47,-34,49,-39,55,-35,53,-34,56,-28,61,-36,62,-37,64,-37,66,-32,70,-35,72,-37,71,-46,74,-40,68,-43,75,-44,74,-45,71,0,0]"
CSI_DATA,280,1a:00:00:00:00:00,-44,11,1,0,1,1,1,0,0,0,1,-96,0,11,2,4024986,0,44,0,384,0,"[0,0,0,0,0,0,0,0,0,0,0,0,-11,-5,-11,-4,-11,-3,-11,-4,-10,-3,-9,-3,-9,-2,-9,-2,-8,-1,-8,0,-8,0,-7,1,-7,1,-7,2,-6,2,-6,4,-6,3,-6,4,-5,5,-5,5,-5,5,-4,6,-4,6,-4,7,-5,8,-5,8,0,0,-5,9,-5,10,-5,10,-5,10,-6,10,-6,10,-6,10,-7,10,-7,9,-7,9,-8,9,-8,8,-8,8,-8,7,-8,7,-8,6,-8,6,-8,6,-8,5,-8,4,-8,4,-8,3,-8,3,-8,2,-7,1,-7,0,0,0,0,0,0,0,0,0,0,0,0,0,0,0,-68,-35,-65,-35,-64,-27,-60,-30,-56,-26,-55,-27,-56,-19,-55,-24,-51,-11,-47,-11,-43,-10,-42,-5,-45,-3,-39,-1,-35,1,-34,6,-38,10,-32,11,-31,16,-30,19,-31,22,-28,20,-22,28,-24,29,-26,29,-25,36,-19,37,-21,43,-18,45,-20,48,-23,47,-23,52,-25,51,-25,54,-23,58,-32,57,-30,57,-33,58,-35,55,-33,52,-36,52,-36,55,-39,49,-37,51,-40,46,-41,41,-44,38,-39,36,-43,33,-43,28,-38,26,-37,23,-38,23,-39,20,-37,14,-40,10,-37,6,0,0,0,0,0,0,0,0,0,0,0,0,0,0,0,0,0,0,0,0,0,0,51,19,51,26,48,23,47,27,40,32,41,32,36,32,33,32,36,31,34,27,28,33,29,25,28,26,30,26,26,24,21,17,23,17,20,16,23,9,20,8,20,4,23,3,22,1,23,-4,26,-5,29,-8,20,-11,28,-12,26,-18,25,-25,26,-24,30,-26,28,-30,30,-31,30,-34,30,-36,29,-37,28,-41,29,-44,29,-51,28,-52,30,-56,26,-57,31,-61,26,-59,27,-61,30,-66,30,-66,27,-69,29,-74,30,-79,26,-79,34,-75,34,-73,35,-77,36,-79,33,-79,0,0]"
CSI_DATA,281,1a:00:00:00:00:00,-44,11,1,0,1,1,1,0,0,0,1,-96,0,11,2,4045261,0,44,0,384,0,"[0,0,0,0,0,0,0,0,0,0,0,0,6,-11,6,-10,5,-10,4,-9,4,-9,3,-8,2,-9,2,-8,1,-8,1,-8,1,-8,0,-7,-1,-7,-2,-7,-2,-7,-3,-7,-4,-6,-4,-7,-4,-6,-5,-6,-5,-6,-7,-6,-7,-6,-8,-6,-8,-6,-8,-6,0,0,-9,-6,-10,-7,-10,-7,-10,-8,-9,-8,-9,-8,-9,-9,-9,-8,-9,-9,-9,-9,-8,-9,-7,-9,-7,-9,-6,-10,-6,-10,-6,-10,-5,-10,-5,-9,-4,-9,-4,-9,-3,-9,-3,-8,-2,-8,-1,-8,0,-7,0,-7,0,0,0,0,0,0,0,0,0,0,0,0,0,0,32,-65,33,-61,32,-62,27,-56,23,-59,22,-51,18,-53,20,-53,10,-49,7,-47,6,-46,5,-43,-1,-40,2,-39,-4,-38,-10,-36,-12,-40,-13,-29,-15,-27,-20,-32,-27,-30,-25,-24,-28,-22,-31,-26,-31,-22,-36,-22,-34,-20,-44,-20,-45,-21,-49,-18,-49,-19,-55,-22,-50,-23,-56,-27,-53,-23,-56,-29,-56,-26,-58,-36,-53,-37,-53,-34,-49,-37,-47,-38,-46,-39,-46,-41,-41,-43,-43,-40,-36,-40,-37,-41,-35,-41,-29,-39,-25,-40,-26,-38,-22,-40,-15,-39,-11,-38,-13,-35,-6,-38,0,0,0,0,0,0,0,0,0,0,0,0,0,0,0,0,0,0,0,0,0,0,-11,52,-18,52,-24,47,-27,46,-27,44,-29,40,-29,39,-29,33,-30,35,-31,32,-29,30,-26,25,-26,27,-26,27,-22,23,-20,20,-15,24,-17,21,-12,23,-8,20,-7,22,-7,26,1,24,1,22,2,21,9,18,10,25,16,22,15,26,21,26,20,23,26,27,30,26,32,26,34,30,38,27,40,33,41,26,42,31,48,31,44,28,54,28,57,28,56,29,57,27,58,23,58,26,67,27,67,27,71,31,70,28,77,23,75,30,66,30,79,32,79,30,69,38,0,0]"
CSI_DATA,282,1a:00:00:00:00:00,-44,11,1,0,1,1,1,0,0,0,1,-96,0,11,2,4064832,0,44,0,384,0,"[0,0,0,0,0,0,0,0,0,0,0,0,-7,-11,-7,-10,-7,-9,-7,-9,-7,-8,-6,-8,-7,-7,-6,-6,-6,-6,-6,-4,-7,-4,-7,-3,-7,-3,-7,-2,-7,-1,-7,-1,-7,0,-7,0,-7,1,-8,2,-7,2,-8,3,-8,3,-8,4,-9,4,-9,5,0,0,-9,6,-10,5,-11,6,-10,6,-10,5,-11,5,-11,5,-11,5,-11,5,-11,4,-12,3,-11,3,-11,2,-11,2,-10,2,-11,1,-10,1,-10,1,-10,0,-9,0,-9,-1,-8,-1,-8,-2,-8,-2,-7,-3,-6,-3,0,0,0,0,0,0,0,0,0,0,0,0,0,0,-12,-78,-9,-70,-20,-72,-11,-64,-12,-63,-16,-61,-18,-51,-18,-48,-16,-45,-18,-48,-19,-43,-21,-38,-24,-37,-22,-31,-22,-28,-23,-23,-35,-20,-29,-18,-28,-15,-31,-14,-38,-13,-36,-12,-40,-2,-41,-2,-38,0,-45,6,-41,5,-46,14,-51,10,-50,14,-50,9,-57,13,-57,7,-59,16,-59,14,-63,11,-67,9,-63,11,-62,4,-61,4,-63,2,-66,0,-61,1,-62,-3,-61,-6,-59,-6,-56,-11,-52,-11,-53,-14,-50,-17,-45,-13,-44,-19,-41,-21,-40,-17,-33,-20,-32,-27,-27,-29,0,0,0,0,0,0,0,0,0,0,0,0,0,0,0,0,0,0,0,0,0,0,19,52,13,54,9,53,3,55,0,51,0,55,-7,47,-5,50,-3,49,-6,41,-7,45,-7,38,-2,38,-3,30,-1,30,-4,32,0,29,1,30,3,21,7,26,8,21,12,22,11,19,18,17,20,16,24,13,22,15,25,12,30,10,35,6,29,11,35,10,42,2,39,8,48,7,43,6,50,0,52,-4,52,-7,56,-6,59,-8,60,-7,60,-8,62,-16,66,-12,70,-9,67,-17,70,-21,66,-20,73,-17,76,-21,79,-24,85,-17,78,-20,81,-19,85,-21,81,-15,0,0]"
CSI_DATA,283,1a:00:00:00:00:00,-44,11,1,0,1,1,1,0,0,0,1,-96,0,11,2,4084793,0,44,0,384,0,"[0,0,0,0,0,0,0,0,0,0,0,0,-10,7,-9,7,-8,7,-8,7,-8,7,-7,6,-6,6,-5,6,-5,6,-4,6,-3,6,-2,6,-2,6,-1,6,-1,6,0,7,0,6,1,6,2,6,2,6,2,6,3,6,4,7,5,7,5,7,5,7,0,0,6,8,6,9,6,9,7,9,6,9,6,10,6,10,5,10,5,10,5,10,4,11,3,10,3,10,3,10,2,10,2,10,1,10,1,9,0,9,0,8,-1,8,-1,8,-2,7,-2,7,-3,6,-3,5,0,0,0,0,0,0,0,0,0,0,0,0,0,0,-70,30,-70,30,-60,31,-57,29,-58,29,-47,27,-52,28,-49,26,-42,26,-39,26,-32,28,-27,28,-29,31,-26,29,-23,26,-16,27,-15,33,-12,32,-8,33,-6,36,0,35,1,38,5,33,6,35,5,38,12,40,15,41,20,42,22,44,23,47,22,48,20,52,23,54,25,53,26,53,22,55,24,59,24,61,17,62,13,60,16,61,15,64,13,60,12,59,5,54,4,56,5,57,-1,61,0,50,-7,46,-6,48,-9,42,-16,45,-13,41,-15,38,-17,37,-20,29,0,0,0,0,0,0,0,0,0,0,0,0,0,0,0,0,0,0,0,0,0,0,47,-30,42,-28,48,-22,50,-19,50,-18,47,-15,48,-13,47,-8,48,-8,43,-9,43,-5,35,-6,37,-10,36,-7,33,-3,29,-5,29,-10,24,-10,24,-12,21,-18,16,-12,17,-14,14,-16,13,-20,11,-22,7,-25,5,-27,3,-33,4,-33,2,-29,-2,-32,-4,-38,-3,-42,-9,-39,-7,-45,-12,-47,-14,-48,-18,-46,-17,-51,-22,-56,-22,-57,-30,-53,-26,-58,-28,-58,-27,-56,-39,-58,-34,-66,-40,-64,-39,-66,-40,-71,-37,-69,-44,-73,-39,-72,-44,-72,-45,-78,-44,-75,-41,-79,0,0]"
CSI_DATA,284,1a:00:00:00:00:00,-44,11,1,0,1,1,1,0,0,0,1,-96,0,11,2,4114751,0,44,0,384,0,"[0,0,0,0,0,0,0,0,0,0,0,0,-12,-5,-11,-4,-11,-3,-11,-3,-10,-3,-9,-2,-9,-2,-8,-1,-8,-1,-7,0,-7,0,-7,1,-7,1,-6,2,-6,2,-6,3,-5,4,-5,4,-5,5,-5,5,-5,6,-5,6,-4,6,-4,7,-4,8,-4,8,0,0,-4,9,-5,10,-5,10,-5,10,-5,10,-5,10,-5,10,-6,10,-6,10,-7,9,-7,9,-7,8,-7,8,-7,8,-8,7,-8,7,-8,6,-7,6,-7,5,-7,4,-8,4,-7,3,-7,3,-7,2,-7,1,-7,1,0,0,0,0,0,0,0,0,0,0,0,0,0,0,-75,-31,-71,-23,-69,-24,-60,-22,-64,-19,-54,-16,-56,-15,-56,-15,-51,-10,-48,-8,-45,-4,-39,-5,-43,-3,-41,1,-34,4,-35,10,-39,16,-28,16,-29,19,-25,23,-25,25,-28,24,-24,30,-21,33,-20,37,-18,36,-22,42,-18,44,-19,47,-19,51,-15,50,-17,53,-18,51,-18,57,-19,56,-23,56,-27,61,-26,63,-27,62,-28,60,-31,55,-32,54,-33,51,-36,51,-38,46,-35,49,-38,39,-38,43,-37,36,-36,30,-39,30,-39,32,-35,28,-35,23,-32,18,-35,14,-36,7,0,0,0,0,0,0,0,0,0,0,0,0,0,0,0,0,0,0,0,0,0,0,54,13,53,15,51,20,48,24,46,24,42,25,38,25,38,28,37,31,34,25,32,30,30,23,33,25,30,23,29,20,26,19,28,14,23,13,25,10,26,8,27,7,23,2,20,1,25,-5,22,-8,24,-14,19,-13,25,-14,26,-20,28,-22,26,-25,30,-30,31,-29,25,-31,26,-37,27,-41,25,-40,25,-44,26,-47,21,-56,25,-52,26,-60,27,-58,21,-62,20,-62,19,-67,22,-67,20,-64,17,-74,26,-72,21,-71,20,-80,24,-84,23,-73,26,-85,24,-79,26,-77,0,0]"
CSI_DATA,285,1a:00:00:00:00:00,-44,11,1,0,1,1,1,0,0,0,1,-96,0,11,2,4125613,0,44,0,384,0,"[0,0,0,0,0,0,0,0,0,0,0,0,-1,12,-1,10,0,10,-1,9,0,9,0,8,1,8,1,7,1,7,2,6,2,6,3,5,3,5,4,4,4,4,5,4,5,2,5,3,5,2,6,2,6,2,7,1,7,1,8,1,9,1,9,0,0,0,10,1,10,0,10,0,11,0,10,1,11,2,11,1,11,2,11,2,11,3,11,3,10,4,9,4,9,4,9,4,8,4,8,4,7,4,7,5,7,4,6,5,5,5,5,5,4,5,3,5,2,5,0,0,0,0,0,0,0,0,0,0,0,0,0,0,-3,73,-2,69,3,72,-2,66,2,62,5,58,5,53,3,57,4,51,15,51,11,43,15,41,15,40,18,32,17,35,20,31,22,26,24,20,25,20,29,19,34,20,30,15,34,9,37,7,35,8,43,6,45,5,47,1,50,-1,53,-3,53,-4,58,-1,58,-1,62,0,57,-3,60,3,63,6,63,1,67,7,69,9,62,14,64,12,58,17,60,19,56,19,55,19,50,22,46,20,46,24,42,25,40,26,36,29,35,29,29,28,24,31,23,28,20,32,0,0,0,0,0,0,0,0,0,0,0,0,0,0,0,0,0,0,0,0,0,0,-12,-57,-10,-55,-5,-55,1,-58,2,-51,4,-52,6,-49,8,-47,8,-50,8,-43,10,-44,7,-42,9,-41,8,-34,8,-32,4,-33,3,-33,1,-28,-4,-23,-2,-22,-2,-21,-11,-23,-10,-21,-14,-21,-17,-19,-24,-18,-23,-17,-26,-20,-25,-18,-34,-17,-33,-13,-39,-13,-39,-12,-42,-15,-45,-14,-49,-7,-49,-12,-50,-8,-50,-1,-59,-2,-60,-5,-66,-1,-64,-3,-66,4,-68,2,-64,5,-72,4,-72,7,-77,3,-80,6,-77,11,-84,7,-88,7,-78,4,-88,6,-91,6,-87,2,0,0]"
CSI_DATA,286,1a:00:00:00:00:00,-44,11,1,0,1,1,1,0,0,0,1,-96,0,11,2,4136232,0,44,0,384,0,"[0,0,0,0,0,0,0,0,0,0,0,0,2,-12,2,-11,2,-11,1,-10,1,-10,1,-9,0,-9,-1,-9,-1,-8,-1,-7,-2,-7,-3,-7,-3,-7,-4,-6,-4,-6,-5,-6,-5,-5,-6,-4,-6,-4,-7,-4,-7,-4,-7,-3,-8,-3,-9,-3,-9,-3,-10,-3,0,0,-10,-3,-11,-3,-11,-3,-11,-3,-11,-3,-12,-4,-12,-4,-11,-5,-12,-5,-11,-6,-11,-6,-10,-6,-10,-6,-10,-6,-9,-7,-9,-7,-8,-7,-7,-7,-7,-6,-6,-6,-6,-7,-6,-7,-5,-7,-4,-7,-3,-7,-2,-7,0,0,0,0,0,0,0,0,0,0,0,0,0,0,39,-66,34,-65,26,-61,23,-63,25,-61,19,-55,15,-53,17,-52,11,-44,7,-47,6,-47,4,-39,1,-43,-2,-39,-3,-39,-8,-35,-12,-36,-15,-33,-16,-28,-19,-29,-24,-28,-23,-30,-28,-21,-29,-23,-32,-19,-36,-22,-37,-20,-42,-21,-43,-21,-49,-18,-47,-18,-54,-24,-53,-29,-53,-20,-55,-23,-54,-26,-56,-27,-56,-29,-56,-32,-54,-34,-52,-33,-49,-39,-47,-40,-49,-42,-42,-40,-43,-41,-40,-40,-38,-41,-33,-34,-33,-38,-27,-40,-26,-41,-19,-38,-19,-39,-13,-38,-14,-37,-4,-35,0,0,0,0,0,0,0,0,0,0,0,0,0,0,0,0,0,0,0,0,0,0,-13,55,-17,49,-26,50,-27,46,-32,43,-27,40,-27,37,-28,36,-29,38,-27,34,-31,31,-26,28,-26,32,-23,26,-26,22,-19,24,-17,28,-14,23,-12,23,-7,20,-7,20,-3,23,-2,22,1,21,4,21,10,25,10,27,15,26,15,25,19,26,23,26,26,28,27,28,32,27,32,27,35,30,38,26,43,31,44,29,48,26,48,28,54,26,54,27,56,26,60,20,58,16,64,28,69,18,67,22,69,27,70,27,75,27,79,29,74,26,76,32,74,28,75,35,0,0]"
CSI_DATA,287,1a:00:00:00:00:00,-44,11,1,0,1,1,1,0,0,0,1,-96,0,11,2,4144810,0,44,0,384,0,"[0,0,0,0,0,0,0,0,0,0,0,0,2,11,3,10,4,9,3,9,3,8,3,8,4,7,4,6,4,6,4,5,4,5,5,4,5,3,5,2,5,2,5,2,6,1,6,0,6,-1,6,-1,6,-1,7,-2,7,-2,8,-2,9,-2,8,-3,0,0,9,-4,10,-4,10,-4,10,-3,10,-3,11,-3,11,-3,11,-3,11,-2,11,-2,11,-1,10,-1,10,0,10,0,10,1,10,1,9,1,9,1,8,1,8,2,7,2,7,3,6,2,6,3,5,4,4,4,0,0,0,0,0,0,0,0,0,0,0,0,0,0,-4,71,0,71,-1,69,1,68,0,65,-3,56,3,54,3,55,4,45,8,51,13,44,16,42,13,37,20,34,21,34,21,28,25,26,26,23,26,21,27,19,30,15,34,12,40,8,36,3,38,10,43,6,43,2,45,-3,48,0,56,-4,53,0,60,-4,55,-3,60,-3,57,-6,62,3,66,-1,67,1,61,4,61,11,62,9,63,13,65,13,61,13,56,16,54,19,49,25,51,22,48,19,46,24,41,23,38,25,35,24,31,30,25,28,24,29,20,31,0,0,0,0,0,0,0,0,0,0,0,0,0,0,0,0,0,0,0,0,0,0,-12,-55,-2,-55,-3,-55,1,-55,3,-54,5,-50,8,-52,13,-46,11,-48,10,-43,10,-42,11,-40,5,-45,12,-37,12,-32,6,-32,0,-29,3,-29,-2,-27,-1,-23,-2,-24,-6,-23,-11,-22,-13,-19,-16,-20,-18,-23,-22,-19,-26,-22,-26,-17,-33,-13,-30,-11,-39,-14,-38,-14,-44,-13,-44,-13,-45,-14,-48,-5,-49,-6,-51,-8,-58,-3,-60,-5,-63,2,-65,-2,-67,2,-65,3,-65,2,-70,3,-70,7,-72,1,-78,6,-77,9,-82,8,-85,0,-85,5,-86,6,-83,9,-82,2,0,0]"
CSI_DATA,288,1a:00:00:00:00:00,-44,11,1,0,1,1,1,0,0,0,1,-96,0,11,2,4155346,0,44,0,384,0,"[0,0,0,0,0,0,0,0,0,0,0,0,-5,11,-5,10,-4,10,-4,9,-3,9,-3,8,-2,8,-2,7,-1,7,-1,7,0,7,1,6,1,6,2,5,2,5,3,5,4,5,3,4,4,4,5,4,5,4,6,4,6,4,7,4,8,4,8,4,0,0,9,4,10,5,10,4,10,5,9,5,10,5,10,6,9,6,9,6,8,7,9,7,8,7,7,7,6,7,7,8,6,7,6,8,5,7,4,7,4,7,3,7,3,7,2,7,2,6,1,6,0,6,0,0,0,0,0,0,0,0,0,0,0,0,0,0,-35,66,-41,65,-37,66,-33,60,-31,57,-28,56,-25,47,-21,51,-22,49,-16,48,-11,45,-9,43,-4,44,-3,38,-2,38,3,35,5,33,7,34,10,30,19,32,21,31,22,31,28,24,29,23,29,23,38,23,35,24,42,23,40,24,48,25,46,24,49,21,50,27,56,28,53,25,55,34,59,34,53,33,51,36,55,33,52,39,48,42,45,44,46,45,45,40,43,40,38,42,35,43,31,38,32,40,28,39,24,43,20,40,16,42,13,43,6,38,3,35,0,0,0,0,0,0,0,0,0,0,0,0,0,0,0,0,0,0,0,0,0,0,26,-53,29,-48,30,-49,32,-43,39,-39,37,-41,35,-35,36,-34,38,-34,37,-28,34,-25,32,-26,29,-27,27,-28,25,-25,26,-23,18,-28,19,-23,13,-20,13,-19,9,-22,5,-24,7,-24,0,-26,-5,-25,-3,-28,-9,-27,-13,-26,-15,-28,-21,-31,-19,-31,-22,-33,-29,-32,-30,-29,-32,-35,-35,-33,-37,-34,-43,-39,-42,-34,-45,-37,-49,-38,-57,-34,-55,-37,-60,-36,-55,-32,-66,-28,-64,-33,-71,-31,-71,-33,-72,-38,-68,-35,-76,-37,-76,-40,-77,-46,-79,-45,-81,-35,-80,-43,0,0]"
CSI_DATA,289,1a:00:00:00:00:00,-44,11,1,0,1,1,1,0,0,0,1,-96,0,11,2,4164902,0,44,0,384,0,"[0,0,0,0,0,0,0,0,0,0,0,0,-11,-5,-11,-4,-11,-4,-10,-4,-10,-3,-9,-3,-9,-2,-8,-2,-8,-2,-8,-1,-7,0,-7,1,-7,1,-6,2,-6,2,-6,3,-6,3,-5,4,-5,4,-5,5,-5,5,-5,6,-5,6,-4,7,-5,8,-5,8,0,0,-5,9,-5,9,-6,9,-6,10,-6,9,-7,9,-7,9,-7,9,-7,9,-8,8,-8,8,-8,8,-8,7,-8,6,-9,6,-8,6,-8,5,-8,4,-8,4,-8,3,-8,3,-8,2,-8,2,-8,1,-7,0,-7,0,0,0,0,0,0,0,0,0,0,0,0,0,0,0,-65,-37,-67,-34,-61,-29,-55,-34,-59,-33,-49,-26,-57,-22,-49,-20,-53,-19,-37,-13,-46,-11,-42,-10,-41,-4,-41,1,-35,-4,-36,5,-38,10,-33,9,-32,11,-32,18,-31,20,-28,18,-27,25,-27,30,-26,32,-26,34,-26,35,-25,41,-27,39,-25,46,-25,48,-28,47,-30,50,-36,50,-29,54,-36,48,-37,49,-37,55,-37,54,-44,47,-45,49,-43,44,-44,45,-45,44,-45,42,-48,38,-46,28,-49,31,-40,26,-46,24,-45,21,-42,20,-41,19,-40,15,-42,8,-38,5,-38,-1,0,0,0,0,0,0,0,0,0,0,0,0,0,0,0,0,0,0,0,0,0,0,58,12,48,18,50,20,45,23,49,26,38,28,43,28,36,24,40,30,36,27,30,31,33,25,31,23,29,22,24,21,22,20,23,19,28,16,26,12,23,5,21,3,22,3,23,-2,24,-8,25,-10,24,-11,20,-15,24,-12,27,-18,25,-21,25,-24,28,-30,26,-27,28,-32,28,-34,31,-37,30,-41,23,-44,32,-46,32,-50,31,-49,31,-58,29,-55,28,-64,25,-57,26,-55,26,-64,29,-65,26,-69,32,-75,33,-74,32,-75,33,-74,35,-79,34,-82,34,-73,30,-79,0,0]"
CSI_DATA,290,1a:00:00:00:00:00,-44,11,1,0,1,1,1,0,0,0,1,-96,0,11,2,4175031,0,44,0,384,0,"[0,0,0,0,0,0,0,0,0,0,0,0,-8,-10,-8,-9,-8,-8,-8,-8,-7,-7,-7,-7,-7,-6,-7,-5,-7,-5,-7,-4,-7,-3,-7,-3,-7,-2,-7,-1,-7,-1,-7,0,-7,1,-7,1,-7,2,-7,3,-7,3,-7,3,-7,3,-8,5,-8,5,-8,5,0,0,-8,6,-9,6,-9,7,-10,7,-9,6,-10,6,-10,6,-10,6,-11,6,-11,5,-11,5,-11,4,-11,3,-10,3,-11,2,-10,2,-10,2,-9,2,-9,1,-9,1,-9,0,-9,0,-8,-1,-8,-2,-7,-2,-7,-3,0,0,0,0,0,0,0,0,0,0,0,0,0,0,-45,-66,-41,-58,-43,-57,-34,-57,-43,-50,-36,-48,-38,-43,-39,-40,-37,-36,-37,-34,-37,-31,-37,-27,-34,-28,-35,-19,-32,-17,-38,-12,-39,-6,-37,-4,-35,-2,-34,2,-35,7,-35,3,-36,12,-37,18,-38,17,-37,23,-39,21,-36,32,-39,30,-39,32,-41,32,-43,42,-43,37,-44,39,-41,39,-52,37,-49,37,-55,37,-55,36,-58,32,-56,32,-55,29,-57,28,-56,26,-53,24,-54,24,-54,20,-54,17,-48,12,-50,14,-49,5,-46,6,-46,8,-41,-1,-40,-3,-38,-5,-39,-11,0,0,0,0,0,0,0,0,0,0,0,0,0,0,0,0,0,0,0,0,0,0,34,44,29,47,24,49,20,49,16,51,11,50,10,47,11,46,10,46,6,41,7,42,8,43,7,40,6,33,2,31,9,31,13,26,9,26,7,23,10,17,12,18,19,17,19,15,19,10,20,8,25,8,25,11,28,4,32,-5,32,1,33,0,43,-4,42,-8,42,-9,43,-14,46,-13,46,-12,48,-21,50,-21,53,-29,53,-27,52,-32,55,-29,51,-34,52,-31,60,-41,58,-40,58,-41,53,-46,62,-47,51,-41,62,-47,71,-47,62,-52,67,-53,68,-48,65,-48,0,0]"
CSI_DATA,291,1a:00:00:00:00:00,-44,11,1,0,1,1,1,0,0,0,1,-96,0,11,2,4184769,0,44,0,384,0,"[0,0,0,0,0,0,0,0,0,0,0,0,3,-12,3,-12,2,-11,2,-11,1,-10,1,-10,0,-9,-1,-8,-1,-8,-1,-8,-2,-8,-3,-7,-3,-7,-4,-6,-4,-6,-5,-6,-5,-5,-6,-5,-6,-4,-7,-4,-7,-4,-8,-3,-8,-3,-9,-3,-10,-3,-10,-3,0,0,-11,-3,-11,-3,-12,-3,-12,-3,-11,-4,-12,-4,-12,-4,-12,-4,-12,-5,-11,-5,-11,-6,-10,-6,-10,-6,-10,-6,-9,-7,-9,-7,-8,-6,-8,-7,-7,-6,-7,-6,-6,-7,-6,-7,-5,-7,-4,-7,-4,-7,-3,-7,0,0,0,0,0,0,0,0,0,0,0,0,0,0,26,-74,27,-64,14,-69,13,-61,12,-61,13,-57,10,-52,8,-56,5,-48,1,-48,-3,-44,-2,-44,-9,-44,-8,-36,-12,-36,-13,-32,-14,-31,-15,-31,-21,-22,-26,-25,-27,-24,-26,-23,-28,-15,-32,-16,-35,-15,-37,-13,-41,-13,-45,-10,-48,-11,-53,-10,-50,-10,-58,-10,-54,-13,-58,-10,-59,-11,-61,-14,-63,-15,-64,-13,-66,-16,-60,-19,-57,-22,-60,-22,-55,-26,-55,-26,-55,-28,-49,-29,-47,-28,-46,-30,-43,-32,-38,-32,-41,-29,-35,-29,-35,-32,-25,-29,-21,-35,-19,-33,-16,-34,0,0,0,0,0,0,0,0,0,0,0,0,0,0,0,0,0,0,0,0,0,0,-15,51,-19,52,-23,46,-30,50,-26,44,-28,39,-25,40,-27,38,-31,41,-27,34,-29,30,-24,33,-25,30,-24,27,-24,25,-18,27,-14,27,-15,22,-17,21,-10,22,-7,21,0,22,1,21,2,19,6,24,12,23,12,20,18,24,17,22,24,23,23,21,25,26,28,22,32,23,34,26,38,24,40,24,45,22,46,24,52,20,54,20,53,22,61,22,57,19,59,18,64,11,68,16,70,12,71,14,70,19,76,19,75,14,83,23,75,20,79,20,82,20,75,23,0,0]"
CSI_DATA,292,1a:00:00:00:00:00,-44,11,1,0,1,1,1,0,0,0,1,-96,0,11,2,4196782,0,44,0,384,0,"[0,0,0,0,0,0,0,0,0,0,0,0,11,6,13,9,10,4,9,-1,9,3,9,6,9,1,8,-1,6,-1,6,0,7,1,7,-1,6,-2,6,-1,6,-2,6,-4,5,-4,5,-4,5,-5,4,-6,4,-7,6,-5,6,-5,4,-9,7,-7,8,-6,0,0,4,-14,8,-9,9,-7,13,-5,13,-10,6,-9,10,-5,15,-5,12,-11,10,-8,6,-7,14,-4,12,-7,5,-7,10,-2,9,-5,9,-6,9,-3,6,-3,9,-3,8,-2,6,-3,8,-1,7,0,6,2,7,2,0,0,0,0,0,0,0,0,0,0,0,0,0,0,65,-15,66,-11,62,-15,57,-11,17,-3,80,16,25,-35,53,-21,57,-5,37,-27,28,4,52,-15,47,-24,29,-22,31,-13,27,-19,23,-20,23,-20,23,-19,28,-22,22,-29,24,-27,16,-27,20,-24,29,-23,20,-35,38,-25,14,-35,41,-22,38,-52,26,-40,18,-34,19,-17,38,-58,16,-79,50,-36,69,-18,39,-81,76,-53,7,-29,58,-4,41,-42,41,-1,76,-33,42,-16,48,-28,59,-35,66,-23,35,-25,35,-22,53,12,37,10,47,4,42,9,36,9,34,8,30,15,0,0,0,0,0,0,0,0,0,0,0,0,0,0,0,0,0,0,0,0,0,0,18,50,13,48,9,51,4,52,-5,46,-7,45,-7,45,-14,41,-13,45,-16,39,-17,35,-19,36,-15,30,-17,29,-19,24,-13,23,-10,26,-13,23,-7,21,-5,24,-6,25,-1,20,-2,20,3,24,7,21,8,25,3,23,11,26,12,25,16,28,15,25,21,29,20,29,20,27,24,35,23,34,27,36,27,37,29,38,31,38,33,40,35,46,35,43,35,50,39,46,38,47,32,50,40,53,38,50,41,59,39,60,37,64,35,63,34,68,34,72,29,70,27,77,0,0]"
CSI_DATA,293,1a:00:00:00:00:00,-44,11,1,0,1,1,1,0,0,0,1,-96,0,11,2,4207479,0,44,0,384,0,"[0,0,0,0,0,0,0,0,0,0,0,0,9,7,9,6,9,5,9,5,8,5,7,4,8,3,7,2,7,2,7,1,7,1,7,0,6,-1,6,-1,6,-2,6,-3,5,-3,5,-3,5,-4,5,-5,5,-5,5,-6,5,-6,5,-7,6,-8,5,-8,0,0,6,-9,6,-9,6,-9,6,-10,7,-9,7,-9,7,-10,7,-9,8,-9,8,-9,9,-8,9,-7,8,-7,8,-6,9,-6,8,-5,8,-6,8,-5,8,-4,7,-4,8,-3,7,-3,7,-2,7,-1,6,-1,6,0,0,0,0,0,0,0,0,0,0,0,0,0,0,0,60,48,54,51,55,41,46,38,49,41,43,35,49,33,44,27,43,27,40,23,41,21,34,15,40,12,41,7,40,11,31,3,35,2,35,-6,33,-6,34,-12,31,-13,35,-13,26,-23,27,-25,30,-25,30,-28,29,-31,33,-36,32,-37,33,-40,33,-40,36,-39,34,-41,36,-47,34,-49,40,-44,40,-44,41,-48,46,-44,46,-42,48,-40,47,-38,50,-36,50,-36,45,-28,51,-31,51,-26,47,-26,41,-19,46,-18,43,-18,43,-14,41,-13,42,-10,38,-3,37,0,35,5,0,0,0,0,0,0,0,0,0,0,0,0,0,0,0,0,0,0,0,0,0,0,-47,-28,-43,-30,-44,-37,-39,-36,-38,-39,-32,-39,-26,-36,-30,-39,-31,-39,-27,-36,-24,-37,-19,-34,-21,-34,-20,-31,-18,-27,-21,-26,-17,-24,-21,-24,-18,-16,-20,-16,-22,-16,-23,-9,-23,-10,-27,-6,-25,-2,-28,2,-28,2,-25,6,-31,12,-31,12,-29,10,-33,13,-34,21,-32,21,-36,22,-38,26,-43,27,-42,29,-38,29,-43,40,-41,40,-41,45,-42,46,-39,44,-36,43,-44,59,-41,55,-40,54,-39,62,-45,55,-43,63,-48,51,-51,65,-50,56,-52,67,-48,69,-49,65,0,0]"
CSI_DATA,294,1a:00:00:00:00:00,-44,11,1,0,1,1,1,0,0,0,1,-96,0,11,2,4215989,0,44,0,384,0,"[0,0,0,0,0,0,0,0,0,0,0,0,5,11,5,9,5,9,4,9,5,8,4,7,5,6,4,6,5,5,5,4,5,4,5,4,5,3,6,2,5,2,6,1,6,0,6,0,6,-1,6,-1,7,-2,7,-2,7,-3,8,-3,8,-3,8,-4,0,0,9,-4,9,-4,10,-5,10,-5,10,-4,11,-4,11,-4,11,-3,11,-3,11,-2,11,-1,11,-1,10,-1,11,0,10,0,10,1,9,1,9,1,8,1,8,2,8,2,7,2,6,2,6,3,5,4,4,4,0,0,0,0,0,0,0,0,0,0,0,0,0,0,18,75,21,68,25,61,18,61,21,58,19,58,19,50,22,46,19,44,24,42,22,39,22,33,23,33,27,25,25,26,29,24,31,18,30,16,32,11,33,9,34,4,34,3,33,-4,35,-5,35,-5,42,-9,38,-13,43,-15,47,-15,49,-19,47,-18,53,-24,53,-17,56,-18,58,-22,58,-13,59,-21,59,-23,56,-13,62,-11,60,-12,60,-9,61,-4,58,-5,55,-3,55,1,56,4,54,5,50,5,46,6,46,8,45,8,43,12,40,18,34,14,31,19,28,21,0,0,0,0,0,0,0,0,0,0,0,0,0,0,0,0,0,0,0,0,0,0,-26,-51,-20,-49,-16,-54,-14,-52,-12,-52,-6,-49,-5,-44,-5,-49,-5,-51,-3,-44,0,-41,-3,-37,-2,-40,-2,-35,-1,-34,-4,-32,-9,-32,-8,-31,-5,-24,-11,-24,-9,-21,-14,-20,-13,-19,-16,-15,-20,-11,-20,-17,-23,-15,-25,-10,-43,-17,-33,-3,-31,-6,-33,-4,-37,1,-43,3,-46,5,-46,3,-49,4,-48,3,-50,8,-54,11,-55,14,-60,12,-57,14,-61,21,-59,16,-62,24,-67,25,-64,26,-68,29,-73,31,-73,31,-72,34,-77,31,-75,30,-79,31,-80,31,-80,27,0,0]"
CSI_DATA,295,1a:00:00:00:00:00,-44,11,1,0,1,1,1,0,0,0,1,-96,0,11,2,4224793,0,44,0,384,0,"[0,0,0,0,0,0,0,0,0,0,0,0,-4,-12,-4,-12,-5,-10,-4,-10,-5,-9,-4,-9,-5,-8,-5,-7,-5,-7,-5,-6,-6,-6,-6,-5,-6,-4,-6,-3,-7,-3,-7,-2,-7,-2,-7,-2,-7,0,-8,0,-8,0,-8,1,-8,1,-9,2,-10,2,-10,2,0,0,-10,3,-11,2,-12,3,-11,3,-12,2,-12,2,-12,2,-12,2,-12,1,-12,1,-12,0,-12,0,-11,0,-11,-1,-11,-2,-11,-2,-10,-2,-10,-2,-9,-3,-8,-3,-9,-3,-8,-4,-8,-4,-7,-4,-6,-4,-5,-5,0,0,0,0,0,0,0,0,0,0,0,0,0,0,1,-75,-6,-71,-7,-71,-1,-66,-5,-69,-1,-62,-4,-56,-8,-58,-9,-48,-12,-49,-10,-47,-14,-43,-15,-41,-18,-33,-19,-32,-22,-30,-27,-26,-30,-23,-30,-21,-27,-17,-33,-16,-35,-15,-34,-11,-37,-12,-36,-7,-43,-7,-46,-1,-49,2,-47,0,-55,7,-54,2,-56,1,-56,-1,-58,-1,-61,-1,-61,-4,-64,-6,-66,-10,-64,-12,-66,-12,-67,-10,-62,-14,-60,-15,-60,-16,-54,-16,-54,-22,-55,-20,-51,-25,-49,-22,-46,-22,-41,-27,-40,-29,-35,-27,-30,-27,-29,-27,-29,-31,-21,-32,0,0,0,0,0,0,0,0,0,0,0,0,0,0,0,0,0,0,0,0,0,0,19,55,9,53,7,52,3,53,-2,54,-5,48,-5,49,-10,49,-11,47,-9,44,-8,44,-5,37,-5,38,-4,38,-9,33,-5,34,-1,31,-2,31,0,27,2,25,5,24,6,21,11,22,14,18,16,19,19,17,20,17,24,19,26,10,31,12,33,12,39,12,36,13,36,13,43,9,48,8,47,7,49,5,54,3,60,-2,57,0,61,1,62,-3,67,-2,65,-3,69,-10,69,-7,71,-7,73,-11,77,-8,80,-10,83,-14,85,-6,83,-12,86,-9,84,-4,87,-5,0,0]"
CSI_DATA,296,1a:00:00:00:00:00,-44,11,1,0,1,1,1,0,0,0,1,-96,0,11,2,4235661,0,44,0,384,0,"[0,0,0,0,0,0,0,0,0,0,0,0,-12,3,-11,4,-10,4,-10,3,-10,3,-8,3,-8,4,-7,4,-7,4,-6,4,-6,4,-5,5,-4,5,-4,5,-3,5,-3,5,-2,6,-1,6,-1,6,-1,6,0,7,0,7,1,7,1,8,1,9,2,9,0,0,2,10,2,10,1,11,2,10,1,10,1,11,0,11,0,11,0,11,0,11,-1,11,-1,10,-2,10,-2,10,-3,9,-3,10,-3,9,-3,8,-4,8,-4,7,-4,7,-5,6,-5,6,-5,5,-5,4,-5,3,0,0,0,0,0,0,0,0,0,0,0,0,0,0,-77,17,-72,13,-72,17,-62,15,-61,17,-55,15,-53,18,-56,18,-49,19,-44,21,-41,25,-33,23,-36,25,-29,23,-29,18,-25,28,-21,32,-24,29,-16,29,-11,32,-8,38,-7,35,-3,37,-2,39,0,37,4,37,7,44,8,44,6,50,10,54,14,54,15,54,12,54,12,60,14,56,11,63,10,63,10,63,4,64,4,65,9,61,-4,61,-4,65,-4,61,-8,58,-13,54,-14,56,-13,53,-15,50,-17,46,-18,42,-18,42,-15,39,-22,34,-27,34,-25,30,-28,24,0,0,0,0,0,0,0,0,0,0,0,0,0,0,0,0,0,0,0,0,0,0,48,-26,49,-21,49,-16,55,-15,51,-9,52,-8,49,-9,48,-4,47,-5,45,0,44,0,41,0,42,0,38,0,34,1,32,0,34,-8,28,-5,27,-7,24,-11,23,-10,24,-10,17,-19,20,-17,16,-19,10,-25,11,-23,11,-28,12,-30,9,-35,4,-33,6,-42,-1,-40,-1,-44,-5,-44,-1,-45,-4,-51,-6,-53,-7,-55,-9,-58,-13,-61,-16,-60,-17,-64,-16,-64,-17,-65,-19,-65,-22,-67,-26,-66,-27,-71,-28,-76,-24,-81,-28,-77,-21,-80,-22,-73,-25,-83,-27,-84,-26,-84,0,0]"
CSI_DATA,297,1a:00:00:00:00:00,-44,11,1,0,1,1,1,0,0,0,1,-96,0,11,2,4244760,0,44,0,384,0,"[0,0,0,0,0,0,0,0,0,0,0,0,-12,3,-11,3,-10,4,-10,3,-10,3,-8,3,-8,4,-7,4,-7,4,-6,4,-6,4,-4,5,-4,5,-3,5,-4,5,-3,6,-2,6,-2,6,-1,6,-1,6,0,6,0,7,0,7,1,8,1,8,2,8,0,0,2,9,2,10,2,10,2,11,2,10,1,11,1,11,0,11,1,11,0,11,-1,11,-1,11,-1,10,-2,10,-2,9,-3,9,-3,9,-3,8,-3,8,-4,8,-4,7,-4,6,-5,6,-5,5,-5,5,-5,4,0,0,0,0,0,0,0,0,0,0,0,0,0,0,-74,21,-78,21,-67,25,-59,24,-60,23,-52,19,-56,21,-44,26,-44,26,-41,26,-35,25,-35,24,-31,27,-31,27,-25,26,-23,31,-18,34,-14,32,-12,31,-4,33,1,32,-3,34,3,36,9,36,4,34,9,40,11,40,18,47,19,48,21,47,20,47,19,52,21,50,24,57,21,57,21,62,18,60,18,61,14,63,13,62,14,61,11,63,3,63,4,59,2,57,-2,61,-5,54,-6,55,-6,49,-10,48,-11,45,-10,44,-14,45,-14,40,-23,39,-18,32,-22,28,0,0,0,0,0,0,0,0,0,0,0,0,0,0,0,0,0,0,0,0,0,0,50,-28,48,-22,53,-22,48,-20,56,-13,52,-11,48,-9,47,-4,46,-7,44,-4,43,1,40,0,43,-4,38,-4,32,-5,34,-6,29,-8,30,-6,26,-11,22,-8,23,-14,22,-14,18,-19,18,-19,16,-19,7,-21,10,-26,6,-29,7,-32,7,-34,3,-39,1,-37,1,-42,-1,-44,-1,-48,-7,-46,-9,-50,-13,-50,-12,-50,-15,-56,-13,-55,-25,-62,-16,-58,-23,-61,-25,-56,-22,-61,-24,-68,-35,-64,-29,-70,-36,-74,-31,-73,-36,-71,-31,-74,-34,-77,-37,-83,-35,-79,-34,-84,0,0]"
CSI_DATA,298,1a:00:00:00:00:00,-44,11,1,0,1,1,1,0,0,0,1,-96,0,11,2,4255154,0,44,0,384,0,"[0,0,0,0,0,0,0,0,0,0,0,0,7,-10,6,-10,5,-10,5,-9,4,-9,4,-8,3,-9,2,-8,2,-8,1,-7,1,-8,0,-7,0,-7,-1,-7,-2,-7,-2,-7,-3,-7,-4,-6,-4,-6,-5,-6,-5,-6,-6,-6,-6,-6,-7,-6,-7,-6,-8,-7,0,0,-9,-7,-9,-7,-9,-8,-10,-7,-9,-8,-9,-8,-9,-9,-9,-8,-9,-9,-8,-9,-8,-10,-7,-10,-6,-10,-6,-10,-5,-10,-5,-10,-5,-9,-4,-9,-4,-9,-4,-9,-3,-9,-2,-8,-2,-8,-1,-8,0,-8,0,-7,0,0,0,0,0,0,0,0,0,0,0,0,0,0,61,-47,60,-45,55,-48,49,-41,50,-42,40,-39,38,-42,33,-37,33,-36,31,-35,26,-37,20,-33,19,-37,18,-34,16,-33,5,-35,7,-38,1,-35,1,-31,-2,-35,-13,-37,-8,-37,-13,-32,-12,-36,-19,-35,-19,-39,-25,-35,-30,-40,-29,-39,-37,-40,-34,-38,-35,-46,-37,-46,-39,-48,-38,-44,-35,-50,-37,-54,-36,-50,-37,-54,-34,-56,-26,-56,-28,-53,-26,-58,-24,-61,-20,-56,-17,-57,-14,-52,-13,-56,-8,-47,-12,-51,-4,-47,-2,-46,-2,-43,4,-40,7,-42,7,-39,10,-34,0,0,0,0,0,0,0,0,0,0,0,0,0,0,0,0,0,0,0,0,0,0,-34,46,-38,41,-39,39,-41,37,-42,31,-40,30,-41,23,-42,22,-39,18,-40,22,-36,18,-34,15,-36,23,-38,20,-33,13,-27,15,-25,20,-20,14,-20,16,-20,17,-16,18,-14,18,-9,19,-8,21,-6,25,-3,24,-2,24,-2,28,5,30,7,32,9,31,11,36,14,36,15,35,17,40,26,43,26,39,30,40,31,46,35,43,34,42,33,50,39,45,45,47,40,46,47,44,47,48,55,49,54,49,55,56,57,53,55,57,61,58,56,53,64,64,59,63,64,57,0,0]"
CSI_DATA,299,1a:00:00:00:00:00,-44,11,1,0,1,1,1,0,0,0,1,-96,0,11,2,4284776,0,44,0,384,0,"[0,0,0,0,0,0,0,0,0,0,0,0,-6,10,-6,10,-5,9,-5,9,-4,8,-4,8,-2,8,-2,7,-2,7,-1,7,0,7,0,6,1,6,2,6,2,5,3,5,4,5,3,5,4,4,5,4,5,4,6,4,6,3,7,4,8,4,8,4,0,0,9,4,9,5,9,5,10,5,9,5,9,5,10,5,9,5,9,6,9,6,9,7,8,7,7,7,7,7,7,7,6,7,6,7,5,7,5,7,4,6,3,7,3,7,2,6,2,6,1,6,0,5,0,0,0,0,0,0,0,0,0,0,0,0,0,0,-53,60,-48,52,-40,58,-37,52,-38,53,-36,57,-35,47,-32,46,-24,45,-25,46,-16,44,-12,45,-16,44,-7,34,-7,36,-1,37,2,36,6,32,6,36,9,36,13,33,22,26,24,26,22,30,27,27,30,31,29,22,36,25,39,33,42,28,47,27,48,30,42,30,48,35,53,36,51,41,45,39,50,40,49,40,48,45,44,40,41,45,38,47,40,48,36,49,31,47,29,49,31,47,24,42,21,40,17,43,18,40,15,41,11,39,5,35,2,41,-4,37,0,0,0,0,0,0,0,0,0,0,0,0,0,0,0,0,0,0,0,0,0,0,26,-50,31,-47,34,-40,40,-43,39,-35,39,-35,35,-33,37,-30,39,-31,34,-26,36,-26,32,-26,32,-29,34,-23,29,-22,23,-17,21,-21,18,-25,17,-21,14,-17,12,-22,9,-25,7,-25,0,-24,-2,-28,-3,-28,-5,-28,-6,-32,-9,-28,-13,-31,-17,-34,-18,-36,-18,-33,-25,-36,-26,-35,-33,-38,-32,-35,-36,-38,-34,-39,-46,-43,-43,-41,-47,-36,-49,-38,-47,-42,-48,-40,-48,-38,-59,-42,-60,-39,-61,-45,-66,-45,-62,-42,-71,-43,-75,-48,-65,-46,-71,-52,-73,-54,-69,-50,0,0]"
CSI_DATA,300,1a:00:00:00:00:00,-44,11,1,0,1,1,1,0,0,0,1,-96,0,11,2,4294758,0,44,0,384,0,"[0,0,0,0,0,0,0,0,0,0,0,0,-4,-12,-4,-11,-5,-11,-5,-10,-4,-9,-4,-9,-5,-8,-5,-7,-5,-7,-5,-6,-6,-6,-6,-5,-6,-4,-7,-3,-6,-3,-7,-3,-7,-2,-7,-2,-7,-1,-8,0,-8,0,-8,1,-8,1,-9,2,-10,2,-10,2,0,0,-10,2,-11,2,-11,2,-12,2,-11,2,-12,2,-12,1,-12,1,-12,1,-12,0,-12,0,-12,-1,-11,-1,-11,-1,-11,-2,-10,-2,-10,-2,-10,-3,-9,-3,-8,-3,-8,-4,-8,-4,-7,-4,-6,-5,-6,-5,-5,-5,0,0,0,0,0,0,0,0,0,0,0,0,0,0,-8,-79,-3,-71,-4,-71,-8,-66,-8,-65,-5,-63,-13,-53,-11,-58,-10,-44,-10,-47,-17,-43,-15,-37,-19,-42,-19,-31,-16,-34,-27,-29,-31,-22,-26,-23,-30,-20,-30,-20,-33,-15,-32,-12,-38,-6,-37,-4,-37,-6,-44,-3,-43,-2,-46,0,-46,3,-53,-1,-50,1,-64,3,-54,3,-62,2,-59,3,-63,2,-66,3,-62,3,-64,-2,-67,-5,-59,-6,-62,-13,-62,-11,-59,-17,-61,-14,-57,-16,-56,-21,-54,-17,-51,-21,-47,-17,-44,-19,-42,-22,-36,-25,-31,-27,-27,-29,-25,-30,-21,-31,0,0,0,0,0,0,0,0,0,0,0,0,0,0,0,0,0,0,0,0,0,0,16,55,12,56,6,52,2,56,-2,52,-2,53,-1,47,-4,45,-6,49,-5,43,-10,42,-5,41,-5,41,-7,34,-7,36,-7,31,-1,34,-4,32,0,26,7,25,6,21,9,23,14,21,14,21,17,15,17,17,21,18,27,16,27,13,31,10,28,12,38,13,37,9,40,8,42,6,44,4,48,4,50,6,50,4,53,0,58,-6,56,1,63,-3,63,-4,65,-5,66,-14,66,-14,68,-18,72,-19,72,-13,80,-10,79,-11,89,-10,78,-14,83,-8,85,-15,78,-10,0,0]"
CSI_DATA,301,1a:00:00:00:00:00,-44,11,1,0,1,1,1,0,0,0,1,-96,0,11,2,4305743,0,44,0,384,0,"[0,0,0,0,0,0,0,0,0,0,0,0,11,1,10,0,11,-1,10,0,9,-1,8,-1,8,-2,7,-2,7,-3,6,-3,6,-3,5,-4,5,-4,5,-4,4,-5,4,-6,3,-6,3,-6,2,-6,2,-7,1,-7,1,-7,1,-8,1,-9,1,-10,0,-10,0,0,0,-11,0,-11,0,-12,0,-12,1,-11,1,-12,1,-12,1,-12,1,-12,2,-11,3,-12,3,-11,4,-10,4,-10,4,-10,4,-9,4,-9,4,-8,4,-8,4,-8,4,-7,5,-6,5,-6,5,-5,5,-4,5,-3,0,0,0,0,0,0,0,0,0,0,0,0,0,0,77,16,70,17,72,9,64,11,62,9,58,7,57,6,57,6,51,-2,45,-3,46,-6,42,-9,38,-11,37,-13,33,-9,28,-19,28,-21,23,-20,26,-22,23,-26,22,-29,16,-29,13,-32,10,-34,14,-33,13,-42,9,-41,7,-48,9,-52,5,-53,6,-53,4,-54,11,-55,6,-63,5,-62,10,-60,13,-62,14,-63,18,-63,14,-60,20,-59,22,-62,21,-58,23,-57,26,-51,25,-52,29,-49,27,-45,28,-42,29,-40,29,-37,29,-34,32,-33,31,-26,33,-26,29,-22,31,-12,0,0,0,0,0,0,0,0,0,0,0,0,0,0,0,0,0,0,0,0,0,0,-59,-2,-54,-7,-56,-13,-54,-14,-53,-19,-47,-16,-47,-21,-42,-24,-42,-19,-44,-20,-39,-20,-37,-21,-36,-17,-33,-17,-32,-17,-29,-15,-29,-10,-27,-14,-28,-7,-27,-4,-26,-3,-26,1,-25,2,-25,9,-25,12,-22,14,-21,17,-24,21,-25,22,-26,28,-19,27,-21,34,-21,37,-23,37,-21,40,-18,40,-21,43,-17,49,-19,49,-20,54,-20,56,-10,53,-13,64,-13,63,-8,57,-5,68,-12,69,-7,70,-7,73,-7,77,-10,81,-7,79,-11,82,-7,77,-9,85,-7,84,-14,84,0,0]"
CSI_DATA,302,1a:00:00:00:00:00,-44,11,1,0,1,1,1,0,0,0,1,-96,0,11,2,4314775,0,44,0,384,0,"[0,0,0,0,0,0,0,0,0,0,0,0,-6,-11,-7,-10,-7,-9,-7,-9,-6,-8,-6,-8,-7,-7,-6,-6,-6,-6,-6,-4,-6,-5,-7,-4,-6,-3,-7,-2,-7,-2,-7,-1,-7,0,-7,0,-7,1,-7,1,-7,2,-8,3,-8,2,-8,4,-9,4,-9,4,0,0,-9,4,-10,4,-10,5,-10,5,-10,4,-11,4,-11,5,-11,4,-11,4,-11,3,-12,2,-11,2,-11,1,-11,1,-10,0,-11,0,-10,0,-10,0,-9,-1,-9,-1,-9,-2,-8,-2,-8,-2,-7,-3,-7,-4,-6,-4,0,0,0,0,0,0,0,0,0,0,0,0,0,0,-23,-73,-24,-72,-24,-66,-24,-61,-24,-65,-25,-51,-23,-55,-20,-51,-26,-42,-26,-44,-27,-41,-23,-36,-27,-37,-32,-27,-28,-30,-31,-19,-34,-19,-34,-17,-34,-14,-35,-10,-35,-5,-35,-7,-35,-1,-41,4,-36,8,-43,10,-41,11,-46,12,-49,15,-47,17,-51,21,-55,18,-49,18,-57,22,-58,23,-62,14,-60,17,-62,20,-60,11,-64,9,-63,10,-60,7,-64,3,-64,3,-58,2,-61,-2,-57,-6,-57,-4,-50,-7,-50,-11,-49,-10,-43,-14,-43,-11,-37,-17,-36,-21,-31,-22,-32,-26,0,0,0,0,0,0,0,0,0,0,0,0,0,0,0,0,0,0,0,0,0,0,29,49,24,52,16,51,13,52,9,54,7,48,9,51,5,50,6,49,5,44,0,44,2,41,3,40,3,39,2,30,-1,32,7,33,5,28,5,26,11,23,12,20,15,21,14,19,17,13,24,13,23,10,23,14,28,9,27,10,32,8,31,4,38,1,42,-3,37,1,45,-2,46,-1,47,-8,49,-8,48,-9,56,-15,56,-15,60,-13,57,-20,61,-21,58,-22,62,-22,65,-26,61,-29,68,-34,72,-30,71,-30,74,-30,82,-28,78,-28,78,-31,81,-32,79,-29,0,0]"
CSI_DATA,303,1a:00:00:00:00:00,-44,11,1,0,1,1,1,0,0,0,1,-96,0,11,2,4325675,0,44,0,384,0,"[0,0,0,0,0,0,0,0,0,0,0,0,-11,-7,-10,-6,-11,-5,-10,-5,-9,-5,-9,-4,-9,-3,-8,-3,-8,-2,-8,-2,-8,-1,-7,-1,-7,0,-7,1,-7,1,-7,2,-6,3,-6,3,-6,4,-6,4,-6,4,-5,5,-6,5,-6,6,-7,7,-6,7,0,0,-6,8,-7,9,-7,9,-7,9,-7,8,-8,9,-8,9,-8,8,-8,9,-9,8,-10,7,-10,6,-9,6,-9,6,-9,5,-9,5,-9,4,-9,4,-9,3,-8,3,-8,2,-8,2,-8,1,-7,0,-7,-1,-7,-1,0,0,0,0,0,0,0,0,0,0,0,0,0,0,-66,-44,-62,-39,-61,-39,-64,-36,-59,-35,-55,-31,-51,-26,-51,-23,-44,-27,-49,-22,-46,-16,-43,-11,-42,-8,-40,-7,-39,-5,-37,0,-35,5,-37,10,-32,12,-31,9,-33,15,-29,19,-28,23,-28,28,-30,27,-30,31,-30,30,-29,42,-33,39,-26,49,-30,43,-30,48,-34,46,-35,52,-32,54,-43,49,-42,54,-39,52,-47,49,-46,47,-48,44,-49,42,-51,37,-49,39,-47,37,-48,36,-50,29,-51,29,-45,19,-47,20,-43,20,-41,17,-43,14,-41,6,-38,7,-39,2,-37,-5,0,0,0,0,0,0,0,0,0,0,0,0,0,0,0,0,0,0,0,0,0,0,51,16,47,23,51,25,50,30,42,33,38,33,36,28,37,32,38,35,35,35,30,32,30,29,33,30,29,25,22,29,30,24,27,19,22,16,22,14,24,9,26,6,23,7,28,2,22,-1,25,-3,21,-6,24,-6,31,-10,29,-15,29,-23,28,-21,25,-23,35,-30,30,-27,34,-34,34,-34,33,-36,34,-45,33,-43,33,-46,36,-45,31,-51,38,-53,37,-59,33,-53,33,-71,29,-61,32,-66,31,-68,37,-74,38,-71,37,-72,39,-77,40,-73,45,-82,43,-78,48,-78,0,0]"
CSI_DATA,304,1a:00:00:00:00:00,-44,11,1,0,1,1,1,0,0,0,1,-96,0,11,2,4334793,0,44,0,384,0,"[0,0,0,0,0,0,0,0,0,0,0,0,-7,-10,-8,-9,-8,-8,-8,-8,-7,-7,-7,-7,-7,-6,-7,-6,-7,-5,-7,-4,-7,-4,-7,-3,-7,-2,-7,-2,-7,-1,-7,0,-7,1,-7,1,-6,2,-7,2,-7,2,-7,3,-7,3,-8,4,-8,4,-8,5,0,0,-8,6,-9,6,-9,6,-10,6,-10,6,-10,6,-11,6,-11,5,-11,5,-11,5,-11,4,-11,3,-11,3,-11,3,-11,2,-10,2,-10,1,-10,1,-9,0,-9,0,-9,-1,-9,-1,-8,-1,-7,-2,-7,-3,-6,-3,0,0,0,0,0,0,0,0,0,0,0,0,0,0,-52,-62,-48,-58,-49,-49,-44,-47,-49,-47,-39,-45,-46,-39,-43,-37,-38,-34,-36,-33,-39,-21,-38,-22,-39,-19,-37,-16,-35,-11,-35,-5,-39,-1,-37,2,-33,-1,-34,5,-31,10,-33,9,-30,17,-33,22,-30,21,-33,24,-37,28,-31,36,-35,33,-34,38,-37,41,-39,44,-40,42,-42,48,-39,46,-43,39,-42,44,-44,42,-51,40,-51,43,-54,34,-54,32,-53,33,-50,29,-50,27,-53,28,-52,26,-53,21,-47,18,-48,17,-45,14,-47,13,-44,8,-44,5,-41,1,-39,-3,-35,-6,0,0,0,0,0,0,0,0,0,0,0,0,0,0,0,0,0,0,0,0,0,0,42,37,34,43,30,43,27,43,28,45,20,46,17,44,18,48,19,49,16,38,15,43,14,37,17,36,15,35,12,31,12,34,18,26,16,25,17,21,16,18,17,13,20,11,19,11,23,8,23,5,28,5,30,4,26,0,28,-4,33,-11,31,-7,36,-11,38,-12,36,-17,40,-17,41,-22,45,-22,43,-21,46,-28,46,-33,47,-32,52,-35,46,-39,48,-45,44,-43,46,-47,45,-47,49,-49,51,-57,57,-56,54,-54,54,-59,57,-57,61,-60,59,-68,59,-62,58,-58,0,0]"
CSI_DATA,305,1a:00:00:00:00:00,-44,11,1,0,1,1,1,0,0,0,1,-96,0,11,2,4344789,0,44,0,384,0,"[0,0,0,0,0,0,0,0,0,0,0,0,10,5,10,5,9,4,9,4,8,3,9,3,8,2,7,1,7,1,6,0,7,0,6,-1,6,-2,6,-2,5,-3,5,-3,5,-4,4,-4,5,-5,4,-6,4,-6,4,-7,4,-7,4,-8,5,-8,4,-9,0,0,4,-10,5,-10,5,-10,5,-10,6,-11,6,-10,6,-10,6,-10,7,-10,7,-9,8,-9,7,-8,7,-8,8,-7,7,-7,8,-7,7,-6,8,-6,7,-5,7,-5,7,-4,7,-4,7,-3,6,-2,6,-1,6,-1,0,0,0,0,0,0,0,0,0,0,0,0,0,0,65,37,62,39,64,33,54,33,53,32,48,28,55,29,50,23,50,18,45,19,43,14,37,9,38,8,41,3,36,4,35,-4,37,-11,34,-11,32,-9,31,-16,30,-21,29,-20,30,-27,28,-29,28,-26,29,-34,24,-34,24,-41,27,-41,25,-52,23,-46,25,-47,29,-49,29,-49,26,-51,37,-51,35,-56,36,-52,43,-52,44,-47,44,-50,44,-48,47,-44,44,-40,45,-35,49,-30,45,-34,46,-31,43,-26,42,-26,42,-22,40,-17,44,-18,41,-8,38,-8,36,-5,34,2,0,0,0,0,0,0,0,0,0,0,0,0,0,0,0,0,0,0,0,0,0,0,-57,-19,-51,-25,-50,-28,-45,-28,-45,-31,-40,-34,-36,-33,-35,-35,-34,-36,-31,-33,-30,-32,-29,-33,-35,-26,-26,-27,-27,-22,-28,-23,-24,-20,-24,-22,-25,-11,-26,-16,-23,-11,-27,-6,-27,-4,-26,-1,-24,-2,-25,7,-31,6,-24,8,-33,14,-33,17,-29,19,-35,24,-34,30,-32,26,-33,32,-33,36,-32,35,-31,36,-28,42,-34,43,-35,41,-33,53,-36,49,-35,58,-33,53,-35,64,-34,57,-31,65,-32,66,-37,68,-37,67,-37,73,-40,72,-38,70,-44,76,-44,73,-37,68,0,0]"
CSI_DATA,306,1a:00:00:00:00:00,-44,11,1,0,1,1,1,0,0,0,1,-96,0,11,2,4365256,0,44,0,384,0,"[0,0,0,0,0,0,0,0,0,0,0,0,0,11,1,11,2,10,1,10,1,9,1,9,2,8,2,7,3,7,3,6,3,6,4,5,4,4,4,4,4,4,5,3,5,2,6,2,6,1,6,1,7,1,8,0,7,0,8,0,9,-1,9,-1,0,0,9,-1,10,-1,11,-1,11,-1,11,0,11,0,11,0,11,0,11,1,11,1,11,2,10,2,9,3,10,3,9,3,9,4,8,4,8,4,8,4,7,4,6,5,6,5,5,5,4,5,4,5,3,5,0,0,0,0,0,0,0,0,0,0,0,0,0,0,-3,67,-1,72,0,69,7,66,2,66,2,61,3,55,7,53,9,50,8,47,14,43,13,37,18,38,17,35,15,35,24,32,21,25,27,28,22,18,26,21,32,16,36,14,28,6,37,3,39,4,43,2,42,4,46,5,48,3,47,-3,50,0,58,-2,56,-1,61,-3,59,0,57,1,61,0,61,0,64,8,63,3,63,8,61,15,61,16,59,17,52,17,58,18,51,18,51,21,42,22,44,22,44,22,38,25,35,24,29,28,24,27,20,31,16,32,0,0,0,0,0,0,0,0,0,0,0,0,0,0,0,0,0,0,0,0,0,0,-17,-55,-8,-55,-1,-57,0,-55,3,-57,8,-52,6,-48,6,-47,6,-48,10,-43,12,-44,14,-42,10,-40,11,-39,7,-32,6,-34,5,-35,0,-30,0,-26,-6,-26,-6,-23,-9,-25,-12,-24,-11,-22,-15,-18,-18,-18,-20,-20,-23,-21,-25,-18,-29,-18,-32,-20,-34,-10,-36,-12,-45,-11,-43,-13,-44,-9,-50,-11,-50,-14,-50,-8,-51,-7,-53,-4,-62,-4,-61,-4,-61,1,-63,3,-68,3,-70,8,-70,8,-73,7,-77,6,-81,-2,-80,6,-87,3,-82,4,-86,1,-86,3,-85,1,0,0]"
CSI_DATA,307,1a:00:00:00:00:00,-43,11,1,0,1,1,1,0,0,0,1,-96,0,11,2,4376395,0,44,0,384,0,"[0,0,0,0,0,0,0,0,0,0,0,0,-4,11,-3,11,-2,10,-3,9,-2,9,-2,9,-1,8,-1,7,0,7,0,6,1,6,2,6,2,6,2,5,3,5,4,5,4,4,4,4,5,3,5,3,6,3,6,2,7,3,8,3,9,3,8,2,0,0,9,2,10,3,10,2,11,3,10,3,11,3,11,4,10,4,10,4,10,5,10,5,9,6,8,5,8,6,8,6,8,6,7,6,7,6,6,6,6,6,5,6,4,6,4,7,3,6,2,6,1,6,0,0,0,0,0,0,0,0,0,0,0,0,0,0,-28,75,-22,65,-17,64,-22,60,-15,60,-11,59,-13,54,-12,54,-7,49,-5,42,-1,44,4,43,6,45,5,36,7,38,9,33,15,33,17,31,17,26,23,27,24,24,28,21,28,23,33,17,33,17,39,15,39,11,48,9,47,10,48,10,52,9,54,9,54,16,58,11,57,10,60,19,57,16,60,16,58,21,61,22,55,19,54,25,56,28,58,28,51,25,50,28,44,33,45,31,38,29,38,29,37,29,37,31,30,30,26,33,20,31,19,30,11,34,0,0,0,0,0,0,0,0,0,0,0,0,0,0,0,0,0,0,0,0,0,0,16,-53,16,-53,19,-52,23,-50,29,-45,28,-43,23,-41,25,-38,30,-41,27,-38,29,-36,25,-33,25,-33,24,-33,20,-29,19,-31,15,-27,12,-28,8,-28,11,-27,6,-28,2,-28,-1,-24,-1,-27,-6,-28,-10,-25,-8,-23,-16,-25,-19,-27,-24,-27,-23,-26,-27,-25,-25,-28,-29,-26,-40,-30,-41,-25,-42,-26,-46,-27,-46,-22,-54,-22,-51,-26,-58,-23,-61,-20,-58,-18,-62,-17,-58,-17,-67,-18,-68,-13,-69,-15,-74,-17,-79,-21,-79,-20,-86,-23,-79,-17,-86,-23,-85,-19,-80,-20,0,0]"
CSI_DATA,308,1a:00:00:00:00:00,-44,11,1,0,1,1,1,0,0,0,1,-96,0,11,2,4406057,0,44,0,384,0,"[0,0,0,0,0,0,0,0,0,0,0,0,11,-4,10,-4,9,-5,9,-5,9,-5,7,-4,7,-6,6,-5,6,-5,5,-5,5,-6,3,-6,3,-6,3,-6,2,-6,1,-7,1,-7,0,-7,0,-7,-1,-8,-1,-8,-2,-8,-2,-8,-3,-9,-3,-9,-3,-9,0,0,-4,-10,-4,-11,-4,-11,-4,-11,-3,-11,-3,-11,-3,-12,-3,-12,-3,-12,-2,-12,-1,-12,-1,-11,0,-11,0,-11,0,-11,0,-11,1,-10,1,-10,1,-9,1,-9,2,-9,2,-8,2,-8,3,-7,4,-6,4,-5,0,0,0,0,0,0,0,0,0,0,0,0,0,0,73,-24,75,-27,69,-29,56,-25,58,-27,56,-26,52,-26,52,-26,45,-23,40,-22,38,-29,35,-29,32,-28,25,-31,26,-25,18,-30,18,-34,13,-34,12,-31,6,-36,5,-38,2,-37,0,-39,-8,-37,-7,-37,-10,-43,-16,-43,-18,-47,-19,-49,-21,-49,-22,-48,-26,-55,-21,-52,-26,-56,-26,-55,-20,-65,-20,-62,-18,-62,-15,-66,-16,-61,-11,-62,-11,-64,-11,-69,-7,-65,-3,-61,-7,-61,0,-59,1,-55,5,-51,5,-50,9,-49,12,-46,10,-45,16,-43,15,-38,15,-33,20,-31,0,0,0,0,0,0,0,0,0,0,0,0,0,0,0,0,0,0,0,0,0,0,-50,23,-53,20,-52,21,-60,16,-53,11,-54,8,-50,7,-52,0,-47,1,-44,2,-45,0,-43,1,-43,6,-42,4,-38,5,-31,-1,-35,6,-30,4,-30,7,-26,9,-25,10,-23,13,-20,16,-17,19,-20,23,-18,21,-13,25,-10,27,-10,29,-9,31,-6,31,-7,39,-7,42,-1,44,1,45,3,48,5,49,8,46,6,51,16,54,17,54,13,60,19,60,20,64,23,58,25,68,28,67,25,63,30,67,30,70,33,75,36,75,34,80,33,75,36,82,30,86,32,74,0,0]"
CSI_DATA,309,1a:00:00:00:00:00,-44,11,1,0,1,1,1,0,0,0,1,-96,0,11,2,4415356,0,44,0,384,0,"[0,0,0,0,0,0,0,0,0,0,0,0,9,-8,8,-8,8,-8,8,-7,6,-7,6,-7,5,-7,4,-7,4,-7,3,-7,3,-7,2,-7,1,-7,1,-7,1,-7,-1,-7,-1,-7,-2,-7,-2,-6,-4,-7,-3,-7,-4,-7,-4,-7,-5,-7,-6,-8,-6,-8,0,0,-7,-9,-7,-9,-7,-10,-7,-10,-7,-10,-7,-10,-7,-10,-6,-10,-6,-11,-6,-11,-5,-11,-4,-11,-4,-11,-4,-11,-3,-11,-3,-10,-3,-10,-2,-10,-2,-9,-1,-9,-1,-9,0,-9,0,-8,1,-7,2,-7,2,-6,0,0,0,0,0,0,0,0,0,0,0,0,0,0,66,-44,67,-38,62,-41,51,-39,54,-38,47,-37,42,-36,45,-38,38,-37,35,-37,31,-34,24,-36,24,-37,19,-32,16,-34,7,-38,14,-36,5,-34,4,-37,-4,-35,-5,-36,-8,-35,-13,-30,-18,-37,-16,-35,-22,-37,-26,-41,-28,-37,-28,-41,-32,-43,-29,-41,-35,-45,-36,-45,-34,-52,-37,-49,-35,-56,-40,-52,-35,-58,-31,-57,-30,-60,-31,-58,-27,-57,-26,-62,-23,-62,-20,-58,-17,-56,-13,-55,-12,-55,-10,-52,-7,-51,-8,-47,-4,-47,1,-45,4,-45,8,-43,6,-40,15,-37,0,0,0,0,0,0,0,0,0,0,0,0,0,0,0,0,0,0,0,0,0,0,-40,38,-45,33,-49,31,-52,28,-52,24,-49,19,-47,18,-47,15,-48,16,-46,13,-45,13,-39,16,-44,9,-43,12,-33,9,-33,12,-29,13,-27,11,-26,14,-25,14,-19,14,-21,19,-16,19,-16,22,-12,27,-8,28,-6,30,-1,27,-3,31,0,35,5,33,5,38,8,41,12,42,10,40,17,47,18,46,19,43,25,46,27,51,25,52,34,52,29,56,32,52,42,53,41,63,43,53,47,56,47,59,46,60,49,64,51,66,50,66,54,64,56,71,51,69,50,71,0,0]"
CSI_DATA,310,1a:00:00:00:00:00,-44,11,1,0,1,1,1,0,0,0,1,-96,0,11,2,4425508,0,44,0,384,0,"[0,0,0,0,0,0,0,0,0,0,0,0,9,6,9,5,9,5,9,5,8,4,7,3,7,2,7,2,6,2,6,1,7,0,6,0,6,-1,6,-2,6,-2,5,-3,5,-3,5,-3,5,-5,5,-5,4,-5,4,-6,5,-7,5,-7,5,-7,5,-8,0,0,5,-9,6,-9,6,-10,6,-9,6,-9,7,-9,7,-9,7,-9,7,-9,8,-8,8,-8,8,-7,8,-7,8,-6,8,-6,8,-5,8,-5,8,-5,8,-4,7,-4,7,-3,7,-2,7,-2,6,-2,6,-1,6,0,0,0,0,0,0,0,0,0,0,0,0,0,0,0,56,52,54,50,57,46,52,43,50,38,50,39,45,33,45,36,42,26,42,24,39,19,38,14,39,13,37,10,33,8,34,4,35,-3,34,-4,30,-9,31,-10,30,-13,30,-11,30,-22,32,-20,29,-28,31,-30,28,-32,32,-37,31,-43,29,-45,27,-43,29,-49,31,-45,33,-54,30,-49,38,-53,36,-53,40,-50,45,-48,45,-46,43,-42,47,-41,47,-41,46,-39,45,-38,48,-34,52,-31,47,-31,44,-26,39,-25,41,-21,41,-19,39,-18,37,-12,38,-9,40,-4,39,3,0,0,0,0,0,0,0,0,0,0,0,0,0,0,0,0,0,0,0,0,0,0,-42,-39,-39,-46,-33,-42,-34,-42,-25,-46,-27,-49,-21,-44,-20,-46,-23,-46,-17,-41,-19,-44,-15,-41,-18,-36,-20,-34,-15,-33,-15,-30,-18,-29,-16,-29,-18,-24,-21,-24,-19,-16,-21,-13,-17,-11,-28,-11,-28,-9,-28,-5,-30,-2,-30,1,-34,1,-33,4,-33,8,-41,11,-40,10,-39,16,-40,15,-38,19,-41,20,-43,27,-43,28,-43,33,-48,35,-47,38,-48,42,-48,41,-51,46,-45,48,-45,49,-46,54,-49,60,-50,55,-52,61,-48,65,-59,64,-54,60,-55,63,-58,69,-53,57,0,0]"
CSI_DATA,311,1a:00:00:00:00:00,-44,11,1,0,1,1,1,0,0,0,1,-96,0,11,2,4434778,0,44,0,384,0,"[0,0,0,0,0,0,0,0,0,0,0,0,10,-5,10,-5,9,-6,9,-5,8,-5,7,-5,6,-6,5,-6,5,-6,4,-6,4,-6,3,-6,3,-6,2,-7,2,-6,1,-7,0,-7,0,-7,-1,-7,-1,-7,-2,-7,-3,-8,-3,-8,-4,-8,-4,-9,-4,-9,0,0,-5,-10,-5,-11,-5,-11,-5,-11,-5,-11,-4,-11,-4,-12,-4,-11,-4,-12,-3,-12,-3,-12,-1,-12,-2,-12,-1,-11,0,-11,0,-11,0,-10,0,-10,0,-9,1,-9,1,-8,2,-8,2,-8,3,-7,3,-6,3,-6,0,0,0,0,0,0,0,0,0,0,0,0,0,0,70,-35,67,-29,63,-37,58,-33,54,-31,48,-35,45,-30,45,-33,43,-29,37,-29,32,-33,30,-33,27,-32,24,-32,21,-32,15,-33,13,-36,11,-34,4,-35,2,-35,1,-33,-6,-32,-6,-35,-8,-38,-8,-38,-9,-40,-15,-39,-24,-43,-21,-45,-26,-44,-26,-44,-27,-48,-22,-47,-33,-54,-29,-53,-23,-58,-27,-61,-31,-57,-20,-64,-24,-57,-17,-58,-19,-63,-12,-63,-14,-64,-11,-57,-6,-58,-3,-57,-3,-58,1,-52,1,-48,4,-48,4,-47,6,-44,14,-40,16,-37,17,-34,17,-31,0,0,0,0,0,0,0,0,0,0,0,0,0,0,0,0,0,0,0,0,0,0,-40,38,-46,34,-47,29,-49,27,-45,23,-46,17,-44,17,-47,14,-48,16,-46,9,-45,12,-41,13,-44,15,-39,8,-33,7,-31,12,-30,12,-25,8,-24,13,-26,9,-21,14,-19,18,-16,21,-12,21,-16,21,-6,25,-7,26,-3,31,-3,29,0,33,-1,29,6,39,5,40,7,42,8,44,15,44,11,45,16,48,17,47,19,48,20,54,30,51,25,57,32,61,29,55,40,51,34,55,41,58,41,63,44,66,41,66,48,66,45,68,42,64,42,72,42,71,46,71,0,0]"
CSI_DATA,312,1a:00:00:00:00:00,-44,11,1,0,1,1,1,0,0,0,1,-96,0,11,2,4444759,0,44,0,384,0,"[0,0,0,0,0,0,0,0,0,0,0,0,-3,11,-2,10,-2,10,-2,10,-2,9,-2,8,-1,8,0,7,0,7,1,6,1,6,2,6,2,6,2,5,3,5,4,4,4,4,4,3,5,4,5,3,5,3,6,3,7,3,7,2,8,2,8,2,0,0,10,3,9,3,10,3,10,3,10,4,10,4,10,4,10,4,9,5,9,5,9,5,8,6,7,6,8,6,7,7,7,7,6,6,6,6,5,6,4,6,4,6,3,6,3,6,2,6,1,6,0,6,0,0,0,0,0,0,0,0,0,0,0,0,0,0,-35,64,-38,61,-32,66,-30,58,-27,59,-29,55,-21,52,-23,51,-18,44,-17,44,-13,41,-8,43,-6,44,-3,36,-1,37,6,38,6,33,12,31,13,30,14,28,19,32,22,28,22,25,25,21,28,27,34,23,37,26,39,21,41,23,49,22,44,19,50,26,48,29,50,28,49,23,51,32,52,35,56,31,53,35,56,37,47,42,45,43,45,46,45,46,39,39,37,44,35,46,30,41,27,40,29,40,23,40,18,40,19,41,13,38,9,36,8,36,0,38,0,0,0,0,0,0,0,0,0,0,0,0,0,0,0,0,0,0,0,0,0,0,11,-58,18,-54,22,-53,26,-48,31,-45,31,-48,26,-40,32,-38,28,-40,30,-34,31,-30,26,-30,26,-34,25,-28,23,-29,20,-27,12,-29,13,-28,13,-26,10,-26,6,-25,4,-27,-4,-29,-2,-26,-4,-26,-11,-29,-9,-30,-13,-29,-12,-28,-26,-27,-19,-26,-25,-31,-26,-29,-27,-27,-32,-33,-35,-30,-35,-29,-42,-34,-44,-30,-49,-31,-51,-32,-49,-30,-59,-28,-56,-33,-60,-28,-69,-27,-68,-29,-65,-29,-68,-28,-73,-29,-71,-31,-79,-30,-80,-35,-73,-34,-81,-35,-80,-38,-76,-37,0,0]"
CSI_DATA,313,1a:00:00:00:00:00,-44,11,1,0,1,1,1,0,0,0,1,-96,0,11,2,4454784,0,44,0,384,0,"[0,0,0,0,0,0,0,0,0,0,0,0,6,-11,6,-10,5,-10,5,-9,4,-9,4,-8,3,-9,2,-8,2,-8,1,-7,1,-8,0,-8,-1,-7,-1,-7,-2,-6,-3,-7,-3,-6,-4,-6,-4,-6,-5,-6,-5,-6,-6,-6,-6,-6,-7,-6,-8,-6,-8,-6,0,0,-9,-6,-9,-7,-10,-7,-10,-7,-9,-8,-10,-8,-10,-8,-9,-8,-9,-9,-8,-9,-8,-9,-7,-9,-7,-9,-6,-9,-6,-10,-6,-9,-5,-9,-5,-9,-4,-9,-4,-8,-3,-8,-3,-8,-2,-8,-2,-8,0,-7,0,-7,0,0,0,0,0,0,0,0,0,0,0,0,0,0,56,-55,48,-46,45,-55,38,-53,41,-51,40,-47,32,-45,32,-43,29,-41,25,-47,16,-43,13,-36,12,-42,8,-36,9,-38,-1,-40,1,-40,-2,-34,-4,-31,-10,-32,-16,-34,-15,-33,-20,-28,-22,-31,-23,-32,-29,-31,-29,-31,-37,-27,-33,-35,-43,-33,-42,-31,-44,-36,-42,-37,-48,-41,-45,-39,-43,-45,-47,-47,-45,-43,-40,-49,-38,-47,-37,-50,-36,-54,-35,-49,-35,-54,-29,-51,-29,-52,-24,-50,-23,-53,-21,-45,-15,-45,-10,-47,-11,-45,-8,-40,-2,-39,-2,-42,1,-41,7,-39,0,0,0,0,0,0,0,0,0,0,0,0,0,0,0,0,0,0,0,0,0,0,-28,49,-29,47,-33,42,-36,43,-39,37,-37,35,-42,32,-40,28,-39,30,-38,25,-37,21,-33,23,-34,27,-34,26,-31,21,-26,22,-24,20,-22,26,-19,23,-16,16,-15,22,-12,24,-8,25,-7,23,-3,23,-2,30,-1,28,8,31,7,30,8,35,11,31,13,35,16,35,21,33,23,38,26,37,31,38,37,35,34,37,36,44,41,42,43,38,47,44,50,40,50,38,54,45,54,45,58,41,58,46,60,43,60,44,67,48,67,47,66,48,72,52,66,56,63,52,0,0]"
CSI_DATA,314,1a:00:00:00:00:00,-44,11,1,0,1,1,1,0,0,0,1,-96,0,11,2,4485590,0,44,0,384,0,"[0,0,0,0,0,0,0,0,0,0,0,0,7,9,7,8,7,7,7,7,7,6,6,6,6,5,5,4,6,4,6,3,6,3,6,2,6,1,6,0,6,0,7,-1,6,-2,6,-2,6,-3,6,-3,6,-4,6,-4,6,-5,7,-5,7,-6,7,-7,0,0,7,-7,8,-7,8,-8,8,-8,9,-7,9,-7,9,-7,9,-7,10,-7,10,-6,10,-6,10,-5,10,-4,9,-4,10,-4,10,-3,9,-3,8,-2,8,-2,8,-2,8,-1,8,-1,7,0,6,1,6,2,5,1,0,0,0,0,0,0,0,0,0,0,0,0,0,0,38,62,37,64,41,61,32,59,36,58,30,46,36,46,34,43,26,38,32,37,33,31,30,25,32,26,32,18,31,17,35,13,37,7,31,6,31,4,31,1,34,-7,32,-8,35,-12,35,-14,34,-15,35,-19,35,-21,38,-30,36,-33,43,-34,40,-31,42,-32,42,-33,48,-34,46,-38,52,-33,50,-33,53,-35,57,-31,54,-28,56,-28,58,-28,56,-25,56,-22,53,-17,55,-17,54,-15,55,-16,52,-8,48,-7,50,-7,51,-4,45,-1,42,1,38,6,34,6,31,15,0,0,0,0,0,0,0,0,0,0,0,0,0,0,0,0,0,0,0,0,0,0,-37,-46,-27,-49,-25,-51,-24,-53,-20,-52,-16,-51,-15,-49,-15,-50,-12,-50,-10,-46,-11,-41,-10,-47,-13,-37,-11,-36,-8,-35,-10,-34,-14,-33,-10,-29,-14,-27,-14,-23,-17,-18,-22,-16,-23,-18,-20,-14,-25,-14,-27,-12,-25,-7,-32,-10,-30,-7,-36,-1,-33,1,-41,6,-40,3,-43,4,-43,11,-46,9,-46,14,-47,18,-49,18,-52,25,-54,21,-52,25,-56,28,-61,31,-57,31,-59,38,-59,38,-59,37,-58,44,-64,44,-62,45,-69,49,-71,44,-62,46,-73,50,-73,49,-71,50,0,0]"
CSI_DATA,315,1a:00:00:00:00:00,-44,11,1,0,1,1,1,0,0,0,1,-96,0,11,2,4495997,0,44,0,384,0,"[0,0,0,0,0,0,0,0,0,0,0,0,-12,-7,-10,-6,-11,-4,-10,-5,-10,-4,-9,-4,-9,-3,-9,-2,-8,-2,-8,-1,-8,-1,-8,0,-7,0,-7,1,-7,1,-7,2,-6,3,-6,3,-6,4,-6,5,-5,5,-5,6,-5,6,-5,7,-6,7,-5,8,0,0,-6,9,-7,9,-6,10,-7,9,-7,9,-7,9,-7,10,-7,9,-8,9,-9,9,-9,8,-9,7,-9,7,-9,7,-9,6,-9,5,-9,5,-8,5,-9,4,-8,3,-9,3,-8,2,-8,2,-8,1,-7,0,-7,-1,0,0,0,0,0,0,0,0,0,0,0,0,0,0,-57,-50,-56,-45,-61,-37,-53,-41,-53,-39,-48,-35,-49,-28,-48,-28,-47,-22,-42,-23,-40,-20,-35,-12,-42,-12,-41,-7,-34,-6,-36,-5,-37,0,-35,7,-30,10,-31,14,-33,16,-32,15,-28,22,-32,25,-30,26,-29,28,-32,31,-27,41,-31,40,-28,39,-30,40,-33,46,-32,46,-33,50,-37,47,-40,46,-41,47,-45,52,-45,49,-46,44,-50,48,-45,41,-49,39,-51,36,-48,34,-51,34,-47,29,-50,29,-44,21,-48,17,-45,15,-45,16,-42,14,-42,10,-40,4,-40,3,-40,-4,0,0,0,0,0,0,0,0,0,0,0,0,0,0,0,0,0,0,0,0,0,0,50,26,41,30,47,32,42,35,38,38,33,35,29,35,27,38,33,38,24,38,23,35,23,32,26,30,25,30,24,25,21,27,20,22,22,23,23,19,23,13,23,10,26,11,25,11,25,7,27,4,28,1,28,-1,28,-4,29,-8,34,-16,29,-14,35,-16,33,-22,37,-22,38,-26,33,-31,38,-30,35,-35,38,-35,38,-40,36,-40,35,-48,39,-48,42,-51,32,-48,36,-57,40,-56,40,-57,39,-64,43,-64,42,-67,42,-72,51,-67,44,-66,47,-72,48,-71,47,-70,0,0]"
CSI_DATA,316,1a:00:00:00:00:00,-44,11,1,0,1,1,1,0,0,0,1,-96,0,11,2,4514971,0,44,0,384,0,"[0,0,0,0,0,0,0,0,0,0,0,0,-9,8,-8,8,-8,8,-8,8,-7,7,-7,6,-5,7,-4,6,-5,7,-3,6,-3,6,-2,6,-2,6,-1,6,0,6,0,6,1,6,2,6,2,6,3,6,3,5,4,6,4,6,5,7,5,7,6,7,0,0,6,7,6,8,7,8,7,8,6,8,7,9,7,9,6,9,6,10,5,10,5,10,4,10,3,10,3,9,2,9,2,10,2,9,2,8,1,8,1,8,0,8,-1,7,-1,7,-2,6,-3,6,-3,5,0,0,0,0,0,0,0,0,0,0,0,0,0,0,-55,54,-53,48,-47,57,-45,48,-43,50,-40,41,-39,41,-34,42,-29,43,-26,39,-22,42,-19,38,-14,38,-13,34,-9,35,-5,36,-4,35,0,33,0,31,7,35,13,34,12,36,16,27,21,32,22,31,27,31,30,28,30,28,33,33,39,34,40,34,43,36,44,37,47,40,46,40,42,43,45,47,45,43,39,45,40,51,40,51,37,52,33,53,32,49,24,49,26,52,23,50,24,51,18,46,16,45,14,48,13,43,9,45,3,42,-1,41,0,37,-7,36,0,0,0,0,0,0,0,0,0,0,0,0,0,0,0,0,0,0,0,0,0,0,31,-50,35,-43,39,-42,39,-35,44,-34,43,-29,42,-29,39,-25,40,-27,44,-25,36,-23,36,-22,33,-23,35,-21,30,-18,30,-24,23,-25,23,-20,20,-22,14,-18,16,-23,12,-25,8,-24,7,-28,3,-26,-2,-33,-1,-30,-4,-31,-3,-35,-9,-33,-12,-36,-13,-36,-15,-37,-17,-37,-20,-44,-23,-39,-27,-40,-32,-41,-32,-41,-35,-47,-35,-44,-43,-46,-44,-47,-43,-50,-46,-41,-56,-48,-54,-44,-55,-46,-58,-51,-61,-56,-62,-50,-66,-52,-62,-49,-62,-51,-70,-57,-64,-56,-61,-67,0,0]"
CSI_DATA,317,1a:00:00:00:00:00,-44,11,1,0,1,1,1,0,0,0,1,-96,0,11,2,4524795,0,44,0,384,0,"[0,0,0,0,0,0,0,0,0,0,0,0,10,-6,9,-6,9,-6,9,-6,8,-6,7,-5,6,-6,6,-6,6,-6,4,-6,4,-6,3,-6,3,-6,2,-6,2,-6,1,-7,0,-7,0,-7,-1,-7,-2,-8,-1,-8,-2,-8,-3,-8,-3,-9,-4,-9,-4,-9,0,0,-5,-10,-5,-11,-5,-11,-5,-11,-4,-11,-4,-11,-4,-12,-4,-11,-4,-12,-3,-12,-3,-12,-2,-12,-2,-11,-1,-11,-1,-11,0,-11,0,-10,0,-9,1,-10,1,-9,2,-8,2,-8,2,-8,2,-7,3,-7,3,-5,0,0,0,0,0,0,0,0,0,0,0,0,0,0,74,-22,67,-17,68,-26,56,-23,59,-19,56,-18,53,-21,50,-22,43,-22,45,-19,34,-24,37,-21,30,-28,28,-26,26,-25,22,-32,17,-32,17,-30,14,-28,7,-34,6,-39,4,-32,-4,-36,-6,-40,-5,-37,-5,-42,-7,-45,-13,-47,-10,-45,-19,-52,-12,-48,-16,-53,-19,-49,-17,-63,-20,-58,-18,-61,-16,-62,-18,-62,-14,-61,-9,-62,-7,-60,-3,-65,2,-61,3,-64,1,-59,3,-56,5,-52,9,-55,10,-49,7,-47,13,-47,16,-43,14,-41,21,-37,18,-37,22,-32,24,-27,0,0,0,0,0,0,0,0,0,0,0,0,0,0,0,0,0,0,0,0,0,0,-46,29,-48,25,-46,20,-54,19,-49,14,-51,14,-47,12,-47,12,-49,7,-45,7,-48,0,-41,5,-42,5,-40,5,-35,4,-33,7,-33,7,-28,4,-23,10,-29,12,-23,11,-18,18,-21,17,-19,18,-17,21,-17,25,-12,22,-7,27,-7,29,-8,33,-3,28,-3,41,-5,40,-1,41,6,44,7,46,1,45,13,48,7,50,8,53,14,57,16,54,18,62,21,60,22,60,26,67,27,66,32,65,34,63,29,69,27,72,30,77,31,80,29,72,31,81,27,78,32,74,0,0]"
CSI_DATA,318,1a:00:00:00:00:00,-44,11,1,0,1,1,1,0,0,0,1,-96,0,11,2,4534770,0,44,0,384,0,"[0,0,0,0,0,0,0,0,0,0,0,0,1,11,2,11,2,10,2,10,2,9,2,9,2,8,2,7,3,7,3,5,4,6,4,5,4,5,4,3,5,3,5,3,5,2,6,2,6,1,6,1,7,1,7,1,7,0,8,-1,9,-1,9,-1,0,0,10,-1,10,-1,11,-1,10,-1,11,-1,11,0,11,0,11,1,11,1,11,2,11,2,10,3,10,3,10,3,8,4,9,4,8,4,8,4,7,4,7,4,6,5,5,5,5,5,4,5,3,5,3,5,0,0,0,0,0,0,0,0,0,0,0,0,0,0,-11,67,-7,74,-1,63,-6,64,-1,69,-1,59,3,57,2,54,4,53,5,45,9,46,8,43,12,41,14,31,17,35,21,32,22,29,25,26,22,20,28,20,29,16,31,17,32,8,33,13,34,9,40,10,42,5,44,3,48,-1,48,0,49,3,56,4,54,1,59,3,60,4,60,7,61,9,62,7,64,18,60,16,60,13,60,20,59,20,60,19,52,24,50,28,52,26,47,24,40,25,39,29,37,28,37,28,33,29,25,30,25,31,23,33,17,36,0,0,0,0,0,0,0,0,0,0,0,0,0,0,0,0,0,0,0,0,0,0,-18,-55,-6,-56,-5,-57,-3,-54,3,-54,6,-51,9,-48,8,-46,12,-51,10,-47,7,-41,8,-44,4,-41,7,-38,9,-36,4,-37,-2,-33,2,-32,-1,-26,-4,-28,-2,-25,-9,-28,-11,-29,-10,-24,-17,-22,-23,-21,-23,-17,-27,-24,-22,-22,-31,-14,-29,-16,-36,-14,-38,-18,-40,-13,-45,-15,-45,-12,-47,-12,-50,-10,-55,-8,-59,-6,-58,-8,-64,-2,-66,-6,-65,-2,-64,-2,-63,2,-69,-1,-71,2,-75,2,-76,4,-77,1,-82,8,-88,-2,-88,3,-83,1,-85,3,-79,-2,0,0]"
CSI_DATA,319,1a:00:00:00:00:00,-44,11,1,0,1,1,1,0,0,0,1,-96,0,11,2,4547094,0,44,0,384,0,"[0,0,0,0,0,0,0,0,0,0,0,0,6,9,7,8,7,7,6,8,6,7,5,6,6,5,6,5,5,4,5,3,6,3,6,2,6,2,6,1,5,1,6,-1,6,-1,6,-1,6,-2,6,-2,6,-3,6,-4,6,-4,7,-4,7,-5,8,-5,0,0,9,-6,9,-5,9,-6,9,-6,9,-5,10,-5,10,-6,9,-5,10,-5,10,-4,11,-3,10,-3,9,-2,10,-2,9,-2,9,-1,9,-1,9,0,8,0,8,0,7,1,7,1,7,2,6,2,6,2,5,3,0,0,0,0,0,0,0,0,0,0,0,0,0,0,41,61,44,58,44,51,41,53,43,51,35,48,38,45,39,36,36,38,31,30,34,29,31,24,34,26,38,23,32,19,33,11,36,9,30,5,34,0,34,3,36,-8,33,-6,35,-8,36,-13,35,-16,37,-18,37,-19,35,-28,39,-29,42,-31,41,-28,49,-28,48,-34,50,-30,48,-37,53,-30,52,-32,53,-33,59,-32,59,-28,63,-25,55,-22,57,-19,59,-20,53,-14,58,-12,55,-7,51,-8,50,-6,48,-6,48,2,45,3,43,5,42,8,38,11,37,15,32,16,0,0,0,0,0,0,0,0,0,0,0,0,0,0,0,0,0,0,0,0,0,0,-50,-29,-41,-33,-42,-38,-38,-39,-37,-43,-29,-40,-30,-41,-30,-42,-29,-45,-23,-42,-21,-44,-21,-36,-29,-36,-19,-35,-17,-29,-20,-28,-22,-27,-20,-24,-19,-19,-21,-17,-21,-20,-21,-14,-26,-10,-26,-10,-27,-4,-30,-3,-27,-7,-29,-2,-33,7,-35,6,-31,10,-40,8,-36,13,-39,14,-46,18,-41,18,-43,24,-44,25,-47,27,-47,35,-43,29,-54,33,-49,31,-55,39,-51,33,-44,47,-54,47,-51,51,-55,53,-61,56,-55,53,-60,55,-66,53,-61,51,-64,60,-64,57,-63,57,0,0]"
CSI_DATA,320,1a:00:00:00:00:00,-44,11,1,0,1,1,1,0,0,0,1,-96,0,11,2,4556468,0,44,0,384,0,"[0,0,0,0,0,0,0,0,0,0,0,0,-13,3,-11,3,-11,3,-11,3,-10,3,-9,3,-8,4,-7,4,-7,4,-6,4,-6,4,-5,5,-5,5,-4,5,-3,5,-3,6,-2,6,-2,6,-1,6,-1,7,-1,7,1,7,1,7,1,8,1,9,2,9,0,0,2,10,2,11,2,11,3,11,2,11,2,11,2,11,2,11,1,12,0,12,0,11,-1,11,-1,11,-1,10,-2,10,-2,10,-2,9,-3,9,-3,8,-3,8,-4,7,-4,7,-4,6,-5,6,-5,5,-5,4,0,0,0,0,0,0,0,0,0,0,0,0,0,0,-75,14,-69,8,-69,17,-68,10,-62,16,-58,11,-57,13,-55,15,-50,16,-46,17,-43,19,-36,19,-39,24,-34,23,-30,23,-27,25,-24,30,-19,29,-18,30,-13,27,-8,35,-7,32,-2,38,-3,36,2,41,2,40,2,43,11,45,7,48,13,48,8,51,11,53,10,54,17,58,15,59,11,61,11,60,8,65,5,68,5,61,2,60,1,60,-5,58,-2,59,-4,56,-9,54,-14,53,-8,53,-14,50,-15,47,-15,43,-15,41,-18,36,-23,37,-21,31,-22,28,-27,21,0,0,0,0,0,0,0,0,0,0,0,0,0,0,0,0,0,0,0,0,0,0,51,-22,54,-15,52,-6,54,-7,53,-7,54,0,50,0,49,2,50,4,41,1,43,4,40,3,40,5,38,0,33,2,34,-3,30,-3,29,-6,24,-4,28,-10,24,-10,26,-11,20,-11,22,-16,21,-16,19,-21,15,-20,15,-28,17,-28,12,-30,10,-32,13,-42,9,-42,6,-42,6,-45,2,-44,3,-46,0,-52,-2,-51,-4,-56,-4,-57,-11,-53,-7,-60,-14,-65,-12,-60,-13,-65,-17,-68,-20,-65,-18,-72,-17,-76,-17,-80,-20,-78,-20,-80,-17,-78,-23,-87,-17,-84,-20,-88,0,0]"
CSI_DATA,321,1a:00:00:00:00:00,-44,11,1,0,1,1,1,0,0,0,1,-96,0,11,2,4565377,0,44,0,384,0,"[0,0,0,0,0,0,0,0,0,0,0,0,-13,-1,-12,0,-12,0,-11,0,-10,0,-9,0,-9,1,-8,1,-8,1,-8,2,-8,2,-6,3,-6,3,-5,4,-5,4,-5,5,-4,5,-4,5,-3,6,-3,6,-3,6,-2,7,-2,7,-2,8,-2,9,-1,9,0,0,-1,10,-2,10,-2,11,-2,11,-3,10,-3,11,-2,11,-4,11,-4,11,-4,11,-5,10,-5,10,-5,9,-5,9,-5,9,-6,8,-6,8,-6,7,-6,6,-6,6,-7,5,-6,5,-6,4,-6,3,-7,3,-6,2,0,0,0,0,0,0,0,0,0,0,0,0,0,0,-81,-18,-76,-9,-70,-7,-65,-7,-66,-10,-62,-6,-57,-3,-58,-4,-49,-2,-48,-4,-51,3,-44,11,-45,6,-38,10,-38,11,-33,14,-31,20,-31,23,-28,18,-26,23,-25,31,-23,27,-16,30,-15,38,-15,37,-16,38,-13,45,-9,45,-6,49,-9,54,-12,52,-12,54,-13,55,-11,58,-9,60,-15,62,-19,64,-17,63,-22,64,-22,57,-23,57,-25,59,-28,54,-29,58,-24,53,-32,52,-35,46,-33,48,-33,39,-32,40,-31,36,-34,34,-33,28,-37,21,-38,21,-37,18,-36,14,0,0,0,0,0,0,0,0,0,0,0,0,0,0,0,0,0,0,0,0,0,0,57,-7,55,1,57,3,54,8,53,12,50,11,46,12,46,16,43,15,43,18,40,17,42,14,39,15,38,12,33,12,33,10,34,9,30,6,29,2,29,1,27,3,25,-5,22,-9,26,-9,27,-15,22,-15,16,-17,20,-22,24,-22,22,-29,19,-27,18,-32,23,-38,20,-37,21,-43,18,-40,18,-48,18,-48,15,-51,12,-55,16,-55,13,-59,9,-60,9,-67,11,-66,11,-68,8,-71,4,-72,4,-75,8,-80,10,-81,1,-80,10,-89,5,-87,4,-90,9,-90,6,-85,0,0]"
CSI_DATA,322,1a:00:00:00:00:00,-44,11,1,0,1,1,1,0,0,0,1,-96,0,11,2,4575581,0,44,0,384,0,"[0,0,0,0,0,0,0,0,0,0,0,0,11,-4,10,-4,10,-5,10,-4,9,-4,7,-4,7,-5,7,-5,6,-5,6,-5,5,-5,4,-6,4,-5,3,-6,3,-6,2,-7,1,-7,1,-7,1,-7,0,-7,0,-8,-1,-8,-1,-8,-2,-9,-2,-10,-2,-10,0,0,-3,-11,-2,-12,-2,-11,-2,-12,-2,-11,-2,-12,-2,-12,-1,-12,-1,-12,0,-13,0,-12,1,-11,1,-11,1,-11,2,-11,2,-10,2,-10,2,-9,3,-9,3,-8,3,-8,3,-7,4,-7,4,-6,4,-5,4,-4,0,0,0,0,0,0,0,0,0,0,0,0,0,0,77,-14,76,-17,71,-24,65,-15,62,-19,55,-16,58,-17,56,-18,48,-19,46,-20,40,-22,36,-19,35,-22,32,-25,29,-24,24,-33,23,-29,20,-31,12,-31,13,-33,7,-38,10,-37,4,-39,1,-38,1,-43,-4,-44,-8,-48,-8,-50,-7,-52,-12,-51,-10,-50,-13,-54,-13,-61,-19,-59,-14,-60,-13,-63,-9,-62,-14,-67,-4,-67,-5,-63,2,-64,3,-66,1,-62,2,-64,9,-60,7,-61,10,-57,16,-57,16,-48,16,-50,16,-45,22,-47,16,-44,22,-38,27,-33,24,-28,24,-25,0,0,0,0,0,0,0,0,0,0,0,0,0,0,0,0,0,0,0,0,0,0,-46,28,-51,19,-58,22,-55,13,-56,10,-53,9,-50,6,-47,4,-53,6,-48,1,-48,-2,-45,0,-43,3,-41,4,-35,0,-37,3,-32,7,-30,4,-29,7,-28,12,-28,6,-23,18,-21,20,-24,20,-21,20,-18,25,-16,25,-14,28,-10,30,-11,36,-7,28,-6,37,-6,44,-5,44,-4,48,0,47,2,50,3,52,3,52,7,53,8,53,14,61,7,61,19,64,19,63,19,63,21,64,19,69,26,69,27,77,26,80,27,75,22,79,23,82,26,88,24,85,22,89,0,0]"
CSI_DATA,323,1a:00:00:00:00:00,-44,11,1,0,1,1,1,0,0,0,1,-96,0,11,2,4595201,0,44,0,384,0,"[0,0,0,0,0,0,0,0,0,0,0,0,10,-7,9,-7,8,-7,8,-6,7,-7,6,-6,6,-6,5,-7,5,-6,4,-7,3,-7,2,-7,2,-7,1,-7,0,-6,0,-7,-1,-7,-1,-7,-2,-7,-2,-8,-3,-8,-4,-7,-4,-7,-5,-8,-5,-9,-5,-8,0,0,-6,-9,-5,-10,-6,-10,-6,-10,-5,-11,-5,-11,-6,-11,-5,-11,-5,-12,-4,-11,-4,-12,-3,-11,-3,-11,-3,-11,-2,-10,-2,-11,-2,-10,-1,-10,-1,-9,0,-9,0,-9,1,-8,1,-8,2,-7,2,-7,3,-6,0,0,0,0,0,0,0,0,0,0,0,0,0,0,73,-23,70,-18,67,-25,61,-22,60,-26,51,-25,53,-22,48,-26,44,-22,39,-22,39,-27,35,-29,30,-29,28,-27,23,-27,21,-33,18,-33,13,-35,13,-29,4,-27,1,-37,1,-36,-5,-35,-6,-36,-12,-39,-12,-37,-18,-40,-17,-45,-18,-46,-20,-47,-18,-43,-24,-49,-21,-48,-25,-55,-26,-56,-22,-58,-25,-56,-25,-57,-18,-63,-17,-56,-15,-60,-16,-64,-12,-57,-11,-59,-7,-58,-9,-59,-1,-54,-2,-55,0,-54,-1,-49,4,-50,5,-45,5,-43,14,-40,14,-37,15,-32,18,-35,0,0,0,0,0,0,0,0,0,0,0,0,0,0,0,0,0,0,0,0,0,0,-54,23,-53,15,-56,14,-54,9,-58,10,-52,3,-53,2,-47,-1,-47,-4,-48,0,-45,0,-41,-1,-45,1,-41,1,-37,-1,-34,3,-33,6,-30,3,-29,5,-27,9,-24,9,-22,15,-25,15,-16,16,-18,19,-17,21,-12,20,-14,26,-11,29,-12,32,-8,31,-6,37,-3,38,-5,39,-2,44,-1,44,3,47,7,51,8,51,10,51,13,50,13,54,13,59,19,60,21,56,23,62,23,61,27,61,24,67,31,73,31,73,33,70,36,74,27,76,35,77,30,76,28,78,0,0]"
CSI_DATA,324,1a:00:00:00:00:00,-44,11,1,0,1,1,1,0,0,0,1,-96,0,11,2,4614748,0,44,0,384,0,"[0,0,0,0,0,0,0,0,0,0,0,0,-12,-2,-12,-2,-11,-1,-11,-1,-10,-1,-10,-1,-9,0,-9,0,-8,0,-7,1,-7,1,-7,2,-7,2,-6,3,-6,4,-5,4,-5,5,-4,5,-4,5,-4,6,-3,6,-3,7,-3,6,-3,8,-3,8,-2,8,0,0,-2,9,-3,10,-3,10,-3,10,-3,10,-4,11,-4,11,-4,10,-4,11,-5,10,-5,10,-6,9,-6,9,-6,9,-6,8,-6,8,-6,7,-6,7,-6,6,-6,6,-7,5,-7,5,-7,4,-7,3,-7,2,-6,1,0,0,0,0,0,0,0,0,0,0,0,0,0,0,-77,-12,-74,-15,-72,-9,-70,-8,-64,-10,-62,-4,-60,-5,-56,-2,-52,-4,-51,0,-46,6,-42,7,-40,13,-39,11,-34,10,-33,19,-32,19,-32,23,-25,23,-18,26,-22,35,-17,30,-14,34,-12,42,-11,36,-13,41,-10,43,-4,48,-12,50,-7,52,-5,50,0,56,-8,52,-4,63,-3,61,-10,64,-10,64,-7,62,-12,65,-12,61,-18,58,-18,58,-20,61,-21,60,-23,54,-24,52,-27,50,-28,48,-26,46,-26,38,-27,39,-26,38,-32,36,-28,32,-32,26,-31,20,-33,16,0,0,0,0,0,0,0,0,0,0,0,0,0,0,0,0,0,0,0,0,0,0,56,1,57,5,55,7,53,12,52,16,52,22,48,18,47,18,49,20,40,17,40,22,37,19,38,18,37,17,36,11,31,13,35,8,27,10,30,2,28,3,28,-2,27,-6,23,-4,22,-11,27,-10,21,-14,28,-17,23,-19,24,-22,26,-25,16,-24,25,-34,22,-36,19,-38,22,-41,17,-44,15,-42,16,-48,17,-54,13,-56,15,-58,14,-58,15,-60,10,-64,7,-62,12,-71,7,-70,4,-69,4,-75,4,-77,5,-74,1,-83,9,-84,6,-76,8,-89,4,-92,5,-84,0,0]"
CSI_DATA,325,1a:00:00:00:00:00,-44,11,1,0,1,1,1,0,0,0,1,-96,0,11,2,4635349,0,44,0,384,0,"[0,0,0,0,0,0,0,0,0,0,0,0,-8,9,-7,9,-6,9,-6,8,-6,8,-5,7,-4,7,-3,7,-3,7,-2,7,-2,7,-1,6,-1,6,0,6,0,6,1,6,2,5,2,5,3,5,3,5,4,5,5,5,5,5,6,5,6,6,7,6,0,0,7,6,7,7,8,7,8,7,7,7,7,8,7,8,7,8,7,8,6,8,6,9,5,9,5,9,4,9,4,9,3,9,3,9,3,8,2,8,2,7,1,8,1,7,0,7,-1,7,-1,6,-2,5,0,0,0,0,0,0,0,0,0,0,0,0,0,0,-50,60,-50,58,-43,56,-40,55,-35,52,-37,47,-33,49,-29,48,-28,48,-21,38,-17,42,-13,39,-11,44,-12,39,-8,38,2,40,-1,36,5,37,6,34,10,34,15,35,16,32,20,29,23,28,22,29,28,34,31,27,38,30,36,36,44,29,40,30,42,34,41,36,48,33,49,34,48,43,45,46,45,43,42,47,41,45,41,44,39,52,34,50,32,51,29,48,31,51,23,49,22,49,21,46,18,43,12,44,10,43,8,44,10,43,1,37,-1,36,-1,34,0,0,0,0,0,0,0,0,0,0,0,0,0,0,0,0,0,0,0,0,0,0,14,-54,25,-47,27,-52,31,-48,31,-42,33,-41,33,-39,36,-36,32,-37,30,-37,32,-34,26,-34,33,-30,28,-34,27,-24,25,-26,23,-27,18,-27,19,-24,14,-25,10,-25,12,-26,5,-29,0,-29,1,-28,-5,-27,-7,-29,-10,-30,-10,-31,-16,-33,-13,-28,-16,-38,-20,-34,-25,-31,-24,-39,-30,-39,-35,-34,-38,-37,-38,-34,-46,-36,-46,-34,-46,-39,-51,-42,-55,-37,-54,-36,-58,-32,-57,-38,-63,-35,-64,-36,-74,-42,-74,-42,-74,-38,-69,-43,-72,-43,-74,-49,-73,-47,-73,-57,0,0]"
CSI_DATA,326,1a:00:00:00:00:00,-44,11,1,0,1,1,1,0,0,0,1,-96,0,11,2,4645128,0,44,0,384,0,"[0,0,0,0,0,0,0,0,0,0,0,0,-4,-12,-5,-11,-5,-10,-5,-10,-5,-9,-5,-9,-6,-8,-5,-7,-5,-6,-5,-6,-6,-6,-6,-5,-6,-5,-6,-3,-6,-3,-7,-2,-7,-2,-7,-1,-7,-1,-7,0,-7,0,-8,1,-8,1,-9,2,-9,2,-9,2,0,0,-11,2,-11,3,-11,3,-11,3,-11,2,-12,2,-12,2,-11,1,-12,1,-12,0,-12,0,-11,-1,-11,-1,-11,-1,-11,-2,-11,-2,-10,-2,-10,-2,-9,-3,-8,-3,-8,-3,-8,-4,-7,-4,-7,-5,-6,-5,-5,-5,0,0,0,0,0,0,0,0,0,0,0,0,0,0,-17,-76,-15,-75,-26,-69,-23,-65,-29,-64,-19,-55,-22,-53,-21,-49,-25,-43,-20,-44,-30,-41,-28,-41,-30,-37,-26,-34,-33,-29,-28,-22,-35,-22,-31,-18,-30,-12,-36,-8,-38,-7,-39,-5,-38,0,-38,3,-38,6,-42,5,-42,8,-45,12,-53,16,-52,18,-51,17,-54,18,-55,17,-55,19,-58,18,-61,15,-59,23,-61,18,-66,15,-60,16,-65,10,-64,1,-62,7,-65,3,-59,0,-62,-2,-57,0,-54,-4,-49,-2,-49,-3,-47,-5,-47,-9,-41,-10,-42,-17,-40,-20,-33,-23,-30,-24,0,0,0,0,0,0,0,0,0,0,0,0,0,0,0,0,0,0,0,0,0,0,23,50,19,54,18,56,11,54,6,55,4,51,5,48,2,49,2,48,-1,46,0,47,1,44,3,43,-1,41,-2,37,-1,35,5,33,6,26,4,29,9,27,6,25,11,22,13,22,20,19,17,18,22,14,23,18,29,13,30,13,35,10,29,4,37,7,40,5,39,0,46,-1,44,-5,52,-1,49,-5,55,-1,56,-13,56,-8,57,-12,62,-15,66,-20,60,-18,66,-26,66,-20,66,-26,65,-30,72,-29,75,-27,77,-32,83,-30,80,-29,81,-31,80,-32,84,-32,0,0]"
CSI_DATA,327,1a:00:00:00:00:00,-44,11,1,0,1,1,1,0,0,0,1,-96,0,11,2,4654771,0,44,0,384,0,"[0,0,0,0,0,0,0,0,0,0,0,0,-9,8,-8,9,-7,8,-7,8,-7,7,-6,7,-5,7,-4,6,-4,6,-3,6,-3,6,-2,6,-1,6,-1,6,0,6,0,6,1,6,1,5,2,6,3,6,3,6,4,6,4,6,5,6,5,6,6,7,0,0,6,7,6,8,7,8,7,8,6,8,6,9,6,9,6,9,5,10,5,9,5,10,4,10,3,9,3,10,3,9,2,9,2,9,2,9,1,8,0,8,-1,8,-1,7,-1,7,-2,7,-2,6,-3,5,0,0,0,0,0,0,0,0,0,0,0,0,0,0,-72,33,-65,31,-61,31,-56,35,-58,35,-47,29,-48,31,-49,33,-39,31,-34,31,-32,30,-27,28,-31,30,-22,28,-20,33,-16,30,-12,34,-9,34,-7,28,-2,34,-4,33,1,29,2,33,7,34,7,32,10,38,16,37,18,43,16,45,26,45,27,44,25,51,24,48,23,52,26,49,24,55,22,58,22,60,20,61,17,59,16,56,11,62,10,59,8,60,4,57,7,59,4,55,0,53,0,48,-5,48,-3,49,-7,44,-10,39,-13,40,-16,37,-16,31,-22,30,0,0,0,0,0,0,0,0,0,0,0,0,0,0,0,0,0,0,0,0,0,0,38,-44,42,-38,41,-35,44,-33,46,-31,44,-25,42,-24,43,-24,46,-23,39,-18,40,-17,38,-16,41,-18,37,-13,36,-12,30,-11,31,-19,23,-16,25,-14,19,-18,21,-17,16,-20,14,-22,14,-22,11,-24,4,-28,4,-30,4,-31,4,-28,-2,-33,-4,-35,-6,-39,-9,-39,-9,-37,-11,-42,-14,-45,-15,-45,-22,-48,-18,-47,-26,-51,-22,-51,-29,-52,-30,-56,-32,-53,-35,-54,-38,-58,-38,-55,-44,-52,-43,-60,-45,-62,-45,-67,-49,-65,-48,-73,-44,-63,-48,-74,-46,-71,-47,-71,0,0]"
CSI_DATA,328,1a:00:00:00:00:00,-44,11,1,0,1,1,1,0,0,0,1,-96,0,11,2,4664836,0,44,0,384,0,"[0,0,0,0,0,0,0,0,0,0,0,0,9,6,9,6,9,5,9,5,8,4,8,4,7,3,7,3,7,2,6,1,7,1,6,0,6,-1,6,-1,6,-1,6,-2,5,-4,5,-3,5,-4,5,-5,5,-5,5,-6,5,-6,5,-7,5,-8,5,-8,0,0,6,-9,6,-9,6,-9,6,-9,7,-9,7,-9,8,-9,8,-9,8,-9,8,-8,9,-8,8,-7,8,-7,8,-6,8,-5,8,-6,8,-5,8,-5,8,-4,7,-3,7,-3,7,-2,7,-2,7,-1,6,-1,6,0,0,0,0,0,0,0,0,0,0,0,0,0,0,0,59,41,54,41,59,34,54,37,53,34,47,31,47,25,50,24,48,19,41,20,43,18,37,11,39,12,38,6,39,4,35,0,37,-4,31,-6,33,-9,33,-16,31,-20,31,-18,29,-24,27,-26,29,-27,27,-34,25,-35,27,-41,28,-40,30,-43,24,-46,26,-44,30,-50,28,-52,27,-48,37,-45,34,-55,31,-52,39,-52,39,-48,41,-48,44,-47,42,-44,44,-40,44,-35,44,-36,47,-34,45,-33,39,-24,44,-22,40,-21,41,-23,40,-14,37,-8,41,-11,41,-3,34,-1,0,0,0,0,0,0,0,0,0,0,0,0,0,0,0,0,0,0,0,0,0,0,-54,-26,-51,-32,-48,-32,-44,-34,-40,-36,-40,-37,-33,-39,-31,-40,-37,-37,-30,-37,-29,-35,-25,-36,-27,-31,-25,-27,-22,-28,-26,-27,-25,-26,-24,-25,-22,-17,-22,-19,-20,-13,-25,-10,-25,-12,-26,-3,-25,-2,-28,3,-27,3,-28,9,-31,12,-35,15,-28,14,-33,14,-32,23,-38,23,-38,24,-35,29,-36,27,-36,37,-35,32,-36,40,-35,38,-39,51,-37,47,-38,49,-39,52,-37,58,-41,55,-36,58,-36,61,-43,63,-38,69,-41,69,-41,68,-41,68,-43,76,-45,70,-45,72,0,0]"
CSI_DATA,329,1a:00:00:00:00:00,-44,11,1,0,1,1,1,0,0,0,1,-96,0,11,2,4675010,0,44,0,384,0,"[0,0,0,0,0,0,0,0,0,0,0,0,-9,8,-8,8,-7,8,-7,8,-6,7,-6,7,-5,7,-5,6,-4,6,-3,6,-3,6,-2,6,-1,6,-1,6,0,6,1,6,2,6,2,5,2,5,3,5,3,6,4,6,4,6,5,6,6,6,6,6,0,0,7,7,7,7,7,7,8,7,7,8,7,8,7,8,7,8,6,9,6,9,6,9,4,10,4,9,4,9,3,9,3,9,2,9,2,8,2,8,1,8,1,8,0,7,0,7,-1,7,-2,6,-2,5,0,0,0,0,0,0,0,0,0,0,0,0,0,0,-62,44,-57,49,-58,50,-52,41,-54,44,-44,39,-44,42,-41,45,-33,37,-30,38,-26,42,-24,34,-26,36,-20,40,-12,38,-9,35,-10,38,-2,34,0,35,3,34,11,36,8,31,14,35,15,40,15,35,21,36,24,39,33,39,27,37,34,43,34,37,36,43,36,43,35,41,37,43,36,51,36,53,35,50,34,53,33,53,30,58,30,56,30,57,25,54,23,51,17,53,15,52,13,53,4,48,7,45,7,49,6,47,0,43,0,42,-6,41,-11,36,-11,30,0,0,0,0,0,0,0,0,0,0,0,0,0,0,0,0,0,0,0,0,0,0,34,-47,40,-44,41,-42,41,-36,44,-35,44,-29,39,-26,42,-24,45,-27,42,-20,41,-22,39,-21,38,-21,35,-22,32,-19,29,-20,29,-20,26,-24,22,-19,21,-23,19,-23,15,-25,12,-22,9,-27,5,-29,2,-30,1,-28,-5,-31,-2,-35,-6,-35,-9,-33,-11,-39,-14,-38,-14,-39,-16,-45,-17,-43,-23,-44,-28,-42,-28,-44,-35,-46,-35,-46,-38,-49,-40,-46,-46,-53,-40,-44,-45,-47,-46,-51,-57,-53,-52,-52,-58,-56,-60,-58,-66,-53,-58,-64,-59,-60,-64,-63,-61,-61,-54,-69,0,0]"
CSI_DATA,330,1a:00:00:00:00:00,-44,11,1,0,1,1,1,0,0,0,1,-96,0,11,2,4685108,0,44,0,384,0,"[0,0,0,0,0,0,0,0,0,0,0,0,-4,11,-4,10,-3,11,-3,10,-2,9,-2,8,-1,8,-1,7,0,8,0,7,0,7,1,6,2,6,2,5,2,5,4,5,4,4,4,4,5,4,6,3,6,3,7,3,6,3,7,3,8,3,8,3,0,0,9,3,10,3,10,3,10,3,10,4,10,4,10,4,10,4,10,4,10,5,9,6,8,6,8,6,8,6,7,6,7,6,7,6,6,6,5,6,5,6,4,6,4,6,3,6,2,6,1,6,1,6,0,0,0,0,0,0,0,0,0,0,0,0,0,0,-23,71,-21,73,-16,72,-19,61,-11,62,-12,61,-11,55,-9,55,-2,50,-4,47,0,45,6,38,8,43,6,34,10,42,16,34,18,30,17,31,22,26,24,25,26,23,27,18,29,19,34,15,32,10,39,11,39,11,44,8,46,12,53,10,48,10,54,6,51,8,58,8,56,9,62,11,61,12,60,16,59,16,59,15,57,19,55,23,55,23,55,26,52,27,49,26,44,29,40,29,43,30,39,28,40,26,35,30,30,32,24,32,20,33,18,31,11,30,0,0,0,0,0,0,0,0,0,0,0,0,0,0,0,0,0,0,0,0,0,0,11,-57,16,-53,18,-53,21,-53,25,-51,29,-46,22,-42,22,-43,24,-42,26,-40,26,-38,21,-38,25,-37,23,-32,22,-29,19,-29,15,-32,11,-29,13,-26,7,-27,6,-25,5,-25,-2,-26,-2,-28,-7,-27,-11,-27,-13,-28,-15,-27,-16,-25,-25,-29,-22,-24,-28,-26,-31,-25,-34,-23,-38,-27,-41,-24,-40,-28,-45,-24,-45,-26,-52,-23,-51,-22,-57,-18,-61,-22,-58,-20,-66,-17,-66,-20,-67,-18,-70,-12,-73,-15,-74,-18,-76,-15,-81,-15,-84,-16,-82,-14,-84,-23,-84,-17,-76,-22,0,0]"
CSI_DATA,331,1a:00:00:00:00:00,-44,11,1,0,1,1,1,0,0,0,1,-96,0,11,2,4694750,0,44,0,384,0,"[0,0,0,0,0,0,0,0,0,0,0,0,11,-5,10,-5,9,-6,9,-5,8,-5,7,-5,6,-5,6,-5,5,-6,5,-6,4,-6,3,-6,3,-6,2,-7,2,-7,1,-7,0,-7,0,-7,-1,-7,-1,-7,-2,-7,-3,-8,-2,-8,-3,-9,-4,-9,-4,-9,0,0,-5,-10,-4,-11,-5,-11,-5,-10,-4,-11,-4,-11,-4,-11,-4,-11,-4,-12,-3,-12,-3,-12,-2,-12,-2,-11,-1,-11,-1,-11,-1,-11,0,-10,0,-10,0,-9,1,-8,1,-9,1,-8,2,-8,2,-7,3,-6,3,-6,0,0,0,0,0,0,0,0,0,0,0,0,0,0,72,-23,75,-19,71,-24,58,-19,56,-23,54,-19,54,-18,54,-22,46,-21,41,-18,39,-23,35,-23,32,-26,30,-29,26,-27,22,-30,25,-31,14,-27,16,-29,9,-34,5,-39,2,-35,1,-36,-2,-40,-3,-42,-6,-40,-10,-43,-13,-42,-14,-49,-18,-47,-18,-50,-18,-54,-15,-52,-19,-58,-21,-54,-14,-61,-14,-62,-11,-63,-9,-62,-10,-61,-7,-61,-6,-60,-2,-59,-5,-60,1,-60,-1,-57,5,-56,7,-55,6,-52,9,-46,11,-44,11,-41,15,-39,20,-40,19,-34,17,-31,23,-26,0,0,0,0,0,0,0,0,0,0,0,0,0,0,0,0,0,0,0,0,0,0,-52,24,-53,19,-55,17,-58,13,-56,7,-55,3,-48,2,-47,1,-53,-1,-49,0,-43,-3,-41,-1,-43,2,-40,-1,-36,0,-35,-3,-33,6,-29,4,-31,7,-29,7,-26,11,-26,10,-21,12,-19,17,-19,21,-17,21,-12,23,-12,21,-13,30,-10,31,-9,32,-11,37,-7,37,-4,44,-6,45,-1,45,0,45,2,51,4,49,6,54,10,57,15,55,10,59,17,61,17,61,19,58,22,61,19,65,23,69,24,71,23,71,31,72,26,78,28,73,28,83,28,81,21,81,0,0]"
CSI_DATA,332,1a:00:00:00:00:00,-44,11,1,0,1,1,1,0,0,0,1,-96,0,11,2,4707540,0,44,0,384,0,"[0,0,0,0,0,0,0,0,0,0,0,0,6,10,6,9,6,8,6,8,6,7,5,6,6,6,5,5,5,5,5,3,5,3,6,2,6,2,6,1,6,1,6,0,6,-1,6,-1,6,-2,6,-2,6,-3,6,-3,7,-4,7,-5,8,-5,7,-5,0,0,8,-6,9,-6,9,-6,10,-7,9,-5,10,-6,10,-6,10,-5,10,-5,11,-5,10,-4,10,-3,10,-3,9,-3,10,-2,9,-2,9,-2,9,-2,8,0,8,0,8,0,7,1,7,1,6,2,6,2,5,3,0,0,0,0,0,0,0,0,0,0,0,0,0,0,35,69,30,69,38,58,32,59,33,61,30,53,35,50,29,41,28,42,28,42,32,36,31,33,32,28,33,26,30,26,30,15,34,15,32,5,31,10,33,7,39,1,36,-2,37,-8,40,-10,35,-11,39,-17,43,-14,42,-23,45,-19,45,-27,46,-24,51,-27,47,-26,50,-30,54,-28,56,-23,57,-31,57,-29,60,-21,61,-20,60,-18,60,-14,60,-16,63,-10,57,-2,59,-3,59,-3,55,-1,53,1,47,4,49,7,48,7,43,8,40,15,38,14,33,20,28,20,0,0,0,0,0,0,0,0,0,0,0,0,0,0,0,0,0,0,0,0,0,0,-41,-46,-31,-47,-30,-49,-28,-47,-23,-53,-21,-50,-19,-50,-15,-49,-16,-45,-17,-44,-11,-44,-10,-39,-14,-45,-12,-40,-11,-32,-17,-37,-13,-34,-15,-34,-11,-26,-16,-26,-23,-23,-18,-16,-20,-18,-23,-16,-26,-12,-26,-15,-29,-11,-29,-7,-35,-5,-34,-3,-34,-1,-40,-1,-43,3,-45,6,-45,9,-46,11,-48,9,-49,15,-53,18,-50,22,-57,21,-57,25,-56,23,-57,34,-54,28,-62,38,-63,32,-62,40,-62,40,-64,44,-69,38,-70,43,-76,43,-73,44,-76,49,-75,47,-78,41,0,0]"
CSI_DATA,333,1a:00:00:00:00:00,-44,11,1,0,1,1,1,0,0,0,1,-96,0,11,2,4724906,0,44,0,384,0,"[0,0,0,0,0,0,0,0,0,0,0,0,11,-1,10,-1,10,-2,10,-1,9,-2,8,-2,8,-3,7,-3,6,-3,6,-4,6,-4,5,-4,5,-4,4,-5,4,-5,3,-6,2,-6,2,-6,2,-7,1,-7,1,-7,0,-8,0,-8,0,-9,0,-9,0,-10,0,0,0,-10,0,-11,0,-11,0,-11,0,-11,1,-12,0,-12,1,-12,1,-12,2,-11,2,-12,3,-11,3,-10,3,-10,3,-9,4,-9,4,-9,4,-8,4,-8,4,-7,4,-7,5,-6,5,-6,5,-5,5,-4,5,-3,0,0,0,0,0,0,0,0,0,0,0,0,0,0,73,5,69,8,69,0,62,-2,61,-2,60,0,55,-8,55,-3,46,-7,46,-8,43,-12,41,-15,35,-15,31,-19,33,-16,25,-20,27,-26,26,-25,20,-24,18,-25,15,-32,15,-29,10,-35,8,-37,9,-36,7,-38,3,-41,3,-44,4,-45,-1,-52,2,-50,-2,-56,1,-51,-1,-62,1,-55,6,-66,2,-60,4,-61,7,-63,10,-58,7,-59,13,-55,16,-58,14,-57,20,-53,20,-51,21,-48,22,-46,24,-45,26,-40,24,-40,25,-34,25,-34,28,-29,30,-28,29,-25,26,-21,0,0,0,0,0,0,0,0,0,0,0,0,0,0,0,0,0,0,0,0,0,0,-55,12,-54,9,-50,5,-55,-1,-49,-3,-51,-3,-46,-4,-44,-12,-46,-7,-45,-7,-41,-10,-40,-6,-41,-5,-40,-10,-35,-4,-33,-8,-37,-2,-30,-2,-29,3,-29,4,-25,8,-27,9,-27,11,-23,13,-21,15,-19,14,-20,21,-20,22,-19,22,-16,30,-13,27,-14,35,-16,36,-16,38,-14,41,-10,42,-9,44,-9,46,-8,51,-9,53,-8,56,0,54,-6,60,-1,64,0,62,6,59,7,63,9,67,4,68,7,74,3,77,7,73,4,80,4,78,1,83,2,90,0,82,0,0]"
CSI_DATA,334,1a:00:00:00:00:00,-44,11,1,0,1,1,1,0,0,0,1,-96,0,11,2,4734779,0,44,0,384,0,"[0,0,0,0,0,0,0,0,0,0,0,0,1,-13,0,-12,0,-11,-1,-11,-1,-10,-1,-10,-2,-9,-2,-9,-2,-8,-3,-7,-3,-7,-4,-7,-4,-6,-4,-6,-5,-5,-6,-5,-6,-4,-6,-4,-6,-3,-7,-3,-7,-3,-8,-2,-8,-2,-9,-2,-9,-2,-10,-2,0,0,-10,-1,-11,-2,-12,-2,-11,-2,-12,-3,-12,-3,-12,-3,-12,-3,-12,-3,-11,-4,-11,-5,-11,-5,-10,-5,-10,-5,-9,-6,-9,-5,-9,-6,-8,-6,-8,-6,-7,-6,-7,-6,-6,-6,-5,-6,-5,-6,-3,-7,-3,-6,0,0,0,0,0,0,0,0,0,0,0,0,0,0,7,-78,8,-70,3,-75,4,-65,3,-66,5,-65,1,-59,-3,-55,-3,-52,-7,-49,-6,-47,-11,-43,-10,-43,-12,-38,-15,-36,-21,-32,-19,-30,-24,-26,-24,-25,-30,-20,-31,-19,-28,-21,-30,-16,-33,-11,-37,-13,-39,-10,-42,-9,-46,-8,-50,-6,-48,-4,-51,-6,-51,-6,-57,-9,-59,-9,-59,-4,-59,-7,-60,-9,-63,-10,-61,-16,-62,-18,-55,-16,-59,-18,-59,-17,-54,-21,-52,-25,-53,-27,-49,-27,-49,-29,-41,-27,-38,-33,-39,-26,-33,-29,-31,-28,-25,-32,-26,-31,-20,-28,-12,-32,0,0,0,0,0,0,0,0,0,0,0,0,0,0,0,0,0,0,0,0,0,0,11,56,3,53,1,53,-4,53,-5,49,-5,50,-10,46,-9,47,-12,46,-11,44,-8,41,-7,43,-8,46,-7,38,-7,35,-8,30,0,32,-3,28,3,28,-3,24,8,29,2,26,12,23,9,21,12,22,19,19,21,22,22,23,24,19,29,18,30,19,35,19,31,19,40,12,41,18,44,13,47,13,48,10,50,11,52,8,54,7,54,3,59,6,62,3,65,-1,65,0,68,-1,72,-2,71,-1,72,-1,76,-4,82,-4,81,-1,76,-3,89,-1,85,-1,81,8,0,0]"
CSI_DATA,335,1a:00:00:00:00:00,-44,11,1,0,1,1,1,0,0,0,1,-96,0,11,2,4744762,0,44,0,384,0,"[0,0,0,0,0,0,0,0,0,0,0,0,9,7,10,7,9,6,9,6,8,5,8,4,7,4,7,3,7,3,7,1,7,1,7,0,6,0,6,-1,6,-1,6,-2,6,-3,5,-3,6,-4,5,-5,5,-5,5,-6,5,-6,6,-7,6,-7,6,-8,0,0,6,-9,7,-9,7,-9,7,-9,7,-9,8,-9,8,-9,8,-9,8,-9,9,-8,9,-8,9,-7,9,-6,9,-6,9,-5,9,-5,8,-5,8,-4,8,-4,8,-3,8,-3,7,-2,7,-2,7,-1,7,0,6,0,0,0,0,0,0,0,0,0,0,0,0,0,0,0,56,56,48,53,52,46,47,45,46,44,43,43,45,35,46,33,41,28,43,25,37,19,35,19,44,17,38,10,31,14,39,5,40,2,33,-1,31,-3,36,-4,37,-12,36,-13,31,-18,30,-23,32,-22,32,-28,33,-32,32,-33,36,-38,35,-41,33,-42,36,-44,39,-43,41,-46,38,-47,45,-42,49,-46,42,-49,48,-46,52,-38,49,-38,50,-36,50,-36,53,-32,51,-29,56,-29,49,-26,51,-24,48,-18,44,-18,45,-15,46,-12,43,-8,42,-7,40,-1,37,1,35,8,0,0,0,0,0,0,0,0,0,0,0,0,0,0,0,0,0,0,0,0,0,0,-49,-36,-46,-38,-40,-42,-38,-44,-33,-46,-32,-44,-31,-42,-29,-42,-30,-43,-29,-39,-25,-41,-23,-39,-25,-35,-24,-35,-20,-31,-20,-30,-23,-25,-22,-28,-25,-24,-24,-20,-26,-17,-28,-13,-28,-12,-29,-6,-29,-6,-30,-5,-28,-2,-28,-3,-32,1,-35,9,-35,7,-43,11,-37,16,-40,16,-41,21,-42,21,-42,25,-45,29,-40,31,-48,39,-45,39,-44,38,-49,40,-50,46,-49,47,-47,54,-47,53,-48,59,-49,58,-50,60,-49,57,-55,65,-55,62,-56,63,-65,64,-57,61,-54,65,0,0]"
CSI_DATA,336,1a:00:00:00:00:00,-44,11,1,0,1,1,1,0,0,0,1,-96,0,11,2,4755496,0,44,0,384,0,"[0,0,0,0,0,0,0,0,0,0,0,0,7,9,7,8,8,7,7,7,7,7,6,6,6,5,6,5,6,4,6,3,6,3,6,2,6,1,6,1,5,0,7,-1,6,-1,6,-1,6,-2,6,-3,6,-3,6,-4,7,-4,7,-5,7,-5,7,-5,0,0,8,-6,9,-6,9,-6,9,-6,9,-6,9,-6,10,-6,10,-6,10,-5,10,-5,11,-4,10,-3,10,-3,10,-2,9,-2,10,-1,9,-2,9,-1,8,0,8,0,8,0,7,1,7,1,6,2,5,3,5,3,0,0,0,0,0,0,0,0,0,0,0,0,0,0,41,58,37,60,47,57,39,54,42,52,33,44,37,41,37,40,35,35,35,29,37,33,36,24,33,25,31,19,33,15,35,12,35,10,36,3,32,3,34,-3,37,-6,35,-9,31,-14,36,-11,35,-16,37,-18,35,-20,37,-28,37,-31,44,-34,41,-32,47,-34,43,-33,48,-34,49,-34,49,-35,52,-33,54,-33,51,-30,51,-29,57,-33,54,-24,56,-25,54,-24,53,-19,52,-19,53,-12,52,-10,49,-9,48,-4,46,-2,46,2,44,2,40,8,36,7,37,10,31,14,0,0,0,0,0,0,0,0,0,0,0,0,0,0,0,0,0,0,0,0,0,0,-45,-37,-39,-40,-36,-42,-34,-44,-31,-46,-27,-44,-23,-42,-21,-48,-23,-47,-21,-43,-19,-41,-18,-41,-23,-39,-17,-36,-16,-32,-16,-36,-19,-33,-17,-27,-19,-24,-19,-20,-19,-20,-24,-21,-25,-17,-28,-14,-28,-11,-30,-5,-27,-6,-31,-4,-33,0,-36,5,-36,2,-39,8,-40,6,-42,9,-45,15,-45,15,-47,17,-46,25,-45,24,-47,29,-51,30,-53,33,-55,32,-52,41,-50,36,-50,36,-55,37,-50,45,-56,49,-60,50,-53,54,-59,55,-63,50,-65,47,-67,57,-64,51,-68,51,0,0]"
CSI_DATA,337,1a:00:00:00:00:00,-44,11,1,0,1,1,1,0,0,0,1,-96,0,11,2,4765088,0,44,0,384,0,"[0,0,0,0,0,0,0,0,0,0,0,0,-12,-4,-11,-4,-11,-3,-11,-3,-10,-3,-9,-2,-9,-1,-9,-1,-8,-1,-8,0,-8,0,-7,1,-7,2,-7,2,-6,2,-6,3,-5,4,-5,4,-5,5,-5,5,-5,5,-4,6,-5,6,-4,7,-4,8,-4,8,0,0,-4,9,-5,9,-5,10,-5,10,-5,9,-6,10,-5,10,-5,10,-6,9,-6,9,-7,9,-7,8,-7,7,-8,7,-8,7,-8,6,-8,6,-7,5,-7,5,-7,4,-7,4,-7,3,-7,3,-7,2,-7,1,-6,0,0,0,0,0,0,0,0,0,0,0,0,0,0,0,-67,-38,-62,-41,-66,-38,-58,-37,-54,-28,-54,-31,-49,-27,-51,-24,-49,-18,-47,-17,-44,-14,-41,-8,-45,-11,-35,-4,-37,-2,-34,1,-40,6,-37,5,-35,11,-28,12,-33,23,-26,19,-26,22,-28,29,-29,29,-30,30,-24,35,-26,40,-30,41,-23,41,-22,46,-30,52,-25,45,-32,49,-27,48,-35,52,-37,50,-37,53,-42,51,-37,45,-39,42,-43,45,-43,47,-44,43,-44,41,-45,32,-44,34,-43,30,-42,26,-43,23,-44,21,-40,19,-44,18,-39,13,-38,9,-40,4,-37,0,0,0,0,0,0,0,0,0,0,0,0,0,0,0,0,0,0,0,0,0,0,0,55,18,50,21,46,24,49,29,40,28,38,30,40,32,34,28,36,34,32,30,34,32,31,28,32,23,31,30,31,23,25,24,32,16,26,17,29,16,27,13,26,7,29,8,23,2,26,-5,30,-5,27,-7,25,-7,29,-10,28,-13,32,-19,28,-20,35,-19,33,-23,33,-28,37,-28,36,-32,34,-33,30,-39,33,-41,32,-49,36,-48,33,-50,35,-49,31,-53,32,-56,28,-60,32,-58,29,-59,27,-63,31,-73,31,-74,35,-77,38,-75,32,-67,34,-76,38,-81,36,-74,0,0]"
CSI_DATA,338,1a:00:00:00:00:00,-44,11,1,0,1,1,1,0,0,0,1,-96,0,11,2,4775237,0,44,0,384,0,"[0,0,0,0,0,0,0,0,0,0,0,0,-4,-12,-4,-11,-5,-11,-4,-10,-5,-9,-4,-9,-5,-9,-5,-8,-5,-7,-5,-6,-5,-6,-6,-5,-6,-5,-6,-4,-6,-3,-7,-3,-7,-2,-7,-2,-7,-1,-8,0,-8,0,-8,0,-8,1,-9,1,-10,1,-10,1,0,0,-10,2,-11,2,-11,2,-11,2,-11,1,-12,2,-12,2,-12,1,-12,1,-12,0,-12,0,-11,-1,-11,-1,-11,-2,-11,-2,-10,-2,-10,-2,-9,-3,-9,-3,-8,-3,-8,-4,-7,-4,-7,-4,-6,-5,-6,-5,-5,-5,0,0,0,0,0,0,0,0,0,0,0,0,0,0,-25,-71,-22,-68,-30,-62,-25,-59,-29,-59,-25,-55,-26,-50,-23,-50,-26,-44,-23,-46,-31,-39,-28,-35,-29,-36,-31,-28,-28,-28,-34,-22,-33,-19,-33,-12,-30,-12,-33,-10,-36,-6,-32,-5,-34,0,-37,7,-40,7,-40,9,-41,10,-47,13,-47,18,-48,14,-51,14,-53,19,-54,19,-54,20,-59,18,-59,17,-60,14,-63,21,-61,11,-63,13,-61,9,-64,5,-62,7,-56,0,-57,0,-58,0,-55,-3,-53,-4,-51,-8,-52,-3,-49,-7,-48,-10,-42,-11,-36,-15,-33,-22,-32,-20,-29,-21,0,0,0,0,0,0,0,0,0,0,0,0,0,0,0,0,0,0,0,0,0,0,33,50,25,47,25,50,15,54,12,55,11,51,13,48,8,45,11,46,7,43,6,46,6,41,10,37,5,41,5,34,10,37,12,33,9,31,11,30,13,22,12,20,17,23,13,22,22,17,24,17,29,14,28,17,31,12,32,9,34,5,37,5,39,3,40,4,37,-3,43,-2,48,-5,46,-7,52,-10,48,-8,56,-18,53,-12,58,-22,56,-21,58,-26,59,-22,65,-21,61,-26,61,-34,62,-33,65,-33,68,-32,68,-40,76,-36,73,-32,78,-34,76,-35,79,-36,0,0]"
CSI_DATA,339,1a:00:00:00:00:00,-44,11,1,0,1,1,1,0,0,0,1,-96,0,11,2,4795658,0,44,0,384,0,"[0,0,0,0,0,0,0,0,0,0,0,0,-10,-8,-10,-7,-10,-6,-10,-6,-9,-6,-8,-5,-8,-4,-8,-4,-8,-3,-8,-2,-8,-2,-7,-1,-7,-1,-7,0,-7,0,-7,1,-7,2,-6,2,-6,3,-6,3,-6,4,-6,4,-6,5,-6,5,-7,6,-7,6,0,0,-7,7,-8,7,-8,8,-8,8,-8,7,-9,7,-9,7,-9,7,-10,7,-10,6,-10,6,-10,5,-10,5,-10,4,-10,3,-10,3,-10,3,-9,2,-9,2,-9,1,-8,1,-8,0,-8,0,-8,-1,-7,-1,-6,-2,0,0,0,0,0,0,0,0,0,0,0,0,0,0,-59,-58,-52,-52,-54,-46,-55,-44,-50,-46,-43,-42,-44,-35,-44,-32,-45,-29,-39,-29,-41,-22,-42,-19,-39,-19,-41,-11,-37,-13,-37,-6,-41,-3,-35,1,-32,1,-36,9,-36,10,-35,11,-30,16,-31,19,-30,21,-32,25,-30,29,-34,33,-38,34,-36,39,-37,33,-34,44,-36,36,-39,47,-38,41,-44,41,-44,41,-46,39,-46,41,-51,41,-47,36,-54,35,-55,31,-50,29,-50,32,-52,27,-50,19,-51,22,-46,15,-46,16,-47,13,-46,10,-41,8,-38,0,-40,-1,-37,-4,-37,-9,0,0,0,0,0,0,0,0,0,0,0,0,0,0,0,0,0,0,0,0,0,0,51,28,43,34,40,37,38,39,37,43,32,41,33,42,29,40,27,44,23,41,24,37,21,37,25,34,21,32,22,30,22,27,25,25,20,24,25,17,22,15,21,17,24,11,26,10,26,7,30,4,26,3,31,1,31,-4,33,-6,33,-8,32,-8,39,-17,37,-15,36,-18,38,-21,39,-25,38,-25,44,-32,42,-32,43,-37,43,-37,43,-40,43,-42,47,-47,41,-47,41,-55,41,-50,42,-57,44,-59,47,-59,49,-61,51,-65,57,-66,50,-64,51,-69,55,-65,55,-64,0,0]"
CSI_DATA,340,1a:00:00:00:00:00,-44,11,1,0,1,1,1,0,0,0,1,-96,0,11,2,4805147,0,44,0,384,0,"[0,0,0,0,0,0,0,0,0,0,0,0,-13,0,-12,1,-11,2,-11,1,-10,1,-9,1,-9,2,-8,2,-8,2,-7,2,-7,3,-6,3,-6,4,-5,4,-5,4,-4,5,-4,5,-3,5,-3,6,-3,6,-2,6,-2,7,-1,7,-1,8,-1,8,-1,8,0,0,-1,9,-1,10,-1,10,-1,10,-2,10,-2,11,-2,11,-2,10,-2,10,-3,10,-4,10,-4,10,-5,9,-5,9,-5,8,-5,8,-5,8,-5,7,-5,7,-5,6,-6,5,-6,5,-6,4,-6,3,-6,3,-6,2,0,0,0,0,0,0,0,0,0,0,0,0,0,0,-77,-13,-70,-9,-73,-4,-65,-8,-64,-1,-60,-4,-61,3,-60,2,-52,4,-51,4,-46,9,-40,7,-40,12,-43,16,-37,13,-30,17,-28,19,-29,21,-23,23,-22,26,-21,29,-16,29,-13,33,-16,38,-13,34,-12,39,-7,42,-8,47,-6,45,-2,51,-6,53,-7,51,-6,53,-5,59,-8,59,-9,62,-12,61,-11,60,-14,62,-17,62,-13,58,-23,59,-24,56,-24,57,-20,56,-24,52,-27,47,-30,44,-29,38,-31,37,-28,33,-35,35,-33,33,-31,30,-33,22,-27,18,-33,14,0,0,0,0,0,0,0,0,0,0,0,0,0,0,0,0,0,0,0,0,0,0,57,-8,56,-4,55,-1,55,3,54,5,51,9,48,8,48,12,49,13,45,10,41,9,42,10,42,9,44,13,34,7,30,6,31,3,28,4,34,0,28,-2,24,-5,31,-7,26,-10,27,-13,28,-17,22,-21,21,-22,23,-23,24,-26,20,-31,17,-29,20,-30,21,-38,16,-43,15,-43,15,-44,14,-49,12,-49,11,-51,9,-55,14,-58,5,-61,6,-59,7,-65,3,-59,-4,-67,2,-63,-2,-71,2,-72,-2,-74,5,-79,-2,-81,3,-84,3,-81,2,-91,-1,-91,-2,-86,0,0]"
CSI_DATA,341,1a:00:00:00:00:00,-44,11,1,0,1,1,1,0,0,0,1,-96,0,11,2,4814789,0,44,0,384,0,"[0,0,0,0,0,0,0,0,0,0,0,0,8,8,8,7,8,6,8,7,7,6,7,5,6,4,6,3,6,3,6,2,7,2,6,1,6,1,6,0,6,0,6,-1,6,-2,6,-2,5,-3,6,-4,6,-4,6,-5,6,-5,6,-6,7,-6,7,-7,0,0,7,-8,8,-7,8,-8,8,-8,8,-7,9,-8,9,-7,9,-7,9,-7,9,-6,10,-6,10,-5,9,-5,9,-5,9,-3,9,-3,9,-3,8,-3,8,-2,8,-2,8,-1,7,-1,7,0,7,0,6,1,5,2,0,0,0,0,0,0,0,0,0,0,0,0,0,0,23,70,22,69,28,63,22,66,23,60,20,51,26,51,22,47,26,43,26,39,21,39,21,35,26,28,28,29,26,22,28,20,38,18,35,15,30,10,33,7,36,5,34,2,36,-3,40,-4,37,-4,44,-9,42,-5,43,-17,47,-15,49,-22,44,-19,52,-21,52,-19,56,-24,52,-20,58,-15,58,-15,56,-16,59,-12,63,-13,61,-12,58,-9,58,-9,60,-9,58,-1,56,1,54,0,53,4,52,4,46,10,45,11,44,12,42,11,36,16,33,17,31,23,26,22,0,0,0,0,0,0,0,0,0,0,0,0,0,0,0,0,0,0,0,0,0,0,-37,-48,-26,-47,-23,-51,-20,-49,-17,-50,-16,-52,-10,-49,-8,-51,-9,-52,-8,-47,-7,-43,-8,-41,-9,-38,-7,-40,-5,-33,-10,-34,-12,-36,-9,-34,-13,-27,-12,-26,-15,-20,-18,-22,-21,-23,-20,-20,-24,-21,-28,-15,-28,-11,-28,-12,-29,-11,-36,-11,-36,-5,-42,-2,-40,-1,-44,0,-44,3,-46,4,-50,4,-48,8,-49,10,-56,13,-54,13,-57,20,-57,15,-59,21,-58,23,-65,28,-65,28,-64,27,-67,34,-75,30,-70,29,-76,32,-75,39,-77,29,-79,35,-77,37,-76,32,0,0]"
CSI_DATA,342,1a:00:00:00:00:00,-44,11,1,0,1,1,1,0,0,0,1,-96,0,11,2,4844805,0,44,0,384,0,"[0,0,0,0,0,0,0,0,0,0,0,0,-12,3,-12,4,-11,4,-11,4,-10,4,-9,3,-8,4,-7,4,-7,4,-6,4,-6,5,-5,5,-5,5,-4,5,-3,5,-3,6,-2,6,-2,6,-1,6,-1,7,-1,7,0,7,0,7,1,8,1,8,2,9,0,0,2,10,1,11,1,10,2,10,1,10,1,11,1,11,0,11,0,11,0,11,-1,11,-2,10,-2,10,-2,10,-3,9,-3,9,-3,9,-3,8,-4,8,-4,7,-5,7,-5,6,-5,6,-5,5,-5,4,-5,4,0,0,0,0,0,0,0,0,0,0,0,0,0,0,-76,15,-78,5,-72,13,-69,10,-67,13,-63,10,-57,15,-57,14,-52,17,-49,16,-43,18,-39,20,-43,21,-39,25,-32,22,-30,21,-25,25,-21,32,-21,25,-20,31,-14,35,-12,36,-7,36,-6,40,-4,40,-4,43,-3,39,5,46,2,45,8,50,3,52,3,56,3,54,6,61,4,59,2,62,4,60,-1,63,-5,64,-5,61,-5,64,-15,61,-13,60,-15,59,-15,58,-18,53,-19,52,-21,51,-25,46,-22,41,-26,40,-25,40,-23,34,-25,33,-28,31,-29,26,-31,20,0,0,0,0,0,0,0,0,0,0,0,0,0,0,0,0,0,0,0,0,0,0,49,-33,52,-23,57,-21,52,-18,53,-15,50,-9,49,-9,48,-5,51,-6,47,-4,45,-1,42,-3,42,-8,38,-5,32,-4,38,0,33,-9,31,-5,27,-10,26,-12,29,-15,29,-15,21,-13,23,-21,21,-24,15,-21,16,-28,17,-25,13,-32,12,-32,9,-34,9,-42,4,-37,5,-43,5,-46,-1,-47,0,-51,1,-50,-5,-52,-6,-61,-1,-58,-10,-63,-7,-61,-13,-65,-12,-58,-23,-67,-16,-72,-23,-71,-23,-73,-22,-80,-24,-79,-24,-82,-19,-83,-21,-83,-22,-87,-22,-84,-18,-88,0,0]"
CSI_DATA,343,1a:00:00:00:00:00,-44,11,1,0,1,1,1,0,0,0,1,-96,0,11,2,4854924,0,44,0,384,0,"[0,0,0,0,0,0,0,0,0,0,0,0,-13,4,-11,4,-11,5,-10,4,-10,4,-9,4,-8,4,-7,5,-7,5,-6,4,-6,5,-5,5,-5,5,-4,5,-4,5,-3,6,-2,6,-2,6,-1,6,-1,7,0,7,0,8,0,8,1,8,1,9,2,9,0,0,2,9,2,11,2,11,2,11,1,11,1,11,1,11,1,11,1,11,0,12,-1,11,-2,11,-2,10,-2,10,-3,10,-3,9,-3,9,-3,8,-3,8,-4,8,-4,7,-4,6,-5,6,-5,5,-5,4,-6,3,0,0,0,0,0,0,0,0,0,0,0,0,0,0,-64,36,-66,35,-57,35,-53,38,-55,36,-49,29,-48,30,-45,35,-45,36,-35,33,-35,34,-30,29,-28,31,-23,32,-20,30,-16,32,-17,37,-10,31,-8,29,-3,33,4,37,-3,37,3,33,7,38,8,36,10,36,17,37,22,41,18,45,26,40,29,44,28,45,25,51,27,51,31,51,20,54,19,60,23,61,18,62,18,59,16,55,13,62,12,58,14,60,6,57,7,56,5,48,2,57,1,44,-3,46,-8,46,-7,43,-10,41,-14,39,-14,34,-19,35,-19,28,0,0,0,0,0,0,0,0,0,0,0,0,0,0,0,0,0,0,0,0,0,0,36,-42,39,-35,45,-35,46,-31,47,-30,44,-23,44,-22,45,-17,46,-21,45,-18,45,-18,42,-17,39,-17,32,-15,34,-14,32,-19,29,-19,24,-16,22,-16,24,-23,21,-23,21,-27,15,-22,15,-25,16,-24,8,-28,4,-30,4,-28,6,-35,-1,-36,-3,-37,-6,-42,-4,-46,-6,-44,-8,-43,-16,-47,-17,-46,-18,-46,-16,-49,-24,-48,-23,-52,-27,-57,-32,-53,-33,-56,-33,-55,-37,-52,-33,-57,-39,-56,-45,-62,-45,-66,-46,-67,-48,-64,-48,-65,-44,-70,-47,-72,-47,-70,-45,-74,0,0]"
CSI_DATA,344,1a:00:00:00:00:00,-44,11,1,0,1,1,1,0,0,0,1,-96,0,11,2,4875665,0,44,0,384,0,"[0,0,0,0,0,0,0,0,0,0,0,0,11,-6,10,-5,9,-6,9,-5,8,-5,7,-5,6,-6,6,-6,6,-5,5,-5,4,-6,4,-6,3,-6,2,-6,2,-6,1,-7,1,-7,0,-7,0,-7,-1,-8,-1,-7,-2,-8,-2,-8,-2,-9,-3,-9,-3,-9,0,0,-4,-11,-3,-10,-4,-11,-3,-11,-3,-11,-3,-12,-3,-11,-3,-11,-2,-12,-1,-11,-1,-12,0,-11,0,-11,0,-11,1,-10,1,-11,1,-10,1,-9,2,-9,2,-8,2,-8,3,-7,3,-7,3,-6,4,-5,4,-5,0,0,0,0,0,0,0,0,0,0,0,0,0,0,79,-6,72,-10,72,-14,63,-9,60,-10,57,-13,58,-14,56,-13,51,-15,46,-17,44,-19,38,-17,33,-19,33,-22,31,-22,25,-26,25,-30,26,-29,19,-28,18,-30,15,-37,12,-35,8,-35,6,-37,5,-36,4,-40,0,-44,-2,-48,-2,-50,-6,-53,-7,-52,-5,-55,-1,-55,-5,-58,-4,-55,-1,-64,-3,-67,1,-65,5,-64,6,-66,6,-62,7,-63,9,-59,14,-62,18,-58,17,-53,19,-51,20,-50,21,-44,20,-44,21,-42,23,-42,24,-37,27,-32,30,-30,27,-27,29,-23,0,0,0,0,0,0,0,0,0,0,0,0,0,0,0,0,0,0,0,0,0,0,-48,26,-55,22,-56,19,-58,12,-55,6,-51,2,-49,3,-48,3,-47,2,-49,3,-42,1,-44,-1,-43,6,-44,0,-38,2,-33,1,-35,6,-30,4,-32,7,-30,10,-29,11,-27,12,-23,18,-22,21,-20,18,-19,23,-17,23,-17,29,-18,32,-13,34,-12,31,-13,39,-10,39,-8,40,-9,46,-6,46,-2,48,1,48,2,52,4,56,0,58,7,55,9,64,9,64,11,62,11,67,11,66,20,68,19,72,15,70,19,77,17,75,16,81,21,72,18,87,16,85,11,85,0,0]"
CSI_DATA,345,1a:00:00:00:00:00,-44,11,1,0,1,1,1,0,0,0,1,-96,0,11,2,4894784,0,44,0,384,0,"[0,0,0,0,0,0,0,0,0,0,0,0,-10,8,-9,8,-8,8,-8,7,-8,7,-7,7,-6,7,-5,6,-4,6,-4,6,-3,6,-2,6,-2,6,-2,6,-1,6,0,7,1,6,1,6,2,6,2,6,3,6,3,6,3,6,4,7,4,7,4,7,0,0,6,8,6,9,6,8,6,9,6,9,6,9,6,9,5,9,5,10,4,10,4,10,3,10,3,10,2,9,2,9,2,9,1,9,1,8,1,9,0,8,0,7,-1,7,-1,7,-2,7,-3,6,-3,5,0,0,0,0,0,0,0,0,0,0,0,0,0,0,-67,48,-63,49,-61,48,-56,44,-56,44,-48,41,-47,39,-35,40,-35,38,-34,38,-29,37,-25,36,-28,38,-18,37,-15,35,-10,38,-7,39,-3,36,-4,35,4,39,6,35,9,37,15,30,16,35,18,32,24,37,25,37,29,38,30,39,32,41,30,42,40,40,36,43,37,48,40,48,36,52,37,50,36,51,33,55,28,56,29,53,27,60,29,57,22,54,18,52,22,55,16,56,14,51,10,49,6,45,11,47,4,47,3,43,-3,44,-4,41,-8,40,-12,32,0,0,0,0,0,0,0,0,0,0,0,0,0,0,0,0,0,0,0,0,0,0,37,-43,42,-35,44,-37,41,-35,43,-30,46,-24,45,-23,44,-18,41,-22,43,-22,41,-20,42,-16,38,-19,39,-18,33,-16,28,-20,27,-22,27,-15,23,-20,23,-21,17,-20,16,-28,15,-24,8,-26,10,-26,6,-32,5,-30,1,-34,1,-36,-4,-40,-3,-37,-4,-39,-9,-43,-14,-37,-14,-47,-18,-45,-20,-45,-23,-47,-25,-49,-31,-53,-28,-46,-36,-53,-32,-52,-42,-53,-41,-51,-42,-47,-42,-50,-49,-56,-50,-55,-53,-59,-55,-61,-55,-59,-57,-66,-53,-63,-65,-65,-58,-65,-55,-69,0,0]"
CSI_DATA,346,1a:00:00:00:00:00,-44,11,1,0,1,1,1,0,0,0,1,-96,0,11,2,4926108,0,44,0,384,0,"[0,0,0,0,0,0,0,0,0,0,0,0,6,9,6,9,7,7,6,8,6,7,6,7,6,6,6,5,6,5,6,4,6,4,6,2,6,2,6,1,6,1,6,0,6,-1,6,-1,6,-2,6,-2,6,-2,7,-3,6,-3,7,-4,8,-4,8,-5,0,0,8,-5,9,-5,9,-6,9,-5,9,-5,10,-5,10,-5,10,-4,10,-4,10,-4,10,-3,10,-2,10,-2,9,-1,9,-1,9,-1,9,-1,9,0,8,0,7,0,7,1,7,2,6,2,6,2,5,3,5,3,0,0,0,0,0,0,0,0,0,0,0,0,0,0,39,62,39,57,43,56,39,52,35,50,34,48,34,45,40,39,37,36,34,31,32,29,32,30,35,25,35,19,33,19,34,14,34,15,33,7,31,6,33,0,35,-1,34,-5,33,-8,36,-9,35,-13,36,-15,37,-17,38,-25,43,-23,40,-25,44,-29,45,-26,44,-28,47,-31,47,-33,52,-29,51,-27,55,-23,57,-23,57,-21,55,-20,58,-18,57,-16,58,-17,57,-10,57,-10,53,-5,49,-6,46,3,48,1,44,6,43,7,41,6,42,8,33,14,32,16,27,16,0,0,0,0,0,0,0,0,0,0,0,0,0,0,0,0,0,0,0,0,0,0,-46,-28,-43,-37,-37,-36,-35,-40,-31,-40,-29,-40,-28,-41,-24,-39,-24,-42,-24,-42,-23,-39,-20,-38,-20,-37,-19,-33,-17,-33,-19,-30,-21,-34,-22,-24,-19,-22,-22,-19,-21,-17,-24,-16,-22,-18,-27,-11,-28,-7,-32,-7,-28,-4,-33,-4,-31,1,-37,5,-34,6,-39,4,-35,7,-39,13,-45,15,-42,15,-41,15,-51,24,-42,25,-47,31,-48,25,-49,33,-55,31,-49,36,-50,40,-48,37,-57,37,-56,43,-50,46,-54,50,-55,55,-55,50,-64,48,-62,49,-66,58,-68,48,-62,46,0,0]"
CSI_DATA,347,1a:00:00:00:00:00,-44,11,1,0,1,1,1,0,0,0,1,-96,0,11,2,4935184,0,44,0,384,0,"[0,0,0,0,0,0,0,0,0,0,0,0,12,1,11,0,11,0,10,-1,10,-1,8,-1,8,-2,7,-2,7,-2,7,-2,7,-3,6,-4,6,-4,5,-4,5,-5,4,-6,4,-5,3,-6,3,-6,3,-7,2,-7,2,-8,2,-8,2,-9,2,-9,2,-10,0,0,1,-10,2,-11,2,-11,2,-12,2,-11,2,-12,3,-12,3,-11,3,-12,4,-11,5,-11,5,-10,5,-10,5,-9,5,-9,5,-9,6,-8,5,-7,6,-7,5,-6,6,-6,6,-5,6,-5,6,-4,6,-3,5,-2,0,0,0,0,0,0,0,0,0,0,0,0,0,0,73,20,70,17,74,14,63,9,61,11,60,10,58,4,59,7,50,1,51,1,44,-3,44,-7,40,-7,37,-11,34,-10,32,-15,36,-17,30,-19,29,-20,24,-20,28,-29,19,-28,19,-31,16,-34,16,-37,19,-39,14,-43,16,-47,12,-48,11,-48,14,-47,11,-55,15,-51,13,-59,12,-56,21,-62,16,-61,20,-59,23,-62,19,-56,24,-53,27,-55,28,-55,31,-52,31,-47,32,-45,34,-42,34,-41,36,-36,35,-37,35,-34,34,-28,35,-27,34,-23,36,-19,36,-15,33,-9,0,0,0,0,0,0,0,0,0,0,0,0,0,0,0,0,0,0,0,0,0,0,-55,6,-55,-1,-55,-5,-54,-9,-52,-8,-49,-14,-47,-14,-48,-13,-47,-12,-45,-14,-42,-19,-40,-16,-40,-12,-40,-12,-34,-12,-35,-10,-32,-9,-29,-5,-32,-4,-29,0,-29,1,-29,4,-26,5,-28,8,-28,12,-25,14,-28,15,-28,21,-25,19,-26,28,-20,26,-21,33,-24,33,-21,36,-21,41,-19,45,-20,40,-22,48,-19,51,-17,51,-19,53,-11,54,-16,61,-12,61,-11,63,-6,61,-12,69,-8,70,-5,73,-9,75,-7,75,-7,79,-11,87,-13,79,-19,84,-9,87,-16,82,0,0]"
CSI_DATA,348,1a:00:00:00:00:00,-44,11,1,0,1,1,1,0,0,0,1,-96,0,11,2,4954760,0,44,0,384,0,"[0,0,0,0,0,0,0,0,0,0,0,0,-2,-13,-3,-12,-2,-11,-2,-12,-3,-10,-2,-10,-3,-9,-3,-9,-3,-8,-4,-7,-4,-7,-5,-6,-5,-6,-5,-5,-5,-5,-6,-4,-6,-3,-7,-3,-7,-3,-7,-3,-8,-2,-8,-2,-8,-2,-9,-1,-10,-1,-10,-1,0,0,-11,-1,-11,-1,-12,-1,-11,-1,-11,-2,-11,-2,-12,-2,-11,-3,-12,-3,-11,-3,-12,-4,-10,-4,-10,-4,-10,-5,-10,-5,-9,-5,-8,-5,-8,-5,-8,-5,-7,-5,-6,-6,-6,-6,-6,-6,-5,-6,-4,-6,-3,-6,0,0,0,0,0,0,0,0,0,0,0,0,0,0,4,-75,6,-75,-3,-66,3,-65,0,-68,1,-63,-3,-59,-5,-55,-5,-53,-7,-50,-11,-50,-9,-44,-13,-43,-11,-38,-15,-39,-18,-36,-22,-31,-27,-27,-23,-26,-25,-24,-32,-22,-33,-23,-33,-13,-35,-15,-34,-14,-39,-13,-43,-9,-45,-3,-48,-7,-52,-5,-54,-7,-59,-8,-58,-12,-57,-11,-57,-10,-60,-12,-59,-14,-61,-13,-60,-18,-59,-20,-58,-21,-60,-24,-56,-24,-58,-28,-50,-27,-51,-28,-47,-31,-45,-29,-42,-28,-35,-30,-35,-34,-32,-34,-33,-31,-25,-35,-22,-32,-16,-38,-16,-35,0,0,0,0,0,0,0,0,0,0,0,0,0,0,0,0,0,0,0,0,0,0,19,56,10,54,9,56,4,55,-2,55,-4,53,-5,49,-4,47,-6,50,-5,45,-6,42,-1,44,-7,43,-6,37,-7,32,-8,37,0,33,-3,30,0,28,4,25,3,24,10,26,11,26,17,25,13,23,21,23,20,26,27,25,26,20,30,18,31,19,34,13,37,13,39,14,41,11,46,12,44,14,48,8,49,9,55,6,56,9,60,3,58,3,63,2,61,0,61,2,68,1,71,0,75,-6,76,-7,75,-5,80,-7,87,0,79,-1,86,-5,84,0,83,-1,0,0]"
CSI_DATA,349,1a:00:00:00:00:00,-44,11,1,0,1,1,1,0,0,0,1,-96,0,11,2,4964796,0,44,0,384,0,"[0,0,0,0,0,0,0,0,0,0,0,0,-7,11,-6,11,-5,10,-5,10,-4,9,-4,9,-3,9,-3,8,-2,7,-1,7,-2,8,0,7,0,6,1,6,1,6,2,6,3,6,3,6,4,5,4,5,4,5,5,5,5,5,6,5,7,5,8,5,0,0,8,6,8,6,8,6,9,6,8,7,8,7,9,7,8,7,8,8,7,8,7,9,6,9,6,8,6,9,5,8,4,9,3,8,4,8,3,8,3,8,2,8,1,7,1,7,0,7,-1,6,-2,6,0,0,0,0,0,0,0,0,0,0,0,0,0,0,-33,64,-37,70,-26,64,-28,65,-27,57,-22,56,-21,55,-18,54,-15,46,-16,49,-10,45,-7,46,-4,46,-2,36,-2,42,4,33,6,37,6,32,12,35,14,30,13,31,20,29,21,24,25,24,26,25,32,25,34,23,38,26,35,27,45,26,43,26,44,28,43,28,45,35,48,26,47,36,48,37,53,36,46,36,43,36,45,42,43,44,36,47,38,43,33,40,32,46,24,42,25,43,25,42,22,42,19,40,16,42,13,41,6,37,-1,37,-1,39,-2,34,0,0,0,0,0,0,0,0,0,0,0,0,0,0,0,0,0,0,0,0,0,0,-1,-56,11,-57,9,-54,14,-56,15,-52,20,-50,16,-44,19,-46,19,-44,20,-43,22,-40,15,-39,13,-40,16,-34,20,-34,14,-32,10,-32,11,-32,8,-29,5,-31,2,-30,1,-28,0,-28,-6,-26,-9,-31,-11,-28,-13,-28,-17,-27,-16,-27,-24,-30,-22,-27,-29,-30,-31,-25,-34,-26,-37,-28,-36,-23,-38,-28,-45,-25,-46,-26,-49,-27,-51,-28,-54,-24,-56,-27,-56,-25,-57,-22,-62,-23,-63,-22,-71,-18,-68,-21,-73,-24,-76,-28,-78,-23,-82,-31,-79,-25,-82,-30,-81,-28,-78,-35,0,0]"
CSI_DATA,350,1a:00:00:00:00:00,-44,11,1,0,1,1,1,0,0,0,1,-96,0,11,2,4975778,0,44,0,384,0,"[0,0,0,0,0,0,0,0,0,0,0,0,-12,-6,-12,-6,-11,-4,-11,-5,-10,-4,-10,-4,-10,-3,-9,-2,-9,-2,-8,-1,-8,-1,-8,0,-8,0,-7,1,-7,1,-7,2,-7,3,-6,3,-6,4,-6,4,-6,4,-6,5,-6,5,-6,6,-6,7,-6,8,0,0,-7,8,-7,8,-7,9,-7,9,-7,9,-8,9,-8,8,-9,8,-9,8,-9,8,-9,8,-9,6,-9,6,-9,5,-10,5,-9,5,-9,4,-9,4,-9,3,-9,2,-8,2,-8,1,-8,1,-8,0,-7,-1,-7,-1,0,0,0,0,0,0,0,0,0,0,0,0,0,0,-52,-56,-56,-54,-53,-45,-48,-46,-51,-46,-45,-42,-44,-39,-49,-31,-45,-35,-43,-29,-42,-25,-40,-21,-42,-20,-40,-20,-37,-13,-37,-6,-38,-5,-37,0,-35,-2,-40,4,-37,7,-33,7,-32,14,-34,18,-33,18,-38,20,-28,21,-36,30,-35,30,-38,34,-39,34,-40,34,-42,32,-45,39,-48,37,-49,39,-48,34,-50,34,-54,31,-56,29,-53,31,-53,32,-56,25,-59,26,-52,17,-54,16,-50,14,-53,12,-48,10,-48,3,-48,3,-46,0,-45,0,-42,-2,-41,-5,-37,-10,-33,-14,0,0,0,0,0,0,0,0,0,0,0,0,0,0,0,0,0,0,0,0,0,0,54,20,49,26,47,28,41,34,44,35,39,33,35,33,31,36,35,35,29,35,29,36,26,30,28,30,29,25,24,29,21,26,28,26,22,20,22,17,21,18,26,13,27,11,22,8,30,2,28,2,27,-4,26,-2,29,-1,33,-7,34,-12,38,-14,36,-14,39,-17,35,-18,39,-22,40,-24,40,-24,41,-31,36,-37,42,-40,42,-40,43,-43,44,-43,47,-50,41,-47,39,-55,46,-52,43,-54,43,-55,48,-61,48,-64,51,-66,55,-65,52,-65,56,-72,51,-67,60,-67,0,0]"
CSI_DATA,351,1a:00:00:00:00:00,-44,11,1,0,1,1,1,0,0,0,1,-96,0,11,2,4994809,0,44,0,384,0,"[0,0,0,0,0,0,0,0,0,0,0,0,-9,-9,-9,-8,-9,-8,-8,-8,-8,-7,-8,-7,-8,-6,-7,-5,-7,-5,-7,-4,-7,-3,-8,-3,-7,-2,-7,-2,-7,-1,-7,0,-7,0,-7,0,-7,1,-7,2,-7,2,-8,2,-7,3,-8,4,-8,4,-9,5,0,0,-9,5,-10,5,-10,5,-10,5,-10,5,-11,5,-10,4,-11,4,-11,4,-11,3,-11,3,-11,2,-10,2,-11,1,-10,0,-11,0,-10,0,-9,0,-9,-1,-8,-1,-9,-2,-8,-2,-8,-3,-7,-3,-7,-3,-6,-4,0,0,0,0,0,0,0,0,0,0,0,0,0,0,-54,-54,-47,-54,-52,-50,-48,-45,-40,-47,-38,-42,-40,-36,-48,-38,-39,-33,-41,-32,-41,-24,-37,-21,-38,-26,-37,-14,-35,-15,-34,-7,-35,-3,-38,1,-34,1,-32,-2,-36,4,-36,8,-33,13,-36,17,-35,17,-36,22,-35,20,-37,28,-41,27,-41,25,-42,24,-45,35,-44,29,-47,37,-44,32,-52,32,-54,35,-52,32,-52,29,-51,28,-55,23,-57,22,-51,16,-51,16,-55,17,-54,13,-52,11,-51,12,-48,2,-47,7,-47,1,-47,-1,-39,-1,-40,-6,-36,-10,-36,-13,-31,-17,0,0,0,0,0,0,0,0,0,0,0,0,0,0,0,0,0,0,0,0,0,0,46,23,49,31,40,28,43,36,36,36,36,37,34,35,32,33,31,32,28,29,28,40,24,31,24,32,22,30,24,28,21,27,23,25,21,25,19,15,27,17,26,14,26,13,23,11,27,5,26,4,28,0,27,2,33,-4,31,-6,35,-7,33,-13,36,-16,37,-19,33,-20,40,-23,38,-22,40,-22,42,-30,39,-30,45,-35,40,-41,42,-39,44,-41,43,-44,44,-49,44,-44,45,-48,40,-52,42,-55,46,-54,51,-59,49,-57,54,-62,54,-53,54,-61,57,-60,56,-53,0,0]"
CSI_DATA,352,1a:00:00:00:00:00,-44,11,1,0,1,1,1,0,0,0,1,-96,0,11,2,5005613,0,44,0,384,0,"[0,0,0,0,0,0,0,0,0,0,0,0,12,1,11,0,11,-1,11,0,10,0,9,-1,9,-1,8,-2,8,-2,7,-2,7,-3,7,-3,6,-4,5,-4,5,-5,5,-5,4,-6,4,-6,3,-7,3,-7,3,-7,2,-8,2,-8,2,-9,2,-9,2,-10,0,0,2,-11,2,-11,2,-12,2,-12,3,-12,3,-12,3,-11,4,-11,3,-12,4,-11,5,-11,5,-10,5,-10,5,-10,6,-9,6,-9,6,-8,6,-8,6,-7,6,-6,6,-6,6,-5,6,-5,6,-4,6,-3,5,-2,0,0,0,0,0,0,0,0,0,0,0,0,0,0,38,6,37,6,36,2,31,5,34,2,27,3,30,0,28,3,26,-2,22,0,21,-3,22,-3,21,-4,19,-8,16,-7,15,-8,19,-9,13,-11,15,-11,12,-13,12,-17,11,-14,8,-16,8,-19,9,-18,7,-21,5,-21,5,-23,7,-25,4,-26,5,-25,6,-28,7,-26,6,-29,3,-28,10,-30,8,-29,9,-31,11,-32,10,-29,11,-29,15,-25,13,-27,14,-28,14,-26,16,-25,15,-22,14,-24,15,-19,15,-18,17,-16,15,-16,16,-14,18,-11,18,-12,15,-9,16,-5,0,0,0,0,0,0,0,0,0,0,0,0,0,0,0,0,0,0,0,0,0,0,-29,4,-28,0,-29,0,-28,-3,-27,-5,-25,-6,-25,-6,-25,-7,-25,-8,-22,-7,-20,-8,-21,-6,-23,-8,-20,-5,-18,-6,-20,-7,-19,-4,-17,-5,-16,-3,-14,-2,-14,-1,-17,2,-13,2,-12,5,-14,5,-12,8,-14,8,-14,10,-15,10,-12,13,-10,13,-12,15,-12,16,-12,17,-11,20,-9,20,-9,22,-8,21,-12,27,-10,28,-9,26,-5,29,-7,29,-5,32,-6,31,-2,30,-3,32,-2,36,-3,39,-6,39,-4,37,-1,39,-4,40,-3,39,-4,42,-1,42,-4,44,0,0]"
CSI_DATA,353,1a:00:00:00:00:00,-44,11,1,0,1,1,1,0,0,0,1,-96,0,11,2,5014820,0,44,0,384,0,"[0,0,0,0,0,0,0,0,0,0,0,0,-13,0,-13,0,-12,1,-12,1,-11,1,-10,1,-10,2,-9,2,-9,2,-8,3,-8,3,-7,3,-7,3,-6,4,-5,4,-4,5,-4,5,-3,5,-3,6,-3,7,-2,7,-2,7,-2,7,-2,8,-2,9,-2,9,0,0,-1,10,-2,10,-2,11,-2,11,-2,11,-2,11,-2,11,-2,11,-3,11,-4,10,-4,10,-5,10,-5,9,-5,9,-6,8,-5,9,-5,8,-6,8,-5,7,-6,7,-6,6,-6,5,-6,5,-6,4,-7,3,-6,2,0,0,0,0,0,0,0,0,0,0,0,0,0,0,-41,-7,-37,-7,-37,-7,-34,-8,-34,-3,-30,-3,-29,-2,-30,-3,-27,-2,-27,-1,-24,1,-22,3,-23,2,-20,2,-21,3,-18,8,-17,10,-15,8,-16,9,-15,10,-13,13,-13,12,-9,16,-10,17,-9,16,-10,17,-7,19,-8,22,-8,23,-6,25,-8,23,-9,27,-9,24,-10,28,-6,27,-10,28,-14,29,-11,30,-14,28,-13,26,-12,28,-14,26,-15,26,-16,26,-17,22,-17,20,-18,21,-16,19,-17,17,-18,14,-17,16,-18,14,-17,12,-18,11,-17,8,-17,8,-17,3,0,0,0,0,0,0,0,0,0,0,0,0,0,0,0,0,0,0,0,0,0,0,27,-5,27,-1,26,0,28,3,26,2,23,4,24,5,23,7,23,7,24,4,21,5,18,5,19,4,19,5,18,6,17,4,16,1,14,4,16,-1,14,0,14,-2,15,-2,12,-6,12,-5,12,-7,12,-9,12,-9,12,-12,12,-12,12,-14,10,-14,11,-17,11,-15,10,-19,10,-22,10,-20,8,-22,9,-24,8,-24,8,-28,6,-28,9,-28,6,-30,4,-32,4,-32,3,-36,6,-33,4,-36,3,-38,4,-37,2,-39,2,-40,5,-43,4,-39,3,-46,1,-44,5,-42,0,0]"
CSI_DATA,354,1a:00:00:00:00:00,-44,11,1,0,1,1,1,0,0,0,1,-96,0,11,2,5034839,0,44,0,384,0,"[0,0,0,0,0,0,0,0,0,0,0,0,-12,5,-11,5,-10,5,-10,5,-9,4,-8,4,-8,5,-7,4,-7,5,-6,5,-6,5,-5,5,-4,5,-3,6,-3,5,-2,6,-2,6,-2,6,-1,6,-1,6,0,7,0,7,0,7,1,8,1,8,2,8,0,0,2,9,2,10,2,10,2,10,1,10,1,10,1,11,0,11,0,11,0,11,-1,10,-1,10,-2,10,-2,9,-2,9,-2,9,-3,8,-3,8,-3,8,-3,7,-4,6,-4,6,-4,6,-5,5,-5,4,-5,3,0,0,0,0,0,0,0,0,0,0,0,0,0,0,-79,14,-77,15,-75,27,-61,16,-63,21,-62,16,-58,21,-56,20,-50,18,-44,22,-41,22,-39,24,-36,26,-32,25,-27,27,-28,29,-26,27,-22,32,-16,33,-14,32,-12,35,-6,36,-1,34,-5,36,-1,39,-3,45,2,40,10,45,7,46,10,49,10,49,12,56,8,54,9,57,10,54,6,60,7,59,6,63,1,63,3,60,4,59,-5,57,-6,58,-8,63,-10,56,-11,52,-11,54,-12,50,-16,46,-19,43,-21,42,-20,41,-21,38,-22,31,-22,31,-27,27,-30,23,0,0,0,0,0,0,0,0,0,0,0,0,0,0,0,0,0,0,0,0,0,0,43,-36,49,-26,53,-22,54,-22,54,-16,53,-12,46,-12,47,-10,49,-9,46,-8,45,-8,41,-7,40,-10,40,-7,37,-8,35,-6,32,-13,30,-10,28,-11,27,-14,26,-14,25,-19,20,-16,19,-22,18,-24,14,-29,14,-26,13,-28,11,-31,10,-33,6,-33,9,-39,6,-43,4,-49,3,-44,0,-52,-3,-45,-4,-50,-5,-55,-8,-60,-8,-62,-13,-56,-13,-59,-17,-60,-20,-59,-25,-61,-22,-65,-26,-66,-27,-69,-26,-72,-29,-76,-31,-75,-29,-83,-24,-71,-31,-81,-31,-85,-25,-81,0,0]"
CSI_DATA,355,1a:00:00:00:00:00,-44,11,1,0,1,1,1,0,0,0,1,-96,0,11,2,5046203,0,44,0,384,0,"[0,0,0,0,0,0,0,0,0,0,0,0,-11,-6,-11,-6,-11,-4,-10,-5,-10,-4,-9,-4,-9,-3,-9,-2,-8,-2,-8,-2,-8,-1,-8,0,-7,0,-7,1,-7,1,-7,2,-6,3,-6,3,-6,4,-6,4,-6,4,-6,5,-6,5,-6,6,-6,6,-6,7,0,0,-6,8,-7,7,-7,8,-6,8,-7,8,-8,8,-8,8,-8,8,-8,7,-9,7,-9,7,-9,6,-9,5,-9,5,-9,4,-9,4,-9,4,-9,3,-8,2,-8,2,-8,2,-8,1,-8,1,-7,0,-7,-1,-7,-1,0,0,0,0,0,0,0,0,0,0,0,0,0,0,-54,-48,-55,-47,-57,-43,-53,-41,-52,-38,-46,-34,-46,-34,-49,-31,-47,-29,-43,-28,-41,-20,-37,-18,-40,-15,-41,-12,-41,-9,-39,-9,-36,-5,-37,2,-35,3,-35,5,-39,9,-33,9,-35,18,-34,20,-33,19,-33,26,-33,22,-35,31,-34,29,-34,31,-34,31,-40,37,-37,35,-40,40,-40,41,-50,38,-45,39,-45,35,-53,35,-50,32,-49,28,-52,32,-52,30,-53,25,-50,20,-47,19,-49,15,-48,17,-45,9,-45,8,-43,8,-43,3,-40,5,-39,1,-38,-4,-37,-8,-32,-12,0,0,0,0,0,0,0,0,0,0,0,0,0,0,0,0,0,0,0,0,0,0,52,17,49,27,48,22,43,31,42,30,38,34,38,31,34,32,35,34,33,33,29,32,30,29,31,29,28,29,26,25,25,22,26,19,27,21,26,17,24,15,25,12,28,6,27,8,29,2,31,0,29,-4,29,-2,26,-10,33,-16,37,-12,32,-16,38,-15,37,-18,37,-22,33,-25,35,-25,36,-26,41,-30,37,-33,39,-41,41,-40,41,-46,35,-46,41,-48,38,-48,34,-57,41,-53,38,-54,37,-56,45,-62,45,-63,47,-69,50,-64,43,-66,50,-70,46,-70,50,-67,0,0]"
CSI_DATA,356,1a:00:00:00:00:00,-44,11,1,0,1,1,1,0,0,0,1,-96,0,11,2,5055824,0,44,0,384,0,"[0,0,0,0,0,0,0,0,0,0,0,0,9,8,8,6,9,6,9,6,8,5,7,5,8,4,7,4,7,3,7,2,7,2,7,1,7,0,7,0,6,-1,7,-2,6,-2,6,-2,6,-3,6,-3,6,-4,6,-4,7,-4,7,-6,7,-6,7,-6,0,0,7,-7,8,-7,9,-7,8,-7,8,-7,9,-7,9,-7,9,-7,9,-6,10,-5,10,-5,10,-4,10,-4,9,-3,9,-3,9,-3,9,-2,8,-2,8,-1,7,-1,8,0,7,0,7,1,6,1,6,2,5,2,0,0,0,0,0,0,0,0,0,0,0,0,0,0,45,62,43,64,47,53,50,56,49,49,40,49,42,40,40,44,38,37,37,30,37,31,37,29,36,25,40,22,35,18,36,16,39,12,37,8,35,6,43,3,43,-2,39,-5,32,-9,36,-9,41,-14,40,-18,43,-19,43,-25,44,-26,44,-29,44,-25,48,-29,49,-30,53,-32,48,-28,52,-24,53,-28,58,-27,60,-24,61,-21,60,-21,64,-12,60,-14,60,-13,54,-9,55,-11,53,-8,54,-9,49,-2,46,1,43,1,44,3,43,6,36,12,37,13,38,17,28,14,0,0,0,0,0,0,0,0,0,0,0,0,0,0,0,0,0,0,0,0,0,0,-53,-26,-48,-34,-46,-37,-41,-39,-38,-43,-37,-40,-34,-37,-34,-38,-33,-42,-28,-39,-27,-41,-33,-39,-29,-37,-28,-34,-25,-30,-22,-28,-26,-23,-21,-26,-23,-20,-25,-19,-26,-17,-29,-14,-25,-12,-31,-9,-29,-11,-31,-6,-36,-2,-34,1,-39,1,-35,7,-36,7,-39,12,-41,13,-41,15,-46,16,-42,20,-45,20,-51,27,-44,28,-53,33,-48,31,-45,40,-54,36,-50,42,-50,41,-55,48,-52,51,-53,54,-53,54,-55,54,-58,52,-59,61,-62,55,-59,56,-65,58,-59,59,-67,57,0,0]"
CSI_DATA,357,1a:00:00:00:00:00,-44,11,1,0,1,1,1,0,0,0,1,-96,0,11,2,5065470,0,44,0,384,0,"[0,0,0,0,0,0,0,0,0,0,0,0,0,-13,0,-12,-1,-12,-1,-12,-1,-11,-1,-10,-2,-10,-2,-9,-3,-9,-3,-8,-3,-8,-4,-7,-4,-7,-5,-6,-5,-6,-6,-6,-6,-5,-6,-4,-7,-4,-7,-4,-7,-3,-8,-3,-7,-3,-9,-2,-10,-3,-10,-2,0,0,-11,-2,-11,-3,-12,-3,-11,-3,-11,-3,-12,-3,-12,-4,-11,-4,-12,-4,-11,-4,-11,-5,-10,-5,-10,-5,-9,-6,-9,-6,-9,-6,-8,-6,-7,-6,-7,-6,-6,-6,-6,-6,-5,-6,-4,-6,-4,-6,-3,-7,-2,-6,0,0,0,0,0,0,0,0,0,0,0,0,0,0,32,-71,32,-63,23,-68,24,-61,24,-66,19,-57,21,-57,18,-55,16,-55,11,-47,8,-51,7,-48,0,-46,-1,-44,-1,-41,-5,-39,-8,-40,-10,-36,-13,-34,-16,-32,-21,-32,-24,-29,-27,-27,-28,-28,-26,-25,-34,-24,-36,-24,-40,-23,-40,-25,-46,-23,-44,-23,-46,-26,-48,-32,-48,-25,-51,-28,-49,-35,-46,-29,-49,-34,-51,-35,-50,-37,-50,-40,-45,-41,-41,-41,-44,-44,-40,-42,-32,-43,-32,-45,-30,-44,-27,-39,-21,-42,-22,-42,-18,-42,-17,-40,-9,-39,-8,-34,-6,-35,2,-35,0,0,0,0,0,0,0,0,0,0,0,0,0,0,0,0,0,0,0,0,0,0,2,60,-4,53,-9,54,-13,53,-17,52,-13,45,-16,46,-15,44,-20,47,-19,42,-19,41,-17,39,-19,40,-18,38,-13,35,-18,34,-12,31,-6,34,-6,29,-7,27,-7,31,-3,30,4,27,4,34,9,27,11,28,12,28,16,28,20,26,25,24,23,27,27,29,29,25,37,23,39,24,38,32,42,28,44,26,44,24,54,28,50,27,56,29,56,24,63,22,56,20,66,22,64,21,67,16,73,21,72,22,71,21,78,21,82,25,77,21,82,28,81,25,79,25,0,0]"
CSI_DATA,358,1a:00:00:00:00:00,-44,11,1,0,1,1,1,0,0,0,1,-96,0,11,2,5074908,0,44,0,384,0,"[0,0,0,0,0,0,0,0,0,0,0,0,-10,8,-9,8,-8,8,-8,7,-7,7,-7,7,-6,7,-5,6,-5,6,-4,6,-4,6,-3,7,-3,6,-2,6,-2,6,0,7,0,6,0,6,1,6,1,6,1,6,2,7,2,7,3,7,3,8,4,8,0,0,4,9,4,9,4,10,4,9,4,9,3,10,4,10,3,10,3,10,2,10,2,10,1,10,1,10,0,10,0,9,-1,9,-1,9,-1,8,-1,8,-2,7,-2,7,-3,7,-3,6,-3,5,-4,5,-4,4,0,0,0,0,0,0,0,0,0,0,0,0,0,0,-69,32,-70,30,-62,31,-61,29,-55,32,-56,29,-51,27,-49,30,-47,28,-42,27,-40,27,-34,29,-30,31,-27,31,-28,30,-22,31,-20,36,-16,34,-14,33,-10,30,-4,38,-5,35,-3,39,-2,38,0,38,3,42,8,43,12,43,11,46,15,47,13,48,13,54,11,53,17,52,20,52,11,59,11,59,9,61,6,60,8,62,6,55,5,58,-2,58,-1,57,-6,54,-5,53,-7,51,-11,49,-11,48,-15,43,-13,41,-16,41,-19,39,-22,37,-19,31,-21,28,-24,24,0,0,0,0,0,0,0,0,0,0,0,0,0,0,0,0,0,0,0,0,0,0,33,-44,39,-41,39,-39,44,-34,42,-33,44,-29,40,-26,42,-23,44,-25,42,-20,37,-17,35,-20,37,-22,37,-23,35,-17,32,-18,27,-19,25,-19,25,-20,22,-18,21,-19,19,-23,14,-26,15,-25,15,-29,8,-31,8,-31,1,-32,5,-34,0,-37,-1,-35,-2,-39,-2,-43,-5,-41,-8,-42,-14,-47,-13,-48,-19,-48,-16,-49,-21,-51,-21,-53,-28,-48,-31,-56,-28,-56,-29,-50,-32,-52,-36,-60,-37,-58,-40,-62,-40,-66,-40,-66,-46,-65,-43,-70,-44,-66,-45,-78,-41,-75,-36,-77,0,0]"
CSI_DATA,359,1a:00:00:00:00:00,-44,11,1,0,1,1,1,0,0,0,1,-96,0,11,2,5084772,0,44,0,384,0,"[0,0,0,0,0,0,0,0,0,0,0,0,8,9,8,8,8,7,7,7,7,7,6,6,7,5,6,5,6,4,6,3,6,3,6,3,6,2,6,1,6,1,7,0,6,-1,6,-1,6,-2,7,-2,7,-3,7,-3,7,-3,7,-4,8,-5,8,-5,0,0,8,-5,9,-5,9,-5,9,-5,9,-5,10,-5,10,-5,10,-4,10,-4,10,-3,10,-3,10,-2,10,-2,10,-1,9,-1,9,-1,9,0,8,0,8,1,7,1,7,1,7,2,6,2,6,3,5,3,4,3,0,0,0,0,0,0,0,0,0,0,0,0,0,0,39,63,40,66,45,58,40,55,37,52,34,51,37,44,40,42,35,37,35,37,37,34,31,29,37,28,38,26,32,23,36,15,36,16,35,9,34,6,34,3,36,1,35,1,33,-7,37,-7,40,-9,37,-11,41,-14,45,-18,42,-18,49,-26,45,-21,50,-22,50,-26,54,-27,51,-23,55,-21,55,-24,55,-22,61,-22,59,-18,58,-17,61,-11,60,-8,57,-10,55,-5,61,-2,54,-1,53,1,45,4,47,5,43,7,44,10,39,11,37,15,34,16,31,21,25,24,0,0,0,0,0,0,0,0,0,0,0,0,0,0,0,0,0,0,0,0,0,0,-51,-23,-44,-30,-48,-32,-43,-36,-40,-38,-37,-38,-33,-37,-32,-41,-35,-40,-27,-38,-29,-38,-30,-34,-28,-29,-27,-28,-25,-28,-22,-29,-25,-26,-23,-24,-26,-20,-25,-15,-24,-14,-27,-13,-30,-12,-31,-6,-32,-8,-35,-6,-33,-2,-34,1,-34,0,-38,9,-33,7,-42,11,-42,11,-41,14,-43,16,-46,18,-43,19,-50,25,-49,27,-49,30,-50,34,-47,35,-52,37,-52,36,-54,38,-48,40,-51,43,-54,46,-56,47,-58,51,-58,55,-62,58,-64,55,-65,54,-68,56,-65,54,-69,57,0,0]"
CSI_DATA,360,1a:00:00:00:00:00,-44,11,1,0,1,1,1,0,0,0,1,-96,0,11,2,5094771,0,44,0,384,0,"[0,0,0,0,0,0,0,0,0,0,0,0,-12,-3,-12,-3,-12,-2,-12,-2,-11,-2,-10,-1,-10,0,-9,0,-9,0,-8,1,-8,1,-8,2,-7,2,-7,2,-6,2,-7,4,-6,3,-5,4,-5,4,-5,5,-5,6,-4,6,-4,6,-4,7,-5,8,-4,8,0,0,-4,9,-4,9,-5,9,-4,10,-5,9,-5,10,-5,10,-6,9,-6,10,-7,9,-7,9,-7,8,-7,8,-7,7,-8,7,-8,6,-8,6,-7,5,-7,5,-7,4,-7,4,-7,3,-7,3,-7,2,-7,1,-7,0,0,0,0,0,0,0,0,0,0,0,0,0,0,0,-72,-37,-66,-34,-70,-24,-65,-27,-63,-19,-62,-25,-58,-19,-55,-18,-55,-18,-48,-11,-50,-9,-46,-7,-49,-2,-38,1,-40,2,-41,5,-37,10,-38,10,-38,14,-30,15,-33,19,-29,17,-25,23,-26,28,-29,28,-23,32,-23,35,-23,40,-26,38,-21,44,-29,42,-26,50,-26,50,-30,50,-24,49,-31,55,-30,53,-32,53,-35,52,-36,51,-38,48,-41,43,-39,43,-38,46,-38,40,-39,36,-44,35,-40,31,-38,28,-41,24,-36,25,-39,22,-38,21,-35,10,-37,10,-34,4,-40,1,0,0,0,0,0,0,0,0,0,0,0,0,0,0,0,0,0,0,0,0,0,0,54,8,55,12,51,14,53,18,46,21,48,23,43,20,42,19,47,23,40,20,38,23,38,22,40,21,38,20,34,18,31,14,33,12,31,12,28,6,31,5,31,5,31,0,27,-2,29,-6,32,-4,28,-12,29,-16,34,-15,31,-16,33,-21,32,-22,31,-26,32,-32,32,-32,32,-33,28,-34,31,-37,31,-44,27,-46,29,-52,31,-52,25,-52,29,-58,26,-61,27,-57,20,-66,23,-67,22,-67,22,-68,25,-75,25,-78,18,-77,31,-80,24,-74,30,-80,29,-89,31,-78,0,0]"
CSI_DATA,361,1a:00:00:00:00:00,-44,11,1,0,1,1,1,0,0,0,1,-96,0,11,2,5114814,0,44,0,384,0,"[0,0,0,0,0,0,0,0,0,0,0,0,-12,-7,-11,-6,-11,-6,-11,-6,-11,-5,-9,-5,-10,-4,-9,-3,-9,-3,-9,-2,-9,-2,-8,-1,-8,0,-8,0,-7,1,-8,2,-7,3,-7,3,-7,4,-7,4,-7,4,-6,5,-6,5,-7,6,-7,6,-7,7,0,0,-7,8,-8,8,-8,9,-8,9,-8,8,-8,8,-8,8,-8,8,-9,8,-10,7,-10,7,-10,5,-10,6,-10,5,-9,5,-10,4,-9,4,-9,4,-9,3,-8,3,-9,1,-8,2,-8,1,-8,0,-7,-1,-6,-1,0,0,0,0,0,0,0,0,0,0,0,0,0,0,-63,-42,-56,-39,-69,-39,-54,-37,-54,-32,-56,-29,-53,-29,-54,-28,-47,-20,-46,-21,-47,-15,-45,-16,-45,-12,-40,-8,-44,-9,-40,-3,-41,1,-38,7,-36,4,-37,9,-40,17,-31,10,-35,20,-33,21,-32,20,-34,24,-31,26,-33,32,-35,32,-35,40,-29,36,-36,40,-37,36,-35,44,-38,44,-48,44,-44,43,-45,41,-47,41,-46,37,-47,33,-49,33,-48,31,-49,31,-51,30,-46,20,-48,22,-45,21,-42,15,-45,12,-43,9,-44,7,-45,5,-40,4,-39,-1,-36,-4,-32,-9,0,0,0,0,0,0,0,0,0,0,0,0,0,0,0,0,0,0,0,0,0,0,54,5,52,10,52,10,52,16,47,22,48,19,41,22,42,24,43,25,38,22,37,28,36,21,37,22,34,15,30,20,31,14,33,12,28,14,29,10,29,5,28,7,30,2,23,2,29,-3,31,-3,29,-10,30,-9,31,-10,28,-14,34,-19,31,-20,35,-25,33,-26,31,-27,34,-30,34,-33,33,-32,31,-40,35,-41,31,-46,35,-46,32,-49,36,-48,29,-56,34,-53,35,-59,31,-59,29,-68,31,-64,32,-71,33,-72,33,-72,35,-77,34,-68,36,-77,35,-81,41,-81,0,0]"
CSI_DATA,362,1a:00:00:00:00:00,-44,11,1,0,1,1,1,0,0,0,1,-96,0,11,2,5124989,0,44,0,384,0,"[0,0,0,0,0,0,0,0,0,0,0,0,7,-10,6,-10,5,-10,6,-10,5,-9,5,-9,4,-9,3,-8,3,-8,2,-8,2,-8,1,-8,1,-7,0,-7,-1,-7,-2,-8,-2,-7,-2,-7,-3,-7,-3,-7,-3,-7,-5,-7,-5,-7,-5,-7,-6,-8,-7,-8,0,0,-7,-8,-7,-9,-7,-9,-7,-9,-6,-9,-7,-9,-7,-10,-6,-10,-6,-10,-6,-11,-5,-11,-4,-10,-4,-10,-4,-10,-3,-10,-2,-10,-2,-9,-2,-9,-2,-9,-1,-9,-1,-8,0,-8,1,-7,1,-7,2,-7,2,-6,0,0,0,0,0,0,0,0,0,0,0,0,0,0,63,-49,62,-39,56,-45,52,-44,50,-43,49,-43,44,-39,43,-38,39,-36,35,-36,33,-42,28,-38,26,-40,27,-36,20,-37,12,-40,15,-38,10,-34,5,-34,3,-40,1,-37,-4,-39,-7,-37,-9,-39,-11,-36,-15,-41,-14,-42,-17,-44,-20,-43,-21,-48,-22,-41,-25,-50,-25,-48,-27,-54,-26,-49,-20,-53,-22,-54,-21,-58,-20,-59,-15,-58,-16,-60,-16,-59,-10,-61,-9,-60,-6,-55,-4,-58,-3,-50,1,-53,0,-44,5,-47,5,-43,9,-45,12,-41,13,-37,15,-36,18,-31,19,-30,0,0,0,0,0,0,0,0,0,0,0,0,0,0,0,0,0,0,0,0,0,0,-24,50,-27,44,-34,45,-32,41,-37,38,-37,35,-34,35,-37,31,-36,33,-35,32,-34,24,-35,26,-36,27,-31,28,-28,24,-28,24,-24,25,-22,23,-18,24,-20,26,-18,22,-14,23,-12,28,-5,26,-6,29,0,30,-5,35,-1,32,0,35,8,36,7,35,7,40,7,37,15,41,16,44,23,44,21,44,25,45,26,44,33,49,29,47,33,47,37,44,39,51,38,48,45,47,44,44,49,50,50,51,51,58,54,58,56,56,54,66,55,59,52,62,56,68,56,61,0,0]"
CSI_DATA,363,1a:00:00:00:00:00,-44,11,1,0,1,1,1,0,0,0,1,-96,0,11,2,5135228,0,44,0,384,0,"[0,0,0,0,0,0,0,0,0,0,0,0,-12,4,-11,4,-11,5,-11,4,-10,4,-9,4,-9,4,-8,4,-7,4,-6,4,-7,5,-6,5,-5,5,-4,5,-4,5,-4,6,-3,6,-3,6,-2,6,-2,6,-1,7,-1,7,-1,7,0,8,0,9,0,9,0,0,1,10,0,10,0,10,0,10,0,10,0,10,0,10,-1,11,-1,11,-2,10,-2,10,-3,10,-3,9,-3,9,-4,9,-4,8,-4,8,-4,7,-5,7,-4,6,-5,6,-5,5,-5,5,-6,4,-6,3,-6,3,0,0,0,0,0,0,0,0,0,0,0,0,0,0,-71,26,-74,26,-66,25,-63,23,-60,26,-51,23,-57,23,-52,22,-49,24,-44,23,-44,24,-40,26,-37,27,-35,25,-29,27,-25,29,-27,31,-19,32,-22,30,-17,32,-7,38,-11,35,-5,39,-7,38,-5,40,1,43,1,44,2,46,3,48,9,50,6,50,7,52,6,56,6,54,8,58,5,60,1,60,4,56,-2,60,0,61,-4,59,-7,57,-8,54,-14,59,-16,57,-13,54,-16,49,-17,50,-17,37,-19,40,-23,41,-20,34,-22,32,-24,31,-27,31,-23,24,-27,18,0,0,0,0,0,0,0,0,0,0,0,0,0,0,0,0,0,0,0,0,0,0,37,-43,38,-38,40,-39,45,-35,44,-29,43,-24,41,-27,42,-20,42,-21,41,-19,43,-17,39,-17,36,-21,40,-20,34,-17,33,-16,28,-21,27,-18,28,-21,22,-22,20,-22,20,-23,19,-24,21,-25,14,-29,9,-29,9,-30,10,-34,7,-35,2,-37,0,-36,1,-41,-1,-40,1,-42,-6,-46,-8,-48,-11,-48,-10,-50,-14,-51,-17,-56,-16,-58,-22,-56,-22,-58,-25,-62,-25,-57,-30,-55,-32,-61,-35,-63,-35,-62,-39,-74,-33,-69,-38,-70,-35,-73,-35,-73,-36,-81,-37,-76,-29,-79,0,0]"
CSI_DATA,364,1a:00:00:00:00:00,-44,11,1,0,1,1,1,0,0,0,1,-96,0,11,2,5144741,0,44,0,384,0,"[0,0,0,0,0,0,0,0,0,0,0,0,-13,3,-12,3,-12,4,-11,3,-11,3,-10,3,-9,4,-9,3,-8,4,-7,4,-7,4,-6,5,-5,5,-5,5,-5,5,-4,6,-3,6,-3,6,-2,6,-3,7,-2,7,-1,8,-1,8,0,8,0,9,0,8,0,0,0,9,0,10,0,11,0,11,0,10,-1,11,-1,11,-2,11,-2,11,-2,11,-2,11,-3,10,-3,10,-4,9,-4,9,-4,9,-4,8,-4,8,-4,7,-5,7,-5,6,-5,5,-5,5,-5,4,-6,4,-6,3,0,0,0,0,0,0,0,0,0,0,0,0,0,0,-81,6,-76,7,-75,11,-68,12,-64,12,-61,9,-57,12,-57,10,-54,16,-50,16,-44,15,-41,19,-42,21,-35,19,-32,18,-31,26,-32,28,-28,23,-26,27,-23,31,-20,35,-16,30,-14,34,-9,35,-12,40,-7,37,-8,43,-4,48,-5,45,-5,47,-5,47,-1,55,-4,49,0,54,-1,52,-6,57,-5,58,-9,61,-12,58,-14,56,-9,56,-17,55,-21,57,-19,52,-21,50,-21,48,-24,44,-26,41,-24,41,-24,37,-22,34,-27,33,-29,28,-29,26,-29,18,-29,22,-28,14,0,0,0,0,0,0,0,0,0,0,0,0,0,0,0,0,0,0,0,0,0,0,43,-36,48,-27,47,-23,51,-19,49,-18,48,-12,45,-8,44,-10,48,-8,44,-8,45,-7,43,-6,43,-8,39,-8,38,-7,32,-6,34,-14,30,-8,30,-10,25,-12,25,-17,26,-15,20,-22,19,-21,20,-21,17,-27,17,-26,15,-29,12,-29,12,-37,11,-37,13,-45,8,-39,4,-43,2,-46,1,-49,1,-47,-3,-49,-2,-52,-4,-61,-3,-57,-9,-61,-9,-59,-10,-66,-15,-66,-17,-59,-16,-63,-24,-66,-22,-68,-19,-73,-15,-78,-22,-77,-20,-83,-17,-74,-20,-90,-22,-84,-17,-87,0,0]"
CSI_DATA,365,1a:00:00:00:00:00,-44,11,1,0,1,1,1,0,0,0,1,-96,0,11,2,5156080,0,44,0,384,0,"[0,0,0,0,0,0,0,0,0,0,0,0,-13,2,-12,3,-12,3,-12,3,-11,3,-10,3,-9,3,-9,3,-8,4,-8,4,-7,4,-7,4,-7,4,-5,5,-5,5,-4,6,-4,5,-4,6,-3,6,-2,7,-3,7,-2,7,-2,8,-2,8,-1,8,-1,9,0,0,-1,9,-1,10,-1,10,-1,11,-2,10,-2,11,-2,11,-2,11,-2,11,-3,11,-4,10,-5,10,-4,9,-5,9,-5,8,-5,8,-5,8,-5,7,-5,7,-6,6,-6,6,-6,5,-6,4,-6,4,-6,3,-6,2,0,0,0,0,0,0,0,0,0,0,0,0,0,0,-79,17,-74,14,-70,22,-63,19,-64,17,-60,16,-60,18,-56,20,-56,17,-49,18,-44,22,-39,18,-40,21,-41,22,-36,25,-30,29,-31,28,-23,28,-25,27,-17,33,-13,33,-14,38,-13,35,-7,37,-12,37,-7,42,-7,42,-5,44,-7,48,2,50,-2,49,-4,50,1,52,-4,59,-2,59,-5,61,-7,60,-9,62,-12,59,-14,56,-15,60,-15,57,-18,55,-19,51,-22,52,-27,49,-26,46,-26,49,-25,39,-32,35,-26,37,-29,35,-26,31,-32,26,-31,23,-30,19,-30,12,0,0,0,0,0,0,0,0,0,0,0,0,0,0,0,0,0,0,0,0,0,0,38,-40,38,-35,43,-31,44,-32,47,-24,46,-22,42,-21,44,-16,43,-20,44,-20,42,-14,39,-17,38,-14,36,-18,34,-15,33,-13,30,-19,32,-17,29,-18,29,-16,26,-18,22,-23,19,-19,20,-28,17,-28,16,-29,12,-32,10,-31,10,-33,7,-43,5,-37,2,-42,5,-42,2,-40,2,-48,-3,-45,-6,-48,-6,-52,-8,-52,-10,-51,-11,-61,-18,-55,-17,-55,-20,-61,-21,-59,-26,-67,-22,-64,-28,-65,-28,-66,-25,-71,-30,-71,-29,-73,-24,-77,-24,-79,-30,-84,-28,-79,-26,-85,0,0]"
CSI_DATA,366,1a:00:00:00:00:00,-44,11,1,0,1,1,1,0,0,0,1,-96,0,11,2,5175470,0,44,0,384,0,"[0,0,0,0,0,0,0,0,0,0,0,0,-3,11,-3,11,-2,10,-2,10,-2,10,-2,9,0,9,0,8,0,8,0,7,1,7,1,7,2,6,2,6,2,5,4,5,4,5,4,4,4,4,5,4,6,4,6,3,6,3,7,3,7,3,8,3,0,0,8,3,9,4,9,3,10,3,9,3,9,4,10,4,9,4,9,5,8,5,8,6,7,6,7,6,7,6,6,6,6,6,6,6,5,6,5,6,4,6,3,6,3,5,2,6,2,6,1,6,0,5,0,0,0,0,0,0,0,0,0,0,0,0,0,0,-22,70,-24,73,-17,66,-16,67,-12,67,-14,61,-12,61,-13,54,-10,53,-5,50,-5,52,-4,44,3,50,2,42,6,39,16,39,10,39,15,34,16,28,20,29,28,30,25,28,26,23,29,23,30,24,32,24,39,20,41,19,41,20,49,16,45,20,49,20,48,23,51,24,50,21,54,32,52,27,51,27,52,34,51,30,50,32,47,33,45,38,43,34,41,36,43,38,37,36,35,37,27,38,27,34,25,37,23,36,17,38,14,37,14,37,8,34,5,32,0,0,0,0,0,0,0,0,0,0,0,0,0,0,0,0,0,0,0,0,0,0,-8,-58,-7,-55,-2,-56,3,-56,9,-55,7,-51,13,-49,11,-45,10,-48,12,-47,11,-44,13,-43,8,-44,9,-38,8,-33,10,-38,5,-37,7,-37,1,-31,1,-31,0,-31,-1,-33,-7,-30,-7,-29,-13,-27,-19,-30,-20,-32,-22,-29,-21,-25,-26,-27,-31,-24,-31,-26,-34,-29,-37,-27,-41,-26,-42,-26,-42,-25,-47,-21,-49,-22,-56,-18,-49,-20,-62,-17,-61,-20,-63,-15,-63,-16,-66,-7,-67,-13,-71,-14,-70,-13,-74,-12,-77,-12,-83,-12,-82,-14,-79,-13,-87,-11,-84,-17,-78,-21,0,0]"
CSI_DATA,367,1a:00:00:00:00:00,-44,11,1,0,1,1,1,0,0,0,1,-96,0,11,2,5194806,0,44,0,384,0,"[0,0,0,0,0,0,0,0,0,0,0,0,5,-12,5,-11,4,-12,4,-11,3,-10,3,-10,2,-10,2,-9,1,-9,0,-9,1,-9,-1,-8,-1,-8,-1,-8,-2,-7,-3,-8,-3,-7,-4,-7,-4,-6,-5,-7,-5,-7,-6,-6,-6,-6,-7,-7,-7,-7,-8,-7,0,0,-8,-7,-8,-8,-9,-8,-9,-8,-8,-8,-8,-9,-9,-9,-8,-8,-8,-9,-7,-10,-7,-10,-6,-10,-6,-10,-5,-9,-5,-10,-4,-10,-4,-9,-4,-9,-3,-9,-3,-8,-2,-8,-2,-8,-1,-8,0,-8,1,-7,1,-6,0,0,0,0,0,0,0,0,0,0,0,0,0,0,29,-74,31,-69,26,-73,23,-70,17,-67,27,-62,14,-57,17,-60,14,-51,9,-54,6,-50,3,-48,-3,-51,1,-41,-3,-43,-7,-39,-10,-42,-10,-40,-12,-39,-16,-34,-22,-33,-20,-31,-25,-29,-24,-30,-32,-28,-35,-29,-34,-30,-41,-26,-41,-27,-45,-31,-46,-27,-51,-30,-44,-27,-53,-34,-49,-29,-55,-38,-53,-35,-50,-36,-50,-38,-48,-36,-46,-37,-43,-42,-37,-47,-37,-45,-37,-46,-38,-43,-34,-44,-29,-45,-26,-43,-23,-41,-25,-42,-22,-42,-16,-39,-10,-37,-7,-37,-5,-37,0,-34,0,0,0,0,0,0,0,0,0,0,0,0,0,0,0,0,0,0,0,0,0,0,0,54,-6,58,-8,56,-14,57,-15,49,-18,49,-14,48,-16,46,-17,46,-16,42,-17,42,-19,38,-16,42,-21,36,-15,37,-11,34,-9,35,-11,32,-8,33,-4,33,-3,29,0,34,2,27,4,26,8,33,14,30,9,28,17,34,18,28,22,30,20,24,28,31,30,30,31,28,38,31,38,31,42,24,43,28,43,28,52,28,49,29,52,23,58,24,59,27,62,25,67,17,68,20,69,18,71,17,70,25,72,26,80,19,84,26,77,19,83,26,82,25,84,24,0,0]"
CSI_DATA,368,1a:00:00:00:00:00,-44,11,1,0,1,1,1,0,0,0,1,-96,0,11,2,5205631,0,44,0,384,0,"[0,0,0,0,0,0,0,0,0,0,0,0,-4,12,-4,11,-3,11,-4,11,-3,10,-3,10,-2,9,-2,8,-2,8,0,7,0,8,1,7,1,7,2,6,2,6,3,6,3,5,3,5,4,5,4,5,5,5,5,5,6,5,7,4,7,4,7,5,0,0,8,5,8,5,9,5,9,6,8,6,8,7,8,6,8,7,8,7,7,7,7,7,6,7,6,8,6,8,5,8,4,8,4,8,4,7,3,8,3,7,2,7,1,7,1,7,0,6,0,6,-1,6,0,0,0,0,0,0,0,0,0,0,0,0,0,0,-42,63,-37,62,-31,65,-32,58,-31,64,-27,59,-24,56,-24,54,-18,50,-17,52,-18,48,-15,46,-13,46,-4,44,-7,42,5,39,3,42,6,39,6,36,8,33,14,38,15,35,17,27,19,33,24,32,25,35,30,31,34,33,34,29,40,33,35,34,42,37,38,34,42,38,41,35,41,44,40,42,39,45,36,47,35,51,33,43,34,45,31,50,33,52,26,50,24,48,19,49,18,47,15,46,11,44,7,45,4,40,5,42,-3,38,-3,36,-3,36,-8,31,0,0,0,0,0,0,0,0,0,0,0,0,0,0,0,0,0,0,0,0,0,0,-9,-57,0,-56,5,-53,7,-54,12,-49,10,-47,16,-47,13,-48,17,-48,16,-41,14,-43,12,-40,11,-42,15,-40,18,-36,11,-35,9,-40,7,-33,7,-32,5,-33,0,-29,0,-31,-5,-29,-5,-32,-7,-30,-13,-32,-14,-32,-19,-31,-15,-27,-24,-30,-25,-30,-29,-32,-27,-33,-33,-33,-35,-29,-38,-32,-41,-32,-47,-29,-42,-28,-51,-27,-54,-30,-55,-29,-58,-30,-57,-27,-59,-29,-63,-20,-66,-25,-66,-29,-71,-28,-70,-29,-73,-27,-81,-26,-86,-32,-70,-27,-77,-27,-80,-34,-74,-37,0,0]"
CSI_DATA,369,1a:00:00:00:00:00,-44,11,1,0,1,1,1,0,0,0,1,-96,0,11,2,5224777,0,44,0,384,0,"[0,0,0,0,0,0,0,0,0,0,0,0,9,-8,9,-8,8,-7,8,-7,7,-7,7,-7,6,-7,5,-7,5,-7,4,-6,4,-7,3,-7,2,-7,2,-7,2,-7,1,-7,0,-7,0,-7,-1,-7,-1,-7,-1,-8,-2,-8,-2,-8,-3,-8,-4,-9,-4,-9,0,0,-4,-10,-4,-10,-4,-10,-4,-10,-4,-10,-4,-11,-4,-11,-3,-11,-3,-11,-2,-11,-2,-11,-1,-11,-1,-10,-1,-10,0,-10,0,-10,0,-10,0,-9,1,-9,1,-8,2,-8,2,-7,2,-7,3,-6,3,-6,3,-5,0,0,0,0,0,0,0,0,0,0,0,0,0,0,70,-39,71,-32,61,-41,59,-35,60,-34,51,-34,52,-36,52,-36,45,-32,41,-37,39,-34,35,-35,34,-36,26,-36,25,-32,20,-36,19,-37,15,-38,10,-32,9,-35,3,-41,1,-36,-1,-41,-1,-40,-4,-42,-6,-44,-11,-42,-14,-45,-12,-49,-17,-46,-17,-46,-17,-52,-16,-55,-20,-58,-20,-55,-12,-58,-17,-62,-10,-59,-10,-62,-9,-58,-9,-62,-3,-59,0,-58,1,-57,3,-58,4,-59,4,-54,6,-50,9,-46,12,-46,13,-44,13,-40,18,-38,22,-38,20,-34,22,-30,26,-24,0,0,0,0,0,0,0,0,0,0,0,0,0,0,0,0,0,0,0,0,0,0,-25,49,-28,45,-35,43,-39,42,-41,35,-37,31,-38,32,-41,29,-40,30,-41,25,-37,27,-35,24,-35,30,-35,25,-36,22,-27,19,-29,21,-25,22,-24,27,-20,21,-21,25,-16,22,-18,28,-17,29,-13,30,-3,31,-5,30,-3,33,-1,33,-3,39,2,38,5,42,7,40,9,39,7,47,14,46,17,48,16,48,19,48,27,51,24,54,32,49,31,54,33,52,35,54,41,50,41,58,41,58,44,59,45,60,45,58,50,62,49,71,48,62,51,72,48,70,48,63,0,0]"
CSI_DATA,370,1a:00:00:00:00:00,-44,11,1,0,1,1,1,0,0,0,1,-96,0,11,2,5234831,0,44,0,384,0,"[0,0,0,0,0,0,0,0,0,0,0,0,-10,-8,-10,-8,-10,-7,-10,-7,-10,-6,-9,-6,-9,-5,-8,-5,-8,-5,-8,-3,-8,-3,-8,-2,-8,-2,-8,-1,-7,-1,-8,0,-7,1,-7,1,-7,2,-7,2,-7,3,-7,3,-8,4,-8,4,-8,5,-8,5,0,0,-8,5,-9,6,-9,6,-9,6,-9,6,-10,6,-10,6,-10,5,-10,5,-11,4,-11,4,-10,3,-10,3,-10,2,-10,2,-10,2,-10,1,-9,1,-9,1,-8,0,-9,0,-8,-1,-8,-2,-7,-2,-7,-3,-6,-3,0,0,0,0,0,0,0,0,0,0,0,0,0,0,-53,-64,-52,-56,-53,-51,-46,-47,-47,-52,-38,-47,-41,-39,-44,-39,-43,-39,-41,-35,-41,-26,-41,-29,-43,-23,-41,-22,-38,-18,-39,-16,-40,-12,-40,-7,-39,-5,-40,-5,-38,1,-38,-3,-37,7,-40,10,-39,10,-38,14,-39,17,-44,21,-43,16,-43,25,-43,27,-46,23,-48,26,-48,26,-47,28,-51,22,-53,27,-56,27,-60,23,-53,22,-58,14,-59,13,-59,19,-60,14,-54,8,-56,8,-52,3,-54,0,-47,-1,-47,-3,-46,-4,-46,-4,-44,-9,-38,-9,-35,-16,-31,-18,-30,-21,0,0,0,0,0,0,0,0,0,0,0,0,0,0,0,0,0,0,0,0,0,0,53,17,49,19,48,24,48,24,44,29,41,31,41,29,34,31,36,32,36,30,30,32,32,26,33,29,30,25,24,27,25,22,29,15,27,19,26,15,25,11,25,11,34,11,30,7,30,3,33,2,30,0,31,-2,33,-3,34,-8,34,-13,36,-8,39,-13,37,-15,38,-21,41,-22,39,-25,41,-29,41,-29,43,-33,45,-38,42,-34,44,-44,46,-42,46,-48,40,-40,42,-52,44,-52,43,-55,45,-60,52,-59,49,-56,52,-63,59,-63,56,-62,58,-67,55,-63,60,-65,0,0]"
CSI_DATA,371,1a:00:00:00:00:00,-44,11,1,0,1,1,1,0,0,0,1,-96,0,11,2,5245544,0,44,0,384,0,"[0,0,0,0,0,0,0,0,0,0,0,0,-12,-3,-12,-3,-12,-2,-12,-2,-11,-2,-10,-2,-10,-1,-9,-1,-9,0,-9,0,-9,0,-8,1,-7,2,-7,2,-7,2,-7,3,-6,4,-6,4,-6,4,-5,4,-6,5,-5,6,-5,6,-5,7,-6,7,-5,7,0,0,-5,8,-6,8,-6,9,-6,9,-7,8,-7,8,-7,8,-7,8,-7,8,-8,7,-9,7,-8,6,-8,6,-8,5,-8,5,-8,5,-8,4,-8,4,-8,3,-7,3,-8,2,-8,2,-7,1,-7,0,-7,-1,-6,-1,0,0,0,0,0,0,0,0,0,0,0,0,0,0,-80,-17,-77,-16,-75,-8,-70,-5,-64,-7,-64,-4,-66,-3,-62,-3,-57,0,-52,-3,-54,4,-51,4,-48,9,-46,8,-45,5,-38,15,-39,12,-39,17,-33,20,-30,23,-24,27,-27,25,-25,30,-23,31,-24,32,-23,35,-20,36,-20,43,-20,39,-19,45,-20,46,-25,52,-23,49,-20,51,-21,54,-27,53,-28,48,-25,51,-30,51,-32,48,-33,50,-31,52,-38,44,-40,45,-38,35,-39,41,-42,31,-38,34,-38,29,-42,30,-37,21,-41,20,-38,17,-38,17,-36,13,-36,4,-36,3,0,0,0,0,0,0,0,0,0,0,0,0,0,0,0,0,0,0,0,0,0,0,50,-24,49,-19,52,-16,50,-14,53,-12,50,-4,48,-5,51,1,48,-2,48,-1,44,-1,41,0,43,3,38,-1,40,-1,37,-4,34,-4,34,-2,29,-8,31,-5,30,-9,29,-8,26,-10,28,-17,26,-17,19,-22,24,-23,20,-23,24,-28,25,-30,17,-30,20,-34,19,-41,19,-38,21,-44,18,-43,13,-47,15,-51,9,-52,11,-59,12,-57,6,-62,7,-60,3,-67,6,-62,4,-68,4,-64,3,-74,0,-70,0,-78,2,-80,-1,-80,-1,-80,0,-84,-1,-92,2,-84,9,-87,0,0]"
CSI_DATA,372,1a:00:00:00:00:00,-44,11,1,0,1,1,1,0,0,0,1,-96,0,11,2,5274781,0,44,0,384,0,"[0,0,0,0,0,0,0,0,0,0,0,0,12,0,12,-1,10,-1,11,-1,10,-1,9,-1,9,-2,8,-2,8,-2,7,-2,7,-3,7,-3,6,-3,6,-4,6,-4,5,-5,5,-5,4,-5,4,-6,4,-6,4,-7,3,-7,3,-7,3,-8,3,-9,2,-9,0,0,3,-10,3,-10,3,-11,3,-10,4,-10,4,-10,4,-10,4,-10,5,-10,5,-10,5,-9,6,-9,6,-9,6,-8,6,-7,6,-7,6,-6,6,-6,6,-5,6,-5,6,-4,6,-4,6,-3,6,-3,6,-2,5,-1,0,0,0,0,0,0,0,0,0,0,0,0,0,0,80,12,76,12,76,8,64,10,69,3,62,5,64,0,54,1,56,1,55,-2,55,-4,48,-3,42,-10,42,-9,43,-12,39,-17,39,-18,34,-17,32,-20,29,-21,26,-27,25,-25,24,-32,23,-31,21,-33,24,-34,18,-38,16,-43,17,-47,18,-49,16,-43,20,-48,18,-50,17,-51,22,-52,26,-50,23,-55,25,-56,31,-54,26,-48,30,-49,31,-49,33,-50,38,-43,33,-38,40,-41,38,-35,37,-36,34,-36,35,-31,34,-24,36,-21,36,-22,43,-15,35,-12,33,-11,33,-3,0,0,0,0,0,0,0,0,0,0,0,0,0,0,0,0,0,0,0,0,0,0,-51,22,-51,16,-56,13,-56,8,-55,2,-49,-3,-50,-1,-49,-4,-52,-5,-47,-3,-45,-7,-44,-2,-44,-1,-40,-5,-38,0,-35,-2,-35,5,-34,-3,-33,4,-28,5,-32,5,-28,10,-29,14,-30,18,-26,17,-29,22,-22,21,-26,23,-23,28,-20,31,-21,30,-24,35,-22,36,-18,39,-22,43,-17,40,-16,45,-17,47,-13,48,-12,50,-9,56,-13,61,-11,60,-5,62,-4,59,-9,69,-6,65,-1,71,1,75,-5,80,-3,77,0,80,-4,76,0,81,-2,86,-5,85,-5,87,0,0]"
CSI_DATA,373,1a:00:00:00:00:00,-44,11,1,0,1,1,1,0,0,0,1,-96,0,11,2,5284820,0,44,0,384,0,"[0,0,0,0,0,0,0,0,0,0,0,0,-10,-9,-10,-8,-10,-8,-9,-8,-9,-7,-8,-7,-9,-6,-8,-5,-8,-5,-8,-4,-8,-4,-8,-3,-8,-2,-8,-2,-8,-2,-8,-1,-7,0,-8,0,-7,1,-7,1,-8,2,-8,2,-8,3,-8,3,-9,4,-9,4,0,0,-9,4,-10,5,-10,5,-10,5,-10,4,-11,4,-10,4,-10,4,-11,4,-11,3,-11,3,-11,2,-11,2,-10,1,-11,0,-10,0,-10,0,-9,0,-9,-1,-9,-1,-8,-2,-8,-2,-8,-2,-7,-3,-6,-4,-6,-4,0,0,0,0,0,0,0,0,0,0,0,0,0,0,-59,-56,-56,-54,-58,-48,-52,-50,-54,-46,-50,-42,-51,-36,-47,-35,-44,-32,-43,-29,-46,-25,-40,-22,-43,-20,-39,-16,-44,-16,-40,-9,-42,-9,-39,-4,-38,-9,-41,4,-41,8,-36,5,-37,10,-37,13,-36,14,-38,22,-40,22,-40,24,-39,23,-43,26,-43,25,-45,34,-42,31,-48,33,-49,32,-49,34,-47,33,-47,32,-53,30,-53,30,-51,22,-53,18,-55,20,-57,15,-52,17,-54,17,-51,5,-53,8,-46,5,-46,5,-47,6,-46,1,-43,-1,-36,-10,-35,-14,-33,-12,-31,-20,0,0,0,0,0,0,0,0,0,0,0,0,0,0,0,0,0,0,0,0,0,0,56,12,50,14,47,21,45,21,48,25,43,26,39,26,36,27,38,27,35,26,33,29,33,28,35,25,33,21,28,23,29,22,31,17,25,18,29,10,30,12,28,8,30,10,27,6,28,2,33,-1,29,-5,34,-4,32,-10,35,-8,33,-14,31,-15,39,-19,34,-18,36,-23,36,-23,32,-28,38,-29,39,-32,40,-35,42,-41,40,-40,33,-49,40,-45,43,-52,39,-52,35,-54,41,-55,36,-61,37,-62,47,-66,42,-63,46,-67,46,-71,47,-66,51,-74,52,-68,52,-66,0,0]"
CSI_DATA,374,1a:00:00:00:00:00,-44,11,1,0,1,1,1,0,0,0,1,-96,0,11,2,5326009,0,44,0,384,0,"[0,0,0,0,0,0,0,0,0,0,0,0,8,10,8,9,8,8,7,9,6,8,7,7,7,6,6,6,6,6,6,5,7,5,7,3,7,3,7,2,6,2,7,1,7,1,7,0,6,-1,7,-1,7,-2,7,-2,7,-2,8,-3,8,-3,8,-3,0,0,9,-4,10,-4,10,-4,10,-4,10,-3,10,-3,11,-3,10,-3,11,-2,11,-2,11,-1,10,-1,10,-1,10,0,9,0,9,1,9,1,8,1,8,1,7,1,7,2,6,2,6,3,5,3,5,4,4,4,0,0,0,0,0,0,0,0,0,0,0,0,0,0,40,66,40,64,42,59,41,56,42,58,38,52,37,44,41,46,32,45,34,42,37,36,32,33,38,30,34,24,31,28,33,21,40,18,37,12,35,11,34,10,42,5,38,4,37,-1,40,-4,39,-5,44,-9,40,-8,44,-14,47,-14,45,-15,46,-17,50,-17,49,-18,52,-19,57,-21,56,-13,60,-18,60,-14,60,-12,58,-8,60,-6,60,-1,59,-5,52,-2,53,1,56,3,50,5,50,6,48,7,42,12,45,11,41,14,41,13,34,18,33,24,29,23,23,23,0,0,0,0,0,0,0,0,0,0,0,0,0,0,0,0,0,0,0,0,0,0,-49,-23,-49,-28,-45,-32,-45,-35,-40,-38,-35,-37,-37,-38,-31,-39,-34,-37,-31,-37,-27,-38,-26,-36,-32,-34,-25,-33,-23,-28,-22,-29,-26,-28,-23,-28,-23,-21,-27,-18,-24,-16,-30,-14,-27,-13,-32,-11,-31,-12,-31,-6,-31,-7,-36,-2,-37,-1,-40,3,-37,3,-44,7,-42,9,-38,12,-45,13,-45,14,-45,17,-46,22,-47,22,-49,26,-49,26,-48,34,-53,30,-55,37,-50,34,-49,35,-54,41,-57,48,-53,47,-64,53,-64,51,-61,51,-66,52,-65,49,-71,54,-67,53,-68,48,0,0]"
CSI_DATA,375,1a:00:00:00:00:00,-44,11,1,0,1,1,1,0,0,0,1,-96,0,11,2,5334860,0,44,0,384,0,"[0,0,0,0,0,0,0,0,0,0,0,0,9,-10,8,-9,8,-10,7,-9,7,-9,6,-8,6,-9,5,-8,4,-8,4,-8,4,-8,2,-8,2,-8,1,-8,1,-7,0,-8,0,-8,-1,-8,-1,-7,-2,-8,-2,-8,-3,-8,-3,-8,-4,-9,-4,-9,-4,-9,0,0,-5,-9,-4,-10,-5,-10,-5,-10,-4,-10,-4,-11,-4,-11,-4,-11,-4,-11,-3,-11,-2,-11,-2,-11,-1,-10,-1,-11,0,-11,0,-10,0,-10,0,-9,1,-9,1,-9,2,-8,2,-7,2,-7,3,-6,3,-6,4,-5,0,0,0,0,0,0,0,0,0,0,0,0,0,0,49,-58,45,-60,43,-58,42,-53,37,-58,35,-49,36,-51,34,-53,32,-47,26,-49,20,-45,20,-44,14,-47,15,-42,13,-43,9,-43,3,-40,0,-39,2,-32,-5,-38,-9,-39,-10,-40,-12,-34,-16,-38,-16,-35,-21,-35,-21,-39,-28,-38,-29,-44,-29,-40,-27,-39,-36,-44,-30,-44,-33,-43,-36,-46,-30,-50,-33,-50,-32,-48,-30,-51,-31,-52,-29,-49,-23,-59,-16,-52,-18,-51,-15,-52,-18,-51,-11,-48,-9,-46,-10,-46,-5,-45,-6,-42,-1,-43,0,-42,8,-39,6,-37,12,-32,15,-30,0,0,0,0,0,0,0,0,0,0,0,0,0,0,0,0,0,0,0,0,0,0,-10,54,-14,49,-15,52,-21,52,-27,47,-23,42,-23,40,-24,39,-24,41,-28,37,-26,33,-25,33,-25,36,-25,35,-19,31,-18,29,-14,34,-15,29,-15,29,-13,32,-14,27,-8,29,-3,30,-3,31,1,33,8,31,4,30,6,29,8,34,12,29,15,35,19,34,18,37,21,32,29,36,26,33,33,36,33,37,34,34,38,34,38,35,52,36,49,36,49,36,47,34,59,33,54,35,61,35,58,35,63,39,63,42,68,44,64,42,70,45,72,52,68,45,71,50,0,0]"
CSI_DATA,376,1a:00:00:00:00:00,-44,11,1,0,1,1,1,0,0,0,1,-96,0,11,2,5345040,0,44,0,384,0,"[0,0,0,0,0,0,0,0,0,0,0,0,6,11,6,11,6,10,6,10,6,9,5,8,6,8,6,7,6,6,5,6,6,5,6,5,6,5,6,3,6,3,6,2,7,2,7,1,7,0,7,0,7,0,7,-1,8,-1,8,-1,8,-2,9,-2,0,0,10,-3,10,-2,10,-2,10,-3,10,-2,11,-2,11,-2,11,-2,11,-1,11,-1,11,0,10,0,10,1,10,1,9,2,9,2,9,2,8,2,8,2,7,2,7,3,6,3,6,4,5,4,4,5,3,4,0,0,0,0,0,0,0,0,0,0,0,0,0,0,20,79,18,75,23,71,16,62,19,71,20,61,20,60,20,56,20,50,21,52,19,48,19,43,21,46,26,36,22,39,29,34,34,31,29,25,29,27,31,21,39,18,33,17,36,11,38,14,37,10,42,14,41,9,45,-2,47,5,52,1,50,4,54,2,54,2,52,6,54,4,57,5,59,7,60,7,62,12,59,15,53,15,55,12,53,18,56,18,48,23,49,25,46,26,41,25,43,22,37,26,31,28,31,29,26,28,24,29,22,32,18,32,13,33,0,0,0,0,0,0,0,0,0,0,0,0,0,0,0,0,0,0,0,0,0,0,-45,-34,-38,-41,-33,-42,-33,-46,-27,-44,-27,-45,-23,-44,-20,-45,-21,-45,-20,-43,-20,-43,-17,-37,-21,-40,-20,-36,-16,-35,-15,-36,-20,-36,-16,-30,-20,-22,-20,-26,-19,-23,-22,-23,-20,-21,-26,-18,-28,-19,-29,-14,-35,-12,-32,-14,-34,-10,-36,-6,-33,-7,-45,-4,-41,-2,-44,0,-45,1,-45,4,-44,6,-49,6,-53,14,-55,15,-55,13,-60,16,-64,17,-60,18,-56,19,-63,18,-66,22,-67,24,-71,27,-72,29,-73,30,-77,33,-84,27,-76,27,-81,35,-84,33,-79,32,0,0]"
CSI_DATA,377,1a:00:00:00:00:00,-44,11,1,0,1,1,1,0,0,0,1,-96,0,11,2,5354768,0,44,0,384,0,"[0,0,0,0,0,0,0,0,0,0,0,0,0,13,0,12,1,12,1,11,1,10,1,10,2,10,2,9,2,8,2,8,2,7,3,7,4,7,4,6,4,5,5,5,5,4,5,4,5,3,6,3,6,3,7,3,7,3,8,2,8,3,8,2,0,0,9,2,10,3,10,2,10,2,9,3,10,3,10,3,10,4,10,4,9,5,9,5,8,5,8,6,7,6,7,6,7,6,7,6,6,5,5,6,5,5,4,6,3,6,3,6,2,6,1,6,1,5,0,0,0,0,0,0,0,0,0,0,0,0,0,0,-17,73,-17,77,-7,76,-13,69,-9,71,-11,67,-6,61,-6,60,-2,54,-1,52,-2,49,3,50,6,47,3,39,6,42,12,40,20,38,19,35,16,34,21,33,25,33,25,27,28,25,29,26,31,25,36,25,37,24,45,19,43,21,46,20,48,21,49,23,47,26,51,25,50,22,51,28,51,27,53,28,44,32,48,37,46,34,43,32,45,36,41,38,37,38,39,37,34,42,34,42,28,39,28,39,23,41,24,38,16,37,13,34,7,35,8,37,3,36,0,0,0,0,0,0,0,0,0,0,0,0,0,0,0,0,0,0,0,0,0,0,-26,-51,-16,-54,-11,-55,-6,-52,-5,-52,-5,-50,1,-51,2,-48,1,-48,-1,-45,5,-44,-3,-44,0,-44,3,-43,4,-38,-2,-36,-4,-38,-2,-34,-6,-29,-2,-32,-5,-33,-11,-28,-12,-27,-13,-24,-20,-26,-23,-25,-24,-28,-26,-26,-25,-22,-34,-27,-31,-23,-36,-23,-34,-22,-42,-18,-44,-15,-44,-18,-44,-14,-50,-16,-52,-12,-53,-10,-56,-9,-62,-10,-61,-11,-63,-5,-65,-8,-73,-5,-70,-6,-71,-6,-75,-5,-77,-2,-78,2,-83,0,-84,-5,-80,-6,-90,-6,-89,-7,-84,-15,0,0]"
CSI_DATA,378,1a:00:00:00:00:00,-44,11,1,0,1,1,1,0,0,0,1,-96,0,11,2,5365300,0,44,0,384,0,"[0,0,0,0,0,0,0,0,0,0,0,0,-5,12,-4,12,-3,11,-4,11,-3,11,-3,10,-2,10,-2,9,-1,9,-1,8,-1,8,0,8,0,7,1,7,1,7,2,7,3,6,3,6,4,6,4,6,5,5,5,5,5,5,6,5,7,6,7,6,0,0,8,6,8,6,8,7,8,7,8,7,8,7,8,7,7,8,7,8,6,8,6,8,5,8,5,8,4,8,4,8,4,8,3,8,3,8,2,7,2,8,1,7,1,7,0,7,-1,7,-2,6,-2,5,0,0,0,0,0,0,0,0,0,0,0,0,0,0,-26,73,-28,73,-21,76,-18,66,-22,67,-19,64,-18,59,-17,60,-17,54,-11,55,-7,54,-6,50,-2,47,-1,40,1,43,8,45,6,38,9,36,11,40,15,38,17,35,12,35,23,27,26,29,25,28,31,31,32,29,37,28,34,28,37,32,40,32,41,35,39,38,44,34,46,33,40,39,40,39,44,44,42,43,43,44,39,44,35,48,32,47,28,45,28,48,27,46,24,46,24,47,18,41,17,39,11,43,8,42,4,37,1,36,-2,35,-3,38,-7,31,0,0,0,0,0,0,0,0,0,0,0,0,0,0,0,0,0,0,0,0,0,0,-21,-52,-12,-53,-12,-55,-5,-56,-1,-53,3,-51,0,-52,4,-47,0,-48,7,-48,5,-47,3,-42,7,-45,6,-41,8,-39,1,-37,0,-37,3,-35,2,-33,-3,-31,-4,-31,-9,-31,-9,-28,-10,-25,-14,-27,-20,-25,-19,-27,-21,-27,-22,-27,-26,-25,-28,-25,-35,-26,-32,-24,-37,-23,-36,-25,-44,-20,-42,-23,-47,-24,-50,-18,-54,-23,-50,-20,-59,-17,-59,-15,-63,-17,-65,-17,-63,-14,-67,-15,-70,-11,-71,-17,-74,-13,-76,-11,-81,-14,-85,-19,-81,-14,-86,-17,-88,-18,-85,-23,0,0]"
CSI_DATA,379,1a:00:00:00:00:00,-44,11,1,0,1,1,1,0,0,0,1,-96,0,11,2,5374801,0,44,0,384,0,"[0,0,0,0,0,0,0,0,0,0,0,0,1,12,1,11,2,11,2,11,2,10,1,10,2,9,2,8,3,8,3,7,3,7,4,6,3,6,4,5,4,5,5,4,5,4,5,4,6,3,6,2,6,2,7,2,7,2,8,2,8,2,8,1,0,0,9,1,9,1,10,2,10,1,10,2,10,2,10,2,9,3,10,3,9,3,9,4,8,4,8,4,8,4,7,5,7,5,6,5,6,5,6,5,5,5,5,5,4,5,3,5,2,5,2,5,1,5,0,0,0,0,0,0,0,0,0,0,0,0,0,0,-6,76,-9,78,-1,71,-6,70,-3,70,-1,63,1,62,0,60,4,57,6,55,5,54,9,52,8,52,12,45,10,44,18,37,18,35,19,31,20,32,23,31,25,30,23,27,32,19,33,22,31,24,34,21,40,21,42,19,42,15,51,18,46,19,49,20,51,20,51,18,53,18,51,27,51,22,55,26,50,28,52,30,49,31,49,34,44,36,44,33,43,35,42,38,34,37,37,37,28,38,27,36,26,37,25,37,19,35,17,36,12,35,11,35,2,35,0,0,0,0,0,0,0,0,0,0,0,0,0,0,0,0,0,0,0,0,0,0,-32,-47,-24,-47,-23,-51,-18,-51,-14,-51,-8,-47,-9,-48,-7,-46,-6,-55,-2,-47,-3,-49,-6,-42,-5,-45,-6,-41,-3,-38,-8,-38,-3,-40,-6,-37,-8,-30,-16,-32,-8,-28,-14,-26,-14,-28,-18,-21,-23,-28,-26,-25,-27,-25,-29,-19,-27,-23,-35,-17,-36,-19,-40,-13,-39,-14,-40,-11,-46,-16,-47,-12,-45,-10,-55,-10,-52,-7,-58,-6,-56,-3,-62,-3,-60,-4,-63,1,-60,2,-65,-2,-70,-2,-74,7,-76,2,-81,9,-76,7,-79,11,-83,3,-84,5,-87,3,-86,3,-89,-1,0,0]"
CSI_DATA,380,1a:00:00:00:00:00,-44,11,1,0,1,1,1,0,0,0,1,-96,0,11,2,5384776,0,44,0,384,0,"[0,0,0,0,0,0,0,0,0,0,0,0,-13,-2,-12,-2,-12,-2,-12,-2,-11,-2,-10,-1,-10,-1,-10,0,-9,0,-8,1,-8,0,-8,2,-8,2,-7,2,-7,2,-6,3,-6,3,-6,4,-5,4,-5,5,-5,5,-5,5,-5,6,-5,7,-5,7,-5,8,0,0,-5,8,-5,8,-6,9,-5,8,-6,9,-6,9,-6,9,-6,8,-7,8,-7,8,-7,7,-8,7,-8,7,-7,6,-7,5,-8,5,-8,5,-8,4,-8,4,-7,4,-7,3,-7,2,-7,2,-7,1,-7,0,-6,0,0,0,0,0,0,0,0,0,0,0,0,0,0,0,-71,-36,-70,-36,-72,-32,-67,-27,-61,-31,-57,-29,-61,-25,-62,-22,-53,-18,-50,-17,-52,-12,-48,-11,-50,-10,-45,-8,-43,-10,-44,2,-42,-4,-39,6,-41,6,-35,10,-34,17,-35,12,-32,19,-34,21,-38,22,-36,25,-33,26,-33,32,-41,31,-37,39,-31,37,-36,41,-36,36,-39,43,-39,41,-44,39,-42,43,-44,41,-48,39,-47,33,-50,35,-50,28,-54,27,-52,27,-48,25,-51,22,-49,17,-52,18,-46,13,-49,12,-44,10,-41,9,-43,7,-42,3,-38,-4,-34,-10,-29,-9,0,0,0,0,0,0,0,0,0,0,0,0,0,0,0,0,0,0,0,0,0,0,54,-7,54,-1,52,0,56,3,50,7,50,14,49,7,45,13,47,18,44,13,40,19,38,16,42,10,40,13,38,12,32,9,34,9,33,7,33,5,30,-1,28,-3,31,-4,31,-8,31,-6,33,-10,29,-13,26,-10,27,-19,31,-17,31,-25,26,-22,31,-32,29,-32,25,-32,30,-35,27,-41,25,-38,24,-44,29,-41,26,-51,28,-49,27,-54,23,-53,25,-60,23,-54,13,-65,23,-67,20,-67,20,-75,25,-69,27,-76,26,-76,27,-79,29,-77,34,-84,28,-82,38,-82,0,0]"
CSI_DATA,381,1a:00:00:00:00:00,-44,11,1,0,1,1,1,0,0,0,1,-96,0,11,2,5404882,0,44,0,384,0,"[0,0,0,0,0,0,0,0,0,0,0,0,9,-9,9,-9,8,-9,8,-9,7,-8,7,-8,6,-8,5,-8,5,-8,4,-7,4,-8,3,-8,3,-7,2,-8,2,-8,1,-8,0,-8,0,-7,-1,-7,-1,-8,-2,-8,-2,-8,-2,-8,-3,-9,-3,-9,-3,-9,0,0,-4,-10,-4,-10,-4,-11,-4,-11,-3,-11,-3,-11,-3,-11,-3,-11,-2,-12,-2,-11,-1,-11,0,-11,0,-11,0,-11,1,-10,1,-10,1,-9,1,-9,1,-9,2,-8,3,-8,3,-7,3,-7,4,-6,4,-5,4,-4,0,0,0,0,0,0,0,0,0,0,0,0,0,0,76,-26,76,-21,68,-27,63,-27,66,-28,60,-26,60,-24,56,-20,58,-27,48,-23,42,-27,39,-28,39,-31,36,-26,36,-24,30,-33,32,-30,26,-32,23,-29,20,-36,17,-40,17,-37,11,-33,7,-41,6,-38,7,-44,5,-45,0,-48,6,-48,-2,-52,1,-50,-4,-52,-1,-57,-5,-58,-3,-56,1,-57,1,-59,0,-60,7,-62,6,-60,8,-58,12,-59,15,-50,13,-57,14,-51,21,-52,18,-49,20,-47,19,-39,19,-38,21,-35,21,-36,27,-34,31,-30,27,-28,28,-21,28,-15,0,0,0,0,0,0,0,0,0,0,0,0,0,0,0,0,0,0,0,0,0,0,-37,41,-39,38,-40,34,-44,30,-43,27,-41,24,-45,25,-42,20,-43,21,-42,17,-42,17,-41,13,-38,19,-37,16,-35,15,-32,15,-33,19,-30,18,-24,19,-27,18,-24,22,-20,25,-22,23,-19,24,-19,26,-13,32,-15,26,-9,31,-9,36,-6,33,-6,40,-4,39,-3,40,0,41,2,43,6,43,4,48,15,48,9,49,13,55,17,53,22,59,14,53,24,62,22,56,30,61,30,62,32,62,37,66,35,76,29,70,36,72,30,76,31,75,31,83,33,80,33,83,0,0]"
CSI_DATA,382,1a:00:00:00:00:00,-44,11,1,0,1,1,1,0,0,0,1,-96,0,11,2,5414763,0,44,0,384,0,"[0,0,0,0,0,0,0,0,0,0,0,0,-4,-13,-4,-13,-5,-12,-4,-12,-4,-11,-4,-10,-4,-10,-5,-9,-4,-9,-5,-8,-5,-8,-5,-7,-5,-7,-6,-6,-6,-6,-6,-5,-7,-4,-6,-5,-7,-4,-8,-4,-7,-3,-8,-3,-8,-3,-9,-2,-9,-2,-9,-2,0,0,-10,-2,-11,-2,-11,-3,-11,-3,-11,-3,-11,-3,-11,-4,-11,-4,-11,-4,-11,-5,-10,-6,-10,-6,-9,-6,-9,-6,-8,-6,-8,-7,-7,-7,-7,-6,-6,-7,-6,-7,-5,-7,-5,-7,-4,-7,-3,-7,-3,-7,-1,-6,0,0,0,0,0,0,0,0,0,0,0,0,0,0,-12,-79,-9,-78,-16,-72,-14,-75,-14,-71,-15,-64,-15,-63,-15,-59,-18,-57,-14,-53,-17,-54,-17,-51,-16,-44,-21,-43,-18,-42,-24,-35,-26,-35,-26,-30,-24,-27,-30,-26,-33,-23,-34,-26,-35,-15,-38,-17,-37,-13,-37,-13,-45,-17,-46,-10,-47,-9,-51,-9,-49,-10,-52,-7,-51,-8,-58,-12,-57,-15,-58,-14,-61,-17,-57,-17,-60,-19,-54,-24,-55,-24,-54,-26,-52,-28,-50,-29,-47,-29,-45,-31,-41,-30,-42,-32,-34,-32,-35,-33,-34,-31,-30,-33,-26,-30,-21,-32,-20,-34,-12,-37,-11,-32,0,0,0,0,0,0,0,0,0,0,0,0,0,0,0,0,0,0,0,0,0,0,42,39,32,41,29,45,24,45,23,48,19,50,16,45,15,47,17,46,12,47,13,41,13,45,20,41,10,35,9,32,12,37,16,31,13,32,16,29,14,27,16,23,18,22,22,20,24,19,25,19,28,15,24,17,29,17,32,15,37,9,36,9,40,5,41,7,42,7,49,6,45,4,51,-2,53,-1,51,-5,58,-10,55,-5,60,-8,61,-8,63,-15,62,-12,67,-18,67,-21,69,-22,68,-21,76,-23,75,-20,76,-21,78,-19,80,-20,84,-24,81,-22,88,-17,0,0]"
CSI_DATA,383,1a:00:00:00:00:00,-44,11,1,0,1,1,1,0,0,0,1,-96,0,11,2,5424783,0,44,0,384,0,"[0,0,0,0,0,0,0,0,0,0,0,0,5,11,5,11,5,10,5,10,5,9,4,9,5,8,5,7,5,7,5,6,5,6,5,5,5,5,5,4,5,4,6,3,6,2,6,2,7,1,7,1,7,1,7,0,7,0,8,0,9,-1,9,-1,0,0,9,-1,10,-1,10,-1,10,-1,10,0,11,0,11,0,11,0,10,1,10,1,10,2,10,2,9,3,9,3,9,3,9,3,8,4,7,3,7,4,6,4,6,5,5,4,5,5,4,5,3,5,3,5,0,0,0,0,0,0,0,0,0,0,0,0,0,0,32,75,32,70,36,65,30,60,31,63,30,59,26,53,27,56,29,51,30,47,32,42,28,39,30,47,29,34,28,36,30,27,35,24,31,22,32,18,30,17,38,13,30,11,36,7,37,8,38,4,43,4,41,-3,43,-1,47,-3,49,-6,47,-4,54,-2,51,-3,55,-6,51,-3,61,-1,60,-2,59,0,58,4,55,7,52,8,59,10,55,10,58,10,51,15,49,16,49,22,48,18,42,20,37,23,39,26,35,25,30,25,29,26,24,26,21,28,20,29,0,0,0,0,0,0,0,0,0,0,0,0,0,0,0,0,0,0,0,0,0,0,-51,-22,-44,-29,-44,-32,-43,-36,-38,-37,-34,-37,-33,-38,-26,-38,-31,-37,-28,-37,-25,-36,-27,-34,-26,-34,-25,-32,-20,-31,-20,-29,-25,-26,-18,-24,-23,-24,-23,-17,-25,-19,-29,-18,-28,-13,-28,-14,-31,-9,-36,-7,-34,-9,-35,-2,-37,-5,-37,-1,-36,2,-44,2,-41,5,-43,9,-46,7,-44,10,-45,13,-49,16,-48,19,-49,26,-54,22,-51,30,-57,28,-57,32,-57,31,-63,37,-57,35,-60,39,-62,37,-66,43,-66,40,-67,44,-75,44,-71,43,-78,42,-83,48,-75,43,0,0]"
CSI_DATA,384,1a:00:00:00:00:00,-44,11,1,0,1,1,1,0,0,0,1,-96,0,11,2,5435271,0,44,0,384,0,"[0,0,0,0,0,0,0,0,0,0,0,0,12,2,11,2,12,1,11,1,10,1,9,1,9,0,9,0,8,0,8,-1,8,-1,7,-2,7,-2,6,-3,6,-3,6,-3,6,-4,5,-4,5,-5,5,-5,5,-5,5,-6,5,-6,4,-7,5,-7,5,-8,0,0,5,-8,6,-9,6,-9,5,-9,6,-8,7,-9,7,-8,7,-8,7,-8,7,-7,7,-8,8,-7,8,-6,8,-6,8,-5,8,-5,8,-4,7,-4,7,-3,7,-3,7,-2,6,-2,6,-1,6,-1,6,0,5,1,0,0,0,0,0,0,0,0,0,0,0,0,0,0,70,43,67,44,68,36,57,35,63,35,56,29,55,29,58,30,52,24,48,20,50,19,46,14,48,15,44,14,43,10,41,5,48,1,39,-1,35,-6,36,-6,38,-9,37,-13,34,-17,39,-20,34,-21,36,-19,33,-23,38,-26,35,-31,37,-35,41,-32,43,-32,40,-32,45,-35,41,-37,45,-32,48,-35,49,-33,52,-31,51,-26,51,-27,52,-25,55,-24,56,-20,54,-19,51,-16,48,-7,49,-11,44,-5,46,-1,46,1,43,-1,42,1,36,3,40,8,35,14,29,14,0,0,0,0,0,0,0,0,0,0,0,0,0,0,0,0,0,0,0,0,0,0,-55,7,-55,1,-54,0,-56,-5,-52,-8,-51,-10,-48,-10,-46,-12,-46,-14,-41,-11,-42,-14,-43,-11,-42,-7,-41,-11,-38,-10,-34,-10,-35,-8,-33,-7,-32,-5,-32,2,-34,0,-34,1,-30,6,-32,11,-33,8,-30,13,-31,13,-31,19,-32,18,-30,24,-30,24,-34,32,-34,31,-32,34,-31,34,-29,35,-26,37,-33,39,-27,42,-31,49,-33,51,-29,52,-33,51,-28,58,-27,56,-24,64,-26,64,-25,63,-27,69,-30,72,-33,73,-31,76,-35,78,-31,72,-36,79,-32,82,-41,76,0,0]"
CSI_DATA,385,1a:00:00:00:00:00,-44,11,1,0,1,1,1,0,0,0,1,-96,0,11,2,5445093,0,44,0,384,0,"[0,0,0,0,0,0,0,0,0,0,0,0,-11,-8,-11,-7,-11,-6,-11,-6,-10,-6,-9,-5,-9,-4,-9,-4,-9,-4,-8,-3,-9,-3,-8,-2,-8,-2,-8,-1,-7,-1,-8,0,-7,1,-7,1,-7,1,-7,2,-7,2,-7,3,-7,3,-8,4,-8,4,-8,5,0,0,-8,5,-9,5,-9,5,-9,5,-9,5,-9,5,-10,5,-10,4,-10,5,-10,4,-10,3,-10,2,-10,2,-10,2,-10,1,-10,1,-9,0,-9,0,-8,0,-8,0,-8,-1,-8,-1,-8,-2,-7,-3,-6,-3,-6,-3,0,0,0,0,0,0,0,0,0,0,0,0,0,0,-62,-54,-60,-50,-64,-47,-55,-48,-54,-45,-51,-40,-51,-38,-54,-35,-48,-29,-47,-33,-46,-26,-44,-25,-47,-21,-41,-14,-42,-18,-46,-11,-42,-6,-40,-6,-40,-3,-39,-1,-40,4,-37,4,-36,9,-38,11,-40,10,-41,17,-39,17,-44,23,-40,24,-43,27,-42,27,-49,29,-47,24,-53,33,-46,27,-55,22,-51,27,-48,24,-56,25,-56,19,-54,18,-56,14,-58,14,-59,12,-55,6,-55,5,-54,2,-52,-3,-48,-1,-43,-4,-46,-7,-40,-6,-39,-9,-42,-13,-37,-14,-34,-17,-27,-21,0,0,0,0,0,0,0,0,0,0,0,0,0,0,0,0,0,0,0,0,0,0,53,-7,50,1,52,6,54,10,49,14,49,15,42,12,46,14,47,17,43,16,42,17,38,13,42,15,39,14,33,12,32,13,37,12,30,8,33,5,30,4,29,1,33,0,30,-1,31,-2,33,-8,32,-10,31,-14,32,-9,31,-17,33,-20,31,-21,38,-22,34,-28,34,-30,34,-29,33,-31,33,-34,33,-38,33,-44,34,-48,37,-45,33,-50,41,-52,36,-57,32,-52,32,-60,36,-62,31,-63,31,-64,32,-70,38,-69,35,-77,43,-72,40,-72,45,-80,45,-80,44,-73,0,0]"
CSI_DATA,386,1a:00:00:00:00:00,-44,11,1,0,1,1,1,0,0,0,1,-96,0,11,2,5464763,0,44,0,384,0,"[0,0,0,0,0,0,0,0,0,0,0,0,3,-13,3,-13,2,-12,2,-12,2,-11,2,-10,1,-10,1,-10,1,-10,0,-9,0,-9,-1,-8,-1,-8,-2,-8,-2,-7,-3,-8,-3,-7,-3,-7,-4,-7,-4,-7,-5,-7,-5,-6,-6,-6,-6,-6,-7,-7,-7,-7,0,0,-8,-7,-8,-8,-9,-7,-8,-8,-8,-8,-8,-8,-8,-8,-7,-8,-7,-8,-7,-9,-6,-9,-5,-9,-5,-9,-5,-9,-4,-9,-4,-9,-3,-9,-3,-9,-2,-8,-2,-8,-2,-8,-1,-7,0,-7,0,-7,1,-7,1,-6,0,0,0,0,0,0,0,0,0,0,0,0,0,0,28,-74,30,-72,24,-69,20,-67,20,-73,26,-65,16,-59,19,-64,15,-55,17,-51,9,-52,8,-54,5,-53,2,-46,2,-46,-2,-46,-7,-44,-8,-40,-8,-35,-13,-40,-18,-41,-13,-35,-23,-33,-25,-31,-23,-34,-28,-32,-28,-32,-38,-31,-37,-31,-41,-33,-39,-31,-44,-38,-41,-37,-46,-35,-43,-37,-42,-41,-43,-41,-44,-44,-40,-44,-38,-45,-40,-41,-39,-48,-35,-46,-31,-51,-26,-48,-27,-48,-23,-46,-21,-43,-19,-43,-15,-45,-15,-44,-11,-43,-7,-40,-4,-37,0,-40,4,-37,7,-37,0,0,0,0,0,0,0,0,0,0,0,0,0,0,0,0,0,0,0,0,0,0,17,53,8,53,5,54,0,54,-5,50,-4,52,-4,48,-8,47,-6,50,-9,44,-10,43,-8,43,-6,39,-9,40,-9,37,-7,36,0,37,-4,39,2,31,1,32,2,30,4,33,8,29,11,29,15,26,17,27,17,28,23,28,22,26,24,26,27,22,32,30,32,28,35,24,41,28,40,23,42,20,50,23,52,24,52,22,54,23,59,20,57,17,59,19,59,19,65,19,64,22,68,18,73,18,76,18,76,17,82,16,79,20,78,19,85,27,80,21,85,19,0,0]"
CSI_DATA,387,1a:00:00:00:00:00,-44,11,1,0,1,1,1,0,0,0,1,-96,0,11,2,5474848,0,44,0,384,0,"[0,0,0,0,0,0,0,0,0,0,0,0,-10,-9,-9,-9,-10,-8,-9,-8,-9,-7,-8,-7,-8,-6,-8,-6,-8,-5,-8,-5,-8,-4,-8,-3,-8,-3,-7,-2,-7,-2,-8,-1,-7,-1,-8,0,-7,0,-8,1,-8,1,-8,2,-8,1,-8,2,-9,2,-8,2,0,0,-9,3,-10,3,-10,3,-10,3,-10,3,-10,2,-11,3,-10,2,-11,2,-11,1,-11,1,-10,0,-10,0,-9,-1,-10,-1,-10,-1,-10,-1,-8,-2,-8,-2,-8,-2,-8,-3,-7,-3,-7,-4,-6,-4,-6,-4,-4,-4,0,0,0,0,0,0,0,0,0,0,0,0,0,0,-65,-57,-61,-55,-63,-49,-56,-43,-55,-47,-48,-42,-50,-41,-53,-39,-50,-35,-47,-33,-48,-25,-45,-25,-42,-25,-44,-21,-41,-19,-41,-17,-43,-12,-44,-11,-39,-1,-38,-8,-43,-2,-37,1,-39,8,-37,8,-40,10,-40,11,-43,14,-44,15,-44,17,-47,20,-45,18,-49,22,-49,19,-50,22,-50,27,-56,24,-53,24,-55,21,-57,19,-53,20,-53,14,-57,11,-61,9,-62,5,-52,6,-53,7,-54,-2,-53,-2,-52,-6,-45,-3,-44,-8,-47,-10,-42,-7,-36,-16,-33,-14,-29,-18,-29,-23,0,0,0,0,0,0,0,0,0,0,0,0,0,0,0,0,0,0,0,0,0,0,55,-2,53,4,50,12,56,14,50,17,45,20,46,18,40,21,43,21,38,22,41,18,37,21,38,17,37,17,31,17,32,14,35,12,32,10,34,9,28,6,29,6,30,0,32,2,29,-4,30,0,30,-10,34,-8,30,-8,29,-12,37,-17,33,-20,36,-24,36,-23,36,-26,36,-30,34,-36,37,-34,41,-38,35,-36,37,-43,38,-47,36,-45,42,-48,40,-49,36,-52,40,-56,35,-54,37,-64,38,-61,44,-64,48,-64,43,-73,52,-67,46,-67,51,-71,52,-72,50,-72,0,0]"
CSI_DATA,388,1a:00:00:00:00:00,-44,11,1,0,1,1,1,0,0,0,1,-96,0,11,2,5485205,0,44,0,384,0,"[0,0,0,0,0,0,0,0,0,0,0,0,3,-13,2,-12,1,-12,2,-11,1,-11,1,-10,1,-10,0,-10,0,-10,-1,-9,-1,-9,-2,-9,-2,-8,-2,-8,-2,-7,-4,-8,-4,-7,-4,-6,-5,-6,-5,-7,-5,-6,-6,-6,-6,-6,-7,-6,-7,-6,-7,-6,0,0,-8,-6,-8,-7,-8,-6,-9,-6,-9,-7,-8,-7,-8,-7,-8,-8,-8,-8,-7,-8,-7,-8,-7,-8,-6,-8,-6,-8,-5,-8,-5,-9,-4,-8,-4,-8,-3,-8,-3,-7,-2,-8,-2,-7,-1,-7,-1,-7,0,-7,1,-6,0,0,0,0,0,0,0,0,0,0,0,0,0,0,27,-72,25,-77,20,-71,19,-70,16,-67,17,-64,16,-63,12,-61,12,-58,12,-53,11,-55,6,-50,3,-53,-1,-45,1,-45,-9,-44,-8,-44,-12,-39,-11,-38,-15,-35,-19,-39,-21,-37,-21,-30,-21,-31,-24,-34,-27,-30,-31,-31,-33,-30,-35,-30,-39,-28,-41,-27,-40,-33,-41,-34,-43,-35,-49,-31,-38,-37,-42,-43,-43,-38,-38,-45,-40,-44,-39,-47,-36,-46,-35,-46,-36,-46,-25,-47,-29,-47,-21,-46,-24,-46,-19,-41,-17,-45,-8,-43,-11,-41,-7,-39,1,-39,-3,-38,1,-35,6,-33,0,0,0,0,0,0,0,0,0,0,0,0,0,0,0,0,0,0,0,0,0,0,24,50,12,46,13,51,7,50,2,53,3,49,-3,47,-3,46,-3,46,-5,45,-5,44,-1,41,-3,43,-4,39,-5,37,2,35,3,34,3,37,4,33,3,33,5,30,11,27,13,29,13,28,13,24,21,28,21,25,24,27,23,28,28,22,27,20,32,22,31,25,36,22,40,22,42,24,43,21,49,19,47,16,54,15,53,16,60,14,56,15,63,15,62,13,60,9,66,15,68,13,67,15,78,12,75,9,79,4,84,16,81,13,84,9,80,18,83,21,0,0]"
CSI_DATA,389,1a:00:00:00:00:00,-44,11,1,0,1,1,1,0,0,0,1,-96,0,11,2,5505772,0,44,0,384,0,"[0,0,0,0,0,0,0,0,0,0,0,0,-12,6,-11,6,-11,7,-11,6,-10,6,-10,6,-9,6,-8,6,-8,6,-7,6,-7,6,-6,6,-6,6,-5,6,-4,6,-4,7,-3,6,-3,7,-2,6,-2,7,-2,7,-1,8,-1,8,0,8,-1,9,0,8,0,0,0,9,0,10,0,10,0,10,-1,10,0,10,-1,10,-1,10,-1,10,-2,10,-2,10,-3,9,-3,9,-4,9,-4,9,-4,8,-4,8,-4,7,-5,7,-4,6,-5,6,-5,5,-6,5,-6,4,-6,3,-6,2,0,0,0,0,0,0,0,0,0,0,0,0,0,0,-72,41,-68,39,-63,41,-65,36,-60,40,-57,35,-54,38,-54,35,-48,34,-47,36,-40,33,-36,33,-41,33,-34,35,-34,32,-27,35,-28,36,-19,36,-22,33,-14,33,-13,39,-9,37,-5,40,-4,38,3,40,-1,41,4,41,5,44,4,45,8,50,5,50,6,55,6,50,10,56,9,55,3,56,3,59,5,56,4,62,1,55,-1,57,-7,56,-7,56,-10,58,-14,54,-9,50,-15,51,-15,46,-15,43,-17,37,-17,42,-21,36,-22,34,-24,32,-25,26,-26,23,-28,20,0,0,0,0,0,0,0,0,0,0,0,0,0,0,0,0,0,0,0,0,0,0,18,-53,24,-48,23,-47,31,-43,31,-40,31,-39,29,-38,36,-33,34,-35,32,-32,31,-29,32,-32,30,-32,29,-29,28,-26,28,-27,22,-29,21,-26,20,-28,21,-28,16,-29,13,-30,12,-33,11,-30,4,-31,0,-39,1,-34,-2,-37,-1,-37,-8,-39,-5,-37,-7,-47,-8,-43,-13,-41,-16,-47,-19,-44,-20,-45,-23,-48,-25,-49,-27,-52,-26,-48,-28,-51,-34,-54,-38,-53,-41,-49,-39,-55,-43,-53,-46,-55,-48,-59,-50,-61,-50,-63,-52,-63,-50,-71,-49,-66,-57,-71,-56,-74,-47,-67,0,0]"
CSI_DATA,390,1a:00:00:00:00:00,-44,11,1,0,1,1,1,0,0,0,1,-96,0,11,2,5516347,0,44,0,384,0,"[0,0,0,0,0,0,0,0,0,0,0,0,-8,-12,-7,-12,-8,-11,-8,-11,-7,-10,-7,-9,-7,-9,-7,-8,-7,-8,-7,-7,-7,-7,-7,-6,-7,-5,-8,-4,-7,-4,-8,-3,-8,-3,-7,-3,-8,-2,-8,-1,-8,-1,-8,-1,-8,0,-9,1,-9,0,-10,1,0,0,-10,1,-11,1,-11,1,-11,1,-11,1,-11,0,-12,0,-11,0,-11,-1,-11,-1,-11,-2,-11,-2,-10,-2,-10,-3,-10,-3,-10,-4,-9,-4,-9,-3,-8,-4,-8,-4,-7,-5,-6,-5,-6,-5,-6,-5,-5,-5,-4,-5,0,0,0,0,0,0,0,0,0,0,0,0,0,0,-28,-76,-29,-74,-32,-67,-30,-66,-30,-65,-24,-61,-28,-56,-24,-56,-26,-53,-23,-50,-27,-44,-28,-46,-30,-44,-32,-36,-29,-33,-30,-31,-36,-29,-34,-23,-31,-22,-32,-22,-40,-20,-37,-15,-36,-9,-40,-9,-40,-7,-39,-7,-43,-7,-46,-4,-47,-2,-49,3,-50,2,-50,3,-54,0,-54,2,-57,2,-55,-2,-58,-1,-60,-1,-59,-5,-58,-7,-60,-9,-58,-16,-52,-15,-53,-15,-53,-14,-51,-20,-47,-20,-47,-19,-45,-19,-41,-21,-36,-24,-36,-23,-30,-24,-30,-30,-27,-31,-20,-30,-17,-31,0,0,0,0,0,0,0,0,0,0,0,0,0,0,0,0,0,0,0,0,0,0,50,24,41,32,42,35,37,37,30,40,29,36,29,38,26,40,27,40,26,35,23,39,22,36,23,37,21,34,19,30,21,31,23,26,19,28,23,21,23,23,25,19,23,17,27,16,26,10,24,8,33,8,34,9,36,7,40,6,40,1,38,-2,42,-3,45,-3,46,-7,48,-11,49,-8,45,-10,48,-12,47,-15,52,-19,53,-20,57,-23,57,-24,56,-28,55,-30,53,-33,57,-32,61,-38,61,-39,66,-37,67,-39,69,-39,76,-37,71,-38,79,-41,78,-39,77,-32,0,0]"
CSI_DATA,391,1a:00:00:00:00:00,-44,11,1,0,1,1,1,0,0,0,1,-96,0,11,2,5528133,0,44,0,384,0,"[0,0,0,0,0,0,0,0,0,0,0,0,10,-8,9,-8,9,-8,9,-7,8,-7,7,-7,7,-7,6,-7,6,-7,5,-7,5,-7,4,-7,4,-7,3,-7,2,-7,2,-8,1,-7,1,-7,0,-7,0,-8,0,-8,-1,-8,-1,-8,-2,-9,-2,-9,-2,-9,0,0,-2,-10,-2,-10,-2,-11,-3,-11,-2,-10,-2,-11,-2,-11,-1,-11,-1,-11,-1,-11,0,-11,1,-10,1,-10,1,-10,2,-9,2,-9,2,-9,2,-8,2,-8,2,-7,3,-7,3,-6,3,-6,4,-5,4,-5,4,-4,0,0,0,0,0,0,0,0,0,0,0,0,0,0,72,-32,74,-29,67,-37,62,-33,67,-35,59,-28,58,-33,57,-27,50,-27,49,-29,42,-30,39,-32,36,-35,35,-30,31,-31,31,-31,30,-33,24,-33,25,-30,19,-38,18,-37,16,-38,8,-37,11,-43,5,-40,7,-40,7,-45,3,-46,2,-46,-7,-52,-1,-52,0,-54,2,-51,0,-52,-2,-59,5,-56,5,-56,3,-59,5,-60,10,-56,14,-56,11,-58,15,-54,15,-54,18,-50,19,-50,23,-45,23,-48,23,-39,23,-38,26,-37,22,-36,28,-33,32,-25,29,-21,30,-20,29,-13,0,0,0,0,0,0,0,0,0,0,0,0,0,0,0,0,0,0,0,0,0,0,-18,50,-25,51,-26,45,-35,42,-32,39,-34,35,-31,36,-36,32,-37,34,-36,30,-34,28,-29,28,-32,32,-35,28,-35,27,-27,22,-25,23,-23,27,-22,26,-17,29,-18,28,-15,29,-10,25,-9,32,-9,30,-3,34,0,37,0,34,-1,33,0,37,3,36,5,42,7,42,8,42,9,46,15,44,16,46,18,48,19,49,21,52,23,52,26,51,26,54,29,54,31,51,34,53,35,56,41,58,38,58,44,63,41,66,46,70,44,71,41,67,43,75,43,76,39,75,0,0]"
CSI_DATA,392,1a:00:00:00:00:00,-44,11,1,0,1,1,1,0,0,0,1,-96,0,11,2,5544756,0,44,0,384,0,"[0,0,0,0,0,0,0,0,0,0,0,0,12,4,11,3,11,3,11,3,10,2,9,2,10,1,9,1,9,1,8,1,8,0,8,-1,7,-1,7,-1,7,-2,7,-3,6,-3,6,-3,6,-4,6,-4,6,-4,5,-5,6,-5,6,-6,6,-6,6,-7,0,0,6,-7,7,-7,7,-8,7,-8,7,-7,8,-7,8,-7,8,-6,8,-7,9,-6,9,-6,9,-5,8,-5,9,-4,8,-4,8,-3,8,-3,8,-2,7,-2,7,-1,7,-1,7,-1,7,0,6,1,5,1,5,2,0,0,0,0,0,0,0,0,0,0,0,0,0,0,80,23,72,23,75,20,70,23,68,22,61,17,63,15,63,17,59,15,56,15,51,10,52,2,48,3,48,1,43,0,42,-2,47,-3,38,-9,34,-10,36,-11,38,-16,33,-18,31,-21,29,-24,30,-23,29,-24,27,-30,28,-29,35,-32,34,-37,32,-37,34,-35,35,-35,38,-40,39,-39,42,-36,42,-41,42,-38,43,-36,45,-34,49,-29,46,-29,50,-26,44,-25,47,-19,45,-18,49,-18,44,-13,43,-15,41,-8,40,-9,39,-4,39,-4,37,2,31,8,36,11,30,14,0,0,0,0,0,0,0,0,0,0,0,0,0,0,0,0,0,0,0,0,0,0,-42,27,-48,18,-49,19,-49,13,-51,9,-47,11,-47,4,-46,8,-44,6,-47,5,-45,0,-43,3,-46,6,-39,3,-37,1,-37,5,-35,6,-34,5,-30,9,-31,5,-25,9,-27,14,-26,13,-28,19,-24,19,-29,22,-24,21,-25,27,-27,25,-22,33,-24,33,-21,34,-18,35,-21,38,-21,41,-19,44,-19,44,-17,49,-14,52,-14,56,-11,53,-15,61,-13,63,-12,60,-10,61,-6,68,-12,69,-8,71,-7,75,-13,75,-11,79,-10,77,-15,80,-12,78,-17,86,-17,82,-17,81,0,0]"
CSI_DATA,393,1a:00:00:00:00:00,-44,11,1,0,1,1,1,0,0,0,1,-96,0,11,2,5555286,0,44,0,384,0,"[0,0,0,0,0,0,0,0,0,0,0,0,11,7,10,6,10,5,9,6,9,5,8,5,9,4,8,3,8,3,8,3,8,3,8,2,7,1,7,1,7,0,7,-1,7,-1,6,-1,6,-2,7,-3,7,-2,6,-4,7,-3,7,-4,7,-4,7,-5,0,0,7,-6,8,-6,8,-6,8,-6,8,-5,9,-5,9,-6,9,-5,9,-5,9,-4,10,-3,9,-2,9,-2,9,-2,9,-2,9,-1,8,-1,8,-1,8,-1,7,0,7,0,7,1,6,2,5,2,5,3,4,3,0,0,0,0,0,0,0,0,0,0,0,0,0,0,69,41,65,42,74,39,66,33,63,31,60,35,68,27,61,30,54,23,55,22,50,18,53,20,51,15,43,13,47,11,45,6,46,4,40,-1,40,-2,38,-3,42,-11,42,-7,40,-16,39,-16,37,-15,36,-20,33,-26,39,-28,34,-25,35,-27,42,-29,41,-35,42,-27,46,-35,47,-30,49,-30,48,-30,44,-31,51,-28,47,-28,48,-28,53,-25,53,-20,53,-20,50,-17,48,-15,49,-13,45,-8,50,-8,41,-10,41,-4,43,-7,41,1,38,10,38,9,32,10,30,12,0,0,0,0,0,0,0,0,0,0,0,0,0,0,0,0,0,0,0,0,0,0,-55,6,-55,3,-54,-3,-55,-6,-53,-13,-51,-13,-46,-9,-46,-13,-49,-11,-41,-15,-42,-18,-42,-15,-40,-12,-41,-12,-35,-11,-35,-11,-39,-11,-36,-6,-35,-3,-34,-3,-30,2,-34,3,-34,4,-30,8,-30,7,-36,13,-34,16,-30,18,-35,15,-31,24,-33,21,-34,27,-35,29,-34,32,-33,30,-31,36,-33,40,-31,39,-32,45,-30,49,-33,49,-33,52,-32,52,-30,59,-30,58,-33,60,-30,60,-28,65,-27,69,-32,74,-28,77,-31,79,-35,77,-34,74,-42,77,-38,82,-43,79,0,0]"
CSI_DATA,394,1a:00:00:00:00:00,-44,11,1,0,1,1,1,0,0,0,1,-96,0,11,2,5574901,0,44,0,384,0,"[0,0,0,0,0,0,0,0,0,0,0,0,13,-1,12,-1,12,-2,12,-1,12,-2,10,-2,10,-2,9,-3,9,-3,8,-3,8,-3,8,-4,7,-4,6,-4,6,-4,6,-5,5,-6,5,-6,4,-6,5,-6,4,-7,4,-7,4,-7,4,-8,4,-8,3,-9,0,0,3,-9,4,-10,4,-10,4,-10,4,-10,5,-10,5,-10,5,-9,6,-10,6,-9,6,-9,6,-8,6,-8,6,-7,7,-7,7,-6,7,-6,7,-6,7,-5,6,-4,7,-4,6,-3,7,-3,6,-2,6,-1,5,0,0,0,0,0,0,0,0,0,0,0,0,0,0,0,39,2,40,3,39,-2,36,-1,33,-2,31,-1,32,-2,33,-3,29,-3,27,-3,26,-5,25,-5,25,-5,24,-6,21,-7,19,-7,21,-11,18,-10,16,-9,13,-13,15,-13,14,-14,13,-16,11,-17,11,-17,12,-18,11,-19,10,-21,10,-21,9,-23,8,-23,10,-24,12,-25,11,-25,9,-26,14,-26,13,-26,15,-26,16,-26,15,-24,17,-22,17,-23,18,-24,18,-23,18,-18,18,-18,19,-17,20,-16,18,-14,18,-10,18,-11,18,-11,19,-9,18,-6,19,-6,17,-4,16,-2,0,0,0,0,0,0,0,0,0,0,0,0,0,0,0,0,0,0,0,0,0,0,-20,18,-21,15,-23,15,-22,13,-23,11,-24,9,-23,6,-22,5,-25,6,-24,5,-22,5,-20,5,-22,7,-21,8,-19,4,-19,4,-17,5,-17,6,-17,6,-16,8,-14,8,-14,10,-13,10,-13,14,-11,14,-10,13,-10,15,-9,14,-8,16,-9,18,-7,18,-9,21,-7,21,-7,21,-6,23,-5,23,-3,23,-1,25,-2,26,-2,29,-1,29,0,31,0,29,2,32,3,31,2,34,4,34,4,34,5,35,4,39,5,38,6,41,5,42,6,40,5,45,6,41,1,44,0,0]"
CSI_DATA,395,1a:00:00:00:00:00,-44,11,1,0,1,1,1,0,0,0,1,-96,0,11,2,5584787,0,44,0,384,0,"[0,0,0,0,0,0,0,0,0,0,0,0,6,-12,6,-11,5,-11,5,-11,5,-10,4,-10,3,-10,3,-10,3,-9,2,-9,2,-9,1,-9,1,-8,0,-8,0,-8,-1,-8,-2,-8,-2,-7,-2,-7,-3,-7,-3,-7,-4,-8,-4,-7,-5,-7,-5,-8,-5,-8,0,0,-6,-8,-6,-9,-6,-9,-6,-9,-5,-9,-5,-9,-5,-10,-5,-9,-5,-10,-4,-10,-4,-10,-3,-10,-3,-10,-3,-9,-2,-10,-2,-9,-1,-9,-1,-9,-1,-8,-1,-8,0,-8,1,-8,1,-7,1,-6,2,-6,2,-5,0,0,0,0,0,0,0,0,0,0,0,0,0,0,47,-64,45,-60,47,-63,39,-61,37,-58,38,-58,34,-54,31,-53,33,-49,29,-52,21,-49,19,-51,18,-49,15,-48,14,-46,7,-47,7,-46,6,-40,-1,-40,-1,-39,-7,-42,-5,-38,-10,-41,-14,-39,-11,-38,-15,-36,-17,-42,-20,-39,-21,-41,-28,-43,-28,-41,-31,-49,-26,-47,-30,-48,-32,-47,-26,-50,-31,-50,-28,-52,-24,-54,-19,-52,-21,-57,-19,-59,-16,-53,-15,-55,-12,-49,-14,-54,-5,-52,-6,-50,-2,-47,-1,-46,0,-43,0,-43,4,-39,11,-37,13,-34,15,-34,19,-31,0,0,0,0,0,0,0,0,0,0,0,0,0,0,0,0,0,0,0,0,0,0,4,50,0,52,-5,52,-4,53,-14,51,-12,50,-12,47,-17,44,-17,44,-13,41,-17,43,-15,41,-17,39,-15,38,-17,40,-12,33,-6,37,-9,34,-7,33,-4,33,-3,29,0,33,0,31,4,32,4,27,10,33,12,35,15,32,17,33,21,36,21,30,24,34,27,34,29,33,28,33,35,37,34,31,40,35,38,30,46,34,48,32,50,35,52,32,52,34,54,34,69,30,60,31,65,32,65,35,69,36,70,37,72,37,75,41,72,38,75,46,76,40,74,44,0,0]"
CSI_DATA,396,1a:00:00:00:00:00,-44,11,1,0,1,1,1,0,0,0,1,-96,0,11,2,5594776,0,44,0,384,0,"[0,0,0,0,0,0,0,0,0,0,0,0,4,12,4,11,5,10,4,10,4,10,3,9,4,9,4,8,3,8,4,7,4,7,4,6,4,5,5,5,5,5,5,4,5,3,5,3,6,3,6,3,6,2,7,2,7,2,7,2,8,1,8,1,0,0,9,1,9,1,9,1,9,1,9,2,9,2,9,2,9,3,9,3,9,3,9,4,8,4,7,4,7,4,7,5,7,5,6,5,6,5,5,5,4,5,4,5,4,5,3,5,2,5,1,5,1,5,0,0,0,0,0,0,0,0,0,0,0,0,0,0,24,71,22,74,27,72,20,67,22,69,20,66,19,57,22,60,17,56,22,54,19,47,20,48,25,46,24,39,25,37,26,35,31,32,32,28,32,26,31,25,31,22,30,19,35,16,37,15,32,15,39,15,38,11,41,9,44,12,49,9,45,7,52,11,46,10,54,10,54,6,54,15,56,17,51,15,54,18,50,17,51,20,51,21,48,25,49,26,44,27,47,28,37,26,41,29,34,27,31,29,27,31,25,32,24,31,17,31,17,29,12,32,4,32,0,0,0,0,0,0,0,0,0,0,0,0,0,0,0,0,0,0,0,0,0,0,-51,-19,-45,-26,-44,-30,-42,-32,-39,-32,-37,-37,-34,-37,-30,-36,-28,-39,-27,-37,-28,-36,-30,-29,-31,-29,-28,-29,-26,-30,-24,-27,-30,-26,-21,-27,-26,-20,-25,-21,-25,-13,-30,-18,-29,-18,-28,-12,-29,-7,-30,-7,-37,-9,-39,-5,-37,-4,-40,-1,-37,-3,-43,-1,-43,4,-48,6,-48,5,-50,7,-48,11,-51,12,-50,17,-57,20,-53,22,-56,19,-60,23,-59,27,-57,26,-62,25,-64,29,-61,33,-66,28,-73,37,-70,37,-74,39,-75,33,-77,33,-84,36,-80,35,-80,33,0,0]"
CSI_DATA,397,1a:00:00:00:00:00,-44,11,1,0,1,1,1,0,0,0,1,-96,0,11,2,5604767,0,44,0,384,0,"[0,0,0,0,0,0,0,0,0,0,0,0,-13,-5,-12,-4,-12,-4,-12,-4,-11,-3,-10,-4,-10,-3,-10,-2,-10,-2,-9,-2,-9,-1,-9,-1,-8,0,-8,0,-8,0,-8,1,-7,2,-7,2,-7,2,-7,3,-7,3,-7,4,-7,4,-7,4,-7,5,-7,5,0,0,-8,6,-8,6,-8,6,-8,6,-8,5,-9,6,-9,6,-9,5,-9,5,-9,5,-10,4,-9,3,-10,3,-9,3,-9,2,-9,2,-9,2,-8,1,-8,0,-8,0,-8,-1,-8,-1,-7,-2,-7,-2,-6,-3,-5,-3,0,0,0,0,0,0,0,0,0,0,0,0,0,0,-72,-35,-71,-36,-77,-30,-61,-31,-63,-27,-66,-29,-55,-26,-62,-22,-54,-21,-59,-20,-51,-18,-51,-9,-50,-12,-44,-12,-44,-6,-45,-4,-44,-6,-41,-3,-40,5,-40,7,-42,11,-35,9,-33,17,-37,15,-36,20,-37,23,-35,20,-35,26,-39,24,-38,30,-41,30,-44,35,-38,33,-42,37,-37,29,-43,31,-44,36,-48,36,-49,30,-48,30,-47,28,-50,22,-52,22,-50,24,-45,19,-46,15,-49,11,-47,10,-44,8,-42,7,-44,7,-40,1,-36,0,-34,-2,-36,-7,-33,-11,-33,-16,0,0,0,0,0,0,0,0,0,0,0,0,0,0,0,0,0,0,0,0,0,0,52,-18,50,-10,48,-6,55,-4,51,2,48,1,45,1,46,5,50,4,42,9,44,6,41,10,43,5,37,2,39,5,35,4,35,0,33,0,33,-2,32,-3,31,-3,32,-8,26,-9,28,-17,30,-10,31,-15,29,-20,32,-19,28,-22,31,-26,26,-27,32,-36,28,-32,27,-36,26,-38,26,-40,28,-41,27,-46,29,-43,29,-53,26,-51,18,-58,19,-58,23,-62,20,-62,14,-68,21,-64,16,-69,19,-74,22,-70,20,-76,24,-82,30,-84,22,-76,29,-84,26,-87,28,-81,0,0]"
CSI_DATA,398,1a:00:00:00:00:00,-44,11,1,0,1,1,1,0,0,0,1,-96,0,11,2,5614769,0,44,0,384,0,"[0,0,0,0,0,0,0,0,0,0,0,0,12,-3,12,-3,11,-4,11,-3,10,-3,10,-3,9,-4,8,-4,8,-4,7,-4,8,-4,7,-5,6,-5,6,-5,5,-5,5,-6,5,-6,4,-6,4,-6,4,-7,3,-7,3,-7,3,-7,2,-8,2,-8,2,-9,0,0,2,-10,3,-9,3,-10,3,-10,3,-10,4,-10,4,-10,4,-10,4,-10,4,-9,5,-9,5,-9,5,-8,5,-8,5,-7,6,-7,6,-6,5,-6,6,-5,5,-5,6,-4,5,-4,6,-3,6,-2,5,-2,5,-1,0,0,0,0,0,0,0,0,0,0,0,0,0,0,86,-12,78,-12,74,-16,72,-8,71,-12,66,-7,65,-11,63,-10,57,-15,57,-13,50,-16,50,-13,48,-16,44,-16,46,-21,39,-25,38,-25,36,-26,32,-28,29,-24,32,-28,25,-28,20,-31,24,-35,17,-34,18,-35,17,-38,14,-41,15,-43,13,-44,15,-46,15,-48,18,-45,19,-48,19,-50,19,-50,23,-50,24,-49,28,-48,28,-49,29,-51,33,-45,34,-44,31,-45,34,-38,33,-37,36,-36,33,-36,33,-27,33,-27,34,-24,33,-22,31,-20,34,-16,34,-13,34,-7,32,-3,0,0,0,0,0,0,0,0,0,0,0,0,0,0,0,0,0,0,0,0,0,0,-29,44,-34,41,-38,36,-39,32,-41,31,-42,29,-42,22,-41,25,-42,21,-40,22,-40,21,-37,17,-37,23,-33,16,-32,18,-30,18,-32,22,-27,15,-24,23,-26,20,-22,23,-25,22,-21,23,-15,27,-13,29,-13,31,-12,30,-15,34,-12,34,-9,38,-6,33,-9,43,-8,43,-5,46,-6,46,-4,49,0,47,3,51,6,51,8,58,7,58,10,54,13,61,15,63,14,63,17,67,15,70,19,65,22,72,23,74,20,75,23,76,19,81,20,80,23,85,21,85,19,86,0,0]"
CSI_DATA,399,1a:00:00:00:00:00,-44,11,1,0,1,1,1,0,0,0,1,-96,0,11,2,5624784,0,44,0,384,0,"[0,0,0,0,0,0,0,0,0,0,0,0,-13,4,-12,4,-12,4,-12,3,-11,4,-11,3,-10,4,-9,4,-9,4,-8,4,-8,4,-7,4,-7,4,-7,5,-6,4,-6,6,-5,6,-5,5,-4,5,-4,6,-3,6,-3,7,-3,7,-3,8,-3,8,-2,8,0,0,-2,9,-3,9,-3,9,-3,10,-3,9,-3,9,-4,9,-4,9,-4,9,-5,9,-5,9,-5,8,-6,8,-6,7,-6,7,-6,7,-6,6,-6,6,-6,5,-6,5,-6,4,-6,3,-6,3,-7,2,-7,1,-6,0,0,0,0,0,0,0,0,0,0,0,0,0,0,0,-77,7,-78,3,-77,14,-71,8,-70,8,-66,5,-62,12,-65,11,-61,10,-59,7,-54,10,-53,12,-49,13,-46,16,-43,15,-41,20,-40,20,-37,23,-35,22,-30,23,-29,29,-27,27,-25,27,-21,32,-18,28,-24,36,-20,34,-18,43,-23,39,-20,45,-20,46,-19,51,-19,46,-20,50,-18,46,-20,53,-26,50,-25,51,-30,48,-26,47,-30,45,-34,46,-36,43,-37,42,-34,41,-35,40,-36,34,-37,31,-36,26,-38,26,-36,23,-36,22,-32,17,-30,13,-36,7,-35,8,-33,2,0,0,0,0,0,0,0,0,0,0,0,0,0,0,0,0,0,0,0,0,0,0,29,-44,35,-35,38,-35,40,-34,43,-31,41,-26,44,-21,41,-20,41,-23,42,-18,38,-16,38,-14,38,-18,38,-18,36,-15,33,-19,30,-18,29,-16,28,-20,27,-22,25,-22,25,-26,18,-25,14,-29,17,-30,14,-29,17,-28,16,-36,13,-31,11,-43,9,-37,9,-42,6,-47,6,-48,6,-50,-2,-47,2,-45,-2,-55,-1,-53,-4,-59,-5,-59,-9,-59,-12,-63,-11,-65,-13,-64,-12,-66,-14,-67,-20,-69,-18,-73,-20,-74,-23,-80,-24,-80,-17,-85,-19,-77,-22,-86,-19,-89,-13,-83,0,0]"
CSI_DATA,400,1a:00:00:00:00:00,-44,11,1,0,1,1,1,0,0,0,1,-96,0,11,2,5635651,0,44,0,384,0,"[0,0,0,0,0,0,0,0,0,0,0,0,8,10,8,10,8,9,8,10,7,9,7,8,7,7,7,6,7,6,6,5,6,6,6,5,6,4,7,3,6,3,7,3,7,2,7,1,7,1,7,0,7,0,8,-1,7,-1,8,-1,9,-1,9,-2,0,0,9,-2,10,-2,10,-2,10,-2,10,-1,10,-1,10,-1,10,-1,10,-1,10,0,10,1,9,2,9,1,9,2,8,2,9,3,8,3,7,3,7,3,7,3,6,4,5,4,5,4,4,4,3,5,2,5,0,0,0,0,0,0,0,0,0,0,0,0,0,0,40,67,37,63,44,64,38,56,39,56,35,55,32,51,39,51,34,44,32,46,35,41,29,40,36,38,33,33,29,30,32,23,35,21,40,17,33,17,32,15,37,13,35,11,37,7,38,4,40,4,42,1,41,3,42,-5,48,-6,49,-6,46,-5,50,-6,50,-6,51,-8,51,-9,54,-7,56,-9,53,-6,54,-3,57,0,54,2,58,3,53,7,53,7,48,8,49,11,47,15,44,14,40,15,38,18,39,17,38,20,32,20,24,23,27,24,22,28,18,28,0,0,0,0,0,0,0,0,0,0,0,0,0,0,0,0,0,0,0,0,0,0,-51,-15,-49,-18,-47,-21,-49,-26,-38,-28,-41,-30,-39,-28,-37,-27,-36,-28,-33,-28,-31,-31,-33,-27,-34,-26,-33,-28,-28,-25,-28,-26,-30,-21,-28,-20,-24,-14,-31,-16,-29,-16,-34,-6,-27,-8,-31,-9,-32,-6,-37,-2,-35,-3,-37,6,-36,3,-42,5,-36,7,-43,9,-40,14,-42,13,-44,15,-46,17,-46,17,-48,23,-44,25,-52,29,-51,29,-51,28,-49,31,-50,37,-50,37,-54,45,-56,42,-55,43,-55,49,-54,46,-58,51,-60,51,-71,50,-61,47,-67,53,-65,55,-65,51,0,0]"
CSI_DATA,401,1a:00:00:00:00:00,-44,11,1,0,1,1,1,0,0,0,1,-96,0,11,2,5646379,0,44,0,384,0,"[0,0,0,0,0,0,0,0,0,0,0,0,7,10,7,10,7,8,7,9,6,8,6,8,6,7,6,6,6,6,6,5,6,5,6,4,6,4,6,3,6,3,7,2,6,2,6,2,6,1,6,1,7,0,7,0,7,0,8,-1,8,-1,8,-1,0,0,9,-1,9,-1,9,-1,9,-2,10,-1,10,-1,10,-1,9,0,10,-1,10,1,10,1,9,1,9,2,8,2,8,2,8,3,7,3,7,3,6,3,6,3,5,4,5,4,4,4,4,4,3,4,2,4,0,0,0,0,0,0,0,0,0,0,0,0,0,0,33,71,41,72,40,63,31,65,38,64,32,56,33,56,32,54,32,51,28,49,32,45,27,41,29,40,30,35,28,32,34,29,34,26,36,24,31,20,38,20,38,16,40,12,36,10,36,10,37,7,43,2,41,3,46,0,44,1,50,-3,50,-2,49,-2,50,-2,52,-2,55,-1,54,3,52,0,52,3,54,9,51,10,56,8,56,13,56,12,51,12,47,14,45,17,45,19,43,17,38,25,40,17,37,25,29,27,29,26,27,25,23,26,21,23,12,26,0,0,0,0,0,0,0,0,0,0,0,0,0,0,0,0,0,0,0,0,0,0,-50,-14,-47,-19,-49,-25,-43,-29,-42,-30,-36,-31,-37,-28,-32,-31,-39,-34,-32,-33,-30,-31,-31,-31,-31,-29,-29,-30,-25,-26,-30,-24,-32,-21,-30,-26,-23,-18,-23,-17,-28,-15,-33,-12,-31,-13,-31,-9,-35,-9,-38,-5,-37,-4,-35,3,-41,1,-39,5,-40,6,-44,9,-42,7,-45,10,-48,10,-52,12,-47,15,-52,16,-46,21,-50,27,-51,26,-52,31,-53,29,-58,35,-54,36,-52,34,-56,35,-59,42,-56,44,-67,44,-64,44,-67,52,-67,44,-69,47,-72,49,-70,44,-79,48,0,0]"
CSI_DATA,402,1a:00:00:00:00:00,-44,11,1,0,1,1,1,0,0,0,1,-96,0,11,2,5666031,0,44,0,384,0,"[0,0,0,0,0,0,0,0,0,0,0,0,-1,13,0,12,0,12,-1,12,0,11,0,10,1,10,0,9,1,9,1,8,1,8,2,8,2,7,2,6,2,6,4,6,4,5,4,5,4,5,5,4,5,4,5,4,6,4,6,4,7,4,7,4,0,0,7,4,8,4,8,4,9,4,8,5,8,5,8,5,8,5,8,5,7,6,7,6,6,6,6,6,6,6,5,6,5,6,5,6,4,6,3,6,3,6,2,6,2,6,1,6,1,6,0,6,-1,5,0,0,0,0,0,0,0,0,0,0,0,0,0,0,-5,84,-10,78,4,77,-4,72,-1,71,-3,73,2,63,1,63,-3,61,-1,59,7,54,8,50,11,56,12,52,4,46,14,43,17,43,15,40,15,35,17,32,25,33,22,29,29,29,28,26,29,26,33,25,36,25,39,23,38,22,46,22,42,23,50,28,42,27,47,27,51,24,51,29,50,30,47,29,46,35,45,34,44,33,44,34,40,34,37,43,32,39,29,38,30,40,32,37,26,38,23,37,23,39,18,34,11,36,9,33,8,34,4,35,1,33,0,0,0,0,0,0,0,0,0,0,0,0,0,0,0,0,0,0,0,0,0,0,-35,-40,-31,-44,-27,-45,-24,-49,-21,-47,-17,-48,-17,-48,-17,-45,-13,-47,-14,-46,-9,-46,-16,-40,-13,-42,-13,-43,-10,-37,-10,-35,-16,-39,-10,-34,-17,-31,-15,-32,-12,-31,-23,-26,-25,-23,-24,-26,-27,-24,-30,-18,-32,-25,-39,-22,-30,-19,-39,-15,-36,-15,-39,-15,-44,-17,-44,-10,-45,-13,-52,-11,-54,-10,-56,-11,-57,-5,-57,-3,-61,-6,-63,-1,-67,-4,-66,0,-64,5,-76,6,-71,7,-75,11,-74,5,-77,7,-79,6,-85,10,-87,8,-85,7,-92,8,-95,7,-90,7,0,0]"
CSI_DATA,403,1a:00:00:00:00:00,-44,11,1,0,1,1,1,0,0,0,1,-96,0,11,2,5674985,0,44,0,384,0,"[0,0,0,0,0,0,0,0,0,0,0,0,-14,-1,-14,-1,-13,0,-13,-1,-12,0,-11,0,-11,1,-10,1,-10,1,-10,1,-9,1,-9,2,-8,2,-8,2,-7,2,-7,3,-7,4,-7,4,-6,4,-6,5,-6,5,-6,6,-5,5,-5,7,-6,7,-6,7,0,0,-5,8,-6,8,-6,8,-5,8,-6,8,-6,8,-7,8,-7,7,-7,8,-8,7,-8,7,-8,6,-8,6,-8,5,-8,5,-8,5,-8,4,-8,3,-8,3,-7,3,-7,2,-7,1,-7,1,-7,0,-7,-1,-6,-1,0,0,0,0,0,0,0,0,0,0,0,0,0,0,-85,-10,-80,-7,-78,-2,-76,-5,-74,-7,-69,-4,-68,-2,-64,-4,-62,0,-54,1,-57,2,-51,5,-53,5,-48,7,-48,6,-44,13,-45,14,-41,11,-35,16,-37,18,-34,21,-31,18,-27,27,-28,25,-30,29,-31,31,-27,30,-28,36,-30,36,-28,40,-28,37,-27,42,-31,40,-27,44,-27,44,-32,46,-33,44,-36,47,-40,41,-38,40,-34,41,-43,35,-40,36,-44,32,-44,32,-42,32,-42,25,-41,24,-39,21,-41,20,-37,14,-39,15,-39,11,-35,7,-34,0,-33,-2,-33,-2,0,0,0,0,0,0,0,0,0,0,0,0,0,0,0,0,0,0,0,0,0,0,37,-40,42,-33,42,-31,44,-25,46,-22,40,-19,44,-20,45,-17,46,-17,41,-16,40,-15,39,-14,38,-15,38,-15,37,-13,36,-12,34,-15,33,-13,29,-16,28,-17,24,-20,23,-23,25,-25,19,-28,21,-26,19,-29,20,-29,19,-31,16,-34,14,-37,17,-37,12,-44,13,-43,12,-45,14,-49,9,-49,7,-53,7,-55,4,-51,3,-60,2,-55,-3,-62,-1,-61,-1,-64,-5,-63,-11,-68,-12,-71,-6,-69,-9,-73,-9,-81,-7,-81,-8,-82,-4,-84,-10,-83,-7,-95,-8,-86,-2,-89,0,0]"
CSI_DATA,404,1a:00:00:00:00:00,-44,11,1,0,1,1,1,0,0,0,1,-96,0,11,2,5685020,0,44,0,384,0,"[0,0,0,0,0,0,0,0,0,0,0,0,11,7,11,6,10,5,10,5,9,5,9,5,9,4,8,3,8,3,8,2,8,2,8,1,7,1,7,0,7,0,7,0,7,-1,6,-1,7,-2,7,-2,6,-2,7,-3,7,-3,7,-4,7,-5,7,-5,0,0,7,-5,8,-5,8,-5,8,-6,8,-5,9,-5,9,-5,9,-5,9,-4,9,-4,9,-3,9,-3,9,-3,9,-2,8,-1,8,-1,8,-1,7,-1,7,0,7,0,7,1,6,1,6,1,5,2,5,3,4,3,0,0,0,0,0,0,0,0,0,0,0,0,0,0,53,61,49,58,56,58,47,60,45,51,45,51,47,50,44,49,40,42,41,42,38,35,37,34,41,32,40,28,40,23,41,21,41,19,34,14,39,13,39,9,42,9,36,8,38,0,39,0,40,-3,42,0,43,-6,46,-14,46,-12,47,-13,45,-14,49,-9,46,-11,56,-14,48,-13,54,-8,54,-6,57,-9,54,-3,58,-1,51,-4,52,-1,55,-2,53,1,53,7,48,10,48,16,47,13,42,14,40,16,39,17,36,20,36,20,31,23,28,24,24,24,18,25,0,0,0,0,0,0,0,0,0,0,0,0,0,0,0,0,0,0,0,0,0,0,-60,3,-55,-6,-49,-12,-53,-14,-48,-16,-47,-17,-41,-19,-47,-18,-44,-25,-39,-16,-37,-20,-39,-17,-41,-18,-37,-15,-32,-19,-33,-18,-36,-17,-33,-11,-31,-8,-31,-8,-31,-5,-33,-4,-31,-1,-35,-1,-34,2,-36,4,-35,9,-38,12,-37,11,-39,13,-36,14,-40,20,-42,20,-38,23,-46,23,-48,26,-38,27,-44,33,-41,37,-42,39,-44,38,-43,44,-44,45,-47,43,-43,47,-41,55,-48,52,-46,52,-47,55,-47,58,-51,60,-47,67,-60,65,-55,60,-57,65,-58,64,-63,62,0,0]"
