type,id,mac,rssi,rate,sig_mode,mcs,bandwidth,smoothing,not_sounding,aggregation,stbc,fec_coding,sgi,noise_floor,ampdu_cnt,channel,secondary_channel,local_timestamp,ant,sig_len,rx_state,len,first_word,data
CSI_DATA,11,1a:00:00:00:00:00,-47,11,1,0,1,1,1,0,0,0,1,-96,0,11,2,430344,0,44,0,384,0,"[0,0,0,0,0,0,0,0,0,0,0,0,8,6,8,5,8,5,7,5,7,5,6,4,6,4,6,3,5,3,5,3,5,2,4,2,4,1,4,1,3,1,3,0,3,0,3,0,2,-1,2,-1,2,-1,1,-2,1,-2,1,-2,1,-2,0,-3,0,0,-1,-3,-1,-3,-1,-4,-1,-4,-1,-4,-2,-4,-1,-5,-2,-5,-2,-5,-2,-6,-2,-6,-2,-6,-2,-6,-2,-6,-2,-7,-1,-7,-2,-7,-1,-7,-1,-7,-1,-7,0,-7,0,-7,0,-7,0,-7,1,-7,2,-6,0,0,0,0,0,0,0,0,0,0,0,0,0,0,54,41,54,44,52,42,51,42,46,38,46,35,42,34,39,36,36,32,37,30,35,21,29,23,32,19,31,19,25,19,26,10,26,11,19,9,20,3,19,7,20,7,15,3,14,-1,13,-1,12,-6,11,-6,6,-7,8,-12,6,-12,7,-11,1,-10,1,-17,1,-19,-3,-16,-5,-22,-5,-23,-6,-24,-7,-28,-8,-28,-9,-25,-8,-26,-6,-30,-3,-33,-3,-36,-4,-33,-5,-37,0,-33,-2,-37,-3,-35,-3,-34,0,-38,1,-38,4,-37,4,-34,6,-37,13,-39,12,-34,0,0,0,0,0,0,0,0,0,0,0,0,0,0,0,0,0,0,0,0,0,0,-23,31,-28,31,-33,28,-33,32,-36,30,-37,31,-40,29,-43,31,-44,31,-50,33,-52,26,-52,27,-55,30,-58,25,-61,27,-59,25,-65,27,-62,24,-70,24,-66,24,-69,22,-69,23,-72,24,-70,18,-70,12,-73,19,-69,19,-73,17,-68,19,-66,21,-66,13,-68,16,-65,16,-60,20,-64,21,-59,25,-58,25,-56,25,-52,28,-52,28,-50,31,-48,34,-48,37,-43,39,-40,40,-41,50,-37,43,-40,51,-39,54,-38,54,-38,58,-39,55,-45,58,-42,62,-45,56,-44,60,-43,63,0,0]"
CSI_DATA,12,1a:00:00:00:00:00,-48,11,1,0,1,1,1,0,0,0,1,-96,0,11,2,439495,0,44,0,384,0,"[0,0,0,0,0,0,0,0,0,0,0,0,-4,-12,-4,-11,-4,-11,-4,-10,-4,-10,-3,-9,-3,-8,-4,-7,-3,-7,-3,-6,-3,-6,-3,-6,-3,-5,-3,-5,-3,-4,-3,-4,-3,-3,-3,-2,-3,-2,-3,-1,-3,-1,-3,-1,-2,-1,-2,0,-3,0,-2,1,0,0,-2,2,-2,3,-2,3,-1,3,-2,3,-2,4,-2,4,-2,4,-2,5,-2,5,-2,5,-3,5,-3,5,-3,5,-3,6,-3,6,-4,6,-4,5,-4,5,-4,5,-4,5,-5,5,-5,5,-5,4,-6,4,-6,3,0,0,0,0,0,0,0,0,0,0,0,0,0,0,-23,-70,-20,-69,-20,-69,-18,-59,-19,-58,-16,-58,-16,-55,-16,-52,-17,-45,-14,-43,-16,-40,-16,-40,-14,-35,-14,-36,-12,-29,-12,-27,-16,-23,-13,-20,-12,-17,-14,-14,-18,-14,-13,-13,-12,-10,-13,-6,-11,-4,-10,-6,-9,3,-12,1,-10,5,-8,8,-10,10,-9,10,-11,14,-4,18,-6,20,-7,19,-4,22,-7,27,-6,26,-5,27,-8,33,-9,28,-7,28,-8,33,-8,31,-12,32,-11,32,-13,34,-13,32,-16,35,-14,34,-17,35,-19,31,-20,30,-23,32,-24,24,-30,25,0,0,0,0,0,0,0,0,0,0,0,0,0,0,0,0,0,0,0,0,0,0,40,-5,41,-7,43,-4,48,0,48,4,50,6,50,8,52,8,49,8,53,12,54,13,56,11,61,14,57,19,63,20,62,22,66,21,64,27,66,29,67,28,66,31,66,29,66,31,67,30,64,32,67,28,63,32,67,34,67,32,63,34,60,30,65,26,64,25,58,23,57,19,62,20,59,16,56,12,59,9,56,9,60,8,61,1,57,-2,60,-7,58,-8,63,-2,60,-11,64,-14,63,-21,62,-21,60,-19,65,-25,66,-22,65,-27,72,-27,70,-25,74,-28,0,0]"
CSI_DATA,13,1a:00:00:00:00:00,-47,11,1,0,1,1,1,0,0,0,1,-96,0,11,2,449490,0,44,0,384,0,"[0,0,0,0,0,0,0,0,0,0,0,0,-12,-2,-11,-1,-11,-1,-11,-1,-10,-1,-9,-1,-9,-1,-8,-1,-8,0,-7,-1,-6,0,-6,0,-6,0,-5,0,-5,0,-4,1,-4,1,-3,1,-3,1,-3,1,-2,1,-2,1,-1,2,-1,1,0,2,0,2,0,0,1,2,1,2,1,2,2,2,2,2,2,2,3,3,3,3,3,4,3,4,3,4,3,4,3,4,3,5,3,5,4,5,3,5,3,5,3,6,3,6,3,6,2,6,2,6,1,6,0,6,0,6,0,0,0,0,0,0,0,0,0,0,0,0,0,0,-75,2,-71,-3,-69,2,-65,0,-66,-2,-62,-5,-61,-2,-55,2,-53,-2,-46,1,-44,2,-44,4,-38,3,-37,2,-28,2,-33,8,-29,4,-21,5,-24,7,-18,10,-16,10,-17,6,-14,15,-12,11,-11,11,-4,12,-5,10,-1,11,2,8,-1,11,6,16,8,11,12,12,14,13,15,11,14,13,17,13,21,15,25,13,24,16,24,19,24,21,24,19,24,25,24,23,29,27,25,23,27,26,24,26,28,28,26,28,23,31,23,34,16,35,17,35,14,36,9,33,0,0,0,0,0,0,0,0,0,0,0,0,0,0,0,0,0,0,0,0,0,0,-5,-41,2,-44,2,-46,8,-51,11,-52,10,-48,14,-47,20,-52,16,-54,23,-56,24,-54,22,-58,25,-58,28,-57,30,-60,33,-65,32,-62,38,-62,37,-59,39,-64,42,-67,43,-64,42,-64,46,-64,44,-61,46,-59,46,-58,43,-58,44,-61,42,-60,41,-59,37,-57,36,-58,37,-58,36,-57,30,-57,28,-56,29,-60,26,-56,23,-60,22,-58,15,-61,12,-65,10,-65,8,-60,11,-68,1,-64,-1,-66,-7,-64,-4,-69,0,-72,-10,-74,-6,-73,-6,-79,-8,-75,-10,-74,-7,-76,0,0]"
CSI_DATA,14,1a:00:00:00:00:00,-48,11,1,0,1,1,1,0,0,0,1,-96,0,11,2,461887,0,44,0,384,0,"[0,0,0,0,0,0,0,0,0,0,0,0,-4,10,-4,9,-4,9,-3,8,-3,8,-3,8,-3,7,-2,7,-2,6,-2,6,-2,5,-1,5,-1,4,-1,4,0,3,0,4,0,3,0,3,1,2,1,2,1,1,1,1,1,1,2,0,2,0,2,-1,0,0,2,-1,2,-2,2,-2,3,-2,3,-3,3,-3,3,-3,4,-3,4,-3,4,-3,4,-3,5,-3,5,-4,5,-4,5,-3,5,-3,5,-4,5,-3,5,-3,6,-3,6,-3,6,-3,6,-2,6,-1,6,-1,6,0,0,0,0,0,0,0,0,0,0,0,0,0,0,0,-31,65,-24,66,-25,65,-23,60,-19,60,-19,57,-21,50,-20,49,-19,46,-13,44,-12,40,-11,38,-10,37,-10,30,-6,30,-3,32,-4,26,-3,23,0,24,5,18,8,17,6,16,3,12,5,10,4,10,5,5,7,0,10,1,12,1,11,-3,14,-8,17,-6,16,-12,14,-8,13,-14,19,-14,18,-15,21,-19,20,-18,23,-18,26,-16,27,-19,27,-21,29,-19,28,-21,28,-23,32,-22,30,-20,32,-19,33,-18,30,-17,32,-15,36,-14,33,-10,35,-11,33,-6,37,-4,0,0,0,0,0,0,0,0,0,0,0,0,0,0,0,0,0,0,0,0,0,0,-38,-18,-38,-22,-35,-23,-40,-27,-37,-34,-36,-32,-38,-37,-34,-39,-39,-41,-37,-40,-35,-47,-39,-44,-39,-48,-40,-53,-38,-55,-35,-54,-40,-55,-37,-56,-40,-59,-37,-63,-36,-63,-41,-64,-31,-64,-34,-67,-32,-68,-32,-65,-34,-64,-33,-66,-34,-63,-34,-62,-34,-61,-32,-62,-32,-57,-39,-55,-39,-54,-37,-50,-36,-48,-41,-45,-40,-42,-43,-43,-49,-40,-46,-37,-48,-35,-49,-34,-52,-33,-52,-30,-58,-29,-59,-25,-64,-23,-64,-23,-66,-27,-68,-25,-68,-24,-71,-22,-74,-23,-73,-21,-69,-19,0,0]"
CSI_DATA,15,1a:00:00:00:00:00,-48,11,1,0,1,1,1,0,0,0,1,-96,0,11,2,469504,0,44,0,384,0,"[0,0,0,0,0,0,0,0,0,0,0,0,-3,11,-3,11,-3,10,-2,9,-3,9,-2,8,-2,8,-2,7,-2,7,-1,6,-1,6,0,5,0,5,0,4,0,3,0,4,0,3,0,3,1,2,1,2,1,1,1,1,1,0,2,0,2,-1,2,-1,0,0,2,-2,2,-3,2,-3,2,-3,2,-3,3,-4,3,-4,3,-5,4,-4,3,-5,4,-5,4,-5,4,-5,4,-5,4,-4,5,-5,5,-5,5,-5,5,-4,5,-4,5,-4,6,-4,6,-3,6,-3,6,-3,6,-2,0,0,0,0,0,0,0,0,0,0,0,0,0,0,-30,71,-29,65,-31,64,-30,61,-23,59,-27,56,-23,55,-23,50,-21,49,-14,43,-16,44,-15,35,-11,37,-12,31,-6,31,-6,31,-5,33,-2,25,-1,22,1,18,4,21,4,17,4,15,3,13,10,5,6,8,10,1,8,0,10,0,13,-2,13,-9,14,-8,11,-9,13,-10,18,-13,18,-13,19,-15,19,-19,21,-15,28,-16,25,-21,26,-21,27,-20,28,-22,29,-20,31,-21,30,-20,30,-21,29,-20,32,-21,36,-17,34,-16,37,-15,35,-14,38,-10,37,-10,37,-3,0,0,0,0,0,0,0,0,0,0,0,0,0,0,0,0,0,0,0,0,0,0,-36,-23,-36,-30,-33,-33,-32,-34,-32,-39,-33,-42,-34,-45,-27,-45,-32,-48,-30,-49,-32,-51,-31,-55,-34,-57,-32,-61,-32,-63,-29,-63,-31,-65,-29,-65,-30,-65,-29,-66,-26,-67,-33,-74,-26,-71,-31,-71,-26,-70,-30,-74,-29,-70,-25,-72,-23,-70,-26,-68,-26,-64,-29,-65,-29,-63,-30,-61,-31,-59,-31,-57,-32,-53,-34,-48,-36,-47,-44,-48,-39,-47,-46,-46,-41,-40,-46,-40,-50,-36,-56,-29,-60,-34,-59,-32,-59,-38,-62,-29,-65,-30,-69,-28,-71,-30,-67,-28,-74,-32,-73,-24,-71,-29,0,0]"
CSI_DATA,16,1a:00:00:00:00:00,-47,11,1,0,1,1,1,0,0,0,1,-96,0,11,2,480578,0,44,0,384,0,"[0,0,0,0,0,0,0,0,0,0,0,0,-12,0,-12,0,-11,0,-11,0,-10,0,-9,0,-9,0,-8,1,-7,0,-7,0,-6,1,-6,1,-6,1,-5,1,-4,1,-4,2,-3,1,-3,1,-3,2,-2,1,-2,1,-1,1,-1,1,-1,1,0,1,1,1,0,0,1,1,2,1,2,2,2,2,3,2,3,2,3,2,4,2,4,2,4,3,4,3,4,3,4,2,4,3,5,3,5,4,5,3,5,4,4,4,4,4,4,5,4,5,4,5,3,5,3,5,2,6,0,0,0,0,0,0,0,0,0,0,0,0,0,0,-76,1,-72,0,-68,-1,-71,-3,-64,-3,-61,-2,-56,-2,-55,0,-53,-1,-48,-2,-45,-1,-43,-2,-38,2,-36,4,-34,3,-31,3,-32,5,-25,6,-24,5,-19,10,-16,10,-11,11,-13,12,-10,7,-11,12,-6,8,1,7,-3,7,4,9,6,13,5,10,10,12,11,11,12,12,16,13,17,12,22,17,19,17,21,16,24,18,25,20,27,19,24,20,27,26,30,23,24,23,25,27,26,23,23,29,24,24,22,26,23,32,20,30,19,31,14,32,11,35,13,37,0,0,0,0,0,0,0,0,0,0,0,0,0,0,0,0,0,0,0,0,0,0,-4,-39,0,-45,5,-48,7,-46,9,-51,14,-50,13,-52,17,-49,18,-53,20,-51,24,-57,27,-56,25,-59,28,-59,32,-65,32,-59,33,-65,35,-61,35,-62,40,-63,40,-61,41,-63,42,-60,45,-61,49,-59,49,-62,45,-62,42,-62,43,-59,43,-58,39,-59,41,-61,36,-56,36,-58,36,-60,31,-56,27,-58,29,-55,25,-55,20,-61,16,-60,17,-58,13,-62,13,-60,7,-63,3,-66,3,-66,-2,-65,0,-66,-1,-70,-4,-72,-4,-72,-8,-80,-7,-70,-6,-80,-9,-79,-5,-77,0,0]"
CSI_DATA,17,1a:00:00:00:00:00,-47,11,1,0,1,1,1,0,0,0,1,-96,0,11,2,489528,0,44,0,384,0,"[0,0,0,0,0,0,0,0,0,0,0,0,9,6,9,6,8,6,8,5,7,5,7,4,6,4,6,3,5,3,5,3,5,2,4,2,4,1,4,1,3,1,3,0,3,0,2,0,3,-1,2,-1,2,-1,2,-2,1,-2,1,-2,1,-3,0,-3,0,0,-1,-4,-1,-4,-1,-4,-2,-5,-1,-5,-2,-5,-1,-5,-2,-5,-2,-6,-2,-6,-2,-6,-2,-6,-2,-7,-2,-7,-2,-7,-2,-7,-2,-7,-2,-7,-1,-7,-1,-7,-1,-7,0,-8,0,-7,1,-7,1,-7,1,-7,0,0,0,0,0,0,0,0,0,0,0,0,0,0,69,26,64,32,63,29,55,27,58,28,54,30,50,20,50,22,45,20,42,20,40,14,38,12,36,14,35,14,36,13,26,5,29,8,24,-1,20,1,22,0,16,-1,16,-4,16,-5,11,-4,9,-9,7,-8,9,-7,4,-15,3,-9,1,-13,-5,-11,-5,-16,-5,-20,-8,-17,-8,-17,-13,-18,-12,-23,-20,-24,-15,-25,-17,-28,-17,-28,-16,-27,-16,-25,-19,-29,-13,-33,-15,-31,-15,-32,-16,-35,-14,-36,-15,-38,-14,-38,-11,-38,-10,-38,-7,-36,-3,-38,-3,-39,3,-35,0,0,0,0,0,0,0,0,0,0,0,0,0,0,0,0,0,0,0,0,0,0,-15,36,-23,36,-27,38,-29,35,-30,36,-33,37,-34,38,-35,34,-42,36,-39,38,-48,38,-49,37,-51,37,-50,36,-54,40,-58,35,-58,36,-63,36,-63,39,-65,35,-67,34,-65,36,-68,34,-68,36,-67,33,-67,34,-66,36,-67,32,-68,34,-64,33,-64,32,-61,37,-61,33,-60,37,-58,34,-56,38,-51,37,-49,37,-48,40,-48,41,-42,41,-43,45,-39,45,-41,49,-37,51,-29,47,-30,55,-24,64,-30,63,-29,63,-25,65,-31,70,-27,68,-26,68,-30,70,-32,71,-33,73,0,0]"
CSI_DATA,18,1a:00:00:00:00:00,-47,11,1,0,1,1,1,0,0,0,1,-96,0,11,2,499551,0,44,0,384,0,"[0,0,0,0,0,0,0,0,0,0,0,0,10,4,9,4,9,4,9,4,8,4,7,3,7,2,6,3,6,2,6,2,5,1,5,1,5,1,4,0,4,0,3,0,3,-1,2,-1,3,-1,2,-2,2,-1,1,-2,1,-2,1,-2,0,-2,-1,-3,0,0,-1,-3,-1,-3,-2,-3,-2,-3,-2,-4,-2,-4,-3,-5,-3,-5,-3,-5,-4,-5,-4,-5,-3,-6,-3,-6,-3,-6,-3,-6,-3,-7,-3,-6,-3,-7,-3,-7,-3,-7,-3,-7,-2,-7,-2,-7,-2,-7,-1,-7,0,-7,0,0,0,0,0,0,0,0,0,0,0,0,0,0,55,44,49,47,50,45,52,43,48,40,47,42,48,33,41,36,38,31,38,31,35,29,32,26,32,20,30,24,29,18,28,11,25,11,24,11,21,6,17,7,16,6,16,4,15,-1,12,-4,14,-5,11,-7,7,-7,9,-7,5,-10,1,-14,-1,-17,-3,-14,-4,-19,-4,-20,-8,-25,-7,-22,-9,-23,-11,-23,-9,-28,-13,-29,-7,-29,-8,-32,-13,-35,-6,-35,-8,-34,-10,-35,-7,-36,-10,-38,-7,-36,-7,-39,-6,-36,-7,-42,-2,-40,2,-40,4,-39,6,-37,9,-37,0,0,0,0,0,0,0,0,0,0,0,0,0,0,0,0,0,0,0,0,0,0,-31,29,-34,28,-38,28,-40,28,-45,23,-43,23,-47,23,-48,19,-53,20,-56,21,-59,19,-58,20,-62,20,-63,17,-70,17,-65,15,-68,17,-70,12,-69,17,-75,13,-72,9,-79,15,-75,13,-76,10,-73,8,-76,8,-75,13,-76,8,-77,9,-72,12,-70,9,-70,14,-69,11,-67,16,-66,13,-64,23,-59,18,-60,24,-56,21,-57,23,-54,26,-54,28,-53,33,-51,40,-48,40,-50,40,-49,46,-45,52,-45,54,-46,53,-47,55,-45,55,-52,58,-48,56,-44,62,-49,59,-49,61,0,0]"
CSI_DATA,19,1a:00:00:00:00:00,-47,11,1,0,1,1,1,0,0,0,1,-96,0,11,2,509503,0,44,0,384,0,"[0,0,0,0,0,0,0,0,0,0,0,0,-4,-11,-4,-11,-4,-10,-4,-10,-4,-9,-3,-9,-4,-8,-4,-7,-3,-7,-3,-6,-3,-6,-3,-5,-3,-5,-4,-4,-3,-4,-3,-4,-3,-3,-3,-2,-3,-2,-3,-1,-3,-1,-3,-1,-2,0,-3,0,-2,1,-2,1,0,0,-2,2,-2,2,-2,3,-1,3,-2,3,-2,4,-2,4,-2,4,-2,5,-2,5,-2,5,-3,5,-3,5,-3,5,-3,5,-3,6,-3,6,-3,6,-4,5,-4,5,-4,5,-5,5,-5,5,-5,4,-5,4,-6,4,0,0,0,0,0,0,0,0,0,0,0,0,0,0,-12,-73,-10,-69,-10,-69,-9,-67,-11,-66,-10,-61,-12,-60,-10,-53,-6,-53,-7,-47,-7,-49,-7,-40,-11,-36,-6,-37,-10,-35,-12,-26,-14,-27,-12,-27,-11,-22,-12,-19,-19,-16,-13,-12,-12,-13,-11,-7,-10,-6,-11,-3,-12,0,-10,1,-14,7,-15,6,-13,9,-12,13,-6,14,-13,17,-6,20,-8,21,-13,21,-12,24,-14,27,-10,27,-13,27,-13,30,-13,32,-14,33,-15,32,-14,35,-15,32,-15,36,-22,28,-22,31,-20,35,-28,29,-26,28,-23,26,-26,29,-28,23,-34,19,0,0,0,0,0,0,0,0,0,0,0,0,0,0,0,0,0,0,0,0,0,0,41,-4,44,2,45,4,43,8,49,9,48,12,47,14,51,16,49,17,51,17,51,20,56,24,59,20,58,26,58,27,59,33,63,33,60,34,64,30,63,40,64,35,60,43,62,42,64,39,64,35,60,38,64,39,61,43,59,40,62,39,60,35,61,37,56,34,57,33,59,34,54,30,60,22,58,19,58,17,60,13,60,14,59,8,59,8,63,4,67,2,61,4,68,-1,69,-7,65,-8,71,-13,67,-16,70,-17,73,-17,72,-17,77,-17,76,-15,76,-15,0,0]"
CSI_DATA,20,1a:00:00:00:00:00,-47,11,1,0,1,1,1,0,0,0,1,-96,0,11,2,519574,0,44,0,384,0,"[0,0,0,0,0,0,0,0,0,0,0,0,9,-7,9,-7,8,-6,8,-6,7,-5,7,-6,6,-5,5,-5,5,-5,5,-4,4,-5,3,-4,3,-4,2,-4,2,-4,1,-4,1,-4,0,-3,0,-3,0,-3,0,-2,-1,-2,-1,-2,-2,-2,-2,-1,-3,-2,0,0,-3,-1,-3,-1,-4,0,-4,0,-5,0,-5,0,-5,0,-5,0,-5,0,-6,0,-6,-1,-6,0,-7,0,-7,0,-7,-1,-7,0,-7,0,-7,-1,-7,-1,-7,-1,-7,-2,-7,-1,-7,-2,-7,-2,-7,-3,-6,-3,0,0,0,0,0,0,0,0,0,0,0,0,0,0,71,-35,66,-22,68,-26,61,-26,59,-26,55,-24,53,-24,54,-23,46,-24,48,-23,41,-22,36,-20,33,-22,30,-19,27,-14,23,-17,21,-17,20,-20,19,-15,14,-14,13,-18,8,-13,6,-14,4,-14,1,-12,0,-11,-4,-12,-4,-11,-3,-9,-12,-8,-10,-5,-17,-8,-17,-6,-19,-6,-21,-3,-24,-5,-26,0,-26,-5,-30,-2,-30,-6,-30,-6,-32,-5,-32,-7,-34,-6,-36,-5,-33,-6,-38,-6,-34,-10,-37,-10,-39,-12,-37,-11,-39,-14,-38,-12,-37,-16,-32,-20,-32,-21,-30,-25,0,0,0,0,0,0,0,0,0,0,0,0,0,0,0,0,0,0,0,0,0,0,10,39,5,41,3,43,-1,50,-5,48,-4,48,-5,51,-6,51,-8,55,-10,54,-14,58,-16,63,-17,59,-17,61,-17,66,-20,68,-23,68,-22,65,-26,71,-23,67,-25,69,-23,67,-28,68,-30,69,-34,71,-31,67,-29,63,-30,70,-27,66,-25,67,-21,64,-24,68,-20,66,-18,62,-21,64,-15,66,-14,62,-10,58,-8,56,-6,62,-6,62,1,59,6,64,10,64,8,58,22,62,14,59,22,60,21,67,24,61,27,63,29,67,34,68,33,64,31,70,33,71,37,70,0,0]"
CSI_DATA,21,1a:00:00:00:00:00,-48,11,1,0,1,1,1,0,0,0,1,-96,0,11,2,539516,0,44,0,384,0,"[0,0,0,0,0,0,0,0,0,0,0,0,-8,8,-8,8,-7,8,-7,7,-7,6,-6,6,-6,6,-6,6,-5,5,-4,5,-4,5,-3,5,-3,4,-2,4,-2,3,-2,3,-1,3,-1,3,0,2,0,2,0,2,0,1,1,1,1,0,1,0,2,0,0,0,2,0,3,-1,3,-1,3,-1,3,-2,4,-1,4,-2,4,-2,5,-1,5,-1,5,-1,5,-2,6,-1,5,-1,6,-1,6,-1,6,-1,6,-1,6,-1,6,0,6,0,6,0,6,1,6,1,6,2,5,2,0,0,0,0,0,0,0,0,0,0,0,0,0,0,-52,56,-54,53,-46,50,-44,50,-45,51,-45,43,-39,44,-36,40,-36,36,-31,38,-30,33,-28,31,-22,34,-15,26,-20,27,-14,23,-17,23,-9,18,-13,19,-8,19,-3,20,-5,14,-1,16,0,13,1,14,5,11,7,7,9,10,9,5,13,2,10,2,13,0,22,-2,18,-2,22,-3,23,-1,21,-5,25,-3,29,-4,27,-6,29,-5,30,-4,34,-6,33,-9,34,-3,39,1,36,-3,38,-1,39,-1,39,4,37,2,36,4,36,5,37,7,36,10,34,13,33,16,0,0,0,0,0,0,0,0,0,0,0,0,0,0,0,0,0,0,0,0,0,0,-31,-20,-33,-25,-32,-34,-31,-35,-30,-39,-31,-38,-31,-42,-28,-49,-30,-49,-32,-47,-30,-54,-27,-54,-28,-60,-27,-59,-28,-62,-28,-64,-23,-65,-23,-70,-25,-65,-23,-69,-24,-71,-19,-70,-19,-75,-19,-75,-16,-73,-22,-72,-16,-75,-17,-74,-20,-73,-15,-72,-18,-69,-19,-68,-21,-70,-20,-66,-21,-64,-24,-64,-27,-57,-28,-60,-28,-56,-27,-52,-29,-54,-35,-52,-40,-49,-39,-48,-40,-45,-50,-41,-47,-43,-45,-45,-54,-44,-59,-46,-56,-43,-59,-46,-61,-45,-61,-44,-62,-45,-62,-46,-62,-44,0,0]"
CSI_DATA,22,1a:00:00:00:00:00,-47,11,1,0,1,1,1,0,0,0,1,-96,0,11,2,549627,0,44,0,384,0,"[0,0,0,0,0,0,0,0,0,0,0,0,1,-12,1,-11,1,-11,0,-10,0,-10,0,-9,0,-8,0,-8,0,-8,0,-7,-1,-7,-1,-6,-1,-5,-1,-5,-2,-4,-2,-4,-2,-3,-2,-3,-2,-2,-2,-2,-2,-2,-2,-1,-2,-1,-2,0,-3,0,-2,0,0,0,-3,1,-3,2,-3,2,-3,2,-3,2,-3,3,-3,3,-4,3,-4,4,-4,4,-4,4,-5,4,-5,4,-4,4,-5,4,-5,4,-5,5,-5,4,-5,4,-6,4,-6,4,-6,3,-7,3,-7,2,-7,2,-7,1,0,0,0,0,0,0,0,0,0,0,0,0,0,0,5,-80,7,-72,3,-75,7,-66,2,-63,5,-62,7,-57,5,-56,8,-48,1,-50,-1,-46,-4,-45,-5,-40,-3,-33,-2,-35,-5,-35,-5,-31,-3,-27,-6,-22,-9,-20,-9,-20,-12,-15,-8,-12,-11,-14,-7,-10,-12,-8,-10,-4,-13,-2,-13,3,-10,6,-16,11,-13,11,-12,12,-14,16,-13,14,-14,19,-12,21,-16,22,-14,23,-16,22,-18,25,-20,25,-18,26,-20,24,-21,30,-25,30,-28,28,-24,33,-27,27,-25,29,-27,29,-30,25,-29,26,-28,25,-31,18,-34,17,-34,16,0,0,0,0,0,0,0,0,0,0,0,0,0,0,0,0,0,0,0,0,0,0,41,9,40,15,42,18,43,20,43,26,43,26,46,26,43,28,41,30,45,33,47,35,48,36,46,36,51,44,50,42,47,43,49,50,49,45,52,44,49,50,50,52,53,54,47,52,50,54,51,54,50,57,47,54,49,56,46,54,47,53,47,53,50,49,45,48,46,43,53,44,51,39,47,37,50,33,50,33,52,29,53,29,55,24,54,23,57,18,59,12,66,14,64,8,60,7,64,6,67,3,71,7,74,7,77,3,69,0,74,4,78,3,76,0,0,0]"
CSI_DATA,23,1a:00:00:00:00:00,-47,11,1,0,1,1,1,0,0,0,1,-96,0,11,2,569568,0,44,0,384,0,"[0,0,0,0,0,0,0,0,0,0,0,0,1,11,0,11,1,10,1,10,1,9,1,8,0,8,1,7,1,6,1,6,1,5,1,5,1,4,2,4,1,3,1,3,1,2,2,2,2,1,2,1,2,1,2,0,1,0,2,-1,2,-1,1,-2,0,0,1,-2,2,-3,2,-3,2,-3,2,-4,2,-4,2,-5,3,-5,2,-5,2,-5,2,-5,3,-6,3,-6,4,-6,3,-6,3,-6,4,-6,4,-6,4,-6,4,-5,5,-5,5,-5,5,-4,5,-4,5,-4,6,-3,0,0,0,0,0,0,0,0,0,0,0,0,0,0,4,75,5,71,3,70,4,63,4,67,2,60,0,58,4,54,3,51,2,47,2,44,2,41,6,39,4,35,4,32,3,29,9,27,11,28,8,20,11,16,8,15,11,11,11,12,8,8,11,8,8,5,10,-3,11,-2,12,-4,11,-5,9,-11,11,-11,11,-16,12,-13,13,-21,11,-16,15,-24,15,-24,16,-25,18,-25,17,-30,18,-26,18,-29,19,-28,23,-31,21,-30,23,-27,20,-32,24,-27,26,-27,27,-27,29,-29,31,-27,31,-23,30,-22,31,-21,32,-17,0,0,0,0,0,0,0,0,0,0,0,0,0,0,0,0,0,0,0,0,0,0,-42,4,-43,0,-46,-2,-45,-5,-50,-8,-47,-14,-50,-13,-48,-14,-56,-16,-55,-16,-54,-21,-58,-22,-60,-24,-62,-26,-62,-26,-59,-25,-65,-37,-64,-38,-61,-35,-62,-37,-61,-40,-69,-41,-65,-41,-62,-41,-62,-40,-64,-41,-63,-45,-65,-43,-59,-40,-60,-41,-58,-38,-57,-36,-55,-38,-57,-31,-57,-33,-57,-32,-61,-27,-57,-23,-59,-21,-62,-17,-60,-17,-61,-10,-65,-11,-63,-6,-59,-7,-63,-4,-67,0,-66,5,-68,2,-70,3,-69,8,-75,9,-75,12,-74,10,-75,11,-75,8,-77,13,0,0]"
CSI_DATA,24,1a:00:00:00:00:00,-47,11,1,0,1,1,1,0,0,0,1,-96,0,11,2,579517,0,44,0,384,0,"[0,0,0,0,0,0,0,0,0,0,0,0,4,-11,4,-11,3,-10,3,-10,3,-9,2,-9,2,-8,2,-8,1,-8,1,-6,1,-7,1,-6,0,-5,0,-5,0,-4,-1,-4,-1,-4,-1,-3,-2,-3,-2,-2,-2,-2,-2,-2,-2,-2,-2,-1,-2,-1,-3,0,0,0,-3,0,-3,1,-3,1,-4,1,-4,2,-4,2,-5,3,-5,3,-5,3,-5,2,-5,3,-5,3,-6,3,-6,3,-6,3,-6,3,-6,3,-7,2,-7,3,-7,2,-7,2,-7,2,-7,1,-7,1,-7,0,-7,0,0,0,0,0,0,0,0,0,0,0,0,0,0,0,30,-75,29,-62,27,-72,26,-63,25,-57,24,-58,21,-50,26,-53,20,-44,17,-43,16,-41,14,-40,13,-40,12,-34,10,-36,5,-33,5,-30,4,-28,0,-24,-3,-19,0,-19,-2,-16,-6,-14,-5,-12,-9,-13,-7,-10,-13,-7,-11,-3,-8,-3,-15,1,-12,-1,-14,3,-14,5,-20,10,-15,10,-22,11,-23,9,-25,15,-24,14,-23,15,-30,14,-28,18,-29,13,-28,16,-32,18,-31,15,-40,15,-33,20,-38,12,-36,12,-35,13,-38,10,-40,10,-39,7,-36,4,-38,0,-37,1,0,0,0,0,0,0,0,0,0,0,0,0,0,0,0,0,0,0,0,0,0,0,36,14,40,20,36,23,41,25,39,26,39,32,39,33,42,33,38,40,35,39,43,43,39,43,38,45,40,50,42,53,38,54,40,58,38,53,40,59,35,61,40,61,36,63,36,62,37,67,36,65,40,64,36,65,35,62,32,62,37,62,33,56,38,65,35,57,40,53,38,54,37,47,37,48,39,47,44,41,44,41,45,43,43,36,51,36,50,31,55,29,54,30,56,27,63,25,63,29,64,25,69,21,66,21,72,19,72,26,72,23,75,24,70,22,0,0]"
CSI_DATA,25,1a:00:00:00:00:00,-47,11,1,0,1,1,1,0,0,0,1,-96,0,11,2,593631,0,44,0,384,0,"[0,0,0,0,0,0,0,0,0,0,0,0,1,11,0,10,1,10,1,9,1,9,1,8,1,7,1,7,0,6,1,6,1,5,1,5,1,4,1,4,2,3,1,3,2,3,1,2,1,1,2,1,2,0,1,0,1,0,2,-1,2,-1,1,-1,0,0,1,-2,2,-3,2,-3,2,-4,2,-4,2,-4,2,-4,2,-5,2,-5,3,-5,3,-5,3,-5,3,-5,3,-5,4,-5,3,-5,4,-5,4,-5,4,-5,4,-5,5,-5,5,-5,5,-4,6,-3,6,-3,6,-2,0,0,0,0,0,0,0,0,0,0,0,0,0,0,8,73,4,72,7,69,7,64,3,64,4,62,2,57,6,59,1,51,0,48,3,45,6,38,6,40,7,36,4,34,8,33,6,23,8,22,8,19,9,18,12,16,6,10,8,15,8,10,12,6,11,2,11,1,12,-2,12,-3,14,-8,15,-8,11,-9,12,-12,13,-14,12,-18,14,-16,13,-20,15,-24,16,-22,17,-22,18,-26,18,-27,21,-28,21,-28,20,-30,23,-26,25,-24,23,-25,28,-27,27,-25,31,-25,31,-23,33,-20,32,-20,34,-18,31,-13,35,-10,0,0,0,0,0,0,0,0,0,0,0,0,0,0,0,0,0,0,0,0,0,0,-42,13,-45,7,-44,6,-50,2,-49,-1,-52,-3,-52,-1,-55,-7,-53,-9,-57,-6,-57,-14,-59,-14,-61,-14,-62,-18,-66,-22,-64,-20,-65,-24,-66,-28,-65,-28,-67,-33,-69,-32,-69,-32,-62,-36,-68,-37,-67,-42,-66,-39,-64,-37,-66,-34,-61,-35,-63,-37,-65,-32,-65,-32,-62,-31,-60,-29,-60,-28,-59,-25,-55,-23,-63,-19,-59,-18,-60,-17,-62,-14,-61,-9,-64,-7,-64,-3,-62,-3,-63,-2,-65,9,-67,7,-65,7,-69,8,-69,6,-74,13,-73,11,-72,14,-79,13,-77,15,-77,16,0,0]"
CSI_DATA,26,1a:00:00:00:00:00,-47,11,1,0,1,1,1,0,0,0,1,-96,0,11,2,610048,0,44,0,384,0,"[0,0,0,0,0,0,0,0,0,0,0,0,10,5,10,5,10,5,8,5,8,4,7,4,7,3,6,3,6,2,6,2,5,2,5,1,4,1,4,1,4,0,3,0,3,0,2,0,2,-1,2,-1,2,-2,1,-2,1,-2,1,-2,0,-3,-1,-3,0,0,-1,-3,-1,-4,-1,-4,-2,-4,-2,-4,-2,-5,-2,-5,-2,-5,-2,-6,-3,-6,-3,-6,-2,-6,-3,-6,-2,-6,-2,-7,-2,-7,-2,-7,-2,-7,-2,-7,-2,-7,-1,-8,-1,-7,0,-8,0,-7,0,-7,1,-7,0,0,0,0,0,0,0,0,0,0,0,0,0,0,55,45,52,44,57,45,54,39,51,40,48,37,44,35,43,37,38,30,38,30,36,25,31,24,28,18,32,20,28,16,26,12,26,12,24,9,21,11,19,7,18,5,14,-1,17,2,12,-1,12,-4,12,-7,11,-5,5,-9,4,-11,1,-10,-1,-11,2,-10,-4,-17,-5,-18,-2,-21,-7,-21,-7,-26,-11,-27,-12,-28,-11,-31,-10,-31,-6,-31,-10,-34,-10,-32,-10,-35,-9,-37,-7,-41,-8,-38,-6,-40,-8,-39,-3,-36,2,-38,0,-42,3,-38,4,-40,8,-36,10,-37,0,0,0,0,0,0,0,0,0,0,0,0,0,0,0,0,0,0,0,0,0,0,-30,32,-32,32,-33,28,-37,32,-41,29,-40,25,-46,23,-45,24,-51,22,-53,25,-53,24,-55,24,-58,24,-62,26,-63,25,-63,21,-68,21,-64,21,-69,22,-73,15,-72,15,-73,17,-73,17,-74,16,-74,11,-76,17,-75,14,-74,12,-69,15,-69,15,-69,18,-69,15,-66,19,-65,15,-62,19,-65,20,-59,25,-55,25,-56,25,-52,30,-55,29,-55,35,-49,41,-46,39,-45,43,-47,47,-47,48,-44,50,-45,53,-45,52,-41,57,-43,58,-47,61,-41,60,-42,64,-46,65,-42,63,0,0]"
CSI_DATA,27,1a:00:00:00:00:00,-47,11,1,0,1,1,1,0,0,0,1,-96,0,11,2,619499,0,44,0,384,0,"[0,0,0,0,0,0,0,0,0,0,0,0,0,11,0,11,0,10,0,10,0,9,0,8,0,8,1,7,0,7,1,6,0,6,1,5,1,4,1,4,1,3,1,3,1,3,1,2,2,1,2,1,2,1,2,0,1,0,2,-1,2,-1,1,-2,0,0,2,-2,2,-3,2,-3,2,-3,2,-4,2,-5,3,-5,3,-5,2,-5,2,-5,3,-5,4,-5,4,-5,4,-6,4,-6,4,-6,4,-5,4,-5,4,-6,5,-5,5,-5,5,-5,5,-4,6,-4,6,-3,6,-3,0,0,0,0,0,0,0,0,0,0,0,0,0,0,-4,74,-5,77,-10,69,-6,69,-5,70,-5,60,-3,58,-3,55,-2,52,-2,47,-1,48,-2,41,1,41,-1,34,2,32,4,28,4,30,3,22,6,22,4,19,10,19,6,15,12,9,8,9,12,9,10,5,12,3,8,1,11,-5,11,-5,11,-7,12,-12,12,-14,12,-14,10,-18,15,-16,14,-20,16,-26,16,-25,18,-27,19,-27,18,-27,19,-30,19,-32,19,-28,26,-29,23,-29,27,-28,24,-22,27,-27,29,-24,29,-22,32,-21,31,-21,32,-19,34,-17,34,-12,0,0,0,0,0,0,0,0,0,0,0,0,0,0,0,0,0,0,0,0,0,0,-43,-5,-41,-8,-46,-13,-48,-17,-48,-19,-46,-21,-46,-24,-50,-28,-47,-29,-54,-29,-52,-32,-51,-35,-54,-35,-55,-41,-53,-41,-53,-47,-53,-41,-60,-45,-53,-40,-57,-50,-52,-51,-57,-52,-56,-52,-58,-53,-53,-50,-54,-55,-56,-52,-53,-49,-53,-53,-56,-50,-51,-52,-52,-47,-49,-48,-51,-43,-49,-42,-51,-39,-55,-34,-55,-32,-54,-33,-58,-29,-52,-22,-60,-21,-54,-15,-61,-15,-58,-12,-61,-4,-65,-8,-64,-8,-70,-3,-71,-3,-71,1,-74,1,-73,2,-77,0,-77,3,-75,4,-78,2,0,0]"
CSI_DATA,28,1a:00:00:00:00:00,-47,11,1,0,1,1,1,0,0,0,1,-96,0,11,2,630758,0,44,0,384,0,"[0,0,0,0,0,0,0,0,0,0,0,0,-11,5,-11,5,-10,5,-9,4,-9,4,-8,4,-7,4,-7,4,-7,4,-6,3,-5,3,-5,3,-4,3,-4,3,-3,2,-3,3,-2,3,-2,2,-1,2,-1,2,-1,2,0,1,0,2,1,1,1,1,1,1,0,0,2,1,3,0,3,0,3,0,4,0,4,0,4,0,5,0,5,0,5,0,5,0,6,0,6,0,6,1,6,1,6,1,6,1,6,1,6,2,6,2,6,2,6,3,6,3,5,3,5,4,4,4,0,0,0,0,0,0,0,0,0,0,0,0,0,0,-70,18,-71,14,-67,16,-66,14,-62,15,-59,14,-58,13,-55,10,-50,12,-48,10,-42,12,-40,12,-39,11,-35,9,-32,12,-28,10,-29,12,-22,11,-21,11,-14,11,-16,9,-14,12,-6,11,-7,9,-7,11,0,11,0,11,2,11,6,7,11,8,11,12,12,13,13,9,16,8,19,11,16,11,22,7,25,11,24,13,28,13,31,10,27,12,24,16,29,12,29,17,28,15,32,19,33,23,30,20,29,21,29,23,30,27,30,24,27,25,24,25,22,31,19,31,0,0,0,0,0,0,0,0,0,0,0,0,0,0,0,0,0,0,0,0,0,0,-13,-40,-11,-42,-10,-44,-4,-48,0,-50,1,-48,1,-52,1,-52,4,-55,5,-55,9,-57,10,-62,12,-59,15,-67,17,-67,21,-65,17,-68,21,-71,18,-66,24,-67,24,-66,25,-73,25,-69,27,-67,29,-69,27,-72,29,-72,28,-69,29,-68,29,-64,26,-67,21,-65,25,-58,24,-67,21,-61,18,-63,17,-64,12,-58,12,-59,7,-67,5,-64,-2,-59,1,-60,-7,-66,-3,-62,-13,-60,-12,-64,-15,-65,-20,-64,-19,-70,-26,-67,-26,-72,-22,-73,-23,-71,-21,-75,-27,-70,-25,-72,0,0]"
CSI_DATA,29,1a:00:00:00:00:00,-47,11,1,0,1,1,1,0,0,0,1,-96,0,11,2,649561,0,44,0,384,0,"[0,0,0,0,0,0,0,0,0,0,0,0,3,10,3,9,3,9,3,9,3,7,2,7,2,7,2,6,2,6,2,5,2,5,2,4,2,3,2,3,2,2,2,2,2,2,2,1,2,1,2,1,2,0,1,-1,1,-1,1,-1,1,-2,1,-2,0,0,1,-3,1,-3,1,-4,1,-4,1,-4,1,-5,1,-5,1,-5,1,-5,1,-5,2,-6,2,-6,2,-6,2,-6,2,-6,2,-6,2,-6,3,-6,3,-6,3,-6,3,-6,4,-6,4,-5,4,-5,4,-4,5,-4,0,0,0,0,0,0,0,0,0,0,0,0,0,0,18,71,17,69,19,68,14,66,17,66,13,59,15,58,12,55,12,47,11,46,12,44,13,41,12,35,11,36,12,29,11,25,10,24,11,19,13,18,14,14,13,13,14,12,11,4,9,6,12,4,7,0,15,-3,10,-4,10,-8,4,-6,10,-7,9,-13,9,-17,12,-19,7,-19,8,-22,11,-21,11,-27,11,-28,11,-29,13,-30,9,-29,13,-32,13,-34,15,-33,16,-36,18,-33,20,-32,19,-30,19,-35,22,-31,25,-27,28,-30,26,-30,28,-25,28,-22,29,-20,0,0,0,0,0,0,0,0,0,0,0,0,0,0,0,0,0,0,0,0,0,0,-38,15,-44,10,-45,7,-47,2,-49,5,-49,1,-56,-5,-52,-6,-55,-9,-57,-11,-56,-9,-64,-8,-64,-9,-63,-13,-65,-15,-62,-18,-68,-17,-66,-19,-65,-24,-67,-26,-70,-26,-73,-29,-69,-26,-68,-24,-71,-28,-68,-27,-72,-30,-69,-29,-67,-25,-67,-24,-67,-24,-65,-28,-63,-23,-60,-26,-65,-25,-63,-19,-59,-15,-63,-11,-58,-9,-62,1,-59,-1,-62,1,-62,4,-62,7,-60,6,-64,13,-65,15,-62,17,-65,18,-68,18,-65,22,-69,23,-74,22,-70,23,-74,30,-68,27,-73,25,0,0]"
CSI_DATA,30,1a:00:00:00:00:00,-47,11,1,0,1,1,1,0,0,0,1,-96,0,11,2,662741,0,44,0,384,0,"[0,0,0,0,0,0,0,0,0,0,0,0,10,-6,10,-6,9,-5,9,-5,8,-4,7,-4,7,-5,6,-4,5,-4,5,-4,4,-4,4,-4,3,-4,3,-4,3,-3,2,-4,1,-3,1,-3,1,-3,0,-3,0,-3,-1,-2,-1,-3,-1,-2,-2,-2,-3,-2,0,0,-3,-2,-3,-2,-4,-2,-4,-1,-4,-1,-5,-1,-5,-1,-5,-1,-6,-1,-6,-1,-6,-1,-6,-2,-6,-2,-7,-2,-7,-2,-7,-2,-7,-3,-7,-3,-7,-3,-7,-3,-7,-3,-6,-4,-6,-4,-6,-4,-6,-5,-5,-5,0,0,0,0,0,0,0,0,0,0,0,0,0,0,70,-32,65,-22,66,-23,62,-24,62,-19,59,-18,50,-21,47,-14,49,-14,45,-17,40,-13,38,-16,34,-14,32,-17,29,-15,26,-16,26,-17,20,-13,17,-16,13,-11,13,-14,9,-15,6,-12,6,-13,3,-13,2,-14,-7,-12,-5,-11,-5,-6,-9,-7,-11,-9,-14,-10,-14,-7,-21,-9,-21,-6,-24,-10,-23,-8,-26,-6,-30,-5,-30,-12,-29,-11,-32,-13,-31,-10,-34,-12,-35,-14,-32,-17,-35,-14,-34,-18,-32,-19,-33,-16,-32,-21,-32,-26,-30,-23,-31,-23,-30,-27,-25,-26,-22,-30,0,0,0,0,0,0,0,0,0,0,0,0,0,0,0,0,0,0,0,0,0,0,17,35,17,42,13,43,10,48,9,47,7,49,5,48,4,53,0,56,-1,55,-3,56,-2,61,0,63,-4,63,-9,65,-12,63,-12,70,-12,64,-16,70,-18,72,-15,72,-18,69,-17,70,-25,73,-21,71,-23,68,-25,69,-21,73,-24,67,-21,71,-18,66,-20,70,-16,68,-14,64,-9,64,-9,62,-9,62,-9,62,-6,60,-1,58,3,62,0,56,6,59,12,60,8,58,20,61,20,60,24,61,23,63,23,66,27,64,28,69,29,68,28,66,31,69,32,70,32,73,0,0]"
CSI_DATA,31,1a:00:00:00:00:00,-48,11,1,0,1,1,1,0,0,0,1,-96,0,11,2,671193,0,44,0,384,0,"[0,0,0,0,0,0,0,0,0,0,0,0,8,8,7,7,8,7,7,7,6,6,6,6,5,5,5,5,4,4,5,3,4,3,4,3,4,2,3,1,3,1,3,1,3,1,2,0,2,0,2,-1,2,-1,1,-2,1,-1,1,-2,1,-2,1,-2,0,0,0,-4,0,-4,0,-4,-1,-4,0,-5,0,-5,-1,-6,-1,-6,-1,-6,-1,-6,-1,-6,-1,-7,0,-7,0,-7,0,-7,0,-7,0,-7,0,-7,0,-8,1,-7,1,-7,1,-7,2,-7,2,-7,2,-7,3,-6,0,0,0,0,0,0,0,0,0,0,0,0,0,0,51,57,41,54,45,53,43,50,36,48,37,47,39,42,36,45,30,42,32,36,32,33,27,30,27,30,23,26,21,24,23,22,22,16,19,11,17,13,16,9,16,6,11,5,13,1,12,1,8,-5,11,-7,8,-6,8,-4,5,-9,6,-16,5,-12,3,-15,0,-20,-2,-23,1,-22,-1,-26,-4,-30,-5,-27,-2,-30,0,-35,-3,-32,2,-29,-2,-34,0,-38,2,-36,3,-36,2,-43,2,-38,3,-36,7,-39,8,-40,8,-41,9,-38,11,-38,16,-37,20,-35,19,-33,0,0,0,0,0,0,0,0,0,0,0,0,0,0,0,0,0,0,0,0,0,0,-25,27,-35,29,-36,29,-40,28,-41,25,-45,22,-46,21,-49,22,-48,19,-53,19,-55,23,-59,21,-61,18,-63,19,-68,18,-64,12,-68,15,-68,11,-73,13,-72,8,-69,12,-74,11,-73,8,-72,6,-76,8,-74,10,-75,5,-76,7,-75,4,-75,6,-73,6,-71,6,-67,10,-67,9,-63,10,-66,11,-58,11,-61,19,-59,18,-56,21,-57,24,-52,26,-55,30,-53,31,-54,31,-49,43,-50,39,-48,41,-52,44,-48,47,-50,51,-49,56,-55,57,-52,50,-54,51,-53,57,-52,55,0,0]"
CSI_DATA,32,1a:00:00:00:00:00,-47,11,1,0,1,1,1,0,0,0,1,-96,0,11,2,680246,0,44,0,384,0,"[0,0,0,0,0,0,0,0,0,0,0,0,-5,10,-5,10,-4,9,-4,8,-4,8,-4,8,-3,7,-3,7,-2,6,-2,6,-2,5,-2,5,-1,4,-1,4,-1,3,0,3,0,3,0,2,0,2,1,2,1,1,1,0,1,1,1,0,2,0,2,0,0,0,2,-1,3,-2,2,-2,3,-2,3,-3,3,-3,4,-4,4,-4,4,-4,5,-4,4,-3,5,-4,5,-4,5,-4,5,-4,5,-3,6,-4,5,-3,6,-4,6,-3,6,-3,6,-3,6,-2,7,-1,6,-1,6,0,0,0,0,0,0,0,0,0,0,0,0,0,0,0,-14,72,-14,70,-10,67,-15,64,-12,64,-12,59,-10,57,-8,54,-9,45,-9,48,-11,39,-6,39,-5,39,-4,36,-3,31,1,28,0,26,3,24,4,21,3,23,5,17,10,13,5,15,8,8,12,9,10,8,11,7,7,-1,8,-1,12,-3,13,-8,12,-10,15,-7,16,-14,16,-15,13,-14,17,-21,15,-22,21,-24,18,-22,21,-24,20,-28,23,-27,25,-28,27,-26,27,-26,28,-26,23,-22,27,-26,27,-25,31,-22,32,-24,32,-23,32,-20,32,-17,37,-11,36,-12,0,0,0,0,0,0,0,0,0,0,0,0,0,0,0,0,0,0,0,0,0,0,-41,-15,-38,-16,-43,-20,-39,-26,-41,-29,-41,-30,-42,-34,-40,-35,-40,-36,-39,-37,-42,-34,-44,-45,-42,-44,-44,-48,-43,-53,-44,-52,-47,-54,-45,-55,-47,-53,-43,-58,-47,-60,-44,-65,-44,-59,-46,-60,-46,-62,-44,-62,-40,-61,-43,-62,-42,-59,-46,-56,-44,-56,-44,-58,-44,-53,-46,-52,-45,-50,-43,-47,-46,-44,-47,-42,-48,-38,-50,-39,-51,-34,-53,-31,-57,-29,-55,-23,-55,-25,-60,-13,-59,-15,-67,-15,-68,-16,-69,-15,-68,-12,-75,-11,-72,-13,-74,-10,-79,-12,-73,-10,-80,-14,0,0]"
CSI_DATA,33,1a:00:00:00:00:00,-47,11,1,0,1,1,1,0,0,0,1,-96,0,11,2,689999,0,44,0,384,0,"[0,0,0,0,0,0,0,0,0,0,0,0,11,-2,10,-2,10,-2,9,-2,9,-2,8,-2,7,-2,6,-2,6,-2,6,-2,5,-2,4,-2,4,-2,3,-2,3,-2,2,-2,2,-3,1,-3,1,-2,1,-3,0,-2,0,-2,-1,-3,-1,-2,-1,-2,-2,-3,0,0,-3,-3,-3,-2,-3,-2,-4,-2,-4,-2,-4,-2,-5,-2,-5,-2,-6,-3,-6,-2,-6,-3,-6,-3,-6,-3,-6,-3,-6,-4,-6,-4,-6,-3,-6,-4,-6,-4,-6,-4,-6,-4,-5,-5,-5,-5,-5,-5,-5,-6,-4,-6,0,0,0,0,0,0,0,0,0,0,0,0,0,0,73,-10,68,-9,73,-9,67,-10,63,-9,58,-6,54,-9,57,-10,50,-9,49,-6,41,-7,45,-6,36,-10,36,-8,29,-9,27,-7,26,-13,22,-12,18,-13,17,-8,14,-14,10,-12,9,-10,8,-14,3,-13,-1,-15,-1,-12,-6,-15,-6,-12,-7,-9,-9,-14,-15,-12,-16,-14,-18,-8,-20,-8,-23,-12,-23,-14,-26,-14,-27,-9,-25,-11,-26,-12,-28,-11,-27,-17,-29,-11,-30,-16,-34,-17,-33,-16,-30,-19,-31,-22,-33,-19,-34,-22,-32,-23,-30,-25,-27,-29,-25,-28,-23,-33,-20,-33,0,0,0,0,0,0,0,0,0,0,0,0,0,0,0,0,0,0,0,0,0,0,0,41,-2,41,-7,44,-6,48,-11,49,-15,48,-16,46,-18,49,-17,54,-22,55,-22,54,-24,53,-26,56,-27,55,-30,57,-31,57,-30,58,-35,61,-37,61,-39,58,-38,58,-37,63,-44,64,-44,62,-47,61,-41,60,-43,56,-45,60,-42,56,-38,60,-38,54,-37,58,-34,58,-34,54,-32,60,-29,56,-26,62,-23,58,-25,53,-20,57,-17,56,-12,58,-8,62,-6,58,-3,58,4,67,3,61,7,65,4,64,9,69,11,68,12,71,12,73,13,71,16,77,10,73,19,76,0,0]"
CSI_DATA,34,1a:00:00:00:00:00,-47,11,1,0,1,1,1,0,0,0,1,-96,0,11,2,699826,0,44,0,384,0,"[0,0,0,0,0,0,0,0,0,0,0,0,11,0,10,0,10,1,9,0,9,0,8,0,7,0,7,0,6,-1,6,-1,6,-1,5,-1,4,-1,4,-1,3,-1,3,-2,2,-2,2,-2,1,-2,1,-2,1,-2,0,-2,0,-3,0,-2,-1,-3,-1,-3,0,0,-2,-3,-2,-3,-3,-3,-4,-3,-4,-3,-4,-3,-4,-4,-4,-3,-5,-3,-5,-4,-5,-4,-5,-4,-5,-4,-5,-4,-6,-5,-5,-5,-5,-5,-5,-5,-5,-5,-5,-6,-5,-6,-4,-6,-4,-6,-4,-6,-3,-6,-3,-7,0,0,0,0,0,0,0,0,0,0,0,0,0,0,75,3,73,2,72,-1,66,1,63,2,59,-1,60,0,54,-3,52,0,48,-1,40,1,39,-2,37,-3,36,-3,35,-1,28,-9,27,-5,24,-6,21,-6,13,-8,13,-14,15,-8,12,-10,9,-8,6,-8,4,-12,3,-14,-1,-12,-3,-13,-8,-13,-13,-8,-8,-13,-13,-12,-14,-11,-21,-12,-17,-15,-15,-13,-23,-16,-22,-18,-25,-16,-27,-17,-30,-14,-29,-20,-27,-18,-30,-19,-30,-23,-28,-24,-30,-22,-30,-24,-29,-24,-32,-28,-29,-30,-27,-29,-27,-33,-21,-33,-19,-32,-15,-31,0,0,0,0,0,0,0,0,0,0,0,0,0,0,0,0,0,0,0,0,0,0,-3,42,-7,39,-13,46,-18,49,-20,43,-22,45,-25,41,-27,45,-31,48,-33,47,-34,47,-34,51,-36,51,-39,53,-40,53,-41,52,-42,53,-43,55,-44,51,-49,50,-50,49,-53,54,-53,54,-56,52,-52,52,-54,53,-49,53,-50,48,-49,50,-50,49,-47,48,-48,51,-43,51,-42,47,-41,51,-39,49,-35,50,-30,56,-31,52,-29,55,-23,53,-26,56,-20,57,-16,56,-10,57,-7,64,-9,63,-9,62,-3,65,-3,71,-3,66,1,70,4,73,0,74,4,76,4,77,1,77,0,0]"
CSI_DATA,35,1a:00:00:00:00:00,-47,11,1,0,1,1,1,0,0,0,1,-96,0,11,2,709999,0,44,0,384,0,"[0,0,0,0,0,0,0,0,0,0,0,0,3,-12,3,-11,2,-11,2,-11,2,-10,2,-9,1,-9,1,-8,1,-7,0,-7,1,-7,0,-6,0,-6,-1,-5,-1,-4,-1,-4,-1,-4,-1,-4,-2,-3,-2,-3,-2,-2,-2,-2,-2,-1,-3,0,-3,0,-3,0,0,0,-3,1,-3,1,-4,2,-4,2,-4,2,-4,3,-5,3,-4,3,-5,3,-5,3,-5,3,-6,3,-6,3,-6,3,-6,3,-6,3,-7,3,-6,2,-7,3,-7,2,-7,2,-7,2,-7,1,-7,1,-7,0,-7,0,0,0,0,0,0,0,0,0,0,0,0,0,0,0,20,-72,19,-75,21,-71,16,-65,16,-61,21,-60,14,-57,21,-54,16,-53,12,-47,7,-43,10,-42,9,-36,6,-36,4,-32,3,-32,1,-29,-2,-30,-4,-23,-1,-19,-3,-22,-7,-14,-5,-13,-7,-10,-8,-10,-11,-10,-12,0,-11,-2,-16,-2,-12,2,-15,7,-17,5,-17,10,-17,8,-22,13,-20,14,-20,14,-21,17,-23,21,-26,19,-29,19,-28,18,-27,22,-29,22,-30,22,-31,23,-33,22,-34,22,-36,18,-33,23,-38,16,-34,18,-37,15,-41,13,-38,9,-41,5,-35,2,0,0,0,0,0,0,0,0,0,0,0,0,0,0,0,0,0,0,0,0,0,0,40,10,45,12,39,20,46,21,43,25,41,30,41,28,44,29,42,35,41,38,44,36,44,41,45,43,48,46,44,46,46,49,46,51,44,49,47,56,46,56,45,57,48,59,47,62,43,62,43,63,46,63,42,61,40,61,41,60,44,60,39,58,42,55,45,53,44,52,46,50,44,46,43,43,41,45,49,36,50,38,50,35,52,33,55,28,58,28,59,24,56,19,59,20,65,17,62,16,67,20,68,12,72,15,74,16,78,16,82,18,81,20,76,16,0,0]"
CSI_DATA,36,1a:00:00:00:00:00,-47,11,1,0,1,1,1,0,0,0,1,-96,0,11,2,719704,0,44,0,384,0,"[0,0,0,0,0,0,0,0,0,0,0,0,1,11,1,11,2,10,1,9,1,9,1,8,1,8,1,7,1,7,1,6,1,6,1,5,1,4,2,3,2,3,2,3,2,2,1,2,1,1,2,1,2,0,2,0,2,0,2,-1,2,-2,1,-2,0,0,2,-2,2,-3,2,-4,1,-4,2,-4,2,-5,2,-5,2,-5,2,-5,2,-6,2,-6,3,-6,3,-6,3,-6,3,-6,3,-6,4,-6,4,-6,3,-6,4,-6,4,-6,5,-5,5,-5,5,-5,5,-4,6,-3,0,0,0,0,0,0,0,0,0,0,0,0,0,0,25,71,17,69,22,65,23,66,20,59,19,56,16,56,19,52,17,48,17,45,15,46,16,38,17,34,13,35,13,30,19,27,9,23,13,19,14,17,15,14,12,9,14,8,15,3,14,6,14,0,10,-1,9,-3,7,-2,7,-10,6,-6,7,-13,7,-14,6,-14,6,-19,8,-20,6,-23,7,-24,5,-30,6,-29,9,-29,11,-30,12,-32,11,-33,11,-34,11,-36,12,-35,10,-38,12,-38,11,-34,17,-37,17,-34,15,-38,24,-32,23,-29,24,-28,28,-26,27,-25,0,0,0,0,0,0,0,0,0,0,0,0,0,0,0,0,0,0,0,0,0,0,-39,10,-44,8,-42,5,-47,1,-53,0,-47,-2,-49,-4,-52,-3,-58,-7,-56,-9,-58,-11,-57,-11,-64,-12,-62,-15,-62,-15,-65,-16,-66,-20,-67,-22,-68,-22,-70,-20,-70,-21,-72,-24,-71,-27,-67,-28,-68,-28,-70,-28,-65,-30,-68,-26,-64,-27,-66,-25,-67,-23,-64,-25,-64,-21,-65,-19,-64,-16,-61,-14,-61,-16,-62,-12,-60,-8,-58,-8,-61,-4,-60,0,-62,1,-63,7,-61,8,-65,15,-61,16,-64,23,-68,22,-67,24,-67,23,-70,25,-70,28,-69,26,-70,26,-71,29,-73,31,0,0]"
CSI_DATA,37,1a:00:00:00:00:00,-47,11,1,0,1,1,1,0,0,0,1,-96,0,11,2,750419,0,44,0,384,0,"[0,0,0,0,0,0,0,0,0,0,0,0,-12,-1,-12,-1,-10,-2,-11,-2,-10,-1,-10,-1,-8,-1,-8,-1,-8,0,-7,0,-7,0,-6,1,-5,0,-5,0,-4,1,-4,1,-3,1,-3,1,-3,1,-2,1,-2,1,-2,1,-1,2,-1,1,0,2,0,2,0,0,2,2,1,2,2,2,3,2,3,2,3,3,3,2,3,3,3,3,4,3,4,4,4,3,4,4,4,4,4,5,4,5,4,4,4,5,4,5,4,5,3,5,3,6,3,5,3,6,2,6,1,6,0,0,0,0,0,0,0,0,0,0,0,0,0,0,-71,-31,-64,-28,-67,-28,-60,-31,-60,-25,-53,-27,-57,-22,-50,-22,-48,-23,-48,-16,-39,-18,-37,-17,-41,-16,-33,-14,-29,-9,-29,-6,-29,-5,-28,-2,-26,-2,-17,-3,-22,2,-13,3,-15,2,-12,8,-8,3,-9,9,-5,8,-4,16,-1,10,6,14,2,12,7,13,7,17,11,23,10,17,10,19,15,24,11,24,15,23,16,28,15,25,20,24,17,29,17,31,18,30,15,28,19,32,16,31,14,34,14,35,12,39,9,34,10,38,6,36,5,39,4,39,0,37,0,0,0,0,0,0,0,0,0,0,0,0,0,0,0,0,0,0,0,0,0,0,14,-35,22,-39,23,-38,30,-39,30,-37,30,-37,35,-34,38,-37,43,-36,40,-36,42,-37,49,-37,50,-39,50,-40,57,-39,54,-33,61,-40,55,-37,58,-37,62,-29,66,-37,68,-36,62,-28,64,-36,64,-34,64,-33,70,-36,65,-38,62,-32,67,-31,61,-32,60,-35,58,-30,62,-30,57,-33,53,-38,49,-35,45,-38,46,-40,46,-42,42,-47,34,-44,39,-49,35,-51,32,-54,28,-52,33,-54,30,-57,28,-63,28,-64,24,-65,25,-71,28,-75,22,-66,22,-76,26,-77,26,-71,0,0]"
CSI_DATA,38,1a:00:00:00:00:00,-47,11,1,0,1,1,1,0,0,0,1,-96,0,11,2,760062,0,44,0,384,0,"[0,0,0,0,0,0,0,0,0,0,0,0,-7,-10,-7,-9,-7,-9,-6,-9,-6,-8,-6,-8,-5,-7,-5,-7,-4,-6,-5,-5,-4,-5,-4,-5,-4,-4,-4,-3,-4,-3,-3,-2,-4,-2,-3,-1,-3,-1,-3,-1,-3,0,-3,0,-2,0,-2,1,-2,1,-2,1,0,0,-1,2,-1,3,-1,3,-1,4,-1,4,-1,4,-1,5,-1,5,-1,5,-1,6,-1,6,-1,6,-2,6,-1,6,-1,6,-1,6,-2,6,-2,6,-3,6,-2,6,-3,6,-3,6,-4,6,-4,6,-4,5,-5,5,0,0,0,0,0,0,0,0,0,0,0,0,0,0,-50,-61,-39,-58,-44,-54,-40,-50,-39,-54,-36,-50,-34,-47,-36,-47,-35,-38,-29,-42,-28,-35,-28,-33,-24,-26,-22,-27,-23,-23,-20,-23,-18,-22,-19,-12,-19,-9,-23,-11,-20,-7,-18,-7,-15,-1,-13,-4,-12,2,-9,1,-9,5,-7,9,-11,9,-10,12,-7,12,-5,14,-1,15,0,23,0,21,-3,24,1,25,5,29,0,31,1,32,0,29,0,31,-4,38,-6,36,-5,34,-4,41,-4,37,-7,39,-9,33,-6,33,-9,35,-10,39,-14,35,-11,34,-18,31,-21,35,-21,29,0,0,0,0,0,0,0,0,0,0,0,0,0,0,0,0,0,0,0,0,0,0,29,-27,36,-24,40,-23,42,-25,42,-17,48,-20,47,-19,49,-15,48,-16,52,-13,56,-14,57,-11,61,-11,63,-9,63,-12,65,-8,68,-9,68,-5,71,-10,73,-5,68,-4,72,-3,73,-2,73,-1,70,-1,71,-4,70,0,71,-1,67,0,69,-4,67,-3,70,-2,67,-5,66,-6,68,-6,62,-9,60,-12,63,-11,60,-15,58,-17,55,-18,56,-23,58,-24,57,-30,57,-30,52,-31,53,-33,53,-39,50,-42,55,-40,54,-45,53,-48,56,-53,57,-48,57,-54,59,-50,60,-52,0,0]"
CSI_DATA,39,1a:00:00:00:00:00,-47,11,1,0,1,1,1,0,0,0,1,-96,0,11,2,780373,0,44,0,384,0,"[0,0,0,0,0,0,0,0,0,0,0,0,11,1,11,1,10,0,10,1,9,1,8,0,8,0,7,0,7,0,6,0,6,-1,5,-1,4,-1,4,-1,4,-2,3,-2,2,-2,2,-2,2,-2,1,-2,1,-3,0,-3,0,-3,-1,-2,-1,-3,-2,-3,0,0,-2,-3,-2,-3,-3,-3,-4,-3,-4,-3,-3,-3,-4,-4,-4,-4,-5,-4,-5,-5,-5,-5,-5,-5,-5,-5,-5,-5,-5,-6,-5,-6,-5,-6,-5,-6,-5,-6,-5,-6,-5,-7,-4,-7,-4,-7,-3,-7,-2,-7,-2,-7,0,0,0,0,0,0,0,0,0,0,0,0,0,0,74,-2,72,8,72,2,63,8,66,8,59,1,58,5,56,2,49,6,46,4,39,-1,39,1,36,-1,39,0,35,1,30,-3,28,-5,28,-8,19,-4,19,-7,17,-8,14,-9,9,-8,12,-8,6,-13,3,-12,1,-12,0,-12,-5,-12,-9,-17,-4,-11,-11,-12,-12,-16,-14,-12,-15,-15,-18,-18,-21,-17,-20,-21,-19,-25,-20,-22,-22,-21,-21,-27,-27,-26,-25,-27,-27,-24,-26,-31,-21,-34,-29,-33,-22,-25,-25,-32,-21,-31,-22,-34,-16,-33,-17,-35,-13,-35,-7,-38,-6,-35,0,0,0,0,0,0,0,0,0,0,0,0,0,0,0,0,0,0,0,0,0,0,6,40,-3,41,-5,45,-7,46,-11,48,-11,46,-15,47,-17,49,-20,50,-20,53,-22,52,-25,53,-27,59,-30,55,-34,59,-31,57,-35,57,-35,61,-36,57,-38,62,-40,56,-42,61,-42,61,-46,60,-48,54,-47,59,-43,58,-42,59,-46,59,-42,54,-45,55,-42,53,-41,58,-39,55,-39,57,-34,54,-28,57,-28,52,-25,54,-22,55,-20,53,-19,55,-17,58,-12,57,-10,59,-9,63,-8,62,-3,67,-3,69,-3,64,0,70,3,74,4,71,3,73,0,76,2,75,5,80,0,0]"
CSI_DATA,40,1a:00:00:00:00:00,-47,11,1,0,1,1,1,0,0,0,1,-96,0,11,2,791203,0,44,0,384,0,"[0,0,0,0,0,0,0,0,0,0,0,0,9,6,8,6,8,5,8,5,7,5,6,5,6,4,6,4,5,3,5,3,5,2,4,2,4,2,4,1,4,1,3,0,3,0,2,-1,2,-1,2,-1,2,-1,1,-2,1,-2,0,-2,0,-3,0,-2,0,0,-1,-3,-1,-4,-1,-4,-2,-4,-2,-5,-2,-5,-2,-5,-2,-5,-3,-6,-3,-6,-3,-6,-2,-6,-2,-7,-2,-7,-3,-7,-3,-7,-2,-7,-2,-7,-2,-7,-2,-7,-2,-7,-1,-8,-1,-7,0,-7,0,-7,1,-7,0,0,0,0,0,0,0,0,0,0,0,0,0,0,63,45,52,47,57,49,50,43,47,43,51,40,45,35,42,39,36,36,36,33,32,31,36,23,30,20,28,20,27,16,26,13,24,14,20,8,18,6,20,7,20,1,16,2,13,-2,13,-3,13,-5,13,-8,5,-3,9,-11,3,-8,4,-12,1,-19,-1,-15,-1,-18,-3,-21,-4,-22,-3,-26,-3,-27,-6,-27,-5,-29,-10,-30,-7,-32,-8,-37,-9,-36,-8,-37,-7,-38,-6,-36,-7,-36,-7,-39,-4,-41,-2,-40,1,-41,3,-39,5,-38,7,-36,7,-40,11,-36,11,-36,0,0,0,0,0,0,0,0,0,0,0,0,0,0,0,0,0,0,0,0,0,0,-24,31,-27,32,-32,31,-37,33,-37,29,-43,26,-45,24,-43,26,-46,24,-47,25,-47,24,-53,26,-56,27,-61,27,-61,26,-60,22,-67,25,-64,25,-68,21,-68,19,-71,20,-72,19,-67,17,-73,20,-72,17,-71,19,-69,15,-72,19,-67,19,-68,18,-63,18,-68,19,-63,18,-63,19,-59,19,-63,24,-59,23,-57,25,-55,28,-52,29,-53,31,-49,37,-51,36,-49,38,-47,42,-42,42,-42,45,-38,50,-43,54,-42,54,-41,57,-42,60,-45,62,-42,58,-45,67,-49,69,-42,63,0,0]"
CSI_DATA,41,1a:00:00:00:00:00,-47,11,1,0,1,1,1,0,0,0,1,-96,0,11,2,799502,0,44,0,384,0,"[0,0,0,0,0,0,0,0,0,0,0,0,-12,-3,-12,-3,-11,-3,-11,-3,-10,-3,-9,-2,-9,-2,-8,-2,-8,-2,-7,-1,-7,-1,-6,0,-6,-1,-5,0,-5,0,-4,1,-4,1,-3,1,-3,1,-2,1,-2,1,-2,1,-1,1,-1,2,0,2,0,2,0,0,1,2,1,2,2,2,2,3,2,3,3,3,3,3,3,3,3,4,4,4,4,4,4,4,4,4,4,4,4,5,4,5,3,5,4,5,3,6,3,6,3,6,3,6,2,6,2,6,1,6,1,6,0,0,0,0,0,0,0,0,0,0,0,0,0,0,-78,-16,-71,-15,-68,-16,-68,-13,-65,-15,-61,-16,-56,-10,-55,-15,-50,-8,-50,-11,-46,-10,-41,-3,-40,-8,-34,-5,-31,-5,-31,1,-29,2,-28,2,-25,2,-21,3,-19,5,-16,5,-12,6,-11,8,-9,8,-6,11,-2,8,1,12,3,14,4,13,6,13,9,12,10,14,16,15,15,15,15,17,19,20,21,18,21,22,22,20,24,22,22,23,26,24,25,26,24,27,22,27,23,31,23,27,23,30,20,28,21,33,18,36,20,34,16,34,14,36,8,41,7,37,0,0,0,0,0,0,0,0,0,0,0,0,0,0,0,0,0,0,0,0,0,0,10,-38,13,-40,18,-41,22,-42,28,-40,26,-41,31,-40,31,-38,37,-40,38,-41,33,-40,36,-48,38,-45,41,-47,45,-48,47,-44,49,-47,49,-45,55,-47,54,-45,52,-47,54,-45,55,-45,53,-46,60,-42,57,-42,60,-46,59,-44,57,-42,57,-47,53,-40,54,-45,52,-44,50,-42,48,-43,46,-43,44,-45,40,-48,37,-47,33,-52,34,-52,29,-55,25,-59,24,-59,21,-60,15,-57,18,-58,16,-66,14,-67,14,-71,13,-74,7,-70,14,-77,12,-71,11,-77,12,-78,12,-82,0,0]"
CSI_DATA,42,1a:00:00:00:00:00,-47,11,1,0,1,1,1,0,0,0,1,-96,0,11,2,809507,0,44,0,384,0,"[0,0,0,0,0,0,0,0,0,0,0,0,-12,2,-12,2,-11,2,-11,2,-10,2,-9,2,-8,2,-8,2,-7,2,-7,1,-6,2,-6,2,-5,2,-4,2,-4,1,-3,2,-3,2,-3,2,-2,2,-2,1,-1,2,-1,2,0,2,0,1,0,1,1,1,0,0,2,1,2,1,3,0,3,1,4,1,4,1,4,1,4,1,5,1,5,1,5,2,5,1,5,1,6,2,5,2,6,2,6,2,6,3,6,3,6,3,6,3,5,4,5,4,5,4,5,5,4,5,0,0,0,0,0,0,0,0,0,0,0,0,0,0,-82,-2,-73,-1,-71,-3,-68,-5,-65,-1,-63,0,-59,-2,-57,-1,-53,-1,-50,-4,-48,-1,-44,3,-38,0,-38,0,-32,1,-31,2,-32,7,-24,8,-21,7,-17,7,-16,10,-15,11,-11,9,-7,11,-11,7,-4,9,1,12,-3,10,2,12,7,9,7,11,9,8,12,12,16,12,18,13,20,13,22,16,20,16,20,17,25,14,26,18,28,17,29,20,26,21,30,20,30,21,32,22,30,22,29,25,27,26,31,28,25,29,23,28,22,29,22,30,19,30,14,35,0,0,0,0,0,0,0,0,0,0,0,0,0,0,0,0,0,0,0,0,0,0,11,-42,11,-42,16,-42,20,-43,18,-47,25,-43,27,-43,29,-44,28,-46,31,-46,35,-46,33,-49,36,-51,39,-50,39,-52,42,-50,47,-53,44,-52,44,-52,50,-51,52,-53,55,-50,49,-50,53,-52,53,-50,51,-54,55,-55,54,-50,49,-51,49,-49,49,-51,45,-50,46,-53,42,-47,44,-51,39,-49,36,-51,32,-50,33,-54,28,-54,25,-60,22,-55,18,-59,15,-62,12,-62,14,-61,14,-64,4,-65,5,-70,7,-70,1,-71,-1,-76,-2,-74,-4,-74,-6,-76,5,-78,-2,-77,0,0]"
CSI_DATA,43,1a:00:00:00:00:00,-47,11,1,0,1,1,1,0,0,0,1,-96,0,11,2,839600,0,44,0,384,0,"[0,0,0,0,0,0,0,0,0,0,0,0,-7,-11,-7,-10,-7,-9,-6,-9,-6,-9,-6,-7,-5,-8,-5,-6,-5,-6,-5,-6,-4,-5,-4,-5,-4,-4,-4,-3,-4,-3,-3,-3,-3,-2,-3,-2,-3,-1,-3,-1,-3,0,-3,0,-2,0,-2,1,-2,1,-1,1,0,0,-1,2,-1,3,-1,3,-1,3,-1,4,-1,4,-1,5,-1,5,-1,5,0,5,-1,6,-1,6,-2,6,-1,6,-1,6,-2,6,-2,7,-2,6,-2,7,-2,6,-3,6,-3,6,-4,6,-4,6,-4,6,-5,5,0,0,0,0,0,0,0,0,0,0,0,0,0,0,-46,-63,-48,-56,-43,-60,-37,-58,-39,-52,-33,-48,-36,-47,-36,-43,-30,-39,-26,-37,-29,-33,-29,-34,-25,-30,-24,-31,-22,-26,-23,-20,-19,-19,-23,-17,-18,-13,-19,-10,-17,-13,-14,-9,-18,0,-15,0,-10,-1,-8,3,-8,2,-10,8,-11,8,-8,14,-4,13,-4,20,-4,16,-3,20,-2,24,-1,25,-1,23,-4,28,-3,28,3,30,-2,29,-2,33,-4,34,0,36,-3,34,-6,37,-4,36,-8,38,-9,34,-8,35,-14,37,-12,39,-13,36,-19,34,-18,34,-18,30,-20,30,0,0,0,0,0,0,0,0,0,0,0,0,0,0,0,0,0,0,0,0,0,0,32,-27,31,-24,39,-26,41,-24,43,-21,45,-18,49,-15,49,-15,54,-15,51,-17,57,-15,58,-13,61,-14,59,-12,65,-10,66,-8,68,-9,67,-9,68,-9,72,-6,71,-4,75,-1,74,2,70,-3,74,3,71,-2,71,2,72,-2,68,-3,72,-2,70,0,69,-1,65,-2,66,-5,68,-7,65,-5,61,-12,59,-13,59,-13,59,-16,60,-18,57,-20,57,-26,54,-29,50,-28,55,-28,51,-37,50,-39,55,-42,52,-44,52,-41,56,-48,57,-47,55,-53,57,-53,56,-51,61,-53,0,0]"
CSI_DATA,44,1a:00:00:00:00:00,-47,11,1,0,1,1,1,0,0,0,1,-96,0,11,2,859553,0,44,0,384,0,"[0,0,0,0,0,0,0,0,0,0,0,0,-2,11,-3,10,-2,10,-2,9,-2,9,-2,8,-2,8,-1,7,-1,7,-1,6,-1,6,-1,5,0,5,0,4,0,3,0,3,1,3,1,2,1,2,1,1,1,0,1,0,1,0,2,0,2,-1,2,-1,0,0,2,-2,2,-3,3,-3,2,-3,3,-4,3,-4,3,-4,3,-5,3,-4,3,-5,4,-5,4,-5,4,-5,4,-5,4,-5,4,-5,5,-5,5,-5,5,-5,5,-4,5,-5,6,-4,6,-4,6,-3,6,-3,6,-2,0,0,0,0,0,0,0,0,0,0,0,0,0,0,-13,78,-15,72,-9,72,-12,69,-13,64,-11,61,-12,57,-11,57,-8,50,-8,49,-9,44,-5,41,-4,40,-6,35,2,39,4,33,1,26,2,22,8,22,3,19,7,19,5,17,8,14,6,11,10,5,13,1,10,-1,13,2,8,-2,15,-4,13,-8,15,-13,12,-8,17,-13,14,-18,20,-18,20,-22,21,-20,18,-22,21,-23,25,-27,23,-24,24,-23,21,-26,29,-25,26,-28,25,-28,26,-24,35,-22,32,-26,34,-21,37,-19,35,-23,37,-19,33,-13,38,-14,38,-10,0,0,0,0,0,0,0,0,0,0,0,0,0,0,0,0,0,0,0,0,0,0,-43,-9,-45,-11,-43,-14,-47,-21,-42,-20,-46,-24,-44,-28,-45,-32,-46,-31,-46,-31,-49,-33,-50,-37,-49,-37,-48,-40,-56,-44,-46,-44,-56,-48,-50,-50,-53,-49,-50,-50,-47,-53,-54,-54,-51,-54,-51,-57,-48,-54,-53,-58,-48,-56,-54,-58,-44,-51,-52,-57,-50,-54,-52,-49,-48,-51,-47,-47,-51,-45,-49,-41,-49,-41,-51,-38,-51,-34,-50,-33,-57,-31,-57,-25,-59,-27,-59,-18,-64,-18,-70,-19,-63,-15,-63,-9,-69,-12,-69,-8,-74,-8,-73,-9,-80,-10,-80,-4,-78,-6,-80,-11,-81,-7,0,0]"
CSI_DATA,45,1a:00:00:00:00:00,-47,11,1,0,1,1,1,0,0,0,1,-96,0,11,2,869871,0,44,0,384,0,"[0,0,0,0,0,0,0,0,0,0,0,0,3,-12,3,-11,2,-10,3,-10,2,-9,2,-9,2,-8,2,-8,2,-7,1,-7,1,-7,0,-6,0,-5,0,-5,-1,-5,-1,-5,-1,-4,-2,-4,-2,-3,-2,-2,-2,-2,-2,-1,-2,-1,-3,-1,-3,-1,-3,0,0,0,-3,0,-3,1,-4,2,-3,2,-4,2,-4,3,-4,3,-5,3,-5,3,-5,3,-5,3,-5,4,-6,3,-6,3,-6,3,-6,3,-7,3,-7,3,-7,3,-7,2,-7,2,-7,2,-8,1,-8,1,-7,0,-7,0,0,0,0,0,0,0,0,0,0,0,0,0,0,0,47,-61,42,-59,40,-58,38,-54,36,-54,36,-52,36,-46,32,-43,30,-44,26,-41,20,-38,21,-35,17,-35,19,-31,11,-28,9,-25,11,-28,7,-24,7,-25,3,-18,0,-17,-2,-16,-1,-12,0,-13,-7,-12,-5,-8,-7,-6,-10,-9,-13,-4,-17,2,-14,0,-17,-1,-17,4,-18,5,-23,3,-22,7,-26,6,-29,9,-28,6,-30,10,-31,10,-30,10,-33,10,-32,12,-35,9,-35,9,-34,11,-40,11,-38,7,-39,8,-39,7,-38,4,-43,5,-41,-1,-38,-6,-39,-12,-36,-9,0,0,0,0,0,0,0,0,0,0,0,0,0,0,0,0,0,0,0,0,0,0,32,23,31,30,31,32,28,34,26,38,26,39,25,41,28,40,24,47,27,46,23,49,24,49,26,55,24,57,27,60,21,61,21,62,25,65,20,61,18,67,19,66,16,71,19,67,21,69,15,68,19,67,18,69,13,71,17,70,18,70,19,66,20,64,19,64,23,65,22,61,20,56,25,55,26,54,29,53,29,53,37,52,36,48,37,47,40,44,41,42,43,46,48,40,47,40,52,40,55,36,58,40,64,37,64,38,65,38,62,39,64,38,67,42,0,0]"
CSI_DATA,46,1a:00:00:00:00:00,-47,11,1,0,1,1,1,0,0,0,1,-96,0,11,2,880498,0,44,0,384,0,"[0,0,0,0,0,0,0,0,0,0,0,0,9,-8,8,-8,8,-8,8,-7,7,-7,7,-6,6,-6,5,-6,5,-6,4,-5,4,-5,3,-5,2,-4,2,-4,1,-4,1,-4,1,-4,0,-4,0,-3,-1,-3,-1,-2,-1,-2,-2,-2,-2,-2,-2,-2,-3,-2,0,0,-4,-1,-4,-1,-4,-1,-5,-1,-5,0,-5,0,-5,0,-6,0,-6,0,-7,0,-7,0,-7,1,-7,0,-7,0,-7,0,-7,0,-7,0,-8,-1,-7,-1,-7,-1,-8,-1,-8,-2,-7,-2,-7,-3,-7,-3,-7,-4,0,0,0,0,0,0,0,0,0,0,0,0,0,0,59,-44,58,-46,55,-46,52,-43,50,-38,47,-35,49,-36,44,-37,41,-30,40,-32,35,-31,31,-28,29,-26,27,-26,21,-27,16,-24,19,-24,11,-21,11,-21,8,-19,7,-15,1,-16,0,-14,1,-14,-6,-12,-4,-11,-7,-8,-8,-10,-12,-7,-12,-5,-15,-4,-18,0,-18,-2,-21,0,-25,-2,-19,0,-25,1,-29,4,-28,2,-32,1,-33,4,-35,3,-39,-1,-32,4,-36,4,-38,1,-42,0,-40,1,-41,-3,-38,-4,-40,-5,-38,-6,-37,-9,-41,-10,-38,-12,-36,-18,-34,-20,0,0,0,0,0,0,0,0,0,0,0,0,0,0,0,0,0,0,0,0,0,0,22,29,21,34,19,42,19,41,15,45,12,48,10,45,9,52,9,51,13,51,8,61,8,57,8,59,4,62,3,65,4,62,4,68,3,68,2,71,1,69,-1,66,-3,75,-4,72,-5,73,0,71,-3,72,-3,70,-3,71,-4,71,-3,73,-2,68,0,66,-2,68,1,63,2,65,8,60,8,61,12,60,12,60,15,58,19,56,22,49,26,55,27,53,27,55,35,47,38,49,38,56,39,54,43,48,51,54,46,52,47,58,51,56,53,56,53,60,53,60,0,0]"
CSI_DATA,47,1a:00:00:00:00:00,-48,11,1,0,1,1,1,0,0,0,1,-96,0,11,2,890423,0,44,0,384,0,"[0,0,0,0,0,0,0,0,0,0,0,0,-12,3,-11,2,-11,2,-10,2,-9,2,-9,3,-8,2,-7,2,-7,2,-6,2,-6,2,-5,2,-5,2,-4,2,-4,1,-3,2,-3,2,-2,2,-2,2,-1,2,-1,2,0,1,0,2,0,1,1,1,1,1,0,0,2,1,2,0,3,1,3,1,4,0,4,0,5,0,5,1,5,1,5,1,5,1,6,0,5,1,6,1,6,1,6,2,6,1,6,2,6,2,6,2,6,2,6,3,6,3,5,3,5,4,4,4,0,0,0,0,0,0,0,0,0,0,0,0,0,0,-71,17,-68,16,-66,19,-65,17,-62,22,-58,16,-54,14,-51,16,-49,15,-48,16,-40,10,-40,14,-35,14,-36,17,-31,12,-30,11,-27,17,-20,17,-18,12,-17,14,-10,13,-6,16,-5,14,-5,10,-2,14,2,10,3,10,8,8,8,9,13,7,10,8,16,6,12,3,17,3,23,5,21,9,25,7,27,1,29,5,33,6,31,7,31,5,33,6,32,4,35,6,38,8,38,8,38,9,36,11,39,13,38,9,35,15,34,15,32,17,32,20,27,20,30,24,0,0,0,0,0,0,0,0,0,0,0,0,0,0,0,0,0,0,0,0,0,0,1,-40,1,-43,7,-46,7,-48,10,-49,13,-46,11,-49,18,-48,19,-48,20,-52,22,-51,23,-56,23,-56,25,-58,28,-57,27,-59,29,-60,34,-60,33,-61,33,-65,34,-62,33,-60,35,-62,37,-62,39,-63,34,-62,39,-65,35,-61,35,-63,31,-64,34,-60,31,-61,30,-62,28,-62,27,-60,22,-62,20,-59,16,-59,15,-57,11,-61,7,-63,4,-60,2,-59,-3,-66,-5,-62,-12,-64,-16,-65,-15,-64,-17,-66,-17,-67,-20,-70,-25,-70,-19,-68,-26,-73,-28,-74,-26,-79,-25,-76,0,0]"
CSI_DATA,48,1a:00:00:00:00:00,-47,11,1,0,1,1,1,0,0,0,1,-96,0,11,2,899581,0,44,0,384,0,"[0,0,0,0,0,0,0,0,0,0,0,0,6,9,5,9,5,8,5,8,5,7,4,6,4,6,4,5,3,5,3,4,3,4,3,3,3,3,3,2,3,2,2,1,2,1,2,0,2,0,2,0,2,0,2,-1,1,-1,1,-2,1,-2,1,-2,0,0,1,-3,0,-4,0,-4,0,-4,0,-5,0,-5,0,-5,0,-6,0,-6,0,-6,0,-6,0,-6,1,-7,1,-7,1,-7,1,-7,1,-7,1,-7,1,-7,2,-7,2,-7,2,-6,3,-7,3,-6,3,-6,4,-5,0,0,0,0,0,0,0,0,0,0,0,0,0,0,32,64,30,66,30,61,28,60,29,63,24,54,23,49,22,49,23,47,21,44,20,37,19,37,20,31,19,29,16,24,19,23,15,22,17,13,15,17,16,13,13,8,17,6,14,9,13,1,11,-1,13,-4,6,-3,8,-3,4,-10,6,-10,7,-13,4,-14,6,-17,2,-20,5,-25,6,-27,5,-27,2,-27,-1,-29,4,-32,4,-32,6,-32,4,-37,2,-39,5,-40,5,-38,8,-38,10,-38,11,-37,12,-40,15,-39,13,-39,16,-37,14,-37,19,-33,22,-31,26,-30,0,0,0,0,0,0,0,0,0,0,0,0,0,0,0,0,0,0,0,0,0,0,-39,15,-45,11,-42,11,-46,9,-49,6,-49,2,-50,1,-54,-1,-53,-3,-56,-5,-58,-3,-58,-6,-62,-4,-66,-6,-64,-8,-64,-11,-70,-15,-67,-15,-69,-14,-71,-19,-70,-12,-74,-23,-70,-20,-68,-17,-71,-19,-72,-15,-72,-22,-67,-20,-67,-18,-73,-21,-67,-18,-63,-14,-65,-17,-66,-11,-67,-11,-62,-9,-62,-7,-64,-4,-58,1,-60,0,-63,6,-57,7,-61,11,-63,13,-58,17,-61,20,-63,23,-58,24,-62,28,-62,30,-61,31,-62,32,-67,37,-63,38,-69,37,-73,36,-72,33,0,0]"
CSI_DATA,49,1a:00:00:00:00:00,-47,11,1,0,1,1,1,0,0,0,1,-96,0,11,2,910912,0,44,0,384,0,"[0,0,0,0,0,0,0,0,0,0,0,0,0,-13,0,-12,0,-11,0,-11,0,-10,-1,-10,0,-9,-1,-8,-1,-8,-1,-7,-1,-7,-1,-6,-1,-6,-2,-5,-2,-4,-2,-4,-2,-4,-2,-3,-3,-3,-3,-2,-2,-1,-3,-1,-2,-1,-3,0,-3,0,-3,0,0,0,-3,2,-3,2,-3,3,-3,2,-3,3,-4,3,-4,4,-4,4,-4,4,-4,4,-4,4,-5,4,-5,4,-5,4,-5,4,-5,4,-5,4,-6,4,-6,4,-6,4,-6,4,-6,4,-7,3,-7,2,-7,2,-7,1,0,0,0,0,0,0,0,0,0,0,0,0,0,0,-7,-73,0,-76,-2,-76,-2,-68,-2,-65,0,-63,0,-60,0,-52,1,-50,1,-45,-1,-49,-5,-45,-7,-42,-5,-37,-1,-36,-7,-33,-5,-28,-6,-28,-10,-24,-11,-20,-14,-17,-14,-13,-11,-9,-8,-9,-11,-5,-11,-8,-13,-2,-9,-1,-12,2,-16,3,-12,6,-16,6,-18,13,-13,12,-17,17,-14,21,-16,22,-17,21,-18,24,-14,27,-22,27,-22,26,-23,28,-21,25,-25,26,-24,30,-28,24,-26,31,-28,25,-33,23,-30,25,-34,24,-33,22,-34,21,-33,19,-37,18,-35,12,0,0,0,0,0,0,0,0,0,0,0,0,0,0,0,0,0,0,0,0,0,0,43,-3,43,1,48,3,49,7,50,8,48,11,50,14,48,18,53,17,53,16,55,24,56,24,57,23,56,28,56,29,60,36,61,30,62,37,61,36,59,39,61,38,61,38,64,41,60,38,63,43,61,44,56,42,58,42,58,42,59,44,57,41,56,36,57,42,55,36,61,33,56,30,59,29,56,28,55,22,56,18,58,18,59,16,60,13,63,9,62,9,65,2,65,0,68,0,66,0,71,-4,72,-6,73,-3,75,-8,83,-11,79,-10,78,-8,87,-6,0,0]"
CSI_DATA,50,1a:00:00:00:00:00,-47,11,1,0,1,1,1,0,0,0,1,-96,0,11,2,919520,0,44,0,384,0,"[0,0,0,0,0,0,0,0,0,0,0,0,-1,-12,-1,-11,-1,-10,-1,-10,-1,-9,-1,-9,-1,-8,-1,-8,-1,-7,-2,-7,-1,-6,-2,-6,-2,-5,-2,-5,-2,-4,-2,-4,-2,-3,-2,-3,-3,-2,-3,-2,-3,-1,-2,-1,-2,-1,-3,0,-2,0,-3,0,0,0,-2,1,-3,2,-3,2,-3,3,-3,3,-3,3,-3,4,-4,4,-4,4,-3,4,-4,4,-4,4,-5,5,-4,5,-5,4,-5,4,-5,4,-5,4,-5,4,-6,4,-6,4,-6,4,-6,3,-6,3,-6,2,-7,2,0,0,0,0,0,0,0,0,0,0,0,0,0,0,-1,-80,-1,-74,-8,-72,-4,-68,-3,-66,-4,-65,-3,-60,-3,-56,0,-52,-3,-51,-8,-48,-2,-45,-4,-44,-8,-39,-7,-33,-8,-32,-7,-25,-5,-27,-10,-21,-10,-22,-12,-19,-10,-16,-13,-8,-11,-7,-11,-7,-10,-8,-9,-3,-10,4,-10,6,-13,5,-7,11,-13,11,-10,12,-14,17,-16,19,-14,23,-15,19,-14,21,-15,27,-18,27,-23,30,-21,27,-22,28,-22,26,-20,28,-24,31,-25,30,-25,29,-27,29,-27,29,-30,27,-28,26,-31,25,-32,22,-33,20,-36,16,-36,13,0,0,0,0,0,0,0,0,0,0,0,0,0,0,0,0,0,0,0,0,0,0,40,-4,43,0,44,4,45,5,47,11,48,12,49,15,54,17,54,20,49,23,55,24,54,24,58,26,58,29,59,31,59,32,60,34,62,34,60,37,64,39,60,38,62,43,64,43,60,43,60,41,59,43,59,45,57,44,59,42,59,41,56,37,59,37,60,38,57,33,60,30,59,29,56,26,60,27,54,24,60,27,60,13,58,16,61,11,59,7,58,5,65,-4,66,-4,65,-4,67,-6,72,-6,67,-7,74,-7,76,-7,73,-12,75,-11,80,-10,83,-14,0,0]"
CSI_DATA,51,1a:00:00:00:00:00,-47,11,1,0,1,1,1,0,0,0,1,-96,0,11,2,949957,0,44,0,384,0,"[0,0,0,0,0,0,0,0,0,0,0,0,1,-12,1,-12,1,-10,1,-10,1,-10,1,-9,0,-9,0,-8,0,-8,0,-7,-1,-7,-1,-6,-1,-5,-1,-5,-1,-4,-1,-4,-2,-4,-2,-3,-2,-2,-2,-2,-2,-2,-2,-1,-3,-1,-2,0,-3,0,-3,0,0,0,-3,1,-3,1,-3,2,-4,2,-4,3,-4,3,-4,3,-4,3,-4,3,-4,4,-5,4,-5,4,-6,4,-6,4,-5,4,-5,4,-6,4,-6,3,-6,4,-6,3,-6,3,-7,3,-7,2,-7,2,-7,2,-7,1,0,0,0,0,0,0,0,0,0,0,0,0,0,0,5,-78,9,-74,9,-69,5,-71,-1,-65,4,-62,2,-58,5,-57,5,-56,2,-51,1,-48,1,-45,-1,-43,-1,-39,-2,-35,-7,-33,-3,-29,-7,-23,-7,-23,-14,-18,-11,-16,-11,-12,-10,-11,-9,-11,-10,-9,-11,-3,-11,-3,-13,5,-11,2,-15,5,-12,9,-12,12,-11,15,-13,11,-10,19,-11,17,-15,22,-15,23,-17,28,-20,29,-21,32,-20,32,-20,32,-20,27,-22,29,-22,30,-22,29,-25,32,-27,30,-25,27,-31,26,-29,33,-28,29,-35,23,-30,22,-36,19,-33,17,0,0,0,0,0,0,0,0,0,0,0,0,0,0,0,0,0,0,0,0,0,0,44,14,43,18,42,19,41,23,42,26,39,28,39,30,38,34,42,38,43,38,42,39,45,43,44,42,46,43,46,44,48,51,48,48,44,55,43,51,46,57,49,52,45,60,44,58,45,58,44,59,46,59,47,59,42,55,47,55,44,54,46,56,44,49,50,51,46,53,47,48,44,44,53,38,49,35,48,31,54,31,54,27,57,27,58,25,60,21,59,21,64,17,65,12,65,10,69,9,71,6,70,4,70,1,72,1,76,-3,79,0,79,1,78,0,0,0]"
CSI_DATA,52,1a:00:00:00:00:00,-47,11,1,0,1,1,1,0,0,0,1,-96,0,11,2,959979,0,44,0,384,0,"[0,0,0,0,0,0,0,0,0,0,0,0,7,-10,7,-10,6,-9,5,-9,5,-8,5,-8,4,-7,4,-7,4,-7,3,-6,3,-6,2,-5,2,-5,1,-5,1,-4,0,-4,0,-4,0,-4,-1,-3,-1,-3,-1,-3,-2,-2,-2,-2,-2,-1,-2,-1,-3,-1,0,0,-3,-1,-4,0,-4,0,-4,1,-5,1,-5,1,-6,1,-6,1,-6,0,-6,1,-6,1,-7,1,-7,1,-7,1,-7,0,-7,1,-8,1,-7,0,-7,0,-8,0,-8,0,-8,-1,-8,-1,-8,-2,-7,-2,-7,-3,0,0,0,0,0,0,0,0,0,0,0,0,0,0,52,-64,48,-59,47,-56,46,-52,44,-52,46,-45,42,-45,37,-44,34,-40,34,-43,29,-38,25,-33,23,-29,21,-33,19,-30,17,-29,13,-24,10,-23,7,-21,6,-21,4,-20,3,-22,1,-17,-6,-13,-3,-12,-5,-10,-11,-7,-11,-8,-11,-8,-13,-3,-16,-3,-23,-2,-16,1,-21,3,-26,-1,-24,3,-27,5,-30,5,-32,4,-31,5,-35,5,-36,6,-35,7,-33,2,-40,4,-36,0,-41,3,-36,-2,-38,1,-41,-2,-40,-4,-40,-6,-41,-6,-39,-4,-41,-10,-38,-12,-36,-16,0,0,0,0,0,0,0,0,0,0,0,0,0,0,0,0,0,0,0,0,0,0,33,27,32,30,29,34,30,38,29,38,27,40,26,44,28,43,25,52,23,49,22,54,22,58,28,60,24,60,21,59,22,59,24,63,19,67,20,62,18,70,19,71,20,70,14,74,17,73,14,69,14,71,15,72,10,73,18,67,16,70,16,66,18,66,17,68,14,65,19,66,21,66,26,56,23,55,27,50,29,54,31,52,33,51,32,49,42,53,40,48,42,41,43,45,48,44,49,43,57,38,57,45,63,38,62,48,62,45,70,49,66,49,64,48,0,0]"
CSI_DATA,53,1a:00:00:00:00:00,-47,11,1,0,1,1,1,0,0,0,1,-96,0,11,2,969829,0,44,0,384,0,"[0,0,0,0,0,0,0,0,0,0,0,0,10,2,10,2,9,2,9,2,8,2,7,1,7,1,6,1,6,1,6,1,5,0,5,0,5,0,4,0,4,-1,3,-1,3,-2,2,-1,2,-2,1,-2,1,-2,0,-2,0,-2,0,-2,0,-3,-1,-3,0,0,-2,-3,-2,-3,-3,-3,-3,-4,-3,-4,-4,-4,-4,-4,-4,-4,-5,-4,-5,-5,-5,-5,-4,-5,-4,-5,-4,-5,-5,-6,-5,-6,-5,-5,-5,-6,-4,-6,-4,-6,-4,-7,-4,-7,-3,-7,-3,-6,-2,-7,-2,-7,0,0,0,0,0,0,0,0,0,0,0,0,0,0,68,30,68,27,65,27,61,25,56,25,59,27,48,19,53,21,44,22,49,17,45,18,37,13,39,12,36,11,30,11,29,4,25,4,24,1,22,-1,20,-2,20,-3,14,-7,10,-7,14,-8,10,-8,5,-13,4,-11,3,-12,-3,-14,-3,-13,-1,-13,-8,-15,-5,-19,-11,-20,-12,-18,-13,-20,-18,-23,-17,-24,-13,-26,-18,-28,-15,-28,-19,-27,-14,-29,-20,-31,-22,-32,-22,-32,-19,-36,-18,-36,-20,-38,-17,-37,-14,-37,-13,-40,-13,-40,-11,-38,-8,-40,-3,-38,-3,-36,0,0,0,0,0,0,0,0,0,0,0,0,0,0,0,0,0,0,0,0,0,0,-18,33,-24,39,-27,35,-33,38,-32,32,-35,35,-39,33,-39,36,-44,33,-40,32,-44,34,-51,35,-53,34,-50,37,-56,35,-52,33,-59,36,-56,35,-59,37,-63,33,-59,33,-65,35,-65,30,-68,33,-64,30,-65,34,-65,35,-67,32,-63,30,-64,34,-61,33,-62,34,-59,34,-57,35,-57,34,-55,37,-45,36,-48,36,-45,40,-45,41,-40,45,-38,41,-40,47,-37,49,-34,52,-33,52,-31,56,-27,56,-30,64,-26,60,-25,61,-23,69,-28,71,-24,64,-28,75,-28,80,-26,73,0,0]"
CSI_DATA,54,1a:00:00:00:00:00,-47,11,1,0,1,1,1,0,0,0,1,-96,0,11,2,979584,0,44,0,384,0,"[0,0,0,0,0,0,0,0,0,0,0,0,0,-12,1,-12,0,-11,1,-11,1,-10,0,-10,0,-9,0,-8,0,-8,-1,-7,-1,-7,-1,-6,-2,-6,-2,-5,-2,-5,-2,-4,-2,-4,-2,-3,-2,-3,-3,-3,-2,-2,-3,-1,-3,-1,-3,0,-3,1,-3,0,0,0,-3,1,-3,2,-3,2,-3,2,-4,3,-4,3,-4,3,-4,4,-4,4,-4,4,-5,4,-5,4,-5,4,-5,4,-5,4,-5,4,-6,4,-5,4,-6,4,-6,4,-7,3,-7,3,-7,3,-7,3,-7,2,-7,1,0,0,0,0,0,0,0,0,0,0,0,0,0,0,19,-74,24,-66,19,-69,20,-63,21,-62,16,-61,16,-52,16,-54,17,-46,13,-48,13,-50,12,-40,10,-41,7,-34,7,-36,4,-30,3,-28,-6,-26,-1,-22,-3,-18,-6,-21,-6,-15,-9,-14,-9,-11,-7,-8,-12,-8,-9,-5,-11,-2,-12,-4,-15,3,-17,3,-15,6,-12,7,-17,8,-18,10,-21,12,-21,17,-24,14,-26,19,-27,15,-29,18,-30,17,-29,20,-30,15,-30,20,-31,17,-36,18,-30,20,-41,17,-38,17,-35,14,-41,15,-35,8,-32,6,-37,5,-38,3,-39,1,0,0,0,0,0,0,0,0,0,0,0,0,0,0,0,0,0,0,0,0,0,0,38,9,40,14,37,18,44,17,44,22,42,27,45,28,41,36,44,33,42,32,45,39,44,40,44,40,45,46,46,44,46,45,45,45,44,52,47,53,47,53,41,54,47,56,41,58,42,59,41,59,43,59,42,61,43,60,41,56,46,57,44,54,42,55,42,57,42,49,44,51,40,50,41,39,42,42,44,39,47,40,50,35,50,32,55,30,55,27,54,27,55,25,58,20,66,16,64,16,64,17,64,18,72,14,74,14,71,15,71,9,81,16,72,18,0,0]"
CSI_DATA,55,1a:00:00:00:00:00,-47,11,1,0,1,1,1,0,0,0,1,-96,0,11,2,992142,0,44,0,384,0,"[0,0,0,0,0,0,0,0,0,0,0,0,-12,0,-12,0,-11,0,-11,-1,-10,0,-9,0,-9,0,-8,0,-7,0,-7,0,-6,1,-6,1,-6,1,-5,1,-4,1,-4,1,-3,1,-2,1,-3,1,-2,1,-2,1,-1,1,-1,2,0,1,0,1,1,2,0,0,2,1,2,1,2,2,3,2,3,2,3,2,4,2,4,2,4,3,4,3,5,3,5,3,5,3,5,3,5,3,5,3,5,3,5,4,5,4,5,4,5,4,4,4,4,5,4,5,3,5,3,6,0,0,0,0,0,0,0,0,0,0,0,0,0,0,-74,-13,-72,-8,-72,-8,-65,-10,-66,-13,-56,-13,-59,-9,-57,-4,-51,-9,-47,-9,-45,-2,-39,-4,-40,-5,-38,-3,-33,-4,-32,-2,-29,2,-27,1,-23,3,-20,5,-19,5,-17,6,-14,10,-11,9,-11,10,-9,11,-5,9,0,11,3,11,5,11,5,14,10,14,10,16,11,16,16,14,17,18,15,19,18,22,21,23,20,24,20,20,23,22,22,27,23,25,26,24,25,28,23,31,24,30,24,32,23,31,22,32,21,35,19,34,16,36,14,32,10,38,7,33,0,0,0,0,0,0,0,0,0,0,0,0,0,0,0,0,0,0,0,0,0,0,7,-41,14,-42,15,-42,21,-43,22,-43,22,-45,30,-46,31,-42,30,-45,34,-45,38,-47,37,-48,38,-49,39,-51,41,-47,47,-47,46,-48,48,-45,47,-51,55,-48,53,-47,56,-46,56,-48,54,-49,56,-43,55,-49,57,-44,56,-46,53,-46,56,-47,53,-45,52,-49,46,-47,50,-48,49,-48,42,-44,37,-47,38,-49,31,-48,34,-50,31,-55,23,-54,24,-56,25,-58,17,-57,14,-53,16,-64,12,-64,9,-65,11,-69,4,-68,5,-70,8,-75,7,-74,8,-75,5,-80,6,-77,0,0]"
CSI_DATA,56,1a:00:00:00:00:00,-47,11,1,0,1,1,1,0,0,0,1,-96,0,11,2,999562,0,44,0,384,0,"[0,0,0,0,0,0,0,0,0,0,0,0,-11,-7,-10,-7,-10,-7,-10,-7,-9,-6,-8,-5,-8,-5,-8,-4,-7,-4,-7,-4,-6,-3,-6,-3,-5,-3,-5,-2,-5,-2,-4,-1,-4,-1,-3,0,-4,0,-3,0,-3,1,-2,1,-2,1,-2,1,-1,2,-1,2,0,0,0,3,0,3,0,3,1,4,1,4,1,4,1,4,1,4,2,5,2,6,2,6,1,5,2,6,1,6,2,6,2,7,1,6,1,6,1,7,1,7,1,7,0,7,0,7,-1,7,-2,7,-2,7,0,0,0,0,0,0,0,0,0,0,0,0,0,0,-60,-43,-61,-47,-57,-45,-55,-44,-52,-42,-50,-39,-47,-40,-42,-35,-37,-34,-39,-31,-34,-27,-34,-22,-34,-24,-28,-23,-28,-14,-23,-19,-26,-13,-21,-8,-21,-9,-22,-6,-17,-6,-19,0,-19,0,-13,3,-11,6,-9,8,-6,7,-7,8,-6,8,-4,12,-5,14,-1,18,0,17,4,17,6,16,8,22,5,23,6,22,10,32,11,30,8,28,11,30,6,34,8,32,7,31,7,37,8,38,7,38,4,40,4,37,3,37,0,38,-1,36,-3,38,-5,35,-9,37,-10,35,0,0,0,0,0,0,0,0,0,0,0,0,0,0,0,0,0,0,0,0,0,0,26,-29,30,-31,31,-30,40,-30,38,-31,39,-28,43,-23,43,-26,45,-27,50,-23,52,-21,54,-24,55,-25,61,-23,58,-22,59,-20,66,-26,63,-23,69,-20,65,-19,68,-17,70,-22,67,-19,72,-16,68,-19,71,-17,70,-18,71,-13,66,-15,69,-14,67,-17,65,-16,63,-20,59,-21,59,-20,60,-21,57,-26,56,-25,53,-27,50,-30,52,-33,49,-34,48,-34,45,-40,44,-41,42,-49,41,-47,42,-51,41,-55,39,-55,43,-56,40,-63,43,-62,37,-63,42,-62,42,-65,39,-63,0,0]"
CSI_DATA,57,1a:00:00:00:00:00,-47,11,1,0,1,1,1,0,0,0,1,-96,0,11,2,1010161,0,44,0,384,0,"[0,0,0,0,0,0,0,0,0,0,0,0,-11,-1,-11,-2,-11,-1,-10,-2,-9,-2,-9,-1,-8,-1,-8,-1,-7,-1,-7,0,-6,0,-6,0,-5,0,-5,0,-4,0,-4,1,-3,1,-3,1,-3,1,-2,1,-2,1,-2,2,-1,1,0,2,0,2,1,1,0,0,1,2,2,2,2,2,3,2,2,2,3,2,3,2,3,3,4,3,4,3,4,3,4,3,4,3,4,4,4,4,4,4,4,4,4,4,4,5,4,5,3,5,3,5,3,5,3,5,2,6,1,6,0,0,0,0,0,0,0,0,0,0,0,0,0,0,-72,-11,-70,-13,-69,-7,-66,-11,-62,-8,-64,-9,-60,-10,-58,-12,-49,-7,-47,-6,-46,-3,-41,-8,-43,-2,-35,-3,-36,-1,-31,1,-28,2,-23,8,-24,3,-22,7,-16,6,-13,7,-11,11,-8,6,-8,8,-3,10,-2,9,1,14,-1,7,2,11,11,10,8,13,14,14,14,14,20,12,19,13,22,14,22,20,23,17,24,19,22,19,25,17,27,19,26,20,29,26,28,23,30,24,29,23,28,27,27,23,28,29,28,28,25,29,21,29,20,31,15,35,13,34,0,0,0,0,0,0,0,0,0,0,0,0,0,0,0,0,0,0,0,0,0,0,18,-39,17,-42,16,-37,26,-41,30,-41,31,-39,36,-37,35,-37,38,-39,38,-39,40,-40,44,-43,46,-43,49,-43,49,-43,54,-40,52,-41,51,-40,54,-45,59,-40,56,-43,61,-43,59,-39,59,-43,59,-42,59,-42,57,-42,61,-45,56,-42,59,-43,52,-41,56,-45,54,-41,52,-39,49,-38,43,-42,39,-46,40,-44,36,-48,30,-49,33,-54,29,-53,26,-53,21,-57,27,-61,17,-57,17,-62,15,-60,13,-66,6,-65,7,-71,9,-70,8,-80,4,-71,8,-79,9,-83,4,-77,0,0]"
CSI_DATA,58,1a:00:00:00:00:00,-47,11,1,0,1,1,1,0,0,0,1,-96,0,11,2,1039529,0,44,0,384,0,"[0,0,0,0,0,0,0,0,0,0,0,0,0,11,0,10,0,10,-1,9,0,9,-1,8,0,8,0,7,0,6,1,6,0,6,1,5,1,5,1,4,1,3,1,3,1,2,1,2,1,1,1,1,1,0,2,0,2,0,2,-1,1,-1,2,-1,0,0,2,-2,2,-3,2,-4,2,-4,2,-4,2,-5,2,-5,3,-5,3,-5,3,-5,3,-5,4,-6,3,-6,4,-6,4,-5,4,-5,4,-6,4,-5,4,-5,4,-5,5,-5,5,-5,5,-5,6,-4,6,-3,6,-3,0,0,0,0,0,0,0,0,0,0,0,0,0,0,-10,73,-14,69,-15,65,-12,66,-18,62,-12,59,-12,57,-9,56,-9,53,-14,44,-13,46,-6,42,-5,40,-3,36,1,37,2,28,1,28,1,25,-2,22,2,24,3,16,7,15,4,13,5,12,8,7,6,5,9,4,11,4,12,-3,13,0,15,-8,13,-6,14,-9,16,-10,20,-16,17,-15,22,-14,20,-16,20,-19,26,-21,25,-21,28,-20,27,-22,28,-21,26,-20,29,-22,30,-20,34,-19,38,-19,35,-17,35,-14,40,-13,39,-11,37,-13,39,-8,42,-4,34,-2,0,0,0,0,0,0,0,0,0,0,0,0,0,0,0,0,0,0,0,0,0,0,-43,2,-42,-2,-49,-8,-47,-9,-48,-10,-47,-13,-51,-17,-46,-23,-48,-24,-47,-25,-53,-23,-55,-28,-52,-31,-57,-31,-56,-37,-56,-39,-55,-36,-59,-45,-59,-41,-56,-46,-54,-45,-55,-46,-56,-49,-58,-50,-55,-51,-58,-50,-55,-46,-53,-50,-54,-52,-51,-49,-54,-52,-52,-46,-50,-45,-51,-45,-49,-45,-55,-43,-50,-36,-51,-31,-53,-31,-57,-28,-51,-26,-56,-25,-56,-20,-61,-19,-56,-17,-63,-17,-64,-15,-62,-10,-69,-8,-69,-12,-71,-3,-73,-5,-74,-5,-76,-6,-79,-6,-77,-13,-78,-9,0,0]"
CSI_DATA,59,1a:00:00:00:00:00,-47,11,1,0,1,1,1,0,0,0,1,-96,0,11,2,1049501,0,44,0,384,0,"[0,0,0,0,0,0,0,0,0,0,0,0,9,5,9,5,8,5,8,5,7,4,7,4,6,4,6,3,5,2,5,3,5,2,4,1,4,1,4,1,3,0,3,0,2,0,2,-1,2,-1,2,-1,1,-2,1,-2,1,-2,1,-2,0,-2,0,-3,0,0,-1,-3,-1,-4,-1,-4,-2,-4,-1,-5,-2,-5,-2,-5,-2,-5,-3,-6,-3,-6,-3,-6,-3,-6,-2,-6,-2,-6,-3,-7,-2,-7,-2,-7,-2,-7,-2,-7,-2,-7,-1,-7,-1,-7,-1,-7,0,-7,0,-7,1,-7,0,0,0,0,0,0,0,0,0,0,0,0,0,0,57,45,58,47,54,44,53,37,48,42,44,40,48,37,41,33,41,33,38,27,35,27,31,25,31,19,28,22,24,17,28,17,25,11,18,11,20,9,18,4,17,1,18,2,10,-2,14,-3,10,-3,8,-7,8,-8,4,-12,4,-10,3,-12,-2,-14,0,-15,-3,-21,-5,-23,-6,-26,-9,-24,-6,-25,-5,-26,-8,-26,-10,-32,-9,-31,-7,-34,-4,-35,-5,-36,-4,-36,-3,-37,-4,-37,-2,-39,-7,-38,-3,-40,-2,-42,-2,-38,2,-37,6,-38,9,-38,15,-37,12,-35,0,0,0,0,0,0,0,0,0,0,0,0,0,0,0,0,0,0,0,0,0,0,-21,38,-27,32,-32,31,-35,33,-39,31,-40,28,-42,29,-43,30,-45,29,-48,28,-49,31,-51,25,-54,31,-58,30,-55,29,-63,27,-62,29,-68,26,-65,26,-68,28,-68,23,-69,22,-70,26,-70,22,-72,22,-72,23,-65,20,-70,21,-73,22,-67,23,-66,20,-63,22,-65,24,-61,19,-61,25,-59,25,-57,28,-56,26,-52,31,-50,32,-53,35,-50,39,-45,39,-48,42,-38,38,-46,53,-48,49,-43,50,-39,55,-40,60,-39,62,-37,63,-44,58,-43,63,-40,65,-42,66,-43,65,0,0]"
CSI_DATA,60,1a:00:00:00:00:00,-47,11,1,0,1,1,1,0,0,0,1,-96,0,11,2,1069568,0,44,0,384,0,"[0,0,0,0,0,0,0,0,0,0,0,0,-9,7,-8,6,-8,6,-7,5,-7,5,-7,5,-6,5,-5,5,-5,4,-4,4,-4,4,-4,4,-3,3,-3,3,-2,2,-2,3,-2,3,-1,2,-1,2,-1,2,0,2,0,1,0,1,1,1,1,0,2,1,0,0,2,0,3,0,3,-1,3,0,4,-1,4,-1,4,-1,4,0,5,0,5,0,5,0,5,0,5,0,6,0,5,0,6,0,6,0,6,1,6,1,6,1,6,1,6,2,6,2,5,2,5,3,4,3,0,0,0,0,0,0,0,0,0,0,0,0,0,0,-58,48,-58,46,-54,46,-56,39,-47,43,-48,41,-47,33,-44,33,-41,32,-36,32,-32,33,-32,26,-26,26,-26,25,-22,23,-20,25,-15,22,-12,20,-15,19,-8,16,-8,16,-4,15,-3,14,-1,11,2,16,6,10,8,4,7,7,11,7,13,6,16,-1,17,1,18,0,17,1,23,-1,24,-5,28,-8,24,-5,28,-7,31,-7,32,-6,34,-4,31,-8,34,-6,34,-3,34,-3,36,-4,38,-3,36,-1,38,-3,38,-1,38,1,39,-1,36,5,38,9,34,13,34,17,0,0,0,0,0,0,0,0,0,0,0,0,0,0,0,0,0,0,0,0,0,0,-20,-35,-18,-37,-20,-44,-18,-46,-13,-49,-14,-50,-12,-51,-9,-51,-8,-54,-7,-54,-6,-59,-6,-60,-4,-65,-5,-63,-2,-64,-2,-67,1,-70,-1,-70,2,-71,3,-72,-3,-75,2,-74,1,-74,5,-75,6,-75,5,-74,4,-72,7,-72,6,-72,3,-70,1,-65,3,-68,-1,-69,-6,-66,-4,-67,-4,-60,-5,-61,-9,-64,-12,-61,-14,-57,-23,-60,-22,-56,-24,-57,-23,-54,-28,-56,-32,-57,-36,-55,-41,-50,-43,-55,-42,-51,-47,-57,-45,-54,-51,-55,-49,-54,-51,-56,-57,-60,-51,-58,0,0]"
CSI_DATA,61,1a:00:00:00:00:00,-47,11,1,0,1,1,1,0,0,0,1,-96,0,11,2,1082669,0,44,0,384,0,"[0,0,0,0,0,0,0,0,0,0,0,0,5,-11,5,-11,4,-10,3,-9,3,-9,3,-9,3,-8,2,-8,2,-7,2,-7,1,-7,1,-6,0,-5,0,-5,0,-4,-1,-4,-1,-4,-1,-4,-1,-3,-2,-3,-1,-2,-2,-1,-2,-2,-3,-1,-3,-1,-3,-1,0,0,-3,0,-4,1,-4,1,-4,2,-4,2,-5,2,-5,2,-5,3,-5,3,-6,3,-5,3,-6,3,-6,2,-6,3,-6,3,-6,3,-7,3,-7,2,-7,2,-7,2,-7,2,-7,2,-7,1,-7,1,-7,0,-7,0,0,0,0,0,0,0,0,0,0,0,0,0,0,0,16,-75,17,-68,15,-65,14,-63,15,-63,15,-62,13,-52,16,-58,11,-54,11,-46,7,-45,5,-40,1,-39,5,-38,4,-35,1,-30,3,-29,-5,-24,-4,-21,-7,-22,-10,-16,-9,-15,-7,-19,-5,-12,-9,-9,-10,-8,-8,-6,-14,-4,-14,1,-14,5,-16,6,-18,6,-11,10,-14,11,-19,22,-18,17,-17,15,-18,17,-19,21,-26,24,-21,19,-24,25,-25,18,-24,23,-30,25,-27,22,-28,23,-27,25,-32,24,-33,25,-30,23,-34,19,-35,20,-36,18,-36,13,-36,10,-36,8,0,0,0,0,0,0,0,0,0,0,0,0,0,0,0,0,0,0,0,0,0,0,39,16,42,18,39,21,38,27,37,27,39,32,37,33,38,36,38,37,37,36,39,39,38,41,41,44,45,49,43,51,38,51,41,52,39,55,42,58,37,58,40,59,39,62,37,63,40,63,40,61,38,60,36,63,39,61,36,61,38,59,36,56,40,56,39,54,37,55,40,52,42,46,42,41,44,41,44,41,45,36,46,35,50,33,50,29,56,26,54,27,52,22,56,19,56,19,65,17,64,18,71,13,71,14,75,18,70,11,73,11,72,19,76,11,0,0]"
CSI_DATA,62,1a:00:00:00:00:00,-47,11,1,0,1,1,1,0,0,0,1,-96,0,11,2,1090306,0,44,0,384,0,"[0,0,0,0,0,0,0,0,0,0,0,0,11,-3,10,-3,10,-3,10,-3,9,-3,8,-3,8,-3,7,-3,7,-3,6,-3,5,-3,4,-3,4,-3,4,-3,3,-3,2,-3,2,-3,2,-3,1,-3,1,-2,0,-3,0,-2,0,-3,-1,-2,-1,-2,-2,-2,0,0,-3,-2,-3,-2,-4,-2,-5,-2,-4,-2,-5,-2,-5,-2,-5,-2,-6,-3,-6,-2,-6,-3,-6,-2,-6,-3,-6,-3,-7,-3,-7,-3,-7,-3,-7,-3,-7,-4,-7,-4,-7,-4,-7,-4,-6,-5,-6,-5,-6,-5,-5,-6,0,0,0,0,0,0,0,0,0,0,0,0,0,0,72,-11,70,-12,68,-11,67,-11,65,-15,59,-10,58,-10,57,-10,52,-11,46,-11,41,-11,41,-13,34,-8,34,-8,33,-12,27,-11,24,-13,22,-13,19,-12,17,-13,15,-13,10,-12,7,-12,7,-11,0,-13,0,-12,-1,-8,-6,-10,-6,-12,-9,-10,-11,-12,-13,-6,-14,-7,-21,-8,-20,-9,-20,-8,-24,-11,-26,-10,-29,-8,-27,-10,-32,-12,-33,-10,-34,-11,-35,-11,-34,-11,-32,-11,-33,-15,-37,-15,-35,-16,-37,-19,-39,-16,-35,-24,-32,-20,-29,-22,-29,-23,-30,-26,-24,-25,0,0,0,0,0,0,0,0,0,0,0,0,0,0,0,0,0,0,0,0,0,0,-6,42,-10,41,-12,47,-18,44,-19,45,-18,46,-20,43,-21,45,-26,49,-28,50,-29,54,-32,51,-29,55,-30,55,-36,57,-38,52,-37,57,-41,55,-40,55,-45,57,-45,55,-48,56,-45,56,-43,56,-45,61,-43,59,-43,60,-47,58,-40,56,-42,60,-43,56,-41,53,-42,54,-36,52,-38,57,-34,55,-30,54,-26,53,-19,56,-20,56,-20,59,-11,56,-12,60,-8,61,-4,64,-1,61,2,57,4,57,5,69,11,68,15,70,13,68,12,74,10,71,14,70,12,76,13,75,0,0]"
CSI_DATA,63,1a:00:00:00:00:00,-47,11,1,0,1,1,1,0,0,0,1,-96,0,11,2,1099739,0,44,0,384,0,"[0,0,0,0,0,0,0,0,0,0,0,0,7,8,7,7,7,7,6,7,6,6,5,6,5,5,5,5,4,4,4,4,4,3,4,3,4,2,4,2,3,1,3,1,3,1,2,0,2,0,2,0,2,-1,1,-1,1,-2,1,-2,1,-3,0,-2,0,0,-1,-3,0,-4,-1,-4,-1,-4,-1,-5,-1,-5,-1,-6,-1,-6,-1,-6,-1,-7,-1,-6,-1,-6,-1,-7,-1,-7,-1,-7,-1,-7,-1,-7,-1,-7,-1,-7,0,-7,0,-8,1,-7,1,-7,1,-7,2,-7,2,-7,0,0,0,0,0,0,0,0,0,0,0,0,0,0,45,61,40,60,40,57,38,51,36,49,36,52,36,43,32,46,27,44,31,37,27,36,26,31,24,32,23,30,22,20,24,21,20,16,24,15,18,13,16,13,19,8,16,6,13,2,13,0,11,-5,12,-1,11,-7,8,-8,7,-9,4,-13,4,-15,2,-19,3,-17,5,-22,1,-22,-1,-25,-3,-24,-4,-26,-1,-30,1,-29,-3,-35,-1,-31,-2,-36,1,-34,1,-38,0,-33,-3,-39,-2,-39,5,-41,4,-39,5,-42,8,-37,8,-40,11,-38,15,-36,13,-36,17,-35,0,0,0,0,0,0,0,0,0,0,0,0,0,0,0,0,0,0,0,0,0,0,-37,22,-37,21,-41,16,-48,12,-47,14,-49,12,-48,6,-50,8,-57,5,-57,7,-59,6,-57,5,-60,9,-64,4,-68,0,-64,-1,-67,1,-70,-3,-74,-5,-70,-3,-68,-6,-76,-6,-72,-4,-75,-6,-75,-7,-76,-5,-74,-10,-75,-10,-68,-10,-75,-9,-66,-6,-69,-5,-64,-6,-69,-2,-68,0,-64,0,-62,4,-59,8,-58,10,-60,12,-62,13,-53,18,-56,19,-58,22,-57,28,-52,28,-55,28,-54,35,-53,35,-53,34,-53,42,-56,46,-61,48,-59,44,-59,51,-61,52,-58,47,0,0]"
CSI_DATA,64,1a:00:00:00:00:00,-47,11,1,0,1,1,1,0,0,0,1,-96,0,11,2,1110403,0,44,0,384,0,"[0,0,0,0,0,0,0,0,0,0,0,0,-9,6,-9,6,-8,5,-8,5,-8,5,-7,5,-7,4,-6,4,-6,4,-5,4,-4,4,-4,4,-4,3,-3,3,-3,3,-3,3,-2,3,-2,2,-1,2,-1,2,-1,1,0,1,0,1,1,1,1,1,2,1,0,0,3,0,3,0,3,0,4,0,3,0,4,-1,4,0,5,-1,5,0,5,0,5,0,6,0,6,0,6,0,6,0,6,1,6,0,6,1,6,1,6,2,6,2,6,2,6,2,6,2,5,3,5,3,0,0,0,0,0,0,0,0,0,0,0,0,0,0,-72,36,-66,34,-58,30,-56,32,-60,27,-55,25,-58,27,-47,21,-49,22,-43,19,-40,22,-39,21,-32,20,-31,20,-29,16,-24,19,-23,14,-17,19,-17,18,-13,14,-9,13,-10,15,-4,15,-4,10,1,10,1,6,3,11,5,8,9,8,11,7,13,3,17,4,20,5,19,2,21,-2,23,5,29,3,26,1,28,1,29,2,32,3,36,1,34,7,36,4,33,5,36,4,32,9,37,5,34,9,39,8,39,14,38,11,38,12,34,15,35,19,31,25,29,25,0,0,0,0,0,0,0,0,0,0,0,0,0,0,0,0,0,0,0,0,0,0,-14,-38,-14,-40,-8,-50,-5,-48,-9,-51,-2,-51,3,-50,8,-56,0,-53,4,-57,8,-57,6,-58,8,-61,12,-65,9,-63,13,-69,8,-72,15,-71,14,-70,20,-70,17,-72,20,-72,22,-67,20,-70,24,-68,23,-69,22,-71,18,-72,21,-68,20,-66,19,-69,18,-68,16,-64,14,-63,12,-62,7,-63,4,-59,5,-61,5,-65,1,-58,-6,-57,-9,-62,-12,-59,-16,-60,-16,-60,-23,-57,-23,-60,-23,-61,-29,-61,-30,-61,-30,-65,-33,-61,-37,-63,-38,-62,-41,-67,-35,-66,-39,-69,0,0]"
CSI_DATA,65,1a:00:00:00:00:00,-47,11,1,0,1,1,1,0,0,0,1,-96,0,11,2,1121198,0,44,0,384,0,"[0,0,0,0,0,0,0,0,0,0,0,0,-9,8,-8,7,-7,7,-7,7,-7,6,-7,6,-6,5,-6,5,-5,5,-4,5,-4,4,-4,4,-3,3,-3,3,-2,3,-2,3,-1,3,-1,3,-1,2,0,2,0,2,1,1,1,1,1,1,1,0,1,1,0,0,2,0,3,-1,3,-1,3,-1,4,-1,4,-1,4,-1,5,-1,5,-1,5,-1,5,-1,6,-1,6,-1,6,-1,6,0,6,-1,6,-1,6,0,6,0,6,0,7,1,6,1,6,1,6,2,6,2,5,3,0,0,0,0,0,0,0,0,0,0,0,0,0,0,-50,56,-44,55,-41,53,-43,48,-41,50,-40,46,-36,45,-40,42,-30,38,-29,38,-28,37,-26,35,-25,30,-21,29,-15,26,-15,27,-14,23,-11,20,-6,20,-7,21,-8,17,-3,16,-4,15,-1,13,4,10,5,12,10,12,6,5,11,3,9,5,13,-3,16,2,16,0,19,-2,20,-4,21,-3,24,-8,26,-6,29,-9,29,-8,31,-8,32,-6,32,-8,32,-10,35,-10,37,-9,37,-4,42,-9,38,-9,37,-3,37,-4,39,0,38,3,39,3,40,5,38,9,35,12,0,0,0,0,0,0,0,0,0,0,0,0,0,0,0,0,0,0,0,0,0,0,-31,-26,-29,-31,-32,-34,-31,-35,-30,-43,-25,-43,-26,-44,-29,-48,-27,-50,-25,-50,-26,-56,-29,-56,-25,-57,-25,-56,-20,-62,-22,-64,-22,-65,-21,-69,-21,-67,-18,-67,-22,-74,-15,-73,-18,-74,-12,-73,-12,-74,-18,-68,-14,-70,-13,-71,-14,-69,-16,-71,-16,-68,-17,-64,-19,-64,-22,-63,-20,-62,-19,-58,-23,-61,-26,-59,-25,-55,-31,-55,-29,-51,-33,-47,-35,-47,-44,-47,-42,-45,-45,-46,-43,-39,-50,-43,-54,-43,-56,-41,-55,-41,-56,-43,-60,-41,-58,-43,-63,-44,-63,-48,-62,-42,0,0]"
CSI_DATA,66,1a:00:00:00:00:00,-47,11,1,0,1,1,1,0,0,0,1,-96,0,11,2,1129675,0,44,0,384,0,"[0,0,0,0,0,0,0,0,0,0,0,0,-3,-12,-3,-11,-4,-11,-3,-10,-3,-10,-2,-9,-3,-9,-3,-8,-3,-8,-3,-7,-2,-6,-3,-6,-3,-5,-2,-5,-3,-4,-3,-4,-3,-3,-3,-3,-3,-2,-3,-1,-3,-1,-3,-1,-2,-1,-3,0,-2,1,-2,1,0,0,-2,2,-2,2,-2,3,-2,3,-2,4,-3,4,-3,4,-3,5,-3,4,-3,5,-3,5,-3,5,-4,5,-4,5,-4,5,-4,5,-4,6,-4,5,-5,5,-5,5,-5,5,-6,5,-6,4,-6,4,-6,4,-6,3,0,0,0,0,0,0,0,0,0,0,0,0,0,0,-15,-71,-16,-69,-17,-68,-14,-67,-18,-65,-14,-61,-13,-54,-13,-51,-13,-48,-13,-44,-13,-45,-13,-41,-16,-37,-11,-33,-15,-32,-18,-29,-15,-26,-14,-22,-12,-18,-15,-19,-12,-12,-15,-8,-13,-10,-11,-8,-11,-4,-9,-3,-10,-1,-13,6,-10,12,-9,9,-12,10,-5,15,-6,15,-5,22,-9,20,-8,22,-9,21,-11,25,-10,28,-12,30,-14,32,-11,28,-9,32,-12,33,-15,35,-15,32,-17,31,-18,35,-18,34,-20,34,-22,29,-20,33,-22,34,-25,30,-27,30,-30,29,-31,26,0,0,0,0,0,0,0,0,0,0,0,0,0,0,0,0,0,0,0,0,0,0,39,-8,41,-4,45,0,48,1,49,6,51,8,48,10,53,10,55,14,54,18,56,16,56,19,55,18,60,21,59,21,59,25,65,24,63,25,61,26,64,31,66,31,64,36,60,31,63,35,61,33,61,36,65,34,64,31,61,30,63,32,64,32,63,28,60,26,61,28,60,24,59,20,59,19,57,16,60,15,58,10,58,8,58,5,61,2,65,0,60,-3,60,-4,62,-8,63,-13,64,-16,66,-22,64,-18,66,-26,68,-23,70,-22,72,-29,70,-23,76,-25,0,0]"
CSI_DATA,67,1a:00:00:00:00:00,-47,11,1,0,1,1,1,0,0,0,1,-96,0,11,2,1159625,0,44,0,384,0,"[0,0,0,0,0,0,0,0,0,0,0,0,-10,7,-9,7,-9,7,-8,6,-8,5,-7,5,-6,5,-6,5,-5,5,-5,4,-5,4,-4,4,-3,4,-3,3,-3,3,-2,3,-2,3,-1,3,-1,2,-1,2,0,2,0,1,1,1,1,1,1,0,2,1,0,0,2,0,3,-1,3,-1,4,0,4,-1,4,-1,4,-1,5,-1,5,-1,5,-1,6,-1,5,-1,6,-1,6,-1,6,-1,6,-1,7,-1,7,0,7,-1,7,0,7,1,7,0,6,1,6,2,6,3,5,3,0,0,0,0,0,0,0,0,0,0,0,0,0,0,-52,56,-54,56,-50,54,-47,50,-46,49,-40,46,-44,43,-38,40,-35,37,-33,35,-28,35,-27,37,-28,28,-24,30,-19,27,-14,27,-14,28,-9,20,-11,18,-8,19,-6,19,-2,16,2,15,0,14,2,15,3,11,11,5,11,6,10,4,14,3,12,2,15,-2,17,-2,19,-6,22,-4,22,-4,25,-4,27,-8,29,-9,26,-10,31,-13,34,-9,33,-7,36,-7,36,-9,38,-7,38,-4,41,-7,35,-3,40,-3,38,-2,41,-2,37,4,42,5,39,8,34,11,38,11,0,0,0,0,0,0,0,0,0,0,0,0,0,0,0,0,0,0,0,0,0,0,-29,-31,-27,-36,-29,-43,-25,-44,-20,-46,-20,-50,-24,-48,-21,-51,-22,-54,-21,-56,-14,-58,-15,-61,-17,-60,-15,-66,-12,-64,-13,-72,-14,-70,-13,-72,-13,-71,-10,-69,-11,-74,-11,-77,-9,-77,-7,-77,-5,-76,-6,-74,-7,-78,-6,-75,-9,-75,-8,-76,-9,-71,-7,-69,-8,-70,-12,-64,-15,-66,-15,-66,-19,-62,-23,-58,-21,-60,-27,-58,-24,-54,-30,-58,-33,-56,-30,-53,-36,-51,-46,-49,-43,-47,-53,-47,-53,-48,-56,-46,-52,-47,-55,-44,-58,-48,-60,-47,-63,-50,-63,-53,-63,-54,0,0]"
CSI_DATA,68,1a:00:00:00:00:00,-47,11,1,0,1,1,1,0,0,0,1,-96,0,11,2,1171358,0,44,0,384,0,"[0,0,0,0,0,0,0,0,0,0,0,0,12,0,11,0,10,0,9,0,9,0,8,0,8,-1,7,-1,7,-1,6,-1,6,-1,5,-1,5,-1,4,-1,4,-2,3,-2,2,-2,2,-2,2,-2,1,-2,1,-2,0,-2,0,-2,0,-2,-1,-2,-2,-3,0,0,-3,-3,-3,-3,-3,-3,-4,-3,-4,-3,-4,-3,-5,-3,-5,-3,-5,-4,-6,-4,-5,-4,-5,-4,-5,-4,-6,-4,-6,-5,-6,-5,-6,-4,-6,-5,-6,-5,-6,-5,-6,-6,-5,-6,-5,-6,-5,-6,-4,-7,-3,-7,0,0,0,0,0,0,0,0,0,0,0,0,0,0,71,6,73,5,68,3,70,5,62,6,59,4,60,5,55,6,49,3,48,3,46,2,40,2,36,-3,35,-3,33,4,30,-2,28,-6,26,-10,24,-7,20,-7,16,-7,15,-8,9,-9,8,-10,8,-10,5,-13,5,-9,-2,-11,0,-11,-6,-14,-6,-11,-11,-15,-13,-15,-15,-15,-18,-14,-19,-14,-20,-18,-18,-18,-27,-20,-24,-18,-24,-20,-28,-20,-23,-26,-28,-25,-27,-23,-29,-26,-28,-25,-26,-29,-27,-28,-27,-30,-28,-32,-27,-29,-26,-32,-21,-33,-21,-37,-16,-35,-14,-37,0,0,0,0,0,0,0,0,0,0,0,0,0,0,0,0,0,0,0,0,0,0,-9,38,-13,38,-16,42,-19,46,-25,44,-23,42,-29,44,-28,42,-29,44,-35,42,-35,47,-38,46,-40,50,-43,46,-44,44,-48,47,-46,47,-54,53,-51,49,-52,49,-51,49,-57,48,-60,52,-57,47,-60,47,-55,45,-55,44,-56,45,-56,44,-54,46,-54,45,-51,47,-46,46,-46,48,-48,48,-44,46,-43,50,-38,51,-35,45,-32,52,-31,51,-25,51,-24,57,-19,60,-20,57,-19,61,-18,63,-11,63,-9,63,-8,71,-8,63,-7,72,-8,71,-4,74,-5,75,-2,75,1,80,0,0]"
CSI_DATA,69,1a:00:00:00:00:00,-47,11,1,0,1,1,1,0,0,0,1,-96,0,11,2,1189858,0,44,0,384,0,"[0,0,0,0,0,0,0,0,0,0,0,0,-12,3,-11,3,-11,3,-10,2,-10,2,-9,2,-8,2,-8,2,-7,2,-7,2,-6,2,-6,2,-5,2,-5,2,-4,2,-4,2,-3,2,-3,2,-2,1,-2,2,-1,1,-1,2,0,2,0,1,0,1,1,1,0,0,2,1,2,1,2,1,4,1,3,1,4,1,4,1,4,1,5,2,5,2,5,2,5,2,5,2,5,2,6,2,6,2,6,3,6,3,5,3,6,3,5,4,5,4,5,4,5,5,4,5,3,5,0,0,0,0,0,0,0,0,0,0,0,0,0,0,-73,30,-66,24,-66,29,-57,28,-58,27,-54,20,-49,22,-53,21,-46,23,-45,18,-38,22,-40,20,-33,19,-29,18,-31,16,-28,19,-26,16,-18,15,-17,15,-16,12,-11,17,-11,13,-9,13,-4,12,-4,11,-1,11,-2,11,2,12,3,7,8,8,11,6,14,5,21,3,21,6,22,2,22,3,24,4,20,2,32,3,31,3,34,5,31,5,34,6,32,6,33,7,36,8,35,6,35,9,34,15,36,8,35,11,36,14,32,14,35,19,30,21,30,23,29,23,0,0,0,0,0,0,0,0,0,0,0,0,0,0,0,0,0,0,0,0,0,0,-20,-44,-6,-35,-12,-51,-9,-51,-1,-46,-1,-49,0,-54,2,-51,-1,-54,8,-55,7,-56,9,-59,12,-58,14,-63,13,-65,12,-64,11,-67,18,-68,16,-68,21,-70,19,-69,24,-74,23,-72,25,-70,27,-67,27,-71,25,-68,22,-71,24,-69,20,-69,22,-63,18,-67,21,-66,15,-65,14,-67,11,-65,9,-63,8,-63,5,-58,0,-58,-4,-64,-7,-63,-4,-61,-12,-64,-14,-62,-24,-59,-22,-60,-30,-65,-28,-58,-26,-63,-26,-65,-30,-64,-36,-63,-33,-67,-35,-67,-37,-67,-35,-69,0,0]"
CSI_DATA,70,1a:00:00:00:00:00,-47,11,1,0,1,1,1,0,0,0,1,-96,0,11,2,1209604,0,44,0,384,0,"[0,0,0,0,0,0,0,0,0,0,0,0,5,9,5,9,5,8,4,8,4,8,3,7,3,6,3,6,3,5,3,5,3,4,3,4,3,3,3,3,2,2,2,2,2,1,2,1,2,0,2,0,2,0,1,-1,1,-1,1,-2,1,-2,1,-2,0,0,0,-3,1,-4,0,-4,0,-5,0,-5,0,-5,0,-5,0,-6,0,-6,0,-6,0,-6,1,-6,0,-7,1,-7,0,-7,1,-7,1,-7,1,-7,1,-7,2,-7,2,-7,2,-7,3,-6,3,-6,3,-6,4,-5,0,0,0,0,0,0,0,0,0,0,0,0,0,0,39,64,36,64,38,66,33,60,32,58,34,51,27,49,28,49,25,42,23,42,26,37,22,37,22,35,21,34,21,27,22,24,20,18,18,20,16,16,17,12,15,11,17,9,16,4,15,3,9,-1,13,-4,8,-7,9,-5,8,-8,3,-12,5,-12,4,-20,1,-15,3,-22,-4,-22,0,-24,0,-25,-3,-28,2,-34,2,-29,6,-36,1,-36,3,-34,4,-34,3,-37,6,-34,8,-35,9,-40,10,-41,10,-41,13,-39,14,-37,17,-41,16,-38,20,-34,24,-37,24,-30,0,0,0,0,0,0,0,0,0,0,0,0,0,0,0,0,0,0,0,0,0,0,-36,20,-43,19,-45,16,-49,12,-50,15,-49,9,-52,5,-51,4,-58,2,-56,6,-61,-2,-65,1,-66,-2,-66,-2,-66,-2,-71,-6,-74,-7,-69,-11,-71,-9,-73,-9,-71,-15,-75,-13,-73,-12,-74,-14,-74,-17,-75,-14,-74,-14,-74,-15,-73,-9,-76,-17,-72,-10,-70,-10,-66,-8,-69,-9,-65,-9,-66,-3,-63,-2,-63,1,-64,2,-63,7,-63,13,-62,14,-58,19,-59,16,-60,21,-51,24,-57,24,-57,31,-60,35,-55,35,-60,37,-63,41,-63,42,-68,43,-65,37,-65,43,-67,45,0,0]"
CSI_DATA,71,1a:00:00:00:00:00,-47,11,1,0,1,1,1,0,0,0,1,-96,0,11,2,1219715,0,44,0,384,0,"[0,0,0,0,0,0,0,0,0,0,0,0,-6,-11,-5,-10,-6,-9,-5,-9,-5,-9,-5,-8,-4,-8,-4,-7,-4,-6,-4,-6,-4,-5,-4,-5,-4,-4,-4,-4,-4,-3,-3,-3,-3,-2,-3,-2,-3,-1,-3,-1,-3,-1,-3,0,-2,0,-2,1,-2,1,-2,1,0,0,-1,2,-1,3,-1,3,-1,3,-1,4,-1,4,-1,4,-1,5,-1,5,-1,5,-1,5,-1,6,-2,6,-2,6,-2,6,-2,6,-2,6,-2,6,-3,6,-3,6,-3,6,-3,6,-4,6,-4,5,-4,5,-5,4,0,0,0,0,0,0,0,0,0,0,0,0,0,0,-43,-63,-40,-59,-37,-58,-34,-56,-42,-56,-38,-53,-33,-53,-31,-47,-32,-43,-26,-40,-28,-37,-27,-34,-23,-31,-22,-27,-23,-28,-22,-23,-21,-21,-21,-21,-19,-12,-22,-12,-17,-11,-17,-4,-15,-6,-14,0,-13,-4,-12,1,-9,6,-8,7,-7,10,-5,9,-4,13,-4,16,1,17,-1,19,-1,23,1,23,-2,27,5,28,2,31,2,31,0,33,1,31,-1,34,0,36,1,33,-5,37,1,35,-3,40,-5,37,-5,35,-5,36,-4,38,-9,39,-6,38,-13,35,-13,34,-19,36,0,0,0,0,0,0,0,0,0,0,0,0,0,0,0,0,0,0,0,0,0,0,41,-19,40,-14,46,-16,45,-8,52,-6,47,-2,50,-2,50,-1,56,0,55,3,57,3,60,3,64,1,64,7,64,9,69,7,67,9,67,10,67,12,70,14,70,13,73,15,74,17,74,20,73,15,73,17,72,15,73,17,69,16,67,15,65,12,67,15,65,13,66,12,66,4,62,7,61,-3,64,1,59,-5,64,-9,60,-11,62,-10,59,-20,59,-19,56,-22,51,-26,56,-28,53,-31,58,-34,55,-37,55,-38,60,-39,61,-42,61,-45,60,-42,60,-45,58,-47,0,0]"
CSI_DATA,72,1a:00:00:00:00:00,-47,11,1,0,1,1,1,0,0,0,1,-96,0,11,2,1229813,0,44,0,384,0,"[0,0,0,0,0,0,0,0,0,0,0,0,7,7,6,7,6,7,6,6,5,6,5,5,5,5,4,4,4,4,4,4,4,3,4,3,4,2,3,2,3,2,3,1,2,1,2,0,2,0,2,0,2,-1,1,-1,1,-1,1,-2,1,-2,0,-2,0,0,0,-3,0,-4,0,-4,0,-4,0,-5,0,-5,0,-5,0,-5,-1,-6,0,-6,-1,-6,0,-6,0,-6,0,-6,0,-6,0,-6,0,-7,1,-7,1,-7,1,-7,1,-7,2,-6,2,-7,2,-6,3,-6,3,-6,0,0,0,0,0,0,0,0,0,0,0,0,0,0,39,58,35,65,35,59,36,55,36,54,28,50,30,51,24,47,27,42,27,42,23,40,22,34,25,28,18,29,22,24,16,21,24,19,18,18,13,12,19,16,18,9,14,5,10,4,12,2,11,0,10,-3,14,-2,8,-7,9,-8,8,-10,5,-13,6,-15,0,-18,5,-18,0,-23,6,-19,3,-29,3,-31,2,-29,4,-30,2,-30,1,-30,4,-33,5,-35,3,-34,5,-36,10,-36,10,-38,10,-36,10,-40,13,-36,15,-39,14,-35,18,-37,21,-36,20,-31,20,-28,0,0,0,0,0,0,0,0,0,0,0,0,0,0,0,0,0,0,0,0,0,0,-37,21,-38,19,-40,23,-42,17,-51,17,-45,10,-48,10,-52,5,-55,6,-58,4,-60,5,-62,3,-64,7,-62,4,-64,3,-70,0,-69,-1,-74,3,-70,0,-74,-5,-73,-10,-75,-11,-74,-8,-75,-4,-75,-11,-77,-8,-72,-10,-72,-12,-75,-10,-68,-4,-74,-5,-69,-5,-69,-6,-68,-5,-67,-5,-63,-3,-63,-3,-63,8,-58,8,-60,13,-57,16,-61,19,-57,20,-62,22,-58,20,-59,27,-55,29,-54,29,-58,36,-57,34,-61,41,-59,41,-57,43,-66,42,-57,48,-63,40,-65,44,0,0]"
CSI_DATA,73,1a:00:00:00:00:00,-48,11,1,0,1,1,1,0,0,0,1,-96,0,11,2,1239504,0,44,0,384,0,"[0,0,0,0,0,0,0,0,0,0,0,0,-11,-7,-10,-6,-10,-6,-9,-7,-9,-6,-8,-5,-8,-5,-7,-4,-7,-4,-7,-3,-6,-3,-6,-3,-6,-3,-5,-2,-5,-1,-4,-2,-4,-1,-3,0,-3,0,-3,0,-3,0,-3,1,-2,1,-2,1,-1,2,-1,2,0,0,0,3,-1,3,0,3,1,3,0,4,1,4,1,4,1,5,1,5,2,5,1,5,1,5,1,6,1,6,1,6,1,6,1,6,1,7,0,7,0,7,0,7,-1,6,-1,7,-1,7,-2,6,-3,6,0,0,0,0,0,0,0,0,0,0,0,0,0,0,-57,-52,-53,-48,-55,-44,-50,-42,-49,-43,-49,-41,-44,-42,-43,-39,-33,-32,-36,-33,-35,-29,-33,-25,-33,-25,-29,-22,-28,-17,-29,-15,-23,-11,-23,-12,-22,-11,-19,-9,-21,-3,-19,-4,-17,1,-10,2,-16,1,-10,4,-8,7,-11,9,-7,7,-4,12,-6,12,-2,14,0,16,3,18,3,19,7,24,1,25,2,25,7,30,6,31,5,31,2,33,4,36,2,36,1,34,7,33,2,38,5,38,-1,38,1,39,1,40,-6,37,-4,41,-6,36,-8,38,-14,37,-15,35,0,0,0,0,0,0,0,0,0,0,0,0,0,0,0,0,0,0,0,0,0,0,26,-32,32,-31,32,-33,38,-32,40,-28,41,-30,45,-25,47,-26,50,-25,46,-22,54,-24,55,-23,56,-26,62,-25,64,-25,61,-19,65,-22,62,-22,67,-24,69,-20,68,-23,70,-19,73,-16,72,-16,71,-15,75,-14,71,-13,76,-17,68,-12,72,-14,68,-16,68,-16,62,-17,63,-18,62,-21,62,-20,60,-22,53,-24,55,-28,53,-31,55,-30,50,-34,50,-37,47,-38,46,-38,47,-39,42,-42,46,-51,39,-51,37,-48,44,-52,44,-59,45,-59,43,-58,43,-62,46,-65,44,-65,0,0]"
CSI_DATA,74,1a:00:00:00:00:00,-47,11,1,0,1,1,1,0,0,0,1,-96,0,11,2,1249964,0,44,0,384,0,"[0,0,0,0,0,0,0,0,0,0,0,0,9,-7,9,-6,8,-6,7,-5,7,-5,6,-5,6,-5,6,-5,5,-5,5,-5,4,-5,4,-4,3,-4,3,-4,2,-3,1,-4,1,-3,1,-4,0,-3,0,-3,0,-2,-1,-2,-1,-2,-2,-2,-2,-2,-2,-2,0,0,-3,-1,-4,-1,-4,-1,-4,-1,-4,-1,-5,0,-5,0,-5,0,-6,0,-6,-1,-6,-1,-6,-1,-7,-1,-6,-1,-7,-1,-7,-1,-7,-1,-7,-1,-7,-2,-7,-2,-7,-2,-7,-2,-7,-3,-7,-3,-6,-4,-6,-4,0,0,0,0,0,0,0,0,0,0,0,0,0,0,57,-44,56,-44,55,-43,52,-46,53,-39,50,-38,47,-39,43,-36,42,-33,34,-29,34,-31,29,-28,29,-30,24,-24,24,-25,20,-19,17,-24,11,-22,12,-19,10,-16,10,-23,3,-16,0,-17,-1,-15,-2,-11,-5,-13,-4,-9,-7,-11,-8,-6,-14,-3,-14,-5,-15,0,-19,-3,-17,-4,-25,-4,-18,2,-26,-2,-27,2,-26,6,-31,0,-32,-1,-33,0,-34,-3,-37,2,-37,-2,-36,0,-38,-3,-39,2,-37,-1,-39,-2,-40,-5,-37,-2,-44,-6,-38,-9,-39,-16,-38,-14,-32,-21,0,0,0,0,0,0,0,0,0,0,0,0,0,0,0,0,0,0,0,0,0,0,21,34,22,35,18,43,16,45,10,47,9,46,13,50,11,49,10,54,5,54,1,59,2,58,3,61,1,62,2,64,2,66,1,69,-1,69,-2,69,-6,71,-7,74,-1,73,-6,71,-10,76,-11,74,-9,73,-11,73,-8,70,-5,74,-10,70,-6,68,-6,68,-2,69,-1,65,2,65,8,66,6,60,7,62,7,57,11,57,16,53,20,60,24,53,22,59,28,51,30,50,34,54,36,58,39,57,44,59,43,56,45,56,45,52,49,55,50,54,52,52,56,62,0,0]"
CSI_DATA,75,1a:00:00:00:00:00,-47,11,1,0,1,1,1,0,0,0,1,-96,0,11,2,1259911,0,44,0,384,0,"[0,0,0,0,0,0,0,0,0,0,0,0,-9,-9,-9,-8,-8,-8,-8,-7,-8,-7,-7,-7,-7,-6,-6,-6,-6,-5,-5,-5,-6,-4,-5,-4,-5,-3,-5,-3,-4,-2,-4,-2,-3,-1,-3,-1,-3,-1,-3,0,-3,0,-3,0,-2,1,-2,1,-2,1,-1,2,0,0,-1,2,-1,3,0,3,0,4,0,4,-1,4,0,4,0,4,0,5,0,5,1,6,0,6,0,6,0,6,0,6,0,6,-1,6,-1,7,-1,7,-1,7,-1,7,-2,6,-2,6,-3,6,-3,6,-4,6,0,0,0,0,0,0,0,0,0,0,0,0,0,0,-54,-55,-51,-50,-47,-52,-50,-54,-40,-51,-43,-50,-35,-43,-38,-43,-33,-39,-34,-40,-31,-32,-27,-33,-30,-31,-27,-24,-31,-21,-26,-19,-25,-21,-22,-16,-21,-13,-21,-11,-20,-10,-17,-8,-17,-4,-11,0,-16,1,-11,2,-6,5,-11,4,-4,7,-6,12,-5,13,-4,18,-5,17,-1,19,0,20,1,24,1,27,0,28,2,32,0,31,-2,33,-4,33,-4,37,-8,40,-7,36,-3,35,-5,38,-7,37,-7,39,-9,38,-9,39,-8,37,-12,39,-15,36,-15,33,-21,33,-20,31,0,0,0,0,0,0,0,0,0,0,0,0,0,0,0,0,0,0,0,0,0,0,26,-33,32,-35,33,-26,39,-34,41,-30,42,-26,46,-26,45,-26,53,-24,49,-27,57,-21,56,-24,61,-25,60,-22,66,-21,65,-19,69,-22,66,-16,68,-19,72,-17,69,-17,75,-16,71,-12,73,-11,77,-8,77,-10,76,-9,78,-10,70,-10,69,-10,67,-11,73,-12,69,-16,66,-17,66,-13,65,-14,60,-17,57,-19,59,-17,60,-21,60,-28,56,-30,54,-32,52,-38,54,-36,42,-39,46,-40,48,-49,48,-53,52,-48,51,-51,50,-57,54,-57,45,-53,53,-55,54,-60,52,-62,0,0]"
CSI_DATA,76,1a:00:00:00:00:00,-47,11,1,0,1,1,1,0,0,0,1,-96,0,11,2,1274237,0,44,0,384,0,"[0,0,0,0,0,0,0,0,0,0,0,0,2,10,1,10,2,9,1,9,2,8,1,8,1,7,1,6,1,6,1,5,1,5,2,4,2,4,2,3,1,3,1,3,1,2,2,1,2,1,2,0,2,0,1,0,1,-1,1,-1,1,-1,1,-2,0,0,1,-3,1,-3,1,-4,1,-4,2,-4,1,-5,2,-4,2,-5,1,-5,2,-5,2,-6,3,-6,2,-6,3,-6,2,-6,2,-6,3,-6,3,-6,3,-6,4,-6,4,-6,4,-5,4,-5,4,-5,4,-4,5,-4,0,0,0,0,0,0,0,0,0,0,0,0,0,0,5,70,4,72,11,69,7,64,3,62,6,59,5,56,7,55,5,50,0,48,4,41,5,40,7,40,1,31,7,31,7,29,7,28,9,25,8,20,11,13,11,15,10,11,12,10,8,11,7,2,11,1,10,-2,10,-2,7,-6,9,-10,9,-9,9,-11,9,-13,8,-18,12,-20,12,-22,10,-24,14,-28,9,-26,14,-29,14,-26,14,-27,16,-30,16,-30,18,-31,22,-32,19,-34,19,-32,25,-30,21,-30,21,-32,24,-27,23,-30,27,-26,29,-26,32,-21,33,-17,0,0,0,0,0,0,0,0,0,0,0,0,0,0,0,0,0,0,0,0,0,0,-43,1,-44,-3,-45,-5,-50,-10,-47,-10,-47,-14,-47,-17,-47,-20,-55,-21,-54,-19,-54,-22,-53,-29,-61,-27,-61,-28,-61,-31,-58,-34,-63,-41,-61,-36,-60,-38,-58,-41,-62,-40,-64,-44,-61,-45,-60,-45,-58,-49,-63,-43,-58,-47,-61,-46,-58,-39,-59,-40,-58,-39,-60,-40,-56,-40,-57,-34,-58,-32,-54,-35,-56,-31,-56,-25,-56,-25,-62,-21,-60,-19,-56,-12,-57,-10,-62,-4,-63,-9,-61,-7,-64,1,-64,4,-65,4,-65,5,-71,6,-77,11,-74,11,-75,13,-75,14,-77,14,-75,11,0,0]"
CSI_DATA,77,1a:00:00:00:00:00,-47,11,1,0,1,1,1,0,0,0,1,-96,0,11,2,1279890,0,44,0,384,0,"[0,0,0,0,0,0,0,0,0,0,0,0,-12,1,-12,1,-11,1,-11,0,-10,0,-9,1,-8,1,-8,1,-7,1,-7,1,-6,2,-6,2,-5,2,-5,2,-4,1,-4,2,-3,2,-3,1,-2,2,-2,2,-2,1,-1,1,0,2,0,1,0,1,1,1,0,0,2,1,2,1,3,1,3,1,3,1,4,1,4,1,4,1,5,2,5,2,5,2,5,1,6,1,5,2,6,2,6,2,6,2,6,2,6,3,6,3,6,3,5,3,5,3,5,4,5,4,4,5,0,0,0,0,0,0,0,0,0,0,0,0,0,0,-77,5,-72,2,-71,2,-65,5,-64,5,-64,2,-57,5,-59,5,-55,4,-48,6,-46,6,-43,4,-36,6,-36,6,-34,8,-28,11,-26,11,-25,7,-24,9,-20,7,-15,14,-13,13,-15,11,-5,10,-8,11,-5,12,1,10,2,7,0,7,5,7,10,9,9,9,13,7,17,9,17,8,18,12,25,7,25,11,24,14,27,12,29,12,29,13,28,16,32,15,29,17,34,18,34,20,32,19,33,19,33,19,27,23,30,24,31,23,27,25,25,27,21,28,21,28,0,0,0,0,0,0,0,0,0,0,0,0,0,0,0,0,0,0,0,0,0,0,6,-40,11,-40,9,-47,17,-45,19,-43,21,-42,21,-45,26,-49,25,-45,27,-48,31,-49,36,-51,32,-57,36,-55,39,-55,39,-56,39,-56,45,-59,46,-60,48,-53,47,-58,49,-59,50,-58,48,-56,49,-57,48,-56,45,-54,47,-52,45,-52,47,-54,43,-53,43,-51,43,-54,40,-55,41,-53,35,-51,30,-56,27,-58,27,-56,21,-54,19,-58,17,-57,17,-61,10,-60,7,-63,7,-63,6,-63,-1,-66,-3,-67,-4,-69,-10,-75,-6,-71,-8,-74,-10,-73,-10,-75,-12,-75,-11,-80,0,0]"
CSI_DATA,78,1a:00:00:00:00:00,-47,11,1,0,1,1,1,0,0,0,1,-96,0,11,2,1290791,0,44,0,384,0,"[0,0,0,0,0,0,0,0,0,0,0,0,11,-4,10,-3,9,-4,9,-3,8,-3,7,-3,7,-3,6,-3,6,-3,6,-3,5,-3,4,-3,4,-3,3,-3,3,-3,2,-3,2,-3,1,-3,1,-3,1,-3,0,-2,0,-3,-1,-3,-1,-2,-2,-2,-2,-2,0,0,-3,-2,-3,-1,-4,-1,-4,-2,-4,-1,-5,-1,-5,-1,-5,-1,-6,-2,-6,-2,-6,-2,-6,-2,-6,-2,-6,-2,-7,-2,-7,-2,-7,-2,-6,-2,-7,-3,-7,-3,-7,-4,-6,-4,-7,-4,-6,-4,-6,-4,-5,-5,0,0,0,0,0,0,0,0,0,0,0,0,0,0,79,-5,71,-1,75,-7,70,-3,63,-9,67,-6,56,-3,59,-5,53,-6,52,-9,42,-6,42,-9,39,-8,35,-8,29,-9,29,-10,29,-11,23,-10,22,-11,15,-13,15,-10,9,-16,10,-13,6,-11,6,-11,1,-15,1,-11,-2,-11,-5,-12,-9,-8,-10,-11,-13,-11,-13,-11,-20,-7,-22,-8,-24,-7,-22,-10,-22,-10,-28,-9,-28,-12,-31,-12,-29,-12,-31,-12,-35,-11,-37,-13,-34,-16,-40,-17,-35,-19,-39,-15,-34,-14,-34,-19,-35,-23,-35,-22,-33,-26,-32,-29,-28,-28,-28,-33,0,0,0,0,0,0,0,0,0,0,0,0,0,0,0,0,0,0,0,0,0,0,-14,39,-12,41,-21,45,-25,44,-25,44,-27,42,-31,42,-33,44,-35,42,-34,43,-39,45,-38,46,-44,48,-45,50,-46,52,-49,48,-51,53,-50,50,-52,51,-53,50,-55,51,-57,52,-52,50,-58,51,-56,48,-56,51,-55,51,-54,55,-53,46,-55,51,-54,43,-53,55,-45,50,-45,49,-47,54,-40,51,-39,47,-35,53,-30,52,-30,56,-25,60,-22,55,-22,57,-16,57,-14,62,-15,67,-5,64,-2,62,-1,72,1,66,1,73,6,74,3,76,6,72,8,77,6,78,8,77,0,0]"
CSI_DATA,79,1a:00:00:00:00:00,-48,11,1,0,1,1,1,0,0,0,1,-96,0,11,2,1299509,0,44,0,384,0,"[0,0,0,0,0,0,0,0,0,0,0,0,-11,-5,-10,-4,-10,-5,-10,-5,-9,-4,-8,-4,-8,-3,-7,-3,-7,-3,-7,-3,-6,-2,-6,-1,-6,-1,-5,-1,-5,-1,-4,-1,-4,0,-4,0,-3,0,-3,0,-2,1,-2,1,-2,1,-1,1,-1,2,0,2,0,0,1,3,1,2,1,2,1,3,1,3,2,3,2,3,2,4,3,4,3,4,2,4,2,4,2,5,3,5,2,5,2,5,2,5,2,5,2,6,2,6,2,6,1,6,1,6,0,6,0,6,-1,6,0,0,0,0,0,0,0,0,0,0,0,0,0,0,-66,-33,-63,-31,-64,-34,-59,-31,-56,-32,-51,-30,-52,-29,-45,-26,-46,-24,-43,-25,-39,-22,-40,-17,-38,-15,-35,-14,-32,-13,-31,-10,-27,-7,-26,-7,-21,-6,-24,-1,-23,-1,-16,-1,-18,2,-12,6,-11,5,-7,4,-7,8,-6,8,-1,9,1,10,2,11,2,15,7,15,7,20,10,18,7,23,10,23,12,23,14,27,15,26,16,29,15,30,15,31,13,33,14,33,13,33,13,36,12,35,12,39,13,39,11,35,10,39,6,38,1,38,1,38,-2,38,-7,36,0,0,0,0,0,0,0,0,0,0,0,0,0,0,0,0,0,0,0,0,0,0,21,-36,25,-38,26,-34,34,-36,34,-34,38,-36,39,-32,37,-37,41,-36,47,-34,47,-35,50,-34,50,-35,54,-32,54,-37,57,-31,64,-35,62,-32,61,-35,65,-29,66,-34,64,-34,66,-34,68,-32,67,-28,65,-29,70,-29,70,-29,65,-27,72,-29,63,-26,61,-33,61,-32,57,-33,57,-33,52,-31,51,-33,49,-38,45,-35,45,-37,44,-40,39,-41,43,-44,36,-48,36,-47,32,-54,31,-57,31,-57,28,-60,31,-63,31,-64,31,-66,28,-65,27,-71,33,-72,30,-69,30,-72,0,0]"
CSI_DATA,80,1a:00:00:00:00:00,-47,11,1,0,1,1,1,0,0,0,1,-96,0,11,2,1309795,0,44,0,384,0,"[0,0,0,0,0,0,0,0,0,0,0,0,10,-4,10,-4,9,-4,9,-4,8,-3,8,-4,7,-4,7,-3,6,-3,6,-4,5,-4,5,-4,4,-3,3,-3,3,-3,2,-4,2,-3,2,-3,1,-3,1,-2,0,-2,0,-2,-1,-2,-1,-2,-1,-2,-2,-2,0,0,-3,-2,-3,-2,-4,-1,-4,-2,-5,-1,-5,-2,-5,-1,-5,-2,-6,-2,-6,-2,-6,-2,-6,-2,-7,-2,-7,-2,-7,-3,-7,-2,-7,-2,-7,-3,-7,-3,-7,-3,-7,-4,-6,-4,-6,-4,-6,-4,-6,-5,-5,-5,0,0,0,0,0,0,0,0,0,0,0,0,0,0,70,-22,66,-21,68,-26,62,-27,60,-25,58,-23,53,-20,55,-21,47,-17,47,-21,40,-22,37,-30,39,-14,32,-16,30,-14,22,-17,23,-21,21,-15,15,-13,17,-15,14,-17,13,-16,6,-16,5,-15,1,-9,0,-12,-4,-10,-6,-11,-8,-9,-8,-9,-12,-7,-16,-9,-18,-6,-18,-3,-21,-6,-23,-5,-24,-3,-25,-7,-29,-5,-31,-4,-32,-3,-33,-7,-32,-4,-35,-7,-37,-6,-38,-8,-36,-10,-38,-10,-34,-14,-37,-11,-37,-12,-38,-16,-39,-16,-35,-15,-34,-18,-32,-25,-29,-25,0,0,0,0,0,0,0,0,0,0,0,0,0,0,0,0,0,0,0,0,0,0,5,36,2,45,1,45,-3,50,-8,48,-11,48,-11,50,-10,51,-11,55,-14,52,-17,55,-17,59,-15,59,-21,59,-27,62,-25,64,-24,67,-28,62,-29,69,-29,65,-31,65,-31,66,-32,66,-37,66,-32,66,-33,63,-34,60,-31,68,-30,60,-30,67,-31,59,-26,63,-29,62,-24,61,-23,62,-21,60,-15,56,-14,59,-13,59,-8,59,-3,58,1,56,0,62,4,59,5,60,16,63,13,58,16,60,18,65,19,61,22,67,26,65,27,67,24,67,31,68,31,74,26,72,0,0]"
CSI_DATA,81,1a:00:00:00:00:00,-47,11,1,0,1,1,1,0,0,0,1,-96,0,11,2,1319496,0,44,0,384,0,"[0,0,0,0,0,0,0,0,0,0,0,0,-12,3,-11,3,-11,3,-10,3,-10,2,-9,2,-8,2,-8,2,-8,2,-7,2,-6,3,-6,2,-5,2,-5,2,-4,2,-4,2,-3,2,-2,2,-2,1,-2,2,-1,1,-1,1,-1,1,0,1,0,1,1,1,0,0,2,1,2,1,3,1,3,1,3,1,4,1,4,1,4,1,5,2,5,2,5,2,5,2,5,2,6,2,5,3,6,3,6,2,6,3,5,3,6,4,5,4,5,4,5,4,5,4,4,5,3,5,0,0,0,0,0,0,0,0,0,0,0,0,0,0,-76,9,-71,7,-70,1,-69,6,-64,5,-62,8,-59,2,-55,3,-52,5,-50,8,-44,1,-43,10,-41,6,-36,4,-37,7,-31,8,-29,8,-25,13,-22,7,-20,9,-16,14,-18,11,-14,10,-9,7,-6,9,-4,11,0,11,3,13,6,10,5,9,6,8,12,12,10,12,12,11,18,8,19,11,21,14,25,14,23,16,28,15,25,16,28,17,26,17,28,15,26,21,29,22,31,23,30,25,28,26,26,26,25,26,25,29,24,25,23,31,22,32,20,31,15,34,0,0,0,0,0,0,0,0,0,0,0,0,0,0,0,0,0,0,0,0,0,0,-7,-44,-2,-43,2,-48,3,-48,7,-49,8,-49,14,-51,16,-54,18,-54,21,-57,19,-58,21,-58,24,-59,23,-62,26,-57,26,-62,30,-62,31,-64,31,-60,38,-58,39,-60,41,-62,39,-62,40,-61,45,-61,40,-62,41,-64,43,-61,38,-56,41,-61,41,-57,36,-59,37,-57,34,-59,32,-58,30,-58,28,-58,21,-60,20,-62,16,-61,16,-56,12,-61,8,-62,8,-63,4,-60,11,-57,6,-64,-1,-65,-6,-70,-6,-70,-10,-70,-13,-68,-12,-73,-12,-74,-18,-78,-13,-78,-11,-76,0,0]"
CSI_DATA,82,1a:00:00:00:00:00,-47,11,1,0,1,1,1,0,0,0,1,-96,0,11,2,1330517,0,44,0,384,0,"[0,0,0,0,0,0,0,0,0,0,0,0,-11,-5,-11,-4,-10,-5,-10,-4,-9,-4,-9,-3,-8,-3,-7,-2,-7,-3,-7,-3,-6,-2,-6,-2,-6,-1,-5,-1,-5,-1,-4,-1,-4,0,-4,0,-3,0,-3,0,-3,1,-2,1,-1,1,-2,1,-1,1,0,2,0,0,1,2,1,2,1,2,1,3,1,3,2,3,2,4,2,4,2,4,3,4,3,5,2,5,2,5,2,5,2,5,2,6,2,6,2,6,2,6,1,6,1,7,1,6,1,6,0,6,0,7,-1,6,0,0,0,0,0,0,0,0,0,0,0,0,0,0,-69,-35,-64,-34,-60,-34,-57,-33,-57,-31,-52,-29,-49,-26,-53,-30,-44,-23,-43,-22,-38,-18,-37,-19,-36,-16,-35,-15,-29,-14,-32,-11,-28,-9,-26,-8,-24,-4,-23,-3,-21,-1,-16,-2,-15,3,-14,7,-12,6,-8,7,-8,6,-5,8,-4,9,-2,13,1,14,7,12,7,11,6,17,11,20,11,19,14,22,11,22,15,28,14,27,16,23,17,25,14,30,17,29,14,30,15,29,17,31,18,33,18,35,16,34,14,35,12,37,9,42,6,36,3,39,2,35,-2,37,0,0,0,0,0,0,0,0,0,0,0,0,0,0,0,0,0,0,0,0,0,0,26,-31,29,-34,33,-30,37,-31,36,-31,44,-27,47,-29,45,-26,48,-26,47,-26,51,-20,55,-24,57,-27,60,-24,64,-27,64,-24,66,-24,63,-20,69,-25,69,-23,71,-24,74,-24,70,-18,70,-17,71,-19,71,-19,70,-12,71,-18,69,-18,72,-19,65,-18,65,-20,65,-24,61,-21,62,-23,57,-26,60,-27,53,-31,50,-30,50,-35,46,-37,46,-39,43,-42,43,-45,42,-50,36,-49,37,-51,35,-52,32,-59,33,-57,34,-54,35,-66,37,-68,34,-67,32,-69,35,-72,33,-69,0,0]"
CSI_DATA,83,1a:00:00:00:00:00,-47,11,1,0,1,1,1,0,0,0,1,-96,0,11,2,1339526,0,44,0,384,0,"[0,0,0,0,0,0,0,0,0,0,0,0,-10,-7,-9,-7,-9,-7,-9,-6,-8,-6,-7,-5,-7,-5,-7,-5,-6,-4,-6,-3,-6,-3,-5,-3,-6,-2,-5,-2,-5,-2,-4,-1,-4,-1,-3,-1,-3,0,-3,0,-3,0,-3,1,-2,1,-2,1,-2,1,-1,1,0,0,0,2,0,2,0,3,1,4,0,3,1,4,0,4,1,4,1,5,1,5,2,5,1,5,1,5,1,6,1,6,1,6,1,6,1,6,0,7,0,6,0,7,-1,6,-1,6,-1,6,-2,6,-3,6,0,0,0,0,0,0,0,0,0,0,0,0,0,0,-53,-51,-52,-54,-53,-45,-49,-46,-52,-44,-45,-40,-47,-40,-41,-37,-36,-34,-37,-30,-33,-29,-36,-28,-33,-28,-30,-23,-29,-14,-28,-17,-23,-15,-21,-11,-22,-5,-20,-7,-23,-3,-17,-5,-16,1,-13,0,-14,4,-8,6,-11,6,-7,10,-6,11,-6,11,1,15,-4,13,0,12,1,20,2,20,6,20,6,25,6,26,6,27,6,29,11,31,9,33,8,33,8,33,7,32,6,36,6,34,4,41,5,36,2,36,3,39,-4,39,-2,38,-3,38,-7,40,-8,34,-13,36,0,0,0,0,0,0,0,0,0,0,0,0,0,0,0,0,0,0,0,0,0,0,27,-31,31,-28,36,-29,37,-28,45,-25,40,-22,45,-19,50,-22,50,-20,53,-19,53,-19,57,-18,59,-22,64,-20,63,-14,66,-22,64,-15,66,-14,70,-13,69,-16,70,-13,76,-10,72,-11,70,-14,74,-11,73,-12,74,-12,72,-12,75,-12,70,-8,68,-10,67,-10,67,-13,66,-9,61,-13,64,-12,59,-13,57,-21,57,-26,59,-25,56,-26,52,-29,52,-32,49,-38,44,-37,43,-34,45,-39,45,-45,47,-48,46,-50,40,-56,41,-58,49,-60,42,-60,42,-58,43,-62,46,-60,0,0]"
CSI_DATA,84,1a:00:00:00:00:00,-48,11,1,0,1,1,1,0,0,0,1,-96,0,11,2,1371308,0,44,0,384,0,"[0,0,0,0,0,0,0,0,0,0,0,0,-12,1,-11,0,-11,0,-11,0,-10,0,-9,0,-9,1,-8,1,-8,1,-7,1,-6,1,-6,1,-6,1,-5,1,-5,1,-4,1,-3,2,-3,1,-3,1,-2,1,-2,1,-2,1,-1,1,-1,1,0,1,1,2,0,0,2,2,2,1,2,1,3,2,3,2,3,1,3,2,4,2,4,2,4,2,4,3,5,2,5,3,5,3,5,3,5,3,5,3,5,4,5,4,5,4,4,5,4,5,4,5,3,5,3,5,2,6,0,0,0,0,0,0,0,0,0,0,0,0,0,0,-71,-3,-75,0,-68,3,-70,-1,-65,4,-57,1,-61,-4,-55,1,-48,2,-52,4,-46,2,-44,3,-38,2,-38,4,-33,6,-31,8,-31,6,-28,8,-21,8,-21,7,-20,9,-19,5,-11,12,-13,11,-8,8,-6,11,-5,10,-1,11,3,9,4,11,9,8,10,11,11,10,16,5,16,10,19,10,19,13,22,11,23,11,26,16,25,14,26,16,28,15,27,19,31,20,30,17,32,18,33,21,32,19,33,21,29,24,32,22,28,25,27,25,25,31,22,29,19,30,0,0,0,0,0,0,0,0,0,0,0,0,0,0,0,0,0,0,0,0,0,0,9,-42,15,-39,17,-45,21,-41,20,-44,25,-43,28,-42,30,-45,30,-45,32,-45,39,-47,37,-46,37,-49,43,-46,45,-46,49,-50,43,-50,48,-51,51,-49,51,-50,52,-49,54,-49,56,-51,53,-49,58,-47,53,-50,55,-52,52,-50,49,-48,54,-51,45,-50,46,-51,45,-49,44,-49,43,-49,42,-50,37,-49,34,-51,30,-53,27,-51,24,-53,22,-59,22,-57,15,-60,14,-58,14,-57,5,-61,4,-64,1,-67,2,-70,4,-70,-2,-69,-1,-71,-4,-74,-7,-75,-3,-77,-3,-75,0,0]"
CSI_DATA,85,1a:00:00:00:00:00,-47,11,1,0,1,1,1,0,0,0,1,-96,0,11,2,1380403,0,44,0,384,0,"[0,0,0,0,0,0,0,0,0,0,0,0,10,-4,10,-4,9,-3,9,-3,9,-3,8,-4,7,-3,7,-3,6,-3,5,-3,5,-3,4,-3,4,-3,3,-3,3,-3,2,-3,2,-3,2,-3,1,-3,1,-3,0,-2,0,-2,-1,-2,-1,-2,-1,-2,-2,-2,0,0,-3,-2,-3,-2,-4,-1,-4,-2,-4,-1,-5,-1,-5,-1,-5,-1,-6,-2,-6,-2,-6,-2,-6,-2,-7,-2,-7,-2,-6,-2,-7,-2,-7,-2,-7,-3,-7,-3,-7,-3,-7,-3,-7,-3,-6,-4,-6,-4,-6,-4,-6,-5,0,0,0,0,0,0,0,0,0,0,0,0,0,0,74,-13,74,-12,72,-12,64,-8,64,-8,63,-11,59,-9,55,-12,52,-10,51,-10,46,-7,41,-8,39,-9,36,-7,32,-8,31,-10,28,-9,26,-7,24,-16,20,-10,17,-14,11,-11,12,-14,10,-14,8,-10,4,-9,0,-14,-3,-12,-4,-9,-10,-8,-11,-6,-10,-10,-14,-7,-18,-10,-21,-10,-21,-11,-23,-14,-24,-14,-28,-12,-29,-12,-26,-14,-28,-13,-32,-16,-31,-17,-30,-14,-34,-19,-33,-21,-32,-22,-33,-19,-31,-24,-32,-25,-30,-25,-31,-24,-28,-26,-25,-28,-24,-30,-24,-34,0,0,0,0,0,0,0,0,0,0,0,0,0,0,0,0,0,0,0,0,0,0,4,41,-5,42,-3,48,-7,47,-10,49,-14,50,-17,49,-17,52,-19,53,-20,55,-24,53,-23,53,-25,58,-31,59,-31,66,-32,60,-37,65,-36,62,-38,63,-38,59,-39,64,-44,63,-43,65,-49,64,-45,61,-43,64,-40,63,-44,63,-43,58,-43,63,-40,58,-38,58,-37,57,-36,59,-34,59,-29,57,-28,58,-23,57,-25,54,-19,59,-15,61,-9,59,-6,62,-8,63,-10,63,2,62,4,65,7,64,10,66,8,68,8,68,11,69,11,74,18,69,14,77,15,79,15,73,0,0]"
CSI_DATA,86,1a:00:00:00:00:00,-47,11,1,0,1,1,1,0,0,0,1,-96,0,11,2,1401727,0,44,0,384,0,"[0,0,0,0,0,0,0,0,0,0,0,0,-11,-5,-10,-5,-10,-5,-10,-5,-9,-5,-8,-4,-8,-4,-7,-4,-7,-3,-7,-3,-6,-3,-6,-2,-6,-2,-5,-1,-5,-1,-5,-1,-4,0,-4,0,-4,0,-3,0,-3,0,-2,0,-2,1,-2,1,-2,1,0,2,0,0,0,2,0,2,1,3,1,3,1,3,1,3,2,4,2,4,3,4,2,5,3,5,2,5,2,5,2,5,3,5,2,5,2,5,2,6,2,6,2,6,2,6,1,6,1,6,0,6,0,6,-1,6,0,0,0,0,0,0,0,0,0,0,0,0,0,0,-66,-32,-72,-32,-62,-29,-60,-29,-58,-31,-54,-24,-56,-23,-48,-22,-47,-21,-43,-21,-45,-19,-44,-15,-37,-15,-36,-13,-35,-10,-36,-9,-28,-7,-31,-4,-25,-3,-23,-3,-21,0,-15,0,-14,4,-16,4,-12,5,-10,7,-9,3,-1,11,-4,12,-1,13,1,14,2,13,8,17,9,17,10,17,9,17,11,19,15,20,12,26,13,24,12,28,16,25,18,28,11,30,16,32,14,32,13,33,11,33,15,34,12,34,12,37,8,38,7,37,5,40,2,37,1,39,-5,38,0,0,0,0,0,0,0,0,0,0,0,0,0,0,0,0,0,0,0,0,0,0,21,-38,21,-37,28,-35,30,-36,37,-39,36,-32,36,-33,39,-36,41,-35,43,-35,46,-37,49,-36,52,-39,52,-35,55,-38,57,-37,57,-34,63,-33,57,-36,64,-31,68,-28,68,-32,67,-33,68,-31,68,-31,67,-31,66,-34,67,-29,66,-30,62,-30,63,-33,59,-27,63,-31,57,-33,58,-31,56,-31,51,-35,45,-37,48,-38,45,-39,41,-42,40,-45,39,-41,34,-46,31,-47,35,-49,31,-52,28,-56,31,-57,32,-62,22,-66,25,-67,27,-66,26,-66,23,-75,29,-73,28,-73,0,0]"
CSI_DATA,87,1a:00:00:00:00:00,-47,11,1,0,1,1,1,0,0,0,1,-96,0,11,2,1411119,0,44,0,384,0,"[0,0,0,0,0,0,0,0,0,0,0,0,-12,-2,-11,-2,-11,-2,-11,-2,-10,-2,-9,-1,-8,-1,-8,-1,-8,-1,-7,0,-7,-1,-6,0,-6,0,-5,0,-5,0,-4,0,-4,1,-3,1,-3,1,-3,1,-2,1,-2,1,-1,1,-1,1,-1,1,0,2,0,0,1,2,1,2,2,2,3,2,2,2,3,2,3,3,3,3,4,3,4,3,4,3,4,4,4,4,4,4,4,4,4,4,4,4,4,5,4,5,4,5,4,6,3,5,3,6,3,6,2,6,1,6,0,0,0,0,0,0,0,0,0,0,0,0,0,0,-73,-20,-70,-19,-65,-17,-63,-21,-67,-15,-60,-19,-59,-14,-57,-9,-55,-12,-49,-12,-47,-10,-43,-9,-43,-9,-38,-6,-35,-6,-35,-1,-30,1,-28,3,-24,1,-25,3,-22,4,-20,4,-15,7,-15,8,-9,7,-7,9,-6,5,-4,10,-2,12,3,12,3,12,8,13,11,11,13,15,13,11,17,19,16,15,20,17,24,25,22,18,23,21,23,22,22,25,24,25,24,27,26,24,24,26,22,28,25,31,22,29,23,34,18,31,19,35,18,37,14,36,10,38,7,35,0,0,0,0,0,0,0,0,0,0,0,0,0,0,0,0,0,0,0,0,0,0,16,-38,22,-38,23,-40,25,-41,30,-39,32,-38,37,-38,40,-35,42,-41,43,-38,45,-40,43,-40,52,-41,52,-42,55,-42,55,-42,60,-39,59,-40,61,-42,60,-35,63,-37,67,-43,63,-42,65,-36,68,-35,64,-36,67,-39,69,-39,58,-39,63,-41,58,-36,59,-37,59,-39,56,-40,55,-34,48,-39,46,-44,45,-43,44,-45,39,-49,36,-48,34,-51,38,-52,27,-54,29,-57,31,-57,24,-61,21,-62,21,-66,16,-66,16,-69,17,-72,16,-74,18,-74,10,-78,15,-80,18,-79,0,0]"
CSI_DATA,88,1a:00:00:00:00:00,-47,11,1,0,1,1,1,0,0,0,1,-96,0,11,2,1419627,0,44,0,384,0,"[0,0,0,0,0,0,0,0,0,0,0,0,11,4,10,4,10,4,9,4,9,4,7,3,7,3,7,2,6,2,6,2,6,1,5,1,5,0,4,0,4,0,3,-1,3,-1,3,-1,2,-1,2,-1,1,-2,1,-2,0,-2,0,-2,0,-2,-1,-3,0,0,-2,-4,-1,-4,-2,-4,-3,-4,-2,-4,-3,-4,-3,-4,-3,-5,-4,-5,-4,-6,-4,-6,-3,-6,-4,-6,-3,-6,-3,-6,-3,-7,-4,-7,-3,-7,-3,-7,-3,-7,-2,-7,-2,-7,-2,-7,-1,-7,-1,-8,0,-8,0,0,0,0,0,0,0,0,0,0,0,0,0,0,67,37,52,42,58,36,55,36,49,36,50,32,47,32,46,36,41,30,41,27,38,22,36,24,36,18,28,18,29,17,27,13,29,13,24,10,25,7,19,7,21,1,19,2,17,-1,12,-1,10,-6,9,-7,9,-6,5,-7,2,-12,3,-12,3,-14,-3,-15,-1,-15,-6,-23,-10,-21,-4,-25,-6,-25,-7,-27,-6,-26,-7,-29,-8,-31,-10,-31,-9,-32,-10,-37,-6,-34,-6,-34,-9,-38,-5,-35,-2,-41,-4,-40,-1,-38,-2,-39,2,-39,4,-37,4,-36,9,-36,8,-38,0,0,0,0,0,0,0,0,0,0,0,0,0,0,0,0,0,0,0,0,0,0,-19,34,-22,37,-28,37,-29,36,-35,36,-37,34,-37,35,-44,33,-43,36,-46,32,-47,36,-50,32,-54,37,-52,35,-55,37,-57,31,-61,35,-60,37,-63,31,-65,29,-68,25,-68,30,-66,27,-70,26,-67,24,-70,27,-67,28,-70,25,-66,22,-68,26,-62,25,-64,25,-62,24,-61,24,-60,26,-54,29,-53,31,-54,33,-47,35,-49,35,-48,38,-45,36,-44,44,-40,43,-42,43,-36,53,-41,49,-36,52,-34,57,-36,54,-32,61,-34,62,-36,65,-36,62,-32,71,-39,69,-34,68,0,0]"
CSI_DATA,89,1a:00:00:00:00:00,-47,11,1,0,1,1,1,0,0,0,1,-96,0,11,2,1430184,0,44,0,384,0,"[0,0,0,0,0,0,0,0,0,0,0,0,5,-10,5,-10,4,-9,4,-9,4,-8,4,-8,4,-8,3,-7,3,-7,2,-6,2,-7,2,-6,1,-6,1,-5,0,-5,1,-4,0,-4,-1,-4,-1,-4,-1,-3,-2,-3,-1,-2,-2,-2,-2,-1,-2,-1,-2,-1,0,0,-3,0,-3,0,-3,1,-4,1,-5,1,-5,1,-5,2,-5,1,-5,1,-6,1,-6,1,-6,2,-6,2,-7,2,-6,1,-7,1,-7,1,-7,1,-7,1,-7,0,-7,0,-7,-1,-7,-1,-7,-1,-7,-2,-7,-2,0,0,0,0,0,0,0,0,0,0,0,0,0,0,52,-56,49,-51,49,-50,47,-51,45,-48,44,-42,40,-42,39,-41,36,-33,34,-35,33,-32,28,-35,26,-27,23,-31,18,-29,18,-25,15,-27,9,-25,10,-22,7,-19,4,-19,5,-17,4,-15,-1,-16,-2,-14,-4,-12,-4,-10,-5,-8,-9,-8,-12,-9,-13,-1,-16,-1,-14,-2,-20,-4,-21,1,-19,0,-25,4,-26,3,-28,3,-28,3,-31,0,-30,1,-30,5,-38,2,-37,3,-36,4,-40,1,-39,3,-38,-3,-41,0,-41,-3,-41,-4,-41,-6,-37,-7,-36,-8,-36,-11,-34,-16,0,0,0,0,0,0,0,0,0,0,0,0,0,0,0,0,0,0,0,0,0,0,29,29,24,32,26,35,26,39,24,42,19,45,20,47,16,49,17,50,18,51,19,54,17,58,20,58,16,64,15,63,11,64,13,64,13,69,12,66,5,71,8,69,7,71,11,74,6,71,6,72,7,70,8,73,8,74,7,69,6,70,8,70,8,65,6,65,11,65,10,64,12,59,16,61,18,58,21,58,21,55,24,51,31,54,29,51,33,54,34,46,37,43,42,45,50,46,49,49,49,47,49,45,53,46,53,47,54,48,59,48,54,50,58,50,0,0]"
CSI_DATA,90,1a:00:00:00:00:00,-47,11,1,0,1,1,1,0,0,0,1,-96,0,11,2,1459500,0,44,0,384,0,"[0,0,0,0,0,0,0,0,0,0,0,0,-11,5,-11,4,-10,4,-10,4,-9,3,-9,4,-8,4,-8,4,-7,3,-6,3,-6,3,-5,3,-5,3,-4,3,-4,3,-4,3,-3,3,-2,2,-2,2,-2,2,-1,1,-1,1,0,1,0,1,1,1,1,1,0,0,2,0,2,0,3,0,3,1,4,0,4,0,4,0,4,0,5,1,5,1,5,0,5,1,6,0,6,1,6,2,6,1,6,1,6,2,6,2,6,3,6,2,6,3,6,3,5,3,5,3,4,4,0,0,0,0,0,0,0,0,0,0,0,0,0,0,-69,24,-72,26,-64,26,-67,25,-66,21,-57,20,-58,20,-58,17,-53,20,-47,19,-45,15,-43,17,-39,17,-32,16,-32,16,-30,16,-28,16,-25,17,-19,17,-19,12,-16,12,-13,16,-8,11,-10,13,-3,13,-2,13,-2,13,1,13,3,6,9,8,12,9,14,8,17,5,16,5,19,7,23,8,22,11,24,6,26,6,30,9,28,8,29,8,28,10,30,10,34,14,35,14,33,16,36,16,33,16,32,16,32,17,32,20,32,21,29,24,27,25,24,28,22,31,0,0,0,0,0,0,0,0,0,0,0,0,0,0,0,0,0,0,0,0,0,0,-18,-43,-13,-40,-12,-48,-7,-48,-5,-49,-6,-49,0,-53,1,-54,2,-55,5,-60,7,-59,4,-61,6,-69,9,-66,10,-67,12,-70,12,-70,13,-73,16,-69,19,-74,16,-73,23,-74,23,-71,23,-72,25,-70,25,-73,27,-71,24,-71,23,-77,22,-67,22,-71,19,-66,22,-69,20,-67,18,-67,15,-66,13,-60,6,-60,8,-61,1,-62,1,-60,-4,-64,-8,-62,-13,-66,-8,-63,-15,-60,-11,-61,-22,-63,-19,-64,-25,-62,-28,-66,-28,-65,-30,-66,-33,-66,-32,-70,-28,-67,-32,-78,0,0]"
CSI_DATA,91,1a:00:00:00:00:00,-48,11,1,0,1,1,1,0,0,0,1,-96,0,11,2,1470004,0,44,0,384,0,"[0,0,0,0,0,0,0,0,0,0,0,0,11,-2,11,-2,10,-2,10,-1,9,-2,8,-2,8,-2,7,-2,7,-2,6,-2,6,-3,5,-3,4,-2,4,-2,3,-2,3,-3,2,-3,2,-2,2,-2,1,-3,1,-2,1,-2,0,-2,-1,-2,-1,-2,-2,-2,0,0,-2,-2,-3,-2,-3,-2,-4,-3,-4,-2,-4,-2,-5,-2,-5,-2,-5,-3,-6,-3,-6,-3,-6,-3,-6,-3,-6,-3,-6,-3,-6,-4,-6,-3,-6,-4,-6,-4,-6,-5,-6,-5,-6,-5,-5,-5,-5,-5,-5,-6,-4,-6,0,0,0,0,0,0,0,0,0,0,0,0,0,0,73,-3,74,-4,69,-3,67,-3,67,0,57,0,61,-2,56,2,53,-3,48,0,46,-2,41,-7,41,-9,39,-7,34,-6,34,-9,32,-8,25,-6,19,-10,22,-10,19,-10,14,-12,10,-11,10,-10,7,-13,6,-13,0,-13,-1,-10,-3,-14,-5,-9,-8,-9,-9,-9,-18,-9,-16,-10,-21,-16,-17,-14,-24,-15,-21,-13,-26,-18,-24,-18,-28,-20,-32,-15,-29,-20,-30,-20,-31,-20,-27,-25,-33,-23,-24,-27,-30,-25,-29,-22,-29,-26,-30,-31,-25,-28,-26,-33,-23,-34,-21,-32,-16,-37,0,0,0,0,0,0,0,0,0,0,0,0,0,0,0,0,0,0,0,0,0,0,-9,40,-10,42,-10,46,-16,46,-20,47,-21,45,-25,45,-23,44,-28,44,-29,54,-34,53,-31,52,-34,52,-38,56,-40,56,-42,55,-40,55,-43,57,-46,54,-45,56,-42,57,-47,56,-50,57,-53,55,-51,57,-52,54,-53,52,-52,48,-54,54,-47,53,-51,56,-45,52,-45,51,-43,52,-41,51,-39,53,-33,57,-32,53,-25,53,-26,55,-19,57,-21,60,-17,56,-12,64,-9,61,-10,58,-5,61,0,65,1,64,-2,68,4,72,11,68,4,69,0,72,4,73,4,73,5,80,0,0]"
CSI_DATA,92,1a:00:00:00:00:00,-47,11,1,0,1,1,1,0,0,0,1,-96,0,11,2,1484310,0,44,0,384,0,"[0,0,0,0,0,0,0,0,0,0,0,0,-12,-2,-11,-2,-11,-2,-11,-1,-10,-2,-9,-1,-9,-1,-8,0,-8,-1,-7,-1,-7,0,-6,0,-6,0,-5,0,-5,0,-4,1,-4,1,-3,1,-3,1,-3,1,-2,1,-2,1,-1,1,-1,1,-1,1,0,2,0,0,1,2,1,2,1,2,2,2,3,2,3,2,3,2,3,3,4,3,4,4,4,4,4,4,3,4,4,4,4,4,4,5,4,4,4,5,3,5,4,5,3,6,3,6,3,6,2,6,1,6,1,6,0,0,0,0,0,0,0,0,0,0,0,0,0,0,-76,-8,-73,-8,-74,-7,-67,-11,-66,-8,-57,-7,-56,-9,-57,-6,-50,-9,-50,-10,-44,-9,-41,-2,-38,-2,-40,-2,-35,0,-35,6,-31,5,-26,8,-23,5,-23,4,-18,9,-20,6,-14,10,-10,9,-11,7,-7,9,-5,10,0,11,0,12,3,11,4,11,6,10,10,12,11,11,17,13,21,14,18,14,20,19,19,17,24,15,23,19,23,21,22,20,26,20,25,25,27,25,26,27,23,31,25,27,26,30,20,29,21,27,21,31,18,33,18,34,12,32,11,37,0,0,0,0,0,0,0,0,0,0,0,0,0,0,0,0,0,0,0,0,0,0,6,-42,12,-42,12,-44,17,-46,18,-43,23,-42,28,-43,28,-43,31,-46,30,-46,34,-46,34,-47,34,-48,40,-50,42,-49,45,-50,46,-52,45,-47,49,-53,52,-49,53,-49,51,-51,58,-50,55,-49,56,-51,57,-49,56,-47,55,-50,52,-47,56,-48,50,-47,47,-47,49,-48,47,-47,46,-46,41,-45,38,-48,38,-50,31,-50,29,-51,29,-54,27,-50,23,-55,20,-58,20,-58,19,-60,17,-61,8,-62,6,-66,6,-67,5,-70,3,-73,5,-69,3,-68,1,-71,2,-73,3,-78,0,0]"
CSI_DATA,93,1a:00:00:00:00:00,-47,11,1,0,1,1,1,0,0,0,1,-96,0,11,2,1489595,0,44,0,384,0,"[0,0,0,0,0,0,0,0,0,0,0,0,10,-5,10,-5,9,-5,9,-4,8,-4,8,-4,7,-4,6,-4,6,-4,6,-4,5,-4,5,-4,4,-4,3,-3,3,-3,2,-4,2,-4,1,-3,1,-3,1,-3,0,-3,0,-3,-1,-3,-1,-2,-1,-2,-2,-3,0,0,-3,-2,-3,-2,-4,-1,-4,-2,-4,-2,-5,-1,-5,-2,-6,-2,-6,-2,-6,-2,-6,-2,-6,-2,-7,-2,-6,-3,-7,-3,-7,-3,-7,-3,-7,-3,-7,-3,-6,-4,-7,-4,-6,-4,-6,-5,-6,-5,-5,-5,-5,-6,0,0,0,0,0,0,0,0,0,0,0,0,0,0,65,-36,62,-35,61,-36,59,-31,59,-33,53,-32,50,-32,51,-23,46,-29,40,-25,38,-26,38,-25,37,-23,33,-24,27,-20,23,-19,22,-21,18,-18,18,-18,14,-19,13,-14,8,-16,6,-15,5,-16,7,-15,1,-15,-3,-11,-5,-9,-11,-8,-10,-7,-13,-9,-14,-4,-17,-4,-17,-7,-18,-5,-24,-8,-23,-3,-30,-4,-29,-2,-30,-5,-32,-7,-33,-5,-33,-8,-35,-7,-35,-11,-34,-7,-36,-8,-38,-11,-36,-9,-35,-14,-36,-13,-37,-15,-36,-20,-36,-18,-31,-20,-35,-23,-28,-25,0,0,0,0,0,0,0,0,0,0,0,0,0,0,0,0,0,0,0,0,0,0,21,35,18,39,15,45,15,45,9,51,6,49,5,51,6,51,6,56,3,58,0,59,3,60,3,64,-3,66,-5,64,-5,70,-6,71,-11,70,-9,67,-10,73,-11,70,-13,74,-12,75,-14,71,-15,73,-12,71,-15,75,-12,72,-14,75,-14,69,-11,67,-12,68,-12,64,-11,63,-8,67,-5,63,-4,65,3,59,1,62,7,61,7,60,12,58,13,60,18,60,14,53,22,60,27,60,25,56,30,66,34,60,35,60,43,58,39,66,43,64,42,64,43,63,40,66,0,0]"
CSI_DATA,94,1a:00:00:00:00:00,-47,11,1,0,1,1,1,0,0,0,1,-96,0,11,2,1499490,0,44,0,384,0,"[0,0,0,0,0,0,0,0,0,0,0,0,-10,6,-9,5,-9,5,-8,5,-8,5,-7,5,-7,4,-6,4,-6,4,-5,4,-5,4,-4,3,-4,3,-4,3,-3,2,-3,3,-2,3,-2,3,-1,2,-1,2,-1,2,0,1,0,1,0,1,1,1,1,1,0,0,2,0,2,0,2,0,3,0,3,0,4,-1,4,0,5,-1,5,0,5,0,5,0,5,0,5,0,5,0,6,1,5,0,6,0,6,1,6,1,6,1,6,2,6,2,6,2,5,2,5,3,5,3,0,0,0,0,0,0,0,0,0,0,0,0,0,0,-63,34,-63,38,-65,38,-60,36,-58,33,-52,29,-56,32,-46,24,-46,27,-42,25,-40,24,-35,24,-32,25,-32,25,-33,22,-26,20,-25,21,-21,17,-15,19,-14,15,-11,19,-9,16,-5,12,-4,16,-3,12,2,11,5,12,4,6,7,9,10,9,8,7,11,5,17,2,23,6,21,2,24,3,23,0,30,-1,26,-3,30,1,31,3,33,3,33,6,37,6,35,2,34,7,35,7,35,6,34,7,36,12,41,11,39,15,39,12,33,19,28,22,30,24,29,22,0,0,0,0,0,0,0,0,0,0,0,0,0,0,0,0,0,0,0,0,0,0,-17,-35,-18,-40,-15,-46,-10,-48,-10,-49,-12,-51,-10,-51,-12,-52,-7,-55,-3,-59,-1,-58,-1,-62,1,-68,0,-69,0,-68,3,-69,0,-72,4,-74,6,-74,3,-73,4,-75,7,-73,8,-74,15,-74,16,-79,12,-75,15,-75,10,-72,14,-71,12,-71,11,-71,7,-69,9,-68,3,-69,4,-68,2,-66,-2,-61,-1,-64,-7,-60,-5,-62,-13,-58,-15,-60,-16,-58,-19,-56,-23,-57,-24,-54,-25,-60,-33,-59,-36,-59,-34,-58,-40,-59,-42,-60,-44,-61,-44,-56,-42,-69,-45,-69,-47,-65,0,0]"
CSI_DATA,95,1a:00:00:00:00:00,-47,11,1,0,1,1,1,0,0,0,1,-96,0,11,2,1509645,0,44,0,384,0,"[0,0,0,0,0,0,0,0,0,0,0,0,1,11,1,11,1,10,1,9,1,9,0,9,1,8,1,7,1,7,1,6,1,6,1,5,1,4,1,4,1,3,1,3,1,3,1,2,1,2,2,1,2,1,1,0,1,0,2,-1,2,-1,1,-1,0,0,1,-2,2,-3,2,-3,2,-3,2,-4,2,-4,3,-4,3,-5,2,-5,3,-5,3,-5,3,-5,4,-5,4,-5,4,-5,4,-5,4,-5,4,-5,5,-5,5,-5,5,-5,5,-4,6,-4,6,-3,6,-3,6,-2,0,0,0,0,0,0,0,0,0,0,0,0,0,0,5,72,4,72,5,66,1,64,4,66,1,62,1,58,0,49,3,50,5,48,6,47,3,43,3,38,9,34,4,37,8,32,7,26,8,27,10,23,7,19,9,17,11,14,10,13,8,10,6,8,7,7,13,2,6,0,9,-5,14,-8,12,-8,12,-11,11,-16,13,-19,12,-20,12,-19,9,-19,13,-25,12,-26,14,-25,16,-28,16,-23,14,-25,18,-28,19,-29,23,-32,22,-29,22,-31,21,-29,23,-28,24,-27,26,-22,29,-24,30,-25,34,-22,33,-18,32,-15,0,0,0,0,0,0,0,0,0,0,0,0,0,0,0,0,0,0,0,0,0,0,-42,-4,-43,-7,-45,-11,-45,-12,-48,-13,-47,-17,-45,-20,-49,-22,-50,-23,-49,-26,-50,-30,-53,-30,-58,-32,-55,-35,-55,-35,-54,-41,-56,-42,-59,-40,-58,-40,-56,-43,-57,-44,-54,-45,-61,-45,-58,-47,-58,-46,-57,-49,-58,-48,-56,-44,-56,-51,-54,-46,-55,-44,-55,-40,-54,-42,-56,-42,-54,-39,-53,-34,-53,-31,-54,-27,-53,-25,-55,-25,-57,-22,-57,-17,-57,-16,-63,-12,-60,-8,-59,-11,-65,-4,-60,-3,-70,-3,-68,2,-65,4,-72,9,-70,8,-74,7,-75,7,-72,9,-72,7,0,0]"
CSI_DATA,96,1a:00:00:00:00:00,-48,11,1,0,1,1,1,0,0,0,1,-96,0,11,2,1520328,0,44,0,384,0,"[0,0,0,0,0,0,0,0,0,0,0,0,-7,-10,-7,-10,-6,-9,-7,-9,-6,-8,-5,-8,-5,-7,-5,-7,-5,-6,-5,-5,-5,-5,-5,-4,-5,-4,-4,-4,-4,-3,-3,-3,-4,-2,-3,-2,-3,-1,-3,-1,-3,-1,-3,0,-2,0,-2,0,-2,1,-1,1,0,0,-1,2,-2,2,-1,3,-1,3,-1,4,-1,4,-1,4,-1,4,-1,4,0,5,-1,5,-1,5,-1,6,-2,6,-1,6,-2,6,-2,6,-2,6,-2,6,-2,6,-2,6,-3,6,-3,6,-4,5,-4,5,-4,5,0,0,0,0,0,0,0,0,0,0,0,0,0,0,-34,-69,-29,-61,-32,-73,-32,-61,-26,-60,-29,-61,-20,-52,-24,-53,-21,-45,-23,-49,-21,-40,-21,-35,-19,-37,-19,-31,-16,-31,-18,-29,-20,-22,-15,-21,-21,-22,-15,-11,-21,-16,-15,-6,-14,-7,-14,-7,-15,-5,-12,-1,-9,-1,-10,4,-7,3,-11,9,-10,8,-8,13,-7,13,-4,13,-3,20,-8,22,-5,26,-5,26,-5,30,-5,29,-5,30,-7,30,-8,34,-9,37,-8,36,-7,32,-13,37,-16,34,-14,36,-12,35,-16,36,-19,36,-25,34,-21,30,-24,29,-23,31,-29,27,0,0,0,0,0,0,0,0,0,0,0,0,0,0,0,0,0,0,0,0,0,0,38,-21,43,-17,43,-10,49,-12,46,-10,49,-11,51,-3,54,-6,58,-1,51,-5,61,-1,62,0,65,-3,62,1,66,7,64,10,68,9,68,12,71,8,70,20,67,13,70,21,70,12,71,14,74,17,72,20,73,14,75,18,64,18,73,19,63,14,72,16,69,12,65,9,66,10,64,6,61,4,61,3,61,-1,61,-3,65,-7,60,-8,63,-10,59,-11,64,-16,57,-13,59,-24,57,-28,59,-34,57,-27,64,-34,63,-38,67,-37,60,-34,69,-36,71,-43,66,-39,0,0]"
CSI_DATA,97,1a:00:00:00:00:00,-47,11,1,0,1,1,1,0,0,0,1,-96,0,11,2,1529516,0,44,0,384,0,"[0,0,0,0,0,0,0,0,0,0,0,0,-9,-8,-9,-8,-8,-8,-8,-8,-8,-7,-7,-6,-7,-6,-6,-6,-6,-5,-6,-5,-6,-4,-5,-4,-5,-4,-5,-3,-5,-2,-5,-2,-4,-2,-4,-2,-4,-1,-4,-1,-3,0,-3,0,-2,0,-2,1,-2,1,-1,1,0,0,-1,2,-1,2,-1,3,0,3,0,3,0,4,0,4,-1,4,0,5,0,5,0,6,0,5,-1,6,-1,6,0,6,-1,6,-1,6,-1,6,-1,7,-2,6,-2,7,-3,6,-3,6,-3,6,-4,6,-4,5,0,0,0,0,0,0,0,0,0,0,0,0,0,0,-56,-55,-50,-55,-52,-53,-40,-51,-40,-50,-43,-48,-37,-48,-38,-44,-36,-38,-30,-38,-33,-35,-31,-32,-28,-31,-26,-26,-27,-23,-22,-18,-24,-19,-24,-19,-22,-12,-20,-11,-21,-10,-19,-7,-19,-2,-15,0,-15,-3,-16,3,-13,1,-9,6,-9,5,-5,5,-5,10,-2,12,0,19,-3,17,0,18,-1,28,-2,26,0,25,-2,28,0,31,2,30,-1,30,-3,32,-3,36,-2,35,-2,36,-1,39,-4,37,-9,39,-8,38,-12,36,-11,36,-13,37,-14,33,-21,36,-20,32,-25,30,0,0,0,0,0,0,0,0,0,0,0,0,0,0,0,0,0,0,0,0,0,0,28,-29,32,-29,35,-30,37,-30,40,-25,42,-24,48,-21,47,-25,49,-23,52,-20,53,-19,59,-21,61,-20,59,-18,65,-19,64,-14,69,-18,65,-14,72,-17,72,-13,66,-9,78,-11,75,-5,75,-9,70,-8,73,-6,75,-5,74,-6,71,-7,71,-9,71,-9,68,-7,72,-6,68,-10,69,-8,63,-14,62,-14,57,-19,59,-18,58,-20,56,-23,53,-28,54,-28,51,-35,52,-36,52,-32,52,-36,49,-40,48,-51,48,-46,51,-48,48,-55,56,-56,51,-52,49,-56,55,-56,53,-57,0,0]"
CSI_DATA,98,1a:00:00:00:00:00,-47,11,1,0,1,1,1,0,0,0,1,-96,0,11,2,1539506,0,44,0,384,0,"[0,0,0,0,0,0,0,0,0,0,0,0,-10,-6,-10,-6,-10,-5,-9,-6,-9,-6,-7,-5,-7,-5,-7,-4,-7,-4,-7,-4,-6,-3,-6,-3,-6,-2,-5,-2,-5,-2,-4,-1,-4,-1,-4,0,-4,0,-3,0,-3,0,-3,0,-2,1,-2,1,-2,1,-1,1,0,0,0,2,0,2,0,2,1,3,0,3,1,4,1,4,1,4,2,4,2,5,2,5,1,5,1,5,1,5,1,6,1,6,1,6,1,6,1,6,1,6,0,6,0,6,-1,7,-1,6,-2,6,-2,6,0,0,0,0,0,0,0,0,0,0,0,0,0,0,-66,-38,-67,-38,-58,-36,-56,-36,-57,-30,-57,-30,-52,-32,-50,-31,-44,-28,-44,-24,-43,-22,-36,-23,-41,-20,-35,-19,-35,-13,-30,-13,-27,-12,-28,-6,-25,-2,-25,-4,-21,1,-20,-2,-16,1,-13,1,-13,4,-9,6,-10,3,-7,11,-3,6,0,13,1,12,0,14,0,14,6,20,8,18,9,22,11,23,10,27,14,23,13,29,16,27,16,28,16,27,12,31,13,29,15,34,12,34,11,36,11,34,9,36,6,36,8,39,4,38,0,40,5,40,-5,38,-3,37,0,0,0,0,0,0,0,0,0,0,0,0,0,0,0,0,0,0,0,0,0,0,23,-36,28,-33,32,-35,36,-35,38,-37,42,-30,42,-26,45,-30,49,-34,49,-31,53,-32,51,-29,56,-32,60,-33,60,-32,62,-31,60,-30,66,-28,66,-27,66,-24,67,-22,72,-23,67,-24,73,-25,69,-21,75,-24,67,-22,68,-19,72,-24,66,-20,62,-24,60,-25,63,-22,62,-27,65,-23,58,-28,56,-31,50,-31,49,-37,52,-35,43,-38,47,-41,45,-40,46,-48,38,-45,38,-45,36,-52,36,-57,36,-61,32,-57,35,-65,30,-64,37,-66,33,-66,32,-68,33,-70,34,-70,0,0]"
CSI_DATA,99,1a:00:00:00:00:00,-47,11,1,0,1,1,1,0,0,0,1,-96,0,11,2,1569510,0,44,0,384,0,"[0,0,0,0,0,0,0,0,0,0,0,0,-4,-12,-3,-11,-4,-11,-3,-9,-3,-9,-3,-9,-3,-8,-3,-7,-3,-7,-3,-7,-3,-6,-3,-6,-3,-5,-3,-5,-3,-4,-3,-4,-3,-3,-2,-3,-3,-2,-3,-2,-3,-1,-3,-1,-2,-1,-2,0,-2,0,-2,1,0,0,-2,2,-2,2,-2,2,-2,3,-2,3,-2,3,-2,4,-2,4,-2,4,-2,4,-2,5,-3,5,-3,5,-3,5,-3,5,-3,5,-4,5,-4,5,-4,5,-4,5,-5,5,-5,4,-5,4,-5,4,-6,4,-6,3,0,0,0,0,0,0,0,0,0,0,0,0,0,0,-30,-65,-30,-67,-31,-61,-28,-62,-27,-62,-25,-56,-24,-56,-25,-47,-19,-49,-25,-44,-17,-42,-21,-43,-20,-36,-15,-37,-18,-28,-22,-29,-15,-21,-17,-19,-15,-15,-15,-18,-17,-11,-18,-11,-16,-6,-14,-5,-13,-5,-12,-2,-15,-1,-8,2,-9,5,-8,5,-9,10,-8,13,-7,16,-4,12,-6,19,-4,20,-6,21,-7,24,-3,26,-7,24,-6,30,-7,28,-12,33,-10,32,-8,35,-12,31,-12,33,-13,34,-16,32,-17,34,-18,31,-23,33,-21,33,-19,30,-24,27,-24,26,-27,22,0,0,0,0,0,0,0,0,0,0,0,0,0,0,0,0,0,0,0,0,0,0,37,-19,38,-17,44,-18,47,-13,46,-11,45,-8,49,-4,51,-4,55,-4,55,2,56,-2,58,2,63,1,63,-1,61,4,68,4,65,6,67,10,67,6,68,14,72,13,72,15,71,11,71,16,65,16,74,16,73,16,69,15,68,15,65,12,66,16,63,13,66,14,65,12,63,9,61,8,58,6,58,3,54,2,62,-5,59,-7,60,-11,57,-9,62,-15,55,-17,59,-13,58,-22,56,-27,62,-32,56,-31,57,-31,62,-36,61,-34,62,-38,63,-33,64,-35,66,-40,0,0]"
CSI_DATA,100,1a:00:00:00:00:00,-47,11,1,0,1,1,1,0,0,0,1,-96,0,11,2,1582964,0,44,0,384,0,"[0,0,0,0,0,0,0,0,0,0,0,0,11,-1,10,-1,10,-1,10,-1,9,-1,8,-1,7,-1,7,-1,7,-1,6,-2,5,-2,5,-2,5,-2,4,-2,4,-2,3,-2,3,-2,2,-2,2,-2,1,-2,1,-2,0,-2,0,-2,-1,-3,-1,-2,-2,-3,0,0,-2,-2,-3,-2,-3,-2,-4,-2,-4,-2,-4,-3,-4,-3,-5,-2,-5,-4,-6,-3,-6,-3,-6,-3,-5,-3,-6,-4,-6,-4,-6,-4,-6,-4,-6,-4,-6,-5,-6,-5,-6,-5,-5,-5,-5,-5,-5,-6,-5,-6,-4,-6,0,0,0,0,0,0,0,0,0,0,0,0,0,0,75,6,70,9,73,8,71,12,67,9,60,8,56,9,62,6,51,6,53,5,44,3,45,1,39,-2,33,2,35,-2,32,-4,31,-7,26,-6,25,-5,21,-6,18,-6,18,-4,12,-9,10,-7,14,-8,2,-10,2,-8,-2,-12,-3,-9,-1,-11,-8,-14,-8,-13,-13,-14,-12,-16,-13,-18,-18,-19,-18,-16,-19,-20,-22,-22,-18,-20,-25,-22,-22,-23,-25,-22,-24,-26,-27,-27,-25,-28,-25,-29,-23,-31,-23,-30,-23,-29,-20,-34,-24,-34,-22,-34,-17,-35,-17,-35,-16,-37,-11,-36,0,0,0,0,0,0,0,0,0,0,0,0,0,0,0,0,0,0,0,0,0,0,-5,38,-9,41,-12,42,-18,45,-20,47,-22,47,-25,43,-29,46,-27,47,-27,45,-31,49,-39,50,-37,54,-44,52,-41,50,-39,50,-45,52,-53,50,-51,51,-51,50,-51,50,-55,52,-51,51,-58,50,-58,49,-54,54,-56,48,-55,49,-55,47,-54,51,-51,48,-50,48,-48,46,-45,49,-46,49,-43,47,-37,48,-32,50,-36,50,-29,54,-31,54,-29,53,-22,57,-22,59,-17,58,-18,53,-13,62,-9,64,-9,69,-5,63,-3,69,-4,72,-2,76,-6,74,-6,75,-1,76,-6,79,0,0]"
CSI_DATA,101,1a:00:00:00:00:00,-47,11,1,0,1,1,1,0,0,0,1,-96,0,11,2,1589953,0,44,0,384,0,"[0,0,0,0,0,0,0,0,0,0,0,0,11,-3,10,-3,10,-2,9,-3,9,-2,8,-3,8,-3,7,-3,6,-3,6,-3,6,-3,5,-3,4,-3,4,-3,3,-2,3,-3,2,-3,2,-3,1,-3,1,-2,1,-2,0,-2,0,-3,-1,-2,-1,-2,-2,-3,0,0,-3,-2,-3,-2,-3,-2,-4,-3,-4,-2,-4,-2,-4,-2,-5,-3,-5,-3,-6,-3,-6,-3,-6,-3,-6,-3,-6,-3,-6,-4,-6,-4,-6,-4,-6,-4,-6,-4,-6,-5,-6,-5,-6,-5,-5,-5,-5,-6,-5,-6,-4,-6,0,0,0,0,0,0,0,0,0,0,0,0,0,0,70,-18,72,-17,70,-16,67,-14,61,-20,56,-16,57,-18,52,-14,50,-14,48,-9,46,-10,40,-12,39,-19,36,-16,31,-10,26,-16,26,-18,23,-16,17,-14,18,-19,16,-17,10,-12,12,-14,9,-15,7,-12,2,-12,-1,-14,-2,-12,-7,-9,-7,-10,-12,-8,-14,-7,-14,-8,-21,-6,-19,-8,-24,-8,-22,-6,-24,-10,-26,-10,-32,-11,-35,-7,-31,-10,-32,-13,-33,-15,-35,-12,-33,-17,-35,-11,-37,-12,-36,-15,-32,-16,-37,-15,-37,-23,-35,-22,-30,-19,-31,-24,-27,-27,-24,-29,0,0,0,0,0,0,0,0,0,0,0,0,0,0,0,0,0,0,0,0,0,0,1,41,-2,45,-8,47,-10,46,-13,46,-13,46,-17,49,-17,50,-22,51,-20,53,-24,53,-25,54,-25,57,-28,60,-30,60,-30,56,-31,60,-36,60,-38,65,-37,63,-38,57,-44,63,-41,63,-45,65,-40,62,-38,61,-38,62,-41,64,-42,64,-42,62,-34,62,-34,60,-35,62,-32,62,-29,60,-30,58,-23,58,-17,61,-18,59,-12,56,-11,59,-11,57,-12,58,-3,61,1,57,0,66,6,62,12,61,13,65,17,66,18,65,15,72,20,70,19,70,21,72,23,75,23,77,0,0]"
CSI_DATA,102,1a:00:00:00:00:00,-47,11,1,0,1,1,1,0,0,0,1,-96,0,11,2,1599495,0,44,0,384,0,"[0,0,0,0,0,0,0,0,0,0,0,0,-2,-13,-2,-12,-3,-12,-2,-11,-2,-10,-2,-9,-2,-10,-2,-8,-2,-8,-2,-7,-2,-7,-2,-6,-3,-6,-3,-5,-2,-4,-2,-5,-2,-4,-2,-3,-3,-2,-3,-2,-3,-2,-3,-1,-2,-1,-3,0,-3,0,-2,0,0,0,-3,2,-3,2,-3,2,-3,3,-3,3,-3,3,-3,4,-3,4,-3,4,-3,5,-4,4,-4,5,-4,5,-4,5,-5,5,-5,5,-5,5,-5,5,-5,5,-6,4,-6,4,-6,4,-7,4,-7,3,-7,3,-7,2,0,0,0,0,0,0,0,0,0,0,0,0,0,0,-14,-83,-12,-69,-8,-69,-6,-67,-11,-64,-8,-66,-13,-60,-14,-57,-6,-50,-10,-50,-9,-48,-5,-40,-9,-40,-9,-34,-10,-34,-10,-34,-9,-30,-12,-30,-11,-24,-12,-17,-14,-14,-12,-16,-14,-13,-10,-12,-9,-7,-10,-7,-15,-4,-10,-2,-12,1,-15,3,-12,9,-15,12,-9,12,-11,17,-11,16,-13,21,-11,22,-13,22,-13,27,-15,27,-17,29,-9,29,-20,26,-15,30,-18,32,-21,30,-24,33,-23,34,-22,29,-27,32,-26,30,-28,30,-31,29,-31,23,-29,27,-34,19,-35,19,0,0,0,0,0,0,0,0,0,0,0,0,0,0,0,0,0,0,0,0,0,0,42,-6,43,-3,45,1,51,4,51,4,48,11,49,12,49,13,52,16,54,15,54,18,55,17,59,20,60,23,60,23,62,28,65,27,62,30,64,31,62,35,63,34,63,36,63,35,65,36,68,39,63,40,63,35,65,37,60,37,60,32,55,35,62,35,58,33,58,33,61,32,60,29,60,23,57,15,56,19,59,14,58,13,57,6,62,8,63,-2,64,0,61,2,64,-3,63,-7,65,-9,70,-10,68,-14,71,-20,75,-20,72,-19,72,-19,72,-14,76,-17,0,0]"
CSI_DATA,103,1a:00:00:00:00:00,-47,11,1,0,1,1,1,0,0,0,1,-96,0,11,2,1609893,0,44,0,384,0,"[0,0,0,0,0,0,0,0,0,0,0,0,-1,-12,-1,-12,-1,-11,-1,-11,-1,-10,-1,-9,-1,-9,-1,-8,-1,-8,-2,-7,-1,-7,-2,-7,-2,-6,-2,-5,-2,-5,-2,-4,-2,-4,-2,-3,-2,-3,-3,-2,-3,-2,-2,-1,-3,-1,-2,0,-2,0,-3,0,0,0,-2,1,-3,1,-3,2,-3,2,-4,2,-3,3,-3,3,-4,4,-4,3,-4,4,-4,4,-5,4,-5,4,-5,4,-5,4,-5,4,-6,4,-6,4,-6,3,-6,3,-6,3,-7,3,-7,3,-7,2,-7,1,-7,1,0,0,0,0,0,0,0,0,0,0,0,0,0,0,-14,-76,-13,-72,-12,-74,-10,-73,-12,-63,-9,-63,-9,-58,-8,-58,-8,-52,-10,-48,-10,-46,-12,-43,-8,-43,-11,-36,-12,-33,-12,-31,-9,-31,-13,-27,-10,-26,-14,-17,-12,-18,-13,-15,-10,-16,-12,-11,-10,-7,-12,-6,-13,-1,-13,0,-10,1,-10,4,-10,5,-10,8,-8,9,-9,14,-11,18,-10,22,-11,22,-10,23,-12,25,-11,26,-10,28,-17,26,-19,29,-15,29,-18,34,-20,30,-20,32,-22,31,-22,29,-23,32,-21,31,-25,30,-27,29,-27,29,-29,29,-33,22,-35,18,0,0,0,0,0,0,0,0,0,0,0,0,0,0,0,0,0,0,0,0,0,0,43,-5,42,-1,44,5,48,8,47,11,48,13,49,14,48,18,52,17,51,20,55,24,56,28,57,25,59,25,58,32,56,28,60,33,62,35,64,36,60,38,59,39,65,37,59,40,62,41,62,43,62,40,59,43,60,36,58,35,60,38,57,37,57,33,59,33,59,28,56,28,55,30,53,27,56,23,56,20,58,16,59,14,58,9,60,10,60,6,61,5,62,-8,66,-7,63,-9,66,-7,67,-9,67,-10,69,-17,73,-21,71,-14,72,-14,76,-22,75,-19,0,0]"
CSI_DATA,104,1a:00:00:00:00:00,-48,11,1,0,1,1,1,0,0,0,1,-96,0,11,2,1619530,0,44,0,384,0,"[0,0,0,0,0,0,0,0,0,0,0,0,10,-4,10,-4,9,-4,9,-4,8,-4,7,-4,8,-3,6,-4,6,-3,6,-3,5,-4,4,-4,4,-3,4,-4,3,-3,2,-4,2,-3,2,-3,1,-3,1,-2,0,-2,0,-2,-1,-2,-1,-2,-1,-2,-2,-2,0,0,-3,-2,-3,-1,-3,-2,-4,-2,-4,-2,-4,-2,-5,-1,-5,-2,-5,-2,-6,-2,-6,-2,-6,-2,-7,-2,-6,-2,-6,-3,-7,-3,-7,-3,-6,-3,-6,-4,-7,-4,-6,-4,-6,-4,-6,-4,-6,-4,-5,-5,-5,-5,0,0,0,0,0,0,0,0,0,0,0,0,0,0,66,-21,68,-19,72,-22,65,-18,59,-16,56,-16,54,-16,57,-15,50,-18,45,-13,45,-15,42,-14,38,-13,32,-15,31,-13,29,-17,27,-17,24,-15,23,-13,19,-14,17,-14,12,-14,8,-15,9,-14,4,-16,0,-14,-1,-14,-2,-11,-3,-8,-8,-9,-11,-12,-12,-9,-17,-11,-18,-9,-18,-7,-21,-9,-24,-8,-27,-9,-25,-9,-31,-6,-30,-10,-30,-13,-30,-15,-33,-16,-35,-14,-33,-15,-38,-13,-33,-14,-34,-17,-35,-19,-34,-21,-32,-22,-33,-26,-30,-23,-29,-26,-28,-31,-23,-34,0,0,0,0,0,0,0,0,0,0,0,0,0,0,0,0,0,0,0,0,0,0,5,39,6,42,4,47,0,48,-4,50,-5,50,-8,47,-11,51,-12,56,-13,54,-18,55,-17,57,-19,57,-19,63,-20,66,-26,63,-24,66,-25,64,-32,64,-30,66,-29,68,-31,69,-34,67,-36,64,-39,67,-39,69,-39,64,-32,67,-34,63,-31,67,-32,64,-32,66,-29,64,-27,62,-23,63,-17,58,-20,57,-18,58,-12,57,-13,61,-8,59,-1,56,-4,58,2,61,8,64,8,54,11,65,16,63,19,64,17,62,18,67,22,67,24,71,24,71,26,70,24,77,26,72,0,0]"
CSI_DATA,105,1a:00:00:00:00:00,-47,11,1,0,1,1,1,0,0,0,1,-96,0,11,2,1632621,0,44,0,384,0,"[0,0,0,0,0,0,0,0,0,0,0,0,-12,3,-11,3,-10,2,-10,2,-10,3,-9,2,-9,2,-8,2,-7,2,-7,2,-6,2,-6,2,-5,2,-5,2,-4,2,-4,2,-3,2,-3,2,-2,2,-2,2,-2,2,-1,1,-1,2,0,1,0,1,1,1,0,0,1,1,2,1,2,1,3,1,3,1,3,1,4,1,4,1,5,1,5,2,5,2,5,1,5,1,5,2,5,2,5,2,6,2,5,3,6,3,5,3,5,4,5,3,5,4,5,4,4,5,3,5,0,0,0,0,0,0,0,0,0,0,0,0,0,0,-74,11,-72,10,-68,11,-64,9,-64,13,-59,11,-58,10,-61,8,-52,7,-48,9,-47,9,-43,9,-40,11,-41,10,-28,11,-31,8,-30,13,-25,7,-23,12,-21,11,-17,14,-10,12,-14,12,-6,9,-7,12,-2,14,-1,13,-1,9,4,10,6,9,9,11,12,10,10,6,13,8,17,12,21,5,23,7,23,9,29,7,29,8,28,8,31,13,27,15,34,13,33,15,35,14,32,14,36,14,33,13,33,20,37,17,35,21,35,20,32,26,27,25,26,30,23,30,0,0,0,0,0,0,0,0,0,0,0,0,0,0,0,0,0,0,0,0,0,0,4,-42,7,-41,11,-47,10,-49,16,-48,20,-48,21,-45,21,-49,22,-50,24,-48,29,-52,33,-55,35,-58,38,-56,36,-61,37,-55,39,-57,42,-60,40,-60,44,-62,41,-58,45,-60,47,-58,46,-59,51,-55,49,-58,51,-58,51,-60,41,-55,45,-58,40,-55,39,-57,39,-58,38,-57,35,-58,30,-57,27,-55,30,-53,23,-55,24,-59,18,-59,13,-57,12,-61,3,-62,10,-61,-4,-59,-5,-62,-2,-66,-9,-73,-7,-65,-10,-72,-11,-73,-14,-77,-17,-69,-18,-76,-17,-73,-19,-78,0,0]"
CSI_DATA,106,1a:00:00:00:00:00,-47,11,1,0,1,1,1,0,0,0,1,-96,0,11,2,1659594,0,44,0,384,0,"[0,0,0,0,0,0,0,0,0,0,0,0,-11,4,-10,4,-10,4,-10,3,-9,3,-9,3,-8,3,-7,3,-7,3,-6,3,-6,3,-5,3,-5,3,-4,3,-4,2,-3,3,-3,2,-2,2,-2,2,-2,2,-1,2,-1,1,0,2,0,1,0,1,1,1,0,0,2,0,2,0,3,0,3,1,3,0,4,0,4,0,4,0,5,0,5,0,5,0,5,0,5,0,6,1,6,1,6,1,6,1,6,1,6,1,6,2,6,2,6,2,6,3,5,3,5,3,4,4,0,0,0,0,0,0,0,0,0,0,0,0,0,0,-65,35,-65,33,-62,33,-61,31,-59,31,-57,30,-55,29,-53,28,-48,24,-43,25,-41,27,-35,24,-36,20,-31,18,-33,20,-26,20,-24,21,-22,17,-20,15,-16,18,-16,20,-9,13,-7,12,-8,14,-1,15,2,15,5,13,7,11,4,11,8,10,10,2,13,3,21,1,17,6,18,2,22,8,22,0,27,3,25,4,29,2,34,-1,30,2,36,4,37,2,37,1,36,-1,37,5,37,5,35,8,38,4,36,8,41,8,37,12,31,12,32,18,33,21,29,21,0,0,0,0,0,0,0,0,0,0,0,0,0,0,0,0,0,0,0,0,0,0,-10,-41,-7,-46,-3,-44,-2,-48,-3,-49,0,-52,1,-52,6,-53,4,-53,7,-55,5,-57,9,-61,13,-63,13,-66,15,-65,15,-65,14,-66,20,-67,20,-70,19,-70,21,-73,21,-72,23,-69,24,-69,27,-76,28,-69,30,-71,21,-70,24,-65,23,-74,23,-62,18,-68,19,-68,14,-66,9,-67,10,-62,7,-65,9,-62,1,-62,0,-65,-8,-65,-6,-57,-9,-58,-17,-63,-17,-56,-25,-60,-28,-58,-28,-59,-31,-61,-30,-62,-30,-65,-35,-65,-38,-62,-36,-65,-35,-67,-41,-68,-45,-69,0,0]"
CSI_DATA,107,1a:00:00:00:00:00,-47,11,1,0,1,1,1,0,0,0,1,-96,0,11,2,1669575,0,44,0,384,0,"[0,0,0,0,0,0,0,0,0,0,0,0,-11,6,-10,6,-10,5,-9,5,-8,4,-8,4,-7,4,-7,4,-7,4,-6,4,-6,4,-5,4,-5,3,-4,3,-4,3,-3,3,-3,3,-2,3,-2,2,-1,2,-1,2,-1,1,0,2,0,1,1,1,1,1,0,0,2,1,2,0,3,0,3,0,3,0,4,0,4,0,4,0,5,0,5,0,5,0,5,0,6,0,6,0,6,1,6,1,6,1,6,2,6,2,6,2,6,2,6,2,6,2,5,3,5,3,5,4,0,0,0,0,0,0,0,0,0,0,0,0,0,0,-67,35,-66,31,-63,33,-62,30,-58,26,-55,24,-53,27,-54,25,-47,24,-47,21,-41,21,-39,23,-34,19,-33,17,-29,20,-30,17,-27,17,-24,16,-21,14,-16,17,-14,18,-13,13,-10,15,-5,15,-2,14,-2,12,4,13,-1,10,7,14,9,7,9,4,15,5,15,8,14,5,19,5,22,10,25,6,23,8,29,6,27,9,30,8,32,6,30,10,34,11,32,12,31,16,35,16,36,14,32,17,36,19,33,19,35,18,35,17,28,22,27,26,25,27,26,29,0,0,0,0,0,0,0,0,0,0,0,0,0,0,0,0,0,0,0,0,0,0,-19,-36,-17,-43,-14,-42,-13,-50,-15,-50,-12,-51,-10,-53,-8,-55,-7,-55,-6,-54,1,-60,4,-64,-3,-62,6,-65,4,-65,5,-65,6,-73,9,-71,9,-74,6,-75,8,-70,8,-74,10,-69,12,-74,17,-75,15,-78,19,-69,15,-76,15,-71,16,-71,13,-67,18,-75,12,-71,10,-66,1,-67,4,-67,4,-64,3,-63,2,-59,-1,-61,-2,-58,-12,-60,-13,-64,-16,-58,-19,-63,-33,-53,-27,-54,-27,-61,-28,-57,-31,-58,-32,-64,-33,-66,-38,-66,-33,-66,-36,-73,-37,-71,-41,-68,0,0]"
CSI_DATA,108,1a:00:00:00:00:00,-47,11,1,0,1,1,1,0,0,0,1,-96,0,11,2,1680324,0,44,0,384,0,"[0,0,0,0,0,0,0,0,0,0,0,0,2,11,2,10,2,10,2,9,2,9,1,8,2,7,1,7,2,7,2,6,2,5,1,5,2,4,2,4,2,3,2,3,2,3,1,2,2,1,2,1,2,1,1,0,1,0,2,-1,2,-1,1,-2,0,0,1,-3,1,-3,1,-3,1,-4,2,-4,2,-4,2,-5,2,-5,1,-5,2,-6,2,-6,2,-6,3,-6,3,-6,3,-6,3,-6,3,-6,3,-6,3,-6,4,-6,4,-6,5,-6,5,-5,5,-5,5,-4,5,-4,0,0,0,0,0,0,0,0,0,0,0,0,0,0,11,72,10,76,12,72,13,69,11,65,11,58,13,61,8,56,10,51,9,49,11,43,11,42,10,38,7,31,11,34,13,31,10,28,9,23,13,20,14,15,14,12,13,15,11,11,9,7,12,7,13,4,13,0,9,0,12,-2,11,-4,9,-8,10,-15,9,-13,10,-21,12,-17,10,-21,8,-24,11,-24,13,-28,9,-30,11,-31,16,-32,17,-33,19,-28,16,-31,19,-35,22,-34,19,-33,19,-31,22,-35,23,-31,24,-32,26,-31,26,-30,28,-25,29,-23,33,-19,0,0,0,0,0,0,0,0,0,0,0,0,0,0,0,0,0,0,0,0,0,0,-44,0,-42,2,-46,-6,-48,-10,-48,-11,-50,-8,-51,-15,-53,-14,-52,-17,-54,-18,-55,-23,-56,-26,-57,-28,-61,-24,-65,-28,-59,-30,-65,-34,-63,-32,-60,-33,-62,-38,-63,-34,-68,-39,-64,-43,-67,-40,-61,-43,-60,-40,-61,-40,-65,-41,-62,-40,-63,-39,-57,-37,-59,-33,-62,-33,-61,-32,-59,-30,-60,-27,-61,-24,-60,-21,-60,-20,-59,-19,-61,-14,-61,-8,-61,-9,-63,-3,-61,-3,-59,0,-64,6,-67,9,-63,12,-70,11,-69,9,-69,14,-69,16,-72,16,-77,17,-76,19,-78,14,0,0]"
CSI_DATA,109,1a:00:00:00:00:00,-47,11,1,0,1,1,1,0,0,0,1,-96,0,11,2,1701297,0,44,0,384,0,"[0,0,0,0,0,0,0,0,0,0,0,0,5,9,5,9,5,8,4,8,4,8,4,7,4,6,4,6,3,5,3,5,3,5,3,4,3,4,3,3,3,3,3,2,2,2,2,1,2,1,2,1,2,0,1,-1,1,-1,1,-1,1,-2,1,-2,0,0,0,-3,1,-3,0,-4,0,-4,0,-4,0,-5,1,-5,0,-5,0,-5,0,-6,0,-6,1,-6,1,-6,1,-7,1,-7,1,-7,2,-7,2,-7,2,-7,2,-7,2,-7,3,-6,3,-6,4,-6,4,-5,4,-5,0,0,0,0,0,0,0,0,0,0,0,0,0,0,33,66,31,65,35,61,30,61,27,59,24,57,25,56,25,48,24,46,20,44,23,42,19,41,18,36,18,31,17,26,20,25,16,23,18,19,17,15,14,17,14,13,16,12,17,8,15,6,9,4,13,-2,11,-4,7,-6,7,-6,7,-9,4,-10,7,-13,5,-16,5,-19,4,-22,2,-25,4,-24,5,-22,6,-35,5,-26,6,-31,5,-34,7,-35,8,-38,8,-36,7,-35,15,-36,15,-36,16,-34,15,-37,14,-38,17,-36,21,-36,17,-35,27,-32,24,-27,27,-29,0,0,0,0,0,0,0,0,0,0,0,0,0,0,0,0,0,0,0,0,0,0,-37,19,-40,25,-51,15,-49,10,-50,14,-51,8,-55,10,-47,2,-56,11,-49,2,-63,10,-60,5,-57,-7,-70,-6,-71,-1,-65,-6,-73,0,-76,-9,-69,-15,-73,-2,-75,-16,-76,-5,-75,0,-78,-10,-79,-22,-77,-23,-79,-9,-80,-13,-77,-4,-70,-8,-74,-1,-62,-21,-74,-19,-56,-11,-73,-3,-60,-4,-55,-9,-60,13,-62,12,-67,7,-62,10,-59,11,-62,14,-57,21,-55,21,-60,18,-58,25,-60,27,-52,31,-62,32,-62,39,-63,38,-66,36,-63,39,-65,43,-66,34,-70,40,0,0]"
CSI_DATA,110,1a:00:00:00:00:00,-47,11,1,0,1,1,1,0,0,0,1,-96,0,11,2,1709576,0,44,0,384,0,"[0,0,0,0,0,0,0,0,0,0,0,0,-8,-9,-8,-9,-7,-8,-7,-9,-7,-8,-6,-7,-6,-7,-5,-6,-6,-6,-6,-5,-5,-5,-5,-4,-5,-4,-5,-3,-4,-3,-4,-2,-4,-2,-3,-2,-3,-1,-3,-1,-3,0,-3,0,-2,0,-2,0,-2,1,-1,1,0,0,-1,2,-1,2,-1,3,0,3,-1,3,-1,4,0,4,0,5,0,5,0,5,0,5,-1,5,-1,5,-1,6,-1,6,-1,6,-1,6,-1,6,-1,6,-2,6,-2,6,-3,6,-3,6,-3,6,-4,5,-4,5,0,0,0,0,0,0,0,0,0,0,0,0,0,0,-48,-51,-51,-52,-57,-46,-46,-49,-45,-45,-46,-43,-43,-46,-39,-40,-39,-41,-36,-33,-37,-36,-31,-33,-32,-29,-29,-27,-27,-19,-27,-25,-24,-17,-21,-13,-21,-11,-24,-5,-19,-8,-18,-7,-20,-2,-15,-2,-14,1,-11,1,-11,4,-8,7,-9,7,-5,10,-6,15,-5,8,-1,16,2,18,2,20,4,19,5,26,8,28,2,32,1,27,3,30,2,30,4,31,1,30,4,32,1,35,0,36,3,40,-1,34,-2,37,-4,35,-5,38,-7,39,-8,34,-10,37,-12,33,-13,32,0,0,0,0,0,0,0,0,0,0,0,0,0,0,0,0,0,0,0,0,0,0,31,-26,34,-25,38,-26,41,-22,43,-22,46,-19,49,-17,49,-19,52,-17,54,-16,55,-17,54,-16,59,-17,61,-13,61,-15,67,-14,65,-14,69,-8,68,-6,71,-9,70,-7,71,-7,74,-7,73,-2,73,-2,71,-6,69,-4,67,0,70,-3,68,-3,68,-2,65,-7,66,-5,65,-8,65,-8,63,-10,61,-14,57,-18,53,-20,55,-26,53,-27,49,-29,52,-30,50,-33,48,-34,48,-33,49,-38,46,-40,52,-46,51,-50,47,-49,42,-55,45,-50,47,-55,47,-61,48,-57,55,-56,0,0]"
CSI_DATA,111,1a:00:00:00:00:00,-47,11,1,0,1,1,1,0,0,0,1,-96,0,11,2,1720944,0,44,0,384,0,"[0,0,0,0,0,0,0,0,0,0,0,0,-12,-1,-11,-1,-11,-1,-10,-1,-10,-1,-9,-1,-9,0,-8,0,-8,0,-7,0,-6,0,-6,0,-6,0,-6,1,-5,0,-4,1,-4,1,-4,1,-3,1,-2,1,-2,1,-2,1,-1,1,-1,1,-1,1,0,1,0,0,1,2,1,2,1,2,2,2,2,2,3,2,3,2,3,3,4,3,4,3,4,3,3,3,4,3,4,3,4,4,4,4,4,4,4,4,4,5,4,5,3,6,3,5,3,5,2,5,2,6,1,6,0,0,0,0,0,0,0,0,0,0,0,0,0,0,-77,-3,-75,-3,-75,-4,-71,-4,-68,-1,-64,2,-59,-4,-60,-6,-53,-2,-47,-2,-45,-2,-45,1,-38,2,-38,2,-35,2,-32,2,-31,5,-28,6,-23,6,-23,7,-16,9,-13,7,-14,9,-10,11,-11,9,-7,11,-3,12,-3,8,1,7,1,12,7,11,11,8,9,11,14,10,19,8,17,12,21,13,19,13,25,16,23,15,28,16,27,18,27,18,27,21,28,17,29,22,30,24,30,21,30,25,26,24,28,28,29,28,26,30,26,30,21,35,20,33,15,31,0,0,0,0,0,0,0,0,0,0,0,0,0,0,0,0,0,0,0,0,0,0,12,-42,15,-42,16,-43,18,-45,23,-46,24,-45,23,-45,29,-47,31,-48,36,-47,36,-47,41,-47,38,-50,39,-53,43,-51,45,-49,50,-55,50,-52,47,-55,55,-50,50,-55,53,-54,56,-51,54,-51,54,-52,56,-51,54,-47,53,-45,52,-48,54,-51,49,-47,48,-51,47,-47,44,-51,47,-52,41,-49,37,-56,38,-50,33,-49,33,-54,23,-53,21,-58,22,-56,21,-60,16,-57,2,-63,9,-63,8,-66,3,-64,5,-64,0,-70,1,-72,2,-75,2,-74,-3,-80,4,-78,0,-83,0,0]"
CSI_DATA,112,1a:00:00:00:00:00,-47,11,1,0,1,1,1,0,0,0,1,-96,0,11,2,1739546,0,44,0,384,0,"[0,0,0,0,0,0,0,0,0,0,0,0,-8,-9,-8,-9,-8,-9,-7,-8,-7,-8,-7,-7,-6,-7,-6,-6,-5,-6,-6,-5,-5,-5,-5,-4,-5,-4,-5,-3,-4,-3,-4,-3,-4,-2,-3,-2,-4,-1,-3,-1,-3,0,-3,0,-2,0,-2,1,-2,1,-1,1,0,0,-1,2,-1,2,-1,3,0,3,-1,3,-1,4,-1,5,0,4,0,5,0,5,0,5,-1,5,-1,6,-1,6,-1,6,-1,6,-1,6,-1,6,-2,6,-2,6,-2,6,-3,6,-3,6,-4,6,-4,6,-4,5,0,0,0,0,0,0,0,0,0,0,0,0,0,0,-42,-61,-39,-58,-39,-57,-30,-58,-36,-52,-35,-52,-34,-52,-31,-46,-30,-46,-30,-42,-27,-39,-27,-32,-27,-36,-22,-29,-23,-26,-23,-24,-22,-23,-19,-19,-22,-13,-17,-10,-18,-11,-16,-8,-15,-4,-13,-2,-14,-1,-12,0,-14,5,-8,3,-6,8,-6,10,-4,9,-1,14,-5,15,-1,18,-1,20,-3,23,2,21,1,26,1,25,0,30,0,29,4,29,2,34,-1,33,-4,34,-2,33,-4,38,-6,34,-4,36,-3,36,-8,39,-10,36,-9,37,-11,36,-15,37,-18,31,-22,30,0,0,0,0,0,0,0,0,0,0,0,0,0,0,0,0,0,0,0,0,0,0,34,-16,41,-19,43,-13,44,-11,47,-13,49,-5,51,-10,52,-7,54,-2,53,-4,57,-3,56,-2,59,-6,64,-3,67,2,64,7,68,7,66,4,69,4,68,10,68,9,73,12,70,11,75,7,74,13,74,9,69,10,72,12,69,12,69,13,69,5,69,7,69,10,61,5,63,5,62,3,60,-2,59,-4,58,-10,60,-12,58,-12,56,-15,55,-19,55,-19,56,-23,49,-23,57,-27,54,-32,55,-32,56,-37,55,-38,57,-44,59,-45,55,-43,58,-46,65,-46,64,-47,0,0]"
CSI_DATA,113,1a:00:00:00:00:00,-47,11,1,0,1,1,1,0,0,0,1,-96,0,11,2,1759496,0,44,0,384,0,"[0,0,0,0,0,0,0,0,0,0,0,0,-12,0,-12,0,-11,0,-10,0,-10,-1,-9,0,-9,0,-8,0,-8,0,-8,0,-7,1,-6,0,-6,1,-5,1,-5,1,-4,1,-3,2,-3,1,-3,1,-3,1,-2,1,-2,1,-1,1,-1,1,0,1,1,2,0,0,1,2,1,2,2,1,2,2,3,2,3,2,3,2,3,2,4,3,5,3,5,3,4,3,4,3,5,3,5,4,5,4,5,4,5,4,5,4,5,4,5,5,4,5,4,5,3,5,3,6,2,6,0,0,0,0,0,0,0,0,0,0,0,0,0,0,-74,-1,-74,5,-69,5,-69,4,-67,2,-62,2,-61,3,-56,0,-55,-3,-46,3,-48,2,-45,2,-42,7,-39,6,-34,2,-35,8,-34,8,-27,7,-24,9,-21,8,-16,12,-14,11,-10,10,-8,12,-8,9,-6,14,-4,10,1,9,0,7,6,8,3,10,14,13,15,8,14,11,18,10,20,11,26,15,25,14,27,14,25,18,32,13,28,15,29,17,33,15,35,19,33,20,30,19,31,21,34,22,28,24,30,22,28,26,27,25,29,31,25,29,24,32,18,33,0,0,0,0,0,0,0,0,0,0,0,0,0,0,0,0,0,0,0,0,0,0,8,-44,12,-45,17,-46,20,-45,21,-44,21,-44,22,-43,29,-47,26,-47,33,-50,30,-50,36,-51,38,-53,40,-53,40,-47,43,-54,41,-55,51,-53,46,-51,49,-54,49,-56,53,-56,55,-55,52,-53,52,-56,51,-55,52,-55,52,-50,50,-52,49,-55,47,-52,43,-48,47,-47,45,-52,43,-54,40,-50,36,-54,28,-51,29,-52,26,-51,23,-57,20,-60,18,-60,12,-63,15,-58,12,-66,7,-62,5,-60,1,-69,-3,-71,0,-68,-5,-73,-4,-71,-8,-77,-8,-76,-8,-72,-4,-77,0,0]"
CSI_DATA,114,1a:00:00:00:00:00,-47,11,1,0,1,1,1,0,0,0,1,-96,0,11,2,1770022,0,44,0,384,0,"[0,0,0,0,0,0,0,0,0,0,0,0,2,11,2,11,2,10,2,10,1,9,1,9,1,8,1,7,1,7,2,6,1,5,1,5,2,4,2,4,2,4,2,3,2,2,1,2,2,2,2,1,2,0,1,0,1,0,2,-1,1,-1,1,-1,0,0,1,-2,2,-3,2,-3,1,-4,2,-4,2,-4,2,-5,3,-5,2,-5,2,-5,3,-5,3,-6,3,-6,3,-6,3,-6,4,-6,4,-5,4,-5,4,-6,4,-5,5,-5,5,-5,5,-4,6,-4,6,-4,6,-3,0,0,0,0,0,0,0,0,0,0,0,0,0,0,1,72,4,74,6,67,5,68,10,66,2,63,4,62,5,53,0,52,7,48,5,46,4,41,5,43,7,39,4,35,9,29,6,29,9,24,8,22,10,19,12,19,10,17,10,9,13,8,6,6,9,6,14,2,12,-3,8,-5,12,-9,9,-7,8,-10,9,-14,11,-17,11,-19,10,-19,9,-23,9,-25,11,-24,14,-28,12,-26,13,-29,13,-30,19,-29,17,-33,23,-30,14,-31,20,-34,23,-33,23,-35,25,-32,27,-30,28,-29,31,-26,32,-23,34,-22,33,-20,0,0,0,0,0,0,0,0,0,0,0,0,0,0,0,0,0,0,0,0,0,0,-42,-5,-43,-9,-45,-9,-45,-16,-46,-18,-48,-21,-51,-21,-46,-23,-49,-26,-49,-27,-50,-29,-52,-34,-55,-36,-54,-34,-55,-34,-58,-41,-53,-42,-60,-41,-56,-42,-60,-46,-58,-47,-56,-45,-58,-46,-55,-48,-55,-48,-60,-50,-57,-50,-59,-49,-58,-50,-55,-48,-57,-48,-54,-42,-55,-42,-57,-44,-55,-36,-54,-35,-56,-32,-58,-29,-54,-26,-56,-25,-57,-23,-60,-17,-59,-15,-63,-10,-57,-11,-67,-3,-64,0,-66,-1,-69,5,-68,5,-67,6,-73,7,-72,11,-78,7,-80,12,-77,10,-79,10,0,0]"
CSI_DATA,115,1a:00:00:00:00:00,-47,11,1,0,1,1,1,0,0,0,1,-96,0,11,2,1779603,0,44,0,384,0,"[0,0,0,0,0,0,0,0,0,0,0,0,4,10,4,10,4,10,4,9,3,8,3,7,3,7,3,6,3,6,3,6,2,5,2,4,3,4,3,3,2,3,2,3,2,2,2,2,2,1,2,1,2,0,2,0,1,-1,1,-1,2,-2,1,-2,0,0,1,-3,1,-3,1,-4,1,-4,1,-4,1,-5,1,-5,1,-6,1,-6,1,-6,1,-6,2,-6,2,-6,2,-6,2,-7,2,-7,3,-7,3,-7,3,-6,3,-6,3,-6,4,-6,4,-5,4,-5,5,-5,5,-4,0,0,0,0,0,0,0,0,0,0,0,0,0,0,33,70,22,60,25,61,25,60,27,59,23,53,23,50,25,53,19,45,21,42,18,42,22,38,17,34,18,34,17,24,19,26,17,23,15,19,14,19,15,18,15,13,11,11,12,7,12,6,13,2,12,-3,11,-1,10,-3,7,-6,6,-11,6,-7,5,-13,6,-16,6,-20,8,-23,4,-21,5,-27,3,-27,0,-28,2,-29,5,-30,4,-31,7,-34,9,-35,9,-36,8,-34,8,-36,12,-34,11,-33,13,-36,14,-34,19,-32,20,-35,18,-34,23,-31,27,-32,26,-29,0,0,0,0,0,0,0,0,0,0,0,0,0,0,0,0,0,0,0,0,0,0,-37,12,-42,10,-43,9,-49,7,-48,4,-48,1,-49,-2,-53,1,-55,0,-55,-3,-57,-8,-62,-5,-61,-8,-66,-10,-66,-8,-63,-14,-71,-14,-67,-17,-66,-14,-67,-18,-72,-16,-70,-22,-69,-22,-69,-18,-71,-22,-67,-23,-72,-24,-72,-24,-67,-22,-72,-21,-65,-21,-66,-19,-61,-17,-62,-14,-65,-11,-62,-8,-59,-8,-60,-5,-61,-2,-61,1,-62,1,-58,9,-59,6,-58,13,-60,11,-56,20,-57,22,-60,23,-64,25,-60,24,-60,30,-66,31,-66,30,-65,31,-66,33,-70,38,-65,34,0,0]"
CSI_DATA,116,1a:00:00:00:00:00,-47,11,1,0,1,1,1,0,0,0,1,-96,0,11,2,1790189,0,44,0,384,0,"[0,0,0,0,0,0,0,0,0,0,0,0,5,10,4,9,5,9,4,8,4,8,3,7,3,7,3,6,3,5,3,5,3,5,3,4,3,3,3,3,3,3,2,3,2,2,2,1,2,1,2,0,2,0,2,0,1,-1,1,-1,1,-2,1,-2,0,0,1,-3,1,-3,1,-4,0,-4,1,-4,0,-5,1,-5,1,-5,0,-6,0,-6,0,-6,1,-6,1,-6,1,-6,2,-6,2,-7,2,-7,2,-7,2,-7,3,-7,3,-6,3,-6,4,-6,4,-6,4,-6,4,-5,0,0,0,0,0,0,0,0,0,0,0,0,0,0,25,70,25,68,24,67,19,65,21,63,23,55,18,58,16,53,13,50,20,47,12,42,16,44,14,38,15,34,15,29,18,28,18,24,14,25,14,16,16,15,16,13,13,13,13,9,14,5,9,4,11,1,9,-1,10,-5,8,-5,10,-7,11,-10,9,-11,8,-16,6,-21,7,-19,4,-22,6,-25,5,-26,10,-27,8,-27,9,-30,7,-34,14,-31,15,-34,11,-34,13,-37,11,-34,16,-36,17,-35,19,-35,16,-37,20,-33,22,-32,25,-34,28,-29,26,-26,31,-21,0,0,0,0,0,0,0,0,0,0,0,0,0,0,0,0,0,0,0,0,0,0,-40,16,-41,12,-46,10,-50,6,-51,4,-50,1,-50,-2,-52,-4,-57,-1,-58,-4,-59,-5,-63,-5,-62,-8,-65,-9,-68,-14,-65,-12,-70,-11,-70,-14,-68,-17,-73,-21,-69,-21,-71,-23,-74,-23,-73,-20,-72,-25,-75,-22,-70,-23,-69,-28,-70,-27,-70,-23,-72,-27,-65,-20,-64,-21,-63,-21,-61,-18,-61,-16,-63,-10,-63,-7,-63,-9,-59,-2,-63,2,-61,0,-60,2,-64,9,-61,7,-55,8,-64,17,-64,18,-63,22,-66,21,-65,22,-64,29,-66,29,-67,28,-67,32,-71,32,-69,34,0,0]"
CSI_DATA,117,1a:00:00:00:00:00,-47,11,1,0,1,1,1,0,0,0,1,-96,0,11,2,1799613,0,44,0,384,0,"[0,0,0,0,0,0,0,0,0,0,0,0,-8,9,-7,8,-7,8,-6,7,-6,7,-5,7,-5,6,-5,6,-4,6,-3,5,-3,5,-3,5,-3,4,-2,4,-2,3,-2,3,-1,3,-1,3,0,2,0,2,0,2,1,1,1,1,1,0,1,0,2,0,0,0,2,-1,2,-1,2,-2,3,-1,3,-2,3,-2,4,-2,4,-3,4,-2,5,-2,5,-3,5,-3,5,-3,5,-3,6,-2,6,-2,6,-3,5,-2,6,-2,6,-2,6,-2,6,-1,7,-1,6,-1,6,0,6,1,0,0,0,0,0,0,0,0,0,0,0,0,0,0,-58,57,-49,49,-52,50,-49,46,-46,47,-44,45,-43,43,-45,39,-38,35,-33,39,-32,33,-29,28,-29,32,-20,28,-20,25,-16,24,-21,25,-14,25,-11,23,-4,19,-6,20,-3,16,-3,17,0,15,0,14,8,11,5,5,10,7,5,7,9,1,13,3,17,0,17,0,17,-4,19,-7,23,-8,25,-9,25,-6,25,-8,29,-10,31,-11,33,-6,37,-9,34,-10,38,-7,32,-9,40,-10,37,-9,37,-6,38,-4,39,0,39,2,40,-2,35,-2,37,6,36,8,40,11,0,0,0,0,0,0,0,0,0,0,0,0,0,0,0,0,0,0,0,0,0,0,-25,-32,-25,-38,-18,-42,-18,-46,-18,-49,-14,-51,-11,-51,-12,-54,-10,-54,-10,-55,-7,-60,-10,-61,-7,-61,-8,-68,-7,-66,-2,-66,-5,-73,-5,-69,-1,-73,-3,-75,-1,-75,2,-76,1,-71,3,-74,3,-76,3,-75,1,-76,2,-76,0,-71,-1,-73,-2,-71,-2,-69,-1,-66,-4,-69,-4,-68,-10,-64,-9,-62,-14,-58,-14,-57,-16,-60,-21,-63,-23,-55,-24,-56,-30,-55,-36,-52,-38,-55,-41,-53,-43,-46,-48,-55,-46,-46,-55,-49,-54,-47,-54,-52,-52,-50,-62,-55,-62,-54,-62,-51,0,0]"
CSI_DATA,118,1a:00:00:00:00:00,-47,11,1,0,1,1,1,0,0,0,1,-96,0,11,2,1811333,0,44,0,384,0,"[0,0,0,0,0,0,0,0,0,0,0,0,11,3,11,3,10,3,10,3,9,2,8,2,8,2,7,1,7,1,6,1,6,1,6,0,5,0,4,0,4,0,4,-1,3,-1,3,-2,3,-1,2,-2,2,-2,1,-2,0,-3,0,-2,0,-3,-1,-3,0,0,-2,-3,-2,-3,-2,-3,-3,-4,-3,-4,-3,-4,-3,-4,-4,-4,-4,-5,-5,-5,-5,-5,-4,-5,-4,-5,-5,-6,-4,-6,-5,-6,-4,-6,-4,-7,-4,-7,-4,-7,-4,-7,-3,-7,-3,-7,-3,-7,-2,-8,-1,-8,0,0,0,0,0,0,0,0,0,0,0,0,0,0,66,30,65,25,63,31,55,31,58,29,58,29,47,26,49,27,49,17,40,21,40,19,38,18,35,16,36,11,30,15,33,12,26,8,24,8,20,2,18,2,19,-1,21,-2,17,-5,12,-4,13,-5,6,-8,3,-9,4,-13,1,-10,0,-12,-1,-16,-1,-13,-4,-15,-5,-16,-8,-21,-11,-23,-11,-23,-13,-22,-14,-24,-15,-27,-14,-28,-15,-29,-18,-28,-16,-34,-16,-32,-15,-35,-18,-34,-16,-35,-13,-32,-13,-38,-10,-36,-11,-38,-10,-41,-5,-39,-3,-37,-2,-33,1,-39,0,0,0,0,0,0,0,0,0,0,0,0,0,0,0,0,0,0,0,0,0,0,-20,33,-23,35,-28,35,-34,36,-36,33,-39,34,-39,29,-42,33,-43,29,-44,29,-50,30,-54,32,-53,34,-56,33,-56,31,-58,30,-61,31,-62,28,-64,27,-64,32,-62,29,-69,32,-66,27,-69,26,-67,23,-68,27,-67,28,-68,28,-67,24,-68,27,-64,26,-62,29,-61,27,-57,32,-57,33,-55,31,-48,30,-52,33,-50,31,-46,39,-48,43,-43,40,-42,46,-38,44,-38,47,-30,45,-31,54,-32,54,-28,57,-33,58,-32,58,-30,62,-29,66,-33,66,-31,68,-26,72,-33,71,0,0]"
CSI_DATA,119,1a:00:00:00:00:00,-47,11,1,0,1,1,1,0,0,0,1,-96,0,11,2,1819552,0,44,0,384,0,"[0,0,0,0,0,0,0,0,0,0,0,0,3,11,3,11,3,10,3,10,3,9,2,8,2,8,2,7,2,7,2,6,2,5,2,5,2,4,2,4,2,3,2,3,2,2,2,2,2,1,2,1,2,0,2,0,2,-1,1,-1,2,-2,1,-2,0,0,1,-3,1,-3,1,-3,1,-4,1,-4,1,-5,2,-5,1,-6,1,-5,1,-6,2,-6,2,-7,2,-7,2,-6,2,-7,2,-7,3,-7,3,-7,3,-7,3,-6,4,-7,4,-6,4,-6,4,-6,5,-5,5,-5,0,0,0,0,0,0,0,0,0,0,0,0,0,0,16,75,11,65,13,65,12,64,3,65,11,58,6,58,9,54,8,52,11,45,11,43,9,40,13,40,8,36,9,33,10,31,12,29,11,25,10,20,7,20,11,14,12,15,10,11,9,7,7,7,10,1,12,4,11,-2,7,-1,14,-4,10,-5,7,-11,11,-13,10,-16,10,-21,12,-25,11,-20,13,-23,16,-22,15,-25,18,-26,17,-26,19,-31,20,-27,18,-30,22,-30,22,-26,24,-30,29,-26,28,-27,28,-24,30,-21,31,-23,31,-20,33,-23,34,-18,34,-13,0,0,0,0,0,0,0,0,0,0,0,0,0,0,0,0,0,0,0,0,0,0,-38,15,-41,12,-47,9,-48,7,-47,3,-50,3,-52,-3,-52,-5,-55,-6,-57,-6,-58,-8,-58,-8,-61,-9,-62,-11,-63,-13,-67,-18,-65,-15,-67,-21,-66,-20,-68,-27,-64,-23,-69,-25,-68,-27,-65,-28,-63,-30,-67,-26,-69,-29,-70,-29,-62,-31,-66,-24,-66,-31,-63,-25,-64,-29,-63,-26,-58,-25,-63,-21,-61,-18,-58,-13,-58,-13,-61,-6,-58,-6,-58,1,-59,0,-65,1,-58,3,-58,8,-64,5,-63,12,-65,16,-69,13,-64,16,-68,22,-73,16,-72,19,-75,22,-75,18,-72,19,0,0]"
CSI_DATA,120,1a:00:00:00:00:00,-48,11,1,0,1,1,1,0,0,0,1,-96,0,11,2,1829492,0,44,0,384,0,"[0,0,0,0,0,0,0,0,0,0,0,0,11,-2,10,-2,10,-2,9,-2,9,-2,8,-2,7,-2,7,-2,6,-2,6,-2,5,-2,5,-2,4,-2,4,-2,3,-2,3,-3,3,-3,2,-3,1,-2,1,-3,1,-2,0,-2,0,-3,-1,-2,-1,-2,-2,-2,0,0,-3,-2,-3,-2,-3,-2,-4,-3,-4,-3,-4,-2,-4,-3,-5,-3,-5,-4,-6,-3,-6,-3,-6,-3,-6,-4,-6,-3,-6,-4,-6,-4,-6,-4,-6,-4,-6,-5,-6,-5,-5,-5,-5,-5,-5,-5,-5,-6,-4,-6,-3,-6,0,0,0,0,0,0,0,0,0,0,0,0,0,0,81,-4,71,1,77,-2,70,1,67,0,62,3,60,-2,58,-2,51,-6,50,0,45,-4,42,0,39,-3,36,-3,31,-3,35,-4,29,-8,28,-9,25,-6,18,-8,20,-10,11,-8,14,-13,11,-10,6,-11,6,-12,3,-11,1,-12,1,-16,-6,-11,-6,-14,-10,-15,-13,-10,-15,-15,-17,-14,-17,-15,-18,-16,-23,-20,-22,-20,-21,-22,-22,-21,-24,-23,-27,-26,-26,-24,-28,-28,-26,-23,-28,-25,-25,-29,-26,-29,-26,-30,-25,-35,-24,-34,-21,-36,-17,-36,-16,-36,-15,-36,-11,-36,0,0,0,0,0,0,0,0,0,0,0,0,0,0,0,0,0,0,0,0,0,0,1,40,0,45,-1,45,-8,49,-8,47,-12,50,-15,52,-15,52,-18,52,-19,51,-20,58,-25,54,-26,57,-29,60,-30,60,-35,61,-33,63,-32,60,-35,64,-40,62,-39,65,-43,60,-43,60,-41,61,-46,60,-45,62,-42,61,-42,57,-43,55,-46,60,-40,56,-41,59,-40,57,-40,57,-37,60,-33,58,-27,56,-26,56,-28,54,-23,56,-18,53,-19,58,-13,63,-7,64,-10,60,-2,59,-4,66,0,66,-1,65,0,68,4,70,3,71,5,75,6,73,5,75,7,80,8,77,0,0]"
CSI_DATA,121,1a:00:00:00:00:00,-47,11,1,0,1,1,1,0,0,0,1,-96,0,11,2,1840868,0,44,0,384,0,"[0,0,0,0,0,0,0,0,0,0,0,0,10,-6,10,-5,9,-5,9,-5,8,-4,8,-5,7,-4,6,-4,6,-4,5,-4,5,-4,4,-4,3,-3,3,-4,3,-3,2,-3,2,-3,1,-3,0,-3,0,-3,0,-3,0,-2,-1,-3,-1,-2,-1,-2,-2,-2,0,0,-3,-2,-3,-1,-4,-1,-4,-2,-5,-1,-5,-1,-5,-1,-5,-1,-6,-2,-6,-2,-6,-2,-7,-2,-6,-2,-7,-2,-6,-2,-7,-3,-7,-2,-7,-3,-7,-3,-7,-3,-7,-4,-7,-4,-6,-4,-6,-4,-6,-5,-5,-5,0,0,0,0,0,0,0,0,0,0,0,0,0,0,73,-12,68,-10,67,-14,65,-16,67,-12,60,-9,54,-12,53,-11,50,-8,45,-13,45,-12,42,-11,41,-10,36,-10,29,-10,29,-12,25,-15,22,-9,20,-13,16,-11,13,-12,14,-16,9,-14,9,-11,3,-12,1,-10,0,-13,-4,-9,-3,-12,-7,-10,-12,-9,-15,-9,-15,-9,-15,-8,-21,-5,-20,-11,-25,-11,-24,-13,-23,-12,-30,-11,-30,-10,-32,-15,-36,-12,-32,-14,-37,-13,-35,-19,-33,-16,-33,-20,-34,-18,-31,-23,-33,-27,-30,-25,-30,-27,-29,-22,-30,-28,-26,-27,-23,-30,0,0,0,0,0,0,0,0,0,0,0,0,0,0,0,0,0,0,0,0,0,0,3,41,-4,44,-6,44,-7,45,-12,48,-14,47,-16,46,-19,51,-21,46,-23,50,-19,53,-19,55,-24,56,-26,59,-27,58,-31,57,-31,58,-31,59,-32,60,-41,56,-41,59,-41,61,-37,61,-35,60,-39,61,-37,62,-37,62,-39,60,-39,57,-37,58,-39,56,-40,58,-33,55,-36,56,-32,57,-30,58,-23,54,-19,54,-19,59,-14,57,-16,57,-10,59,-9,62,-5,59,-4,60,2,65,1,58,8,63,9,66,10,68,15,65,18,69,16,75,13,67,22,71,16,70,13,74,0,0]"
CSI_DATA,122,1a:00:00:00:00:00,-48,11,1,0,1,1,1,0,0,0,1,-96,0,11,2,1869526,0,44,0,384,0,"[0,0,0,0,0,0,0,0,0,0,0,0,-11,4,-10,4,-10,4,-9,3,-9,3,-8,3,-7,4,-7,3,-6,3,-6,3,-6,3,-5,3,-5,2,-4,2,-3,2,-3,3,-2,2,-2,2,-2,2,-1,2,-1,1,-1,2,0,2,0,1,1,1,1,1,0,0,2,1,2,0,3,0,3,1,3,0,4,0,4,0,4,0,5,0,5,0,5,1,5,0,5,1,5,1,6,1,6,1,6,1,6,1,6,1,6,2,6,2,6,2,6,3,5,3,5,3,4,4,0,0,0,0,0,0,0,0,0,0,0,0,0,0,-71,32,-67,32,-64,33,-66,28,-60,25,-55,27,-57,28,-50,24,-50,18,-43,18,-43,18,-43,20,-38,21,-33,19,-28,19,-26,18,-26,18,-21,18,-17,17,-11,16,-11,17,-13,15,-9,19,-10,13,-6,12,-2,10,1,9,4,10,6,8,11,7,13,4,14,4,13,4,15,11,21,6,21,6,26,8,24,5,26,7,29,5,34,7,32,10,35,8,33,7,32,11,35,12,35,13,34,14,31,13,33,13,37,16,34,20,36,19,34,20,33,23,28,26,28,27,0,0,0,0,0,0,0,0,0,0,0,0,0,0,0,0,0,0,0,0,0,0,-21,-38,-17,-36,-15,-46,-12,-44,-10,-48,-10,-50,-7,-51,-5,-56,-7,-56,-4,-58,-2,-61,-6,-61,-2,-62,-1,-63,3,-67,2,-69,3,-73,6,-71,5,-75,7,-71,9,-73,14,-74,11,-73,14,-73,15,-76,12,-76,17,-75,12,-73,13,-74,12,-73,8,-71,11,-66,10,-69,9,-65,7,-65,8,-67,0,-65,-2,-64,-5,-63,-6,-62,-5,-60,-11,-59,-16,-59,-19,-62,-19,-58,-21,-66,-24,-61,-31,-65,-28,-60,-33,-67,-35,-60,-35,-62,-38,-65,-40,-66,-43,-66,-37,-69,-39,-74,0,0]"
CSI_DATA,123,1a:00:00:00:00:00,-47,11,1,0,1,1,1,0,0,0,1,-96,0,11,2,1879538,0,44,0,384,0,"[0,0,0,0,0,0,0,0,0,0,0,0,-11,-3,-11,-3,-11,-3,-10,-3,-10,-3,-9,-2,-8,-2,-8,-2,-7,-2,-7,-1,-6,-1,-6,-1,-6,-1,-5,-1,-5,0,-4,0,-4,0,-3,0,-3,1,-3,1,-2,1,-2,1,-1,1,-1,1,-1,1,0,2,0,0,1,2,1,2,1,2,2,2,2,3,2,3,2,3,2,3,3,3,3,4,3,4,3,4,3,4,3,4,3,4,3,5,3,5,3,5,3,5,3,5,3,5,3,5,2,6,1,5,1,6,0,6,0,0,0,0,0,0,0,0,0,0,0,0,0,0,-67,-26,-69,-31,-64,-27,-64,-24,-63,-26,-53,-26,-58,-22,-53,-22,-47,-19,-43,-17,-45,-17,-41,-16,-43,-14,-39,-10,-34,-10,-34,-10,-28,-10,-28,-5,-27,-4,-25,1,-22,-2,-21,3,-13,6,-14,6,-10,5,-8,8,-4,9,-5,6,-3,11,-1,10,0,13,2,16,7,15,7,14,10,19,13,16,13,18,13,22,14,21,14,25,14,27,17,26,16,28,15,28,15,28,18,31,19,31,15,34,18,33,17,31,18,36,15,34,12,35,8,39,7,39,3,41,-1,35,0,0,0,0,0,0,0,0,0,0,0,0,0,0,0,0,0,0,0,0,0,0,22,-37,24,-34,29,-36,31,-34,34,-37,34,-32,37,-34,39,-35,42,-35,47,-34,45,-34,51,-31,52,-32,57,-32,55,-34,59,-34,57,-35,59,-32,60,-29,63,-35,65,-35,67,-37,66,-32,64,-28,66,-28,66,-28,67,-28,62,-28,68,-31,63,-29,63,-32,59,-31,55,-32,55,-35,56,-32,54,-33,54,-37,49,-37,45,-39,43,-40,41,-42,40,-49,37,-46,39,-50,35,-50,28,-55,27,-60,25,-58,26,-60,30,-66,29,-69,25,-64,24,-67,27,-70,24,-72,23,-70,22,-75,0,0]"
CSI_DATA,124,1a:00:00:00:00:00,-47,11,1,0,1,1,1,0,0,0,1,-96,0,11,2,1899772,0,44,0,384,0,"[0,0,0,0,0,0,0,0,0,0,0,0,8,-8,8,-8,7,-8,6,-7,6,-7,6,-7,5,-6,4,-6,5,-6,4,-5,3,-6,3,-5,2,-4,2,-4,2,-4,1,-4,1,-4,0,-4,0,-3,0,-3,0,-3,-1,-2,-1,-2,-2,-2,-2,-2,-2,-2,0,0,-3,-1,-4,-1,-4,0,-5,-1,-5,-1,-5,0,-5,0,-5,0,-6,-1,-6,0,-6,-1,-7,0,-7,0,-6,-1,-7,-1,-7,-1,-7,-1,-7,-1,-7,-2,-7,-2,-7,-2,-7,-2,-7,-3,-7,-3,-6,-4,-6,-4,0,0,0,0,0,0,0,0,0,0,0,0,0,0,55,-45,54,-50,52,-47,49,-43,46,-39,46,-43,42,-38,43,-33,39,-34,33,-33,31,-31,28,-31,27,-32,23,-26,18,-26,22,-24,16,-24,14,-24,12,-20,11,-17,8,-20,5,-17,2,-14,-1,-13,-2,-13,-6,-14,-4,-10,-8,-9,-7,-5,-16,-4,-14,-4,-19,-1,-20,-4,-20,-1,-23,1,-24,2,-24,2,-26,-1,-29,4,-31,0,-29,2,-32,-1,-35,0,-33,-1,-39,-2,-36,-2,-38,-2,-37,-2,-41,-7,-36,-6,-38,-8,-37,-10,-38,-9,-39,-16,-35,-13,-30,-17,-31,-23,0,0,0,0,0,0,0,0,0,0,0,0,0,0,0,0,0,0,0,0,0,0,30,28,29,30,28,37,27,40,23,39,21,40,20,46,19,47,23,51,20,52,21,55,20,56,22,60,16,61,17,62,15,65,14,65,13,69,9,66,12,69,12,70,15,72,9,73,6,71,9,72,1,72,5,72,10,69,6,69,7,67,6,67,11,65,9,64,11,64,14,60,14,62,18,58,20,59,19,59,24,56,25,54,28,55,28,54,32,51,31,45,43,43,44,44,42,43,47,44,47,49,46,50,55,49,53,51,56,47,55,53,54,50,58,53,0,0]"
CSI_DATA,125,1a:00:00:00:00:00,-47,11,1,0,1,1,1,0,0,0,1,-96,0,11,2,1910625,0,44,0,384,0,"[0,0,0,0,0,0,0,0,0,0,0,0,-1,11,-1,10,0,10,0,9,-1,9,-1,8,-1,8,0,7,0,7,0,6,0,6,0,5,1,4,1,4,1,4,0,3,1,3,1,2,1,2,1,1,1,1,1,0,1,0,2,0,2,-1,2,-1,0,0,2,-2,2,-2,2,-3,2,-3,2,-4,3,-4,3,-4,3,-4,3,-4,3,-5,4,-5,4,-4,4,-5,4,-4,4,-4,4,-5,5,-5,5,-5,5,-4,5,-4,5,-4,6,-4,6,-3,6,-3,6,-2,6,-1,0,0,0,0,0,0,0,0,0,0,0,0,0,0,-5,72,-6,71,-2,68,-5,66,-4,67,-5,60,-4,60,0,54,-2,52,-5,44,0,44,0,41,0,43,2,32,2,36,3,32,4,28,4,27,4,23,8,22,12,19,8,16,6,14,7,9,10,10,11,6,8,2,8,-3,10,4,11,-5,11,-6,13,-9,12,-9,12,-11,13,-17,16,-18,16,-21,20,-19,18,-21,22,-21,19,-23,21,-24,23,-29,24,-25,25,-25,24,-24,25,-26,31,-24,29,-26,30,-21,32,-22,32,-16,33,-16,36,-17,36,-16,36,-11,37,-8,0,0,0,0,0,0,0,0,0,0,0,0,0,0,0,0,0,0,0,0,0,0,-44,3,-46,-3,-47,-6,-49,-7,-45,-14,-52,-13,-50,-13,-51,-20,-53,-19,-52,-23,-55,-22,-58,-24,-57,-25,-55,-26,-55,-31,-60,-31,-57,-34,-61,-36,-62,-42,-59,-39,-55,-41,-57,-44,-57,-45,-59,-42,-58,-47,-58,-45,-57,-43,-58,-46,-54,-45,-56,-45,-53,-43,-57,-40,-56,-44,-55,-40,-53,-37,-54,-34,-57,-30,-54,-32,-55,-25,-54,-21,-57,-18,-59,-18,-59,-10,-62,-10,-59,-16,-65,-3,-62,-7,-65,-2,-69,-3,-72,0,-68,2,-74,2,-73,2,-72,2,-76,2,-75,6,-77,2,0,0]"
CSI_DATA,126,1a:00:00:00:00:00,-48,11,1,0,1,1,1,0,0,0,1,-96,0,11,2,1919509,0,44,0,384,0,"[0,0,0,0,0,0,0,0,0,0,0,0,-1,-12,-1,-11,-2,-11,-2,-10,-2,-10,-1,-9,-2,-9,-1,-8,-2,-7,-2,-7,-2,-7,-2,-6,-2,-5,-2,-5,-2,-4,-2,-4,-2,-3,-2,-3,-2,-2,-2,-2,-2,-1,-2,-1,-2,-1,-3,0,-3,0,-2,0,0,0,-2,1,-2,2,-3,3,-3,3,-3,3,-3,3,-3,3,-4,4,-3,4,-4,4,-4,4,-4,4,-4,4,-5,4,-5,4,-5,4,-5,5,-5,4,-5,4,-5,4,-6,4,-6,4,-7,3,-7,3,-7,2,-6,2,0,0,0,0,0,0,0,0,0,0,0,0,0,0,-16,-77,-10,-71,-12,-73,-5,-65,-12,-63,-9,-64,-8,-59,-11,-59,-6,-46,-10,-46,-11,-47,-11,-45,-9,-45,-9,-37,-9,-30,-13,-31,-10,-31,-11,-22,-13,-22,-11,-23,-15,-17,-13,-9,-13,-12,-15,-7,-11,-5,-9,-3,-12,1,-14,0,-7,1,-9,6,-13,8,-12,11,-11,13,-9,18,-10,18,-14,15,-11,21,-10,26,-10,29,-13,25,-13,26,-17,29,-19,28,-19,31,-17,36,-16,33,-20,34,-21,34,-23,28,-24,31,-25,31,-26,30,-25,31,-29,27,-30,23,-33,20,-33,17,0,0,0,0,0,0,0,0,0,0,0,0,0,0,0,0,0,0,0,0,0,0,40,-5,44,-1,45,1,49,7,47,10,48,13,47,13,51,15,52,18,53,18,57,23,56,25,60,25,61,28,60,29,57,31,61,34,60,36,62,35,60,33,65,33,65,38,64,40,64,37,66,45,63,41,65,45,61,43,59,39,61,39,60,38,58,35,59,33,58,31,60,31,58,23,57,24,60,24,56,21,57,15,64,13,60,8,64,6,61,6,65,-1,59,0,62,-4,64,-7,68,-10,66,-11,68,-9,73,-12,76,-13,69,-14,76,-20,76,-14,80,-16,0,0]"
CSI_DATA,127,1a:00:00:00:00:00,-47,11,1,0,1,1,1,0,0,0,1,-96,0,11,2,1929882,0,44,0,384,0,"[0,0,0,0,0,0,0,0,0,0,0,0,-5,-11,-5,-10,-5,-10,-4,-10,-4,-9,-4,-8,-4,-8,-4,-7,-4,-7,-4,-6,-4,-6,-3,-5,-3,-5,-3,-4,-3,-3,-3,-3,-3,-3,-3,-2,-3,-2,-3,-1,-3,-1,-3,0,-2,0,-3,0,-3,1,-2,1,0,0,-2,2,-2,2,-2,2,-1,3,-2,3,-2,4,-2,4,-2,4,-2,4,-2,5,-2,5,-2,5,-2,5,-2,5,-2,5,-3,6,-3,6,-3,6,-3,5,-3,5,-4,5,-4,5,-5,5,-5,5,-5,4,-5,4,0,0,0,0,0,0,0,0,0,0,0,0,0,0,-18,-73,-22,-73,-21,-65,-21,-67,-19,-65,-18,-60,-15,-57,-12,-50,-13,-52,-14,-43,-13,-43,-13,-40,-16,-39,-12,-35,-17,-30,-19,-29,-14,-24,-12,-18,-14,-20,-14,-20,-14,-13,-13,-16,-10,-9,-11,-5,-13,-5,-11,-5,-13,1,-9,1,-6,5,-8,7,-9,7,-7,10,-10,15,-10,16,-11,24,-8,23,-9,23,-12,25,-9,25,-10,26,-10,34,-10,27,-13,31,-16,30,-12,34,-16,33,-18,34,-18,34,-19,34,-19,34,-26,34,-22,34,-23,31,-28,29,-27,28,-26,23,-30,21,0,0,0,0,0,0,0,0,0,0,0,0,0,0,0,0,0,0,0,0,0,0,41,-9,43,-5,45,-5,45,-3,48,1,43,4,51,3,57,5,56,10,55,9,56,13,56,15,61,14,62,15,61,14,60,22,60,21,66,24,65,23,63,24,61,26,67,30,65,27,63,31,65,31,64,30,67,29,61,28,68,27,63,29,63,29,61,26,58,23,62,19,62,22,60,20,62,18,61,8,58,10,61,9,60,7,62,2,59,0,61,-4,57,-7,63,-11,64,-12,62,-15,64,-18,62,-21,65,-18,67,-20,66,-25,70,-22,69,-28,70,-28,73,-26,0,0]"
CSI_DATA,128,1a:00:00:00:00:00,-48,11,1,0,1,1,1,0,0,0,1,-96,0,11,2,1939823,0,44,0,384,0,"[0,0,0,0,0,0,0,0,0,0,0,0,-12,2,-11,2,-10,2,-10,1,-10,1,-9,1,-8,1,-7,2,-7,2,-7,1,-6,1,-5,1,-5,1,-5,1,-4,1,-4,2,-3,2,-3,2,-2,2,-2,1,-2,2,-1,1,0,1,-1,2,0,1,1,1,0,0,1,1,2,1,2,1,3,2,3,1,3,1,3,1,4,2,4,2,5,2,4,2,4,2,4,2,4,2,5,3,5,3,5,3,5,4,5,4,5,4,5,4,4,4,4,4,4,5,3,6,2,5,0,0,0,0,0,0,0,0,0,0,0,0,0,0,-75,12,-71,15,-69,17,-66,17,-67,16,-57,13,-60,12,-51,13,-56,14,-43,14,-44,12,-43,13,-37,12,-36,8,-32,13,-29,9,-28,12,-23,13,-17,9,-18,14,-16,9,-11,14,-10,14,-10,13,-1,13,-3,7,-1,16,4,11,3,8,8,9,7,9,11,6,13,11,17,4,21,5,21,8,23,6,26,8,26,8,29,8,30,8,28,9,29,12,32,14,36,9,35,15,36,14,33,18,34,12,35,17,35,17,32,20,33,19,30,26,29,24,27,28,22,31,0,0,0,0,0,0,0,0,0,0,0,0,0,0,0,0,0,0,0,0,0,0,-2,-41,0,-45,2,-48,4,-47,11,-51,13,-51,14,-50,16,-52,17,-51,19,-53,20,-56,25,-56,24,-61,23,-61,27,-62,25,-62,32,-64,30,-63,31,-64,37,-62,31,-69,37,-66,37,-65,37,-65,37,-58,36,-58,29,-64,47,-65,34,-58,32,-65,30,-62,28,-63,36,-63,28,-61,25,-60,23,-61,21,-60,20,-59,16,-62,16,-61,9,-60,8,-64,3,-60,1,-65,-4,-63,-4,-69,-9,-67,-11,-65,-16,-70,-12,-69,-20,-70,-20,-68,-24,-75,-22,-72,-26,-76,-24,-75,-24,-78,0,0]"
CSI_DATA,129,1a:00:00:00:00:00,-48,11,1,0,1,1,1,0,0,0,1,-96,0,11,2,1950258,0,44,0,384,0,"[0,0,0,0,0,0,0,0,0,0,0,0,0,-13,0,-12,-1,-11,-1,-11,-1,-10,0,-9,0,-9,-1,-9,-1,-8,-1,-7,-1,-7,-1,-6,-2,-6,-2,-5,-2,-5,-2,-4,-2,-3,-2,-3,-2,-3,-3,-2,-2,-2,-3,-1,-3,-1,-3,0,-3,0,-2,0,0,0,-3,1,-3,2,-3,2,-3,2,-4,3,-4,3,-4,3,-4,3,-4,3,-4,4,-4,4,-5,4,-5,4,-5,4,-5,4,-6,4,-6,4,-6,4,-6,4,-6,3,-6,4,-7,3,-8,3,-7,2,-7,2,-7,1,0,0,0,0,0,0,0,0,0,0,0,0,0,0,13,-73,5,-75,9,-71,8,-67,5,-65,8,-63,10,-63,7,-63,6,-52,2,-50,2,-45,-3,-47,0,-42,-2,-37,-1,-41,-2,-28,-5,-31,-5,-25,-7,-23,-8,-20,-9,-17,-9,-14,-6,-12,-9,-13,-8,-6,-8,-3,-9,-4,-12,0,-11,-2,-13,2,-11,2,-14,11,-14,11,-16,12,-15,15,-17,17,-16,15,-21,14,-19,20,-17,17,-22,19,-21,23,-27,24,-27,19,-28,26,-27,27,-28,22,-30,24,-29,23,-30,24,-32,21,-34,24,-37,17,-34,18,-39,20,-41,10,-37,9,0,0,0,0,0,0,0,0,0,0,0,0,0,0,0,0,0,0,0,0,0,0,41,6,44,7,45,11,46,17,46,21,47,26,47,25,44,28,46,30,48,31,53,31,45,33,51,37,51,40,54,41,53,44,54,47,52,44,52,47,50,47,51,50,55,49,51,50,52,53,50,50,52,55,51,53,53,57,52,53,51,50,44,48,52,46,52,48,49,47,51,42,49,42,53,37,53,33,51,30,55,33,54,26,54,25,59,24,62,16,61,16,58,12,63,13,61,9,64,5,68,10,73,5,72,4,76,5,75,-1,75,-1,79,4,81,1,0,0]"
CSI_DATA,130,1a:00:00:00:00:00,-48,11,1,0,1,1,1,0,0,0,1,-96,0,11,2,1960623,0,44,0,384,0,"[0,0,0,0,0,0,0,0,0,0,0,0,-6,-10,-5,-10,-5,-9,-5,-9,-5,-8,-5,-8,-5,-7,-4,-7,-4,-6,-4,-6,-4,-5,-4,-5,-4,-4,-4,-4,-4,-3,-3,-3,-3,-2,-3,-2,-3,-1,-3,-1,-3,-1,-3,0,-2,0,-2,1,-2,1,-2,1,0,0,-1,2,-2,2,-1,3,-1,3,-1,3,-1,4,-1,4,-1,4,-1,4,-1,5,-1,5,-2,5,-2,5,-2,5,-2,6,-2,6,-2,6,-3,6,-3,6,-3,6,-3,6,-4,5,-4,5,-4,5,-5,5,-5,4,0,0,0,0,0,0,0,0,0,0,0,0,0,0,-35,-70,-34,-61,-34,-63,-33,-62,-33,-61,-33,-58,-30,-52,-24,-57,-22,-48,-22,-42,-21,-40,-27,-40,-23,-37,-24,-33,-19,-24,-18,-23,-22,-22,-15,-17,-22,-16,-17,-19,-17,-11,-18,-7,-14,-4,-14,-2,-13,-1,-9,3,-11,4,-13,8,-11,9,-6,10,-11,11,-7,14,-5,16,-9,19,-8,21,-8,19,-6,27,-1,26,-2,31,-7,26,-3,32,-7,37,-8,29,-5,34,-6,32,-5,33,-9,37,-8,36,-10,37,-10,35,-13,36,-14,35,-17,37,-14,32,-21,34,-21,30,-25,27,0,0,0,0,0,0,0,0,0,0,0,0,0,0,0,0,0,0,0,0,0,0,36,-19,40,-16,43,-14,47,-12,52,-11,52,-9,51,-10,52,-6,57,-4,56,-3,57,-1,61,-4,65,-3,63,1,67,2,65,4,67,5,69,9,69,7,71,12,68,8,73,11,73,16,78,13,73,12,70,12,78,15,74,16,74,14,70,15,70,10,69,10,71,10,68,10,71,6,66,2,62,2,66,-1,58,-2,62,-12,58,-8,56,-14,58,-11,61,-22,60,-21,60,-22,59,-28,57,-31,60,-34,60,-37,61,-34,61,-45,64,-39,64,-45,63,-43,68,-44,72,-42,0,0]"
CSI_DATA,131,1a:00:00:00:00:00,-47,11,1,0,1,1,1,0,0,0,1,-96,0,11,2,1979657,0,44,0,384,0,"[0,0,0,0,0,0,0,0,0,0,0,0,12,2,11,2,11,2,10,1,9,2,8,1,8,0,7,1,7,0,6,0,6,0,5,0,5,-1,5,-1,4,-1,3,-2,3,-2,2,-2,2,-2,2,-2,1,-2,1,-2,0,-3,0,-3,-1,-3,-1,-3,0,0,-2,-3,-3,-3,-3,-3,-3,-4,-3,-3,-4,-4,-4,-4,-4,-4,-5,-5,-5,-5,-5,-5,-5,-5,-5,-5,-5,-5,-6,-6,-5,-6,-5,-6,-5,-6,-5,-6,-5,-6,-5,-7,-4,-7,-4,-7,-3,-7,-3,-7,-2,-7,0,0,0,0,0,0,0,0,0,0,0,0,0,0,68,13,70,18,64,15,66,9,63,11,59,13,57,10,54,11,49,9,44,4,47,4,39,4,39,1,36,0,31,1,30,-2,28,0,21,1,24,-5,20,-4,19,-7,15,-9,12,-8,10,-9,8,-10,8,-12,1,-12,1,-9,-4,-10,-4,-12,-7,-11,-7,-13,-6,-14,-12,-13,-14,-13,-16,-17,-22,-18,-17,-21,-21,-17,-25,-20,-24,-22,-23,-23,-26,-27,-26,-24,-23,-25,-26,-29,-27,-27,-26,-24,-21,-32,-26,-30,-24,-29,-22,-35,-23,-30,-18,-37,-13,-34,-14,-37,-10,-37,0,0,0,0,0,0,0,0,0,0,0,0,0,0,0,0,0,0,0,0,0,0,-12,36,-16,37,-20,40,-25,45,-27,40,-31,37,-30,40,-33,39,-35,40,-38,39,-41,42,-42,38,-42,39,-48,41,-44,40,-47,46,-48,41,-50,44,-56,44,-53,47,-58,42,-55,48,-63,44,-60,42,-58,39,-59,42,-61,41,-58,39,-60,40,-53,45,-56,45,-52,41,-53,41,-44,43,-49,42,-46,39,-42,46,-41,47,-40,49,-36,47,-33,48,-27,50,-27,54,-30,57,-22,56,-21,56,-16,58,-14,64,-13,66,-13,67,-10,68,-13,68,-10,72,-10,71,-12,78,-12,80,-9,78,0,0]"
CSI_DATA,132,1a:00:00:00:00:00,-48,11,1,0,1,1,1,0,0,0,1,-96,0,11,2,1989623,0,44,0,384,0,"[0,0,0,0,0,0,0,0,0,0,0,0,11,-3,10,-4,10,-3,9,-3,9,-3,8,-3,7,-3,7,-3,6,-3,5,-3,5,-3,5,-3,4,-3,3,-2,3,-3,2,-3,2,-3,1,-3,1,-3,1,-2,0,-3,0,-2,-1,-3,-1,-2,-2,-2,-2,-3,0,0,-3,-2,-3,-2,-4,-2,-4,-2,-4,-2,-4,-2,-5,-2,-5,-2,-6,-2,-6,-2,-6,-3,-6,-2,-6,-2,-6,-3,-6,-3,-6,-3,-6,-3,-6,-3,-7,-4,-7,-4,-6,-4,-6,-4,-6,-4,-6,-5,-5,-5,-5,-6,0,0,0,0,0,0,0,0,0,0,0,0,0,0,69,-7,71,-4,66,-3,66,-6,64,-7,64,-2,64,-5,52,-5,51,-4,49,-6,44,-6,41,-6,38,-9,36,-9,31,-6,28,-5,24,-6,23,-10,19,-6,20,-11,13,-11,15,-11,7,-13,8,-12,5,-8,-1,-12,2,-10,1,-11,-6,-10,-5,-11,-9,-11,-12,-12,-13,-13,-18,-12,-20,-11,-19,-12,-21,-13,-27,-13,-28,-13,-28,-11,-29,-17,-27,-18,-29,-17,-30,-19,-32,-20,-31,-17,-33,-18,-34,-24,-29,-22,-31,-23,-31,-24,-31,-26,-30,-25,-26,-25,-22,-28,-21,-28,-19,-31,0,0,0,0,0,0,0,0,0,0,0,0,0,0,0,0,0,0,0,0,0,0,-5,42,-11,40,-17,45,-19,44,-20,47,-23,40,-23,44,-27,42,-26,43,-30,46,-34,45,-35,49,-39,49,-39,50,-38,49,-42,51,-44,52,-49,54,-45,51,-48,53,-49,55,-52,51,-53,54,-49,51,-55,53,-51,51,-52,50,-49,48,-49,52,-45,49,-46,51,-45,50,-44,50,-42,51,-41,52,-37,51,-33,52,-30,52,-31,51,-29,57,-22,55,-19,56,-16,59,-12,61,-11,58,-11,61,-8,60,-1,65,2,66,4,70,-3,72,4,72,8,72,2,74,4,73,6,76,2,79,0,0]"
CSI_DATA,133,1a:00:00:00:00:00,-48,11,1,0,1,1,1,0,0,0,1,-96,0,11,2,2000547,0,44,0,384,0,"[0,0,0,0,0,0,0,0,0,0,0,0,-4,-12,-4,-11,-4,-10,-4,-10,-4,-9,-3,-9,-3,-8,-3,-8,-3,-7,-3,-6,-3,-6,-3,-5,-3,-5,-3,-4,-3,-4,-3,-4,-3,-3,-3,-2,-3,-2,-3,-1,-3,-1,-3,-1,-2,-1,-2,0,-3,1,-2,1,0,0,-2,2,-2,2,-2,2,-2,3,-2,3,-3,4,-2,4,-3,4,-2,4,-3,5,-3,5,-3,5,-3,5,-3,5,-3,5,-3,5,-4,5,-4,5,-4,5,-4,5,-5,4,-5,5,-6,4,-6,4,-6,3,-6,3,0,0,0,0,0,0,0,0,0,0,0,0,0,0,-38,-68,-37,-63,-35,-61,-33,-63,-34,-59,-30,-57,-29,-55,-27,-51,-24,-44,-27,-43,-26,-44,-22,-37,-24,-34,-19,-30,-23,-27,-24,-27,-17,-25,-20,-21,-20,-17,-16,-13,-18,-11,-15,-11,-13,-8,-13,-4,-14,-2,-10,2,-13,2,-10,9,-7,7,-13,10,-2,11,-9,12,-2,18,-3,19,-5,21,-5,24,-3,23,-3,27,2,30,-6,31,-8,32,-4,30,-3,31,-5,32,-6,38,-6,35,-11,35,-6,39,-10,37,-9,33,-10,36,-12,36,-16,35,-16,33,-20,34,-23,29,-22,28,0,0,0,0,0,0,0,0,0,0,0,0,0,0,0,0,0,0,0,0,0,0,37,-20,41,-17,43,-13,47,-12,48,-10,49,-8,49,-4,53,-1,57,-4,58,-1,58,1,60,2,63,2,65,4,64,4,65,8,73,5,67,11,77,11,74,11,74,8,73,15,72,10,75,15,72,14,73,17,73,16,71,18,71,13,72,13,70,12,69,7,68,9,69,6,68,9,66,1,63,-1,64,-2,62,0,66,-8,63,-8,58,-15,62,-19,64,-20,60,-22,59,-24,57,-31,57,-32,60,-36,63,-35,62,-37,57,-43,70,-40,61,-45,65,-47,65,-42,68,-48,0,0]"
CSI_DATA,134,1a:00:00:00:00:00,-47,11,1,0,1,1,1,0,0,0,1,-96,0,11,2,2009786,0,44,0,384,0,"[0,0,0,0,0,0,0,0,0,0,0,0,10,-4,10,-4,9,-4,9,-3,9,-3,7,-3,7,-3,6,-3,6,-3,6,-3,5,-3,4,-3,4,-3,4,-3,3,-3,2,-3,2,-3,1,-3,1,-3,1,-3,0,-2,0,-2,-1,-2,-1,-3,-2,-2,-2,-3,0,0,-3,-2,-3,-2,-4,-2,-4,-2,-4,-2,-5,-2,-5,-2,-5,-2,-6,-2,-6,-3,-6,-2,-6,-2,-6,-3,-6,-3,-7,-3,-6,-3,-7,-3,-7,-4,-7,-4,-6,-4,-6,-4,-6,-4,-6,-4,-6,-5,-5,-5,-4,-6,0,0,0,0,0,0,0,0,0,0,0,0,0,0,60,-28,67,-33,61,-30,59,-30,61,-29,55,-26,50,-25,51,-23,46,-22,44,-18,41,-23,40,-23,33,-21,30,-19,32,-15,24,-17,22,-20,19,-16,15,-19,12,-18,10,-16,7,-15,3,-13,5,-15,2,-10,0,-11,-7,-10,-5,-7,-8,-8,-9,-6,-15,-5,-14,-5,-17,-7,-19,-6,-22,-6,-24,-4,-25,-4,-26,-9,-27,-8,-32,-4,-32,-9,-34,-7,-31,-9,-35,-8,-33,-7,-31,-10,-36,-7,-34,-12,-37,-12,-36,-12,-38,-17,-32,-16,-37,-19,-33,-24,-30,-20,-30,-20,-26,-26,0,0,0,0,0,0,0,0,0,0,0,0,0,0,0,0,0,0,0,0,0,0,15,37,11,42,9,44,5,49,4,49,1,51,-1,50,0,51,0,54,-3,52,-5,55,-5,57,-5,64,-11,64,-12,67,-13,64,-13,64,-15,66,-14,69,-15,65,-15,71,-16,71,-19,70,-22,75,-22,69,-20,74,-22,72,-23,67,-20,66,-21,66,-16,63,-13,68,-12,65,-14,67,-8,63,-9,61,-6,62,2,59,-1,62,2,59,7,58,8,61,10,56,15,66,14,60,18,54,22,60,26,55,27,62,27,62,30,60,31,63,33,65,33,63,36,66,35,69,35,66,0,0]"
CSI_DATA,135,1a:00:00:00:00:00,-48,11,1,0,1,1,1,0,0,0,1,-96,0,11,2,2032348,0,44,0,384,0,"[0,0,0,0,0,0,0,0,0,0,0,0,11,2,9,2,10,2,9,2,8,2,8,1,8,1,7,1,6,0,6,1,5,0,5,0,5,0,4,0,3,-1,3,-1,3,-1,2,-2,2,-2,2,-2,1,-2,1,-2,0,-2,0,-2,0,-2,-1,-3,0,0,-2,-3,-2,-3,-2,-3,-3,-4,-3,-3,-3,-4,-3,-4,-3,-4,-4,-5,-4,-5,-4,-6,-4,-5,-4,-5,-4,-5,-4,-6,-4,-6,-4,-6,-4,-6,-4,-7,-3,-7,-3,-7,-3,-7,-2,-7,-2,-7,-1,-7,-1,-7,0,0,0,0,0,0,0,0,0,0,0,0,0,0,72,1,69,8,68,8,62,4,59,5,59,6,57,3,54,4,52,6,48,2,44,2,41,-2,36,2,36,-3,30,-2,28,-3,24,-1,26,-5,23,-8,21,-10,16,-8,17,-7,11,-8,10,-10,12,-10,6,-11,5,-11,2,-12,-3,-10,-5,-10,-8,-14,-9,-14,-13,-11,-14,-11,-14,-13,-18,-13,-21,-18,-24,-14,-23,-18,-23,-18,-23,-21,-27,-22,-25,-23,-28,-24,-22,-26,-27,-25,-22,-26,-27,-31,-29,-28,-24,-32,-27,-28,-26,-29,-22,-32,-19,-33,-14,-37,-15,-33,-11,-38,0,0,0,0,0,0,0,0,0,0,0,0,0,0,0,0,0,0,0,0,0,0,-6,39,-13,41,-14,41,-19,41,-21,45,-21,42,-24,45,-25,49,-28,42,-30,46,-34,46,-36,49,-34,55,-43,46,-40,51,-40,50,-44,52,-47,51,-49,55,-48,56,-47,51,-54,48,-51,49,-54,49,-56,48,-51,53,-50,50,-49,49,-55,48,-48,49,-48,47,-46,49,-45,54,-43,48,-41,51,-38,53,-35,50,-35,53,-33,50,-27,56,-26,55,-25,54,-23,60,-18,58,-17,61,-18,65,-12,58,-7,64,-10,64,-8,74,-7,70,-6,69,-3,71,-5,73,-5,71,-3,73,1,76,0,0]"
CSI_DATA,136,1a:00:00:00:00:00,-47,11,1,0,1,1,1,0,0,0,1,-96,0,11,2,2039554,0,44,0,384,0,"[0,0,0,0,0,0,0,0,0,0,0,0,6,10,5,9,6,9,4,8,5,8,4,7,4,6,3,6,4,6,4,4,3,4,3,4,3,3,3,3,3,2,3,2,2,1,2,1,2,0,2,0,2,0,2,-1,1,-1,1,-1,1,-2,1,-3,0,0,0,-3,1,-4,1,-4,0,-4,1,-5,1,-5,0,-5,0,-6,0,-6,0,-6,0,-7,1,-7,1,-7,1,-7,1,-7,1,-7,1,-7,1,-7,2,-7,2,-7,2,-7,3,-7,3,-7,3,-6,4,-6,4,-5,0,0,0,0,0,0,0,0,0,0,0,0,0,0,32,66,34,61,30,61,30,59,32,56,30,54,26,45,24,49,18,43,25,43,21,38,23,31,22,35,18,25,19,27,22,22,14,18,15,20,14,16,18,13,19,6,13,8,12,6,11,3,11,-2,9,1,11,-4,6,-7,7,-9,3,-8,6,-10,5,-18,1,-18,2,-24,6,-20,2,-24,1,-23,-1,-26,0,-33,1,-30,3,-27,5,-35,0,-38,2,-35,5,-36,6,-36,8,-37,9,-36,9,-37,6,-37,11,-41,15,-34,15,-37,15,-35,19,-32,21,-34,20,-32,0,0,0,0,0,0,0,0,0,0,0,0,0,0,0,0,0,0,0,0,0,0,-35,13,-43,15,-40,11,-47,10,-45,6,-53,6,-53,4,-54,1,-57,0,-55,4,-56,0,-58,0,-63,-3,-65,-4,-64,-8,-64,-6,-71,-9,-64,-8,-71,-9,-71,-12,-69,-14,-73,-9,-69,-15,-73,-13,-71,-14,-70,-17,-72,-15,-72,-17,-67,-12,-69,-13,-67,-12,-70,-11,-65,-10,-64,-9,-63,-5,-66,-4,-63,-1,-63,4,-62,3,-60,4,-63,8,-57,13,-61,15,-61,15,-59,16,-58,29,-56,28,-62,28,-62,36,-59,29,-59,32,-61,38,-67,43,-62,39,-66,38,-67,44,-69,41,0,0]"
CSI_DATA,137,1a:00:00:00:00:00,-47,11,1,0,1,1,1,0,0,0,1,-96,0,11,2,2081265,0,44,0,384,0,"[0,0,0,0,0,0,0,0,0,0,0,0,3,10,3,10,3,9,2,9,3,9,2,8,2,7,2,6,2,6,2,6,2,5,2,4,2,4,2,3,2,3,2,3,2,2,2,1,2,1,2,1,2,1,2,0,1,-1,2,-1,1,-1,1,-2,0,0,1,-3,1,-3,1,-3,1,-4,1,-4,1,-5,2,-5,2,-5,2,-6,2,-5,2,-6,2,-6,3,-6,3,-6,3,-6,2,-6,3,-6,3,-6,4,-6,4,-6,4,-6,4,-5,5,-5,5,-4,5,-4,5,-4,0,0,0,0,0,0,0,0,0,0,0,0,0,0,19,76,16,72,17,67,13,68,18,66,16,60,14,58,14,53,16,53,13,47,12,46,14,42,14,39,10,36,14,30,14,33,14,27,13,19,13,21,16,19,11,16,13,14,12,8,7,7,13,3,9,2,9,2,11,-5,9,-6,8,-10,5,-13,10,-14,9,-17,8,-19,8,-21,11,-22,10,-20,14,-28,10,-27,11,-30,14,-30,9,-28,12,-33,12,-32,16,-35,13,-31,17,-33,20,-34,21,-35,20,-30,24,-32,25,-30,28,-32,28,-28,27,-26,31,-27,32,-22,0,0,0,0,0,0,0,0,0,0,0,0,0,0,0,0,0,0,0,0,0,0,-39,10,-46,10,-45,7,-50,6,-51,2,-51,0,-51,-4,-54,-3,-56,-9,-58,-7,-60,-9,-62,-12,-64,-10,-63,-13,-68,-16,-65,-18,-69,-24,-69,-19,-66,-18,-67,-30,-70,-27,-74,-27,-67,-28,-68,-25,-71,-29,-70,-29,-73,-25,-71,-30,-64,-26,-66,-27,-65,-26,-67,-27,-63,-21,-63,-23,-63,-17,-65,-18,-62,-13,-63,-10,-62,-9,-65,-5,-68,-8,-61,4,-65,0,-63,6,-63,8,-64,10,-69,10,-64,16,-66,16,-68,18,-69,24,-70,28,-75,27,-71,25,-74,27,-74,23,-76,22,0,0]"
CSI_DATA,138,1a:00:00:00:00:00,-48,11,1,0,1,1,1,0,0,0,1,-96,0,11,2,2089721,0,44,0,384,0,"[0,0,0,0,0,0,0,0,0,0,0,0,-12,-1,-12,-1,-11,-1,-11,-1,-10,-1,-9,-1,-9,0,-8,0,-8,0,-7,0,-6,0,-6,0,-6,0,-5,1,-5,1,-4,1,-3,1,-2,1,-3,1,-2,1,-1,2,-2,1,-1,2,-1,1,0,1,1,2,0,0,2,2,2,1,2,2,3,2,3,2,3,2,4,2,3,2,4,2,5,3,4,3,4,3,4,3,5,3,5,4,5,4,5,4,5,4,5,5,4,4,4,5,3,4,4,6,4,5,3,6,2,6,0,0,0,0,0,0,0,0,0,0,0,0,0,0,-72,-23,-68,-26,-69,-22,-63,-26,-62,-26,-58,-25,-59,-21,-55,-19,-49,-15,-46,-18,-43,-12,-43,-19,-41,-11,-35,-13,-31,-10,-34,-9,-31,2,-24,-1,-27,-1,-24,-3,-22,5,-21,4,-17,4,-11,9,-11,7,-8,10,-4,11,-5,10,1,11,-2,13,6,15,7,13,8,15,11,19,10,17,14,20,15,22,18,21,17,23,16,22,17,28,18,28,17,30,13,32,20,33,14,33,16,34,16,36,14,36,18,37,12,38,14,37,7,38,3,41,2,38,-1,38,-1,37,0,0,0,0,0,0,0,0,0,0,0,0,0,0,0,0,0,0,0,0,0,0,11,-44,20,-41,16,-42,25,-48,23,-42,30,-41,33,-42,32,-41,35,-42,34,-43,39,-42,45,-45,44,-48,47,-43,50,-47,50,-49,53,-46,57,-49,55,-44,58,-46,59,-42,58,-46,62,-47,64,-41,64,-38,64,-41,60,-41,63,-38,60,-41,62,-43,59,-44,58,-42,54,-44,53,-41,51,-44,46,-44,50,-43,42,-45,39,-48,38,-50,36,-50,35,-56,35,-54,25,-55,30,-61,21,-67,23,-59,24,-62,21,-64,20,-66,22,-70,18,-71,18,-75,16,-73,18,-77,20,-80,17,-76,0,0]"
CSI_DATA,139,1a:00:00:00:00:00,-47,11,1,0,1,1,1,0,0,0,1,-96,0,11,2,2112313,0,44,0,384,0,"[0,0,0,0,0,0,0,0,0,0,0,0,2,-12,2,-12,1,-11,1,-11,1,-10,1,-9,1,-9,0,-8,0,-8,0,-7,0,-7,0,-6,-1,-5,-1,-5,-1,-5,-1,-5,-1,-4,-1,-3,-2,-3,-2,-2,-2,-2,-2,-2,-2,-1,-3,-1,-3,0,-3,0,0,0,-3,1,-3,2,-4,2,-3,2,-4,2,-4,3,-4,3,-5,3,-5,3,-5,3,-5,3,-5,3,-6,3,-6,3,-6,3,-6,3,-6,3,-6,3,-7,3,-6,2,-7,3,-7,2,-7,2,-7,1,-7,1,-7,0,0,0,0,0,0,0,0,0,0,0,0,0,0,0,21,-76,19,-69,15,-68,15,-65,20,-63,15,-58,15,-56,13,-57,12,-48,13,-48,9,-41,7,-39,6,-37,6,-33,6,-33,3,-34,0,-28,-2,-26,1,-23,-2,-21,-5,-21,-5,-13,-6,-14,-5,-9,-7,-12,-5,-8,-11,-7,-13,-3,-11,-2,-11,0,-15,3,-13,4,-18,11,-18,14,-18,11,-21,17,-24,13,-25,15,-24,14,-22,17,-27,17,-25,19,-25,16,-30,17,-34,18,-33,19,-32,16,-32,18,-33,17,-33,11,-36,12,-38,9,-37,7,-36,11,-36,4,-37,3,-37,-1,0,0,0,0,0,0,0,0,0,0,0,0,0,0,0,0,0,0,0,0,0,0,39,1,42,5,44,11,46,14,44,16,46,18,48,21,45,22,48,25,47,28,50,31,50,32,52,34,52,35,54,41,52,41,52,41,49,46,51,44,49,48,50,49,48,49,50,51,49,51,49,52,52,53,50,48,48,56,50,52,51,50,46,51,50,47,47,47,49,42,51,46,43,39,51,39,51,36,48,35,52,30,51,30,53,28,59,24,57,17,59,20,59,19,60,19,62,13,67,13,67,11,68,8,71,7,72,12,73,8,77,7,74,10,77,13,0,0]"
CSI_DATA,140,1a:00:00:00:00:00,-48,11,1,0,1,1,1,0,0,0,1,-96,0,11,2,2133496,0,44,0,384,0,"[0,0,0,0,0,0,0,0,0,0,0,0,10,-4,10,-4,9,-3,9,-3,8,-3,7,-4,7,-4,7,-3,6,-3,6,-3,5,-4,4,-4,4,-3,4,-3,3,-3,2,-3,2,-3,1,-3,1,-3,1,-3,0,-3,0,-3,0,-2,-1,-2,-1,-2,-2,-2,0,0,-3,-2,-3,-1,-4,-1,-4,-2,-4,-2,-5,-2,-5,-2,-5,-2,-6,-2,-6,-2,-6,-2,-6,-2,-6,-2,-6,-2,-6,-3,-7,-3,-7,-3,-7,-3,-6,-3,-6,-4,-6,-4,-6,-4,-6,-4,-6,-5,-5,-5,-5,-5,0,0,0,0,0,0,0,0,0,0,0,0,0,0,78,-7,72,-8,71,-6,63,-3,59,-6,60,-7,53,-6,57,-4,46,-7,50,-5,44,-5,42,-9,37,-6,33,-7,31,-10,26,-11,27,-11,25,-5,19,-13,15,-5,11,-13,10,-11,9,-13,11,-11,7,-11,1,-12,3,-11,-4,-11,-4,-13,-7,-12,-7,-10,-15,-9,-15,-11,-18,-14,-20,-14,-23,-13,-23,-10,-22,-14,-24,-17,-29,-15,-26,-14,-27,-19,-27,-17,-32,-20,-32,-21,-28,-23,-33,-22,-31,-23,-29,-26,-30,-22,-29,-25,-26,-28,-23,-30,-20,-28,-23,-31,-21,-34,-18,-31,0,0,0,0,0,0,0,0,0,0,0,0,0,0,0,0,0,0,0,0,0,0,4,39,-1,45,-4,45,-8,44,-9,47,-9,49,-11,48,-9,50,-20,55,-16,48,-18,53,-20,54,-23,58,-28,59,-26,64,-29,58,-28,61,-29,61,-32,59,-38,61,-36,60,-37,64,-38,63,-38,64,-37,59,-38,63,-41,58,-40,61,-37,54,-37,57,-33,55,-37,59,-30,57,-28,62,-29,60,-31,57,-18,57,-19,56,-18,55,-15,59,-17,61,-9,58,-10,64,-4,59,-4,60,-2,63,4,64,8,63,5,66,11,67,9,70,13,73,12,72,11,69,10,74,17,77,13,76,0,0]"
CSI_DATA,141,1a:00:00:00:00:00,-48,11,1,0,1,1,1,0,0,0,1,-96,0,11,2,2139583,0,44,0,384,0,"[0,0,0,0,0,0,0,0,0,0,0,0,-12,2,-11,2,-11,2,-10,1,-9,1,-9,2,-8,2,-8,2,-7,2,-6,1,-6,2,-6,2,-5,1,-5,1,-4,1,-3,2,-3,2,-2,2,-2,2,-2,1,-1,1,-1,1,0,1,0,1,0,1,1,1,0,0,2,2,2,1,3,1,3,2,3,1,4,1,4,2,4,2,4,2,5,2,5,3,5,2,5,3,5,2,5,3,5,3,5,3,5,4,5,4,5,4,5,4,5,4,4,4,3,5,3,5,2,5,0,0,0,0,0,0,0,0,0,0,0,0,0,0,-77,21,-70,21,-68,23,-66,15,-64,17,-60,13,-54,11,-57,14,-49,11,-45,8,-45,13,-38,13,-38,17,-38,13,-34,12,-27,13,-24,12,-24,11,-21,11,-17,17,-12,17,-12,12,-13,13,-7,11,-6,11,-6,12,2,11,5,8,8,8,8,8,11,10,14,4,14,8,16,8,21,7,22,10,22,8,24,11,27,10,28,7,31,9,27,11,31,13,31,15,33,13,29,16,33,19,34,16,32,12,32,17,30,18,32,20,34,19,30,24,22,24,23,26,20,28,0,0,0,0,0,0,0,0,0,0,0,0,0,0,0,0,0,0,0,0,0,0,-8,-42,-4,-44,-2,-47,3,-47,3,-47,9,-46,7,-49,10,-53,8,-53,14,-54,14,-57,16,-56,17,-60,21,-61,21,-60,24,-63,24,-65,27,-62,27,-61,29,-65,28,-64,33,-68,26,-69,32,-69,33,-62,35,-66,34,-65,29,-66,33,-62,30,-64,32,-63,30,-62,25,-63,22,-59,22,-63,16,-62,18,-60,17,-57,12,-58,13,-61,5,-59,8,-62,0,-62,0,-65,-4,-65,-11,-58,-13,-63,-17,-60,-19,-66,-18,-72,-19,-66,-19,-71,-21,-72,-19,-67,-23,-74,-22,-70,-26,-81,0,0]"
CSI_DATA,142,1a:00:00:00:00:00,-48,11,1,0,1,1,1,0,0,0,1,-96,0,11,2,2149958,0,44,0,384,0,"[0,0,0,0,0,0,0,0,0,0,0,0,-12,1,-11,1,-11,1,-10,1,-9,1,-9,1,-8,1,-8,1,-7,1,-7,1,-6,1,-6,1,-5,1,-5,1,-4,1,-4,1,-3,2,-3,2,-2,1,-2,1,-1,1,-1,1,-1,2,0,1,0,1,1,1,0,0,2,1,2,1,3,1,3,1,3,1,3,2,4,2,4,2,5,2,5,2,5,3,5,2,5,3,5,3,5,3,5,3,5,3,5,3,5,4,5,4,5,4,4,4,4,5,4,5,3,5,3,5,0,0,0,0,0,0,0,0,0,0,0,0,0,0,-77,11,-71,14,-69,14,-69,11,-60,12,-59,5,-61,10,-56,12,-50,11,-46,11,-46,8,-41,9,-36,9,-35,10,-32,13,-29,13,-27,12,-19,10,-25,10,-17,10,-17,10,-13,11,-13,12,-6,7,-5,7,-3,12,-2,10,2,11,2,9,7,13,9,7,7,9,11,8,17,11,20,7,19,10,21,12,24,13,21,11,25,12,27,16,27,15,33,17,29,17,29,19,31,18,29,19,32,16,27,21,31,25,29,27,31,26,27,25,24,24,22,31,24,30,19,31,0,0,0,0,0,0,0,0,0,0,0,0,0,0,0,0,0,0,0,0,0,0,-9,-38,-7,-42,-3,-47,-1,-48,3,-52,5,-51,7,-50,6,-53,12,-52,13,-51,10,-55,14,-57,16,-61,17,-61,23,-63,20,-62,21,-65,24,-66,25,-69,26,-66,29,-63,30,-68,32,-63,32,-63,33,-66,34,-68,31,-64,30,-67,32,-63,28,-63,31,-61,25,-64,26,-60,28,-61,25,-57,18,-62,15,-59,13,-60,10,-58,10,-60,10,-60,4,-61,0,-60,-7,-67,-4,-58,0,-64,-5,-64,-12,-61,-15,-63,-17,-69,-20,-68,-19,-69,-20,-71,-25,-71,-23,-74,-24,-74,-19,-78,0,0]"
CSI_DATA,143,1a:00:00:00:00:00,-47,11,1,0,1,1,1,0,0,0,1,-96,0,11,2,2159806,0,44,0,384,0,"[0,0,0,0,0,0,0,0,0,0,0,0,6,-11,6,-10,5,-9,5,-9,4,-8,4,-8,4,-8,3,-7,3,-7,2,-6,2,-6,2,-6,1,-5,1,-5,1,-4,0,-5,0,-4,0,-3,-1,-3,-1,-3,-2,-2,-2,-2,-2,-2,-2,-1,-2,-1,-3,-1,0,0,-3,0,-3,0,-4,1,-4,1,-4,1,-5,1,-5,1,-5,2,-5,1,-6,1,-6,1,-6,2,-6,2,-7,2,-6,1,-7,1,-7,1,-7,1,-7,1,-7,0,-7,0,-7,0,-7,0,-7,0,-7,-1,-7,-2,0,0,0,0,0,0,0,0,0,0,0,0,0,0,47,-62,48,-55,43,-57,43,-51,37,-49,36,-49,40,-43,33,-41,31,-39,28,-37,28,-36,25,-34,22,-33,17,-27,17,-31,14,-30,11,-25,9,-23,8,-26,7,-17,1,-17,-1,-16,0,-18,-4,-11,-4,-13,-6,-11,-8,-7,-9,-9,-9,-4,-10,-5,-15,1,-15,1,-20,5,-21,2,-22,8,-23,4,-24,8,-27,10,-30,9,-30,12,-31,8,-35,11,-32,5,-34,11,-36,10,-33,11,-35,11,-35,10,-37,8,-36,10,-38,8,-38,5,-38,1,-38,-1,-40,2,-40,-6,-35,-8,0,0,0,0,0,0,0,0,0,0,0,0,0,0,0,0,0,0,0,0,0,0,26,29,26,36,20,35,24,46,20,44,20,45,18,47,15,51,15,50,14,52,14,58,14,58,14,58,13,62,11,62,13,64,10,67,12,67,10,67,5,72,4,70,8,72,8,70,9,70,4,70,8,73,4,69,5,71,7,68,9,67,10,65,9,66,9,64,12,65,12,66,16,62,15,59,19,58,19,54,30,52,31,55,32,50,34,49,37,47,38,50,44,42,45,46,51,46,46,47,56,45,54,44,58,43,60,46,53,44,60,42,59,47,62,42,0,0]"
CSI_DATA,144,1a:00:00:00:00:00,-47,11,1,0,1,1,1,0,0,0,1,-96,0,11,2,2170857,0,44,0,384,0,"[0,0,0,0,0,0,0,0,0,0,0,0,-1,11,0,11,0,10,0,9,0,9,0,9,0,8,0,7,0,7,0,6,0,6,0,5,1,5,1,4,1,3,1,3,1,3,1,2,1,2,1,1,1,1,2,0,1,0,1,-1,2,-1,1,-2,0,0,2,-2,2,-3,2,-3,2,-3,3,-4,3,-4,3,-5,3,-4,3,-5,4,-5,4,-5,4,-5,4,-5,4,-5,4,-5,5,-5,5,-5,5,-4,5,-4,5,-4,6,-4,6,-4,6,-3,6,-3,6,-2,6,-1,0,0,0,0,0,0,0,0,0,0,0,0,0,0,3,70,0,69,0,66,0,69,1,64,2,61,0,58,-4,58,0,47,-1,44,0,43,3,39,3,39,2,31,2,33,7,32,7,26,8,24,7,18,10,18,11,16,8,11,10,9,6,9,5,6,8,5,12,3,8,-1,7,-3,10,-8,10,-11,15,-17,11,-13,10,-20,15,-19,12,-19,14,-24,17,-20,14,-25,16,-25,17,-25,20,-26,20,-25,19,-29,23,-28,21,-25,25,-28,27,-30,23,-27,28,-23,31,-25,31,-26,30,-23,33,-21,28,-19,36,-16,34,-10,0,0,0,0,0,0,0,0,0,0,0,0,0,0,0,0,0,0,0,0,0,0,-41,1,-43,-3,-45,-6,-47,-6,-50,-11,-46,-15,-48,-19,-50,-19,-51,-25,-47,-23,-53,-27,-53,-26,-51,-30,-56,-33,-60,-30,-56,-35,-57,-37,-61,-37,-58,-39,-59,-44,-55,-44,-61,-45,-58,-42,-60,-45,-56,-44,-57,-45,-60,-47,-56,-47,-57,-42,-56,-43,-60,-39,-55,-41,-54,-37,-56,-37,-55,-34,-55,-35,-57,-30,-56,-25,-57,-25,-60,-25,-59,-18,-58,-16,-60,-13,-64,-11,-59,-9,-59,-6,-62,-3,-62,-3,-70,2,-67,0,-71,3,-71,7,-78,10,-76,7,-79,9,-76,1,-76,12,0,0]"
CSI_DATA,145,1a:00:00:00:00:00,-47,11,1,0,1,1,1,0,0,0,1,-96,0,11,2,2181240,0,44,0,384,0,"[0,0,0,0,0,0,0,0,0,0,0,0,-4,11,-4,10,-3,10,-4,9,-3,9,-3,8,-3,7,-2,7,-2,7,-2,6,-2,6,-1,5,-1,5,-1,4,0,4,0,3,0,3,0,3,1,2,1,1,1,1,1,0,1,0,1,0,2,-1,2,-1,0,0,2,-1,2,-3,2,-2,3,-2,3,-3,3,-3,4,-4,4,-4,4,-4,4,-4,5,-4,5,-4,5,-4,5,-4,5,-4,5,-4,5,-4,5,-3,6,-3,6,-3,6,-3,6,-3,6,-3,6,-2,6,-1,6,-1,0,0,0,0,0,0,0,0,0,0,0,0,0,0,-31,67,-29,66,-24,61,-26,60,-26,61,-28,54,-22,57,-21,51,-17,47,-17,43,-15,41,-14,37,-11,38,-10,33,-10,30,-8,32,-1,30,-6,19,-2,22,-1,23,0,18,4,17,5,13,6,12,7,10,9,11,11,4,9,4,12,2,11,1,15,-1,12,-4,15,-6,19,-9,17,-12,18,-11,21,-16,23,-13,24,-19,25,-18,28,-19,31,-14,33,-17,29,-15,29,-15,30,-15,35,-16,32,-15,33,-17,33,-15,35,-13,38,-13,39,-9,35,-5,36,-4,38,-3,36,3,0,0,0,0,0,0,0,0,0,0,0,0,0,0,0,0,0,0,0,0,0,0,-39,-16,-41,-19,-40,-24,-37,-28,-42,-29,-39,-31,-39,-36,-42,-38,-39,-40,-40,-40,-39,-40,-40,-48,-43,-47,-41,-49,-43,-53,-38,-53,-38,-55,-43,-53,-42,-56,-41,-60,-42,-59,-39,-59,-40,-63,-35,-61,-36,-61,-41,-64,-39,-61,-37,-59,-34,-63,-39,-57,-31,-61,-39,-58,-39,-54,-41,-53,-42,-53,-42,-51,-40,-47,-42,-45,-45,-43,-47,-37,-46,-38,-47,-38,-50,-31,-55,-34,-56,-32,-56,-31,-59,-28,-59,-25,-63,-23,-63,-23,-67,-24,-71,-22,-72,-22,-71,-24,-78,-26,-75,-26,-76,-25,0,0]"
CSI_DATA,146,1a:00:00:00:00:00,-47,11,1,0,1,1,1,0,0,0,1,-96,0,11,2,2189595,0,44,0,384,0,"[0,0,0,0,0,0,0,0,0,0,0,0,6,9,6,9,6,8,6,8,5,7,4,7,4,6,4,6,4,5,4,5,3,4,3,4,3,3,3,3,3,2,3,2,3,1,2,1,2,0,2,0,2,-1,2,-1,1,-1,1,-2,1,-2,1,-2,0,0,0,-3,0,-4,0,-4,0,-4,0,-5,0,-5,0,-5,0,-6,0,-6,0,-6,0,-7,1,-7,1,-7,1,-7,1,-7,1,-7,1,-7,1,-7,1,-7,2,-7,2,-7,3,-7,3,-6,3,-6,4,-6,4,-5,0,0,0,0,0,0,0,0,0,0,0,0,0,0,41,56,35,59,37,56,39,54,34,57,28,52,30,50,28,45,27,42,28,38,24,39,24,36,22,30,19,28,21,22,20,23,22,20,19,16,18,13,17,11,15,9,17,4,14,5,11,1,12,2,14,-3,14,-4,5,-7,6,-7,5,-10,5,-11,1,-17,3,-17,6,-20,5,-22,0,-27,3,-27,1,-30,3,-24,3,-33,7,-31,3,-32,5,-33,7,-36,3,-38,8,-37,9,-35,6,-37,10,-36,11,-34,17,-34,13,-37,14,-36,14,-32,18,-36,21,-32,24,-26,0,0,0,0,0,0,0,0,0,0,0,0,0,0,0,0,0,0,0,0,0,0,-31,28,-35,25,-39,21,-42,20,-46,21,-46,19,-49,17,-52,16,-51,10,-55,14,-57,12,-57,10,-60,16,-64,8,-65,9,-66,4,-69,7,-69,6,-72,0,-68,4,-74,1,-75,0,-75,-1,-73,-1,-72,-4,-74,0,-75,-7,-70,-2,-71,-2,-69,0,-72,0,-70,2,-69,2,-66,-1,-64,0,-66,5,-59,10,-60,10,-57,12,-55,15,-60,21,-56,22,-56,21,-58,25,-57,26,-52,29,-52,29,-58,33,-57,36,-57,42,-58,41,-57,51,-57,46,-56,46,-58,50,-63,49,-59,52,0,0]"
CSI_DATA,147,1a:00:00:00:00:00,-47,11,1,0,1,1,1,0,0,0,1,-96,0,11,2,2200472,0,44,0,384,0,"[0,0,0,0,0,0,0,0,0,0,0,0,-4,-11,-4,-11,-4,-10,-4,-10,-3,-9,-3,-9,-3,-8,-3,-8,-3,-7,-3,-6,-2,-6,-3,-6,-3,-5,-3,-5,-3,-4,-3,-4,-3,-3,-3,-3,-3,-2,-3,-1,-3,-1,-3,-1,-2,0,-3,0,-2,1,-2,1,0,0,-2,2,-2,2,-3,3,-2,3,-3,3,-3,4,-3,4,-3,4,-3,4,-3,5,-3,5,-4,5,-4,5,-4,5,-4,5,-4,5,-5,5,-4,5,-4,5,-5,5,-5,4,-5,4,-6,4,-6,3,-6,3,-6,2,0,0,0,0,0,0,0,0,0,0,0,0,0,0,-40,-67,-40,-60,-35,-62,-32,-56,-35,-57,-33,-52,-26,-52,-30,-47,-28,-46,-27,-42,-26,-39,-21,-36,-24,-33,-21,-31,-20,-28,-20,-25,-18,-22,-16,-16,-19,-17,-20,-16,-17,-11,-15,-6,-14,-6,-13,-6,-9,-1,-11,2,-12,4,-10,5,-9,7,-6,9,-5,14,-7,13,-3,20,-5,22,-1,23,-1,21,-1,26,-1,29,-1,31,-4,30,-3,31,-1,35,-4,33,-2,36,-4,31,-4,38,-5,36,-5,38,-9,33,-10,38,-9,35,-14,37,-16,34,-16,35,-15,35,-21,35,-20,25,0,0,0,0,0,0,0,0,0,0,0,0,0,0,0,0,0,0,0,0,0,0,36,-19,37,-19,43,-18,44,-13,48,-14,50,-8,49,-7,52,-8,55,-4,55,-5,60,-4,57,0,60,-2,62,-1,63,2,67,3,67,1,73,1,67,2,66,4,67,8,73,12,76,9,73,15,71,11,71,10,67,8,68,11,72,10,68,8,69,11,69,8,65,9,63,4,68,2,60,1,63,-5,62,-5,60,-5,61,-8,59,-11,58,-17,56,-20,59,-21,56,-23,57,-25,56,-30,58,-33,56,-31,58,-38,56,-45,58,-43,61,-41,62,-46,60,-47,61,-46,64,-46,0,0]"
CSI_DATA,148,1a:00:00:00:00:00,-47,11,1,0,1,1,1,0,0,0,1,-96,0,11,2,2209519,0,44,0,384,0,"[0,0,0,0,0,0,0,0,0,0,0,0,10,5,10,4,10,4,9,4,8,4,8,3,7,3,6,2,6,2,6,2,5,1,5,1,5,1,4,0,4,0,3,0,3,-1,2,-1,2,-1,2,-1,2,-2,1,-2,1,-2,1,-2,0,-2,0,-3,0,0,-1,-3,-1,-4,-1,-4,-2,-4,-2,-4,-2,-5,-2,-5,-2,-5,-3,-6,-3,-6,-3,-6,-3,-6,-3,-7,-3,-6,-3,-7,-3,-7,-2,-7,-2,-7,-2,-7,-1,-7,-1,-7,-1,-7,0,-7,0,-7,0,-7,1,-7,0,0,0,0,0,0,0,0,0,0,0,0,0,0,70,27,63,32,63,29,57,26,59,28,53,28,52,27,50,19,49,22,45,19,41,17,38,19,38,14,33,12,31,11,33,6,26,11,23,3,20,3,23,1,18,4,20,-3,16,-5,11,-4,13,-7,8,-7,4,-9,2,-13,1,-15,-2,-14,-3,-12,-2,-17,-3,-20,-9,-16,-10,-17,-8,-21,-9,-21,-11,-26,-10,-30,-14,-29,-14,-28,-15,-23,-16,-30,-12,-33,-12,-33,-11,-33,-14,-34,-10,-41,-11,-36,-9,-34,-9,-37,-4,-35,-6,-40,-3,-39,1,-36,2,-38,5,-37,0,0,0,0,0,0,0,0,0,0,0,0,0,0,0,0,0,0,0,0,0,0,-8,40,-16,38,-21,40,-23,37,-28,39,-31,41,-35,38,-35,37,-37,40,-41,37,-41,36,-46,38,-42,40,-47,40,-53,41,-55,40,-51,42,-55,40,-52,40,-58,34,-62,36,-66,36,-62,37,-63,36,-65,37,-61,40,-60,37,-61,34,-63,36,-60,36,-57,32,-54,32,-57,36,-54,34,-56,35,-52,34,-49,40,-44,43,-43,42,-40,46,-41,46,-39,47,-38,50,-34,51,-30,53,-31,52,-35,56,-29,62,-26,60,-26,66,-22,62,-23,67,-22,73,-25,72,-20,71,-23,71,-31,76,0,0]"
CSI_DATA,149,1a:00:00:00:00:00,-47,11,1,0,1,1,1,0,0,0,1,-96,0,11,2,2220940,0,44,0,384,0,"[0,0,0,0,0,0,0,0,0,0,0,0,-6,10,-6,10,-5,9,-5,9,-5,8,-5,8,-4,8,-4,7,-4,6,-3,6,-3,6,-2,5,-2,4,-2,4,-1,4,-1,4,0,3,0,3,0,2,0,2,0,1,1,1,1,1,1,0,1,0,2,0,0,0,3,-1,2,-2,3,-2,3,-2,4,-3,4,-3,4,-3,4,-3,5,-3,5,-3,5,-3,5,-3,6,-3,6,-3,6,-3,6,-3,6,-3,6,-2,6,-3,6,-2,6,-2,7,-1,6,-1,7,-1,6,0,6,1,0,0,0,0,0,0,0,0,0,0,0,0,0,0,-30,71,-32,65,-28,66,-30,62,-24,60,-27,55,-28,57,-26,51,-21,47,-19,46,-15,43,-11,40,-13,38,-14,35,-9,31,-8,28,-5,27,-4,23,1,22,-2,19,1,20,3,17,2,13,6,9,10,11,10,7,10,5,8,1,9,-1,7,-4,12,-4,14,-10,14,-6,15,-12,17,-12,18,-13,18,-14,25,-18,22,-19,26,-21,28,-20,28,-22,29,-23,28,-19,28,-19,30,-26,30,-20,32,-21,32,-19,37,-19,31,-17,37,-17,38,-16,39,-11,37,-13,39,-9,35,-4,0,0,0,0,0,0,0,0,0,0,0,0,0,0,0,0,0,0,0,0,0,0,-36,-21,-35,-27,-35,-33,-34,-38,-34,-40,-36,-40,-32,-41,-33,-47,-29,-47,-33,-47,-31,-54,-35,-53,-32,-55,-31,-57,-34,-55,-31,-62,-34,-64,-32,-64,-30,-66,-28,-63,-27,-67,-27,-67,-31,-71,-28,-68,-29,-67,-28,-68,-30,-68,-23,-69,-27,-65,-30,-65,-31,-66,-26,-64,-28,-60,-33,-58,-37,-57,-31,-57,-36,-55,-39,-52,-39,-44,-43,-48,-44,-46,-46,-41,-48,-39,-53,-36,-50,-37,-61,-36,-61,-31,-60,-27,-61,-31,-67,-32,-71,-28,-68,-26,-71,-31,-74,-28,-76,-29,-77,-27,-75,-29,0,0]"
CSI_DATA,150,1a:00:00:00:00:00,-48,11,1,0,1,1,1,0,0,0,1,-96,0,11,2,2230240,0,44,0,384,0,"[0,0,0,0,0,0,0,0,0,0,0,0,12,-2,11,-2,11,-2,10,-2,10,-2,9,-2,8,-2,7,-2,7,-2,6,-2,6,-3,5,-3,4,-2,4,-2,3,-2,3,-3,2,-3,2,-3,1,-2,1,-2,1,-3,0,-2,-1,-3,-1,-2,-1,-2,-2,-3,0,0,-3,-3,-3,-3,-4,-2,-5,-2,-4,-2,-5,-2,-5,-2,-5,-3,-6,-3,-6,-3,-7,-3,-6,-3,-7,-3,-6,-3,-7,-4,-7,-4,-7,-4,-7,-4,-7,-4,-6,-5,-6,-5,-6,-5,-6,-5,-5,-6,-5,-6,-5,-6,0,0,0,0,0,0,0,0,0,0,0,0,0,0,74,-21,65,-13,68,-20,64,-14,62,-9,61,-15,53,-16,52,-16,52,-12,48,-11,39,-11,43,-12,39,-9,30,-12,32,-9,27,-14,25,-12,18,-15,20,-12,19,-12,13,-15,12,-13,7,-14,7,-15,2,-13,4,-13,1,-14,-5,-12,-10,-10,-5,-10,-12,-10,-18,-11,-15,-8,-19,-11,-21,-7,-23,-11,-23,-11,-26,-11,-25,-12,-30,-13,-31,-13,-29,-15,-31,-15,-33,-15,-35,-16,-31,-18,-34,-18,-32,-18,-35,-23,-31,-18,-29,-24,-32,-27,-29,-23,-30,-26,-26,-27,-25,-31,-18,-32,0,0,0,0,0,0,0,0,0,0,0,0,0,0,0,0,0,0,0,0,0,0,6,37,1,43,2,41,1,50,-6,49,-6,48,-9,49,-12,49,-12,52,-14,51,-16,54,-20,55,-20,55,-24,61,-25,61,-22,57,-26,64,-30,58,-30,62,-29,63,-32,61,-33,63,-36,62,-31,61,-34,62,-36,63,-34,64,-35,61,-31,60,-29,64,-27,59,-28,61,-31,63,-27,61,-23,62,-18,56,-18,56,-19,58,-10,58,-7,60,-9,62,-3,58,-4,63,0,61,3,63,6,58,9,59,13,66,11,63,14,70,20,68,14,66,21,75,19,71,24,75,21,79,21,75,0,0]"
CSI_DATA,151,1a:00:00:00:00:00,-47,11,1,0,1,1,1,0,0,0,1,-96,0,11,2,2239490,0,44,0,384,0,"[0,0,0,0,0,0,0,0,0,0,0,0,-9,8,-9,7,-8,7,-8,7,-7,6,-7,6,-6,6,-6,5,-6,5,-5,4,-4,4,-4,4,-4,4,-3,3,-3,3,-2,3,-2,3,-2,3,-1,2,0,2,0,2,0,1,1,1,1,1,1,0,1,0,0,0,2,0,3,0,3,0,3,0,4,-1,4,-1,5,-1,5,-1,5,0,5,0,6,0,6,-1,6,0,6,0,6,0,6,1,6,0,6,1,6,1,6,1,6,2,6,2,6,2,6,3,5,3,5,3,0,0,0,0,0,0,0,0,0,0,0,0,0,0,-54,48,-56,53,-52,47,-51,45,-51,41,-51,41,-43,41,-41,37,-42,37,-35,35,-36,32,-30,31,-31,29,-25,25,-23,27,-18,22,-18,24,-16,23,-15,18,-12,18,-6,21,-6,14,-3,12,0,12,0,12,3,12,7,9,7,10,12,7,13,4,19,2,16,0,19,-1,21,0,27,-2,25,-3,27,-3,29,-1,31,-3,35,-3,31,1,35,-2,35,1,35,-1,34,1,38,3,35,4,38,3,36,6,37,7,38,6,38,7,36,9,37,12,36,16,33,20,31,22,0,0,0,0,0,0,0,0,0,0,0,0,0,0,0,0,0,0,0,0,0,0,-34,-26,-32,-29,-31,-34,-32,-36,-30,-40,-28,-42,-29,-43,-25,-50,-22,-49,-24,-53,-27,-56,-24,-54,-24,-58,-23,-62,-23,-63,-19,-67,-22,-66,-19,-66,-20,-69,-19,-70,-20,-72,-15,-75,-14,-73,-11,-72,-13,-73,-16,-76,-13,-72,-13,-68,-10,-70,-13,-67,-14,-68,-13,-68,-16,-65,-18,-65,-14,-66,-19,-66,-21,-63,-21,-57,-23,-59,-30,-59,-28,-55,-33,-55,-35,-51,-37,-50,-42,-48,-45,-54,-47,-48,-50,-48,-49,-51,-53,-51,-54,-54,-56,-48,-56,-52,-61,-52,-63,-56,-63,-54,-58,-57,0,0]"
CSI_DATA,152,1a:00:00:00:00:00,-47,11,1,0,1,1,1,0,0,0,1,-96,0,11,2,2249548,0,44,0,384,0,"[0,0,0,0,0,0,0,0,0,0,0,0,4,-12,4,-12,3,-11,3,-10,3,-10,3,-10,2,-9,2,-8,2,-7,1,-7,1,-7,1,-6,0,-6,0,-5,0,-5,-1,-5,-1,-4,-1,-3,-1,-3,-2,-2,-2,-2,-2,-2,-2,-2,-3,-1,-3,-1,-3,-1,0,0,-3,0,-3,1,-4,1,-4,1,-5,2,-5,2,-5,3,-5,3,-5,2,-5,2,-6,3,-6,3,-6,3,-7,3,-7,3,-7,2,-7,2,-7,2,-7,2,-7,1,-7,1,-8,1,-8,1,-8,0,-8,-1,-7,-1,0,0,0,0,0,0,0,0,0,0,0,0,0,0,36,-66,32,-64,31,-64,32,-63,27,-60,23,-55,26,-54,21,-52,25,-48,19,-43,15,-42,17,-38,15,-36,11,-35,8,-34,9,-31,6,-25,3,-27,3,-20,-3,-21,-2,-21,-2,-19,-8,-13,-4,-12,-6,-9,-9,-8,-10,-4,-13,-2,-13,-3,-14,-2,-15,3,-16,5,-15,10,-18,6,-19,11,-19,13,-26,13,-22,16,-24,14,-24,14,-30,17,-31,13,-28,17,-31,17,-31,12,-33,17,-31,14,-35,13,-34,12,-37,16,-37,11,-40,10,-38,13,-40,5,-38,7,-34,0,-39,-3,0,0,0,0,0,0,0,0,0,0,0,0,0,0,0,0,0,0,0,0,0,0,33,19,33,26,37,30,33,30,37,38,30,37,32,39,30,39,31,43,31,47,33,50,33,50,32,52,31,52,29,54,32,59,27,56,27,63,30,61,25,65,28,65,29,65,24,67,27,64,26,67,27,63,26,65,24,65,29,64,27,64,27,62,30,59,27,58,31,58,32,57,30,53,34,54,35,47,36,49,37,45,40,42,46,44,43,39,49,37,50,34,50,37,56,33,57,30,59,29,61,31,60,29,65,27,65,27,69,30,70,30,70,27,79,33,0,0]"
CSI_DATA,153,1a:00:00:00:00:00,-47,11,1,0,1,1,1,0,0,0,1,-96,0,11,2,2280274,0,44,0,384,0,"[0,0,0,0,0,0,0,0,0,0,0,0,8,-9,8,-8,7,-8,7,-7,6,-7,6,-7,5,-7,4,-6,4,-6,4,-6,3,-6,3,-5,2,-4,1,-4,1,-4,1,-4,0,-4,0,-4,0,-3,-1,-3,-1,-2,-1,-2,-2,-2,-2,-2,-2,-1,-3,-1,0,0,-4,0,-4,0,-4,0,-4,0,-5,1,-4,1,-5,1,-5,1,-6,1,-6,1,-6,1,-6,1,-7,1,-6,1,-7,1,-7,1,-7,1,-7,0,-7,0,-7,0,-7,0,-8,0,-7,-1,-7,-1,-7,-2,-6,-2,0,0,0,0,0,0,0,0,0,0,0,0,0,0,58,-51,53,-50,53,-48,53,-47,51,-44,48,-45,44,-41,43,-40,41,-35,38,-33,34,-33,27,-28,29,-28,26,-28,20,-28,14,-27,15,-23,13,-22,10,-21,8,-21,3,-22,0,-19,1,-17,-3,-13,0,-14,-2,-14,-3,-10,-8,-10,-11,-6,-15,-6,-15,-3,-17,0,-18,1,-21,-1,-27,6,-24,2,-28,3,-28,2,-29,1,-30,6,-30,7,-33,7,-36,4,-33,6,-38,6,-36,2,-39,4,-36,0,-40,2,-41,-3,-40,-3,-40,-6,-39,-9,-38,-6,-39,-11,-39,-12,-36,-16,0,0,0,0,0,0,0,0,0,0,0,0,0,0,0,0,0,0,0,0,0,0,27,28,26,36,24,38,23,41,20,44,19,45,13,49,14,52,14,51,17,54,16,54,14,57,13,60,15,61,13,67,7,65,8,71,10,72,6,71,7,76,6,73,7,77,5,73,5,73,6,76,6,69,7,71,4,74,5,68,6,72,7,68,8,67,9,66,6,64,12,63,10,63,15,60,19,59,20,56,24,58,26,56,26,54,31,58,36,53,36,46,37,54,39,54,44,46,49,50,49,53,53,48,56,49,53,54,56,50,60,55,62,54,57,58,0,0]"
CSI_DATA,154,1a:00:00:00:00:00,-47,11,1,0,1,1,1,0,0,0,1,-96,0,11,2,2290118,0,44,0,384,0,"[0,0,0,0,0,0,0,0,0,0,0,0,-3,12,-2,11,-2,11,-2,10,-2,9,-2,9,-2,8,-2,8,-1,7,-1,6,-1,6,-1,5,0,5,0,4,0,4,0,3,1,3,1,2,1,2,1,1,1,1,1,0,1,1,2,0,2,-1,2,-1,0,0,2,-2,2,-2,3,-3,3,-3,3,-4,3,-4,3,-4,3,-4,4,-4,4,-5,4,-4,5,-5,5,-5,5,-5,5,-5,5,-4,6,-5,5,-4,5,-4,6,-4,6,-3,6,-3,7,-3,7,-2,6,-2,6,-1,0,0,0,0,0,0,0,0,0,0,0,0,0,0,-12,72,-13,64,-8,69,-8,66,-10,62,-11,61,-9,58,-12,55,-5,52,-7,48,-6,46,-6,42,-4,39,-3,35,-2,34,-1,31,0,28,1,23,4,23,3,22,8,17,4,17,7,12,6,8,11,8,9,5,14,0,6,2,11,-4,11,-4,15,-7,13,-13,16,-11,11,-17,16,-11,15,-16,19,-20,19,-23,18,-23,23,-20,22,-23,22,-22,30,-23,26,-24,28,-19,27,-21,28,-23,29,-22,30,-22,28,-22,33,-20,34,-18,35,-18,33,-17,37,-15,36,-9,38,-8,0,0,0,0,0,0,0,0,0,0,0,0,0,0,0,0,0,0,0,0,0,0,-42,-7,-42,-12,-44,-11,-45,-20,-42,-21,-45,-19,-45,-24,-46,-27,-49,-30,-48,-32,-47,-36,-48,-35,-48,-37,-51,-41,-51,-39,-51,-41,-50,-47,-51,-47,-52,-44,-49,-47,-50,-49,-57,-51,-48,-54,-48,-53,-47,-54,-50,-54,-50,-56,-49,-53,-46,-51,-50,-46,-48,-49,-49,-49,-50,-46,-48,-44,-48,-45,-52,-40,-51,-35,-48,-33,-52,-36,-53,-32,-53,-28,-54,-25,-60,-21,-60,-17,-58,-20,-61,-13,-63,-12,-66,-11,-70,-9,-68,-11,-70,-8,-74,-5,-81,-7,-76,-5,-78,-3,-82,-9,-81,-7,0,0]"
CSI_DATA,155,1a:00:00:00:00:00,-47,11,1,0,1,1,1,0,0,0,1,-96,0,11,2,2320681,0,44,0,384,0,"[0,0,0,0,0,0,0,0,0,0,0,0,-11,-6,-11,-5,-11,-5,-10,-5,-10,-4,-9,-4,-9,-4,-8,-3,-7,-3,-7,-3,-6,-2,-6,-2,-6,-2,-5,-1,-5,-1,-4,0,-4,0,-3,0,-4,0,-3,1,-3,1,-2,1,-2,1,-2,2,-1,2,0,2,0,0,1,3,1,3,1,3,2,3,1,3,2,4,2,4,2,4,3,5,3,5,3,5,2,5,3,5,3,5,3,6,3,6,2,6,2,6,2,6,2,7,2,7,1,6,1,7,1,6,0,7,-1,7,0,0,0,0,0,0,0,0,0,0,0,0,0,0,-68,-38,-65,-37,-66,-35,-61,-34,-62,-32,-58,-33,-53,-29,-50,-30,-47,-23,-47,-26,-42,-25,-37,-19,-37,-20,-35,-17,-35,-11,-28,-10,-31,-12,-26,-4,-26,-2,-20,1,-17,-1,-16,-1,-15,5,-10,6,-11,4,-11,6,-9,9,-3,11,-4,16,0,11,2,14,4,16,2,17,4,19,4,23,8,23,13,26,11,25,8,26,17,33,15,32,18,31,16,33,11,32,11,35,11,35,16,33,13,34,15,35,10,38,11,40,11,37,9,36,2,41,5,39,1,36,-1,40,0,0,0,0,0,0,0,0,0,0,0,0,0,0,0,0,0,0,0,0,0,0,19,-35,27,-37,28,-36,37,-33,37,-34,37,-31,39,-28,43,-30,47,-29,48,-33,48,-32,50,-32,54,-37,57,-34,59,-30,57,-27,61,-30,60,-29,64,-30,65,-25,64,-24,73,-26,64,-27,63,-25,69,-28,68,-31,67,-26,69,-26,63,-23,67,-28,63,-29,68,-29,62,-30,60,-34,60,-28,60,-33,53,-34,49,-32,48,-38,46,-45,44,-44,44,-43,41,-45,43,-50,35,-48,39,-50,35,-55,31,-58,38,-60,32,-61,26,-64,31,-68,35,-73,29,-69,35,-73,35,-76,34,-76,0,0]"
CSI_DATA,156,1a:00:00:00:00:00,-47,11,1,0,1,1,1,0,0,0,1,-96,0,11,2,2329537,0,44,0,384,0,"[0,0,0,0,0,0,0,0,0,0,0,0,11,-2,11,-2,10,-1,10,-2,9,-1,8,-2,8,-2,7,-2,7,-2,6,-2,5,-2,5,-2,4,-2,4,-2,4,-2,3,-2,2,-2,2,-3,2,-2,1,-2,1,-2,0,-2,0,-3,-1,-2,-1,-2,-2,-3,0,0,-3,-3,-3,-3,-3,-3,-4,-3,-4,-3,-4,-3,-5,-3,-5,-3,-6,-4,-5,-4,-6,-4,-5,-4,-6,-4,-6,-4,-6,-5,-6,-5,-6,-4,-6,-5,-6,-5,-5,-6,-5,-6,-5,-6,-5,-6,-4,-6,-4,-7,-3,-7,0,0,0,0,0,0,0,0,0,0,0,0,0,0,77,10,73,12,78,11,64,12,64,15,62,14,61,11,56,12,50,9,48,7,44,10,42,4,37,4,36,6,32,1,29,-2,30,-2,29,-4,23,-5,20,-2,18,-8,12,-7,10,-6,15,-6,8,-8,4,-11,5,-9,1,-14,-3,-13,-3,-9,-5,-15,-5,-14,-9,-15,-13,-19,-16,-18,-18,-22,-16,-24,-17,-24,-18,-27,-18,-26,-19,-27,-20,-28,-20,-30,-18,-31,-20,-32,-20,-30,-18,-32,-17,-36,-18,-31,-16,-33,-14,-36,-14,-37,-10,-41,-11,-35,-4,-37,-5,-40,-1,-38,0,0,0,0,0,0,0,0,0,0,0,0,0,0,0,0,0,0,0,0,0,0,1,38,-3,44,-6,44,-9,49,-14,48,-17,46,-19,44,-19,48,-24,51,-21,52,-23,51,-28,47,-28,58,-29,56,-34,54,-36,54,-37,58,-36,56,-40,63,-47,55,-44,53,-47,56,-41,54,-48,56,-48,51,-48,55,-48,53,-52,59,-48,50,-45,55,-42,53,-46,55,-44,53,-40,49,-43,51,-38,54,-35,51,-30,54,-30,54,-26,55,-26,61,-19,53,-20,60,-14,62,-14,59,-10,66,-15,66,-11,63,-5,70,-6,69,-3,72,2,73,-3,81,-4,75,0,81,-7,84,-10,77,0,0]"
CSI_DATA,157,1a:00:00:00:00:00,-47,11,1,0,1,1,1,0,0,0,1,-96,0,11,2,2360687,0,44,0,384,0,"[0,0,0,0,0,0,0,0,0,0,0,0,-1,12,-1,11,0,10,-1,10,-1,9,-1,8,0,8,-1,8,0,7,0,6,0,6,0,5,0,4,1,4,1,4,1,3,1,3,1,2,1,2,1,1,1,1,1,0,1,0,2,-1,2,-1,2,-1,0,0,2,-2,2,-3,2,-3,2,-3,3,-4,3,-4,3,-4,3,-4,3,-4,3,-4,4,-5,4,-5,4,-5,5,-5,4,-5,4,-5,5,-5,5,-5,5,-5,5,-4,6,-4,6,-4,6,-3,6,-3,6,-2,6,-1,0,0,0,0,0,0,0,0,0,0,0,0,0,0,10,77,6,74,2,70,8,62,11,66,6,62,5,56,6,54,7,51,6,48,8,48,6,40,9,39,7,32,5,35,9,28,10,23,8,26,13,22,6,19,10,16,15,12,9,8,10,8,12,4,10,0,11,-5,11,-3,10,-6,9,-10,10,-9,8,-16,11,-15,10,-17,13,-23,10,-21,10,-22,9,-24,12,-28,9,-26,10,-30,16,-28,14,-32,15,-33,12,-33,17,-32,18,-35,18,-36,19,-33,14,-32,22,-37,24,-34,22,-30,23,-32,29,-27,29,-27,33,-18,0,0,0,0,0,0,0,0,0,0,0,0,0,0,0,0,0,0,0,0,0,0,-40,-4,-41,-8,-44,-11,-46,-14,-47,-16,-49,-22,-48,-19,-51,-27,-50,-28,-49,-29,-50,-30,-51,-33,-54,-29,-56,-36,-54,-36,-55,-40,-55,-38,-56,-40,-56,-40,-57,-46,-60,-44,-58,-44,-58,-50,-54,-46,-57,-46,-57,-45,-55,-47,-56,-50,-56,-43,-58,-46,-60,-41,-57,-38,-55,-41,-52,-36,-57,-34,-56,-33,-56,-29,-58,-27,-58,-26,-58,-21,-55,-20,-59,-15,-60,-8,-62,-6,-65,-8,-60,-4,-67,-2,-71,5,-70,6,-71,4,-70,10,-71,10,-77,11,-75,11,-81,12,-82,15,-79,12,0,0]"
CSI_DATA,158,1a:00:00:00:00:00,-47,11,1,0,1,1,1,0,0,0,1,-96,0,11,2,2369908,0,44,0,384,0,"[0,0,0,0,0,0,0,0,0,0,0,0,-13,1,-12,1,-12,0,-11,0,-11,0,-10,1,-9,1,-9,1,-8,1,-7,1,-7,1,-6,1,-6,1,-6,1,-5,2,-4,2,-3,1,-3,2,-3,2,-2,2,-2,2,-1,2,-1,2,0,2,0,2,1,2,0,0,2,2,2,2,3,2,3,2,3,2,3,2,4,2,4,3,5,3,5,3,5,3,5,3,5,3,5,3,5,4,5,4,5,4,5,4,5,4,5,5,5,5,4,5,4,5,4,6,3,6,2,6,0,0,0,0,0,0,0,0,0,0,0,0,0,0,-83,11,-75,3,-68,10,-69,6,-66,7,-66,5,-61,3,-60,7,-55,1,-48,3,-47,2,-42,9,-42,7,-36,8,-34,5,-33,7,-27,12,-23,11,-23,9,-20,11,-18,9,-15,11,-8,9,-11,8,-6,10,-5,14,-1,13,3,10,6,9,7,10,8,7,11,11,16,10,18,9,18,13,17,14,21,11,19,19,24,14,27,15,29,16,26,19,29,21,29,20,30,16,31,22,28,26,28,23,29,24,30,26,28,25,26,29,27,30,25,32,19,33,15,35,18,35,0,0,0,0,0,0,0,0,0,0,0,0,0,0,0,0,0,0,0,0,0,0,-5,-43,-2,-46,4,-45,8,-51,10,-46,10,-48,13,-49,12,-51,17,-50,18,-52,20,-55,26,-57,23,-57,24,-62,26,-61,29,-58,30,-62,31,-60,31,-62,35,-61,36,-65,39,-65,37,-61,38,-57,42,-62,41,-64,40,-62,40,-62,38,-58,36,-63,33,-62,34,-59,33,-59,29,-59,28,-61,29,-61,25,-60,21,-55,18,-60,15,-59,13,-60,6,-62,10,-61,2,-62,4,-64,1,-65,-4,-68,-8,-64,-11,-69,-8,-73,-11,-67,-14,-74,-16,-79,-11,-73,-15,-81,-17,-81,-15,-82,0,0]"
CSI_DATA,159,1a:00:00:00:00:00,-48,11,1,0,1,1,1,0,0,0,1,-96,0,11,2,2383287,0,44,0,384,0,"[0,0,0,0,0,0,0,0,0,0,0,0,-7,-10,-7,-10,-6,-9,-6,-9,-6,-9,-5,-8,-5,-7,-5,-7,-5,-6,-5,-6,-4,-5,-4,-5,-4,-4,-4,-4,-4,-3,-4,-3,-3,-2,-3,-2,-3,-2,-3,-1,-3,-1,-2,0,-2,0,-2,1,-2,1,-2,2,0,0,-1,2,-2,2,-2,3,-1,3,-2,4,-2,4,-2,4,-2,5,-2,5,-2,5,-2,5,-2,5,-3,5,-2,5,-3,6,-3,6,-3,6,-3,6,-3,6,-4,5,-4,6,-5,5,-5,5,-5,4,-5,5,-6,4,0,0,0,0,0,0,0,0,0,0,0,0,0,0,-22,-73,-19,-70,-25,-71,-18,-66,-18,-68,-18,-61,-20,-54,-17,-56,-14,-48,-11,-51,-16,-43,-16,-42,-16,-41,-12,-36,-14,-33,-15,-32,-15,-30,-14,-23,-14,-20,-14,-15,-15,-14,-10,-15,-15,-7,-12,-6,-13,-4,-14,0,-15,3,-12,2,-10,5,-9,8,-9,6,-11,17,-10,14,-8,18,-13,18,-10,24,-15,24,-11,25,-12,26,-18,28,-14,26,-17,30,-19,28,-18,32,-19,31,-18,30,-22,33,-22,31,-19,30,-26,32,-27,32,-26,24,-31,28,-30,25,-33,24,-32,25,-33,18,0,0,0,0,0,0,0,0,0,0,0,0,0,0,0,0,0,0,0,0,0,0,33,-23,42,-17,40,-17,46,-16,47,-11,48,-8,44,-10,52,-4,53,-3,55,-4,56,0,59,-3,62,-2,64,-1,70,-1,64,8,68,7,65,9,73,11,71,14,69,14,74,18,69,15,70,17,71,16,72,13,73,20,71,17,64,14,71,18,68,15,67,14,64,14,65,10,68,9,63,8,60,4,61,3,64,0,62,-5,65,-5,55,-12,62,-13,58,-15,61,-14,51,-24,61,-22,62,-24,68,-26,63,-29,65,-31,69,-35,70,-34,65,-36,70,-34,73,-34,68,-34,0,0]"
CSI_DATA,160,1a:00:00:00:00:00,-47,11,1,0,1,1,1,0,0,0,1,-96,0,11,2,2389467,0,44,0,384,0,"[0,0,0,0,0,0,0,0,0,0,0,0,-8,-9,-8,-9,-8,-9,-7,-9,-7,-8,-6,-7,-6,-7,-6,-6,-6,-6,-5,-5,-5,-5,-5,-4,-5,-4,-4,-4,-4,-3,-4,-3,-4,-2,-3,-2,-4,-1,-3,-1,-3,0,-3,0,-2,0,-3,1,-2,1,-1,2,0,0,-1,2,-1,3,-1,3,-1,3,-1,4,-1,4,-1,5,-1,5,-1,5,-1,5,-1,6,-2,6,-2,6,-2,6,-2,6,-2,6,-2,6,-2,6,-2,6,-3,6,-3,6,-4,6,-4,5,-5,5,-5,5,-5,4,0,0,0,0,0,0,0,0,0,0,0,0,0,0,-50,-55,-55,-58,-46,-52,-48,-50,-43,-51,-39,-49,-42,-47,-37,-42,-34,-41,-35,-38,-28,-39,-30,-31,-31,-29,-26,-29,-26,-21,-22,-20,-21,-20,-24,-17,-19,-15,-20,-9,-21,-10,-17,-7,-15,-4,-10,0,-11,3,-11,2,-10,5,-8,10,-6,13,-6,10,-5,14,-3,17,-3,19,-4,21,-3,25,-2,23,-1,29,-3,26,0,27,-4,31,-5,33,-2,35,-4,37,0,39,-5,33,-3,35,-7,39,-6,38,-10,35,-9,36,-14,36,-15,37,-15,35,-16,39,-23,36,-22,28,-23,32,0,0,0,0,0,0,0,0,0,0,0,0,0,0,0,0,0,0,0,0,0,0,24,-32,27,-30,32,-35,35,-27,38,-30,38,-25,39,-29,46,-27,48,-27,50,-25,52,-27,55,-25,56,-30,58,-26,60,-24,65,-22,63,-23,64,-22,67,-19,67,-20,71,-21,73,-17,75,-17,74,-16,71,-14,69,-18,70,-12,72,-16,68,-14,68,-11,68,-15,66,-13,67,-18,63,-18,63,-15,58,-22,63,-18,55,-22,57,-25,55,-27,53,-30,52,-31,52,-33,51,-34,48,-40,43,-44,48,-44,50,-50,48,-51,50,-50,48,-52,53,-57,49,-58,52,-59,52,-65,53,-59,57,-59,0,0]"
CSI_DATA,161,1a:00:00:00:00:00,-47,11,1,0,1,1,1,0,0,0,1,-96,0,11,2,2401882,0,44,0,384,0,"[0,0,0,0,0,0,0,0,0,0,0,0,9,-8,8,-8,7,-7,7,-7,7,-6,6,-6,5,-6,5,-6,4,-6,4,-5,3,-5,3,-5,2,-4,2,-4,2,-4,1,-4,1,-4,1,-3,0,-3,0,-3,0,-3,-1,-2,-1,-2,-2,-2,-2,-2,-2,-2,0,0,-4,-1,-3,-1,-4,-1,-4,-1,-5,-1,-5,-1,-5,-1,-6,0,-6,-1,-6,-1,-6,-1,-7,-1,-7,-1,-7,-1,-7,-1,-7,-1,-7,-2,-7,-2,-7,-2,-7,-2,-7,-3,-7,-3,-7,-3,-6,-4,-6,-4,-6,-5,0,0,0,0,0,0,0,0,0,0,0,0,0,0,55,-51,58,-49,53,-48,50,-49,48,-38,47,-41,47,-41,42,-39,41,-37,38,-34,35,-30,29,-30,30,-27,27,-24,21,-26,21,-25,20,-24,15,-23,15,-24,10,-16,7,-15,7,-14,2,-18,0,-15,0,-11,-3,-13,-1,-13,-8,-10,-10,-9,-12,-4,-15,-4,-15,-9,-15,1,-21,-4,-24,-3,-24,-1,-27,-3,-30,-4,-29,0,-33,-2,-32,-4,-35,-6,-36,-5,-34,-5,-38,-6,-37,-6,-37,-9,-36,-10,-36,-9,-36,-12,-40,-14,-36,-14,-36,-18,-35,-20,-33,-21,-32,-25,-29,-23,0,0,0,0,0,0,0,0,0,0,0,0,0,0,0,0,0,0,0,0,0,0,34,20,35,26,35,29,33,32,30,33,31,40,30,39,30,44,30,47,28,43,26,48,30,51,29,55,28,58,27,59,26,59,26,66,24,61,23,66,20,70,19,67,17,69,16,66,18,70,17,67,18,72,16,70,14,70,17,68,16,73,16,65,15,65,16,65,16,63,20,62,19,60,23,55,25,53,24,55,31,56,33,56,30,48,35,54,38,50,40,50,37,49,46,47,49,48,52,47,56,44,50,47,59,44,54,50,55,48,62,54,57,57,59,56,0,0]"
CSI_DATA,162,1a:00:00:00:00:00,-47,11,1,0,1,1,1,0,0,0,1,-96,0,11,2,2409656,0,44,0,384,0,"[0,0,0,0,0,0,0,0,0,0,0,0,8,-9,8,-9,7,-8,7,-7,7,-7,6,-7,6,-7,5,-7,5,-6,4,-5,3,-6,3,-5,2,-5,2,-5,1,-4,1,-4,0,-4,0,-4,0,-3,-1,-3,-1,-3,-2,-3,-2,-2,-2,-1,-2,-1,-3,-2,0,0,-4,-1,-4,0,-4,0,-5,0,-5,1,-5,0,-6,1,-6,1,-6,1,-7,1,-7,1,-7,1,-7,1,-7,1,-7,0,-7,1,-8,1,-7,0,-8,0,-8,0,-8,0,-8,-1,-8,-1,-8,-2,-7,-2,-7,-3,0,0,0,0,0,0,0,0,0,0,0,0,0,0,56,-50,51,-49,55,-44,52,-42,48,-46,46,-45,42,-44,41,-39,38,-38,34,-34,35,-35,30,-30,28,-27,21,-29,25,-25,18,-27,16,-23,12,-24,8,-23,2,-21,6,-19,5,-18,0,-15,-1,-13,-4,-12,-8,-11,-10,-10,-8,-10,-12,-7,-11,-7,-18,-5,-20,-2,-21,-1,-23,2,-28,2,-26,-1,-25,3,-28,2,-31,0,-32,6,-33,1,-38,1,-34,2,-35,3,-34,5,-40,2,-39,3,-38,0,-39,-1,-39,0,-43,-3,-38,-4,-40,-3,-37,-12,-38,-10,-38,-12,-35,-12,0,0,0,0,0,0,0,0,0,0,0,0,0,0,0,0,0,0,0,0,0,0,26,30,25,36,23,37,21,39,19,43,14,50,15,50,14,46,11,52,15,55,10,56,8,58,9,59,8,63,7,65,9,65,6,68,7,67,8,68,6,65,3,69,3,72,1,71,2,70,-2,72,2,73,0,69,-2,71,3,69,2,71,2,67,6,71,7,68,5,64,9,64,11,62,14,63,18,60,20,58,21,57,22,58,28,54,27,52,32,53,38,51,39,48,39,48,45,50,46,49,48,50,52,55,56,55,55,54,54,45,58,54,58,51,56,55,0,0]"
CSI_DATA,163,1a:00:00:00:00:00,-47,11,1,0,1,1,1,0,0,0,1,-96,0,11,2,2419755,0,44,0,384,0,"[0,0,0,0,0,0,0,0,0,0,0,0,-11,-6,-11,-6,-10,-5,-10,-5,-9,-5,-9,-4,-8,-4,-7,-3,-7,-3,-7,-3,-6,-2,-6,-2,-6,-2,-5,-2,-5,-1,-4,-1,-4,-1,-3,0,-3,0,-3,0,-3,0,-2,1,-2,1,-2,1,-1,2,0,2,0,0,0,3,0,2,1,3,1,3,1,3,1,4,1,4,1,4,1,5,2,5,1,5,1,5,1,5,1,5,1,6,1,6,1,6,1,6,0,7,0,7,0,7,-1,6,-1,6,-1,6,-2,6,-2,6,0,0,0,0,0,0,0,0,0,0,0,0,0,0,-67,-43,-65,-48,-59,-41,-62,-37,-52,-37,-48,-37,-49,-36,-48,-33,-48,-30,-39,-26,-34,-25,-36,-20,-35,-28,-34,-19,-30,-15,-30,-14,-24,-12,-24,-9,-27,-7,-20,-5,-19,-7,-17,-2,-14,-4,-16,3,-14,4,-10,6,-10,7,-7,11,-8,5,-6,12,-4,13,0,16,1,21,5,20,2,20,1,25,3,27,0,26,10,26,7,29,6,30,7,30,3,34,4,36,4,37,3,37,1,37,0,39,0,36,-2,38,-1,38,-3,39,-7,41,-9,34,-13,33,-16,34,-16,33,0,0,0,0,0,0,0,0,0,0,0,0,0,0,0,0,0,0,0,0,0,0,15,-40,16,-39,22,-41,25,-40,29,-41,32,-39,33,-36,34,-36,37,-39,40,-36,44,-39,50,-39,46,-37,50,-39,51,-40,56,-35,59,-36,60,-34,56,-39,58,-34,63,-39,62,-38,64,-36,62,-35,68,-34,62,-33,65,-34,67,-33,65,-28,64,-32,62,-35,55,-32,59,-32,56,-34,53,-32,53,-34,49,-35,50,-36,47,-42,46,-40,43,-44,42,-45,38,-47,37,-53,37,-50,30,-53,31,-56,35,-58,34,-64,35,-67,32,-66,33,-69,38,-71,32,-70,36,-72,36,-77,38,-75,0,0]"
CSI_DATA,164,1a:00:00:00:00:00,-47,11,1,0,1,1,1,0,0,0,1,-96,0,11,2,2430173,0,44,0,384,0,"[0,0,0,0,0,0,0,0,0,0,0,0,5,-12,5,-11,4,-10,4,-10,4,-9,4,-9,3,-8,3,-8,2,-8,2,-7,2,-7,1,-6,0,-6,0,-5,0,-5,0,-4,-1,-4,-1,-3,-2,-3,-1,-2,-2,-2,-2,-2,-2,-2,-2,-1,-3,-1,-3,-1,0,0,-4,0,-4,1,-4,1,-4,1,-4,2,-5,2,-5,2,-5,2,-6,2,-6,2,-6,2,-6,2,-6,2,-7,2,-7,2,-7,2,-7,2,-7,2,-7,2,-7,1,-7,1,-8,1,-8,0,-7,0,-8,-1,-8,-1,0,0,0,0,0,0,0,0,0,0,0,0,0,0,39,-66,38,-66,39,-58,38,-57,37,-58,35,-53,35,-52,31,-47,27,-47,23,-46,20,-39,18,-43,17,-36,17,-38,13,-33,13,-28,7,-29,6,-27,2,-22,5,-22,-3,-20,-2,-15,-2,-16,-3,-14,-3,-10,-10,-8,-9,-7,-12,-4,-13,-3,-16,-1,-14,1,-17,5,-16,4,-20,9,-19,7,-19,13,-27,11,-27,11,-30,11,-27,14,-28,13,-29,10,-32,15,-32,15,-36,13,-38,14,-36,13,-36,11,-37,12,-37,13,-39,9,-40,11,-38,7,-42,1,-40,2,-39,0,-38,-6,0,0,0,0,0,0,0,0,0,0,0,0,0,0,0,0,0,0,0,0,0,0,36,25,30,29,27,31,32,38,29,37,28,41,29,41,29,46,26,45,26,51,27,50,27,55,27,54,24,60,26,56,28,62,26,61,25,65,24,64,21,66,21,67,20,72,23,70,21,65,18,70,22,70,25,69,20,65,23,67,25,66,22,63,21,63,35,62,28,62,25,61,30,55,27,56,30,53,30,50,38,51,39,49,40,45,42,39,48,38,42,37,50,41,54,39,54,34,59,38,61,35,62,32,69,33,70,33,70,35,74,38,71,36,72,41,0,0]"
CSI_DATA,165,1a:00:00:00:00:00,-47,11,1,0,1,1,1,0,0,0,1,-96,0,11,2,2439516,0,44,0,384,0,"[0,0,0,0,0,0,0,0,0,0,0,0,-2,-12,-2,-12,-2,-11,-2,-11,-2,-10,-2,-10,-2,-9,-2,-8,-2,-8,-2,-7,-2,-7,-2,-6,-3,-6,-2,-5,-3,-5,-2,-4,-3,-4,-2,-3,-3,-3,-3,-2,-3,-2,-3,-1,-2,-1,-3,-1,-3,1,-2,1,0,0,-3,2,-3,2,-3,2,-3,3,-3,3,-4,4,-4,4,-4,4,-4,4,-4,4,-4,4,-5,5,-5,4,-5,5,-5,4,-5,5,-6,4,-6,4,-6,5,-6,4,-6,4,-6,4,-7,3,-7,3,-7,2,-7,1,0,0,0,0,0,0,0,0,0,0,0,0,0,0,0,-77,0,-74,5,-65,4,-70,2,-68,6,-67,3,-63,2,-58,1,-53,3,-51,0,-46,2,-44,-1,-46,0,-40,-2,-33,-2,-30,-3,-27,-4,-28,-7,-23,-7,-20,-12,-18,-6,-18,-9,-12,-10,-8,-9,-12,-13,-5,-13,-4,-11,0,-13,1,-13,5,-17,3,-16,7,-13,11,-17,15,-15,19,-18,17,-19,18,-20,21,-17,21,-20,26,-23,21,-22,24,-23,26,-24,28,-27,24,-26,24,-31,24,-29,25,-33,25,-28,23,-32,22,-33,18,-35,20,-37,14,-40,17,-41,12,-41,11,0,0,0,0,0,0,0,0,0,0,0,0,0,0,0,0,0,0,0,0,0,0,42,0,45,5,43,7,44,10,46,14,45,16,47,19,49,22,48,21,47,21,51,25,53,26,53,27,51,34,54,36,54,34,57,38,56,38,54,39,54,43,58,41,57,46,55,44,57,46,54,43,55,50,54,47,57,45,51,46,54,44,54,41,55,39,53,40,53,36,54,34,52,37,53,30,53,25,55,26,59,24,59,22,57,15,56,14,63,11,61,7,62,11,66,9,68,0,69,-1,68,1,68,-2,77,-6,79,-2,76,-3,78,-6,84,-4,78,-3,0,0]"
CSI_DATA,166,1a:00:00:00:00:00,-47,11,1,0,1,1,1,0,0,0,1,-96,0,11,2,2450396,0,44,0,384,0,"[0,0,0,0,0,0,0,0,0,0,0,0,-3,12,-3,10,-2,10,-2,10,-2,9,-2,9,-2,8,-2,7,-1,7,-1,6,-1,5,-1,5,0,4,0,4,0,3,1,3,1,3,1,2,2,1,1,1,1,0,1,1,2,0,2,-1,2,-1,2,-1,0,0,2,-2,2,-3,2,-3,2,-3,3,-4,2,-3,3,-4,3,-4,3,-4,4,-4,3,-5,4,-5,4,-5,4,-5,4,-5,5,-5,5,-5,5,-5,5,-5,5,-5,5,-4,6,-4,6,-4,6,-3,6,-3,6,-2,0,0,0,0,0,0,0,0,0,0,0,0,0,0,-12,74,-14,75,-10,72,-10,71,-9,66,-15,62,-8,60,-11,56,-10,51,-10,45,-7,45,-4,44,-4,42,-4,37,-2,36,0,30,0,27,5,25,4,24,5,21,10,17,5,14,5,11,7,13,6,5,14,5,11,6,17,1,15,5,13,-5,11,-5,13,-9,16,-12,14,-12,13,-12,16,-19,18,-17,21,-21,21,-24,17,-23,22,-27,22,-27,23,-25,21,-29,25,-27,27,-28,28,-23,26,-27,27,-28,32,-27,29,-23,33,-24,35,-22,33,-20,34,-17,32,-13,37,-13,0,0,0,0,0,0,0,0,0,0,0,0,0,0,0,0,0,0,0,0,0,0,-38,-12,-39,-12,-41,-20,-41,-20,-43,-27,-43,-24,-39,-27,-45,-31,-44,-35,-45,-36,-46,-40,-46,-39,-48,-40,-47,-43,-48,-43,-48,-49,-47,-47,-45,-50,-46,-48,-46,-49,-45,-55,-50,-53,-48,-57,-47,-57,-46,-56,-49,-59,-48,-57,-49,-54,-43,-57,-47,-52,-46,-57,-45,-48,-45,-50,-52,-49,-53,-46,-47,-43,-52,-41,-50,-38,-52,-33,-52,-33,-52,-30,-55,-23,-59,-24,-57,-22,-61,-17,-65,-16,-65,-12,-67,-13,-68,-12,-69,-8,-70,-5,-77,-3,-73,-8,-75,-8,-78,-8,-83,-8,-77,-8,0,0]"
CSI_DATA,167,1a:00:00:00:00:00,-47,11,1,0,1,1,1,0,0,0,1,-96,0,11,2,2462120,0,44,0,384,0,"[0,0,0,0,0,0,0,0,0,0,0,0,8,7,8,6,8,7,7,6,7,6,6,5,6,4,5,4,5,4,5,3,4,3,4,2,4,2,4,2,3,1,3,1,3,0,2,0,2,0,2,-1,2,-1,1,-1,1,-2,1,-2,1,-2,0,-3,0,0,0,-4,0,-4,-1,-4,-1,-5,-1,-5,-1,-5,-1,-5,-1,-5,-1,-6,-1,-6,-1,-6,-1,-6,-1,-7,-1,-6,-1,-7,-1,-7,-1,-7,-1,-7,0,-7,0,-7,0,-7,1,-7,1,-7,2,-7,2,-7,2,-6,0,0,0,0,0,0,0,0,0,0,0,0,0,0,61,47,59,45,59,49,52,46,49,43,43,41,42,40,43,38,39,31,37,33,35,28,31,27,35,22,28,26,31,19,26,15,29,16,23,14,23,8,19,6,22,3,14,0,16,-1,12,-2,11,-8,8,-3,5,-7,6,-12,7,-13,2,-11,2,-17,2,-16,-1,-18,1,-23,-2,-24,-1,-25,0,-30,-3,-33,-5,-31,-4,-32,-1,-36,-2,-35,-2,-34,-1,-35,-3,-35,-4,-36,-2,-40,-2,-39,0,-40,4,-37,4,-37,7,-38,7,-37,10,-40,14,-36,15,-31,18,-36,0,0,0,0,0,0,0,0,0,0,0,0,0,0,0,0,0,0,0,0,0,0,-25,32,-26,33,-29,31,-32,32,-36,29,-37,31,-42,29,-41,31,-43,31,-48,30,-49,27,-54,29,-55,29,-57,27,-60,31,-58,22,-60,29,-62,21,-66,28,-67,22,-69,23,-70,24,-69,23,-70,21,-72,19,-69,20,-72,22,-70,18,-65,22,-67,17,-67,20,-65,19,-65,21,-64,23,-63,23,-60,26,-55,30,-54,28,-55,29,-54,32,-54,36,-51,40,-51,38,-44,42,-47,43,-44,41,-42,49,-41,52,-39,56,-38,57,-43,58,-42,63,-43,65,-41,64,-44,66,-48,62,-43,67,0,0]"
CSI_DATA,168,1a:00:00:00:00:00,-47,11,1,0,1,1,1,0,0,0,1,-96,0,11,2,2489496,0,44,0,384,0,"[0,0,0,0,0,0,0,0,0,0,0,0,-12,2,-11,2,-11,2,-10,1,-11,1,-9,1,-9,1,-8,2,-7,1,-7,1,-6,1,-6,1,-5,1,-5,1,-4,1,-4,2,-3,2,-3,2,-2,2,-2,2,-1,2,-1,2,0,2,0,1,0,1,1,2,0,0,2,2,2,1,2,1,3,2,3,2,4,2,4,2,4,2,4,3,5,3,5,3,4,3,5,3,5,3,5,3,5,4,5,3,5,4,5,4,4,4,5,5,4,5,4,5,3,5,3,6,2,6,0,0,0,0,0,0,0,0,0,0,0,0,0,0,-74,16,-79,13,-73,10,-70,12,-64,14,-61,10,-61,8,-60,7,-54,8,-52,9,-47,9,-38,5,-44,10,-36,7,-32,10,-28,15,-27,13,-20,8,-21,12,-16,10,-15,12,-10,11,-10,9,-7,14,-6,11,-3,14,-2,12,4,12,4,13,7,7,10,9,10,10,15,9,16,11,20,13,18,12,23,14,22,16,25,11,28,15,29,16,28,17,26,19,28,17,31,18,28,17,32,18,32,21,31,25,28,23,30,26,30,26,28,25,28,28,26,31,18,34,21,33,0,0,0,0,0,0,0,0,0,0,0,0,0,0,0,0,0,0,0,0,0,0,-9,-40,-6,-41,-4,-47,-1,-47,2,-46,6,-47,8,-48,10,-52,12,-51,15,-56,18,-58,15,-61,15,-59,20,-58,20,-62,20,-65,23,-62,24,-63,26,-67,28,-66,29,-67,31,-68,30,-67,30,-65,32,-63,31,-64,32,-63,30,-60,33,-67,30,-61,27,-67,29,-63,27,-61,26,-59,23,-59,19,-60,17,-63,13,-60,13,-60,8,-62,6,-58,0,-59,-2,-64,-5,-67,-9,-62,-5,-68,-5,-68,-12,-63,-11,-67,-14,-70,-18,-69,-23,-76,-23,-68,-24,-79,-26,-77,-22,-76,-21,-82,0,0]"
CSI_DATA,169,1a:00:00:00:00:00,-47,11,1,0,1,1,1,0,0,0,1,-96,0,11,2,2500567,0,44,0,384,0,"[0,0,0,0,0,0,0,0,0,0,0,0,11,1,10,1,10,1,9,1,9,1,8,0,7,0,7,0,7,0,6,0,5,0,5,-1,5,-1,4,-1,4,-1,3,-1,3,-1,2,-2,2,-2,1,-2,1,-2,1,-2,0,-3,0,-3,0,-3,-1,-3,0,0,-2,-3,-2,-3,-2,-4,-3,-4,-3,-4,-3,-4,-3,-4,-4,-5,-4,-5,-4,-5,-4,-5,-4,-5,-4,-5,-4,-6,-4,-6,-4,-6,-4,-6,-4,-6,-3,-7,-3,-7,-3,-7,-3,-7,-2,-7,-2,-7,-1,-7,-1,-7,0,0,0,0,0,0,0,0,0,0,0,0,0,0,77,7,73,10,74,8,69,14,64,9,59,11,56,10,55,7,53,9,49,8,45,6,39,3,37,1,35,-1,33,-2,28,-6,26,-5,25,-4,24,-6,22,-8,20,-7,17,-8,13,-11,9,-9,9,-9,3,-11,4,-15,0,-13,0,-13,-2,-12,-9,-11,-12,-15,-8,-16,-13,-16,-14,-20,-18,-18,-17,-22,-21,-23,-19,-22,-18,-23,-20,-27,-19,-28,-22,-25,-20,-30,-23,-30,-22,-29,-23,-31,-22,-32,-22,-31,-21,-33,-20,-39,-19,-35,-13,-35,-13,-36,-13,-33,-12,-38,-5,-35,0,0,0,0,0,0,0,0,0,0,0,0,0,0,0,0,0,0,0,0,0,0,-1,40,-7,41,-7,45,-9,46,-16,43,-18,43,-23,46,-23,49,-24,48,-25,47,-25,52,-28,50,-32,57,-33,56,-37,55,-36,52,-39,55,-41,53,-40,54,-44,54,-44,59,-44,55,-46,57,-50,58,-47,56,-47,55,-46,53,-48,54,-48,50,-43,50,-45,47,-42,48,-44,53,-42,56,-40,55,-39,55,-34,51,-31,48,-31,56,-24,59,-21,57,-20,53,-21,62,-16,61,-15,59,-8,64,-7,62,-7,66,-8,67,-4,69,0,76,3,70,-3,76,-3,75,0,78,0,81,0,78,0,0]"
CSI_DATA,170,1a:00:00:00:00:00,-48,11,1,0,1,1,1,0,0,0,1,-96,0,11,2,2519741,0,44,0,384,0,"[0,0,0,0,0,0,0,0,0,0,0,0,-2,12,-1,11,-1,10,-1,10,-1,9,-1,9,-1,8,-1,7,-1,7,0,6,0,6,0,5,0,5,0,4,1,4,1,4,1,3,1,3,1,2,1,1,1,1,2,0,2,0,2,0,2,-1,2,-1,0,0,2,-2,3,-2,3,-3,2,-3,3,-3,3,-4,4,-4,4,-4,4,-4,4,-4,5,-4,5,-4,5,-4,5,-4,5,-4,6,-4,6,-4,6,-3,6,-4,6,-3,6,-3,6,-3,6,-2,7,-1,7,-1,6,0,0,0,0,0,0,0,0,0,0,0,0,0,0,0,-18,78,-17,67,-18,70,-19,66,-16,66,-17,61,-17,57,-16,57,-14,47,-10,51,-9,45,-11,43,-9,40,-6,36,-7,35,-3,30,-4,29,-3,27,-1,24,6,22,5,18,5,18,4,12,7,16,6,8,6,7,11,3,9,5,12,2,17,-3,13,-6,18,-5,16,-6,18,-12,22,-12,18,-12,21,-18,22,-11,23,-14,27,-15,26,-14,27,-13,28,-20,31,-20,33,-14,37,-14,36,-17,36,-17,35,-13,32,-13,33,-11,39,-10,37,-7,38,-6,39,-6,38,-1,36,3,0,0,0,0,0,0,0,0,0,0,0,0,0,0,0,0,0,0,0,0,0,0,-42,-3,-42,-6,-45,-6,-48,-13,-45,-16,-46,-18,-45,-15,-49,-22,-49,-22,-48,-26,-52,-31,-49,-31,-52,-36,-55,-33,-54,-35,-56,-39,-55,-41,-51,-40,-56,-44,-56,-44,-55,-47,-59,-48,-54,-47,-51,-52,-55,-47,-51,-47,-53,-49,-52,-50,-51,-48,-52,-49,-50,-43,-50,-45,-51,-45,-49,-44,-52,-44,-54,-40,-54,-35,-50,-35,-52,-32,-51,-29,-56,-29,-57,-27,-60,-20,-63,-18,-59,-13,-57,-13,-64,-16,-69,-13,-67,-12,-70,-8,-70,-8,-73,-6,-80,-8,-76,-6,-82,-8,-82,-11,-81,-13,0,0]"
CSI_DATA,171,1a:00:00:00:00:00,-47,11,1,0,1,1,1,0,0,0,1,-96,0,11,2,2530118,0,44,0,384,0,"[0,0,0,0,0,0,0,0,0,0,0,0,-5,10,-5,10,-4,9,-4,9,-4,8,-4,7,-4,7,-3,7,-3,6,-2,6,-2,5,-2,5,-1,4,-1,4,-1,4,-1,3,0,3,0,3,1,2,0,2,0,1,1,1,1,1,1,0,2,0,2,0,0,0,2,-1,3,-1,3,-2,3,-2,4,-2,4,-2,4,-2,4,-2,5,-2,5,-2,5,-2,5,-2,6,-2,6,-2,6,-2,6,-2,6,-2,6,-1,6,-1,6,-1,6,-1,6,0,6,0,6,0,6,1,6,2,0,0,0,0,0,0,0,0,0,0,0,0,0,0,-46,66,-39,59,-42,60,-41,57,-35,53,-37,53,-34,45,-32,45,-30,41,-32,44,-28,38,-22,37,-20,36,-16,31,-15,34,-12,28,-10,26,-7,23,-5,24,-2,18,-5,18,-2,18,0,15,2,16,2,12,8,12,10,8,10,7,10,1,15,0,18,4,14,-2,16,-2,22,-2,23,-3,26,-7,22,-5,27,-8,29,-8,30,-9,31,-7,33,-9,34,-9,34,-6,39,-6,34,-8,39,-5,34,-6,36,-5,35,-6,39,-2,38,0,40,4,36,5,36,5,39,11,33,14,0,0,0,0,0,0,0,0,0,0,0,0,0,0,0,0,0,0,0,0,0,0,-35,-15,-38,-22,-34,-26,-38,-30,-36,-31,-41,-34,-34,-37,-35,-39,-34,-42,-33,-38,-35,-43,-37,-50,-38,-45,-37,-50,-39,-57,-31,-56,-35,-58,-31,-52,-36,-59,-31,-63,-31,-59,-33,-65,-33,-60,-29,-66,-30,-67,-33,-63,-31,-65,-31,-70,-23,-64,-31,-62,-32,-62,-32,-63,-29,-61,-32,-60,-33,-60,-31,-57,-33,-51,-36,-49,-39,-49,-38,-48,-39,-46,-43,-40,-47,-46,-48,-40,-50,-39,-57,-37,-56,-37,-61,-34,-65,-39,-63,-32,-64,-34,-68,-32,-76,-38,-65,-32,-75,-34,-77,-40,-70,-39,0,0]"
CSI_DATA,172,1a:00:00:00:00:00,-47,11,1,0,1,1,1,0,0,0,1,-96,0,11,2,2540084,0,44,0,384,0,"[0,0,0,0,0,0,0,0,0,0,0,0,-6,11,-6,9,-6,9,-5,8,-5,8,-5,8,-4,7,-4,7,-4,7,-3,6,-3,6,-3,5,-2,4,-2,4,-1,3,-1,4,-1,3,0,3,0,2,0,2,1,1,1,1,1,1,2,0,2,0,2,0,0,0,2,-1,3,-1,3,-2,4,-2,4,-2,4,-2,5,-2,5,-2,5,-2,5,-2,6,-2,6,-2,6,-2,6,-2,6,-2,6,-2,6,-2,6,-1,7,-2,6,-1,7,-1,7,0,7,0,7,0,6,1,6,1,0,0,0,0,0,0,0,0,0,0,0,0,0,0,-31,71,-33,67,-35,67,-27,62,-35,60,-30,53,-26,56,-25,46,-24,44,-22,45,-17,40,-18,37,-14,37,-15,38,-14,34,-10,25,-10,28,-6,27,-9,22,-2,22,-1,18,1,16,0,15,3,13,5,9,10,12,10,10,13,6,11,3,11,-4,15,0,16,-6,16,-6,14,-10,22,-6,24,-8,25,-7,26,-10,27,-9,29,-12,29,-14,35,-12,32,-11,30,-15,32,-13,31,-12,38,-10,33,-7,38,-8,36,-8,38,-6,40,-5,36,0,39,0,38,1,40,7,35,10,0,0,0,0,0,0,0,0,0,0,0,0,0,0,0,0,0,0,0,0,0,0,-38,-9,-42,-14,-42,-22,-41,-22,-42,-24,-42,-25,-40,-30,-42,-35,-41,-34,-43,-37,-42,-41,-40,-42,-43,-46,-42,-45,-42,-50,-43,-50,-45,-51,-40,-58,-39,-52,-43,-53,-40,-56,-42,-63,-39,-61,-42,-59,-37,-65,-39,-61,-40,-61,-38,-61,-39,-62,-39,-58,-39,-56,-35,-55,-38,-58,-35,-52,-40,-52,-40,-50,-43,-48,-40,-43,-44,-42,-46,-40,-47,-38,-51,-38,-50,-31,-55,-35,-54,-30,-58,-27,-58,-27,-66,-26,-62,-20,-71,-30,-67,-24,-69,-20,-75,-27,-78,-25,-74,-28,-76,-26,-79,-28,0,0]"
CSI_DATA,173,1a:00:00:00:00:00,-47,11,1,0,1,1,1,0,0,0,1,-96,0,11,2,2549579,0,44,0,384,0,"[0,0,0,0,0,0,0,0,0,0,0,0,11,-4,10,-4,9,-4,9,-3,8,-3,8,-3,8,-3,7,-3,6,-3,6,-3,5,-3,5,-3,4,-3,4,-3,3,-3,2,-3,2,-3,1,-3,1,-3,1,-3,0,-3,0,-3,-1,-3,-1,-2,-2,-2,-2,-2,0,0,-3,-2,-3,-2,-4,-2,-4,-2,-4,-2,-5,-2,-5,-2,-5,-2,-6,-3,-6,-3,-6,-3,-6,-3,-6,-3,-6,-3,-6,-4,-6,-4,-6,-4,-7,-4,-6,-4,-6,-4,-6,-5,-6,-5,-5,-5,-5,-6,-5,-6,-4,-6,0,0,0,0,0,0,0,0,0,0,0,0,0,0,75,-20,74,-15,70,-18,66,-16,64,-10,57,-9,61,-11,53,-14,54,-11,48,-13,43,-11,40,-10,38,-11,37,-11,32,-7,28,-11,26,-13,24,-15,21,-14,19,-13,15,-11,10,-11,9,-14,6,-11,5,-15,1,-15,1,-16,-1,-12,-2,-15,-10,-13,-13,-12,-14,-11,-12,-14,-15,-11,-20,-11,-19,-15,-22,-17,-26,-14,-25,-15,-29,-15,-30,-19,-28,-18,-30,-20,-29,-18,-28,-23,-32,-23,-28,-24,-31,-25,-31,-24,-33,-24,-32,-27,-26,-32,-29,-29,-22,-30,-20,-34,-21,-33,-15,-35,0,0,0,0,0,0,0,0,0,0,0,0,0,0,0,0,0,0,0,0,0,0,13,37,10,41,10,45,6,45,2,50,2,46,-1,50,1,47,-2,52,-5,53,-6,56,-8,60,-8,59,-13,62,-9,61,-18,66,-16,64,-17,65,-14,61,-19,70,-18,62,-25,71,-21,69,-23,67,-24,67,-26,67,-27,67,-24,65,-24,66,-22,67,-22,64,-23,61,-20,64,-22,62,-18,61,-15,62,-9,59,-9,59,-6,59,-4,66,-5,57,0,63,3,60,8,61,7,60,16,65,17,61,17,67,17,63,20,70,20,68,27,72,28,70,29,72,25,76,25,74,29,78,0,0]"
CSI_DATA,174,1a:00:00:00:00:00,-47,11,1,0,1,1,1,0,0,0,1,-96,0,11,2,2559487,0,44,0,384,0,"[0,0,0,0,0,0,0,0,0,0,0,0,-6,-11,-6,-10,-6,-10,-6,-9,-5,-9,-5,-8,-5,-8,-4,-7,-4,-6,-5,-6,-4,-6,-4,-5,-4,-4,-4,-4,-3,-3,-3,-3,-3,-2,-3,-2,-3,-1,-3,-1,-3,0,-3,0,-2,0,-3,1,-2,1,-2,1,0,0,-2,2,-2,3,-2,3,-1,4,-1,4,-1,4,-1,5,-2,5,-1,5,-1,5,-2,5,-2,5,-2,5,-2,6,-2,6,-2,6,-2,6,-2,6,-3,6,-3,6,-3,6,-4,6,-4,6,-5,5,-5,5,-5,4,0,0,0,0,0,0,0,0,0,0,0,0,0,0,-39,-65,-34,-64,-38,-61,-32,-67,-27,-61,-24,-61,-31,-52,-24,-49,-24,-50,-24,-44,-22,-41,-20,-38,-21,-32,-21,-32,-22,-32,-20,-28,-22,-23,-18,-20,-18,-14,-16,-16,-13,-6,-15,-12,-17,-5,-14,-5,-14,-5,-10,2,-14,3,-13,6,-13,7,-10,10,-6,15,-8,16,-4,19,-7,16,-7,23,-5,24,-9,27,-7,26,-4,28,-8,30,-12,33,-12,37,-9,31,-13,32,-13,37,-14,33,-18,35,-13,36,-17,29,-17,33,-21,32,-21,31,-19,33,-24,32,-26,26,-30,28,-27,21,0,0,0,0,0,0,0,0,0,0,0,0,0,0,0,0,0,0,0,0,0,0,31,-28,38,-22,40,-24,44,-23,41,-17,42,-13,46,-16,50,-15,51,-14,52,-9,57,-10,57,-7,61,-8,62,-6,65,-4,63,-1,68,-1,68,-4,69,-2,67,6,71,-1,72,0,72,2,73,1,70,5,70,4,71,6,69,4,68,4,70,2,69,3,70,4,69,3,66,-3,63,-4,62,-6,62,-8,58,-8,58,-12,58,-11,59,-14,56,-17,60,-22,56,-20,53,-26,57,-29,58,-38,55,-33,60,-38,59,-41,58,-42,62,-45,68,-43,61,-46,64,-47,66,-49,65,-45,0,0]"
CSI_DATA,175,1a:00:00:00:00:00,-48,11,1,0,1,1,1,0,0,0,1,-96,0,11,2,2589744,0,44,0,384,0,"[0,0,0,0,0,0,0,0,0,0,0,0,-13,-1,-12,-1,-12,-1,-12,-2,-10,-1,-10,-1,-9,0,-8,-1,-8,0,-7,-1,-7,0,-6,0,-6,0,-5,0,-5,1,-4,1,-4,1,-3,2,-3,1,-2,1,-2,1,-1,1,-1,1,0,2,0,2,0,2,0,0,1,2,1,2,2,2,3,2,3,3,3,3,3,3,3,3,4,3,4,3,4,4,4,4,4,4,4,4,5,5,4,4,4,5,4,5,4,5,4,5,4,5,3,5,3,5,2,6,2,6,1,6,0,0,0,0,0,0,0,0,0,0,0,0,0,0,-77,6,-76,8,-70,5,-72,7,-64,4,-61,-3,-58,7,-60,6,-58,4,-49,5,-44,1,-43,5,-36,7,-40,6,-33,8,-33,9,-28,6,-23,11,-22,8,-24,9,-11,12,-16,9,-14,12,-9,12,-5,14,-4,9,0,10,0,13,1,13,6,9,8,12,11,14,14,15,18,14,15,13,20,11,19,18,22,17,23,20,26,14,27,17,28,21,24,22,29,21,29,21,29,25,27,26,27,27,27,28,26,28,30,29,27,29,22,32,19,34,19,31,17,38,13,33,0,0,0,0,0,0,0,0,0,0,0,0,0,0,0,0,0,0,0,0,0,0,-11,-40,-4,-44,0,-46,0,-47,4,-49,8,-51,4,-50,11,-51,11,-51,15,-55,17,-56,19,-59,21,-62,20,-57,23,-59,20,-63,23,-65,29,-61,28,-60,30,-63,31,-63,33,-68,30,-64,38,-65,34,-59,33,-63,33,-59,34,-62,32,-63,31,-62,29,-60,27,-63,31,-58,26,-60,26,-60,21,-58,18,-58,22,-60,14,-57,9,-58,8,-60,9,-62,4,-64,1,-65,-4,-60,-1,-67,-4,-69,-7,-65,-7,-70,-11,-77,-15,-75,-16,-71,-13,-74,-17,-72,-19,-78,-17,-81,-19,-81,0,0]"
CSI_DATA,176,1a:00:00:00:00:00,-48,11,1,0,1,1,1,0,0,0,1,-96,0,11,2,2602084,0,44,0,384,0,"[0,0,0,0,0,0,0,0,0,0,0,0,-12,3,-11,3,-11,3,-10,2,-10,2,-9,2,-9,2,-8,2,-7,2,-7,1,-6,2,-5,2,-5,1,-5,2,-4,1,-4,2,-3,2,-2,2,-2,1,-2,2,-1,1,-1,1,0,2,0,2,0,2,1,2,0,0,2,2,2,1,3,1,3,2,3,1,4,2,4,2,4,2,4,2,5,3,5,3,5,3,5,3,5,3,5,4,5,3,5,3,5,4,5,4,5,4,4,5,4,5,4,5,3,5,3,5,2,5,0,0,0,0,0,0,0,0,0,0,0,0,0,0,-69,29,-70,27,-72,26,-61,29,-58,24,-58,26,-56,19,-54,14,-48,23,-46,19,-40,18,-41,18,-35,19,-33,19,-29,16,-25,13,-23,15,-18,13,-18,14,-16,15,-10,11,-10,11,-8,17,-4,13,-3,14,3,8,5,11,3,12,10,8,11,8,14,10,16,8,16,5,19,9,20,5,25,8,26,4,24,9,28,6,26,6,33,10,32,9,34,8,31,14,33,10,31,15,37,16,32,15,32,16,36,16,33,14,36,19,31,23,29,18,30,26,29,29,24,29,0,0,0,0,0,0,0,0,0,0,0,0,0,0,0,0,0,0,0,0,0,0,-17,-36,-16,-39,-13,-45,-8,-49,-10,-47,-6,-51,-4,-52,0,-53,-4,-55,0,-54,2,-57,2,-60,4,-61,4,-63,9,-65,9,-64,8,-67,11,-68,12,-69,12,-71,11,-73,13,-69,17,-71,16,-70,16,-69,13,-68,20,-69,18,-70,18,-68,17,-72,13,-68,14,-71,15,-66,11,-63,8,-66,7,-63,2,-63,2,-61,-3,-63,-7,-60,-5,-64,-13,-60,-13,-64,-17,-61,-17,-60,-17,-63,-24,-59,-29,-61,-28,-64,-30,-66,-34,-65,-38,-66,-35,-65,-40,-66,-41,-72,-41,-70,-33,-70,0,0]"
CSI_DATA,177,1a:00:00:00:00:00,-47,11,1,0,1,1,1,0,0,0,1,-96,0,11,2,2609577,0,44,0,384,0,"[0,0,0,0,0,0,0,0,0,0,0,0,10,6,10,6,10,6,9,5,8,5,8,4,7,4,7,3,6,2,6,3,6,2,5,1,5,1,4,1,4,1,3,0,3,-1,3,-1,2,-1,2,-1,2,-2,1,-2,1,-2,1,-2,0,-3,0,-3,0,0,-1,-4,-1,-4,-2,-4,-2,-5,-2,-5,-2,-5,-2,-5,-2,-5,-3,-6,-3,-6,-3,-7,-3,-6,-2,-7,-3,-7,-3,-7,-3,-8,-2,-7,-2,-8,-2,-8,-2,-8,-2,-8,-1,-7,-1,-7,0,-8,0,-8,1,-7,0,0,0,0,0,0,0,0,0,0,0,0,0,0,63,43,67,42,61,37,57,37,58,39,50,35,52,35,49,32,40,27,39,26,36,25,35,23,33,23,33,16,33,14,26,12,25,9,24,7,21,5,18,4,18,2,16,5,15,0,13,-6,12,-4,11,-5,8,-8,8,-11,7,-10,-4,-11,2,-17,-5,-19,-3,-23,-7,-18,-9,-22,-6,-21,-7,-27,-8,-24,-7,-30,-10,-28,-13,-33,-9,-30,-12,-31,-10,-36,-8,-41,-10,-32,-6,-34,-9,-39,-5,-37,-4,-37,-7,-39,-4,-39,-2,-40,2,-40,4,-40,4,-40,6,-36,0,0,0,0,0,0,0,0,0,0,0,0,0,0,0,0,0,0,0,0,0,0,-22,37,-27,29,-31,36,-34,31,-39,31,-39,30,-42,31,-44,30,-46,29,-49,28,-49,29,-53,29,-54,30,-57,29,-61,27,-60,23,-63,25,-63,25,-64,26,-67,21,-68,24,-70,23,-71,27,-67,24,-69,18,-69,23,-67,22,-68,22,-70,19,-66,23,-63,21,-65,24,-63,22,-60,28,-61,25,-59,27,-55,30,-51,30,-51,33,-56,38,-48,38,-49,41,-45,39,-45,45,-37,43,-43,47,-44,51,-38,55,-36,57,-40,58,-37,65,-39,66,-32,65,-39,68,-38,68,-42,71,-36,71,0,0]"
CSI_DATA,178,1a:00:00:00:00:00,-48,11,1,0,1,1,1,0,0,0,1,-96,0,11,2,2619775,0,44,0,384,0,"[0,0,0,0,0,0,0,0,0,0,0,0,0,11,0,11,1,10,0,9,0,9,0,8,0,8,0,7,0,6,1,6,1,5,1,5,1,4,1,4,1,3,1,3,1,3,1,2,2,1,2,1,2,0,1,0,2,0,2,-1,2,-2,1,-1,0,0,2,-3,2,-3,2,-3,2,-3,2,-4,3,-5,2,-5,3,-5,2,-5,3,-5,3,-5,3,-5,3,-5,3,-6,3,-6,4,-5,4,-6,4,-5,4,-5,4,-5,5,-5,5,-4,5,-4,5,-4,5,-3,5,-3,0,0,0,0,0,0,0,0,0,0,0,0,0,0,5,75,-2,76,2,67,1,70,-1,70,-1,60,0,58,-6,52,0,56,-2,50,0,43,2,40,2,38,1,35,6,32,6,29,4,31,4,21,7,21,5,19,5,13,7,15,11,12,10,10,12,2,9,4,12,3,12,-3,10,-2,11,-8,13,-4,14,-9,15,-13,10,-16,17,-18,17,-19,19,-18,20,-22,18,-22,22,-22,20,-28,22,-28,21,-30,22,-28,21,-29,26,-27,25,-21,23,-29,29,-24,27,-24,29,-24,29,-23,34,-20,33,-16,37,-16,33,-14,37,-11,0,0,0,0,0,0,0,0,0,0,0,0,0,0,0,0,0,0,0,0,0,0,-40,0,-42,-3,-44,-6,-45,-10,-49,-13,-48,-16,-48,-17,-50,-20,-51,-24,-53,-22,-55,-22,-52,-22,-54,-29,-58,-28,-54,-29,-59,-32,-58,-33,-62,-37,-57,-36,-58,-37,-58,-39,-63,-41,-58,-45,-62,-40,-59,-43,-60,-44,-59,-43,-57,-42,-61,-43,-57,-40,-54,-38,-54,-41,-58,-41,-58,-35,-56,-33,-56,-32,-58,-29,-57,-26,-55,-22,-60,-20,-58,-16,-60,-12,-61,-10,-66,-9,-61,-10,-61,0,-63,-8,-70,0,-69,1,-74,1,-70,7,-74,8,-76,7,-79,4,-83,11,-82,7,-83,7,0,0]"
CSI_DATA,179,1a:00:00:00:00:00,-48,11,1,0,1,1,1,0,0,0,1,-96,0,11,2,2630555,0,44,0,384,0,"[0,0,0,0,0,0,0,0,0,0,0,0,-9,8,-9,8,-8,7,-8,7,-7,6,-7,6,-6,6,-6,6,-5,5,-5,5,-5,5,-4,4,-3,4,-3,3,-2,3,-2,3,-1,3,-1,3,0,2,-1,2,0,1,1,1,1,1,1,1,2,1,2,1,0,0,3,0,3,0,3,-1,4,0,4,-1,4,-1,5,-1,5,-1,5,-1,5,-1,5,-1,6,-1,6,-1,6,-1,6,-1,6,0,7,-1,6,0,6,0,6,0,7,1,7,1,6,1,6,2,6,2,5,3,0,0,0,0,0,0,0,0,0,0,0,0,0,0,-57,50,-57,47,-50,44,-56,44,-52,42,-45,38,-50,37,-46,33,-42,33,-33,30,-33,32,-31,31,-30,29,-26,27,-20,24,-18,23,-22,22,-15,22,-12,16,-9,15,-7,15,-3,18,-1,13,1,10,0,11,0,8,11,11,9,9,8,6,15,2,14,4,17,3,15,1,19,-2,23,3,23,0,24,3,27,-1,26,-2,30,3,33,4,34,3,32,1,34,4,34,3,36,3,41,6,40,5,34,4,35,9,37,6,37,12,37,13,36,12,38,15,32,18,30,20,0,0,0,0,0,0,0,0,0,0,0,0,0,0,0,0,0,0,0,0,0,0,-30,-30,-29,-35,-27,-36,-23,-38,-27,-41,-23,-42,-22,-47,-23,-52,-21,-49,-17,-51,-17,-58,-17,-53,-20,-58,-16,-59,-15,-62,-16,-63,-14,-66,-13,-69,-13,-66,-13,-72,-12,-70,-10,-73,-9,-71,-6,-72,-5,-72,-6,-68,-10,-74,-5,-72,-8,-72,-8,-66,-7,-69,-10,-63,-10,-69,-14,-65,-10,-62,-14,-62,-18,-64,-19,-60,-21,-58,-25,-57,-26,-54,-29,-55,-34,-52,-32,-52,-36,-50,-43,-55,-45,-47,-45,-48,-49,-52,-49,-55,-51,-53,-54,-53,-58,-50,-55,-56,-56,-54,-55,-54,-53,-58,0,0]"
CSI_DATA,180,1a:00:00:00:00:00,-47,11,1,0,1,1,1,0,0,0,1,-96,0,11,2,2640360,0,44,0,384,0,"[0,0,0,0,0,0,0,0,0,0,0,0,-11,-6,-11,-6,-10,-6,-10,-5,-9,-6,-8,-4,-8,-4,-7,-4,-7,-3,-7,-3,-6,-3,-6,-2,-5,-2,-5,-2,-4,-2,-4,-1,-4,0,-3,0,-3,0,-3,0,-3,0,-2,1,-2,1,-1,2,-1,2,-1,2,0,0,0,3,0,3,0,3,1,3,0,4,1,4,1,4,1,5,1,5,1,5,1,6,1,5,1,6,1,5,1,6,1,6,1,6,0,6,0,6,0,6,0,6,-1,6,-1,6,-2,6,-2,6,-3,6,0,0,0,0,0,0,0,0,0,0,0,0,0,0,-71,-23,-66,-27,-69,-26,-67,-25,-56,-24,-60,-28,-52,-24,-54,-26,-49,-18,-48,-20,-45,-18,-43,-15,-40,-14,-35,-14,-37,-13,-30,-8,-31,-5,-27,-1,-25,-3,-20,-1,-24,0,-16,3,-13,6,-10,8,-12,5,-10,8,-11,11,-5,15,-3,13,4,11,2,15,3,16,5,17,10,18,5,21,4,20,9,25,8,25,13,27,11,31,9,25,9,31,12,33,7,31,13,33,12,31,10,39,10,34,5,40,9,38,5,39,1,38,3,39,1,38,-5,37,-5,35,-10,37,0,0,0,0,0,0,0,0,0,0,0,0,0,0,0,0,0,0,0,0,0,0,5,-39,8,-44,12,-44,19,-47,20,-43,21,-46,24,-45,29,-44,28,-47,32,-45,35,-46,33,-47,35,-51,39,-48,40,-51,42,-50,48,-50,47,-46,48,-49,51,-51,51,-53,56,-46,52,-47,56,-47,53,-43,58,-49,53,-43,55,-45,52,-43,53,-45,49,-43,52,-43,50,-45,46,-47,46,-48,42,-46,42,-47,39,-48,37,-45,33,-49,33,-56,30,-54,27,-54,27,-55,25,-57,22,-57,21,-65,20,-67,20,-65,15,-69,21,-71,15,-73,18,-74,21,-76,20,-76,21,-79,23,-76,0,0]"
CSI_DATA,181,1a:00:00:00:00:00,-47,11,1,0,1,1,1,0,0,0,1,-96,0,11,2,2649507,0,44,0,384,0,"[0,0,0,0,0,0,0,0,0,0,0,0,-13,0,-12,0,-12,0,-11,-1,-11,0,-10,0,-9,0,-9,0,-8,0,-8,0,-7,1,-6,1,-6,0,-5,1,-4,1,-4,1,-3,2,-3,2,-3,1,-2,1,-2,2,-1,2,0,2,0,2,0,1,1,2,0,0,2,2,2,2,2,2,3,2,2,2,3,2,3,3,3,3,4,3,4,4,5,3,4,3,4,3,4,3,5,4,5,4,5,4,5,5,4,5,4,5,4,5,4,5,4,6,3,6,2,6,2,6,0,0,0,0,0,0,0,0,0,0,0,0,0,0,-77,8,-77,4,-77,2,-74,4,-71,0,-61,-1,-63,2,-57,-2,-54,-1,-52,1,-46,2,-44,4,-40,2,-38,3,-33,1,-30,9,-32,4,-26,6,-22,8,-22,8,-13,12,-15,9,-12,11,-9,13,-6,10,-4,9,-2,13,5,13,2,12,5,13,6,13,3,12,13,15,13,17,17,16,17,16,22,17,22,16,23,18,25,18,25,24,23,20,23,25,24,27,25,26,23,26,25,24,25,31,23,29,26,30,26,30,23,36,20,31,18,34,14,36,9,34,9,35,0,0,0,0,0,0,0,0,0,0,0,0,0,0,0,0,0,0,0,0,0,0,-7,-45,-5,-42,0,-45,0,-50,7,-51,6,-48,11,-47,10,-53,12,-51,18,-53,20,-56,22,-59,25,-58,24,-60,26,-64,27,-62,24,-63,26,-61,27,-62,34,-66,34,-62,32,-64,38,-65,38,-63,41,-63,40,-63,38,-59,37,-60,38,-61,38,-64,34,-61,34,-61,32,-60,30,-61,30,-58,30,-60,26,-59,21,-57,18,-55,14,-60,16,-61,9,-62,9,-64,3,-69,6,-61,-6,-63,-6,-62,-5,-70,-4,-69,-10,-72,-6,-72,-11,-75,-10,-79,-15,-78,-14,-84,-8,-83,-9,-78,0,0]"
CSI_DATA,182,1a:00:00:00:00:00,-48,11,1,0,1,1,1,0,0,0,1,-96,0,11,2,2659514,0,44,0,384,0,"[0,0,0,0,0,0,0,0,0,0,0,0,-3,-13,-4,-12,-4,-11,-3,-11,-4,-10,-3,-10,-3,-9,-3,-8,-3,-8,-3,-7,-3,-6,-3,-6,-3,-5,-3,-5,-3,-4,-3,-4,-2,-3,-3,-3,-3,-2,-3,-1,-3,-1,-3,-1,-3,0,-3,0,-3,1,-2,1,0,0,-3,2,-3,2,-3,3,-3,3,-3,4,-3,4,-3,4,-3,4,-3,4,-3,5,-3,5,-4,5,-4,5,-5,5,-5,5,-5,5,-5,5,-5,5,-5,5,-6,5,-6,5,-6,4,-6,4,-7,4,-6,3,-7,2,0,0,0,0,0,0,0,0,0,0,0,0,0,0,-18,-74,-16,-70,-16,-69,-17,-66,-19,-70,-10,-63,-14,-59,-12,-54,-12,-51,-12,-49,-11,-43,-13,-40,-12,-34,-5,-37,-11,-30,-10,-31,-12,-23,-8,-22,-11,-18,-12,-17,-14,-17,-14,-13,-11,-7,-11,-8,-13,-4,-11,0,-11,1,-9,4,-13,8,-13,10,-12,10,-13,12,-13,14,-10,16,-12,19,-13,19,-13,24,-13,28,-14,25,-17,30,-13,29,-19,32,-15,30,-18,30,-19,32,-21,28,-17,29,-23,31,-21,32,-24,29,-25,28,-25,27,-30,30,-28,23,-29,23,-29,19,-30,19,0,0,0,0,0,0,0,0,0,0,0,0,0,0,0,0,0,0,0,0,0,0,38,-12,43,-8,42,-7,47,-3,47,0,51,0,50,7,48,8,53,6,55,9,56,14,57,12,56,15,60,14,59,17,62,15,60,16,65,20,64,19,64,24,67,24,67,26,65,27,66,28,64,28,64,27,66,26,68,30,68,28,62,22,63,21,62,20,64,23,60,19,60,19,59,17,60,12,62,11,61,10,61,5,57,1,62,0,61,-4,62,-6,61,-11,68,-9,63,-15,67,-18,70,-19,65,-20,68,-27,70,-27,72,-26,71,-28,70,-26,78,-25,78,-24,0,0]"
CSI_DATA,183,1a:00:00:00:00:00,-48,11,1,0,1,1,1,0,0,0,1,-96,0,11,2,2669559,0,44,0,384,0,"[0,0,0,0,0,0,0,0,0,0,0,0,7,9,7,9,7,8,6,8,5,8,5,7,5,6,4,6,4,5,4,5,3,4,3,4,4,3,3,3,3,2,3,2,2,1,2,1,3,0,2,0,2,-1,2,-1,1,-2,2,-2,1,-2,1,-3,0,0,1,-3,1,-4,1,-4,0,-5,1,-5,0,-5,0,-6,1,-6,0,-6,0,-6,1,-7,1,-7,1,-7,1,-7,1,-7,1,-7,2,-7,2,-7,2,-7,2,-7,3,-7,3,-7,3,-6,4,-6,4,-6,4,-5,0,0,0,0,0,0,0,0,0,0,0,0,0,0,48,57,44,59,45,54,44,55,37,55,33,51,35,45,35,45,30,42,28,43,28,33,29,35,26,29,25,29,17,24,19,21,19,18,20,15,19,12,17,12,15,8,15,8,15,5,9,-1,14,-4,12,-5,10,-6,8,-9,6,-13,8,-11,5,-12,6,-17,6,-21,4,-23,3,-21,2,-28,2,-29,6,-27,6,-31,2,-34,2,-33,1,-33,7,-36,7,-39,7,-40,11,-37,10,-37,10,-41,12,-39,10,-38,13,-37,20,-36,17,-38,19,-34,23,-31,23,-30,27,-30,0,0,0,0,0,0,0,0,0,0,0,0,0,0,0,0,0,0,0,0,0,0,-29,30,-32,31,-35,31,-39,28,-42,25,-44,20,-44,25,-46,21,-48,26,-52,22,-52,20,-56,17,-61,18,-63,18,-66,21,-63,14,-67,16,-69,13,-70,13,-67,12,-70,9,-71,14,-71,13,-72,5,-73,8,-73,6,-73,7,-72,6,-69,8,-71,5,-67,5,-69,8,-66,10,-68,9,-62,11,-61,15,-61,18,-60,16,-57,23,-59,24,-56,26,-55,25,-54,31,-55,35,-55,35,-50,32,-52,38,-54,40,-53,43,-50,50,-52,50,-52,51,-55,54,-57,51,-58,55,-59,57,-63,53,0,0]"
CSI_DATA,184,1a:00:00:00:00:00,-48,11,1,0,1,1,1,0,0,0,1,-96,0,11,2,2689606,0,44,0,384,0,"[0,0,0,0,0,0,0,0,0,0,0,0,2,-12,2,-12,1,-11,2,-10,1,-10,1,-9,1,-9,1,-8,0,-8,0,-7,0,-7,0,-6,-1,-5,-1,-5,-1,-5,-1,-4,-1,-4,-2,-3,-2,-3,-2,-2,-2,-2,-2,-1,-2,-1,-3,-1,-3,0,-3,0,0,0,-3,1,-3,1,-3,2,-4,2,-4,2,-4,2,-5,3,-5,3,-5,3,-5,3,-5,3,-5,3,-6,3,-6,3,-6,3,-6,3,-7,3,-6,2,-6,3,-6,2,-7,2,-7,2,-7,1,-7,1,-7,0,-7,0,0,0,0,0,0,0,0,0,0,0,0,0,0,0,16,-75,16,-70,14,-67,14,-66,11,-65,15,-63,16,-57,15,-55,10,-50,11,-50,6,-51,4,-42,4,-37,1,-42,2,-33,-1,-30,1,-32,2,-27,-3,-23,-4,-20,-8,-17,-6,-17,-12,-12,-7,-9,-10,-8,-8,-6,-9,-4,-12,-1,-12,-1,-12,0,-17,7,-16,10,-15,9,-18,13,-19,16,-19,18,-18,19,-24,21,-21,18,-24,23,-24,19,-28,23,-29,20,-27,23,-27,21,-30,24,-25,23,-35,26,-31,18,-32,20,-32,20,-32,21,-32,20,-34,16,-39,13,-38,7,-38,9,0,0,0,0,0,0,0,0,0,0,0,0,0,0,0,0,0,0,0,0,0,0,38,6,41,13,39,16,42,19,43,24,39,26,43,28,41,29,44,29,41,34,41,38,42,39,43,44,43,44,47,44,44,44,46,43,45,46,47,48,44,48,42,46,49,51,45,51,42,57,43,57,45,56,42,59,49,58,42,56,46,55,44,51,45,52,48,51,43,40,47,45,48,46,45,41,49,37,46,32,51,32,56,34,52,29,55,23,59,23,59,15,62,18,65,12,66,10,68,11,68,13,71,13,76,14,72,4,75,7,77,10,76,13,84,10,0,0]"
CSI_DATA,185,1a:00:00:00:00:00,-47,11,1,0,1,1,1,0,0,0,1,-96,0,11,2,2699826,0,44,0,384,0,"[0,0,0,0,0,0,0,0,0,0,0,0,9,6,8,6,8,6,8,6,7,5,6,5,6,4,6,4,5,4,5,3,5,2,4,2,4,2,4,1,4,1,3,1,3,0,3,0,3,-1,2,-1,2,-1,1,-2,1,-2,1,-2,0,-3,0,-3,0,0,-1,-4,0,-4,-1,-4,-2,-4,-1,-5,-1,-5,-1,-5,-1,-6,-2,-6,-2,-6,-2,-6,-2,-6,-1,-7,-2,-7,-1,-7,-2,-7,-1,-7,-1,-7,-1,-8,-1,-7,0,-7,0,-7,0,-7,1,-7,1,-7,2,-7,0,0,0,0,0,0,0,0,0,0,0,0,0,0,71,43,63,36,61,37,61,38,51,34,52,34,48,32,51,27,41,25,39,27,36,21,38,22,31,19,34,15,30,16,28,8,27,10,22,6,24,2,22,3,16,0,15,1,14,-1,12,-5,10,-5,7,-7,7,-10,2,-12,4,-11,1,-14,-2,-12,-1,-19,-3,-18,-6,-20,-4,-20,-9,-26,-7,-25,-7,-27,-10,-30,-8,-31,-10,-30,-11,-31,-9,-36,-10,-34,-12,-39,-5,-34,-5,-40,-5,-37,-3,-39,-5,-37,-5,-40,-3,-39,1,-38,4,-36,5,-44,9,-37,10,-37,0,0,0,0,0,0,0,0,0,0,0,0,0,0,0,0,0,0,0,0,0,0,-15,35,-22,39,-22,37,-30,41,-31,35,-35,34,-31,33,-37,34,-38,36,-40,31,-43,35,-46,33,-46,34,-51,34,-50,36,-54,30,-56,37,-54,30,-63,36,-59,32,-60,28,-66,33,-65,29,-64,31,-65,35,-63,28,-63,31,-65,31,-60,29,-65,31,-58,25,-57,33,-60,31,-54,33,-54,31,-54,39,-47,32,-51,35,-46,41,-46,43,-45,46,-42,43,-40,51,-38,46,-36,53,-33,49,-31,54,-32,61,-33,59,-34,59,-34,63,-29,68,-34,74,-33,70,-35,77,-32,77,-34,73,0,0]"
CSI_DATA,186,1a:00:00:00:00:00,-47,11,1,0,1,1,1,0,0,0,1,-96,0,11,2,2712488,0,44,0,384,0,"[0,0,0,0,0,0,0,0,0,0,0,0,-7,-11,-6,-11,-6,-11,-6,-10,-6,-9,-5,-8,-5,-8,-5,-7,-4,-7,-5,-6,-4,-6,-4,-5,-4,-4,-4,-4,-4,-3,-4,-3,-3,-2,-3,-2,-3,-1,-3,-1,-3,0,-3,0,-2,0,-3,0,-3,1,-2,1,0,0,-2,2,-2,3,-2,3,-1,4,-2,4,-2,4,-2,5,-2,5,-2,5,-1,6,-2,6,-2,6,-2,6,-2,6,-2,6,-3,6,-3,6,-3,6,-3,6,-3,6,-4,6,-4,6,-5,6,-5,5,-5,5,-5,4,0,0,0,0,0,0,0,0,0,0,0,0,0,0,-31,-73,-24,-75,-30,-67,-25,-65,-25,-62,-22,-62,-19,-53,-20,-55,-16,-49,-19,-48,-20,-41,-17,-40,-18,-36,-17,-36,-17,-29,-17,-23,-15,-22,-13,-17,-11,-14,-13,-16,-16,-14,-14,-11,-11,-8,-15,0,-12,0,-14,-2,-15,2,-10,2,-9,9,-11,12,-10,14,-8,14,-10,19,-7,19,-6,22,-10,24,-8,25,-5,25,-11,33,-6,29,-8,34,-9,32,-15,33,-13,32,-12,36,-12,32,-14,33,-12,33,-15,34,-14,35,-21,35,-17,34,-19,34,-21,31,-24,32,-28,24,-28,25,0,0,0,0,0,0,0,0,0,0,0,0,0,0,0,0,0,0,0,0,0,0,38,-11,41,-13,44,-7,46,-5,43,1,51,-4,50,1,54,-1,51,3,51,5,57,7,59,9,59,11,58,12,66,12,61,16,65,12,65,16,66,15,69,18,67,16,66,19,71,18,69,24,67,24,68,21,66,23,71,21,67,22,65,22,67,17,65,14,67,14,61,9,64,9,58,9,65,4,61,6,62,4,60,3,64,-4,65,-7,62,-7,65,-14,59,-16,59,-22,60,-24,60,-25,61,-28,62,-31,68,-27,69,-34,71,-31,73,-37,68,-32,71,-36,70,-34,0,0]"
CSI_DATA,187,1a:00:00:00:00:00,-48,11,1,0,1,1,1,0,0,0,1,-96,0,11,2,2719831,0,44,0,384,0,"[0,0,0,0,0,0,0,0,0,0,0,0,-12,-3,-12,-3,-12,-3,-11,-3,-10,-2,-9,-3,-9,-2,-8,-2,-8,-1,-8,-1,-6,-1,-6,0,-6,0,-5,-1,-4,0,-4,0,-3,1,-3,1,-3,1,-2,1,-2,1,-2,1,-1,2,-1,2,0,2,0,2,0,0,1,2,1,2,1,3,2,3,2,3,2,3,3,4,3,4,3,4,4,4,4,4,3,4,3,5,3,5,3,5,4,5,3,5,3,6,3,6,3,6,2,6,2,6,1,6,1,6,1,6,0,6,0,0,0,0,0,0,0,0,0,0,0,0,0,0,-79,-19,-72,-16,-70,-19,-64,-16,-62,-19,-63,-19,-53,-16,-56,-14,-46,-17,-49,-15,-44,-13,-42,-11,-39,-13,-39,-9,-33,-3,-32,-1,-27,-1,-31,-5,-26,-2,-20,-1,-18,3,-15,6,-13,6,-13,9,-12,11,-8,11,-4,11,-6,14,-3,13,4,15,5,12,6,13,7,18,11,22,11,16,9,25,13,20,15,26,13,26,17,27,14,28,16,25,19,29,16,31,16,34,16,32,14,32,14,36,13,35,13,34,13,38,12,39,9,37,5,36,-2,35,0,37,-2,40,0,0,0,0,0,0,0,0,0,0,0,0,0,0,0,0,0,0,0,0,0,0,4,-40,7,-44,6,-47,13,-46,15,-46,17,-46,20,-43,20,-49,25,-49,23,-45,28,-49,31,-51,32,-55,35,-55,38,-52,39,-51,43,-51,44,-54,44,-54,50,-53,48,-54,50,-53,46,-52,50,-52,53,-51,49,-54,56,-51,53,-50,49,-48,49,-51,47,-49,47,-48,44,-49,46,-51,41,-52,38,-48,35,-50,33,-52,37,-50,32,-54,27,-59,23,-56,23,-58,19,-61,21,-61,18,-58,15,-62,11,-64,14,-73,10,-69,13,-71,8,-73,10,-76,8,-74,14,-77,8,-82,15,-80,0,0]"
CSI_DATA,188,1a:00:00:00:00:00,-47,11,1,0,1,1,1,0,0,0,1,-96,0,11,2,2733112,0,44,0,384,0,"[0,0,0,0,0,0,0,0,0,0,0,0,-1,12,-1,11,0,11,-1,10,0,10,-1,8,0,8,0,7,0,7,0,6,0,6,0,5,1,4,1,4,1,3,1,3,1,3,1,2,2,2,1,1,1,1,2,0,2,0,2,-1,2,-1,2,-1,0,0,2,-2,3,-3,2,-3,3,-3,3,-3,4,-4,4,-4,4,-4,4,-4,4,-5,4,-5,5,-5,4,-4,5,-5,5,-5,5,-4,6,-5,5,-4,6,-4,6,-4,6,-3,6,-3,6,-3,7,-2,6,-1,6,-1,0,0,0,0,0,0,0,0,0,0,0,0,0,0,-3,76,-1,75,-2,72,-3,70,-2,66,-8,57,-6,58,-1,55,1,54,0,44,4,44,4,43,-1,39,2,38,1,32,5,26,4,29,4,22,8,22,10,18,8,16,4,13,8,10,10,14,10,8,9,6,14,1,8,-4,10,0,16,-5,10,-6,15,-9,15,-11,12,-15,17,-19,13,-18,14,-23,14,-21,22,-26,18,-25,23,-22,24,-22,22,-25,25,-24,27,-24,26,-26,27,-23,29,-24,28,-25,28,-25,32,-25,31,-21,34,-18,33,-16,36,-16,37,-11,38,-7,0,0,0,0,0,0,0,0,0,0,0,0,0,0,0,0,0,0,0,0,0,0,-41,5,-44,3,-45,1,-48,-1,-47,-4,-48,-13,-50,-14,-47,-12,-51,-14,-50,-17,-54,-20,-55,-23,-58,-24,-58,-26,-61,-28,-56,-27,-57,-27,-60,-32,-65,-27,-61,-36,-62,-35,-64,-36,-61,-37,-58,-37,-62,-40,-62,-39,-57,-39,-61,-37,-57,-38,-62,-37,-57,-38,-58,-38,-56,-33,-59,-31,-61,-32,-55,-27,-56,-23,-58,-20,-55,-21,-60,-18,-63,-14,-60,-12,-62,-13,-65,-7,-66,-7,-57,0,-65,0,-69,3,-70,6,-70,5,-71,6,-75,8,-81,10,-72,7,-82,5,-84,7,-79,1,0,0]"
CSI_DATA,189,1a:00:00:00:00:00,-47,11,1,0,1,1,1,0,0,0,1,-96,0,11,2,2739747,0,44,0,384,0,"[0,0,0,0,0,0,0,0,0,0,0,0,-11,-6,-10,-6,-10,-6,-10,-6,-9,-6,-8,-4,-8,-4,-7,-4,-7,-4,-7,-3,-6,-3,-5,-2,-5,-2,-5,-2,-5,-1,-4,-1,-4,0,-3,0,-3,0,-3,1,-2,1,-2,1,-2,1,-1,1,-1,2,0,2,0,0,0,2,0,2,1,3,1,4,1,4,1,4,1,4,1,5,1,5,2,5,2,5,1,5,2,5,1,5,1,6,2,6,1,6,1,6,1,6,0,7,0,7,0,6,0,6,-1,6,-1,6,-2,6,0,0,0,0,0,0,0,0,0,0,0,0,0,0,-72,-26,-71,-28,-66,-28,-63,-31,-60,-29,-54,-25,-58,-24,-54,-20,-55,-20,-38,-21,-42,-18,-38,-17,-38,-17,-38,-12,-31,-11,-32,-11,-28,-5,-29,1,-25,-3,-22,-2,-17,3,-17,5,-14,6,-11,3,-12,6,-7,9,-6,9,-2,10,-3,11,-1,16,1,15,2,16,5,22,9,17,13,22,7,21,11,22,12,28,14,28,14,31,13,30,14,27,15,30,15,33,14,32,16,36,10,35,12,40,11,34,10,34,8,36,8,36,7,38,4,41,1,39,0,37,-6,36,0,0,0,0,0,0,0,0,0,0,0,0,0,0,0,0,0,0,0,0,0,0,12,-40,16,-39,17,-42,23,-39,26,-43,26,-39,26,-44,32,-42,33,-43,39,-42,39,-42,42,-42,41,-43,45,-41,47,-43,48,-45,46,-41,52,-43,54,-43,55,-43,56,-46,58,-43,60,-44,60,-41,60,-40,55,-43,61,-39,58,-39,59,-44,55,-37,59,-43,51,-37,52,-39,51,-41,49,-40,45,-43,48,-46,43,-42,41,-43,41,-50,38,-44,33,-52,33,-53,31,-58,28,-50,25,-63,23,-60,22,-62,20,-61,26,-67,25,-65,20,-73,25,-72,20,-78,17,-82,20,-79,19,-84,0,0]"
CSI_DATA,190,1a:00:00:00:00:00,-47,11,1,0,1,1,1,0,0,0,1,-96,0,11,2,2759570,0,44,0,384,0,"[0,0,0,0,0,0,0,0,0,0,0,0,8,7,8,7,8,7,7,6,7,6,6,5,6,5,5,4,5,4,5,3,5,3,4,3,4,2,4,1,3,1,3,1,3,0,2,0,2,-1,2,-1,2,-1,1,-2,1,-2,1,-2,1,-2,0,-3,0,0,-1,-4,-1,-4,-1,-4,-1,-5,-1,-5,-1,-6,-1,-6,-1,-6,-2,-6,-2,-6,-2,-6,-1,-6,-1,-6,-1,-7,-1,-7,-1,-8,-1,-7,-1,-7,-1,-8,0,-7,0,-7,1,-7,1,-7,1,-7,2,-7,2,-7,0,0,0,0,0,0,0,0,0,0,0,0,0,0,53,50,56,52,53,55,46,48,44,49,41,49,39,46,38,40,34,37,35,38,31,35,30,30,26,24,28,25,24,20,21,17,23,13,22,13,20,6,18,9,18,7,14,5,19,-2,16,-3,12,-6,9,-6,8,-9,9,-12,10,-12,4,-16,4,-14,0,-16,3,-24,3,-23,2,-26,1,-25,0,-30,0,-30,3,-33,-1,-31,-1,-30,-4,-33,3,-39,2,-38,3,-39,2,-37,2,-40,6,-35,8,-36,6,-42,10,-38,9,-38,10,-38,16,-37,16,-35,18,-32,18,-30,0,0,0,0,0,0,0,0,0,0,0,0,0,0,0,0,0,0,0,0,0,0,-21,33,-28,31,-32,33,-35,33,-40,32,-39,28,-42,28,-44,28,-46,27,-48,28,-49,25,-51,28,-53,27,-58,26,-60,27,-61,24,-62,24,-62,25,-68,26,-67,20,-68,21,-70,20,-67,18,-68,19,-70,16,-69,18,-71,19,-70,19,-71,16,-72,19,-66,16,-67,21,-66,20,-59,16,-61,23,-60,20,-59,25,-56,24,-54,26,-54,34,-49,30,-49,34,-50,33,-46,40,-51,40,-48,48,-45,48,-48,49,-43,54,-45,54,-47,61,-46,55,-48,57,-52,60,-50,64,-49,66,-49,60,0,0]"
CSI_DATA,191,1a:00:00:00:00:00,-48,11,1,0,1,1,1,0,0,0,1,-96,0,11,2,2800629,0,44,0,384,0,"[0,0,0,0,0,0,0,0,0,0,0,0,-5,10,-5,10,-4,9,-5,9,-4,8,-4,8,-3,7,-3,7,-3,7,-2,6,-2,6,-2,5,-1,4,-1,4,-1,4,0,3,0,3,0,2,0,2,1,1,1,1,1,1,1,0,2,0,2,0,2,-1,0,0,2,-1,2,-2,3,-2,3,-2,3,-3,4,-3,4,-3,4,-3,4,-3,5,-3,5,-3,5,-3,5,-3,5,-3,5,-3,6,-3,6,-3,6,-3,6,-2,6,-2,6,-2,6,-2,6,-2,6,-1,6,-1,6,0,0,0,0,0,0,0,0,0,0,0,0,0,0,0,-44,64,-42,62,-42,59,-42,54,-40,55,-35,50,-36,48,-34,43,-28,40,-29,40,-25,36,-21,35,-25,34,-20,31,-18,31,-11,25,-10,22,-6,24,-8,21,-4,19,3,17,1,16,4,15,3,11,6,12,9,13,6,6,10,8,15,1,16,0,16,-4,18,-3,17,-1,20,-7,21,-9,21,-8,21,-11,30,-10,27,-8,28,-12,33,-12,33,-10,29,-13,36,-13,36,-11,34,-12,36,-9,35,-7,36,-11,36,-6,34,-2,36,0,36,-1,35,1,38,-3,39,4,36,10,0,0,0,0,0,0,0,0,0,0,0,0,0,0,0,0,0,0,0,0,0,0,-33,-24,-30,-27,-32,-30,-28,-34,-32,-37,-26,-42,-25,-45,-29,-45,-26,-48,-29,-46,-25,-52,-32,-49,-27,-54,-29,-57,-26,-59,-24,-63,-27,-63,-25,-60,-26,-65,-19,-67,-20,-67,-23,-69,-21,-65,-24,-70,-21,-65,-24,-68,-25,-73,-21,-67,-20,-65,-24,-62,-21,-65,-21,-63,-19,-58,-24,-62,-23,-61,-28,-59,-28,-53,-35,-51,-33,-53,-39,-51,-38,-49,-41,-49,-42,-40,-47,-43,-48,-42,-46,-43,-49,-42,-54,-40,-57,-39,-55,-38,-61,-35,-65,-36,-66,-38,-64,-37,-72,-37,-69,-42,-67,-40,0,0]"
CSI_DATA,192,1a:00:00:00:00:00,-47,11,1,0,1,1,1,0,0,0,1,-96,0,11,2,2812967,0,44,0,384,0,"[0,0,0,0,0,0,0,0,0,0,0,0,-5,11,-5,11,-5,11,-5,10,-4,8,-4,9,-3,8,-3,7,-3,7,-2,6,-2,6,-2,5,-1,5,-1,4,-1,4,0,4,0,3,0,3,1,2,1,2,1,1,1,1,1,0,2,0,2,0,2,-1,0,0,3,-1,3,-2,3,-2,3,-2,4,-3,4,-3,4,-3,5,-3,5,-3,5,-3,5,-3,6,-3,6,-3,6,-4,6,-3,6,-3,6,-3,6,-3,6,-3,6,-3,6,-2,7,-2,7,-1,7,-1,7,0,6,1,0,0,0,0,0,0,0,0,0,0,0,0,0,0,-36,64,-37,61,-34,58,-34,61,-37,57,-31,53,-35,50,-29,45,-26,40,-24,42,-21,41,-18,34,-17,38,-15,31,-16,32,-10,30,-11,26,-5,24,-6,20,-4,19,0,19,2,16,1,13,4,12,6,8,6,6,9,7,9,5,10,2,19,-3,19,-2,17,0,19,-3,15,-10,20,-7,23,-7,25,-11,26,-8,26,-10,30,-6,32,-9,32,-9,32,-9,32,-13,37,-12,36,-11,38,-8,39,-10,36,-6,38,-4,39,-3,36,-2,39,3,38,1,35,4,35,9,36,12,0,0,0,0,0,0,0,0,0,0,0,0,0,0,0,0,0,0,0,0,0,0,-38,-11,-40,-15,-44,-20,-42,-23,-40,-27,-38,-28,-36,-35,-40,-33,-37,-38,-39,-38,-44,-39,-42,-45,-41,-44,-43,-48,-41,-46,-38,-50,-37,-49,-40,-57,-40,-51,-41,-58,-41,-56,-40,-60,-37,-57,-38,-61,-37,-62,-39,-62,-36,-60,-36,-62,-35,-59,-36,-56,-35,-56,-37,-55,-35,-54,-36,-54,-37,-52,-37,-53,-39,-48,-42,-47,-40,-42,-43,-41,-45,-41,-50,-38,-49,-35,-55,-37,-52,-29,-51,-33,-58,-28,-61,-27,-61,-32,-65,-24,-64,-26,-70,-26,-74,-28,-70,-28,-75,-31,-73,-36,-68,-32,0,0]"
CSI_DATA,193,1a:00:00:00:00:00,-48,11,1,0,1,1,1,0,0,0,1,-96,0,11,2,2819930,0,44,0,384,0,"[0,0,0,0,0,0,0,0,0,0,0,0,-4,12,-3,11,-3,10,-3,9,-3,9,-3,8,-2,8,-3,7,-2,7,-1,6,-2,6,-1,5,-1,5,0,4,0,4,0,4,0,3,0,3,1,2,1,2,1,1,1,0,1,0,2,0,2,0,2,-1,0,0,3,-2,3,-2,3,-3,3,-2,4,-3,4,-3,5,-3,5,-3,4,-3,5,-3,5,-4,5,-4,6,-3,6,-3,6,-3,6,-3,6,-3,6,-3,6,-3,6,-2,7,-2,7,-1,7,-1,7,-1,7,0,6,0,0,0,0,0,0,0,0,0,0,0,0,0,0,0,-26,76,-26,63,-24,70,-24,60,-23,62,-22,60,-19,54,-22,53,-18,45,-20,45,-16,45,-13,40,-14,39,-12,36,-7,30,-8,32,-4,28,-4,23,-3,22,0,21,2,16,3,10,4,15,8,12,5,8,11,4,10,5,14,1,13,1,14,-2,17,-5,18,-7,17,-4,19,-10,20,-14,20,-11,23,-16,28,-11,25,-17,29,-19,25,-13,30,-17,33,-20,33,-12,34,-17,33,-15,31,-17,34,-14,37,-15,36,-12,37,-15,37,-10,41,-10,34,-7,38,-2,40,1,39,2,0,0,0,0,0,0,0,0,0,0,0,0,0,0,0,0,0,0,0,0,0,0,-41,-12,-43,-20,-42,-15,-46,-19,-41,-24,-47,-26,-39,-30,-41,-32,-41,-37,-40,-35,-44,-39,-39,-40,-45,-39,-47,-45,-48,-49,-40,-42,-44,-52,-45,-51,-47,-52,-44,-53,-46,-53,-47,-52,-44,-55,-41,-53,-42,-60,-46,-57,-44,-58,-42,-59,-39,-55,-46,-58,-42,-52,-44,-56,-42,-54,-43,-51,-45,-47,-42,-41,-44,-42,-47,-40,-45,-40,-48,-38,-54,-36,-51,-31,-54,-34,-54,-25,-61,-26,-66,-25,-61,-23,-67,-19,-71,-19,-65,-17,-67,-19,-74,-19,-80,-19,-73,-19,-78,-22,-84,-24,-73,-19,0,0]"
CSI_DATA,194,1a:00:00:00:00:00,-48,11,1,0,1,1,1,0,0,0,1,-96,0,11,2,2830246,0,44,0,384,0,"[0,0,0,0,0,0,0,0,0,0,0,0,9,8,9,8,8,7,8,8,7,6,6,6,6,6,5,5,5,5,5,4,5,3,4,2,4,2,4,2,3,2,3,1,2,0,2,0,2,0,2,-1,1,-1,2,-1,1,-2,1,-2,1,-2,0,-3,0,0,0,-4,0,-4,0,-5,-1,-5,-1,-5,-1,-5,0,-6,-1,-6,-1,-6,-1,-7,-1,-7,-1,-7,-1,-7,0,-7,0,-7,0,-8,0,-8,0,-8,1,-8,1,-8,1,-8,2,-7,2,-7,2,-7,3,-7,3,-7,0,0,0,0,0,0,0,0,0,0,0,0,0,0,46,58,48,58,46,51,38,55,40,52,40,49,37,47,35,46,35,42,31,37,26,35,26,33,25,30,28,28,18,23,24,21,19,18,19,13,17,11,19,10,16,10,15,6,18,2,12,2,9,-3,12,-6,10,-8,8,-9,8,-12,3,-13,6,-15,4,-16,2,-21,0,-22,-2,-21,2,-27,0,-27,-1,-29,4,-34,0,-28,0,-35,1,-36,4,-36,0,-35,8,-37,7,-34,3,-36,7,-36,5,-37,11,-36,10,-40,13,-39,12,-38,15,-37,17,-35,17,-33,21,-32,0,0,0,0,0,0,0,0,0,0,0,0,0,0,0,0,0,0,0,0,0,0,-28,31,-31,26,-36,26,-43,29,-42,25,-42,22,-46,22,-46,19,-49,19,-53,21,-56,18,-55,19,-59,21,-59,18,-62,17,-60,18,-63,17,-65,12,-67,12,-67,10,-69,11,-70,12,-73,11,-73,7,-70,9,-74,9,-69,7,-68,7,-69,10,-68,7,-68,7,-65,9,-68,11,-66,10,-64,15,-62,11,-63,18,-55,23,-57,22,-54,23,-58,23,-55,30,-54,30,-57,37,-49,29,-49,44,-52,40,-51,44,-54,48,-52,51,-49,48,-49,56,-56,52,-54,56,-53,58,-55,55,-55,58,0,0]"
CSI_DATA,195,1a:00:00:00:00:00,-47,11,1,0,1,1,1,0,0,0,1,-96,0,11,2,2839523,0,44,0,384,0,"[0,0,0,0,0,0,0,0,0,0,0,0,-4,-12,-3,-12,-4,-11,-3,-10,-3,-10,-3,-9,-3,-8,-3,-8,-3,-7,-3,-7,-3,-6,-3,-6,-3,-5,-3,-5,-3,-4,-3,-3,-2,-3,-2,-3,-3,-2,-3,-1,-3,-1,-3,0,-2,0,-3,0,-3,1,-2,1,0,0,-2,2,-2,2,-2,3,-2,3,-3,3,-3,4,-3,4,-3,4,-3,5,-3,5,-3,5,-3,5,-4,6,-4,5,-4,6,-4,6,-4,6,-4,5,-4,5,-4,5,-5,6,-5,5,-6,5,-6,4,-6,4,-6,3,0,0,0,0,0,0,0,0,0,0,0,0,0,0,-33,-77,-34,-69,-32,-67,-28,-62,-30,-61,-23,-60,-25,-56,-26,-49,-21,-47,-25,-46,-21,-42,-21,-40,-19,-32,-18,-32,-22,-28,-17,-25,-22,-20,-17,-20,-17,-17,-19,-9,-15,-11,-14,-9,-14,-5,-15,-6,-13,0,-8,3,-10,1,-9,10,-9,7,-10,10,-4,13,-10,16,-2,16,-1,22,-7,22,-3,26,-3,25,-4,30,-4,27,-5,32,-2,33,-3,29,-7,34,-5,35,-7,32,-4,33,-9,38,-9,38,-11,37,-12,37,-11,38,-12,35,-15,36,-19,34,-20,34,-22,32,-26,27,0,0,0,0,0,0,0,0,0,0,0,0,0,0,0,0,0,0,0,0,0,0,35,-14,41,-7,38,-7,46,-5,46,-5,48,1,49,0,50,5,50,6,54,3,56,0,55,5,59,6,61,9,63,11,62,13,67,12,64,16,65,13,65,19,68,11,69,20,69,16,71,18,71,19,68,16,66,16,69,16,66,17,67,14,61,12,69,13,67,13,63,12,62,7,59,7,60,1,59,-3,63,-7,59,-6,64,-7,59,-11,60,-15,61,-21,61,-19,62,-19,59,-23,59,-27,62,-28,64,-35,61,-31,63,-38,68,-37,65,-37,68,-41,72,-41,69,-42,0,0]"
CSI_DATA,196,1a:00:00:00:00:00,-48,11,1,0,1,1,1,0,0,0,1,-96,0,11,2,2849749,0,44,0,384,0,"[0,0,0,0,0,0,0,0,0,0,0,0,10,6,9,5,9,5,8,5,7,5,7,4,7,3,6,3,5,3,5,2,5,2,5,2,5,1,4,1,4,0,3,0,3,-1,3,-1,2,-1,2,-1,2,-2,1,-2,1,-2,0,-2,0,-3,-1,-3,0,0,-1,-3,-1,-4,-1,-4,-2,-4,-2,-5,-2,-5,-2,-5,-2,-5,-3,-6,-3,-6,-3,-6,-3,-6,-2,-6,-3,-6,-3,-7,-3,-7,-3,-7,-2,-7,-2,-7,-2,-7,-1,-7,-1,-7,-1,-7,-1,-7,0,-7,0,-7,0,0,0,0,0,0,0,0,0,0,0,0,0,0,57,52,53,46,55,43,49,46,45,43,44,43,41,37,41,39,37,33,37,32,32,30,29,23,30,22,30,20,26,16,22,17,22,14,21,12,22,7,21,7,15,4,16,3,17,-3,16,-3,15,-7,10,-9,6,-7,7,-13,3,-11,3,-9,2,-14,-1,-17,-2,-21,-3,-23,-3,-23,-4,-23,-5,-24,-7,-29,-5,-28,-7,-32,-4,-33,-5,-33,-4,-38,-5,-33,-3,-39,-7,-35,0,-37,-5,-38,-2,-38,0,-38,-1,-38,3,-39,4,-43,6,-36,9,-39,13,-37,14,-35,0,0,0,0,0,0,0,0,0,0,0,0,0,0,0,0,0,0,0,0,0,0,-25,33,-26,31,-33,29,-38,30,-37,23,-38,24,-44,25,-43,27,-48,28,-48,23,-52,25,-53,23,-56,25,-57,24,-64,22,-61,23,-62,18,-61,20,-63,21,-66,16,-64,16,-68,17,-67,15,-66,18,-68,15,-67,17,-68,16,-72,16,-66,18,-69,15,-60,15,-69,17,-61,18,-61,20,-64,21,-60,20,-59,20,-60,26,-52,28,-54,27,-55,33,-46,33,-45,36,-48,42,-49,39,-46,39,-45,45,-43,53,-44,51,-44,53,-42,58,-44,60,-44,61,-42,60,-44,61,-48,64,-42,66,0,0]"
CSI_DATA,197,1a:00:00:00:00:00,-47,11,1,0,1,1,1,0,0,0,1,-96,0,11,2,2861160,0,44,0,384,0,"[0,0,0,0,0,0,0,0,0,0,0,0,-11,5,-11,5,-10,5,-9,4,-9,4,-8,4,-8,4,-7,4,-7,3,-6,3,-5,3,-5,3,-4,3,-4,2,-3,2,-3,2,-2,3,-2,2,-1,2,-1,2,-1,2,0,1,0,2,1,1,1,1,2,1,0,0,2,1,3,0,3,0,3,0,4,0,4,0,5,0,5,0,5,1,5,1,5,1,5,1,6,1,6,1,6,1,6,1,6,1,6,2,6,2,6,2,6,3,6,3,5,3,5,3,5,4,4,4,0,0,0,0,0,0,0,0,0,0,0,0,0,0,-68,32,-72,31,-67,35,-65,32,-58,31,-54,26,-53,28,-51,23,-45,21,-46,20,-42,24,-35,20,-31,22,-32,19,-26,19,-21,18,-24,20,-19,14,-17,14,-14,16,-8,15,-6,13,-8,16,-1,13,1,9,1,11,5,11,7,8,6,6,12,7,14,4,16,6,18,7,17,6,23,3,22,4,25,5,25,4,28,4,33,4,34,6,33,2,31,7,30,5,33,4,37,6,38,6,36,6,37,11,36,8,37,11,36,14,35,16,33,19,35,16,28,23,27,24,0,0,0,0,0,0,0,0,0,0,0,0,0,0,0,0,0,0,0,0,0,0,-17,-38,-16,-42,-11,-45,-8,-48,-6,-50,-3,-50,-4,-51,-4,-50,0,-54,0,-57,2,-57,0,-60,2,-61,4,-64,5,-68,9,-63,7,-66,10,-69,10,-66,13,-70,8,-70,12,-71,12,-70,14,-72,16,-68,14,-69,18,-72,12,-71,12,-68,13,-67,10,-65,10,-65,7,-70,5,-66,5,-70,0,-66,-3,-61,-3,-62,-4,-59,-8,-63,-14,-62,-18,-62,-19,-62,-19,-59,-22,-60,-21,-57,-26,-60,-28,-59,-34,-67,-31,-60,-37,-63,-36,-64,-42,-66,-43,-62,-41,-67,-45,-69,-43,-71,0,0]"
CSI_DATA,198,1a:00:00:00:00:00,-48,11,1,0,1,1,1,0,0,0,1,-96,0,11,2,2870565,0,44,0,384,0,"[0,0,0,0,0,0,0,0,0,0,0,0,-5,-12,-6,-12,-6,-11,-5,-11,-5,-9,-5,-9,-4,-8,-4,-8,-4,-7,-4,-6,-4,-6,-4,-5,-4,-5,-4,-4,-4,-4,-3,-3,-3,-2,-3,-2,-3,-1,-3,-1,-3,0,-3,0,-2,0,-3,1,-2,1,-2,1,0,0,-1,3,-2,3,-2,3,-1,4,-2,4,-2,5,-2,5,-2,5,-2,5,-1,5,-2,6,-2,6,-2,6,-2,6,-2,6,-2,7,-3,6,-3,6,-3,6,-3,6,-4,6,-4,6,-5,5,-4,5,-5,5,-5,4,0,0,0,0,0,0,0,0,0,0,0,0,0,0,-24,-70,-26,-70,-25,-69,-18,-69,-18,-64,-18,-61,-19,-57,-16,-54,-14,-48,-17,-48,-14,-46,-14,-41,-13,-40,-15,-32,-14,-30,-15,-27,-16,-22,-14,-23,-13,-17,-17,-19,-13,-13,-13,-13,-10,-8,-13,-5,-12,0,-13,0,-11,2,-10,7,-9,8,-10,7,-9,9,-12,15,-8,19,-11,20,-10,19,-7,23,-7,23,-15,26,-10,28,-9,29,-11,31,-12,28,-15,35,-12,33,-17,32,-16,33,-13,35,-15,34,-17,32,-20,34,-23,35,-21,29,-26,30,-23,27,-30,29,-31,26,-32,20,0,0,0,0,0,0,0,0,0,0,0,0,0,0,0,0,0,0,0,0,0,0,39,-16,37,-8,42,-11,47,-5,49,-3,47,-2,51,1,54,7,52,3,51,7,54,7,58,5,62,5,61,11,65,10,62,15,65,16,63,16,68,16,65,21,64,21,66,24,67,20,68,20,66,18,65,19,68,20,67,24,64,21,65,21,63,17,63,19,63,23,64,16,63,15,60,13,63,12,60,3,72,6,56,-6,55,1,64,-4,67,-10,56,-10,60,-14,65,-15,68,-16,64,-22,65,-24,61,-25,67,-33,70,-29,71,-32,71,-29,73,-33,72,-30,76,-31,0,0]"
CSI_DATA,199,1a:00:00:00:00:00,-48,11,1,0,1,1,1,0,0,0,1,-96,0,11,2,2900232,0,44,0,384,0,"[0,0,0,0,0,0,0,0,0,0,0,0,-2,-12,-2,-11,-2,-11,-2,-11,-2,-10,-2,-9,-2,-8,-2,-8,-2,-7,-2,-7,-2,-6,-2,-6,-2,-5,-2,-5,-3,-4,-2,-4,-2,-3,-2,-3,-3,-2,-3,-2,-3,-1,-3,-1,-3,-1,-3,0,-3,1,-2,1,0,0,-2,2,-3,2,-3,3,-2,3,-3,3,-3,4,-3,4,-3,4,-3,4,-3,4,-4,5,-4,5,-4,5,-4,5,-4,5,-4,5,-5,5,-5,5,-5,4,-5,4,-5,4,-6,4,-6,3,-6,3,-6,3,-6,2,0,0,0,0,0,0,0,0,0,0,0,0,0,0,-16,-75,-20,-74,-18,-68,-14,-68,-13,-63,-9,-60,-12,-56,-12,-54,-12,-51,-11,-46,-11,-46,-9,-43,-9,-37,-11,-32,-9,-33,-14,-29,-8,-29,-12,-22,-14,-20,-14,-18,-15,-14,-15,-12,-13,-10,-13,-3,-11,-2,-15,-3,-11,3,-11,6,-9,3,-12,7,-11,10,-12,15,-9,14,-10,21,-13,20,-15,20,-12,22,-12,25,-12,26,-13,27,-16,30,-17,26,-20,30,-20,30,-20,32,-19,32,-23,28,-23,30,-26,30,-25,32,-25,29,-27,30,-25,26,-26,21,-30,23,-35,20,-33,14,0,0,0,0,0,0,0,0,0,0,0,0,0,0,0,0,0,0,0,0,0,0,38,-11,39,-8,44,-10,48,-1,45,-2,48,0,52,2,50,4,52,8,51,6,55,11,54,13,61,13,61,15,63,17,60,15,66,21,63,20,63,18,66,20,64,22,67,23,63,25,64,23,63,29,66,29,67,27,65,29,61,23,65,23,61,22,65,20,63,20,61,19,60,16,60,12,57,10,61,9,60,9,65,7,63,1,60,0,60,-1,64,-9,62,-13,58,-12,63,-15,65,-17,72,-21,68,-16,70,-21,71,-21,75,-27,78,-26,74,-28,77,-25,77,-24,0,0]"
CSI_DATA,200,1a:00:00:00:00:00,-48,11,1,0,1,1,1,0,0,0,1,-96,0,11,2,2910330,0,44,0,384,0,"[0,0,0,0,0,0,0,0,0,0,0,0,-12,3,-11,3,-11,2,-10,2,-10,2,-9,2,-9,2,-7,2,-7,2,-6,2,-6,2,-5,2,-5,2,-4,1,-4,2,-3,2,-3,2,-2,2,-2,2,-2,2,-1,2,0,1,0,2,1,1,1,1,2,1,0,0,2,1,3,1,3,1,3,1,3,1,4,1,4,1,4,1,5,2,5,2,5,2,5,2,5,2,5,2,5,3,5,3,5,2,5,3,5,3,5,3,5,4,5,4,5,4,4,4,4,5,3,5,0,0,0,0,0,0,0,0,0,0,0,0,0,0,-76,20,-74,16,-70,21,-63,17,-64,13,-59,13,-60,14,-58,11,-51,12,-48,9,-47,11,-41,11,-38,14,-34,12,-31,13,-29,13,-29,9,-21,16,-22,13,-18,10,-10,11,-8,13,-13,12,-7,12,-4,10,-3,12,3,14,5,10,9,9,13,8,13,10,15,8,17,9,17,9,21,9,23,10,24,7,24,13,23,9,29,10,32,7,32,11,29,11,34,13,34,14,34,16,34,15,36,14,31,19,32,18,35,21,31,23,27,22,30,26,29,26,25,27,19,30,0,0,0,0,0,0,0,0,0,0,0,0,0,0,0,0,0,0,0,0,0,0,-12,-41,-5,-42,-4,-45,0,-47,3,-48,5,-48,8,-50,9,-51,7,-52,12,-54,13,-57,17,-57,17,-57,18,-57,19,-62,20,-65,20,-64,22,-62,25,-62,27,-65,23,-66,29,-66,27,-67,31,-67,29,-65,30,-64,32,-67,26,-64,26,-64,27,-66,21,-63,25,-64,22,-63,19,-63,17,-64,18,-61,13,-62,11,-60,5,-62,5,-60,0,-61,1,-61,-6,-63,-6,-63,-9,-61,-12,-61,-14,-65,-21,-61,-18,-67,-19,-72,-25,-70,-21,-70,-25,-77,-29,-71,-26,-72,-25,-79,-25,-78,0,0]"
CSI_DATA,201,1a:00:00:00:00:00,-47,11,1,0,1,1,1,0,0,0,1,-96,0,11,2,2919966,0,44,0,384,0,"[0,0,0,0,0,0,0,0,0,0,0,0,9,-8,8,-8,7,-7,7,-6,6,-6,6,-6,6,-6,5,-6,4,-5,4,-5,3,-5,3,-4,2,-4,2,-4,1,-4,1,-4,1,-4,0,-3,0,-3,-1,-2,-1,-2,-1,-2,-1,-2,-2,-2,-2,-2,-3,-1,0,0,-3,-1,-4,-1,-4,0,-5,0,-5,0,-5,0,-6,0,-6,0,-6,0,-6,0,-6,0,-6,0,-7,0,-7,0,-7,-1,-7,0,-7,-1,-7,-1,-7,-1,-7,-2,-7,-2,-7,-2,-7,-2,-6,-3,-6,-3,-6,-4,0,0,0,0,0,0,0,0,0,0,0,0,0,0,67,-42,60,-39,61,-38,58,-36,55,-36,58,-34,47,-32,50,-33,44,-22,38,-29,35,-26,35,-24,29,-23,28,-18,26,-23,20,-22,17,-20,17,-22,15,-19,9,-15,6,-18,5,-15,2,-15,2,-12,1,-9,-2,-13,-7,-10,-6,-9,-8,-8,-15,-7,-16,-3,-16,-4,-18,-3,-24,-5,-26,-2,-25,0,-27,-2,-29,-4,-27,-4,-35,-4,-33,-5,-36,-2,-35,-3,-33,-3,-37,-3,-38,-5,-37,-5,-38,-6,-39,-9,-37,-8,-38,-11,-38,-16,-36,-13,-36,-16,-32,-17,-32,-20,-32,-20,0,0,0,0,0,0,0,0,0,0,0,0,0,0,0,0,0,0,0,0,0,0,20,37,19,38,14,40,15,42,10,45,7,52,9,49,4,46,7,53,6,53,5,58,6,59,3,59,4,59,-4,61,-1,64,-2,69,-3,66,-4,69,-5,69,-6,72,-9,69,-9,70,-5,70,-5,72,-7,73,-5,71,-6,74,-6,71,-6,69,-6,67,-4,69,-6,66,-3,66,-2,64,1,63,5,61,6,61,12,57,15,61,17,60,22,57,20,56,22,57,28,54,37,53,30,58,32,56,35,59,40,62,42,56,47,60,46,64,43,60,47,62,45,62,44,66,0,0]"
CSI_DATA,202,1a:00:00:00:00:00,-47,11,1,0,1,1,1,0,0,0,1,-96,0,11,2,2930512,0,44,0,384,0,"[0,0,0,0,0,0,0,0,0,0,0,0,9,-9,8,-8,8,-7,8,-7,7,-7,6,-6,6,-6,5,-6,5,-6,4,-5,4,-5,3,-5,3,-4,2,-4,1,-4,1,-4,1,-4,0,-3,-1,-3,-1,-3,-1,-2,-2,-2,-2,-2,-2,-2,-2,-1,-3,-2,0,0,-4,-1,-4,-1,-4,-1,-4,0,-5,0,-6,0,-6,0,-6,0,-6,-1,-7,0,-7,0,-7,-1,-7,0,-7,-1,-7,-1,-7,-1,-8,-1,-7,-1,-7,-2,-7,-2,-7,-2,-7,-2,-7,-3,-7,-3,-7,-4,-6,-4,0,0,0,0,0,0,0,0,0,0,0,0,0,0,73,-42,68,-37,70,-35,61,-30,59,-28,56,-28,55,-28,54,-26,45,-28,45,-27,42,-21,37,-24,35,-22,29,-19,26,-17,25,-17,23,-20,15,-18,14,-17,11,-16,8,-16,5,-14,4,-11,2,-16,0,-14,-4,-11,-3,-13,-9,-13,-11,-10,-14,-11,-12,-11,-17,-6,-21,-5,-21,-6,-26,-10,-25,-9,-25,-5,-29,-11,-30,-8,-34,-11,-32,-10,-32,-8,-36,-13,-35,-12,-34,-12,-35,-11,-36,-16,-33,-14,-39,-18,-36,-17,-34,-21,-36,-20,-31,-22,-30,-24,-31,-26,-26,-28,-26,-30,0,0,0,0,0,0,0,0,0,0,0,0,0,0,0,0,0,0,0,0,0,0,26,28,27,36,24,35,23,42,21,44,19,47,16,46,15,50,14,54,14,51,14,54,15,54,12,59,10,62,10,65,5,62,8,68,5,66,7,72,2,70,5,69,1,73,0,71,1,72,-1,74,0,71,-1,69,3,72,-2,69,-2,75,-1,68,2,69,0,68,4,67,3,64,7,67,6,58,13,59,13,59,16,60,18,61,20,56,28,59,25,58,30,55,29,60,32,61,39,53,39,58,42,55,43,62,47,60,46,66,42,59,49,66,50,70,46,70,0,0]"
CSI_DATA,203,1a:00:00:00:00:00,-48,11,1,0,1,1,1,0,0,0,1,-96,0,11,2,2940750,0,44,0,384,0,"[0,0,0,0,0,0,0,0,0,0,0,0,-6,10,-6,10,-5,9,-5,8,-5,8,-5,8,-4,7,-4,7,-3,6,-3,5,-3,5,-2,5,-2,4,-2,4,-1,3,-1,3,0,3,0,2,0,2,1,1,1,1,1,1,1,1,1,0,2,0,2,0,0,0,3,-1,3,-2,3,-2,3,-2,3,-3,4,-3,4,-3,4,-3,4,-3,5,-3,5,-3,5,-3,5,-3,6,-3,5,-3,5,-3,6,-3,6,-2,6,-2,6,-2,6,-2,6,-1,6,-1,6,-1,6,0,6,0,0,0,0,0,0,0,0,0,0,0,0,0,0,0,-38,66,-36,59,-41,64,-36,59,-32,58,-32,54,-31,48,-30,48,-29,45,-25,43,-21,39,-18,37,-19,37,-19,30,-14,31,-10,26,-10,25,-10,21,-7,19,-1,18,-3,17,8,18,6,13,3,8,4,8,8,7,10,5,9,5,11,1,14,2,13,-3,19,-6,17,-5,19,-8,22,-8,20,-13,22,-14,25,-11,25,-15,27,-14,27,-16,30,-17,35,-14,29,-19,32,-17,35,-18,34,-17,33,-13,34,-15,40,-11,37,-14,40,-12,36,-7,34,-9,37,-9,39,-2,39,-1,0,0,0,0,0,0,0,0,0,0,0,0,0,0,0,0,0,0,0,0,0,0,-33,-25,-32,-32,-32,-32,-28,-36,-28,-41,-28,-41,-25,-44,-25,-51,-25,-47,-26,-49,-21,-55,-24,-55,-26,-54,-25,-59,-25,-58,-25,-61,-25,-64,-22,-63,-25,-67,-21,-65,-26,-65,-23,-65,-20,-67,-24,-70,-22,-68,-20,-68,-23,-68,-19,-69,-22,-63,-23,-69,-22,-65,-25,-63,-25,-61,-26,-61,-24,-57,-30,-58,-28,-56,-31,-53,-35,-50,-35,-50,-40,-52,-42,-46,-45,-44,-47,-43,-52,-43,-47,-39,-54,-41,-57,-35,-58,-37,-59,-36,-67,-33,-66,-33,-69,-37,-68,-32,-73,-34,-72,-41,-72,-36,0,0]"
CSI_DATA,204,1a:00:00:00:00:00,-48,11,1,0,1,1,1,0,0,0,1,-96,0,11,2,2949511,0,44,0,384,0,"[0,0,0,0,0,0,0,0,0,0,0,0,-8,8,-8,9,-7,7,-7,7,-7,6,-7,7,-6,6,-5,5,-5,5,-4,4,-4,5,-3,4,-3,4,-2,3,-2,3,-1,3,-1,3,-1,2,0,2,0,1,0,1,1,1,1,1,1,0,2,0,2,0,0,0,3,0,3,-1,3,-1,3,-1,4,-1,4,-2,5,-1,5,-2,5,-1,5,-1,5,-1,6,-1,6,-1,6,-1,6,-1,6,-1,6,-1,6,0,7,0,6,0,6,0,6,0,6,1,6,1,6,2,5,2,0,0,0,0,0,0,0,0,0,0,0,0,0,0,-68,46,-62,41,-55,42,-58,39,-56,42,-51,38,-52,34,-47,30,-42,29,-39,29,-37,26,-33,25,-30,28,-32,22,-23,21,-23,22,-19,20,-14,21,-13,20,-8,16,-6,23,-3,18,-3,11,-1,12,0,13,4,9,8,8,10,5,11,8,13,6,18,5,18,4,20,2,19,3,21,-2,25,-4,26,-1,28,-2,27,-2,32,1,32,-1,31,0,32,-1,35,-2,36,0,37,3,37,4,35,2,36,7,38,0,35,2,38,8,37,6,38,9,34,13,35,15,32,20,0,0,0,0,0,0,0,0,0,0,0,0,0,0,0,0,0,0,0,0,0,0,-25,-34,-20,-40,-18,-41,-16,-43,-12,-46,-12,-47,-14,-50,-10,-52,-11,-54,-12,-54,-9,-55,-10,-57,-10,-60,-2,-62,-4,-67,-2,-66,-5,-69,-1,-68,-3,-66,-1,-65,0,-68,3,-74,4,-69,3,-74,5,-69,2,-70,3,-72,2,-72,3,-71,2,-71,0,-68,-2,-67,1,-68,-6,-66,-5,-69,-6,-65,-13,-61,-11,-57,-12,-60,-18,-59,-20,-60,-26,-57,-28,-54,-31,-59,-32,-54,-31,-51,-33,-50,-41,-55,-43,-56,-44,-55,-47,-57,-52,-57,-52,-62,-50,-57,-54,-62,-49,-62,-51,-60,0,0]"
CSI_DATA,205,1a:00:00:00:00:00,-48,11,1,0,1,1,1,0,0,0,1,-96,0,11,2,2959490,0,44,0,384,0,"[0,0,0,0,0,0,0,0,0,0,0,0,-13,0,-12,0,-11,0,-10,-1,-10,0,-9,0,-9,0,-8,0,-7,0,-7,0,-6,1,-6,1,-6,0,-5,1,-5,1,-3,1,-3,2,-2,1,-2,2,-2,1,-2,1,-1,1,-1,2,0,1,0,2,1,2,0,0,2,2,2,2,3,2,3,2,3,2,3,2,4,2,4,2,4,2,4,3,5,3,4,3,4,3,5,3,4,3,5,4,5,3,5,4,5,4,4,4,4,5,4,5,3,5,3,5,3,5,2,5,0,0,0,0,0,0,0,0,0,0,0,0,0,0,-79,2,-75,-2,-76,2,-65,-1,-62,2,-57,-3,-59,-3,-56,-2,-51,-1,-53,-3,-44,2,-40,3,-38,3,-35,4,-33,2,-29,3,-28,3,-25,6,-18,6,-21,10,-17,8,-13,8,-10,10,-9,12,-4,13,-5,12,2,9,2,11,8,12,4,12,12,11,13,12,13,10,15,11,19,10,16,14,23,14,23,13,24,15,25,14,29,14,28,16,26,18,33,17,29,21,33,19,31,18,30,21,27,25,32,25,32,23,27,27,21,28,25,27,20,31,20,32,18,30,0,0,0,0,0,0,0,0,0,0,0,0,0,0,0,0,0,0,0,0,0,0,7,-43,8,-40,11,-44,15,-47,17,-44,22,-46,23,-46,24,-46,25,-47,29,-48,30,-47,31,-49,33,-51,34,-48,35,-54,40,-51,40,-55,41,-50,43,-51,46,-55,46,-54,43,-57,47,-56,50,-53,49,-54,42,-50,48,-55,48,-51,46,-54,45,-54,38,-54,40,-55,41,-54,36,-55,35,-56,34,-53,30,-56,28,-54,27,-60,23,-60,21,-58,18,-60,12,-57,11,-66,6,-62,7,-69,2,-67,-4,-63,-3,-70,-5,-76,-4,-76,-7,-76,-4,-73,-11,-75,-6,-79,-10,-79,-10,-82,0,0]"
CSI_DATA,206,1a:00:00:00:00:00,-47,11,1,0,1,1,1,0,0,0,1,-96,0,11,2,2979563,0,44,0,384,0,"[0,0,0,0,0,0,0,0,0,0,0,0,-9,9,-9,9,-8,8,-8,7,-7,6,-7,7,-7,6,-6,6,-5,5,-5,5,-4,5,-4,4,-3,4,-3,3,-2,3,-2,3,-1,3,-1,2,0,2,0,2,0,1,1,1,1,1,1,1,2,0,2,0,0,0,3,0,3,-1,3,-1,4,-1,4,-2,5,-2,5,-2,5,-2,5,-1,5,-2,6,-2,6,-2,6,-2,6,-2,6,-1,7,-1,7,-1,6,-1,7,-1,7,0,7,0,7,0,7,1,6,1,6,2,6,2,0,0,0,0,0,0,0,0,0,0,0,0,0,0,-58,49,-55,50,-57,55,-50,42,-45,46,-44,46,-42,42,-41,37,-38,32,-36,36,-35,28,-28,33,-24,27,-24,23,-19,28,-16,22,-16,21,-14,22,-9,19,-9,18,-5,18,1,16,-2,16,1,8,3,9,7,8,7,5,9,4,15,4,12,-1,17,-2,16,-4,19,-4,19,-3,25,-6,26,-6,23,-7,28,-10,22,-6,31,-6,30,-13,35,-5,37,-9,35,-8,34,-8,36,-7,38,-6,35,-3,35,-6,36,-6,40,-2,38,-3,37,-1,37,1,36,4,40,8,35,10,0,0,0,0,0,0,0,0,0,0,0,0,0,0,0,0,0,0,0,0,0,0,-26,-34,-22,-40,-24,-41,-20,-44,-20,-44,-14,-46,-12,-50,-12,-53,-11,-55,-10,-51,-14,-54,-9,-57,-9,-60,-11,-60,-9,-61,-5,-63,-9,-67,-5,-67,-4,-68,-6,-67,-7,-70,-1,-73,-6,-69,-6,-67,-7,-71,-3,-71,-5,-74,-3,-71,-4,-68,-7,-70,-6,-64,-6,-70,-6,-65,-6,-66,-11,-63,-11,-62,-16,-62,-17,-59,-18,-57,-22,-54,-28,-57,-34,-53,-33,-54,-38,-50,-39,-52,-42,-46,-44,-48,-49,-44,-49,-50,-48,-51,-52,-50,-57,-47,-56,-56,-59,-50,-63,-51,-62,-56,-59,-52,0,0]"
CSI_DATA,207,1a:00:00:00:00:00,-48,11,1,0,1,1,1,0,0,0,1,-96,0,11,2,2989681,0,44,0,384,0,"[0,0,0,0,0,0,0,0,0,0,0,0,1,11,1,10,2,10,1,9,1,9,1,8,1,8,1,7,1,6,2,6,1,6,1,5,1,4,1,3,1,3,1,3,2,2,1,1,2,1,2,0,2,0,2,0,2,-1,2,-1,2,-2,1,-2,0,0,1,-3,2,-3,2,-4,2,-4,2,-4,2,-5,2,-5,2,-5,2,-5,2,-6,2,-6,2,-6,3,-6,3,-6,3,-6,3,-6,3,-6,3,-6,3,-6,4,-6,4,-6,4,-5,5,-5,5,-5,5,-4,5,-3,0,0,0,0,0,0,0,0,0,0,0,0,0,0,12,72,7,73,10,68,9,66,10,69,6,59,5,59,3,52,5,51,5,47,8,43,10,40,10,37,5,34,5,38,5,32,8,27,10,25,9,17,11,18,9,17,10,13,8,8,10,8,12,5,11,3,11,-1,9,-4,8,-7,9,-8,10,-10,11,-11,8,-19,9,-24,11,-20,10,-24,8,-25,6,-28,12,-31,12,-29,13,-31,14,-28,15,-36,13,-34,16,-35,17,-31,14,-33,17,-33,18,-32,19,-32,20,-33,21,-30,25,-33,26,-29,26,-28,31,-23,31,-22,0,0,0,0,0,0,0,0,0,0,0,0,0,0,0,0,0,0,0,0,0,0,-43,-2,-45,-7,-45,-6,-48,-9,-49,-13,-44,-15,-52,-16,-48,-17,-55,-19,-50,-19,-52,-25,-54,-21,-56,-23,-57,-33,-59,-28,-55,-31,-56,-30,-58,-31,-60,-35,-61,-30,-61,-36,-62,-36,-58,-37,-59,-37,-59,-39,-62,-39,-64,-41,-63,-39,-61,-38,-62,-37,-58,-33,-59,-33,-59,-30,-60,-29,-59,-30,-59,-27,-58,-17,-59,-22,-55,-17,-66,-18,-60,-11,-61,-9,-63,-3,-64,-4,-64,1,-59,6,-66,7,-71,17,-71,10,-70,16,-68,12,-76,18,-79,14,-76,17,-78,17,-82,17,-81,18,0,0]"
CSI_DATA,208,1a:00:00:00:00:00,-48,11,1,0,1,1,1,0,0,0,1,-96,0,11,2,3010099,0,44,0,384,0,"[0,0,0,0,0,0,0,0,0,0,0,0,8,-11,7,-10,6,-9,6,-8,6,-8,5,-8,5,-7,5,-7,4,-7,3,-6,3,-6,3,-5,2,-5,1,-5,1,-4,0,-4,0,-4,0,-4,-1,-3,-1,-3,-2,-2,-2,-2,-2,-2,-3,-1,-3,-1,-3,-1,0,0,-4,0,-4,0,-4,1,-5,0,-5,1,-5,1,-6,2,-6,1,-6,1,-6,1,-7,1,-7,1,-7,1,-7,1,-7,1,-8,1,-8,1,-7,0,-8,0,-8,0,-8,-1,-8,0,-8,-1,-8,-1,-7,-2,-7,-3,0,0,0,0,0,0,0,0,0,0,0,0,0,0,51,-61,51,-54,49,-58,44,-53,41,-55,41,-47,38,-45,38,-44,32,-39,30,-40,28,-36,23,-30,24,-32,20,-31,12,-28,11,-27,15,-24,10,-22,7,-20,1,-19,3,-16,-4,-14,-2,-14,-2,-14,-6,-12,-6,-9,-2,-7,-9,-8,-13,-3,-14,-1,-16,1,-20,-4,-19,4,-19,5,-24,2,-19,5,-23,6,-26,6,-30,3,-32,4,-35,9,-35,11,-34,11,-36,10,-33,11,-37,5,-39,7,-41,5,-41,3,-39,4,-40,0,-40,-4,-39,-4,-40,1,-40,-3,-38,-5,-36,-12,0,0,0,0,0,0,0,0,0,0,0,0,0,0,0,0,0,0,0,0,0,0,32,29,27,32,27,34,25,41,21,40,24,41,21,45,18,51,24,51,17,49,20,51,21,53,21,52,19,55,19,61,20,60,21,66,18,64,18,67,13,65,16,68,12,70,14,68,15,71,12,70,15,71,16,67,13,72,14,64,17,68,14,66,16,66,12,62,19,62,18,61,22,60,21,57,25,55,24,51,31,52,32,50,37,48,36,48,42,45,42,46,46,48,46,45,48,42,53,45,56,43,58,37,65,45,66,46,63,43,68,44,67,49,63,43,0,0]"
CSI_DATA,209,1a:00:00:00:00:00,-48,11,1,0,1,1,1,0,0,0,1,-96,0,11,2,3019527,0,44,0,384,0,"[0,0,0,0,0,0,0,0,0,0,0,0,1,12,1,11,1,11,1,10,0,9,1,8,0,8,1,7,0,7,1,6,1,5,1,5,1,4,1,4,1,3,1,3,2,2,1,2,2,1,2,1,2,0,2,0,1,-1,1,-1,2,-2,2,-2,0,0,2,-3,2,-3,2,-4,1,-4,2,-5,2,-5,2,-5,2,-5,2,-5,3,-5,3,-6,3,-6,3,-6,3,-6,3,-6,4,-6,4,-6,4,-6,4,-6,5,-5,5,-6,5,-5,5,-5,5,-4,5,-4,5,-3,0,0,0,0,0,0,0,0,0,0,0,0,0,0,15,78,15,70,14,71,15,70,12,68,13,68,9,57,9,60,8,52,11,52,10,45,8,37,8,40,11,34,6,32,13,29,11,25,12,23,13,18,14,19,10,11,10,10,10,8,10,5,13,5,11,-1,11,-2,10,-4,7,-8,11,-13,11,-14,11,-14,5,-17,11,-24,12,-19,13,-24,8,-21,9,-28,8,-28,13,-29,13,-33,17,-31,14,-33,17,-34,19,-38,17,-32,18,-37,17,-36,20,-34,21,-32,22,-31,24,-34,26,-31,27,-27,27,-28,27,-23,34,-24,0,0,0,0,0,0,0,0,0,0,0,0,0,0,0,0,0,0,0,0,0,0,-44,6,-45,3,-44,5,-52,-1,-49,-2,-50,-8,-53,-6,-51,-11,-56,-10,-51,-12,-56,-17,-57,-17,-59,-21,-59,-19,-65,-23,-60,-23,-67,-24,-60,-25,-62,-25,-62,-28,-66,-30,-66,-29,-62,-25,-64,-31,-66,-30,-62,-32,-63,-30,-68,-33,-60,-29,-66,-32,-66,-26,-64,-25,-66,-24,-65,-26,-65,-23,-60,-21,-63,-13,-60,-13,-61,-9,-64,-9,-63,-6,-60,2,-64,2,-59,1,-69,8,-59,13,-64,12,-65,20,-68,20,-72,19,-72,22,-77,22,-77,26,-72,22,-79,24,-82,23,-79,25,0,0]"
CSI_DATA,210,1a:00:00:00:00:00,-48,11,1,0,1,1,1,0,0,0,1,-96,0,11,2,3030044,0,44,0,384,0,"[0,0,0,0,0,0,0,0,0,0,0,0,9,8,8,8,8,7,7,8,6,6,6,6,6,5,5,5,5,4,5,4,4,3,4,3,4,2,3,1,4,1,3,1,2,0,2,0,2,-1,2,-1,2,-1,1,-2,0,-2,1,-2,0,-3,0,-3,0,0,-1,-4,0,-4,-1,-5,-1,-5,-1,-5,-1,-5,-1,-6,-1,-6,-1,-6,-2,-6,-2,-7,-1,-7,-1,-7,-1,-7,-2,-7,-1,-8,-1,-7,-1,-8,-1,-8,0,-8,0,-8,1,-7,1,-7,1,-7,2,-7,2,-7,0,0,0,0,0,0,0,0,0,0,0,0,0,0,49,60,43,53,50,59,44,53,38,53,40,52,34,46,34,44,29,41,31,39,25,33,27,34,24,28,24,27,21,24,21,22,22,19,20,13,19,10,14,7,18,6,12,4,12,0,16,1,15,-3,8,-6,10,-7,5,-10,7,-11,2,-13,2,-15,5,-15,2,-21,2,-21,-3,-24,0,-28,0,-28,-3,-29,2,-33,-2,-31,1,-30,0,-35,1,-35,-1,-39,4,-39,1,-38,8,-38,5,-37,7,-37,9,-39,13,-39,8,-39,13,-40,14,-35,18,-36,18,-31,22,-28,0,0,0,0,0,0,0,0,0,0,0,0,0,0,0,0,0,0,0,0,0,0,-25,31,-31,29,-37,25,-38,27,-38,27,-43,24,-48,21,-43,23,-50,23,-52,18,-51,20,-55,20,-57,21,-59,21,-66,19,-61,18,-64,17,-62,16,-67,15,-69,12,-67,12,-71,11,-64,13,-68,11,-71,13,-72,10,-70,10,-73,13,-65,9,-73,10,-61,12,-68,12,-65,13,-61,12,-67,14,-60,14,-55,16,-54,21,-58,22,-57,30,-58,29,-51,27,-54,30,-48,35,-54,39,-49,35,-50,38,-47,47,-50,49,-43,51,-51,51,-46,53,-58,62,-49,55,-53,58,-58,59,-54,61,0,0]"
CSI_DATA,211,1a:00:00:00:00:00,-47,11,1,0,1,1,1,0,0,0,1,-96,0,11,2,3040130,0,44,0,384,0,"[0,0,0,0,0,0,0,0,0,0,0,0,4,-12,3,-11,3,-11,3,-10,3,-9,3,-9,2,-8,2,-8,2,-7,1,-7,1,-6,0,-6,0,-5,0,-5,-1,-4,-1,-4,-1,-4,-1,-4,-1,-3,-2,-3,-2,-2,-2,-1,-2,-2,-3,0,-3,0,-3,0,0,0,-3,0,-4,1,-4,1,-4,2,-4,1,-5,2,-5,2,-5,2,-5,2,-5,2,-5,3,-6,3,-6,3,-6,2,-6,2,-6,2,-7,3,-7,2,-7,2,-7,1,-7,1,-7,1,-7,1,-7,0,-7,0,-7,-1,0,0,0,0,0,0,0,0,0,0,0,0,0,0,31,-71,29,-67,24,-66,29,-67,24,-62,22,-59,22,-55,20,-53,19,-51,15,-48,16,-43,12,-40,15,-39,13,-33,7,-33,4,-31,4,-29,2,-26,-1,-20,-4,-18,-3,-18,-7,-17,-5,-14,-3,-12,-10,-7,-10,-6,-13,-7,-10,-2,-12,-1,-14,-1,-13,8,-18,6,-14,6,-17,10,-18,13,-22,14,-20,16,-25,16,-26,17,-24,19,-29,15,-32,18,-28,18,-30,16,-26,18,-38,16,-33,14,-36,18,-37,15,-37,14,-38,14,-40,11,-39,11,-35,10,-39,7,-40,0,-38,0,0,0,0,0,0,0,0,0,0,0,0,0,0,0,0,0,0,0,0,0,0,0,38,13,36,20,38,19,39,24,38,25,38,31,39,32,34,33,38,36,38,37,40,40,38,41,39,43,40,45,42,49,40,49,42,50,38,52,42,53,38,56,39,55,42,58,41,63,40,63,38,58,41,58,42,59,37,60,36,57,40,54,36,55,38,56,37,54,40,49,39,50,38,47,47,42,48,41,47,36,44,37,46,35,50,33,51,30,56,31,56,27,56,26,61,28,63,19,65,22,69,19,67,20,76,18,75,20,76,17,75,20,76,16,75,17,0,0]"
CSI_DATA,212,1a:00:00:00:00:00,-48,11,1,0,1,1,1,0,0,0,1,-96,0,11,2,3070241,0,44,0,384,0,"[0,0,0,0,0,0,0,0,0,0,0,0,4,11,3,10,4,10,3,9,3,8,2,8,2,7,2,6,2,6,2,5,2,5,2,4,2,4,2,3,2,2,2,2,2,2,2,1,2,1,2,0,2,0,2,-1,1,-1,1,-2,1,-2,1,-2,0,0,1,-3,1,-4,1,-4,0,-4,1,-5,1,-5,1,-6,1,-6,1,-6,1,-6,1,-6,2,-7,1,-7,2,-7,2,-7,2,-7,2,-7,2,-7,2,-7,3,-7,3,-6,3,-7,4,-6,4,-6,4,-6,4,-5,0,0,0,0,0,0,0,0,0,0,0,0,0,0,36,68,28,62,30,63,29,65,25,62,20,63,20,52,22,51,20,44,21,43,19,42,15,38,17,33,15,29,15,24,14,28,14,20,12,15,15,17,16,13,15,8,16,10,15,3,10,0,11,-1,10,-6,11,-4,9,-6,10,-11,9,-13,5,-16,7,-15,4,-20,5,-25,2,-22,4,-26,4,-26,2,-34,-1,-30,0,-32,2,-34,8,-35,5,-38,7,-34,8,-38,6,-35,6,-35,11,-39,15,-37,11,-34,12,-39,15,-35,15,-38,19,-37,23,-30,24,-31,26,-29,0,0,0,0,0,0,0,0,0,0,0,0,0,0,0,0,0,0,0,0,0,0,-37,12,-43,9,-44,10,-45,3,-51,3,-52,0,-51,-3,-50,0,-56,-7,-50,-4,-55,-9,-58,-9,-62,-13,-59,-12,-65,-8,-61,-13,-67,-14,-68,-12,-67,-14,-65,-18,-65,-15,-72,-17,-67,-18,-64,-20,-66,-18,-66,-22,-68,-20,-68,-21,-62,-18,-69,-21,-69,-15,-65,-15,-65,-10,-65,-6,-60,-10,-67,-7,-61,-4,-62,-5,-59,0,-61,4,-57,7,-55,9,-66,12,-61,14,-62,16,-66,20,-61,25,-61,25,-60,31,-62,31,-63,27,-67,34,-69,39,-66,39,-67,39,-70,33,-70,40,0,0]"
CSI_DATA,213,1a:00:00:00:00:00,-47,11,1,0,1,1,1,0,0,0,1,-96,0,11,2,3099687,0,44,0,384,0,"[0,0,0,0,0,0,0,0,0,0,0,0,3,11,2,11,3,10,2,10,2,9,1,8,2,8,2,7,2,6,2,6,2,6,2,5,2,4,2,3,2,3,2,2,1,2,1,1,2,1,2,0,2,0,1,-1,1,-1,1,-1,1,-2,1,-2,0,0,1,-3,1,-4,1,-4,1,-4,1,-5,2,-5,2,-5,2,-6,2,-6,2,-6,2,-6,3,-6,3,-6,3,-6,3,-6,3,-6,3,-6,3,-6,3,-6,3,-6,4,-6,4,-6,5,-5,5,-5,5,-4,5,-4,0,0,0,0,0,0,0,0,0,0,0,0,0,0,17,73,12,73,16,70,8,66,9,67,8,61,9,57,7,52,9,51,8,45,6,46,9,40,9,36,10,35,9,33,7,29,8,24,9,18,7,16,9,17,12,11,10,10,10,7,7,7,8,3,12,-2,12,-1,9,-6,9,-7,8,-6,10,-8,14,-16,7,-20,10,-17,13,-21,13,-22,12,-27,14,-25,13,-27,12,-28,14,-30,14,-30,17,-34,16,-31,16,-33,24,-34,18,-29,20,-34,22,-29,23,-27,26,-30,24,-27,28,-28,27,-25,30,-26,30,-20,34,-16,0,0,0,0,0,0,0,0,0,0,0,0,0,0,0,0,0,0,0,0,0,0,-41,6,-44,5,-44,6,-51,2,-49,-5,-48,-6,-46,-9,-48,-10,-52,-12,-52,-12,-56,-14,-58,-16,-62,-16,-61,-18,-59,-21,-61,-23,-58,-23,-64,-22,-61,-20,-65,-25,-63,-28,-65,-30,-64,-28,-64,-30,-63,-30,-65,-32,-65,-31,-67,-34,-64,-29,-63,-26,-62,-27,-60,-28,-63,-25,-58,-27,-59,-22,-60,-23,-61,-21,-61,-18,-61,-13,-61,-6,-58,-7,-62,-2,-59,0,-64,0,-59,2,-58,9,-63,10,-63,11,-65,15,-69,16,-71,22,-74,21,-72,21,-74,18,-76,25,-76,22,-75,24,0,0]"
CSI_DATA,214,1a:00:00:00:00:00,-48,11,1,0,1,1,1,0,0,0,1,-96,0,11,2,3110791,0,44,0,384,0,"[0,0,0,0,0,0,0,0,0,0,0,0,10,3,10,2,9,3,9,2,8,2,7,2,7,2,7,1,6,1,6,1,5,1,4,0,4,0,4,0,3,0,3,-1,2,-1,2,-2,1,-2,1,-2,1,-2,0,-2,0,-2,0,-2,-1,-2,-1,-3,0,0,-2,-3,-2,-4,-3,-3,-3,-4,-3,-4,-3,-4,-3,-4,-3,-5,-4,-5,-4,-5,-4,-6,-4,-5,-4,-5,-4,-6,-4,-6,-4,-6,-3,-6,-4,-6,-4,-6,-3,-7,-3,-7,-3,-7,-2,-7,-2,-7,-1,-7,-1,-7,0,0,0,0,0,0,0,0,0,0,0,0,0,0,70,25,73,27,66,29,60,23,58,25,57,27,52,21,54,23,47,24,46,16,45,16,37,13,36,13,34,9,31,9,30,7,26,4,24,2,22,0,19,1,17,-1,13,-3,14,-4,10,-10,10,-10,7,-14,4,-10,0,-12,2,-15,-6,-14,-3,-14,-7,-14,-6,-19,-9,-22,-14,-23,-10,-24,-11,-24,-13,-27,-16,-30,-15,-30,-19,-31,-16,-31,-17,-31,-16,-32,-13,-36,-16,-33,-15,-37,-15,-35,-13,-34,-9,-36,-14,-38,-9,-39,-9,-39,-4,-39,0,-39,1,-41,4,-38,0,0,0,0,0,0,0,0,0,0,0,0,0,0,0,0,0,0,0,0,0,0,-10,42,-14,38,-18,38,-21,42,-27,38,-27,40,-28,41,-35,39,-28,44,-35,42,-37,42,-41,44,-42,42,-48,41,-46,45,-44,40,-48,45,-48,45,-53,44,-53,45,-55,44,-53,44,-57,43,-56,40,-58,41,-55,42,-57,37,-59,41,-51,40,-58,45,-51,37,-54,42,-51,43,-52,42,-48,49,-44,44,-41,44,-41,42,-41,45,-36,47,-38,50,-33,50,-33,54,-28,57,-28,54,-25,64,-20,62,-22,63,-21,70,-20,68,-19,69,-20,70,-18,71,-18,71,-23,77,-24,80,-19,75,0,0]"
CSI_DATA,215,1a:00:00:00:00:00,-48,11,1,0,1,1,1,0,0,0,1,-96,0,11,2,3119527,0,44,0,384,0,"[0,0,0,0,0,0,0,0,0,0,0,0,11,1,11,1,10,1,10,2,9,2,8,1,8,0,7,0,6,0,6,0,6,0,5,-1,5,0,4,-1,4,-1,3,-1,2,-2,2,-2,2,-2,1,-2,1,-2,0,-2,0,-3,-1,-3,-1,-3,-2,-3,0,0,-3,-3,-3,-3,-3,-3,-4,-4,-4,-3,-4,-4,-4,-4,-5,-4,-5,-5,-5,-5,-5,-5,-5,-5,-5,-5,-5,-5,-5,-5,-5,-6,-5,-6,-5,-6,-5,-6,-4,-6,-4,-6,-4,-6,-4,-6,-3,-7,-3,-7,-2,-7,0,0,0,0,0,0,0,0,0,0,0,0,0,0,76,7,75,13,69,9,66,11,65,6,55,12,60,6,53,8,51,7,47,9,44,5,41,6,40,-1,35,6,32,-3,26,-4,27,-4,21,-5,21,-8,15,-7,15,-9,12,-9,14,-11,9,-10,6,-10,4,-12,3,-10,0,-14,-6,-13,-8,-11,-11,-16,-12,-14,-12,-15,-18,-16,-21,-14,-20,-16,-19,-14,-24,-20,-25,-20,-24,-21,-24,-25,-26,-23,-27,-23,-28,-25,-29,-25,-30,-29,-27,-27,-29,-29,-28,-27,-28,-30,-27,-29,-27,-29,-22,-31,-21,-36,-19,-32,-17,-34,-13,-35,0,0,0,0,0,0,0,0,0,0,0,0,0,0,0,0,0,0,0,0,0,0,-11,36,-12,38,-18,42,-22,40,-27,37,-28,40,-27,36,-32,38,-34,43,-33,40,-38,37,-38,41,-42,45,-46,40,-41,43,-48,47,-45,47,-48,46,-51,44,-49,41,-53,42,-57,42,-57,44,-53,46,-57,43,-54,45,-53,43,-54,43,-49,49,-51,43,-48,43,-46,43,-47,42,-47,49,-43,47,-43,45,-42,48,-34,48,-31,49,-33,54,-27,57,-23,55,-25,55,-23,57,-18,55,-18,62,-15,61,-10,65,-8,72,-4,73,-9,70,-5,70,-6,70,-6,74,-8,82,-1,82,-5,82,0,0]"
CSI_DATA,216,1a:00:00:00:00:00,-48,11,1,0,1,1,1,0,0,0,1,-96,0,11,2,3129708,0,44,0,384,0,"[0,0,0,0,0,0,0,0,0,0,0,0,4,11,4,11,5,10,4,10,4,9,3,8,3,8,3,7,3,6,3,6,3,5,2,4,3,4,2,3,2,2,2,2,2,1,2,1,2,0,2,0,2,-1,2,-1,1,-1,1,-2,1,-2,1,-3,0,0,1,-3,1,-4,1,-5,0,-5,0,-5,1,-6,1,-6,1,-6,0,-6,1,-7,1,-7,1,-7,1,-7,1,-7,2,-7,2,-7,2,-7,2,-7,2,-7,2,-7,2,-7,3,-7,3,-7,4,-7,4,-6,5,-5,0,0,0,0,0,0,0,0,0,0,0,0,0,0,40,67,37,64,37,64,31,60,33,58,29,56,26,46,26,50,25,48,21,47,24,39,21,35,16,32,19,26,21,29,19,24,14,19,19,17,14,13,13,12,16,8,14,9,14,5,11,1,11,-3,8,-5,9,-5,7,-7,6,-12,3,-11,3,-12,4,-14,-2,-19,-1,-24,2,-24,0,-22,0,-30,1,-32,-3,-31,-4,-34,1,-32,4,-33,1,-41,1,-38,5,-37,3,-37,2,-37,3,-39,5,-40,6,-39,9,-39,13,-38,11,-42,12,-37,13,-39,19,-35,18,-30,0,0,0,0,0,0,0,0,0,0,0,0,0,0,0,0,0,0,0,0,0,0,-38,14,-43,7,-43,9,-50,8,-48,6,-51,-1,-53,-3,-49,1,-58,-6,-53,-4,-57,-6,-58,-9,-61,-7,-57,-6,-65,-11,-61,-4,-68,-10,-65,-12,-69,-14,-70,-16,-70,-16,-77,-16,-70,-17,-72,-17,-73,-19,-69,-21,-70,-21,-71,-18,-69,-13,-74,-14,-65,-13,-71,-16,-68,-14,-65,-7,-67,-8,-66,-5,-64,-1,-63,2,-62,3,-60,8,-64,11,-60,13,-62,20,-62,19,-65,21,-58,27,-59,25,-65,28,-60,34,-61,32,-63,37,-66,40,-72,42,-63,43,-67,42,-67,47,-71,43,0,0]"
CSI_DATA,217,1a:00:00:00:00:00,-48,11,1,0,1,1,1,0,0,0,1,-96,0,11,2,3139513,0,44,0,384,0,"[0,0,0,0,0,0,0,0,0,0,0,0,-13,-1,-12,-1,-11,-1,-11,-1,-11,-1,-10,-1,-9,0,-8,0,-8,0,-7,0,-6,0,-6,1,-5,0,-5,0,-4,1,-3,1,-3,1,-2,2,-2,1,-2,1,-2,1,-1,1,0,2,0,2,0,1,1,2,0,0,2,2,2,1,2,2,3,2,3,2,3,2,4,2,4,2,4,3,5,2,5,3,5,3,5,3,5,3,5,3,5,4,5,3,5,4,5,4,5,4,5,4,4,5,4,5,4,5,3,5,2,5,0,0,0,0,0,0,0,0,0,0,0,0,0,0,-78,-20,-70,-15,-69,-16,-68,-21,-58,-18,-59,-19,-57,-18,-54,-14,-47,-16,-44,-12,-44,-14,-39,-9,-35,-5,-35,-9,-34,-7,-30,-6,-27,0,-28,2,-24,1,-17,2,-16,6,-12,5,-13,6,-14,5,-9,11,-6,10,-3,12,-3,13,0,10,2,13,7,10,9,14,9,16,14,19,16,14,12,19,16,18,20,22,19,26,22,20,25,24,24,22,22,26,22,25,22,30,21,26,22,30,24,31,23,27,19,31,21,33,17,33,16,34,13,36,14,37,9,34,7,37,0,0,0,0,0,0,0,0,0,0,0,0,0,0,0,0,0,0,0,0,0,0,14,-40,18,-41,22,-40,25,-43,28,-40,26,-39,31,-37,33,-39,39,-41,37,-40,39,-40,42,-40,41,-38,44,-41,48,-40,46,-41,46,-47,51,-40,53,-40,54,-39,56,-42,57,-42,54,-42,57,-43,55,-40,54,-38,57,-39,59,-42,54,-40,53,-42,52,-41,53,-43,52,-40,52,-44,44,-44,44,-43,42,-44,41,-43,39,-46,35,-47,34,-49,29,-52,26,-54,24,-61,22,-54,23,-59,19,-62,17,-63,17,-72,14,-68,12,-72,10,-73,14,-72,10,-72,12,-80,14,-78,14,-81,0,0]"
CSI_DATA,218,1a:00:00:00:00:00,-48,11,1,0,1,1,1,0,0,0,1,-96,0,11,2,3149574,0,44,0,384,0,"[0,0,0,0,0,0,0,0,0,0,0,0,10,5,9,5,8,5,8,4,7,4,7,4,6,3,6,3,5,3,5,2,5,2,4,1,4,1,4,1,3,0,3,0,2,-1,2,-1,2,-1,2,-1,1,-2,1,-2,0,-2,0,-2,0,-3,-1,-3,0,0,-2,-3,-2,-4,-2,-4,-3,-4,-2,-4,-2,-5,-3,-5,-3,-5,-3,-6,-4,-6,-4,-6,-3,-6,-3,-6,-3,-6,-4,-7,-4,-7,-3,-7,-3,-7,-3,-7,-3,-7,-3,-7,-2,-7,-2,-7,-1,-7,-1,-7,0,-7,0,0,0,0,0,0,0,0,0,0,0,0,0,0,72,30,64,37,66,33,60,31,62,30,52,27,50,24,49,24,47,20,40,24,38,22,39,17,35,14,33,10,28,11,28,9,23,5,24,0,21,3,15,2,13,0,17,0,12,-8,9,-10,11,-11,4,-9,3,-10,1,-10,1,-12,-3,-11,-6,-13,-7,-16,-11,-17,-12,-17,-14,-16,-14,-23,-16,-21,-19,-20,-18,-25,-22,-27,-22,-27,-19,-29,-19,-31,-19,-32,-21,-34,-21,-33,-22,-34,-19,-34,-18,-35,-18,-31,-19,-35,-16,-35,-14,-38,-11,-34,-8,-36,-6,-38,-5,-37,0,0,0,0,0,0,0,0,0,0,0,0,0,0,0,0,0,0,0,0,0,0,-28,31,-34,30,-36,28,-38,23,-41,26,-41,25,-43,24,-48,22,-47,20,-48,24,-50,23,-52,20,-56,25,-62,19,-62,24,-57,18,-65,22,-58,19,-64,23,-65,19,-67,22,-68,22,-66,18,-66,18,-66,18,-68,20,-65,21,-67,21,-69,23,-66,19,-64,21,-65,24,-60,22,-63,20,-58,28,-57,28,-57,30,-54,33,-50,33,-47,38,-46,40,-47,38,-45,41,-41,47,-37,46,-43,48,-35,50,-36,56,-30,59,-36,61,-33,61,-32,61,-23,60,-25,70,-32,70,-34,71,-32,70,0,0]"
CSI_DATA,219,1a:00:00:00:00:00,-48,11,1,0,1,1,1,0,0,0,1,-96,0,11,2,3169496,0,44,0,384,0,"[0,0,0,0,0,0,0,0,0,0,0,0,-5,11,-5,11,-4,10,-4,9,-4,9,-4,8,-3,8,-3,7,-2,7,-2,6,-2,5,-1,5,-1,4,-1,4,-1,3,0,3,0,3,0,3,1,2,1,1,1,1,1,0,1,0,2,0,2,-1,2,-1,0,0,3,-2,3,-2,3,-2,3,-3,3,-3,4,-3,4,-4,4,-4,4,-4,5,-4,5,-4,5,-4,5,-4,5,-4,6,-4,6,-4,6,-4,6,-3,6,-3,6,-3,6,-3,6,-2,7,-2,7,-2,7,-1,6,0,0,0,0,0,0,0,0,0,0,0,0,0,0,0,-34,67,-35,62,-32,61,-33,60,-29,62,-32,55,-34,52,-26,47,-23,43,-20,43,-21,43,-16,36,-16,34,-11,31,-9,31,-9,30,-9,29,-5,22,-7,23,1,22,5,21,1,15,1,12,5,10,9,8,9,9,10,2,11,2,11,3,12,-3,18,-3,15,-5,17,-9,18,-8,16,-14,21,-14,18,-15,25,-17,26,-20,25,-16,28,-16,31,-21,30,-19,30,-18,29,-23,34,-19,37,-17,35,-22,36,-14,35,-16,38,-14,36,-10,39,-14,38,-9,38,-7,40,-7,38,-1,0,0,0,0,0,0,0,0,0,0,0,0,0,0,0,0,0,0,0,0,0,0,-34,-24,-36,-28,-33,-30,-34,-35,-31,-37,-32,-40,-27,-40,-30,-44,-29,-46,-30,-49,-28,-51,-34,-52,-31,-52,-34,-55,-29,-59,-28,-58,-32,-63,-30,-62,-32,-60,-28,-64,-30,-66,-32,-69,-31,-64,-29,-65,-30,-70,-33,-68,-26,-68,-27,-67,-27,-69,-31,-65,-28,-64,-31,-64,-30,-63,-30,-57,-33,-56,-36,-56,-38,-52,-39,-50,-38,-51,-45,-45,-41,-49,-47,-41,-49,-42,-52,-44,-53,-34,-54,-33,-54,-33,-60,-34,-62,-32,-64,-27,-70,-30,-72,-26,-77,-31,-71,-29,-72,-31,-79,-32,-78,-34,0,0]"
CSI_DATA,220,1a:00:00:00:00:00,-48,11,1,0,1,1,1,0,0,0,1,-96,0,11,2,3189496,0,44,0,384,0,"[0,0,0,0,0,0,0,0,0,0,0,0,10,-6,9,-6,9,-6,8,-6,7,-5,7,-5,6,-5,6,-5,5,-4,5,-4,4,-4,3,-4,3,-4,2,-4,2,-3,2,-4,1,-3,0,-3,0,-3,-1,-2,-1,-2,-1,-2,-1,-2,-2,-2,-2,-2,-3,-2,0,0,-4,-1,-4,-1,-4,-1,-4,-1,-5,-1,-5,0,-5,0,-6,0,-6,-1,-6,-1,-7,-1,-6,-1,-7,-1,-7,-1,-7,-1,-7,-1,-7,-1,-7,-2,-7,-2,-7,-2,-7,-2,-7,-3,-7,-3,-7,-3,-6,-4,-6,-4,0,0,0,0,0,0,0,0,0,0,0,0,0,0,67,-29,72,-24,68,-30,63,-23,63,-22,57,-20,53,-16,54,-16,48,-19,46,-18,45,-21,34,-15,32,-18,34,-14,25,-20,23,-15,23,-11,20,-17,17,-11,13,-12,10,-15,7,-15,7,-11,4,-10,3,-13,-1,-12,-7,-8,-10,-8,-5,-7,-14,-8,-16,-9,-14,-7,-16,-6,-18,-4,-25,-5,-24,-6,-24,-7,-27,-4,-26,-6,-34,-9,-35,-8,-32,-5,-34,-10,-33,-9,-36,-10,-40,-13,-34,-10,-34,-10,-37,-15,-37,-16,-35,-17,-36,-18,-33,-22,-31,-19,-35,-21,-31,-26,-25,-25,0,0,0,0,0,0,0,0,0,0,0,0,0,0,0,0,0,0,0,0,0,0,9,40,9,40,4,45,4,50,1,49,-1,46,-4,48,-4,49,-8,51,-7,54,-10,53,-11,57,-9,57,-11,60,-13,58,-16,62,-16,63,-18,64,-18,62,-19,67,-18,63,-23,67,-22,65,-22,67,-23,66,-21,67,-23,64,-25,68,-22,66,-21,66,-18,63,-19,61,-19,63,-19,59,-15,58,-12,65,-10,61,-6,61,-2,58,3,62,0,61,7,58,8,61,10,60,13,60,12,57,16,59,27,63,24,62,27,66,30,66,28,65,34,68,29,65,34,70,33,73,37,72,0,0]"
CSI_DATA,221,1a:00:00:00:00:00,-48,11,1,0,1,1,1,0,0,0,1,-96,0,11,2,3209941,0,44,0,384,0,"[0,0,0,0,0,0,0,0,0,0,0,0,-1,-13,-1,-12,-1,-12,-1,-11,-1,-10,0,-10,-1,-9,-1,-8,-1,-8,-1,-7,-1,-7,-1,-6,-2,-5,-2,-5,-2,-4,-2,-4,-2,-3,-2,-3,-2,-2,-2,-2,-2,-1,-3,-1,-3,-1,-3,0,-3,1,-3,1,0,0,-3,2,-3,2,-3,3,-2,3,-3,4,-3,4,-3,5,-4,4,-3,5,-3,5,-4,5,-4,5,-4,5,-4,5,-4,5,-4,5,-5,5,-5,5,-5,5,-5,5,-5,5,-6,5,-6,4,-6,4,-6,3,-7,3,0,0,0,0,0,0,0,0,0,0,0,0,0,0,1,-80,5,-71,7,-71,11,-72,6,-67,7,-64,5,-58,7,-59,4,-51,1,-51,3,-45,1,-46,1,-36,0,-35,1,-32,-4,-28,-7,-26,-6,-24,-7,-21,-5,-16,-9,-18,-8,-14,-11,-9,-8,-8,-10,-3,-10,-3,-8,-1,-14,1,-9,4,-13,6,-14,6,-12,11,-12,14,-12,14,-13,17,-16,22,-17,20,-13,22,-13,28,-17,30,-19,27,-20,28,-21,30,-22,26,-23,29,-22,30,-25,27,-27,32,-29,29,-25,29,-26,29,-27,25,-31,26,-31,25,-34,19,-37,18,-34,19,0,0,0,0,0,0,0,0,0,0,0,0,0,0,0,0,0,0,0,0,0,0,37,10,39,15,38,21,41,21,41,26,39,27,42,30,36,33,41,31,44,34,39,35,40,38,45,42,42,42,43,41,42,44,48,49,45,47,44,50,42,52,47,54,46,53,48,51,47,55,43,55,46,55,45,54,48,53,42,53,45,51,44,48,44,46,43,44,50,44,48,46,50,39,49,37,47,31,51,30,53,30,54,26,54,22,63,21,62,18,59,15,66,9,62,9,64,6,73,3,69,4,71,4,79,-1,78,-1,75,-2,80,3,82,1,79,0,0,0]"
CSI_DATA,222,1a:00:00:00:00:00,-48,11,1,0,1,1,1,0,0,0,1,-96,0,11,2,3223647,0,44,0,384,0,"[0,0,0,0,0,0,0,0,0,0,0,0,-4,-11,-4,-11,-4,-10,-4,-10,-3,-9,-3,-9,-3,-8,-3,-7,-3,-7,-3,-6,-3,-6,-3,-5,-3,-4,-3,-4,-3,-3,-3,-3,-2,-3,-3,-2,-3,-1,-3,-1,-3,0,-3,0,-2,0,-2,1,-2,1,-2,1,0,0,-1,2,-2,3,-2,3,-1,3,-2,4,-2,4,-2,4,-1,4,-1,5,-1,5,-2,5,-2,6,-2,5,-2,6,-2,5,-2,6,-3,6,-3,5,-3,6,-3,5,-3,6,-4,5,-4,5,-4,5,-4,5,-5,4,0,0,0,0,0,0,0,0,0,0,0,0,0,0,-28,-73,-21,-68,-22,-68,-22,-66,-21,-65,-20,-66,-16,-55,-19,-58,-12,-44,-16,-49,-18,-42,-20,-40,-17,-38,-16,-34,-12,-28,-17,-28,-17,-23,-12,-22,-16,-17,-14,-16,-17,-11,-16,-10,-13,-4,-14,-5,-10,0,-13,3,-12,3,-10,5,-7,7,-12,8,-11,12,-9,15,-7,16,-7,20,-7,20,-10,26,-5,24,-4,26,-6,33,-8,32,-12,30,-11,32,-13,36,-14,32,-11,36,-14,34,-14,35,-11,35,-16,36,-16,33,-17,36,-18,36,-17,36,-19,32,-26,31,-26,27,-28,26,0,0,0,0,0,0,0,0,0,0,0,0,0,0,0,0,0,0,0,0,0,0,41,-9,41,-6,45,-3,46,0,49,2,49,5,52,5,48,6,54,5,54,9,54,16,59,16,58,13,61,16,63,19,60,19,66,21,64,21,65,20,65,26,67,25,69,23,65,26,67,28,61,27,65,27,66,29,69,27,63,27,66,23,63,25,65,22,63,18,62,18,66,13,63,12,60,8,58,9,63,4,59,3,62,-2,62,-4,62,-7,59,-11,64,-16,57,-16,63,-19,62,-28,65,-22,65,-29,68,-25,68,-30,75,-30,71,-30,74,-32,78,-34,74,-37,0,0]"
CSI_DATA,223,1a:00:00:00:00:00,-48,11,1,0,1,1,1,0,0,0,1,-96,0,11,2,3229540,0,44,0,384,0,"[0,0,0,0,0,0,0,0,0,0,0,0,-9,9,-9,8,-8,8,-8,7,-7,6,-7,6,-6,6,-6,5,-5,5,-4,5,-4,4,-4,4,-3,4,-2,3,-2,3,-2,3,-1,2,-1,2,0,2,0,1,1,1,1,1,1,1,1,0,2,0,2,0,0,0,3,-1,3,-1,3,-1,4,-2,4,-2,4,-2,4,-2,5,-2,5,-2,5,-2,5,-2,6,-2,6,-2,6,-3,6,-2,6,-2,6,-2,6,-2,6,-1,7,-1,7,-1,7,-1,7,0,7,0,6,1,6,1,0,0,0,0,0,0,0,0,0,0,0,0,0,0,-57,49,-58,51,-50,50,-47,51,-48,50,-39,42,-46,41,-43,36,-35,35,-33,31,-30,31,-24,31,-30,31,-18,25,-19,25,-13,24,-14,21,-12,18,-11,18,-5,17,-5,16,-1,14,-3,10,2,15,6,12,8,7,8,7,11,4,11,3,16,1,17,-4,17,-3,18,-6,18,-5,24,-8,25,-8,22,-11,24,-10,25,-14,30,-8,30,-10,30,-9,33,-13,34,-12,35,-9,32,-9,34,-8,34,-9,39,-12,39,-3,36,-4,39,-4,39,-4,34,-3,37,0,35,4,36,7,0,0,0,0,0,0,0,0,0,0,0,0,0,0,0,0,0,0,0,0,0,0,-21,-33,-21,-37,-17,-44,-15,-45,-9,-48,-13,-50,-10,-48,-8,-51,-8,-53,-10,-54,-8,-56,-6,-57,-7,-59,-6,-59,-2,-59,0,-64,-3,-69,-5,-66,-5,-67,-4,-69,-3,-69,-2,-70,1,-73,-3,-68,2,-68,0,-70,-2,-72,2,-71,-2,-71,-3,-70,-2,-68,-1,-66,-7,-67,-7,-62,-10,-62,-8,-63,-14,-59,-16,-59,-19,-60,-21,-58,-25,-56,-28,-54,-32,-54,-34,-53,-34,-52,-45,-45,-46,-46,-45,-51,-46,-49,-52,-50,-52,-52,-59,-45,-61,-48,-57,-50,-58,-55,-60,-53,-61,-55,0,0]"
CSI_DATA,224,1a:00:00:00:00:00,-48,11,1,0,1,1,1,0,0,0,1,-96,0,11,2,3242249,0,44,0,384,0,"[0,0,0,0,0,0,0,0,0,0,0,0,-3,11,-3,11,-3,10,-3,9,-2,8,-3,8,-2,8,-2,7,-2,7,-1,5,-1,5,-1,5,-1,4,0,4,0,3,0,3,0,2,1,2,1,2,1,1,1,1,1,0,1,0,2,0,2,-1,2,-1,0,0,2,-2,2,-3,2,-3,3,-3,3,-4,3,-4,4,-4,4,-5,4,-4,4,-4,4,-5,5,-5,5,-5,5,-5,5,-5,5,-4,5,-5,5,-5,5,-4,5,-4,5,-4,6,-4,6,-3,6,-3,6,-2,6,-2,0,0,0,0,0,0,0,0,0,0,0,0,0,0,-12,76,-14,70,-10,71,-15,69,-7,67,-13,62,-16,57,-13,60,-10,51,-12,52,-7,49,-6,40,-4,41,0,35,5,36,3,30,0,25,1,21,3,20,8,20,3,15,11,15,8,10,8,9,7,6,8,2,15,-1,12,-1,9,-5,11,-8,12,-13,13,-11,12,-14,12,-18,15,-17,14,-21,17,-23,15,-25,18,-23,18,-24,22,-26,21,-29,18,-28,23,-30,24,-28,24,-26,28,-30,27,-29,28,-30,30,-30,33,-28,30,-27,32,-29,31,-24,33,-21,33,-18,34,-18,0,0,0,0,0,0,0,0,0,0,0,0,0,0,0,0,0,0,0,0,0,0,-37,-16,-39,-21,-39,-24,-39,-25,-39,-29,-41,-31,-38,-36,-38,-38,-40,-40,-41,-37,-41,-44,-41,-45,-45,-44,-46,-45,-44,-45,-43,-53,-44,-53,-41,-54,-44,-56,-44,-56,-44,-58,-39,-59,-41,-58,-46,-59,-48,-56,-46,-59,-43,-59,-44,-59,-42,-54,-44,-56,-41,-51,-45,-54,-45,-52,-45,-48,-47,-49,-46,-46,-48,-44,-50,-37,-52,-39,-54,-34,-51,-34,-51,-30,-60,-27,-56,-25,-60,-17,-62,-13,-66,-11,-67,-12,-68,-12,-69,-8,-71,-7,-76,-7,-77,-6,-77,-11,-79,-7,-81,-8,-78,-10,0,0]"
CSI_DATA,225,1a:00:00:00:00:00,-48,11,1,0,1,1,1,0,0,0,1,-96,0,11,2,3269498,0,44,0,384,0,"[0,0,0,0,0,0,0,0,0,0,0,0,-12,4,-11,4,-11,3,-10,3,-10,3,-9,3,-8,3,-8,3,-7,3,-6,2,-6,3,-5,3,-4,2,-4,2,-3,2,-3,2,-2,2,-2,2,-2,2,-1,2,-1,1,0,1,0,1,1,1,1,1,2,1,0,0,3,1,3,0,3,0,4,0,4,0,4,0,5,0,5,0,6,0,6,0,6,0,6,0,6,0,6,0,6,1,6,1,7,1,6,1,7,1,7,1,6,2,6,2,6,2,6,3,6,3,5,4,0,0,0,0,0,0,0,0,0,0,0,0,0,0,-70,33,-69,33,-68,34,-62,32,-61,30,-55,26,-53,21,-52,26,-46,21,-44,21,-40,24,-35,21,-33,22,-27,20,-29,18,-23,16,-22,15,-18,17,-19,17,-11,18,-6,12,-4,15,-6,13,-3,10,0,10,0,9,6,11,7,2,8,7,13,6,15,2,20,3,18,0,20,2,22,-3,22,-1,24,-4,27,2,30,-5,34,0,38,0,36,4,37,-4,36,3,37,0,40,1,39,3,37,3,37,5,38,6,37,8,41,6,40,10,36,11,37,15,34,16,33,20,0,0,0,0,0,0,0,0,0,0,0,0,0,0,0,0,0,0,0,0,0,0,-11,-41,-5,-41,0,-48,-2,-48,2,-54,3,-51,4,-51,7,-55,6,-54,13,-56,10,-56,13,-59,13,-62,13,-60,17,-60,15,-61,18,-65,17,-63,17,-65,19,-67,22,-64,21,-67,20,-71,22,-69,23,-70,24,-70,24,-69,23,-67,18,-69,20,-69,19,-62,17,-63,16,-69,7,-61,8,-64,6,-64,5,-62,5,-64,2,-62,-2,-61,-6,-64,-10,-67,-11,-60,-18,-66,-18,-58,-26,-61,-27,-57,-29,-58,-31,-64,-37,-65,-27,-63,-37,-66,-42,-65,-40,-65,-43,-72,-40,-74,-37,-70,0,0]"
CSI_DATA,226,1a:00:00:00:00:00,-48,11,1,0,1,1,1,0,0,0,1,-96,0,11,2,3279501,0,44,0,384,0,"[0,0,0,0,0,0,0,0,0,0,0,0,1,-13,2,-12,1,-11,1,-11,1,-10,1,-10,1,-9,0,-8,0,-7,0,-7,0,-7,-1,-6,-1,-5,-1,-5,-1,-4,-1,-4,-2,-4,-2,-3,-2,-2,-2,-2,-3,-1,-2,-1,-2,-1,-3,0,-3,0,-3,1,0,0,-3,1,-3,2,-4,3,-3,2,-4,3,-4,3,-4,4,-4,4,-4,4,-4,4,-5,4,-5,4,-5,5,-5,5,-5,4,-5,4,-6,4,-6,4,-6,4,-6,4,-6,3,-7,3,-7,3,-7,2,-7,2,-7,1,0,0,0,0,0,0,0,0,0,0,0,0,0,0,16,-77,18,-77,14,-72,17,-66,20,-66,20,-56,14,-60,14,-54,15,-52,12,-49,18,-44,9,-39,6,-39,6,-33,3,-34,1,-29,-3,-25,0,-29,-2,-22,-3,-24,-6,-18,-8,-15,-9,-8,-4,-9,-5,-9,-10,-5,-13,-3,-12,-3,-15,1,-18,5,-16,7,-16,4,-18,10,-18,14,-23,14,-17,19,-24,16,-22,21,-25,21,-23,23,-30,23,-28,23,-30,26,-26,26,-35,24,-30,24,-33,20,-32,25,-31,23,-32,19,-35,20,-34,19,-35,18,-38,16,-38,15,-36,6,-36,5,0,0,0,0,0,0,0,0,0,0,0,0,0,0,0,0,0,0,0,0,0,0,37,13,39,15,43,23,37,22,42,29,38,26,39,33,38,32,41,38,40,37,39,40,43,38,43,40,44,46,46,44,46,48,43,50,43,53,42,48,42,52,44,52,44,58,41,55,41,55,41,57,46,58,43,58,42,52,43,52,41,52,44,51,42,50,44,49,44,49,44,48,45,42,45,42,49,38,47,38,49,31,49,32,59,32,55,25,61,24,55,22,66,21,64,18,65,20,68,15,71,16,71,14,75,5,77,13,79,8,79,8,80,12,81,11,0,0]"
CSI_DATA,227,1a:00:00:00:00:00,-48,11,1,0,1,1,1,0,0,0,1,-96,0,11,2,3289547,0,44,0,384,0,"[0,0,0,0,0,0,0,0,0,0,0,0,-4,11,-4,11,-4,10,-4,9,-4,9,-3,8,-3,8,-2,7,-2,7,-1,6,-2,6,-1,5,-1,4,-1,4,0,4,0,3,0,2,1,2,1,1,1,1,1,1,2,0,1,0,1,-1,2,-1,2,-1,0,0,2,-2,3,-2,2,-3,3,-3,3,-4,3,-4,4,-4,4,-4,4,-4,4,-4,4,-4,5,-5,5,-5,5,-5,5,-4,5,-4,6,-4,6,-4,6,-4,6,-3,6,-4,6,-3,6,-3,6,-2,6,-2,6,-1,0,0,0,0,0,0,0,0,0,0,0,0,0,0,-30,70,-30,70,-28,63,-28,65,-23,65,-25,58,-24,58,-19,48,-19,50,-17,42,-18,44,-12,39,-13,42,-14,35,-6,29,-6,30,-7,24,-4,28,3,20,2,18,5,14,5,17,6,13,6,7,7,6,10,5,12,-2,10,-1,14,1,17,-5,17,-7,14,-8,16,-10,12,-13,16,-11,20,-16,21,-19,21,-22,24,-23,24,-21,28,-19,28,-21,26,-22,28,-24,28,-23,34,-21,33,-22,35,-25,32,-21,37,-20,36,-20,37,-20,37,-17,39,-17,35,-11,39,-7,36,-4,0,0,0,0,0,0,0,0,0,0,0,0,0,0,0,0,0,0,0,0,0,0,-32,-22,-34,-27,-35,-29,-34,-36,-35,-38,-36,-39,-34,-44,-31,-43,-33,-45,-31,-45,-33,-45,-28,-53,-32,-55,-32,-51,-29,-55,-34,-60,-34,-59,-33,-62,-34,-61,-34,-63,-31,-61,-29,-63,-30,-63,-32,-67,-29,-66,-32,-64,-29,-66,-31,-64,-33,-64,-32,-64,-32,-65,-31,-59,-35,-59,-33,-57,-37,-54,-36,-51,-41,-53,-37,-45,-41,-44,-42,-40,-45,-39,-50,-38,-52,-33,-55,-33,-55,-33,-59,-31,-60,-28,-61,-24,-63,-27,-67,-27,-72,-22,-72,-23,-76,-25,-81,-23,-78,-25,-78,-27,-79,-25,0,0]"
CSI_DATA,228,1a:00:00:00:00:00,-48,11,1,0,1,1,1,0,0,0,1,-96,0,11,2,3299521,0,44,0,384,0,"[0,0,0,0,0,0,0,0,0,0,0,0,-13,-2,-12,-1,-11,-1,-11,-2,-10,-2,-9,-1,-8,-1,-8,0,-8,0,-7,-1,-6,0,-6,0,-6,0,-5,0,-4,0,-4,1,-3,1,-3,1,-2,1,-2,1,-2,1,-1,1,-1,1,0,1,0,2,1,1,0,0,2,2,2,2,2,2,3,2,3,3,3,3,3,3,4,3,4,3,4,4,4,4,4,4,4,4,5,4,4,4,4,4,4,4,4,5,4,5,4,5,4,5,3,5,3,6,2,6,2,6,1,6,0,0,0,0,0,0,0,0,0,0,0,0,0,0,-80,5,-72,3,-74,4,-68,3,-64,2,-65,0,-64,4,-60,3,-54,6,-50,-2,-46,4,-42,3,-42,6,-38,6,-32,6,-30,4,-26,8,-24,7,-20,11,-16,9,-14,10,-13,11,-11,8,-8,11,-6,11,-3,11,-1,9,3,9,3,13,9,12,10,6,16,11,17,9,19,12,20,12,24,17,21,12,23,16,26,17,28,14,30,21,33,19,25,19,29,23,28,22,32,22,32,23,30,23,31,26,31,28,29,28,27,29,25,26,24,29,20,31,16,37,15,37,0,0,0,0,0,0,0,0,0,0,0,0,0,0,0,0,0,0,0,0,0,0,-4,-44,1,-45,6,-47,5,-48,10,-50,13,-50,10,-48,14,-52,17,-53,17,-50,23,-55,24,-57,25,-59,26,-57,28,-58,30,-60,31,-59,33,-56,33,-62,39,-60,35,-64,37,-62,34,-62,40,-62,39,-58,42,-61,39,-61,39,-63,38,-59,38,-62,34,-58,37,-58,32,-61,33,-58,30,-62,26,-56,21,-57,23,-60,19,-60,16,-60,14,-63,11,-60,6,-65,4,-63,3,-66,-3,-64,-2,-60,-6,-69,-9,-73,-9,-72,-11,-75,-13,-74,-14,-80,-15,-76,-12,-84,-17,-85,-14,-85,0,0]"
CSI_DATA,229,1a:00:00:00:00:00,-48,11,1,0,1,1,1,0,0,0,1,-96,0,11,2,3309523,0,44,0,384,0,"[0,0,0,0,0,0,0,0,0,0,0,0,8,-10,8,-9,7,-9,7,-8,6,-8,6,-7,5,-7,5,-7,4,-6,3,-6,3,-5,3,-5,2,-5,1,-4,1,-4,1,-4,0,-3,0,-4,-1,-3,-1,-3,-1,-2,-2,-2,-2,-2,-2,-1,-2,-1,-3,-1,0,0,-4,-1,-4,0,-5,0,-5,0,-5,1,-6,1,-6,1,-6,1,-7,0,-6,0,-7,1,-7,1,-7,1,-7,1,-7,0,-8,0,-8,0,-7,-1,-7,-1,-8,-1,-8,-1,-8,-2,-8,-2,-7,-2,-7,-3,-7,-3,0,0,0,0,0,0,0,0,0,0,0,0,0,0,57,-51,53,-52,52,-46,49,-47,50,-47,47,-42,45,-39,42,-38,37,-34,31,-35,28,-30,30,-32,27,-26,23,-26,19,-24,15,-24,18,-20,15,-21,8,-19,8,-20,3,-19,2,-17,0,-14,1,-10,-3,-11,-7,-9,-9,-8,-8,-5,-13,-8,-14,-2,-14,-2,-18,-1,-16,-3,-20,3,-25,2,-24,2,-26,3,-29,3,-28,8,-34,3,-34,6,-35,3,-35,3,-33,6,-37,2,-35,-1,-38,3,-40,-2,-40,1,-40,-6,-39,-6,-45,-6,-38,-7,-38,-9,-37,-6,-39,-13,-34,-16,0,0,0,0,0,0,0,0,0,0,0,0,0,0,0,0,0,0,0,0,0,0,28,31,24,35,21,36,20,40,18,44,15,41,15,45,16,49,15,51,12,51,12,55,10,57,11,58,12,61,12,56,7,63,11,65,7,67,8,62,6,63,5,70,6,71,5,71,5,72,4,69,7,69,6,68,11,67,7,68,4,68,8,68,8,61,8,63,10,62,10,64,14,61,15,59,17,54,21,58,20,55,23,55,29,52,31,49,34,50,34,47,42,51,41,51,44,49,49,50,46,46,51,49,55,49,58,46,58,51,59,52,60,52,61,56,0,0]"
CSI_DATA,230,1a:00:00:00:00:00,-48,11,1,0,1,1,1,0,0,0,1,-96,0,11,2,3322530,0,44,0,384,0,"[0,0,0,0,0,0,0,0,0,0,0,0,-7,10,-6,10,-6,9,-6,8,-5,8,-5,8,-5,7,-4,7,-4,6,-3,6,-3,5,-2,5,-2,4,-2,4,-2,3,-1,4,0,2,0,3,0,1,0,2,1,1,1,0,1,1,1,0,2,0,2,0,0,0,3,-1,3,-3,3,-2,3,-2,4,-2,4,-3,5,-3,5,-3,5,-3,5,-3,5,-3,6,-3,6,-3,6,-3,6,-3,6,-3,6,-3,6,-2,6,-2,7,-2,7,-2,7,-1,7,-1,7,0,7,0,6,1,0,0,0,0,0,0,0,0,0,0,0,0,0,0,-46,60,-44,57,-42,57,-37,55,-39,49,-39,47,-35,41,-37,44,-29,39,-31,38,-24,39,-24,36,-23,30,-17,30,-17,26,-11,29,-12,22,-7,20,-5,19,-3,21,-5,17,-1,13,3,13,2,9,5,9,2,5,11,4,10,4,10,3,13,4,15,-2,18,-1,16,-5,22,-6,22,-7,22,-8,23,-12,24,-9,26,-14,26,-13,33,-9,32,-11,33,-14,32,-9,36,-8,39,-9,39,-8,37,-9,39,-6,40,-5,40,-6,39,-2,39,-3,38,2,38,4,40,9,33,7,0,0,0,0,0,0,0,0,0,0,0,0,0,0,0,0,0,0,0,0,0,0,-31,-26,-33,-32,-34,-32,-33,-38,-28,-39,-30,-41,-31,-42,-27,-48,-25,-49,-25,-47,-22,-51,-23,-56,-25,-56,-24,-54,-25,-58,-23,-57,-24,-64,-23,-61,-22,-65,-21,-66,-23,-64,-24,-64,-15,-67,-16,-67,-20,-71,-20,-70,-17,-66,-22,-66,-20,-66,-20,-70,-20,-65,-22,-70,-26,-64,-21,-61,-24,-58,-25,-55,-30,-57,-33,-53,-31,-55,-33,-47,-37,-49,-36,-43,-46,-50,-42,-44,-45,-41,-46,-40,-51,-40,-57,-36,-55,-41,-57,-39,-61,-41,-64,-38,-68,-39,-67,-40,-66,-42,-67,-46,-71,-42,0,0]"
CSI_DATA,231,1a:00:00:00:00:00,-48,11,1,0,1,1,1,0,0,0,1,-96,0,11,2,3329531,0,44,0,384,0,"[0,0,0,0,0,0,0,0,0,0,0,0,-12,-7,-12,-6,-11,-6,-10,-6,-10,-6,-9,-5,-9,-5,-8,-3,-7,-3,-7,-3,-6,-3,-6,-2,-6,-2,-5,-2,-5,-1,-4,-1,-3,0,-3,0,-3,0,-3,1,-2,1,-2,1,-1,2,-1,2,-1,2,0,2,0,0,1,3,1,3,1,4,2,4,2,4,2,4,3,4,2,5,3,5,3,5,3,5,3,6,3,6,3,6,3,6,3,6,3,6,3,7,3,7,2,7,2,7,1,7,1,7,0,7,0,7,-1,7,0,0,0,0,0,0,0,0,0,0,0,0,0,0,-73,-27,-75,-24,-65,-23,-63,-27,-63,-24,-52,-27,-59,-23,-50,-19,-51,-20,-42,-17,-40,-17,-39,-14,-36,-11,-31,-10,-30,-6,-31,-3,-26,-5,-26,-2,-22,0,-20,2,-18,4,-17,3,-13,6,-11,8,-10,7,-4,6,-2,7,1,13,3,13,3,9,8,15,7,13,11,18,14,17,14,17,15,18,17,18,18,20,21,22,22,23,26,23,22,25,23,28,26,29,23,29,24,28,23,30,21,30,23,27,18,29,21,31,20,34,19,34,16,34,14,36,14,35,6,36,0,0,0,0,0,0,0,0,0,0,0,0,0,0,0,0,0,0,0,0,0,0,25,-33,28,-32,35,-33,35,-28,38,-35,37,-26,42,-27,42,-31,41,-26,47,-26,48,-27,50,-27,54,-29,53,-28,56,-29,56,-33,59,-31,61,-26,60,-25,60,-27,61,-28,65,-31,63,-25,63,-29,65,-26,63,-31,62,-27,62,-27,62,-30,64,-29,61,-29,59,-30,57,-32,56,-32,54,-35,53,-30,50,-38,47,-37,42,-39,45,-44,40,-45,37,-46,36,-51,32,-51,31,-53,26,-55,29,-62,25,-57,22,-63,23,-71,20,-67,21,-68,23,-67,23,-74,21,-75,22,-75,21,-79,0,0]"
CSI_DATA,232,1a:00:00:00:00:00,-48,11,1,0,1,1,1,0,0,0,1,-96,0,11,2,3339830,0,44,0,384,0,"[0,0,0,0,0,0,0,0,0,0,0,0,-11,6,-11,6,-10,5,-9,5,-9,5,-8,5,-8,4,-7,4,-6,4,-6,4,-5,3,-5,3,-4,3,-3,3,-3,3,-2,3,-2,3,-1,2,-1,2,-1,2,0,1,0,1,1,1,1,0,2,1,2,1,0,0,3,0,3,-1,3,-1,4,0,4,-1,5,-1,5,-1,5,-1,5,-1,6,-1,6,-1,6,-1,6,-1,6,-1,6,0,7,0,7,0,7,0,7,0,6,0,7,1,6,1,6,1,6,2,6,2,6,3,0,0,0,0,0,0,0,0,0,0,0,0,0,0,-60,51,-61,46,-55,46,-54,41,-50,43,-46,40,-46,38,-45,34,-41,30,-39,31,-34,32,-28,30,-27,24,-24,23,-19,24,-22,21,-17,20,-11,19,-6,17,-5,17,-6,14,-3,16,-1,13,1,12,3,10,4,10,8,6,11,6,9,7,15,3,18,0,21,-2,16,-3,20,-3,21,-5,25,-3,23,-7,27,-5,27,-10,29,-9,30,-8,30,-10,35,-10,34,-6,36,-7,35,-8,38,-8,38,-7,37,-5,37,-6,38,-7,38,0,40,0,37,3,34,4,39,7,39,11,0,0,0,0,0,0,0,0,0,0,0,0,0,0,0,0,0,0,0,0,0,0,-17,-36,-17,-41,-14,-40,-10,-47,-8,-48,-8,-45,-5,-52,-2,-54,-2,-57,-2,-53,0,-56,2,-60,-2,-59,-2,-63,4,-64,6,-60,0,-66,4,-64,4,-68,4,-67,6,-70,9,-71,5,-72,6,-68,6,-73,10,-71,7,-72,8,-72,3,-71,4,-70,1,-65,2,-68,-1,-64,3,-68,0,-65,-7,-66,-11,-58,-9,-57,-8,-58,-17,-60,-21,-57,-25,-54,-23,-52,-28,-54,-32,-57,-35,-45,-35,-53,-40,-50,-41,-57,-48,-53,-45,-55,-57,-54,-54,-55,-49,-57,-55,-59,-53,-61,-53,-56,0,0]"
CSI_DATA,233,1a:00:00:00:00:00,-48,11,1,0,1,1,1,0,0,0,1,-96,0,11,2,3349765,0,44,0,384,0,"[0,0,0,0,0,0,0,0,0,0,0,0,-11,3,-11,4,-10,3,-10,2,-9,2,-8,3,-8,2,-7,2,-7,2,-6,2,-5,2,-5,2,-4,2,-4,2,-3,1,-3,2,-2,2,-2,2,-1,2,-1,1,0,1,0,1,0,1,1,1,1,1,1,1,0,0,2,1,3,0,3,0,4,0,4,0,4,0,4,0,5,0,5,1,5,1,6,1,5,0,6,0,5,1,6,1,6,1,6,1,6,2,6,2,6,2,6,2,6,2,5,3,5,3,5,3,4,4,0,0,0,0,0,0,0,0,0,0,0,0,0,0,-76,26,-66,28,-71,28,-64,25,-57,23,-55,20,-57,21,-54,20,-48,17,-45,18,-43,22,-36,15,-32,18,-30,14,-29,13,-22,16,-25,15,-20,15,-19,16,-10,11,-8,12,-8,11,-8,15,-3,14,2,11,0,9,9,8,4,10,10,10,14,5,16,4,15,5,19,3,20,3,22,-1,25,6,25,1,26,6,29,3,30,2,35,5,33,0,32,6,34,7,36,6,38,3,38,9,36,5,38,12,36,9,38,11,36,12,33,13,32,18,33,19,34,21,27,24,0,0,0,0,0,0,0,0,0,0,0,0,0,0,0,0,0,0,0,0,0,0,-10,-39,-7,-44,-2,-46,-1,-49,2,-48,7,-49,6,-52,1,-51,7,-53,9,-53,12,-55,12,-55,14,-56,18,-60,18,-59,16,-60,18,-64,18,-61,19,-66,19,-63,19,-63,22,-66,23,-66,22,-69,27,-66,28,-65,23,-65,23,-66,22,-62,25,-67,20,-66,20,-67,19,-65,13,-59,14,-65,9,-62,8,-61,3,-63,3,-64,-4,-60,-7,-64,-9,-61,-11,-65,-15,-59,-15,-64,-17,-58,-19,-59,-28,-58,-29,-62,-30,-67,-32,-68,-32,-66,-36,-67,-32,-68,-33,-71,-38,-70,-36,-72,0,0]"
CSI_DATA,234,1a:00:00:00:00:00,-48,11,1,0,1,1,1,0,0,0,1,-96,0,11,2,3359652,0,44,0,384,0,"[0,0,0,0,0,0,0,0,0,0,0,0,3,12,3,11,3,10,2,10,2,9,2,8,2,7,2,7,1,6,2,6,2,5,2,5,2,4,2,4,2,3,2,2,2,2,1,1,2,1,2,0,2,0,2,-1,1,-1,2,-2,1,-2,1,-2,0,0,1,-3,1,-4,1,-4,1,-4,1,-5,1,-6,1,-5,1,-6,1,-6,1,-6,1,-6,2,-6,2,-7,2,-7,2,-7,2,-7,3,-7,3,-7,3,-7,3,-6,4,-7,4,-6,4,-6,4,-6,5,-5,5,-5,0,0,0,0,0,0,0,0,0,0,0,0,0,0,9,77,2,70,6,70,1,65,3,63,2,62,7,61,-3,54,5,50,4,48,0,43,3,42,3,41,4,34,3,28,9,29,9,27,9,21,6,16,7,18,6,13,10,10,10,6,8,5,9,4,11,-1,9,-2,9,-7,11,-13,8,-10,12,-9,14,-13,8,-17,10,-19,11,-24,13,-25,12,-26,13,-28,13,-29,12,-31,15,-30,13,-29,15,-34,14,-37,18,-29,17,-30,19,-32,21,-36,21,-32,24,-32,26,-31,26,-26,24,-28,26,-31,29,-28,30,-22,29,-19,0,0,0,0,0,0,0,0,0,0,0,0,0,0,0,0,0,0,0,0,0,0,-39,-5,-43,-8,-44,-13,-43,-14,-46,-19,-47,-20,-45,-24,-44,-25,-45,-29,-44,-26,-45,-29,-49,-31,-52,-31,-55,-37,-54,-36,-52,-38,-52,-41,-53,-41,-57,-40,-57,-44,-53,-41,-57,-46,-54,-43,-53,-43,-56,-45,-58,-43,-53,-47,-55,-44,-52,-44,-54,-37,-55,-42,-57,-40,-51,-37,-54,-40,-51,-31,-56,-34,-53,-30,-55,-24,-55,-24,-57,-20,-58,-18,-59,-13,-58,-11,-65,-8,-62,-5,-61,-3,-66,-4,-65,2,-72,2,-71,2,-69,10,-77,10,-78,5,-76,13,-78,9,-78,6,-80,13,0,0]"
CSI_DATA,235,1a:00:00:00:00:00,-48,11,1,0,1,1,1,0,0,0,1,-96,0,11,2,3370388,0,44,0,384,0,"[0,0,0,0,0,0,0,0,0,0,0,0,-1,12,-1,11,-1,11,-1,10,-1,9,-1,9,-1,9,-1,8,-1,7,0,6,0,6,0,5,0,4,0,4,0,3,1,3,1,2,1,2,2,1,1,1,1,0,1,0,2,0,1,-1,2,-2,1,-2,0,0,2,-3,2,-3,2,-4,2,-4,3,-4,3,-4,3,-5,3,-5,3,-5,3,-5,4,-5,4,-6,4,-6,4,-6,4,-5,5,-5,5,-6,5,-5,5,-5,5,-5,5,-5,6,-4,6,-4,6,-4,6,-3,6,-2,0,0,0,0,0,0,0,0,0,0,0,0,0,0,4,75,-7,75,-2,80,-1,71,-1,69,0,63,-1,63,-3,55,-4,53,-3,48,-2,49,0,40,3,38,2,38,7,32,6,29,7,28,7,26,7,17,7,17,8,16,11,10,6,5,7,2,8,4,9,1,11,-2,12,-2,10,-8,12,-11,12,-11,16,-13,8,-15,11,-18,11,-18,13,-22,15,-25,13,-26,15,-30,15,-27,19,-30,18,-27,17,-29,21,-33,20,-34,22,-32,22,-35,23,-34,26,-32,20,-31,25,-31,25,-27,27,-29,31,-24,30,-24,34,-19,34,-16,0,0,0,0,0,0,0,0,0,0,0,0,0,0,0,0,0,0,0,0,0,0,-41,-8,-43,-13,-44,-17,-48,-17,-47,-22,-43,-25,-47,-23,-44,-25,-45,-30,-49,-32,-46,-36,-51,-38,-52,-37,-51,-37,-52,-39,-54,-44,-54,-41,-48,-45,-51,-45,-55,-46,-49,-48,-58,-49,-54,-48,-54,-51,-52,-51,-54,-50,-51,-51,-54,-49,-52,-49,-55,-47,-51,-46,-54,-44,-53,-44,-53,-41,-51,-39,-55,-33,-56,-32,-56,-33,-52,-31,-59,-22,-55,-23,-58,-18,-58,-16,-64,-12,-66,-8,-68,-4,-64,-1,-68,-3,-66,-3,-78,-1,-77,3,-80,3,-82,4,-80,5,-77,5,-79,7,-80,3,0,0]"
CSI_DATA,236,1a:00:00:00:00:00,-48,11,1,0,1,1,1,0,0,0,1,-96,0,11,2,3379850,0,44,0,384,0,"[0,0,0,0,0,0,0,0,0,0,0,0,9,-9,8,-8,8,-8,7,-7,7,-7,6,-7,6,-6,5,-6,5,-6,4,-5,3,-5,3,-5,2,-5,1,-4,2,-3,1,-4,0,-4,-1,-3,0,-3,-1,-3,-1,-2,-1,-2,-2,-2,-3,-1,-3,-1,-3,-1,0,0,-4,-1,-5,0,-4,0,-5,0,-5,0,-5,1,-6,0,-6,1,-6,0,-7,1,-7,1,-7,1,-7,1,-7,0,-8,0,-8,0,-8,0,-7,0,-8,0,-8,-1,-8,-1,-8,-1,-8,-1,-8,-2,-7,-3,-7,-3,0,0,0,0,0,0,0,0,0,0,0,0,0,0,54,-53,58,-47,55,-47,52,-45,46,-42,48,-44,46,-35,43,-41,41,-31,35,-34,31,-30,26,-33,25,-28,24,-29,20,-27,16,-25,16,-22,17,-20,11,-18,7,-17,0,-14,0,-14,-2,-15,-1,-11,-6,-11,-8,-10,-10,-8,-9,-6,-11,-5,-15,0,-21,-3,-21,1,-21,1,-18,1,-25,7,-22,2,-25,4,-25,7,-28,8,-32,4,-35,6,-35,5,-32,6,-35,6,-34,6,-40,4,-37,3,-39,5,-41,3,-40,3,-40,-1,-42,0,-40,-5,-39,-6,-38,-6,-36,-9,-36,-13,0,0,0,0,0,0,0,0,0,0,0,0,0,0,0,0,0,0,0,0,0,0,21,35,21,39,18,43,14,43,13,48,14,46,9,49,10,50,9,51,8,52,10,53,7,58,8,58,5,60,5,61,2,62,3,70,4,66,4,64,5,67,5,67,1,69,5,72,0,73,-4,70,3,70,-1,67,2,68,1,70,2,69,1,67,3,64,6,63,7,60,7,64,8,59,16,62,13,56,18,56,22,58,21,53,29,51,31,50,30,53,31,51,38,57,44,49,46,47,49,47,49,51,50,51,55,50,56,54,55,52,55,55,58,55,54,58,0,0]"
CSI_DATA,237,1a:00:00:00:00:00,-48,11,1,0,1,1,1,0,0,0,1,-96,0,11,2,3402747,0,44,0,384,0,"[0,0,0,0,0,0,0,0,0,0,0,0,2,12,2,11,2,10,2,9,2,9,2,8,1,7,2,7,1,6,2,5,2,5,2,4,2,4,2,3,1,3,1,2,2,2,2,1,2,1,2,0,2,0,2,-1,1,-1,1,-1,1,-2,1,-2,0,0,1,-3,1,-4,1,-4,1,-4,1,-5,2,-5,1,-6,2,-6,1,-6,1,-6,2,-6,2,-6,2,-6,2,-7,2,-7,2,-7,2,-7,3,-7,3,-7,3,-6,3,-6,4,-6,4,-6,4,-6,5,-5,5,-5,0,0,0,0,0,0,0,0,0,0,0,0,0,0,8,79,6,73,8,69,8,68,10,61,6,63,4,58,2,58,7,51,4,49,7,40,8,40,5,38,9,30,7,32,7,25,9,24,10,23,13,16,8,16,10,13,8,10,8,2,12,4,9,-3,11,-7,11,-4,8,-7,10,-8,8,-11,9,-10,9,-13,8,-19,6,-19,14,-24,9,-25,9,-28,9,-24,13,-30,12,-30,12,-30,15,-24,15,-32,16,-34,15,-35,17,-31,19,-34,19,-34,19,-30,21,-33,18,-35,24,-30,22,-33,26,-33,32,-26,30,-26,26,-23,0,0,0,0,0,0,0,0,0,0,0,0,0,0,0,0,0,0,0,0,0,0,-39,-3,-43,-3,-46,-7,-48,-11,-48,-16,-43,-17,-47,-17,-48,-19,-50,-24,-47,-21,-48,-27,-55,-29,-55,-27,-56,-24,-58,-30,-54,-34,-56,-34,-59,-37,-57,-34,-57,-38,-60,-37,-58,-41,-57,-37,-57,-39,-61,-41,-57,-38,-56,-39,-59,-41,-57,-39,-58,-39,-55,-38,-60,-36,-58,-30,-57,-31,-56,-29,-58,-25,-59,-23,-54,-23,-60,-17,-58,-16,-60,-18,-60,-10,-62,-5,-62,-2,-61,-2,-63,1,-66,4,-68,8,-71,14,-69,11,-70,14,-74,13,-76,14,-73,16,-80,15,-77,18,-76,14,0,0]"
CSI_DATA,238,1a:00:00:00:00:00,-48,11,1,0,1,1,1,0,0,0,1,-96,0,11,2,3419685,0,44,0,384,0,"[0,0,0,0,0,0,0,0,0,0,0,0,-13,1,-12,1,-12,1,-11,1,-11,1,-10,1,-9,2,-8,2,-7,1,-7,1,-6,1,-6,2,-5,1,-5,1,-4,1,-3,2,-3,2,-3,2,-2,2,-1,1,-1,2,-1,1,0,1,0,2,1,1,1,1,0,0,2,1,3,1,3,1,4,1,4,1,4,1,5,1,5,1,5,2,6,2,6,2,5,2,6,2,6,2,6,2,6,2,6,2,6,3,6,3,6,3,6,4,5,3,5,4,5,4,4,5,3,5,0,0,0,0,0,0,0,0,0,0,0,0,0,0,-75,2,-77,0,-72,1,-68,2,-66,1,-61,0,-61,3,-55,-3,-53,1,-48,1,-42,-1,-42,3,-37,5,-37,3,-33,5,-28,5,-25,6,-24,5,-18,6,-16,7,-12,9,-11,11,-8,12,-6,11,-2,11,-4,13,4,8,2,8,4,10,9,9,8,10,17,10,13,12,17,8,23,7,21,8,25,11,26,12,26,10,27,9,31,10,32,11,30,17,29,14,34,14,35,14,34,13,33,18,34,17,35,16,36,19,34,21,33,22,29,26,29,27,25,27,23,30,0,0,0,0,0,0,0,0,0,0,0,0,0,0,0,0,0,0,0,0,0,0,13,-39,17,-39,23,-41,28,-40,28,-38,28,-40,27,-39,33,-39,35,-40,40,-38,38,-40,42,-42,44,-42,42,-42,44,-43,45,-47,45,-46,50,-45,51,-51,53,-47,50,-46,55,-45,53,-44,58,-48,54,-45,52,-47,51,-44,50,-48,49,-47,49,-46,47,-48,47,-45,49,-47,43,-47,40,-48,38,-48,31,-51,32,-51,28,-53,28,-56,25,-58,17,-58,17,-56,15,-61,11,-61,10,-61,7,-63,2,-67,0,-69,-7,-73,1,-73,-3,-71,0,-73,-9,-76,-4,-80,-2,-82,-1,-85,0,0]"
CSI_DATA,239,1a:00:00:00:00:00,-48,11,1,0,1,1,1,0,0,0,1,-96,0,11,2,3429493,0,44,0,384,0,"[0,0,0,0,0,0,0,0,0,0,0,0,11,-7,10,-7,8,-6,9,-6,8,-6,8,-5,6,-5,6,-5,5,-5,4,-4,4,-5,4,-5,3,-4,2,-4,2,-4,2,-4,1,-4,0,-3,0,-3,0,-3,0,-3,-1,-2,-1,-2,-2,-2,-3,-2,-3,-2,0,0,-4,-1,-4,-1,-5,-1,-5,-1,-5,0,-6,0,-6,0,-6,-1,-7,-1,-7,-1,-7,-1,-7,-1,-7,-1,-7,-1,-7,-1,-8,-2,-7,-1,-8,-2,-8,-2,-7,-3,-7,-3,-7,-3,-7,-3,-7,-4,-7,-4,-6,-5,0,0,0,0,0,0,0,0,0,0,0,0,0,0,70,-26,73,-22,69,-22,65,-20,62,-23,58,-20,55,-17,56,-16,44,-15,48,-17,42,-18,38,-17,33,-12,29,-12,27,-17,22,-13,26,-13,21,-15,20,-15,10,-13,9,-17,4,-14,6,-12,-1,-12,2,-10,-3,-10,-7,-7,-8,-8,-11,-8,-16,-9,-15,-5,-22,-6,-18,-9,-21,-2,-27,-2,-28,-4,-28,-3,-29,-3,-29,-5,-35,-3,-33,-4,-38,-4,-38,-8,-36,-5,-34,-3,-37,-6,-39,-7,-36,-7,-38,-10,-37,-11,-40,-14,-38,-12,-36,-14,-33,-15,-33,-17,-35,-18,-31,-24,0,0,0,0,0,0,0,0,0,0,0,0,0,0,0,0,0,0,0,0,0,0,-1,44,-2,42,-6,41,-10,48,-12,47,-15,47,-20,47,-21,45,-22,52,-22,48,-19,52,-21,55,-26,54,-25,56,-27,61,-29,56,-29,62,-29,60,-28,60,-35,59,-33,57,-34,64,-35,62,-33,60,-36,61,-33,62,-34,62,-34,65,-32,59,-30,63,-26,59,-32,56,-25,57,-26,59,-24,57,-19,63,-18,59,-11,56,-12,59,-7,63,-5,63,-3,60,1,61,8,63,9,62,17,59,16,65,15,57,17,68,13,67,26,60,28,67,27,73,24,67,32,72,26,79,27,75,0,0]"
CSI_DATA,240,1a:00:00:00:00:00,-48,11,1,0,1,1,1,0,0,0,1,-96,0,11,2,3439495,0,44,0,384,0,"[0,0,0,0,0,0,0,0,0,0,0,0,-3,12,-2,11,-2,11,-2,10,-2,9,-2,9,-2,8,-1,7,-1,7,-1,6,-1,6,-1,5,0,5,1,4,1,3,0,3,1,2,0,2,1,1,1,1,1,0,1,0,1,0,2,-1,2,-2,2,-2,0,0,2,-3,3,-3,2,-4,3,-4,3,-4,3,-4,3,-5,4,-5,4,-5,3,-5,4,-5,4,-5,4,-5,5,-5,5,-5,5,-5,5,-5,5,-5,5,-5,5,-5,5,-4,6,-4,6,-4,6,-3,6,-3,6,-2,0,0,0,0,0,0,0,0,0,0,0,0,0,0,-21,72,-26,76,-21,71,-25,66,-18,65,-20,59,-19,53,-19,53,-14,50,-13,45,-11,44,-10,41,-7,40,-8,34,-7,32,-5,29,-2,24,0,26,-1,18,3,18,5,15,5,8,5,12,8,7,9,3,7,3,9,3,12,1,12,-4,15,-6,15,-8,13,-10,14,-13,14,-19,16,-19,20,-20,22,-18,22,-24,18,-22,23,-25,27,-23,25,-24,25,-28,28,-24,27,-27,30,-25,32,-26,30,-25,29,-26,35,-18,33,-23,35,-19,35,-23,36,-19,36,-19,36,-13,35,-8,0,0,0,0,0,0,0,0,0,0,0,0,0,0,0,0,0,0,0,0,0,0,-40,-19,-42,-26,-38,-29,-41,-32,-36,-34,-34,-35,-33,-38,-36,-36,-37,-40,-38,-43,-37,-48,-38,-50,-41,-46,-38,-49,-35,-51,-42,-54,-44,-53,-38,-58,-36,-57,-39,-58,-39,-60,-40,-60,-38,-63,-42,-64,-37,-64,-40,-62,-39,-57,-38,-64,-40,-59,-39,-61,-40,-54,-41,-56,-38,-55,-43,-55,-41,-53,-45,-50,-46,-44,-46,-45,-45,-39,-48,-38,-51,-40,-54,-33,-56,-31,-53,-30,-60,-26,-65,-27,-64,-23,-67,-21,-70,-20,-69,-16,-72,-14,-79,-12,-77,-13,-77,-16,-82,-14,-81,-17,-83,-14,0,0]"
CSI_DATA,241,1a:00:00:00:00:00,-48,11,1,0,1,1,1,0,0,0,1,-96,0,11,2,3449919,0,44,0,384,0,"[0,0,0,0,0,0,0,0,0,0,0,0,0,-13,-1,-13,0,-11,0,-11,-1,-10,0,-10,0,-9,-1,-9,-1,-8,-1,-7,-1,-6,-2,-6,-2,-5,-2,-5,-2,-4,-2,-4,-2,-3,-2,-3,-2,-2,-3,-1,-2,-1,-2,-1,-2,0,-3,0,-3,0,-3,1,0,0,-3,2,-3,2,-3,3,-3,3,-3,4,-3,4,-3,4,-3,4,-3,5,-3,5,-4,5,-4,5,-5,5,-5,5,-5,5,-5,5,-5,5,-5,5,-5,5,-6,5,-6,5,-6,4,-6,4,-6,4,-6,3,-7,2,0,0,0,0,0,0,0,0,0,0,0,0,0,0,19,-76,24,-72,17,-73,21,-70,21,-65,19,-60,21,-59,17,-55,16,-48,12,-48,12,-47,13,-43,8,-38,10,-37,6,-30,6,-30,-2,-24,0,-26,1,-22,-6,-19,-6,-19,-7,-14,-8,-10,-9,-11,-7,-7,-12,-8,-15,-1,-11,-1,-13,-2,-13,9,-20,7,-14,8,-18,11,-20,14,-22,15,-23,16,-17,16,-24,19,-23,21,-23,23,-29,20,-25,17,-31,22,-27,21,-32,23,-33,20,-37,21,-30,20,-35,21,-37,16,-37,22,-37,17,-36,19,-36,10,-36,11,-40,5,-38,4,0,0,0,0,0,0,0,0,0,0,0,0,0,0,0,0,0,0,0,0,0,0,38,14,40,17,40,23,41,20,38,27,41,31,38,31,37,37,41,35,39,37,39,40,39,42,41,42,38,47,40,46,39,49,41,48,41,49,42,54,41,55,43,52,41,56,42,60,39,55,40,60,43,58,39,56,41,56,40,56,42,54,45,56,43,53,40,50,43,50,42,51,44,44,46,46,46,42,46,40,49,36,54,32,54,32,54,31,58,23,60,28,63,25,63,21,63,16,68,15,68,18,72,12,76,11,81,18,79,10,82,13,80,16,80,14,0,0]"
CSI_DATA,242,1a:00:00:00:00:00,-48,11,1,0,1,1,1,0,0,0,1,-96,0,11,2,3460109,0,44,0,384,0,"[0,0,0,0,0,0,0,0,0,0,0,0,10,6,10,5,9,5,9,5,8,5,7,4,7,3,6,3,6,3,5,2,5,2,4,1,4,1,3,1,3,0,3,0,3,-1,2,-1,2,-1,2,-1,1,-2,1,-2,0,-2,0,-3,0,-3,-1,-3,0,0,-1,-4,-1,-4,-2,-4,-2,-5,-2,-5,-3,-5,-3,-5,-3,-6,-3,-6,-3,-6,-3,-7,-3,-6,-3,-7,-3,-7,-3,-7,-3,-7,-2,-7,-2,-7,-3,-8,-2,-8,-2,-8,-2,-8,-1,-8,-1,-7,0,-8,1,-7,0,0,0,0,0,0,0,0,0,0,0,0,0,0,69,28,67,33,63,26,61,35,56,31,52,28,54,22,47,27,46,25,39,24,37,21,32,18,35,17,32,13,28,15,27,11,26,7,19,5,20,-1,17,1,16,-2,14,-3,12,-8,12,-7,10,-9,8,-5,2,-7,3,-14,1,-14,-3,-13,-6,-12,-3,-19,-8,-20,-8,-22,-12,-21,-11,-23,-12,-27,-11,-29,-13,-25,-11,-32,-14,-33,-15,-33,-13,-32,-14,-36,-12,-33,-15,-37,-15,-36,-10,-37,-10,-38,-8,-40,-5,-37,-6,-42,-4,-38,-1,-37,1,-38,2,-37,4,-37,0,0,0,0,0,0,0,0,0,0,0,0,0,0,0,0,0,0,0,0,0,0,-13,40,-16,35,-20,41,-24,39,-31,42,-31,36,-34,37,-37,35,-34,37,-43,38,-42,40,-44,39,-48,40,-47,39,-45,42,-48,42,-53,38,-54,41,-55,36,-60,38,-62,35,-60,39,-63,37,-62,41,-63,36,-61,38,-61,36,-57,37,-62,37,-59,40,-58,35,-50,35,-55,36,-55,37,-52,36,-51,38,-46,40,-44,41,-43,41,-38,47,-37,43,-38,52,-33,49,-31,56,-32,50,-24,53,-25,56,-25,63,-25,64,-25,69,-23,71,-22,72,-28,68,-26,77,-27,76,-28,74,-27,77,0,0]"
CSI_DATA,243,1a:00:00:00:00:00,-48,11,1,0,1,1,1,0,0,0,1,-96,0,11,2,3469854,0,44,0,384,0,"[0,0,0,0,0,0,0,0,0,0,0,0,7,9,7,9,7,9,6,8,6,7,5,7,5,6,5,5,4,5,4,4,4,4,3,3,4,3,3,2,3,1,3,1,2,1,2,0,2,0,2,-1,2,-1,1,-2,1,-2,1,-3,1,-3,0,-3,0,0,-1,-4,0,-4,0,-4,-1,-5,-1,-5,-1,-6,0,-6,-1,-6,-1,-7,-1,-6,-1,-7,-1,-7,-1,-7,-1,-8,0,-8,0,-7,0,-8,0,-7,0,-8,0,-8,1,-8,1,-7,1,-7,2,-7,2,-7,3,-7,0,0,0,0,0,0,0,0,0,0,0,0,0,0,36,63,36,63,32,64,30,58,30,62,21,54,26,46,25,45,24,45,19,41,21,41,19,40,18,33,17,26,15,24,14,25,15,19,18,14,16,15,14,11,14,7,14,7,12,1,15,0,11,-7,13,-4,10,-6,9,-11,6,-11,3,-12,5,-15,7,-17,3,-18,1,-20,8,-25,5,-25,1,-29,2,-30,3,-30,-3,-29,0,-31,0,-34,6,-39,4,-36,7,-36,6,-36,6,-35,8,-40,14,-35,13,-39,11,-37,14,-37,13,-40,18,-33,21,-33,21,-32,23,-30,0,0,0,0,0,0,0,0,0,0,0,0,0,0,0,0,0,0,0,0,0,0,-36,19,-40,17,-42,17,-48,15,-48,10,-51,9,-48,4,-49,2,-54,4,-53,1,-57,3,-57,3,-61,-2,-63,-2,-68,0,-61,-4,-67,-6,-66,-3,-72,-4,-70,-9,-68,-6,-70,-10,-65,-10,-69,-7,-68,-9,-71,-7,-73,-7,-73,-7,-67,-9,-69,-10,-64,-10,-68,-6,-65,-7,-66,-4,-62,0,-65,1,-59,4,-62,6,-57,8,-60,11,-61,13,-57,14,-62,19,-59,21,-62,28,-58,28,-57,29,-57,37,-60,35,-59,35,-55,46,-60,43,-66,44,-63,42,-63,46,-66,46,-68,42,0,0]"
CSI_DATA,244,1a:00:00:00:00:00,-48,11,1,0,1,1,1,0,0,0,1,-96,0,11,2,3481146,0,44,0,384,0,"[0,0,0,0,0,0,0,0,0,0,0,0,11,-3,10,-3,10,-3,9,-2,9,-2,8,-2,7,-2,6,-2,6,-2,6,-2,5,-3,4,-3,4,-2,4,-2,3,-3,2,-2,1,-3,1,-3,0,-2,0,-3,0,-2,0,-2,-1,-3,-1,-2,-2,-2,-2,-2,0,0,-3,-2,-3,-2,-4,-2,-5,-2,-4,-2,-5,-2,-5,-2,-5,-2,-6,-3,-6,-3,-6,-3,-6,-3,-6,-3,-7,-3,-6,-4,-7,-4,-6,-4,-6,-4,-6,-4,-6,-5,-6,-5,-6,-5,-6,-5,-5,-5,-5,-6,-4,-6,0,0,0,0,0,0,0,0,0,0,0,0,0,0,81,-14,77,-9,72,-12,67,-13,62,-16,65,-12,60,-9,57,-12,50,-9,46,-10,42,-7,43,-8,41,-11,37,-7,30,-13,29,-9,24,-8,20,-13,17,-11,15,-11,11,-11,10,-9,5,-15,3,-12,4,-13,1,-12,-3,-11,-7,-11,-10,-9,-12,-10,-17,-8,-15,-12,-18,-13,-22,-9,-21,-7,-24,-11,-28,-11,-25,-14,-32,-13,-34,-12,-35,-13,-33,-10,-33,-10,-35,-15,-36,-17,-36,-13,-37,-16,-37,-15,-32,-17,-36,-16,-35,-19,-37,-23,-34,-22,-27,-23,-29,-26,-32,-28,-27,-25,0,0,0,0,0,0,0,0,0,0,0,0,0,0,0,0,0,0,0,0,0,0,-4,39,-9,41,-12,49,-17,46,-17,44,-18,46,-18,46,-22,46,-23,48,-26,47,-28,53,-31,49,-32,55,-33,51,-36,56,-35,54,-37,57,-37,54,-36,56,-41,56,-43,59,-41,59,-40,59,-44,59,-45,59,-40,58,-42,61,-43,59,-41,56,-37,63,-38,58,-36,56,-34,55,-28,54,-31,63,-26,57,-25,56,-22,54,-18,56,-18,63,-14,61,-8,60,-5,66,-6,64,-3,59,7,62,11,67,6,70,15,67,11,70,15,71,15,79,17,78,20,77,20,79,20,79,23,80,0,0]"
CSI_DATA,245,1a:00:00:00:00:00,-48,11,1,0,1,1,1,0,0,0,1,-96,0,11,2,3509489,0,44,0,384,0,"[0,0,0,0,0,0,0,0,0,0,0,0,1,-12,2,-12,1,-11,1,-10,1,-10,1,-9,1,-9,1,-8,0,-8,0,-7,0,-7,-1,-6,-1,-5,-1,-5,-1,-4,-2,-4,-2,-3,-2,-3,-2,-2,-2,-2,-2,-1,-2,-1,-3,-1,-3,0,-3,0,-3,1,0,0,-3,2,-3,2,-3,2,-3,3,-4,3,-4,4,-4,4,-4,4,-4,4,-4,4,-4,4,-5,5,-5,4,-5,5,-5,5,-5,5,-5,5,-5,4,-6,4,-6,4,-6,4,-6,4,-7,3,-7,3,-7,3,-7,2,0,0,0,0,0,0,0,0,0,0,0,0,0,0,6,-82,11,-78,7,-74,4,-69,8,-66,6,-68,9,-66,7,-56,7,-57,0,-49,2,-44,1,-43,3,-39,2,-36,-2,-31,-1,-30,-1,-30,-1,-26,-4,-22,-9,-17,-8,-14,-9,-12,-11,-10,-10,-8,-13,-4,-7,-4,-9,-3,-14,1,-12,7,-9,9,-14,8,-16,8,-15,16,-16,15,-18,21,-18,23,-17,21,-18,27,-18,24,-20,25,-24,24,-24,26,-19,23,-23,30,-25,27,-27,29,-24,26,-28,31,-27,26,-29,23,-31,24,-31,24,-32,22,-35,25,-33,20,-34,14,-35,13,0,0,0,0,0,0,0,0,0,0,0,0,0,0,0,0,0,0,0,0,0,0,39,7,41,13,45,13,42,17,42,19,44,19,41,28,43,29,45,31,43,32,43,34,43,36,46,39,48,37,49,38,49,42,54,40,53,47,55,44,52,47,51,49,54,49,51,52,48,50,48,52,50,49,50,52,51,52,54,47,49,46,48,48,52,48,53,47,51,41,51,41,50,36,53,37,55,32,55,29,54,26,57,26,59,18,55,16,62,16,60,12,63,3,66,4,68,4,69,4,74,4,71,1,77,-3,80,-2,76,-6,82,-4,87,-2,80,0,0,0]"
CSI_DATA,246,1a:00:00:00:00:00,-48,11,1,0,1,1,1,0,0,0,1,-96,0,11,2,3519631,0,44,0,384,0,"[0,0,0,0,0,0,0,0,0,0,0,0,6,-10,6,-10,5,-9,5,-9,4,-8,4,-8,4,-7,3,-7,3,-6,3,-6,2,-6,2,-5,1,-4,1,-4,0,-4,0,-4,-1,-4,-1,-3,-1,-3,-1,-2,-2,-2,-2,-2,-2,-2,-3,-1,-3,-1,-3,-1,0,0,-4,0,-4,0,-4,1,-4,1,-5,1,-5,1,-5,2,-6,1,-6,2,-6,1,-6,1,-6,2,-7,1,-7,1,-7,1,-7,1,-7,1,-7,1,-7,0,-7,0,-7,0,-7,0,-7,-1,-7,-1,-7,-1,-6,-2,0,0,0,0,0,0,0,0,0,0,0,0,0,0,41,-67,38,-67,34,-64,34,-63,35,-60,30,-52,32,-51,32,-47,27,-46,23,-43,19,-40,20,-37,13,-36,15,-32,12,-27,7,-31,10,-26,4,-22,1,-19,-1,-20,-3,-19,-6,-16,-2,-14,-5,-12,-9,-7,-6,-7,-13,-5,-10,-2,-11,2,-17,2,-19,3,-18,5,-17,7,-20,8,-23,9,-19,9,-22,13,-29,11,-27,12,-30,15,-32,16,-33,15,-33,15,-32,14,-34,14,-37,14,-40,12,-34,11,-38,8,-41,11,-41,7,-43,7,-39,5,-40,2,-38,0,-37,-4,-37,-6,0,0,0,0,0,0,0,0,0,0,0,0,0,0,0,0,0,0,0,0,0,0,35,19,34,26,36,27,35,33,33,36,29,37,29,37,28,39,31,43,36,45,29,51,31,49,33,50,29,55,29,53,29,55,31,57,28,61,28,57,28,63,27,60,28,63,27,65,27,62,25,64,27,65,26,64,25,63,26,62,30,62,26,60,30,59,30,61,29,58,30,58,30,52,30,54,32,52,36,48,44,43,45,44,47,39,45,39,48,39,48,34,51,37,57,31,56,31,58,32,64,32,65,31,70,31,72,35,69,31,73,33,71,31,74,35,0,0]"
CSI_DATA,247,1a:00:00:00:00:00,-48,11,1,0,1,1,1,0,0,0,1,-96,0,11,2,3539520,0,44,0,384,0,"[0,0,0,0,0,0,0,0,0,0,0,0,12,3,11,3,10,3,10,3,9,3,8,2,7,2,7,2,7,1,6,1,5,0,5,0,4,0,4,0,4,-1,3,-1,2,-2,2,-2,2,-2,1,-2,1,-2,0,-2,0,-3,-1,-2,-1,-3,-2,-3,0,0,-3,-4,-2,-4,-3,-3,-3,-4,-4,-4,-4,-4,-4,-5,-4,-4,-4,-5,-5,-5,-5,-6,-5,-5,-5,-6,-5,-6,-5,-6,-5,-6,-4,-6,-5,-7,-4,-7,-4,-7,-4,-7,-4,-7,-3,-7,-2,-7,-2,-8,-2,-7,0,0,0,0,0,0,0,0,0,0,0,0,0,0,64,38,60,42,65,38,56,38,54,38,48,37,47,34,49,31,44,30,41,26,36,24,33,24,32,21,33,16,28,16,25,13,27,9,24,6,20,5,18,2,16,-2,12,0,13,-3,10,-4,7,-11,6,-11,-1,-9,4,-14,2,-14,-2,-12,-7,-16,-4,-16,-4,-20,-7,-23,-10,-23,-8,-24,-13,-26,-9,-32,-11,-30,-12,-33,-16,-32,-14,-34,-14,-33,-10,-37,-12,-35,-11,-35,-11,-36,-10,-37,-12,-34,-9,-41,-8,-41,-5,-41,-2,-39,0,-37,1,-39,4,-36,6,-39,0,0,0,0,0,0,0,0,0,0,0,0,0,0,0,0,0,0,0,0,0,0,-22,36,-29,35,-31,34,-34,35,-38,28,-36,32,-39,29,-43,31,-46,32,-47,31,-52,25,-49,31,-50,28,-51,26,-53,29,-56,25,-60,31,-58,28,-63,28,-65,27,-62,27,-68,29,-63,31,-69,24,-68,26,-66,28,-64,27,-63,25,-64,22,-63,27,-63,26,-62,26,-61,27,-62,29,-60,30,-57,28,-54,30,-52,35,-49,36,-47,42,-46,41,-45,42,-44,46,-44,45,-44,50,-35,54,-34,52,-39,55,-33,61,-32,64,-33,67,-32,64,-33,65,-37,66,-38,73,-40,70,-34,72,0,0]"
CSI_DATA,248,1a:00:00:00:00:00,-48,11,1,0,1,1,1,0,0,0,1,-96,0,11,2,3549512,0,44,0,384,0,"[0,0,0,0,0,0,0,0,0,0,0,0,-10,7,-10,7,-8,6,-8,6,-8,5,-7,5,-7,5,-6,5,-6,4,-5,4,-5,4,-4,3,-3,3,-3,3,-3,3,-2,3,-1,2,-1,2,0,2,0,1,0,1,1,1,1,1,1,0,2,0,2,0,0,0,3,0,3,-1,4,-1,4,-1,4,-1,4,-1,5,-2,5,-1,5,-1,6,-1,6,-1,5,-1,6,-1,6,-1,6,-1,6,0,6,-1,6,0,6,0,6,0,6,1,6,1,6,1,6,1,6,2,5,2,0,0,0,0,0,0,0,0,0,0,0,0,0,0,-50,59,-52,59,-48,55,-45,53,-44,43,-43,45,-44,41,-37,39,-36,37,-31,36,-28,32,-27,33,-23,29,-23,28,-18,24,-12,24,-17,23,-13,18,-11,22,-5,19,-2,15,2,12,1,12,1,12,3,7,3,10,9,7,12,4,11,5,13,-2,18,-3,18,-2,20,0,19,-4,25,-10,23,-4,24,-7,27,-8,31,-6,33,-8,30,-10,34,-6,33,-11,34,-5,37,-7,39,-7,40,-8,38,-8,37,-2,38,-3,39,-4,38,-4,38,2,37,1,38,4,38,6,34,14,0,0,0,0,0,0,0,0,0,0,0,0,0,0,0,0,0,0,0,0,0,0,-29,-27,-29,-33,-27,-36,-26,-41,-25,-42,-25,-44,-22,-48,-20,-51,-20,-50,-19,-53,-15,-56,-20,-56,-19,-57,-18,-61,-19,-59,-18,-61,-19,-63,-16,-62,-17,-65,-12,-65,-14,-68,-15,-71,-15,-69,-16,-70,-10,-70,-19,-73,-13,-68,-13,-71,-17,-66,-13,-65,-17,-61,-15,-67,-15,-68,-16,-63,-18,-65,-26,-61,-24,-60,-28,-55,-25,-55,-31,-52,-34,-50,-34,-53,-38,-52,-38,-48,-39,-45,-48,-47,-49,-43,-51,-48,-54,-47,-57,-42,-62,-48,-60,-41,-66,-44,-60,-40,-67,-45,-65,-47,-65,-46,0,0]"
CSI_DATA,249,1a:00:00:00:00:00,-48,11,1,0,1,1,1,0,0,0,1,-96,0,11,2,3560506,0,44,0,384,0,"[0,0,0,0,0,0,0,0,0,0,0,0,1,-13,1,-13,0,-12,0,-11,0,-10,1,-10,0,-9,0,-9,0,-8,0,-7,-1,-7,-1,-6,-1,-5,-1,-5,-2,-4,-2,-4,-2,-3,-2,-3,-3,-2,-2,-2,-3,-1,-2,-1,-3,-1,-3,0,-3,0,-2,1,0,0,-3,2,-3,2,-3,3,-3,3,-4,3,-4,4,-4,4,-4,4,-5,4,-4,4,-4,4,-5,5,-5,4,-5,5,-6,5,-5,5,-6,5,-6,4,-6,4,-6,4,-6,4,-6,3,-7,3,-7,3,-7,2,-7,2,0,0,0,0,0,0,0,0,0,0,0,0,0,0,15,-79,15,-74,14,-69,10,-73,6,-69,9,-61,10,-61,9,-58,11,-53,9,-51,5,-47,4,-43,3,-43,0,-41,-1,-33,-2,-33,-4,-28,-4,-28,-5,-20,-10,-18,-7,-16,-13,-12,-12,-10,-10,-5,-9,-6,-9,-1,-10,-1,-11,1,-11,7,-12,5,-14,11,-12,14,-11,15,-16,18,-16,22,-16,23,-15,23,-13,25,-17,26,-17,26,-20,28,-21,33,-20,27,-20,32,-21,27,-27,30,-22,27,-25,28,-26,27,-26,28,-28,28,-28,26,-32,25,-32,25,-33,21,-35,19,-37,17,0,0,0,0,0,0,0,0,0,0,0,0,0,0,0,0,0,0,0,0,0,0,40,15,40,23,38,24,39,28,39,31,38,31,36,33,43,35,41,37,39,40,40,43,40,41,42,44,40,45,42,47,40,50,42,57,43,51,41,57,43,54,43,53,44,59,43,55,43,58,44,59,42,58,43,59,38,57,46,56,46,53,39,50,44,52,55,47,48,43,48,47,49,44,49,41,48,38,51,39,53,32,51,30,55,24,57,26,59,20,62,20,65,18,64,9,67,11,71,9,69,9,72,5,75,6,77,8,78,5,79,8,83,8,83,8,0,0]"
CSI_DATA,250,1a:00:00:00:00:00,-48,11,1,0,1,1,1,0,0,0,1,-96,0,11,2,3570269,0,44,0,384,0,"[0,0,0,0,0,0,0,0,0,0,0,0,11,-2,11,-2,10,-2,9,-2,9,-2,8,-2,7,-2,7,-2,6,-2,6,-2,5,-2,4,-2,4,-2,3,-2,3,-2,2,-3,2,-3,1,-2,1,-2,0,-2,0,-2,-1,-2,-1,-2,-1,-2,-1,-2,-2,-2,0,0,-3,-3,-4,-2,-4,-2,-4,-3,-4,-2,-5,-3,-5,-2,-5,-3,-5,-3,-6,-4,-6,-3,-6,-3,-6,-4,-6,-3,-6,-4,-6,-4,-6,-4,-6,-4,-6,-5,-6,-5,-6,-5,-6,-5,-5,-6,-5,-6,-4,-6,-4,-6,0,0,0,0,0,0,0,0,0,0,0,0,0,0,77,-19,76,-12,70,-14,70,-9,67,-14,61,-7,60,-16,54,-10,52,-9,45,-10,45,-8,42,-7,35,-13,38,-11,29,-11,25,-9,22,-13,24,-14,19,-13,17,-11,9,-13,7,-10,6,-11,2,-12,2,-12,-1,-9,-4,-11,-5,-12,-7,-10,-11,-8,-17,-8,-15,-10,-17,-8,-20,-12,-26,-13,-22,-12,-27,-7,-31,-8,-29,-12,-33,-13,-33,-12,-35,-13,-30,-13,-32,-13,-33,-16,-34,-19,-34,-17,-36,-21,-33,-19,-36,-20,-35,-22,-31,-22,-29,-24,-33,-25,-27,-21,-24,-28,-23,-29,0,0,0,0,0,0,0,0,0,0,0,0,0,0,0,0,0,0,0,0,0,0,5,41,-1,42,-4,48,-7,45,-7,48,-9,49,-11,49,-16,50,-21,48,-21,54,-22,53,-24,56,-27,58,-23,59,-28,56,-30,61,-25,56,-29,59,-31,63,-28,60,-39,64,-33,62,-38,64,-36,64,-38,63,-32,61,-36,60,-36,59,-34,61,-30,59,-30,61,-30,61,-28,63,-30,59,-26,63,-22,62,-19,60,-15,58,-12,62,-16,61,-8,58,-5,65,-1,61,0,66,2,60,7,66,9,64,13,67,14,67,20,75,20,72,19,74,20,75,23,75,27,79,25,79,23,83,0,0]"
CSI_DATA,251,1a:00:00:00:00:00,-48,11,1,0,1,1,1,0,0,0,1,-96,0,11,2,3582014,0,44,0,384,0,"[0,0,0,0,0,0,0,0,0,0,0,0,7,9,7,9,7,8,6,8,6,7,5,7,5,6,5,5,4,5,4,5,3,4,4,3,4,3,3,2,3,2,3,1,2,1,2,0,2,0,2,-1,2,-1,2,-1,1,-2,1,-2,0,-3,0,-3,0,0,0,-4,0,-4,0,-5,-1,-5,0,-5,-1,-6,0,-6,0,-6,-1,-7,-1,-7,-1,-7,0,-7,0,-7,0,-8,0,-7,0,-8,0,-8,0,-8,1,-8,1,-8,1,-8,2,-7,2,-7,2,-7,3,-7,3,-6,0,0,0,0,0,0,0,0,0,0,0,0,0,0,50,61,40,62,44,59,39,55,35,53,36,50,30,48,32,49,30,41,28,39,28,36,24,36,22,31,24,26,16,24,17,19,21,18,20,12,16,14,15,7,14,6,15,4,15,1,9,-1,8,-5,8,-5,7,-5,4,-10,4,-10,5,-14,3,-18,3,-17,1,-18,-3,-20,0,-26,0,-24,-1,-27,-3,-30,-2,-32,5,-30,-1,-34,1,-36,-1,-40,3,-38,1,-43,1,-40,3,-43,6,-35,6,-37,6,-39,7,-39,12,-37,11,-42,15,-40,12,-35,16,-37,20,-34,0,0,0,0,0,0,0,0,0,0,0,0,0,0,0,0,0,0,0,0,0,0,-37,23,-40,23,-41,18,-46,15,-44,18,-48,12,-53,11,-49,10,-52,13,-56,8,-59,8,-60,5,-60,7,-65,8,-68,4,-59,3,-69,3,-67,2,-72,3,-71,0,-68,1,-73,5,-73,1,-74,-4,-73,-4,-74,0,-73,-5,-73,-1,-69,-1,-71,-2,-68,2,-67,-1,-69,2,-66,0,-66,10,-67,7,-63,11,-58,15,-62,14,-59,19,-59,23,-57,24,-56,26,-58,28,-58,33,-50,35,-56,39,-56,44,-54,46,-59,42,-61,47,-57,49,-58,53,-58,56,-60,54,-65,56,-68,53,0,0]"
CSI_DATA,252,1a:00:00:00:00:00,-48,11,1,0,1,1,1,0,0,0,1,-96,0,11,2,3591107,0,44,0,384,0,"[0,0,0,0,0,0,0,0,0,0,0,0,10,-5,10,-5,10,-5,9,-4,8,-4,7,-4,6,-4,6,-4,6,-4,5,-4,5,-4,4,-3,3,-3,3,-3,2,-3,2,-3,1,-3,0,-3,0,-2,0,-2,-1,-2,-1,-2,-2,-2,-2,-2,-2,-2,-3,-1,0,0,-4,-1,-4,-1,-4,-1,-5,-1,-5,-1,-5,0,-6,-1,-6,-1,-6,-1,-6,-1,-7,-1,-6,-1,-7,-1,-7,-1,-7,-1,-7,-2,-7,-1,-7,-2,-7,-2,-7,-2,-7,-2,-7,-2,-7,-3,-6,-3,-7,-4,-6,-4,0,0,0,0,0,0,0,0,0,0,0,0,0,0,79,-18,73,-18,74,-14,69,-18,62,-13,65,-15,56,-13,56,-10,51,-13,50,-14,42,-12,38,-15,35,-14,36,-10,31,-11,27,-14,24,-16,22,-10,15,-15,11,-10,12,-13,3,-8,6,-13,5,-14,1,-13,-2,-13,-4,-11,-10,-12,-10,-10,-9,-8,-16,-8,-19,-10,-20,-6,-24,-8,-25,-7,-26,-6,-25,-8,-32,-4,-30,-7,-35,-5,-33,-9,-36,-8,-35,-11,-36,-11,-35,-10,-38,-11,-41,-10,-36,-14,-38,-14,-38,-16,-39,-14,-37,-13,-38,-20,-34,-19,-32,-20,-33,-26,-25,-25,0,0,0,0,0,0,0,0,0,0,0,0,0,0,0,0,0,0,0,0,0,0,-2,38,-7,46,-15,42,-18,49,-15,44,-20,46,-20,46,-21,48,-22,50,-29,45,-28,49,-33,53,-34,51,-32,51,-31,58,-34,54,-37,58,-38,57,-40,61,-43,55,-38,59,-39,57,-39,58,-44,61,-43,55,-41,61,-42,58,-42,57,-37,58,-44,57,-35,57,-37,64,-29,56,-31,60,-31,61,-27,59,-22,60,-18,62,-16,60,-10,59,-11,62,-6,56,-3,69,-5,59,-2,65,13,65,10,63,11,66,15,67,18,67,14,75,20,74,24,78,22,68,21,79,24,84,24,81,0,0]"
CSI_DATA,253,1a:00:00:00:00:00,-48,11,1,0,1,1,1,0,0,0,1,-96,0,11,2,3599919,0,44,0,384,0,"[0,0,0,0,0,0,0,0,0,0,0,0,-10,7,-9,7,-9,6,-8,6,-8,6,-7,5,-6,6,-6,5,-5,5,-5,4,-4,4,-3,4,-3,3,-3,3,-2,3,-2,3,-1,2,-1,2,0,2,0,1,0,1,1,1,1,1,1,1,2,0,2,0,0,0,3,-1,3,-1,3,-1,4,-1,4,-2,4,-2,4,-2,5,-2,5,-1,5,-1,5,-1,6,-2,6,-2,6,-2,6,-1,6,-1,6,-1,6,-1,6,-1,6,-1,6,-1,6,0,6,0,6,0,6,1,5,1,0,0,0,0,0,0,0,0,0,0,0,0,0,0,-55,54,-53,49,-56,51,-52,54,-48,46,-44,42,-47,43,-41,37,-39,35,-34,35,-30,33,-28,31,-22,28,-25,24,-25,25,-17,23,-18,22,-15,18,-10,20,-3,19,-7,17,-3,15,-1,14,3,12,4,8,9,5,4,9,13,9,14,2,15,-1,17,3,15,0,17,-5,21,-3,25,-5,24,-7,27,-6,26,-11,29,-9,30,-9,33,-8,35,-10,33,-9,36,-5,35,-6,38,-5,36,-7,39,-7,38,-4,39,-1,39,-2,38,0,39,4,41,4,34,6,39,7,36,12,0,0,0,0,0,0,0,0,0,0,0,0,0,0,0,0,0,0,0,0,0,0,-29,-34,-25,-34,-25,-38,-26,-41,-19,-45,-17,-46,-15,-50,-15,-50,-18,-51,-14,-56,-13,-57,-12,-60,-11,-60,-13,-61,-10,-66,-11,-64,-12,-65,-11,-64,-11,-67,-8,-69,-6,-72,-13,-73,-8,-73,-12,-76,-8,-75,-7,-74,-7,-73,-8,-68,-7,-70,-9,-74,-10,-67,-12,-68,-11,-66,-14,-67,-16,-67,-15,-62,-21,-62,-26,-62,-26,-59,-24,-55,-32,-57,-28,-57,-36,-53,-39,-51,-41,-50,-38,-47,-47,-50,-52,-46,-51,-48,-56,-50,-60,-46,-61,-48,-60,-45,-59,-51,-65,-53,-63,-49,-64,-54,0,0]"
CSI_DATA,254,1a:00:00:00:00:00,-48,11,1,0,1,1,1,0,0,0,1,-96,0,11,2,3620538,0,44,0,384,0,"[0,0,0,0,0,0,0,0,0,0,0,0,-5,11,-5,10,-4,10,-4,9,-4,8,-4,7,-3,7,-3,7,-3,6,-2,6,-2,5,-2,5,-1,4,-1,3,-1,3,0,3,0,2,0,2,0,2,1,1,1,1,1,1,2,0,2,-1,2,-1,2,-1,0,0,3,-2,3,-2,3,-3,3,-3,3,-3,3,-3,4,-4,4,-3,4,-3,4,-4,5,-4,5,-4,5,-4,5,-4,5,-3,5,-3,6,-4,6,-3,6,-3,6,-3,6,-2,6,-3,6,-2,6,-2,6,-1,6,-1,0,0,0,0,0,0,0,0,0,0,0,0,0,0,-13,72,-16,76,-13,70,-15,68,-16,67,-12,63,-15,56,-12,53,-13,53,-8,50,-6,44,-6,41,-8,38,-4,35,-6,33,-2,29,-2,27,1,26,2,19,5,16,4,15,6,16,5,14,7,11,9,8,8,3,11,2,10,0,10,-1,13,-4,15,-6,12,-10,15,-10,17,-14,15,-15,21,-16,18,-20,18,-23,22,-23,24,-22,24,-23,29,-21,26,-22,24,-23,29,-24,30,-26,30,-24,31,-23,32,-21,29,-25,34,-20,35,-18,36,-17,38,-16,34,-15,35,-11,34,-6,0,0,0,0,0,0,0,0,0,0,0,0,0,0,0,0,0,0,0,0,0,0,-40,-10,-46,-12,-43,-14,-46,-19,-42,-24,-44,-25,-45,-25,-46,-26,-45,-29,-48,-32,-47,-36,-48,-36,-48,-35,-48,-37,-48,-40,-48,-41,-52,-45,-46,-50,-50,-48,-51,-47,-52,-50,-53,-49,-51,-53,-47,-51,-49,-55,-50,-52,-48,-52,-50,-52,-48,-50,-48,-48,-49,-52,-52,-48,-52,-43,-51,-44,-53,-41,-51,-39,-52,-37,-49,-36,-55,-36,-55,-28,-57,-27,-56,-21,-61,-22,-62,-20,-59,-20,-67,-9,-66,-10,-70,-11,-71,-10,-74,-10,-72,-6,-78,-4,-80,-10,-83,-5,-83,-8,-85,-4,-82,-7,0,0]"
CSI_DATA,255,1a:00:00:00:00:00,-48,11,1,0,1,1,1,0,0,0,1,-96,0,11,2,3630067,0,44,0,384,0,"[0,0,0,0,0,0,0,0,0,0,0,0,-5,11,-4,11,-4,10,-4,9,-4,9,-4,8,-3,8,-3,7,-3,7,-2,6,-2,6,-2,5,-1,4,-1,4,0,3,0,3,0,2,0,2,1,2,1,1,1,1,1,1,2,0,2,0,2,-1,2,-1,0,0,2,-2,3,-2,3,-3,3,-3,4,-3,4,-4,4,-4,4,-4,4,-3,5,-4,5,-4,5,-4,6,-4,5,-4,6,-4,6,-4,6,-4,6,-3,6,-3,6,-3,6,-3,6,-2,7,-2,7,-1,6,-1,6,0,0,0,0,0,0,0,0,0,0,0,0,0,0,0,-14,72,-19,74,-16,68,-23,72,-19,70,-15,58,-16,62,-15,53,-10,48,-11,44,-11,42,-8,41,-10,34,-9,35,-5,30,-1,31,0,27,0,23,2,21,3,17,4,11,7,13,7,12,6,10,8,5,7,8,11,3,12,4,12,-4,12,-6,11,-6,17,-10,13,-14,11,-17,19,-17,18,-14,22,-16,25,-20,19,-22,25,-21,26,-23,24,-20,24,-20,26,-24,26,-19,30,-22,33,-22,32,-25,29,-19,33,-17,34,-19,31,-17,35,-14,33,-16,35,-11,34,-8,37,-4,0,0,0,0,0,0,0,0,0,0,0,0,0,0,0,0,0,0,0,0,0,0,-42,-8,-39,-14,-42,-16,-43,-19,-47,-24,-44,-25,-42,-27,-40,-33,-47,-34,-44,-33,-46,-33,-49,-37,-45,-38,-47,-38,-44,-40,-52,-44,-48,-40,-47,-46,-48,-48,-47,-50,-48,-53,-52,-50,-52,-58,-50,-51,-46,-52,-51,-49,-48,-50,-48,-51,-50,-54,-46,-51,-45,-53,-48,-50,-47,-51,-49,-44,-45,-45,-50,-43,-50,-34,-55,-36,-50,-31,-51,-30,-53,-27,-56,-24,-54,-26,-58,-21,-60,-18,-62,-12,-61,-14,-63,-14,-65,-11,-69,-8,-73,-8,-77,-5,-73,-14,-83,-6,-80,-4,-81,-8,-81,-12,0,0]"
CSI_DATA,256,1a:00:00:00:00:00,-48,11,1,0,1,1,1,0,0,0,1,-96,0,11,2,3639496,0,44,0,384,0,"[0,0,0,0,0,0,0,0,0,0,0,0,8,-10,7,-9,7,-9,7,-8,6,-8,6,-7,5,-7,4,-7,4,-7,3,-6,3,-5,3,-5,2,-5,1,-4,1,-4,0,-4,0,-4,0,-3,0,-3,-2,-3,-1,-2,-2,-2,-2,-2,-2,-1,-3,-1,-3,-1,0,0,-4,0,-4,0,-5,0,-5,0,-5,1,-5,1,-6,1,-6,1,-6,1,-7,1,-7,1,-7,1,-7,1,-7,1,-7,1,-7,1,-8,0,-7,0,-8,0,-8,0,-8,0,-8,-1,-8,-1,-7,-2,-7,-2,-7,-3,0,0,0,0,0,0,0,0,0,0,0,0,0,0,51,-61,50,-57,42,-56,41,-54,38,-52,38,-50,36,-45,36,-42,30,-39,31,-38,27,-34,26,-31,17,-30,20,-27,15,-27,12,-26,11,-24,4,-20,9,-20,4,-19,1,-17,-1,-14,-3,-15,-3,-9,-5,-11,-9,-9,-7,-7,-12,-6,-9,-1,-15,3,-17,4,-20,1,-16,5,-19,8,-25,10,-24,5,-26,8,-26,13,-24,13,-32,16,-33,15,-35,12,-32,11,-33,12,-37,12,-37,12,-35,9,-38,14,-39,10,-35,9,-40,12,-41,5,-38,5,-35,3,-39,3,-39,-2,-34,-3,0,0,0,0,0,0,0,0,0,0,0,0,0,0,0,0,0,0,0,0,0,0,24,35,23,35,20,41,17,42,21,46,14,49,11,51,11,48,13,52,12,57,12,54,8,56,10,55,5,62,9,61,7,64,11,64,11,67,5,68,7,70,2,68,7,67,5,69,8,69,7,73,11,69,8,72,5,68,7,71,6,66,8,64,7,66,7,64,14,64,14,63,16,59,19,59,22,56,24,55,27,53,29,49,32,52,36,50,38,46,39,48,42,47,47,46,46,42,53,42,54,44,57,42,63,41,58,45,60,45,66,48,64,49,65,51,0,0]"
CSI_DATA,257,1a:00:00:00:00:00,-48,11,1,0,1,1,1,0,0,0,1,-96,0,11,2,3649954,0,44,0,384,0,"[0,0,0,0,0,0,0,0,0,0,0,0,-12,-5,-11,-4,-11,-5,-10,-5,-10,-4,-9,-4,-8,-3,-8,-3,-7,-2,-7,-2,-6,-2,-6,-2,-5,-1,-5,-1,-4,-1,-4,0,-3,0,-3,1,-3,1,-2,1,-2,1,-2,1,-1,1,-1,2,0,2,0,2,0,0,1,2,1,3,2,3,2,3,2,3,2,3,3,4,3,4,3,4,3,4,3,5,3,5,3,5,3,5,3,6,3,6,3,6,3,6,2,6,2,6,2,6,2,6,1,6,1,6,0,6,0,6,0,0,0,0,0,0,0,0,0,0,0,0,0,0,-70,-28,-70,-30,-67,-24,-64,-25,-60,-25,-56,-30,-56,-24,-51,-23,-50,-18,-47,-18,-42,-17,-39,-14,-35,-12,-35,-10,-30,-10,-30,-8,-26,-3,-23,-1,-20,0,-17,0,-16,3,-14,1,-11,6,-6,11,-10,8,-4,10,-2,8,-3,12,2,11,4,16,5,12,9,15,11,18,11,17,12,14,15,20,15,21,16,23,22,25,15,23,22,26,19,26,20,30,19,30,20,33,18,35,24,31,19,36,18,34,20,33,17,31,18,37,13,35,9,38,11,36,3,36,5,36,0,0,0,0,0,0,0,0,0,0,0,0,0,0,0,0,0,0,0,0,0,0,18,-36,21,-41,30,-36,32,-35,35,-33,35,-33,38,-33,39,-34,41,-34,41,-32,47,-36,46,-34,48,-40,52,-34,54,-33,54,-33,54,-36,59,-33,57,-35,56,-36,63,-34,62,-32,59,-35,61,-32,64,-34,63,-35,60,-30,60,-34,63,-32,62,-33,58,-35,55,-36,57,-36,58,-40,56,-38,51,-38,48,-38,46,-39,43,-44,43,-48,39,-48,37,-48,35,-51,32,-56,28,-56,24,-61,27,-59,26,-60,24,-65,17,-68,20,-68,21,-74,22,-75,21,-72,23,-77,26,-77,23,-80,0,0]"
CSI_DATA,258,1a:00:00:00:00:00,-48,11,1,0,1,1,1,0,0,0,1,-96,0,11,2,3660797,0,44,0,384,0,"[0,0,0,0,0,0,0,0,0,0,0,0,1,12,1,11,1,10,1,10,1,9,1,9,1,8,1,7,1,7,1,6,1,6,0,5,1,4,1,3,1,3,1,3,1,2,1,1,1,1,2,0,2,0,2,-1,2,-1,2,-1,1,-2,1,-2,0,0,1,-3,2,-4,2,-4,2,-4,2,-5,2,-5,2,-6,2,-5,2,-6,2,-6,3,-6,4,-6,4,-6,4,-6,4,-6,4,-6,4,-6,4,-6,4,-6,4,-5,5,-6,5,-5,6,-4,5,-4,6,-3,6,-3,0,0,0,0,0,0,0,0,0,0,0,0,0,0,1,80,6,72,-1,75,4,69,-1,65,-4,64,-3,56,-3,57,2,51,0,51,-1,44,0,40,0,39,1,38,0,35,4,31,5,24,6,22,9,21,3,19,10,15,8,12,8,7,6,6,9,4,13,-2,8,-1,10,-2,8,-9,15,-7,13,-9,14,-10,14,-15,14,-18,14,-21,13,-25,17,-22,14,-26,17,-28,20,-26,21,-31,22,-28,21,-28,26,-30,22,-31,23,-30,24,-31,25,-32,28,-27,25,-28,28,-27,30,-25,34,-23,29,-23,32,-18,31,-12,36,-14,0,0,0,0,0,0,0,0,0,0,0,0,0,0,0,0,0,0,0,0,0,0,-45,-3,-46,-5,-45,-7,-46,-10,-49,-12,-47,-17,-50,-15,-50,-21,-48,-24,-50,-22,-54,-27,-53,-28,-54,-29,-60,-30,-56,-30,-59,-35,-58,-33,-58,-35,-62,-34,-61,-41,-59,-39,-64,-42,-60,-41,-55,-46,-57,-44,-63,-42,-58,-42,-64,-41,-60,-42,-60,-42,-58,-38,-57,-38,-53,-38,-57,-35,-61,-32,-60,-29,-60,-28,-59,-27,-54,-25,-60,-19,-61,-16,-63,-13,-59,-11,-69,-5,-61,-7,-62,4,-66,-1,-70,4,-69,7,-70,6,-74,4,-79,7,-77,7,-77,9,-85,7,-84,12,-84,10,0,0]"
CSI_DATA,259,1a:00:00:00:00:00,-48,11,1,0,1,1,1,0,0,0,1,-96,0,11,2,3669522,0,44,0,384,0,"[0,0,0,0,0,0,0,0,0,0,0,0,3,10,3,10,3,10,2,9,2,8,2,8,2,7,2,6,2,6,2,5,2,5,2,4,2,3,2,3,1,3,2,2,1,1,1,1,2,0,2,0,1,-1,2,-1,1,-1,1,-2,1,-2,1,-2,0,0,1,-3,1,-4,1,-4,1,-4,1,-5,1,-5,1,-6,2,-6,2,-5,1,-6,2,-6,2,-6,2,-6,2,-6,2,-6,2,-6,3,-6,3,-6,3,-6,3,-6,3,-6,4,-6,4,-5,4,-5,4,-5,5,-4,0,0,0,0,0,0,0,0,0,0,0,0,0,0,23,73,19,65,16,68,16,67,14,66,14,58,16,53,12,54,13,48,9,47,9,43,10,40,10,40,11,33,9,29,10,27,9,22,9,20,9,16,13,16,11,10,14,8,12,2,12,3,7,2,11,-3,13,-3,10,-6,6,-10,12,-11,8,-12,9,-16,7,-15,12,-23,8,-24,8,-24,7,-26,12,-31,9,-30,8,-34,11,-30,12,-28,9,-34,16,-33,15,-34,16,-32,15,-36,18,-34,18,-34,20,-36,23,-31,25,-32,26,-28,27,-30,25,-29,30,-23,30,-22,0,0,0,0,0,0,0,0,0,0,0,0,0,0,0,0,0,0,0,0,0,0,-42,13,-44,7,-45,5,-47,1,-50,0,-51,0,-49,-3,-51,-7,-51,-9,-54,-10,-56,-14,-54,-18,-60,-12,-62,-18,-62,-16,-60,-18,-64,-19,-65,-20,-67,-21,-70,-23,-68,-26,-68,-25,-67,-21,-65,-25,-63,-26,-61,-30,-66,-30,-65,-28,-65,-22,-68,-25,-65,-27,-63,-25,-65,-21,-62,-20,-65,-19,-60,-17,-64,-14,-59,-9,-61,-10,-60,-3,-61,-5,-59,3,-66,5,-60,5,-64,6,-64,14,-62,18,-65,16,-61,20,-66,20,-68,22,-68,23,-77,28,-74,26,-71,27,-79,27,-70,31,0,0]"
CSI_DATA,260,1a:00:00:00:00:00,-48,11,1,0,1,1,1,0,0,0,1,-96,0,11,2,3679801,0,44,0,384,0,"[0,0,0,0,0,0,0,0,0,0,0,0,11,4,10,4,9,4,9,4,8,3,7,3,7,2,7,2,6,2,6,2,5,1,5,1,4,0,4,0,3,0,3,0,2,-1,2,-1,2,-1,1,-2,1,-2,1,-2,0,-2,-1,-2,-1,-3,-1,-3,0,0,-2,-4,-2,-4,-2,-4,-3,-4,-3,-4,-3,-4,-3,-5,-3,-5,-3,-6,-4,-6,-4,-6,-3,-6,-3,-6,-3,-6,-3,-7,-3,-7,-3,-6,-4,-7,-3,-7,-3,-7,-3,-7,-2,-7,-2,-7,-1,-7,-1,-7,0,-7,0,0,0,0,0,0,0,0,0,0,0,0,0,0,67,40,65,40,67,41,53,37,58,34,50,36,47,32,46,31,40,23,41,24,39,24,37,20,35,17,28,12,26,14,25,11,23,10,22,0,22,-1,20,0,15,1,12,-3,12,-10,10,-8,6,-7,10,-10,5,-11,7,-12,0,-13,-3,-14,-3,-18,-4,-19,-9,-20,-9,-19,-14,-19,-12,-26,-16,-23,-14,-24,-15,-26,-22,-28,-18,-27,-17,-32,-18,-34,-20,-33,-17,-39,-12,-34,-16,-34,-19,-34,-14,-36,-15,-33,-18,-35,-15,-34,-10,-36,-7,-40,-4,-36,-3,-37,2,-35,0,0,0,0,0,0,0,0,0,0,0,0,0,0,0,0,0,0,0,0,0,0,-30,26,-29,28,-34,30,-39,28,-41,25,-42,23,-43,23,-45,26,-47,27,-49,23,-51,22,-52,23,-57,26,-58,20,-62,23,-59,19,-63,25,-60,19,-64,19,-66,21,-63,22,-72,20,-67,18,-65,17,-72,19,-69,19,-67,14,-70,19,-65,19,-67,23,-60,19,-67,23,-62,25,-57,24,-58,30,-55,28,-52,26,-53,28,-52,29,-50,33,-49,36,-48,35,-43,43,-40,44,-38,46,-33,51,-33,52,-33,56,-36,61,-34,58,-38,64,-36,67,-33,67,-34,67,-40,74,-37,72,-34,69,0,0]"
CSI_DATA,261,1a:00:00:00:00:00,-48,11,1,0,1,1,1,0,0,0,1,-96,0,11,2,3710305,0,44,0,384,0,"[0,0,0,0,0,0,0,0,0,0,0,0,6,-11,6,-10,5,-9,5,-9,5,-9,5,-8,4,-8,3,-7,3,-7,2,-6,2,-6,1,-6,1,-5,0,-5,0,-4,0,-4,0,-4,-1,-3,-1,-3,-2,-2,-2,-2,-2,-2,-2,-2,-3,-1,-3,-1,-3,-1,0,0,-4,0,-4,1,-4,1,-4,1,-5,1,-5,1,-5,2,-6,2,-6,2,-6,2,-6,2,-7,2,-7,2,-7,2,-7,1,-7,1,-7,1,-7,1,-7,1,-7,0,-7,0,-8,0,-8,0,-7,-1,-7,-1,-7,-2,0,0,0,0,0,0,0,0,0,0,0,0,0,0,57,-55,56,-51,50,-48,48,-50,46,-49,42,-41,41,-44,36,-39,38,-41,32,-31,33,-32,30,-30,23,-32,24,-29,20,-24,17,-26,14,-20,8,-22,12,-18,6,-19,2,-19,2,-14,-1,-14,-4,-13,-5,-11,-8,-10,-10,-7,-10,-4,-12,-5,-13,-5,-18,3,-18,-1,-19,5,-23,4,-22,8,-22,5,-25,9,-31,10,-29,6,-32,8,-33,9,-35,11,-33,9,-38,11,-36,9,-38,7,-34,7,-39,6,-38,3,-36,4,-39,1,-40,3,-41,1,-41,-2,-35,-3,-38,-10,-34,-10,0,0,0,0,0,0,0,0,0,0,0,0,0,0,0,0,0,0,0,0,0,0,25,30,21,34,20,38,20,42,15,46,16,43,15,47,15,48,12,50,12,52,11,54,9,58,11,57,12,58,9,62,10,62,9,66,10,68,5,60,6,64,9,70,7,70,7,70,5,70,5,73,6,70,4,67,5,65,5,70,7,65,8,69,6,66,8,64,12,65,14,62,15,62,18,59,20,57,21,57,24,56,29,53,28,53,33,51,35,50,37,43,47,47,45,47,44,46,50,49,52,46,52,47,57,44,60,49,58,49,62,47,64,47,61,53,0,0]"
CSI_DATA,262,1a:00:00:00:00:00,-48,11,1,0,1,1,1,0,0,0,1,-96,0,11,2,3719930,0,44,0,384,0,"[0,0,0,0,0,0,0,0,0,0,0,0,-9,8,-9,8,-8,7,-8,6,-7,6,-7,6,-6,5,-6,5,-6,4,-5,4,-5,4,-4,4,-3,3,-2,3,-2,3,-2,3,-1,3,-1,2,0,2,0,1,0,1,0,1,1,1,1,0,2,0,2,0,0,0,3,0,3,-1,3,-1,4,-1,4,-1,4,-1,5,-1,5,-1,5,-1,5,-1,6,-1,6,-1,6,-1,6,-1,6,0,6,0,6,0,6,0,6,1,6,1,6,1,6,1,6,2,6,2,5,2,5,3,0,0,0,0,0,0,0,0,0,0,0,0,0,0,-53,53,-61,52,-51,45,-51,49,-53,48,-42,39,-51,42,-41,36,-41,33,-37,33,-35,35,-28,28,-28,31,-25,25,-21,23,-17,23,-18,22,-10,18,-12,14,-3,22,-6,14,-5,16,-1,13,0,12,2,9,5,8,6,5,12,6,12,8,14,2,18,1,19,0,24,-3,23,-3,27,-8,20,-1,28,-3,26,-8,31,-7,32,-3,33,-6,32,-3,34,-4,39,-4,36,-6,37,-6,39,-4,38,0,35,-1,42,0,42,2,40,3,42,6,37,8,37,10,38,14,33,17,0,0,0,0,0,0,0,0,0,0,0,0,0,0,0,0,0,0,0,0,0,0,-28,-31,-25,-35,-28,-41,-23,-42,-24,-48,-18,-43,-21,-47,-19,-46,-18,-52,-18,-54,-16,-56,-15,-58,-15,-56,-12,-65,-12,-60,-14,-67,-15,-66,-12,-69,-9,-68,-11,-66,-7,-72,-12,-71,-7,-75,-9,-72,-6,-73,-11,-72,-5,-74,-9,-67,-11,-73,-11,-68,-11,-67,-12,-66,-13,-65,-14,-67,-12,-63,-17,-63,-16,-62,-19,-59,-23,-59,-27,-58,-27,-53,-33,-54,-31,-52,-38,-49,-39,-50,-39,-53,-45,-51,-49,-49,-51,-50,-56,-47,-58,-53,-58,-51,-60,-51,-65,-53,-65,-54,-61,-56,-66,-56,0,0]"
CSI_DATA,263,1a:00:00:00:00:00,-48,11,1,0,1,1,1,0,0,0,1,-96,0,11,2,3730893,0,44,0,384,0,"[0,0,0,0,0,0,0,0,0,0,0,0,-9,-9,-8,-9,-8,-8,-8,-8,-7,-7,-6,-7,-6,-6,-6,-6,-5,-5,-5,-5,-5,-4,-5,-3,-5,-3,-4,-3,-4,-2,-3,-2,-4,-1,-3,-1,-3,-1,-3,0,-3,0,-2,1,-2,1,-2,1,-1,2,-1,2,0,0,0,2,0,3,0,4,0,4,0,4,0,4,0,5,0,5,0,5,1,5,1,5,0,6,0,6,0,6,0,6,0,6,0,6,-1,6,0,6,-1,6,-1,7,-2,6,-2,6,-2,6,-3,6,-3,5,0,0,0,0,0,0,0,0,0,0,0,0,0,0,-50,-61,-44,-60,-43,-57,-43,-60,-41,-52,-35,-50,-32,-48,-35,-45,-31,-42,-29,-41,-30,-39,-23,-33,-28,-31,-21,-26,-20,-25,-22,-24,-20,-20,-19,-15,-20,-14,-18,-9,-17,-9,-12,-2,-14,-3,-13,2,-10,5,-11,4,-8,3,-8,8,-5,11,-3,13,-3,15,-3,19,-1,19,3,21,3,23,1,25,0,24,4,28,3,31,4,31,0,27,4,33,3,34,-1,35,2,35,1,35,-2,39,-1,38,-4,40,-4,37,-2,40,-4,41,-7,36,-7,37,-10,35,-10,37,-13,33,0,0,0,0,0,0,0,0,0,0,0,0,0,0,0,0,0,0,0,0,0,0,35,-19,41,-18,42,-16,46,-14,43,-12,51,-8,46,-9,50,-7,52,-5,52,-7,57,-4,55,-5,60,-3,60,-4,60,-3,59,0,70,-1,67,-1,67,4,68,5,69,4,69,7,72,6,70,5,70,9,70,4,71,3,70,2,68,3,69,-1,67,1,66,2,65,0,65,0,64,-1,62,-9,64,-11,60,-13,59,-12,60,-19,60,-19,53,-22,55,-28,56,-31,57,-32,56,-29,52,-34,52,-41,59,-45,50,-43,53,-50,57,-51,57,-49,54,-52,58,-54,66,-54,61,-53,0,0]"
CSI_DATA,264,1a:00:00:00:00:00,-48,11,1,0,1,1,1,0,0,0,1,-96,0,11,2,3750045,0,44,0,384,0,"[0,0,0,0,0,0,0,0,0,0,0,0,3,11,2,10,3,10,2,9,2,9,2,8,2,7,2,6,2,6,2,5,2,5,2,4,2,3,2,3,2,2,2,2,2,1,2,1,2,0,1,0,2,-1,1,-1,1,-1,1,-2,1,-2,1,-2,0,0,0,-3,1,-4,1,-4,0,-5,0,-5,1,-5,0,-6,1,-6,0,-6,0,-6,0,-6,1,-7,1,-7,1,-6,1,-7,1,-7,1,-7,1,-7,1,-7,1,-7,2,-7,2,-7,3,-7,3,-6,3,-6,4,-6,0,0,0,0,0,0,0,0,0,0,0,0,0,0,20,78,12,68,18,72,18,68,17,60,14,64,14,57,15,55,9,47,12,51,15,45,12,44,14,41,11,30,12,25,15,24,13,23,13,21,12,17,12,14,13,10,10,8,13,2,13,2,8,0,5,-6,8,-5,5,-7,9,-9,7,-11,4,-12,5,-17,3,-17,7,-25,4,-26,5,-23,3,-26,1,-34,4,-29,4,-33,6,-35,3,-34,2,-33,3,-33,1,-41,6,-38,9,-36,7,-38,8,-39,9,-38,9,-38,12,-38,14,-35,11,-34,18,-34,18,-33,22,-30,0,0,0,0,0,0,0,0,0,0,0,0,0,0,0,0,0,0,0,0,0,0,-39,-6,-42,-9,-45,-13,-46,-17,-43,-19,-47,-20,-47,-21,-45,-22,-48,-28,-49,-23,-49,-26,-48,-25,-53,-30,-56,-36,-57,-32,-54,-36,-59,-35,-58,-33,-54,-35,-59,-41,-61,-39,-59,-39,-59,-39,-58,-40,-58,-38,-59,-41,-57,-42,-61,-43,-55,-37,-60,-38,-58,-33,-59,-35,-61,-35,-57,-30,-62,-29,-62,-24,-60,-21,-62,-16,-57,-13,-62,-8,-62,-8,-56,-7,-64,-1,-61,-2,-68,3,-57,8,-63,9,-66,16,-68,13,-66,18,-70,17,-72,22,-75,22,-70,22,-75,26,-79,24,-78,30,0,0]"
CSI_DATA,265,1a:00:00:00:00:00,-48,11,1,0,1,1,1,0,0,0,1,-96,0,11,2,3760047,0,44,0,384,0,"[0,0,0,0,0,0,0,0,0,0,0,0,-8,-10,-8,-10,-7,-9,-7,-10,-7,-9,-6,-8,-6,-7,-6,-6,-5,-6,-5,-5,-5,-5,-4,-4,-4,-4,-4,-3,-4,-3,-3,-2,-3,-2,-3,-1,-3,-1,-3,0,-3,0,-3,0,-2,1,-2,1,-2,1,-1,2,0,0,-1,3,-1,3,-1,4,0,4,-1,4,-1,5,-1,5,-1,5,-1,5,0,6,-1,6,-1,6,-1,6,-1,6,-1,6,-2,7,-1,6,-2,7,-2,7,-2,6,-3,7,-3,6,-3,6,-4,6,-4,6,-4,5,0,0,0,0,0,0,0,0,0,0,0,0,0,0,-41,-65,-39,-60,-41,-65,-37,-61,-35,-55,-32,-58,-27,-48,-31,-52,-27,-43,-25,-43,-23,-41,-24,-39,-22,-32,-21,-27,-24,-28,-18,-26,-19,-23,-16,-11,-18,-14,-16,-9,-15,-7,-13,-11,-14,-3,-11,1,-13,4,-11,3,-9,7,-11,9,-9,12,-8,13,-7,14,-2,19,-5,23,-2,24,-3,22,-6,26,-4,29,1,30,0,32,3,29,-3,31,-3,32,-5,39,-6,35,-10,38,-5,36,-9,39,-10,38,-6,39,-10,35,-10,36,-13,34,-15,36,-15,30,-19,31,-20,33,-22,29,0,0,0,0,0,0,0,0,0,0,0,0,0,0,0,0,0,0,0,0,0,0,31,-25,37,-21,41,-20,45,-18,44,-17,49,-14,46,-11,51,-12,52,-10,53,-11,56,-5,56,-6,62,-6,59,-9,65,-5,63,-7,66,-2,66,0,70,-1,67,0,69,-2,70,1,68,-2,71,-1,67,3,72,2,69,3,72,4,68,-1,71,3,63,1,71,-1,67,0,65,-5,68,-6,61,-6,59,-7,58,-12,58,-14,59,-14,58,-19,55,-23,58,-25,54,-26,54,-29,55,-38,52,-34,53,-39,53,-42,54,-44,56,-45,60,-49,61,-48,58,-44,64,-54,63,-50,62,-47,0,0]"
CSI_DATA,266,1a:00:00:00:00:00,-48,11,1,0,1,1,1,0,0,0,1,-96,0,11,2,3769517,0,44,0,384,0,"[0,0,0,0,0,0,0,0,0,0,0,0,-10,7,-9,7,-9,7,-9,6,-9,5,-7,5,-7,5,-6,5,-6,4,-5,4,-5,4,-4,4,-3,3,-3,3,-2,3,-2,3,-1,3,-1,2,0,2,0,1,0,1,0,1,1,1,1,1,2,0,2,1,0,0,3,0,3,-1,4,-1,4,0,4,-1,5,-1,5,-1,5,-1,5,-1,6,-1,6,-1,6,-1,6,-1,6,-1,7,0,6,0,7,0,6,0,7,0,6,0,6,1,6,1,7,1,6,2,6,2,5,3,0,0,0,0,0,0,0,0,0,0,0,0,0,0,-46,62,-46,62,-44,52,-48,54,-46,48,-44,44,-42,43,-36,41,-36,43,-31,34,-27,34,-27,31,-21,31,-22,33,-18,26,-16,26,-17,26,-6,21,-6,15,-9,16,-5,15,0,15,0,14,1,11,2,11,11,7,11,11,10,4,11,5,15,1,10,-1,17,-4,20,-2,20,-1,24,-7,25,-2,25,-8,32,-6,29,-5,32,-7,31,-9,33,-6,32,-8,32,-6,33,-3,35,-3,36,-3,38,-6,37,1,39,3,40,1,34,3,39,0,38,5,37,10,36,11,35,14,0,0,0,0,0,0,0,0,0,0,0,0,0,0,0,0,0,0,0,0,0,0,-36,-23,-33,-26,-36,-30,-29,-34,-33,-38,-29,-38,-29,-38,-29,-44,-32,-46,-26,-50,-23,-54,-28,-53,-28,-52,-27,-56,-24,-55,-24,-61,-27,-60,-26,-67,-22,-60,-28,-59,-24,-65,-29,-66,-25,-70,-23,-68,-21,-64,-22,-66,-21,-68,-18,-62,-25,-69,-27,-63,-21,-60,-24,-62,-29,-61,-23,-64,-27,-64,-26,-58,-28,-54,-31,-52,-32,-51,-33,-49,-38,-48,-40,-50,-41,-47,-42,-46,-45,-40,-56,-42,-55,-42,-58,-38,-58,-40,-58,-43,-59,-42,-66,-42,-62,-42,-70,-41,-71,-46,-67,-40,-72,-47,0,0]"
CSI_DATA,267,1a:00:00:00:00:00,-48,11,1,0,1,1,1,0,0,0,1,-96,0,11,2,3779496,0,44,0,384,0,"[0,0,0,0,0,0,0,0,0,0,0,0,-2,-12,-2,-12,-3,-11,-2,-10,-2,-9,-1,-9,-2,-9,-2,-8,-2,-7,-2,-6,-2,-7,-2,-6,-2,-5,-2,-5,-3,-4,-2,-4,-2,-3,-2,-2,-3,-2,-3,-1,-2,-1,-3,0,-2,0,-3,0,-3,1,-3,1,0,0,-2,2,-3,2,-2,3,-3,3,-3,3,-3,4,-3,4,-4,4,-3,4,-3,4,-4,5,-4,5,-4,5,-4,5,-5,5,-5,5,-5,5,-5,5,-5,5,-5,4,-6,4,-6,4,-6,3,-6,3,-7,3,-6,2,0,0,0,0,0,0,0,0,0,0,0,0,0,0,-16,-75,-10,-71,-14,-66,-12,-71,-10,-65,-9,-65,-9,-58,-8,-59,-6,-49,-7,-51,-12,-44,-7,-41,-12,-41,-9,-35,-4,-32,-11,-32,-6,-24,-7,-19,-9,-19,-12,-15,-12,-12,-12,-9,-14,-5,-12,-7,-8,-2,-16,-1,-10,1,-13,6,-10,3,-11,4,-10,7,-15,12,-14,17,-14,19,-15,17,-14,24,-15,25,-16,26,-16,27,-16,25,-15,26,-21,27,-22,30,-17,32,-21,34,-22,28,-25,30,-26,32,-28,27,-23,27,-25,27,-27,30,-29,26,-29,24,-31,20,-33,15,-33,14,0,0,0,0,0,0,0,0,0,0,0,0,0,0,0,0,0,0,0,0,0,0,39,-17,46,-14,45,-8,47,-6,49,-6,50,0,48,0,49,5,56,3,54,7,54,9,56,10,56,7,62,12,61,16,64,18,68,17,65,17,64,20,64,21,63,17,66,22,66,21,65,26,68,27,65,23,63,29,65,25,60,24,65,21,64,21,66,19,65,19,59,20,65,16,62,15,63,15,60,11,58,9,59,8,59,3,60,1,64,-5,60,-8,60,-10,61,-10,63,-13,65,-18,69,-23,67,-18,71,-22,69,-17,62,-29,80,-32,71,-25,81,-22,77,-22,0,0]"
CSI_DATA,268,1a:00:00:00:00:00,-48,11,1,0,1,1,1,0,0,0,1,-96,0,11,2,3789507,0,44,0,384,0,"[0,0,0,0,0,0,0,0,0,0,0,0,2,11,2,11,2,10,2,10,2,9,2,8,2,7,1,7,1,6,2,6,1,5,1,4,2,4,2,3,2,3,1,2,1,2,1,1,2,1,2,0,2,0,2,-1,1,-1,2,-2,2,-2,1,-2,0,0,1,-3,2,-4,2,-4,1,-4,2,-4,2,-5,2,-5,2,-6,2,-5,2,-6,2,-6,3,-6,3,-6,3,-6,3,-6,4,-6,4,-6,4,-6,4,-6,4,-6,5,-6,5,-5,5,-5,5,-4,5,-4,6,-4,0,0,0,0,0,0,0,0,0,0,0,0,0,0,13,79,13,74,10,76,7,67,7,68,6,67,7,55,9,57,5,51,8,49,5,46,6,42,9,39,8,31,8,34,7,28,7,24,9,22,8,19,8,15,11,16,7,11,12,8,13,5,8,3,11,-1,11,2,10,-6,9,-4,12,-7,11,-14,9,-15,11,-15,10,-19,13,-22,11,-23,13,-27,11,-29,15,-27,17,-29,15,-26,16,-33,19,-37,16,-35,21,-30,20,-33,22,-32,25,-30,25,-30,26,-30,26,-30,27,-29,27,-28,28,-25,31,-23,32,-21,34,-18,0,0,0,0,0,0,0,0,0,0,0,0,0,0,0,0,0,0,0,0,0,0,-39,11,-45,2,-44,4,-48,-2,-50,-1,-48,-7,-51,-6,-51,-10,-56,-11,-53,-11,-57,-14,-59,-16,-59,-14,-60,-19,-64,-18,-62,-23,-65,-25,-62,-23,-66,-24,-67,-26,-70,-26,-65,-29,-64,-27,-64,-33,-64,-33,-67,-32,-63,-30,-65,-31,-61,-31,-67,-28,-60,-31,-67,-29,-64,-31,-65,-22,-62,-20,-62,-17,-63,-16,-59,-14,-62,-11,-61,-5,-67,-5,-59,-5,-67,0,-67,2,-63,4,-61,10,-66,9,-69,14,-66,18,-69,15,-70,18,-73,20,-86,22,-76,18,-80,21,-84,19,-81,19,0,0]"
CSI_DATA,269,1a:00:00:00:00:00,-48,11,1,0,1,1,1,0,0,0,1,-96,0,11,2,3799743,0,44,0,384,0,"[0,0,0,0,0,0,0,0,0,0,0,0,6,-11,6,-10,5,-10,5,-9,4,-8,5,-8,4,-7,3,-7,3,-7,2,-6,2,-6,1,-6,1,-5,1,-4,0,-4,0,-4,-1,-4,-1,-3,-1,-2,-2,-2,-2,-3,-2,-2,-2,-1,-2,-1,-3,-1,-3,-1,0,0,-3,0,-4,1,-4,1,-5,1,-5,1,-5,2,-5,2,-6,2,-6,1,-6,2,-6,2,-6,2,-6,2,-6,2,-7,2,-7,1,-7,2,-7,1,-7,1,-7,1,-7,1,-7,1,-8,0,-7,-1,-7,-1,-7,-1,0,0,0,0,0,0,0,0,0,0,0,0,0,0,54,-63,50,-55,45,-51,41,-56,41,-49,42,-48,37,-45,37,-41,35,-43,30,-39,26,-37,25,-35,23,-35,18,-30,15,-29,15,-28,15,-27,11,-18,6,-19,1,-22,1,-18,-2,-13,-1,-11,-2,-10,-8,-11,-9,-5,-7,-5,-12,-10,-10,-5,-17,-6,-17,-2,-19,-2,-21,-1,-23,3,-21,1,-23,6,-27,4,-26,11,-27,7,-33,6,-33,9,-37,8,-30,3,-34,5,-39,8,-37,5,-42,1,-40,10,-40,4,-40,4,-42,0,-42,0,-41,6,-36,-5,-38,-7,-39,-7,-33,-11,0,0,0,0,0,0,0,0,0,0,0,0,0,0,0,0,0,0,0,0,0,0,29,28,30,33,29,33,31,38,27,40,27,42,26,46,22,45,26,49,26,45,21,53,21,50,22,53,24,59,24,59,19,59,21,63,20,62,22,66,20,66,20,69,19,69,18,69,17,68,19,70,16,69,16,67,17,68,16,65,19,70,16,65,19,65,23,62,23,61,20,62,28,60,27,58,28,52,28,57,29,51,33,51,38,46,41,48,43,49,41,45,47,35,49,39,55,36,56,38,53,39,57,44,64,45,65,41,61,39,65,47,65,49,67,45,0,0]"
CSI_DATA,270,1a:00:00:00:00:00,-48,11,1,0,1,1,1,0,0,0,1,-96,0,11,2,3819529,0,44,0,384,0,"[0,0,0,0,0,0,0,0,0,0,0,0,-8,-11,-8,-10,-8,-9,-7,-9,-7,-9,-6,-7,-6,-7,-5,-6,-5,-6,-5,-5,-5,-5,-5,-4,-4,-4,-4,-3,-4,-3,-4,-2,-4,-1,-3,-1,-3,-1,-3,0,-3,0,-2,1,-2,1,-2,1,-2,2,-1,2,0,0,-1,3,-1,3,-1,4,0,4,0,4,0,4,0,5,0,5,0,6,0,6,0,6,0,6,0,6,-1,6,-1,7,-1,7,-1,7,-1,7,-1,7,-1,7,-2,7,-2,6,-3,7,-3,6,-4,6,-4,6,0,0,0,0,0,0,0,0,0,0,0,0,0,0,-53,-56,-44,-61,-45,-55,-41,-57,-43,-53,-38,-50,-37,-48,-40,-47,-35,-40,-32,-41,-32,-36,-29,-34,-26,-29,-28,-26,-23,-25,-21,-22,-25,-13,-20,-10,-20,-9,-16,-11,-15,-6,-17,-5,-13,2,-16,3,-11,5,-6,5,-6,8,-7,13,-8,12,-8,10,-3,16,0,13,-1,20,-1,23,2,22,0,27,2,26,4,30,2,31,3,32,1,31,6,32,4,38,2,36,2,34,-1,36,0,38,-1,40,0,36,0,39,-5,41,-6,42,-8,40,-9,37,-12,38,-14,32,-17,33,0,0,0,0,0,0,0,0,0,0,0,0,0,0,0,0,0,0,0,0,0,0,35,-23,37,-21,43,-19,47,-17,46,-15,47,-15,47,-14,51,-11,52,-11,53,-10,55,-11,56,-7,60,-8,60,-8,63,-9,61,-4,64,-4,66,-2,71,-3,69,-3,70,-2,71,-1,72,-1,70,0,71,-1,73,-2,69,2,71,0,68,-2,67,-2,65,0,68,-2,71,1,69,-4,62,-8,63,-9,60,-11,59,-15,61,-16,58,-17,60,-23,54,-25,59,-29,51,-29,51,-32,52,-33,51,-38,50,-41,52,-48,52,-50,52,-44,55,-55,56,-56,54,-50,61,-52,56,-58,56,-54,0,0]"
CSI_DATA,271,1a:00:00:00:00:00,-47,11,1,0,1,1,1,0,0,0,1,-96,0,11,2,3829519,0,44,0,384,0,"[0,0,0,0,0,0,0,0,0,0,0,0,11,0,11,0,10,0,9,0,9,0,8,0,8,-1,7,0,6,0,6,-1,5,-1,5,-1,4,-1,4,-1,3,-1,2,-2,2,-2,2,-2,1,-2,1,-2,0,-2,0,-2,-1,-3,-1,-3,-2,-3,-2,-3,0,0,-3,-3,-3,-3,-3,-3,-4,-4,-4,-3,-4,-3,-4,-4,-5,-4,-5,-4,-5,-4,-5,-5,-5,-4,-5,-5,-5,-5,-5,-5,-5,-5,-5,-5,-5,-5,-5,-6,-5,-6,-5,-6,-4,-6,-4,-6,-4,-6,-3,-7,-3,-7,0,0,0,0,0,0,0,0,0,0,0,0,0,0,77,9,74,10,69,8,69,12,63,12,61,12,57,11,56,9,50,7,47,6,47,9,37,5,36,3,35,3,32,5,28,-3,28,-3,24,-3,19,-4,17,-6,16,-9,13,-7,10,-11,10,-8,9,-11,5,-14,-1,-7,0,-13,-3,-17,-7,-14,-7,-15,-9,-15,-11,-18,-15,-18,-14,-17,-18,-23,-16,-20,-20,-23,-18,-26,-24,-24,-24,-27,-22,-25,-21,-29,-21,-25,-21,-32,-26,-28,-23,-31,-22,-35,-22,-36,-17,-36,-18,-35,-18,-36,-16,-37,-15,-37,-9,-38,-9,-36,-6,-39,0,0,0,0,0,0,0,0,0,0,0,0,0,0,0,0,0,0,0,0,0,0,-1,40,-5,46,-10,44,-11,45,-16,45,-18,44,-19,43,-22,48,-24,50,-22,46,-30,50,-30,47,-32,50,-29,51,-39,53,-34,53,-36,60,-37,55,-40,53,-42,53,-44,50,-46,56,-46,53,-43,53,-50,51,-47,55,-46,50,-48,51,-42,51,-46,54,-44,52,-47,53,-39,49,-42,55,-40,53,-36,55,-30,50,-31,54,-30,55,-30,59,-25,57,-20,57,-19,61,-15,64,-14,60,-5,58,-8,63,-9,64,-6,72,-8,68,-4,72,3,73,-3,78,-7,73,-2,83,-4,81,-3,84,0,0]"
CSI_DATA,272,1a:00:00:00:00:00,-47,11,1,0,1,1,1,0,0,0,1,-96,0,11,2,3839521,0,44,0,384,0,"[0,0,0,0,0,0,0,0,0,0,0,0,-13,1,-12,2,-12,1,-11,1,-11,1,-10,1,-9,1,-8,1,-8,1,-7,1,-7,1,-6,2,-5,1,-5,1,-4,1,-3,2,-3,2,-2,1,-2,1,-2,2,-1,1,-1,2,0,2,0,1,1,1,2,2,0,0,2,2,2,2,3,2,4,2,3,2,4,2,4,2,4,2,5,3,5,3,5,2,5,2,5,3,5,3,5,3,6,3,5,3,5,4,5,4,5,5,5,5,5,5,4,5,4,5,3,6,3,6,0,0,0,0,0,0,0,0,0,0,0,0,0,0,-82,8,-73,8,-78,11,-70,7,-62,8,-63,7,-61,8,-56,8,-55,5,-46,7,-45,6,-40,0,-40,5,-36,8,-30,10,-27,15,-26,8,-23,11,-19,9,-16,10,-12,13,-8,9,-8,14,-9,10,-5,12,-2,12,4,7,7,16,8,9,11,9,11,12,17,12,14,11,16,7,19,9,23,13,23,14,26,13,25,12,29,11,28,18,29,14,29,18,32,12,32,22,35,15,33,22,33,20,29,21,27,21,30,25,28,24,27,30,24,26,24,28,18,31,17,32,0,0,0,0,0,0,0,0,0,0,0,0,0,0,0,0,0,0,0,0,0,0,-6,-41,-1,-45,0,-45,6,-49,8,-49,8,-53,14,-46,18,-50,16,-51,18,-49,18,-55,18,-56,19,-57,23,-59,26,-59,27,-58,27,-63,31,-62,29,-63,32,-58,37,-60,38,-64,33,-63,29,-61,32,-64,30,-62,31,-63,35,-64,30,-60,33,-63,29,-61,34,-60,30,-59,29,-61,29,-57,28,-61,18,-58,11,-61,14,-57,12,-61,8,-64,5,-63,2,-65,5,-65,-1,-61,-2,-65,-8,-65,-8,-65,-10,-70,-12,-70,-15,-71,-21,-70,-18,-76,-17,-72,-29,-78,-18,-82,-15,-80,0,0]"
CSI_DATA,273,1a:00:00:00:00:00,-48,11,1,0,1,1,1,0,0,0,1,-96,0,11,2,3863532,0,44,0,384,0,"[0,0,0,0,0,0,0,0,0,0,0,0,-12,-4,-11,-4,-11,-3,-11,-4,-10,-3,-9,-3,-8,-3,-8,-2,-8,-2,-7,-2,-7,-2,-6,-1,-5,-1,-5,-1,-5,0,-4,0,-4,0,-3,0,-3,1,-3,1,-2,1,-1,1,-1,2,-1,2,-1,2,0,2,0,0,1,3,1,3,1,3,2,4,2,3,2,3,3,4,2,4,3,5,3,5,3,5,3,5,3,5,3,5,3,6,3,6,3,6,3,6,2,6,2,6,2,7,1,6,1,6,0,6,0,6,-1,6,0,0,0,0,0,0,0,0,0,0,0,0,0,0,-73,-27,-75,-26,-69,-24,-65,-27,-60,-25,-55,-23,-55,-23,-54,-21,-49,-22,-45,-20,-43,-16,-40,-14,-38,-12,-33,-11,-33,-10,-29,-8,-25,-6,-25,-1,-23,6,-16,-2,-14,1,-17,4,-13,6,-9,6,-10,8,-9,9,-3,9,-7,12,-5,16,-1,17,6,14,8,14,6,17,11,21,13,17,11,20,12,24,13,24,17,24,17,26,15,29,17,27,15,33,18,32,15,32,16,33,15,30,16,34,17,35,12,36,15,33,13,35,9,41,5,40,4,37,2,39,-1,34,0,0,0,0,0,0,0,0,0,0,0,0,0,0,0,0,0,0,0,0,0,0,12,-40,14,-41,16,-40,24,-41,28,-44,26,-39,28,-41,28,-42,31,-44,36,-42,41,-40,36,-41,43,-41,42,-44,43,-46,46,-42,48,-46,52,-44,52,-43,54,-44,52,-45,59,-43,57,-44,61,-40,57,-40,57,-40,56,-43,54,-43,60,-41,53,-39,52,-45,52,-43,51,-44,49,-44,46,-48,46,-45,46,-46,43,-43,38,-45,39,-48,35,-48,33,-58,31,-55,27,-59,25,-54,22,-66,17,-63,17,-63,13,-71,18,-70,22,-70,16,-75,21,-75,21,-75,21,-83,19,-77,22,-81,0,0]"
CSI_DATA,274,1a:00:00:00:00:00,-47,11,1,0,1,1,1,0,0,0,1,-96,0,11,2,3869496,0,44,0,384,0,"[0,0,0,0,0,0,0,0,0,0,0,0,-8,-10,-8,-10,-7,-9,-7,-9,-6,-8,-6,-8,-6,-7,-5,-6,-5,-6,-5,-5,-5,-5,-4,-4,-4,-4,-4,-3,-4,-3,-3,-2,-3,-2,-3,-1,-3,-1,-3,0,-3,0,-3,0,-2,0,-2,1,-2,1,-1,2,0,0,-1,3,-1,3,-1,3,0,4,-1,4,-1,5,-1,5,-1,5,-1,5,0,6,-1,6,-1,6,-1,6,-2,6,-1,7,-1,7,-2,7,-2,7,-2,7,-2,7,-3,7,-3,6,-3,6,-4,6,-4,6,-4,5,0,0,0,0,0,0,0,0,0,0,0,0,0,0,-39,-64,-35,-62,-38,-60,-36,-59,-35,-58,-30,-51,-30,-52,-28,-51,-29,-47,-24,-43,-23,-43,-23,-39,-23,-32,-17,-30,-18,-27,-18,-23,-17,-22,-13,-17,-15,-16,-17,-12,-18,-11,-17,-7,-13,-5,-13,-2,-11,0,-13,6,-13,4,-10,9,-11,10,-8,11,-8,15,-5,15,-4,20,-4,21,-3,22,-5,25,-7,30,-4,31,-4,31,-5,30,-6,32,-4,33,-6,34,-8,34,-8,35,-6,34,-10,37,-14,37,-12,35,-12,36,-13,36,-17,36,-18,36,-17,34,-21,32,-23,32,-24,28,0,0,0,0,0,0,0,0,0,0,0,0,0,0,0,0,0,0,0,0,0,0,36,-25,36,-21,42,-19,45,-16,47,-16,52,-13,49,-12,51,-11,51,-9,55,-7,54,-7,55,-7,61,-9,63,-5,65,-3,65,-2,64,-3,63,-1,69,3,67,4,67,2,67,5,70,5,69,5,71,5,71,6,67,10,67,6,67,4,69,3,66,5,67,1,67,4,64,2,66,0,64,-4,60,-5,61,-7,58,-8,57,-14,59,-19,56,-19,59,-23,58,-29,54,-22,56,-36,59,-34,59,-37,59,-43,60,-42,63,-44,60,-44,60,-49,65,-49,64,-47,64,-51,69,-45,0,0]"
CSI_DATA,275,1a:00:00:00:00:00,-47,11,1,0,1,1,1,0,0,0,1,-96,0,11,2,3879551,0,44,0,384,0,"[0,0,0,0,0,0,0,0,0,0,0,0,-8,9,-8,8,-7,7,-7,8,-6,7,-6,7,-5,6,-5,5,-5,5,-4,5,-4,5,-3,4,-3,4,-2,3,-2,3,-1,3,-1,3,-1,2,0,2,0,1,0,1,0,1,1,1,1,0,2,0,2,0,0,0,3,-1,3,-1,3,-2,4,-1,4,-2,4,-2,5,-2,5,-2,5,-2,5,-2,5,-2,6,-2,6,-2,6,-2,6,-2,6,-2,6,-2,7,-2,6,-1,6,-1,6,0,6,0,6,0,6,0,6,1,6,2,0,0,0,0,0,0,0,0,0,0,0,0,0,0,-47,58,-50,54,-49,56,-44,54,-41,46,-44,48,-39,44,-43,36,-35,35,-32,37,-29,39,-24,31,-22,30,-22,28,-16,30,-16,25,-19,23,-11,18,-8,23,-4,20,-3,18,0,17,0,14,3,10,5,11,8,9,6,3,7,11,12,4,13,2,15,1,19,1,15,-1,20,-6,26,-4,24,-7,25,-10,23,-9,27,-8,32,-8,30,-10,33,-8,34,-6,37,-7,34,-8,36,-4,37,-7,41,-8,40,-3,41,-1,43,-8,39,2,39,-2,37,5,39,7,36,11,34,12,0,0,0,0,0,0,0,0,0,0,0,0,0,0,0,0,0,0,0,0,0,0,-33,-26,-32,-32,-28,-32,-30,-41,-28,-41,-29,-45,-26,-47,-30,-48,-24,-49,-23,-47,-21,-54,-21,-58,-23,-55,-24,-55,-22,-60,-19,-64,-22,-65,-18,-63,-20,-65,-20,-66,-20,-66,-19,-71,-18,-69,-11,-69,-18,-75,-15,-73,-17,-71,-17,-69,-15,-66,-15,-67,-21,-61,-15,-69,-21,-66,-23,-61,-23,-63,-22,-59,-26,-53,-28,-60,-29,-55,-30,-52,-33,-50,-37,-51,-42,-50,-39,-49,-45,-48,-49,-45,-52,-43,-51,-40,-54,-43,-57,-40,-59,-43,-57,-44,-64,-46,-63,-40,-67,-47,-66,-53,-65,-48,0,0]"
CSI_DATA,276,1a:00:00:00:00:00,-47,11,1,0,1,1,1,0,0,0,1,-96,0,11,2,3890430,0,44,0,384,0,"[0,0,0,0,0,0,0,0,0,0,0,0,1,12,1,11,2,11,1,10,1,9,0,9,1,8,1,7,1,7,1,6,1,5,1,5,1,4,1,3,1,3,1,3,2,2,2,2,2,1,2,0,2,0,2,-1,1,-1,2,-1,2,-2,2,-2,0,0,2,-3,3,-3,2,-4,2,-4,2,-5,3,-5,3,-5,3,-5,3,-6,3,-6,3,-6,4,-6,4,-6,4,-6,4,-6,4,-6,4,-6,4,-5,5,-6,5,-5,5,-5,6,-5,6,-4,6,-4,6,-4,6,-3,0,0,0,0,0,0,0,0,0,0,0,0,0,0,-1,72,1,70,0,66,0,67,-3,68,-1,62,-1,60,-5,58,-2,51,-2,47,0,46,-1,43,0,37,3,35,-1,33,3,29,1,26,7,22,6,20,8,17,7,16,9,11,8,10,9,4,7,5,12,3,12,4,13,-2,11,-9,15,-9,14,-9,14,-11,15,-10,13,-17,17,-19,16,-20,18,-20,18,-25,23,-24,20,-22,25,-25,23,-23,23,-27,24,-24,28,-30,28,-26,30,-20,32,-27,33,-20,26,-24,33,-25,31,-20,35,-23,34,-20,34,-17,36,-13,37,-13,0,0,0,0,0,0,0,0,0,0,0,0,0,0,0,0,0,0,0,0,0,0,-44,5,-48,5,-46,-2,-47,-3,-51,-5,-48,-9,-49,-13,-49,-12,-52,-15,-54,-19,-52,-18,-56,-22,-56,-21,-60,-22,-62,-23,-56,-26,-59,-30,-62,-27,-58,-29,-58,-34,-61,-32,-64,-38,-64,-34,-60,-37,-61,-39,-61,-39,-60,-36,-62,-37,-57,-34,-62,-36,-60,-35,-59,-31,-57,-35,-58,-29,-55,-31,-61,-27,-58,-25,-59,-23,-58,-21,-60,-16,-60,-16,-61,-6,-59,-8,-66,-8,-64,-5,-59,0,-66,3,-67,4,-69,6,-73,3,-71,7,-78,13,-78,8,-77,9,-77,7,-81,9,-80,8,0,0]"
CSI_DATA,277,1a:00:00:00:00:00,-48,11,1,0,1,1,1,0,0,0,1,-96,0,11,2,3919515,0,44,0,384,0,"[0,0,0,0,0,0,0,0,0,0,0,0,11,-5,10,-5,10,-4,9,-4,8,-4,8,-4,7,-4,6,-4,6,-4,5,-4,5,-3,4,-3,4,-3,3,-3,2,-3,2,-3,1,-3,0,-3,0,-3,0,-2,0,-2,-1,-2,-1,-3,-2,-2,-2,-2,-3,-2,0,0,-4,-2,-4,-2,-4,-2,-5,-2,-5,-1,-5,-1,-5,-1,-6,-1,-6,-2,-6,-2,-7,-2,-6,-2,-6,-2,-7,-2,-7,-3,-7,-3,-7,-2,-7,-3,-7,-3,-7,-3,-7,-4,-7,-4,-7,-4,-6,-4,-6,-5,-5,-5,0,0,0,0,0,0,0,0,0,0,0,0,0,0,81,-25,73,-22,67,-21,67,-19,62,-20,55,-14,54,-17,53,-17,49,-14,41,-14,40,-17,39,-12,36,-13,32,-14,28,-11,24,-12,24,-16,19,-15,18,-14,9,-13,9,-15,5,-12,8,-17,4,-13,4,-15,0,-15,-7,-10,-6,-13,-9,-11,-12,-7,-17,-11,-17,-7,-16,-7,-19,-8,-26,-7,-25,-10,-27,-6,-26,-8,-29,-8,-32,-8,-34,-8,-33,-11,-33,-11,-34,-9,-36,-10,-36,-13,-39,-12,-35,-15,-37,-17,-38,-16,-40,-19,-35,-18,-33,-21,-32,-22,-27,-22,-31,-25,-27,-29,0,0,0,0,0,0,0,0,0,0,0,0,0,0,0,0,0,0,0,0,0,0,2,43,0,43,-3,43,-3,46,-8,49,-12,48,-12,48,-16,48,-17,53,-19,49,-19,51,-20,53,-18,56,-24,59,-26,63,-24,59,-28,59,-28,58,-28,59,-30,59,-29,59,-35,66,-34,59,-34,59,-35,62,-33,64,-36,64,-33,67,-30,58,-27,65,-31,60,-29,62,-26,63,-25,60,-22,63,-14,60,-19,59,-18,58,-10,64,-8,62,-5,58,0,61,4,61,5,65,7,59,7,63,8,66,18,60,19,65,18,66,21,70,21,70,28,77,27,69,24,75,24,81,27,75,0,0]"
CSI_DATA,278,1a:00:00:00:00:00,-47,11,1,0,1,1,1,0,0,0,1,-96,0,11,2,3930420,0,44,0,384,0,"[0,0,0,0,0,0,0,0,0,0,0,0,11,-4,10,-3,10,-3,9,-3,9,-3,8,-3,8,-3,7,-3,6,-3,6,-3,5,-3,4,-3,4,-3,3,-3,2,-3,2,-3,2,-3,1,-3,1,-2,0,-2,0,-2,0,-2,-1,-3,-1,-2,-2,-2,-2,-2,0,0,-3,-2,-3,-2,-4,-2,-5,-2,-5,-2,-5,-2,-5,-2,-5,-3,-6,-3,-6,-3,-6,-3,-6,-2,-6,-3,-6,-3,-7,-4,-6,-3,-7,-3,-6,-4,-7,-4,-6,-4,-6,-5,-6,-5,-6,-5,-5,-5,-5,-5,-4,-6,0,0,0,0,0,0,0,0,0,0,0,0,0,0,74,-31,71,-30,69,-29,65,-30,57,-26,60,-22,55,-24,54,-22,49,-18,47,-20,40,-20,39,-21,36,-16,34,-18,29,-18,26,-18,24,-18,22,-17,17,-17,9,-13,14,-14,7,-12,7,-14,3,-13,1,-10,-4,-12,-4,-13,-6,-11,-11,-13,-10,-13,-15,-5,-13,-8,-19,-5,-19,-10,-23,-4,-30,-7,-27,-7,-25,-5,-30,-3,-31,-3,-32,-7,-33,-11,-36,-8,-37,-9,-36,-6,-39,-12,-41,-11,-37,-14,-35,-13,-39,-14,-40,-15,-37,-13,-36,-18,-33,-19,-33,-18,-32,-27,-28,-26,0,0,0,0,0,0,0,0,0,0,0,0,0,0,0,0,0,0,0,0,0,0,10,38,8,42,6,42,3,50,-1,47,-5,51,-5,50,-8,50,-7,51,-9,55,-11,52,-10,54,-9,60,-11,56,-16,61,-13,61,-20,64,-18,64,-15,65,-21,65,-21,68,-18,69,-23,66,-24,68,-22,64,-25,70,-23,67,-22,66,-21,68,-20,66,-17,65,-20,63,-14,67,-13,64,-11,63,-9,62,-7,64,-4,63,-2,61,1,63,0,59,3,60,11,62,14,67,13,60,23,58,22,60,24,63,30,60,32,64,31,67,36,67,33,70,39,68,34,72,35,75,40,77,0,0]"
CSI_DATA,279,1a:00:00:00:00:00,-48,11,1,0,1,1,1,0,0,0,1,-96,0,11,2,3961887,0,44,0,384,0,"[0,0,0,0,0,0,0,0,0,0,0,0,-4,-12,-4,-11,-4,-11,-4,-10,-4,-9,-3,-9,-4,-8,-3,-8,-3,-7,-3,-6,-3,-6,-3,-5,-3,-5,-3,-4,-3,-3,-3,-3,-3,-3,-3,-2,-3,-1,-3,-1,-3,-1,-3,0,-2,0,-3,0,-2,1,-2,1,0,0,-2,2,-2,3,-2,3,-2,3,-2,4,-2,4,-3,5,-3,5,-3,5,-3,5,-3,5,-4,5,-3,5,-4,5,-4,6,-4,5,-4,5,-4,5,-4,5,-5,5,-5,5,-5,5,-6,4,-6,4,-6,4,-6,3,0,0,0,0,0,0,0,0,0,0,0,0,0,0,-23,-70,-16,-74,-19,-72,-21,-67,-16,-66,-13,-60,-14,-59,-13,-52,-12,-49,-13,-46,-13,-47,-18,-41,-13,-37,-13,-34,-9,-33,-11,-30,-13,-27,-12,-17,-12,-18,-12,-21,-10,-15,-11,-11,-8,-7,-13,-4,-12,1,-14,0,-13,2,-13,7,-11,10,-12,9,-11,9,-10,17,-10,16,-14,20,-11,25,-16,24,-10,23,-12,25,-14,28,-15,27,-14,31,-17,30,-17,29,-18,34,-21,29,-19,31,-23,30,-25,31,-25,26,-24,28,-24,28,-26,29,-32,28,-31,25,-33,23,-33,20,-32,19,0,0,0,0,0,0,0,0,0,0,0,0,0,0,0,0,0,0,0,0,0,0,37,-15,38,-16,44,-15,46,-11,49,-11,47,-7,49,-3,51,-4,52,0,56,-3,54,3,55,3,59,4,64,5,61,5,61,10,63,7,66,13,65,10,70,19,68,15,69,15,69,19,66,18,67,19,66,22,66,21,65,18,64,17,65,20,66,18,67,12,67,14,65,11,63,12,63,11,61,8,61,6,58,3,61,1,60,-3,60,-5,60,-8,63,-11,60,-12,60,-21,59,-20,63,-24,65,-26,66,-27,69,-27,73,-27,70,-27,73,-28,75,-30,72,-33,72,-33,0,0]"
CSI_DATA,280,1a:00:00:00:00:00,-47,11,1,0,1,1,1,0,0,0,1,-96,0,11,2,3971070,0,44,0,384,0,"[0,0,0,0,0,0,0,0,0,0,0,0,11,-1,11,-1,10,-1,10,-1,9,-1,9,-1,7,-1,7,-2,6,-2,6,-1,5,-2,5,-2,4,-2,4,-2,3,-2,2,-2,2,-2,2,-3,1,-2,1,-3,1,-2,0,-3,-1,-3,-1,-3,-2,-3,-2,-2,0,0,-3,-3,-3,-2,-3,-3,-4,-3,-4,-3,-4,-3,-5,-3,-5,-3,-6,-3,-6,-4,-6,-3,-6,-4,-6,-4,-6,-4,-6,-4,-6,-5,-6,-4,-6,-5,-6,-5,-6,-5,-6,-5,-5,-5,-5,-5,-5,-6,-5,-6,-4,-6,0,0,0,0,0,0,0,0,0,0,0,0,0,0,79,-3,79,-4,75,-2,68,-3,61,-2,63,-1,59,-2,57,-1,52,0,49,-2,43,-2,40,0,39,-2,37,-8,30,-7,30,-7,25,-12,25,-7,20,-10,19,-9,14,-13,9,-5,11,-14,10,-12,9,-11,1,-12,1,-13,-3,-13,-4,-15,-9,-12,-11,-14,-14,-12,-16,-11,-17,-17,-18,-17,-18,-14,-25,-18,-23,-16,-25,-22,-31,-21,-26,-20,-29,-19,-23,-22,-28,-23,-26,-25,-30,-26,-30,-29,-31,-27,-29,-27,-28,-27,-27,-29,-25,-30,-23,-31,-22,-33,-23,-30,-18,-36,-16,-36,0,0,0,0,0,0,0,0,0,0,0,0,0,0,0,0,0,0,0,0,0,0,4,40,-5,46,-6,44,-10,48,-11,46,-12,47,-15,47,-21,46,-19,49,-20,46,-25,50,-27,53,-26,53,-27,57,-38,54,-29,54,-34,57,-32,56,-34,59,-39,55,-42,58,-40,58,-41,55,-40,57,-41,57,-40,60,-41,60,-45,61,-41,55,-39,59,-37,55,-37,51,-37,54,-38,54,-35,57,-26,56,-26,53,-25,56,-24,57,-18,56,-19,62,-10,58,-9,61,-7,63,-1,60,-5,63,-4,63,4,69,2,70,3,67,9,74,9,73,9,78,9,73,14,75,9,82,9,83,0,0]"
CSI_DATA,281,1a:00:00:00:00:00,-47,11,1,0,1,1,1,0,0,0,1,-96,0,11,2,3979570,0,44,0,384,0,"[0,0,0,0,0,0,0,0,0,0,0,0,8,-9,8,-9,7,-7,8,-7,7,-6,6,-7,5,-6,5,-6,5,-5,4,-5,4,-5,3,-5,2,-4,2,-4,1,-4,1,-4,1,-4,0,-3,0,-3,-1,-3,-1,-2,-2,-2,-2,-2,-2,-2,-3,-2,-3,-1,0,0,-4,-1,-4,0,-5,-1,-4,-1,-5,0,-5,0,-6,0,-6,0,-7,0,-6,0,-7,-1,-7,0,-7,-1,-7,0,-7,-1,-7,-1,-7,-1,-7,-1,-7,-1,-7,-2,-7,-2,-7,-3,-7,-3,-7,-3,-7,-4,-6,-4,0,0,0,0,0,0,0,0,0,0,0,0,0,0,68,-37,66,-35,66,-36,65,-35,59,-35,54,-32,52,-27,50,-27,49,-27,43,-27,40,-24,34,-21,29,-26,27,-18,25,-22,22,-18,21,-18,19,-21,16,-17,12,-17,5,-15,8,-12,5,-15,1,-12,1,-13,-3,-11,-6,-12,-8,-11,-7,-12,-13,-7,-17,-10,-19,-9,-22,-6,-21,-7,-24,-8,-24,-7,-26,-8,-28,-4,-27,-8,-34,-9,-34,-5,-38,-10,-38,-10,-31,-8,-38,-11,-38,-13,-37,-16,-39,-15,-40,-16,-36,-20,-37,-17,-36,-19,-34,-20,-31,-22,-31,-23,-29,-26,-29,-28,0,0,0,0,0,0,0,0,0,0,0,0,0,0,0,0,0,0,0,0,0,0,22,30,21,35,21,42,18,42,16,47,11,46,12,49,13,47,8,51,10,52,10,55,9,57,10,58,9,62,8,65,0,66,3,67,4,66,4,64,0,68,0,69,-8,71,-3,69,-1,72,-3,71,2,72,-4,69,-2,66,-2,68,-5,69,-1,69,-3,66,-2,64,2,67,-1,65,2,62,5,62,11,60,12,58,18,60,15,59,19,60,24,57,24,59,26,55,34,53,31,56,36,59,37,59,42,60,41,60,46,55,44,65,47,64,48,64,46,66,45,65,0,0]"
CSI_DATA,282,1a:00:00:00:00:00,-48,11,1,0,1,1,1,0,0,0,1,-96,0,11,2,3989631,0,44,0,384,0,"[0,0,0,0,0,0,0,0,0,0,0,0,-8,-10,-8,-10,-8,-9,-7,-9,-7,-8,-6,-8,-6,-7,-5,-7,-5,-6,-5,-5,-5,-5,-4,-4,-5,-4,-5,-3,-4,-3,-3,-2,-4,-2,-3,-1,-3,-1,-3,-1,-3,0,-3,0,-2,1,-2,1,-3,2,-1,2,0,0,-1,3,-1,3,-1,3,-1,4,-1,5,-1,5,-1,5,-1,5,-1,5,-1,6,-1,6,-1,6,-1,6,-2,6,-1,6,-2,7,-2,7,-2,6,-2,7,-3,7,-3,6,-3,6,-4,6,-4,6,-4,6,-5,5,0,0,0,0,0,0,0,0,0,0,0,0,0,0,-46,-63,-46,-64,-42,-63,-40,-60,-43,-56,-37,-55,-35,-50,-31,-48,-31,-45,-29,-45,-26,-39,-26,-33,-27,-35,-26,-32,-24,-23,-21,-23,-23,-19,-19,-14,-16,-13,-18,-8,-19,-10,-15,-6,-16,-3,-14,4,-13,2,-13,7,-12,7,-11,11,-9,12,-10,12,-5,16,-4,18,-1,17,1,21,-1,22,-3,25,-4,27,-1,34,3,30,0,32,-4,37,-1,38,1,35,-4,34,-2,40,-3,40,0,36,-8,38,-6,38,-8,36,-9,41,-12,37,-9,36,-16,37,-16,35,-20,34,-22,33,0,0,0,0,0,0,0,0,0,0,0,0,0,0,0,0,0,0,0,0,0,0,36,-24,36,-20,43,-20,46,-19,45,-15,46,-14,47,-13,52,-15,54,-6,58,-9,56,-4,58,-5,61,-8,65,-5,65,-4,65,-5,67,-3,66,0,67,2,70,0,74,0,72,1,73,3,71,4,70,4,72,5,71,6,70,4,72,-1,68,2,72,-6,69,3,71,-1,66,-4,68,-5,65,-4,66,-13,61,-12,61,-16,62,-18,57,-21,60,-25,57,-25,58,-30,56,-30,53,-34,54,-34,54,-42,61,-42,60,-49,55,-45,58,-52,60,-53,58,-54,65,-55,66,-53,65,-55,0,0]"
CSI_DATA,283,1a:00:00:00:00:00,-48,11,1,0,1,1,1,0,0,0,1,-96,0,11,2,3999576,0,44,0,384,0,"[0,0,0,0,0,0,0,0,0,0,0,0,4,-12,4,-11,4,-10,4,-10,4,-9,3,-9,3,-8,2,-8,2,-7,2,-7,1,-7,0,-6,0,-5,0,-5,-1,-4,-1,-4,-1,-4,-1,-3,-2,-2,-2,-2,-2,-2,-2,-2,-2,-2,-3,-1,-3,0,-3,0,0,0,-3,1,-4,1,-4,2,-4,2,-4,2,-5,2,-5,3,-5,3,-5,3,-5,3,-6,3,-5,3,-6,3,-6,3,-6,3,-6,3,-6,3,-7,3,-7,3,-7,3,-7,2,-7,2,-7,2,-7,1,-7,1,-7,0,0,0,0,0,0,0,0,0,0,0,0,0,0,0,17,-75,15,-76,16,-74,18,-66,13,-62,15,-60,16,-58,13,-58,13,-53,13,-47,6,-44,4,-44,6,-39,6,-38,2,-36,-3,-30,-1,-29,0,-26,-4,-21,-7,-19,-8,-17,-9,-15,-8,-12,-8,-12,-10,-7,-11,-4,-13,-3,-13,2,-11,-1,-11,3,-12,7,-17,8,-15,7,-20,13,-20,14,-19,11,-18,19,-20,20,-24,21,-23,20,-25,25,-26,25,-27,21,-25,24,-30,26,-29,22,-32,26,-30,23,-32,23,-34,25,-34,21,-33,21,-33,17,-31,14,-34,14,-36,10,-37,7,0,0,0,0,0,0,0,0,0,0,0,0,0,0,0,0,0,0,0,0,0,0,37,17,38,17,42,22,40,21,39,28,38,31,39,28,34,32,39,35,37,39,39,40,38,43,39,44,39,44,40,46,41,48,43,47,43,55,42,47,44,53,41,56,43,58,38,59,41,54,41,58,40,56,38,56,37,56,43,52,43,55,42,55,41,53,46,50,43,44,45,44,45,44,47,41,52,39,46,39,50,32,52,33,52,27,57,26,56,27,57,22,61,21,60,18,66,15,67,14,71,18,70,14,73,9,76,12,78,12,78,9,84,14,80,12,0,0]"
CSI_DATA,284,1a:00:00:00:00:00,-47,11,1,0,1,1,1,0,0,0,1,-96,0,11,2,4030594,0,44,0,384,0,"[0,0,0,0,0,0,0,0,0,0,0,0,-2,11,-2,11,-2,10,-2,10,-2,9,-2,8,-2,8,-1,7,-1,7,-1,6,-1,6,-1,5,0,4,0,4,0,3,0,3,1,3,0,2,1,2,1,1,2,1,2,0,2,0,2,-1,2,-1,2,-1,0,0,2,-2,3,-2,3,-3,3,-3,3,-3,4,-4,4,-3,4,-4,4,-4,4,-4,4,-4,5,-4,5,-4,5,-4,5,-4,5,-3,6,-4,6,-3,6,-3,6,-3,6,-3,6,-2,6,-2,6,-1,6,-1,6,0,0,0,0,0,0,0,0,0,0,0,0,0,0,0,-16,77,-17,70,-15,74,-20,69,-15,66,-17,60,-14,53,-18,54,-14,50,-7,50,-13,44,-9,41,-7,37,-6,33,-6,34,-2,33,-3,28,0,24,7,24,4,19,3,18,7,15,7,10,8,10,8,9,11,5,12,5,12,2,12,-4,13,-2,17,-8,13,-7,16,-9,15,-13,16,-16,19,-13,25,-15,22,-19,22,-19,26,-19,24,-22,27,-23,27,-21,29,-21,26,-21,29,-23,31,-22,32,-21,34,-18,34,-19,37,-18,36,-16,36,-16,35,-13,37,-12,39,-4,36,0,0,0,0,0,0,0,0,0,0,0,0,0,0,0,0,0,0,0,0,0,0,0,-39,-7,-42,-12,-43,-15,-40,-19,-45,-21,-45,-25,-44,-27,-41,-27,-47,-32,-47,-32,-44,-38,-48,-36,-45,-37,-46,-39,-48,-43,-48,-48,-49,-42,-47,-46,-52,-48,-48,-48,-52,-50,-45,-51,-47,-55,-50,-54,-48,-49,-47,-52,-45,-52,-48,-55,-47,-50,-46,-54,-45,-53,-48,-49,-48,-47,-46,-47,-46,-43,-52,-46,-49,-39,-48,-40,-49,-36,-55,-35,-54,-31,-53,-21,-57,-21,-61,-22,-57,-20,-61,-10,-62,-17,-68,-14,-69,-14,-73,-11,-73,-14,-76,-6,-83,-12,-76,-13,-80,-12,-84,-14,-83,-14,0,0]"
CSI_DATA,285,1a:00:00:00:00:00,-47,11,1,0,1,1,1,0,0,0,1,-96,0,11,2,4039813,0,44,0,384,0,"[0,0,0,0,0,0,0,0,0,0,0,0,5,-12,5,-12,3,-11,4,-10,3,-10,3,-9,3,-9,3,-8,2,-8,2,-7,2,-7,1,-6,0,-6,0,-5,0,-5,0,-5,-1,-4,-1,-4,-2,-3,-2,-3,-2,-2,-3,-2,-2,-2,-3,-1,-3,-1,-3,-1,0,0,-3,0,-4,1,-5,1,-4,1,-5,1,-5,2,-6,2,-6,2,-6,2,-6,2,-6,2,-7,2,-7,2,-7,2,-7,2,-8,2,-8,2,-7,2,-8,1,-7,1,-8,0,-8,0,-8,0,-7,-1,-7,-1,-7,-2,0,0,0,0,0,0,0,0,0,0,0,0,0,0,35,-72,33,-64,37,-72,35,-59,30,-58,28,-57,25,-55,29,-52,26,-46,23,-46,19,-42,20,-39,16,-36,16,-33,11,-30,9,-30,7,-27,5,-24,3,-25,0,-22,-1,-21,-5,-14,-5,-12,-5,-14,-7,-8,-7,-9,-11,-7,-13,-3,-10,0,-13,0,-18,-1,-17,4,-19,8,-22,7,-19,10,-22,13,-26,11,-29,12,-30,12,-29,12,-34,14,-34,12,-32,11,-30,12,-33,15,-35,12,-37,10,-35,12,-40,12,-35,14,-42,5,-40,8,-37,8,-38,2,-42,1,-41,-2,-37,-7,0,0,0,0,0,0,0,0,0,0,0,0,0,0,0,0,0,0,0,0,0,0,35,17,37,25,34,27,36,34,35,33,33,36,34,37,30,37,28,42,30,44,32,45,32,47,33,46,32,51,32,53,31,52,28,57,28,61,31,61,28,62,30,60,29,62,29,62,31,64,30,62,27,64,24,62,28,64,27,64,32,62,28,57,30,63,29,58,33,62,29,58,33,56,35,46,38,45,38,48,42,46,43,42,46,43,44,40,48,40,53,37,59,38,58,33,60,28,60,32,62,29,67,32,70,30,72,31,72,30,77,27,74,31,73,32,0,0]"
CSI_DATA,286,1a:00:00:00:00:00,-47,11,1,0,1,1,1,0,0,0,1,-96,0,11,2,4049527,0,44,0,384,0,"[0,0,0,0,0,0,0,0,0,0,0,0,3,-12,2,-11,2,-10,2,-10,2,-9,2,-9,2,-9,1,-8,1,-7,1,-6,1,-6,0,-6,0,-5,0,-4,-1,-4,-1,-4,-1,-4,-1,-3,-2,-3,-2,-2,-2,-2,-2,-2,-2,-2,-3,-1,-3,0,-3,0,0,0,-4,0,-4,1,-4,1,-4,1,-4,2,-5,2,-5,2,-5,2,-5,2,-5,2,-6,2,-6,2,-6,2,-6,2,-6,2,-7,2,-7,2,-7,1,-7,1,-7,1,-7,1,-7,0,-7,0,-7,-1,-7,-1,-7,-2,0,0,0,0,0,0,0,0,0,0,0,0,0,0,9,-75,9,-71,7,-75,5,-67,6,-67,7,-64,9,-62,5,-57,9,-55,7,-51,0,-46,2,-45,1,-38,1,-39,1,-33,-3,-30,-2,-30,-6,-24,-5,-20,-8,-17,-7,-18,-10,-13,-8,-15,-9,-13,-9,-9,-13,-5,-13,-3,-10,1,-16,1,-15,4,-15,6,-18,8,-13,10,-17,11,-19,15,-18,13,-19,15,-23,15,-22,22,-28,20,-24,19,-27,22,-26,21,-30,24,-27,25,-30,22,-32,19,-32,21,-34,17,-33,19,-31,16,-36,16,-38,14,-34,9,-37,11,-39,6,-37,2,0,0,0,0,0,0,0,0,0,0,0,0,0,0,0,0,0,0,0,0,0,0,40,0,44,1,45,6,44,8,45,13,46,16,47,14,47,17,50,21,49,18,51,22,52,25,51,29,48,31,52,33,53,34,55,36,55,38,54,39,50,45,52,38,57,43,58,44,53,49,49,48,51,48,54,47,51,46,51,48,55,43,52,42,54,42,55,36,53,36,55,35,57,33,57,32,53,31,55,26,57,24,58,19,55,19,62,16,60,13,63,9,66,3,63,7,68,1,69,4,71,1,73,7,73,2,79,-1,77,0,79,-1,80,0,85,0,0,0]"
CSI_DATA,287,1a:00:00:00:00:00,-47,11,1,0,1,1,1,0,0,0,1,-96,0,11,2,4061586,0,44,0,384,0,"[0,0,0,0,0,0,0,0,0,0,0,0,-9,-8,-9,-8,-9,-7,-8,-7,-8,-7,-7,-6,-7,-5,-6,-5,-6,-5,-6,-4,-5,-4,-5,-3,-5,-3,-5,-3,-4,-2,-4,-1,-3,-1,-3,-1,-3,-1,-3,0,-3,0,-3,1,-2,1,-2,1,-2,1,-1,2,0,0,-1,3,-1,3,-1,3,0,4,-1,4,0,4,0,5,0,5,0,5,0,6,0,6,-1,5,-1,6,-1,6,-1,6,-1,6,-1,6,-1,6,-1,6,-2,6,-2,6,-3,6,-3,6,-3,5,-4,5,-4,5,0,0,0,0,0,0,0,0,0,0,0,0,0,0,-71,-40,-67,-38,-68,-35,-63,-33,-53,-32,-57,-34,-53,-29,-52,-34,-45,-29,-44,-27,-43,-21,-35,-21,-36,-16,-32,-17,-31,-17,-30,-11,-27,-7,-21,-9,-22,-7,-21,0,-18,-1,-14,-2,-16,3,-11,6,-11,7,-10,7,-6,10,-10,10,-4,14,-1,13,-1,14,-1,19,5,20,5,20,8,21,3,21,7,25,10,27,10,31,9,28,6,32,9,31,5,36,8,31,5,37,9,39,6,37,4,38,7,37,0,39,2,39,-2,38,-3,41,-4,37,-7,35,-7,34,-13,33,0,0,0,0,0,0,0,0,0,0,0,0,0,0,0,0,0,0,0,0,0,0,11,-40,17,-41,19,-41,24,-44,26,-39,31,-41,32,-42,34,-38,38,-37,35,-36,39,-37,44,-38,44,-41,46,-41,50,-42,49,-41,54,-46,53,-37,57,-39,56,-44,61,-40,54,-37,60,-37,59,-41,62,-34,62,-38,57,-37,63,-33,58,-38,59,-36,55,-34,58,-40,57,-36,55,-32,50,-38,49,-39,44,-39,49,-42,41,-43,40,-43,41,-48,40,-49,37,-54,30,-46,30,-50,31,-60,26,-59,29,-59,27,-60,25,-63,27,-67,28,-69,32,-76,27,-71,26,-75,29,-76,32,-74,0,0]"
CSI_DATA,288,1a:00:00:00:00:00,-47,11,1,0,1,1,1,0,0,0,1,-96,0,11,2,4070511,0,44,0,384,0,"[0,0,0,0,0,0,0,0,0,0,0,0,-10,-9,-9,-8,-9,-7,-9,-8,-8,-7,-7,-6,-7,-6,-7,-5,-6,-5,-6,-5,-5,-4,-5,-4,-5,-3,-5,-3,-5,-2,-4,-2,-4,-1,-4,-1,-3,0,-3,0,-3,0,-3,1,-2,1,-2,1,-2,2,-1,2,0,0,-1,3,-1,3,-1,3,0,4,0,4,0,4,0,5,0,5,0,5,0,6,0,6,0,6,-1,6,-1,6,-1,6,0,6,-1,7,-1,7,-1,6,-2,7,-2,7,-3,6,-3,6,-3,6,-4,6,-4,5,0,0,0,0,0,0,0,0,0,0,0,0,0,0,-61,-53,-56,-51,-56,-51,-55,-49,-50,-48,-46,-44,-44,-41,-44,-40,-38,-36,-37,-36,-40,-30,-33,-24,-31,-24,-22,-21,-28,-21,-23,-17,-26,-11,-24,-14,-21,-10,-16,-3,-19,-4,-15,-1,-16,4,-16,2,-15,2,-11,9,-9,7,-7,11,-6,12,-5,9,-4,14,-2,17,0,19,2,20,3,22,4,21,3,27,5,26,6,27,5,28,7,28,3,30,7,34,-1,35,4,35,-3,36,2,36,2,37,2,39,-3,39,0,43,-2,40,-5,38,-8,35,-10,38,-16,37,-19,34,0,0,0,0,0,0,0,0,0,0,0,0,0,0,0,0,0,0,0,0,0,0,24,-32,30,-33,33,-31,36,-35,36,-28,39,-28,42,-26,41,-28,46,-24,45,-25,47,-25,53,-26,56,-29,56,-25,62,-29,57,-21,66,-24,60,-24,60,-24,67,-23,66,-26,66,-20,62,-21,69,-17,66,-19,68,-19,71,-16,68,-21,65,-16,70,-21,63,-15,69,-24,62,-21,64,-25,59,-26,61,-23,51,-26,52,-26,57,-30,56,-32,49,-36,44,-35,51,-40,45,-41,46,-44,42,-49,45,-50,36,-51,42,-59,39,-56,43,-59,43,-60,47,-66,39,-62,48,-64,51,-70,49,-63,0,0]"
CSI_DATA,289,1a:00:00:00:00:00,-47,11,1,0,1,1,1,0,0,0,1,-96,0,11,2,4079505,0,44,0,384,0,"[0,0,0,0,0,0,0,0,0,0,0,0,12,-2,11,-2,10,-2,10,-2,9,-2,8,-2,8,-2,7,-2,6,-2,6,-2,5,-2,5,-2,4,-2,4,-2,3,-2,3,-3,2,-3,1,-3,1,-3,1,-2,0,-3,0,-2,-1,-3,-1,-3,-1,-3,-2,-3,0,0,-3,-3,-3,-2,-3,-3,-4,-3,-4,-3,-5,-3,-5,-3,-5,-3,-5,-3,-6,-4,-6,-4,-6,-4,-6,-4,-6,-4,-6,-4,-6,-5,-6,-4,-6,-5,-6,-5,-5,-5,-6,-6,-5,-6,-5,-6,-5,-6,-4,-6,-3,-6,0,0,0,0,0,0,0,0,0,0,0,0,0,0,74,-14,73,-18,71,-16,69,-6,68,-7,57,-9,62,-11,60,-7,51,-5,47,-6,45,-7,42,-12,39,-9,35,-10,33,-4,27,-10,26,-12,25,-11,19,-11,16,-11,17,-13,9,-10,8,-12,9,-12,6,-12,1,-15,1,-12,-4,-11,-7,-13,-9,-14,-12,-14,-13,-12,-17,-14,-15,-15,-19,-11,-17,-16,-20,-16,-24,-19,-27,-21,-27,-18,-32,-16,-27,-20,-27,-21,-29,-20,-31,-24,-31,-24,-31,-26,-29,-27,-31,-23,-28,-29,-29,-30,-26,-31,-26,-31,-22,-33,-20,-32,-19,-36,-17,-34,0,0,0,0,0,0,0,0,0,0,0,0,0,0,0,0,0,0,0,0,0,0,14,41,12,43,6,46,5,48,-2,49,-2,52,-5,47,-5,50,-6,52,-12,53,-10,56,-9,56,-13,58,-15,61,-21,61,-17,55,-18,66,-22,64,-23,64,-22,62,-26,63,-28,70,-28,65,-29,66,-29,68,-24,64,-29,65,-29,65,-30,64,-25,63,-24,60,-23,60,-23,61,-24,63,-22,62,-17,57,-13,60,-13,63,-11,60,-10,60,-7,61,-3,57,0,62,3,64,5,56,11,64,13,64,12,65,16,66,14,71,20,70,22,74,24,75,26,69,22,74,20,79,21,78,0,0]"
CSI_DATA,290,1a:00:00:00:00:00,-47,11,1,0,1,1,1,0,0,0,1,-96,0,11,2,4089509,0,44,0,384,0,"[0,0,0,0,0,0,0,0,0,0,0,0,-12,5,-11,4,-11,4,-11,4,-10,4,-9,4,-9,3,-8,4,-7,3,-6,3,-6,3,-5,3,-5,2,-4,2,-3,2,-3,3,-2,3,-2,3,-2,2,-1,2,-1,2,0,2,0,2,1,2,1,2,2,1,0,0,3,1,3,1,3,1,3,1,4,0,4,1,5,1,5,1,5,1,5,1,6,1,6,1,6,1,6,1,6,2,6,2,6,2,6,3,6,3,6,3,6,3,6,3,5,4,5,4,5,4,4,5,0,0,0,0,0,0,0,0,0,0,0,0,0,0,-69,37,-72,35,-70,30,-63,31,-60,30,-56,24,-54,23,-49,24,-50,24,-42,19,-40,22,-37,19,-32,21,-32,17,-29,17,-25,18,-23,20,-20,16,-17,16,-16,17,-9,14,-6,16,-5,15,-5,12,-3,15,1,13,5,8,6,12,9,7,13,4,15,7,18,4,18,8,17,5,26,4,23,5,25,2,26,4,29,7,35,4,35,5,36,7,36,7,35,4,35,5,38,6,38,6,40,9,36,10,39,13,38,12,39,15,37,12,36,14,31,19,33,20,29,25,0,0,0,0,0,0,0,0,0,0,0,0,0,0,0,0,0,0,0,0,0,0,-18,-39,-12,-42,-11,-44,-5,-45,-5,-49,-2,-49,-2,-50,3,-53,-1,-54,4,-57,5,-57,10,-61,6,-60,8,-61,10,-62,13,-66,10,-66,15,-66,10,-65,15,-67,19,-68,18,-69,17,-74,18,-73,21,-70,18,-72,19,-70,17,-65,20,-68,15,-66,15,-67,17,-67,12,-67,9,-66,8,-65,8,-62,4,-66,4,-62,0,-65,-5,-60,-6,-58,-13,-61,-13,-61,-20,-63,-22,-58,-25,-63,-24,-62,-32,-59,-35,-64,-32,-66,-40,-67,-36,-66,-41,-65,-41,-66,-42,-71,-42,-72,-42,-71,0,0]"
CSI_DATA,291,1a:00:00:00:00:00,-47,11,1,0,1,1,1,0,0,0,1,-96,0,11,2,4119850,0,44,0,384,0,"[0,0,0,0,0,0,0,0,0,0,0,0,-12,1,-12,1,-11,1,-11,1,-10,1,-9,1,-9,1,-8,1,-7,1,-7,1,-7,1,-6,1,-5,1,-5,1,-4,1,-4,2,-3,2,-2,2,-2,2,-2,2,-2,1,-1,1,0,2,0,2,0,2,1,2,0,0,2,2,1,2,2,2,3,3,3,2,3,2,3,3,3,3,4,3,4,3,4,4,4,3,4,3,4,4,4,4,4,4,4,4,4,5,4,5,4,5,3,5,3,6,3,5,2,6,2,6,1,6,0,0,0,0,0,0,0,0,0,0,0,0,0,0,-79,-3,-72,-6,-72,-6,-72,-7,-67,-8,-64,-5,-57,-8,-56,-6,-51,-5,-49,-4,-46,-4,-40,-4,-41,-3,-37,-5,-35,-4,-30,0,-30,1,-25,3,-24,4,-19,3,-19,12,-14,10,-16,8,-12,9,-11,7,-10,10,-5,8,-5,11,-2,14,4,14,5,15,8,13,8,14,12,18,13,19,13,22,15,22,16,21,17,22,17,24,19,25,19,27,17,29,19,30,22,29,20,27,18,33,20,33,16,31,17,31,15,36,15,37,13,37,8,37,9,35,4,36,2,33,0,0,0,0,0,0,0,0,0,0,0,0,0,0,0,0,0,0,0,0,0,0,-7,-44,-2,-44,0,-43,7,-47,5,-48,10,-50,13,-48,13,-52,16,-51,14,-49,20,-55,21,-55,25,-58,28,-58,26,-58,27,-57,29,-63,28,-55,33,-59,36,-59,33,-61,40,-63,38,-58,38,-57,42,-58,38,-60,41,-60,42,-60,41,-55,41,-62,36,-54,33,-59,34,-53,36,-57,33,-56,30,-58,28,-55,23,-53,24,-57,20,-57,19,-64,10,-56,14,-59,8,-67,8,-66,9,-65,6,-70,2,-66,0,-71,0,-71,1,-70,-6,-77,-7,-82,-7,-77,-6,-83,-2,-82,-3,-78,0,0]"
CSI_DATA,292,1a:00:00:00:00:00,-47,11,1,0,1,1,1,0,0,0,1,-96,0,11,2,4130055,0,44,0,384,0,"[0,0,0,0,0,0,0,0,0,0,0,0,11,-4,10,-4,10,-3,9,-3,9,-3,8,-3,7,-3,7,-3,6,-3,6,-3,5,-3,4,-3,4,-2,3,-3,3,-3,2,-3,2,-3,2,-3,1,-3,0,-3,0,-3,0,-3,-1,-3,-1,-2,-2,-2,-2,-3,0,0,-3,-3,-3,-2,-4,-2,-4,-2,-4,-2,-5,-2,-5,-3,-5,-3,-5,-3,-6,-3,-6,-3,-6,-4,-6,-4,-6,-4,-6,-4,-6,-4,-6,-4,-6,-4,-6,-5,-6,-5,-5,-5,-5,-5,-5,-6,-5,-5,-4,-6,-3,-6,0,0,0,0,0,0,0,0,0,0,0,0,0,0,74,-24,71,-18,70,-23,67,-17,61,-18,61,-13,62,-14,56,-13,52,-14,51,-14,44,-12,40,-14,39,-13,34,-11,32,-15,30,-14,26,-15,23,-12,16,-15,15,-14,12,-13,14,-15,12,-15,8,-13,2,-13,0,-11,-2,-16,-7,-11,-8,-9,-13,-9,-12,-9,-15,-8,-17,-11,-23,-9,-23,-10,-22,-12,-24,-11,-25,-10,-28,-12,-27,-13,-33,-11,-32,-12,-33,-14,-30,-14,-33,-12,-36,-18,-35,-14,-35,-18,-36,-18,-34,-20,-32,-19,-34,-24,-32,-21,-31,-26,-29,-27,-27,-29,-21,-31,0,0,0,0,0,0,0,0,0,0,0,0,0,0,0,0,0,0,0,0,0,0,9,39,3,40,2,40,1,49,-2,48,-7,51,-10,48,-8,49,-12,51,-14,52,-14,56,-15,55,-14,54,-18,57,-21,61,-21,60,-24,63,-24,61,-24,64,-28,60,-29,65,-29,62,-31,67,-29,66,-27,68,-33,66,-32,60,-30,63,-30,65,-28,62,-23,61,-27,65,-25,62,-20,59,-21,61,-20,59,-13,58,-11,60,-12,59,-6,60,-4,65,1,60,0,61,9,61,7,64,5,62,12,64,16,64,16,66,24,64,25,68,28,71,28,73,21,72,28,73,29,79,30,80,0,0]"
CSI_DATA,293,1a:00:00:00:00:00,-47,11,1,0,1,1,1,0,0,0,1,-96,0,11,2,4139501,0,44,0,384,0,"[0,0,0,0,0,0,0,0,0,0,0,0,-10,-7,-9,-7,-9,-7,-9,-6,-8,-6,-7,-5,-7,-5,-6,-5,-6,-4,-6,-4,-5,-3,-5,-3,-5,-3,-5,-2,-4,-2,-4,-1,-4,-1,-3,-1,-3,0,-3,0,-3,0,-2,1,-2,1,-2,1,-1,1,-1,2,0,0,-1,3,-1,3,0,3,0,3,0,4,0,4,0,4,0,5,0,5,0,5,0,5,0,5,0,5,0,6,0,6,0,6,0,6,0,6,-1,6,-1,6,-1,6,-2,6,-2,6,-3,6,-3,6,-3,5,0,0,0,0,0,0,0,0,0,0,0,0,0,0,-58,-48,-53,-55,-57,-50,-47,-48,-52,-50,-48,-50,-43,-40,-38,-44,-38,-39,-37,-37,-34,-37,-28,-29,-29,-32,-32,-22,-28,-23,-29,-20,-26,-18,-25,-11,-23,-8,-19,-8,-17,-4,-14,-5,-16,-1,-11,1,-14,6,-13,9,-9,9,-12,10,-7,9,-5,14,-5,15,-2,18,-6,21,-2,21,2,24,-3,24,0,25,1,28,3,30,1,30,3,32,1,31,-1,34,1,42,-2,36,-2,40,-3,40,0,35,-5,40,-7,40,-7,39,-7,38,-11,37,-9,35,-14,35,-17,33,-20,35,0,0,0,0,0,0,0,0,0,0,0,0,0,0,0,0,0,0,0,0,0,0,24,-34,29,-31,34,-33,37,-31,39,-31,38,-28,40,-24,45,-25,47,-23,51,-26,51,-22,51,-28,53,-26,57,-27,57,-20,60,-24,62,-23,61,-22,66,-22,68,-19,66,-19,71,-16,68,-18,67,-15,69,-18,68,-20,68,-16,68,-17,69,-17,69,-18,66,-16,65,-15,66,-20,63,-19,62,-20,61,-19,55,-21,56,-26,55,-31,52,-30,53,-33,47,-39,49,-43,48,-40,47,-43,43,-43,45,-45,46,-52,44,-55,42,-56,40,-59,47,-65,49,-60,44,-62,48,-68,53,-66,50,-63,0,0]"
CSI_DATA,294,1a:00:00:00:00:00,-47,11,1,0,1,1,1,0,0,0,1,-96,0,11,2,4149662,0,44,0,384,0,"[0,0,0,0,0,0,0,0,0,0,0,0,6,-10,7,-10,6,-9,6,-9,5,-8,5,-8,4,-8,4,-7,3,-6,3,-6,3,-6,2,-6,2,-5,1,-5,1,-4,0,-4,0,-4,-1,-4,-1,-3,-1,-3,-1,-2,-2,-2,-2,-2,-3,-1,-3,-1,-3,-1,0,0,-4,-1,-4,0,-5,0,-4,0,-5,0,-5,1,-6,1,-6,1,-6,1,-6,1,-6,1,-7,1,-7,0,-7,1,-7,0,-7,0,-7,0,-8,0,-7,0,-7,-1,-7,-1,-7,-1,-7,-1,-7,-2,-7,-2,-7,-3,0,0,0,0,0,0,0,0,0,0,0,0,0,0,50,-60,54,-51,48,-53,47,-49,48,-47,47,-48,40,-41,44,-41,41,-39,35,-34,32,-36,28,-34,24,-29,21,-28,22,-28,19,-23,18,-23,14,-24,11,-24,5,-20,3,-16,5,-17,-2,-15,0,-17,-4,-13,-8,-9,-7,-10,-7,-9,-9,-8,-16,-7,-14,-7,-18,-6,-18,-2,-24,-3,-23,-2,-25,-3,-28,-2,-32,0,-31,-2,-31,1,-31,3,-31,1,-38,-3,-38,0,-37,-3,-38,-4,-38,-6,-38,0,-39,-9,-36,-7,-39,-8,-39,-11,-40,-11,-36,-15,-37,-15,-31,-20,-31,-23,0,0,0,0,0,0,0,0,0,0,0,0,0,0,0,0,0,0,0,0,0,0,35,23,33,25,29,30,30,33,31,36,28,40,28,42,30,45,25,46,28,45,25,48,25,53,31,52,26,59,28,55,19,59,24,63,23,64,22,65,20,67,20,67,18,70,18,68,20,68,17,67,16,67,14,68,21,70,18,68,20,67,22,67,18,67,19,64,21,60,18,59,24,61,23,56,27,57,27,54,30,54,35,53,34,49,37,49,40,49,42,49,50,43,48,42,50,43,55,45,58,48,56,47,62,45,62,50,61,43,65,49,64,54,65,52,0,0]"
CSI_DATA,295,1a:00:00:00:00:00,-47,11,1,0,1,1,1,0,0,0,1,-96,0,11,2,4160893,0,44,0,384,0,"[0,0,0,0,0,0,0,0,0,0,0,0,-12,1,-12,1,-11,1,-11,1,-10,0,-9,1,-9,1,-8,1,-8,1,-7,1,-7,1,-6,1,-6,1,-5,1,-4,1,-4,1,-3,2,-2,2,-2,1,-2,2,-2,2,-1,2,0,2,0,2,0,2,1,2,0,0,2,2,2,2,2,2,3,2,3,2,3,2,4,2,4,2,4,3,5,3,4,3,4,3,5,3,4,3,5,4,5,4,5,4,5,4,5,4,4,4,4,5,4,5,4,5,3,5,3,6,2,6,0,0,0,0,0,0,0,0,0,0,0,0,0,0,-76,-1,-78,-1,-76,2,-68,0,-67,1,-66,-3,-62,0,-61,1,-55,3,-50,2,-49,5,-43,-1,-42,3,-37,2,-35,3,-28,6,-24,7,-24,8,-20,10,-21,8,-18,9,-14,7,-12,12,-6,10,-7,13,-3,13,-1,8,4,14,2,11,4,12,8,10,13,11,12,13,14,13,15,12,20,15,21,15,24,17,23,17,26,17,27,17,28,19,27,22,27,23,31,22,27,23,30,24,27,24,29,27,28,25,25,28,23,30,24,28,23,29,22,33,17,33,15,36,0,0,0,0,0,0,0,0,0,0,0,0,0,0,0,0,0,0,0,0,0,0,-3,-41,5,-47,4,-43,11,-44,13,-44,17,-45,16,-51,19,-47,19,-45,22,-49,20,-51,25,-54,24,-57,28,-55,30,-54,32,-59,34,-59,39,-57,41,-58,44,-56,42,-56,43,-56,40,-55,44,-58,45,-60,42,-60,44,-56,43,-61,39,-56,38,-57,36,-55,41,-61,39,-55,37,-59,32,-55,33,-56,22,-54,25,-58,24,-59,17,-61,14,-61,11,-58,10,-64,6,-67,8,-64,-2,-63,6,-67,2,-67,-7,-71,-4,-70,-10,-76,-10,-76,-11,-81,-8,-75,-13,-81,-10,-82,-9,-80,0,0]"
CSI_DATA,296,1a:00:00:00:00:00,-47,11,1,0,1,1,1,0,0,0,1,-96,0,11,2,4169568,0,44,0,384,0,"[0,0,0,0,0,0,0,0,0,0,0,0,-2,11,-2,11,-1,11,-1,10,-1,9,-1,8,-1,8,-1,7,-1,7,0,6,-1,6,0,5,0,5,0,4,0,3,0,3,1,3,1,2,1,2,1,1,2,1,1,0,2,0,2,-1,2,-1,2,-1,0,0,2,-2,2,-2,3,-3,3,-3,3,-3,4,-3,4,-4,4,-4,4,-4,4,-4,4,-4,5,-4,5,-4,5,-4,5,-4,5,-4,6,-4,5,-4,6,-3,6,-3,6,-3,6,-2,6,-2,6,-2,6,-1,6,0,0,0,0,0,0,0,0,0,0,0,0,0,0,0,-7,79,-11,77,-12,72,-10,71,-6,70,-11,65,-9,60,-9,61,-10,50,-8,50,-4,48,-6,45,-2,42,-1,37,-1,36,1,30,3,31,2,25,2,24,7,22,8,15,7,13,8,15,7,8,10,8,10,7,15,3,10,-1,10,0,15,-3,13,-7,13,-9,13,-12,16,-14,18,-15,16,-15,18,-20,23,-21,23,-22,25,-24,25,-22,24,-25,26,-23,28,-25,29,-25,30,-24,29,-24,34,-25,30,-23,30,-20,32,-22,33,-21,35,-19,36,-17,36,-16,36,-8,39,-8,0,0,0,0,0,0,0,0,0,0,0,0,0,0,0,0,0,0,0,0,0,0,-41,-4,-42,-11,-41,-12,-47,-14,-48,-16,-49,-21,-44,-21,-46,-24,-49,-25,-48,-27,-50,-29,-51,-33,-51,-36,-52,-36,-55,-39,-52,-42,-56,-42,-52,-42,-55,-39,-52,-45,-54,-47,-58,-46,-51,-46,-55,-46,-51,-51,-53,-50,-53,-56,-55,-49,-52,-47,-56,-45,-58,-45,-54,-46,-55,-43,-53,-43,-53,-37,-53,-41,-53,-32,-54,-33,-53,-31,-60,-26,-60,-27,-59,-23,-58,-23,-62,-14,-65,-17,-65,-13,-70,-8,-71,-8,-69,-8,-76,-4,-70,-4,-81,-3,-81,-3,-80,-3,-84,-6,-85,-9,-82,1,0,0]"
CSI_DATA,297,1a:00:00:00:00:00,-47,11,1,0,1,1,1,0,0,0,1,-96,0,11,2,4179507,0,44,0,384,0,"[0,0,0,0,0,0,0,0,0,0,0,0,-10,7,-9,7,-9,6,-8,6,-8,5,-7,5,-7,5,-6,5,-6,5,-5,4,-5,4,-4,4,-4,3,-3,3,-3,3,-2,3,-2,3,-2,3,-1,2,-1,2,0,1,0,1,1,1,1,1,1,1,2,1,0,0,3,1,3,0,3,0,3,0,4,0,4,0,4,-1,5,0,5,0,5,0,5,0,6,0,5,0,6,0,6,1,6,1,6,1,6,1,6,1,6,1,6,2,6,2,5,2,5,3,5,3,4,4,0,0,0,0,0,0,0,0,0,0,0,0,0,0,-58,52,-57,49,-56,45,-53,41,-54,41,-50,39,-49,43,-46,34,-43,32,-39,30,-39,30,-34,24,-33,25,-26,27,-27,24,-21,23,-19,26,-16,19,-14,19,-10,18,-5,19,-4,18,-2,12,0,11,3,13,2,9,8,10,9,12,11,6,14,4,12,4,15,2,19,3,23,1,25,0,23,4,24,-1,26,1,29,4,28,2,32,3,30,4,32,-1,35,2,34,2,36,3,37,6,37,7,38,8,39,9,38,10,35,12,33,9,36,14,34,19,28,21,32,24,0,0,0,0,0,0,0,0,0,0,0,0,0,0,0,0,0,0,0,0,0,0,-34,-25,-34,-31,-33,-33,-27,-40,-23,-44,-24,-41,-21,-47,-26,-48,-20,-51,-23,-48,-19,-55,-21,-56,-25,-57,-22,-60,-17,-61,-17,-66,-19,-64,-20,-68,-16,-66,-11,-68,-16,-69,-13,-70,-11,-70,-10,-71,-9,-73,-15,-73,-12,-70,-11,-68,-10,-68,-8,-71,-10,-70,-13,-67,-10,-69,-15,-67,-14,-67,-15,-61,-18,-62,-24,-58,-23,-58,-26,-57,-25,-56,-32,-51,-33,-54,-39,-53,-36,-54,-42,-45,-39,-47,-49,-49,-51,-48,-49,-50,-50,-50,-57,-52,-56,-53,-56,-56,-54,-57,-58,-60,-55,-61,0,0]"
CSI_DATA,298,1a:00:00:00:00:00,-48,11,1,0,1,1,1,0,0,0,1,-96,0,11,2,4190333,0,44,0,384,0,"[0,0,0,0,0,0,0,0,0,0,0,0,11,-2,10,-2,9,-1,9,-1,9,-1,8,-1,7,-2,7,-2,6,-2,6,-1,5,-2,5,-2,4,-2,3,-2,4,-2,3,-3,2,-2,2,-3,1,-2,1,-2,0,-2,0,-2,0,-3,-1,-2,-1,-3,-2,-3,0,0,-3,-3,-3,-3,-3,-2,-4,-3,-4,-3,-4,-3,-4,-3,-5,-3,-5,-4,-5,-4,-5,-4,-5,-4,-5,-4,-5,-4,-5,-4,-5,-5,-5,-5,-5,-5,-5,-5,-5,-5,-5,-6,-5,-6,-5,-6,-4,-6,-3,-6,-3,-6,0,0,0,0,0,0,0,0,0,0,0,0,0,0,79,11,72,8,71,5,69,6,68,7,66,11,60,7,55,3,53,3,52,5,45,8,42,2,40,1,35,1,31,-3,31,-4,30,-6,25,-5,20,-6,22,-9,18,-9,13,-9,14,-8,9,-12,10,-11,8,-14,2,-12,2,-12,0,-14,-3,-14,-3,-14,-8,-14,-11,-15,-13,-18,-12,-18,-18,-18,-22,-19,-20,-23,-18,-23,-24,-24,-24,-24,-23,-21,-23,-27,-23,-28,-28,-30,-23,-29,-27,-30,-25,-31,-22,-36,-24,-33,-26,-37,-24,-37,-20,-36,-17,-32,-12,-35,-10,-39,-8,-36,0,0,0,0,0,0,0,0,0,0,0,0,0,0,0,0,0,0,0,0,0,0,-5,40,-10,44,-11,43,-17,44,-17,46,-22,44,-23,44,-27,47,-26,45,-29,46,-31,48,-31,51,-32,52,-37,49,-41,48,-41,52,-41,51,-41,51,-44,56,-44,49,-46,49,-51,54,-46,51,-47,55,-53,49,-52,49,-50,54,-52,51,-47,49,-47,52,-44,50,-48,52,-44,47,-43,50,-40,54,-38,50,-36,51,-30,50,-30,54,-29,58,-26,56,-21,54,-20,56,-13,64,-12,59,-11,59,-9,64,-8,65,-4,70,-10,72,-3,70,-1,76,-3,81,-3,74,0,75,-4,84,1,77,0,0]"
CSI_DATA,299,1a:00:00:00:00:00,-47,11,1,0,1,1,1,0,0,0,1,-96,0,11,2,4200905,0,44,0,384,0,"[0,0,0,0,0,0,0,0,0,0,0,0,-4,12,-4,11,-4,10,-4,10,-3,9,-3,8,-3,8,-3,7,-2,7,-2,7,-2,6,-1,5,-1,5,-1,4,0,4,0,3,0,3,0,3,1,2,1,2,1,1,2,1,2,1,2,0,2,0,2,0,0,0,3,-2,3,-2,3,-3,3,-2,4,-3,4,-3,4,-3,4,-3,5,-3,5,-3,5,-3,5,-3,6,-4,6,-4,6,-3,6,-3,6,-3,6,-3,6,-3,6,-3,6,-2,7,-2,6,-2,7,-1,6,0,6,0,0,0,0,0,0,0,0,0,0,0,0,0,0,0,-29,72,-31,68,-30,68,-26,66,-24,59,-27,61,-25,52,-27,55,-23,46,-20,48,-21,47,-16,39,-13,35,-11,36,-6,33,-5,29,-6,27,-3,26,-5,22,0,22,3,21,1,20,7,17,6,14,6,12,10,7,11,7,10,4,14,3,14,1,15,-1,19,-4,17,-7,18,-9,22,-8,23,-7,23,-10,25,-14,23,-14,30,-13,29,-14,35,-14,30,-10,31,-15,35,-12,35,-13,37,-10,38,-12,38,-9,37,-8,37,-11,39,-6,38,-4,36,0,38,3,38,3,38,5,0,0,0,0,0,0,0,0,0,0,0,0,0,0,0,0,0,0,0,0,0,0,-39,-7,-44,-17,-41,-17,-43,-20,-42,-23,-42,-24,-42,-28,-43,-27,-43,-30,-42,-33,-42,-40,-45,-37,-48,-39,-46,-42,-46,-46,-45,-44,-43,-50,-43,-49,-48,-51,-46,-54,-46,-51,-48,-55,-42,-52,-43,-60,-44,-60,-44,-60,-48,-58,-43,-57,-40,-55,-43,-58,-38,-54,-45,-54,-41,-55,-43,-53,-42,-50,-40,-49,-43,-43,-44,-43,-49,-43,-49,-38,-53,-38,-50,-33,-55,-29,-53,-28,-58,-29,-61,-21,-65,-20,-65,-26,-70,-19,-67,-23,-69,-23,-69,-25,-80,-24,-74,-19,-74,-20,-83,-23,-81,-27,0,0]"
CSI_DATA,300,1a:00:00:00:00:00,-47,11,1,0,1,1,1,0,0,0,1,-96,0,11,2,4211153,0,44,0,384,0,"[0,0,0,0,0,0,0,0,0,0,0,0,12,-3,11,-3,11,-2,10,-2,10,-2,9,-2,8,-2,7,-2,7,-2,6,-3,5,-3,5,-2,4,-2,4,-2,3,-3,3,-3,2,-3,2,-3,1,-3,1,-3,0,-3,0,-3,0,-3,-1,-3,-1,-3,-2,-3,0,0,-3,-3,-3,-3,-4,-3,-4,-3,-4,-3,-4,-3,-5,-3,-5,-3,-5,-4,-6,-4,-6,-4,-6,-4,-6,-4,-6,-4,-6,-5,-6,-5,-6,-5,-6,-5,-6,-5,-6,-5,-6,-6,-5,-6,-5,-6,-5,-6,-4,-6,-3,-7,0,0,0,0,0,0,0,0,0,0,0,0,0,0,78,-9,80,-8,72,-12,67,-7,63,-4,60,-6,61,-4,56,-3,55,-5,48,-3,44,-5,42,-8,39,-3,35,-6,34,-11,30,-11,30,-14,22,-9,25,-8,17,-10,16,-9,12,-7,10,-14,10,-11,9,-13,6,-15,0,-14,-1,-18,-7,-11,-5,-11,-8,-12,-10,-13,-17,-14,-14,-21,-18,-14,-14,-19,-16,-20,-21,-22,-22,-23,-26,-22,-24,-21,-22,-24,-23,-25,-25,-28,-25,-27,-26,-27,-26,-29,-27,-29,-26,-32,-23,-31,-25,-36,-23,-35,-18,-36,-13,-34,-13,-35,-13,-40,-10,-37,0,0,0,0,0,0,0,0,0,0,0,0,0,0,0,0,0,0,0,0,0,0,17,38,15,41,9,44,6,42,4,47,-1,46,-1,49,-1,52,-5,56,-8,52,-5,56,-2,56,-9,59,-10,62,-13,61,-13,60,-17,68,-15,66,-23,67,-23,68,-16,66,-26,65,-23,67,-27,66,-27,69,-22,70,-23,68,-27,67,-28,66,-23,62,-21,59,-22,63,-22,64,-23,62,-21,65,-17,61,-11,56,-10,59,-8,59,-4,63,-7,63,-4,61,-2,61,4,63,7,62,11,63,11,62,12,68,10,67,17,69,20,70,21,70,22,71,22,72,18,75,17,78,18,76,0,0]"
CSI_DATA,301,1a:00:00:00:00:00,-47,11,1,0,1,1,1,0,0,0,1,-96,0,11,2,4229491,0,44,0,384,0,"[0,0,0,0,0,0,0,0,0,0,0,0,-12,0,-12,0,-11,0,-10,0,-10,0,-9,0,-8,0,-8,0,-8,0,-7,0,-7,1,-6,1,-5,0,-5,1,-4,1,-4,1,-3,1,-3,1,-3,1,-2,1,-2,1,-1,2,-1,2,0,2,0,2,1,2,0,0,1,2,1,2,2,2,3,2,2,2,3,2,4,2,4,3,4,3,4,4,4,4,4,3,4,4,4,4,4,4,4,4,4,4,4,5,4,5,4,5,4,5,3,5,3,5,2,5,2,6,1,6,0,0,0,0,0,0,0,0,0,0,0,0,0,0,-78,0,-73,1,-75,5,-68,-1,-70,5,-63,6,-65,2,-55,3,-57,-1,-50,4,-45,5,-47,2,-40,1,-38,4,-35,3,-32,7,-32,7,-22,11,-20,6,-20,10,-16,15,-16,10,-10,10,-6,10,-11,11,0,11,0,11,0,13,3,13,5,15,11,9,11,10,13,13,16,11,19,12,21,13,24,17,21,20,24,18,31,16,29,14,30,17,30,19,30,20,27,22,30,24,30,24,27,25,26,26,30,26,26,29,25,30,26,29,21,31,22,30,18,33,16,34,0,0,0,0,0,0,0,0,0,0,0,0,0,0,0,0,0,0,0,0,0,0,1,-41,4,-41,8,-45,12,-47,15,-49,17,-44,21,-44,22,-47,21,-52,23,-48,27,-53,32,-52,30,-57,30,-55,32,-54,35,-58,38,-59,36,-60,36,-55,41,-59,43,-57,43,-55,40,-58,43,-56,42,-58,45,-60,42,-59,43,-54,42,-56,38,-60,37,-59,40,-57,40,-57,35,-56,35,-54,34,-57,30,-60,24,-57,22,-56,20,-59,20,-59,10,-61,11,-59,6,-63,8,-66,10,-67,3,-65,-2,-66,-2,-72,-6,-75,-10,-73,-13,-75,-7,-75,-10,-79,-16,-82,-12,-82,-10,-90,0,0]"
CSI_DATA,302,1a:00:00:00:00:00,-47,11,1,0,1,1,1,0,0,0,1,-96,0,11,2,4239563,0,44,0,384,0,"[0,0,0,0,0,0,0,0,0,0,0,0,-5,11,-5,10,-4,10,-4,9,-4,9,-4,8,-4,8,-3,7,-3,6,-2,6,-3,6,-2,5,-1,5,-1,4,-1,3,-1,4,0,3,0,3,1,2,1,2,1,1,1,1,1,1,2,0,2,0,2,0,0,0,2,-1,3,-1,4,-2,3,-2,4,-2,4,-2,5,-2,5,-2,5,-2,5,-2,5,-2,6,-2,6,-2,6,-2,6,-2,6,-2,7,-2,6,-2,6,-2,6,-1,7,-1,7,0,7,0,6,0,6,1,6,1,0,0,0,0,0,0,0,0,0,0,0,0,0,0,-26,67,-33,64,-31,63,-33,57,-30,59,-28,53,-29,51,-24,48,-23,43,-23,45,-20,39,-19,37,-12,34,-13,34,-13,31,-9,28,-7,25,-5,26,-7,20,-2,19,1,18,0,17,-2,13,3,12,5,9,10,10,11,6,9,5,12,3,11,-4,15,-1,20,-3,20,-1,17,-7,18,-7,20,-8,20,-11,25,-7,27,-11,30,-9,30,-12,28,-10,32,-12,35,-12,31,-11,36,-13,36,-8,33,-12,37,-6,33,-7,39,-5,38,-4,36,0,36,0,37,4,37,8,36,9,0,0,0,0,0,0,0,0,0,0,0,0,0,0,0,0,0,0,0,0,0,0,-36,-10,-39,-17,-41,-18,-41,-23,-40,-25,-41,-29,-38,-29,-39,-34,-40,-38,-41,-36,-40,-41,-40,-42,-43,-44,-44,-46,-43,-45,-40,-47,-44,-55,-44,-51,-43,-52,-45,-57,-41,-56,-41,-58,-37,-56,-38,-56,-37,-59,-36,-61,-39,-58,-36,-59,-35,-57,-36,-56,-36,-54,-40,-57,-38,-57,-38,-53,-38,-53,-39,-49,-43,-43,-41,-43,-42,-42,-46,-41,-47,-38,-50,-32,-47,-35,-53,-30,-53,-27,-57,-30,-58,-27,-59,-24,-65,-23,-66,-27,-66,-23,-70,-24,-72,-24,-70,-22,-79,-27,-71,-30,-74,-27,0,0]"
CSI_DATA,303,1a:00:00:00:00:00,-47,11,1,0,1,1,1,0,0,0,1,-96,0,11,2,4249544,0,44,0,384,0,"[0,0,0,0,0,0,0,0,0,0,0,0,-9,-9,-9,-8,-9,-9,-8,-8,-8,-8,-7,-7,-7,-6,-7,-6,-6,-5,-6,-5,-5,-4,-5,-4,-5,-3,-5,-3,-5,-2,-4,-2,-4,-2,-4,-1,-3,-1,-3,0,-3,0,-3,1,-2,1,-2,1,-2,1,-2,2,0,0,-1,3,-1,3,-1,3,-1,4,-1,4,-1,4,0,4,-1,5,0,5,0,6,-1,6,-1,6,-1,6,-1,6,-1,6,-1,6,-2,6,-1,6,-1,7,-2,7,-2,7,-3,6,-3,6,-3,6,-4,6,-5,5,0,0,0,0,0,0,0,0,0,0,0,0,0,0,-54,-53,-54,-52,-57,-50,-52,-48,-49,-45,-44,-49,-41,-45,-40,-38,-41,-39,-39,-34,-38,-34,-31,-31,-32,-28,-29,-27,-29,-20,-24,-21,-29,-16,-22,-11,-21,-13,-21,-8,-21,-3,-18,-7,-12,1,-13,4,-15,6,-9,6,-10,6,-8,7,-7,17,-4,13,-5,13,0,16,1,17,0,17,1,24,3,23,1,26,5,27,5,29,1,28,0,31,5,32,3,35,4,31,1,34,4,36,3,37,2,39,0,38,0,39,-4,39,-4,36,-5,35,-8,37,-7,37,-15,36,-16,35,0,0,0,0,0,0,0,0,0,0,0,0,0,0,0,0,0,0,0,0,0,0,31,-30,30,-27,37,-28,38,-27,42,-26,44,-22,45,-22,46,-21,50,-22,52,-23,51,-20,54,-20,59,-21,60,-21,61,-16,61,-20,63,-18,63,-19,66,-17,70,-17,70,-13,70,-13,70,-15,71,-11,72,-13,70,-18,67,-13,70,-13,70,-13,67,-12,63,-12,67,-12,66,-16,63,-16,63,-15,60,-17,58,-20,57,-22,55,-26,51,-28,53,-32,52,-36,51,-38,51,-41,46,-38,45,-41,45,-43,48,-48,46,-52,43,-54,43,-57,51,-61,50,-59,48,-66,48,-65,52,-63,47,-60,0,0]"
CSI_DATA,304,1a:00:00:00:00:00,-47,11,1,0,1,1,1,0,0,0,1,-96,0,11,2,4269537,0,44,0,384,0,"[0,0,0,0,0,0,0,0,0,0,0,0,-12,3,-11,3,-10,2,-10,2,-9,2,-9,2,-8,2,-8,2,-7,2,-6,2,-6,2,-5,2,-5,2,-4,2,-4,1,-4,2,-3,2,-3,2,-2,2,-2,2,-1,2,-1,2,0,2,0,1,0,1,1,1,0,0,2,1,2,1,3,2,3,2,3,2,3,1,4,1,4,1,5,2,5,2,5,2,5,2,5,2,5,3,5,3,5,3,5,3,5,3,5,3,5,4,5,4,4,4,4,4,4,4,3,5,3,5,0,0,0,0,0,0,0,0,0,0,0,0,0,0,-76,21,-70,19,-72,20,-67,15,-63,16,-64,13,-61,13,-55,15,-51,12,-50,12,-43,13,-41,9,-41,9,-35,17,-37,12,-30,13,-27,13,-23,12,-20,13,-20,13,-12,13,-13,10,-10,16,-7,14,-6,15,-4,12,-2,13,1,9,7,10,5,11,8,9,15,11,16,11,15,12,20,12,26,11,24,13,24,14,28,12,29,11,31,15,31,11,29,16,34,19,27,12,34,18,29,17,35,19,30,22,28,20,29,26,30,22,30,23,25,22,28,28,22,29,21,30,0,0,0,0,0,0,0,0,0,0,0,0,0,0,0,0,0,0,0,0,0,0,-16,-36,-12,-44,-7,-43,-5,-48,-4,-51,-3,-50,3,-49,2,-50,5,-52,5,-55,4,-60,5,-59,4,-60,11,-65,11,-65,15,-63,15,-64,18,-64,18,-68,22,-67,24,-67,20,-70,22,-70,22,-67,25,-69,21,-70,21,-67,25,-68,24,-66,22,-68,20,-67,23,-66,18,-62,18,-63,14,-65,12,-59,11,-61,8,-61,9,-62,1,-63,0,-65,-2,-65,-2,-64,-10,-61,-12,-61,-14,-69,-17,-62,-21,-67,-20,-65,-21,-67,-25,-70,-31,-66,-31,-72,-29,-71,-34,-78,-28,-76,-28,-78,0,0]"
CSI_DATA,305,1a:00:00:00:00:00,-47,11,1,0,1,1,1,0,0,0,1,-96,0,11,2,4280774,0,44,0,384,0,"[0,0,0,0,0,0,0,0,0,0,0,0,6,10,6,9,6,9,6,8,5,8,5,7,4,6,4,6,4,6,4,5,4,4,3,4,4,3,3,3,3,2,3,2,3,1,2,1,2,0,2,0,2,-1,2,-1,2,-1,2,-2,2,-2,1,-2,0,0,1,-3,1,-4,0,-4,0,-4,1,-5,1,-5,1,-6,1,-6,1,-6,0,-6,1,-7,1,-7,1,-7,1,-7,1,-7,1,-7,2,-7,2,-7,2,-7,2,-7,3,-7,3,-7,4,-6,4,-6,4,-6,4,-5,0,0,0,0,0,0,0,0,0,0,0,0,0,0,50,65,38,59,38,63,40,61,31,57,31,54,31,50,26,54,25,42,25,43,22,39,21,34,22,32,19,30,19,28,20,23,17,24,19,17,18,17,17,10,17,11,13,7,18,5,15,1,14,-2,11,-2,12,-6,12,-7,8,-8,9,-13,6,-15,13,-10,7,-16,5,-21,7,-21,5,-25,8,-29,8,-28,9,-25,10,-34,8,-30,7,-30,15,-35,12,-41,15,-37,15,-34,13,-39,13,-30,17,-32,16,-33,19,-33,22,-32,22,-32,19,-28,27,-29,28,-27,28,-22,0,0,0,0,0,0,0,0,0,0,0,0,0,0,0,0,0,0,0,0,0,0,-26,31,-34,27,-32,23,-38,29,-41,24,-44,22,-46,22,-49,23,-50,22,-50,19,-55,17,-57,18,-62,15,-60,19,-64,18,-62,14,-70,14,-61,14,-69,15,-66,11,-69,12,-71,9,-70,8,-73,11,-72,3,-72,6,-70,7,-74,3,-66,6,-71,6,-66,8,-67,5,-66,6,-67,10,-64,10,-62,11,-59,10,-58,16,-61,12,-59,14,-57,25,-56,25,-60,28,-56,28,-55,31,-51,36,-52,40,-52,38,-56,44,-55,43,-56,46,-63,51,-66,50,-58,50,-63,55,-65,54,-66,51,0,0]"
CSI_DATA,306,1a:00:00:00:00:00,-47,11,1,0,1,1,1,0,0,0,1,-96,0,11,2,4289746,0,44,0,384,0,"[0,0,0,0,0,0,0,0,0,0,0,0,-10,7,-10,7,-9,6,-9,5,-8,5,-8,5,-7,5,-7,5,-6,4,-5,4,-5,4,-5,4,-4,3,-3,3,-3,3,-3,3,-2,3,-2,3,-1,2,-1,2,0,2,0,1,1,2,1,1,1,1,2,1,0,0,3,1,3,0,3,0,4,1,4,0,4,0,5,0,5,0,5,1,5,1,6,1,6,0,6,1,6,0,6,1,6,2,6,1,6,2,6,2,6,2,6,2,6,3,6,3,5,3,5,4,4,4,0,0,0,0,0,0,0,0,0,0,0,0,0,0,-69,38,-71,39,-63,36,-62,34,-58,34,-55,28,-54,27,-52,21,-47,19,-41,23,-38,20,-39,20,-33,20,-34,21,-26,22,-22,19,-24,18,-17,18,-12,15,-13,20,-8,16,-8,14,-4,16,-5,14,-3,14,1,13,3,14,6,9,5,12,11,8,13,9,12,6,17,6,17,4,23,7,23,5,23,5,26,7,28,7,30,7,32,8,34,7,32,11,34,8,31,7,36,13,34,12,34,10,33,14,35,14,32,18,35,18,32,20,29,20,28,21,27,24,25,24,0,0,0,0,0,0,0,0,0,0,0,0,0,0,0,0,0,0,0,0,0,0,-25,-31,-21,-36,-17,-46,-20,-43,-13,-46,-14,-50,-10,-49,-12,-49,-11,-50,-10,-56,-8,-58,-4,-55,-7,-61,-4,-61,-4,-61,-3,-68,-2,-68,1,-71,-3,-65,4,-69,-1,-70,6,-74,6,-75,6,-74,5,-71,5,-70,5,-71,2,-67,7,-72,-1,-67,5,-68,4,-68,1,-69,0,-68,3,-63,-4,-61,-5,-61,-9,-59,-10,-60,-12,-60,-13,-57,-16,-59,-20,-57,-23,-63,-23,-55,-32,-55,-31,-55,-33,-54,-35,-59,-41,-62,-44,-58,-38,-55,-42,-63,-47,-65,-45,-66,-44,-61,-49,-75,0,0]"
CSI_DATA,307,1a:00:00:00:00:00,-48,11,1,0,1,1,1,0,0,0,1,-96,0,11,2,4319545,0,44,0,384,0,"[0,0,0,0,0,0,0,0,0,0,0,0,-3,-12,-2,-11,-3,-11,-3,-11,-3,-10,-2,-9,-2,-9,-2,-8,-2,-8,-2,-7,-2,-7,-2,-6,-2,-6,-3,-5,-2,-4,-3,-4,-3,-3,-3,-3,-3,-2,-3,-2,-3,-1,-3,-1,-3,-1,-3,0,-3,0,-3,0,0,0,-3,1,-3,2,-4,2,-3,2,-4,3,-4,3,-4,3,-4,3,-4,4,-4,4,-5,4,-5,4,-5,3,-5,4,-5,4,-5,4,-6,4,-6,4,-6,4,-6,4,-6,3,-7,3,-7,2,-7,2,-7,1,-7,1,0,0,0,0,0,0,0,0,0,0,0,0,0,0,-21,-76,-17,-73,-21,-74,-20,-67,-21,-62,-21,-61,-18,-57,-13,-58,-11,-48,-14,-52,-12,-44,-15,-40,-16,-37,-13,-34,-14,-30,-11,-27,-13,-26,-16,-23,-14,-22,-8,-17,-17,-12,-17,-10,-14,-12,-13,-7,-17,-5,-14,-1,-13,3,-10,5,-11,7,-13,8,-10,9,-12,15,-11,15,-11,15,-13,22,-10,25,-11,23,-13,27,-11,28,-13,25,-15,30,-15,29,-15,29,-15,34,-16,34,-15,30,-21,32,-19,31,-22,34,-21,31,-25,28,-27,32,-25,28,-25,27,-27,25,-27,26,-33,17,0,0,0,0,0,0,0,0,0,0,0,0,0,0,0,0,0,0,0,0,0,0,37,-10,43,-10,42,-8,50,-2,49,0,51,1,49,3,51,6,53,7,51,6,53,8,56,5,57,10,63,12,66,10,62,16,67,18,63,19,63,18,65,22,64,23,71,25,64,22,66,24,71,24,68,24,67,29,70,26,58,24,67,25,65,22,64,22,62,22,66,19,61,15,64,15,57,9,59,10,59,6,62,4,68,1,56,1,65,-7,62,-10,64,-10,57,-14,64,-13,60,-19,65,-19,65,-23,67,-24,68,-28,72,-29,67,-28,72,-29,80,-29,74,-29,0,0]"
CSI_DATA,308,1a:00:00:00:00:00,-47,11,1,0,1,1,1,0,0,0,1,-96,0,11,2,4329497,0,44,0,384,0,"[0,0,0,0,0,0,0,0,0,0,0,0,10,-8,9,-7,9,-7,9,-6,7,-6,7,-6,6,-6,6,-6,5,-5,5,-5,4,-5,4,-5,3,-4,2,-4,2,-4,2,-4,1,-4,1,-3,0,-3,0,-3,0,-3,-1,-3,-2,-3,-2,-2,-2,-2,-3,-2,0,0,-3,-2,-4,-1,-4,-1,-5,-2,-5,-1,-5,-2,-6,-1,-6,-1,-6,-2,-6,-2,-7,-2,-7,-2,-7,-2,-7,-2,-7,-2,-7,-3,-7,-3,-7,-3,-7,-3,-7,-4,-7,-4,-7,-4,-6,-4,-6,-5,-6,-5,-5,-6,0,0,0,0,0,0,0,0,0,0,0,0,0,0,65,-48,58,-43,62,-45,57,-44,56,-37,52,-36,44,-32,46,-33,44,-31,40,-31,35,-28,37,-24,30,-25,25,-23,24,-19,26,-23,21,-19,16,-22,19,-23,8,-17,7,-17,11,-15,3,-16,3,-16,-1,-14,-4,-12,-6,-12,-10,-13,-13,-11,-12,-9,-13,-11,-17,-5,-16,-6,-19,-8,-26,-7,-25,-7,-26,-4,-29,-5,-29,-7,-32,-4,-33,-5,-31,-7,-33,-3,-37,-13,-35,-7,-37,-5,-36,-15,-36,-10,-36,-15,-37,-13,-37,-12,-35,-18,-36,-18,-36,-21,-30,-23,-28,-25,-27,-28,0,0,0,0,0,0,0,0,0,0,0,0,0,0,0,0,0,0,0,0,0,0,30,23,29,30,27,35,28,42,25,43,21,43,27,43,25,43,25,46,21,49,17,53,19,51,21,56,12,59,17,57,17,62,17,64,14,64,17,62,11,65,11,68,12,69,9,72,5,73,6,73,9,67,7,69,8,69,11,68,10,77,7,66,10,66,12,67,12,64,14,64,13,63,14,59,20,61,20,58,25,52,25,59,28,55,30,57,35,52,32,51,39,59,41,52,42,48,48,52,49,53,48,54,52,51,51,58,55,56,54,60,59,64,57,59,0,0]"
CSI_DATA,309,1a:00:00:00:00:00,-47,11,1,0,1,1,1,0,0,0,1,-96,0,11,2,4359656,0,44,0,384,0,"[0,0,0,0,0,0,0,0,0,0,0,0,11,0,11,0,10,0,10,1,9,0,8,0,8,0,7,0,7,-1,6,-1,6,-1,5,-1,5,-1,4,-1,4,-1,3,-2,3,-2,2,-2,2,-2,2,-2,1,-2,1,-3,0,-3,0,-3,0,-3,-1,-3,0,0,-2,-3,-2,-3,-2,-3,-3,-4,-3,-4,-3,-4,-4,-4,-4,-4,-4,-5,-4,-5,-4,-5,-4,-5,-4,-5,-4,-5,-4,-5,-4,-6,-4,-6,-4,-6,-4,-6,-4,-7,-4,-7,-3,-7,-3,-6,-2,-7,-2,-7,-1,-7,0,0,0,0,0,0,0,0,0,0,0,0,0,0,73,14,75,14,76,16,66,14,61,16,63,16,58,17,54,16,50,13,49,17,48,10,44,12,43,7,36,7,35,6,32,0,30,-3,26,-1,23,-7,21,-4,19,-5,19,-9,12,-8,14,-7,11,-11,6,-11,8,-13,4,-15,3,-12,-3,-11,-3,-14,-6,-17,-4,-19,-13,-20,-10,-20,-13,-23,-14,-27,-13,-25,-15,-26,-14,-30,-15,-30,-12,-31,-14,-34,-16,-35,-17,-33,-18,-33,-16,-37,-13,-37,-12,-36,-10,-38,-9,-37,-6,-42,-7,-36,-2,-40,-2,-37,4,-38,7,-37,0,0,0,0,0,0,0,0,0,0,0,0,0,0,0,0,0,0,0,0,0,0,3,40,-2,44,-5,44,-12,50,-12,45,-16,51,-18,48,-19,44,-21,48,-26,50,-28,52,-30,50,-31,50,-31,54,-35,55,-32,53,-39,55,-37,55,-39,56,-45,54,-41,57,-48,54,-45,51,-50,55,-51,51,-48,53,-49,52,-46,54,-47,52,-48,55,-47,48,-47,52,-47,51,-42,49,-44,54,-37,49,-37,50,-31,53,-31,54,-28,54,-31,55,-23,53,-23,60,-24,58,-16,61,-17,71,-15,64,-11,67,-7,66,-12,69,-10,73,-9,76,-7,72,-7,76,-8,78,-12,84,-8,82,0,0]"
CSI_DATA,310,1a:00:00:00:00:00,-47,11,1,0,1,1,1,0,0,0,1,-96,0,11,2,4371378,0,44,0,384,0,"[0,0,0,0,0,0,0,0,0,0,0,0,7,9,6,8,7,8,6,7,5,7,5,6,5,6,4,5,4,5,4,5,4,4,4,3,4,3,3,2,3,2,3,1,3,1,2,1,2,0,2,0,2,-1,2,-1,1,-1,1,-2,1,-2,1,-3,0,0,0,-3,1,-4,0,-4,0,-5,0,-4,0,-5,0,-6,0,-5,0,-6,0,-7,0,-7,0,-7,0,-6,0,-6,0,-7,0,-7,1,-7,1,-7,1,-7,1,-7,2,-7,2,-7,2,-7,3,-7,3,-6,3,-6,0,0,0,0,0,0,0,0,0,0,0,0,0,0,55,57,50,53,48,54,48,50,41,54,42,50,37,45,40,45,35,39,35,34,32,31,27,30,28,31,23,26,25,24,26,20,23,17,19,13,22,14,18,10,17,7,20,2,14,1,13,-2,15,-4,14,-4,11,-4,9,-9,10,-14,4,-13,4,-15,6,-18,5,-16,0,-21,3,-25,-2,-23,1,-30,-1,-26,-1,-30,1,-29,-1,-31,0,-35,1,-36,3,-35,4,-37,4,-38,5,-41,8,-37,8,-39,9,-39,8,-37,10,-39,13,-36,14,-35,16,-38,21,-33,23,-30,0,0,0,0,0,0,0,0,0,0,0,0,0,0,0,0,0,0,0,0,0,0,-24,29,-30,32,-35,27,-37,27,-42,28,-44,22,-47,25,-44,27,-47,23,-48,23,-54,21,-53,22,-59,24,-60,19,-60,24,-61,15,-67,15,-64,18,-66,17,-66,16,-68,15,-72,17,-67,16,-75,11,-75,10,-72,13,-69,13,-72,11,-72,11,-71,11,-69,11,-69,16,-64,14,-63,16,-65,14,-64,18,-59,20,-59,24,-52,23,-56,31,-53,29,-53,31,-52,33,-50,37,-51,38,-55,45,-49,42,-51,49,-50,47,-52,52,-52,57,-52,58,-52,57,-56,53,-53,58,-59,61,-59,61,0,0]"
CSI_DATA,311,1a:00:00:00:00:00,-47,11,1,0,1,1,1,0,0,0,1,-96,0,11,2,4383801,0,44,0,384,0,"[0,0,0,0,0,0,0,0,0,0,0,0,4,-12,4,-11,4,-11,3,-10,3,-10,3,-9,3,-8,2,-8,2,-8,2,-7,1,-7,1,-6,0,-6,0,-5,0,-5,-1,-5,-1,-4,-1,-4,-2,-3,-2,-3,-2,-2,-2,-2,-2,-2,-3,-1,-3,-1,-3,-1,0,0,-3,0,-4,1,-4,1,-5,1,-5,1,-5,1,-5,1,-5,2,-5,2,-6,2,-6,2,-6,2,-7,2,-6,2,-7,1,-7,1,-7,2,-7,1,-7,1,-7,1,-7,0,-8,0,-8,0,-7,0,-7,-1,-7,-2,0,0,0,0,0,0,0,0,0,0,0,0,0,0,27,-73,29,-70,25,-63,24,-67,23,-61,24,-59,23,-50,23,-55,20,-48,20,-45,16,-44,15,-42,11,-42,11,-37,10,-35,8,-31,7,-29,3,-28,2,-26,-4,-24,-5,-19,-5,-19,-9,-15,-6,-15,-8,-14,-12,-11,-13,-8,-12,-5,-13,-5,-15,-3,-13,0,-21,-1,-21,6,-22,6,-22,3,-22,9,-23,10,-24,12,-29,8,-26,11,-25,11,-35,14,-31,10,-34,15,-33,10,-36,13,-33,11,-36,11,-35,7,-37,11,-38,8,-40,9,-38,4,-43,0,-37,-4,-39,-6,-34,-9,0,0,0,0,0,0,0,0,0,0,0,0,0,0,0,0,0,0,0,0,0,0,36,11,40,14,41,16,43,17,39,23,39,26,38,27,38,32,40,31,40,34,42,39,41,40,40,40,43,42,42,44,46,44,47,45,41,51,43,54,39,54,40,56,42,55,40,55,40,58,36,60,37,59,38,56,39,55,41,56,42,52,37,51,38,56,38,54,39,50,41,50,39,44,41,43,45,40,43,40,49,37,48,36,47,33,54,29,57,28,55,26,52,25,57,20,60,24,66,19,69,23,71,26,70,17,75,19,72,21,75,25,75,21,74,27,0,0]"
CSI_DATA,312,1a:00:00:00:00:00,-47,11,1,0,1,1,1,0,0,0,1,-96,0,11,2,4389496,0,44,0,384,0,"[0,0,0,0,0,0,0,0,0,0,0,0,-13,-1,-12,-1,-11,0,-12,-1,-10,-1,-10,0,-9,0,-8,0,-8,0,-8,0,-7,0,-6,1,-6,0,-5,1,-5,0,-4,1,-4,1,-3,1,-3,1,-3,1,-2,2,-2,2,-1,2,-1,2,0,2,0,2,0,0,1,2,1,2,2,3,2,3,2,3,3,3,3,3,3,3,4,4,3,4,4,4,3,5,3,5,4,4,4,5,4,5,4,5,3,6,3,6,3,6,3,6,2,6,2,6,1,6,1,6,0,7,0,0,0,0,0,0,0,0,0,0,0,0,0,0,-74,-14,-77,-18,-76,-11,-69,-11,-64,-13,-56,-11,-59,-11,-58,-14,-53,-13,-49,-9,-45,-9,-44,-7,-44,-7,-39,-4,-35,-3,-31,-1,-28,0,-25,3,-26,3,-20,5,-22,6,-16,4,-14,9,-16,7,-11,8,-9,12,-6,13,-4,11,0,13,0,11,4,15,2,18,7,16,8,19,15,20,11,21,13,21,13,25,17,25,22,25,15,24,18,26,15,28,17,33,19,31,19,34,17,33,16,35,12,38,14,37,11,37,12,36,11,39,4,39,1,39,2,42,-3,39,0,0,0,0,0,0,0,0,0,0,0,0,0,0,0,0,0,0,0,0,0,0,-4,-43,-1,-45,6,-43,10,-46,13,-47,13,-49,17,-50,23,-50,19,-49,22,-52,24,-52,25,-54,27,-57,31,-55,30,-57,31,-57,33,-58,37,-55,41,-58,44,-57,42,-57,46,-57,42,-55,43,-58,48,-56,47,-59,48,-59,46,-59,48,-53,47,-57,44,-54,44,-54,44,-54,40,-54,38,-52,35,-54,33,-49,29,-56,28,-56,26,-56,23,-60,20,-59,18,-61,19,-62,14,-60,9,-63,8,-65,9,-65,7,-68,6,-71,4,-72,4,-76,6,-76,0,-73,3,-80,6,-84,5,-80,0,0]"
CSI_DATA,313,1a:00:00:00:00:00,-47,11,1,0,1,1,1,0,0,0,1,-96,0,11,2,4399517,0,44,0,384,0,"[0,0,0,0,0,0,0,0,0,0,0,0,11,5,10,4,9,4,9,4,9,4,7,3,7,3,7,3,6,3,6,2,6,2,5,1,5,1,4,0,4,0,4,-1,3,-1,2,-1,3,-1,2,-2,2,-2,2,-2,1,-2,0,-3,0,-3,0,-3,0,0,-1,-4,-1,-4,-1,-4,-2,-4,-2,-4,-2,-5,-2,-5,-2,-5,-3,-6,-3,-6,-3,-6,-3,-6,-2,-7,-2,-7,-3,-7,-3,-7,-2,-7,-2,-7,-2,-7,-1,-7,-2,-8,-1,-7,0,-7,0,-7,0,-7,1,-7,0,0,0,0,0,0,0,0,0,0,0,0,0,0,61,40,64,36,61,41,55,42,61,39,50,36,51,33,49,30,43,31,43,29,42,24,40,21,34,22,33,13,29,15,29,7,26,12,24,11,23,5,23,3,19,5,19,0,15,-3,15,-4,11,-6,12,-7,13,-9,9,-13,4,-13,3,-16,1,-17,0,-17,-3,-24,-2,-19,-4,-21,-6,-25,-6,-28,-7,-29,-6,-30,-6,-30,-5,-32,-12,-32,-7,-35,-10,-37,-12,-42,-6,-36,-8,-38,-10,-39,-5,-39,-3,-42,-1,-41,-2,-40,2,-39,2,-39,7,-37,8,-37,10,-36,0,0,0,0,0,0,0,0,0,0,0,0,0,0,0,0,0,0,0,0,0,0,-22,35,-25,31,-32,34,-32,30,-35,36,-37,31,-42,29,-42,29,-44,32,-47,34,-46,33,-50,29,-51,30,-50,32,-56,32,-61,32,-57,29,-59,26,-64,33,-67,26,-65,22,-67,26,-67,27,-68,27,-69,25,-66,26,-68,26,-66,22,-67,25,-64,27,-67,22,-61,24,-63,27,-62,27,-59,28,-57,31,-54,28,-53,31,-52,34,-51,40,-47,36,-42,42,-43,43,-44,46,-39,46,-43,55,-39,53,-38,54,-36,58,-36,59,-35,66,-37,70,-36,63,-40,72,-37,70,-34,71,-39,72,0,0]"
CSI_DATA,314,1a:00:00:00:00:00,-47,11,1,0,1,1,1,0,0,0,1,-96,0,11,2,4409494,0,44,0,384,0,"[0,0,0,0,0,0,0,0,0,0,0,0,-11,7,-10,7,-9,6,-9,6,-8,5,-8,5,-8,5,-7,4,-7,4,-6,4,-5,5,-5,4,-4,3,-4,3,-3,3,-3,3,-2,3,-2,2,-1,2,-1,2,0,2,0,2,0,2,1,1,1,1,2,1,0,0,3,1,3,1,3,0,4,0,4,0,5,0,5,0,5,0,6,0,6,1,6,1,6,0,6,0,6,1,6,1,6,1,6,1,6,2,6,2,6,2,7,2,6,2,6,2,6,3,6,3,5,4,0,0,0,0,0,0,0,0,0,0,0,0,0,0,-74,28,-73,25,-65,30,-65,29,-60,25,-60,26,-61,23,-57,19,-52,22,-47,20,-43,17,-42,19,-37,16,-34,17,-30,19,-29,18,-28,18,-24,17,-18,15,-17,14,-13,15,-11,17,-7,16,-9,13,-2,13,0,8,0,12,4,12,6,13,7,14,12,9,12,10,16,11,20,13,21,9,19,9,25,8,25,8,25,9,29,11,30,8,28,11,33,15,33,14,30,16,33,15,38,15,32,15,33,17,31,17,32,21,32,17,32,27,29,25,26,25,22,29,23,32,0,0,0,0,0,0,0,0,0,0,0,0,0,0,0,0,0,0,0,0,0,0,-19,-32,-19,-40,-15,-40,-16,-47,-8,-47,-8,-48,-4,-49,-5,-52,-5,-59,-5,-54,-5,-54,-1,-59,-1,-62,2,-62,5,-66,4,-65,4,-67,8,-69,6,-71,10,-68,6,-69,13,-71,11,-68,12,-70,16,-71,16,-72,14,-70,15,-73,14,-66,18,-67,13,-64,8,-70,11,-65,14,-61,7,-65,7,-65,3,-62,-1,-62,-1,-61,-5,-62,-9,-63,-10,-54,-17,-60,-17,-60,-19,-59,-17,-56,-27,-63,-31,-63,-31,-63,-32,-60,-31,-64,-34,-64,-37,-74,-35,-64,-36,-73,-33,-73,-38,-73,0,0]"
CSI_DATA,315,1a:00:00:00:00:00,-47,11,1,0,1,1,1,0,0,0,1,-96,0,11,2,4439503,0,44,0,384,0,"[0,0,0,0,0,0,0,0,0,0,0,0,2,-13,2,-12,1,-11,1,-11,1,-10,1,-9,1,-9,1,-8,1,-8,0,-7,0,-7,0,-6,-1,-6,-1,-5,-1,-4,-1,-5,-1,-4,-2,-4,-2,-3,-2,-3,-2,-2,-3,-1,-2,-2,-3,-1,-3,-1,-3,-1,0,0,-3,0,-4,1,-4,1,-4,2,-4,2,-5,2,-5,2,-5,2,-5,2,-6,3,-5,3,-6,3,-6,3,-6,3,-6,3,-6,2,-7,3,-7,2,-7,2,-7,2,-7,2,-7,1,-8,1,-7,0,-7,0,-7,-1,0,0,0,0,0,0,0,0,0,0,0,0,0,0,-6,-78,-3,-79,-1,-75,1,-73,-2,-74,1,-63,2,-65,0,-54,1,-54,1,-51,-2,-45,-7,-43,-7,-40,-2,-36,-5,-40,-7,-32,-7,-30,-8,-24,-5,-24,-9,-22,-9,-16,-9,-14,-12,-11,-11,-12,-14,-4,-11,-4,-17,0,-15,2,-13,4,-13,5,-15,4,-15,9,-17,10,-18,15,-19,15,-18,19,-17,14,-21,20,-21,22,-23,24,-23,19,-24,23,-26,26,-26,22,-27,23,-25,25,-29,22,-32,23,-30,24,-32,24,-30,19,-31,24,-33,21,-34,20,-35,17,-36,11,-36,5,0,0,0,0,0,0,0,0,0,0,0,0,0,0,0,0,0,0,0,0,0,0,43,1,42,-2,46,2,48,8,49,12,47,13,50,14,47,13,49,17,50,19,53,22,53,23,54,23,55,28,55,30,54,30,60,34,58,33,58,34,61,37,63,38,60,37,63,39,59,42,57,48,62,43,54,41,58,38,56,41,58,38,55,40,54,37,58,37,55,30,60,29,53,30,57,25,53,26,53,25,56,22,58,19,59,16,59,14,62,9,59,7,65,5,67,4,68,-7,70,-7,72,-3,73,-6,73,-4,79,-5,82,-8,82,-4,75,-12,87,-8,0,0]"
CSI_DATA,316,1a:00:00:00:00:00,-47,11,1,0,1,1,1,0,0,0,1,-96,0,11,2,4450011,0,44,0,384,0,"[0,0,0,0,0,0,0,0,0,0,0,0,3,-12,3,-12,2,-11,2,-11,2,-10,2,-9,2,-9,2,-9,1,-8,1,-7,0,-7,0,-6,0,-6,-1,-5,-1,-5,-1,-5,-1,-4,-1,-4,-2,-3,-2,-3,-2,-2,-2,-2,-2,-2,-3,-1,-3,-1,-3,-1,0,0,-4,0,-4,1,-4,1,-4,1,-4,1,-5,1,-5,2,-6,2,-5,2,-6,2,-6,2,-6,2,-7,2,-7,2,-7,2,-7,2,-7,1,-7,1,-7,1,-7,1,-7,0,-7,0,-7,0,-7,-1,-7,-2,-7,-2,0,0,0,0,0,0,0,0,0,0,0,0,0,0,19,-72,22,-72,18,-68,16,-68,21,-63,20,-60,13,-59,19,-53,17,-57,16,-50,10,-43,14,-43,10,-35,9,-37,8,-35,4,-34,8,-29,0,-27,0,-23,-3,-20,-5,-21,-8,-19,-8,-12,-5,-11,-13,-14,-10,-12,-11,-8,-8,-7,-11,-4,-15,-1,-17,1,-16,3,-19,7,-20,4,-23,8,-27,9,-23,10,-26,12,-29,13,-28,10,-28,14,-32,14,-34,11,-32,13,-33,16,-35,9,-36,11,-39,10,-39,11,-40,9,-39,11,-39,3,-43,2,-39,-1,-42,1,-37,-5,-38,-10,0,0,0,0,0,0,0,0,0,0,0,0,0,0,0,0,0,0,0,0,0,0,41,2,39,3,46,6,44,13,47,14,46,19,48,19,47,20,48,20,46,28,49,30,52,33,49,33,52,36,52,36,52,37,55,39,58,42,52,41,51,48,57,47,52,45,53,50,52,49,48,51,49,53,47,51,48,50,51,51,48,48,48,52,46,47,49,48,48,43,50,43,48,40,49,34,52,38,48,33,49,31,52,28,58,24,54,21,59,20,56,23,58,15,64,15,64,15,67,12,74,13,70,13,75,11,78,13,77,11,80,12,77,15,81,11,0,0]"
CSI_DATA,317,1a:00:00:00:00:00,-47,11,1,0,1,1,1,0,0,0,1,-96,0,11,2,4459709,0,44,0,384,0,"[0,0,0,0,0,0,0,0,0,0,0,0,-3,-13,-3,-12,-3,-11,-3,-11,-3,-10,-3,-10,-3,-9,-3,-8,-3,-8,-3,-7,-2,-7,-3,-6,-3,-6,-3,-5,-3,-4,-3,-4,-3,-4,-2,-3,-3,-2,-3,-2,-3,-1,-3,-1,-3,-1,-3,0,-3,1,-3,1,0,0,-3,2,-3,2,-3,3,-3,3,-3,3,-4,4,-4,4,-4,4,-4,4,-4,4,-4,5,-4,5,-5,5,-4,5,-5,5,-5,5,-5,5,-5,5,-5,4,-6,4,-6,4,-6,4,-7,3,-7,3,-7,3,-7,2,0,0,0,0,0,0,0,0,0,0,0,0,0,0,-24,-76,-25,-73,-21,-71,-16,-67,-23,-69,-16,-62,-16,-58,-11,-60,-15,-52,-17,-48,-17,-48,-16,-46,-10,-43,-14,-35,-14,-32,-16,-29,-16,-27,-15,-20,-15,-20,-13,-17,-13,-16,-16,-12,-12,-10,-11,-4,-12,-4,-13,-4,-14,2,-11,4,-13,6,-10,8,-12,4,-13,12,-12,15,-14,21,-15,14,-10,22,-15,22,-15,25,-13,29,-16,26,-17,29,-18,29,-15,35,-16,29,-15,30,-19,32,-22,33,-23,29,-22,31,-21,29,-25,30,-27,31,-28,25,-27,29,-29,25,-32,22,-34,20,0,0,0,0,0,0,0,0,0,0,0,0,0,0,0,0,0,0,0,0,0,0,37,-18,40,-12,44,-13,46,-8,46,-6,47,-2,48,-2,54,0,54,2,55,0,58,-1,58,5,60,5,60,3,62,7,60,12,64,13,63,15,67,17,69,17,66,16,67,19,70,17,71,17,69,20,69,16,71,17,67,19,68,22,68,19,64,15,66,18,65,17,63,14,64,17,60,12,60,7,63,5,62,2,58,0,65,-3,61,-4,59,-12,64,-12,64,-11,58,-19,62,-15,68,-22,66,-25,62,-27,64,-30,71,-29,72,-29,71,-31,69,-33,77,-31,75,-28,0,0]"
CSI_DATA,318,1a:00:00:00:00:00,-47,11,1,0,1,1,1,0,0,0,1,-96,0,11,2,4469505,0,44,0,384,0,"[0,0,0,0,0,0,0,0,0,0,0,0,9,7,8,7,8,6,8,6,7,5,6,5,6,4,6,4,5,4,5,3,5,3,4,2,4,2,4,2,3,1,3,0,3,0,3,0,2,0,2,-1,2,-1,2,-2,1,-2,1,-2,1,-3,0,-3,0,0,0,-3,0,-4,0,-4,-1,-4,-1,-4,-1,-5,-1,-5,-1,-6,-1,-6,-2,-6,-1,-7,-1,-6,-1,-7,-1,-7,-1,-7,-1,-7,0,-7,-1,-7,0,-7,0,-7,0,-8,1,-7,1,-7,2,-7,2,-7,2,-6,0,0,0,0,0,0,0,0,0,0,0,0,0,0,47,65,40,58,47,64,40,57,39,56,38,55,35,49,35,48,33,42,27,41,29,38,26,37,25,33,24,30,22,23,21,23,20,23,24,16,17,15,18,10,17,10,17,9,12,2,13,1,14,-3,11,1,15,-6,14,-9,8,-7,7,-12,6,-16,6,-15,11,-17,3,-21,3,-23,6,-22,7,-29,2,-25,7,-27,6,-31,5,-31,8,-36,9,-37,9,-34,10,-36,7,-36,10,-40,11,-34,15,-40,15,-35,16,-35,16,-36,19,-33,21,-32,24,-31,26,-28,26,-29,0,0,0,0,0,0,0,0,0,0,0,0,0,0,0,0,0,0,0,0,0,0,-26,28,-31,29,-35,28,-41,25,-40,24,-42,25,-48,20,-47,20,-50,19,-48,20,-58,20,-57,17,-59,20,-58,17,-65,15,-62,13,-64,13,-64,16,-72,14,-70,10,-70,9,-72,7,-66,7,-75,6,-75,6,-77,6,-74,7,-73,3,-69,1,-70,3,-67,4,-70,8,-64,9,-64,10,-65,10,-60,9,-57,14,-61,16,-60,22,-58,21,-58,23,-57,27,-56,28,-53,29,-53,32,-55,37,-56,39,-49,43,-51,47,-52,46,-55,45,-55,52,-59,51,-56,51,-58,51,-62,53,-60,53,0,0]"
CSI_DATA,319,1a:00:00:00:00:00,-47,11,1,0,1,1,1,0,0,0,1,-96,0,11,2,4499535,0,44,0,384,0,"[0,0,0,0,0,0,0,0,0,0,0,0,-11,-5,-11,-5,-11,-5,-10,-5,-10,-4,-9,-4,-8,-4,-8,-3,-7,-3,-7,-3,-7,-2,-6,-2,-6,-2,-5,-1,-5,-1,-4,-1,-4,0,-4,0,-3,0,-3,1,-3,1,-2,1,-1,1,-2,2,-1,2,-1,2,0,0,0,3,0,3,0,3,1,3,0,3,1,4,1,4,1,4,2,5,2,5,2,5,1,5,1,5,1,6,1,6,1,6,1,6,1,6,1,7,0,6,0,6,0,7,0,6,-1,6,-2,6,-2,6,0,0,0,0,0,0,0,0,0,0,0,0,0,0,-70,-36,-70,-35,-66,-37,-66,-38,-60,-32,-52,-35,-52,-32,-53,-28,-49,-28,-45,-28,-40,-21,-41,-21,-38,-21,-33,-14,-35,-14,-30,-12,-29,-10,-28,-1,-26,-7,-22,-2,-19,-1,-18,1,-16,0,-12,6,-11,4,-11,8,-6,12,-7,12,-5,12,-2,12,-3,15,0,19,0,20,3,21,0,22,5,22,8,22,5,26,7,30,8,29,12,29,7,30,10,32,6,36,10,33,8,34,8,38,8,35,2,38,2,36,8,39,1,41,0,41,-2,38,-4,41,-7,39,-10,35,0,0,0,0,0,0,0,0,0,0,0,0,0,0,0,0,0,0,0,0,0,0,16,-40,21,-37,26,-37,25,-39,32,-39,31,-37,36,-36,36,-37,43,-36,40,-39,43,-34,45,-35,47,-33,51,-39,53,-38,52,-36,55,-39,55,-34,60,-34,62,-38,61,-37,65,-31,60,-35,62,-34,63,-31,64,-31,65,-36,63,-33,63,-30,63,-27,55,-27,61,-31,59,-33,57,-34,59,-32,55,-35,51,-37,48,-37,47,-41,44,-43,43,-47,38,-43,40,-50,38,-51,38,-50,27,-60,31,-60,31,-58,30,-65,32,-64,31,-66,30,-71,31,-73,31,-68,31,-70,31,-74,32,-73,0,0]"
CSI_DATA,320,1a:00:00:00:00:00,-47,11,1,0,1,1,1,0,0,0,1,-96,0,11,2,4512774,0,44,0,384,0,"[0,0,0,0,0,0,0,0,0,0,0,0,-8,9,-8,8,-7,8,-7,7,-7,7,-6,7,-6,6,-5,5,-5,5,-4,5,-4,5,-4,4,-3,4,-2,4,-2,3,-1,4,-1,3,-1,3,0,2,0,2,0,2,1,1,1,2,1,1,1,1,2,1,0,0,2,0,3,-1,3,-1,3,0,4,-1,4,-1,5,-1,5,-1,5,0,5,-1,6,-1,6,-1,6,-1,6,0,6,0,6,0,6,0,6,0,6,1,6,1,6,1,6,1,6,2,6,2,5,3,5,3,0,0,0,0,0,0,0,0,0,0,0,0,0,0,-52,53,-54,50,-55,53,-51,53,-46,52,-45,47,-43,40,-43,38,-37,34,-34,36,-30,35,-27,36,-29,35,-25,29,-21,26,-18,25,-17,23,-12,22,-6,23,-9,20,-6,19,-3,20,-1,15,-1,17,8,15,5,11,5,7,12,11,8,10,15,6,19,2,18,0,18,1,17,-1,20,-4,25,-1,29,-6,29,-4,26,-8,36,-8,30,-7,34,-2,36,-8,35,-1,37,-5,34,-4,34,-1,36,-3,39,2,38,1,37,1,38,5,43,3,39,6,36,8,36,15,33,17,0,0,0,0,0,0,0,0,0,0,0,0,0,0,0,0,0,0,0,0,0,0,-30,-28,-28,-32,-26,-35,-28,-40,-21,-46,-24,-45,-23,-45,-26,-44,-22,-55,-20,-47,-22,-52,-20,-59,-18,-55,-13,-58,-22,-61,-16,-63,-17,-63,-13,-65,-16,-65,-13,-67,-14,-63,-11,-76,-14,-71,-11,-70,-10,-71,-7,-72,-12,-76,-11,-73,-10,-68,-11,-70,-8,-67,-11,-65,-14,-63,-16,-64,-16,-62,-19,-61,-19,-58,-21,-59,-22,-52,-26,-59,-28,-53,-33,-48,-33,-49,-39,-51,-39,-47,-44,-44,-47,-43,-49,-43,-56,-46,-53,-45,-54,-49,-62,-47,-61,-52,-55,-48,-61,-52,-63,-53,-61,-52,0,0]"
CSI_DATA,321,1a:00:00:00:00:00,-47,11,1,0,1,1,1,0,0,0,1,-96,0,11,2,4539836,0,44,0,384,0,"[0,0,0,0,0,0,0,0,0,0,0,0,6,-11,6,-10,5,-9,5,-9,5,-8,5,-8,4,-8,4,-7,3,-7,3,-6,2,-6,2,-6,1,-5,1,-5,1,-4,0,-5,0,-4,0,-4,-1,-3,-1,-3,-1,-2,-2,-2,-2,-2,-2,-1,-3,-2,-3,-1,0,0,-4,-1,-4,0,-4,0,-4,0,-5,1,-5,1,-5,1,-6,1,-6,1,-6,1,-7,1,-6,1,-7,1,-7,1,-7,0,-7,0,-7,1,-7,0,-7,0,-7,0,-7,0,-7,-1,-7,-1,-7,-1,-7,-2,-7,-3,0,0,0,0,0,0,0,0,0,0,0,0,0,0,50,-60,47,-59,53,-58,50,-50,45,-52,39,-50,42,-48,40,-43,38,-40,31,-37,33,-34,30,-34,27,-33,23,-28,17,-29,15,-28,13,-26,13,-23,10,-24,5,-23,1,-21,2,-17,-3,-15,-3,-16,-5,-14,-4,-11,-7,-12,-12,-8,-11,-8,-14,-4,-13,-4,-17,-5,-21,-5,-24,-3,-26,5,-22,1,-25,1,-30,0,-28,1,-30,4,-35,1,-34,1,-36,1,-37,3,-37,1,-39,-1,-38,0,-38,-1,-37,-1,-38,-4,-38,-9,-38,-9,-42,-10,-42,-12,-38,-14,-35,-14,-33,-17,0,0,0,0,0,0,0,0,0,0,0,0,0,0,0,0,0,0,0,0,0,0,35,22,32,27,31,29,33,36,31,38,26,41,26,40,26,42,25,42,28,48,26,47,26,53,27,50,26,58,24,57,22,62,26,63,21,65,24,62,20,67,20,69,19,68,21,68,19,68,16,69,21,69,22,75,21,67,12,71,19,66,16,67,20,63,19,64,19,61,21,62,19,60,22,56,29,54,33,54,35,52,32,52,39,50,38,49,43,45,40,42,38,49,47,47,52,41,55,42,57,44,57,41,61,39,64,46,65,43,63,45,65,46,67,44,0,0]"
CSI_DATA,322,1a:00:00:00:00:00,-47,11,1,0,1,1,1,0,0,0,1,-96,0,11,2,4549521,0,44,0,384,0,"[0,0,0,0,0,0,0,0,0,0,0,0,-5,-12,-5,-11,-6,-10,-5,-10,-5,-9,-4,-9,-4,-8,-4,-7,-4,-7,-4,-6,-4,-6,-3,-5,-4,-5,-4,-4,-3,-4,-3,-4,-3,-2,-3,-2,-4,-2,-3,-1,-3,-1,-3,0,-3,0,-3,0,-3,1,-2,1,0,0,-2,2,-2,3,-2,3,-2,3,-2,4,-2,4,-2,4,-2,5,-2,5,-2,5,-3,5,-3,5,-3,6,-3,6,-3,6,-3,6,-4,5,-3,6,-4,6,-4,6,-4,5,-5,5,-5,5,-6,4,-5,4,-6,3,0,0,0,0,0,0,0,0,0,0,0,0,0,0,-38,-67,-36,-66,-30,-67,-32,-65,-25,-60,-27,-61,-28,-56,-26,-55,-20,-50,-22,-44,-20,-48,-24,-38,-19,-39,-18,-30,-17,-30,-19,-24,-16,-25,-16,-20,-13,-20,-16,-13,-19,-12,-12,-11,-14,-7,-16,-5,-13,-2,-13,-3,-14,5,-12,3,-9,3,-8,9,-11,11,-15,16,-11,14,-6,19,-9,23,-9,20,-9,22,-8,28,-10,27,-12,30,-10,31,-11,32,-14,30,-14,33,-15,32,-15,33,-17,36,-18,34,-19,33,-17,36,-22,35,-26,35,-23,28,-27,28,-28,27,-31,22,-32,22,0,0,0,0,0,0,0,0,0,0,0,0,0,0,0,0,0,0,0,0,0,0,35,-20,39,-22,38,-22,43,-20,43,-16,47,-16,46,-13,48,-10,53,-10,52,-12,55,-7,57,-6,58,-8,65,-4,63,-5,63,-4,67,2,63,-2,66,4,72,0,73,3,70,3,71,3,72,6,70,8,70,8,68,11,70,8,65,11,70,8,63,7,71,8,65,6,68,0,64,3,62,-1,64,-2,61,-4,65,-7,61,-13,57,-12,58,-15,60,-19,60,-19,56,-21,60,-23,59,-30,58,-34,66,-36,62,-38,60,-39,64,-42,67,-42,66,-38,65,-43,74,-44,68,-41,0,0]"
CSI_DATA,323,1a:00:00:00:00:00,-47,11,1,0,1,1,1,0,0,0,1,-96,0,11,2,4562659,0,44,0,384,0,"[0,0,0,0,0,0,0,0,0,0,0,0,11,-5,10,-5,10,-4,9,-4,9,-4,8,-4,7,-4,7,-4,6,-4,6,-3,5,-3,5,-4,4,-3,4,-3,3,-3,2,-3,2,-3,1,-4,1,-3,0,-3,0,-3,0,-2,-1,-3,-1,-2,-1,-2,-2,-2,0,0,-3,-2,-4,-2,-3,-2,-4,-2,-4,-2,-5,-2,-5,-2,-6,-2,-6,-3,-6,-3,-6,-3,-6,-3,-7,-3,-6,-3,-7,-3,-6,-3,-7,-4,-6,-4,-6,-4,-7,-5,-6,-5,-6,-5,-6,-5,-5,-5,-5,-6,-4,-6,0,0,0,0,0,0,0,0,0,0,0,0,0,0,76,-30,69,-30,70,-32,63,-27,61,-24,57,-27,56,-23,55,-28,49,-21,46,-19,40,-19,38,-23,36,-21,34,-14,30,-16,27,-16,25,-18,23,-15,20,-19,14,-15,15,-16,10,-14,9,-19,4,-17,2,-15,-2,-9,-1,-13,-6,-13,-5,-13,-10,-11,-12,-7,-14,-12,-18,-9,-20,-11,-23,-11,-24,-11,-25,-11,-25,-10,-29,-11,-29,-11,-33,-14,-30,-12,-33,-15,-33,-20,-35,-18,-33,-14,-36,-18,-35,-16,-34,-20,-33,-21,-33,-18,-31,-23,-31,-25,-27,-24,-28,-27,-25,-29,-22,-34,0,0,0,0,0,0,0,0,0,0,0,0,0,0,0,0,0,0,0,0,0,0,21,31,20,40,16,41,16,49,11,46,10,49,8,49,7,49,4,52,6,55,3,55,-1,58,3,59,-1,61,0,64,-5,62,-4,68,-6,68,-8,68,-10,65,-9,69,-10,72,-9,68,-13,68,-16,70,-15,69,-16,68,-13,72,-13,70,-14,68,-12,66,-11,70,-10,64,-8,65,-9,66,-4,63,-2,62,-1,58,2,58,4,60,6,63,14,57,13,59,15,57,21,62,26,53,28,56,26,61,33,60,29,61,33,64,42,67,37,69,37,63,34,72,36,74,36,71,0,0]"
CSI_DATA,324,1a:00:00:00:00:00,-47,11,1,0,1,1,1,0,0,0,1,-96,0,11,2,4572318,0,44,0,384,0,"[0,0,0,0,0,0,0,0,0,0,0,0,-8,-10,-8,-9,-8,-9,-7,-9,-7,-8,-6,-7,-6,-7,-6,-6,-6,-6,-5,-6,-5,-5,-4,-4,-5,-4,-4,-4,-4,-3,-4,-3,-4,-2,-3,-2,-3,-1,-3,0,-3,-1,-3,0,-3,0,-2,1,-2,1,-2,2,0,0,-1,2,-2,3,-2,3,-1,4,-1,4,-1,4,-1,5,-1,5,-1,5,-1,6,-1,6,-2,6,-2,6,-1,6,-2,6,-2,6,-2,6,-2,6,-2,6,-3,6,-3,6,-3,6,-4,6,-4,5,-5,5,-5,5,0,0,0,0,0,0,0,0,0,0,0,0,0,0,-49,-65,-44,-61,-45,-59,-41,-60,-40,-60,-38,-52,-38,-50,-32,-47,-31,-47,-34,-43,-27,-40,-26,-37,-27,-34,-24,-29,-25,-25,-27,-23,-21,-20,-21,-20,-21,-18,-19,-14,-16,-9,-22,-6,-13,-6,-16,-4,-13,-1,-11,4,-14,4,-10,9,-11,7,-11,9,-9,13,-5,16,-7,14,-2,25,-2,19,-7,26,-7,27,-7,27,-8,30,-7,32,-5,29,-6,32,-10,34,-6,35,-9,36,-9,38,-11,36,-12,39,-12,36,-13,37,-17,36,-19,36,-20,38,-20,31,-25,34,-26,28,-28,31,0,0,0,0,0,0,0,0,0,0,0,0,0,0,0,0,0,0,0,0,0,0,27,-29,31,-28,35,-29,41,-26,42,-23,44,-19,44,-18,51,-21,45,-16,52,-19,53,-17,54,-15,61,-17,61,-14,60,-13,65,-12,64,-12,64,-13,67,-8,69,-6,70,-8,69,-6,70,-4,69,-6,70,-3,73,-10,72,-4,70,-4,72,-4,70,-3,70,-7,69,-6,66,-3,66,-2,66,-9,60,-10,63,-12,60,-20,58,-18,59,-18,59,-21,58,-27,54,-29,54,-30,54,-30,51,-36,52,-40,54,-39,51,-46,55,-46,55,-48,57,-50,59,-54,54,-51,58,-53,59,-48,59,-54,0,0]"
CSI_DATA,325,1a:00:00:00:00:00,-47,11,1,0,1,1,1,0,0,0,1,-96,0,11,2,4580710,0,44,0,384,0,"[0,0,0,0,0,0,0,0,0,0,0,0,12,-2,11,-2,11,-2,10,-1,10,-2,8,-2,8,-2,8,-2,7,-2,6,-2,6,-2,5,-2,5,-2,4,-2,3,-2,3,-2,3,-3,2,-3,1,-2,1,-3,1,-2,0,-3,0,-3,-1,-2,-1,-2,-2,-3,0,0,-3,-3,-3,-3,-3,-3,-4,-3,-4,-3,-4,-3,-4,-3,-5,-3,-5,-4,-5,-4,-6,-4,-6,-4,-6,-4,-6,-4,-6,-5,-6,-5,-6,-5,-6,-5,-6,-6,-5,-6,-5,-6,-5,-6,-4,-6,-4,-6,-4,-6,-3,-7,0,0,0,0,0,0,0,0,0,0,0,0,0,0,77,-11,76,-7,72,-3,68,-7,65,-3,63,-2,58,-6,59,-3,55,-9,52,-6,43,-3,40,-5,39,-6,35,-7,33,-10,30,-9,26,-10,25,-11,22,-8,19,-11,15,-11,15,-13,11,-12,8,-14,8,-10,2,-11,2,-12,-1,-10,-4,-11,-5,-12,-11,-10,-11,-14,-15,-13,-16,-17,-15,-14,-21,-18,-23,-17,-22,-16,-24,-18,-27,-19,-30,-19,-28,-20,-24,-23,-28,-26,-28,-27,-30,-26,-29,-25,-28,-28,-30,-30,-27,-28,-29,-33,-26,-27,-24,-33,-20,-34,-22,-37,-18,-35,-13,-39,0,0,0,0,0,0,0,0,0,0,0,0,0,0,0,0,0,0,0,0,0,0,5,38,4,43,3,45,-5,46,-7,48,-7,50,-8,49,-10,52,-14,52,-13,52,-17,53,-20,51,-21,60,-22,57,-25,59,-26,59,-26,58,-31,57,-27,65,-34,60,-34,60,-36,64,-32,62,-36,67,-36,59,-37,64,-34,63,-36,62,-35,59,-34,62,-31,57,-35,60,-33,59,-33,58,-32,59,-26,58,-18,52,-16,59,-17,56,-14,56,-12,57,-9,60,-8,61,-1,62,-5,61,4,61,7,63,8,66,11,70,11,74,14,74,14,73,17,72,15,75,17,81,12,80,14,82,0,0]"
CSI_DATA,326,1a:00:00:00:00:00,-47,11,1,0,1,1,1,0,0,0,1,-96,0,11,2,4589513,0,44,0,384,0,"[0,0,0,0,0,0,0,0,0,0,0,0,-9,10,-8,9,-7,8,-7,8,-7,7,-6,7,-6,7,-6,6,-5,6,-5,5,-4,5,-4,5,-3,4,-2,4,-2,4,-2,4,-1,3,-1,3,-1,2,0,2,0,2,0,2,1,1,1,1,1,1,2,0,0,0,3,0,3,-1,3,-1,4,-1,4,-1,4,-1,5,-2,5,-1,5,-1,5,-1,6,-1,6,-1,6,-1,6,-1,6,-1,6,-1,6,-1,7,0,6,0,7,0,7,0,7,0,6,1,6,1,6,2,6,3,0,0,0,0,0,0,0,0,0,0,0,0,0,0,-51,59,-48,58,-47,57,-43,54,-44,50,-46,48,-40,45,-42,46,-34,41,-33,42,-32,36,-27,34,-28,30,-22,33,-18,29,-19,24,-17,25,-11,25,-9,22,-5,17,-3,20,-1,14,0,13,2,13,2,12,7,9,7,8,8,8,11,4,13,3,12,-2,20,3,16,-1,19,-4,21,-4,24,-7,26,-8,28,-6,31,-6,30,-9,34,-11,33,-5,34,-8,33,-8,37,-5,38,-9,40,-6,35,-9,41,-4,39,-5,40,-1,39,-1,38,3,39,3,36,4,41,4,34,15,0,0,0,0,0,0,0,0,0,0,0,0,0,0,0,0,0,0,0,0,0,0,-32,-31,-29,-35,-26,-36,-24,-44,-19,-40,-23,-43,-21,-45,-15,-48,-20,-53,-18,-52,-18,-54,-18,-59,-17,-56,-15,-64,-20,-63,-16,-58,-15,-65,-16,-63,-17,-69,-14,-65,-13,-70,-11,-74,-13,-70,-8,-72,-11,-72,-14,-71,-10,-69,-8,-71,-12,-69,-11,-69,-8,-64,-9,-70,-22,-66,-21,-65,-15,-65,-20,-61,-17,-60,-23,-59,-27,-54,-30,-54,-30,-56,-32,-52,-37,-51,-38,-48,-41,-46,-42,-45,-43,-44,-51,-40,-52,-42,-50,-50,-56,-45,-63,-45,-67,-46,-63,-47,-63,-46,-65,-50,-71,-47,0,0]"
CSI_DATA,327,1a:00:00:00:00:00,-47,11,1,0,1,1,1,0,0,0,1,-96,0,11,2,4601556,0,44,0,384,0,"[0,0,0,0,0,0,0,0,0,0,0,0,8,9,7,8,7,8,7,8,6,7,6,7,6,6,5,6,5,5,5,4,4,4,4,3,4,3,4,2,3,2,3,1,3,1,3,0,2,0,2,-1,2,-1,2,-1,1,-2,1,-2,1,-2,1,-3,0,0,0,-4,0,-4,0,-4,0,-5,0,-5,0,-5,0,-6,0,-6,-1,-6,-1,-6,0,-7,0,-7,0,-7,0,-7,0,-7,0,-8,0,-8,0,-8,1,-8,1,-7,2,-8,2,-8,2,-7,3,-7,3,-7,3,-7,0,0,0,0,0,0,0,0,0,0,0,0,0,0,53,59,48,58,44,56,45,58,44,50,37,49,36,49,39,47,33,43,31,40,32,36,32,36,24,26,26,32,25,24,25,23,23,18,18,12,20,9,17,10,19,7,18,2,12,2,13,1,11,-5,14,-6,12,-5,9,-4,3,-11,7,-12,6,-12,2,-13,3,-18,2,-22,-1,-25,2,-28,0,-25,2,-24,-1,-33,-3,-31,2,-33,-2,-33,1,-33,0,-38,0,-39,3,-36,5,-40,3,-40,5,-37,10,-39,9,-35,10,-41,10,-41,14,-36,17,-38,15,-34,18,-31,0,0,0,0,0,0,0,0,0,0,0,0,0,0,0,0,0,0,0,0,0,0,-31,20,-35,21,-39,19,-43,20,-46,17,-49,14,-49,13,-52,14,-53,11,-54,8,-55,10,-57,7,-60,8,-61,5,-65,8,-63,6,-69,8,-66,5,-73,4,-69,0,-71,0,-72,2,-72,-1,-74,-2,-68,-3,-72,-1,-71,-3,-74,-2,-69,4,-73,3,-65,0,-69,3,-71,2,-66,6,-68,5,-65,6,-63,8,-62,14,-59,14,-59,15,-57,17,-57,24,-55,30,-55,29,-53,32,-53,40,-51,36,-52,41,-53,43,-53,47,-54,48,-56,52,-53,53,-51,57,-61,54,-60,55,-56,56,0,0]"
CSI_DATA,328,1a:00:00:00:00:00,-47,11,1,0,1,1,1,0,0,0,1,-96,0,11,2,4609521,0,44,0,384,0,"[0,0,0,0,0,0,0,0,0,0,0,0,-3,12,-3,11,-3,10,-3,10,-3,9,-2,8,-2,8,-2,7,-2,7,-1,6,-1,6,-1,5,0,5,0,4,0,3,0,4,0,3,1,3,1,2,1,2,1,1,2,1,1,1,1,0,2,0,2,0,0,0,2,-1,3,-2,3,-2,3,-2,3,-3,4,-3,4,-3,4,-3,4,-3,4,-3,5,-3,5,-4,5,-4,6,-4,6,-3,5,-3,6,-4,6,-3,6,-3,6,-2,6,-3,6,-2,6,-2,6,-1,6,-1,6,0,0,0,0,0,0,0,0,0,0,0,0,0,0,0,-31,74,-27,66,-29,69,-26,64,-23,67,-23,57,-19,55,-24,52,-22,46,-15,49,-20,42,-15,40,-11,38,-10,38,-8,34,-7,34,-5,27,-1,28,0,23,1,22,3,22,1,16,4,17,6,9,9,9,10,8,14,8,9,7,11,1,11,-1,17,-2,17,-7,18,-6,19,-6,16,-13,24,-10,24,-15,22,-15,27,-16,29,-12,30,-17,31,-17,31,-16,32,-16,32,-16,34,-14,36,-13,37,-14,36,-14,34,-13,38,-10,40,-8,35,-6,38,-4,39,-4,39,0,40,1,0,0,0,0,0,0,0,0,0,0,0,0,0,0,0,0,0,0,0,0,0,0,-37,-11,-41,-15,-41,-20,-43,-22,-41,-24,-43,-27,-39,-32,-41,-32,-40,-38,-39,-39,-41,-40,-38,-41,-43,-43,-46,-45,-45,-48,-42,-51,-44,-51,-41,-53,-43,-55,-42,-54,-44,-56,-44,-61,-40,-57,-44,-59,-39,-61,-43,-61,-37,-59,-40,-59,-37,-56,-42,-59,-38,-58,-42,-55,-40,-57,-42,-54,-40,-52,-44,-47,-43,-45,-45,-43,-46,-41,-48,-40,-53,-36,-53,-34,-53,-33,-53,-31,-59,-27,-65,-25,-57,-27,-64,-26,-66,-18,-69,-23,-67,-17,-72,-19,-76,-19,-74,-19,-76,-19,-78,-20,-79,-22,0,0]"
CSI_DATA,329,1a:00:00:00:00:00,-47,11,1,0,1,1,1,0,0,0,1,-96,0,11,2,4641575,0,44,0,384,0,"[0,0,0,0,0,0,0,0,0,0,0,0,11,-4,11,-3,10,-3,10,-3,9,-3,8,-3,7,-3,7,-3,7,-3,6,-3,5,-3,5,-3,4,-3,4,-2,3,-3,3,-3,2,-3,2,-3,1,-3,1,-3,0,-2,0,-3,-1,-3,-1,-3,-1,-2,-2,-3,0,0,-3,-2,-3,-3,-3,-3,-4,-3,-4,-3,-4,-3,-5,-3,-5,-3,-5,-3,-5,-4,-6,-4,-6,-4,-6,-4,-6,-4,-6,-5,-6,-5,-6,-5,-6,-5,-5,-5,-5,-5,-5,-6,-5,-6,-4,-6,-4,-6,-4,-7,-3,-7,0,0,0,0,0,0,0,0,0,0,0,0,0,0,77,-19,71,-17,70,-16,66,-13,64,-8,62,-12,60,-13,56,-10,51,-10,47,-6,45,-9,43,-11,39,-11,37,-9,34,-9,29,-10,28,-13,27,-10,26,-14,18,-11,15,-10,14,-16,10,-11,7,-12,3,-14,4,-15,-1,-13,0,-13,-2,-13,-7,-11,-7,-13,-9,-12,-11,-15,-15,-14,-16,-14,-19,-16,-21,-15,-24,-16,-30,-22,-24,-18,-26,-18,-25,-23,-24,-26,-27,-23,-31,-27,-31,-28,-26,-26,-26,-26,-23,-29,-27,-29,-27,-34,-23,-31,-22,-33,-21,-37,-17,-37,-15,-37,-11,-37,0,0,0,0,0,0,0,0,0,0,0,0,0,0,0,0,0,0,0,0,0,0,18,35,16,39,14,42,12,44,8,47,7,49,5,49,1,53,-1,54,-2,51,-4,54,-4,58,-10,58,-6,63,-5,64,-11,60,-12,66,-8,67,-13,64,-15,67,-21,68,-20,69,-17,70,-24,67,-22,69,-23,68,-24,66,-21,66,-21,64,-17,66,-20,66,-23,66,-20,63,-19,64,-15,62,-13,61,-10,63,-12,60,-7,61,-2,57,-1,59,3,58,3,60,11,59,5,59,19,63,15,60,18,67,19,70,22,65,20,66,24,69,25,73,27,71,24,75,24,81,30,78,0,0]"
CSI_DATA,330,1a:00:00:00:00:00,-47,11,1,0,1,1,1,0,0,0,1,-96,0,11,2,4649560,0,44,0,384,0,"[0,0,0,0,0,0,0,0,0,0,0,0,0,12,0,11,1,11,1,10,0,10,0,9,0,8,0,8,0,7,0,7,0,6,1,5,1,5,1,4,1,4,1,3,1,3,1,2,2,1,2,1,2,1,2,0,2,0,2,-1,2,-1,2,-1,0,0,2,-2,3,-3,2,-3,2,-3,3,-3,3,-4,3,-4,3,-4,3,-5,4,-5,4,-5,4,-5,5,-5,5,-5,5,-5,5,-5,5,-5,5,-5,5,-4,6,-4,6,-4,6,-4,6,-3,6,-3,7,-2,6,-1,0,0,0,0,0,0,0,0,0,0,0,0,0,0,-6,78,-8,77,-2,74,-1,68,1,72,-4,66,-9,57,-4,57,-4,53,0,51,-4,48,1,41,2,41,2,39,2,30,7,33,5,28,3,30,6,25,7,20,8,18,9,16,11,11,10,10,9,8,15,5,15,3,12,-3,11,0,12,-9,17,-6,16,-10,13,-14,14,-20,18,-17,15,-20,16,-20,20,-22,20,-26,20,-24,19,-24,24,-27,21,-27,23,-29,28,-24,27,-24,30,-26,29,-25,30,-24,29,-24,35,-22,35,-23,33,-22,35,-15,35,-16,36,-14,38,-12,0,0,0,0,0,0,0,0,0,0,0,0,0,0,0,0,0,0,0,0,0,0,-40,-2,-44,-5,-45,-10,-47,-14,-47,-17,-45,-17,-45,-21,-49,-23,-47,-28,-48,-20,-48,-28,-52,-28,-54,-29,-54,-35,-56,-34,-50,-39,-54,-45,-54,-41,-56,-40,-52,-47,-53,-45,-58,-46,-58,-43,-55,-46,-50,-46,-52,-46,-58,-46,-53,-46,-51,-41,-55,-47,-51,-42,-54,-44,-51,-37,-50,-38,-51,-39,-52,-38,-55,-30,-54,-28,-59,-27,-58,-23,-60,-22,-56,-20,-61,-20,-63,-12,-62,-16,-66,-8,-68,-5,-66,-3,-71,-2,-73,-2,-72,1,-78,7,-77,0,-80,4,-82,4,-80,1,-82,0,0,0]"
CSI_DATA,331,1a:00:00:00:00:00,-47,11,1,0,1,1,1,0,0,0,1,-96,0,11,2,4659624,0,44,0,384,0,"[0,0,0,0,0,0,0,0,0,0,0,0,12,-2,11,-2,11,-2,10,-1,10,-1,9,-2,8,-2,7,-2,7,-2,7,-2,6,-2,5,-2,5,-2,4,-2,4,-2,3,-2,2,-2,2,-3,2,-2,1,-3,1,-3,0,-3,-1,-3,-1,-3,-1,-3,-2,-3,0,0,-3,-3,-3,-3,-3,-3,-4,-3,-3,-3,-4,-3,-5,-4,-5,-3,-5,-5,-5,-4,-6,-5,-5,-4,-6,-5,-5,-5,-6,-6,-6,-6,-5,-5,-5,-6,-5,-6,-5,-6,-5,-7,-4,-7,-4,-7,-3,-7,-3,-7,-2,-7,0,0,0,0,0,0,0,0,0,0,0,0,0,0,82,10,73,10,74,6,69,11,63,13,66,10,62,8,58,10,53,10,45,9,48,8,43,7,40,10,38,-1,33,6,31,-2,27,1,29,-4,25,-3,19,-8,16,-5,14,-6,13,-10,12,-10,12,-10,9,-13,4,-13,4,-14,-1,-16,-5,-14,-4,-16,-9,-17,-10,-17,-11,-19,-11,-18,-15,-22,-13,-24,-16,-23,-17,-27,-18,-27,-19,-25,-18,-31,-15,-29,-20,-36,-18,-33,-16,-35,-13,-38,-16,-34,-15,-38,-14,-39,-12,-42,-11,-39,-9,-38,-6,-36,-5,-41,-4,-38,2,-38,0,0,0,0,0,0,0,0,0,0,0,0,0,0,0,0,0,0,0,0,0,0,3,39,-2,41,0,46,-12,47,-9,46,-14,46,-15,47,-16,46,-21,50,-20,49,-23,51,-20,48,-26,55,-30,57,-30,56,-35,54,-38,57,-31,51,-36,56,-42,56,-42,53,-43,57,-40,53,-41,55,-48,54,-41,55,-45,56,-48,58,-46,54,-46,53,-42,52,-42,59,-40,55,-40,53,-38,52,-33,53,-30,50,-30,54,-27,51,-25,55,-21,58,-18,54,-18,61,-17,59,-17,58,-7,64,-6,64,-6,65,-5,69,-4,69,-8,71,-1,70,0,80,-3,69,-4,77,-2,83,-3,82,0,0]"
CSI_DATA,332,1a:00:00:00:00:00,-47,11,1,0,1,1,1,0,0,0,1,-96,0,11,2,4669517,0,44,0,384,0,"[0,0,0,0,0,0,0,0,0,0,0,0,10,-8,9,-8,9,-7,9,-6,8,-6,7,-6,6,-6,6,-5,5,-5,5,-5,5,-5,4,-5,3,-4,3,-4,2,-4,2,-4,2,-4,1,-4,0,-3,0,-3,0,-3,-1,-3,-1,-3,-2,-2,-2,-2,-3,-2,0,0,-3,-2,-4,-2,-4,-1,-5,-2,-5,-1,-5,-1,-6,-1,-6,-1,-6,-2,-7,-1,-7,-2,-7,-2,-7,-2,-7,-2,-7,-2,-7,-3,-7,-3,-7,-3,-7,-3,-7,-4,-7,-4,-7,-4,-7,-4,-6,-5,-6,-6,-5,-5,0,0,0,0,0,0,0,0,0,0,0,0,0,0,63,-50,62,-43,60,-41,59,-44,55,-37,50,-38,50,-35,50,-33,45,-33,37,-30,35,-28,35,-27,32,-21,27,-25,23,-20,23,-26,24,-19,15,-24,14,-23,10,-21,10,-18,6,-21,5,-17,1,-12,1,-18,1,-12,-3,-11,-10,-10,-11,-11,-12,-13,-13,-5,-20,-9,-17,-5,-23,-5,-27,-9,-26,-4,-28,-5,-29,-5,-31,-4,-33,-5,-31,-8,-32,-10,-35,-8,-33,-8,-36,-10,-37,-7,-37,-9,-41,-11,-37,-13,-38,-16,-34,-16,-39,-16,-36,-16,-35,-22,-32,-22,-32,-25,-29,-28,0,0,0,0,0,0,0,0,0,0,0,0,0,0,0,0,0,0,0,0,0,0,29,31,28,33,25,36,24,41,22,42,19,44,18,49,20,49,19,52,14,54,17,55,15,53,17,54,12,62,12,59,8,63,12,65,10,65,9,66,5,67,5,67,6,70,5,70,0,67,-1,71,1,68,4,70,5,72,2,72,4,67,7,66,8,66,2,59,6,66,7,67,10,64,13,62,13,55,17,59,20,56,18,55,27,54,31,54,27,55,31,50,33,50,38,49,41,54,46,53,45,53,52,51,53,57,48,57,49,52,58,55,52,60,52,61,0,0]"
CSI_DATA,333,1a:00:00:00:00:00,-47,11,1,0,1,1,1,0,0,0,1,-96,0,11,2,4679499,0,44,0,384,0,"[0,0,0,0,0,0,0,0,0,0,0,0,1,12,1,11,1,11,1,10,1,10,0,9,1,8,1,7,1,7,1,6,1,6,1,5,1,4,1,4,2,3,1,3,1,3,1,2,2,1,2,1,2,1,2,0,1,0,2,-1,2,-1,2,-2,0,0,2,-2,2,-3,2,-3,2,-3,2,-4,2,-4,3,-5,3,-5,3,-5,3,-5,3,-5,4,-5,4,-5,4,-5,4,-5,4,-5,5,-6,4,-5,5,-5,5,-5,5,-5,5,-4,6,-4,6,-3,6,-3,6,-3,0,0,0,0,0,0,0,0,0,0,0,0,0,0,3,83,2,74,3,67,1,65,1,67,1,63,-3,63,1,57,2,51,1,47,2,47,5,44,4,39,3,39,4,34,4,31,7,25,3,26,5,24,9,21,11,17,10,17,8,12,11,10,6,5,10,8,11,5,11,2,13,-3,15,-9,15,-8,14,-12,16,-13,13,-15,16,-17,15,-19,12,-15,16,-20,20,-20,22,-25,25,-23,24,-20,29,-27,28,-24,29,-25,25,-24,30,-23,31,-24,32,-23,30,-23,33,-22,34,-18,38,-19,38,-13,37,-15,37,-9,36,-9,0,0,0,0,0,0,0,0,0,0,0,0,0,0,0,0,0,0,0,0,0,0,-43,10,-44,5,-44,-2,-48,-1,-47,-4,-49,-9,-49,-10,-52,-11,-49,-12,-52,-16,-55,-17,-55,-19,-58,-19,-60,-22,-59,-18,-61,-24,-62,-22,-60,-24,-61,-30,-60,-31,-62,-33,-64,-34,-60,-34,-62,-35,-60,-36,-65,-37,-64,-38,-63,-37,-61,-40,-60,-37,-60,-32,-58,-34,-55,-34,-59,-29,-58,-32,-56,-25,-57,-21,-56,-23,-56,-22,-61,-17,-62,-10,-58,-8,-59,-9,-63,-2,-63,-4,-67,-3,-67,0,-68,0,-69,7,-73,7,-70,8,-78,13,-80,9,-75,12,-79,9,-83,11,-83,11,0,0]"
CSI_DATA,334,1a:00:00:00:00:00,-47,11,1,0,1,1,1,0,0,0,1,-96,0,11,2,4690764,0,44,0,384,0,"[0,0,0,0,0,0,0,0,0,0,0,0,10,4,10,4,10,4,9,4,8,3,8,3,7,3,6,2,6,2,6,2,5,1,5,1,5,1,4,1,4,0,3,-1,3,-1,3,-1,3,-1,2,-1,2,-1,1,-2,1,-2,1,-3,0,-3,0,-3,0,0,-1,-4,-1,-4,-1,-4,-2,-5,-2,-4,-2,-5,-2,-5,-2,-5,-3,-6,-3,-6,-3,-6,-2,-6,-3,-6,-2,-7,-3,-7,-2,-7,-2,-7,-2,-7,-2,-7,-1,-7,-1,-7,-1,-7,-1,-7,0,-7,1,-7,1,-7,0,0,0,0,0,0,0,0,0,0,0,0,0,0,73,23,68,27,67,25,64,20,65,22,57,24,54,21,50,19,51,19,43,12,40,13,42,13,38,9,37,9,34,8,28,3,27,5,26,2,26,0,23,0,18,-5,20,-4,13,-10,12,-9,9,-11,9,-10,9,-12,7,-9,-1,-16,-1,-13,-5,-13,-6,-16,-4,-18,-10,-20,-13,-17,-13,-22,-14,-25,-13,-25,-18,-25,-17,-26,-18,-30,-17,-30,-16,-33,-14,-31,-18,-34,-16,-36,-15,-35,-15,-36,-13,-41,-16,-37,-14,-36,-12,-38,-9,-40,-7,-37,-2,-42,-2,-36,2,-38,0,0,0,0,0,0,0,0,0,0,0,0,0,0,0,0,0,0,0,0,0,0,-12,39,-17,39,-17,41,-23,39,-28,39,-27,38,-30,41,-34,40,-31,40,-35,41,-39,40,-42,37,-45,43,-49,46,-45,44,-52,44,-46,45,-53,41,-54,39,-55,41,-55,38,-57,44,-64,37,-61,36,-60,38,-63,40,-60,39,-56,38,-56,44,-55,40,-55,38,-51,39,-55,39,-50,40,-50,38,-47,43,-49,45,-42,41,-42,40,-38,43,-33,48,-35,55,-29,48,-31,53,-25,56,-26,55,-21,57,-23,65,-19,63,-19,67,-19,71,-17,73,-19,74,-19,81,-18,75,-19,75,-19,81,0,0]"
CSI_DATA,335,1a:00:00:00:00:00,-47,11,1,0,1,1,1,0,0,0,1,-96,0,11,2,4699492,0,44,0,384,0,"[0,0,0,0,0,0,0,0,0,0,0,0,9,6,9,6,9,6,8,6,8,5,7,5,7,4,6,4,5,4,5,3,5,3,4,2,5,2,4,2,4,1,3,0,3,0,2,0,2,-1,2,-1,2,-1,1,-2,1,-2,1,-2,1,-2,0,-3,0,0,0,-3,0,-4,0,-4,-1,-5,0,-5,-1,-5,-1,-5,-1,-6,-1,-6,-1,-6,-1,-7,-1,-7,0,-7,-1,-7,-1,-7,-1,-7,0,-7,0,-8,0,-8,0,-7,1,-8,1,-7,2,-7,2,-7,3,-7,3,-7,0,0,0,0,0,0,0,0,0,0,0,0,0,0,72,26,68,28,70,27,64,28,61,28,57,26,50,25,54,23,48,19,50,22,45,16,42,18,35,13,33,14,32,10,29,3,29,4,25,-1,24,4,20,2,21,-2,17,-1,17,-2,15,-4,11,-9,9,-4,7,-13,7,-13,0,-13,-1,-15,1,-15,-1,-16,-2,-18,-8,-21,-7,-21,-10,-24,-10,-28,-10,-28,-13,-29,-11,-29,-9,-32,-11,-34,-12,-34,-11,-38,-10,-38,-9,-38,-9,-39,-7,-38,-7,-37,-7,-42,-3,-39,-3,-35,-1,-40,1,-39,4,-43,6,-40,9,-35,0,0,0,0,0,0,0,0,0,0,0,0,0,0,0,0,0,0,0,0,0,0,-4,39,-11,38,-18,39,-22,44,-20,42,-23,42,-27,45,-32,43,-29,41,-35,43,-38,45,-39,44,-41,43,-45,43,-43,43,-46,48,-52,49,-51,41,-53,48,-50,49,-53,46,-55,45,-58,44,-59,42,-58,40,-57,39,-56,43,-57,43,-56,41,-57,44,-53,38,-55,43,-51,44,-48,40,-51,39,-45,41,-43,43,-45,43,-36,45,-35,49,-34,46,-34,48,-30,52,-30,54,-27,52,-21,61,-22,57,-25,66,-21,66,-22,62,-23,72,-18,69,-24,69,-21,77,-23,81,-23,79,-22,84,0,0]"
CSI_DATA,336,1a:00:00:00:00:00,-47,11,1,0,1,1,1,0,0,0,1,-96,0,11,2,4709520,0,44,0,384,0,"[0,0,0,0,0,0,0,0,0,0,0,0,-7,-11,-7,-11,-7,-10,-6,-10,-6,-9,-5,-9,-5,-8,-5,-7,-5,-7,-5,-6,-5,-6,-5,-5,-5,-5,-5,-4,-4,-3,-4,-3,-4,-2,-3,-2,-3,-1,-3,-1,-3,0,-3,0,-2,0,-2,1,-2,1,-2,1,0,0,-1,2,-2,3,-2,3,-1,4,-2,4,-2,4,-2,5,-2,5,-2,5,-1,6,-1,6,-2,6,-2,6,-2,6,-2,6,-2,6,-3,6,-3,6,-3,6,-3,6,-4,6,-4,6,-5,6,-5,5,-5,5,-6,4,0,0,0,0,0,0,0,0,0,0,0,0,0,0,-38,-68,-34,-72,-35,-67,-32,-63,-30,-63,-28,-62,-25,-58,-27,-59,-26,-51,-24,-45,-21,-39,-20,-42,-23,-34,-19,-35,-18,-28,-21,-24,-22,-25,-18,-19,-17,-19,-17,-16,-18,-11,-15,-11,-16,-7,-11,-6,-13,-3,-13,-1,-13,3,-13,4,-9,7,-9,8,-9,12,-9,11,-11,19,-7,17,-8,23,-10,24,-10,27,-6,28,-11,30,-11,32,-11,30,-12,31,-13,37,-11,33,-11,34,-15,39,-14,33,-17,38,-18,31,-20,34,-21,36,-21,35,-24,33,-28,32,-26,30,-29,26,-30,22,0,0,0,0,0,0,0,0,0,0,0,0,0,0,0,0,0,0,0,0,0,0,37,-23,38,-17,43,-15,42,-15,47,-13,46,-10,49,-6,50,-8,48,-6,54,-5,56,-3,60,-3,62,-6,63,-1,58,-1,68,2,69,1,68,4,65,3,70,11,68,10,70,10,73,12,69,11,67,12,73,9,69,13,74,12,69,9,67,14,69,11,64,6,66,6,61,7,66,6,64,2,62,-2,62,-3,58,-8,58,-7,58,-8,61,-15,57,-17,60,-16,58,-20,52,-33,61,-31,60,-29,61,-36,63,-37,61,-40,61,-42,63,-37,66,-42,70,-41,68,-40,73,-40,0,0]"
CSI_DATA,337,1a:00:00:00:00:00,-47,11,1,0,1,1,1,0,0,0,1,-96,0,11,2,4749650,0,44,0,384,0,"[0,0,0,0,0,0,0,0,0,0,0,0,9,6,9,6,9,6,8,6,7,5,7,5,6,4,6,4,6,3,5,3,5,3,5,2,4,2,4,1,4,1,3,0,3,0,2,-1,3,-1,2,-1,2,-1,2,-1,1,-2,1,-3,1,-2,0,-3,0,0,0,-3,0,-4,0,-4,-1,-4,-1,-5,-1,-5,-1,-5,-1,-5,-1,-6,-1,-6,-1,-6,-1,-6,-1,-7,-1,-7,-1,-7,-1,-7,0,-7,0,-7,0,-7,0,-7,1,-8,1,-7,2,-7,2,-7,3,-7,3,-6,0,0,0,0,0,0,0,0,0,0,0,0,0,0,55,47,56,50,56,47,51,48,51,44,45,48,43,41,45,40,38,35,39,34,34,34,33,27,30,25,33,21,29,25,30,16,25,12,27,12,22,12,17,7,20,4,20,3,17,-2,12,-1,12,-4,9,-2,8,-8,10,-12,6,-12,7,-14,1,-15,2,-16,-2,-18,-1,-23,-3,-23,-3,-23,-4,-26,-4,-31,-6,-32,-2,-34,-3,-34,-7,-33,-6,-37,-4,-36,-3,-37,-5,-38,-2,-38,-1,-40,1,-40,-1,-39,1,-42,4,-39,9,-40,7,-39,8,-39,10,-37,19,-35,0,0,0,0,0,0,0,0,0,0,0,0,0,0,0,0,0,0,0,0,0,0,-29,33,-32,27,-35,25,-44,27,-41,24,-45,22,-42,19,-47,17,-51,17,-52,16,-54,19,-59,16,-58,18,-63,20,-63,16,-61,10,-67,18,-64,13,-66,13,-69,7,-71,5,-74,8,-69,9,-72,11,-73,9,-73,9,-72,8,-70,9,-70,9,-73,12,-66,10,-67,11,-66,14,-62,11,-65,14,-62,14,-61,15,-58,24,-54,25,-52,29,-53,27,-53,30,-54,40,-50,38,-51,40,-54,37,-50,42,-45,46,-48,51,-47,49,-43,56,-48,58,-52,56,-53,58,-56,67,-51,67,-56,64,0,0]"
CSI_DATA,338,1a:00:00:00:00:00,-47,11,1,0,1,1,1,0,0,0,1,-96,0,11,2,4759587,0,44,0,384,0,"[0,0,0,0,0,0,0,0,0,0,0,0,2,10,3,10,3,10,2,9,2,9,2,8,2,7,2,7,2,6,2,6,2,5,2,5,2,4,2,3,2,3,2,3,2,2,2,2,2,1,2,1,2,0,2,0,2,-1,2,-1,2,-1,1,-2,0,0,1,-3,2,-3,2,-4,1,-4,2,-4,2,-4,2,-5,2,-5,2,-5,3,-5,3,-6,3,-6,3,-5,3,-6,4,-5,3,-6,4,-6,4,-5,4,-5,4,-5,5,-5,5,-5,5,-4,5,-4,6,-4,6,-3,0,0,0,0,0,0,0,0,0,0,0,0,0,0,19,74,17,73,14,66,13,71,15,68,11,58,13,57,7,56,6,54,6,54,10,44,10,46,12,43,8,36,10,33,10,33,14,27,11,22,10,19,11,18,10,18,14,14,10,10,9,7,14,4,11,2,13,1,12,-3,12,-7,10,-4,13,-10,12,-11,10,-19,13,-17,13,-18,15,-24,14,-22,15,-27,18,-28,18,-27,22,-28,17,-29,18,-33,19,-30,21,-35,22,-32,25,-29,26,-33,27,-27,23,-28,26,-28,26,-29,32,-27,28,-25,34,-21,33,-18,36,-17,0,0,0,0,0,0,0,0,0,0,0,0,0,0,0,0,0,0,0,0,0,0,-42,12,-44,9,-45,7,-51,1,-48,-2,-48,-5,-49,-4,-49,-9,-54,-8,-57,-12,-59,-11,-57,-15,-62,-12,-61,-17,-60,-17,-65,-22,-63,-27,-66,-21,-68,-22,-64,-28,-65,-28,-70,-34,-64,-28,-65,-29,-65,-32,-66,-31,-65,-31,-65,-28,-63,-35,-61,-28,-64,-28,-61,-29,-63,-26,-61,-20,-61,-22,-60,-20,-63,-18,-57,-17,-58,-14,-61,-6,-58,-6,-60,-4,-59,-2,-65,1,-64,3,-69,11,-65,14,-63,16,-70,14,-69,20,-67,19,-72,17,-73,21,-75,18,-76,24,-77,22,-74,19,0,0]"
CSI_DATA,339,1a:00:00:00:00:00,-47,11,1,0,1,1,1,0,0,0,1,-96,0,11,2,4769655,0,44,0,384,0,"[0,0,0,0,0,0,0,0,0,0,0,0,11,-2,11,-2,10,-2,10,-2,9,-2,8,-2,8,-2,7,-2,7,-2,6,-2,6,-2,5,-3,5,-2,4,-2,3,-2,3,-3,2,-3,2,-3,2,-3,1,-3,1,-3,0,-3,0,-3,-1,-3,-1,-3,-2,-3,0,0,-3,-2,-3,-3,-3,-2,-4,-3,-4,-3,-4,-3,-5,-3,-5,-3,-6,-4,-6,-3,-6,-4,-5,-4,-6,-4,-6,-4,-6,-4,-6,-4,-6,-4,-6,-5,-6,-5,-6,-5,-6,-5,-5,-6,-5,-6,-5,-6,-4,-6,-4,-7,0,0,0,0,0,0,0,0,0,0,0,0,0,0,75,-8,71,-3,73,-3,70,-6,66,-2,62,-2,60,-1,56,-2,54,0,53,-4,48,-4,44,-5,43,-6,37,-8,37,-3,32,-7,25,-8,24,-11,23,-9,20,-8,19,-12,15,-10,9,-11,8,-10,7,-16,7,-13,4,-12,1,-16,-3,-12,-9,-10,-10,-12,-10,-14,-13,-12,-18,-16,-17,-14,-21,-16,-19,-19,-24,-23,-23,-16,-25,-19,-24,-20,-29,-21,-26,-21,-25,-24,-28,-24,-28,-29,-28,-28,-26,-28,-26,-32,-26,-31,-28,-31,-23,-33,-22,-34,-23,-33,-17,-37,-16,-33,-11,-35,0,0,0,0,0,0,0,0,0,0,0,0,0,0,0,0,0,0,0,0,0,0,5,40,-2,44,-4,42,-9,43,-10,47,-15,47,-13,44,-14,46,-21,48,-17,48,-22,51,-24,50,-28,54,-29,58,-32,53,-30,55,-33,54,-34,58,-34,59,-38,56,-36,57,-42,57,-41,56,-39,56,-44,60,-42,57,-41,57,-43,59,-44,56,-42,58,-39,59,-40,56,-37,60,-34,57,-30,55,-29,56,-26,55,-24,54,-20,57,-23,61,-16,59,-12,58,-9,61,-9,60,-9,63,2,65,3,60,4,69,8,64,5,71,7,73,7,76,9,76,13,72,12,76,10,80,8,81,0,0]"
CSI_DATA,340,1a:00:00:00:00:00,-47,11,1,0,1,1,1,0,0,0,1,-96,0,11,2,4780939,0,44,0,384,0,"[0,0,0,0,0,0,0,0,0,0,0,0,9,-7,8,-7,9,-7,8,-6,7,-6,7,-6,6,-6,5,-6,5,-5,5,-5,4,-5,4,-5,3,-4,2,-4,2,-4,2,-4,1,-4,1,-4,0,-3,0,-3,0,-3,-1,-2,-1,-3,-2,-2,-2,-2,-3,-2,0,0,-3,-2,-4,-2,-4,-1,-5,-2,-4,-1,-5,-2,-6,-2,-6,-2,-6,-2,-6,-2,-6,-2,-6,-2,-6,-2,-6,-2,-7,-3,-7,-3,-7,-3,-6,-3,-7,-3,-6,-4,-6,-4,-6,-4,-6,-4,-6,-5,-5,-5,-5,-5,0,0,0,0,0,0,0,0,0,0,0,0,0,0,58,-54,56,-50,55,-52,51,-47,57,-42,49,-42,49,-40,48,-37,41,-32,41,-34,32,-30,30,-34,32,-28,25,-26,22,-23,21,-25,21,-21,15,-20,14,-20,8,-19,6,-20,4,-18,6,-15,5,-17,1,-15,-4,-13,-6,-13,-6,-13,-11,-10,-15,-10,-12,-7,-16,-9,-17,-7,-20,-5,-23,-2,-24,-8,-25,-9,-29,-6,-33,-10,-30,-5,-31,-9,-32,-11,-35,-10,-38,-10,-37,-11,-37,-12,-38,-13,-39,-14,-40,-15,-37,-19,-35,-19,-32,-20,-33,-22,-32,-25,-32,-24,-27,-28,-25,-30,0,0,0,0,0,0,0,0,0,0,0,0,0,0,0,0,0,0,0,0,0,0,38,18,38,25,37,28,38,30,36,35,35,36,31,37,34,41,29,45,30,44,32,48,28,51,33,53,32,56,30,60,24,58,28,62,25,60,27,63,24,66,25,66,21,67,21,69,21,69,16,68,20,70,21,66,15,70,17,65,18,68,12,67,18,66,16,64,19,60,21,60,21,59,22,56,25,52,29,53,27,55,32,51,32,49,36,53,35,52,37,45,40,50,43,48,45,43,48,43,51,45,52,51,56,47,60,50,59,50,60,52,59,56,56,52,0,0]"
CSI_DATA,341,1a:00:00:00:00:00,-47,11,1,0,1,1,1,0,0,0,1,-96,0,11,2,4789547,0,44,0,384,0,"[0,0,0,0,0,0,0,0,0,0,0,0,-7,9,-7,8,-6,8,-7,8,-6,7,-6,7,-5,6,-5,6,-4,6,-4,5,-4,5,-3,5,-3,4,-2,4,-2,3,-1,3,-1,3,-1,3,0,2,0,2,0,2,1,1,1,1,1,1,1,1,2,0,0,0,3,0,3,-1,3,-1,3,-1,4,-1,4,-2,5,-2,5,-2,5,-1,5,-1,5,-1,5,-1,6,-1,6,-1,6,-1,6,-1,6,0,6,-1,6,0,6,0,6,0,6,1,6,1,6,1,6,2,5,3,0,0,0,0,0,0,0,0,0,0,0,0,0,0,-50,60,-48,60,-43,59,-44,55,-40,53,-42,51,-40,49,-34,47,-35,42,-33,37,-27,38,-25,40,-24,33,-20,32,-17,31,-15,26,-14,27,-13,24,-9,25,-5,20,-3,20,-2,17,1,18,-2,15,5,12,6,9,7,10,10,11,13,9,17,4,14,3,18,0,17,0,22,-5,24,-8,27,-7,26,-8,27,-8,27,-8,31,-10,32,-10,33,-9,35,-10,35,-10,34,-6,34,-8,39,-9,41,-7,40,-4,37,-1,40,-1,38,-1,40,3,37,4,37,5,35,10,35,15,0,0,0,0,0,0,0,0,0,0,0,0,0,0,0,0,0,0,0,0,0,0,-33,-27,-31,-30,-29,-33,-33,-41,-27,-40,-24,-43,-25,-47,-24,-47,-23,-46,-22,-50,-23,-47,-22,-57,-22,-55,-25,-57,-23,-63,-19,-62,-23,-66,-18,-62,-20,-66,-19,-69,-18,-69,-19,-69,-19,-70,-18,-68,-15,-70,-18,-73,-19,-71,-17,-73,-15,-67,-16,-71,-14,-66,-20,-65,-21,-65,-21,-62,-20,-58,-20,-61,-22,-55,-27,-57,-30,-53,-34,-53,-35,-50,-41,-49,-40,-48,-41,-43,-45,-45,-53,-42,-48,-42,-54,-42,-57,-41,-56,-39,-61,-45,-66,-40,-64,-44,-64,-38,-67,-42,-68,-44,-67,-41,0,0]"
CSI_DATA,342,1a:00:00:00:00:00,-47,11,1,0,1,1,1,0,0,0,1,-96,0,11,2,4829939,0,44,0,384,0,"[0,0,0,0,0,0,0,0,0,0,0,0,10,5,10,5,10,4,9,5,8,4,8,4,7,3,7,3,7,2,6,2,6,2,5,2,5,1,4,0,4,0,3,0,3,-1,2,-1,3,-1,2,-1,2,-2,2,-2,1,-2,1,-3,0,-3,0,-3,0,0,-1,-4,-1,-4,-1,-4,-2,-4,-2,-5,-2,-5,-2,-5,-2,-6,-3,-6,-2,-6,-2,-6,-2,-6,-2,-7,-2,-7,-2,-7,-2,-7,-2,-7,-2,-8,-1,-8,-1,-8,-1,-8,0,-8,0,-8,1,-7,1,-8,2,-7,0,0,0,0,0,0,0,0,0,0,0,0,0,0,71,36,65,32,66,35,62,30,59,29,53,33,51,28,53,30,49,24,47,22,39,21,38,21,38,18,33,12,30,10,30,7,27,8,28,7,28,2,22,-3,20,0,15,-1,15,-2,11,-4,13,-10,13,-8,9,-6,4,-11,2,-13,3,-15,1,-16,1,-20,-3,-18,-6,-21,-6,-23,-7,-26,-9,-28,-7,-28,-12,-29,-12,-34,-8,-28,-10,-34,-10,-34,-9,-36,-8,-40,-11,-36,-6,-40,-8,-37,-6,-39,-1,-39,-4,-39,-5,-41,2,-44,5,-39,3,-37,9,-38,11,-41,0,0,0,0,0,0,0,0,0,0,0,0,0,0,0,0,0,0,0,0,0,0,-9,39,-15,42,-20,41,-26,38,-27,38,-32,39,-30,35,-33,40,-38,39,-36,38,-41,41,-45,45,-47,44,-48,44,-51,44,-45,38,-52,43,-51,40,-60,44,-58,36,-58,37,-61,40,-59,40,-60,40,-60,40,-60,39,-59,37,-64,39,-56,31,-62,36,-55,36,-57,40,-60,36,-53,37,-55,38,-52,35,-44,36,-45,42,-39,42,-38,47,-37,46,-36,46,-34,52,-30,51,-33,55,-36,61,-29,58,-30,61,-30,65,-26,60,-25,73,-22,69,-33,73,-27,69,-25,74,-30,80,-31,74,0,0]"
CSI_DATA,343,1a:00:00:00:00:00,-47,11,1,0,1,1,1,0,0,0,1,-96,0,11,2,4839522,0,44,0,384,0,"[0,0,0,0,0,0,0,0,0,0,0,0,-12,5,-11,4,-11,4,-10,4,-10,4,-9,4,-8,3,-8,4,-7,3,-7,3,-6,3,-5,3,-5,2,-4,3,-4,2,-3,3,-3,3,-2,2,-2,2,-2,2,-1,2,-1,2,0,2,0,1,1,1,1,2,0,0,3,1,3,1,3,1,3,1,4,1,4,1,5,1,5,1,5,2,5,2,5,2,6,2,6,2,6,2,6,3,6,2,6,3,6,3,6,3,5,3,6,4,5,4,5,4,4,4,4,5,4,5,0,0,0,0,0,0,0,0,0,0,0,0,0,0,-72,24,-70,22,-71,24,-67,23,-63,26,-63,18,-57,17,-55,20,-51,19,-47,21,-44,19,-45,14,-40,15,-36,17,-31,14,-29,15,-27,15,-20,15,-18,14,-14,12,-12,17,-11,12,-10,13,-6,16,-4,13,-4,11,1,13,7,15,3,10,11,12,8,10,12,10,15,6,19,6,21,7,23,12,22,13,25,8,29,12,33,12,33,9,33,10,33,9,32,10,36,13,37,15,33,15,39,18,35,20,36,21,36,18,33,22,32,19,27,22,30,23,29,26,23,29,0,0,0,0,0,0,0,0,0,0,0,0,0,0,0,0,0,0,0,0,0,0,-11,-37,-9,-42,-2,-43,-4,-49,0,-52,3,-49,4,-54,7,-52,9,-58,10,-54,8,-58,14,-59,12,-62,16,-61,20,-62,18,-63,17,-69,20,-63,21,-63,25,-65,24,-67,26,-64,27,-68,29,-68,28,-65,25,-71,25,-67,26,-67,27,-65,23,-65,23,-64,21,-63,25,-66,22,-62,18,-61,16,-65,13,-61,5,-59,8,-60,5,-63,1,-62,-3,-60,-5,-64,-8,-62,-12,-65,-15,-58,-15,-61,-24,-66,-24,-69,-26,-66,-30,-66,-33,-66,-33,-69,-27,-70,-36,-74,-34,-78,-32,-73,0,0]"
CSI_DATA,344,1a:00:00:00:00:00,-47,11,1,0,1,1,1,0,0,0,1,-96,0,11,2,4849658,0,44,0,384,0,"[0,0,0,0,0,0,0,0,0,0,0,0,-12,-6,-11,-5,-10,-5,-10,-5,-10,-5,-9,-4,-8,-3,-8,-3,-7,-3,-7,-3,-6,-2,-6,-2,-6,-2,-5,-2,-5,-1,-4,-1,-4,0,-4,0,-3,0,-3,0,-3,1,-3,1,-2,1,-2,1,-1,2,-1,2,0,0,0,3,0,2,0,3,1,4,1,4,1,4,1,4,1,4,2,5,2,5,2,6,1,6,1,5,1,5,2,6,1,6,1,6,1,6,1,7,0,6,0,7,0,6,-1,6,-1,6,-2,6,-2,6,0,0,0,0,0,0,0,0,0,0,0,0,0,0,-69,-36,-73,-35,-62,-31,-56,-33,-65,-29,-56,-30,-55,-30,-53,-23,-48,-24,-41,-22,-39,-24,-37,-21,-38,-19,-36,-15,-31,-13,-32,-10,-29,-9,-26,-5,-25,-5,-23,0,-21,2,-18,0,-19,3,-13,5,-15,10,-14,8,-9,4,-6,13,-3,12,0,13,-3,13,1,15,3,19,4,21,9,24,6,22,7,24,7,29,7,26,10,30,9,31,11,28,8,34,11,35,10,35,13,36,9,37,5,39,9,37,6,39,5,41,1,40,-2,40,-2,40,0,39,-3,37,-7,37,0,0,0,0,0,0,0,0,0,0,0,0,0,0,0,0,0,0,0,0,0,0,12,-38,19,-37,24,-38,26,-39,29,-38,31,-37,35,-37,37,-37,37,-36,43,-36,42,-40,46,-38,47,-38,52,-41,54,-40,57,-38,53,-38,56,-37,59,-33,64,-35,58,-36,62,-35,61,-35,63,-37,63,-31,63,-38,59,-33,58,-35,63,-31,61,-32,62,-33,55,-28,57,-31,53,-34,53,-34,54,-32,50,-39,44,-41,43,-41,43,-41,43,-44,38,-46,38,-51,34,-53,30,-49,39,-50,31,-55,25,-60,32,-61,26,-64,26,-68,26,-69,29,-67,29,-71,26,-73,31,-74,30,-75,0,0]"
CSI_DATA,345,1a:00:00:00:00:00,-47,11,1,0,1,1,1,0,0,0,1,-96,0,11,2,4859534,0,44,0,384,0,"[0,0,0,0,0,0,0,0,0,0,0,0,-9,8,-9,7,-8,7,-8,6,-7,6,-7,6,-7,5,-6,5,-6,5,-5,4,-5,4,-4,4,-3,4,-3,3,-3,3,-2,3,-2,3,-1,3,-1,2,-1,2,0,2,0,1,1,2,1,1,1,1,2,1,0,0,3,1,3,0,3,0,4,0,3,0,4,0,4,0,5,0,5,0,5,0,5,0,5,0,6,1,6,1,6,1,6,1,6,1,6,1,6,1,6,2,6,2,6,2,6,3,5,3,5,3,4,3,0,0,0,0,0,0,0,0,0,0,0,0,0,0,-50,61,-53,53,-46,54,-43,48,-45,50,-43,43,-44,45,-38,41,-35,40,-32,37,-30,33,-26,34,-23,31,-27,33,-21,25,-17,26,-17,25,-15,22,-9,19,-5,21,-5,20,-2,18,-4,16,1,12,3,9,3,10,6,10,8,8,11,4,13,1,16,4,16,3,15,0,20,-3,24,-3,24,-1,27,-5,29,-4,30,-3,28,-4,32,-3,31,-3,34,-2,37,-1,38,-2,36,-3,37,1,40,0,39,2,39,3,39,4,41,7,38,8,38,9,37,14,32,16,37,18,0,0,0,0,0,0,0,0,0,0,0,0,0,0,0,0,0,0,0,0,0,0,-34,-26,-31,-27,-33,-35,-29,-39,-31,-41,-27,-38,-26,-40,-28,-44,-29,-46,-25,-49,-26,-55,-24,-54,-22,-59,-21,-58,-22,-59,-23,-64,-25,-65,-18,-66,-20,-67,-23,-69,-19,-67,-19,-66,-18,-70,-17,-74,-14,-69,-14,-73,-14,-71,-14,-69,-18,-71,-14,-65,-18,-63,-19,-65,-20,-68,-19,-61,-25,-63,-21,-58,-26,-59,-23,-54,-27,-51,-29,-53,-36,-51,-34,-49,-36,-47,-44,-48,-40,-45,-51,-47,-51,-44,-51,-42,-55,-42,-56,-41,-54,-48,-60,-44,-57,-48,-62,-42,-66,-53,-65,-45,-66,-52,0,0]"
CSI_DATA,346,1a:00:00:00:00:00,-47,11,1,0,1,1,1,0,0,0,1,-96,0,11,2,4870056,0,44,0,384,0,"[0,0,0,0,0,0,0,0,0,0,0,0,-13,3,-12,3,-11,3,-10,2,-10,2,-9,3,-9,2,-8,2,-8,2,-7,2,-6,2,-6,2,-6,2,-5,2,-4,2,-3,2,-3,2,-3,2,-2,2,-2,2,-1,2,-1,2,-1,2,0,2,0,2,1,2,0,0,2,2,2,2,2,1,3,2,3,2,4,2,4,2,4,2,4,3,5,2,5,3,5,2,5,3,5,3,5,3,5,4,5,3,5,4,5,4,5,4,5,5,5,5,4,5,3,5,3,6,2,6,0,0,0,0,0,0,0,0,0,0,0,0,0,0,-79,15,-72,19,-70,20,-66,16,-63,17,-64,14,-61,16,-58,12,-52,14,-48,11,-46,10,-41,13,-43,8,-42,11,-31,12,-27,12,-30,13,-23,13,-19,18,-15,13,-17,13,-13,12,-9,17,-6,12,-6,12,-4,11,-1,13,3,13,5,10,8,10,9,9,11,13,16,12,19,9,21,11,20,10,19,12,22,14,26,12,30,17,28,12,30,17,30,13,32,16,31,16,29,17,33,20,33,22,31,24,32,23,27,25,27,27,29,28,28,26,25,29,21,31,17,32,0,0,0,0,0,0,0,0,0,0,0,0,0,0,0,0,0,0,0,0,0,0,-13,-37,-9,-41,-9,-45,-5,-45,-3,-50,1,-47,3,-52,5,-53,3,-56,6,-56,7,-53,8,-60,13,-61,11,-60,14,-63,17,-65,18,-63,18,-64,17,-65,23,-67,26,-67,27,-70,23,-68,23,-64,26,-67,24,-67,26,-67,25,-67,24,-65,21,-66,23,-65,18,-66,26,-62,23,-63,23,-63,13,-62,11,-63,7,-60,6,-63,2,-61,6,-61,-4,-59,-5,-65,-11,-62,-10,-65,-11,-61,-15,-60,-18,-62,-22,-69,-19,-68,-28,-68,-28,-70,-28,-75,-29,-74,-28,-71,-28,-74,-25,-75,0,0]"
CSI_DATA,347,1a:00:00:00:00:00,-47,11,1,0,1,1,1,0,0,0,1,-96,0,11,2,4879495,0,44,0,384,0,"[0,0,0,0,0,0,0,0,0,0,0,0,10,3,10,3,10,3,10,3,9,3,8,3,7,2,7,2,6,1,6,1,5,1,5,0,5,0,4,0,3,0,4,-1,3,-1,2,-1,2,-2,2,-1,2,-2,1,-2,1,-3,1,-3,0,-3,-1,-3,0,0,-1,-4,-1,-4,-2,-4,-2,-4,-2,-4,-2,-5,-2,-5,-3,-5,-3,-6,-3,-6,-3,-6,-3,-6,-3,-6,-3,-6,-2,-7,-3,-7,-3,-7,-2,-7,-2,-7,-2,-7,-2,-7,-1,-7,-1,-7,-1,-7,0,-7,1,-7,0,0,0,0,0,0,0,0,0,0,0,0,0,0,78,15,74,20,67,18,66,16,68,16,61,18,57,17,54,15,52,17,51,10,48,8,44,13,43,11,35,3,33,7,32,4,30,1,23,0,21,0,24,-5,21,-8,18,-6,11,-9,9,-9,12,-10,6,-8,4,-11,1,-11,-1,-15,0,-15,-4,-15,-4,-18,-9,-17,-12,-20,-14,-21,-3,-21,-19,-22,-11,-22,-15,-26,-16,-28,-17,-30,-19,-29,-19,-31,-15,-27,-22,-32,-16,-34,-17,-34,-15,-36,-16,-38,-17,-38,-14,-35,-13,-37,-13,-40,-8,-41,-5,-37,-2,-36,1,-38,0,0,0,0,0,0,0,0,0,0,0,0,0,0,0,0,0,0,0,0,0,0,-10,37,-13,41,-18,41,-22,40,-24,43,-25,44,-26,41,-33,40,-35,42,-37,44,-35,45,-39,45,-42,46,-43,44,-43,44,-50,47,-49,42,-49,44,-51,43,-53,43,-56,44,-56,42,-55,42,-58,44,-60,43,-58,42,-53,43,-59,45,-56,44,-54,43,-54,43,-50,46,-49,38,-52,43,-48,47,-43,45,-40,43,-40,45,-37,45,-38,47,-37,50,-28,53,-28,53,-25,52,-24,52,-22,64,-18,59,-16,61,-15,65,-14,66,-15,73,-13,71,-15,74,-12,79,-17,79,-19,78,-14,78,0,0]"
CSI_DATA,348,1a:00:00:00:00:00,-47,11,1,0,1,1,1,0,0,0,1,-96,0,11,2,4889520,0,44,0,384,0,"[0,0,0,0,0,0,0,0,0,0,0,0,-9,-10,-8,-9,-9,-9,-8,-9,-7,-8,-7,-8,-7,-7,-6,-6,-6,-6,-6,-5,-5,-5,-5,-4,-5,-4,-5,-3,-4,-3,-4,-2,-4,-2,-4,-2,-4,-1,-3,-1,-3,0,-3,0,-2,0,-3,1,-2,1,-2,2,0,0,-1,3,-1,3,-1,3,-1,3,-1,4,-1,4,-1,5,-1,5,-1,5,-1,6,-1,6,-2,6,-2,6,-2,6,-2,7,-2,7,-2,6,-2,6,-3,6,-3,6,-3,6,-4,6,-4,6,-4,5,-5,5,-5,5,0,0,0,0,0,0,0,0,0,0,0,0,0,0,-58,-56,-53,-56,-56,-48,-52,-52,-48,-49,-43,-47,-43,-46,-41,-43,-35,-39,-38,-36,-33,-35,-32,-27,-30,-25,-29,-22,-30,-24,-24,-19,-26,-17,-22,-15,-21,-10,-21,-8,-21,-5,-22,-4,-16,-2,-14,1,-15,4,-10,4,-11,8,-11,5,-9,10,-6,17,-8,16,-3,15,-5,20,-6,20,0,23,-3,25,-2,27,2,31,0,30,2,32,0,31,-6,29,-3,34,-2,36,-5,34,-4,36,-7,38,-5,38,-9,38,-10,37,-7,39,-12,38,-13,39,-15,34,-17,33,-20,31,-24,28,0,0,0,0,0,0,0,0,0,0,0,0,0,0,0,0,0,0,0,0,0,0,19,-35,25,-33,30,-33,35,-31,37,-33,38,-28,38,-27,43,-30,48,-30,43,-29,50,-26,53,-24,58,-25,57,-25,58,-31,60,-23,62,-24,63,-23,64,-25,68,-19,67,-24,67,-20,69,-18,70,-15,70,-20,70,-18,69,-18,69,-16,68,-18,67,-16,63,-17,64,-19,66,-21,61,-20,61,-20,62,-25,50,-23,53,-26,53,-29,55,-28,50,-33,50,-34,49,-32,46,-39,50,-42,44,-48,44,-46,44,-52,45,-55,45,-55,46,-54,46,-59,48,-62,44,-58,51,-66,48,-66,53,-64,0,0]"
CSI_DATA,349,1a:00:00:00:00:00,-47,11,1,0,1,1,1,0,0,0,1,-96,0,11,2,4899514,0,44,0,384,0,"[0,0,0,0,0,0,0,0,0,0,0,0,10,3,10,2,10,2,9,2,9,2,8,2,8,1,7,1,7,1,6,1,6,0,5,0,5,0,4,0,4,-1,3,-1,3,-1,2,-1,2,-2,2,-2,1,-2,1,-2,0,-2,0,-3,0,-2,-1,-3,0,0,-2,-3,-2,-3,-2,-4,-2,-4,-2,-4,-3,-4,-3,-5,-3,-5,-4,-6,-4,-6,-3,-6,-3,-6,-3,-6,-3,-6,-3,-6,-3,-6,-3,-6,-3,-7,-3,-7,-3,-7,-2,-7,-2,-7,-1,-7,-1,-7,-1,-7,0,-7,0,0,0,0,0,0,0,0,0,0,0,0,0,0,76,12,73,12,70,10,69,12,65,16,63,13,65,10,52,10,53,13,49,11,45,8,41,6,40,6,37,4,33,2,30,5,28,-1,28,-5,23,-2,20,-3,17,-7,19,-5,13,-10,13,-8,10,-12,8,-13,4,-11,5,-15,-1,-13,-6,-15,-4,-16,-7,-15,-11,-17,-13,-19,-13,-22,-14,-20,-13,-25,-13,-24,-17,-28,-21,-27,-21,-28,-19,-28,-18,-32,-22,-32,-19,-32,-19,-35,-20,-34,-16,-38,-18,-33,-19,-35,-17,-37,-15,-39,-11,-40,-9,-41,-8,-40,-4,-40,1,-42,0,0,0,0,0,0,0,0,0,0,0,0,0,0,0,0,0,0,0,0,0,0,-2,45,-9,42,-10,44,-16,47,-17,49,-21,44,-18,41,-27,43,-27,50,-27,46,-34,47,-30,50,-36,48,-36,54,-40,50,-41,50,-43,55,-43,55,-46,51,-50,51,-51,54,-48,55,-53,55,-50,51,-55,52,-52,52,-53,50,-52,48,-53,50,-53,46,-49,50,-43,47,-46,49,-44,51,-42,48,-39,49,-37,50,-31,52,-33,52,-29,55,-25,53,-26,57,-26,55,-19,58,-19,58,-17,60,-19,62,-9,67,-11,70,-14,74,-10,72,-6,72,-9,77,-6,70,0,78,-8,83,-7,81,0,0]"
CSI_DATA,350,1a:00:00:00:00:00,-47,11,1,0,1,1,1,0,0,0,1,-96,0,11,2,4909511,0,44,0,384,0,"[0,0,0,0,0,0,0,0,0,0,0,0,-13,3,-12,3,-12,3,-11,2,-10,2,-10,2,-9,2,-8,2,-8,2,-7,2,-7,2,-6,2,-5,2,-5,2,-4,2,-4,2,-3,2,-2,2,-2,2,-2,2,-1,2,-1,2,0,2,0,2,0,2,1,2,0,0,2,1,2,1,2,1,4,2,4,2,4,2,4,1,5,2,5,2,5,2,5,2,5,2,6,2,6,2,6,3,6,3,6,2,6,3,6,4,5,4,5,4,5,4,5,5,4,4,4,5,4,5,0,0,0,0,0,0,0,0,0,0,0,0,0,0,-73,-4,-76,1,-74,4,-68,-8,-69,-3,-61,-6,-63,-6,-58,-1,-54,-2,-50,4,-51,0,-42,-2,-41,0,-39,3,-32,4,-29,7,-29,8,-27,8,-23,9,-19,6,-21,10,-15,9,-14,11,-12,10,-7,12,-3,9,-5,13,2,13,2,11,2,12,12,14,9,15,9,19,15,17,14,15,17,17,19,16,20,19,21,18,25,23,24,21,26,25,28,22,26,22,27,26,24,26,30,28,27,27,27,29,24,27,21,30,20,34,21,34,18,32,17,35,15,34,11,38,0,0,0,0,0,0,0,0,0,0,0,0,0,0,0,0,0,0,0,0,0,0,-4,-43,1,-44,4,-43,9,-47,11,-45,11,-48,16,-47,19,-48,20,-52,21,-53,23,-56,21,-52,25,-58,25,-55,28,-58,32,-58,35,-58,33,-57,35,-58,43,-58,40,-55,44,-56,42,-58,40,-58,41,-60,41,-59,41,-57,40,-59,40,-56,41,-55,41,-57,37,-57,33,-53,38,-56,32,-54,34,-56,24,-52,21,-57,22,-55,15,-59,18,-61,13,-58,11,-63,11,-62,7,-65,5,-56,3,-60,-1,-68,-2,-68,-5,-70,-8,-74,-9,-73,-8,-72,-10,-74,-11,-78,-8,-85,-3,-83,0,0]"
CSI_DATA,351,1a:00:00:00:00:00,-47,11,1,0,1,1,1,0,0,0,1,-96,0,11,2,4920374,0,44,0,384,0,"[0,0,0,0,0,0,0,0,0,0,0,0,-1,11,-1,11,-1,10,-1,10,-1,9,-2,9,-1,8,-1,8,-1,7,0,6,0,6,0,5,0,5,1,4,1,4,1,3,1,3,1,2,1,2,1,1,2,1,2,1,2,0,2,-1,2,-1,2,-1,0,0,2,-2,2,-3,3,-3,3,-3,3,-4,4,-4,3,-4,4,-4,4,-4,4,-4,4,-4,5,-5,5,-5,5,-5,5,-4,5,-4,5,-5,5,-4,5,-4,6,-3,6,-3,6,-3,6,-3,6,-2,6,-2,6,-1,0,0,0,0,0,0,0,0,0,0,0,0,0,0,-2,77,-7,73,-4,79,-6,70,-6,68,-7,62,-7,62,-7,59,-5,56,-4,50,-5,46,-4,46,-4,45,2,36,-1,36,2,35,2,32,5,26,2,23,8,19,5,21,7,17,9,16,9,13,9,8,15,6,14,4,13,0,17,-2,12,-4,12,-9,16,-12,14,-9,16,-11,22,-15,22,-18,22,-18,23,-19,23,-21,24,-22,27,-21,30,-23,28,-21,27,-25,30,-22,33,-20,31,-21,34,-23,33,-20,33,-22,39,-17,37,-17,37,-17,36,-12,35,-9,40,-7,35,-7,0,0,0,0,0,0,0,0,0,0,0,0,0,0,0,0,0,0,0,0,0,0,-42,6,-44,3,-45,-1,-51,-7,-49,-7,-53,-11,-50,-14,-52,-14,-53,-17,-55,-17,-54,-20,-54,-23,-62,-21,-61,-25,-62,-28,-58,-28,-61,-32,-62,-33,-62,-28,-63,-36,-60,-34,-65,-42,-63,-40,-61,-42,-61,-42,-64,-42,-61,-39,-67,-41,-57,-46,-62,-40,-58,-38,-59,-35,-59,-35,-60,-36,-56,-33,-62,-33,-57,-28,-55,-28,-56,-23,-62,-20,-65,-18,-61,-12,-61,-13,-65,-11,-61,-8,-69,-7,-67,-6,-67,1,-74,0,-70,1,-69,2,-77,8,-78,8,-80,4,-86,2,-84,4,-84,7,0,0]"
CSI_DATA,352,1a:00:00:00:00:00,-47,11,1,0,1,1,1,0,0,0,1,-96,0,11,2,4940042,0,44,0,384,0,"[0,0,0,0,0,0,0,0,0,0,0,0,-12,3,-12,2,-11,2,-11,2,-10,2,-10,2,-8,2,-8,2,-8,2,-7,2,-6,2,-6,2,-6,2,-5,2,-4,2,-4,2,-3,2,-3,2,-2,2,-2,2,-1,2,-1,2,0,2,0,1,0,2,1,2,0,0,2,2,2,1,2,1,3,1,3,1,4,1,4,2,4,2,5,2,5,2,5,3,5,3,5,2,5,3,5,3,5,3,5,3,5,4,5,4,5,4,5,4,5,4,4,4,4,5,4,5,3,5,0,0,0,0,0,0,0,0,0,0,0,0,0,0,-76,3,-76,2,-78,6,-71,5,-69,4,-65,3,-62,2,-60,3,-55,0,-53,0,-50,5,-46,5,-42,6,-39,4,-36,5,-33,6,-28,7,-23,10,-27,8,-17,9,-17,12,-15,9,-13,10,-9,10,-8,11,-1,15,-1,12,2,12,7,9,6,9,10,14,13,14,12,13,13,16,19,14,21,16,25,17,22,15,23,16,28,17,27,17,28,22,29,21,26,19,27,23,26,24,28,24,28,26,28,27,27,29,31,30,24,30,24,29,22,28,20,33,16,34,12,36,0,0,0,0,0,0,0,0,0,0,0,0,0,0,0,0,0,0,0,0,0,0,0,-44,0,-42,5,-47,10,-48,9,-48,13,-48,13,-48,15,-52,21,-49,22,-51,22,-53,24,-56,28,-55,24,-56,31,-57,30,-58,36,-61,35,-59,31,-57,35,-61,38,-58,43,-59,40,-56,39,-60,44,-60,40,-56,41,-58,43,-61,39,-54,38,-60,37,-58,35,-59,36,-60,33,-57,32,-54,29,-60,23,-56,25,-57,22,-55,22,-58,15,-64,11,-59,4,-62,9,-61,4,-64,-5,-62,-7,-64,-1,-66,-7,-68,-9,-76,-2,-79,-10,-74,-10,-80,-13,-77,-9,-82,-8,-77,-12,-81,0,0]"
CSI_DATA,353,1a:00:00:00:00:00,-47,11,1,0,1,1,1,0,0,0,1,-96,0,11,2,4951026,0,44,0,384,0,"[0,0,0,0,0,0,0,0,0,0,0,0,9,-9,9,-8,8,-7,8,-7,7,-6,7,-6,6,-7,5,-6,5,-6,4,-6,4,-5,3,-5,3,-5,2,-5,2,-4,1,-4,1,-4,0,-4,0,-3,0,-3,-1,-3,-1,-2,-2,-3,-2,-2,-2,-2,-3,-2,0,0,-4,-1,-4,-1,-4,-1,-5,-1,-5,0,-6,0,-6,0,-6,0,-6,-1,-7,-1,-7,-1,-7,0,-7,0,-7,-1,-8,-1,-7,-1,-8,-1,-8,-1,-8,-1,-8,-2,-8,-2,-8,-2,-8,-2,-7,-3,-7,-3,-6,-4,0,0,0,0,0,0,0,0,0,0,0,0,0,0,65,-39,64,-42,60,-43,58,-35,56,-36,56,-33,54,-30,48,-31,47,-28,43,-27,37,-28,35,-26,32,-26,25,-20,29,-20,22,-20,18,-25,16,-19,16,-14,12,-18,7,-22,6,-19,4,-16,0,-12,-2,-14,-3,-13,-5,-10,-8,-14,-8,-12,-14,-10,-15,-10,-18,-4,-17,-10,-23,-3,-27,-6,-21,-4,-26,-2,-29,-2,-30,-6,-37,-4,-35,-4,-34,-5,-35,-7,-36,-10,-37,-5,-34,-10,-37,-11,-41,-10,-36,-8,-37,-12,-36,-10,-38,-13,-38,-15,-33,-18,-36,-20,-36,-19,-32,-26,0,0,0,0,0,0,0,0,0,0,0,0,0,0,0,0,0,0,0,0,0,0,21,33,20,37,16,40,17,45,14,47,12,48,7,50,11,51,3,55,10,54,6,56,3,58,4,61,-1,63,2,63,-3,62,2,68,-4,70,-5,67,-7,69,-5,68,-10,71,-5,70,-9,69,-9,70,-8,70,-8,68,-6,70,-6,65,-6,68,-5,65,-4,66,-5,65,-2,64,-5,66,2,61,3,61,6,61,11,60,13,56,15,61,20,55,17,53,23,58,24,54,24,54,33,55,39,57,37,56,35,58,42,55,46,61,42,60,46,62,50,57,49,59,46,65,0,0]"
CSI_DATA,354,1a:00:00:00:00:00,-47,11,1,0,1,1,1,0,0,0,1,-96,0,11,2,4959779,0,44,0,384,0,"[0,0,0,0,0,0,0,0,0,0,0,0,11,1,11,1,11,2,10,2,9,1,8,1,8,0,7,0,7,0,6,0,6,-1,5,-1,5,-1,4,-1,4,-1,3,-2,3,-2,2,-2,2,-2,2,-2,1,-2,1,-2,0,-3,0,-3,0,-3,-2,-3,0,0,-2,-4,-2,-4,-2,-3,-3,-4,-3,-4,-4,-4,-3,-4,-4,-5,-4,-5,-5,-5,-5,-5,-4,-5,-4,-5,-4,-6,-5,-6,-5,-6,-4,-6,-4,-6,-4,-6,-4,-6,-4,-7,-4,-7,-3,-7,-3,-7,-2,-7,-2,-7,0,0,0,0,0,0,0,0,0,0,0,0,0,0,72,30,64,30,67,32,64,30,63,30,57,25,61,25,54,24,51,21,46,23,39,19,41,20,38,12,33,14,33,13,33,7,29,7,25,2,23,-1,23,0,20,-1,16,-5,13,-7,13,-6,13,-10,9,-7,8,-11,3,-14,5,-11,2,-12,1,-16,2,-19,-5,-22,-4,-22,-6,-24,-9,-22,-9,-29,-12,-28,-12,-29,-10,-31,-12,-31,-11,-30,-8,-38,-12,-36,-13,-36,-8,-37,-9,-39,-11,-37,-4,-40,-5,-39,-3,-39,-2,-41,-3,-41,3,-39,3,-41,4,-38,8,-35,0,0,0,0,0,0,0,0,0,0,0,0,0,0,0,0,0,0,0,0,0,0,-11,38,-16,41,-15,41,-22,42,-26,42,-28,44,-31,40,-32,42,-36,44,-38,41,-42,41,-41,46,-42,42,-43,41,-45,42,-51,39,-54,46,-54,41,-54,46,-59,38,-57,39,-59,40,-60,39,-57,41,-59,39,-60,41,-56,40,-59,41,-56,36,-59,39,-58,38,-54,38,-57,36,-53,35,-55,38,-50,39,-46,36,-46,41,-42,40,-39,47,-40,46,-32,49,-33,49,-34,53,-29,51,-27,55,-29,55,-22,62,-25,65,-27,66,-18,64,-19,72,-20,75,-27,73,-21,75,-26,71,-24,76,0,0]"
CSI_DATA,355,1a:00:00:00:00:00,-47,11,1,0,1,1,1,0,0,0,1,-96,0,11,2,4969672,0,44,0,384,0,"[0,0,0,0,0,0,0,0,0,0,0,0,11,-4,11,-4,10,-4,10,-3,9,-3,8,-3,8,-3,7,-4,6,-3,6,-3,5,-3,5,-3,4,-3,4,-3,3,-3,2,-3,2,-3,2,-3,1,-3,1,-3,0,-3,0,-3,-1,-3,-1,-3,-2,-3,-2,-3,0,0,-3,-3,-3,-3,-4,-2,-4,-3,-4,-3,-5,-3,-5,-3,-5,-3,-6,-4,-6,-3,-6,-4,-6,-4,-6,-4,-6,-4,-6,-5,-6,-5,-6,-5,-6,-5,-6,-5,-6,-5,-6,-6,-5,-6,-5,-6,-5,-6,-4,-7,-3,-7,0,0,0,0,0,0,0,0,0,0,0,0,0,0,75,-21,70,-18,68,-22,65,-18,64,-18,64,-16,60,-18,55,-19,50,-13,50,-13,39,-16,42,-15,37,-16,37,-16,34,-14,25,-14,22,-12,21,-12,19,-12,16,-11,12,-16,13,-13,8,-16,4,-12,0,-15,1,-12,0,-11,-6,-12,-6,-12,-13,-12,-12,-12,-12,-14,-14,-13,-17,-16,-23,-8,-23,-13,-25,-10,-24,-13,-29,-13,-32,-11,-32,-16,-33,-16,-30,-18,-34,-18,-32,-19,-33,-20,-33,-19,-34,-20,-32,-27,-32,-21,-31,-26,-31,-30,-30,-27,-27,-26,-28,-33,-23,-34,-20,-34,0,0,0,0,0,0,0,0,0,0,0,0,0,0,0,0,0,0,0,0,0,0,14,37,12,39,10,45,8,44,3,46,1,50,0,48,-1,48,-4,52,-5,54,-3,56,-8,59,-10,63,-11,64,-11,66,-12,62,-16,64,-16,63,-13,64,-22,66,-20,69,-21,69,-23,71,-23,69,-27,70,-26,68,-23,65,-21,67,-23,67,-22,65,-20,65,-23,66,-20,63,-18,60,-14,65,-14,63,-9,60,-9,61,-6,59,-1,61,4,60,4,58,6,62,9,62,16,58,12,62,18,61,21,66,20,65,22,68,27,70,28,67,33,73,28,70,25,72,31,74,33,73,0,0]"
CSI_DATA,356,1a:00:00:00:00:00,-47,11,1,0,1,1,1,0,0,0,1,-96,0,11,2,4980033,0,44,0,384,0,"[0,0,0,0,0,0,0,0,0,0,0,0,2,11,2,10,2,10,2,9,2,9,1,8,1,7,1,7,1,7,2,6,1,5,2,5,2,4,2,4,1,3,2,3,2,2,2,2,2,1,2,1,2,0,2,0,1,0,2,-1,2,-1,1,-2,0,0,1,-3,2,-3,2,-3,2,-4,2,-4,2,-5,3,-5,2,-5,3,-5,2,-5,3,-6,3,-6,3,-6,3,-6,3,-6,3,-6,4,-6,3,-5,4,-6,4,-5,4,-5,5,-5,5,-5,5,-4,5,-4,5,-3,0,0,0,0,0,0,0,0,0,0,0,0,0,0,-4,75,-7,74,-1,69,-2,67,-9,67,-3,61,-5,56,-3,54,-7,51,-6,47,-1,45,0,45,-1,41,-4,37,-1,33,3,32,2,27,3,23,5,24,10,22,7,17,7,12,9,12,10,9,12,6,10,7,12,5,10,0,15,-3,14,-6,11,-6,13,-11,15,-8,17,-10,17,-15,19,-14,20,-17,22,-19,23,-21,22,-18,26,-20,25,-20,27,-22,25,-21,27,-23,28,-23,31,-21,33,-22,33,-18,32,-16,31,-18,35,-11,35,-13,33,-12,38,-10,38,-4,36,-2,0,0,0,0,0,0,0,0,0,0,0,0,0,0,0,0,0,0,0,0,0,0,-39,8,-42,1,-45,-2,-45,-4,-49,-7,-49,-7,-45,-12,-48,-17,-52,-18,-49,-15,-54,-20,-54,-20,-58,-25,-58,-26,-57,-26,-56,-31,-54,-31,-60,-32,-57,-30,-59,-37,-57,-36,-56,-39,-60,-38,-58,-39,-59,-42,-54,-39,-60,-42,-59,-43,-57,-41,-57,-39,-53,-37,-59,-34,-55,-39,-55,-36,-52,-37,-55,-29,-55,-26,-53,-23,-57,-22,-54,-21,-56,-15,-62,-14,-59,-8,-64,-15,-62,-9,-58,-2,-62,-2,-65,-2,-67,0,-70,1,-70,2,-74,8,-76,4,-71,5,-77,1,-80,3,-78,6,0,0]"
CSI_DATA,357,1a:00:00:00:00:00,-47,11,1,0,1,1,1,0,0,0,1,-96,0,11,2,4989527,0,44,0,384,0,"[0,0,0,0,0,0,0,0,0,0,0,0,9,7,8,6,8,6,7,6,7,5,6,5,6,4,5,4,5,4,5,3,4,3,4,2,4,2,4,1,4,1,3,1,3,0,2,0,3,-1,2,-1,2,-1,2,-1,1,-2,1,-2,1,-2,0,-3,0,0,0,-4,0,-4,-1,-4,-1,-4,0,-5,-1,-5,-1,-6,-1,-6,-1,-6,-1,-6,-1,-7,-1,-6,-1,-7,0,-7,-1,-7,-1,-7,0,-7,0,-7,0,-7,1,-7,1,-7,1,-7,1,-7,2,-7,2,-7,3,-6,0,0,0,0,0,0,0,0,0,0,0,0,0,0,60,51,55,51,56,51,50,55,47,48,47,47,44,41,44,41,36,37,35,38,35,36,30,31,32,30,28,24,27,20,26,19,23,15,23,9,22,10,18,4,19,5,20,0,16,1,15,0,12,-3,13,-7,8,-7,12,-10,10,-16,8,-12,8,-14,8,-18,1,-22,-2,-20,3,-25,4,-24,4,-27,1,-32,5,-31,2,-31,4,-37,4,-39,5,-38,7,-38,7,-39,8,-34,9,-37,9,-40,10,-39,10,-37,14,-35,17,-34,14,-35,23,-32,22,-32,26,-28,26,-31,0,0,0,0,0,0,0,0,0,0,0,0,0,0,0,0,0,0,0,0,0,0,-14,39,-17,39,-23,38,-27,38,-30,38,-34,39,-33,36,-41,34,-41,37,-39,37,-44,39,-48,34,-49,41,-50,36,-53,32,-56,31,-56,38,-55,33,-60,34,-61,31,-61,32,-69,28,-67,27,-65,31,-65,30,-71,28,-66,28,-65,26,-66,25,-64,26,-65,26,-62,25,-63,23,-60,24,-60,28,-57,28,-52,30,-51,31,-51,35,-52,38,-49,36,-48,36,-46,43,-46,45,-43,45,-35,45,-43,52,-39,58,-42,53,-40,61,-42,59,-43,62,-42,67,-45,62,-47,68,-48,66,-46,63,0,0]"
CSI_DATA,358,1a:00:00:00:00:00,-47,11,1,0,1,1,1,0,0,0,1,-96,0,11,2,4999897,0,44,0,384,0,"[0,0,0,0,0,0,0,0,0,0,0,0,-11,5,-11,5,-10,5,-10,4,-9,4,-9,4,-8,4,-7,4,-7,4,-6,3,-6,3,-5,3,-4,3,-4,3,-3,3,-3,3,-2,3,-2,3,-1,2,-1,2,-1,2,0,1,0,2,1,1,1,1,1,2,0,0,2,1,3,1,3,1,3,1,3,1,4,0,4,0,5,1,5,1,5,1,6,1,6,1,6,2,6,1,6,2,5,2,6,2,6,3,6,3,6,3,5,3,6,3,5,4,5,4,4,5,4,5,0,0,0,0,0,0,0,0,0,0,0,0,0,0,-63,42,-61,40,-59,39,-61,35,-53,40,-56,35,-52,33,-50,35,-46,26,-40,28,-36,23,-39,27,-36,26,-29,23,-27,23,-24,23,-22,21,-18,22,-17,19,-13,21,-7,18,-8,19,-1,16,-1,13,-3,12,4,12,3,10,6,9,11,10,12,5,15,9,15,5,20,7,20,4,22,3,20,6,27,7,30,4,31,2,34,7,32,4,34,2,36,2,33,3,36,6,37,10,37,9,37,10,37,12,35,15,37,11,37,13,33,18,34,16,34,18,33,24,30,25,0,0,0,0,0,0,0,0,0,0,0,0,0,0,0,0,0,0,0,0,0,0,-28,-29,-21,-36,-25,-40,-22,-43,-16,-45,-15,-45,-15,-50,-16,-52,-11,-49,-13,-53,-11,-58,-11,-61,-12,-61,-10,-63,-6,-64,-8,-69,-5,-71,-4,-70,-1,-67,1,-71,1,-70,3,-71,3,-73,-3,-72,0,-71,1,-70,3,-72,1,-74,3,-67,1,-74,2,-69,-1,-68,-4,-66,2,-65,-6,-66,0,-61,-9,-63,-13,-64,-15,-60,-18,-59,-18,-62,-24,-57,-19,-58,-29,-49,-29,-51,-35,-61,-44,-69,-42,-53,-40,-59,-36,-54,-44,-56,-54,-58,-51,-60,-47,-59,-55,-61,-53,-61,-53,-68,0,0]"
CSI_DATA,359,1a:00:00:00:00:00,-47,11,1,0,1,1,1,0,0,0,1,-96,0,11,2,5009511,0,44,0,384,0,"[0,0,0,0,0,0,0,0,0,0,0,0,9,-8,8,-8,8,-8,7,-7,7,-7,6,-6,6,-6,5,-6,5,-6,4,-5,4,-5,3,-5,3,-5,3,-4,2,-4,1,-4,1,-4,1,-4,0,-3,0,-3,-1,-3,-1,-3,-2,-2,-2,-2,-2,-2,-3,-2,0,0,-3,-2,-4,-1,-4,-1,-5,-1,-5,-1,-5,-1,-5,-1,-6,-1,-6,-2,-7,-2,-7,-2,-7,-2,-7,-2,-7,-2,-7,-2,-7,-2,-7,-2,-7,-2,-7,-3,-7,-3,-7,-4,-7,-4,-7,-4,-6,-4,-6,-5,-5,-5,0,0,0,0,0,0,0,0,0,0,0,0,0,0,59,-52,59,-41,55,-44,55,-43,54,-39,51,-35,50,-41,47,-34,44,-30,36,-28,38,-30,33,-25,31,-25,27,-26,27,-28,24,-22,19,-20,20,-17,15,-21,12,-20,6,-21,6,-16,4,-18,4,-13,-3,-15,-2,-16,-6,-10,-12,-8,-15,-13,-12,-8,-11,-13,-17,-8,-19,-7,-21,-7,-23,-5,-22,-8,-27,-3,-28,-5,-28,-10,-34,-9,-33,-9,-34,-8,-33,-9,-36,-11,-34,-10,-37,-11,-34,-15,-39,-14,-39,-18,-33,-17,-36,-19,-36,-21,-33,-23,-33,-23,-31,-25,-27,-26,-28,-29,0,0,0,0,0,0,0,0,0,0,0,0,0,0,0,0,0,0,0,0,0,0,33,25,32,29,30,33,30,38,27,39,26,40,22,46,22,46,26,49,25,48,25,57,24,55,23,59,22,60,19,63,18,63,23,64,14,65,15,63,9,69,11,65,16,69,14,74,14,71,9,70,13,68,9,70,7,71,6,70,9,70,6,70,13,66,9,64,7,63,14,63,15,64,18,61,23,54,22,56,22,56,26,56,28,54,30,53,29,53,34,55,36,49,40,47,43,50,46,52,52,52,51,52,53,50,55,59,54,56,52,57,59,61,59,60,0,0]"
CSI_DATA,360,1a:00:00:00:00:00,-47,11,1,0,1,1,1,0,0,0,1,-96,0,11,2,5029773,0,44,0,384,0,"[0,0,0,0,0,0,0,0,0,0,0,0,9,7,9,7,8,6,8,6,7,5,7,5,6,4,6,4,6,3,5,3,5,3,5,2,4,2,5,1,4,1,3,0,3,0,3,-1,2,-1,3,-2,2,-1,2,-2,1,-2,1,-3,1,-3,0,-3,0,0,0,-4,0,-4,-1,-5,-1,-5,-1,-5,-1,-6,-1,-6,-1,-6,-2,-6,-1,-7,-1,-7,-1,-7,-1,-7,-1,-7,-1,-7,-1,-8,-1,-8,0,-8,0,-8,0,-8,0,-8,1,-8,1,-7,2,-7,2,-7,3,-7,0,0,0,0,0,0,0,0,0,0,0,0,0,0,55,48,62,51,59,46,55,43,52,42,44,36,49,42,44,36,43,33,37,30,36,35,35,25,32,24,31,17,33,20,27,16,23,12,24,7,25,5,22,5,19,6,15,1,14,-1,12,0,14,-3,10,-11,11,-6,7,-11,3,-14,2,-17,0,-13,2,-17,-3,-23,-4,-23,1,-25,-3,-25,-4,-28,-5,-32,-6,-30,-3,-31,-1,-35,-7,-35,-6,-34,-7,-38,0,-38,-2,-39,-7,-36,-2,-40,3,-36,3,-41,2,-38,3,-42,6,-41,10,-38,11,-39,13,-39,17,-33,0,0,0,0,0,0,0,0,0,0,0,0,0,0,0,0,0,0,0,0,0,0,-16,32,-25,34,-33,34,-32,34,-38,33,-40,30,-42,30,-42,29,-44,30,-45,28,-51,29,-55,27,-51,29,-56,29,-60,28,-60,26,-60,29,-64,26,-60,27,-66,21,-68,21,-68,23,-68,24,-68,22,-66,22,-71,22,-68,21,-66,22,-67,21,-67,22,-63,21,-66,21,-64,22,-58,22,-62,20,-54,25,-57,28,-52,34,-53,33,-52,36,-49,37,-47,40,-44,38,-46,44,-43,46,-40,44,-41,50,-40,56,-34,54,-39,58,-37,60,-41,63,-38,68,-43,65,-46,63,-40,69,-46,65,0,0]"
CSI_DATA,361,1a:00:00:00:00:00,-47,11,1,0,1,1,1,0,0,0,1,-96,0,11,2,5051485,0,44,0,384,0,"[0,0,0,0,0,0,0,0,0,0,0,0,-9,-9,-9,-9,-8,-9,-8,-8,-7,-8,-7,-7,-6,-6,-6,-6,-5,-6,-6,-5,-5,-4,-5,-4,-5,-3,-4,-3,-4,-3,-4,-2,-3,-2,-4,-1,-3,-1,-4,0,-3,0,-3,0,-2,1,-3,1,-2,1,-2,2,0,0,-1,3,-1,3,-1,3,-1,4,-1,4,-1,5,-1,5,-1,5,-1,5,-1,6,-1,6,-1,6,-1,6,-1,6,-1,6,-1,7,-2,6,-2,6,-2,6,-2,6,-2,6,-3,6,-4,6,-4,6,-4,5,-4,5,0,0,0,0,0,0,0,0,0,0,0,0,0,0,-61,-56,-54,-54,-53,-52,-46,-52,-44,-52,-44,-47,-39,-43,-39,-43,-35,-39,-33,-35,-33,-32,-30,-34,-27,-31,-29,-26,-24,-22,-22,-20,-25,-17,-23,-12,-23,-13,-19,-11,-20,-8,-19,-8,-19,-5,-16,2,-14,0,-11,3,-10,8,-9,11,-6,9,-9,13,-8,17,-6,18,-3,17,-3,22,-1,22,0,26,-2,26,-1,33,-2,34,2,33,-2,31,-7,32,-5,38,-7,33,-8,37,-1,39,-7,38,-7,36,-8,34,-10,37,-14,36,-14,37,-17,36,-19,30,-26,30,-23,34,-26,32,0,0,0,0,0,0,0,0,0,0,0,0,0,0,0,0,0,0,0,0,0,0,23,-35,24,-35,31,-32,35,-34,37,-34,38,-34,41,-28,44,-30,46,-28,48,-28,51,-27,55,-24,54,-26,60,-25,60,-23,60,-24,61,-25,62,-24,67,-24,67,-19,63,-22,70,-18,67,-18,65,-17,68,-15,72,-14,68,-13,71,-13,67,-14,70,-14,64,-15,65,-16,65,-18,63,-20,58,-18,59,-19,52,-20,57,-21,52,-26,53,-29,53,-31,50,-36,47,-33,48,-38,46,-41,46,-47,43,-47,44,-53,46,-55,44,-52,44,-54,47,-57,51,-63,47,-61,51,-62,52,-64,48,-62,0,0]"
CSI_DATA,362,1a:00:00:00:00:00,-47,11,1,0,1,1,1,0,0,0,1,-96,0,11,2,5059663,0,44,0,384,0,"[0,0,0,0,0,0,0,0,0,0,0,0,8,-10,8,-9,7,-9,7,-8,7,-7,6,-8,5,-7,5,-7,4,-6,4,-6,4,-6,3,-5,2,-5,2,-5,2,-4,1,-4,0,-4,0,-4,-1,-4,-1,-3,-2,-3,-1,-3,-2,-3,-2,-2,-3,-2,-3,-2,0,0,-4,-1,-4,0,-4,0,-5,-1,-5,0,-5,0,-6,0,-6,0,-7,0,-7,-1,-7,-1,-7,-1,-7,-1,-8,-1,-7,-1,-8,-1,-8,-1,-8,-1,-7,-1,-7,-2,-8,-2,-8,-2,-7,-3,-7,-3,-7,-4,-6,-4,0,0,0,0,0,0,0,0,0,0,0,0,0,0,58,-53,56,-51,57,-52,51,-47,53,-43,48,-40,50,-39,43,-37,43,-33,40,-35,34,-30,30,-29,26,-29,26,-28,21,-26,19,-22,15,-23,15,-19,12,-21,8,-18,8,-22,4,-18,0,-18,3,-19,-5,-17,-2,-15,-4,-12,-11,-8,-13,-7,-13,-6,-13,-2,-21,-3,-18,-5,-23,-1,-25,-2,-22,-2,-28,-4,-31,-3,-34,1,-31,1,-32,-3,-39,-3,-34,-4,-36,-3,-39,-5,-39,-7,-37,-12,-36,-9,-43,-13,-40,-11,-37,-15,-39,-15,-38,-15,-38,-20,-35,-22,-35,-22,-33,-24,0,0,0,0,0,0,0,0,0,0,0,0,0,0,0,0,0,0,0,0,0,0,35,24,33,29,31,35,32,36,27,39,27,43,27,45,22,47,25,47,22,47,22,54,22,56,23,54,24,57,16,62,19,61,21,69,15,63,17,67,9,68,11,68,11,67,10,67,13,69,13,70,13,70,11,69,13,66,8,68,9,66,12,68,11,64,10,64,14,61,16,62,12,61,20,58,24,54,24,52,29,54,28,54,31,48,33,57,36,49,39,47,44,50,41,50,41,47,49,54,48,50,58,44,61,45,57,53,63,49,56,51,56,53,60,57,0,0]"
CSI_DATA,363,1a:00:00:00:00:00,-47,11,1,0,1,1,1,0,0,0,1,-96,0,11,2,5070471,0,44,0,384,0,"[0,0,0,0,0,0,0,0,0,0,0,0,-10,8,-9,8,-8,7,-8,6,-8,6,-7,6,-7,6,-6,6,-5,5,-5,5,-4,4,-4,4,-4,3,-3,3,-2,3,-2,4,-2,3,-1,3,-1,2,0,2,0,2,0,1,1,1,1,1,1,1,2,1,0,0,3,0,3,0,3,0,4,0,4,0,5,-1,5,-1,5,-1,5,0,6,0,5,0,6,0,6,0,6,0,6,1,6,0,6,0,6,1,6,1,6,1,6,1,6,2,6,2,6,3,5,3,5,4,0,0,0,0,0,0,0,0,0,0,0,0,0,0,-58,55,-57,53,-53,51,-53,46,-47,41,-48,44,-48,37,-49,36,-41,32,-37,33,-37,31,-31,30,-27,30,-24,27,-22,28,-20,27,-17,25,-15,24,-13,19,-8,22,-6,18,-5,19,0,18,0,15,3,14,2,14,9,9,8,8,13,9,10,6,15,4,19,5,22,2,21,3,23,0,26,-1,28,1,29,3,32,1,31,1,34,-1,34,1,30,2,36,1,33,0,37,11,39,7,37,4,36,5,37,9,38,10,35,13,39,11,34,13,35,18,36,23,29,20,0,0,0,0,0,0,0,0,0,0,0,0,0,0,0,0,0,0,0,0,0,0,-33,-27,-33,-31,-31,-35,-29,-38,-30,-43,-26,-41,-26,-44,-28,-47,-24,-49,-29,-50,-21,-53,-24,-53,-24,-57,-21,-61,-22,-64,-18,-61,-18,-68,-17,-68,-17,-67,-15,-71,-14,-66,-16,-71,-15,-69,-9,-70,-15,-75,-16,-70,-12,-69,-11,-71,-10,-67,-13,-71,-10,-68,-10,-67,-14,-62,-14,-65,-17,-63,-15,-60,-21,-60,-22,-58,-22,-54,-32,-56,-33,-53,-31,-57,-33,-51,-34,-52,-37,-48,-45,-49,-44,-45,-50,-47,-50,-45,-54,-48,-55,-48,-61,-45,-61,-51,-57,-49,-57,-52,-60,-53,-57,-57,0,0]"
CSI_DATA,364,1a:00:00:00:00:00,-47,11,1,0,1,1,1,0,0,0,1,-96,0,11,2,5081660,0,44,0,384,0,"[0,0,0,0,0,0,0,0,0,0,0,0,7,-11,6,-11,5,-9,5,-9,5,-9,5,-9,4,-8,4,-7,4,-7,3,-6,2,-6,2,-6,1,-6,1,-5,1,-4,0,-5,0,-4,0,-4,-1,-3,-1,-3,-1,-3,-2,-2,-2,-3,-3,-1,-3,-1,-3,-1,0,0,-4,-1,-4,0,-4,0,-5,1,-5,1,-6,1,-6,1,-6,1,-6,1,-6,1,-6,1,-7,1,-7,1,-7,1,-7,0,-7,1,-8,0,-8,0,-8,0,-7,-1,-8,-1,-8,-1,-8,-1,-8,-2,-7,-2,-7,-3,0,0,0,0,0,0,0,0,0,0,0,0,0,0,46,-68,47,-59,37,-61,38,-59,41,-52,43,-51,36,-50,37,-48,32,-44,27,-42,24,-39,22,-36,20,-37,20,-33,20,-28,15,-29,15,-25,10,-22,8,-23,4,-20,1,-20,1,-16,-2,-16,-3,-14,-10,-13,-10,-11,-15,-10,-9,-11,-14,-8,-16,-7,-15,-7,-22,0,-21,-2,-25,5,-26,4,-24,2,-23,6,-28,5,-31,7,-32,4,-36,7,-35,4,-37,0,-36,4,-36,2,-40,3,-39,0,-40,1,-41,0,-42,-2,-38,0,-41,-2,-43,-3,-38,-9,-37,-12,-35,-17,-34,-16,0,0,0,0,0,0,0,0,0,0,0,0,0,0,0,0,0,0,0,0,0,0,37,20,35,25,34,29,34,35,33,39,34,35,32,38,33,41,33,44,28,46,26,50,23,53,27,54,29,58,27,57,26,60,24,62,22,64,25,62,23,65,22,64,24,66,20,68,20,66,19,67,22,69,18,68,22,69,20,68,20,64,16,62,21,64,27,61,26,57,27,60,28,57,30,54,27,53,27,54,33,51,38,51,40,46,39,46,40,48,44,44,55,40,53,38,55,36,58,39,56,40,57,45,61,40,63,39,64,36,63,42,67,41,73,42,0,0]"
CSI_DATA,365,1a:00:00:00:00:00,-47,11,1,0,1,1,1,0,0,0,1,-96,0,11,2,5089495,0,44,0,384,0,"[0,0,0,0,0,0,0,0,0,0,0,0,-7,10,-7,10,-7,9,-7,8,-6,8,-6,7,-5,7,-5,6,-4,6,-4,6,-4,5,-3,5,-3,4,-2,4,-1,3,-1,4,-1,3,0,3,0,2,0,2,0,2,1,1,1,1,2,0,2,0,2,0,0,0,3,0,3,-1,3,-1,4,-1,4,-1,5,-2,5,-2,5,-2,5,-1,6,-1,6,-2,6,-2,6,-1,6,-1,6,-1,7,-1,7,-1,7,-1,7,-1,7,0,7,0,7,0,7,1,6,1,6,2,6,2,0,0,0,0,0,0,0,0,0,0,0,0,0,0,-41,66,-39,57,-41,64,-37,61,-26,54,-35,56,-29,49,-32,48,-27,43,-26,45,-21,43,-18,38,-20,36,-13,32,-11,32,-11,28,-11,26,-5,28,-5,22,-2,18,2,21,2,16,4,13,3,14,3,10,7,8,10,7,11,7,12,6,11,1,16,-6,21,-7,15,-2,20,-7,21,-11,26,-9,24,-12,28,-12,27,-14,28,-14,28,-12,33,-15,33,-16,34,-13,36,-13,33,-17,38,-15,36,-9,39,-9,37,-13,39,-9,39,-6,36,-7,34,-4,40,-4,36,1,38,5,0,0,0,0,0,0,0,0,0,0,0,0,0,0,0,0,0,0,0,0,0,0,-34,-27,-33,-30,-32,-31,-34,-39,-26,-38,-28,-45,-28,-43,-26,-46,-27,-49,-27,-48,-24,-54,-23,-54,-28,-58,-24,-60,-24,-62,-23,-58,-28,-66,-20,-63,-24,-67,-20,-63,-23,-69,-26,-70,-19,-66,-17,-71,-20,-68,-19,-70,-17,-67,-19,-70,-19,-69,-24,-73,-16,-63,-24,-69,-23,-63,-23,-59,-28,-58,-25,-57,-27,-54,-32,-54,-32,-47,-38,-51,-39,-48,-44,-41,-46,-48,-43,-41,-49,-40,-56,-36,-55,-35,-58,-34,-60,-33,-56,-34,-63,-36,-64,-34,-74,-37,-68,-34,-73,-34,-75,-36,-74,-37,0,0]"
CSI_DATA,366,1a:00:00:00:00:00,-47,11,1,0,1,1,1,0,0,0,1,-96,0,11,2,5099545,0,44,0,384,0,"[0,0,0,0,0,0,0,0,0,0,0,0,11,3,10,3,10,3,10,3,8,3,8,2,7,2,7,1,6,1,6,1,6,1,5,0,5,0,4,0,4,0,3,-1,3,-1,3,-2,3,-2,1,-2,1,-2,1,-2,0,-2,0,-3,0,-3,-1,-3,0,0,-2,-4,-2,-4,-2,-4,-3,-4,-2,-4,-3,-5,-3,-5,-3,-5,-4,-6,-4,-5,-4,-6,-4,-6,-3,-6,-4,-6,-3,-6,-4,-7,-3,-6,-3,-7,-3,-7,-3,-7,-3,-7,-2,-8,-2,-7,-2,-7,-1,-7,0,-7,0,0,0,0,0,0,0,0,0,0,0,0,0,0,68,40,57,39,66,36,59,36,55,32,52,35,53,30,49,28,45,28,41,23,40,26,38,19,36,16,32,18,30,12,30,8,24,4,24,1,24,3,19,4,18,-1,15,-1,13,0,12,-7,9,-6,11,-11,5,-10,7,-15,3,-17,1,-18,-2,-17,-6,-20,-2,-15,-9,-22,-6,-20,-10,-23,-11,-27,-11,-29,-10,-30,-13,-31,-11,-31,-15,-35,-13,-37,-17,-39,-11,-37,-11,-33,-11,-38,-11,-38,-9,-41,-11,-42,-7,-40,-8,-38,0,-42,-4,-39,-4,-41,3,-40,7,-41,0,0,0,0,0,0,0,0,0,0,0,0,0,0,0,0,0,0,0,0,0,0,-26,35,-28,31,-38,34,-38,32,-38,30,-40,32,-46,25,-45,27,-49,26,-50,26,-54,26,-52,26,-57,28,-59,26,-61,25,-58,24,-64,24,-60,21,-66,21,-69,22,-67,17,-70,22,-66,15,-69,20,-68,19,-74,21,-74,18,-69,19,-65,22,-65,22,-63,23,-63,22,-65,22,-65,26,-59,28,-60,27,-54,26,-47,30,-53,33,-50,37,-49,37,-45,42,-44,45,-41,50,-43,47,-32,51,-39,52,-36,56,-39,57,-35,61,-30,62,-32,68,-41,68,-37,66,-34,69,-37,74,-38,76,0,0]"
CSI_DATA,367,1a:00:00:00:00:00,-47,11,1,0,1,1,1,0,0,0,1,-96,0,11,2,5110197,0,44,0,384,0,"[0,0,0,0,0,0,0,0,0,0,0,0,2,-12,2,-12,2,-11,2,-10,1,-10,2,-9,1,-9,1,-8,1,-8,0,-7,1,-7,0,-6,-1,-6,-1,-5,-1,-4,-1,-4,-2,-4,-2,-4,-2,-3,-2,-2,-2,-2,-3,-2,-2,-1,-3,-1,-3,0,-3,0,0,0,-3,1,-4,1,-4,1,-4,1,-5,2,-5,2,-5,2,-5,3,-6,2,-6,3,-6,2,-6,2,-6,3,-6,3,-7,2,-7,2,-7,2,-7,2,-7,2,-7,2,-7,1,-7,1,-8,1,-7,0,-7,0,-7,-1,0,0,0,0,0,0,0,0,0,0,0,0,0,0,20,-76,22,-74,20,-67,22,-71,20,-64,19,-60,20,-54,19,-58,16,-54,12,-50,9,-47,8,-44,8,-42,8,-36,3,-35,3,-33,4,-28,0,-27,-2,-23,-2,-20,-8,-23,-5,-17,-7,-14,-8,-14,-10,-8,-8,-10,-13,-2,-12,-4,-12,-5,-15,-2,-15,-1,-18,7,-17,3,-24,8,-26,10,-25,6,-24,14,-24,9,-25,11,-31,11,-33,18,-31,12,-35,12,-33,12,-37,16,-36,13,-37,11,-39,8,-38,5,-38,9,-41,12,-41,5,-41,4,-37,3,-42,0,-36,-5,-37,-6,0,0,0,0,0,0,0,0,0,0,0,0,0,0,0,0,0,0,0,0,0,0,39,3,43,9,44,12,43,14,44,20,46,24,45,23,45,27,47,27,45,29,48,32,48,38,49,34,49,39,49,40,49,44,53,46,48,48,48,46,50,51,48,52,50,50,46,55,48,51,46,56,50,48,45,54,44,55,43,55,45,52,43,55,47,47,43,47,44,45,46,42,47,45,45,40,47,34,48,35,51,33,52,33,54,29,57,28,57,26,59,22,57,15,60,17,66,18,66,20,67,8,66,15,75,10,72,1,76,6,74,10,75,13,85,16,0,0]"
CSI_DATA,368,1a:00:00:00:00:00,-47,11,1,0,1,1,1,0,0,0,1,-96,0,11,2,5129809,0,44,0,384,0,"[0,0,0,0,0,0,0,0,0,0,0,0,-2,-13,-2,-13,-2,-11,-2,-11,-2,-10,-1,-10,-2,-9,-1,-9,-1,-8,-2,-7,-2,-7,-2,-6,-2,-6,-2,-5,-2,-5,-2,-4,-3,-4,-3,-3,-3,-2,-3,-2,-3,-2,-3,-1,-3,-1,-3,0,-3,0,-3,1,0,0,-3,2,-4,2,-4,2,-3,2,-4,3,-4,3,-4,4,-5,4,-4,4,-4,4,-5,4,-5,4,-5,4,-6,4,-6,4,-6,4,-6,4,-6,4,-6,3,-7,3,-7,3,-7,2,-7,2,-7,2,-7,1,-7,1,0,0,0,0,0,0,0,0,0,0,0,0,0,0,1,-80,3,-75,1,-72,3,-70,1,-69,2,-65,0,-62,2,-58,-2,-55,2,-53,1,-46,-1,-43,0,-38,-1,-39,-4,-35,-7,-34,-6,-32,-8,-28,-7,-20,-7,-20,-11,-20,-10,-18,-6,-8,-12,-11,-11,-10,-8,-5,-13,-4,-13,1,-13,3,-15,5,-17,6,-18,12,-16,9,-19,13,-20,13,-22,14,-19,20,-22,21,-23,21,-25,23,-25,24,-26,23,-25,26,-30,25,-29,26,-30,20,-29,18,-32,26,-32,21,-37,20,-35,18,-36,18,-39,14,-39,13,-37,12,-35,8,-38,5,0,0,0,0,0,0,0,0,0,0,0,0,0,0,0,0,0,0,0,0,0,0,37,-8,45,0,44,0,45,6,46,6,46,12,52,14,50,12,50,17,53,17,55,23,56,19,57,21,60,23,58,26,58,31,57,33,57,33,59,33,57,37,61,37,62,41,57,35,59,38,60,40,59,36,61,38,60,37,59,39,55,36,55,35,60,38,55,33,55,32,57,30,59,32,54,24,56,21,54,18,60,18,58,16,56,15,60,10,62,7,59,5,64,8,68,1,61,-4,68,-1,70,-4,70,-7,75,-6,79,-8,75,-8,72,-9,77,-11,87,-4,0,0]"
CSI_DATA,369,1a:00:00:00:00:00,-47,11,1,0,1,1,1,0,0,0,1,-96,0,11,2,5142619,0,44,0,384,0,"[0,0,0,0,0,0,0,0,0,0,0,0,-8,10,-8,9,-7,8,-7,8,-7,7,-6,7,-6,7,-5,6,-5,6,-4,6,-4,5,-3,5,-3,4,-2,4,-2,3,-1,4,-1,3,-1,3,0,2,0,2,0,2,1,1,1,1,2,1,1,0,2,1,0,0,3,0,3,0,4,-1,4,-1,4,-1,5,-1,5,-2,5,-1,5,-1,6,-1,6,-1,6,-1,6,-1,6,-1,7,-1,7,-1,7,-1,6,0,7,0,7,0,7,0,6,1,6,1,7,2,6,2,6,3,0,0,0,0,0,0,0,0,0,0,0,0,0,0,-54,54,-54,53,-53,53,-50,51,-48,46,-47,41,-43,44,-44,42,-36,37,-37,35,-28,37,-29,30,-29,29,-23,25,-20,29,-16,25,-16,22,-12,23,-10,21,-6,18,-6,16,-4,17,-1,19,-2,14,5,10,4,11,7,8,8,10,10,5,12,6,19,3,15,2,18,1,20,0,24,0,25,-1,27,-1,27,-3,34,-3,32,0,33,0,36,-3,38,-3,32,-3,35,-2,37,-2,38,2,39,-1,40,3,37,5,40,5,40,8,38,13,36,12,37,12,36,15,34,18,0,0,0,0,0,0,0,0,0,0,0,0,0,0,0,0,0,0,0,0,0,0,-30,-25,-28,-33,-28,-36,-26,-43,-28,-40,-24,-46,-22,-46,-23,-49,-21,-50,-21,-53,-20,-58,-20,-60,-22,-60,-19,-60,-19,-61,-20,-67,-16,-63,-18,-72,-15,-65,-11,-69,-17,-69,-13,-72,-12,-69,-9,-75,-8,-74,-12,-72,-12,-70,-10,-72,-13,-70,-12,-67,-11,-65,-12,-65,-14,-69,-14,-63,-13,-66,-15,-60,-19,-61,-23,-63,-24,-56,-27,-56,-30,-52,-32,-52,-32,-53,-38,-49,-37,-49,-39,-49,-45,-49,-50,-45,-53,-48,-52,-47,-56,-47,-58,-50,-59,-47,-59,-49,-65,-52,-63,-48,-60,-54,0,0]"
CSI_DATA,370,1a:00:00:00:00:00,-47,11,1,0,1,1,1,0,0,0,1,-96,0,11,2,5150732,0,44,0,384,0,"[0,0,0,0,0,0,0,0,0,0,0,0,-4,12,-4,10,-3,10,-4,9,-4,9,-3,8,-3,8,-3,7,-2,7,-2,6,-2,6,-1,6,-1,5,-1,4,0,4,0,4,0,3,0,3,1,2,1,1,1,1,2,1,2,0,2,0,2,0,2,-1,0,0,3,-1,3,-2,3,-2,3,-3,4,-3,4,-3,5,-3,4,-3,5,-4,5,-4,5,-3,6,-4,6,-4,6,-3,6,-4,6,-3,6,-3,6,-3,6,-3,7,-2,7,-2,7,-2,7,-1,7,-1,7,-1,6,0,0,0,0,0,0,0,0,0,0,0,0,0,0,0,-17,74,-13,76,-11,71,-13,70,-15,70,-16,61,-10,58,-16,55,-13,51,-8,47,-8,43,-7,42,-6,40,-6,33,-4,34,0,32,2,26,1,24,2,23,3,20,7,22,5,17,4,10,7,12,8,8,6,7,13,6,15,1,15,-1,17,-5,16,-6,16,-9,16,-8,22,-8,26,-15,22,-15,22,-13,27,-15,26,-16,28,-19,30,-20,29,-19,32,-14,34,-18,33,-19,34,-17,35,-12,35,-21,38,-17,35,-15,38,-11,35,-14,40,-9,37,-10,38,-8,38,-2,34,-1,0,0,0,0,0,0,0,0,0,0,0,0,0,0,0,0,0,0,0,0,0,0,-43,0,-43,-7,-45,-9,-49,-13,-47,-19,-51,-22,-47,-22,-48,-24,-46,-27,-49,-25,-52,-31,-50,-31,-55,-32,-54,-34,-53,-35,-49,-44,-54,-41,-54,-44,-52,-42,-53,-45,-52,-50,-53,-50,-55,-52,-51,-50,-50,-53,-54,-49,-49,-50,-52,-53,-48,-49,-51,-46,-50,-48,-49,-47,-49,-44,-55,-42,-47,-43,-51,-42,-54,-34,-57,-34,-54,-33,-52,-29,-54,-29,-56,-21,-57,-22,-59,-16,-60,-20,-59,-11,-68,-13,-65,-10,-68,-10,-72,-10,-70,-10,-77,-7,-77,-7,-78,-9,-80,-3,-81,-10,-81,-12,0,0]"
CSI_DATA,371,1a:00:00:00:00:00,-47,11,1,0,1,1,1,0,0,0,1,-96,0,11,2,5170281,0,44,0,384,0,"[0,0,0,0,0,0,0,0,0,0,0,0,11,-7,10,-7,9,-6,9,-6,8,-6,8,-6,7,-5,6,-5,6,-5,5,-5,5,-4,4,-4,3,-4,3,-4,3,-4,2,-4,1,-4,1,-4,1,-3,0,-3,0,-3,-1,-3,-1,-3,-2,-2,-2,-2,-3,-3,0,0,-4,-2,-4,-2,-4,-2,-5,-2,-5,-2,-6,-2,-6,-2,-6,-2,-7,-3,-6,-3,-7,-3,-7,-2,-7,-3,-7,-3,-7,-3,-7,-4,-7,-3,-7,-4,-7,-4,-7,-4,-7,-5,-7,-5,-6,-5,-6,-5,-5,-6,-5,-6,0,0,0,0,0,0,0,0,0,0,0,0,0,0,68,-29,68,-28,69,-30,65,-24,66,-21,59,-20,56,-20,53,-18,50,-19,50,-15,44,-21,39,-15,37,-17,33,-15,28,-14,28,-15,25,-17,20,-13,19,-15,16,-13,14,-13,10,-13,9,-15,6,-14,6,-15,3,-14,-2,-15,-7,-13,-6,-12,-9,-13,-12,-8,-15,-13,-13,-14,-21,-11,-23,-13,-21,-15,-25,-14,-26,-15,-27,-14,-28,-16,-28,-21,-35,-18,-32,-20,-34,-19,-34,-23,-34,-24,-34,-24,-32,-24,-33,-27,-30,-25,-32,-27,-31,-29,-26,-31,-22,-30,-21,-32,-19,-34,-17,-32,0,0,0,0,0,0,0,0,0,0,0,0,0,0,0,0,0,0,0,0,0,0,26,30,26,37,21,39,22,41,18,44,17,49,13,49,13,48,12,54,13,55,12,56,10,56,9,60,9,62,6,67,3,60,2,71,-1,65,-1,70,0,70,-5,72,-9,72,-5,71,-8,72,-3,73,-6,70,-3,72,-9,72,-7,65,-9,70,-10,61,-5,69,-6,64,-5,67,-6,64,-1,64,4,56,7,59,6,57,6,58,9,61,12,54,18,59,16,60,20,56,30,53,29,58,28,62,37,60,34,62,33,63,38,64,41,66,38,65,45,70,42,71,39,75,0,0]"
CSI_DATA,372,1a:00:00:00:00:00,-47,11,1,0,1,1,1,0,0,0,1,-96,0,11,2,5182354,0,44,0,384,0,"[0,0,0,0,0,0,0,0,0,0,0,0,7,-11,6,-10,6,-9,6,-9,5,-8,5,-8,4,-8,4,-7,4,-7,3,-6,2,-6,2,-6,2,-5,1,-5,1,-4,0,-4,0,-4,0,-4,-1,-3,-1,-3,-2,-2,-2,-2,-2,-2,-3,-2,-3,-1,-3,-1,0,0,-4,-1,-4,-1,-5,0,-5,0,-5,0,-6,0,-6,0,-6,0,-6,0,-7,0,-7,0,-7,0,-7,0,-7,0,-7,0,-7,0,-8,-1,-8,-1,-7,-1,-7,-2,-7,-2,-8,-2,-7,-2,-7,-3,-7,-3,-7,-4,0,0,0,0,0,0,0,0,0,0,0,0,0,0,51,-66,49,-62,47,-55,48,-55,43,-51,43,-46,40,-46,37,-44,37,-39,31,-38,28,-36,28,-34,27,-37,22,-31,19,-25,18,-26,14,-27,12,-22,9,-26,8,-22,3,-19,1,-14,-1,-16,1,-15,-1,-12,-6,-12,-10,-9,-11,-10,-15,-7,-18,-8,-19,-6,-20,-4,-23,-1,-18,-5,-27,-1,-25,3,-28,-1,-31,0,-30,0,-29,1,-33,-4,-34,-1,-34,0,-36,-1,-38,2,-39,-2,-41,-2,-40,-4,-36,-5,-41,-9,-42,-9,-41,-10,-39,-11,-35,-11,-37,-14,-34,-21,-31,-19,0,0,0,0,0,0,0,0,0,0,0,0,0,0,0,0,0,0,0,0,0,0,37,19,36,24,36,26,33,28,32,35,31,38,29,38,33,40,32,43,31,46,30,47,32,51,29,48,29,57,33,54,28,57,30,61,29,64,25,61,23,62,23,67,25,73,21,67,24,66,21,68,21,69,20,68,21,68,22,65,22,64,22,61,24,60,19,62,20,59,21,58,29,57,24,55,26,51,30,55,34,49,32,51,36,46,44,46,45,46,40,43,49,36,49,44,54,40,57,42,59,45,62,38,61,41,62,42,64,39,66,40,70,43,71,44,0,0]"
CSI_DATA,373,1a:00:00:00:00:00,-47,11,1,0,1,1,1,0,0,0,1,-96,0,11,2,5190559,0,44,0,384,0,"[0,0,0,0,0,0,0,0,0,0,0,0,0,12,0,11,1,11,0,10,0,9,0,9,0,8,0,8,0,7,0,6,1,6,1,6,1,4,1,4,1,3,1,3,1,3,1,2,2,2,2,1,1,1,2,0,2,0,2,-1,2,-1,2,-2,0,0,3,-2,3,-3,3,-3,3,-3,3,-4,3,-4,3,-4,4,-4,4,-5,4,-5,4,-5,5,-5,5,-5,5,-5,5,-5,5,-5,6,-5,6,-5,6,-4,6,-4,6,-4,6,-3,6,-3,7,-2,6,-2,6,-1,0,0,0,0,0,0,0,0,0,0,0,0,0,0,11,71,10,75,6,73,9,66,8,64,8,59,7,56,7,58,6,55,8,49,7,44,9,44,5,41,5,38,8,33,8,30,9,29,9,24,11,20,13,17,9,17,11,10,12,9,9,7,10,4,12,5,13,1,12,-3,15,-4,11,-7,12,-8,14,-14,12,-13,13,-21,15,-17,15,-22,18,-23,16,-22,20,-26,15,-28,21,-28,20,-30,23,-26,24,-28,26,-29,26,-27,30,-26,26,-31,25,-28,28,-27,34,-26,32,-23,33,-22,33,-19,33,-16,33,-14,37,-11,0,0,0,0,0,0,0,0,0,0,0,0,0,0,0,0,0,0,0,0,0,0,-37,12,-45,9,-47,4,-49,2,-49,0,-51,-1,-52,0,-55,-9,-55,-8,-55,-11,-56,-17,-61,-13,-60,-18,-60,-15,-60,-19,-64,-19,-67,-23,-61,-28,-65,-27,-65,-29,-69,-27,-66,-25,-63,-30,-63,-31,-67,-34,-65,-30,-61,-33,-63,-31,-62,-32,-64,-29,-61,-29,-64,-28,-63,-26,-61,-26,-61,-27,-61,-20,-56,-15,-62,-12,-58,-16,-55,-11,-63,-7,-57,-3,-63,-3,-64,-3,-62,-2,-65,11,-62,11,-68,10,-70,16,-70,14,-70,16,-72,18,-77,21,-74,17,-81,15,-82,18,-74,18,0,0]"
CSI_DATA,374,1a:00:00:00:00:00,-47,11,1,0,1,1,1,0,0,0,1,-96,0,11,2,5199517,0,44,0,384,0,"[0,0,0,0,0,0,0,0,0,0,0,0,-12,5,-11,5,-11,4,-10,4,-9,3,-9,4,-8,4,-7,4,-7,3,-6,3,-6,3,-5,3,-5,2,-4,2,-4,2,-3,2,-2,3,-2,2,-2,2,-1,2,-1,2,0,2,0,2,1,1,1,1,2,2,0,0,3,1,3,1,3,1,4,1,4,1,4,1,5,1,5,1,5,2,5,2,6,2,5,2,5,2,6,2,6,3,6,3,6,3,6,3,6,3,5,4,5,4,5,4,5,4,5,5,4,5,4,5,0,0,0,0,0,0,0,0,0,0,0,0,0,0,-80,22,-73,24,-65,25,-67,19,-67,19,-62,18,-62,19,-56,17,-50,11,-47,12,-42,15,-44,10,-39,15,-36,12,-33,11,-25,15,-25,12,-25,12,-21,12,-17,15,-13,15,-11,11,-11,11,-6,12,-5,10,-1,11,5,12,2,10,10,12,10,11,7,9,15,12,15,13,19,10,19,10,24,18,25,18,26,17,25,15,31,14,29,17,31,20,32,18,33,17,32,20,30,21,34,23,34,21,31,24,30,29,29,23,32,24,25,25,23,31,21,34,20,33,17,33,0,0,0,0,0,0,0,0,0,0,0,0,0,0,0,0,0,0,0,0,0,0,-17,-41,-13,-41,-9,-48,-9,-52,-8,-49,-4,-50,-5,-49,-1,-52,0,-55,2,-57,4,-60,7,-60,6,-61,9,-61,12,-63,12,-66,14,-68,15,-69,14,-65,17,-68,17,-69,19,-74,24,-71,24,-70,26,-67,22,-69,23,-67,20,-67,19,-69,19,-66,20,-65,20,-66,17,-65,16,-63,11,-64,7,-65,8,-60,4,-59,4,-61,2,-61,-1,-61,-5,-60,-7,-57,-14,-63,-13,-58,-14,-55,-20,-58,-26,-64,-28,-67,-24,-65,-27,-67,-29,-68,-31,-73,-27,-74,-37,-75,-29,-77,-33,-79,0,0]"
CSI_DATA,375,1a:00:00:00:00:00,-47,11,1,0,1,1,1,0,0,0,1,-96,0,11,2,5221172,0,44,0,384,0,"[0,0,0,0,0,0,0,0,0,0,0,0,-5,-11,-5,-11,-5,-10,-4,-10,-4,-9,-4,-9,-4,-8,-4,-8,-4,-7,-4,-6,-4,-6,-3,-5,-4,-5,-3,-4,-4,-4,-3,-3,-3,-3,-3,-2,-3,-1,-3,-1,-3,-1,-3,0,-2,0,-3,1,-3,1,-2,1,0,0,-2,2,-2,3,-3,3,-2,4,-2,4,-2,4,-2,5,-3,5,-2,5,-2,5,-2,5,-3,6,-3,6,-3,6,-3,6,-3,6,-4,6,-4,6,-4,6,-4,5,-4,6,-5,5,-5,5,-5,5,-5,4,-6,4,0,0,0,0,0,0,0,0,0,0,0,0,0,0,-18,-76,-12,-73,-18,-68,-15,-65,-16,-66,-14,-64,-12,-61,-12,-56,-12,-53,-10,-49,-9,-50,-9,-42,-11,-41,-12,-35,-10,-31,-15,-30,-11,-28,-13,-22,-16,-19,-14,-19,-14,-11,-13,-13,-13,-12,-8,-4,-15,0,-13,0,-11,1,-11,5,-12,8,-15,6,-12,11,-16,14,-11,13,-14,21,-15,21,-15,24,-14,22,-16,27,-16,28,-16,28,-17,29,-16,28,-16,29,-14,33,-17,34,-20,27,-24,34,-20,32,-25,28,-24,29,-23,34,-27,30,-27,29,-29,27,-31,24,-32,24,-31,18,0,0,0,0,0,0,0,0,0,0,0,0,0,0,0,0,0,0,0,0,0,0,41,-9,46,-3,44,-1,48,3,47,8,52,7,48,11,47,9,53,15,49,14,51,19,58,22,60,21,61,23,59,27,55,28,61,27,61,28,64,30,63,31,62,32,64,36,60,36,57,37,60,35,62,34,62,36,62,36,61,36,61,33,60,34,61,27,59,27,61,26,58,22,59,21,59,16,58,16,57,11,62,13,58,2,58,2,59,4,65,-2,63,-3,60,-1,64,-8,65,-18,67,-15,66,-16,68,-18,72,-20,74,-22,69,-23,78,-20,75,-25,77,-23,0,0]"
CSI_DATA,376,1a:00:00:00:00:00,-47,11,1,0,1,1,1,0,0,0,1,-96,0,11,2,5229650,0,44,0,384,0,"[0,0,0,0,0,0,0,0,0,0,0,0,-12,2,-12,2,-11,2,-11,1,-10,2,-9,2,-9,2,-8,1,-7,2,-7,1,-6,2,-6,2,-5,2,-5,2,-4,2,-3,2,-3,2,-2,2,-2,2,-2,2,-1,2,-1,2,0,2,0,1,1,2,1,2,0,0,2,2,2,2,3,2,3,2,3,2,4,2,4,2,4,2,5,3,5,3,5,3,5,3,5,3,5,3,6,4,5,4,5,4,5,4,5,4,5,5,5,5,4,5,4,5,4,5,3,6,2,6,0,0,0,0,0,0,0,0,0,0,0,0,0,0,-80,7,-78,6,-76,5,-68,8,-68,2,-65,2,-61,4,-55,4,-53,1,-51,6,-46,6,-47,4,-41,7,-41,4,-34,3,-30,6,-29,7,-22,3,-21,10,-20,8,-15,10,-13,8,-13,10,-5,13,-8,13,-1,15,-2,11,4,13,1,11,8,10,5,12,13,12,17,17,18,15,21,14,19,15,21,15,22,16,25,21,27,22,27,20,29,22,25,23,28,25,25,26,26,27,27,27,29,28,27,30,26,29,24,31,26,31,22,33,21,32,17,36,14,34,12,37,0,0,0,0,0,0,0,0,0,0,0,0,0,0,0,0,0,0,0,0,0,0,-7,-40,-3,-44,2,-45,4,-48,8,-49,11,-48,12,-52,13,-51,14,-56,20,-55,23,-54,23,-57,22,-57,21,-58,26,-60,31,-59,30,-59,33,-59,34,-60,33,-59,31,-65,36,-63,34,-65,37,-61,40,-61,35,-59,37,-59,36,-59,38,-59,37,-58,33,-57,33,-59,34,-58,28,-59,28,-57,26,-55,23,-58,21,-55,18,-59,14,-57,10,-59,8,-59,5,-60,3,-62,4,-61,-8,-61,-4,-64,-9,-66,-14,-65,-9,-71,-13,-72,-16,-74,-12,-76,-15,-72,-14,-78,-14,-79,-10,-84,0,0]"
CSI_DATA,377,1a:00:00:00:00:00,-47,11,1,0,1,1,1,0,0,0,1,-96,0,11,2,5239710,0,44,0,384,0,"[0,0,0,0,0,0,0,0,0,0,0,0,1,11,0,11,1,10,0,10,0,9,0,8,1,8,1,7,1,7,1,6,1,6,1,5,1,4,1,4,1,3,1,3,1,2,1,2,2,1,2,1,2,0,2,0,1,0,2,-1,2,-1,2,-2,0,0,2,-3,3,-3,2,-4,2,-4,3,-4,3,-5,3,-5,3,-5,3,-5,3,-5,3,-5,4,-5,4,-5,4,-5,4,-5,4,-5,5,-5,5,-5,5,-5,5,-5,5,-5,6,-4,6,-4,6,-3,6,-3,6,-2,0,0,0,0,0,0,0,0,0,0,0,0,0,0,10,77,15,72,13,75,5,70,10,69,11,64,7,58,8,58,8,50,9,52,3,47,9,42,8,41,7,35,10,31,9,28,11,29,12,24,15,22,13,16,13,19,10,7,10,10,14,3,9,5,11,-2,15,-1,11,-4,9,-10,14,-8,7,-10,13,-12,10,-18,10,-18,12,-21,14,-21,15,-21,14,-24,19,-29,19,-32,18,-30,22,-29,19,-33,21,-33,22,-30,22,-33,24,-32,24,-31,29,-27,26,-28,29,-24,26,-30,30,-25,31,-21,31,-24,30,-22,35,-16,0,0,0,0,0,0,0,0,0,0,0,0,0,0,0,0,0,0,0,0,0,0,-43,7,-46,2,-47,-1,-50,-4,-50,-5,-50,-8,-50,-16,-54,-13,-50,-16,-53,-12,-54,-16,-58,-18,-60,-14,-62,-20,-63,-27,-58,-31,-65,-29,-62,-29,-61,-26,-65,-34,-62,-33,-61,-38,-65,-33,-62,-34,-61,-36,-62,-34,-62,-35,-62,-41,-63,-34,-61,-35,-58,-32,-61,-33,-61,-33,-61,-29,-59,-21,-56,-26,-56,-22,-59,-16,-58,-17,-64,-12,-61,-9,-60,-3,-59,-4,-64,1,-68,3,-62,7,-67,9,-65,11,-68,10,-69,13,-68,20,-73,18,-75,19,-74,19,-76,23,-77,17,-82,20,0,0]"
CSI_DATA,378,1a:00:00:00:00:00,-47,11,1,0,1,1,1,0,0,0,1,-96,0,11,2,5259879,0,44,0,384,0,"[0,0,0,0,0,0,0,0,0,0,0,0,11,-2,10,-2,10,-2,10,-2,9,-2,8,-2,8,-2,7,-2,6,-2,6,-2,5,-2,5,-2,4,-2,4,-2,3,-2,2,-3,2,-3,1,-3,1,-3,1,-3,0,-3,0,-2,-1,-3,-1,-3,-2,-2,-2,-3,0,0,-4,-3,-3,-3,-4,-2,-5,-3,-4,-3,-5,-3,-5,-3,-5,-2,-6,-3,-6,-3,-6,-4,-6,-3,-6,-4,-6,-4,-6,-4,-6,-4,-6,-4,-6,-4,-6,-4,-6,-4,-6,-5,-6,-5,-5,-5,-5,-6,-4,-6,-4,-6,0,0,0,0,0,0,0,0,0,0,0,0,0,0,77,-23,69,-17,66,-19,66,-17,63,-18,63,-16,57,-14,56,-11,51,-14,48,-17,45,-15,42,-16,39,-14,33,-14,33,-10,30,-15,25,-17,20,-17,22,-12,13,-13,12,-17,8,-14,6,-12,2,-16,4,-10,-1,-14,-3,-12,-4,-13,-8,-12,-12,-11,-12,-11,-15,-14,-16,-8,-18,-11,-22,-11,-24,-10,-27,-13,-24,-15,-33,-10,-29,-15,-32,-12,-32,-17,-35,-16,-36,-19,-35,-20,-33,-16,-36,-16,-32,-21,-33,-21,-32,-22,-35,-25,-35,-23,-29,-28,-27,-25,-25,-30,-25,-31,-20,-28,0,0,0,0,0,0,0,0,0,0,0,0,0,0,0,0,0,0,0,0,0,0,10,42,4,42,0,46,-2,48,-5,48,-7,50,-10,52,-10,48,-11,52,-16,54,-18,52,-23,57,-20,56,-23,60,-21,59,-28,60,-25,62,-23,64,-29,62,-27,63,-29,62,-31,63,-30,61,-33,61,-32,65,-34,64,-32,63,-33,67,-33,63,-31,62,-29,63,-28,63,-24,60,-22,64,-21,61,-21,61,-13,57,-14,57,-15,62,-4,62,-5,62,-3,57,-1,58,4,64,8,62,6,59,11,61,15,63,17,65,22,65,24,67,23,70,27,72,22,69,22,76,24,78,25,73,0,0]"
CSI_DATA,379,1a:00:00:00:00:00,-47,11,1,0,1,1,1,0,0,0,1,-96,0,11,2,5270141,0,44,0,384,0,"[0,0,0,0,0,0,0,0,0,0,0,0,1,-13,1,-13,0,-11,1,-11,0,-10,1,-10,0,-9,0,-9,0,-8,0,-7,0,-7,-1,-6,-1,-6,-1,-5,-1,-4,-2,-4,-2,-4,-2,-3,-2,-3,-2,-2,-3,-2,-3,-1,-3,-1,-3,0,-3,0,-3,0,0,0,-4,1,-4,2,-4,2,-4,2,-4,3,-5,3,-5,3,-5,3,-6,4,-5,3,-6,3,-6,3,-6,3,-6,3,-6,3,-6,3,-7,3,-7,3,-7,3,-7,2,-7,2,-8,2,-8,1,-7,1,-7,0,-7,-1,0,0,0,0,0,0,0,0,0,0,0,0,0,0,-3,-79,1,-81,1,-75,0,-70,0,-71,0,-64,-2,-64,0,-57,4,-60,-3,-51,-4,-47,-2,-48,-2,-39,-2,-42,-7,-34,-8,-31,-7,-27,-10,-23,-6,-19,-12,-22,-9,-15,-9,-15,-11,-13,-10,-8,-11,-6,-14,-5,-12,-1,-15,-2,-15,4,-14,6,-19,9,-16,12,-18,15,-14,16,-20,19,-20,15,-18,21,-18,24,-21,26,-22,25,-25,27,-26,26,-27,27,-25,25,-27,25,-32,29,-32,25,-33,27,-28,24,-33,28,-33,26,-32,25,-36,23,-39,19,-35,15,-38,11,-39,9,0,0,0,0,0,0,0,0,0,0,0,0,0,0,0,0,0,0,0,0,0,0,42,-2,40,0,45,5,44,8,47,13,44,15,50,13,50,17,53,15,53,21,52,27,53,24,53,29,53,30,53,31,57,35,58,33,58,37,51,36,59,36,57,37,56,43,60,45,59,44,57,47,54,43,51,44,54,39,56,41,56,37,57,41,53,37,56,34,57,32,59,29,55,31,61,28,57,24,57,25,58,19,55,19,58,15,61,11,64,9,59,4,63,3,65,4,69,-4,66,-5,72,-5,65,-8,72,-10,73,-7,79,-12,79,-5,75,-10,79,-11,0,0]"
CSI_DATA,380,1a:00:00:00:00:00,-47,11,1,0,1,1,1,0,0,0,1,-96,0,11,2,5279498,0,44,0,384,0,"[0,0,0,0,0,0,0,0,0,0,0,0,11,0,10,0,10,0,10,0,9,0,8,0,7,0,7,-1,6,0,6,0,5,-1,5,-1,4,-1,4,-1,4,-1,3,-2,2,-2,2,-2,1,-2,1,-2,1,-2,0,-2,0,-3,-1,-3,-1,-3,-1,-3,0,0,-3,-3,-3,-3,-3,-3,-4,-3,-4,-4,-4,-4,-4,-4,-4,-4,-5,-5,-5,-5,-5,-5,-5,-5,-5,-5,-5,-5,-5,-5,-5,-6,-5,-5,-5,-6,-5,-6,-4,-6,-4,-6,-4,-6,-3,-6,-3,-7,-2,-7,-2,-7,0,0,0,0,0,0,0,0,0,0,0,0,0,0,76,13,73,11,72,14,64,12,64,12,60,13,56,13,56,14,54,9,50,8,46,7,43,9,41,4,38,5,36,5,31,2,26,0,23,-5,19,-2,21,-6,13,-6,14,-8,15,-5,11,-12,5,-12,4,-12,1,-13,-3,-10,-2,-12,-7,-15,-6,-11,-10,-19,-11,-21,-15,-18,-14,-23,-17,-21,-16,-23,-22,-25,-24,-25,-22,-26,-21,-27,-20,-30,-21,-30,-21,-34,-20,-32,-23,-31,-22,-32,-19,-36,-19,-35,-23,-35,-23,-38,-18,-40,-16,-40,-14,-40,-11,-36,-9,-42,-5,-39,0,0,0,0,0,0,0,0,0,0,0,0,0,0,0,0,0,0,0,0,0,0,-8,42,-13,39,-18,45,-21,42,-25,43,-26,45,-27,41,-29,45,-30,43,-33,45,-40,48,-37,49,-41,46,-43,47,-44,45,-46,46,-49,49,-47,49,-49,43,-52,45,-52,46,-55,48,-52,46,-56,46,-53,45,-54,44,-53,45,-54,44,-57,46,-54,44,-50,45,-48,45,-45,46,-46,47,-44,47,-42,46,-38,51,-36,46,-34,48,-29,48,-31,55,-26,56,-26,58,-21,59,-20,61,-16,63,-18,65,-12,66,-10,70,-13,70,-6,73,-10,71,-7,73,-10,76,-9,76,-10,83,-10,84,0,0]"
CSI_DATA,381,1a:00:00:00:00:00,-47,11,1,0,1,1,1,0,0,0,1,-96,0,11,2,5290191,0,44,0,384,0,"[0,0,0,0,0,0,0,0,0,0,0,0,12,-3,11,-2,10,-2,10,-2,9,-2,9,-2,8,-3,7,-2,6,-2,6,-2,5,-3,5,-3,4,-2,4,-2,3,-2,3,-3,2,-3,1,-3,1,-3,1,-2,0,-2,0,-2,-1,-3,-1,-2,-2,-2,-2,-3,0,0,-3,-3,-3,-3,-4,-3,-5,-3,-4,-3,-5,-3,-5,-3,-5,-3,-6,-4,-6,-4,-6,-4,-6,-4,-6,-4,-6,-4,-6,-5,-6,-5,-6,-5,-6,-5,-6,-5,-5,-6,-6,-6,-5,-6,-5,-6,-5,-6,-4,-6,-3,-7,0,0,0,0,0,0,0,0,0,0,0,0,0,0,78,7,74,6,75,9,68,9,69,8,62,7,57,8,59,9,52,6,47,5,44,4,42,6,40,2,41,-3,31,-4,30,-5,26,-5,24,-4,21,-5,20,-8,16,-9,17,-11,10,-12,11,-10,6,-11,5,-14,3,-15,0,-16,-4,-11,-8,-12,-9,-13,-12,-17,-13,-19,-14,-15,-23,-22,-15,-20,-20,-25,-21,-22,-23,-25,-22,-25,-25,-28,-24,-27,-26,-25,-26,-28,-21,-31,-25,-31,-26,-33,-25,-32,-22,-34,-22,-33,-22,-36,-19,-33,-17,-38,-16,-37,-13,-38,-9,-37,-7,-38,0,0,0,0,0,0,0,0,0,0,0,0,0,0,0,0,0,0,0,0,0,0,-5,38,-11,44,-12,47,-17,45,-21,45,-21,42,-27,45,-27,48,-29,47,-29,48,-31,46,-32,49,-33,51,-35,54,-44,52,-43,51,-41,48,-45,51,-43,51,-48,49,-46,52,-52,50,-51,51,-52,51,-48,52,-47,54,-50,53,-50,53,-49,49,-45,47,-48,49,-42,52,-44,48,-44,51,-41,46,-39,50,-37,52,-27,53,-28,54,-29,56,-24,58,-19,56,-23,58,-16,58,-12,62,-12,60,-12,61,-6,67,-7,70,-8,73,-3,76,6,76,0,74,-1,75,0,80,-3,78,-1,80,0,0]"
CSI_DATA,382,1a:00:00:00:00:00,-47,11,1,0,1,1,1,0,0,0,1,-96,0,11,2,5309572,0,44,0,384,0,"[0,0,0,0,0,0,0,0,0,0,0,0,3,-12,3,-12,2,-12,2,-11,2,-10,2,-9,1,-9,1,-8,1,-8,0,-7,0,-7,0,-6,0,-6,-1,-5,-1,-4,-1,-4,-1,-4,-2,-4,-2,-2,-2,-2,-3,-2,-3,-2,-3,-1,-3,-1,-3,0,-3,0,0,0,-4,1,-4,2,-5,2,-5,2,-5,2,-5,2,-5,3,-6,3,-6,2,-6,3,-6,3,-7,3,-6,3,-7,3,-7,3,-7,2,-7,2,-7,2,-7,2,-7,2,-7,2,-7,1,-8,1,-8,0,-7,0,-7,-1,0,0,0,0,0,0,0,0,0,0,0,0,0,0,8,-73,10,-78,11,-74,5,-68,6,-69,14,-65,12,-59,7,-57,7,-56,4,-51,4,-48,3,-45,3,-38,0,-38,0,-35,-3,-33,-4,-27,-7,-25,-4,-19,-9,-22,-7,-19,-6,-15,-10,-10,-8,-12,-7,-9,-14,-4,-15,1,-15,2,-13,6,-16,9,-18,8,-18,8,-16,12,-17,14,-20,17,-18,17,-18,16,-20,19,-23,23,-26,21,-25,25,-28,23,-23,22,-29,25,-31,24,-31,23,-33,24,-32,21,-33,23,-33,22,-32,18,-38,22,-34,17,-32,18,-35,12,-39,12,-36,7,0,0,0,0,0,0,0,0,0,0,0,0,0,0,0,0,0,0,0,0,0,0,40,9,44,15,43,16,45,20,45,22,45,24,46,25,45,31,43,33,41,32,46,34,46,40,46,38,47,41,49,42,46,43,48,45,47,48,42,46,46,50,48,53,47,48,48,54,47,49,45,52,47,54,47,50,48,59,45,53,49,49,43,50,50,48,45,46,46,45,50,43,46,39,51,35,50,31,49,35,51,30,53,27,59,22,59,22,58,17,60,15,62,13,64,14,69,7,69,7,65,6,69,6,77,0,75,4,75,0,81,1,76,1,81,2,0,0]"
CSI_DATA,383,1a:00:00:00:00:00,-47,11,1,0,1,1,1,0,0,0,1,-96,0,11,2,5320329,0,44,0,384,0,"[0,0,0,0,0,0,0,0,0,0,0,0,11,5,10,5,9,4,9,5,8,4,8,4,7,3,7,3,6,2,6,2,5,2,5,1,5,1,4,1,4,0,3,0,3,-1,2,-1,2,-1,2,-2,2,-2,1,-2,1,-2,0,-3,0,-3,-1,-4,0,0,-1,-4,-1,-4,-2,-5,-2,-5,-2,-5,-2,-5,-2,-5,-2,-6,-2,-7,-3,-7,-3,-7,-2,-7,-2,-7,-2,-7,-2,-8,-2,-8,-2,-7,-1,-8,-1,-8,-1,-8,-1,-8,0,-8,0,-8,0,-7,1,-8,2,-7,0,0,0,0,0,0,0,0,0,0,0,0,0,0,57,53,58,46,56,44,54,44,48,42,47,43,45,41,41,38,36,35,37,34,36,28,33,26,31,20,30,22,29,22,25,19,26,12,25,9,22,9,20,8,20,-1,18,-1,16,-3,14,-3,9,-9,13,-7,6,-7,6,-12,6,-13,2,-11,0,-20,3,-21,-2,-23,0,-24,1,-26,-5,-27,-5,-29,-5,-31,-3,-36,-2,-36,-5,-36,-4,-38,0,-41,-2,-39,-4,-39,-5,-41,0,-34,2,-39,0,-42,4,-41,2,-42,3,-41,8,-38,10,-38,10,-39,13,-37,18,-37,0,0,0,0,0,0,0,0,0,0,0,0,0,0,0,0,0,0,0,0,0,0,-25,34,-31,32,-32,29,-40,30,-40,27,-43,26,-44,27,-45,25,-50,23,-49,24,-51,24,-55,19,-59,22,-61,21,-64,24,-63,14,-65,22,-65,19,-67,19,-68,22,-69,17,-71,14,-69,19,-68,14,-73,10,-70,14,-67,11,-72,14,-69,15,-68,15,-67,21,-65,17,-63,19,-63,20,-61,22,-60,22,-56,22,-57,27,-52,27,-53,32,-55,35,-46,32,-47,35,-44,42,-48,43,-36,43,-42,43,-40,51,-43,56,-44,56,-46,55,-41,61,-48,65,-45,61,-47,63,-45,64,-50,65,0,0]"
CSI_DATA,384,1a:00:00:00:00:00,-47,11,1,0,1,1,1,0,0,0,1,-96,0,11,2,5349567,0,44,0,384,0,"[0,0,0,0,0,0,0,0,0,0,0,0,-10,-9,-9,-8,-10,-8,-8,-8,-8,-8,-7,-7,-7,-6,-6,-6,-6,-5,-6,-5,-6,-4,-6,-4,-5,-3,-5,-3,-5,-2,-4,-2,-3,-1,-3,-1,-3,0,-3,0,-3,0,-3,1,-2,1,-2,1,-2,2,-1,2,0,0,0,3,0,3,-1,4,0,4,0,4,0,5,0,5,0,6,0,6,0,6,1,6,0,6,0,6,0,6,0,7,0,7,-1,7,-1,7,-1,7,-1,7,-2,7,-2,7,-2,6,-3,6,-3,6,-4,6,0,0,0,0,0,0,0,0,0,0,0,0,0,0,-50,-67,-44,-64,-46,-60,-41,-57,-43,-54,-41,-51,-36,-45,-36,-47,-36,-42,-29,-42,-31,-38,-32,-32,-30,-25,-22,-29,-22,-25,-22,-20,-24,-18,-18,-13,-18,-11,-21,-11,-17,-5,-14,-4,-15,-3,-12,-1,-14,2,-14,6,-9,2,-7,11,-5,10,-7,11,-2,19,-6,16,-2,23,1,25,1,23,-2,29,2,29,-2,30,-4,33,-5,35,-3,35,2,37,-2,35,-4,38,-4,36,-5,40,-4,44,-6,39,-11,38,-7,40,-8,39,-10,37,-11,37,-13,36,-19,38,-19,34,-23,31,0,0,0,0,0,0,0,0,0,0,0,0,0,0,0,0,0,0,0,0,0,0,32,-26,37,-22,42,-22,46,-20,47,-17,49,-14,50,-12,52,-16,53,-13,55,-10,58,-11,60,-11,58,-8,63,-7,63,-6,62,-1,67,-4,64,-2,66,-3,69,1,70,3,71,-1,68,5,70,1,70,5,71,1,70,1,73,1,67,2,72,-2,66,0,67,0,65,-6,63,-5,63,-8,59,-10,57,-10,59,-16,61,-17,56,-14,58,-22,52,-27,54,-27,52,-31,54,-34,52,-34,57,-32,52,-44,53,-45,46,-47,53,-50,51,-55,57,-54,56,-53,57,-59,62,-58,61,-50,0,0]"
CSI_DATA,385,1a:00:00:00:00:00,-47,11,1,0,1,1,1,0,0,0,1,-96,0,11,2,5360395,0,44,0,384,0,"[0,0,0,0,0,0,0,0,0,0,0,0,-4,11,-4,10,-3,10,-4,9,-3,9,-3,8,-3,7,-3,7,-2,6,-2,6,-2,6,-2,5,-1,4,0,4,-1,3,0,3,0,3,1,2,1,2,1,1,1,1,1,0,2,1,2,0,2,-1,2,-1,0,0,3,-1,3,-3,3,-3,4,-2,4,-3,4,-3,4,-3,4,-3,5,-4,5,-4,5,-4,5,-4,6,-3,6,-3,6,-4,6,-3,6,-3,6,-3,6,-2,6,-2,6,-2,7,-2,7,-2,7,-1,6,-1,6,0,0,0,0,0,0,0,0,0,0,0,0,0,0,0,-20,75,-26,71,-25,65,-27,65,-23,62,-20,57,-20,58,-17,52,-17,48,-16,43,-15,42,-12,42,-9,38,-8,35,-3,28,-4,28,-4,25,0,23,-2,23,4,18,6,13,4,11,5,12,10,6,8,7,9,4,11,3,9,4,15,-4,16,-3,14,-6,18,-4,18,-6,22,-13,23,-12,24,-14,25,-15,28,-14,25,-20,30,-20,29,-13,33,-14,35,-19,31,-18,33,-16,33,-16,35,-13,38,-16,36,-14,38,-11,37,-10,38,-8,39,-6,36,-3,34,-3,39,0,36,6,0,0,0,0,0,0,0,0,0,0,0,0,0,0,0,0,0,0,0,0,0,0,-40,-6,-42,-12,-45,-14,-44,-22,-43,-22,-44,-24,-44,-26,-43,-29,-46,-31,-44,-32,-43,-36,-45,-40,-46,-37,-48,-40,-47,-43,-44,-46,-47,-44,-46,-46,-46,-47,-42,-52,-40,-52,-48,-55,-45,-54,-47,-52,-43,-54,-48,-52,-43,-58,-46,-54,-42,-53,-40,-56,-41,-50,-43,-49,-47,-47,-45,-50,-47,-46,-43,-43,-43,-38,-49,-35,-46,-36,-52,-30,-52,-31,-54,-29,-53,-27,-55,-22,-53,-22,-62,-21,-62,-18,-62,-16,-67,-18,-65,-12,-69,-13,-71,-11,-78,-13,-74,-14,-81,-13,-78,-18,-76,-14,0,0]"
CSI_DATA,386,1a:00:00:00:00:00,-47,11,1,0,1,1,1,0,0,0,1,-96,0,11,2,5371953,0,44,0,384,0,"[0,0,0,0,0,0,0,0,0,0,0,0,-9,-8,-9,-8,-9,-8,-8,-7,-8,-7,-7,-7,-7,-6,-7,-6,-6,-5,-6,-5,-5,-4,-5,-3,-5,-3,-5,-3,-4,-2,-4,-2,-3,-1,-3,-1,-3,0,-3,0,-2,0,-3,1,-2,1,-2,1,-2,2,-1,2,0,0,-1,3,-1,3,0,4,0,4,0,4,0,5,0,5,0,5,0,5,0,6,0,6,0,6,-1,6,-1,6,-1,7,-1,6,-1,7,-1,7,-1,7,-2,7,-2,7,-3,6,-3,6,-3,6,-4,6,-4,5,0,0,0,0,0,0,0,0,0,0,0,0,0,0,-71,-35,-67,-38,-63,-35,-57,-40,-60,-37,-56,-32,-56,-32,-51,-29,-44,-29,-43,-29,-41,-27,-37,-19,-40,-17,-33,-20,-31,-11,-26,-14,-25,-13,-22,-7,-18,-5,-20,-3,-18,-1,-20,1,-16,3,-12,8,-12,8,-10,9,-7,13,-3,15,-4,12,-1,17,2,21,2,19,4,22,4,22,5,25,6,29,7,29,6,26,8,30,13,30,11,38,9,29,8,37,11,34,3,39,7,40,4,39,3,39,5,38,3,40,1,40,-3,42,-3,40,-9,39,-6,37,-11,35,-8,35,0,0,0,0,0,0,0,0,0,0,0,0,0,0,0,0,0,0,0,0,0,0,16,-41,19,-38,22,-44,28,-41,30,-39,31,-37,30,-39,36,-38,41,-36,42,-36,46,-37,48,-39,47,-40,50,-37,51,-38,51,-38,55,-39,58,-37,56,-36,60,-37,61,-34,62,-37,65,-36,66,-34,63,-30,62,-34,60,-34,62,-33,62,-34,60,-33,59,-33,58,-28,56,-35,58,-32,54,-32,53,-35,50,-37,46,-41,46,-41,41,-42,42,-44,39,-49,37,-46,33,-55,31,-50,31,-60,31,-58,33,-63,26,-64,34,-65,27,-65,27,-69,32,-68,31,-72,29,-74,30,-72,35,-76,0,0]"
CSI_DATA,387,1a:00:00:00:00:00,-47,11,1,0,1,1,1,0,0,0,1,-96,0,11,2,5379508,0,44,0,384,0,"[0,0,0,0,0,0,0,0,0,0,0,0,-1,-13,-1,-13,-1,-12,-1,-11,-1,-10,0,-10,0,-9,-1,-8,-1,-8,-1,-7,-1,-7,-1,-6,-1,-5,-2,-5,-2,-4,-2,-4,-2,-3,-2,-3,-2,-2,-3,-2,-3,-1,-3,-1,-2,0,-3,0,-3,0,-3,1,0,0,-3,1,-4,2,-4,3,-4,3,-4,3,-4,3,-5,4,-5,4,-5,4,-5,4,-5,4,-6,4,-6,4,-5,4,-6,4,-6,4,-6,4,-6,4,-7,4,-6,3,-7,3,-7,3,-7,3,-7,2,-7,1,-7,1,0,0,0,0,0,0,0,0,0,0,0,0,0,0,-6,-75,-1,-76,-5,-73,1,-72,-2,-70,1,-61,-3,-59,0,-56,1,-55,-1,-50,-9,-48,-3,-42,-5,-37,-6,-38,-4,-33,-8,-29,-6,-27,-9,-27,-8,-19,-12,-18,-15,-12,-13,-15,-9,-9,-11,-7,-11,-6,-13,0,-14,2,-13,1,-14,5,-13,9,-14,10,-14,14,-11,15,-11,17,-18,23,-19,21,-16,23,-17,25,-17,27,-16,25,-23,32,-22,29,-25,31,-24,32,-22,29,-22,33,-24,33,-26,31,-31,26,-30,29,-27,28,-34,27,-30,25,-35,26,-32,19,-36,17,-32,10,0,0,0,0,0,0,0,0,0,0,0,0,0,0,0,0,0,0,0,0,0,0,45,6,43,11,45,8,46,16,46,20,44,21,46,24,45,22,44,24,47,29,47,32,48,32,52,36,50,36,55,36,49,45,53,39,52,44,54,47,52,41,54,45,52,50,56,47,52,46,51,48,53,48,52,49,50,45,54,46,52,44,55,45,52,36,53,41,55,39,55,36,52,31,56,37,56,28,55,30,55,22,56,19,61,15,57,13,63,12,62,10,60,9,60,6,68,-3,68,0,71,0,74,-7,73,-8,73,-7,79,-8,80,-9,76,-11,83,-8,0,0]"
CSI_DATA,388,1a:00:00:00:00:00,-47,11,1,0,1,1,1,0,0,0,1,-96,0,11,2,5390807,0,44,0,384,0,"[0,0,0,0,0,0,0,0,0,0,0,0,2,-12,3,-12,2,-11,2,-10,2,-10,2,-9,1,-9,1,-8,1,-8,0,-7,1,-7,0,-6,0,-5,-1,-5,-1,-5,-1,-4,-1,-4,-2,-3,-2,-2,-2,-2,-2,-1,-3,-1,-3,-1,-3,-1,-3,0,-3,0,0,0,-4,1,-4,2,-4,2,-4,2,-5,2,-5,2,-5,3,-6,3,-6,2,-6,3,-6,3,-6,3,-6,3,-7,3,-7,3,-7,2,-7,3,-7,2,-7,2,-7,2,-7,1,-7,1,-7,1,-7,0,-7,0,-7,-1,0,0,0,0,0,0,0,0,0,0,0,0,0,0,23,-79,23,-72,23,-71,23,-69,19,-66,22,-59,18,-59,20,-55,16,-54,12,-47,15,-44,12,-41,10,-42,8,-34,4,-31,4,-28,1,-29,0,-23,-5,-22,-2,-21,-5,-22,-6,-15,-5,-14,-10,-12,-12,-9,-11,-8,-14,-3,-13,0,-15,-3,-17,0,-21,5,-17,7,-20,8,-19,15,-21,12,-22,13,-23,15,-26,19,-28,17,-30,16,-30,16,-32,15,-33,18,-31,20,-33,22,-32,20,-37,16,-40,15,-39,12,-37,16,-38,17,-39,12,-40,12,-41,7,-36,6,-38,5,-39,0,0,0,0,0,0,0,0,0,0,0,0,0,0,0,0,0,0,0,0,0,0,0,37,16,40,15,35,24,38,30,40,27,39,38,38,35,37,36,36,42,40,37,38,43,36,44,40,49,36,51,40,51,37,52,39,55,36,53,37,54,39,56,34,59,37,61,34,60,37,59,34,58,37,61,36,61,37,60,36,55,38,57,37,52,36,53,37,55,37,51,43,47,42,47,40,46,43,40,44,40,47,40,48,39,49,28,52,29,53,28,58,27,52,19,62,22,62,21,65,20,64,18,67,16,76,19,75,17,75,11,76,19,79,18,83,20,0,0]"
CSI_DATA,389,1a:00:00:00:00:00,-47,11,1,0,1,1,1,0,0,0,1,-96,0,11,2,5400433,0,44,0,384,0,"[0,0,0,0,0,0,0,0,0,0,0,0,-10,8,-9,7,-8,7,-9,6,-8,6,-7,6,-7,5,-6,5,-6,5,-5,4,-4,5,-4,4,-3,4,-2,3,-2,3,-2,3,-1,3,-1,3,0,2,0,1,0,1,1,1,1,1,1,0,2,0,2,0,0,0,3,0,3,-1,4,-1,4,-1,5,-1,5,-1,5,-1,6,-1,6,-1,6,-1,6,-1,6,-1,7,-1,6,-1,7,-1,7,-1,7,-1,7,0,7,0,7,0,7,0,7,1,7,1,6,1,6,2,6,2,0,0,0,0,0,0,0,0,0,0,0,0,0,0,-58,45,-60,45,-55,45,-56,44,-53,40,-51,32,-51,35,-44,34,-44,29,-39,32,-33,29,-33,24,-32,27,-27,25,-23,22,-23,20,-17,21,-11,19,-7,17,-8,15,-5,13,-7,15,0,13,3,15,0,10,6,10,7,8,8,8,11,7,18,9,18,3,17,3,21,2,24,0,23,-3,26,3,27,0,31,1,31,0,31,-1,34,-3,38,2,35,0,40,5,36,4,40,3,38,6,38,3,37,5,39,5,37,9,40,11,38,11,37,16,30,13,35,18,29,18,0,0,0,0,0,0,0,0,0,0,0,0,0,0,0,0,0,0,0,0,0,0,-23,-33,-22,-38,-20,-44,-19,-43,-17,-45,-18,-45,-10,-48,-14,-50,-10,-57,-12,-52,-10,-53,-9,-56,-9,-58,-8,-60,-5,-62,-5,-62,-5,-64,-4,-67,-3,-66,-3,-67,-3,-66,1,-72,-1,-70,1,-69,0,-70,0,-69,2,-72,1,-65,3,-66,1,-64,-4,-66,1,-66,-4,-64,-4,-65,-4,-62,-11,-59,-13,-59,-12,-56,-15,-54,-19,-58,-22,-55,-22,-56,-27,-54,-30,-54,-29,-51,-41,-54,-40,-54,-39,-50,-45,-55,-47,-52,-48,-53,-51,-56,-49,-54,-51,-52,-54,-59,-55,-62,-55,-62,0,0]"
CSI_DATA,390,1a:00:00:00:00:00,-47,11,1,0,1,1,1,0,0,0,1,-96,0,11,2,5420264,0,44,0,384,0,"[0,0,0,0,0,0,0,0,0,0,0,0,-13,0,-12,0,-12,0,-11,-1,-11,0,-10,0,-9,0,-8,0,-8,0,-8,0,-7,0,-6,1,-6,1,-5,1,-4,1,-4,1,-3,2,-3,2,-2,1,-2,1,-1,1,-1,2,0,2,0,1,1,2,1,2,0,0,2,2,2,2,3,2,4,3,3,2,4,3,4,3,4,3,5,3,5,3,5,4,4,4,5,3,5,4,5,4,5,5,5,4,5,5,5,5,4,5,4,5,4,5,4,5,4,6,3,6,2,6,0,0,0,0,0,0,0,0,0,0,0,0,0,0,-76,-8,-77,-9,-74,-10,-72,-10,-69,-12,-62,-11,-63,-11,-58,-11,-54,-10,-48,-9,-47,-9,-42,-2,-41,-3,-33,-4,-33,-1,-29,5,-28,-1,-22,4,-20,2,-17,8,-18,8,-13,7,-10,10,-9,10,-9,11,-1,11,-5,12,1,14,4,13,8,17,7,15,9,15,12,17,17,17,17,22,21,21,22,21,18,22,24,23,25,23,22,25,23,26,23,29,25,28,26,33,22,29,21,32,20,32,19,31,21,33,23,34,20,35,17,35,13,36,15,38,7,36,6,38,0,0,0,0,0,0,0,0,0,0,0,0,0,0,0,0,0,0,0,0,0,0,2,-44,9,-43,13,-44,18,-45,20,-43,19,-44,22,-43,27,-44,26,-46,32,-49,37,-45,35,-47,32,-48,36,-48,36,-52,41,-47,43,-49,47,-50,41,-50,47,-47,42,-51,45,-52,52,-54,51,-52,52,-49,50,-49,48,-51,49,-50,46,-50,46,-50,44,-53,40,-50,41,-51,41,-52,39,-53,37,-56,31,-52,33,-54,31,-51,26,-56,23,-57,20,-57,21,-60,17,-65,16,-60,13,-63,5,-64,4,-65,8,-74,3,-75,3,-73,1,-73,-2,-77,1,-81,0,-83,-2,-83,7,-83,0,0]"
CSI_DATA,391,1a:00:00:00:00:00,-47,11,1,0,1,1,1,0,0,0,1,-96,0,11,2,5429508,0,44,0,384,0,"[0,0,0,0,0,0,0,0,0,0,0,0,5,10,5,9,5,9,5,8,5,8,4,8,4,7,3,6,3,5,3,5,3,4,3,4,3,3,3,2,2,2,3,1,2,1,2,1,2,0,2,-1,2,-1,2,-1,1,-2,1,-2,1,-3,0,-3,0,0,0,-4,1,-4,0,-5,0,-5,0,-5,0,-6,0,-6,0,-6,0,-6,0,-7,0,-7,1,-7,0,-7,1,-7,1,-7,1,-7,1,-8,1,-7,1,-7,1,-7,2,-8,3,-7,3,-7,3,-6,3,-6,4,-6,0,0,0,0,0,0,0,0,0,0,0,0,0,0,34,70,32,67,33,66,31,64,29,60,25,53,26,52,22,52,25,47,23,40,22,41,19,37,19,31,17,30,17,23,18,24,18,19,15,19,15,15,16,11,17,9,14,7,17,4,13,-4,7,-4,11,-3,11,-11,10,-8,7,-12,6,-13,7,-16,4,-19,2,-24,5,-23,1,-26,8,-24,0,-30,4,-32,6,-34,7,-34,6,-34,4,-35,9,-34,9,-37,9,-40,9,-36,10,-38,13,-38,12,-36,11,-38,13,-39,14,-36,18,-37,21,-35,22,-33,22,-30,23,-26,0,0,0,0,0,0,0,0,0,0,0,0,0,0,0,0,0,0,0,0,0,0,-38,14,-44,13,-44,11,-47,10,-49,7,-48,4,-52,-2,-51,-2,-55,-1,-57,-4,-57,-2,-59,-3,-61,-6,-62,-5,-68,-10,-65,-6,-72,-8,-67,-12,-64,-10,-66,-14,-70,-13,-71,-13,-71,-18,-68,-17,-70,-19,-68,-15,-73,-15,-72,-14,-67,-12,-70,-11,-65,-11,-67,-6,-65,-10,-64,-9,-65,-7,-65,-4,-59,1,-59,2,-63,3,-58,6,-60,8,-59,14,-62,15,-59,18,-61,20,-58,26,-59,26,-62,33,-61,33,-64,37,-56,37,-66,40,-66,38,-66,40,-71,44,-70,44,-67,42,0,0]"
CSI_DATA,392,1a:00:00:00:00:00,-47,11,1,0,1,1,1,0,0,0,1,-96,0,11,2,5459503,0,44,0,384,0,"[0,0,0,0,0,0,0,0,0,0,0,0,-10,-8,-9,-8,-10,-8,-9,-7,-8,-7,-7,-6,-7,-6,-6,-6,-6,-5,-6,-4,-5,-4,-5,-3,-5,-3,-5,-3,-4,-2,-4,-2,-3,-1,-3,0,-3,0,-3,0,-3,1,-2,1,-2,1,-1,2,-2,2,-1,2,0,0,0,3,-1,4,0,4,0,4,0,4,0,5,0,5,0,5,0,6,0,6,0,6,0,6,0,6,0,6,0,7,-1,7,-1,6,-1,7,-1,7,-2,7,-2,7,-2,6,-3,6,-3,6,-4,6,-4,5,0,0,0,0,0,0,0,0,0,0,0,0,0,0,-60,-53,-56,-48,-58,-50,-53,-47,-44,-45,-47,-50,-44,-41,-42,-42,-40,-34,-37,-34,-33,-32,-31,-33,-29,-27,-26,-22,-27,-18,-24,-18,-21,-15,-22,-8,-19,-8,-15,-6,-17,-4,-16,-4,-15,1,-12,3,-15,4,-11,9,-10,8,-5,11,-7,12,-4,18,-6,19,-2,19,4,20,0,25,-2,25,1,23,6,26,2,31,0,36,4,34,4,35,3,34,0,35,-2,36,-3,36,0,38,-4,41,-1,41,-3,36,-4,37,-3,35,-9,40,-9,40,-13,34,-16,38,-20,35,-20,31,0,0,0,0,0,0,0,0,0,0,0,0,0,0,0,0,0,0,0,0,0,0,20,-33,28,-36,30,-37,34,-33,34,-32,43,-28,41,-27,41,-28,45,-29,46,-30,47,-28,52,-29,53,-29,56,-28,57,-25,55,-22,61,-28,60,-22,62,-30,61,-19,64,-21,68,-20,67,-21,70,-21,70,-20,67,-18,68,-21,68,-20,65,-21,68,-22,63,-18,64,-21,68,-23,61,-21,62,-24,62,-26,51,-27,52,-29,56,-31,49,-31,52,-38,42,-36,52,-44,43,-43,46,-46,40,-44,44,-49,40,-55,40,-53,36,-60,44,-55,45,-66,44,-67,40,-63,45,-67,46,-67,49,-67,0,0]"
CSI_DATA,393,1a:00:00:00:00:00,-47,11,1,0,1,1,1,0,0,0,1,-96,0,11,2,5469504,0,44,0,384,0,"[0,0,0,0,0,0,0,0,0,0,0,0,8,8,8,7,8,7,7,7,7,6,6,5,6,5,5,4,5,4,5,4,4,3,4,3,4,2,3,1,3,1,3,1,3,0,2,0,2,-1,2,-1,1,-2,1,-2,1,-2,1,-3,1,-3,0,-3,0,0,-1,-4,0,-5,0,-5,-1,-5,-1,-5,-1,-6,-1,-6,-1,-6,-1,-7,-2,-7,-1,-7,0,-7,-1,-7,-1,-7,-1,-7,-1,-8,-1,-8,0,-8,0,-8,0,-8,0,-8,1,-8,1,-8,2,-7,2,-7,3,-7,0,0,0,0,0,0,0,0,0,0,0,0,0,0,44,56,45,56,38,55,39,57,35,61,31,51,35,48,35,47,30,39,26,37,23,37,21,38,26,33,20,28,19,24,19,24,18,18,18,12,16,13,14,8,11,4,12,4,11,3,14,2,13,-1,12,-4,8,-7,9,-9,10,-14,11,-12,4,-15,7,-18,9,-22,7,-25,5,-27,7,-29,9,-32,10,-31,10,-35,8,-34,9,-36,9,-35,13,-39,11,-38,14,-37,15,-39,13,-36,15,-38,18,-36,17,-37,17,-35,20,-35,23,-35,24,-30,26,-30,24,-26,27,-26,0,0,0,0,0,0,0,0,0,0,0,0,0,0,0,0,0,0,0,0,0,0,-27,31,-31,28,-36,31,-40,31,-45,30,-42,23,-44,24,-47,19,-50,20,-55,19,-55,21,-56,23,-58,18,-62,20,-62,18,-65,12,-67,14,-67,15,-67,16,-68,11,-67,12,-74,7,-72,10,-70,11,-73,9,-74,8,-72,12,-71,8,-70,10,-69,6,-66,8,-68,8,-67,5,-67,9,-63,11,-65,12,-60,14,-62,18,-58,17,-59,22,-55,23,-58,27,-55,29,-56,33,-54,34,-48,36,-50,37,-52,45,-56,43,-56,47,-51,50,-56,52,-59,52,-59,50,-58,51,-58,52,-63,56,0,0]"
CSI_DATA,394,1a:00:00:00:00:00,-47,11,1,0,1,1,1,0,0,0,1,-96,0,11,2,5481254,0,44,0,384,0,"[0,0,0,0,0,0,0,0,0,0,0,0,-11,3,-11,3,-10,3,-10,3,-10,2,-8,3,-8,3,-7,3,-7,3,-6,2,-5,2,-5,2,-4,2,-4,2,-3,2,-3,2,-2,2,-2,2,-1,1,-1,1,-1,2,0,1,0,2,1,1,1,1,2,1,0,0,3,1,3,1,3,1,4,1,3,1,4,1,5,1,5,1,5,1,5,1,6,1,5,1,6,2,6,2,6,2,6,2,6,2,6,3,6,3,5,3,6,3,5,4,5,3,5,4,4,4,3,5,0,0,0,0,0,0,0,0,0,0,0,0,0,0,-82,12,-79,12,-70,13,-71,12,-69,14,-59,4,-61,10,-58,9,-55,9,-45,6,-46,9,-41,8,-39,10,-31,10,-30,10,-27,9,-26,10,-23,9,-20,11,-18,12,-13,13,-10,11,-9,10,-2,12,0,10,0,10,4,13,6,11,6,12,13,10,13,12,15,11,18,9,23,8,24,9,21,11,27,11,29,13,31,13,33,13,34,17,31,18,31,15,30,20,32,17,33,19,32,18,33,23,31,23,30,21,31,22,30,20,31,26,30,26,27,31,23,29,20,31,0,0,0,0,0,0,0,0,0,0,0,0,0,0,0,0,0,0,0,0,0,0,3,-42,2,-44,5,-47,6,-47,12,-48,14,-46,11,-46,17,-51,22,-54,17,-53,24,-51,24,-52,24,-55,26,-60,28,-54,32,-57,27,-59,32,-61,32,-58,33,-62,34,-61,35,-64,37,-62,42,-59,38,-59,35,-65,40,-62,36,-62,35,-60,35,-55,33,-61,30,-58,29,-60,27,-61,24,-58,26,-58,21,-59,18,-55,11,-57,12,-59,10,-59,5,-63,3,-60,1,-68,-3,-60,-4,-61,-8,-66,-10,-65,-14,-68,-16,-72,-14,-74,-18,-72,-19,-73,-23,-74,-20,-77,-20,-78,-21,-84,0,0]"
CSI_DATA,395,1a:00:00:00:00:00,-47,11,1,0,1,1,1,0,0,0,1,-96,0,11,2,5499670,0,44,0,384,0,"[0,0,0,0,0,0,0,0,0,0,0,0,-11,4,-11,3,-10,3,-10,3,-9,2,-8,3,-8,2,-7,3,-7,2,-6,2,-5,2,-5,2,-4,2,-4,2,-3,2,-2,2,-2,2,-2,2,-1,1,-1,1,-1,1,0,1,0,2,1,1,1,1,2,1,0,0,3,1,3,1,3,1,4,1,4,1,4,1,5,1,5,1,5,2,5,1,5,2,5,2,6,2,6,2,5,2,6,3,6,2,6,3,6,3,5,3,5,3,5,3,5,4,4,4,4,4,4,5,0,0,0,0,0,0,0,0,0,0,0,0,0,0,-76,22,-70,19,-73,16,-69,14,-66,19,-59,17,-58,13,-57,12,-50,14,-48,9,-38,12,-39,10,-39,11,-33,15,-32,10,-25,10,-26,14,-19,13,-18,7,-17,15,-14,10,-6,11,-7,10,-3,12,-1,12,5,14,8,11,10,14,11,13,13,9,13,12,18,10,19,9,22,11,25,8,27,12,29,7,30,11,29,10,32,10,28,12,29,14,35,14,33,12,33,13,36,15,35,18,34,18,34,18,36,19,30,23,30,22,30,25,29,25,26,28,23,29,24,28,0,0,0,0,0,0,0,0,0,0,0,0,0,0,0,0,0,0,0,0,0,0,-8,-42,-6,-46,-5,-44,-3,-51,2,-48,6,-51,7,-48,8,-55,9,-55,15,-58,17,-59,15,-57,18,-59,21,-61,18,-59,20,-65,20,-67,23,-63,23,-67,27,-61,25,-66,32,-67,29,-64,27,-68,31,-65,28,-66,30,-65,25,-62,29,-64,26,-65,21,-62,24,-64,23,-66,22,-64,21,-62,16,-64,13,-60,8,-60,5,-58,4,-60,2,-62,-1,-63,-7,-59,-9,-62,-8,-61,-12,-64,-12,-65,-16,-65,-22,-67,-23,-70,-28,-66,-27,-71,-30,-73,-25,-72,-31,-74,-29,-72,-31,-78,0,0]"
CSI_DATA,396,1a:00:00:00:00:00,-47,11,1,0,1,1,1,0,0,0,1,-96,0,11,2,5509527,0,44,0,384,0,"[0,0,0,0,0,0,0,0,0,0,0,0,1,12,2,12,2,11,2,10,2,9,1,9,1,8,1,7,1,7,2,6,1,5,1,5,2,4,2,3,2,3,1,3,2,2,1,1,2,1,2,0,2,-1,2,-1,2,-1,2,-2,2,-2,1,-2,0,0,2,-4,2,-4,2,-5,1,-5,2,-5,2,-5,2,-6,2,-6,2,-6,2,-7,3,-6,3,-7,3,-7,4,-7,4,-7,3,-6,4,-7,4,-6,4,-7,4,-6,5,-6,5,-6,5,-5,5,-5,5,-5,6,-4,0,0,0,0,0,0,0,0,0,0,0,0,0,0,6,76,4,74,2,67,0,69,1,69,-2,59,0,58,3,58,0,50,4,49,0,47,1,41,4,41,3,34,8,30,9,28,8,24,7,19,10,17,11,18,10,14,11,9,10,8,10,7,11,3,12,-2,13,-4,11,-8,12,-9,14,-12,13,-15,15,-13,10,-18,11,-21,13,-23,12,-24,13,-23,12,-29,14,-28,17,-29,17,-31,17,-30,19,-35,21,-35,21,-33,22,-27,22,-32,25,-35,27,-30,24,-26,25,-31,29,-29,29,-29,28,-26,34,-27,30,-21,34,-14,0,0,0,0,0,0,0,0,0,0,0,0,0,0,0,0,0,0,0,0,0,0,-44,-6,-41,-6,-45,-12,-46,-15,-48,-21,-43,-23,-43,-25,-44,-27,-50,-27,-48,-31,-51,-28,-50,-31,-52,-32,-56,-33,-55,-36,-55,-40,-53,-39,-55,-43,-52,-38,-54,-44,-54,-47,-56,-50,-56,-50,-58,-44,-56,-43,-56,-50,-57,-43,-55,-45,-55,-48,-53,-44,-55,-41,-54,-40,-51,-42,-51,-35,-53,-33,-54,-34,-57,-34,-54,-24,-60,-22,-59,-21,-56,-20,-63,-16,-59,-11,-64,-9,-59,-12,-59,-11,-70,-6,-65,1,-74,2,-70,3,-67,5,-78,8,-78,6,-78,5,-78,9,-80,7,-82,10,0,0]"
CSI_DATA,397,1a:00:00:00:00:00,-47,11,1,0,1,1,1,0,0,0,1,-96,0,11,2,5520585,0,44,0,384,0,"[0,0,0,0,0,0,0,0,0,0,0,0,11,3,10,3,9,2,9,3,8,3,8,2,7,1,7,1,6,1,6,1,5,1,4,0,4,0,4,0,3,0,3,-1,3,-1,2,-2,2,-2,1,-2,1,-2,0,-2,0,-3,0,-3,-1,-3,-1,-3,0,0,-3,-3,-2,-4,-3,-4,-3,-4,-3,-5,-3,-4,-3,-5,-4,-5,-4,-5,-4,-6,-4,-5,-4,-6,-4,-6,-4,-6,-4,-6,-4,-7,-4,-7,-4,-7,-4,-7,-3,-7,-3,-7,-3,-7,-2,-7,-2,-7,-1,-7,-1,-7,0,0,0,0,0,0,0,0,0,0,0,0,0,0,76,8,72,11,72,7,67,14,64,10,57,7,56,7,54,9,52,7,45,5,43,7,42,4,36,4,35,1,33,-1,30,-5,25,-2,22,-3,20,-6,17,-6,15,-4,13,-5,10,-10,5,-12,8,-14,3,-13,-2,-14,-2,-17,-7,-16,-8,-16,-12,-13,-12,-13,-13,-19,-12,-19,-21,-19,-19,-19,-20,-21,-20,-24,-24,-25,-28,-25,-27,-24,-26,-28,-26,-28,-25,-29,-26,-29,-27,-29,-24,-29,-25,-29,-25,-34,-27,-37,-23,-32,-22,-37,-18,-36,-17,-33,-15,-40,-14,-37,-9,-38,0,0,0,0,0,0,0,0,0,0,0,0,0,0,0,0,0,0,0,0,0,0,-8,41,-12,43,-18,44,-20,44,-23,44,-21,42,-28,44,-26,43,-28,45,-36,47,-34,47,-37,49,-39,44,-38,49,-41,49,-43,50,-46,49,-45,45,-50,50,-46,47,-46,48,-52,50,-49,50,-53,49,-52,48,-49,48,-53,46,-53,51,-56,49,-51,46,-47,44,-48,50,-48,48,-43,51,-44,47,-41,46,-36,51,-33,51,-32,52,-31,55,-28,54,-22,55,-24,61,-16,59,-16,59,-10,64,-14,64,-10,66,-6,69,-11,72,-7,70,-5,75,-5,77,-3,75,-1,79,-5,80,-6,83,0,0]"
CSI_DATA,398,1a:00:00:00:00:00,-47,11,1,0,1,1,1,0,0,0,1,-96,0,11,2,5540885,0,44,0,384,0,"[0,0,0,0,0,0,0,0,0,0,0,0,-11,-6,-11,-5,-10,-6,-10,-5,-9,-5,-8,-5,-8,-4,-7,-3,-7,-3,-7,-3,-6,-3,-6,-2,-6,-1,-5,-2,-4,-1,-4,0,-3,0,-3,0,-3,0,-2,1,-2,1,-2,1,-1,2,-1,2,-1,2,0,2,0,0,1,3,1,3,1,3,2,4,1,4,1,4,2,5,2,5,2,5,2,6,2,6,1,6,1,6,1,6,2,7,1,7,1,6,1,7,1,7,1,7,1,7,0,7,0,7,-1,6,-1,7,-2,6,0,0,0,0,0,0,0,0,0,0,0,0,0,0,-72,-26,-69,-28,-67,-29,-64,-33,-61,-27,-54,-24,-54,-27,-54,-26,-50,-24,-44,-18,-44,-19,-38,-14,-41,-14,-33,-14,-30,-9,-28,-8,-23,-7,-23,-1,-23,2,-19,-2,-16,2,-14,3,-10,7,-11,7,-6,11,-6,12,-3,11,0,13,0,13,2,15,5,15,5,18,5,21,9,20,15,21,9,23,14,26,14,25,12,27,14,31,15,29,16,30,16,34,14,32,15,38,12,36,17,35,13,36,16,35,12,35,9,39,12,40,8,37,5,39,3,40,1,40,-3,37,0,0,0,0,0,0,0,0,0,0,0,0,0,0,0,0,0,0,0,0,0,0,19,-40,18,-41,25,-42,27,-40,30,-40,32,-36,35,-38,36,-38,37,-40,40,-39,41,-38,45,-40,45,-41,49,-43,51,-41,52,-38,52,-39,55,-40,55,-38,61,-38,59,-41,63,-38,64,-39,64,-35,61,-37,61,-34,60,-34,58,-40,58,-38,57,-38,56,-38,55,-34,56,-38,52,-39,52,-39,51,-41,49,-43,46,-38,41,-40,39,-49,34,-49,38,-48,31,-50,31,-54,28,-50,25,-55,24,-58,23,-58,24,-66,22,-71,22,-67,23,-70,27,-70,19,-73,19,-76,20,-79,22,-82,0,0]"
CSI_DATA,399,1a:00:00:00:00:00,-47,11,1,0,1,1,1,0,0,0,1,-96,0,11,2,5559516,0,44,0,384,0,"[0,0,0,0,0,0,0,0,0,0,0,0,-5,-11,-5,-11,-5,-10,-5,-10,-4,-9,-4,-8,-4,-8,-4,-7,-4,-7,-4,-6,-3,-6,-4,-5,-3,-4,-3,-4,-3,-3,-3,-3,-3,-2,-2,-2,-3,-1,-3,0,-3,-1,-3,0,-2,0,-2,1,-2,2,-2,2,0,0,-2,3,-2,3,-2,3,-2,4,-2,4,-2,4,-2,5,-2,5,-2,5,-2,5,-2,6,-3,6,-3,6,-3,6,-3,6,-3,6,-4,6,-4,6,-4,6,-4,5,-5,5,-5,5,-5,5,-5,4,-6,4,-6,4,0,0,0,0,0,0,0,0,0,0,0,0,0,0,-31,-70,-31,-70,-32,-68,-31,-68,-26,-60,-25,-61,-20,-59,-22,-56,-17,-48,-25,-46,-22,-42,-20,-40,-18,-33,-14,-32,-16,-28,-15,-27,-14,-26,-12,-19,-16,-17,-13,-15,-18,-10,-15,-6,-10,-3,-14,-2,-11,0,-13,1,-12,6,-13,7,-11,10,-8,11,-10,17,-12,19,-12,21,-5,27,-3,26,-10,26,-9,26,-10,34,-14,32,-12,32,-14,35,-15,33,-16,32,-15,36,-17,36,-14,36,-19,37,-16,30,-21,36,-17,33,-23,33,-18,33,-25,31,-25,29,-29,29,-28,27,-34,23,0,0,0,0,0,0,0,0,0,0,0,0,0,0,0,0,0,0,0,0,0,0,35,-19,41,-18,45,-14,47,-12,47,-11,51,-9,51,-10,55,-8,51,-6,54,-6,60,-3,59,-1,59,2,64,0,67,2,64,5,69,6,66,6,70,5,69,9,71,7,70,12,70,10,70,10,72,8,72,10,73,16,70,8,68,15,68,14,68,6,71,11,67,7,65,5,67,1,61,2,59,-1,64,-1,61,-4,61,-8,61,-12,58,-14,63,-15,61,-20,64,-25,52,-18,60,-26,57,-35,62,-35,58,-39,65,-37,64,-38,67,-39,64,-43,69,-43,71,-43,75,-46,0,0]"
CSI_DATA,400,1a:00:00:00:00:00,-47,11,1,0,1,1,1,0,0,0,1,-96,0,11,2,5571531,0,44,0,384,0,"[0,0,0,0,0,0,0,0,0,0,0,0,-9,9,-8,9,-7,8,-7,7,-7,7,-7,7,-6,6,-5,6,-5,5,-4,5,-4,5,-3,5,-2,4,-2,4,-2,3,-1,3,-1,3,-1,3,1,2,0,1,1,1,1,1,2,1,2,0,2,0,2,0,0,0,3,-1,3,-1,4,-1,5,-2,5,-2,5,-2,5,-2,5,-2,6,-2,6,-2,6,-2,6,-2,6,-2,6,-2,7,-1,7,-1,7,-1,7,-1,7,-1,7,-1,7,0,7,0,7,0,7,1,6,1,6,2,0,0,0,0,0,0,0,0,0,0,0,0,0,0,-47,64,-47,61,-40,57,-39,57,-37,55,-38,56,-36,52,-32,47,-28,45,-25,40,-27,37,-21,35,-19,36,-20,32,-16,27,-11,26,-10,24,-4,23,-10,19,0,21,1,19,-1,13,0,14,5,11,9,10,6,5,13,3,15,8,11,-1,19,-3,17,-6,18,-8,21,-6,22,-11,25,-7,26,-11,27,-14,25,-15,30,-14,34,-14,33,-15,36,-16,36,-16,33,-12,39,-17,37,-18,38,-13,40,-16,37,-11,36,-13,41,-11,41,-10,41,-6,39,-6,38,-5,39,0,40,4,0,0,0,0,0,0,0,0,0,0,0,0,0,0,0,0,0,0,0,0,0,0,-30,-28,-31,-33,-27,-43,-28,-43,-27,-46,-22,-45,-23,-50,-19,-47,-21,-51,-22,-53,-20,-55,-16,-59,-18,-56,-21,-59,-19,-61,-18,-65,-19,-64,-22,-69,-17,-66,-13,-66,-15,-69,-14,-73,-14,-70,-15,-72,-14,-68,-12,-72,-13,-69,-14,-68,-14,-67,-20,-68,-16,-66,-16,-61,-21,-66,-22,-62,-27,-62,-25,-59,-23,-57,-29,-55,-27,-57,-37,-51,-35,-50,-40,-50,-39,-50,-46,-45,-45,-46,-55,-41,-52,-42,-58,-40,-59,-37,-62,-39,-66,-38,-66,-35,-70,-41,-65,-36,-72,-42,-72,-36,-73,-39,0,0]"
CSI_DATA,401,1a:00:00:00:00:00,-47,11,1,0,1,1,1,0,0,0,1,-96,0,11,2,5580669,0,44,0,384,0,"[0,0,0,0,0,0,0,0,0,0,0,0,-13,-3,-12,-3,-12,-3,-11,-3,-10,-3,-10,-2,-9,-2,-8,-2,-7,-1,-7,-2,-7,-1,-6,0,-6,0,-5,0,-4,0,-4,1,-3,1,-3,1,-2,1,-2,1,-2,2,-1,2,-1,2,0,2,0,2,1,3,0,0,2,3,1,3,2,3,3,3,3,3,3,4,3,4,3,4,4,5,4,5,4,5,4,5,3,5,4,5,4,6,4,6,3,5,3,6,3,6,3,6,3,6,3,6,2,6,2,6,1,7,0,6,0,0,0,0,0,0,0,0,0,0,0,0,0,0,-78,1,-74,-3,-74,-1,-65,0,-62,-3,-62,-4,-58,-4,-59,5,-50,-1,-53,-1,-48,-1,-39,0,-40,0,-37,4,-33,1,-31,3,-24,8,-23,6,-21,8,-16,6,-17,9,-11,6,-8,11,-5,11,-6,11,-3,12,7,10,2,14,4,12,8,9,9,13,17,11,12,15,14,14,18,12,20,14,20,19,21,18,24,23,27,21,30,21,31,24,22,25,27,25,29,27,28,27,30,28,24,28,26,28,24,32,23,31,25,31,19,32,17,34,14,37,13,36,13,35,0,0,0,0,0,0,0,0,0,0,0,0,0,0,0,0,0,0,0,0,0,0,1,-42,5,-43,9,-49,9,-47,17,-49,17,-47,16,-48,19,-48,23,-49,27,-50,27,-52,30,-50,28,-53,29,-53,33,-55,34,-53,34,-58,39,-57,39,-57,42,-55,43,-57,41,-52,42,-54,44,-55,45,-57,43,-52,44,-53,42,-60,42,-50,39,-56,38,-53,39,-58,37,-54,38,-55,30,-55,34,-51,26,-56,24,-58,23,-57,16,-56,19,-57,14,-57,12,-60,6,-61,8,-63,-1,-62,0,-66,3,-66,-1,-69,-4,-73,-6,-73,-3,-73,-8,-76,-3,-76,-10,-81,-8,-81,-7,-82,0,0]"
CSI_DATA,402,1a:00:00:00:00:00,-47,11,1,0,1,1,1,0,0,0,1,-96,0,11,2,5589627,0,44,0,384,0,"[0,0,0,0,0,0,0,0,0,0,0,0,0,-13,0,-12,0,-11,0,-10,0,-10,0,-9,0,-9,0,-8,0,-7,0,-7,-1,-6,-1,-6,-1,-5,-2,-5,-2,-4,-2,-4,-2,-3,-2,-3,-2,-2,-2,-2,-3,-1,-3,-1,-3,-1,-3,0,-3,1,-3,1,0,0,-3,1,-4,2,-4,2,-4,3,-4,3,-4,3,-5,3,-5,3,-5,3,-5,4,-5,4,-6,4,-6,4,-6,4,-6,4,-6,3,-6,4,-6,3,-6,3,-6,3,-7,2,-7,2,-7,2,-7,1,-7,1,-7,0,0,0,0,0,0,0,0,0,0,0,0,0,0,0,7,-76,12,-77,1,-71,5,-72,10,-63,9,-60,7,-58,8,-54,8,-53,5,-47,5,-44,5,-40,2,-38,2,-34,-2,-29,-3,-30,0,-28,-5,-28,-6,-23,-3,-18,-8,-19,-8,-15,-12,-11,-6,-7,-7,-6,-12,1,-18,0,-16,1,-13,1,-19,3,-17,7,-14,6,-19,12,-18,13,-19,16,-19,20,-23,18,-25,20,-22,21,-26,20,-30,19,-25,21,-30,20,-31,23,-29,18,-34,24,-32,22,-31,20,-34,16,-38,19,-33,17,-37,15,-35,11,-38,12,-37,10,-38,6,-38,3,0,0,0,0,0,0,0,0,0,0,0,0,0,0,0,0,0,0,0,0,0,0,37,-1,46,7,46,3,42,13,47,15,46,15,45,17,49,17,52,21,49,24,50,25,54,27,52,29,50,30,51,32,54,34,55,32,55,40,54,38,52,41,54,42,56,42,58,42,55,42,53,41,51,44,52,43,48,41,56,42,52,40,52,40,52,37,52,38,45,34,54,34,52,33,53,32,53,26,52,26,57,22,56,22,60,17,55,15,61,12,59,8,63,10,61,9,69,3,65,4,70,3,72,-1,75,-1,74,-9,79,3,83,0,77,5,78,0,0,0]"
CSI_DATA,403,1a:00:00:00:00:00,-48,11,1,0,1,1,1,0,0,0,1,-96,0,11,2,5600159,0,44,0,384,0,"[0,0,0,0,0,0,0,0,0,0,0,0,11,-2,11,-3,10,-2,10,-2,9,-1,8,-2,8,-2,7,-2,6,-2,6,-2,5,-2,4,-3,4,-2,3,-2,3,-2,2,-3,2,-3,1,-3,1,-2,0,-2,0,-2,-1,-3,-1,-3,-1,-2,-2,-3,-2,-3,0,0,-3,-3,-3,-3,-4,-3,-5,-3,-4,-3,-5,-3,-5,-3,-5,-3,-5,-4,-6,-4,-6,-4,-6,-4,-6,-4,-6,-4,-6,-5,-6,-5,-6,-5,-6,-5,-6,-5,-5,-6,-5,-6,-5,-6,-4,-6,-4,-6,-3,-7,-3,-6,0,0,0,0,0,0,0,0,0,0,0,0,0,0,78,1,74,8,70,-1,66,-4,63,6,59,5,56,3,57,3,54,3,47,3,44,-3,43,-1,36,1,32,1,30,-1,30,-2,26,-5,23,-8,20,-4,17,-8,10,-9,12,-11,8,-11,8,-10,5,-10,3,-14,0,-14,-6,-12,-4,-16,-12,-14,-11,-15,-13,-19,-13,-16,-17,-16,-19,-19,-18,-23,-19,-21,-18,-21,-22,-26,-24,-21,-28,-25,-24,-27,-20,-31,-21,-27,-25,-28,-24,-30,-29,-34,-22,-34,-23,-34,-22,-32,-22,-37,-22,-38,-18,-36,-14,-35,-12,-34,-12,-39,-6,-39,0,0,0,0,0,0,0,0,0,0,0,0,0,0,0,0,0,0,0,0,0,0,3,40,1,45,-1,43,-8,49,-10,47,-11,45,-16,49,-13,50,-17,50,-20,52,-23,55,-24,53,-22,54,-26,55,-28,58,-31,57,-36,61,-33,54,-34,57,-40,58,-39,54,-44,59,-38,59,-43,56,-41,57,-37,57,-43,56,-42,60,-41,54,-41,57,-37,56,-35,57,-35,52,-35,56,-31,55,-28,55,-25,54,-24,52,-23,59,-18,56,-18,61,-11,55,-11,63,-8,62,-6,60,-2,65,1,62,-1,63,5,64,2,70,5,75,7,75,5,74,10,72,7,77,3,82,5,80,0,0]"
CSI_DATA,404,1a:00:00:00:00:00,-48,11,1,0,1,1,1,0,0,0,1,-96,0,11,2,5610969,0,44,0,384,0,"[0,0,0,0,0,0,0,0,0,0,0,0,-11,-7,-11,-6,-10,-6,-10,-6,-9,-6,-8,-5,-8,-4,-7,-4,-7,-4,-7,-3,-6,-4,-6,-2,-5,-2,-5,-2,-4,-2,-4,-1,-3,-1,-3,0,-3,0,-3,1,-3,1,-2,1,-2,2,-2,2,-1,2,0,3,0,0,0,3,0,3,1,4,1,4,1,4,1,5,1,5,1,5,1,6,1,6,1,6,1,6,1,6,1,6,1,6,1,7,0,6,0,7,0,7,0,6,-1,7,-1,6,-1,6,-2,6,-2,6,-3,6,0,0,0,0,0,0,0,0,0,0,0,0,0,0,-67,-42,-60,-42,-61,-39,-56,-37,-56,-35,-51,-38,-52,-34,-46,-34,-46,-29,-39,-28,-34,-27,-42,-21,-34,-20,-31,-21,-26,-18,-27,-12,-30,-14,-24,-9,-17,-6,-19,-5,-18,-1,-14,-2,-14,7,-13,5,-12,7,-11,6,-7,11,-3,12,-4,17,0,16,4,19,1,19,3,20,6,19,9,22,7,25,11,27,9,28,12,30,13,32,11,31,11,34,8,36,10,42,8,34,10,33,9,38,10,38,9,38,8,37,8,39,6,38,4,40,0,37,-4,39,-5,40,-11,37,0,0,0,0,0,0,0,0,0,0,0,0,0,0,0,0,0,0,0,0,0,0,27,-32,31,-31,38,-32,38,-28,41,-27,43,-26,43,-25,49,-26,48,-25,48,-25,52,-25,52,-20,53,-23,59,-25,60,-23,58,-22,63,-23,66,-23,64,-18,68,-22,67,-15,70,-19,68,-19,68,-16,71,-15,68,-16,69,-19,70,-20,65,-22,68,-17,66,-22,63,-20,59,-23,61,-25,59,-28,57,-29,53,-27,51,-27,53,-34,47,-36,52,-35,44,-43,41,-47,40,-45,42,-44,36,-50,40,-51,38,-57,32,-60,39,-61,35,-63,39,-65,39,-68,37,-68,43,-73,40,-75,37,-72,0,0]"
CSI_DATA,405,1a:00:00:00:00:00,-47,11,1,0,1,1,1,0,0,0,1,-96,0,11,2,5619521,0,44,0,384,0,"[0,0,0,0,0,0,0,0,0,0,0,0,1,-13,1,-12,0,-11,0,-10,0,-10,1,-9,1,-9,1,-8,0,-8,0,-7,0,-7,-1,-6,-1,-5,-1,-5,-1,-4,-1,-4,-1,-3,-2,-3,-2,-2,-2,-2,-2,-1,-3,-1,-3,-1,-3,0,-3,0,-3,0,0,0,-3,1,-4,2,-4,2,-4,2,-4,3,-5,3,-5,3,-5,3,-5,3,-5,3,-6,3,-6,3,-6,4,-6,3,-6,3,-6,3,-7,3,-7,3,-7,3,-7,2,-7,2,-7,2,-7,1,-7,1,-7,0,-7,0,0,0,0,0,0,0,0,0,0,0,0,0,0,0,10,-76,10,-72,9,-72,10,-70,11,-68,8,-66,10,-60,11,-56,10,-53,11,-53,4,-46,6,-49,6,-43,0,-35,0,-33,-2,-32,-5,-27,-1,-27,-3,-24,-5,-19,-7,-17,-6,-16,-7,-10,-9,-8,-13,-5,-13,-3,-12,-1,-15,1,-13,1,-18,7,-17,7,-16,7,-16,7,-19,8,-21,14,-23,17,-23,17,-25,20,-22,21,-23,20,-29,19,-27,22,-30,20,-32,23,-31,22,-32,20,-34,22,-36,17,-39,18,-37,15,-38,17,-37,15,-38,17,-40,11,-37,10,-38,6,-39,1,0,0,0,0,0,0,0,0,0,0,0,0,0,0,0,0,0,0,0,0,0,0,43,2,43,6,46,9,49,14,48,14,46,16,46,19,50,21,53,24,50,24,52,30,51,30,57,28,55,36,54,33,51,36,56,42,55,38,54,38,53,42,59,42,58,44,56,48,53,49,54,48,54,47,54,47,53,48,50,45,52,45,51,45,52,43,52,40,52,38,53,37,58,34,53,29,53,29,56,28,56,25,55,26,57,20,61,17,61,14,62,17,66,2,67,9,70,3,68,1,74,4,77,2,77,1,77,4,77,-1,84,7,81,-2,78,3,0,0]"
CSI_DATA,406,1a:00:00:00:00:00,-47,11,1,0,1,1,1,0,0,0,1,-96,0,11,2,5629506,0,44,0,384,0,"[0,0,0,0,0,0,0,0,0,0,0,0,0,12,1,11,1,10,1,11,1,9,0,8,1,8,1,7,0,7,1,6,0,6,1,5,1,5,1,4,1,3,1,3,1,2,1,2,2,1,2,0,2,0,2,-1,1,-1,2,-1,2,-2,2,-2,0,0,2,-3,2,-4,2,-4,2,-4,3,-5,3,-5,3,-5,3,-6,3,-5,3,-5,4,-5,4,-5,4,-6,5,-6,4,-6,5,-6,5,-5,5,-6,5,-5,5,-5,5,-5,6,-4,6,-4,6,-3,6,-3,6,-2,0,0,0,0,0,0,0,0,0,0,0,0,0,0,-5,79,-8,71,-2,69,-10,67,-7,66,-13,59,-4,57,-8,56,-7,51,-3,45,-7,49,-3,42,-5,43,-4,36,-1,31,1,28,3,23,6,14,6,16,6,18,5,17,8,14,9,5,7,4,8,3,8,0,10,1,7,-3,16,-4,12,-9,13,-5,15,-8,17,-18,16,-15,19,-20,17,-20,22,-21,21,-24,23,-21,21,-23,29,-25,25,-26,26,-24,28,-25,31,-26,24,-23,29,-23,34,-21,31,-22,34,-16,33,-17,34,-17,37,-23,37,-15,37,-14,39,-8,36,-9,0,0,0,0,0,0,0,0,0,0,0,0,0,0,0,0,0,0,0,0,0,0,-41,-1,-47,-5,-44,-6,-47,-11,-46,-15,-46,-15,-47,-20,-45,-25,-49,-20,-48,-23,-49,-27,-53,-29,-55,-32,-56,-29,-55,-36,-54,-34,-51,-36,-55,-40,-55,-41,-52,-44,-54,-42,-55,-48,-53,-44,-54,-44,-52,-46,-57,-46,-54,-43,-55,-41,-53,-41,-53,-42,-53,-44,-50,-40,-54,-41,-52,-39,-51,-34,-51,-35,-54,-33,-59,-25,-51,-25,-60,-20,-54,-19,-60,-19,-63,-15,-62,-12,-65,-13,-69,-8,-64,-7,-68,-3,-68,-1,-71,-2,-72,1,-77,2,-76,3,-74,2,-80,5,-77,2,-87,1,0,0]"
