type,id,mac,rssi,rate,sig_mode,mcs,bandwidth,smoothing,not_sounding,aggregation,stbc,fec_coding,sgi,noise_floor,ampdu_cnt,channel,secondary_channel,local_timestamp,ant,sig_len,rx_state,len,first_word,data
CSI_DATA,13,1a:00:00:00:00:00,-47,11,1,0,1,1,1,0,0,0,1,-96,0,11,2,460304,0,44,0,384,0,"[0,0,0,0,0,0,0,0,0,0,0,0,-12,5,-12,5,-12,5,-11,4,-11,4,-10,4,-10,4,-9,4,-9,4,-8,3,-7,4,-7,3,-7,3,-6,3,-6,3,-5,3,-5,2,-4,2,-4,2,-3,1,-3,1,-3,1,-3,1,-2,1,-2,0,-1,0,0,0,-1,-1,-1,-1,0,-1,0,-1,0,-2,0,-2,1,-2,1,-2,1,-2,1,-2,2,-2,2,-2,2,-2,2,-2,2,-3,2,-2,2,-3,3,-2,3,-3,3,-3,3,-2,3,-2,3,-2,3,-2,4,-2,3,-1,0,0,0,0,0,0,0,0,0,0,0,0,0,0,-73,31,-78,27,-72,30,-70,29,-67,27,-64,27,-61,28,-62,25,-56,27,-54,21,-52,20,-48,20,-43,24,-43,22,-41,20,-36,18,-35,19,-34,17,-30,15,-26,13,-24,11,-22,11,-19,14,-16,10,-16,7,-10,7,-11,5,-13,4,-10,4,-6,1,-2,-4,-4,-4,1,-7,0,-5,0,-7,1,-3,6,-7,7,-9,9,-5,9,-10,12,-7,13,-10,14,-8,13,-10,14,-10,17,-15,15,-15,13,-11,17,-10,18,-11,19,-7,20,-10,21,-10,22,-14,22,-9,21,-9,20,-4,0,0,0,0,0,0,0,0,0,0,0,0,0,0,0,0,0,0,0,0,0,0,31,-43,36,-40,36,-42,38,-41,41,-38,45,-37,45,-37,43,-36,45,-40,49,-37,51,-40,53,-37,52,-44,55,-40,52,-40,52,-42,53,-43,55,-45,53,-46,55,-45,58,-44,53,-46,56,-50,56,-47,56,-48,53,-48,54,-48,48,-50,47,-51,44,-50,43,-54,38,-54,39,-56,36,-57,34,-55,29,-55,23,-55,22,-58,23,-55,18,-59,15,-59,8,-60,6,-60,3,-61,1,-59,-10,-64,-11,-63,-14,-66,-16,-64,-17,-70,-20,-70,-26,-66,-25,-71,-26,-74,-33,-71,-32,-73,-34,-73,0,0]"
CSI_DATA,14,1a:00:00:00:00:00,-47,11,1,0,1,1,1,0,0,0,1,-96,0,11,2,460436,0,44,0,384,0,"[0,0,0,0,0,0,0,0,0,0,0,0,9,10,8,9,8,9,8,9,7,8,7,7,6,7,6,7,6,6,6,6,5,5,5,5,5,5,4,4,4,4,4,4,3,3,3,3,3,2,2,2,2,2,1,1,1,1,1,1,0,0,0,1,0,0,-1,0,-1,-1,-1,-1,-1,-1,-2,-1,-2,-1,-2,-2,-3,-2,-2,-2,-2,-2,-3,-3,-3,-3,-3,-3,-3,-3,-3,-3,-3,-3,-3,-3,-3,-3,-3,-3,-3,-4,-3,-4,-3,-4,-2,-4,-3,-4,-2,-4,-2,-4,0,0,0,0,0,0,0,0,0,0,0,0,0,0,43,60,44,63,39,57,45,57,41,56,36,52,35,51,36,51,32,49,32,42,30,43,30,38,30,38,25,34,24,34,26,31,23,28,22,28,21,24,20,19,19,20,13,17,14,16,14,14,12,11,11,9,11,7,6,5,5,5,1,5,2,4,-2,-2,-4,2,-4,-3,-9,-3,-6,-5,-7,-4,-11,-6,-11,-9,-5,-12,-11,-10,-8,-12,-13,-12,-14,-11,-13,-15,-12,-14,-13,-16,-16,-14,-14,-16,-16,-14,-14,-15,-12,-20,-15,-19,-12,-20,-9,-21,-8,-23,-7,-24,0,0,0,0,0,0,0,0,0,0,0,0,0,0,0,0,0,0,0,0,0,0,-48,-17,-46,-21,-45,-24,-51,-26,-48,-26,-46,-27,-47,-29,-48,-31,-50,-30,-50,-32,-49,-34,-50,-37,-51,-36,-56,-41,-57,-35,-56,-41,-55,-39,-55,-40,-58,-39,-60,-37,-58,-35,-60,-38,-63,-37,-58,-38,-57,-38,-59,-36,-63,-37,-62,-32,-62,-32,-59,-28,-60,-28,-60,-26,-59,-21,-65,-16,-62,-17,-60,-14,-59,-7,-62,-6,-58,-1,-58,-2,-60,2,-56,7,-59,11,-58,12,-55,16,-59,21,-59,27,-54,29,-57,30,-58,33,-61,32,-63,37,-61,41,-58,39,-61,41,-58,42,-63,47,0,0]"
CSI_DATA,15,1a:00:00:00:00:00,-47,11,1,0,1,1,1,0,0,0,1,-96,0,11,2,460568,0,44,0,384,0,"[0,0,0,0,0,0,0,0,0,0,0,0,6,-12,5,-11,5,-11,5,-10,5,-10,4,-9,4,-9,4,-8,4,-8,3,-8,3,-8,3,-7,2,-6,2,-6,2,-6,1,-6,1,-5,1,-4,1,-4,1,-4,1,-3,0,-3,0,-2,0,-2,0,-2,0,-1,0,0,0,-1,0,0,0,0,-1,1,-1,1,-1,1,-1,1,-1,1,-1,2,-1,2,-1,2,-2,2,-1,2,-2,3,-2,3,-2,3,-2,3,-2,3,-2,3,-2,3,-2,3,-3,3,-3,3,-3,3,-3,2,-3,2,0,0,0,0,0,0,0,0,0,0,0,0,0,0,53,-68,45,-66,45,-64,47,-58,45,-60,42,-58,41,-55,40,-55,40,-49,34,-47,31,-45,32,-45,31,-46,24,-38,24,-36,23,-36,22,-36,19,-32,16,-29,17,-30,11,-27,10,-24,11,-19,12,-20,7,-17,10,-11,8,-12,7,-11,7,-7,5,-4,-2,-3,0,1,-2,2,1,4,0,9,2,8,-3,9,-5,9,-5,12,-8,14,-10,12,-7,14,-9,16,-7,14,-10,16,-13,18,-12,16,-14,16,-15,19,-12,16,-14,19,-15,14,-16,19,-17,20,-18,14,-18,15,-18,13,0,0,0,0,0,0,0,0,0,0,0,0,0,0,0,0,0,0,0,0,0,0,-3,52,-7,53,-13,53,-15,53,-16,55,-18,53,-21,54,-19,57,-19,56,-22,58,-22,60,-23,62,-22,62,-25,63,-24,64,-28,65,-25,66,-27,68,-24,69,-25,67,-23,70,-23,71,-22,71,-20,68,-19,70,-17,73,-23,69,-17,71,-18,67,-14,70,-9,67,-9,67,-6,67,-2,67,1,64,1,65,6,61,8,60,8,60,17,62,20,58,24,56,21,56,29,54,32,54,30,53,37,53,43,50,47,47,48,48,48,49,57,47,59,50,57,46,60,46,63,53,68,50,0,0]"
CSI_DATA,16,1a:00:00:00:00:00,-47,11,1,0,1,1,1,0,0,0,1,-96,0,11,2,467041,0,44,0,384,0,"[0,0,0,0,0,0,0,0,0,0,0,0,2,-13,2,-13,2,-12,2,-12,2,-11,1,-11,1,-10,1,-10,1,-9,1,-8,1,-8,0,-8,0,-7,1,-6,0,-6,0,-6,0,-5,0,-5,0,-4,0,-4,0,-3,0,-3,0,-3,0,-2,0,-2,0,-2,0,0,0,-1,0,0,0,0,0,1,0,1,0,1,0,1,0,2,0,2,0,2,0,2,0,2,0,3,-1,3,0,3,-1,3,-1,3,-1,3,-1,3,-1,3,-1,3,-1,3,-1,3,-1,3,-2,3,-2,3,0,0,0,0,0,0,0,0,0,0,0,0,0,0,18,-75,25,-75,20,-73,19,-72,19,-71,19,-63,19,-67,17,-63,17,-57,13,-56,12,-53,11,-50,9,-48,13,-52,10,-41,8,-38,6,-38,5,-38,6,-33,5,-30,2,-29,4,-26,2,-24,2,-22,4,-16,2,-18,2,-13,3,-14,3,-13,0,-7,4,-3,2,0,4,0,2,4,1,6,1,9,4,10,1,10,4,13,0,10,1,14,2,13,-1,16,0,17,0,15,-2,17,-1,19,0,20,-1,19,-3,21,-3,21,-4,25,-3,22,-7,22,-6,21,-8,22,-9,22,0,0,0,0,0,0,0,0,0,0,0,0,0,0,0,0,0,0,0,0,0,0,10,52,6,50,3,55,1,56,-4,57,-4,59,-3,58,-6,59,-4,61,-6,62,-6,63,-6,65,-6,65,-8,67,-5,68,-7,66,-2,69,-8,72,-4,67,-4,73,-5,70,-3,73,-3,74,-1,70,-4,72,2,71,0,72,4,71,8,68,6,65,11,65,9,62,12,63,18,64,15,62,18,58,25,57,28,54,30,53,32,55,38,46,39,46,41,43,47,46,45,38,50,41,51,33,55,34,58,31,62,31,64,25,72,21,69,26,72,23,73,22,73,22,74,25,0,0]"
CSI_DATA,17,1a:00:00:00:00:00,-47,11,1,0,1,1,1,0,0,0,1,-96,0,11,2,476635,0,44,0,384,0,"[0,0,0,0,0,0,0,0,0,0,0,0,8,10,8,10,8,9,7,9,7,9,6,8,6,8,6,7,6,6,6,6,5,6,5,5,5,5,4,4,4,4,4,4,4,3,3,3,3,2,2,2,2,2,2,1,1,1,1,1,0,1,0,1,0,0,-1,0,-1,0,-1,0,-2,0,-2,0,-2,-1,-3,-1,-3,-1,-3,-1,-3,-2,-3,-2,-3,-2,-3,-2,-4,-2,-4,-2,-3,-2,-4,-2,-4,-2,-4,-3,-4,-3,-4,-3,-4,-3,-3,-3,-3,-3,-3,-4,-3,-4,0,0,0,0,0,0,0,0,0,0,0,0,0,0,46,64,41,63,46,62,44,58,42,58,40,59,41,53,41,49,33,46,37,46,32,43,33,41,31,38,28,34,27,32,27,32,23,29,25,25,22,23,22,20,19,20,20,16,17,16,15,14,12,14,11,12,9,10,7,11,1,7,2,6,2,3,-2,5,-5,1,-7,0,-6,-1,-8,-3,-6,0,-8,-4,-11,-5,-12,-8,-11,-7,-17,-7,-15,-10,-14,-9,-15,-9,-17,-10,-18,-11,-18,-12,-17,-11,-19,-12,-18,-14,-18,-15,-18,-14,-17,-15,-16,-18,-15,-16,-12,-20,0,0,0,0,0,0,0,0,0,0,0,0,0,0,0,0,0,0,0,0,0,0,-46,-26,-46,-30,-45,-34,-45,-38,-45,-35,-43,-41,-39,-43,-44,-45,-45,-45,-44,-45,-46,-46,-47,-46,-48,-45,-48,-50,-49,-49,-50,-50,-53,-50,-51,-49,-53,-47,-51,-48,-52,-49,-57,-50,-56,-48,-57,-45,-54,-45,-58,-44,-60,-44,-57,-43,-58,-39,-56,-39,-57,-34,-58,-34,-61,-34,-60,-28,-60,-26,-60,-23,-59,-17,-64,-12,-62,-12,-60,-8,-59,-3,-61,1,-63,4,-62,10,-60,12,-62,19,-60,21,-60,23,-60,28,-62,30,-61,32,-62,38,-62,42,-60,41,-67,43,-62,46,-64,46,0,0]"
CSI_DATA,18,1a:00:00:00:00:00,-47,11,1,0,1,1,1,0,0,0,1,-96,0,11,2,486566,0,44,0,384,0,"[0,0,0,0,0,0,0,0,0,0,0,0,-1,12,-1,12,-1,12,-1,11,-1,10,-1,10,0,9,-1,9,0,9,0,8,0,8,0,7,0,6,0,6,0,6,0,5,0,5,0,4,0,4,0,3,0,3,0,3,-1,2,-1,2,-1,1,-1,1,0,0,-1,0,-1,0,-2,-1,-2,-1,-2,-1,-2,-2,-2,-2,-2,-2,-2,-2,-2,-3,-2,-3,-2,-3,-2,-3,-2,-3,-2,-3,-2,-3,-2,-4,-2,-4,-2,-4,-1,-4,-2,-4,-1,-4,-1,-4,-1,-4,-1,-4,0,-4,0,0,0,0,0,0,0,0,0,0,0,0,0,0,0,79,4,77,5,80,6,71,2,68,3,64,5,65,2,65,6,59,5,55,8,52,6,50,7,51,7,46,6,44,5,38,4,42,5,34,6,33,4,27,5,29,3,26,2,21,1,20,2,20,-1,13,0,14,0,11,-1,10,-4,6,-4,3,-6,4,-5,1,-7,-2,-8,-5,-12,-4,-5,-5,-6,-9,-7,-8,-9,-8,-9,-14,-11,-11,-9,-13,-10,-16,-9,-15,-9,-19,-11,-18,-12,-17,-8,-17,-8,-19,-9,-19,-7,-19,-9,-21,-6,-20,-5,-22,-3,-22,-1,-23,0,0,0,0,0,0,0,0,0,0,0,0,0,0,0,0,0,0,0,0,0,0,-22,-52,-20,-53,-12,-57,-15,-56,-10,-59,-10,-62,-12,-59,-8,-63,-10,-62,-9,-62,-10,-65,-11,-66,-10,-70,-9,-71,-11,-72,-9,-67,-14,-75,-12,-71,-12,-70,-15,-73,-14,-71,-18,-72,-17,-75,-17,-74,-18,-74,-23,-72,-20,-71,-21,-70,-26,-68,-25,-69,-23,-63,-28,-66,-31,-59,-34,-58,-37,-55,-39,-52,-40,-47,-39,-46,-39,-45,-47,-42,-46,-40,-48,-35,-55,-31,-56,-27,-59,-27,-59,-21,-60,-21,-63,-12,-64,-10,-68,-8,-68,-10,-71,-4,-75,-4,-77,0,-80,-2,-79,1,-79,2,0,0]"
CSI_DATA,19,1a:00:00:00:00:00,-47,11,1,0,1,1,1,0,0,0,1,-96,0,11,2,507071,0,44,0,384,0,"[0,0,0,0,0,0,0,0,0,0,0,0,6,-11,5,-11,5,-11,5,-10,4,-10,4,-10,4,-9,3,-9,3,-9,3,-8,3,-8,3,-7,2,-7,2,-7,2,-6,2,-6,1,-5,1,-5,1,-4,1,-4,1,-4,1,-3,1,-3,1,-3,1,-2,1,-2,0,0,1,-1,0,-1,1,0,1,0,0,0,0,0,0,1,0,1,0,1,0,1,0,2,0,2,0,2,0,2,0,2,0,2,0,3,-1,3,-1,3,-1,3,-1,3,-1,3,-1,3,-1,3,-2,3,-2,3,0,0,0,0,0,0,0,0,0,0,0,0,0,0,41,-64,41,-64,39,-66,37,-61,30,-62,36,-57,33,-58,30,-53,29,-52,25,-54,24,-49,25,-50,22,-46,22,-43,17,-42,12,-39,14,-37,14,-36,10,-31,11,-31,7,-29,8,-24,8,-24,7,-24,6,-21,9,-18,5,-14,5,-9,3,-13,5,-5,7,-6,5,-3,7,-2,7,2,3,6,6,0,4,8,3,5,4,8,3,10,3,13,4,13,3,11,3,14,5,15,7,13,5,15,1,15,0,18,2,16,-1,18,-1,18,0,20,-3,18,-2,23,-3,18,-6,17,0,0,0,0,0,0,0,0,0,0,0,0,0,0,0,0,0,0,0,0,0,0,-25,48,-25,49,-30,50,-38,48,-35,45,-39,47,-38,45,-42,48,-42,47,-41,49,-43,51,-39,53,-39,56,-42,54,-44,57,-42,54,-44,60,-44,58,-43,60,-43,58,-41,61,-39,65,-39,64,-38,65,-38,65,-33,65,-34,67,-31,66,-28,66,-25,68,-25,63,-21,66,-20,63,-14,62,-13,65,-8,60,-6,60,2,59,2,59,11,58,9,58,15,57,19,57,22,54,29,55,30,54,31,54,43,51,42,49,43,46,48,47,53,44,56,46,58,43,64,47,65,42,59,44,0,0]"
CSI_DATA,20,1a:00:00:00:00:00,-47,11,1,0,1,1,1,0,0,0,1,-96,0,11,2,526697,0,44,0,384,0,"[0,0,0,0,0,0,0,0,0,0,0,0,6,-11,5,-11,5,-10,5,-10,5,-10,4,-9,4,-9,3,-9,3,-8,3,-8,3,-7,3,-8,3,-7,3,-7,2,-6,2,-6,2,-5,2,-5,2,-4,1,-4,1,-4,1,-4,1,-3,1,-3,1,-2,1,-2,0,0,0,-2,0,-1,0,-1,0,0,0,0,0,1,0,1,0,1,0,1,-1,1,-1,1,-1,2,-1,2,-1,2,-1,2,-1,2,-1,2,-1,2,-1,2,-2,2,-2,2,-2,2,-2,2,-2,2,-2,2,-2,2,0,0,0,0,0,0,0,0,0,0,0,0,0,0,26,-70,28,-71,24,-74,25,-70,26,-64,22,-65,24,-59,22,-58,22,-55,18,-55,16,-52,13,-49,17,-46,17,-46,17,-44,14,-41,13,-38,12,-35,9,-34,7,-32,9,-31,6,-28,7,-27,8,-24,6,-19,8,-17,7,-17,5,-14,9,-12,4,-10,5,-10,7,-4,4,-3,1,-3,4,0,3,2,3,3,5,4,4,6,2,7,5,10,-1,10,1,9,3,13,0,15,0,13,-2,15,-1,16,0,17,-3,16,-4,16,-5,17,-3,18,-2,16,-6,16,-7,16,-12,14,0,0,0,0,0,0,0,0,0,0,0,0,0,0,0,0,0,0,0,0,0,0,15,50,10,54,9,58,5,61,4,61,5,59,4,59,2,65,0,64,-2,60,-4,68,-8,66,-4,71,-3,69,-2,70,-6,72,-5,72,-4,74,-1,73,0,74,-1,72,0,75,-3,73,-2,75,-4,76,2,73,-1,72,6,75,6,70,8,70,6,65,10,68,11,65,17,64,20,64,20,62,22,58,23,57,26,55,29,50,30,55,36,46,38,43,39,45,41,42,48,37,50,35,55,33,56,29,55,33,60,31,64,30,67,28,67,28,68,34,70,27,71,27,0,0]"
CSI_DATA,21,1a:00:00:00:00:00,-47,11,1,0,1,1,1,0,0,0,1,-96,0,11,2,536554,0,44,0,384,0,"[0,0,0,0,0,0,0,0,0,0,0,0,-13,-4,-12,-3,-12,-3,-11,-3,-11,-3,-10,-3,-10,-3,-9,-2,-9,-3,-9,-2,-9,-2,-8,-2,-8,-2,-7,-2,-7,-2,-6,-2,-6,-2,-6,-2,-5,-1,-5,-1,-4,-1,-4,-1,-4,-1,-3,-1,-3,-1,-3,-1,0,0,-1,-2,-1,-1,-1,-1,-1,-1,0,-1,0,-1,0,-1,1,-1,1,-1,1,-1,1,-1,1,-1,1,-1,2,-1,2,-1,2,0,2,-1,2,-1,2,0,2,0,3,0,2,0,2,0,2,1,2,1,2,1,0,0,0,0,0,0,0,0,0,0,0,0,0,0,-73,-10,-71,-11,-72,-12,-69,-10,-67,-12,-63,-15,-64,-13,-63,-10,-59,-11,-54,-9,-56,-2,-50,-6,-47,-6,-46,-6,-46,-6,-40,-6,-42,-7,-39,-4,-36,-5,-33,-4,-33,-4,-27,-1,-25,1,-25,-1,-21,-5,-20,-2,-16,-3,-15,-7,-12,-6,-12,-2,-7,-4,-6,-5,-3,-5,-2,-5,-4,-3,-3,-3,4,-3,4,-5,8,-7,6,-2,6,-2,9,-4,10,-2,11,-4,13,-5,14,-4,12,-5,13,-2,14,-4,13,-1,16,-5,18,0,18,2,17,3,16,5,17,5,12,4,0,0,0,0,0,0,0,0,0,0,0,0,0,0,0,0,0,0,0,0,0,0,43,-31,44,-25,50,-28,51,-26,55,-22,55,-21,55,-20,58,-22,57,-22,62,-18,62,-13,63,-13,66,-13,67,-15,68,-15,70,-19,69,-19,69,-16,69,-16,66,-20,70,-20,68,-20,72,-19,74,-16,69,-18,70,-17,68,-18,66,-23,68,-25,63,-23,63,-28,61,-29,60,-29,55,-31,57,-32,50,-35,50,-35,47,-38,42,-39,42,-42,40,-40,38,-47,33,-48,32,-51,32,-49,23,-56,19,-55,21,-59,18,-64,18,-64,17,-64,17,-67,16,-67,14,-71,17,-75,11,-75,8,-80,0,0]"
CSI_DATA,22,1a:00:00:00:00:00,-47,11,1,0,1,1,1,0,0,0,1,-96,0,11,2,546571,0,44,0,384,0,"[0,0,0,0,0,0,0,0,0,0,0,0,10,6,10,6,10,6,9,6,9,6,8,5,8,5,8,4,7,4,7,4,7,4,6,3,6,3,5,3,5,2,5,2,5,2,4,2,4,1,4,1,3,1,3,1,2,1,2,1,2,1,1,1,0,0,0,1,0,0,0,0,0,0,-1,0,-1,0,-1,0,-2,0,-2,-1,-2,0,-2,0,-2,-1,-2,-1,-2,-1,-3,-1,-3,-1,-3,-1,-3,-1,-3,-1,-3,-1,-3,-2,-3,-2,-3,-2,-3,-2,-3,-2,-3,-2,0,0,0,0,0,0,0,0,0,0,0,0,0,0,60,47,59,43,58,40,58,41,54,43,51,38,54,38,50,34,47,34,44,32,44,29,42,31,41,26,38,25,37,22,36,24,34,23,33,20,31,18,27,14,27,14,25,13,21,12,21,13,17,13,17,13,12,12,13,6,11,8,9,8,6,6,6,8,1,4,2,3,-1,4,-1,-2,-5,4,-4,-1,-7,1,-8,1,-7,-1,-8,-2,-10,-1,-12,0,-11,-3,-12,-3,-12,-6,-13,-5,-13,-5,-14,-8,-15,-8,-14,-10,-16,-7,-15,-12,-15,-14,-13,-13,-9,-11,0,0,0,0,0,0,0,0,0,0,0,0,0,0,0,0,0,0,0,0,0,0,-51,7,-51,5,-55,2,-57,0,-61,-2,-60,-5,-59,-9,-61,-7,-63,-12,-64,-11,-66,-13,-66,-13,-69,-14,-69,-17,-67,-14,-69,-15,-69,-13,-69,-14,-74,-14,-71,-15,-72,-12,-78,-14,-75,-14,-69,-14,-72,-15,-69,-13,-74,-10,-70,-11,-70,-7,-69,-6,-65,-4,-68,-2,-70,-2,-65,0,-65,4,-61,6,-62,9,-61,12,-59,16,-56,18,-55,22,-51,21,-50,25,-52,30,-48,31,-50,38,-47,38,-44,42,-46,46,-44,49,-44,50,-45,52,-48,59,-42,57,-45,59,-47,61,-45,59,0,0]"
CSI_DATA,23,1a:00:00:00:00:00,-47,11,1,0,1,1,1,0,0,0,1,-96,0,11,2,557156,0,44,0,384,0,"[0,0,0,0,0,0,0,0,0,0,0,0,-10,-9,-10,-9,-9,-8,-9,-8,-8,-8,-8,-7,-8,-7,-8,-7,-7,-7,-7,-6,-7,-6,-7,-5,-6,-5,-6,-4,-6,-4,-5,-4,-5,-4,-5,-4,-4,-3,-4,-3,-3,-3,-3,-2,-3,-3,-3,-2,-2,-2,-2,-2,0,0,-2,-1,-1,-1,-1,-1,-1,-1,0,-1,0,0,0,0,0,0,1,0,1,0,1,0,1,0,1,0,1,1,1,0,2,1,1,1,2,1,1,1,2,1,2,1,2,2,1,2,1,2,1,2,1,2,0,0,0,0,0,0,0,0,0,0,0,0,0,0,-48,-60,-49,-55,-52,-56,-47,-53,-48,-55,-43,-51,-40,-46,-43,-49,-39,-45,-42,-45,-41,-41,-37,-37,-37,-37,-34,-33,-32,-31,-30,-30,-29,-28,-26,-28,-22,-26,-24,-25,-24,-23,-22,-22,-19,-17,-18,-18,-16,-16,-12,-11,-15,-12,-10,-9,-11,-9,-7,-11,-4,-8,-7,-8,-1,-5,1,-6,0,-2,2,0,3,-1,1,0,5,3,7,4,8,1,7,4,8,5,11,7,10,9,6,5,8,7,12,9,11,7,9,11,11,12,11,11,9,14,10,14,8,15,4,13,7,16,0,0,0,0,0,0,0,0,0,0,0,0,0,0,0,0,0,0,0,0,0,0,51,-2,52,1,55,5,57,10,59,11,57,10,59,17,62,14,59,17,61,13,63,17,61,15,63,19,62,20,65,18,66,24,67,23,67,24,68,21,66,23,69,23,67,25,65,24,67,20,69,23,70,21,67,21,64,18,66,19,65,18,65,13,64,13,64,13,63,10,62,6,63,5,62,-1,60,1,59,-7,57,-8,59,-12,59,-14,55,-17,57,-19,58,-22,56,-29,52,-31,52,-35,54,-35,54,-38,54,-40,55,-49,57,-45,52,-50,54,-50,57,-55,58,-52,0,0]"
CSI_DATA,24,1a:00:00:00:00:00,-46,11,1,0,1,1,1,0,0,0,1,-96,0,11,2,566573,0,44,0,384,0,"[0,0,0,0,0,0,0,0,0,0,0,0,12,3,11,3,11,2,10,3,10,2,10,2,9,2,9,1,8,2,8,1,8,1,7,1,7,1,6,1,6,1,6,1,5,0,4,1,4,0,4,0,3,0,3,0,3,0,2,0,2,0,1,0,0,0,1,0,0,0,0,0,0,0,0,0,-1,0,-1,0,-1,0,-2,0,-2,0,-2,-1,-2,-1,-2,-1,-2,-1,-2,-1,-3,-1,-3,-1,-3,-1,-3,-1,-3,-1,-3,-2,-3,-2,-3,-2,-3,-2,-3,-2,-3,-3,0,0,0,0,0,0,0,0,0,0,0,0,0,0,70,27,69,27,70,26,66,27,66,22,60,24,55,23,60,23,53,23,53,23,52,20,47,17,47,14,42,14,42,17,40,13,38,12,32,10,33,10,31,12,33,7,26,8,26,7,22,6,19,9,18,3,16,4,17,2,10,3,10,3,8,2,9,6,7,0,-1,5,2,1,0,-1,-5,-1,-5,1,-6,-1,-7,-3,-4,1,-7,-2,-10,-1,-13,-2,-12,-3,-12,-3,-14,-5,-17,-5,-13,-6,-14,-3,-17,-7,-16,-4,-15,-11,-15,-8,-16,-12,-14,-9,-13,-12,0,0,0,0,0,0,0,0,0,0,0,0,0,0,0,0,0,0,0,0,0,0,-47,23,-50,19,-52,16,-56,17,-57,12,-58,12,-59,11,-61,14,-62,11,-61,9,-66,7,-67,9,-66,9,-67,7,-67,6,-69,7,-74,8,-71,6,-73,7,-71,6,-68,7,-74,6,-72,8,-72,9,-75,8,-74,8,-71,9,-73,9,-68,11,-72,17,-66,12,-67,15,-64,18,-61,20,-61,20,-61,20,-56,26,-56,28,-52,32,-49,34,-49,35,-45,36,-45,42,-39,42,-43,48,-40,45,-35,51,-35,54,-32,55,-28,57,-29,61,-33,60,-29,67,-23,67,-26,66,-28,73,-31,73,0,0]"
CSI_DATA,25,1a:00:00:00:00:00,-47,11,1,0,1,1,1,0,0,0,1,-96,0,11,2,577353,0,44,0,384,0,"[0,0,0,0,0,0,0,0,0,0,0,0,-10,-8,-10,-7,-10,-7,-9,-7,-9,-7,-8,-6,-8,-7,-8,-6,-7,-6,-7,-5,-7,-5,-6,-5,-6,-5,-6,-4,-5,-4,-5,-4,-5,-3,-5,-4,-4,-3,-4,-3,-4,-3,-3,-2,-3,-2,-3,-2,-2,-2,-2,-2,0,0,-2,-1,-1,-1,-1,-1,-1,-1,0,-1,0,0,0,0,0,0,0,0,0,0,1,1,1,1,1,1,1,1,1,1,1,1,1,1,1,1,1,2,1,2,1,2,1,2,1,2,1,2,1,2,0,2,0,0,0,0,0,0,0,0,0,0,0,0,0,0,-62,-40,-65,-41,-68,-41,-61,-46,-59,-41,-57,-39,-57,-39,-51,-34,-49,-35,-50,-32,-47,-32,-44,-30,-45,-28,-40,-25,-36,-25,-39,-21,-37,-22,-33,-19,-33,-22,-29,-17,-28,-16,-27,-16,-22,-14,-21,-13,-20,-10,-16,-10,-17,-8,-12,-5,-13,-8,-10,-8,-9,-8,-6,-4,-4,-2,-3,-2,-1,-4,-1,-4,3,1,6,1,5,2,7,3,5,6,10,3,11,4,7,4,8,2,10,6,10,4,13,7,11,9,11,10,12,12,12,11,13,12,11,14,10,16,8,16,6,18,0,0,0,0,0,0,0,0,0,0,0,0,0,0,0,0,0,0,0,0,0,0,49,-25,50,-18,55,-18,57,-14,60,-10,56,-11,58,-9,60,-7,62,-7,63,-6,64,-2,66,-6,69,-4,69,-1,68,-3,73,-4,68,-4,72,0,72,-2,74,-2,72,0,74,-2,77,-1,75,-2,74,0,72,-2,75,-2,73,-5,72,-4,69,-5,70,-8,65,-8,68,-11,68,-12,67,-14,60,-20,60,-21,59,-21,54,-22,54,-25,52,-28,51,-37,47,-35,50,-40,49,-38,48,-42,42,-45,42,-48,42,-53,42,-57,41,-53,38,-58,40,-63,40,-65,39,-64,39,-66,42,-67,0,0]"
CSI_DATA,26,1a:00:00:00:00:00,-47,11,1,0,1,1,1,0,0,0,1,-96,0,11,2,586568,0,44,0,384,0,"[0,0,0,0,0,0,0,0,0,0,0,0,12,-2,12,-2,11,-2,11,-2,11,-2,10,-2,9,-2,9,-2,8,-2,8,-2,7,-2,7,-2,7,-2,6,-2,6,-2,5,-2,5,-2,4,-2,4,-2,4,-1,3,-1,3,-1,2,-1,2,-1,2,-1,1,-1,0,0,1,-1,0,-1,0,-1,0,-1,-1,0,-1,-1,-1,0,-1,-1,-2,0,-2,0,-2,0,-2,0,-3,0,-2,0,-3,0,-3,0,-3,0,-3,0,-3,-1,-3,-1,-3,-1,-3,-1,-3,-1,-3,-2,-3,-2,-3,-2,0,0,0,0,0,0,0,0,0,0,0,0,0,0,76,-5,69,-6,75,-10,68,-4,69,-4,67,-6,64,-5,60,-4,58,-6,52,-6,53,-3,50,-6,51,-4,47,-2,44,-7,42,-7,41,-2,35,-5,33,-4,28,-6,32,-4,24,-1,26,-3,22,-6,19,-3,19,-4,14,-3,13,-5,10,-1,11,-3,8,-2,9,-2,3,-1,4,-3,2,0,-5,-4,-3,2,-3,-3,-5,-1,-6,-1,-11,0,-7,3,-10,-2,-10,0,-13,0,-12,0,-13,0,-15,-2,-15,-1,-15,-2,-15,-5,-16,-6,-16,-9,-14,-3,-17,-7,-16,-10,-14,-9,0,0,0,0,0,0,0,0,0,0,0,0,0,0,0,0,0,0,0,0,0,0,-10,51,-18,47,-22,53,-30,49,-30,48,-31,48,-34,48,-35,49,-39,49,-38,47,-41,53,-42,51,-42,53,-42,49,-46,51,-46,51,-49,52,-49,55,-52,54,-49,48,-50,50,-53,53,-49,56,-48,53,-50,51,-48,53,-46,55,-45,54,-45,49,-50,52,-41,54,-40,63,-42,40,-62,19,-29,46,-39,52,-25,51,-23,58,-19,54,-19,54,-21,56,-18,55,-16,59,-12,59,-9,57,-3,63,-4,59,-3,65,-1,64,3,66,8,69,12,68,9,72,9,70,11,76,9,73,11,78,0,0]"
CSI_DATA,27,1a:00:00:00:00:00,-47,11,1,0,1,1,1,0,0,0,1,-96,0,11,2,606572,0,44,0,384,0,"[0,0,0,0,0,0,0,0,0,0,0,0,10,-7,10,-7,10,-7,10,-6,9,-6,8,-6,8,-6,7,-5,7,-5,7,-5,6,-5,6,-4,6,-4,5,-4,5,-4,4,-4,4,-3,3,-3,3,-3,3,-3,2,-3,2,-3,2,-2,2,-2,1,-2,1,-2,0,0,0,-1,0,-1,0,-1,-1,-1,-1,0,-1,0,-1,0,-1,0,-2,0,-2,0,-2,0,-2,0,-2,0,-3,0,-2,0,-3,0,-3,0,-3,0,-3,0,-3,0,-3,0,-4,0,-4,0,-4,-1,-4,-1,-3,-1,0,0,0,0,0,0,0,0,0,0,0,0,0,0,64,-42,61,-40,64,-38,59,-37,62,-36,58,-35,56,-32,55,-33,49,-32,49,-30,46,-27,46,-28,45,-21,40,-24,36,-21,35,-26,33,-27,28,-18,31,-21,24,-18,23,-17,24,-15,21,-14,18,-14,16,-9,14,-12,12,-9,13,-8,8,-8,8,-8,8,-5,3,-2,2,-7,3,-2,-2,-2,-3,-2,-4,1,-4,2,-9,2,-6,2,-9,-1,-10,3,-10,1,-13,4,-11,3,-15,4,-14,3,-15,3,-15,3,-17,2,-17,2,-16,1,-16,0,-17,0,-20,-3,-18,-7,-18,-4,0,0,0,0,0,0,0,0,0,0,0,0,0,0,0,0,0,0,0,0,0,0,13,50,9,55,0,55,1,57,-1,59,-8,55,-9,58,-11,57,-10,61,-12,63,-15,62,-12,63,-13,66,-15,64,-16,68,-19,63,-18,69,-18,66,-14,67,-24,66,-22,67,-22,70,-21,67,-19,67,-23,66,-16,71,-20,70,-19,71,-16,63,-15,67,-12,65,-13,66,-12,66,-13,64,-9,63,-6,64,-2,60,0,60,4,59,6,64,7,61,11,62,15,58,18,60,21,58,20,54,20,57,31,56,31,58,34,59,39,53,41,61,40,59,41,55,41,59,45,62,45,63,0,0]"
CSI_DATA,28,1a:00:00:00:00:00,-46,11,1,0,1,1,1,0,0,0,1,-96,0,11,2,616583,0,44,0,384,0,"[0,0,0,0,0,0,0,0,0,0,0,0,-13,4,-12,4,-12,4,-12,4,-11,4,-11,3,-10,4,-10,3,-9,3,-9,3,-9,3,-8,3,-8,2,-7,2,-6,2,-6,2,-6,2,-5,1,-5,1,-5,1,-4,1,-4,1,-3,1,-3,1,-3,1,-2,0,0,0,-2,0,-1,0,-1,0,0,0,0,0,0,0,1,0,1,0,1,0,1,0,1,0,1,0,2,0,2,0,2,0,2,0,2,0,2,0,2,0,3,0,3,0,3,1,3,1,2,1,2,1,2,1,0,0,0,0,0,0,0,0,0,0,0,0,0,0,-75,20,-71,20,-71,25,-68,20,-69,24,-69,20,-65,20,-63,18,-58,17,-56,18,-54,15,-53,15,-52,13,-45,16,-42,14,-42,12,-40,16,-36,12,-34,12,-30,11,-29,10,-25,10,-24,11,-21,8,-21,6,-17,7,-14,8,-11,8,-14,6,-12,5,-8,3,-7,5,-7,2,0,2,1,0,1,2,3,3,2,0,5,-2,9,-2,9,-1,9,-2,10,3,12,-1,14,-1,16,-1,14,1,17,-2,14,0,13,0,20,3,19,1,18,2,20,5,16,2,17,7,16,8,0,0,0,0,0,0,0,0,0,0,0,0,0,0,0,0,0,0,0,0,0,0,3,-52,8,-59,13,-56,18,-59,19,-57,22,-54,26,-55,23,-55,31,-56,26,-56,30,-57,29,-59,31,-61,33,-60,36,-63,35,-58,41,-64,36,-59,39,-65,43,-60,37,-59,42,-64,41,-63,37,-66,41,-65,37,-63,38,-64,37,-67,35,-63,36,-63,30,-60,32,-63,31,-61,28,-60,28,-61,20,-64,19,-60,16,-62,12,-62,9,-61,9,-61,1,-59,3,-65,-7,-63,-4,-67,-8,-62,-11,-65,-13,-66,-16,-67,-16,-66,-23,-67,-24,-70,-26,-76,-25,-66,-32,-75,-28,-79,-28,-74,0,0]"
CSI_DATA,29,1a:00:00:00:00:00,-46,11,1,0,1,1,1,0,0,0,1,-96,0,11,2,638141,0,44,0,384,0,"[0,0,0,0,0,0,0,0,0,0,0,0,-13,-4,-12,-4,-12,-4,-11,-4,-11,-4,-10,-4,-10,-4,-9,-3,-9,-3,-9,-3,-8,-3,-8,-2,-7,-2,-7,-2,-6,-2,-6,-2,-6,-2,-5,-1,-5,-1,-4,-1,-4,-1,-4,-1,-3,-1,-3,0,-2,-1,-2,-1,0,0,-1,-1,-1,0,-1,0,0,0,0,0,0,0,0,0,1,0,1,1,1,1,1,1,1,1,1,1,1,1,1,1,2,1,1,1,2,1,2,2,1,2,2,2,2,2,1,2,1,2,1,2,1,2,0,0,0,0,0,0,0,0,0,0,0,0,0,0,-74,-23,-70,-29,-68,-26,-68,-27,-66,-28,-66,-27,-59,-27,-62,-26,-55,-25,-50,-27,-53,-21,-51,-20,-47,-15,-42,-19,-43,-21,-40,-16,-38,-14,-35,-14,-36,-12,-28,-9,-32,-8,-25,-9,-23,-8,-23,-7,-21,-8,-18,-7,-15,-3,-14,-7,-15,1,-14,-1,-8,-2,-4,-3,-4,0,-1,2,-2,1,2,4,0,4,2,4,6,2,4,8,3,9,5,8,5,11,10,10,9,8,6,10,10,11,10,13,8,14,11,11,11,12,11,14,8,16,9,17,9,17,6,19,3,18,0,0,0,0,0,0,0,0,0,0,0,0,0,0,0,0,0,0,0,0,0,0,35,-39,41,-40,40,-39,45,-40,48,-35,53,-31,55,-31,53,-33,54,-32,53,-27,61,-30,60,-28,60,-28,63,-27,66,-30,63,-23,67,-27,62,-22,71,-28,71,-29,66,-30,70,-27,67,-26,69,-26,69,-23,69,-25,65,-24,70,-27,62,-27,68,-26,60,-27,64,-28,59,-31,58,-30,53,-35,56,-36,50,-34,49,-35,48,-38,47,-40,46,-46,38,-43,40,-48,36,-50,35,-52,29,-53,29,-55,27,-60,25,-62,27,-62,26,-65,27,-70,28,-72,24,-65,20,-72,23,-75,21,-74,0,0]"
CSI_DATA,30,1a:00:00:00:00:00,-47,11,1,0,1,1,1,0,0,0,1,-96,0,11,2,646656,0,44,0,384,0,"[0,0,0,0,0,0,0,0,0,0,0,0,1,12,1,12,1,11,0,11,0,10,0,10,0,9,0,9,0,9,0,8,0,8,0,7,0,6,0,6,0,5,0,5,0,5,0,4,0,4,0,3,0,3,0,2,0,2,0,2,0,1,0,1,0,0,0,0,0,0,0,-1,0,-1,0,-1,0,-1,0,-2,0,-2,0,-2,0,-2,0,-2,0,-3,0,-3,0,-3,0,-3,1,-3,1,-3,1,-3,1,-3,1,-3,1,-3,2,-3,2,-3,2,-3,2,-3,2,-3,0,0,0,0,0,0,0,0,0,0,0,0,0,0,4,74,4,73,5,75,1,72,4,70,4,65,4,62,0,62,0,59,2,55,2,56,3,49,5,48,0,44,7,45,6,41,6,38,2,34,4,29,3,28,4,26,2,23,3,23,1,20,2,19,3,16,3,17,2,11,1,9,3,6,4,4,3,2,0,2,0,0,0,-4,2,-4,0,-5,7,-8,3,-9,2,-12,5,-11,4,-11,4,-13,6,-10,6,-13,5,-18,5,-13,5,-18,5,-17,11,-19,10,-18,12,-15,11,-16,7,-16,11,-16,11,-14,12,-13,0,0,0,0,0,0,0,0,0,0,0,0,0,0,0,0,0,0,0,0,0,0,-50,-16,-52,-23,-50,-27,-53,-33,-50,-33,-51,-36,-47,-39,-50,-39,-51,-40,-47,-41,-51,-46,-52,-44,-52,-46,-51,-49,-50,-50,-49,-49,-52,-52,-50,-53,-53,-53,-50,-55,-49,-53,-53,-55,-49,-54,-50,-53,-49,-55,-51,-52,-51,-52,-49,-52,-48,-51,-49,-47,-49,-46,-49,-48,-49,-45,-50,-38,-49,-40,-50,-39,-55,-34,-56,-29,-53,-27,-56,-23,-56,-24,-56,-17,-55,-14,-61,-11,-60,-13,-66,-6,-64,-5,-66,-3,-66,-2,-68,3,-67,8,-70,9,-72,10,-76,7,-75,9,-72,9,-82,10,0,0]"
CSI_DATA,31,1a:00:00:00:00:00,-47,11,1,0,1,1,1,0,0,0,1,-96,0,11,2,656626,0,44,0,384,0,"[0,0,0,0,0,0,0,0,0,0,0,0,-13,-3,-13,-3,-12,-3,-12,-3,-11,-3,-10,-3,-10,-3,-10,-3,-9,-3,-9,-2,-8,-2,-8,-2,-8,-2,-7,-2,-7,-2,-6,-2,-6,-1,-5,-1,-5,-1,-4,-1,-4,-1,-3,-1,-3,-1,-3,0,-2,-1,-2,0,0,0,-1,0,-1,0,0,0,0,0,0,0,1,0,1,0,1,0,1,0,1,1,1,1,1,1,2,1,1,1,2,1,2,1,2,1,2,1,2,1,2,1,2,2,2,2,2,2,2,2,2,2,1,2,0,0,0,0,0,0,0,0,0,0,0,0,0,0,-76,-24,-72,-21,-71,-21,-67,-21,-69,-21,-63,-22,-61,-20,-64,-20,-53,-17,-50,-19,-51,-17,-52,-15,-47,-17,-44,-14,-42,-11,-40,-14,-39,-12,-36,-6,-32,-7,-28,-6,-28,-8,-25,-5,-25,-3,-22,-4,-22,-6,-17,-2,-15,-5,-13,-1,-11,-3,-5,1,-4,-3,-5,0,-2,2,2,2,-1,3,6,4,4,6,7,7,8,3,8,4,7,8,9,3,11,7,10,10,12,7,13,8,16,7,10,10,15,7,10,12,15,10,14,14,13,14,10,12,11,14,10,12,12,15,0,0,0,0,0,0,0,0,0,0,0,0,0,0,0,0,0,0,0,0,0,0,42,-37,43,-35,46,-32,53,-31,51,-30,56,-26,53,-23,58,-25,59,-23,57,-25,62,-21,64,-23,65,-21,64,-20,69,-21,67,-21,70,-23,68,-20,70,-20,70,-18,72,-16,75,-19,70,-21,71,-19,68,-20,71,-22,70,-24,70,-26,65,-21,64,-22,59,-25,60,-29,58,-28,57,-29,55,-28,55,-30,50,-33,47,-33,43,-37,45,-40,44,-42,37,-41,36,-47,34,-51,36,-50,27,-49,30,-57,26,-55,26,-63,21,-60,20,-63,22,-67,20,-70,18,-67,18,-74,21,-77,18,-72,0,0]"
CSI_DATA,32,1a:00:00:00:00:00,-47,11,1,0,1,1,1,0,0,0,1,-96,0,11,2,677483,0,44,0,384,0,"[0,0,0,0,0,0,0,0,0,0,0,0,12,-6,11,-5,11,-5,10,-5,10,-5,9,-4,9,-5,8,-4,8,-4,8,-4,7,-4,7,-4,6,-4,6,-3,5,-3,5,-3,4,-3,3,-3,3,-3,3,-2,3,-2,2,-2,2,-2,2,-1,1,-1,1,-1,0,0,0,0,0,0,-1,0,-1,0,-1,0,-1,0,-2,0,-2,0,-3,0,-3,0,-3,0,-3,0,-3,0,-3,0,-3,0,-4,0,-4,0,-4,0,-4,0,-4,0,-4,0,-4,0,-4,0,-4,-1,-4,-1,-4,-1,0,0,0,0,0,0,0,0,0,0,0,0,0,0,74,-29,69,-28,72,-29,68,-25,67,-25,64,-25,56,-26,61,-24,55,-21,53,-21,51,-19,50,-20,47,-19,41,-15,41,-17,39,-17,33,-17,32,-16,30,-14,26,-12,25,-11,22,-10,22,-13,20,-11,17,-9,14,-4,11,-9,9,-8,9,-5,9,-2,6,0,3,0,3,3,-3,1,-2,3,-6,1,-8,3,-9,3,-8,2,-10,2,-11,3,-11,4,-12,2,-13,5,-15,5,-17,4,-16,4,-15,3,-21,6,-19,5,-20,4,-20,6,-23,0,-18,0,-21,-2,-20,0,-20,-1,0,0,0,0,0,0,0,0,0,0,0,0,0,0,0,0,0,0,0,0,0,0,-17,50,-22,58,-24,53,-31,53,-31,52,-35,55,-37,50,-38,49,-41,54,-41,46,-42,53,-46,53,-42,57,-45,55,-50,54,-48,52,-49,58,-48,53,-50,57,-55,53,-50,54,-54,54,-49,53,-53,58,-46,58,-46,57,-46,53,-48,58,-44,54,-43,57,-39,54,-38,55,-38,55,-35,53,-36,57,-30,57,-25,57,-18,59,-15,58,-13,55,-8,58,-7,58,-5,60,0,60,4,61,4,64,7,62,11,63,14,62,21,61,22,62,26,65,26,69,25,68,32,69,27,72,31,72,0,0]"
CSI_DATA,33,1a:00:00:00:00:00,-47,11,1,0,1,1,1,0,0,0,1,-96,0,11,2,686992,0,44,0,384,0,"[0,0,0,0,0,0,0,0,0,0,0,0,8,-10,7,-9,7,-9,7,-9,7,-9,6,-9,6,-8,5,-8,5,-8,5,-7,5,-7,4,-6,4,-6,4,-6,3,-5,3,-5,2,-5,2,-4,2,-4,2,-4,2,-3,1,-3,1,-3,1,-2,1,-2,0,-1,0,0,0,-1,0,0,0,0,0,0,-1,1,-1,1,-1,1,-1,1,-1,1,-1,1,-2,2,-1,2,-2,2,-2,2,-2,2,-2,2,-2,2,-2,2,-3,2,-3,2,-3,2,-3,2,-3,2,-3,2,-3,2,-4,1,0,0,0,0,0,0,0,0,0,0,0,0,0,0,45,-60,45,-59,42,-59,40,-57,40,-53,36,-52,37,-55,37,-52,34,-47,30,-47,27,-46,27,-43,25,-43,25,-38,22,-37,23,-35,22,-31,19,-31,18,-28,16,-26,11,-28,15,-24,12,-19,9,-21,10,-20,5,-16,9,-14,6,-10,7,-8,4,-7,2,-5,3,0,4,1,0,3,1,1,0,3,1,6,-2,7,-2,10,-3,8,-8,10,-4,11,-6,14,-7,11,-6,11,-5,14,-9,13,-9,15,-10,16,-11,18,-11,17,-10,17,-12,17,-13,15,-16,14,-15,13,-17,12,0,0,0,0,0,0,0,0,0,0,0,0,0,0,0,0,0,0,0,0,0,0,-2,53,-5,56,-9,56,-10,57,-15,59,-17,59,-17,56,-19,61,-16,59,-22,63,-24,61,-23,65,-26,62,-27,63,-24,64,-22,67,-24,67,-26,67,-26,65,-25,70,-24,65,-23,67,-26,72,-28,70,-24,68,-21,66,-26,68,-15,64,-13,69,-13,62,-12,67,-13,63,-12,64,-6,59,-3,64,0,59,3,57,10,56,10,55,11,56,15,53,20,52,22,48,27,52,25,46,29,47,35,47,41,43,40,42,45,46,46,45,49,44,51,41,61,50,56,43,56,42,65,46,0,0]"
CSI_DATA,34,1a:00:00:00:00:00,-47,11,1,0,1,1,1,0,0,0,1,-96,0,11,2,696714,0,44,0,384,0,"[0,0,0,0,0,0,0,0,0,0,0,0,8,-11,8,-10,7,-9,8,-10,6,-9,6,-9,6,-8,5,-8,5,-8,5,-8,4,-7,4,-7,4,-7,3,-6,3,-6,3,-6,2,-5,2,-5,2,-4,2,-4,2,-4,1,-3,1,-3,1,-2,1,-2,1,-2,0,0,0,-1,0,-1,0,0,0,0,0,1,0,0,0,1,0,1,-1,2,-1,2,-1,2,-1,2,-1,2,-1,2,-1,2,-1,2,-1,3,-2,3,-2,3,-2,3,-2,3,-2,3,-2,3,-2,2,-3,2,-3,2,0,0,0,0,0,0,0,0,0,0,0,0,0,0,68,-37,62,-38,69,-41,61,-34,59,-37,58,-35,56,-34,54,-34,52,-30,47,-32,44,-30,44,-28,42,-28,34,-26,33,-26,33,-27,33,-25,33,-24,26,-22,22,-19,21,-18,17,-16,17,-18,19,-14,13,-15,13,-15,13,-9,10,-8,10,-8,8,-5,5,-1,3,-2,7,2,4,3,2,4,0,8,2,5,-2,8,0,7,-4,9,-6,8,-6,12,-6,12,-6,12,-6,15,-9,15,-9,13,-8,15,-11,14,-10,15,-12,14,-17,15,-15,16,-12,13,-13,14,-18,14,-18,12,0,0,0,0,0,0,0,0,0,0,0,0,0,0,0,0,0,0,0,0,0,0,-40,38,-44,35,-48,33,-52,35,-48,31,-54,30,-56,28,-52,31,-59,28,-58,31,-57,27,-61,29,-62,33,-65,34,-67,35,-61,32,-67,37,-59,33,-64,40,-65,32,-62,34,-66,37,-60,36,-64,41,-61,39,-62,44,-60,42,-60,42,-53,38,-54,44,-47,41,-46,49,-45,46,-45,49,-40,45,-37,50,-34,47,-28,51,-24,55,-23,54,-20,55,-11,55,-11,59,-4,56,-3,58,1,62,2,62,8,59,11,61,15,59,18,62,27,62,27,70,25,61,33,66,35,66,33,64,0,0]"
CSI_DATA,35,1a:00:00:00:00:00,-46,11,1,0,1,1,1,0,0,0,1,-96,0,11,2,707169,0,44,0,384,0,"[0,0,0,0,0,0,0,0,0,0,0,0,-4,-13,-3,-12,-3,-12,-3,-12,-3,-11,-3,-11,-3,-10,-3,-10,-3,-9,-3,-9,-3,-8,-3,-8,-3,-7,-3,-7,-3,-6,-2,-6,-3,-6,-2,-5,-2,-5,-2,-4,-2,-4,-2,-4,-2,-4,-1,-3,-1,-3,-1,-3,0,0,-1,-2,0,-2,0,-1,0,-1,0,-1,0,0,1,0,1,0,1,0,1,0,1,1,1,1,1,1,1,1,1,1,1,2,1,2,2,2,1,2,1,2,1,2,1,2,1,2,1,3,1,2,0,3,0,0,0,0,0,0,0,0,0,0,0,0,0,0,0,-81,-3,-78,-5,-77,-3,-72,-4,-73,-5,-71,-5,-66,-6,-63,-7,-64,-6,-61,-1,-58,-6,-56,-9,-53,-7,-52,-7,-48,-10,-47,-7,-45,-8,-38,-7,-39,-6,-36,-8,-34,-6,-33,-7,-26,-6,-25,-2,-26,-4,-24,-4,-19,-1,-17,1,-13,-1,-11,-2,-13,2,-8,4,-5,6,-2,3,2,4,-2,4,0,5,6,6,5,6,6,4,7,7,9,7,9,4,8,9,13,10,13,7,15,9,13,8,14,7,18,7,17,6,17,5,19,4,19,0,19,1,18,1,20,0,0,0,0,0,0,0,0,0,0,0,0,0,0,0,0,0,0,0,0,0,0,29,44,26,52,28,50,22,56,21,57,15,56,12,56,13,63,15,65,16,62,15,63,16,65,17,67,14,70,16,71,14,67,17,69,17,72,16,70,14,72,17,71,16,75,17,72,17,71,18,71,20,68,21,68,21,65,24,63,24,62,26,61,28,59,29,57,29,56,32,52,35,48,38,47,38,42,41,42,42,38,45,36,46,34,50,28,57,26,51,24,58,16,56,16,62,12,60,10,66,8,65,4,69,1,73,2,66,-2,75,-5,75,-3,77,-6,0,0]"
CSI_DATA,36,1a:00:00:00:00:00,-46,11,1,0,1,1,1,0,0,0,1,-96,0,11,2,739437,0,44,0,384,0,"[0,0,0,0,0,0,0,0,0,0,0,0,12,-2,12,-2,12,-2,12,-2,11,-2,10,-2,10,-2,9,-2,9,-2,9,-2,8,-2,8,-2,7,-2,7,-2,6,-2,6,-2,5,-2,5,-1,5,-1,4,-1,4,-1,3,-1,3,-1,3,-1,2,-1,2,-1,0,0,1,0,0,0,0,0,0,0,-1,0,-1,-1,-1,0,-2,-1,-2,-1,-2,0,-2,-1,-2,-1,-3,-1,-3,-1,-3,-1,-3,-1,-3,-1,-3,-1,-3,-1,-3,-1,-4,-1,-4,-2,-4,-2,-3,-2,-3,-2,-3,-2,0,0,0,0,0,0,0,0,0,0,0,0,0,0,75,-8,75,-3,77,-5,72,-1,73,-6,69,-5,68,-2,66,-4,61,-2,60,-5,59,1,56,-3,52,-4,51,-5,47,-5,46,-4,41,-2,38,-5,33,-3,35,-5,33,-7,29,-2,25,-6,26,-2,22,-2,20,-2,21,-2,16,-3,14,-5,11,-2,8,-4,5,1,6,0,1,4,-1,1,0,1,-3,0,-5,-2,-6,-2,-6,-1,-11,-2,-11,-1,-9,-2,-11,-2,-12,-1,-18,-1,-16,-3,-17,-4,-18,-3,-16,-4,-17,-4,-20,-5,-18,-6,-16,-7,-20,-11,-15,-12,-15,-10,0,0,0,0,0,0,0,0,0,0,0,0,0,0,0,0,0,0,0,0,0,0,-22,41,-31,42,-36,45,-38,44,-43,40,-45,41,-46,37,-51,35,-47,37,-53,38,-53,38,-55,37,-55,37,-56,37,-58,36,-59,39,-59,35,-60,36,-61,36,-61,37,-63,37,-60,40,-63,36,-64,39,-61,37,-61,42,-58,37,-59,37,-58,42,-56,43,-51,38,-52,42,-50,43,-46,42,-46,44,-44,43,-40,46,-36,48,-36,49,-28,51,-29,50,-26,54,-21,57,-22,56,-19,56,-15,62,-13,60,-10,67,-7,62,-3,66,-1,69,1,66,0,71,2,74,5,77,2,77,7,75,0,0]"
CSI_DATA,37,1a:00:00:00:00:00,-46,11,1,0,1,1,1,0,0,0,1,-96,0,11,2,746748,0,44,0,384,0,"[0,0,0,0,0,0,0,0,0,0,0,0,-8,10,-8,9,-8,9,-8,9,-7,8,-7,8,-6,7,-6,7,-6,7,-6,6,-5,6,-5,6,-5,5,-5,5,-4,5,-4,5,-3,4,-3,4,-3,4,-3,3,-3,3,-2,2,-2,2,-2,2,-2,1,-2,1,0,0,-1,0,-1,0,-1,0,0,-1,0,-1,0,-1,0,-1,0,-2,1,-1,1,-2,1,-2,1,-2,1,-2,1,-2,2,-2,2,-2,2,-2,2,-2,2,-2,2,-2,2,-2,3,-2,3,-2,3,-2,3,-1,3,-1,0,0,0,0,0,0,0,0,0,0,0,0,0,0,-59,48,-60,43,-57,50,-57,43,-58,44,-55,42,-50,43,-56,41,-48,32,-48,41,-42,34,-40,33,-41,33,-40,30,-35,27,-34,28,-31,28,-29,25,-31,23,-24,21,-22,23,-19,19,-21,20,-19,13,-18,17,-15,13,-13,13,-9,11,-8,8,-10,5,-4,4,-5,3,-2,1,-4,1,-2,0,-1,0,5,-2,2,-4,6,-5,6,-7,6,-7,10,-5,8,-6,10,-6,14,-5,13,-6,15,-6,13,-7,16,-7,14,-7,18,-7,17,-7,18,-4,19,-6,18,-4,17,-1,17,1,0,0,0,0,0,0,0,0,0,0,0,0,0,0,0,0,0,0,0,0,0,0,-10,-47,-7,-51,-3,-52,0,-58,4,-54,4,-59,8,-57,9,-57,12,-60,10,-59,15,-63,15,-64,17,-65,17,-66,17,-71,18,-62,19,-70,20,-66,20,-70,22,-67,22,-68,24,-70,23,-65,19,-70,23,-70,22,-70,20,-67,20,-68,16,-65,19,-67,15,-64,11,-67,12,-64,11,-63,6,-64,5,-62,0,-58,-6,-62,-4,-61,-8,-57,-9,-59,-18,-57,-20,-58,-20,-56,-23,-57,-27,-57,-31,-54,-32,-56,-37,-55,-38,-53,-41,-52,-46,-54,-49,-56,-48,-54,-52,-58,-54,-63,-53,-58,0,0]"
CSI_DATA,38,1a:00:00:00:00:00,-46,11,1,0,1,1,1,0,0,0,1,-96,0,11,2,766591,0,44,0,384,0,"[0,0,0,0,0,0,0,0,0,0,0,0,-13,4,-12,4,-12,4,-12,4,-11,4,-11,3,-10,3,-9,4,-9,3,-9,3,-8,3,-8,3,-8,2,-7,2,-6,2,-6,2,-6,2,-5,2,-5,2,-5,1,-4,1,-4,1,-3,1,-3,1,-3,0,-2,0,0,0,-1,0,-1,0,-1,-1,-1,-1,0,-1,0,-1,0,-1,1,-1,1,-1,1,-1,1,-1,1,-1,2,-1,2,-2,2,-1,2,-1,2,-1,2,-1,3,-1,3,-1,3,-1,3,-1,3,-1,3,0,3,0,3,0,0,0,0,0,0,0,0,0,0,0,0,0,0,0,-73,22,-72,22,-70,21,-70,20,-68,19,-67,18,-66,18,-62,16,-62,14,-56,17,-54,16,-52,14,-49,13,-47,12,-44,11,-42,17,-36,11,-37,13,-33,11,-29,10,-30,13,-25,8,-25,11,-21,9,-19,8,-17,8,-16,4,-13,4,-12,1,-10,2,-9,0,-2,1,-5,-3,0,-1,-3,0,1,-2,4,-4,4,-2,7,-5,7,-4,9,-2,9,-6,10,-4,13,-1,11,-2,14,-4,13,-4,15,-6,20,-5,17,-2,14,-3,19,-3,18,-1,17,1,17,2,17,0,16,4,0,0,0,0,0,0,0,0,0,0,0,0,0,0,0,0,0,0,0,0,0,0,13,-49,15,-48,20,-50,28,-50,26,-48,29,-48,31,-46,31,-50,35,-49,35,-48,38,-50,37,-51,39,-51,38,-51,43,-50,46,-51,46,-52,47,-55,47,-54,46,-52,45,-55,47,-53,47,-52,48,-57,47,-56,47,-55,44,-55,45,-55,43,-54,41,-54,39,-52,37,-52,37,-52,32,-53,32,-55,30,-54,22,-54,21,-55,22,-57,14,-55,14,-58,9,-58,9,-58,4,-60,1,-60,-5,-61,-6,-61,-7,-67,-9,-65,-15,-65,-18,-64,-19,-67,-23,-70,-23,-68,-26,-72,-23,-72,-25,-72,0,0]"
CSI_DATA,39,1a:00:00:00:00:00,-46,11,1,0,1,1,1,0,0,0,1,-96,0,11,2,776616,0,44,0,384,0,"[0,0,0,0,0,0,0,0,0,0,0,0,13,0,13,0,12,0,12,0,11,0,11,0,10,-1,9,-1,9,-1,9,0,8,0,7,-1,7,-1,7,-1,6,-1,6,-1,5,-1,5,-1,5,-1,4,-1,4,-1,3,-1,3,-1,2,0,2,0,2,0,0,0,1,0,1,0,0,0,0,0,-1,0,-1,0,-1,1,-1,0,-2,0,-2,1,-3,0,-2,1,-3,0,-3,0,-3,0,-3,0,-3,0,-4,0,-4,0,-3,0,-4,0,-4,0,-4,0,-4,-1,-4,-1,-4,-1,0,0,0,0,0,0,0,0,0,0,0,0,0,0,74,5,75,7,73,4,71,8,69,6,65,8,65,6,64,4,61,3,58,5,54,6,52,6,49,1,49,4,45,4,44,-1,39,0,38,-3,37,-1,34,0,31,0,25,2,24,-3,22,3,23,1,18,1,15,1,17,0,13,3,13,-1,7,2,6,3,4,2,5,2,1,3,-3,5,-4,2,-7,-1,-6,3,-6,1,-8,1,-10,2,-12,3,-11,1,-14,2,-12,3,-13,-1,-15,3,-17,2,-15,0,-18,-2,-21,-1,-18,-3,-19,-2,-18,-4,-17,-6,-19,-6,0,0,0,0,0,0,0,0,0,0,0,0,0,0,0,0,0,0,0,0,0,0,-34,38,-37,34,-44,33,-46,33,-48,32,-52,28,-49,25,-55,23,-58,26,-55,26,-58,27,-59,27,-60,29,-62,28,-62,23,-63,24,-67,27,-68,23,-67,25,-65,26,-68,26,-68,25,-65,22,-68,29,-68,28,-66,32,-65,28,-61,31,-60,26,-60,32,-57,28,-59,29,-54,33,-54,33,-51,35,-50,33,-44,41,-42,39,-40,44,-37,44,-35,45,-34,48,-29,52,-24,52,-26,52,-18,56,-19,57,-17,64,-16,61,-10,65,-8,65,-8,70,-5,73,-7,71,-3,73,-9,79,-5,77,0,0]"
CSI_DATA,40,1a:00:00:00:00:00,-46,11,1,0,1,1,1,0,0,0,1,-96,0,11,2,786625,0,44,0,384,0,"[0,0,0,0,0,0,0,0,0,0,0,0,-14,-2,-14,-2,-13,-2,-13,-2,-12,-1,-12,-2,-11,-1,-11,-1,-10,-1,-9,-1,-9,-1,-9,-1,-8,-1,-8,-1,-8,-1,-7,-1,-7,0,-6,-1,-6,-1,-5,-1,-5,-1,-5,-1,-4,-1,-4,-1,-3,-1,-3,-1,0,0,-2,-1,-2,-2,-2,-2,-1,-2,-1,-2,-1,-2,0,-1,0,-2,0,-2,1,-2,1,-2,1,-2,1,-2,2,-2,1,-2,2,-2,2,-2,2,-2,2,-2,2,-2,3,-2,3,-1,3,-1,3,-1,3,-1,3,0,0,0,0,0,0,0,0,0,0,0,0,0,0,0,-78,-23,-73,-24,-74,-22,-74,-19,-69,-24,-70,-23,-64,-23,-69,-22,-60,-19,-58,-15,-56,-16,-55,-13,-54,-13,-46,-12,-44,-15,-43,-13,-41,-12,-39,-9,-37,-9,-33,-6,-33,-7,-31,-7,-29,-5,-24,-6,-23,-4,-23,-5,-20,-5,-17,-4,-16,-9,-13,-9,-11,-7,-8,-6,-5,-5,-7,-6,-1,-11,-5,-7,0,-7,5,-6,3,-9,7,-10,5,-6,9,-3,9,-4,11,-4,15,-7,12,-8,14,-5,15,-5,15,-6,16,-3,18,-5,17,-3,18,-3,16,0,17,4,16,1,16,1,0,0,0,0,0,0,0,0,0,0,0,0,0,0,0,0,0,0,0,0,0,0,49,-16,55,-11,52,-8,59,-5,59,-1,60,-3,56,2,63,-1,64,0,61,3,63,5,69,5,65,7,71,8,72,4,68,5,74,5,70,8,71,6,73,3,75,-1,74,4,71,1,73,6,74,2,73,2,73,2,75,-4,69,-1,71,-3,65,-5,66,-11,63,-12,63,-15,60,-16,59,-20,54,-21,56,-23,50,-25,50,-28,48,-34,47,-34,43,-41,42,-45,38,-46,37,-54,33,-53,30,-53,28,-58,26,-57,26,-61,26,-64,27,-68,23,-70,25,-73,21,-76,24,-71,0,0]"
CSI_DATA,41,1a:00:00:00:00:00,-47,11,1,0,1,1,1,0,0,0,1,-96,0,11,2,826736,0,44,0,384,0,"[0,0,0,0,0,0,0,0,0,0,0,0,10,-8,9,-8,9,-7,9,-7,8,-7,8,-7,7,-7,7,-7,6,-6,6,-6,6,-6,5,-5,5,-5,5,-5,4,-4,4,-5,4,-4,3,-4,3,-3,3,-3,2,-3,2,-3,2,-2,2,-3,2,-2,1,-2,0,0,1,-2,1,-1,1,-1,0,-1,0,0,0,0,0,0,0,1,-1,1,-1,1,-1,1,-1,1,-1,1,-1,1,-2,1,-1,1,-2,2,-2,1,-2,2,-2,2,-2,2,-3,2,-3,2,-3,2,-3,1,-3,1,0,0,0,0,0,0,0,0,0,0,0,0,0,0,60,-44,59,-45,56,-43,53,-39,55,-44,55,-37,50,-38,49,-38,46,-37,42,-32,41,-35,40,-32,36,-28,31,-32,31,-27,30,-25,31,-30,28,-27,23,-21,23,-24,22,-20,20,-17,15,-19,15,-17,15,-16,11,-13,12,-16,9,-12,8,-9,8,-7,6,-8,4,-2,5,-4,0,0,5,4,4,2,0,3,0,0,1,4,-2,5,-2,7,-3,11,-4,8,-5,7,-3,10,-2,10,-8,14,-7,11,-8,12,-7,14,-9,11,-12,13,-11,13,-13,9,-13,12,-10,10,-14,11,0,0,0,0,0,0,0,0,0,0,0,0,0,0,0,0,0,0,0,0,0,0,-18,53,-22,49,-33,49,-27,49,-31,51,-38,47,-38,45,-40,47,-44,49,-41,50,-45,49,-43,53,-45,53,-46,55,-42,51,-45,52,-44,50,-48,53,-49,52,-49,52,-51,51,-50,55,-49,55,-46,57,-45,55,-42,56,-43,57,-41,56,-39,55,-35,54,-33,55,-30,54,-34,54,-30,57,-25,53,-20,55,-17,55,-10,56,-11,57,-4,58,-3,56,2,55,6,54,7,61,14,54,12,53,12,53,20,56,23,55,28,57,33,55,37,58,35,61,38,57,41,59,42,60,44,66,0,0]"
CSI_DATA,42,1a:00:00:00:00:00,-48,11,1,0,1,1,1,0,0,0,1,-96,0,11,2,826877,0,44,0,384,0,"[0,0,0,0,0,0,0,0,0,0,0,0,-7,-11,-7,-11,-7,-11,-7,-10,-7,-10,-6,-9,-6,-9,-6,-8,-6,-8,-6,-8,-5,-7,-5,-7,-5,-7,-4,-6,-4,-6,-4,-5,-4,-5,-3,-5,-3,-4,-3,-4,-3,-4,-2,-3,-2,-3,-2,-3,-2,-3,-1,-2,0,0,-1,-2,-1,-1,-1,-1,0,-1,0,-1,0,-1,0,0,0,0,1,0,1,0,1,0,1,0,1,1,1,1,1,1,1,1,1,1,1,1,1,1,1,2,1,2,1,2,1,2,1,2,1,2,1,2,0,0,0,0,0,0,0,0,0,0,0,0,0,0,-44,-64,-45,-64,-41,-60,-39,-56,-42,-58,-38,-54,-37,-53,-35,-55,-33,-48,-34,-45,-34,-45,-35,-42,-29,-40,-32,-39,-27,-38,-28,-31,-22,-31,-23,-29,-23,-27,-22,-27,-22,-24,-15,-22,-17,-18,-15,-19,-13,-16,-12,-15,-13,-15,-9,-11,-9,-10,-5,-10,-6,-7,-5,-10,-6,-6,-1,-6,3,-1,0,0,4,-2,4,1,2,-1,6,1,5,3,6,2,9,4,8,2,11,6,12,4,12,8,9,9,9,8,7,11,10,9,10,12,10,11,10,13,6,17,9,16,4,15,0,0,0,0,0,0,0,0,0,0,0,0,0,0,0,0,0,0,0,0,0,0,51,7,52,14,52,19,57,23,55,26,57,25,55,31,53,26,55,33,59,33,58,34,59,33,61,39,60,37,58,39,58,43,62,39,58,40,63,41,58,42,62,41,62,45,62,39,61,40,62,41,63,36,61,36,64,35,58,31,59,33,64,31,61,25,57,27,59,23,59,18,59,17,60,10,59,7,56,7,58,3,58,0,61,-8,58,-7,56,-10,56,-13,55,-21,54,-20,57,-21,58,-28,56,-29,57,-36,58,-39,61,-38,60,-34,63,-42,58,-41,65,-47,0,0]"
CSI_DATA,43,1a:00:00:00:00:00,-47,11,1,0,1,1,1,0,0,0,1,-96,0,11,2,827009,0,44,0,384,0,"[0,0,0,0,0,0,0,0,0,0,0,0,-7,10,-7,10,-6,9,-6,9,-6,8,-6,8,-6,8,-5,8,-5,7,-5,7,-5,6,-4,6,-4,6,-4,5,-3,5,-4,5,-3,4,-3,4,-3,3,-2,3,-2,3,-2,2,-2,2,-2,2,-2,1,-2,1,0,0,-1,1,-1,0,-1,0,-1,0,-1,-1,-1,-1,-1,-1,-1,-2,0,-1,-1,-1,0,-2,0,-2,0,-2,0,-2,0,-2,0,-3,0,-3,0,-2,0,-3,1,-3,1,-3,1,-3,1,-3,2,-3,2,-2,2,-2,0,0,0,0,0,0,0,0,0,0,0,0,0,0,-46,63,-44,57,-41,62,-39,55,-37,59,-39,56,-35,54,-36,48,-34,50,-34,49,-30,47,-26,40,-27,45,-25,40,-23,38,-21,35,-21,35,-17,32,-16,31,-15,28,-12,27,-12,24,-13,22,-12,22,-11,20,-11,17,-9,14,-7,12,-7,13,-7,9,-4,6,-5,7,-5,3,-2,1,-2,1,-4,0,-2,-4,-2,-5,0,-5,0,-9,-1,-8,1,-7,-1,-9,-4,-6,2,-9,4,-12,2,-16,0,-14,3,-11,4,-17,7,-14,7,-16,5,-13,6,-14,8,-12,9,-11,12,-12,0,0,0,0,0,0,0,0,0,0,0,0,0,0,0,0,0,0,0,0,0,0,-9,-52,-4,-54,-2,-58,3,-58,4,-62,7,-62,11,-64,13,-64,13,-64,12,-64,14,-68,14,-69,15,-68,15,-70,18,-71,18,-69,18,-70,18,-72,19,-73,23,-72,21,-71,24,-73,18,-71,14,-71,17,-71,14,-71,12,-73,13,-73,9,-70,10,-72,10,-68,8,-67,4,-66,0,-64,0,-66,-2,-66,-6,-62,-10,-61,-16,-60,-19,-57,-18,-55,-23,-53,-28,-54,-35,-51,-31,-49,-39,-50,-38,-50,-38,-48,-46,-45,-46,-48,-56,-40,-57,-44,-59,-44,-55,-39,-62,-42,-59,-44,-66,-45,0,0]"
CSI_DATA,44,1a:00:00:00:00:00,-47,11,1,0,1,1,1,0,0,0,1,-96,0,11,2,856740,0,44,0,384,0,"[0,0,0,0,0,0,0,0,0,0,0,0,-5,13,-4,12,-5,12,-5,11,-5,11,-4,10,-4,9,-4,9,-4,8,-4,8,-3,7,-3,7,-3,6,-3,6,-3,5,-2,5,-2,4,-2,4,-2,4,-1,3,-1,3,-1,3,-1,3,0,2,-1,2,0,2,0,0,0,1,0,1,0,1,0,1,1,0,0,0,1,0,1,0,1,0,1,0,1,-1,1,-1,1,-1,1,-1,1,-1,2,-1,2,-1,2,-1,2,-1,2,-1,2,-1,2,-1,2,-1,2,0,2,0,2,0,0,0,0,0,0,0,0,0,0,0,0,0,0,0,-29,69,-34,68,-31,68,-36,66,-32,61,-35,59,-32,54,-32,51,-31,49,-29,46,-28,46,-25,42,-25,42,-23,37,-21,38,-19,32,-20,31,-19,27,-15,28,-13,29,-12,24,-10,22,-12,21,-10,21,-10,18,-7,14,-4,13,-4,14,-4,12,-3,11,-2,10,3,11,1,5,2,8,1,4,2,4,5,3,6,1,5,-1,5,-1,8,0,10,2,8,-1,10,-1,8,1,13,-2,9,-3,9,-4,11,-1,15,0,15,-1,12,0,15,1,13,1,16,3,14,4,11,2,0,0,0,0,0,0,0,0,0,0,0,0,0,0,0,0,0,0,0,0,0,0,-50,-13,-52,-16,-52,-24,-51,-29,-51,-28,-50,-33,-49,-37,-46,-41,-47,-43,-50,-41,-46,-50,-45,-47,-47,-48,-46,-51,-45,-53,-43,-53,-46,-53,-45,-56,-45,-53,-39,-54,-40,-58,-41,-61,-38,-64,-40,-61,-38,-61,-38,-59,-34,-57,-39,-56,-38,-55,-39,-56,-40,-49,-36,-50,-37,-48,-40,-48,-44,-47,-40,-43,-44,-41,-45,-41,-45,-39,-48,-36,-49,-33,-49,-33,-55,-31,-54,-29,-56,-26,-57,-27,-59,-26,-65,-24,-66,-24,-68,-23,-67,-23,-68,-24,-77,-23,-70,-24,-77,-26,-75,-27,-79,-28,0,0]"
CSI_DATA,45,1a:00:00:00:00:00,-48,11,1,0,1,1,1,0,0,0,1,-96,0,11,2,866653,0,44,0,384,0,"[0,0,0,0,0,0,0,0,0,0,0,0,-1,12,-1,11,-1,11,-1,11,-2,10,-2,10,-1,9,-1,8,-2,8,-1,7,-1,7,-1,7,-1,6,-1,5,-1,5,-1,5,0,4,0,4,0,3,0,3,0,3,0,2,0,2,0,2,0,1,0,1,0,0,0,1,0,0,0,0,0,0,1,-1,0,-1,0,-1,1,-1,1,-1,1,-1,1,-2,1,-2,1,-2,1,-2,1,-2,1,-2,1,-2,1,-2,1,-3,2,-2,2,-2,2,-2,2,-2,2,-2,2,-2,2,-1,0,0,0,0,0,0,0,0,0,0,0,0,0,0,1,75,2,78,2,74,-1,71,1,69,2,65,-1,65,-2,60,-1,57,-3,54,-2,49,-3,49,2,48,-1,45,-4,43,-2,38,-3,38,-1,30,1,28,0,26,2,28,3,25,1,20,3,19,1,14,4,15,5,14,5,9,5,7,4,9,3,7,4,7,6,4,3,3,6,-1,3,-2,4,-5,6,-2,7,-6,5,-4,6,-6,6,-8,6,-9,6,-10,9,-12,9,-14,9,-12,8,-14,10,-11,10,-12,13,-11,15,-11,13,-11,14,-10,16,-9,16,-7,14,-7,0,0,0,0,0,0,0,0,0,0,0,0,0,0,0,0,0,0,0,0,0,0,-52,10,-56,5,-57,-1,-60,-5,-61,-8,-58,-14,-62,-15,-62,-18,-62,-19,-63,-20,-65,-26,-62,-24,-66,-26,-64,-27,-62,-29,-65,-32,-65,-34,-65,-38,-62,-33,-60,-40,-61,-39,-64,-40,-63,-39,-65,-36,-61,-39,-60,-35,-60,-38,-60,-36,-60,-35,-59,-31,-56,-29,-57,-30,-59,-30,-57,-28,-58,-24,-58,-21,-60,-18,-60,-14,-58,-15,-60,-9,-61,-7,-60,-3,-62,-2,-62,-4,-61,0,-69,5,-67,8,-67,11,-69,8,-72,10,-73,11,-73,19,-73,15,-75,14,-77,15,-79,12,-85,13,0,0]"
CSI_DATA,46,1a:00:00:00:00:00,-50,11,1,0,1,1,1,0,0,0,1,-96,0,11,2,921715,0,44,0,384,0,"[0,0,0,0,0,0,0,0,0,0,0,0,8,3,8,3,7,2,7,2,6,2,6,2,5,1,5,1,4,1,4,1,3,1,3,1,3,0,2,0,1,0,1,0,1,0,0,0,0,0,0,0,-1,0,-1,0,-1,1,-2,0,-2,0,-2,1,0,0,-3,2,-3,1,-3,1,-3,2,-3,1,-4,2,-4,1,-4,2,-4,2,-4,3,-4,3,-4,2,-4,2,-4,2,-4,3,-4,3,-4,3,-4,3,-5,3,-4,3,-5,3,-5,2,-5,2,-5,2,-5,2,-5,1,0,0,0,0,0,0,0,0,0,0,0,0,0,0,57,23,54,27,50,23,49,23,47,22,45,22,42,17,42,18,37,15,35,13,32,13,30,8,26,9,25,8,21,7,15,4,18,4,13,5,11,3,7,6,6,3,3,1,0,6,-1,1,-4,0,-3,1,-5,7,-10,5,-11,4,-10,10,-13,6,-16,8,-12,7,-14,12,-17,8,-15,10,-20,14,-19,12,-23,12,-20,13,-18,9,-19,13,-23,13,-19,12,-23,14,-23,15,-21,18,-23,16,-26,15,-23,12,-25,14,-22,16,-25,12,-24,13,-26,10,-22,9,-21,10,0,0,0,0,0,0,0,0,0,0,0,0,0,0,0,0,0,0,0,0,0,0,-49,-40,-51,-42,-48,-48,-49,-53,-44,-49,-46,-54,-46,-51,-50,-53,-49,-57,-46,-53,-52,-56,-49,-59,-54,-60,-52,-62,-55,-57,-50,-57,-60,-59,-56,-58,-61,-56,-55,-54,-59,-51,-60,-52,-63,-47,-60,-53,-61,-50,-64,-41,-57,-43,-61,-38,-61,-37,-63,-33,-59,-30,-59,-26,-59,-22,-58,-13,-60,-12,-59,-6,-55,-5,-52,-2,-52,6,-56,7,-55,15,-50,16,-52,21,-47,29,-46,26,-47,28,-44,35,-37,45,-36,43,-35,47,-36,50,-36,54,-35,54,-36,53,-35,60,-34,58,-27,59,0,0]"
CSI_DATA,47,1a:00:00:00:00:00,-50,11,1,0,1,1,1,0,0,0,1,-96,0,11,2,921847,0,44,0,384,0,"[0,0,0,0,0,0,0,0,0,0,0,0,2,-10,1,-9,1,-9,1,-8,0,-8,1,-7,0,-7,0,-7,0,-6,0,-5,0,-5,0,-4,0,-4,0,-3,0,-3,0,-3,0,-2,0,-2,0,-1,0,-1,0,0,1,0,1,0,1,1,1,1,1,1,0,0,1,1,2,2,2,2,2,2,2,2,2,2,2,2,3,2,3,2,3,2,3,2,3,3,3,3,3,2,3,3,3,2,4,3,3,3,3,2,3,3,3,3,3,3,3,3,3,3,2,3,2,3,0,0,0,0,0,0,0,0,0,0,0,0,0,0,20,-60,20,-54,19,-55,14,-53,16,-53,12,-48,12,-46,11,-45,14,-34,8,-39,6,-34,4,-32,6,-30,5,-23,4,-23,3,-18,1,-17,6,-17,5,-12,0,-7,1,-5,2,-6,2,1,2,-3,7,0,3,1,3,3,6,6,4,7,8,7,6,7,10,13,6,10,12,12,11,12,12,13,12,15,14,14,15,14,13,19,17,23,15,18,18,18,15,17,19,18,18,20,18,17,16,17,16,17,19,18,17,19,16,18,18,22,15,19,16,19,10,23,14,23,0,0,0,0,0,0,0,0,0,0,0,0,0,0,0,0,0,0,0,0,0,0,-36,51,-45,51,-43,49,-48,51,-51,49,-53,48,-52,46,-55,50,-55,50,-56,48,-58,49,-54,51,-57,54,-55,53,-58,58,-56,53,-57,59,-52,56,-56,62,-53,63,-50,62,-47,62,-49,62,-43,60,-43,61,-39,61,-36,60,-36,62,-30,59,-29,66,-22,61,-18,61,-17,63,-11,55,-6,59,-5,52,-1,55,7,53,7,49,12,47,16,52,24,46,25,41,29,43,34,42,33,34,40,36,41,34,47,30,48,32,55,31,56,29,56,28,56,27,62,26,61,23,61,21,0,0]"
CSI_DATA,48,1a:00:00:00:00:00,-51,11,1,0,1,1,1,0,0,0,1,-96,0,11,2,921979,0,44,0,384,0,"[0,0,0,0,0,0,0,0,0,0,0,0,-10,-1,-9,0,-9,0,-8,-1,-8,-1,-7,0,-6,0,-6,0,-5,0,-5,0,-5,0,-4,0,-4,0,-3,0,-3,0,-2,-1,-2,-1,-1,-1,-1,-1,-1,-1,-1,-1,-1,-1,0,-2,0,-2,0,-2,0,-2,0,0,1,-3,1,-3,1,-3,1,-3,1,-3,1,-4,1,-4,1,-4,1,-5,2,-5,2,-5,1,-5,1,-5,1,-5,1,-5,1,-5,1,-5,2,-5,2,-5,2,-5,2,-5,1,-5,1,-5,2,-4,2,-4,3,-4,0,0,0,0,0,0,0,0,0,0,0,0,0,0,-58,-16,-57,-17,-55,-19,-52,-14,-49,-12,-46,-15,-45,-13,-44,-8,-39,-7,-33,-5,-32,-8,-30,-5,-28,-5,-25,-3,-19,-1,-17,-4,-17,1,-14,0,-11,-6,-9,-2,-6,-1,-7,-6,-1,-4,-1,-7,0,-5,2,-5,5,-4,6,-8,7,-6,11,-4,12,-8,13,-9,13,-10,13,-11,11,-12,12,-12,16,-14,16,-18,12,-15,17,-15,16,-21,15,-20,13,-16,18,-19,18,-19,14,-23,18,-20,19,-23,17,-24,21,-23,19,-21,18,-20,19,-21,19,-19,19,-19,20,-14,21,-16,0,0,0,0,0,0,0,0,0,0,0,0,0,0,0,0,0,0,0,0,0,0,49,35,48,41,53,44,50,46,48,53,46,48,48,52,48,54,52,54,52,54,55,56,53,57,54,58,55,57,56,56,56,54,61,53,58,49,57,52,59,52,59,48,65,45,62,46,61,45,62,40,61,38,62,34,63,34,63,30,63,26,58,21,60,15,64,12,57,10,56,8,53,0,58,-1,54,-11,51,-13,48,-16,47,-16,45,-27,46,-29,42,-31,42,-34,36,-41,31,-41,32,-42,30,-52,34,-53,27,-53,27,-57,26,-58,26,-59,22,-64,25,-63,22,-62,0,0]"
CSI_DATA,49,1a:00:00:00:00:00,-51,11,1,0,1,1,1,0,0,0,1,-96,0,11,2,926638,0,44,0,384,0,"[0,0,0,0,0,0,0,0,0,0,0,0,6,-6,6,-6,5,-5,5,-5,5,-5,4,-5,4,-4,3,-4,3,-4,3,-3,2,-3,2,-3,2,-2,1,-2,1,-2,1,-1,0,-1,0,-1,0,0,0,0,0,0,0,0,0,1,0,1,0,1,0,2,0,0,0,2,0,3,0,3,0,3,0,3,0,3,0,3,0,3,0,4,0,4,0,4,0,4,0,4,0,4,0,4,0,5,1,4,0,4,0,4,0,4,0,4,0,4,0,4,0,4,-1,4,-1,4,0,0,0,0,0,0,0,0,0,0,0,0,0,0,55,-33,55,-31,50,-26,48,-31,46,-29,43,-25,34,-28,32,-29,31,-21,28,-22,29,-23,22,-19,24,-17,18,-16,16,-11,10,-11,12,-14,8,-11,9,-11,8,-9,5,0,7,-1,3,2,4,-3,2,2,2,5,1,6,5,7,2,7,2,13,4,14,3,14,7,16,4,18,2,22,4,18,7,20,4,20,3,24,6,21,5,26,6,26,4,24,7,26,4,24,9,26,6,25,6,24,7,25,6,26,6,28,7,26,1,28,1,24,2,27,4,26,-4,26,0,0,0,0,0,0,0,0,0,0,0,0,0,0,0,0,0,0,0,0,0,0,-64,-1,-68,-4,-73,-8,-71,-10,-74,-14,-72,-14,-72,-17,-75,-14,-74,-15,-75,-12,-78,-13,-80,-10,-79,-13,-80,-12,-80,-10,-82,-9,-82,-5,-83,-5,-78,-4,-81,-5,-83,-3,-83,1,-80,8,-76,10,-76,10,-73,13,-74,13,-67,17,-66,20,-65,20,-64,22,-61,30,-59,31,-55,33,-49,30,-45,34,-40,41,-36,44,-27,42,-28,47,-25,47,-19,52,-15,48,-9,55,-9,54,3,53,2,56,6,55,15,65,16,61,21,62,21,61,25,60,24,57,32,62,28,57,29,60,0,0]"
CSI_DATA,50,1a:00:00:00:00:00,-50,11,1,0,1,1,1,0,0,0,1,-96,0,11,2,936673,0,44,0,384,0,"[0,0,0,0,0,0,0,0,0,0,0,0,-8,-4,-8,-3,-8,-3,-8,-3,-7,-3,-6,-3,-6,-2,-6,-2,-5,-2,-5,-2,-4,-2,-4,-2,-4,-2,-3,-1,-2,-2,-2,-2,-2,-2,-1,-2,-1,-2,-1,-2,0,-2,0,-2,1,-2,0,-3,1,-3,1,-4,0,0,2,-4,2,-4,2,-4,2,-5,1,-4,2,-4,2,-4,2,-4,2,-5,2,-5,2,-5,2,-5,2,-5,2,-5,2,-6,2,-5,2,-6,2,-5,2,-5,2,-5,2,-5,2,-5,2,-5,2,-5,3,-4,3,-4,0,0,0,0,0,0,0,0,0,0,0,0,0,0,-56,-19,-56,-16,-54,-17,-49,-15,-48,-12,-40,-10,-43,-8,-38,-3,-41,-8,-33,-7,-31,-5,-31,-5,-27,-2,-26,-4,-22,-4,-22,-5,-15,-1,-14,-3,-9,-4,-9,-4,-8,-4,-7,-7,-2,-6,-1,-8,-3,-10,0,-10,2,-17,4,-15,3,-16,1,-18,6,-17,4,-22,11,-26,5,-23,7,-23,7,-25,6,-25,6,-24,6,-28,6,-26,8,-30,6,-26,7,-28,7,-28,7,-30,5,-29,4,-30,7,-29,1,-28,4,-29,2,-29,5,-37,7,-26,6,-26,8,-27,8,-26,10,-26,0,0,0,0,0,0,0,0,0,0,0,0,0,0,0,0,0,0,0,0,0,0,23,67,22,66,18,75,18,71,15,73,15,73,19,73,19,73,15,75,16,76,17,75,19,77,23,77,21,78,24,79,27,75,27,75,30,76,32,72,35,72,37,65,42,68,42,67,40,65,44,61,45,56,48,52,50,49,52,43,50,43,52,36,55,32,58,27,55,24,53,16,54,12,55,9,54,4,52,0,52,-7,48,-10,52,-18,46,-19,49,-23,44,-29,42,-36,40,-38,37,-41,34,-46,33,-49,32,-49,29,-55,33,-56,26,-57,28,-65,22,-61,23,-66,0,0]"
CSI_DATA,51,1a:00:00:00:00:00,-51,11,1,0,1,1,1,0,0,0,1,-96,0,11,2,946626,0,44,0,384,0,"[0,0,0,0,0,0,0,0,0,0,0,0,1,-10,1,-9,0,-9,0,-8,0,-8,0,-7,-1,-7,-1,-6,0,-6,-1,-5,-1,-6,-1,-5,-1,-4,0,-4,0,-3,0,-3,0,-3,0,-3,1,-2,0,-2,1,-2,1,-2,1,-2,2,-2,2,-1,2,-1,0,0,2,-1,3,-1,3,-1,3,-1,3,0,4,-1,4,-1,4,-1,3,-1,3,-1,3,-1,4,-1,4,-1,4,-1,4,-1,4,-1,5,-1,4,-1,4,-1,4,-1,4,-1,4,-1,4,-1,4,0,4,0,4,0,0,0,0,0,0,0,0,0,0,0,0,0,0,0,20,-64,16,-57,12,-59,11,-56,9,-52,6,-47,3,-48,7,-46,1,-37,7,-32,4,-35,1,-30,2,-33,2,-28,-3,-24,-4,-23,0,-25,0,-21,-3,-16,1,-12,7,-13,5,-11,2,-10,3,-7,5,-7,7,-4,8,-6,8,-4,9,-6,13,-4,18,-3,19,2,15,-5,22,-2,18,-1,24,-3,22,1,24,-2,21,-3,23,-3,18,1,20,-4,21,-2,24,-3,29,-2,24,-2,28,-1,26,-6,27,-6,26,-6,23,-2,23,-2,28,-3,21,-1,27,0,25,3,25,5,0,0,0,0,0,0,0,0,0,0,0,0,0,0,0,0,0,0,0,0,0,0,-66,18,-72,14,-70,12,-75,12,-72,11,-74,9,-74,12,-70,10,-76,11,-72,9,-75,16,-77,16,-75,17,-78,18,-77,21,-71,20,-82,25,-70,28,-76,33,-68,30,-69,35,-67,32,-61,37,-63,40,-60,38,-59,44,-52,50,-54,50,-42,45,-43,52,-37,49,-34,52,-30,53,-22,54,-23,53,-13,55,-10,54,-5,55,3,53,9,54,9,57,14,47,25,47,24,46,30,47,24,43,37,41,43,36,47,36,47,32,51,34,56,27,60,30,56,27,54,23,66,29,60,20,0,0]"
CSI_DATA,52,1a:00:00:00:00:00,-51,11,1,0,1,1,1,0,0,0,1,-96,0,11,2,956598,0,44,0,384,0,"[0,0,0,0,0,0,0,0,0,0,0,0,8,5,8,4,8,4,7,4,7,4,6,3,6,3,5,2,5,2,5,2,4,2,4,1,4,1,3,1,3,1,3,1,2,1,2,1,2,1,1,0,1,0,0,0,0,0,0,0,-1,0,-1,1,0,0,-2,1,-1,0,-2,1,-2,1,-2,1,-2,1,-3,1,-3,1,-3,2,-3,1,-3,1,-3,1,-3,1,-3,1,-3,2,-4,2,-4,1,-4,1,-4,2,-4,2,-5,1,-4,1,-4,1,-4,0,-5,0,-4,0,0,0,0,0,0,0,0,0,0,0,0,0,0,0,56,34,50,33,53,29,52,27,49,30,48,26,40,24,42,22,37,20,38,21,34,16,32,18,34,13,29,8,28,12,24,13,19,10,19,7,15,6,18,4,16,8,10,7,7,5,7,4,6,6,2,3,1,4,-1,4,-2,7,1,8,-6,5,-4,6,-8,5,-9,8,-8,8,-12,5,-11,8,-14,9,-17,9,-15,8,-17,7,-17,9,-21,8,-16,10,-19,9,-15,10,-19,9,-19,9,-23,7,-20,11,-21,12,-22,5,-22,6,-22,5,-24,4,-19,0,-23,5,0,0,0,0,0,0,0,0,0,0,0,0,0,0,0,0,0,0,0,0,0,0,-56,-33,-56,-38,-58,-44,-55,-46,-58,-49,-50,-50,-52,-49,-49,-46,-52,-52,-51,-49,-56,-56,-53,-53,-53,-54,-56,-56,-54,-56,-55,-52,-61,-54,-56,-49,-61,-50,-63,-45,-60,-50,-61,-45,-64,-41,-64,-43,-62,-44,-61,-36,-59,-32,-64,-31,-62,-26,-63,-30,-64,-22,-63,-24,-63,-18,-63,-10,-61,-7,-58,-2,-53,-1,-59,2,-54,7,-54,12,-55,13,-56,21,-51,23,-52,28,-53,33,-47,38,-47,38,-43,42,-44,47,-49,46,-45,49,-48,49,-47,54,-43,53,-40,57,-38,58,-41,58,0,0]"
CSI_DATA,53,1a:00:00:00:00:00,-47,11,1,0,1,1,1,0,0,0,1,-96,0,11,2,1017037,0,44,0,384,0,"[0,0,0,0,0,0,0,0,0,0,0,0,-18,7,-4,2,-8,-1,-14,-1,-9,-2,-9,-10,-6,-3,-5,-11,-7,-10,-4,-8,1,-18,-8,-11,8,-6,4,-18,4,-6,8,-7,6,-9,4,-2,11,-3,5,-4,5,5,12,0,5,2,6,6,5,4,-1,5,0,0,5,3,-6,3,0,10,-1,5,-6,5,-2,5,-5,0,-11,4,-1,3,-4,-4,-12,2,-1,1,-3,-7,-6,-1,-1,-2,-4,-8,-3,-2,4,-4,-1,-6,0,-1,5,-3,0,-5,1,2,3,-1,3,-2,0,1,0,0,0,0,0,0,0,0,0,0,0,0,0,0,13,32,13,30,4,31,10,45,19,58,6,26,12,34,-4,32,9,23,-7,34,5,35,-4,31,-21,39,-9,33,17,41,-38,41,-13,31,-35,40,-18,18,-10,21,-15,21,-14,21,4,16,-19,29,-10,-2,-14,11,-17,13,-19,16,-8,12,-19,6,-22,8,-27,4,-26,-21,-15,5,-19,-2,-11,3,-21,-2,-20,-14,-20,-8,9,-5,-23,-13,10,3,-11,8,3,-3,-17,-15,1,1,-1,-17,-9,-3,-9,-7,-9,5,-12,-17,9,-13,9,0,4,-7,6,-6,3,-3,4,-7,0,0,0,0,0,0,0,0,0,0,0,0,0,0,0,0,0,0,0,0,0,0,24,10,26,17,23,16,22,20,21,21,16,25,14,26,14,26,11,29,12,29,9,28,7,33,7,31,5,31,0,31,2,31,0,31,-5,31,-6,32,-6,31,-8,32,-10,30,-11,29,-9,28,-11,28,-12,28,-13,27,-14,24,-14,24,-18,22,-15,21,-15,20,-14,19,-15,17,-15,18,-15,15,-12,18,-13,18,-13,17,-13,18,-12,15,-12,19,-13,18,-10,16,-12,16,-13,21,-13,19,-14,19,-12,19,-16,22,-15,21,-16,21,-18,21,-20,20,-24,21,-25,19,-23,17,0,0]"
CSI_DATA,54,1a:00:00:00:00:00,-48,11,1,0,1,1,1,0,0,0,1,-96,0,11,2,1036746,0,44,0,384,0,"[0,0,0,0,0,0,0,0,0,0,0,0,-5,-11,-5,-11,-5,-11,-5,-11,-5,-11,-4,-10,-4,-10,-4,-10,-4,-10,-4,-10,-4,-10,-4,-10,-4,-9,-4,-9,-4,-9,-4,-9,-4,-8,-4,-8,-4,-8,-4,-7,-3,-7,-4,-7,-3,-7,-3,-7,-3,-7,-3,-7,0,0,-3,-6,-3,-6,-3,-5,-2,-5,-2,-5,-2,-5,-3,-4,-3,-4,-2,-5,-2,-4,-2,-4,-2,-4,-2,-4,-2,-4,-1,-4,-1,-4,-1,-3,-1,-3,0,-3,-1,-3,0,-3,0,-2,0,-2,0,-1,0,-2,1,-1,0,0,0,0,0,0,0,0,0,0,0,0,0,0,-27,-59,-30,-57,-35,-58,-25,-61,-30,-59,-28,-60,-28,-61,-25,-57,-21,-49,-25,-57,-27,-57,-29,-52,-31,-55,-25,-49,-26,-55,-25,-51,-24,-46,-22,-43,-24,-49,-24,-42,-26,-45,-24,-40,-23,-40,-19,-39,-17,-37,-19,-35,-19,-35,-17,-36,-19,-33,-23,-33,-18,-33,-20,-33,-18,-31,-13,-26,-17,-24,-7,-21,-11,-25,-12,-23,-13,-21,-12,-25,-10,-25,-12,-21,-8,-16,-8,-20,-9,-19,-6,-20,-6,-16,-2,-17,-3,-14,-2,-15,-4,-14,-3,-12,3,-5,-1,-10,4,-7,5,-9,4,-4,0,0,0,0,0,0,0,0,0,0,0,0,0,0,0,0,0,0,0,0,0,0,57,-12,63,-7,62,-3,63,2,62,5,64,8,63,9,64,9,63,10,62,10,63,19,63,17,69,20,68,22,68,20,64,28,70,24,63,24,67,26,66,27,63,24,63,29,61,25,63,26,60,29,60,23,61,24,59,25,51,26,55,26,51,19,53,19,52,17,52,15,54,14,50,9,48,10,51,4,47,2,47,3,46,1,47,-4,46,-5,43,-5,47,-10,49,-14,40,-17,44,-18,42,-19,40,-22,52,-22,46,-25,54,-27,48,-30,56,-34,52,-31,52,-31,0,0]"
CSI_DATA,55,1a:00:00:00:00:00,-48,11,1,0,1,1,1,0,0,0,1,-96,0,11,2,1046584,0,44,0,384,0,"[0,0,0,0,0,0,0,0,0,0,0,0,-4,11,-4,11,-4,11,-4,10,-4,10,-4,10,-4,10,-3,9,-4,9,-3,9,-4,9,-3,9,-4,9,-3,8,-3,8,-3,8,-3,8,-3,8,-2,7,-3,8,-3,7,-2,7,-3,7,-2,6,-2,6,-2,6,0,0,-2,6,-2,5,-1,5,-2,5,-2,4,-2,4,-2,4,-1,4,-2,4,-2,3,-2,3,-2,3,-2,3,-1,3,-2,3,-2,2,-2,2,-2,2,-2,2,-2,1,-2,1,-2,1,-2,0,-2,0,-2,0,-2,0,0,0,0,0,0,0,0,0,0,0,0,0,0,0,-35,59,-30,52,-35,64,-35,59,-30,56,-32,59,-33,54,-31,63,-28,51,-28,56,-29,50,-29,51,-24,54,-28,50,-23,51,-24,49,-28,45,-24,44,-24,46,-24,44,-23,46,-23,43,-23,44,-22,40,-22,39,-15,38,-18,35,-17,37,-19,36,-10,35,-13,31,-14,35,-17,31,-11,30,-9,27,-14,27,-9,28,-10,24,-11,25,-10,24,-12,22,-9,20,-9,18,-10,15,-12,17,-8,15,-7,18,-10,11,-11,10,-11,11,-7,9,-9,9,-10,5,-11,4,-10,1,-6,1,-7,-2,0,0,0,0,0,0,0,0,0,0,0,0,0,0,0,0,0,0,0,0,0,0,-45,-36,-45,-41,-40,-44,-41,-52,-36,-50,-38,-55,-36,-57,-32,-55,-29,-60,-28,-53,-31,-61,-31,-61,-32,-63,-29,-63,-30,-68,-26,-62,-28,-71,-25,-62,-23,-73,-22,-68,-18,-66,-24,-69,-25,-64,-20,-67,-20,-66,-22,-66,-16,-61,-20,-65,-20,-63,-16,-62,-19,-58,-28,-58,-20,-56,-19,-54,-20,-53,-22,-50,-24,-47,-24,-45,-25,-41,-28,-44,-30,-41,-27,-35,-36,-40,-35,-30,-39,-32,-40,-45,-43,-34,-45,-28,-40,-27,-47,-29,-44,-26,-50,-25,-55,-24,-52,-26,-56,-23,-58,-34,-56,-33,0,0]"
CSI_DATA,56,1a:00:00:00:00:00,-48,11,1,0,1,1,1,0,0,0,1,-96,0,11,2,1056605,0,44,0,384,0,"[0,0,0,0,0,0,0,0,0,0,0,0,8,-9,8,-9,8,-9,8,-8,8,-8,8,-8,7,-8,8,-8,7,-8,7,-8,8,-8,7,-8,7,-8,7,-8,7,-7,7,-8,6,-7,6,-7,6,-7,6,-6,6,-6,5,-6,5,-6,5,-6,5,-6,4,-6,0,0,4,-6,4,-5,4,-5,4,-5,4,-4,4,-4,3,-4,3,-4,3,-4,3,-3,3,-4,3,-3,3,-3,3,-3,3,-3,3,-3,2,-2,3,-2,3,-2,2,-2,2,-1,2,-1,2,-1,1,-1,1,0,1,0,0,0,0,0,0,0,0,0,0,0,0,0,0,0,52,-39,55,-39,54,-40,50,-39,51,-39,46,-34,53,-42,54,-32,49,-35,46,-30,48,-34,53,-32,45,-34,46,-33,40,-34,44,-38,45,-34,43,-30,47,-25,41,-31,37,-32,37,-28,39,-34,38,-26,36,-24,35,-27,35,-29,29,-25,32,-26,30,-32,29,-21,29,-24,30,-27,26,-21,18,-22,21,-21,25,-19,24,-23,19,-18,21,-18,19,-14,19,-16,21,-10,17,-18,18,-9,16,-12,18,-15,18,-11,15,-8,14,-7,15,-9,17,-6,17,-3,16,2,13,-1,6,-3,12,0,0,0,0,0,0,0,0,0,0,0,0,0,0,0,0,0,0,0,0,0,0,0,27,50,23,50,23,53,22,55,16,59,13,57,11,56,12,61,10,61,6,65,3,61,0,64,0,66,-5,68,0,64,-2,68,-4,70,-3,65,-3,68,-5,73,-6,67,-5,67,-9,69,-3,65,-12,64,-9,62,-10,64,-5,60,-9,63,-6,58,-2,60,-3,56,-4,55,-7,57,-2,53,-2,48,1,47,6,47,6,50,5,50,9,54,12,44,14,42,17,46,18,42,14,38,19,38,24,40,23,45,30,41,26,40,31,40,36,47,36,41,39,44,38,44,44,49,0,0]"
CSI_DATA,57,1a:00:00:00:00:00,-47,11,1,0,1,1,1,0,0,0,1,-96,0,11,2,1066653,0,44,0,384,0,"[0,0,0,0,0,0,0,0,0,0,0,0,1,-13,0,-12,0,-12,1,-12,0,-12,0,-12,0,-12,0,-11,0,-11,0,-11,0,-11,0,-11,0,-11,0,-11,0,-10,0,-11,0,-10,0,-10,-1,-9,0,-10,0,-9,0,-9,0,-9,-1,-9,0,-8,0,-8,0,0,-1,-8,-1,-8,-1,-7,-1,-7,0,-6,0,-6,0,-6,0,-6,0,-6,0,-6,0,-5,0,-5,0,-5,0,-5,0,-5,0,-4,0,-4,0,-4,1,-4,1,-4,1,-3,1,-3,1,-3,1,-2,1,-2,1,-2,0,0,0,0,0,0,0,0,0,0,0,0,0,0,-64,-32,-54,-29,-61,-28,-63,-28,-57,-30,-56,-28,-58,-29,-61,-25,-55,-28,-48,-29,-54,-26,-53,-21,-53,-19,-52,-26,-47,-23,-47,-22,-53,-21,-51,-22,-51,-22,-50,-20,-49,-18,-47,-24,-49,-16,-43,-17,-43,-20,-44,-17,-41,-20,-46,-14,-39,-14,-35,-16,-37,-18,-38,-16,-35,-17,-33,-12,-30,-15,-32,-14,-28,-13,-29,-9,-31,-10,-30,-13,-28,-12,-20,-14,-25,-7,-23,-9,-21,-10,-23,-12,-16,-12,-20,-13,-12,-14,-9,-12,-8,-13,-9,-10,-6,-11,-6,-12,-4,-10,-3,-9,-2,-10,0,0,0,0,0,0,0,0,0,0,0,0,0,0,0,0,0,0,0,0,0,0,34,-45,38,-49,43,-46,46,-46,45,-42,54,-33,54,-38,52,-38,55,-33,56,-34,63,-28,59,-31,58,-31,60,-28,63,-30,62,-25,66,-28,66,-33,62,-26,62,-26,67,-26,64,-25,59,-27,60,-17,61,-17,64,-22,61,-20,61,-24,55,-24,57,-26,61,-21,52,-24,51,-26,51,-24,52,-21,46,-28,44,-32,41,-26,40,-31,34,-29,41,-31,35,-27,33,-28,29,-40,27,-38,28,-34,26,-36,25,-40,26,-43,24,-44,21,-49,21,-46,22,-51,21,-53,23,-52,27,-53,27,-62,0,0]"
CSI_DATA,58,1a:00:00:00:00:00,-66,11,1,0,1,1,1,0,0,0,1,-96,0,11,2,1076987,0,44,0,384,0,"[0,0,0,0,0,0,0,0,0,0,0,0,9,-2,9,-2,9,-2,8,-2,8,-2,8,-2,8,-2,8,-2,8,-2,7,-2,7,-2,7,-2,7,-2,7,-2,6,-2,6,-2,5,-2,5,-2,5,-2,5,-2,5,-2,5,-2,5,-3,5,-3,5,-3,5,-3,0,0,5,-3,4,-3,4,-3,4,-2,4,-2,4,-2,4,-2,4,-2,4,-2,4,-2,4,-2,4,-2,4,-2,4,-2,4,-2,4,-1,4,-1,4,-1,4,-1,3,-1,3,0,3,0,3,0,3,0,2,0,2,0,0,0,0,0,0,0,0,0,0,0,0,0,0,0,8,-59,8,-59,8,-58,8,-58,8,-57,8,-56,7,-55,6,-54,6,-54,6,-53,6,-52,5,-52,4,-51,4,-51,4,-51,4,-51,4,-50,3,-49,3,-48,3,-47,4,-46,3,-45,3,-45,2,-44,2,-43,2,-42,1,-41,1,-40,1,-39,0,-38,0,-37,0,-35,0,-34,0,-33,0,-32,0,-31,1,-30,0,-29,0,-28,1,-27,1,-26,0,-25,0,-24,0,-23,1,-22,1,-22,2,-20,3,-19,3,-18,4,-17,5,-16,6,-14,6,-12,7,-11,7,-10,7,-9,7,-8,0,0,0,0,0,0,0,0,0,0,0,0,0,0,0,0,0,0,0,0,0,0,43,48,42,49,40,51,38,54,36,56,35,58,33,59,32,61,31,62,31,64,30,65,29,65,29,66,29,66,29,66,28,67,28,67,28,67,27,66,27,66,27,66,28,66,27,65,27,64,27,63,27,62,27,60,27,59,27,57,27,55,27,53,28,51,28,49,28,46,29,44,30,42,30,39,31,36,33,34,34,31,35,29,36,27,37,25,38,23,39,21,41,19,43,18,44,16,46,14,47,13,48,12,50,11,52,10,54,9,55,8,56,7,57,6,0,0]"
CSI_DATA,59,1a:00:00:00:00:00,-48,11,1,0,1,1,1,0,0,0,1,-96,0,11,2,1086575,0,44,0,384,0,"[0,0,0,0,0,0,0,0,0,0,0,0,-1,10,-1,9,-1,9,-2,9,-1,9,-1,9,-1,9,-1,9,-1,9,-1,9,-1,9,-1,9,-1,9,-1,8,-1,8,-1,9,-1,8,-1,8,0,8,-1,8,-1,7,0,7,0,7,0,7,0,7,0,7,0,0,0,7,0,6,0,6,0,6,0,6,0,6,0,6,0,5,0,5,0,5,0,5,0,5,-1,4,-1,4,-1,4,-1,4,-1,4,-1,4,-1,3,-2,3,-2,3,-2,3,-2,2,-2,2,-2,2,-2,1,0,0,0,0,0,0,0,0,0,0,0,0,0,0,49,28,52,26,47,25,45,27,50,24,46,23,50,24,44,24,43,20,42,22,47,24,43,19,45,22,46,21,45,22,44,23,42,19,43,17,46,19,40,17,43,19,43,15,41,15,40,14,40,14,41,13,32,12,36,12,38,12,37,15,37,11,37,13,36,10,36,8,33,10,31,7,27,7,28,9,28,7,25,7,26,10,25,7,24,9,22,7,26,7,22,11,23,9,19,6,18,11,19,14,16,9,17,11,11,10,8,13,9,13,7,14,3,14,0,0,0,0,0,0,0,0,0,0,0,0,0,0,0,0,0,0,0,0,0,0,-51,34,-63,29,-61,27,-65,25,-65,23,-67,20,-67,20,-70,17,-70,16,-71,16,-71,16,-72,16,-71,13,-73,14,-72,13,-75,14,-76,13,-71,13,-74,15,-73,11,-70,15,-73,15,-68,12,-67,13,-67,10,-69,11,-66,14,-62,14,-58,16,-60,14,-55,12,-54,17,-50,19,-50,16,-47,19,-46,16,-45,22,-41,17,-38,21,-36,22,-36,26,-33,27,-31,28,-28,30,-25,31,-26,28,-23,32,-22,37,-23,38,-19,37,-20,39,-21,43,-23,41,-22,44,-20,46,-20,49,-21,51,0,0]"
CSI_DATA,60,1a:00:00:00:00:00,-48,11,1,0,1,1,1,0,0,0,1,-96,0,11,2,1106680,0,44,0,384,0,"[0,0,0,0,0,0,0,0,0,0,0,0,-11,-3,-11,-2,-11,-3,-11,-3,-11,-2,-11,-2,-11,-2,-11,-2,-11,-2,-11,-2,-11,-2,-11,-2,-11,-2,-11,-2,-10,-2,-11,-2,-10,-1,-10,-1,-10,-1,-10,-1,-9,-1,-9,-1,-9,-2,-9,-1,-9,-1,-9,-1,0,0,-8,-1,-8,-1,-7,-1,-8,-1,-7,-1,-7,-1,-8,-1,-7,-1,-7,-1,-6,-1,-6,-1,-6,-1,-6,-1,-6,-1,-5,-2,-5,-1,-5,-2,-4,-2,-4,-2,-4,-2,-3,-2,-3,-2,-3,-3,-3,-3,-2,-2,-1,-3,0,0,0,0,0,0,0,0,0,0,0,0,0,0,-64,-5,-64,-4,-64,-2,-63,-1,-64,-5,-62,-6,-60,-5,-60,-2,-64,-2,-60,-1,-62,-4,-62,1,-59,1,-57,0,-57,-3,-55,-1,-60,-2,-59,-2,-56,-5,-60,-4,-56,-2,-56,-2,-50,4,-50,1,-46,0,-51,4,-47,-1,-48,4,-50,0,-47,4,-49,3,-45,-1,-47,4,-47,5,-41,2,-40,2,-36,3,-39,4,-38,6,-40,-4,-36,1,-30,-3,-29,-1,-30,-3,-30,-1,-31,-4,-27,-1,-25,-6,-26,-8,-23,-10,-18,-8,-16,-8,-17,-7,-17,-8,-10,-13,-8,-11,-8,-10,0,0,0,0,0,0,0,0,0,0,0,0,0,0,0,0,0,0,0,0,0,0,15,-61,20,-57,22,-64,32,-63,35,-59,35,-57,35,-54,37,-54,43,-58,42,-54,44,-55,46,-53,47,-52,46,-56,46,-55,47,-54,52,-55,45,-48,48,-53,46,-57,46,-53,48,-52,51,-49,47,-48,48,-47,46,-45,46,-41,44,-45,44,-44,40,-44,41,-44,41,-40,36,-38,33,-38,34,-42,25,-39,27,-38,30,-35,18,-39,19,-35,16,-38,16,-38,15,-36,16,-38,12,-37,13,-40,8,-39,3,-44,1,-42,5,-45,-2,-43,2,-49,0,-45,-3,-51,-1,-57,-2,-56,-3,-59,0,0]"
CSI_DATA,61,1a:00:00:00:00:00,-48,11,1,0,1,1,1,0,0,0,1,-96,0,11,2,1117049,0,44,0,384,0,"[0,0,0,0,0,0,0,0,0,0,0,0,8,-8,8,-8,8,-7,8,-7,7,-7,8,-7,8,-7,7,-7,7,-7,7,-7,7,-7,7,-7,7,-7,7,-7,7,-7,6,-7,6,-8,6,-6,6,-7,6,-7,6,-7,5,-7,5,-7,5,-6,5,-6,5,-7,0,0,4,-6,4,-6,4,-6,4,-5,4,-5,4,-5,3,-5,4,-4,3,-5,3,-5,3,-4,3,-4,3,-3,3,-4,3,-3,3,-3,3,-3,3,-3,3,-3,3,-2,3,-2,2,-1,2,-1,2,-1,2,-1,2,0,0,0,0,0,0,0,0,0,0,0,0,0,0,0,41,-49,40,-46,44,-42,45,-44,40,-47,43,-43,43,-43,46,-44,38,-46,37,-42,42,-48,32,-46,41,-44,38,-45,38,-41,34,-44,34,-47,34,-39,38,-41,32,-42,35,-40,33,-41,33,-43,29,-41,28,-38,28,-38,29,-42,22,-40,29,-36,23,-39,26,-37,21,-37,26,-33,19,-31,20,-31,22,-34,16,-34,23,-30,19,-26,19,-30,18,-26,20,-23,19,-25,21,-22,18,-22,20,-21,17,-18,17,-20,18,-14,19,-13,18,-12,18,-11,17,-7,18,-8,18,-2,15,-2,11,-1,0,0,0,0,0,0,0,0,0,0,0,0,0,0,0,0,0,0,0,0,0,0,19,59,11,60,12,62,6,64,7,68,1,65,2,67,1,65,-1,70,-3,67,-5,71,-8,71,-6,70,-3,71,-9,65,-14,71,-13,73,-12,66,-5,70,-10,71,-13,72,-10,69,-16,63,-5,66,-11,66,-9,66,-9,58,-3,63,-6,62,-5,59,-4,53,-3,54,-6,51,-2,52,1,49,-1,50,5,50,4,45,4,43,9,43,11,42,12,37,13,36,16,36,17,37,20,29,18,34,26,32,30,31,32,30,31,30,36,32,33,30,35,33,36,37,44,35,46,32,0,0]"
CSI_DATA,62,1a:00:00:00:00:00,-48,11,1,0,1,1,1,0,0,0,1,-96,0,11,2,1126722,0,44,0,384,0,"[0,0,0,0,0,0,0,0,0,0,0,0,5,-10,5,-10,5,-10,5,-10,5,-10,4,-10,4,-10,4,-10,4,-10,4,-10,4,-10,4,-10,4,-10,4,-10,4,-9,4,-10,3,-9,3,-9,3,-9,3,-9,3,-9,3,-9,3,-9,2,-9,3,-9,2,-8,0,0,2,-8,2,-8,2,-8,2,-8,2,-7,2,-7,2,-7,2,-6,2,-6,2,-6,2,-6,2,-5,2,-5,2,-5,2,-5,2,-5,2,-4,2,-4,2,-4,2,-3,2,-3,2,-3,2,-2,2,-2,2,-1,2,-1,0,0,0,0,0,0,0,0,0,0,0,0,0,0,-44,-39,-45,-42,-44,-39,-41,-43,-44,-39,-46,-33,-45,-40,-46,-38,-42,-38,-44,-43,-43,-38,-46,-41,-50,-36,-44,-32,-44,-34,-42,-36,-45,-37,-42,-37,-43,-35,-45,-36,-40,-31,-42,-30,-43,-29,-38,-32,-41,-27,-38,-25,-38,-27,-40,-23,-35,-23,-36,-29,-39,-21,-42,-23,-32,-23,-34,-19,-33,-19,-34,-18,-30,-22,-35,-18,-29,-19,-26,-19,-25,-20,-29,-20,-24,-21,-20,-16,-22,-19,-18,-16,-17,-17,-20,-16,-14,-19,-15,-17,-13,-21,-10,-15,-9,-15,-8,-12,-6,-13,-4,-15,-2,-18,0,0,0,0,0,0,0,0,0,0,0,0,0,0,0,0,0,0,0,0,0,0,61,-11,66,-8,67,0,71,1,68,4,71,9,69,9,65,14,72,10,72,17,67,18,66,15,73,18,71,19,72,17,70,22,71,22,68,21,72,19,68,18,68,17,65,16,66,21,65,23,59,19,63,16,58,15,60,15,53,13,56,16,54,11,55,10,52,7,52,7,49,8,47,2,45,0,39,-4,38,-4,41,-5,39,-9,35,-12,36,-16,31,-18,39,-12,27,-24,31,-20,29,-28,28,-25,34,-34,33,-27,33,-35,33,-37,36,-36,28,-38,33,-41,38,-43,0,0]"
CSI_DATA,63,1a:00:00:00:00:00,-48,11,1,0,1,1,1,0,0,0,1,-96,0,11,2,1136732,0,44,0,384,0,"[0,0,0,0,0,0,0,0,0,0,0,0,-4,10,-4,10,-4,10,-4,9,-4,9,-4,9,-3,9,-3,9,-3,9,-3,9,-4,9,-3,9,-3,9,-3,9,-3,9,-3,9,-3,9,-3,9,-2,9,-2,9,-2,9,-2,9,-2,8,-2,8,-2,8,-2,8,0,0,-2,8,-2,8,-2,7,-2,7,-2,7,-2,7,-2,7,-2,6,-1,6,-1,6,-1,6,-2,5,-2,5,-2,5,-2,5,-2,5,-2,4,-2,4,-2,4,-2,3,-2,3,-2,3,-3,2,-3,2,-3,1,-3,1,0,0,0,0,0,0,0,0,0,0,0,0,0,0,49,36,42,33,49,34,45,34,47,34,39,34,38,35,43,33,42,35,40,33,44,32,40,31,46,33,40,35,44,34,45,32,42,26,37,29,40,30,45,28,46,23,42,24,48,27,41,25,37,23,35,29,43,24,38,21,41,22,38,22,41,26,41,21,34,22,38,21,34,17,35,14,28,14,30,15,28,15,34,16,30,17,27,14,21,17,22,15,25,13,24,17,21,14,19,11,16,17,17,16,14,15,9,14,10,17,12,16,5,13,6,12,4,14,0,0,0,0,0,0,0,0,0,0,0,0,0,0,0,0,0,0,0,0,0,0,-67,2,-70,-3,-71,-1,-75,-10,-74,-13,-73,-12,-66,-18,-74,-21,-74,-22,-71,-17,-72,-22,-71,-26,-71,-20,-75,-21,-74,-22,-70,-21,-71,-22,-67,-25,-68,-19,-74,-26,-69,-28,-70,-24,-66,-23,-63,-22,-63,-25,-59,-18,-59,-19,-59,-12,-54,-17,-53,-14,-53,-12,-54,-11,-47,-7,-48,-9,-43,-7,-40,-9,-40,-1,-38,1,-36,-2,-30,3,-32,9,-32,10,-29,13,-30,12,-29,19,-30,25,-27,22,-24,24,-23,24,-28,26,-24,29,-27,32,-25,38,-22,40,-22,36,-27,44,-30,42,0,0]"
CSI_DATA,64,1a:00:00:00:00:00,-49,11,1,0,1,1,1,0,0,0,1,-96,0,11,2,1146544,0,44,0,384,0,"[0,0,0,0,0,0,0,0,0,0,0,0,-8,-5,-8,-5,-8,-5,-7,-5,-8,-6,-7,-6,-8,-5,-8,-5,-8,-5,-8,-5,-8,-5,-8,-5,-8,-5,-9,-5,-8,-5,-8,-5,-9,-5,-8,-5,-8,-4,-8,-4,-8,-5,-8,-5,-8,-4,-9,-4,-8,-3,-8,-4,0,0,-8,-4,-8,-4,-8,-4,-7,-3,-7,-4,-7,-3,-7,-4,-6,-3,-6,-3,-6,-4,-5,-3,-6,-3,-6,-3,-6,-3,-5,-3,-5,-3,-5,-2,-4,-3,-4,-3,-4,-3,-3,-3,-3,-3,-3,-3,-2,-3,-2,-3,-1,-3,0,0,0,0,0,0,0,0,0,0,0,0,0,0,-43,-28,-41,-34,-44,-26,-44,-28,-41,-31,-40,-30,-41,-36,-40,-38,-35,-32,-42,-31,-38,-30,-44,-27,-38,-34,-42,-34,-42,-26,-42,-31,-43,-33,-45,-27,-43,-31,-41,-26,-45,-33,-45,-25,-40,-28,-41,-27,-42,-27,-42,-27,-44,-30,-43,-25,-43,-20,-43,-27,-42,-23,-42,-25,-37,-23,-38,-24,-36,-25,-37,-21,-35,-18,-34,-17,-32,-15,-36,-21,-34,-21,-31,-14,-32,-16,-30,-14,-27,-18,-25,-17,-28,-15,-24,-14,-22,-16,-20,-16,-21,-16,-15,-19,-14,-15,-13,-14,-7,-15,-11,-16,-8,-12,0,0,0,0,0,0,0,0,0,0,0,0,0,0,0,0,0,0,0,0,0,0,70,-5,75,1,74,9,79,9,74,10,76,16,72,21,71,16,78,21,69,19,75,22,74,23,80,22,76,24,78,27,68,25,70,23,67,19,71,21,66,27,63,17,63,17,64,15,56,18,58,16,59,17,55,17,55,16,48,12,49,14,41,5,41,10,43,8,36,1,38,5,32,2,35,2,28,-4,28,-6,26,-3,23,-11,23,-10,23,-12,17,-14,21,-14,20,-9,20,-20,12,-19,13,-25,10,-24,17,-26,18,-26,16,-28,15,-33,18,-33,16,-43,21,-34,0,0]"
CSI_DATA,65,1a:00:00:00:00:00,-48,11,1,0,1,1,1,0,0,0,1,-96,0,11,2,1166968,0,44,0,384,0,"[0,0,0,0,0,0,0,0,0,0,0,0,6,-5,6,-5,6,-5,7,-5,7,-5,7,-5,7,-5,7,-5,7,-6,7,-6,8,-6,7,-6,8,-6,8,-6,8,-6,8,-7,8,-7,8,-7,7,-7,8,-7,8,-7,7,-7,7,-7,7,-7,7,-7,7,-7,0,0,7,-7,7,-7,7,-7,6,-7,6,-7,6,-7,6,-7,6,-6,5,-6,5,-6,5,-6,5,-6,5,-6,5,-5,5,-5,5,-5,5,-5,4,-5,4,-4,4,-4,4,-3,4,-3,4,-3,4,-2,4,-2,4,-1,0,0,0,0,0,0,0,0,0,0,0,0,0,0,-15,-43,-14,-39,-21,-41,-14,-37,-14,-42,-12,-37,-12,-43,-11,-47,-16,-49,-14,-44,-15,-44,-20,-49,-16,-53,-16,-51,-11,-51,-13,-51,-15,-55,-16,-56,-18,-55,-19,-51,-24,-55,-18,-52,-20,-55,-23,-55,-22,-53,-22,-52,-21,-55,-26,-50,-24,-58,-23,-53,-33,-53,-26,-51,-25,-50,-20,-47,-24,-46,-14,-45,-22,-44,-19,-41,-18,-43,-23,-44,-21,-38,-18,-38,-20,-41,-20,-36,-19,-38,-20,-37,-15,-36,-14,-37,-12,-34,-10,-31,-5,-33,-6,-27,-5,-26,-2,-26,-2,-25,-3,-25,2,-21,0,0,0,0,0,0,0,0,0,0,0,0,0,0,0,0,0,0,0,0,0,0,69,27,70,30,66,38,64,43,66,47,60,45,61,47,62,52,58,50,60,48,58,48,57,46,56,48,59,51,51,53,52,50,52,50,50,49,47,43,49,48,44,50,52,41,47,39,43,35,39,41,42,35,38,29,36,26,36,24,32,24,32,23,30,18,29,18,27,20,27,19,24,13,23,6,23,0,18,5,18,0,19,-2,16,-2,16,-6,15,-5,12,-10,6,-6,12,-11,20,-13,16,-18,10,-14,13,-12,17,-18,16,-22,18,-18,17,-21,23,-18,30,-21,0,0]"
CSI_DATA,66,1a:00:00:00:00:00,-49,11,1,0,1,1,1,0,0,0,1,-96,0,11,2,1176581,0,44,0,384,0,"[0,0,0,0,0,0,0,0,0,0,0,0,6,4,6,4,6,4,6,5,6,5,5,5,6,4,6,5,6,5,6,4,6,5,7,4,7,5,7,5,7,5,7,5,7,4,7,4,7,4,7,4,7,4,8,4,7,4,8,4,7,4,7,4,0,0,7,4,7,3,8,3,7,3,7,3,7,2,7,2,7,3,6,2,6,3,6,3,6,2,6,2,6,2,5,2,5,2,5,2,4,2,5,2,4,2,4,3,4,2,3,2,3,3,2,3,2,3,0,0,0,0,0,0,0,0,0,0,0,0,0,0,34,23,36,21,36,27,36,32,33,26,34,29,33,26,29,27,32,24,30,28,29,33,33,26,35,30,37,29,36,27,36,27,37,33,37,32,43,31,38,32,41,30,36,32,41,31,40,32,36,31,42,27,43,23,44,28,42,24,44,29,41,26,40,28,40,27,45,24,43,20,41,25,40,20,37,21,38,23,36,23,37,17,36,24,34,18,34,18,29,20,32,20,28,17,30,16,28,17,30,15,25,16,21,21,19,14,19,18,17,17,14,19,12,18,0,0,0,0,0,0,0,0,0,0,0,0,0,0,0,0,0,0,0,0,0,0,-70,-18,-75,-25,-69,-24,-74,-35,-70,-35,-71,-36,-65,-38,-73,-33,-70,-36,-72,-41,-68,-43,-69,-41,-71,-35,-71,-38,-73,-39,-68,-35,-66,-40,-62,-31,-66,-32,-65,-35,-62,-28,-62,-30,-57,-25,-57,-25,-57,-24,-50,-22,-57,-17,-46,-13,-47,-10,-41,-11,-39,-10,-40,-2,-38,-2,-38,-3,-32,2,-31,1,-25,3,-28,5,-25,4,-23,10,-15,13,-19,16,-12,16,-12,17,-13,16,-10,32,-9,26,-9,21,-9,26,-6,26,-8,31,-6,33,-9,32,-10,32,-12,35,-15,36,-11,38,0,0]"
CSI_DATA,67,1a:00:00:00:00:00,-52,11,1,0,1,1,1,0,0,0,1,-96,0,11,2,1216622,0,44,0,384,0,"[0,0,0,0,0,0,0,0,0,0,0,0,8,-1,7,0,8,-1,7,-1,7,-1,6,-1,6,-1,6,-2,6,-1,6,-1,6,-1,5,-1,5,-1,5,-1,4,-1,4,-1,4,-1,4,-1,4,-1,4,-1,4,-1,4,-1,3,-1,3,-1,4,-1,3,0,0,0,3,0,3,0,3,-1,3,0,3,0,3,0,3,0,3,0,2,0,2,0,2,0,3,0,3,0,3,0,2,1,2,0,3,0,3,1,2,1,2,1,3,1,3,1,2,1,2,1,2,2,2,2,0,0,0,0,0,0,0,0,0,0,0,0,0,0,52,-1,50,-6,49,-9,44,-8,44,-11,41,-9,42,-14,36,-13,35,-12,37,-11,30,-10,31,-6,31,-11,28,-17,29,-12,28,-15,26,-10,25,-14,26,-13,26,-9,23,-12,18,-7,23,-12,20,-10,19,-6,17,-7,19,-9,15,-8,16,-7,23,-3,19,-3,15,-3,12,-7,16,-5,20,-7,16,-6,16,-3,17,0,17,1,15,-2,15,-2,15,0,15,-2,16,-3,12,1,20,-4,18,0,19,0,18,5,21,-2,20,3,21,3,16,3,17,6,14,5,19,5,14,8,0,0,0,0,0,0,0,0,0,0,0,0,0,0,0,0,0,0,0,0,0,0,-40,-58,-41,-62,-39,-61,-44,-66,-37,-68,-38,-67,-38,-67,-36,-66,-38,-69,-40,-65,-43,-68,-47,-66,-48,-64,-53,-67,-52,-64,-53,-62,-57,-60,-55,-55,-60,-57,-58,-57,-63,-51,-63,-47,-63,-51,-65,-45,-68,-38,-65,-37,-67,-31,-63,-30,-65,-24,-70,-19,-63,-15,-62,-10,-62,-7,-58,-2,-63,1,-56,3,-53,11,-50,15,-46,20,-42,23,-41,25,-41,29,-37,36,-34,35,-33,37,-28,43,-29,43,-28,39,-18,45,-18,45,-10,49,-9,53,-10,46,-4,50,-4,57,-4,55,-2,59,0,0]"
CSI_DATA,68,1a:00:00:00:00:00,-52,11,1,0,1,1,1,0,0,0,1,-96,0,11,2,1226574,0,44,0,384,0,"[0,0,0,0,0,0,0,0,0,0,0,0,2,7,3,7,3,7,3,6,3,6,2,6,2,5,2,5,3,5,2,4,2,4,2,4,2,4,2,3,2,3,1,3,1,3,1,3,1,2,1,3,1,2,0,2,0,3,0,2,0,2,0,2,0,0,-1,2,0,2,-1,2,-1,2,-1,1,-1,1,-1,1,-1,1,-1,2,-2,2,-2,2,-2,1,-2,1,-2,1,-2,2,-2,1,-2,1,-2,1,-3,2,-3,1,-3,1,-3,1,-3,1,-3,1,-3,1,-3,0,0,0,0,0,0,0,0,0,0,0,0,0,0,0,9,49,14,44,15,46,15,46,17,42,17,45,14,39,15,38,14,34,18,37,15,35,19,27,14,28,16,27,12,25,17,23,15,22,14,23,13,25,15,21,7,19,12,14,5,19,9,15,4,19,7,15,6,18,8,13,6,11,4,14,2,17,3,12,-4,12,-2,9,-1,7,-3,12,-10,12,-5,15,-1,13,-4,10,-6,10,-4,14,-6,14,-5,13,-7,11,-4,15,-3,12,-9,15,-8,15,-6,10,-8,10,-10,10,-10,11,-14,7,-13,10,-10,11,-15,6,0,0,0,0,0,0,0,0,0,0,0,0,0,0,0,0,0,0,0,0,0,0,11,-68,18,-69,19,-67,26,-72,24,-69,27,-68,29,-66,25,-68,30,-70,28,-68,25,-70,24,-75,26,-78,21,-80,22,-82,24,-75,20,-79,13,-78,17,-83,13,-78,11,-78,11,-78,9,-74,2,-74,1,-78,-4,-73,1,-74,-8,-71,-7,-67,-7,-68,-14,-63,-17,-60,-16,-61,-23,-55,-22,-57,-28,-51,-29,-48,-37,-42,-38,-42,-44,-44,-43,-36,-44,-29,-44,-30,-51,-23,-46,-20,-45,-21,-47,-14,-56,-7,-51,-9,-53,-5,-52,-2,-56,1,-58,6,-52,3,-53,8,-62,9,-50,7,0,0]"
CSI_DATA,69,1a:00:00:00:00:00,-52,11,1,0,1,1,1,0,0,0,1,-96,0,11,2,1248408,0,44,0,384,0,"[0,0,0,0,0,0,0,0,0,0,0,0,-3,-9,-3,-9,-4,-8,-3,-9,-3,-8,-3,-8,-3,-8,-3,-7,-3,-7,-3,-6,-2,-6,-3,-6,-3,-5,-2,-6,-3,-5,-2,-5,-2,-5,-2,-5,-2,-4,-2,-4,-1,-4,-1,-4,-1,-4,-1,-3,-1,-3,-1,-3,0,0,0,-3,0,-3,0,-2,0,-3,0,-2,0,-2,0,-2,0,-2,1,-2,1,-2,1,-2,0,-2,1,-2,1,-2,1,-2,1,-2,1,-1,1,-2,2,-2,2,-2,2,-1,2,-1,2,-1,2,-1,2,0,2,0,0,0,0,0,0,0,0,0,0,0,0,0,0,0,-9,-51,-16,-47,-14,-54,-18,-47,-15,-44,-16,-45,-13,-38,-18,-39,-14,-37,-18,-36,-16,-36,-18,-33,-16,-34,-16,-32,-15,-30,-16,-29,-16,-30,-13,-23,-13,-26,-11,-24,-15,-23,-9,-18,-8,-21,-9,-21,-7,-20,-8,-17,-7,-16,-4,-18,-6,-16,-6,-18,-4,-13,-2,-15,1,-12,1,-16,-1,-10,1,-12,1,-9,6,-9,4,-11,4,-8,2,-10,3,-11,6,-9,5,-6,7,-8,7,-9,5,-13,7,-12,6,-10,8,-6,9,-10,12,-11,10,-9,14,-7,14,-4,10,-3,14,1,0,0,0,0,0,0,0,0,0,0,0,0,0,0,0,0,0,0,0,0,0,0,15,61,11,70,7,66,6,74,1,69,2,74,3,71,2,74,2,71,0,71,-2,73,2,75,4,74,7,83,9,85,7,76,4,82,11,74,9,81,14,80,13,76,12,79,15,72,14,74,18,75,17,71,20,69,24,70,21,67,26,63,27,56,28,60,30,51,31,50,35,50,38,45,36,40,39,37,38,36,42,32,47,30,42,25,49,23,49,17,47,14,48,4,48,6,50,9,54,-2,49,0,54,-4,55,-8,58,-8,52,-10,56,-6,57,-15,53,-14,0,0]"
CSI_DATA,70,1a:00:00:00:00:00,-51,11,1,0,1,1,1,0,0,0,1,-96,0,11,2,1256574,0,44,0,384,0,"[0,0,0,0,0,0,0,0,0,0,0,0,-9,-3,-8,-3,-8,-2,-8,-3,-8,-2,-7,-2,-7,-2,-7,-2,-7,-2,-7,-2,-7,-1,-6,-1,-6,-1,-6,-1,-5,-1,-5,-1,-5,-1,-5,-1,-4,-1,-4,-1,-4,-1,-4,-1,-3,-2,-4,-1,-4,-2,-3,-1,0,0,-3,-2,-3,-2,-3,-2,-2,-2,-2,-2,-2,-2,-2,-2,-2,-2,-2,-2,-2,-2,-2,-2,-2,-2,-2,-2,-2,-2,-1,-2,-1,-2,-2,-2,-1,-3,-1,-3,-1,-3,-1,-3,-1,-3,-1,-3,-1,-3,0,-3,0,-3,0,0,0,0,0,0,0,0,0,0,0,0,0,0,-48,-30,-46,-31,-44,-25,-40,-25,-44,-27,-40,-23,-44,-24,-42,-21,-41,-16,-38,-15,-31,-16,-36,-18,-33,-16,-32,-12,-33,-13,-31,-12,-27,-9,-28,-10,-30,-7,-22,-11,-27,-10,-20,-9,-21,-11,-21,-6,-22,-11,-17,-11,-15,-11,-17,-9,-13,-7,-16,-9,-15,-12,-17,-10,-10,-8,-10,-11,-9,-10,-6,-11,-7,-9,-2,-5,-5,-10,-4,-11,-4,-14,-2,-12,-1,-9,-2,-13,-2,-8,-4,-12,-7,-16,-1,-11,-1,-19,-2,-13,1,-17,3,-15,3,-15,4,-14,2,-11,7,-15,5,-12,0,0,0,0,0,0,0,0,0,0,0,0,0,0,0,0,0,0,0,0,0,0,45,50,40,56,42,56,41,62,39,63,40,64,37,66,38,64,41,66,38,65,42,67,40,67,47,71,49,65,48,67,42,63,44,64,-11,34,50,59,51,69,46,63,52,61,51,55,52,57,52,56,56,49,57,48,57,47,52,44,55,37,53,38,59,34,54,29,55,26,53,21,54,18,57,13,55,8,53,5,51,-4,48,-5,52,-6,49,-10,48,-11,48,-19,47,-15,46,-26,46,-28,39,-26,36,-32,36,-35,38,-32,40,-38,35,-39,40,-46,37,-41,31,-45,0,0]"
CSI_DATA,71,1a:00:00:00:00:00,-51,11,1,0,1,1,1,0,0,0,1,-96,0,11,2,1266582,0,44,0,384,0,"[0,0,0,0,0,0,0,0,0,0,0,0,8,-1,8,-1,8,-1,8,-1,7,-1,6,-1,6,-1,6,-1,6,-2,6,-1,5,-1,5,-2,5,-2,5,-2,5,-2,5,-1,4,-1,4,-1,3,-1,3,-2,3,-1,3,-1,3,-1,3,-1,2,-1,3,0,0,0,2,0,3,0,2,0,2,0,2,0,2,0,2,0,2,0,1,1,2,1,2,1,2,0,2,1,2,0,2,1,1,1,2,1,1,1,1,1,1,2,1,2,2,2,1,2,1,2,1,2,1,2,0,0,0,0,0,0,0,0,0,0,0,0,0,0,51,0,50,3,49,-3,53,-1,48,2,43,-1,46,2,45,-2,36,-5,38,-2,36,-7,37,-8,33,-4,37,-9,31,-3,32,-4,31,-10,28,-7,32,-5,24,-8,28,-8,22,-2,21,0,19,-6,21,-3,18,-1,22,1,21,-2,18,-1,19,2,15,-2,20,0,16,-1,17,4,17,5,13,6,14,4,11,5,9,6,12,4,14,8,11,5,9,4,11,9,10,8,8,8,10,10,9,9,9,7,14,9,13,15,8,11,5,14,7,11,6,12,4,16,8,15,0,0,0,0,0,0,0,0,0,0,0,0,0,0,0,0,0,0,0,0,0,0,-56,-33,-58,-41,-57,-38,-61,-48,-58,-47,-56,-52,-54,-50,-57,-48,-59,-50,-60,-50,-60,-53,-61,-51,-62,-52,-64,-53,-68,-50,-67,-48,-71,-47,-67,-45,-68,-46,-67,-39,-70,-38,-76,-39,-65,-38,-72,-35,-71,-38,-74,-31,-66,-28,-70,-22,-66,-19,-68,-14,-64,-14,-65,-8,-62,-4,-61,1,-62,2,-57,7,-52,7,-57,11,-50,13,-47,18,-47,22,-43,25,-43,30,-38,31,-40,33,-34,34,-34,35,-28,46,-27,44,-20,44,-19,41,-23,48,-18,51,-14,46,-15,48,-11,56,-2,53,0,0]"
CSI_DATA,72,1a:00:00:00:00:00,-52,11,1,0,1,1,1,0,0,0,1,-96,0,11,2,1277587,0,44,0,384,0,"[0,0,0,0,0,0,0,0,0,0,0,0,1,-9,1,-9,1,-8,0,-8,0,-8,0,-8,0,-7,0,-7,0,-7,0,-7,0,-7,-1,-6,-1,-6,-1,-6,0,-6,0,-5,0,-5,-1,-5,0,-4,0,-4,0,-4,0,-4,0,-4,0,-4,0,-3,0,-4,0,0,1,-3,1,-3,1,-3,1,-3,1,-2,1,-2,1,-2,1,-2,2,-2,1,-3,1,-2,1,-2,1,-1,1,-2,2,-2,2,-2,2,-1,2,-1,2,-2,2,-1,2,-1,2,-1,2,0,2,0,2,0,2,0,0,0,0,0,0,0,0,0,0,0,0,0,0,0,35,-43,27,-40,32,-42,23,-40,24,-37,23,-40,21,-40,24,-38,13,-34,19,-37,15,-36,10,-31,15,-32,12,-27,14,-31,15,-32,8,-28,9,-21,12,-23,10,-24,8,-24,9,-18,9,-22,13,-19,9,-21,7,-17,8,-17,9,-16,10,-14,11,-13,12,-15,10,-11,13,-9,13,-9,12,-7,13,-4,9,-8,10,-1,13,-8,8,-5,11,-7,13,-7,13,-7,14,-5,15,-2,11,-2,14,-3,15,-2,15,-1,16,0,15,0,15,-1,16,4,15,2,12,1,12,1,16,8,0,0,0,0,0,0,0,0,0,0,0,0,0,0,0,0,0,0,0,0,0,0,-53,35,-62,37,-62,32,-70,35,-67,27,-68,27,-71,26,-70,32,-69,30,-70,25,-75,29,-74,25,-77,33,-77,29,-75,34,-68,34,-77,38,-69,36,-73,42,-68,39,-69,45,-69,41,-64,40,-70,48,-63,44,-57,47,-61,44,-57,51,-48,47,-50,50,-42,45,-42,52,-38,48,-34,51,-29,50,-21,50,-16,50,-16,52,-11,55,-9,50,-6,54,-2,49,2,52,5,47,13,47,14,48,16,45,19,46,24,39,29,39,24,38,32,38,37,44,33,34,42,36,38,35,41,36,0,0]"
CSI_DATA,73,1a:00:00:00:00:00,-51,11,1,0,1,1,1,0,0,0,1,-96,0,11,2,1287063,0,44,0,384,0,"[0,0,0,0,0,0,0,0,0,0,0,0,-8,3,-8,3,-8,3,-7,3,-7,3,-7,3,-6,3,-6,3,-6,3,-6,2,-5,2,-5,3,-5,2,-5,2,-4,2,-4,2,-4,2,-4,2,-4,2,-4,1,-4,1,-4,1,-3,1,-3,1,-3,1,-3,0,0,0,-3,0,-3,0,-3,0,-3,0,-3,0,-3,0,-3,-1,-3,-1,-2,-1,-3,-1,-2,-1,-3,-1,-3,-1,-3,-1,-2,-1,-2,-1,-3,-1,-2,-2,-2,-2,-2,-2,-2,-2,-2,-2,-2,-2,-2,-2,-2,-2,-1,-2,0,0,0,0,0,0,0,0,0,0,0,0,0,0,-54,18,-53,15,-45,21,-45,21,-42,21,-46,17,-41,19,-44,20,-40,19,-36,17,-34,17,-33,19,-26,20,-30,18,-28,16,-29,18,-25,20,-23,15,-23,15,-24,14,-22,17,-22,11,-18,15,-17,9,-17,13,-20,11,-15,8,-17,10,-14,6,-14,3,-18,2,-16,7,-12,6,-11,7,-15,-2,-15,0,-16,4,-14,2,-9,2,-8,0,-15,-5,-11,2,-13,-4,-10,0,-13,-3,-11,-5,-12,-4,-13,-3,-15,-5,-11,-9,-12,-9,-14,-6,-12,-9,-10,-8,-10,-7,-8,-11,-8,-13,0,0,0,0,0,0,0,0,0,0,0,0,0,0,0,0,0,0,0,0,0,0,66,12,66,18,66,19,69,23,67,22,70,28,65,25,71,27,72,28,69,27,73,28,72,28,77,21,74,24,76,25,75,22,81,24,76,17,75,16,79,20,79,13,80,16,76,12,74,9,74,5,75,5,71,0,72,-1,63,-5,67,-8,61,-6,60,-14,62,-14,55,-19,54,-21,51,-24,44,-27,44,-27,41,-36,38,-36,36,-42,27,-37,32,-41,25,-49,19,-43,20,-43,20,-43,10,-47,7,-51,7,-50,0,-50,-7,-50,-6,-52,-4,-50,-7,-54,-11,-53,-13,-55,0,0]"
CSI_DATA,74,1a:00:00:00:00:00,-50,11,1,0,1,1,1,0,0,0,1,-96,0,11,2,1298242,0,44,0,384,0,"[0,0,0,0,0,0,0,0,0,0,0,0,8,3,7,3,7,3,7,3,7,3,6,2,7,2,6,2,6,2,6,2,6,1,6,2,5,1,5,1,4,1,5,1,4,1,4,1,4,1,4,1,3,1,3,1,3,1,3,1,3,1,2,1,0,0,2,1,2,1,2,1,1,1,1,1,1,1,1,1,1,1,1,2,1,2,0,1,1,1,0,1,1,1,0,2,0,2,0,2,0,2,-1,2,-1,2,-1,2,0,2,-1,2,-1,2,-2,2,-2,2,0,0,0,0,0,0,0,0,0,0,0,0,0,0,49,29,45,28,50,26,46,24,48,22,47,22,43,20,41,22,40,20,39,22,36,17,37,14,39,7,32,8,32,12,31,8,32,7,30,10,30,8,27,5,30,9,29,4,25,7,22,7,19,6,18,4,25,2,20,5,15,8,19,9,18,7,15,5,13,12,17,10,13,8,7,11,13,7,4,7,9,11,5,12,9,9,6,10,8,10,7,12,5,8,4,9,7,10,4,12,0,10,2,13,-1,18,-3,10,-7,12,1,14,-2,14,-4,12,-7,14,0,0,0,0,0,0,0,0,0,0,0,0,0,0,0,0,0,0,0,0,0,0,-49,-47,-44,-54,-46,-52,-44,-59,-41,-61,-41,-64,-36,-62,-38,-64,-43,-65,-44,-63,-41,-68,-39,-70,-50,-69,-46,-72,-53,-71,-48,-65,-48,-67,-49,-62,-52,-64,-51,-63,-56,-60,-56,-65,-51,-59,-52,-54,-55,-55,-53,-52,-63,-52,-63,-46,-55,-42,-61,-40,-52,-36,-58,-30,-57,-26,-59,-26,-57,-24,-61,-18,-51,-11,-55,-10,-52,1,-56,0,-59,3,-47,4,-49,13,-50,16,-51,19,-47,19,-43,25,-44,27,-47,31,-40,31,-40,36,-38,39,-42,42,-36,40,-37,43,-36,51,-34,45,0,0]"
CSI_DATA,75,1a:00:00:00:00:00,-50,11,1,0,1,1,1,0,0,0,1,-96,0,11,2,1306555,0,44,0,384,0,"[0,0,0,0,0,0,0,0,0,0,0,0,-6,-8,-6,-7,-6,-7,-6,-7,-6,-6,-5,-6,-6,-6,-6,-6,-6,-5,-5,-5,-5,-5,-5,-5,-5,-5,-5,-4,-5,-4,-4,-4,-4,-4,-4,-4,-4,-4,-4,-3,-3,-3,-4,-3,-4,-4,-3,-3,-3,-3,-3,-3,0,0,-3,-4,-2,-3,-2,-3,-2,-3,-1,-3,-2,-2,-1,-3,-1,-2,-1,-3,-1,-3,-1,-3,-1,-3,-1,-2,-1,-3,0,-3,0,-3,0,-2,0,-3,0,-3,1,-3,0,-3,1,-3,1,-2,1,-2,1,-2,1,-1,0,0,0,0,0,0,0,0,0,0,0,0,0,0,-27,-48,-25,-50,-29,-49,-26,-49,-25,-45,-26,-44,-25,-44,-27,-40,-22,-37,-21,-38,-24,-35,-24,-38,-25,-32,-21,-30,-23,-31,-22,-30,-20,-26,-19,-24,-16,-25,-21,-23,-17,-25,-19,-25,-16,-21,-11,-19,-14,-22,-14,-20,-17,-24,-11,-17,-13,-18,-11,-19,-13,-19,-9,-18,-8,-14,-3,-17,-6,-16,-1,-14,0,-18,-3,-14,3,-14,0,-16,-1,-14,-1,-12,3,-10,2,-9,3,-12,0,-16,3,-16,6,-15,7,-13,7,-12,4,-14,8,-9,13,-10,10,-10,9,-7,10,-10,9,-9,0,0,0,0,0,0,0,0,0,0,0,0,0,0,0,0,0,0,0,0,0,0,29,54,28,61,25,62,24,69,22,64,15,68,18,68,20,69,21,68,19,69,21,75,23,75,21,75,22,78,24,75,20,76,24,81,20,75,25,76,22,77,29,73,29,73,28,76,29,72,30,69,36,66,34,64,34,62,37,59,37,58,40,52,38,50,37,47,41,45,43,39,42,38,45,30,45,29,46,23,48,20,50,18,49,16,50,15,53,9,51,6,49,0,51,-3,52,-2,55,-10,51,-12,52,-15,47,-17,55,-20,55,-21,52,-23,53,-27,53,-19,0,0]"
CSI_DATA,76,1a:00:00:00:00:00,-50,11,1,0,1,1,1,0,0,0,1,-96,0,11,2,1316684,0,44,0,384,0,"[0,0,0,0,0,0,0,0,0,0,0,0,0,-10,1,-9,0,-9,0,-9,0,-8,0,-9,0,-8,-1,-8,0,-8,-1,-7,-1,-7,-1,-7,-1,-7,-1,-6,-1,-6,-1,-6,-1,-6,-1,-6,-1,-5,-1,-5,-1,-5,-1,-5,-1,-5,-1,-5,0,-4,-1,-4,0,0,0,-4,0,-4,0,-3,0,-4,1,-3,0,-3,0,-3,0,-3,0,-3,0,-3,0,-3,1,-2,1,-2,1,-2,1,-2,1,-2,1,-2,1,-2,1,-2,2,-2,2,-1,2,-1,2,-1,2,-1,2,0,2,-1,0,0,0,0,0,0,0,0,0,0,0,0,0,0,17,-61,16,-54,9,-52,10,-57,8,-56,4,-51,6,-53,10,-48,6,-45,-1,-44,-2,-40,1,-42,-1,-42,0,-39,0,-38,-2,-38,-3,-34,-2,-34,2,-33,-2,-32,-4,-32,-4,-32,-2,-22,-1,-27,-3,-29,-2,-27,-5,-22,-1,-22,2,-23,0,-20,0,-20,-3,-17,1,-18,4,-20,3,-18,5,-14,8,-17,3,-12,8,-14,4,-10,6,-13,6,-10,9,-11,10,-13,8,-9,8,-11,8,-7,9,-10,9,-7,11,-7,12,-10,10,-3,12,-2,13,-7,12,0,15,-1,11,1,0,0,0,0,0,0,0,0,0,0,0,0,0,0,0,0,0,0,0,0,0,0,-35,52,-37,51,-41,52,-43,52,-44,51,-46,48,-45,49,-48,47,-52,53,-52,53,-48,55,-49,56,-52,57,-48,60,-47,57,-50,59,-43,61,-45,60,-44,60,-45,60,-39,60,-44,65,-41,64,-37,63,-33,61,-28,65,-28,65,-26,65,-26,66,-21,65,-20,59,-12,59,-11,61,-13,59,-7,58,-2,60,2,56,9,53,11,51,14,52,16,45,25,44,23,42,32,43,29,39,27,34,34,36,39,32,40,30,43,30,47,27,46,24,52,20,51,23,58,20,53,22,57,19,0,0]"
CSI_DATA,77,1a:00:00:00:00:00,-50,11,1,0,1,1,1,0,0,0,1,-96,0,11,2,1326628,0,44,0,384,0,"[0,0,0,0,0,0,0,0,0,0,0,0,7,-8,7,-8,6,-8,6,-7,5,-7,5,-7,5,-7,4,-7,4,-7,4,-6,4,-6,3,-6,4,-6,3,-6,3,-5,3,-6,2,-5,2,-5,2,-5,2,-5,2,-4,2,-4,2,-4,2,-4,2,-3,2,-3,0,0,2,-3,2,-2,2,-2,2,-2,2,-2,2,-2,2,-2,2,-1,2,-1,2,-1,2,-1,2,-1,2,-1,2,-1,2,0,2,0,2,0,2,0,2,0,1,0,2,0,2,1,2,1,1,1,1,1,1,1,0,0,0,0,0,0,0,0,0,0,0,0,0,0,48,-40,50,-39,44,-42,38,-40,42,-43,35,-34,39,-39,35,-36,34,-36,30,-34,27,-36,28,-33,26,-36,26,-30,27,-29,20,-33,22,-33,22,-31,22,-28,17,-31,17,-28,17,-25,15,-21,17,-23,17,-24,14,-24,12,-20,15,-20,17,-16,13,-15,12,-16,12,-12,13,-11,14,-13,14,-8,8,-12,15,-12,10,-8,11,-4,13,-2,13,1,16,-1,14,-5,13,-3,10,-1,13,2,16,3,14,-1,13,2,15,5,12,6,12,8,13,4,10,3,8,5,10,11,8,10,0,0,0,0,0,0,0,0,0,0,0,0,0,0,0,0,0,0,0,0,0,0,-56,27,-58,22,-60,19,-65,20,-65,18,-67,16,-66,17,-66,18,-63,20,-68,20,-72,20,-69,23,-69,21,-70,19,-73,25,-70,24,-72,25,-71,28,-73,31,-66,29,-67,30,-65,40,-67,36,-65,35,-66,34,-61,37,-62,36,-56,40,-56,40,-50,43,-47,44,-47,44,-40,47,-38,47,-35,51,-32,48,-26,50,-20,52,-21,51,-14,48,-14,56,-6,53,-3,51,0,54,3,49,8,56,14,51,18,54,17,51,18,51,26,56,25,51,34,57,30,51,31,57,33,52,38,54,0,0]"
CSI_DATA,78,1a:00:00:00:00:00,-50,11,1,0,1,1,1,0,0,0,1,-96,0,11,2,1350212,0,44,0,384,0,"[0,0,0,0,0,0,0,0,0,0,0,0,-11,-4,-11,-3,-10,-3,-10,-3,-10,-3,-9,-2,-9,-2,-8,-2,-8,-2,-8,-2,-8,-2,-7,-1,-7,-2,-7,-1,-7,-2,-6,-2,-6,-1,-5,-2,-5,-1,-5,-1,-5,-1,-4,-1,-4,-1,-4,-1,-3,-1,-3,-2,0,0,-2,-2,-2,-2,-2,-2,-2,-2,-1,-2,-1,-2,-1,-2,-1,-2,-1,-2,0,-2,0,-2,-1,-2,0,-2,0,-2,0,-2,0,-2,0,-2,1,-3,1,-3,1,-3,1,-2,2,-2,1,-2,2,-2,2,-2,2,-1,0,0,0,0,0,0,0,0,0,0,0,0,0,0,-66,-34,-54,-32,-63,-35,-58,-33,-57,-30,-53,-34,-56,-21,-54,-25,-46,-25,-46,-23,-46,-23,-43,-19,-44,-17,-37,-14,-37,-21,-37,-14,-38,-14,-36,-13,-32,-10,-32,-14,-33,-11,-25,-11,-27,-8,-24,-9,-21,-13,-20,-9,-18,-14,-18,-9,-14,-5,-14,-9,-15,-8,-12,-8,-7,-9,-8,-8,-6,-6,-1,-8,-3,-8,-3,-9,-2,-5,1,-12,-6,-9,2,-9,-1,-9,4,-5,5,-7,4,-11,7,-11,7,-9,6,-10,11,-12,10,-11,14,-4,10,-7,12,-6,17,-6,15,-4,17,-5,0,0,0,0,0,0,0,0,0,0,0,0,0,0,0,0,0,0,0,0,0,0,54,16,56,25,53,28,60,33,53,32,57,37,50,36,56,38,53,32,55,31,54,34,59,33,63,32,61,32,66,34,63,29,66,29,66,32,66,30,64,28,69,30,69,31,70,25,70,20,71,24,72,21,73,18,70,13,68,11,68,12,69,7,68,0,68,4,60,1,64,-4,62,-5,61,-9,57,-15,55,-19,54,-27,54,-24,55,-25,53,-33,49,-34,50,-38,44,-38,43,-44,46,-43,41,-50,39,-55,32,-59,38,-55,37,-59,35,-60,41,-65,41,-67,36,-66,0,0]"
CSI_DATA,79,1a:00:00:00:00:00,-50,11,1,0,1,1,1,0,0,0,1,-96,0,11,2,1356575,0,44,0,384,0,"[0,0,0,0,0,0,0,0,0,0,0,0,10,-6,8,-6,8,-6,8,-5,8,-6,7,-5,7,-5,7,-5,6,-5,6,-5,5,-5,5,-5,5,-4,5,-4,4,-3,4,-4,3,-3,4,-3,3,-3,3,-3,3,-2,3,-2,2,-2,2,-2,2,-1,1,-2,0,0,1,-1,1,-1,1,-1,1,-1,0,0,0,0,0,0,0,0,0,0,-1,0,-1,0,0,0,0,1,-1,1,-1,1,-1,1,-1,1,-1,1,-2,1,-2,1,-2,1,-2,1,-2,1,-2,1,-3,1,-3,1,0,0,0,0,0,0,0,0,0,0,0,0,0,0,52,-50,52,-40,56,-45,54,-45,47,-42,43,-40,41,-37,43,-39,40,-35,38,-34,31,-33,39,-32,27,-30,31,-32,28,-27,26,-30,26,-30,23,-25,24,-23,17,-20,20,-23,16,-19,18,-20,19,-19,15,-15,13,-15,10,-9,12,-16,12,-11,10,-6,9,-6,7,-3,8,-5,7,-3,3,-2,4,-4,2,-2,1,-1,5,-2,4,5,1,7,0,3,1,2,1,4,0,8,1,7,3,9,-2,9,-2,10,-1,10,-5,14,-2,15,-3,11,-5,13,-7,14,-12,13,-11,12,0,0,0,0,0,0,0,0,0,0,0,0,0,0,0,0,0,0,0,0,0,0,-29,45,-33,47,-38,47,-38,47,-43,47,-45,45,-42,42,-43,43,-44,48,-44,43,-45,48,-45,48,-44,56,-44,51,-46,52,-47,54,-48,57,-48,53,-44,56,-46,58,-43,57,-43,59,-41,59,-40,58,-38,56,-35,61,-38,59,-34,64,-35,63,-31,62,-28,55,-30,62,-27,61,-22,63,-20,60,-16,60,-8,61,-4,60,-1,60,5,56,6,59,10,57,17,60,16,61,19,56,18,57,23,55,30,54,32,56,35,55,36,55,36,52,43,59,46,57,49,59,44,58,45,58,0,0]"
CSI_DATA,80,1a:00:00:00:00:00,-49,11,1,0,1,1,1,0,0,0,1,-96,0,11,2,1366731,0,44,0,384,0,"[0,0,0,0,0,0,0,0,0,0,0,0,3,10,3,10,3,10,3,9,3,9,2,8,3,8,2,8,2,7,2,7,2,7,2,6,2,6,2,5,2,5,1,4,1,5,1,4,1,4,1,3,1,3,1,3,0,3,1,2,1,2,0,2,0,0,0,1,0,1,0,0,0,0,0,0,0,0,0,0,0,-1,0,-1,0,0,-1,-1,0,-1,0,-1,0,-1,-1,-1,-1,-1,-1,-2,-1,-2,-1,-2,-1,-2,-1,-2,0,-3,0,-3,0,-3,0,-3,0,-3,0,0,0,0,0,0,0,0,0,0,0,0,0,0,21,70,18,67,16,66,19,70,19,63,17,63,14,60,10,52,11,50,12,48,11,50,16,47,9,45,13,41,10,39,14,38,14,35,10,32,8,33,9,27,7,28,12,24,6,21,6,23,6,20,4,16,3,15,5,13,1,13,6,14,6,14,1,11,1,6,1,7,1,5,-3,0,-1,-1,-2,-1,-1,-1,-3,-3,-1,-3,2,-3,0,-3,-2,-3,-3,-3,-2,-3,-2,-3,-2,-10,-2,-10,-1,-11,2,-9,-1,-12,1,-12,-1,-14,-3,-10,2,-7,3,-14,0,0,0,0,0,0,0,0,0,0,0,0,0,0,0,0,0,0,0,0,0,0,-53,-17,-56,-21,-52,-26,-56,-30,-55,-32,-51,-36,-51,-36,-53,-37,-50,-38,-47,-41,-56,-41,-54,-38,-61,-43,-56,-44,-59,-47,-55,-42,-59,-47,-57,-45,-59,-43,-55,-46,-56,-47,-63,-47,-57,-45,-61,-42,-61,-41,-64,-42,-62,-41,-62,-41,-57,-41,-58,-36,-59,-34,-64,-32,-54,-33,-58,-29,-58,-28,-57,-21,-60,-21,-60,-16,-59,-15,-57,-10,-63,-11,-58,-4,-60,-2,-59,0,-62,2,-60,8,-64,11,-65,12,-70,16,-66,16,-63,21,-68,20,-71,20,-71,22,-72,23,-76,18,-74,21,0,0]"
CSI_DATA,81,1a:00:00:00:00:00,-49,11,1,0,1,1,1,0,0,0,1,-96,0,11,2,1376584,0,44,0,384,0,"[0,0,0,0,0,0,0,0,0,0,0,0,7,-10,7,-10,6,-9,6,-8,6,-8,6,-8,5,-8,5,-7,5,-7,4,-7,4,-7,4,-7,4,-6,4,-5,3,-5,3,-5,3,-5,3,-5,2,-4,2,-4,2,-4,2,-3,2,-3,1,-3,1,-3,1,-3,0,0,1,-3,1,-2,1,-2,0,-2,0,-1,0,-1,0,-1,0,-1,0,-1,0,0,0,-1,-1,0,-1,0,0,0,-1,0,-1,0,-1,1,-1,0,-1,0,-1,0,-1,0,-2,1,-2,1,-2,1,-2,0,-2,0,0,0,0,0,0,0,0,0,0,0,0,0,0,0,46,-56,46,-56,45,-55,44,-54,39,-51,42,-48,38,-46,39,-49,37,-43,28,-44,33,-44,32,-36,27,-38,26,-36,24,-33,27,-34,23,-32,18,-32,20,-28,19,-28,17,-29,19,-23,16,-27,15,-19,12,-22,15,-25,15,-18,9,-16,11,-12,8,-15,7,-13,7,-9,5,-5,2,-6,0,-6,5,-7,1,-5,3,-5,0,-4,-2,-3,0,2,4,-2,1,2,0,3,-5,4,0,5,-5,4,-2,6,-6,7,-5,4,-4,4,-4,7,-8,6,-5,4,-9,6,-10,8,-10,5,0,0,0,0,0,0,0,0,0,0,0,0,0,0,0,0,0,0,0,0,0,0,10,59,8,61,3,61,-3,65,-7,62,-5,61,-7,61,-6,65,-10,65,-10,65,-9,69,-11,67,-8,73,-10,68,-12,69,-12,67,-13,72,-15,69,-13,74,-14,73,-11,72,-11,71,-6,71,-9,71,-7,69,0,75,-5,71,-5,71,-4,67,-1,70,-2,66,2,67,4,63,6,63,7,66,10,60,15,57,19,58,20,54,21,59,25,51,26,47,32,54,33,49,35,50,41,38,40,44,45,42,49,46,47,45,51,43,53,42,53,46,56,45,60,45,66,45,61,49,0,0]"
CSI_DATA,82,1a:00:00:00:00:00,-49,11,1,0,1,1,1,0,0,0,1,-96,0,11,2,1386653,0,44,0,384,0,"[0,0,0,0,0,0,0,0,0,0,0,0,-6,-11,-6,-10,-7,-9,-7,-10,-6,-9,-6,-9,-6,-8,-5,-8,-6,-7,-5,-7,-5,-7,-5,-7,-5,-6,-4,-6,-4,-6,-4,-5,-3,-5,-3,-5,-4,-4,-3,-4,-3,-4,-2,-3,-2,-4,-2,-3,-2,-3,-2,-3,0,0,-1,-3,-1,-3,-1,-2,0,-2,0,-2,0,-2,0,-1,0,-1,1,-1,1,-2,1,-1,1,-1,1,-1,1,-1,1,-1,1,-1,1,-1,1,-1,2,0,2,0,2,0,1,1,1,1,1,1,1,1,1,1,0,0,0,0,0,0,0,0,0,0,0,0,0,0,-41,-65,-39,-52,-44,-54,-40,-56,-38,-52,-37,-52,-34,-47,-36,-47,-32,-44,-35,-44,-35,-37,-32,-40,-33,-35,-29,-37,-28,-28,-27,-33,-28,-28,-24,-31,-22,-24,-23,-22,-21,-24,-18,-24,-19,-21,-18,-15,-13,-22,-16,-15,-12,-15,-10,-17,-11,-15,-8,-13,-6,-15,-7,-11,-3,-12,-3,-10,-2,-8,-1,-10,1,-7,3,-10,0,-5,1,-7,5,-6,7,-5,8,-2,7,-4,8,-5,10,-4,8,-4,9,-2,10,2,10,-1,13,-2,12,3,12,1,12,6,12,3,12,3,8,8,0,0,0,0,0,0,0,0,0,0,0,0,0,0,0,0,0,0,0,0,0,0,51,31,48,36,51,38,48,43,45,44,42,43,43,43,43,46,48,49,43,49,45,51,44,53,44,51,47,49,49,49,47,49,53,51,47,48,51,49,51,41,54,50,57,46,56,45,56,46,56,46,59,44,52,39,59,36,58,34,60,35,57,34,58,34,58,27,56,22,61,21,58,14,57,12,58,10,58,7,59,4,58,-2,58,-6,61,-11,60,-13,57,-14,53,-20,56,-23,57,-31,57,-31,55,-34,58,-37,61,-38,62,-41,58,-43,60,-42,62,-42,61,-45,0,0]"
CSI_DATA,83,1a:00:00:00:00:00,-49,11,1,0,1,1,1,0,0,0,1,-96,0,11,2,1396819,0,44,0,384,0,"[0,0,0,0,0,0,0,0,0,0,0,0,10,-4,10,-5,9,-4,9,-4,8,-4,8,-4,7,-4,7,-4,7,-4,6,-4,6,-4,5,-4,6,-4,5,-4,5,-3,4,-3,4,-3,3,-2,3,-2,3,-2,3,-2,3,-1,2,-1,2,-1,2,-1,2,-1,0,0,2,0,2,0,2,0,1,1,1,1,1,1,1,1,1,1,0,2,0,2,0,2,1,2,0,2,0,2,0,2,0,2,0,2,0,3,0,3,0,3,0,3,0,3,0,3,0,3,-1,3,-1,3,0,0,0,0,0,0,0,0,0,0,0,0,0,0,71,-16,69,-12,62,-16,59,-14,57,-17,55,-16,56,-17,52,-19,46,-16,49,-17,47,-17,41,-18,36,-17,35,-17,34,-14,32,-15,31,-16,30,-15,28,-12,25,-11,25,-12,24,-12,17,-8,20,-9,18,-8,18,-4,12,-3,10,-5,11,-1,17,0,15,-1,10,1,9,4,11,4,8,6,11,7,10,5,7,12,10,9,5,12,6,8,4,14,5,10,7,11,6,12,2,11,5,14,4,17,4,17,3,19,4,18,2,17,2,16,0,16,1,16,0,17,-3,20,0,0,0,0,0,0,0,0,0,0,0,0,0,0,0,0,0,0,0,0,0,0,-58,-19,-55,-23,-53,-23,-57,-32,-56,-26,-57,-33,-57,-30,-57,-30,-61,-30,-63,-26,-62,-27,-63,-23,-68,-24,-68,-25,-68,-24,-64,-24,-68,-21,-69,-19,-74,-16,-68,-18,-75,-11,-71,-10,-77,-11,-75,-6,-74,-5,-74,-1,-74,-1,-73,5,-68,3,-69,9,-63,12,-65,15,-64,18,-59,22,-58,27,-54,27,-50,33,-47,33,-43,39,-37,44,-41,45,-36,50,-31,51,-29,51,-25,56,-18,60,-16,62,-16,57,-5,60,-9,65,-1,65,1,73,3,69,7,67,7,75,10,69,12,76,0,0]"
CSI_DATA,84,1a:00:00:00:00:00,-50,11,1,0,1,1,1,0,0,0,1,-96,0,11,2,1406985,0,44,0,384,0,"[0,0,0,0,0,0,0,0,0,0,0,0,-1,10,-1,9,0,9,0,8,-1,8,0,8,0,7,0,7,0,6,0,6,0,6,0,5,0,5,0,4,0,4,0,4,0,3,0,3,0,3,-1,2,-1,2,-1,2,-1,2,-1,1,-2,1,-2,1,0,0,-2,1,-3,0,-3,0,-3,0,-3,0,-3,0,-3,-1,-3,-1,-3,-1,-3,-1,-3,-1,-4,-1,-3,-1,-3,-1,-4,-1,-3,-1,-4,-1,-4,-1,-4,-1,-4,-1,-4,-1,-4,-2,-4,-2,-4,-2,-4,-2,-3,-2,0,0,0,0,0,0,0,0,0,0,0,0,0,0,-21,64,-26,58,-20,57,-17,55,-17,55,-16,52,-12,50,-10,45,-9,48,-6,41,-4,44,-5,41,-5,39,-4,34,-3,31,-3,29,-6,31,-3,25,-2,23,-4,21,-3,19,-4,17,2,17,-6,17,-4,16,-3,14,-7,12,-7,9,-9,6,-10,6,-6,1,-11,5,-7,5,-11,7,-15,2,-14,-3,-17,-3,-15,-2,-13,-1,-16,-3,-14,-7,-14,-6,-13,-7,-15,-5,-16,-6,-17,-7,-16,-6,-20,-11,-18,-3,-17,-8,-17,-7,-16,-8,-20,-9,-19,-11,-17,-15,-15,-15,-15,-13,0,0,0,0,0,0,0,0,0,0,0,0,0,0,0,0,0,0,0,0,0,0,50,-33,51,-32,54,-33,58,-29,58,-32,57,-30,59,-32,59,-32,61,-35,60,-33,62,-34,63,-35,61,-34,62,-36,57,-44,56,-45,59,-49,60,-47,54,-49,53,-54,47,-54,53,-56,54,-55,49,-56,48,-55,47,-58,43,-58,39,-59,32,-65,27,-60,26,-62,25,-60,15,-58,11,-59,11,-65,3,-59,-1,-59,-1,-56,-6,-55,-8,-55,-16,-52,-19,-52,-27,-51,-30,-52,-31,-46,-34,-47,-37,-37,-47,-41,-48,-39,-50,-38,-51,-38,-59,-33,-59,-32,-58,-32,-61,-35,-64,-30,-62,-29,0,0]"
CSI_DATA,85,1a:00:00:00:00:00,-50,11,1,0,1,1,1,0,0,0,1,-96,0,11,2,1416672,0,44,0,384,0,"[0,0,0,0,0,0,0,0,0,0,0,0,9,2,9,2,9,1,8,1,8,1,7,1,7,1,7,0,6,0,6,0,6,0,5,0,5,0,4,0,4,0,3,0,2,0,3,0,2,0,2,0,2,0,2,0,1,1,1,0,0,1,0,1,0,0,0,2,0,2,-1,2,-1,2,-1,2,-2,1,-2,2,-2,2,-2,2,-2,2,-2,3,-2,2,-2,2,-2,2,-2,3,-2,3,-2,2,-3,3,-2,3,-2,3,-2,3,-2,3,-3,2,-3,3,-3,2,-3,2,0,0,0,0,0,0,0,0,0,0,0,0,0,0,62,9,64,14,59,13,59,9,55,5,50,9,52,1,44,0,45,3,41,0,42,-1,40,-2,35,-4,34,-4,33,-4,28,-2,26,-4,23,-1,22,1,18,-3,17,-5,18,1,14,-6,14,3,12,5,8,2,9,9,8,3,4,7,4,6,5,8,3,8,0,8,-4,11,-2,13,-1,14,-5,10,-5,19,-2,15,-5,18,-5,19,-6,18,-8,15,-8,17,-2,17,-4,14,-6,19,-4,18,-4,18,-5,18,-7,20,-9,19,-4,18,-7,21,-10,16,-11,18,-15,18,0,0,0,0,0,0,0,0,0,0,0,0,0,0,0,0,0,0,0,0,0,0,-33,-60,-24,-58,-28,-65,-29,-63,-24,-67,-23,-64,-24,-63,-26,-68,-29,-69,-30,-68,-27,-71,-32,-67,-36,-68,-35,-72,-37,-66,-38,-69,-41,-64,-43,-69,-48,-61,-51,-60,-48,-62,-54,-56,-56,-57,-54,-57,-56,-53,-58,-47,-56,-42,-55,-45,-62,-37,-59,-31,-59,-33,-58,-23,-62,-24,-61,-17,-61,-13,-56,-5,-61,0,-54,5,-54,7,-53,15,-50,15,-51,26,-45,29,-49,30,-43,32,-40,33,-40,44,-37,48,-37,50,-33,56,-31,55,-27,56,-23,58,-22,67,-22,63,-17,66,-24,66,0,0]"
CSI_DATA,86,1a:00:00:00:00:00,-50,11,1,0,1,1,1,0,0,0,1,-96,0,11,2,1446644,0,44,0,384,0,"[0,0,0,0,0,0,0,0,0,0,0,0,3,10,3,9,3,8,3,8,3,7,2,7,3,6,2,6,2,5,2,5,2,5,2,4,2,3,1,3,1,2,1,2,1,2,1,2,0,1,0,0,0,0,0,-1,-1,-1,0,-1,-1,-2,-1,-2,0,0,-2,-2,-2,-3,-1,-3,-2,-3,-1,-4,-1,-4,-1,-5,-2,-4,-2,-4,-2,-4,-2,-4,-2,-4,-2,-5,-2,-5,-2,-5,-2,-4,-2,-5,-2,-5,-2,-5,-1,-5,-1,-5,-1,-5,-1,-5,-1,-5,0,-5,0,-4,0,0,0,0,0,0,0,0,0,0,0,0,0,0,7,62,9,61,11,61,7,60,10,52,8,53,11,49,8,48,11,41,12,42,10,40,13,33,11,36,7,32,4,29,9,25,10,20,6,17,7,16,7,14,4,15,4,12,3,5,2,3,-1,2,-2,-2,0,-1,1,-2,-4,-9,0,-8,-2,-10,-2,-9,-6,-12,-5,-15,-3,-14,-9,-17,-8,-18,-6,-19,-4,-19,-5,-18,-2,-22,-5,-24,-4,-19,-8,-23,-6,-24,-4,-23,-6,-23,-9,-25,-4,-27,-5,-23,-7,-23,-2,-26,-2,-27,-3,-23,0,-27,3,-28,4,-26,0,0,0,0,0,0,0,0,0,0,0,0,0,0,0,0,0,0,0,0,0,0,-27,-57,-25,-62,-21,-63,-19,-68,-17,-69,-13,-72,-11,-73,-14,-67,-14,-69,-10,-71,-7,-73,-10,-81,-10,-76,-12,-78,-10,-77,-8,-75,-14,-74,-14,-76,-17,-76,-16,-78,-17,-72,-18,-77,-19,-70,-18,-70,-21,-69,-23,-70,-23,-65,-22,-65,-28,-58,-28,-63,-31,-56,-31,-55,-32,-49,-38,-46,-39,-47,-42,-41,-40,-37,-45,-37,-45,-30,-46,-32,-51,-27,-51,-22,-54,-14,-56,-12,-62,-12,-54,-6,-59,-3,-62,-2,-64,2,-66,3,-68,6,-69,8,-69,8,-70,11,-72,10,-76,15,-72,12,0,0]"
CSI_DATA,87,1a:00:00:00:00:00,-51,11,1,0,1,1,1,0,0,0,1,-96,0,11,2,1456974,0,44,0,384,0,"[0,0,0,0,0,0,0,0,0,0,0,0,-5,9,-5,8,-5,8,-5,8,-4,7,-4,7,-4,6,-3,6,-3,6,-3,5,-2,4,-2,4,-2,3,-2,3,-2,2,-1,2,-1,2,-1,1,-1,1,0,0,-1,0,-1,-1,0,-1,0,-1,0,-2,0,-2,0,0,0,-3,0,-3,1,-3,1,-4,0,-4,1,-4,1,-4,1,-5,1,-4,1,-4,1,-4,1,-5,1,-5,1,-4,2,-5,1,-5,1,-5,1,-5,1,-5,2,-5,2,-5,1,-5,2,-5,2,-5,2,-4,2,-4,0,0,0,0,0,0,0,0,0,0,0,0,0,0,-36,59,-35,55,-38,49,-36,51,-33,52,-33,46,-27,48,-28,48,-25,34,-21,37,-20,32,-19,34,-15,28,-15,30,-13,25,-7,25,-9,21,-8,19,-5,20,-6,13,-1,10,-1,12,0,9,0,3,0,4,2,2,-1,1,8,-4,7,-10,3,-10,3,-12,4,-15,6,-11,6,-13,7,-21,6,-19,9,-18,7,-20,12,-18,9,-23,10,-21,8,-23,9,-22,9,-20,10,-24,6,-19,10,-21,5,-23,9,-24,5,-28,10,-24,11,-24,15,-24,13,-27,14,-23,17,-22,17,-17,0,0,0,0,0,0,0,0,0,0,0,0,0,0,0,0,0,0,0,0,0,0,39,-56,43,-54,46,-47,54,-53,50,-50,53,-50,52,-50,55,-49,57,-47,56,-48,57,-50,57,-48,58,-50,55,-53,53,-55,52,-54,60,-56,53,-53,50,-57,51,-58,46,-56,50,-60,43,-59,43,-64,44,-59,37,-65,37,-58,38,-63,29,-60,28,-59,24,-59,18,-59,15,-62,15,-55,10,-58,4,-57,2,-58,-3,-52,-7,-54,-14,-56,-16,-53,-23,-52,-26,-53,-31,-53,-31,-50,-39,-45,-41,-49,-44,-46,-50,-47,-48,-49,-55,-46,-58,-44,-59,-45,-59,-41,-62,-48,-67,-46,-60,-46,0,0]"
CSI_DATA,88,1a:00:00:00:00:00,-50,11,1,0,1,1,1,0,0,0,1,-96,0,11,2,1466644,0,44,0,384,0,"[0,0,0,0,0,0,0,0,0,0,0,0,9,6,8,5,8,4,8,4,7,4,6,4,6,3,5,2,5,2,4,3,4,2,3,1,3,1,3,1,2,1,2,0,2,0,1,0,1,0,0,0,0,0,-1,-1,-2,-1,-2,-1,-2,-1,-3,-1,0,0,-3,-2,-3,-2,-3,-2,-4,-2,-4,-3,-4,-3,-4,-3,-4,-3,-4,-3,-4,-3,-5,-3,-4,-3,-4,-3,-4,-3,-5,-3,-5,-3,-4,-3,-4,-3,-5,-3,-5,-4,-4,-4,-4,-4,-4,-4,-4,-4,-3,-5,-3,-5,0,0,0,0,0,0,0,0,0,0,0,0,0,0,54,33,60,31,52,28,54,27,54,24,46,23,45,24,43,18,41,16,35,19,35,15,33,13,31,14,27,10,27,12,23,7,19,9,17,2,13,3,9,2,13,4,6,3,4,-2,0,0,0,0,-3,-2,-3,-1,-8,-4,-7,-3,-10,-1,-14,-3,-14,-1,-19,-10,-19,-4,-18,-7,-21,-7,-22,-4,-23,-7,-25,-6,-22,-5,-22,-6,-22,-8,-27,-8,-22,-8,-25,-5,-25,-8,-25,-6,-25,-6,-23,-4,-26,-8,-25,-8,-28,-8,-26,-9,-23,-10,-23,-11,-23,-14,-20,-17,0,0,0,0,0,0,0,0,0,0,0,0,0,0,0,0,0,0,0,0,0,0,-63,-30,-63,-35,-58,-44,-60,-37,-58,-43,-48,-42,-50,-37,-60,-51,-57,-35,-57,-39,-66,-52,-57,-56,-64,-52,-55,-50,-56,-46,-55,-47,-60,-48,-60,-42,-62,-42,-65,-45,-60,-40,-63,-37,-65,-35,-60,-35,-65,-33,-62,-27,-61,-23,-61,-27,-61,-21,-63,-15,-60,-11,-60,-10,-60,-10,-60,-5,-56,1,-56,5,-56,8,-54,11,-50,18,-49,22,-49,25,-47,32,-50,31,-42,37,-43,41,-44,48,-44,47,-39,50,-40,58,-37,57,-35,57,-37,60,-39,65,-35,62,-35,67,-34,68,-39,62,0,0]"
CSI_DATA,89,1a:00:00:00:00:00,-51,11,1,0,1,1,1,0,0,0,1,-96,0,11,2,1476575,0,44,0,384,0,"[0,0,0,0,0,0,0,0,0,0,0,0,3,9,3,8,3,8,2,7,3,7,2,6,2,5,2,5,2,5,2,4,1,4,1,3,1,3,1,2,1,2,0,1,0,1,0,1,0,0,0,0,-1,-1,-1,-1,-2,-1,-2,-2,-2,-2,-2,-2,0,0,-2,-3,-3,-3,-2,-3,-3,-3,-3,-3,-3,-4,-3,-4,-3,-4,-3,-4,-3,-4,-3,-4,-3,-4,-3,-4,-3,-4,-4,-4,-3,-4,-3,-4,-3,-4,-3,-4,-3,-4,-3,-4,-3,-5,-3,-5,-2,-5,-2,-4,-2,-5,0,0,0,0,0,0,0,0,0,0,0,0,0,0,23,57,24,56,27,55,23,54,23,50,21,47,20,40,14,42,16,39,16,33,15,32,15,34,15,28,15,23,15,19,11,17,11,14,7,11,6,10,8,7,6,8,3,8,-5,1,-1,-1,-2,-2,-7,-5,-7,-6,-6,-7,-5,-6,-8,-5,-13,-7,-9,-9,-12,-14,-17,-13,-17,-16,-17,-14,-17,-17,-17,-13,-19,-15,-15,-14,-19,-15,-17,-18,-22,-15,-19,-15,-21,-13,-17,-17,-18,-16,-23,-18,-18,-19,-15,-16,-18,-19,-18,-15,-17,-16,-18,-21,-19,-20,-17,-20,-12,-22,0,0,0,0,0,0,0,0,0,0,0,0,0,0,0,0,0,0,0,0,0,0,-13,-65,-4,-68,-5,-72,-2,-71,0,-73,1,-70,7,-74,10,-75,5,-75,5,-77,0,-76,2,-75,0,-76,-7,-77,0,-74,0,-76,-3,-75,-6,-80,-8,-73,-7,-76,-9,-72,-12,-74,-10,-75,-14,-70,-18,-65,-24,-67,-24,-65,-25,-60,-28,-58,-32,-59,-31,-53,-31,-52,-33,-48,-38,-44,-39,-44,-39,-38,-44,-32,-48,-25,-51,-26,-51,-19,-53,-15,-56,-13,-56,-9,-63,-5,-57,-4,-59,6,-61,1,-64,4,-66,12,-67,12,-68,23,-68,19,-68,20,-67,18,-68,27,-67,24,-66,27,0,0]"
CSI_DATA,90,1a:00:00:00:00:00,-51,11,1,0,1,1,1,0,0,0,1,-96,0,11,2,1486616,0,44,0,384,0,"[0,0,0,0,0,0,0,0,0,0,0,0,4,-10,4,-10,3,-9,3,-9,2,-8,2,-8,2,-7,1,-7,1,-6,1,-5,1,-5,1,-5,0,-4,0,-3,0,-3,0,-3,0,-2,0,-2,0,-1,0,-1,0,-1,0,0,0,0,1,1,0,1,0,1,0,0,0,2,1,2,1,2,0,2,1,3,1,3,1,3,1,3,0,3,1,3,1,3,1,3,1,4,1,4,1,3,1,3,1,3,1,3,1,4,1,3,1,4,1,4,0,4,0,4,0,4,0,3,0,0,0,0,0,0,0,0,0,0,0,0,0,0,39,-53,37,-47,35,-50,34,-50,29,-49,25,-43,27,-41,23,-38,19,-31,17,-35,14,-33,10,-28,12,-29,9,-25,8,-25,9,-20,7,-18,9,-14,6,-14,-1,-8,4,-6,0,-2,4,-7,5,-3,1,-1,4,3,1,6,4,5,1,11,0,14,3,12,5,12,9,11,3,15,4,18,7,16,4,16,2,17,6,18,5,20,5,16,6,19,7,20,7,19,8,20,8,18,7,21,8,18,10,18,8,21,3,21,5,23,5,24,6,22,0,22,2,21,-1,23,0,0,0,0,0,0,0,0,0,0,0,0,0,0,0,0,0,0,0,0,0,0,-69,25,-74,21,-70,17,-75,18,-73,13,-77,16,-76,18,-73,17,-72,14,-70,17,-75,14,-72,18,-76,21,-77,22,-77,24,-74,23,-76,24,-75,26,-70,31,-71,28,-63,34,-68,39,-62,36,-63,38,-61,41,-55,46,-54,44,-53,47,-46,45,-46,47,-38,46,-35,51,-26,48,-25,53,-24,53,-17,55,-11,51,-6,52,-5,52,3,57,5,53,11,53,16,52,15,52,22,50,28,46,37,45,44,45,39,49,39,49,43,47,56,47,53,48,51,43,54,48,55,46,57,46,0,0]"
CSI_DATA,91,1a:00:00:00:00:00,-51,11,1,0,1,1,1,0,0,0,1,-96,0,11,2,1496981,0,44,0,384,0,"[0,0,0,0,0,0,0,0,0,0,0,0,2,10,2,9,3,9,2,8,2,7,2,7,1,6,2,6,1,5,1,5,1,5,1,4,1,3,0,3,0,3,0,3,0,2,0,2,0,2,0,1,-1,1,-1,1,-1,1,-2,0,-2,0,-2,0,0,0,-3,0,-2,-1,-3,-1,-3,-1,-3,-1,-3,-2,-3,-1,-3,-2,-3,-1,-4,-1,-4,-2,-4,-2,-4,-2,-3,-2,-4,-1,-4,-2,-4,-2,-4,-2,-4,-2,-4,-2,-4,-2,-4,-2,-4,-2,-4,-3,-3,-3,-3,-3,0,0,0,0,0,0,0,0,0,0,0,0,0,0,13,63,12,63,17,61,14,61,16,57,13,52,15,49,10,46,10,45,11,38,12,37,15,37,10,31,14,29,10,24,9,25,7,25,5,16,5,16,6,15,5,11,1,9,6,12,-1,9,1,6,-4,7,-3,4,-3,4,-7,1,-7,2,-7,1,-12,-3,-12,-2,-13,-2,-16,-2,-14,-4,-13,-2,-13,0,-17,-3,-16,-4,-20,-4,-15,-4,-16,-2,-20,-1,-22,-3,-20,-2,-19,-1,-21,-6,-23,-5,-22,-5,-25,-5,-21,-4,-21,-7,-23,-5,-22,-10,-18,-8,-19,-11,0,0,0,0,0,0,0,0,0,0,0,0,0,0,0,0,0,0,0,0,0,0,23,-62,28,-66,33,-71,39,-66,40,-67,38,-63,38,-66,40,-67,41,-68,42,-68,38,-70,36,-73,35,-75,37,-74,34,-76,32,-78,33,-74,28,-77,27,-72,24,-79,21,-77,16,-74,17,-75,13,-76,15,-75,7,-72,6,-67,-2,-70,-5,-70,-8,-67,-8,-62,-15,-59,-16,-59,-19,-54,-22,-55,-31,-50,-33,-47,-35,-44,-42,-36,-40,-39,-45,-35,-43,-31,-49,-23,-54,-23,-54,-20,-61,-10,-62,-13,-61,-7,-65,-4,-64,0,-65,4,-71,10,-71,9,-75,9,-72,15,-69,11,-71,11,0,0]"
CSI_DATA,92,1a:00:00:00:00:00,-50,11,1,0,1,1,1,0,0,0,1,-96,0,11,2,1506560,0,44,0,384,0,"[0,0,0,0,0,0,0,0,0,0,0,0,-9,3,-9,3,-8,3,-9,3,-7,3,-7,3,-7,3,-6,3,-6,3,-6,3,-5,3,-5,2,-4,2,-5,2,-4,2,-4,1,-3,1,-3,1,-3,0,-3,0,-3,0,-2,0,-2,0,-3,0,-2,-1,-2,-1,0,0,-2,-2,-2,-1,-2,-2,-2,-2,-2,-2,-2,-2,-2,-2,-2,-2,-2,-3,-2,-3,-2,-3,-2,-3,-2,-3,-2,-3,-2,-3,-2,-3,-2,-3,-2,-3,-2,-4,-2,-4,-2,-3,-2,-3,-2,-3,-2,-3,-1,-4,-1,-4,0,0,0,0,0,0,0,0,0,0,0,0,0,0,-71,9,-65,5,-63,12,-60,14,-57,10,-56,13,-52,9,-49,10,-50,10,-44,15,-40,8,-42,11,-38,10,-35,14,-31,8,-27,9,-27,11,-24,8,-24,6,-21,8,-20,2,-16,8,-14,3,-14,1,-11,2,-14,-3,-12,0,-10,-1,-11,-8,-11,-5,-8,-5,-7,-11,-8,-12,-9,-12,-8,-11,-4,-9,-8,-12,-6,-14,-6,-12,-4,-16,-1,-15,-7,-16,-8,-18,-4,-13,-6,-19,-2,-20,-5,-21,-6,-19,-4,-19,-7,-16,-5,-20,-5,-17,-1,-20,0,-21,-1,-18,1,-22,2,-20,0,0,0,0,0,0,0,0,0,0,0,0,0,0,0,0,0,0,0,0,0,0,56,38,57,41,54,43,55,50,55,47,57,49,50,48,54,51,58,48,56,50,57,51,57,50,63,46,64,46,63,47,60,46,65,48,65,41,70,37,69,35,68,36,70,33,72,27,68,27,72,24,66,19,68,13,66,11,64,3,69,4,62,3,67,-5,62,-8,56,-12,53,-9,52,-20,48,-22,45,-28,43,-35,41,-36,37,-37,29,-42,31,-47,26,-47,24,-48,17,-49,16,-56,10,-58,8,-57,5,-63,2,-63,1,-63,1,-73,-1,-69,-6,-73,-6,-74,-9,-71,0,0]"
CSI_DATA,93,1a:00:00:00:00:00,-49,11,1,0,1,1,1,0,0,0,1,-96,0,11,2,1527404,0,44,0,384,0,"[0,0,0,0,0,0,0,0,0,0,0,0,2,-11,1,-11,1,-10,1,-10,0,-9,0,-9,0,-9,0,-9,0,-8,-1,-8,0,-7,-1,-7,0,-6,-1,-6,-1,-6,0,-6,-1,-5,0,-5,0,-5,0,-4,0,-4,0,-4,0,-4,0,-3,1,-4,0,-4,0,0,1,-3,1,-3,2,-3,1,-3,2,-3,2,-3,2,-3,2,-2,2,-3,2,-2,2,-2,3,-2,3,-2,3,-2,3,-2,3,-2,3,-2,3,-2,3,-2,3,-2,3,-2,3,-2,3,-1,3,-1,3,-1,3,-1,0,0,0,0,0,0,0,0,0,0,0,0,0,0,29,-60,29,-62,29,-58,23,-55,23,-56,20,-50,18,-55,20,-52,18,-50,11,-45,13,-43,11,-43,7,-40,7,-40,8,-39,7,-33,2,-33,3,-31,4,-28,5,-27,4,-25,5,-24,4,-23,7,-23,7,-18,5,-19,6,-20,5,-16,8,-17,10,-15,11,-13,8,-15,11,-13,14,-11,12,-8,12,-10,13,-6,18,-7,16,-9,18,-8,16,-8,16,-4,16,-7,16,-5,19,-6,20,-5,20,-7,19,-6,20,-6,20,-6,19,-5,18,-4,20,0,20,-2,18,0,19,-1,20,-1,0,0,0,0,0,0,0,0,0,0,0,0,0,0,0,0,0,0,0,0,0,0,-60,15,-63,11,-67,10,-66,7,-69,4,-69,5,-70,5,-70,7,-71,7,-71,11,-74,16,-74,14,-73,21,-74,19,-74,18,-74,19,-75,24,-72,24,-69,28,-73,30,-71,37,-64,33,-66,35,-61,41,-60,42,-55,46,-53,48,-48,44,-49,48,-44,54,-41,50,-38,54,-32,56,-29,54,-26,58,-18,53,-14,55,-7,59,-4,54,5,56,3,55,10,55,14,52,20,54,25,50,24,52,31,52,37,46,39,46,45,44,46,41,54,36,56,42,56,37,64,39,60,35,62,36,0,0]"
CSI_DATA,94,1a:00:00:00:00:00,-48,11,1,0,1,1,1,0,0,0,1,-96,0,11,2,1536553,0,44,0,384,0,"[0,0,0,0,0,0,0,0,0,0,0,0,0,-11,-1,-11,-1,-10,0,-10,-1,-9,-1,-10,-1,-9,-1,-8,-1,-8,-2,-7,-2,-7,-2,-7,-2,-6,-1,-6,-1,-6,-1,-6,-1,-5,-1,-5,-1,-4,-1,-5,0,-4,0,-4,0,-4,0,-4,0,-4,0,-4,0,0,1,-4,1,-3,1,-4,1,-4,2,-3,2,-3,2,-3,2,-3,2,-3,2,-3,2,-4,2,-3,2,-3,3,-3,2,-3,2,-3,3,-3,2,-3,3,-3,3,-3,3,-3,3,-2,3,-2,3,-2,3,-2,3,-2,0,0,0,0,0,0,0,0,0,0,0,0,0,0,25,-66,19,-63,15,-62,15,-57,12,-58,12,-55,8,-50,8,-52,6,-45,2,-45,4,-43,3,-45,1,-40,0,-42,-2,-40,0,-34,-3,-37,-1,-28,-4,-31,-1,-30,-1,-23,1,-26,2,-23,-2,-22,0,-24,3,-24,5,-20,2,-18,6,-22,4,-15,9,-16,5,-24,10,-20,9,-15,11,-17,12,-15,15,-19,14,-12,18,-17,11,-14,13,-16,13,-14,16,-12,17,-15,19,-14,17,-12,17,-13,18,-14,19,-15,18,-11,21,-13,19,-10,21,-12,19,-14,19,-6,18,-7,21,-6,0,0,0,0,0,0,0,0,0,0,0,0,0,0,0,0,0,0,0,0,0,0,-58,9,-60,1,-62,1,-65,0,-66,-1,-69,-3,-64,3,-66,2,-69,4,-69,3,-72,8,-66,12,-70,12,-71,10,-73,14,-70,18,-69,19,-70,25,-67,24,-71,24,-67,31,-68,34,-59,37,-62,38,-62,40,-55,42,-52,44,-52,49,-46,48,-43,47,-38,51,-32,56,-33,55,-27,57,-24,58,-15,55,-11,56,-7,57,-4,55,3,55,11,57,14,53,16,53,21,55,24,49,31,44,35,46,43,41,45,42,47,38,45,38,53,34,61,31,58,27,61,31,60,31,63,28,0,0]"
CSI_DATA,95,1a:00:00:00:00:00,-47,11,1,0,1,1,1,0,0,0,1,-96,0,11,2,1557020,0,44,0,384,0,"[0,0,0,0,0,0,0,0,0,0,0,0,9,5,8,4,9,4,8,4,8,4,7,3,6,3,7,2,7,2,6,2,6,2,5,2,6,1,5,2,5,2,5,2,5,1,4,1,4,1,4,1,4,1,4,1,4,2,4,2,4,2,3,2,0,0,4,2,4,2,4,2,4,3,3,3,3,3,3,3,3,3,3,3,3,4,3,4,3,3,3,3,3,3,3,4,3,3,3,3,3,3,3,3,3,4,3,4,2,3,2,3,2,3,1,3,1,3,0,0,0,0,0,0,0,0,0,0,0,0,0,0,51,36,49,41,47,35,45,36,48,31,46,30,44,28,44,29,40,24,41,20,41,20,40,18,37,14,35,13,34,13,34,14,32,10,30,11,30,10,30,10,27,10,27,10,28,5,26,10,23,12,23,9,25,6,24,11,24,12,20,9,27,15,24,14,23,16,24,10,25,11,22,18,22,15,21,20,21,17,22,20,20,20,23,23,19,18,19,21,19,20,19,16,19,22,21,20,24,19,17,20,22,18,18,22,20,23,15,18,14,20,12,22,10,19,0,0,0,0,0,0,0,0,0,0,0,0,0,0,0,0,0,0,0,0,0,0,24,-48,33,-47,32,-48,36,-54,38,-52,34,-50,36,-50,32,-53,33,-56,30,-60,30,-60,29,-59,24,-64,26,-67,25,-70,22,-67,15,-75,15,-73,12,-72,8,-71,5,-74,0,-76,-1,-76,-7,-75,-10,-75,-13,-75,-16,-71,-22,-66,-26,-70,-27,-68,-36,-60,-36,-58,-37,-56,-39,-51,-42,-44,-42,-41,-48,-39,-51,-29,-51,-26,-49,-19,-57,-14,-55,-9,-61,-4,-59,-4,-54,7,-59,7,-58,12,-56,20,-58,20,-56,28,-52,32,-56,38,-52,39,-52,46,-53,50,-49,48,-52,49,0,0]"
CSI_DATA,96,1a:00:00:00:00:00,-47,11,1,0,1,1,1,0,0,0,1,-96,0,11,2,1566705,0,44,0,384,0,"[0,0,0,0,0,0,0,0,0,0,0,0,8,-7,7,-7,7,-7,6,-7,6,-7,5,-6,5,-7,5,-6,5,-6,4,-6,4,-6,3,-6,3,-6,3,-6,3,-5,3,-6,3,-5,3,-5,3,-5,3,-5,3,-4,3,-4,2,-4,3,-4,3,-4,3,-4,0,0,3,-4,4,-4,4,-4,3,-3,4,-3,4,-3,4,-3,4,-3,4,-3,4,-3,4,-3,4,-3,4,-3,4,-3,3,-3,4,-3,4,-3,3,-2,4,-2,4,-2,3,-2,4,-2,4,-2,4,-2,3,-1,3,-1,0,0,0,0,0,0,0,0,0,0,0,0,0,0,52,-46,48,-40,51,-43,44,-39,41,-40,41,-39,34,-38,36,-37,30,-34,28,-34,28,-34,25,-34,26,-36,21,-32,22,-32,22,-33,22,-30,22,-29,17,-32,16,-28,17,-31,15,-23,15,-26,13,-23,13,-24,19,-26,14,-23,15,-23,18,-22,18,-21,14,-23,18,-22,17,-21,20,-22,18,-16,18,-20,23,-18,20,-20,18,-19,22,-19,17,-18,20,-16,23,-18,20,-15,23,-19,25,-11,23,-17,20,-12,26,-11,21,-13,21,-16,21,-11,23,-12,22,-10,19,-10,18,-2,20,-4,0,0,0,0,0,0,0,0,0,0,0,0,0,0,0,0,0,0,0,0,0,0,-47,-28,-49,-28,-46,-30,-51,-33,-48,-34,-48,-34,-50,-33,-54,-34,-55,-33,-53,-32,-58,-29,-58,-32,-62,-28,-64,-30,-69,-26,-65,-22,-72,-22,-65,-17,-72,-12,-70,-12,-71,-6,-73,-4,-70,-3,-76,-2,-72,-1,-69,8,-71,7,-71,13,-65,17,-67,21,-60,24,-61,25,-55,31,-51,33,-48,40,-48,37,-37,39,-36,41,-34,45,-33,47,-20,51,-19,51,-17,51,-11,54,-6,54,-4,51,2,56,12,57,14,55,17,55,21,58,22,58,26,63,32,55,29,62,37,60,42,55,0,0]"
CSI_DATA,97,1a:00:00:00:00:00,-48,11,1,0,1,1,1,0,0,0,1,-96,0,11,2,1576977,0,44,0,384,0,"[0,0,0,0,0,0,0,0,0,0,0,0,0,-11,0,-10,-1,-10,-1,-9,-1,-9,-1,-9,-1,-9,-2,-8,-1,-8,-2,-8,-1,-8,-1,-7,-2,-7,-1,-6,-1,-6,-2,-6,-1,-6,-1,-6,-1,-5,-1,-5,-1,-5,-1,-6,-1,-6,-1,-5,0,-5,-1,-5,0,0,0,-5,0,-5,0,-5,0,-5,1,-5,1,-4,1,-5,1,-5,1,-5,1,-5,1,-4,1,-4,1,-4,1,-4,1,-4,1,-4,2,-4,1,-4,2,-4,2,-4,2,-4,2,-3,2,-3,2,-3,2,-3,2,-2,0,0,0,0,0,0,0,0,0,0,0,0,0,0,4,-63,5,-61,-1,-63,-1,-59,-2,-54,-1,-54,-3,-51,-1,-51,-5,-46,-8,-51,-7,-47,-9,-41,-9,-38,-8,-39,-10,-36,-10,-38,-8,-38,-9,-38,-9,-35,-7,-32,-7,-33,-9,-30,-9,-29,-6,-29,-6,-28,-9,-29,-8,-27,-2,-28,-5,-28,-4,-30,1,-25,-1,-29,-2,-26,0,-25,2,-24,0,-27,-1,-25,3,-26,6,-24,5,-23,5,-26,9,-23,8,-23,6,-26,6,-24,7,-25,11,-23,7,-21,8,-23,7,-21,11,-21,7,-18,12,-20,12,-20,13,-17,11,-12,13,-13,0,0,0,0,0,0,0,0,0,0,0,0,0,0,0,0,0,0,0,0,0,0,-43,32,-47,36,-49,37,-53,35,-49,32,-58,36,-52,37,-54,38,-55,41,-50,36,-55,40,-53,41,-54,45,-52,49,-54,47,-49,47,-55,57,-49,50,-45,59,-42,57,-43,63,-39,64,-36,65,-44,67,-40,67,-34,70,-30,64,-25,68,-18,67,-18,69,-13,64,-12,71,-1,69,0,66,-1,63,6,62,8,58,9,57,19,54,25,54,32,54,30,48,34,48,39,42,44,42,42,36,45,34,51,26,52,25,50,20,56,22,62,21,61,19,61,13,67,15,68,13,67,7,0,0]"
CSI_DATA,98,1a:00:00:00:00:00,-48,11,1,0,1,1,1,0,0,0,1,-96,0,11,2,1587481,0,44,0,384,0,"[0,0,0,0,0,0,0,0,0,0,0,0,4,-9,3,-9,3,-8,3,-8,2,-8,2,-8,2,-8,1,-7,1,-7,1,-6,1,-7,1,-6,1,-6,1,-6,1,-6,1,-6,1,-6,1,-5,1,-5,1,-5,1,-4,1,-5,0,-5,1,-4,1,-5,1,-5,0,0,1,-4,1,-4,2,-4,2,-4,2,-4,2,-4,2,-4,2,-4,2,-3,2,-4,2,-4,2,-3,2,-3,2,-3,2,-3,2,-3,2,-3,2,-3,2,-3,2,-3,2,-2,2,-2,3,-2,3,-2,2,-2,2,-1,0,0,0,0,0,0,0,0,0,0,0,0,0,0,42,-43,39,-41,38,-44,36,-44,37,-40,32,-44,32,-41,33,-41,26,-39,22,-38,23,-37,19,-37,17,-35,18,-36,17,-31,14,-35,16,-31,11,-29,16,-29,13,-25,10,-28,12,-27,10,-28,14,-24,11,-24,13,-20,15,-23,14,-23,13,-20,15,-23,17,-18,17,-24,17,-21,18,-17,16,-17,18,-18,17,-17,17,-16,18,-18,18,-11,15,-13,20,-14,21,-15,18,-14,20,-14,17,-11,18,-15,22,-13,20,-10,18,-12,19,-8,15,-8,22,-5,24,-4,16,-1,19,1,18,-1,0,0,0,0,0,0,0,0,0,0,0,0,0,0,0,0,0,0,0,0,0,0,-59,6,-61,5,-62,1,-67,1,-64,1,-66,-2,-63,1,-67,3,-69,0,-67,5,-69,1,-68,3,-78,7,-72,8,-72,14,-73,8,-76,12,-75,17,-74,21,-71,21,-72,25,-73,25,-71,25,-71,27,-74,32,-66,32,-67,38,-64,39,-61,40,-59,42,-56,45,-49,46,-49,51,-43,48,-42,52,-38,48,-31,51,-29,52,-25,52,-19,55,-16,58,-12,52,-8,55,4,55,4,56,13,55,17,54,16,57,23,55,27,54,24,54,31,51,36,53,34,46,37,50,38,49,42,44,0,0]"
CSI_DATA,99,1a:00:00:00:00:00,-48,11,1,0,1,1,1,0,0,0,1,-96,0,11,2,1596582,0,44,0,384,0,"[0,0,0,0,0,0,0,0,0,0,0,0,-9,-4,-9,-4,-9,-4,-8,-4,-8,-3,-8,-3,-8,-2,-7,-2,-7,-2,-7,-2,-7,-2,-6,-2,-7,-1,-6,-2,-6,-1,-6,-2,-6,-1,-5,-1,-6,-1,-5,-1,-5,-1,-6,-1,-5,-2,-5,-1,-5,-2,-5,-2,0,0,-5,-2,-5,-2,-5,-2,-5,-2,-5,-2,-5,-2,-5,-3,-5,-2,-4,-3,-4,-3,-4,-3,-4,-3,-4,-3,-4,-3,-4,-3,-4,-3,-4,-3,-4,-3,-4,-3,-4,-3,-3,-3,-3,-3,-3,-3,-3,-3,-3,-3,-2,-3,0,0,0,0,0,0,0,0,0,0,0,0,0,0,-47,-44,-44,-38,-49,-35,-42,-32,-42,-32,-41,-30,-41,-27,-39,-24,-40,-21,-35,-20,-40,-17,-37,-21,-36,-16,-32,-13,-31,-14,-33,-13,-33,-14,-30,-14,-25,-12,-30,-12,-31,-11,-29,-11,-29,-10,-30,-9,-23,-11,-21,-10,-22,-12,-24,-11,-22,-11,-25,-13,-23,-14,-24,-15,-22,-19,-24,-14,-22,-17,-19,-19,-20,-15,-18,-18,-20,-16,-20,-16,-18,-20,-20,-17,-15,-22,-16,-19,-14,-15,-12,-19,-15,-23,-17,-18,-14,-21,-10,-20,-12,-18,-11,-21,-14,-19,-9,-18,-10,-18,-7,-17,-5,-19,0,0,0,0,0,0,0,0,0,0,0,0,0,0,0,0,0,0,0,0,0,0,11,56,5,60,4,56,5,68,2,59,3,67,3,65,6,64,7,66,6,66,9,68,9,69,13,72,12,75,17,75,16,73,20,77,23,70,23,74,27,74,30,70,32,74,32,71,35,69,37,67,41,64,42,65,44,62,43,58,50,55,44,48,55,47,49,42,52,39,52,36,52,29,54,25,53,22,51,18,54,14,57,7,51,4,58,1,54,-5,51,-9,53,-18,57,-22,50,-22,53,-30,46,-30,46,-30,51,-35,49,-39,47,-40,44,-40,46,-46,42,-42,0,0]"
CSI_DATA,100,1a:00:00:00:00:00,-48,11,1,0,1,1,1,0,0,0,1,-96,0,11,2,1606582,0,44,0,384,0,"[0,0,0,0,0,0,0,0,0,0,0,0,8,-2,8,-2,8,-2,8,-2,8,-2,7,-2,6,-2,6,-2,6,-2,6,-2,6,-2,5,-3,5,-3,5,-3,5,-2,5,-2,4,-2,4,-2,4,-3,4,-2,4,-2,4,-2,4,-2,4,-3,5,-2,4,-2,0,0,4,-2,4,-2,4,-2,4,-2,4,-1,5,-1,4,-1,5,-1,4,-1,4,-1,4,-1,4,-1,4,-1,4,-1,4,0,4,0,4,-1,4,-1,4,0,3,0,4,0,4,0,3,0,3,0,3,1,3,1,0,0,0,0,0,0,0,0,0,0,0,0,0,0,56,-3,53,-7,57,-7,56,-9,51,-9,47,-7,46,-9,43,-12,42,-9,40,-14,37,-12,37,-14,36,-16,35,-14,34,-12,32,-17,29,-12,27,-14,30,-13,28,-12,29,-18,28,-11,28,-14,24,-10,24,-10,23,-14,25,-11,23,-13,28,-10,28,-13,26,-12,26,-11,25,-7,26,-12,26,-10,29,-4,26,-9,25,-7,28,-6,26,-4,24,-7,27,-8,27,-5,23,-6,25,-4,22,-4,25,-6,25,-4,26,1,23,-2,24,-4,22,1,21,2,21,3,15,4,19,5,21,4,0,0,0,0,0,0,0,0,0,0,0,0,0,0,0,0,0,0,0,0,0,0,-36,-40,-36,-51,-33,-53,-36,-53,-34,-56,-34,-54,-37,-55,-39,-60,-37,-57,-40,-52,-42,-54,-47,-57,-50,-55,-53,-54,-53,-60,-51,-52,-61,-55,-56,-48,-60,-49,-61,-47,-58,-49,-64,-43,-64,-40,-69,-38,-71,-32,-74,-30,-72,-29,-71,-23,-68,-18,-72,-18,-64,-10,-72,-9,-66,-5,-64,1,-65,0,-60,7,-60,14,-56,18,-53,25,-50,25,-45,28,-44,29,-44,36,-39,41,-36,46,-37,43,-31,44,-25,50,-23,54,-14,54,-16,53,-12,60,-11,60,-8,54,-4,62,-3,62,0,62,0,0]"
CSI_DATA,101,1a:00:00:00:00:00,-48,11,1,0,1,1,1,0,0,0,1,-96,0,11,2,1616681,0,44,0,384,0,"[0,0,0,0,0,0,0,0,0,0,0,0,8,-5,8,-5,7,-4,8,-4,7,-4,6,-5,6,-5,5,-5,5,-5,5,-4,5,-4,5,-4,5,-4,4,-4,4,-4,4,-4,4,-3,4,-3,4,-4,4,-3,4,-3,3,-3,3,-3,4,-3,4,-3,4,-3,0,0,4,-2,4,-2,4,-3,4,-2,4,-2,4,-2,4,-2,4,-2,4,-2,4,-2,4,-1,4,-2,4,-1,4,-2,4,-1,4,-1,4,-1,4,-1,4,-1,4,-1,3,-1,4,-1,4,-1,3,0,3,0,3,0,0,0,0,0,0,0,0,0,0,0,0,0,0,0,58,-12,59,-12,57,-14,50,-13,47,-16,47,-15,45,-15,41,-18,40,-17,40,-16,39,-17,34,-14,30,-17,31,-19,33,-17,30,-18,29,-17,27,-17,27,-19,29,-16,26,-14,24,-14,23,-15,21,-11,25,-13,22,-10,25,-16,19,-12,24,-11,26,-10,24,-10,28,-10,24,-7,26,-6,27,-6,24,-5,28,-9,23,-8,25,-8,27,-4,25,-5,27,-4,22,-4,28,-6,26,-6,27,-4,23,-5,27,-4,22,-1,19,0,24,2,23,0,24,0,18,4,18,3,23,4,21,5,0,0,0,0,0,0,0,0,0,0,0,0,0,0,0,0,0,0,0,0,0,0,-42,-38,-42,-37,-43,-44,-44,-48,-45,-44,-44,-47,-39,-48,-45,-48,-51,-47,-46,-49,-51,-46,-55,-47,-60,-47,-60,-48,-64,-43,-62,-42,-66,-42,-65,-39,-70,-36,-68,-40,-73,-37,-70,-31,-75,-29,-76,-25,-73,-26,-73,-18,-71,-15,-76,-15,-71,-8,-71,-8,-68,1,-69,4,-67,9,-67,8,-64,16,-59,19,-56,24,-54,27,-49,32,-49,34,-45,37,-43,40,-36,46,-31,48,-29,45,-27,54,-23,57,-15,51,-11,61,-9,62,-6,61,-7,62,-2,59,1,60,4,66,8,64,11,63,0,0]"
CSI_DATA,102,1a:00:00:00:00:00,-49,11,1,0,1,1,1,0,0,0,1,-96,0,11,2,1686738,0,44,0,384,0,"[0,0,0,0,0,0,0,0,0,0,0,0,-3,10,-2,9,-2,9,-2,9,-2,8,-2,8,-2,8,-2,7,-1,7,-1,7,-1,6,0,7,-1,6,0,6,-1,5,-1,6,-1,5,-1,5,-1,5,-1,4,-1,4,-1,4,-1,5,-1,4,-1,4,-1,4,0,0,-1,4,-1,4,-1,4,-2,4,-2,3,-2,4,-2,4,-2,4,-2,4,-2,4,-2,4,-2,3,-2,3,-2,3,-2,3,-2,3,-2,3,-2,3,-3,3,-3,3,-3,2,-3,2,-3,2,-3,2,-3,2,-3,2,0,0,0,0,0,0,0,0,0,0,0,0,0,0,-29,54,-24,55,-21,55,-21,55,-24,55,-21,50,-17,49,-17,48,-17,47,-17,44,-15,46,-10,41,-11,42,-11,38,-13,39,-9,36,-13,37,-9,30,-11,34,-5,34,-6,36,-7,29,-10,29,-7,31,-11,27,-9,28,-5,28,-5,26,-11,25,-6,23,-4,30,-11,25,-12,29,-9,26,-9,24,-12,22,-10,23,-12,26,-12,22,-15,23,-13,25,-13,20,-18,22,-15,17,-16,21,-13,18,-13,15,-13,17,-16,17,-17,16,-15,19,-18,11,-17,13,-20,13,-18,12,-20,6,-15,10,0,0,0,0,0,0,0,0,0,0,0,0,0,0,0,0,0,0,0,0,0,0,52,-27,53,-26,56,-23,58,-26,60,-23,56,-22,63,-24,61,-23,64,-29,66,-29,61,-31,66,-30,69,-33,69,-34,66,-39,64,-38,61,-43,66,-44,63,-45,64,-49,60,-47,61,-56,58,-55,56,-55,54,-53,51,-56,48,-54,48,-54,42,-57,37,-64,32,-60,29,-63,22,-60,22,-65,15,-60,12,-57,11,-60,2,-58,2,-58,-6,-58,-9,-57,-11,-56,-21,-54,-26,-50,-28,-52,-39,-42,-36,-47,-41,-44,-41,-38,-42,-41,-52,-34,-55,-37,-58,-41,-59,-34,-61,-33,-55,-29,-63,-29,0,0]"
CSI_DATA,103,1a:00:00:00:00:00,-50,11,1,0,1,1,1,0,0,0,1,-96,0,11,2,1706647,0,44,0,384,0,"[0,0,0,0,0,0,0,0,0,0,0,0,-7,-9,-7,-8,-7,-8,-7,-7,-7,-7,-6,-7,-6,-6,-6,-5,-5,-6,-5,-5,-6,-5,-6,-5,-5,-4,-5,-4,-5,-4,-5,-4,-4,-4,-4,-4,-4,-3,-4,-3,-4,-3,-4,-3,-4,-3,-3,-3,-3,-3,-3,-3,0,0,-3,-3,-3,-3,-2,-3,-2,-3,-2,-3,-2,-3,-2,-3,-2,-3,-2,-3,-1,-4,-1,-3,-1,-3,-1,-3,-1,-3,-1,-4,-1,-3,-1,-3,-1,-3,-1,-4,-1,-3,-1,-3,0,-3,0,-3,0,-3,0,-4,1,-3,0,0,0,0,0,0,0,0,0,0,0,0,0,0,-34,-54,-34,-59,-32,-48,-26,-56,-28,-53,-26,-48,-30,-46,-24,-39,-25,-44,-26,-37,-26,-38,-30,-37,-25,-34,-25,-29,-23,-32,-26,-32,-19,-30,-21,-23,-19,-26,-18,-27,-19,-25,-15,-22,-12,-21,-14,-20,-17,-19,-15,-17,-14,-18,-11,-16,-16,-20,-16,-16,-12,-20,-13,-17,-5,-17,-7,-15,-7,-20,-5,-14,-6,-16,-8,-16,-3,-14,-4,-16,0,-16,-1,-17,1,-14,2,-14,2,-15,0,-15,2,-18,3,-15,3,-17,1,-13,5,-17,4,-13,8,-17,13,-14,8,-11,9,-12,7,-11,0,0,0,0,0,0,0,0,0,0,0,0,0,0,0,0,0,0,0,0,0,0,10,55,11,56,4,59,2,61,-3,63,1,65,0,66,2,67,3,68,4,71,3,72,6,72,3,75,6,75,9,75,7,75,11,75,12,77,13,72,14,74,17,74,16,74,23,73,23,77,22,72,27,71,26,68,28,65,23,70,34,59,35,59,31,56,36,56,40,50,43,44,45,43,45,37,46,33,46,30,45,28,49,23,52,20,51,15,53,11,48,4,57,-5,53,-5,55,-7,53,-11,51,-18,55,-19,55,-16,56,-21,58,-31,59,-27,55,-31,59,-30,0,0]"
CSI_DATA,104,1a:00:00:00:00:00,-50,11,1,0,1,1,1,0,0,0,1,-96,0,11,2,1716994,0,44,0,384,0,"[0,0,0,0,0,0,0,0,0,0,0,0,7,-8,7,-8,6,-7,6,-7,6,-7,5,-7,5,-6,4,-6,4,-6,4,-6,3,-6,3,-6,3,-5,3,-5,3,-5,2,-5,2,-5,2,-4,2,-4,2,-4,2,-4,2,-3,2,-4,2,-4,2,-3,2,-3,0,0,2,-3,2,-2,2,-2,2,-2,2,-2,2,-2,2,-1,2,-1,2,-1,2,-2,2,-1,2,-1,2,-1,2,-1,2,-1,2,-1,2,-1,2,-1,2,0,2,0,2,0,2,0,2,0,2,0,2,1,2,1,0,0,0,0,0,0,0,0,0,0,0,0,0,0,51,-52,48,-42,45,-45,46,-46,41,-37,43,-44,41,-45,39,-38,37,-38,36,-40,31,-34,27,-32,27,-33,30,-31,23,-34,25,-29,22,-29,22,-29,23,-26,18,-25,18,-27,18,-22,15,-18,13,-21,18,-22,15,-18,15,-15,13,-16,16,-12,12,-13,12,-13,18,-10,12,-9,13,-12,8,-9,17,-6,16,-13,14,-8,12,-5,17,-3,15,-2,11,-3,13,-6,17,-5,17,-8,14,3,14,0,15,-3,18,0,18,-3,13,6,17,7,19,3,15,4,16,6,17,9,12,8,0,0,0,0,0,0,0,0,0,0,0,0,0,0,0,0,0,0,0,0,0,0,-55,21,-59,14,-62,12,-69,11,-66,11,-68,9,-69,10,-70,11,-73,10,-69,13,-76,11,-76,13,-77,14,-78,18,-78,18,-77,14,-80,24,-78,19,-75,28,-78,23,-76,27,-77,30,-72,29,-72,33,-70,32,-69,36,-73,35,-67,38,-59,39,-60,43,-49,39,-57,44,-50,49,-43,47,-36,50,-34,47,-31,46,-21,50,-22,48,-13,54,-13,53,-9,50,1,58,2,55,9,52,10,53,16,53,21,48,23,52,24,50,32,46,37,51,39,54,39,50,44,54,44,55,44,50,0,0]"
CSI_DATA,105,1a:00:00:00:00:00,-50,11,1,0,1,1,1,0,0,0,1,-96,0,11,2,1736993,0,44,0,384,0,"[0,0,0,0,0,0,0,0,0,0,0,0,-2,-11,-2,-11,-2,-10,-2,-10,-2,-9,-2,-9,-2,-9,-2,-8,-2,-8,-2,-8,-2,-7,-2,-7,-2,-6,-2,-6,-2,-6,-2,-6,-2,-6,-2,-6,-2,-5,-1,-5,-1,-4,-2,-5,-1,-5,-1,-4,-1,-4,-1,-4,0,0,-1,-4,-1,-4,-1,-3,-1,-4,0,-3,0,-4,0,-3,0,-3,0,-3,0,-3,0,-3,1,-3,0,-3,1,-3,1,-3,0,-3,1,-3,1,-3,1,-3,1,-3,1,-3,1,-2,1,-2,1,-2,2,-2,1,-2,0,0,0,0,0,0,0,0,0,0,0,0,0,0,1,-76,0,-63,-1,-65,-2,-66,-2,-69,-5,-63,-1,-57,-2,-55,-3,-51,-3,-51,-7,-51,-6,-45,-3,-45,-4,-46,-6,-39,-9,-39,-5,-38,-7,-35,-8,-36,-4,-36,-9,-30,-7,-33,-5,-26,-4,-28,-5,-24,-5,-28,-5,-26,-2,-20,-1,-21,-7,-24,-3,-21,-3,-18,5,-16,2,-20,1,-17,5,-19,6,-19,6,-20,5,-16,8,-12,1,-16,8,-17,9,-19,9,-14,10,-19,5,-11,4,-17,10,-18,8,-11,10,-14,6,-13,8,-11,11,-11,13,-10,11,-5,12,-10,13,-7,0,0,0,0,0,0,0,0,0,0,0,0,0,0,0,0,0,0,0,0,0,0,-34,49,-40,45,-42,46,-44,47,-49,46,-44,44,-51,50,-46,52,-54,47,-51,50,-51,50,-51,55,-55,56,-48,59,-52,60,-51,61,-48,61,-46,63,-48,63,-49,69,-50,65,-42,69,-39,68,-38,71,-37,66,-30,68,-29,66,-23,67,-21,66,-18,66,-11,66,-15,64,-5,61,-3,59,-1,60,9,60,10,54,11,51,14,49,19,48,22,42,26,35,35,35,35,31,36,27,48,22,45,26,47,20,54,16,54,16,58,12,63,7,63,12,66,4,70,4,66,6,72,3,0,0]"
CSI_DATA,106,1a:00:00:00:00:00,-50,11,1,0,1,1,1,0,0,0,1,-96,0,11,2,1746622,0,44,0,384,0,"[0,0,0,0,0,0,0,0,0,0,0,0,2,11,2,10,2,10,2,9,2,9,2,8,2,8,2,8,2,8,2,7,2,7,2,7,2,6,2,6,2,5,2,6,2,5,2,5,1,4,1,4,1,4,1,4,1,4,1,4,1,3,0,4,0,0,0,3,0,3,0,3,0,3,-1,2,-1,3,-1,2,-1,2,-1,2,-1,2,-1,2,-2,2,-1,2,-1,1,-2,2,-1,2,-2,1,-2,2,-2,2,-2,2,-2,2,-3,1,-3,1,-3,1,-3,1,-3,0,0,0,0,0,0,0,0,0,0,0,0,0,0,0,12,69,12,64,9,67,11,64,10,65,8,59,13,59,8,55,7,53,11,48,11,48,13,43,12,49,13,44,11,38,13,40,11,35,7,34,9,35,11,30,8,32,9,28,9,25,4,24,4,28,0,22,7,25,6,19,5,22,7,23,2,20,1,20,-3,16,-5,17,0,16,-3,16,-5,12,-4,13,-6,12,-4,12,-5,13,-5,12,-7,14,-8,11,-3,12,-10,16,-11,11,-8,11,-11,11,-8,11,-9,9,-7,10,-10,10,-13,6,-17,5,-11,8,-10,4,0,0,0,0,0,0,0,0,0,0,0,0,0,0,0,0,0,0,0,0,0,0,-5,-56,2,-57,4,-59,7,-61,8,-62,7,-62,12,-67,10,-65,11,-64,7,-70,10,-71,6,-70,10,-71,11,-73,6,-77,10,-76,8,-78,5,-76,6,-77,7,-75,2,-74,2,-73,0,-79,-3,-76,-3,-75,-6,-75,-5,-71,-7,-66,-10,-66,-13,-64,-16,-63,-20,-62,-20,-60,-21,-59,-27,-53,-25,-52,-27,-44,-32,-42,-33,-39,-39,-34,-38,-31,-41,-27,-45,-22,-44,-17,-48,-19,-48,-14,-48,-13,-53,-7,-53,-4,-57,1,-61,3,-64,6,-67,9,-66,10,-64,13,-65,11,-69,12,0,0]"
CSI_DATA,107,1a:00:00:00:00:00,-49,11,1,0,1,1,1,0,0,0,1,-96,0,11,2,1757121,0,44,0,384,0,"[0,0,0,0,0,0,0,0,0,0,0,0,-4,10,-4,10,-3,10,-3,9,-3,9,-3,9,-3,9,-3,8,-3,8,-3,7,-2,8,-2,7,-2,7,-2,6,-2,6,-2,6,-1,6,-2,5,-2,5,-2,5,-2,4,-2,4,-2,4,-2,4,-2,4,-2,3,0,0,-2,3,-2,3,-2,2,-2,2,-2,2,-2,2,-2,1,-2,1,-2,2,-2,2,-2,1,-3,1,-2,1,-3,1,-3,1,-3,1,-3,0,-3,0,-3,1,-3,0,-3,0,-3,0,-3,-1,-3,-1,-3,-1,-3,-1,0,0,0,0,0,0,0,0,0,0,0,0,0,0,-34,65,-34,64,-32,58,-30,66,-29,64,-27,55,-28,61,-26,54,-22,59,-20,54,-21,55,-18,45,-16,53,-20,47,-19,41,-12,43,-15,41,-15,39,-13,35,-7,36,-8,29,-11,35,-4,30,-10,27,-11,30,-11,26,-8,25,-7,26,-10,25,-8,23,-7,23,-10,21,-12,21,-9,17,-10,19,-18,14,-10,13,-13,13,-10,11,-9,9,-12,11,-7,12,-12,9,-12,8,-13,12,-10,6,-13,6,-14,8,-13,1,-14,6,-14,1,-12,1,-15,-3,-17,-3,-16,-4,-18,-2,-11,-5,0,0,0,0,0,0,0,0,0,0,0,0,0,0,0,0,0,0,0,0,0,0,25,-45,32,-50,38,-46,41,-47,43,-50,41,-46,42,-49,43,-49,46,-51,46,-55,46,-53,48,-55,48,-59,52,-56,48,-59,48,-59,49,-57,49,-66,41,-64,49,-62,44,-60,48,-65,46,-66,44,-64,38,-63,36,-69,36,-65,33,-65,31,-65,26,-63,22,-67,21,-59,17,-62,13,-63,12,-61,5,-61,3,-58,-4,-60,-4,-58,-10,-54,-9,-55,-23,-45,-24,-42,-23,-50,-28,-47,-36,-37,-36,-42,-37,-39,-45,-36,-48,-37,-47,-31,-58,-30,-55,-32,-63,-33,-62,-30,-62,-34,-68,-37,0,0]"
CSI_DATA,108,1a:00:00:00:00:00,-48,11,1,0,1,1,1,0,0,0,1,-96,0,11,2,1766715,0,44,0,384,0,"[0,0,0,0,0,0,0,0,0,0,0,0,-10,-6,-10,-6,-11,-6,-10,-6,-10,-5,-9,-5,-9,-5,-8,-4,-9,-4,-8,-4,-8,-4,-8,-3,-8,-4,-7,-3,-7,-3,-7,-3,-6,-3,-6,-3,-6,-2,-6,-2,-6,-2,-5,-3,-5,-3,-5,-2,-5,-2,-5,-3,0,0,-4,-3,-4,-2,-4,-2,-3,-3,-3,-2,-3,-2,-3,-2,-3,-2,-2,-2,-2,-3,-2,-3,-2,-2,-2,-2,-2,-2,-2,-3,-1,-3,-2,-3,-1,-3,-1,-3,-1,-3,-1,-3,0,-3,0,-3,0,-2,0,-2,1,-2,0,0,0,0,0,0,0,0,0,0,0,0,0,0,-64,-38,-62,-42,-66,-36,-57,-36,-61,-33,-57,-33,-59,-33,-56,-30,-53,-30,-52,-28,-51,-26,-49,-30,-50,-20,-49,-21,-44,-25,-45,-21,-45,-17,-39,-14,-40,-16,-39,-15,-39,-12,-35,-11,-33,-12,-30,-12,-32,-10,-29,-14,-29,-13,-26,-5,-26,-6,-25,-9,-21,-12,-22,-11,-22,-12,-16,-12,-20,-12,-17,-12,-16,-13,-12,-11,-13,-11,-15,-15,-12,-10,-9,-12,-7,-14,-7,-8,-3,-10,-8,-10,-9,-15,-6,-13,-6,-17,-5,-19,-2,-15,-6,-14,-2,-14,1,-13,3,-14,7,-15,5,-12,0,0,0,0,0,0,0,0,0,0,0,0,0,0,0,0,0,0,0,0,0,0,41,33,41,39,43,37,42,44,42,42,43,48,44,46,43,48,47,50,46,51,48,53,47,54,50,53,50,56,51,51,52,55,54,56,51,48,55,54,57,53,59,54,59,50,56,48,59,50,62,49,57,46,60,42,59,41,61,36,58,34,57,30,60,27,63,21,58,21,57,13,59,11,57,8,53,8,52,1,49,-3,53,-13,48,-12,54,-16,50,-20,47,-20,46,-21,45,-30,38,-38,40,-42,37,-39,38,-46,39,-51,42,-54,38,-51,38,-61,39,-62,38,-66,0,0]"
CSI_DATA,109,1a:00:00:00:00:00,-48,11,1,0,1,1,1,0,0,0,1,-96,0,11,2,1776667,0,44,0,384,0,"[0,0,0,0,0,0,0,0,0,0,0,0,-1,-12,-1,-12,-1,-12,-1,-11,-1,-11,-1,-11,-1,-10,-2,-10,-1,-10,-2,-9,-2,-9,-2,-9,-2,-8,-2,-8,-1,-7,-2,-7,-2,-7,-2,-7,-1,-6,-1,-6,-1,-6,-1,-6,-1,-5,-1,-5,-1,-5,-1,-5,0,0,-1,-5,-1,-4,0,-4,0,-4,0,-4,0,-3,0,-3,0,-3,0,-3,0,-3,0,-3,1,-2,1,-2,0,-2,1,-2,1,-3,1,-2,1,-2,1,-2,1,-2,1,-2,2,-1,1,-1,2,-1,1,-1,2,-1,0,0,0,0,0,0,0,0,0,0,0,0,0,0,-5,-74,-12,-74,-9,-74,-10,-70,-10,-67,-9,-68,-10,-59,-11,-64,-10,-61,-11,-60,-13,-53,-7,-52,-10,-52,-11,-48,-14,-47,-13,-48,-12,-45,-13,-40,-10,-37,-13,-39,-10,-39,-10,-37,-9,-36,-7,-33,-5,-30,-7,-29,-7,-27,-5,-27,-7,-30,-7,-29,-8,-27,-2,-24,-1,-22,0,-23,0,-23,2,-22,2,-21,0,-15,3,-16,5,-17,0,-11,4,-13,3,-16,7,-10,7,-12,7,-12,5,-14,9,-12,9,-10,10,-6,9,-6,11,-7,15,-6,14,-4,13,-4,13,1,13,-1,0,0,0,0,0,0,0,0,0,0,0,0,0,0,0,0,0,0,0,0,0,0,18,50,16,57,17,55,12,62,9,60,9,60,6,63,6,63,8,65,6,64,6,68,9,69,12,68,7,71,5,74,9,69,8,75,5,75,11,72,12,76,11,73,9,75,13,72,15,69,16,74,21,71,21,65,20,67,17,62,23,64,23,60,26,64,31,56,29,56,32,55,32,49,36,43,40,41,39,36,37,34,42,32,42,27,46,27,49,22,48,16,55,8,55,10,57,4,61,3,55,4,59,-3,64,-3,64,-8,68,-9,67,-11,68,-9,76,-10,0,0]"
CSI_DATA,110,1a:00:00:00:00:00,-47,11,1,0,1,1,1,0,0,0,1,-96,0,11,2,1796984,0,44,0,384,0,"[0,0,0,0,0,0,0,0,0,0,0,0,-6,11,-6,10,-5,10,-5,10,-5,9,-5,9,-5,9,-4,9,-4,9,-4,8,-4,8,-4,8,-4,8,-4,7,-4,7,-3,7,-3,7,-3,6,-2,6,-2,6,-2,6,-2,6,-2,6,-2,5,-3,5,-2,5,0,0,-2,5,-2,4,-2,4,-2,4,-2,4,-2,3,-2,3,-2,3,-2,3,-2,3,-2,3,-3,2,-3,2,-2,2,-2,2,-3,2,-3,2,-3,1,-3,1,-3,1,-3,1,-3,0,-3,0,-3,0,-3,0,-3,-1,0,0,0,0,0,0,0,0,0,0,0,0,0,0,-22,72,-24,71,-23,71,-18,68,-17,66,-21,65,-18,63,-17,59,-16,60,-19,62,-14,58,-13,54,-14,54,-11,53,-12,51,-11,49,-15,48,-9,44,-8,44,-5,40,-5,44,-5,41,-5,42,-6,42,-3,39,-6,34,-6,35,-3,33,-4,31,-4,30,-3,28,-9,29,-6,27,-5,29,-5,26,-9,26,-9,24,-5,25,-8,22,-10,17,-7,18,-8,19,-7,20,-8,17,-9,17,-8,15,-10,14,-10,16,-12,11,-8,12,-12,7,-12,11,-12,9,-14,7,-12,2,-14,5,-12,3,0,0,0,0,0,0,0,0,0,0,0,0,0,0,0,0,0,0,0,0,0,0,9,-49,13,-52,16,-54,18,-56,23,-55,21,-57,22,-56,23,-55,27,-57,24,-61,27,-61,28,-63,29,-65,27,-63,22,-64,24,-63,28,-73,30,-64,26,-67,23,-67,21,-69,19,-70,22,-69,24,-69,17,-66,16,-67,15,-68,12,-68,11,-64,7,-62,5,-60,2,-64,1,-61,-3,-55,-6,-57,-5,-54,-13,-55,-11,-48,-18,-53,-16,-45,-24,-44,-32,-43,-33,-39,-33,-41,-41,-33,-45,-30,-42,-32,-47,-29,-50,-29,-54,-26,-56,-25,-60,-22,-61,-26,-66,-23,-71,-25,-70,-22,-68,-20,0,0]"
CSI_DATA,111,1a:00:00:00:00:00,-46,11,1,0,1,1,1,0,0,0,1,-96,0,11,2,1806697,0,44,0,384,0,"[0,0,0,0,0,0,0,0,0,0,0,0,-1,12,-1,11,0,11,0,11,-1,11,-1,10,0,10,0,10,0,10,0,9,0,9,0,9,1,8,0,8,0,8,1,8,0,8,1,7,0,7,1,7,0,6,0,6,1,6,1,5,0,5,0,6,0,0,0,5,0,5,0,5,0,5,-1,4,0,4,-1,4,-1,4,-1,4,-1,3,-1,3,-1,3,-1,3,-1,3,-1,3,-1,3,-2,2,-2,2,-2,2,-2,2,-2,2,-2,1,-2,1,-2,1,-2,1,-2,1,0,0,0,0,0,0,0,0,0,0,0,0,0,0,-13,71,-13,73,-9,72,-9,72,-11,69,-14,69,-10,63,-12,67,-11,67,-8,58,-4,61,-4,58,-4,58,-9,54,-6,55,-4,51,-7,51,0,48,-2,47,1,43,2,44,-3,41,1,43,2,44,3,40,1,41,1,34,1,34,-2,37,-2,33,1,33,0,32,-4,30,0,32,-3,28,-3,27,-3,24,-3,26,-3,23,-6,24,-4,23,-6,23,-6,21,-4,17,-6,17,-11,19,-9,18,-8,12,-10,15,-8,10,-11,9,-10,12,-11,10,-13,9,-12,4,-11,6,-12,6,0,0,0,0,0,0,0,0,0,0,0,0,0,0,0,0,0,0,0,0,0,0,-6,-53,-3,-58,3,-57,3,-61,6,-60,5,-60,6,-59,5,-61,7,-61,7,-65,9,-61,6,-66,5,-69,10,-68,5,-69,7,-71,3,-73,7,-71,8,-73,3,-74,1,-72,3,-71,-2,-72,3,-72,1,-73,-4,-72,-2,-69,-7,-70,-7,-66,-7,-66,-11,-59,-15,-61,-17,-61,-17,-59,-20,-60,-24,-52,-27,-52,-25,-47,-27,-43,-30,-45,-34,-41,-37,-37,-38,-35,-47,-32,-48,-31,-49,-24,-51,-24,-55,-20,-56,-19,-52,-19,-59,-17,-59,-20,-68,-18,-68,-8,-72,-18,-74,-16,-77,-10,0,0]"
CSI_DATA,112,1a:00:00:00:00:00,-46,11,1,0,1,1,1,0,0,0,1,-96,0,11,2,1816577,0,44,0,384,0,"[0,0,0,0,0,0,0,0,0,0,0,0,11,4,10,4,11,4,10,4,10,3,10,3,9,3,9,3,8,3,8,3,8,2,8,2,8,2,7,2,7,2,7,2,6,2,6,1,6,2,6,1,6,2,6,1,5,1,5,1,5,1,4,1,0,0,4,2,4,2,4,1,3,1,3,2,3,2,3,2,3,2,2,2,2,2,2,2,2,2,2,2,1,2,1,2,1,2,1,2,1,2,0,2,0,2,0,2,0,2,0,2,-1,2,-1,2,-1,1,0,0,0,0,0,0,0,0,0,0,0,0,0,0,62,40,60,40,61,37,59,32,58,36,53,36,53,33,53,34,52,31,52,28,50,30,43,27,44,25,46,27,40,25,39,22,38,22,37,17,40,18,41,20,39,17,37,18,32,12,32,15,31,13,27,15,28,17,27,13,26,15,26,12,22,14,24,15,22,13,20,10,18,12,17,15,18,14,16,14,12,13,10,12,9,16,10,14,11,11,9,13,8,12,7,13,4,12,7,18,6,12,0,14,-1,14,-3,10,2,11,-1,14,-2,11,-7,13,-7,9,0,0,0,0,0,0,0,0,0,0,0,0,0,0,0,0,0,0,0,0,0,0,-53,-11,-53,-12,-53,-12,-53,-18,-56,-19,-54,-22,-53,-23,-56,-22,-57,-23,-60,-24,-59,-24,-62,-22,-64,-25,-59,-23,-62,-24,-68,-25,-67,-24,-66,-24,-68,-24,-69,-26,-67,-24,-71,-25,-67,-24,-69,-25,-69,-22,-71,-21,-69,-18,-67,-17,-69,-12,-61,-13,-65,-9,-61,-6,-62,-7,-58,-4,-58,-4,-55,-1,-54,4,-54,7,-53,12,-50,19,-48,19,-49,19,-48,23,-45,28,-46,29,-39,34,-41,34,-39,40,-37,45,-39,46,-40,51,-35,52,-36,56,-35,55,-38,59,-38,57,-35,61,0,0]"
CSI_DATA,113,1a:00:00:00:00:00,-47,11,1,0,1,1,1,0,0,0,1,-96,0,11,2,1826579,0,44,0,384,0,"[0,0,0,0,0,0,0,0,0,0,0,0,-13,2,-12,2,-12,2,-12,2,-11,2,-11,2,-10,2,-10,2,-10,2,-10,2,-9,2,-9,1,-9,2,-8,1,-8,1,-7,2,-7,2,-7,2,-7,1,-7,1,-6,1,-6,1,-6,1,-5,1,-6,0,-5,1,0,0,-5,0,-5,0,-5,0,-4,0,-4,-1,-4,-1,-4,-1,-4,-1,-3,-1,-3,-1,-3,-1,-3,-2,-3,-2,-3,-2,-3,-1,-2,-2,-3,-2,-2,-2,-2,-2,-2,-2,-2,-2,-2,-3,-2,-3,-1,-3,-1,-3,-1,-3,0,0,0,0,0,0,0,0,0,0,0,0,0,0,-70,18,-76,13,-70,21,-68,17,-66,17,-67,15,-61,18,-59,17,-60,16,-55,14,-52,14,-49,14,-48,17,-51,14,-50,13,-43,16,-41,12,-37,14,-35,11,-38,16,-36,11,-32,10,-34,13,-33,11,-28,9,-28,10,-30,7,-29,10,-28,6,-24,9,-22,6,-26,2,-25,4,-21,0,-19,3,-20,0,-18,2,-20,1,-19,-1,-16,-4,-16,-4,-15,-5,-17,-3,-12,-2,-14,-6,-14,-6,-13,-7,-10,-9,-15,-6,-10,-11,-13,-11,-10,-11,-11,-9,-5,-14,-6,-9,-6,-10,-2,-15,0,0,0,0,0,0,0,0,0,0,0,0,0,0,0,0,0,0,0,0,0,0,46,-22,47,-22,50,-21,54,-16,53,-15,55,-15,57,-15,57,-13,58,-16,61,-12,63,-16,63,-16,66,-16,65,-16,66,-14,68,-22,68,-21,70,-19,69,-19,69,-22,72,-23,69,-23,72,-27,71,-26,65,-22,68,-26,63,-23,60,-27,58,-34,60,-30,56,-31,55,-38,52,-36,49,-34,47,-42,43,-38,37,-41,36,-43,30,-45,27,-48,26,-47,18,-53,17,-52,15,-56,16,-55,3,-55,4,-56,-2,-61,-2,-61,-4,-65,-9,-64,-9,-64,-10,-66,-16,-72,-20,-69,-20,-69,-20,-74,0,0]"
CSI_DATA,114,1a:00:00:00:00:00,-48,11,1,0,1,1,1,0,0,0,1,-96,0,11,2,1865451,0,44,0,384,0,"[0,0,0,0,0,0,0,0,0,0,0,0,2,11,1,11,2,11,1,10,2,10,1,9,1,9,1,8,1,8,1,7,1,7,1,7,1,6,1,6,1,5,1,5,1,5,1,5,1,4,1,4,1,3,1,3,0,3,0,3,0,2,0,3,0,0,0,2,0,2,-1,1,-1,2,-1,1,-1,1,-1,1,-1,0,-2,1,-1,0,-1,0,-2,0,-2,-1,-2,0,-2,0,-2,-1,-2,-1,-2,-1,-2,-1,-2,-1,-2,-1,-2,-2,-2,-2,-1,-2,-2,-2,-1,-2,0,0,0,0,0,0,0,0,0,0,0,0,0,0,6,72,3,69,7,68,7,66,5,64,7,58,6,63,0,56,4,52,6,48,1,48,4,48,6,43,8,39,4,42,8,39,4,39,7,33,7,34,6,32,5,32,6,29,6,24,1,23,3,24,1,24,3,17,0,17,1,17,2,16,1,14,0,11,-3,10,0,9,-2,8,-4,9,-2,7,0,4,-5,4,-8,5,-7,4,-5,2,-6,0,-8,-1,-8,-3,-10,-4,-7,-2,-6,-2,-14,-2,-6,-4,-7,-8,-8,-6,-7,-8,-7,-9,-7,-10,-6,-10,-2,-13,0,0,0,0,0,0,0,0,0,0,0,0,0,0,0,0,0,0,0,0,0,0,-44,-18,-47,-24,-45,-25,-45,-33,-45,-36,-42,-33,-42,-40,-43,-39,-45,-38,-43,-41,-43,-43,-44,-43,-49,-45,-49,-47,-47,-51,-48,-51,-51,-50,-46,-50,-53,-51,-50,-51,-54,-52,-50,-50,-49,-52,-53,-54,-49,-52,-52,-50,-52,-50,-51,-51,-53,-48,-55,-47,-51,-45,-55,-42,-50,-43,-53,-39,-55,-42,-54,-31,-53,-33,-56,-27,-57,-23,-58,-23,-59,-20,-60,-13,-62,-13,-60,-8,-61,-9,-62,-7,-63,-3,-62,-5,-65,4,-67,4,-71,4,-71,13,-71,7,-69,10,-70,10,-79,9,-76,8,0,0]"
CSI_DATA,115,1a:00:00:00:00:00,-48,11,1,0,1,1,1,0,0,0,1,-96,0,11,2,1866118,0,44,0,384,0,"[0,0,0,0,0,0,0,0,0,0,0,0,-1,-12,-1,-12,-1,-11,-1,-11,-1,-10,-1,-10,-1,-9,-1,-9,-1,-9,-1,-8,-1,-8,-1,-8,-1,-7,-1,-7,-1,-7,-1,-6,-1,-6,-1,-6,-1,-5,-1,-5,0,-4,-1,-5,-1,-4,-1,-4,-1,-4,0,-4,0,0,0,-3,0,-2,0,-2,0,-2,0,-2,0,-2,0,-1,0,-1,0,-1,0,-1,1,-1,0,0,0,0,1,0,1,0,1,0,0,0,1,0,1,1,1,1,1,1,0,1,0,1,0,1,0,1,0,2,0,0,0,0,0,0,0,0,0,0,0,0,0,0,10,-75,8,-71,8,-72,12,-65,12,-67,9,-63,6,-61,6,-60,8,-55,6,-55,5,-53,5,-50,4,-46,9,-44,5,-42,4,-43,6,-41,3,-37,4,-37,0,-34,0,-33,2,-30,3,-27,4,-24,3,-22,2,-23,2,-20,6,-18,6,-18,4,-17,4,-17,1,-15,6,-10,5,-9,4,-11,8,-9,6,-7,9,-4,5,-4,4,-6,7,-3,5,-1,6,2,5,1,9,5,6,6,4,4,8,8,6,7,4,4,3,8,2,10,3,9,1,9,1,12,1,8,-1,10,0,0,0,0,0,0,0,0,0,0,0,0,0,0,0,0,0,0,0,0,0,0,46,19,45,29,41,32,46,35,41,37,41,41,37,41,41,44,41,43,42,45,39,50,44,52,43,50,45,53,44,57,43,52,47,56,45,51,47,54,45,63,42,61,48,61,48,58,44,60,46,60,46,56,47,57,49,59,47,53,52,55,45,53,53,51,48,48,48,50,45,46,54,45,46,37,50,36,55,32,53,32,56,32,55,23,60,24,61,23,58,18,57,13,63,15,61,10,68,10,66,9,68,7,74,5,75,5,70,3,76,7,76,9,76,7,0,0]"
CSI_DATA,116,1a:00:00:00:00:00,-48,11,1,0,1,1,1,0,0,0,1,-96,0,11,2,1866691,0,44,0,384,0,"[0,0,0,0,0,0,0,0,0,0,0,0,0,-12,0,-12,-1,-11,0,-11,0,-10,0,-10,-1,-10,-1,-9,-1,-9,-1,-9,0,-8,0,-8,-1,-7,-1,-7,-1,-7,-1,-7,-1,-6,-1,-5,-1,-6,-1,-5,-1,-5,-1,-5,-1,-4,-1,-4,0,-4,0,-4,0,0,0,-3,0,-3,0,-2,0,-3,0,-2,0,-1,1,-1,1,-1,0,-1,1,-1,1,-1,0,0,0,0,0,0,1,0,1,0,1,0,1,0,0,1,1,0,1,1,1,1,0,1,0,1,0,1,0,1,0,0,0,0,0,0,0,0,0,0,0,0,0,0,7,-75,0,-72,3,-69,1,-66,1,-68,4,-66,6,-62,4,-58,2,-58,-1,-53,0,-51,-1,-50,-2,-50,1,-42,0,-45,-5,-40,2,-39,-3,-38,-2,-34,-1,-35,-2,-32,-2,-31,-5,-26,-4,-25,-2,-25,-2,-23,0,-21,0,-20,1,-19,3,-17,-1,-14,2,-14,4,-14,4,-15,3,-9,3,-10,3,-10,5,-7,6,-5,7,-5,4,-1,6,0,4,-4,6,-2,7,1,4,-1,6,2,9,4,8,2,9,6,7,5,6,5,7,8,6,7,7,8,5,9,3,11,0,0,0,0,0,0,0,0,0,0,0,0,0,0,0,0,0,0,0,0,0,0,37,34,36,33,35,40,32,43,32,47,33,44,31,45,35,49,33,49,35,52,31,53,32,58,33,59,35,59,33,60,35,62,33,62,39,63,38,60,35,68,39,65,39,67,40,65,38,62,36,64,37,61,41,63,38,61,38,60,40,57,44,55,42,56,43,53,45,51,46,46,50,45,50,42,50,41,48,38,54,31,54,29,54,23,55,27,61,24,60,18,57,17,59,16,66,12,63,10,71,10,66,6,71,2,73,6,68,2,77,3,73,4,75,0,0,0]"
CSI_DATA,117,1a:00:00:00:00:00,-47,11,1,0,1,1,1,0,0,0,1,-96,0,11,2,1896977,0,44,0,384,0,"[0,0,0,0,0,0,0,0,0,0,0,0,-12,-4,-12,-4,-12,-4,-11,-4,-11,-4,-10,-3,-10,-3,-9,-3,-10,-3,-10,-3,-9,-3,-9,-3,-9,-2,-9,-2,-8,-2,-8,-2,-7,-2,-7,-2,-7,-2,-7,-2,-6,-1,-7,-2,-6,-2,-6,-2,-6,-2,-5,-2,0,0,-5,-2,-5,-2,-4,-2,-4,-2,-4,-2,-4,-2,-3,-2,-3,-2,-2,-2,-2,-2,-2,-2,-2,-2,-2,-2,-2,-2,-1,-3,-1,-3,-1,-3,-1,-3,0,-2,0,-2,0,-2,0,-2,0,-2,0,-2,1,-2,1,-2,0,0,0,0,0,0,0,0,0,0,0,0,0,0,-74,-23,-69,-21,-71,-26,-69,-24,-68,-25,-66,-23,-67,-20,-60,-17,-57,-17,-54,-19,-53,-14,-53,-16,-53,-16,-51,-12,-48,-16,-49,-16,-47,-9,-46,-9,-43,-9,-43,-11,-39,-9,-40,-11,-35,-5,-34,-7,-35,-5,-35,-5,-34,-8,-30,-7,-32,-8,-29,-9,-29,-11,-23,-11,-23,-10,-21,-8,-18,-9,-20,-11,-16,-6,-14,-9,-12,-8,-14,-13,-7,-13,-10,-11,-6,-11,-8,-13,-6,-12,-6,-15,-6,-13,-5,-15,-3,-13,0,-13,1,-11,4,-12,4,-11,4,-10,4,-8,7,-11,7,-5,0,0,0,0,0,0,0,0,0,0,0,0,0,0,0,0,0,0,0,0,0,0,39,-29,40,-24,42,-22,45,-20,46,-22,50,-20,48,-18,49,-17,53,-15,53,-13,57,-17,57,-17,60,-19,60,-17,62,-19,67,-19,64,-17,64,-16,62,-17,64,-15,63,-23,68,-18,66,-22,69,-19,67,-18,70,-16,67,-21,67,-21,63,-23,65,-22,60,-23,61,-25,59,-25,57,-30,55,-31,55,-32,54,-32,51,-29,48,-35,47,-37,46,-43,42,-43,40,-44,36,-47,36,-47,31,-50,30,-52,32,-55,28,-61,27,-60,25,-60,28,-64,28,-69,23,-70,24,-71,22,-71,19,-70,0,0]"
CSI_DATA,118,1a:00:00:00:00:00,-46,11,1,0,1,1,1,0,0,0,1,-96,0,11,2,1906558,0,44,0,384,0,"[0,0,0,0,0,0,0,0,0,0,0,0,0,-13,1,-13,0,-13,0,-12,0,-12,0,-11,0,-12,0,-11,0,-11,0,-10,0,-10,0,-10,0,-9,0,-9,0,-9,-1,-9,-1,-8,-1,-8,-1,-8,-1,-7,0,-7,-1,-7,-1,-7,-1,-6,0,-6,-1,-6,0,0,0,-5,0,-5,0,-5,0,-5,0,-4,0,-4,0,-4,0,-3,0,-3,0,-3,1,-3,0,-3,1,-2,1,-2,1,-2,1,-2,1,-1,1,-1,1,-1,1,-1,1,0,1,0,1,0,1,1,0,1,0,1,0,0,0,0,0,0,0,0,0,0,0,0,0,0,7,-80,8,-75,5,-74,6,-76,5,-73,5,-71,4,-71,10,-67,7,-64,4,-67,4,-58,7,-61,2,-59,3,-54,3,-56,-1,-53,2,-53,-2,-50,-3,-48,-1,-41,-3,-46,-1,-45,1,-41,0,-44,-1,-38,-2,-38,-1,-34,-1,-33,0,-31,0,-32,0,-28,1,-30,1,-27,3,-28,4,-24,5,-26,3,-20,3,-18,6,-15,5,-15,2,-14,0,-15,5,-10,8,-11,8,-7,4,-8,7,-4,9,-6,8,-7,9,-3,6,3,7,1,7,3,6,1,4,3,5,5,3,4,0,0,0,0,0,0,0,0,0,0,0,0,0,0,0,0,0,0,0,0,0,0,41,16,41,17,35,23,40,27,35,31,34,33,35,33,39,37,40,36,40,41,38,41,39,41,39,45,42,47,37,45,39,49,39,49,40,52,43,51,42,49,38,51,41,55,43,54,41,53,41,55,44,55,42,53,43,56,46,51,42,52,39,50,45,48,42,47,44,45,44,46,49,41,45,37,48,40,49,35,54,31,52,31,54,26,56,23,57,23,59,17,54,23,63,17,67,11,65,12,65,9,70,11,70,6,70,7,73,7,78,4,78,5,79,6,0,0]"
CSI_DATA,119,1a:00:00:00:00:00,-45,11,1,0,1,1,1,0,0,0,1,-96,0,11,2,1916728,0,44,0,384,0,"[0,0,0,0,0,0,0,0,0,0,0,0,10,7,10,7,10,7,10,7,9,7,9,6,8,6,8,5,7,5,8,5,8,5,7,5,7,5,7,4,7,5,6,4,6,4,5,4,6,3,5,3,5,3,5,3,4,3,5,2,4,2,4,3,0,0,3,2,3,2,3,3,2,2,2,2,2,2,2,2,1,2,1,1,1,1,1,1,1,1,0,1,0,1,-1,1,-1,0,-1,0,-1,0,-1,0,-1,0,-2,0,-1,0,-2,0,-2,-1,-2,-1,-2,-1,0,0,0,0,0,0,0,0,0,0,0,0,0,0,62,45,58,48,61,44,56,47,56,45,54,46,54,40,49,46,46,37,47,41,45,36,44,35,44,37,41,34,39,31,43,28,39,33,37,27,36,26,34,25,33,25,33,24,32,23,30,22,27,21,27,20,28,19,27,18,22,20,22,13,22,16,21,19,18,15,17,12,15,11,13,14,12,14,10,10,9,13,8,12,8,8,5,10,4,9,1,8,1,12,-2,9,0,7,-1,6,-3,5,-5,5,-4,5,-6,1,-6,0,-6,-3,-3,-2,-11,-3,-5,-6,0,0,0,0,0,0,0,0,0,0,0,0,0,0,0,0,0,0,0,0,0,0,-27,33,-31,31,-35,30,-39,30,-42,28,-43,26,-42,23,-47,22,-50,23,-47,22,-50,21,-54,23,-58,20,-58,22,-60,24,-61,17,-63,18,-62,17,-62,19,-68,17,-66,19,-69,18,-66,17,-65,16,-67,19,-69,20,-68,12,-70,17,-66,17,-64,12,-64,18,-61,15,-60,17,-60,17,-63,18,-59,21,-57,24,-54,23,-52,28,-53,30,-53,33,-48,31,-50,33,-47,41,-45,38,-42,41,-40,42,-45,47,-37,51,-42,49,-39,53,-46,54,-43,56,-45,59,-43,62,-49,61,-49,61,0,0]"
CSI_DATA,120,1a:00:00:00:00:00,-46,11,1,0,1,1,1,0,0,0,1,-96,0,11,2,1937394,0,44,0,384,0,"[0,0,0,0,0,0,0,0,0,0,0,0,-12,4,-12,4,-12,3,-11,3,-12,3,-11,3,-11,3,-10,3,-10,3,-10,3,-9,3,-9,3,-9,3,-8,3,-8,2,-8,3,-7,3,-7,2,-7,2,-7,2,-6,2,-6,2,-6,2,-5,2,-5,2,-5,1,0,0,-4,1,-5,1,-4,0,-4,1,-3,0,-4,0,-3,0,-3,0,-2,0,-3,0,-2,0,-2,-1,-2,-1,-2,-1,-1,-1,-1,-1,-1,-1,-1,-1,0,-1,0,-1,0,-1,0,-2,0,-1,0,-1,1,-1,1,-1,0,0,0,0,0,0,0,0,0,0,0,0,0,0,-80,14,-77,9,-73,13,-70,12,-72,10,-66,11,-66,11,-68,10,-65,12,-61,11,-59,14,-55,9,-57,10,-50,10,-54,9,-49,10,-50,10,-44,8,-46,12,-40,10,-41,11,-36,9,-36,10,-39,12,-34,8,-33,9,-32,8,-29,8,-30,5,-29,3,-26,6,-21,6,-21,4,-19,5,-22,0,-19,1,-18,-3,-13,1,-15,-1,-11,-1,-13,0,-10,-4,-12,-4,-10,-4,-7,-4,-5,-2,-2,-9,-5,-4,1,-2,0,-5,1,-4,2,-3,4,-4,3,-5,5,-5,6,-2,9,0,0,0,0,0,0,0,0,0,0,0,0,0,0,0,0,0,0,0,0,0,0,0,-4,-43,0,-43,3,-47,8,-49,12,-48,14,-49,14,-52,15,-52,18,-53,20,-50,21,-53,22,-55,22,-58,26,-59,29,-59,29,-61,29,-61,34,-59,36,-64,33,-58,32,-63,34,-64,40,-65,39,-65,40,-61,37,-58,40,-62,39,-60,37,-58,34,-60,37,-59,32,-61,40,-57,35,-59,32,-57,27,-57,23,-57,25,-57,18,-56,15,-58,15,-58,13,-59,9,-58,8,-60,3,-61,-2,-62,-5,-59,-1,-64,-3,-66,-9,-68,-11,-67,-9,-70,-12,-72,-13,-68,-17,-72,-17,-76,-16,-75,0,0]"
CSI_DATA,121,1a:00:00:00:00:00,-46,11,1,0,1,1,1,0,0,0,1,-96,0,11,2,1948421,0,44,0,384,0,"[0,0,0,0,0,0,0,0,0,0,0,0,0,11,0,11,0,11,0,11,0,10,0,10,0,10,0,10,0,9,0,9,0,9,0,8,0,8,0,7,0,7,0,7,0,7,0,6,1,6,0,5,0,5,0,5,0,5,0,4,0,4,0,4,0,0,0,4,0,3,0,3,0,3,-1,2,-1,2,-1,2,-1,1,-1,1,-1,1,-1,1,-1,1,-1,0,-1,0,-2,0,-1,0,-1,0,-2,-1,-1,-1,-1,-1,-1,-1,-1,-2,-1,-2,-1,-2,-1,-2,-1,-2,0,0,0,0,0,0,0,0,0,0,0,0,0,0,3,75,-2,74,4,76,3,72,3,69,-1,66,-3,66,1,61,4,62,4,56,3,59,2,57,2,55,3,52,2,54,5,50,1,46,8,46,6,42,5,39,4,39,3,39,4,36,1,35,2,34,-1,34,3,31,4,28,2,28,5,27,4,24,2,23,1,21,1,20,2,18,0,17,1,17,-7,13,-3,13,-2,10,-3,7,-1,10,-4,6,-4,4,-4,4,-3,4,-2,2,-4,-3,-4,-2,-4,0,-3,-2,-6,-3,-2,-7,-5,-9,-1,-6,0,-7,0,-10,0,0,0,0,0,0,0,0,0,0,0,0,0,0,0,0,0,0,0,0,0,0,-46,1,-46,-4,-50,-9,-49,-10,-50,-15,-48,-14,-49,-21,-51,-20,-53,-25,-53,-19,-54,-22,-58,-25,-57,-26,-56,-30,-58,-33,-59,-37,-55,-37,-62,-38,-59,-34,-53,-40,-61,-42,-61,-44,-61,-47,-61,-43,-60,-43,-59,-44,-56,-47,-54,-45,-54,-48,-56,-41,-56,-41,-55,-40,-51,-41,-54,-37,-53,-37,-55,-34,-57,-30,-57,-30,-52,-25,-57,-26,-57,-23,-58,-18,-57,-16,-61,-13,-57,-8,-63,-14,-65,-12,-61,-4,-66,-4,-66,0,-65,2,-71,8,-71,2,-69,4,-75,5,-74,5,-76,7,0,0]"
CSI_DATA,122,1a:00:00:00:00:00,-46,11,1,0,1,1,1,0,0,0,1,-96,0,11,2,1956680,0,44,0,384,0,"[0,0,0,0,0,0,0,0,0,0,0,0,-12,-4,-12,-4,-12,-4,-11,-4,-11,-4,-11,-4,-10,-4,-10,-4,-10,-4,-9,-3,-9,-4,-9,-3,-9,-3,-8,-3,-8,-3,-8,-3,-7,-2,-7,-2,-7,-2,-7,-2,-6,-3,-6,-2,-5,-2,-6,-2,-5,-2,-5,-2,0,0,-4,-2,-4,-2,-4,-2,-3,-2,-3,-2,-3,-2,-3,-2,-2,-2,-2,-2,-1,-1,-1,-1,-1,-2,-1,-2,-1,-1,0,-1,0,-1,0,-1,0,-1,0,-1,1,0,0,0,1,0,1,0,1,0,1,0,1,0,0,0,0,0,0,0,0,0,0,0,0,0,0,0,-68,-38,-63,-34,-63,-33,-62,-35,-66,-35,-61,-29,-61,-30,-58,-32,-57,-32,-55,-27,-52,-28,-50,-23,-49,-24,-46,-27,-45,-25,-45,-24,-44,-23,-43,-17,-39,-18,-36,-18,-38,-19,-35,-20,-32,-14,-29,-16,-32,-11,-29,-13,-30,-14,-28,-15,-23,-12,-21,-11,-22,-13,-20,-12,-17,-13,-13,-13,-12,-7,-14,-7,-9,-10,-10,-9,-9,-8,-8,-7,-7,-7,-7,-7,-6,-6,-3,-4,-1,-4,-1,-9,2,-8,2,-5,4,-3,6,-2,5,-2,6,0,9,0,7,2,2,2,4,2,5,4,0,0,0,0,0,0,0,0,0,0,0,0,0,0,0,0,0,0,0,0,0,0,17,-42,21,-41,26,-43,27,-41,32,-44,33,-37,38,-38,41,-39,42,-39,42,-39,42,-42,48,-38,51,-41,54,-40,56,-42,55,-35,60,-38,62,-42,58,-39,64,-36,64,-37,68,-35,65,-37,65,-36,65,-33,69,-36,65,-32,65,-34,63,-31,66,-29,62,-32,63,-32,61,-28,58,-32,57,-33,56,-37,52,-34,49,-39,47,-35,48,-42,44,-45,42,-42,40,-45,38,-50,35,-50,37,-46,34,-54,30,-50,30,-57,30,-60,29,-60,29,-65,33,-66,31,-60,28,-69,32,-72,32,-69,0,0]"
CSI_DATA,123,1a:00:00:00:00:00,-47,11,1,0,1,1,1,0,0,0,1,-96,0,11,2,1966586,0,44,0,384,0,"[0,0,0,0,0,0,0,0,0,0,0,0,-12,2,-11,2,-11,1,-11,1,-11,1,-10,1,-10,2,-9,2,-9,1,-9,1,-9,1,-8,1,-8,1,-8,1,-7,1,-7,1,-6,1,-7,1,-6,1,-6,1,-6,1,-6,1,-5,1,-5,1,-5,0,-4,1,0,0,-4,0,-4,0,-3,0,-3,0,-3,0,-3,-1,-3,0,-2,-1,-2,0,-2,0,-1,-1,-1,-1,-1,-1,-1,-1,-1,-1,-1,-1,-1,-1,0,-1,0,-1,0,-1,0,-1,1,-1,1,-1,1,-1,1,0,1,0,0,0,0,0,0,0,0,0,0,0,0,0,0,0,-70,17,-70,15,-72,16,-70,16,-65,14,-63,10,-64,16,-61,13,-55,10,-57,13,-53,13,-53,13,-50,12,-49,13,-48,11,-47,12,-44,11,-43,10,-40,10,-38,12,-36,12,-35,9,-33,12,-29,6,-29,10,-30,9,-24,5,-24,10,-28,9,-22,7,-22,5,-18,7,-15,6,-18,4,-15,4,-16,2,-13,4,-12,3,-11,4,-9,-3,-8,-1,-8,-1,-7,-2,-5,0,-3,-3,-3,-2,-1,-2,-2,-5,0,-4,3,-3,2,-2,5,-5,3,-3,8,-2,8,-3,7,-3,7,0,0,0,0,0,0,0,0,0,0,0,0,0,0,0,0,0,0,0,0,0,0,0,-3,-49,1,-52,0,-52,9,-54,11,-55,16,-54,12,-57,19,-57,19,-59,20,-57,26,-59,25,-64,28,-62,30,-62,30,-63,33,-60,34,-69,34,-64,33,-67,37,-67,37,-67,36,-65,38,-67,41,-65,45,-68,39,-64,42,-60,42,-60,37,-62,41,-62,35,-55,34,-62,33,-59,32,-62,27,-60,28,-60,24,-60,20,-57,19,-58,16,-58,13,-61,8,-58,11,-63,4,-60,1,-59,-6,-65,-5,-63,-10,-66,-9,-63,-8,-63,-14,-69,-14,-67,-14,-75,-22,-69,-20,-71,-18,-72,-19,-71,0,0]"
CSI_DATA,124,1a:00:00:00:00:00,-47,11,1,0,1,1,1,0,0,0,1,-96,0,11,2,1979464,0,44,0,384,0,"[0,0,0,0,0,0,0,0,0,0,0,0,11,0,11,0,10,1,10,0,10,1,9,0,9,0,8,0,8,0,8,0,8,0,7,0,7,0,6,0,6,0,6,0,6,0,6,0,5,0,5,0,5,0,4,0,4,0,4,0,4,0,3,0,0,0,2,0,2,0,2,0,2,-1,1,0,1,0,1,0,1,0,0,0,0,0,0,0,0,0,0,0,0,0,-1,0,-1,0,-1,0,-1,0,-1,-1,-2,-1,-2,-1,-2,0,-2,-1,-2,-1,-2,-1,-2,-2,0,0,0,0,0,0,0,0,0,0,0,0,0,0,74,8,68,8,68,4,65,5,64,6,62,6,60,8,59,6,57,7,54,5,50,2,50,5,48,6,50,-1,43,4,45,1,44,3,41,1,41,2,36,-3,35,-2,34,0,31,4,31,1,29,1,25,-1,28,-1,24,2,24,1,21,0,21,2,18,-2,19,2,16,0,14,3,12,1,11,0,11,2,7,3,5,2,10,4,0,1,7,1,0,3,1,4,-5,5,-2,1,-3,5,-5,1,-7,-1,-6,1,-5,0,-10,-1,-8,0,-8,-4,-8,-3,-7,-3,0,0,0,0,0,0,0,0,0,0,0,0,0,0,0,0,0,0,0,0,0,0,-15,46,-20,48,-23,52,-25,50,-31,47,-34,49,-34,47,-36,43,-39,51,-42,50,-46,47,-47,48,-46,48,-49,48,-51,50,-54,50,-55,48,-57,46,-57,47,-59,49,-59,46,-58,50,-63,44,-60,47,-63,45,-59,45,-58,44,-58,45,-59,45,-55,46,-55,41,-51,42,-49,44,-47,43,-50,48,-45,45,-41,46,-37,48,-35,44,-31,47,-32,48,-26,55,-27,52,-21,55,-18,52,-23,49,-18,58,-12,59,-11,62,-10,63,-7,62,-7,62,-11,67,-8,68,-5,67,-7,67,-3,72,0,0]"
CSI_DATA,125,1a:00:00:00:00:00,-47,11,1,0,1,1,1,0,0,0,1,-96,0,11,2,1986583,0,44,0,384,0,"[0,0,0,0,0,0,0,0,0,0,0,0,-5,10,-5,9,-4,9,-5,9,-4,8,-5,8,-4,8,-4,8,-4,8,-3,7,-4,7,-3,7,-3,6,-3,6,-3,5,-3,5,-3,5,-2,5,-2,4,-2,4,-2,4,-2,4,-2,4,-2,3,-2,3,-2,3,0,0,-2,2,-2,2,-1,1,-2,1,-1,1,-1,1,-1,0,-1,0,-1,0,-1,0,-1,0,-1,-1,-1,-1,-1,-1,-1,-1,-1,-1,-1,-1,-1,-1,0,-1,-1,-1,0,-2,0,-2,0,-2,0,-2,0,-2,0,-2,0,0,0,0,0,0,0,0,0,0,0,0,0,0,-32,61,-30,60,-29,60,-33,60,-28,60,-28,57,-25,52,-30,55,-22,50,-22,51,-22,47,-20,43,-20,44,-22,43,-17,43,-14,41,-19,41,-17,39,-14,37,-14,35,-15,33,-10,31,-9,28,-11,27,-11,24,-9,23,-8,25,-10,22,-10,19,-11,17,-8,15,-8,18,-6,13,-9,11,-5,11,-7,8,-8,7,-8,5,-6,5,-3,3,-6,1,-5,3,-2,2,-3,3,0,0,-6,0,-3,-2,-3,-4,-2,-5,0,-6,1,-5,0,-7,4,-9,4,-7,4,-7,8,-8,8,-10,0,0,0,0,0,0,0,0,0,0,0,0,0,0,0,0,0,0,0,0,0,0,-43,-31,-41,-40,-39,-43,-40,-47,-37,-48,-34,-52,-30,-50,-30,-55,-31,-58,-32,-57,-34,-64,-31,-64,-33,-62,-31,-65,-30,-69,-28,-73,-30,-71,-27,-69,-26,-70,-29,-73,-27,-72,-26,-78,-27,-73,-24,-74,-21,-73,-23,-72,-19,-75,-25,-72,-19,-73,-22,-71,-24,-68,-24,-65,-22,-66,-27,-65,-28,-60,-28,-56,-30,-54,-33,-51,-33,-49,-32,-53,-36,-48,-38,-44,-41,-42,-41,-41,-46,-37,-49,-33,-48,-34,-54,-29,-50,-34,-55,-30,-58,-31,-62,-29,-64,-29,-60,-28,-65,-32,-66,-31,-71,-30,0,0]"
CSI_DATA,126,1a:00:00:00:00:00,-48,11,1,0,1,1,1,0,0,0,1,-96,0,11,2,2006987,0,44,0,384,0,"[0,0,0,0,0,0,0,0,0,0,0,0,-1,11,-1,11,-1,11,-1,10,-1,10,-1,9,-1,9,-1,9,-1,8,-1,8,-1,8,-1,8,0,7,0,6,-1,6,-1,6,-1,6,-1,5,0,5,0,4,-1,4,0,4,-1,4,0,3,-1,3,-1,3,0,0,-1,3,-1,2,-1,2,-1,2,-1,1,-1,1,-1,0,-1,0,-1,0,-1,0,-1,0,-1,-1,-1,-1,-2,-1,-2,-1,-1,-1,-1,-1,-2,-2,-1,-2,-1,-2,-1,-2,-1,-2,-1,-2,0,-3,-1,-3,0,-3,0,0,0,0,0,0,0,0,0,0,0,0,0,0,-9,72,-6,68,-11,71,-8,64,-7,67,-7,63,-6,62,-2,54,-6,53,-5,48,-6,46,-4,51,-3,49,-4,47,-3,42,-2,41,-3,37,-3,35,-3,35,-1,33,-1,33,3,32,-4,31,-1,23,-2,28,-2,25,2,24,0,23,-4,19,0,18,-4,18,0,18,-3,12,-3,12,-4,9,-4,9,-5,6,-5,9,-5,7,-3,4,-6,-1,-2,2,-7,0,-6,1,-9,-2,-4,-4,-5,-3,-6,-5,-5,-2,-6,-10,-5,-9,-3,-8,-2,-11,-3,-10,-5,-8,1,-13,-1,-11,0,0,0,0,0,0,0,0,0,0,0,0,0,0,0,0,0,0,0,0,0,0,-47,-29,-48,-31,-45,-36,-45,-39,-44,-46,-41,-45,-40,-47,-38,-49,-41,-55,-42,-52,-42,-57,-42,-60,-42,-60,-38,-61,-41,-63,-40,-61,-42,-61,-39,-62,-41,-67,-38,-65,-37,-65,-42,-69,-36,-66,-38,-65,-35,-67,-41,-63,-35,-67,-38,-63,-37,-59,-37,-59,-37,-53,-37,-56,-36,-57,-37,-52,-40,-52,-39,-46,-40,-44,-43,-42,-40,-38,-45,-35,-46,-33,-49,-26,-51,-23,-53,-23,-50,-18,-55,-16,-55,-14,-57,-14,-60,-15,-62,-8,-65,-9,-66,-6,-67,-6,-66,-5,-73,-2,-74,2,-73,-2,0,0]"
CSI_DATA,127,1a:00:00:00:00:00,-49,11,1,0,1,1,1,0,0,0,1,-96,0,11,2,2026651,0,44,0,384,0,"[0,0,0,0,0,0,0,0,0,0,0,0,-6,10,-6,10,-6,10,-5,9,-5,8,-5,8,-5,8,-5,8,-4,7,-4,7,-4,7,-4,7,-3,6,-3,6,-3,5,-3,5,-2,5,-3,4,-2,4,-3,4,-2,3,-2,3,-2,3,-2,3,-2,2,-2,2,0,0,-2,2,-2,1,-1,1,-2,1,-2,0,-2,0,-1,0,-1,0,-1,0,-1,0,-1,-1,-1,-1,-1,-1,-1,-1,-1,-1,-1,-1,-1,-2,-1,-2,-1,-2,-1,-2,-1,-2,-1,-3,-1,-3,0,-3,0,-3,0,-3,0,0,0,0,0,0,0,0,0,0,0,0,0,0,-25,65,-28,69,-24,65,-23,63,-23,61,-24,57,-24,57,-27,55,-17,56,-17,53,-18,53,-19,45,-17,48,-16,42,-12,43,-12,38,-11,38,-13,32,-11,33,-7,33,-7,30,-6,27,-5,22,-6,25,-6,22,-6,20,-7,19,-5,18,-7,15,-10,13,-4,14,-9,12,-4,10,-8,8,-6,8,-8,5,-7,5,-6,2,-7,-1,-6,1,-8,2,-3,-3,-7,-1,-10,0,-8,-6,-7,-6,-9,-7,-6,-5,-4,-8,-3,-8,-6,-12,-2,-12,-4,-11,-1,-15,-4,-13,0,-13,-1,-15,0,0,0,0,0,0,0,0,0,0,0,0,0,0,0,0,0,0,0,0,0,0,-23,-51,-24,-52,-19,-57,-18,-59,-15,-60,-12,-59,-10,-61,-11,-65,-11,-62,-9,-70,-6,-72,-7,-70,-10,-75,-6,-70,-6,-71,-4,-79,-5,-74,-6,-77,-9,-75,-3,-80,-5,-76,-7,-77,-5,-78,-3,-76,-2,-74,-4,-73,-6,-71,-8,-69,-9,-67,-15,-68,-16,-65,-16,-63,-15,-64,-17,-62,-14,-61,-22,-55,-27,-56,-31,-52,-25,-47,-34,-44,-30,-43,-37,-43,-43,-36,-42,-40,-43,-39,-45,-29,-46,-29,-52,-29,-54,-30,-63,-28,-61,-28,-67,-21,-66,-26,-67,-20,-71,-24,-72,-24,-72,-24,0,0]"
CSI_DATA,128,1a:00:00:00:00:00,-48,11,1,0,1,1,1,0,0,0,1,-96,0,11,2,2036755,0,44,0,384,0,"[0,0,0,0,0,0,0,0,0,0,0,0,-3,11,-3,11,-3,10,-3,10,-3,9,-3,9,-3,9,-3,8,-2,8,-2,7,-2,7,-2,7,-2,6,-2,6,-2,6,-2,5,-2,5,-1,4,-1,4,-1,4,-1,3,-1,3,-1,3,-1,3,-1,2,-1,2,0,0,-2,2,-2,1,-1,1,-1,1,-1,0,-1,0,-1,0,-1,0,-1,0,-1,0,-1,-1,-1,-1,-1,-1,-1,-2,-1,-1,-1,-2,-1,-2,-1,-2,-1,-2,-1,-2,-1,-2,-1,-3,-1,-3,0,-3,0,-3,0,-3,0,0,0,0,0,0,0,0,0,0,0,0,0,0,-29,70,-30,67,-30,65,-27,66,-31,62,-31,60,-23,55,-29,56,-26,53,-21,50,-21,44,-18,44,-19,47,-18,41,-14,41,-17,39,-17,33,-16,36,-14,31,-13,31,-12,29,-8,25,-13,26,-12,22,-11,17,-10,16,-6,21,-7,17,-8,16,-11,15,-9,10,-5,10,-10,12,-10,9,-6,6,-10,3,-7,3,-5,0,-4,3,-2,-2,0,-5,-6,-5,-1,-6,-4,-5,-2,-7,0,-7,-2,-8,-4,-10,-2,-6,-3,-8,-1,-12,-2,-12,-1,-11,0,-13,1,-11,4,-11,6,-15,0,0,0,0,0,0,0,0,0,0,0,0,0,0,0,0,0,0,0,0,0,0,-36,-47,-35,-49,-29,-55,-29,-53,-28,-58,-24,-59,-25,-58,-22,-63,-20,-66,-17,-67,-19,-67,-15,-68,-21,-71,-15,-71,-16,-72,-18,-73,-15,-73,-15,-75,-13,-76,-13,-76,-14,-70,-14,-79,-12,-75,-12,-78,-11,-72,-12,-75,-13,-73,-14,-72,-14,-68,-18,-67,-20,-61,-18,-62,-20,-61,-22,-61,-22,-58,-26,-53,-27,-56,-31,-49,-32,-48,-33,-46,-38,-48,-40,-40,-42,-40,-50,-40,-44,-34,-47,-34,-51,-30,-56,-29,-57,-28,-63,-32,-59,-23,-69,-27,-69,-25,-68,-28,-69,-29,-73,-32,-73,-30,0,0]"
CSI_DATA,129,1a:00:00:00:00:00,-48,11,1,0,1,1,1,0,0,0,1,-96,0,11,2,2046992,0,44,0,384,0,"[0,0,0,0,0,0,0,0,0,0,0,0,10,-5,10,-5,10,-5,10,-4,9,-4,8,-5,8,-4,8,-4,7,-4,7,-4,7,-4,6,-4,6,-4,5,-3,5,-3,5,-3,4,-3,4,-3,3,-3,3,-3,3,-3,3,-2,3,-2,3,-2,2,-2,2,-2,0,0,1,-1,1,-1,1,-1,1,-1,1,0,1,0,0,0,1,0,0,0,0,0,-1,0,0,0,0,0,-1,0,-1,0,-1,1,-1,1,-1,1,-1,1,-1,1,-1,1,-2,1,-2,1,-2,1,-2,1,-2,1,0,0,0,0,0,0,0,0,0,0,0,0,0,0,73,-25,67,-26,72,-29,68,-28,65,-20,61,-24,55,-19,62,-18,55,-21,51,-19,46,-19,45,-18,44,-18,42,-15,39,-14,38,-15,39,-18,32,-17,31,-15,28,-12,30,-13,26,-11,24,-14,21,-11,22,-11,20,-10,17,-8,13,-9,12,-8,14,-4,13,-5,15,-4,13,-1,10,-1,4,-3,5,-2,6,0,3,0,3,2,3,1,-3,3,-3,4,1,1,2,2,-1,11,-4,3,1,4,-4,3,-8,8,-4,8,-9,10,-11,7,-9,6,-7,7,-6,7,-10,2,-12,4,0,0,0,0,0,0,0,0,0,0,0,0,0,0,0,0,0,0,0,0,0,0,-8,53,-12,57,-16,54,-21,61,-23,56,-24,58,-26,61,-29,57,-30,59,-29,57,-31,60,-39,62,-37,62,-40,61,-42,63,-40,58,-41,68,-39,59,-45,63,-40,62,-40,64,-44,62,-41,58,-47,61,-44,61,-40,61,-42,59,-44,60,-34,59,-37,61,-33,53,-35,61,-27,57,-28,59,-24,57,-19,55,-15,58,-15,60,-13,53,-11,55,-7,60,2,56,-1,54,9,57,12,57,9,59,12,59,21,60,24,61,26,61,27,65,27,68,29,65,29,68,29,71,32,70,27,74,0,0]"
CSI_DATA,130,1a:00:00:00:00:00,-48,11,1,0,1,1,1,0,0,0,1,-96,0,11,2,2076966,0,44,0,384,0,"[0,0,0,0,0,0,0,0,0,0,0,0,11,0,10,0,11,0,10,0,10,0,9,0,8,0,8,0,7,0,7,0,7,0,7,0,6,0,6,0,5,0,5,-1,5,-1,4,0,4,-1,4,-1,4,0,3,-1,3,0,3,-1,2,-1,2,-1,0,0,1,0,1,0,1,0,1,0,1,0,0,0,0,0,0,0,0,0,-1,0,-1,0,-1,0,-1,0,-1,0,-1,0,-2,0,-1,0,-2,0,-2,0,-2,0,-2,0,-2,0,-2,-1,-2,-1,-3,-1,-2,-1,0,0,0,0,0,0,0,0,0,0,0,0,0,0,75,0,69,4,71,4,68,3,64,6,59,7,59,2,60,1,56,4,57,4,51,4,48,4,48,5,45,0,40,0,38,-2,38,0,33,0,32,2,30,1,29,3,27,0,27,-1,22,-1,20,0,18,-4,18,0,18,-1,13,3,13,0,11,-1,9,-2,6,-1,8,-3,6,2,6,4,2,-2,0,4,0,0,4,0,-1,2,-1,3,0,0,-1,2,-3,1,-4,2,-7,0,-6,2,-9,3,-8,5,-11,-1,-7,0,-14,-2,-11,-2,-12,0,-12,0,-12,-2,0,0,0,0,0,0,0,0,0,0,0,0,0,0,0,0,0,0,0,0,0,0,-18,48,-24,49,-29,49,-34,48,-35,48,-40,47,-42,45,-44,47,-43,46,-45,49,-50,47,-49,48,-51,48,-52,45,-52,49,-54,46,-58,50,-58,44,-58,47,-57,44,-58,43,-60,44,-57,43,-58,44,-57,46,-58,44,-57,47,-54,48,-53,41,-53,42,-48,42,-52,47,-45,42,-44,46,-41,47,-36,50,-33,48,-32,50,-30,49,-25,49,-22,53,-20,51,-20,56,-14,57,-14,61,-11,57,-8,57,-5,60,-3,62,-3,66,0,70,-1,73,0,74,-1,70,4,75,-1,78,5,79,0,0]"
CSI_DATA,131,1a:00:00:00:00:00,-48,11,1,0,1,1,1,0,0,0,1,-96,0,11,2,2090201,0,44,0,384,0,"[0,0,0,0,0,0,0,0,0,0,0,0,-12,2,-11,2,-11,2,-11,2,-10,2,-10,2,-9,2,-9,2,-8,2,-8,1,-8,2,-7,2,-7,1,-6,1,-6,1,-6,1,-5,1,-5,1,-5,1,-5,1,-4,0,-4,0,-4,0,-3,0,-3,0,-3,0,0,0,-2,0,-2,0,-2,-1,-1,0,-2,-1,-1,-1,-1,-1,-1,-1,0,-1,0,-1,0,-1,0,-1,0,-1,0,-1,1,-1,0,-1,1,-1,1,-1,1,-1,1,-1,1,-1,1,-1,1,-1,2,-1,1,0,2,0,0,0,0,0,0,0,0,0,0,0,0,0,0,0,-74,9,-75,15,-69,11,-72,8,-69,12,-66,6,-66,9,-60,8,-59,3,-55,5,-53,7,-52,8,-48,10,-44,6,-46,5,-41,7,-39,8,-37,7,-32,8,-33,11,-29,7,-28,4,-27,5,-22,5,-21,2,-18,3,-20,5,-17,6,-18,1,-15,2,-10,1,-11,-3,-9,1,-7,-1,-3,-2,-6,4,-3,-3,-5,-1,-3,1,-2,-2,3,-6,1,-3,0,0,2,-3,6,-4,4,-3,4,-3,4,-2,6,-4,8,-5,7,-5,10,-3,10,-1,10,-3,11,2,12,3,12,1,0,0,0,0,0,0,0,0,0,0,0,0,0,0,0,0,0,0,0,0,0,0,14,-53,20,-51,24,-55,27,-56,33,-54,31,-53,36,-52,39,-52,42,-52,37,-56,41,-53,43,-57,45,-56,46,-58,49,-52,50,-59,47,-56,55,-53,46,-55,55,-52,51,-53,55,-52,53,-53,49,-55,52,-52,47,-56,49,-52,46,-51,44,-52,46,-55,41,-55,36,-56,37,-54,37,-51,33,-55,31,-48,26,-56,23,-52,17,-56,19,-56,14,-57,12,-57,9,-60,5,-65,2,-60,-2,-55,-1,-64,-9,-65,-8,-69,-11,-69,-15,-70,-14,-72,-15,-74,-17,-72,-17,-74,-21,-76,-14,-79,0,0]"
CSI_DATA,132,1a:00:00:00:00:00,-48,11,1,0,1,1,1,0,0,0,1,-96,0,11,2,2096554,0,44,0,384,0,"[0,0,0,0,0,0,0,0,0,0,0,0,-1,-12,0,-12,-1,-11,0,-11,-1,-10,0,-10,-1,-9,0,-9,0,-9,-1,-8,-1,-8,-1,-8,-1,-7,-1,-7,-1,-6,-1,-6,-1,-6,-1,-5,-1,-5,-1,-4,-1,-4,-1,-4,0,-4,-1,-3,-1,-3,-1,-3,0,0,0,-3,0,-2,0,-2,0,-1,0,-1,0,-1,0,0,0,0,0,-1,0,0,0,0,0,0,0,0,0,1,0,0,0,1,0,1,0,1,0,1,0,1,0,1,-1,1,-1,2,-1,2,-1,1,-1,1,0,0,0,0,0,0,0,0,0,0,0,0,0,0,15,-80,13,-73,13,-70,12,-76,10,-68,12,-64,10,-67,11,-59,10,-57,8,-55,6,-53,9,-51,5,-45,8,-46,6,-42,3,-40,5,-40,5,-40,2,-34,2,-32,1,-29,3,-28,3,-30,1,-23,3,-24,4,-22,-1,-23,2,-19,2,-18,1,-15,0,-13,-1,-13,3,-9,3,-6,0,-5,3,-1,3,-3,2,-1,2,0,-1,2,1,1,2,4,3,6,1,3,3,9,-1,5,3,3,1,8,0,10,-1,8,-1,9,-3,8,-1,9,1,11,-2,13,-2,10,-4,12,0,0,0,0,0,0,0,0,0,0,0,0,0,0,0,0,0,0,0,0,0,0,37,36,38,39,35,44,34,50,33,48,32,51,31,53,29,54,30,55,26,59,31,62,31,61,31,61,27,65,26,67,27,68,28,71,26,68,30,69,23,69,25,70,25,73,24,68,29,67,25,67,31,64,26,65,29,65,30,58,31,60,29,58,32,57,30,55,33,49,36,52,34,46,39,44,40,41,42,39,45,35,43,36,48,29,50,31,53,24,54,19,54,24,56,20,64,16,64,12,64,13,67,10,72,9,73,6,74,12,72,7,78,8,80,12,0,0]"
CSI_DATA,133,1a:00:00:00:00:00,-48,11,1,0,1,1,1,0,0,0,1,-96,0,11,2,2106993,0,44,0,384,0,"[0,0,0,0,0,0,0,0,0,0,0,0,-12,2,-11,2,-12,2,-11,2,-11,2,-10,1,-10,2,-9,2,-9,2,-8,1,-8,2,-8,1,-7,1,-7,1,-6,1,-6,1,-5,1,-6,1,-5,1,-5,1,-4,0,-4,0,-4,1,-4,0,-3,0,-3,0,0,0,-2,0,-2,0,-2,-1,-1,0,-1,-1,-1,-1,-1,-1,-1,-1,0,-1,0,-1,0,-1,0,-1,0,-1,0,-1,0,-1,0,-1,0,-1,1,-1,1,-1,1,-1,1,-1,1,-1,1,-1,1,-1,1,-1,2,0,0,0,0,0,0,0,0,0,0,0,0,0,0,0,-72,22,-69,24,-68,24,-71,19,-65,23,-63,17,-62,21,-61,15,-58,18,-52,20,-50,16,-50,16,-48,12,-46,16,-42,15,-41,11,-36,14,-33,15,-34,13,-32,13,-26,11,-29,10,-27,11,-18,10,-24,8,-22,12,-16,7,-17,5,-14,4,-14,3,-12,5,-14,3,-11,-1,-7,0,-7,-1,-3,-3,-2,-3,-1,-2,0,-2,-2,-4,1,-2,1,-2,1,-3,4,1,4,-2,5,-3,4,-7,4,-4,4,-3,6,-7,8,-6,11,-5,7,-4,13,-4,12,-4,8,-3,10,-4,0,0,0,0,0,0,0,0,0,0,0,0,0,0,0,0,0,0,0,0,0,0,14,-51,18,-50,21,-52,26,-54,31,-53,32,-51,35,-50,36,-53,37,-50,37,-50,44,-54,40,-51,45,-57,46,-58,47,-53,45,-56,49,-59,51,-59,51,-57,51,-56,51,-57,51,-56,49,-55,49,-57,49,-54,47,-54,47,-56,41,-53,42,-55,43,-57,35,-51,38,-59,35,-55,33,-53,28,-59,28,-57,21,-56,19,-58,16,-55,12,-57,9,-57,3,-60,3,-56,-2,-61,-5,-57,-8,-67,-11,-65,-13,-62,-17,-64,-14,-68,-20,-67,-22,-67,-25,-72,-24,-69,-31,-73,-27,-76,-26,-77,0,0]"
CSI_DATA,134,1a:00:00:00:00:00,-48,11,1,0,1,1,1,0,0,0,1,-96,0,11,2,2116611,0,44,0,384,0,"[0,0,0,0,0,0,0,0,0,0,0,0,9,-8,9,-7,8,-7,8,-6,8,-7,7,-6,7,-6,6,-6,6,-6,6,-5,6,-5,5,-5,5,-5,4,-4,4,-4,4,-4,3,-4,3,-4,3,-3,3,-3,3,-3,2,-3,2,-3,2,-2,2,-2,1,-2,0,0,1,-2,1,-1,1,-1,0,-1,0,-1,0,-1,0,-1,0,0,0,-1,-1,0,-1,0,-1,0,-1,0,-1,0,-1,0,-1,0,-1,1,-2,0,-1,0,-1,1,-2,1,-2,1,-2,1,-2,1,-2,0,-2,0,0,0,0,0,0,0,0,0,0,0,0,0,0,0,63,-47,60,-44,56,-46,58,-41,52,-42,50,-39,51,-39,50,-36,43,-36,44,-38,39,-35,37,-30,39,-32,36,-27,33,-30,32,-27,29,-27,28,-25,25,-23,25,-23,24,-24,21,-17,20,-18,21,-18,16,-13,13,-12,12,-13,12,-14,14,-12,10,-8,8,-11,10,-7,5,-3,6,-6,6,-1,3,-6,3,-4,3,1,1,-2,0,1,1,5,-2,3,1,1,-2,4,-2,2,-3,8,-3,5,-5,7,-2,6,-5,9,-8,6,-8,5,-8,9,-7,8,-9,7,-11,6,-11,8,0,0,0,0,0,0,0,0,0,0,0,0,0,0,0,0,0,0,0,0,0,0,9,52,1,57,2,60,-5,61,-9,58,-4,58,-12,62,-12,58,-14,64,-14,65,-17,64,-21,70,-19,69,-22,71,-20,71,-26,66,-26,75,-26,68,-26,71,-26,70,-20,68,-23,72,-23,71,-28,66,-27,69,-21,65,-24,66,-23,69,-22,64,-18,66,-17,62,-14,63,-10,62,-12,62,-9,61,-3,59,-1,59,0,61,8,55,10,59,12,58,17,54,15,54,20,60,23,51,27,49,30,52,37,53,37,54,37,53,38,53,47,55,45,57,48,55,44,57,50,54,53,59,0,0]"
CSI_DATA,135,1a:00:00:00:00:00,-48,11,1,0,1,1,1,0,0,0,1,-96,0,11,2,2126585,0,44,0,384,0,"[0,0,0,0,0,0,0,0,0,0,0,0,4,10,3,9,4,9,3,9,3,9,3,8,3,8,3,7,3,7,3,7,2,6,2,6,2,6,2,5,2,5,2,5,2,4,1,4,1,4,1,3,1,3,1,3,0,3,1,2,1,2,0,2,0,0,0,2,0,1,0,1,-1,1,0,1,-1,0,-1,0,-1,0,-1,0,-1,0,-1,0,-1,-1,-1,-1,-1,-1,-1,-1,-1,-1,-1,-1,-1,-1,-1,-2,-1,-2,-1,-2,-1,-2,-1,-2,-1,-2,-1,-2,-1,-2,0,0,0,0,0,0,0,0,0,0,0,0,0,0,20,69,16,70,22,68,19,66,15,64,14,60,14,58,16,57,13,55,12,51,13,47,12,50,11,47,12,43,11,40,11,38,15,37,9,35,9,36,11,31,9,30,7,27,5,24,6,25,6,19,2,19,3,17,4,18,3,17,2,12,1,10,0,13,-2,9,0,10,0,2,-3,6,1,4,1,1,0,1,-3,-2,-1,1,-4,1,-3,-1,-2,-4,-2,-3,-4,1,-3,-6,-4,-1,-1,-5,-3,-6,-2,-7,-5,-10,-4,-8,-2,-6,0,-11,-3,-10,2,-13,0,0,0,0,0,0,0,0,0,0,0,0,0,0,0,0,0,0,0,0,0,0,-55,0,-61,-3,-60,-12,-60,-15,-61,-15,-61,-17,-62,-19,-61,-24,-62,-27,-63,-28,-62,-27,-65,-33,-65,-30,-67,-36,-68,-34,-62,-38,-69,-37,-65,-39,-65,-38,-69,-40,-64,-41,-65,-41,-63,-40,-63,-41,-64,-38,-64,-38,-64,-40,-64,-41,-62,-33,-61,-33,-59,-30,-60,-30,-58,-29,-60,-27,-60,-23,-60,-21,-58,-20,-58,-13,-59,-14,-60,-8,-60,-9,-59,0,-59,2,-57,1,-58,6,-64,10,-63,13,-62,14,-64,19,-62,20,-62,22,-69,25,-67,27,-67,23,-72,27,-72,24,-71,28,0,0]"
CSI_DATA,136,1a:00:00:00:00:00,-49,11,1,0,1,1,1,0,0,0,1,-96,0,11,2,2136742,0,44,0,384,0,"[0,0,0,0,0,0,0,0,0,0,0,0,-11,5,-11,5,-10,4,-10,4,-9,4,-9,4,-8,4,-8,4,-8,4,-7,3,-7,3,-7,4,-6,3,-6,3,-6,2,-5,3,-5,2,-4,2,-4,2,-4,2,-4,1,-4,1,-3,1,-3,1,-3,1,-2,1,0,0,-2,0,-2,0,-2,-1,-2,0,-2,-1,-2,-1,-1,-1,-1,-1,-1,-1,0,-1,0,-1,-1,-1,-1,-1,0,-1,0,-2,0,-2,0,-2,0,-2,0,-2,1,-2,1,-2,0,-2,1,-2,1,-2,1,-1,1,-1,0,0,0,0,0,0,0,0,0,0,0,0,0,0,-68,16,-67,13,-65,17,-60,16,-63,13,-58,13,-58,13,-54,11,-53,10,-50,12,-49,13,-44,12,-42,10,-39,10,-37,8,-41,13,-35,7,-31,6,-29,12,-30,9,-29,8,-27,7,-23,9,-22,10,-20,4,-20,4,-18,2,-15,7,-13,2,-14,1,-10,0,-12,-1,-10,0,-12,-2,-6,-7,-6,-4,-3,-6,-3,-2,2,-2,-3,-5,-1,-2,2,-4,3,-3,0,0,6,-8,4,-8,2,-5,4,-5,4,-6,6,-3,7,-6,8,-4,5,-5,7,-3,13,-5,10,-3,9,-1,0,0,0,0,0,0,0,0,0,0,0,0,0,0,0,0,0,0,0,0,0,0,15,-48,22,-52,23,-52,31,-52,30,-51,35,-51,34,-53,38,-50,39,-56,43,-50,47,-50,46,-55,48,-55,47,-57,47,-55,51,-58,52,-55,54,-55,51,-56,53,-55,54,-55,53,-57,55,-55,56,-54,54,-51,48,-53,51,-51,47,-53,47,-54,48,-50,43,-51,41,-53,37,-53,35,-52,35,-55,30,-53,24,-54,22,-53,19,-55,15,-54,13,-55,9,-57,7,-56,1,-59,0,-57,-1,-54,-4,-57,-10,-61,-11,-61,-14,-65,-12,-62,-19,-68,-16,-66,-21,-69,-23,-72,-16,-70,-22,-75,0,0]"
CSI_DATA,137,1a:00:00:00:00:00,-49,11,1,0,1,1,1,0,0,0,1,-96,0,11,2,2156562,0,44,0,384,0,"[0,0,0,0,0,0,0,0,0,0,0,0,-6,8,-6,8,-5,7,-5,7,-5,7,-5,7,-4,6,-4,6,-4,6,-4,5,-4,5,-3,5,-3,4,-3,4,-3,4,-3,4,-2,3,-3,3,-2,3,-2,2,-2,2,-2,2,-2,2,-2,1,-2,1,-2,1,0,0,-2,0,-2,0,-2,-1,-1,0,-2,-1,-2,-1,-1,-1,-1,-2,-1,-1,-1,-2,-1,-2,-1,-2,-1,-2,-1,-2,-1,-2,-1,-2,-1,-3,0,-2,-1,-2,0,-3,0,-3,0,-3,0,-3,0,-3,0,-2,1,-2,0,0,0,0,0,0,0,0,0,0,0,0,0,0,-37,57,-35,54,-32,50,-37,49,-34,48,-34,47,-31,43,-28,45,-30,43,-23,41,-23,35,-22,38,-20,34,-19,32,-19,31,-18,30,-17,32,-13,29,-14,26,-14,21,-14,23,-11,21,-12,16,-13,17,-9,15,-10,14,-12,14,-9,6,-11,11,-9,7,-5,5,-10,5,-7,0,-10,0,-8,-2,-5,-3,-7,-2,-5,-5,-6,-5,-2,-6,1,-6,-3,-10,-5,-10,-7,-9,-2,-13,-3,-9,-1,-12,-2,-15,0,-11,1,-13,0,-12,6,-16,2,-14,3,-13,6,-13,7,-15,6,-13,0,0,0,0,0,0,0,0,0,0,0,0,0,0,0,0,0,0,0,0,0,0,-23,-51,-19,-54,-20,-59,-16,-60,-11,-62,-6,-62,-7,-66,-6,-66,-7,-67,-6,-70,-1,-73,-2,-75,-4,-75,0,-76,2,-75,2,-77,2,-78,1,-82,-2,-78,1,-76,0,-79,2,-81,0,-78,4,-76,-2,-78,-3,-79,3,-74,-3,-73,3,-74,-3,-71,-8,-70,-8,-70,-9,-67,-15,-66,-16,-62,-18,-62,-20,-59,-22,-59,-25,-55,-30,-52,-31,-56,-33,-51,-36,-48,-41,-45,-37,-44,-46,-46,-48,-40,-49,-38,-53,-43,-54,-41,-55,-40,-57,-41,-57,-37,-60,-39,-62,-37,-61,-38,-60,-38,0,0]"
CSI_DATA,138,1a:00:00:00:00:00,-49,11,1,0,1,1,1,0,0,0,1,-96,0,11,2,2166580,0,44,0,384,0,"[0,0,0,0,0,0,0,0,0,0,0,0,4,-9,4,-9,3,-8,3,-8,3,-8,3,-7,2,-7,2,-7,2,-7,2,-6,2,-6,1,-6,2,-5,1,-5,1,-4,1,-5,1,-4,1,-4,1,-3,1,-3,1,-3,1,-3,1,-3,1,-2,1,-2,1,-2,0,0,1,-1,1,-1,1,0,1,0,1,0,1,0,1,1,1,0,1,1,0,1,0,1,1,1,1,1,0,2,0,1,0,2,1,2,0,1,0,1,0,2,0,2,0,2,-1,2,-1,2,-1,2,-1,2,0,0,0,0,0,0,0,0,0,0,0,0,0,0,29,-58,25,-56,26,-56,25,-54,24,-50,22,-50,21,-48,19,-45,16,-42,16,-41,15,-40,12,-38,10,-37,13,-34,12,-37,9,-33,7,-31,8,-28,12,-26,5,-25,7,-22,7,-20,4,-18,7,-17,4,-15,7,-15,3,-11,4,-10,8,-8,5,-9,5,-7,6,-4,5,-3,6,1,9,0,5,1,7,1,3,7,5,6,5,7,6,6,6,8,7,6,7,8,7,7,5,9,5,10,5,13,3,12,6,13,2,14,4,17,1,13,0,14,2,13,0,14,-5,14,0,0,0,0,0,0,0,0,0,0,0,0,0,0,0,0,0,0,0,0,0,0,17,49,13,58,12,57,11,62,3,59,5,63,1,63,4,66,1,67,-1,66,-1,72,-2,72,-2,77,0,77,-2,75,-6,76,-6,75,-3,79,-4,77,-5,80,-2,80,-3,82,-3,78,-3,76,-3,77,4,74,1,72,-2,74,6,73,4,70,11,67,7,65,9,66,12,68,15,66,17,62,23,56,20,58,25,54,29,51,31,48,33,45,37,45,40,43,39,41,43,44,43,35,51,34,50,37,51,32,54,33,53,32,58,33,56,28,61,31,61,29,64,32,0,0]"
CSI_DATA,139,1a:00:00:00:00:00,-49,11,1,0,1,1,1,0,0,0,1,-96,0,11,2,2176570,0,44,0,384,0,"[0,0,0,0,0,0,0,0,0,0,0,0,0,8,0,8,0,8,0,7,0,7,0,7,0,6,0,6,0,6,1,5,0,5,0,5,1,4,0,4,0,4,0,4,0,3,0,3,0,2,0,2,0,2,0,2,-1,2,0,1,-1,1,-1,1,0,0,-2,1,-1,0,-1,0,-2,0,-2,-1,-2,-1,-2,-1,-2,-1,-2,-1,-2,-1,-2,-1,-2,-2,-2,-1,-2,-2,-3,-2,-2,-2,-2,-2,-2,-2,-2,-2,-2,-2,-2,-2,-2,-3,-2,-3,-2,-3,-2,-3,-1,-3,0,0,0,0,0,0,0,0,0,0,0,0,0,0,-16,65,-15,59,-13,60,-10,56,-9,55,-12,58,-5,49,-9,45,-7,42,-7,44,-1,40,-4,42,-4,36,-4,34,0,34,1,32,-1,33,-1,31,0,28,1,23,1,23,-3,21,-1,19,-3,18,-3,18,-4,14,-3,13,-2,13,-6,11,-4,8,-8,8,-6,3,-10,6,-7,5,-10,2,-15,-1,-11,0,-11,-4,-9,-2,-10,-7,-9,-10,-11,-1,-9,-7,-12,-6,-6,-7,-13,-11,-11,-10,-11,-9,-12,-12,-11,-16,-8,-14,-13,-11,-12,-14,-8,-15,-7,-16,-6,-15,-6,-13,0,0,0,0,0,0,0,0,0,0,0,0,0,0,0,0,0,0,0,0,0,0,-30,-54,-28,-51,-13,-50,-1,-59,19,-60,-10,-60,-2,-77,5,-68,5,-73,-3,-73,-2,-69,-7,-70,-7,-69,3,-61,25,-70,21,-78,9,-98,4,-65,-23,-115,-14,-74,8,-101,6,-98,-11,-73,-19,-94,-5,-79,-4,-78,-3,-82,-3,-90,-4,-66,-23,-105,6,-60,-40,-47,-29,-59,-19,-81,-46,-80,-30,-60,-24,-65,-36,-55,-36,-53,-39,-50,-39,-54,-43,-42,-45,-46,-44,-41,-49,-40,-47,-32,-56,-31,-52,-31,-61,-24,-56,-27,-59,-24,-65,-26,-66,-25,-63,-19,-65,-15,-70,-22,-66,-21,0,0]"
CSI_DATA,140,1a:00:00:00:00:00,-50,11,1,0,1,1,1,0,0,0,1,-96,0,11,2,2186986,0,44,0,384,0,"[0,0,0,0,0,0,0,0,0,0,0,0,3,-9,2,-8,2,-8,2,-8,2,-8,2,-7,1,-7,1,-7,1,-7,1,-6,1,-6,0,-6,0,-5,0,-5,0,-5,0,-5,0,-4,0,-4,0,-3,0,-3,0,-3,0,-3,0,-3,0,-2,0,-2,0,-2,0,0,1,-2,1,-1,1,-1,1,-1,1,0,1,0,1,0,1,0,1,0,1,0,1,0,1,1,2,1,1,1,1,1,1,1,1,2,1,1,1,1,1,1,1,1,1,2,1,2,1,2,1,2,0,2,0,0,0,0,0,0,0,0,0,0,0,0,0,0,31,-47,36,-48,33,-48,32,-48,29,-44,27,-44,27,-39,22,-38,17,-38,20,-36,18,-35,16,-33,11,-31,13,-31,13,-27,10,-30,10,-29,9,-26,8,-23,8,-22,6,-23,8,-21,5,-19,8,-16,7,-13,6,-13,5,-12,7,-10,7,-9,6,-7,6,-4,5,-5,6,-3,7,-3,6,1,11,2,8,4,10,3,9,5,9,7,8,6,6,5,9,6,9,8,8,9,4,8,8,9,12,12,8,16,9,13,7,12,6,15,7,14,5,14,9,14,4,16,3,17,0,0,0,0,0,0,0,0,0,0,0,0,0,0,0,0,0,0,0,0,0,0,-16,54,-22,55,-27,54,-31,56,-29,54,-32,54,-34,56,-36,51,-38,59,-35,57,-38,58,-44,61,-39,62,-45,64,-43,65,-42,60,-41,70,-44,69,-44,67,-42,66,-43,66,-42,72,-42,64,-42,69,-42,67,-36,68,-35,68,-36,70,-31,64,-28,66,-24,65,-24,66,-17,64,-18,64,-14,65,-10,64,-9,60,-2,59,-1,59,1,59,9,58,12,57,11,56,15,53,18,55,25,47,23,49,31,48,35,45,34,48,37,42,37,44,44,45,42,40,43,41,47,43,48,42,0,0]"
CSI_DATA,141,1a:00:00:00:00:00,-49,11,1,0,1,1,1,0,0,0,1,-96,0,11,2,2196576,0,44,0,384,0,"[0,0,0,0,0,0,0,0,0,0,0,0,7,4,7,3,6,3,7,3,6,3,6,3,6,2,5,2,5,2,5,2,5,1,4,1,4,1,4,1,3,1,3,1,3,1,3,1,2,1,2,1,2,1,2,0,1,0,1,0,1,1,1,1,0,0,0,1,0,1,0,1,0,1,-1,1,-1,1,-1,1,-1,1,-2,1,-2,1,-2,1,-2,1,-2,1,-2,1,-2,1,-2,1,-2,1,-2,1,-2,1,-3,1,-3,1,-3,1,-3,1,-3,1,-3,0,-3,0,0,0,0,0,0,0,0,0,0,0,0,0,0,0,46,32,47,28,47,25,46,26,44,24,44,20,42,21,38,21,40,18,35,17,32,16,32,11,35,14,30,12,30,12,27,9,25,10,25,10,21,7,21,7,22,6,21,6,17,6,15,5,14,6,11,6,11,7,9,3,9,6,6,8,5,7,6,11,4,5,4,6,1,10,-2,10,-3,11,-4,10,-3,7,-4,10,-3,11,-10,10,-7,8,-6,12,-9,9,-8,11,-8,9,-10,10,-9,10,-8,8,-11,8,-13,5,-16,8,-13,11,-15,8,-13,6,-15,6,0,0,0,0,0,0,0,0,0,0,0,0,0,0,0,0,0,0,0,0,0,0,-56,-12,-56,-15,-57,-16,-59,-22,-59,-25,-58,-28,-58,-25,-62,-31,-60,-32,-64,-30,-65,-30,-67,-32,-70,-30,-68,-32,-68,-36,-69,-34,-76,-34,-74,-38,-73,-33,-71,-38,-72,-37,-77,-35,-77,-32,-73,-32,-77,-30,-75,-28,-73,-28,-77,-29,-70,-27,-73,-22,-69,-17,-71,-16,-67,-14,-68,-13,-66,-9,-64,-7,-64,-1,-61,6,-57,5,-57,13,-61,11,-56,15,-56,17,-56,21,-53,25,-54,28,-48,28,-46,33,-46,38,-45,37,-36,41,-42,45,-41,48,-41,44,-35,44,-37,45,-37,47,0,0]"
CSI_DATA,142,1a:00:00:00:00:00,-49,11,1,0,1,1,1,0,0,0,1,-96,0,11,2,2216629,0,44,0,384,0,"[0,0,0,0,0,0,0,0,0,0,0,0,3,7,4,7,3,6,3,6,3,5,3,5,3,5,3,4,3,4,3,3,3,3,2,3,2,3,2,2,2,2,2,2,2,2,1,2,1,2,1,2,1,2,0,2,1,1,0,2,0,1,0,1,0,0,-1,1,-1,1,-1,1,-1,1,-1,1,-2,1,-2,1,-2,1,-2,1,-2,1,-3,1,-3,1,-3,1,-3,1,-3,1,-3,1,-3,1,-3,1,-3,1,-3,1,-3,0,-3,1,-3,0,-3,0,-3,0,-3,0,0,0,0,0,0,0,0,0,0,0,0,0,0,0,16,56,16,51,21,53,20,48,16,49,14,43,13,41,15,38,17,33,18,30,16,31,15,30,19,31,15,27,15,25,15,23,11,21,12,23,11,19,12,16,10,17,11,16,8,15,5,15,3,13,3,11,4,10,2,10,0,12,-2,11,-1,10,-5,9,-3,9,-6,10,-7,9,-10,10,-8,9,-11,10,-10,8,-12,12,-10,7,-10,7,-16,7,-16,12,-15,8,-13,7,-16,8,-18,8,-16,3,-18,4,-17,5,-19,4,-16,6,-21,4,-18,3,-16,2,-17,2,0,0,0,0,0,0,0,0,0,0,0,0,0,0,0,0,0,0,0,0,0,0,-28,-50,-27,-54,-23,-59,-20,-62,-18,-60,-16,-63,-16,-63,-17,-66,-17,-69,-20,-66,-20,-69,-20,-72,-25,-73,-24,-78,-25,-77,-22,-75,-24,-81,-26,-77,-25,-78,-23,-77,-25,-78,-29,-83,-30,-77,-29,-75,-32,-77,-33,-74,-37,-72,-34,-72,-38,-67,-39,-65,-39,-62,-42,-60,-42,-58,-45,-59,-48,-54,-49,-50,-51,-43,-51,-40,-51,-35,-53,-35,-55,-34,-53,-25,-58,-24,-59,-18,-57,-15,-60,-14,-58,-10,-60,-8,-62,-6,-59,-1,-62,2,-61,6,-63,7,-58,8,-60,12,-66,10,-61,15,0,0]"
CSI_DATA,143,1a:00:00:00:00:00,-49,11,1,0,1,1,1,0,0,0,1,-96,0,11,2,2226980,0,44,0,384,0,"[0,0,0,0,0,0,0,0,0,0,0,0,-9,2,-9,2,-8,2,-8,2,-8,2,-7,2,-6,2,-6,2,-6,2,-6,2,-5,2,-5,2,-5,2,-5,2,-4,1,-4,1,-3,1,-3,1,-3,1,-3,1,-3,0,-3,0,-3,0,-3,0,-3,0,-3,-1,0,0,-2,-1,-3,-1,-2,-1,-2,-2,-3,-2,-2,-2,-2,-2,-2,-2,-2,-3,-2,-3,-2,-3,-2,-3,-2,-3,-2,-3,-2,-3,-2,-3,-2,-3,-2,-3,-2,-3,-2,-3,-2,-3,-2,-4,-2,-4,-2,-3,-1,-4,-1,-3,0,0,0,0,0,0,0,0,0,0,0,0,0,0,-57,-2,-54,0,-53,3,-54,1,-48,6,-48,7,-44,4,-42,4,-38,5,-37,10,-38,9,-31,10,-33,10,-29,7,-30,7,-26,8,-24,9,-23,7,-20,10,-20,5,-16,9,-19,6,-15,7,-17,6,-10,4,-12,2,-14,1,-13,2,-12,0,-14,-2,-10,-2,-13,-4,-12,-4,-10,-5,-6,-9,-8,-7,-12,-8,-11,-9,-11,-9,-12,-13,-10,-14,-8,-13,-9,-16,-10,-12,-11,-13,-10,-14,-11,-17,-9,-17,-9,-15,-5,-17,-9,-16,-8,-15,-11,-19,-7,-16,-5,-21,-6,-18,-7,-16,0,0,0,0,0,0,0,0,0,0,0,0,0,0,0,0,0,0,0,0,0,0,51,9,55,14,54,14,59,19,57,24,58,20,59,19,61,22,63,21,63,22,66,23,66,24,70,22,69,24,75,21,70,20,75,19,72,17,73,16,81,13,77,16,82,13,80,13,78,12,80,13,80,7,79,4,77,2,73,-2,74,-6,69,-9,74,-10,69,-14,66,-18,66,-22,61,-24,63,-25,57,-26,52,-34,52,-35,47,-40,45,-43,41,-45,39,-44,34,-47,31,-52,27,-50,27,-56,22,-55,20,-52,17,-56,15,-57,14,-61,9,-59,6,-61,8,-63,5,-66,0,0]"
CSI_DATA,144,1a:00:00:00:00:00,-48,11,1,0,1,1,1,0,0,0,1,-96,0,11,2,2236634,0,44,0,384,0,"[0,0,0,0,0,0,0,0,0,0,0,0,8,3,7,3,8,3,7,2,7,2,7,2,6,2,6,1,5,1,5,1,5,1,5,1,4,0,4,0,4,0,4,0,4,0,3,0,3,0,3,0,3,0,2,0,2,1,2,1,2,0,2,1,0,0,2,1,2,1,1,2,1,2,1,2,1,2,1,2,1,2,1,2,1,2,0,3,0,2,0,2,0,2,0,3,0,3,0,3,0,3,0,3,0,3,0,3,0,3,0,3,-1,3,-1,3,-1,3,0,0,0,0,0,0,0,0,0,0,0,0,0,0,47,32,43,34,45,27,47,28,45,29,40,21,42,21,38,22,38,18,36,17,34,15,33,13,34,14,30,10,31,7,30,10,27,8,24,6,22,6,23,7,20,5,20,6,17,6,16,6,15,6,17,6,15,7,12,10,15,7,11,8,11,7,10,9,10,10,8,10,10,9,7,12,5,15,5,16,6,17,5,17,4,15,4,16,1,19,2,16,4,17,2,18,2,16,0,19,0,18,-1,18,-2,16,-3,20,-2,17,-6,17,-4,20,-8,14,-8,17,0,0,0,0,0,0,0,0,0,0,0,0,0,0,0,0,0,0,0,0,0,0,-44,-31,-44,-35,-42,-38,-47,-42,-44,-43,-44,-46,-43,-46,-42,-47,-47,-48,-49,-47,-51,-48,-47,-52,-53,-49,-56,-52,-55,-50,-55,-52,-58,-52,-58,-50,-60,-47,-62,-52,-64,-47,-64,-49,-65,-46,-65,-48,-68,-44,-68,-41,-66,-41,-70,-37,-66,-36,-68,-32,-69,-29,-68,-26,-66,-24,-67,-20,-69,-17,-68,-12,-65,-11,-65,-4,-63,-3,-65,7,-62,6,-62,11,-58,12,-59,21,-55,21,-56,24,-56,28,-52,31,-54,36,-47,37,-48,37,-44,37,-46,42,-45,44,-45,46,-43,45,-42,50,0,0]"
CSI_DATA,145,1a:00:00:00:00:00,-48,11,1,0,1,1,1,0,0,0,1,-96,0,11,2,2247088,0,44,0,384,0,"[0,0,0,0,0,0,0,0,0,0,0,0,5,-9,5,-8,4,-8,4,-8,4,-8,3,-7,3,-8,2,-8,2,-7,2,-7,2,-7,1,-7,1,-6,1,-6,1,-5,1,-6,1,-6,1,-6,1,-5,1,-5,1,-4,1,-5,1,-5,1,-4,1,-4,1,-4,0,0,1,-4,2,-4,2,-4,2,-4,2,-3,2,-3,2,-3,2,-3,2,-3,2,-3,2,-3,3,-3,2,-3,3,-2,2,-2,2,-3,3,-3,2,-2,3,-2,3,-2,3,-2,3,-2,3,-2,3,-1,2,-1,3,-1,0,0,0,0,0,0,0,0,0,0,0,0,0,0,53,-36,49,-34,47,-42,40,-38,42,-37,37,-34,38,-34,33,-35,31,-37,28,-31,26,-34,25,-30,22,-31,23,-30,20,-29,18,-29,20,-32,15,-25,16,-28,14,-26,13,-26,14,-20,11,-23,13,-22,11,-20,12,-21,14,-21,13,-20,12,-19,14,-18,13,-17,15,-17,17,-16,16,-15,17,-14,12,-11,18,-13,16,-15,19,-12,17,-11,19,-7,19,-7,20,-8,20,-9,17,-7,19,-6,22,-4,18,-4,18,-6,19,-2,17,-3,19,-1,19,0,20,-3,16,1,18,1,20,4,0,0,0,0,0,0,0,0,0,0,0,0,0,0,0,0,0,0,0,0,0,0,-48,21,-51,19,-52,19,-58,17,-59,18,-61,16,-60,16,-61,16,-64,16,-63,17,-66,22,-68,25,-66,23,-68,24,-69,25,-68,28,-72,28,-68,30,-69,32,-69,31,-69,34,-71,37,-67,40,-69,40,-67,41,-64,43,-64,43,-65,47,-57,44,-55,48,-52,50,-49,55,-45,50,-43,52,-37,55,-36,57,-29,56,-26,58,-25,57,-20,62,-17,63,-10,63,-8,61,-3,59,-6,60,5,62,6,60,13,57,19,57,15,56,19,57,26,60,25,57,29,53,29,59,35,55,37,55,0,0]"
CSI_DATA,146,1a:00:00:00:00:00,-47,11,1,0,1,1,1,0,0,0,1,-96,0,11,2,2256728,0,44,0,384,0,"[0,0,0,0,0,0,0,0,0,0,0,0,-8,6,-8,6,-7,6,-7,6,-7,5,-6,6,-6,5,-5,5,-5,5,-5,5,-5,5,-4,5,-5,5,-5,5,-4,4,-4,5,-4,5,-4,4,-4,4,-4,4,-4,3,-4,3,-3,4,-4,3,-4,3,-3,3,0,0,-4,3,-4,2,-4,2,-4,3,-4,2,-4,2,-4,2,-4,1,-4,2,-4,1,-4,1,-4,1,-4,1,-4,1,-4,1,-4,1,-4,1,-4,0,-4,0,-4,0,-4,0,-4,0,-4,-1,-4,-1,-4,-1,-4,-1,0,0,0,0,0,0,0,0,0,0,0,0,0,0,-51,35,-52,34,-45,35,-45,37,-44,37,-42,32,-41,37,-37,35,-37,31,-33,32,-33,29,-29,30,-27,32,-27,34,-24,29,-24,32,-22,30,-22,30,-21,24,-20,29,-18,27,-17,26,-17,27,-16,26,-15,23,-15,23,-14,22,-15,23,-16,22,-20,18,-17,21,-18,22,-14,20,-19,15,-22,14,-20,14,-19,10,-20,13,-19,13,-23,11,-24,10,-20,8,-22,9,-22,11,-20,11,-20,9,-21,7,-22,7,-21,7,-20,4,-19,3,-23,1,-20,0,-20,1,-21,-2,-18,-1,-22,-2,0,0,0,0,0,0,0,0,0,0,0,0,0,0,0,0,0,0,0,0,0,0,43,-29,46,-22,52,-24,54,-20,57,-19,54,-20,55,-21,57,-24,60,-22,62,-24,61,-24,62,-24,64,-31,64,-28,64,-30,68,-32,65,-31,66,-33,66,-36,68,-32,67,-37,71,-39,68,-41,65,-42,65,-43,59,-49,62,-47,57,-42,55,-49,52,-50,49,-49,48,-53,43,-55,40,-56,35,-55,34,-55,34,-59,25,-58,22,-59,17,-60,15,-59,12,-64,8,-56,4,-64,-4,-57,-2,-61,-6,-61,-12,-61,-12,-58,-17,-61,-20,-55,-24,-59,-24,-57,-30,-56,-32,-61,-33,-55,-37,-59,0,0]"
CSI_DATA,147,1a:00:00:00:00:00,-47,11,1,0,1,1,1,0,0,0,1,-96,0,11,2,2266992,0,44,0,384,0,"[0,0,0,0,0,0,0,0,0,0,0,0,5,7,5,7,5,6,5,6,5,6,5,6,5,5,5,5,4,5,5,4,5,4,5,4,5,4,5,3,4,3,4,3,4,3,4,3,4,3,4,3,4,3,3,3,3,3,3,2,3,3,3,3,0,0,3,3,3,3,3,3,2,3,2,3,2,3,2,3,1,3,1,3,1,3,1,3,1,3,1,3,1,3,0,3,0,3,0,3,0,3,0,3,0,3,0,3,0,3,-1,2,0,2,-1,3,-1,3,0,0,0,0,0,0,0,0,0,0,0,0,0,0,19,56,20,60,20,54,22,54,25,54,19,49,21,43,20,42,22,44,23,39,23,39,23,36,24,38,25,34,25,34,26,28,26,29,22,27,23,26,21,26,20,27,21,25,21,21,18,19,18,21,17,22,20,22,20,20,18,19,16,21,21,19,19,23,11,21,13,21,10,18,8,23,11,19,10,26,10,21,12,23,9,23,4,22,5,22,8,22,6,21,6,20,3,21,3,20,0,19,2,20,0,20,-2,18,-1,19,0,21,-4,18,-4,18,-8,17,0,0,0,0,0,0,0,0,0,0,0,0,0,0,0,0,0,0,0,0,0,0,-6,-53,-3,-55,-3,-60,2,-62,0,-62,1,-63,1,-63,0,-66,4,-65,-1,-65,2,-69,-1,-68,-1,-71,-4,-74,-5,-76,-4,-73,-6,-75,-8,-78,-10,-74,-8,-79,-11,-76,-12,-77,-15,-74,-17,-76,-19,-73,-25,-71,-23,-73,-28,-68,-27,-68,-31,-65,-32,-61,-34,-57,-37,-53,-41,-55,-43,-51,-40,-47,-42,-47,-43,-43,-47,-40,-52,-35,-55,-31,-53,-25,-53,-25,-56,-19,-57,-15,-62,-15,-59,-9,-58,-5,-61,-4,-61,0,-60,1,-63,6,-63,9,-65,12,-65,14,-62,18,-62,16,0,0]"
CSI_DATA,148,1a:00:00:00:00:00,-48,11,1,0,1,1,1,0,0,0,1,-96,0,11,2,2286674,0,44,0,384,0,"[0,0,0,0,0,0,0,0,0,0,0,0,-2,8,-2,8,-1,7,-1,7,-1,7,-1,7,-1,6,-1,6,0,6,-1,6,-1,5,-1,5,0,5,0,5,-1,4,0,5,0,4,0,5,-1,4,-1,4,-1,4,-1,4,-1,4,-1,4,-1,3,-1,4,0,0,-1,4,-2,4,-2,3,-1,4,-2,3,-3,3,-2,3,-3,3,-2,3,-2,3,-2,3,-3,3,-3,3,-3,3,-3,3,-2,3,-3,3,-2,3,-2,3,-2,3,-3,3,-3,2,-3,2,-3,2,-3,2,-3,2,0,0,0,0,0,0,0,0,0,0,0,0,0,0,-13,57,-14,52,-14,55,-8,50,-10,48,-10,50,-7,49,-3,44,-5,42,-1,40,-4,42,-2,42,-1,39,1,32,0,37,1,33,0,34,-1,32,-1,30,3,28,2,25,1,28,-3,24,-2,23,-3,25,-1,26,-3,26,-3,26,-2,24,-2,23,-3,25,-3,24,-3,23,-5,23,-5,26,-10,24,-7,25,-9,21,-9,22,-11,22,-7,22,-8,22,-8,24,-7,20,-11,22,-7,21,-7,21,-12,22,-10,21,-8,19,-9,18,-11,21,-13,19,-15,16,-12,15,-13,15,-14,12,0,0,0,0,0,0,0,0,0,0,0,0,0,0,0,0,0,0,0,0,0,0,48,-37,46,-32,49,-32,51,-33,51,-34,53,-31,54,-33,54,-33,58,-40,58,-38,58,-37,58,-41,57,-46,54,-45,59,-50,56,-49,52,-54,53,-54,54,-56,55,-57,54,-57,52,-60,48,-63,45,-60,43,-67,41,-64,38,-66,34,-67,31,-64,26,-67,20,-66,19,-69,15,-64,13,-70,7,-69,2,-65,-3,-65,-3,-60,-11,-58,-14,-58,-18,-58,-23,-53,-26,-53,-30,-50,-32,-49,-35,-43,-35,-41,-44,-38,-45,-39,-49,-36,-52,-37,-53,-29,-54,-26,-57,-27,-63,-26,-57,-27,-61,-19,0,0]"
CSI_DATA,149,1a:00:00:00:00:00,-49,11,1,0,1,1,1,0,0,0,1,-96,0,11,2,2296598,0,44,0,384,0,"[0,0,0,0,0,0,0,0,0,0,0,0,1,8,1,8,2,7,2,6,1,6,1,6,2,5,2,5,2,5,2,5,2,5,2,4,2,4,1,3,1,3,1,3,1,4,1,3,1,3,1,3,0,3,0,3,0,3,0,3,0,3,0,3,0,0,0,4,-1,3,-1,3,-1,3,-1,3,-1,3,-2,3,-1,4,-1,4,-1,4,-1,4,-2,3,-2,3,-2,3,-1,3,-2,4,-2,4,-1,3,-1,4,-1,3,-1,4,-2,3,-2,3,-2,3,-2,3,-2,3,0,0,0,0,0,0,0,0,0,0,0,0,0,0,6,56,7,51,7,50,10,47,12,43,11,40,14,40,13,40,14,36,14,36,13,32,12,30,12,28,11,25,13,26,11,23,11,23,14,24,10,23,8,19,10,21,6,15,7,19,4,18,6,20,7,19,6,14,2,16,1,19,3,20,3,21,2,18,-1,21,0,21,-3,19,1,22,-2,19,-5,23,-2,23,-3,20,-5,22,-5,21,-3,24,-2,20,-2,25,-3,21,-3,22,-4,20,-4,25,-7,22,-6,21,-4,21,-5,23,-5,20,-7,18,-5,22,-10,19,0,0,0,0,0,0,0,0,0,0,0,0,0,0,0,0,0,0,0,0,0,0,40,-40,42,-37,43,-40,49,-40,46,-38,49,-43,51,-42,49,-40,54,-45,49,-46,52,-52,52,-53,52,-56,51,-60,51,-65,51,-63,44,-67,45,-64,42,-68,43,-67,42,-69,40,-74,36,-73,30,-72,30,-70,23,-78,22,-75,19,-77,11,-69,10,-74,7,-68,2,-73,-2,-70,-2,-69,-4,-66,-12,-64,-16,-59,-22,-55,-25,-54,-32,-57,-34,-48,-36,-45,-41,-40,-46,-40,-46,-34,-44,-34,-51,-30,-53,-25,-54,-20,-53,-17,-55,-9,-56,-7,-59,-4,-57,-5,-61,0,-59,3,-59,0,0,0]"
CSI_DATA,150,1a:00:00:00:00:00,-49,11,1,0,1,1,1,0,0,0,1,-96,0,11,2,2316598,0,44,0,384,0,"[0,0,0,0,0,0,0,0,0,0,0,0,8,0,8,0,8,0,7,0,7,0,7,-1,6,0,6,-1,5,-1,5,-1,5,-1,5,-1,4,-1,4,-1,3,-1,3,-1,3,-1,3,-1,3,-1,3,-1,2,-1,2,0,2,0,2,0,2,0,1,1,0,0,1,1,1,1,1,1,1,1,1,2,1,2,1,2,1,2,1,2,1,2,1,2,1,2,1,2,1,2,1,3,0,2,0,3,0,3,0,3,0,3,0,3,0,3,0,3,0,3,0,3,-1,2,0,0,0,0,0,0,0,0,0,0,0,0,0,0,54,16,54,11,50,11,47,9,47,8,44,7,45,4,40,5,42,3,40,1,37,2,35,-1,32,-1,30,-2,27,1,30,-2,25,-3,20,-4,22,-2,21,0,22,-4,19,-2,16,-4,13,0,13,1,13,3,14,4,13,3,13,3,14,3,12,6,9,8,12,7,11,9,4,14,5,15,6,16,4,15,5,15,5,15,4,16,4,16,4,16,2,15,1,18,3,18,4,17,1,18,2,16,1,20,-2,20,-2,19,0,16,0,15,-2,16,-2,15,-5,18,0,0,0,0,0,0,0,0,0,0,0,0,0,0,0,0,0,0,0,0,0,0,-46,-29,-50,-30,-46,-35,-49,-38,-50,-39,-49,-40,-48,-42,-51,-43,-50,-43,-53,-41,-56,-41,-57,-43,-61,-43,-63,-44,-61,-45,-60,-44,-70,-41,-66,-42,-66,-38,-66,-42,-68,-39,-71,-38,-71,-35,-70,-31,-70,-33,-72,-24,-73,-24,-71,-23,-70,-19,-69,-15,-66,-15,-70,-10,-70,-9,-69,-3,-64,-2,-64,4,-63,8,-58,13,-59,13,-57,19,-54,22,-53,29,-53,30,-48,34,-45,36,-45,41,-42,42,-36,41,-35,42,-32,45,-29,52,-30,52,-28,55,-22,55,-22,58,-19,57,-17,56,0,0]"
CSI_DATA,151,1a:00:00:00:00:00,-49,11,1,0,1,1,1,0,0,0,1,-96,0,11,2,2326571,0,44,0,384,0,"[0,0,0,0,0,0,0,0,0,0,0,0,-3,9,-2,8,-2,8,-2,8,-2,8,-1,7,-1,7,-1,6,-1,6,-1,6,-1,6,0,5,-1,5,-1,4,-1,4,0,4,-1,3,-1,3,-1,3,-1,3,-1,2,-1,2,-1,2,-1,2,-2,1,-2,1,0,0,-2,1,-2,1,-3,1,-3,0,-2,0,-3,0,-3,0,-3,0,-3,0,-3,-1,-3,-1,-3,-1,-3,-1,-3,-1,-3,-1,-3,-1,-4,-1,-3,-1,-3,-1,-3,-1,-3,-1,-3,-1,-3,-2,-3,-2,-3,-2,-3,-2,0,0,0,0,0,0,0,0,0,0,0,0,0,0,-9,58,-10,55,-4,54,-5,53,-2,55,-4,46,-1,49,0,45,1,41,1,39,-1,38,4,36,2,34,4,35,4,30,5,33,4,29,5,25,4,23,4,22,0,20,5,23,2,16,3,19,-2,16,-1,14,-2,15,-1,14,-7,15,-3,10,-5,13,-5,9,-11,8,-11,8,-11,10,-11,5,-13,4,-10,6,-13,5,-14,2,-13,5,-15,2,-14,2,-16,2,-16,0,-15,-3,-15,1,-18,0,-14,1,-17,1,-15,-1,-18,-2,-18,-6,-18,-1,-16,-2,-17,-5,-16,-7,0,0,0,0,0,0,0,0,0,0,0,0,0,0,0,0,0,0,0,0,0,0,14,-54,18,-53,22,-57,23,-55,25,-57,24,-58,29,-57,29,-62,25,-62,26,-65,29,-65,27,-66,26,-69,29,-68,27,-68,26,-73,23,-71,27,-73,24,-73,25,-75,18,-75,21,-74,17,-77,15,-75,15,-78,12,-77,11,-76,8,-71,4,-75,1,-70,0,-73,-4,-70,-7,-70,-11,-66,-13,-67,-15,-65,-18,-61,-24,-57,-27,-57,-28,-59,-31,-52,-32,-51,-33,-47,-40,-46,-44,-40,-41,-34,-46,-33,-50,-33,-50,-30,-57,-26,-54,-26,-58,-22,-61,-18,-58,-16,-61,-18,-58,-14,-67,-12,0,0]"
CSI_DATA,152,1a:00:00:00:00:00,-49,11,1,0,1,1,1,0,0,0,1,-96,0,11,2,2336580,0,44,0,384,0,"[0,0,0,0,0,0,0,0,0,0,0,0,-2,-10,-2,-10,-3,-10,-3,-9,-3,-9,-3,-8,-3,-8,-3,-7,-3,-7,-3,-7,-3,-7,-3,-6,-3,-6,-2,-5,-2,-5,-2,-5,-2,-5,-2,-4,-2,-4,-2,-4,-1,-3,-1,-3,-1,-3,-1,-3,-1,-3,-1,-3,0,0,0,-2,0,-2,0,-2,1,-2,1,-1,1,-2,1,-1,1,-1,1,-1,2,-1,2,-1,1,-1,2,-1,2,0,2,-1,2,0,2,0,2,0,2,0,2,0,2,0,2,0,2,0,2,1,2,1,2,1,0,0,0,0,0,0,0,0,0,0,0,0,0,0,-9,-62,-5,-63,-12,-58,-9,-58,-11,-56,-12,-50,-13,-50,-10,-49,-9,-44,-15,-43,-14,-39,-15,-40,-12,-36,-14,-35,-12,-31,-14,-32,-12,-29,-10,-27,-6,-27,-8,-24,-12,-21,-9,-21,-9,-18,-7,-18,-6,-17,-6,-16,-5,-15,-3,-16,1,-14,-1,-13,-2,-14,5,-14,4,-9,6,-11,5,-7,7,-6,6,-6,6,-5,12,-3,9,-3,9,-2,10,-5,10,-2,13,-3,11,-1,14,2,14,0,18,0,13,0,14,-1,13,5,15,6,15,2,15,2,14,3,13,7,12,7,0,0,0,0,0,0,0,0,0,0,0,0,0,0,0,0,0,0,0,0,0,0,28,49,23,53,24,55,21,60,20,62,16,60,17,63,17,63,17,66,17,63,17,65,18,71,18,69,19,72,17,71,20,72,22,72,23,73,24,73,21,76,27,75,25,76,24,75,24,72,24,74,28,71,26,70,30,66,31,66,34,66,33,64,36,59,36,58,40,57,40,52,44,47,41,46,44,43,48,38,48,41,47,34,50,31,55,26,54,24,54,23,56,14,56,13,59,10,61,6,62,7,62,3,62,0,63,-3,64,-6,67,-4,64,-8,69,-7,0,0]"
CSI_DATA,153,1a:00:00:00:00:00,-47,11,1,0,1,1,1,0,0,0,1,-96,0,11,2,2346630,0,44,0,384,0,"[0,0,0,0,0,0,0,0,0,0,0,0,-8,6,-8,6,-8,5,-8,5,-7,5,-7,5,-6,5,-6,5,-6,5,-5,4,-5,4,-5,4,-5,4,-5,4,-4,3,-4,3,-4,3,-3,3,-3,3,-3,2,-3,2,-3,2,-3,2,-3,2,-3,1,-3,1,0,0,-3,1,-2,0,-2,0,-2,0,-2,0,-2,-1,-2,-1,-2,-1,-2,-1,-2,-1,-2,-1,-2,-2,-2,-2,-1,-2,-2,-2,-1,-2,-1,-3,-1,-2,-1,-3,-1,-3,-1,-3,-1,-3,-1,-3,0,-3,0,-3,0,-3,0,0,0,0,0,0,0,0,0,0,0,0,0,0,-54,36,-55,34,-48,34,-52,36,-51,38,-43,34,-47,34,-42,31,-39,37,-35,30,-40,29,-36,27,-29,29,-33,26,-26,24,-27,29,-26,24,-20,27,-25,25,-19,21,-23,21,-19,22,-17,18,-18,18,-17,13,-18,16,-18,7,-18,13,-15,11,-12,11,-13,8,-12,6,-14,3,-10,3,-11,3,-12,0,-13,0,-9,-4,-9,-7,-10,-8,-10,-5,-7,-11,-7,-7,-5,-7,-7,-9,-7,-12,-5,-11,-9,-12,-4,-12,-6,-12,-3,-16,-3,-16,-3,-12,-3,-13,-2,-16,2,-14,0,-14,0,0,0,0,0,0,0,0,0,0,0,0,0,0,0,0,0,0,0,0,0,0,23,-50,29,-48,33,-47,36,-48,38,-50,38,-48,43,-49,45,-46,43,-51,48,-50,47,-52,50,-52,46,-56,49,-54,50,-53,52,-57,53,-55,54,-57,51,-55,57,-52,53,-55,53,-61,56,-62,52,-62,48,-59,47,-64,46,-62,43,-62,44,-65,40,-61,39,-63,32,-59,34,-65,29,-64,27,-60,26,-61,19,-63,15,-65,11,-61,9,-59,5,-59,2,-65,0,-61,-4,-66,-8,-59,-15,-60,-14,-58,-16,-61,-20,-56,-22,-59,-28,-58,-26,-58,-29,-55,-34,-61,-35,-59,-37,-54,-39,-61,0,0]"
CSI_DATA,154,1a:00:00:00:00:00,-47,11,1,0,1,1,1,0,0,0,1,-96,0,11,2,2356972,0,44,0,384,0,"[0,0,0,0,0,0,0,0,0,0,0,0,-10,-5,-10,-5,-10,-5,-9,-5,-9,-5,-9,-4,-8,-4,-8,-4,-8,-3,-8,-3,-7,-3,-7,-3,-7,-3,-7,-2,-6,-2,-6,-2,-6,-2,-6,-2,-5,-2,-5,-2,-5,-2,-5,-2,-4,-2,-4,-2,-4,-2,-3,-2,0,0,-3,-2,-3,-2,-3,-2,-2,-3,-2,-2,-2,-3,-1,-2,-1,-2,-1,-2,-1,-2,0,-2,0,-2,0,-2,0,-3,0,-2,0,-2,0,-2,1,-2,1,-2,1,-2,1,-2,1,-2,1,-2,1,-2,1,-1,1,-1,0,0,0,0,0,0,0,0,0,0,0,0,0,0,-55,-40,-53,-39,-53,-33,-53,-37,-50,-34,-52,-33,-47,-32,-47,-30,-43,-25,-43,-30,-43,-26,-41,-22,-40,-22,-37,-23,-38,-23,-36,-19,-37,-20,-33,-16,-35,-15,-30,-13,-31,-14,-27,-14,-27,-10,-24,-10,-23,-11,-23,-12,-20,-11,-21,-10,-17,-14,-17,-10,-17,-13,-17,-13,-12,-13,-12,-15,-9,-12,-8,-14,-5,-12,-3,-15,-4,-9,0,-13,0,-10,-2,-12,4,-11,0,-11,3,-8,5,-12,5,-12,6,-13,6,-11,9,-11,8,-8,9,-8,14,-8,11,-6,11,-5,13,-5,10,-4,0,0,0,0,0,0,0,0,0,0,0,0,0,0,0,0,0,0,0,0,0,0,50,1,57,7,55,13,60,15,57,16,60,19,59,20,62,20,61,22,61,21,66,25,68,25,66,25,68,25,72,27,67,28,72,27,68,27,73,28,73,28,73,25,73,27,73,22,72,24,75,24,74,22,74,20,75,18,72,19,71,15,68,12,72,11,70,9,69,3,67,2,68,1,67,-4,63,-4,60,-11,62,-13,59,-18,56,-19,58,-22,54,-25,55,-30,56,-28,50,-32,47,-37,48,-39,45,-41,44,-41,45,-47,45,-50,42,-48,45,-53,39,-55,42,-58,0,0]"
CSI_DATA,155,1a:00:00:00:00:00,-47,11,1,0,1,1,1,0,0,0,1,-96,0,11,2,2376577,0,44,0,384,0,"[0,0,0,0,0,0,0,0,0,0,0,0,-2,9,-2,9,-2,9,-2,9,-2,8,-1,8,-2,7,-1,7,-1,7,-1,7,-1,7,0,6,-1,6,-1,6,-1,5,0,5,0,5,0,5,0,4,-1,4,-1,4,-1,4,-1,4,-1,3,-1,4,-1,4,0,0,-1,3,-2,3,-2,3,-2,2,-2,2,-2,2,-2,2,-2,2,-2,1,-3,1,-3,1,-3,1,-3,1,-3,1,-3,1,-3,1,-3,0,-3,0,-3,0,-3,0,-3,0,-3,0,-3,0,-3,-1,-3,-1,-3,-1,0,0,0,0,0,0,0,0,0,0,0,0,0,0,-25,60,-24,54,-23,55,-25,55,-22,55,-19,49,-18,50,-17,49,-17,46,-16,45,-14,44,-12,43,-15,43,-14,42,-10,40,-7,35,-10,36,-8,35,-4,32,-6,34,-4,31,-5,28,-3,30,-6,25,-6,27,-6,23,-5,23,-5,22,-5,22,-6,22,-6,18,-6,18,-9,17,-14,14,-11,16,-10,13,-13,15,-10,10,-11,8,-12,8,-12,10,-15,11,-13,6,-14,6,-14,4,-15,6,-13,2,-16,4,-14,2,-16,2,-14,-2,-13,-2,-14,1,-15,0,-15,0,-17,-2,-13,-7,0,0,0,0,0,0,0,0,0,0,0,0,0,0,0,0,0,0,0,0,0,0,27,-47,29,-45,35,-49,36,-45,36,-48,36,-46,41,-46,40,-47,44,-49,45,-49,43,-53,46,-54,42,-57,48,-57,45,-53,46,-59,43,-60,45,-59,45,-58,44,-58,40,-62,43,-66,38,-62,37,-64,41,-64,35,-65,31,-70,30,-66,31,-66,24,-63,22,-63,21,-63,14,-65,14,-62,11,-61,8,-64,2,-59,-2,-61,-7,-58,-10,-55,-14,-56,-21,-57,-19,-53,-24,-50,-28,-50,-28,-50,-29,-51,-37,-43,-42,-42,-42,-42,-44,-35,-49,-35,-51,-33,-53,-33,-59,-33,-53,-31,-64,-31,0,0]"
CSI_DATA,156,1a:00:00:00:00:00,-47,11,1,0,1,1,1,0,0,0,1,-96,0,11,2,2386832,0,44,0,384,0,"[0,0,0,0,0,0,0,0,0,0,0,0,10,-1,10,-1,10,-1,9,-1,9,-2,8,-1,8,-2,8,-2,7,-2,7,-2,7,-2,6,-2,6,-2,6,-2,6,-2,6,-2,5,-2,5,-2,4,-2,4,-2,4,-2,4,-2,4,-1,4,-1,3,-1,3,-1,0,0,3,0,3,0,3,0,3,0,2,0,2,1,2,1,2,1,2,1,2,1,2,1,2,1,1,1,1,2,1,2,1,2,1,2,1,2,1,2,1,2,1,2,0,2,0,2,0,2,0,2,0,2,0,0,0,0,0,0,0,0,0,0,0,0,0,0,64,0,58,3,64,0,57,-1,57,2,59,-2,52,-1,55,-3,47,-4,52,-5,48,-4,45,-4,44,-5,39,-5,39,-3,40,-8,34,-6,35,-5,35,-6,32,-1,32,-5,28,-6,26,-5,29,-6,25,-2,22,-2,22,-2,21,0,22,6,20,2,20,3,21,3,16,-4,-5,22,20,10,14,14,14,8,12,11,11,11,11,11,9,11,8,12,7,12,7,14,7,12,6,12,7,14,6,17,1,14,5,13,3,16,0,12,0,15,0,16,-4,15,-2,16,-2,13,0,0,0,0,0,0,0,0,0,0,0,0,0,0,0,0,0,0,0,0,0,0,-52,8,-58,5,-57,2,-64,-5,-61,-4,-65,-4,-62,-4,-66,-4,-66,-9,-68,-7,-70,-8,-73,-5,-72,-3,-72,-5,-77,-5,-71,-8,-80,-5,-74,-4,-81,-2,-78,-4,-78,-2,-77,-2,-72,1,-78,2,-75,5,-72,7,-73,5,-78,9,-67,6,-72,14,-64,14,-70,19,-62,20,-60,22,-59,23,-57,24,-50,25,-54,31,-47,36,-45,36,-44,40,-36,41,-40,46,-31,45,-32,48,-32,52,-28,51,-25,53,-16,54,-17,54,-13,57,-12,58,-9,66,-8,59,-6,64,-6,66,-3,61,0,0]"
CSI_DATA,157,1a:00:00:00:00:00,-47,11,1,0,1,1,1,0,0,0,1,-96,0,11,2,2396616,0,44,0,384,0,"[0,0,0,0,0,0,0,0,0,0,0,0,1,10,1,9,2,9,1,9,1,8,1,8,1,8,2,7,1,7,2,7,2,6,1,6,1,6,1,5,1,5,2,5,1,5,1,4,1,4,1,4,1,4,1,4,0,4,0,3,0,3,0,3,0,0,-1,3,-1,3,-1,3,-1,3,-1,2,-2,2,-2,2,-2,2,-2,2,-2,2,-2,1,-2,1,-3,1,-2,1,-3,1,-3,1,-3,1,-3,1,-3,1,-3,1,-3,1,-3,0,-3,0,-3,0,-3,0,-3,0,0,0,0,0,0,0,0,0,0,0,0,0,0,0,13,67,11,61,14,62,14,56,16,58,15,58,17,50,17,50,16,47,14,46,15,42,16,44,19,40,18,37,16,35,18,35,19,31,16,31,12,29,12,26,16,29,11,26,15,25,12,22,11,22,9,20,10,21,9,20,5,20,5,20,6,19,2,21,1,20,0,21,-2,17,-1,16,-5,17,-5,13,-7,15,-6,12,-5,10,-10,12,-8,11,-9,12,-10,13,-9,10,-12,10,-13,11,-14,10,-14,8,-14,9,-13,9,-15,7,-14,7,-16,3,-14,8,-16,3,0,0,0,0,0,0,0,0,0,0,0,0,0,0,0,0,0,0,0,0,0,0,13,-58,10,-57,15,-60,19,-67,21,-61,20,-63,20,-62,24,-66,24,-68,22,-66,21,-69,21,-75,19,-72,17,-75,20,-76,21,-72,18,-78,14,-77,13,-76,14,-78,10,-75,12,-82,9,-80,7,-79,5,-79,1,-74,0,-77,-4,-76,-6,-68,-10,-74,-11,-66,-17,-68,-16,-63,-20,-64,-23,-61,-27,-58,-30,-56,-32,-52,-37,-50,-37,-43,-44,-45,-43,-36,-46,-36,-48,-33,-54,-27,-50,-18,-55,-19,-56,-18,-59,-14,-59,-11,-60,-8,-63,-1,-64,-1,-62,3,-68,5,-69,6,-67,7,0,0]"
CSI_DATA,158,1a:00:00:00:00:00,-48,11,1,0,1,1,1,0,0,0,1,-96,0,11,2,2406983,0,44,0,384,0,"[0,0,0,0,0,0,0,0,0,0,0,0,-10,-2,-10,-2,-10,-2,-10,-2,-9,-2,-9,-1,-8,-1,-8,-1,-8,-1,-7,-1,-7,-1,-7,0,-7,0,-6,0,-6,0,-6,0,-6,-1,-5,0,-5,0,-5,-1,-5,-1,-5,-1,-4,-1,-4,-1,-4,-1,-4,-1,0,0,-3,-1,-3,-1,-3,-2,-2,-2,-3,-2,-3,-2,-2,-2,-2,-2,-2,-3,-2,-3,-1,-3,-2,-3,-1,-3,-1,-3,-1,-3,-1,-3,-1,-3,-1,-3,-1,-3,0,-3,0,-3,0,-3,0,-3,0,-3,0,-3,0,-3,0,0,0,0,0,0,0,0,0,0,0,0,0,0,-65,-31,-58,-28,-60,-23,-55,-23,-57,-24,-55,-22,-53,-17,-52,-16,-48,-16,-48,-12,-47,-10,-42,-10,-44,-9,-39,-10,-39,-10,-39,-8,-41,-3,-34,-4,-33,-7,-31,-5,-31,-6,-28,-4,-29,-5,-22,-4,-24,-4,-23,-6,-23,-7,-20,-5,-16,-8,-17,-6,-17,-8,-17,-9,-11,-9,-14,-14,-9,-12,-9,-13,-8,-13,-8,-13,-8,-12,-5,-12,-5,-16,-3,-14,-3,-16,-2,-16,0,-16,0,-14,-2,-14,3,-14,0,-14,1,-12,1,-17,0,-14,3,-15,4,-15,6,-13,5,-12,8,-11,0,0,0,0,0,0,0,0,0,0,0,0,0,0,0,0,0,0,0,0,0,0,43,36,45,39,41,45,43,50,41,50,42,51,45,54,45,51,44,51,47,54,47,55,45,56,51,54,51,57,50,54,52,56,56,55,54,53,56,52,56,55,56,48,57,50,59,47,63,46,64,43,64,42,64,39,65,38,61,34,63,29,62,26,67,23,65,20,62,16,62,14,61,8,63,3,57,1,57,-5,58,-7,58,-13,56,-17,56,-20,53,-24,50,-29,47,-38,45,-33,45,-36,43,-43,40,-45,38,-49,36,-52,37,-56,29,-55,35,-58,31,-66,34,-65,0,0]"
CSI_DATA,159,1a:00:00:00:00:00,-48,11,1,0,1,1,1,0,0,0,1,-96,0,11,2,2416560,0,44,0,384,0,"[0,0,0,0,0,0,0,0,0,0,0,0,-5,-10,-5,-9,-5,-8,-5,-9,-5,-8,-5,-8,-5,-7,-4,-7,-4,-6,-4,-6,-4,-6,-4,-6,-4,-5,-4,-5,-3,-5,-3,-5,-3,-5,-3,-4,-3,-4,-3,-3,-2,-3,-2,-3,-2,-4,-2,-3,-1,-3,-1,-3,0,0,-1,-3,0,-3,0,-2,0,-3,0,-2,1,-2,1,-2,1,-2,1,-2,1,-2,1,-2,1,-1,1,-1,1,-1,2,-2,2,-2,2,-1,2,-2,2,-2,2,-2,2,-1,2,-1,2,0,2,-1,2,-1,2,0,0,0,0,0,0,0,0,0,0,0,0,0,0,0,-28,-60,-27,-60,-26,-56,-32,-51,-30,-52,-25,-52,-27,-50,-23,-46,-25,-42,-26,-39,-28,-37,-27,-37,-25,-35,-25,-32,-22,-31,-24,-31,-23,-27,-21,-27,-17,-22,-20,-21,-16,-22,-17,-23,-15,-19,-15,-17,-9,-17,-13,-17,-11,-17,-7,-17,-6,-13,-8,-16,-7,-14,-2,-16,0,-12,-1,-12,3,-13,7,-11,4,-12,6,-11,7,-14,8,-11,9,-9,8,-8,11,-10,9,-11,10,-11,9,-10,11,-9,10,-9,12,-6,11,-9,12,-10,11,-6,14,-6,15,-4,15,-2,14,-4,13,1,0,0,0,0,0,0,0,0,0,0,0,0,0,0,0,0,0,0,0,0,0,0,12,57,9,60,9,61,6,63,4,62,5,65,3,66,6,67,5,68,5,67,3,73,4,72,9,74,6,73,9,76,8,74,12,79,13,75,14,80,16,74,18,77,20,79,18,71,17,71,22,73,27,73,22,69,29,68,29,64,28,63,32,59,33,58,38,53,39,54,41,46,43,43,43,35,46,38,43,32,51,28,51,25,50,20,55,18,53,12,56,10,51,2,55,0,56,-3,57,-9,60,-10,60,-13,66,-14,65,-20,56,-23,62,-23,63,-26,63,-25,0,0]"
CSI_DATA,160,1a:00:00:00:00:00,-49,11,1,0,1,1,1,0,0,0,1,-96,0,11,2,2426855,0,44,0,384,0,"[0,0,0,0,0,0,0,0,0,0,0,0,-9,-6,-9,-5,-9,-5,-8,-5,-7,-5,-7,-4,-7,-4,-7,-4,-6,-4,-6,-4,-6,-3,-6,-3,-5,-3,-5,-3,-5,-3,-4,-3,-4,-2,-3,-3,-3,-2,-3,-2,-3,-2,-2,-2,-2,-2,-2,-2,-2,-2,-1,-2,0,0,-1,-2,-1,-2,-3,1,1,0,1,-2,0,-2,1,-2,1,-2,1,-2,1,-2,1,-2,1,-2,2,-1,2,-2,1,-1,2,-1,2,-1,2,-1,2,-1,2,-1,2,-1,2,-1,2,-1,2,0,2,0,2,0,0,0,0,0,0,0,0,0,0,0,0,0,0,0,-53,-34,-50,-36,-51,-30,-51,-31,-53,-31,-44,-28,-47,-29,-42,-23,-43,-25,-38,-23,-38,-18,-37,-18,-34,-18,-33,-15,-30,-16,-29,-13,-26,-15,-26,-13,-23,-12,-24,-11,-22,-7,-20,-9,-19,-10,-18,-8,-15,-10,-12,-10,-11,-10,-10,-8,-9,-9,-7,-11,-9,-10,-9,-11,6,-9,19,-10,23,-13,3,-13,4,-6,8,-13,3,-8,8,-9,6,-8,4,-8,9,-8,10,-7,11,-8,10,-9,12,-8,11,-10,14,-7,13,-9,15,-12,12,-5,13,-7,12,-8,14,-3,15,-2,17,-1,0,0,0,0,0,0,0,0,0,0,0,0,0,0,0,0,0,0,0,0,0,0,56,26,50,27,55,31,52,35,55,39,50,39,53,41,54,42,55,40,56,44,56,45,58,43,60,45,62,45,60,47,61,46,62,43,67,46,63,45,61,46,63,42,65,40,67,42,64,38,65,40,67,37,64,35,65,29,68,28,64,26,65,21,61,22,65,18,61,14,64,12,58,9,62,1,56,-3,56,-4,58,-7,52,-10,54,-16,50,-19,48,-24,46,-27,47,-26,46,-29,44,-36,43,-42,42,-39,40,-45,41,-47,38,-48,39,-52,37,-50,35,-54,38,-58,0,0]"
CSI_DATA,161,1a:00:00:00:00:00,-49,11,1,0,1,1,1,0,0,0,1,-96,0,11,2,2447038,0,44,0,384,0,"[0,0,0,0,0,0,0,0,0,0,0,0,-3,10,-3,9,-3,9,-2,8,-2,8,-2,7,-2,7,-2,6,-1,6,-1,6,-1,5,-1,5,-1,4,-1,4,-1,4,-1,3,-1,3,-1,3,-1,2,-1,2,-1,1,-1,1,-1,0,-1,0,-1,0,-1,0,0,0,-2,-1,-2,-1,-2,-2,-2,-2,-1,-2,-2,-2,-2,-3,-2,-3,-2,-3,-2,-3,-2,-3,-2,-3,-2,-3,-2,-3,-2,-3,-2,-3,-2,-4,-2,-3,-2,-3,-2,-4,-2,-4,-2,-4,-1,-4,-1,-4,-1,-4,0,-4,0,0,0,0,0,0,0,0,0,0,0,0,0,0,-9,62,-16,60,-8,64,-6,59,-8,56,-6,52,-5,48,-4,50,-7,44,-2,43,-3,41,-1,40,-4,39,-1,32,-1,29,-2,28,0,28,0,24,3,22,-1,19,3,17,-2,12,1,15,-1,9,-2,11,-3,8,-3,6,-2,6,-3,2,-4,2,-6,-2,-6,2,-7,-6,-7,-7,-8,-6,-7,-5,-8,-11,-8,-7,-7,-12,-10,-14,-10,-16,-9,-14,-8,-15,-9,-15,-8,-15,-10,-15,-11,-16,-10,-17,-9,-16,-10,-18,-6,-15,-7,-18,-6,-18,-5,-17,-7,-20,-8,-18,-3,-17,0,0,0,0,0,0,0,0,0,0,0,0,0,0,0,0,0,0,0,0,0,0,3,-59,7,-62,12,-60,14,-65,17,-66,17,-66,23,-63,20,-66,21,-69,21,-65,22,-67,22,-71,21,-73,20,-75,23,-76,20,-77,20,-78,24,-72,16,-72,19,-73,16,-71,16,-78,15,-76,13,-74,14,-73,7,-75,7,-74,4,-75,1,-69,0,-71,1,-68,-6,-65,-5,-64,-11,-61,-14,-59,-14,-59,-18,-54,-24,-49,-27,-51,-29,-49,-31,-48,-37,-43,-40,-41,-41,-38,-41,-35,-48,-33,-48,-29,-52,-27,-54,-21,-54,-23,-57,-17,-59,-17,-63,-18,-63,-16,-68,-16,-70,-16,-64,-10,0,0]"
CSI_DATA,162,1a:00:00:00:00:00,-49,11,1,0,1,1,1,0,0,0,1,-96,0,11,2,2456611,0,44,0,384,0,"[0,0,0,0,0,0,0,0,0,0,0,0,-10,5,-10,5,-9,4,-9,4,-8,4,-8,4,-8,4,-7,4,-6,3,-6,3,-5,3,-5,3,-5,3,-4,2,-4,2,-3,2,-3,2,-2,1,-2,1,-2,1,-2,0,-2,0,-1,0,-2,-1,-1,-1,-1,-1,0,0,0,-2,0,-2,0,-2,1,-2,0,-2,0,-3,1,-3,1,-3,1,-3,1,-3,1,-3,1,-3,1,-3,1,-3,2,-3,2,-3,1,-3,1,-3,2,-3,2,-3,2,-3,2,-3,2,-3,2,-3,2,-3,3,-3,0,0,0,0,0,0,0,0,0,0,0,0,0,0,-64,10,-71,11,-63,13,-58,10,-62,14,-57,10,-53,14,-52,12,-51,10,-43,8,-39,9,-39,9,-35,9,-37,11,-30,12,-30,12,-26,9,-24,7,-21,10,-21,8,-16,1,-14,5,-11,4,-10,1,-8,2,-4,3,-5,-3,-4,-1,-2,-2,-1,-3,0,-5,4,-8,5,-7,7,-7,8,-12,10,-7,9,-7,11,-10,12,-11,10,-10,13,-10,12,-11,12,-10,10,-10,11,-10,14,-12,12,-12,13,-10,14,-13,13,-12,15,-14,17,-11,16,-16,16,-11,17,-9,15,-7,17,-8,0,0,0,0,0,0,0,0,0,0,0,0,0,0,0,0,0,0,0,0,0,0,59,-12,60,-10,63,-9,63,-6,67,-4,64,-2,65,-3,69,-4,67,-3,72,-1,75,0,74,-1,76,-5,76,-2,75,-2,80,-5,73,-7,80,-7,74,-4,78,-6,79,-8,75,-9,78,-10,76,-13,75,-11,71,-18,73,-18,67,-17,70,-19,62,-23,63,-25,59,-26,59,-29,53,-30,55,-32,49,-37,47,-42,42,-41,41,-43,33,-46,33,-47,28,-51,22,-50,23,-58,14,-50,9,-55,12,-59,4,-61,5,-64,2,-63,-3,-67,-1,-66,-8,-62,-6,-70,-9,-73,-11,-69,-12,-77,0,0]"
CSI_DATA,163,1a:00:00:00:00:00,-49,11,1,0,1,1,1,0,0,0,1,-96,0,11,2,2466609,0,44,0,384,0,"[0,0,0,0,0,0,0,0,0,0,0,0,3,-11,3,-10,3,-10,3,-9,3,-9,2,-8,2,-8,2,-7,1,-7,1,-6,1,-6,1,-6,1,-5,1,-4,1,-4,0,-4,0,-3,0,-3,0,-2,0,-2,0,-2,0,-1,0,-1,0,0,0,0,0,0,0,0,0,1,0,1,0,1,0,2,-1,2,-1,2,0,3,-1,3,-1,3,-1,3,-1,3,-1,3,-1,3,-1,3,-1,3,-1,3,-1,3,-1,3,-1,3,-1,3,-1,3,-1,3,-2,3,-2,3,-2,3,-2,3,0,0,0,0,0,0,0,0,0,0,0,0,0,0,24,-65,25,-62,23,-61,25,-54,24,-52,21,-49,22,-49,17,-47,15,-44,17,-41,11,-41,11,-34,11,-37,8,-33,9,-27,10,-27,6,-24,10,-25,7,-18,7,-16,6,-17,3,-10,3,-10,1,-10,4,-7,4,-3,-1,-4,4,2,-2,1,1,6,3,3,-1,5,0,11,-1,12,-1,13,0,13,-3,17,0,11,-1,20,-2,17,-2,17,-4,20,-2,18,-3,17,0,19,-6,18,-6,20,-3,20,-6,19,-4,18,-6,18,-6,22,-6,19,-8,19,-7,19,-10,17,-9,16,0,0,0,0,0,0,0,0,0,0,0,0,0,0,0,0,0,0,0,0,0,0,-4,57,-7,61,-9,60,-12,69,-19,63,-18,66,-19,63,-18,64,-21,65,-20,65,-20,67,-20,71,-21,72,-23,73,-24,73,-24,73,-24,75,-24,69,-21,73,-20,75,-20,73,-19,78,-17,74,-18,74,-17,74,-14,73,-12,72,-11,69,-10,68,-5,69,-3,65,1,67,2,65,6,59,5,63,10,61,15,57,17,55,24,52,24,50,27,49,32,45,34,47,34,41,39,39,41,43,48,39,52,32,53,35,52,35,57,31,60,29,63,32,63,26,66,27,67,28,64,28,0,0]"
CSI_DATA,164,1a:00:00:00:00:00,-49,11,1,0,1,1,1,0,0,0,1,-96,0,11,2,2486559,0,44,0,384,0,"[0,0,0,0,0,0,0,0,0,0,0,0,-3,10,-2,9,-2,9,-2,8,-2,8,-2,7,-2,7,-2,6,-2,6,-1,5,-1,5,-1,4,-1,3,-1,3,-1,3,-1,2,-1,2,-1,1,-1,1,-1,1,-1,0,-1,0,-1,0,0,-1,0,-1,-1,-2,0,0,-1,-2,-1,-3,0,-3,-1,-3,0,-3,0,-4,0,-4,0,-4,0,-4,0,-4,0,-4,0,-4,0,-4,0,-4,0,-4,0,-4,0,-4,0,-4,0,-4,1,-4,1,-4,1,-4,1,-4,1,-4,2,-4,2,-3,0,0,0,0,0,0,0,0,0,0,0,0,0,0,-20,64,-17,60,-16,58,-14,56,-18,55,-16,53,-16,51,-13,41,-11,42,-12,43,-8,39,-10,34,-7,33,-10,32,-7,27,-5,25,-4,22,-3,16,-2,16,-4,15,-3,10,0,8,-1,7,-2,7,-3,3,0,0,-3,0,-2,-2,-4,-4,-1,-9,0,-9,0,-13,-2,-13,-2,-14,1,-17,0,-15,0,-19,0,-18,-1,-24,3,-20,1,-22,4,-21,3,-23,-1,-23,3,-26,4,-21,3,-21,2,-25,3,-24,6,-23,6,-21,4,-23,6,-20,8,-21,9,-17,13,-18,9,-18,0,0,0,0,0,0,0,0,0,0,0,0,0,0,0,0,0,0,0,0,0,0,-7,-60,-5,-59,-2,-65,2,-63,6,-67,9,-65,11,-70,9,-69,9,-71,11,-68,12,-69,14,-75,13,-73,12,-74,10,-74,13,-75,8,-76,12,-77,11,-75,10,-77,12,-79,8,-78,12,-78,8,-75,11,-75,7,-75,7,-75,3,-72,0,-72,-2,-70,-5,-67,-8,-65,-11,-63,-12,-61,-14,-57,-17,-58,-21,-56,-25,-51,-25,-49,-29,-47,-31,-43,-38,-44,-39,-39,-46,-38,-45,-34,-46,-36,-51,-32,-55,-29,-57,-27,-58,-22,-57,-19,-62,-20,-67,-24,-68,-22,-67,-15,-67,-20,-72,-21,0,0]"
CSI_DATA,165,1a:00:00:00:00:00,-49,11,1,0,1,1,1,0,0,0,1,-96,0,11,2,2496992,0,44,0,384,0,"[0,0,0,0,0,0,0,0,0,0,0,0,8,-8,7,-8,7,-7,6,-7,6,-6,5,-6,5,-6,5,-5,4,-5,3,-5,3,-5,3,-5,2,-4,2,-4,2,-3,1,-3,1,-3,1,-2,0,-2,0,-1,0,-1,0,-1,0,0,-1,0,-1,0,-1,0,0,0,-2,1,-1,1,-2,2,-2,2,-2,2,-2,2,-3,3,-3,3,-3,3,-3,3,-3,3,-3,2,-3,2,-3,3,-3,3,-3,3,-3,3,-3,3,-3,3,-3,3,-3,2,-3,2,-3,2,-4,2,-4,2,-4,1,0,0,0,0,0,0,0,0,0,0,0,0,0,0,43,-48,49,-44,44,-45,41,-40,43,-42,40,-37,35,-39,32,-36,32,-36,28,-34,25,-33,25,-28,20,-28,22,-27,17,-26,18,-19,14,-22,11,-16,12,-15,9,-12,7,-12,8,-7,3,-12,5,-7,3,-6,1,-4,-1,0,0,0,-2,3,-3,6,-3,7,-5,10,-7,9,-6,11,-7,14,-10,13,-11,12,-11,12,-9,16,-15,20,-13,19,-13,16,-14,13,-15,17,-13,16,-12,16,-15,18,-15,16,-14,18,-14,17,-15,15,-18,20,-15,12,-17,14,-18,14,-20,13,-18,10,0,0,0,0,0,0,0,0,0,0,0,0,0,0,0,0,0,0,0,0,0,0,-28,53,-34,54,-37,55,-39,54,-41,52,-42,51,-42,54,-48,50,-45,48,-44,51,-49,56,-50,55,-49,56,-50,57,-52,55,-52,60,-51,60,-50,57,-52,59,-51,59,-51,61,-47,60,-50,61,-53,58,-47,59,-43,59,-44,55,-39,59,-35,60,-34,56,-30,59,-27,60,-25,56,-21,55,-19,57,-14,53,-8,58,-4,54,0,54,-1,55,8,54,12,50,13,53,17,50,21,47,25,55,30,48,34,50,34,49,36,51,38,51,45,50,45,49,48,50,51,50,50,51,49,52,0,0]"
CSI_DATA,166,1a:00:00:00:00:00,-49,11,1,0,1,1,1,0,0,0,1,-96,0,11,2,2506653,0,44,0,384,0,"[0,0,0,0,0,0,0,0,0,0,0,0,-11,3,-11,3,-10,2,-10,2,-9,2,-8,2,-8,2,-7,2,-7,2,-7,2,-6,1,-6,1,-5,1,-4,1,-4,1,-4,1,-3,1,-2,0,-2,0,-2,0,-1,0,-1,-1,-1,-1,0,-1,0,-1,0,-1,0,0,1,-1,1,-1,1,-1,1,-2,2,-2,2,-2,2,-2,2,-2,3,-2,3,-2,3,-2,3,-2,3,-2,3,-2,3,-2,3,-2,3,-2,3,-2,3,-2,3,-1,3,-1,3,-1,3,-1,3,-1,3,-1,3,0,0,0,0,0,0,0,0,0,0,0,0,0,0,0,-66,5,-69,6,-64,4,-65,4,-63,5,-56,6,-53,5,-56,6,-45,7,-43,6,-43,4,-42,6,-39,4,-38,2,-33,4,-25,4,-23,7,-22,1,-20,3,-19,2,-17,3,-13,4,-11,2,-10,3,-8,0,-4,-2,-2,1,-1,-2,3,-2,2,-1,4,-4,8,-6,8,-5,12,-5,14,-3,16,-6,16,-6,18,-6,18,-4,18,-4,19,-6,17,-6,16,-6,18,-3,19,-6,22,-4,23,-3,21,-6,23,-5,20,-4,22,-3,21,0,21,0,20,0,18,0,20,1,20,4,0,0,0,0,0,0,0,0,0,0,0,0,0,0,0,0,0,0,0,0,0,0,54,-25,60,-26,61,-22,64,-20,66,-18,69,-15,71,-17,70,-14,71,-13,73,-13,73,-12,74,-10,77,-12,79,-11,79,-14,78,-11,81,-14,78,-11,80,-14,78,-15,79,-16,80,-13,77,-14,76,-15,77,-15,69,-18,68,-20,70,-22,68,-24,67,-28,61,-26,58,-30,54,-32,53,-32,48,-33,47,-33,43,-38,41,-36,34,-39,34,-45,28,-47,22,-48,23,-51,16,-55,16,-54,14,-53,10,-59,7,-60,2,-62,4,-64,0,-66,-2,-68,-3,-72,-8,-70,-5,-76,-7,-70,-11,-77,0,0]"
CSI_DATA,167,1a:00:00:00:00:00,-49,11,1,0,1,1,1,0,0,0,1,-96,0,11,2,2527145,0,44,0,384,0,"[0,0,0,0,0,0,0,0,0,0,0,0,2,-11,2,-10,1,-10,2,-10,1,-9,1,-9,1,-8,1,-8,0,-7,0,-6,0,-6,0,-6,0,-5,0,-4,0,-4,0,-4,0,-3,0,-3,0,-2,0,-2,0,-1,0,-1,0,-1,0,-1,0,0,0,0,0,0,0,0,1,1,1,2,1,2,1,2,1,2,1,3,1,3,0,2,1,3,1,3,1,3,1,3,1,3,1,3,0,3,1,3,1,3,0,3,0,3,0,3,0,3,0,4,0,3,0,3,-1,3,0,0,0,0,0,0,0,0,0,0,0,0,0,0,30,-67,28,-63,28,-62,23,-58,22,-57,20,-50,22,-52,20,-52,16,-48,12,-45,12,-40,11,-37,8,-36,11,-33,9,-30,8,-25,9,-28,5,-23,7,-21,0,-20,5,-15,1,-11,6,-12,3,-11,3,-9,6,-4,3,-2,4,-2,0,2,4,3,3,6,7,7,6,9,2,9,4,14,6,11,3,12,5,17,6,17,6,18,5,19,7,23,6,23,4,19,4,23,4,20,2,22,4,21,5,22,4,19,1,21,1,24,5,22,2,21,1,21,2,20,-1,19,0,0,0,0,0,0,0,0,0,0,0,0,0,0,0,0,0,0,0,0,0,0,-37,54,-43,49,-45,51,-47,55,-54,49,-51,50,-52,51,-52,50,-54,51,-55,53,-60,51,-58,54,-55,58,-58,58,-58,60,-59,56,-60,60,-62,61,-56,60,-57,63,-51,61,-51,63,-49,65,-48,60,-46,60,-44,63,-39,60,-40,63,-32,63,-31,64,-26,60,-22,57,-17,59,-15,60,-12,58,-6,56,-3,57,1,53,7,52,10,50,13,51,19,50,23,45,29,46,33,40,31,40,35,40,44,36,50,37,53,35,52,36,56,30,61,29,62,32,64,31,66,29,68,27,0,0]"
CSI_DATA,168,1a:00:00:00:00:00,-49,11,1,0,1,1,1,0,0,0,1,-96,0,11,2,2536586,0,44,0,384,0,"[0,0,0,0,0,0,0,0,0,0,0,0,1,10,1,10,1,9,1,9,1,8,1,8,1,7,1,7,1,6,1,5,1,5,1,5,1,4,1,4,1,3,1,3,0,2,0,2,0,1,0,1,0,1,-1,0,-1,0,-1,0,-1,-1,-2,0,0,0,-2,-1,-2,-1,-3,-2,-3,-2,-3,-2,-3,-3,-3,-3,-3,-2,-3,-2,-3,-2,-3,-3,-4,-3,-3,-3,-4,-3,-3,-3,-4,-3,-4,-3,-3,-3,-3,-3,-3,-3,-4,-3,-4,-4,-3,-4,-3,-4,-3,-3,-3,-4,0,0,0,0,0,0,0,0,0,0,0,0,0,0,-2,66,1,67,1,60,-2,60,2,63,4,57,5,55,1,50,3,49,5,41,1,40,6,38,4,36,6,34,0,31,7,28,3,25,3,23,2,17,4,19,0,14,4,12,1,8,1,8,-1,7,-2,6,0,1,-6,0,-6,2,-5,-1,-9,-3,-10,-7,-8,-5,-10,-5,-11,-12,-13,-11,-13,-13,-13,-10,-16,-14,-14,-14,-16,-18,-18,-14,-16,-17,-17,-14,-17,-14,-14,-16,-13,-15,-18,-16,-15,-16,-13,-18,-15,-18,-14,-17,-16,-20,-14,-16,-10,-18,-11,-20,-12,-22,0,0,0,0,0,0,0,0,0,0,0,0,0,0,0,0,0,0,0,0,0,0,18,-61,25,-62,27,-64,28,-61,31,-66,33,-57,34,-61,36,-62,36,-65,35,-64,37,-69,34,-69,35,-75,32,-73,39,-73,36,-72,30,-70,34,-77,28,-70,30,-72,29,-72,29,-79,27,-76,23,-71,20,-74,17,-74,16,-73,12,-67,8,-69,5,-61,1,-67,1,-62,-1,-61,-5,-61,-11,-57,-13,-57,-18,-52,-21,-45,-26,-47,-29,-43,-35,-41,-40,-37,-40,-34,-47,-29,-46,-27,-49,-20,-52,-21,-53,-19,-63,-18,-62,-12,-61,-8,-68,-8,-67,-5,-69,-6,-74,-2,-67,0,-75,1,0,0]"
CSI_DATA,169,1a:00:00:00:00:00,-49,11,1,0,1,1,1,0,0,0,1,-96,0,11,2,2546667,0,44,0,384,0,"[0,0,0,0,0,0,0,0,0,0,0,0,10,1,10,1,9,0,9,1,8,0,8,0,7,0,7,-1,6,0,6,-1,5,0,5,0,4,-1,4,-1,3,0,3,-1,2,0,2,0,2,0,1,-1,1,0,1,0,0,0,0,0,-1,0,-1,1,0,0,-2,1,-2,1,-2,1,-2,1,-3,1,-3,2,-3,2,-3,2,-3,2,-3,2,-3,2,-3,2,-3,2,-3,2,-4,2,-4,2,-3,2,-3,2,-4,2,-4,2,-4,2,-4,2,-4,1,-4,1,-4,1,-4,1,0,0,0,0,0,0,0,0,0,0,0,0,0,0,34,12,33,10,30,9,28,9,28,8,26,7,23,7,24,6,23,4,23,5,21,5,20,4,17,4,17,3,15,1,13,0,14,2,12,2,10,1,8,2,7,1,6,0,5,1,3,1,2,1,0,0,0,2,0,0,-2,3,-1,2,-3,3,-4,2,-3,4,-4,4,-7,2,-7,5,-7,3,-8,5,-8,4,-10,4,-7,4,-8,6,-8,4,-8,4,-9,6,-9,3,-10,5,-10,5,-9,5,-10,3,-10,5,-11,3,-10,3,-11,2,-11,3,-10,3,-10,1,0,0,0,0,0,0,0,0,0,0,0,0,0,0,0,0,0,0,0,0,0,0,-30,-16,-22,-19,-18,-25,-31,-26,-25,-33,-26,-33,-19,-18,-15,-28,-29,-26,-32,-26,-26,-26,-27,-22,-27,-24,-26,-26,-28,-28,-28,-32,-36,-28,-22,-35,-30,-16,-31,-17,-40,-30,-35,-17,-38,-32,-24,-14,-26,-13,-37,-18,-27,-20,-32,-22,-32,-17,-30,-16,-32,-12,-28,-6,-25,-5,-23,-9,-30,-12,-35,-2,-18,1,-25,4,-25,5,-24,8,-25,11,-23,10,-23,12,-20,15,-22,17,-20,20,-19,22,-17,21,-17,25,-16,26,-16,27,-12,27,-14,31,-13,31,-13,33,-12,34,-13,33,0,0]"
CSI_DATA,170,1a:00:00:00:00:00,-49,11,1,0,1,1,1,0,0,0,1,-96,0,11,2,2557700,0,44,0,384,0,"[0,0,0,0,0,0,0,0,0,0,0,0,4,-11,4,-10,3,-10,3,-9,2,-9,2,-9,2,-8,2,-8,2,-7,1,-7,1,-6,1,-6,1,-5,0,-4,1,-4,0,-4,0,-3,0,-3,0,-2,1,-2,1,-1,1,-1,0,-1,1,0,1,0,1,0,0,0,1,1,1,1,1,2,1,1,1,2,1,3,1,2,1,3,1,3,1,3,2,3,1,3,2,3,1,3,1,3,1,3,2,4,1,3,1,3,1,3,1,3,1,4,1,4,1,3,0,3,0,3,0,0,0,0,0,0,0,0,0,0,0,0,0,0,24,-70,26,-67,21,-65,20,-63,17,-62,16,-56,15,-54,11,-49,10,-48,9,-45,8,-44,4,-41,5,-39,9,-32,5,-34,4,-30,2,-25,7,-22,4,-20,-2,-20,-1,-20,3,-11,2,-10,1,-8,2,-7,2,-5,3,-5,5,-1,7,-4,7,2,8,5,7,5,8,5,8,7,9,8,9,9,10,10,11,11,13,11,12,16,12,17,11,15,13,16,14,13,14,16,9,19,10,16,12,14,12,18,10,19,10,19,10,22,9,18,11,19,9,22,4,21,4,17,0,0,0,0,0,0,0,0,0,0,0,0,0,0,0,0,0,0,0,0,0,0,-45,42,-51,37,-55,41,-56,36,-60,34,-61,36,-58,37,-61,37,-59,39,-64,40,-65,40,-65,41,-63,43,-66,45,-62,48,-67,50,-63,52,-67,55,-57,51,-56,52,-58,52,-56,58,-56,55,-54,56,-51,58,-48,59,-45,56,-39,55,-37,59,-31,59,-28,58,-25,57,-17,58,-17,56,-12,60,-8,56,-3,56,4,56,8,51,10,50,18,46,24,50,24,47,29,48,32,41,34,41,37,39,49,38,51,34,51,32,56,30,59,31,62,24,63,24,70,23,68,25,73,22,0,0]"
CSI_DATA,171,1a:00:00:00:00:00,-50,11,1,0,1,1,1,0,0,0,1,-96,0,11,2,2576645,0,44,0,384,0,"[0,0,0,0,0,0,0,0,0,0,0,0,11,-1,10,-1,10,-1,9,0,8,-1,8,-1,7,-2,7,-2,6,-2,6,-2,5,-1,5,-1,4,-1,4,-1,3,-1,3,-1,2,-1,2,-1,2,0,2,0,1,0,1,0,0,0,0,0,0,1,0,1,0,0,-1,2,-1,2,-1,2,-1,3,-1,3,-1,3,-1,3,-2,2,-2,3,-2,3,-2,4,-1,3,-2,3,-2,3,-2,4,-2,4,-1,3,-2,4,-2,4,-2,4,-2,4,-2,3,-2,3,-2,3,-2,3,-3,3,0,0,0,0,0,0,0,0,0,0,0,0,0,0,70,-3,69,5,63,0,66,-4,63,0,50,-1,54,-7,48,-2,50,-4,43,-5,40,-3,38,-4,36,-4,35,-3,29,-7,27,-3,24,-7,22,-5,20,-5,17,-1,16,-3,10,-3,10,2,6,0,8,2,8,4,3,2,5,2,4,7,-1,9,3,13,-2,12,-2,13,-1,14,-2,15,-7,16,-6,19,-5,18,-10,15,-6,17,-6,21,-7,22,-6,21,-3,21,-5,18,-5,21,-4,22,-6,22,-5,19,-8,21,-6,22,-7,24,-8,20,-9,25,-12,20,-9,19,-12,19,0,0,0,0,0,0,0,0,0,0,0,0,0,0,0,0,0,0,0,0,0,0,-39,-50,-36,-53,-39,-58,-33,-61,-33,-68,-31,-59,-36,-59,-33,-64,-33,-61,-35,-66,-41,-60,-37,-64,-45,-62,-46,-64,-44,-62,-53,-61,-49,-56,-55,-61,-52,-55,-54,-55,-56,-54,-60,-49,-60,-49,-60,-48,-59,-45,-63,-42,-60,-38,-58,-34,-60,-29,-61,-24,-60,-24,-60,-14,-60,-14,-59,-7,-54,-2,-54,-2,-57,5,-52,10,-47,17,-46,18,-48,24,-41,27,-41,31,-37,39,-32,40,-30,52,-27,50,-28,51,-24,56,-21,58,-17,66,-14,65,-14,66,-9,70,-3,74,-6,67,-6,76,0,0]"
CSI_DATA,172,1a:00:00:00:00:00,-50,11,1,0,1,1,1,0,0,0,1,-96,0,11,2,2586734,0,44,0,384,0,"[0,0,0,0,0,0,0,0,0,0,0,0,4,-11,4,-10,3,-10,3,-9,3,-9,3,-8,2,-8,2,-7,2,-7,1,-6,1,-6,1,-5,1,-4,1,-4,1,-3,0,-3,0,-3,0,-3,1,-2,1,-2,1,-1,1,-1,1,-1,1,0,1,0,1,0,0,0,1,1,2,1,2,1,2,1,2,1,2,2,2,1,3,2,2,2,2,2,2,2,3,2,3,2,3,2,3,2,3,2,3,2,3,2,3,2,3,2,2,2,3,2,3,2,2,2,2,2,2,3,0,0,0,0,0,0,0,0,0,0,0,0,0,0,17,-68,16,-69,18,-62,10,-64,11,-58,12,-51,8,-57,11,-50,7,-47,8,-44,6,-40,0,-36,2,-40,1,-36,5,-31,2,-26,0,-24,1,-22,5,-17,1,-16,1,-15,2,-13,3,-8,5,-9,3,-5,7,-6,9,-7,9,-1,12,1,10,-3,11,1,15,1,14,-1,14,5,13,5,18,5,19,4,16,5,16,5,19,4,23,6,23,7,20,2,22,8,22,6,20,6,21,9,19,8,22,7,20,10,22,7,20,9,26,8,21,8,20,11,18,9,20,10,0,0,0,0,0,0,0,0,0,0,0,0,0,0,0,0,0,0,0,0,0,0,-62,14,-67,9,-68,5,-69,3,-68,1,-68,5,-69,7,-69,6,-71,6,-75,9,-73,7,-73,11,-73,14,-75,15,-74,20,-73,22,-74,25,-75,24,-70,26,-72,29,-73,30,-73,36,-69,34,-66,38,-62,41,-59,45,-56,41,-52,47,-47,49,-43,50,-39,46,-35,50,-33,50,-27,53,-23,58,-18,54,-12,55,-6,51,0,54,4,51,10,47,16,48,20,47,24,48,30,42,36,38,41,38,42,36,45,33,53,38,53,30,57,28,62,31,64,23,65,25,66,19,71,25,0,0]"
CSI_DATA,173,1a:00:00:00:00:00,-50,11,1,0,1,1,1,0,0,0,1,-96,0,11,2,2596554,0,44,0,384,0,"[0,0,0,0,0,0,0,0,0,0,0,0,0,10,0,10,1,9,1,9,1,8,1,7,0,7,1,6,0,6,1,5,0,5,0,4,0,4,0,3,0,3,0,3,0,2,0,2,-1,1,-1,1,-1,1,-1,1,-2,1,-2,0,-2,0,-2,0,0,0,-3,0,-3,-1,-3,-1,-4,-1,-4,-1,-4,-1,-4,-1,-4,-1,-4,-1,-4,-1,-4,-1,-4,-1,-4,-1,-4,-1,-4,-1,-4,-1,-5,-1,-4,-1,-5,-1,-5,-1,-5,-1,-5,-2,-4,-2,-4,-2,-4,-2,-4,-2,0,0,0,0,0,0,0,0,0,0,0,0,0,0,-10,70,-5,66,-5,64,-2,60,-3,61,-1,60,-1,52,1,50,1,46,1,45,-1,38,3,36,0,39,2,31,5,27,1,28,2,22,1,19,-1,20,-1,15,1,14,1,11,0,12,-6,7,-8,6,-8,9,-2,3,-7,4,-6,1,-11,5,-10,-2,-13,-2,-15,-1,-22,0,-17,-4,-20,-2,-19,-1,-21,-7,-21,-6,-21,-6,-23,-3,-22,-8,-22,-5,-27,-3,-24,-7,-21,-7,-23,-8,-23,-5,-26,-7,-24,-7,-22,-7,-24,-7,-24,-8,-20,-8,-23,-11,-20,-12,-19,-12,0,0,0,0,0,0,0,0,0,0,0,0,0,0,0,0,0,0,0,0,0,0,56,-32,61,-33,60,-28,66,-27,63,-28,63,-25,63,-27,67,-27,66,-29,62,-32,67,-33,65,-38,67,-42,68,-42,65,-43,64,-41,65,-47,64,-46,59,-53,62,-49,54,-50,60,-57,52,-56,50,-54,44,-62,45,-58,43,-58,34,-62,34,-59,30,-63,23,-59,17,-59,20,-59,13,-61,6,-60,2,-57,0,-55,-9,-52,-14,-53,-17,-47,-22,-49,-28,-44,-34,-42,-36,-39,-40,-37,-45,-37,-49,-35,-52,-27,-54,-25,-56,-24,-60,-18,-69,-15,-71,-15,-69,-12,-72,-9,-73,-11,-72,-11,0,0]"
CSI_DATA,174,1a:00:00:00:00:00,-50,11,1,0,1,1,1,0,0,0,1,-96,0,11,2,2607757,0,44,0,384,0,"[0,0,0,0,0,0,0,0,0,0,0,0,6,-10,6,-10,5,-9,5,-8,5,-8,4,-8,4,-7,3,-7,3,-7,3,-6,2,-6,2,-5,2,-4,1,-4,1,-4,1,-3,1,-3,1,-2,1,-2,1,-2,1,-1,1,-1,1,-1,1,0,1,0,1,0,0,0,1,1,2,1,2,1,2,1,2,2,2,2,2,2,2,2,2,2,2,3,2,3,2,2,2,2,2,3,2,3,2,3,3,2,2,3,2,3,2,3,2,3,2,3,2,3,2,3,1,3,1,3,0,0,0,0,0,0,0,0,0,0,0,0,0,0,33,-67,36,-58,32,-64,21,-57,27,-53,25,-50,20,-53,22,-47,21,-42,18,-40,13,-42,11,-37,11,-32,9,-32,12,-28,7,-25,5,-23,10,-20,5,-21,8,-18,7,-17,3,-13,5,-6,2,-7,4,-5,7,-5,5,-7,9,-1,6,2,9,2,9,3,11,5,16,6,14,3,15,7,11,5,14,13,13,12,14,13,17,16,14,13,17,17,17,14,18,12,18,12,17,14,16,15,20,15,16,14,17,17,17,16,15,11,15,14,15,21,16,18,14,18,11,17,0,0,0,0,0,0,0,0,0,0,0,0,0,0,0,0,0,0,0,0,0,0,-63,9,-67,4,-69,3,-70,2,-70,-2,-70,1,-72,0,-71,1,-69,5,-74,2,-77,6,-74,3,-78,10,-77,9,-76,7,-77,13,-77,17,-79,21,-75,18,-76,26,-72,27,-69,32,-72,31,-72,30,-68,33,-65,36,-58,35,-54,39,-54,42,-52,45,-45,47,-42,47,-37,51,-33,51,-29,50,-25,47,-20,51,-16,49,-8,50,0,51,4,45,8,51,13,50,18,50,23,44,30,44,34,47,39,47,38,40,43,43,49,39,59,40,56,36,60,40,60,40,67,37,66,34,0,0]"
CSI_DATA,175,1a:00:00:00:00:00,-50,11,1,0,1,1,1,0,0,0,1,-96,0,11,2,2626593,0,44,0,384,0,"[0,0,0,0,0,0,0,0,0,0,0,0,-12,1,-12,1,-11,1,-11,1,-10,1,-9,1,-9,1,-8,1,-8,1,-7,1,-6,1,-6,1,-6,1,-5,1,-4,0,-4,0,-3,0,-3,0,-3,0,-3,0,-2,-1,-2,-1,-1,-2,-1,-2,-1,-2,-1,-2,0,0,0,-3,0,-3,0,-3,0,-4,1,-3,0,-4,1,-4,1,-3,1,-4,1,-4,1,-4,1,-4,1,-4,1,-4,1,-4,1,-4,1,-4,1,-5,1,-5,2,-4,2,-5,1,-4,2,-4,2,-4,2,-4,2,-4,0,0,0,0,0,0,0,0,0,0,0,0,0,0,-75,-11,-70,-13,-70,-16,-68,-7,-62,-10,-59,-13,-57,-7,-54,-7,-50,-4,-42,-4,-43,1,-42,0,-39,-2,-36,-2,-29,-4,-32,2,-27,1,-25,0,-20,-2,-20,-1,-18,0,-15,-3,-12,1,-8,-3,-5,-1,-8,-4,-5,-4,-1,-6,-4,-8,1,-11,1,-9,0,-14,4,-8,5,-12,5,-15,7,-14,7,-12,12,-14,8,-17,12,-20,6,-17,12,-17,11,-19,13,-19,12,-18,13,-19,9,-19,7,-19,12,-22,9,-20,11,-20,11,-20,13,-19,14,-16,12,-14,12,-18,17,-13,0,0,0,0,0,0,0,0,0,0,0,0,0,0,0,0,0,0,0,0,0,0,26,57,28,63,23,64,19,69,25,67,21,71,21,67,25,67,22,68,25,66,27,68,31,68,30,70,30,71,32,67,34,68,38,70,38,63,40,68,39,66,47,58,50,61,50,58,45,54,50,56,50,47,56,49,58,44,50,38,52,38,56,29,56,29,55,23,54,19,54,8,52,7,53,0,49,3,47,-7,50,-11,48,-16,43,-23,46,-25,42,-36,36,-36,36,-45,34,-46,31,-50,34,-53,25,-56,25,-60,21,-65,26,-73,20,-65,18,-74,22,-77,18,-74,0,0]"
CSI_DATA,176,1a:00:00:00:00:00,-51,11,1,0,1,1,1,0,0,0,1,-96,0,11,2,2646964,0,44,0,384,0,"[0,0,0,0,0,0,0,0,0,0,0,0,8,7,8,6,8,6,7,5,7,5,6,5,6,4,5,4,5,3,5,3,4,3,4,3,4,2,3,2,2,1,2,2,2,0,2,1,1,1,0,1,0,0,0,1,-1,1,-1,0,-1,0,-2,1,0,0,-2,0,-3,0,-3,0,-3,0,-4,0,-4,0,-4,0,-4,0,-4,1,-4,0,-4,0,-5,0,-5,0,-4,0,-4,0,-4,1,-5,0,-5,0,-5,0,-5,0,-5,0,-5,0,-5,-1,-5,-1,-4,-1,-4,-1,0,0,0,0,0,0,0,0,0,0,0,0,0,0,46,47,43,50,48,49,45,49,39,45,37,45,40,38,36,36,33,32,32,29,31,26,30,25,28,24,24,20,25,18,26,17,18,13,17,12,14,14,20,7,21,17,8,12,7,7,0,7,7,0,0,3,-1,4,-6,2,-3,4,-5,5,-8,5,-13,5,-14,5,-19,0,-15,4,-19,1,-22,-2,-19,1,-19,1,-18,3,-20,1,-20,0,-25,1,-24,0,-22,-1,-21,-2,-24,1,-21,5,-22,4,-23,2,-24,1,-26,3,-26,-2,-25,-1,-26,-2,-21,-8,-23,-5,0,0,0,0,0,0,0,0,0,0,0,0,0,0,0,0,0,0,0,0,0,0,-8,-66,-3,-68,-1,-70,0,-75,1,-72,5,-72,2,-70,6,-71,2,-74,4,-74,6,-73,6,-75,2,-77,0,-77,-4,-80,-5,-78,-7,-80,-8,-76,-7,-76,-11,-77,-14,-75,-20,-76,-19,-71,-13,-72,-15,-69,-21,-69,-24,-65,-27,-63,-26,-57,-30,-57,-32,-50,-33,-53,-35,-44,-39,-41,-40,-36,-41,-34,-41,-31,-41,-22,-48,-18,-43,-13,-45,-13,-47,-3,-49,0,-49,0,-52,5,-47,18,-47,18,-46,26,-51,28,-50,29,-53,32,-56,39,-56,41,-55,44,-56,44,-49,47,-53,51,0,0]"
CSI_DATA,177,1a:00:00:00:00:00,-51,11,1,0,1,1,1,0,0,0,1,-96,0,11,2,2666590,0,44,0,384,0,"[0,0,0,0,0,0,0,0,0,0,0,0,8,-7,7,-7,7,-7,7,-6,6,-6,6,-6,5,-6,4,-5,4,-5,4,-4,3,-4,3,-4,3,-4,2,-3,2,-3,2,-3,2,-2,1,-2,1,-1,1,-1,1,0,1,0,0,0,0,1,1,1,0,1,0,0,0,2,0,2,0,2,0,2,0,3,0,3,0,3,0,3,-1,3,-1,3,-1,3,0,3,0,3,0,4,-1,4,-1,4,0,4,-1,4,-1,4,-1,4,-1,4,-1,4,-1,4,-1,4,-2,4,-2,3,0,0,0,0,0,0,0,0,0,0,0,0,0,0,69,-22,65,-21,60,-22,58,-26,56,-23,55,-24,48,-24,46,-21,43,-17,38,-22,37,-21,37,-21,34,-19,29,-17,27,-14,19,-16,24,-13,22,-10,15,-7,11,-9,13,-6,11,-3,4,-7,9,-3,3,1,7,1,1,7,2,4,0,7,4,9,4,15,0,15,-2,13,-3,13,-4,18,-5,18,-1,17,-2,21,-2,19,-7,23,-4,24,-8,22,-1,21,-5,23,-1,27,-2,23,-6,23,-5,21,-4,27,-1,23,-8,26,-8,26,-6,22,-8,23,-8,21,-11,21,-14,21,0,0,0,0,0,0,0,0,0,0,0,0,0,0,0,0,0,0,0,0,0,0,-64,-40,-64,-43,-64,-42,-60,-49,-63,-49,-62,-51,-63,-48,-60,-49,-70,-50,-65,-46,-65,-52,-66,-50,-71,-46,-71,-50,-73,-51,-67,-39,-72,-42,-72,-40,-73,-37,-77,-36,-73,-30,-75,-34,-69,-29,-76,-26,-76,-26,-75,-18,-70,-21,-76,-13,-65,-10,-69,-7,-58,5,-65,3,-59,3,-55,10,-56,11,-52,16,-51,21,-41,25,-44,24,-38,31,-30,35,-26,39,-20,41,-22,42,-15,48,-7,46,-2,52,-2,55,7,59,4,58,9,59,14,66,18,69,13,62,16,70,22,70,23,73,0,0]"
CSI_DATA,178,1a:00:00:00:00:00,-51,11,1,0,1,1,1,0,0,0,1,-96,0,11,2,2676768,0,44,0,384,0,"[0,0,0,0,0,0,0,0,0,0,0,0,6,7,6,6,6,6,6,5,5,5,5,5,4,4,4,4,4,4,4,3,3,3,3,2,3,2,2,2,2,1,1,2,1,1,1,1,1,1,0,0,0,0,-1,0,-1,1,-2,1,-2,0,-2,0,0,0,-3,1,-3,0,-3,0,-3,0,-4,0,-4,0,-4,0,-4,0,-4,0,-4,0,-5,0,-5,0,-5,0,-5,0,-5,0,-4,0,-5,0,-5,0,-5,0,-5,0,-5,0,-5,0,-5,-1,-5,-1,-5,-1,-4,-1,0,0,0,0,0,0,0,0,0,0,0,0,0,0,34,55,35,53,43,48,30,44,38,47,31,45,34,39,30,39,29,29,29,32,28,28,27,25,22,21,23,18,17,14,18,19,13,16,12,13,16,15,11,8,8,11,8,12,2,9,-1,3,-2,4,-1,3,-4,4,-9,8,-11,2,-8,8,-11,4,-12,6,-15,4,-18,4,-19,4,-21,3,-21,4,-22,0,-22,5,-18,3,-22,3,-24,0,-27,4,-24,3,-25,5,-23,5,-23,5,-25,7,-28,4,-23,4,-27,4,-22,4,-26,0,-26,1,-26,2,-25,-3,-23,-3,0,0,0,0,0,0,0,0,0,0,0,0,0,0,0,0,0,0,0,0,0,0,24,-64,28,-68,31,-65,36,-68,35,-66,35,-67,37,-67,32,-68,37,-71,39,-68,41,-72,40,-72,35,-74,38,-76,31,-85,32,-71,29,-81,27,-76,23,-78,20,-78,17,-77,21,-81,16,-75,15,-76,13,-73,6,-77,3,-73,1,-72,-2,-66,-2,-68,-11,-62,-12,-59,-17,-56,-19,-54,-23,-53,-25,-47,-26,-40,-28,-33,-32,-35,-36,-29,-39,-24,-41,-15,-43,-15,-48,-10,-51,-5,-50,-1,-50,9,-51,11,-56,12,-54,19,-52,19,-58,22,-60,32,-52,26,-60,31,-62,38,-57,35,0,0]"
CSI_DATA,179,1a:00:00:00:00:00,-51,11,1,0,1,1,1,0,0,0,1,-96,0,11,2,2686649,0,44,0,384,0,"[0,0,0,0,0,0,0,0,0,0,0,0,6,-9,6,-9,5,-8,6,-7,4,-7,4,-7,3,-6,3,-6,3,-6,2,-5,2,-5,2,-5,2,-4,2,-4,1,-3,1,-3,1,-2,1,-2,1,-1,1,-1,1,-1,1,0,0,0,1,1,1,1,1,1,0,0,1,2,1,2,1,3,1,3,1,3,1,3,1,3,1,3,1,3,1,3,1,4,1,3,1,3,2,4,1,4,1,4,2,4,1,4,1,4,1,4,1,4,1,4,1,4,1,4,0,4,0,4,0,0,0,0,0,0,0,0,0,0,0,0,0,0,27,-17,25,-17,24,-16,23,-18,20,-21,18,-17,16,-17,17,-17,16,-17,12,-14,12,-15,10,-14,10,-14,10,-12,6,-10,8,-10,6,-10,5,-9,7,-7,5,-5,3,-5,2,-2,2,-3,4,-3,2,-1,3,1,2,2,3,1,3,4,3,3,3,5,4,7,2,7,2,8,3,8,1,8,3,11,2,10,3,8,3,11,4,10,4,12,3,10,6,9,3,12,5,12,4,11,4,11,5,9,6,10,4,12,4,14,4,12,2,11,4,10,2,12,2,11,0,0,0,0,0,0,0,0,0,0,0,0,0,0,0,0,0,0,0,0,0,0,-30,-21,-31,-24,-29,-24,-30,-25,-29,-26,-29,-27,-27,-28,-29,-28,-30,-28,-31,-26,-31,-26,-33,-25,-36,-25,-34,-25,-34,-25,-34,-24,-36,-24,-36,-21,-38,-18,-36,-20,-35,-20,-37,-18,-37,-15,-38,-12,-38,-13,-35,-9,-37,-8,-35,-8,-34,-6,-35,-2,-32,0,-30,3,-28,3,-27,4,-27,6,-24,9,-22,10,-20,13,-18,15,-16,17,-16,16,-12,19,-10,21,-8,23,-4,21,-5,25,0,24,3,23,4,26,5,25,9,26,10,26,10,28,14,28,16,29,15,28,17,29,0,0]"
CSI_DATA,180,1a:00:00:00:00:00,-51,11,1,0,1,1,1,0,0,0,1,-96,0,11,2,2696634,0,44,0,384,0,"[0,0,0,0,0,0,0,0,0,0,0,0,7,6,6,6,6,5,6,5,6,4,5,4,5,3,4,3,4,3,4,2,3,2,3,2,3,2,2,1,2,1,1,1,1,1,0,1,0,1,0,0,-1,0,-1,0,-2,1,-2,0,-2,0,-2,0,0,0,-3,1,-3,0,-4,1,-3,1,-4,0,-4,1,-4,1,-4,0,-4,1,-5,1,-5,0,-5,0,-5,0,-5,0,-5,1,-5,1,-5,1,-5,1,-5,1,-5,1,-5,1,-5,0,-5,0,-5,0,-5,0,-5,0,0,0,0,0,0,0,0,0,0,0,0,0,0,0,16,20,14,21,16,22,15,21,12,20,12,19,13,16,13,14,12,15,11,14,9,11,10,11,9,10,9,8,7,9,6,8,6,6,5,6,4,4,4,4,2,4,1,3,-1,2,-1,2,-1,1,-3,2,-2,3,-4,1,-7,2,-5,0,-7,1,-8,0,-8,2,-10,1,-7,1,-11,0,-10,2,-11,0,-11,0,-10,1,-9,0,-12,1,-11,1,-13,1,-12,1,-10,1,-12,2,-12,1,-12,1,-11,1,-11,1,-13,0,-13,-1,-12,-1,-12,-3,-11,-2,-11,-4,0,0,0,0,0,0,0,0,0,0,0,0,0,0,0,0,0,0,0,0,0,0,1,-30,4,-29,4,-25,11,-42,6,-40,6,-36,19,-34,8,-30,13,-29,14,-30,15,-36,12,-36,13,-33,15,-33,16,-32,19,-36,19,-43,5,-26,9,-54,-2,-46,18,-33,19,-36,15,-43,7,-44,2,-44,-1,-27,-2,-40,-5,-38,-8,-38,-13,-38,-15,-30,5,-28,-22,-19,-2,-34,-9,-35,-15,-31,-9,-10,-16,-17,-16,-15,-19,-14,-20,-10,-20,-8,-20,-5,-21,-4,-22,-3,-21,1,-22,2,-22,4,-22,6,-23,8,-22,10,-26,12,-26,12,-25,10,-24,15,-28,14,-27,15,0,0]"
CSI_DATA,181,1a:00:00:00:00:00,-51,11,1,0,1,1,1,0,0,0,1,-96,0,11,2,2706566,0,44,0,384,0,"[0,0,0,0,0,0,0,0,0,0,0,0,7,5,7,4,7,4,7,4,6,3,5,3,5,3,5,2,4,2,4,2,3,2,3,2,2,1,2,1,2,1,2,1,1,1,0,0,0,1,0,0,0,0,-1,0,-2,1,-2,0,-2,0,-2,1,0,0,-3,1,-3,1,-4,1,-3,2,-4,1,-4,1,-4,1,-4,1,-4,1,-4,2,-4,2,-5,1,-4,1,-4,2,-5,2,-4,2,-5,2,-4,2,-4,2,-4,2,-5,2,-5,1,-5,1,-5,1,-5,1,-5,1,0,0,0,0,0,0,0,0,0,0,0,0,0,0,22,23,22,19,17,19,20,16,19,17,18,17,18,15,17,13,15,11,13,10,14,9,12,8,12,8,11,8,10,6,9,4,10,4,7,4,4,4,3,4,3,0,1,1,2,0,1,2,-1,2,-2,4,-2,4,-2,3,-4,3,-4,2,-6,3,-8,5,-9,3,-10,4,-6,4,-11,4,-11,4,-11,4,-12,5,-12,5,-10,4,-12,4,-11,5,-12,5,-12,7,-11,6,-10,7,-12,5,-11,6,-10,6,-11,6,-10,6,-14,7,-12,4,-14,6,-12,4,-12,2,0,0,0,0,0,0,0,0,0,0,0,0,0,0,0,0,0,0,0,0,0,0,10,-34,12,-37,14,-36,16,-36,15,-34,15,-35,16,-36,16,-36,15,-38,16,-36,16,-37,16,-39,16,-40,16,-41,12,-42,14,-41,11,-42,9,-40,10,-41,6,-42,6,-44,5,-41,3,-40,3,-38,1,-40,-1,-37,-1,-37,-4,-36,-5,-32,-6,-34,-10,-30,-9,-29,-10,-25,-12,-26,-16,-24,-16,-20,-15,-20,-20,-19,-17,-15,-19,-12,-20,-10,-22,-5,-22,-6,-23,-2,-25,0,-23,1,-24,4,-23,7,-25,10,-23,11,-24,13,-25,17,-23,15,-24,18,-24,20,-28,23,-25,21,0,0]"
CSI_DATA,182,1a:00:00:00:00:00,-51,11,1,0,1,1,1,0,0,0,1,-96,0,11,2,2716564,0,44,0,384,0,"[0,0,0,0,0,0,0,0,0,0,0,0,-9,3,-9,3,-8,2,-8,2,-7,2,-7,2,-6,2,-6,2,-5,2,-5,1,-4,2,-4,2,-4,1,-3,1,-3,0,-2,0,-2,0,-1,-1,-2,-1,-2,-1,-1,-1,-1,-2,0,-2,-1,-2,-1,-2,0,-3,0,0,0,-4,-1,-3,0,-4,0,-4,0,-4,0,-4,0,-5,0,-5,0,-5,0,-5,0,-6,0,-5,0,-5,-1,-5,0,-5,-1,-5,-1,-5,-1,-6,-1,-6,0,-6,0,-6,-1,-5,0,-5,0,-5,0,-5,1,-5,0,0,0,0,0,0,0,0,0,0,0,0,0,0,-55,21,-61,19,-49,21,-49,15,-52,17,-43,16,-42,16,-38,15,-37,12,-32,15,-27,12,-30,16,-26,12,-22,13,-16,10,-16,10,-20,8,-13,4,-12,6,-10,1,-7,4,-6,-4,-6,2,-1,-2,-1,0,-3,-5,-2,-9,1,-11,0,-9,-2,-17,-1,-19,-1,-19,1,-16,4,-20,2,-21,3,-17,4,-23,3,-21,0,-28,0,-29,4,-29,5,-27,1,-23,4,-24,-1,-24,2,-26,-2,-25,4,-25,0,-26,0,-30,1,-28,3,-30,4,-26,6,-25,9,-25,6,-26,7,-27,0,0,0,0,0,0,0,0,0,0,0,0,0,0,0,0,0,0,0,0,0,0,61,44,54,47,55,52,55,52,54,55,54,53,46,57,51,56,52,55,55,57,58,53,62,60,64,52,62,57,62,53,66,52,68,50,68,50,65,46,68,45,67,40,69,42,71,40,68,34,66,28,64,27,69,20,66,23,63,16,63,17,61,8,56,4,60,1,58,3,52,-8,50,-10,47,-14,41,-19,42,-20,34,-24,35,-29,31,-30,21,-34,25,-40,20,-39,8,-41,12,-47,5,-48,5,-55,-2,-56,-4,-55,-9,-56,-9,-55,-14,-58,-14,-60,-16,-67,-18,-66,0,0]"
CSI_DATA,183,1a:00:00:00:00:00,-51,11,1,0,1,1,1,0,0,0,1,-96,0,11,2,2729796,0,44,0,384,0,"[0,0,0,0,0,0,0,0,0,0,0,0,-4,-9,-4,-9,-4,-8,-4,-7,-4,-7,-3,-6,-3,-6,-3,-6,-3,-4,-3,-4,-3,-4,-2,-4,-2,-3,-1,-2,-2,-2,-1,-2,-1,-2,0,-2,0,-1,0,-1,1,-1,1,-1,1,-1,2,-1,2,0,2,0,0,0,3,0,3,1,4,0,3,0,4,1,4,0,4,1,4,1,4,0,4,0,4,1,4,1,4,1,5,1,5,0,4,0,5,0,5,0,5,0,4,1,5,0,4,1,4,1,4,1,4,1,4,2,0,0,0,0,0,0,0,0,0,0,0,0,0,0,-20,-54,-20,-53,-22,-47,-19,-48,-21,-50,-21,-44,-16,-40,-22,-41,-19,-33,-18,-34,-17,-29,-16,-23,-12,-24,-11,-25,-13,-19,-12,-17,-6,-13,-6,-10,-2,-12,-5,-8,-3,-6,-1,-10,2,-6,6,-6,0,-6,9,-2,10,0,13,1,14,0,11,0,14,2,17,5,20,5,21,4,21,6,26,7,23,1,23,5,26,5,27,6,28,8,25,8,27,4,25,8,29,4,28,6,27,7,28,6,27,10,25,8,27,8,25,8,27,9,28,8,27,8,23,13,22,10,0,0,0,0,0,0,0,0,0,0,0,0,0,0,0,0,0,0,0,0,0,0,-21,68,-29,67,-28,69,-32,72,-33,67,-37,74,-38,69,-37,69,-35,70,-36,67,-38,74,-34,75,-33,75,-34,72,-31,77,-36,74,-30,80,-29,77,-24,81,-27,81,-24,77,-21,82,-20,75,-18,79,-17,74,-9,75,-8,68,-7,71,-4,66,-3,63,5,56,7,63,7,60,12,51,14,54,16,49,20,42,26,39,29,32,30,28,34,27,34,22,40,22,41,14,44,10,48,13,45,3,47,-8,47,-9,51,-10,54,-12,61,-13,55,-18,56,-21,61,-22,59,-17,55,-24,0,0]"
CSI_DATA,184,1a:00:00:00:00:00,-51,11,1,0,1,1,1,0,0,0,1,-96,0,11,2,2736578,0,44,0,384,0,"[0,0,0,0,0,0,0,0,0,0,0,0,2,7,2,7,2,6,2,7,2,5,2,5,1,4,2,4,1,4,1,3,1,3,1,2,1,2,0,1,0,1,-1,1,-1,1,-1,1,-1,0,-1,0,-2,0,-2,0,-3,-1,-3,0,-3,-1,-4,-1,0,0,-4,-1,-4,-1,-5,-1,-5,-1,-5,-1,-5,-1,-5,-1,-5,-1,-5,-1,-5,-1,-5,0,-6,-1,-6,-1,-6,-1,-5,-1,-5,-1,-6,-1,-5,-1,-6,-1,-5,-1,-5,-1,-6,-1,-5,-1,-6,-1,-5,-2,-5,-2,0,0,0,0,0,0,0,0,0,0,0,0,0,0,-12,61,-13,54,-7,52,-6,46,-6,45,-7,44,-5,40,-4,43,1,32,0,35,-2,29,2,27,1,25,-1,18,-1,18,2,15,-5,16,0,14,-6,3,0,9,-1,5,-3,2,-4,1,-8,1,-6,1,-9,0,-8,-6,-12,-8,-14,-10,-15,-10,-13,-8,-19,-10,-22,-8,-21,-13,-21,-13,-24,-16,-21,-11,-26,-14,-29,-12,-25,-12,-27,-15,-26,-16,-30,-14,-27,-15,-25,-12,-26,-13,-26,-12,-28,-11,-25,-15,-27,-11,-25,-13,-29,-17,-27,-13,-26,-13,-23,-17,-24,-17,-22,-21,0,0,0,0,0,0,0,0,0,0,0,0,0,0,0,0,0,0,0,0,0,0,68,-15,73,-12,73,-11,77,-5,77,-7,77,-3,72,-2,78,-6,80,-5,76,-9,80,-10,82,-14,81,-19,82,-14,82,-18,80,-14,80,-19,77,-21,75,-25,76,-30,70,-31,77,-31,67,-33,60,-34,67,-38,66,-39,60,-42,57,-41,52,-39,49,-44,43,-44,34,-46,33,-43,34,-49,20,-49,20,-47,14,-46,9,-47,6,-42,-1,-46,-7,-40,-11,-40,-21,-39,-24,-38,-26,-36,-25,-33,-30,-33,-38,-30,-44,-27,-46,-26,-48,-21,-57,-21,-57,-24,-59,-20,-59,-18,-55,-16,-55,-17,0,0]"
CSI_DATA,185,1a:00:00:00:00:00,-51,11,1,0,1,1,1,0,0,0,1,-96,0,11,2,2756628,0,44,0,384,0,"[0,0,0,0,0,0,0,0,0,0,0,0,6,5,5,5,6,4,5,4,4,3,3,3,4,3,3,2,3,2,2,2,2,2,1,2,1,1,1,1,0,1,0,1,0,1,-1,1,-2,1,-2,0,-2,1,-3,1,-3,1,-3,1,-4,1,-4,1,0,0,-4,2,-5,2,-4,2,-4,2,-5,2,-5,2,-5,3,-5,3,-5,3,-6,3,-5,3,-6,3,-5,3,-5,3,-5,3,-5,3,-5,3,-5,3,-5,3,-5,3,-5,3,-5,3,-5,3,-5,3,-5,3,-5,2,0,0,0,0,0,0,0,0,0,0,0,0,0,0,29,44,31,37,34,40,27,38,27,30,28,34,23,28,25,25,21,24,20,24,21,20,21,16,14,17,11,16,13,12,8,7,13,9,4,5,1,10,4,6,1,6,-5,6,-6,7,-9,6,-12,6,-14,8,-12,5,-14,7,-21,9,-16,9,-21,12,-23,6,-22,10,-26,14,-26,9,-29,16,-33,15,-28,16,-32,14,-29,14,-28,14,-29,14,-31,14,-29,16,-27,18,-26,14,-29,18,-27,20,-29,18,-24,15,-27,17,-29,15,-25,15,-26,16,-28,11,-27,13,-31,12,0,0,0,0,0,0,0,0,0,0,0,0,0,0,0,0,0,0,0,0,0,0,51,-47,54,-45,55,-49,58,-46,59,-47,61,-45,59,-47,60,-52,55,-50,61,-50,61,-53,59,-54,56,-57,59,-56,55,-60,51,-63,52,-64,47,-65,47,-65,41,-69,41,-70,40,-72,34,-66,32,-67,25,-69,25,-68,19,-69,14,-63,13,-61,11,-65,4,-58,0,-56,-4,-56,-7,-52,-15,-51,-17,-43,-19,-40,-21,-38,-26,-33,-29,-30,-31,-27,-35,-21,-38,-23,-38,-12,-44,-5,-48,-2,-48,2,-44,7,-47,8,-50,15,-48,16,-49,22,-57,26,-51,25,-50,28,-51,29,-56,35,0,0]"
CSI_DATA,186,1a:00:00:00:00:00,-51,11,1,0,1,1,1,0,0,0,1,-96,0,11,2,2777358,0,44,0,384,0,"[0,0,0,0,0,0,0,0,0,0,0,0,-6,-6,-6,-6,-6,-5,-5,-5,-5,-4,-5,-4,-4,-3,-4,-3,-4,-3,-3,-2,-3,-2,-2,-2,-2,-2,-1,-2,-1,-2,0,-2,-1,-2,0,-2,0,-2,1,-2,1,-2,1,-2,2,-3,2,-3,2,-3,2,-4,0,0,2,-4,3,-4,3,-4,3,-5,3,-4,4,-5,3,-5,4,-4,3,-5,3,-6,3,-5,3,-5,3,-5,3,-5,3,-5,3,-5,3,-5,3,-5,3,-5,3,-5,3,-6,3,-5,3,-5,3,-5,3,-5,3,-5,0,0,0,0,0,0,0,0,0,0,0,0,0,0,-40,-40,-38,-36,-39,-35,-31,-35,-36,-33,-30,-31,-33,-23,-29,-21,-24,-20,-24,-13,-24,-20,-19,-15,-22,-15,-11,-11,-15,-11,-9,-10,-7,-10,-5,-11,-3,-8,0,-11,2,-8,1,-9,6,-10,7,-13,7,-13,13,-12,12,-14,12,-18,14,-13,11,-20,16,-22,19,-19,20,-20,21,-21,20,-21,22,-25,22,-27,27,-26,23,-26,19,-25,19,-24,20,-26,19,-29,17,-32,19,-30,24,-22,17,-26,20,-31,16,-31,20,-28,18,-28,21,-27,22,-29,20,-28,19,-23,19,-25,21,-19,0,0,0,0,0,0,0,0,0,0,0,0,0,0,0,0,0,0,0,0,0,0,-43,54,-46,50,-52,50,-55,54,-55,54,-59,48,-57,51,-57,53,-53,53,-54,58,-51,59,-50,61,-51,65,-49,65,-45,65,-44,67,-42,69,-42,69,-36,72,-40,74,-30,69,-31,71,-27,72,-23,73,-19,69,-13,66,-9,67,-10,68,-6,65,-1,62,3,61,8,57,9,57,12,51,13,49,20,43,27,38,25,33,30,27,35,25,31,18,37,15,33,9,40,7,38,1,38,-6,41,-10,43,-15,43,-22,44,-24,42,-27,42,-30,45,-36,45,-36,42,-40,45,-40,40,-41,0,0]"
CSI_DATA,187,1a:00:00:00:00:00,-50,11,1,0,1,1,1,0,0,0,1,-96,0,11,2,2786561,0,44,0,384,0,"[0,0,0,0,0,0,0,0,0,0,0,0,0,-9,0,-8,0,-8,0,-7,0,-6,0,-6,-1,-5,-1,-5,0,-5,0,-4,-1,-3,0,-4,0,-3,0,-3,1,-2,1,-2,1,-2,1,-2,1,-2,2,-1,2,-1,3,-1,3,-1,4,-1,4,-2,4,-1,0,0,4,-2,5,-2,5,-2,5,-2,5,-2,6,-3,6,-2,6,-3,6,-2,5,-3,5,-3,6,-3,6,-3,5,-3,5,-4,5,-4,5,-4,5,-4,5,-4,5,-3,5,-3,5,-4,5,-3,5,-3,5,-3,5,-2,0,0,0,0,0,0,0,0,0,0,0,0,0,0,6,-52,4,-56,3,-46,6,-44,0,-41,-1,-36,-4,-36,-3,-38,-1,-36,-4,-32,0,-30,0,-24,-3,-22,0,-28,-3,-14,-2,-18,4,-18,2,-12,4,-14,5,-9,7,-7,9,-4,9,-8,12,-7,9,-8,13,-7,17,-7,20,-8,19,-9,24,-11,24,-7,28,-6,33,-11,28,-8,32,-11,32,-11,31,-9,31,-11,37,-16,35,-10,34,-15,36,-17,34,-20,33,-18,27,-19,33,-21,32,-15,29,-20,34,-20,29,-20,30,-16,29,-17,30,-15,28,-15,31,-15,31,-14,32,-11,0,0,0,0,0,0,0,0,0,0,0,0,0,0,0,0,0,0,0,0,0,0,-63,-35,-62,-40,-66,-39,-68,-44,-63,-45,-64,-43,-66,-42,-67,-45,-70,-43,-76,-37,-78,-37,-78,-34,-79,-29,-79,-25,-81,-27,-82,-23,-82,-19,-83,-16,-80,-13,-82,-10,-81,-12,-85,-3,-77,0,-76,7,-73,10,-70,14,-71,19,-71,19,-60,24,-60,28,-56,27,-52,29,-43,37,-40,36,-40,36,-29,36,-19,39,-13,40,-10,38,-4,40,2,41,6,42,10,39,15,37,24,35,17,31,29,32,32,29,39,25,43,26,48,21,54,17,57,19,53,10,55,12,58,9,61,10,0,0]"
CSI_DATA,188,1a:00:00:00:00:00,-50,11,1,0,1,1,1,0,0,0,1,-96,0,11,2,2796565,0,44,0,384,0,"[0,0,0,0,0,0,0,0,0,0,0,0,-4,7,-3,7,-3,6,-3,6,-3,5,-2,5,-2,4,-2,4,-2,3,-2,3,-2,2,-2,2,-2,2,-2,1,-2,1,-2,1,-3,0,-3,0,-3,0,-3,0,-4,0,-4,-1,-4,-1,-5,-1,-5,-1,-5,-1,0,0,-6,-1,-6,-1,-6,-1,-6,-1,-7,-1,-7,-1,-7,-1,-7,-1,-7,-1,-7,-1,-7,0,-7,0,-7,0,-7,0,-7,0,-7,0,-7,1,-7,0,-7,1,-7,0,-7,0,-7,0,-7,0,-7,0,-7,0,-7,-1,0,0,0,0,0,0,0,0,0,0,0,0,0,0,37,38,35,40,29,36,30,36,29,34,26,32,25,27,22,23,26,24,23,22,19,20,20,19,17,15,15,11,12,9,10,11,10,9,4,10,3,11,3,15,-5,12,3,9,-1,14,-5,16,-8,16,-9,16,-4,16,-11,21,-10,19,-11,20,-13,25,-11,24,-19,28,-16,31,-13,30,-20,26,-14,35,-16,32,-17,32,-13,31,-13,31,-12,32,-10,36,-13,31,-12,34,-12,34,-13,38,-9,33,-11,33,-7,34,-9,32,-7,33,-11,38,-13,31,-13,31,-11,29,-15,29,0,0,0,0,0,0,0,0,0,0,0,0,0,0,0,0,0,0,0,0,0,0,68,-18,71,-18,75,-17,73,-17,74,-15,79,-15,74,-17,76,-23,74,-22,73,-26,76,-27,74,-28,72,-37,76,-41,74,-41,71,-43,71,-41,68,-46,63,-47,64,-54,59,-56,56,-61,49,-61,52,-54,46,-62,42,-60,38,-59,34,-64,26,-63,25,-64,16,-58,12,-59,6,-52,1,-58,-1,-51,-7,-52,-11,-43,-14,-45,-18,-34,-25,-34,-26,-35,-33,-25,-35,-20,-38,-14,-38,-11,-47,-2,-49,4,-43,2,-47,8,-48,17,-49,17,-54,18,-59,24,-51,24,-51,25,-53,23,-46,30,0,0]"
CSI_DATA,189,1a:00:00:00:00:00,-51,11,1,0,1,1,1,0,0,0,1,-96,0,11,2,2806809,0,44,0,384,0,"[0,0,0,0,0,0,0,0,0,0,0,0,-2,-8,-2,-8,-2,-7,-2,-7,-2,-6,-2,-6,-2,-6,-2,-5,-2,-5,-1,-4,-1,-4,-1,-4,0,-3,0,-3,0,-3,0,-3,0,-3,0,-3,1,-2,2,-2,2,-3,3,-2,2,-3,3,-3,3,-3,3,-4,0,0,4,-3,4,-4,4,-3,4,-4,5,-4,5,-4,4,-4,5,-4,4,-4,4,-5,4,-4,5,-4,4,-4,5,-5,4,-5,4,-5,4,-5,4,-5,4,-5,4,-5,4,-5,4,-5,4,-5,4,-5,4,-4,4,-4,0,0,0,0,0,0,0,0,0,0,0,0,0,0,5,-60,-4,-47,-4,-51,3,-53,-5,-44,-6,-48,-6,-42,-6,-39,-5,-34,-5,-37,-8,-28,-10,-25,-4,-25,-5,-20,-4,-18,-4,-20,5,-20,7,-16,6,-18,3,-9,6,-12,5,-12,12,-13,14,-5,14,-8,16,-14,17,-10,17,-19,18,-13,20,-21,20,-16,22,-19,24,-21,27,-22,24,-17,23,-24,23,-25,24,-25,29,-25,30,-18,25,-21,26,-23,25,-25,24,-26,22,-29,26,-27,26,-27,15,-31,23,-27,22,-27,20,-28,24,-27,24,-26,19,-30,24,-24,26,-23,25,-24,0,0,0,0,0,0,0,0,0,0,0,0,0,0,0,0,0,0,0,0,0,0,-61,-32,-65,-40,-62,-42,-67,-44,-60,-44,-68,-45,-65,-46,-69,-41,-69,-40,-70,-36,-73,-38,-76,-32,-77,-25,-83,-27,-85,-22,-78,-21,-87,-18,-80,-9,-85,-4,-84,-6,-80,-5,-80,1,-72,4,-76,7,-73,12,-76,14,-67,18,-63,21,-58,27,-60,35,-51,35,-47,39,-45,39,-36,38,-33,39,-28,41,-20,40,-13,38,-7,39,-2,41,1,37,9,37,14,41,21,37,23,32,34,31,29,27,34,24,45,20,39,21,46,13,54,10,52,10,55,10,58,4,59,4,63,-1,0,0]"
CSI_DATA,190,1a:00:00:00:00:00,-50,11,1,0,1,1,1,0,0,0,1,-96,0,11,2,2816574,0,44,0,384,0,"[0,0,0,0,0,0,0,0,0,0,0,0,3,-9,2,-8,2,-7,2,-7,2,-7,1,-6,1,-6,1,-5,1,-5,1,-4,0,-4,1,-4,1,-3,1,-3,1,-3,1,-3,1,-2,2,-2,2,-2,2,-2,3,-2,3,-2,3,-1,4,-2,4,-1,4,-2,0,0,4,-1,5,-2,5,-2,5,-2,5,-1,5,-2,6,-2,6,-2,6,-1,6,-2,6,-2,6,-2,6,-2,6,-3,5,-2,5,-3,6,-3,5,-3,5,-3,5,-3,5,-2,6,-3,5,-3,5,-2,5,-2,5,-2,0,0,0,0,0,0,0,0,0,0,0,0,0,0,24,-46,26,-46,17,-47,18,-47,9,-46,9,-41,13,-37,11,-38,11,-33,7,-29,3,-30,7,-28,5,-24,4,-22,8,-19,6,-17,5,-15,3,-16,6,-11,10,-12,9,-12,14,-7,11,-11,15,-13,17,-13,20,-5,22,-7,21,-8,20,-9,22,-4,29,-10,30,-7,27,-11,29,-9,31,-11,32,-14,32,-11,28,-9,32,-14,30,-12,35,-13,33,-14,33,-14,30,-18,30,-21,33,-17,31,-18,29,-20,30,-18,33,-24,29,-15,32,-19,29,-18,29,-18,26,-18,28,-13,30,-17,0,0,0,0,0,0,0,0,0,0,0,0,0,0,0,0,0,0,0,0,0,0,-33,-66,-32,-65,-33,-72,-28,-72,-31,-71,-29,-69,-31,-71,-34,-71,-38,-65,-43,-70,-46,-70,-47,-68,-52,-63,-57,-58,-53,-60,-57,-62,-63,-58,-61,-54,-66,-44,-66,-48,-70,-42,-74,-40,-71,-38,-71,-35,-69,-24,-73,-18,-71,-18,-74,-13,-66,-7,-62,0,-63,0,-59,6,-56,9,-51,18,-50,19,-44,26,-37,25,-32,32,-30,33,-23,32,-20,33,-14,38,-8,38,-3,44,3,41,12,36,16,42,20,39,25,37,31,40,41,40,40,36,41,37,46,38,47,30,47,35,56,29,0,0]"
CSI_DATA,191,1a:00:00:00:00:00,-50,11,1,0,1,1,1,0,0,0,1,-96,0,11,2,2826592,0,44,0,384,0,"[0,0,0,0,0,0,0,0,0,0,0,0,-1,8,0,8,0,7,0,7,0,6,0,6,0,6,0,5,0,4,0,4,0,4,-1,4,-1,3,-1,3,-1,2,-1,3,-2,2,-2,2,-2,2,-3,2,-3,2,-3,2,-3,2,-4,2,-4,2,-5,3,0,0,-4,3,-5,3,-5,3,-5,3,-6,3,-6,3,-6,4,-5,4,-5,4,-5,4,-5,4,-6,4,-6,4,-5,4,-5,4,-5,4,-5,4,-4,4,-4,4,-5,5,-5,5,-5,5,-5,5,-5,4,-5,4,-5,3,0,0,0,0,0,0,0,0,0,0,0,0,0,0,1,26,2,27,4,25,4,23,4,25,4,21,5,21,4,17,3,17,5,15,2,14,3,13,3,12,3,12,2,9,2,9,1,9,0,11,-1,6,-2,9,-3,7,-3,7,-4,7,-5,8,-7,9,-7,7,-8,8,-9,8,-9,9,-9,9,-11,8,-12,9,-11,9,-11,10,-12,10,-11,13,-12,14,-12,11,-12,13,-10,11,-13,15,-11,13,-11,15,-9,14,-10,14,-10,13,-11,14,-9,16,-9,14,-10,14,-9,13,-12,13,-9,15,-9,15,-10,12,-13,12,-11,12,0,0,0,0,0,0,0,0,0,0,0,0,0,0,0,0,0,0,0,0,0,0,30,14,31,16,34,18,32,21,35,18,30,18,32,18,34,19,34,16,37,19,39,14,37,13,39,12,39,11,39,7,42,8,40,4,41,5,40,3,40,-1,39,-3,41,-1,41,-6,38,-9,37,-9,37,-12,33,-12,29,-13,30,-18,27,-19,25,-19,22,-18,21,-20,17,-21,16,-20,11,-23,9,-22,5,-22,4,-21,-1,-21,-4,-19,-6,-21,-9,-18,-12,-19,-11,-16,-18,-16,-18,-15,-19,-14,-22,-14,-27,-10,-26,-9,-27,-7,-27,-4,-33,-5,-30,-4,-29,-5,-31,0,0,0]"
CSI_DATA,192,1a:00:00:00:00:00,-50,11,1,0,1,1,1,0,0,0,1,-96,0,11,2,2836556,0,44,0,384,0,"[0,0,0,0,0,0,0,0,0,0,0,0,-6,6,-5,6,-4,5,-5,5,-4,5,-4,5,-3,4,-3,4,-3,3,-3,3,-3,3,-2,3,-3,2,-3,2,-2,1,-2,1,-3,1,-3,1,-3,1,-3,1,-4,0,-4,1,-4,0,-4,0,-4,0,-5,0,0,0,-5,0,-5,0,-6,0,-6,0,-6,0,-6,1,-6,1,-6,1,-6,0,-6,1,-6,1,-6,1,-6,1,-6,2,-6,1,-6,1,-6,2,-6,1,-6,2,-6,2,-6,2,-6,2,-6,2,-6,1,-6,1,-6,1,0,0,0,0,0,0,0,0,0,0,0,0,0,0,-47,43,-42,37,-37,35,-36,40,-32,39,-32,37,-23,35,-24,30,-23,28,-19,27,-18,27,-15,30,-16,23,-12,21,-12,16,-15,15,-15,15,-11,13,-13,17,-14,11,-14,7,-17,6,-13,8,-17,4,-15,6,-17,2,-21,2,-22,6,-23,2,-26,1,-29,3,-34,5,-28,4,-31,0,-37,1,-33,0,-30,4,-32,1,-34,8,-33,5,-33,5,-38,5,-33,10,-36,8,-32,12,-37,7,-38,9,-35,13,-32,10,-33,11,-35,15,-37,11,-30,15,-30,11,-30,7,-30,6,-30,4,0,0,0,0,0,0,0,0,0,0,0,0,0,0,0,0,0,0,0,0,0,0,-2,76,-1,73,-3,76,-4,74,-5,80,-6,82,-1,78,0,77,4,80,6,80,11,84,14,82,18,82,21,81,22,79,23,78,30,77,32,80,34,72,40,71,45,63,43,66,52,65,48,56,54,53,57,49,54,45,57,37,62,32,57,27,57,22,58,20,55,10,56,6,53,-1,48,-6,46,-13,44,-14,41,-19,34,-31,33,-35,29,-32,21,-38,11,-42,10,-45,4,-37,-2,-44,-6,-44,-9,-48,-15,-50,-15,-53,-25,-48,-27,-46,-32,-50,-33,-51,-33,-54,-34,-51,0,0]"
CSI_DATA,193,1a:00:00:00:00:00,-50,11,1,0,1,1,1,0,0,0,1,-96,0,11,2,2856980,0,44,0,384,0,"[0,0,0,0,0,0,0,0,0,0,0,0,0,8,0,9,0,7,0,7,0,6,0,6,0,6,0,5,0,5,0,4,0,4,0,4,0,3,-1,3,-1,3,-1,3,-1,3,-2,3,-2,3,-2,3,-2,3,-3,2,-2,3,-3,3,-3,3,-3,3,0,0,-3,3,-4,3,-5,3,-4,3,-5,3,-4,4,-5,4,-5,4,-4,4,-4,4,-4,4,-5,4,-4,4,-4,4,-4,4,-4,4,-4,5,-4,4,-4,5,-3,5,-3,4,-4,5,-4,4,-4,4,-4,4,-4,3,0,0,0,0,0,0,0,0,0,0,0,0,0,0,-25,52,-19,46,-23,49,-20,46,-18,47,-17,40,-14,45,-13,41,-7,35,-9,33,-7,36,-8,28,-4,31,-8,24,-8,22,-4,20,-7,23,-9,19,-9,12,-9,15,-8,17,-8,13,-10,17,-13,13,-13,15,-17,10,-14,9,-19,12,-21,10,-22,11,-22,11,-26,13,-24,13,-25,17,-26,13,-26,18,-28,15,-30,18,-30,21,-26,16,-32,14,-32,17,-26,17,-28,20,-31,21,-26,22,-29,15,-27,22,-27,23,-21,23,-29,20,-27,22,-27,22,-22,17,-28,17,-23,19,-28,13,0,0,0,0,0,0,0,0,0,0,0,0,0,0,0,0,0,0,0,0,0,0,30,63,29,70,27,70,27,72,26,68,29,70,29,71,34,69,36,71,37,65,42,71,42,65,48,69,54,69,56,67,50,60,58,62,58,55,65,53,62,48,63,46,71,40,61,38,71,36,67,32,71,25,67,20,71,15,63,8,63,6,61,-1,56,-8,52,-12,54,-16,49,-15,45,-24,37,-25,36,-29,30,-34,22,-36,18,-37,9,-38,5,-46,-1,-44,-8,-46,-17,-46,-14,-46,-22,-38,-25,-39,-28,-42,-34,-38,-39,-41,-46,-40,-42,-33,-50,-39,-53,-38,-53,-32,0,0]"
CSI_DATA,194,1a:00:00:00:00:00,-50,11,1,0,1,1,1,0,0,0,1,-96,0,11,2,2867111,0,44,0,384,0,"[0,0,0,0,0,0,0,0,0,0,0,0,-1,9,-1,8,0,7,0,7,0,6,0,6,0,6,0,5,0,5,0,5,0,4,0,4,0,4,-1,3,-1,3,-1,3,-1,3,-1,3,-2,2,-2,2,-2,2,-3,2,-3,2,-2,2,-3,3,-3,3,0,0,-3,3,-4,3,-4,3,-4,3,-4,3,-4,3,-5,4,-4,4,-4,4,-4,4,-4,4,-4,4,-4,4,-4,5,-4,4,-4,4,-3,4,-4,4,-3,4,-4,4,-3,4,-4,4,-4,4,-4,4,-4,4,-4,3,0,0,0,0,0,0,0,0,0,0,0,0,0,0,-29,47,-23,51,-23,51,-25,48,-18,50,-19,45,-13,42,-19,35,-12,35,-7,36,-7,35,-9,31,-3,27,-6,27,-4,26,-6,21,-6,22,-10,22,-7,16,-8,19,-9,18,-11,12,-13,14,-13,10,-17,12,-18,13,-20,6,-22,12,-20,14,-21,13,-19,8,-23,11,-24,15,-23,17,-25,12,-30,16,-28,18,-26,18,-29,16,-28,16,-29,19,-31,13,-23,20,-28,20,-27,14,-28,19,-24,19,-29,27,-27,19,-26,21,-27,21,-29,17,-25,23,-21,20,-31,17,-29,17,-27,16,0,0,0,0,0,0,0,0,0,0,0,0,0,0,0,0,0,0,0,0,0,0,22,69,25,74,25,73,17,74,26,72,24,77,24,74,28,72,32,74,32,74,37,72,40,72,50,65,51,69,50,69,49,65,55,64,53,59,61,54,65,56,63,51,68,44,64,42,71,34,66,34,67,28,61,17,68,16,65,10,60,7,64,2,59,-4,56,-7,54,-14,50,-11,45,-24,40,-28,36,-29,24,-32,28,-34,21,-33,15,-39,10,-45,3,-43,-2,-43,-16,-38,-12,-45,-16,-40,-23,-42,-27,-40,-36,-41,-37,-37,-42,-44,-48,-34,-53,-37,-50,-36,-53,-39,0,0]"
CSI_DATA,195,1a:00:00:00:00:00,-50,11,1,0,1,1,1,0,0,0,1,-96,0,11,2,2887174,0,44,0,384,0,"[0,0,0,0,0,0,0,0,0,0,0,0,0,8,0,7,0,7,0,6,0,6,0,6,0,5,0,5,0,5,0,4,0,4,0,4,0,3,0,3,0,3,-1,3,-1,3,-1,3,-1,2,-2,2,-2,2,-2,2,-2,3,-2,2,-2,3,-2,3,0,0,-3,3,-4,3,-3,3,-3,3,-4,3,-4,4,-4,3,-4,4,-4,4,-3,3,-3,4,-4,4,-3,4,-3,4,-3,4,-3,4,-3,4,-3,4,-3,4,-3,4,-3,4,-3,4,-4,4,-4,4,-3,3,-4,3,0,0,0,0,0,0,0,0,0,0,0,0,0,0,-4,56,-2,57,1,55,4,52,6,49,2,48,5,41,6,43,6,38,6,39,14,33,7,32,9,31,7,30,10,23,7,24,4,19,5,24,-3,18,5,18,3,20,-2,14,-3,17,-2,19,-8,17,-9,19,-5,18,-9,22,-7,21,-11,19,-10,20,-10,18,-10,24,-9,22,-14,22,-15,21,-13,27,-17,26,-13,30,-15,29,-12,27,-16,25,-11,26,-11,30,-9,31,-9,31,-14,29,-12,32,-10,32,-11,32,-10,31,-10,27,-8,34,-11,29,-9,30,-13,28,-15,27,0,0,0,0,0,0,0,0,0,0,0,0,0,0,0,0,0,0,0,0,0,0,45,51,47,54,48,58,46,61,48,61,47,57,50,58,47,59,54,57,59,53,58,54,61,53,64,48,69,42,70,48,71,42,75,39,74,33,78,28,73,23,75,20,79,18,75,15,75,10,73,3,72,2,67,-3,62,-9,64,-12,62,-21,56,-23,54,-25,46,-24,43,-34,42,-35,33,-35,27,-39,25,-42,14,-40,9,-37,3,-42,-1,-44,-11,-41,-14,-37,-17,-39,-25,-41,-32,-36,-32,-28,-40,-30,-47,-28,-48,-25,-55,-21,-53,-24,-55,-15,-58,-15,-57,-13,-59,-10,0,0]"
CSI_DATA,196,1a:00:00:00:00:00,-50,11,1,0,1,1,1,0,0,0,1,-96,0,11,2,2896578,0,44,0,384,0,"[0,0,0,0,0,0,0,0,0,0,0,0,-7,5,-7,5,-6,5,-6,4,-6,4,-5,4,-5,4,-4,4,-4,4,-4,3,-4,3,-3,3,-4,2,-3,2,-3,2,-3,2,-3,2,-3,2,-4,1,-3,1,-3,1,-4,1,-4,0,-4,0,-4,0,-4,0,0,0,-5,0,-5,0,-5,0,-5,0,-5,0,-5,0,-5,0,-5,0,-6,0,-5,0,-6,0,-6,1,-6,1,-5,1,-5,1,-6,1,-5,1,-6,1,-6,1,-6,1,-6,1,-6,1,-5,1,-5,1,-5,0,-5,0,0,0,0,0,0,0,0,0,0,0,0,0,0,0,-57,28,-51,28,-47,32,-42,32,-42,29,-36,30,-34,23,-37,24,-30,21,-27,23,-22,24,-23,24,-15,23,-24,21,-19,16,-18,16,-21,20,-21,15,-16,14,-16,8,-16,11,-12,6,-17,8,-15,10,-15,5,-15,4,-21,6,-17,4,-20,2,-25,3,-20,2,-27,4,-23,6,-25,3,-26,3,-23,-1,-29,0,-28,4,-30,0,-29,3,-29,1,-31,0,-28,4,-31,4,-32,6,-31,10,-29,7,-34,7,-33,8,-32,6,-30,12,-32,7,-27,6,-30,2,-25,6,-31,3,-30,2,0,0,0,0,0,0,0,0,0,0,0,0,0,0,0,0,0,0,0,0,0,0,-17,65,-18,71,-21,70,-25,73,-22,70,-23,72,-18,72,-15,77,-11,76,-13,73,-10,80,-5,81,-4,81,-1,82,2,83,3,78,12,85,11,79,18,79,22,73,24,75,29,75,32,66,35,70,37,63,38,61,45,57,47,54,44,42,48,41,47,36,53,27,48,26,50,19,50,13,47,8,44,-1,42,-6,35,-6,40,-13,39,-19,31,-25,30,-27,30,-33,17,-36,15,-38,11,-43,8,-43,4,-48,-4,-51,-2,-54,-9,-54,-14,-57,-16,-52,-22,-56,-21,-57,-26,-52,0,0]"
CSI_DATA,197,1a:00:00:00:00:00,-50,11,1,0,1,1,1,0,0,0,1,-96,0,11,2,2906559,0,44,0,384,0,"[0,0,0,0,0,0,0,0,0,0,0,0,-6,-7,-6,-6,-6,-6,-6,-6,-6,-6,-5,-5,-5,-5,-5,-4,-5,-4,-5,-4,-4,-4,-4,-3,-4,-3,-3,-3,-3,-3,-3,-3,-3,-3,-2,-3,-2,-3,-2,-3,-2,-3,-2,-3,-1,-4,-1,-4,-1,-4,-1,-4,0,0,-1,-5,-1,-5,-1,-5,-1,-5,-1,-5,-1,-5,-1,-5,-1,-5,-1,-5,-1,-6,-1,-6,-1,-5,-1,-5,-1,-5,-1,-6,-2,-6,-1,-6,-2,-5,-2,-6,-2,-5,-1,-6,-1,-5,-1,-5,-1,-5,-1,-5,-1,-5,0,0,0,0,0,0,0,0,0,0,0,0,0,0,-27,-56,-30,-47,-26,-42,-26,-46,-29,-40,-33,-38,-28,-33,-30,-38,-28,-33,-24,-25,-28,-32,-23,-22,-23,-22,-22,-23,-25,-19,-20,-19,-21,-20,-16,-18,-19,-17,-13,-16,-8,-17,-12,-16,-8,-19,-6,-17,-3,-17,-3,-18,-5,-21,-3,-22,-4,-22,-3,-22,-2,-22,-1,-25,-2,-23,2,-23,2,-28,2,-27,0,-29,1,-32,-1,-33,2,-30,1,-28,-1,-29,-1,-31,-2,-31,-1,-34,-4,-31,-4,-32,-2,-31,-4,-31,-8,-29,-1,-29,-1,-30,-2,-29,-5,-31,-1,-33,4,-28,3,-28,0,0,0,0,0,0,0,0,0,0,0,0,0,0,0,0,0,0,0,0,0,0,-70,-3,-74,-6,-73,-4,-76,-3,-78,-7,-76,-7,-76,-6,-76,-1,-77,-3,-77,1,-78,4,-79,5,-83,10,-83,17,-84,20,-77,21,-78,25,-75,25,-75,28,-78,33,-73,32,-72,42,-64,40,-59,47,-60,47,-56,49,-50,49,-49,52,-37,49,-37,52,-27,50,-23,55,-22,50,-13,51,-8,50,-5,50,4,47,8,42,10,40,20,37,21,37,23,29,30,29,30,26,35,19,35,16,38,15,47,6,50,2,49,-5,53,-12,50,-9,55,-7,55,-17,54,-20,53,-21,56,-27,0,0]"
CSI_DATA,198,1a:00:00:00:00:00,-55,11,1,0,1,1,1,0,0,0,1,-96,0,11,2,2916725,0,44,0,384,0,"[0,0,0,0,0,0,0,0,0,0,0,0,7,-1,7,-1,6,-1,6,-1,6,-1,6,-1,5,-1,5,-1,5,0,4,0,4,0,3,0,3,0,2,0,2,1,1,1,1,1,1,1,0,1,0,1,1,1,1,2,1,2,1,2,1,3,1,3,0,0,1,4,1,4,1,4,1,4,1,5,1,5,1,5,1,5,1,5,1,5,1,5,1,5,1,5,1,5,1,5,2,5,2,5,2,5,2,5,2,5,2,4,2,4,2,4,2,4,2,3,2,3,0,0,0,0,0,0,0,0,0,0,0,0,0,0,16,-57,15,-56,14,-54,13,-53,12,-52,10,-50,9,-48,8,-45,7,-43,6,-41,5,-38,5,-36,4,-34,4,-32,3,-30,3,-27,4,-26,4,-25,5,-23,6,-22,6,-21,7,-20,8,-19,9,-18,10,-17,11,-17,12,-16,14,-15,15,-15,16,-14,18,-14,19,-14,20,-14,20,-14,21,-15,22,-15,23,-15,23,-15,24,-15,24,-15,24,-15,24,-15,25,-15,25,-15,25,-15,25,-15,25,-15,25,-15,26,-15,25,-15,25,-14,25,-14,26,-13,26,-13,26,-12,27,-11,27,-11,0,0,0,0,0,0,0,0,0,0,0,0,0,0,0,0,0,0,0,0,0,0,-67,-31,-68,-32,-68,-33,-68,-34,-69,-34,-70,-35,-71,-34,-72,-34,-74,-32,-75,-31,-77,-29,-78,-28,-80,-26,-80,-24,-82,-21,-83,-19,-83,-16,-84,-13,-83,-11,-82,-8,-82,-4,-81,-1,-79,2,-78,5,-75,8,-73,11,-70,15,-67,19,-64,21,-60,25,-57,27,-52,30,-47,32,-43,34,-37,36,-32,37,-27,38,-22,39,-16,40,-11,40,-6,40,0,40,5,40,10,39,15,38,20,37,24,36,29,34,33,33,37,31,40,29,44,28,48,27,50,27,53,26,56,26,57,25,0,0]"
CSI_DATA,199,1a:00:00:00:00:00,-50,11,1,0,1,1,1,0,0,0,1,-96,0,11,2,2936584,0,44,0,384,0,"[0,0,0,0,0,0,0,0,0,0,0,0,-4,-9,-5,-8,-4,-8,-4,-8,-4,-7,-4,-6,-4,-6,-4,-6,-4,-5,-4,-5,-3,-5,-3,-5,-3,-4,-3,-4,-3,-4,-3,-4,-2,-4,-2,-4,-2,-3,-2,-3,-1,-3,-1,-4,-1,-4,-1,-3,-1,-4,-1,-4,0,0,0,-4,0,-4,0,-4,0,-5,0,-4,0,-5,0,-5,0,-5,0,-5,0,-5,0,-5,0,-5,0,-5,0,-5,0,-5,0,-6,0,-5,-1,-6,0,-6,0,-5,0,-5,0,-5,0,-5,1,-5,0,-5,1,-5,0,0,0,0,0,0,0,0,0,0,0,0,0,0,-7,-63,-2,-56,-6,-61,-8,-52,-8,-53,-6,-55,-10,-45,-13,-46,-8,-41,-12,-40,-10,-40,-10,-37,-10,-34,-13,-31,-13,-29,-12,-29,-5,-26,-4,-21,-8,-25,-8,-23,-5,-22,-4,-22,-1,-20,-1,-21,2,-17,3,-16,1,-16,4,-18,7,-25,5,-26,2,-22,6,-21,12,-22,12,-19,6,-24,13,-28,13,-21,16,-25,17,-25,11,-24,11,-22,10,-24,17,-32,9,-27,11,-28,11,-26,12,-26,9,-30,9,-24,8,-27,11,-26,14,-24,13,-28,10,-25,13,-27,13,-23,13,-22,0,0,0,0,0,0,0,0,0,0,0,0,0,0,0,0,0,0,0,0,0,0,-64,-28,-67,-29,-71,-36,-71,-38,-66,-36,-70,-35,-68,-36,-71,-33,-70,-38,-78,-24,-79,-25,-77,-24,-84,-19,-83,-15,-82,-16,-80,-12,-85,-11,-82,-8,-84,0,-84,-2,-85,1,-84,11,-75,11,-78,18,-73,23,-73,25,-68,24,-65,34,-57,32,-57,37,-50,38,-49,41,-39,39,-38,45,-33,44,-27,46,-16,48,-10,46,-7,47,5,45,4,47,9,41,17,43,18,40,23,40,25,33,33,31,39,33,44,21,41,26,49,17,52,16,58,12,52,12,58,6,60,4,61,3,0,0]"
CSI_DATA,200,1a:00:00:00:00:00,-50,11,1,0,1,1,1,0,0,0,1,-96,0,11,2,2946608,0,44,0,384,0,"[0,0,0,0,0,0,0,0,0,0,0,0,6,6,6,5,6,5,6,4,6,4,5,4,5,3,5,3,4,3,4,2,4,2,4,2,3,2,3,2,3,2,2,2,2,2,2,2,2,2,2,2,1,2,1,2,1,2,1,2,1,2,1,3,0,0,1,3,0,3,0,3,0,4,0,3,0,3,0,4,0,4,0,4,0,4,0,4,0,4,0,4,0,4,0,4,0,4,0,4,0,4,0,5,0,4,0,4,0,4,0,4,-1,4,-1,4,-1,4,0,0,0,0,0,0,0,0,0,0,0,0,0,0,34,52,28,48,33,44,30,39,29,39,34,40,27,33,28,34,25,28,30,31,26,31,23,27,25,23,21,21,20,20,20,18,19,17,17,13,18,13,13,13,14,17,10,13,9,14,7,16,7,13,7,16,4,16,7,20,7,20,2,19,5,19,5,21,2,21,0,21,2,21,0,24,1,29,-2,24,0,24,3,26,4,23,3,22,1,29,6,25,2,28,-1,22,4,28,2,31,2,27,4,23,3,28,6,28,1,31,-4,29,-3,30,-1,24,-4,24,0,0,0,0,0,0,0,0,0,0,0,0,0,0,0,0,0,0,0,0,0,0,66,-9,74,-11,69,-11,75,-6,72,-4,81,-6,76,-10,77,-12,81,-13,74,-11,75,-21,77,-20,79,-19,78,-25,80,-30,69,-28,78,-34,66,-38,75,-45,65,-46,61,-48,63,-47,57,-46,56,-50,50,-52,48,-58,40,-56,41,-59,30,-55,29,-58,17,-53,18,-58,9,-54,7,-58,2,-49,-5,-47,-9,-49,-13,-45,-15,-45,-24,-41,-30,-41,-28,-33,-36,-31,-36,-24,-45,-24,-47,-9,-50,-9,-42,-2,-52,1,-47,3,-55,10,-56,10,-61,10,-51,15,-57,16,-59,26,-58,24,0,0]"
CSI_DATA,201,1a:00:00:00:00:00,-50,11,1,0,1,1,1,0,0,0,1,-96,0,11,2,2967061,0,44,0,384,0,"[0,0,0,0,0,0,0,0,0,0,0,0,9,3,8,2,8,2,8,2,7,1,7,1,7,1,6,1,5,1,5,1,5,1,5,0,4,0,4,0,3,0,3,0,3,1,3,1,3,1,3,1,2,0,2,1,2,1,2,1,2,1,2,2,0,0,2,2,2,2,2,2,2,2,2,2,2,3,2,3,2,3,2,3,2,4,2,3,2,3,2,3,2,3,3,3,3,3,3,3,2,3,3,4,2,4,2,4,2,4,2,3,1,4,1,4,1,4,0,0,0,0,0,0,0,0,0,0,0,0,0,0,52,32,47,33,53,33,53,26,47,25,43,18,47,18,45,18,40,15,36,16,37,15,34,14,33,10,29,13,31,6,26,4,24,8,22,7,23,4,23,8,20,7,17,6,15,8,14,8,13,9,12,11,10,7,10,6,12,11,11,11,11,13,11,13,9,13,7,14,11,15,10,21,10,21,12,21,13,22,15,20,16,16,12,19,9,20,10,22,14,22,15,23,14,25,13,24,16,21,13,23,11,23,14,24,13,27,12,26,7,27,7,24,6,20,0,0,0,0,0,0,0,0,0,0,0,0,0,0,0,0,0,0,0,0,0,0,53,-44,57,-46,56,-45,61,-47,58,-45,61,-47,61,-49,59,-49,59,-50,56,-51,59,-56,59,-57,55,-62,55,-63,52,-66,50,-65,44,-74,37,-71,40,-71,34,-72,31,-75,28,-73,25,-76,21,-75,16,-75,14,-70,8,-72,1,-72,1,-68,-7,-64,-12,-62,-12,-62,-18,-57,-24,-53,-25,-49,-28,-45,-29,-41,-36,-34,-41,-33,-39,-24,-45,-18,-44,-15,-46,-7,-44,-4,-47,2,-50,7,-50,11,-46,19,-48,23,-45,28,-47,33,-45,32,-49,38,-39,36,-45,48,-46,48,-41,55,0,0]"
CSI_DATA,202,1a:00:00:00:00:00,-50,11,1,0,1,1,1,0,0,0,1,-96,0,11,2,2976590,0,44,0,384,0,"[0,0,0,0,0,0,0,0,0,0,0,0,7,-6,7,-6,6,-6,6,-6,5,-6,5,-5,4,-6,4,-5,3,-5,3,-5,3,-5,3,-4,2,-4,3,-4,2,-4,2,-3,2,-3,2,-3,2,-2,2,-2,2,-2,2,-2,2,-2,2,-2,2,-2,2,-1,0,0,3,-1,3,-1,3,-1,3,-1,3,-1,3,-1,3,0,4,0,3,0,4,0,3,0,4,0,4,0,4,0,4,0,4,0,4,-1,4,0,4,0,4,0,4,0,4,0,4,0,4,0,4,1,3,1,0,0,0,0,0,0,0,0,0,0,0,0,0,0,52,-39,43,-40,46,-38,40,-36,39,-35,36,-32,40,-35,34,-36,26,-32,20,-31,22,-27,18,-30,20,-26,19,-25,19,-26,17,-26,14,-26,12,-22,15,-21,14,-16,12,-15,14,-15,13,-14,13,-11,13,-12,13,-9,14,-8,15,-12,15,-8,15,-7,18,-5,16,-1,16,-5,17,-7,23,-4,19,-3,16,-2,20,-1,23,-2,24,-1,24,-6,25,-3,24,0,22,-3,25,-3,24,-5,29,-3,24,-2,25,2,26,2,29,3,29,2,27,0,23,0,25,6,27,4,26,9,0,0,0,0,0,0,0,0,0,0,0,0,0,0,0,0,0,0,0,0,0,0,-37,-63,-35,-63,-35,-64,-33,-67,-30,-68,-31,-68,-33,-66,-35,-71,-35,-70,-44,-69,-45,-70,-46,-69,-50,-65,-54,-68,-53,-63,-56,-63,-56,-62,-58,-58,-59,-55,-63,-51,-58,-47,-67,-45,-63,-41,-67,-34,-69,-34,-67,-29,-70,-25,-65,-21,-66,-14,-68,-13,-62,-5,-59,-4,-59,2,-56,11,-50,11,-52,16,-46,25,-41,27,-40,28,-34,34,-30,40,-26,40,-25,43,-15,45,-13,44,-10,50,-4,48,5,48,9,50,12,52,20,55,24,50,29,56,29,55,31,54,30,58,31,54,0,0]"
CSI_DATA,203,1a:00:00:00:00:00,-50,11,1,0,1,1,1,0,0,0,1,-96,0,11,2,2986978,0,44,0,384,0,"[0,0,0,0,0,0,0,0,0,0,0,0,1,9,1,9,2,8,1,8,2,7,2,7,2,6,2,6,2,5,2,5,1,5,1,5,1,4,1,3,1,3,1,3,1,3,0,3,0,3,0,3,0,2,-1,2,-1,2,-1,2,-1,2,-1,3,0,0,-1,3,-2,2,-2,3,-2,3,-2,3,-3,3,-2,3,-3,3,-3,3,-3,3,-3,3,-3,3,-3,3,-3,3,-3,3,-3,3,-3,3,-3,3,-3,3,-3,3,-3,3,-3,3,-4,3,-4,3,-4,3,-4,2,0,0,0,0,0,0,0,0,0,0,0,0,0,0,0,63,-3,62,-1,53,0,59,3,55,7,49,4,46,7,46,10,49,7,39,11,37,8,37,10,33,7,34,6,29,6,28,8,24,7,23,7,20,10,22,5,18,4,18,2,16,2,17,1,15,-4,14,0,14,-4,16,-10,14,-7,16,-7,16,-6,17,-8,21,-8,15,-13,18,-9,19,-12,21,-12,17,-15,23,-11,15,-12,21,-17,19,-17,19,-12,21,-13,23,-13,22,-10,22,-13,22,-13,18,-14,20,-14,20,-15,20,-17,22,-18,23,-20,19,-20,15,-21,16,0,0,0,0,0,0,0,0,0,0,0,0,0,0,0,0,0,0,0,0,0,0,68,20,67,22,70,23,72,20,72,23,66,23,67,23,69,24,72,25,72,22,74,16,78,13,79,10,81,8,82,4,80,5,79,0,81,-2,79,-13,81,-12,77,-9,76,-17,77,-20,69,-24,69,-26,65,-27,63,-35,56,-35,56,-38,51,-40,48,-42,42,-47,38,-46,31,-47,28,-48,22,-47,17,-52,11,-49,7,-49,-2,-48,-9,-48,-16,-45,-18,-46,-26,-46,-25,-40,-33,-36,-36,-37,-44,-33,-43,-28,-50,-24,-51,-23,-58,-19,-62,-22,-60,-16,-62,-15,-62,-9,-66,-7,0,0]"
CSI_DATA,204,1a:00:00:00:00:00,-50,11,1,0,1,1,1,0,0,0,1,-96,0,11,2,3016976,0,44,0,384,0,"[0,0,0,0,0,0,0,0,0,0,0,0,9,3,8,2,9,2,7,2,7,1,7,1,6,1,6,1,6,1,6,0,5,1,5,1,4,0,4,0,4,0,3,0,3,0,3,0,2,0,2,0,2,0,2,0,2,1,2,1,2,1,1,2,0,0,1,2,1,2,1,2,1,2,1,2,1,2,1,3,1,3,2,3,2,3,1,3,1,3,1,3,1,3,2,3,2,3,1,3,2,3,2,4,2,4,2,4,1,3,1,4,1,3,1,4,0,4,0,0,0,0,0,0,0,0,0,0,0,0,0,0,56,32,58,34,57,27,54,26,55,24,50,25,48,18,48,16,42,14,42,10,42,9,34,13,36,6,35,8,32,5,28,8,30,4,26,4,27,4,20,4,18,0,17,3,14,-1,15,5,12,5,9,7,14,4,8,5,12,7,12,9,14,14,11,13,13,10,10,15,13,16,8,18,9,15,5,25,9,16,12,11,13,21,13,21,10,23,9,25,9,18,10,23,13,24,9,23,8,22,9,22,11,21,9,26,8,24,10,27,7,24,6,25,3,28,0,0,0,0,0,0,0,0,0,0,0,0,0,0,0,0,0,0,0,0,0,0,54,-43,58,-38,59,-40,64,-42,62,-41,61,-46,60,-48,63,-43,61,-47,62,-51,58,-51,55,-55,57,-60,55,-63,53,-65,47,-61,47,-73,45,-66,38,-69,40,-73,33,-78,32,-73,27,-72,25,-75,19,-75,18,-75,8,-73,5,-72,-1,-70,-9,-68,-12,-61,-15,-60,-19,-58,-24,-55,-26,-51,-29,-48,-32,-40,-37,-35,-40,-32,-42,-29,-44,-16,-49,-13,-50,-8,-46,-2,-49,3,-51,13,-51,15,-54,20,-49,27,-47,31,-50,38,-47,39,-49,42,-46,41,-43,50,-45,53,-35,61,0,0]"
CSI_DATA,205,1a:00:00:00:00:00,-50,11,1,0,1,1,1,0,0,0,1,-96,0,11,2,3037131,0,44,0,384,0,"[0,0,0,0,0,0,0,0,0,0,0,0,-11,1,-10,2,-10,2,-9,1,-9,2,-8,2,-8,2,-7,2,-7,2,-6,2,-6,2,-5,2,-5,1,-5,1,-5,1,-4,1,-4,1,-3,0,-4,0,-3,0,-3,-1,-3,0,-3,-1,-3,-1,-3,-1,-2,-2,0,0,-3,-2,-3,-2,-3,-2,-3,-3,-2,-3,-3,-3,-3,-3,-3,-3,-3,-4,-3,-4,-3,-4,-3,-3,-3,-4,-3,-4,-3,-4,-3,-4,-3,-4,-3,-4,-3,-4,-3,-4,-3,-5,-3,-4,-3,-5,-2,-5,-2,-5,-2,-5,0,0,0,0,0,0,0,0,0,0,0,0,0,0,-65,0,-68,-1,-62,-4,-58,6,-60,7,-56,1,-54,6,-51,7,-49,5,-37,6,-38,10,-37,11,-38,13,-33,9,-35,6,-26,9,-26,4,-28,8,-26,4,-18,9,-21,6,-17,-1,-22,6,-15,5,-12,0,-11,-1,-16,-5,-14,-6,-16,-5,-15,-8,-11,-7,-10,-10,-9,-13,-10,-11,-13,-13,-11,-14,-8,-15,-14,-18,-14,-17,-15,-16,-14,-18,-13,-20,-13,-21,-14,-17,-12,-20,-20,-19,-17,-21,-18,-21,-16,-21,-14,-22,-17,-27,-17,-25,-18,-23,-12,-25,-13,-20,-11,-26,-11,-26,0,0,0,0,0,0,0,0,0,0,0,0,0,0,0,0,0,0,0,0,0,0,-2,69,-6,67,-7,72,-10,72,-12,75,-9,73,-11,72,-12,72,-7,76,-4,74,-1,77,1,82,5,80,5,83,9,80,8,84,15,83,14,80,19,75,16,80,24,73,26,77,31,70,31,67,35,65,38,63,38,60,45,54,46,50,43,46,52,42,50,32,52,29,49,25,55,21,53,14,52,9,52,3,47,-2,50,-10,45,-14,41,-18,47,-23,44,-29,34,-29,30,-39,31,-40,28,-43,23,-53,22,-54,21,-55,19,-63,21,-67,12,-62,12,-67,14,-75,8,-72,0,0]"
CSI_DATA,206,1a:00:00:00:00:00,-50,11,1,0,1,1,1,0,0,0,1,-96,0,11,2,3056628,0,44,0,384,0,"[0,0,0,0,0,0,0,0,0,0,0,0,-9,6,-8,5,-8,5,-8,5,-7,4,-7,5,-6,4,-6,4,-5,4,-5,3,-4,4,-4,3,-4,3,-4,3,-3,2,-3,2,-2,2,-2,1,-2,2,-2,1,-3,1,-3,1,-2,0,-3,0,-3,0,-2,0,0,0,-3,-1,-3,-1,-3,-1,-3,-1,-3,-2,-3,-2,-3,-2,-3,-2,-4,-2,-4,-3,-4,-2,-4,-2,-4,-2,-4,-2,-4,-3,-4,-3,-4,-2,-4,-2,-4,-3,-4,-3,-4,-3,-4,-3,-4,-3,-4,-3,-3,-3,-3,-3,0,0,0,0,0,0,0,0,0,0,0,0,0,0,-58,22,-58,23,-62,28,-52,29,-49,30,-48,24,-43,27,-38,30,-37,25,-37,26,-34,25,-29,25,-27,23,-23,22,-23,21,-22,21,-19,19,-19,18,-16,16,-14,12,-12,7,-14,9,-12,11,-9,14,-11,10,-12,5,-11,3,-12,2,-14,0,-15,-2,-13,-5,-16,-5,-13,-4,-12,-1,-16,-6,-16,-5,-18,-8,-15,-10,-18,-12,-19,-14,-19,-13,-19,-13,-22,-11,-19,-15,-20,-12,-21,-14,-22,-12,-21,-10,-20,-13,-20,-15,-23,-12,-20,-17,-18,-14,-21,-15,-18,-17,-20,-18,-18,-22,0,0,0,0,0,0,0,0,0,0,0,0,0,0,0,0,0,0,0,0,0,0,24,63,25,63,19,66,20,69,22,67,22,71,23,68,26,74,24,69,28,68,29,71,32,69,35,70,40,68,39,69,43,68,46,68,45,64,53,63,49,63,51,61,54,56,54,50,58,48,59,51,62,38,60,34,65,28,58,24,61,20,59,14,57,9,58,8,58,2,52,0,52,-7,51,-14,45,-20,45,-23,41,-30,37,-36,31,-36,29,-43,27,-47,21,-45,17,-43,15,-49,5,-52,0,-53,-3,-63,-3,-64,-8,-60,-13,-66,-14,-63,-15,-65,-22,-71,-25,-71,0,0]"
CSI_DATA,207,1a:00:00:00:00:00,-50,11,1,0,1,1,1,0,0,0,1,-96,0,11,2,3078422,0,44,0,384,0,"[0,0,0,0,0,0,0,0,0,0,0,0,-6,9,-5,9,-5,8,-5,7,-4,7,-4,7,-4,6,-3,6,-3,6,-3,5,-3,5,-2,4,-2,4,-2,3,-2,3,-2,3,-2,3,-1,2,-2,2,-2,1,-2,1,-2,1,-2,1,-2,0,-2,0,-2,0,0,0,-2,0,-3,-1,-3,-1,-3,-1,-3,-1,-4,-1,-4,-1,-4,-1,-4,-2,-3,-2,-4,-2,-4,-2,-4,-2,-4,-2,-4,-2,-4,-2,-4,-2,-4,-2,-4,-2,-5,-3,-4,-3,-4,-3,-4,-3,-4,-3,-4,-3,-4,-3,0,0,0,0,0,0,0,0,0,0,0,0,0,0,-43,54,-39,50,-36,54,-32,49,-28,49,-26,46,-28,45,-22,37,-22,39,-18,43,-15,37,-14,35,-10,34,-13,32,-12,30,-9,26,-9,26,-9,22,-8,21,-8,15,-5,18,-8,15,-9,15,-5,12,-8,8,-11,7,-6,5,-7,4,-8,4,-11,3,-10,2,-12,-2,-12,1,-13,0,-14,-4,-14,-2,-13,-6,-18,-2,-18,-4,-21,-7,-18,-8,-25,-9,-21,-5,-21,-6,-25,-5,-19,-7,-19,-5,-22,-7,-25,-6,-21,-11,-23,-9,-22,-13,-22,-8,-24,-12,-17,-9,-24,-14,-17,-12,0,0,0,0,0,0,0,0,0,0,0,0,0,0,0,0,0,0,0,0,0,0,62,24,62,25,62,26,68,32,65,34,67,32,66,31,68,31,68,29,69,27,71,33,71,27,73,26,73,26,72,21,74,20,78,15,75,14,76,16,78,12,78,9,74,6,73,3,72,-4,74,-5,71,-5,70,-11,62,-16,60,-23,63,-24,52,-25,51,-29,48,-29,47,-35,41,-39,37,-42,33,-38,27,-44,20,-42,16,-47,12,-49,5,-48,3,-52,-5,-49,-10,-46,-11,-47,-21,-46,-24,-47,-30,-53,-29,-49,-37,-47,-42,-44,-48,-45,-48,-45,-49,-44,-51,-48,-57,-41,0,0]"
CSI_DATA,208,1a:00:00:00:00:00,-51,11,1,0,1,1,1,0,0,0,1,-96,0,11,2,3086994,0,44,0,384,0,"[0,0,0,0,0,0,0,0,0,0,0,0,7,7,6,7,7,7,6,6,6,6,6,5,5,5,5,4,5,4,5,3,4,3,4,3,4,2,3,2,2,2,3,2,2,2,2,2,2,1,1,1,1,1,0,1,0,1,-1,1,0,1,-1,1,0,0,-1,2,-2,1,-2,1,-2,1,-3,1,-3,1,-3,1,-3,1,-3,2,-3,2,-3,2,-4,2,-4,1,-3,1,-4,2,-4,2,-4,2,-4,2,-4,2,-4,2,-4,2,-4,2,-5,1,-5,1,-4,1,-4,1,0,0,0,0,0,0,0,0,0,0,0,0,0,0,44,50,41,46,44,43,39,45,40,42,39,46,37,33,35,33,32,31,32,32,32,29,25,24,27,23,23,13,27,22,21,16,23,14,19,14,18,11,18,8,10,9,9,12,10,7,1,8,4,7,6,8,1,6,-5,4,-4,11,-2,7,0,8,-4,8,-6,9,-8,8,-9,13,-15,12,-15,13,-12,11,-17,12,-14,11,-11,13,-13,12,-18,14,-17,15,-18,13,-15,14,-16,14,-18,12,-18,10,-18,12,-23,12,-21,14,-24,11,-23,10,-24,6,-23,5,-21,8,0,0,0,0,0,0,0,0,0,0,0,0,0,0,0,0,0,0,0,0,0,0,12,-65,19,-70,21,-69,24,-71,25,-71,27,-68,29,-69,27,-69,27,-70,25,-71,25,-70,22,-76,21,-77,23,-77,20,-80,19,-74,20,-79,15,-77,11,-81,9,-79,11,-80,5,-77,2,-74,1,-75,1,-75,-5,-71,-11,-72,-8,-69,-10,-64,-19,-61,-20,-54,-24,-56,-25,-54,-31,-48,-35,-45,-34,-42,-36,-33,-42,-32,-44,-25,-42,-21,-48,-23,-47,-14,-47,-11,-52,-3,-51,-2,-49,7,-53,8,-53,12,-54,21,-50,24,-52,26,-55,33,-61,32,-59,33,-49,42,-57,41,-51,42,0,0]"
CSI_DATA,209,1a:00:00:00:00:00,-51,11,1,0,1,1,1,0,0,0,1,-96,0,11,2,3096573,0,44,0,384,0,"[0,0,0,0,0,0,0,0,0,0,0,0,2,10,2,10,2,9,2,8,2,8,2,8,2,7,2,6,2,6,2,6,1,5,1,5,1,4,1,3,1,3,1,3,1,2,0,2,0,2,0,1,0,1,-1,1,-1,1,-1,1,-2,0,-2,0,0,0,-2,0,-2,0,-3,0,-3,0,-3,0,-4,0,-4,-1,-4,0,-4,0,-4,0,-4,-1,-4,-1,-5,-1,-4,-1,-5,0,-4,-1,-5,-1,-5,-1,-5,-1,-5,-1,-5,-1,-5,-2,-5,-2,-5,-2,-4,-2,-4,-2,0,0,0,0,0,0,0,0,0,0,0,0,0,0,21,64,21,61,21,55,17,56,21,55,19,52,20,47,19,45,21,42,20,41,17,37,19,35,17,30,16,23,14,25,16,25,8,23,10,21,9,16,10,15,6,12,6,13,5,7,2,10,-2,6,-2,10,0,7,-6,8,-5,2,-4,7,-5,4,-7,7,-13,4,-11,7,-13,4,-15,3,-19,6,-19,7,-17,5,-18,3,-18,4,-19,0,-19,8,-21,4,-21,7,-20,-1,-22,4,-24,1,-20,3,-22,0,-28,1,-25,2,-25,1,-23,1,-24,-3,-25,-4,-24,-6,0,0,0,0,0,0,0,0,0,0,0,0,0,0,0,0,0,0,0,0,0,0,41,-56,43,-55,48,-55,50,-55,55,-55,49,-52,54,-54,55,-57,55,-57,50,-57,54,-57,50,-58,51,-62,50,-65,51,-65,48,-63,48,-68,49,-68,39,-68,41,-66,38,-67,36,-72,35,-70,31,-67,30,-70,22,-72,22,-67,16,-70,13,-66,7,-67,3,-61,-1,-59,-4,-57,-7,-58,-10,-55,-19,-52,-18,-47,-25,-45,-29,-42,-34,-40,-35,-32,-40,-33,-42,-31,-44,-24,-44,-21,-49,-12,-53,-12,-50,-8,-56,-4,-60,-4,-60,0,-64,8,-70,7,-63,8,-63,8,-67,12,-67,16,0,0]"
CSI_DATA,210,1a:00:00:00:00:00,-51,11,1,0,1,1,1,0,0,0,1,-96,0,11,2,3106559,0,44,0,384,0,"[0,0,0,0,0,0,0,0,0,0,0,0,-9,6,-9,6,-8,6,-8,5,-7,5,-7,5,-6,5,-6,4,-5,4,-5,4,-4,4,-4,3,-4,3,-3,3,-3,2,-3,2,-2,2,-2,2,-2,1,-2,1,-2,0,-2,0,-2,0,-2,-1,-2,-1,-1,-1,0,0,-1,-2,-2,-2,-2,-2,-1,-3,-2,-3,-2,-3,-2,-3,-1,-4,-1,-4,-1,-4,-1,-4,-2,-4,-2,-4,-2,-4,-1,-5,-1,-5,-2,-5,-1,-5,-1,-5,-1,-5,-1,-5,-1,-5,-1,-5,-1,-5,0,-5,0,-4,0,0,0,0,0,0,0,0,0,0,0,0,0,0,-60,29,-62,30,-56,28,-50,27,-49,28,-48,23,-47,26,-43,21,-40,22,-35,25,-33,22,-31,23,-26,22,-28,20,-26,17,-22,14,-23,16,-20,15,-14,16,-17,10,-11,10,-10,8,-9,8,-8,7,-7,6,-11,3,-8,0,-5,-2,-6,-3,-4,-4,-7,-8,-7,-11,-5,-8,-6,-9,-5,-12,-1,-13,-5,-15,-3,-18,-1,-18,-5,-17,-5,-19,-7,-17,-5,-20,-6,-20,-9,-19,-8,-20,-4,-26,-3,-24,-6,-25,-5,-26,-3,-23,-5,-23,1,-22,-1,-23,0,-23,3,-26,2,-25,0,0,0,0,0,0,0,0,0,0,0,0,0,0,0,0,0,0,0,0,0,0,66,23,63,27,66,33,66,33,65,35,66,37,63,37,68,37,69,40,68,35,65,32,68,34,71,35,75,33,77,35,70,35,74,34,77,29,71,22,72,25,73,17,74,22,69,17,68,12,67,14,69,7,67,4,64,-1,62,0,62,-3,61,-9,59,-9,56,-17,55,-17,49,-20,48,-27,42,-27,39,-32,35,-34,32,-37,27,-44,20,-41,18,-46,13,-49,8,-47,9,-51,5,-52,-3,-54,-6,-58,-9,-62,-14,-60,-19,-58,-15,-60,-22,-61,-24,-63,-27,-62,-22,-65,0,0]"
CSI_DATA,211,1a:00:00:00:00:00,-51,11,1,0,1,1,1,0,0,0,1,-96,0,11,2,3116659,0,44,0,384,0,"[0,0,0,0,0,0,0,0,0,0,0,0,4,9,3,8,4,8,3,8,3,7,3,7,3,6,3,5,2,5,3,5,2,5,2,4,2,3,2,3,1,2,1,2,1,2,1,2,0,1,0,1,0,0,0,1,-1,0,-1,0,-1,0,-2,0,0,0,-2,0,-2,0,-3,-1,-3,0,-3,-1,-4,-1,-3,-1,-3,-1,-3,-1,-4,-1,-4,-1,-4,-1,-4,-1,-4,-1,-4,-1,-4,-1,-5,-2,-4,-1,-5,-1,-4,-1,-4,-2,-4,-2,-4,-2,-4,-2,-4,-3,-4,-2,0,0,0,0,0,0,0,0,0,0,0,0,0,0,32,57,32,53,30,53,34,48,30,47,28,49,27,41,30,40,28,35,27,37,28,32,24,30,23,29,22,23,20,19,16,21,17,18,12,18,13,12,13,12,10,11,10,6,8,9,3,7,0,9,0,3,1,0,-3,2,-5,2,-4,2,-7,2,-7,2,-14,1,-14,6,-13,4,-15,2,-14,2,-15,2,-20,1,-18,1,-14,-4,-19,0,-21,2,-19,0,-24,0,-22,0,-20,0,-23,0,-24,-1,-21,-1,-24,-3,-24,-6,-24,-5,-25,-6,-24,-4,-24,-10,-22,-10,0,0,0,0,0,0,0,0,0,0,0,0,0,0,0,0,0,0,0,0,0,0,-7,-71,0,-71,3,-72,5,-76,10,-73,11,-74,12,-74,16,-75,11,-77,9,-82,14,-80,6,-80,6,-81,6,-83,7,-80,8,-80,3,-82,6,-79,0,-82,2,-78,-1,-81,-5,-82,-3,-75,-5,-78,-9,-70,-10,-71,-15,-70,-15,-67,-20,-63,-19,-63,-21,-58,-25,-58,-31,-54,-30,-46,-31,-44,-31,-40,-37,-34,-42,-32,-46,-27,-46,-23,-44,-16,-46,-15,-52,-9,-51,-8,-51,-1,-58,4,-52,8,-51,11,-55,13,-57,20,-57,22,-57,28,-59,27,-63,30,-58,33,-61,34,-58,35,0,0]"
CSI_DATA,212,1a:00:00:00:00:00,-51,11,1,0,1,1,1,0,0,0,1,-96,0,11,2,3126974,0,44,0,384,0,"[0,0,0,0,0,0,0,0,0,0,0,0,7,7,7,6,7,6,6,6,6,5,5,5,5,4,5,4,4,4,4,3,4,3,3,3,3,2,3,2,2,1,2,2,2,1,1,1,1,1,1,0,0,0,0,0,0,0,-1,0,-1,0,-1,0,0,0,-2,0,-2,-1,-3,0,-3,0,-3,-1,-3,-1,-3,-1,-3,-1,-4,0,-4,0,-4,0,-4,-1,-4,-1,-4,-1,-4,-1,-4,0,-5,-1,-5,-1,-5,-1,-5,-1,-5,-1,-5,-2,-4,-2,-5,-2,-4,-2,-4,-3,0,0,0,0,0,0,0,0,0,0,0,0,0,0,37,63,34,53,34,53,31,51,28,46,31,46,31,39,28,41,25,34,27,36,21,31,21,29,21,28,20,22,16,24,19,22,16,21,17,16,13,14,9,14,12,11,8,6,6,6,5,7,0,4,-1,3,-1,6,-1,0,-5,1,-10,1,-8,-1,-10,-2,-10,1,-12,-2,-11,-3,-12,-2,-18,-3,-19,-4,-18,-3,-18,-7,-20,-3,-18,-5,-19,-7,-21,-5,-18,-8,-21,-5,-18,-8,-22,-10,-23,-8,-25,-11,-25,-9,-19,-13,-21,-13,-19,-12,-20,-14,-19,-17,-16,-15,0,0,0,0,0,0,0,0,0,0,0,0,0,0,0,0,0,0,0,0,0,0,-29,-65,-26,-71,-18,-65,-21,-75,-15,-73,-18,-76,-14,-79,-15,-76,-8,-77,-12,-77,-14,-78,-14,-80,-16,-79,-14,-80,-15,-81,-15,-80,-15,-83,-19,-75,-17,-81,-19,-78,-23,-76,-20,-76,-21,-70,-20,-74,-26,-70,-27,-67,-27,-63,-31,-64,-28,-58,-33,-56,-33,-52,-37,-51,-37,-49,-39,-43,-38,-39,-43,-33,-42,-29,-42,-28,-40,-20,-48,-19,-45,-13,-49,-8,-50,-7,-52,-2,-49,0,-52,13,-54,13,-52,16,-54,16,-50,22,-54,24,-56,29,-57,32,-56,32,-57,37,-59,37,-62,34,0,0]"
CSI_DATA,213,1a:00:00:00:00:00,-51,11,1,0,1,1,1,0,0,0,1,-96,0,11,2,3136611,0,44,0,384,0,"[0,0,0,0,0,0,0,0,0,0,0,0,-12,0,-11,0,-11,1,-10,0,-10,0,-8,1,-8,1,-7,0,-7,1,-7,1,-6,1,-5,0,-5,0,-5,0,-4,0,-3,0,-3,0,-3,0,-2,0,-2,0,-2,0,-1,-1,-1,-1,-1,-1,0,-1,0,-1,0,0,1,-1,0,-2,0,-2,1,-2,1,-2,1,-2,1,-3,1,-3,2,-3,2,-3,2,-3,2,-3,2,-3,2,-3,3,-3,2,-3,2,-3,2,-4,3,-4,3,-3,3,-4,3,-3,3,-3,3,-3,4,-2,3,-2,0,0,0,0,0,0,0,0,0,0,0,0,0,0,-68,16,-61,16,-61,18,-58,15,-51,12,-49,12,-48,17,-49,13,-44,13,-38,15,-36,11,-35,14,-30,11,-29,11,-27,9,-26,10,-23,7,-18,5,-19,9,-12,5,-10,4,-12,7,-9,5,-7,-1,-5,2,-2,-1,-1,-2,-2,-1,-2,-3,-1,-4,2,-8,2,-9,6,-10,3,-9,2,-11,2,-9,5,-16,8,-12,7,-13,5,-17,8,-17,8,-23,11,-15,12,-16,9,-18,10,-18,9,-20,10,-20,13,-18,13,-18,14,-20,11,-20,13,-18,15,-17,17,-14,15,-17,15,-16,0,0,0,0,0,0,0,0,0,0,0,0,0,0,0,0,0,0,0,0,0,0,66,6,67,8,70,9,72,16,72,16,73,21,69,16,71,18,69,20,73,21,77,24,75,19,77,20,82,21,79,19,75,21,82,16,73,14,75,8,77,23,52,-33,69,-1,76,12,77,11,76,6,73,3,70,-1,68,-3,60,-4,60,-7,62,-9,59,-14,55,-17,52,-17,49,-25,46,-25,43,-28,40,-31,38,-31,31,-40,29,-40,19,-39,20,-48,17,-46,13,-48,13,-48,8,-52,1,-58,0,-56,-5,-56,-5,-58,-10,-59,-8,-63,-10,-64,-13,-70,-14,-72,-13,-68,0,0]"
CSI_DATA,214,1a:00:00:00:00:00,-50,11,1,0,1,1,1,0,0,0,1,-96,0,11,2,3146661,0,44,0,384,0,"[0,0,0,0,0,0,0,0,0,0,0,0,10,0,10,0,9,0,9,0,8,0,8,0,7,-1,6,0,6,-1,5,0,5,-1,4,-1,4,-1,3,-1,3,0,3,-1,2,-1,1,-1,1,-1,1,-1,1,0,0,0,0,0,0,0,-1,0,-1,0,0,0,-2,0,-2,0,-2,0,-3,0,-3,1,-3,1,-3,1,-3,1,-4,1,-4,1,-4,1,-4,1,-4,1,-4,1,-4,1,-5,1,-4,1,-5,1,-5,1,-5,1,-5,1,-4,0,-5,0,-5,0,-5,0,-5,-1,0,0,0,0,0,0,0,0,0,0,0,0,0,0,66,2,65,3,63,2,64,2,57,-3,57,3,52,-2,49,3,45,2,43,-3,41,-4,37,-1,37,-3,32,-4,28,-8,29,-3,22,-4,20,-2,16,-1,13,-1,16,-5,12,-4,10,0,7,-1,7,1,2,1,0,4,-1,0,0,0,-4,3,-4,5,-8,3,-11,6,-12,6,-9,10,-12,9,-16,6,-14,11,-19,11,-13,12,-15,12,-14,13,-19,11,-16,11,-17,13,-19,11,-19,14,-18,15,-17,11,-22,13,-19,11,-20,15,-23,13,-20,9,-25,10,-21,7,-23,7,0,0,0,0,0,0,0,0,0,0,0,0,0,0,0,0,0,0,0,0,0,0,-63,-21,-67,-28,-65,-31,-70,-34,-64,-35,-68,-40,-63,-40,-64,-43,-64,-41,-67,-40,-68,-43,-68,-40,-66,-43,-66,-43,-71,-41,-72,-40,-74,-39,-71,-37,-72,-38,-69,-36,-70,-32,-75,-32,-71,-32,-73,-28,-69,-27,-67,-25,-66,-20,-68,-15,-66,-14,-65,-11,-62,-11,-63,-4,-60,-1,-57,2,-57,6,-53,10,-52,14,-49,24,-45,23,-42,26,-40,27,-35,30,-37,37,-31,41,-35,42,-27,43,-27,47,-18,52,-18,55,-13,57,-14,65,-10,61,-13,65,-7,67,-7,70,-7,75,-7,71,0,0]"
CSI_DATA,215,1a:00:00:00:00:00,-50,11,1,0,1,1,1,0,0,0,1,-96,0,11,2,3156558,0,44,0,384,0,"[0,0,0,0,0,0,0,0,0,0,0,0,-2,-12,-3,-11,-3,-10,-2,-9,-2,-9,-2,-8,-2,-8,-2,-7,-2,-7,-2,-6,-2,-6,-2,-6,-2,-5,-2,-4,-1,-4,-1,-4,-1,-3,-1,-3,-1,-2,-1,-2,-1,-1,-1,-1,0,-1,0,0,0,0,0,0,0,0,0,1,0,1,0,1,1,1,1,2,1,2,1,3,1,3,1,3,1,3,1,3,1,3,1,3,1,3,1,3,1,3,1,4,1,3,0,4,0,4,0,4,0,4,0,4,-1,4,-1,4,-1,4,0,0,0,0,0,0,0,0,0,0,0,0,0,0,-6,-68,-8,-61,-9,-63,-7,-57,-8,-59,-8,-55,-6,-55,-5,-49,-6,-42,-6,-44,-10,-41,-8,-38,-5,-32,-2,-31,-5,-29,-7,-27,-5,-24,-5,-22,-6,-22,-10,-18,-8,-16,-4,-10,-5,-9,0,-7,-3,-5,-1,-1,-3,-3,1,-1,4,2,2,4,6,5,6,8,4,9,7,10,7,11,8,12,4,14,9,14,11,17,9,16,11,14,11,17,11,17,8,16,11,18,10,17,8,19,9,17,8,19,8,21,4,23,8,23,6,23,5,20,3,24,0,20,-1,19,0,0,0,0,0,0,0,0,0,0,0,0,0,0,0,0,0,0,0,0,0,0,18,63,16,66,12,68,9,69,3,70,6,72,2,73,4,72,-2,73,3,76,2,77,2,76,0,78,3,77,-2,78,2,80,2,81,-2,78,2,77,1,78,1,76,0,79,5,76,7,73,6,67,13,70,7,67,9,67,11,63,18,62,17,61,17,57,22,55,23,49,26,48,29,45,31,42,35,34,34,31,40,31,42,27,42,23,43,21,50,17,49,17,47,11,49,11,57,4,56,3,58,-4,60,-7,61,-5,66,-8,63,-7,64,-9,67,-9,71,-10,0,0]"
CSI_DATA,216,1a:00:00:00:00:00,-50,11,1,0,1,1,1,0,0,0,1,-96,0,11,2,3186569,0,44,0,384,0,"[0,0,0,0,0,0,0,0,0,0,0,0,-10,-5,-10,-5,-9,-4,-9,-5,-8,-4,-8,-4,-7,-3,-7,-3,-6,-3,-6,-3,-5,-3,-5,-2,-5,-2,-4,-2,-4,-2,-3,-1,-3,-1,-2,-1,-2,-1,-2,-1,-1,-1,-1,0,-1,-1,0,0,0,0,1,0,0,0,1,0,1,0,2,0,2,0,2,0,3,1,2,1,3,1,3,1,3,0,3,0,3,1,3,1,3,1,4,1,3,1,3,1,3,1,4,1,3,1,4,1,3,2,3,2,3,2,3,2,3,3,0,0,0,0,0,0,0,0,0,0,0,0,0,0,-53,-42,-50,-41,-55,-33,-49,-39,-46,-36,-47,-36,-43,-35,-40,-31,-41,-27,-37,-28,-35,-26,-32,-24,-31,-18,-34,-20,-29,-20,-25,-17,-22,-16,-22,-9,-16,-10,-13,-7,-11,-9,-9,-5,-13,-3,-2,-3,-4,-2,-1,-1,-2,-2,1,-1,3,2,7,-2,2,6,7,0,11,1,12,3,12,3,11,3,16,5,14,6,19,7,19,7,19,9,17,7,18,8,18,12,20,8,23,9,19,11,24,10,22,10,21,9,22,11,21,12,21,13,19,13,18,16,20,16,20,21,0,0,0,0,0,0,0,0,0,0,0,0,0,0,0,0,0,0,0,0,0,0,61,32,55,38,59,40,57,46,57,48,53,48,52,54,54,52,54,53,55,55,56,57,56,54,59,57,60,56,55,59,56,56,56,59,57,59,56,57,56,56,55,54,63,54,55,49,57,50,58,47,63,46,54,44,61,41,57,39,59,37,57,30,56,27,52,22,56,21,55,18,58,13,52,8,50,3,52,0,54,-4,54,-11,51,-12,50,-18,50,-22,47,-26,45,-36,48,-36,44,-35,46,-41,46,-43,43,-45,45,-52,42,-50,43,-54,45,-54,40,-58,46,-52,0,0]"
CSI_DATA,217,1a:00:00:00:00:00,-50,11,1,0,1,1,1,0,0,0,1,-96,0,11,2,3196614,0,44,0,384,0,"[0,0,0,0,0,0,0,0,0,0,0,0,9,5,8,4,8,5,8,4,7,4,7,3,6,3,6,3,5,2,5,2,4,2,4,2,4,1,3,1,3,1,2,1,2,0,1,0,1,0,1,0,0,-1,0,0,-1,0,-1,-1,-1,-1,-2,-1,0,0,-2,-1,-2,-1,-2,-1,-3,-1,-3,-1,-3,-1,-3,-2,-4,-1,-4,-1,-4,-2,-4,-2,-4,-2,-4,-2,-4,-2,-5,-2,-5,-2,-4,-2,-5,-2,-5,-2,-5,-2,-4,-2,-4,-3,-4,-3,-4,-3,-4,-3,-4,-3,0,0,0,0,0,0,0,0,0,0,0,0,0,0,57,38,52,36,54,34,53,30,48,27,47,32,47,27,45,28,39,22,38,23,34,20,34,15,31,14,27,16,27,13,27,10,23,11,19,8,17,7,13,5,14,2,11,0,7,5,6,-2,4,2,-1,3,0,-1,-1,-7,-3,-1,-7,-3,-8,-4,-8,-2,-10,-4,-10,-6,-13,-3,-13,-8,-18,-7,-16,-2,-19,-7,-17,-5,-18,-5,-22,-6,-18,-5,-21,-7,-23,-7,-20,-5,-22,-6,-23,-5,-24,-7,-21,-6,-24,-5,-22,-9,-23,-12,-18,-9,-24,-14,-20,-13,-19,-15,0,0,0,0,0,0,0,0,0,0,0,0,0,0,0,0,0,0,0,0,0,0,-55,-27,-60,-36,-60,-40,-59,-46,-57,-44,-57,-47,-54,-45,-56,-47,-53,-52,-55,-50,-56,-51,-59,-56,-62,-54,-61,-54,-63,-58,-55,-51,-60,-57,-56,-49,-64,-55,-60,-52,-59,-51,-65,-50,-58,-47,-62,-44,-61,-47,-64,-41,-59,-42,-64,-41,-54,-35,-63,-32,-58,-29,-61,-26,-60,-20,-59,-16,-56,-12,-55,-12,-53,-8,-51,-4,-53,0,-53,9,-51,12,-48,14,-51,21,-47,23,-47,26,-45,34,-45,37,-44,40,-42,43,-42,44,-37,46,-41,54,-43,54,-35,51,-41,56,-40,61,-42,59,0,0]"
CSI_DATA,218,1a:00:00:00:00:00,-50,11,1,0,1,1,1,0,0,0,1,-96,0,11,2,3206591,0,44,0,384,0,"[0,0,0,0,0,0,0,0,0,0,0,0,2,10,2,9,2,9,2,8,2,8,1,8,1,7,1,6,1,6,1,5,1,5,1,4,1,4,1,3,1,3,0,3,1,2,0,1,0,1,0,1,0,0,0,0,0,-1,0,-1,-1,-1,-1,-1,0,0,-1,-2,-1,-3,-1,-3,-1,-3,-1,-3,-1,-3,-1,-4,-1,-4,-1,-4,-1,-4,-1,-4,-1,-4,-1,-4,-1,-5,-1,-5,-1,-4,-1,-5,-1,-4,-1,-4,-1,-5,-1,-5,0,-5,0,-5,1,-5,1,-5,1,-4,0,0,0,0,0,0,0,0,0,0,0,0,0,0,3,71,6,67,6,63,1,60,4,60,2,55,1,53,2,53,1,45,3,44,5,42,7,38,3,35,7,34,1,30,5,30,7,24,3,18,4,18,1,15,2,14,3,8,-1,9,2,7,1,5,1,4,0,-1,0,-1,-1,-3,-4,-8,-2,-7,-2,-8,-3,-12,0,-12,-2,-17,-2,-17,-1,-17,-1,-18,0,-18,-3,-23,-5,-19,-1,-19,-5,-25,-5,-24,-2,-18,-3,-26,-3,-22,0,-24,0,-24,-1,-25,3,-23,4,-25,2,-24,7,-24,6,-27,6,-23,9,-21,0,0,0,0,0,0,0,0,0,0,0,0,0,0,0,0,0,0,0,0,0,0,-43,-48,-39,-57,-39,-59,-33,-64,-30,-65,-31,-67,-29,-67,-26,-69,-27,-70,-28,-69,-26,-72,-25,-73,-29,-74,-29,-77,-25,-76,-26,-76,-25,-76,-24,-78,-26,-73,-27,-77,-26,-74,-23,-76,-29,-73,-25,-71,-25,-69,-28,-68,-25,-67,-32,-66,-28,-62,-28,-61,-32,-57,-32,-55,-37,-53,-34,-47,-37,-48,-38,-41,-39,-41,-40,-38,-44,-31,-45,-28,-47,-28,-49,-22,-52,-20,-56,-17,-51,-15,-53,-3,-55,-3,-57,-3,-61,-1,-65,3,-64,7,-63,6,-72,10,-65,11,-71,7,-72,11,-74,9,0,0]"
CSI_DATA,219,1a:00:00:00:00:00,-50,11,1,0,1,1,1,0,0,0,1,-96,0,11,2,3216565,0,44,0,384,0,"[0,0,0,0,0,0,0,0,0,0,0,0,-7,9,-6,8,-6,8,-5,7,-5,7,-5,7,-5,6,-4,6,-4,5,-4,5,-3,5,-3,4,-3,4,-3,3,-2,3,-2,3,-2,2,-1,2,-1,1,-1,1,-1,0,-1,0,0,0,0,-1,0,-1,0,-1,0,0,0,-2,0,-2,0,-2,1,-2,1,-3,1,-3,1,-3,1,-3,1,-3,1,-3,1,-3,1,-4,2,-4,2,-4,1,-4,1,-4,2,-4,2,-4,2,-4,2,-4,2,-4,2,-4,3,-4,3,-4,3,-3,3,-3,0,0,0,0,0,0,0,0,0,0,0,0,0,0,-41,60,-39,53,-36,50,-36,50,-34,49,-31,46,-30,44,-29,43,-25,36,-24,35,-22,36,-20,30,-22,30,-18,23,-13,25,-12,22,-13,24,-11,20,-12,15,-8,15,-6,11,-4,9,-5,11,-1,9,0,6,0,2,1,1,1,2,2,-5,3,-7,4,-9,3,-7,4,-8,3,-9,5,-17,6,-14,6,-15,5,-14,8,-17,9,-16,6,-17,8,-21,6,-19,10,-20,9,-19,7,-21,10,-23,9,-22,12,-20,8,-19,11,-19,12,-22,15,-21,15,-17,15,-18,16,-17,16,-14,0,0,0,0,0,0,0,0,0,0,0,0,0,0,0,0,0,0,0,0,0,0,16,-62,20,-61,23,-66,29,-64,30,-65,32,-57,36,-63,39,-62,38,-63,38,-63,39,-66,38,-65,41,-67,42,-67,43,-65,42,-67,39,-66,40,-69,39,-66,39,-67,43,-67,40,-67,35,-68,37,-65,32,-69,32,-63,28,-64,27,-64,23,-63,22,-65,15,-60,14,-60,14,-59,11,-57,6,-60,3,-58,3,-53,-3,-56,-7,-52,-11,-51,-13,-47,-17,-46,-25,-48,-26,-48,-30,-43,-32,-47,-36,-46,-42,-41,-43,-42,-44,-39,-50,-38,-51,-38,-54,-39,-61,-39,-58,-43,-60,-40,-59,-42,0,0]"
CSI_DATA,220,1a:00:00:00:00:00,-49,11,1,0,1,1,1,0,0,0,1,-96,0,11,2,3227830,0,44,0,384,0,"[0,0,0,0,0,0,0,0,0,0,0,0,4,10,4,9,4,9,3,8,3,8,3,7,3,7,3,6,2,6,3,5,2,5,2,4,2,4,2,3,2,3,1,3,1,2,1,1,1,1,1,1,0,0,0,0,0,0,0,-1,0,-1,-1,-1,0,0,-1,-2,-1,-2,-2,-2,-2,-3,-2,-3,-2,-3,-2,-3,-2,-3,-2,-3,-2,-3,-2,-4,-2,-4,-2,-4,-2,-4,-2,-4,-2,-4,-2,-4,-2,-4,-2,-4,-2,-4,-2,-5,-1,-5,-1,-5,-1,-5,-1,-5,0,-5,0,0,0,0,0,0,0,0,0,0,0,0,0,0,24,60,33,63,27,56,24,57,23,57,24,51,23,48,22,44,20,43,20,40,17,38,14,36,20,35,12,31,12,29,12,24,15,23,13,19,6,16,10,14,11,8,8,11,7,8,5,6,4,2,1,4,2,-1,0,0,-1,-6,-4,-5,-4,-3,-6,-5,-2,-8,-5,-16,-4,-12,-7,-14,-11,-15,-7,-14,-10,-16,-8,-20,-8,-21,-7,-19,-10,-22,-11,-19,-8,-20,-10,-22,-8,-19,-10,-21,-5,-22,-9,-21,-8,-23,-9,-22,-5,-25,-8,-22,-4,-25,-1,-26,3,-23,0,0,0,0,0,0,0,0,0,0,0,0,0,0,0,0,0,0,0,0,0,0,-51,-39,-48,-43,-50,-49,-48,-50,-46,-57,-41,-55,-41,-57,-41,-62,-45,-60,-39,-61,-40,-64,-41,-66,-45,-67,-44,-65,-41,-68,-45,-68,-44,-66,-48,-66,-41,-64,-46,-65,-41,-68,-47,-67,-45,-66,-47,-62,-42,-62,-46,-61,-45,-60,-47,-56,-52,-54,-46,-51,-49,-47,-47,-43,-43,-45,-45,-39,-47,-39,-50,-34,-51,-28,-49,-23,-49,-24,-52,-17,-50,-12,-54,-2,-56,0,-58,-1,-54,3,-56,8,-54,9,-60,13,-61,16,-61,19,-63,26,-63,28,-62,24,-64,25,-65,29,-64,28,-66,27,0,0]"
CSI_DATA,221,1a:00:00:00:00:00,-49,11,1,0,1,1,1,0,0,0,1,-96,0,11,2,3236960,0,44,0,384,0,"[0,0,0,0,0,0,0,0,0,0,0,0,7,-8,7,-8,6,-8,7,-7,6,-7,5,-7,4,-6,4,-6,4,-6,4,-5,3,-5,3,-5,2,-4,2,-4,2,-3,1,-3,1,-3,1,-3,1,-2,0,-2,0,-2,0,-1,-1,-1,-1,-1,-1,0,-1,0,0,0,-2,1,-1,1,-2,1,-2,1,-2,1,-2,1,-2,2,-3,2,-3,2,-3,2,-3,2,-3,2,-3,2,-3,2,-3,2,-3,2,-3,3,-3,2,-3,2,-4,2,-4,2,-4,2,-4,2,-4,2,-4,1,-4,1,0,0,0,0,0,0,0,0,0,0,0,0,0,0,52,-45,55,-40,51,-40,50,-40,46,-39,46,-37,38,-34,40,-34,38,-32,37,-30,29,-28,27,-29,28,-29,22,-27,21,-22,21,-19,15,-23,17,-17,17,-18,12,-13,8,-12,8,-10,6,-6,6,-7,2,-7,-1,-6,1,-7,0,2,-2,1,-4,0,-6,2,-4,5,-8,5,-9,9,-8,8,-11,8,-9,11,-11,9,-11,10,-14,11,-12,11,-11,15,-12,13,-18,11,-14,15,-12,14,-15,12,-18,15,-17,15,-17,14,-21,14,-21,16,-20,14,-17,9,-22,14,-24,9,-22,7,0,0,0,0,0,0,0,0,0,0,0,0,0,0,0,0,0,0,0,0,0,0,-29,54,-34,56,-36,52,-44,55,-41,54,-42,56,-44,48,-45,54,-51,56,-46,50,-49,50,-51,53,-51,56,-55,59,-60,56,-54,53,-57,56,-52,55,-53,58,-54,57,-52,57,-54,60,-50,58,-52,54,-51,54,-50,57,-48,57,-44,59,-42,55,-38,57,-35,56,-31,57,-27,56,-22,57,-20,57,-17,57,-11,52,-13,58,-8,54,-4,51,-2,55,4,49,6,53,12,50,14,49,24,55,24,50,25,50,32,54,31,52,37,55,42,53,45,58,42,51,40,58,48,56,50,51,0,0]"
CSI_DATA,222,1a:00:00:00:00:00,-49,11,1,0,1,1,1,0,0,0,1,-96,0,11,2,3246573,0,44,0,384,0,"[0,0,0,0,0,0,0,0,0,0,0,0,7,8,6,8,6,7,6,8,6,7,5,6,5,6,4,5,4,5,4,4,3,4,3,4,3,3,3,3,2,2,2,2,2,2,1,1,2,1,1,1,1,0,0,0,0,0,0,-1,0,-1,-1,-1,0,0,-1,-2,-1,-2,-2,-2,-2,-2,-2,-3,-2,-3,-2,-3,-2,-3,-2,-3,-2,-3,-3,-3,-2,-4,-2,-4,-2,-3,-2,-3,-3,-4,-2,-4,-3,-4,-3,-4,-2,-4,-3,-4,-2,-5,-2,-5,-2,-5,-1,-4,-1,-5,0,0,0,0,0,0,0,0,0,0,0,0,0,0,39,57,35,55,38,55,35,53,33,50,31,49,31,41,30,44,28,38,25,40,22,35,26,32,23,33,19,27,18,25,18,25,19,20,17,16,15,18,13,15,10,12,10,7,8,9,5,7,4,1,6,2,1,-2,2,-4,0,-1,0,-6,-2,-6,-5,-7,-5,-6,-8,-11,-7,-11,-5,-12,-8,-11,-8,-14,-9,-15,-9,-14,-9,-18,-8,-12,-13,-16,-14,-15,-14,-18,-11,-19,-9,-15,-11,-19,-10,-20,-13,-19,-9,-19,-8,-22,-9,-23,-8,-23,-8,-21,-5,-19,-3,-20,0,0,0,0,0,0,0,0,0,0,0,0,0,0,0,0,0,0,0,0,0,0,-54,-23,-52,-29,-55,-38,-54,-46,-52,-42,-52,-46,-48,-47,-49,-48,-52,-50,-50,-50,-55,-48,-54,-52,-57,-53,-54,-53,-55,-57,-52,-54,-55,-56,-54,-52,-57,-56,-53,-57,-54,-55,-55,-59,-55,-52,-57,-50,-59,-49,-57,-48,-59,-49,-54,-45,-55,-42,-57,-40,-53,-34,-53,-38,-56,-36,-54,-29,-60,-31,-53,-21,-55,-16,-53,-11,-52,-10,-56,-8,-55,3,-54,-1,-55,4,-55,11,-53,10,-52,14,-57,21,-54,23,-56,23,-52,26,-52,31,-55,37,-59,35,-60,35,-58,39,-61,38,-57,37,0,0]"
CSI_DATA,223,1a:00:00:00:00:00,-49,11,1,0,1,1,1,0,0,0,1,-96,0,11,2,3266559,0,44,0,384,0,"[0,0,0,0,0,0,0,0,0,0,0,0,-8,-9,-8,-8,-8,-7,-8,-8,-8,-7,-7,-7,-6,-6,-6,-6,-6,-6,-5,-5,-5,-5,-5,-5,-4,-4,-4,-4,-4,-3,-3,-3,-3,-3,-3,-2,-3,-2,-2,-1,-2,-1,-2,-1,-1,-1,-1,0,-1,0,0,0,0,0,0,1,0,1,0,1,1,1,0,2,0,2,0,2,1,2,1,2,1,3,1,3,1,3,1,3,1,2,1,3,1,3,1,3,1,3,1,3,1,3,1,3,0,3,0,3,0,3,0,4,-1,4,0,0,0,0,0,0,0,0,0,0,0,0,0,0,-56,-53,-51,-46,-53,-46,-47,-47,-45,-47,-42,-46,-45,-41,-39,-37,-35,-38,-35,-37,-35,-34,-29,-31,-29,-27,-26,-24,-23,-26,-22,-20,-22,-20,-19,-20,-16,-18,-14,-15,-13,-12,-9,-9,-12,-8,-9,-7,-8,-6,-2,-2,-6,-3,-1,0,-3,0,-1,3,-1,2,3,8,2,7,5,9,3,9,4,14,8,11,5,12,6,12,7,14,6,12,9,15,8,15,7,17,10,18,6,19,9,20,8,21,9,17,9,17,7,20,7,18,7,20,3,20,1,23,4,22,0,22,0,0,0,0,0,0,0,0,0,0,0,0,0,0,0,0,0,0,0,0,0,0,59,-12,64,-10,64,-4,68,-4,66,2,67,4,68,6,70,5,71,7,70,11,74,14,73,16,75,13,76,16,81,13,74,17,79,16,73,19,78,17,77,20,76,17,80,19,73,19,71,19,74,19,75,16,73,15,74,17,69,12,72,11,64,7,69,6,65,5,64,3,65,0,61,-7,60,-8,56,-8,57,-12,54,-18,55,-19,52,-25,49,-25,49,-30,49,-30,43,-36,41,-38,51,-44,42,-46,46,-46,43,-50,49,-49,49,-51,49,-54,43,-54,47,-60,47,-58,0,0]"
CSI_DATA,224,1a:00:00:00:00:00,-49,11,1,0,1,1,1,0,0,0,1,-96,0,11,2,3276731,0,44,0,384,0,"[0,0,0,0,0,0,0,0,0,0,0,0,1,-12,1,-11,1,-11,1,-10,1,-10,1,-9,1,-9,1,-8,1,-8,0,-7,1,-7,0,-6,0,-6,0,-5,0,-5,0,-4,0,-4,0,-4,0,-3,0,-2,-1,-2,-1,-1,-1,-1,-1,-1,-1,0,-1,-1,0,0,-1,0,-1,1,-1,1,-1,1,-2,2,-2,2,-2,2,-2,2,-2,2,-2,2,-2,2,-2,2,-2,2,-2,3,-2,2,-2,2,-3,3,-2,3,-3,2,-3,2,-3,2,-3,2,-3,2,-3,2,-3,2,-4,1,0,0,0,0,0,0,0,0,0,0,0,0,0,0,15,-70,12,-69,13,-66,14,-66,14,-65,9,-57,14,-58,12,-51,12,-48,13,-44,9,-41,9,-41,8,-36,10,-36,5,-33,3,-33,3,-26,3,-24,2,-23,3,-22,0,-15,4,-14,2,-15,0,-9,2,-9,-4,-6,-2,-5,0,-4,-3,-1,-6,2,-3,3,-6,2,-3,5,-5,6,-7,8,-4,7,-7,9,-4,13,-7,10,-10,11,-7,16,-6,15,-9,15,-11,15,-9,13,-8,17,-9,16,-10,18,-11,17,-10,19,-11,16,-15,17,-14,16,-13,16,-15,15,-16,10,-17,10,0,0,0,0,0,0,0,0,0,0,0,0,0,0,0,0,0,0,0,0,0,0,42,41,37,42,39,49,35,54,33,58,30,54,30,56,29,59,28,63,30,67,31,64,32,66,30,68,27,67,25,67,27,72,26,74,25,73,26,71,23,71,24,71,22,74,27,74,24,70,25,71,31,70,26,64,23,62,27,66,27,62,32,62,29,58,30,55,28,55,35,52,31,50,36,47,39,37,40,40,43,35,43,33,47,32,48,29,51,25,51,22,55,24,59,20,56,16,55,16,65,11,60,10,65,8,64,10,70,9,69,9,73,9,77,13,0,0]"
CSI_DATA,225,1a:00:00:00:00:00,-48,11,1,0,1,1,1,0,0,0,1,-96,0,11,2,3288364,0,44,0,384,0,"[0,0,0,0,0,0,0,0,0,0,0,0,-11,-6,-10,-6,-10,-5,-10,-6,-9,-5,-9,-5,-9,-4,-8,-4,-7,-3,-7,-3,-6,-3,-6,-3,-5,-3,-5,-2,-5,-2,-4,-2,-4,-2,-3,-1,-3,-1,-3,-1,-2,-1,-2,-1,-1,0,-1,0,-1,0,0,0,0,0,0,0,0,0,1,1,1,1,1,1,1,1,2,1,2,1,2,1,2,1,2,1,2,1,2,1,2,1,3,1,2,1,3,1,3,1,3,1,2,2,3,2,3,2,2,2,2,2,2,2,1,3,0,0,0,0,0,0,0,0,0,0,0,0,0,0,-65,-35,-60,-34,-61,-29,-60,-32,-59,-29,-51,-28,-50,-26,-50,-29,-47,-23,-45,-25,-41,-23,-40,-18,-37,-19,-33,-17,-33,-13,-31,-14,-27,-14,-24,-9,-25,-8,-20,-6,-21,-5,-16,-5,-14,-7,-14,-2,-8,-4,-8,2,-5,0,-3,-1,0,1,-4,3,0,3,2,5,5,6,7,5,9,5,10,6,7,5,11,7,11,12,10,9,13,10,10,9,12,12,14,9,12,8,16,10,15,12,15,9,13,11,14,10,14,14,14,13,16,15,14,15,13,14,13,15,11,14,0,0,0,0,0,0,0,0,0,0,0,0,0,0,0,0,0,0,0,0,0,0,54,-14,58,-9,61,-7,65,-4,64,-1,66,4,67,6,63,5,65,5,67,6,70,7,70,8,76,10,73,9,78,12,72,11,75,12,74,13,76,13,76,15,75,15,75,10,73,13,74,9,74,11,76,7,71,3,73,5,65,4,68,1,64,-1,69,-5,64,-5,60,-7,60,-7,60,-14,53,-15,53,-23,50,-21,49,-27,49,-27,45,-31,43,-35,42,-38,43,-42,36,-40,40,-42,36,-48,32,-52,33,-53,29,-57,30,-57,31,-61,34,-61,28,-67,36,-64,31,-70,0,0]"
CSI_DATA,226,1a:00:00:00:00:00,-48,11,1,0,1,1,1,0,0,0,1,-96,0,11,2,3296795,0,44,0,384,0,"[0,0,0,0,0,0,0,0,0,0,0,0,-9,-9,-9,-9,-8,-8,-8,-8,-7,-7,-7,-7,-7,-7,-6,-6,-6,-6,-6,-5,-5,-5,-5,-5,-5,-4,-4,-4,-4,-4,-4,-3,-3,-3,-3,-2,-2,-2,-2,-2,-2,-2,-2,-1,-1,-1,-1,-1,-1,0,-1,0,0,0,0,0,0,1,0,1,0,1,0,1,1,1,1,1,1,2,1,2,1,2,1,2,1,2,1,2,1,2,1,2,1,3,1,3,1,3,1,3,1,3,1,3,1,3,1,3,0,3,0,3,0,3,0,0,0,0,0,0,0,0,0,0,0,0,0,0,-36,-63,-42,-60,-37,-58,-39,-55,-37,-58,-35,-49,-33,-49,-31,-46,-27,-43,-27,-42,-28,-39,-25,-39,-24,-33,-21,-33,-21,-28,-16,-27,-20,-24,-15,-22,-13,-22,-14,-16,-11,-12,-9,-15,-11,-10,-6,-9,-7,-9,-7,-7,-3,-5,-5,-2,-2,0,-2,3,-2,3,1,4,2,7,0,7,5,10,2,7,4,10,3,9,7,12,2,15,7,14,4,15,5,15,5,14,3,13,7,16,6,17,6,17,4,18,5,14,6,18,4,18,3,23,1,19,1,22,1,20,-4,21,0,0,0,0,0,0,0,0,0,0,0,0,0,0,0,0,0,0,0,0,0,0,62,4,59,10,59,15,60,16,61,19,60,24,59,25,62,23,65,27,64,29,61,34,63,36,65,35,65,37,65,33,66,35,66,37,70,38,65,36,67,36,70,35,69,40,65,39,63,38,63,37,61,35,65,37,65,34,62,31,61,28,62,26,59,21,63,21,61,14,60,15,59,10,58,6,55,7,54,-1,55,-4,59,-7,55,-11,55,-11,58,-14,53,-17,52,-27,53,-27,57,-30,55,-34,57,-34,58,-37,59,-37,58,-42,57,-41,58,-43,59,-46,59,-44,0,0]"
CSI_DATA,227,1a:00:00:00:00:00,-48,11,1,0,1,1,1,0,0,0,1,-96,0,11,2,3306566,0,44,0,384,0,"[0,0,0,0,0,0,0,0,0,0,0,0,-4,-11,-4,-11,-4,-10,-4,-10,-4,-10,-4,-9,-3,-9,-3,-8,-3,-8,-3,-7,-3,-7,-3,-6,-3,-5,-2,-5,-2,-5,-2,-4,-2,-4,-2,-3,-2,-3,-1,-3,-1,-2,-1,-2,-1,-1,-1,-1,-1,-1,-1,-1,0,0,0,0,0,0,0,1,0,1,0,1,0,2,0,2,0,2,0,2,0,2,0,2,0,2,0,2,0,3,0,3,0,3,0,3,0,3,0,3,0,3,0,3,-1,3,-1,3,-1,3,-1,3,-1,3,0,0,0,0,0,0,0,0,0,0,0,0,0,0,-23,-72,-21,-69,-23,-64,-19,-63,-20,-62,-18,-58,-18,-56,-15,-55,-12,-52,-15,-47,-13,-47,-11,-39,-14,-42,-11,-38,-11,-32,-13,-31,-9,-33,-10,-26,-9,-22,-8,-22,-10,-21,-7,-16,-8,-13,-6,-10,-5,-5,-1,-8,-3,-5,-4,-1,-2,-2,-4,1,-3,1,-1,4,0,4,1,8,2,10,3,7,-2,12,2,9,1,12,3,14,-1,16,5,13,2,13,2,20,2,17,1,16,3,17,3,17,3,15,3,20,2,18,-2,16,2,20,-1,19,-5,22,-4,20,-4,17,0,0,0,0,0,0,0,0,0,0,0,0,0,0,0,0,0,0,0,0,0,0,52,28,50,32,53,38,50,41,48,44,47,45,46,46,46,49,46,48,50,52,47,51,47,56,52,57,48,59,46,57,48,56,52,61,47,62,51,57,50,58,48,56,50,60,50,58,46,56,50,55,51,56,47,53,50,53,52,49,48,48,46,44,51,42,48,40,51,40,52,34,53,31,52,26,51,22,51,20,54,15,53,13,56,9,57,6,61,3,58,1,55,-5,55,-7,59,-13,63,-13,64,-17,65,-20,68,-24,69,-22,66,-24,70,-25,71,-27,73,-24,0,0]"
CSI_DATA,228,1a:00:00:00:00:00,-48,11,1,0,1,1,1,0,0,0,1,-96,0,11,2,3316584,0,44,0,384,0,"[0,0,0,0,0,0,0,0,0,0,0,0,10,2,10,2,10,2,9,2,9,2,8,2,8,1,7,1,7,1,7,1,6,1,5,1,5,1,4,1,4,0,4,0,3,0,2,0,2,0,2,0,2,0,1,-1,1,0,0,-1,0,-1,0,-1,0,0,-1,-1,-1,-1,-1,-1,-2,-1,-2,-1,-2,-1,-2,-1,-2,-1,-3,-1,-3,-1,-3,-2,-3,-1,-3,-1,-3,-1,-3,-2,-3,-2,-3,-2,-3,-2,-3,-2,-3,-2,-3,-2,-4,-2,-3,-2,-3,-2,-3,-3,-3,-3,0,0,0,0,0,0,0,0,0,0,0,0,0,0,65,25,66,27,59,24,60,27,59,29,52,24,55,25,52,20,48,22,44,17,41,17,39,15,41,17,35,16,30,15,31,14,27,12,25,10,23,8,20,8,20,5,15,6,17,3,10,2,12,2,10,4,5,1,4,2,1,-1,4,0,1,-2,-4,-3,-3,-6,-8,-4,-7,-5,-6,-4,-9,-10,-8,-7,-9,-7,-13,-11,-12,-10,-10,-10,-16,-9,-12,-12,-12,-11,-13,-12,-13,-10,-12,-11,-13,-13,-16,-12,-16,-14,-15,-14,-16,-13,-11,-17,-14,-15,-10,-15,-5,-17,0,0,0,0,0,0,0,0,0,0,0,0,0,0,0,0,0,0,0,0,0,0,-48,32,-47,30,-57,27,-57,25,-61,22,-59,17,-61,20,-61,20,-66,18,-69,19,-69,16,-67,10,-72,13,-73,14,-73,14,-77,11,-72,12,-79,11,-73,10,-73,10,-78,13,-79,11,-76,10,-75,12,-75,9,-76,8,-73,11,-71,12,-74,16,-63,13,-67,15,-58,19,-59,19,-61,23,-57,22,-52,27,-50,26,-48,28,-47,31,-47,34,-43,36,-43,38,-37,40,-38,45,-34,41,-28,51,-29,49,-28,53,-28,55,-28,61,-25,62,-28,64,-25,66,-24,64,-26,69,-21,70,-25,73,0,0]"
CSI_DATA,229,1a:00:00:00:00:00,-48,11,1,0,1,1,1,0,0,0,1,-96,0,11,2,3326580,0,44,0,384,0,"[0,0,0,0,0,0,0,0,0,0,0,0,-3,11,-3,11,-3,10,-3,10,-2,9,-2,9,-2,8,-2,7,-2,7,-2,6,-1,6,-1,6,-1,5,-1,5,-1,4,-1,4,-1,3,-1,3,-1,2,-1,2,-1,1,-1,1,0,1,-1,0,0,0,0,0,0,0,0,-1,0,-1,0,-2,0,-2,0,-2,0,-2,0,-2,0,-3,1,-3,1,-3,1,-3,0,-3,0,-3,1,-3,0,-3,1,-3,1,-3,1,-3,1,-3,1,-3,1,-3,1,-3,1,-3,1,-3,2,-3,2,-3,0,0,0,0,0,0,0,0,0,0,0,0,0,0,-28,65,-29,65,-27,61,-29,63,-25,56,-21,57,-26,54,-26,51,-22,46,-23,43,-22,44,-17,40,-15,40,-18,37,-13,33,-10,30,-10,29,-11,24,-10,22,-7,18,-6,18,-5,19,-2,14,-3,14,-5,13,-4,11,-1,7,1,7,-2,1,1,1,2,1,3,-2,4,-5,1,-2,6,-10,1,-8,4,-8,5,-11,5,-11,9,-12,7,-9,7,-11,5,-12,7,-12,6,-12,9,-15,9,-14,11,-18,12,-14,10,-16,10,-16,12,-16,12,-16,14,-14,12,-15,13,-12,16,-12,0,0,0,0,0,0,0,0,0,0,0,0,0,0,0,0,0,0,0,0,0,0,-26,-51,-23,-55,-18,-55,-17,-61,-12,-61,-12,-64,-8,-64,-10,-66,-8,-67,-9,-67,-7,-69,-8,-68,-7,-73,-5,-72,-6,-75,-4,-75,-4,-78,-2,-76,-2,-75,-3,-77,-1,-74,-3,-76,-4,-76,-5,-76,-3,-76,-5,-74,-5,-71,-3,-72,-6,-69,-10,-69,-8,-64,-17,-65,-17,-63,-19,-59,-19,-59,-20,-55,-26,-56,-28,-54,-29,-49,-32,-46,-34,-44,-37,-43,-41,-41,-44,-40,-44,-36,-46,-38,-50,-34,-53,-29,-57,-30,-58,-28,-57,-26,-63,-26,-68,-27,-66,-26,-73,-26,-69,-26,-71,-27,0,0]"
CSI_DATA,230,1a:00:00:00:00:00,-48,11,1,0,1,1,1,0,0,0,1,-96,0,11,2,3336557,0,44,0,384,0,"[0,0,0,0,0,0,0,0,0,0,0,0,-11,5,-11,5,-10,5,-10,5,-10,5,-9,4,-9,4,-8,4,-7,4,-7,3,-7,3,-6,3,-6,3,-5,2,-5,2,-4,2,-4,2,-3,2,-3,1,-3,1,-2,1,-2,1,-2,0,-1,0,-1,0,0,0,0,0,0,0,0,-1,0,-1,1,-1,1,-1,1,-1,1,-1,1,-1,2,-1,2,-2,2,-1,2,-1,2,-1,2,-2,3,-2,2,-1,3,-2,2,-2,3,-2,3,-1,3,-1,3,-1,3,-1,3,-1,3,-1,3,0,0,0,0,0,0,0,0,0,0,0,0,0,0,0,-63,37,-58,37,-60,38,-54,30,-55,33,-54,31,-53,29,-49,31,-43,30,-45,27,-40,21,-39,24,-35,23,-35,19,-32,19,-27,20,-27,18,-24,17,-21,12,-21,13,-19,15,-16,9,-15,9,-13,7,-11,4,-6,6,-4,7,-7,4,-3,3,-1,3,0,4,-1,-2,1,0,4,-2,6,-3,11,-2,8,-6,11,-3,9,-6,11,-4,14,-5,13,-4,10,-6,14,-3,12,-7,11,-7,13,-6,17,-5,17,-6,15,-6,17,-6,21,-4,19,-6,19,-5,19,-2,20,-3,19,-1,0,0,0,0,0,0,0,0,0,0,0,0,0,0,0,0,0,0,0,0,0,0,6,-57,11,-57,13,-59,20,-62,23,-59,26,-61,28,-61,27,-57,32,-60,34,-57,32,-62,33,-65,33,-63,35,-66,36,-63,40,-63,38,-68,40,-63,42,-67,43,-63,43,-65,44,-65,44,-60,39,-66,36,-66,37,-64,35,-63,37,-61,29,-63,31,-64,29,-60,26,-60,26,-61,22,-59,23,-58,15,-59,12,-59,5,-60,2,-59,-2,-53,-4,-57,-11,-55,-13,-57,-14,-55,-16,-51,-23,-60,-22,-58,-25,-61,-30,-58,-33,-55,-39,-57,-40,-57,-37,-62,-41,-58,-43,-59,-43,-66,-43,-67,0,0]"
CSI_DATA,231,1a:00:00:00:00:00,-48,11,1,0,1,1,1,0,0,0,1,-96,0,11,2,3346591,0,44,0,384,0,"[0,0,0,0,0,0,0,0,0,0,0,0,6,-10,6,-10,5,-9,6,-9,5,-9,4,-8,5,-8,4,-7,4,-7,4,-6,3,-6,3,-6,2,-5,2,-5,2,-5,2,-4,1,-4,1,-4,1,-3,1,-3,1,-2,0,-2,0,-2,0,-2,0,-1,0,-1,0,0,-1,0,-1,0,-1,0,-1,0,-1,0,-2,1,-2,1,-2,1,-2,1,-2,1,-2,1,-2,1,-2,2,-2,2,-2,2,-2,2,-2,2,-3,2,-3,2,-3,2,-3,2,-3,2,-3,1,-3,1,-3,1,-3,1,0,0,0,0,0,0,0,0,0,0,0,0,0,0,63,-50,58,-42,56,-45,55,-42,55,-38,49,-36,49,-37,47,-33,42,-32,40,-32,38,-28,36,-27,33,-29,32,-23,28,-23,27,-21,25,-22,22,-18,21,-17,19,-15,18,-16,14,-15,15,-12,11,-8,11,-9,6,-8,5,-7,3,-8,4,-6,-1,-5,-2,1,-2,-1,-4,-1,-5,0,-9,2,-11,3,-8,3,-9,1,-11,4,-13,5,-13,5,-9,5,-12,2,-15,6,-16,6,-14,4,-15,2,-16,4,-18,5,-20,4,-15,4,-20,3,-20,1,-19,3,-20,1,-21,-1,-20,-2,0,0,0,0,0,0,0,0,0,0,0,0,0,0,0,0,0,0,0,0,0,0,12,53,4,61,2,57,-3,65,-6,64,-7,65,-10,61,-11,66,-13,68,-12,65,-16,68,-17,68,-13,70,-19,73,-18,73,-21,72,-22,74,-20,73,-23,74,-23,75,-24,75,-28,74,-23,75,-22,71,-24,72,-23,71,-22,72,-19,70,-21,69,-15,67,-19,63,-10,64,-11,65,-8,62,-4,66,-5,58,3,60,2,56,6,55,12,54,14,58,15,56,19,56,20,53,25,51,27,53,29,51,35,50,37,51,40,53,42,52,48,53,46,54,44,53,50,55,50,55,47,57,0,0]"
CSI_DATA,232,1a:00:00:00:00:00,-47,11,1,0,1,1,1,0,0,0,1,-96,0,11,2,3356578,0,44,0,384,0,"[0,0,0,0,0,0,0,0,0,0,0,0,11,2,11,2,11,2,10,2,10,2,9,2,9,1,8,1,8,1,7,1,6,1,6,1,6,1,4,1,4,1,4,0,3,0,3,0,3,0,2,0,2,0,1,-1,1,0,1,0,0,-1,0,-1,0,0,0,-1,-1,-1,-1,-1,-2,-1,-2,-1,-2,-1,-2,-1,-2,-1,-2,-2,-2,-2,-3,-2,-3,-2,-3,-2,-3,-2,-3,-2,-3,-2,-3,-2,-3,-2,-3,-2,-3,-2,-3,-2,-3,-3,-3,-3,-3,-3,-2,-3,-2,-3,0,0,0,0,0,0,0,0,0,0,0,0,0,0,72,14,65,13,68,10,65,12,64,16,61,15,57,15,57,13,48,12,47,13,48,10,44,10,40,13,37,9,37,10,32,10,30,6,26,7,27,6,22,7,23,5,19,1,17,2,14,1,11,-1,8,0,11,1,8,-1,6,-1,4,-1,0,-2,0,-1,-4,-1,-4,-2,-4,-3,-6,-4,-7,-5,-9,-5,-11,-6,-11,-7,-13,-9,-13,-5,-10,-8,-14,-8,-13,-10,-10,-10,-12,-8,-14,-9,-16,-12,-13,-11,-16,-9,-13,-12,-17,-14,-12,-13,-14,-14,-11,-15,-12,-15,0,0,0,0,0,0,0,0,0,0,0,0,0,0,0,0,0,0,0,0,0,0,-33,44,-37,40,-41,42,-48,40,-49,41,-50,36,-54,35,-51,35,-58,35,-57,34,-61,35,-64,33,-62,34,-67,35,-66,35,-66,30,-70,32,-66,32,-71,30,-68,31,-69,30,-73,32,-68,30,-69,30,-67,27,-67,29,-65,28,-64,29,-62,29,-61,29,-57,31,-57,32,-56,33,-50,34,-51,35,-46,38,-46,37,-41,39,-39,40,-37,41,-35,44,-31,45,-29,49,-25,50,-26,53,-17,53,-18,57,-13,60,-11,63,-12,61,-11,64,-12,64,-11,72,-12,69,-9,74,-13,74,-10,71,0,0]"
CSI_DATA,233,1a:00:00:00:00:00,-47,11,1,0,1,1,1,0,0,0,1,-96,0,11,2,3366817,0,44,0,384,0,"[0,0,0,0,0,0,0,0,0,0,0,0,-12,-4,-12,-3,-11,-3,-11,-3,-10,-3,-10,-3,-9,-3,-8,-3,-8,-2,-8,-2,-7,-2,-7,-2,-7,-2,-6,-2,-5,-2,-5,-1,-4,-1,-4,-1,-4,-1,-3,-1,-3,-1,-2,-1,-2,0,-2,0,-1,-1,-1,0,0,0,0,0,0,0,0,0,1,0,1,0,1,0,1,0,1,0,1,0,2,0,2,0,2,1,2,1,2,1,2,1,2,1,2,1,2,1,2,1,2,1,2,1,2,1,2,2,2,2,2,2,1,2,0,0,0,0,0,0,0,0,0,0,0,0,0,0,-66,-20,-72,-21,-65,-16,-65,-18,-64,-14,-59,-16,-60,-14,-57,-14,-53,-14,-50,-12,-49,-14,-47,-11,-43,-12,-38,-13,-36,-8,-34,-8,-34,-5,-29,-5,-22,-7,-26,-6,-21,-4,-21,-6,-18,-1,-15,-2,-13,-2,-10,2,-10,0,-8,0,-7,1,-4,4,-4,-1,2,2,1,1,4,3,5,2,8,2,7,7,8,4,10,5,12,4,11,0,11,3,10,4,10,4,12,4,15,5,15,6,16,5,12,6,15,8,15,7,17,8,14,8,15,9,15,9,11,11,14,11,0,0,0,0,0,0,0,0,0,0,0,0,0,0,0,0,0,0,0,0,0,0,45,-36,46,-29,53,-26,55,-25,59,-22,58,-20,58,-22,60,-19,63,-16,65,-18,69,-17,68,-16,68,-20,72,-16,72,-15,70,-14,74,-17,76,-17,76,-15,74,-13,76,-15,75,-13,73,-15,75,-13,73,-13,71,-15,66,-17,66,-17,69,-20,63,-20,65,-20,62,-20,59,-26,55,-26,57,-27,53,-26,50,-30,49,-33,43,-37,41,-37,38,-39,40,-43,33,-45,33,-49,30,-48,27,-54,24,-53,21,-57,22,-58,20,-62,17,-64,18,-64,15,-66,15,-72,13,-75,13,-73,18,-77,0,0]"
CSI_DATA,234,1a:00:00:00:00:00,-47,11,1,0,1,1,1,0,0,0,1,-96,0,11,2,3437655,0,44,0,384,0,"[0,0,0,0,0,0,0,0,0,0,0,0,-3,-13,-2,-12,-3,-11,-2,-11,-2,-11,-2,-10,-2,-9,-2,-9,-2,-9,-2,-8,-2,-8,-2,-7,-2,-7,-2,-6,-1,-6,-1,-6,-1,-5,-1,-5,-1,-4,-1,-4,-1,-3,-1,-3,-1,-3,-1,-2,-1,-2,-1,-2,0,0,-1,-1,-1,-1,-1,0,-1,0,-1,0,-1,1,-1,0,-1,1,-1,1,-1,1,-1,1,-1,1,-1,2,-1,2,-1,2,-1,2,-1,2,-1,2,-1,2,-2,2,-2,2,-2,2,-2,2,-2,2,-2,2,-2,2,0,0,0,0,0,0,0,0,0,0,0,0,0,0,-3,-77,1,-74,-5,-73,1,-73,0,-70,2,-65,-1,-64,1,-59,0,-56,3,-56,1,-55,-1,-50,1,-46,-2,-45,2,-42,-1,-39,0,-36,-2,-33,-2,-29,-1,-28,0,-27,0,-25,0,-20,1,-20,-2,-15,-3,-15,-2,-11,-4,-14,0,-8,-5,-6,-3,-4,-2,-2,-2,-2,-2,0,-7,0,-3,4,-6,4,-5,6,-2,6,-4,7,-4,7,-8,10,-5,10,-6,12,-7,12,-8,10,-9,11,-7,15,-6,12,-8,12,-10,14,-9,14,-11,11,-8,13,-10,13,-12,9,-14,11,0,0,0,0,0,0,0,0,0,0,0,0,0,0,0,0,0,0,0,0,0,0,47,20,49,26,47,28,47,33,46,37,47,37,45,41,47,41,48,45,47,44,43,49,46,50,50,51,47,54,46,53,45,56,48,58,45,57,45,59,43,59,46,58,43,62,44,58,44,56,44,59,44,57,41,58,45,60,43,57,40,55,41,50,42,49,44,46,43,44,46,42,46,40,46,33,49,33,47,28,50,26,51,26,51,18,54,19,56,12,57,15,55,9,57,8,59,2,67,5,64,-2,65,0,70,-4,72,-3,69,-6,74,-7,76,-7,78,-5,0,0]"
CSI_DATA,235,1a:00:00:00:00:00,-47,11,1,0,1,1,1,0,0,0,1,-96,0,11,2,3446978,0,44,0,384,0,"[0,0,0,0,0,0,0,0,0,0,0,0,-11,5,-11,5,-10,4,-10,4,-10,4,-9,3,-9,3,-8,4,-8,3,-8,3,-7,3,-7,3,-6,2,-6,2,-6,2,-5,2,-5,2,-4,2,-4,1,-4,1,-3,1,-3,1,-3,1,-3,1,-2,1,-2,0,0,0,-1,0,0,0,0,0,0,0,0,0,0,0,1,0,1,0,1,0,1,0,1,-1,1,0,1,0,1,0,2,0,2,-1,2,-1,2,0,2,0,2,0,2,0,2,0,2,0,2,0,2,0,2,1,0,0,0,0,0,0,0,0,0,0,0,0,0,0,-74,30,-68,29,-68,30,-66,28,-62,27,-58,25,-59,25,-59,25,-52,19,-51,19,-47,20,-49,18,-44,19,-41,18,-37,14,-36,16,-34,16,-32,13,-29,15,-27,12,-23,13,-22,10,-17,11,-15,9,-18,10,-14,8,-12,5,-8,6,-7,5,-5,6,-4,4,-1,2,-1,1,1,1,1,1,6,-1,5,-1,6,1,11,2,10,1,8,0,8,0,10,1,13,-2,13,-2,15,0,14,-1,13,2,15,-3,16,-1,15,0,14,2,14,0,17,4,14,3,14,6,12,6,0,0,0,0,0,0,0,0,0,0,0,0,0,0,0,0,0,0,0,0,0,0,1,-54,8,-57,12,-56,14,-61,20,-59,20,-62,20,-61,20,-59,24,-61,25,-59,29,-64,34,-65,32,-67,35,-64,36,-66,35,-66,37,-72,39,-66,42,-68,41,-66,42,-66,41,-67,43,-68,42,-68,41,-64,38,-67,39,-66,40,-65,35,-62,33,-66,30,-58,27,-60,26,-63,23,-60,24,-63,20,-58,17,-58,13,-57,11,-57,5,-56,5,-59,-1,-58,-3,-59,-8,-57,-8,-60,-17,-59,-17,-61,-22,-61,-23,-59,-25,-62,-25,-60,-30,-65,-30,-68,-34,-58,-39,-70,-36,-70,-36,-70,0,0]"
CSI_DATA,236,1a:00:00:00:00:00,-47,11,1,0,1,1,1,0,0,0,1,-96,0,11,2,3456567,0,44,0,384,0,"[0,0,0,0,0,0,0,0,0,0,0,0,-12,-2,-12,-2,-12,-2,-11,-2,-10,-2,-10,-3,-9,-2,-9,-2,-8,-2,-8,-2,-8,-2,-7,-2,-7,-2,-6,-2,-6,-2,-6,-1,-5,-1,-4,-1,-4,-1,-4,-1,-4,-1,-3,-1,-3,-1,-2,-1,-2,-1,-2,0,0,0,-1,0,-1,0,-1,0,0,0,0,0,0,0,0,0,0,1,1,1,0,1,1,1,1,1,1,1,1,1,1,1,1,1,1,1,1,2,1,2,1,2,1,2,1,2,1,2,0,2,0,2,0,2,0,0,0,0,0,0,0,0,0,0,0,0,0,0,-72,-12,-74,-8,-72,-8,-69,-11,-69,-11,-62,-12,-65,-12,-58,-15,-59,-11,-55,-11,-51,-11,-48,-8,-48,-9,-45,-10,-41,-11,-39,-6,-37,-5,-33,-8,-33,-3,-29,-5,-27,-3,-26,-6,-21,0,-22,-4,-16,-1,-18,-2,-15,-1,-9,-2,-12,-1,-10,0,-6,-2,-5,1,-3,0,-1,1,0,1,-2,5,2,3,5,7,5,4,5,4,7,6,9,5,5,6,6,6,8,8,7,7,8,8,12,3,10,9,9,9,10,11,10,12,9,11,8,12,8,16,7,10,3,13,0,0,0,0,0,0,0,0,0,0,0,0,0,0,0,0,0,0,0,0,0,0,22,-49,27,-48,31,-46,35,-48,38,-47,38,-47,43,-46,45,-45,45,-49,48,-46,50,-43,53,-45,54,-45,56,-46,59,-47,59,-45,63,-42,61,-45,62,-44,65,-42,67,-42,62,-43,64,-42,66,-41,65,-39,65,-41,61,-40,57,-39,59,-38,59,-39,56,-40,54,-45,52,-41,50,-42,47,-43,43,-43,41,-41,42,-45,35,-44,31,-45,31,-47,29,-51,27,-51,23,-54,19,-53,17,-55,12,-59,12,-62,9,-61,8,-63,6,-65,8,-67,6,-71,5,-75,4,-77,5,-77,7,-75,0,0]"
CSI_DATA,237,1a:00:00:00:00:00,-46,11,1,0,1,1,1,0,0,0,1,-96,0,11,2,3467593,0,44,0,384,0,"[0,0,0,0,0,0,0,0,0,0,0,0,8,9,7,9,7,8,7,8,6,8,6,7,6,7,5,6,5,6,5,6,4,6,4,5,4,5,4,4,3,4,3,4,3,3,3,3,2,2,2,2,2,2,2,1,2,1,1,1,1,0,1,0,0,0,0,0,0,0,0,-1,0,-1,0,-1,-1,-2,-1,-2,-1,-2,-1,-2,-1,-2,-1,-2,-1,-2,-1,-3,-1,-3,-1,-3,-1,-3,-1,-3,-1,-3,-1,-3,-1,-3,-1,-3,-1,-3,-1,-3,0,-3,0,-3,0,-3,0,0,0,0,0,0,0,0,0,0,0,0,0,0,48,52,47,53,48,52,49,52,46,52,39,46,41,48,40,46,39,44,36,44,36,38,31,39,31,33,28,30,27,34,24,28,23,31,23,26,20,21,22,19,21,20,16,15,17,13,15,13,12,9,10,10,11,9,10,9,5,5,9,7,8,4,4,3,0,-1,1,-1,1,-3,-1,-3,-3,-6,-1,-10,-3,-7,-3,-13,-3,-13,-3,-11,-5,-12,-4,-11,-5,-15,-3,-10,-7,-13,-2,-14,-4,-14,-6,-14,-7,-15,-4,-17,-1,-17,-3,-16,0,-19,1,-15,2,-15,0,0,0,0,0,0,0,0,0,0,0,0,0,0,0,0,0,0,0,0,0,0,-51,14,-53,8,-58,10,-56,6,-61,4,-60,-3,-62,-3,-67,-3,-64,-3,-65,-7,-67,-10,-69,-12,-72,-10,-74,-14,-70,-15,-74,-14,-78,-13,-78,-17,-73,-15,-76,-16,-78,-18,-76,-17,-76,-19,-73,-20,-74,-22,-72,-20,-70,-19,-69,-18,-71,-16,-69,-12,-68,-10,-64,-10,-67,-9,-66,-8,-64,-3,-61,1,-61,1,-61,5,-55,5,-59,8,-56,13,-58,16,-56,21,-55,21,-51,23,-53,27,-49,30,-50,38,-49,39,-53,39,-49,44,-49,43,-49,48,-55,52,-56,51,-53,53,-52,52,0,0]"
CSI_DATA,238,1a:00:00:00:00:00,-46,11,1,0,1,1,1,0,0,0,1,-96,0,11,2,3476564,0,44,0,384,0,"[0,0,0,0,0,0,0,0,0,0,0,0,12,1,12,1,12,1,11,1,10,1,10,1,9,1,9,1,8,1,8,1,8,1,7,0,7,0,6,0,5,0,5,0,5,0,4,0,4,0,4,0,3,0,3,0,2,-1,2,-1,2,-1,1,-1,0,0,0,-1,0,-1,0,-1,-1,-1,-1,-1,-1,-1,-1,-1,-1,-2,-2,-2,-1,-2,-2,-2,-2,-2,-2,-1,-2,-2,-2,-2,-3,-2,-2,-2,-3,-2,-3,-2,-3,-3,-3,-3,-2,-3,-2,-3,-2,-3,-2,-3,-2,-3,0,0,0,0,0,0,0,0,0,0,0,0,0,0,74,20,67,13,69,15,67,16,62,17,64,17,56,16,55,15,54,14,52,15,47,14,44,10,45,13,40,11,40,9,35,9,35,6,34,8,31,7,26,8,26,7,20,4,21,2,21,5,18,4,17,3,11,0,12,0,10,-1,8,-2,5,-2,5,-3,2,-1,1,-1,-1,-1,0,-6,-4,-7,-5,-6,-5,-6,-6,-6,-6,-7,-11,-9,-8,-10,-7,-9,-9,-7,-8,-10,-11,-10,-10,-12,-10,-12,-8,-11,-10,-13,-9,-10,-7,-16,-10,-13,-9,-14,-7,-15,-5,-15,0,0,0,0,0,0,0,0,0,0,0,0,0,0,0,0,0,0,0,0,0,0,-26,44,-33,44,-34,43,-40,43,-41,38,-47,38,-47,39,-48,35,-52,37,-52,37,-55,37,-53,37,-58,37,-61,36,-63,38,-61,33,-64,36,-63,37,-65,31,-66,32,-64,34,-69,33,-67,31,-69,33,-64,29,-66,34,-63,30,-60,31,-59,30,-62,31,-56,32,-56,34,-55,33,-53,32,-51,33,-50,36,-45,35,-43,40,-42,41,-38,44,-37,44,-32,42,-31,49,-27,51,-26,51,-21,53,-23,53,-20,54,-15,59,-13,60,-13,59,-14,64,-14,67,-15,66,-13,73,-15,72,-13,74,0,0]"
CSI_DATA,239,1a:00:00:00:00:00,-46,11,1,0,1,1,1,0,0,0,1,-96,0,11,2,3496577,0,44,0,384,0,"[0,0,0,0,0,0,0,0,0,0,0,0,-12,-5,-11,-6,-11,-5,-11,-5,-10,-5,-10,-5,-9,-5,-9,-4,-8,-5,-8,-4,-8,-4,-7,-3,-7,-3,-6,-3,-6,-3,-6,-3,-5,-2,-5,-2,-5,-2,-4,-2,-4,-2,-4,-1,-3,-1,-3,-1,-3,-1,-2,-1,0,0,-2,0,-1,0,-1,0,-1,0,-1,0,-1,0,0,0,0,1,0,1,0,1,0,1,0,1,0,1,0,1,1,1,1,2,1,2,1,2,1,2,1,2,0,2,0,2,0,2,0,2,0,2,0,2,0,0,0,0,0,0,0,0,0,0,0,0,0,0,-61,-48,-56,-53,-57,-46,-55,-47,-53,-44,-51,-46,-47,-40,-48,-42,-47,-37,-42,-38,-41,-36,-39,-34,-40,-33,-31,-32,-31,-31,-32,-27,-29,-23,-29,-21,-26,-22,-23,-19,-25,-20,-22,-16,-20,-17,-18,-13,-16,-11,-13,-11,-14,-8,-11,-8,-13,-7,-12,-5,-8,-3,-8,-4,-5,0,-3,3,-4,-1,-4,2,-5,3,-1,6,-2,7,-1,9,0,8,0,11,2,11,1,13,2,15,1,10,-1,12,0,13,4,14,4,13,2,13,-1,14,0,17,-1,16,0,17,-3,13,-4,15,0,0,0,0,0,0,0,0,0,0,0,0,0,0,0,0,0,0,0,0,0,0,37,-35,41,-37,44,-31,53,-30,51,-28,53,-24,57,-24,58,-23,59,-18,59,-20,63,-20,66,-19,66,-20,71,-18,72,-17,71,-14,74,-12,72,-12,75,-14,73,-11,74,-13,80,-9,74,-8,74,-7,74,-9,73,-6,71,-11,71,-11,67,-10,70,-14,65,-9,67,-12,65,-12,63,-15,60,-15,59,-21,57,-17,55,-26,52,-24,52,-29,53,-27,46,-31,47,-34,44,-37,44,-38,43,-40,42,-42,40,-48,40,-53,39,-53,38,-55,38,-55,38,-59,37,-60,43,-61,44,-65,42,-62,0,0]"
CSI_DATA,240,1a:00:00:00:00:00,-46,11,1,0,1,1,1,0,0,0,1,-96,0,11,2,3506965,0,44,0,384,0,"[0,0,0,0,0,0,0,0,0,0,0,0,7,-11,6,-11,6,-11,6,-10,6,-9,6,-9,5,-9,5,-8,5,-8,5,-7,4,-7,4,-7,4,-6,3,-6,3,-5,3,-5,2,-5,2,-5,2,-4,2,-4,2,-4,1,-3,1,-3,1,-3,0,-2,0,-2,0,0,0,-2,0,-2,-1,-1,-1,-1,-1,-1,-2,-1,-2,-1,-2,0,-2,0,-2,-1,-2,0,-3,0,-3,0,-3,0,-3,0,-2,0,-3,0,-3,0,-3,0,-3,0,-3,-1,-3,-1,-3,-1,-3,-1,-3,-1,-3,-1,0,0,0,0,0,0,0,0,0,0,0,0,0,0,31,-72,30,-73,29,-70,23,-64,30,-64,26,-62,29,-59,28,-58,24,-56,28,-50,20,-49,20,-46,19,-43,23,-42,21,-40,18,-39,14,-36,17,-35,11,-31,12,-31,9,-29,9,-25,7,-21,8,-22,8,-21,8,-16,3,-16,3,-13,3,-14,3,-11,0,-8,-3,-8,-2,-5,-5,-5,-6,0,-6,-2,-5,-2,-5,0,-5,1,-9,1,-8,2,-11,2,-8,3,-9,5,-11,4,-15,4,-14,4,-14,4,-12,3,-14,5,-15,5,-16,5,-15,7,-17,3,-20,1,-18,-3,-15,-4,0,0,0,0,0,0,0,0,0,0,0,0,0,0,0,0,0,0,0,0,0,0,47,23,45,31,44,37,43,39,39,45,40,46,38,48,38,48,37,53,37,55,38,58,32,58,34,58,34,61,30,64,35,64,33,67,33,68,33,67,30,71,29,71,30,69,28,74,31,69,27,74,26,72,28,70,26,66,27,68,27,62,27,61,28,58,30,55,29,56,29,59,34,52,34,52,35,45,34,46,37,40,36,39,45,39,44,33,47,34,45,31,49,25,52,26,58,27,57,23,59,23,61,21,64,20,68,23,70,22,74,23,72,21,71,24,0,0]"
CSI_DATA,241,1a:00:00:00:00:00,-46,11,1,0,1,1,1,0,0,0,1,-96,0,11,2,3516593,0,44,0,384,0,"[0,0,0,0,0,0,0,0,0,0,0,0,6,9,6,9,6,9,5,9,5,8,5,8,5,8,4,7,4,7,3,6,3,6,3,6,3,5,3,5,3,4,3,4,2,4,2,3,2,3,2,3,2,2,2,2,1,1,1,1,1,1,1,1,0,0,0,0,1,0,0,-1,0,-1,0,-1,0,-1,0,-1,0,-2,0,-2,0,-2,0,-2,0,-2,0,-2,0,-2,0,-3,0,-3,0,-3,0,-3,0,-3,0,-3,0,-3,1,-3,1,-3,1,-3,1,-3,1,-3,0,0,0,0,0,0,0,0,0,0,0,0,0,0,30,69,29,66,31,64,26,62,30,64,26,59,26,61,20,56,22,55,22,50,20,51,23,48,19,46,17,44,16,39,19,37,15,34,13,30,11,28,14,29,13,24,11,21,12,21,9,16,7,17,5,15,9,14,11,10,4,11,7,7,5,7,4,4,4,2,2,0,3,-3,4,-1,5,-7,1,-5,6,-9,5,-9,2,-8,1,-9,5,-12,4,-10,0,-13,2,-12,4,-12,2,-16,4,-14,3,-15,3,-13,4,-13,3,-14,6,-13,8,-17,9,-17,8,-14,0,0,0,0,0,0,0,0,0,0,0,0,0,0,0,0,0,0,0,0,0,0,-54,5,-55,0,-61,-1,-59,-4,-59,-9,-59,-13,-60,-14,-60,-18,-62,-16,-65,-21,-65,-23,-66,-22,-69,-22,-68,-26,-66,-29,-68,-27,-68,-27,-70,-31,-68,-33,-72,-33,-70,-37,-69,-33,-70,-35,-67,-35,-65,-36,-66,-33,-64,-30,-66,-32,-64,-29,-65,-28,-61,-27,-62,-26,-62,-24,-60,-24,-64,-20,-59,-17,-60,-14,-58,-10,-57,-6,-58,-2,-58,-2,-61,3,-56,3,-59,8,-58,8,-58,11,-57,13,-59,20,-57,23,-61,27,-60,31,-58,31,-63,29,-66,35,-66,35,-66,36,-66,34,0,0]"
CSI_DATA,242,1a:00:00:00:00:00,-46,11,1,0,1,1,1,0,0,0,1,-96,0,11,2,3526957,0,44,0,384,0,"[0,0,0,0,0,0,0,0,0,0,0,0,-2,12,-2,11,-2,11,-3,10,-2,10,-2,9,-2,9,-2,9,-2,8,-2,7,-2,7,-1,7,-1,6,-2,6,-1,5,-1,5,-1,5,-1,4,-1,4,-1,4,-1,3,-1,3,-1,2,0,2,-1,2,0,1,0,0,0,1,0,0,0,0,0,0,0,0,0,-1,1,-1,1,-1,1,-1,1,-1,1,-2,1,-2,1,-2,1,-2,1,-2,1,-2,1,-2,1,-2,2,-2,1,-2,2,-2,2,-2,2,-2,2,-2,2,-2,2,0,0,0,0,0,0,0,0,0,0,0,0,0,0,0,-15,72,-21,72,-22,66,-17,69,-20,68,-17,62,-22,63,-21,56,-18,56,-19,51,-17,51,-14,48,-14,49,-14,45,-15,39,-14,35,-14,35,-13,33,-11,37,-10,30,-9,26,-6,24,-7,23,-6,19,-7,19,-1,18,-4,16,-5,16,-3,12,-2,11,0,6,3,4,4,4,1,3,3,0,4,1,6,-1,9,-1,7,-2,9,-2,10,-5,9,-3,11,0,11,-4,11,-5,12,-6,9,-6,9,-5,12,-4,13,-7,14,-6,15,-6,17,-7,15,-7,15,-5,14,5,7,-12,0,0,0,0,0,0,0,0,0,0,0,0,0,0,0,0,0,0,0,0,0,0,-50,-20,-49,-22,-52,-29,-49,-30,-51,-36,-49,-36,-48,-39,-49,-41,-48,-46,-46,-48,-45,-52,-44,-53,-46,-54,-49,-59,-43,-58,-44,-60,-42,-60,-45,-63,-43,-61,-44,-64,-46,-61,-41,-64,-41,-64,-40,-65,-35,-66,-35,-63,-37,-66,-37,-62,-38,-64,-37,-61,-39,-57,-36,-53,-40,-54,-44,-51,-43,-50,-44,-47,-42,-43,-42,-45,-45,-40,-43,-38,-45,-35,-45,-31,-51,-30,-55,-28,-53,-24,-56,-14,-59,-16,-57,-17,-62,-11,-64,-16,-63,-17,-68,-19,-70,-15,-70,-12,-74,-14,-75,-14,-76,-12,0,0]"
CSI_DATA,243,1a:00:00:00:00:00,-46,11,1,0,1,1,1,0,0,0,1,-96,0,11,2,3536566,0,44,0,384,0,"[0,0,0,0,0,0,0,0,0,0,0,0,-13,-1,-13,-1,-12,0,-12,-1,-12,-1,-11,-1,-11,-1,-10,-1,-10,-1,-9,-1,-9,-1,-8,0,-8,-1,-7,-1,-7,-1,-6,0,-6,0,-5,0,-5,0,-4,0,-4,0,-4,0,-4,0,-3,0,-3,0,-2,0,0,0,-1,0,-1,0,-1,0,-1,0,-1,0,0,0,0,1,0,1,0,1,1,1,1,1,1,1,1,1,1,1,1,1,1,1,1,1,1,2,1,1,1,2,2,2,1,2,1,2,1,2,1,2,0,2,0,0,0,0,0,0,0,0,0,0,0,0,0,0,-76,-5,-74,1,-75,1,-73,-2,-70,-4,-70,-5,-66,-7,-63,-6,-57,-3,-57,-5,-53,-5,-53,-3,-50,-5,-48,-3,-44,-4,-41,-3,-43,-3,-38,1,-35,-1,-34,-2,-32,3,-27,-1,-24,2,-22,-1,-21,1,-20,2,-16,1,-17,2,-13,4,-11,4,-10,-1,-5,3,-6,3,-4,6,1,3,-2,6,2,5,4,8,6,5,2,8,3,8,7,7,7,8,8,9,9,9,6,8,8,10,8,10,10,10,9,11,11,11,11,12,7,14,5,9,9,10,6,12,3,14,0,0,0,0,0,0,0,0,0,0,0,0,0,0,0,0,0,0,0,0,0,0,10,-53,15,-53,19,-55,26,-58,28,-53,28,-53,32,-54,34,-53,36,-54,37,-53,36,-55,42,-49,45,-55,47,-56,51,-56,50,-54,52,-54,52,-54,54,-53,55,-50,57,-53,55,-55,57,-52,57,-49,55,-52,51,-50,54,-51,54,-52,50,-48,50,-52,47,-48,51,-51,48,-46,42,-47,42,-51,39,-49,36,-52,30,-48,30,-52,26,-52,24,-53,19,-55,19,-56,14,-59,15,-56,11,-53,8,-59,5,-61,3,-63,1,-64,0,-65,-4,-69,0,-71,-2,-71,-8,-75,-2,-78,-4,-78,0,0]"
CSI_DATA,244,1a:00:00:00:00:00,-46,11,1,0,1,1,1,0,0,0,1,-96,0,11,2,3546630,0,44,0,384,0,"[0,0,0,0,0,0,0,0,0,0,0,0,11,5,10,5,10,5,9,5,9,5,8,5,8,4,8,4,7,4,7,3,7,4,6,3,6,3,6,3,5,2,5,2,4,2,4,2,4,1,3,1,3,1,3,1,2,1,2,0,2,0,1,0,0,0,1,0,1,-1,0,-1,0,-1,0,-1,0,-2,0,-2,-1,-2,-1,-2,-1,-2,-1,-2,0,-2,-1,-2,-1,-3,-1,-3,-1,-3,-1,-3,-1,-3,-1,-3,-1,-3,-1,-3,-1,-3,-1,-3,0,-3,0,-3,0,-3,0,0,0,0,0,0,0,0,0,0,0,0,0,0,65,41,59,43,60,40,57,44,56,40,51,39,50,38,49,37,46,35,41,34,42,32,41,34,37,32,37,27,33,26,32,25,31,25,30,21,27,21,25,19,25,18,22,14,20,13,20,12,17,10,18,10,14,8,15,4,12,6,8,2,10,3,7,2,5,-2,2,-4,2,-1,3,-4,2,-7,0,-7,0,-11,0,-7,3,-8,0,-8,-2,-12,-1,-12,-3,-12,-2,-12,-1,-17,-1,-13,1,-13,0,-14,0,-14,0,-16,1,-17,3,-17,3,-13,2,-15,7,-16,0,0,0,0,0,0,0,0,0,0,0,0,0,0,0,0,0,0,0,0,0,0,-33,41,-37,40,-40,39,-46,37,-46,35,-50,33,-52,29,-58,31,-58,29,-57,29,-60,28,-61,27,-65,29,-67,27,-71,27,-68,21,-71,25,-71,20,-74,22,-73,16,-72,19,-76,16,-71,18,-71,18,-75,17,-72,17,-72,17,-74,16,-68,14,-67,13,-64,16,-66,16,-61,19,-59,20,-61,17,-59,20,-54,22,-53,25,-50,27,-49,29,-49,31,-47,32,-47,37,-41,39,-42,42,-36,41,-39,42,-36,48,-38,51,-37,54,-34,52,-36,59,-36,58,-35,61,-35,64,-43,67,-38,66,0,0]"
CSI_DATA,245,1a:00:00:00:00:00,-46,11,1,0,1,1,1,0,0,0,1,-96,0,11,2,3557054,0,44,0,384,0,"[0,0,0,0,0,0,0,0,0,0,0,0,-13,-4,-12,-4,-12,-4,-12,-4,-11,-4,-10,-4,-10,-3,-10,-3,-9,-3,-9,-3,-8,-3,-8,-3,-8,-3,-7,-2,-6,-2,-6,-2,-6,-2,-5,-2,-5,-1,-4,-1,-4,-1,-4,-1,-4,-1,-3,-1,-3,-1,-3,0,0,0,-2,0,-2,0,-2,0,-1,1,-1,0,-1,1,-1,0,0,1,0,1,0,1,0,1,0,1,0,1,0,2,0,1,0,2,0,2,0,2,0,2,0,2,0,2,0,2,0,2,0,2,0,2,-1,2,0,0,0,0,0,0,0,0,0,0,0,0,0,0,-72,-33,-66,-29,-71,-28,-65,-29,-63,-25,-64,-28,-58,-26,-57,-26,-55,-25,-56,-23,-50,-24,-48,-26,-44,-18,-40,-17,-42,-18,-41,-16,-37,-18,-36,-14,-32,-14,-31,-14,-33,-12,-25,-12,-25,-8,-23,-5,-18,-6,-18,-7,-18,-6,-13,-4,-13,-3,-12,-1,-11,-3,-10,0,-7,3,-6,1,-7,3,-2,5,-3,5,0,6,0,7,0,9,1,7,4,7,2,11,2,8,4,11,2,12,1,12,3,13,1,15,4,13,5,14,1,15,3,15,0,13,0,16,-2,16,-1,15,0,0,0,0,0,0,0,0,0,0,0,0,0,0,0,0,0,0,0,0,0,0,19,-46,31,-50,32,-46,38,-48,39,-42,47,-41,45,-41,48,-40,50,-38,49,-36,55,-39,54,-37,57,-39,59,-36,62,-39,61,-35,65,-40,63,-29,62,-39,69,-28,68,-33,67,-31,66,-29,70,-31,69,-32,67,-31,65,-30,68,-28,60,-29,63,-30,57,-29,62,-32,56,-30,55,-30,54,-30,52,-33,48,-34,47,-34,39,-37,41,-40,42,-42,37,-41,37,-48,30,-45,35,-50,29,-48,27,-48,25,-58,20,-57,21,-59,19,-61,16,-65,23,-70,20,-66,21,-75,24,-74,23,-73,0,0]"
CSI_DATA,246,1a:00:00:00:00:00,-46,11,1,0,1,1,1,0,0,0,1,-96,0,11,2,3569682,0,44,0,384,0,"[0,0,0,0,0,0,0,0,0,0,0,0,-13,-4,-12,-4,-12,-4,-12,-4,-11,-4,-10,-4,-10,-3,-10,-3,-9,-4,-8,-3,-8,-3,-8,-3,-7,-3,-7,-3,-6,-2,-6,-2,-6,-2,-5,-2,-5,-1,-5,-1,-4,-1,-4,-1,-4,-1,-3,-1,-3,-1,-3,-1,0,0,-2,0,-2,0,-1,0,-1,0,-1,1,-1,1,-1,1,-1,1,0,1,0,1,0,1,0,2,0,1,0,2,0,2,0,2,0,2,0,2,0,2,0,2,0,2,0,2,0,2,0,2,-1,2,-1,2,0,0,0,0,0,0,0,0,0,0,0,0,0,0,-79,-18,-75,-25,-72,-21,-68,-21,-68,-19,-64,-22,-62,-19,-59,-16,-57,-20,-58,-19,-51,-18,-51,-19,-49,-18,-47,-19,-44,-16,-42,-13,-39,-12,-39,-11,-33,-9,-33,-11,-33,-7,-26,-8,-26,-7,-23,-5,-18,-7,-20,-4,-18,-3,-17,-2,-15,-1,-10,1,-11,-2,-9,1,-7,2,-7,4,-2,4,-5,-1,-4,9,0,9,-1,7,0,10,0,9,0,10,3,11,1,11,2,10,1,11,5,14,5,15,4,11,1,18,2,15,2,19,2,16,0,17,-1,15,-1,16,-4,16,0,0,0,0,0,0,0,0,0,0,0,0,0,0,0,0,0,0,0,0,0,0,12,-52,15,-53,22,-56,28,-55,30,-53,33,-52,36,-49,39,-53,40,-50,41,-53,46,-49,47,-48,47,-53,52,-54,54,-50,53,-49,56,-50,59,-48,57,-50,62,-48,61,-52,61,-49,60,-46,61,-45,63,-44,60,-43,61,-42,61,-42,58,-43,59,-41,52,-40,55,-43,54,-41,49,-41,49,-46,46,-43,44,-43,42,-47,37,-42,34,-46,33,-48,30,-48,25,-50,27,-53,24,-52,18,-53,21,-57,15,-59,15,-60,11,-65,13,-65,9,-69,11,-69,11,-71,14,-78,15,-76,13,-79,0,0]"
CSI_DATA,247,1a:00:00:00:00:00,-46,11,1,0,1,1,1,0,0,0,1,-96,0,11,2,3576963,0,44,0,384,0,"[0,0,0,0,0,0,0,0,0,0,0,0,-11,-7,-11,-7,-11,-6,-10,-7,-10,-7,-9,-6,-9,-6,-8,-6,-8,-6,-8,-5,-7,-5,-7,-4,-7,-4,-6,-4,-6,-4,-6,-3,-5,-3,-5,-3,-5,-3,-4,-3,-4,-2,-3,-2,-3,-2,-3,-1,-3,-1,-3,-1,0,0,-2,0,-2,0,-2,0,-1,0,-1,0,-2,1,-1,1,-1,1,-1,1,-1,1,-1,1,-1,1,-1,1,-1,1,-1,2,-1,2,-1,2,-1,2,-1,2,-1,2,-1,2,-1,2,-1,2,-2,2,-2,2,-2,2,0,0,0,0,0,0,0,0,0,0,0,0,0,0,-63,-47,-57,-44,-57,-44,-54,-45,-54,-48,-49,-43,-46,-45,-44,-44,-41,-42,-38,-39,-37,-36,-39,-35,-41,-36,-32,-34,-29,-32,-29,-29,-28,-28,-23,-28,-27,-26,-22,-23,-23,-18,-21,-20,-18,-14,-15,-15,-17,-11,-16,-12,-13,-7,-12,-8,-13,-9,-10,-5,-9,-5,-8,-5,-7,0,-7,-1,-8,2,-7,5,-5,1,-6,7,-7,5,-7,9,-4,6,-5,8,-6,9,-3,10,-4,12,-4,12,-6,10,-4,12,-7,14,-4,13,-5,15,-6,16,-7,12,-8,12,-11,15,-10,15,-9,12,0,0,0,0,0,0,0,0,0,0,0,0,0,0,0,0,0,0,0,0,0,0,23,-47,31,-43,34,-44,38,-42,41,-42,44,-41,43,-37,46,-39,53,-40,51,-36,55,-35,58,-33,59,-35,65,-33,66,-34,64,-28,66,-30,66,-30,65,-29,69,-25,69,-29,74,-23,68,-22,70,-20,68,-20,70,-19,70,-18,71,-23,66,-18,64,-19,62,-20,62,-19,60,-21,59,-19,58,-23,55,-22,52,-26,51,-24,51,-25,50,-28,50,-34,42,-31,42,-35,42,-39,40,-37,38,-44,37,-45,33,-47,38,-52,34,-48,34,-51,39,-60,37,-63,36,-57,40,-58,41,-64,42,-60,0,0]"
CSI_DATA,248,1a:00:00:00:00:00,-46,11,1,0,1,1,1,0,0,0,1,-96,0,11,2,3596638,0,44,0,384,0,"[0,0,0,0,0,0,0,0,0,0,0,0,-8,10,-8,9,-8,9,-8,8,-8,8,-7,8,-7,7,-7,7,-6,6,-6,6,-6,6,-5,6,-5,5,-5,5,-4,4,-4,4,-4,4,-4,4,-3,3,-3,3,-3,3,-2,2,-2,2,-2,2,-2,2,-1,1,0,0,-1,1,0,1,0,1,0,0,0,0,1,0,1,0,1,0,1,0,1,0,1,0,2,0,2,0,2,0,2,0,2,0,2,0,2,0,2,0,2,0,2,0,2,0,2,0,3,0,2,1,2,1,0,0,0,0,0,0,0,0,0,0,0,0,0,0,-47,59,-49,53,-49,54,-46,52,-43,49,-47,50,-44,47,-43,44,-39,43,-42,40,-37,38,-34,36,-35,35,-30,34,-31,31,-28,30,-27,28,-24,27,-24,22,-16,21,-20,23,-17,23,-17,18,-14,16,-10,14,-9,17,-7,14,-7,13,-4,13,-3,8,-3,8,-2,7,2,6,2,6,3,3,4,7,4,2,5,4,4,2,7,2,8,3,11,0,8,4,10,2,12,0,13,3,13,1,13,0,15,-1,16,0,15,2,16,1,13,3,13,5,15,4,14,6,14,7,0,0,0,0,0,0,0,0,0,0,0,0,0,0,0,0,0,0,0,0,0,0,-37,-40,-34,-45,-31,-47,-30,-54,-28,-54,-24,-56,-23,-53,-23,-59,-22,-63,-18,-60,-18,-66,-15,-66,-17,-72,-16,-71,-16,-73,-11,-73,-12,-75,-10,-76,-11,-72,-8,-75,-9,-76,-8,-79,-7,-75,-6,-72,-4,-74,-7,-76,-4,-72,-6,-73,-8,-71,-8,-69,-8,-65,-9,-69,-10,-65,-10,-63,-13,-62,-13,-59,-17,-59,-19,-57,-18,-54,-21,-52,-23,-52,-28,-49,-29,-48,-32,-47,-30,-43,-39,-42,-42,-41,-44,-38,-46,-45,-47,-40,-49,-40,-54,-43,-53,-43,-55,-41,-57,-46,-61,-45,-60,-48,0,0]"
CSI_DATA,249,1a:00:00:00:00:00,-46,11,1,0,1,1,1,0,0,0,1,-96,0,11,2,3607079,0,44,0,384,0,"[0,0,0,0,0,0,0,0,0,0,0,0,10,-8,10,-8,10,-7,9,-7,9,-6,8,-6,8,-6,7,-6,7,-5,7,-5,7,-5,6,-5,5,-5,5,-4,5,-4,4,-4,4,-4,4,-3,3,-3,3,-3,2,-3,3,-3,2,-2,1,-3,1,-2,1,-2,0,0,0,-2,0,-2,-1,-2,-1,-2,-1,-1,-1,-1,-1,-2,-2,-2,-2,-2,-2,-2,-2,-2,-2,-2,-3,-2,-2,-2,-3,-2,-3,-2,-3,-2,-3,-2,-3,-2,-3,-2,-3,-2,-3,-2,-3,-3,-3,-3,-2,-3,-2,-3,0,0,0,0,0,0,0,0,0,0,0,0,0,0,58,-46,57,-47,56,-42,54,-41,53,-44,50,-39,51,-41,49,-35,47,-32,46,-33,43,-29,42,-28,39,-28,37,-24,35,-23,35,-23,32,-23,29,-23,25,-20,25,-20,17,-19,21,-17,16,-17,17,-15,17,-14,12,-14,9,-14,8,-15,5,-11,4,-11,0,-8,1,-9,3,-8,-2,-6,-2,-7,-2,-8,-4,-7,-7,-4,-6,-7,-11,-5,-7,-6,-11,-5,-9,-6,-12,-6,-9,-6,-13,-7,-14,-6,-12,-9,-14,-5,-16,-4,-13,-9,-15,-8,-13,-8,-14,-8,-13,-9,-13,-11,-15,-9,0,0,0,0,0,0,0,0,0,0,0,0,0,0,0,0,0,0,0,0,0,0,37,40,31,41,29,46,26,52,25,52,20,55,19,58,15,57,18,60,16,61,12,64,11,65,12,68,10,71,8,72,5,71,4,75,5,71,3,72,-1,74,0,73,-3,77,-1,72,-2,75,-5,76,1,71,-5,75,-2,72,-1,70,0,70,-1,66,2,68,1,64,0,64,8,64,5,60,8,57,9,55,12,54,12,55,16,55,18,50,20,51,25,51,24,49,33,46,33,47,37,46,40,47,40,46,42,46,45,50,47,51,44,47,49,52,52,56,57,52,0,0]"
CSI_DATA,250,1a:00:00:00:00:00,-46,11,1,0,1,1,1,0,0,0,1,-96,0,11,2,3626658,0,44,0,384,0,"[0,0,0,0,0,0,0,0,0,0,0,0,4,12,4,11,4,11,3,10,3,10,2,9,3,9,2,9,2,8,2,8,2,8,2,7,1,7,1,6,1,5,2,5,1,4,1,5,1,4,1,3,1,3,1,3,1,3,1,2,1,2,1,1,0,0,1,1,1,0,1,0,1,0,1,-1,1,-1,1,-1,1,-1,1,-1,1,-1,1,-2,1,-2,1,-2,1,-2,1,-2,1,-2,1,-2,2,-2,2,-2,2,-2,2,-2,2,-2,2,-2,2,-2,2,-1,2,-1,0,0,0,0,0,0,0,0,0,0,0,0,0,0,31,67,30,65,32,65,26,63,24,64,23,63,21,60,22,56,17,55,18,50,16,52,17,48,17,43,12,42,10,42,12,40,11,38,10,31,9,30,11,30,12,26,7,22,8,20,9,20,9,15,6,17,11,12,6,16,3,10,8,10,7,6,3,3,7,3,6,2,6,1,6,-1,6,-4,8,-7,6,-6,8,-7,7,-7,8,-5,7,-11,9,-10,10,-8,7,-9,7,-8,9,-9,8,-11,11,-9,12,-7,15,-12,14,-10,11,-10,12,-8,14,-6,13,-6,0,0,0,0,0,0,0,0,0,0,0,0,0,0,0,0,0,0,0,0,0,0,-40,30,-46,30,-51,26,-53,22,-56,19,-56,16,-58,19,-59,14,-64,14,-64,12,-64,11,-69,9,-69,6,-70,3,-73,4,-74,2,-74,2,-76,0,-74,-1,-73,-1,-76,-4,-78,-6,-76,-8,-74,-8,-74,-13,-75,-14,-73,-13,-69,-10,-72,-11,-66,-11,-66,-9,-65,-9,-64,-9,-65,-1,-64,-4,-62,-3,-61,2,-58,1,-59,5,-56,3,-58,7,-56,11,-57,12,-55,17,-55,18,-56,22,-55,24,-56,29,-53,29,-55,31,-60,30,-57,34,-59,32,-61,33,-63,39,-67,36,-63,33,0,0]"
CSI_DATA,251,1a:00:00:00:00:00,-46,11,1,0,1,1,1,0,0,0,1,-96,0,11,2,3646623,0,44,0,384,0,"[0,0,0,0,0,0,0,0,0,0,0,0,-12,0,-12,0,-12,0,-12,0,-11,0,-11,0,-10,0,-9,0,-9,0,-9,-1,-8,0,-8,0,-8,0,-7,-1,-6,0,-6,0,-6,0,-5,0,-5,0,-4,0,-4,0,-4,0,-3,0,-3,0,-3,0,-2,0,0,0,-2,0,-1,1,-1,0,-1,1,-1,1,-1,1,0,1,0,1,0,1,0,1,0,1,0,1,0,1,0,1,0,2,1,2,0,1,1,2,1,2,1,2,1,2,1,2,0,2,0,2,0,2,0,2,0,0,0,0,0,0,0,0,0,0,0,0,0,0,-74,21,-71,13,-72,16,-69,17,-68,13,-65,12,-65,15,-62,11,-60,10,-55,9,-53,9,-48,8,-48,7,-47,7,-42,7,-45,7,-41,5,-35,4,-34,7,-32,6,-29,8,-28,5,-23,6,-22,3,-19,7,-19,5,-16,6,-13,5,-11,9,-12,5,-7,3,-4,3,-3,5,-2,7,1,5,0,10,0,7,2,8,2,8,5,8,5,7,7,9,4,8,7,13,3,9,9,11,10,11,6,9,9,10,10,10,8,13,8,13,7,13,5,15,6,16,4,13,3,18,0,0,0,0,0,0,0,0,0,0,0,0,0,0,0,0,0,0,0,0,0,0,-23,-49,-23,-54,-17,-57,-12,-61,-8,-59,-4,-60,-4,-64,-4,-65,0,-64,2,-67,5,-69,7,-70,9,-71,9,-71,11,-72,13,-73,14,-74,19,-72,19,-74,23,-74,17,-74,24,-73,23,-73,25,-71,28,-72,28,-73,25,-68,26,-68,27,-68,26,-69,25,-64,19,-66,18,-66,17,-63,16,-63,11,-61,15,-62,11,-60,4,-59,6,-59,0,-59,0,-58,-1,-57,-8,-62,-8,-58,-11,-58,-16,-59,-16,-59,-19,-61,-24,-67,-24,-64,-27,-67,-27,-67,-25,-69,-27,-69,-26,-72,-29,-73,0,0]"
CSI_DATA,252,1a:00:00:00:00:00,-46,11,1,0,1,1,1,0,0,0,1,-96,0,11,2,3656565,0,44,0,384,0,"[0,0,0,0,0,0,0,0,0,0,0,0,-11,6,-11,5,-11,5,-10,4,-11,4,-10,4,-9,4,-9,4,-8,4,-8,4,-8,4,-7,3,-7,3,-6,3,-6,2,-6,3,-5,2,-5,2,-4,2,-4,2,-4,2,-3,2,-3,2,-2,1,-2,1,-2,1,0,0,-1,1,-1,1,-1,1,0,1,0,1,0,1,0,1,1,1,1,1,1,1,1,1,1,0,1,1,1,0,2,1,2,1,2,1,2,1,2,1,2,1,2,1,2,1,2,1,2,1,2,1,1,2,0,0,0,0,0,0,0,0,0,0,0,0,0,0,-65,39,-62,40,-62,41,-65,34,-56,35,-60,33,-56,32,-57,32,-50,28,-52,27,-47,27,-47,24,-45,24,-43,21,-36,22,-38,22,-33,20,-29,20,-29,15,-27,18,-26,20,-24,17,-22,16,-17,15,-16,14,-15,11,-16,12,-10,12,-6,11,-5,7,-7,6,-4,11,-3,8,-1,6,1,6,0,6,4,5,5,5,6,5,7,6,9,9,9,6,8,4,7,3,10,6,12,6,12,7,14,4,13,8,15,6,13,5,15,6,14,10,11,7,13,9,7,11,11,11,0,0,0,0,0,0,0,0,0,0,0,0,0,0,0,0,0,0,0,0,0,0,-27,-48,-21,-52,-19,-56,-17,-57,-11,-60,-12,-60,-8,-59,-4,-63,-4,-62,-4,-67,-3,-71,-1,-66,-1,-73,2,-72,5,-71,5,-73,6,-72,10,-72,8,-78,13,-77,13,-74,11,-77,14,-73,17,-75,18,-75,13,-74,13,-72,13,-72,10,-68,11,-71,15,-66,9,-69,11,-67,8,-63,7,-65,4,-63,1,-62,2,-61,-4,-57,-7,-59,-12,-55,-13,-53,-18,-57,-21,-57,-22,-54,-23,-55,-25,-54,-30,-54,-34,-55,-37,-54,-37,-55,-41,-56,-44,-60,-42,-56,-44,-61,-50,-62,-49,-66,0,0]"
CSI_DATA,253,1a:00:00:00:00:00,-46,11,1,0,1,1,1,0,0,0,1,-96,0,11,2,3666579,0,44,0,384,0,"[0,0,0,0,0,0,0,0,0,0,0,0,-1,-13,-1,-13,-2,-13,-1,-12,-1,-12,-1,-11,-1,-11,-1,-10,-1,-10,-1,-9,-1,-9,-1,-8,-1,-8,-1,-7,-1,-7,-1,-7,-1,-6,-1,-6,-1,-5,-1,-5,-1,-4,-1,-4,-1,-4,-1,-3,-1,-3,-1,-3,0,0,-2,-2,-1,-2,-2,-1,-2,-1,-2,-1,-2,-1,-2,0,-2,0,-2,0,-2,0,-2,0,-3,0,-3,0,-2,0,-2,0,-3,1,-3,1,-3,1,-3,1,-3,0,-3,1,-3,1,-3,0,-3,0,-3,0,-3,0,0,0,0,0,0,0,0,0,0,0,0,0,0,0,-14,-72,-8,-74,-14,-68,-11,-74,-10,-73,-6,-65,-8,-67,-7,-59,-5,-59,-6,-56,-5,-55,-6,-52,-6,-49,-1,-45,-2,-45,-8,-42,-5,-39,-4,-37,-3,-34,-3,-30,-7,-29,-5,-28,-8,-27,-5,-24,-4,-21,-3,-20,-8,-15,-6,-13,-5,-12,-8,-11,-5,-9,-6,-5,-8,-6,-7,-4,-7,-4,-8,1,-8,2,-7,1,-10,2,-7,2,-10,5,-11,6,-10,7,-7,3,-11,8,-11,5,-11,6,-14,9,-14,7,-15,7,-11,9,-18,8,-13,8,-14,3,-15,5,-15,5,-17,1,0,0,0,0,0,0,0,0,0,0,0,0,0,0,0,0,0,0,0,0,0,0,50,-15,53,-10,56,-6,56,-6,56,-1,59,1,60,6,62,8,61,11,64,11,66,13,64,14,65,15,67,17,66,20,67,25,66,24,70,26,65,27,69,31,66,29,64,30,68,34,67,32,64,32,66,30,67,36,61,33,65,34,59,30,60,31,59,30,57,29,56,28,56,25,58,23,58,21,57,14,56,10,54,9,55,11,56,2,56,2,59,1,54,1,56,-8,58,-6,58,-11,60,-13,62,-11,61,-17,68,-20,66,-21,68,-19,69,-22,70,-21,77,-23,0,0]"
CSI_DATA,254,1a:00:00:00:00:00,-46,11,1,0,1,1,1,0,0,0,1,-96,0,11,2,3676641,0,44,0,384,0,"[0,0,0,0,0,0,0,0,0,0,0,0,-3,12,-3,11,-3,11,-3,10,-3,10,-3,9,-3,9,-3,9,-3,8,-3,8,-2,7,-2,7,-2,6,-2,6,-2,5,-2,5,-1,5,-1,4,-1,4,-1,3,-1,3,-1,3,-1,3,0,2,0,2,0,2,0,0,0,1,0,1,0,1,1,0,1,0,1,0,1,0,1,0,1,0,2,0,2,0,2,-1,1,-1,1,-1,2,-1,2,-1,2,-1,2,-1,2,-1,2,-1,2,-1,2,-1,2,0,3,0,2,0,2,0,0,0,0,0,0,0,0,0,0,0,0,0,0,0,1,74,-6,70,-1,75,-1,70,-2,69,-6,68,-3,65,-7,63,-7,60,-7,56,-4,56,-3,53,-5,51,-4,46,-6,46,-4,42,-6,39,-4,36,-2,35,-3,35,-1,31,0,26,-3,25,-1,22,2,20,-1,18,4,14,1,13,3,15,3,11,5,10,4,9,4,6,9,2,5,3,6,1,8,2,8,-1,8,-1,9,-1,11,-4,10,-4,11,-4,11,-3,12,-6,13,-5,12,-7,14,-5,14,-4,13,-8,14,-9,16,-5,14,-9,14,-4,16,-5,16,-1,14,-1,0,0,0,0,0,0,0,0,0,0,0,0,0,0,0,0,0,0,0,0,0,0,-55,1,-56,-3,-57,-5,-61,-13,-59,-14,-57,-18,-60,-22,-58,-20,-62,-27,-61,-30,-59,-30,-63,-34,-62,-32,-61,-33,-64,-37,-64,-39,-65,-39,-61,-43,-62,-44,-63,-46,-60,-45,-61,-48,-59,-47,-56,-50,-56,-48,-55,-48,-56,-49,-59,-49,-53,-47,-55,-44,-53,-43,-54,-41,-52,-39,-55,-34,-54,-35,-51,-32,-52,-32,-51,-28,-51,-25,-54,-25,-55,-21,-53,-18,-56,-17,-56,-12,-60,-12,-57,-1,-62,-3,-64,-2,-62,0,-66,0,-67,1,-69,4,-73,4,-71,9,-77,3,-78,5,-79,4,0,0]"
CSI_DATA,255,1a:00:00:00:00:00,-46,11,1,0,1,1,1,0,0,0,1,-96,0,11,2,3686582,0,44,0,384,0,"[0,0,0,0,0,0,0,0,0,0,0,0,3,12,2,11,3,11,2,10,2,11,1,10,2,9,1,9,2,9,2,8,1,8,1,7,1,7,1,6,1,5,1,5,1,5,1,4,1,4,1,3,1,3,1,3,1,3,1,2,1,2,1,2,0,0,1,1,1,0,1,0,1,0,1,0,1,-1,1,-1,1,-1,1,-1,1,-1,1,-1,1,-2,1,-2,1,-2,1,-2,1,-2,1,-2,2,-2,2,-2,2,-2,2,-2,2,-2,2,-2,2,-2,2,-2,2,-1,0,0,0,0,0,0,0,0,0,0,0,0,0,0,26,71,25,73,24,68,22,70,19,69,19,62,20,65,13,59,13,62,14,55,14,52,10,52,14,47,9,46,10,41,9,41,9,40,9,34,7,32,9,33,10,28,8,25,10,25,5,21,4,19,7,16,9,13,8,11,3,12,6,11,8,7,4,9,8,7,8,2,8,1,8,-1,6,1,9,-1,7,-5,11,-6,6,-4,6,-2,7,-6,8,-4,11,-7,8,-11,11,-10,10,-10,11,-9,13,-8,13,-11,13,-8,13,-7,15,-8,16,-8,15,-7,16,-2,0,0,0,0,0,0,0,0,0,0,0,0,0,0,0,0,0,0,0,0,0,0,-50,25,-50,21,-55,21,-58,15,-61,12,-58,6,-62,5,-63,3,-64,1,-65,1,-69,-2,-67,-4,-70,-5,-71,-5,-71,-8,-75,-10,-70,-7,-77,-15,-72,-11,-77,-17,-74,-21,-75,-20,-76,-21,-75,-18,-72,-19,-73,-22,-72,-18,-68,-23,-71,-20,-66,-20,-66,-15,-63,-20,-62,-19,-62,-17,-64,-14,-60,-13,-62,-11,-59,-4,-59,-3,-61,0,-58,2,-60,7,-57,7,-59,11,-55,10,-57,12,-54,17,-57,19,-57,19,-63,22,-63,26,-62,32,-62,31,-66,29,-66,32,-69,29,-69,31,0,0]"
CSI_DATA,256,1a:00:00:00:00:00,-46,11,1,0,1,1,1,0,0,0,1,-96,0,11,2,3706997,0,44,0,384,0,"[0,0,0,0,0,0,0,0,0,0,0,0,9,-9,9,-8,9,-8,9,-8,8,-7,8,-7,8,-7,7,-6,7,-6,6,-6,6,-6,6,-5,6,-5,5,-5,4,-4,4,-4,4,-4,3,-4,3,-3,2,-3,2,-3,2,-3,1,-3,1,-2,1,-3,1,-2,0,0,0,-2,0,-2,-1,-2,-1,-2,-1,-2,-1,-2,-2,-2,-2,-2,-2,-2,-2,-2,-2,-2,-2,-2,-2,-2,-2,-2,-2,-2,-3,-2,-3,-2,-3,-2,-3,-2,-3,-2,-3,-2,-3,-2,-3,-3,-3,-3,-3,-3,-2,-3,0,0,0,0,0,0,0,0,0,0,0,0,0,0,56,-54,56,-49,56,-50,53,-47,49,-48,53,-44,54,-41,46,-40,47,-38,42,-36,40,-37,40,-32,37,-30,36,-31,34,-28,32,-29,35,-26,28,-25,27,-24,26,-24,22,-21,19,-20,18,-17,16,-17,12,-16,10,-16,8,-14,9,-15,6,-15,3,-11,3,-10,3,-9,-1,-8,-2,-8,-5,-9,-5,-11,-6,-8,-7,-6,-11,-8,-8,-10,-12,-5,-12,-6,-10,-6,-10,-9,-12,-6,-12,-5,-15,-7,-15,-7,-13,-7,-14,-7,-16,-9,-14,-10,-14,-7,-11,-9,-12,-12,-12,-12,-13,-14,0,0,0,0,0,0,0,0,0,0,0,0,0,0,0,0,0,0,0,0,0,0,35,35,36,44,31,46,28,50,26,53,23,54,24,55,22,56,20,58,18,59,16,64,16,65,17,67,14,67,13,71,13,72,10,72,11,70,10,73,6,75,8,74,5,75,3,73,4,74,3,72,4,74,1,71,0,71,3,71,7,67,5,66,3,67,6,64,7,65,11,62,10,61,12,56,17,55,15,52,18,54,24,53,25,50,25,50,30,49,32,46,34,47,34,47,42,44,45,47,47,44,47,46,51,43,52,49,53,49,57,54,56,52,58,55,0,0]"
CSI_DATA,257,1a:00:00:00:00:00,-46,11,1,0,1,1,1,0,0,0,1,-96,0,11,2,3716577,0,44,0,384,0,"[0,0,0,0,0,0,0,0,0,0,0,0,10,-6,10,-6,9,-5,10,-5,9,-5,9,-4,8,-4,7,-4,7,-4,7,-4,7,-4,6,-4,6,-3,5,-3,5,-3,5,-3,4,-3,4,-3,3,-3,3,-3,3,-2,2,-2,2,-2,2,-2,1,-2,1,-2,0,0,0,-2,0,-2,0,-2,-1,-2,-1,-2,-1,-2,-1,-2,-1,-2,-2,-2,-2,-2,-2,-2,-2,-2,-2,-2,-2,-2,-2,-2,-2,-2,-2,-2,-2,-2,-2,-2,-2,-3,-2,-3,-2,-3,-2,-3,-2,-3,-2,-3,-1,-3,0,0,0,0,0,0,0,0,0,0,0,0,0,0,72,-27,75,-23,69,-23,68,-22,69,-21,62,-18,62,-19,59,-14,61,-15,50,-14,50,-13,49,-14,49,-8,46,-13,43,-12,41,-13,40,-9,32,-11,30,-12,29,-9,27,-7,24,-8,23,-10,21,-9,17,-5,18,-9,11,-10,12,-10,11,-11,9,-8,10,-8,6,-6,5,-7,3,-10,-4,-8,1,-10,-2,-9,-5,-11,-3,-13,-7,-8,-7,-10,-8,-12,-4,-13,-8,-13,-9,-9,-11,-14,-7,-13,-8,-13,-9,-14,-9,-11,-7,-17,-7,-16,-9,-15,-8,-16,-8,-16,-6,-19,-3,-16,0,0,0,0,0,0,0,0,0,0,0,0,0,0,0,0,0,0,0,0,0,0,24,46,19,53,15,54,9,57,9,59,8,58,2,57,0,61,-2,63,0,64,-3,62,-7,67,-5,69,-11,69,-12,69,-14,71,-16,70,-13,71,-14,67,-22,70,-20,68,-23,73,-22,72,-22,68,-19,69,-23,69,-22,71,-22,66,-23,64,-19,67,-23,61,-18,62,-17,63,-17,61,-14,61,-14,62,-10,61,-6,58,-5,58,-2,58,3,56,7,57,4,56,10,58,11,54,12,59,16,60,18,57,22,59,22,61,27,61,27,64,31,65,28,63,27,69,28,68,29,71,0,0]"
CSI_DATA,258,1a:00:00:00:00:00,-46,11,1,0,1,1,1,0,0,0,1,-96,0,11,2,3726971,0,44,0,384,0,"[0,0,0,0,0,0,0,0,0,0,0,0,1,12,1,12,1,12,1,11,0,11,0,10,1,10,0,9,0,9,0,8,0,8,0,7,0,7,0,6,0,6,0,5,0,5,0,5,0,4,0,4,0,3,0,3,0,3,0,2,0,2,0,2,0,0,1,1,1,0,1,0,1,0,1,0,1,0,1,-1,1,0,1,-1,2,-1,2,-1,2,-1,2,-1,2,-1,2,-1,2,-1,2,-1,2,-1,2,-1,2,-1,2,-1,3,-1,3,-1,3,-1,3,0,2,0,0,0,0,0,0,0,0,0,0,0,0,0,0,0,23,73,20,71,18,65,20,67,17,68,13,66,15,63,12,59,12,56,14,54,11,54,11,52,9,46,7,45,8,42,10,37,6,38,6,33,9,32,6,31,5,28,9,27,7,23,5,21,7,18,6,20,8,15,4,13,6,12,4,13,5,8,7,3,5,3,8,-2,5,1,8,0,8,-3,12,-1,10,-3,10,-3,10,-4,9,-8,10,-5,13,-3,11,-4,12,-6,13,-8,13,-6,13,-8,15,-5,14,-10,14,-6,15,-8,15,-5,17,-5,16,-4,17,-1,0,0,0,0,0,0,0,0,0,0,0,0,0,0,0,0,0,0,0,0,0,0,-45,27,-50,26,-54,22,-58,17,-59,16,-58,9,-59,9,-61,7,-62,8,-63,2,-66,0,-68,0,-67,-2,-71,-4,-71,-7,-73,-11,-72,-8,-71,-13,-69,-14,-71,-15,-74,-15,-77,-18,-72,-16,-72,-20,-69,-21,-71,-19,-73,-22,-70,-18,-67,-21,-69,-18,-65,-17,-64,-13,-64,-14,-65,-15,-61,-13,-59,-10,-61,-4,-57,-7,-56,-5,-59,0,-61,3,-56,4,-62,9,-58,11,-57,10,-54,13,-59,15,-56,23,-59,26,-60,26,-60,24,-63,29,-66,32,-67,28,-70,30,-72,29,-70,31,0,0]"
CSI_DATA,259,1a:00:00:00:00:00,-46,11,1,0,1,1,1,0,0,0,1,-96,0,11,2,3736581,0,44,0,384,0,"[0,0,0,0,0,0,0,0,0,0,0,0,-12,6,-11,6,-11,5,-11,5,-11,4,-10,4,-10,4,-9,4,-9,4,-9,3,-8,3,-8,3,-7,3,-7,3,-6,2,-6,2,-5,2,-5,2,-5,2,-4,2,-4,2,-4,2,-3,2,-2,1,-2,1,-2,2,0,0,-1,1,-1,1,-1,1,0,1,0,1,0,1,0,1,0,1,1,1,1,1,1,1,1,1,1,2,1,2,1,2,1,2,1,2,1,1,2,2,1,2,1,2,2,2,1,2,1,2,1,2,1,3,0,0,0,0,0,0,0,0,0,0,0,0,0,0,-64,41,-61,44,-61,44,-57,38,-60,39,-55,34,-55,35,-54,34,-51,31,-52,28,-46,27,-45,27,-45,29,-42,21,-39,20,-38,21,-38,20,-30,16,-32,18,-27,14,-26,17,-20,15,-23,18,-17,14,-17,11,-14,12,-13,11,-14,11,-8,11,-7,10,-1,6,-4,8,-3,7,3,11,5,8,3,10,4,9,3,6,5,10,7,8,9,11,7,10,8,11,7,10,9,8,10,12,10,9,12,12,8,11,10,10,11,10,10,12,12,12,9,15,8,13,6,16,6,15,0,0,0,0,0,0,0,0,0,0,0,0,0,0,0,0,0,0,0,0,0,0,-40,-33,-41,-39,-37,-44,-35,-47,-32,-50,-31,-49,-28,-54,-27,-56,-23,-60,-21,-63,-22,-64,-22,-63,-20,-65,-15,-66,-16,-68,-19,-73,-16,-72,-14,-72,-13,-72,-11,-73,-6,-73,-13,-75,-6,-76,-7,-77,-7,-75,-5,-73,-4,-72,-3,-68,-5,-71,-8,-68,-7,-69,-5,-67,-6,-65,-6,-63,-6,-63,-11,-58,-15,-59,-13,-55,-16,-59,-17,-52,-19,-51,-22,-49,-26,-55,-29,-51,-29,-46,-35,-50,-35,-47,-39,-47,-41,-48,-45,-49,-45,-51,-49,-49,-48,-48,-50,-53,-54,-58,-52,-57,-51,-60,0,0]"
CSI_DATA,260,1a:00:00:00:00:00,-46,11,1,0,1,1,1,0,0,0,1,-96,0,11,2,3746610,0,44,0,384,0,"[0,0,0,0,0,0,0,0,0,0,0,0,2,-12,2,-12,2,-11,3,-11,2,-10,2,-10,2,-10,2,-9,2,-9,2,-8,2,-8,2,-7,1,-7,1,-7,1,-6,1,-6,1,-5,0,-5,0,-5,0,-4,0,-4,0,-4,0,-3,0,-3,-1,-3,-1,-3,0,0,-1,-2,-1,-2,-2,-2,-2,-1,-2,-1,-2,-1,-2,-1,-2,-1,-2,-1,-3,-1,-3,-1,-2,-1,-3,-1,-3,-1,-3,0,-3,-1,-3,0,-3,0,-3,0,-3,-1,-3,-1,-3,-1,-3,-1,-3,-1,-3,-1,-3,-2,0,0,0,0,0,0,0,0,0,0,0,0,0,0,18,-74,19,-68,19,-72,17,-71,16,-67,17,-62,19,-62,15,-59,21,-55,17,-54,14,-51,15,-49,12,-47,13,-42,13,-39,13,-40,13,-35,12,-35,10,-34,5,-32,6,-30,5,-26,5,-25,0,-23,0,-20,2,-22,0,-17,-1,-17,-2,-14,-4,-14,-1,-10,-5,-10,-3,-8,-7,-7,-10,-5,-8,-5,-11,-6,-10,-3,-11,-2,-12,-4,-11,-3,-13,-1,-11,-1,-13,-1,-14,0,-12,-1,-15,1,-15,0,-16,0,-18,1,-16,1,-16,0,-19,0,-17,-4,-16,-4,-15,-5,-16,-7,0,0,0,0,0,0,0,0,0,0,0,0,0,0,0,0,0,0,0,0,0,0,52,9,55,11,53,16,55,21,52,23,51,28,52,29,49,35,54,34,49,38,51,44,51,41,54,42,50,48,49,48,50,47,51,50,49,51,48,52,50,53,48,55,50,57,47,57,44,57,44,59,44,56,40,56,45,53,40,51,45,50,44,48,44,50,41,46,41,45,44,46,43,40,45,41,42,35,45,34,45,33,50,29,48,27,52,25,52,20,52,19,55,19,57,15,59,14,59,10,64,12,64,12,68,10,71,11,71,8,75,11,76,11,75,13,0,0]"
CSI_DATA,261,1a:00:00:00:00:00,-46,11,1,0,1,1,1,0,0,0,1,-96,0,11,2,3756763,0,44,0,384,0,"[0,0,0,0,0,0,0,0,0,0,0,0,5,-11,5,-11,5,-10,5,-10,5,-9,4,-9,4,-9,4,-8,4,-8,4,-7,4,-7,3,-7,3,-6,3,-6,2,-5,2,-5,2,-5,2,-5,1,-4,1,-4,1,-4,1,-4,0,-3,0,-3,0,-3,0,-3,0,0,-1,-2,-1,-2,-1,-2,-1,-2,-2,-2,-2,-2,-2,-2,-2,-2,-2,-2,-2,-2,-2,-1,-2,-1,-3,-1,-3,-1,-3,-2,-3,-1,-3,-1,-3,-1,-3,-2,-3,-2,-3,-2,-3,-2,-3,-2,-3,-2,-3,-2,-2,-2,0,0,0,0,0,0,0,0,0,0,0,0,0,0,29,-69,36,-65,33,-66,32,-65,33,-60,33,-58,29,-54,31,-53,30,-50,28,-48,27,-47,26,-45,23,-42,22,-42,25,-36,19,-37,22,-37,16,-32,17,-30,12,-26,16,-27,12,-24,10,-21,11,-18,6,-21,7,-16,6,-16,2,-14,2,-15,0,-13,1,-11,0,-10,-3,-8,-4,-7,-8,-5,-9,-11,-9,-10,-10,-9,-12,-4,-15,-6,-7,-5,-13,-7,-12,-7,-13,-9,-15,-5,-16,-5,-13,-9,-15,-3,-15,-8,-18,-5,-16,-8,-16,-8,-16,-8,-13,-11,-16,-11,-14,-12,-13,-13,0,0,0,0,0,0,0,0,0,0,0,0,0,0,0,0,0,0,0,0,0,0,51,5,52,10,54,14,55,19,52,22,54,26,54,28,53,32,55,32,51,38,50,40,53,42,52,45,51,47,54,49,47,49,53,54,48,52,48,53,47,55,50,54,44,57,45,55,42,59,44,60,42,57,39,56,40,57,39,53,39,56,38,52,39,53,37,51,38,49,39,46,38,45,39,42,42,42,40,40,41,34,47,35,47,33,47,32,47,27,46,26,53,25,56,23,57,23,62,23,61,21,61,20,68,23,68,22,67,23,72,22,76,22,70,25,0,0]"
CSI_DATA,262,1a:00:00:00:00:00,-46,11,1,0,1,1,1,0,0,0,1,-96,0,11,2,3776989,0,44,0,384,0,"[0,0,0,0,0,0,0,0,0,0,0,0,-13,2,-13,2,-12,2,-12,1,-12,1,-11,1,-10,1,-10,1,-9,1,-9,1,-8,0,-8,1,-8,0,-7,0,-7,0,-6,0,-6,1,-5,0,-5,1,-5,1,-4,0,-4,1,-3,0,-3,1,-3,1,-2,1,0,0,-2,1,-2,1,-1,1,-1,1,-1,2,-1,1,-1,2,0,2,0,2,0,2,0,2,0,2,0,2,0,2,0,2,0,2,0,2,0,3,0,2,0,2,0,2,0,3,0,3,-1,3,-1,3,-1,2,0,0,0,0,0,0,0,0,0,0,0,0,0,0,-79,13,-76,11,-77,14,-73,11,-72,7,-67,7,-67,5,-66,5,-60,4,-58,3,-56,3,-53,2,-49,0,-48,0,-46,3,-40,2,-41,4,-38,2,-33,2,-32,3,-32,3,-23,2,-23,5,-23,5,-23,1,-20,4,-14,2,-15,6,-13,7,-9,8,-8,9,-8,10,-7,9,-8,9,-4,8,-4,6,-4,9,-2,12,-1,11,-1,15,1,13,3,14,2,14,5,11,4,14,3,13,3,15,5,18,5,17,5,17,5,16,1,16,-1,17,0,17,1,19,0,16,-3,16,0,0,0,0,0,0,0,0,0,0,0,0,0,0,0,0,0,0,0,0,0,0,-30,-48,-26,-50,-21,-56,-15,-58,-16,-63,-11,-61,-8,-62,-4,-64,-2,-68,-3,-68,4,-68,4,-68,4,-72,7,-72,10,-73,9,-73,12,-77,16,-73,17,-76,18,-74,19,-74,25,-77,21,-74,21,-71,23,-73,24,-69,23,-68,22,-69,21,-67,23,-68,20,-64,22,-65,20,-64,20,-64,20,-62,15,-58,9,-61,8,-59,3,-59,3,-58,1,-59,-1,-58,-5,-58,-6,-59,-9,-61,-12,-58,-16,-60,-14,-61,-17,-65,-20,-67,-24,-68,-22,-68,-23,-70,-24,-70,-24,-72,-25,-76,-21,-78,0,0]"
CSI_DATA,263,1a:00:00:00:00:00,-46,11,1,0,1,1,1,0,0,0,1,-96,0,11,2,3806640,0,44,0,384,0,"[0,0,0,0,0,0,0,0,0,0,0,0,-9,8,-8,8,-9,8,-8,7,-8,7,-8,6,-7,6,-7,6,-6,5,-7,5,-6,5,-6,4,-5,4,-5,4,-5,3,-4,4,-4,3,-4,3,-3,3,-3,3,-3,2,-2,2,-2,2,-2,2,-2,2,-1,2,0,0,0,1,0,1,0,1,0,1,1,1,1,1,1,1,1,1,1,1,1,1,1,1,1,1,2,1,2,1,1,1,2,1,2,1,2,1,2,1,2,2,2,1,2,1,2,2,2,2,1,2,1,2,0,0,0,0,0,0,0,0,0,0,0,0,0,0,-51,56,-48,54,-48,55,-48,51,-46,48,-45,45,-44,40,-47,41,-43,37,-38,37,-38,35,-34,35,-32,31,-31,31,-31,27,-28,24,-30,24,-25,22,-24,23,-23,19,-21,21,-16,17,-16,16,-14,18,-11,18,-9,12,-6,15,-9,14,-7,11,-4,14,-3,13,2,10,2,11,3,9,3,9,3,11,7,9,6,10,9,7,11,10,10,10,11,9,11,11,9,10,10,8,12,8,11,7,13,8,13,11,15,11,14,10,11,13,12,11,11,12,11,13,10,14,10,15,0,0,0,0,0,0,0,0,0,0,0,0,0,0,0,0,0,0,0,0,0,0,-47,-18,-50,-26,-47,-28,-49,-35,-46,-37,-45,-40,-45,-44,-45,-44,-44,-47,-41,-50,-39,-57,-35,-59,-37,-57,-36,-61,-38,-61,-34,-63,-36,-64,-32,-65,-34,-70,-30,-65,-29,-67,-29,-69,-26,-68,-26,-68,-23,-67,-26,-66,-23,-67,-24,-63,-24,-64,-23,-63,-20,-58,-24,-60,-24,-63,-25,-57,-26,-54,-29,-58,-25,-50,-26,-52,-32,-50,-31,-45,-36,-46,-36,-41,-36,-43,-39,-41,-44,-40,-46,-40,-46,-41,-49,-36,-52,-36,-52,-38,-53,-37,-57,-42,-60,-39,-57,-40,-61,-41,-65,-42,-60,-42,0,0]"
CSI_DATA,264,1a:00:00:00:00:00,-47,11,1,0,1,1,1,0,0,0,1,-96,0,11,2,3816767,0,44,0,384,0,"[0,0,0,0,0,0,0,0,0,0,0,0,-3,12,-3,12,-3,12,-3,11,-3,11,-3,10,-3,9,-3,9,-3,8,-2,8,-2,7,-2,7,-2,7,-2,6,-2,5,-2,5,-1,5,-1,4,-1,4,-1,3,-1,3,0,3,0,3,0,2,0,2,1,2,0,0,1,1,1,1,1,1,1,0,1,0,2,0,2,0,2,0,2,0,2,0,2,0,2,-1,3,0,2,0,2,0,2,0,2,0,2,-1,2,0,3,0,3,0,3,0,3,0,3,0,3,1,3,1,0,0,0,0,0,0,0,0,0,0,0,0,0,0,-21,75,-23,70,-19,69,-22,70,-23,68,-25,62,-23,63,-23,55,-21,52,-18,52,-21,47,-21,48,-16,45,-16,41,-18,38,-12,37,-15,36,-13,33,-12,27,-9,29,-7,25,-5,23,-8,19,-8,22,-5,20,-2,17,0,17,0,14,1,11,2,14,5,10,6,5,7,10,5,6,10,8,10,4,8,6,12,4,12,6,15,5,16,2,14,1,15,4,13,4,12,2,17,5,16,5,16,1,16,6,15,5,16,4,17,4,17,1,14,4,16,7,16,7,15,8,0,0,0,0,0,0,0,0,0,0,0,0,0,0,0,0,0,0,0,0,0,0,-57,4,-56,-6,-61,-9,-59,-14,-63,-18,-59,-21,-59,-26,-59,-25,-61,-27,-62,-33,-61,-34,-61,-35,-61,-39,-60,-39,-60,-39,-59,-45,-62,-45,-60,-48,-59,-50,-60,-52,-55,-51,-56,-52,-60,-55,-51,-54,-52,-53,-55,-53,-50,-50,-50,-52,-50,-52,-47,-53,-45,-51,-48,-47,-51,-44,-45,-42,-47,-42,-47,-40,-48,-38,-49,-34,-50,-29,-50,-30,-50,-29,-57,-26,-56,-25,-56,-21,-54,-19,-61,-14,-61,-17,-60,-17,-64,-11,-65,-9,-66,-12,-71,-9,-71,-12,-73,-11,-78,-11,-76,-11,-79,-17,0,0]"
CSI_DATA,265,1a:00:00:00:00:00,-47,11,1,0,1,1,1,0,0,0,1,-96,0,11,2,3826977,0,44,0,384,0,"[0,0,0,0,0,0,0,0,0,0,0,0,-10,-8,-10,-8,-9,-7,-9,-8,-9,-7,-8,-7,-7,-7,-7,-7,-7,-6,-6,-6,-6,-6,-6,-5,-6,-5,-5,-5,-5,-4,-5,-4,-4,-4,-4,-3,-4,-3,-4,-3,-3,-2,-3,-2,-3,-2,-3,-1,-3,-1,-3,-1,0,0,-2,0,-3,0,-2,0,-2,1,-2,0,-2,1,-2,1,-2,1,-2,1,-2,1,-2,2,-2,2,-2,1,-2,2,-2,2,-2,2,-2,2,-2,2,-2,2,-2,2,-2,2,-3,2,-3,2,-3,2,-3,1,-3,1,0,0,0,0,0,0,0,0,0,0,0,0,0,0,-54,-55,-50,-57,-52,-54,-47,-56,-48,-52,-44,-51,-43,-47,-43,-48,-38,-44,-35,-47,-34,-41,-31,-38,-29,-40,-31,-37,-27,-34,-26,-30,-24,-30,-21,-28,-19,-26,-22,-20,-20,-23,-20,-17,-18,-16,-14,-18,-15,-14,-15,-8,-13,-9,-15,-7,-13,-5,-11,-5,-13,-3,-11,-2,-14,0,-8,4,-10,5,-11,3,-12,6,-10,9,-12,6,-12,9,-12,8,-11,12,-11,8,-10,12,-10,11,-11,10,-12,12,-12,14,-13,11,-12,10,-15,11,-14,8,-14,14,-14,11,-16,13,-16,8,-19,4,0,0,0,0,0,0,0,0,0,0,0,0,0,0,0,0,0,0,0,0,0,0,19,-51,26,-50,32,-54,38,-49,39,-47,43,-46,49,-42,49,-42,52,-43,51,-42,54,-42,56,-42,62,-38,61,-41,64,-36,66,-31,68,-31,66,-31,70,-30,73,-26,71,-23,72,-26,72,-25,71,-22,69,-18,69,-23,71,-21,68,-22,63,-23,67,-23,64,-21,62,-21,62,-20,62,-18,62,-23,58,-22,54,-25,52,-28,52,-28,49,-33,49,-33,43,-36,46,-37,46,-39,42,-41,45,-42,41,-47,39,-46,42,-51,42,-53,42,-55,43,-58,46,-59,41,-59,42,-63,50,-63,52,-63,0,0]"
CSI_DATA,266,1a:00:00:00:00:00,-47,11,1,0,1,1,1,0,0,0,1,-96,0,11,2,3836590,0,44,0,384,0,"[0,0,0,0,0,0,0,0,0,0,0,0,5,-12,5,-12,6,-11,5,-11,5,-11,5,-10,4,-10,4,-9,4,-9,4,-8,4,-8,3,-7,3,-7,3,-6,2,-6,2,-6,1,-6,1,-5,1,-4,1,-4,1,-4,0,-4,0,-4,0,-3,0,-3,-1,-3,0,0,-1,-2,-1,-2,-2,-2,-2,-2,-2,-2,-2,-2,-3,-1,-3,-1,-3,-1,-3,-2,-3,-1,-3,-2,-3,-1,-3,-1,-3,-1,-3,-1,-3,-1,-4,-1,-4,-1,-3,-2,-3,-2,-3,-2,-3,-2,-3,-2,-3,-2,-3,-3,0,0,0,0,0,0,0,0,0,0,0,0,0,0,44,-65,44,-58,43,-61,42,-61,44,-54,42,-55,38,-51,42,-49,37,-41,33,-41,35,-39,33,-40,32,-37,29,-35,29,-32,24,-32,26,-27,22,-26,20,-24,17,-26,18,-21,15,-20,15,-20,12,-18,10,-16,4,-17,5,-15,6,-12,1,-13,0,-11,-4,-8,-4,-11,-5,-12,-7,-10,-7,-6,-6,-6,-8,-5,-11,-8,-14,-9,-13,-6,-11,-10,-13,-9,-14,-8,-10,-9,-14,-11,-10,-6,-13,-10,-15,-10,-14,-11,-17,-12,-15,-11,-14,-10,-13,-14,-13,-14,-14,-15,-13,-13,-11,-16,0,0,0,0,0,0,0,0,0,0,0,0,0,0,0,0,0,0,0,0,0,0,54,12,55,18,54,19,54,26,54,29,51,32,52,33,49,37,50,42,48,41,49,50,46,49,48,51,47,56,45,56,43,55,47,59,40,62,40,63,41,64,40,65,38,63,32,65,35,65,34,64,35,65,33,63,31,63,32,61,33,62,29,56,34,59,33,56,31,56,33,54,33,48,35,49,37,46,36,43,40,42,43,42,40,38,43,39,46,37,44,31,55,33,51,33,54,27,55,30,59,33,59,30,66,31,65,32,64,35,70,32,69,39,68,36,0,0]"
CSI_DATA,267,1a:00:00:00:00:00,-46,11,1,0,1,1,1,0,0,0,1,-96,0,11,2,3846972,0,44,0,384,0,"[0,0,0,0,0,0,0,0,0,0,0,0,11,3,11,3,10,3,10,4,9,3,9,3,8,3,8,3,7,2,7,3,6,3,6,2,6,2,5,2,5,2,4,1,4,1,4,1,3,0,3,0,3,0,2,0,2,0,2,0,2,-1,1,-1,0,0,1,-1,1,-2,1,-2,1,-2,1,-2,0,-3,0,-3,0,-3,0,-3,0,-3,0,-3,0,-3,0,-3,0,-3,0,-3,0,-3,0,-3,0,-3,0,-3,0,-3,0,-3,1,-3,1,-4,1,-3,1,-3,1,-3,0,0,0,0,0,0,0,0,0,0,0,0,0,0,69,22,70,25,69,25,65,25,65,25,62,27,58,23,59,23,53,26,52,25,49,20,45,21,46,22,42,19,35,20,34,17,33,15,32,16,32,12,28,11,27,11,25,10,20,5,20,3,20,1,16,3,13,3,14,-1,10,0,13,-3,11,-4,10,-7,5,-7,6,-9,5,-9,5,-9,6,-13,6,-14,6,-15,6,-10,6,-15,5,-13,6,-14,5,-15,4,-14,6,-14,4,-16,3,-18,4,-18,0,-16,4,-11,4,-17,5,-19,7,-19,3,-16,10,-16,11,-15,0,0,0,0,0,0,0,0,0,0,0,0,0,0,0,0,0,0,0,0,0,0,0,54,-5,54,-11,57,-12,61,-19,58,-23,55,-25,57,-29,58,-30,62,-34,61,-39,57,-41,60,-41,56,-47,56,-43,57,-49,54,-49,59,-52,53,-51,51,-52,57,-53,53,-55,54,-56,50,-59,49,-60,47,-54,47,-55,45,-56,45,-55,45,-52,46,-48,39,-51,43,-48,43,-45,44,-44,47,-43,47,-42,46,-38,42,-35,45,-35,44,-32,46,-30,50,-28,52,-25,53,-22,53,-21,55,-17,58,-15,58,-18,62,-14,66,-16,63,-17,70,-15,74,-14,70,-20,76,-19,74,-20,78,0,0]"
CSI_DATA,268,1a:00:00:00:00:00,-47,11,1,0,1,1,1,0,0,0,1,-96,0,11,2,3856573,0,44,0,384,0,"[0,0,0,0,0,0,0,0,0,0,0,0,3,12,2,12,2,11,2,10,1,10,2,10,2,9,2,9,1,8,1,8,1,7,1,7,1,6,1,6,1,5,1,5,1,4,1,4,1,3,1,3,1,2,1,2,1,2,1,1,1,1,1,1,0,0,1,0,1,0,2,-1,1,0,2,-1,2,-1,2,-1,2,-1,2,-1,2,-1,2,-1,2,-1,2,-1,2,-1,2,-1,2,-2,2,-2,2,-2,2,-2,2,-2,3,-1,3,-1,3,-1,3,-1,3,-1,3,0,0,0,0,0,0,0,0,0,0,0,0,0,0,0,13,78,15,73,11,73,8,68,9,69,4,69,5,63,1,62,3,56,2,56,5,50,6,49,4,46,1,46,3,43,5,43,5,37,5,37,3,31,6,29,5,28,3,23,5,19,4,22,5,16,5,17,10,15,7,11,5,11,9,10,8,9,10,6,9,2,9,2,10,-1,12,-2,11,-6,13,-2,14,-3,12,-3,15,-5,15,-3,14,-3,12,-7,15,-4,14,-7,13,-8,17,-6,17,-8,14,-5,15,-4,18,-4,18,-6,18,-6,16,-1,18,-1,17,2,0,0,0,0,0,0,0,0,0,0,0,0,0,0,0,0,0,0,0,0,0,0,-51,22,-54,20,-56,17,-64,8,-62,6,-62,5,-64,0,-65,-3,-68,-4,-66,-5,-67,-9,-71,-13,-71,-14,-72,-16,-73,-17,-70,-21,-75,-19,-72,-21,-70,-21,-70,-27,-72,-24,-71,-26,-70,-30,-67,-28,-66,-31,-68,-28,-69,-30,-66,-29,-61,-26,-64,-27,-63,-25,-62,-24,-64,-19,-62,-20,-59,-20,-60,-17,-54,-13,-60,-11,-55,-12,-57,-8,-62,-4,-56,-1,-64,0,-61,1,-60,4,-60,11,-62,13,-63,11,-65,16,-63,16,-65,14,-70,22,-71,20,-72,23,-73,22,-76,21,-76,15,0,0]"
CSI_DATA,269,1a:00:00:00:00:00,-47,11,1,0,1,1,1,0,0,0,1,-96,0,11,2,3866794,0,44,0,384,0,"[0,0,0,0,0,0,0,0,0,0,0,0,-10,-8,-10,-8,-10,-8,-9,-8,-9,-7,-8,-7,-8,-6,-7,-6,-7,-6,-6,-6,-6,-6,-6,-5,-6,-5,-5,-5,-5,-4,-5,-4,-4,-4,-4,-3,-4,-2,-4,-2,-4,-2,-3,-2,-3,-2,-3,-1,-3,-1,-3,-1,0,0,-2,0,-2,0,-2,0,-2,1,-2,1,-2,1,-2,1,-2,1,-2,2,-2,2,-2,2,-2,2,-2,2,-2,2,-2,2,-2,2,-2,2,-2,2,-2,2,-2,2,-2,2,-2,2,-2,2,-3,2,-3,2,-3,1,0,0,0,0,0,0,0,0,0,0,0,0,0,0,-63,-44,-53,-47,-62,-49,-57,-45,-52,-47,-53,-46,-46,-44,-51,-44,-43,-36,-39,-39,-41,-37,-39,-36,-34,-33,-31,-29,-29,-29,-29,-29,-24,-27,-26,-21,-25,-21,-22,-20,-25,-19,-17,-19,-19,-14,-19,-14,-16,-10,-12,-10,-13,-9,-13,-3,-13,-3,-10,-2,-11,-2,-15,0,-10,3,-13,4,-6,2,-8,7,-6,8,-8,10,-7,11,-10,11,-10,8,-8,7,-11,11,-8,12,-11,8,-8,11,-10,12,-9,12,-9,15,-10,14,-8,16,-13,15,-12,13,-12,13,-13,13,-14,11,-18,8,0,0,0,0,0,0,0,0,0,0,0,0,0,0,0,0,0,0,0,0,0,0,16,-54,26,-55,26,-54,36,-54,37,-50,40,-49,43,-46,43,-46,48,-48,48,-45,51,-45,54,-44,57,-45,59,-43,62,-44,59,-40,66,-45,62,-36,67,-37,67,-36,64,-32,68,-34,65,-30,69,-30,67,-28,68,-27,67,-24,64,-27,60,-25,67,-33,59,-25,62,-28,58,-26,58,-29,58,-32,53,-31,48,-32,49,-33,46,-30,46,-35,42,-38,39,-40,42,-43,37,-43,39,-47,39,-49,38,-54,36,-52,33,-56,30,-56,34,-56,37,-57,35,-68,36,-62,40,-70,45,-70,38,-63,0,0]"
CSI_DATA,270,1a:00:00:00:00:00,-47,11,1,0,1,1,1,0,0,0,1,-96,0,11,2,3876614,0,44,0,384,0,"[0,0,0,0,0,0,0,0,0,0,0,0,9,-8,8,-8,8,-8,8,-7,8,-7,7,-6,7,-6,7,-6,6,-5,6,-5,5,-5,5,-5,5,-4,4,-4,4,-4,3,-4,3,-4,3,-4,2,-3,2,-3,2,-3,1,-3,1,-3,1,-2,0,-2,0,-3,0,0,-1,-2,-1,-2,-1,-2,-2,-2,-1,-2,-2,-2,-2,-2,-2,-2,-2,-2,-3,-2,-2,-2,-2,-2,-2,-2,-2,-2,-3,-2,-3,-2,-3,-2,-3,-2,-3,-2,-3,-2,-3,-2,-3,-3,-3,-3,-2,-3,-2,-3,-2,-3,0,0,0,0,0,0,0,0,0,0,0,0,0,0,63,-51,64,-46,58,-42,54,-42,55,-42,55,-37,53,-36,49,-36,47,-30,46,-29,44,-34,40,-27,39,-28,35,-26,33,-21,30,-21,30,-24,29,-19,24,-15,24,-15,20,-18,20,-15,15,-16,16,-16,12,-12,9,-13,10,-13,4,-13,4,-12,3,-12,0,-12,-3,-8,-2,-12,-5,-10,-5,-11,-5,-9,-12,-10,-8,-11,-9,-12,-11,-10,-9,-12,-9,-7,-13,-9,-11,-12,-14,-12,-13,-8,-15,-13,-14,-12,-14,-13,-13,-10,-12,-10,-11,-15,-12,-15,-11,-16,-12,-13,-12,-15,-8,-16,0,0,0,0,0,0,0,0,0,0,0,0,0,0,0,0,0,0,0,0,0,0,44,33,42,37,40,45,38,47,34,49,30,53,30,55,28,55,30,61,27,62,23,62,21,68,21,71,18,71,18,70,18,71,16,72,10,74,13,74,11,74,11,72,13,77,8,74,6,74,6,73,5,70,6,70,7,69,11,70,7,65,4,64,11,64,11,64,10,61,13,62,13,57,15,58,18,55,21,52,23,53,24,53,27,52,28,50,30,53,31,46,39,44,39,44,43,46,46,46,47,48,47,49,50,51,50,51,54,48,54,51,51,56,55,56,0,0]"
CSI_DATA,271,1a:00:00:00:00:00,-47,11,1,0,1,1,1,0,0,0,1,-96,0,11,2,3896660,0,44,0,384,0,"[0,0,0,0,0,0,0,0,0,0,0,0,-9,-10,-9,-9,-8,-9,-8,-9,-7,-9,-7,-8,-7,-8,-6,-7,-6,-7,-6,-7,-6,-6,-5,-6,-5,-6,-5,-5,-4,-5,-4,-5,-4,-4,-4,-4,-3,-3,-4,-3,-3,-3,-3,-2,-3,-2,-3,-2,-3,-1,-2,-1,0,0,-2,0,-2,0,-2,0,-2,1,-2,0,-2,1,-2,1,-2,1,-2,1,-2,1,-2,1,-2,1,-2,2,-2,2,-2,2,-2,2,-2,2,-3,2,-3,2,-3,2,-3,2,-3,2,-3,1,-3,1,-3,1,-3,1,0,0,0,0,0,0,0,0,0,0,0,0,0,0,-51,-59,-45,-61,-45,-60,-43,-58,-43,-55,-35,-59,-38,-54,-36,-49,-32,-48,-32,-47,-31,-48,-29,-41,-27,-40,-29,-40,-21,-36,-21,-33,-21,-34,-20,-29,-15,-26,-21,-27,-17,-22,-17,-22,-16,-16,-15,-13,-16,-16,-11,-8,-14,-12,-11,-8,-12,-4,-9,-6,-9,-2,-9,-2,-9,3,-10,3,-11,1,-9,7,-9,7,-9,10,-11,10,-7,8,-10,10,-10,8,-9,14,-11,10,-11,14,-10,10,-12,13,-10,12,-11,14,-9,13,-11,12,-12,12,-11,12,-13,12,-14,10,-15,9,-17,8,0,0,0,0,0,0,0,0,0,0,0,0,0,0,0,0,0,0,0,0,0,0,36,-41,38,-41,44,-39,48,-35,54,-32,54,-30,54,-28,60,-28,58,-27,63,-22,63,-21,66,-19,68,-20,68,-19,72,-14,72,-17,74,-16,74,-11,73,-9,72,-9,72,-8,74,-10,74,-4,73,-5,72,-5,71,-8,71,-3,71,-4,70,-7,66,-9,65,-6,64,-5,63,-11,58,-8,62,-11,60,-16,58,-15,56,-15,52,-19,53,-22,48,-21,52,-29,49,-28,49,-33,45,-36,47,-34,46,-39,48,-42,45,-47,47,-47,48,-51,50,-47,50,-50,53,-54,54,-54,56,-52,59,-56,0,0]"
CSI_DATA,272,1a:00:00:00:00:00,-47,11,1,0,1,1,1,0,0,0,1,-96,0,11,2,3916571,0,44,0,384,0,"[0,0,0,0,0,0,0,0,0,0,0,0,-10,-9,-10,-9,-9,-8,-8,-8,-8,-8,-8,-8,-7,-7,-7,-7,-7,-6,-6,-7,-6,-6,-6,-6,-5,-5,-5,-5,-5,-4,-4,-4,-4,-4,-4,-3,-4,-3,-4,-3,-3,-2,-3,-2,-3,-2,-3,-1,-2,-1,-2,-1,0,0,-2,0,-2,0,-2,1,-2,1,-2,1,-2,1,-2,1,-2,1,-2,2,-2,2,-2,2,-2,2,-2,2,-2,2,-2,2,-2,2,-2,2,-2,2,-2,2,-2,2,-2,2,-3,2,-2,2,-3,2,-3,2,-3,1,0,0,0,0,0,0,0,0,0,0,0,0,0,0,-62,-51,-59,-50,-53,-47,-53,-50,-52,-52,-48,-49,-47,-47,-44,-44,-44,-44,-37,-42,-37,-43,-38,-40,-33,-36,-31,-36,-29,-31,-26,-31,-25,-27,-25,-26,-23,-21,-22,-20,-23,-21,-20,-16,-17,-17,-17,-14,-14,-12,-12,-10,-13,-6,-16,-2,-12,-2,-9,-1,-9,-2,-10,2,-7,2,-9,2,-8,6,-12,8,-9,8,-8,9,-5,11,-9,12,-12,11,-11,13,-11,11,-9,11,-8,13,-7,9,-11,14,-10,16,-9,14,-12,16,-14,15,-13,15,-14,14,-13,10,-12,14,-17,10,-18,9,0,0,0,0,0,0,0,0,0,0,0,0,0,0,0,0,0,0,0,0,0,0,24,-52,28,-52,34,-52,38,-51,41,-47,45,-45,47,-46,49,-43,52,-41,56,-43,58,-35,59,-36,65,-40,66,-37,65,-37,68,-33,67,-32,71,-34,69,-27,72,-27,70,-24,73,-25,73,-24,68,-22,68,-15,71,-21,69,-21,70,-18,65,-20,64,-20,63,-22,59,-23,60,-21,60,-24,58,-23,55,-27,53,-26,50,-30,53,-29,52,-31,48,-33,42,-37,44,-39,42,-44,39,-42,37,-50,40,-45,37,-49,38,-51,40,-54,41,-58,38,-59,44,-62,42,-62,41,-67,50,-64,42,-69,0,0]"
CSI_DATA,273,1a:00:00:00:00:00,-47,11,1,0,1,1,1,0,0,0,1,-96,0,11,2,3926581,0,44,0,384,0,"[0,0,0,0,0,0,0,0,0,0,0,0,9,-9,9,-8,9,-8,9,-8,8,-7,8,-7,7,-7,7,-6,6,-6,6,-6,6,-6,5,-5,5,-5,5,-5,4,-4,3,-4,3,-4,3,-4,2,-3,2,-3,2,-3,1,-3,1,-3,1,-3,0,-2,0,-2,0,0,-1,-2,-1,-2,-1,-2,-2,-2,-2,-2,-2,-2,-2,-2,-2,-2,-3,-2,-2,-2,-3,-2,-3,-2,-3,-2,-3,-2,-3,-2,-3,-2,-3,-2,-3,-2,-3,-2,-3,-2,-3,-3,-3,-3,-3,-3,-3,-3,-3,-3,-2,-3,0,0,0,0,0,0,0,0,0,0,0,0,0,0,63,-44,58,-45,58,-45,57,-41,54,-37,52,-35,52,-36,52,-33,47,-28,47,-29,44,-26,38,-25,40,-26,39,-19,35,-19,32,-21,32,-19,29,-20,27,-16,23,-18,21,-18,18,-16,18,-15,15,-16,11,-13,10,-11,8,-14,5,-14,6,-13,3,-10,0,-7,-1,-11,-2,-9,-5,-8,-3,-5,-5,-10,-6,-10,-9,-9,-11,-11,-12,-8,-10,-12,-13,-12,-10,-12,-12,-12,-10,-9,-14,-13,-15,-13,-13,-14,-15,-13,-12,-10,-13,-11,-13,-11,-11,-13,-12,-16,-13,-16,-13,-18,-8,-18,0,0,0,0,0,0,0,0,0,0,0,0,0,0,0,0,0,0,0,0,0,0,42,33,42,40,37,44,36,50,32,54,32,55,28,55,26,59,28,58,23,61,22,64,20,66,21,69,20,68,17,71,10,70,12,74,11,70,11,71,6,76,5,73,5,75,6,74,7,69,3,70,6,70,5,69,5,72,5,67,5,66,7,63,5,66,8,64,9,63,8,61,12,57,12,56,14,55,18,53,23,52,25,54,24,50,26,50,33,53,35,47,29,47,36,45,38,47,43,49,45,47,49,49,50,51,49,50,48,49,52,56,52,55,52,57,0,0]"
CSI_DATA,274,1a:00:00:00:00:00,-47,11,1,0,1,1,1,0,0,0,1,-96,0,11,2,3937101,0,44,0,384,0,"[0,0,0,0,0,0,0,0,0,0,0,0,7,-11,7,-10,7,-10,7,-9,7,-9,6,-8,6,-8,6,-7,5,-7,5,-7,5,-6,4,-6,4,-6,4,-6,3,-5,3,-5,2,-5,2,-4,2,-4,1,-4,1,-3,1,-3,1,-3,0,-3,0,-2,-1,-2,0,0,-1,-2,-1,-2,-2,-2,-2,-2,-2,-1,-2,-1,-2,-2,-3,-1,-3,-2,-3,-2,-3,-1,-3,-1,-3,-1,-3,-1,-3,-1,-3,-1,-3,-1,-4,-1,-4,-2,-4,-2,-4,-2,-4,-2,-3,-2,-4,-2,-3,-2,-3,-3,0,0,0,0,0,0,0,0,0,0,0,0,0,0,50,-60,47,-58,44,-56,44,-53,49,-53,43,-49,42,-50,43,-44,40,-40,38,-41,35,-38,32,-35,32,-34,30,-33,26,-28,26,-30,26,-30,22,-25,24,-26,18,-24,18,-20,13,-19,12,-19,11,-17,6,-13,9,-13,6,-16,5,-15,2,-9,1,-12,0,-12,-4,-8,-2,-10,-7,-8,-11,-7,-6,-5,-12,-9,-9,-5,-12,-7,-15,-8,-11,-7,-13,-6,-14,-9,-12,-5,-15,-5,-15,-10,-17,-8,-16,-8,-18,-10,-15,-7,-16,-6,-17,-10,-18,-7,-17,-10,-14,-12,-15,-15,-12,-15,0,0,0,0,0,0,0,0,0,0,0,0,0,0,0,0,0,0,0,0,0,0,47,24,48,29,46,33,48,40,44,43,40,45,43,48,40,46,40,55,37,58,37,57,33,60,35,62,32,64,30,65,29,67,30,68,28,69,25,70,22,67,25,68,23,70,22,68,19,68,18,70,20,68,18,66,20,68,18,62,19,63,21,63,20,59,19,57,24,58,24,54,28,54,27,50,30,46,27,46,34,46,32,46,39,44,39,41,42,40,42,39,48,34,52,35,50,34,54,37,57,37,56,36,63,34,62,36,59,35,60,40,65,41,68,41,0,0]"
CSI_DATA,275,1a:00:00:00:00:00,-47,11,1,0,1,1,1,0,0,0,1,-96,0,11,2,3947044,0,44,0,384,0,"[0,0,0,0,0,0,0,0,0,0,0,0,3,-12,3,-12,3,-11,3,-11,3,-10,3,-10,3,-9,3,-9,2,-8,2,-8,2,-8,2,-7,1,-7,1,-6,1,-6,1,-5,1,-5,1,-5,0,-4,0,-4,0,-3,0,-3,-1,-3,-1,-3,-1,-2,-1,-2,0,0,-2,-2,-1,-2,-2,-1,-2,-1,-2,-1,-2,-1,-3,-1,-3,-1,-3,-1,-3,-1,-3,-1,-3,0,-3,0,-3,-1,-3,-1,-3,-1,-4,0,-4,-1,-3,-1,-4,-1,-4,-1,-4,-1,-4,-1,-4,-1,-4,-1,-4,-2,0,0,0,0,0,0,0,0,0,0,0,0,0,0,36,-65,40,-63,39,-62,35,-59,39,-62,37,-52,38,-52,36,-52,34,-50,31,-40,31,-44,27,-40,26,-39,27,-39,27,-35,19,-29,21,-31,18,-30,17,-29,14,-28,11,-24,12,-23,7,-17,8,-21,8,-16,4,-15,3,-13,3,-12,0,-10,-4,-10,-7,-9,-6,-6,-5,-9,-4,-6,-11,-10,-9,-4,-11,-6,-13,-5,-12,-3,-13,-5,-16,-2,-17,-1,-19,-8,-17,-5,-16,-3,-16,-7,-18,-3,-18,-1,-18,-5,-20,-3,-19,-5,-17,-5,-21,-6,-19,-10,-17,-8,-20,-11,-15,-10,0,0,0,0,0,0,0,0,0,0,0,0,0,0,0,0,0,0,0,0,0,0,52,23,49,27,52,30,48,34,49,43,43,40,45,49,42,48,40,53,41,53,42,61,38,60,41,62,35,65,36,61,36,65,34,63,37,71,34,62,28,71,31,68,28,70,27,67,24,70,26,68,26,65,25,70,26,62,26,64,22,60,26,60,29,58,27,61,29,58,28,53,33,53,32,50,36,46,33,48,38,44,38,40,42,39,41,41,45,37,50,34,55,32,57,33,54,30,57,30,60,33,61,29,64,32,67,30,64,33,68,36,68,30,72,34,0,0]"
CSI_DATA,276,1a:00:00:00:00:00,-47,11,1,0,1,1,1,0,0,0,1,-96,0,11,2,3956568,0,44,0,384,0,"[0,0,0,0,0,0,0,0,0,0,0,0,-12,-4,-11,-4,-11,-5,-11,-4,-10,-4,-9,-4,-9,-4,-9,-4,-8,-4,-8,-4,-7,-3,-7,-3,-6,-3,-6,-3,-5,-3,-6,-2,-5,-2,-5,-2,-4,-1,-4,-2,-3,-1,-3,-1,-3,-1,-3,-1,-2,0,-2,0,0,0,-2,0,-2,1,-1,1,-1,1,-1,1,-1,1,-1,2,-1,2,-1,2,-1,2,-1,2,-1,2,-1,2,-1,2,-1,2,-1,2,-1,3,-1,3,-1,3,-1,2,-2,3,-2,3,-2,2,-2,2,-2,2,-2,2,0,0,0,0,0,0,0,0,0,0,0,0,0,0,-71,-20,-73,-19,-71,-21,-67,-20,-61,-20,-60,-20,-60,-21,-57,-23,-52,-21,-49,-20,-51,-22,-47,-17,-45,-20,-44,-19,-41,-18,-40,-14,-33,-12,-33,-11,-26,-10,-28,-12,-28,-11,-25,-7,-21,-2,-18,-6,-18,0,-15,-4,-15,-2,-11,0,-7,0,-13,3,-6,5,-7,8,-8,3,-6,9,-6,8,-2,11,-1,9,-3,13,1,13,-3,13,-3,13,-3,11,-3,15,0,15,0,16,-2,12,-3,17,-2,19,-3,17,-1,16,-2,18,-3,19,-5,18,-5,16,-7,17,-6,19,-8,12,0,0,0,0,0,0,0,0,0,0,0,0,0,0,0,0,0,0,0,0,0,0,-3,-53,3,-57,4,-60,10,-62,15,-60,20,-61,21,-60,27,-61,28,-61,31,-61,33,-62,39,-60,40,-64,42,-61,43,-66,38,-42,47,-25,52,-37,44,-55,50,-57,49,-52,53,-53,54,-53,56,-51,51,-50,48,-49,50,-48,49,-49,47,-46,45,-49,46,-47,42,-49,41,-47,40,-48,41,-45,36,-47,33,-44,31,-46,30,-47,26,-49,23,-50,22,-54,21,-53,20,-54,15,-55,11,-61,16,-60,12,-61,9,-59,11,-66,8,-65,5,-69,9,-71,10,-72,6,-77,14,-75,13,-80,0,0]"
CSI_DATA,277,1a:00:00:00:00:00,-47,11,1,0,1,1,1,0,0,0,1,-96,0,11,2,3976588,0,44,0,384,0,"[0,0,0,0,0,0,0,0,0,0,0,0,10,7,10,7,9,7,9,7,8,6,8,6,7,6,7,5,7,5,6,5,6,5,5,4,5,4,5,4,4,3,4,3,4,3,3,2,3,2,3,1,2,1,2,1,2,1,2,0,2,0,1,-1,0,0,1,-1,1,-2,1,-2,1,-2,1,-2,0,-3,1,-3,1,-3,1,-3,0,-3,1,-3,1,-3,1,-3,0,-3,0,-3,0,-4,1,-3,1,-4,1,-4,1,-3,1,-4,1,-3,1,-3,1,-3,2,-3,2,-3,0,0,0,0,0,0,0,0,0,0,0,0,0,0,51,57,49,55,52,56,45,54,47,57,40,51,41,51,34,48,36,49,33,43,33,45,30,39,31,37,26,37,24,36,22,33,24,31,21,27,18,25,21,23,17,24,12,20,17,17,13,12,13,12,12,9,12,5,11,3,9,3,10,3,10,-1,9,1,8,-3,7,-3,7,-5,8,-9,6,-9,7,-9,8,-10,9,-8,9,-10,10,-12,9,-14,8,-13,7,-15,8,-13,8,-14,11,-15,7,-14,11,-15,11,-15,13,-16,12,-15,14,-14,17,-13,14,-10,17,-10,0,0,0,0,0,0,0,0,0,0,0,0,0,0,0,0,0,0,0,0,0,0,-29,47,-33,46,-44,46,-44,44,-51,35,-53,38,-53,39,-57,36,-60,34,-61,31,-64,28,-68,29,-68,29,-69,25,-72,27,-70,20,-70,21,-74,18,-74,19,-74,17,-74,16,-77,16,-73,9,-74,15,-72,10,-72,12,-73,9,-72,11,-65,9,-65,11,-62,10,-66,13,-61,16,-62,14,-60,17,-58,22,-57,21,-55,20,-53,19,-53,27,-52,29,-49,29,-51,32,-48,37,-46,38,-41,41,-43,44,-41,45,-45,48,-43,52,-48,51,-46,52,-48,54,-49,53,-50,55,-52,61,-54,58,0,0]"
CSI_DATA,278,1a:00:00:00:00:00,-47,11,1,0,1,1,1,0,0,0,1,-96,0,11,2,3986976,0,44,0,384,0,"[0,0,0,0,0,0,0,0,0,0,0,0,-8,10,-8,9,-7,9,-7,8,-7,8,-7,8,-7,7,-6,7,-6,6,-6,6,-5,6,-5,6,-5,5,-4,5,-4,4,-4,4,-3,4,-3,3,-3,3,-2,3,-2,2,-2,2,-1,2,-1,2,-1,2,0,1,0,0,0,1,0,1,1,1,1,1,1,1,1,1,2,1,2,1,2,1,2,1,2,1,2,1,2,1,2,1,2,1,2,0,2,1,2,1,3,1,3,1,3,1,3,1,2,1,2,2,2,2,2,2,0,0,0,0,0,0,0,0,0,0,0,0,0,0,-53,59,-50,54,-50,55,-48,48,-47,51,-47,46,-46,43,-47,43,-41,40,-38,41,-38,35,-34,35,-33,32,-32,29,-29,28,-25,28,-27,28,-24,24,-21,25,-20,25,-19,19,-16,18,-15,18,-9,16,-9,12,-11,14,-4,11,-7,11,-3,8,1,7,2,8,2,9,-1,6,5,9,6,7,7,6,10,6,9,5,10,5,14,2,14,5,13,4,13,7,15,5,14,5,13,6,13,6,14,3,17,5,15,7,17,8,16,9,15,10,17,10,16,10,15,13,13,13,0,0,0,0,0,0,0,0,0,0,0,0,0,0,0,0,0,0,0,0,0,0,-47,-32,-46,-38,-42,-41,-45,-49,-38,-52,-40,-50,-33,-54,-34,-56,-32,-58,-34,-57,-31,-62,-31,-64,-26,-68,-26,-71,-26,-72,-22,-72,-22,-73,-21,-71,-21,-73,-18,-75,-17,-70,-18,-75,-16,-68,-15,-70,-12,-73,-16,-70,-14,-68,-14,-68,-13,-63,-15,-67,-13,-60,-16,-62,-17,-62,-20,-60,-21,-60,-21,-59,-25,-52,-24,-50,-32,-52,-32,-49,-32,-47,-35,-45,-37,-44,-41,-47,-42,-41,-43,-38,-48,-37,-47,-39,-54,-45,-55,-40,-58,-41,-62,-38,-59,-45,-61,-43,-66,-47,-67,-48,-58,-47,0,0]"
CSI_DATA,279,1a:00:00:00:00:00,-47,11,1,0,1,1,1,0,0,0,1,-96,0,11,2,4006586,0,44,0,384,0,"[0,0,0,0,0,0,0,0,0,0,0,0,1,-13,2,-12,2,-12,2,-11,2,-11,2,-10,2,-10,2,-9,2,-9,1,-9,1,-8,1,-7,1,-7,1,-6,0,-6,0,-6,0,-5,0,-5,0,-4,0,-4,-1,-4,-1,-3,0,-3,-1,-3,-1,-2,-1,-2,0,0,-2,-2,-2,-1,-2,-1,-2,-1,-3,-1,-3,-1,-3,-1,-3,0,-3,0,-3,-1,-3,0,-3,0,-3,0,-3,0,-3,0,-3,0,-3,0,-3,0,-4,0,-4,0,-4,-1,-4,-1,-4,-1,-4,-1,-4,-1,-3,-2,0,0,0,0,0,0,0,0,0,0,0,0,0,0,16,-75,21,-73,20,-73,17,-68,21,-63,22,-63,18,-58,20,-58,18,-49,19,-53,15,-51,14,-48,18,-46,14,-40,14,-40,14,-39,13,-35,12,-31,8,-32,10,-27,10,-27,8,-21,4,-21,1,-21,1,-17,2,-12,-1,-16,1,-12,-3,-11,1,-8,-5,-9,-7,-9,-8,-7,-8,-4,-9,-3,-9,-6,-14,-3,-13,-2,-13,-1,-15,-1,-14,-2,-16,-3,-15,-4,-15,-4,-15,0,-16,1,-17,-3,-20,-2,-18,-3,-16,-5,-20,-2,-18,-3,-18,-7,-20,-6,-18,-7,-15,-10,-15,-10,0,0,0,0,0,0,0,0,0,0,0,0,0,0,0,0,0,0,0,0,0,0,54,-6,56,1,60,4,59,10,61,15,59,19,59,21,58,24,59,26,60,30,60,36,58,38,58,40,58,39,60,42,60,45,60,47,56,44,56,50,53,52,51,49,53,50,52,50,49,53,46,52,46,51,48,51,45,50,46,49,47,47,44,43,46,47,47,41,46,40,45,38,45,31,43,31,46,33,44,28,47,30,48,24,50,17,53,19,55,17,56,18,57,15,60,15,63,9,65,8,66,15,68,12,68,9,75,8,71,9,72,12,76,10,74,12,0,0]"
CSI_DATA,280,1a:00:00:00:00:00,-47,11,1,0,1,1,1,0,0,0,1,-96,0,11,2,4016964,0,44,0,384,0,"[0,0,0,0,0,0,0,0,0,0,0,0,11,-4,11,-4,10,-4,11,-3,10,-3,9,-3,9,-3,8,-3,8,-3,7,-2,7,-2,7,-2,6,-2,6,-2,5,-2,5,-2,4,-2,4,-2,3,-2,3,-2,3,-2,2,-2,2,-2,1,-2,1,-2,1,-2,0,0,0,-2,0,-2,0,-2,-1,-3,-1,-2,-1,-2,-1,-2,-1,-3,-2,-3,-2,-3,-2,-3,-2,-3,-2,-3,-2,-3,-2,-3,-2,-3,-2,-3,-2,-3,-2,-3,-2,-4,-2,-4,-2,-4,-2,-4,-2,-4,-1,-4,-1,-4,0,0,0,0,0,0,0,0,0,0,0,0,0,0,74,-16,77,-13,72,-17,69,-13,66,-13,66,-8,63,-11,59,-7,58,-5,54,-8,53,-6,51,-10,48,-5,44,-4,41,-3,37,-5,37,-6,35,-5,31,-6,31,-5,28,-8,26,-6,21,-7,18,-4,17,-7,14,-6,15,-8,10,-8,8,-4,8,-8,4,-8,1,-7,2,-11,-1,-12,-1,-11,-1,-10,0,-13,-5,-11,-6,-14,-6,-14,-4,-14,-5,-17,-4,-13,-7,-16,-8,-13,-6,-15,-7,-14,-8,-14,-8,-20,-8,-18,-9,-17,-6,-19,-4,-18,-5,-18,-1,-19,0,-21,-3,-21,0,0,0,0,0,0,0,0,0,0,0,0,0,0,0,0,0,0,0,0,0,0,24,51,24,52,20,57,13,58,8,63,6,62,4,62,-3,62,1,63,-4,70,-7,67,-11,66,-10,71,-15,70,-15,69,-17,74,-18,72,-18,69,-24,66,-20,72,-24,72,-24,70,-27,70,-25,69,-27,65,-26,64,-28,60,-25,61,-23,61,-23,58,-22,59,-22,58,-18,59,-14,58,-18,58,-11,56,-13,55,-7,53,-6,53,-5,54,-2,53,1,54,4,59,9,57,3,58,15,56,14,54,19,60,18,60,22,61,23,65,21,64,20,67,22,67,23,71,23,72,26,76,0,0]"
CSI_DATA,281,1a:00:00:00:00:00,-47,11,1,0,1,1,1,0,0,0,1,-96,0,11,2,4027953,0,44,0,384,0,"[0,0,0,0,0,0,0,0,0,0,0,0,-7,11,-7,10,-7,10,-7,9,-7,9,-7,8,-6,8,-6,7,-6,7,-5,7,-5,6,-5,6,-4,5,-4,5,-4,4,-3,4,-3,4,-3,3,-2,3,-2,3,-2,3,-2,2,-1,2,-1,2,-1,2,0,2,0,0,0,1,1,1,1,1,1,1,1,0,1,1,2,1,2,0,2,0,2,1,2,0,2,0,2,1,2,0,2,0,3,1,3,0,3,1,3,0,3,1,3,1,3,1,3,1,3,1,3,1,2,2,0,0,0,0,0,0,0,0,0,0,0,0,0,0,-45,63,-44,63,-39,63,-44,57,-44,59,-42,53,-43,54,-39,47,-39,48,-37,44,-36,44,-33,38,-33,38,-28,35,-27,32,-24,33,-28,27,-23,22,-17,28,-20,24,-15,23,-15,20,-12,23,-11,19,-11,17,-5,17,-7,14,-1,14,-3,12,2,9,3,7,4,7,5,8,3,11,8,6,9,7,11,5,11,5,8,7,13,7,15,4,14,7,12,7,16,6,16,5,13,6,13,4,17,7,16,4,15,8,17,10,15,8,17,9,18,9,18,13,13,14,13,11,0,0,0,0,0,0,0,0,0,0,0,0,0,0,0,0,0,0,0,0,0,0,-54,-18,-53,-25,-54,-27,-56,-35,-52,-38,-50,-40,-46,-46,-48,-47,-46,-52,-47,-52,-43,-55,-42,-58,-44,-58,-44,-61,-42,-63,-37,-64,-36,-65,-36,-66,-33,-68,-31,-70,-31,-67,-28,-70,-32,-69,-29,-69,-29,-71,-29,-69,-26,-65,-28,-66,-23,-64,-27,-62,-28,-58,-28,-60,-27,-56,-31,-56,-31,-55,-29,-53,-32,-51,-33,-46,-37,-46,-41,-42,-38,-43,-42,-39,-40,-37,-49,-42,-47,-36,-51,-31,-53,-32,-57,-32,-59,-32,-59,-31,-61,-32,-64,-33,-68,-32,-67,-33,-70,-38,-70,-35,-71,-38,0,0]"
CSI_DATA,282,1a:00:00:00:00:00,-47,11,1,0,1,1,1,0,0,0,1,-96,0,11,2,4037662,0,44,0,384,0,"[0,0,0,0,0,0,0,0,0,0,0,0,11,6,10,6,10,6,9,5,9,5,9,5,8,5,7,5,7,4,6,4,7,4,6,3,6,3,5,3,4,2,4,2,4,2,3,2,3,1,3,1,3,1,3,0,2,0,2,0,2,0,1,-1,0,0,1,-1,1,-2,1,-2,1,-2,1,-2,1,-2,1,-3,1,-3,0,-3,0,-3,0,-3,1,-3,1,-3,0,-4,0,-4,0,-4,0,-4,1,-4,0,-4,1,-4,1,-4,1,-4,1,-4,1,-4,2,-4,2,-3,0,0,0,0,0,0,0,0,0,0,0,0,0,0,55,50,53,51,53,45,46,47,50,51,44,46,44,45,42,44,42,43,33,40,32,40,33,35,33,35,28,33,28,30,26,26,28,26,24,25,22,23,19,21,21,18,20,18,17,13,18,13,12,9,13,7,13,6,9,3,12,0,11,1,7,-3,6,1,8,-5,7,-7,6,-6,6,-9,7,-10,7,-8,9,-13,8,-11,11,-15,6,-12,11,-13,10,-15,8,-15,5,-14,8,-16,7,-19,8,-14,10,-17,9,-15,11,-18,12,-14,15,-15,14,-16,15,-12,14,-11,0,0,0,0,0,0,0,0,0,0,0,0,0,0,0,0,0,0,0,0,0,0,-25,51,-27,46,-33,48,-39,48,-44,44,-46,40,-47,37,-51,39,-54,39,-56,39,-58,37,-58,36,-63,35,-67,35,-63,33,-68,27,-70,27,-69,26,-67,25,-69,23,-72,21,-75,21,-70,19,-71,22,-68,18,-67,16,-67,16,-66,15,-66,16,-63,19,-60,17,-58,19,-57,18,-55,18,-56,20,-55,21,-53,24,-48,29,-48,28,-46,32,-45,33,-45,33,-42,35,-40,40,-39,36,-38,50,-38,46,-37,48,-38,53,-43,55,-37,54,-38,61,-39,58,-42,58,-39,61,-39,62,-47,61,0,0]"
CSI_DATA,283,1a:00:00:00:00:00,-47,11,1,0,1,1,1,0,0,0,1,-96,0,11,2,4046974,0,44,0,384,0,"[0,0,0,0,0,0,0,0,0,0,0,0,-6,-12,-6,-11,-6,-11,-5,-11,-5,-10,-4,-10,-4,-9,-4,-9,-4,-9,-4,-8,-3,-8,-3,-7,-3,-7,-3,-6,-3,-6,-3,-5,-3,-5,-3,-5,-2,-4,-2,-3,-2,-3,-2,-3,-2,-3,-2,-2,-2,-2,-2,-1,0,0,-2,-1,-2,-1,-2,0,-2,0,-3,0,-3,0,-3,1,-3,1,-3,1,-3,1,-3,1,-3,1,-3,1,-3,1,-3,1,-3,1,-3,1,-3,1,-3,1,-4,1,-4,1,-4,1,-4,1,-4,0,-4,0,-4,0,0,0,0,0,0,0,0,0,0,0,0,0,0,0,-35,-65,-32,-69,-34,-63,-29,-67,-30,-64,-28,-60,-23,-61,-21,-58,-25,-53,-24,-51,-19,-50,-20,-48,-16,-43,-18,-44,-15,-41,-16,-35,-16,-34,-14,-31,-13,-29,-13,-27,-12,-23,-11,-22,-10,-17,-10,-18,-12,-15,-12,-14,-10,-12,-12,-8,-9,-7,-12,-4,-11,-2,-10,-3,-11,-1,-9,3,-10,3,-11,2,-10,4,-12,4,-12,8,-11,5,-14,7,-14,11,-14,9,-13,8,-11,12,-16,10,-15,11,-16,10,-17,10,-18,8,-17,10,-18,9,-19,12,-18,11,-20,7,-19,3,-20,2,0,0,0,0,0,0,0,0,0,0,0,0,0,0,0,0,0,0,0,0,0,0,39,-34,46,-32,51,-30,56,-28,57,-25,58,-21,59,-14,61,-18,66,-16,66,-13,70,-13,67,-9,72,-11,72,-3,72,-2,71,0,75,5,73,2,71,1,72,7,72,6,74,9,70,8,70,11,71,8,67,11,69,13,68,9,64,8,63,8,63,7,63,6,61,5,58,4,62,-3,57,0,57,-3,55,-5,55,-10,52,-13,53,-13,50,-17,53,-17,52,-23,50,-22,55,-21,52,-29,53,-31,54,-34,57,-37,54,-38,57,-40,61,-43,61,-39,62,-43,66,-41,65,-41,0,0]"
CSI_DATA,284,1a:00:00:00:00:00,-47,11,1,0,1,1,1,0,0,0,1,-96,0,11,2,4056611,0,44,0,384,0,"[0,0,0,0,0,0,0,0,0,0,0,0,12,1,12,1,11,1,11,1,10,2,10,1,9,1,9,1,8,1,8,1,7,1,7,1,6,1,6,1,5,1,5,0,5,0,4,0,4,0,3,0,3,-1,2,-1,2,-1,2,-1,2,-1,1,-2,0,0,1,-2,1,-2,0,-2,0,-2,0,-3,0,-3,0,-3,0,-3,0,-3,-1,-3,-1,-3,0,-3,0,-4,0,-3,-1,-4,0,-4,0,-4,0,-4,0,-4,0,-4,0,-4,0,-4,0,-4,0,-4,1,-4,1,-4,0,0,0,0,0,0,0,0,0,0,0,0,0,0,70,30,72,34,65,32,60,32,65,34,56,31,57,30,53,32,50,30,49,30,48,26,44,28,40,28,41,22,35,19,33,22,33,20,30,16,29,15,25,14,25,13,24,11,18,8,20,8,19,7,17,4,15,3,11,-1,9,0,8,0,9,-5,8,-6,10,-5,6,-6,3,-9,5,-9,4,-11,5,-15,9,-13,8,-13,3,-14,4,-13,7,-17,5,-18,4,-19,3,-15,5,-17,6,-19,4,-16,6,-19,8,-18,7,-19,9,-16,10,-15,11,-19,14,-13,12,-18,0,0,0,0,0,0,0,0,0,0,0,0,0,0,0,0,0,0,0,0,0,0,-5,56,-9,56,-13,59,-20,57,-27,59,-28,53,-30,55,-35,55,-37,55,-40,54,-46,56,-48,56,-47,57,-50,56,-51,53,-53,51,-57,51,-59,49,-60,47,-59,45,-60,47,-64,46,-62,44,-61,41,-59,39,-60,40,-58,38,-59,36,-57,37,-52,35,-51,37,-52,34,-48,38,-49,40,-47,39,-46,42,-40,36,-42,40,-37,43,-36,45,-34,43,-29,48,-28,48,-28,51,-25,48,-18,53,-26,58,-17,60,-19,61,-19,62,-16,65,-20,69,-19,67,-21,70,-24,71,-25,74,-27,78,0,0]"
CSI_DATA,285,1a:00:00:00:00:00,-47,11,1,0,1,1,1,0,0,0,1,-96,0,11,2,4066750,0,44,0,384,0,"[0,0,0,0,0,0,0,0,0,0,0,0,11,-2,11,-2,11,-2,10,-1,10,-1,9,-1,9,-1,8,-1,8,-1,7,-1,7,-1,6,-1,6,-1,5,-1,5,-1,5,-1,4,-1,4,-1,3,-1,3,-1,3,-1,2,-1,2,-2,1,-1,1,-2,1,-2,0,0,0,-2,0,-2,0,-2,-1,-3,0,-3,-1,-2,-1,-3,-1,-3,-1,-3,-1,-3,-2,-3,-1,-3,-1,-3,-2,-3,-2,-3,-2,-3,-2,-3,-2,-4,-2,-3,-2,-4,-2,-4,-2,-4,-1,-4,-1,-4,-1,-4,0,-4,0,0,0,0,0,0,0,0,0,0,0,0,0,0,74,-3,75,-1,74,-2,70,0,65,0,67,3,62,3,59,3,56,3,53,5,51,0,49,-2,47,1,45,2,40,6,40,1,37,0,34,1,31,1,31,-1,25,-2,24,-1,23,-2,19,-2,16,0,18,-4,13,-5,13,-6,9,-6,8,-7,7,-7,6,-9,2,-9,-1,-11,2,-8,0,-12,1,-11,-3,-12,-5,-15,-6,-15,-2,-15,-3,-16,-2,-18,-3,-18,-3,-16,-1,-18,-5,-18,-6,-22,-4,-19,-3,-20,-5,-20,-4,-20,-2,-21,-2,-18,0,-21,-1,-20,4,-20,0,0,0,0,0,0,0,0,0,0,0,0,0,0,0,0,0,0,0,0,0,0,14,53,9,55,4,60,1,60,-4,61,-8,61,-12,59,-11,62,-16,63,-19,63,-21,66,-25,65,-28,67,-30,67,-29,68,-34,62,-33,68,-34,64,-37,63,-35,61,-38,61,-40,63,-38,58,-41,58,-42,57,-40,54,-40,51,-35,57,-36,50,-37,53,-35,51,-31,52,-29,52,-29,53,-26,51,-21,50,-21,51,-18,52,-20,48,-15,50,-13,54,-9,50,-6,56,-5,55,0,56,0,53,1,58,9,60,4,62,11,61,10,63,9,68,13,70,9,69,11,75,10,78,10,73,0,0]"
CSI_DATA,286,1a:00:00:00:00:00,-47,11,1,0,1,1,1,0,0,0,1,-96,0,11,2,4108012,0,44,0,384,0,"[0,0,0,0,0,0,0,0,0,0,0,0,-13,1,-13,1,-12,1,-12,0,-12,0,-11,0,-11,0,-10,0,-9,0,-9,0,-9,0,-8,0,-7,0,-7,0,-7,0,-6,0,-6,1,-5,1,-5,1,-4,0,-4,1,-4,1,-3,1,-2,1,-2,1,-2,1,0,0,-1,2,-1,2,-1,1,0,2,0,1,0,2,0,2,0,2,1,2,0,3,0,3,1,2,0,2,0,2,1,3,1,3,1,3,1,3,1,3,1,3,0,3,0,3,0,3,0,3,-1,4,-1,3,0,0,0,0,0,0,0,0,0,0,0,0,0,0,-77,5,-74,6,-72,7,-71,2,-67,4,-66,0,-63,0,-62,-2,-59,1,-53,0,-53,2,-48,-5,-47,-2,-43,-1,-43,-2,-41,-2,-37,3,-36,-2,-30,-1,-29,3,-26,6,-24,5,-23,4,-19,6,-18,3,-15,6,-14,4,-12,7,-8,8,-7,6,-9,10,-4,8,-3,12,1,16,-1,11,3,13,1,12,1,12,2,13,4,15,5,13,5,16,1,15,7,15,5,15,4,16,6,12,2,19,4,19,7,18,3,19,5,20,4,18,2,21,0,24,0,21,-4,19,0,0,0,0,0,0,0,0,0,0,0,0,0,0,0,0,0,0,0,0,0,0,-13,-53,-8,-57,-6,-61,0,-61,3,-63,8,-64,13,-65,16,-67,15,-64,20,-67,20,-65,24,-66,24,-68,25,-69,29,-66,29,-67,32,-66,33,-67,36,-66,42,-67,40,-61,40,-64,40,-62,38,-60,44,-60,37,-58,34,-57,35,-54,35,-55,33,-55,30,-56,29,-54,30,-51,29,-53,26,-54,22,-50,18,-48,17,-52,15,-51,11,-56,6,-51,6,-56,5,-55,1,-59,0,-57,-2,-54,-2,-57,-10,-62,-11,-63,-10,-67,-16,-66,-18,-66,-13,-72,-18,-70,-18,-76,-16,-76,-15,-79,0,0]"
CSI_DATA,287,1a:00:00:00:00:00,-47,11,1,0,1,1,1,0,0,0,1,-96,0,11,2,4126657,0,44,0,384,0,"[0,0,0,0,0,0,0,0,0,0,0,0,9,-10,8,-9,8,-9,7,-8,8,-8,7,-8,7,-7,7,-7,6,-7,6,-6,5,-6,5,-6,4,-5,4,-5,4,-5,3,-5,2,-4,2,-4,2,-4,2,-3,2,-3,1,-3,1,-3,0,-3,0,-3,-1,-2,0,0,-1,-2,-1,-2,-2,-2,-2,-2,-2,-2,-2,-2,-3,-2,-3,-2,-3,-2,-3,-2,-3,-3,-3,-2,-3,-2,-3,-2,-3,-2,-3,-2,-4,-2,-3,-2,-3,-3,-3,-3,-3,-3,-3,-3,-3,-3,-3,-3,-3,-4,-2,-4,0,0,0,0,0,0,0,0,0,0,0,0,0,0,46,-63,43,-59,47,-57,45,-52,44,-51,41,-51,42,-45,39,-47,40,-43,36,-40,35,-36,32,-38,31,-33,29,-33,27,-34,26,-28,26,-25,20,-24,20,-24,18,-19,18,-23,12,-22,11,-22,13,-17,8,-15,4,-15,4,-15,3,-13,0,-10,-2,-10,-2,-9,-6,-9,-5,-7,-8,-10,-11,-8,-8,-7,-15,-8,-14,-8,-10,-7,-16,-10,-14,-9,-13,-9,-14,-10,-14,-10,-19,-11,-16,-10,-15,-12,-16,-9,-19,-10,-19,-12,-18,-8,-16,-14,-15,-11,-17,-13,-12,-17,-11,-16,-12,-19,0,0,0,0,0,0,0,0,0,0,0,0,0,0,0,0,0,0,0,0,0,0,51,16,55,22,52,26,55,30,48,36,47,39,45,40,45,47,43,47,43,50,43,53,43,56,41,60,36,61,38,61,35,62,36,62,33,67,32,66,32,69,30,67,27,66,25,68,25,66,22,65,28,62,22,59,23,63,25,61,20,58,19,55,25,56,23,58,24,54,27,51,25,48,28,46,32,43,27,43,32,40,33,40,35,37,43,36,40,34,40,31,52,33,48,34,52,29,53,30,57,30,55,31,63,29,61,34,66,36,67,36,67,38,68,39,0,0]"
CSI_DATA,288,1a:00:00:00:00:00,-47,11,1,0,1,1,1,0,0,0,1,-96,0,11,2,4136975,0,44,0,384,0,"[0,0,0,0,0,0,0,0,0,0,0,0,1,-13,1,-13,1,-12,1,-12,1,-11,1,-11,1,-10,1,-10,1,-9,1,-9,1,-8,1,-8,1,-7,0,-7,0,-6,0,-6,0,-6,0,-5,0,-5,-1,-4,-1,-4,-1,-4,-1,-3,-1,-3,-1,-3,-1,-2,0,0,-2,-2,-2,-1,-2,-1,-3,-1,-3,-1,-3,-1,-3,-1,-3,-1,-3,-1,-3,-1,-3,-1,-4,-1,-4,-1,-4,-1,-4,-1,-4,-1,-4,-1,-4,-1,-4,-1,-4,-1,-4,-1,-4,-2,-4,-2,-4,-2,-4,-2,-4,-2,0,0,0,0,0,0,0,0,0,0,0,0,0,0,8,-77,6,-72,10,-72,9,-71,12,-71,12,-66,10,-61,16,-55,10,-56,12,-51,9,-49,8,-50,8,-47,11,-42,9,-40,9,-37,9,-36,6,-37,6,-28,3,-26,3,-24,1,-23,3,-23,2,-21,0,-19,-2,-19,-1,-11,0,-11,-2,-12,-7,-13,-4,-8,-7,-8,-9,-3,-6,-5,-11,-5,-15,-3,-11,-2,-15,-3,-14,-3,-16,-2,-20,-2,-17,-1,-17,-2,-17,2,-18,-3,-20,-2,-16,-3,-18,-1,-22,-4,-20,-2,-21,-6,-18,-5,-19,-7,-22,-11,-20,-6,-18,-10,-18,-13,0,0,0,0,0,0,0,0,0,0,0,0,0,0,0,0,0,0,0,0,0,0,53,-20,56,-13,58,-10,62,-5,62,-1,65,3,63,9,65,12,64,15,66,16,67,22,64,18,70,23,68,28,66,27,66,34,67,35,63,35,68,34,61,40,61,38,64,42,62,40,57,41,56,42,57,42,52,41,54,40,50,35,50,41,52,34,52,33,49,31,48,27,49,29,49,26,51,24,50,22,49,21,49,18,50,15,49,13,54,9,54,8,54,4,54,-1,56,-2,61,-3,61,0,62,-7,64,-7,69,-5,67,-7,72,-4,74,-4,75,-3,75,-4,0,0]"
CSI_DATA,289,1a:00:00:00:00:00,-47,11,1,0,1,1,1,0,0,0,1,-96,0,11,2,4146712,0,44,0,384,0,"[0,0,0,0,0,0,0,0,0,0,0,0,-10,-9,-9,-8,-9,-8,-8,-8,-8,-7,-8,-8,-7,-7,-7,-7,-6,-7,-6,-6,-6,-6,-6,-6,-5,-5,-5,-5,-5,-4,-4,-4,-4,-4,-4,-3,-4,-3,-4,-3,-3,-2,-3,-2,-3,-1,-3,-1,-2,-1,-3,-1,0,0,-2,0,-2,0,-2,1,-2,1,-2,1,-2,1,-2,2,-2,2,-2,2,-2,2,-2,2,-2,2,-2,2,-2,2,-2,2,-2,2,-3,2,-3,3,-3,2,-3,2,-3,2,-3,2,-3,2,-3,2,-4,2,-4,1,0,0,0,0,0,0,0,0,0,0,0,0,0,0,-61,-48,-55,-49,-57,-47,-51,-48,-50,-48,-46,-48,-45,-46,-43,-45,-42,-41,-39,-41,-36,-41,-33,-37,-31,-35,-28,-31,-29,-32,-27,-31,-24,-28,-27,-23,-23,-22,-21,-19,-19,-16,-22,-17,-18,-11,-16,-10,-17,-10,-14,-10,-11,-8,-13,-5,-12,-4,-10,-2,-11,-1,-8,4,-11,3,-13,6,-8,9,-10,5,-10,10,-10,11,-9,12,-10,14,-12,11,-14,13,-10,14,-10,14,-9,12,-12,13,-12,16,-12,14,-11,13,-13,16,-12,16,-13,16,-13,13,-17,12,-17,12,-19,11,-17,9,0,0,0,0,0,0,0,0,0,0,0,0,0,0,0,0,0,0,0,0,0,0,17,-52,21,-55,28,-55,32,-51,39,-53,41,-49,40,-48,45,-44,52,-45,50,-43,56,-43,60,-41,58,-39,59,-38,61,-37,64,-30,66,-36,67,-31,67,-30,69,-27,69,-29,70,-24,67,-22,68,-25,66,-18,67,-21,63,-19,61,-19,57,-19,58,-22,60,-22,57,-21,56,-20,53,-24,51,-21,55,-26,47,-25,45,-26,44,-28,44,-32,42,-33,39,-33,37,-38,38,-41,38,-44,31,-44,35,-44,31,-50,32,-51,34,-48,36,-58,37,-58,39,-61,39,-61,38,-64,41,-60,44,-62,0,0]"
CSI_DATA,290,1a:00:00:00:00:00,-47,11,1,0,1,1,1,0,0,0,1,-96,0,11,2,4156563,0,44,0,384,0,"[0,0,0,0,0,0,0,0,0,0,0,0,11,1,10,1,11,1,10,2,9,2,9,1,8,1,8,1,8,1,7,1,7,1,6,1,6,1,5,1,5,1,5,0,4,0,4,0,3,0,3,0,3,0,2,-1,2,-1,2,-1,2,-1,1,-1,0,0,1,-2,1,-2,0,-2,0,-3,0,-3,0,-3,0,-3,0,-3,0,-3,-1,-3,-1,-4,0,-3,0,-3,0,-3,-1,-4,-1,-4,0,-4,-1,-4,-1,-4,0,-4,0,-4,0,-4,0,-4,0,-4,1,-4,1,-4,0,0,0,0,0,0,0,0,0,0,0,0,0,0,73,11,68,11,67,13,69,18,68,13,63,17,59,10,59,13,51,13,51,12,49,12,47,14,45,13,42,11,39,12,37,5,34,9,30,6,31,6,26,6,23,5,23,4,21,-1,17,1,18,-4,14,-4,14,1,11,-6,11,-12,8,-4,5,-7,6,-9,5,-9,2,-16,3,-13,0,-13,2,-15,3,-15,2,-16,3,-18,0,-16,-2,-16,0,-21,-3,-18,-2,-19,-2,-18,0,-16,-4,-23,-1,-19,2,-21,-1,-22,4,-22,1,-22,5,-23,4,-21,8,-22,7,-17,0,0,0,0,0,0,0,0,0,0,0,0,0,0,0,0,0,0,0,0,0,0,1,56,-7,58,-10,58,-18,58,-19,62,-23,60,-30,51,-28,58,-33,57,-33,59,-34,58,-34,60,-42,61,-42,61,-44,57,-49,60,-96,42,-51,45,-52,50,-53,50,-53,53,-60,49,-54,49,-53,47,-52,45,-52,46,-52,45,-52,44,-49,41,-47,44,-46,41,-44,41,-45,38,-43,42,-40,39,-39,45,-31,42,-27,44,-28,46,-25,47,-23,49,-19,52,-20,48,-15,52,-15,53,-12,53,-14,56,-11,59,-9,61,-7,60,0,63,0,68,-5,71,-7,71,-6,73,-1,76,-8,73,0,0]"
CSI_DATA,291,1a:00:00:00:00:00,-47,11,1,0,1,1,1,0,0,0,1,-96,0,11,2,4166569,0,44,0,384,0,"[0,0,0,0,0,0,0,0,0,0,0,0,-4,12,-4,11,-4,11,-4,10,-4,10,-4,9,-4,9,-3,8,-3,8,-3,7,-3,7,-2,7,-2,6,-2,6,-2,5,-2,5,-1,4,-1,4,-1,4,-1,3,-1,3,0,3,0,3,0,2,0,1,0,1,0,0,1,1,1,1,1,0,2,0,2,0,2,0,2,0,2,0,2,0,3,0,3,0,3,0,3,0,3,0,3,0,3,-1,3,0,3,0,3,0,3,0,3,0,4,0,3,0,3,1,3,1,3,1,0,0,0,0,0,0,0,0,0,0,0,0,0,0,-27,67,-30,67,-28,62,-26,61,-27,62,-25,55,-26,50,-25,52,-23,50,-22,46,-19,46,-23,43,-20,41,-20,39,-15,36,-18,35,-16,32,-15,30,-14,27,-12,27,-10,26,-9,23,-6,21,-6,16,-3,18,-3,16,-1,14,0,12,1,9,5,11,5,8,7,9,7,6,7,8,9,6,11,2,11,5,13,2,14,0,15,3,14,3,16,3,16,4,15,3,15,6,17,3,18,3,18,1,17,7,20,6,20,6,19,6,18,8,17,6,16,9,15,12,14,11,0,0,0,0,0,0,0,0,0,0,0,0,0,0,0,0,0,0,0,0,0,0,-55,0,-55,-8,-59,-14,-58,-16,-61,-23,-55,-28,-59,-30,-54,-35,-61,-35,-56,-41,-54,-43,-55,-45,-59,-47,-57,-52,-54,-55,-54,-51,-18,-27,-47,-58,-44,-54,-49,-60,-43,-57,-48,-59,-40,-60,-40,-60,-36,-62,-38,-58,-41,-56,-39,-54,-38,-50,-37,-52,-41,-49,-37,-51,-38,-46,-36,-46,-38,-45,-39,-41,-38,-38,-38,-37,-41,-31,-46,-33,-46,-30,-49,-29,-48,-23,-50,-25,-50,-22,-50,-18,-55,-21,-57,-21,-60,-16,-62,-16,-63,-13,-66,-12,-66,-14,-70,-16,-76,-13,-71,-17,-73,-19,0,0]"
CSI_DATA,292,1a:00:00:00:00:00,-47,11,1,0,1,1,1,0,0,0,1,-96,0,11,2,4177024,0,44,0,384,0,"[0,0,0,0,0,0,0,0,0,0,0,0,7,-10,7,-9,7,-9,7,-8,7,-7,6,-7,6,-7,6,-7,5,-7,5,-6,5,-6,4,-6,4,-5,4,-5,3,-4,3,-4,3,-4,2,-4,2,-3,1,-3,2,-3,1,-3,1,-3,0,-3,0,-2,0,-2,0,0,-1,-3,-1,-2,-1,-2,-2,-2,-2,-2,-2,-2,-2,-2,-3,-2,-3,-3,-3,-3,-3,-2,-3,-3,-3,-2,-3,-2,-3,-3,-3,-2,-4,-2,-4,-3,-3,-3,-3,-3,-3,-3,-3,-3,-3,-3,-3,-3,-2,-4,-2,-3,0,0,0,0,0,0,0,0,0,0,0,0,0,0,47,-58,48,-56,46,-55,47,-52,43,-54,42,-44,45,-46,42,-41,42,-42,35,-39,36,-38,33,-36,27,-38,31,-34,29,-30,26,-31,27,-30,20,-28,23,-23,17,-25,18,-19,14,-21,13,-16,7,-19,8,-18,10,-17,4,-14,5,-17,1,-12,0,-13,-4,-11,-6,-10,-7,-8,-5,-9,-14,-7,-9,-9,-12,-8,-11,-11,-13,-9,-16,-6,-16,-11,-17,-12,-14,-10,-16,-8,-16,-8,-19,-9,-20,-9,-18,-8,-19,-12,-22,-6,-20,-10,-17,-10,-16,-17,-15,-10,-15,-13,-13,-18,-13,-15,0,0,0,0,0,0,0,0,0,0,0,0,0,0,0,0,0,0,0,0,0,0,49,26,46,33,46,39,46,44,39,49,37,49,37,52,34,57,34,58,34,62,30,63,28,67,26,67,25,69,23,69,25,74,24,70,21,71,18,73,18,77,13,73,16,75,11,74,11,73,10,72,12,68,10,67,12,66,10,64,13,65,13,62,11,61,15,57,16,57,18,57,20,50,22,52,21,49,25,46,26,47,27,44,32,41,37,41,37,44,38,37,39,38,42,39,48,37,48,39,51,38,56,35,55,40,57,41,63,41,62,44,63,42,64,51,0,0]"
CSI_DATA,293,1a:00:00:00:00:00,-47,11,1,0,1,1,1,0,0,0,1,-96,0,11,2,4186637,0,44,0,384,0,"[0,0,0,0,0,0,0,0,0,0,0,0,10,7,9,6,9,7,9,6,8,6,7,6,7,5,6,5,6,5,6,5,5,4,5,4,5,4,5,3,4,3,4,3,3,2,3,2,3,1,3,1,3,1,2,1,2,0,2,0,2,0,1,-1,0,0,1,-1,1,-1,1,-2,1,-2,1,-3,1,-3,1,-3,1,-3,1,-3,0,-4,1,-4,1,-3,1,-3,1,-3,1,-4,1,-4,1,-4,1,-4,1,-4,1,-4,1,-4,2,-4,2,-4,2,-3,2,-4,2,-3,0,0,0,0,0,0,0,0,0,0,0,0,0,0,61,41,62,45,60,40,56,36,54,41,51,38,50,35,51,38,41,38,42,35,41,31,36,32,38,30,29,26,28,25,29,23,28,25,26,20,25,19,23,17,21,16,21,14,18,11,18,9,15,7,14,3,14,5,14,3,13,-1,7,1,11,-2,7,-8,9,-9,8,-6,9,-10,6,-10,6,-11,7,-13,6,-13,6,-11,9,-15,8,-11,8,-17,9,-17,8,-17,6,-15,8,-21,7,-20,9,-18,8,-20,9,-20,9,-18,8,-21,12,-18,13,-16,15,-18,17,-15,0,0,0,0,0,0,0,0,0,0,0,0,0,0,0,0,0,0,0,0,0,0,-15,53,-22,55,-29,52,-35,55,-39,49,-43,49,-45,45,-46,44,-51,44,-53,43,-57,44,-61,43,-60,46,-64,39,-68,37,-65,35,-67,37,-69,32,-69,32,-68,27,-67,29,-72,29,-68,25,-70,25,-70,24,-64,21,-66,20,-64,23,-62,23,-62,26,-59,21,-59,23,-55,21,-55,23,-54,26,-50,27,-47,26,-45,29,-42,31,-41,34,-40,38,-40,38,-40,42,-35,45,-35,44,-38,48,-33,47,-32,54,-31,52,-32,54,-33,58,-33,60,-32,63,-34,66,-34,69,-35,71,-37,67,0,0]"
CSI_DATA,294,1a:00:00:00:00:00,-47,11,1,0,1,1,1,0,0,0,1,-96,0,11,2,4198335,0,44,0,384,0,"[0,0,0,0,0,0,0,0,0,0,0,0,4,10,4,10,4,9,4,9,3,9,3,8,3,8,2,7,2,7,2,7,2,6,2,6,2,5,2,5,2,4,2,4,2,3,2,3,2,3,1,2,1,2,1,1,1,1,1,1,1,1,1,0,0,0,1,0,1,-1,2,-1,1,-1,2,-1,2,-2,2,-2,2,-2,2,-2,2,-2,2,-2,2,-2,2,-3,2,-2,2,-3,2,-3,2,-3,2,-3,2,-3,2,-3,2,-2,3,-2,3,-2,3,-2,3,-2,3,-1,0,0,0,0,0,0,0,0,0,0,0,0,0,0,23,70,24,65,25,67,22,66,17,62,19,67,13,57,15,59,15,52,13,56,11,48,10,46,12,43,8,40,12,39,8,38,9,35,11,31,7,30,11,26,9,24,5,25,8,21,7,16,6,14,6,14,7,9,6,7,9,6,10,6,10,1,12,1,7,0,9,-3,12,-3,10,-5,11,-4,14,-6,15,-8,15,-6,15,-11,12,-7,16,-10,14,-8,16,-8,16,-9,17,-8,15,-11,16,-10,19,-10,18,-7,17,-11,20,-6,21,-6,22,-4,20,-4,18,-2,0,0,0,0,0,0,0,0,0,0,0,0,0,0,0,0,0,0,0,0,0,0,-41,36,-49,37,-51,28,-60,29,-60,26,-63,21,-62,19,-63,17,-67,13,-65,11,-73,6,-73,5,-77,5,-76,2,-77,-1,-72,-7,-77,-7,-74,-7,-78,-9,-77,-14,-73,-14,-75,-13,-71,-14,-69,-13,-68,-18,-69,-16,-68,-18,-69,-18,-61,-17,-64,-14,-59,-12,-65,-11,-60,-12,-60,-12,-56,-7,-59,-4,-56,1,-56,-1,-56,1,-56,1,-55,5,-51,11,-50,14,-52,15,-54,19,-55,20,-59,21,-54,24,-54,24,-56,27,-58,30,-59,32,-66,33,-60,32,-67,34,-68,34,-67,34,0,0]"
CSI_DATA,295,1a:00:00:00:00:00,-47,11,1,0,1,1,1,0,0,0,1,-96,0,11,2,4216562,0,44,0,384,0,"[0,0,0,0,0,0,0,0,0,0,0,0,-7,9,-7,9,-6,9,-6,8,-6,8,-6,8,-6,7,-5,7,-5,6,-5,5,-5,6,-4,5,-4,5,-3,4,-3,4,-3,4,-3,4,-2,3,-2,3,-2,2,-2,2,-1,2,-1,2,-1,1,0,1,0,1,0,0,0,1,1,0,1,0,1,1,1,0,2,0,2,0,2,0,2,0,2,1,2,0,2,0,2,0,2,0,3,1,2,0,3,0,3,1,3,1,3,1,3,1,3,1,3,1,3,1,2,2,2,2,0,0,0,0,0,0,0,0,0,0,0,0,0,0,-32,64,-40,65,-31,64,-30,63,-32,58,-33,52,-32,57,-30,53,-29,51,-27,46,-27,46,-26,40,-23,40,-24,37,-21,32,-19,33,-20,29,-19,27,-16,28,-12,24,-12,22,-12,21,-7,19,-8,20,-7,17,-4,14,-2,13,0,12,-1,12,4,8,8,6,4,8,9,6,8,6,8,4,8,6,10,2,12,4,12,2,14,2,18,4,13,2,18,1,14,3,19,-1,17,1,22,0,19,2,20,3,18,3,23,2,23,2,19,5,20,5,19,9,21,9,17,12,0,0,0,0,0,0,0,0,0,0,0,0,0,0,0,0,0,0,0,0,0,0,-54,-17,-53,-25,-55,-27,-58,-34,-56,-37,-51,-41,-48,-43,-49,-44,-48,-50,-46,-51,-45,-56,-46,-58,-43,-57,-41,-63,-40,-60,-44,-65,1,-54,-39,-66,-39,-65,-34,-67,-36,-64,-30,-72,-32,-67,-29,-69,-28,-67,-25,-65,-30,-66,-27,-64,-26,-62,-30,-60,-27,-57,-28,-57,-29,-55,-31,-52,-32,-50,-29,-50,-32,-45,-35,-44,-35,-40,-39,-39,-39,-37,-43,-35,-44,-33,-45,-30,-46,-29,-55,-30,-51,-25,-55,-22,-55,-25,-61,-24,-57,-23,-67,-23,-67,-26,-71,-22,-72,-27,-73,-26,-73,-27,0,0]"
CSI_DATA,296,1a:00:00:00:00:00,-47,11,1,0,1,1,1,0,0,0,1,-96,0,11,2,4226654,0,44,0,384,0,"[0,0,0,0,0,0,0,0,0,0,0,0,12,1,11,1,11,1,10,1,10,1,9,1,9,1,8,1,8,1,8,1,7,0,7,0,6,0,6,0,5,0,5,0,4,0,4,0,3,0,3,0,3,-1,2,-1,2,-1,2,-1,1,-1,1,-2,0,0,0,-2,0,-2,0,-2,0,-3,0,-3,0,-3,0,-3,-1,-3,-1,-3,-1,-4,-1,-4,-1,-3,-1,-4,-1,-4,-1,-4,-1,-4,-1,-4,-1,-4,-1,-4,0,-4,-1,-5,0,-4,0,-4,0,-4,1,-5,1,-4,0,0,0,0,0,0,0,0,0,0,0,0,0,0,71,11,69,13,69,15,68,16,64,11,63,13,59,12,59,13,52,17,53,13,49,13,48,14,42,10,42,15,38,10,35,8,35,8,30,7,28,5,30,3,26,1,23,1,19,2,19,0,15,2,14,-1,14,-4,11,-1,10,-7,9,-4,6,-10,6,-9,4,-10,2,-13,1,-11,1,-15,0,-14,1,-16,-2,-16,1,-14,-4,-13,0,-17,0,-20,-2,-19,-3,-20,-1,-18,-1,-21,-2,-21,-3,-20,0,-21,-1,-21,-1,-26,0,-22,1,-21,4,-20,6,-20,6,-20,0,0,0,0,0,0,0,0,0,0,0,0,0,0,0,0,0,0,0,0,0,0,1,55,-5,58,-7,58,-14,61,-21,60,-19,59,-26,60,-32,58,-33,59,-36,59,-37,59,-41,58,-44,60,-46,61,-47,61,-47,61,-52,57,-50,54,-54,55,-55,52,-54,52,-58,52,-57,48,-59,48,-56,46,-56,50,-54,45,-53,44,-49,46,-51,44,-46,44,-43,43,-46,43,-42,45,-41,43,-36,45,-34,41,-30,43,-27,47,-28,49,-25,50,-21,52,-19,53,-14,55,-15,54,-14,59,-12,57,-7,58,-6,66,-8,61,-2,64,-5,68,-3,70,-6,70,-3,75,-9,75,-6,75,0,0]"
CSI_DATA,297,1a:00:00:00:00:00,-47,11,1,0,1,1,1,0,0,0,1,-96,0,11,2,4236577,0,44,0,384,0,"[0,0,0,0,0,0,0,0,0,0,0,0,6,-10,6,-9,6,-9,6,-8,6,-8,5,-8,5,-7,5,-7,5,-7,4,-6,4,-6,4,-6,3,-5,3,-5,3,-4,3,-4,2,-4,2,-4,2,-4,1,-3,1,-3,1,-3,0,-3,0,-2,0,-2,-1,-2,0,0,-1,-2,-1,-2,-2,-2,-2,-2,-2,-2,-2,-1,-2,-2,-3,-2,-3,-2,-3,-2,-3,-2,-3,-2,-3,-2,-3,-2,-3,-2,-3,-2,-3,-2,-3,-2,-3,-2,-3,-2,-3,-3,-3,-3,-3,-3,-3,-3,-3,-3,-2,-4,0,0,0,0,0,0,0,0,0,0,0,0,0,0,41,-60,45,-60,43,-57,41,-54,45,-52,42,-45,44,-46,39,-44,33,-40,32,-40,36,-40,32,-36,31,-34,32,-31,27,-31,27,-26,22,-27,22,-24,22,-25,17,-21,16,-21,12,-15,11,-15,11,-16,10,-15,8,-15,5,-14,4,-14,4,-12,-2,-11,-5,-8,-7,-7,-2,-7,-9,-13,-10,-8,-10,-5,-13,-7,-10,-6,-12,-7,-14,-11,-11,-9,-14,-10,-14,-11,-15,-10,-17,-11,-18,-10,-19,-10,-19,-10,-16,-12,-16,-11,-16,-12,-17,-15,-16,-14,-16,-15,-14,-18,-11,-20,-15,-19,0,0,0,0,0,0,0,0,0,0,0,0,0,0,0,0,0,0,0,0,0,0,56,5,57,11,59,16,57,22,55,29,54,30,52,36,56,36,55,42,55,45,52,46,51,51,50,51,54,57,50,57,44,62,45,60,43,62,41,62,38,67,40,65,36,67,32,67,30,63,31,61,31,65,28,64,27,61,26,58,29,58,28,55,27,57,27,53,27,52,30,49,32,48,30,47,33,43,32,42,38,40,41,42,37,36,41,36,44,35,45,31,47,34,49,35,52,25,54,31,57,29,59,26,65,30,62,32,60,29,66,37,65,36,66,39,0,0]"
CSI_DATA,298,1a:00:00:00:00:00,-48,11,1,0,1,1,1,0,0,0,1,-96,0,11,2,4246953,0,44,0,384,0,"[0,0,0,0,0,0,0,0,0,0,0,0,11,2,11,2,10,2,10,2,9,2,9,2,8,2,8,1,7,1,7,1,7,1,6,1,6,1,5,1,5,0,5,0,4,0,3,0,3,0,3,0,3,0,2,-1,2,-1,2,-1,2,-1,1,-1,0,0,0,-2,0,-2,0,-2,0,-2,0,-2,0,-3,0,-3,0,-3,-1,-3,-1,-3,-1,-4,-1,-3,-1,-4,-1,-4,-1,-4,-1,-4,-1,-4,-1,-4,-1,-4,-1,-4,0,-4,0,-4,0,-4,0,-4,0,-4,0,-5,0,0,0,0,0,0,0,0,0,0,0,0,0,0,72,18,74,20,71,16,66,20,66,12,66,18,59,19,57,16,51,19,52,10,47,10,43,13,47,12,42,7,38,10,39,8,37,8,31,7,29,4,26,3,26,1,22,2,17,2,18,-1,17,0,17,-3,13,-2,14,-3,10,-7,8,-6,4,-6,5,-9,2,-10,3,-13,-1,-11,-1,-12,0,-14,-1,-15,-3,-16,-2,-15,-4,-10,-2,-16,-4,-13,-4,-20,-4,-15,-4,-16,-4,-18,-2,-20,-7,-20,-6,-23,-2,-17,-4,-24,-3,-23,-3,-21,0,-22,6,-23,1,-20,0,0,0,0,0,0,0,0,0,0,0,0,0,0,0,0,0,0,0,0,0,0,-14,54,-23,57,-24,54,-29,57,-35,56,-40,54,-41,51,-44,53,-46,55,-50,50,-53,47,-53,46,-58,47,-59,48,-59,48,-62,43,-64,47,-60,42,-64,41,-63,39,-64,39,-69,39,-65,39,-66,38,-66,30,-64,35,-64,33,-64,35,-58,33,-61,37,-56,34,-52,36,-48,34,-48,35,-50,41,-43,36,-43,38,-38,40,-37,41,-32,44,-32,45,-30,48,-27,49,-24,50,-24,51,-18,50,-18,56,-16,58,-18,58,-12,61,-10,65,-14,68,-13,69,-12,68,-13,75,-12,76,-18,74,0,0]"
CSI_DATA,299,1a:00:00:00:00:00,-47,11,1,0,1,1,1,0,0,0,1,-96,0,11,2,4257312,0,44,0,384,0,"[0,0,0,0,0,0,0,0,0,0,0,0,9,7,9,7,8,7,8,7,8,6,7,6,7,5,6,5,6,5,6,5,5,4,5,4,5,4,5,3,4,3,4,3,3,2,3,2,3,2,3,1,3,1,2,1,2,1,2,0,2,0,1,-1,0,0,1,-1,1,-1,1,-2,1,-2,1,-2,1,-3,1,-3,1,-3,0,-3,1,-3,1,-3,1,-3,1,-3,1,-4,1,-3,1,-4,1,-4,1,-4,1,-4,1,-4,1,-4,2,-4,2,-4,2,-4,2,-4,3,-3,0,0,0,0,0,0,0,0,0,0,0,0,0,0,60,47,57,47,56,46,55,47,46,45,48,45,38,40,42,42,39,37,33,39,35,37,33,34,33,34,30,29,31,30,30,25,23,26,21,21,21,21,20,14,19,16,16,14,17,10,21,12,11,7,13,5,12,5,9,4,10,1,12,2,6,-3,6,-7,5,-7,7,-9,8,-12,5,-12,4,-12,5,-12,10,-12,5,-10,5,-14,6,-13,7,-15,6,-16,8,-19,5,-15,5,-17,6,-20,4,-18,9,-21,6,-19,12,-19,11,-18,12,-18,14,-18,17,-15,15,-15,0,0,0,0,0,0,0,0,0,0,0,0,0,0,0,0,0,0,0,0,0,0,-24,51,-32,53,-36,48,-41,52,-42,46,-48,47,-49,41,-50,43,-56,40,-55,37,-60,36,-64,32,-65,39,-67,32,-73,32,-67,32,-77,28,-73,26,-74,26,-72,23,-71,17,-74,23,-72,17,-72,18,-69,15,-73,16,-70,16,-72,16,-65,16,-65,16,-58,18,-65,16,-60,19,-55,17,-59,19,-57,22,-50,22,-47,29,-48,30,-47,28,-46,33,-39,31,-46,34,-39,37,-40,38,-40,48,-41,46,-33,48,-36,52,-37,47,-40,51,-34,58,-40,61,-38,59,-42,61,-46,63,-43,63,0,0]"
CSI_DATA,300,1a:00:00:00:00:00,-47,11,1,0,1,1,1,0,0,0,1,-96,0,11,2,4266588,0,44,0,384,0,"[0,0,0,0,0,0,0,0,0,0,0,0,-11,-5,-11,-5,-10,-5,-10,-5,-10,-5,-9,-4,-9,-4,-8,-4,-8,-4,-7,-4,-7,-4,-6,-3,-6,-3,-6,-3,-5,-3,-5,-2,-5,-2,-4,-2,-4,-2,-4,-1,-3,-1,-4,-1,-3,-1,-3,0,-3,0,-2,0,0,0,-1,1,-2,1,-1,1,-1,1,-1,2,-1,2,-1,2,-1,2,-1,2,-1,3,-1,2,-1,2,-1,2,-1,2,-1,3,-1,3,-1,3,-1,3,-1,3,-1,3,-1,3,-2,3,-2,3,-2,3,-2,3,-3,3,0,0,0,0,0,0,0,0,0,0,0,0,0,0,-71,-12,-73,-10,-71,-12,-68,-12,-65,-13,-62,-16,-58,-12,-58,-11,-54,-10,-51,-10,-48,-12,-49,-12,-44,-12,-40,-11,-39,-8,-37,-9,-37,-11,-30,-8,-29,-6,-28,-6,-29,-6,-23,-6,-21,-3,-20,-2,-17,-6,-18,2,-13,1,-13,4,-10,3,-7,5,-7,3,-8,8,-8,6,-6,10,-3,9,-2,12,0,10,-1,15,1,15,4,16,2,14,-1,14,-1,20,-1,15,2,15,2,19,1,17,0,19,0,18,0,21,1,20,-2,24,-1,21,0,21,-4,21,-7,20,-8,22,0,0,0,0,0,0,0,0,0,0,0,0,0,0,0,0,0,0,0,0,0,0,-11,-53,-4,-58,0,-61,3,-64,7,-62,15,-62,17,-65,23,-65,23,-63,25,-65,26,-63,30,-68,33,-65,37,-63,40,-62,38,-66,40,-65,43,-60,45,-62,45,-61,51,-60,53,-55,53,-55,51,-55,50,-54,45,-54,44,-51,45,-48,43,-52,41,-49,43,-46,40,-49,41,-51,41,-43,37,-47,36,-46,31,-45,26,-50,24,-49,23,-48,19,-51,19,-53,19,-54,11,-56,13,-55,11,-53,6,-57,4,-58,4,-65,1,-62,-1,-66,-1,-67,0,-69,-2,-71,-2,-75,2,-77,5,-77,0,0]"
CSI_DATA,301,1a:00:00:00:00:00,-47,11,1,0,1,1,1,0,0,0,1,-96,0,11,2,4276584,0,44,0,384,0,"[0,0,0,0,0,0,0,0,0,0,0,0,3,-12,2,-12,2,-11,2,-11,2,-10,2,-10,2,-9,2,-9,2,-9,1,-8,2,-8,1,-8,1,-7,1,-6,1,-6,1,-6,1,-5,1,-5,0,-4,0,-4,0,-3,0,-3,0,-3,-1,-3,-1,-2,-1,-2,0,0,-2,-2,-2,-1,-3,-1,-2,-1,-3,-1,-3,-1,-3,-1,-3,-1,-3,-1,-3,-1,-3,-1,-4,-1,-4,-1,-4,-1,-3,-1,-3,-1,-4,-1,-4,-1,-4,-1,-4,-1,-4,-1,-4,-2,-4,-2,-4,-2,-4,-2,-3,-3,0,0,0,0,0,0,0,0,0,0,0,0,0,0,26,-72,28,-70,24,-66,27,-62,23,-61,24,-58,24,-58,23,-54,22,-50,23,-48,24,-45,21,-44,22,-43,19,-40,13,-38,15,-33,15,-36,13,-32,13,-28,10,-27,10,-25,9,-26,8,-22,9,-20,5,-19,4,-16,2,-13,1,-15,-3,-11,-4,-11,-6,-9,-8,-9,-3,-5,-7,-8,-12,-4,-11,-5,-14,-4,-10,-2,-11,-3,-15,-2,-17,-4,-16,-6,-19,-4,-15,-3,-17,-2,-17,-2,-18,-2,-19,-5,-20,-8,-17,-9,-21,-5,-24,-9,-22,-8,-20,-7,-18,-11,-18,-11,-17,-12,0,0,0,0,0,0,0,0,0,0,0,0,0,0,0,0,0,0,0,0,0,0,57,-10,57,-1,62,5,61,12,63,17,60,18,60,23,64,27,63,32,62,29,60,34,59,35,65,37,62,43,60,45,56,48,57,49,55,52,54,53,48,54,55,51,51,60,48,54,49,56,47,56,47,55,44,58,44,52,38,51,42,53,39,48,41,46,40,47,42,47,39,43,40,43,41,36,43,33,44,30,45,30,47,26,45,26,48,25,52,24,52,20,55,18,53,17,57,15,58,15,58,14,64,10,67,12,70,9,69,12,74,15,73,14,74,19,0,0]"
CSI_DATA,302,1a:00:00:00:00:00,-47,11,1,0,1,1,1,0,0,0,1,-96,0,11,2,4296679,0,44,0,384,0,"[0,0,0,0,0,0,0,0,0,0,0,0,-3,-12,-3,-12,-3,-11,-3,-11,-3,-10,-3,-10,-2,-10,-2,-9,-2,-9,-2,-8,-2,-8,-2,-7,-2,-7,-2,-6,-2,-6,-1,-6,-2,-5,-1,-5,-2,-4,-2,-4,-2,-3,-2,-3,-1,-3,-2,-2,-2,-2,-2,-2,0,0,-2,-1,-2,-1,-2,0,-2,0,-3,0,-3,0,-3,0,-3,0,-3,1,-3,1,-3,1,-3,1,-3,1,-3,1,-3,1,-3,1,-3,1,-4,1,-4,1,-4,1,-4,1,-4,0,-4,0,-4,0,-4,0,-4,-1,0,0,0,0,0,0,0,0,0,0,0,0,0,0,-14,-75,-13,-71,-14,-67,-9,-67,-8,-63,-9,-62,-8,-59,-8,-62,-8,-56,-8,-50,-3,-54,-4,-50,-3,-47,-1,-43,-4,-42,-10,-39,-6,-37,-6,-33,-1,-31,-2,-29,-6,-27,-4,-24,-8,-20,-6,-17,-4,-19,-2,-17,-6,-11,-9,-11,-7,-10,-6,-8,-8,-7,-10,-5,-9,2,-9,-3,-12,0,-13,0,-12,-2,-11,1,-11,1,-13,2,-16,4,-14,4,-14,6,-16,8,-16,6,-17,5,-20,3,-19,8,-19,5,-20,5,-22,3,-19,1,-23,0,-18,1,-20,-1,-27,0,-19,-3,0,0,0,0,0,0,0,0,0,0,0,0,0,0,0,0,0,0,0,0,0,0,39,-38,46,-36,50,-31,59,-27,56,-26,61,-19,62,-13,64,-14,66,-12,68,-10,71,-10,73,-4,74,-6,75,-1,72,0,76,3,76,9,76,11,78,13,75,17,73,19,74,19,74,17,74,19,70,17,73,18,68,18,70,19,66,18,67,17,65,18,64,19,61,19,59,14,59,14,57,13,57,8,55,2,59,1,56,-1,56,2,53,-4,57,-6,58,-7,58,-9,55,-10,55,-11,58,-17,58,-17,54,-19,62,-27,64,-27,63,-25,66,-25,61,-27,71,-28,74,-23,0,0]"
CSI_DATA,303,1a:00:00:00:00:00,-47,11,1,0,1,1,1,0,0,0,1,-96,0,11,2,4316568,0,44,0,384,0,"[0,0,0,0,0,0,0,0,0,0,0,0,-11,-4,-11,-4,-10,-4,-10,-5,-10,-4,-9,-4,-9,-4,-8,-3,-8,-4,-8,-4,-7,-3,-7,-3,-6,-3,-6,-3,-6,-2,-5,-2,-5,-2,-4,-2,-4,-1,-4,-2,-4,-1,-3,-1,-3,-1,-3,-1,-2,0,-2,0,0,0,-1,1,-2,1,-2,1,-1,1,-1,1,-1,1,-1,2,-1,2,-1,2,0,2,-1,2,-1,2,-1,2,-1,2,-1,3,0,3,-1,3,-1,3,0,3,-1,3,-1,3,-1,3,-1,3,-2,3,-2,3,-3,3,0,0,0,0,0,0,0,0,0,0,0,0,0,0,-72,-31,-61,-34,-67,-32,-62,-33,-58,-33,-60,-34,-56,-30,-54,-31,-49,-34,-47,-27,-45,-25,-45,-29,-38,-24,-39,-21,-38,-23,-33,-20,-32,-19,-31,-17,-27,-14,-27,-14,-27,-14,-23,-11,-19,-9,-18,-5,-19,-6,-18,-7,-14,-2,-14,-5,-11,0,-9,4,-11,2,-11,2,-5,3,-8,7,-2,9,-7,8,-4,14,-4,10,-6,14,-3,14,-5,14,-2,16,-5,18,-4,18,-6,19,-5,19,-2,19,-3,21,-3,18,-5,23,-6,21,-6,22,-5,22,-8,20,-11,20,-12,19,-14,18,0,0,0,0,0,0,0,0,0,0,0,0,0,0,0,0,0,0,0,0,0,0,3,-54,12,-58,16,-58,20,-63,27,-60,32,-57,32,-56,37,-58,38,-53,43,-59,51,-56,51,-55,52,-60,55,-56,55,-60,55,-49,92,-18,65,-50,68,-48,61,-47,67,-42,66,-42,65,-41,67,-38,65,-38,67,-40,64,-37,65,-37,58,-37,61,-34,57,-35,57,-37,52,-36,52,-38,50,-37,47,-36,44,-38,44,-37,39,-37,36,-44,39,-39,35,-48,32,-50,29,-47,26,-50,27,-53,26,-57,24,-57,20,-61,23,-60,23,-63,22,-64,22,-70,19,-68,23,-74,27,-75,22,-75,0,0]"
CSI_DATA,304,1a:00:00:00:00:00,-47,11,1,0,1,1,1,0,0,0,1,-96,0,11,2,4326580,0,44,0,384,0,"[0,0,0,0,0,0,0,0,0,0,0,0,8,-8,8,-8,7,-7,7,-7,7,-7,7,-7,7,-6,6,-6,6,-6,5,-5,5,-5,5,-5,4,-5,4,-4,3,-4,3,-4,3,-4,2,-4,2,-3,2,-3,1,-3,1,-2,1,-3,0,-2,0,-2,0,-2,0,0,-1,-2,-1,-2,-1,-2,-2,-2,-2,-2,-2,-2,-2,-2,-3,-2,-3,-2,-2,-2,-3,-2,-3,-2,-3,-2,-3,-2,-3,-2,-3,-2,-3,-2,-3,-2,-3,-2,-3,-2,-3,-3,-3,-3,-4,-3,-3,-3,-3,-3,-3,-3,0,0,0,0,0,0,0,0,0,0,0,0,0,0,25,-23,27,-24,23,-25,25,-23,24,-23,24,-19,25,-21,21,-18,23,-18,20,-16,18,-16,18,-17,17,-16,17,-16,15,-15,13,-13,14,-12,11,-12,11,-11,9,-11,8,-10,9,-10,6,-8,5,-8,3,-8,3,-8,5,-7,3,-7,1,-6,-1,-5,-2,-4,-3,-4,-3,-4,-4,-3,-5,-7,-5,-4,-5,-4,-5,-3,-8,-4,-8,-3,-7,-4,-8,-4,-7,-3,-8,-3,-10,-3,-9,-3,-9,-3,-9,-2,-10,-3,-9,-5,-10,-5,-10,-5,-11,-6,-10,-5,-9,-7,-9,-6,-7,-8,0,0,0,0,0,0,0,0,0,0,0,0,0,0,0,0,0,0,0,0,0,0,20,17,18,20,18,24,15,24,16,27,13,29,12,28,11,29,11,31,10,32,9,34,9,35,8,35,8,35,6,34,5,38,4,37,5,39,4,36,3,39,0,38,1,37,0,39,0,36,-1,36,0,35,0,36,0,33,1,33,1,32,1,31,2,31,0,32,2,29,2,30,4,29,6,27,7,26,8,25,9,26,10,25,13,23,13,23,14,25,14,23,14,21,17,21,20,21,21,21,21,22,24,23,25,22,24,23,27,22,27,22,25,26,27,26,0,0]"
CSI_DATA,305,1a:00:00:00:00:00,-48,11,1,0,1,1,1,0,0,0,1,-96,0,11,2,4336955,0,44,0,384,0,"[0,0,0,0,0,0,0,0,0,0,0,0,11,0,10,0,10,0,10,1,9,1,9,1,8,0,8,1,7,0,7,1,7,0,6,0,6,0,5,0,5,0,5,0,4,0,3,-1,3,-1,3,-1,3,-1,2,-1,2,-1,2,-1,1,-1,1,-2,0,0,0,-2,0,-2,0,-2,0,-2,0,-2,-1,-2,-1,-3,-1,-3,-1,-3,-1,-3,-1,-3,-1,-3,-1,-3,-1,-3,-1,-3,-2,-4,-1,-4,-2,-4,-1,-4,-1,-4,-1,-4,-1,-4,-1,-4,-1,-4,0,-4,0,-4,0,0,0,0,0,0,0,0,0,0,0,0,0,0,72,11,71,15,65,13,62,17,62,13,59,15,57,12,55,10,52,14,50,15,49,13,45,13,43,12,39,11,37,10,39,6,37,9,30,8,30,6,28,7,26,3,25,3,20,1,18,1,18,2,14,-3,13,-2,10,-1,7,-7,7,-7,6,-7,3,-7,0,-10,2,-10,1,-11,-2,-9,-2,-8,-1,-13,0,-16,-1,-14,-1,-15,-6,-16,-5,-19,-5,-18,-5,-19,-3,-20,-3,-19,-4,-18,-3,-19,-5,-22,-4,-21,-2,-24,-1,-20,-3,-19,3,-19,2,-23,4,-22,0,0,0,0,0,0,0,0,0,0,0,0,0,0,0,0,0,0,0,0,0,0,4,52,-3,57,-9,61,-15,61,-18,61,-20,59,-27,57,-29,54,-31,58,-33,61,-39,60,-40,59,-39,56,-42,59,-45,59,-47,58,-48,57,-52,57,-50,55,-54,52,-53,50,-59,53,-59,53,-53,50,-56,46,-55,49,-50,45,-52,43,-50,45,-47,46,-49,41,-42,44,-45,43,-43,42,-44,42,-39,43,-38,43,-34,45,-30,44,-27,47,-27,50,-21,52,-24,51,-16,51,-16,50,-13,57,-15,57,-13,57,-7,60,-10,67,-7,62,-5,67,-11,64,-5,66,-7,73,-9,70,-7,75,0,0]"
CSI_DATA,306,1a:00:00:00:00:00,-48,11,1,0,1,1,1,0,0,0,1,-96,0,11,2,4346971,0,44,0,384,0,"[0,0,0,0,0,0,0,0,0,0,0,0,-6,10,-6,10,-6,9,-6,8,-6,8,-6,8,-5,7,-5,7,-5,7,-5,6,-5,6,-5,6,-4,5,-4,4,-4,4,-3,4,-3,4,-2,3,-2,3,-2,3,-2,2,-1,2,-1,2,-1,2,-1,1,0,2,0,0,0,1,1,0,1,0,1,1,2,0,1,0,2,0,2,0,2,0,2,0,2,0,3,0,2,0,3,0,2,0,3,1,3,0,3,1,3,1,3,1,3,1,3,1,3,1,3,2,2,2,2,2,0,0,0,0,0,0,0,0,0,0,0,0,0,0,-42,61,-40,60,-39,56,-42,52,-40,54,-38,51,-37,46,-37,47,-34,42,-29,41,-31,40,-31,37,-28,36,-26,34,-25,34,-24,27,-22,27,-20,28,-20,26,-20,23,-15,23,-12,18,-8,17,-8,18,-9,16,-8,13,-4,11,-7,8,1,12,2,12,0,11,3,6,7,5,2,8,9,5,8,5,10,4,11,6,15,2,12,6,12,6,14,4,16,5,15,1,17,3,20,5,19,4,16,8,20,4,19,7,21,7,22,6,18,8,18,8,17,13,14,12,14,12,0,0,0,0,0,0,0,0,0,0,0,0,0,0,0,0,0,0,0,0,0,0,-54,-13,-52,-17,-55,-22,-56,-32,-52,-37,-51,-36,-50,-43,-48,-40,-49,-48,-50,-48,-45,-49,-47,-55,-48,-56,-44,-58,-42,-62,-40,-63,-39,-64,-39,-64,-40,-64,-36,-70,-33,-74,-33,-71,-36,-67,-30,-70,-31,-70,-28,-66,-29,-65,-28,-63,-25,-62,-28,-61,-27,-62,-26,-58,-28,-58,-29,-54,-28,-54,-28,-49,-33,-47,-29,-48,-34,-43,-34,-41,-36,-40,-38,-39,-42,-38,-44,-37,-45,-33,-45,-34,-47,-34,-51,-29,-55,-35,-56,-31,-58,-29,-61,-31,-59,-32,-59,-29,-63,-33,-66,-34,-68,-34,0,0]"
CSI_DATA,307,1a:00:00:00:00:00,-48,11,1,0,1,1,1,0,0,0,1,-96,0,11,2,4356647,0,44,0,384,0,"[0,0,0,0,0,0,0,0,0,0,0,0,7,-9,7,-9,6,-8,7,-7,6,-7,6,-7,6,-7,6,-6,5,-6,5,-6,4,-6,4,-6,4,-5,3,-5,3,-4,3,-4,2,-4,2,-4,1,-3,1,-3,1,-3,1,-3,0,-3,0,-2,0,-2,0,-2,0,0,-1,-2,-1,-2,-2,-2,-2,-2,-2,-1,-2,-2,-2,-2,-2,-2,-3,-2,-3,-2,-3,-2,-3,-1,-3,-1,-3,-1,-3,-2,-3,-2,-4,-2,-3,-2,-3,-2,-4,-2,-4,-2,-3,-2,-3,-2,-4,-2,-3,-3,-3,-3,0,0,0,0,0,0,0,0,0,0,0,0,0,0,54,-49,53,-47,54,-48,48,-42,49,-38,48,-40,48,-40,49,-38,43,-35,44,-33,42,-29,35,-32,37,-30,34,-25,34,-24,27,-24,30,-23,29,-23,24,-20,16,-18,19,-18,16,-16,16,-14,14,-15,10,-13,11,-14,5,-8,4,-11,7,-11,1,-12,-1,-9,-2,-9,-5,-8,-5,-10,-7,-8,-7,-8,-7,-9,-10,-7,-10,-8,-12,-11,-10,-10,-15,-8,-13,-9,-14,-10,-12,-8,-19,-13,-16,-10,-17,-9,-15,-12,-16,-12,-17,-14,-16,-13,-19,-12,-13,-11,-17,-15,-14,-21,-11,-19,0,0,0,0,0,0,0,0,0,0,0,0,0,0,0,0,0,0,0,0,0,0,52,23,48,29,47,38,50,39,46,41,39,45,39,50,38,49,39,56,33,58,31,59,31,62,32,65,32,68,27,70,25,67,24,72,23,73,23,68,16,73,19,72,18,76,14,73,11,72,10,73,12,71,9,68,9,72,10,66,11,67,12,63,9,61,12,60,16,58,12,61,19,58,17,54,20,53,20,49,21,50,24,50,27,44,30,43,30,43,33,41,34,39,41,43,42,40,46,45,45,43,46,42,49,39,55,44,51,38,57,46,54,45,52,49,0,0]"
CSI_DATA,308,1a:00:00:00:00:00,-47,11,1,0,1,1,1,0,0,0,1,-96,0,11,2,4366698,0,44,0,384,0,"[0,0,0,0,0,0,0,0,0,0,0,0,-6,9,-7,9,-6,8,-6,8,-6,7,-6,7,-5,7,-5,7,-5,6,-5,6,-5,6,-4,5,-4,5,-4,4,-3,4,-3,4,-3,3,-2,4,-2,3,-2,2,-1,2,-1,2,-1,2,-1,1,-1,1,0,2,0,0,0,1,0,0,1,0,1,1,1,0,1,0,2,0,2,0,2,1,2,0,2,0,2,0,2,0,3,0,2,0,3,0,3,0,3,0,3,0,3,1,3,0,3,0,3,1,3,1,3,1,3,2,0,0,0,0,0,0,0,0,0,0,0,0,0,0,-41,61,-37,56,-39,60,-41,56,-38,52,-37,49,-33,45,-34,48,-30,43,-32,42,-29,43,-29,40,-25,36,-24,34,-23,28,-22,29,-21,29,-19,29,-17,26,-14,25,-15,21,-13,19,-10,16,-7,16,-6,18,-4,13,-2,10,-5,13,0,8,1,10,3,5,3,6,5,4,6,2,11,4,8,2,11,2,11,4,13,2,13,4,15,5,14,2,15,2,17,3,19,3,17,-2,19,2,17,0,19,4,19,3,19,4,19,5,18,3,19,6,20,6,19,10,14,11,0,0,0,0,0,0,0,0,0,0,0,0,0,0,0,0,0,0,0,0,0,0,-50,-19,-55,-25,-50,-26,-53,-36,-48,-38,-51,-44,-46,-44,-46,-45,-45,-52,-42,-50,-42,-56,-43,-57,-43,-59,-42,-65,-42,-66,-35,-61,-38,-70,-34,-67,-35,-71,-30,-71,-33,-68,-31,-73,-25,-67,-28,-69,-26,-69,-26,-70,-23,-67,-31,-68,-19,-63,-26,-65,-25,-57,-25,-61,-28,-59,-28,-56,-26,-52,-27,-54,-29,-49,-32,-43,-35,-43,-36,-45,-38,-42,-37,-37,-42,-38,-41,-36,-45,-40,-49,-33,-50,-31,-51,-29,-54,-29,-55,-29,-58,-31,-59,-30,-62,-36,-57,-29,-63,-30,-66,-33,-65,-34,0,0]"
CSI_DATA,309,1a:00:00:00:00:00,-48,11,1,0,1,1,1,0,0,0,1,-96,0,11,2,4386571,0,44,0,384,0,"[0,0,0,0,0,0,0,0,0,0,0,0,8,8,7,7,7,7,7,7,7,7,6,6,6,6,5,6,5,5,5,5,4,5,4,4,4,4,4,4,3,3,3,3,3,3,2,2,2,2,2,2,2,2,2,1,1,1,2,0,1,0,1,0,0,0,1,-1,1,-1,1,-1,1,-2,1,-2,1,-2,1,-2,1,-2,0,-3,0,-3,1,-3,1,-3,1,-3,1,-3,1,-3,1,-3,1,-3,1,-4,1,-4,1,-4,1,-4,2,-4,2,-3,2,-3,2,-3,3,-3,0,0,0,0,0,0,0,0,0,0,0,0,0,0,43,59,40,56,45,58,37,55,36,53,34,54,33,51,30,49,28,45,29,44,28,44,23,43,24,41,22,36,22,34,22,32,20,30,15,26,17,25,17,23,15,22,17,18,14,17,10,15,8,9,11,10,11,9,6,4,8,6,9,4,6,-3,9,1,7,-7,9,-8,6,-6,7,-8,5,-11,5,-8,6,-12,10,-11,11,-9,8,-15,8,-17,5,-14,8,-18,7,-12,7,-18,9,-15,6,-18,8,-18,12,-18,12,-20,13,-18,14,-19,18,-15,17,-14,21,-15,0,0,0,0,0,0,0,0,0,0,0,0,0,0,0,0,0,0,0,0,0,0,-35,45,-42,44,-47,36,-51,38,-56,34,-58,33,-61,27,-64,26,-66,22,-66,23,-71,24,-72,19,-73,18,-74,15,-75,12,-76,11,-81,13,-78,7,-80,9,-82,2,-80,2,-79,2,-76,-1,-76,0,-75,-1,-76,1,-70,-3,-72,-5,-70,-2,-70,1,-66,2,-70,0,-64,2,-62,4,-64,4,-60,6,-58,9,-58,12,-57,14,-53,16,-54,17,-50,21,-53,26,-51,26,-53,25,-50,30,-49,30,-49,36,-52,39,-49,34,-49,40,-48,45,-56,49,-51,47,-53,52,-56,50,-56,49,0,0]"
CSI_DATA,310,1a:00:00:00:00:00,-48,11,1,0,1,1,1,0,0,0,1,-96,0,11,2,4396589,0,44,0,384,0,"[0,0,0,0,0,0,0,0,0,0,0,0,-10,5,-10,5,-9,4,-9,4,-9,4,-8,4,-8,4,-7,4,-7,3,-7,3,-7,3,-6,3,-6,2,-6,2,-5,2,-5,2,-4,2,-4,2,-3,2,-3,2,-3,1,-2,1,-2,1,-2,1,-1,1,-1,1,0,0,0,1,0,1,0,1,1,1,0,1,1,1,1,1,1,0,2,1,2,1,2,1,1,1,2,1,2,1,2,1,2,1,2,1,2,2,2,1,2,2,2,2,2,2,2,2,2,2,2,2,1,3,0,0,0,0,0,0,0,0,0,0,0,0,0,0,-58,49,-59,45,-55,45,-53,45,-54,44,-50,37,-49,37,-47,34,-47,36,-40,30,-42,33,-39,29,-36,30,-36,27,-33,25,-31,26,-29,24,-25,19,-26,20,-24,19,-21,17,-20,16,-15,14,-13,12,-9,12,-9,12,-7,12,-6,11,-5,8,-2,10,2,8,0,6,2,5,6,5,5,8,9,6,10,4,14,4,11,4,10,4,14,4,12,6,14,5,14,7,12,5,17,6,19,5,17,8,17,7,16,7,16,2,20,10,17,8,20,11,19,12,17,15,15,13,0,0,0,0,0,0,0,0,0,0,0,0,0,0,0,0,0,0,0,0,0,0,-44,-40,-38,-42,-40,-52,-35,-53,-31,-59,-25,-58,-27,-61,-20,-64,-20,-63,-16,-71,-16,-72,-16,-72,-13,-74,-13,-74,-7,-72,-10,-80,-10,-78,-4,-83,-7,-72,1,-78,-4,-80,2,-83,3,-84,6,-75,3,-78,1,-75,6,-75,3,-69,0,-74,1,-66,2,-68,-3,-66,0,-65,-4,-64,-6,-61,-6,-59,-12,-61,-11,-57,-13,-56,-17,-55,-19,-51,-22,-52,-21,-51,-26,-54,-27,-46,-34,-54,-35,-47,-35,-47,-38,-49,-43,-50,-41,-47,-47,-48,-49,-50,-46,-51,-51,-50,-51,-51,-54,-58,0,0]"
CSI_DATA,311,1a:00:00:00:00:00,-48,11,1,0,1,1,1,0,0,0,1,-96,0,11,2,4426590,0,44,0,384,0,"[0,0,0,0,0,0,0,0,0,0,0,0,9,5,9,5,8,5,8,5,7,5,7,4,6,4,6,4,6,4,5,3,5,3,5,3,5,3,5,2,4,2,4,2,4,1,3,1,3,1,3,1,2,0,2,0,2,0,2,0,1,0,1,-1,0,0,0,-1,0,-1,0,-1,0,-2,0,-2,0,-2,0,-3,0,-2,0,-3,-1,-3,0,-3,0,-3,0,-3,0,-3,0,-3,-1,-4,-1,-3,0,-4,0,-4,0,-4,-1,-4,0,-4,0,-4,1,-4,1,-4,1,-4,0,0,0,0,0,0,0,0,0,0,0,0,0,0,70,20,72,18,66,21,63,21,64,23,60,20,57,20,56,24,50,20,47,18,47,15,41,14,43,13,39,16,37,17,37,15,33,12,29,9,28,7,29,8,24,8,20,9,22,5,16,4,13,5,16,-1,18,-2,8,-6,7,-2,12,-5,6,-6,7,-4,1,-8,2,-9,0,-6,0,-9,1,-13,-1,-11,0,-14,-4,-14,-2,-16,-2,-14,-2,-15,1,-17,-2,-18,-4,-16,-5,-19,-1,-20,-5,-21,-6,-18,-3,-21,-2,-19,-1,-21,2,-22,4,-22,4,-21,4,-23,0,0,0,0,0,0,0,0,0,0,0,0,0,0,0,0,0,0,0,0,0,0,-2,59,-8,57,-15,63,-17,60,-25,56,-26,56,-28,59,-32,56,-34,62,-40,58,-46,57,-47,55,-51,56,-52,53,-51,52,-53,57,-53,54,-58,55,-57,52,-60,53,-58,50,-59,52,-61,48,-62,43,-67,41,-59,42,-64,38,-59,41,-57,44,-54,42,-51,41,-51,40,-47,41,-49,41,-45,44,-44,40,-45,43,-40,42,-38,40,-34,45,-32,44,-31,51,-25,49,-30,49,-24,51,-20,50,-22,52,-14,61,-11,63,-17,60,-17,62,-15,64,-15,66,-11,70,-15,71,-13,72,-17,76,0,0]"
CSI_DATA,312,1a:00:00:00:00:00,-48,11,1,0,1,1,1,0,0,0,1,-96,0,11,2,4436980,0,44,0,384,0,"[0,0,0,0,0,0,0,0,0,0,0,0,-6,10,-6,9,-6,9,-6,9,-5,9,-6,8,-5,8,-5,7,-5,7,-4,6,-4,6,-4,6,-4,5,-3,5,-3,4,-3,4,-2,4,-2,4,-2,3,-2,3,-2,2,-1,2,-1,2,-1,1,-1,1,0,1,0,0,0,1,0,0,1,0,1,0,1,0,1,-1,2,0,2,-1,2,0,2,0,2,0,2,-1,2,-1,2,-1,3,-1,2,-1,3,-1,3,-1,3,0,3,0,3,0,3,0,3,0,4,0,3,1,3,1,0,0,0,0,0,0,0,0,0,0,0,0,0,0,-29,65,-31,65,-27,63,-30,63,-28,59,-27,56,-27,54,-27,51,-25,51,-22,49,-22,41,-20,42,-19,41,-18,38,-19,34,-14,31,-17,32,-11,29,-15,26,-13,26,-10,25,-7,21,-9,23,-5,21,-7,15,-4,13,1,14,-1,12,-2,10,2,6,3,7,4,6,6,1,6,5,4,0,9,3,12,0,9,-1,12,-2,14,0,13,-1,15,2,13,-4,18,-4,18,-1,15,-2,17,-2,17,-5,17,-4,16,-3,18,-2,19,0,22,-1,20,2,21,3,23,5,18,6,0,0,0,0,0,0,0,0,0,0,0,0,0,0,0,0,0,0,0,0,0,0,-55,-12,-55,-17,-57,-22,-58,-27,-55,-32,-56,-35,-54,-39,-53,-41,-54,-44,-55,-48,-52,-49,-51,-52,-53,-55,-50,-57,-43,-59,-46,-58,-50,-60,-48,-62,-45,-60,-44,-67,-43,-71,-42,-64,-39,-70,-35,-67,-36,-66,-38,-65,-34,-65,-36,-62,-36,-62,-36,-58,-31,-57,-37,-56,-33,-51,-35,-52,-35,-51,-38,-51,-37,-48,-41,-46,-38,-42,-40,-38,-44,-37,-45,-37,-46,-35,-50,-33,-49,-29,-55,-27,-54,-26,-55,-26,-57,-22,-62,-22,-63,-22,-63,-26,-64,-22,-71,-22,-71,-19,-70,-22,-69,-22,0,0]"
CSI_DATA,313,1a:00:00:00:00:00,-48,11,1,0,1,1,1,0,0,0,1,-96,0,11,2,4446630,0,44,0,384,0,"[0,0,0,0,0,0,0,0,0,0,0,0,-2,-12,-2,-11,-2,-11,-2,-10,-2,-10,-1,-9,-1,-9,-1,-9,-1,-9,-1,-8,-1,-7,-1,-7,-1,-7,-1,-6,-1,-6,-1,-6,-1,-5,-1,-5,-2,-4,-1,-3,-1,-3,-2,-3,-1,-3,-1,-2,-1,-2,-1,-2,0,0,-2,-1,-2,-1,-2,0,-2,-1,-2,0,-2,0,-2,1,-3,0,-2,0,-2,1,-3,1,-3,1,-3,1,-3,1,-3,1,-3,1,-3,1,-3,1,-3,1,-3,1,-4,1,-4,1,-4,0,-4,0,-4,0,-4,0,0,0,0,0,0,0,0,0,0,0,0,0,0,0,-13,-75,-13,-72,-15,-71,-13,-67,-13,-64,-9,-61,-9,-63,-12,-59,-7,-55,-7,-52,-6,-49,-11,-50,-6,-45,-7,-41,-5,-42,-7,-39,-2,-34,-6,-33,-8,-31,-6,-33,-8,-26,-5,-22,-8,-20,-6,-16,-5,-20,-4,-16,-6,-12,-5,-11,-6,-4,-10,-9,-8,-7,-9,-3,-5,-1,-6,0,-8,2,-8,3,-11,3,-13,4,-12,4,-15,8,-13,11,-12,10,-12,11,-13,10,-13,9,-15,11,-13,8,-16,11,-15,12,-15,13,-17,12,-16,12,-19,14,-19,9,-20,5,-24,7,-25,4,0,0,0,0,0,0,0,0,0,0,0,0,0,0,0,0,0,0,0,0,0,0,53,-24,52,-19,58,-18,62,-10,63,-4,62,-3,66,-3,68,3,68,5,67,6,67,12,71,12,72,13,74,19,71,19,71,21,72,25,77,21,71,25,71,29,74,31,71,35,73,32,69,37,64,36,68,33,65,37,63,33,59,30,61,29,62,29,57,25,59,26,56,23,58,21,60,18,55,11,54,15,54,14,55,8,55,10,56,3,53,1,56,-1,56,-4,51,-5,57,-10,59,-15,59,-13,61,-17,59,-14,60,-20,69,-21,69,-20,68,-20,69,-21,72,-20,0,0]"
CSI_DATA,314,1a:00:00:00:00:00,-48,11,1,0,1,1,1,0,0,0,1,-96,0,11,2,4456560,0,44,0,384,0,"[0,0,0,0,0,0,0,0,0,0,0,0,-12,-6,-11,-6,-11,-6,-11,-6,-10,-6,-9,-5,-9,-5,-8,-5,-8,-5,-8,-4,-8,-4,-7,-4,-7,-4,-7,-4,-6,-3,-5,-3,-5,-2,-5,-2,-5,-2,-4,-2,-3,-2,-3,-2,-3,-1,-3,-1,-3,-1,-2,0,0,0,-2,0,-2,0,-2,1,-1,1,-1,1,-1,1,-1,2,-1,2,-1,2,0,2,0,3,-1,2,-1,2,-1,3,0,3,0,3,-1,3,-1,3,-1,3,-1,3,-1,3,-1,3,-1,3,-1,3,-2,3,-2,3,0,0,0,0,0,0,0,0,0,0,0,0,0,0,-63,-41,-58,-44,-58,-41,-56,-43,-51,-40,-47,-38,-47,-39,-48,-36,-43,-35,-43,-35,-40,-31,-38,-32,-36,-29,-33,-30,-35,-24,-31,-21,-27,-23,-23,-23,-25,-19,-21,-18,-21,-18,-20,-15,-16,-15,-18,-10,-16,-12,-11,-5,-15,-10,-13,-6,-12,-3,-9,-2,-8,2,-9,1,-7,3,-5,6,-4,7,-6,3,-5,12,-2,17,-5,11,-8,12,-4,14,-4,15,-7,14,-4,15,-5,19,-4,17,-7,20,-6,17,-7,15,-6,21,-5,18,-7,18,-8,20,-11,19,-13,19,-10,16,-12,17,0,0,0,0,0,0,0,0,0,0,0,0,0,0,0,0,0,0,0,0,0,0,8,-54,16,-55,19,-59,28,-58,34,-56,33,-53,38,-52,41,-52,43,-53,46,-52,52,-46,52,-49,59,-50,61,-47,60,-50,63,-42,67,-91,67,-35,64,-38,67,-40,69,-38,70,-36,67,-33,67,-33,66,-30,67,-33,66,-30,62,-27,60,-28,62,-27,61,-29,60,-27,59,-31,54,-32,56,-32,50,-31,49,-34,49,-34,46,-33,42,-38,39,-39,41,-39,40,-43,38,-42,36,-45,34,-45,34,-48,28,-50,29,-54,30,-55,30,-59,34,-58,30,-58,32,-62,33,-62,34,-62,37,-68,0,0]"
CSI_DATA,315,1a:00:00:00:00:00,-48,11,1,0,1,1,1,0,0,0,1,-96,0,11,2,4466559,0,44,0,384,0,"[0,0,0,0,0,0,0,0,0,0,0,0,4,-12,3,-11,3,-11,3,-10,3,-10,3,-9,3,-9,2,-9,3,-8,2,-7,2,-7,2,-7,1,-6,2,-6,1,-5,1,-5,1,-5,1,-4,1,-4,0,-4,0,-3,0,-3,0,-3,-1,-2,-1,-2,-1,-2,0,0,-2,-1,-2,-1,-2,-1,-2,-1,-2,-1,-2,-1,-3,0,-3,0,-3,0,-3,-1,-3,-1,-3,0,-4,0,-3,0,-3,0,-3,0,-4,0,-4,0,-4,-1,-4,0,-4,-1,-4,-1,-4,-1,-4,-1,-4,-2,-4,-2,0,0,0,0,0,0,0,0,0,0,0,0,0,0,24,-70,26,-66,20,-69,24,-61,27,-57,23,-60,28,-54,22,-54,24,-48,22,-49,21,-46,19,-45,20,-42,18,-37,18,-38,14,-35,15,-35,13,-29,11,-28,11,-26,12,-25,11,-22,7,-22,5,-19,4,-17,2,-12,1,-15,0,-16,1,-11,-5,-9,-1,-4,-5,-6,-8,-6,-6,-5,-7,-6,-7,-2,-12,-1,-13,-1,-14,0,-13,-2,-16,2,-14,-4,-17,0,-16,-2,-19,-2,-18,0,-18,-3,-20,-1,-20,-2,-20,-2,-20,-7,-18,-7,-21,-8,-21,-7,-23,-8,-17,-12,-21,-12,0,0,0,0,0,0,0,0,0,0,0,0,0,0,0,0,0,0,0,0,0,0,50,-14,58,-9,59,-1,64,3,61,11,60,14,61,16,63,18,64,21,64,23,64,32,63,34,65,30,62,38,59,44,73,40,59,1,53,45,57,44,60,51,57,48,59,53,55,47,52,52,53,49,51,50,47,50,47,51,48,47,49,54,44,45,44,46,43,48,43,44,43,42,44,40,43,35,45,30,43,33,47,31,46,30,48,26,54,25,49,22,48,20,53,17,54,16,56,18,56,18,61,10,61,11,67,11,68,9,66,16,66,15,70,16,70,18,0,0]"
CSI_DATA,316,1a:00:00:00:00:00,-48,11,1,0,1,1,1,0,0,0,1,-96,0,11,2,4476581,0,44,0,384,0,"[0,0,0,0,0,0,0,0,0,0,0,0,7,8,6,8,6,7,6,7,6,7,5,6,5,6,5,6,4,5,4,5,4,5,4,4,4,4,3,4,3,3,3,3,2,3,2,2,2,2,2,2,2,1,2,1,1,1,1,0,1,0,1,0,0,0,0,-1,1,-1,1,-1,0,-2,1,-2,1,-2,0,-2,1,-2,0,-3,0,-3,0,-3,1,-3,1,-3,1,-3,0,-3,0,-3,0,-3,0,-4,0,-4,1,-4,1,-4,1,-4,1,-4,1,-3,2,-3,2,-3,0,0,0,0,0,0,0,0,0,0,0,0,0,0,42,60,43,55,39,53,38,52,41,53,33,51,35,51,30,47,30,46,25,40,25,38,27,39,26,36,24,32,25,32,23,32,22,27,26,27,19,25,19,19,17,18,16,18,11,13,9,14,13,10,10,9,10,10,12,4,7,4,9,3,6,0,7,-2,8,-4,6,-7,6,-6,6,-6,5,-8,4,-9,6,-12,5,-11,4,-12,5,-14,6,-14,4,-19,4,-19,4,-17,6,-20,7,-18,7,-19,2,-16,5,-19,9,-19,10,-17,9,-19,13,-18,10,-20,14,-16,0,0,0,0,0,0,0,0,0,0,0,0,0,0,0,0,0,0,0,0,0,0,-41,39,-47,33,-50,35,-55,32,-57,29,-58,23,-61,22,-62,22,-66,18,-69,16,-69,14,-71,15,-74,10,-76,5,-74,11,-76,5,-76,4,-75,1,-75,-3,-77,0,-80,-4,-78,-4,-76,-3,-73,-2,-74,-5,-71,-5,-70,-7,-69,-4,-70,-2,-68,3,-68,-3,-64,-4,-67,-1,-61,0,-66,0,-60,4,-60,6,-57,9,-55,11,-55,13,-53,15,-54,15,-51,19,-51,25,-47,21,-55,27,-52,31,-50,37,-48,34,-49,44,-47,38,-48,44,-47,47,-51,49,-52,49,-53,47,-55,49,0,0]"
CSI_DATA,317,1a:00:00:00:00:00,-48,11,1,0,1,1,1,0,0,0,1,-96,0,11,2,4486565,0,44,0,384,0,"[0,0,0,0,0,0,0,0,0,0,0,0,-4,10,-3,9,-3,9,-3,9,-3,8,-3,8,-3,8,-3,7,-3,7,-2,6,-3,6,-2,6,-2,5,-2,5,-2,4,-2,4,-1,4,-1,4,-1,3,-1,2,-1,2,-1,2,-1,2,0,1,0,1,0,1,0,0,0,0,1,0,1,0,1,0,1,-1,1,-1,1,0,2,-1,2,-1,2,-1,2,-1,2,-1,2,-1,2,-1,2,-1,2,-1,3,-1,3,-1,2,-1,3,-1,3,-1,3,0,3,0,3,0,3,0,3,1,0,0,0,0,0,0,0,0,0,0,0,0,0,0,-18,71,-16,66,-16,67,-17,66,-16,61,-18,59,-16,55,-18,60,-12,52,-16,47,-16,47,-13,44,-12,42,-14,45,-11,35,-9,38,-11,33,-6,32,-9,30,-7,26,-2,25,-4,24,-4,21,-2,22,-4,15,-3,15,1,11,-1,13,2,9,5,7,5,5,9,5,5,3,6,-1,8,-1,12,0,7,-3,11,0,14,-3,9,-3,12,-1,19,-5,13,-2,14,-6,19,-6,14,-8,20,-2,17,-4,15,-3,19,-2,20,-3,20,-1,20,-3,20,-1,21,3,21,8,19,3,0,0,0,0,0,0,0,0,0,0,0,0,0,0,0,0,0,0,0,0,0,0,-58,10,-58,7,-60,0,-65,-5,-66,-12,-68,-9,-64,-17,-69,-21,-62,-18,-65,-25,-68,-30,-70,-30,-70,-35,-71,-36,-72,-43,-56,-49,-38,-45,-36,-52,-53,-57,-70,-46,-56,-54,-65,-50,-57,-52,-58,-48,-57,-52,-57,-50,-54,-52,-54,-49,-51,-45,-51,-51,-53,-46,-51,-48,-49,-45,-48,-43,-45,-41,-50,-39,-50,-37,-47,-32,-49,-35,-49,-27,-50,-26,-52,-21,-53,-20,-53,-21,-52,-20,-60,-13,-56,-13,-59,-11,-60,-11,-62,-9,-65,-5,-69,-4,-69,-6,-69,-5,-69,-7,-74,-6,-73,-8,0,0]"
CSI_DATA,318,1a:00:00:00:00:00,-48,11,1,0,1,1,1,0,0,0,1,-96,0,11,2,4516708,0,44,0,384,0,"[0,0,0,0,0,0,0,0,0,0,0,0,-2,-11,-2,-11,-2,-10,-2,-10,-2,-10,-2,-9,-2,-9,-2,-8,-2,-8,-2,-8,-2,-8,-2,-7,-2,-6,-1,-6,-2,-6,-1,-5,-1,-5,-1,-4,-2,-4,-1,-4,-1,-3,-2,-3,-1,-3,-2,-2,-1,-2,-1,-2,0,0,-1,-1,-2,0,-2,0,-2,0,-2,0,-2,0,-2,1,-2,1,-2,1,-2,1,-2,1,-3,1,-3,1,-3,1,-3,1,-3,2,-3,2,-3,1,-3,1,-3,2,-3,1,-4,1,-4,1,-4,1,-4,0,-4,0,0,0,0,0,0,0,0,0,0,0,0,0,0,0,-25,-63,-22,-67,-21,-63,-21,-66,-19,-63,-16,-58,-19,-61,-15,-55,-12,-50,-13,-50,-15,-47,-16,-44,-16,-44,-10,-45,-12,-38,-10,-37,-7,-36,-9,-32,-10,-31,-10,-28,-11,-25,-6,-22,-9,-24,-9,-17,-7,-18,-8,-12,-6,-11,-9,-5,-4,-7,-6,-4,-8,-3,-8,-2,-2,3,-6,2,-9,4,-9,9,-10,5,-10,8,-8,10,-8,10,-11,8,-10,8,-9,11,-10,11,-11,11,-12,15,-12,14,-9,14,-10,13,-12,16,-14,13,-18,11,-15,13,-16,10,-21,10,-17,7,-22,6,0,0,0,0,0,0,0,0,0,0,0,0,0,0,0,0,0,0,0,0,0,0,47,-29,53,-24,54,-23,62,-19,65,-16,66,-10,65,-10,67,-5,67,-6,68,1,75,5,74,7,72,5,73,7,75,11,77,13,76,14,75,18,78,19,78,21,73,21,71,19,72,22,73,22,71,25,68,27,66,24,65,24,68,25,66,18,62,19,60,21,64,18,64,13,57,12,59,13,58,12,61,12,58,11,51,1,56,1,54,-3,56,-7,54,-8,57,-9,51,-14,53,-18,53,-19,50,-21,57,-23,57,-27,59,-28,59,-26,64,-27,65,-28,64,-35,68,-34,0,0]"
CSI_DATA,319,1a:00:00:00:00:00,-48,11,1,0,1,1,1,0,0,0,1,-96,0,11,2,4526594,0,44,0,384,0,"[0,0,0,0,0,0,0,0,0,0,0,0,-6,9,-5,9,-5,9,-5,8,-5,8,-5,8,-5,7,-5,7,-4,7,-4,6,-4,6,-3,6,-3,5,-3,5,-3,4,-3,4,-2,3,-2,3,-2,3,-1,2,-2,2,-1,2,-1,2,-1,1,-1,1,0,1,0,0,0,1,1,0,1,0,1,0,1,-1,1,-1,2,-1,2,-1,2,0,2,0,2,-1,2,-1,2,-1,3,-1,2,-1,2,-1,3,-1,3,-1,3,-1,3,-1,3,0,3,0,3,0,3,0,3,1,3,1,0,0,0,0,0,0,0,0,0,0,0,0,0,0,-36,62,-34,63,-33,58,-38,58,-30,54,-30,52,-31,51,-31,47,-31,47,-28,46,-23,39,-24,37,-25,35,-24,37,-17,32,-20,33,-18,33,-13,29,-13,24,-12,24,-13,23,-12,23,-6,16,-6,20,-9,16,-6,13,-4,9,1,11,-3,11,2,9,2,8,4,5,5,1,6,1,11,4,7,3,10,1,14,1,12,0,14,-1,15,-1,11,-3,14,-2,16,-2,19,-5,17,-4,18,-2,16,-6,16,-1,18,-1,22,-3,18,0,21,-3,21,3,22,3,19,5,15,7,0,0,0,0,0,0,0,0,0,0,0,0,0,0,0,0,0,0,0,0,0,0,-54,-17,-54,-23,-52,-30,-53,-35,-51,-41,-48,-40,-41,-48,-48,-51,-47,-51,-45,-57,-46,-58,-42,-58,-45,-59,-44,-65,-39,-66,-37,-68,-40,-67,-37,-68,-36,-68,-29,-69,-29,-66,-28,-73,-29,-74,-28,-69,-27,-72,-29,-69,-28,-68,-26,-69,-23,-67,-26,-66,-25,-61,-26,-61,-25,-58,-28,-53,-29,-59,-31,-54,-32,-51,-29,-47,-34,-46,-36,-44,-35,-40,-40,-42,-45,-41,-42,-40,-45,-33,-46,-30,-50,-29,-49,-30,-57,-29,-57,-28,-56,-24,-61,-27,-64,-28,-64,-28,-67,-27,-66,-28,-66,-32,0,0]"
CSI_DATA,320,1a:00:00:00:00:00,-48,11,1,0,1,1,1,0,0,0,1,-96,0,11,2,4546581,0,44,0,384,0,"[0,0,0,0,0,0,0,0,0,0,0,0,-3,-12,-3,-12,-3,-11,-3,-11,-3,-10,-2,-10,-2,-9,-2,-9,-2,-9,-2,-8,-2,-8,-2,-7,-2,-7,-2,-6,-2,-6,-2,-6,-2,-5,-2,-5,-2,-4,-1,-4,-1,-3,-1,-3,-1,-3,-1,-2,-1,-2,-1,-2,0,0,-1,-1,-2,0,-2,0,-1,0,-2,1,-2,1,-2,1,-2,1,-2,1,-2,2,-2,1,-3,2,-3,2,-3,2,-3,2,-3,2,-3,2,-3,2,-3,2,-3,2,-3,2,-4,2,-4,2,-4,1,-4,1,-4,1,0,0,0,0,0,0,0,0,0,0,0,0,0,0,-11,-34,-9,-33,-11,-33,-10,-32,-10,-28,-9,-30,-7,-28,-9,-28,-8,-24,-10,-26,-9,-22,-7,-21,-6,-22,-4,-20,-7,-19,-6,-17,-6,-17,-7,-14,-5,-16,-4,-13,-5,-13,-6,-12,-4,-11,-3,-7,-4,-6,-3,-8,-4,-5,-5,-5,-2,-4,-3,-3,-3,-2,-3,-1,-4,1,-4,3,-5,4,-4,3,-2,3,-4,4,-5,4,-4,3,-5,6,-6,5,-6,6,-4,7,-5,8,-5,6,-5,7,-5,8,-6,9,-6,7,-6,9,-6,8,-8,8,-8,7,-8,7,-9,5,-10,6,0,0,0,0,0,0,0,0,0,0,0,0,0,0,0,0,0,0,0,0,0,0,24,-11,28,-10,28,-7,32,-7,31,-4,34,0,32,1,32,2,31,3,32,3,34,5,33,6,36,6,36,9,38,10,34,12,38,13,33,10,36,12,37,15,36,15,35,13,32,15,35,15,32,15,32,14,32,15,33,16,28,13,32,16,28,12,31,12,29,11,29,10,30,10,28,8,27,6,28,5,27,4,28,3,27,0,26,0,28,-2,26,-3,28,-5,25,-6,25,-7,27,-7,27,-8,27,-10,27,-11,28,-13,30,-14,28,-13,32,-13,32,-15,32,-13,0,0]"
CSI_DATA,321,1a:00:00:00:00:00,-48,11,1,0,1,1,1,0,0,0,1,-96,0,11,2,4556675,0,44,0,384,0,"[0,0,0,0,0,0,0,0,0,0,0,0,-11,4,-10,4,-10,4,-10,3,-9,3,-9,3,-8,3,-8,3,-8,2,-7,2,-7,3,-6,2,-6,2,-6,2,-5,2,-5,2,-4,2,-4,1,-4,1,-3,1,-3,1,-2,1,-2,1,-2,1,-1,1,-1,1,0,0,0,1,0,0,0,0,0,0,1,0,1,0,1,0,1,0,2,1,2,1,2,1,2,1,2,0,2,0,2,1,2,1,3,1,2,1,3,1,3,1,3,2,3,2,3,1,2,2,2,2,2,2,0,0,0,0,0,0,0,0,0,0,0,0,0,0,-71,27,-66,23,-62,26,-64,19,-61,23,-60,17,-56,16,-56,17,-51,17,-46,15,-48,18,-43,14,-44,18,-41,12,-36,14,-36,9,-31,13,-30,13,-27,12,-30,8,-24,9,-19,7,-19,6,-20,8,-14,6,-10,6,-11,5,-6,6,-7,6,-3,6,0,6,-2,5,2,4,3,6,5,3,6,5,4,7,9,7,9,7,11,4,15,11,12,7,12,6,14,9,17,8,15,7,17,7,17,5,16,8,19,9,18,10,17,13,17,14,16,16,15,14,16,15,17,17,0,0,0,0,0,0,0,0,0,0,0,0,0,0,0,0,0,0,0,0,0,0,-25,-53,-19,-57,-11,-60,-12,-63,-4,-67,-1,-69,0,-67,4,-66,6,-70,9,-71,13,-73,13,-72,13,-75,17,-75,18,-73,19,-76,21,-76,28,-76,22,-71,32,-75,28,-71,28,-72,30,-73,30,-74,34,-70,25,-71,26,-68,29,-67,23,-66,27,-66,26,-64,24,-62,20,-61,21,-63,18,-62,16,-62,11,-59,11,-58,7,-57,6,-59,4,-58,-1,-53,-4,-56,-3,-57,-4,-60,-14,-54,-13,-56,-18,-53,-18,-58,-23,-59,-26,-60,-28,-56,-27,-63,-27,-59,-34,-62,-32,-65,-33,-69,0,0]"
CSI_DATA,322,1a:00:00:00:00:00,-48,11,1,0,1,1,1,0,0,0,1,-96,0,11,2,4566589,0,44,0,384,0,"[0,0,0,0,0,0,0,0,0,0,0,0,4,10,4,10,4,9,4,9,3,9,3,8,3,8,3,7,2,7,3,6,2,6,2,6,2,5,2,5,2,4,1,4,1,4,1,3,1,3,1,2,1,2,1,2,1,2,1,1,0,1,0,0,0,0,0,0,1,-1,1,-1,0,-2,0,-2,1,-2,0,-2,1,-3,0,-2,0,-3,0,-3,1,-3,1,-4,1,-4,1,-3,1,-3,1,-4,1,-4,1,-4,1,-4,2,-3,2,-4,2,-3,2,-3,2,-3,3,-3,0,0,0,0,0,0,0,0,0,0,0,0,0,0,16,30,16,30,15,29,13,29,13,27,12,28,12,25,10,26,10,24,11,23,9,22,8,20,9,19,8,17,8,18,9,16,7,14,7,14,7,11,7,9,5,12,4,10,5,6,4,5,4,6,3,5,4,4,4,2,4,0,2,2,2,0,2,-2,1,-2,1,-4,0,-3,0,-3,1,-6,1,-7,1,-5,3,-8,1,-8,1,-7,1,-8,1,-8,0,-8,2,-9,2,-9,3,-9,2,-12,3,-9,5,-10,5,-11,4,-9,4,-12,6,-9,5,-9,7,-8,0,0,0,0,0,0,0,0,0,0,0,0,0,0,0,0,0,0,0,0,0,0,-27,11,-29,10,-30,7,-32,5,-32,4,-33,1,-33,0,-33,-1,-35,-3,-34,-3,-36,-5,-36,-3,-37,-6,-38,-6,-37,-10,-36,-10,-36,-11,-36,-11,-38,-11,-35,-13,-40,-13,-39,-14,-35,-12,-35,-13,-34,-14,-35,-13,-34,-12,-35,-13,-34,-11,-33,-12,-31,-9,-33,-8,-32,-11,-30,-9,-30,-8,-30,-5,-29,-5,-28,-4,-27,-2,-27,0,-30,1,-29,2,-28,4,-27,5,-30,5,-25,7,-27,8,-26,10,-27,11,-26,13,-28,13,-27,17,-28,14,-27,17,-29,16,-30,19,-31,19,0,0]"
CSI_DATA,323,1a:00:00:00:00:00,-48,11,1,0,1,1,1,0,0,0,1,-96,0,11,2,4576576,0,44,0,384,0,"[0,0,0,0,0,0,0,0,0,0,0,0,-8,8,-8,8,-7,7,-8,7,-7,6,-7,6,-6,6,-6,6,-6,5,-6,5,-6,5,-5,5,-5,4,-4,4,-4,4,-4,3,-3,3,-3,3,-3,2,-3,2,-2,2,-2,1,-1,2,-1,1,-1,1,-1,1,0,0,0,1,0,0,0,0,1,0,1,-1,1,-1,2,-1,2,-1,2,0,2,0,2,0,2,-1,3,-1,3,-1,2,0,3,-1,3,-1,3,0,3,0,3,0,3,0,4,0,3,0,3,0,3,1,3,1,0,0,0,0,0,0,0,0,0,0,0,0,0,0,-60,39,-60,37,-56,38,-56,37,-54,34,-55,33,-50,30,-50,26,-44,25,-44,26,-42,29,-39,24,-41,23,-36,22,-34,22,-30,19,-32,20,-29,21,-27,14,-24,17,-21,13,-19,12,-17,15,-15,11,-10,10,-12,8,-9,8,-5,8,-6,7,-2,7,1,4,3,4,7,1,4,3,9,3,5,2,8,1,9,2,12,1,13,-1,15,1,16,5,14,1,16,2,18,2,19,1,20,3,17,2,17,5,18,6,21,3,18,3,19,7,23,11,21,7,17,14,20,12,0,0,0,0,0,0,0,0,0,0,0,0,0,0,0,0,0,0,0,0,0,0,-32,-48,-32,-55,-26,-57,-22,-64,-15,-62,-14,-65,-10,-70,-11,-69,-6,-74,-8,-65,0,-74,1,-77,1,-74,4,-77,6,-80,9,-76,8,-80,9,-75,13,-78,11,-78,12,-80,15,-78,13,-74,17,-72,17,-74,14,-74,16,-71,18,-74,15,-66,14,-70,10,-66,12,-65,8,-67,7,-63,7,-66,2,-61,-3,-58,-1,-57,-2,-60,-8,-57,-11,-57,-11,-55,-18,-58,-20,-50,-19,-52,-22,-54,-23,-54,-30,-49,-33,-50,-32,-48,-35,-52,-39,-52,-40,-55,-38,-55,-41,-58,-45,-60,-45,-56,0,0]"
CSI_DATA,324,1a:00:00:00:00:00,-48,11,1,0,1,1,1,0,0,0,1,-96,0,11,2,4596974,0,44,0,384,0,"[0,0,0,0,0,0,0,0,0,0,0,0,9,-6,9,-6,8,-6,8,-5,8,-5,7,-5,7,-5,7,-5,6,-5,6,-4,5,-5,5,-4,4,-4,4,-3,4,-3,3,-3,3,-3,2,-3,2,-2,2,-2,2,-2,1,-2,1,-2,0,-2,0,-1,0,-2,0,0,-1,-2,-1,-1,-1,-1,-2,-1,-2,-1,-2,-1,-3,0,-2,-1,-3,-1,-3,-1,-3,-1,-3,0,-4,-1,-4,-1,-4,-1,-4,-1,-4,-1,-4,-1,-4,-1,-4,-1,-4,-1,-4,-1,-4,-1,-4,-2,-4,-2,-4,-3,0,0,0,0,0,0,0,0,0,0,0,0,0,0,62,-41,55,-34,56,-38,54,-33,50,-33,50,-34,46,-35,47,-33,43,-27,41,-31,41,-27,37,-26,36,-25,33,-23,29,-24,28,-22,29,-21,24,-15,24,-17,19,-15,20,-14,17,-14,15,-15,13,-9,9,-10,7,-11,6,-8,6,-10,3,-5,0,-7,-3,-2,-4,-4,-3,-3,-6,-1,-7,-3,-7,-3,-8,-5,-12,1,-11,-2,-12,3,-13,-2,-17,-2,-13,-2,-14,-1,-18,-3,-18,1,-21,1,-16,-2,-22,0,-22,-1,-20,-3,-25,-3,-18,-5,-20,-8,-21,-9,-21,-8,-22,-11,0,0,0,0,0,0,0,0,0,0,0,0,0,0,0,0,0,0,0,0,0,0,22,48,22,55,15,58,15,61,8,61,4,67,1,66,0,67,-4,67,-6,68,-6,73,-7,69,-4,73,-13,70,-15,76,-12,71,-18,77,-16,71,-20,75,-24,75,-20,74,-21,73,-21,71,-20,70,-22,72,-22,70,-20,67,-21,69,-20,65,-20,69,-16,61,-16,66,-16,59,-11,62,-11,63,-9,57,-6,55,-4,60,0,56,1,53,6,57,8,50,12,54,16,53,15,53,20,51,18,49,20,48,26,48,30,48,33,47,35,47,38,51,37,50,40,53,39,54,40,52,0,0]"
CSI_DATA,325,1a:00:00:00:00:00,-49,11,1,0,1,1,1,0,0,0,1,-96,0,11,2,4606610,0,44,0,384,0,"[0,0,0,0,0,0,0,0,0,0,0,0,2,11,2,10,2,10,2,9,2,9,2,8,2,8,2,8,1,7,2,7,2,6,2,6,2,6,1,5,1,4,1,4,1,4,1,4,1,3,1,2,1,2,0,1,0,1,1,1,0,0,0,0,0,0,0,0,0,-1,1,-1,0,-1,0,-2,1,-2,0,-2,1,-3,0,-3,1,-3,0,-3,1,-4,1,-3,1,-4,0,-4,1,-4,1,-4,0,-4,1,-4,1,-4,1,-4,2,-4,2,-4,2,-4,2,-4,2,-3,0,0,0,0,0,0,0,0,0,0,0,0,0,0,23,64,19,64,23,62,16,59,25,59,17,55,14,54,17,46,17,50,14,45,14,45,15,40,17,39,14,40,11,34,19,33,15,30,13,27,11,25,12,22,12,20,8,19,8,17,7,10,6,11,7,10,7,6,6,8,4,5,1,0,6,-3,2,-2,0,-1,3,-5,1,-7,-2,-7,1,-11,1,-12,-2,-12,2,-15,2,-12,2,-16,0,-16,-1,-18,0,-19,3,-17,1,-16,0,-19,1,-17,-1,-18,-1,-18,2,-24,2,-20,3,-22,4,-21,6,-18,9,-19,0,0,0,0,0,0,0,0,0,0,0,0,0,0,0,0,0,0,0,0,0,0,-55,-10,-58,-19,-59,-19,-57,-27,-59,-28,-60,-30,-61,-33,-58,-35,-60,-38,-57,-41,-61,-40,-57,-46,-59,-47,-58,-47,-59,-49,-56,-50,-57,-52,-58,-51,-56,-52,-58,-54,-54,-54,-57,-54,-54,-52,-54,-54,-51,-49,-52,-53,-49,-52,-54,-51,-56,-48,-55,-41,-50,-43,-54,-42,-53,-38,-52,-38,-51,-33,-51,-35,-52,-27,-52,-23,-52,-20,-51,-18,-52,-21,-54,-15,-53,-12,-56,-4,-51,-9,-52,-1,-54,-1,-53,6,-56,9,-55,8,-58,18,-61,17,-61,21,-63,23,-63,19,-62,21,-68,18,0,0]"
CSI_DATA,326,1a:00:00:00:00:00,-49,11,1,0,1,1,1,0,0,0,1,-96,0,11,2,4616566,0,44,0,384,0,"[0,0,0,0,0,0,0,0,0,0,0,0,1,10,1,9,1,9,1,9,1,8,1,8,1,8,1,7,1,7,1,6,1,6,1,6,1,5,1,5,1,4,0,4,1,4,0,3,0,3,1,2,0,2,1,1,0,1,0,1,0,0,0,0,0,0,0,-1,0,-1,0,-1,0,-1,0,-2,0,-2,0,-2,0,-2,1,-3,0,-3,0,-3,1,-3,1,-3,1,-3,1,-3,1,-3,1,-4,1,-3,1,-4,1,-3,1,-4,2,-3,2,-3,2,-3,2,-3,2,-3,0,0,0,0,0,0,0,0,0,0,0,0,0,0,13,67,8,64,11,62,13,63,10,62,6,58,8,56,9,51,4,51,7,51,8,46,6,42,8,42,4,36,5,36,6,35,5,31,4,28,7,24,5,27,6,22,6,21,3,19,8,19,4,13,6,11,4,8,4,7,1,4,5,5,3,-2,5,-1,2,-4,5,-1,5,-7,6,-9,3,-10,7,-10,5,-14,5,-11,8,-12,7,-11,7,-14,6,-13,5,-15,12,-18,11,-14,11,-18,8,-19,10,-19,9,-17,12,-20,12,-21,12,-16,14,-15,15,-15,18,-12,0,0,0,0,0,0,0,0,0,0,0,0,0,0,0,0,0,0,0,0,0,0,-57,11,-59,5,-63,-1,-67,-3,-67,-7,-64,-10,-67,-14,-68,-20,-67,-20,-64,-27,-69,-30,-64,-33,-68,-33,-63,-35,-64,-40,-79,-23,-77,-2,-69,-18,-67,-37,-67,-48,-65,-39,-67,-44,-63,-41,-60,-42,-58,-42,-58,-42,-57,-46,-56,-38,-59,-41,-58,-42,-57,-36,-57,-34,-55,-33,-53,-32,-52,-32,-48,-26,-56,-27,-52,-25,-53,-21,-55,-18,-54,-15,-56,-12,-51,-10,-55,-5,-53,-3,-54,-3,-59,0,-57,4,-54,10,-58,10,-58,11,-63,12,-64,13,-60,15,-67,15,-66,13,-67,20,0,0]"
CSI_DATA,327,1a:00:00:00:00:00,-49,11,1,0,1,1,1,0,0,0,1,-96,0,11,2,4626774,0,44,0,384,0,"[0,0,0,0,0,0,0,0,0,0,0,0,-11,-3,-10,-2,-10,-3,-10,-3,-9,-3,-9,-2,-8,-2,-8,-2,-8,-2,-7,-2,-7,-2,-6,-2,-6,-2,-6,-2,-5,-1,-5,-1,-4,-1,-4,-1,-4,-1,-4,-1,-3,-1,-3,-1,-2,-1,-2,-1,-2,0,-1,0,0,0,-1,0,0,0,0,0,1,0,0,0,1,0,1,1,1,1,1,1,1,2,2,1,1,1,1,2,1,1,2,2,2,2,2,2,2,2,2,2,2,2,2,3,1,3,1,3,1,3,1,3,0,3,0,0,0,0,0,0,0,0,0,0,0,0,0,0,-66,-29,-61,-31,-62,-31,-58,-26,-58,-26,-53,-31,-50,-27,-55,-28,-47,-25,-47,-19,-42,-18,-42,-18,-38,-20,-34,-15,-35,-19,-33,-13,-34,-13,-29,-13,-29,-12,-24,-11,-22,-9,-22,-5,-18,-3,-18,-5,-13,-6,-8,-2,-7,-3,-8,-2,-8,1,-2,0,-6,3,-1,1,4,5,0,5,-1,5,5,6,9,6,7,5,7,11,8,6,10,11,9,8,9,12,11,12,10,14,14,12,12,15,12,12,13,11,12,12,11,19,11,15,11,17,11,19,10,17,5,21,5,21,0,0,0,0,0,0,0,0,0,0,0,0,0,0,0,0,0,0,0,0,0,0,41,-41,50,-41,52,-34,61,-32,59,-31,62,-31,62,-23,62,-25,66,-22,66,-22,69,-17,73,-17,76,-17,75,-15,80,-15,73,-14,80,-13,76,-12,80,-13,77,-8,77,-10,78,-7,75,-7,76,-10,72,-8,78,-7,76,-9,77,-12,70,-7,72,-12,66,-11,72,-14,66,-15,66,-20,58,-16,61,-19,51,-21,53,-21,50,-22,52,-30,52,-32,44,-30,42,-35,44,-37,41,-39,29,-38,31,-42,30,-41,38,-52,26,-51,29,-51,31,-58,30,-62,27,-55,29,-60,25,-71,26,-66,0,0]"
CSI_DATA,328,1a:00:00:00:00:00,-49,11,1,0,1,1,1,0,0,0,1,-96,0,11,2,4636579,0,44,0,384,0,"[0,0,0,0,0,0,0,0,0,0,0,0,0,-12,0,-12,-1,-12,-1,-11,-1,-10,0,-10,-1,-9,0,-9,-1,-9,-1,-8,0,-8,-1,-7,-1,-7,-1,-6,-1,-6,-1,-6,-1,-5,-1,-4,-1,-4,-1,-3,-1,-3,-1,-3,-1,-3,-1,-2,-1,-2,-1,-1,0,0,-1,0,-1,0,-1,0,-1,0,-1,1,-2,1,-2,1,-1,2,-2,2,-1,2,-2,2,-2,2,-2,2,-2,2,-2,2,-2,2,-2,3,-2,2,-2,3,-3,3,-3,3,-3,3,-3,2,-3,2,-4,2,-4,2,0,0,0,0,0,0,0,0,0,0,0,0,0,0,5,-71,2,-68,3,-69,4,-64,2,-63,1,-61,3,-58,2,-57,2,-53,2,-50,-3,-50,-1,-45,-2,-46,2,-41,-2,-38,1,-35,0,-37,-2,-31,1,-29,0,-26,-4,-26,-4,-23,0,-22,-2,-20,-3,-15,1,-10,-3,-9,3,-8,-1,-7,-4,-3,-1,-1,-4,2,-4,0,-2,5,-7,6,-7,10,-2,8,-7,10,-5,8,-6,12,-9,13,-6,15,-5,13,-8,15,-6,15,-9,13,-9,18,-12,17,-14,16,-6,15,-9,16,-14,18,-12,21,-14,16,-18,14,-18,15,-19,12,0,0,0,0,0,0,0,0,0,0,0,0,0,0,0,0,0,0,0,0,0,0,54,12,59,19,57,25,58,30,56,30,53,40,55,36,53,39,54,49,55,48,55,52,52,53,52,56,56,57,57,58,46,56,51,62,50,60,48,60,49,63,51,64,44,64,46,60,45,66,39,62,42,65,40,63,44,59,42,59,46,57,42,51,44,51,46,50,44,47,46,46,46,42,44,40,47,35,45,35,49,34,51,29,47,28,51,25,53,21,53,18,49,19,57,13,56,5,53,8,57,3,60,3,66,1,70,-1,64,2,66,0,72,-1,71,-2,0,0]"
CSI_DATA,329,1a:00:00:00:00:00,-49,11,1,0,1,1,1,0,0,0,1,-96,0,11,2,4647093,0,44,0,384,0,"[0,0,0,0,0,0,0,0,0,0,0,0,-7,-10,-7,-9,-7,-9,-6,-9,-6,-8,-5,-8,-5,-8,-5,-7,-5,-7,-5,-7,-4,-6,-4,-6,-4,-6,-4,-5,-4,-5,-3,-4,-3,-4,-3,-4,-2,-3,-3,-3,-2,-3,-2,-2,-2,-2,-2,-2,-2,-1,-1,-1,0,0,-1,-1,-1,0,-1,0,0,0,-1,1,0,1,-1,1,-1,2,0,2,0,2,0,2,-1,2,-1,2,-1,2,-1,3,-1,3,-1,3,-1,3,-1,3,-1,3,-1,3,-2,3,-2,3,-2,3,-2,3,-2,3,0,0,0,0,0,0,0,0,0,0,0,0,0,0,-34,-67,-33,-59,-31,-52,-32,-56,-30,-58,-28,-55,-29,-52,-21,-51,-27,-47,-23,-42,-24,-41,-19,-41,-19,-40,-19,-36,-20,-34,-17,-34,-15,-29,-15,-26,-13,-25,-13,-24,-14,-20,-11,-22,-13,-17,-10,-16,-7,-15,-9,-10,-7,-7,-11,-7,-5,-4,-1,-4,-7,0,-5,0,0,2,-1,3,0,7,-2,9,0,8,2,12,0,8,1,11,-1,16,-3,16,-3,16,1,15,-2,18,-1,17,-1,16,0,17,-3,18,-5,17,-2,21,-6,20,-7,23,-4,16,-6,24,-9,18,-14,19,0,0,0,0,0,0,0,0,0,0,0,0,0,0,0,0,0,0,0,0,0,0,48,-27,55,-24,60,-19,63,-15,62,-15,63,-6,65,-6,65,-2,69,1,69,1,71,3,73,5,72,4,73,9,75,10,75,17,70,15,75,17,73,17,75,20,75,16,75,21,71,19,73,23,72,24,71,17,68,22,67,19,67,22,64,19,64,19,62,14,63,15,60,12,61,10,60,8,61,10,60,1,57,1,60,-2,55,-2,53,-6,52,-12,54,-9,50,-12,50,-20,51,-20,50,-25,50,-25,52,-26,51,-30,54,-35,53,-36,54,-39,55,-41,53,-35,59,-39,0,0]"
CSI_DATA,330,1a:00:00:00:00:00,-49,11,1,0,1,1,1,0,0,0,1,-96,0,11,2,4656952,0,44,0,384,0,"[0,0,0,0,0,0,0,0,0,0,0,0,6,8,6,7,6,7,6,7,5,7,5,6,5,6,4,6,4,5,4,5,4,5,4,4,3,4,3,4,3,3,2,3,2,3,2,2,2,2,2,2,1,2,1,1,1,1,1,0,1,0,0,0,0,0,0,-1,0,-1,0,-1,-1,-2,-1,-2,0,-2,-1,-2,-1,-3,-1,-3,-1,-3,-1,-3,-1,-3,-1,-3,-1,-3,-2,-4,-2,-3,-1,-4,-1,-4,-1,-4,-1,-4,-1,-4,-1,-4,0,-4,0,-4,0,-4,0,-4,0,0,0,0,0,0,0,0,0,0,0,0,0,0,52,45,51,48,51,42,46,42,44,42,43,40,37,39,39,34,35,31,32,37,35,34,30,32,31,27,29,29,27,25,29,18,24,21,21,21,21,18,21,15,20,15,15,12,15,10,12,6,7,8,9,5,6,5,6,3,5,2,5,-1,1,0,0,-2,-2,-6,1,-5,-2,-7,-3,-10,-3,-12,-4,-8,-7,-10,-4,-12,-7,-13,-4,-16,-6,-13,-7,-16,-4,-15,-4,-17,-8,-18,-7,-18,-8,-19,-9,-17,-6,-20,-7,-21,-4,-21,-4,-20,-2,-20,1,-25,2,-21,0,0,0,0,0,0,0,0,0,0,0,0,0,0,0,0,0,0,0,0,0,0,-44,38,-48,35,-54,31,-59,29,-62,28,-63,20,-62,19,-69,18,-67,14,-67,14,-75,9,-74,12,-74,9,-73,8,-73,6,-75,4,-77,6,-78,2,-78,2,-75,-1,-79,-3,-80,-3,-78,-3,-76,-4,-75,-5,-75,-5,-72,-5,-74,-3,-69,-3,-68,-1,-69,0,-67,2,-66,3,-64,3,-64,3,-64,9,-60,11,-61,10,-54,13,-51,14,-55,18,-53,22,-49,22,-50,27,-49,24,-48,29,-43,36,-45,38,-41,37,-40,38,-40,41,-42,47,-41,48,-40,49,-43,53,-42,49,-45,54,0,0]"
CSI_DATA,331,1a:00:00:00:00:00,-49,11,1,0,1,1,1,0,0,0,1,-96,0,11,2,4666673,0,44,0,384,0,"[0,0,0,0,0,0,0,0,0,0,0,0,9,-7,9,-7,9,-6,8,-6,8,-6,7,-5,7,-6,6,-5,6,-5,6,-4,5,-5,5,-4,5,-4,4,-4,4,-4,3,-4,3,-3,3,-3,2,-3,2,-2,2,-2,1,-2,1,-2,1,-1,0,-1,0,-1,0,0,-1,-1,-1,0,-1,0,-2,0,-2,0,-2,0,-2,0,-3,0,-3,0,-3,0,-3,0,-3,0,-3,0,-4,0,-4,0,-4,0,-4,0,-4,0,-4,0,-4,0,-5,0,-5,0,-5,0,-4,-1,-4,-1,-4,-2,0,0,0,0,0,0,0,0,0,0,0,0,0,0,64,-30,60,-27,56,-29,59,-30,57,-24,56,-21,53,-25,47,-24,45,-23,43,-19,43,-19,42,-21,39,-18,34,-20,35,-16,29,-19,29,-17,27,-17,24,-14,19,-11,22,-11,18,-12,16,-8,16,-7,12,-7,8,-6,7,-6,6,-7,4,-3,1,-5,-1,-4,-3,-2,-3,-1,-4,0,-9,-3,-7,-3,-10,-3,-9,1,-10,-1,-14,0,-14,-1,-15,0,-14,0,-17,1,-17,1,-19,2,-21,-1,-19,1,-21,1,-20,-1,-24,0,-20,-4,-22,-1,-21,-3,-21,-7,-20,-8,-20,-8,0,0,0,0,0,0,0,0,0,0,0,0,0,0,0,0,0,0,0,0,0,0,18,56,13,54,8,64,3,61,-3,64,-6,63,-10,65,-11,65,-15,70,-16,69,-15,70,-21,71,-19,72,-22,73,-24,72,-28,70,-27,71,-29,74,-33,69,-33,67,-35,69,-36,70,-35,67,-34,67,-33,66,-32,68,-29,66,-29,64,-28,62,-27,63,-27,61,-24,61,-28,59,-24,58,-22,58,-18,59,-13,56,-9,57,-11,54,-6,53,-2,55,-1,53,3,52,7,57,7,49,7,57,12,51,14,52,17,53,24,52,24,57,29,54,25,56,29,56,33,60,30,58,35,61,0,0]"
CSI_DATA,332,1a:00:00:00:00:00,-49,11,1,0,1,1,1,0,0,0,1,-96,0,11,2,4700534,0,44,0,384,0,"[0,0,0,0,0,0,0,0,0,0,0,0,1,-11,1,-11,0,-10,0,-10,0,-10,1,-9,0,-9,0,-8,0,-8,0,-7,0,-7,0,-7,-1,-6,0,-6,0,-6,0,-5,0,-5,0,-5,0,-4,0,-3,-1,-3,0,-2,-1,-3,-1,-2,-1,-1,-1,-1,0,0,-1,-1,-1,0,-1,1,-1,0,-1,1,-1,1,-1,1,-1,2,-1,2,-1,1,-1,1,-1,2,-2,2,-2,2,-1,2,-2,2,-2,3,-2,2,-2,2,-2,2,-2,3,-3,3,-3,3,-3,2,-3,2,-3,2,0,0,0,0,0,0,0,0,0,0,0,0,0,0,13,-70,13,-64,9,-67,9,-61,8,-59,8,-57,6,-51,9,-54,10,-52,7,-48,7,-48,5,-45,6,-41,5,-39,0,-37,1,-34,4,-35,3,-29,-1,-27,0,-26,-2,-22,-1,-22,3,-20,-1,-17,2,-16,-1,-10,-1,-8,-1,-7,0,-7,-1,-5,0,-4,-2,-3,-2,1,1,5,-4,7,-5,6,-2,9,-4,9,-2,12,-3,11,-5,13,-4,15,-5,12,-5,14,-4,13,-5,15,-5,15,-8,19,-8,18,-7,20,-7,18,-7,23,-14,18,-10,16,-12,17,-11,19,-19,15,0,0,0,0,0,0,0,0,0,0,0,0,0,0,0,0,0,0,0,0,0,0,43,34,44,39,41,45,41,49,38,50,33,53,33,58,28,59,33,62,27,61,30,64,28,66,32,71,28,69,30,74,22,69,26,80,25,72,24,76,21,75,22,75,21,73,23,72,21,72,21,73,22,69,23,67,20,72,23,64,24,65,23,61,27,63,26,62,25,61,28,58,33,55,33,49,32,48,33,42,35,45,37,40,41,37,43,33,40,30,45,28,43,32,49,26,49,18,49,24,50,19,56,13,58,15,64,11,57,13,63,10,71,10,67,9,0,0]"
CSI_DATA,333,1a:00:00:00:00:00,-49,11,1,0,1,1,1,0,0,0,1,-96,0,11,2,4700842,0,44,0,384,0,"[0,0,0,0,0,0,0,0,0,0,0,0,-7,8,-7,7,-7,7,-7,6,-6,6,-6,6,-5,6,-5,6,-5,6,-5,5,-4,5,-4,5,-4,4,-4,4,-3,3,-3,3,-3,3,-2,2,-2,2,-2,2,-2,2,-2,2,-1,1,-1,0,-1,0,-1,0,0,0,-1,0,0,-1,0,-1,1,-1,0,-1,1,-1,1,-2,1,-2,1,-1,2,-2,2,-2,2,-2,2,-2,2,-2,2,-2,2,-2,2,-2,2,-2,2,-2,2,-2,2,-2,3,-2,3,-2,3,-2,3,-1,3,-1,0,0,0,0,0,0,0,0,0,0,0,0,0,0,-51,49,-48,47,-45,47,-50,47,-44,42,-41,40,-40,39,-40,39,-42,35,-38,37,-35,36,-29,34,-31,32,-26,32,-26,25,-25,27,-23,27,-21,21,-16,18,-17,20,-17,19,-14,18,-12,18,-8,11,-11,11,-10,11,-5,7,-9,7,-5,5,-3,3,0,4,0,4,4,-1,4,-3,3,-1,7,-5,3,-3,9,-8,11,-7,11,-5,10,-9,12,-9,12,-6,12,-9,15,-10,16,-12,15,-12,13,-8,15,-8,14,-12,18,-9,20,-9,21,-9,18,-10,23,-8,20,-4,21,-2,0,0,0,0,0,0,0,0,0,0,0,0,0,0,0,0,0,0,0,0,0,0,-30,-49,-24,-57,-23,-60,-18,-67,-16,-65,-12,-67,-9,-68,-5,-72,-4,-71,-6,-73,0,-76,4,-72,3,-79,5,-81,5,-74,9,-78,10,-80,11,-80,10,-82,13,-80,15,-79,15,-78,14,-77,16,-77,16,-76,14,-77,14,-71,11,-72,11,-73,8,-69,12,-69,3,-67,5,-69,7,-66,1,-66,2,-62,0,-62,-4,-61,-4,-62,-8,-55,-14,-55,-18,-54,-16,-54,-22,-56,-23,-48,-27,-48,-28,-46,-28,-48,-33,-47,-37,-43,-42,-46,-42,-42,-44,-44,-49,-47,-50,-46,-50,-49,-53,-51,0,0]"
CSI_DATA,334,1a:00:00:00:00:00,-49,11,1,0,1,1,1,0,0,0,1,-96,0,11,2,4701130,0,44,0,384,0,"[0,0,0,0,0,0,0,0,0,0,0,0,8,-7,8,-7,7,-6,7,-6,7,-6,6,-6,6,-6,5,-6,5,-6,5,-6,4,-5,4,-5,4,-5,3,-4,3,-4,3,-4,2,-4,2,-3,2,-3,2,-2,1,-3,1,-2,0,-2,0,-1,0,-1,-1,-2,0,0,1,0,0,-2,-1,-1,-2,-1,-2,-1,-1,-2,0,1,-5,3,-1,-1,-3,-1,-1,2,-3,2,-1,0,-2,1,-3,1,-3,2,-3,2,-3,1,-3,2,-3,2,-3,2,-4,2,-4,2,-4,1,-4,1,-4,1,0,0,0,0,0,0,0,0,0,0,0,0,0,0,59,-37,52,-37,55,-31,54,-35,51,-32,48,-31,47,-29,43,-29,43,-23,40,-27,37,-26,32,-25,33,-27,33,-22,30,-18,29,-24,26,-19,26,-23,19,-21,19,-20,16,-16,16,-17,13,-14,10,-12,11,-12,8,-10,4,-10,6,-10,5,-7,2,-6,-6,14,-17,-8,4,13,7,-28,-7,16,-8,-2,-13,15,-23,-23,-12,-3,-2,-6,-12,-3,-13,7,-16,0,-7,25,-18,15,-14,7,-16,5,-15,12,-17,11,-17,6,-19,10,-21,5,-21,9,-24,3,-22,3,-22,3,-21,2,0,0,0,0,0,0,0,0,0,0,0,0,0,0,0,0,0,0,0,0,0,0,-3,56,-8,59,-13,60,-16,61,-21,61,-24,61,-28,59,-30,57,-33,59,-33,58,-36,59,-36,63,-38,62,-41,63,-41,63,-42,61,-44,65,-45,62,-44,61,-46,64,-48,61,-47,61,-48,60,-47,62,-45,59,-41,63,-42,59,-42,59,-37,56,-37,62,-32,58,-33,57,-31,59,-31,58,-29,57,-26,58,-20,59,-15,57,-12,55,-10,53,-6,55,-5,54,0,55,2,55,4,52,12,55,13,55,19,52,18,53,22,54,21,52,31,52,29,56,31,54,30,55,34,56,35,59,0,0]"
CSI_DATA,335,1a:00:00:00:00:00,-49,11,1,0,1,1,1,0,0,0,1,-96,0,11,2,4706606,0,44,0,384,0,"[0,0,0,0,0,0,0,0,0,0,0,0,-11,3,-11,3,-10,3,-10,2,-10,2,-9,2,-8,2,-8,2,-8,2,-7,2,-7,2,-7,2,-6,2,-6,2,-5,1,-5,2,-4,1,-4,2,-4,1,-4,1,-3,1,-3,1,-2,0,-2,0,-2,0,-1,0,0,0,0,0,0,0,0,-1,1,-1,1,-1,1,0,1,-1,1,-1,2,-1,2,-1,2,-1,2,-1,2,-1,2,-1,3,-1,3,-1,3,-1,3,-1,3,0,3,0,3,0,3,0,4,0,3,0,3,1,3,1,0,0,0,0,0,0,0,0,0,0,0,0,0,0,-72,-3,-66,-4,-67,0,-65,-3,-57,0,-61,-6,-53,-1,-57,-3,-52,1,-52,0,-44,-2,-41,4,-44,1,-39,0,-40,1,-34,6,-35,2,-33,1,-30,0,-29,2,-27,-1,-23,3,-19,2,-18,4,-13,2,-12,-2,-11,0,-10,3,-7,3,-2,0,-8,1,0,1,2,0,2,1,7,1,4,0,5,2,12,3,11,1,10,0,15,1,11,2,12,4,15,3,15,3,13,2,18,4,17,2,19,3,17,1,22,3,22,3,20,4,18,5,19,12,17,7,15,10,0,0,0,0,0,0,0,0,0,0,0,0,0,0,0,0,0,0,0,0,0,0,24,-52,31,-53,33,-52,39,-51,42,-49,44,-48,47,-47,48,-47,53,-45,57,-43,59,-40,59,-43,61,-44,62,-42,64,-41,67,-41,69,-42,67,-37,68,-39,67,-37,66,-41,69,-39,65,-33,66,-35,66,-32,66,-36,67,-35,63,-38,61,-36,62,-36,58,-36,54,-40,53,-38,52,-41,48,-38,47,-41,42,-42,42,-38,43,-45,37,-45,35,-44,24,-46,24,-46,25,-51,21,-49,14,-49,11,-50,11,-57,11,-55,8,-56,4,-58,6,-61,5,-65,0,-60,-1,-68,-1,-72,4,-69,0,0]"
CSI_DATA,336,1a:00:00:00:00:00,-49,11,1,0,1,1,1,0,0,0,1,-96,0,11,2,4726590,0,44,0,384,0,"[0,0,0,0,0,0,0,0,0,0,0,0,5,-9,5,-9,4,-8,4,-8,4,-7,4,-8,3,-7,3,-7,3,-7,3,-6,2,-6,2,-6,2,-6,2,-5,2,-5,1,-5,1,-4,1,-4,1,-3,1,-3,1,-3,1,-2,0,-2,0,-2,0,-2,0,-1,0,0,-1,-1,-1,0,-1,0,-1,0,-1,1,-1,1,-1,1,-2,1,-1,1,-2,1,-2,1,-2,1,-2,1,-2,2,-2,2,-2,1,-2,2,-3,2,-2,2,-3,2,-3,2,-3,2,-3,2,-3,2,-3,1,-4,1,0,0,0,0,0,0,0,0,0,0,0,0,0,0,43,-51,43,-48,44,-50,40,-46,39,-46,41,-43,36,-40,38,-39,32,-36,35,-37,30,-37,24,-35,29,-34,27,-30,20,-33,20,-31,21,-26,17,-23,16,-24,14,-20,14,-21,13,-19,10,-16,9,-15,5,-12,10,-15,5,-9,2,-10,5,-8,4,-3,-2,-3,1,-1,-3,0,-1,1,-8,3,-7,4,-6,2,-6,6,-7,5,-10,8,-9,9,-11,8,-10,11,-11,11,-10,9,-11,11,-14,11,-10,11,-12,14,-13,12,-16,12,-17,12,-15,12,-18,12,-20,13,-20,9,-23,8,0,0,0,0,0,0,0,0,0,0,0,0,0,0,0,0,0,0,0,0,0,0,15,53,8,58,5,61,-2,65,-3,65,-3,66,-5,67,-8,67,-12,71,-13,66,-13,72,-17,73,-19,73,-17,76,-17,76,-22,70,-26,76,-23,73,-27,77,-29,75,-25,76,-25,74,-27,70,-25,73,-24,72,-26,71,-26,71,-23,76,-22,63,-21,69,-17,67,-14,68,-11,64,-11,64,-12,61,-7,62,-5,59,-2,60,1,57,5,58,8,58,11,51,15,53,16,54,18,52,25,46,25,46,29,48,34,47,33,45,39,46,43,44,45,46,41,41,50,40,52,46,52,47,0,0]"
CSI_DATA,337,1a:00:00:00:00:00,-49,11,1,0,1,1,1,0,0,0,1,-96,0,11,2,4737169,0,44,0,384,0,"[0,0,0,0,0,0,0,0,0,0,0,0,8,7,7,7,7,6,7,6,6,6,6,6,6,5,5,5,6,5,5,4,5,4,5,3,5,3,4,3,3,3,3,2,3,2,3,2,3,1,2,1,2,1,2,1,1,1,1,0,1,0,0,0,0,0,0,0,0,-1,-1,-1,-1,-1,-1,-1,-1,-1,-2,-2,-2,-2,-2,-2,-2,-2,-3,-2,-2,-2,-2,-2,-2,-3,-3,-3,-3,-3,-3,-3,-3,-3,-3,-3,-3,-3,-3,-4,-3,-4,-2,-4,-2,-4,-2,-4,-2,-4,0,0,0,0,0,0,0,0,0,0,0,0,0,0,47,51,44,50,41,50,37,48,39,45,41,49,36,45,36,41,35,41,32,34,34,34,30,32,29,28,28,26,26,27,23,24,21,23,21,24,21,19,18,17,15,16,16,15,12,13,12,10,10,8,10,8,10,8,9,4,1,3,2,2,2,-1,0,-1,-4,-2,-3,-3,-3,-4,-7,-8,-4,-9,-6,-10,-5,-10,-8,-11,-8,-10,-9,-9,-7,-12,-11,-11,-10,-11,-11,-13,-9,-15,-9,-17,-11,-13,-11,-19,-10,-16,-10,-18,-11,-20,-9,-16,-8,-19,-7,-20,-5,-20,0,0,0,0,0,0,0,0,0,0,0,0,0,0,0,0,0,0,0,0,0,0,-57,13,-60,10,-61,3,-67,1,-66,-3,-66,-7,-64,-8,-69,-11,-70,-15,-67,-17,-69,-19,-76,-20,-77,-20,-74,-23,-73,-25,-75,-26,-74,-28,-72,-26,-78,-27,-73,-33,-72,-30,-78,-31,-72,-30,-73,-30,-69,-32,-75,-28,-76,-30,-71,-27,-66,-25,-69,-24,-64,-23,-71,-24,-63,-18,-64,-16,-63,-14,-62,-12,-58,-8,-60,-7,-59,-5,-56,2,-58,2,-57,4,-54,8,-54,13,-54,13,-55,18,-52,19,-47,21,-53,27,-46,31,-48,34,-50,38,-51,38,-43,39,-50,50,-53,46,-50,44,0,0]"
CSI_DATA,338,1a:00:00:00:00:00,-49,11,1,0,1,1,1,0,0,0,1,-96,0,11,2,4746562,0,44,0,384,0,"[0,0,0,0,0,0,0,0,0,0,0,0,3,9,3,9,3,9,3,8,3,8,2,7,2,7,2,7,2,6,2,6,1,6,2,6,1,5,1,4,1,4,1,4,1,4,1,3,1,2,1,2,1,2,0,1,0,1,0,1,0,1,0,0,0,0,-1,0,0,-1,-1,-1,-1,-2,0,-2,0,-2,-1,-2,0,-2,-1,-3,-1,-3,-1,-3,0,-3,-1,-3,0,-3,-1,-3,-1,-3,0,-4,-1,-4,-1,-4,-1,-4,0,-4,0,-4,0,-4,1,-4,1,-4,1,-4,0,0,0,0,0,0,0,0,0,0,0,0,0,0,30,55,34,57,37,50,29,52,31,48,25,48,27,45,27,49,24,46,26,39,21,40,21,38,23,31,21,33,21,28,21,28,17,26,16,26,15,20,15,21,15,18,13,14,14,14,9,12,7,12,7,9,6,9,3,6,2,3,1,3,-1,4,0,1,-1,0,0,-6,-7,-4,-7,-9,-5,-10,-4,-8,-9,-12,-5,-11,-11,-11,-7,-12,-11,-13,-12,-15,-10,-15,-11,-12,-11,-14,-9,-15,-10,-16,-8,-16,-9,-17,-8,-19,-11,-20,-7,-20,-5,-18,-7,-22,-2,-23,0,0,0,0,0,0,0,0,0,0,0,0,0,0,0,0,0,0,0,0,0,0,-55,2,-59,-5,-55,-6,-60,-9,-62,-14,-61,-19,-62,-21,-63,-24,-63,-26,-65,-26,-65,-31,-70,-32,-66,-26,-68,-33,-69,-30,-54,-48,-49,-48,-40,-69,-74,-48,-62,-35,-64,-45,-64,-40,-65,-49,-64,-43,-65,-43,-67,-41,-63,-39,-64,-39,-58,-39,-60,-35,-59,-29,-60,-31,-59,-32,-58,-24,-58,-23,-57,-20,-55,-20,-57,-17,-56,-11,-55,-9,-56,-7,-53,-1,-52,-2,-55,1,-49,2,-51,12,-53,11,-51,15,-51,21,-52,21,-52,22,-53,23,-56,25,-51,29,-53,35,-55,34,-58,34,0,0]"
CSI_DATA,339,1a:00:00:00:00:00,-49,11,1,0,1,1,1,0,0,0,1,-96,0,11,2,4766583,0,44,0,384,0,"[0,0,0,0,0,0,0,0,0,0,0,0,-1,-12,-1,-11,-1,-11,-1,-11,-1,-10,-1,-10,-1,-9,-1,-9,-1,-8,-1,-8,-1,-7,-1,-7,-1,-7,-1,-6,-1,-5,-1,-5,-1,-5,-1,-5,-1,-4,-1,-4,-1,-3,-1,-3,-1,-3,-1,-2,-1,-1,0,-1,0,0,0,-1,0,0,-1,0,0,0,0,1,0,1,0,2,-1,2,0,2,0,1,0,2,-1,2,-1,2,-1,2,0,2,-1,3,0,3,-1,3,-1,3,-1,3,-1,3,-1,3,-2,3,-2,3,-2,3,-2,3,0,0,0,0,0,0,0,0,0,0,0,0,0,0,7,-66,8,-64,8,-61,8,-58,5,-63,8,-58,4,-57,7,-54,2,-49,2,-48,3,-48,2,-46,4,-43,4,-40,2,-39,-1,-38,1,-36,-2,-32,1,-32,1,-28,2,-23,-5,-20,-2,-22,-4,-18,-1,-14,1,-15,-2,-9,-2,-11,1,-6,-1,-4,0,-4,0,-5,2,2,0,4,0,9,1,6,-1,11,1,11,-2,10,0,10,-3,13,-1,10,-1,12,-1,12,-1,16,-3,16,1,17,-1,16,-5,23,-3,17,-4,18,-4,19,-4,23,-8,19,-6,21,-13,20,-10,20,0,0,0,0,0,0,0,0,0,0,0,0,0,0,0,0,0,0,0,0,0,0,43,33,48,38,41,41,42,47,36,48,34,54,31,54,33,57,34,61,29,60,32,60,30,66,31,67,30,70,28,71,29,70,31,75,28,71,29,71,25,73,23,74,25,78,23,74,28,72,21,74,20,70,27,71,25,69,25,64,29,62,26,59,27,62,28,60,29,55,28,56,32,53,31,49,35,45,36,45,38,43,41,40,41,32,45,33,43,31,44,26,46,18,46,20,49,20,53,16,54,17,51,12,56,8,63,12,58,7,61,3,67,6,66,-3,0,0]"
CSI_DATA,340,1a:00:00:00:00:00,-49,11,1,0,1,1,1,0,0,0,1,-96,0,11,2,4776982,0,44,0,384,0,"[0,0,0,0,0,0,0,0,0,0,0,0,8,6,8,6,8,5,7,6,7,5,7,5,7,4,6,4,6,4,6,3,5,3,5,3,5,3,4,2,4,2,4,2,3,2,2,1,2,1,2,1,2,1,2,1,1,0,1,0,0,1,0,0,0,0,-1,0,-1,-1,-1,-1,-2,-1,-2,-1,-2,-1,-2,-1,-2,-1,-2,-2,-3,-2,-3,-2,-3,-2,-3,-2,-2,-2,-3,-2,-3,-2,-3,-2,-3,-3,-3,-3,-4,-3,-3,-3,-3,-3,-3,-3,-3,-3,-3,-4,-2,-4,0,0,0,0,0,0,0,0,0,0,0,0,0,0,47,48,43,50,44,46,38,49,39,47,41,47,34,39,34,40,29,35,32,40,28,37,29,34,29,32,26,25,24,27,22,26,23,21,23,18,23,15,19,16,17,17,14,16,15,11,11,9,10,4,5,9,6,6,6,4,2,5,-1,2,-3,3,-2,1,-3,0,-3,-3,-7,-3,-7,-5,-5,-6,-11,-7,-8,-7,-10,-9,-8,-10,-10,-10,-11,-10,-8,-15,-12,-11,-9,-13,-12,-15,-12,-16,-13,-14,-12,-14,-15,-18,-13,-19,-9,-17,-10,-19,-6,-21,-9,-21,-6,-20,0,0,0,0,0,0,0,0,0,0,0,0,0,0,0,0,0,0,0,0,0,0,-54,18,-59,17,-62,13,-65,7,-63,4,-66,0,-64,-4,-66,-5,-70,-8,-69,-8,-71,-14,-74,-12,-72,-16,-75,-19,-76,-17,-73,-20,-82,-22,-71,-19,-78,-24,-75,-25,-74,-26,-77,-29,-70,-23,-74,-26,-76,-28,-72,-25,-70,-25,-73,-26,-68,-20,-70,-20,-64,-19,-67,-16,-66,-15,-68,-15,-62,-11,-63,-9,-59,-7,-55,-4,-54,-3,-56,6,-57,4,-52,7,-56,10,-52,14,-48,16,-51,21,-49,24,-48,25,-49,31,-47,30,-42,35,-48,36,-53,39,-47,42,-48,42,-50,47,-49,49,0,0]"
CSI_DATA,341,1a:00:00:00:00:00,-49,11,1,0,1,1,1,0,0,0,1,-96,0,11,2,4786551,0,44,0,384,0,"[0,0,0,0,0,0,0,0,0,0,0,0,10,3,9,3,9,3,9,3,8,3,8,2,7,2,7,2,7,2,7,1,6,1,6,1,6,1,5,1,5,1,4,1,3,0,3,0,3,0,3,0,2,0,2,0,2,0,1,0,1,0,0,0,0,0,-1,0,-1,0,-1,0,-2,0,-1,-1,-2,-1,-2,0,-2,-1,-3,-1,-3,-1,-3,-1,-3,-1,-3,-1,-3,-1,-4,-1,-4,-1,-4,-1,-4,-1,-4,-1,-4,-2,-4,-2,-4,-2,-4,-2,-4,-2,-4,-3,-4,-3,0,0,0,0,0,0,0,0,0,0,0,0,0,0,27,17,26,16,27,17,25,18,24,17,23,17,22,16,22,14,21,13,21,12,18,14,18,10,18,12,16,9,15,9,15,9,16,8,13,6,11,7,12,5,10,5,11,4,8,2,7,3,6,4,5,1,3,2,3,0,1,2,1,0,-1,1,0,0,0,0,-3,0,-4,-2,-5,-2,-5,-1,-6,-3,-5,-3,-4,-2,-5,-3,-6,-4,-8,-4,-6,-3,-8,-5,-7,-6,-7,-4,-9,-6,-8,-6,-7,-6,-8,-5,-10,-7,-9,-7,-8,-7,-8,-8,-7,-9,-7,-9,0,0,0,0,0,0,0,0,0,0,0,0,0,0,0,0,0,0,0,0,0,0,-25,10,-26,7,-30,7,-32,6,-31,3,-32,2,-34,2,-35,-2,-34,0,-35,-3,-38,-3,-37,-3,-39,-2,-40,-4,-41,-6,-37,-2,-19,-19,-36,-11,-35,-9,-41,-7,-37,-9,-40,-7,-36,-10,-38,-8,-37,-10,-38,-8,-38,-8,-38,-8,-34,-5,-37,-5,-35,-4,-35,-5,-33,-4,-33,-2,-31,-2,-31,1,-30,2,-30,3,-27,5,-27,7,-28,7,-24,8,-27,10,-24,12,-24,13,-23,15,-22,16,-21,16,-21,17,-21,20,-19,20,-20,22,-17,25,-19,22,-18,26,-20,27,-19,27,0,0]"
CSI_DATA,342,1a:00:00:00:00:00,-49,11,1,0,1,1,1,0,0,0,1,-96,0,11,2,4827173,0,44,0,384,0,"[0,0,0,0,0,0,0,0,0,0,0,0,-1,11,-1,10,-1,10,0,9,-1,9,-1,8,-1,8,0,8,0,8,-1,7,0,6,0,6,0,5,-1,5,0,4,0,5,0,4,0,4,0,3,-1,2,0,2,0,2,-1,2,-1,1,-1,1,-1,1,0,0,-1,0,-1,-1,-1,-2,-1,-1,-1,-2,-1,-2,-1,-2,-1,-3,-1,-3,-1,-3,-1,-3,-1,-3,-1,-4,-1,-4,-1,-3,-1,-4,-1,-4,-1,-4,-1,-4,-1,-4,-1,-4,-1,-5,0,-5,0,-5,1,-4,1,-4,0,0,0,0,0,0,0,0,0,0,0,0,0,0,-10,70,-9,64,-9,66,-15,58,-10,63,-11,59,-8,57,-8,56,-9,48,-7,50,-6,46,-4,46,-3,42,-4,40,-1,37,-3,34,-2,34,-2,31,-3,30,-5,24,0,24,-2,19,0,18,-3,18,-3,13,-2,14,-2,10,-4,9,0,6,0,5,-2,1,-4,-1,-4,-3,-4,-3,-1,-3,-3,-8,-2,-8,-3,-11,-3,-12,0,-12,-1,-12,-2,-17,-1,-16,0,-14,1,-19,0,-16,-2,-21,-1,-20,-3,-17,1,-24,-2,-22,2,-21,3,-20,1,-20,3,-22,4,-20,9,-20,0,0,0,0,0,0,0,0,0,0,0,0,0,0,0,0,0,0,0,0,0,0,-37,-42,-38,-45,-33,-49,-32,-54,-30,-54,-31,-59,-26,-60,-26,-61,-23,-70,-24,-66,-21,-68,-20,-70,-23,-74,-22,-78,-19,-78,-16,-75,-16,-80,-17,-77,-16,-78,-14,-76,-14,-73,-15,-81,-17,-76,-10,-79,-16,-75,-15,-75,-13,-75,-14,-75,-18,-65,-18,-70,-16,-63,-22,-65,-21,-63,-22,-60,-21,-60,-27,-58,-28,-53,-32,-53,-36,-49,-34,-50,-36,-42,-38,-38,-38,-38,-41,-35,-41,-35,-42,-31,-47,-25,-50,-20,-49,-21,-53,-16,-54,-14,-58,-15,-64,-12,-61,-12,-65,-11,-65,-12,-69,-8,0,0]"
CSI_DATA,343,1a:00:00:00:00:00,-49,11,1,0,1,1,1,0,0,0,1,-96,0,11,2,4836569,0,44,0,384,0,"[0,0,0,0,0,0,0,0,0,0,0,0,-8,8,-8,7,-7,7,-7,7,-7,6,-7,6,-6,6,-6,6,-6,5,-5,5,-5,5,-5,5,-4,4,-4,4,-4,3,-3,3,-3,3,-3,3,-2,2,-2,2,-2,1,-2,1,-2,1,-1,0,-1,0,-1,0,0,0,-1,0,0,-1,0,-1,0,-1,0,-2,0,-2,0,-2,0,-3,1,-2,1,-2,1,-3,1,-3,1,-3,1,-3,1,-3,1,-3,1,-4,2,-3,2,-3,2,-3,2,-3,2,-3,2,-3,2,-3,3,-3,3,-3,0,0,0,0,0,0,0,0,0,0,0,0,0,0,-26,22,-24,21,-27,21,-26,20,-26,21,-24,19,-22,18,-22,18,-21,17,-20,16,-18,15,-18,14,-16,14,-15,13,-13,14,-12,12,-13,12,-9,11,-10,10,-8,9,-9,8,-8,8,-5,5,-6,6,-6,7,-5,4,-3,1,-4,3,-1,0,-2,0,-2,0,0,-1,-1,-2,-3,-3,-1,-2,2,-2,2,-6,2,-5,3,-7,2,-6,4,-6,2,-6,5,-8,4,-8,5,-7,7,-8,4,-8,5,-7,5,-8,6,-10,6,-10,7,-10,8,-8,6,-6,7,-8,8,-8,10,-7,0,0,0,0,0,0,0,0,0,0,0,0,0,0,0,0,0,0,0,0,0,0,0,-29,2,-32,5,-31,7,-32,8,-33,9,-34,10,-31,12,-34,13,-33,13,-33,15,-33,14,-33,15,-33,16,-35,19,-33,18,-38,27,-46,9,-38,18,-39,22,-34,20,-35,22,-35,19,-34,20,-38,18,-36,18,-35,17,-34,19,-34,17,-32,18,-35,14,-33,13,-35,13,-32,12,-32,11,-32,7,-31,7,-31,5,-30,4,-30,2,-32,1,-29,-2,-30,-3,-28,-5,-27,-8,-28,-7,-27,-9,-26,-12,-26,-15,-24,-15,-24,-16,-25,-18,-23,-20,-26,-21,-25,-22,-25,-26,-26,-25,-27,0,0]"
CSI_DATA,344,1a:00:00:00:00:00,-49,11,1,0,1,1,1,0,0,0,1,-96,0,11,2,4846979,0,44,0,384,0,"[0,0,0,0,0,0,0,0,0,0,0,0,-2,-12,-2,-12,-2,-11,-2,-11,-2,-10,-2,-10,-2,-9,-2,-9,-2,-9,-2,-8,-2,-8,-2,-7,-2,-7,-2,-6,-2,-6,-1,-5,-2,-5,-1,-5,-1,-4,-1,-4,-1,-3,-1,-2,-1,-3,-1,-2,-1,-2,0,-1,0,0,0,-1,0,0,0,0,0,0,0,1,0,1,0,1,1,2,0,1,1,2,0,2,0,2,0,3,0,3,1,3,1,3,1,3,1,3,1,3,0,3,0,3,-1,4,-1,3,0,4,-1,4,-1,4,0,0,0,0,0,0,0,0,0,0,0,0,0,0,-6,-70,-6,-67,-8,-68,-7,-64,-4,-60,-10,-60,-5,-54,-4,-56,-6,-50,-7,-47,-5,-51,-6,-42,-8,-44,-8,-36,-4,-36,-5,-37,-2,-32,-7,-33,-3,-27,-5,-23,-4,-23,-5,-20,-3,-19,-1,-21,0,-16,-2,-12,-2,-10,-2,-6,-2,-9,1,-3,0,-3,1,1,0,2,2,1,4,2,-1,5,3,6,5,10,8,8,7,14,8,14,6,14,4,13,5,17,8,13,3,15,6,16,5,16,4,19,4,21,4,19,4,21,3,23,0,21,-1,25,-2,17,-4,23,0,0,0,0,0,0,0,0,0,0,0,0,0,0,0,0,0,0,0,0,0,0,44,31,45,34,42,38,44,43,39,46,39,50,37,51,39,54,38,56,34,57,36,63,35,59,37,64,37,66,33,67,31,67,35,69,34,69,31,72,30,71,31,68,33,74,27,69,33,69,29,67,33,70,29,65,29,64,32,61,34,62,33,56,34,54,36,53,31,53,37,49,39,46,39,41,39,40,40,38,46,37,43,33,46,25,46,28,48,21,50,21,45,18,48,18,52,11,53,9,54,6,53,1,58,-3,64,-3,59,-7,62,-7,69,-7,68,-5,0,0]"
CSI_DATA,345,1a:00:00:00:00:00,-49,11,1,0,1,1,1,0,0,0,1,-96,0,11,2,4856583,0,44,0,384,0,"[0,0,0,0,0,0,0,0,0,0,0,0,9,-5,9,-5,9,-5,8,-5,8,-5,7,-5,7,-5,6,-5,6,-5,6,-4,5,-4,5,-4,4,-4,4,-3,4,-3,3,-3,3,-3,3,-3,2,-2,2,-2,2,-2,1,-1,1,-2,1,-1,1,-1,0,0,0,0,0,0,0,0,-1,0,-1,1,-1,1,-1,1,-1,1,-1,1,-2,1,-2,1,-2,1,-2,2,-2,2,-2,2,-3,2,-3,2,-2,3,-3,2,-3,2,-3,2,-3,2,-4,2,-4,2,-4,2,-4,2,-4,1,0,0,0,0,0,0,0,0,0,0,0,0,0,0,62,-28,56,-32,58,-27,58,-30,58,-28,52,-30,52,-31,52,-30,46,-26,42,-24,43,-25,41,-26,36,-21,34,-24,31,-18,31,-22,29,-21,24,-21,19,-15,17,-15,19,-12,17,-10,15,-14,12,-12,12,-7,8,-9,7,-4,3,-6,5,-3,6,2,2,0,0,1,6,3,1,1,-4,3,-3,9,-7,4,-4,9,-11,14,-10,11,-9,11,-11,14,-10,12,-8,13,-11,13,-14,11,-13,16,-12,12,-15,16,-13,13,-17,14,-14,13,-19,12,-20,17,-19,14,-23,10,-21,6,0,0,0,0,0,0,0,0,0,0,0,0,0,0,0,0,0,0,0,0,0,0,-18,49,-21,55,-28,53,-36,53,-38,55,-40,53,-39,50,-47,50,-46,52,-48,51,-52,52,-49,53,-53,52,-56,54,-59,50,-56,53,-59,55,-62,53,-60,54,-63,51,-60,51,-60,56,-58,54,-59,50,-61,49,-57,51,-53,52,-54,51,-53,52,-47,52,-44,52,-47,54,-44,52,-41,52,-39,54,-34,53,-28,53,-31,51,-24,53,-22,52,-20,56,-16,50,-8,55,-6,50,-3,54,1,58,6,57,8,56,13,52,14,54,19,54,23,55,26,58,27,51,27,60,30,60,33,62,0,0]"
CSI_DATA,346,1a:00:00:00:00:00,-49,11,1,0,1,1,1,0,0,0,1,-96,0,11,2,4866578,0,44,0,384,0,"[0,0,0,0,0,0,0,0,0,0,0,0,8,7,8,6,8,6,7,6,7,6,6,5,6,5,6,4,6,4,6,4,5,4,5,3,4,3,4,2,4,3,4,2,3,2,2,2,2,1,2,1,2,1,2,1,1,1,1,0,0,1,0,1,0,0,-1,0,-1,0,-1,-1,-2,0,-2,-1,-2,-1,-2,-1,-2,-1,-3,-1,-3,-1,-3,-2,-3,-2,-3,-2,-3,-1,-4,-1,-4,-1,-4,-2,-4,-2,-4,-2,-4,-2,-4,-2,-4,-2,-4,-3,-3,-3,-4,-4,-4,-4,0,0,0,0,0,0,0,0,0,0,0,0,0,0,54,48,49,45,48,43,45,42,47,40,42,37,43,38,41,39,41,34,38,28,36,31,35,27,33,27,31,24,28,23,31,22,28,19,25,17,22,16,26,16,21,9,18,13,14,11,11,8,11,5,10,6,10,6,6,4,2,5,4,2,-2,6,0,6,-4,1,-8,2,-9,2,-7,-2,-7,-3,-12,-3,-13,-4,-12,-6,-13,-2,-10,-7,-16,-1,-14,-7,-18,-3,-18,-5,-18,-7,-18,-7,-19,-5,-20,-10,-19,-9,-22,-8,-23,-10,-19,-13,-17,-11,-24,-13,-20,-14,0,0,0,0,0,0,0,0,0,0,0,0,0,0,0,0,0,0,0,0,0,0,-55,-4,-59,-7,-58,-12,-63,-18,-60,-20,-59,-25,-62,-26,-61,-27,-63,-33,-62,-32,-65,-33,-65,-36,-68,-35,-69,-37,-69,-38,-68,-39,-70,-43,-69,-41,-69,-36,-68,-46,-69,-45,-72,-44,-71,-38,-67,-41,-69,-41,-69,-37,-71,-37,-69,-37,-66,-34,-66,-33,-63,-26,-65,-24,-63,-26,-64,-18,-65,-17,-62,-17,-59,-13,-60,-5,-58,-7,-61,-1,-56,0,-57,9,-52,13,-56,10,-52,13,-45,17,-47,22,-51,24,-48,29,-46,31,-49,37,-44,40,-47,41,-47,45,-45,50,-46,54,-48,46,0,0]"
CSI_DATA,347,1a:00:00:00:00:00,-49,11,1,0,1,1,1,0,0,0,1,-96,0,11,2,4878097,0,44,0,384,0,"[0,0,0,0,0,0,0,0,0,0,0,0,-9,7,-9,7,-7,7,-8,6,-7,6,-7,7,-6,6,-6,6,-5,5,-5,5,-5,5,-4,5,-4,4,-3,4,-3,4,-3,4,-3,3,-2,3,-2,2,-2,2,-2,2,-2,1,-2,1,-1,1,-1,0,-1,0,0,0,-1,0,-1,-1,-1,-2,-1,-2,0,-2,0,-2,0,-2,-1,-3,0,1,-3,0,0,-3,0,-4,0,-4,0,-4,0,-3,0,-4,-1,-4,0,-4,0,-4,0,-4,0,-4,0,-4,0,-4,0,-4,0,-4,1,-4,0,0,0,0,0,0,0,0,0,0,0,0,0,0,-67,17,-69,16,-63,24,-62,21,-65,25,-59,20,-58,21,-53,25,-49,23,-49,21,-47,21,-41,23,-41,23,-36,21,-37,19,-33,16,-31,16,-26,16,-21,13,-23,18,-22,16,-16,12,-16,9,-13,13,-14,9,-13,11,-7,4,-6,2,-5,1,-5,-1,-4,-3,-8,-2,-1,-8,-2,-2,-4,-10,-2,-12,7,-10,-3,-9,11,-11,-3,8,-2,9,-9,-4,1,-14,7,-14,4,-13,7,-20,6,-19,7,-18,10,-18,7,-22,9,-16,10,-23,10,-19,7,-23,14,-20,12,-18,12,-19,0,0,0,0,0,0,0,0,0,0,0,0,0,0,0,0,0,0,0,0,0,0,50,-22,55,-17,62,-17,64,-11,66,-15,64,-10,68,-11,65,-10,69,-5,72,-5,71,-1,76,-4,77,-3,77,-5,78,-4,79,-3,78,-8,81,-6,85,-7,81,-9,84,-10,82,-8,81,-11,77,-10,79,-10,78,-13,76,-12,78,-17,71,-17,66,-21,69,-24,65,-25,61,-28,61,-32,57,-33,54,-32,53,-34,49,-36,45,-39,43,-44,43,-43,33,-46,29,-49,29,-52,23,-47,11,-48,10,-53,6,-56,5,-60,1,-56,-1,-60,-7,-63,-9,-60,-16,-62,-15,-65,-16,-68,-22,-69,0,0]"
CSI_DATA,348,1a:00:00:00:00:00,-49,11,1,0,1,1,1,0,0,0,1,-96,0,11,2,4906804,0,44,0,384,0,"[0,0,0,0,0,0,0,0,0,0,0,0,-2,11,-2,11,-2,11,-2,10,-2,10,-2,9,-1,9,-1,8,-1,8,-1,7,-1,7,-1,7,-1,6,-1,5,-1,5,-1,5,0,4,-1,4,-1,3,0,2,-1,2,-1,1,-1,2,-1,1,-1,1,-1,0,0,0,-1,0,-1,-1,-1,-2,-1,-1,-2,-2,-2,-2,-2,-3,-2,-3,-1,-2,-2,-3,-2,-3,-2,-4,-2,-4,-1,-4,-2,-4,-2,-4,-2,-4,-2,-4,-2,-4,-2,-4,-2,-4,-1,-4,-1,-5,-1,-5,-1,-5,0,-5,0,0,0,0,0,0,0,0,0,0,0,0,0,0,-15,69,-13,63,-10,67,-12,65,-11,62,-12,61,-10,61,-11,56,-9,49,-5,48,-6,48,-7,43,-5,44,-2,42,-4,39,-3,42,-6,32,-2,34,-4,28,-1,27,-4,26,-1,21,-3,19,-1,16,-1,17,0,12,0,12,-1,10,-1,6,0,4,-4,0,-5,0,-1,0,-4,-1,-8,-6,-3,-7,-5,-3,-5,-8,0,-11,-2,-11,-5,-9,-3,-17,-7,-13,-6,-16,-7,-16,-8,-22,-8,-17,-9,-20,-9,-19,-10,-18,-4,-19,-7,-26,-4,-24,-5,-22,-3,-23,-2,-22,1,-28,0,0,0,0,0,0,0,0,0,0,0,0,0,0,0,0,0,0,0,0,0,0,-22,-51,-19,-56,-16,-56,-12,-61,-10,-64,-5,-63,-5,-65,-1,-68,0,-69,-3,-68,1,-70,1,-73,5,-73,3,-77,4,-79,5,-74,4,-81,7,-75,4,-79,6,-76,1,-76,8,-81,7,-76,3,-79,5,-77,0,-77,2,-75,-2,-77,-4,-69,-4,-74,-5,-70,-7,-69,-8,-65,-12,-67,-15,-63,-15,-61,-16,-57,-21,-56,-23,-52,-26,-49,-28,-46,-29,-45,-36,-45,-36,-37,-39,-38,-38,-32,-40,-35,-47,-29,-47,-27,-53,-22,-53,-19,-56,-21,-60,-17,-60,-17,-67,-17,-71,-15,-71,-11,0,0]"
CSI_DATA,349,1a:00:00:00:00:00,-49,11,1,0,1,1,1,0,0,0,1,-96,0,11,2,4917181,0,44,0,384,0,"[0,0,0,0,0,0,0,0,0,0,0,0,-12,0,-12,1,-11,0,-11,0,-10,0,-10,1,-9,1,-9,1,-8,1,-8,1,-7,1,-7,1,-6,1,-6,1,-6,1,-5,1,-5,0,-4,0,-4,0,-4,0,-3,0,-3,0,-2,0,-2,0,-2,-1,-2,-1,0,0,-1,-1,-1,-1,0,-1,0,-2,0,-2,1,-2,1,-2,1,-2,1,-2,1,-2,2,-2,2,-2,2,-2,2,-3,2,-3,2,-3,2,-3,2,-3,3,-3,3,-3,3,-3,3,-3,3,-2,3,-2,3,-2,3,-2,0,0,0,0,0,0,0,0,0,0,0,0,0,0,-71,-13,-71,-17,-69,-19,-65,-12,-61,-12,-60,-10,-58,-13,-61,-11,-54,-11,-54,-12,-49,-8,-47,-6,-45,-6,-41,0,-38,-4,-38,-6,-36,0,-34,-2,-31,-1,-26,-2,-27,1,-18,-1,-19,-3,-16,-1,-19,-1,-15,-1,-13,-1,-10,-3,-7,-3,-6,-2,-5,-3,1,-4,2,-7,4,-8,3,-5,3,-7,7,-12,8,-5,10,-8,10,-11,8,-11,13,-8,13,-6,12,-7,18,-10,17,-12,17,-6,19,-7,19,-8,17,-9,18,-9,21,-5,21,-9,25,-6,22,-5,24,-3,18,-2,0,0,0,0,0,0,0,0,0,0,0,0,0,0,0,0,0,0,0,0,0,0,52,-12,59,-9,57,-6,65,-2,63,1,64,7,63,6,65,8,68,8,67,11,70,15,69,13,72,11,75,14,77,15,76,18,79,17,78,15,78,16,81,14,82,16,80,15,79,15,75,13,76,14,75,14,73,12,73,4,70,9,70,2,69,2,71,-1,68,-4,64,-8,66,-9,63,-11,59,-15,59,-12,58,-17,54,-23,52,-28,45,-29,48,-31,42,-36,39,-37,30,-37,34,-42,33,-50,25,-49,24,-52,25,-53,23,-58,16,-65,15,-59,19,-63,15,-73,14,-71,0,0]"
CSI_DATA,350,1a:00:00:00:00:00,-49,11,1,0,1,1,1,0,0,0,1,-96,0,11,2,4936955,0,44,0,384,0,"[0,0,0,0,0,0,0,0,0,0,0,0,3,-12,3,-11,3,-11,3,-10,3,-10,2,-10,2,-9,2,-9,2,-9,1,-8,2,-8,1,-7,1,-7,1,-6,0,-6,0,-5,0,-5,1,-5,0,-4,0,-4,0,-3,0,-3,0,-3,0,-2,0,-2,0,-2,0,0,0,-1,0,0,0,0,0,0,0,1,0,1,0,1,0,2,0,1,0,2,0,2,0,3,0,3,0,3,0,3,0,2,0,3,0,3,-1,3,0,3,-1,3,-1,3,-1,4,-1,4,-2,3,-2,3,0,0,0,0,0,0,0,0,0,0,0,0,0,0,21,-70,14,-71,18,-72,15,-64,10,-67,14,-62,14,-60,9,-53,12,-55,11,-52,7,-50,5,-49,5,-47,6,-43,3,-35,2,-38,7,-38,3,-31,2,-31,0,-28,-1,-23,-1,-22,1,-18,2,-19,3,-17,0,-16,3,-13,1,-13,1,-5,-2,-7,4,-5,1,-1,4,1,0,4,1,5,7,2,6,8,7,8,4,11,5,12,4,11,5,15,5,14,5,15,6,15,6,20,7,15,8,18,8,18,6,17,6,19,6,20,3,22,5,25,0,23,-2,24,1,22,0,0,0,0,0,0,0,0,0,0,0,0,0,0,0,0,0,0,0,0,0,0,14,49,14,57,9,59,5,60,1,61,1,67,-1,65,-4,68,-3,69,-8,67,-5,74,-10,70,-9,76,-12,74,-9,74,-8,77,-8,77,-10,80,-16,77,-9,80,-9,80,-9,78,-8,79,-11,75,-10,76,-6,78,-11,77,-5,72,0,73,1,70,2,66,0,67,6,65,8,70,8,70,16,58,14,63,20,58,17,54,26,51,24,48,31,46,33,46,36,43,37,35,46,37,44,31,48,31,42,25,49,28,55,21,58,24,59,23,67,16,67,17,71,17,70,22,0,0]"
CSI_DATA,351,1a:00:00:00:00:00,-49,11,1,0,1,1,1,0,0,0,1,-96,0,11,2,4946955,0,44,0,384,0,"[0,0,0,0,0,0,0,0,0,0,0,0,11,1,11,0,11,1,10,0,9,0,9,0,8,0,7,0,8,0,7,0,6,-1,6,-1,6,-1,6,-1,5,-1,4,-1,4,-1,3,-1,3,-1,3,-1,2,0,2,-1,1,0,1,0,1,0,0,0,0,0,0,0,0,0,-1,0,-1,0,-1,1,-1,1,-2,0,-2,1,-3,1,-3,1,-3,1,-3,1,-3,1,-3,1,-3,1,-4,1,-3,1,-4,1,-4,1,-4,1,-4,1,-4,1,-4,1,-4,0,-5,0,-4,0,0,0,0,0,0,0,0,0,0,0,0,0,0,0,76,11,68,15,67,8,66,13,66,10,64,14,58,11,58,8,52,9,53,8,50,5,45,4,44,3,38,3,36,3,38,1,35,2,29,-2,31,-1,27,-1,26,-1,21,0,18,-1,19,-1,13,2,9,-2,8,1,8,1,6,2,8,-1,0,1,2,2,-1,1,-4,3,-7,5,-6,5,-8,5,-10,8,-9,6,-11,11,-9,6,-12,9,-11,8,-14,7,-16,10,-15,7,-15,6,-18,8,-20,8,-20,9,-19,11,-20,8,-19,8,-21,5,-22,6,-22,7,-22,1,0,0,0,0,0,0,0,0,0,0,0,0,0,0,0,0,0,0,0,0,0,0,-52,12,-56,9,-59,5,-63,-1,-63,3,-60,-3,-61,-5,-66,-7,-66,-5,-64,-5,-65,-9,-70,-10,-75,-7,-73,-13,-79,-7,-75,-9,-77,-10,-78,-10,-75,-9,-74,-13,-78,-12,-82,-14,-77,-9,-77,-5,-78,-10,-74,-11,-73,-7,-78,-1,-71,-1,-69,1,-68,0,-67,6,-67,5,-62,10,-62,10,-62,14,-56,18,-58,20,-54,19,-51,27,-52,26,-46,29,-42,31,-38,38,-41,41,-31,39,-33,44,-26,51,-26,54,-26,52,-22,51,-20,61,-16,61,-19,56,-16,67,-16,71,-12,69,0,0]"
CSI_DATA,352,1a:00:00:00:00:00,-49,11,1,0,1,1,1,0,0,0,1,-96,0,11,2,4956583,0,44,0,384,0,"[0,0,0,0,0,0,0,0,0,0,0,0,-6,10,-6,9,-5,9,-6,9,-5,8,-5,8,-4,7,-4,7,-4,7,-4,6,-3,6,-3,6,-3,5,-3,5,-3,4,-2,4,-2,4,-2,3,-2,3,-2,2,-2,2,-2,1,-1,1,-1,1,-2,1,-1,0,0,0,-1,-1,-1,-1,-1,-1,-1,-1,-1,-2,-1,-2,-1,-2,-1,-3,-1,-2,-1,-2,-1,-3,-1,-3,-1,-3,-1,-4,-1,-3,-1,-4,-1,-4,-1,-4,0,-4,0,-4,0,-4,0,-4,0,-5,0,-4,1,-4,1,-4,0,0,0,0,0,0,0,0,0,0,0,0,0,0,-37,62,-42,57,-34,58,-38,58,-37,55,-32,53,-33,51,-32,47,-31,47,-29,45,-25,45,-24,36,-19,37,-20,41,-17,34,-18,36,-17,34,-14,27,-15,25,-8,25,-10,21,-11,19,-11,15,-6,15,-7,14,-9,11,-5,10,-6,12,-6,4,-3,2,-3,1,-6,3,-6,1,-4,-1,-7,-7,-2,-5,-3,-7,0,-8,1,-13,-4,-15,-2,-14,3,-11,-1,-13,0,-15,-1,-18,-2,-18,-3,-19,-1,-21,-1,-20,1,-22,3,-19,3,-22,5,-24,0,-20,3,-23,11,-21,10,-19,0,0,0,0,0,0,0,0,0,0,0,0,0,0,0,0,0,0,0,0,0,0,-1,-52,2,-56,7,-62,12,-59,14,-61,19,-59,20,-63,21,-59,24,-61,22,-62,26,-68,26,-68,27,-68,26,-70,31,-68,32,-69,30,-69,28,-69,27,-70,33,-69,33,-69,32,-70,27,-68,30,-70,29,-68,28,-72,23,-67,28,-70,23,-67,19,-71,19,-65,17,-70,16,-67,11,-66,12,-65,6,-62,3,-60,-2,-58,-3,-58,-6,-58,-10,-53,-16,-55,-19,-52,-22,-51,-23,-46,-29,-48,-36,-47,-33,-42,-37,-43,-40,-46,-48,-40,-49,-39,-48,-37,-56,-36,-56,-37,-61,-40,-64,-40,0,0]"
CSI_DATA,353,1a:00:00:00:00:00,-49,11,1,0,1,1,1,0,0,0,1,-96,0,11,2,4966592,0,44,0,384,0,"[0,0,0,0,0,0,0,0,0,0,0,0,-10,-7,-10,-7,-10,-6,-10,-7,-9,-6,-8,-5,-8,-5,-8,-5,-7,-4,-7,-4,-7,-4,-6,-4,-6,-3,-6,-3,-5,-3,-5,-3,-4,-3,-4,-3,-4,-2,-4,-2,-3,-2,-3,-2,-2,-2,-2,-1,-2,-1,-1,-1,0,0,0,-1,-1,-1,0,-1,0,-1,1,-1,1,-1,1,-1,1,-1,2,-1,2,-1,2,-1,2,0,2,0,2,0,3,0,3,0,3,0,3,0,3,0,3,0,3,0,3,0,3,0,3,1,3,1,3,1,0,0,0,0,0,0,0,0,0,0,0,0,0,0,-53,-49,-60,-43,-54,-41,-50,-46,-53,-41,-47,-39,-48,-39,-46,-35,-45,-34,-45,-33,-42,-31,-36,-27,-39,-25,-34,-24,-37,-20,-30,-19,-32,-19,-27,-18,-26,-17,-27,-11,-23,-13,-20,-12,-19,-12,-14,-13,-15,-11,-8,-11,-10,-7,-8,-5,-6,-11,-3,-6,-5,-8,-1,-5,1,-3,5,-3,4,-1,5,-4,13,1,9,-4,15,-3,13,0,11,-1,13,-1,15,1,16,1,18,-2,16,-1,14,0,17,0,16,1,21,0,22,5,22,0,20,2,20,7,19,3,18,6,16,9,0,0,0,0,0,0,0,0,0,0,0,0,0,0,0,0,0,0,0,0,0,0,50,9,52,14,54,16,56,20,59,22,52,24,58,27,61,29,55,32,59,31,58,33,60,36,62,36,62,36,62,39,61,39,64,38,63,43,64,40,62,44,62,41,67,42,62,40,67,37,67,37,63,33,66,33,64,35,65,34,63,28,64,28,59,25,60,27,63,22,60,12,61,16,61,8,61,3,59,2,55,-2,55,-5,54,-11,52,-10,53,-16,47,-23,51,-22,46,-23,43,-32,45,-33,46,-40,45,-40,42,-45,44,-48,45,-51,38,-54,43,-55,47,-59,0,0]"
CSI_DATA,354,1a:00:00:00:00:00,-49,11,1,0,1,1,1,0,0,0,1,-96,0,11,2,4976970,0,44,0,384,0,"[0,0,0,0,0,0,0,0,0,0,0,0,5,-11,4,-10,4,-10,4,-10,4,-9,3,-9,3,-9,3,-8,3,-8,3,-7,2,-7,2,-7,2,-6,2,-6,1,-5,1,-5,1,-5,1,-4,1,-4,0,-3,1,-3,0,-3,0,-2,0,-2,1,-2,0,-1,0,0,0,-1,0,0,0,0,0,0,1,1,1,1,0,1,0,1,0,1,0,1,0,2,0,2,0,2,0,2,0,2,0,2,0,3,0,3,0,2,0,3,0,3,0,3,-1,3,-1,3,-1,3,-1,3,0,0,0,0,0,0,0,0,0,0,0,0,0,0,38,-64,40,-60,38,-58,33,-60,36,-58,31,-57,31,-52,28,-51,24,-47,25,-47,23,-47,21,-40,20,-41,17,-37,16,-38,16,-38,16,-35,15,-29,10,-22,10,-27,8,-24,8,-24,6,-19,7,-16,6,-15,5,-14,4,-11,4,-12,2,-12,3,-8,3,-3,3,-1,2,1,5,0,3,2,5,4,4,7,2,13,3,12,2,9,1,12,-1,11,1,15,6,11,3,16,1,17,4,16,2,20,2,15,3,20,0,20,-4,19,-2,22,-3,20,-5,24,-11,21,-6,17,0,0,0,0,0,0,0,0,0,0,0,0,0,0,0,0,0,0,0,0,0,0,1,50,-4,55,-5,58,-14,59,-15,60,-16,59,-19,61,-19,62,-24,63,-22,60,-22,64,-28,66,-22,66,-29,67,-27,69,-32,66,-32,68,-26,69,-29,71,-34,70,-34,70,-33,68,-32,66,-26,68,-30,68,-23,71,-23,69,-23,69,-23,64,-18,67,-14,66,-15,67,-18,65,-11,61,-8,63,-6,63,-3,60,3,56,10,59,12,56,9,54,17,50,20,50,23,53,23,48,31,44,35,44,33,41,38,44,45,41,47,39,56,39,49,40,56,38,60,35,60,35,65,39,0,0]"
CSI_DATA,355,1a:00:00:00:00:00,-49,11,1,0,1,1,1,0,0,0,1,-96,0,11,2,4986766,0,44,0,384,0,"[0,0,0,0,0,0,0,0,0,0,0,0,11,2,11,1,10,1,10,2,9,1,9,1,9,1,8,0,8,0,7,0,7,0,6,0,6,0,6,0,5,0,5,0,4,0,4,0,3,0,3,0,2,0,2,-1,2,0,2,0,1,0,0,0,0,0,0,0,0,0,-1,0,-1,0,-1,0,-1,1,-2,1,-2,1,-2,1,-3,1,-3,1,-2,1,-3,1,-3,1,-3,1,-3,1,-3,1,-4,1,-4,1,-4,1,-4,1,-4,0,-4,0,-4,0,-5,0,-4,-1,0,0,0,0,0,0,0,0,0,0,0,0,0,0,73,15,66,18,68,16,64,16,64,16,59,12,58,12,59,12,52,11,51,10,50,9,41,7,45,10,42,6,39,8,37,3,38,3,34,1,28,0,27,5,26,4,24,1,20,5,18,1,17,5,13,0,12,3,7,0,8,1,7,3,5,2,2,7,-1,3,-2,4,-4,6,-6,3,-4,2,-9,4,-11,6,-12,3,-10,5,-15,5,-15,4,-14,4,-15,4,-17,10,-15,4,-22,5,-19,6,-18,5,-21,5,-20,2,-20,4,-21,2,-24,1,-22,-1,-25,-4,0,0,0,0,0,0,0,0,0,0,0,0,0,0,0,0,0,0,0,0,0,0,-48,27,-50,21,-50,23,-57,19,-55,14,-60,12,-61,12,-59,10,-67,7,-68,8,-68,7,-71,8,-70,6,-66,6,-74,4,-75,3,-77,4,-74,2,-74,6,-79,0,-76,1,-82,-1,-77,3,-79,7,-75,2,-79,8,-76,9,-72,6,-71,7,-71,13,-67,15,-67,12,-64,14,-64,12,-61,20,-57,18,-54,22,-54,25,-49,30,-45,30,-46,32,-44,35,-42,39,-37,44,-35,43,-34,41,-31,47,-26,53,-27,53,-23,56,-21,55,-18,59,-18,62,-17,64,-16,67,-16,68,-12,73,0,0]"
CSI_DATA,356,1a:00:00:00:00:00,-49,11,1,0,1,1,1,0,0,0,1,-96,0,11,2,4996648,0,44,0,384,0,"[0,0,0,0,0,0,0,0,0,0,0,0,-6,-11,-6,-10,-6,-10,-6,-10,-5,-9,-5,-8,-5,-8,-5,-8,-5,-7,-5,-7,-5,-7,-5,-6,-4,-6,-4,-5,-3,-5,-3,-5,-3,-4,-3,-4,-3,-3,-2,-3,-2,-3,-2,-3,-2,-3,-2,-2,-1,-2,-1,-2,0,0,0,-1,0,-1,0,-1,0,-1,0,-1,1,0,1,0,1,0,1,0,2,0,2,0,2,1,2,1,2,1,2,1,2,1,2,1,2,1,2,2,2,1,3,1,2,2,2,2,2,2,2,2,2,3,0,0,0,0,0,0,0,0,0,0,0,0,0,0,-42,-61,-39,-65,-37,-65,-38,-59,-38,-56,-36,-63,-36,-54,-34,-50,-27,-47,-30,-46,-31,-43,-24,-39,-29,-38,-28,-34,-25,-35,-23,-30,-23,-28,-22,-28,-17,-25,-16,-21,-18,-20,-17,-19,-14,-15,-12,-14,-10,-12,-12,-9,-7,-10,-6,-9,-4,-8,-3,-8,-3,-5,2,-6,0,-3,5,-6,5,-4,3,-1,7,1,10,3,9,0,10,0,12,1,14,0,12,2,9,4,14,5,16,1,16,8,16,3,15,3,19,8,19,7,17,9,15,8,18,5,16,11,13,13,16,13,0,0,0,0,0,0,0,0,0,0,0,0,0,0,0,0,0,0,0,0,0,0,46,24,47,27,45,33,45,37,43,41,44,44,44,39,43,47,43,46,44,51,44,52,46,52,48,54,46,54,48,59,46,56,51,56,46,57,48,55,49,61,43,59,51,58,50,57,52,58,48,59,51,53,49,53,54,54,49,47,55,47,50,45,51,45,48,41,53,38,57,36,56,35,54,26,55,21,54,18,56,17,55,13,57,6,59,4,55,-2,53,-3,54,-4,53,-13,57,-10,56,-21,54,-23,56,-24,58,-30,61,-34,60,-38,60,-37,61,-37,62,-37,0,0]"
CSI_DATA,357,1a:00:00:00:00:00,-49,11,1,0,1,1,1,0,0,0,1,-96,0,11,2,5006974,0,44,0,384,0,"[0,0,0,0,0,0,0,0,0,0,0,0,-11,-6,-11,-6,-11,-6,-10,-6,-10,-5,-9,-5,-9,-5,-8,-4,-8,-4,-8,-4,-7,-4,-7,-3,-7,-3,-6,-3,-6,-2,-5,-2,-5,-2,-5,-2,-4,-2,-4,-2,-4,-2,-3,-1,-2,-2,-2,-1,-2,-1,-1,-1,0,0,0,-1,-1,-1,0,-1,1,-1,0,-1,0,-1,1,-1,1,-1,1,-1,1,-1,2,-1,2,-1,2,-1,2,-1,2,-1,2,-1,3,0,3,0,3,-1,3,0,3,0,3,0,3,0,3,0,3,0,3,1,0,0,0,0,0,0,0,0,0,0,0,0,0,0,-59,-44,-65,-40,-65,-41,-58,-39,-60,-42,-57,-38,-58,-36,-55,-35,-51,-34,-45,-29,-46,-29,-43,-24,-43,-25,-39,-23,-37,-18,-36,-22,-35,-21,-31,-15,-27,-16,-26,-17,-24,-11,-22,-11,-21,-9,-20,-10,-13,-12,-11,-9,-12,-7,-9,-4,-8,-5,-6,-7,-4,-7,-3,-3,-3,-4,0,-2,8,-6,5,-5,8,-3,10,-5,7,-4,12,-3,11,-3,11,0,10,2,16,-1,16,1,13,-2,15,3,14,-1,18,-1,16,0,21,-1,21,4,21,5,19,6,16,7,22,8,19,9,0,0,0,0,0,0,0,0,0,0,0,0,0,0,0,0,0,0,0,0,0,0,50,-8,54,-6,59,-4,59,3,62,3,65,7,59,14,64,7,64,15,64,11,65,16,70,14,70,18,71,16,72,18,69,24,74,22,75,21,75,25,77,27,74,23,77,21,73,20,72,21,75,22,73,20,72,20,75,13,72,14,72,14,70,12,68,10,67,10,70,5,66,2,64,1,64,-4,61,-2,59,-8,58,-14,62,-15,56,-18,55,-25,54,-24,49,-28,50,-34,47,-37,44,-43,47,-42,43,-47,36,-48,38,-54,42,-58,37,-58,40,-63,41,-66,36,-61,0,0]"
CSI_DATA,358,1a:00:00:00:00:00,-49,11,1,0,1,1,1,0,0,0,1,-96,0,11,2,5036586,0,44,0,384,0,"[0,0,0,0,0,0,0,0,0,0,0,0,-6,11,-6,11,-5,10,-5,10,-5,10,-5,9,-4,9,-4,9,-4,8,-4,7,-4,7,-3,7,-3,6,-3,6,-3,5,-2,5,-2,4,-2,4,-2,3,-2,3,-2,2,-1,2,-2,2,-2,1,-2,1,-1,1,0,0,-1,0,-2,0,-2,-1,-1,-1,-1,-1,-2,-2,-1,-2,-1,-2,-1,-2,-1,-2,-1,-2,-1,-3,-1,-3,-1,-3,-1,-3,-1,-3,-1,-4,-1,-3,-1,-4,0,-4,0,-4,0,-4,0,-4,0,-4,0,-4,1,-4,0,0,0,0,0,0,0,0,0,0,0,0,0,0,-47,63,-48,63,-40,65,-41,61,-40,62,-37,54,-37,57,-33,52,-31,50,-29,47,-30,42,-27,46,-23,41,-24,38,-19,37,-20,36,-21,32,-16,29,-16,30,-12,26,-13,24,-13,22,-11,18,-9,20,-11,17,-14,11,-9,11,-6,11,-4,8,-7,2,-6,6,-4,4,-2,2,-8,1,-2,-1,-4,-6,-6,-9,-6,-11,-1,-7,-2,-13,-4,-10,-2,-13,-1,-10,1,-15,-2,-17,2,-15,0,-14,-1,-19,-2,-17,-3,-20,-1,-19,1,-17,-1,-18,5,-19,2,-21,6,-17,6,-16,0,0,0,0,0,0,0,0,0,0,0,0,0,0,0,0,0,0,0,0,0,0,-11,-51,-7,-53,-1,-55,-1,-60,0,-62,8,-59,10,-63,11,-65,11,-64,15,-63,15,-68,13,-68,16,-71,17,-72,16,-70,18,-70,18,-73,21,-70,20,-75,22,-75,23,-76,23,-79,17,-72,21,-79,19,-72,17,-73,19,-75,15,-74,16,-75,8,-71,12,-70,8,-66,4,-67,-1,-69,2,-68,-4,-65,-8,-63,-6,-59,-10,-57,-14,-56,-15,-62,-23,-53,-27,-54,-30,-52,-31,-47,-40,-45,-40,-47,-43,-43,-48,-41,-51,-46,-51,-44,-54,-42,-59,-36,-60,-42,-65,-45,-65,-42,-68,-41,0,0]"
CSI_DATA,359,1a:00:00:00:00:00,-48,11,1,0,1,1,1,0,0,0,1,-96,0,11,2,5056799,0,44,0,384,0,"[0,0,0,0,0,0,0,0,0,0,0,0,11,-5,10,-5,10,-4,9,-4,9,-4,8,-4,8,-4,7,-4,7,-4,7,-4,6,-4,6,-3,5,-3,5,-3,4,-3,4,-3,3,-3,3,-3,3,-2,3,-2,3,-2,2,-2,2,-2,2,-1,2,-1,1,-1,0,0,0,0,0,0,1,0,0,0,0,1,0,1,-1,1,-1,1,-1,1,-1,1,-1,1,-2,1,-1,1,-1,1,-2,2,-2,1,-2,2,-2,1,-2,2,-2,2,-3,2,-3,2,-3,2,-3,2,-3,1,-3,1,0,0,0,0,0,0,0,0,0,0,0,0,0,0,79,-13,70,-12,73,-14,68,-15,66,-9,61,-12,62,-11,65,-7,57,-12,51,-8,51,-11,50,-7,47,-10,44,-9,39,-6,36,-10,38,-11,35,-11,31,-4,24,-6,27,-4,22,-8,22,-10,19,-5,17,-4,13,-3,12,-2,14,-4,9,-4,6,-2,9,2,6,0,4,-1,-1,3,-1,6,-1,5,-3,5,-2,6,-4,3,-4,7,-6,7,-9,8,-9,9,-8,11,-8,7,-7,9,-11,9,-14,12,-11,10,-12,9,-15,12,-15,10,-19,9,-16,11,-19,9,-18,5,-18,5,0,0,0,0,0,0,0,0,0,0,0,0,0,0,0,0,0,0,0,0,0,0,-24,44,-30,46,-36,44,-39,43,-42,40,-43,39,-46,37,-49,39,-52,41,-49,38,-54,35,-59,35,-59,40,-62,41,-60,38,-60,39,-61,36,-63,39,-63,41,-62,38,-62,38,-64,40,-66,36,-64,38,-66,38,-63,40,-63,41,-59,43,-58,43,-55,43,-54,43,-53,46,-51,43,-50,44,-45,45,-42,47,-39,47,-33,47,-37,47,-32,50,-25,51,-21,55,-19,58,-20,60,-17,55,-8,53,-5,57,-1,62,2,63,-1,62,5,67,10,73,9,68,8,70,11,72,14,72,18,75,0,0]"
CSI_DATA,360,1a:00:00:00:00:00,-48,11,1,0,1,1,1,0,0,0,1,-96,0,11,2,5066740,0,44,0,384,0,"[0,0,0,0,0,0,0,0,0,0,0,0,8,-10,8,-9,7,-9,7,-8,7,-8,6,-8,6,-8,5,-8,5,-7,5,-7,5,-7,4,-7,4,-6,3,-6,3,-5,3,-5,2,-5,2,-4,2,-4,2,-3,2,-3,1,-3,1,-3,1,-2,1,-2,1,-2,0,0,0,-1,1,0,1,0,0,0,1,0,0,1,0,1,0,1,0,1,0,1,0,1,0,1,0,2,0,2,0,2,0,2,0,2,0,2,0,3,-1,2,-1,3,-1,3,-1,3,-1,3,-2,2,-2,3,0,0,0,0,0,0,0,0,0,0,0,0,0,0,52,-58,50,-56,50,-59,48,-56,42,-52,44,-49,40,-43,42,-47,36,-45,34,-45,32,-41,32,-39,29,-39,27,-36,22,-31,23,-31,22,-32,20,-31,17,-27,16,-25,15,-27,12,-19,11,-23,7,-19,10,-17,9,-16,6,-11,9,-10,3,-10,5,-9,4,-6,8,-5,6,-6,5,0,2,3,3,1,3,3,2,0,5,7,6,8,2,8,2,12,3,9,2,12,1,12,2,12,-3,14,2,13,0,17,3,16,0,19,0,19,-2,18,-1,19,-2,18,-3,19,-7,18,0,0,0,0,0,0,0,0,0,0,0,0,0,0,0,0,0,0,0,0,0,0,-9,49,-16,50,-16,48,-24,54,-24,49,-28,50,-31,53,-29,51,-31,55,-33,52,-36,53,-39,54,-38,58,-39,62,-39,61,-36,56,-40,64,-39,61,-43,62,-41,60,-42,59,-41,66,-37,63,-39,60,-37,64,-37,63,-35,67,-35,65,-30,62,-33,67,-26,60,-25,66,-24,64,-20,64,-18,64,-15,61,-9,56,-7,59,-2,57,1,56,6,61,10,55,14,58,18,57,21,54,23,53,25,54,33,52,39,48,35,49,43,50,41,54,51,52,45,48,50,50,58,53,56,50,0,0]"
CSI_DATA,361,1a:00:00:00:00:00,-67,11,1,0,1,1,1,0,0,0,1,-96,0,11,2,5076981,0,44,0,384,0,"[0,0,0,0,0,0,0,0,0,0,0,0,-7,-8,-7,-8,-7,-8,-6,-7,-6,-7,-6,-7,-5,-6,-4,-6,-4,-6,-3,-6,-3,-6,-3,-6,-2,-5,-2,-5,-2,-4,-1,-4,-1,-3,-1,-3,-1,-2,-1,-2,0,-2,0,-2,-1,-2,0,-2,0,-2,0,-2,0,0,0,-1,0,-1,0,0,0,0,0,0,0,0,0,1,0,1,0,1,0,1,0,1,0,2,0,2,-1,2,-1,3,-1,3,-1,3,-1,2,-1,2,-1,3,-1,2,-1,2,-1,2,0,2,0,2,0,2,0,0,0,0,0,0,0,0,0,0,0,0,0,0,-68,33,-68,31,-67,29,-66,27,-64,25,-62,23,-60,22,-57,20,-55,18,-53,17,-50,15,-47,14,-45,13,-43,12,-41,11,-39,10,-37,10,-34,9,-32,8,-30,7,-29,6,-26,5,-24,4,-22,3,-20,2,-18,1,-16,1,-14,0,-12,-1,-10,-2,-8,-3,-7,-3,-5,-4,-3,-4,-2,-5,0,-5,1,-6,3,-6,4,-6,5,-6,6,-6,8,-6,9,-6,10,-5,11,-5,12,-5,13,-4,14,-4,15,-3,15,-3,16,-2,16,-2,17,-1,17,0,17,1,17,1,17,2,0,0,0,0,0,0,0,0,0,0,0,0,0,0,0,0,0,0,0,0,0,0,-29,-44,-27,-46,-26,-48,-24,-50,-22,-52,-19,-55,-17,-57,-15,-59,-13,-61,-11,-63,-10,-65,-8,-66,-7,-68,-5,-69,-3,-71,-2,-72,0,-73,2,-74,3,-74,4,-74,6,-74,7,-75,7,-75,8,-75,9,-74,9,-74,9,-73,9,-72,9,-72,9,-71,9,-70,8,-68,7,-67,5,-66,3,-65,1,-64,0,-63,-3,-62,-5,-61,-7,-61,-9,-60,-12,-58,-14,-58,-16,-57,-18,-57,-20,-56,-23,-56,-25,-56,-28,-57,-30,-57,-33,-58,-35,-59,-36,-60,-38,-61,-39,-63,-40,-64,-40,-65,0,0]"
CSI_DATA,362,1a:00:00:00:00:00,-48,11,1,0,1,1,1,0,0,0,1,-96,0,11,2,5087624,0,44,0,384,0,"[0,0,0,0,0,0,0,0,0,0,0,0,12,0,12,-1,11,0,11,0,10,0,10,-1,9,-1,9,-1,8,-1,8,-1,7,-1,7,-1,7,-1,7,-1,6,-1,5,-1,5,-1,4,-1,4,-1,4,-1,3,-1,3,-1,2,-1,2,0,2,0,1,0,0,0,1,0,1,0,0,0,0,0,0,0,0,1,-1,1,-1,1,-2,1,-2,1,-2,1,-2,1,-2,1,-2,1,-3,1,-2,1,-2,1,-3,1,-3,1,-3,1,-3,1,-3,1,-3,1,-4,1,-4,0,-4,0,0,0,0,0,0,0,0,0,0,0,0,0,0,0,75,0,77,0,77,-1,69,2,73,3,69,1,66,3,60,5,59,2,61,3,58,0,52,-2,51,-1,49,-6,43,1,42,-2,41,-8,38,-4,34,-2,31,-3,29,-4,27,1,24,-2,22,-2,19,1,17,1,18,3,14,-2,14,2,6,-2,9,2,5,1,5,4,3,6,-1,4,-1,5,0,3,-2,5,-5,4,-9,6,-9,6,-7,5,-6,8,-8,5,-13,6,-13,8,-13,8,-11,6,-15,11,-14,6,-17,7,-17,6,-16,2,-17,5,-19,7,-18,2,-21,4,0,0,0,0,0,0,0,0,0,0,0,0,0,0,0,0,0,0,0,0,0,0,-30,39,-34,38,-42,37,-47,31,-50,35,-49,30,-52,32,-55,29,-53,26,-56,33,-63,29,-62,28,-61,31,-67,31,-63,28,-71,30,-69,29,-70,30,-70,30,-72,30,-71,28,-72,26,-70,28,-74,32,-68,32,-69,30,-68,31,-66,33,-64,28,-64,32,-60,34,-63,37,-57,36,-56,37,-54,36,-55,37,-49,40,-46,42,-46,41,-38,45,-36,48,-33,48,-29,50,-27,57,-25,51,-21,53,-17,56,-15,61,-10,59,-11,63,-9,70,-2,71,-5,69,-5,72,-3,72,-4,76,-4,80,0,0]"
CSI_DATA,363,1a:00:00:00:00:00,-48,11,1,0,1,1,1,0,0,0,1,-96,0,11,2,5096983,0,44,0,384,0,"[0,0,0,0,0,0,0,0,0,0,0,0,10,-9,9,-8,9,-8,8,-8,8,-7,8,-7,7,-7,7,-7,6,-7,6,-6,5,-6,5,-6,5,-5,4,-5,4,-5,3,-5,3,-5,3,-4,3,-3,3,-3,2,-3,2,-3,2,-2,2,-2,2,-2,1,-2,0,0,1,-1,1,-1,1,0,0,0,0,1,0,0,0,1,0,1,0,1,-1,1,0,1,-1,2,-1,2,0,2,-1,2,-1,2,-1,2,-1,2,-1,2,-1,2,-1,2,-2,3,-2,3,-2,3,-2,2,-2,2,0,0,0,0,0,0,0,0,0,0,0,0,0,0,60,-49,53,-49,56,-49,54,-44,54,-42,50,-41,50,-40,49,-40,41,-38,43,-40,38,-34,38,-36,33,-31,29,-32,27,-27,30,-28,27,-23,25,-25,23,-25,21,-22,19,-22,19,-20,17,-18,15,-17,14,-12,12,-13,10,-11,9,-12,11,-6,8,-8,7,-5,8,-2,5,-1,4,1,7,2,2,4,3,3,0,7,2,4,-1,7,1,8,0,14,0,10,-1,14,-1,15,-4,10,-5,13,1,15,-6,11,-2,15,-5,14,-6,16,-7,18,-7,10,-12,14,-7,13,-12,11,0,0,0,0,0,0,0,0,0,0,0,0,0,0,0,0,0,0,0,0,0,0,-4,48,-7,54,-13,51,-17,55,-17,51,-19,54,-18,53,-19,54,-25,58,-27,57,-28,56,-29,57,-28,61,-30,62,-29,64,-32,60,-34,65,-30,58,-33,65,-37,62,-33,68,-38,65,-36,64,-32,65,-31,65,-33,66,-36,64,-29,64,-26,64,-27,63,-22,62,-22,67,-21,62,-19,64,-17,64,-12,64,-9,59,-7,58,-9,56,1,60,2,59,6,53,9,63,13,58,16,59,21,50,24,56,32,50,30,53,32,53,36,54,40,54,47,58,41,54,47,61,51,60,49,55,0,0]"
CSI_DATA,364,1a:00:00:00:00:00,-48,11,1,0,1,1,1,0,0,0,1,-96,0,11,2,5106583,0,44,0,384,0,"[0,0,0,0,0,0,0,0,0,0,0,0,12,2,11,2,11,2,11,2,10,2,9,2,9,1,8,1,8,1,8,1,7,0,7,0,6,0,6,0,5,0,5,0,5,0,4,0,4,0,4,0,3,0,3,0,2,0,3,0,2,0,1,0,0,0,1,0,1,0,0,0,0,1,0,0,0,0,-1,0,-1,0,-2,1,-2,1,-2,1,-2,0,-2,1,-2,0,-2,1,-2,1,-2,1,-3,1,-3,1,-3,1,-3,1,-3,1,-4,0,-3,0,-4,0,-4,-1,0,0,0,0,0,0,0,0,0,0,0,0,0,0,36,7,36,10,34,8,35,7,32,9,32,9,29,8,29,6,27,7,27,7,26,4,25,5,24,3,22,4,20,3,20,3,18,3,15,1,15,3,15,2,16,2,12,2,10,2,10,1,8,1,8,1,7,2,5,2,5,0,6,1,4,2,3,0,1,0,1,2,1,4,0,2,-1,2,-1,2,-3,3,-3,3,-3,2,-5,2,-5,1,-6,2,-5,2,-5,2,-6,2,-6,2,-8,3,-7,3,-9,1,-7,2,-9,1,-7,1,-9,-1,-10,0,-9,0,0,0,0,0,0,0,0,0,0,0,0,0,0,0,0,0,0,0,0,0,0,0,-19,14,-21,12,-23,10,-25,10,-25,10,-26,9,-29,6,-27,7,-30,6,-29,6,-30,7,-32,7,-33,7,-34,5,-33,8,-35,5,-37,8,-36,7,-36,6,-36,8,-37,6,-37,7,-36,8,-39,6,-36,5,-36,8,-35,7,-36,8,-33,8,-34,9,-34,9,-32,12,-31,10,-31,11,-30,15,-29,15,-27,15,-26,16,-25,16,-25,18,-24,17,-21,20,-20,20,-19,23,-18,23,-17,25,-15,27,-13,27,-12,28,-13,31,-12,29,-10,33,-10,33,-8,35,-11,37,-7,35,-8,36,0,0]"
CSI_DATA,365,1a:00:00:00:00:00,-48,11,1,0,1,1,1,0,0,0,1,-96,0,11,2,5116562,0,44,0,384,0,"[0,0,0,0,0,0,0,0,0,0,0,0,4,10,3,9,4,10,3,9,3,9,3,8,3,8,3,7,3,7,3,7,2,7,2,6,2,5,2,5,2,4,2,4,1,4,1,4,1,3,1,3,1,3,1,2,0,2,1,2,0,1,0,1,0,0,-1,1,-1,1,-1,0,-1,1,-1,0,-1,0,-1,-1,-2,0,-2,-1,-2,-1,-2,-1,-2,-1,-2,-1,-2,-1,-2,-2,-2,-2,-2,-2,-3,-2,-2,-2,-2,-2,-3,-2,-2,-3,-2,-3,-2,-3,-2,-3,-2,-3,0,0,0,0,0,0,0,0,0,0,0,0,0,0,46,64,39,63,44,59,42,62,42,60,37,58,36,52,35,52,32,45,36,47,33,43,32,40,29,40,25,34,26,33,22,29,22,35,25,28,21,27,21,22,20,27,16,22,16,20,12,20,11,20,11,11,13,13,7,11,5,12,9,11,2,10,4,9,1,9,-3,4,0,3,-5,1,-5,7,-7,1,-6,0,-7,1,-9,-1,-9,1,-9,-1,-13,-1,-10,-2,-14,-3,-13,-2,-16,-7,-12,-8,-16,-7,-15,-4,-18,-7,-20,-10,-13,-10,-14,-12,-14,-12,-16,-15,0,0,0,0,0,0,0,0,0,0,0,0,0,0,0,0,0,0,0,0,0,0,-47,-6,-49,-8,-51,-12,-58,-15,-52,-22,-52,-23,-58,-20,-53,-24,-58,-22,-54,-28,-58,-36,-58,-33,-62,-35,-61,-41,-61,-41,-58,-22,-45,-31,-23,-22,-61,-21,-71,-36,-61,-31,-70,-37,-62,-39,-62,-39,-65,-39,-63,-36,-63,-36,-65,-36,-67,-29,-66,-29,-61,-28,-66,-27,-65,-21,-61,-21,-69,-20,-68,-13,-63,-12,-62,-9,-59,-7,-61,-2,-59,0,-62,7,-61,10,-62,12,-59,14,-56,21,-52,23,-61,25,-56,29,-59,31,-58,35,-59,40,-61,45,-56,44,-65,42,-65,44,-61,44,0,0]"
CSI_DATA,366,1a:00:00:00:00:00,-48,11,1,0,1,1,1,0,0,0,1,-96,0,11,2,5148535,0,44,0,384,0,"[0,0,0,0,0,0,0,0,0,0,0,0,-2,12,-2,11,-1,11,-1,10,-1,10,-2,9,-1,10,-1,9,-1,8,-1,8,-1,8,-1,7,-1,7,0,6,-1,5,0,6,0,5,0,5,-1,4,-1,4,0,3,-1,3,-1,3,-1,2,-1,2,-1,2,0,0,-1,1,-1,1,-1,0,-2,0,-1,0,-1,-1,-2,-1,-2,-1,-2,-1,-2,-1,-2,-1,-2,-2,-2,-2,-2,-2,-2,-2,-2,-2,-2,-2,-2,-2,-2,-2,-2,-3,-2,-3,-2,-3,-2,-3,-1,-4,-1,-3,-1,-4,0,0,0,0,0,0,0,0,0,0,0,0,0,0,6,79,5,82,8,79,9,73,1,73,5,68,7,70,5,64,5,59,3,60,9,57,6,49,6,51,5,44,7,42,4,43,6,38,2,37,2,35,5,34,6,33,3,29,5,24,3,26,-3,21,2,15,1,17,2,16,-1,13,-1,11,0,8,-1,10,-4,10,-5,8,-6,5,-6,4,-4,-1,-7,-3,-9,-4,-6,-3,-7,-5,-8,-5,-10,-8,-11,-7,-10,-7,-8,-8,-8,-8,-10,-9,-12,-12,-11,-11,-9,-15,-8,-13,-7,-16,-6,-17,-7,-17,-6,-16,-4,-14,0,0,0,0,0,0,0,0,0,0,0,0,0,0,0,0,0,0,0,0,0,0,-43,-23,-44,-28,-44,-31,-44,-38,-41,-36,-36,-41,-45,-41,-40,-45,-41,-44,-39,-45,-39,-50,-41,-53,-41,-53,-40,-54,-39,-58,-41,-59,-45,-57,-40,-58,-42,-59,-45,-58,-47,-61,-48,-57,-47,-64,-43,-62,-42,-61,-45,-60,-42,-60,-43,-60,-47,-56,-48,-57,-45,-54,-50,-50,-49,-52,-50,-50,-50,-46,-46,-43,-49,-36,-52,-39,-52,-33,-55,-29,-54,-29,-56,-21,-59,-23,-56,-17,-61,-15,-64,-14,-60,-9,-66,-4,-67,-4,-69,3,-65,6,-69,5,-68,6,-76,6,-79,7,-78,12,-77,6,0,0]"
CSI_DATA,367,1a:00:00:00:00:00,-48,11,1,0,1,1,1,0,0,0,1,-96,0,11,2,5166602,0,44,0,384,0,"[0,0,0,0,0,0,0,0,0,0,0,0,-8,-11,-7,-11,-7,-10,-7,-10,-7,-10,-7,-9,-7,-9,-6,-8,-6,-8,-6,-7,-6,-7,-5,-7,-5,-6,-5,-6,-5,-5,-4,-5,-4,-5,-4,-5,-4,-4,-3,-4,-3,-3,-3,-3,-2,-3,-3,-3,-2,-2,-2,-3,0,0,-1,-2,-1,-2,-1,-2,0,-2,0,-1,0,-1,0,-1,1,-1,1,-1,1,-1,1,-1,1,0,1,-1,2,0,2,0,2,0,2,0,2,0,3,0,2,0,3,0,2,0,2,1,2,1,2,1,2,1,0,0,0,0,0,0,0,0,0,0,0,0,0,0,-32,-71,-34,-66,-32,-66,-34,-69,-32,-65,-33,-64,-32,-56,-28,-57,-28,-54,-24,-53,-27,-45,-24,-46,-25,-43,-22,-41,-21,-36,-24,-35,-23,-34,-22,-27,-18,-33,-17,-26,-20,-24,-19,-22,-18,-23,-12,-19,-8,-19,-10,-20,-12,-13,-10,-15,-7,-13,-9,-11,-5,-13,-4,-9,1,-9,-2,-5,1,-9,4,-6,7,-5,4,-5,4,-2,4,-2,8,-3,12,0,6,2,10,1,11,1,9,5,8,2,15,2,14,2,13,3,13,4,13,6,17,7,15,10,14,10,13,10,13,10,0,0,0,0,0,0,0,0,0,0,0,0,0,0,0,0,0,0,0,0,0,0,41,14,44,21,41,23,47,28,43,31,41,32,41,34,41,34,44,36,45,39,47,45,46,42,47,44,47,48,48,47,48,46,49,47,46,46,49,48,48,44,54,47,52,48,51,44,52,45,55,48,55,43,50,44,54,44,55,42,54,46,52,34,59,33,55,34,54,31,56,29,58,26,61,21,56,16,59,15,58,13,59,10,57,4,58,1,60,0,58,-4,63,-12,59,-14,61,-16,65,-19,59,-20,62,-25,61,-28,64,-28,64,-32,69,-36,70,-35,72,-33,0,0]"
CSI_DATA,368,1a:00:00:00:00:00,-48,11,1,0,1,1,1,0,0,0,1,-96,0,11,2,5176616,0,44,0,384,0,"[0,0,0,0,0,0,0,0,0,0,0,0,12,-6,11,-5,11,-5,10,-5,10,-5,9,-5,9,-5,8,-5,7,-4,7,-5,7,-4,6,-4,6,-4,6,-4,6,-4,5,-4,4,-3,4,-3,4,-3,3,-3,3,-3,3,-2,2,-2,2,-2,2,-2,2,-1,0,0,1,-1,1,-1,1,0,0,0,1,0,1,0,0,1,0,0,0,1,0,1,0,1,-1,1,-1,1,0,2,-1,1,-1,2,-1,2,-1,2,-1,2,-1,2,-2,2,-2,2,-2,2,-2,2,-3,2,-3,2,0,0,0,0,0,0,0,0,0,0,0,0,0,0,76,-23,77,-25,66,-27,70,-22,72,-22,62,-21,61,-26,58,-24,64,-23,52,-17,49,-17,52,-19,47,-18,46,-17,41,-19,39,-16,38,-18,34,-16,31,-14,26,-14,27,-13,28,-12,21,-13,21,-10,19,-11,17,-11,20,-6,13,-7,12,-9,17,-5,9,-1,11,-3,10,1,7,2,8,0,0,3,6,5,3,5,-1,4,-2,7,2,9,-1,11,-2,9,0,11,-2,9,-4,13,-4,13,-7,12,-3,14,-4,11,-10,13,-7,14,-9,12,-13,16,-15,13,-13,13,-13,12,0,0,0,0,0,0,0,0,0,0,0,0,0,0,0,0,0,0,0,0,0,0,-23,42,-24,37,-34,41,-36,39,-38,42,-41,36,-41,36,-41,33,-45,37,-49,38,-52,41,-51,41,-50,41,-51,41,-51,43,-53,43,-52,42,-58,49,-55,43,-59,43,-58,45,-61,47,-61,48,-55,48,-55,46,-53,51,-51,47,-50,48,-49,49,-47,52,-46,51,-43,47,-44,49,-43,53,-36,53,-37,52,-32,54,-26,55,-23,55,-22,59,-18,52,-15,62,-10,55,-5,61,-4,58,-6,60,-1,64,6,65,9,67,13,66,17,67,21,69,21,68,24,72,26,70,28,78,30,74,0,0]"
CSI_DATA,369,1a:00:00:00:00:00,-48,11,1,0,1,1,1,0,0,0,1,-96,0,11,2,5186575,0,44,0,384,0,"[0,0,0,0,0,0,0,0,0,0,0,0,13,2,12,2,12,2,11,2,10,2,10,1,9,1,9,1,9,1,8,1,8,1,7,0,7,0,6,1,6,0,5,0,5,0,5,0,5,0,4,0,4,0,3,0,3,0,3,0,3,0,2,0,0,0,1,1,1,0,1,0,0,0,0,1,0,0,0,0,-1,1,-1,1,-1,1,-2,1,-2,1,-2,1,-2,1,-2,1,-2,1,-2,1,-3,1,-3,1,-3,1,-3,1,-3,0,-3,0,-4,0,-4,0,-4,-1,0,0,0,0,0,0,0,0,0,0,0,0,0,0,39,7,38,7,39,5,37,7,36,6,33,4,32,6,32,5,31,4,29,4,27,5,26,4,24,3,24,2,21,2,21,2,19,1,18,2,18,0,17,2,15,1,15,0,11,0,11,1,12,2,10,2,10,1,9,-1,7,0,7,1,5,1,4,1,4,1,3,2,3,2,1,2,-1,3,-2,2,-1,3,-3,3,-4,3,-2,3,-5,2,-4,2,-5,4,-4,4,-3,5,-4,4,-6,4,-8,3,-6,2,-8,3,-9,2,-8,2,-10,2,-7,1,-9,0,0,0,0,0,0,0,0,0,0,0,0,0,0,0,0,0,0,0,0,0,0,0,-20,14,-20,13,-23,13,-25,11,-26,11,-25,10,-26,9,-28,10,-29,10,-29,9,-30,8,-31,9,-33,10,-31,10,-33,11,-33,8,-34,10,-34,10,-34,8,-37,11,-36,8,-35,9,-35,10,-35,9,-34,8,-34,11,-35,10,-36,10,-32,12,-33,13,-30,13,-30,14,-30,15,-30,16,-29,16,-27,17,-26,16,-25,19,-25,20,-22,21,-22,21,-21,24,-20,25,-15,25,-16,24,-13,27,-14,30,-13,29,-10,30,-10,32,-10,32,-7,33,-8,38,-9,37,-6,38,-7,40,-7,41,0,0]"
CSI_DATA,370,1a:00:00:00:00:00,-48,11,1,0,1,1,1,0,0,0,1,-96,0,11,2,5196586,0,44,0,384,0,"[0,0,0,0,0,0,0,0,0,0,0,0,-9,9,-8,9,-8,8,-8,8,-7,7,-7,7,-7,7,-7,7,-6,7,-6,6,-6,6,-5,6,-4,5,-4,5,-4,4,-4,5,-4,4,-3,4,-3,3,-3,3,-3,3,-3,2,-2,2,-2,2,-2,1,-2,2,0,0,-2,1,-2,0,-2,0,-2,0,-2,-1,-1,-1,-1,-1,-1,-2,-1,-1,-1,-2,-1,-2,-1,-2,-1,-2,-1,-3,-1,-2,-1,-2,-1,-3,-1,-3,-1,-3,0,-3,0,-3,0,-4,0,-3,0,-4,1,-3,1,-3,0,0,0,0,0,0,0,0,0,0,0,0,0,0,-57,61,-48,57,-47,56,-49,55,-50,52,-49,54,-43,50,-42,45,-41,43,-42,45,-40,40,-34,40,-33,38,-29,32,-28,33,-27,36,-29,32,-24,30,-25,28,-21,26,-16,27,-18,23,-14,22,-14,19,-15,17,-16,15,-12,14,-8,19,-9,6,-6,11,-10,9,-11,2,-10,1,-6,0,-7,3,-7,0,-8,-5,-5,-4,-4,-4,-2,-7,-3,-4,-6,-8,-2,-8,-5,-9,-4,-13,-3,-12,2,-15,-2,-14,1,-15,-1,-15,2,-16,4,-17,0,-15,4,-17,6,-18,7,-16,6,-18,0,0,0,0,0,0,0,0,0,0,0,0,0,0,0,0,0,0,0,0,0,0,-5,-49,-2,-50,0,-51,5,-53,7,-54,6,-54,13,-54,8,-59,11,-57,13,-55,15,-58,11,-62,11,-64,16,-66,15,-66,19,-60,21,-67,15,-66,17,-69,19,-67,18,-67,15,-74,17,-74,16,-72,19,-67,15,-70,17,-72,15,-74,11,-66,8,-69,9,-66,7,-69,5,-65,6,-68,3,-65,-1,-66,-4,-60,-6,-62,-8,-61,-16,-61,-18,-57,-21,-54,-25,-58,-29,-54,-31,-55,-31,-52,-38,-52,-38,-52,-47,-53,-49,-51,-51,-49,-55,-49,-55,-52,-56,-50,-58,-51,-62,-53,-62,-55,0,0]"
CSI_DATA,371,1a:00:00:00:00:00,-48,11,1,0,1,1,1,0,0,0,1,-96,0,11,2,5217011,0,44,0,384,0,"[0,0,0,0,0,0,0,0,0,0,0,0,10,6,9,6,10,6,9,6,9,6,8,5,8,5,7,4,7,4,7,4,6,4,6,3,6,3,5,3,5,3,5,2,4,2,4,2,4,2,4,1,3,1,3,1,2,1,3,1,2,1,1,1,0,0,1,1,1,1,0,1,0,1,0,0,0,1,-1,0,-1,0,-2,0,-2,0,-2,0,-2,0,-2,0,-2,0,-3,0,-3,0,-3,0,-3,0,-3,0,-3,0,-3,-1,-3,-1,-3,-1,-4,-1,-4,-1,-3,-2,0,0,0,0,0,0,0,0,0,0,0,0,0,0,67,50,59,51,65,50,59,47,60,40,53,44,54,43,54,42,51,34,48,33,44,32,44,33,45,29,43,25,38,21,36,22,36,22,37,21,34,17,31,14,29,17,29,15,24,12,21,14,21,11,20,7,16,9,15,8,17,9,14,9,10,7,11,5,4,10,4,7,3,4,-1,7,-1,4,-4,9,-7,4,-9,5,-9,3,-6,6,-12,5,-11,6,-13,8,-10,8,-18,7,-13,5,-16,4,-14,5,-18,3,-18,1,-20,0,-20,2,-21,-1,-18,-1,-20,-4,0,0,0,0,0,0,0,0,0,0,0,0,0,0,0,0,0,0,0,0,0,0,-46,-5,-51,-13,-52,-13,-49,-19,-53,-18,-54,-23,-51,-25,-54,-27,-56,-28,-53,-26,-57,-28,-57,-28,-58,-28,-58,-27,-65,-30,-61,-29,-65,-28,-64,-30,-68,-34,-66,-27,-66,-28,-69,-29,-64,-34,-63,-26,-68,-29,-67,-26,-66,-26,-70,-25,-71,-20,-72,-19,-66,-17,-67,-10,-71,-12,-68,-12,-70,-11,-69,-3,-62,-1,-66,8,-66,4,-63,14,-65,16,-62,17,-59,21,-59,28,-58,31,-60,39,-60,35,-54,42,-52,46,-50,47,-47,52,-51,55,-53,60,-51,57,-51,67,-56,65,-51,63,0,0]"
CSI_DATA,372,1a:00:00:00:00:00,-48,11,1,0,1,1,1,0,0,0,1,-96,0,11,2,5226566,0,44,0,384,0,"[0,0,0,0,0,0,0,0,0,0,0,0,12,1,12,0,11,1,11,1,10,1,10,0,9,0,9,0,8,0,8,0,8,0,7,-1,7,0,6,0,6,0,5,-1,5,-1,5,-1,4,-1,4,0,4,0,3,0,3,-1,3,-1,2,-1,2,0,0,0,1,0,1,0,1,0,0,0,0,1,0,0,0,1,0,0,-1,1,-1,1,-1,1,-1,1,-1,1,-2,1,-2,1,-2,1,-2,1,-3,1,-3,1,-3,1,-3,1,-3,1,-3,1,-3,1,-4,0,-4,0,0,0,0,0,0,0,0,0,0,0,0,0,0,0,82,-6,75,-6,79,0,76,-3,69,-3,67,-5,66,-5,67,-4,62,-2,57,-3,53,-7,56,-3,51,-5,49,-7,43,-4,42,-3,38,-3,36,-7,36,-7,33,-6,32,-7,28,-8,25,-5,26,-6,23,-2,21,-4,17,0,14,-3,16,-4,14,-6,11,-2,14,-2,8,3,6,0,5,5,3,6,1,8,2,3,-1,4,0,5,1,7,-4,9,-4,7,-4,6,-5,13,-7,8,-8,10,-11,9,-9,11,-9,10,-11,12,-13,8,-13,12,-15,10,-15,11,-15,7,-17,3,0,0,0,0,0,0,0,0,0,0,0,0,0,0,0,0,0,0,0,0,0,0,-34,29,-38,25,-40,28,-42,26,-48,26,-49,25,-49,25,-51,26,-51,23,-53,26,-58,24,-56,24,-59,28,-59,25,-61,29,-57,15,-29,-9,-49,10,-68,21,-61,34,-66,29,-62,32,-66,30,-65,28,-66,28,-63,32,-65,32,-65,34,-60,33,-60,35,-56,33,-57,39,-53,37,-53,40,-48,43,-46,46,-43,45,-42,45,-39,46,-36,47,-34,48,-30,53,-27,58,-23,54,-21,59,-18,65,-16,59,-10,64,-6,62,-5,68,-2,71,-1,72,3,72,-1,73,8,80,5,83,9,82,0,0]"
CSI_DATA,373,1a:00:00:00:00:00,-48,11,1,0,1,1,1,0,0,0,1,-96,0,11,2,5236574,0,44,0,384,0,"[0,0,0,0,0,0,0,0,0,0,0,0,-5,11,-5,11,-5,10,-5,10,-5,9,-5,9,-4,9,-4,8,-4,8,-3,7,-3,8,-3,7,-3,6,-3,6,-3,6,-3,5,-2,5,-2,4,-2,4,-2,4,-2,3,-2,3,-2,3,-2,3,-1,2,-1,2,0,0,-1,2,-2,0,-2,0,-1,0,-2,0,-2,-1,-2,-1,-2,-1,-2,-1,-2,-1,-1,-2,-1,-2,-1,-2,-1,-2,-2,-2,-1,-2,-1,-3,-1,-3,-1,-3,-1,-3,-1,-3,0,-3,-1,-4,-1,-3,0,-3,0,-3,0,0,0,0,0,0,0,0,0,0,0,0,0,0,-44,72,-39,66,-43,67,-40,66,-42,61,-38,61,-35,56,-38,55,-29,47,-31,49,-27,49,-30,42,-27,43,-23,43,-22,40,-22,37,-23,38,-20,35,-19,31,-15,29,-13,29,-10,28,-13,25,-11,19,-10,16,-11,18,-10,12,-8,15,-8,11,-9,8,-7,9,-11,7,-7,7,-9,2,-7,2,-9,2,-8,-1,-10,-3,-9,-5,-5,-8,-4,-8,-5,-10,-6,-9,-3,-12,-5,-11,-1,-12,-3,-13,-6,-13,-4,-16,-2,-16,-2,-19,0,-19,2,-21,2,-18,3,-17,7,-19,6,-17,0,0,0,0,0,0,0,0,0,0,0,0,0,0,0,0,0,0,0,0,0,0,-18,-42,-13,-46,-14,-48,-12,-53,-9,-51,-5,-56,-3,-53,-4,-54,-3,-56,-5,-57,-3,-58,-2,-62,0,-65,-1,-66,-2,-69,1,-66,-1,-69,0,-67,-2,-70,3,-73,3,-66,-1,-74,0,-69,-1,-69,3,-73,-1,-74,-3,-73,-3,-71,-4,-68,-7,-68,-8,-65,-10,-68,-9,-64,-13,-67,-14,-63,-18,-61,-19,-58,-19,-61,-20,-53,-26,-53,-30,-55,-31,-49,-35,-49,-41,-48,-45,-50,-40,-44,-45,-41,-49,-42,-53,-46,-55,-39,-62,-37,-63,-41,-70,-39,-65,-38,-71,-39,-68,-41,-68,-40,0,0]"
CSI_DATA,374,1a:00:00:00:00:00,-48,11,1,0,1,1,1,0,0,0,1,-96,0,11,2,5246564,0,44,0,384,0,"[0,0,0,0,0,0,0,0,0,0,0,0,-13,-4,-13,-4,-12,-3,-12,-4,-11,-4,-11,-3,-10,-3,-10,-2,-9,-3,-9,-2,-8,-2,-8,-2,-8,-2,-7,-2,-7,-2,-7,-1,-6,-1,-5,-1,-6,-1,-5,-1,-5,-1,-4,-1,-4,-1,-4,-1,-3,-1,-3,-1,0,0,-2,-1,-2,-2,-2,-2,-1,-1,-1,-2,-1,-2,-1,-2,0,-2,0,-2,0,-1,0,-2,0,-2,1,-2,1,-2,2,-2,1,-2,1,-2,2,-2,2,-2,2,-1,2,-1,2,-1,2,-1,3,-1,3,-1,3,0,0,0,0,0,0,0,0,0,0,0,0,0,0,0,-80,-20,-82,-25,-77,-20,-74,-17,-75,-20,-67,-16,-64,-18,-63,-15,-62,-17,-58,-14,-56,-15,-54,-12,-54,-13,-51,-7,-47,-11,-43,-6,-40,-7,-41,-4,-35,-4,-35,-3,-31,-8,-28,-2,-27,-5,-26,-2,-21,-1,-22,-3,-21,-3,-21,-2,-16,-6,-15,-3,-12,-6,-9,-8,-8,-4,-6,-7,-7,-4,-2,-4,-2,-2,-2,-9,-1,-4,1,-6,5,-8,5,-6,5,-11,8,-9,8,-6,11,-8,9,-9,13,-9,14,-8,12,-9,13,-10,14,-8,17,-7,17,-5,13,-7,16,-5,20,3,0,0,0,0,0,0,0,0,0,0,0,0,0,0,0,0,0,0,0,0,0,0,39,-26,43,-23,48,-18,48,-16,50,-15,51,-15,54,-9,53,-17,57,-12,55,-12,53,-10,58,-11,55,-10,57,-13,59,-8,81,-20,60,-65,52,-24,66,-25,66,-6,68,-16,69,-11,70,-14,70,-15,70,-16,66,-19,62,-14,63,-17,69,-17,70,-19,66,-20,62,-22,62,-24,59,-25,61,-30,53,-31,54,-37,51,-35,50,-38,44,-42,44,-42,45,-43,39,-51,39,-52,34,-52,32,-54,29,-58,29,-65,23,-62,22,-66,20,-68,22,-74,22,-72,14,-72,18,-77,22,-76,21,-80,0,0]"
CSI_DATA,375,1a:00:00:00:00:00,-48,11,1,0,1,1,1,0,0,0,1,-96,0,11,2,5256588,0,44,0,384,0,"[0,0,0,0,0,0,0,0,0,0,0,0,12,-6,11,-6,10,-6,11,-5,10,-5,9,-5,9,-5,8,-5,8,-5,7,-4,7,-5,6,-5,6,-4,6,-4,5,-3,5,-4,4,-4,4,-3,4,-3,4,-3,3,-2,3,-2,3,-2,2,-2,2,-2,2,-2,0,0,1,-1,1,-1,1,-1,1,0,1,0,0,0,0,0,0,1,0,1,0,1,-1,1,-1,2,0,1,-1,2,-1,2,-1,2,-1,2,-1,2,-2,2,-2,2,-2,2,-2,2,-2,2,-2,2,-3,2,-3,2,0,0,0,0,0,0,0,0,0,0,0,0,0,0,76,-35,80,-36,71,-37,69,-31,71,-33,67,-29,64,-29,62,-24,60,-29,54,-28,53,-30,53,-26,47,-27,43,-23,42,-21,37,-24,36,-24,34,-24,33,-21,31,-22,30,-19,25,-18,25,-17,19,-16,21,-12,17,-10,19,-11,12,-5,13,-7,16,-8,13,-3,9,-5,10,-2,8,0,5,0,5,-1,6,4,7,4,4,6,4,8,3,10,-1,7,3,8,-1,10,-3,11,-4,15,-4,12,-2,14,-5,11,-5,14,-6,14,-10,15,-10,16,-9,15,-14,15,-13,15,-14,12,0,0,0,0,0,0,0,0,0,0,0,0,0,0,0,0,0,0,0,0,0,0,-21,42,-26,41,-29,42,-31,41,-35,42,-36,42,-35,41,-38,42,-41,44,-41,44,-41,45,-47,45,-48,45,-46,47,-45,48,-52,48,-49,49,-50,47,-50,49,-49,51,-48,52,-50,53,-50,53,-52,54,-48,54,-48,55,-50,54,-45,55,-44,57,-43,54,-42,56,-41,58,-37,57,-31,58,-31,62,-27,61,-20,58,-23,63,-16,58,-17,63,-8,62,-6,65,-2,62,1,68,4,61,6,58,12,66,17,66,22,65,23,67,24,68,29,71,30,72,33,71,32,76,39,75,33,73,0,0]"
CSI_DATA,376,1a:00:00:00:00:00,-48,11,1,0,1,1,1,0,0,0,1,-96,0,11,2,5266593,0,44,0,384,0,"[0,0,0,0,0,0,0,0,0,0,0,0,5,12,5,11,5,11,4,10,4,10,4,9,4,9,4,8,4,8,4,7,3,7,3,7,3,6,3,6,3,5,2,5,2,5,2,4,2,4,2,3,1,3,2,3,1,3,1,2,1,2,0,2,0,0,0,2,0,1,-1,1,-1,1,-1,0,-1,0,-1,0,-1,0,-2,0,-2,0,-2,0,-2,-1,-2,-1,-2,-1,-2,-1,-3,-1,-3,-2,-3,-2,-3,-2,-3,-2,-3,-2,-3,-2,-3,-3,-3,-3,-3,-3,-2,-3,0,0,0,0,0,0,0,0,0,0,0,0,0,0,29,77,29,76,30,74,34,70,33,72,28,70,25,63,24,58,27,61,25,57,26,55,28,51,25,46,21,43,21,45,23,38,18,38,19,35,19,33,16,34,16,27,16,24,13,24,14,22,12,21,10,16,10,18,7,14,6,13,6,14,3,13,2,10,-1,10,4,13,-6,9,-3,6,-6,8,-6,4,-8,3,-6,0,-9,0,-12,0,-11,2,-11,-4,-12,-3,-16,-2,-15,-4,-16,-6,-13,-4,-14,-6,-14,-7,-15,-8,-15,-10,-20,-12,-13,-10,-12,-14,-12,-13,0,0,0,0,0,0,0,0,0,0,0,0,0,0,0,0,0,0,0,0,0,0,-45,-20,-42,-23,-41,-28,-45,-32,-42,-36,-44,-37,-43,-37,-41,-38,-41,-40,-44,-44,-40,-42,-47,-44,-48,-47,-43,-46,-49,-46,-52,-47,-53,-48,-50,-48,-53,-52,-51,-49,-51,-51,-53,-48,-54,-52,-55,-49,-52,-49,-58,-50,-52,-48,-56,-44,-57,-46,-55,-42,-55,-40,-56,-38,-59,-38,-57,-30,-61,-30,-63,-28,-61,-27,-61,-23,-61,-18,-59,-17,-60,-12,-67,-5,-62,-2,-67,0,-66,3,-65,14,-64,12,-68,14,-65,24,-71,21,-69,23,-70,26,-74,28,-72,29,-78,33,-77,33,-75,34,0,0]"
CSI_DATA,377,1a:00:00:00:00:00,-48,11,1,0,1,1,1,0,0,0,1,-96,0,11,2,5276596,0,44,0,384,0,"[0,0,0,0,0,0,0,0,0,0,0,0,-14,1,-13,2,-13,1,-12,1,-12,1,-12,1,-11,1,-10,1,-10,2,-9,1,-9,1,-9,1,-8,1,-8,1,-7,1,-6,1,-6,1,-6,1,-5,1,-5,1,-5,1,-5,0,-4,0,-4,0,-3,0,-3,0,0,0,-2,0,-2,-1,-2,-1,-2,-1,-1,-1,-1,-2,-1,-2,-1,-2,0,-2,0,-2,0,-2,0,-2,0,-2,0,-2,0,-2,1,-2,1,-3,1,-3,1,-3,1,-3,2,-3,1,-3,2,-3,2,-3,2,-2,2,-2,0,0,0,0,0,0,0,0,0,0,0,0,0,0,-76,19,-74,20,-68,18,-67,16,-67,17,-66,18,-62,16,-61,14,-56,15,-52,17,-56,15,-51,17,-49,16,-44,13,-41,14,-41,12,-40,12,-35,14,-30,14,-32,16,-28,14,-28,12,-24,10,-24,10,-22,8,-17,9,-16,5,-16,6,-17,4,-9,4,-10,2,-13,2,-9,3,-9,-1,-7,1,-4,-3,-6,-4,-4,-8,-2,-4,-3,-9,-2,-11,1,-13,1,-8,-2,-12,2,-14,3,-12,5,-13,6,-12,3,-14,6,-14,5,-12,5,-11,10,-13,9,-15,14,-15,11,-13,16,-9,0,0,0,0,0,0,0,0,0,0,0,0,0,0,0,0,0,0,0,0,0,0,22,-36,29,-34,31,-34,33,-33,36,-33,37,-31,42,-32,39,-33,42,-31,45,-35,45,-39,49,-34,45,-36,48,-32,47,-36,50,-35,47,-36,52,-37,50,-35,51,-36,49,-39,53,-40,53,-40,52,-42,51,-41,53,-43,52,-40,48,-45,49,-42,45,-43,44,-47,39,-47,40,-46,40,-51,38,-48,33,-49,30,-53,26,-53,25,-53,21,-55,18,-54,16,-57,13,-53,6,-62,8,-59,4,-63,-1,-61,-6,-62,-6,-62,-14,-65,-13,-68,-16,-66,-18,-67,-21,-70,-22,-73,-23,-72,-24,-77,0,0]"
CSI_DATA,378,1a:00:00:00:00:00,-48,11,1,0,1,1,1,0,0,0,1,-96,0,11,2,5286577,0,44,0,384,0,"[0,0,0,0,0,0,0,0,0,0,0,0,-9,-10,-9,-10,-9,-9,-9,-9,-8,-9,-7,-8,-8,-8,-7,-7,-7,-7,-7,-7,-7,-6,-6,-6,-6,-6,-6,-5,-5,-5,-5,-5,-5,-4,-4,-4,-5,-3,-4,-3,-4,-3,-3,-3,-3,-3,-3,-3,-3,-2,-2,-3,0,0,-1,-2,-1,-2,-1,-2,0,-2,0,-2,0,-1,0,-1,0,-1,0,-1,1,-1,1,-1,1,-1,1,-1,1,-1,2,0,2,-1,2,-1,2,0,2,0,3,0,2,0,2,0,2,1,2,1,3,1,2,1,0,0,0,0,0,0,0,0,0,0,0,0,0,0,-28,-31,-29,-32,-28,-28,-25,-31,-25,-29,-24,-29,-24,-28,-23,-26,-23,-25,-21,-24,-20,-23,-19,-21,-19,-21,-17,-20,-17,-17,-18,-17,-18,-15,-13,-15,-13,-12,-14,-15,-13,-11,-11,-10,-10,-9,-10,-10,-9,-9,-8,-8,-6,-8,-7,-8,-5,-6,-7,-6,-6,-5,-3,-6,-1,-4,-1,-4,-1,-4,0,-3,0,-2,0,-3,2,-2,3,-3,3,-3,4,-1,4,-1,3,-1,6,-1,7,0,7,-1,7,1,6,0,7,1,8,1,8,1,7,2,7,3,10,2,7,2,7,5,0,0,0,0,0,0,0,0,0,0,0,0,0,0,0,0,0,0,0,0,0,0,22,0,23,3,25,6,24,8,24,7,24,8,25,10,26,11,26,11,26,11,26,13,25,12,30,12,30,12,29,13,29,14,29,13,29,14,30,14,30,14,32,15,33,15,30,14,33,13,32,15,34,12,34,12,33,10,33,10,32,10,32,9,33,7,32,7,32,5,33,5,32,3,33,1,31,-2,29,-2,32,-4,30,-6,29,-7,28,-10,30,-12,28,-12,28,-15,28,-15,30,-18,28,-20,29,-23,27,-23,29,-26,28,-25,29,-27,29,-31,28,-31,30,-27,0,0]"
CSI_DATA,379,1a:00:00:00:00:00,-48,11,1,0,1,1,1,0,0,0,1,-96,0,11,2,5296583,0,44,0,384,0,"[0,0,0,0,0,0,0,0,0,0,0,0,11,-6,11,-5,10,-5,10,-5,9,-4,9,-5,8,-5,8,-5,7,-4,7,-4,7,-5,6,-4,6,-4,6,-3,5,-4,5,-4,4,-3,4,-3,4,-3,3,-3,3,-3,3,-3,2,-2,2,-2,2,-2,2,-2,0,0,2,-1,1,-1,1,-1,1,-1,0,0,0,0,0,0,0,1,0,1,-1,1,-1,1,-1,1,-1,1,-1,1,-1,1,-1,1,-1,2,-1,2,-2,2,-2,2,-2,2,-2,2,-2,2,-2,2,-3,2,-3,2,0,0,0,0,0,0,0,0,0,0,0,0,0,0,67,-40,70,-38,66,-40,64,-38,64,-33,59,-33,59,-35,58,-34,53,-31,52,-29,50,-30,48,-26,41,-28,39,-23,41,-21,36,-23,34,-23,32,-24,29,-22,31,-21,24,-22,26,-15,25,-16,19,-18,20,-13,14,-14,17,-13,13,-12,13,-8,14,-10,6,-6,13,-5,3,-3,9,1,7,0,6,-1,4,5,5,5,4,9,-2,9,1,8,2,6,-1,6,-1,9,-1,10,-2,10,-1,11,-3,12,-2,14,-6,16,-6,17,-7,14,-9,14,-11,11,-14,11,-14,13,-14,13,0,0,0,0,0,0,0,0,0,0,0,0,0,0,0,0,0,0,0,0,0,0,-13,44,-16,43,-19,46,-23,48,-27,44,-29,46,-26,47,-31,47,-31,44,-31,47,-36,45,-38,45,-37,47,-41,49,-36,51,-36,52,-34,53,-37,52,-38,55,-43,55,-41,58,-39,57,-39,56,-41,57,-43,53,-39,60,-40,57,-33,60,-33,59,-33,60,-31,58,-31,60,-28,60,-23,58,-23,61,-18,59,-16,61,-14,61,-11,60,-6,60,-1,60,4,61,4,62,11,64,12,58,16,62,21,59,23,61,27,62,28,63,28,65,36,63,37,68,39,65,38,69,44,67,42,71,0,0]"
CSI_DATA,380,1a:00:00:00:00:00,-48,11,1,0,1,1,1,0,0,0,1,-96,0,11,2,5306589,0,44,0,384,0,"[0,0,0,0,0,0,0,0,0,0,0,0,2,12,3,12,3,11,2,11,2,10,2,10,2,10,2,9,2,9,2,8,2,8,2,8,2,7,2,6,1,6,1,5,1,5,1,5,1,4,1,4,1,3,1,3,0,3,0,2,0,2,0,2,0,0,-1,2,-1,1,-1,1,-1,1,-1,0,-2,0,-2,0,-2,-1,-2,-1,-2,-1,-2,-1,-2,-1,-2,-2,-2,-2,-3,-2,-3,-1,-2,-2,-2,-2,-3,-2,-3,-3,-3,-3,-2,-3,-2,-3,-2,-4,-2,-4,-1,-3,0,0,0,0,0,0,0,0,0,0,0,0,0,0,29,80,27,74,31,79,24,75,22,69,20,69,21,68,22,64,18,62,22,56,22,54,19,50,21,47,17,45,13,48,15,38,20,41,11,34,14,35,16,31,13,33,10,24,9,23,10,22,10,23,7,19,8,17,5,13,5,18,4,12,0,12,1,12,0,8,-3,5,-5,4,-5,2,-4,7,-10,-1,-8,4,-7,-1,-11,-1,-8,-3,-9,-6,-13,-6,-11,-4,-10,-6,-12,-8,-17,-5,-13,-8,-14,-7,-14,-8,-13,-15,-12,-14,-13,-14,-10,-16,-9,-14,-5,-13,0,0,0,0,0,0,0,0,0,0,0,0,0,0,0,0,0,0,0,0,0,0,-44,-16,-43,-16,-44,-21,-47,-25,-46,-25,-44,-31,-44,-30,-48,-34,-48,-34,-45,-35,-47,-40,-50,-39,-53,-39,-51,-41,-54,-41,-54,-42,-51,-44,-51,-47,-52,-43,-55,-44,-57,-42,-57,-46,-58,-46,-53,-50,-58,-44,-54,-43,-52,-45,-57,-41,-56,-42,-60,-43,-55,-31,-62,-36,-60,-32,-59,-28,-63,-27,-62,-26,-64,-21,-61,-22,-63,-17,-63,-14,-62,-8,-63,-5,-63,-5,-64,2,-65,2,-61,10,-63,12,-64,15,-68,18,-70,23,-69,20,-74,26,-74,26,-74,26,-80,29,-79,34,-77,36,0,0]"
CSI_DATA,381,1a:00:00:00:00:00,-48,11,1,0,1,1,1,0,0,0,1,-96,0,11,2,5316585,0,44,0,384,0,"[0,0,0,0,0,0,0,0,0,0,0,0,-13,3,-13,3,-13,2,-12,2,-11,3,-11,3,-10,3,-9,3,-9,3,-9,3,-9,3,-8,3,-8,3,-7,3,-7,2,-6,2,-6,2,-5,2,-5,2,-5,1,-5,1,-4,1,-4,1,-4,1,-4,1,-3,0,0,0,-2,0,-2,0,-2,-1,-2,-1,-2,-1,-1,-1,-1,-1,-1,-2,-1,-2,0,-2,-1,-2,-1,-2,0,-2,0,-3,0,-3,0,-3,0,-3,0,-3,0,-3,1,-3,1,-3,1,-3,1,-3,1,-3,2,-3,2,-3,0,0,0,0,0,0,0,0,0,0,0,0,0,0,-87,11,-80,7,-79,11,-77,11,-76,14,-73,12,-69,11,-67,11,-61,8,-58,12,-58,14,-54,14,-52,15,-47,11,-47,11,-47,14,-42,13,-39,10,-37,11,-32,9,-30,15,-29,11,-26,9,-24,14,-21,7,-20,9,-20,6,-17,5,-15,5,-15,5,-13,3,-11,3,-10,0,-8,1,-4,-4,-6,-2,-4,-2,-5,-8,0,-6,-4,-9,2,-7,-1,-11,2,-12,4,-12,1,-16,3,-12,6,-13,5,-13,9,-17,3,-13,6,-14,10,-16,6,-20,11,-14,11,-13,14,-12,15,-12,0,0,0,0,0,0,0,0,0,0,0,0,0,0,0,0,0,0,0,0,0,0,35,-24,43,-29,47,-24,43,-22,45,-20,46,-21,51,-19,53,-20,56,-18,51,-20,55,-21,56,-22,60,-20,61,-20,63,-24,59,-21,64,-26,59,-23,65,-26,65,-24,61,-25,66,-29,65,-26,63,-30,68,-28,66,-33,66,-33,63,-36,58,-34,58,-37,54,-40,57,-41,49,-39,50,-44,46,-45,46,-46,42,-48,42,-48,37,-48,37,-53,30,-52,25,-58,23,-59,19,-61,14,-62,12,-67,9,-66,2,-67,0,-72,0,-71,-2,-71,-5,-78,-10,-79,-10,-76,-12,-81,-14,-85,-16,-82,0,0]"
CSI_DATA,382,1a:00:00:00:00:00,-48,11,1,0,1,1,1,0,0,0,1,-96,0,11,2,5336569,0,44,0,384,0,"[0,0,0,0,0,0,0,0,0,0,0,0,9,-8,9,-8,9,-8,9,-7,8,-7,8,-7,7,-7,6,-7,6,-7,6,-6,6,-6,5,-6,5,-5,5,-5,4,-5,4,-5,3,-5,3,-4,3,-4,3,-3,2,-3,2,-3,2,-3,2,-2,2,-2,1,-2,0,0,1,-2,1,-1,1,0,1,-1,1,0,0,0,0,0,0,1,0,1,0,1,0,1,0,1,0,1,0,2,-1,2,-1,2,-1,2,-1,2,-1,2,-1,2,-1,2,-1,2,-2,2,-2,2,-2,2,-3,2,0,0,0,0,0,0,0,0,0,0,0,0,0,0,73,-50,62,-46,62,-49,64,-48,64,-43,62,-42,57,-40,60,-38,50,-35,49,-35,45,-33,45,-35,43,-31,36,-32,37,-32,33,-32,34,-29,30,-24,31,-27,24,-22,27,-25,23,-16,22,-20,15,-18,18,-16,14,-14,18,-14,12,-16,12,-11,11,-9,7,-1,11,-4,3,-3,7,-2,5,0,7,-1,1,2,3,6,8,4,2,8,2,6,-1,9,0,9,-3,11,0,8,-2,13,-6,12,-3,14,-4,14,-5,16,-8,18,-10,13,-9,13,-12,17,-10,15,-13,15,-12,14,0,0,0,0,0,0,0,0,0,0,0,0,0,0,0,0,0,0,0,0,0,0,-7,43,-11,48,-14,48,-21,50,-17,45,-27,49,-27,47,-31,51,-28,49,-28,51,-30,53,-35,51,-31,53,-32,56,-31,57,-33,58,-33,61,-34,54,-38,61,-36,57,-36,62,-36,63,-33,63,-34,63,-37,61,-30,64,-31,62,-32,64,-28,62,-29,63,-23,63,-24,65,-21,65,-20,64,-14,61,-11,59,-10,63,-5,62,-8,62,2,63,5,62,5,58,9,61,15,60,19,62,23,63,24,59,26,61,33,61,34,58,36,61,36,59,43,66,44,61,52,60,50,70,51,65,0,0]"
CSI_DATA,383,1a:00:00:00:00:00,-48,11,1,0,1,1,1,0,0,0,1,-96,0,11,2,5347220,0,44,0,384,0,"[0,0,0,0,0,0,0,0,0,0,0,0,-13,-4,-12,-4,-13,-3,-12,-4,-12,-4,-11,-3,-10,-3,-10,-3,-10,-3,-9,-3,-9,-2,-8,-2,-8,-2,-8,-2,-7,-2,-7,-2,-6,-1,-6,-2,-6,-1,-6,-2,-4,-2,-5,-1,-4,-1,-4,-1,-3,-1,-3,-1,0,0,-2,-1,-2,-1,-2,-2,-1,-2,-1,-1,-1,-2,0,-2,0,-1,1,-1,0,-2,1,-1,1,-2,1,-2,1,-2,2,-2,2,-1,2,-1,2,-1,2,-1,3,-1,2,-1,2,-1,3,-1,3,-1,3,0,3,0,0,0,0,0,0,0,0,0,0,0,0,0,0,0,-85,-20,-83,-21,-80,-14,-73,-15,-75,-14,-70,-16,-71,-18,-69,-15,-62,-12,-61,-14,-56,-11,-57,-11,-49,-8,-52,-6,-49,-5,-46,-3,-45,-6,-42,-4,-40,-5,-35,-5,-34,0,-35,-5,-26,-1,-24,-2,-22,-5,-23,-3,-18,0,-19,-2,-18,-5,-15,-7,-11,-4,-14,-5,-10,-5,-4,-6,-4,-7,-4,-8,-3,-5,-1,-7,7,-8,0,-7,5,-3,3,-9,5,-7,9,-8,7,-8,12,-9,12,-8,14,-9,14,-8,16,-8,15,-6,17,-6,15,-8,15,-3,18,-1,15,-8,21,-1,0,0,0,0,0,0,0,0,0,0,0,0,0,0,0,0,0,0,0,0,0,0,40,-25,43,-21,47,-20,50,-15,50,-13,50,-12,50,-10,53,-11,55,-11,59,-11,57,-11,60,-12,62,-13,64,-12,62,-8,66,-7,65,-13,65,-8,67,-10,69,-11,67,-13,72,-12,68,-15,69,-15,71,-18,65,-17,71,-16,65,-18,65,-20,65,-20,64,-24,60,-26,61,-29,60,-26,62,-31,55,-33,52,-35,50,-38,48,-39,44,-45,42,-46,42,-44,40,-48,35,-52,34,-56,29,-58,29,-60,23,-62,24,-69,24,-67,19,-72,18,-73,15,-75,20,-78,12,-82,16,-84,17,-86,0,0]"
CSI_DATA,384,1a:00:00:00:00:00,-48,11,1,0,1,1,1,0,0,0,1,-96,0,11,2,5356576,0,44,0,384,0,"[0,0,0,0,0,0,0,0,0,0,0,0,-13,5,-12,5,-12,4,-11,4,-11,4,-10,4,-10,4,-9,4,-9,4,-8,3,-8,3,-8,4,-7,3,-7,3,-6,3,-6,2,-6,3,-5,2,-5,2,-5,2,-4,1,-4,2,-3,1,-3,1,-3,0,-3,0,0,0,-2,0,-2,0,-2,-1,-1,-1,-1,-1,-1,-2,-1,-2,-1,-2,-1,-2,0,-2,0,-2,-1,-2,0,-2,0,-3,0,-3,1,-3,0,-3,1,-3,1,-3,1,-3,1,-3,1,-3,2,-3,2,-3,2,-3,2,-2,0,0,0,0,0,0,0,0,0,0,0,0,0,0,-40,13,-42,14,-39,11,-37,10,-36,11,-34,10,-35,10,-33,11,-33,11,-29,8,-27,11,-27,10,-26,9,-24,11,-23,8,-23,9,-21,8,-17,7,-18,7,-16,7,-15,6,-15,5,-14,4,-11,4,-13,3,-10,4,-9,4,-9,5,-10,2,-6,0,-8,2,-5,0,-5,-2,-5,0,-5,-1,-4,-3,-3,-2,-1,0,0,-3,-1,-5,0,-6,-1,-5,1,-5,0,-5,2,-8,1,-7,3,-8,2,-7,4,-7,3,-6,4,-8,6,-8,4,-6,6,-8,5,-8,7,-6,8,-6,0,0,0,0,0,0,0,0,0,0,0,0,0,0,0,0,0,0,0,0,0,0,10,-21,11,-20,13,-21,14,-21,17,-20,18,-20,18,-19,20,-20,20,-20,21,-21,22,-20,22,-20,21,-21,23,-23,24,-21,24,-23,24,-23,23,-23,24,-26,26,-24,24,-24,27,-25,26,-25,25,-26,26,-26,22,-26,24,-26,24,-28,22,-27,20,-28,18,-27,19,-30,19,-28,17,-29,18,-29,14,-28,14,-30,12,-28,9,-31,8,-29,8,-31,3,-31,3,-31,1,-31,2,-33,-4,-35,-5,-34,-6,-32,-7,-32,-8,-35,-12,-36,-13,-35,-12,-38,-13,-38,-17,-38,-15,-37,-14,-40,0,0]"
CSI_DATA,385,1a:00:00:00:00:00,-48,11,1,0,1,1,1,0,0,0,1,-96,0,11,2,5366716,0,44,0,384,0,"[0,0,0,0,0,0,0,0,0,0,0,0,-13,6,-12,6,-12,5,-12,5,-11,5,-10,5,-10,5,-9,5,-9,5,-8,4,-8,5,-7,5,-7,4,-7,4,-6,3,-6,3,-6,3,-5,3,-5,3,-4,2,-4,2,-4,1,-3,2,-3,1,-3,1,-3,1,0,0,-2,0,-2,0,-2,-1,-1,-1,-2,-1,-2,-1,-1,-2,-1,-2,-1,-2,0,-2,0,-2,0,-2,0,-2,0,-3,0,-3,0,-3,0,-3,1,-3,1,-3,1,-3,1,-3,1,-3,2,-3,2,-3,2,-3,2,-3,0,0,0,0,0,0,0,0,0,0,0,0,0,0,-88,20,-77,14,-78,17,-77,15,-75,13,-69,10,-69,8,-68,12,-63,12,-62,10,-58,11,-56,16,-50,15,-47,11,-43,12,-45,13,-44,10,-40,9,-38,11,-32,9,-33,10,-29,8,-28,11,-29,6,-22,6,-21,6,-20,4,-19,9,-17,0,-15,0,-11,-1,-10,1,-7,-4,-8,-6,-8,-1,-4,-6,-4,-6,-2,-7,-1,-9,-3,-7,4,-8,4,-7,5,-10,6,-9,4,-10,7,-12,7,-14,9,-13,8,-13,9,-16,12,-16,12,-17,11,-10,14,-9,15,-10,15,-11,16,-8,0,0,0,0,0,0,0,0,0,0,0,0,0,0,0,0,0,0,0,0,0,0,24,-40,28,-41,31,-38,35,-39,36,-39,39,-35,36,-34,41,-36,43,-39,46,-37,43,-38,47,-34,45,-40,54,-43,49,-38,55,-38,53,-48,54,-39,54,-42,55,-44,54,-49,53,-45,52,-45,50,-43,57,-44,51,-49,52,-49,52,-52,52,-51,47,-53,44,-53,46,-49,46,-52,41,-56,37,-54,37,-56,31,-57,29,-61,23,-57,20,-59,18,-58,15,-58,15,-62,-3,-66,9,-65,-4,-62,-2,-63,-6,-67,-8,-68,-10,-73,-13,-70,-17,-77,-21,-83,-18,-74,-21,-80,-20,-86,-24,-83,0,0]"
CSI_DATA,386,1a:00:00:00:00:00,-48,11,1,0,1,1,1,0,0,0,1,-96,0,11,2,5376964,0,44,0,384,0,"[0,0,0,0,0,0,0,0,0,0,0,0,12,-2,12,-2,11,-1,11,-1,10,-1,10,-1,9,-1,9,-2,8,-2,8,-1,7,-2,7,-2,7,-2,6,-1,6,-1,5,-2,5,-2,4,-1,4,-1,4,-1,4,-1,3,-1,3,-1,3,-1,3,-1,2,-1,0,0,1,0,1,0,1,0,0,0,0,0,0,1,0,0,-1,1,-1,1,-1,0,-1,1,-1,1,-1,1,-2,1,-2,1,-2,1,-2,1,-3,1,-3,1,-3,1,-3,1,-3,1,-3,1,-3,1,-3,0,-4,0,0,0,0,0,0,0,0,0,0,0,0,0,0,0,88,3,79,7,78,6,76,7,74,4,71,6,70,3,70,4,62,3,63,-1,56,4,53,0,53,-5,51,0,46,-2,44,-2,45,-1,41,-6,41,-4,32,0,33,-7,30,0,28,-3,26,1,24,-3,21,-1,18,-2,18,1,17,-3,15,1,12,3,11,3,9,3,6,4,6,8,3,6,1,3,-1,6,-2,5,-5,5,-3,8,-5,6,-9,8,-7,9,-11,9,-5,7,-12,9,-12,7,-14,14,-12,12,-18,9,-18,8,-16,7,-17,7,-20,9,-16,7,-19,3,0,0,0,0,0,0,0,0,0,0,0,0,0,0,0,0,0,0,0,0,0,0,-37,32,-39,28,-44,24,-49,24,-48,20,-51,22,-49,19,-50,21,-55,19,-51,19,-54,19,-58,21,-61,21,-61,23,-66,21,-64,21,-67,17,-65,20,-64,25,-66,21,-69,28,-69,21,-66,23,-63,26,-68,26,-66,30,-67,28,-68,28,-60,30,-63,33,-55,35,-60,37,-58,35,-55,40,-54,40,-54,42,-48,44,-47,43,-40,46,-42,50,-39,53,-32,53,-31,55,-29,58,-28,60,-17,58,-20,62,-17,65,-14,69,-15,70,-10,72,-7,79,-9,81,-2,77,-5,81,-4,86,1,83,0,0]"
CSI_DATA,387,1a:00:00:00:00:00,-48,11,1,0,1,1,1,0,0,0,1,-96,0,11,2,5396654,0,44,0,384,0,"[0,0,0,0,0,0,0,0,0,0,0,0,9,-11,8,-11,8,-10,7,-9,7,-9,7,-9,6,-9,6,-8,6,-8,5,-7,5,-8,4,-7,4,-6,4,-6,4,-6,3,-6,3,-6,3,-5,2,-4,2,-4,2,-3,2,-3,2,-3,2,-3,1,-3,1,-3,0,0,1,-2,1,-1,1,-1,1,-1,1,0,1,0,0,0,0,1,0,1,0,1,0,1,0,2,0,2,0,2,0,2,0,1,0,2,-1,2,-1,2,-1,2,-1,2,-1,3,-1,3,-2,3,-2,2,-2,2,0,0,0,0,0,0,0,0,0,0,0,0,0,0,61,-58,60,-54,62,-53,57,-51,56,-52,55,-49,53,-51,48,-46,47,-44,46,-41,45,-42,39,-43,39,-37,36,-35,30,-35,34,-36,30,-35,27,-30,25,-30,23,-27,23,-27,20,-25,13,-26,14,-17,15,-20,11,-13,12,-14,10,-12,7,-11,12,-10,9,-7,11,-5,7,-4,10,-6,9,-2,7,1,4,3,4,4,3,7,1,5,3,11,2,14,2,7,0,8,-4,13,2,11,0,14,-1,13,0,15,-3,15,-5,15,-6,16,-4,17,-5,16,-9,15,-8,12,-12,13,0,0,0,0,0,0,0,0,0,0,0,0,0,0,0,0,0,0,0,0,0,0,-2,48,-8,47,-12,51,-11,49,-14,50,-19,48,-21,49,-21,51,-22,54,-22,56,-21,56,-25,56,-19,59,-24,62,-23,65,-29,62,-29,63,-28,64,-23,62,-30,65,-28,63,-32,65,-28,65,-27,69,-25,71,-24,70,-22,67,-23,68,-22,65,-19,67,-15,69,-14,71,-12,64,-14,68,-10,66,-8,64,-3,66,-2,61,5,64,10,64,12,65,16,59,18,57,21,63,23,61,24,58,27,57,38,61,40,58,42,61,47,54,50,60,50,57,52,60,56,63,57,63,56,64,0,0]"
CSI_DATA,388,1a:00:00:00:00:00,-48,11,1,0,1,1,1,0,0,0,1,-96,0,11,2,5416952,0,44,0,384,0,"[0,0,0,0,0,0,0,0,0,0,0,0,11,-5,11,-6,10,-5,10,-4,10,-5,9,-5,9,-4,8,-4,8,-4,7,-4,7,-4,6,-4,6,-4,6,-4,5,-3,5,-3,4,-3,4,-3,4,-3,4,-3,3,-2,3,-2,2,-2,2,-2,2,-2,2,-2,0,0,1,-1,1,-1,1,0,1,0,1,0,0,0,0,1,0,1,-1,1,-1,1,-1,1,-1,1,-1,1,-1,2,-1,1,-1,2,-1,2,-2,2,-2,2,-2,2,-2,2,-2,2,-2,2,-3,2,-3,2,-3,1,0,0,0,0,0,0,0,0,0,0,0,0,0,0,79,-30,71,-30,76,-31,70,-35,65,-33,66,-26,59,-27,58,-27,54,-26,57,-26,49,-26,45,-29,45,-24,43,-24,40,-24,36,-25,36,-22,32,-21,31,-23,27,-17,27,-20,23,-19,20,-15,16,-13,18,-14,17,-12,18,-11,15,-13,15,-9,12,-5,11,-6,7,-6,8,-2,9,0,10,1,3,1,5,2,3,3,2,3,3,5,2,9,-1,9,2,6,-2,10,-1,11,-4,12,-1,12,-2,13,-4,16,-5,18,-6,16,-6,14,-7,15,-6,17,-12,17,-11,16,-16,12,0,0,0,0,0,0,0,0,0,0,0,0,0,0,0,0,0,0,0,0,0,0,-32,34,-34,31,-35,35,-40,33,-40,30,-44,29,-46,31,-47,30,-46,31,-51,32,-49,30,-50,32,-54,30,-54,35,-52,39,-51,34,-57,40,-54,38,-55,41,-55,42,-58,42,-56,44,-59,43,-58,43,-58,41,-56,47,-56,45,-54,49,-51,46,-50,46,-44,49,-44,51,-40,50,-42,53,-38,57,-35,55,-31,54,-31,53,-28,55,-21,55,-18,60,-14,59,-9,64,-5,61,-6,59,8,62,8,63,10,62,12,64,14,68,21,65,21,68,25,76,26,73,31,77,31,79,35,78,0,0]"
CSI_DATA,389,1a:00:00:00:00:00,-48,11,1,0,1,1,1,0,0,0,1,-96,0,11,2,5436587,0,44,0,384,0,"[0,0,0,0,0,0,0,0,0,0,0,0,-12,-6,-12,-5,-11,-5,-11,-5,-11,-5,-10,-5,-9,-4,-9,-4,-8,-4,-8,-3,-8,-3,-8,-3,-8,-3,-7,-3,-6,-3,-6,-2,-6,-2,-5,-3,-5,-2,-5,-2,-4,-2,-4,-2,-4,-2,-4,-2,-3,-1,-2,-2,0,0,-2,-1,-2,-2,-1,-2,-1,-2,-1,-2,0,-2,0,-1,0,-1,1,-2,1,-2,1,-1,1,-1,1,-1,1,-1,2,-1,2,-1,2,-1,3,-1,3,-1,3,-1,3,0,3,0,3,0,3,0,3,0,3,0,0,0,0,0,0,0,0,0,0,0,0,0,0,0,-77,-41,-72,-46,-68,-37,-71,-37,-62,-36,-61,-37,-63,-36,-60,-34,-55,-27,-49,-31,-49,-25,-52,-28,-50,-25,-45,-23,-42,-22,-44,-19,-39,-20,-37,-16,-31,-18,-34,-15,-28,-11,-27,-8,-27,-12,-25,-11,-18,-13,-21,-13,-22,-8,-12,-10,-17,-8,-11,-10,-9,-7,-8,-12,-6,-8,-7,-6,-2,-9,-1,-4,3,-4,6,-4,2,-6,7,-4,5,-6,12,-5,8,-6,10,0,11,-6,11,-6,12,-6,15,-3,17,-4,15,-3,17,-2,18,-1,18,-3,19,3,17,5,17,4,17,5,0,0,0,0,0,0,0,0,0,0,0,0,0,0,0,0,0,0,0,0,0,0,45,-18,47,-14,50,-15,55,-6,53,-9,51,-6,56,-2,57,-7,57,-5,58,-3,63,2,64,-3,64,-2,63,0,66,-1,65,-1,67,-3,71,3,71,-1,71,0,76,-3,76,0,70,2,70,-4,77,-4,75,-4,70,-1,71,-7,72,-7,68,-9,71,-9,68,-15,66,-13,66,-17,67,-16,62,-22,63,-26,60,-24,58,-28,55,-31,50,-33,50,-39,50,-43,50,-43,48,-45,41,-51,44,-49,39,-58,40,-56,42,-60,39,-68,38,-65,43,-70,34,-73,37,-76,39,-74,37,-76,0,0]"
CSI_DATA,390,1a:00:00:00:00:00,-48,11,1,0,1,1,1,0,0,0,1,-96,0,11,2,5446584,0,44,0,384,0,"[0,0,0,0,0,0,0,0,0,0,0,0,6,-11,6,-11,5,-10,5,-10,5,-10,5,-9,5,-9,4,-9,4,-8,4,-8,3,-8,3,-7,2,-6,2,-6,2,-6,2,-6,2,-5,2,-5,1,-5,1,-4,1,-4,1,-3,1,-3,1,-3,1,-3,1,-3,0,0,1,-2,1,-1,1,-1,1,-1,0,0,0,0,1,0,0,1,0,0,0,1,0,1,0,1,0,2,0,2,0,2,0,2,0,2,0,2,0,2,-1,3,-1,2,-1,3,-1,3,-1,3,-1,3,-2,2,0,0,0,0,0,0,0,0,0,0,0,0,0,0,51,-63,53,-57,50,-59,47,-56,46,-53,42,-52,42,-50,42,-52,39,-46,38,-45,32,-45,31,-41,32,-42,29,-41,27,-35,25,-34,26,-35,22,-33,24,-30,20,-28,16,-26,13,-22,14,-24,12,-23,11,-17,12,-19,11,-16,13,-16,9,-12,9,-11,9,-6,5,-7,7,-5,8,-3,4,-1,5,0,7,4,5,2,5,5,4,8,3,7,3,9,3,9,0,10,1,12,1,9,2,15,0,16,0,15,-3,18,-3,17,-5,17,-2,18,-6,18,-9,20,-8,21,-9,15,0,0,0,0,0,0,0,0,0,0,0,0,0,0,0,0,0,0,0,0,0,0,3,47,2,50,-1,48,-3,52,-8,49,-8,54,-9,50,-10,52,-10,56,-12,53,-16,58,-14,58,-15,62,-13,62,-16,64,-15,60,-14,64,-17,65,-13,66,-17,66,-15,67,-14,71,-13,67,-15,70,-18,68,-13,67,-12,69,-12,72,-7,66,-11,70,-6,67,-6,70,-4,67,0,69,0,67,1,64,5,61,9,61,10,61,15,60,23,59,22,57,28,56,29,53,32,52,37,53,40,48,43,49,46,50,45,45,52,52,56,50,54,52,53,53,62,50,63,50,64,52,0,0]"
CSI_DATA,391,1a:00:00:00:00:00,-48,11,1,0,1,1,1,0,0,0,1,-96,0,11,2,5467017,0,44,0,384,0,"[0,0,0,0,0,0,0,0,0,0,0,0,-10,-10,-10,-9,-10,-9,-9,-9,-9,-8,-8,-8,-8,-7,-7,-7,-7,-6,-7,-6,-7,-6,-7,-5,-7,-5,-6,-5,-6,-4,-5,-4,-5,-4,-4,-3,-5,-3,-4,-3,-4,-3,-4,-2,-3,-3,-3,-3,-3,-2,-2,-2,0,0,-1,-2,-1,-2,-1,-2,0,-1,0,-1,0,-1,0,-1,0,-1,1,-1,1,-1,1,-1,1,-1,2,-1,1,-1,2,-1,2,0,2,0,2,0,3,0,3,0,3,0,3,0,2,1,3,1,3,1,3,1,0,0,0,0,0,0,0,0,0,0,0,0,0,0,-54,-64,-52,-59,-51,-64,-49,-61,-48,-58,-46,-53,-46,-56,-46,-51,-42,-46,-43,-47,-38,-43,-35,-41,-34,-43,-33,-32,-33,-36,-33,-35,-30,-31,-26,-29,-23,-25,-28,-25,-22,-24,-24,-21,-20,-17,-20,-16,-15,-16,-16,-13,-12,-17,-10,-17,-5,-18,-10,-12,-3,-10,-7,-8,-3,-4,-1,-8,0,-7,3,-9,4,-7,3,-6,7,-2,9,-2,9,-2,9,-2,9,-4,9,-2,11,-3,15,1,18,-3,15,2,16,2,14,5,20,5,19,5,17,8,15,8,19,9,18,11,16,11,0,0,0,0,0,0,0,0,0,0,0,0,0,0,0,0,0,0,0,0,0,0,46,2,48,5,50,9,49,16,51,17,48,19,53,20,50,21,55,22,52,26,53,28,56,23,57,29,58,26,59,25,60,27,64,29,62,30,63,30,66,23,65,29,68,31,66,31,70,30,66,28,70,25,70,24,65,26,68,25,68,22,64,20,71,16,70,15,65,16,67,10,63,6,60,8,65,2,68,-2,63,-2,64,-10,62,-13,62,-16,60,-20,56,-22,58,-27,55,-28,60,-32,58,-38,60,-41,55,-42,57,-47,62,-50,65,-50,60,-57,63,-55,60,-55,0,0]"
CSI_DATA,392,1a:00:00:00:00:00,-48,11,1,0,1,1,1,0,0,0,1,-96,0,11,2,5478063,0,44,0,384,0,"[0,0,0,0,0,0,0,0,0,0,0,0,-8,9,-8,9,-7,9,-7,8,-7,8,-6,8,-6,8,-6,7,-6,7,-5,6,-5,6,-4,6,-4,5,-4,5,-4,5,-3,5,-3,4,-3,4,-3,3,-3,3,-3,3,-2,3,-2,2,-2,2,-2,1,-2,1,0,0,-2,1,-2,0,-2,0,-1,-1,-1,-1,-2,-1,-1,-1,-2,-2,-1,-2,-1,-2,-1,-2,-1,-2,-1,-2,-1,-3,-1,-2,-1,-3,-1,-3,-1,-3,0,-3,0,-3,0,-3,0,-4,0,-4,0,-4,0,-4,1,-3,0,0,0,0,0,0,0,0,0,0,0,0,0,0,-61,58,-62,55,-53,57,-56,55,-51,56,-50,53,-51,52,-51,48,-43,43,-43,44,-38,42,-36,39,-33,39,-32,35,-31,34,-26,33,-31,36,-22,33,-24,28,-21,27,-19,25,-14,21,-12,21,-14,21,-12,15,-13,15,-9,16,-13,12,-7,9,-9,9,-10,5,-11,2,-9,5,-7,1,-7,-1,-6,-4,-6,-5,-5,-3,-3,-8,-2,-6,-4,-6,-4,-13,-5,-10,-4,-13,-1,-11,-5,-15,-3,-15,-3,-15,1,-18,2,-21,1,-20,-1,-22,-1,-20,4,-21,4,-17,6,-21,5,-21,0,0,0,0,0,0,0,0,0,0,0,0,0,0,0,0,0,0,0,0,0,0,6,-49,10,-47,15,-51,15,-54,21,-52,19,-48,24,-52,24,-50,25,-54,26,-55,26,-54,31,-58,27,-59,28,-59,29,-60,32,-62,31,-64,29,-66,27,-65,31,-63,32,-67,32,-71,32,-65,30,-70,33,-66,31,-67,27,-71,22,-71,22,-63,20,-69,16,-66,16,-67,16,-71,12,-69,12,-73,7,-64,5,-64,-2,-63,-2,-64,-5,-63,-9,-63,-12,-62,-17,-63,-24,-60,-26,-61,-25,-59,-28,-55,-38,-55,-42,-56,-45,-57,-49,-61,-53,-56,-53,-54,-53,-55,-60,-58,-59,-60,-63,-64,0,0]"
CSI_DATA,393,1a:00:00:00:00:00,-48,11,1,0,1,1,1,0,0,0,1,-96,0,11,2,5486583,0,44,0,384,0,"[0,0,0,0,0,0,0,0,0,0,0,0,8,-10,7,-10,7,-9,7,-9,6,-9,6,-8,6,-8,5,-8,5,-8,5,-7,4,-7,4,-7,4,-6,3,-6,3,-5,3,-5,3,-5,2,-4,2,-4,2,-4,2,-3,2,-3,2,-3,1,-2,1,-2,1,-2,0,0,1,-2,1,-1,1,0,0,-1,1,0,0,0,0,1,0,0,0,1,0,1,0,1,0,2,0,2,0,2,-1,2,0,2,-1,2,-1,2,-1,2,-1,2,-1,2,-2,2,-2,3,-2,3,-2,2,-2,2,0,0,0,0,0,0,0,0,0,0,0,0,0,0,58,-53,56,-48,58,-50,55,-48,53,-48,51,-45,48,-42,47,-42,47,-40,42,-39,41,-38,36,-34,35,-38,31,-35,32,-31,31,-32,29,-31,23,-33,26,-27,24,-23,20,-24,18,-23,17,-25,16,-15,13,-15,14,-13,11,-13,10,-13,10,-13,6,-9,8,-7,5,-4,8,1,10,-2,6,-4,6,-1,6,6,4,5,6,5,7,6,0,12,-2,9,0,11,2,10,1,13,-1,13,1,13,-1,16,-2,14,-4,14,-8,16,-8,17,-9,17,-8,16,-13,17,-10,12,-10,14,0,0,0,0,0,0,0,0,0,0,0,0,0,0,0,0,0,0,0,0,0,0,-2,46,-8,45,-6,48,-14,51,-16,55,-17,49,-22,52,-17,51,-16,52,-20,56,-23,57,-21,58,-22,58,-21,62,-25,63,-25,59,-29,62,-24,64,-26,65,-25,65,-28,66,-25,70,-25,67,-22,67,-28,68,-22,68,-23,67,-22,68,-23,67,-19,69,-14,66,-13,66,-12,65,-10,65,-9,64,-6,65,-2,64,1,66,3,63,5,62,10,61,16,57,16,58,21,61,21,56,27,62,27,56,31,56,37,54,39,55,43,56,48,53,49,53,50,56,52,56,54,61,58,61,0,0]"
CSI_DATA,394,1a:00:00:00:00:00,-48,11,1,0,1,1,1,0,0,0,1,-96,0,11,2,5496610,0,44,0,384,0,"[0,0,0,0,0,0,0,0,0,0,0,0,-3,12,-2,12,-2,11,-2,11,-2,10,-2,10,-2,9,-2,9,-1,8,-1,8,-1,7,-1,7,-1,6,-1,6,-1,6,-1,5,-1,5,-1,5,-1,4,-1,4,-1,3,-1,3,-1,3,-1,2,-1,2,-1,2,0,0,-1,1,-1,1,-1,1,-2,0,-1,-1,-1,-1,-2,-1,-2,-1,-1,-1,-2,-1,-2,-1,-2,-2,-2,-2,-2,-3,-2,-2,-2,-2,-2,-3,-2,-3,-2,-3,-2,-3,-2,-3,-1,-4,-1,-4,-1,-4,-1,-4,0,-4,0,0,0,0,0,0,0,0,0,0,0,0,0,0,-16,77,-18,77,-14,75,-11,71,-12,74,-13,67,-13,64,-14,62,-9,59,-8,54,-8,54,-7,54,-4,51,-7,41,-3,41,-5,41,-6,38,-3,38,-1,35,-2,33,-2,32,-1,28,1,24,1,23,-1,22,-2,20,-2,17,1,18,-6,13,-1,13,-1,7,-4,9,-2,7,-8,2,-6,4,-4,2,-7,1,-7,-1,-9,-3,-6,0,-5,-7,-6,-3,-9,-9,-11,-7,-11,-7,-11,-9,-10,-16,-11,-14,-11,-12,-8,-13,-9,-15,-9,-17,-10,-15,-6,-19,-3,-20,-2,-20,-2,-18,0,0,0,0,0,0,0,0,0,0,0,0,0,0,0,0,0,0,0,0,0,0,-24,-42,-23,-43,-18,-47,-17,-53,-15,-48,-12,-51,-12,-52,-13,-51,-12,-56,-12,-60,-8,-62,-7,-60,-9,-65,-10,-62,-14,-67,-8,-65,-14,-66,-14,-67,-11,-69,-13,-68,-18,-68,-14,-73,-15,-75,-15,-68,-12,-69,-18,-70,-13,-66,-20,-70,-19,-64,-22,-66,-21,-63,-24,-64,-27,-63,-30,-56,-32,-62,-34,-55,-34,-54,-35,-53,-36,-52,-40,-46,-42,-48,-45,-40,-52,-37,-51,-31,-51,-33,-53,-29,-59,-29,-64,-24,-63,-25,-66,-21,-65,-23,-71,-20,-79,-18,-79,-17,-81,-16,-81,-14,-78,-14,0,0]"
CSI_DATA,395,1a:00:00:00:00:00,-48,11,1,0,1,1,1,0,0,0,1,-96,0,11,2,5507106,0,44,0,384,0,"[0,0,0,0,0,0,0,0,0,0,0,0,9,7,9,7,8,7,8,7,8,6,7,6,7,6,7,5,6,5,7,4,6,4,6,4,6,3,5,3,5,3,4,3,4,3,4,2,3,2,3,2,3,1,2,1,2,2,2,1,2,1,1,1,0,0,0,1,0,1,0,1,0,1,-1,0,-1,0,-1,0,-1,0,-2,0,-2,0,-2,0,-2,0,-2,0,-2,0,-3,0,-3,0,-3,0,-3,0,-4,-1,-3,-1,-4,-1,-3,-1,-3,-1,-3,-1,-4,-2,-3,-2,0,0,0,0,0,0,0,0,0,0,0,0,0,0,51,62,49,64,50,59,47,56,46,55,42,53,43,51,42,46,39,46,39,41,38,40,38,40,35,40,30,32,34,33,29,29,29,31,27,25,24,25,24,21,20,19,24,17,19,14,17,14,12,12,12,14,15,12,13,10,11,9,7,8,1,8,5,7,4,8,0,8,-2,6,-3,4,-4,1,-7,3,-6,2,-8,1,-9,1,-10,2,-11,1,-11,1,-13,-4,-10,2,-12,-3,-16,-1,-17,-3,-18,0,-16,-6,-16,-6,-16,-8,-20,-6,-17,-8,-18,-9,-20,-12,0,0,0,0,0,0,0,0,0,0,0,0,0,0,0,0,0,0,0,0,0,0,-44,-8,-49,-12,-51,-14,-51,-17,-50,-18,-48,-21,-49,-21,-51,-26,-52,-25,-51,-24,-56,-31,-54,-32,-57,-29,-58,-31,-57,-29,-54,-32,-59,-30,-60,-30,-61,-31,-63,-30,-63,-35,-64,-31,-61,-34,-65,-33,-61,-35,-64,-31,-68,-29,-67,-28,-65,-26,-66,-28,-64,-21,-66,-21,-66,-17,-65,-13,-66,-12,-66,-10,-63,-3,-61,-3,-62,-5,-62,6,-62,7,-59,7,-61,14,-60,19,-57,19,-58,25,-57,27,-60,32,-58,38,-56,37,-59,40,-61,46,-62,50,-59,48,-65,52,-57,55,-64,52,0,0]"
CSI_DATA,396,1a:00:00:00:00:00,-48,11,1,0,1,1,1,0,0,0,1,-96,0,11,2,5518224,0,44,0,384,0,"[0,0,0,0,0,0,0,0,0,0,0,0,2,12,2,12,2,11,2,11,1,10,1,10,1,9,1,9,1,8,2,8,1,8,1,7,1,6,1,6,1,6,1,5,1,5,1,5,1,4,1,4,1,3,0,3,0,3,0,2,0,2,0,2,0,0,-1,2,-1,1,-1,0,-1,1,-1,0,-2,0,-1,0,-2,-1,-2,-1,-2,-1,-2,-1,-2,-1,-2,-2,-2,-2,-2,-2,-3,-2,-2,-2,-2,-2,-2,-2,-2,-3,-2,-3,-2,-3,-2,-3,-2,-3,-2,-4,-1,-4,0,0,0,0,0,0,0,0,0,0,0,0,0,0,15,75,5,81,8,75,6,74,6,73,5,68,2,62,6,66,7,59,5,58,4,52,6,52,7,51,6,47,6,42,8,40,6,42,7,36,4,36,11,32,7,30,2,30,6,27,4,22,1,19,3,22,4,16,0,14,-2,14,5,13,3,10,-3,9,-4,6,-6,6,-3,7,-9,5,-8,3,-8,2,-7,-2,-9,-5,-8,-7,-8,-3,-9,-7,-9,-6,-9,-10,-11,-9,-11,-10,-15,-10,-13,-10,-12,-14,-15,-17,-10,-14,-11,-16,-12,-21,-8,-17,-6,-20,-3,-16,0,0,0,0,0,0,0,0,0,0,0,0,0,0,0,0,0,0,0,0,0,0,-40,-25,-37,-31,-36,-35,-35,-38,-34,-40,-36,-41,-32,-42,-34,-45,-32,-48,-34,-46,-36,-47,-37,-49,-36,-51,-34,-53,-38,-53,-36,-57,-39,-57,-37,-58,-37,-56,-37,-63,-37,-59,-39,-60,-41,-60,-41,-58,-40,-60,-45,-57,-43,-56,-42,-59,-44,-53,-42,-52,-45,-55,-47,-50,-43,-51,-45,-48,-50,-42,-48,-41,-54,-36,-48,-33,-53,-33,-54,-31,-58,-29,-58,-23,-60,-22,-59,-14,-60,-11,-58,-13,-61,-8,-67,-1,-67,1,-70,4,-68,6,-76,9,-76,7,-77,9,-81,12,-85,9,-83,4,0,0]"
CSI_DATA,397,1a:00:00:00:00:00,-48,11,1,0,1,1,1,0,0,0,1,-96,0,11,2,5526949,0,44,0,384,0,"[0,0,0,0,0,0,0,0,0,0,0,0,7,-11,6,-10,6,-10,6,-10,5,-9,5,-9,5,-9,4,-9,4,-8,4,-8,4,-8,4,-7,3,-7,3,-6,2,-6,2,-6,2,-6,2,-5,2,-5,1,-4,1,-4,1,-3,1,-3,1,-3,1,-3,1,-2,0,0,1,-2,1,-1,1,-1,1,-1,0,0,1,0,0,0,0,0,0,1,0,1,0,1,0,1,0,2,0,2,0,2,0,2,0,2,0,2,0,2,0,2,-1,2,-1,3,-1,3,-1,3,-1,3,-2,2,0,0,0,0,0,0,0,0,0,0,0,0,0,0,52,-61,48,-57,53,-60,50,-59,47,-55,44,-55,39,-52,42,-50,37,-44,39,-48,32,-44,33,-42,34,-43,28,-36,26,-36,25,-41,29,-35,26,-34,21,-27,16,-29,18,-25,16,-25,14,-24,13,-19,13,-18,11,-16,13,-17,5,-14,10,-13,6,-14,7,-7,4,-5,7,-5,10,-5,7,-2,7,2,6,5,5,3,3,6,2,6,2,10,2,11,1,12,3,9,1,12,1,12,2,15,0,14,-1,15,-4,18,1,17,-7,16,-4,19,-6,17,-4,20,-7,14,-9,16,0,0,0,0,0,0,0,0,0,0,0,0,0,0,0,0,0,0,0,0,0,0,5,43,3,47,2,51,-2,50,-4,55,-11,56,-8,56,-10,55,-11,53,-12,57,-13,61,-16,61,-13,59,-13,68,-11,63,-17,62,-20,66,-18,62,-16,70,-15,69,-16,68,-13,70,-15,69,-16,70,-17,69,-14,74,-14,71,-14,70,-8,69,-9,69,-4,67,-7,66,-2,68,1,65,-1,64,6,66,10,62,12,60,15,60,19,59,18,57,25,56,29,56,31,52,31,52,39,50,38,54,43,50,47,46,47,51,52,48,53,49,57,49,60,47,65,48,62,47,69,46,0,0]"
CSI_DATA,398,1a:00:00:00:00:00,-48,11,1,0,1,1,1,0,0,0,1,-96,0,11,2,5547347,0,44,0,384,0,"[0,0,0,0,0,0,0,0,0,0,0,0,-14,3,-13,3,-12,3,-12,3,-11,3,-11,3,-11,3,-10,3,-9,3,-9,2,-9,3,-8,3,-8,2,-7,2,-7,2,-6,2,-5,2,-5,2,-5,1,-5,1,-5,1,-4,1,-4,1,-4,1,-3,0,-3,1,0,0,-2,0,-2,-1,-2,-1,-1,-1,-1,-1,-1,-2,-1,-2,-1,-2,0,-2,0,-2,0,-2,0,-2,0,-3,0,-3,0,-3,1,-3,1,-3,1,-3,1,-3,1,-3,2,-3,2,-3,2,-3,2,-3,2,-2,2,-2,0,0,0,0,0,0,0,0,0,0,0,0,0,0,-80,21,-80,20,-80,21,-73,18,-75,19,-75,22,-64,19,-65,15,-59,15,-60,20,-55,18,-54,18,-51,17,-45,13,-42,11,-47,14,-42,14,-37,13,-39,13,-31,13,-33,11,-29,11,-26,12,-21,8,-26,6,-18,10,-19,7,-16,6,-15,2,-14,3,-13,3,-12,2,-11,-1,-8,-2,-7,-5,-4,-4,-2,-6,-4,-4,-1,-10,-2,-8,-1,-9,1,-13,1,-10,4,-10,6,-11,5,-14,6,-14,6,-16,7,-14,11,-16,13,-15,11,-13,11,-15,13,-17,10,-14,13,-11,17,-13,0,0,0,0,0,0,0,0,0,0,0,0,0,0,0,0,0,0,0,0,0,0,24,-40,31,-41,32,-38,43,-41,37,-36,42,-38,40,-33,44,-35,45,-34,45,-35,48,-37,52,-35,50,-42,51,-41,58,-40,53,-43,56,-41,54,-39,57,-43,57,-41,54,-45,56,-46,56,-44,54,-46,56,-45,53,-47,57,-51,54,-51,50,-48,50,-54,49,-52,51,-56,44,-52,43,-56,35,-56,34,-56,30,-52,28,-55,26,-55,22,-62,20,-62,12,-62,9,-62,6,-62,2,-67,-4,-62,-5,-65,-11,-68,-7,-71,-10,-73,-15,-72,-18,-78,-17,-82,-19,-74,-25,-77,-25,-87,-22,-77,0,0]"
CSI_DATA,399,1a:00:00:00:00:00,-48,11,1,0,1,1,1,0,0,0,1,-96,0,11,2,5557136,0,44,0,384,0,"[0,0,0,0,0,0,0,0,0,0,0,0,-12,-6,-12,-6,-11,-5,-11,-5,-10,-5,-10,-4,-9,-4,-9,-4,-9,-4,-9,-3,-8,-3,-8,-3,-7,-3,-7,-3,-7,-2,-6,-2,-6,-2,-5,-2,-5,-1,-5,-2,-4,-2,-4,-2,-3,-2,-4,-1,-3,-2,-2,-2,0,0,-2,-2,-2,-2,-1,-1,-1,-2,-1,-2,-1,-2,0,-2,0,-2,0,-2,1,-2,1,-2,1,-2,1,-2,1,-2,2,-2,2,-2,2,-2,2,-2,2,-2,2,-1,3,-2,2,-1,2,-1,3,-1,3,0,3,0,0,0,0,0,0,0,0,0,0,0,0,0,0,0,-65,-45,-65,-48,-65,-37,-61,-46,-60,-44,-57,-41,-58,-41,-52,-38,-52,-30,-48,-33,-47,-33,-46,-30,-44,-29,-43,-27,-41,-23,-38,-23,-35,-19,-32,-21,-31,-17,-27,-17,-27,-18,-23,-14,-22,-14,-21,-14,-23,-9,-20,-12,-16,-14,-14,-8,-13,-10,-14,-9,-8,-10,-7,-11,-8,-11,-3,-6,1,-7,-2,-8,1,-4,5,-5,4,-3,8,-4,8,-6,7,-3,13,-4,11,-3,12,-6,14,-5,15,-3,13,0,17,-2,16,-2,17,-2,17,1,19,1,18,0,18,6,15,6,17,7,0,0,0,0,0,0,0,0,0,0,0,0,0,0,0,0,0,0,0,0,0,0,44,-7,45,-6,50,-5,49,1,51,3,52,5,54,8,56,5,56,10,59,8,59,9,57,11,61,7,62,9,64,9,66,13,65,8,68,9,67,12,66,11,67,13,71,13,70,8,67,10,72,7,72,3,72,7,65,5,69,6,67,1,67,-1,66,-1,65,-3,63,-7,64,-7,59,-10,60,-14,59,-13,59,-18,56,-21,56,-24,53,-27,54,-33,51,-38,51,-37,48,-41,48,-43,47,-47,43,-50,44,-55,44,-56,39,-59,46,-61,43,-59,45,-64,41,-68,47,-71,0,0]"
CSI_DATA,400,1a:00:00:00:00:00,-48,11,1,0,1,1,1,0,0,0,1,-96,0,11,2,5566593,0,44,0,384,0,"[0,0,0,0,0,0,0,0,0,0,0,0,12,-1,11,-1,11,-1,11,-1,10,-1,10,-1,9,-1,9,-2,8,-2,8,-1,8,-2,7,-2,7,-1,7,-1,6,-1,5,-1,5,-2,4,-1,5,-1,4,-1,4,-1,3,-1,3,-1,3,-1,2,0,2,0,0,0,1,0,1,0,1,0,0,0,0,0,0,1,0,1,0,1,-1,1,-1,1,-2,1,-1,1,-2,1,-2,1,-2,1,-2,1,-2,2,-3,1,-3,1,-3,1,-3,2,-3,1,-3,1,-3,1,-4,1,-4,0,0,0,0,0,0,0,0,0,0,0,0,0,0,0,81,19,77,17,77,16,71,19,68,15,69,17,61,13,67,13,58,13,59,12,52,11,50,7,52,7,49,6,46,6,42,6,42,5,38,2,40,3,32,3,28,3,27,3,30,1,24,3,20,4,17,1,17,4,14,3,16,4,12,0,9,5,9,8,9,6,6,6,2,5,2,4,2,7,-4,5,-5,6,-7,6,-4,7,-6,6,-9,7,-10,8,-11,6,-8,8,-11,6,-13,8,-14,7,-16,7,-18,6,-19,4,-17,4,-23,6,-18,4,-21,0,-21,0,0,0,0,0,0,0,0,0,0,0,0,0,0,0,0,0,0,0,0,0,0,0,-39,22,-48,25,-45,16,-52,17,-48,14,-52,17,-53,13,-54,17,-58,9,-56,11,-59,14,-59,10,-61,14,-65,14,-67,15,-63,11,-71,17,-65,15,-68,17,-73,10,-68,16,-73,16,-68,18,-72,13,-69,15,-69,20,-69,17,-70,22,-64,21,-67,23,-61,24,-65,27,-61,28,-61,30,-56,29,-56,34,-54,30,-51,35,-48,38,-48,43,-48,44,-39,43,-36,44,-37,50,-33,55,-25,57,-29,58,-26,59,-21,66,-20,63,-22,67,-19,72,-23,76,-15,69,-19,74,-15,82,-20,78,0,0]"
CSI_DATA,401,1a:00:00:00:00:00,-47,11,1,0,1,1,1,0,0,0,1,-96,0,11,2,5576635,0,44,0,384,0,"[0,0,0,0,0,0,0,0,0,0,0,0,-13,2,-13,2,-12,2,-12,2,-12,2,-11,2,-10,2,-9,2,-9,2,-9,2,-8,2,-8,2,-7,2,-8,2,-7,2,-6,2,-6,2,-5,2,-5,1,-5,1,-5,1,-4,1,-4,1,-4,0,-4,0,-3,0,0,0,-3,0,-2,-1,-2,-1,-2,-1,-2,-1,-1,-1,-1,-2,-1,-2,0,-2,0,-2,0,-2,0,-2,0,-3,0,-3,0,-3,1,-3,0,-3,1,-3,1,-3,1,-3,2,-3,1,-3,2,-3,2,-3,2,-2,2,-2,0,0,0,0,0,0,0,0,0,0,0,0,0,0,-87,-4,-85,1,-82,-4,-75,-5,-75,-1,-71,-5,-71,0,-68,-1,-64,1,-63,1,-57,3,-58,3,-53,2,-52,7,-48,3,-48,5,-44,3,-42,4,-36,7,-33,1,-32,4,-34,6,-28,9,-28,5,-21,3,-25,5,-21,1,-19,0,-16,1,-13,-3,-13,-2,-13,-3,-9,-4,-7,-4,-5,-6,-7,-8,-7,-8,-3,-4,-1,-8,1,-10,0,-9,2,-10,0,-12,4,-12,5,-15,7,-13,5,-13,8,-14,12,-16,12,-17,13,-17,11,-14,13,-15,15,-13,19,-11,18,-10,18,-10,0,0,0,0,0,0,0,0,0,0,0,0,0,0,0,0,0,0,0,0,0,0,39,-23,48,-22,49,-20,51,-17,52,-19,55,-14,53,-18,57,-19,59,-16,59,-12,63,-12,63,-13,63,-12,66,-14,64,-14,67,-14,66,-13,65,-14,69,-14,69,-20,69,-19,71,-17,70,-20,70,-20,70,-21,69,-24,70,-21,72,-25,66,-23,67,-34,63,-27,63,-34,60,-36,57,-36,58,-40,53,-39,51,-42,48,-45,42,-43,45,-48,39,-47,36,-54,31,-56,29,-58,25,-56,20,-66,19,-64,16,-67,11,-69,13,-71,7,-73,9,-75,2,-79,2,-78,4,-84,4,-85,5,-84,0,0]"
CSI_DATA,402,1a:00:00:00:00:00,-48,11,1,0,1,1,1,0,0,0,1,-96,0,11,2,5587835,0,44,0,384,0,"[0,0,0,0,0,0,0,0,0,0,0,0,12,1,11,1,11,1,11,1,10,1,9,1,9,0,9,0,8,0,8,0,7,0,7,0,7,0,6,0,6,0,5,0,5,-1,5,0,4,0,4,0,3,0,3,0,3,0,3,0,2,0,2,0,0,0,1,0,1,0,1,0,0,1,0,1,0,1,0,1,-1,1,-2,1,-1,1,-1,1,-1,1,-2,1,-2,1,-2,1,-2,1,-2,1,-3,1,-3,1,-3,1,-3,1,-3,1,-3,1,-3,1,-3,1,-4,0,0,0,0,0,0,0,0,0,0,0,0,0,0,0,78,18,78,18,70,17,71,18,70,15,61,17,63,13,57,9,60,13,54,13,55,10,54,6,51,10,46,6,42,5,42,3,37,7,37,3,33,4,31,2,29,2,28,2,25,2,24,0,21,1,20,6,16,2,14,1,13,2,12,5,14,2,11,2,5,1,7,6,5,7,2,7,0,3,-1,9,-4,11,-2,9,-6,7,-6,12,-8,6,-9,10,-4,9,-9,12,-10,5,-12,9,-12,13,-12,10,-13,12,-17,8,-18,7,-16,8,-17,6,-18,6,-17,3,0,0,0,0,0,0,0,0,0,0,0,0,0,0,0,0,0,0,0,0,0,0,-42,11,-46,9,-49,6,-49,2,-55,2,-52,0,-53,-3,-59,-3,-55,-6,-59,2,-56,-1,-61,-1,-58,-2,-61,-1,-55,1,-77,-16,-71,-28,-95,-37,-80,3,-62,-2,-72,2,-68,-3,-74,2,-71,5,-74,1,-68,6,-72,5,-66,9,-72,7,-66,9,-64,15,-62,15,-64,15,-60,18,-64,22,-57,20,-56,30,-53,28,-53,31,-51,34,-48,37,-47,40,-41,40,-40,46,-39,45,-28,53,-36,52,-31,56,-25,61,-31,62,-23,61,-23,65,-23,68,-20,73,-18,73,-18,76,-18,78,0,0]"
CSI_DATA,403,1a:00:00:00:00:00,-47,11,1,0,1,1,1,0,0,0,1,-96,0,11,2,5596669,0,44,0,384,0,"[0,0,0,0,0,0,0,0,0,0,0,0,2,12,2,11,2,11,2,10,2,10,2,9,2,9,2,8,2,8,2,8,2,7,2,7,2,6,2,6,2,5,2,5,1,5,1,5,1,4,1,3,1,3,1,3,0,3,0,2,0,2,0,2,0,0,-1,1,-1,1,-1,1,-1,1,-1,0,-2,0,-1,0,-2,0,-2,0,-2,0,-3,-1,-2,-1,-2,-1,-3,-1,-3,-1,-3,-1,-3,-2,-3,-2,-3,-2,-3,-2,-3,-2,-3,-3,-3,-3,-2,-3,-3,-3,-2,-3,0,0,0,0,0,0,0,0,0,0,0,0,0,0,18,76,23,76,24,72,20,70,20,74,18,64,17,64,17,63,18,61,17,54,18,53,17,49,19,51,15,45,13,44,20,41,15,39,13,34,15,34,14,31,13,29,11,28,14,22,11,21,6,20,6,19,10,18,8,18,2,15,3,11,-1,12,0,11,-4,9,-1,7,-2,4,-7,7,-13,6,-9,5,-11,1,-10,-1,-8,0,-14,0,-13,-3,-9,-4,-16,-5,-15,-5,-13,-2,-17,-9,-17,-9,-17,-8,-16,-10,-14,-10,-16,-9,-15,-8,-15,-11,-15,-13,-11,-14,0,0,0,0,0,0,0,0,0,0,0,0,0,0,0,0,0,0,0,0,0,0,-37,-28,-36,-32,-35,-39,-34,-40,-32,-42,-29,-42,-30,-48,-32,-46,-35,-51,-32,-49,-31,-50,-33,-52,-36,-53,-35,-52,-36,-57,-37,-55,-35,-56,-39,-58,-38,-52,-44,-57,-41,-58,-43,-60,-45,-66,-41,-56,-39,-57,-43,-58,-42,-55,-45,-54,-47,-55,-50,-51,-47,-49,-49,-46,-49,-45,-53,-45,-53,-43,-53,-36,-55,-35,-51,-31,-59,-26,-56,-27,-58,-20,-61,-16,-58,-13,-66,-11,-62,-8,-60,2,-65,3,-65,2,-68,10,-74,7,-68,13,-74,12,-74,18,-77,19,-77,21,-75,27,-80,23,0,0]"
CSI_DATA,404,1a:00:00:00:00:00,-47,11,1,0,1,1,1,0,0,0,1,-96,0,11,2,5617022,0,44,0,384,0,"[0,0,0,0,0,0,0,0,0,0,0,0,-12,-5,-12,-5,-11,-5,-11,-5,-10,-4,-10,-4,-10,-3,-9,-3,-9,-3,-9,-3,-8,-3,-8,-2,-8,-2,-7,-2,-7,-2,-6,-2,-6,-2,-5,-2,-5,-2,-5,-2,-5,-2,-4,-1,-4,-2,-4,-1,-4,-2,-3,-2,0,0,-2,-2,-2,-2,-1,-2,-1,-2,-1,-2,-1,-2,0,-2,0,-2,0,-2,1,-2,1,-2,1,-2,1,-2,1,-2,1,-2,2,-2,2,-2,2,-2,2,-2,2,-2,2,-2,2,-2,2,-2,3,-1,3,-1,3,-1,0,0,0,0,0,0,0,0,0,0,0,0,0,0,-68,-47,-66,-45,-67,-41,-64,-43,-63,-39,-61,-37,-57,-37,-57,-39,-54,-32,-53,-30,-50,-28,-47,-29,-46,-25,-43,-26,-44,-22,-41,-20,-41,-21,-36,-15,-32,-16,-33,-12,-34,-14,-30,-11,-24,-13,-24,-12,-21,-13,-18,-7,-18,-6,-17,-10,-16,-9,-13,-10,-10,-8,-10,-10,-6,-9,-5,-9,0,-11,0,-8,2,-9,-2,-7,3,-11,6,-9,5,-7,9,-10,7,-8,11,-7,11,-6,13,-3,13,-10,13,-7,11,-14,14,-7,16,-5,18,-7,17,-7,16,-6,17,-4,20,1,21,-2,0,0,0,0,0,0,0,0,0,0,0,0,0,0,0,0,0,0,0,0,0,0,44,3,47,8,49,12,53,14,52,19,48,21,52,18,53,20,54,20,54,24,52,22,57,25,59,23,58,26,59,25,61,23,62,25,63,24,61,20,65,24,69,24,69,24,71,23,67,22,67,20,66,20,68,22,69,17,69,14,65,14,71,10,66,4,64,5,67,0,68,0,66,-4,63,-7,60,-8,61,-13,62,-23,60,-20,58,-23,55,-30,52,-32,53,-32,49,-38,48,-40,46,-46,47,-52,53,-55,50,-52,46,-59,46,-62,46,-63,49,-72,41,-70,52,-73,0,0]"
CSI_DATA,405,1a:00:00:00:00:00,-47,11,1,0,1,1,1,0,0,0,1,-96,0,11,2,5656591,0,44,0,384,0,"[0,0,0,0,0,0,0,0,0,0,0,0,-6,11,-6,11,-5,9,-5,10,-4,9,-5,9,-4,9,-4,8,-4,8,-3,7,-3,7,-3,7,-3,6,-3,6,-2,5,-2,5,-2,5,-2,4,-2,4,-2,3,-2,3,-2,3,-2,2,-2,2,-2,2,-2,2,0,0,-2,1,-2,1,-2,0,-2,0,-2,0,-2,-1,-2,-1,-2,-1,-2,-1,-2,-1,-2,-2,-2,-2,-2,-2,-2,-2,-2,-2,-2,-2,-2,-3,-2,-3,-2,-3,-2,-3,-2,-3,-2,-4,-1,-4,-1,-4,-1,-4,-1,-4,0,0,0,0,0,0,0,0,0,0,0,0,0,0,-51,65,-45,60,-41,65,-45,62,-42,56,-44,56,-39,53,-39,54,-35,49,-35,49,-28,46,-27,41,-28,43,-25,41,-23,39,-22,38,-22,38,-18,35,-21,31,-17,32,-16,31,-13,28,-13,23,-13,25,-12,22,-14,16,-7,18,-14,16,-11,12,-9,11,-10,8,-11,5,-9,6,-11,4,-13,1,-9,0,-14,-3,-9,-3,-9,-5,-9,-7,-9,-9,-6,-12,-7,-14,-8,-7,-9,-12,-7,-14,-10,-13,-7,-14,-9,-16,-5,-17,-9,-18,-6,-19,-3,-18,-3,-17,-5,-18,0,-20,1,-18,0,0,0,0,0,0,0,0,0,0,0,0,0,0,0,0,0,0,0,0,0,0,1,-46,3,-47,5,-49,11,-53,11,-49,14,-53,15,-52,15,-54,17,-54,17,-55,16,-57,17,-58,17,-60,20,-62,19,-64,21,-62,21,-67,19,-61,20,-67,23,-64,21,-67,19,-68,19,-67,17,-70,19,-67,16,-70,13,-66,16,-70,12,-65,8,-70,5,-63,5,-68,3,-65,-1,-66,-3,-66,-4,-64,-9,-64,-14,-63,-14,-61,-21,-56,-20,-58,-26,-56,-30,-57,-32,-55,-36,-51,-39,-52,-42,-49,-41,-49,-51,-51,-50,-47,-55,-46,-59,-48,-60,-49,-62,-45,-68,-44,-71,-47,-65,-49,0,0]"
CSI_DATA,406,1a:00:00:00:00:00,-47,11,1,0,1,1,1,0,0,0,1,-96,0,11,2,5668202,0,44,0,384,0,"[0,0,0,0,0,0,0,0,0,0,0,0,11,-4,11,-4,10,-4,10,-4,10,-4,9,-5,8,-4,8,-4,7,-4,7,-4,7,-4,6,-4,6,-4,6,-3,5,-4,5,-3,4,-3,4,-3,4,-3,3,-3,3,-2,3,-2,3,-2,3,-2,2,-2,2,-1,0,0,1,-1,2,0,2,0,1,0,1,0,1,1,1,1,1,1,0,1,0,1,0,2,0,2,0,2,0,2,-1,2,-1,2,-1,2,-1,2,-1,2,-1,2,-1,2,-1,2,-2,2,-1,2,-2,2,-2,2,0,0,0,0,0,0,0,0,0,0,0,0,0,0,78,-26,74,-23,75,-30,70,-28,70,-25,64,-23,63,-28,62,-25,56,-22,52,-23,49,-25,48,-21,47,-24,44,-23,40,-18,40,-20,40,-20,33,-18,31,-20,32,-18,27,-17,26,-17,26,-13,21,-13,21,-12,19,-10,18,-9,17,-10,13,-5,12,-6,12,-1,13,1,9,-2,8,0,4,4,8,4,5,3,9,6,9,10,6,8,5,14,3,11,0,12,3,13,-1,15,1,11,1,15,1,16,2,17,-1,17,-3,14,-5,19,-5,17,-5,17,-4,20,-8,17,-10,14,0,0,0,0,0,0,0,0,0,0,0,0,0,0,0,0,0,0,0,0,0,0,-35,30,-40,28,-41,27,-44,28,-45,25,-46,23,-46,25,-52,23,-53,27,-51,26,-55,24,-55,25,-57,24,-62,27,-56,26,-59,28,-62,31,-60,30,-61,32,-59,35,-61,33,-60,35,-63,33,-59,33,-60,37,-56,38,-58,39,-55,39,-57,43,-50,44,-51,42,-47,48,-45,47,-46,46,-42,52,-37,49,-35,50,-30,55,-27,54,-25,57,-19,58,-14,56,-12,58,-11,65,-8,59,0,56,0,62,5,64,9,66,13,71,13,69,20,67,21,72,20,73,23,78,21,77,30,77,0,0]"
CSI_DATA,407,1a:00:00:00:00:00,-47,11,1,0,1,1,1,0,0,0,1,-96,0,11,2,5676585,0,44,0,384,0,"[0,0,0,0,0,0,0,0,0,0,0,0,2,-14,2,-13,1,-13,1,-13,1,-12,1,-12,1,-11,0,-10,0,-10,0,-9,0,-9,0,-9,0,-8,0,-8,0,-7,0,-7,0,-7,0,-6,-1,-5,0,-5,0,-5,0,-5,0,-4,0,-3,0,-4,0,-3,0,0,1,-3,1,-2,1,-2,1,-2,1,-1,1,-1,1,0,2,0,1,0,2,0,2,0,2,0,2,1,2,1,2,1,2,1,2,1,2,1,2,1,2,2,2,2,2,2,2,3,2,2,1,2,1,2,0,0,0,0,0,0,0,0,0,0,0,0,0,0,13,-38,14,-40,10,-35,11,-35,10,-37,8,-32,10,-34,9,-29,9,-31,8,-27,7,-29,3,-27,5,-25,4,-26,3,-23,2,-23,4,-21,2,-20,3,-18,0,-17,2,-15,1,-15,0,-13,1,-11,2,-12,2,-12,1,-9,2,-10,2,-9,3,-7,2,-5,3,-5,3,-7,3,-3,5,-4,3,-1,3,-1,5,0,5,-1,5,0,7,2,6,2,4,3,4,4,6,3,6,5,6,3,7,4,5,5,4,4,5,5,7,7,6,7,6,8,4,9,3,8,3,8,0,0,0,0,0,0,0,0,0,0,0,0,0,0,0,0,0,0,0,0,0,0,2,20,-2,22,-2,25,-3,24,-4,27,-5,25,-5,27,-5,27,-6,27,-7,28,-7,27,-7,29,-6,30,-7,32,-8,31,-7,32,-6,33,-6,34,-5,30,-7,33,-6,34,-5,36,-6,35,-6,34,-4,35,-2,35,-2,35,-1,33,0,34,1,31,2,34,4,31,4,32,6,31,7,31,10,30,10,29,10,27,14,27,14,26,15,24,17,26,18,23,23,22,22,20,26,19,26,19,28,17,30,16,32,17,33,16,34,15,34,14,36,13,37,13,38,12,41,13,0,0]"
CSI_DATA,408,1a:00:00:00:00:00,-47,11,1,0,1,1,1,0,0,0,1,-96,0,11,2,5688425,0,44,0,384,0,"[0,0,0,0,0,0,0,0,0,0,0,0,-7,-10,-7,-10,-8,-10,-7,-9,-7,-9,-6,-8,-7,-8,-6,-8,-6,-7,-6,-7,-5,-7,-5,-6,-5,-6,-5,-6,-5,-5,-4,-5,-4,-5,-4,-4,-4,-4,-4,-4,-3,-4,-3,-3,-2,-4,-3,-3,-2,-3,-2,-3,0,0,-1,-3,-1,-3,0,-2,0,-2,0,-2,0,-2,0,-2,1,-2,1,-2,1,-1,2,-1,2,-1,2,-1,2,-1,2,-1,2,-1,2,-1,2,-1,3,0,3,0,3,0,2,0,3,0,3,0,2,1,2,1,0,0,0,0,0,0,0,0,0,0,0,0,0,0,-53,-62,-50,-57,-51,-58,-50,-56,-50,-54,-51,-54,-46,-46,-48,-48,-40,-45,-41,-42,-42,-41,-39,-37,-38,-39,-35,-35,-36,-33,-36,-30,-33,-28,-34,-29,-29,-23,-29,-26,-27,-22,-22,-20,-20,-17,-18,-17,-18,-16,-13,-15,-15,-12,-12,-13,-9,-13,-8,-14,-8,-14,-5,-16,-2,-13,0,-8,-2,-11,1,-7,3,-12,2,-10,5,-7,8,-7,11,-6,10,-7,9,-8,10,-6,12,-6,10,-8,14,-7,12,-6,16,-3,16,-7,18,-5,18,-1,19,-3,19,1,20,0,19,2,19,2,0,0,0,0,0,0,0,0,0,0,0,0,0,0,0,0,0,0,0,0,0,0,40,14,43,19,42,21,44,24,45,25,43,29,44,29,46,30,47,31,44,31,47,36,49,37,50,36,51,37,53,41,53,39,53,38,54,38,55,39,58,38,59,38,61,40,58,35,57,33,58,35,61,33,60,35,62,32,58,31,58,28,60,24,64,22,59,20,62,14,65,12,65,12,61,10,60,3,61,1,61,-5,63,-9,59,-10,63,-15,58,-19,58,-24,59,-26,59,-28,58,-32,61,-38,56,-41,58,-41,59,-52,60,-52,57,-48,62,-55,60,-56,60,-54,0,0]"
CSI_DATA,409,1a:00:00:00:00:00,-47,11,1,0,1,1,1,0,0,0,1,-96,0,11,2,5696723,0,44,0,384,0,"[0,0,0,0,0,0,0,0,0,0,0,0,13,-2,12,-2,12,-2,11,-2,11,-2,10,-2,9,-2,9,-2,9,-2,8,-2,8,-2,8,-2,7,-2,7,-2,6,-2,6,-2,5,-2,5,-2,5,-2,4,-1,4,-1,4,-2,3,-1,3,-1,3,-1,2,0,0,0,2,0,2,0,1,1,1,1,1,1,1,1,0,1,0,1,0,2,0,2,-1,2,-1,2,-1,2,-1,2,-1,2,-1,2,-1,2,-2,2,-2,3,-2,3,-2,2,-2,2,-2,3,-2,2,-3,2,-3,2,0,0,0,0,0,0,0,0,0,0,0,0,0,0,77,-7,79,-9,74,-8,75,-9,70,-10,68,-11,67,-9,66,-9,59,-9,54,-9,58,-13,53,-11,51,-9,47,-13,43,-13,42,-13,38,-15,35,-12,36,-10,31,-9,32,-10,30,-13,24,-11,22,-8,25,-8,22,-4,21,-2,19,-7,15,-2,13,-1,15,0,10,1,11,3,10,6,5,5,8,4,7,8,3,8,2,10,5,10,3,14,3,14,2,13,0,12,-4,15,-2,16,-2,14,-3,16,-3,18,-5,16,-6,17,-6,18,-8,15,-9,16,-8,14,-10,16,-14,13,0,0,0,0,0,0,0,0,0,0,0,0,0,0,0,0,0,0,0,0,0,0,-37,20,-43,17,-48,21,-49,16,-53,18,-51,13,-54,11,-54,12,-57,11,-56,13,-57,14,-58,15,-62,18,-64,18,-64,14,-65,14,-67,14,-65,17,-65,17,-70,15,-68,22,-69,18,-68,22,-66,23,-70,25,-64,28,-67,28,-63,28,-64,31,-62,31,-60,33,-55,33,-52,34,-54,39,-49,41,-47,42,-46,46,-38,48,-37,50,-36,55,-34,52,-26,55,-21,56,-23,61,-20,62,-16,63,-14,67,-9,62,-6,67,-2,71,4,72,8,76,2,78,7,79,9,80,12,79,9,87,0,0]"
CSI_DATA,410,1a:00:00:00:00:00,-47,11,1,0,1,1,1,0,0,0,1,-96,0,11,2,5706591,0,44,0,384,0,"[0,0,0,0,0,0,0,0,0,0,0,0,-12,-6,-11,-5,-12,-5,-11,-5,-10,-5,-10,-4,-10,-4,-9,-4,-9,-4,-8,-3,-8,-3,-8,-3,-8,-3,-7,-3,-7,-2,-6,-2,-6,-2,-5,-2,-5,-2,-5,-2,-4,-2,-4,-2,-4,-2,-4,-2,-3,-2,-2,-2,0,0,-2,-2,-2,-2,-2,-2,-1,-2,-1,-2,-1,-2,0,-2,0,-2,0,-3,0,-2,1,-2,1,-2,1,-2,1,-2,1,-3,2,-3,1,-2,2,-3,2,-2,2,-2,2,-2,2,-2,2,-2,2,-2,2,-1,3,-1,0,0,0,0,0,0,0,0,0,0,0,0,0,0,-71,-47,-66,-46,-65,-41,-60,-44,-64,-42,-60,-40,-59,-36,-54,-36,-55,-36,-50,-31,-50,-29,-47,-30,-45,-22,-46,-24,-41,-21,-42,-20,-38,-18,-36,-19,-34,-12,-32,-14,-32,-14,-32,-14,-26,-10,-24,-12,-19,-14,-19,-9,-21,-15,-15,-9,-17,-15,-15,-13,-14,-8,-9,-9,-7,-10,-4,-11,-2,-12,-3,-13,1,-10,5,-12,4,-11,8,-11,3,-12,5,-10,8,-11,8,-13,11,-12,12,-11,12,-13,11,-11,17,-6,15,-11,14,-9,19,-9,20,-8,15,-10,17,-6,17,-5,16,-5,0,0,0,0,0,0,0,0,0,0,0,0,0,0,0,0,0,0,0,0,0,0,43,5,44,11,47,16,47,21,48,21,42,22,52,22,46,24,50,28,50,27,51,27,55,24,53,27,58,30,59,31,60,28,59,29,62,29,62,30,63,30,65,31,61,33,66,31,65,25,65,27,67,24,64,18,63,19,65,23,63,20,64,12,66,13,64,9,66,6,61,4,65,0,67,-4,62,-10,59,-13,60,-21,59,-20,57,-24,55,-24,56,-34,52,-32,56,-34,48,-37,52,-41,51,-47,46,-46,44,-56,42,-58,50,-60,45,-64,47,-71,43,-67,50,-67,0,0]"
