12.36932,11.18034,12.16553,11.18034,11.18034,10.04988,9.05539,9.05539,8.06226,8.06226,7.07107,7.07107,6.08276,6.08276,6.08276,5.09902,5.09902,5.09902,4.12311,4.12311,3.16228,3.16228,3.16228,2.82843,2.82843,2.23607,2.23607,2.23607,2.23607,2.23607,2.0,2.0,2.0,3.0,3.0,3.0,3.0,3.0,3.0,3.16228,3.16228,3.0,4.0,4.0,4.0,4.0,4.0,4.0,4.12311,4.12311,4.12311,4.47214,72.06941,77.41447,72.47068,71.17584,66.70832,63.69458,63.69458,59.80803,55.71355,51.62364,51.24451,44.01136,44.59821,44.38468,37.94733,35.8469,33.61547,29.96665,29.54657,26.07681,25.05993,23.32381,22.47221,20.61553,18.60108,16.27882,15.0,16.12452,16.40122,15.29706,12.36932,15.0,13.0384,16.03122,15.52417,17.26268,16.27882,15.29706,16.15549,17.0,19.69772,19.31321,17.0,22.47221,20.24846,23.70654,20.12461,23.32381,22.84732,26.41969,24.69818,24.16609,24.73863,25.31798,27.07397,27.01851,24.18677,42.29657,44.14748,49.72927,50.69517,50.9902,50.60632,54.3783,53.90733,55.0,57.48913,60.81118,60.87693,63.70243,65.19202,66.61081,69.81404,68.41053,73.92564,70.72482,73.06162,74.24284,76.05919,76.6942,76.32169,76.844,75.27284,72.73239,74.63243,74.94665,71.47027,73.08215,75.18643,70.60453,68.41053,69.12308,65.52099,65.80274,64.19502,61.98387,61.68468,60.92618,62.16912,61.77378,64.14047,59.16925,63.81222,61.85467,66.61081,64.40497,71.84706,69.2026,69.2026,71.21798,77.46612,81.8352,77.42093,81.84131
11.40175,11.40175,11.40175,10.63015,9.89949,9.21954,9.21954,8.48528,7.81025,7.81025,7.07107,6.40312,5.65685,5.65685,5.0,5.0,5.0,3.60555,3.60555,3.60555,2.23607,2.23607,2.23607,2.0,2.0,2.0,2.23607,2.23607,1.41421,2.23607,1.41421,2.23607,2.23607,2.23607,2.23607,2.23607,2.23607,2.23607,3.16228,3.16228,3.16228,3.60555,3.60555,3.60555,3.60555,3.60555,3.60555,4.24264,4.24264,3.60555,3.60555,3.16228,74.62573,77.10383,70.72482,69.89278,70.45566,66.0303,62.80127,62.00806,53.41348,56.22277,51.86521,46.2277,45.79301,43.27817,41.6173,36.40055,36.40055,33.6006,26.92582,27.45906,24.41311,23.25941,22.47221,21.18962,17.08801,15.81139,16.12452,15.0333,12.16553,13.0,13.89244,12.20656,15.81139,12.80625,16.27882,14.14214,15.23155,17.49286,16.64332,18.86796,17.0,19.41649,19.69772,20.0,19.41649,25.07987,23.70654,22.36068,21.9545,22.02272,24.18677,24.41311,23.85372,26.24881,25.45584,26.07681,27.73085,42.72002,43.41659,45.39824,48.04165,50.0,52.23983,53.33854,54.34151,57.87055,55.7853,61.68468,61.68468,64.62198,65.39113,69.77822,68.942,73.06162,69.11584,71.86793,73.81734,72.8011,78.40918,76.6942,75.0733,79.20859,75.69016,74.96666,75.66373,75.66373,75.66373,72.13876,72.18033,67.26812,68.68042,72.91776,64.38167,67.94115,65.05382,62.36986,62.62587,63.60031,58.24946,61.91123,63.28507,63.28507,59.61543,65.39113,66.30988,67.06713,68.54196,68.15424,74.46476,77.07788,74.73286,77.47258,81.02469,78.72103
13.60147,12.80625,12.20656,11.40175,11.40175,10.63015,10.63015,9.21954,9.21954,8.60233,7.81025,7.81025,7.2111,6.40312,6.40312,5.83095,5.83095,5.0,4.47214,4.47214,4.47214,4.12311,3.16228,4.0,3.0,3.0,3.16228,3.16228,3.16228,3.16228,2.82843,3.60555,3.60555,3.60555,3.60555,2.82843,3.60555,3.60555,4.24264,4.24264,4.24264,4.24264,4.24264,4.24264,4.24264,4.24264,5.0,5.0,4.47214,4.47214,5.38516,5.09902,78.77182,75.60423,75.16648,71.02816,69.52697,68.11755,61.22091,62.62587,57.31492,57.98276,51.08816,47.80167,45.27693,45.45327,40.31129,38.28838,36.12478,31.62278,32.24903,27.20294,27.45906,21.63331,23.25941,23.25941,21.84033,20.24846,11.18034,19.0263,14.0,13.15295,13.60147,15.81139,13.0384,15.26434,16.64332,17.02939,17.88854,17.02939,21.93171,18.43909,17.69181,21.93171,23.43075,21.40093,23.43075,23.34524,24.08319,21.93171,24.04163,24.75884,25.6125,27.58623,27.45906,25.6125,28.01785,29.06888,27.51363,44.29447,49.0408,44.38468,51.47815,52.23983,53.0,52.00961,53.15073,57.42822,55.7315,58.0517,61.40033,66.94027,68.94926,70.00714,64.4748,71.58911,66.64833,71.58911,72.20111,70.49113,75.71658,70.80254,75.80237,73.40981,75.43209,75.0733,78.56844,69.42622,76.41989,63.63961,74.24958,67.94115,70.03571,70.03571,65.79514,65.11528,61.7171,64.53681,60.30755,63.25346,61.85467,60.46487,57.98276,61.40033,60.53924,61.46544,64.88451,67.1193,65.79514,70.77429,71.69379,79.70571,67.62396,76.05919,83.7735,78.26238
12.16553,12.16553,11.18034,11.18034,10.19804,10.19804,9.21954,8.24621,8.24621,7.28011,7.28011,6.08276,6.32456,5.09902,5.09902,5.09902,4.12311,4.0,4.0,3.0,3.0,3.0,2.23607,2.23607,2.23607,1.41421,2.23607,2.23607,2.23607,2.23607,2.23607,2.0,3.0,3.0,3.0,3.0,3.0,3.0,3.0,4.0,3.0,4.0,4.0,4.0,4.0,4.0,4.12311,4.12311,4.47214,4.47214,4.47214,4.24264,79.40403,74.67262,71.16881,69.89278,70.93659,62.76942,59.09315,62.03225,51.89412,51.62364,52.0,48.75449,47.53946,42.48529,40.71855,38.48376,36.76955,33.54102,30.01666,29.15476,26.92582,21.84033,19.41649,16.03122,17.11724,15.29706,16.03122,14.56022,17.08801,12.52996,13.0384,10.81665,14.21267,14.21267,17.20465,18.38478,16.15549,19.23538,16.76305,17.88854,16.76305,19.31321,20.24846,21.0238,21.54066,22.13594,22.84732,21.93171,23.70654,25.05993,26.41969,23.76973,25.80698,27.20294,26.90725,25.4951,26.40076,44.59821,44.10215,47.70744,49.64877,51.86521,51.24451,52.49762,52.63079,58.85576,58.30952,62.28965,60.00833,65.03076,64.00781,67.1193,66.37017,70.85901,69.2315,71.30919,74.46476,74.46476,73.37575,75.27284,75.39231,74.46476,75.15318,76.55717,76.47876,74.70609,75.13322,74.30343,72.94518,71.11962,68.42514,69.35416,64.41273,64.40497,65.30697,61.46544,64.2573,61.32699,63.06346,62.0967,64.28841,63.32456,63.3877,64.38167,64.38167,66.48308,68.35934,71.56815,71.70077,76.65507,74.24284,76.53104,75.13322,81.21576
12.20656,10.81665,10.81665,10.81665,10.0,9.21954,8.60233,7.81025,7.81025,7.2111,6.40312,6.40312,5.83095,5.0,5.0,4.47214,4.47214,3.16228,3.16228,3.16228,3.0,3.0,2.0,2.23607,2.23607,2.23607,2.82843,2.82843,2.82843,3.60555,2.23607,3.60555,3.60555,3.60555,3.16228,4.12311,4.47214,4.12311,4.47214,4.47214,4.47214,4.47214,4.47214,4.47214,4.47214,5.0,5.0,5.0,5.0,4.24264,5.0,4.47214,78.24321,70.83784,72.62231,69.35416,67.88225,66.46804,59.39697,58.69412,55.9017,54.56189,52.63079,46.09772,45.27693,41.86884,41.01219,38.8973,36.06938,31.14482,29.83287,27.58623,23.02173,23.43075,21.0238,19.84943,18.86796,17.46425,16.15549,15.13275,15.13275,15.13275,16.03122,16.12452,14.31782,17.0,16.12452,17.20465,18.43909,16.64332,18.43909,17.69181,19.10497,20.0,22.67157,21.40093,24.20744,24.20744,21.93171,23.43075,24.75884,26.1725,24.75884,27.20294,29.20616,26.41969,25.23886,26.40076,24.35159,42.37924,42.95346,46.27094,50.0,51.08816,50.48762,53.15073,54.81788,55.36244,57.56735,61.98387,61.84658,66.48308,65.76473,68.47627,66.28725,72.94518,69.89278,70.60453,76.05919,73.66139,77.7946,75.66373,70.71068,76.38063,75.69016,76.41989,78.24321,73.24616,70.0,72.8011,74.20243,73.23933,68.00735,66.28725,68.8186,63.41136,62.36986,61.7171,62.93648,60.1415,61.52235,61.55485,60.959,58.89822,66.61081,67.95587,67.74216,69.64194,68.60029,72.06941,70.3278,74.62573,73.57309,78.89233,77.38863,79.05694
12.52996,11.6619,11.6619,10.81665,10.81665,10.81665,9.43398,8.60233,8.60233,8.06226,7.2111,8.06226,7.2111,5.83095,5.83095,5.83095,5.38516,4.47214,4.12311,4.12311,4.12311,4.12311,3.0,3.0,3.0,3.0,2.23607,3.16228,2.23607,2.82843,2.82843,2.82843,2.82843,2.82843,2.82843,3.60555,3.60555,2.82843,3.60555,3.60555,3.60555,3.60555,4.24264,3.60555,4.24264,4.24264,4.24264,4.24264,5.0,5.0,4.47214,4.47214,78.81624,74.06079,76.6094,70.17834,72.62231,64.81512,61.84658,63.78087,56.72742,54.81788,53.03772,47.50789,46.2277,42.63801,41.03657,39.82462,37.80212,34.66987,31.62278,26.07681,25.55386,23.60085,21.18962,20.88061,18.38478,17.26268,18.43909,20.0,15.0,15.81139,14.31782,17.0,12.52996,16.64332,13.0384,16.97056,18.43909,15.6205,19.20937,19.84943,17.80449,19.41649,25.23886,24.20744,22.2036,20.24846,25.80698,22.67157,22.2036,24.75884,24.75884,24.75884,27.01851,25.0,25.23886,29.15476,27.51363,44.28318,47.80167,44.91102,52.34501,52.00961,54.0,52.15362,54.58938,56.08921,56.04463,59.20304,61.68468,64.84597,71.30919,69.857,69.35416,69.46222,68.09552,73.57309,75.45197,73.23933,75.0,74.8131,75.60423,74.27651,77.15569,76.36753,78.49204,72.13876,75.0733,70.76722,69.31089,67.47592,69.31089,66.6033,66.48308,62.28965,60.81118,60.20797,60.959,61.07373,61.61169,59.40539,58.30952,64.66065,60.37384,63.50591,67.08204,68.02941,67.54258,71.17584,72.09022,80.05623,68.942,78.29432,83.63014,79.15807
12.04159,12.04159,11.04536,11.0,10.0,9.0,9.0,8.0,8.0,7.0,7.0,7.07107,6.08276,6.08276,5.09902,5.09902,4.12311,4.12311,3.16228,3.60555,3.16228,2.82843,2.82843,2.82843,2.23607,3.16228,3.16228,3.0,3.0,3.0,4.0,3.0,4.0,4.0,4.0,4.12311,4.12311,4.0,4.0,5.09902,5.09902,5.09902,5.0,5.0,5.0,5.0,5.0,5.09902,5.09902,5.09902,5.38516,5.38516,76.1643,79.1012,71.11259,70.11419,70.00714,66.00758,66.0303,61.07373,55.03635,55.03635,50.03998,48.0,46.01087,41.04875,42.19005,39.31921,36.05551,28.01785,29.01724,28.0,27.01851,23.34524,22.56103,16.49242,18.43909,17.46425,16.12452,13.45362,16.40122,14.14214,11.6619,18.97367,16.15549,13.34166,18.68154,15.13275,16.0,21.09502,18.0,17.26268,18.02776,22.36068,20.0,22.09072,24.02082,25.0,24.0,26.01922,25.01999,24.02082,28.28427,27.07397,26.4764,27.45906,27.85678,27.73085,26.92582,43.26662,43.56604,48.9183,49.49747,48.60041,51.40039,51.31277,55.22681,53.33854,55.03635,58.69412,61.03278,63.24555,66.48308,66.21933,69.857,69.05071,67.89698,69.46222,70.25667,73.06162,77.02597,75.0,76.00658,76.53104,74.16873,74.67262,77.64664,72.00694,73.5459,72.83543,72.44308,68.88396,69.42622,69.05071,70.21396,62.80127,64.28063,60.13319,65.12296,63.00794,61.0082,63.07139,62.20129,56.0803,63.78871,62.80127,65.0,69.42622,67.46851,68.88396,70.83078,75.9276,73.5459,74.52516,77.12976,81.78631
11.40175,10.44031,10.44031,9.21954,9.21954,8.06226,8.24621,7.28011,7.07107,6.08276,6.08276,6.32456,5.09902,5.09902,4.12311,4.12311,3.16228,3.16228,2.23607,2.23607,2.23607,1.41421,1.41421,2.23607,2.23607,2.23607,2.0,2.0,2.0,2.23607,2.23607,2.23607,2.23607,3.60555,2.82843,3.16228,3.60555,3.60555,3.60555,3.60555,3.60555,3.60555,3.60555,3.60555,3.60555,4.47214,4.12311,4.12311,4.12311,4.0,4.0,4.12311,76.2168,73.68175,73.38937,70.34202,70.2282,64.19502,63.56886,58.69412,56.29387,51.66237,49.24429,48.27007,45.70558,41.48494,40.80441,35.73514,35.8469,31.38471,29.73214,27.20294,24.59675,21.0238,20.61553,20.0,17.69181,18.86796,14.86607,13.41641,15.81139,15.81139,15.0,14.31782,17.11724,16.0,19.10497,17.26268,17.46425,17.46425,18.43909,19.69772,20.88061,18.60108,22.82542,21.63331,21.09502,22.82542,25.94224,22.84732,24.69818,22.13594,26.92582,26.68333,25.70992,26.92582,24.18677,28.07134,24.02082,41.78516,42.48529,47.20169,47.20169,50.20956,54.45181,53.41348,52.00961,54.91812,57.14018,60.74537,62.43397,64.14047,64.41273,66.70832,66.12866,72.61543,68.96376,73.37575,75.9276,75.50497,78.08969,75.13322,76.48529,76.48529,75.31268,76.65507,75.53807,75.23962,76.23647,72.11103,74.02702,69.00725,72.0,70.00714,66.0,65.62012,64.53681,62.514,64.53681,62.8172,59.66574,60.72891,57.58472,60.08328,64.19502,63.32456,67.77905,68.02941,68.88396,66.88797,72.40166,73.79024,77.89737,79.07591,78.77182,77.82673
12.16553,11.18034,11.18034,10.44031,10.44031,9.21954,8.24621,8.24621,8.24621,7.28011,7.28011,6.32456,6.32456,5.09902,5.09902,5.09902,4.12311,4.12311,3.0,3.0,3.0,2.0,2.0,2.23607,1.41421,1.41421,2.23607,2.23607,2.23607,2.0,3.0,3.0,3.0,3.0,3.0,3.0,3.0,3.0,3.0,3.0,4.0,4.0,4.0,4.0,4.0,4.12311,4.12311,4.12311,4.47214,4.47214,4.47214,4.24264,80.28076,72.78049,72.56721,70.40597,65.73431,65.14599,61.13101,62.36185,56.04463,53.16014,52.88667,48.27007,43.9659,43.9659,42.44997,37.85499,36.40055,30.80584,32.75668,28.07134,28.07134,24.33105,19.23538,16.0,18.11077,14.31782,14.31782,11.6619,10.81665,13.60147,13.60147,15.0,13.0384,10.77033,15.13275,16.49242,15.23155,14.14214,19.0263,19.92486,19.0,20.02498,22.0,22.02272,26.0,26.30589,22.36068,22.2036,25.4951,25.01999,23.5372,25.4951,26.92582,26.57066,25.4951,26.92582,25.80698,44.10215,46.64762,46.95743,51.62364,50.96077,51.1957,54.58938,54.45181,60.53098,57.14018,61.13101,61.07373,63.00794,66.1211,69.26038,67.60178,72.00694,71.80529,72.56721,77.7946,73.68175,78.92401,76.89603,75.23962,78.0,78.39005,77.82031,78.26238,71.11259,78.71467,69.31811,74.70609,72.94518,66.64833,71.55418,66.18912,67.1193,63.97656,63.56099,62.39391,62.29767,61.03278,62.36185,62.58594,63.56099,61.52235,64.49806,66.18912,66.06815,68.35934,72.1734,72.11103,77.10383,72.02777,78.31347,82.1523,79.1012
13.60147,12.64911,12.64911,11.40175,11.40175,10.44031,10.44031,9.48683,9.48683,8.544,8.24621,7.61577,7.28011,6.32456,5.38516,5.38516,5.38516,4.47214,5.0,5.0,4.24264,4.24264,4.24264,3.60555,3.60555,3.60555,3.16228,3.16228,3.0,3.0,3.0,3.0,4.0,4.0,4.0,4.12311,4.0,4.12311,4.12311,5.09902,4.12311,4.12311,5.09902,5.09902,5.09902,5.0,5.0,5.0,5.0,6.08276,5.09902,5.38516,75.89466,72.73239,77.49194,66.40783,72.73239,68.68042,60.44005,62.64184,58.94065,57.07013,52.17279,50.44799,46.17359,40.02499,41.7732,42.72002,36.13862,32.89377,32.55764,30.08322,29.15476,22.47221,22.80351,20.61553,17.80449,20.61553,20.51828,17.20465,13.45362,16.40122,15.81139,16.49242,14.03567,14.0,18.0,16.03122,19.92486,18.24829,19.92486,18.02776,20.61553,18.43909,21.18962,21.54066,22.36068,23.76973,26.24881,25.0,25.4951,27.20294,26.4764,28.44293,25.17936,28.01785,26.07681,26.4764,24.5153,43.17407,44.27189,47.53946,51.62364,53.25411,51.22499,55.44367,55.9017,53.75872,57.31492,58.25805,59.03389,63.60031,65.45991,66.88797,68.47627,71.11962,70.68239,71.58911,74.46476,71.86793,76.2168,72.03471,75.43209,76.90254,74.73286,75.50497,74.8131,72.99315,75.31268,70.85901,72.56032,69.26038,68.88396,69.26038,64.93843,64.93843,62.36986,61.61169,62.0967,64.28841,62.03225,61.98387,61.46544,63.15853,57.24509,61.77378,63.52952,67.74216,68.09552,72.71864,76.55064,75.47185,70.3278,80.62258,80.5295,75.80237
11.7047,11.7047,11.7047,10.44031,10.44031,9.48683,9.48683,8.24621,8.24621,7.28011,7.28011,7.28011,6.32456,5.38516,5.38516,5.38516,4.47214,4.47214,3.60555,3.60555,3.60555,2.82843,2.82843,2.23607,2.23607,2.23607,2.0,2.0,2.0,2.0,2.23607,2.23607,2.23607,2.23607,2.23607,2.82843,2.23607,2.23607,2.82843,2.82843,3.60555,3.60555,3.60555,3.60555,3.60555,3.60555,3.60555,3.16228,4.12311,4.12311,4.0,4.0,78.77182,73.40981,72.47068,72.44998,67.97794,64.07808,62.24147,58.69412,56.0803,52.20153,52.0,48.8467,46.09772,41.62932,37.57659,35.8469,36.76955,28.30194,28.79236,27.80288,25.55386,23.60085,21.40093,22.02272,17.02939,18.02776,15.65248,13.92839,15.52417,13.34166,12.16553,13.0,13.41641,12.36932,15.65248,16.15549,16.12452,17.46425,17.49286,16.97056,21.40093,17.0,17.0,17.02939,19.41649,21.2132,25.4951,22.67157,25.0,24.41311,26.62705,26.07681,24.59675,27.73085,26.24881,22.56103,25.17936,41.23106,43.04649,46.87217,49.40648,51.08816,50.91169,50.91169,50.93133,56.72742,57.2014,58.83026,60.20797,64.49806,64.00781,63.50591,67.54258,68.942,69.28925,72.44998,74.67262,74.0,75.28612,74.33034,74.95332,75.13322,74.33034,72.56032,71.56815,71.56815,74.67262,71.70077,70.25667,70.45566,68.73136,67.74216,66.09841,60.82763,64.7611,61.61169,60.16644,58.24088,62.62587,59.80803,61.7414,58.60034,62.68174,61.58734,63.24555,62.42596,68.7968,68.24222,71.02816,71.02816,75.0,81.27115,76.00658,77.38863
12.04159,11.40175,10.63015,10.0,10.0,9.21954,9.21954,7.81025,7.81025,7.07107,7.07107,7.07107,5.65685,5.65685,4.24264,5.0,5.0,4.47214,3.60555,3.16228,3.16228,3.16228,3.0,3.0,3.0,3.16228,3.16228,3.16228,3.16228,3.60555,3.60555,3.60555,3.60555,4.24264,4.24264,4.24264,4.24264,4.24264,4.24264,4.24264,4.24264,4.24264,5.0,4.24264,5.0,5.0,5.0,5.0,5.0,5.83095,5.38516,5.38516,73.81734,70.17834,73.4983,71.19691,68.09552,69.11584,63.13478,63.13478,56.82429,55.07268,51.88449,46.51881,45.65085,43.38202,38.91015,38.01316,35.35534,33.12099,33.01515,27.65863,26.1725,22.80351,21.2132,17.80449,21.09502,17.49286,16.12452,15.13275,14.14214,16.03122,16.03122,16.12452,17.72005,15.52417,13.92839,18.02776,16.40122,17.0,19.20937,17.80449,18.86796,19.72308,22.80351,23.60085,20.80865,23.85372,26.1725,27.20294,22.2036,24.59675,30.23243,28.6531,29.06888,28.17801,27.85678,26.68333,28.16026,41.59327,47.29693,45.88028,49.39636,50.60632,51.10773,54.81788,52.63079,57.38467,55.9017,62.2254,60.82763,63.89053,66.06815,68.00735,65.21503,71.28113,69.97142,73.92564,72.00694,74.32362,78.29432,71.30919,72.8011,76.53757,77.83315,74.63243,76.844,69.64194,77.7946,69.37579,71.8401,69.37579,66.21933,70.0928,68.00735,60.72891,62.96825,63.24555,62.24147,62.24147,61.7171,63.63175,65.19202,64.07027,64.03124,65.45991,64.03124,64.3506,65.29931,69.52697,73.0,77.33693,70.93659,75.0733,78.24321,75.28612
11.7047,11.40175,11.40175,10.44031,10.44031,9.21954,9.48683,8.544,8.544,7.28011,7.28011,6.32456,6.32456,5.38516,4.47214,5.0,3.60555,3.60555,3.60555,4.24264,3.60555,3.60555,3.60555,3.16228,3.16228,3.0,3.0,3.0,3.16228,3.16228,3.16228,3.16228,3.60555,3.16228,3.60555,4.47214,4.47214,4.47214,4.47214,4.47214,5.38516,4.47214,5.38516,4.47214,5.38516,5.38516,5.38516,5.38516,6.08276,5.09902,5.0,5.0,75.76939,75.02666,71.30919,70.00714,66.85058,62.96825,61.35145,57.87055,57.24509,52.20153,50.32892,46.61545,46.23851,41.78516,36.05551,36.24914,39.0,33.24154,29.06888,27.20294,25.23886,24.20744,19.20937,19.10497,18.02776,17.02939,14.42221,16.64332,14.03567,14.31782,11.04536,14.14214,17.26268,15.29706,15.23155,16.49242,18.68154,19.69772,19.72308,17.46425,20.12461,21.0238,19.20937,20.80865,24.41311,22.67157,24.18677,27.78489,25.23886,25.0,28.6531,26.41969,29.06888,27.51363,29.12044,26.1725,27.01851,40.31129,43.26662,45.0,46.75468,48.10405,47.50789,50.0,54.20332,54.3783,56.0803,59.05929,59.09315,61.32699,63.69458,61.46544,64.56005,66.40783,69.64194,68.15424,67.91171,70.40597,74.96666,73.82412,72.56032,71.17584,75.53807,75.32596,73.33485,74.06079,73.17103,72.02777,70.00714,67.00746,67.02984,68.02941,66.06815,65.37584,63.3877,60.67125,61.0,59.43904,60.72891,58.5235,59.23681,57.27128,59.80803,58.60034,61.77378,64.88451,68.60029,68.60029,70.17834,71.86793,76.00658,75.80237,69.46222,79.40403
11.7047,11.7047,10.44031,10.44031,9.48683,9.21954,8.24621,8.24621,7.28011,7.28011,7.28011,6.32456,5.38516,5.38516,5.38516,4.47214,3.60555,3.16228,3.60555,2.23607,2.82843,2.82843,2.23607,2.23607,2.23607,2.0,2.0,2.23607,3.16228,2.23607,2.23607,2.23607,3.16228,3.60555,3.60555,3.60555,3.60555,3.60555,3.60555,3.60555,3.60555,3.60555,3.60555,4.47214,4.47214,4.47214,4.47214,4.47214,4.12311,5.0,4.0,4.0,75.39231,74.94665,72.8011,72.27724,65.14599,60.87693,62.36185,60.63827,56.921,51.92302,48.27007,47.29693,50.21952,42.44997,40.80441,39.21734,33.83785,31.32092,28.4605,30.08322,28.6531,23.32381,19.41649,16.15549,17.88854,13.45362,15.81139,13.41641,11.6619,11.6619,17.08801,17.11724,18.02776,17.02939,17.26268,16.12452,15.52417,19.23538,18.35756,19.31321,18.02776,20.24846,22.56103,20.61553,20.61553,25.63201,22.82542,24.35159,23.76973,21.84033,26.68333,26.4764,28.16026,24.0,29.06888,24.02082,25.17936,43.93177,46.48656,47.92703,50.60632,55.75841,52.63079,51.66237,55.17246,57.28001,59.46427,60.30755,63.89053,67.20119,65.21503,69.11584,69.46222,68.88396,72.01389,74.24958,72.11103,73.08215,81.9329,75.58439,77.20104,78.58753,80.28076,78.64477,79.83107,77.10383,74.33034,77.10383,71.56815,71.34424,71.34424,71.25307,66.61081,66.28725,62.36986,62.16912,64.84597,64.84597,61.09828,61.98387,63.90618,63.69458,59.03389,62.16912,65.74192,72.00694,72.47068,69.64194,77.93587,80.13114,73.57309,81.30191,77.82673,78.29432
11.6619,11.6619,10.29563,10.29563,9.43398,9.43398,9.43398,8.06226,8.06226,7.2111,5.83095,5.83095,5.83095,5.38516,4.47214,4.12311,4.12311,3.16228,4.12311,3.16228,3.0,3.16228,2.0,2.23607,2.23607,2.82843,2.23607,2.82843,3.60555,3.16228,3.16228,3.16228,3.16228,4.12311,4.12311,4.12311,4.12311,4.12311,4.12311,4.12311,4.12311,5.09902,5.09902,5.09902,5.38516,5.38516,5.38516,5.38516,5.0,5.0,5.0,5.0,72.61543,71.11259,72.49828,69.77822,69.35416,63.28507,60.82763,59.05929,53.7122,51.62364,50.60632,46.64762,45.17743,43.38202,39.66106,38.01316,38.07887,30.52868,31.01612,27.313,22.84732,22.80351,21.84033,17.26268,18.02776,16.0,17.02939,18.97367,12.36932,14.76482,13.0384,12.52996,14.86607,15.6205,13.0384,16.12452,15.81139,22.47221,17.0,19.31321,21.93171,19.23538,21.18962,24.69818,22.84732,22.13594,24.69818,25.07987,27.313,26.40076,24.59675,29.68164,26.62705,26.40076,24.75884,25.6125,26.41969,41.67733,42.72002,49.33559,49.47727,50.9902,53.15073,52.03845,52.03845,53.00943,59.13544,61.40033,61.98387,67.46851,62.8172,65.96969,67.35726,69.89278,71.86793,69.857,75.23962,73.82412,75.15318,74.79305,76.8505,76.02631,77.93587,72.42237,76.02631,74.8131,73.00685,73.24616,75.43209,70.60453,70.29225,69.02898,64.66065,66.21933,64.2028,61.22091,58.83026,63.13478,64.00781,63.06346,62.39391,62.76942,60.53924,64.51356,66.21933,67.72001,70.5195,72.12489,74.33034,75.96052,76.65507,77.20104,79.12016,79.40403
11.6619,11.6619,11.6619,10.29563,9.84886,9.84886,8.94427,8.94427,7.61577,7.61577,7.61577,6.7082,6.7082,5.83095,5.38516,4.47214,4.47214,3.60555,3.60555,3.60555,2.82843,2.82843,2.82843,2.23607,2.23607,2.23607,2.0,2.0,2.0,2.23607,2.23607,2.23607,2.23607,2.23607,2.23607,2.23607,3.16228,2.82843,2.82843,2.82843,2.82843,3.60555,3.60555,3.60555,3.60555,3.60555,4.47214,4.12311,4.12311,4.12311,4.0,4.0,76.05919,70.66116,73.40981,68.942,68.02941,62.03225,64.62198,59.13544,55.36244,48.70318,49.64877,46.48656,44.38468,42.37924,39.0,37.16181,37.33631,30.46309,31.30495,25.05993,26.07681,22.82542,22.2036,18.02776,20.51828,17.69181,15.0,15.81139,14.31782,14.03567,13.34166,14.14214,14.03567,13.34166,17.08801,16.76305,15.13275,16.15549,14.86607,16.76305,21.09502,19.23538,18.86796,20.0,22.2036,23.32381,24.59675,25.05993,22.82542,25.4951,24.35159,28.16026,25.29822,24.73863,24.33105,24.02082,26.07681,43.41659,45.22168,47.53946,47.85394,52.47857,49.64877,52.00961,56.72742,56.63921,56.56854,61.52235,64.03124,65.29931,63.00794,67.41662,68.09552,69.97142,71.55418,68.8767,70.77429,71.30919,78.77182,74.09453,72.11103,73.76313,73.76313,74.72617,72.53275,71.80529,68.88396,71.06335,70.61161,69.05071,70.0928,67.46851,62.36986,64.53681,61.13101,63.89053,64.19502,63.56886,60.92618,59.9333,63.95311,60.41523,58.30952,62.43397,64.07027,64.3506,67.6757,68.60029,73.23933,71.28113,70.17834,76.844,74.94665,79.32213
12.52996,12.52996,11.18034,10.29563,10.29563,10.29563,9.43398,8.94427,8.60233,7.2111,7.2111,7.2111,5.83095,5.83095,5.83095,5.83095,4.47214,4.47214,3.60555,3.16228,3.16228,2.0,2.0,2.0,2.0,2.23607,2.23607,1.41421,2.23607,2.23607,2.23607,2.23607,2.23607,3.16228,2.23607,3.16228,3.16228,3.16228,3.16228,3.60555,3.16228,3.60555,3.16228,3.60555,3.60555,3.60555,3.60555,4.24264,4.24264,3.60555,3.60555,4.47214,75.61085,71.11259,74.46476,68.54196,70.21396,67.23095,64.00781,62.76942,56.93856,53.7122,50.47772,48.76474,45.17743,44.94441,40.70626,39.82462,35.51056,33.12099,31.38471,27.85678,25.29822,22.13594,23.5372,18.24829,16.49242,18.11077,18.02776,11.18034,14.86607,13.0,12.08305,16.40122,14.86607,14.21267,18.43909,17.0,18.86796,19.23538,20.59126,18.35756,19.31321,19.20937,19.69772,19.31321,24.73863,24.04163,22.82542,22.82542,23.70654,26.41969,23.85372,24.75884,26.40076,25.45584,26.90725,27.01851,21.9545,43.93177,45.22168,49.64877,49.24429,50.0,54.81788,54.74486,54.74486,58.13777,58.13777,62.03225,63.03174,66.06815,67.18631,65.27634,68.593,70.61161,71.06335,73.75636,72.73239,74.33034,78.79086,79.30952,72.49828,77.36924,76.05919,77.52419,77.52419,76.15773,75.29276,74.09453,71.02112,74.06079,71.56116,69.64194,68.09552,61.40033,65.51336,61.26989,62.16912,62.24147,60.92618,64.07808,62.96825,61.98387,61.84658,64.56005,70.61161,69.42622,69.2315,74.52516,73.68175,77.10383,77.12976,79.83107,80.80842,77.62087
12.16553,12.16553,11.18034,10.44031,10.19804,9.21954,9.21954,9.21954,8.24621,7.28011,8.24621,7.07107,7.07107,6.08276,6.08276,6.0,5.0,5.0,4.12311,4.12311,3.16228,3.16228,3.16228,3.60555,3.60555,3.60555,2.82843,2.82843,3.60555,3.60555,3.16228,3.60555,3.16228,4.12311,4.12311,4.12311,4.12311,4.12311,4.12311,4.12311,4.12311,4.12311,5.09902,5.09902,5.38516,5.38516,5.38516,5.38516,5.38516,5.0,5.0,5.0,74.16873,74.33034,73.68175,67.60178,67.89698,64.93843,61.61169,61.98387,54.12947,54.91812,49.36598,45.88028,46.52956,41.97618,37.65634,35.51056,36.49658,33.73426,29.27456,30.0,28.07134,22.02272,24.02082,18.11077,19.41649,17.46425,16.55295,18.35756,15.23155,15.0,15.6205,15.6205,15.65248,14.56022,16.15549,17.88854,17.08801,18.68154,20.22375,17.26268,19.0263,23.4094,21.58703,20.39608,23.34524,23.5372,23.5372,24.73863,26.92582,25.29822,25.29822,26.24881,27.85678,27.29469,26.87006,27.01851,26.90725,42.72002,46.8615,45.96738,48.16638,48.60041,51.10773,51.47815,51.47815,52.7731,53.85165,60.40695,63.89053,63.32456,65.30697,68.06614,63.78871,69.72087,68.26419,71.17584,76.02631,72.0,73.00685,72.24957,71.70077,72.99315,74.52516,71.80529,72.56721,69.42622,73.75636,70.0928,74.46476,68.88396,65.96969,67.68309,64.03124,62.8172,61.18823,60.01666,59.84146,60.40695,59.07622,61.13101,60.03332,59.13544,58.30952,59.13544,66.27217,64.28063,67.18631,67.18631,74.67262,77.16217,73.5527,73.24616,77.23341,79.22752
13.0,13.0384,12.0,12.04159,11.04536,10.04988,10.04988,9.05539,9.05539,8.06226,8.0,8.0,7.0,6.0,6.0,6.0,5.09902,5.09902,4.12311,4.12311,4.12311,3.60555,3.16228,2.82843,2.82843,2.82843,3.60555,3.60555,3.16228,3.16228,4.12311,4.12311,4.12311,4.12311,4.0,4.12311,4.0,4.0,4.0,4.0,4.0,5.0,5.0,5.09902,5.09902,5.09902,5.09902,5.38516,5.38516,5.38516,5.83095,5.0,74.95332,74.95332,71.80529,67.72001,66.76077,66.09841,63.24555,60.72891,58.18935,53.14132,52.20153,48.08326,46.09772,44.59821,39.92493,38.63936,36.13862,31.7805,26.68333,31.57531,25.01999,25.01999,22.02272,20.0,18.02776,16.76305,14.31782,14.31782,13.41641,12.04159,14.86607,12.04159,15.6205,13.41641,18.02776,18.02776,18.97367,21.18962,18.97367,18.38478,19.41649,22.47221,21.09502,21.09502,20.22375,22.56103,20.39608,24.33105,24.04163,27.89265,21.84033,26.40076,25.4951,28.17801,28.84441,26.40076,26.24881,42.42641,43.27817,49.39636,45.17743,51.26402,51.26402,52.63079,52.39275,54.12947,56.88585,61.29437,62.1289,64.07027,63.0,63.07139,65.37584,65.49046,67.89698,70.85901,71.30919,73.00685,73.37575,73.76313,73.68175,75.27284,73.38937,71.69379,72.09022,75.6439,73.40981,70.66116,68.942,66.64833,67.97794,68.02941,61.7414,65.30697,62.24147,61.46544,57.93962,58.5235,59.13544,61.13101,60.41523,59.68249,60.20797,60.20797,63.12686,64.12488,68.02941,67.18631,70.02857,71.11259,76.10519,75.10659,80.22468,82.8734
12.64911,12.64911,12.36932,11.7047,11.7047,10.77033,9.48683,9.48683,8.544,8.544,7.61577,7.28011,7.28011,6.32456,6.32456,5.09902,5.09902,5.09902,5.0,4.0,4.0,4.0,3.0,3.16228,3.16228,2.23607,2.23607,2.82843,2.82843,2.82843,2.82843,2.23607,2.23607,3.16228,3.16228,3.16228,3.16228,3.16228,3.16228,4.12311,4.12311,4.12311,4.47214,4.47214,4.47214,4.47214,4.47214,4.47214,5.0,4.24264,5.0,5.0,79.42921,73.24616,76.90254,71.56815,72.12489,64.84597,66.94027,61.46544,55.36244,53.14132,51.26402,48.70318,46.8188,42.72002,40.8534,38.32754,37.64306,31.62278,32.98485,27.29469,28.28427,26.30589,22.09072,21.0,17.02939,17.02939,16.76305,13.60147,12.08305,15.0,13.0384,14.21267,13.45362,16.12452,15.65248,16.76305,17.46425,20.12461,17.72005,18.11077,19.10497,19.23538,21.58703,20.61553,23.19483,20.88061,23.5372,26.24881,22.80351,25.07987,27.85678,24.69818,27.73085,26.41969,31.40064,26.90725,26.90725,43.86342,47.42362,48.82622,51.42956,50.9902,52.55473,54.40588,55.54278,56.08921,59.03389,60.53098,61.81424,65.37584,66.00758,69.0,70.17834,72.1734,71.56815,73.82412,75.70997,75.43209,78.44743,77.20104,75.69016,77.49194,76.89603,78.77182,77.25283,72.8011,76.55717,73.40981,73.34848,70.26379,69.857,66.24198,68.15424,66.30988,64.84597,64.84597,67.72001,62.58594,60.41523,62.36986,64.38167,63.63961,62.514,64.28063,66.06815,70.34913,71.11259,72.24957,73.06162,78.05767,77.23341,80.05623,81.22192,79.6304
12.16553,12.16553,11.18034,11.18034,10.19804,10.19804,9.21954,9.21954,8.24621,8.06226,7.07107,7.07107,7.07107,6.08276,6.08276,5.0,5.0,5.0,4.12311,4.12311,3.16228,3.16228,3.16228,3.60555,2.82843,3.60555,3.60555,3.60555,3.16228,3.60555,3.16228,4.12311,3.16228,4.12311,4.12311,4.12311,4.12311,4.12311,4.12311,4.12311,4.12311,5.09902,5.09902,5.09902,5.09902,5.09902,5.38516,5.38516,5.38516,5.38516,5.83095,5.0,77.7946,75.96052,75.61085,69.46222,72.8011,66.30988,62.29767,61.26989,55.54278,54.626,50.9902,48.46648,46.61545,46.51881,39.92493,38.07887,34.9285,35.1141,32.98485,26.24881,25.4951,25.4951,21.09502,21.0,18.02776,18.02776,16.27882,16.49242,15.23155,14.76482,15.0,15.6205,13.89244,16.12452,15.23155,17.72005,20.12461,17.72005,18.11077,18.97367,20.39608,23.76973,23.08679,24.73863,23.34524,25.4951,21.37756,27.51363,25.07987,22.80351,29.41088,30.8707,28.79236,28.17801,29.41088,27.01851,26.90725,43.41659,45.69464,47.43416,51.41984,50.24938,50.03998,55.14526,56.0357,58.07753,59.4138,58.85576,62.36185,64.53681,65.73431,66.76077,69.26038,70.83784,70.38466,69.46222,74.30343,73.79024,75.58439,73.3553,73.43024,76.8505,78.49204,76.27582,75.60423,75.0,75.0,71.8401,71.28113,70.60453,71.06335,68.41053,65.73431,62.42596,61.40033,61.05735,61.29437,60.03332,58.69412,63.69458,62.24147,59.77458,59.66574,61.40033,65.51336,68.44706,68.44706,68.06614,71.84706,76.29548,75.95393,77.66595,80.80842,80.52329
12.52996,12.08305,11.18034,10.29563,10.29563,10.29563,8.94427,8.94427,8.06226,7.2111,7.2111,6.7082,5.83095,5.83095,5.38516,4.47214,4.47214,4.47214,3.16228,3.16228,3.16228,3.16228,2.0,2.0,2.0,2.23607,1.41421,1.41421,2.23607,2.23607,2.23607,2.23607,3.16228,3.16228,3.16228,3.16228,3.16228,3.16228,3.16228,4.12311,3.16228,4.12311,4.12311,3.16228,4.12311,4.12311,4.47214,4.47214,3.60555,4.24264,4.24264,4.24264,75.29276,70.49113,70.71068,69.46222,69.33974,66.28725,61.29437,62.80127,55.21775,53.00943,50.0,47.80167,41.04875,41.10961,38.41875,36.89173,34.82815,32.44996,29.06888,26.41969,25.4951,23.70654,21.58703,20.24846,17.72005,17.72005,14.03567,13.0384,13.0384,13.0384,14.56022,14.86607,12.80625,12.20656,13.45362,15.0,15.0,14.86607,14.42221,14.86607,17.20465,20.59126,22.82542,17.46425,19.69772,19.69772,26.62705,25.07987,24.59675,25.55386,23.60085,25.80698,27.58623,25.45584,24.69818,27.29469,25.05993,42.95346,44.27189,45.88028,50.44799,49.25444,52.08647,51.0,55.14526,52.34501,57.27128,58.0517,61.84658,62.64184,63.32456,68.00735,68.00735,71.86793,66.21178,72.44998,73.06162,70.49113,75.80237,73.81734,74.88658,74.51845,76.83749,72.34639,77.46612,70.93659,76.57676,67.26812,75.0733,69.52697,65.19202,70.03571,65.8559,62.24147,68.11755,61.07373,59.20304,61.03278,58.30952,65.36819,59.5399,62.64982,61.35145,62.03225,65.55151,68.62215,66.48308,69.89278,71.16881,75.61085,75.61085,78.43469,82.07923,74.46476
13.0384,12.04159,12.04159,11.18034,11.18034,10.19804,9.05539,9.05539,9.21954,8.24621,8.24621,7.07107,7.07107,6.08276,6.08276,6.0,5.0,5.0,4.0,4.0,3.16228,3.16228,3.16228,3.16228,2.23607,2.23607,2.82843,2.82843,2.23607,2.23607,2.23607,2.23607,2.23607,3.16228,3.0,3.0,3.0,3.0,3.0,3.0,4.0,4.0,4.0,4.12311,4.12311,4.12311,4.12311,4.47214,4.47214,4.47214,4.47214,4.24264,77.46612,73.68175,74.8131,69.72087,64.49806,65.27634,58.30952,63.07139,55.14526,54.14795,51.15662,48.04165,44.10215,44.01136,41.0,38.20995,33.06055,32.14032,31.57531,25.4951,28.16026,23.4094,22.84732,20.61553,15.81139,18.35756,14.76482,13.45362,13.60147,12.52996,15.65248,11.18034,16.76305,14.56022,13.15295,15.52417,18.0,18.0,15.81139,15.13275,18.24829,20.22375,22.2036,19.10497,23.34524,21.37756,25.0,22.80351,22.09072,27.01851,26.01922,27.16616,24.08319,22.09072,26.07681,27.51363,25.63201,42.04759,44.41846,45.60702,49.51767,52.34501,52.49762,50.44799,53.25411,56.85948,55.9017,59.9333,61.46544,65.0,62.29767,68.94926,64.03124,73.08215,66.09841,72.99315,75.95393,72.24957,72.56032,74.16873,78.05767,76.02631,78.0,70.11419,77.00649,71.17584,76.05919,71.25307,72.1734,69.26038,68.18358,70.06426,70.06426,63.12686,62.0,62.0,61.03278,63.12686,58.21512,64.13267,60.41523,64.13267,62.64184,61.40033,62.29767,66.12866,68.70953,72.73239,67.35726,73.68175,74.94665,76.2168,80.65358,83.52245
12.64911,11.7047,11.7047,10.77033,10.77033,9.84886,8.544,8.544,8.544,7.61577,7.61577,7.28011,6.32456,6.32456,5.38516,5.09902,5.09902,4.12311,4.0,4.0,3.0,3.16228,3.16228,3.16228,3.16228,3.60555,2.82843,3.60555,3.60555,3.60555,3.60555,3.60555,3.60555,4.47214,4.47214,4.47214,4.47214,4.47214,4.47214,4.47214,4.47214,4.47214,5.38516,5.0,5.0,5.0,5.0,5.0,5.65685,5.65685,5.0,5.0,77.82673,74.24284,70.71068,69.77105,69.11584,62.76942,61.91123,62.42596,53.85165,55.22681,50.0,43.04649,45.79301,44.94441,36.05551,34.43835,33.61547,34.1321,28.63564,28.63564,29.41088,21.47091,18.02776,20.39608,18.0,19.0,15.0,17.11724,13.60147,15.23155,17.08801,15.0,15.55635,15.55635,19.84943,11.40175,17.49286,18.86796,19.72308,20.80865,20.61553,22.02272,20.24846,20.24846,24.18677,28.17801,23.85372,24.18677,26.62705,25.23886,27.20294,29.06888,29.20616,27.58623,26.24881,26.62705,25.55386,42.43819,45.17743,47.01064,48.10405,48.50773,49.81967,51.47815,54.33231,56.0803,57.00877,58.13777,62.03225,62.64982,65.76473,64.77654,67.91171,72.27724,69.89278,68.94926,74.32362,73.40981,75.13322,74.24958,72.94518,73.43024,73.92564,73.92564,77.38863,74.63243,73.23933,71.40028,71.61006,68.00735,64.66065,67.42403,67.00746,63.82006,61.05735,59.16925,61.40033,63.28507,58.13777,59.48109,60.83584,58.18075,60.44005,63.24555,64.84597,67.18631,66.40783,70.21396,72.78049,73.00685,70.60453,75.58439,79.05694,79.12016
11.7047,11.7047,10.77033,10.77033,9.84886,9.84886,8.94427,8.94427,8.06226,7.61577,7.61577,6.32456,6.32456,5.38516,5.38516,5.38516,4.12311,4.12311,4.12311,3.0,3.0,2.0,2.0,2.0,2.23607,1.41421,1.41421,2.23607,2.23607,2.23607,2.23607,3.16228,3.16228,3.16228,3.16228,3.16228,3.0,3.0,3.16228,3.0,4.12311,4.12311,4.12311,4.12311,4.12311,4.12311,4.12311,3.60555,3.60555,4.47214,4.24264,4.24264,72.49828,71.11962,70.26379,70.23532,68.0,63.63175,60.41523,59.48109,53.25411,51.86521,53.0,45.79301,46.32494,38.27532,38.58756,35.35534,34.48188,32.31099,26.83282,27.51363,27.65863,23.5372,19.31321,23.08679,15.52417,15.0,17.02939,15.81139,13.60147,12.52996,13.89244,14.21267,12.80625,12.20656,14.76482,17.88854,17.49286,15.81139,16.15549,14.86607,22.82542,19.69772,23.32381,21.54066,22.13594,23.4094,22.84732,21.18962,23.25941,25.05993,25.23886,24.69818,24.83948,30.41381,24.75884,27.65863,25.55386,41.18252,46.51881,47.16991,50.21952,51.47815,53.46027,53.23533,53.0,54.14795,57.21888,59.4138,62.28965,63.78871,63.34824,65.52099,66.09841,71.47027,69.07966,73.00685,73.00685,74.30343,77.41447,77.02597,76.15773,75.47185,76.6094,74.88658,75.71658,71.84706,74.4043,71.21798,74.20243,69.81404,68.11755,69.02898,69.40461,66.57327,64.89992,62.43397,64.14047,62.26556,60.41523,62.24147,62.03225,62.16912,63.89053,61.68468,61.84658,68.30813,68.00735,69.12308,72.53275,75.96052,73.37575,82.0061,81.32035,77.49194
12.08305,10.77033,10.77033,10.77033,9.48683,9.48683,8.544,8.544,7.28011,7.61577,7.28011,6.7082,6.32456,5.38516,5.38516,4.47214,4.47214,3.60555,3.60555,3.60555,3.60555,2.82843,2.82843,2.23607,2.23607,2.23607,2.23607,2.0,2.0,2.0,2.0,2.0,2.23607,2.23607,3.16228,2.23607,2.23607,3.16228,3.16228,3.16228,3.16228,3.16228,3.16228,3.16228,4.12311,4.12311,4.12311,4.12311,4.0,4.0,4.0,4.12311,71.11259,75.76939,69.31811,69.07966,68.0,65.19202,61.46544,58.87274,57.00877,52.0,51.07837,47.75982,41.62932,42.95346,39.35734,30.8707,35.35534,29.52965,29.15476,25.55386,28.42534,25.0,22.67157,18.43909,20.61553,17.02939,13.89244,14.56022,14.14214,12.04159,14.03567,13.15295,16.12452,18.02776,13.89244,16.15549,17.08801,17.08801,18.38478,18.43909,18.35756,18.86796,23.60085,19.20937,21.93171,24.20744,24.41311,25.6125,26.41969,23.60085,25.05993,26.57066,27.29469,25.70992,25.96151,25.70992,25.17936,43.32436,46.23851,48.02083,50.21952,53.41348,50.24938,52.34501,56.63921,57.62812,58.60034,60.0,63.60031,63.51378,65.8635,69.46222,68.02941,72.09022,73.92564,70.26379,70.34202,75.0,75.96052,76.15773,75.43209,74.33034,76.29548,73.75636,76.11833,74.33034,72.99315,70.85901,71.44928,71.25307,69.18092,69.35416,68.46897,63.78871,62.8172,66.09841,64.84597,61.68468,60.00833,64.62198,63.07139,59.9333,56.79789,65.29931,62.96825,69.97142,67.41662,71.56116,71.02816,75.80237,73.23933,74.88658,78.23043,79.75588
12.36932,11.18034,11.18034,10.19804,10.19804,9.05539,9.21954,8.24621,8.06226,7.07107,7.07107,6.32456,6.08276,6.32456,5.38516,4.47214,4.47214,3.60555,3.60555,3.60555,3.60555,2.82843,3.60555,3.16228,3.16228,3.16228,3.0,4.12311,3.0,4.0,4.0,4.0,4.12311,4.12311,4.12311,4.12311,5.09902,5.09902,5.09902,5.09902,5.09902,5.09902,5.09902,5.0,5.0,5.0,6.0,5.0,5.09902,5.09902,5.09902,5.38516,76.53104,72.24957,70.06426,66.06815,65.00769,63.07139,60.00833,58.0,56.00893,53.03772,49.0408,43.01163,45.0,41.0,36.01389,35.0,35.0571,31.57531,28.01785,27.16616,28.63564,18.11077,20.88061,17.88854,19.31321,19.41649,15.6205,15.0,14.86607,12.72792,15.65248,17.72005,14.56022,17.72005,14.14214,21.09502,16.03122,20.22375,21.0238,21.2132,22.0,23.08679,20.22375,23.08679,23.08679,24.02082,25.70992,24.0,25.0,27.0,28.07134,27.07397,28.28427,30.41381,28.86174,27.85678,26.62705,42.19005,44.65423,46.2277,48.83646,46.40043,51.61395,50.21952,53.33854,55.47071,56.35601,58.87274,58.87274,64.2573,69.26038,66.94027,67.68309,74.73286,70.71068,72.56032,70.17834,73.10951,74.02702,72.0,73.06162,74.54529,77.10383,75.80237,74.8131,72.83543,71.70077,68.73136,71.70077,69.42622,68.46897,67.89698,65.9242,63.63961,62.64982,61.52235,62.20129,60.07495,57.00877,61.03278,62.20129,58.03447,57.07013,61.0,63.56099,67.91171,65.51336,69.37579,69.857,73.75636,68.68042,73.5459,76.29548,77.78175
11.6619,10.81665,10.81665,10.0,10.0,9.21954,8.60233,8.60233,7.81025,7.81025,6.40312,6.40312,5.83095,5.0,5.0,5.0,4.47214,4.47214,3.16228,3.16228,3.16228,2.23607,2.0,2.0,2.0,2.23607,2.23607,2.23607,2.82843,2.23607,2.23607,2.23607,2.23607,3.16228,3.60555,3.16228,3.16228,3.16228,3.16228,3.16228,3.16228,3.60555,4.47214,3.60555,3.60555,3.60555,4.24264,3.60555,4.24264,4.24264,3.60555,4.47214,73.4983,69.81404,72.62231,67.62396,68.76772,62.36986,60.959,57.38467,54.48853,49.57822,50.9902,45.96738,44.59821,41.10961,39.69887,35.38361,34.05877,29.20616,30.4795,27.20294,26.83282,19.23538,14.76482,21.09502,18.02776,18.68154,16.0,17.0,16.12452,15.0333,16.15549,15.23155,14.76482,14.86607,17.49286,17.02939,18.86796,17.02939,20.80865,19.10497,21.93171,22.62742,22.02272,19.41649,24.83948,25.4951,24.08319,24.04163,24.75884,24.20744,24.75884,25.0,27.45906,26.83282,25.29822,27.313,25.96151,43.38202,45.88028,46.87217,48.50773,53.33854,50.08992,52.00961,55.03635,58.42089,60.53098,60.20797,64.13267,63.32456,68.30813,68.94926,73.1642,72.00694,73.79024,72.47068,76.00658,76.32169,80.44874,76.844,75.80237,74.51845,74.02702,77.15569,77.83315,73.53911,78.51751,74.24958,72.13876,72.83543,70.00714,69.29646,70.76722,67.17887,60.10824,62.482,63.25346,62.80127,63.60031,60.21628,65.19202,60.41523,63.52952,62.17717,66.18912,68.42514,67.54258,71.58911,69.35416,76.48529,75.15318,77.38863,79.15807,77.02597
13.0384,11.6619,11.6619,11.18034,10.29563,9.84886,8.94427,8.94427,8.94427,8.06226,8.06226,6.7082,7.2111,5.83095,5.83095,5.83095,5.0,5.0,4.24264,4.24264,4.24264,3.60555,3.60555,3.16228,3.16228,3.16228,3.0,3.0,3.0,3.0,3.16228,4.12311,4.12311,4.12311,4.12311,4.12311,4.12311,4.12311,4.12311,4.12311,4.12311,5.09902,5.09902,5.09902,5.09902,5.09902,5.0,5.0,5.0,5.09902,5.09902,5.38516,74.8131,71.61006,74.4043,72.8011,69.2026,65.21503,59.64059,59.68249,55.80323,54.3783,50.21952,46.64762,44.94441,41.88078,42.43819,38.01316,34.71311,33.01515,30.41381,28.3196,24.83948,23.34524,21.09502,18.86796,18.35756,13.0,14.31782,15.0333,14.31782,15.0,15.13275,15.13275,18.11077,14.76482,14.76482,18.02776,18.02776,22.2036,20.59126,19.84943,21.93171,24.08319,22.2036,20.24846,23.43075,24.20744,25.80698,25.23886,23.85372,26.92582,27.78489,29.06888,28.17801,27.20294,31.7805,29.27456,30.01666,42.29657,46.09772,50.08992,50.01,52.63079,51.07837,51.47815,55.9464,61.29437,60.74537,63.51378,63.00794,66.0303,67.00746,69.52697,68.68042,72.13876,71.06335,72.91776,77.80103,75.0,77.38863,78.23043,81.12336,77.89737,77.89737,77.02597,76.47876,76.05919,76.05919,72.49828,76.02631,72.61543,67.62396,72.09022,69.46222,64.88451,64.40497,64.88451,64.88451,61.40033,65.60488,60.74537,60.60528,60.30755,63.63961,66.6033,63.63961,67.20863,68.68042,68.593,75.16648,74.27651,70.72482,79.93122,77.83315,78.49204
11.18034,11.18034,10.29563,9.84886,9.84886,8.94427,8.94427,8.06226,7.61577,6.7082,6.7082,6.32456,5.38516,5.38516,4.47214,4.47214,4.47214,3.60555,3.60555,2.82843,2.82843,2.82843,2.23607,2.23607,2.23607,2.23607,2.0,2.0,2.0,2.23607,2.23607,2.23607,2.23607,2.23607,3.16228,3.16228,3.60555,3.16228,3.60555,3.60555,3.60555,3.60555,3.16228,3.16228,3.16228,4.12311,4.12311,4.12311,4.0,4.0,4.0,4.12311,75.45197,67.74216,67.95587,67.6757,65.73431,61.91123,61.40033,58.18075,52.35456,49.64877,45.61798,42.54409,45.27693,41.18252,38.07887,32.75668,35.51056,30.61046,28.01785,27.80288,24.75884,21.26029,18.43909,18.35756,18.02776,17.46425,15.81139,15.65248,15.29706,17.02939,14.14214,15.81139,15.81139,13.41641,17.88854,17.46425,17.0,17.80449,17.88854,19.41649,20.0,23.85372,22.2036,24.20744,23.60085,25.80698,22.47221,26.41969,21.09502,25.55386,24.18677,28.63564,27.85678,25.0,28.16026,26.30589,28.0,44.01136,44.04543,47.51842,50.96077,53.48832,50.32892,55.4617,56.82429,57.68882,59.20304,61.84658,63.89053,66.21933,67.26812,66.48308,67.94115,70.83784,71.21798,72.47068,73.81734,73.4983,79.61156,76.15773,76.05919,78.71467,77.82031,76.96753,77.47258,73.1642,72.23573,72.23573,73.1642,71.69379,69.28925,68.70953,70.38466,64.62198,60.41523,62.6099,63.69458,62.17717,63.28507,58.83026,62.80127,61.22091,61.84658,62.28965,62.96825,64.38167,67.20863,65.79514,70.71068,71.42129,72.86288,77.15569,75.66373,76.48529
11.18034,10.19804,10.19804,10.19804,9.21954,9.05539,8.06226,8.06226,7.07107,7.07107,6.08276,6.08276,5.09902,5.09902,4.12311,4.12311,3.16228,3.16228,2.23607,2.23607,2.23607,2.82843,2.23607,2.23607,2.23607,2.0,2.0,2.0,3.16228,2.23607,3.16228,3.16228,3.16228,3.16228,3.16228,3.16228,3.16228,3.16228,4.12311,4.12311,4.12311,4.12311,4.12311,4.12311,4.12311,4.12311,4.12311,4.0,5.0,4.12311,4.12311,4.47214,69.42622,70.71068,67.26812,67.60178,63.50591,63.28507,58.21512,56.0357,51.0392,49.36598,42.19005,43.04649,40.0125,38.01316,39.31921,35.22783,33.13608,24.33105,28.28427,23.5372,21.93171,20.24846,19.69772,16.12452,17.49286,16.12452,17.02939,14.42221,13.60147,13.0,9.84886,14.03567,14.31782,18.0,18.02776,15.0333,20.09975,20.22375,18.97367,19.23538,22.47221,23.19483,22.56103,22.80351,23.5372,25.31798,24.33105,24.33105,25.17936,27.29469,29.01724,27.16616,29.0,24.33105,27.89265,24.33105,26.92582,43.86342,45.65085,46.64762,48.27007,52.40229,55.22681,54.81788,53.82379,59.40539,56.93856,60.82763,61.26989,66.64083,65.79514,67.41662,68.94926,74.67262,72.27724,71.30919,76.15773,73.97973,79.51101,80.399,75.42546,77.02597,79.02531,77.10383,79.05694,75.00667,77.16217,72.06247,74.24284,73.02739,71.11259,71.25307,69.02898,66.00758,64.00781,62.07254,61.07373,61.13101,62.96825,63.3877,61.18823,60.20797,62.16912,61.68468,64.84597,66.09841,65.80274,69.57011,69.28925,70.2282,72.73239,74.09453,79.69944,74.33034
10.81665,10.81665,9.43398,10.0,9.43398,8.60233,7.81025,7.81025,7.2111,7.2111,6.40312,5.83095,5.83095,5.0,5.0,4.47214,3.60555,3.16228,3.16228,2.23607,2.23607,2.0,2.0,2.0,2.23607,2.23607,2.82843,2.23607,2.23607,2.23607,2.23607,2.23607,3.16228,3.16228,3.16228,3.16228,3.16228,3.16228,3.16228,3.60555,3.16228,4.12311,4.47214,4.47214,4.47214,3.60555,4.24264,4.24264,4.24264,4.24264,3.60555,4.47214,70.49113,65.73431,68.26419,65.45991,63.41136,63.12686,59.64059,54.20332,52.34501,50.0,46.09772,43.41659,41.6173,39.82462,37.80212,33.6006,31.90611,30.01666,23.25941,23.4094,21.0238,20.61553,15.81139,15.23155,17.46425,13.15295,12.16553,13.0384,11.7047,11.6619,11.40175,16.97056,12.04159,14.14214,15.26434,15.6205,19.41649,18.02776,19.72308,20.80865,18.38478,21.93171,23.32381,22.13594,23.85372,20.59126,25.80698,25.0,25.23886,26.40076,24.75884,28.3196,25.6125,26.1725,29.68164,26.41969,30.8707,41.6173,47.92703,46.84015,52.39275,52.46904,50.63596,53.00943,54.00926,58.30952,59.5399,61.66036,63.56099,65.51336,66.48308,68.68042,70.83784,73.73602,73.53911,74.73286,73.43024,73.43024,79.61156,75.47185,80.1561,79.40403,80.43009,78.87332,80.80842,77.23341,77.33693,71.42129,73.5527,72.91776,68.62215,71.50524,65.19202,64.44377,66.06815,60.44005,63.82006,59.64059,62.1289,61.29437,61.77378,59.05929,64.88451,63.97656,64.88451,65.9242,66.30988,67.08204,67.41662,73.92564,71.30919,73.00685,75.6439,76.05919
10.19804,10.19804,9.21954,9.21954,8.24621,8.24621,8.24621,7.28011,7.28011,6.08276,6.08276,5.09902,5.09902,4.12311,4.12311,4.0,3.0,3.0,2.0,2.0,2.0,2.23607,1.41421,1.41421,1.41421,2.23607,2.0,2.0,2.0,2.0,2.0,3.0,3.0,3.0,3.0,3.0,3.0,3.16228,4.0,3.16228,4.12311,4.0,4.0,4.0,4.0,4.0,4.0,4.12311,4.12311,4.47214,4.47214,3.60555,70.03571,71.30919,66.09841,65.0,67.46851,62.8172,57.72348,55.10898,52.63079,47.07441,44.27189,43.68066,41.76123,37.36308,33.73426,36.34556,30.08322,28.28427,25.17936,26.01922,20.09975,20.09975,14.14214,19.23538,14.31782,12.20656,11.31371,11.31371,12.20656,13.89244,13.41641,14.03567,15.29706,14.56022,18.24829,19.0,18.11077,20.02498,20.02498,20.02498,20.0,22.02272,24.18677,23.34524,23.0,24.02082,27.0,24.02082,25.17936,24.33105,24.33105,26.68333,25.70992,29.83287,29.15476,27.29469,25.23886,41.6173,43.04649,47.41308,50.32892,53.75872,53.75872,53.36666,53.46027,56.32051,58.13777,63.03174,62.00806,65.06919,68.00735,64.38167,71.02112,72.69113,72.56721,74.95332,77.49194,76.24303,77.49194,80.00625,77.83315,75.76939,79.84986,76.32169,76.96753,76.96753,74.68601,76.02631,74.68601,71.58911,70.83078,66.88797,67.1193,66.70832,67.62396,60.92618,62.62587,60.16644,62.39391,60.16644,64.32729,61.66036,60.63827,59.84146,63.28507,62.28965,67.1193,70.06426,69.00725,72.00694,73.17103,73.06162,73.24616,74.43118
10.0,9.21954,8.60233,8.60233,7.81025,7.2111,7.2111,6.40312,6.40312,6.40312,5.0,5.0,4.24264,4.24264,3.60555,2.82843,2.82843,2.82843,2.23607,2.23607,2.23607,1.0,2.0,2.23607,1.41421,1.41421,2.23607,2.23607,2.23607,2.23607,2.23607,3.16228,3.16228,3.16228,3.16228,3.16228,3.16228,4.12311,3.16228,4.12311,4.47214,4.47214,4.47214,4.47214,4.47214,4.47214,5.0,5.0,5.0,4.24264,5.0,4.47214,72.8011,71.02816,63.41136,65.80274,63.24555,57.42822,57.98276,57.45433,50.60632,48.54894,41.34005,43.26662,40.60788,41.04875,36.89173,36.23534,32.01562,25.80698,23.43075,24.04163,20.51828,18.38478,14.86607,16.12452,14.86607,9.05539,11.7047,11.04536,12.64911,10.19804,10.44031,11.40175,14.86607,11.40175,14.86607,16.55295,16.40122,18.78829,18.35756,18.78829,17.46425,18.35756,21.9545,22.82542,22.36068,23.70654,25.05993,24.16609,24.18677,25.94224,26.41969,27.01851,29.73214,26.90725,27.65863,26.07681,27.29469,43.56604,43.56604,47.12749,48.10405,53.7122,49.73932,53.33854,54.40588,54.20332,59.03389,65.94695,62.96825,67.89698,68.62215,68.11755,71.8401,70.60453,76.02631,71.02816,76.8505,76.66159,82.8553,81.84131,81.5414,83.38465,82.07923,78.1089,75.28612,81.9329,77.83315,79.37884,74.63243,74.63243,73.38937,70.21396,69.28925,68.00735,67.77905,64.07808,66.21178,61.7171,66.03787,62.76942,62.1289,61.58734,60.44005,63.25346,64.53681,61.52235,71.42129,71.50524,71.44928,70.03571,73.66139,76.6942,72.86288,75.16648
9.84886,9.84886,9.84886,8.94427,8.94427,7.61577,7.61577,6.7082,6.7082,5.38516,5.38516,5.38516,5.38516,4.47214,4.12311,3.16228,3.16228,3.16228,2.0,2.23607,2.0,2.0,1.0,1.41421,1.0,1.0,1.0,1.0,2.0,2.0,2.23607,2.23607,2.23607,2.23607,2.23607,3.16228,3.16228,3.16228,3.16228,3.16228,3.16228,3.16228,4.12311,3.16228,4.12311,4.12311,4.0,4.0,4.0,4.0,4.12311,4.12311,71.19691,66.09841,69.05071,63.78871,60.01666,58.46366,54.34151,53.15073,46.84015,51.1957,45.12206,43.56604,40.79216,33.95585,33.13608,30.26549,31.57531,28.0,22.09072,22.09072,20.09975,18.24829,16.15549,17.02939,12.04159,8.94427,11.6619,13.45362,10.0,11.6619,9.0,11.04536,12.0,11.18034,11.7047,13.89244,15.81139,18.68154,16.55295,18.38478,16.12452,18.43909,18.38478,20.12461,19.72308,23.76973,20.59126,26.0,24.69818,23.5372,25.96151,27.20294,24.18677,24.08319,27.0,27.07397,25.31798,43.56604,44.77723,47.01064,50.0,50.69517,54.91812,55.22681,54.45181,58.13777,59.00847,62.0,62.07254,68.06614,66.61081,71.34424,70.40597,75.50497,75.70997,76.40026,77.20104,78.1089,79.71198,77.87811,77.25283,79.20227,78.72103,80.9506,77.82031,79.64923,78.29432,77.41447,76.15773,75.591,72.00694,71.69379,72.89719,67.1193,65.30697,63.52952,66.85058,63.90618,58.82176,66.21933,60.87693,64.32729,67.89698,63.78871,63.3877,68.11755,68.46897,71.06335,72.02777,74.16873,73.06162,74.00676,79.15807,74.16873
11.40175,10.44031,10.19804,9.21954,9.21954,8.24621,8.24621,7.28011,7.28011,7.28011,6.32456,6.32456,5.38516,5.38516,4.12311,4.47214,4.47214,4.47214,3.60555,2.82843,2.82843,2.82843,2.82843,2.23607,2.23607,2.0,2.0,2.0,2.0,2.23607,2.23607,3.16228,3.16228,3.16228,3.16228,3.60555,3.16228,3.16228,3.60555,3.60555,3.60555,3.60555,4.47214,4.47214,4.47214,4.12311,4.47214,4.12311,4.12311,5.09902,5.0,5.0,72.11103,66.76077,68.68042,62.36185,62.0967,62.36986,58.46366,53.60037,52.17279,45.12206,47.07441,40.5216,41.23106,38.60052,33.95585,33.24154,25.96151,22.80351,24.69818,25.07987,20.59126,20.59126,18.86796,15.81139,12.04159,11.31371,13.0384,11.18034,10.44031,9.05539,11.0,15.29706,11.7047,14.31782,13.0,14.76482,13.60147,14.86607,17.80449,20.0,21.63331,18.02776,17.69181,20.0,20.0,21.40093,22.47221,21.40093,24.18677,26.24881,25.23886,27.313,24.18677,25.29822,23.34524,26.30589,25.4951,41.76123,41.23106,47.85394,51.0,49.64877,51.85557,50.93133,53.03772,56.56854,53.15073,58.82176,59.40539,62.96825,64.07027,67.74216,71.11962,72.00694,71.30919,71.17584,74.33034,74.63243,76.53757,79.55501,77.10383,77.10383,79.07591,75.66373,75.95393,74.67262,77.23341,71.34424,75.23962,72.69113,70.5762,70.25667,68.593,63.78871,66.61081,62.80127,64.13267,63.60031,63.60031,64.28841,64.84597,60.74537,60.83584,62.64982,66.24198,68.0,68.09552,67.97794,67.1193,75.15318,68.44706,76.47876,75.15318,73.40981
12.04159,11.04536,10.04988,10.0,9.0,9.05539,8.06226,8.06226,7.07107,6.08276,6.08276,5.09902,5.09902,5.09902,4.12311,4.12311,3.60555,3.60555,3.60555,2.23607,2.23607,2.23607,2.0,2.0,2.0,2.0,2.82843,2.23607,2.82843,3.60555,2.82843,3.60555,3.60555,3.60555,4.24264,4.24264,5.0,4.24264,5.0,5.0,5.0,5.0,5.0,5.65685,5.65685,5.65685,5.65685,5.65685,5.65685,5.83095,5.83095,5.38516,71.02816,71.56815,66.75328,61.52235,66.75328,61.84658,61.40033,51.78803,51.62364,47.85394,46.52956,41.19466,42.29657,34.36568,32.06244,30.06659,29.01724,26.01922,22.02272,19.10497,19.0263,16.49242,13.92839,14.31782,10.81665,10.0,10.0,7.81025,8.06226,11.04536,10.04988,10.0,8.60233,9.21954,12.20656,15.0,13.60147,14.86607,19.10497,21.93171,22.80351,22.02272,19.10497,23.34524,21.93171,25.0,26.40076,26.90725,24.08319,24.20744,29.0,26.40076,28.30194,26.07681,27.85678,28.23119,28.86174,41.0,44.10215,46.01087,48.16638,50.15974,49.81967,50.80354,53.16014,57.28001,53.85165,56.0803,60.53924,65.9242,65.39113,68.8767,67.53518,70.66116,70.23532,71.19691,73.24616,73.81734,78.77182,77.46612,75.0,78.1025,76.2168,78.87332,76.05919,77.62087,74.02702,74.51845,76.2168,69.6563,70.80254,71.06335,68.8186,70.45566,66.37017,63.28507,63.52952,67.60178,63.32456,61.68468,61.35145,57.97413,62.80127,65.11528,63.95311,67.60178,71.34424,69.35416,74.33034,70.34913,72.1734,75.16648,76.23647,75.32596
11.18034,9.84886,8.94427,8.94427,8.544,8.06226,8.06226,8.06226,6.7082,6.7082,5.83095,5.83095,4.47214,4.47214,4.47214,3.60555,3.60555,3.60555,2.23607,2.23607,2.23607,1.41421,1.41421,1.0,1.0,0.0,1.0,1.41421,1.41421,1.0,1.41421,2.23607,2.23607,2.23607,2.23607,2.23607,2.23607,3.16228,3.16228,3.16228,3.16228,3.16228,4.12311,3.16228,3.16228,3.16228,4.12311,4.0,4.0,4.0,4.0,3.16228,73.06162,70.71068,69.77105,66.24198,60.74537,60.41523,56.35601,57.3062,51.47815,52.47857,47.43416,43.04649,40.49691,36.35932,32.20248,33.83785,29.20616,26.40076,24.04163,22.62742,21.40093,17.69181,15.0,12.80625,11.40175,7.61577,5.38516,5.0,5.83095,7.28011,5.09902,9.0,10.0,10.0,9.21954,8.544,12.36932,15.29706,15.52417,15.81139,16.55295,20.61553,22.84732,20.12461,21.18962,22.13594,22.47221,21.0238,21.18962,24.04163,24.73863,27.20294,23.34524,25.17936,23.34524,30.06659,23.19483,45.17743,47.75982,45.12206,50.69517,52.34501,53.03772,51.0098,56.0,55.14526,56.00893,62.00806,61.03278,64.07027,66.27217,68.46897,66.91039,73.43705,73.34848,77.10383,76.48529,72.03471,78.8543,75.69016,78.8543,78.1025,78.44743,78.64477,81.7435,75.43209,79.83107,71.58911,76.68768,72.56721,70.61161,71.38627,70.85901,66.1211,64.0,67.00746,64.07027,66.37017,61.81424,64.13267,63.06346,65.14599,69.92138,64.51356,67.54258,67.97794,66.24198,71.02112,69.64194,74.33034,74.94665,79.6304,78.77182,78.03204
12.36932,12.16553,11.18034,11.18034,10.19804,9.21954,9.21954,9.21954,8.24621,7.07107,7.07107,7.28011,6.08276,5.38516,5.09902,5.38516,4.12311,4.12311,3.16228,3.16228,2.23607,2.23607,2.23607,1.0,1.0,0.0,0.0,0.0,0.0,1.0,1.41421,1.41421,1.0,2.23607,2.23607,2.23607,3.16228,2.23607,3.16228,3.16228,3.16228,3.16228,4.12311,4.12311,4.0,4.0,4.0,4.0,4.0,4.0,4.12311,3.16228,76.02631,73.02739,67.02984,63.0,63.03174,61.07373,59.21149,55.00909,52.00961,49.09175,48.01042,44.04543,42.04759,40.0,33.73426,33.06055,34.05877,30.06659,27.0,23.76973,20.22375,17.46425,18.24829,15.52417,15.29706,9.84886,8.544,10.63015,3.16228,1.41421,1.41421,2.23607,5.0,7.0,7.07107,6.32456,9.84886,10.19804,14.31782,13.92839,15.13275,18.02776,15.29706,17.11724,17.11724,19.64688,20.22375,20.09975,19.92486,21.58703,22.47221,21.84033,21.93171,24.59675,22.36068,23.43075,21.09502,44.40721,47.09565,48.16638,49.49747,52.61179,52.7731,53.16014,59.48109,59.46427,59.77458,62.96825,63.56886,69.46222,70.38466,72.09022,70.23532,74.70609,73.3553,73.3553,78.89233,77.69813,80.1561,79.07591,79.61156,81.27115,80.1561,82.92768,79.61156,78.77182,78.23043,75.16648,73.24616,71.84706,72.71864,69.64194,71.11962,68.0,65.74192,65.30697,68.15424,67.06713,63.60031,63.34824,63.95311,63.63961,61.81424,68.18358,63.00794,68.11755,67.26812,68.18358,71.44928,75.16648,70.45566,76.53104,77.64664,72.56032
10.81665,9.43398,9.43398,8.60233,8.60233,8.06226,7.2111,7.2111,6.40312,5.83095,5.83095,5.83095,5.0,5.0,3.60555,3.60555,3.60555,3.60555,2.23607,2.23607,1.41421,1.41421,1.41421,1.0,1.0,0.0,0.0,1.0,1.0,1.41421,1.41421,2.23607,2.23607,2.23607,2.23607,2.23607,2.23607,3.16228,2.82843,3.16228,3.60555,3.60555,3.60555,3.60555,3.60555,3.60555,3.60555,4.24264,4.24264,3.60555,3.60555,3.60555,73.00685,66.21933,67.00746,62.62587,66.4003,58.41233,55.21775,52.63079,50.0,47.50789,46.04346,45.22168,40.60788,40.22437,34.1321,32.75668,31.90611,27.45906,24.16609,23.32381,21.93171,17.88854,16.12452,12.80625,13.0,11.40175,5.0,7.07107,5.38516,3.16228,4.47214,7.07107,6.08276,6.7082,6.40312,7.81025,7.81025,9.84886,13.60147,17.02939,12.04159,16.40122,16.40122,13.45362,16.97056,18.43909,18.60108,21.26029,22.02272,21.26029,20.24846,19.72308,23.85372,23.32381,20.88061,22.13594,22.36068,47.41308,47.43416,49.0408,51.62364,55.17246,53.15073,54.03702,57.62812,59.64059,61.85467,61.85467,66.57327,67.41662,70.83078,73.06162,71.55418,78.29432,75.58439,75.58439,75.76939,77.47258,81.34494,80.77747,78.77182,81.59657,86.64872,84.75848,82.86133,80.00625,78.43469,75.96052,74.33034,75.61085,73.38937,73.1642,71.17584,69.31811,67.53518,66.37017,67.41662,68.24222,65.0,64.03124,62.96825,65.06919,66.46804,68.68042,67.00746,69.02898,69.63476,69.63476,73.06162,75.71658,70.49113,76.02631,78.49204,77.69813
9.89949,9.89949,8.48528,8.48528,7.81025,7.07107,7.07107,6.40312,5.65685,5.0,5.0,5.0,3.60555,2.82843,2.82843,2.82843,2.23607,1.41421,1.41421,1.0,1.0,1.41421,1.41421,1.41421,2.23607,2.23607,2.0,3.0,3.16228,3.0,3.0,4.0,4.0,4.0,4.0,4.0,5.0,5.0,5.0,5.0,5.0,5.0,5.0,5.0,5.0,5.0,5.09902,6.08276,5.09902,5.09902,5.09902,5.38516,66.8431,65.79514,61.07373,59.03389,54.03702,49.81967,48.25971,47.20169,45.22168,39.66106,36.61967,35.22783,34.43835,30.41381,26.40076,21.9545,25.23886,21.40093,15.65248,12.36932,10.81665,9.84886,9.48683,7.81025,7.61577,2.23607,2.23607,5.0,3.60555,7.28011,6.08276,11.04536,11.7047,13.34166,14.14214,16.03122,17.02939,21.37756,22.02272,22.09072,23.08679,22.09072,26.01922,25.0,26.01922,25.31798,24.08319,27.07397,26.01922,28.0,28.01785,28.01785,28.07134,30.59412,31.7805,27.20294,24.69818,50.08992,52.23983,55.7315,54.12947,54.12024,55.08176,57.87055,59.77458,59.77458,61.98387,67.6757,67.77905,71.86793,70.00714,70.2282,73.73602,76.2168,77.83315,75.02666,79.12016,80.32434,79.71198,80.32434,81.5414,78.54935,81.27115,79.37884,77.16217,77.88453,73.00685,75.18643,74.73286,71.70077,72.83543,65.62012,69.11584,67.02984,64.07027,62.1289,64.62971,60.01666,63.06346,58.82176,57.93962,57.69749,61.29437,64.89992,65.0,64.38167,65.29931,68.76772,67.88225,66.48308,72.12489,72.86288,71.58911,74.41102
10.0,8.60233,9.43398,8.06226,8.06226,7.2111,6.7082,6.7082,5.38516,5.38516,5.38516,4.47214,4.12311,3.16228,3.16228,3.0,3.16228,2.0,1.0,1.0,1.0,0.0,0.0,0.0,0.0,1.0,1.41421,2.0,2.0,2.23607,2.0,3.0,3.0,3.0,3.0,3.0,3.0,4.0,4.0,4.0,4.0,4.0,4.0,4.0,4.12311,4.0,4.12311,5.09902,5.09902,4.12311,4.47214,4.47214,65.29931,64.2028,62.00806,58.00862,53.60037,52.49762,50.60632,44.40721,42.63801,41.34005,38.07887,37.12142,31.7805,29.68164,25.05993,25.07987,20.88061,19.31321,18.68154,13.34166,13.0,9.0,7.28011,8.24621,7.07107,2.82843,3.60555,3.0,2.23607,7.28011,8.0,9.05539,11.04536,14.14214,15.0,14.14214,20.09975,17.08801,18.43909,21.0238,19.92486,23.5372,26.01922,22.56103,26.30589,24.08319,23.5372,25.96151,26.30589,26.30589,27.29469,27.07397,29.0,27.01851,28.07134,29.06888,24.5153,51.1957,50.69517,54.70832,56.0803,55.9464,54.56189,60.41523,59.03389,59.9333,63.13478,65.76473,65.8635,70.66116,68.88396,68.42514,73.79024,75.17978,75.66373,72.94518,78.29432,75.13322,77.38863,79.64923,79.17702,79.15807,77.36924,78.26238,74.32362,77.47258,76.6942,73.73602,71.7844,68.96376,69.2315,69.63476,66.91039,65.49046,65.12296,62.00806,61.07373,59.5399,58.46366,58.5235,60.72891,59.80803,60.20797,61.29437,60.46487,64.07027,62.20129,63.12686,64.44377,67.35726,67.17887,68.62215,68.11755,69.31089
8.06226,6.7082,5.83095,5.83095,5.83095,5.0,5.0,4.24264,4.24264,2.82843,2.82843,2.82843,2.23607,1.41421,1.0,1.0,1.0,0.0,0.0,1.0,1.0,1.41421,1.41421,1.41421,2.23607,2.23607,2.23607,3.16228,3.16228,3.16228,3.16228,4.12311,4.12311,4.12311,4.12311,4.12311,4.12311,4.12311,5.0,5.09902,4.12311,5.09902,5.09902,5.09902,4.12311,5.09902,5.09902,5.09902,5.09902,5.09902,4.47214,4.47214,60.41523,51.97115,55.36244,50.21952,49.64877,44.38468,40.16217,38.07887,32.31099,31.30495,30.08322,24.69818,25.94224,17.0,13.92839,13.0384,13.41641,10.29563,8.544,7.61577,5.0,2.0,5.38516,4.12311,6.08276,6.40312,11.40175,13.41641,16.27882,13.92839,17.08801,19.69772,20.39608,17.08801,19.31321,24.5153,25.0,24.18677,25.17936,28.63564,26.1725,27.07397,25.07987,27.29469,33.06055,31.14482,32.24903,31.257,30.41381,31.57531,32.38827,31.257,33.54102,29.12044,30.08322,29.41088,32.69557,53.14132,55.65968,55.54278,58.46366,55.54278,61.81424,61.66036,61.81424,67.74216,64.32729,67.08204,72.00694,73.75636,77.46612,80.80842,77.64664,78.44743,76.48529,81.02469,80.75271,80.04998,85.0,78.1025,78.16009,86.12781,86.64872,82.21922,83.57033,77.49194,79.84986,71.69379,74.84651,69.07966,67.60178,66.88797,66.28725,59.03389,59.46427,62.93648,61.03278,60.21628,54.12024,57.27128,56.46238,55.36244,58.94065,60.82763,57.21888,59.13544,60.0,61.03278,63.28507,66.18912,61.18823,63.78871,67.26812,62.36986
8.06226,7.2111,6.7082,6.7082,5.38516,4.47214,4.47214,5.0,3.60555,3.60555,2.82843,2.23607,1.41421,1.41421,2.23607,1.41421,1.0,1.0,2.23607,2.23607,2.23607,2.82843,2.82843,2.82843,3.60555,3.60555,3.60555,5.0,5.0,5.0,5.65685,6.40312,5.83095,5.83095,5.83095,5.83095,5.83095,6.40312,6.40312,6.7082,6.7082,5.83095,7.2111,6.7082,6.7082,6.7082,6.40312,6.40312,6.40312,6.40312,6.40312,6.40312,54.20332,53.0,50.60632,47.70744,47.53946,43.38202,40.24922,37.0,34.0147,30.46309,30.46309,24.04163,19.92486,21.84033,16.15549,16.49242,14.86607,7.28011,9.84886,9.84886,4.24264,6.08276,6.08276,9.05539,9.21954,9.48683,11.7047,14.42221,13.0384,18.86796,17.80449,25.05993,22.80351,24.69818,23.70654,25.07987,25.55386,26.92582,28.17801,30.67572,30.08322,29.73214,33.24154,32.28002,31.38471,31.95309,33.61547,34.20526,33.95585,34.17601,36.68787,30.67572,32.31099,32.69557,32.20248,31.30495,26.92582,54.20332,56.40035,58.30952,59.5399,58.83026,58.60034,59.9333,61.40033,65.8635,65.19202,67.74216,71.02112,72.11103,72.40166,77.10383,78.23043,77.42093,77.00649,80.43009,82.20097,83.24062,84.14868,79.98125,77.7946,80.62258,79.9062,81.32035,80.43009,78.24321,74.20243,72.94518,72.11103,69.77822,67.97794,66.30988,68.94926,60.16644,58.69412,58.42089,60.00833,59.07622,56.88585,57.97413,56.61272,56.85948,50.53712,57.45433,59.20304,64.03124,60.87693,62.28965,63.89053,67.47592,64.81512,63.41136,63.81222,61.58734
8.94427,8.06226,8.06226,6.7082,6.7082,5.83095,5.83095,5.0,5.0,4.47214,3.60555,3.60555,3.16228,2.23607,2.23607,2.23607,2.0,2.23607,2.23607,2.23607,2.23607,2.82843,2.82843,3.60555,4.24264,3.60555,4.24264,5.0,5.0,5.0,5.65685,5.65685,5.65685,5.65685,5.0,5.65685,5.65685,6.40312,6.40312,6.40312,5.65685,6.40312,6.40312,6.40312,6.40312,6.40312,6.40312,6.40312,6.40312,7.07107,5.65685,6.40312,58.07753,56.32051,53.33854,47.29693,48.27007,42.2019,42.2019,39.45884,37.94733,32.89377,28.4605,26.24881,25.4951,23.5372,18.02776,17.46425,14.86607,13.34166,10.04988,4.0,5.83095,7.07107,10.19804,8.60233,7.2111,10.81665,12.20656,17.88854,13.89244,14.76482,18.97367,20.12461,21.0238,25.55386,24.16609,25.05993,26.92582,26.0,27.80288,28.23119,31.30495,29.52965,31.40064,32.52691,32.80244,31.90611,33.83785,33.30165,31.06445,33.54102,33.6006,34.82815,32.44996,33.01515,28.84441,34.88553,32.31099,50.77401,59.16925,57.98276,58.82176,59.03389,59.03389,59.03389,66.21933,65.43699,65.0,67.62396,70.80254,76.00658,74.94665,72.56032,76.15773,74.70609,77.82031,73.79024,81.84131,81.02469,81.15417,78.92401,79.12016,76.844,77.62087,73.08215,76.68768,74.33034,73.43705,69.18092,70.00714,72.00694,69.00725,66.27217,63.95311,61.39218,55.97321,57.38467,56.82429,55.47071,57.38467,54.45181,52.63079,49.40648,58.66856,55.03635,52.92447,60.08328,60.20797,56.88585,61.52235,65.06919,63.03174,61.0082,62.03225,66.18912
8.0,8.0,8.0,7.0,7.0,6.0,5.09902,4.12311,4.12311,4.12311,3.16228,3.16228,3.16228,2.23607,2.23607,1.0,1.0,1.0,1.0,0.0,1.41421,1.0,1.0,2.0,2.0,3.16228,3.16228,3.0,4.0,4.12311,4.0,4.0,4.0,5.0,5.0,5.0,6.0,5.0,5.09902,5.0,5.09902,6.08276,5.09902,6.08276,6.08276,6.08276,6.08276,5.09902,6.08276,6.0,6.0,5.0,63.50591,57.31492,52.00961,55.00909,49.0102,51.0098,44.18144,43.0,38.47077,38.32754,31.06445,29.06888,30.08322,24.33105,21.2132,20.61553,18.24829,11.7047,13.0,8.06226,6.7082,8.06226,1.0,6.40312,5.09902,8.06226,10.44031,13.15295,13.0384,13.0,18.02776,21.0,20.02498,23.02173,24.18677,28.01785,23.02173,24.02082,26.68333,27.01851,28.0,28.01785,27.07397,32.55764,34.05877,31.14482,34.23449,29.42788,33.95585,37.33631,34.36568,35.0571,34.0147,36.22154,36.12478,33.0,34.0147,49.24429,56.61272,57.80138,61.22091,61.07373,61.6198,62.36986,64.03124,66.4003,63.41136,69.02898,69.02898,69.63476,73.81734,73.81734,74.88658,84.6286,77.66595,79.88116,79.92496,78.77182,82.8553,80.05623,82.29824,81.85964,82.46211,85.23497,80.95678,75.58439,78.74643,69.63476,72.99315,68.06614,71.56815,67.18631,65.06919,62.39391,62.96825,59.03389,55.65968,57.00877,55.9017,53.00943,57.48913,57.48913,58.69412,54.67175,56.35601,60.41523,55.02727,62.03225,62.29767,64.28841,62.64184,65.96969,62.64982,68.73136
8.94427,8.544,7.61577,7.61577,6.32456,6.32456,6.32456,5.09902,4.12311,4.12311,3.16228,3.16228,3.16228,2.23607,2.23607,1.41421,1.41421,1.41421,1.0,1.0,2.23607,2.23607,2.23607,2.23607,3.60555,3.60555,3.60555,5.0,5.0,5.0,5.0,5.83095,6.40312,5.83095,5.83095,5.83095,5.83095,6.40312,6.7082,6.7082,6.7082,6.7082,7.2111,6.7082,6.7082,6.7082,7.2111,7.2111,7.2111,7.2111,7.2111,7.07107,65.29931,61.84658,52.7731,58.13777,57.58472,44.27189,47.92703,43.65776,36.40055,38.07887,31.04835,31.7805,29.06888,26.07681,21.58703,17.72005,18.43909,15.81139,11.7047,12.04159,7.07107,8.48528,4.12311,5.83095,9.21954,9.0,7.2111,11.6619,16.64332,14.42221,17.46425,19.41649,21.0238,25.05993,25.23886,24.35159,30.01666,28.30194,33.61547,26.92582,34.0,27.80288,35.8469,34.43835,34.9285,35.4683,39.35734,37.12142,33.61547,35.77709,33.54102,37.16181,38.91015,41.62932,38.58756,35.80503,33.42155,52.34501,49.67897,57.28001,55.31727,60.0,60.44005,62.00806,64.07027,65.60488,65.60488,68.60029,71.70077,72.34639,72.00694,73.10951,78.64477,77.7946,77.10383,77.89737,79.98125,78.49204,84.89994,83.45058,84.21995,84.21995,82.46211,79.20227,74.20243,80.1561,79.05694,74.43118,73.92564,73.82412,68.42514,69.35416,69.64194,68.88396,62.514,62.28965,57.00877,59.03389,59.84146,55.7853,60.74537,57.00877,54.20332,56.0357,59.40539,57.62812,65.19202,65.11528,65.43699,63.25346,68.60029,69.97142,64.14047,68.50547
9.43398,8.60233,7.81025,7.2111,7.2111,6.40312,5.65685,5.65685,5.0,4.24264,4.24264,3.60555,2.82843,2.82843,1.41421,2.23607,1.41421,1.0,0.0,0.0,0.0,1.0,0.0,1.0,2.0,2.0,2.23607,3.0,3.0,4.0,4.0,4.0,4.0,4.0,4.0,4.0,5.0,5.0,5.0,5.09902,5.0,5.0,5.09902,5.0,5.0,5.0,5.0,6.0,6.0,5.09902,5.09902,5.09902,65.25335,59.22837,59.66574,57.48913,54.57105,51.41984,48.08326,44.94441,38.07887,37.64306,36.76955,32.75668,29.41088,32.64966,23.08679,22.47221,17.08801,14.21267,13.0384,13.0,6.08276,5.0,4.47214,4.47214,3.60555,4.12311,3.16228,11.04536,12.36932,13.92839,18.02776,18.68154,16.49242,15.81139,21.84033,23.4094,25.4951,25.0,25.96151,30.41381,29.83287,30.41381,27.16616,33.24154,29.15476,32.24903,39.11521,32.38827,34.36568,33.37664,35.69314,35.35534,36.13862,36.49658,35.17101,36.76955,33.61547,50.32892,51.86521,55.10898,61.0,57.70615,58.54912,61.20457,60.53098,63.1981,63.3877,64.38167,69.72087,70.45566,70.45566,73.43705,73.43705,77.64664,73.82412,77.10383,78.63841,78.64477,82.03658,79.62412,81.58431,81.3941,79.30952,81.02469,83.67795,78.16009,81.0432,73.05477,76.32169,73.1642,71.11962,68.70953,69.64194,67.41662,63.00794,61.7171,60.1415,64.66065,58.00862,53.85165,59.5399,53.7122,55.54278,59.77458,59.66574,64.28063,60.07495,58.00862,66.1211,68.18358,66.37017,65.62012,75.53807,69.46222
8.06226,8.06226,7.61577,6.7082,6.7082,5.38516,5.38516,4.47214,4.12311,4.12311,3.16228,3.0,3.0,2.0,2.0,1.0,1.0,0.0,0.0,1.0,1.0,1.0,2.0,2.0,2.0,3.0,3.0,3.0,4.12311,4.12311,4.12311,4.12311,4.12311,5.09902,5.09902,5.09902,5.09902,5.09902,5.09902,5.38516,6.32456,6.32456,6.32456,6.32456,6.32456,6.32456,6.32456,6.32456,6.08276,6.08276,6.0,6.0,67.53518,61.32699,56.36488,57.58472,52.3259,50.15974,46.23851,44.01136,40.8534,39.84972,37.94733,31.32092,28.86174,25.96151,21.84033,20.09975,16.76305,14.56022,9.05539,11.04536,7.07107,1.41421,3.60555,3.60555,2.82843,4.0,5.0,10.44031,10.77033,12.08305,13.60147,14.56022,19.69772,21.93171,18.78829,25.05993,26.40076,27.313,28.6531,31.38471,29.54657,27.85678,31.01612,31.76476,34.9285,29.52965,33.12099,35.51056,34.0,34.48188,36.71512,34.9285,35.4683,37.16181,34.20526,35.44009,37.85499,49.16299,51.35173,52.17279,58.69412,55.71355,57.00877,55.36244,60.74537,63.32456,62.96825,63.69458,67.62396,67.77905,72.61543,76.32169,73.53911,75.96052,78.0,82.63776,81.939,76.32169,83.00602,80.65358,79.71198,82.8734,81.90849,78.43469,80.08121,78.16009,79.55501,75.50497,74.1485,75.13322,68.73136,73.02739,67.00746,65.00769,61.29437,60.53098,59.03389,62.36185,55.02727,57.77543,56.0803,59.68249,59.07622,57.38467,57.98276,61.22091,64.53681,60.60528,65.19202,66.4003,66.03787,67.1193,66.57327,66.24198
9.21954,8.24621,8.24621,7.28011,7.28011,6.32456,5.38516,5.83095,4.47214,4.47214,3.60555,3.60555,2.23607,2.82843,1.41421,2.23607,1.0,1.0,1.0,1.0,1.0,1.0,2.0,2.23607,2.23607,3.16228,3.16228,3.60555,3.60555,4.47214,4.47214,4.47214,4.47214,5.0,4.47214,5.83095,5.83095,5.83095,5.83095,5.83095,5.83095,5.83095,6.40312,5.83095,5.83095,6.7082,6.7082,5.83095,6.7082,6.32456,6.32456,6.08276,61.18823,55.44367,56.7186,52.7731,55.9017,46.32494,46.57252,41.48494,38.60052,39.29377,36.87818,28.86174,28.63564,23.76973,21.40093,18.78829,17.49286,15.0,12.72792,9.48683,9.21954,7.81025,2.23607,3.0,7.0,5.65685,7.81025,9.84886,9.84886,13.41641,13.45362,18.43909,17.80449,21.40093,23.85372,25.80698,25.23886,26.41969,24.83948,27.80288,28.6007,28.3196,31.14482,29.73214,29.20616,29.41088,33.30165,35.4683,31.241,34.71311,36.61967,36.35932,37.44329,33.83785,32.24903,38.48376,33.83785,46.40043,50.32892,51.62364,53.90733,53.2635,59.40539,59.20304,59.64059,57.98276,60.74537,68.7968,66.88797,67.95587,71.34424,70.83078,72.06941,77.17513,73.79024,78.89233,74.30343,76.05919,80.5295,80.06248,82.76473,79.75588,79.25907,80.62258,75.17978,74.33034,79.61156,71.34424,74.09453,71.28113,70.43437,70.17834,61.6198,65.76473,62.28965,59.81639,61.85467,62.1289,58.60034,60.37384,54.42426,58.82176,63.56099,52.7731,57.14018,58.13777,63.0,58.0,64.12488,66.27217,65.37584,68.73136,70.71068,66.48308
8.94427,8.94427,7.61577,7.61577,6.32456,6.7082,6.32456,5.38516,5.38516,4.12311,4.12311,4.12311,3.0,2.0,2.0,2.0,2.0,1.41421,1.41421,1.0,2.0,2.0,2.0,2.23607,2.23607,2.23607,2.82843,3.60555,3.60555,3.60555,4.24264,4.24264,5.0,5.0,4.24264,4.24264,4.24264,5.0,5.65685,5.65685,5.0,5.65685,5.65685,5.65685,5.0,5.0,5.83095,5.83095,5.83095,6.32456,5.38516,5.38516,60.83584,54.20332,55.9464,53.22593,46.95743,46.14109,42.54409,44.28318,33.61547,37.69615,32.57299,28.23119,26.24881,23.4094,20.88061,20.09975,19.31321,14.03567,11.0,11.18034,7.2111,8.48528,3.16228,7.28011,3.16228,8.544,8.48528,9.43398,12.80625,14.14214,16.40122,19.84943,18.02776,25.0,17.69181,25.0,24.69818,28.01785,24.59675,24.69818,26.41969,26.92582,28.01785,28.17801,31.06445,28.84441,31.62278,33.01515,34.98571,34.05877,29.68164,34.05877,33.24154,31.1127,32.55764,30.52868,29.68164,45.0,50.91169,51.08816,59.03389,54.20332,57.80138,56.93856,60.41523,57.70615,59.94164,65.74192,65.79514,70.71068,66.70832,74.67262,70.2282,80.41144,74.04053,79.05694,78.44743,80.36168,79.69944,77.7946,84.20214,77.62087,77.20104,79.07591,82.0,73.76313,79.81228,72.27724,75.96052,73.4983,71.16881,68.94926,65.45991,61.7414,63.56099,59.48109,59.07622,61.40033,57.48913,59.81639,55.31727,58.79626,57.00877,56.85068,59.81639,56.30275,61.03278,62.76942,55.9017,65.76473,64.88451,64.41273,66.64083,65.30697
10.04988,9.05539,9.05539,8.0,7.0,7.0,7.07107,6.08276,5.09902,5.0,4.12311,4.12311,3.0,3.0,2.0,2.23607,2.23607,1.41421,1.0,0.0,0.0,0.0,1.41421,1.0,2.0,2.23607,2.23607,3.16228,3.0,3.16228,3.0,4.12311,4.12311,4.0,4.12311,4.12311,4.12311,4.12311,4.12311,4.12311,4.12311,4.12311,5.09902,4.47214,4.47214,4.47214,4.47214,5.38516,4.47214,5.0,4.24264,4.24264,67.36468,61.07373,57.31492,50.0,55.22681,48.37355,52.15362,45.27693,39.05125,37.01351,37.01351,31.0,30.01666,24.08319,22.02272,18.24829,21.0238,12.0,16.03122,12.36932,7.61577,6.40312,6.40312,6.32456,6.32456,7.2111,7.81025,8.48528,12.52996,19.31321,18.02776,16.15549,17.80449,20.24846,24.69818,18.86796,23.70654,25.4951,24.16609,25.63201,27.73085,27.73085,25.80698,29.52965,27.29469,27.78489,29.52965,32.75668,28.01785,29.41088,30.0,30.52868,32.55764,29.0,31.14482,33.30165,28.6007,49.81967,48.16638,55.00909,58.13777,59.84146,59.22837,59.66574,62.16912,64.53681,63.56886,70.2282,71.30919,73.92564,74.32362,73.34848,76.94154,78.71467,80.62258,79.40403,83.23461,81.5414,83.23461,82.0975,84.6286,80.43009,84.40379,82.61961,81.21576,78.40918,76.57676,78.1025,78.40918,79.20227,74.4043,70.45566,70.21396,70.72482,65.51336,65.29931,63.50591,65.74192,59.13544,61.68468,62.0967,59.22837,58.0517,58.42089,63.28507,63.07139,67.1193,64.00781,67.00746,69.00725,67.00746,69.00725,69.11584,71.11259
10.19804,10.19804,9.05539,8.06226,8.06226,7.07107,7.07107,6.08276,6.08276,5.0,5.0,5.0,4.0,3.16228,3.16228,3.16228,2.23607,2.23607,1.41421,2.23607,2.0,2.0,2.0,2.23607,2.23607,2.23607,2.82843,3.60555,3.60555,3.60555,5.0,4.24264,4.24264,5.0,4.24264,4.24264,4.24264,5.0,5.0,5.0,5.0,5.0,5.0,5.0,5.0,5.0,5.0,5.83095,5.83095,5.38516,5.38516,5.38516,65.27634,63.63961,60.01666,59.5399,52.95281,53.15073,48.05206,47.38143,44.72136,40.31129,36.22154,35.51056,33.0,29.15476,26.07681,23.08679,22.09072,17.02939,17.02939,12.36932,10.63015,12.20656,5.83095,9.48683,5.83095,8.544,10.81665,10.81665,9.43398,14.14214,14.86607,19.84943,18.86796,17.80449,20.61553,19.20937,21.09502,29.06888,25.6125,22.2036,26.92582,30.88689,26.92582,26.41969,28.30194,28.3196,27.45906,32.01562,32.01562,27.65863,29.69848,28.28427,29.73214,32.55764,27.65863,35.0,28.6531,49.0408,55.08176,53.75872,57.72348,56.61272,60.74537,59.23681,59.5063,63.06346,62.64982,64.41273,68.60029,70.71068,74.63243,74.88658,73.81734,77.46612,73.87828,74.65253,83.09633,79.51101,82.13404,77.89737,83.4386,79.24645,82.75869,79.9062,82.75869,75.66373,77.07788,73.53911,77.15569,71.42129,72.12489,71.42129,68.62215,67.47592,64.40497,63.24555,62.96825,63.52952,57.27128,59.9333,57.38467,54.78138,63.89053,61.39218,56.88585,58.85576,60.82763,63.28507,67.18631,68.11755,64.38167,68.46897,67.60178,67.18631
12.04159,11.40175,10.63015,9.89949,9.21954,9.21954,8.48528,7.81025,7.07107,7.07107,6.40312,5.65685,5.65685,5.0,4.24264,3.60555,3.60555,3.60555,2.23607,2.23607,2.23607,2.23607,1.0,1.0,1.41421,1.41421,1.0,2.0,2.0,2.0,2.0,3.0,3.0,3.0,3.0,3.0,3.0,4.0,3.0,4.0,4.0,4.0,4.0,4.0,4.0,5.0,5.0,5.09902,5.09902,4.12311,4.12311,4.47214,68.00735,65.80274,65.45991,63.00794,59.36329,52.43091,53.41348,52.20153,44.20407,44.65423,42.43819,37.80212,35.22783,34.4093,30.52868,30.0,24.41311,24.04163,22.62742,17.0,17.02939,14.86607,10.63015,11.18034,9.21954,8.24621,4.12311,5.0,7.2111,7.81025,8.06226,8.24621,10.19804,12.04159,15.0333,16.03122,13.34166,16.12452,19.10497,20.0,20.22375,21.09502,19.41649,23.19483,24.18677,23.34524,26.01922,27.01851,26.07681,26.1725,27.01851,24.33105,28.28427,25.70992,26.24881,27.85678,26.83282,48.27007,50.24938,41.86884,55.44367,55.21775,46.09772,51.88449,62.17717,54.12024,64.19502,65.39113,66.12866,77.49194,75.58439,74.33034,77.87811,79.62412,72.56032,78.8543,73.82412,75.95393,77.23341,79.1012,81.09871,76.05919,81.22192,80.025,81.02469,73.10951,74.0,72.02777,70.00714,68.11755,69.18092,67.1193,64.38167,64.77654,61.52235,61.18823,59.43904,59.48109,55.36244,54.42426,56.79789,56.82429,53.22593,54.91812,61.07373,58.60034,59.66574,64.66065,67.26812,69.52697,68.68042,69.52697,67.94115,72.18033
10.77033,9.48683,9.48683,8.544,8.544,8.24621,7.28011,7.28011,6.32456,6.32456,5.38516,5.38516,4.12311,4.12311,3.16228,3.60555,3.16228,2.23607,2.82843,1.41421,1.41421,1.41421,1.41421,1.0,2.0,2.0,1.41421,2.23607,2.23607,2.23607,2.82843,2.82843,2.82843,2.82843,2.82843,2.82843,3.60555,2.82843,3.60555,3.60555,4.24264,4.24264,4.24264,4.24264,4.24264,4.24264,3.60555,4.47214,4.47214,4.12311,4.12311,4.12311,64.2573,63.32456,64.51356,61.61169,63.32456,54.81788,56.04463,50.21952,45.35416,46.32494,43.9659,41.97618,41.48494,38.60052,34.48188,30.59412,29.83287,28.23119,24.69818,21.47091,19.72308,16.12452,13.0384,13.89244,12.20656,12.80625,11.18034,10.81665,11.0,11.18034,10.19804,9.21954,14.31782,11.18034,13.0,14.76482,13.0384,14.76482,17.80449,19.41649,20.24846,18.60108,18.60108,19.79899,22.02272,21.09502,22.47221,23.02173,21.47091,23.85372,23.70654,23.4094,22.84732,24.69818,23.4094,23.08679,25.01999,52.80152,51.47815,54.40588,53.90733,55.9017,54.56189,57.2014,59.64059,64.14047,65.8635,65.30697,67.53518,71.11962,72.09022,74.09453,73.68175,73.68175,79.07591,74.73286,78.91768,80.89499,83.38465,82.38932,80.30567,79.02531,82.0975,79.0,78.00641,80.00625,76.0,73.06162,74.06079,74.16873,71.06335,71.25307,67.06713,66.0303,63.07139,61.03278,64.49806,61.29437,59.22837,58.69412,59.90826,55.7853,61.61169,61.68468,63.32456,63.56886,63.15853,62.24147,64.41273,70.77429,65.0,71.17584,70.00714,71.86793
12.08305,11.18034,11.18034,10.77033,9.84886,8.94427,8.94427,8.544,7.61577,7.61577,7.61577,6.7082,5.83095,5.83095,5.83095,5.0,5.0,4.24264,4.24264,4.24264,2.82843,3.60555,2.82843,2.23607,3.16228,3.16228,3.0,3.0,3.0,2.23607,3.16228,3.16228,3.16228,3.16228,3.16228,3.60555,3.60555,3.16228,4.47214,3.60555,3.60555,4.47214,4.47214,4.47214,4.47214,4.47214,5.38516,5.38516,5.09902,5.09902,5.0,5.0,71.58911,67.62396,67.1193,60.83584,61.84658,57.93962,53.85165,52.92447,51.5461,46.8188,47.53946,43.86342,40.24922,39.92493,36.24914,32.69557,28.63564,29.96665,27.313,22.47221,23.02173,22.2036,17.02939,17.02939,14.42221,12.08305,10.81665,12.36932,12.08305,9.84886,9.0,10.04988,11.18034,15.23155,13.60147,14.31782,17.88854,17.0,17.49286,19.23538,18.60108,20.24846,21.26029,20.80865,22.2036,22.2036,22.80351,24.20744,22.2036,23.32381,22.82542,24.69818,26.57066,26.24881,24.73863,26.4764,25.07987,51.41984,49.76947,55.07268,53.25411,58.41233,53.15073,56.58622,60.10824,61.7171,62.62587,65.73431,67.74216,68.60029,71.11962,69.35416,72.44998,74.24958,76.32169,77.83315,77.49194,77.16217,81.0432,79.42921,79.6304,79.6304,78.91768,76.41989,75.53807,76.53104,76.1643,75.16648,73.24616,72.1734,69.35416,68.18358,66.61081,64.49806,61.52235,60.82763,60.41523,58.69412,56.75385,60.08328,59.80803,57.24509,57.70615,59.05929,59.5399,61.77378,63.63175,59.05929,63.28507,71.56116,65.73431,65.8635,68.7968,75.80237
11.40175,10.63015,10.63015,9.89949,9.21954,9.21954,9.21954,7.81025,7.81025,7.81025,7.07107,6.40312,6.40312,5.65685,5.0,5.0,4.47214,4.47214,3.60555,3.16228,3.16228,3.16228,3.16228,3.0,3.0,2.0,2.23607,2.23607,2.23607,2.23607,2.23607,2.82843,2.82843,2.82843,2.82843,2.82843,2.82843,2.82843,3.60555,3.60555,3.60555,3.60555,4.24264,3.60555,4.24264,4.24264,4.24264,4.24264,4.24264,4.47214,4.47214,4.12311,68.41053,65.11528,67.00746,66.52819,61.40033,59.46427,56.63921,55.97321,49.67897,48.83646,46.01087,41.03657,42.52058,40.0,35.4683,33.83785,32.01562,27.45906,25.80698,26.62705,22.47221,20.12461,18.35756,16.15549,13.0384,13.34166,12.04159,14.14214,12.0,13.15295,10.0,14.21267,11.40175,13.0384,11.18034,14.42221,17.0,16.55295,14.76482,20.0,17.46425,22.47221,20.61553,19.41649,20.61553,19.92486,21.0238,22.84732,21.9545,24.69818,24.18677,23.60085,24.83948,21.26029,27.20294,25.6125,26.40076,47.51842,51.0392,54.14795,57.42822,52.7731,61.68468,60.08328,63.32456,63.06346,62.17717,67.23095,64.49806,66.7308,70.45566,75.60423,69.81404,78.87332,75.82216,80.62258,77.33693,79.39773,80.60397,76.6094,79.20227,80.44874,80.44874,77.66595,78.54935,72.20111,76.00658,69.83552,72.20111,72.56032,68.47627,66.37017,65.73431,60.46487,62.00806,60.60528,59.81639,58.89822,58.0517,56.58622,57.31492,59.46427,60.0,56.61272,57.62812,62.00806,60.74537,63.28507,65.51336,69.83552,65.8635,70.83078,74.62573,70.45566
11.31371,9.89949,9.89949,9.89949,9.21954,8.48528,8.48528,7.81025,7.07107,7.07107,6.40312,5.65685,5.65685,5.0,4.24264,4.24264,3.60555,3.60555,2.82843,2.82843,2.23607,1.41421,2.23607,2.0,1.0,2.0,1.41421,1.41421,1.41421,2.23607,2.23607,2.23607,2.23607,2.23607,2.23607,3.16228,3.16228,3.16228,3.16228,3.16228,3.16228,3.16228,4.12311,3.60555,3.60555,3.60555,3.60555,3.60555,4.24264,4.24264,3.60555,3.60555,69.40461,64.81512,62.68174,60.1415,57.48913,56.85068,53.8145,54.48853,49.0408,45.45327,40.31129,38.8973,40.45986,34.71311,34.05877,30.23243,28.42534,25.05993,24.41311,19.10497,23.70654,16.55295,19.92486,16.64332,13.34166,13.15295,11.0,8.0,8.544,11.7047,9.43398,10.63015,8.544,13.89244,13.60147,15.81139,14.31782,15.26434,17.08801,17.49286,19.41649,19.31321,18.68154,14.56022,19.72308,18.97367,20.61553,19.31321,24.59675,18.86796,25.80698,25.0,21.63331,22.80351,24.75884,23.34524,22.2036,45.60702,50.15974,53.00943,55.22681,57.55867,56.7186,56.04463,57.58472,63.32456,62.24147,66.64083,65.74192,70.66116,70.49113,72.94518,74.06079,79.20227,74.65253,78.1025,78.49204,77.23341,82.21922,79.02531,75.82216,82.61961,76.6942,77.46612,80.80223,73.23933,77.66595,71.86793,72.67049,71.02112,71.86793,66.57327,64.89992,61.40033,62.62587,61.84658,61.52235,61.55485,57.31492,59.4138,58.72819,57.48913,56.63921,58.60034,57.80138,63.24555,58.5235,62.76942,64.84597,71.34424,66.7308,72.89719,68.96376,68.8186
12.20656,10.81665,10.81665,10.81665,10.0,10.0,8.60233,8.60233,8.60233,7.2111,7.2111,6.7082,5.83095,5.83095,5.83095,4.47214,4.47214,3.60555,3.16228,3.16228,3.16228,2.23607,2.0,2.0,2.0,1.0,1.41421,1.41421,1.41421,2.0,2.0,2.0,2.0,3.0,3.0,3.0,3.0,3.0,3.0,3.0,4.0,4.0,4.0,4.12311,4.0,4.12311,4.12311,4.12311,4.47214,4.47214,4.47214,4.24264,72.34639,67.94115,63.89053,63.70243,61.55485,60.1415,58.79626,53.75872,47.42362,48.83646,46.66905,41.72529,41.72529,36.06938,34.05877,34.05877,27.65863,24.41311,27.80288,20.61553,19.72308,18.35756,18.35756,11.7047,11.18034,12.04159,9.21954,7.28011,7.61577,9.48683,7.61577,5.0,9.21954,13.60147,9.21954,13.0384,17.02939,14.0,18.0,20.02498,19.10497,15.29706,21.09502,21.09502,23.34524,22.02272,24.08319,25.07987,21.2132,25.4951,24.5153,26.30589,24.35159,21.84033,23.70654,23.02173,24.69818,51.62364,53.75872,52.49762,60.41523,58.59181,60.41523,62.1289,62.42596,64.03124,61.22091,67.94115,70.72482,74.33034,77.98718,79.30952,74.8131,78.40918,77.42093,81.02469,82.0975,78.23043,88.19297,80.49845,80.62258,83.00602,81.5414,80.77747,84.17244,74.33034,79.12016,73.53911,75.02666,71.86793,70.00714,67.77905,67.1193,63.56099,61.26989,60.41523,61.40033,61.58734,57.68882,60.60528,58.89822,58.89822,55.9017,59.46427,58.13777,63.24555,57.48913,66.4003,70.0,70.80254,66.57327,71.21798,72.67049,72.94518
7.28011,7.28011,7.28011,7.28011,6.32456,6.32456,6.32456,5.38516,4.47214,4.12311,3.16228,3.16228,3.16228,2.23607,2.0,2.23607,1.0,1.0,1.0,1.0,0.0,0.0,0.0,0.0,0.0,0.0,1.41421,1.41421,2.23607,2.23607,3.16228,3.16228,3.16228,3.16228,3.0,3.0,4.0,4.0,5.09902,4.12311,5.09902,5.38516,5.38516,4.12311,4.47214,4.47214,4.47214,3.60555,2.23607,2.23607,1.41421,1.0,64.66065,63.89053,62.482,61.07373,58.13777,55.97321,53.8145,50.9902,48.83646,46.01087,43.18565,41.10961,37.53665,35.4683,33.42155,30.61046,29.20616,26.40076,23.60085,21.63331,18.86796,17.49286,14.76482,13.0,10.77033,9.21954,7.0,6.08276,5.83095,6.40312,6.7082,8.24621,9.05539,11.0,12.04159,13.0384,14.03567,16.03122,17.11724,18.11077,19.10497,20.09975,22.02272,22.02272,23.02173,24.02082,24.0,25.01999,25.07987,26.1725,26.30589,26.4764,26.92582,26.24881,26.92582,26.40076,26.83282,52.17279,52.88667,53.75872,54.78138,55.9464,57.70615,59.16925,60.46487,62.20129,64.03124,65.94695,67.20863,69.29646,71.44928,73.66139,75.28612,77.00649,78.00641,79.32213,79.61156,80.77747,80.62258,81.88406,81.84131,80.95678,80.5295,78.79086,78.39005,77.07788,75.76939,74.46476,72.23573,70.00714,69.07966,66.70832,64.88451,63.07139,61.7171,59.5399,58.30952,57.14018,55.80323,55.44367,55.97321,55.86591,55.9017,56.72742,57.62812,59.20304,60.21628,61.85467,63.24555,64.07027,65.45991,66.28725,67.6757,68.24222
11.18034,9.84886,11.18034,10.29563,9.84886,8.94427,7.61577,7.61577,7.61577,7.61577,6.32456,5.83095,5.83095,5.38516,4.47214,4.12311,3.16228,3.16228,3.16228,3.16228,2.23607,2.0,1.0,1.0,1.0,0.0,1.0,1.0,1.0,1.41421,1.41421,2.23607,1.41421,2.23607,2.82843,3.60555,3.60555,2.82843,3.16228,2.82843,3.60555,3.60555,3.60555,4.47214,4.47214,4.47214,4.47214,4.12311,4.12311,4.12311,4.0,4.0,66.4906,64.7611,62.58594,59.90826,58.18935,54.40588,58.24946,51.24451,49.0408,48.70318,43.41659,41.23106,33.95585,34.9285,30.67572,30.59412,27.16616,29.06888,27.07397,20.39608,18.68154,18.02776,12.04159,13.0384,11.18034,9.05539,4.47214,6.7082,5.83095,6.08276,6.40312,6.32456,10.63015,10.63015,14.76482,14.21267,15.26434,17.69181,15.55635,17.80449,17.80449,22.80351,20.51828,23.43075,24.41311,25.0,24.75884,24.08319,25.4951,26.1725,28.3196,25.55386,28.30194,24.69818,22.47221,24.69818,24.5153,52.00961,51.35173,53.60037,58.24088,59.80803,56.30275,57.77543,60.82763,63.06346,65.76473,67.1193,69.33974,71.02816,72.62231,73.10951,79.39773,75.82216,80.61017,77.7946,77.07788,82.75869,79.39773,82.61961,83.40863,83.00602,79.64923,81.05554,78.40918,79.40403,73.60027,73.81734,73.60027,70.0,69.02898,67.47592,66.6033,63.70243,60.10824,55.17246,56.63921,54.20332,53.00943,55.47071,57.70615,52.39275,58.82176,56.32051,60.44005,60.44005,62.96825,61.98387,62.36986,62.58594,66.28725,69.2315,68.88396,68.88396
9.21954,7.81025,8.60233,7.81025,7.81025,6.40312,5.83095,5.83095,5.0,5.0,4.24264,3.60555,3.60555,3.16228,2.23607,2.23607,2.0,1.0,2.0,1.0,1.41421,1.0,1.0,1.0,2.0,2.23607,2.82843,2.82843,2.82843,3.60555,3.60555,3.60555,4.24264,4.24264,5.65685,5.65685,5.65685,5.0,5.65685,5.65685,5.65685,5.65685,5.65685,6.40312,6.40312,6.40312,6.40312,5.83095,5.83095,5.83095,5.83095,5.38516,66.57327,63.60031,61.40033,58.24946,54.91812,53.41348,50.11986,49.24429,42.54409,45.17743,37.44329,34.98571,34.43835,31.7805,30.41381,27.89265,23.70654,19.92486,19.31321,15.52417,13.34166,10.19804,7.28011,6.32456,6.0,7.07107,2.0,8.0,10.44031,7.2111,9.89949,11.31371,12.80625,15.6205,16.12452,14.21267,18.43909,21.09502,26.1725,20.0,26.07681,26.87006,28.28427,28.42534,27.80288,30.41381,28.6007,30.4795,31.14482,28.3196,30.61046,34.20526,29.20616,28.6531,31.30495,31.7805,31.30495,50.44799,53.33854,55.9464,59.61543,59.61543,60.40695,62.64184,63.78871,66.76077,63.32456,69.2315,69.2315,73.97973,75.13322,76.79193,77.64664,81.7435,78.31347,84.21401,85.09407,83.0542,85.14693,83.00602,87.05171,85.02353,81.00617,84.05355,84.05355,79.02531,78.02564,73.0,77.16217,72.02777,70.00714,65.0,66.27217,58.30952,61.81424,57.48913,53.16014,55.36244,52.39275,55.9464,51.47815,52.35456,58.0517,52.63079,54.45181,54.48853,55.31727,59.64059,62.1289,63.82006,64.14047,66.88797,69.63476,61.40033
10.0,9.21954,9.21954,8.60233,8.48528,7.81025,6.40312,7.07107,6.40312,5.65685,5.65685,5.65685,5.0,5.0,3.60555,3.60555,3.60555,2.82843,2.23607,2.23607,2.0,2.0,1.0,1.0,1.41421,1.0,2.0,2.0,2.0,2.23607,3.0,3.0,3.16228,4.0,4.12311,4.12311,4.12311,4.0,4.0,4.0,5.09902,5.09902,5.0,5.0,5.0,5.0,5.0,5.09902,5.09902,4.47214,5.38516,4.47214,30.23243,28.30194,27.01851,27.45906,26.07681,23.02173,23.85372,23.60085,22.2036,20.24846,20.61553,20.80865,18.43909,15.0,12.72792,13.45362,11.31371,9.89949,10.0,9.43398,8.06226,6.7082,5.09902,4.12311,5.09902,2.0,4.12311,2.82843,2.23607,3.60555,4.0,6.32456,8.24621,7.28011,9.21954,9.48683,11.40175,10.44031,10.19804,11.0,13.15295,12.16553,13.0384,13.15295,14.0,13.0384,14.14214,14.0,14.0,15.0,16.0,15.13275,14.03567,15.13275,14.86607,12.64911,13.41641,27.78489,28.63564,29.15476,29.41088,32.01562,29.42788,31.257,32.14032,34.1321,32.24903,34.0147,38.0526,38.01316,39.01282,39.05125,38.32754,40.1995,40.31129,41.4367,41.97618,40.02499,42.2019,43.17407,42.44997,42.72002,42.72002,38.32754,40.26164,39.84972,37.64306,37.94733,37.64306,35.73514,31.32092,32.01562,32.28002,31.57531,30.14963,26.01922,28.01785,27.07397,27.0,25.17936,23.76973,26.24881,24.04163,25.07987,27.73085,28.17801,26.83282,27.29469,28.84441,30.0,30.23243,30.0,31.06445,31.40064
8.60233,7.81025,7.81025,7.81025,6.40312,6.40312,5.65685,5.65685,5.65685,4.24264,5.0,4.24264,3.60555,3.60555,3.60555,3.16228,3.16228,3.16228,2.0,2.0,2.0,2.23607,2.23607,2.23607,1.41421,2.23607,2.23607,2.0,3.0,3.16228,3.0,4.0,4.0,4.0,4.0,4.12311,4.12311,4.12311,5.0,5.0,5.09902,5.09902,5.09902,5.09902,5.09902,5.09902,5.09902,5.38516,5.38516,5.38516,5.0,5.0,61.58734,56.22277,54.91812,52.43091,47.43416,49.39636,45.0,44.20407,38.01316,38.83298,40.36087,34.66987,33.24154,28.3196,28.42534,24.04163,23.34524,23.85372,19.10497,19.79899,16.12452,13.15295,13.0,7.81025,10.04988,6.0,6.08276,8.06226,9.84886,10.29563,11.40175,14.31782,14.31782,15.0333,17.08801,20.09975,17.0,19.0,22.02272,25.07987,24.33105,24.02082,25.4951,25.31798,26.07681,26.07681,27.65863,27.89265,27.20294,25.96151,29.12044,27.20294,26.92582,27.29469,26.40076,23.85372,27.20294,53.03772,58.89822,55.60576,60.46487,60.83584,65.39113,59.80803,66.12866,68.30813,67.35726,71.30919,73.5459,74.95332,75.95393,82.29824,77.78175,83.29466,79.02531,85.0,86.02325,82.02439,84.05355,83.21658,85.28775,80.62258,83.60024,81.7435,81.7435,74.1485,78.26238,74.96666,75.31268,69.87131,68.24954,66.75328,61.40033,60.20797,61.07373,53.08484,53.03772,50.24938,52.61179,53.36666,53.45091,51.92302,47.92703,49.39636,55.03635,52.35456,52.15362,54.91812,59.20304,60.60528,57.98276,63.00794,58.89822,63.51378
8.24621,8.06226,8.24621,8.24621,7.07107,7.07107,6.08276,6.08276,5.09902,5.09902,5.09902,4.12311,4.12311,3.16228,3.16228,3.16228,2.23607,2.23607,2.23607,1.41421,2.23607,1.0,1.41421,1.0,1.0,1.41421,1.41421,2.23607,2.23607,2.82843,2.82843,3.60555,3.60555,3.60555,2.82843,3.60555,4.24264,3.60555,3.60555,4.47214,4.24264,4.47214,4.47214,4.47214,4.47214,4.47214,4.47214,4.12311,4.12311,4.0,4.0,4.0,61.13101,54.81788,52.20153,53.36666,53.15073,50.01,47.07441,43.73786,40.79216,37.12142,43.41659,32.55764,32.28002,29.27456,28.86174,25.4951,25.63201,24.04163,24.18677,18.86796,17.08801,17.20465,16.97056,10.63015,10.81665,11.6619,9.84886,8.06226,8.06226,7.0,7.61577,10.04988,13.89244,16.40122,16.55295,16.64332,18.43909,23.85372,20.51828,23.60085,21.63331,23.02173,23.85372,28.17801,25.55386,26.07681,24.16609,26.92582,27.29469,30.08322,26.92582,25.0,27.45906,26.1725,26.0,24.18677,23.19483,55.9464,55.47071,58.79626,61.52235,60.1415,64.03124,65.19202,64.14047,68.42514,70.66116,69.77822,74.84651,77.62087,78.18568,82.86133,77.46612,83.95237,84.5281,82.20097,85.09407,86.00581,87.02299,82.02439,84.14868,85.28775,82.29824,85.47514,84.17244,80.89499,75.9276,75.95393,71.80529,69.857,68.65858,67.68309,63.34824,59.84146,58.54912,57.21888,61.20457,53.15073,55.14526,52.00961,56.22277,52.61179,52.63079,55.54278,55.36244,54.70832,58.24088,58.87274,60.16644,60.16644,60.40695,61.84658,64.56005,62.39391
8.94427,8.94427,7.61577,7.61577,6.7082,6.7082,5.83095,5.83095,5.83095,5.0,5.0,5.0,5.0,4.24264,4.24264,3.60555,3.60555,3.60555,2.23607,2.23607,2.23607,3.16228,3.0,3.0,2.0,3.16228,3.16228,3.16228,3.60555,3.60555,3.60555,3.60555,4.24264,4.24264,4.24264,5.0,5.0,5.0,4.24264,5.0,5.0,5.83095,5.0,5.83095,5.38516,5.83095,5.38516,5.38516,5.38516,5.38516,5.09902,5.0,60.63827,53.75872,55.7853,51.66237,46.69047,48.6621,45.12206,46.09772,39.81206,41.7732,38.8973,35.90265,32.28002,30.08322,31.62278,25.70992,24.04163,23.76973,26.0,18.60108,20.80865,16.40122,17.49286,12.04159,12.04159,14.86607,11.6619,10.77033,13.34166,11.0,13.34166,16.27882,11.04536,15.81139,17.49286,18.43909,21.09502,21.54066,17.88854,21.47091,20.12461,22.47221,25.94224,23.70654,24.69818,28.17801,30.88689,26.92582,26.24881,25.70992,29.83287,28.63564,27.65863,28.16026,25.31798,26.68333,27.29469,52.69725,58.41233,58.0,63.70243,59.64059,65.45991,64.14047,63.06346,67.62396,66.30988,70.2282,75.0,75.69016,75.31268,81.02469,74.8131,85.58621,80.30567,84.29116,82.05486,82.21922,87.28115,82.49242,84.59314,80.89499,83.02409,78.08969,82.9759,78.44743,75.96052,70.34202,72.8011,68.30813,67.6757,64.56005,61.68468,57.97413,55.9017,57.72348,51.97115,52.34501,50.35871,55.0,52.15362,50.15974,53.60037,50.9902,52.7731,56.51548,51.92302,54.57105,57.28001,62.93648,55.65968,55.36244,63.78871,62.8172
8.60233,7.81025,7.81025,6.40312,6.40312,6.40312,6.40312,5.0,5.65685,4.24264,5.0,4.24264,3.60555,3.60555,3.16228,3.60555,3.16228,3.16228,3.0,3.0,2.0,2.23607,3.16228,2.23607,2.82843,3.16228,3.60555,3.60555,3.60555,3.60555,3.60555,4.47214,4.47214,4.47214,5.0,5.0,5.0,5.0,5.0,5.65685,5.65685,5.65685,5.65685,5.65685,5.0,5.83095,5.83095,6.40312,5.83095,5.38516,5.38516,5.09902,57.38467,50.32892,51.73973,47.20169,44.40721,46.2277,42.72002,38.18377,32.75668,35.0,31.89044,31.14482,27.65863,25.45584,23.32381,23.60085,19.10497,20.80865,17.88854,17.08801,14.56022,20.24846,13.15295,10.0,11.04536,13.0,13.34166,9.21954,10.0,13.60147,12.80625,19.23538,13.89244,20.12461,18.38478,18.60108,20.59126,23.25941,21.9545,19.31321,24.18677,28.84441,25.94224,26.07681,26.41969,29.41088,23.85372,29.20616,27.80288,26.90725,30.61046,28.3196,28.30194,29.15476,27.73085,30.01666,28.79236,57.00877,56.7186,61.13101,65.45991,65.79514,60.41523,64.49806,64.07027,68.8186,67.35726,72.91776,76.48529,78.56844,77.89737,79.39773,78.87332,82.20097,84.05355,82.49242,80.5295,85.42833,85.49269,84.8646,85.44004,85.3815,83.81527,81.59657,78.1025,74.73286,72.8011,75.9276,73.1642,65.9242,66.91039,66.09841,63.34824,57.27128,54.12024,54.34151,55.36244,52.20153,49.39636,51.10773,47.88528,47.01064,41.23106,46.40043,51.08816,53.07542,53.8145,53.07542,54.48853,56.63921,55.15433,58.72819,59.46427,58.79626
8.24621,8.24621,8.24621,7.28011,7.61577,7.28011,6.32456,6.32456,6.32456,5.38516,5.38516,5.38516,4.47214,5.0,3.60555,4.24264,3.60555,2.82843,3.60555,3.60555,3.60555,3.16228,2.23607,3.16228,3.16228,3.0,3.16228,4.12311,4.12311,4.47214,4.12311,4.12311,4.12311,4.47214,4.47214,4.47214,5.38516,5.09902,5.09902,5.09902,5.09902,5.38516,5.09902,6.08276,5.09902,6.08276,6.0,5.0,5.0,5.09902,5.09902,5.38516,28.16026,27.65863,26.92582,24.73863,24.18677,23.19483,23.5372,20.88061,20.88061,19.10497,18.43909,17.72005,14.31782,16.76305,14.86607,10.29563,11.7047,11.18034,8.94427,9.21954,8.60233,9.43398,7.81025,7.2111,6.32456,7.28011,6.32456,8.0,9.05539,6.0,6.0,8.0,10.44031,10.77033,9.48683,11.40175,11.40175,12.64911,13.0,10.44031,12.64911,11.7047,14.31782,13.34166,13.60147,12.36932,13.92839,14.56022,15.0333,13.0,14.31782,16.03122,15.0,14.31782,15.52417,12.36932,14.31782,28.23119,29.15476,32.44996,34.05877,33.97058,32.55764,33.42155,35.80503,33.83785,36.71512,38.07887,35.34119,39.0,40.16217,40.80441,41.48494,42.2019,41.59327,42.57934,42.42641,42.10701,43.04649,45.01111,42.0119,42.04759,42.04759,41.59327,41.19466,41.4367,37.48333,35.90265,35.90265,35.69314,32.38827,32.55764,31.57531,30.59412,28.44293,28.07134,25.01999,25.01999,25.0,24.08319,25.31798,23.34524,24.5153,25.96151,24.69818,26.57066,26.92582,26.24881,26.57066,24.69818,28.79236,28.79236,27.85678,29.73214
9.48683,8.544,8.544,7.61577,7.28011,6.32456,6.32456,6.32456,6.08276,5.38516,5.09902,5.09902,5.09902,4.12311,4.0,4.0,4.12311,3.0,3.16228,3.16228,3.16228,2.23607,2.82843,2.23607,2.82843,2.23607,3.16228,2.23607,3.16228,3.16228,3.16228,3.16228,3.16228,3.16228,4.12311,4.12311,4.12311,4.12311,4.12311,4.12311,5.09902,5.38516,4.12311,4.47214,4.47214,4.47214,5.0,5.0,5.0,4.24264,5.0,5.0,58.59181,51.88449,55.07268,49.1935,46.51881,49.1935,43.41659,45.18849,39.82462,38.48376,33.54102,33.83785,30.46309,27.29469,25.55386,22.47221,25.0,21.37756,21.18962,19.0,18.0,15.29706,18.43909,14.31782,15.26434,11.40175,13.41641,16.27882,13.89244,14.42221,14.76482,17.0,15.52417,21.18962,18.68154,21.37756,21.37756,21.37756,23.5372,24.73863,25.29822,28.4605,24.04163,28.4605,27.20294,25.0,26.92582,27.20294,28.4605,28.79236,28.63564,24.69818,29.20616,23.43075,29.69848,26.40076,24.83948,56.56854,59.21149,62.07254,64.62971,64.32729,67.35726,65.25335,68.30813,69.857,73.1642,71.58911,74.30343,77.41447,80.1561,82.66196,77.98718,85.42833,82.87943,84.8646,84.14868,83.45058,87.86353,86.05231,86.60831,83.48653,79.88116,82.37718,79.92496,74.43118,75.66373,72.06941,72.94518,64.49806,70.72482,66.88797,59.40539,59.20304,52.20153,52.20153,52.80152,53.75872,50.9902,47.50789,53.41348,50.60632,47.85394,51.88449,49.64877,58.13777,55.03635,54.12024,56.35601,59.61543,54.08327,61.46544,61.7414,64.88451
8.544,8.544,8.544,8.544,7.61577,7.28011,6.32456,6.32456,5.83095,5.38516,5.83095,5.38516,5.0,5.0,4.24264,4.24264,4.24264,3.60555,3.60555,3.60555,3.16228,3.16228,3.0,3.16228,3.16228,3.0,3.16228,4.12311,4.12311,4.12311,4.12311,4.12311,5.09902,5.09902,4.12311,4.12311,5.09902,5.09902,5.0,5.09902,5.09902,5.09902,5.0,6.08276,6.0,5.0,5.0,5.09902,5.09902,5.38516,5.38516,5.38516,55.31727,57.70615,55.7315,52.7731,48.05206,45.39824,44.28318,42.29657,41.4367,36.34556,38.63936,33.54102,32.57299,31.62278,27.45906,27.85678,21.93171,24.69818,20.12461,16.64332,18.38478,18.38478,14.14214,16.97056,13.92839,13.92839,15.29706,20.0,16.27882,16.27882,18.24829,19.41649,18.11077,18.97367,21.18962,23.76973,21.54066,22.80351,24.04163,27.89265,30.80584,26.4764,27.89265,30.80584,31.7805,29.41088,27.29469,27.07397,27.45906,31.40064,28.0,29.06888,29.27456,30.80584,28.44293,25.63201,27.73085,54.81788,62.96825,62.20129,60.21628,69.64194,63.52952,61.46544,71.51224,71.7844,68.68042,72.56721,74.52516,78.77182,77.16217,78.40918,82.1523,83.02409,82.02439,82.05486,85.28775,82.73452,87.13208,85.70298,82.0,82.86133,87.64131,80.65358,82.21922,77.7946,72.44998,70.5762,69.89278,69.07966,65.19202,63.69458,61.68468,54.70832,53.85165,52.63079,55.10898,51.97115,53.08484,55.0,54.03702,50.01,52.39275,52.46904,54.23099,55.54278,52.61179,58.46366,59.90826,61.61169,60.41523,61.98387,57.87055,64.13267
7.81025,7.81025,7.81025,6.40312,6.40312,6.40312,5.83095,5.83095,5.38516,4.47214,4.47214,4.12311,4.12311,4.12311,4.0,4.0,3.0,4.0,3.16228,3.16228,3.16228,3.16228,3.60555,3.60555,3.60555,4.24264,4.24264,5.0,5.0,5.0,5.0,5.0,5.0,5.65685,5.65685,5.65685,5.65685,5.65685,5.65685,5.65685,6.40312,5.83095,6.40312,5.83095,5.83095,5.83095,6.7082,5.38516,5.38516,6.32456,5.09902,5.09902,53.8145,54.20332,52.00961,49.67897,46.61545,45.0,44.40721,40.80441,37.48333,37.64306,28.42534,26.41969,27.58623,25.6125,25.0,26.92582,23.85372,21.09502,14.14214,20.24846,18.43909,16.27882,17.02939,15.0333,16.27882,21.2132,14.76482,16.15549,18.43909,22.47221,22.47221,23.85372,22.82542,24.83948,26.07681,27.65863,26.90725,27.65863,32.64966,27.80288,27.80288,32.20248,32.01562,30.23243,33.28663,32.20248,34.98571,32.44996,29.06888,32.75668,31.95309,28.79236,32.01562,31.7805,34.05877,29.06888,30.26549,56.0,62.80127,61.40033,67.05222,65.0,71.11962,65.36819,67.20119,70.45566,67.80118,75.9276,72.13876,78.51751,75.00667,82.21922,77.80103,85.8021,79.61156,83.23461,84.53402,81.88406,86.8159,82.46211,83.57033,81.27115,79.37884,76.844,78.16009,73.08215,72.27724,68.44706,65.96969,65.73431,62.0967,56.88585,58.24088,55.36244,53.75872,50.28916,50.9902,50.69517,51.31277,50.77401,46.40043,49.57822,51.40039,48.16638,51.66237,53.03772,53.07542,59.4138,58.25805,60.82763,58.0517,60.87693,66.48308,63.70243
8.544,7.61577,7.28011,6.08276,6.32456,5.09902,6.08276,5.09902,5.0,5.0,5.09902,4.12311,4.12311,4.12311,4.47214,4.47214,3.60555,4.47214,4.24264,4.24264,4.24264,3.60555,4.24264,4.47214,4.47214,5.38516,5.83095,6.32456,5.38516,6.32456,6.32456,6.32456,6.32456,6.7082,6.7082,6.7082,6.7082,7.61577,6.7082,6.7082,7.2111,6.40312,7.2111,6.40312,6.40312,7.07107,7.07107,6.40312,7.2111,5.83095,5.83095,5.38516,52.81098,49.76947,44.59821,47.43416,43.9659,43.32436,37.0,35.34119,30.41381,32.98485,26.1725,28.16026,28.07134,24.08319,19.0263,19.64688,18.68154,18.38478,20.59126,20.0,19.20937,20.0,13.89244,16.27882,19.31321,21.9545,24.16609,21.84033,22.56103,27.20294,28.01785,28.44293,28.28427,26.1725,35.0571,30.14963,30.14963,33.01515,34.52535,35.51056,36.22154,35.22783,36.13862,38.47077,41.0,37.69615,35.73514,34.17601,32.01562,35.1141,36.05551,34.48188,32.24903,33.28663,36.76955,38.20995,33.30165,61.13101,63.15061,66.48308,65.19202,66.70832,66.64833,67.74216,68.50547,73.40981,73.23933,73.66139,75.69016,81.34494,77.7946,82.75869,82.32861,78.40918,83.48653,78.81624,81.27115,77.17513,84.38009,81.84131,77.82031,82.76473,77.83315,78.18568,73.40981,69.64194,67.77905,67.41662,61.84658,61.32699,52.55473,52.3259,54.626,51.0,48.76474,46.04346,44.20407,43.84062,39.62323,43.93177,44.94441,36.40055,47.43416,46.51881,52.92447,48.10405,49.39636,49.98,52.92447,53.85165,54.23099,56.46238,57.00877,57.24509
6.08276,6.08276,5.0,5.0,4.0,4.0,4.0,4.12311,3.16228,3.60555,3.16228,2.82843,2.82843,2.82843,3.16228,3.16228,3.16228,3.16228,4.0,4.0,4.0,4.12311,4.12311,5.09902,4.12311,5.09902,5.09902,6.32456,6.32456,6.32456,6.32456,7.28011,6.32456,6.08276,6.08276,6.08276,6.08276,7.07107,7.07107,7.0,6.08276,6.08276,6.0,6.0,6.0,6.08276,6.08276,6.08276,5.09902,5.38516,5.38516,5.0,43.04649,44.10215,41.04875,37.05401,36.01389,34.1321,30.01666,29.15476,28.63564,24.33105,24.04163,25.29822,22.36068,20.59126,19.20937,19.10497,21.26029,19.69772,18.68154,18.68154,19.41649,19.41649,20.22375,19.10497,23.0,21.0238,28.4605,26.57066,28.4605,29.83287,29.15476,34.88553,32.57299,31.95309,34.98571,33.61547,37.94733,40.31129,39.92493,38.62642,40.31129,37.64306,41.48494,38.83298,40.80441,39.62323,38.83298,39.05125,36.87818,37.33631,38.20995,36.12478,36.01389,34.05877,34.52535,32.98485,31.01612,63.15061,63.60031,68.00735,70.77429,68.47627,70.17834,71.28113,72.47068,75.43209,73.87828,80.05623,79.20859,82.03658,82.87943,83.86895,88.40814,88.60023,85.98256,83.00602,85.70298,84.53402,83.00602,85.86617,81.00617,80.62258,77.41447,78.29432,72.49828,72.01389,69.46222,65.0,64.2573,60.53924,57.38467,57.69749,49.64877,47.88528,48.41487,47.01064,44.68781,40.36087,42.52058,41.04875,40.31129,42.04759,37.12142,38.27532,40.26164,44.38468,46.27094,46.27094,49.16299,47.67599,50.24938,49.36598,48.04165,51.62364
5.83095,5.83095,5.83095,5.0,4.24264,4.24264,4.47214,3.60555,4.47214,4.12311,4.12311,4.0,4.12311,4.0,4.12311,5.09902,4.12311,5.38516,4.47214,5.0,5.83095,5.0,6.40312,6.40312,5.83095,7.2111,7.81025,7.07107,7.07107,8.48528,7.81025,7.81025,7.81025,7.81025,8.48528,8.60233,8.60233,8.60233,8.06226,7.81025,8.60233,8.60233,7.2111,8.06226,8.06226,8.06226,7.61577,7.61577,7.28011,6.32456,7.07107,7.07107,44.18144,38.27532,37.64306,35.1141,30.41381,29.52965,32.69557,33.61547,27.45906,19.20937,25.4951,24.75884,21.93171,19.69772,23.08679,22.13594,22.56103,24.02082,21.37756,21.2132,24.5153,21.18962,22.13594,28.17801,31.01612,25.55386,31.30495,33.6006,32.20248,35.4683,35.4683,34.65545,37.64306,39.05125,37.64306,39.82462,41.04875,43.01163,39.11521,43.41659,43.56604,42.52058,43.04649,42.72002,43.04649,47.43416,44.65423,38.91015,40.31129,40.31129,39.39543,37.36308,37.33631,32.57299,34.71311,37.21559,34.05877,62.1289,65.51336,64.28841,68.94926,72.49828,69.35416,67.53518,73.24616,72.94518,76.02631,76.2168,79.64923,82.46211,82.21922,83.54639,84.8646,87.69265,81.56592,85.04117,89.4986,85.60374,84.40379,86.26703,81.40025,82.37718,80.70936,75.591,72.47068,72.20111,66.57327,64.84597,59.94164,58.83026,53.53504,58.30952,50.77401,46.09772,45.45327,41.01219,43.27817,41.04875,38.07887,35.77709,37.0,39.56008,35.90265,36.0,37.12142,38.0,43.18565,40.04997,43.17407,44.18144,45.12206,44.40721,43.18565,51.78803
5.38516,5.38516,5.38516,4.47214,4.12311,4.12311,4.12311,3.0,4.0,3.16228,3.16228,3.16228,2.82843,2.82843,2.82843,3.60555,3.60555,3.60555,3.16228,4.12311,4.12311,4.12311,4.12311,5.0,6.08276,5.0,6.08276,6.0,6.0,7.07107,7.0,7.07107,7.0,7.0,6.08276,6.08276,6.08276,7.07107,6.08276,6.32456,6.32456,6.32456,7.28011,5.38516,5.38516,5.38516,5.83095,5.83095,5.83095,5.0,5.0,5.0,38.83298,36.87818,37.12142,32.69557,36.67424,33.10589,30.8707,25.96151,23.34524,23.19483,27.01851,26.30589,23.02173,17.11724,19.41649,19.31321,15.81139,22.36068,21.93171,22.47221,26.92582,23.70654,21.54066,22.47221,21.93171,25.07987,32.31099,34.71311,32.75668,36.87818,38.60052,40.16217,36.49658,36.49658,36.68787,40.5216,36.87818,41.76123,39.84972,41.78516,40.8534,40.31129,39.56008,39.56008,41.14608,38.01316,41.59327,34.88553,39.44617,38.94868,37.44329,35.0,34.82815,36.06938,33.30165,31.38471,31.62278,63.06346,67.47592,68.68042,73.53911,69.6563,72.20111,76.00658,73.78347,78.89233,73.82412,79.62412,82.46211,84.58132,83.21658,85.16455,83.67795,87.09765,83.95237,90.24411,84.59314,83.38465,88.36289,85.2115,80.025,78.02564,79.15807,80.1561,81.49847,71.11259,73.10951,64.07027,66.1211,59.07622,56.32051,52.00961,50.01,45.04442,44.10215,42.19005,43.17407,40.26164,36.71512,40.81666,38.28838,38.01316,39.20459,37.53665,36.06938,39.82462,40.22437,43.41659,47.50789,51.31277,45.65085,49.09175,45.65085,40.81666
6.08276,7.28011,6.32456,5.38516,5.38516,5.38516,5.38516,4.47214,5.0,4.24264,4.24264,4.24264,5.0,4.47214,4.47214,4.47214,4.47214,4.47214,5.09902,5.09902,5.0,6.0,5.0,6.0,6.0,6.0,6.0,7.0,7.07107,7.07107,7.07107,7.0,8.0,7.0,7.0,7.0,7.07107,7.07107,7.07107,7.07107,7.07107,6.08276,7.07107,7.28011,6.32456,6.32456,6.32456,6.7082,5.83095,6.40312,5.0,5.0,46.09772,40.1995,35.35534,33.13608,37.01351,34.36568,31.7805,25.63201,27.89265,26.92582,21.84033,26.0,24.18677,20.24846,20.51828,19.10497,23.60085,20.80865,21.47091,23.25941,20.39608,23.32381,23.19483,21.0238,25.0,28.16026,31.14482,29.06888,31.06445,33.0,34.0,33.0,35.17101,33.24154,38.11824,38.47077,35.22783,37.01351,39.05125,40.0125,39.01282,40.60788,38.01316,41.19466,39.11521,33.52611,37.85499,35.44009,34.48188,38.62642,34.0,32.69557,34.88553,34.88553,33.01515,25.4951,29.83287,65.80274,68.41053,70.85901,70.25667,74.0,73.17103,73.5527,77.12976,70.88018,77.62087,78.74643,80.41144,84.15462,86.16264,79.62412,88.50989,84.72308,85.98256,84.59905,87.9659,85.79627,84.89994,84.17244,79.20859,79.19596,77.23341,77.98718,71.8401,73.40981,69.40461,66.06815,63.24555,60.46487,52.43091,55.44367,47.01064,46.8615,45.96738,38.20995,40.22437,38.27532,37.12142,35.35534,38.8973,34.17601,38.32754,36.87818,37.48333,42.0119,40.11234,42.0119,43.04649,48.16638,50.03998,45.04442,43.10452,47.01064
7.07107,7.07107,6.08276,6.08276,5.0,5.09902,5.09902,4.12311,4.12311,3.16228,3.16228,2.23607,2.23607,2.82843,1.41421,2.23607,2.0,1.0,1.0,1.0,1.41421,1.41421,2.23607,2.23607,2.23607,3.16228,3.60555,3.16228,3.60555,3.60555,3.60555,4.47214,4.47214,4.47214,5.0,5.0,5.0,4.47214,4.47214,4.47214,5.0,5.0,3.60555,5.0,5.65685,4.24264,5.0,3.60555,3.60555,3.60555,4.47214,4.12311,46.04346,41.04875,41.10961,38.0,42.29657,31.06445,35.35534,32.24903,28.28427,26.4764,22.80351,23.5372,20.12461,18.35756,17.08801,14.14214,14.21267,13.60147,12.72792,12.0,13.0384,9.05539,12.16553,8.544,13.0,12.52996,12.80625,16.40122,17.80449,21.26029,21.63331,21.40093,21.2132,22.80351,25.55386,26.62705,24.18677,27.80288,27.20294,31.14482,28.3196,30.80584,27.01851,28.84441,29.83287,31.82766,30.61046,32.52691,30.41381,30.41381,28.6007,27.01851,27.78489,24.69818,23.25941,24.35159,26.57066,64.07027,66.61081,66.70832,69.57011,72.61543,74.68601,72.94518,74.94665,76.55064,79.88116,81.60882,79.64923,84.20214,81.05554,85.56284,84.89994,89.80535,88.52683,86.31338,91.60786,85.60374,90.80198,83.81527,83.23461,83.76157,84.87638,80.99383,81.12336,74.79305,72.71864,68.60029,65.19202,62.68174,62.76942,57.2014,52.69725,50.44799,48.83646,43.93177,44.68781,41.10961,41.40048,42.04759,42.72002,41.4367,35.51056,39.29377,42.57934,45.01111,43.01163,44.18144,47.16991,47.04253,45.39824,49.0102,51.24451,53.00943
6.7082,5.83095,5.83095,4.47214,5.0,5.0,4.24264,4.24264,2.82843,2.82843,3.16228,2.23607,2.23607,2.0,2.0,2.23607,2.23607,2.82843,2.23607,2.82843,2.23607,3.60555,3.60555,3.16228,3.16228,4.47214,5.09902,5.09902,5.0,5.09902,5.09902,5.09902,5.09902,5.09902,6.08276,6.08276,6.08276,6.08276,6.08276,6.08276,6.32456,6.32456,6.32456,6.32456,6.32456,6.32456,6.32456,5.38516,5.83095,5.0,5.0,5.65685,50.69517,44.01136,38.27532,33.61547,36.67424,33.54102,34.43835,28.30194,31.38471,22.80351,26.92582,20.0,17.20465,19.10497,13.45362,13.41641,15.29706,11.18034,9.89949,11.18034,14.03567,16.40122,10.63015,12.08305,15.23155,15.13275,17.0,15.23155,17.46425,23.08679,21.58703,24.18677,28.07134,23.5372,24.18677,27.45906,23.08679,28.16026,28.44293,30.14963,34.36568,32.38827,30.08322,33.54102,29.83287,32.89377,31.57531,30.80584,32.98485,30.08322,33.10589,29.96665,29.15476,26.40076,23.85372,26.90725,29.0,66.00758,64.19502,65.76473,67.26812,71.16881,69.57011,73.92564,72.23573,78.29432,72.47068,79.75588,78.89233,84.59905,85.70298,84.59905,89.40358,84.02381,88.23831,83.09633,87.11487,84.95881,89.80535,87.0,85.70298,85.14693,77.83315,80.65978,79.30952,75.16648,71.8401,72.34639,65.11528,63.78087,63.03174,60.87693,52.34501,47.42362,49.20366,47.70744,45.17743,40.24922,41.23106,37.85499,41.4367,39.62323,48.0,42.04759,40.31129,46.32494,42.95346,41.4367,45.60702,47.80167,43.32436,50.0,50.32892,47.75982
5.65685,5.65685,5.0,4.24264,4.24264,3.60555,3.60555,2.82843,2.23607,2.23607,2.0,2.0,2.0,1.41421,1.41421,1.41421,2.23607,2.23607,2.0,3.0,2.0,3.0,3.0,4.0,4.12311,4.12311,4.12311,5.09902,5.09902,5.09902,5.09902,5.09902,6.08276,5.09902,6.08276,6.08276,6.32456,6.08276,6.08276,6.0,6.08276,6.08276,6.0,6.0,6.08276,6.0,6.0,5.09902,5.09902,5.09902,5.09902,4.47214,21.93171,18.43909,18.38478,18.43909,16.27882,15.26434,10.81665,14.21267,12.80625,12.04159,9.43398,10.0,7.61577,6.7082,8.544,5.09902,4.0,3.16228,3.16228,2.23607,5.0,5.09902,6.32456,7.0,6.0,9.21954,8.0,10.19804,9.48683,12.64911,12.36932,11.18034,14.56022,13.0,13.92839,14.86607,14.86607,17.46425,17.46425,14.31782,15.52417,15.29706,15.52417,17.46425,16.12452,15.13275,17.26268,16.49242,13.34166,17.0,15.0,16.0,15.0333,14.03567,13.15295,15.52417,11.40175,31.32092,32.98485,34.52535,34.23449,37.01351,36.01389,37.01351,37.12142,37.21559,38.47077,42.95346,41.97618,41.0,42.72002,42.44997,42.05948,45.88028,43.9659,45.88028,46.09772,44.01136,45.31004,43.38202,43.82921,42.94182,42.54409,39.11521,40.81666,37.12142,38.91015,35.35534,34.43835,33.54102,29.96665,29.96665,25.4951,26.24881,24.69818,23.5372,22.56103,20.39608,20.02498,20.0,20.09975,21.84033,19.69772,19.31321,21.0238,21.63331,20.59126,22.2036,23.60085,24.41311,24.08319,25.80698,24.20744,23.60085
6.32456,5.38516,6.32456,5.38516,5.09902,4.12311,4.12311,4.12311,3.0,3.0,3.0,2.0,2.0,2.23607,2.23607,1.41421,1.41421,1.0,1.0,2.0,2.23607,2.23607,2.23607,2.82843,3.16228,2.82843,4.24264,4.24264,3.60555,5.0,3.60555,4.24264,4.24264,4.24264,5.0,5.65685,5.0,5.0,5.0,5.0,5.0,5.0,5.0,5.0,4.47214,4.47214,5.38516,4.12311,4.12311,4.12311,4.12311,4.0,23.70654,20.24846,19.69772,17.08801,17.46425,15.52417,13.34166,15.52417,12.0,12.36932,10.04988,10.19804,10.04988,8.0,6.08276,5.09902,5.38516,4.47214,3.60555,2.23607,4.12311,5.0,3.16228,5.0,6.7082,7.2111,8.06226,10.63015,10.63015,10.81665,10.81665,10.63015,12.20656,12.80625,12.80625,12.80625,14.14214,16.40122,13.60147,14.21267,14.14214,13.45362,13.45362,14.86607,15.6205,15.0,16.97056,15.6205,14.86607,15.55635,15.26434,14.42221,13.0384,12.52996,12.08305,11.7047,12.16553,33.30165,35.0,32.75668,36.23534,34.9285,37.33631,36.05551,35.73514,37.10795,37.10795,41.0,40.31129,39.81206,44.18144,43.41659,43.10452,44.28318,43.18565,45.09989,42.04759,42.0,43.0,42.04759,43.28972,43.18565,41.4367,41.59327,39.20459,38.20995,37.21559,32.06244,35.51056,32.06244,30.06659,30.0,24.0,24.0,23.08679,23.34524,21.58703,20.61553,19.69772,19.23538,20.24846,17.80449,20.0,22.2036,18.35756,20.24846,18.86796,22.36068,21.93171,24.69818,21.09502,24.16609,24.35159,25.0
7.07107,6.0,6.0,5.09902,5.0,4.12311,4.12311,4.12311,3.16228,2.23607,2.23607,2.23607,1.41421,1.41421,1.0,1.0,1.0,1.41421,1.41421,1.41421,2.23607,2.23607,2.23607,2.23607,2.23607,3.16228,4.12311,4.12311,4.12311,5.09902,4.12311,4.12311,4.12311,5.09902,5.38516,5.38516,5.38516,5.09902,5.09902,4.12311,5.38516,5.38516,5.38516,5.38516,4.47214,4.47214,4.47214,4.24264,5.0,4.24264,4.24264,3.60555,20.22375,19.41649,17.26268,18.11077,18.02776,16.49242,16.49242,14.56022,9.84886,11.6619,10.81665,10.0,7.81025,5.83095,6.40312,4.24264,6.7082,5.83095,3.0,3.60555,2.82843,5.0,5.65685,6.7082,6.7082,7.61577,7.28011,7.61577,9.48683,10.19804,11.04536,12.04159,13.15295,13.0,13.15295,14.14214,15.0333,15.13275,17.02939,15.0333,17.02939,15.0333,15.52417,15.0333,11.7047,15.0333,16.12452,15.13275,15.52417,16.12452,15.52417,15.81139,13.92839,13.0384,11.6619,12.08305,12.20656,32.69557,34.48188,35.35534,35.60899,39.20459,36.79674,36.79674,37.48333,38.8973,40.60788,40.45986,43.01163,43.01163,44.10215,42.72002,44.65423,43.60046,45.79301,43.909,45.65085,46.09772,44.77723,45.17743,42.54409,42.54409,42.54409,40.31129,38.48376,40.71855,37.57659,35.34119,32.69557,31.76476,29.52965,29.06888,25.94224,26.07681,25.6125,22.67157,20.51828,20.80865,20.24846,21.63331,19.23538,18.02776,17.46425,19.41649,18.11077,19.23538,19.0,21.09502,22.2036,22.09072,23.34524,22.36068,24.5153,25.31798
5.09902,5.09902,4.12311,4.12311,4.12311,3.0,3.0,2.0,3.16228,2.23607,2.23607,2.23607,2.23607,2.23607,2.23607,2.0,3.0,3.0,3.0,3.16228,3.16228,4.12311,4.12311,4.12311,4.12311,4.47214,4.47214,4.47214,4.47214,5.38516,5.38516,5.83095,5.83095,5.38516,6.7082,6.7082,6.7082,5.38516,6.32456,6.32456,6.32456,6.32456,6.32456,6.32456,6.32456,6.08276,6.08276,5.0,5.0,5.0,5.09902,5.09902,38.91015,40.31129,41.59327,35.1141,36.68787,34.53983,26.40076,22.84732,25.70992,20.39608,19.10497,14.03567,19.0263,16.49242,13.34166,8.94427,10.63015,11.40175,11.18034,13.0384,13.0,11.18034,17.02939,13.0,18.68154,20.09975,20.24846,19.64688,21.47091,22.47221,23.85372,22.84732,25.23886,25.05993,32.24903,29.54657,23.32381,30.67572,31.90611,30.61046,34.53983,31.76476,28.79236,31.30495,31.90611,29.96665,29.15476,35.34119,31.38471,32.38827,30.08322,33.95585,31.14482,24.02082,28.07134,30.26549,27.45906,63.70243,65.76473,72.34639,72.42237,74.94665,72.01389,70.66116,75.58439,77.07788,81.9329,81.90849,84.20214,86.34813,84.64632,92.41753,90.25519,86.97701,90.79648,86.46965,91.44397,89.27486,88.09086,92.00543,90.0,86.46965,83.02409,81.49847,79.40403,83.38465,76.1643,72.56032,68.35934,64.12488,62.20129,60.00833,55.00909,51.0392,48.0,44.40721,42.19005,40.60788,45.22168,39.39543,37.57659,34.4093,36.87818,36.12478,40.36087,40.22437,41.10961,46.04346,44.77723,43.909,40.81666,49.64877,49.24429,46.09772
7.2111,5.83095,5.83095,5.83095,5.0,5.0,4.24264,4.24264,4.24264,3.60555,3.60555,3.16228,3.16228,3.16228,3.0,3.0,3.0,3.0,3.16228,3.16228,3.16228,3.60555,2.82843,3.60555,4.24264,3.60555,4.24264,4.24264,4.24264,5.0,5.0,5.65685,5.65685,5.65685,5.0,5.0,5.0,5.0,5.0,5.0,5.65685,5.0,5.0,5.0,5.0,5.0,5.38516,5.38516,5.38516,5.09902,5.09902,5.09902,23.4094,21.93171,20.61553,17.46425,18.78829,16.55295,16.64332,16.55295,13.89244,12.20656,13.60147,11.40175,10.0,8.48528,8.60233,7.81025,7.28011,6.32456,8.06226,7.0,7.28011,6.0,6.32456,8.544,7.28011,8.60233,8.06226,10.0,11.31371,7.81025,11.40175,12.04159,13.45362,12.20656,13.0384,15.6205,16.40122,18.02776,16.27882,14.14214,13.45362,14.86607,17.02939,14.86607,15.0,13.60147,16.40122,16.27882,16.12452,15.26434,16.12452,16.12452,14.86607,13.60147,14.56022,12.36932,12.16553,31.89044,30.80584,34.48188,34.9285,35.8469,35.17101,37.85499,37.65634,38.32754,39.11521,41.04875,38.0526,42.04759,42.0119,43.04649,43.28972,44.55334,44.91102,42.95346,42.95346,44.92215,44.27189,42.15448,43.46263,42.04759,41.59327,41.23106,39.81206,38.07887,38.01316,34.48188,34.88553,31.76476,29.15476,29.52965,26.83282,26.0,22.47221,23.08679,20.61553,22.56103,19.23538,21.09502,20.02498,20.09975,17.26268,19.92486,21.54066,20.61553,21.84033,21.93171,23.4094,23.25941,24.59675,21.47091,25.05993,25.05993
7.07107,5.65685,5.65685,5.0,5.0,5.0,4.47214,4.47214,4.47214,3.16228,4.12311,3.0,3.0,3.16228,3.16228,3.16228,3.16228,3.16228,3.60555,3.60555,4.24264,4.24264,4.24264,4.24264,5.0,5.0,5.0,5.83095,5.0,5.83095,5.83095,5.83095,6.40312,6.40312,6.40312,6.40312,5.65685,6.40312,6.40312,6.40312,6.40312,5.65685,6.40312,6.40312,6.40312,5.83095,5.83095,5.83095,5.83095,5.38516,5.38516,5.09902,43.86342,39.62323,38.60052,40.36087,34.71311,32.55764,30.23243,28.3196,27.45906,26.92582,24.41311,25.0,20.88061,21.58703,19.23538,18.02776,17.02939,15.13275,15.0333,19.23538,20.61553,13.0,20.0,17.80449,16.97056,17.69181,21.40093,20.24846,21.09502,25.55386,22.47221,27.29469,23.25941,26.07681,28.30194,33.54102,31.30495,27.20294,32.20248,30.23243,29.68164,32.75668,25.4951,29.68164,31.62278,30.61046,31.241,32.52691,36.06938,31.14482,30.61046,26.07681,28.01785,31.90611,30.08322,25.63201,25.63201,61.61169,62.39391,64.4748,65.79514,67.1193,70.0,71.8401,70.0928,70.76722,74.51845,77.00649,80.0,81.84131,82.37718,87.32125,81.88406,86.35392,84.30896,89.31965,84.8646,84.11896,87.92042,83.43261,84.72308,85.15868,80.89499,80.62258,77.41447,70.5762,75.05998,71.06335,67.00746,66.18912,60.13319,59.21149,49.16299,48.50773,49.0306,46.87217,44.92215,46.61545,43.38202,42.95346,44.29447,45.27693,42.19005,42.0119,43.18565,46.01087,44.59821,45.34314,46.69047,49.51767,50.20956,52.49762,51.62364,51.61395
5.83095,5.83095,5.0,5.0,4.24264,4.24264,4.24264,4.24264,3.60555,3.60555,3.16228,3.16228,3.0,3.16228,2.0,3.0,3.16228,3.16228,3.16228,3.16228,3.60555,3.60555,3.60555,4.24264,4.24264,4.24264,4.24264,5.0,5.0,5.65685,5.0,5.83095,5.0,5.83095,5.0,5.0,5.0,5.38516,5.38516,5.38516,5.38516,5.38516,5.38516,5.38516,5.38516,5.09902,5.09902,5.0,5.0,4.0,4.12311,4.12311,49.64877,44.72136,42.48529,35.8469,36.23534,37.57659,30.88689,33.28663,30.80584,22.82542,25.55386,21.40093,23.34524,21.40093,20.61553,17.49286,15.26434,18.68154,21.37756,19.10497,15.0333,15.0,19.41649,18.11077,21.54066,19.92486,18.38478,22.47221,25.63201,23.32381,21.0238,27.73085,29.96665,29.68164,28.30194,26.40076,29.15476,30.8707,30.8707,29.96665,31.30495,30.41381,35.1141,36.76955,34.48188,33.83785,31.32092,33.24154,29.15476,31.14482,29.27456,30.01666,32.06244,29.27456,28.44293,27.29469,24.59675,56.51548,67.6757,65.39113,66.64833,68.7968,67.62396,66.6033,69.29646,73.53911,75.43209,75.45197,78.23682,82.0975,80.62258,81.84131,80.11242,83.57033,83.9345,84.48077,88.32327,86.34813,88.84256,84.17244,83.29466,82.1523,80.05623,79.1012,75.00667,72.1734,75.05998,70.34913,66.1211,64.28063,62.39391,61.07373,54.03702,51.0392,49.0,48.25971,42.42641,44.91102,42.2019,42.44997,45.31004,43.65776,41.62932,44.41846,44.41846,47.43416,48.37355,49.39636,53.25411,55.56978,50.53712,54.3783,55.00909,53.33854
7.07107,7.07107,5.65685,5.65685,5.65685,5.83095,5.83095,5.83095,5.38516,4.47214,4.12311,4.12311,4.0,4.0,4.0,5.0,5.0,4.12311,4.12311,4.47214,4.12311,5.38516,5.38516,5.83095,5.83095,5.83095,6.7082,5.83095,6.7082,6.7082,6.7082,6.7082,6.7082,6.7082,7.61577,7.61577,7.61577,6.7082,6.32456,6.32456,7.28011,7.28011,7.28011,7.07107,7.07107,6.08276,7.0,6.0,6.0,6.08276,5.09902,5.38516,49.1935,42.72002,47.01064,44.94441,37.12142,38.01316,36.61967,33.01515,27.20294,28.01785,28.28427,28.42534,25.4951,25.6125,23.70654,23.25941,22.47221,20.12461,21.58703,19.41649,26.07681,22.2036,22.2036,23.19483,25.07987,28.28427,27.51363,25.0,25.0,29.15476,26.92582,33.24154,29.54657,33.24154,31.38471,33.52611,33.95585,36.13862,35.44009,37.64306,37.64306,35.90265,34.71311,34.71311,36.67424,35.35534,32.0,32.06244,33.06055,35.01428,32.24903,33.54102,33.24154,30.67572,30.8707,27.73085,28.6531,57.48913,62.39391,60.90156,65.19202,65.21503,68.11755,65.06919,68.593,70.0928,66.21933,73.4983,73.23933,79.25907,81.41253,79.62412,78.43469,80.65358,78.43469,81.7435,82.73452,87.29834,82.8734,81.3941,80.1561,78.00641,76.00658,78.0,75.02666,73.17103,70.25667,63.3877,67.60178,61.29437,56.14268,51.35173,55.14526,50.01,47.09565,49.0408,47.26521,45.70558,42.72002,45.88028,44.59821,44.01136,44.94441,44.28318,43.82921,50.9902,47.41308,51.97115,51.0392,57.3062,48.82622,51.47815,57.24509,50.11986
7.2111,6.40312,6.40312,6.40312,5.65685,5.65685,5.0,5.0,5.83095,4.47214,5.38516,5.38516,5.09902,4.12311,5.09902,5.0,5.0,5.0,5.0,5.09902,5.09902,5.09902,6.08276,5.38516,6.32456,6.32456,6.32456,6.32456,6.32456,7.28011,6.32456,6.32456,6.32456,6.32456,7.28011,7.28011,7.28011,7.28011,7.28011,7.07107,7.07107,7.07107,7.07107,7.0,7.0,6.0,7.07107,6.08276,6.08276,5.09902,5.38516,5.38516,45.31004,43.65776,44.28318,44.01136,38.48376,35.34119,40.70626,34.0147,34.98571,30.80584,32.01562,28.42534,26.87006,29.06888,24.20744,26.24881,28.30194,26.62705,28.4605,23.08679,25.70992,27.65863,24.33105,26.4764,28.01785,27.01851,33.01515,32.06244,29.15476,31.06445,30.01666,33.13608,34.23449,35.35534,38.32754,38.20995,37.21559,36.12478,37.05401,35.0,38.0526,37.0,39.01282,37.0,36.22154,38.20995,34.36568,35.51056,32.55764,32.28002,34.78505,34.78505,31.30495,30.8707,32.64966,30.41381,27.58623,55.9017,59.36329,62.80127,60.30755,64.3506,64.38167,67.00746,66.85058,70.17834,73.82412,75.13322,73.92564,79.30952,78.1089,81.32035,82.46211,82.9759,82.8734,80.62258,84.29116,84.09518,83.00602,86.28441,83.15047,79.51101,78.40918,72.99315,71.58911,71.58911,68.65858,69.2315,63.06346,63.78871,61.13101,58.0517,52.7731,49.25444,48.37355,47.01064,49.0408,45.04442,46.17359,46.52956,46.09772,40.5216,48.08326,47.75982,49.98,46.61545,53.14132,49.65884,53.31041,49.98,54.12024,52.92447,55.03635,52.7731
8.06226,7.61577,6.32456,6.7082,6.7082,6.32456,5.38516,5.38516,5.38516,5.09902,5.09902,5.0,5.0,4.0,5.0,4.0,4.12311,4.12311,4.12311,4.47214,4.47214,4.47214,4.47214,5.0,5.0,5.83095,5.38516,5.83095,5.83095,5.83095,5.83095,5.83095,5.83095,5.83095,6.32456,6.32456,6.32456,6.32456,5.38516,6.32456,6.08276,6.08276,6.08276,6.0,5.0,5.0,5.09902,5.09902,5.09902,5.09902,4.47214,5.0,48.25971,48.82622,46.64762,45.48626,43.41659,41.67733,47.41308,39.35734,38.07887,34.53983,34.78505,34.20526,30.80584,32.55764,31.57531,31.40064,28.16026,29.01724,28.0,25.01999,29.42788,23.76973,26.68333,29.41088,27.51363,31.38471,30.52868,28.01785,33.61547,32.75668,32.44996,34.1321,32.75668,35.51056,38.94868,35.35534,39.35734,35.8469,38.01316,41.62932,38.91015,39.82462,37.16181,35.8469,38.07887,34.20526,37.85499,37.10795,35.22783,35.12834,35.22783,35.01428,34.0147,31.257,30.80584,31.38471,29.54657,56.08921,62.1289,65.00769,62.20129,66.48308,66.70832,66.21933,68.68042,71.30919,70.26379,70.21396,74.79305,80.77747,79.92496,79.64923,79.64923,82.87943,80.62258,86.26703,81.46779,82.13404,83.00602,82.37718,82.1523,78.39005,78.71467,76.05919,74.79305,70.26379,67.23095,63.15853,59.61543,61.46544,58.18075,56.35601,54.12024,51.97115,49.39636,46.04346,49.64877,44.82187,47.38143,45.27693,47.42362,42.52058,48.8774,48.25971,47.41308,55.07268,52.47857,53.66563,51.88449,55.4617,55.9017,54.3783,56.93856,54.3783
7.61577,7.61577,7.61577,7.61577,7.61577,6.32456,6.32456,6.32456,6.32456,6.08276,6.08276,6.08276,6.0,6.0,6.0,5.09902,5.09902,5.09902,5.09902,5.38516,5.38516,5.83095,5.38516,5.83095,6.7082,5.83095,5.83095,5.83095,6.7082,6.40312,5.83095,6.7082,6.7082,6.7082,6.7082,6.7082,6.7082,6.7082,6.7082,6.32456,6.32456,6.32456,6.32456,6.32456,6.08276,6.08276,6.08276,6.0,6.0,6.08276,6.08276,5.09902,52.35456,51.42956,50.08992,49.65884,42.15448,41.62932,40.49691,43.46263,36.76955,36.68787,32.89377,35.22783,33.06055,30.41381,30.41381,30.14963,26.68333,30.06659,28.44293,31.32092,28.23119,28.17801,28.63564,31.90611,27.85678,30.80584,33.6006,34.65545,31.62278,33.6006,33.30165,35.4683,39.20459,33.24154,35.4683,39.69887,41.23106,37.20215,39.05125,41.7732,38.60052,36.61967,36.05551,36.89173,40.71855,38.47077,35.34119,38.07887,35.73514,34.78505,36.05551,33.95585,33.73426,33.13608,34.05877,32.0,31.7805,58.30952,59.13544,59.21149,68.593,65.52099,67.06713,70.38466,66.21178,72.01389,73.3553,74.09453,76.27582,78.00641,79.02531,81.56592,77.7946,83.45058,80.80842,85.27602,80.80223,82.0061,80.1561,80.77747,76.92204,76.05919,77.82031,74.24958,75.15318,68.54196,68.70953,64.88451,64.4748,59.61543,55.03635,54.56189,52.7731,48.8774,47.43416,45.48626,46.2277,46.75468,43.18565,47.50789,48.25971,44.82187,47.85394,46.06517,45.61798,46.23851,48.75449,52.80152,50.56679,57.77543,51.89412,54.23099,55.03635,59.48109
8.94427,8.94427,8.06226,8.06226,8.06226,7.2111,7.2111,6.40312,6.40312,6.40312,5.65685,5.65685,5.65685,5.83095,5.83095,5.83095,5.83095,5.38516,5.38516,5.38516,5.38516,6.08276,6.08276,6.08276,6.08276,6.08276,6.08276,7.0,7.0,7.07107,7.07107,7.07107,7.07107,7.07107,7.07107,7.28011,7.28011,7.28011,7.28011,7.28011,7.28011,7.28011,7.61577,6.7082,6.7082,6.7082,7.2111,6.40312,6.40312,7.07107,6.40312,5.83095,26.57066,25.29822,23.4094,24.35159,23.76973,23.08679,21.54066,19.69772,19.69772,17.88854,17.46425,16.12452,15.81139,15.0,14.21267,15.55635,15.55635,12.04159,13.0384,12.52996,13.89244,13.41641,13.60147,12.64911,14.31782,15.52417,15.13275,15.13275,14.31782,15.0333,16.12452,18.0,17.02939,19.0,19.0263,19.0263,18.0,18.0,18.02776,20.22375,17.02939,16.49242,20.39608,19.64688,18.43909,18.43909,16.76305,18.97367,18.38478,15.65248,16.55295,16.12452,16.12452,17.69181,14.86607,14.86607,13.89244,27.80288,29.0,30.4795,31.62278,31.38471,33.61547,32.69557,34.88553,33.24154,34.78505,36.13862,36.13862,39.05125,39.45884,39.11521,38.11824,39.01282,40.0,39.01282,40.11234,40.31129,38.47077,38.83298,40.02499,39.29377,38.60052,38.27532,37.0,33.83785,32.31099,31.62278,30.46309,28.79236,27.85678,28.16026,26.24881,22.80351,24.5153,23.5372,24.02082,21.09502,22.0,22.09072,22.36068,22.2036,21.37756,22.80351,24.16609,24.69818,24.16609,24.69818,26.24881,27.85678,26.92582,26.40076,26.0,28.79236
8.0,8.0,7.0,7.0,7.0,7.07107,6.08276,6.08276,6.08276,5.09902,5.09902,5.38516,4.47214,4.47214,4.47214,3.60555,4.24264,3.60555,4.24264,4.24264,3.60555,3.60555,3.60555,4.47214,4.47214,4.12311,5.09902,5.38516,5.09902,5.38516,5.38516,5.38516,5.38516,5.38516,5.83095,6.7082,5.38516,5.83095,5.83095,5.83095,5.83095,6.40312,5.83095,6.40312,5.65685,5.65685,5.65685,5.65685,5.83095,5.38516,5.38516,5.38516,48.16638,49.49747,48.09366,44.40721,42.29657,40.0125,42.0,37.05401,38.01316,34.05877,33.13608,29.15476,26.92582,27.45906,27.20294,24.35159,25.05993,21.9545,22.82542,21.9545,20.51828,20.0,24.08319,23.85372,25.05993,24.18677,24.59675,26.92582,25.05993,26.57066,26.92582,32.31099,27.51363,28.16026,30.67572,31.38471,33.54102,36.40055,33.10589,35.1141,35.34119,36.24914,33.28663,38.07887,34.4093,32.20248,38.01316,32.20248,33.30165,33.42155,32.52691,31.14482,33.61547,28.6007,30.88689,31.95309,29.61419,60.87693,61.29437,61.29437,66.70832,66.09841,66.48308,67.46851,69.72087,69.35416,71.44928,75.0,75.10659,80.025,79.6304,84.0119,79.62412,84.92938,79.81228,86.33076,84.50444,80.41144,89.47067,80.5295,82.76473,80.26207,78.54935,80.45496,76.844,70.60453,71.02816,68.00735,65.21503,64.03124,60.60528,60.60528,53.0,50.77401,51.10773,45.27693,48.75449,47.92703,45.22168,45.88028,47.53946,42.42641,46.87217,47.26521,47.09565,47.04253,50.24938,51.0392,53.0,57.0,53.00943,59.07622,55.03635,54.0
8.0,8.0,7.07107,7.0,7.07107,6.08276,6.08276,6.08276,5.38516,5.38516,5.38516,4.47214,4.47214,4.47214,3.60555,4.24264,4.24264,4.24264,4.47214,4.47214,4.47214,4.47214,5.38516,5.09902,5.09902,5.09902,5.09902,6.08276,6.08276,6.08276,6.08276,6.08276,6.08276,6.08276,6.08276,7.28011,6.32456,6.32456,6.32456,6.32456,6.32456,6.7082,6.7082,6.7082,6.7082,5.83095,6.40312,6.40312,6.40312,5.65685,5.65685,5.0,50.48762,47.16991,47.16991,43.04649,45.01111,40.31129,40.1995,36.05551,32.0,35.0,30.14963,28.44293,27.20294,25.70992,21.37756,21.93171,24.69818,21.47091,20.12461,21.2132,20.51828,19.84943,18.86796,20.59126,20.24846,23.4094,23.19483,24.73863,24.33105,23.08679,27.07397,30.59412,30.06659,29.01724,30.59412,32.06244,32.0,35.22783,36.12478,35.35534,35.69314,35.17101,34.36568,34.9285,34.20526,34.78505,35.17101,34.0,32.69557,33.54102,30.41381,32.24903,30.52868,31.241,29.0,27.01851,27.78489,57.27128,61.03278,64.53681,66.37017,67.02984,65.0,71.06335,68.26419,68.593,71.19691,76.90254,77.62087,79.69944,79.69944,78.77182,80.62258,82.34683,83.64807,81.88406,84.90583,83.35466,81.8352,81.60882,81.56592,81.56592,80.1561,79.9062,76.48529,76.38063,72.86288,69.42622,63.65532,63.65532,62.93648,60.87693,60.30755,57.62812,52.63079,49.09175,46.04346,43.909,44.29447,46.61545,51.26402,44.64303,48.25971,45.89118,49.81967,48.16638,49.49747,50.35871,51.24451,50.15974,56.0803,54.08327,53.60037,56.32051
7.81025,7.07107,7.07107,6.40312,6.40312,6.40312,5.83095,5.83095,5.38516,4.47214,4.47214,4.12311,4.12311,4.12311,4.0,4.0,4.12311,4.12311,4.12311,4.12311,4.47214,4.47214,4.47214,5.0,5.0,5.0,5.83095,5.65685,6.40312,6.40312,6.40312,6.40312,6.40312,6.40312,7.2111,7.2111,7.2111,6.7082,6.7082,6.7082,6.7082,6.7082,6.7082,6.7082,6.7082,6.32456,6.32456,6.08276,6.08276,6.08276,6.0,5.09902,52.15362,47.01064,46.87217,42.0119,38.60052,42.0119,35.0,36.23534,35.38361,31.82766,29.06888,29.06888,29.20616,26.40076,27.20294,21.9545,23.4094,21.93171,23.19483,22.09072,20.02498,21.09502,19.64688,21.18962,20.88061,24.16609,21.0238,26.57066,22.82542,25.80698,29.68164,29.41088,26.41969,28.01785,32.80244,34.4093,32.24903,32.20248,32.20248,35.51056,36.23534,34.98571,34.88553,34.43835,34.88553,34.88553,37.33631,35.1141,37.36308,33.73426,33.73426,33.37664,31.257,29.15476,26.07681,29.61419,27.89265,53.66563,59.5399,58.00862,65.76473,64.44377,66.06815,64.81512,65.45991,69.33974,70.83078,74.73286,76.92204,73.92564,77.49194,78.1089,77.88453,81.32035,77.88453,82.2253,81.04937,81.58431,80.75271,80.399,81.09871,79.00633,81.02469,76.05919,75.02666,73.24616,73.06162,67.1193,67.36468,61.07373,63.1981,55.08176,54.03702,51.0392,50.03998,52.46904,44.40721,48.27007,44.64303,45.60702,45.18849,46.23851,46.95743,43.909,47.20169,46.87217,48.01042,50.80354,51.73973,55.21775,52.20153,54.40588,53.82379,54.6443
8.60233,8.60233,7.81025,7.2111,7.2111,6.40312,6.40312,5.83095,5.0,5.0,5.0,4.24264,4.24264,4.24264,3.60555,3.60555,3.16228,2.23607,2.23607,2.23607,2.0,2.0,3.16228,2.23607,2.23607,2.23607,2.82843,2.82843,2.82843,3.60555,3.60555,4.24264,4.24264,4.24264,4.24264,5.0,4.24264,4.47214,5.0,5.0,4.47214,4.47214,5.0,4.47214,4.47214,4.47214,5.38516,4.12311,5.09902,4.0,4.0,4.12311,56.85948,52.80152,48.60041,48.16638,46.09772,48.82622,44.04543,40.45986,39.05125,38.20995,31.82766,29.73214,29.73214,32.55764,25.4951,24.83948,21.26029,21.26029,18.86796,18.97367,16.27882,18.02776,17.11724,16.0,17.72005,13.15295,14.31782,17.0,18.02776,18.35756,18.02776,17.02939,21.26029,23.34524,22.62742,22.67157,23.34524,25.4951,29.73214,24.75884,29.0,28.28427,27.58623,26.40076,27.58623,27.20294,29.20616,28.6007,32.80244,28.84441,27.29469,33.10589,27.73085,28.4605,28.86174,26.1725,27.07397,53.03772,59.03389,62.58594,64.84597,64.40497,65.8635,64.41273,69.06519,66.61081,71.70077,73.53911,74.95332,78.1025,77.80103,76.40026,82.20097,83.23461,85.98256,85.0,84.11896,85.42833,83.67198,83.7735,87.28115,85.44004,82.71034,79.81228,81.49233,79.55501,77.36924,72.36712,73.00685,70.83078,68.88396,66.70832,64.56005,61.03278,59.20304,56.921,53.14132,49.76947,54.56189,54.70832,52.43091,51.0392,51.0392,53.41348,55.9017,53.75872,55.22681,57.28001,57.31492,57.31492,59.5483,58.13777,60.87693,65.06919
8.06226,7.2111,8.06226,7.2111,7.2111,6.40312,6.40312,5.0,5.0,5.0,5.0,4.24264,4.24264,3.60555,3.60555,4.12311,3.16228,3.16228,3.0,3.0,3.0,3.0,3.16228,3.16228,3.16228,3.60555,4.47214,4.47214,4.47214,5.0,5.0,5.0,5.0,5.83095,5.83095,5.83095,5.83095,5.83095,5.83095,5.83095,5.38516,5.83095,5.38516,5.38516,6.32456,5.38516,6.08276,6.08276,5.09902,5.0,5.0,5.09902,55.08176,53.85165,50.28916,48.08326,48.38388,47.12749,37.69615,41.7732,38.48376,35.4683,30.67572,29.06888,27.29469,23.70654,28.17801,22.80351,22.67157,19.84943,20.24846,19.20937,17.80449,15.81139,13.89244,13.0,14.56022,16.12452,20.22375,16.03122,16.0,17.46425,20.12461,21.54066,20.61553,26.24881,26.0,23.70654,25.4951,23.25941,25.4951,28.79236,26.92582,29.41088,30.36445,29.73214,29.73214,29.73214,31.7805,29.15476,29.42788,32.55764,30.06659,30.01666,29.01724,26.1725,28.63564,27.65863,27.85678,54.70832,56.79789,57.80138,60.21628,58.13777,60.10824,65.06919,63.25346,67.6757,65.45991,73.24616,72.56032,74.79305,79.17702,80.41144,75.28612,81.90849,80.77747,82.2253,83.36066,82.03658,84.29116,80.30567,79.15807,81.02469,80.00625,80.05623,81.15417,72.56032,77.31753,68.06614,71.44928,64.93843,65.76473,67.36468,62.39391,56.0803,59.07622,53.0,56.0,54.03702,50.15974,54.23099,51.78803,49.0306,52.88667,51.26402,48.08326,54.23099,53.45091,54.23099,56.85948,59.23681,55.15433,56.46238,62.03225,60.16644
7.2111,7.2111,7.2111,7.2111,5.83095,5.83095,5.83095,4.47214,4.47214,4.12311,4.47214,3.16228,3.16228,3.0,3.0,3.0,2.0,2.23607,2.23607,2.23607,2.82843,2.82843,2.23607,3.16228,3.16228,3.16228,4.12311,4.12311,4.12311,5.09902,5.09902,5.09902,5.09902,5.09902,5.38516,5.09902,5.38516,5.38516,5.38516,5.38516,5.38516,5.38516,5.83095,5.83095,5.83095,5.0,5.65685,5.0,5.65685,5.0,5.0,4.47214,48.37355,51.10773,44.94441,46.40043,46.64762,40.49691,41.18252,37.44329,37.21559,33.01515,33.28663,28.30194,28.23119,27.73085,26.0,26.68333,19.41649,15.29706,19.0263,17.02939,16.0,16.15549,12.36932,13.45362,15.6205,15.55635,19.84943,15.81139,17.02939,16.55295,18.38478,19.69772,20.61553,20.61553,21.18962,21.18962,26.40076,25.70992,25.63201,27.65863,27.20294,31.62278,30.08322,29.41088,30.08322,31.30495,31.38471,34.0147,26.92582,30.52868,31.06445,26.62705,29.83287,27.58623,28.3196,26.62705,25.94224,55.14526,54.08327,60.01666,59.43904,63.56886,61.35145,62.17717,65.51336,64.66065,68.0,71.86793,70.45566,75.80237,78.24321,76.41989,79.20859,80.05623,79.30952,78.87332,83.00602,84.31489,85.44004,84.0595,82.1523,78.77182,81.49233,78.71467,76.05919,74.73286,72.91776,71.69379,67.23095,69.46222,65.9242,64.07808,60.41523,59.03389,53.33854,50.60632,49.64877,49.09175,50.32892,49.81967,53.03772,48.79549,48.16638,46.09772,49.81967,52.00961,56.40035,51.47815,53.85165,56.60389,57.98276,53.85165,55.56978,54.91812
8.0,8.0,7.0,7.0,6.0,6.0,5.0,5.0,5.0,4.12311,4.12311,4.0,3.16228,3.16228,2.23607,2.23607,2.23607,2.23607,2.23607,2.23607,2.0,2.0,2.0,2.0,3.16228,2.23607,3.16228,3.16228,4.47214,3.60555,4.47214,4.47214,4.47214,5.38516,4.47214,4.47214,5.38516,5.09902,5.09902,5.09902,5.09902,5.09902,5.09902,5.09902,5.09902,5.0,5.0,5.09902,5.09902,5.38516,4.12311,4.47214,25.17936,24.18677,26.30589,23.08679,23.08679,23.19483,20.09975,20.02498,18.02776,18.02776,17.0,14.03567,13.0384,11.04536,12.04159,10.04988,9.05539,9.48683,6.7082,5.38516,7.2111,7.81025,5.0,5.65685,5.09902,7.07107,6.0,6.08276,6.08276,9.05539,9.21954,10.77033,11.18034,9.48683,11.18034,11.7047,12.08305,13.92839,13.0,14.31782,15.81139,13.60147,14.14214,13.60147,15.81139,14.03567,14.14214,13.15295,16.49242,14.03567,15.0,16.03122,14.56022,13.34166,15.29706,13.92839,14.86607,28.30194,30.88689,29.41088,32.98485,32.55764,33.37664,35.0571,35.0571,34.05877,34.05877,38.11824,38.47077,40.31129,39.05125,43.17407,38.8973,43.32436,39.56008,44.38468,43.38202,41.14608,43.41659,41.18252,42.05948,41.04875,43.60046,40.60788,42.80187,38.41875,40.36087,35.60899,38.41875,34.05877,34.20526,32.20248,31.40064,28.6007,28.6007,28.30194,28.30194,27.29469,24.59675,26.0,24.04163,26.24881,25.4951,26.4764,23.19483,27.16616,25.07987,27.07397,30.26549,29.0,27.07397,29.15476,32.01562,31.01612
7.61577,7.61577,6.32456,6.32456,6.32456,5.38516,5.09902,4.47214,4.12311,4.12311,4.12311,3.0,3.0,2.0,2.23607,2.0,1.41421,1.41421,1.41421,2.23607,2.0,2.0,2.0,2.23607,3.16228,3.16228,3.16228,3.60555,4.47214,4.12311,4.47214,4.47214,4.47214,5.38516,5.38516,4.47214,5.38516,5.38516,5.38516,5.38516,5.38516,5.09902,6.08276,5.09902,5.09902,5.0,5.0,5.0,5.09902,5.09902,5.09902,4.47214,53.16014,51.24451,48.08326,44.64303,42.05948,43.9659,38.62642,38.8973,35.17101,28.44293,31.257,27.01851,27.65863,25.07987,25.01999,19.0263,21.0238,13.60147,17.11724,13.41641,13.89244,9.43398,10.0,11.18034,9.48683,13.0384,16.0,14.03567,18.11077,18.68154,18.97367,21.18962,21.0238,25.29822,25.94224,23.4094,27.85678,28.23119,31.62278,31.04835,33.83785,32.01562,33.24154,32.31099,33.83785,30.59412,33.73426,33.54102,31.40064,33.37664,31.14482,34.1321,33.0,31.40064,32.75668,30.08322,30.08322,58.0,58.30952,61.98387,64.03124,65.14599,66.48308,62.24147,68.47627,68.47627,70.3278,73.81734,76.6094,76.27582,79.39773,80.80842,77.23341,84.8646,83.54639,84.89994,79.51101,87.32125,87.20092,84.6286,83.21658,81.30191,84.38009,82.29824,80.5295,73.82412,74.94665,71.69379,70.3278,66.37017,64.66065,61.58734,59.90826,56.85948,50.0,51.22499,50.9902,52.40229,46.66905,51.0392,46.87217,46.87217,50.32892,52.55473,49.76947,54.12024,50.32892,53.75872,57.56735,54.12024,53.60037,55.54278,58.24946,57.56735
9.48683,8.544,8.544,8.544,7.61577,6.7082,6.7082,5.83095,5.83095,5.83095,5.0,5.0,4.24264,4.24264,4.24264,3.60555,3.60555,3.16228,3.16228,3.0,3.0,3.0,3.16228,4.12311,4.12311,3.16228,3.60555,4.47214,4.47214,5.0,4.47214,5.83095,5.83095,5.83095,5.83095,5.83095,5.83095,5.83095,6.7082,6.7082,5.83095,6.7082,6.7082,6.32456,6.32456,6.32456,6.32456,7.07107,7.07107,7.0,6.0,6.08276,56.32051,54.34151,51.92302,48.83646,49.49747,45.54119,43.56604,40.02499,38.32754,36.13862,30.59412,31.01612,27.51363,28.79236,23.32381,23.70654,23.32381,16.12452,20.0,19.10497,16.40122,17.0,12.64911,13.60147,13.15295,14.03567,18.43909,21.37756,16.76305,21.18962,22.13594,26.24881,26.62705,25.0,27.78489,24.16609,27.78489,26.92582,25.07987,31.7805,32.28002,32.31099,29.73214,31.62278,33.95585,34.9285,31.01612,33.54102,35.22783,37.21559,33.24154,32.24903,35.22783,32.01562,31.57531,33.54102,29.12044,58.5235,58.89822,56.56854,63.41136,64.07027,65.0,64.49806,65.74192,69.64194,70.2282,72.27724,73.4983,75.70997,77.10383,76.53104,77.23341,77.41447,84.05355,79.02531,81.09871,80.22468,86.37129,82.60751,76.48529,80.04998,79.62412,77.20104,78.16009,77.49194,70.5195,68.96376,68.96376,66.7308,63.78871,62.03225,58.24088,56.75385,51.41984,52.17279,49.64877,49.36598,46.17359,48.04165,47.01064,43.41659,50.01,49.47727,50.80354,52.81098,52.88667,55.08176,55.08176,57.56735,55.65968,58.82176,57.87055,58.18935
8.48528,7.81025,7.07107,7.07107,6.40312,6.40312,5.83095,5.0,5.0,4.47214,4.47214,4.47214,3.16228,3.16228,2.23607,3.0,2.0,1.0,1.0,1.0,0.0,0.0,1.0,1.41421,1.41421,1.41421,2.23607,2.23607,3.16228,2.23607,3.16228,3.16228,3.16228,3.16228,3.16228,3.16228,4.12311,4.12311,4.12311,5.09902,4.12311,4.12311,4.12311,4.12311,4.12311,4.47214,5.38516,5.38516,4.47214,4.47214,5.0,5.0,54.20332,54.70832,54.81788,52.80152,46.87217,45.22168,46.2277,43.27817,39.69887,34.65545,35.38361,28.28427,28.42534,26.24881,23.60085,20.80865,17.20465,14.42221,18.02776,15.0,10.81665,5.83095,6.40312,5.09902,4.0,3.0,2.0,5.09902,7.07107,7.07107,13.34166,13.0384,16.49242,18.78829,17.02939,16.15549,18.68154,21.2132,20.61553,25.0,22.36068,27.01851,27.20294,26.92582,27.29469,30.59412,28.16026,29.27456,29.83287,28.4605,28.16026,31.62278,31.95309,31.95309,29.54657,26.62705,27.80288,52.80152,55.9017,59.4138,60.30755,61.84658,65.80274,65.21503,65.21503,66.61081,70.17834,71.34424,72.71864,74.33034,76.6094,80.1561,78.40918,81.60882,80.70936,84.6286,80.60397,85.44589,82.20097,86.53323,85.44004,86.26703,85.0,81.21576,75.80237,80.43009,78.56844,74.27651,72.12489,70.83784,71.50524,71.06335,63.82006,61.03278,59.94164,55.56978,55.9464,55.71355,56.32051,52.46904,54.00926,53.00943,51.08816,51.47815,55.9017,53.85165,56.29387,61.03278,59.23681,55.54278,58.18075,63.52952,59.03389,62.6099
8.06226,7.2111,6.7082,6.7082,6.7082,5.38516,5.38516,5.38516,4.12311,4.12311,4.12311,4.12311,3.0,2.0,2.0,2.0,2.0,1.0,1.0,0.0,0.0,1.0,0.0,1.41421,1.0,1.0,2.23607,3.16228,3.16228,3.16228,3.60555,4.47214,4.47214,4.12311,4.47214,4.47214,4.47214,4.47214,4.47214,4.47214,4.47214,4.47214,5.83095,4.47214,5.38516,5.38516,5.38516,5.38516,5.38516,5.38516,5.09902,5.09902,53.82379,48.02083,52.69725,51.0,42.19005,40.81666,42.15448,36.67424,34.20526,34.20526,29.12044,27.20294,23.08679,25.70992,22.80351,17.46425,15.23155,15.0333,7.07107,9.21954,3.16228,4.12311,2.23607,4.0,4.0,2.82843,7.61577,10.29563,9.48683,12.52996,14.56022,17.49286,19.31321,19.41649,25.4951,22.82542,23.25941,29.06888,25.80698,28.17801,26.62705,27.29469,29.68164,32.44996,34.66987,35.51056,33.28663,32.01562,31.90611,33.61547,35.34119,36.67424,31.95309,32.31099,32.31099,31.01612,33.54102,57.42822,56.40035,57.48913,60.10824,58.69412,64.44377,63.78087,63.03174,66.6033,65.8559,68.62215,73.5527,74.95332,74.95332,77.7946,74.96666,80.05623,77.83315,83.4386,80.62258,80.62258,83.45058,78.56844,82.75869,81.32035,79.64923,83.40863,80.0,74.20243,77.93587,72.94518,73.78347,72.40166,67.97794,65.79514,62.64982,60.08328,59.66574,53.60037,55.14526,57.14018,49.0408,51.62364,48.27007,51.26402,53.75872,53.31041,54.20332,56.0803,52.20153,53.07542,58.72819,59.4138,54.48853,60.87693,58.41233,57.80138
7.2111,7.2111,6.40312,6.40312,5.0,5.0,4.24264,4.24264,3.60555,3.60555,3.60555,2.23607,2.23607,2.0,1.0,1.0,1.0,1.41421,1.0,1.0,1.41421,1.41421,1.41421,2.23607,2.23607,3.16228,3.60555,4.47214,3.16228,4.12311,4.12311,5.38516,5.09902,5.09902,5.38516,5.09902,5.38516,6.08276,6.08276,6.08276,5.09902,5.09902,6.08276,6.08276,6.08276,6.32456,6.32456,6.32456,6.32456,6.32456,5.83095,5.83095,53.85165,48.27007,50.59644,39.56008,40.8534,39.56008,38.91015,34.43835,30.8707,25.80698,25.80698,21.40093,20.0,15.26434,17.80449,13.45362,12.20656,11.18034,8.60233,2.82843,2.82843,2.23607,3.16228,2.82843,6.7082,8.60233,14.21267,13.89244,15.52417,15.81139,21.18962,20.12461,25.07987,24.69818,27.65863,26.0,28.79236,28.86174,28.63564,32.89377,32.89377,34.52535,33.95585,36.49658,33.37664,38.32754,32.55764,33.95585,36.87818,35.69314,38.07887,36.76955,36.68787,37.69615,32.31099,34.88553,33.28663,56.61272,58.24088,63.78871,63.50591,64.28063,65.27634,65.06919,67.1193,67.1193,69.26038,75.23962,71.06335,73.17103,76.32169,78.05767,79.30952,81.49847,82.21922,79.9062,81.3941,81.3941,82.03658,84.71718,81.3941,83.36066,82.76473,82.2253,77.12976,79.40403,73.37575,70.5762,70.2282,69.07966,67.62396,67.53518,63.81222,68.8186,56.85068,57.62812,53.75872,52.40229,54.6443,53.33854,54.58938,50.15974,52.20153,53.60037,54.34151,59.03389,57.0,56.0357,56.0357,57.31492,58.69412,57.70615,61.0,56.29387
8.24621,7.07107,7.28011,6.08276,6.08276,5.38516,5.09902,4.12311,4.12311,4.12311,3.16228,2.23607,2.0,2.0,2.0,1.0,1.0,0.0,1.0,1.0,1.0,1.41421,2.23607,2.23607,2.23607,2.82843,4.24264,3.60555,3.60555,5.0,4.47214,4.47214,4.47214,4.47214,5.83095,5.83095,5.83095,5.83095,5.83095,6.7082,6.7082,6.7082,6.7082,6.7082,6.7082,6.40312,7.2111,6.40312,5.83095,6.40312,5.65685,5.65685,54.08327,53.23533,49.0408,43.18565,41.30375,40.04997,37.48333,35.90265,33.24154,29.06888,25.29822,24.69818,22.47221,18.02776,13.0,15.23155,15.81139,8.48528,8.60233,7.07107,5.09902,3.60555,1.41421,5.0,3.16228,9.84886,10.63015,16.40122,13.0384,13.60147,19.10497,17.80449,23.43075,24.83948,29.06888,28.3196,24.41311,28.6007,31.82766,33.01515,32.80244,34.65545,34.82815,35.60899,34.05877,37.48333,35.80503,35.4683,37.53665,39.82462,37.80212,38.8973,34.4093,35.35534,34.4093,34.4093,34.48188,56.46238,57.56735,59.46427,59.20304,62.0967,57.27128,61.98387,66.28725,69.2315,67.89698,72.56032,71.56815,74.67262,77.64664,76.65507,79.6304,76.11833,83.60024,75.95393,80.23092,76.11833,84.17244,83.86298,76.41989,77.27872,79.07591,79.42921,76.90254,78.8543,73.76313,72.8011,66.48308,67.23095,69.07966,64.41273,59.5399,61.05735,57.68882,54.81788,54.45181,55.22681,53.90733,50.21952,51.97115,54.12024,56.46238,55.65968,52.95281,55.57877,60.40695,54.45181,62.64982,58.00862,60.07495,63.00794,62.1289,58.00862
8.06226,8.06226,7.07107,7.07107,6.08276,5.09902,5.38516,4.47214,4.47214,4.47214,3.60555,2.82843,2.23607,2.23607,1.41421,2.23607,2.0,1.41421,1.0,1.41421,1.0,1.41421,2.23607,2.0,2.0,3.0,3.0,4.12311,4.12311,4.12311,4.47214,4.47214,4.47214,4.47214,5.38516,5.38516,5.38516,5.38516,5.38516,6.32456,6.32456,6.32456,6.7082,6.32456,6.32456,6.32456,6.32456,6.32456,7.07107,6.08276,7.0,6.0,59.07622,57.14018,54.00926,49.0102,49.0408,45.09989,43.0,36.01389,38.0526,37.33631,25.17936,29.15476,24.04163,21.37756,19.92486,16.15549,14.31782,12.08305,11.18034,6.7082,4.12311,5.38516,5.09902,3.16228,3.60555,7.28011,10.04988,11.40175,17.26268,10.29563,15.81139,14.0,17.26268,16.12452,19.23538,25.29822,23.76973,23.76973,27.85678,28.79236,26.92582,29.12044,27.89265,32.20248,32.89377,30.46309,33.83785,34.78505,32.69557,30.36445,32.89377,33.54102,33.95585,33.13608,34.05877,36.12478,33.0,53.8145,58.13777,55.80323,59.05929,61.40033,61.29437,62.16912,65.30697,64.88451,65.74192,70.77429,72.23573,75.23962,75.61085,76.55064,74.63243,80.05623,77.16217,79.37884,79.05694,80.65358,80.95678,79.05694,80.36168,80.32434,78.54935,78.54935,78.18568,74.09453,74.67262,69.46222,70.38466,70.21396,67.1193,64.88451,66.57327,60.0,60.0,58.69412,57.28001,57.38467,54.40588,54.6443,58.18075,54.12947,51.47815,55.36244,54.81788,59.22837,59.22837,61.52235,60.20797,63.28507,55.3263,65.19202,68.06614,63.07139
9.0,8.0,8.06226,7.0,6.08276,6.0,5.0,5.0,5.09902,4.12311,3.16228,3.16228,2.23607,2.23607,1.41421,1.41421,1.0,0.0,0.0,1.0,1.0,1.41421,1.41421,2.23607,2.23607,2.23607,3.16228,3.16228,3.60555,3.60555,4.47214,4.47214,4.47214,4.47214,4.47214,5.0,5.0,5.38516,5.83095,5.83095,5.83095,5.83095,5.38516,5.83095,5.83095,6.32456,6.32456,6.32456,6.08276,6.08276,6.08276,6.08276,61.98387,57.97413,53.75872,53.75872,49.0102,47.85394,44.91102,35.12834,37.48333,36.22154,32.0,28.01785,26.0,24.08319,21.2132,19.64688,16.49242,13.0384,11.18034,8.60233,10.81665,6.40312,3.60555,2.23607,4.12311,4.0,5.0,6.08276,10.19804,9.21954,14.31782,12.04159,14.56022,15.81139,17.46425,21.54066,20.61553,21.54066,21.93171,18.97367,26.40076,27.85678,27.85678,25.63201,28.23119,29.15476,29.41088,31.95309,32.28002,31.62278,31.32092,31.57531,29.83287,31.04835,32.14032,29.01724,30.06659,51.88449,51.47815,56.61272,56.04463,60.41523,59.43904,65.51336,62.80127,65.37584,65.76473,67.26812,71.84706,70.45566,71.44928,72.56032,76.32169,74.96666,75.32596,75.66373,80.22468,78.63841,80.30567,77.31753,82.60751,79.6304,79.07591,75.13322,77.92946,75.70997,76.11833,72.00694,71.06335,68.44706,68.68042,65.14599,64.07808,61.32699,63.97656,57.3062,58.24946,58.89822,58.0517,58.0,58.41233,58.60034,57.80138,59.48109,56.35601,62.62587,62.39391,62.64184,61.40033,68.15424,68.96376,69.42622,64.7611,68.41053
10.63015,9.21954,9.21954,9.21954,7.81025,7.2111,7.2111,6.40312,5.83095,5.83095,5.0,4.47214,4.47214,3.60555,3.60555,2.23607,2.23607,2.23607,2.0,2.0,1.0,1.0,0.0,1.0,1.0,1.41421,1.41421,1.41421,1.41421,2.23607,2.23607,2.23607,2.23607,2.82843,3.60555,4.12311,4.47214,3.60555,3.60555,3.60555,4.47214,5.0,4.47214,5.0,5.0,5.0,5.0,5.0,5.0,5.0,5.0,4.47214,62.36986,60.10824,54.45181,55.31727,52.40229,46.66905,43.86342,42.44997,40.31129,38.20995,34.71311,31.82766,33.01515,24.08319,26.24881,22.82542,20.0,16.64332,13.89244,11.18034,12.08305,10.0,7.0,8.24621,4.47214,2.23607,5.83095,8.24621,7.07107,8.48528,8.06226,10.0,16.27882,15.81139,14.86607,16.27882,21.93171,18.38478,21.2132,24.04163,28.3196,21.9545,21.2132,24.83948,25.45584,26.90725,26.24881,31.1127,28.3196,29.20616,30.80584,32.55764,29.41088,30.52868,30.52868,29.06888,25.63201,50.56679,54.08327,58.69412,58.0517,57.70615,59.3043,59.07622,63.00794,61.0082,64.00781,67.00746,66.0,70.02857,73.24616,74.24284,75.53807,76.41989,73.43705,78.63841,79.24645,73.82412,77.10383,78.26238,77.10383,76.11833,76.94154,75.95393,72.69113,75.42546,75.42546,69.18092,71.25307,68.35934,63.28507,66.06815,61.07373,57.42822,61.52235,56.7186,56.88585,58.5235,56.0803,59.23681,57.24509,56.93856,55.9464,57.80138,61.84658,62.36986,63.63961,69.42622,65.79514,75.00667,67.89698,71.44928,69.29646,71.42129
8.60233,7.81025,7.81025,7.07107,6.40312,5.65685,5.0,4.24264,4.24264,4.24264,3.60555,3.60555,3.60555,2.23607,2.23607,2.0,1.0,1.0,1.0,1.0,1.0,1.0,1.41421,1.0,2.23607,2.23607,2.82843,2.82843,2.82843,4.24264,3.60555,3.60555,4.24264,4.24264,5.0,5.65685,5.65685,5.0,5.0,5.65685,5.65685,6.40312,5.65685,6.40312,6.40312,6.40312,5.83095,5.83095,5.83095,5.38516,6.32456,6.08276,66.28725,53.33854,54.3783,51.10773,53.00943,49.40648,46.32494,41.40048,39.11521,38.07887,36.23534,30.0,31.1127,23.34524,22.67157,19.84943,17.02939,17.80449,12.20656,10.44031,10.44031,7.07107,5.09902,6.0,3.16228,3.16228,7.07107,8.06226,9.48683,8.94427,10.81665,10.0,12.52996,13.41641,16.97056,14.21267,20.0,21.26029,22.2036,22.02272,20.61553,22.62742,25.4951,29.73214,30.41381,25.4951,28.28427,31.1127,26.90725,28.6007,30.80584,32.80244,33.28663,31.62278,29.06888,30.41381,30.80584,45.04442,51.0392,47.67599,52.23983,65.37584,64.53681,68.30813,31.257,64.84597,55.9017,69.57011,63.69458,81.34494,75.23962,76.96753,69.46222,81.5414,72.8011,83.63014,80.06248,69.28925,88.14193,72.61543,79.92496,69.31811,81.00617,72.91776,81.34494,72.00694,72.09022,67.97794,74.09453,67.41662,69.64194,66.85058,67.05222,58.85576,59.84146,59.21149,58.21512,57.03508,55.14526,56.4358,59.43904,57.97413,62.03225,60.53924,58.69412,67.53518,64.49806,66.18912,64.88451,71.19691,65.0,69.97142,71.56116,74.43118
10.77033,9.48683,9.48683,8.544,8.544,7.28011,7.28011,6.32456,6.32456,6.32456,5.09902,5.09902,4.12311,4.12311,4.0,3.0,2.0,2.0,2.0,1.0,1.0,1.0,0.0,0.0,0.0,1.41421,1.41421,1.41421,2.23607,2.23607,2.23607,2.23607,2.23607,3.16228,3.16228,3.16228,4.12311,3.16228,4.12311,4.12311,4.47214,4.47214,4.47214,4.47214,4.47214,5.0,5.0,5.0,4.24264,4.24264,5.0,4.47214,65.51336,61.29437,58.30952,60.20797,51.0392,50.60632,51.10773,46.32494,39.11521,40.81666,39.39543,33.10589,31.76476,26.57066,24.16609,24.35159,24.16609,18.38478,17.02939,13.15295,13.15295,8.06226,7.28011,5.09902,5.65685,8.24621,4.47214,6.32456,5.83095,10.29563,8.60233,12.20656,11.6619,13.89244,15.6205,14.76482,17.20465,18.02776,20.80865,22.82542,21.40093,24.59675,22.82542,25.0,26.92582,26.62705,31.38471,29.06888,30.0,27.01851,31.14482,31.82766,28.42534,32.52691,30.52868,31.06445,26.92582,50.24938,58.79626,54.81788,61.03278,60.53924,59.48109,61.7171,65.30697,64.4748,66.85058,68.15424,68.94926,76.55064,75.27284,75.43209,74.72617,79.40403,76.53757,82.46211,78.44743,78.26238,81.58431,79.42921,76.15773,84.17244,80.89499,75.95393,76.48529,74.1485,73.75636,73.5459,71.58911,69.857,69.12308,68.30813,62.64184,62.96825,58.60034,60.83584,57.45433,61.61169,57.62812,60.20797,58.0,59.4138,64.53681,62.482,62.68174,63.82006,66.57327,64.88451,69.64194,73.43024,69.97142,69.83552,72.71864,74.79305
10.04988,10.04988,9.05539,8.06226,8.06226,8.0,7.07107,6.08276,6.08276,6.08276,5.09902,5.09902,4.47214,4.12311,3.60555,3.16228,2.82843,2.23607,2.82843,2.23607,2.23607,2.0,1.0,2.0,2.0,1.41421,1.41421,2.82843,2.23607,2.23607,3.60555,3.16228,3.60555,3.16228,3.16228,4.12311,3.16228,4.47214,4.47214,4.47214,4.47214,4.47214,4.47214,4.47214,4.47214,4.47214,5.0,5.65685,5.65685,5.0,5.0,5.0,65.03076,61.03278,60.00833,60.13319,56.00893,51.08816,48.04165,44.01136,44.01136,38.20995,38.01316,33.0,31.257,28.01785,28.16026,24.33105,19.23538,18.43909,15.65248,15.0,13.89244,9.21954,7.81025,9.21954,8.06226,5.0,5.38516,5.0,7.81025,10.63015,10.77033,11.04536,15.0,13.15295,15.13275,17.26268,17.02939,23.34524,20.61553,20.61553,20.39608,24.33105,23.19483,24.18677,27.45906,26.1725,32.28002,30.08322,27.45906,29.41088,29.12044,27.85678,31.30495,29.06888,31.76476,28.6531,27.65863,54.14795,56.29387,57.97413,60.40695,60.92618,61.32699,61.40033,60.90156,67.1193,64.89992,67.6757,71.02816,73.81734,75.21303,76.05919,72.24957,75.0733,77.78175,80.05623,77.7946,75.74299,83.45058,80.62258,79.20859,78.51751,82.07314,78.49204,79.9062,73.5527,77.07788,74.27651,72.91776,70.71068,68.0147,66.06815,66.4003,62.20129,58.83026,60.20797,55.4617,60.53924,55.65968,57.56735,62.0967,61.0,63.3877,63.3877,60.40695,66.0303,66.1211,66.00758,70.11419,73.02739,68.18358,73.00685,74.10803,70.02857
10.04988,9.0,9.0,9.0,8.0,7.0,7.0,6.0,6.08276,5.09902,5.09902,5.09902,4.12311,4.12311,3.16228,3.16228,2.23607,2.23607,1.41421,1.41421,1.41421,1.0,1.41421,1.0,1.0,1.41421,1.0,2.23607,2.23607,2.0,2.0,3.0,3.16228,3.0,3.0,3.0,3.0,4.12311,4.0,4.0,4.0,5.0,5.09902,4.0,5.09902,5.09902,5.09902,5.38516,5.38516,5.38516,5.0,5.0,61.68468,60.40695,57.56735,52.39275,51.97115,51.41984,46.32494,42.2019,41.0,41.30375,40.4475,30.80584,32.38827,27.89265,23.0,24.33105,22.09072,18.11077,18.02776,17.0,13.0,11.18034,7.2111,5.38516,3.60555,3.16228,3.60555,5.38516,2.0,5.38516,5.0,13.34166,11.04536,13.34166,16.03122,18.02776,16.12452,19.0,20.09975,20.22375,20.39608,24.69818,24.5153,27.01851,26.01922,28.07134,26.07681,26.1725,28.07134,28.01785,26.1725,28.16026,29.61419,27.65863,28.16026,26.92582,30.08322,56.0803,58.24946,57.98276,59.03389,60.00833,59.23681,62.24147,61.35145,65.25335,63.60031,68.68042,69.64194,69.64194,76.65507,75.50497,73.97973,78.33901,80.41144,79.62412,76.79193,79.07591,84.34453,76.65507,80.23092,79.07591,80.41144,77.10383,77.46612,71.58911,75.9276,69.857,74.46476,66.21933,65.45991,65.52099,65.0,62.64982,59.48109,57.80138,60.44005,57.80138,59.4138,52.34501,58.41233,57.45433,52.47857,55.56978,60.82763,59.5063,64.2573,63.69458,64.51356,66.7308,63.60031,71.30919,70.88018,68.30813
10.29563,8.94427,9.84886,8.94427,8.544,7.61577,7.61577,6.32456,6.32456,5.38516,5.38516,4.12311,4.12311,4.12311,3.16228,3.16228,2.23607,2.0,2.23607,2.0,1.0,1.0,0.0,0.0,0.0,1.0,2.0,1.0,1.0,2.0,2.0,2.0,3.0,3.0,3.0,4.0,4.12311,3.0,4.0,4.0,5.0,5.0,4.0,5.0,5.0,5.09902,5.09902,5.09902,4.12311,4.12311,4.47214,4.47214,65.0,60.20797,58.59181,53.33854,54.20332,51.10773,50.9902,46.09772,37.57659,38.48376,36.67424,32.64966,32.31099,31.62278,25.07987,22.80351,21.93171,17.08801,15.52417,19.10497,10.04988,12.04159,6.7082,4.47214,4.47214,2.23607,1.0,4.47214,2.0,9.05539,8.06226,10.04988,13.92839,8.24621,12.64911,15.29706,18.24829,21.58703,22.02272,20.39608,23.34524,21.37756,25.17936,24.08319,25.4951,27.16616,26.30589,30.26549,28.44293,31.7805,32.28002,31.62278,29.54657,32.64966,28.30194,27.20294,29.68164,52.47857,55.9017,59.5063,59.46427,62.93648,61.84658,62.93648,64.32729,66.4906,66.37017,70.34913,74.24284,75.23962,74.33034,79.22752,77.10383,79.15807,79.30952,80.025,82.05486,83.09633,86.05231,84.00595,81.0,83.02409,77.0,80.0,79.05694,76.05919,77.05842,76.41989,73.43705,70.25667,67.46851,65.11528,63.78871,59.48109,57.56735,59.80803,59.03389,54.58938,59.07622,57.80138,59.20304,55.22681,53.03772,57.62812,59.03389,63.60031,63.51378,63.63175,67.60178,67.23095,69.64194,72.91776,68.60029,71.11962
9.05539,8.06226,7.07107,7.07107,7.07107,6.08276,6.08276,5.09902,5.09902,4.12311,4.12311,3.16228,3.16228,2.23607,2.23607,2.23607,1.0,1.0,0.0,0.0,0.0,1.0,0.0,1.0,1.41421,1.41421,2.23607,2.23607,3.60555,2.82843,3.60555,3.60555,3.60555,4.47214,4.24264,5.0,5.0,5.0,5.0,5.0,5.0,5.83095,5.83095,5.83095,5.83095,5.83095,6.7082,6.32456,5.38516,6.08276,5.09902,6.08276,63.78871,59.4138,55.44367,49.72927,52.7731,50.44799,42.2019,40.26164,44.01136,38.32754,36.68787,29.73214,28.79236,27.89265,23.76973,22.80351,19.31321,20.12461,16.55295,12.52996,10.81665,5.83095,7.2111,7.07107,1.0,3.60555,3.16228,4.12311,6.08276,7.61577,8.60233,12.72792,12.72792,15.55635,14.86607,19.10497,18.60108,14.42221,19.20937,22.67157,23.85372,24.08319,26.40076,25.80698,26.40076,24.83948,30.0,32.80244,29.68164,26.92582,26.92582,33.54102,31.38471,31.38471,30.88689,30.80584,26.68333,57.14018,53.60037,63.03174,60.10824,64.38167,65.94695,63.41136,64.66065,69.02898,67.6757,73.81734,73.23933,73.23933,75.16648,77.00649,80.70936,77.10383,84.38009,81.63333,81.9878,82.68011,85.44004,84.38009,80.45496,81.63333,82.41966,80.1561,81.5414,81.5414,75.0,72.11103,72.62231,69.40461,68.11755,65.43699,61.55485,59.39697,62.80127,58.00862,57.45433,53.7122,55.15433,55.02727,56.32051,54.34151,51.78803,57.27128,62.03225,60.00833,62.03225,65.06919,64.38167,65.76473,64.49806,68.593,62.28965,69.35416
8.544,8.24621,7.28011,7.28011,6.32456,6.08276,5.09902,5.09902,4.12311,4.12311,4.0,3.0,3.0,3.0,3.0,2.23607,2.23607,1.41421,1.41421,1.0,1.0,1.0,1.41421,1.0,1.0,2.0,2.0,2.0,2.0,3.0,3.0,3.0,3.0,3.16228,4.12311,4.12311,5.0,4.12311,4.12311,5.09902,5.09902,5.09902,5.09902,6.08276,6.0,5.0,6.0,6.0,5.0,5.09902,6.08276,5.38516,60.53924,59.94164,56.35601,51.0,50.08992,50.60632,45.17743,44.77723,36.67424,34.53983,33.83785,30.08322,32.89377,24.04163,24.69818,22.36068,19.92486,18.0,15.81139,18.11077,15.52417,8.0,7.61577,4.12311,4.12311,3.0,2.23607,5.0,5.0,8.24621,7.28011,5.09902,12.04159,13.60147,9.48683,17.46425,16.49242,22.2036,18.02776,26.57066,21.84033,21.84033,23.0,25.31798,29.61419,28.44293,26.68333,26.24881,27.29469,29.61419,27.16616,30.41381,30.41381,28.01785,28.16026,33.52611,27.65863,60.0,58.03447,59.3043,63.63961,63.34824,60.63827,61.39218,69.42622,71.30919,67.44627,71.16881,70.21396,76.844,80.32434,77.49194,76.2168,79.69944,78.43469,83.81527,79.37884,77.88453,82.86133,81.27115,77.25283,78.77182,80.65358,78.77182,79.40403,75.28612,77.49194,72.78049,67.89698,68.88396,65.19202,65.06919,64.19502,59.07622,58.0,56.22277,55.7315,53.85165,53.16014,52.20153,56.82429,52.47857,56.0357,56.85068,58.69412,58.25805,55.22681,56.85068,62.36986,60.80296,63.00794,66.8431,66.28725,63.81222
8.544,8.544,8.544,7.61577,7.28011,7.28011,7.28011,6.08276,5.09902,5.09902,5.09902,4.12311,4.12311,4.12311,3.16228,3.0,2.0,2.0,2.0,2.0,1.0,1.0,1.0,0.0,0.0,1.41421,1.41421,1.41421,1.41421,2.82843,1.41421,2.82843,2.82843,2.82843,3.60555,3.60555,5.0,3.60555,3.60555,4.24264,5.0,4.47214,4.47214,5.0,4.47214,4.47214,4.47214,5.38516,4.47214,4.12311,5.09902,4.12311,58.69412,55.10898,53.15073,52.15362,50.80354,45.70558,45.54119,39.11521,34.1321,39.20459,35.22783,28.07134,28.28427,27.01851,24.0,20.09975,22.2036,16.03122,13.34166,13.60147,12.16553,10.44031,9.84886,8.06226,4.12311,2.23607,2.23607,4.12311,2.82843,6.7082,5.0,10.29563,10.81665,12.20656,11.40175,11.6619,16.27882,17.80449,18.38478,18.38478,21.93171,18.35756,24.20744,24.04163,25.45584,25.4951,25.4951,25.45584,26.1725,25.4951,30.80584,27.80288,28.6007,29.15476,26.40076,28.17801,26.92582,50.9902,56.4358,58.00862,64.00781,61.07373,64.28063,61.29437,65.37584,69.58448,65.49046,70.5762,68.73136,73.5527,75.95393,79.76215,78.08969,83.18654,75.66373,82.20097,78.63841,80.23092,84.85281,78.51751,84.0119,80.23092,79.6304,77.16217,76.41989,73.33485,75.02666,75.00667,71.02816,73.43705,63.50591,68.06614,61.61169,56.32051,61.84658,55.54278,52.80152,58.18075,51.40039,51.40039,55.22681,51.08816,57.38467,52.00961,55.9464,58.13777,56.46238,59.94164,57.77543,59.80803,60.16644,63.60031,66.70832,61.13101
8.544,7.61577,7.61577,7.61577,6.7082,5.83095,5.83095,5.0,5.0,4.47214,4.24264,4.24264,3.60555,2.82843,2.82843,2.23607,2.23607,2.0,2.23607,1.0,1.0,1.0,1.0,0.0,0.0,1.0,1.41421,1.41421,2.23607,2.23607,2.23607,2.82843,2.82843,3.16228,3.60555,3.60555,3.60555,3.60555,3.16228,4.47214,4.47214,4.47214,4.47214,4.47214,4.47214,5.0,5.0,5.0,5.0,5.0,5.65685,5.0,56.0357,54.0,51.08816,48.01042,47.16991,46.17359,42.29657,39.11521,37.65634,34.52535,32.57299,27.51363,27.51363,27.65863,23.08679,20.88061,19.64688,19.23538,15.65248,14.76482,12.04159,9.84886,11.40175,5.38516,5.0,2.23607,1.41421,3.0,3.60555,5.0,7.2111,9.43398,10.0,12.80625,15.81139,17.02939,13.45362,19.20937,17.0,20.12461,22.47221,25.07987,24.69818,21.63331,24.69818,27.45906,23.85372,26.62705,25.23886,27.20294,31.62278,30.4795,27.65863,25.45584,32.52691,30.0,27.45906,50.32892,65.73431,57.48913,57.70615,60.16644,65.62012,63.03174,59.0,71.06335,64.00781,72.33948,75.02666,76.02631,78.00641,79.05694,79.02531,80.00625,74.00676,84.05355,80.00625,85.0,83.02409,83.21658,85.00588,82.0975,81.30191,82.1523,79.40403,77.41447,74.96666,68.06614,72.83543,73.34848,70.88018,67.72001,62.29767,58.69412,58.13777,57.80138,57.80138,55.75841,52.3259,53.03772,52.40229,48.82622,53.66563,54.12024,53.22593,55.02727,53.16014,56.88585,59.43904,63.63961,58.85576,61.40033,58.30952,63.00794
7.28011,7.28011,6.08276,6.08276,6.08276,5.09902,5.0,5.09902,4.0,4.0,4.0,3.0,3.0,2.0,2.0,2.0,2.0,1.0,0.0,0.0,1.0,1.0,1.0,1.41421,1.41421,1.41421,2.23607,2.23607,2.82843,2.82843,3.60555,3.60555,3.60555,3.60555,4.24264,4.24264,4.24264,5.0,5.0,5.0,5.0,5.0,5.0,5.0,5.0,5.83095,5.83095,5.38516,5.38516,5.38516,5.38516,5.09902,48.50773,48.05206,47.67599,49.16299,43.41659,42.75512,42.57934,36.12478,33.06055,35.0571,36.01389,27.0,25.01999,23.5372,22.56103,19.23538,15.0333,15.52417,11.40175,14.14214,12.36932,6.08276,5.09902,5.09902,3.16228,2.23607,2.23607,5.09902,7.07107,4.12311,9.21954,10.63015,10.81665,11.40175,13.89244,17.69181,16.40122,20.0,21.26029,22.47221,20.0,25.80698,23.60085,27.58623,23.43075,24.08319,26.24881,29.20616,29.20616,29.06888,27.29469,31.06445,31.76476,29.15476,28.63564,27.85678,30.08322,56.82429,57.58472,60.74537,65.45991,63.78871,62.96825,67.46851,69.58448,68.73136,70.71068,70.71068,74.33034,77.10383,75.80237,77.41447,79.02531,83.38465,82.21922,84.38009,86.20905,81.02469,85.2115,86.28441,83.02409,83.21658,83.48653,80.22468,80.22468,78.40918,78.77182,73.97973,75.13322,70.85901,66.70832,67.91171,62.03225,65.78754,59.5063,59.48109,56.30275,56.30275,48.83646,55.15433,52.34501,53.60037,50.44799,56.85068,52.15362,55.4617,55.9464,57.24509,57.28001,56.921,59.03389,57.72348,68.44706,60.41523
9.21954,8.48528,8.48528,8.48528,7.81025,7.07107,6.40312,6.40312,6.40312,5.83095,5.0,5.0,5.0,4.47214,3.60555,3.60555,2.82843,2.23607,2.23607,1.41421,1.41421,1.41421,1.0,1.0,0.0,1.0,1.0,1.0,2.0,2.0,2.0,3.0,3.0,3.0,3.0,4.0,4.0,3.16228,4.0,4.0,4.12311,5.09902,4.0,5.09902,5.09902,5.09902,5.09902,4.47214,4.47214,4.47214,4.47214,5.0,53.8145,53.41348,51.08816,46.75468,49.0408,42.44997,38.8973,40.36087,35.0,34.71311,30.80584,29.41088,29.15476,21.63331,24.41311,21.09502,21.93171,15.65248,16.76305,12.36932,10.04988,11.7047,6.32456,7.28011,5.38516,5.0,2.23607,0.0,4.47214,7.0,7.07107,6.08276,10.77033,8.24621,13.15295,15.81139,14.03567,15.0333,18.24829,14.86607,17.72005,20.22375,22.47221,24.02082,21.37756,20.61553,24.18677,27.16616,24.18677,22.09072,28.16026,24.08319,29.01724,27.07397,31.01612,27.29469,28.44293,51.88449,55.9464,56.40035,60.80296,62.00806,61.55485,62.2254,64.44377,67.88225,69.31089,67.88225,70.72482,73.5527,74.33034,79.20859,72.86288,79.20859,77.78175,81.3941,79.24645,79.20859,82.73452,79.20859,83.4386,79.30952,81.34494,80.61017,78.51751,74.27651,75.82216,70.60453,71.61006,67.1193,66.57327,63.81222,60.82763,61.32699,58.87274,57.24509,56.75385,57.07013,53.23533,57.00877,55.00909,54.45181,46.32494,52.81098,51.62364,54.78138,54.12947,50.56679,55.56978,60.74537,56.30275,58.83026,59.40539,57.00877
9.21954,8.48528,7.81025,7.81025,6.40312,6.40312,6.40312,5.65685,5.0,5.0,5.0,4.24264,3.60555,3.60555,2.82843,2.82843,2.23607,1.41421,1.41421,1.0,1.0,1.0,1.0,1.0,1.41421,1.41421,2.0,2.0,3.0,2.0,3.0,4.0,4.0,4.0,3.0,4.0,4.0,4.0,5.09902,5.09902,4.0,5.0,5.09902,5.09902,5.09902,5.09902,5.09902,5.38516,5.38516,5.38516,4.47214,5.0,55.97321,56.0803,54.48853,51.62364,47.38143,48.16638,43.18565,38.8973,36.76955,40.36087,36.40055,32.80244,31.62278,24.20744,25.6125,24.41311,22.2036,17.49286,18.38478,12.52996,13.45362,8.94427,11.40175,5.65685,5.0,1.0,1.0,2.0,2.0,5.38516,9.05539,8.06226,9.48683,12.0,15.29706,13.0,12.04159,17.26268,19.31321,22.2036,19.64688,19.23538,23.5372,26.4764,25.0,25.70992,27.16616,27.65863,28.16026,26.57066,29.52965,28.63564,29.52965,25.55386,26.62705,26.90725,24.75884,54.34151,57.31492,58.0,62.03225,61.07373,65.37584,64.28063,66.09841,64.93843,69.72087,73.24616,70.88018,75.18643,76.40026,78.16009,78.58753,85.72631,82.56513,85.72631,80.32434,80.99383,87.31552,80.62258,87.59566,84.30896,83.57033,82.63776,80.95678,76.2168,80.99383,74.94665,73.37575,72.53275,68.62215,67.68309,63.34824,63.78871,64.19502,61.13101,55.03635,59.21149,57.55867,59.22837,57.72348,56.61272,54.23099,57.00877,55.4617,56.0803,62.96825,57.42822,60.60528,62.96825,63.12686,64.38167,64.66065,63.89053
7.61577,7.28011,7.28011,7.28011,7.28011,6.08276,6.08276,5.09902,5.09902,5.09902,4.12311,4.0,3.0,3.0,3.0,2.0,2.0,2.23607,2.23607,1.41421,1.41421,1.0,1.0,1.0,0.0,0.0,1.0,1.41421,1.41421,1.41421,2.23607,2.23607,2.82843,2.82843,2.82843,2.82843,2.82843,3.60555,4.24264,4.24264,4.24264,3.60555,4.24264,3.60555,3.60555,3.60555,3.16228,3.0,2.0,2.0,2.0,1.0,55.60576,55.0,53.60037,52.20153,50.21952,48.25971,45.48626,43.26662,41.34005,38.58756,36.71512,34.0,31.30495,29.96665,27.313,24.69818,23.08679,20.88061,19.41649,17.11724,15.0333,14.03567,13.15295,11.40175,10.77033,10.0,9.89949,9.43398,10.77033,10.44031,11.04536,12.0,13.0384,14.14214,15.52417,15.81139,17.72005,18.02776,20.24846,20.61553,21.54066,22.84732,22.84732,24.16609,25.07987,25.07987,24.69818,25.63201,26.24881,25.96151,26.68333,26.4764,27.29469,27.07397,27.01851,27.0,27.01851,59.5483,60.1415,60.82763,61.7171,62.80127,64.07027,66.03787,67.60178,69.31811,70.68239,72.61543,74.09453,75.61085,77.16217,78.44743,79.81228,80.28076,82.0,82.56513,83.18654,84.0119,83.72574,83.60024,83.48653,82.49242,82.38932,80.399,79.30952,78.31347,76.32169,74.24284,72.33948,70.34913,68.46897,66.61081,63.95311,62.36986,59.90826,58.82176,57.58472,55.54278,55.00909,54.20332,54.3783,53.82379,54.81788,55.31727,55.9017,56.56854,58.0,58.79626,59.66574,60.44005,61.22091,62.00806,62.80127,63.60031
8.544,7.28011,8.24621,7.28011,7.28011,6.32456,6.32456,5.38516,5.38516,4.47214,4.47214,4.47214,3.60555,3.60555,3.60555,3.60555,2.82843,2.23607,2.23607,2.23607,2.0,2.0,3.0,2.0,2.23607,3.16228,2.82843,2.82843,2.82843,4.24264,3.60555,3.60555,4.24264,4.24264,4.24264,5.0,5.0,5.0,5.0,5.0,5.65685,5.65685,5.65685,5.0,5.65685,5.0,5.83095,5.83095,5.83095,5.38516,5.38516,5.09902,59.66574,53.36666,55.9017,50.69517,47.75982,49.24429,44.59821,42.44997,39.56008,36.68787,35.90265,34.78505,32.31099,31.01612,29.15476,26.41969,23.70654,23.85372,21.47091,15.6205,17.69181,16.40122,15.65248,14.42221,10.29563,11.0,8.0,10.77033,9.05539,10.77033,14.21267,12.80625,10.63015,15.55635,17.20465,18.43909,17.02939,18.43909,18.38478,20.59126,19.84943,23.70654,24.41311,26.07681,28.30194,29.06888,29.20616,30.4795,27.01851,31.14482,30.41381,27.65863,31.14482,29.68164,27.45906,29.96665,26.40076,53.00943,58.24946,55.4617,62.03225,63.60031,60.87693,62.58594,63.50591,69.87131,68.35934,70.02857,73.02739,73.02739,75.05998,77.23341,76.65507,80.89499,81.21576,81.78631,82.96987,82.0061,83.9345,86.64872,82.86133,80.77747,81.5414,78.79086,79.30952,77.38863,77.38863,72.44998,71.17584,68.942,66.70832,65.55151,63.90618,58.5235,57.72348,57.28001,54.12024,51.62364,50.80354,52.08647,55.08176,51.0,55.14526,51.35173,53.60037,55.9017,56.04463,55.7853,58.24088,60.44005,60.16644,63.60031,64.84597,62.62587
9.05539,9.05539,8.06226,8.06226,7.07107,7.07107,7.07107,6.08276,6.08276,5.09902,5.09902,5.09902,5.09902,4.12311,4.12311,3.16228,3.16228,2.23607,2.23607,2.23607,2.23607,1.41421,1.41421,1.41421,1.41421,2.0,2.23607,1.41421,1.41421,2.23607,2.23607,2.82843,2.82843,2.82843,2.82843,3.60555,3.60555,2.82843,3.60555,3.60555,3.60555,3.60555,3.60555,3.60555,4.47214,4.47214,4.12311,4.12311,4.12311,4.0,4.0,4.12311,59.07622,60.20797,56.22277,53.33854,52.15362,46.09772,46.04346,46.09772,41.19466,38.20995,39.31921,33.0,31.01612,33.37664,27.29469,26.24881,25.0,22.13594,18.38478,19.64688,19.69772,13.60147,14.21267,12.04159,9.89949,10.81665,10.19804,9.84886,13.0384,13.15295,13.34166,17.08801,13.41641,13.0384,17.20465,15.65248,16.40122,17.80449,18.60108,23.32381,22.2036,22.47221,25.6125,25.80698,25.0,24.69818,28.01785,27.80288,29.68164,29.15476,31.30495,30.46309,28.79236,28.86174,27.89265,28.0,27.01851,56.85068,59.90826,61.7171,63.15853,62.96825,64.28841,67.18631,69.87131,70.85901,70.85901,73.06162,78.02564,78.00641,75.02666,81.30191,78.51751,81.61495,82.37718,84.17244,83.95237,83.67795,83.24062,82.56513,84.15462,84.17244,81.5414,82.34683,81.02469,76.48529,73.79024,73.79024,71.55418,69.77105,66.18912,67.1193,63.50591,60.00833,57.93962,55.36244,55.65968,55.31727,54.74486,54.74486,53.15073,52.23983,52.03845,52.03845,53.60037,56.56854,60.82763,57.70615,59.68249,62.64982,60.67125,64.32729,63.50591,62.514
8.0,8.0,8.0,7.0,7.0,6.0,6.08276,6.0,5.0,5.0,5.09902,4.47214,4.12311,3.16228,3.16228,3.60555,2.82843,2.82843,2.23607,2.23607,2.23607,2.23607,3.0,2.0,2.0,3.16228,3.16228,3.16228,3.60555,3.60555,3.60555,3.60555,3.60555,4.24264,4.47214,5.0,4.47214,5.0,4.47214,4.47214,5.83095,5.83095,5.83095,5.38516,5.38516,5.38516,6.32456,5.38516,5.09902,5.09902,5.09902,5.0,57.42822,56.22277,52.34501,50.35871,53.23533,47.51842,44.91102,45.54119,41.59327,36.34556,35.51056,36.01389,30.01666,32.06244,30.06659,24.0,24.18677,20.09975,22.56103,14.31782,18.68154,13.45362,16.40122,12.72792,10.81665,10.81665,12.16553,12.36932,10.0,13.15295,18.02776,15.52417,14.31782,15.23155,17.88854,19.31321,18.35756,20.59126,21.9545,22.2036,21.0238,23.70654,26.40076,23.70654,25.23886,25.55386,29.96665,30.01666,29.15476,27.73085,30.67572,28.79236,30.08322,27.65863,27.01851,28.16026,29.06888,53.75872,57.55867,61.20457,59.03389,63.1981,62.39391,65.76473,65.73431,68.88396,68.70953,70.2282,74.84651,76.32169,79.15807,79.17702,80.13114,77.89737,83.76157,80.70936,83.00602,81.21576,88.09086,84.38602,85.70298,84.14868,86.26703,82.73452,75.66373,75.69016,76.36753,72.13876,70.00714,65.79514,69.31089,65.76473,64.53681,60.10824,58.0517,56.22277,57.2014,53.85165,56.35601,48.75449,54.78138,51.62364,53.45091,54.40588,57.97413,54.91812,52.61179,59.43904,59.84146,64.13267,59.22837,64.62971,61.66036,62.1289
8.94427,8.94427,8.06226,7.61577,6.7082,6.7082,5.83095,6.40312,5.83095,5.0,5.0,4.24264,4.24264,4.24264,3.60555,3.60555,3.16228,3.16228,2.23607,3.16228,3.0,3.0,3.0,3.16228,3.16228,3.16228,3.60555,3.60555,3.60555,4.47214,3.60555,5.0,5.0,5.0,5.0,5.83095,5.83095,5.0,5.0,5.0,5.83095,5.83095,5.83095,5.83095,6.7082,5.38516,6.32456,6.32456,5.38516,6.08276,6.0,6.0,55.56978,58.18075,53.23533,49.73932,51.0,42.54409,49.64877,43.909,40.31129,34.66987,37.57659,33.28663,34.4093,30.80584,26.87006,24.83948,25.6125,21.93171,24.20744,22.80351,14.31782,16.15549,18.97367,12.36932,15.0333,17.11724,14.14214,14.31782,13.92839,13.60147,19.69772,15.55635,17.46425,23.60085,25.4951,20.0,22.62742,25.4951,23.43075,24.20744,29.0,27.01851,27.65863,25.4951,30.41381,29.73214,29.0,33.6006,28.01785,29.20616,34.48188,31.38471,31.95309,29.73214,32.75668,31.04835,32.01562,56.921,56.85948,60.90156,60.74537,61.61169,62.93648,63.65532,67.94115,66.8431,71.61006,72.00694,73.06162,74.79305,76.94154,81.02469,81.02469,80.23092,83.81527,80.77747,78.64477,85.51023,88.11924,85.98837,85.70881,82.0975,80.22468,80.025,78.02564,78.00641,74.10803,71.00704,70.11419,68.02941,66.0303,67.1193,60.00833,61.0082,57.14018,55.14526,53.33854,54.74486,52.7731,48.76474,52.39275,48.38388,49.98,50.24938,52.7731,57.70615,58.18075,53.0,56.85948,57.45433,63.13478,61.29437,59.90826,61.91123
8.06226,7.0,7.0,7.0,6.0,6.0,5.0,5.0,5.0,4.0,4.0,4.12311,4.12311,3.16228,3.16228,2.23607,2.23607,2.23607,2.82843,2.23607,2.23607,2.23607,2.23607,3.16228,3.0,3.0,3.0,3.0,4.0,3.0,4.0,4.0,5.0,5.0,4.0,4.0,5.0,5.0,5.0,5.0,5.0,5.09902,5.09902,5.09902,5.09902,5.09902,5.38516,5.0,4.47214,5.0,5.0,4.24264,54.08327,53.33854,47.26521,48.83646,46.0,44.18144,40.1995,39.0,41.04875,35.0,34.0,35.0571,29.01724,30.06659,27.0,28.07134,23.19483,22.36068,18.38478,20.59126,17.88854,20.80865,15.55635,17.02939,17.20465,17.88854,19.23538,18.43909,17.02939,18.97367,19.23538,21.0238,23.0,20.22375,22.02272,24.5153,25.01999,26.07681,29.01724,30.0,28.01785,26.0,28.01785,29.0,29.01724,31.06445,30.01666,32.14032,30.26549,29.42788,33.54102,32.24903,31.04835,31.7805,31.76476,29.68164,29.73214,54.67175,57.98276,59.05929,60.41523,64.51356,62.36185,64.53681,71.58911,66.48308,71.25307,71.00704,72.11103,79.40403,79.51101,78.91768,81.21576,77.88453,82.46211,75.58439,81.27115,81.27115,85.23497,86.31338,85.42248,81.30191,81.12336,83.48653,79.92496,81.5414,70.60453,72.62231,67.42403,68.00735,69.06519,62.42596,64.07027,60.46487,57.14018,54.70832,53.7122,53.23533,51.62364,49.98,50.44799,45.88028,50.15974,50.24938,51.15662,53.08484,54.14795,56.0803,58.03447,62.20129,57.31492,59.21149,58.07753,66.00758
7.81025,7.2111,7.2111,6.40312,5.83095,5.83095,5.83095,5.0,5.0,4.47214,4.47214,4.47214,3.16228,3.16228,3.0,3.0,3.0,3.0,2.23607,2.23607,2.23607,2.23607,2.82843,2.82843,2.82843,2.82843,3.60555,3.16228,4.47214,3.60555,4.47214,4.47214,4.47214,4.47214,5.0,5.0,5.0,5.0,5.0,5.0,5.0,5.0,5.65685,5.65685,5.0,5.0,5.0,5.83095,5.38516,5.38516,5.09902,5.09902,47.16991,47.43416,48.37355,46.14109,46.04346,41.67733,39.39543,40.49691,37.57659,33.54102,33.54102,31.76476,28.79236,27.313,24.35159,21.37756,24.33105,24.02082,18.11077,18.24829,18.24829,15.81139,18.11077,19.69772,19.41649,14.21267,16.27882,18.43909,20.61553,21.40093,27.313,24.69818,21.40093,24.69818,29.52965,28.01785,28.01785,27.78489,27.73085,31.06445,26.83282,33.83785,28.42534,35.80503,30.61046,35.38361,34.20526,33.6006,29.83287,33.30165,33.42155,33.6006,30.23243,31.76476,32.20248,31.7805,31.7805,53.85165,56.88585,62.39391,61.0082,63.0,64.19502,64.13267,64.28841,70.88018,70.5195,75.96052,72.09022,76.05919,76.05919,80.45496,79.32213,82.0975,84.38602,82.807,84.14868,83.45058,85.63294,82.21922,83.09633,86.83893,83.60024,75.71658,74.62573,77.69813,75.29276,72.06941,71.19691,66.24198,66.64083,61.7171,56.35601,61.91123,57.14018,52.43091,51.40039,47.63402,49.51767,47.50789,46.09772,46.09772,48.16638,49.40648,48.8774,53.33854,51.88449,49.1935,49.1935,52.3259,57.69749,56.93856,53.23533,54.12024
8.24621,7.28011,7.07107,6.08276,6.08276,6.08276,5.38516,5.38516,5.38516,5.38516,4.47214,4.47214,4.47214,4.24264,4.24264,4.24264,3.60555,3.60555,3.60555,3.60555,3.16228,4.12311,4.12311,4.12311,4.0,5.0,5.0,5.0,5.0,6.0,5.0,6.0,6.0,6.0,6.0,6.0,6.0,6.0,6.08276,6.08276,6.08276,6.08276,6.08276,6.32456,6.32456,6.32456,6.32456,5.83095,5.83095,5.83095,6.40312,5.65685,50.35871,49.0102,49.0408,44.04543,46.04346,43.10452,40.11234,41.01219,39.01282,35.35534,32.75668,30.26549,30.59412,26.68333,26.4764,26.83282,25.07987,22.82542,20.12461,24.83948,19.84943,21.26029,21.40093,19.72308,22.82542,19.69772,23.08679,21.37756,21.37756,23.76973,27.01851,24.18677,26.07681,28.16026,29.0,29.27456,33.13608,33.01515,33.13608,33.06055,29.15476,31.06445,31.7805,31.257,30.80584,34.52535,34.36568,32.28002,34.20526,38.07887,33.24154,34.53983,33.12099,30.0,32.20248,33.6006,30.41381,50.60632,54.48853,57.48913,59.64059,62.76942,64.41273,61.32699,66.12866,67.05222,70.34202,67.74216,70.85901,72.99315,78.00641,74.00676,79.15807,80.025,80.399,80.75271,80.60397,77.66595,80.77747,81.59657,82.28001,82.8553,81.02469,77.82031,72.89719,76.94154,72.47068,68.7968,65.76473,67.23095,64.41273,64.88451,59.05929,55.9017,54.20332,52.0,52.20153,45.88028,52.20153,49.0408,48.6621,45.27693,47.04253,44.01136,50.0,48.01042,53.23533,52.15362,52.15362,55.14526,53.33854,55.14526,60.40695,58.03447
7.07107,7.07107,6.40312,6.40312,6.40312,5.83095,5.0,5.0,5.0,4.47214,4.47214,4.12311,4.47214,4.12311,3.16228,3.16228,4.0,3.0,3.0,3.0,3.0,3.16228,3.16228,3.16228,3.60555,3.60555,3.60555,3.60555,3.60555,4.47214,4.47214,4.47214,4.47214,4.47214,4.47214,4.47214,4.47214,4.47214,4.47214,4.47214,4.47214,5.09902,4.47214,5.09902,5.09902,5.09902,5.0,5.0,5.0,4.12311,4.12311,4.47214,48.9183,46.8615,45.27693,43.18565,41.10961,40.31129,37.53665,33.6006,37.48333,32.01562,31.62278,28.42534,28.84441,28.30194,26.92582,25.4951,24.69818,23.4094,21.18962,26.4764,22.36068,23.0,22.02272,23.0,21.09502,22.36068,24.33105,23.76973,22.82542,24.16609,26.24881,28.23119,23.70654,26.83282,28.30194,26.83282,30.88689,30.88689,30.46309,33.12099,30.46309,33.24154,29.54657,31.95309,32.01562,28.4605,32.55764,30.59412,31.257,32.55764,30.41381,32.0,28.01785,30.14963,30.26549,28.63564,29.73214,54.34151,56.7186,61.0,60.03332,58.69412,59.84146,64.28841,65.80274,69.28925,69.46222,73.79024,76.66159,78.39005,79.05694,80.43009,78.74643,82.13404,81.32035,80.65978,79.98125,81.68843,83.40863,81.8352,87.46428,82.76473,82.29824,77.87811,79.30952,73.53911,73.38937,70.83784,69.89278,65.78754,63.90618,62.62587,57.93962,57.24509,53.85165,52.80152,50.53712,48.8467,48.8774,48.37355,50.47772,45.34314,44.59821,45.27693,45.96738,51.62364,48.79549,48.83646,49.57822,55.15433,48.9183,50.9902,56.0803,53.8145
7.07107,7.07107,6.40312,7.07107,5.65685,6.40312,5.83095,5.0,5.0,4.47214,4.47214,4.47214,4.47214,4.12311,4.12311,4.0,4.12311,4.0,4.0,4.12311,4.12311,4.12311,4.12311,4.47214,4.47214,5.38516,5.83095,5.38516,5.38516,5.83095,5.38516,5.83095,5.38516,5.83095,6.32456,6.32456,6.32456,6.32456,6.32456,6.32456,6.08276,6.08276,6.08276,6.08276,6.08276,6.0,6.0,6.0,5.09902,5.09902,5.09902,5.38516,50.15974,45.18849,45.18849,44.77723,41.18252,39.35734,34.43835,33.12099,29.68164,32.44996,31.40064,27.80288,27.58623,26.62705,25.4951,22.2036,20.0,22.02272,21.63331,21.93171,20.24846,20.61553,16.03122,19.92486,16.03122,20.02498,20.02498,22.09072,24.5153,22.2036,23.76973,25.4951,25.70992,30.08322,27.89265,27.65863,29.83287,28.4605,30.08322,30.59412,27.65863,32.55764,29.61419,31.257,31.7805,32.24903,35.01428,32.0,33.0,29.15476,32.14032,29.61419,32.75668,27.20294,28.6531,25.55386,30.52868,55.3263,59.48109,62.62587,63.07139,64.00781,60.46487,63.82006,67.62396,70.03571,73.59348,75.43209,74.02702,77.42093,78.77182,80.77747,80.13114,82.73452,82.8553,88.02272,87.66413,83.81527,86.40023,82.56513,85.0,83.48653,80.30567,80.00625,80.05623,79.02531,75.02666,72.06247,69.02898,66.00758,66.00758,65.00769,59.07622,55.00909,54.00926,51.0098,53.15073,51.15662,49.64877,50.48762,45.89118,48.50773,50.92151,50.32892,45.88028,49.73932,47.88528,45.65085,47.85394,52.92447,48.75449,50.53712,52.92447,50.9902
6.40312,6.40312,6.40312,5.0,5.0,5.0,4.47214,3.60555,3.60555,3.16228,3.16228,3.16228,3.0,3.0,3.0,3.16228,2.23607,2.23607,2.82843,2.82843,2.82843,3.60555,2.82843,3.60555,3.60555,4.47214,4.47214,4.47214,5.38516,5.38516,5.0,5.83095,5.83095,5.83095,5.83095,5.83095,5.83095,5.0,6.40312,5.83095,6.40312,6.40312,5.65685,5.65685,5.65685,5.0,5.0,5.0,5.38516,5.38516,5.09902,4.12311,44.65423,40.81666,39.40812,40.45986,39.62323,33.97058,32.52691,31.241,31.14482,26.87006,24.08319,25.6125,22.67157,23.76973,23.08679,18.78829,18.38478,16.03122,16.03122,18.02776,15.0333,16.27882,13.60147,16.15549,15.81139,13.89244,17.20465,16.40122,18.43909,22.02272,24.75884,21.09502,24.08319,27.58623,28.6007,26.24881,28.42534,28.84441,30.23243,31.89044,31.89044,29.83287,29.73214,32.64966,31.89044,32.55764,29.83287,33.30165,30.61046,30.88689,32.75668,30.8707,29.54657,31.30495,26.92582,28.63564,29.15476,58.13777,56.0803,61.03278,61.55485,65.76473,63.78087,66.06815,68.24222,71.34424,75.47185,74.43118,72.89719,78.72103,81.85964,79.70571,82.5409,82.5409,85.72631,80.77747,85.70298,85.51023,89.27486,85.28775,82.29824,83.21658,80.05623,82.0061,78.0,78.0,76.02631,75.16648,70.02857,69.06519,63.0,61.0,61.0082,58.07753,54.23099,54.45181,52.7731,49.81967,47.53946,48.27007,50.59644,48.10405,51.88449,50.9902,47.01064,52.69725,49.92995,51.0392,52.43091,50.21952,54.6443,52.20153,51.61395,55.0
5.0,5.09902,5.09902,4.12311,4.12311,4.12311,3.16228,3.60555,2.82843,2.82843,2.82843,2.23607,2.23607,2.23607,2.23607,3.16228,3.0,3.0,3.0,3.16228,3.16228,3.16228,4.12311,3.16228,4.47214,4.47214,5.0,5.0,5.0,5.83095,5.0,5.0,5.83095,5.83095,5.83095,5.83095,6.7082,5.83095,5.83095,5.83095,6.7082,6.7082,6.32456,6.32456,6.32456,6.32456,6.08276,5.09902,6.08276,6.0,6.0,5.0,43.9659,40.60788,40.02499,36.13862,35.12834,28.44293,29.42788,26.01922,24.0,24.02082,21.0,18.68154,19.23538,14.76482,16.12452,15.55635,15.55635,16.64332,11.6619,17.0,15.23155,14.03567,14.0,16.49242,17.0,16.27882,18.02776,17.72005,18.68154,20.88061,20.61553,23.32381,23.70654,27.73085,26.83282,27.73085,25.55386,27.29469,29.06888,30.52868,33.28663,31.76476,34.53983,30.08322,34.0147,31.7805,33.54102,32.57299,33.24154,30.41381,31.04835,32.98485,32.14032,27.16616,30.01666,28.07134,28.28427,57.24509,63.32456,59.94164,68.60029,63.28507,68.8186,69.6563,68.68042,71.44928,67.89698,74.24958,78.56844,79.39773,82.87943,85.14693,80.21222,84.05355,84.64632,87.65843,84.90583,85.95929,91.24144,81.84131,86.4523,82.29216,81.3941,82.76473,83.67198,72.49828,76.15773,67.23095,71.30919,64.62198,62.24147,61.7171,57.24509,52.35456,54.91812,49.09175,50.80354,46.01087,45.25483,46.09772,44.68781,43.01163,45.22168,46.64762,41.62932,49.39636,41.4367,47.53946,47.53946,51.24451,45.88028,50.96077,51.41984,46.57252
6.40312,6.40312,5.83095,5.0,4.47214,4.47214,3.60555,3.16228,3.16228,3.0,2.0,2.0,2.0,2.23607,1.41421,1.41421,2.23607,1.41421,2.0,2.0,2.0,2.23607,2.0,3.16228,3.16228,3.16228,4.47214,3.60555,4.47214,4.47214,4.47214,5.0,5.83095,5.83095,5.38516,5.38516,5.83095,5.83095,5.83095,5.38516,5.38516,5.38516,5.38516,5.09902,5.09902,5.09902,5.09902,5.09902,5.0,5.0,5.09902,4.12311,21.40093,20.0,20.0,17.02939,15.0,13.41641,15.65248,14.31782,11.18034,10.29563,9.48683,10.44031,10.19804,8.24621,9.05539,7.28011,7.0,5.38516,5.83095,6.40312,7.07107,5.83095,4.24264,6.08276,7.07107,7.07107,7.0,8.06226,9.48683,9.05539,11.40175,11.18034,11.40175,10.29563,12.52996,13.0,14.86607,14.31782,14.76482,14.86607,15.23155,15.65248,15.23155,16.15549,13.60147,15.81139,15.29706,16.76305,15.13275,16.49242,17.02939,16.03122,15.0333,16.12452,15.0,14.14214,14.31782,32.55764,32.01562,34.4093,36.23534,34.88553,34.43835,35.34119,37.0,36.05551,37.36308,39.84972,39.56008,41.48494,42.2019,40.60788,41.59327,44.55334,44.55334,43.41659,45.09989,45.01111,44.18144,45.17743,43.10452,44.0,42.0119,43.04649,39.0,39.0,38.0526,37.0,36.0,34.0,32.01562,32.14032,30.06659,29.15476,28.44293,26.92582,25.63201,23.76973,24.16609,23.70654,25.80698,22.02272,24.20744,24.83948,24.75884,26.1725,25.4951,26.24881,27.20294,27.20294,27.20294,26.40076,25.80698,25.6125
6.40312,6.40312,5.0,5.0,4.47214,4.47214,4.47214,4.12311,4.12311,3.0,3.0,3.0,3.0,3.16228,2.23607,2.82843,2.82843,2.82843,2.82843,3.16228,3.16228,3.16228,3.16228,4.12311,4.12311,4.12311,5.09902,5.0,5.0,5.09902,5.0,5.0,5.0,5.0,6.08276,6.08276,6.0,6.0,6.0,6.0,6.08276,6.08276,6.08276,6.32456,6.32456,6.32456,6.32456,6.32456,5.38516,5.83095,5.83095,5.65685,21.63331,18.38478,19.23538,16.64332,18.60108,14.76482,16.12452,15.81139,13.0384,12.64911,11.40175,9.48683,9.21954,10.04988,8.24621,8.06226,8.06226,7.07107,5.38516,6.40312,6.40312,5.38516,6.7082,7.28011,8.544,6.32456,8.06226,9.05539,8.06226,11.18034,11.18034,11.18034,10.77033,13.15295,13.15295,14.31782,15.13275,13.34166,14.56022,16.49242,18.43909,16.27882,18.43909,15.29706,17.26268,19.23538,18.02776,16.03122,17.11724,19.0263,17.0,17.0,17.02939,14.31782,17.72005,16.49242,14.86607,29.06888,30.52868,33.12099,33.10589,33.61547,34.48188,34.48188,35.17101,36.87818,38.83298,39.62323,39.45884,40.60788,39.45884,39.11521,44.04543,43.01163,45.01111,44.01136,44.04543,43.04649,41.19466,45.27693,44.10215,45.54119,41.30375,39.20459,40.60788,36.67424,35.69314,33.73426,31.40064,32.55764,31.40064,28.28427,26.07681,27.07397,26.01922,23.08679,23.34524,21.37756,22.56103,22.13594,21.0238,21.9545,20.61553,18.86796,21.40093,20.51828,22.67157,22.80351,23.43075,23.43075,24.20744,24.20744,26.90725,22.2036
6.08276,5.38516,5.09902,5.09902,4.12311,4.0,4.0,3.0,3.0,3.0,2.23607,2.23607,2.23607,2.23607,2.82843,2.23607,2.23607,2.23607,3.16228,3.0,3.0,3.0,3.0,3.0,4.12311,4.12311,4.12311,4.12311,4.12311,5.38516,4.12311,5.38516,5.09902,5.38516,5.38516,6.32456,6.32456,5.09902,5.09902,5.09902,6.08276,6.08276,6.08276,6.08276,6.08276,6.0,5.0,5.0,5.0,5.09902,5.09902,5.38516,43.65776,40.80441,41.76123,37.85499,35.73514,31.40064,32.38827,32.75668,26.68333,24.33105,23.08679,19.0,20.02498,21.0238,16.03122,13.92839,15.23155,13.41641,15.6205,15.55635,11.40175,13.45362,12.08305,15.81139,15.81139,16.27882,17.11724,17.02939,19.23538,21.0238,18.24829,18.24829,20.09975,20.88061,25.31798,23.76973,25.96151,24.16609,26.30589,29.27456,28.86174,28.28427,30.14963,29.27456,25.0,29.15476,30.14963,28.01785,28.0,26.07681,28.28427,28.28427,28.86174,27.65863,26.41969,24.16609,21.9545,63.28507,61.13101,66.18912,66.28725,70.21396,66.40783,65.78754,69.07966,72.09022,80.06248,76.8505,78.49204,80.70936,82.41966,83.09633,83.24062,85.27602,89.80535,84.17244,86.97701,87.45856,89.37561,88.40814,86.02325,85.14693,85.14693,80.26207,77.69813,80.1561,74.30343,69.77105,65.76473,62.43397,62.76942,60.53924,59.90826,54.91812,50.77401,49.81967,46.8615,45.27693,46.8615,44.68781,46.04346,43.01163,44.77723,45.31004,45.31004,46.48656,50.32892,48.38388,49.64877,45.35416,50.01,53.36666,53.85165,50.44799
6.7082,5.38516,5.38516,5.38516,5.09902,4.12311,4.12311,4.12311,3.0,3.0,3.16228,3.0,2.23607,2.23607,2.23607,2.23607,2.23607,2.23607,2.23607,2.23607,3.16228,3.0,3.0,3.0,4.0,4.0,4.0,5.09902,4.12311,5.0,5.09902,5.0,5.09902,5.09902,5.0,5.0,5.0,5.0,5.0,5.0,5.0,5.09902,6.08276,5.09902,5.09902,4.47214,4.47214,4.47214,4.47214,5.0,4.24264,3.60555,44.77723,42.04759,44.59821,40.49691,38.62642,35.8469,30.80584,29.12044,26.68333,30.06659,23.19483,23.08679,17.02939,15.0333,16.12452,18.97367,16.27882,17.08801,14.76482,16.27882,13.60147,14.21267,14.42221,18.38478,19.23538,18.24829,21.47091,20.39608,20.02498,24.02082,22.36068,26.01922,25.31798,31.0,27.01851,27.01851,28.16026,30.01666,31.01612,29.06888,29.06888,34.0,30.14963,34.1321,30.0,29.83287,33.54102,33.24154,32.57299,31.01612,31.38471,29.96665,28.23119,25.80698,25.80698,27.65863,24.20744,58.00862,61.29437,62.96825,65.51336,63.32456,68.15424,70.26379,66.64083,71.11962,72.71864,77.69813,76.02631,78.81624,77.46612,84.20214,84.50444,83.63014,82.03658,82.03658,85.79627,83.09633,82.46211,84.64632,86.02325,80.1561,81.8352,78.54935,79.40403,77.02597,71.02112,68.09552,67.23095,61.77378,58.30952,65.51336,56.0357,54.40588,55.60576,53.41348,50.32892,48.10405,47.50789,47.20169,49.73932,46.87217,48.8774,53.0,48.46648,50.32892,52.55473,52.20153,53.85165,53.31041,51.86521,57.93962,57.00877,49.39636
6.40312,5.83095,5.83095,5.83095,5.0,4.47214,4.12311,4.12311,3.0,3.0,3.0,3.16228,3.16228,3.60555,3.60555,3.60555,2.82843,4.24264,3.60555,3.60555,4.24264,4.47214,5.0,5.38516,5.83095,5.38516,5.38516,5.83095,5.83095,6.32456,6.7082,6.7082,6.7082,6.7082,6.7082,6.7082,6.7082,7.2111,7.2111,6.40312,7.2111,6.40312,6.40312,6.40312,6.40312,5.65685,6.40312,5.0,5.83095,5.38516,5.38516,4.47214,22.67157,20.51828,20.51828,17.80449,19.41649,19.10497,16.40122,15.0,13.0384,13.89244,11.6619,11.18034,11.18034,7.28011,10.0,9.05539,9.0,9.05539,8.94427,10.29563,11.40175,10.63015,9.89949,12.72792,9.89949,13.45362,12.80625,13.60147,14.42221,14.76482,15.26434,15.26434,16.12452,17.0,15.26434,17.46425,17.49286,17.20465,17.49286,17.20465,19.41649,17.02939,18.38478,17.80449,19.10497,19.10497,18.43909,18.38478,17.69181,15.55635,15.81139,17.80449,17.0,15.23155,13.60147,13.92839,14.56022,29.68164,31.62278,31.89044,34.71311,33.94113,35.4683,34.20526,34.66987,35.22783,34.98571,41.18252,40.70626,38.91015,42.15448,42.72002,39.84972,44.27189,43.41659,42.44997,42.57934,42.57934,42.42641,41.30375,40.11234,40.04997,40.04997,39.0,41.01219,35.01428,37.01351,33.13608,35.01428,32.01562,29.06888,30.0,26.30589,27.01851,24.5153,22.36068,25.96151,23.08679,23.25941,24.16609,21.9545,21.9545,23.32381,22.67157,22.62742,23.43075,24.08319,24.75884,26.90725,27.01851,22.67157,26.90725,29.0,24.83948
6.32456,5.38516,5.38516,5.09902,4.12311,4.12311,4.12311,4.0,3.0,3.0,3.16228,3.16228,3.16228,2.82843,2.82843,2.82843,2.82843,3.60555,3.16228,3.16228,3.16228,4.12311,4.12311,4.12311,4.12311,4.12311,4.12311,5.09902,5.09902,5.09902,5.09902,6.08276,6.08276,5.38516,5.38516,5.38516,5.38516,5.38516,5.38516,5.38516,5.38516,5.83095,5.83095,5.0,5.0,5.0,5.65685,5.0,5.0,4.47214,4.47214,4.12311,42.54409,42.54409,44.38468,36.89173,37.58989,30.8707,30.8707,30.67572,23.19483,25.63201,25.29822,18.43909,19.41649,20.22375,15.52417,18.02776,16.15549,18.02776,19.72308,21.2132,17.69181,20.51828,21.47091,21.0238,19.31321,25.05993,27.20294,26.83282,24.04163,30.8707,29.73214,33.52611,30.26549,31.62278,31.32092,31.7805,31.01612,33.24154,33.52611,35.73514,34.88553,38.48376,32.89377,34.0147,39.56008,38.83298,35.22783,34.88553,32.55764,34.66987,36.06938,32.55764,29.73214,32.64966,30.41381,30.01666,27.73085,63.78871,61.03278,66.48308,67.53518,69.46222,68.26419,69.42622,73.5527,72.12489,75.66373,81.3941,79.30952,82.21922,84.50444,82.92768,86.82166,80.26207,85.0,85.47514,88.39118,82.34683,87.28115,88.02272,83.81527,82.21922,82.86133,80.08121,76.29548,72.18033,69.42622,71.38627,63.95311,62.39391,59.03389,55.7315,54.81788,50.69517,49.39636,44.94441,44.29447,45.65085,43.26662,39.62323,42.44997,41.01219,39.66106,45.22168,45.22168,44.77723,45.65085,48.8774,50.11986,50.77401,51.42956,55.15433,47.01064,51.62364
6.40312,5.83095,6.40312,5.65685,5.65685,5.0,5.0,5.0,4.47214,4.47214,4.47214,4.12311,4.12311,4.0,4.0,4.0,4.12311,4.12311,4.12311,4.47214,4.47214,4.47214,3.60555,5.83095,5.0,5.0,5.0,5.83095,6.40312,6.40312,6.40312,7.2111,6.7082,7.2111,6.40312,6.40312,6.40312,6.7082,6.7082,6.7082,6.7082,6.7082,6.32456,6.32456,6.32456,6.32456,6.08276,7.07107,6.0,6.0,6.08276,6.08276,20.24846,22.47221,19.69772,18.35756,16.76305,15.23155,13.89244,16.12452,13.89244,10.81665,11.40175,12.04159,9.21954,9.21954,9.43398,8.94427,9.05539,9.48683,9.0,12.0,12.04159,11.04536,8.24621,12.52996,10.77033,13.0,12.52996,15.65248,14.76482,15.0,15.0,15.26434,17.20465,18.02776,16.40122,19.20937,19.23538,20.24846,18.60108,18.35756,18.35756,19.23538,19.31321,17.46425,17.88854,16.15549,17.08801,18.02776,17.72005,16.49242,17.46425,16.03122,18.02776,17.0,18.0,15.13275,14.56022,30.61046,32.24903,32.20248,35.4683,32.89377,34.20526,33.73426,35.51056,38.11824,38.20995,40.0125,40.04997,39.11521,40.11234,41.19466,40.60788,42.42641,41.97618,42.44997,41.48494,40.80441,44.94441,40.31129,41.23106,40.24922,39.35734,39.44617,36.71512,35.8469,34.48188,32.44996,33.61547,31.62278,29.68164,26.92582,25.55386,21.47091,21.93171,20.24846,19.64688,19.64688,18.43909,18.11077,19.0,19.0,17.11724,19.23538,20.24846,19.31321,21.0238,19.31321,21.54066,23.4094,22.47221,22.13594,23.76973,22.84732
6.32456,6.32456,6.7082,5.83095,5.83095,5.0,5.0,4.24264,4.24264,3.60555,3.60555,3.60555,4.12311,4.12311,4.12311,4.0,4.0,4.12311,4.12311,4.12311,5.09902,4.47214,4.12311,5.38516,5.38516,5.38516,5.83095,5.83095,5.83095,5.83095,6.7082,7.2111,6.7082,6.7082,6.7082,6.7082,6.7082,6.7082,7.61577,7.61577,6.7082,6.32456,6.32456,6.32456,6.32456,6.08276,6.08276,6.08276,6.0,6.0,6.08276,5.09902,44.28318,37.48333,34.52535,35.51056,37.48333,35.1141,29.73214,27.313,28.23119,20.80865,24.59675,23.32381,21.26029,17.02939,15.26434,19.72308,15.52417,17.11724,15.81139,14.03567,18.02776,21.0,19.31321,23.08679,20.39608,24.16609,22.80351,27.45906,26.62705,29.06888,30.0,31.76476,35.22783,34.82815,33.01515,38.01316,37.21559,38.94868,37.58989,37.73592,38.58756,39.0,39.44617,40.49691,36.24914,37.94733,34.53983,36.76955,34.71311,34.20526,34.71311,33.01515,33.06055,33.06055,33.13608,31.0,29.83287,64.03124,65.49046,71.56815,69.0,68.11755,68.88396,67.18631,74.72617,73.4983,76.92204,80.41144,79.30952,81.34494,82.76473,86.31338,84.72308,86.09297,90.13878,83.21658,89.20202,89.4986,90.90655,89.14034,86.37129,82.07314,79.30952,79.9062,77.83315,75.74299,71.58911,64.53681,63.65532,65.29931,59.66574,58.13777,53.75872,49.49747,46.40043,39.20459,40.70626,38.94868,35.8469,38.32754,41.4367,37.65634,33.95585,37.05401,41.01219,43.01163,44.10215,44.18144,44.55334,47.67599,48.6621,46.69047,46.17359,51.62364
6.0,5.0,5.09902,4.12311,4.12311,4.12311,3.16228,3.16228,2.82843,2.82843,2.23607,2.23607,2.23607,3.0,2.0,2.0,3.0,3.16228,3.16228,3.16228,3.16228,3.60555,4.47214,5.0,5.0,5.0,5.0,5.83095,6.40312,6.40312,6.40312,6.40312,6.40312,5.83095,5.83095,5.83095,5.83095,6.7082,5.83095,6.7082,5.83095,5.83095,5.38516,5.38516,5.38516,5.09902,5.09902,6.0,5.0,5.0,5.0,4.12311,39.0,44.01136,38.20995,33.13608,32.14032,33.06055,29.15476,27.65863,23.5372,25.0,21.0238,20.0,19.84943,16.27882,15.6205,16.15549,16.12452,15.81139,18.68154,17.11724,16.0,19.0,21.54066,21.18962,19.92486,21.58703,25.94224,22.47221,25.4951,23.85372,28.79236,26.92582,28.01785,33.28663,30.52868,33.01515,28.84441,36.71512,35.8469,32.20248,36.24914,34.53983,34.17601,36.40055,38.94868,32.31099,32.57299,33.52611,35.35534,32.98485,36.87818,33.54102,33.13608,30.06659,27.29469,28.44293,30.67572,62.64982,67.26812,67.02984,72.33948,70.71068,74.52516,72.12489,77.36924,74.94665,72.61543,79.62412,80.49845,83.67198,80.26207,89.1852,83.48653,88.48164,85.8021,90.0,90.90655,89.20202,91.4385,86.27862,85.70298,85.70298,79.24645,79.02531,81.46779,75.21303,77.00649,68.8186,69.2026,64.03124,60.60528,58.25805,54.48853,48.83646,47.42362,45.96738,49.20366,46.64762,38.47077,45.69464,40.5216,42.05948,35.51056,37.12142,45.04442,43.04649,47.04253,47.0,52.00961,53.08484,47.26521,48.04165,56.0,53.23533
6.40312,5.83095,5.38516,4.47214,4.47214,4.47214,4.12311,3.16228,3.16228,3.0,3.0,2.0,2.23607,1.41421,2.23607,2.23607,2.82843,2.23607,3.16228,3.16228,3.16228,3.16228,3.16228,4.0,4.0,4.12311,5.09902,5.0,5.0,5.09902,6.0,5.09902,6.08276,6.08276,5.09902,5.09902,5.09902,5.09902,5.09902,5.38516,5.38516,5.38516,5.38516,5.0,5.0,5.0,5.0,5.0,4.24264,5.0,4.47214,4.47214,46.61545,41.04875,35.8469,38.47077,36.89173,32.24903,30.41381,26.57066,27.85678,23.4094,23.08679,21.37756,15.0,17.0,16.49242,12.36932,17.08801,12.80625,11.18034,16.27882,17.20465,19.41649,15.81139,15.23155,20.22375,22.2036,21.37756,23.02173,23.19483,29.01724,27.89265,31.01612,31.257,27.0,33.06055,30.06659,29.15476,32.24903,34.0,34.36568,34.78505,36.49658,36.13862,34.71311,34.20526,36.76955,34.9285,33.83785,31.01612,33.61547,34.88553,30.80584,28.6007,28.84441,28.3196,27.45906,26.62705,66.85058,64.88451,70.83078,67.80118,70.43437,69.6563,75.69016,77.15569,78.64477,76.83749,78.23682,80.45496,83.86298,84.0595,81.49233,89.55445,85.08819,88.95504,85.08819,84.43341,87.59566,89.1852,89.73851,85.70298,82.56513,86.14523,83.48653,78.91768,74.43118,69.58448,69.46222,65.37584,61.29437,60.07495,56.4358,53.60037,51.41984,48.50773,46.57252,43.46263,40.31129,42.72002,38.01316,43.41659,39.62323,46.01087,43.27817,45.48626,46.2277,44.94441,47.70744,50.24938,49.73932,51.88449,48.8774,46.87217,47.41308
6.32456,6.32456,5.38516,4.47214,4.47214,3.60555,3.60555,4.24264,3.60555,3.60555,3.60555,3.16228,3.16228,3.0,3.0,4.12311,4.12311,4.47214,4.47214,4.12311,4.47214,4.47214,4.47214,5.0,4.47214,5.83095,6.40312,5.83095,6.40312,7.2111,6.40312,6.40312,7.2111,6.40312,7.2111,7.2111,7.2111,6.7082,6.7082,7.2111,6.7082,7.61577,6.7082,7.28011,7.28011,7.28011,6.32456,6.08276,5.09902,5.09902,6.0,6.08276,44.55334,41.30375,38.0526,32.01562,34.05877,29.01724,35.0571,31.57531,24.08319,22.13594,18.97367,19.23538,21.0238,18.38478,14.86607,12.80625,16.64332,15.81139,17.72005,14.31782,16.03122,21.0238,16.0,24.02082,24.0,21.09502,28.79236,26.40076,28.44293,30.01666,28.6531,30.01666,29.61419,30.36445,32.20248,32.28002,33.24154,33.83785,37.12142,37.69615,38.27532,39.0,34.17601,34.48188,37.94733,34.9285,39.62323,32.75668,34.9285,34.23449,34.0,34.05877,31.06445,29.15476,27.29469,30.08322,25.0,65.00769,67.26812,66.70832,71.7844,67.6757,74.32362,72.94518,72.20111,79.92496,74.43118,76.55064,85.8021,83.81527,86.83317,84.95881,86.37129,85.56284,86.97701,86.55634,88.40814,84.81156,88.75246,84.6286,81.84131,83.81527,79.32213,81.00617,81.88406,74.24284,72.94518,62.17717,68.0,63.97656,62.64982,56.82429,51.31277,49.64877,48.25971,44.68781,43.13931,42.52058,38.27532,41.86884,37.33631,36.67424,46.95743,39.84972,42.05948,39.81206,46.38965,51.24451,49.0408,47.04253,47.09565,47.26521,45.09989,50.80354
5.83095,5.83095,4.47214,4.47214,4.12311,4.12311,3.16228,3.16228,3.0,2.0,2.0,2.23607,2.82843,2.23607,2.82843,2.82843,3.60555,3.16228,3.16228,3.16228,3.16228,3.0,3.0,4.0,5.0,5.0,5.0,6.0,6.0,6.0,6.0,6.0,6.0,6.0,6.08276,6.0,6.08276,6.0,6.08276,6.08276,6.08276,6.08276,6.08276,5.38516,5.38516,5.38516,5.83095,5.83095,5.0,5.0,4.24264,4.47214,19.23538,19.41649,17.46425,17.88854,15.65248,13.89244,14.31782,12.08305,12.16553,10.44031,9.05539,10.04988,9.0,7.28011,8.94427,8.60233,7.81025,8.60233,9.21954,7.61577,8.544,8.544,8.94427,11.18034,11.04536,11.18034,10.04988,13.0384,12.04159,13.0,14.03567,15.0333,16.12452,16.03122,17.02939,15.0333,16.03122,17.11724,15.29706,17.26268,19.0263,17.0,19.0,17.02939,17.02939,19.0263,16.27882,17.11724,16.03122,16.12452,17.26268,15.81139,14.56022,15.23155,14.31782,15.23155,14.86607,34.05877,31.82766,34.71311,35.22783,35.51056,34.48188,36.23534,36.23534,39.92493,38.27532,42.37924,40.5216,40.5216,40.26164,41.7732,41.7732,45.54119,43.41659,43.28972,43.28972,42.19005,43.10452,41.0,42.0119,40.0125,39.0,40.0,40.11234,37.05401,35.0571,35.12834,32.06244,30.01666,30.0,29.0,27.01851,23.19483,21.0238,21.84033,20.61553,21.18962,22.36068,18.86796,19.20937,19.84943,19.20937,19.20937,20.61553,20.24846,23.02173,20.80865,21.47091,25.05993,24.41311,27.29469,23.85372,23.32381
5.38516,5.09902,5.09902,4.12311,4.0,4.0,4.12311,4.0,4.12311,4.12311,4.47214,4.47214,4.24264,4.24264,4.24264,5.0,5.0,5.0,5.38516,5.38516,5.83095,5.38516,5.83095,6.32456,6.32456,7.28011,7.28011,7.28011,7.28011,7.61577,7.28011,8.24621,8.24621,7.28011,7.61577,8.544,8.544,7.61577,7.61577,7.61577,8.06226,7.61577,8.06226,7.2111,8.06226,7.2111,6.40312,7.81025,7.07107,7.07107,6.40312,6.40312,18.60108,15.81139,14.42221,13.60147,13.89244,13.41641,11.40175,12.36932,12.04159,9.21954,10.0,9.21954,10.04988,10.77033,9.84886,11.18034,10.0,12.20656,10.81665,11.40175,13.89244,10.81665,12.52996,12.08305,13.92839,12.64911,14.86607,16.76305,16.76305,18.68154,17.26268,21.2132,18.24829,17.46425,20.22375,20.39608,19.23538,21.09502,19.41649,21.37756,22.36068,20.61553,21.2132,22.13594,21.58703,21.18962,21.84033,19.31321,20.61553,20.61553,20.61553,20.59126,17.88854,18.86796,17.80449,17.69181,15.6205,31.95309,34.20526,33.54102,36.12478,35.0571,38.11824,36.0,36.05551,38.0526,37.33631,39.81206,41.48494,40.02499,41.76123,43.17407,42.37924,45.22168,43.65776,43.46263,43.46263,42.15448,42.04759,42.48529,40.81666,40.49691,39.66106,36.89173,37.21559,34.98571,33.01515,31.90611,30.0,28.30194,26.92582,24.69818,25.4951,22.36068,20.61553,16.76305,19.92486,17.11724,16.0,17.11724,14.14214,12.36932,18.02776,18.35756,16.64332,16.40122,19.41649,17.80449,19.10497,18.43909,20.51828,17.80449,21.26029,19.10497
6.08276,5.0,5.0,5.0,5.0,4.12311,4.12311,3.16228,4.47214,3.16228,3.60555,3.60555,2.82843,3.60555,3.60555,3.16228,4.12311,4.12311,4.12311,4.12311,4.12311,5.09902,5.0,5.0,6.0,6.0,6.08276,6.0,6.0,6.08276,6.0,6.0,7.0,7.0,7.07107,7.07107,7.0,7.0,7.0,7.0,7.0,7.0,6.08276,7.07107,7.07107,6.32456,6.32456,6.32456,5.83095,5.83095,5.83095,5.65685,21.09502,15.23155,15.52417,18.68154,17.46425,13.89244,13.60147,11.04536,11.18034,12.04159,12.04159,9.48683,8.544,8.94427,7.2111,10.63015,8.60233,9.21954,11.31371,10.29563,10.77033,9.84886,13.0384,15.29706,13.34166,15.29706,14.03567,15.0333,16.12452,15.0333,17.11724,17.0,17.02939,18.02776,20.0,19.0263,20.0,23.08679,19.23538,20.02498,21.0,20.02498,22.2036,19.10497,20.09975,18.02776,20.09975,19.10497,18.24829,17.72005,18.02776,19.92486,18.38478,14.76482,18.86796,15.81139,14.14214,32.64966,33.94113,34.82815,36.40055,36.89173,36.35932,34.43835,37.16181,39.39543,36.76955,43.01163,39.56008,42.05948,42.44997,43.93177,40.4475,44.55334,43.41659,45.27693,44.01136,43.0,41.04875,41.01219,43.01163,39.11521,40.1995,38.11824,41.30375,35.69314,33.73426,29.42788,29.42788,28.16026,27.16616,23.19483,23.08679,22.0,21.0238,18.02776,16.49242,16.49242,15.23155,14.76482,16.40122,15.55635,17.02939,19.84943,16.64332,22.47221,18.02776,19.72308,19.69772,20.61553,17.49286,19.72308,20.24846,21.54066
5.0,5.0,5.09902,5.09902,4.12311,4.12311,4.12311,3.60555,3.60555,3.60555,4.24264,3.60555,4.24264,4.24264,4.47214,4.47214,4.12311,5.38516,4.12311,5.09902,5.09902,5.09902,6.08276,5.09902,6.08276,6.0,6.0,6.08276,6.0,7.0,6.08276,7.07107,7.07107,7.07107,7.0,7.07107,7.07107,6.08276,6.08276,6.08276,7.07107,7.07107,7.28011,6.32456,6.32456,6.32456,6.7082,5.83095,5.83095,5.0,5.65685,5.0,42.04759,40.0,33.01515,37.21559,30.0,29.01724,26.68333,24.18677,25.17936,26.57066,24.69818,21.93171,21.26029,18.60108,20.51828,19.84943,22.62742,20.80865,23.70654,22.84732,22.84732,26.0,26.24881,27.65863,29.15476,28.07134,26.4764,27.29469,32.14032,29.01724,30.14963,34.52535,37.21559,34.0147,36.05551,34.71311,37.05401,38.47077,37.21559,38.01316,35.01428,39.62323,38.83298,36.87818,37.36308,37.85499,42.2019,37.64306,33.95585,39.56008,35.73514,35.35534,33.83785,33.83785,31.1127,29.0,26.90725,66.91039,63.3877,67.00746,73.43705,74.54529,74.2159,75.0,73.68175,76.89603,76.6942,83.18654,83.35466,85.75547,86.28441,83.40863,86.60831,88.23265,88.09086,84.95881,88.52683,88.61715,91.35097,88.40814,84.6286,80.70936,79.61156,75.66373,74.79305,74.79305,68.60029,67.23095,63.95311,58.66856,59.05929,51.10773,51.88449,48.25971,41.6173,42.2019,37.48333,36.87818,36.40055,32.44996,34.66987,34.78505,42.37924,38.32754,36.34556,39.05125,42.75512,43.04649,39.20459,40.1995,47.0,45.27693,45.27693,47.01064
7.28011,6.32456,7.07107,6.08276,6.08276,5.09902,5.09902,5.09902,4.0,4.0,3.0,3.0,3.16228,2.23607,2.23607,2.23607,1.41421,1.41421,2.23607,2.23607,2.0,2.0,2.0,2.23607,2.23607,2.23607,2.23607,3.60555,3.60555,2.82843,3.60555,3.60555,4.24264,4.24264,3.60555,4.24264,4.24264,4.24264,4.24264,4.24264,4.24264,4.24264,5.0,4.24264,4.47214,4.47214,4.47214,4.47214,4.47214,4.12311,4.12311,4.12311,49.33559,44.28318,45.17743,39.92493,36.87818,37.64306,34.17601,29.73214,28.16026,25.96151,25.31798,24.04163,19.41649,19.23538,12.16553,14.56022,14.56022,13.0,6.7082,9.84886,7.81025,7.61577,8.544,8.544,7.07107,10.04988,6.40312,12.20656,12.80625,6.7082,15.0,16.27882,16.64332,16.12452,14.86607,18.02776,20.80865,22.36068,21.93171,22.47221,22.47221,21.47091,23.02173,25.0,23.02173,21.63331,22.47221,25.80698,23.02173,24.20744,24.04163,24.04163,26.62705,20.61553,25.0,21.09502,20.59126,62.2254,63.82006,66.61081,68.0,68.42514,68.942,69.28925,71.16881,76.24303,72.12489,79.69944,80.65358,78.33901,83.52245,84.72308,80.06248,86.58522,82.8734,83.74366,86.09297,84.38009,87.69265,81.30191,83.60024,83.21658,83.38465,80.30567,80.22468,75.05998,74.33034,68.35934,65.49046,65.76473,66.37017,58.30952,58.0517,53.93515,48.33218,47.43416,50.08992,48.37355,47.01064,46.40043,44.68781,43.93177,46.87217,47.63402,42.2019,50.47772,46.95743,50.92151,52.55473,55.03635,49.98,50.59644,53.14132,51.47815
7.81025,7.2111,7.2111,6.40312,6.40312,5.65685,5.0,4.24264,4.24264,4.24264,4.24264,2.82843,2.82843,2.23607,2.23607,2.23607,2.23607,2.0,2.0,1.41421,1.0,1.41421,1.41421,1.41421,2.23607,2.0,3.0,3.0,3.0,3.16228,3.0,3.0,4.0,3.0,4.0,4.0,4.0,4.0,4.0,4.0,4.0,4.0,4.12311,4.0,4.0,4.12311,4.12311,3.16228,4.47214,3.60555,4.47214,3.60555,26.24881,23.43075,22.80351,21.40093,21.40093,19.20937,17.69181,17.69181,14.86607,16.40122,12.80625,12.72792,10.81665,11.31371,8.60233,8.94427,7.81025,7.2111,5.38516,5.09902,5.0,4.12311,2.0,3.16228,3.16228,3.0,4.12311,6.08276,5.0,5.38516,6.0,5.38516,8.06226,9.05539,8.94427,10.04988,10.19804,9.84886,11.18034,9.48683,11.40175,10.44031,12.16553,13.60147,14.14214,12.36932,11.40175,12.36932,11.0,12.16553,12.0,11.18034,13.15295,14.31782,12.36932,11.40175,10.44031,31.90611,32.20248,32.31099,34.17601,34.48188,34.71311,34.71311,36.22154,37.48333,36.12478,40.11234,42.0119,41.01219,43.01163,43.04649,43.04649,44.04543,43.28972,44.40721,43.56604,45.89118,46.52956,43.93177,43.17407,44.92215,41.0,41.48494,40.26164,40.26164,38.32754,35.90265,37.10795,32.75668,31.7805,31.7805,30.26549,27.16616,25.07987,26.01922,25.01999,23.19483,24.33105,25.70992,25.29822,23.08679,24.59675,24.59675,26.41969,25.0,25.6125,24.20744,24.75884,26.40076,26.1725,26.1725,29.73214,27.01851
6.7082,5.83095,5.83095,5.83095,5.38516,4.47214,4.12311,4.12311,4.12311,3.16228,3.0,3.0,2.0,2.0,2.23607,2.23607,2.23607,1.41421,1.41421,1.0,1.0,2.0,2.0,2.23607,2.23607,2.23607,2.23607,2.23607,3.60555,3.16228,3.16228,2.82843,3.60555,3.60555,3.60555,3.60555,3.60555,3.60555,4.24264,4.24264,3.60555,3.60555,4.24264,3.60555,4.47214,3.60555,4.47214,4.47214,4.47214,4.12311,4.12311,4.0,54.67175,46.75468,45.60702,41.23106,41.6173,35.80503,35.51056,31.06445,31.241,30.61046,24.16609,23.25941,24.69818,18.78829,16.55295,18.38478,13.0384,7.07107,9.21954,8.06226,5.83095,3.60555,6.7082,7.0,5.0,4.0,11.18034,11.18034,7.61577,10.0,14.42221,17.72005,16.55295,16.12452,22.36068,17.69181,18.43909,19.72308,23.43075,24.41311,22.02272,21.63331,20.80865,22.62742,27.20294,25.0,27.45906,24.20744,24.18677,23.70654,25.63201,25.4951,27.313,22.56103,22.02272,25.17936,21.0238,60.82763,67.08204,66.12866,67.18631,71.06335,65.30697,69.42622,74.96666,79.9062,77.92946,82.1523,81.02469,82.02439,87.02299,86.05231,87.0,89.00562,86.20905,86.14523,87.09191,83.38465,90.66973,90.93404,84.17244,87.09765,89.627,84.5281,82.76473,76.94154,73.68175,73.43705,70.34913,67.47592,67.36468,62.1289,60.03332,56.0803,56.0803,53.33854,54.45181,46.09772,50.69517,45.31004,49.24429,45.65085,39.20459,47.20169,47.63402,46.69047,49.51767,46.75468,52.40229,54.67175,51.22499,57.48913,50.44799,54.20332
7.07107,7.07107,6.40312,5.65685,5.65685,5.65685,4.24264,4.24264,4.24264,2.82843,2.82843,2.82843,1.41421,1.41421,1.41421,1.0,1.0,1.0,0.0,0.0,1.41421,1.41421,1.41421,1.41421,2.23607,2.23607,2.82843,2.82843,2.82843,2.82843,2.82843,4.24264,3.60555,4.24264,3.60555,3.60555,3.60555,4.24264,4.24264,4.24264,3.60555,4.47214,5.0,4.47214,4.47214,4.47214,4.47214,4.47214,4.12311,4.12311,3.16228,3.0,22.80351,23.34524,21.2132,18.38478,20.51828,19.79899,17.69181,15.6205,16.97056,12.80625,13.45362,12.80625,9.21954,10.81665,7.2111,6.40312,7.07107,5.38516,4.47214,4.47214,2.0,3.16228,2.23607,1.41421,4.12311,4.0,3.16228,5.09902,5.0,6.40312,7.07107,5.65685,8.48528,6.40312,11.18034,8.06226,10.81665,8.06226,10.81665,11.6619,12.80625,11.6619,11.40175,13.0384,11.40175,12.20656,12.20656,12.52996,11.7047,12.08305,12.36932,11.18034,12.64911,10.77033,10.04988,12.0,11.04536,33.28663,32.64966,34.43835,34.53983,34.48188,35.90265,35.69314,36.49658,39.45884,38.32754,41.19466,41.19466,43.28972,42.04759,42.0,44.0,44.01136,45.04442,43.04649,45.17743,44.28318,45.27693,45.54119,43.56604,43.28972,41.4367,41.4367,40.4475,40.4475,38.47077,36.49658,36.34556,33.54102,31.57531,32.06244,31.06445,29.0,27.16616,27.01851,26.30589,24.5153,25.0,26.40076,25.94224,23.32381,24.18677,25.55386,24.20744,26.90725,25.6125,26.1725,29.0,27.58623,28.28427,27.58623,26.1725,28.3196
6.32456,6.08276,6.32456,5.09902,5.09902,4.12311,4.0,3.0,3.0,3.16228,2.0,2.0,2.0,2.0,1.0,1.41421,1.0,0.0,0.0,0.0,1.0,1.0,2.0,1.0,1.0,2.0,3.0,2.0,2.0,3.16228,3.16228,3.16228,3.16228,3.16228,4.12311,4.12311,4.12311,4.12311,4.12311,4.12311,5.09902,4.12311,4.12311,4.12311,4.12311,4.12311,5.09902,4.0,4.0,4.0,4.0,4.12311,22.36068,22.36068,23.08679,21.0238,20.24846,18.38478,16.55295,14.56022,12.64911,15.29706,12.36932,11.18034,11.40175,9.48683,8.06226,7.0,7.0,7.07107,5.09902,4.12311,1.0,0.0,3.0,1.0,1.0,2.23607,3.0,3.16228,4.12311,3.0,6.08276,6.32456,7.28011,8.06226,6.08276,6.08276,9.21954,9.84886,9.21954,11.7047,11.7047,10.44031,9.48683,10.29563,9.43398,10.77033,11.7047,10.77033,10.44031,11.7047,12.36932,11.18034,10.0,10.04988,11.0,11.04536,10.0,30.14963,31.14482,32.55764,34.71311,32.75668,35.17101,35.73514,35.90265,37.33631,37.64306,38.8973,39.84972,40.5216,43.32436,43.9659,40.16217,44.94441,43.9659,46.17359,45.31004,44.64303,45.88028,43.65776,43.32436,42.72002,43.32436,42.72002,44.27189,38.60052,41.23106,38.32754,38.07887,33.54102,34.52535,34.36568,32.06244,29.06888,29.06888,27.16616,26.4764,27.65863,24.69818,24.35159,26.0,25.4951,23.85372,24.69818,24.08319,26.1725,24.08319,22.80351,26.62705,27.20294,27.45906,25.94224,27.78489,27.45906
7.2111,7.2111,6.7082,5.83095,5.38516,5.38516,5.38516,5.09902,4.12311,3.16228,4.12311,3.0,3.16228,2.23607,2.23607,2.0,2.0,2.0,1.0,1.0,1.0,0.0,0.0,1.0,1.0,0.0,1.41421,1.41421,2.23607,1.41421,2.82843,2.82843,2.82843,2.82843,2.82843,2.82843,2.82843,2.82843,3.60555,2.82843,3.60555,2.82843,2.82843,2.82843,2.82843,3.60555,3.60555,3.60555,3.60555,3.60555,2.23607,3.16228,47.42362,44.04543,45.96738,37.53665,37.20215,34.20526,39.20459,33.01515,30.61046,29.15476,26.83282,23.32381,21.0238,20.12461,12.08305,17.49286,14.86607,9.84886,10.81665,13.0384,5.83095,6.40312,8.48528,4.47214,0.0,5.09902,8.24621,7.2111,6.40312,8.94427,10.81665,7.61577,14.14214,14.86607,9.43398,13.41641,14.21267,15.6205,16.27882,18.38478,18.43909,19.10497,19.79899,20.61553,21.40093,20.51828,22.67157,23.32381,23.60085,21.40093,21.2132,24.41311,19.84943,21.09502,17.20465,21.0238,17.49286,59.23681,62.64982,65.25335,70.21396,68.94926,65.52099,70.0928,72.53275,77.49194,73.4983,78.74643,79.69944,82.28001,86.97701,84.75848,86.37708,88.95504,84.43341,87.46428,85.44004,90.87354,93.62158,86.33076,88.14193,89.9611,87.23531,86.31338,84.07735,79.75588,79.92496,71.34424,75.80237,70.43437,69.42622,62.24147,63.70243,57.00877,56.0357,51.47815,53.22593,54.23099,50.28916,49.0306,48.37355,45.01111,50.03998,51.47815,48.08326,50.0,48.8467,46.61545,48.33218,52.83938,49.20366,51.0392,53.60037,49.81967
6.7082,6.7082,6.32456,5.38516,5.38516,5.38516,4.47214,4.47214,4.47214,3.16228,3.16228,3.16228,3.16228,2.23607,2.23607,1.41421,1.41421,1.41421,1.41421,1.41421,1.41421,2.0,2.0,1.41421,2.23607,2.0,3.0,2.0,3.0,3.0,3.0,3.0,3.0,3.0,4.12311,4.12311,4.0,4.0,4.0,4.0,4.12311,4.12311,4.0,4.12311,4.12311,4.12311,4.12311,4.12311,4.12311,4.12311,3.16228,3.16228,47.20169,44.20407,46.01087,42.44997,38.18377,36.06938,33.42155,32.80244,29.41088,25.23886,23.02173,20.61553,24.69818,18.35756,15.81139,13.89244,14.31782,15.0,10.0,10.0,7.81025,6.40312,7.28011,8.06226,7.0,8.94427,7.61577,7.2111,10.77033,10.81665,13.0,13.60147,15.0,16.27882,17.08801,18.86796,22.47221,18.02776,22.2036,20.24846,20.80865,21.63331,23.32381,24.41311,21.2132,21.9545,23.60085,22.67157,24.41311,24.20744,21.40093,23.34524,19.41649,19.79899,21.2132,22.02272,19.10497,58.82176,64.84597,65.0,68.65858,68.65858,72.18033,73.82412,72.78049,76.94154,71.38627,75.9276,81.78631,84.92938,86.40023,86.12781,83.67795,89.28606,88.54377,88.0568,87.93179,90.13878,91.76056,88.60023,82.5409,88.39118,88.56636,87.23531,84.17244,77.38863,77.82673,74.09453,73.57309,72.67049,69.40461,64.66065,62.96825,58.72819,56.22277,53.82379,55.47071,55.03635,46.8188,46.32494,48.50773,48.6621,52.15362,45.17743,45.89118,49.47727,44.59821,47.16991,46.06517,52.80152,47.70744,49.92995,49.0408,50.0
5.0,5.0,3.60555,3.60555,3.60555,3.60555,2.23607,2.23607,1.41421,1.41421,1.41421,1.41421,1.0,1.0,1.0,1.41421,1.41421,1.41421,2.23607,2.23607,2.82843,2.82843,2.82843,2.82843,2.82843,3.60555,3.60555,4.24264,5.0,4.24264,5.0,5.0,5.0,5.0,5.0,5.0,5.0,5.83095,5.83095,5.83095,5.83095,5.83095,5.83095,5.83095,5.0,5.0,5.0,6.40312,5.0,5.65685,5.0,4.24264,34.20526,34.82815,32.64966,31.82766,29.73214,24.20744,25.0,22.67157,21.26029,21.26029,15.6205,15.0,8.94427,10.81665,8.06226,8.544,8.544,7.61577,2.82843,6.0,4.47214,7.2111,7.07107,10.63015,9.43398,15.0,12.52996,14.14214,17.80449,15.26434,18.02776,20.61553,23.34524,25.0,20.0,25.0,27.80288,25.6125,30.4795,26.87006,28.84441,29.83287,28.3196,31.241,27.01851,27.58623,27.58623,29.73214,29.41088,29.15476,28.42534,30.0,28.3196,25.4951,25.45584,26.40076,26.41969,65.0,66.28725,67.26812,72.18033,70.34913,74.67262,74.16873,77.31753,78.40918,76.65507,82.21922,84.38009,83.74366,84.34453,91.5478,84.85281,93.771,87.47571,93.55747,91.78235,91.44397,93.8616,85.37564,91.67879,87.5557,89.56004,81.32035,84.50444,78.43469,78.54935,69.35416,74.32362,68.8767,59.16925,59.64059,60.46487,55.0,50.24938,52.00961,47.43416,49.09175,42.04759,41.23106,43.68066,41.4367,38.20995,40.04997,38.47077,41.4367,36.68787,41.78516,42.48529,44.01136,39.11521,41.18252,41.10961,35.60899
4.12311,4.0,3.16228,3.0,3.0,3.0,2.23607,1.0,1.0,1.0,1.0,0.0,0.0,0.0,1.41421,1.41421,1.41421,1.41421,1.41421,2.23607,2.82843,2.82843,3.60555,2.82843,4.24264,3.60555,3.60555,5.0,5.0,5.0,5.0,5.83095,5.83095,5.83095,5.83095,5.83095,5.83095,5.83095,5.83095,5.83095,5.83095,5.83095,5.83095,5.83095,5.83095,5.0,5.83095,5.65685,5.65685,5.65685,5.65685,4.24264,16.12452,15.13275,15.0,12.0,13.0384,14.03567,9.0,13.15295,9.05539,8.06226,7.07107,6.08276,6.32456,4.12311,5.0,2.0,2.23607,2.82843,1.0,3.16228,2.23607,2.82843,5.09902,3.60555,5.65685,8.60233,7.07107,7.2111,8.60233,9.89949,10.63015,10.63015,11.6619,12.20656,13.60147,13.0384,13.60147,15.26434,13.89244,15.26434,13.89244,16.55295,16.12452,16.12452,16.64332,14.86607,15.26434,17.02939,14.42221,13.0384,17.02939,15.0,15.6205,13.60147,13.45362,13.45362,12.80625,33.54102,33.95585,33.24154,37.33631,39.21734,37.69615,38.48376,37.69615,39.39543,40.24922,40.31129,42.04759,43.08132,44.38468,46.61545,43.46263,44.77723,46.09772,45.31004,46.95743,45.61798,48.46648,44.77723,44.38468,43.86342,43.32436,41.4367,42.37924,38.8973,38.8973,35.73514,38.32754,34.71311,33.24154,30.26549,31.14482,29.01724,27.07397,26.1725,25.31798,23.34524,21.18962,21.47091,21.9545,21.09502,19.23538,20.51828,19.20937,19.41649,19.41649,22.47221,21.84033,22.47221,22.47221,21.84033,22.13594,21.58703
4.47214,4.47214,3.60555,3.60555,2.82843,2.82843,2.82843,2.23607,2.23607,1.41421,1.41421,1.0,1.0,1.0,1.0,1.41421,1.41421,2.0,1.0,1.0,2.0,2.23607,2.23607,2.23607,2.82843,2.82843,3.60555,2.82843,3.60555,4.24264,3.60555,3.60555,4.24264,3.60555,5.0,5.0,5.0,5.0,5.0,5.0,5.0,5.0,5.0,5.0,5.0,4.24264,4.24264,4.24264,4.24264,4.24264,5.0,3.60555,18.02776,15.0,14.03567,14.03567,12.36932,13.15295,12.64911,10.19804,8.24621,8.544,6.32456,4.47214,6.7082,5.0,2.23607,3.60555,4.24264,2.0,1.0,2.23607,3.16228,3.0,3.16228,3.16228,3.16228,4.12311,5.38516,7.2111,6.40312,8.94427,8.48528,11.6619,9.21954,10.63015,10.63015,10.63015,11.40175,10.63015,13.45362,14.86607,13.45362,14.14214,12.72792,14.14214,12.80625,13.45362,15.6205,13.45362,15.0,14.21267,15.0,14.21267,10.81665,10.29563,12.52996,11.7047,12.52996,31.57531,33.37664,33.06055,37.12142,34.0,37.05401,35.0571,38.0526,38.11824,38.20995,41.10961,40.1995,42.29657,43.10452,44.10215,41.19466,48.04165,44.10215,45.09989,44.18144,43.28972,44.10215,44.28318,45.27693,43.28972,43.18565,40.1995,41.04875,38.11824,40.0125,35.0,35.0,33.0,30.06659,32.0,28.16026,26.30589,24.04163,25.96151,24.16609,20.59126,21.40093,22.80351,20.0,21.2132,21.63331,20.0,18.86796,21.0238,19.31321,20.61553,21.18962,21.58703,18.02776,21.58703,20.39608,19.10497
4.12311,4.12311,3.16228,3.16228,2.23607,2.0,2.23607,2.23607,1.0,1.0,1.0,0.0,0.0,0.0,1.0,1.0,1.41421,1.41421,1.41421,2.23607,2.82843,2.82843,2.82843,2.82843,3.60555,3.60555,4.47214,4.24264,4.24264,5.0,5.0,5.0,5.0,5.0,5.83095,5.38516,5.83095,5.83095,5.83095,5.83095,5.83095,5.83095,5.0,5.83095,5.83095,5.0,5.0,5.0,4.24264,5.0,5.0,5.0,17.26268,17.26268,15.0333,13.0,14.03567,13.0384,11.0,10.04988,8.06226,8.06226,7.07107,5.09902,6.32456,4.12311,5.0,0.0,3.16228,1.41421,0.0,2.23607,2.23607,3.16228,5.0,3.60555,4.47214,5.83095,7.61577,8.544,7.81025,8.60233,9.21954,10.0,9.89949,12.04159,14.21267,11.40175,10.63015,14.21267,14.86607,14.42221,13.45362,13.45362,14.14214,15.6205,14.86607,14.86607,14.21267,16.27882,14.14214,14.21267,15.55635,14.86607,15.6205,14.21267,12.20656,12.20656,11.18034,33.37664,33.01515,37.0,35.01428,38.11824,35.01428,36.12478,39.20459,39.20459,39.11521,40.4475,42.29657,44.40721,44.28318,43.73786,44.28318,45.27693,46.27094,43.18565,47.38143,47.67599,48.37355,47.51842,46.69047,44.55334,43.41659,43.28972,42.10701,41.10961,38.0526,37.05401,35.01428,36.0,35.0571,32.24903,31.257,29.42788,24.5153,25.0,26.92582,24.59675,23.32381,22.47221,24.20744,21.26029,18.60108,20.12461,23.32381,23.25941,22.36068,21.0238,21.18962,24.35159,21.37756,22.36068,20.22375,22.56103
3.60555,4.24264,2.82843,2.82843,2.23607,2.23607,2.23607,1.41421,1.0,1.0,1.41421,1.41421,1.41421,1.0,2.0,2.0,2.23607,2.23607,3.16228,3.16228,3.16228,4.12311,3.16228,4.47214,4.47214,5.0,5.83095,5.83095,5.83095,5.83095,5.83095,6.7082,5.83095,6.7082,7.2111,7.2111,7.2111,6.7082,6.7082,6.7082,6.7082,7.2111,6.7082,6.7082,6.7082,6.32456,6.32456,6.32456,6.08276,6.08276,6.08276,5.0,32.01562,33.83785,29.41088,27.01851,27.20294,24.08319,21.93171,20.51828,16.40122,13.41641,11.7047,13.0,14.56022,11.04536,10.81665,8.06226,5.38516,7.28011,9.05539,8.0,8.24621,11.7047,14.03567,16.55295,17.0,15.23155,19.41649,21.40093,23.02173,24.20744,27.45906,24.04163,24.08319,29.73214,33.30165,33.42155,34.05877,33.24154,34.71311,33.24154,33.24154,34.05877,34.82815,34.71311,32.64966,35.38361,33.42155,37.64306,35.22783,33.01515,31.62278,30.52868,34.9285,29.06888,30.88689,28.4605,26.30589,63.56099,64.51356,67.62396,73.1642,72.00694,71.34424,72.06941,76.32169,78.49204,80.45496,82.20097,85.2115,87.80091,87.09191,88.40814,89.27486,88.86507,97.08244,90.68627,92.76314,92.84934,89.82761,91.24144,91.24144,86.97701,87.69265,84.8646,84.14868,77.78175,77.10383,71.42129,71.58911,67.94115,63.12686,62.00806,57.00877,53.0,48.8774,46.06517,49.39636,43.9659,43.56604,41.7732,43.18565,41.01219,42.0119,40.4475,40.02499,42.75512,44.27189,41.78516,42.04759,43.86342,42.94182,43.04649,47.41308,45.65085
4.47214,3.16228,3.60555,3.60555,3.60555,2.23607,1.41421,1.41421,1.41421,2.0,1.0,1.0,1.41421,2.23607,1.41421,2.23607,2.23607,2.23607,3.16228,3.16228,3.16228,3.16228,4.0,4.0,4.0,5.0,5.09902,6.08276,5.0,6.08276,6.0,6.0,6.08276,6.0,6.08276,7.07107,6.08276,6.0,7.0,7.0,6.0,6.0,7.0,6.0,6.0,6.0,6.08276,6.08276,6.08276,5.09902,5.38516,5.38516,36.67424,30.36445,33.83785,29.96665,26.24881,26.41969,25.05993,22.82542,15.81139,22.80351,17.80449,12.80625,12.20656,11.40175,12.16553,12.16553,10.19804,6.08276,9.84886,13.45362,7.07107,13.89244,13.89244,17.08801,17.46425,15.52417,20.61553,22.2036,22.2036,22.02272,23.08679,25.07987,29.01724,32.0,30.06659,30.0,31.40064,36.05551,33.13608,34.0147,34.1321,35.12834,32.98485,35.0571,35.51056,34.05877,34.71311,36.67424,32.38827,31.01612,32.98485,33.24154,30.67572,29.68164,30.41381,29.15476,28.6007,61.07373,63.56099,64.84597,68.94926,70.00714,70.77429,71.19691,73.06162,77.69813,76.53757,78.77182,83.48653,84.40379,87.36704,87.80091,86.40023,88.09086,87.9659,91.93476,89.09545,86.26703,96.20811,86.31338,86.55634,88.23831,88.72993,83.09633,80.91971,79.02531,78.74643,72.34639,70.29225,67.47592,65.19202,59.46427,55.86591,56.58622,50.24938,47.43416,48.37355,44.10215,42.95346,45.88028,40.5216,38.32754,44.04543,41.10961,43.0,43.01163,45.0,45.17743,46.69047,44.28318,45.12206,42.95346,45.89118,42.2019
6.32456,5.38516,5.09902,5.38516,5.09902,4.0,4.0,4.0,4.0,4.12311,3.16228,3.16228,3.16228,2.82843,2.82843,2.82843,2.82843,3.60555,3.16228,3.16228,3.16228,4.12311,4.12311,4.0,4.0,5.0,5.0,5.0,6.0,6.0,5.0,6.0,6.0,6.0,6.0,6.0,6.0,7.0,6.08276,6.08276,6.08276,6.08276,6.08276,6.08276,6.32456,6.32456,6.32456,5.38516,5.83095,5.83095,5.83095,5.0,18.60108,18.86796,18.35756,15.81139,16.15549,14.76482,14.86607,11.18034,11.7047,10.44031,10.44031,10.44031,10.0,10.19804,7.28011,8.06226,7.61577,6.0,7.2111,7.07107,8.06226,8.06226,8.06226,8.544,8.24621,7.28011,9.0,10.04988,11.0,11.18034,12.16553,15.13275,13.15295,14.31782,15.29706,15.13275,14.31782,16.27882,15.0333,14.03567,16.12452,16.12452,17.11724,16.03122,16.0,17.02939,17.0,16.0,15.13275,15.0333,15.29706,18.43909,15.29706,14.31782,15.81139,15.23155,14.21267,28.30194,29.83287,31.1127,32.64966,32.64966,34.4093,34.48188,35.8469,35.77709,36.67424,38.07887,39.0,39.21734,42.05948,42.72002,40.02499,44.14748,42.95346,42.95346,44.40721,42.42641,44.10215,42.10701,42.04759,43.04649,39.0,39.01282,41.04875,39.0,36.01389,35.0571,35.01428,32.06244,32.0,29.01724,27.01851,24.08319,25.31798,23.34524,23.5372,22.13594,21.18962,20.61553,21.0238,19.72308,22.2036,20.61553,19.84943,21.93171,21.2132,21.2132,23.43075,22.80351,21.26029,22.2036,21.63331,21.93171
6.32456,6.32456,5.38516,5.38516,4.47214,4.47214,4.47214,4.47214,3.60555,3.60555,2.82843,2.82843,2.82843,2.82843,2.23607,2.23607,2.0,2.0,2.0,2.0,2.0,2.23607,2.23607,2.82843,2.82843,2.82843,3.60555,3.60555,3.60555,4.24264,3.60555,4.24264,4.24264,4.24264,4.24264,4.24264,4.24264,4.24264,4.24264,4.24264,5.0,5.0,5.0,4.47214,4.47214,4.47214,4.47214,4.47214,4.12311,4.12311,4.0,4.0,21.93171,20.24846,19.69772,17.0,17.08801,17.46425,15.23155,15.26434,13.41641,11.6619,12.20656,10.63015,10.0,11.31371,7.07107,9.21954,8.06226,7.2111,6.7082,7.28011,6.0,5.0,7.07107,7.28011,5.38516,6.32456,7.81025,8.06226,9.21954,9.21954,10.29563,11.31371,10.63015,10.63015,11.31371,12.80625,12.80625,14.14214,14.86607,13.45362,12.72792,13.45362,13.60147,14.86607,14.86607,12.80625,14.42221,14.76482,13.89244,14.31782,13.92839,14.31782,13.0,12.36932,11.18034,13.0,13.0,29.68164,32.20248,30.41381,33.97058,33.42155,34.4093,33.83785,36.35932,36.71512,37.57659,39.56008,40.49691,41.4367,43.41659,42.2019,41.59327,45.54119,44.40721,45.17743,45.04442,45.01111,44.01136,44.10215,44.28318,44.28318,41.4367,41.7732,40.60788,38.83298,41.23106,35.90265,34.20526,34.9285,33.73426,31.7805,29.61419,27.16616,27.16616,25.07987,25.17936,25.0,24.02082,24.02082,23.08679,21.2132,24.73863,23.08679,22.13594,23.08679,22.84732,22.84732,23.70654,23.25941,24.16609,23.25941,24.16609,23.25941
7.07107,7.07107,6.08276,6.08276,5.0,5.09902,5.09902,5.0,4.0,4.0,3.0,3.0,3.0,3.16228,2.23607,2.23607,2.23607,2.23607,1.41421,1.41421,1.0,2.0,2.0,2.23607,2.23607,2.23607,3.16228,3.16228,3.16228,3.60555,4.47214,4.47214,4.47214,4.12311,4.12311,4.12311,4.47214,5.38516,5.38516,5.09902,4.12311,5.09902,5.09902,5.09902,4.12311,4.0,4.0,4.12311,4.12311,4.12311,4.12311,3.60555,45.88028,44.01136,42.54409,41.23106,38.32754,39.21734,35.8469,34.20526,31.57531,33.52611,30.59412,29.27456,29.83287,22.2036,22.36068,22.09072,21.0238,16.0,18.43909,13.0,12.16553,11.6619,12.04159,12.04159,10.63015,11.18034,15.23155,16.12452,16.27882,18.11077,16.27882,19.0263,21.0238,18.11077,20.88061,22.09072,23.5372,25.17936,25.01999,26.07681,28.01785,27.01851,29.15476,27.45906,26.0,26.0,27.16616,29.01724,27.07397,28.44293,28.44293,26.92582,26.57066,25.07987,25.55386,25.23886,27.20294,57.31492,61.03278,63.28507,68.73136,70.03571,69.64194,68.94926,72.23573,74.09453,78.29432,82.76473,81.12336,83.52844,85.98256,87.00575,85.91275,87.20665,89.27486,88.39118,87.20665,85.91275,88.86507,88.23831,84.87638,87.36704,84.90583,86.09297,81.9878,78.71467,76.53757,73.79024,69.77822,71.55418,67.54258,64.00781,64.40497,57.3062,56.60389,52.69725,50.60632,50.0,45.27693,48.08326,47.50789,48.01042,48.60041,46.61545,45.69464,48.75449,44.72136,46.48656,46.8188,47.75982,47.43416,54.78138,49.76947,49.98
8.94427,8.94427,7.61577,7.61577,6.7082,6.7082,6.7082,6.7082,5.38516,5.38516,5.38516,4.47214,4.47214,4.47214,4.12311,3.16228,3.16228,3.0,3.0,2.0,2.0,2.0,2.23607,2.23607,1.41421,2.23607,2.82843,2.23607,2.23607,2.23607,3.16228,3.16228,3.16228,3.16228,3.16228,3.16228,3.16228,3.16228,3.60555,3.60555,3.60555,3.60555,3.60555,3.60555,3.60555,3.60555,4.24264,3.60555,3.60555,3.60555,3.16228,4.12311,53.66563,51.47815,52.3259,50.11986,49.1935,45.79301,44.29447,42.54409,36.67424,37.58989,36.24914,31.7805,32.31099,31.30495,27.29469,25.4951,24.69818,24.04163,22.56103,20.61553,19.41649,14.03567,15.0333,17.02939,15.29706,15.81139,11.40175,14.76482,13.89244,13.45362,17.69181,18.02776,17.02939,14.21267,19.72308,16.64332,20.12461,19.69772,21.93171,21.63331,25.05993,22.47221,21.47091,22.47221,23.32381,25.23886,26.92582,25.0,26.40076,24.41311,24.04163,25.6125,26.1725,27.20294,21.47091,24.59675,24.35159,55.4617,58.18935,62.0967,63.50591,66.18912,65.0,66.06815,67.36468,69.87131,70.85901,76.53757,76.53757,77.7946,83.9345,84.30896,82.76473,85.23497,87.92042,85.98256,87.00575,85.8021,88.52683,84.17244,84.85281,87.11487,85.14693,81.21576,80.0,80.60397,78.00641,71.02816,72.42237,67.6757,64.63745,65.0,61.03278,58.00862,53.60037,50.80354,51.62364,49.57822,49.51767,49.40648,45.0,44.40721,51.0,49.65884,50.53712,50.08992,53.22593,51.07837,53.14132,58.5235,55.02727,55.54278,60.16644,60.41523
9.43398,8.60233,8.60233,8.06226,7.2111,7.2111,7.2111,6.7082,5.83095,5.83095,5.83095,4.47214,4.47214,4.47214,4.47214,3.60555,3.60555,3.60555,2.82843,2.23607,2.23607,1.41421,1.41421,1.41421,1.0,1.0,1.0,1.41421,1.41421,1.41421,1.41421,2.23607,2.23607,2.23607,2.23607,2.23607,2.23607,2.23607,2.82843,3.16228,2.82843,3.60555,3.60555,2.82843,2.82843,3.60555,3.60555,3.60555,3.60555,3.16228,3.16228,3.16228,52.63079,51.08816,53.41348,51.85557,46.09772,44.68781,44.04543,42.2019,39.40812,38.41875,33.97058,32.01562,34.4093,29.73214,31.14482,25.80698,24.75884,24.08319,20.51828,17.02939,17.02939,15.0,13.60147,15.26434,13.89244,10.77033,7.28011,10.0,9.05539,8.60233,4.47214,9.84886,7.81025,10.0,10.63015,12.20656,12.08305,11.40175,15.81139,14.86607,16.55295,17.88854,18.35756,20.80865,17.08801,19.41649,20.24846,21.63331,19.72308,21.26029,21.93171,22.02272,22.02272,21.63331,21.47091,21.9545,20.61553,55.0,59.4138,58.24946,64.56005,65.0,66.70832,66.64083,69.97142,69.97142,74.02702,76.48529,77.7946,78.49204,82.73452,82.9759,83.60024,86.40023,83.76157,83.76157,86.4523,86.35392,88.10221,84.69357,86.03488,85.44004,80.32434,80.08121,80.28076,75.70997,77.66595,74.2159,74.73286,67.68309,66.70832,65.73431,63.15061,57.27128,56.04463,53.60037,54.08327,50.69517,47.53946,51.47815,48.02083,47.70744,47.20169,48.60041,48.16638,53.07542,50.32892,53.07542,55.15433,57.28001,57.48913,58.72819,57.28001,60.1415
9.0,9.0,8.0,8.0,8.0,7.0,7.0,6.0,6.0,6.0,5.0,5.0,5.0,4.0,4.0,3.0,3.16228,2.23607,2.0,2.0,2.0,1.0,0.0,1.0,0.0,0.0,1.0,1.0,1.41421,2.23607,2.0,2.23607,2.0,2.23607,3.16228,3.16228,3.16228,3.16228,3.16228,3.16228,3.60555,4.47214,3.60555,3.60555,4.47214,3.60555,3.60555,3.60555,3.60555,3.60555,3.60555,3.60555,56.4358,52.34501,51.0392,48.09366,46.38965,45.17743,42.29657,43.28972,43.18565,40.0125,35.12834,30.06659,31.14482,28.01785,27.29469,25.01999,28.16026,16.12452,19.0263,17.02939,13.60147,13.60147,11.18034,9.43398,8.60233,5.0,5.0,5.09902,3.60555,4.24264,7.61577,9.89949,8.48528,11.18034,13.89244,15.65248,17.20465,18.02776,17.08801,18.02776,19.23538,21.40093,19.31321,19.41649,21.9545,24.41311,24.18677,24.69818,26.87006,26.1725,25.6125,26.24881,24.08319,24.04163,23.34524,22.47221,24.04163,55.00909,58.54912,63.34824,65.25335,66.7308,69.46222,68.942,71.58911,70.66116,73.06162,75.47185,77.10383,79.88116,81.8352,81.05554,82.9759,87.11487,85.56284,89.10668,90.55385,87.0,92.02174,87.32125,88.23831,87.41853,88.81441,83.60024,81.5414,78.49204,75.45197,73.57309,70.45566,71.28113,69.40461,66.4003,63.25346,60.44005,58.89822,53.15073,55.86591,53.15073,50.80354,53.25411,51.97115,47.85394,52.0,49.0408,52.17279,52.39275,50.21952,53.60037,55.7315,57.55867,55.14526,58.07753,57.14018,62.1289
8.60233,8.60233,8.06226,8.06226,7.2111,7.2111,7.2111,6.40312,5.83095,5.65685,5.0,5.0,4.24264,4.24264,4.24264,3.60555,2.82843,2.82843,2.23607,2.23607,2.23607,1.41421,1.0,1.0,1.41421,1.0,1.0,2.0,2.0,2.0,2.0,3.0,3.0,3.0,3.16228,4.12311,4.12311,4.0,4.12311,4.0,4.0,4.0,4.0,4.0,5.0,4.0,5.09902,4.12311,4.12311,4.12311,4.12311,4.47214,60.20797,55.22681,53.25411,54.3783,46.32494,47.43416,43.82921,45.0,39.40812,40.0,35.22783,34.82815,29.15476,30.4795,25.0,26.87006,21.93171,20.61553,18.38478,15.81139,15.55635,14.42221,10.77033,10.63015,5.09902,1.41421,3.16228,3.60555,4.47214,6.0,7.0,10.44031,13.15295,13.89244,14.31782,15.29706,19.64688,17.72005,21.54066,23.76973,23.4094,21.18962,24.73863,24.35159,27.89265,29.12044,28.79236,26.68333,27.65863,24.73863,31.06445,31.257,28.0,29.0,28.07134,27.65863,27.65863,55.71355,57.56735,60.87693,60.29925,66.27217,66.00758,68.02941,68.11755,73.33485,73.82412,76.65507,79.6304,79.62412,81.58431,87.32125,83.67795,86.83317,88.23265,87.92042,90.24965,86.53901,90.62009,85.0,88.23831,87.23531,86.40602,84.53402,85.42248,78.72103,78.26238,72.01389,71.11962,68.02941,66.70832,66.64083,62.96825,57.58472,57.72348,56.32051,56.08921,55.7315,50.08992,52.00961,51.0392,44.72136,46.52956,46.57252,50.92151,53.75872,52.0,49.24429,55.00909,56.30275,55.56978,56.60389,59.90826,57.80138
9.21954,8.24621,8.24621,8.24621,7.28011,7.28011,6.32456,6.32456,5.38516,5.09902,5.38516,4.47214,4.12311,4.12311,3.16228,3.16228,2.23607,2.23607,2.23607,1.41421,1.41421,0.0,0.0,0.0,0.0,1.41421,2.23607,1.41421,2.23607,3.16228,3.60555,2.23607,3.60555,3.60555,4.47214,4.12311,4.47214,4.47214,4.47214,4.47214,4.47214,5.09902,4.47214,5.38516,5.09902,5.09902,5.09902,5.09902,5.09902,5.0,5.0,4.12311,52.46904,55.03635,52.46904,50.15974,50.01,45.17743,41.4367,41.97618,38.07887,38.07887,34.9285,32.75668,30.08322,27.85678,25.63201,24.69818,20.59126,18.60108,14.31782,16.12452,14.56022,8.48528,8.60233,7.81025,3.16228,2.23607,1.41421,2.0,4.47214,7.81025,9.0,10.44031,12.04159,19.23538,12.64911,18.11077,17.26268,20.39608,20.88061,23.5372,23.5372,24.5153,23.4094,25.0,28.28427,28.28427,27.16616,27.16616,30.14963,31.01612,33.01515,29.06888,30.41381,28.07134,28.63564,26.68333,26.30589,54.42426,62.17717,62.1289,64.07027,65.11528,64.66065,65.06919,67.89698,71.50524,74.51845,74.27651,77.98718,78.74643,80.28076,80.80223,81.02469,81.84131,86.53323,85.44004,89.55445,85.95929,90.55385,87.70975,82.76473,83.63014,81.88406,82.29824,80.62258,78.26238,74.70609,70.71068,74.79305,66.37017,65.19202,61.91123,62.20129,59.20304,53.74012,54.45181,53.90733,49.67897,47.01064,47.50789,47.01064,45.88028,52.55473,46.57252,48.6621,53.15073,50.03998,52.03845,56.00893,53.15073,56.4358,59.5399,56.22277,58.00862
8.60233,7.2111,7.2111,7.2111,7.2111,5.83095,5.83095,5.0,4.47214,4.47214,4.47214,3.16228,3.16228,3.16228,3.16228,2.0,2.0,1.0,1.0,1.0,1.0,1.0,1.0,1.0,1.0,1.41421,2.82843,2.82843,2.82843,3.60555,3.60555,3.60555,4.24264,3.60555,5.0,5.0,5.0,5.0,5.0,5.0,5.65685,5.83095,5.65685,5.65685,5.65685,5.65685,5.65685,5.65685,5.83095,5.83095,5.83095,5.38516,53.7122,52.83938,55.00909,51.10773,51.0,42.15448,45.31004,41.62932,36.76955,37.69615,35.34119,31.04835,34.17601,28.4605,27.89265,22.56103,24.04163,14.56022,15.13275,16.0,13.15295,11.0,11.04536,6.08276,5.65685,3.16228,4.12311,1.41421,5.65685,6.32456,8.94427,7.2111,13.41641,13.60147,16.76305,14.31782,19.23538,19.64688,19.23538,22.47221,24.73863,25.0,24.69818,26.92582,28.79236,26.83282,27.313,27.73085,30.41381,27.29469,29.52965,31.06445,31.40064,31.241,29.06888,28.3196,28.42534,53.85165,59.5063,60.16644,62.62587,65.52099,65.51336,66.09841,68.593,70.45566,69.46222,74.16873,76.1643,78.05767,80.025,81.05554,81.00617,84.09518,83.09633,83.21658,84.38009,82.38932,85.2115,84.29116,84.48077,83.86298,82.60751,77.64664,81.7435,76.41989,72.33948,71.70077,74.43118,67.18631,66.18912,65.12296,57.00877,55.14526,55.7315,54.33231,55.7853,50.59644,49.76947,48.75449,49.24429,48.01042,50.32892,48.27007,48.08326,50.20956,52.00961,53.53504,52.63079,58.24946,54.3783,59.03389,57.24509,59.05929
8.94427,8.94427,8.544,8.94427,7.61577,7.61577,6.7082,6.32456,6.32456,6.32456,5.09902,5.09902,4.12311,4.12311,4.12311,3.16228,3.16228,2.23607,2.23607,2.0,2.0,1.0,1.0,1.0,0.0,1.0,1.0,1.0,2.0,2.0,2.0,2.0,3.0,3.0,4.0,4.0,4.0,4.0,4.0,4.0,4.12311,5.09902,4.12311,5.09902,5.09902,5.09902,4.12311,4.12311,4.47214,4.47214,4.47214,4.24264,29.83287,27.65863,25.23886,25.80698,24.41311,25.0,23.60085,23.32381,18.86796,20.12461,19.41649,16.55295,16.55295,14.31782,14.76482,12.64911,10.77033,11.7047,10.44031,8.544,9.05539,6.32456,7.07107,4.0,3.0,1.41421,1.0,0.0,2.23607,2.23607,3.0,5.0,5.0,6.32456,7.07107,7.0,7.28011,8.544,8.544,10.44031,10.77033,9.21954,9.48683,13.0,11.18034,11.7047,14.76482,13.0,12.08305,14.31782,15.23155,13.41641,13.89244,13.89244,16.40122,13.45362,14.14214,26.68333,30.26549,29.01724,31.0,31.0,32.06244,32.38827,32.24903,33.24154,33.24154,34.71311,37.65634,38.63936,39.81206,41.23106,40.16217,41.76123,39.21734,42.72002,41.4367,39.84972,43.9659,40.16217,40.49691,40.8534,40.8534,39.56008,40.8534,37.69615,37.94733,34.48188,35.73514,34.48188,33.24154,31.04835,28.86174,27.16616,26.1725,25.0,26.01922,26.07681,23.34524,24.73863,24.35159,24.16609,25.07987,25.23886,24.20744,24.83948,25.4951,26.1725,27.58623,29.0,28.3196,28.42534,29.83287,30.0
8.24621,7.28011,7.28011,7.28011,7.28011,6.32456,5.38516,5.38516,5.38516,4.47214,4.12311,3.60555,3.60555,2.23607,2.23607,2.23607,1.41421,1.0,1.41421,0.0,1.0,1.0,0.0,1.0,1.41421,1.41421,2.82843,3.60555,3.60555,3.60555,3.60555,3.60555,4.47214,4.47214,5.0,5.0,5.0,5.83095,5.83095,5.83095,5.83095,5.83095,5.83095,5.83095,5.83095,5.83095,6.7082,6.32456,6.32456,6.08276,6.08276,6.08276,56.7186,52.95281,54.40588,50.63596,46.57252,42.05948,45.60702,39.05125,40.80441,36.40055,31.38471,34.78505,28.23119,26.24881,24.69818,24.69818,22.2036,16.15549,16.27882,15.81139,14.14214,10.0,7.81025,5.38516,6.7082,1.41421,3.16228,2.23607,3.60555,6.32456,13.0384,12.72792,12.80625,16.40122,15.26434,18.60108,19.41649,21.9545,20.61553,25.0,23.32381,21.93171,26.87006,24.04163,28.6007,28.42534,30.52868,26.40076,30.23243,30.01666,30.52868,30.01666,30.08322,26.0,31.38471,30.08322,28.86174,55.21775,58.0517,58.69412,60.87693,63.25346,66.21933,66.85058,70.45566,69.64194,73.24616,75.71658,75.16648,77.69813,78.39005,82.36504,77.82031,84.53402,85.0,82.29216,82.34683,84.07735,90.07774,80.95678,82.76473,84.17244,78.71467,79.15807,78.79086,76.48529,78.0,74.32362,71.55418,68.02941,63.63175,64.3506,60.80296,57.48913,55.17246,53.75872,53.15073,51.40039,51.31277,51.0,49.65884,47.75982,47.16991,49.81967,49.64877,49.25444,51.0098,50.03998,56.22277,60.20797,56.56854,55.57877,61.52235,56.32051
9.21954,8.60233,7.81025,7.2111,7.2111,7.2111,7.2111,5.83095,5.83095,5.38516,5.38516,4.47214,4.47214,3.16228,3.16228,3.16228,3.0,3.0,2.0,2.0,1.0,1.41421,1.41421,1.0,1.0,1.0,1.41421,1.41421,2.82843,2.82843,2.82843,3.60555,3.60555,3.60555,3.60555,4.24264,4.24264,5.0,5.0,5.0,5.0,5.0,5.0,5.0,5.0,5.0,5.65685,5.65685,5.65685,5.0,5.0,4.47214,56.56854,58.13777,53.03772,52.34501,48.9183,46.09772,48.83646,44.20407,41.72529,36.79674,34.82815,34.82815,33.54102,29.68164,24.83948,25.4951,21.63331,21.63331,18.38478,15.23155,14.56022,10.44031,8.06226,9.05539,4.47214,2.82843,5.83095,3.0,7.07107,10.29563,7.28011,10.0,11.40175,12.80625,14.42221,14.76482,17.88854,18.35756,16.15549,22.47221,23.32381,23.02173,25.07987,26.41969,28.17801,27.313,27.45906,27.29469,28.84441,30.52868,31.40064,32.01562,30.0,33.01515,27.65863,31.62278,29.20616,57.21888,57.07013,59.20304,61.98387,65.78754,65.19202,65.79514,70.21396,68.8767,69.83552,76.00658,78.03204,74.30343,79.32213,83.48653,81.5414,83.21658,84.40379,85.98256,81.40025,83.24062,85.60374,86.60831,86.02325,81.8352,83.00602,80.91971,80.60397,78.00641,75.21303,70.80254,71.34424,68.7968,65.0,63.52952,60.83584,56.64804,55.08176,53.60037,50.44799,49.09175,51.24451,48.04165,50.15974,47.85394,45.88028,46.57252,52.39275,51.89412,52.35456,53.25411,54.81788,56.61272,57.2014,62.482,58.41233,62.36986
9.21954,9.21954,8.24621,8.24621,8.24621,7.28011,7.28011,6.32456,6.32456,6.32456,5.38516,5.09902,4.12311,4.12311,3.16228,3.16228,3.16228,2.23607,2.0,2.23607,1.0,1.0,0.0,1.0,0.0,1.0,1.41421,1.41421,2.23607,2.23607,2.82843,2.82843,2.82843,3.60555,3.60555,4.47214,4.47214,4.47214,4.47214,5.0,4.47214,5.38516,4.47214,5.38516,5.38516,5.38516,5.38516,5.09902,5.09902,5.09902,5.0,5.0,58.69412,54.91812,55.9017,55.10898,51.97115,45.89118,50.28916,46.57252,39.56008,37.64306,40.16217,33.52611,32.57299,29.41088,27.313,27.29469,24.35159,22.36068,17.46425,17.80449,13.41641,10.63015,9.21954,6.40312,4.47214,1.41421,3.16228,4.24264,5.38516,6.0,8.544,8.544,12.08305,12.36932,14.31782,18.38478,16.76305,18.97367,20.24846,21.9545,19.69772,21.18962,22.47221,26.24881,24.69818,27.51363,28.16026,30.08322,28.79236,28.86174,34.20526,30.80584,29.15476,29.15476,30.01666,27.0,29.42788,55.15433,59.48109,64.07027,60.21628,63.60031,67.35726,66.6033,68.11755,70.00714,70.03571,75.74299,75.43209,77.89737,78.40918,81.21576,81.27115,82.92768,81.27115,85.70298,86.28441,81.5414,81.8352,86.60831,85.47514,79.75588,82.37718,79.75588,81.12336,75.591,73.92564,72.56032,72.40166,66.85058,63.82006,63.24555,59.20304,56.63921,55.17246,48.41487,51.61395,48.02083,49.73932,50.53712,47.43416,48.50773,49.47727,52.23983,49.16299,55.03635,54.00926,53.08484,58.21512,58.42089,54.33231,60.01666,62.514,62.96825
9.21954,8.48528,8.48528,8.48528,7.81025,7.07107,7.07107,6.40312,5.65685,5.65685,5.0,5.0,4.24264,3.60555,2.82843,3.60555,2.23607,2.23607,1.41421,1.41421,0.0,0.0,0.0,1.0,1.0,1.41421,1.41421,2.23607,2.23607,2.82843,3.60555,3.60555,3.60555,3.60555,3.60555,3.60555,4.24264,5.0,5.0,5.0,5.0,5.0,5.65685,5.65685,5.0,5.0,5.0,5.83095,5.83095,5.83095,4.47214,4.12311,58.89822,54.48853,53.03772,50.24938,48.9183,48.79549,48.16638,45.27693,42.42641,38.27532,39.05125,32.20248,31.06445,29.68164,29.68164,24.16609,26.07681,22.36068,17.0,15.81139,15.52417,13.0384,7.07107,6.08276,10.44031,4.0,4.24264,3.16228,5.83095,6.40312,9.21954,14.42221,9.43398,13.45362,17.69181,15.6205,17.20465,19.41649,21.93171,23.34524,20.80865,23.43075,24.41311,25.0,23.60085,29.06888,29.73214,29.0,29.83287,29.83287,25.6125,29.41088,30.61046,30.41381,27.78489,30.08322,31.38471,57.28001,57.87055,62.28965,63.50591,61.0082,66.06815,65.27634,71.56815,67.36468,70.71068,74.95332,75.31268,78.8543,76.90254,78.33901,80.65358,82.28001,80.08121,80.32434,82.63776,86.37708,84.8646,84.17244,82.46211,80.95678,82.8553,79.30952,80.62258,76.15773,72.23573,69.28925,68.00735,64.84597,63.56886,61.40033,57.27128,58.54912,52.23983,51.08816,53.00943,51.08816,47.51842,50.63596,48.08326,48.8467,50.9902,51.10773,50.47772,53.00943,54.6443,52.49762,53.8145,55.17246,58.69412,58.0,60.81118,60.82763
9.21954,9.21954,8.60233,7.81025,7.2111,7.2111,7.2111,6.7082,6.7082,5.83095,5.38516,5.38516,4.47214,4.47214,4.12311,3.16228,3.0,3.0,2.0,2.0,1.0,1.41421,1.41421,1.41421,1.0,2.23607,2.0,2.23607,2.23607,2.23607,2.23607,3.60555,3.60555,3.60555,3.60555,4.47214,4.47214,5.0,5.0,5.0,5.0,5.0,5.83095,5.83095,5.38516,5.38516,5.38516,5.38516,5.38516,5.38516,5.09902,5.0,60.959,56.22277,56.56854,50.93133,51.66237,49.51767,48.83646,47.42362,41.86884,39.62323,34.82815,32.55764,33.83785,32.80244,26.62705,28.6531,25.55386,21.47091,17.0,15.52417,15.65248,11.7047,12.08305,11.7047,4.0,6.08276,5.65685,5.0,7.0,7.28011,7.61577,16.12452,11.40175,12.04159,16.40122,12.04159,16.27882,21.93171,19.84943,25.45584,23.43075,26.07681,29.0,23.34524,26.90725,29.0,26.90725,29.73214,29.73214,31.1127,29.20616,29.06888,30.23243,30.52868,33.28663,30.46309,28.4605,51.0392,60.13319,60.53098,64.77654,64.7611,64.19502,67.6757,68.94926,74.09453,70.77429,72.49828,75.76939,77.87811,78.72103,80.49845,81.63333,81.9878,84.38009,81.5414,84.31489,82.37718,84.20214,82.92768,80.70936,82.92768,79.88116,81.27115,80.80223,75.45197,71.86793,70.21396,68.60029,68.09552,63.52952,61.7171,63.52952,56.0803,53.48832,51.92302,50.48762,49.81967,48.09366,49.0,49.09175,49.0306,46.17359,46.61545,50.9902,52.80152,50.60632,52.69725,55.47071,55.47071,57.00877,60.87693,60.44005,59.66574
9.48683,8.544,8.544,8.544,8.544,7.61577,7.28011,7.28011,6.32456,6.08276,6.08276,5.09902,4.12311,4.12311,4.0,4.0,3.0,3.0,2.0,2.23607,1.0,1.41421,1.41421,1.0,1.0,1.0,2.23607,2.23607,2.23607,2.23607,2.82843,2.82843,2.82843,3.60555,2.82843,3.60555,4.24264,4.24264,5.0,4.24264,4.24264,4.24264,5.0,4.24264,4.24264,5.0,5.0,5.0,5.83095,5.83095,5.38516,4.47214,52.7731,60.37384,57.24509,54.626,51.89412,52.80152,46.95743,47.01064,45.69464,41.23106,43.32436,38.60052,35.4683,31.95309,29.12044,24.5153,24.5153,20.39608,23.19483,17.72005,16.03122,17.02939,11.04536,10.04988,8.24621,5.83095,5.0,6.40312,5.09902,6.32456,6.40312,8.94427,8.48528,12.04159,15.26434,15.0,16.64332,18.78829,23.4094,21.63331,21.93171,23.70654,27.45906,25.23886,25.55386,30.01666,26.92582,27.78489,28.01785,29.41088,30.80584,31.40064,31.14482,27.65863,32.55764,26.07681,29.68164,55.75841,55.00909,63.56099,63.89053,66.21933,63.15061,65.9242,65.76473,73.24616,72.11103,73.06162,77.05842,79.00633,77.0,79.02531,83.0542,82.21922,85.14693,80.62258,86.28441,86.46965,84.71718,87.13208,83.18654,81.21576,83.54639,78.91768,73.5527,74.73286,72.00694,73.97973,69.35416,67.74216,59.21149,59.03389,58.00862,55.00909,52.08647,50.80354,49.0306,48.10405,47.16991,44.28318,48.37355,46.87217,44.59821,45.27693,46.69047,48.83646,55.0,54.08327,53.33854,56.4358,58.30952,56.82429,61.77378,63.95311
10.81665,9.43398,9.43398,9.43398,8.60233,8.60233,8.60233,7.2111,6.40312,6.40312,6.40312,5.65685,5.65685,5.65685,4.24264,4.24264,4.24264,2.82843,2.82843,2.23607,2.23607,2.23607,2.23607,1.0,1.0,0.0,1.0,2.0,2.0,2.0,2.0,2.0,2.23607,3.16228,3.16228,3.60555,4.47214,4.12311,4.12311,4.12311,4.12311,4.47214,4.12311,5.09902,5.09902,5.09902,5.09902,5.0,5.0,5.0,5.09902,5.09902,59.23681,59.09315,53.23533,53.23533,51.89412,54.56189,47.50789,44.77723,40.70626,42.95346,38.83298,38.01316,35.8469,34.4093,28.84441,29.20616,27.45906,25.05993,22.02272,17.80449,18.38478,13.60147,12.52996,12.08305,5.83095,5.83095,2.23607,5.38516,4.24264,3.16228,7.0,6.32456,10.44031,13.92839,13.34166,11.40175,15.26434,17.72005,17.08801,20.12461,22.47221,23.76973,24.35159,25.29822,23.5372,23.76973,26.4764,26.92582,28.44293,28.63564,29.01724,30.14963,29.27456,29.01724,32.01562,28.01785,26.4764,54.08327,57.21888,56.7186,62.96825,62.58594,65.19202,65.19202,67.77905,67.54258,67.62396,74.24284,75.591,73.92564,76.8505,81.12336,77.38863,84.40379,79.40403,85.27602,82.0061,81.40025,84.89994,79.51101,82.21922,80.05623,81.46779,77.07788,79.30952,72.18033,71.50524,68.0147,71.58911,65.94695,63.78087,60.0,56.85068,54.08327,55.07268,51.0,45.69464,48.10405,44.91102,48.83646,48.25971,46.01087,49.0102,47.16991,50.44799,48.76474,50.92151,55.65968,56.64804,57.24509,58.60034,62.24147,60.92618,62.16912
8.60233,8.60233,8.60233,7.2111,7.2111,6.40312,6.40312,5.0,5.0,5.65685,4.24264,4.24264,4.24264,3.60555,2.82843,2.82843,2.23607,1.41421,1.41421,1.41421,1.0,0.0,0.0,1.0,1.0,1.41421,2.23607,2.23607,2.23607,2.82843,2.82843,3.60555,3.60555,3.60555,4.24264,5.0,5.0,4.47214,5.0,5.0,5.83095,5.83095,5.83095,5.83095,5.83095,5.83095,5.38516,5.38516,5.38516,5.38516,5.38516,5.09902,56.85948,56.61272,60.16644,55.36244,56.79789,49.39636,51.0,46.09772,48.30114,41.62932,41.18252,35.8469,36.71512,33.61547,32.24903,30.61046,26.40076,23.85372,20.24846,20.80865,16.40122,12.80625,11.40175,9.21954,7.07107,6.32456,4.0,2.23607,4.12311,4.24264,4.47214,8.48528,14.42221,12.80625,16.12452,13.0,17.0,20.24846,18.38478,22.47221,22.80351,23.85372,23.60085,28.6007,26.92582,29.41088,26.07681,29.52965,26.40076,27.45906,30.41381,32.57299,30.8707,34.0147,31.04835,27.20294,26.07681,56.61272,58.60034,60.41523,64.89992,67.20119,63.25346,68.00735,67.62396,68.62215,69.42622,72.86288,74.95332,81.32035,79.93122,78.64477,81.68843,81.56592,85.27602,85.0,87.20092,84.81156,86.26703,87.80091,82.66196,85.14693,86.60831,82.37718,81.84131,74.63243,74.33034,71.28113,70.80254,68.24954,67.00746,65.79514,59.4138,58.79626,57.31492,54.67175,49.39636,51.97115,48.33218,46.8188,50.69517,50.01,46.38965,48.01042,49.16299,50.35871,55.44367,55.10898,54.12024,57.28001,59.13544,63.60031,61.03278,58.87274
9.48683,8.544,9.48683,8.544,8.544,7.28011,7.28011,6.32456,6.08276,6.08276,5.09902,5.09902,5.09902,4.12311,4.0,3.0,3.0,2.0,2.0,2.0,1.41421,1.0,1.0,1.0,0.0,1.0,2.0,2.23607,2.23607,3.16228,2.0,3.0,3.16228,3.16228,4.12311,4.0,5.09902,4.12311,4.12311,5.09902,5.09902,5.09902,5.09902,5.09902,6.08276,5.38516,6.32456,5.38516,5.38516,5.38516,5.83095,5.83095,30.80584,29.41088,29.20616,27.20294,26.62705,25.80698,23.85372,22.2036,23.02173,20.0,19.23538,17.88854,17.46425,15.65248,15.23155,15.23155,13.41641,13.41641,9.48683,9.84886,8.544,8.06226,7.07107,5.09902,3.0,3.16228,2.23607,1.41421,1.0,1.41421,2.0,2.23607,5.0,4.47214,6.7082,6.7082,8.94427,10.77033,9.21954,9.48683,10.44031,8.94427,11.18034,13.0,12.64911,13.60147,13.92839,13.0,15.23155,15.23155,15.26434,13.60147,14.42221,13.60147,12.20656,15.55635,14.14214,27.65863,27.16616,29.0,30.0,31.06445,33.24154,32.24903,33.37664,34.9285,33.95585,36.40055,38.32754,38.8973,37.94733,41.76123,39.56008,41.78516,39.56008,42.15448,42.15448,40.31129,43.86342,42.95346,42.95346,41.14608,41.59327,40.24922,41.14608,38.47077,37.57659,34.0,37.16181,33.10589,33.83785,31.95309,31.04835,31.04835,28.63564,27.65863,25.17936,25.0,23.08679,24.18677,24.04163,24.04163,21.47091,22.47221,25.23886,24.20744,25.6125,26.90725,29.06888,28.28427,26.90725,30.4795,30.41381,30.4795
9.21954,9.21954,9.21954,8.24621,8.24621,7.07107,7.07107,7.07107,6.08276,6.08276,6.0,6.0,5.0,5.0,4.0,4.0,3.16228,3.0,3.0,3.0,2.23607,2.0,1.0,1.41421,1.0,0.0,1.0,1.0,1.0,2.0,2.0,2.0,2.0,2.0,4.0,4.0,4.0,3.0,4.0,4.0,5.0,5.09902,5.09902,5.0,5.09902,5.09902,5.09902,5.09902,5.09902,5.38516,4.47214,4.47214,63.32456,67.18631,65.51336,58.54912,60.67125,54.74486,56.7186,53.75872,50.35871,45.70558,43.10452,42.0119,41.04875,38.47077,37.33631,33.13608,32.01562,29.06888,28.07134,28.16026,22.56103,19.0263,17.08801,17.26268,15.0333,12.36932,8.0,10.81665,5.0,3.0,2.23607,2.23607,2.82843,5.09902,8.06226,7.61577,9.48683,10.19804,18.38478,14.86607,17.08801,18.11077,18.0,21.0238,21.0238,24.08319,24.08319,25.17936,23.08679,24.0,26.0,29.15476,26.01922,26.30589,24.73863,25.96151,26.57066,49.57822,51.86521,55.0,64.84597,59.36329,57.58472,56.60389,58.82176,68.00735,63.56886,71.56815,70.60453,69.857,76.65507,80.75271,79.24645,83.67795,82.56513,81.7435,82.49242,84.59314,86.68333,89.4539,87.05171,85.00588,85.2115,82.02439,81.09871,80.025,77.52419,78.05767,72.44308,68.46897,66.61081,66.91039,61.98387,61.61169,58.24088,53.14132,55.54278,50.08992,51.31277,51.22499,51.73973,48.08326,49.09175,48.25971,53.23533,53.66563,55.03635,51.47815,57.93962,56.0803,65.45991,62.58594,64.53681,68.88396
10.63015,10.63015,10.0,9.21954,9.21954,8.60233,8.60233,8.06226,7.2111,7.2111,7.2111,6.7082,5.83095,5.83095,5.38516,5.38516,4.47214,4.47214,3.16228,3.16228,3.16228,3.16228,3.16228,2.0,1.41421,1.0,1.0,0.0,1.0,1.0,1.41421,1.41421,1.41421,2.23607,2.23607,2.23607,2.23607,2.82843,2.82843,2.82843,3.60555,3.60555,4.24264,3.60555,3.60555,3.60555,4.47214,4.47214,4.47214,4.47214,5.09902,4.12311,71.40028,67.47592,65.79514,65.05382,64.66065,61.6198,58.0517,57.38467,53.8145,51.66237,48.08326,45.25483,43.18565,43.84062,33.24154,34.65545,37.48333,29.83287,31.14482,26.24881,26.83282,20.0,23.02173,19.72308,15.6205,13.0,13.89244,9.48683,8.24621,6.40312,4.47214,6.08276,1.0,3.60555,5.65685,6.32456,5.65685,14.86607,9.21954,10.81665,14.14214,17.69181,15.55635,19.10497,17.80449,22.80351,17.80449,24.04163,23.32381,22.2036,25.23886,24.16609,23.32381,24.35159,26.57066,27.20294,22.36068,49.24429,50.56679,53.14132,54.81788,55.7853,56.7186,58.21512,61.07373,64.12488,63.0,70.17834,68.26419,73.33485,75.95393,73.33485,80.60397,78.26238,79.42921,78.1025,82.2253,79.12016,83.67795,86.03488,82.28001,83.57033,83.00602,78.92401,81.59657,75.96052,74.09453,73.38937,71.16881,68.96376,65.25335,67.18631,61.39218,58.24088,57.87055,55.9017,57.21888,52.00961,49.0408,49.0408,52.17279,52.39275,47.16991,46.95743,51.47815,55.75841,54.08327,59.64059,60.60528,61.03278,63.25346,64.44377,64.53681,68.11755
11.6619,10.81665,11.6619,10.29563,10.29563,9.43398,8.94427,8.94427,8.06226,8.06226,8.06226,7.2111,7.2111,6.7082,6.7082,5.38516,5.38516,4.47214,4.12311,4.47214,4.47214,3.16228,3.16228,3.16228,3.16228,1.41421,1.0,1.0,1.0,0.0,0.0,0.0,0.0,1.0,1.41421,2.23607,2.23607,2.23607,1.41421,2.23607,2.82843,2.82843,2.82843,2.82843,2.82843,2.82843,3.60555,3.60555,3.16228,3.16228,4.12311,4.12311,73.3553,74.24284,67.62396,65.0,64.88451,65.74192,63.97656,57.24509,53.23533,52.0,54.626,47.85394,46.61545,43.86342,46.61545,37.58989,34.9285,35.73514,33.24154,30.08322,30.36445,25.29822,21.2132,22.80351,15.29706,17.11724,16.49242,16.12452,10.04988,9.21954,6.0,5.09902,4.47214,5.0,2.23607,5.0,5.0,8.06226,10.0,8.60233,13.0,16.49242,12.64911,16.12452,16.27882,21.40093,21.40093,21.63331,23.34524,21.40093,23.43075,20.80865,22.80351,29.52965,25.94224,23.70654,24.73863,48.33218,48.30114,54.58938,51.61395,55.15433,57.28001,55.17246,60.959,64.03124,65.60488,65.45991,68.26419,70.3278,71.58911,76.02631,76.02631,81.02469,79.47956,80.99383,79.47956,82.56513,86.97701,81.49233,81.7435,81.7435,82.76473,77.87811,79.9062,80.04998,77.36924,74.1485,71.80529,67.68309,66.76077,68.88396,66.09841,62.93648,57.93962,56.85948,53.66563,54.70832,53.33854,48.83646,52.40229,54.48853,49.67897,53.60037,54.6443,59.16925,60.82763,62.64982,65.79514,68.8767,68.00735,71.86793,72.23573,69.07966
10.44031,10.19804,9.48683,9.48683,8.24621,8.24621,8.24621,7.28011,7.28011,6.32456,6.32456,6.32456,5.38516,5.38516,5.38516,4.47214,4.47214,3.16228,3.16228,2.23607,2.23607,2.23607,2.23607,1.41421,1.41421,1.0,0.0,0.0,1.0,1.0,2.0,2.0,2.0,2.0,2.23607,3.16228,3.16228,3.0,3.16228,3.16228,4.12311,4.12311,4.0,4.0,4.0,5.0,5.0,5.09902,4.12311,4.12311,4.12311,4.47214,70.11419,71.06335,69.00725,65.06919,64.19502,60.29925,63.07139,55.3263,54.00926,56.56854,51.0,47.26521,49.09175,43.10452,45.17743,40.0,36.01389,31.0,33.06055,30.01666,30.26549,25.4951,24.02082,17.46425,16.27882,18.24829,17.26268,10.0,8.24621,8.06226,4.12311,6.40312,4.0,2.23607,4.12311,3.16228,5.0,9.84886,11.7047,14.31782,12.52996,12.36932,15.23155,19.69772,19.64688,19.31321,19.31321,24.59675,21.18962,21.47091,24.18677,27.29469,27.01851,31.82766,24.20744,29.0,26.40076,46.04346,46.17359,49.25444,53.15073,57.28001,54.42426,55.54278,58.69412,61.77378,63.13478,65.8635,67.95587,73.4983,72.67049,72.62231,75.9276,78.64477,78.51751,76.38063,78.49204,82.07314,81.56592,80.1561,83.40863,83.60024,79.6304,81.40025,79.05694,74.06079,79.40403,78.00641,71.61006,69.40461,68.50547,66.0303,65.43699,63.78087,62.2254,55.86591,57.31492,55.80323,56.60389,51.97115,50.69517,49.65884,54.12024,54.91812,55.54278,56.56854,59.68249,58.54912,68.06614,65.12296,67.0,71.02816,72.02777,71.06335
10.29563,9.84886,10.29563,8.94427,9.43398,8.94427,7.61577,7.61577,6.7082,7.61577,6.32456,6.32456,5.38516,5.38516,5.38516,5.09902,4.12311,4.12311,4.12311,4.12311,3.16228,3.0,2.0,2.0,2.0,1.0,1.41421,1.0,1.0,1.0,1.0,1.41421,1.41421,1.41421,2.82843,2.82843,2.82843,2.82843,2.82843,3.60555,3.60555,5.0,5.0,5.0,4.47214,4.47214,5.38516,4.47214,5.38516,5.38516,5.09902,5.0,68.62215,69.46222,67.6757,69.89278,62.96825,61.09828,57.00877,57.00877,56.0803,57.38467,51.5461,50.0,45.54119,43.01163,42.37924,40.26164,38.8973,33.95585,32.55764,32.98485,27.16616,28.16026,23.08679,25.17936,20.0,16.03122,19.0263,16.03122,15.13275,11.04536,9.21954,8.60233,1.0,5.09902,2.23607,8.06226,5.09902,6.40312,10.63015,11.6619,15.65248,15.0,17.69181,19.10497,19.10497,17.69181,19.20937,23.34524,28.3196,26.90725,29.0,24.75884,24.41311,25.4951,27.85678,25.96151,24.5153,41.76123,44.77723,47.42362,51.97115,52.69725,50.0,55.31727,55.60576,62.2254,59.4138,62.28965,64.2028,68.11755,69.40461,72.20111,74.33034,74.33034,77.02597,75.29276,81.41253,80.62258,79.15807,78.39005,86.03488,82.63776,79.05694,78.74643,75.89466,80.99383,79.12016,76.53757,74.46476,74.84651,74.84651,68.70953,63.69458,64.88451,59.5063,56.85948,62.26556,55.75841,54.67175,54.56189,53.03772,51.62364,48.27007,50.77401,57.3062,55.9017,59.9333,57.58472,62.76942,62.96825,68.15424,69.46222,69.57011,71.51224
11.40175,11.40175,11.40175,10.44031,10.44031,9.48683,9.48683,8.544,8.544,8.24621,8.544,7.61577,7.28011,6.32456,6.32456,6.7082,5.38516,5.83095,4.47214,4.47214,4.47214,3.60555,3.16228,3.16228,3.16228,2.23607,1.41421,1.0,1.0,1.0,0.0,1.0,1.0,1.41421,1.41421,1.41421,2.23607,2.23607,2.23607,3.16228,3.16228,3.16228,4.12311,3.0,4.0,4.0,4.0,4.0,4.12311,4.12311,3.16228,3.60555,74.30343,71.69379,69.33974,65.0,66.18912,62.6099,62.17717,60.41523,54.70832,52.83938,51.47815,51.10773,48.37355,48.02083,40.24922,40.81666,41.04875,38.27532,34.1321,36.40055,30.61046,25.80698,26.07681,23.60085,24.41311,22.02272,20.61553,16.40122,14.42221,12.04159,8.60233,10.0,7.81025,7.2111,2.0,3.60555,1.0,5.0,8.94427,8.94427,9.48683,15.26434,13.60147,15.52417,16.12452,17.46425,20.39608,22.56103,22.56103,23.08679,25.01999,26.1725,23.02173,25.31798,25.96151,24.73863,24.69818,43.26662,43.41659,50.9902,52.20153,49.33559,54.34151,51.78803,57.55867,59.3043,59.3043,64.12488,67.0,70.00714,68.06614,71.25307,74.24284,75.53807,74.52516,80.23092,81.78631,78.1025,79.62412,83.81527,81.90849,80.36168,79.40403,77.83315,80.00625,77.49194,76.89603,74.94665,73.05477,68.94926,69.89278,67.72001,64.19502,61.13101,59.66574,56.29387,55.44367,55.3263,58.07753,56.0357,55.3263,53.60037,55.7315,55.54278,57.87055,57.00877,58.30952,60.82763,63.13478,64.41273,65.8635,68.96376,73.82412,74.70609
11.6619,10.81665,11.6619,10.81665,10.81665,9.43398,9.43398,8.94427,8.06226,8.94427,8.06226,7.61577,7.61577,6.7082,6.7082,6.7082,5.38516,5.38516,5.38516,4.47214,4.47214,4.12311,3.16228,3.16228,3.16228,2.23607,2.23607,1.41421,1.41421,1.0,1.0,1.0,0.0,1.0,2.0,2.0,2.0,2.0,2.0,2.23607,3.16228,3.16228,3.16228,3.60555,3.60555,3.60555,3.60555,3.60555,3.60555,3.60555,3.60555,3.60555,73.24616,72.71864,67.1193,66.37017,67.74216,61.7171,59.94164,59.48109,53.23533,51.97115,56.79789,48.33218,50.9902,44.28318,41.14608,43.38202,40.31129,36.67424,32.57299,31.95309,30.08322,25.4951,21.58703,23.08679,19.64688,17.46425,16.49242,16.12452,13.0,11.7047,11.7047,7.61577,5.83095,4.12311,4.47214,2.0,4.0,5.09902,7.28011,10.19804,11.04536,14.14214,16.12452,16.49242,19.10497,19.31321,18.97367,21.93171,23.4094,23.02173,23.70654,22.02272,24.20744,25.80698,27.58623,25.4951,24.16609,39.05125,43.82921,49.40648,47.85394,50.9902,50.92151,51.62364,57.28001,59.20304,62.8172,59.84146,64.28841,65.51336,70.40597,70.25667,75.80237,76.65507,73.17103,76.23647,75.02666,77.00649,81.0,80.05623,82.0061,80.025,78.02564,78.1025,76.02631,75.00667,76.00658,73.02739,75.05998,71.06335,71.11259,69.02898,66.06815,62.39391,62.80127,57.87055,58.5235,56.64804,54.12947,51.26402,54.70832,53.33854,50.0,54.56189,54.45181,53.90733,57.62812,63.25346,62.42596,65.73431,66.85058,70.23532,64.49806,70.83078
11.40175,10.19804,10.19804,10.19804,9.21954,9.21954,9.05539,8.06226,7.07107,7.07107,7.07107,7.0,6.08276,6.0,5.0,5.0,4.12311,4.12311,4.0,3.16228,3.0,3.0,2.0,2.0,1.0,1.0,0.0,0.0,1.0,2.0,1.0,2.0,2.0,3.0,3.0,4.0,4.0,4.0,4.0,4.0,5.0,5.0,5.0,5.09902,5.0,6.08276,5.09902,5.09902,5.09902,6.32456,5.38516,5.38516,73.08215,65.45991,64.84597,62.36185,65.80274,60.63827,60.41523,55.10898,54.34151,53.36666,49.0306,44.72136,46.87217,40.79216,40.1995,36.22154,33.13608,29.15476,32.01562,29.06888,27.01851,23.08679,16.03122,22.02272,16.12452,12.04159,13.0384,11.04536,6.08276,6.08276,3.60555,1.0,1.0,1.0,5.38516,6.0,9.0,12.16553,15.13275,18.43909,20.02498,18.02776,17.26268,22.0,20.0,27.01851,27.16616,25.17936,22.2036,25.17936,28.16026,28.23119,28.16026,27.20294,27.73085,27.78489,27.78489,46.66905,44.20407,48.01042,51.47815,52.35456,54.12947,52.20153,56.64804,58.82176,62.29767,63.60031,65.0,68.41053,70.60453,70.83078,73.5459,77.46612,73.34848,74.1485,75.66373,75.95393,79.30952,79.51101,77.31753,82.21922,78.31347,79.30952,84.29116,76.23647,76.65507,71.44928,73.33485,70.34913,69.05071,68.06614,65.51336,61.39218,61.40033,58.82176,57.87055,57.70615,51.97115,52.00961,56.22277,53.15073,47.20169,50.60632,52.15362,53.23533,54.56189,57.00877,60.53924,65.39113,61.68468,64.84597,65.78754,68.68042
10.44031,10.44031,9.84886,9.48683,9.48683,8.24621,8.544,7.28011,7.28011,6.7082,6.32456,5.38516,5.38516,5.38516,4.47214,4.47214,3.60555,3.16228,2.82843,2.82843,2.23607,2.23607,1.0,1.0,0.0,1.0,1.0,1.41421,1.41421,2.23607,2.23607,2.82843,2.82843,3.60555,3.60555,4.24264,4.24264,5.0,5.0,5.0,5.0,5.0,5.83095,5.83095,5.83095,5.38516,5.38516,5.38516,5.38516,5.09902,5.09902,5.09902,69.92138,66.12866,62.39391,66.76077,62.76942,61.09828,59.80803,57.00877,53.48832,48.8467,45.18849,44.38468,42.04759,42.04759,37.58989,32.75668,33.83785,32.44996,25.94224,27.20294,25.0,22.47221,19.20937,18.02776,12.52996,15.6205,10.0,10.81665,6.32456,6.32456,2.0,3.16228,7.0,4.47214,8.544,10.0,10.0,14.14214,16.27882,16.97056,20.51828,22.02272,22.67157,24.75884,24.08319,29.73214,24.83948,29.06888,31.90611,26.41969,31.38471,28.17801,26.83282,31.7805,30.88689,29.15476,29.12044,47.12749,46.51881,52.83938,51.62364,53.60037,56.22277,56.63921,59.4138,62.93648,62.24147,67.94115,66.48308,64.44377,70.00714,70.0928,69.31089,76.6942,77.00649,79.81228,78.81624,81.84131,84.20214,82.20097,81.68843,83.40863,83.86895,85.42833,81.21576,77.80103,78.40918,74.65253,74.20243,73.60027,72.00694,66.8431,67.20863,63.70243,60.80296,58.82176,56.93856,53.0,53.22593,56.921,53.85165,55.10898,53.85165,53.60037,54.03702,54.03702,56.22277,57.55867,59.43904,64.7611,66.70832,68.70953,69.92138,68.88396
9.21954,9.05539,9.0,8.06226,8.06226,7.07107,7.07107,6.0,6.0,6.0,5.09902,5.0,4.0,4.0,3.0,3.0,2.0,3.0,2.0,1.0,1.0,0.0,0.0,0.0,1.0,1.0,1.41421,2.23607,2.23607,3.16228,4.12311,3.16228,4.12311,4.12311,4.12311,4.12311,5.09902,5.09902,5.09902,5.09902,5.09902,5.09902,6.08276,6.08276,5.09902,5.0,6.0,6.0,6.08276,6.08276,5.09902,5.09902,64.12488,60.07495,60.00833,55.03635,58.21512,54.03702,49.0102,52.03845,49.0,43.10452,42.19005,40.0125,37.12142,37.01351,34.05877,29.15476,28.01785,22.0,21.09502,17.11724,18.43909,13.34166,13.34166,11.40175,6.08276,5.09902,3.16228,4.0,2.23607,4.12311,4.47214,4.47214,8.60233,14.31782,10.29563,17.46425,15.81139,16.76305,21.18962,21.18962,20.88061,22.13594,28.63564,30.08322,27.65863,29.73214,31.04835,28.63564,27.65863,30.41381,30.80584,31.14482,32.01562,35.0,29.0,29.15476,30.08322,49.49747,52.49762,50.60632,54.40588,57.14018,58.18075,57.3062,59.94164,61.26989,63.15853,66.70832,70.38466,73.05477,75.61085,76.2168,78.77182,79.05694,81.59657,80.00625,82.28001,83.9345,84.89994,84.64632,80.80842,84.72308,82.2253,78.64477,82.2253,76.65507,74.2159,73.24616,71.30919,68.15424,66.40783,66.7308,65.19202,60.41523,59.05929,58.59181,56.60389,52.80152,48.79549,47.38143,51.85557,47.70744,45.27693,47.85394,51.62364,52.81098,57.00877,54.34151,60.82763,62.64982,60.29925,64.49806,63.12686,66.06815
10.04988,10.19804,9.05539,9.05539,9.05539,8.24621,7.28011,7.28011,7.28011,6.08276,6.32456,5.09902,5.09902,4.12311,4.12311,3.16228,3.16228,2.23607,2.23607,2.0,1.0,1.0,1.0,1.0,1.0,1.41421,2.23607,2.23607,2.23607,3.60555,3.60555,3.60555,4.47214,4.24264,4.24264,4.24264,5.65685,5.0,5.0,5.0,5.65685,5.65685,5.65685,6.40312,6.40312,6.40312,6.40312,6.40312,5.83095,5.0,5.83095,5.38516,61.40033,67.06713,62.514,60.29925,61.0,55.22681,52.17279,45.70558,50.80354,42.75512,42.37924,42.05948,36.13862,34.20526,28.63564,28.79236,26.40076,23.4094,19.72308,21.0238,17.0,13.0384,10.63015,8.06226,5.83095,5.0,2.0,1.41421,6.40312,4.0,11.6619,12.04159,14.86607,16.97056,17.69181,18.43909,21.2132,24.04163,26.1725,29.69848,30.41381,29.83287,29.0,29.73214,31.241,33.24154,32.55764,33.24154,32.55764,33.30165,31.40064,35.0,33.30165,34.05877,32.75668,34.88553,32.31099,50.69517,48.76474,58.69412,54.33231,57.55867,59.21149,62.64982,65.27634,67.47592,71.02816,70.11419,72.0,73.06162,78.0,75.05998,81.05554,79.1012,85.00588,82.02439,85.09407,80.00625,84.00595,88.05112,85.00588,85.00588,82.0061,83.0542,80.09994,86.09297,79.22752,78.51751,73.82412,73.68175,70.03571,68.44706,61.68468,62.29767,61.46544,57.27128,55.47071,46.87217,53.25411,50.93133,50.9902,51.22499,49.39636,52.92447,54.626,51.41984,55.10898,59.5399,59.13544,61.13101,60.03332,64.03124,61.0,68.35934
8.94427,8.94427,8.94427,8.94427,7.61577,7.61577,6.7082,6.32456,6.32456,5.38516,5.38516,4.12311,4.12311,4.12311,4.12311,3.16228,2.23607,2.23607,1.0,1.0,1.0,0.0,1.0,0.0,1.0,2.0,2.23607,2.0,3.0,3.16228,3.16228,4.12311,4.12311,4.12311,5.09902,5.09902,5.09902,5.09902,5.09902,6.08276,6.08276,6.08276,5.09902,6.08276,6.08276,6.0,6.08276,6.0,6.0,6.0,6.08276,5.09902,62.80127,58.00862,56.30275,54.6443,49.92995,47.16991,49.39636,43.04649,44.29447,38.47077,40.22437,36.35932,35.8469,27.73085,28.63564,23.4094,19.69772,17.72005,18.43909,16.27882,12.36932,10.0,7.2111,6.08276,4.47214,3.16228,7.0,9.0,7.28011,15.0333,12.0,13.0,18.02776,19.0,20.0,23.08679,26.07681,26.01922,29.01724,28.07134,29.27456,29.06888,31.0,32.01562,37.21559,33.01515,36.05551,35.12834,35.01428,38.20995,36.12478,35.35534,37.48333,33.37664,29.42788,35.17101,35.44009,52.3259,53.23533,55.9464,56.61272,57.80138,57.2014,61.07373,62.482,65.79514,65.8559,67.35726,70.76722,70.93659,72.13876,85.04117,74.27651,82.73452,77.15569,78.74643,80.62258,81.46779,86.37129,82.807,82.21922,82.13404,84.20214,84.38602,80.05623,75.74299,79.20227,69.2026,73.40981,65.73431,64.3506,63.24555,59.5399,62.17717,57.24509,50.59644,49.0306,49.36598,51.08816,46.01087,47.09565,42.95346,50.92151,44.27189,51.89412,47.43416,51.10773,53.15073,55.86591,57.48913,55.86591,60.30755,58.25805,60.81118
8.06226,8.24621,8.24621,7.28011,6.32456,6.08276,5.38516,5.09902,4.12311,3.16228,3.60555,3.16228,2.23607,2.23607,1.41421,1.41421,1.41421,0.0,0.0,1.0,1.0,1.41421,1.41421,2.23607,3.16228,2.82843,3.60555,4.47214,4.24264,5.0,5.83095,5.83095,5.83095,6.7082,6.40312,6.40312,6.40312,7.2111,7.2111,7.2111,7.2111,7.2111,7.2111,7.2111,7.2111,7.2111,6.7082,7.61577,7.61577,7.28011,7.28011,7.28011,59.0,57.03508,58.07753,57.00877,47.38143,49.0408,39.01282,44.40721,35.69314,31.40064,32.98485,30.41381,30.67572,24.04163,23.34524,22.47221,18.38478,15.23155,12.04159,6.32456,8.60233,7.07107,3.16228,4.0,5.09902,3.16228,7.61577,10.44031,12.52996,10.81665,15.65248,16.55295,20.24846,20.59126,25.4951,24.69818,26.92582,30.80584,29.06888,27.78489,29.15476,33.83785,34.66987,36.61967,38.91015,34.0,37.12142,35.51056,39.81206,39.39543,37.58989,38.07887,38.91015,34.48188,38.60052,33.24154,34.52535,51.42956,57.00877,57.56735,61.84658,56.51548,62.36986,62.39391,65.62012,69.2315,73.97973,70.45566,71.84706,74.96666,78.51751,79.15807,77.31753,83.60024,79.30952,84.38009,80.1561,84.21401,86.09297,83.38465,87.28115,82.29824,85.14693,77.10383,82.49242,76.32169,81.22192,73.68175,77.78175,67.08204,67.46851,64.28841,58.18935,60.74537,53.7122,53.66563,52.15362,54.20332,50.9902,48.08326,50.60632,49.40648,44.65423,47.85394,53.45091,48.38388,48.50773,53.33854,54.45181,58.54912,57.31492,62.00806,68.02941,57.03508
8.94427,8.06226,8.06226,6.7082,6.7082,6.7082,5.83095,5.83095,5.0,4.47214,3.60555,3.60555,3.60555,2.82843,2.23607,2.23607,1.41421,1.0,1.0,0.0,0.0,1.0,1.0,1.41421,2.23607,2.23607,3.16228,3.60555,3.60555,4.12311,4.47214,4.47214,4.47214,4.47214,5.38516,5.38516,5.38516,5.38516,5.38516,5.38516,6.32456,6.32456,6.32456,6.32456,6.08276,6.08276,6.08276,6.08276,6.08276,6.0,6.0,5.09902,55.07268,55.9017,52.00961,51.61395,46.32494,45.22168,43.82921,41.23106,39.66106,35.4683,33.97058,29.06888,27.58623,24.20744,24.69818,18.43909,14.42221,15.0,13.92839,11.40175,8.06226,9.0,7.2111,7.07107,7.2111,7.61577,13.34166,10.0,15.29706,17.72005,19.41649,21.58703,23.4094,24.73863,24.35159,28.79236,29.15476,29.73214,31.01612,35.73514,27.51363,37.64306,34.53983,35.4683,35.1141,37.36308,37.0,39.0,36.49658,36.13862,39.62323,38.32754,34.1321,34.05877,31.06445,35.35534,31.04835,50.24938,55.03635,58.07753,62.20129,58.0517,57.72348,57.48913,63.32456,65.14599,66.7308,69.07966,71.69379,72.61543,75.23962,76.48529,73.82412,80.95678,79.17702,83.24062,81.9878,85.95929,85.58621,81.30191,79.88116,77.10383,78.49204,81.84131,79.05694,73.24616,76.32169,71.69379,70.17834,68.47627,64.14047,63.52952,61.40033,56.85948,54.42426,57.24509,51.92302,51.97115,49.16299,52.00961,53.00943,47.09565,46.38965,50.44799,53.16014,51.26402,50.69517,50.9902,58.13777,58.66856,59.05929,60.74537,60.41523,57.68882
9.21954,8.24621,8.24621,7.28011,7.28011,7.28011,6.32456,6.32456,6.32456,5.38516,5.38516,4.47214,4.47214,3.60555,3.60555,2.82843,2.82843,2.23607,2.23607,2.23607,2.0,2.0,2.0,2.23607,2.23607,2.23607,2.82843,4.24264,4.24264,4.24264,4.24264,5.0,5.0,5.0,5.0,5.0,5.0,5.65685,5.65685,5.65685,5.65685,5.65685,5.65685,5.65685,5.65685,5.65685,5.83095,5.83095,5.83095,5.83095,5.38516,5.38516,55.7315,55.57877,52.46904,51.15662,50.80354,46.38965,42.42641,45.39824,38.32754,39.81206,36.67424,33.73426,32.28002,27.89265,30.08322,24.35159,22.80351,19.69772,16.12452,15.6205,14.21267,10.63015,11.18034,10.0,10.19804,10.29563,10.19804,9.21954,14.21267,20.24846,16.40122,24.75884,20.0,26.0,22.2036,27.20294,24.59675,28.6531,29.06888,32.75668,31.62278,32.24903,34.66987,33.54102,34.0,32.24903,34.4093,31.62278,39.05125,33.42155,34.65545,35.4683,39.05125,32.64966,32.24903,32.24903,33.54102,52.34501,55.00909,52.46904,58.69412,59.43904,59.20304,62.39391,62.62587,66.30988,65.0,69.35416,70.23532,72.49828,76.15773,77.52419,73.57309,76.55064,79.61156,81.02469,81.46779,78.1025,82.9759,80.91971,82.13404,83.4386,83.48653,82.73452,82.807,72.86288,77.23341,69.31089,72.12489,66.46804,66.52819,65.11528,63.65532,56.22277,52.00961,54.20332,50.80354,54.12024,48.76474,52.20153,52.20153,49.47727,51.78803,51.62364,50.15974,56.0,51.0392,54.23099,57.31492,59.13544,54.45181,56.56854,62.28965,58.69412
9.48683,9.48683,9.48683,8.544,8.544,7.28011,7.28011,7.28011,6.32456,6.32456,5.38516,5.09902,5.09902,4.12311,4.12311,3.0,3.0,3.0,2.0,2.0,2.23607,1.41421,1.41421,1.41421,1.0,2.0,2.23607,3.16228,2.23607,3.60555,3.16228,3.60555,3.60555,4.47214,4.47214,4.47214,4.47214,4.47214,4.47214,4.47214,5.38516,5.38516,5.09902,5.38516,5.38516,5.09902,6.08276,5.09902,5.0,5.0,5.09902,5.09902,57.38467,58.82176,56.921,52.88667,54.81788,49.39636,46.8188,48.50773,41.76123,41.10961,39.05125,35.1141,34.71311,34.1321,27.20294,24.33105,25.17936,22.09072,19.0263,14.03567,18.24829,13.34166,10.81665,10.81665,7.81025,11.7047,7.28011,10.04988,12.16553,13.41641,15.23155,18.02776,19.20937,21.09502,25.05993,23.70654,24.41311,24.18677,24.69818,30.80584,30.61046,28.30194,31.90611,33.42155,33.61547,33.28663,28.6531,31.06445,30.8707,32.20248,32.69557,35.1141,33.24154,31.257,29.83287,32.01562,29.01724,52.39275,54.12024,54.91812,58.60034,61.07373,57.31492,62.93648,62.28965,64.66065,64.53681,64.81512,65.73431,72.67049,76.8505,75.80237,77.52419,78.03204,79.15807,80.13114,83.67198,82.34683,85.61542,81.939,81.27115,82.56513,81.59657,84.11896,79.37884,75.0,73.08215,74.33034,71.16881,70.2282,65.14599,60.53924,61.84658,57.27128,54.12947,53.7122,57.68882,51.0392,52.00961,48.83646,49.51767,48.16638,47.70744,52.47857,53.85165,52.7731,51.07837,57.00877,57.93962,58.5235,57.28001,61.39218,62.64184,64.84597
9.43398,9.43398,8.60233,8.06226,8.06226,7.2111,7.2111,6.7082,5.83095,5.0,5.0,5.0,4.24264,3.60555,2.82843,2.82843,2.82843,2.23607,2.23607,1.41421,2.0,1.0,1.41421,1.41421,2.23607,2.23607,3.16228,3.16228,3.16228,4.12311,4.12311,4.12311,4.12311,4.12311,5.09902,5.09902,5.09902,5.09902,5.38516,5.38516,5.38516,5.38516,6.32456,5.38516,6.32456,5.38516,5.83095,5.83095,5.83095,5.65685,5.65685,5.0,61.52235,60.959,58.0,58.0517,54.45181,49.57822,50.24938,45.34314,43.13931,45.27693,39.62323,37.48333,36.23534,34.71311,29.69848,27.20294,27.80288,26.24881,22.47221,18.02776,17.46425,15.65248,11.18034,7.0,7.0,9.84886,6.7082,7.81025,8.48528,10.44031,13.0,16.27882,15.0333,16.27882,19.0263,16.03122,23.0,21.0238,27.45906,25.0,22.0,27.07397,29.0,29.06888,28.16026,30.01666,30.14963,30.01666,28.44293,32.24903,31.04835,32.75668,28.44293,33.10589,32.89377,28.6531,28.01785,51.73973,51.62364,53.2635,52.40229,56.4358,56.79789,59.48109,57.77543,63.69458,65.19202,66.21933,69.64194,70.88018,74.73286,73.34848,76.48529,81.04937,78.77182,79.51101,79.07591,79.30952,82.1523,83.00602,82.0975,78.05767,82.21922,80.1561,77.31753,78.00641,73.24616,73.5527,73.17103,71.06335,64.07027,67.0,61.0082,59.0,57.00877,53.46027,54.58938,52.7731,51.92302,52.20153,51.86521,46.23851,57.24509,53.33854,52.80152,53.60037,56.40035,59.81639,57.28001,58.79626,63.78087,63.03174,60.81118,62.93648
11.0,10.0,10.0,9.0,9.05539,9.0,8.0,8.0,7.0,7.07107,7.07107,6.08276,6.08276,5.09902,4.12311,4.12311,4.12311,4.12311,3.16228,3.16228,2.23607,2.23607,1.41421,1.41421,2.23607,1.0,2.23607,2.23607,2.23607,2.82843,2.82843,2.82843,3.60555,3.60555,4.24264,4.24264,4.24264,4.24264,4.24264,5.0,5.0,5.65685,5.65685,5.65685,5.0,5.0,5.83095,5.83095,5.83095,5.83095,5.38516,5.38516,66.28725,61.39218,67.08204,65.11528,59.84146,57.72348,57.70615,52.17279,51.1957,51.1957,47.85394,44.55334,41.97618,38.63936,32.24903,35.12834,34.71311,27.01851,25.17936,26.01922,21.09502,19.0263,19.0263,15.52417,11.04536,12.64911,12.08305,12.04159,7.2111,8.06226,9.05539,7.07107,9.84886,12.64911,13.0384,15.26434,13.0384,20.51828,16.97056,20.51828,20.61553,17.80449,21.9545,25.4951,23.60085,22.67157,24.83948,24.83948,29.41088,27.01851,26.41969,27.73085,28.17801,29.06888,26.92582,24.5153,29.42788,46.09772,48.08326,50.28916,54.12947,53.66563,55.9464,57.68882,58.00862,61.61169,63.41136,63.78087,65.94695,71.50524,71.50524,73.59348,75.00667,77.10383,77.33693,79.64923,80.60397,79.81228,82.0975,80.70936,80.70936,80.99383,87.36704,79.92496,80.62258,75.66373,80.26207,77.02597,78.54935,69.83552,68.09552,67.6757,67.95587,63.24555,62.80127,62.482,58.72819,60.10824,54.56189,57.48913,58.24946,56.4358,54.626,56.36488,55.36244,61.35145,58.24088,58.87274,63.56099,65.0,62.58594,71.80529,69.857,66.70832
12.04159,11.04536,11.0,10.0,10.0,10.0,9.0,9.0,8.0,8.0,7.0,7.0,7.0,6.0,5.0,5.09902,5.09902,4.12311,4.12311,3.16228,3.16228,3.16228,2.23607,2.23607,1.41421,1.41421,1.0,1.0,1.41421,1.41421,2.23607,1.41421,2.82843,2.82843,2.82843,2.82843,3.60555,4.24264,3.60555,3.60555,4.24264,4.24264,4.24264,4.24264,4.24264,4.24264,4.24264,5.0,4.47214,4.47214,4.47214,4.47214,69.06519,65.00769,70.06426,70.06426,66.06815,60.00833,61.07373,56.14268,56.0,51.15662,51.15662,46.04346,46.17359,40.1995,41.10961,36.49658,34.9285,31.40064,28.16026,25.0,27.65863,21.58703,23.5372,16.49242,16.49242,9.48683,11.18034,10.63015,5.65685,6.40312,4.12311,5.38516,6.40312,6.40312,8.94427,8.544,12.36932,14.76482,15.81139,15.23155,17.08801,18.68154,19.69772,19.41649,26.0,23.76973,24.69818,24.69818,26.92582,25.94224,26.41969,26.40076,28.6007,23.60085,27.65863,24.75884,24.41311,45.01111,46.04346,50.35871,50.21952,52.49762,54.40588,55.03635,58.18075,59.5063,60.83584,64.49806,66.64833,65.8635,69.97142,74.33034,72.00694,74.63243,76.2168,76.6094,78.74643,80.80842,79.93122,84.21995,82.03658,79.9062,83.45058,77.7946,79.9062,75.66373,80.62258,74.95332,75.66373,74.27651,69.35416,69.31089,68.68042,65.60488,64.03124,60.21628,60.41523,58.30952,58.13777,55.03635,58.18935,53.75872,59.46427,59.90826,60.67125,59.21149,61.13101,61.03278,66.1211,67.02984,65.03076,71.17584,67.02984,73.10951
10.0,10.0,10.0,9.21954,9.21954,8.60233,8.60233,7.81025,7.2111,7.2111,6.40312,5.83095,5.83095,5.83095,4.47214,4.47214,4.12311,4.12311,3.16228,3.16228,2.23607,2.0,2.0,2.0,2.0,1.41421,1.41421,1.0,1.0,2.0,2.0,2.0,3.16228,3.16228,3.16228,3.16228,3.16228,3.16228,4.12311,4.12311,4.12311,4.12311,4.12311,4.12311,4.12311,5.09902,5.09902,5.09902,5.0,5.0,5.0,5.09902,71.06335,64.81512,65.60488,64.40497,60.21628,58.60034,57.42822,59.81639,50.0,47.01064,49.81967,49.40648,40.0,41.67733,37.21559,38.83298,36.05551,31.90611,27.73085,29.06888,24.16609,21.54066,18.97367,19.92486,14.31782,11.18034,12.16553,7.0,9.0,4.47214,2.23607,6.08276,3.60555,8.06226,9.84886,8.06226,13.92839,14.42221,14.56022,19.69772,14.86607,16.55295,18.43909,20.0,23.43075,22.47221,25.07987,26.40076,24.35159,25.63201,23.76973,26.92582,25.29822,27.89265,26.30589,25.31798,24.0,46.61545,46.40043,50.20956,50.20956,51.85557,53.60037,52.69725,60.74537,61.05735,60.83584,67.08204,66.70832,67.62396,72.11103,70.2282,74.33034,77.49194,76.92204,77.20104,80.41144,80.23092,84.72308,83.36066,84.0119,80.23092,84.85281,79.40403,80.50466,80.75271,81.61495,76.11833,75.13322,72.99315,71.70077,72.00694,68.24954,66.94027,61.68468,59.77458,60.40695,61.84658,58.59181,59.05929,56.60389,56.85948,59.66574,57.48913,62.2254,61.55485,60.30755,65.11528,64.2028,65.60488,67.62396,66.61081,70.80254,70.0
11.18034,11.18034,10.29563,10.29563,10.29563,8.94427,8.94427,8.94427,8.06226,8.06226,8.06226,6.7082,6.7082,5.83095,5.83095,5.83095,5.0,4.47214,4.24264,3.60555,2.82843,2.82843,2.82843,2.23607,1.41421,2.23607,1.0,1.0,1.41421,1.41421,1.41421,2.23607,2.23607,2.82843,2.23607,2.23607,3.60555,3.60555,3.60555,3.60555,3.60555,3.60555,3.60555,3.60555,3.60555,4.24264,4.24264,4.24264,5.0,5.0,4.47214,4.47214,63.82006,62.80127,63.78087,57.62812,58.41233,58.60034,51.0392,52.15362,49.40648,48.82622,44.40721,42.63801,40.60788,38.60052,34.71311,33.42155,33.97058,26.1725,28.3196,25.6125,24.75884,23.02173,17.80449,17.20465,14.42221,10.63015,11.18034,7.2111,6.08276,6.32456,7.0,2.82843,7.81025,5.0,11.18034,11.18034,11.40175,10.04988,16.03122,16.0,18.24829,14.14214,17.02939,19.23538,22.09072,18.11077,22.2036,22.09072,23.0,22.09072,22.09072,22.56103,23.5372,24.69818,24.18677,21.47091,23.85372,43.60046,46.75468,46.75468,52.40229,53.82379,54.08327,55.56978,58.66856,56.93856,57.69749,64.62198,63.90618,67.77905,68.96376,69.64194,69.63476,74.46476,73.34848,74.8131,75.95393,76.79193,78.40918,80.05623,79.15807,78.00641,74.24284,78.00641,78.05767,74.02702,75.00667,72.00694,73.0,70.02857,70.0,67.06713,63.00794,63.1981,61.40033,58.42089,57.87055,59.22837,56.75385,57.48913,56.30275,54.78138,56.36488,56.79789,57.45433,56.60389,54.91812,54.40588,63.12686,61.40033,59.36329,64.66065,65.19202,65.0
11.04536,11.04536,10.04988,10.0,9.0,9.0,9.05539,8.06226,8.0,7.0,7.0,7.0,6.0,6.0,5.0,5.0,5.09902,4.12311,4.12311,3.0,3.16228,3.16228,3.16228,2.23607,2.23607,2.23607,1.41421,1.41421,1.0,1.0,1.0,2.0,2.23607,2.23607,2.23607,2.23607,2.23607,2.23607,2.23607,3.16228,3.16228,3.16228,3.60555,3.16228,3.16228,3.16228,4.12311,4.12311,4.0,4.0,4.0,4.12311,69.00725,62.00806,64.12488,58.13777,59.21149,56.00893,53.0,55.00909,51.0098,49.0,47.01064,45.04442,43.04649,39.05125,38.01316,35.22783,32.14032,28.0,33.73426,25.4951,25.70992,23.5372,21.84033,19.41649,14.56022,16.15549,12.52996,12.04159,9.43398,8.06226,7.81025,11.04536,4.0,9.05539,10.29563,13.60147,11.18034,14.42221,13.41641,17.20465,21.09502,17.80449,18.35756,20.61553,23.02173,23.70654,24.69818,23.85372,25.07987,24.41311,26.40076,24.16609,27.85678,22.56103,25.4951,24.18677,24.08319,45.27693,49.1935,49.65884,51.92302,54.12947,53.60037,55.57877,57.31492,59.13544,62.0,63.0,67.26812,67.26812,70.5762,73.1642,73.75636,75.31268,77.36924,74.72617,77.49194,78.77182,83.48653,80.77747,83.19255,80.05623,80.05623,79.15807,79.60528,78.77182,76.94154,73.82412,75.591,73.92564,69.77105,70.66116,67.53518,67.08204,60.16644,62.39391,60.53924,59.80803,57.28001,55.08176,56.75385,57.07013,56.51548,55.22681,57.21888,59.00847,62.03225,61.0082,63.03174,62.1289,61.29437,67.18631,69.11584,67.74216
11.7047,11.7047,10.44031,10.77033,9.48683,9.48683,9.48683,8.544,8.544,7.61577,7.28011,7.28011,6.32456,6.32456,6.08276,6.08276,5.09902,5.09902,5.0,4.0,4.0,4.0,3.0,3.16228,3.16228,3.16228,2.82843,2.82843,2.82843,2.82843,3.16228,3.16228,3.16228,3.16228,4.12311,4.12311,4.12311,4.12311,4.12311,4.12311,4.12311,4.12311,5.09902,5.38516,5.38516,5.38516,5.38516,5.0,5.83095,5.0,5.0,5.0,68.70953,62.96825,66.12866,57.93962,61.32699,61.26989,57.70615,54.12947,50.9902,51.47815,46.09772,47.16991,44.28318,38.62642,35.77709,38.07887,35.4683,33.52611,31.38471,29.73214,27.51363,22.13594,21.2132,21.58703,20.61553,19.23538,15.52417,15.0,18.24829,10.77033,11.18034,12.04159,11.6619,13.0384,13.89244,13.34166,10.44031,14.86607,16.15549,16.49242,18.24829,19.31321,18.97367,18.97367,23.08679,23.34524,23.34524,23.08679,24.73863,25.63201,27.313,24.59675,25.94224,28.6007,24.83948,23.60085,26.24881,44.28318,44.38468,50.0,52.17279,50.35871,49.0102,53.03772,54.0,54.33231,58.21512,59.43904,64.03124,63.32456,68.41053,68.94926,72.23573,73.00685,74.24958,73.82412,73.57309,78.89233,78.77182,78.23682,80.0,81.8352,79.51101,77.98718,78.64477,76.38063,78.51751,72.83543,72.83543,75.66373,70.00714,72.13876,66.48308,63.65532,65.06919,60.87693,58.25805,60.44005,59.64059,55.47071,59.36329,55.07268,53.31041,53.31041,58.69412,58.5235,56.921,61.09828,62.0967,62.29767,64.56005,66.09841,66.12866,70.5195
10.29563,10.29563,10.29563,9.84886,8.94427,8.94427,8.544,7.61577,7.61577,7.61577,6.7082,6.7082,5.83095,5.83095,5.83095,5.83095,4.47214,4.47214,3.60555,3.60555,2.82843,2.82843,2.82843,2.23607,2.23607,2.23607,2.0,2.0,2.0,2.23607,2.23607,2.23607,2.23607,2.82843,2.82843,2.82843,2.82843,2.82843,3.60555,3.60555,3.60555,3.60555,3.60555,3.60555,3.60555,3.60555,4.47214,4.12311,4.12311,4.12311,4.12311,4.0,68.35203,67.35726,65.19202,61.68468,64.51356,59.13544,55.97321,54.40588,54.40588,51.86521,49.33559,45.54119,44.59821,42.72002,39.84972,38.27532,36.40055,35.1141,31.01612,27.73085,30.08322,27.73085,26.40076,20.12461,20.24846,18.60108,16.12452,16.97056,14.14214,14.42221,10.63015,10.44031,12.04159,13.0384,9.05539,15.29706,14.86607,13.92839,20.12461,17.0,17.08801,15.0,19.69772,17.88854,19.69772,17.49286,21.54066,23.08679,22.80351,23.76973,22.80351,25.70992,26.30589,25.31798,25.0,26.0,22.13594,41.10961,43.46263,47.85394,51.62364,49.64877,52.49762,51.62364,54.56189,56.72742,56.22277,61.61169,61.05735,63.28507,68.0,72.89719,68.942,76.6942,72.23573,75.61085,77.88453,76.65507,80.04998,79.24645,80.75271,79.51101,80.399,80.1561,80.22468,74.10803,78.02564,73.10951,76.02631,70.02857,70.0,69.02898,67.0,64.00781,64.03124,65.03076,62.1289,63.28507,57.31492,61.39218,56.75385,58.24946,59.22837,59.13544,55.36244,60.92618,58.18075,56.46238,62.16912,67.1193,61.7414,68.42514,73.00685,66.64083
12.36932,11.40175,11.40175,11.40175,11.18034,10.19804,9.21954,9.21954,8.24621,9.21954,8.06226,8.24621,7.07107,7.07107,6.08276,6.32456,6.08276,6.08276,5.09902,5.09902,4.12311,4.12311,3.16228,3.16228,3.16228,3.16228,2.23607,2.23607,1.41421,2.23607,2.23607,2.23607,2.0,2.23607,2.0,3.0,3.0,3.0,3.0,3.0,3.0,3.0,3.0,4.0,4.0,3.0,4.12311,4.12311,4.12311,4.47214,3.60555,3.60555,70.21396,69.31811,68.0,65.0,63.50591,60.00833,59.5063,58.87274,55.15433,52.80152,52.0,49.64877,51.07837,43.65776,43.65776,42.54409,38.62642,38.01316,35.8469,31.30495,29.54657,28.17801,22.82542,25.05993,21.9545,21.09502,19.20937,21.2132,19.20937,15.6205,13.60147,13.60147,13.92839,12.36932,13.60147,13.92839,13.0384,12.16553,13.60147,15.13275,16.15549,17.46425,18.68154,19.64688,19.41649,19.92486,20.24846,21.2132,20.02498,24.5153,23.19483,23.02173,20.09975,22.02272,24.18677,21.58703,23.4094,42.0,47.26521,48.05206,52.20153,50.32892,53.22593,54.56189,55.47071,57.68882,58.24946,63.41136,64.44377,65.11528,67.17887,68.11755,71.21798,72.00694,74.63243,76.55064,76.32169,76.15773,79.60528,76.96753,79.47956,79.12016,77.49194,81.32035,77.20104,76.65507,78.1025,73.75636,72.78049,71.38627,69.05071,71.80529,67.46851,64.93843,65.51336,63.06346,61.13101,61.98387,60.40695,58.87274,59.80803,57.38467,55.4617,59.05929,58.83026,60.20797,60.74537,63.81222,63.00794,68.24222,63.24555,70.45566,69.63476,73.24616
11.18034,11.18034,10.29563,10.29563,9.43398,9.43398,9.43398,8.06226,8.60233,7.2111,7.2111,7.2111,6.7082,5.83095,5.83095,5.83095,5.38516,4.47214,4.47214,3.60555,3.60555,3.60555,3.60555,3.16228,2.23607,3.16228,2.0,1.0,1.0,1.41421,1.0,1.41421,1.41421,1.41421,1.41421,1.41421,2.23607,2.23607,2.23607,2.23607,2.23607,2.23607,2.23607,3.16228,2.23607,2.23607,2.82843,2.82843,2.82843,2.82843,2.82843,3.60555,67.95587,69.02898,67.42403,67.42403,64.40497,63.25346,59.66574,58.89822,55.97321,57.38467,53.41348,48.27007,49.20366,46.09772,46.2277,42.52058,39.05125,40.45986,35.60899,34.05877,33.6006,31.06445,28.01785,26.62705,22.36068,19.72308,19.69772,17.0,16.64332,14.76482,14.31782,15.29706,14.0,9.05539,14.03567,8.544,13.60147,9.84886,12.80625,12.72792,14.86607,11.40175,14.14214,15.0,18.35756,17.80449,19.20937,18.02776,20.51828,20.61553,20.61553,19.20937,20.51828,21.26029,21.63331,21.9545,20.12461,41.76123,45.35416,47.51842,49.0408,49.09175,53.33854,51.47815,54.91812,56.51548,59.43904,62.62587,64.2573,66.85058,67.97794,72.44998,70.71068,74.09453,74.88658,72.94518,76.05919,73.87828,81.05554,77.07788,77.07788,80.72174,78.64477,79.02531,78.24321,72.8011,77.20104,73.60027,75.21303,75.0,70.80254,71.02816,68.60029,64.81512,63.60031,59.81639,63.12686,61.7171,61.52235,60.1415,60.20797,58.25805,60.30755,60.60528,59.36329,59.07622,62.1289,66.0303,62.96825,68.09552,68.47627,69.83552,70.71068,71.69379
10.81665,10.81665,10.81665,10.29563,9.43398,9.43398,9.43398,8.06226,8.06226,8.06226,7.2111,7.2111,7.2111,6.40312,5.83095,5.0,5.0,5.0,5.0,4.24264,4.24264,3.60555,3.60555,3.60555,2.82843,3.16228,3.0,3.0,2.0,2.0,3.0,2.23607,3.16228,2.23607,3.16228,3.16228,3.60555,3.60555,3.60555,3.60555,3.60555,4.24264,3.60555,3.60555,4.47214,4.47214,4.47214,4.47214,4.47214,4.12311,4.12311,4.12311,67.41662,70.72482,66.0303,65.21503,63.81222,61.58734,62.1289,58.30952,57.3062,56.0803,50.11986,46.64762,47.01064,46.51881,42.19005,40.31129,40.81666,35.8469,31.38471,33.6006,28.01785,29.83287,26.24881,26.40076,25.6125,20.51828,20.0,21.26029,15.6205,15.65248,13.0384,11.40175,11.18034,10.0,11.40175,12.0,12.64911,12.08305,12.36932,13.60147,16.12452,13.89244,13.0384,18.35756,16.27882,19.84943,20.61553,20.51828,22.2036,22.2036,24.59675,23.32381,21.9545,22.47221,22.13594,22.09072,21.09502,43.10452,42.42641,48.76474,47.75982,49.76947,50.11986,51.97115,53.53504,57.68882,61.07373,60.10824,62.24147,67.89698,64.03124,66.06815,70.29225,71.84706,70.45566,74.09453,73.82412,75.17978,73.79024,76.15773,77.49194,77.49194,77.49194,75.0,78.44743,77.49194,75.43209,71.56815,71.80529,71.06335,67.18631,66.4906,63.32456,63.06346,62.0967,63.06346,63.32456,58.69412,59.61543,56.85948,59.9333,56.93856,59.5399,56.30275,61.29437,60.21628,61.61169,61.40033,64.66065,60.0,67.62396,71.21798,69.81404,69.6563
12.16553,11.18034,10.19804,11.04536,10.19804,10.04988,10.04988,9.05539,8.06226,8.06226,8.06226,8.06226,7.28011,7.07107,6.08276,6.08276,6.32456,5.09902,5.09902,4.12311,4.12311,4.12311,3.60555,3.60555,3.60555,3.60555,2.82843,2.82843,2.23607,2.23607,2.23607,2.0,2.0,3.0,3.0,3.0,3.0,3.0,3.0,4.0,4.0,4.0,4.0,4.0,4.0,4.0,4.0,4.12311,4.12311,4.12311,4.12311,4.47214,74.8131,70.5762,68.88396,67.47592,68.35934,65.27634,63.50591,63.3877,56.4358,57.21888,53.23533,51.35173,51.47815,47.01064,45.17743,41.30375,39.01282,37.05401,36.05551,35.51056,30.08322,30.26549,28.44293,26.92582,24.73863,19.64688,23.08679,18.38478,16.49242,15.65248,14.76482,11.31371,12.80625,12.36932,13.0,12.36932,11.04536,11.0,16.0,14.03567,16.03122,16.12452,20.22375,16.76305,19.23538,21.2132,20.09975,22.80351,22.09072,19.23538,24.02082,23.02173,24.02082,27.01851,24.5153,24.04163,21.54066,42.72002,46.04346,48.41487,50.9902,52.40229,51.40039,54.91812,55.75841,56.82429,56.0803,60.74537,62.62587,66.09841,65.80274,71.8401,68.88396,75.50497,75.53807,73.33485,76.41989,74.06079,80.05623,78.02564,82.38932,78.77182,81.7435,76.11833,79.9062,74.8131,75.95393,72.00694,75.50497,73.97973,69.2315,67.26812,69.58448,65.11528,64.13267,62.64982,61.66036,62.20129,59.00847,59.00847,60.07495,57.00877,55.9017,58.54912,57.27128,63.56099,64.93843,62.8172,67.68309,66.70832,65.52099,70.83078,74.2159,71.56815
12.16553,12.16553,11.18034,11.18034,11.18034,10.19804,10.19804,9.21954,9.05539,9.21954,8.06226,8.06226,7.07107,7.07107,7.07107,6.08276,6.08276,5.09902,5.0,5.0,4.0,4.0,4.0,3.0,3.0,3.16228,2.23607,2.23607,2.23607,2.23607,2.23607,2.23607,2.23607,2.23607,2.23607,2.0,3.0,3.0,3.16228,3.0,3.0,3.0,3.0,3.0,4.12311,4.12311,4.12311,4.12311,4.47214,4.47214,3.60555,4.24264,73.68175,66.48308,71.70077,65.76473,61.39218,65.30697,63.50591,63.15061,57.27128,53.36666,49.0306,49.72927,49.0306,47.29693,41.59327,40.79216,41.23106,36.49658,34.36568,33.37664,31.01612,26.30589,26.1725,23.0,23.0,22.0,20.09975,17.02939,17.11724,14.31782,12.52996,10.81665,12.04159,13.45362,9.48683,14.86607,13.41641,14.76482,14.31782,14.31782,18.24829,17.11724,16.27882,18.43909,20.02498,22.36068,23.34524,20.61553,21.58703,22.84732,21.84033,22.13594,24.16609,23.76973,20.24846,22.67157,25.4951,42.0119,43.86342,47.50789,48.25971,50.24938,50.53712,54.626,56.0803,55.71355,58.82176,62.36986,61.98387,66.91039,66.48308,69.26038,67.06713,70.06426,75.10659,73.10951,76.23647,74.67262,79.9062,75.13322,78.1025,79.12016,78.16009,78.77182,77.83315,75.89466,76.844,73.53911,75.02666,71.58911,73.00685,73.1642,66.30988,62.96825,63.56886,60.74537,62.93648,63.32456,59.90826,60.41523,59.22837,58.85576,60.40695,58.42089,60.07495,63.03174,62.03225,64.03124,68.06614,65.00769,68.00735,74.0,73.0,75.00667
11.6619,10.81665,10.81665,10.29563,9.43398,9.43398,9.43398,8.06226,8.06226,8.06226,7.2111,7.2111,6.40312,6.40312,6.40312,5.65685,5.0,4.24264,4.24264,4.24264,3.60555,3.60555,3.60555,3.16228,3.16228,3.0,3.0,3.0,3.16228,3.16228,2.23607,3.16228,3.16228,3.60555,3.60555,3.60555,3.60555,3.60555,4.24264,4.24264,4.47214,5.0,5.0,5.0,4.47214,4.47214,5.38516,5.38516,5.38516,5.38516,5.09902,5.09902,71.51224,69.64194,71.16881,68.70953,64.84597,59.90826,59.48109,61.68468,57.72348,53.48832,52.20153,48.08326,45.22168,44.27189,43.01163,38.8973,39.92493,37.0,32.57299,26.83282,30.41381,26.41969,25.55386,20.80865,21.26029,19.20937,18.60108,18.60108,17.69181,14.21267,13.60147,13.60147,14.0,13.0,13.0384,13.15295,15.81139,14.31782,16.55295,17.46425,18.78829,18.78829,19.69772,20.0,23.25941,20.59126,22.36068,25.07987,24.59675,26.83282,25.4951,25.96151,26.92582,25.31798,26.30589,24.08319,25.01999,41.59327,44.41846,44.04543,51.22499,48.79549,51.73973,52.80152,52.15362,56.60389,55.07268,59.94164,63.06346,65.30697,65.9242,68.62215,68.30813,75.0,70.0928,74.33034,73.1642,75.53807,76.79193,75.66373,77.10383,81.09871,79.05694,78.00641,79.0,74.06079,77.16217,74.16873,75.10659,72.44308,71.11259,70.02857,69.02898,64.0,64.00781,66.0303,61.07373,63.12686,58.30952,60.67125,61.0,58.69412,56.08921,59.20304,58.82176,61.68468,61.35145,63.69458,63.97656,69.46222,65.79514,68.8767,72.09022,70.38466
11.40175,11.40175,10.81665,10.63015,10.0,9.21954,9.21954,8.60233,8.60233,7.81025,7.2111,7.2111,7.2111,6.40312,5.83095,5.83095,5.83095,4.47214,4.47214,4.47214,4.12311,3.16228,3.16228,3.0,3.0,3.0,3.16228,3.16228,3.16228,3.60555,2.82843,2.82843,2.82843,2.82843,3.60555,4.24264,4.24264,4.24264,4.24264,4.24264,4.24264,4.24264,4.24264,4.24264,5.0,5.0,5.0,5.0,4.47214,4.47214,4.47214,5.38516,71.58911,70.93659,73.5527,63.03174,62.36986,64.66065,60.60528,61.22091,54.67175,53.60037,53.41348,49.0408,48.27007,43.60046,40.60788,38.94868,38.28838,32.80244,33.97058,29.73214,29.06888,28.28427,24.75884,21.63331,21.63331,20.80865,16.12452,19.41649,15.23155,15.52417,12.36932,15.0333,9.0,14.14214,13.60147,13.41641,13.41641,17.02939,14.42221,19.41649,20.0,19.84943,19.20937,21.26029,23.34524,22.47221,24.08319,24.04163,23.02173,22.80351,26.41969,28.17801,24.59675,23.4094,24.5153,26.24881,24.18677,40.60788,46.01087,46.01087,53.23533,48.50773,52.63079,52.20153,53.48832,59.23681,56.82429,60.82763,62.26556,66.37017,64.63745,71.21798,70.29225,75.16648,66.48308,72.83543,74.96666,75.9276,79.64923,74.8131,80.70936,78.54935,79.61156,78.89233,80.62258,76.47876,76.47876,74.24284,76.05919,72.00694,68.942,72.01389,66.18912,64.40497,65.74192,64.88451,61.40033,62.1289,57.68882,62.20129,62.62587,60.60528,60.10824,56.56854,62.28965,65.06919,62.24147,63.70243,64.66065,67.94115,65.19202,73.0,76.41989,75.0733
10.29563,10.29563,10.29563,10.29563,8.94427,8.94427,8.06226,8.06226,8.06226,7.2111,7.2111,7.2111,5.83095,5.83095,5.0,5.0,5.0,4.24264,4.24264,4.24264,3.60555,3.60555,3.60555,3.16228,2.23607,3.16228,3.0,3.0,3.0,3.16228,3.16228,3.16228,3.16228,3.16228,3.16228,4.47214,3.60555,3.60555,3.60555,4.47214,4.47214,4.47214,4.47214,4.47214,4.47214,4.12311,5.09902,4.12311,5.09902,5.09902,5.0,4.0,69.06519,67.23095,67.41662,63.28507,63.28507,60.90156,57.70615,58.13777,54.12024,53.23533,46.64762,45.65085,46.64762,43.909,40.70626,38.07887,38.07887,34.66987,29.41088,30.23243,30.80584,23.02173,24.08319,24.75884,19.10497,18.02776,18.02776,17.49286,13.89244,14.31782,13.92839,13.0384,13.0384,14.03567,14.76482,13.60147,13.60147,15.65248,17.0,18.38478,18.43909,18.78829,17.88854,18.86796,24.41311,20.0,22.47221,22.47221,25.23886,23.32381,23.85372,27.51363,27.313,24.35159,25.31798,25.17936,25.01999,42.04759,42.57934,46.09772,47.75982,50.9902,48.33218,52.47857,53.0,57.98276,58.41233,61.7171,60.87693,64.3506,65.94695,70.0928,65.80274,71.40028,70.72482,70.17834,75.29276,74.94665,81.00617,78.26238,74.09453,76.53757,77.16217,76.53757,78.16009,75.43209,78.58753,76.40026,73.4983,67.68309,71.58911,72.03471,68.68042,65.52099,63.78871,62.93648,64.19502,63.24555,58.30952,59.61543,60.37384,57.69749,52.43091,56.30275,60.46487,63.00794,63.24555,61.61169,65.60488,67.80118,63.60031,68.24222,74.63243,69.81404
11.04536,11.04536,10.04988,10.04988,10.04988,9.05539,9.05539,8.06226,8.06226,8.06226,7.07107,7.07107,6.08276,6.08276,5.09902,5.0,5.0,4.0,4.0,3.0,3.0,3.0,3.0,2.23607,2.23607,2.23607,1.41421,1.41421,2.23607,2.0,2.0,2.0,2.0,2.0,3.0,3.0,3.0,3.16228,3.0,3.0,3.0,4.0,4.0,4.0,4.0,4.0,4.12311,4.12311,4.12311,3.16228,3.60555,3.60555,70.06426,63.28507,67.02984,66.00758,61.0082,59.03389,56.0,59.07622,56.00893,53.0,49.0102,46.01087,46.04346,42.04759,40.11234,39.01282,33.0,36.01389,31.06445,27.01851,30.06659,26.07681,22.09072,22.09072,17.11724,18.24829,16.49242,13.0,14.31782,14.42221,13.45362,15.55635,13.0,10.0,10.44031,14.14214,14.0,16.0,16.03122,16.03122,18.0,19.0,21.0238,20.0,20.09975,21.0,21.09502,21.0238,25.01999,25.31798,24.18677,25.96151,24.73863,22.80351,22.84732,23.70654,23.32381,43.82921,44.41846,47.43416,48.9183,50.24938,54.48853,54.81788,57.42822,60.03332,57.24509,59.09315,67.23095,65.9242,68.35203,69.92138,67.18631,76.15773,73.5459,76.11833,71.70077,77.10383,79.1012,78.00641,78.02564,82.0975,81.09871,78.51751,84.38009,76.79193,78.77182,75.50497,76.68768,72.03471,73.97973,72.36712,66.70832,65.11528,64.77654,62.514,65.49046,62.28965,60.29925,61.07373,62.0,60.03332,61.13101,58.42089,62.514,63.50591,60.40695,62.514,70.85901,67.89698,65.76473,71.80529,72.99315,69.46222
11.40175,11.40175,10.0,10.63015,10.0,9.21954,9.21954,9.21954,8.48528,7.81025,7.81025,7.2111,7.2111,6.40312,6.40312,6.40312,5.0,5.0,4.47214,4.47214,3.60555,4.47214,3.16228,3.16228,3.16228,3.0,3.0,3.0,3.0,2.23607,2.23607,2.23607,2.23607,3.60555,2.23607,2.82843,2.82843,3.60555,3.60555,3.60555,3.60555,3.60555,3.60555,3.60555,3.60555,4.47214,4.47214,4.47214,4.47214,4.12311,4.12311,4.12311,65.29931,65.94695,66.70832,66.06815,65.8559,58.72819,60.959,53.8145,52.3259,50.91169,51.62364,47.38143,44.59821,43.13931,41.86884,37.64306,36.76955,33.6006,30.80584,31.89044,26.40076,28.6007,21.63331,21.0238,22.82542,20.61553,18.38478,15.13275,17.72005,13.34166,17.02939,12.04159,13.0384,12.20656,15.0,13.89244,14.76482,14.21267,16.27882,16.97056,18.60108,17.69181,20.61553,22.67157,19.84943,22.62742,22.67157,24.75884,23.43075,22.67157,23.43075,26.07681,25.0,25.55386,25.07987,27.313,25.4951,44.59821,44.64303,47.85394,51.35173,51.0392,54.14795,51.62364,55.9017,55.54278,60.16644,59.13544,65.55151,65.78754,66.7308,67.60178,74.79305,73.92564,72.94518,72.20111,77.62087,74.51845,79.30952,80.61017,79.98125,79.39773,79.39773,77.33693,76.05919,79.20227,75.60423,73.81734,71.28113,73.23933,69.89278,71.02816,69.63476,66.85058,64.40497,63.60031,62.36986,58.60034,64.44377,57.31492,60.10824,58.72819,58.72819,57.31492,59.03389,58.60034,62.42596,62.1289,63.28507,66.88797,69.83552,69.89278,68.26419,71.84706
11.18034,10.29563,10.29563,10.29563,9.43398,8.94427,8.94427,8.06226,8.06226,7.61577,6.7082,6.7082,6.7082,5.38516,5.38516,5.38516,5.38516,5.38516,4.12311,4.12311,4.12311,4.0,4.0,3.0,3.0,3.16228,3.16228,2.23607,2.82843,2.82843,2.82843,2.82843,3.60555,3.60555,4.24264,3.60555,3.60555,3.60555,3.60555,3.60555,4.24264,5.0,5.0,5.0,5.0,5.0,5.0,5.0,5.0,5.0,4.47214,4.47214,66.7308,66.7308,62.17717,64.14047,61.7171,57.80138,58.83026,55.75841,53.25411,52.47857,48.37355,48.8774,44.94441,41.88078,38.94868,37.58989,35.80503,33.54102,31.76476,29.96665,28.17801,28.4605,24.73863,21.58703,22.36068,18.43909,17.11724,18.02776,13.0,15.52417,13.60147,13.60147,12.80625,11.31371,12.04159,12.80625,13.60147,16.64332,16.64332,16.64332,19.72308,19.69772,20.12461,19.69772,21.47091,23.85372,23.02173,22.82542,24.20744,27.45906,24.41311,25.6125,26.24881,29.06888,25.4951,24.69818,25.80698,42.54409,43.65776,48.50773,47.85394,52.34501,51.0098,48.01042,54.23099,55.44367,59.22837,59.22837,61.40033,63.60031,65.78754,65.39113,69.07966,68.8767,72.56032,68.47627,74.62573,76.55064,79.05694,79.02531,79.51101,81.46779,78.51751,79.19596,74.33034,79.20859,72.83543,75.00667,71.58911,71.58911,68.88396,68.11755,65.19202,65.19202,62.24147,62.24147,57.98276,58.0,59.66574,59.66574,60.80296,57.68882,55.56978,55.21775,61.29437,57.80138,60.82763,60.82763,61.46544,61.7171,63.15853,67.77905,67.54258,68.942
10.19804,10.04988,9.05539,10.04988,9.05539,9.05539,8.06226,8.06226,7.07107,7.07107,7.07107,6.08276,6.08276,5.09902,5.09902,5.09902,5.09902,4.12311,4.12311,3.16228,3.16228,3.16228,2.23607,2.23607,2.23607,2.23607,2.23607,2.23607,2.0,2.0,2.0,2.23607,3.0,3.0,2.23607,3.16228,3.16228,3.0,3.16228,3.16228,3.16228,3.16228,4.12311,4.12311,4.12311,4.0,4.0,4.0,4.12311,4.12311,4.12311,3.60555,69.18092,69.35416,65.76473,64.28063,67.36468,60.07495,57.14018,53.08484,55.08176,54.14795,49.0102,50.08992,48.09366,43.10452,41.19466,39.31921,39.05125,34.05877,32.14032,33.54102,29.27456,28.44293,24.04163,22.36068,18.78829,20.61553,20.59126,15.26434,15.26434,14.86607,14.86607,10.29563,15.52417,12.16553,13.15295,16.12452,14.14214,15.13275,18.0,17.02939,20.0,20.39608,21.09502,23.08679,23.08679,22.02272,24.18677,26.01922,21.0238,22.09072,26.01922,24.33105,26.30589,26.4764,25.0,26.24881,23.32381,41.88078,46.61545,48.16638,48.83646,50.44799,53.00943,54.3783,53.66563,55.9464,62.24147,64.62198,63.24555,66.21933,66.48308,69.63476,69.72087,72.83543,74.43118,73.43705,78.00641,76.02631,80.00625,83.09633,78.51751,78.77182,81.04937,82.37718,79.62412,79.62412,79.30952,75.43209,75.18643,74.72617,71.8401,73.08215,69.37579,64.7611,63.56099,63.78871,64.62971,62.80127,61.66036,57.42822,61.13101,59.07622,57.00877,59.07622,59.5399,60.40695,61.40033,60.01666,67.08204,67.08204,66.28725,65.11528,71.02112,71.38627
11.18034,10.77033,9.84886,9.84886,8.94427,8.94427,8.94427,8.06226,8.06226,7.61577,7.2111,6.7082,6.7082,5.83095,5.38516,5.38516,4.47214,4.12311,4.12311,3.16228,3.0,3.0,3.0,3.0,2.0,2.23607,2.23607,2.23607,2.82843,2.82843,2.82843,2.82843,3.60555,3.60555,3.60555,3.60555,3.60555,3.60555,3.60555,3.60555,3.60555,4.47214,5.0,4.47214,5.0,4.24264,4.24264,4.24264,4.24264,5.0,4.47214,4.47214,72.44998,64.00781,69.46222,63.63175,62.26556,61.91123,58.00862,57.42822,54.3783,51.62364,51.31277,45.80393,44.94441,41.34005,40.0,39.96248,39.96248,31.90611,31.90611,30.01666,29.96665,24.59675,27.73085,22.82542,21.0238,20.39608,18.24829,19.10497,18.02776,13.0384,15.0333,15.52417,13.92839,15.65248,15.81139,18.86796,15.55635,15.6205,17.69181,20.61553,17.69181,18.02776,21.93171,22.02272,21.26029,23.43075,23.43075,22.67157,24.75884,25.4951,26.1725,23.34524,25.80698,25.23886,25.94224,25.07987,23.4094,41.40048,44.29447,45.18849,49.39636,47.80167,51.41984,53.75872,55.7315,56.14268,58.00862,59.21149,66.06815,66.75328,65.30697,70.21396,66.94027,75.28612,72.12489,74.94665,76.55717,77.25283,76.94154,77.41447,77.38863,79.88116,76.844,79.02531,81.05554,77.46612,78.1025,73.75636,75.69016,76.41989,72.86288,71.42129,70.00714,65.79514,65.05382,63.12686,63.03174,63.89053,59.20304,59.40539,58.5235,57.14018,59.07622,56.0803,59.03389,59.09315,56.79789,61.32699,64.4748,70.00714,63.69458,68.942,70.93659,68.942
12.64911,11.40175,11.40175,11.40175,11.40175,10.19804,9.48683,9.21954,9.21954,9.21954,8.24621,8.24621,7.28011,7.28011,6.32456,6.32456,6.32456,6.32456,5.38516,4.47214,4.47214,4.47214,4.47214,3.60555,3.60555,2.82843,3.60555,3.60555,3.16228,3.16228,3.16228,4.12311,4.0,4.12311,4.0,4.0,4.0,4.0,4.0,4.0,5.0,4.0,5.0,5.0,5.0,5.0,5.09902,5.09902,5.09902,5.38516,5.38516,4.47214,67.77905,72.61543,65.55151,67.41662,66.85058,60.40695,60.40695,60.72891,56.61272,53.75872,54.70832,50.92151,49.0408,46.17359,45.54119,40.8534,37.94733,34.17601,33.52611,34.0147,29.54657,27.85678,25.05993,25.55386,23.70654,21.63331,21.09502,19.10497,19.41649,19.10497,13.60147,17.88854,15.81139,18.68154,15.81139,16.03122,17.02939,18.02776,20.02498,17.11724,20.09975,17.46425,21.09502,23.34524,18.11077,25.31798,22.2036,25.07987,24.0,23.19483,26.1725,27.07397,25.0,23.19483,25.31798,26.68333,24.35159,42.19005,43.41659,49.0408,49.65884,51.88449,51.62364,52.43091,56.63921,57.48913,59.46427,64.44377,64.81512,65.43699,68.24222,66.85058,70.17834,67.74216,73.79024,73.34848,74.32362,77.83315,81.90849,80.52329,80.65358,77.88453,79.83107,77.87811,79.42921,77.10383,75.66373,73.43705,74.33034,74.16873,74.33034,71.34424,68.18358,65.37584,63.1981,64.62971,61.81424,59.84146,59.84146,57.48913,60.16644,54.70832,57.97413,56.30275,59.61543,58.59181,62.64982,63.13478,68.09552,65.29931,64.88451,70.3278,69.83552,70.21396
11.7047,11.7047,11.7047,11.7047,10.77033,10.77033,9.84886,9.84886,8.94427,8.544,8.94427,8.544,7.61577,7.61577,6.7082,6.32456,6.32456,5.38516,5.38516,5.38516,5.09902,4.12311,4.12311,4.12311,4.0,3.0,3.16228,3.16228,3.16228,3.16228,2.23607,3.16228,3.60555,3.60555,2.82843,2.82843,3.60555,3.60555,3.60555,3.60555,4.24264,4.24264,4.24264,4.24264,4.24264,4.24264,4.47214,4.47214,4.47214,4.47214,4.47214,5.09902,70.5762,68.35203,66.48308,67.77905,63.56099,63.06346,59.9333,58.18075,55.00909,52.7731,52.3259,51.42956,45.61798,42.95346,42.19005,43.38202,39.39543,39.81206,35.77709,34.0147,29.54657,28.4605,28.16026,20.88061,24.5153,21.37756,21.84033,20.22375,20.0,18.0,15.52417,14.56022,14.76482,15.23155,18.78829,14.14214,15.6205,16.12452,16.27882,18.43909,18.60108,21.40093,19.84943,22.02272,22.2036,22.02272,21.93171,23.34524,20.51828,24.04163,25.4951,23.34524,26.62705,25.55386,24.59675,24.16609,24.35159,42.0119,46.66905,47.63402,50.80354,52.15362,51.42956,52.20153,54.08327,58.24088,57.97413,59.22837,60.67125,66.91039,69.18092,70.17834,70.06426,72.06247,73.33485,75.53807,75.9276,72.27724,81.7435,78.58753,80.99383,79.12016,78.92401,77.82031,79.60528,78.26238,83.24062,76.15773,76.53757,73.06162,72.20111,71.02112,70.45566,64.3506,64.41273,61.40033,62.64982,61.7171,61.7171,60.83584,60.53924,54.23099,57.58472,58.5235,59.48109,61.84658,62.58594,59.22837,65.25335,65.73431,66.94027,70.61161,71.38627,68.88396
11.18034,10.29563,11.18034,9.84886,9.84886,9.48683,8.94427,7.61577,7.61577,7.61577,7.61577,6.7082,6.32456,6.32456,5.38516,5.38516,4.47214,4.47214,3.60555,3.60555,3.60555,3.60555,3.60555,2.82843,2.82843,2.23607,2.23607,2.0,2.0,2.0,2.0,2.0,3.16228,3.16228,3.16228,3.16228,3.16228,3.16228,3.16228,3.16228,4.12311,3.16228,4.12311,3.16228,4.12311,4.12311,4.12311,4.0,4.0,4.12311,4.12311,3.16228,68.00735,66.28725,66.28725,64.66065,64.49806,61.91123,60.03332,60.03332,56.79789,55.00909,49.39636,51.0,46.52956,42.94182,42.94182,40.70626,42.05948,33.54102,33.12099,31.38471,29.15476,27.29469,28.42534,24.04163,20.0,19.84943,22.02272,19.10497,16.40122,16.64332,15.0,14.31782,16.15549,13.0,14.14214,15.0333,16.03122,16.49242,17.72005,15.52417,16.27882,17.11724,19.64688,19.64688,19.92486,21.58703,19.64688,20.61553,23.34524,22.56103,23.02173,22.09072,23.02173,22.02272,24.33105,21.84033,25.07987,39.0,44.64303,45.39824,46.04346,48.01042,51.24451,52.46904,53.36666,54.81788,52.81098,58.87274,62.64982,66.30988,66.7308,68.60029,69.06519,71.61006,73.87828,73.87828,76.38063,77.15569,76.57676,79.39773,77.80103,80.70936,77.93587,78.89233,79.61156,76.15773,79.60528,75.58439,78.29432,71.86793,70.38466,72.91776,70.68239,64.4748,63.97656,61.26989,64.40497,60.37384,60.90156,60.03332,57.98276,56.85948,61.03278,58.60034,57.62812,61.07373,60.44005,59.46427,62.93648,65.06919,65.19202,69.52697,68.68042,70.29225
11.18034,11.04536,11.04536,11.04536,10.04988,10.04988,9.05539,9.05539,8.06226,8.06226,8.06226,7.07107,7.07107,6.08276,6.08276,5.09902,5.09902,5.09902,4.12311,4.12311,4.12311,4.47214,3.60555,3.60555,2.82843,2.82843,3.60555,2.23607,3.16228,3.16228,3.16228,3.0,3.16228,3.0,3.0,4.0,4.0,4.0,4.0,4.0,4.0,4.0,4.0,4.0,4.0,5.0,5.09902,4.12311,5.09902,4.12311,4.47214,4.47214,71.00704,68.0,69.06519,65.0,64.0,63.00794,62.1289,58.07753,55.22681,52.08647,51.15662,52.23983,46.04346,42.04759,42.19005,39.01282,40.0,38.0526,35.0571,30.06659,32.06244,25.31798,27.29469,23.08679,23.19483,19.64688,16.76305,18.35756,16.55295,15.81139,18.35756,17.80449,14.14214,12.72792,13.41641,12.52996,16.76305,18.43909,18.97367,18.43909,15.52417,20.88061,20.61553,20.22375,22.80351,20.09975,21.18962,22.2036,23.08679,24.33105,24.04163,22.80351,23.25941,22.82542,22.2036,24.41311,25.4951,39.81206,42.43819,44.04543,48.79549,48.79549,49.40648,53.0,54.3783,55.00909,54.56189,57.93962,60.08328,66.76077,67.18631,68.65858,67.89698,73.82412,73.24616,76.1643,76.00658,77.02597,79.22752,74.10803,77.31753,78.63841,79.9062,78.8543,79.42921,74.2159,79.55501,70.60453,75.96052,73.76313,68.96376,69.26038,69.37579,62.8172,64.28841,62.8172,61.84658,64.32729,58.85576,62.514,57.21888,59.4138,59.03389,59.00847,59.00847,59.21149,61.40033,59.3043,65.49046,68.46897,65.27634,71.34424,72.1734,70.25667
13.0,12.0,12.0,12.04159,11.04536,11.04536,10.04988,10.04988,9.05539,9.05539,9.05539,8.0,7.0,7.0,7.0,6.0,6.0,6.0,5.0,5.0,5.09902,4.12311,4.12311,4.12311,3.60555,3.16228,3.16228,3.60555,3.60555,4.24264,2.82843,3.60555,3.60555,3.60555,3.60555,3.60555,3.60555,4.47214,4.47214,4.47214,4.47214,4.47214,4.47214,4.47214,5.0,4.47214,5.0,5.0,5.0,4.24264,5.0,5.0,71.00704,70.0,69.0,66.0,68.00735,63.03174,63.00794,62.28965,57.14018,54.14795,56.22277,53.23533,47.38143,45.27693,42.42641,41.01219,38.32754,36.0,35.01428,35.0,32.14032,31.01612,29.15476,27.07397,24.08319,22.09072,21.58703,18.68154,17.72005,19.31321,16.12452,16.64332,14.86607,16.27882,17.02939,14.21267,15.81139,15.26434,16.12452,14.86607,17.88854,18.78829,18.97367,17.46425,17.46425,19.69772,22.56103,23.4094,22.47221,20.24846,24.69818,26.0,25.94224,23.43075,24.41311,25.45584,23.43075,41.10961,43.46263,47.01064,50.24938,50.0,50.24938,53.07542,54.81788,58.60034,56.0357,60.20797,59.05929,64.4748,65.39113,68.35203,67.35726,70.83078,73.4983,73.97973,73.5527,74.67262,77.41447,77.10383,78.05767,79.05694,78.23043,79.40403,78.40918,75.80237,78.08969,71.19691,74.8131,75.50497,69.42622,70.40597,67.46851,69.2315,60.82763,61.39218,63.95311,60.20797,57.21888,60.13319,59.13544,58.00862,55.00909,57.03508,57.21888,60.40695,61.40033,62.514,64.93843,68.46897,68.73136,70.21396,71.56815,75.53807
13.15295,12.16553,12.16553,11.04536,11.04536,10.04988,10.04988,10.04988,9.05539,9.05539,8.06226,8.06226,8.06226,7.07107,7.07107,7.07107,6.08276,6.08276,5.09902,5.09902,5.09902,4.47214,4.12311,4.47214,4.47214,3.60555,3.60555,3.60555,3.60555,3.60555,3.60555,3.16228,3.60555,3.60555,3.16228,3.16228,4.12311,4.12311,4.12311,4.12311,4.12311,4.12311,4.12311,4.12311,4.12311,4.47214,4.47214,4.47214,4.47214,4.47214,5.0,5.0,72.44308,71.00704,66.18912,67.26812,68.00735,64.00781,63.00794,60.03332,55.08176,54.03702,53.00943,52.00961,51.0392,48.16638,44.04543,46.0,41.01219,38.11824,33.06055,35.0,31.14482,31.0,29.0,25.31798,25.17936,22.56103,25.31798,20.88061,17.08801,16.55295,16.55295,14.31782,14.86607,16.40122,16.27882,14.86607,14.76482,14.56022,17.08801,18.78829,15.65248,18.38478,19.92486,19.92486,21.18962,20.61553,20.24846,23.08679,21.0238,24.18677,22.82542,25.05993,23.32381,24.69818,25.0,25.6125,24.04163,41.97618,45.54119,48.33218,46.95743,50.47772,48.41487,52.00961,55.86591,56.58622,59.66574,61.03278,62.1289,66.03787,67.53518,68.42514,67.23095,70.93659,73.68175,72.42237,76.40026,75.50497,79.24645,78.51751,79.15807,81.02469,77.16217,80.00625,78.02564,79.30952,77.23341,72.56032,74.33034,71.84706,71.56815,71.56815,68.46897,66.48308,65.37584,64.38167,61.13101,62.07254,58.07753,58.13777,60.0,55.08176,59.5399,60.29925,61.98387,60.01666,62.58594,61.0,67.91171,68.44706,67.46851,68.65858,72.78049,71.38627
12.36932,11.18034,11.18034,10.19804,10.44031,10.19804,9.21954,9.21954,9.21954,8.24621,8.24621,8.24621,7.28011,6.32456,6.08276,6.08276,6.08276,5.09902,5.0,5.0,4.0,4.0,4.0,4.0,4.12311,4.12311,3.16228,3.60555,3.60555,3.60555,2.82843,2.82843,2.82843,2.82843,2.82843,3.60555,3.60555,3.60555,3.60555,3.60555,3.60555,3.60555,5.0,4.24264,4.24264,4.24264,4.24264,4.24264,4.24264,5.0,4.47214,3.60555,72.56721,68.24954,69.63476,68.24954,63.32456,67.35726,58.82176,58.82176,54.40588,55.08176,49.0408,50.96077,48.10405,46.48656,41.62932,42.44997,39.21734,38.8973,34.78505,33.52611,30.36445,29.12044,24.33105,25.17936,21.58703,23.0,21.2132,20.22375,19.10497,18.24829,16.76305,15.52417,13.41641,16.40122,15.81139,14.21267,14.86607,17.80449,17.02939,18.60108,13.60147,15.55635,17.20465,18.86796,20.0,20.80865,22.80351,21.40093,21.93171,21.0238,21.40093,29.73214,24.83948,20.24846,22.47221,24.41311,20.88061,40.70626,45.22168,44.82187,49.49747,46.8615,50.47772,51.31277,55.47071,57.24509,58.69412,60.16644,58.24088,66.70832,67.46851,69.2315,68.35934,72.11103,73.0,73.00685,73.02739,75.23962,77.52419,79.76215,76.48529,78.58753,76.15773,78.16009,80.65358,75.27284,75.96052,74.09453,70.38466,74.84651,73.34848,69.07966,69.857,64.62198,61.7414,64.4748,61.09828,60.53924,60.40695,59.77458,60.87693,57.27128,54.34151,57.87055,61.40033,60.20797,60.13319,61.52235,64.28063,69.18092,68.06614,70.17834,70.11419,67.06713
13.34166,12.36932,11.40175,11.18034,11.18034,10.19804,10.19804,9.21954,9.21954,9.21954,9.21954,8.24621,8.24621,7.28011,7.28011,7.28011,6.32456,6.32456,5.38516,5.38516,5.38516,4.47214,4.47214,4.47214,3.60555,3.60555,2.82843,3.60555,3.60555,3.60555,3.16228,3.16228,3.16228,3.16228,4.12311,3.16228,4.12311,4.12311,4.12311,4.12311,4.12311,4.12311,4.12311,4.12311,4.12311,4.12311,4.12311,4.47214,4.47214,4.47214,4.47214,5.0,72.11103,70.11419,70.02857,69.00725,66.0,65.00769,62.03225,63.07139,57.00877,56.0803,53.08484,50.08992,48.16638,46.38965,46.17359,43.10452,38.01316,34.05877,37.05401,34.05877,33.06055,27.07397,30.06659,27.01851,21.58703,20.0,24.18677,19.41649,18.24829,17.46425,17.49286,17.20465,14.86607,12.04159,14.21267,16.97056,13.60147,15.65248,15.65248,19.69772,18.38478,15.81139,18.02776,18.97367,19.92486,19.92486,23.76973,21.18962,21.54066,20.88061,23.08679,23.08679,22.82542,23.85372,25.55386,24.83948,22.62742,40.26164,44.94441,44.29447,49.39636,51.85557,50.24938,51.62364,55.17246,57.48913,55.21775,57.80138,65.0,64.41273,64.84597,70.77429,69.57011,71.7844,70.88018,73.24616,75.31268,78.26238,78.63841,75.42546,77.16217,82.05486,78.02564,77.02597,77.31753,75.66373,77.92946,73.68175,73.82412,71.70077,71.58911,69.72087,70.03571,67.60178,65.49046,62.96825,62.64982,62.28965,59.13544,62.00806,59.13544,59.00847,57.55867,57.14018,59.84146,61.98387,61.0,64.32729,65.51336,68.73136,66.91039,70.21396,71.84706,71.84706
13.0,11.7047,11.7047,11.7047,10.77033,10.44031,9.48683,9.48683,8.544,8.544,8.544,7.61577,7.28011,7.61577,6.32456,6.32456,6.32456,5.83095,5.83095,4.47214,4.47214,5.0,4.47214,4.24264,3.60555,3.60555,2.82843,3.60555,3.60555,3.16228,3.16228,3.16228,3.16228,3.16228,3.0,3.0,3.0,4.0,4.0,4.0,4.0,4.0,4.0,4.0,4.0,4.0,4.12311,4.12311,4.12311,4.12311,4.12311,4.47214,72.12489,73.37575,69.37579,70.0928,69.857,65.30697,62.0967,58.46366,57.48913,54.12947,53.15073,49.49747,51.97115,47.67599,44.91102,45.12206,42.2019,39.81206,37.48333,35.51056,32.98485,31.62278,28.16026,27.65863,20.88061,22.47221,21.0238,21.47091,17.02939,17.20465,18.43909,16.97056,15.6205,13.0,12.08305,15.26434,15.0,16.76305,14.31782,16.49242,16.03122,16.03122,18.02776,19.0,20.02498,18.0,22.09072,22.09072,21.2132,22.09072,24.08319,20.39608,22.56103,23.76973,21.54066,24.16609,22.82542,41.30375,45.27693,47.29693,48.8467,51.89412,52.35456,52.43091,56.40035,56.72742,58.72819,60.1415,61.55485,65.94695,68.24954,68.60029,71.56116,71.02112,72.00694,76.94154,75.76939,78.77182,80.95678,77.7946,79.55501,76.90254,78.58753,77.10383,77.78175,76.65507,76.65507,72.44308,76.23647,73.10951,74.10803,72.02777,68.11755,66.1211,64.28063,63.1981,63.63961,58.69412,59.43904,58.0517,58.69412,57.97413,56.51548,55.7853,58.69412,58.87274,62.24147,63.56099,66.64083,68.942,67.1193,71.17584,70.38466,77.25283
12.16553,12.16553,11.18034,11.18034,10.19804,10.19804,10.04988,9.21954,9.21954,8.06226,8.24621,8.06226,7.07107,7.07107,6.08276,6.08276,6.08276,6.08276,5.0,5.0,5.0,4.0,4.0,4.0,4.12311,4.12311,3.16228,3.60555,3.60555,3.60555,2.82843,2.82843,2.82843,3.60555,3.60555,3.60555,3.60555,3.60555,3.60555,3.60555,3.60555,3.60555,4.47214,4.47214,4.47214,5.0,5.0,4.24264,4.24264,5.0,5.0,4.47214,69.00725,69.11584,69.0,64.12488,62.1289,61.29437,60.40695,58.21512,53.46027,53.33854,52.61179,49.25444,45.39824,43.73786,41.30375,41.01219,38.63936,34.1321,34.1321,32.01562,33.0,28.07134,26.01922,26.0,23.02173,21.58703,19.10497,18.68154,18.97367,17.72005,12.52996,12.80625,12.04159,15.81139,15.0,14.42221,15.65248,16.55295,14.86607,14.42221,16.55295,14.86607,15.81139,17.46425,18.68154,18.38478,19.69772,21.58703,21.54066,21.18962,22.80351,21.0238,21.09502,26.62705,21.9545,22.02272,23.34524,43.56604,50.56679,41.88078,38.60052,44.40721,54.48853,48.54894,66.8431,56.64804,63.13478,60.92618,67.26812,51.24451,61.84658,62.64184,59.66574,76.90254,70.85901,74.96666,75.23962,71.11259,70.25667,82.0,72.11103,78.08969,70.45566,73.10951,73.00685,78.26238,73.34848,69.42622,71.06335,70.21396,66.48308,69.37579,66.21933,60.63827,63.32456,57.97413,58.85576,58.0517,54.12947,60.82763,57.31492,57.31492,60.0,56.00893,60.03332,58.13777,59.21149,61.52235,59.5399,66.75328,62.64982,68.593,71.56815,71.25307
11.18034,10.29563,10.29563,10.29563,9.84886,9.84886,8.94427,8.94427,8.94427,7.61577,7.61577,6.7082,6.7082,6.32456,5.38516,5.83095,5.38516,5.38516,4.47214,4.47214,4.47214,3.60555,3.60555,2.82843,2.82843,2.82843,2.82843,2.23607,2.23607,2.23607,2.23607,2.0,2.0,2.0,2.0,2.0,2.0,2.0,2.23607,2.0,3.0,2.23607,3.16228,3.0,3.16228,3.0,3.0,3.0,3.0,3.0,3.16228,3.16228,72.20111,70.0,70.60453,67.6757,65.80274,64.66065,61.40033,62.43397,57.98276,53.7122,49.39636,49.39636,47.70744,45.79301,43.04649,42.05948,38.58756,37.44329,32.80244,34.20526,32.01562,28.01785,24.20744,26.62705,22.02272,21.26029,18.38478,19.20937,18.35756,16.64332,14.31782,13.34166,16.15549,12.16553,12.0,14.14214,14.56022,12.36932,15.29706,16.55295,15.52417,14.31782,14.31782,14.56022,17.0,16.15549,20.61553,22.82542,20.12461,21.18962,22.47221,23.4094,22.47221,23.5372,22.2036,22.36068,22.36068,42.57934,42.29657,48.16638,49.49747,50.21952,51.41984,54.70832,57.58472,59.61543,58.13777,62.76942,66.7308,67.95587,69.2026,68.41053,70.83784,75.69016,72.13876,73.59348,78.87332,78.87332,78.81624,79.6304,81.8352,82.76473,77.38863,80.5295,78.72103,78.79086,80.62258,76.05919,76.32169,76.32169,73.73602,71.30919,73.40981,69.857,67.23095,65.55151,61.7171,62.16912,60.03332,61.40033,62.1289,57.68882,60.46487,57.00877,60.959,65.11528,63.70243,62.28965,67.89698,66.46804,70.72482,72.86288,70.72482,75.00667
11.18034,10.77033,9.84886,10.29563,8.94427,8.94427,8.94427,8.06226,8.06226,7.61577,6.7082,6.7082,6.7082,5.83095,5.38516,5.38516,4.47214,4.12311,4.12311,4.12311,3.16228,3.16228,3.16228,3.0,3.0,2.0,2.23607,2.23607,2.23607,2.82843,2.82843,2.23607,2.23607,2.23607,2.23607,3.16228,3.16228,3.16228,3.60555,3.16228,3.16228,3.60555,3.60555,3.60555,3.60555,3.60555,3.60555,3.60555,4.24264,4.24264,3.60555,3.60555,71.69379,69.31811,68.44706,66.24198,67.53518,65.0,60.03332,60.53924,55.07268,52.35456,51.10773,50.11986,50.24938,45.79301,43.01163,40.70626,40.31129,35.77709,34.9285,36.23534,31.06445,30.8707,25.29822,26.24881,24.73863,19.31321,19.64688,17.0,16.03122,11.0,16.12452,15.0333,12.36932,15.26434,12.52996,15.81139,15.6205,15.0,13.89244,17.69181,16.40122,16.40122,19.72308,18.60108,18.02776,18.86796,20.59126,23.02173,22.2036,24.08319,20.61553,20.51828,24.04163,25.23886,22.67157,23.02173,21.9545,42.80187,44.10215,46.09772,47.75982,48.76474,50.80354,50.35871,54.23099,58.00862,57.00877,60.13319,62.28965,66.61081,67.26812,67.68309,68.41053,72.42237,72.11103,74.46476,76.05919,74.24284,79.25907,80.26207,81.30191,81.5414,80.44874,79.6304,79.81228,76.6942,78.24321,70.76722,73.59348,72.13876,72.18033,70.0928,69.29646,66.6033,65.94695,65.29931,62.62587,62.482,60.80296,61.61169,60.74537,57.80138,56.35601,57.27128,60.00833,61.09828,61.7414,60.92618,66.40783,69.64194,63.56886,72.11103,74.67262,71.51224
12.80625,11.40175,11.40175,11.40175,10.63015,10.63015,10.0,9.21954,9.21954,9.21954,8.48528,7.81025,7.81025,7.81025,6.40312,6.40312,6.40312,5.83095,5.83095,5.0,5.0,4.47214,4.47214,4.47214,4.47214,3.16228,3.16228,3.16228,3.0,3.0,3.0,3.0,3.16228,3.16228,3.16228,3.16228,3.16228,3.16228,3.60555,3.16228,3.60555,3.60555,3.60555,3.60555,4.47214,4.47214,4.47214,4.12311,4.12311,4.12311,4.0,4.0,68.24954,73.0,65.29931,65.79514,66.52819,61.52235,61.6198,59.39697,56.56854,54.45181,50.93133,51.62364,48.79549,45.25483,41.10961,41.72529,38.8973,35.35534,33.24154,32.55764,30.61046,26.90725,26.62705,23.85372,22.2036,21.9545,21.93171,20.59126,18.78829,14.86607,14.56022,14.03567,16.0,13.15295,16.49242,13.15295,13.60147,15.29706,15.26434,15.81139,17.46425,15.81139,17.88854,17.20465,20.80865,17.02939,19.20937,20.0,19.41649,22.2036,19.41649,23.25941,24.35159,21.54066,25.0,23.34524,20.22375,40.71855,44.27189,46.84015,46.38965,50.35871,49.0102,51.0392,53.15073,54.58938,60.20797,59.90826,62.93648,65.45991,64.62198,66.64083,67.08204,71.55418,69.33974,69.33974,73.23933,75.80237,78.24321,76.57676,78.49204,77.83315,76.41989,77.46612,73.10951,77.46612,73.24616,75.0,70.60453,71.02816,71.02816,68.8186,65.21503,65.0,61.03278,63.60031,61.84658,58.41233,62.28965,58.69412,57.98276,55.86591,59.81639,57.48913,57.42822,58.24946,63.82006,60.80296,65.19202,66.28725,64.3506,68.60029,71.19691,66.57327
10.77033,10.77033,9.84886,9.84886,9.84886,8.94427,8.94427,8.544,8.06226,7.61577,6.7082,6.7082,6.7082,5.83095,5.83095,5.38516,5.38516,4.47214,4.47214,4.12311,3.16228,3.16228,3.16228,3.16228,2.0,2.0,2.0,2.0,1.41421,2.23607,1.41421,1.41421,1.41421,2.23607,2.23607,2.23607,2.23607,2.23607,2.23607,2.23607,2.23607,2.23607,2.23607,3.60555,2.82843,2.82843,3.60555,2.82843,2.82843,3.60555,3.60555,3.16228,68.96376,68.00735,70.00714,65.9242,65.19202,62.76942,60.16644,60.92618,54.56189,54.626,50.15974,48.75449,48.33218,43.41659,41.23106,39.92493,40.31129,37.16181,34.53983,31.01612,29.73214,27.313,25.96151,23.4094,23.4094,17.46425,20.09975,18.02776,15.0,14.03567,16.27882,13.0384,11.7047,12.80625,11.7047,11.40175,12.04159,13.45362,13.60147,16.55295,15.26434,13.89244,14.76482,18.38478,17.20465,19.72308,18.02776,21.09502,19.72308,21.09502,21.63331,19.20937,23.34524,22.67157,22.02272,19.72308,20.59126,34.20526,50.24938,47.42362,57.80138,56.93856,50.92151,57.97413,52.63079,53.93515,61.52235,60.67125,62.64982,68.46897,68.02941,69.06519,69.06519,75.66373,71.70077,78.58753,79.12016,72.42237,84.43341,84.30896,77.49194,82.34683,77.25283,82.73452,78.71467,79.17702,79.07591,73.78347,80.26207,72.94518,71.86793,71.86793,68.26419,65.19202,65.8635,65.0,64.41273,64.00781,59.9333,62.16912,59.80803,60.74537,61.09828,60.08328,56.51548,61.84658,63.56099,65.30697,65.62012,71.38627,68.88396,70.03571,74.33034,73.75636
10.77033,10.77033,10.77033,10.77033,9.48683,9.48683,8.544,8.544,8.544,7.28011,7.28011,7.28011,6.32456,6.32456,6.32456,5.38516,5.38516,5.09902,4.12311,4.47214,4.12311,3.16228,3.16228,3.16228,3.16228,2.23607,2.82843,1.41421,2.23607,2.23607,2.23607,2.0,2.0,2.0,2.0,2.0,2.0,2.0,2.0,3.0,3.0,3.0,3.0,3.0,3.0,3.0,3.0,3.0,3.16228,3.16228,3.16228,3.60555,69.77105,67.97794,70.26379,65.39113,64.40497,60.53924,56.46238,61.09828,54.42426,55.36244,47.75982,49.0408,44.38468,41.10961,40.8534,37.16181,40.5216,34.53983,32.89377,29.54657,28.17801,25.07987,26.41969,24.18677,20.24846,21.09502,19.20937,15.55635,14.21267,17.02939,12.04159,13.41641,11.40175,13.0,12.16553,14.14214,14.03567,12.36932,15.13275,12.64911,13.15295,15.81139,16.76305,18.68154,18.68154,17.26268,21.58703,19.64688,19.92486,20.39608,22.2036,20.09975,22.02272,20.09975,22.2036,20.09975,21.58703,41.10961,43.28972,43.56604,48.76474,47.43416,53.66563,54.12024,56.0803,57.2014,56.40035,57.48913,62.96825,62.28965,67.94115,70.29225,67.62396,73.23933,71.56116,73.4983,74.30343,75.15318,77.38863,73.92564,78.18568,76.844,81.27115,76.40026,80.28076,74.46476,74.52516,71.19691,76.11833,71.38627,73.1642,66.91039,68.24954,63.15061,62.36986,63.15061,61.84658,62.0967,58.18935,60.40695,58.30952,57.00877,62.16912,58.59181,55.56978,62.43397,60.20797,58.83026,64.3506,70.72482,63.60031,69.11584,69.33974,69.83552
12.52996,12.08305,12.08305,11.18034,10.77033,10.77033,9.84886,9.84886,8.544,8.544,8.544,7.61577,7.61577,6.32456,6.32456,6.32456,6.32456,5.38516,4.47214,5.38516,4.47214,3.60555,3.60555,3.60555,3.60555,2.82843,2.82843,2.23607,2.23607,2.23607,2.23607,2.0,2.0,2.0,2.0,2.0,3.0,3.0,3.0,3.0,3.0,3.0,3.0,3.0,3.0,3.0,4.0,4.0,4.12311,4.12311,4.12311,3.60555,70.00714,67.62396,70.5762,63.56886,62.96825,59.77458,57.28001,57.72348,53.60037,55.08176,49.72927,49.47727,43.68066,42.05948,42.05948,40.49691,37.36308,36.68787,33.52611,30.08322,31.62278,25.07987,25.70992,22.84732,22.84732,20.12461,18.02776,18.43909,18.02776,15.55635,15.81139,13.0384,11.6619,9.84886,12.36932,14.86607,10.19804,14.03567,13.15295,13.34166,14.0,16.49242,15.52417,15.13275,17.11724,18.02776,22.09072,19.41649,19.0263,21.0,23.0,23.19483,21.0,20.0,20.88061,21.58703,21.54066,38.11824,44.0,44.72136,49.0306,50.0,53.48832,51.88449,54.20332,56.60389,58.82176,61.03278,62.80127,66.06815,67.26812,70.03571,70.43437,73.60027,70.0,74.62573,74.30343,77.02597,76.15773,75.58439,77.38863,77.07788,77.83315,77.16217,78.44743,73.24616,77.12976,69.857,73.97973,67.08204,70.85901,68.73136,66.09841,63.56099,62.0967,63.06346,62.93648,61.98387,55.36244,60.72891,58.18935,58.87274,55.71355,56.36488,59.5063,60.82763,61.40033,61.40033,63.81222,69.97142,62.43397,71.34424,70.83078,70.68239
12.36932,12.16553,11.40175,11.18034,10.19804,10.19804,10.19804,9.21954,9.21954,8.24621,8.24621,8.24621,7.28011,7.28011,6.08276,6.32456,6.32456,5.38516,5.38516,5.38516,4.47214,4.47214,3.60555,3.60555,3.60555,3.60555,2.82843,2.82843,3.60555,3.16228,3.16228,3.16228,3.16228,3.16228,3.16228,3.16228,4.12311,4.12311,4.0,4.0,4.0,4.0,4.0,4.0,4.12311,4.12311,4.12311,4.12311,4.12311,4.47214,4.47214,4.47214,72.8011,68.68042,74.72617,65.96969,65.51336,67.46851,60.20797,59.4138,56.88585,53.75872,52.61179,48.50773,49.0306,42.95346,44.91102,44.14748,39.81206,36.22154,36.87818,33.24154,32.57299,29.83287,28.16026,23.08679,17.08801,21.93171,19.69772,17.46425,16.40122,18.43909,15.26434,16.27882,13.92839,13.89244,15.23155,13.89244,13.0384,17.02939,17.0,16.12452,16.0,19.0,19.10497,19.0,19.0,20.09975,20.02498,20.0,23.0,19.0263,23.19483,23.0,24.5153,22.56103,23.34524,23.76973,23.25941,41.04875,45.12206,48.08326,50.69517,51.42956,53.0,56.0357,55.60576,56.72742,60.81118,62.93648,65.29931,67.80118,66.61081,70.72482,70.49113,77.82673,72.49828,76.55717,76.6942,75.27284,78.43469,80.28076,84.40379,79.07591,80.41144,74.67262,77.64664,76.32169,79.22752,71.25307,73.10951,72.06247,72.0,72.02777,66.06815,66.06815,64.12488,63.07139,60.29925,60.13319,59.84146,64.13267,57.07013,57.72348,56.921,57.28001,61.35145,62.62587,61.09828,64.62198,64.4748,69.64194,67.23095,72.09022,70.77429,73.73602
11.7047,10.77033,10.77033,9.84886,9.84886,8.94427,8.544,8.544,8.544,7.61577,7.61577,6.7082,6.7082,5.83095,5.38516,5.38516,5.38516,4.47214,4.12311,4.12311,3.16228,3.16228,3.16228,3.16228,3.16228,2.0,2.0,2.23607,1.41421,2.23607,1.41421,1.41421,2.23607,2.23607,2.23607,2.23607,2.23607,2.23607,2.23607,2.23607,2.23607,2.23607,3.16228,2.82843,3.16228,2.82843,3.60555,2.82843,2.82843,3.60555,3.60555,3.16228,72.36712,65.96969,65.96969,64.32729,62.8172,61.68468,60.44005,53.85165,52.49762,53.75872,52.49762,45.88028,46.17359,44.01136,39.21734,39.21734,37.94733,34.48188,30.08322,32.75668,29.83287,25.31798,23.34524,20.61553,22.02272,18.11077,20.02498,15.0,14.14214,15.29706,15.81139,12.08305,10.0,11.6619,13.89244,11.31371,13.60147,13.89244,13.0384,13.41641,18.02776,17.49286,17.0,17.72005,16.76305,18.35756,20.24846,18.78829,20.24846,20.59126,21.09502,18.78829,21.2132,20.51828,20.51828,20.24846,20.80865,39.11521,43.27817,45.34314,48.83646,47.80167,52.15362,52.15362,55.15433,59.5063,56.32051,60.87693,62.8172,64.53681,66.91039,66.37017,69.02898,72.11103,70.02857,74.10803,75.32596,75.95393,79.9062,79.24645,78.58753,76.844,76.92204,76.2168,77.25283,72.23573,75.02666,71.58911,74.32362,73.00685,70.26379,70.21396,67.62396,63.15853,62.76942,60.53924,60.92618,60.92618,58.24088,60.72891,58.46366,57.28001,59.03389,57.72348,57.55867,59.4138,60.53098,64.28063,63.12686,67.18631,64.07027,70.34913,70.25667,68.11755
11.40175,11.40175,10.81665,10.81665,10.0,9.43398,8.60233,8.60233,8.60233,7.2111,7.81025,7.2111,6.40312,6.40312,5.0,5.65685,5.65685,5.0,4.24264,4.24264,4.24264,3.60555,3.60555,3.16228,3.16228,3.16228,3.0,3.0,3.0,3.0,3.16228,3.16228,3.16228,3.16228,3.16228,3.16228,3.60555,3.60555,3.60555,3.60555,4.47214,4.47214,4.47214,4.47214,4.47214,4.47214,4.47214,4.47214,4.12311,4.12311,5.09902,4.0,68.8186,70.17834,65.73431,64.66065,63.28507,62.26556,57.68882,56.93856,53.33854,51.0,49.39636,49.24429,43.41659,45.48626,40.81666,38.94868,37.21559,35.35534,32.24903,31.06445,27.80288,25.6125,26.1725,24.08319,19.84943,21.26029,18.43909,17.20465,15.26434,13.92839,13.60147,15.29706,13.15295,14.03567,13.15295,12.04159,10.29563,13.15295,18.43909,17.49286,15.65248,15.65248,16.64332,14.42221,21.47091,18.35756,21.54066,18.78829,20.24846,20.61553,23.70654,20.61553,23.34524,23.19483,21.09502,23.02173,23.02173,41.0,41.59327,45.01111,48.16638,50.63596,46.09772,50.28916,53.75872,57.27128,56.46238,58.66856,62.43397,65.51336,66.0303,68.76772,67.17887,71.42129,70.03571,70.72482,74.4043,75.60423,77.66595,75.71658,74.43118,78.39005,78.29432,77.36924,76.02631,74.46476,75.96052,71.16881,70.83784,68.62215,68.35203,68.30813,66.40783,64.2573,58.18935,62.03225,60.83584,59.09315,56.79789,56.79789,59.16925,54.08327,57.42822,57.80138,58.89822,60.959,58.89822,63.25346,61.7171,65.79514,65.76473,70.17834,68.76772,67.00746
11.40175,10.81665,10.81665,10.81665,9.43398,9.43398,9.43398,8.06226,8.06226,8.06226,8.06226,7.2111,6.7082,5.83095,5.83095,5.83095,5.0,4.47214,4.24264,3.60555,3.60555,3.60555,3.60555,2.82843,2.82843,2.82843,2.23607,2.23607,2.0,2.0,2.0,2.0,2.23607,2.0,2.0,2.23607,2.23607,2.23607,2.23607,2.23607,2.23607,3.16228,3.16228,3.16228,3.16228,3.16228,3.16228,3.0,3.0,3.0,3.0,3.16228,73.0,69.02898,65.8559,61.40033,66.21933,58.00862,59.64059,59.07622,55.47071,52.80152,48.54894,47.01064,47.01064,43.60046,41.04875,40.22437,37.44329,32.80244,33.01515,28.42534,29.83287,26.40076,23.43075,24.08319,21.26029,19.84943,16.97056,19.41649,17.20465,17.0,13.0,14.31782,11.18034,14.14214,13.0,10.19804,14.56022,12.64911,14.31782,16.64332,12.52996,15.65248,15.65248,17.49286,19.72308,17.46425,19.72308,21.93171,21.63331,20.61553,20.12461,21.0238,21.0238,22.84732,19.41649,23.0,19.10497,40.49691,44.72136,45.09989,51.0392,49.0408,52.23983,50.15974,57.07013,57.28001,55.97321,59.09315,64.88451,66.21178,69.64194,70.72482,67.20119,73.00685,73.87828,75.00667,73.5527,72.91776,80.65978,75.16648,76.6942,76.844,74.63243,76.00658,80.1561,74.94665,76.66159,69.77105,72.56032,69.35416,70.23532,74.30343,68.0,64.49806,65.36819,63.13478,62.76942,61.40033,57.2014,58.82176,58.82176,60.30755,56.63921,59.39697,61.52235,61.55485,62.96825,62.24147,64.2028,66.6033,66.21933,70.17834,72.24957,72.86288
11.40175,10.63015,10.0,10.0,8.60233,8.60233,8.60233,7.81025,7.81025,7.2111,7.2111,6.40312,6.40312,5.65685,5.0,5.65685,4.24264,4.24264,4.24264,4.24264,3.60555,3.60555,3.60555,3.16228,3.16228,3.16228,3.0,3.0,3.0,3.16228,3.16228,3.16228,3.16228,3.16228,3.16228,3.16228,3.60555,3.60555,3.60555,3.60555,4.47214,4.47214,4.47214,4.47214,4.12311,4.12311,4.12311,4.12311,4.12311,4.0,4.0,4.0,69.02898,63.89053,64.81512,63.60031,59.66574,59.90826,59.40539,58.24946,51.86521,51.31277,48.01042,44.10215,47.63402,42.72002,40.49691,36.61967,40.22437,34.05877,34.48188,28.42534,29.0,28.3196,28.28427,21.93171,22.02272,17.69181,17.02939,14.76482,17.49286,15.26434,14.14214,15.29706,14.03567,13.0384,11.7047,12.36932,15.81139,16.55295,13.0384,19.41649,13.89244,16.40122,16.40122,20.0,18.86796,19.84943,20.59126,22.82542,19.72308,21.9545,23.02173,22.84732,21.93171,23.08679,22.13594,23.34524,21.0,40.79216,43.10452,46.04346,49.25444,50.01,50.44799,53.14132,54.78138,54.626,54.12024,59.36329,62.1289,64.3506,65.80274,71.58911,64.38167,72.83543,68.0147,72.18033,73.40981,73.40981,78.49204,77.38863,74.94665,79.25907,77.41447,74.73286,78.72103,73.00685,75.6439,69.07966,73.53911,70.5762,68.94926,66.7308,66.48308,62.96825,60.16644,62.64982,59.9333,60.82763,55.75841,58.30952,58.30952,58.24946,56.60389,57.00877,58.0,58.69412,57.38467,60.82763,65.05382,65.06919,60.10824,66.70832,67.89698,72.86288
12.04159,12.04159,12.04159,11.0,11.0,10.0,10.0,9.0,9.0,9.0,9.0,8.0,7.0,7.0,6.0,6.08276,6.08276,5.09902,5.09902,5.09902,4.12311,4.12311,4.12311,4.12311,3.60555,3.60555,3.60555,2.82843,2.82843,3.60555,3.60555,3.16228,3.60555,3.60555,3.16228,4.12311,4.12311,4.12311,4.12311,4.12311,4.12311,4.12311,4.12311,4.12311,4.12311,4.47214,4.47214,4.47214,4.47214,5.0,5.0,4.24264,71.56815,66.48308,70.5762,67.74216,65.62012,66.48308,58.24946,59.66574,55.54278,54.57105,50.44799,50.44799,45.60702,43.68066,42.95346,41.7732,38.47077,35.51056,34.36568,31.40064,29.06888,27.01851,27.0,26.07681,21.0238,23.0,20.09975,16.15549,16.15549,14.31782,14.76482,15.0,12.04159,12.72792,13.41641,16.12452,15.52417,16.12452,17.08801,19.64688,16.76305,19.72308,18.68154,17.72005,20.88061,18.97367,21.93171,22.56103,21.54066,22.13594,22.13594,23.25941,21.63331,22.2036,25.23886,22.67157,23.60085,42.19005,45.60702,48.08326,53.41348,51.22499,54.3783,54.70832,58.60034,59.09315,61.09828,63.32456,65.73431,67.74216,65.76473,69.87131,67.1193,74.0,72.02777,76.00658,78.16009,73.5527,80.89499,77.46612,78.8543,77.88453,80.65358,78.43469,78.1089,75.61085,76.32169,72.44998,75.76939,71.17584,72.09022,68.54196,68.54196,65.0,65.39113,60.41523,62.29767,61.68468,58.5235,57.97413,57.48913,58.85576,61.0,60.29925,58.07753,62.03225,61.07373,64.03124,64.07027,69.02898,67.06713,70.00714,76.00658,74.06079
12.20656,10.81665,10.81665,10.81665,10.81665,10.0,10.0,9.21954,8.60233,8.60233,7.81025,7.81025,7.81025,6.40312,6.40312,6.40312,5.83095,5.0,5.0,4.47214,4.47214,4.47214,3.60555,3.60555,3.16228,3.16228,3.16228,3.0,3.0,3.0,3.0,3.16228,3.16228,3.16228,3.16228,3.16228,3.16228,3.16228,3.60555,3.60555,3.60555,3.60555,3.60555,3.60555,4.47214,4.47214,4.12311,4.12311,4.12311,4.12311,4.12311,4.0,69.57011,69.28925,63.32456,64.62198,67.77905,59.5063,61.26989,58.30952,56.35601,47.50789,51.42956,47.88528,47.01064,43.41659,38.01316,35.8469,38.47077,33.54102,31.95309,33.83785,30.36445,26.83282,24.04163,21.93171,19.10497,22.09072,20.61553,21.0238,15.13275,16.12452,13.60147,14.31782,13.60147,11.6619,14.42221,11.40175,16.27882,16.64332,15.6205,16.64332,17.80449,14.86607,16.27882,21.40093,18.35756,19.84943,19.84943,20.0,21.40093,20.80865,18.43909,23.43075,21.9545,23.85372,25.05993,22.36068,20.59126,44.04543,43.13931,47.50789,49.40648,53.7122,50.08992,52.92447,57.56735,57.56735,60.41523,61.81424,62.1289,65.27634,66.0303,66.06815,71.11259,70.25667,75.66373,72.83543,73.5459,74.2159,76.65507,76.55064,78.0,76.48529,77.07788,76.48529,74.68601,78.26238,71.69379,76.32169,69.97142,69.11584,70.83078,69.97142,68.60029,64.3506,61.58734,62.96825,61.7171,58.59181,62.6099,55.4617,58.69412,54.23099,55.54278,58.5235,58.46366,62.36986,62.36986,58.46366,65.51336,65.0,69.2315,67.46851,64.53681,72.27724
11.6619,11.6619,11.18034,10.29563,10.29563,9.43398,9.43398,8.60233,8.06226,8.06226,7.2111,7.2111,6.40312,5.83095,5.83095,5.83095,5.83095,5.0,4.47214,4.47214,3.60555,3.16228,3.16228,3.16228,2.0,2.23607,2.0,2.0,1.41421,2.23607,1.41421,1.41421,2.23607,2.23607,2.23607,2.23607,2.23607,2.23607,2.82843,2.23607,2.23607,2.82843,3.60555,3.60555,3.60555,2.82843,2.82843,3.60555,3.60555,3.60555,3.60555,3.16228,67.62396,67.54258,64.07808,63.56099,62.16912,60.03332,59.03389,57.70615,52.83938,51.0,49.39636,47.50789,46.51881,41.67733,40.24922,38.94868,36.23534,34.66987,33.12099,34.53983,30.46309,25.4951,24.16609,22.47221,20.88061,15.52417,17.02939,14.31782,15.0,12.16553,14.31782,11.18034,12.08305,13.0384,10.81665,13.60147,13.0384,14.86607,14.21267,15.81139,17.20465,14.42221,16.64332,16.64332,18.35756,19.10497,19.20937,20.0,21.2132,20.0,21.93171,19.79899,20.51828,22.02272,18.86796,21.47091,21.18962,42.44997,44.59821,46.61545,48.02083,47.42362,50.92151,53.16014,54.34151,57.87055,58.54912,63.1981,63.03174,66.0303,66.00758,67.47592,70.71068,72.00694,72.56721,74.95332,74.33034,76.53757,75.27284,76.15773,75.15318,77.36924,78.71467,76.66159,78.54935,75.71658,76.55064,71.28113,72.42237,72.00694,67.6757,71.61006,69.81404,66.61081,62.42596,63.00794,62.68174,58.83026,60.03332,62.76942,56.79789,55.03635,61.32699,57.58472,59.46427,60.72891,62.36185,61.40033,64.03124,65.96969,70.34202,70.0928,72.12489,73.68175
12.72792,12.72792,11.31371,12.04159,10.63015,10.63015,9.89949,9.21954,9.21954,8.48528,8.48528,7.07107,7.07107,7.07107,7.07107,6.40312,5.65685,5.65685,5.0,5.0,4.24264,5.0,3.60555,4.47214,3.60555,3.16228,3.0,3.0,3.0,3.0,3.0,3.0,3.16228,3.16228,3.16228,3.16228,3.16228,3.16228,3.16228,3.16228,3.16228,3.60555,3.60555,4.47214,4.12311,4.47214,4.12311,4.12311,4.12311,4.12311,4.0,4.0,71.58911,63.60031,69.6563,66.21933,60.80296,64.63745,54.6443,59.64059,51.10773,54.3783,52.15362,47.20169,45.48626,43.82921,40.49691,38.58756,38.83298,33.01515,32.44996,26.40076,30.61046,26.24881,26.87006,20.61553,22.02272,19.84943,18.60108,18.02776,17.80449,15.23155,13.0384,13.0,14.0,13.15295,12.36932,13.0,14.14214,15.65248,18.78829,18.38478,16.76305,12.08305,18.38478,15.65248,19.23538,20.12461,18.78829,19.72308,22.36068,21.54066,22.13594,20.12461,23.08679,21.58703,21.09502,23.02173,22.0,39.05125,45.54119,44.01136,48.01042,50.35871,53.93515,51.66237,56.61272,55.15433,56.46238,59.48109,63.13478,67.1193,66.0303,71.61006,65.8559,76.41989,68.62215,76.36753,72.91776,73.66139,79.81228,71.28113,76.55064,77.69813,76.32169,77.82673,79.17702,71.11259,76.96753,70.21396,77.38863,71.58911,65.79514,70.26379,66.21178,61.7171,65.39113,62.24147,59.48109,60.82763,56.60389,59.36329,57.42822,58.00862,53.90733,56.63921,59.4138,58.69412,57.28001,59.4138,65.76473,66.46804,64.3506,67.94115,70.00714,70.83784
12.04159,11.04536,11.04536,10.19804,10.04988,9.05539,9.05539,8.06226,8.06226,7.07107,7.07107,7.07107,6.0,6.0,6.0,5.0,5.0,4.0,4.0,4.0,4.0,3.16228,3.16228,3.16228,2.23607,2.82843,2.82843,2.82843,2.23607,3.16228,2.23607,3.16228,3.16228,3.16228,3.16228,3.16228,3.16228,3.16228,3.0,4.12311,4.12311,4.12311,4.12311,4.12311,4.12311,4.12311,4.47214,4.47214,4.47214,4.47214,3.60555,4.24264,68.94926,70.2282,64.84597,65.55151,66.48308,57.27128,62.24147,57.69749,54.626,47.53946,50.9902,45.27693,45.61798,40.31129,37.16181,37.16181,35.4683,33.24154,34.0147,31.32092,29.73214,25.29822,22.80351,19.31321,21.84033,18.97367,18.24829,17.11724,18.02776,15.52417,13.41641,14.42221,14.76482,15.26434,12.80625,13.60147,15.55635,15.55635,15.6205,15.0,18.86796,14.31782,17.20465,17.49286,21.9545,20.12461,18.35756,21.47091,22.36068,22.02272,19.72308,20.61553,20.51828,20.51828,23.34524,23.32381,21.9545,43.01163,43.86342,45.80393,45.79301,51.47815,48.8467,51.24451,52.39275,57.07013,59.22837,58.30952,60.03332,66.00758,67.0,68.11755,68.73136,69.72087,71.02112,69.857,72.12489,72.12489,77.25283,77.07788,74.84651,74.73286,75.58439,77.36924,77.02597,76.66159,72.71864,73.82412,68.7968,69.63476,67.20119,68.24954,67.20119,63.82006,62.43397,58.5235,61.91123,59.5399,56.79789,56.82429,60.53924,57.93962,55.71355,59.61543,58.5235,60.08328,63.32456,62.0967,65.30697,69.857,65.73431,66.70832,71.56815,67.91171
10.29563,10.29563,8.94427,9.43398,8.94427,8.06226,8.06226,8.06226,7.2111,7.2111,6.7082,5.83095,5.83095,5.83095,4.47214,4.47214,4.47214,4.47214,3.16228,3.16228,3.16228,3.16228,2.0,2.0,2.0,2.0,2.23607,2.23607,2.82843,2.82843,2.82843,2.82843,2.82843,2.82843,3.16228,3.60555,3.60555,3.16228,3.60555,3.60555,3.60555,3.60555,3.60555,3.60555,3.60555,3.60555,4.24264,4.24264,3.60555,3.60555,3.60555,3.60555,70.83078,66.88797,65.0,62.68174,64.89992,59.64059,58.82176,57.2014,55.80323,50.80354,49.81967,44.40721,44.04543,43.18565,41.40048,38.60052,37.20215,30.41381,29.15476,28.84441,26.92582,25.80698,23.70654,19.72308,19.69772,20.24846,18.02776,15.0333,15.52417,15.0333,13.15295,15.29706,13.60147,11.7047,16.55295,13.0384,15.6205,17.69181,15.0,14.21267,17.69181,16.27882,19.10497,17.80449,19.84943,22.80351,21.2132,21.40093,20.61553,22.62742,22.67157,21.63331,22.02272,21.40093,23.70654,24.16609,20.88061,42.63801,40.81666,46.95743,48.8467,51.24451,48.05206,52.7731,55.22681,56.00893,58.0,59.00847,62.20129,64.62971,65.73431,66.48308,71.16881,70.5195,73.1642,69.46222,75.13322,74.24284,78.39005,77.69813,73.57309,76.27582,77.10383,74.20243,75.28612,75.0733,73.0,72.12489,67.89698,67.17887,70.72482,70.03571,65.76473,65.76473,66.6033,63.03174,63.25346,60.30755,57.80138,57.80138,60.0,53.53504,54.20332,59.5399,57.70615,58.59181,62.24147,60.16644,64.07808,64.07808,68.02941,70.5762,72.09022,71.11962
12.20656,12.20656,12.20656,11.40175,11.40175,10.0,10.0,9.21954,9.21954,8.60233,8.48528,7.81025,7.81025,7.2111,6.40312,6.40312,5.83095,5.83095,5.0,4.47214,4.47214,4.47214,3.60555,4.12311,3.16228,3.16228,3.0,3.0,3.0,3.16228,3.0,3.16228,3.16228,3.16228,3.16228,3.16228,3.16228,3.16228,3.16228,3.60555,3.60555,3.60555,4.47214,4.47214,4.47214,4.12311,4.12311,4.12311,4.12311,5.09902,5.0,4.0,73.43024,68.96376,68.88396,69.46222,67.23095,63.51378,64.07027,62.1289,57.14018,54.6443,49.39636,49.40648,49.64877,42.43819,43.26662,40.22437,41.04875,36.35932,35.51056,33.12099,28.63564,26.07681,26.92582,24.16609,22.47221,21.54066,19.31321,18.11077,17.02939,16.03122,14.03567,13.0384,17.26268,14.76482,13.89244,14.42221,16.40122,13.60147,17.20465,17.80449,16.97056,17.02939,20.0,17.69181,21.2132,21.2132,18.60108,21.26029,19.84943,21.40093,21.93171,23.60085,23.02173,23.60085,25.4951,23.25941,24.33105,44.55334,46.8615,47.50789,52.3259,52.81098,55.65968,53.60037,58.24946,58.42089,59.21149,65.00769,65.00769,67.06713,67.26812,70.5762,73.97973,75.31268,72.8011,76.24303,75.96052,77.25283,82.8553,77.82673,81.00617,77.52419,81.63333,78.81624,76.844,77.00649,77.62087,73.75636,74.20243,76.05919,70.76722,73.10951,68.88396,66.8431,65.0,63.00794,64.07027,61.29437,61.29437,60.20797,62.16912,58.18075,60.37384,58.18075,63.32456,65.45991,64.84597,62.62587,66.7308,67.41662,69.89278,71.47027,73.08215,74.32362
12.0,11.04536,12.04159,11.04536,11.04536,10.04988,10.04988,9.05539,9.05539,9.05539,8.06226,8.06226,7.07107,7.0,6.08276,6.0,5.0,5.0,5.0,5.0,5.0,4.0,4.0,3.16228,3.16228,3.16228,2.23607,2.82843,2.23607,2.82843,2.82843,2.23607,2.23607,2.23607,3.16228,3.16228,3.16228,3.16228,3.16228,3.16228,3.16228,3.16228,3.16228,3.16228,3.16228,3.16228,4.47214,3.60555,3.60555,3.60555,4.24264,4.24264,72.33948,70.00714,71.06335,68.0,64.0,64.03124,61.03278,64.03124,55.00909,55.00909,53.15073,49.0408,48.16638,44.04543,45.09989,41.01219,40.0,36.05551,32.01562,32.0,32.0,30.26549,28.28427,27.29469,21.09502,23.76973,18.68154,20.88061,16.55295,16.12452,15.81139,15.0,15.0,15.81139,13.60147,19.41649,13.41641,15.0,15.23155,17.46425,19.41649,18.43909,18.43909,19.23538,16.27882,22.56103,20.09975,23.5372,20.88061,20.24846,24.35159,21.18962,23.4094,23.70654,20.12461,23.60085,22.67157,43.01163,45.69464,48.02083,51.61395,51.22499,54.56189,52.49762,58.41233,57.2014,61.29437,62.64982,63.06346,68.44706,67.23095,68.00735,70.88018,73.24616,75.31268,75.13322,75.95393,76.41989,78.1025,80.09994,78.00641,78.05767,79.1012,77.31753,76.53104,79.6304,79.24645,72.99315,77.27872,74.33034,71.02112,73.34848,71.38627,67.89698,66.09841,62.64982,63.78871,66.27217,60.13319,63.12686,61.13101,62.07254,61.03278,60.13319,61.81424,65.49046,64.77654,64.93843,64.03124,69.72087,67.46851,73.97973,75.13322,72.00694
12.08305,11.7047,10.77033,10.77033,9.84886,9.84886,9.48683,8.544,8.544,7.61577,7.61577,7.61577,7.61577,6.7082,6.32456,6.32456,5.38516,5.09902,5.09902,4.12311,4.12311,4.12311,4.0,3.0,3.0,4.0,3.16228,3.16228,3.60555,3.60555,3.60555,3.60555,2.82843,3.60555,4.24264,4.24264,4.24264,4.24264,4.24264,4.24264,4.24264,4.24264,4.24264,4.24264,4.24264,4.24264,5.0,5.0,4.47214,4.47214,4.47214,4.12311,75.6439,72.09022,69.64194,68.15424,66.70832,65.79514,60.41523,60.82763,56.93856,58.13777,52.35456,46.14109,44.72136,45.17743,42.04759,42.04759,39.39543,34.88553,34.0147,31.7805,30.08322,28.63564,26.92582,26.57066,21.93171,22.36068,16.27882,17.11724,16.12452,16.12452,14.31782,14.56022,18.02776,14.21267,13.60147,17.20465,13.45362,17.80449,16.12452,20.51828,20.0,17.69181,24.08319,19.72308,21.26029,20.80865,22.67157,21.93171,22.2036,24.75884,24.83948,22.02272,22.80351,21.63331,26.62705,21.54066,24.69818,40.60788,43.84062,49.67897,54.08327,51.97115,55.03635,56.921,57.56735,58.24088,60.20797,62.64982,65.37584,67.26812,67.00746,70.00714,69.26038,72.56032,72.99315,76.79193,73.00685,76.92204,76.844,75.96052,76.32169,80.05623,79.62412,79.17702,77.89737,74.70609,80.13114,71.02112,77.17513,74.06079,69.89278,71.84706,69.06519,65.21503,65.73431,63.28507,63.13478,61.77378,56.35601,62.6099,56.64804,57.00877,57.24509,57.87055,59.48109,62.0967,60.63827,65.0,64.53681,68.15424,68.88396,71.06335,73.24616,73.34848
10.04988,10.04988,10.04988,9.21954,9.21954,8.24621,8.06226,8.06226,7.28011,7.28011,7.28011,6.08276,6.08276,6.08276,5.09902,5.09902,4.12311,4.12311,3.16228,3.0,3.0,3.0,3.0,2.0,2.0,2.0,2.23607,1.41421,1.41421,1.41421,1.41421,2.23607,2.23607,2.23607,2.23607,2.23607,2.23607,2.23607,2.23607,2.23607,3.16228,3.16228,3.16228,3.16228,3.16228,3.16228,3.60555,3.60555,2.82843,3.60555,3.60555,3.60555,73.10951,69.02898,70.34913,65.03076,63.3877,62.00806,60.00833,60.00833,58.00862,54.0,51.0098,50.0,47.01064,44.04543,41.01219,40.0125,37.05401,34.05877,32.0,31.257,31.257,26.30589,24.08319,19.41649,21.37756,17.72005,21.93171,17.88854,15.81139,15.6205,12.80625,14.86607,12.80625,13.0384,14.76482,14.31782,15.23155,14.56022,18.68154,15.81139,18.11077,16.12452,19.23538,20.09975,22.2036,22.36068,22.02272,21.37756,21.2132,25.0,22.80351,23.76973,22.84732,24.16609,21.0238,21.09502,22.80351,42.05948,47.42362,46.64762,51.0392,52.00961,50.20956,55.31727,56.85068,59.81639,58.82176,61.40033,63.13478,67.60178,69.46222,70.2282,72.42237,73.37575,72.27724,75.70997,73.1642,79.40403,81.30191,79.15807,81.09871,79.00633,81.00617,78.02564,78.23043,75.42546,78.63841,75.80237,75.95393,73.68175,73.34848,74.1485,69.05071,66.48308,65.37584,65.37584,61.03278,63.1981,62.00806,62.00806,61.0082,59.13544,62.00806,58.21512,58.85576,61.52235,62.80127,65.30697,67.18631,66.94027,68.65858,71.80529,76.29548,72.99315
12.0,11.0,11.0,10.04988,10.0,10.0,9.0,9.0,8.0,8.0,8.0,7.0,7.0,6.0,6.0,6.08276,5.09902,5.09902,5.09902,4.12311,4.12311,4.12311,4.12311,3.60555,3.60555,3.60555,2.82843,2.82843,2.82843,2.82843,3.60555,3.60555,3.16228,3.16228,3.60555,3.16228,4.12311,4.12311,4.12311,4.12311,4.12311,4.12311,4.12311,4.47214,4.12311,4.47214,4.47214,4.47214,4.47214,5.0,5.0,4.24264,73.43705,71.84706,72.24957,65.37584,67.47592,62.80127,62.64982,61.0,58.85576,54.74486,55.10898,48.25971,48.6621,46.69047,41.4367,42.42641,40.31129,34.1321,33.24154,36.0,32.01562,28.0,25.0,25.01999,22.2036,24.08319,20.22375,18.43909,14.56022,16.76305,15.23155,17.20465,16.40122,14.21267,16.27882,16.40122,17.0,17.46425,16.76305,19.92486,21.18962,19.92486,18.97367,21.18962,22.80351,21.37756,22.13594,23.08679,23.76973,22.47221,23.08679,25.29822,25.4951,23.32381,23.85372,23.34524,24.20744,41.40048,47.42362,50.44799,54.67175,49.92995,48.01042,51.42956,57.38467,51.26402,57.87055,62.8172,62.0967,72.33948,68.35934,68.593,74.10803,73.02739,72.06247,75.05998,79.9062,76.79193,77.12976,77.36924,78.84795,76.53757,78.84795,74.0,77.25283,72.8011,77.83315,71.69379,75.76939,73.40981,70.68239,69.31811,63.56099,65.55151,65.19202,60.53924,61.35145,62.03225,59.90826,59.66574,60.41523,59.84146,63.3877,62.39391,61.40033,60.07495,63.00794,63.00794,65.03076,68.0,69.0,72.02777,73.02739,74.0
12.16553,11.18034,11.18034,10.19804,10.19804,9.21954,9.21954,8.24621,8.24621,8.24621,7.28011,7.28011,6.32456,6.32456,5.09902,5.09902,5.09902,5.09902,4.12311,4.12311,3.0,3.0,3.0,3.0,2.0,2.23607,2.23607,1.41421,1.41421,2.23607,2.23607,2.23607,2.23607,2.23607,3.16228,3.16228,3.16228,3.16228,3.16228,3.16228,3.16228,3.16228,3.16228,3.16228,3.16228,3.16228,3.60555,3.60555,3.60555,3.60555,3.60555,3.60555,68.24954,66.94027,63.78871,64.03124,65.73431,60.44005,58.24088,55.65968,53.16014,49.64877,49.64877,44.94441,43.01163,44.27189,37.0,38.8973,38.60052,33.73426,29.61419,27.16616,30.59412,24.18677,25.17936,20.02498,19.41649,18.02776,16.0,17.02939,16.0,15.81139,13.41641,14.42221,12.80625,12.04159,15.6205,12.80625,13.60147,14.76482,15.81139,17.46425,16.55295,16.55295,21.0238,15.52417,16.76305,20.61553,19.64688,23.76973,21.47091,21.0238,21.09502,21.09502,22.02272,20.80865,23.34524,21.26029,20.80865,42.63801,44.55334,43.41659,49.92995,51.42956,48.76474,52.55473,53.75872,56.32051,58.46366,58.24946,60.53098,62.28965,66.06815,64.00781,69.02898,71.02816,70.45566,71.84706,73.97973,72.36712,78.8543,77.49194,74.33034,78.18568,76.55064,80.41144,76.55717,72.44998,70.68239,73.79024,71.58911,72.00694,67.23095,66.64833,65.76473,65.74192,62.24147,63.50591,60.92618,60.53924,60.40695,57.56735,57.00877,56.32051,56.04463,57.48913,58.30952,59.68249,65.62012,59.3043,67.26812,66.18912,66.18912,70.25667,70.34913,70.34913
10.81665,10.0,10.0,9.21954,9.21954,9.21954,9.21954,7.81025,7.81025,7.07107,7.07107,6.40312,5.65685,5.65685,5.65685,5.0,5.0,4.47214,3.60555,3.60555,3.60555,3.60555,3.16228,2.23607,2.23607,2.23607,2.0,2.0,2.0,2.23607,1.41421,2.23607,2.23607,2.23607,2.23607,2.82843,2.82843,2.82843,2.82843,2.82843,2.82843,2.82843,2.82843,2.82843,2.82843,3.60555,3.60555,3.60555,3.60555,3.16228,3.16228,3.0,70.68239,74.24958,67.08204,64.84597,66.64083,60.82763,60.37384,60.53924,52.3259,52.47857,52.3259,48.8774,49.64877,47.16991,40.81666,38.01316,38.27532,34.88553,32.69557,32.69557,29.41088,25.29822,26.57066,20.88061,19.92486,20.09975,19.23538,18.11077,18.02776,14.31782,16.15549,13.89244,11.18034,14.31782,12.52996,14.86607,15.6205,16.27882,13.60147,19.72308,18.60108,19.41649,20.80865,22.2036,20.12461,20.24846,20.24846,22.82542,22.2036,25.23886,20.80865,26.24881,25.4951,25.0,22.80351,23.32381,24.18677,43.41659,44.29447,45.61798,49.98,51.24451,50.9902,54.33231,55.44367,59.3043,58.03447,61.13101,62.20129,65.49046,69.46222,69.42622,69.37579,71.16881,72.11103,72.8011,75.23962,77.87811,81.84131,77.41447,78.39005,78.49204,81.5414,82.0975,79.05694,76.05919,74.8131,75.28612,74.02702,71.70077,69.42622,70.29225,73.24616,67.20119,66.06815,61.84658,65.60488,59.36329,58.83026,57.80138,61.26989,60.37384,55.03635,60.16644,61.35145,63.90618,66.09841,63.90618,66.48308,68.30813,70.88018,72.73239,75.61085,74.63243
12.20656,12.04159,10.63015,11.40175,9.89949,10.63015,9.21954,9.21954,8.48528,7.81025,7.81025,7.81025,7.2111,6.40312,5.83095,5.83095,5.83095,4.47214,4.47214,4.47214,4.47214,4.12311,3.16228,3.16228,4.0,3.0,3.16228,3.16228,3.16228,3.16228,3.60555,3.60555,3.60555,3.60555,3.60555,3.60555,4.24264,3.60555,4.24264,4.24264,5.0,5.0,5.0,5.0,5.0,4.47214,5.38516,4.47214,4.47214,5.38516,5.09902,5.09902,72.13876,74.24958,68.593,67.17887,68.593,60.1415,60.959,58.13777,57.31492,50.32892,52.40229,48.79549,46.66905,49.51767,41.10961,37.53665,38.8973,37.48333,33.97058,31.14482,30.41381,27.65863,25.05993,26.62705,21.09502,20.61553,19.72308,18.78829,15.81139,16.12452,16.12452,17.0,15.29706,17.11724,17.72005,13.45362,17.0,15.81139,18.02776,19.72308,22.2036,20.61553,23.32381,22.47221,22.2036,24.41311,25.0,24.41311,19.72308,23.25941,26.07681,26.40076,24.16609,24.35159,20.88061,25.4951,25.07987,44.59821,43.73786,50.24938,48.0,52.03845,51.47815,53.46027,54.81788,58.69412,62.96825,62.16912,62.17717,64.41273,66.7308,65.19202,71.40028,74.06079,73.87828,75.82216,73.5527,77.07788,77.7946,79.39773,79.02531,79.6304,81.02469,79.88116,77.52419,77.17513,73.57309,74.70609,71.58911,70.83078,70.71068,72.94518,67.60178,66.7308,61.91123,62.76942,59.36329,61.58734,61.22091,59.20304,61.07373,56.0803,54.56189,58.0517,59.5483,62.00806,62.482,66.06815,66.61081,67.80118,72.00694,72.34639,71.06335,73.00685
10.81665,10.81665,10.81665,10.0,10.0,8.60233,8.60233,7.81025,7.81025,7.2111,7.2111,6.40312,6.40312,5.83095,5.0,5.0,4.47214,3.60555,4.47214,3.60555,3.60555,3.16228,3.16228,2.23607,2.23607,2.0,2.0,2.0,2.23607,1.41421,1.41421,2.23607,2.23607,1.41421,2.82843,2.82843,2.82843,2.82843,2.82843,2.82843,2.82843,2.82843,2.82843,2.82843,2.82843,2.82843,3.60555,3.60555,3.60555,3.16228,3.16228,3.16228,70.3278,70.45566,69.63476,66.85058,66.4003,66.0303,61.03278,57.62812,53.00943,52.20153,50.60632,50.60632,46.40043,44.20407,41.23106,38.60052,37.01351,34.82815,32.20248,33.01515,30.88689,27.78489,25.55386,23.76973,18.86796,19.72308,16.15549,19.69772,17.46425,13.0384,15.29706,13.15295,14.31782,11.7047,16.64332,15.65248,17.46425,16.27882,18.60108,18.35756,18.38478,20.61553,18.38478,20.51828,18.38478,24.69818,22.2036,20.51828,22.80351,25.0,22.47221,22.82542,23.32381,21.47091,24.73863,21.37756,22.2036,41.10961,46.61545,45.65085,49.64877,52.81098,52.88667,55.31727,55.57877,59.4138,61.13101,63.0,62.07254,66.37017,67.74216,66.4906,70.40597,74.2159,71.47027,75.27284,77.83315,76.15773,79.62412,81.12336,80.99383,78.54935,78.23043,76.02631,76.6094,77.80103,78.40918,76.05919,75.28612,75.16648,70.0928,70.0928,68.68042,65.94695,63.89053,64.38167,61.85467,62.00806,62.42596,59.90826,61.05735,59.16925,62.24147,59.94164,59.5063,58.30952,64.2573,64.07808,66.7308,70.38466,71.7844,72.91776,72.09022,72.89719
11.40175,10.81665,10.81665,9.43398,9.43398,8.60233,8.60233,8.06226,8.60233,7.2111,7.2111,7.2111,6.40312,6.40312,5.0,5.65685,5.0,4.24264,4.24264,3.60555,3.60555,3.60555,3.60555,3.16228,3.16228,3.16228,3.0,3.0,3.0,3.16228,3.16228,3.16228,3.16228,3.16228,3.16228,4.47214,4.47214,4.47214,4.47214,4.47214,4.47214,4.47214,4.47214,4.47214,4.47214,4.47214,5.09902,5.09902,4.12311,4.0,5.0,4.0,74.4043,71.28113,72.8011,66.28725,65.51336,65.36819,59.40539,56.60389,53.85165,51.88449,54.20332,47.01064,44.77723,43.909,40.31129,39.66106,40.22437,33.83785,33.83785,29.68164,30.80584,26.40076,23.43075,24.20744,21.93171,21.26029,18.60108,16.64332,17.46425,14.31782,14.56022,19.23538,18.24829,14.03567,15.52417,16.12452,15.52417,15.29706,20.39608,19.64688,20.88061,21.0238,22.13594,23.70654,23.08679,20.12461,21.84033,22.80351,23.76973,20.88061,23.76973,26.1725,25.07987,24.18677,28.01785,23.0,22.56103,39.84972,42.95346,45.09989,51.0392,51.47815,50.9902,53.93515,55.08176,57.58472,58.69412,59.9333,64.40497,64.41273,69.64194,69.63476,69.02898,71.8401,73.0,73.5527,75.82216,76.41989,76.6942,77.20104,79.05694,77.93587,78.81624,76.15773,77.02597,76.94154,75.591,73.79024,75.58439,72.49828,71.11259,69.46222,68.15424,66.18912,65.29931,62.64982,62.26556,60.41523,56.0803,60.21628,58.83026,58.41233,59.03389,61.07373,60.82763,64.3506,63.65532,65.76473,68.593,72.12489,69.31089,71.44928,76.38063,72.18033
11.18034,10.19804,10.19804,9.21954,9.21954,9.21954,8.24621,8.24621,7.28011,7.28011,7.28011,6.32456,6.32456,5.09902,5.09902,5.09902,5.09902,4.12311,4.0,3.0,3.0,3.0,3.0,2.0,2.0,2.23607,2.23607,1.41421,2.23607,2.23607,2.23607,2.23607,2.23607,2.23607,2.23607,3.16228,3.16228,3.16228,3.16228,3.16228,3.16228,3.16228,3.16228,3.16228,3.16228,3.16228,3.16228,3.60555,3.60555,3.60555,2.82843,3.60555,73.82412,68.11755,71.25307,70.34913,68.02941,65.00769,61.0082,58.00862,53.00943,56.0,50.01,50.0,46.01087,43.01163,39.31921,42.0119,37.01351,37.05401,35.0,31.14482,29.15476,27.45906,21.84033,20.39608,21.2132,18.43909,15.65248,15.81139,15.65248,15.0,12.04159,17.80449,14.14214,16.64332,16.15549,15.52417,17.26268,18.11077,16.49242,18.43909,19.0263,22.02272,18.43909,21.2132,20.09975,21.58703,20.88061,22.80351,23.19483,21.2132,24.69818,25.29822,21.0238,23.25941,23.85372,24.20744,25.0,43.01163,46.8188,45.18849,52.15362,51.22499,52.49762,54.45181,55.15433,56.72742,58.00862,62.43397,63.13478,65.30697,66.64083,69.46222,68.94926,75.89466,70.88018,77.62087,73.5459,72.99315,78.26238,77.23341,81.15417,78.00641,81.0,78.23043,79.15807,74.24284,78.40918,75.23962,76.32169,71.34424,68.35934,70.5762,67.36468,65.37584,63.50591,63.63961,61.20457,60.07495,60.00833,63.07139,59.00847,60.13319,63.78871,60.67125,64.7611,61.84658,63.15061,66.28725,69.42622,68.88396,69.63476,73.82412,76.15773,74.72617
12.0,12.0,11.04536,11.04536,10.04988,11.04536,10.04988,9.0,9.05539,8.06226,8.06226,8.0,7.0,7.0,7.0,6.0,6.0,5.0,5.09902,5.09902,4.12311,4.12311,4.12311,3.16228,3.60555,3.60555,4.24264,4.24264,3.60555,3.60555,3.60555,3.60555,3.60555,3.60555,4.47214,4.47214,4.47214,4.47214,4.47214,4.47214,4.47214,5.38516,4.47214,4.47214,5.38516,4.47214,5.0,5.0,5.0,5.0,5.0,5.0,71.06335,65.37584,67.1193,65.49046,62.20129,60.53098,58.42089,57.07013,55.44367,51.35173,50.63596,47.67599,44.28318,43.73786,40.4475,38.47077,35.35534,35.35534,31.40064,31.14482,29.15476,24.0,24.02082,20.02498,22.02272,19.0263,20.61553,18.78829,15.23155,15.65248,15.0,17.80449,14.21267,14.21267,14.31782,18.02776,17.88854,17.08801,17.46425,19.23538,20.59126,18.68154,19.69772,22.13594,20.61553,21.18962,23.76973,23.4094,22.82542,25.55386,22.82542,23.85372,26.07681,21.9545,23.60085,26.1725,23.60085,42.48529,45.79301,46.40043,49.51767,50.20956,50.32892,50.21952,52.47857,55.4617,55.9017,58.30952,62.62587,62.29767,65.51336,66.70832,64.93843,69.87131,69.18092,74.24284,70.0,72.00694,75.02666,75.42546,75.80237,74.52516,76.41989,73.00685,74.46476,70.60453,71.80529,68.68042,70.21396,68.96376,68.00735,65.78754,63.24555,62.36185,63.32456,57.97413,60.41523,59.20304,57.07013,62.16912,56.4358,56.4358,55.03635,56.00893,60.00833,59.03389,64.03124,60.07495,64.38167,68.46897,67.26812,65.19202,69.26038,72.0
9.84886,9.84886,9.48683,9.48683,8.24621,8.24621,8.24621,7.28011,7.28011,6.32456,6.32456,6.32456,5.38516,5.38516,4.47214,4.47214,4.12311,4.12311,3.16228,3.16228,2.23607,2.82843,2.82843,2.23607,2.23607,2.23607,2.23607,2.0,2.0,2.0,2.0,2.23607,2.23607,3.16228,3.16228,3.16228,3.16228,3.16228,3.16228,3.16228,3.16228,3.16228,3.16228,3.16228,3.16228,3.16228,4.0,3.0,3.0,3.0,3.16228,3.16228,74.46476,66.12866,68.15424,65.19202,66.7308,65.14599,57.97413,58.24088,56.04463,53.36666,49.72927,49.64877,44.64303,41.76123,41.97618,38.32754,35.8469,33.52611,32.57299,31.38471,26.92582,26.40076,25.07987,21.9545,18.38478,20.24846,16.27882,15.6205,15.0,11.6619,14.42221,14.14214,16.49242,13.34166,17.46425,16.0,16.0,15.13275,19.10497,18.24829,18.11077,19.0263,21.09502,21.2132,21.58703,21.2132,19.10497,23.19483,24.0,23.08679,23.08679,26.0,23.19483,22.2036,23.34524,21.93171,24.16609,40.04997,40.1995,46.87217,50.0,53.48832,54.12947,53.33854,54.91812,60.0,57.62812,61.7171,62.24147,68.593,69.52697,68.41053,68.24222,74.63243,75.16648,73.57309,75.13322,74.32362,81.43709,77.16217,78.77182,78.44743,79.40403,75.9276,78.8543,72.18033,77.46612,73.97973,74.8131,69.58448,74.67262,71.70077,68.73136,65.76473,65.11528,59.68249,63.34824,62.58594,57.28001,61.40033,61.09828,59.23681,57.38467,60.00833,61.26989,61.29437,62.6099,66.37017,69.11584,71.58911,66.18912,71.69379,74.30343,72.44998
10.81665,10.0,10.0,9.21954,9.21954,9.21954,7.81025,7.81025,7.07107,7.07107,7.07107,6.40312,5.65685,5.0,5.0,5.0,4.47214,3.60555,3.60555,3.60555,3.16228,3.16228,3.16228,2.23607,3.0,2.0,2.23607,2.23607,2.23607,2.82843,2.82843,2.82843,2.82843,2.82843,2.82843,2.82843,2.82843,2.82843,3.60555,3.60555,4.24264,4.24264,3.60555,3.60555,3.60555,3.60555,3.60555,4.47214,4.12311,3.16228,4.12311,3.0,70.66116,70.23532,64.84597,66.24198,67.23095,60.41523,64.89992,54.08327,55.60576,51.62364,50.21952,48.01042,48.25971,45.80393,40.22437,38.58756,38.41875,34.88553,28.84441,32.75668,26.92582,27.29469,21.93171,20.61553,21.47091,22.84732,18.11077,16.49242,15.0,15.13275,15.13275,17.08801,16.12452,16.55295,18.86796,15.0,18.86796,20.61553,18.60108,19.84943,21.40093,21.40093,24.83948,22.67157,21.40093,21.40093,23.43075,26.87006,23.02173,24.69818,22.80351,23.85372,23.76973,24.18677,27.51363,22.80351,22.36068,44.04543,45.96738,50.80354,48.25971,51.0,48.75449,52.81098,53.16014,59.22837,61.0,61.52235,64.07027,64.00781,69.0,66.06815,71.70077,72.99315,75.31268,71.38627,75.28612,77.16217,79.47956,79.84986,77.87811,76.94154,77.02597,78.39005,77.93587,76.00658,72.94518,74.88658,71.84706,70.21396,69.6563,68.60029,68.11755,65.21503,61.40033,62.42596,63.51378,61.85467,63.81222,59.05929,59.48109,58.13777,60.37384,61.7171,61.32699,65.9242,65.19202,66.40783,67.35726,67.77905,69.28925,73.38937,72.23573,74.67262
12.52996,12.52996,12.52996,11.6619,10.81665,10.81665,9.43398,9.43398,9.43398,9.43398,8.60233,8.06226,7.2111,7.2111,6.7082,6.7082,5.83095,5.38516,5.38516,5.38516,4.47214,4.12311,4.12311,4.12311,3.16228,3.0,4.0,3.16228,3.16228,3.16228,3.16228,3.60555,3.60555,3.60555,3.60555,3.60555,3.60555,3.60555,3.60555,3.60555,3.60555,3.60555,4.47214,4.47214,4.47214,4.47214,4.47214,4.47214,4.47214,5.09902,5.09902,5.0,72.01389,77.36924,64.88451,67.1193,64.49806,62.43397,62.68174,59.68249,56.0357,52.00961,55.21775,49.92995,46.87217,44.65423,42.43819,41.6173,40.81666,36.24914,32.24903,31.76476,28.17801,27.73085,26.0,23.08679,20.61553,21.37756,19.10497,18.02776,16.03122,16.12452,15.29706,16.15549,15.52417,16.40122,17.49286,16.64332,15.81139,18.60108,20.0,18.02776,19.84943,19.10497,20.61553,22.67157,21.2132,22.80351,25.4951,22.67157,22.80351,24.08319,23.85372,25.23886,26.0,24.59675,25.63201,25.29822,21.58703,45.45327,46.8615,48.60041,49.92995,50.56679,53.85165,51.92302,55.54278,57.87055,62.39391,64.07027,63.00794,68.02941,67.06713,67.36468,73.5527,72.18033,74.95332,74.2159,76.89603,76.32169,76.89603,77.87811,80.05623,78.54935,77.89737,77.02597,76.55064,76.8505,76.02631,74.06079,76.6094,74.20243,71.21798,72.47068,69.06519,69.06519,61.40033,63.00794,60.20797,62.43397,64.14047,62.26556,61.84658,57.69749,58.60034,59.09315,61.68468,61.68468,65.19202,63.89053,66.76077,65.14599,71.16881,72.53275,71.8401,75.89466
11.31371,10.63015,10.63015,10.0,9.21954,9.21954,8.48528,7.81025,7.81025,7.81025,6.40312,6.40312,6.40312,5.65685,5.0,4.24264,4.24264,4.24264,3.60555,3.60555,3.60555,3.16228,2.23607,3.16228,2.23607,2.0,2.23607,2.23607,2.23607,2.23607,2.82843,2.82843,2.82843,3.60555,3.60555,3.60555,3.60555,3.60555,3.60555,3.60555,3.60555,3.60555,3.60555,4.24264,3.60555,4.47214,4.47214,4.47214,4.12311,4.12311,4.0,4.0,71.02816,66.0303,67.80118,64.66065,63.03174,60.959,57.48913,55.22681,53.03772,48.79549,46.69047,48.27007,45.25483,43.13931,39.62323,39.62323,35.38361,34.20526,29.83287,29.73214,26.90725,24.08319,23.85372,20.24846,19.41649,18.97367,17.72005,18.68154,13.0,12.0,13.0384,16.0,17.02939,11.7047,15.13275,14.56022,17.0,16.55295,18.43909,18.35756,19.72308,19.41649,19.20937,21.9545,22.82542,20.59126,23.85372,23.76973,21.47091,21.47091,22.84732,24.16609,24.69818,24.04163,22.56103,27.16616,23.02173,41.7732,41.6173,44.72136,48.75449,46.8188,51.92302,51.66237,53.60037,55.3263,56.0803,59.0,63.12686,61.29437,63.95311,65.30697,67.91171,68.00735,68.15424,71.51224,71.17584,72.00694,75.66373,74.09453,74.63243,75.21303,74.06079,73.10951,72.47068,71.58911,73.66139,70.00714,73.5527,70.03571,66.46804,68.593,64.3506,65.06919,60.10824,60.82763,61.6198,55.9017,57.48913,56.22277,58.60034,58.00862,56.85948,58.18075,63.06346,56.93856,62.17717,63.50591,64.40497,64.88451,67.08204,70.3278,70.83078,71.19691
11.40175,11.40175,11.40175,10.19804,10.19804,9.21954,8.24621,8.24621,8.24621,8.24621,7.28011,7.28011,6.32456,6.32456,5.38516,5.38516,4.47214,4.47214,4.47214,3.60555,3.60555,3.60555,2.82843,3.60555,3.60555,3.60555,3.16228,3.16228,3.0,4.0,3.0,4.0,4.0,4.0,4.12311,4.0,4.0,4.0,4.0,4.0,5.0,5.09902,5.0,5.0,5.0,5.0,5.0,5.09902,5.09902,5.09902,4.47214,4.47214,72.42237,74.33034,68.94926,64.56005,64.56005,61.84658,57.97413,62.16912,56.29387,51.92302,47.85394,47.29693,46.09772,42.95346,40.02499,39.29377,40.16217,36.40055,32.57299,30.80584,27.85678,26.57066,25.4951,21.09502,20.59126,21.09502,19.20937,19.84943,19.84943,15.65248,19.31321,17.0,18.02776,18.02776,16.0,19.23538,18.43909,20.02498,21.09502,22.09072,22.2036,21.0,21.09502,20.02498,21.37756,24.02082,26.01922,26.1725,25.01999,23.08679,26.0,28.28427,24.18677,23.76973,25.70992,25.29822,25.55386,40.04997,46.52956,45.88028,49.64877,54.12947,52.35456,52.83938,54.08327,55.21775,56.22277,59.39697,61.52235,66.52819,69.81404,68.24222,69.11584,73.43024,70.23532,70.71068,74.32362,74.84651,80.65358,75.89466,78.1025,76.65507,77.12976,77.46612,76.79193,72.99315,77.92946,71.44928,74.67262,73.33485,70.25667,69.18092,69.87131,65.37584,62.20129,64.49806,63.63961,62.16912,62.16912,59.90826,61.13101,55.7853,57.27128,59.23681,60.00833,62.16912,66.21178,63.95311,66.21178,67.97794,67.97794,72.01389,73.40981,74.32362
11.04536,11.0,11.0,11.0,10.0,10.0,9.0,8.0,8.0,8.0,8.0,7.0,7.0,6.0,6.0,6.0,5.0,5.0,5.09902,4.0,4.0,4.12311,3.16228,3.16228,3.16228,3.16228,2.82843,2.82843,2.82843,2.82843,2.82843,2.23607,2.23607,3.16228,3.16228,3.16228,3.16228,3.16228,3.16228,3.16228,3.16228,3.16228,3.16228,3.16228,3.60555,3.60555,3.60555,3.60555,3.60555,4.24264,4.24264,3.60555,72.0,68.0,68.0,65.00769,59.03389,60.20797,62.1289,58.03447,52.08647,50.15974,52.34501,46.17359,45.01111,42.19005,39.11521,37.05401,37.01351,35.01428,31.14482,28.0,29.27456,25.01999,24.08319,23.34524,23.5372,20.88061,17.72005,17.46425,16.15549,15.0,14.21267,13.45362,16.64332,15.0,17.49286,17.20465,18.35756,18.86796,18.38478,18.02776,18.43909,18.68154,18.02776,21.0238,20.88061,22.47221,24.73863,23.08679,22.36068,21.93171,22.82542,24.69818,24.69818,22.02272,24.41311,23.34524,25.23886,40.80441,46.09772,38.83298,49.39636,49.20366,54.67175,55.9017,51.66237,63.70243,61.85467,63.81222,66.24198,59.5399,61.84658,67.06713,64.53681,70.83784,67.18631,77.66595,72.83543,72.44308,76.10519,74.02702,77.00649,75.10659,76.00658,77.10383,77.23341,73.43705,73.43705,70.45566,70.71068,72.18033,68.73136,69.2315,64.93843,61.29437,60.53098,60.40695,63.12686,62.1289,58.03447,61.0082,61.0082,61.0,57.55867,58.30952,57.87055,63.78871,60.67125,65.30697,68.24954,65.9242,64.13267,69.2315,73.43705,72.44308
11.18034,10.77033,10.77033,9.84886,10.29563,8.94427,8.94427,8.94427,8.06226,8.06226,7.61577,6.7082,6.7082,5.83095,5.38516,5.38516,5.38516,4.12311,4.12311,4.12311,4.12311,4.0,4.0,3.0,3.0,3.16228,3.16228,3.16228,3.60555,3.60555,3.60555,3.60555,3.60555,4.24264,3.60555,3.60555,4.24264,4.24264,3.60555,5.0,5.0,5.0,5.0,5.0,5.0,4.47214,4.47214,4.47214,4.47214,5.09902,4.12311,4.12311,72.44998,66.7308,68.96376,64.14047,65.45991,60.74537,57.98276,59.40539,55.80323,53.2635,50.80354,46.04346,43.56604,42.0119,40.22437,38.58756,39.66106,33.28663,34.4093,30.52868,29.15476,21.9545,25.07987,25.4951,24.35159,21.93171,16.49242,17.02939,16.03122,18.68154,18.24829,16.49242,17.72005,16.27882,16.12452,18.38478,17.49286,18.02776,20.80865,20.80865,22.02272,21.93171,20.59126,22.47221,21.09502,23.60085,24.41311,22.82542,25.94224,22.36068,25.05993,23.4094,26.24881,22.13594,26.1725,25.07987,26.1725,39.82462,44.82187,46.01087,47.42362,48.41487,51.31277,53.7122,51.89412,55.9464,53.45091,58.69412,62.0967,62.8172,65.49046,67.1193,67.00746,72.02777,70.17834,72.44308,71.84706,75.13322,75.9276,73.97973,76.53757,73.05477,75.02666,72.09022,77.38863,69.35416,72.94518,66.7308,72.20111,71.58911,65.0,67.74216,66.03787,60.53924,62.43397,58.83026,61.29437,60.90156,56.93856,58.59181,59.09315,57.00877,58.30952,59.80803,62.36185,60.44005,60.44005,60.44005,65.0,69.26038,68.00735,68.30813,72.44998,71.30919
12.52996,12.08305,12.08305,11.7047,10.77033,9.84886,9.84886,9.84886,8.544,8.94427,8.544,7.61577,7.61577,6.7082,6.7082,6.7082,5.83095,5.83095,5.0,5.0,5.0,4.24264,4.24264,4.24264,4.24264,3.60555,3.60555,3.16228,4.12311,4.12311,4.12311,4.12311,4.12311,4.0,4.12311,4.12311,4.12311,4.0,4.0,5.09902,5.0,5.09902,5.09902,5.09902,5.09902,5.09902,5.09902,5.09902,5.38516,4.47214,5.83095,5.0,71.86793,74.94665,69.64194,63.52952,65.0,62.17717,58.18075,58.13777,55.00909,50.9902,47.01064,46.06517,44.72136,42.48529,38.01316,38.47077,36.23534,35.22783,31.06445,30.52868,29.20616,27.45906,26.40076,22.80351,22.02272,19.10497,16.64332,20.59126,19.41649,13.0,15.52417,18.97367,16.12452,17.02939,15.0,18.0,15.29706,21.09502,20.22375,19.41649,18.43909,21.0238,21.09502,21.2132,21.84033,22.09072,22.2036,23.08679,23.08679,22.36068,28.01785,24.02082,24.02082,24.33105,24.5153,23.76973,22.13594,42.72002,44.55334,48.25971,51.0098,51.47815,53.15073,50.44799,55.08176,55.71355,54.78138,59.5063,61.7171,63.95311,66.37017,68.50547,64.66065,72.24957,70.03571,72.24957,73.59348,72.34639,76.05919,74.63243,78.23682,76.32169,74.62573,73.92564,76.53757,72.89719,73.34848,70.26379,74.68601,67.62396,68.70953,69.46222,67.62396,65.39113,62.24147,59.5063,60.37384,61.77378,56.4358,58.83026,61.03278,57.98276,57.2014,58.41233,59.46427,61.7171,62.28965,63.70243,65.06919,70.76722,70.29225,72.12489,71.8401,70.00714
10.81665,10.81665,10.0,10.0,9.21954,9.21954,8.60233,8.60233,7.81025,7.81025,7.2111,7.2111,6.40312,5.83095,5.83095,5.83095,5.38516,4.47214,4.47214,4.47214,4.12311,4.12311,3.16228,3.0,3.0,4.0,3.16228,3.16228,3.16228,3.16228,3.60555,3.60555,3.60555,3.60555,3.60555,3.60555,3.60555,3.60555,4.47214,5.0,4.47214,4.47214,4.47214,4.47214,4.47214,4.47214,4.47214,4.47214,4.12311,5.09902,5.09902,4.0,70.83784,65.76473,71.42129,66.48308,63.12686,62.2254,58.0517,58.13777,54.56189,54.67175,50.44799,48.79549,46.01087,43.41659,38.41875,36.79674,37.20215,33.42155,31.82766,31.82766,28.28427,25.4951,25.0,23.02173,20.24846,20.24846,18.78829,18.68154,18.97367,15.13275,17.0,18.24829,14.14214,19.10497,19.41649,16.55295,15.81139,20.24846,19.69772,21.54066,22.47221,22.47221,21.9545,22.36068,22.47221,20.61553,22.80351,23.4094,20.88061,25.29822,24.73863,24.73863,27.65863,26.07681,26.01922,25.31798,23.5372,38.83298,44.29447,44.72136,49.33559,46.32494,50.63596,53.23533,54.08327,55.00909,53.08484,59.84146,61.61169,63.06346,65.52099,68.62215,66.30988,71.17584,69.31811,71.69379,68.60029,71.02112,75.80237,73.87828,75.0733,76.38063,73.5527,75.69016,77.83315,72.24957,75.82216,68.24954,74.20243,69.81404,66.21933,68.24954,66.4003,62.62587,62.00806,59.66574,59.66574,57.62812,59.4138,60.82763,57.28001,59.4138,54.81788,54.40588,60.46487,60.46487,63.24555,62.42596,65.45991,70.80254,67.6757,72.20111,72.42237,70.60453
12.04159,12.04159,12.04159,11.18034,11.18034,10.04988,9.21954,9.05539,9.05539,8.06226,8.06226,8.06226,7.07107,7.07107,6.08276,6.0,5.0,5.0,5.0,5.0,4.0,4.0,4.12311,3.16228,3.16228,3.16228,3.60555,2.82843,2.82843,2.82843,2.82843,3.60555,3.60555,3.60555,3.60555,3.60555,3.60555,3.16228,3.60555,3.16228,3.60555,3.60555,4.47214,4.47214,4.47214,3.60555,4.24264,4.24264,4.24264,4.24264,4.24264,3.60555,72.69113,73.68175,68.73136,68.06614,70.21396,61.61169,63.15061,60.63827,58.94065,54.34151,53.15073,49.0408,46.17359,46.57252,38.07887,43.17407,40.02499,36.34556,33.24154,29.61419,29.15476,27.07397,25.01999,24.02082,22.02272,19.23538,18.43909,20.88061,20.88061,19.69772,17.20465,18.43909,17.80449,16.27882,17.20465,18.60108,18.86796,18.86796,20.80865,21.18962,21.0238,20.12461,22.36068,20.24846,25.23886,22.36068,22.36068,26.0,22.47221,26.62705,24.16609,27.45906,24.75884,25.4951,23.60085,25.0,24.41311,47.41308,45.80393,48.9183,50.20956,54.67175,50.80354,51.62364,55.9017,57.27128,60.92618,64.51356,66.21933,66.21933,68.88396,70.03571,71.34424,72.24957,76.05919,73.06162,79.00633,78.05767,79.51101,79.40403,77.10383,77.66595,77.46612,75.96052,77.62087,78.44743,74.72617,78.1089,72.73239,71.16881,70.83784,68.94926,69.57011,69.57011,63.56886,64.56005,64.28841,61.13101,63.34824,59.03389,63.95311,61.66036,58.00862,61.07373,64.07027,65.00769,69.00725,65.03076,70.00714,72.02777,71.00704,72.02777,76.00658,75.10659
11.04536,11.04536,11.04536,11.04536,10.04988,10.04988,9.05539,9.05539,8.06226,8.06226,8.06226,7.07107,7.07107,6.08276,6.08276,6.08276,5.09902,5.09902,5.38516,4.47214,4.12311,4.47214,4.47214,3.60555,3.60555,3.60555,4.24264,3.60555,3.60555,3.60555,3.60555,4.47214,3.60555,4.47214,4.47214,4.47214,4.47214,4.12311,4.47214,4.47214,4.47214,4.47214,4.47214,4.47214,4.47214,4.47214,5.0,5.0,5.0,5.0,4.24264,5.0,72.69113,67.74216,69.72087,64.19502,63.3877,64.03124,58.07753,59.03389,52.00961,53.03772,50.0,47.04253,46.17359,42.0119,42.0,38.0526,37.05401,32.14032,33.01515,32.06244,27.45906,26.30589,24.04163,25.70992,20.61553,19.23538,18.38478,17.02939,16.64332,17.80449,15.6205,16.64332,18.60108,15.81139,19.72308,19.23538,16.55295,22.47221,19.23538,18.38478,21.37756,23.76973,21.37756,19.92486,22.36068,22.80351,22.56103,25.70992,24.73863,23.4094,23.76973,25.4951,24.59675,27.45906,23.32381,25.6125,26.24881,40.79216,44.92215,49.0408,49.1935,52.43091,50.21952,52.49762,54.45181,55.86591,54.67175,61.03278,63.82006,64.89992,66.37017,65.74192,66.30988,70.26379,71.47027,72.42237,71.16881,73.75636,76.48529,73.68175,74.54529,77.23341,77.41447,76.0,74.06079,72.00694,77.00649,70.02857,73.02739,70.11419,67.18631,67.06713,63.12686,65.03076,63.03174,58.00862,59.03389,60.00833,57.21888,58.54912,58.54912,60.53098,56.7186,59.03389,58.69412,59.43904,62.8172,65.96969,66.7308,67.72001,66.76077,71.56815,73.00685,72.03471
10.44031,10.44031,9.48683,9.21954,9.21954,8.24621,8.06226,8.24621,7.28011,6.32456,6.08276,6.32456,6.08276,5.09902,5.09902,4.12311,4.12311,4.12311,3.16228,3.16228,3.16228,2.82843,2.82843,2.82843,2.23607,2.23607,2.23607,2.0,2.0,3.0,2.0,2.0,3.0,3.0,3.0,3.0,3.16228,3.16228,3.16228,3.0,3.0,3.0,4.0,3.0,3.0,3.0,4.0,4.0,4.12311,3.16228,3.16228,3.60555,72.8011,65.45991,66.7308,65.80274,61.68468,61.40033,58.94065,57.28001,50.96077,50.69517,49.72927,50.44799,46.32494,41.7732,37.64306,40.26164,37.0,31.95309,28.79236,29.41088,28.23119,25.0,23.25941,20.0,20.80865,19.41649,18.60108,17.80449,15.6205,17.49286,15.81139,17.0,15.13275,16.49242,16.27882,16.12452,16.03122,15.0,20.0,20.02498,20.09975,20.0,21.0238,21.0238,24.0,21.09502,23.08679,23.02173,23.19483,23.02173,23.08679,22.56103,23.19483,25.0,24.69818,25.07987,24.18677,42.04759,44.04543,42.57934,46.32494,49.64877,50.9902,50.08992,54.70832,54.3783,57.00877,58.25805,62.36986,62.96825,67.20863,70.03571,65.60488,69.40461,69.33974,72.94518,74.94665,73.3553,76.05919,75.76939,74.67262,76.55064,78.44743,78.16009,77.62087,73.75636,73.75636,70.21396,71.80529,70.21396,68.44706,70.03571,66.28725,64.32729,63.34824,61.18823,62.0967,61.84658,59.13544,60.08328,60.40695,59.46427,57.77543,59.5063,61.26989,64.00781,63.13478,63.52952,67.53518,69.77105,70.71068,73.43024,74.30343,76.48529
11.7047,10.77033,10.77033,10.77033,9.84886,9.84886,8.94427,8.544,7.61577,7.61577,7.61577,7.61577,6.7082,6.7082,5.38516,5.38516,5.38516,4.12311,4.12311,4.12311,3.16228,3.0,3.0,3.0,2.0,2.23607,2.23607,2.23607,2.82843,2.82843,2.82843,2.82843,2.82843,2.82843,2.82843,3.60555,3.60555,3.60555,3.60555,3.60555,3.60555,3.60555,3.60555,3.60555,3.60555,4.24264,4.24264,3.60555,3.60555,3.60555,3.60555,4.12311,68.41053,66.76077,66.21933,66.76077,65.14599,62.29767,57.87055,59.61543,54.23099,52.55473,52.20153,45.69464,43.01163,42.37924,41.62932,36.40055,35.44009,33.83785,28.79236,29.61419,29.41088,28.28427,23.5372,22.36068,20.02498,17.11724,19.10497,19.10497,18.24829,16.15549,15.23155,15.26434,16.64332,15.81139,16.97056,15.6205,19.20937,18.38478,19.84943,18.43909,18.86796,21.26029,21.63331,20.61553,20.24846,21.40093,22.67157,24.83948,23.43075,22.80351,24.75884,24.75884,23.60085,24.41311,23.32381,22.36068,23.76973,41.14608,41.04875,46.09772,49.51767,47.01064,47.70744,50.77401,55.47071,54.58938,57.93962,63.89053,60.16644,62.0967,65.11528,67.60178,69.26038,70.25667,72.0,73.00685,73.17103,72.33948,74.43118,77.27872,75.70997,76.15773,78.84795,77.20104,77.49194,70.83784,72.44998,70.93659,71.86793,70.38466,68.70953,69.64194,65.19202,66.12866,65.45991,63.90618,63.56886,61.03278,61.40033,60.44005,60.41523,59.90826,60.41523,60.40695,60.67125,62.39391,65.06919,66.1211,70.34913,68.26419,68.26419,71.25307,75.42546,75.66373
11.40175,10.81665,10.81665,10.29563,9.43398,9.43398,8.60233,8.06226,8.06226,7.2111,7.2111,7.2111,6.7082,5.83095,5.83095,5.83095,5.0,5.0,4.24264,3.60555,3.60555,2.82843,2.82843,2.82843,2.82843,2.23607,2.23607,2.23607,2.0,2.0,2.0,3.0,3.0,3.0,3.0,3.16228,3.16228,3.16228,3.16228,3.16228,3.0,3.0,3.16228,3.0,3.0,4.0,4.0,4.0,4.0,3.16228,4.12311,3.60555,71.8401,70.0,69.02898,70.60453,66.21933,58.5235,62.1289,58.24946,53.25411,54.3783,48.8774,48.02083,47.16991,44.10215,39.96248,38.01316,36.61967,31.40064,32.44996,30.4795,27.58623,26.90725,24.04163,22.62742,20.51828,20.0,20.24846,18.86796,19.92486,14.31782,15.13275,15.13275,17.02939,15.0,17.72005,19.10497,17.11724,13.60147,22.2036,20.24846,22.56103,20.61553,19.92486,21.54066,19.31321,22.47221,20.88061,23.08679,21.84033,24.04163,22.80351,22.36068,25.4951,26.1725,25.01999,23.34524,24.73863,42.05948,43.93177,45.39824,48.01042,50.03998,52.23983,52.17279,56.04463,58.82176,58.30952,60.53924,62.64982,63.50591,68.09552,66.28725,68.26419,73.23933,73.24616,70.83784,72.13876,74.33034,75.16648,77.33693,76.83749,77.42093,77.20104,75.71658,74.62573,73.24616,72.56032,71.19691,72.00694,71.11962,69.35416,70.21396,67.1193,67.1193,65.0,62.43397,62.1289,61.05735,60.0,60.44005,62.62587,60.30755,59.5483,60.30755,61.52235,63.65532,67.88225,65.94695,67.47592,68.11755,70.03571,74.33034,72.86288,74.24958
11.40175,11.40175,10.44031,10.19804,10.19804,9.21954,9.21954,8.24621,7.28011,7.28011,7.28011,7.28011,6.32456,6.32456,5.09902,5.38516,4.47214,4.47214,4.47214,4.47214,3.60555,3.60555,3.60555,2.82843,2.82843,3.16228,3.16228,3.16228,3.16228,3.16228,3.16228,4.12311,4.0,4.0,4.0,4.0,4.0,4.0,4.0,4.0,4.0,4.12311,5.09902,5.09902,5.09902,5.09902,5.09902,5.38516,4.47214,4.47214,4.47214,3.60555,73.53911,68.00735,68.30813,63.56886,66.7308,62.64184,63.24555,56.51548,55.7853,52.20153,48.27007,46.57252,43.68066,42.72002,41.4367,39.21734,38.27532,35.73514,32.57299,31.01612,24.69818,27.313,26.83282,24.18677,20.80865,19.20937,18.60108,14.86607,15.55635,15.81139,17.08801,19.69772,16.15549,17.46425,15.29706,21.2132,18.11077,19.0263,20.09975,23.02173,21.09502,18.11077,22.2036,23.0,22.0,21.0,24.02082,23.02173,25.17936,27.29469,24.08319,23.5372,26.68333,23.4094,26.0,25.55386,26.62705,40.11234,44.0,45.54119,47.29693,52.63079,49.0408,51.42956,53.22593,56.0803,59.07622,58.41233,60.60528,62.36986,67.20863,67.89698,66.06815,69.2026,68.60029,69.33974,72.56032,73.82412,76.48529,76.55717,70.77429,76.2168,75.27284,75.27284,75.0,73.97973,72.27724,69.63476,68.24954,67.08204,68.88396,67.89698,69.42622,61.18823,61.18823,62.8172,63.06346,58.24088,59.13544,59.46427,61.46544,59.23681,57.93962,64.4748,59.94164,65.76473,64.40497,63.06346,65.51336,68.47627,68.0,69.77105,75.17978,73.79024
12.16553,11.18034,11.18034,10.44031,10.19804,9.21954,9.21954,8.24621,8.24621,8.24621,7.28011,7.07107,7.07107,6.08276,6.08276,6.08276,5.0,5.0,5.0,4.0,4.0,4.12311,4.12311,3.16228,3.16228,3.16228,3.60555,3.60555,3.60555,4.24264,4.24264,4.24264,4.24264,4.24264,4.24264,4.24264,4.24264,4.24264,4.24264,4.24264,4.24264,5.0,5.0,4.24264,4.24264,5.0,5.0,5.0,5.0,5.0,4.47214,4.47214,76.65507,68.88396,67.26812,66.70832,65.9242,60.63827,59.43904,60.16644,55.54278,52.88667,49.0408,44.91102,46.57252,43.41659,40.26164,39.29377,37.48333,33.37664,33.73426,30.06659,27.16616,27.65863,23.08679,23.0,22.02272,19.41649,18.24829,17.72005,16.49242,17.0,17.88854,17.20465,16.40122,15.6205,23.02173,19.10497,18.60108,19.41649,17.49286,18.60108,21.40093,22.2036,21.63331,23.02173,20.80865,27.29469,23.85372,25.4951,24.20744,23.02173,26.24881,27.65863,25.45584,24.75884,24.83948,25.94224,23.25941,42.48529,42.72002,45.60702,50.24938,50.24938,50.32892,51.31277,53.25411,55.00909,58.66856,63.69458,59.46427,65.78754,64.28841,65.51336,66.61081,69.58448,70.25667,69.06519,72.0,72.02777,74.16873,74.33034,73.68175,77.27872,75.95393,72.78049,74.52516,73.37575,72.8011,74.04053,71.16881,68.30813,67.6757,68.94926,66.12866,65.52099,64.56005,60.44005,61.84658,60.63827,61.13101,60.01666,61.40033,57.42822,60.20797,60.03332,58.00862,63.00794,63.07139,63.00794,67.00746,68.00735,69.0,74.0,73.02739,78.23043
11.04536,11.04536,10.04988,10.04988,9.0,9.0,9.0,8.0,7.0,7.0,7.0,7.0,6.0,6.0,5.0,5.0,5.0,4.0,4.12311,3.16228,3.16228,3.16228,3.16228,2.23607,2.23607,2.23607,2.82843,2.23607,2.23607,2.23607,2.23607,2.23607,3.16228,3.16228,3.16228,3.16228,3.0,3.0,3.16228,3.16228,3.16228,4.12311,4.12311,3.16228,3.16228,3.16228,3.60555,3.60555,3.60555,3.60555,4.24264,3.60555,73.75636,69.2315,69.05071,67.89698,66.75328,62.20129,60.29925,61.20457,55.08176,52.34501,51.35173,50.15974,44.28318,41.01219,42.42641,40.1995,38.32754,34.36568,27.29469,28.86174,28.16026,27.20294,25.0,21.0238,20.24846,16.15549,21.0238,18.43909,16.27882,14.86607,16.40122,16.64332,14.56022,15.23155,14.31782,18.02776,17.46425,21.09502,21.2132,19.41649,18.43909,19.41649,18.43909,22.2036,21.2132,24.18677,24.33105,24.18677,23.76973,23.08679,25.63201,23.25941,23.70654,24.59675,22.47221,21.09502,23.34524,40.11234,42.42641,46.84015,48.70318,51.89412,54.3783,54.20332,54.81788,53.07542,58.0,60.20797,62.80127,66.06815,66.61081,65.8635,69.97142,68.60029,71.58911,73.82412,70.5195,74.94665,74.04053,76.15773,78.1025,78.26238,76.29548,76.94154,75.66373,75.66373,75.53807,72.1734,71.25307,69.02898,70.02857,68.02941,68.06614,66.37017,65.37584,63.63961,66.61081,63.50591,62.96825,61.98387,60.63827,60.63827,61.61169,61.98387,61.03278,62.29767,65.45991,65.19202,68.15424,66.30988,68.35203,71.51224,74.67262,74.46476
12.16553,11.18034,10.19804,10.19804,10.19804,9.21954,9.21954,9.21954,8.24621,8.06226,8.06226,7.07107,7.07107,6.08276,6.08276,6.0,5.0,5.0,5.0,4.12311,4.12311,4.12311,4.12311,3.16228,3.60555,3.60555,3.60555,3.60555,4.24264,3.60555,3.60555,3.60555,3.60555,3.60555,3.60555,4.24264,4.47214,3.60555,4.47214,4.47214,4.47214,5.0,5.0,5.0,5.0,4.24264,5.0,5.0,5.0,5.0,5.0,4.47214,75.96052,75.96052,68.15424,67.72001,70.5195,59.77458,63.24555,60.53924,57.93962,53.14132,54.78138,49.76947,48.70318,46.61545,44.59821,41.23106,37.69615,33.24154,31.62278,35.44009,29.83287,29.61419,25.01999,24.33105,19.0263,23.0,21.2132,20.09975,14.14214,18.02776,21.0238,19.72308,18.02776,20.61553,20.51828,19.84943,19.10497,21.93171,23.43075,21.40093,22.02272,21.93171,22.02272,21.40093,26.40076,25.0,25.0,25.80698,23.34524,24.75884,26.24881,24.83948,26.87006,26.62705,26.41969,24.16609,25.07987,43.26662,53.41348,50.9902,40.80441,54.48853,50.11986,55.71355,58.83026,53.85165,60.08328,63.60031,62.58594,68.30813,69.35416,71.11259,72.00694,64.62971,79.05694,71.0,72.99315,74.33034,73.82412,83.43261,79.24645,76.53757,76.92204,77.7946,75.28612,78.43469,75.02666,75.02666,67.06713,71.58911,74.24958,71.30919,68.70953,70.38466,66.48308,63.15853,68.00735,62.62587,65.52099,59.48109,64.53681,58.46366,57.07013,62.80127,63.50591,68.35934,69.87131,67.36468,69.26038,70.71068,73.24616,76.1643,73.82412,81.3941
12.04159,12.04159,11.04536,11.0,11.0,10.0,9.0,9.0,9.0,8.0,8.0,8.0,7.0,7.0,6.0,6.0,5.09902,5.0,5.0,5.0,4.0,4.12311,4.12311,3.16228,3.16228,3.60555,3.60555,3.60555,2.82843,3.60555,2.82843,3.60555,2.82843,3.60555,3.60555,3.60555,3.60555,3.60555,3.60555,3.60555,3.60555,4.47214,3.60555,3.60555,3.60555,4.24264,4.24264,4.24264,4.24264,4.24264,4.47214,4.47214,73.34848,72.18033,68.24954,66.48308,66.61081,62.64982,63.03174,56.14268,55.08176,52.15362,50.01,47.04253,47.0,45.01111,38.11824,38.0526,37.12142,35.22783,33.01515,30.06659,30.80584,27.29469,26.24881,22.13594,20.24846,21.54066,18.78829,19.79899,18.02776,18.43909,17.02939,17.20465,16.40122,17.46425,18.02776,22.36068,18.02776,16.55295,20.24846,21.18962,20.88061,21.0238,17.08801,20.88061,21.37756,20.24846,24.73863,23.08679,23.76973,22.47221,24.16609,27.78489,23.32381,25.6125,24.08319,24.41311,23.34524,43.04649,47.04253,46.87217,48.76474,47.43416,51.42956,49.73932,56.85948,56.30275,57.2014,59.66574,64.38167,63.03174,67.26812,66.8431,68.50547,71.56116,72.20111,73.43024,73.92564,75.23962,76.32169,74.84651,74.94665,76.92204,74.04053,76.65507,77.27872,72.83543,73.34848,72.69113,72.56032,70.17834,72.11103,70.25667,67.26812,64.62971,63.78871,63.63961,64.32729,63.78871,59.84146,61.61169,60.44005,60.44005,57.97413,62.62587,62.62587,64.51356,63.56099,63.56099,66.70832,68.35203,69.28925,74.46476,77.49194,76.844
12.64911,12.64911,11.7047,11.40175,11.40175,10.19804,9.48683,9.21954,9.21954,8.24621,8.24621,8.24621,7.28011,7.28011,6.32456,6.32456,6.32456,5.38516,4.47214,4.47214,4.47214,4.24264,3.60555,4.24264,4.24264,4.24264,3.60555,3.60555,4.47214,3.60555,4.47214,4.12311,4.12311,4.12311,4.12311,4.12311,4.12311,4.12311,4.12311,4.12311,5.09902,5.09902,5.09902,5.38516,4.47214,5.38516,5.38516,5.38516,5.0,5.0,5.0,5.0,76.15773,71.86793,66.85058,68.94926,68.62215,61.13101,64.56005,56.32051,54.57105,51.41984,51.92302,50.44799,47.85394,45.35416,44.91102,40.16217,35.17101,36.40055,30.67572,33.10589,30.46309,28.63564,24.69818,21.9545,22.47221,20.24846,20.61553,19.79899,19.10497,17.02939,20.59126,18.86796,17.72005,18.97367,17.72005,18.11077,20.88061,19.23538,21.0,19.0263,20.22375,21.2132,22.2036,22.0,24.02082,22.02272,22.2036,27.16616,22.09072,23.5372,23.08679,26.92582,26.92582,24.69818,24.59675,23.85372,22.67157,44.28318,45.01111,46.17359,47.07441,49.72927,49.98,50.56679,54.626,55.00909,58.83026,62.20129,62.482,62.36986,62.2254,62.482,66.8431,66.06815,73.40981,70.17834,69.64194,72.20111,75.66373,73.40981,74.32362,74.46476,74.33034,76.55064,71.47027,75.28612,71.30919,72.8011,68.41053,69.2315,69.857,69.857,66.21933,67.46851,65.0,57.97413,61.39218,57.24509,61.68468,59.23681,61.46544,59.09315,59.5399,60.82763,61.91123,65.36819,66.37017,67.60178,66.88797,67.1193,72.71864,73.43024,71.11962,73.3553
11.7047,11.7047,11.7047,11.18034,10.77033,9.84886,9.84886,8.94427,8.94427,8.544,7.61577,7.61577,6.7082,6.32456,6.32456,6.32456,5.38516,5.38516,5.09902,4.12311,4.12311,4.12311,4.0,4.0,4.0,3.0,3.16228,3.16228,3.16228,3.60555,3.16228,3.60555,3.60555,3.60555,3.60555,3.60555,3.60555,3.60555,3.60555,3.60555,4.24264,4.24264,3.60555,3.60555,3.60555,4.47214,4.47214,4.47214,4.47214,4.47214,4.12311,4.12311,70.77429,73.92564,71.69379,68.942,67.62396,61.29437,63.50591,58.18075,57.80138,54.20332,51.62364,51.10773,46.06517,44.77723,42.94182,37.12142,40.8534,34.9285,34.0147,31.01612,28.79236,28.16026,24.73863,23.5372,22.0,21.37756,21.09502,19.0,18.0,16.49242,15.29706,16.55295,16.55295,18.86796,16.64332,18.02776,19.41649,21.40093,19.84943,21.26029,20.51828,22.67157,21.26029,20.51828,21.93171,23.34524,21.93171,26.87006,24.83948,26.90725,25.80698,27.20294,24.18677,24.59675,25.94224,20.61553,23.08679,41.86884,42.44997,46.61545,50.47772,50.08992,49.65884,53.16014,52.88667,56.51548,57.07013,63.3877,62.20129,66.06815,66.0,67.02984,69.26038,67.60178,70.85901,68.44706,74.2159,74.04053,77.83315,74.67262,75.02666,73.92564,76.96753,74.68601,73.79024,76.94154,71.69379,71.19691,69.97142,68.7968,67.74216,66.85058,64.66065,64.49806,64.41273,63.52952,63.52952,59.03389,62.76942,62.76942,62.96825,60.92618,59.90826,61.84658,62.8172,65.14599,64.7611,66.4906,67.91171,72.03471,69.63476,73.5459,73.00685,76.65507
10.81665,10.81665,10.29563,9.43398,9.43398,9.43398,8.60233,8.06226,8.06226,7.2111,7.2111,7.2111,6.40312,5.83095,5.0,5.0,5.0,4.24264,4.24264,4.24264,3.60555,3.60555,3.60555,3.16228,3.16228,3.16228,3.0,3.0,3.0,4.12311,3.16228,4.12311,4.12311,4.12311,4.12311,4.12311,4.12311,4.12311,4.12311,4.12311,5.09902,4.12311,5.09902,5.09902,4.12311,5.09902,5.09902,5.09902,5.0,5.0,5.0,4.12311,71.40028,70.72482,67.1193,67.1193,65.0,59.68249,61.77378,59.5399,56.4358,52.35456,48.37355,46.06517,45.27693,39.82462,39.11521,38.94868,38.07887,34.66987,32.20248,30.4795,28.01785,26.24881,26.90725,20.51828,21.93171,20.61553,21.09502,18.02776,20.12461,17.08801,16.49242,20.09975,17.02939,19.23538,20.09975,16.0,21.0238,21.58703,22.02272,20.24846,20.02498,19.23538,22.02272,23.34524,21.2132,23.5372,24.33105,22.13594,22.09072,23.19483,26.30589,28.01785,26.0,23.19483,23.34524,22.80351,25.29822,43.01163,43.93177,45.27693,51.15662,48.04165,48.37355,50.63596,52.95281,55.08176,56.0803,59.61543,63.95311,62.26556,63.81222,66.57327,66.0303,68.41053,68.0147,70.0928,72.86288,72.91776,74.51845,71.8401,75.80237,75.16648,75.47185,75.47185,73.92564,72.94518,73.3553,70.71068,70.23532,70.68239,65.74192,68.44706,66.18912,62.6099,59.94164,59.48109,64.00781,62.1289,62.1289,58.83026,60.44005,59.03389,62.62587,60.959,62.36986,62.96825,61.6198,67.88225,67.17887,70.76722,68.593,71.58911,74.33034,73.0
11.7047,11.7047,10.77033,10.77033,9.84886,9.84886,8.544,8.544,8.544,7.61577,7.61577,7.61577,6.32456,6.32456,5.38516,5.38516,5.09902,5.09902,5.09902,4.0,4.0,4.0,4.0,4.0,4.12311,4.12311,3.60555,3.16228,3.60555,3.60555,3.60555,3.60555,3.60555,4.24264,3.60555,4.24264,5.0,4.24264,4.47214,5.0,5.0,5.0,5.0,5.0,5.0,4.47214,4.47214,5.38516,4.47214,5.09902,5.09902,4.12311,74.94665,66.85058,67.97794,66.30988,65.74192,64.40497,58.59181,60.90156,53.33854,53.23533,51.0,46.09772,47.01064,43.26662,40.70626,40.31129,37.73592,35.35534,32.20248,29.54657,30.36445,25.29822,27.20294,24.35159,22.80351,20.09975,20.39608,20.02498,19.0263,18.24829,18.97367,17.88854,16.76305,18.35756,21.40093,21.47091,17.69181,17.69181,20.61553,20.80865,19.84943,19.20937,21.09502,21.9545,23.34524,21.63331,25.4951,22.67157,25.23886,24.20744,25.55386,21.93171,27.29469,25.07987,24.04163,26.4764,24.18677,41.59327,44.94441,46.8615,49.49747,51.08816,49.92995,52.69725,54.58938,56.36488,53.7122,60.08328,61.84658,62.36986,64.49806,67.26812,63.28507,71.11259,68.0,71.06335,69.26038,71.44928,78.26238,73.75636,74.2159,75.96052,76.2168,75.39231,78.18568,71.30919,74.46476,69.35416,73.34848,68.42514,67.1193,68.42514,67.1193,64.4748,65.29931,61.26989,60.92618,61.84658,58.87274,61.09828,59.20304,62.62587,56.08921,58.46366,59.22837,61.81424,62.36986,64.7611,69.2315,73.75636,64.32729,72.03471,75.69016,73.00685
12.04159,12.04159,12.04159,10.63015,10.63015,9.89949,9.89949,8.48528,8.48528,8.48528,8.48528,7.81025,7.07107,6.40312,6.40312,6.40312,5.0,5.0,5.0,5.0,4.47214,4.47214,4.47214,4.12311,4.12311,3.16228,3.0,4.0,3.0,4.0,4.0,4.0,4.12311,4.12311,4.12311,4.12311,4.12311,4.12311,4.12311,4.12311,4.12311,4.12311,4.12311,4.12311,4.12311,4.12311,5.09902,5.0,5.0,5.0,5.09902,4.12311,76.02631,73.40981,71.06335,67.35726,66.6033,62.36986,62.96825,58.0,53.07542,54.45181,50.24938,49.51767,50.24938,42.44997,41.72529,41.23106,39.82462,36.87818,31.40064,31.40064,29.20616,27.01851,27.45906,26.07681,22.47221,21.18962,20.12461,19.92486,19.64688,19.0263,18.43909,20.02498,20.61553,20.09975,17.26268,16.76305,19.41649,20.88061,20.12461,24.04163,18.97367,21.84033,21.93171,21.84033,23.76973,22.84732,22.80351,25.07987,24.04163,23.76973,26.30589,27.16616,25.07987,24.08319,26.07681,27.16616,27.89265,41.10961,48.41487,44.40721,49.24429,51.47815,52.20153,51.92302,55.54278,54.12947,59.3043,58.07753,62.00806,65.00769,68.46897,68.593,66.28725,68.44706,69.857,73.08215,71.51224,70.93659,76.48529,72.44998,72.47068,73.4983,76.32169,76.6094,76.27582,72.00694,74.8131,69.81404,71.8401,70.29225,68.76772,67.26812,66.70832,61.84658,61.84658,62.62587,61.03278,62.96825,56.61272,60.80296,59.68249,58.30952,64.14047,64.00781,59.03389,64.88451,65.36819,62.6099,67.62396,66.24198,70.71068,69.77105,73.24616,76.15773
10.77033,9.84886,9.84886,8.94427,8.94427,7.61577,7.61577,7.61577,7.61577,6.7082,6.7082,5.38516,5.38516,5.38516,4.47214,4.12311,4.12311,4.12311,4.0,3.0,3.0,3.0,3.16228,3.16228,3.16228,2.23607,2.82843,2.82843,2.82843,2.82843,2.82843,2.82843,3.60555,3.60555,3.60555,3.60555,3.60555,3.60555,3.60555,3.60555,3.60555,3.60555,4.24264,3.60555,4.24264,4.24264,4.24264,4.24264,3.60555,3.60555,3.60555,3.16228,72.23573,70.21396,71.58911,69.35416,64.88451,62.17717,57.69749,58.18075,54.70832,54.12947,51.42956,46.52956,46.52956,41.18252,38.58756,40.24922,34.48188,34.9285,31.7805,30.08322,28.79236,25.07987,26.68333,25.31798,19.23538,19.41649,20.02498,21.0,16.03122,17.08801,17.72005,16.55295,19.41649,19.72308,15.6205,18.02776,19.10497,19.10497,19.79899,21.93171,20.51828,21.26029,22.62742,21.2132,22.67157,24.04163,21.93171,21.93171,24.75884,21.93171,26.40076,26.40076,23.32381,24.16609,25.07987,22.13594,22.56103,38.94868,41.04875,46.61545,40.49691,53.53504,51.07837,53.36666,52.55473,50.59644,54.45181,62.80127,58.13777,60.20797,67.02984,71.06335,67.18631,66.28725,71.34424,74.2159,74.95332,75.0,73.05477,74.63243,75.23962,74.32362,75.76939,74.24284,73.43024,72.20111,71.58911,68.50547,73.24616,72.71864,67.41662,70.49113,63.28507,62.26556,64.00781,61.29437,59.05929,59.05929,63.56099,60.00833,59.80803,60.08328,62.03225,60.08328,61.68468,63.89053,63.56099,65.0,66.48308,70.0928,68.88396,75.28612,73.76313,76.65507
11.6619,11.6619,10.29563,10.29563,9.84886,8.94427,8.94427,8.06226,8.06226,8.06226,7.61577,7.2111,6.7082,5.83095,5.83095,5.83095,5.0,5.0,4.24264,4.24264,4.24264,3.60555,3.60555,3.60555,3.16228,3.16228,3.16228,3.0,4.0,3.0,4.0,4.0,4.0,4.0,4.0,4.0,4.0,4.0,4.0,4.0,5.0,5.0,5.0,5.0,5.0,5.0,5.0,4.12311,5.09902,4.12311,4.47214,4.47214,73.92564,70.83784,74.09453,65.45991,66.40783,66.09841,59.48109,59.20304,56.32051,53.85165,48.50773,47.53946,45.12206,41.48494,42.44997,36.87818,39.29377,36.68787,31.62278,31.01612,30.08322,26.40076,26.92582,24.59675,22.47221,20.80865,19.20937,19.84943,19.10497,17.46425,17.02939,15.65248,18.68154,16.12452,18.43909,18.43909,20.88061,16.27882,22.0,21.0238,22.02272,20.09975,21.09502,22.09072,21.2132,23.0,25.07987,25.70992,25.29822,25.31798,22.80351,26.68333,27.20294,26.24881,25.55386,23.85372,26.40076,40.26164,46.17359,44.04543,49.25444,47.07441,52.49762,53.14132,52.39275,53.23533,56.0803,58.5235,61.03278,63.41136,62.96825,67.17887,65.19202,74.41102,69.6563,71.21798,72.40166,70.45566,76.8505,73.82412,70.68239,75.23962,76.6942,74.09453,75.27284,71.16881,75.58439,69.64194,74.46476,69.37579,66.76077,68.88396,65.25335,64.84597,62.29767,61.03278,62.93648,59.80803,62.03225,62.39391,59.09315,60.37384,60.83584,60.90156,61.77378,62.76942,64.89992,64.00781,66.37017,69.83552,70.83078,72.94518,73.82412,76.48529
11.6619,11.6619,10.29563,11.18034,10.29563,10.29563,8.94427,8.94427,8.06226,8.06226,8.06226,7.2111,6.7082,6.7082,5.83095,5.0,5.0,5.0,4.24264,4.24264,4.24264,3.60555,3.60555,3.60555,3.60555,3.16228,4.12311,3.16228,4.0,4.0,4.0,4.0,4.0,4.0,4.0,4.0,5.0,4.0,4.0,5.0,4.0,5.0,5.0,5.0,5.0,5.0,5.0,5.09902,5.09902,5.09902,4.47214,4.47214,70.5762,74.43118,72.24957,68.18358,66.00758,61.07373,63.07139,58.07753,57.03508,51.15662,49.16299,46.0,48.01042,44.04543,39.05125,40.0,37.01351,33.01515,31.01612,30.01666,28.16026,26.30589,24.18677,24.33105,22.2036,23.76973,19.69772,19.41649,19.23538,17.20465,18.38478,19.20937,19.10497,17.49286,19.69772,19.84943,17.80449,20.12461,19.41649,21.93171,21.18962,21.0238,23.25941,22.82542,23.25941,25.4951,24.69818,22.36068,25.6125,25.23886,25.0,24.69818,23.43075,24.08319,25.80698,24.41311,24.18677,42.57934,43.04649,44.28318,48.05206,49.33559,51.47815,50.9902,52.7731,54.08327,55.80323,59.03389,64.38167,61.52235,60.959,66.06815,66.4003,68.50547,68.50547,70.83078,70.26379,69.46222,76.2168,73.73602,73.37575,74.2159,73.4983,75.31268,74.52516,71.84706,73.82412,70.71068,71.34424,69.18092,69.11584,69.06519,65.19202,63.1981,62.28965,61.13101,64.49806,62.514,59.84146,61.98387,61.18823,58.24946,59.22837,60.72891,63.60031,67.6757,67.72001,66.40783,67.77905,70.88018,67.72001,75.0,77.62087,73.34848
12.80625,12.04159,12.04159,11.31371,11.31371,10.63015,9.89949,9.89949,9.89949,8.48528,8.48528,8.48528,7.81025,7.07107,7.07107,6.40312,6.40312,5.0,5.83095,5.0,5.0,4.47214,4.47214,4.47214,4.12311,4.12311,4.12311,4.0,4.0,4.0,4.0,4.12311,4.12311,4.12311,4.12311,4.12311,4.12311,4.12311,4.12311,4.12311,5.09902,5.09902,5.09902,5.09902,5.09902,5.0,5.0,5.0,5.0,5.09902,5.09902,5.38516,74.51845,73.24616,69.6563,71.50524,68.68042,65.06919,62.96825,59.39697,57.98276,50.24938,52.3259,48.10405,46.75468,46.75468,40.36087,42.0119,40.31129,36.06938,33.42155,32.64966,28.42534,30.4795,25.0,20.80865,21.0238,21.93171,24.16609,18.68154,21.18962,16.12452,19.0263,18.02776,20.0,16.49242,18.24829,18.24829,18.97367,20.24846,19.31321,19.31321,24.04163,19.92486,24.69818,22.47221,22.80351,26.92582,23.08679,26.92582,23.5372,24.5153,26.30589,23.5372,27.07397,25.17936,28.01785,27.16616,24.5153,42.42641,40.60788,46.87217,47.88528,52.80152,50.28916,48.76474,54.74486,56.7186,58.30952,59.00847,61.0082,64.00781,64.38167,66.61081,68.44706,68.65858,70.88018,70.83784,73.73602,73.38937,75.6439,74.68601,76.94154,72.94518,73.24616,77.42093,74.4043,75.80237,72.00694,73.40981,69.81404,67.35726,67.47592,68.76772,67.35726,68.76772,61.40033,60.44005,63.41136,62.68174,65.45991,58.5235,64.3506,58.83026,62.43397,61.91123,60.37384,64.88451,67.53518,66.30988,72.01389,71.58911,72.89719,76.53757,74.70609,76.32169
11.18034,11.18034,10.19804,10.04988,10.04988,9.05539,9.05539,8.06226,8.06226,8.0,7.07107,7.07107,6.08276,6.08276,5.09902,5.09902,5.09902,4.12311,4.12311,3.16228,3.16228,3.60555,3.16228,2.82843,2.82843,2.82843,2.23607,2.23607,2.23607,3.16228,2.23607,3.16228,3.0,3.0,3.16228,3.0,3.16228,3.0,3.0,3.0,4.0,4.12311,4.12311,4.12311,4.12311,3.16228,4.47214,3.16228,3.60555,3.60555,3.60555,3.60555,72.09022,70.00714,68.942,66.12866,67.6757,61.98387,63.24555,60.16644,56.32051,53.36666,50.96077,49.72927,46.84015,43.01163,42.72002,40.5216,37.64306,35.17101,29.83287,30.36445,28.23119,26.57066,26.40076,24.59675,18.86796,20.59126,18.02776,19.10497,16.27882,17.0,17.80449,15.26434,17.46425,17.08801,16.15549,16.76305,17.02939,21.2132,19.0,23.5372,21.2132,22.2036,22.2036,19.0263,22.02272,24.33105,23.34524,25.31798,21.58703,22.13594,23.76973,23.76973,25.94224,21.93171,24.69818,23.43075,24.41311,40.49691,40.02499,43.28972,46.01087,50.24938,49.81967,51.92302,52.49762,54.42426,57.69749,61.7171,59.5399,61.29437,63.24555,64.2028,70.0928,68.593,69.31089,70.76722,70.93659,72.47068,75.45197,74.88658,74.33034,75.29276,75.66373,74.68601,71.17584,73.92564,71.17584,72.44998,70.5762,67.41662,66.30988,68.62215,64.84597,66.7308,63.69458,62.24147,60.92618,61.84658,60.00833,61.26989,62.17717,60.37384,61.05735,61.85467,64.07027,61.85467,67.6757,70.17834,71.61006,69.89278,69.33974,72.40166,72.56032,76.53757
11.6619,11.6619,10.81665,10.29563,10.29563,8.94427,8.94427,8.06226,8.06226,7.61577,6.7082,6.7082,6.7082,5.38516,5.83095,5.0,4.47214,4.47214,4.24264,3.60555,2.82843,2.82843,2.82843,2.23607,3.16228,2.23607,2.0,3.0,2.0,3.0,3.0,3.0,3.0,3.16228,3.16228,3.16228,3.16228,3.16228,3.16228,3.16228,4.12311,4.12311,4.12311,4.0,4.0,4.0,4.0,4.0,4.12311,4.12311,4.12311,3.60555,72.42237,71.56116,70.49113,65.51336,68.09552,64.00781,60.90156,59.94164,55.03635,53.22593,49.1935,50.53712,47.41308,43.86342,43.86342,41.62932,39.35734,35.8469,33.54102,32.24903,29.15476,27.78489,22.67157,22.80351,21.93171,22.02272,19.20937,18.60108,13.0384,17.08801,16.15549,16.15549,17.26268,19.0,17.02939,20.0,18.02776,17.02939,22.02272,21.2132,19.0263,22.09072,21.37756,22.56103,23.76973,21.37756,23.0,22.2036,20.02498,23.08679,24.02082,25.0,26.4764,25.70992,25.0,23.76973,23.32381,39.82462,43.65776,45.35416,47.85394,49.36598,50.0,50.35871,52.34501,55.57877,57.97413,58.94065,59.48109,59.46427,65.74192,65.29931,67.23095,70.3278,69.06519,71.84706,71.06335,72.62231,75.74299,75.66373,72.13876,76.48529,74.65253,75.0,75.45197,74.06079,76.00658,68.50547,71.56116,70.17834,68.47627,68.60029,66.7308,66.03787,62.96825,62.68174,64.66065,64.63745,61.84658,62.20129,62.80127,61.07373,63.00794,62.28965,66.46804,66.48308,65.11528,65.76473,67.94115,74.27651,72.91776,74.33034,76.48529,77.23341
12.52996,12.52996,11.18034,11.18034,11.18034,9.84886,9.84886,8.94427,8.94427,8.544,7.61577,7.61577,7.61577,6.32456,6.32456,5.83095,5.83095,4.47214,5.0,4.47214,4.47214,3.60555,3.60555,2.82843,3.60555,2.82843,3.16228,3.16228,2.23607,3.16228,3.16228,3.0,3.16228,3.0,3.0,3.0,3.0,3.0,3.0,3.0,4.0,4.0,4.0,4.0,4.0,4.12311,4.12311,4.12311,4.12311,4.47214,4.47214,3.60555,72.34639,77.46612,68.11755,68.50547,68.24222,61.61169,63.81222,56.30275,56.93856,51.62364,49.73932,46.64762,47.50789,45.79301,41.34005,38.83298,37.44329,36.35932,33.01515,31.40064,28.01785,29.06888,23.34524,24.08319,21.93171,22.02272,18.43909,18.60108,20.24846,17.46425,16.49242,16.27882,12.64911,16.03122,17.0,17.02939,19.0,19.0,20.09975,17.26268,24.18677,17.11724,16.15549,21.37756,22.2036,22.36068,20.39608,26.4764,21.0238,25.01999,24.0,24.0,27.29469,25.0,23.5372,23.76973,24.35159,42.72002,42.54409,48.10405,47.85394,52.61179,48.04165,51.0098,54.23099,54.45181,57.07013,60.20797,63.78871,62.0967,65.55151,66.30988,67.53518,67.1193,72.20111,67.6757,72.62231,75.21303,77.23341,75.82216,75.16648,77.07788,74.95332,74.96666,75.0733,74.8131,71.8401,73.40981,68.41053,71.61006,70.21396,71.86793,68.8186,65.60488,62.62587,64.81512,61.7171,62.482,62.2254,57.28001,65.76473,59.39697,58.72819,62.24147,61.55485,67.35726,69.6563,68.00735,72.00694,70.29225,72.00694,78.24321,73.59348,81.34494
10.77033,10.77033,9.84886,10.77033,9.48683,8.544,8.544,7.61577,7.61577,7.61577,7.61577,6.7082,6.32456,5.83095,5.83095,5.83095,5.0,4.47214,4.24264,3.60555,4.24264,3.60555,3.60555,3.60555,3.60555,3.16228,3.16228,3.16228,3.0,4.0,3.0,4.0,4.0,4.0,4.0,4.0,4.0,4.0,4.0,4.12311,4.0,4.0,5.0,4.0,4.0,5.0,5.09902,5.09902,4.12311,4.12311,4.12311,4.47214,75.23962,74.33034,73.1642,68.942,65.14599,62.93648,61.09828,59.48109,56.51548,51.24451,48.70318,49.0408,47.43416,46.84015,42.44997,38.8973,39.29377,33.24154,36.05551,31.7805,31.7805,27.73085,26.07681,27.29469,20.61553,20.61553,19.84943,19.20937,18.43909,16.40122,17.88854,14.76482,14.76482,18.43909,20.09975,18.11077,17.02939,20.09975,19.23538,19.0263,24.08319,20.02498,25.0,19.0263,23.0,22.09072,25.07987,27.01851,28.28427,25.01999,25.4951,24.33105,24.35159,23.08679,25.29822,25.07987,26.41969,39.45884,43.18565,44.04543,47.38143,48.50773,49.64877,52.55473,54.12947,53.7122,56.85948,58.82176,62.482,59.81639,63.78087,63.63961,67.94115,69.35416,68.24954,70.45566,72.11103,70.17834,75.29276,73.79024,76.05919,73.40981,74.32362,71.16881,75.61085,73.05477,73.38937,70.83784,69.12308,69.12308,67.18631,66.21933,65.25335,63.60031,63.60031,61.03278,62.62587,62.29767,60.92618,60.53924,62.24147,60.41523,65.8635,62.76942,65.51336,63.28507,65.0,67.74216,69.64194,71.86793,72.40166,75.47185,71.69379,77.82673
10.77033,10.77033,10.77033,9.84886,9.84886,9.84886,8.94427,8.544,7.61577,7.61577,6.7082,6.7082,6.32456,5.38516,5.38516,5.38516,4.47214,4.47214,4.12311,4.12311,3.16228,3.16228,3.0,3.0,2.0,3.0,2.23607,2.23607,2.23607,2.23607,2.23607,2.82843,2.82843,2.82843,2.82843,2.82843,2.82843,2.82843,2.82843,2.82843,2.82843,2.82843,2.82843,2.82843,3.60555,3.60555,3.60555,3.60555,3.60555,3.16228,3.16228,3.16228,73.37575,70.00714,72.61543,70.38466,67.62396,63.50591,63.56099,55.00909,56.35601,53.7122,49.64877,49.1935,46.52956,46.06517,44.28318,40.70626,40.31129,36.23534,32.20248,30.67572,29.15476,27.51363,24.73863,24.04163,22.80351,20.22375,22.2036,18.02776,18.11077,18.43909,18.24829,17.46425,18.78829,15.26434,17.0,17.0,20.61553,20.80865,20.61553,22.2036,17.80449,20.61553,20.61553,19.84943,21.40093,21.2132,20.61553,22.80351,22.80351,22.67157,23.60085,23.85372,25.4951,24.16609,23.08679,24.73863,23.08679,41.62932,41.04875,45.60702,47.38143,48.27007,51.61395,52.35456,54.56189,54.626,57.00877,60.40695,62.0967,63.32456,61.98387,64.77654,66.27217,68.18358,71.02816,70.0,73.24616,72.44308,75.32596,74.1485,75.70997,74.46476,77.36924,76.92204,73.38937,77.49194,70.93659,73.73602,72.8011,70.93659,70.38466,68.44706,66.70832,66.30988,65.9242,62.76942,63.24555,60.40695,59.48109,60.16644,62.58594,62.0967,63.78871,61.66036,64.93843,64.77654,67.74216,70.03571,72.69113,68.593,76.11833,73.82412,74.52516,76.29548
13.41641,12.52996,12.52996,11.6619,11.6619,10.29563,10.29563,9.43398,9.43398,8.94427,8.06226,8.06226,8.06226,8.06226,6.7082,6.7082,5.83095,5.38516,5.38516,5.38516,5.38516,4.12311,4.12311,4.12311,4.12311,4.0,4.0,4.12311,4.12311,3.16228,3.16228,3.16228,3.16228,3.60555,4.47214,3.60555,4.47214,4.47214,4.47214,4.47214,4.47214,4.47214,4.47214,4.47214,4.47214,4.47214,5.38516,4.12311,4.12311,5.09902,5.0,5.0,76.15773,74.70609,69.83552,68.60029,67.1193,66.28725,58.5235,61.03278,57.14018,57.00877,50.44799,49.81967,48.82622,46.40043,42.0119,40.80441,40.80441,37.44329,34.1321,31.30495,32.75668,26.40076,25.4951,24.69818,23.25941,22.13594,22.80351,19.0263,16.49242,15.0,19.10497,20.09975,16.03122,19.31321,18.38478,17.49286,18.02776,21.9545,21.09502,19.72308,20.59126,18.78829,22.47221,23.70654,22.82542,20.24846,23.70654,21.9545,25.05993,25.4951,25.63201,25.29822,27.65863,24.33105,26.1725,24.02082,24.02082,39.20459,45.96738,44.04543,50.60632,48.76474,51.0,50.32892,53.16014,55.08176,55.31727,61.0,63.1981,63.12686,63.00794,68.02941,63.28507,70.25667,68.73136,72.36712,72.27724,71.47027,74.33034,73.05477,70.68239,76.55717,74.68601,72.89719,76.92204,70.66116,75.66373,70.83078,73.57309,69.33974,68.26419,68.50547,66.37017,64.89992,64.66065,64.14047,61.77378,63.06346,60.37384,63.07139,61.32699,60.41523,59.5063,62.39391,63.89053,65.80274,64.28841,67.6757,69.64194,76.2168,69.57011,77.7946,78.54935,75.76939
10.63015,10.63015,10.63015,10.0,9.21954,8.60233,8.60233,7.81025,7.2111,7.2111,6.40312,6.40312,5.83095,5.0,5.0,5.0,4.24264,4.24264,3.60555,3.60555,3.60555,2.82843,2.23607,2.23607,2.23607,2.23607,2.0,3.0,2.0,3.16228,3.16228,3.16228,3.16228,3.16228,3.16228,3.16228,3.16228,3.16228,3.16228,3.16228,3.16228,3.16228,4.12311,3.16228,4.12311,4.12311,4.0,4.0,4.0,4.12311,4.12311,3.16228,73.75636,73.5527,68.593,65.76473,67.17887,63.12686,58.79626,58.79626,58.25805,52.40229,51.62364,47.42362,48.79549,44.55334,40.45986,41.10961,37.48333,34.05877,31.82766,30.41381,30.4795,28.3196,23.60085,21.9545,21.47091,22.47221,17.49286,19.31321,15.52417,17.72005,17.26268,19.0,18.02776,18.11077,17.26268,20.24846,16.55295,19.64688,21.18962,20.61553,23.4094,19.92486,25.07987,20.88061,21.47091,22.80351,21.18962,23.08679,22.47221,24.04163,24.73863,25.96151,24.33105,23.02173,25.07987,23.34524,20.88061,39.05125,43.41659,46.23851,45.54119,50.01,48.50773,51.62364,52.08647,54.0,55.08176,59.4138,60.01666,61.18823,64.56005,63.90618,64.51356,66.30988,69.31811,66.21178,72.47068,75.29276,74.33034,76.844,74.02702,74.51845,72.34639,75.66373,74.24958,70.00714,73.53911,69.35416,70.72482,70.76722,65.79514,68.88396,65.79514,67.26812,63.70243,62.93648,63.78087,61.6198,58.79626,61.6198,63.89053,58.41233,59.64059,60.21628,65.0,64.3506,67.41662,66.03787,71.86793,71.86793,76.55064,75.45197,77.10383,74.4043
12.16553,11.18034,11.18034,10.19804,10.19804,10.19804,9.21954,9.21954,8.24621,8.24621,7.07107,7.07107,7.07107,6.08276,6.08276,6.08276,6.0,5.0,5.0,4.0,4.0,4.12311,4.12311,4.12311,4.12311,3.60555,3.60555,3.60555,3.60555,3.60555,4.24264,4.24264,3.60555,4.24264,4.24264,4.24264,4.24264,5.0,3.60555,4.24264,4.24264,4.24264,5.0,5.0,4.24264,4.24264,5.0,5.0,5.0,5.0,4.47214,4.47214,74.96666,71.80529,70.40597,69.12308,66.70832,64.56005,61.13101,58.5235,55.02727,55.7853,52.49762,49.47727,47.53946,44.59821,40.16217,43.68066,38.32754,32.28002,36.13862,30.26549,33.24154,30.01666,24.08319,25.17936,23.0,21.0238,20.09975,21.09502,18.24829,18.02776,18.97367,18.78829,15.26434,17.69181,20.51828,18.60108,19.20937,22.67157,19.20937,20.61553,21.63331,24.75884,22.02272,19.72308,23.02173,24.83948,22.2036,25.0,24.04163,23.34524,24.04163,25.45584,27.58623,25.45584,25.80698,22.84732,25.07987,44.28318,42.72002,46.40043,47.50789,47.50789,51.40039,54.08327,53.7122,58.30952,56.85948,58.87274,62.62587,62.64184,65.96969,62.96825,67.26812,68.46897,72.24957,67.02984,72.00694,74.00676,73.24616,76.65507,73.82412,72.36712,74.96666,73.1642,73.24616,73.24616,73.00685,71.8401,69.92138,70.5195,68.62215,67.6757,65.45991,66.76077,63.32456,62.36185,63.06346,59.90826,62.16912,60.82763,62.514,60.53098,58.03447,59.21149,62.1289,64.03124,67.02984,65.00769,71.0,70.00714,70.02857,74.10803,76.05919,78.05767
12.08305,11.18034,11.18034,11.18034,10.29563,10.29563,8.94427,8.94427,8.94427,8.06226,7.61577,7.61577,7.61577,6.32456,6.32456,6.32456,5.38516,5.09902,5.09902,5.09902,4.12311,4.0,4.0,4.12311,4.12311,4.12311,4.12311,3.16228,3.60555,3.60555,3.60555,3.60555,3.60555,4.24264,4.24264,5.0,5.0,4.24264,5.0,5.0,5.0,5.0,5.0,5.0,5.0,5.0,5.0,5.38516,5.38516,4.47214,5.38516,5.09902,76.05919,74.43118,69.97142,69.64194,65.51336,62.96825,65.45991,55.47071,57.2014,51.86521,49.09175,53.00943,45.79301,47.01064,41.88078,40.31129,38.27532,36.89173,35.51056,32.64966,30.46309,27.313,24.59675,23.25941,21.18962,22.56103,19.23538,20.39608,18.11077,19.0,18.43909,19.69772,18.38478,18.02776,21.54066,21.9545,18.78829,19.41649,21.09502,21.47091,23.60085,20.24846,22.02272,21.09502,23.60085,22.67157,24.75884,25.80698,23.02173,23.02173,25.80698,25.94224,24.59675,25.63201,27.313,25.70992,25.07987,41.7732,43.41659,46.52956,48.75449,48.8467,48.76474,50.9902,50.48762,54.23099,56.0803,58.00862,60.13319,61.20457,62.64982,64.93843,69.857,68.41053,70.21396,68.94926,71.17584,67.62396,74.24958,73.43024,74.43118,74.30343,75.17978,75.21303,72.42237,76.02631,72.20111,70.0,70.29225,69.6563,69.02898,67.35726,66.70832,67.47592,61.61169,62.42596,59.64059,57.68882,60.90156,59.5399,60.90156,59.03389,62.24147,59.9333,64.2573,64.4748,69.07966,66.40783,69.89278,68.70953,69.28925,71.86793,77.47258,75.96052
12.16553,11.18034,11.04536,11.04536,10.04988,9.05539,10.04988,8.06226,8.06226,8.06226,8.06226,7.07107,7.07107,6.0,6.08276,6.08276,5.09902,5.09902,4.12311,4.47214,4.47214,3.60555,3.60555,3.60555,3.60555,3.60555,3.60555,3.60555,3.60555,3.60555,3.60555,4.47214,4.47214,4.12311,4.12311,4.12311,4.12311,4.12311,4.12311,4.12311,4.47214,4.12311,4.47214,4.47214,4.47214,4.47214,4.47214,5.0,5.0,4.24264,4.24264,4.24264,73.82412,71.84706,69.72087,66.27217,64.38167,62.07254,61.13101,58.03447,55.00909,54.03702,50.03998,48.04165,44.0,43.01163,39.11521,41.10961,38.11824,35.01428,32.14032,29.27456,28.01785,27.45906,25.70992,24.5153,22.56103,19.31321,22.13594,18.35756,17.0,16.40122,16.97056,15.6205,17.02939,17.02939,16.55295,21.47091,22.82542,19.69772,21.9545,21.18962,21.54066,19.92486,23.25941,21.93171,23.4094,22.80351,26.0,23.25941,23.25941,23.70654,26.92582,27.45906,24.41311,21.93171,27.01851,24.20744,23.02173,39.01282,41.4367,45.54119,46.48656,48.75449,48.76474,53.33854,53.25411,54.67175,58.0517,58.0,61.22091,61.84658,63.00794,63.81222,65.51336,68.09552,69.35416,68.02941,69.07966,69.89278,73.68175,75.18643,74.46476,73.1642,73.68175,73.5527,70.45566,72.44308,73.33485,72.33948,71.11259,71.06335,69.06519,68.11755,65.00769,64.07027,64.07027,61.13101,61.29437,61.40033,61.66036,60.20797,62.80127,60.01666,65.80274,65.73431,61.13101,67.41662,64.84597,65.14599,70.21396,73.08215,72.12489,75.28612,71.30919,75.0
11.18034,10.29563,10.29563,9.84886,9.84886,8.94427,8.94427,7.61577,7.61577,7.61577,7.61577,6.7082,6.7082,5.83095,5.83095,5.83095,5.0,5.0,4.24264,4.24264,4.24264,2.82843,3.60555,3.60555,3.60555,3.16228,3.16228,3.16228,3.0,4.0,4.0,4.0,4.0,4.0,4.0,4.0,4.0,4.0,4.0,4.0,4.0,4.0,5.0,4.0,5.0,5.09902,5.09902,4.12311,4.12311,4.47214,4.47214,4.47214,76.32169,75.17978,68.42514,68.88396,67.54258,61.32699,60.16644,56.85948,55.03635,56.921,47.75982,49.0408,44.77723,45.54119,41.62932,38.91015,42.15448,33.61547,30.8707,32.20248,27.78489,28.6007,27.45906,23.60085,24.20744,23.34524,23.32381,20.0,20.51828,20.24846,17.0,15.65248,18.43909,18.78829,19.41649,17.08801,19.10497,20.02498,21.37756,22.02272,21.09502,21.0,20.09975,23.02173,19.0263,25.01999,25.01999,27.07397,23.34524,24.08319,25.17936,25.96151,25.0,25.96151,25.63201,23.70654,25.23886,40.8534,42.44997,44.91102,48.16638,50.0,48.37355,49.49747,51.41984,53.85165,57.58472,56.85948,60.82763,62.64982,63.63175,65.19202,68.50547,66.21933,66.70832,68.593,70.03571,73.59348,74.51845,71.40028,73.00685,74.33034,74.62573,72.56032,73.06162,73.82412,71.19691,68.88396,72.89719,69.77822,67.54258,67.97794,66.64083,64.88451,63.07139,62.16912,62.6099,61.29437,62.76942,59.36329,61.58734,58.00862,58.5235,60.80296,62.482,63.78087,67.62396,65.8559,68.76772,71.21798,73.75636,77.20104,75.0,76.27582
12.80625,12.80625,12.04159,12.04159,11.40175,10.63015,10.63015,9.21954,9.21954,9.21954,8.48528,7.81025,7.81025,7.81025,6.40312,6.40312,6.40312,6.40312,5.83095,5.0,5.0,4.47214,4.47214,4.47214,4.47214,4.12311,4.12311,4.0,4.0,4.0,4.0,4.0,4.0,4.0,4.0,4.12311,4.12311,4.0,4.0,4.0,4.0,4.12311,5.0,5.0,5.0,5.0,5.0,5.09902,5.09902,5.09902,5.38516,5.38516,75.29276,74.09453,73.24616,66.28725,65.73431,65.43699,62.00806,58.25805,58.13777,51.73973,52.63079,49.20366,47.80167,45.80393,43.27817,39.69887,38.28838,37.01351,37.80212,33.01515,30.01666,25.80698,26.40076,25.63201,22.36068,21.58703,22.84732,20.22375,20.09975,18.02776,18.02776,20.02498,16.12452,20.39608,18.43909,19.41649,18.97367,20.61553,21.54066,22.13594,19.92486,22.13594,22.80351,23.76973,24.35159,22.84732,23.4094,24.5153,21.84033,26.57066,25.63201,23.5372,24.02082,27.0,23.02173,26.0,23.5372,40.22437,46.8615,43.93177,50.0,50.47772,50.9902,50.08992,50.15974,56.30275,54.40588,58.0517,59.5399,64.38167,65.19202,66.06815,65.12296,70.06426,68.593,68.88396,69.87131,72.18033,75.69016,75.0,72.11103,77.07788,74.46476,74.24284,74.70609,72.89719,73.82412,72.47068,72.20111,70.71068,67.1193,70.72482,67.74216,64.89992,59.68249,62.26556,63.63175,61.7171,61.26989,60.53924,61.84658,62.03225,58.69412,60.08328,67.05222,66.48308,67.35726,65.45991,70.83784,75.27284,67.35726,75.89466,77.49194,76.15773
11.18034,11.6619,10.29563,10.81665,9.43398,9.43398,9.43398,8.06226,8.06226,7.2111,7.2111,7.2111,5.83095,5.83095,5.83095,5.38516,5.38516,4.47214,4.47214,4.47214,4.12311,3.16228,3.16228,3.0,3.0,3.0,3.16228,2.23607,2.23607,2.23607,2.23607,2.23607,2.82843,2.82843,2.82843,2.82843,3.60555,2.82843,2.82843,2.82843,3.60555,3.60555,3.60555,3.60555,3.60555,3.60555,3.60555,4.47214,3.16228,3.16228,4.12311,4.0,71.58911,71.02112,69.97142,71.56116,65.45991,63.60031,57.68882,62.80127,57.00877,56.61272,49.40648,45.80393,45.45327,44.40721,41.10961,38.83298,38.83298,34.4093,33.01515,30.01666,30.01666,26.41969,23.76973,23.4094,22.13594,22.47221,20.61553,21.2132,18.11077,21.0,18.11077,19.10497,17.72005,17.46425,18.97367,16.64332,16.15549,20.24846,17.72005,21.54066,18.35756,18.38478,22.47221,20.12461,22.2036,24.59675,22.36068,23.70654,22.82542,21.18962,24.35159,23.4094,19.31321,23.5372,26.30589,25.0,23.0,38.60052,42.42641,47.50789,46.61545,49.24429,49.64877,51.47815,52.20153,53.45091,56.08921,59.03389,60.67125,60.40695,65.12296,66.0,66.27217,69.11584,68.46897,72.00694,70.40597,73.00685,73.24616,72.53275,75.02666,75.76939,74.84651,76.48529,75.13322,71.58911,71.69379,72.06941,72.71864,69.46222,71.19691,68.60029,68.09552,63.13478,63.63175,65.0,63.52952,63.95311,62.6099,61.7414,61.84658,58.18075,61.09828,61.03278,63.32456,62.93648,64.84597,66.7308,70.88018,74.63243,69.57011,76.89603,76.89603,75.96052
12.04159,12.04159,11.04536,10.04988,10.04988,9.05539,9.05539,9.05539,8.06226,8.06226,8.06226,7.07107,7.07107,6.08276,6.0,6.0,5.0,5.0,5.09902,5.09902,4.12311,4.12311,4.12311,4.12311,4.47214,4.47214,3.60555,3.60555,3.60555,4.24264,4.24264,4.24264,4.24264,4.24264,4.24264,4.24264,4.24264,4.24264,5.0,4.24264,5.0,4.24264,5.0,5.0,5.0,4.24264,5.0,5.0,5.0,4.47214,4.47214,4.47214,75.02666,74.02702,69.00725,68.06614,70.02857,65.12296,61.13101,61.03278,56.32051,54.33231,50.08992,51.08816,46.04346,45.27693,42.42641,42.19005,40.11234,36.12478,35.01428,31.01612,29.01724,30.06659,25.17936,24.33105,21.2132,23.08679,20.61553,18.97367,18.35756,17.20465,19.84943,19.41649,19.84943,18.86796,20.61553,19.20937,22.02272,19.72308,23.70654,22.82542,24.41311,23.02173,23.32381,22.47221,22.82542,25.55386,24.69818,24.69818,25.4951,24.83948,24.20744,24.83948,25.6125,23.34524,26.87006,25.05993,25.94224,43.41659,43.93177,43.41659,48.8467,47.70744,49.64877,52.20153,51.85557,55.22681,58.72819,57.00877,59.20304,61.61169,66.03787,67.1193,64.40497,66.64083,68.00735,70.5762,72.12489,71.06335,74.2159,74.33034,71.84706,71.44928,72.1734,73.17103,74.06079,71.11259,72.0,70.00714,70.0,71.00704,67.1193,66.0,65.00769,65.03076,63.03174,62.00806,59.07622,62.07254,62.1289,63.3877,63.78871,63.28507,59.66574,61.84658,62.58594,63.60031,68.15424,67.46851,71.30919,72.03471,71.19691,72.36712,76.48529,76.53104
10.63015,10.63015,10.0,9.21954,9.21954,8.48528,8.48528,7.81025,7.07107,7.07107,7.07107,6.40312,5.65685,5.65685,5.0,5.0,3.60555,3.60555,3.60555,3.60555,3.60555,3.16228,3.16228,3.16228,3.0,2.0,3.16228,3.16228,3.16228,3.16228,3.16228,3.16228,3.60555,3.60555,3.60555,3.60555,3.60555,3.60555,3.16228,3.60555,3.60555,3.60555,3.60555,3.60555,3.60555,4.12311,4.12311,4.12311,4.12311,4.0,4.0,3.0,74.41102,71.70077,68.68042,65.76473,63.70243,62.93648,60.82763,60.10824,56.58622,54.56189,50.32892,46.2277,47.38143,43.18565,41.7732,41.72529,38.20995,36.87818,30.41381,30.4795,30.0,26.90725,25.4951,22.82542,22.82542,21.09502,17.72005,21.58703,19.23538,16.03122,18.11077,21.0,19.23538,19.10497,19.41649,19.64688,20.39608,19.92486,20.22375,23.76973,19.64688,21.18962,18.68154,23.08679,22.84732,23.4094,24.04163,23.76973,23.76973,23.08679,23.76973,24.33105,24.18677,23.0,25.01999,21.2132,23.76973,42.63801,43.01163,46.52956,47.92703,48.76474,48.50773,50.48762,54.33231,56.14268,54.00926,56.0357,59.21149,65.27634,65.11528,66.70832,66.48308,70.2282,69.857,72.23573,70.66116,72.06941,74.79305,72.94518,77.38863,72.67049,71.40028,74.4043,74.8131,73.66139,72.24957,71.42129,72.18033,69.35416,70.76722,67.94115,67.89698,65.05382,63.12686,61.55485,62.36986,61.7171,60.0,59.20304,61.40033,60.21628,63.41136,65.45991,60.46487,66.24198,69.46222,67.08204,70.71068,73.57309,71.19691,75.29276,79.40403,75.29276
11.31371,10.63015,10.63015,10.0,9.21954,9.21954,9.21954,7.81025,7.81025,7.81025,7.81025,7.07107,6.40312,5.65685,5.65685,5.65685,5.0,5.0,4.47214,4.47214,4.47214,4.47214,4.12311,4.12311,3.16228,3.0,4.0,3.0,4.0,4.12311,4.12311,4.12311,4.12311,4.12311,4.12311,4.12311,4.12311,4.12311,4.12311,4.12311,4.12311,4.12311,4.12311,4.12311,5.09902,5.09902,5.09902,5.0,5.0,5.0,5.09902,4.12311,75.80237,72.42237,67.20119,65.45991,70.17834,63.81222,63.52952,58.59181,55.22681,53.7122,50.24938,47.01064,46.52956,46.61545,40.81666,38.41875,38.01316,35.51056,32.80244,31.241,30.41381,29.83287,25.4951,26.1725,24.08319,23.60085,23.60085,17.88854,21.0238,17.72005,18.24829,18.24829,18.43909,19.0263,19.0263,18.02776,20.02498,19.0,20.0,23.02173,22.2036,22.36068,23.02173,22.09072,24.02082,23.34524,26.01922,24.18677,23.08679,22.0,25.0,24.02082,28.16026,26.01922,26.1725,26.57066,26.40076,38.94868,40.8534,46.09772,46.87217,48.16638,48.09366,51.0098,52.15362,54.74486,57.07013,57.72348,58.5235,60.40695,64.88451,65.30697,64.88451,67.74216,68.7968,68.00735,73.10951,70.17834,72.86288,74.96666,73.5527,73.75636,75.0733,72.34639,75.80237,72.8011,71.61006,71.28113,70.17834,69.89278,67.95587,67.41662,68.26419,63.51378,63.00794,60.46487,61.40033,61.40033,60.44005,61.7171,60.87693,58.0,60.82763,65.79514,62.96825,65.06919,66.48308,67.20863,69.42622,70.76722,71.42129,72.91776,74.24958,78.51751
12.0,12.04159,11.04536,11.04536,10.04988,10.04988,9.05539,9.0,8.06226,8.0,8.06226,8.0,7.0,6.0,6.0,6.0,6.08276,5.09902,5.09902,4.12311,4.12311,4.12311,4.12311,4.47214,3.60555,3.60555,3.60555,4.24264,4.24264,4.24264,4.24264,3.60555,3.60555,3.60555,4.24264,5.0,3.60555,4.47214,5.0,5.0,5.0,5.0,5.0,5.0,5.0,5.0,5.0,4.24264,5.0,5.0,5.0,4.47214,76.15773,70.60453,71.56815,69.92138,68.15424,64.19502,61.68468,58.5235,55.97321,52.81098,49.64877,47.43416,47.43416,45.88028,40.16217,40.80441,38.07887,36.40055,34.78505,30.59412,30.59412,29.15476,26.1725,24.08319,22.0,21.09502,21.09502,19.23538,19.31321,21.58703,21.54066,20.61553,20.24846,17.69181,19.84943,19.84943,22.02272,22.62742,24.20744,23.60085,23.34524,21.2132,21.93171,22.67157,24.20744,22.02272,22.2036,23.43075,26.1725,24.75884,22.67157,24.08319,24.83948,24.18677,25.05993,26.40076,26.92582,40.70626,44.82187,47.01064,46.66905,48.41487,50.80354,51.47815,53.53504,55.03635,55.15433,60.08328,58.94065,63.06346,61.18823,64.77654,68.18358,68.06614,67.00746,69.02898,70.11419,70.11419,74.54529,72.69113,73.5459,73.75636,76.68768,73.24616,72.8011,70.21396,73.05477,69.28925,68.94926,67.77905,68.35203,67.06713,64.84597,64.19502,61.68468,62.93648,62.64184,62.64184,60.01666,63.56099,59.68249,61.0,59.13544,64.19502,63.00794,65.06919,67.36468,67.02984,71.11259,74.10803,70.11419,75.23962,73.24616,78.31347
13.15295,12.16553,11.18034,12.16553,11.18034,10.19804,10.19804,9.21954,9.21954,9.05539,8.24621,8.24621,7.07107,7.07107,7.07107,6.08276,6.08276,5.0,5.0,5.0,5.0,4.0,4.0,4.12311,4.12311,3.16228,3.16228,3.16228,3.60555,3.60555,3.60555,3.60555,3.60555,4.24264,4.24264,4.24264,4.24264,4.24264,4.24264,4.24264,4.24264,4.24264,4.24264,4.24264,4.24264,4.24264,4.24264,5.0,4.47214,4.47214,4.47214,4.12311,75.18643,73.24616,74.73286,67.06713,66.12866,65.55151,62.93648,62.24147,55.54278,53.85165,53.31041,50.15974,49.1935,44.01136,40.49691,40.49691,38.62642,35.73514,35.4683,30.8707,31.7805,25.17936,27.45906,26.68333,21.84033,22.2036,20.09975,23.34524,21.0238,20.61553,14.86607,21.18962,19.69772,18.60108,19.84943,20.59126,23.85372,21.63331,20.24846,22.02272,23.02173,20.61553,21.93171,21.26029,23.60085,24.75884,18.43909,22.80351,24.20744,24.18677,24.16609,24.59675,24.69818,22.13594,24.04163,26.92582,24.18677,38.60052,42.95346,48.37355,50.60632,50.91169,55.17246,54.20332,55.80323,57.98276,55.47071,59.94164,60.37384,63.15853,63.90618,67.44627,66.70832,70.61161,68.06614,71.34424,73.00685,75.02666,78.1025,75.02666,77.10383,74.33034,77.23341,72.69113,73.82412,74.52516,75.50497,69.857,72.53275,69.57011,71.16881,69.26038,65.14599,63.89053,65.30697,63.56099,61.98387,60.63827,60.01666,62.64982,61.66036,63.3877,61.07373,63.1981,62.00806,68.18358,69.06519,68.00735,71.0,75.00667,73.17103,75.10659,74.43118,79.51101
11.18034,10.77033,9.84886,9.84886,9.84886,8.544,8.544,7.61577,7.61577,7.61577,6.7082,6.7082,6.7082,6.7082,5.38516,5.0,5.0,4.47214,4.24264,4.24264,4.24264,4.24264,3.60555,3.60555,3.60555,3.60555,4.12311,3.16228,3.16228,4.0,4.0,4.0,4.0,4.0,4.0,4.0,4.0,4.0,4.0,4.0,4.0,4.0,4.0,4.0,5.0,4.0,5.09902,4.12311,4.12311,4.12311,4.47214,4.47214,71.86793,69.57011,70.88018,69.92138,62.93648,61.13101,61.40033,59.43904,54.81788,53.16014,46.17359,45.89118,47.53946,44.14748,40.80441,40.16217,39.21734,36.68787,33.24154,31.01612,29.15476,26.83282,28.6531,23.85372,22.82542,19.20937,19.20937,19.79899,18.60108,19.20937,20.59126,18.35756,19.31321,22.47221,18.68154,19.23538,20.39608,18.11077,21.58703,21.0238,22.02272,23.0,20.22375,20.09975,23.02173,26.1725,26.1725,25.4951,24.5153,27.29469,26.24881,25.0,24.35159,23.76973,24.18677,25.4951,24.08319,40.11234,44.01136,46.27094,48.83646,48.38388,52.39275,52.3259,51.47815,53.7122,54.6443,57.62812,60.44005,60.87693,63.03174,66.6033,65.11528,69.02898,70.17834,71.28113,71.34424,68.47627,73.79024,71.55418,73.1642,71.30919,72.8011,71.7844,75.28612,70.0928,73.4983,70.61161,68.65858,70.61161,65.96969,67.26812,64.32729,66.48308,64.03124,63.06346,63.60031,61.03278,58.87274,61.35145,62.03225,60.53924,60.53924,60.83584,63.06346,64.00781,63.81222,65.8635,70.71068,72.00694,68.96376,73.43024,76.94154,76.96753
13.34166,12.16553,11.40175,11.18034,11.18034,10.19804,10.19804,10.19804,9.21954,9.21954,9.05539,8.24621,7.28011,7.28011,7.07107,6.32456,6.32456,5.38516,5.38516,5.38516,5.38516,4.47214,4.47214,5.0,4.24264,4.24264,4.24264,3.60555,4.47214,3.60555,4.47214,4.47214,4.47214,4.47214,4.47214,4.47214,4.47214,4.47214,4.47214,4.47214,4.47214,4.47214,5.38516,5.38516,5.38516,4.47214,5.0,5.0,5.0,4.24264,5.0,5.0,76.15773,71.56815,72.99315,67.08204,67.18631,68.35934,60.13319,59.21149,54.08327,56.00893,52.0,50.08992,45.01111,44.04543,44.04543,43.18565,40.11234,33.24154,33.06055,33.01515,31.7805,30.41381,26.68333,24.04163,21.54066,22.84732,25.4951,22.36068,20.80865,20.80865,18.35756,17.69181,18.43909,17.80449,18.60108,21.63331,19.20937,20.59126,21.9545,24.16609,19.72308,23.25941,24.69818,22.36068,24.16609,21.9545,23.25941,24.18677,26.40076,21.63331,24.20744,24.83948,24.83948,24.08319,27.58623,25.23886,25.4951,41.0,45.04442,47.04253,47.85394,47.29693,50.92151,51.07837,52.92447,56.82429,55.75841,58.82176,62.80127,64.53681,65.8559,65.79514,67.47592,70.0,67.80118,73.4983,71.02112,72.56032,71.58911,70.77429,73.53911,73.05477,75.27284,73.08215,73.37575,70.83078,75.43209,69.63476,71.80529,69.05071,68.88396,65.76473,63.15061,62.80127,64.13267,61.0,61.18823,63.15061,57.72348,60.44005,61.03278,61.03278,64.4748,60.53924,62.39391,64.4748,64.07808,65.39113,68.8767,73.53911,68.70953,75.23962,78.44743,74.0
11.40175,11.40175,10.63015,10.63015,9.21954,9.21954,8.48528,7.81025,8.48528,7.81025,7.07107,7.07107,6.40312,5.65685,5.65685,5.0,5.0,5.0,4.47214,3.60555,3.60555,3.60555,3.16228,3.16228,3.16228,3.16228,3.0,2.0,3.0,3.0,3.16228,3.16228,3.16228,2.23607,3.16228,3.16228,3.16228,3.16228,3.16228,3.16228,3.16228,3.16228,3.16228,3.16228,3.16228,3.16228,3.16228,4.0,4.0,4.0,4.0,3.16228,75.16648,68.60029,70.80254,65.45991,64.66065,64.53681,60.959,62.36986,52.40229,53.90733,48.9183,45.45327,48.16638,40.60788,43.27817,38.60052,36.87818,33.30165,34.05877,30.80584,30.23243,27.78489,24.59675,21.9545,22.82542,23.4094,18.02776,17.46425,15.29706,18.11077,19.0,20.02498,17.11724,18.24829,18.38478,17.72005,19.31321,17.08801,18.78829,22.36068,20.61553,22.47221,24.35159,21.54066,21.93171,22.47221,23.76973,20.61553,21.54066,24.69818,25.70992,23.34524,23.34524,24.08319,24.0,25.01999,24.73863,39.62323,43.13931,45.80393,47.50789,49.64877,51.47815,49.98,54.34151,56.08921,52.95281,57.14018,63.0,63.0,64.28063,66.37017,63.78871,68.44706,66.94027,73.97973,72.11103,71.47027,75.76939,70.00714,73.34848,74.30343,76.15773,76.8505,76.27582,72.94518,75.45197,68.60029,73.81734,71.61006,70.0,70.0,70.29225,63.82006,64.07027,61.61169,60.80296,63.28507,60.41523,61.29437,60.41523,59.94164,61.09828,64.40497,62.03225,63.90618,65.79514,66.64083,71.51224,75.02666,67.41662,77.38863,77.82031,77.41447
11.40175,11.40175,10.81665,10.63015,10.0,9.21954,9.21954,8.60233,7.81025,7.81025,7.81025,7.2111,6.40312,6.40312,5.83095,5.83095,5.83095,4.47214,4.47214,4.12311,4.12311,4.12311,4.12311,4.0,4.12311,4.0,4.0,4.12311,4.12311,4.12311,4.12311,4.12311,4.12311,4.47214,4.12311,4.12311,4.47214,4.12311,4.47214,4.47214,4.12311,4.12311,4.12311,5.09902,5.09902,5.09902,5.09902,5.09902,5.0,5.0,5.09902,4.12311,73.87828,73.5527,70.93659,65.76473,68.593,63.70243,64.44377,59.66574,53.90733,52.63079,48.16638,50.32892,46.09772,42.63801,42.52058,39.05125,38.41875,36.79674,34.05877,31.241,29.73214,27.20294,25.0,21.63331,20.80865,21.63331,22.36068,18.78829,19.31321,19.0263,16.12452,20.09975,17.46425,18.02776,23.08679,19.0,21.58703,18.24829,21.09502,22.36068,19.23538,23.34524,23.19483,24.5153,23.08679,23.19483,25.17936,25.31798,23.08679,23.08679,25.07987,25.0,26.01922,26.1725,23.76973,22.84732,22.80351,43.01163,45.45327,45.34314,47.16991,49.73932,50.56679,50.59644,51.24451,57.27128,55.10898,57.55867,60.13319,63.03174,63.00794,65.12296,66.61081,67.89698,68.88396,70.83078,70.5195,70.2282,73.1642,73.82412,72.44998,71.58911,73.3553,73.57309,71.56116,74.63243,72.20111,68.60029,69.02898,70.29225,67.47592,67.35726,67.26812,63.25346,63.25346,62.482,63.89053,58.60034,62.68174,58.5235,59.07622,56.60389,63.13478,64.41273,61.77378,64.40497,64.88451,63.13478,69.31811,73.06162,73.92564,74.79305,76.8505,76.00658
11.40175,11.40175,11.40175,11.40175,10.19804,9.21954,9.21954,8.24621,8.24621,8.24621,8.24621,7.28011,7.07107,6.32456,6.08276,5.38516,5.38516,5.09902,4.47214,4.47214,4.12311,3.60555,3.60555,3.60555,3.60555,3.60555,3.60555,2.82843,2.82843,3.16228,2.82843,3.16228,3.60555,3.16228,3.16228,3.16228,3.16228,3.16228,3.16228,3.16228,3.16228,3.16228,3.16228,4.12311,4.47214,3.60555,3.60555,4.47214,3.60555,4.24264,4.24264,4.24264,71.11259,69.46222,72.01389,67.23095,65.9242,63.90618,60.40695,61.03278,56.32051,51.86521,49.64877,48.38388,45.54119,43.32436,41.4367,40.16217,37.94733,35.8469,33.24154,31.7805,29.15476,27.73085,25.94224,25.55386,24.20744,21.9545,19.20937,22.02272,18.43909,18.86796,19.41649,17.88854,19.72308,17.88854,16.12452,18.97367,19.64688,22.36068,19.23538,22.09072,23.5372,23.34524,22.36068,19.64688,21.37756,22.80351,24.33105,23.5372,24.18677,24.04163,23.5372,24.04163,25.29822,24.69818,23.85372,23.60085,24.20744,40.5216,42.95346,46.27094,51.0098,52.23983,52.95281,50.9902,53.60037,56.32051,56.0803,61.29437,60.90156,63.28507,63.00794,66.4003,64.53681,68.76772,67.89698,69.29646,72.86288,73.5527,73.40981,75.60423,74.09453,77.02597,74.79305,73.82412,74.30343,71.11962,74.68601,70.68239,72.09022,72.49828,68.54196,72.09022,64.4748,64.4748,66.30988,60.53924,59.9333,62.64982,64.14047,60.53924,61.85467,59.68249,62.68174,61.40033,63.60031,66.61081,63.60031,66.0303,69.6563,70.43437,73.81734,75.45197,74.88658,75.16648
13.0384,13.0384,12.52996,11.6619,11.6619,10.29563,10.29563,10.29563,8.94427,8.94427,8.94427,8.06226,8.06226,7.2111,7.2111,6.7082,6.40312,6.40312,5.65685,5.0,5.0,4.24264,4.24264,5.0,4.47214,4.47214,4.47214,4.12311,4.12311,4.12311,4.12311,4.12311,4.12311,4.12311,5.09902,4.12311,5.09902,5.09902,5.09902,5.09902,5.09902,5.09902,5.09902,5.09902,5.09902,5.09902,5.09902,5.38516,5.38516,5.38516,5.83095,5.0,76.02631,72.8011,72.20111,67.41662,65.51336,64.14047,58.83026,60.03332,56.35601,53.7122,52.47857,50.08992,46.52956,42.15448,40.70626,40.81666,39.66106,35.35534,34.48188,28.6007,30.0,30.23243,26.87006,23.34524,22.67157,21.26029,21.2132,21.40093,20.24846,18.38478,20.24846,21.0238,18.68154,19.92486,21.09502,20.02498,21.09502,22.09072,21.0,20.02498,20.0,22.09072,22.09072,23.02173,24.0,22.09072,25.07987,21.0,24.08319,25.17936,25.4951,26.68333,23.76973,24.16609,25.07987,23.70654,25.80698,41.6173,44.72136,46.61545,48.10405,49.0306,48.16638,52.15362,55.03635,56.0357,56.4358,59.22837,60.63827,62.8172,65.14599,67.41662,63.32456,72.01389,69.83552,73.43024,72.67049,72.8011,75.28612,73.10951,73.66139,74.96666,73.53911,73.66139,76.57676,68.88396,70.43437,72.62231,73.60027,70.21396,69.89278,69.89278,64.07027,65.0,62.80127,62.80127,60.80296,61.22091,61.6198,62.24147,59.46427,58.79626,59.4138,60.10824,62.96825,65.29931,66.21933,69.02898,70.29225,72.34639,72.18033,75.82216,79.20859,73.0
12.04159,11.04536,11.04536,10.04988,10.04988,9.21954,9.05539,8.24621,8.06226,7.07107,7.07107,7.07107,7.07107,6.08276,5.09902,5.09902,5.0,5.0,4.0,4.0,4.0,3.0,3.16228,3.16228,3.16228,3.16228,2.82843,2.82843,2.82843,2.82843,2.82843,2.82843,2.82843,3.60555,3.60555,3.60555,3.60555,3.60555,3.60555,3.60555,3.60555,3.60555,3.60555,3.60555,3.60555,4.24264,4.24264,4.24264,3.60555,3.60555,4.47214,3.16228,70.11419,68.0,71.0,67.02984,62.03225,62.07254,58.07753,61.66036,53.08484,59.4138,49.49747,49.0408,47.38143,42.29657,43.28972,39.11521,40.04997,35.0571,34.0147,29.01724,30.06659,26.07681,25.31798,24.33105,22.02272,21.58703,21.84033,17.46425,16.76305,19.72308,16.64332,19.41649,18.38478,20.61553,18.35756,19.84943,18.60108,17.80449,21.9545,20.24846,19.72308,22.82542,20.80865,21.93171,20.59126,18.35756,25.05993,24.69818,25.80698,22.80351,20.51828,20.61553,24.83948,23.34524,24.75884,24.69818,23.32381,39.62323,47.12749,47.01064,51.88449,47.70744,52.80152,53.8145,55.15433,55.86591,52.49762,56.61272,63.51378,62.43397,63.63175,66.64083,66.30988,73.82412,66.48308,74.33034,69.12308,74.95332,75.95393,72.56032,76.41989,75.10659,76.10519,75.00667,74.06079,70.0,77.05842,71.06335,73.17103,69.35416,66.18912,68.35934,65.19202,61.29437,62.03225,62.07254,61.03278,65.0,59.03389,66.06815,59.13544,64.28063,58.21512,60.67125,64.93843,63.95311,64.13267,64.03124,72.78049,73.5459,68.06614,76.11833,79.51101,74.96666
12.16553,11.04536,11.04536,11.04536,10.0,10.04988,9.0,9.05539,8.0,8.06226,8.06226,7.07107,7.07107,6.08276,6.08276,6.08276,5.09902,5.09902,4.12311,4.47214,4.47214,3.60555,3.60555,3.60555,3.60555,3.60555,3.60555,3.60555,3.16228,4.47214,3.16228,4.47214,4.12311,4.12311,4.47214,4.12311,4.12311,4.12311,4.12311,4.12311,5.09902,4.47214,4.47214,4.12311,4.47214,4.47214,4.47214,4.47214,5.0,5.0,4.24264,4.24264,72.03471,71.80529,72.18033,68.88396,66.61081,64.49806,63.28507,60.07495,56.22277,50.03998,50.03998,48.16638,42.42641,43.0,43.04649,39.11521,37.01351,36.34556,34.36568,30.41381,27.65863,25.31798,23.76973,24.35159,18.78829,21.54066,20.80865,23.32381,22.47221,19.10497,21.26029,15.81139,18.02776,20.80865,18.86796,21.0238,19.69772,21.09502,22.84732,21.0238,22.84732,21.93171,22.82542,23.76973,21.54066,23.25941,23.25941,25.07987,26.40076,25.4951,24.18677,25.05993,25.0,24.83948,26.90725,25.23886,24.41311,38.47077,40.1995,48.01042,45.89118,47.80167,50.59644,51.86521,52.39275,55.00909,55.9464,60.21628,61.7171,65.11528,62.96825,62.24147,68.76772,68.41053,71.02816,70.80254,72.94518,69.46222,73.82412,73.40981,75.96052,75.96052,72.73239,74.33034,72.8011,71.80529,74.73286,72.18033,68.88396,68.88396,68.65858,68.06614,63.95311,65.51336,62.16912,62.16912,58.69412,58.69412,58.24088,61.13101,61.35145,61.35145,60.74537,60.16644,62.6099,60.83584,64.88451,62.24147,65.39113,70.38466,71.30919,72.8011,72.44998,76.55717
12.16553,11.18034,11.04536,10.19804,10.19804,9.21954,9.21954,8.24621,8.24621,8.24621,8.24621,7.28011,6.08276,6.08276,5.09902,5.09902,5.09902,5.09902,4.0,4.0,4.0,4.12311,3.0,3.16228,3.16228,3.16228,2.82843,2.82843,2.82843,2.82843,2.82843,2.82843,2.82843,3.60555,3.60555,3.60555,3.60555,3.60555,3.60555,3.60555,3.60555,3.60555,3.60555,3.60555,3.60555,3.60555,4.24264,4.24264,3.60555,3.60555,3.60555,3.16228,71.70077,69.26038,72.56032,68.00735,67.18631,62.00806,62.00806,58.0,54.08327,52.03845,52.03845,47.16991,48.04165,43.01163,41.01219,40.04997,37.01351,36.05551,34.05877,29.15476,31.40064,25.31798,26.4764,23.34524,21.84033,22.47221,20.61553,18.86796,16.12452,21.93171,16.40122,16.97056,19.20937,19.31321,17.08801,20.59126,18.78829,20.12461,17.88854,20.12461,22.47221,21.54066,20.88061,20.39608,23.76973,21.54066,23.32381,25.29822,23.70654,21.9545,24.59675,25.23886,23.02173,24.20744,25.4951,24.08319,23.43075,41.30375,44.64303,45.88028,49.65884,49.73932,50.47772,52.40229,55.31727,55.86591,55.9017,64.38167,62.20129,63.24555,65.19202,64.49806,68.47627,71.11259,70.2282,74.0,71.56815,73.24616,75.43209,73.75636,75.50497,74.54529,77.92946,72.24957,77.10383,73.06162,73.10951,74.00676,75.00667,71.02816,69.26038,72.02777,67.02984,66.0303,63.12686,61.20457,62.07254,61.20457,62.28965,62.514,63.15061,62.80127,57.97413,65.11528,66.21933,60.72891,64.28841,70.88018,71.47027,72.12489,75.69016,74.2159,78.1025,77.66595
12.16553,11.18034,11.18034,10.19804,10.19804,9.21954,9.21954,9.21954,8.24621,8.24621,8.24621,7.07107,7.07107,6.08276,6.08276,6.08276,6.0,5.0,5.0,5.0,4.0,4.12311,4.12311,4.12311,4.12311,4.47214,3.60555,3.60555,3.60555,4.24264,4.24264,4.24264,4.24264,4.24264,4.24264,4.24264,4.24264,4.24264,4.24264,4.24264,4.24264,4.24264,5.0,4.24264,4.24264,5.0,5.0,5.0,5.0,4.47214,4.47214,4.47214,74.72617,71.7844,69.64194,64.56005,65.52099,64.84597,61.68468,58.18935,55.02727,55.15433,53.48832,50.32892,46.8188,43.46263,44.27189,42.05948,38.32754,34.78505,34.20526,32.98485,30.41381,27.45906,25.31798,20.22375,24.08319,25.0,20.02498,23.08679,20.88061,19.92486,18.97367,20.24846,17.88854,20.24846,19.72308,20.24846,22.80351,21.93171,24.75884,21.40093,23.60085,20.51828,23.34524,21.26029,21.93171,25.4951,24.41311,24.75884,22.67157,26.24881,26.62705,24.20744,24.16609,27.313,25.4951,23.4094,28.28427,43.32436,42.94182,46.64762,47.80167,49.49747,50.93133,50.44799,52.80152,57.14018,53.23533,57.27128,60.92618,61.46544,62.64184,66.21933,65.96969,69.63476,68.593,72.1734,69.11584,72.11103,73.02739,71.06335,72.33948,73.82412,73.97973,74.1485,73.00685,70.83078,72.27724,70.83784,72.53275,67.05222,70.21396,68.00735,62.39391,60.72891,60.63827,60.63827,61.61169,60.87693,59.22837,61.81424,60.82763,60.29925,62.20129,61.52235,60.07495,62.03225,61.03278,67.02984,69.02898,74.00676,73.02739,72.1734,78.51751,76.65507
12.16553,11.18034,11.18034,10.19804,10.19804,9.21954,9.21954,8.24621,8.24621,8.24621,7.28011,7.28011,6.32456,6.08276,5.38516,6.08276,5.09902,5.09902,4.12311,4.0,4.0,3.0,4.0,3.16228,3.16228,3.16228,3.16228,2.82843,2.23607,2.82843,2.82843,2.82843,2.82843,2.82843,3.60555,3.60555,2.82843,3.60555,2.82843,2.82843,4.24264,2.82843,4.24264,4.24264,4.24264,3.60555,3.60555,3.60555,4.47214,4.12311,4.12311,4.0,73.17103,68.73136,68.26419,67.26812,68.35934,64.93843,59.84146,61.18823,52.95281,54.34151,51.97115,48.05206,46.87217,42.2019,38.47077,39.45884,39.45884,34.9285,33.54102,31.01612,31.01612,26.01922,23.08679,20.09975,24.02082,20.22375,18.11077,19.92486,18.38478,20.61553,16.64332,21.0238,19.41649,18.38478,19.10497,19.79899,18.86796,18.02776,21.63331,20.80865,18.86796,20.24846,18.86796,21.40093,25.55386,20.24846,23.02173,24.41311,25.6125,24.08319,24.83948,25.4951,25.4951,26.1725,27.20294,23.70654,24.16609,40.5216,42.54409,46.14109,50.77401,48.01042,50.44799,50.20956,55.60576,56.72742,54.91812,59.90826,63.95311,61.29437,66.85058,63.90618,66.48308,70.5762,72.03471,71.80529,68.73136,74.10803,74.33034,74.06079,76.02631,74.16873,75.05998,74.43118,77.31753,68.46897,76.41989,68.73136,72.00694,70.71068,66.91039,65.30697,65.62012,62.16912,63.3877,60.82763,62.28965,60.40695,60.00833,63.00794,62.00806,62.03225,58.13777,60.13319,64.19502,62.20129,65.27634,64.38167,70.34913,73.5527,70.34913,77.31753,76.10519,72.24957
10.81665,10.0,10.0,9.43398,8.60233,8.60233,8.60233,7.2111,7.2111,7.2111,7.2111,6.40312,5.83095,5.0,5.0,5.0,4.24264,4.24264,3.60555,3.60555,3.60555,3.60555,2.23607,3.16228,3.16228,2.23607,3.0,3.0,3.0,3.16228,3.16228,3.16228,3.16228,3.16228,3.16228,3.16228,3.16228,3.16228,3.16228,3.16228,3.16228,3.16228,4.12311,4.12311,4.12311,4.12311,4.12311,4.0,4.0,4.0,4.12311,3.16228,71.42129,67.47592,68.11755,65.94695,64.03124,61.61169,60.46487,60.80296,54.20332,54.08327,50.0,48.01042,47.01064,40.49691,39.40812,40.80441,37.20215,31.40064,32.20248,29.83287,30.41381,26.90725,22.62742,22.67157,22.47221,20.59126,20.80865,21.0238,17.72005,18.43909,19.10497,17.26268,16.12452,17.02939,19.10497,20.02498,17.72005,19.23538,20.22375,20.39608,18.24829,22.02272,21.58703,22.56103,24.33105,21.84033,24.18677,23.34524,23.19483,23.19483,27.16616,23.02173,26.1725,26.01922,24.33105,22.36068,25.96151,40.49691,45.31004,45.60702,49.81967,49.36598,50.0,50.03998,53.15073,53.46027,57.27128,58.5235,58.18935,63.56886,63.15853,68.02941,63.95311,70.71068,68.7968,70.83078,72.20111,71.40028,75.60423,71.50524,72.83543,74.33034,75.69016,76.05919,75.28612,71.61006,73.60027,70.0,73.23933,67.80118,69.40461,66.4003,66.0303,65.43699,64.40497,62.20129,64.03124,64.03124,60.82763,62.96825,59.4138,59.4138,62.2254,63.78087,64.03124,64.81512,65.43699,67.47592,70.29225,72.00694,72.24957,75.16648,74.33034,73.87828
10.77033,10.77033,9.84886,9.84886,9.84886,8.94427,8.94427,8.06226,8.06226,6.7082,6.7082,6.7082,6.7082,5.83095,5.83095,5.38516,5.38516,4.47214,4.12311,4.12311,3.16228,3.16228,3.16228,3.0,3.0,3.0,3.0,2.23607,2.23607,3.16228,2.23607,2.82843,2.23607,2.82843,2.82843,2.82843,2.82843,3.60555,3.60555,3.60555,3.60555,3.60555,3.60555,3.60555,3.60555,3.16228,3.16228,4.12311,3.16228,4.0,4.0,4.0,75.69016,69.64194,66.21933,64.51356,67.05222,63.69458,59.46427,58.69412,56.36488,53.48832,51.47815,47.75982,48.8467,42.72002,43.46263,39.84972,38.27532,36.68787,33.61547,31.7805,27.89265,27.65863,21.37756,22.56103,22.09072,21.58703,19.0,19.23538,18.24829,18.97367,18.68154,21.54066,17.0,17.49286,21.0238,19.20937,18.43909,17.49286,20.61553,20.80865,19.79899,21.93171,22.47221,21.2132,24.08319,21.26029,23.85372,25.0,25.6125,21.63331,25.05993,24.16609,25.94224,24.16609,24.69818,25.31798,25.31798,43.17407,43.46263,45.27693,48.01042,52.49762,47.42362,50.0,52.80152,58.83026,54.91812,57.80138,63.06346,63.07139,65.19202,67.05222,66.28725,71.58911,69.58448,72.56032,72.02777,72.0,79.05694,74.02702,74.06079,74.24284,76.32169,76.65507,76.11833,72.78049,73.5459,72.27724,71.06335,69.92138,70.21396,65.80274,68.30813,63.78871,63.56099,63.78871,63.78871,64.93843,60.67125,62.36986,61.29437,58.69412,59.5399,65.27634,61.03278,66.1211,69.11584,66.0,72.0,73.17103,71.02816,75.05998,76.53104,77.31753
11.04536,11.04536,10.04988,10.04988,9.05539,9.21954,9.21954,8.06226,8.06226,7.07107,7.07107,7.07107,6.08276,6.08276,5.09902,5.09902,5.0,4.0,4.0,4.0,3.0,3.0,3.0,3.16228,3.16228,3.16228,2.82843,2.82843,2.82843,2.82843,2.82843,2.82843,2.82843,2.82843,3.60555,3.60555,3.60555,3.60555,3.60555,3.60555,3.60555,3.60555,3.60555,3.60555,3.60555,3.60555,3.60555,4.24264,3.60555,3.60555,3.60555,3.16228,73.02739,70.17834,71.02816,67.18631,66.27217,62.39391,63.1981,60.53098,57.70615,50.48762,49.64877,48.50773,44.55334,45.39824,42.29657,41.10961,39.20459,34.1321,32.01562,31.06445,30.0,27.0,25.01999,22.02272,22.56103,23.19483,19.31321,21.58703,20.12461,19.72308,19.23538,21.26029,17.80449,19.84943,17.80449,20.24846,20.61553,21.63331,19.72308,21.40093,21.9545,24.59675,17.49286,19.72308,21.09502,22.36068,19.72308,24.69818,25.23886,24.41311,25.80698,25.80698,24.75884,26.87006,24.08319,23.85372,24.16609,40.02499,42.37924,46.95743,48.54894,50.21952,50.93133,52.3259,54.45181,57.62812,56.40035,58.5235,61.29437,63.63175,66.64083,64.40497,66.48308,69.64194,71.47027,71.06335,73.75636,71.70077,75.13322,79.15807,75.16648,75.02666,78.05767,80.025,76.0,72.1734,74.33034,72.1734,72.33948,68.35934,67.26812,68.593,65.27634,66.48308,64.38167,63.07139,62.03225,62.07254,56.0357,62.0,61.20457,60.20797,64.38167,63.50591,63.63961,65.76473,67.89698,66.91039,71.38627,72.56721,73.5527,76.29548,75.13322,77.41447
12.52996,11.18034,11.18034,10.29563,10.29563,9.43398,9.43398,9.43398,8.60233,8.06226,8.06226,7.2111,7.2111,6.7082,5.83095,5.83095,5.83095,5.38516,5.38516,5.38516,4.12311,4.12311,4.12311,4.12311,4.0,4.0,4.0,4.0,3.0,3.16228,4.12311,4.12311,4.12311,4.12311,4.12311,3.16228,4.12311,4.47214,4.47214,4.47214,4.47214,4.47214,4.47214,4.47214,4.12311,4.12311,4.12311,5.09902,4.12311,5.0,5.0,5.09902,72.12489,71.56815,70.5195,66.09841,65.14599,66.85058,59.5063,63.07139,53.75872,54.626,50.15974,50.32892,48.8467,45.31004,41.78516,37.57659,37.69615,36.68787,33.24154,31.95309,31.04835,29.12044,28.28427,25.4951,22.36068,22.02272,22.2036,20.09975,19.10497,17.72005,17.72005,19.31321,18.35756,21.9545,16.64332,17.0,19.72308,18.60108,20.61553,19.72308,18.86796,19.41649,22.02272,24.41311,23.43075,22.67157,22.80351,23.85372,23.02173,23.60085,24.18677,26.41969,25.4951,26.92582,24.35159,23.34524,26.07681,42.48529,45.79301,45.0,49.51767,52.3259,50.44799,52.63079,54.08327,55.47071,55.00909,58.69412,60.72891,65.45991,66.48308,70.0928,63.50591,68.88396,67.18631,73.24616,75.0,72.00694,76.10519,69.46222,74.1485,75.18643,75.70997,76.15773,75.18643,69.37579,74.94665,70.21396,74.0,68.00735,69.57011,69.26038,68.30813,59.48109,63.24555,62.93648,64.56005,64.28841,59.22837,62.58594,59.84146,61.66036,63.12686,61.52235,62.00806,66.06815,63.12686,67.26812,73.17103,74.16873,67.26812,76.41989,73.43705,75.66373
11.31371,11.31371,10.63015,10.63015,9.89949,9.21954,8.48528,8.48528,7.81025,7.07107,7.07107,7.07107,6.40312,6.40312,5.65685,5.83095,5.0,4.47214,4.47214,4.47214,4.47214,4.47214,4.12311,4.12311,4.12311,4.0,4.0,4.0,4.12311,4.12311,4.12311,4.12311,4.12311,4.12311,4.12311,4.12311,4.47214,4.12311,4.12311,4.47214,5.38516,4.47214,4.47214,4.12311,4.12311,4.12311,5.09902,5.09902,5.09902,5.0,5.0,5.09902,77.69813,71.19691,66.7308,67.60178,66.7308,63.95311,59.48109,59.03389,55.9017,53.7122,50.11986,47.85394,47.85394,44.28318,41.59327,37.57659,38.91015,34.1321,31.90611,34.48188,28.42534,26.24881,26.1725,24.83948,24.83948,21.63331,20.61553,21.47091,18.60108,18.02776,18.02776,20.39608,18.02776,19.10497,21.0238,17.02939,18.11077,21.37756,20.02498,20.0,23.5372,22.36068,22.2036,24.08319,23.19483,23.0,25.31798,23.19483,24.08319,21.37756,25.07987,27.01851,27.0,26.4764,23.34524,23.76973,20.61553,40.60788,45.17743,47.09565,48.04165,46.87217,50.01,52.88667,52.63079,54.42426,56.36488,58.59181,61.05735,62.68174,63.24555,65.21503,66.6033,70.03571,70.03571,69.42622,71.70077,71.40028,74.63243,74.06079,74.43118,73.82412,73.92564,74.24958,71.55418,71.11962,72.01389,70.26379,69.857,68.54196,66.30988,68.02941,65.79514,63.97656,61.32699,57.70615,61.29437,58.66856,60.90156,57.98276,60.46487,58.24946,61.22091,63.12686,62.36986,61.6198,63.12686,67.26812,70.0928,70.0928,71.50524,75.9276,73.24616,76.05919
12.20656,10.81665,10.81665,10.81665,10.0,10.0,9.43398,8.60233,8.60233,7.81025,7.81025,7.2111,7.2111,6.40312,5.83095,5.83095,5.38516,5.38516,4.47214,4.47214,4.12311,4.12311,4.12311,4.0,4.0,4.0,4.12311,4.12311,4.12311,4.12311,4.12311,4.12311,4.47214,4.47214,4.47214,4.47214,4.47214,4.47214,4.47214,4.47214,5.38516,4.47214,5.38516,4.47214,4.47214,5.09902,5.09902,5.09902,5.09902,5.0,5.0,5.0,74.20243,75.60423,68.00735,67.47592,70.60453,59.46427,60.10824,58.72819,55.31727,53.8145,51.73973,48.08326,45.34314,45.96738,40.0,40.60788,38.28838,35.22783,32.64966,32.80244,29.15476,30.80584,27.78489,23.32381,22.82542,21.93171,21.93171,23.34524,17.11724,21.0238,20.0,17.11724,17.26268,17.26268,21.37756,18.97367,16.76305,22.13594,21.54066,21.18962,24.16609,23.32381,21.93171,25.94224,22.47221,23.4094,23.4094,25.4951,26.0,20.24846,26.92582,25.29822,26.1725,25.17936,25.31798,27.0,22.0,41.86884,42.19005,47.88528,47.01064,51.24451,47.53946,51.78803,52.46904,55.14526,56.0,60.03332,60.29925,62.20129,64.93843,63.06346,66.21933,67.72001,71.51224,67.77905,70.68239,71.11962,73.43024,73.57309,72.40166,73.4983,74.06079,74.4043,71.06335,72.62231,71.50524,70.29225,69.35416,67.94115,70.00714,66.48308,61.55485,65.8559,63.78087,61.84658,61.40033,59.81639,58.24946,60.21628,62.1289,55.9464,58.83026,60.90156,60.82763,64.88451,67.97794,64.88451,67.1193,69.83552,72.01389,73.34848,76.47876,77.52419
12.36932,12.36932,11.40175,11.18034,10.19804,10.19804,10.19804,9.21954,9.21954,8.24621,8.24621,8.24621,7.28011,7.28011,6.32456,6.32456,6.32456,5.38516,5.38516,4.47214,4.47214,5.0,4.47214,5.0,3.60555,4.24264,4.24264,3.60555,3.60555,3.60555,3.60555,4.47214,4.47214,4.47214,4.47214,4.47214,4.47214,4.47214,4.47214,4.47214,4.47214,4.47214,5.38516,5.38516,4.47214,4.47214,4.47214,5.0,5.0,5.0,5.0,5.0,75.0,72.42237,73.08215,70.83784,69.12308,60.87693,62.58594,61.66036,57.07013,53.75872,51.66237,48.76474,47.85394,42.75512,44.55334,44.38468,39.31921,37.10795,35.90265,30.08322,31.38471,28.79236,25.29822,24.59675,21.93171,23.85372,23.32381,20.80865,21.40093,19.79899,20.51828,21.93171,20.59126,22.47221,20.24846,22.82542,21.54066,22.80351,23.76973,21.54066,21.18962,22.80351,21.54066,20.61553,24.35159,24.59675,26.0,28.63564,23.4094,23.25941,26.92582,27.45906,24.41311,24.83948,27.80288,24.75884,26.24881,43.93177,44.40721,47.0,51.08816,49.25444,52.88667,52.49762,53.48832,56.0803,58.13777,60.20797,62.42596,63.00794,65.43699,63.41136,67.89698,69.29646,70.83784,73.24616,70.60453,76.40026,74.62573,75.80237,74.30343,73.34848,75.58439,71.51224,72.44998,74.33034,75.27284,72.12489,73.08215,67.05222,68.62215,67.35726,65.80274,65.0,62.93648,62.93648,60.44005,60.74537,57.38467,60.16644,62.24147,57.69749,62.96825,59.16925,62.43397,62.96825,63.52952,66.57327,67.74216,74.30343,73.06162,69.35416,77.82673,77.82031
12.16553,11.04536,11.04536,10.04988,10.04988,9.05539,9.05539,8.06226,8.06226,8.06226,7.07107,7.07107,6.08276,6.08276,6.08276,5.09902,5.09902,4.12311,4.47214,4.47214,4.12311,3.60555,3.60555,3.60555,2.82843,2.82843,3.60555,3.60555,3.60555,3.60555,3.60555,4.12311,4.47214,4.12311,4.47214,4.12311,4.12311,4.12311,4.12311,4.12311,4.12311,4.12311,4.47214,4.47214,4.47214,4.47214,4.47214,5.0,5.0,4.24264,4.24264,4.24264,75.28612,72.8011,69.12308,70.34202,67.68309,64.32729,58.0517,61.52235,55.44367,55.3263,49.64877,50.48762,45.70558,42.95346,42.42641,39.45884,36.67424,33.37664,33.37664,30.36445,31.7805,26.0,26.0,23.25941,22.36068,20.59126,19.72308,20.61553,20.61553,15.55635,16.27882,18.86796,20.59126,17.20465,18.78829,21.54066,22.84732,22.80351,21.54066,21.37756,22.80351,21.37756,18.68154,22.47221,23.08679,24.04163,26.24881,22.13594,26.24881,28.63564,26.83282,24.59675,27.78489,23.60085,26.90725,25.45584,25.45584,41.59327,44.04543,46.0,47.38143,49.72927,53.48832,54.40588,58.18075,55.4617,56.4358,59.07622,60.21628,64.03124,67.20863,65.79514,64.38167,69.42622,68.41053,71.28113,71.02112,70.3278,76.15773,70.66116,74.24958,75.39231,75.27284,74.0,75.43209,71.8401,75.0,70.0928,70.34202,70.83078,70.21396,67.68309,64.13267,63.56099,61.84658,60.63827,58.69412,61.68468,61.68468,60.72891,60.16644,62.03225,58.13777,62.16912,63.95311,67.08204,65.29931,70.23532,71.11962,72.47068,68.02941,74.24958,78.79086,74.32362
12.64911,12.64911,11.7047,11.7047,10.77033,10.77033,9.84886,9.84886,8.94427,8.544,8.544,7.61577,7.61577,7.28011,6.7082,6.32456,6.32456,5.38516,5.09902,5.09902,5.09902,4.12311,4.0,4.0,4.0,4.0,4.12311,4.12311,4.12311,3.16228,4.12311,4.47214,4.47214,3.60555,4.47214,3.60555,4.47214,3.60555,3.60555,4.47214,4.47214,4.47214,4.47214,4.47214,4.47214,4.47214,4.12311,5.09902,5.09902,5.09902,5.0,5.0,74.33034,74.8131,72.99315,68.44706,64.13267,62.8172,61.40033,58.94065,55.08176,55.08176,53.45091,51.86521,49.0408,46.57252,40.5216,42.44997,41.23106,34.71311,33.73426,32.55764,32.24903,26.68333,26.01922,24.08319,23.08679,23.08679,21.0238,21.2132,22.13594,18.78829,17.46425,19.69772,19.72308,21.40093,17.80449,21.26029,19.84943,21.40093,19.84943,22.02272,19.10497,20.80865,21.2132,23.34524,23.43075,24.75884,22.62742,22.67157,24.08319,22.67157,24.41311,27.80288,27.45906,23.70654,24.59675,25.63201,25.4951,42.29657,46.84015,45.31004,48.76474,53.00943,52.63079,54.48853,55.15433,56.85068,57.62812,59.68249,60.53924,62.17717,65.74192,67.1193,69.46222,73.68175,69.12308,71.06335,74.1485,72.83543,78.31347,74.24284,77.05842,76.00658,78.00641,77.05842,75.32596,71.34424,73.5527,70.71068,72.99315,70.03571,68.73136,70.40597,68.73136,64.28063,63.95311,62.39391,63.1981,64.49806,60.13319,63.12686,63.03174,62.0,60.03332,63.03174,65.06919,68.02941,67.26812,69.35416,68.26419,72.1734,72.06247,77.05842,76.02631,76.00658
13.0,12.0,11.0,11.04536,11.04536,10.04988,10.04988,9.05539,9.05539,9.05539,8.06226,8.0,7.0,7.0,6.0,6.0,6.0,5.0,5.0,5.09902,5.0,4.12311,4.12311,4.12311,3.16228,3.60555,3.60555,3.60555,3.60555,3.60555,2.82843,3.60555,4.24264,3.60555,3.60555,3.60555,3.60555,3.60555,3.60555,3.60555,3.60555,3.60555,4.24264,4.24264,4.24264,4.24264,4.24264,4.24264,4.24264,4.47214,4.47214,4.47214,73.5527,74.33034,70.45566,68.06614,67.1193,63.00794,59.0,58.00862,54.0,54.08327,51.0392,48.04165,46.01087,45.04442,43.01163,39.11521,36.01389,35.0571,33.01515,30.14963,31.14482,28.63564,26.4764,24.5153,20.88061,22.47221,21.54066,20.61553,21.47091,18.60108,16.40122,19.84943,19.10497,20.24846,18.78829,20.61553,17.20465,22.82542,20.12461,21.0238,20.61553,20.39608,21.0238,20.61553,18.86796,21.09502,24.59675,22.47221,24.59675,24.41311,23.32381,25.05993,23.60085,20.61553,24.83948,22.2036,26.40076,42.04759,44.91102,47.75982,49.76947,49.64877,51.86521,53.41348,54.81788,56.58622,56.56854,56.85068,61.84658,62.42596,64.3506,65.36819,65.8635,70.66116,68.02941,71.51224,71.16881,73.37575,76.65507,74.73286,76.48529,75.31268,76.94154,72.44308,75.32596,73.10951,74.06079,71.00704,73.10951,73.00685,66.00758,70.02857,63.03174,63.03174,63.12686,62.00806,60.13319,62.28965,61.98387,61.66036,61.39218,61.98387,60.63827,61.84658,64.19502,64.56005,66.09841,68.00735,70.83784,68.68042,73.08215,77.62087,75.43209,74.95332
11.18034,11.18034,10.29563,10.29563,9.43398,9.43398,8.60233,8.06226,7.2111,7.2111,7.2111,6.7082,5.83095,5.83095,5.38516,4.47214,4.47214,4.12311,4.12311,4.12311,3.16228,3.16228,3.0,3.0,3.0,3.16228,2.23607,3.16228,3.60555,3.60555,3.60555,3.60555,3.60555,3.60555,3.60555,3.60555,4.24264,3.60555,3.60555,3.60555,3.60555,4.24264,3.60555,3.60555,3.60555,4.47214,4.47214,4.47214,4.12311,4.12311,4.12311,4.0,74.09453,72.40166,70.17834,67.42403,67.20119,60.44005,61.84658,61.07373,54.03702,51.85557,51.73973,49.57822,47.50789,41.86884,40.60788,40.36087,36.40055,32.44996,33.42155,33.01515,27.20294,29.68164,25.29822,25.07987,23.70654,22.36068,18.68154,21.2132,18.02776,20.0,20.0,18.02776,18.68154,15.81139,16.27882,17.72005,16.76305,19.69772,23.08679,17.46425,21.47091,22.47221,24.16609,21.54066,20.61553,24.35159,24.04163,26.0,25.63201,23.76973,26.24881,26.68333,26.4764,25.31798,23.19483,25.17936,24.5153,40.45986,41.86884,48.16638,48.16638,50.24938,48.76474,52.55473,53.16014,55.08176,55.10898,57.87055,62.39391,62.39391,65.27634,69.00725,66.1211,70.25667,69.72087,71.38627,74.73286,74.33034,78.16009,73.73602,78.0,74.73286,74.68601,74.70609,77.41447,72.56032,75.66373,68.26419,70.72482,71.61006,67.42403,64.40497,67.1193,62.68174,63.00794,60.46487,61.91123,63.28507,59.5399,62.64982,61.7171,63.50591,60.83584,62.24147,64.2573,66.12866,63.56886,69.57011,70.2282,72.8011,70.77429,74.46476,77.47258,75.6439
11.6619,11.6619,10.81665,10.81665,10.0,10.0,8.60233,8.60233,8.60233,7.81025,7.2111,7.2111,7.2111,6.40312,5.83095,5.83095,5.38516,4.47214,4.47214,4.47214,3.16228,3.16228,3.16228,3.16228,3.0,3.0,3.0,3.16228,3.16228,2.23607,3.16228,3.16228,3.60555,3.60555,3.60555,3.60555,3.60555,3.60555,3.60555,3.60555,3.60555,3.60555,3.60555,3.60555,3.60555,3.60555,3.16228,4.12311,4.12311,4.12311,4.0,4.0,70.21396,66.4003,69.81404,64.03124,66.4003,63.70243,59.66574,58.69412,55.22681,53.07542,52.34501,46.69047,50.32892,43.93177,41.10961,37.01351,38.20995,35.0,31.241,30.80584,30.52868,27.78489,22.84732,25.94224,23.76973,21.54066,20.88061,18.68154,17.11724,19.10497,20.09975,21.09502,16.27882,16.76305,19.31321,17.46425,18.02776,20.61553,21.0238,21.18962,21.18962,21.47091,21.47091,25.05993,21.40093,23.32381,23.32381,22.82542,21.93171,25.4951,24.16609,25.0,23.76973,23.34524,23.34524,23.34524,25.01999,40.80441,45.79301,47.01064,49.39636,49.72927,51.97115,52.46904,56.22277,56.0357,56.0357,57.21888,62.28965,63.3877,63.95311,67.68309,68.00735,67.6757,70.38466,72.49828,72.00694,73.40981,74.09453,72.20111,69.89278,75.21303,74.4043,73.24616,74.20243,72.24957,73.66139,70.0928,70.72482,71.44928,69.42622,68.593,67.89698,62.482,65.06919,63.03174,61.22091,63.60031,60.21628,61.61169,60.80296,62.96825,61.29437,61.29437,63.97656,64.88451,65.30697,68.44706,71.17584,73.79024,69.31811,75.13322,76.53757,75.66373
11.18034,11.04536,11.04536,10.04988,10.04988,9.05539,9.0,9.05539,8.0,7.07107,7.07107,7.07107,6.08276,6.08276,5.09902,5.09902,5.09902,4.12311,4.12311,3.16228,3.16228,3.16228,3.16228,2.82843,2.82843,2.82843,2.82843,2.23607,3.16228,3.16228,3.16228,3.16228,3.16228,3.16228,3.16228,3.16228,3.16228,3.16228,3.16228,3.16228,3.16228,3.16228,4.12311,4.12311,4.12311,4.12311,3.60555,3.60555,3.60555,3.60555,4.24264,3.60555,74.33034,68.06614,71.11259,66.0303,65.03076,64.0,59.0,59.00847,54.03702,54.0,51.0392,50.01,48.01042,42.0119,43.01163,41.04875,38.0,36.0,33.01515,28.16026,29.61419,27.65863,24.08319,21.58703,20.88061,20.39608,21.54066,20.59126,17.02939,18.02776,17.69181,18.43909,15.6205,20.0,19.41649,17.49286,16.64332,19.92486,22.36068,21.0238,22.36068,22.47221,21.54066,22.36068,22.47221,21.93171,24.69818,22.84732,22.82542,24.18677,23.02173,24.41311,24.41311,22.2036,23.34524,25.45584,25.55386,39.62323,44.14748,45.31004,50.08992,49.39636,51.61395,50.44799,55.97321,56.56854,56.85068,59.40539,60.80296,61.85467,64.14047,69.77105,63.56099,72.01389,68.35203,74.09453,71.8401,73.24616,75.70997,73.34848,73.68175,74.54529,75.42546,73.17103,76.23647,72.0,76.05919,70.02857,73.06162,72.00694,68.06614,70.06426,67.1193,64.03124,65.0,62.03225,62.00806,63.12686,61.29437,63.3877,61.66036,60.53098,60.41523,60.82763,61.98387,65.25335,64.53681,67.72001,72.12489,77.36924,69.63476,73.4983,75.70997,75.70997
11.7047,11.7047,10.77033,10.44031,10.44031,9.48683,9.48683,8.544,8.24621,7.28011,7.28011,7.28011,6.32456,6.32456,6.32456,5.38516,5.38516,4.47214,4.47214,4.47214,4.47214,3.60555,3.60555,3.60555,2.82843,3.60555,2.82843,2.23607,3.16228,3.16228,3.16228,3.16228,3.16228,3.16228,3.16228,3.16228,3.0,3.16228,3.16228,3.0,3.16228,4.12311,4.12311,4.12311,3.16228,4.12311,4.12311,4.47214,3.60555,3.60555,3.60555,4.24264,76.89603,74.94665,71.86793,69.26038,67.06713,62.36185,61.03278,61.03278,57.48913,53.36666,50.96077,44.91102,44.94441,42.95346,43.17407,42.2019,39.05125,37.36308,33.61547,29.73214,30.88689,28.63564,27.80288,25.94224,20.24846,22.67157,18.43909,21.2132,19.84943,19.72308,19.23538,18.78829,17.46425,20.61553,19.41649,18.68154,20.39608,20.61553,18.24829,19.0263,19.10497,20.09975,22.36068,23.08679,22.56103,22.2036,23.02173,22.2036,26.30589,22.36068,23.4094,23.5372,25.29822,25.07987,23.25941,25.55386,24.20744,43.41659,48.01042,50.63596,48.6621,43.86342,54.78138,52.43091,59.90826,61.91123,58.0517,60.20797,55.22681,63.03174,64.53681,72.24957,66.61081,70.93659,64.40497,72.20111,68.0,76.02631,75.13322,76.05919,78.18568,75.58439,78.77182,73.68175,74.46476,74.63243,74.72617,67.91171,72.03471,70.83078,68.06614,69.42622,65.0,64.03124,63.32456,63.06346,63.56886,63.90618,59.61543,64.07808,60.92618,61.7414,57.24509,62.64982,64.49806,66.88797,66.24198,68.26419,69.33974,71.34424,70.3278,76.15773,79.75588,77.52419
11.40175,11.40175,10.81665,10.81665,9.43398,9.43398,8.60233,8.60233,8.06226,7.2111,7.2111,7.2111,6.7082,5.83095,5.83095,5.0,5.0,5.0,4.24264,4.24264,4.24264,3.60555,3.60555,2.82843,2.82843,3.16228,3.16228,3.16228,3.0,3.0,3.0,3.0,3.0,3.0,3.0,3.0,3.0,3.0,3.0,3.0,3.0,3.0,3.0,4.0,4.0,4.0,4.0,4.12311,4.12311,4.12311,3.60555,3.60555,75.28612,72.62231,70.0,65.0,65.0,65.0,60.46487,57.98276,53.53504,54.6443,50.77401,48.54894,47.01064,44.94441,43.04649,38.27532,36.40055,35.60899,30.80584,29.83287,31.40064,28.3196,24.08319,25.45584,24.20744,24.20744,18.35756,22.82542,21.63331,21.0238,19.92486,17.46425,18.24829,17.0,19.10497,20.09975,18.0,17.02939,23.0,21.2132,20.0,23.02173,21.84033,24.33105,20.61553,23.02173,23.5372,21.58703,26.1725,24.08319,25.0,23.02173,24.08319,24.02082,23.19483,25.96151,22.84732,42.48529,44.01136,49.0408,51.1957,51.24451,50.01,53.08484,54.45181,56.7186,58.0517,60.87693,61.03278,63.89053,65.39113,66.64083,65.76473,68.47627,68.09552,71.02112,72.62231,71.8401,76.57676,74.41102,71.44928,74.33034,74.41102,75.16648,75.60423,72.47068,73.60027,71.61006,70.21396,70.17834,67.42403,71.02112,67.1193,64.89992,64.07027,64.40497,61.07373,62.00806,61.6198,63.65532,58.69412,59.4138,62.36986,62.2254,63.25346,67.62396,68.41053,66.8431,66.4003,70.43437,73.75636,74.65253,76.48529,76.48529
12.52996,11.18034,11.18034,10.77033,9.84886,9.84886,9.84886,8.544,8.544,7.61577,7.61577,7.61577,6.7082,6.7082,6.32456,5.83095,5.83095,4.47214,4.47214,4.47214,3.60555,3.60555,3.60555,3.60555,3.60555,3.60555,3.60555,3.16228,2.23607,3.16228,3.16228,3.16228,3.16228,3.16228,3.16228,3.16228,3.0,3.0,3.0,3.0,4.12311,4.0,4.12311,4.12311,4.12311,4.12311,4.12311,4.47214,4.47214,4.47214,3.60555,4.24264,73.3553,75.6439,66.30988,65.0,64.62198,59.80803,63.90618,60.08328,58.82176,50.96077,50.32892,47.12749,47.43416,44.64303,41.4367,40.80441,40.26164,35.73514,32.57299,30.41381,30.01666,27.29469,28.6531,20.80865,22.80351,23.60085,20.51828,19.79899,18.43909,19.84943,18.02776,18.02776,14.31782,17.46425,20.61553,21.18962,21.58703,20.22375,17.02939,18.0,22.09072,23.08679,19.23538,20.02498,19.0263,23.34524,23.02173,26.07681,23.5372,22.2036,26.30589,24.5153,25.63201,24.69818,23.02173,25.23886,24.83948,42.75512,44.40721,47.04253,49.0408,50.80354,50.9902,54.70832,56.30275,58.30952,56.82429,61.05735,62.42596,63.82006,64.2028,66.70832,70.83784,70.0928,76.38063,67.26812,70.93659,72.20111,74.88658,77.69813,77.41447,75.58439,75.591,72.91776,72.01389,73.40981,72.09022,71.69379,70.38466,70.2282,69.64194,71.16881,65.45991,68.15424,64.62198,63.90618,61.32699,58.18075,61.29437,59.5399,64.49806,56.4358,62.76942,64.66065,63.00794,60.80296,70.21396,68.41053,70.60453,69.40461,74.4043,76.27582,74.09453,76.00658
12.0,11.04536,11.04536,10.04988,10.04988,9.05539,9.05539,8.06226,8.06226,7.07107,7.07107,7.0,7.0,6.0,5.0,5.0,5.0,4.12311,4.12311,4.12311,4.12311,3.16228,3.16228,3.60555,3.60555,2.82843,3.60555,3.60555,3.60555,3.60555,3.60555,3.60555,3.60555,4.47214,4.47214,4.12311,4.47214,4.12311,4.47214,4.47214,4.47214,4.47214,4.47214,4.47214,4.47214,4.47214,5.0,4.24264,4.24264,4.24264,4.24264,3.60555,73.24616,68.68042,71.47027,67.06713,67.06713,60.74537,61.09828,59.09315,55.54278,51.26402,48.8467,47.43416,45.22168,42.72002,41.23106,38.60052,38.07887,33.24154,34.78505,28.63564,28.16026,28.79236,23.08679,24.02082,24.0,21.0238,19.0263,20.09975,18.11077,15.65248,15.81139,20.80865,18.78829,17.0,19.84943,15.6205,19.41649,20.51828,20.51828,21.2132,23.60085,19.20937,20.51828,23.34524,23.34524,24.20744,26.1725,24.83948,22.62742,26.24881,25.23886,24.41311,27.29469,23.70654,22.84732,24.33105,23.34524,38.91015,44.77723,45.0,47.42362,51.62364,51.08816,49.40648,54.3783,53.85165,56.35601,57.93962,60.08328,62.03225,66.70832,65.25335,63.50591,69.46222,69.46222,70.06426,73.00685,70.06426,75.16648,74.43118,74.1485,74.52516,74.95332,72.27724,71.8401,70.21396,72.73239,69.26038,71.8401,69.26038,69.57011,67.6757,68.62215,65.45991,62.29767,61.35145,62.36185,58.94065,58.94065,59.90826,63.95311,59.03389,56.32051,60.53098,63.03174,66.18912,64.38167,65.27634,70.34913,70.25667,68.18358,75.53807,72.83543,80.50466
12.52996,11.18034,11.18034,11.18034,10.77033,9.84886,9.84886,8.94427,8.544,7.61577,7.61577,6.7082,6.7082,6.7082,5.83095,5.83095,5.0,5.0,4.24264,4.24264,4.24264,4.24264,3.60555,3.60555,3.16228,4.12311,4.12311,3.16228,4.0,4.12311,4.0,4.0,4.0,4.0,5.0,4.0,5.0,4.0,5.0,5.0,5.0,5.0,5.0,5.0,5.0,5.09902,5.09902,5.09902,5.38516,5.38516,4.47214,4.47214,72.8011,74.09453,70.17834,67.41662,67.60178,62.76942,60.82763,58.59181,56.36488,53.23533,48.75449,47.85394,46.95743,42.95346,41.18252,39.35734,37.58989,33.10589,33.24154,31.38471,28.30194,28.3196,26.40076,25.0,23.43075,23.60085,19.84943,20.80865,19.10497,19.64688,17.72005,18.68154,18.43909,16.49242,17.0,17.72005,20.09975,21.0238,21.0238,22.09072,22.2036,23.02173,22.09072,24.02082,23.02173,23.02173,25.07987,23.19483,23.19483,28.16026,26.30589,24.33105,28.16026,23.76973,24.35159,25.94224,23.02173,41.88078,42.54409,45.88028,47.80167,48.6621,48.04165,51.0098,54.03702,55.14526,54.74486,59.66574,62.36185,60.40695,63.97656,65.0,67.1193,68.88396,65.8635,71.02112,70.60453,74.65253,72.8011,74.27651,74.27651,74.65253,75.16648,74.65253,75.43209,72.8011,70.0,71.61006,70.17834,70.72482,66.28725,67.95587,65.73431,66.28725,62.1289,62.43397,64.07027,62.00806,59.66574,60.82763,61.07373,59.5483,58.72819,62.24147,60.82763,61.55485,66.48308,68.593,67.20863,70.71068,71.42129,74.96666,72.86288,77.89737
11.18034,11.18034,10.19804,10.04988,10.04988,9.05539,9.05539,9.05539,8.06226,7.07107,7.07107,7.07107,6.08276,6.08276,5.09902,5.09902,5.09902,4.12311,4.12311,4.12311,4.12311,3.16228,3.16228,2.82843,2.82843,2.82843,2.82843,2.82843,2.23607,2.23607,3.16228,3.16228,3.16228,3.16228,3.16228,3.16228,3.16228,3.16228,3.16228,3.16228,3.16228,3.16228,3.16228,4.12311,4.12311,3.60555,3.60555,3.60555,3.60555,3.60555,4.24264,3.60555,73.37575,73.4983,69.37579,63.56099,66.94027,62.16912,61.98387,60.01666,56.56854,50.48762,51.62364,47.26521,46.17359,41.10961,40.02499,39.05125,37.48333,33.73426,30.67572,34.48188,29.12044,28.23119,25.63201,21.54066,20.24846,20.24846,21.9545,17.69181,15.55635,18.38478,17.80449,18.86796,18.02776,17.46425,17.72005,18.68154,18.97367,17.72005,19.64688,19.92486,20.61553,19.64688,21.58703,19.64688,22.56103,22.56103,19.64688,26.4764,23.76973,23.70654,21.18962,23.70654,25.4951,23.85372,25.80698,20.80865,23.34524,40.4475,45.01111,47.26521,48.83646,51.66237,50.69517,52.83938,53.0,54.91812,57.80138,61.03278,60.60528,60.87693,63.63961,63.70243,65.29931,67.47592,69.63476,70.17834,69.35416,72.49828,71.17584,75.6439,76.48529,75.76939,74.67262,73.68175,70.34202,74.2159,71.80529,72.03471,73.97973,70.71068,64.77654,69.58448,69.87131,67.68309,66.21933,61.61169,58.94065,58.94065,62.93648,59.13544,63.32456,61.09828,58.69412,59.80803,64.62198,61.7414,65.39113,69.46222,68.26419,69.857,73.34848,76.53757,76.48529,75.76939
11.40175,11.40175,10.0,10.0,10.0,8.60233,8.60233,8.60233,7.81025,7.81025,7.2111,6.40312,6.40312,6.40312,5.65685,5.65685,5.0,4.24264,4.24264,3.60555,3.60555,3.60555,3.60555,3.16228,3.16228,4.12311,4.0,4.0,3.0,4.0,4.0,4.12311,4.12311,4.12311,4.12311,4.12311,4.12311,4.12311,4.12311,4.12311,4.12311,5.09902,5.09902,5.0,4.0,4.0,5.0,5.0,4.0,4.12311,4.12311,4.47214,75.71658,71.86793,70.3278,69.83552,66.7308,64.41273,60.82763,58.13777,52.80152,51.89412,49.65884,48.75449,44.28318,43.41659,42.04759,37.21559,38.91015,36.24914,33.28663,30.80584,31.62278,26.40076,24.41311,24.83948,20.61553,20.51828,22.02272,19.20937,19.41649,20.24846,18.78829,17.72005,20.88061,20.61553,20.22375,20.61553,20.0,20.0,20.0,23.08679,21.0,21.0,21.0238,21.0238,24.18677,21.0238,24.02082,24.33105,25.01999,22.09072,23.02173,26.30589,29.06888,26.30589,26.92582,25.55386,24.69818,42.54409,44.01136,44.92215,49.81967,48.16638,52.00961,51.0392,54.33231,56.4358,58.46366,57.28001,60.72891,65.14599,64.07808,67.97794,65.76473,70.49113,69.89278,70.0,72.47068,71.8401,73.0,73.59348,75.00667,76.05919,73.75636,75.60423,76.02631,69.89278,73.78347,69.64194,72.20111,68.60029,67.60178,65.76473,65.51336,61.40033,61.05735,63.28507,59.68249,61.91123,60.0,59.20304,62.482,59.03389,59.66574,58.89822,63.70243,65.79514,66.6033,67.88225,69.29646,69.42622,71.42129,76.41989,75.43209,80.91971
12.04159,10.63015,10.63015,10.63015,10.0,9.21954,9.21954,9.21954,8.60233,7.81025,7.81025,7.2111,6.40312,5.65685,5.65685,5.65685,5.0,5.0,5.0,4.47214,3.60555,4.47214,4.47214,3.16228,4.12311,4.12311,4.0,4.0,4.0,4.0,4.0,4.12311,4.12311,4.12311,4.12311,4.12311,4.12311,4.12311,4.12311,4.12311,4.12311,5.09902,5.09902,5.09902,5.09902,5.09902,5.0,5.0,5.0,5.09902,5.09902,4.12311,77.07788,69.29646,70.72482,66.48308,66.70832,63.25346,60.87693,61.07373,56.61272,52.43091,50.0,47.01064,46.8615,44.65423,41.10961,39.82462,37.80212,36.23534,32.01562,32.55764,30.41381,29.0,24.04163,24.20744,22.2036,21.9545,21.0238,18.97367,20.59126,19.41649,19.41649,20.02498,20.22375,21.0,20.0,21.0238,18.02776,20.39608,21.09502,21.84033,20.61553,22.56103,24.33105,22.56103,21.37756,22.56103,25.70992,22.36068,24.08319,23.34524,26.01922,25.07987,26.0,26.07681,25.31798,25.0,22.84732,43.18565,44.68781,49.92995,48.75449,49.0408,47.12749,51.41984,53.75872,56.7186,58.07753,58.00862,61.20457,61.52235,64.93843,65.30697,66.70832,69.64194,68.94926,70.2282,71.11259,70.71068,72.94518,75.47185,72.94518,76.40026,75.45197,72.47068,75.28612,74.51845,71.58911,70.72482,70.00714,67.89698,67.89698,69.35416,66.48308,61.52235,62.93648,59.4138,62.36986,63.12686,59.66574,59.03389,58.41233,57.80138,63.81222,59.40539,59.68249,64.3506,67.41662,69.11584,69.33974,69.64194,69.06519,71.56116,73.81734,78.60025
12.04159,11.04536,11.04536,10.0,10.0,9.0,9.0,8.0,8.0,8.0,7.07107,7.07107,6.08276,6.08276,5.09902,5.09902,5.09902,5.09902,4.12311,4.47214,4.47214,4.47214,3.60555,3.60555,3.60555,3.60555,3.60555,3.60555,3.60555,3.16228,3.60555,3.16228,3.16228,4.12311,4.12311,4.12311,4.12311,4.12311,4.12311,4.12311,4.12311,4.12311,4.12311,4.47214,4.47214,4.47214,4.47214,4.47214,4.47214,5.0,4.24264,4.24264,70.06426,70.00714,70.02857,71.02816,64.12488,62.03225,62.03225,57.31492,54.23099,53.23533,50.35871,47.09565,44.40721,45.70558,41.19466,40.0125,36.12478,33.0,31.06445,30.01666,27.01851,29.15476,24.18677,26.1725,24.5153,18.68154,19.31321,23.70654,15.26434,16.40122,19.10497,16.40122,18.43909,15.0,20.24846,19.20937,20.80865,21.9545,21.09502,19.72308,18.86796,19.23538,24.18677,20.24846,20.59126,24.16609,23.85372,24.69818,20.80865,25.0,24.20744,24.04163,25.4951,22.62742,23.34524,22.82542,26.41969,41.4367,41.97618,44.94441,47.01064,50.11986,48.25971,52.49762,53.75872,55.15433,57.38467,62.62587,61.29437,63.24555,64.88451,65.36819,66.21178,66.85058,70.00714,68.94926,70.34202,73.97973,72.56721,72.99315,76.94154,73.24616,73.17103,73.06162,73.00685,75.00667,71.02816,71.06335,72.11103,68.18358,68.26419,67.36468,66.0303,64.03124,67.0,62.07254,61.0,60.00833,60.13319,59.03389,60.20797,58.07753,59.84146,58.54912,61.18823,61.98387,67.46851,66.4906,66.28725,71.80529,73.00685,74.96666,69.72087,77.52419
12.64911,11.7047,11.7047,10.77033,10.77033,9.84886,9.84886,8.94427,8.544,8.544,8.544,7.61577,7.28011,6.32456,6.32456,6.32456,6.08276,5.09902,5.09902,5.09902,5.0,4.0,4.0,4.12311,4.12311,4.12311,4.47214,4.47214,4.47214,4.47214,4.47214,3.60555,5.0,4.24264,5.0,5.0,4.24264,5.0,5.0,5.0,5.0,5.0,5.0,5.0,5.0,5.0,5.83095,5.38516,5.38516,5.38516,5.09902,5.09902,71.61006,73.40981,68.8186,68.76772,68.88396,65.11528,62.36986,55.9017,55.15433,53.03772,52.3259,48.16638,47.50789,41.72529,41.72529,40.45986,34.65545,33.6006,33.30165,30.61046,32.24903,29.41088,25.4951,24.59675,23.25941,22.36068,20.61553,20.22375,18.43909,20.0,18.43909,21.09502,16.27882,18.24829,18.43909,20.61553,16.76305,21.54066,22.84732,21.47091,22.47221,23.08679,23.25941,21.93171,25.29822,23.76973,23.4094,26.92582,23.76973,24.04163,27.45906,26.4764,27.16616,27.01851,25.17936,23.34524,26.07681,41.10961,42.0119,46.61545,48.37355,49.24429,49.64877,53.60037,53.60037,56.7186,57.14018,57.03508,61.0082,62.00806,64.28063,64.49806,65.30697,66.70832,70.60453,67.06713,69.64194,74.73286,76.05919,73.82412,75.591,74.43118,74.79305,75.71658,75.21303,72.00694,72.8011,71.21798,70.93659,68.68042,70.0928,66.52819,66.06815,65.11528,63.03174,61.22091,61.22091,60.0,60.20797,59.90826,61.58734,61.05735,57.24509,56.82429,63.50591,64.40497,63.50591,64.4748,71.30919,70.21396,69.77105,75.13322,72.94518,74.79305
12.64911,11.7047,12.64911,10.77033,10.77033,10.44031,9.48683,9.48683,8.544,8.544,8.544,7.61577,7.28011,7.28011,6.32456,6.32456,6.08276,5.09902,5.0,5.0,5.0,4.0,5.0,4.12311,4.12311,4.12311,4.12311,4.47214,3.60555,4.47214,3.60555,4.24264,5.0,5.0,5.0,5.0,5.0,5.0,5.0,5.0,5.0,5.0,5.0,5.0,5.0,5.0,5.83095,5.38516,5.38516,5.38516,5.09902,5.09902,71.84706,70.03571,69.05071,67.74216,68.65858,61.40033,64.28841,60.72891,57.87055,52.20153,51.66237,53.14132,47.07441,43.9659,41.76123,40.26164,36.87818,34.20526,31.62278,30.26549,32.06244,31.257,23.19483,23.19483,24.08319,21.0238,21.2132,18.24829,20.61553,16.76305,17.46425,21.18962,18.78829,18.86796,18.60108,20.51828,19.10497,20.51828,21.26029,23.34524,22.67157,20.61553,22.80351,21.40093,23.34524,22.80351,23.43075,25.4951,23.34524,24.20744,24.83948,27.45906,24.69818,23.70654,26.83282,24.04163,25.0,42.2019,43.65776,47.42362,49.39636,50.60632,52.49762,52.34501,51.73973,54.20332,56.85948,57.80138,62.6099,60.37384,63.56099,66.40783,68.30813,71.47027,69.42622,70.21396,72.69113,74.43118,75.32596,80.025,73.00685,74.16873,74.06079,76.41989,77.41447,73.68175,71.84706,71.02112,68.73136,71.38627,68.44706,68.06614,64.7611,65.9242,61.0,63.78871,60.67125,61.98387,60.67125,59.3043,61.29437,59.03389,64.07027,58.00862,60.13319,62.1289,66.06815,65.00769,67.47592,69.11584,73.06162,75.00667,73.00685,75.02666
12.04159,12.04159,12.04159,12.04159,11.18034,10.19804,10.04988,9.21954,9.21954,8.24621,8.06226,8.06226,7.07107,7.07107,7.07107,6.08276,6.0,5.0,5.0,5.0,5.0,5.0,4.0,4.12311,4.12311,3.16228,3.60555,3.60555,3.60555,3.60555,3.60555,3.60555,3.60555,3.60555,4.24264,4.24264,4.24264,4.24264,4.24264,4.24264,4.24264,4.24264,4.24264,4.24264,4.24264,4.24264,5.0,5.0,4.47214,4.47214,4.47214,5.09902,75.23962,67.1193,73.02739,68.00735,64.03124,66.06815,61.07373,62.0,54.23099,57.14018,50.01,51.0098,48.25971,43.04649,45.09989,38.01316,40.0125,33.0,34.05877,29.27456,30.06659,25.01999,29.42788,24.5153,21.84033,25.29822,18.97367,22.36068,19.23538,20.24846,20.0,20.51828,16.97056,19.84943,15.6205,20.80865,19.72308,22.47221,21.9545,17.49286,20.61553,20.59126,20.61553,23.4094,21.47091,23.76973,23.76973,23.70654,24.59675,25.4951,23.32381,26.40076,23.34524,21.93171,25.45584,22.47221,25.4951,40.60788,44.27189,50.32892,51.88449,49.09175,55.0,52.49762,55.97321,58.69412,58.13777,58.60034,59.90826,64.07027,66.03787,69.35416,65.74192,71.55418,69.28925,73.37575,72.12489,71.8401,77.12976,73.5459,77.78175,77.16217,78.40918,75.10659,74.00676,73.00685,76.10519,68.02941,77.00649,75.05998,70.11419,68.0,66.0303,63.12686,64.07027,62.1289,62.1289,66.00758,61.07373,63.28507,62.514,63.50591,61.84658,58.69412,65.73431,65.51336,64.28841,66.70832,72.27724,74.46476,71.58911,72.78049,79.24645,77.87811
10.44031,10.44031,9.48683,9.48683,8.544,8.544,7.61577,7.28011,7.61577,6.32456,6.32456,6.32456,6.08276,6.08276,5.09902,4.12311,4.12311,4.0,4.0,4.0,3.0,3.0,3.16228,3.16228,3.16228,2.23607,2.82843,2.82843,2.82843,2.82843,3.60555,3.60555,3.60555,3.60555,3.60555,3.60555,3.60555,3.60555,3.60555,4.47214,3.60555,3.60555,3.60555,4.47214,4.24264,4.24264,4.24264,4.24264,4.24264,4.24264,3.60555,3.60555,73.06162,68.7968,74.43118,64.49806,61.58734,60.60528,55.21775,59.20304,55.0,53.60037,51.86521,44.94441,45.22168,41.40048,43.82921,40.0,36.05551,35.22783,33.61547,28.63564,29.54657,29.06888,22.13594,24.16609,20.88061,22.56103,19.41649,21.0,17.02939,15.0333,19.64688,20.61553,16.76305,19.69772,17.88854,20.59126,18.35756,19.41649,22.80351,19.20937,19.84943,22.02272,21.9545,21.40093,24.20744,21.93171,24.08319,23.02173,25.0,24.20744,25.05993,20.59126,25.94224,24.16609,23.76973,24.5153,27.01851,36.06938,50.24938,46.2277,40.31129,39.92493,55.14526,47.80167,53.75872,56.0803,53.03772,59.21149,63.95311,67.18631,56.75385,74.67262,66.61081,80.32434,58.94065,67.72001,73.06162,72.06941,80.06248,68.47627,74.88658,73.40981,75.0,75.60423,76.6094,68.0147,77.20104,67.94115,74.65253,69.2026,69.52697,70.29225,67.80118,58.13777,66.52819,63.78087,61.22091,65.21503,57.68882,62.1289,56.82429,62.26556,60.03332,61.26989,64.2573,64.2573,63.56099,66.30988,69.35416,75.6439,64.4748,72.49828,75.6439,77.47258
10.63015,10.63015,10.0,10.0,8.60233,8.60233,8.60233,7.81025,7.2111,7.2111,7.2111,6.40312,6.40312,5.0,5.0,4.24264,4.24264,4.24264,4.24264,3.60555,3.60555,3.60555,2.23607,3.16228,3.16228,3.0,3.0,3.0,3.0,3.16228,3.16228,3.16228,3.16228,3.16228,3.16228,3.16228,3.16228,3.16228,3.16228,3.16228,3.16228,4.12311,4.12311,3.16228,4.12311,4.12311,4.12311,4.0,4.0,4.0,4.12311,3.16228,70.66116,71.55418,67.53518,63.97656,65.0,62.62587,58.5235,58.18935,55.02727,50.59644,48.70318,44.94441,45.88028,43.68066,39.92493,39.56008,36.05551,34.0147,30.8707,32.69557,30.8707,26.40076,23.85372,22.2036,20.80865,22.80351,20.80865,21.93171,20.0,19.72308,16.40122,18.02776,15.23155,18.24829,20.88061,20.61553,19.0263,18.11077,21.0238,19.0263,24.0,19.10497,22.2036,21.0238,20.09975,20.09975,23.02173,23.08679,22.56103,24.33105,25.70992,23.5372,25.0,27.29469,21.93171,25.05993,24.83948,42.15448,42.2019,47.67599,47.09565,50.08992,48.6621,49.81967,52.39275,56.921,57.38467,59.61543,59.48109,61.40033,66.37017,66.85058,66.0303,68.88396,71.58911,69.29646,72.91776,73.66139,77.00649,77.20104,75.16648,73.92564,74.43118,74.43118,76.05919,76.92204,72.44998,71.11259,70.00714,71.17584,68.54196,69.07966,67.41662,66.48308,64.40497,63.56099,63.50591,60.37384,62.6099,60.82763,63.51378,59.64059,57.68882,61.61169,63.00794,65.80274,67.00746,68.41053,70.0,69.2026,71.61006,74.06079,72.42237,75.71658
12.80625,12.20656,11.40175,11.40175,10.81665,10.81665,10.0,10.0,9.43398,8.60233,8.60233,8.06226,7.81025,7.2111,6.40312,6.40312,5.65685,5.65685,5.65685,5.65685,5.0,5.0,4.24264,5.0,3.60555,4.47214,3.16228,4.12311,4.12311,4.12311,4.0,4.12311,4.0,4.0,4.0,4.0,4.0,5.0,4.0,5.0,5.0,5.0,5.0,5.0,5.0,5.09902,5.09902,5.38516,4.12311,5.38516,5.38516,5.83095,72.86288,72.18033,71.44928,70.76722,68.0147,62.36986,63.25346,60.44005,53.90733,50.60632,53.60037,47.01064,48.27007,42.80187,41.40048,39.20459,40.45986,35.35534,33.30165,32.52691,29.69848,29.73214,25.45584,26.62705,22.2036,18.60108,21.09502,20.24846,18.78829,19.31321,17.72005,16.49242,18.02776,17.02939,19.0,20.02498,18.43909,19.41649,22.02272,21.09502,18.24829,23.34524,23.34524,23.34524,22.56103,24.18677,24.73863,27.16616,23.34524,23.34524,25.0,25.01999,28.16026,26.4764,23.5372,26.24881,24.69818,42.44997,43.60046,51.0,49.24429,49.64877,53.36666,53.36666,54.33231,57.21888,56.0803,58.13777,60.40695,64.13267,66.28725,67.44627,68.00735,70.60453,72.44998,73.53911,72.00694,69.35416,74.79305,76.00658,77.10383,76.83749,75.82216,74.02702,74.41102,74.33034,74.41102,72.86288,72.13876,71.44928,70.0928,68.76772,66.48308,64.38167,64.3506,62.24147,62.96825,60.1415,63.25346,58.13777,62.00806,59.81639,63.82006,64.2028,62.68174,66.03787,66.0303,66.28725,69.89278,70.49113,69.63476,75.71658,73.23933,78.23682
13.0,12.08305,11.7047,11.7047,10.77033,10.44031,9.48683,9.48683,8.544,8.544,8.544,7.61577,7.61577,6.7082,6.7082,6.7082,5.83095,5.0,5.0,5.0,5.0,4.24264,4.24264,4.24264,3.60555,3.60555,3.60555,3.60555,4.12311,4.12311,4.12311,4.12311,4.12311,4.12311,4.12311,4.12311,4.12311,4.12311,4.12311,5.09902,4.12311,5.09902,5.09902,5.09902,5.09902,5.09902,5.09902,5.38516,5.38516,4.47214,5.83095,5.0,73.34848,70.77429,71.17584,65.19202,67.77905,61.09828,62.93648,59.77458,54.12024,52.0,51.5461,48.08326,47.75982,43.01163,40.16217,37.33631,40.31129,36.40055,33.24154,30.41381,29.06888,29.15476,26.07681,23.70654,26.62705,23.60085,23.60085,19.84943,20.80865,20.51828,19.84943,20.59126,18.02776,17.08801,18.78829,20.88061,19.23538,22.56103,20.61553,22.02272,22.56103,20.22375,24.5153,23.19483,24.33105,27.45906,24.33105,27.01851,24.33105,23.08679,26.24881,25.29822,26.57066,26.41969,26.41969,25.23886,26.07681,43.46263,46.32494,47.38143,48.01042,54.08327,53.33854,51.97115,54.40588,55.36244,59.61543,60.41523,63.06346,65.29931,65.19202,68.26419,67.47592,71.06335,72.86288,69.35416,73.66139,73.10951,75.9276,75.60423,76.55064,75.80237,74.09453,76.94154,75.66373,75.17978,74.24958,71.11259,70.26379,70.5762,69.46222,68.54196,70.38466,66.48308,62.24147,63.56099,63.15853,63.97656,58.30952,59.05929,64.66065,60.20797,60.53924,59.07622,59.64059,67.80118,66.4003,66.06815,73.81734,74.33034,70.45566,70.21396,72.71864,76.32169
10.19804,10.19804,10.19804,9.21954,9.05539,8.06226,8.06226,7.07107,7.07107,7.07107,6.08276,6.08276,6.08276,5.09902,5.09902,5.09902,4.12311,4.12311,3.16228,3.16228,3.16228,3.16228,3.16228,2.82843,2.82843,2.82843,2.23607,2.23607,2.23607,2.23607,2.23607,3.16228,3.16228,3.16228,3.16228,3.16228,3.0,3.16228,3.16228,3.16228,3.16228,3.16228,3.16228,3.16228,3.16228,3.16228,3.16228,3.60555,3.60555,3.60555,2.82843,3.60555,70.88018,71.19691,70.34202,66.28725,66.28725,61.98387,59.5399,58.54912,53.15073,53.23533,52.46904,50.15974,45.39824,41.19466,39.01282,40.31129,40.11234,32.75668,31.40064,30.80584,28.44293,26.4764,24.35159,21.54066,22.36068,17.46425,22.47221,18.78829,16.27882,17.69181,16.27882,17.69181,16.12452,19.41649,21.63331,17.0,18.02776,20.24846,23.5372,19.64688,22.47221,19.92486,19.31321,21.18962,21.18962,21.2132,23.76973,22.80351,23.4094,24.35159,24.16609,26.40076,23.85372,23.43075,24.08319,23.43075,21.40093,43.28972,43.04649,45.17743,48.50773,50.69517,51.26402,52.80152,52.3259,55.47071,58.24946,58.24946,61.22091,66.06815,64.3506,65.06919,67.94115,70.29225,73.60027,68.60029,72.94518,73.92564,74.70609,73.82412,72.61543,76.53757,79.12016,75.69016,74.72617,76.24303,73.00685,72.78049,70.83078,72.18033,71.58911,67.46851,67.08204,66.09841,63.34824,61.39218,63.34824,62.8172,62.93648,60.72891,63.56886,61.98387,59.9333,63.15853,61.32699,64.88451,68.54196,67.1193,72.09022,72.49828,71.30919,73.92564,75.39231,72.09022
12.0,11.0,11.0,10.04988,10.04988,9.05539,9.0,9.05539,8.0,8.06226,8.06226,7.07107,7.07107,7.07107,6.0,6.0,5.0,5.0,5.0,5.0,4.12311,4.12311,4.12311,4.12311,3.16228,3.16228,3.16228,3.60555,2.82843,2.82843,2.82843,2.82843,3.60555,2.82843,3.60555,3.60555,3.60555,3.60555,3.60555,3.60555,3.60555,3.60555,3.60555,4.24264,4.24264,4.24264,4.24264,4.24264,4.24264,4.47214,4.47214,4.47214,72.42237,70.34202,69.37579,66.94027,64.7611,61.18823,56.29387,59.68249,56.4358,50.63596,49.49747,47.85394,43.73786,43.56604,39.20459,39.62323,37.85499,33.37664,30.80584,30.80584,30.08322,27.51363,26.40076,22.82542,22.13594,21.0238,20.0,17.80449,17.80449,19.10497,17.69181,15.6205,19.20937,18.78829,17.46425,19.64688,18.78829,20.61553,18.43909,20.39608,19.64688,21.58703,18.68154,21.37756,23.19483,23.34524,23.5372,23.5372,22.80351,21.18962,21.84033,22.47221,22.47221,24.69818,23.70654,24.83948,26.24881,40.0125,43.10452,42.0,48.27007,49.98,60.92618,52.3259,53.0,52.63079,57.28001,60.82763,66.48308,55.86591,62.482,64.03124,71.58911,71.70077,71.56116,72.44998,72.56032,72.00694,77.07788,75.96052,77.49194,77.49194,74.04053,71.30919,72.8011,71.80529,73.00685,70.83078,69.42622,68.24954,69.05071,68.73136,63.34824,63.78871,63.78871,64.32729,63.15061,60.87693,58.82176,59.77458,59.13544,57.87055,62.24147,60.00833,62.16912,63.52952,62.6099,62.16912,68.42514,72.47068,69.31811,70.68239,76.55717,74.84651
12.04159,12.04159,11.04536,11.04536,11.04536,10.04988,10.04988,9.05539,9.05539,8.06226,8.0,8.06226,7.07107,7.07107,6.08276,6.08276,6.08276,6.32456,5.38516,5.38516,4.47214,4.47214,4.47214,4.47214,3.60555,3.60555,4.24264,4.24264,3.60555,3.60555,3.60555,4.47214,4.47214,4.47214,4.47214,4.47214,4.47214,4.47214,4.47214,4.47214,4.47214,4.47214,5.38516,4.47214,4.47214,5.0,5.0,5.0,5.0,5.65685,5.0,5.0,68.88396,73.34848,65.51336,62.80127,63.78871,61.52235,59.4138,56.32051,55.08176,50.48762,49.16299,48.25971,46.52956,43.41659,41.19466,36.49658,36.49658,31.7805,32.75668,30.80584,29.73214,27.313,23.08679,23.08679,20.24846,20.12461,21.09502,20.24846,19.10497,20.61553,19.84943,17.20465,19.41649,18.35756,20.24846,19.23538,21.47091,22.13594,19.92486,19.41649,25.29822,21.2132,22.36068,20.88061,21.84033,25.96151,23.4094,26.40076,24.69818,25.70992,23.25941,27.73085,26.41969,23.70654,25.4951,25.45584,24.75884,40.0125,43.10452,46.87217,49.0408,51.07837,46.51881,49.39636,52.47857,57.42822,56.72742,58.69412,60.10824,62.28965,64.81512,62.20129,65.21503,67.41662,72.56032,70.23532,71.19691,68.44706,71.69379,73.68175,72.12489,73.76313,76.15773,74.1485,70.61161,71.19691,69.58448,70.5762,67.74216,69.26038,67.89698,68.88396,66.27217,64.77654,63.63961,59.5399,59.5399,58.24946,60.41523,59.43904,61.68468,56.921,57.00877,57.00877,60.92618,60.16644,66.12866,65.0,69.07966,67.77905,69.35416,72.8011,70.5762,78.18568
10.63015,10.63015,10.63015,9.89949,9.89949,8.48528,8.48528,7.81025,7.81025,7.07107,7.07107,7.07107,5.65685,5.65685,5.65685,5.0,4.24264,4.24264,3.60555,3.60555,3.60555,3.16228,3.16228,3.16228,3.0,3.0,3.0,3.0,3.16228,3.16228,3.16228,3.16228,3.16228,3.16228,3.16228,3.60555,3.60555,3.16228,3.60555,3.16228,3.60555,4.47214,4.47214,4.12311,4.12311,4.12311,4.12311,4.12311,4.0,4.0,4.0,4.12311,73.66139,67.47592,68.76772,64.63745,62.42596,64.63745,57.14018,59.07622,55.75841,53.0,50.77401,46.32494,45.79301,41.88078,41.18252,38.27532,38.27532,33.01515,32.80244,28.30194,29.20616,26.90725,22.02272,24.04163,22.80351,22.80351,15.6205,18.86796,19.23538,18.78829,17.46425,15.52417,19.41649,18.11077,19.0263,19.10497,23.02173,21.0,21.09502,22.2036,20.22375,19.0263,20.02498,20.09975,24.08319,19.23538,24.08319,24.02082,23.02173,21.0238,24.02082,26.68333,24.5153,25.0,24.69818,27.313,24.69818,39.59798,44.82187,46.32494,47.88528,49.76947,47.80167,52.63079,55.57877,54.14795,58.0,58.0,63.28507,62.96825,64.13267,64.03124,67.44627,72.12489,68.30813,72.61543,72.94518,73.43024,76.15773,76.55064,74.06079,73.24616,74.20243,75.00667,79.98125,73.59348,76.38063,71.42129,72.86288,70.0928,68.68042,68.68042,68.68042,65.29931,65.11528,60.87693,65.05382,60.10824,58.69412,60.1415,60.87693,62.28965,60.80296,62.80127,63.41136,65.0,63.00794,67.20119,69.06519,71.61006,69.81404,72.00694,75.82216,74.51845
11.40175,10.44031,10.44031,9.48683,9.48683,8.544,8.544,7.61577,7.61577,7.61577,6.32456,6.32456,6.32456,5.38516,5.38516,5.38516,5.09902,4.12311,4.12311,3.16228,3.16228,3.0,3.0,2.0,3.0,3.16228,2.23607,2.23607,2.23607,2.82843,2.82843,2.82843,2.82843,2.82843,2.82843,2.82843,2.82843,2.82843,2.82843,3.60555,2.82843,2.82843,3.60555,2.82843,2.82843,3.60555,3.60555,3.60555,3.60555,3.16228,3.16228,3.16228,71.51224,68.02941,71.17584,65.30697,62.6099,59.48109,58.60034,58.18075,53.33854,50.60632,48.37355,48.8774,46.06517,44.41846,40.31129,39.82462,37.12142,33.12099,34.48188,31.38471,30.36445,27.20294,25.70992,22.13594,20.24846,20.22375,20.0,18.0,14.14214,19.10497,19.10497,17.46425,14.76482,16.15549,18.02776,18.02776,20.24846,21.2132,20.0,20.61553,18.02776,18.60108,20.80865,23.02173,21.63331,20.61553,22.80351,24.41311,23.43075,23.70654,25.05993,23.32381,22.47221,25.07987,24.35159,24.04163,22.02272,42.19005,46.8615,45.25483,51.73973,49.09175,52.15362,51.88449,55.15433,58.18935,57.00877,59.90826,61.52235,63.50591,68.35934,69.11584,66.0303,73.00685,71.02816,72.56032,71.02112,73.1642,77.87811,75.43209,75.96052,77.16217,76.2168,76.15773,77.47258,74.46476,76.15773,72.91776,73.82412,69.77105,67.1193,71.11962,65.74192,63.97656,62.6099,61.32699,62.16912,61.7414,59.61543,62.62587,60.72891,61.68468,64.03124,59.90826,64.53681,64.32729,64.32729,67.89698,71.19691,73.34848,69.63476,73.97973,78.1025,76.15773
11.7047,11.7047,10.77033,10.44031,10.77033,9.48683,9.48683,9.21954,8.544,8.24621,8.24621,7.28011,7.61577,6.7082,6.32456,5.38516,5.38516,5.38516,4.47214,5.0,4.47214,5.0,4.24264,4.24264,4.24264,3.60555,3.60555,3.60555,3.16228,3.60555,4.47214,4.12311,4.12311,4.12311,4.12311,4.12311,4.12311,4.12311,4.12311,4.12311,5.09902,4.12311,5.09902,4.12311,5.38516,5.38516,5.38516,4.47214,4.47214,5.0,5.0,4.24264,75.23962,69.857,72.44998,66.7308,68.942,63.69458,58.69412,57.58472,54.78138,54.70832,51.86521,49.0408,46.17359,44.27189,39.92493,40.8534,41.14608,33.61547,35.34119,30.41381,29.06888,28.17801,24.75884,21.09502,23.85372,22.02272,22.80351,19.41649,18.86796,20.0,18.35756,19.69772,18.02776,16.49242,20.39608,19.23538,22.2036,20.39608,24.08319,23.02173,21.09502,18.02776,22.0,24.08319,22.0,23.02173,25.0,23.34524,25.4951,26.30589,28.44293,24.35159,26.57066,26.0,24.69818,24.16609,24.20744,42.44997,45.54119,48.25971,48.0,50.48762,50.9902,54.12024,55.71355,56.85948,55.4617,57.69749,60.53924,63.81222,67.95587,68.41053,66.6033,73.59348,68.62215,69.35416,72.20111,71.02816,77.10383,73.81734,75.71658,77.89737,76.94154,76.15773,76.55717,72.49828,75.6439,71.51224,72.8011,69.92138,68.30813,69.26038,66.7308,64.84597,65.39113,60.37384,62.64982,61.32699,60.82763,59.5399,62.76942,59.5399,64.41273,61.40033,61.40033,66.28725,63.00794,68.88396,68.88396,72.20111,70.80254,75.28612,73.78347,72.40166
12.08305,11.18034,11.18034,11.18034,10.29563,10.29563,8.94427,8.06226,8.06226,8.06226,7.61577,6.7082,6.7082,5.83095,5.83095,5.38516,5.38516,4.47214,4.12311,4.12311,4.12311,3.16228,3.16228,3.0,3.0,3.0,3.16228,2.23607,2.23607,2.23607,2.23607,2.82843,2.82843,2.82843,2.82843,2.82843,2.82843,2.82843,2.82843,2.82843,3.60555,3.60555,3.60555,3.60555,3.60555,3.60555,3.60555,3.60555,3.60555,4.12311,4.12311,4.0,72.06941,70.49113,69.46222,68.26419,66.03787,63.24555,62.42596,58.00862,55.80323,52.20153,48.82622,48.01042,43.82921,41.04875,40.0,40.22437,35.22783,35.80503,32.44996,30.52868,29.68164,27.29469,24.16609,24.16609,21.18962,19.92486,20.61553,17.11724,18.0,16.27882,18.02776,19.41649,16.27882,14.76482,14.56022,17.88854,13.89244,17.49286,16.40122,22.80351,21.09502,18.02776,22.47221,20.51828,27.20294,22.47221,22.82542,24.41311,20.59126,25.4951,24.59675,22.84732,24.69818,25.0,23.34524,23.02173,22.0,42.0119,43.86342,46.8615,49.09175,51.88449,49.64877,53.85165,55.65968,53.85165,56.29387,60.29925,64.12488,64.19502,67.00746,69.11584,69.26038,71.56815,72.99315,72.36712,73.97973,75.18643,76.24303,73.68175,73.92564,78.29432,77.47258,75.66373,77.41447,73.43024,73.78347,73.24616,73.24616,70.72482,72.11103,69.89278,67.95587,65.0,63.81222,62.76942,63.81222,65.51336,60.00833,63.07139,61.7414,58.69412,61.46544,66.12866,60.08328,65.80274,65.19202,66.09841,71.8401,72.73239,69.92138,73.92564,77.49194,72.73239
13.0,12.08305,12.08305,12.08305,11.18034,10.29563,9.84886,9.84886,8.94427,8.94427,8.06226,7.61577,8.06226,6.7082,6.7082,6.32456,5.38516,5.38516,5.09902,5.09902,5.09902,4.12311,4.0,4.0,4.0,4.0,4.12311,3.16228,3.16228,3.16228,3.16228,3.60555,3.60555,3.60555,3.60555,3.60555,3.60555,3.60555,3.60555,4.47214,4.47214,4.47214,4.47214,4.47214,4.47214,4.47214,4.47214,4.47214,4.47214,5.09902,5.09902,5.09902,74.09453,70.68239,70.00714,66.70832,66.30988,62.24147,60.41523,59.5399,56.82429,52.35456,49.73932,50.9902,48.30114,43.38202,43.41659,40.71855,40.71855,35.4683,32.31099,31.32092,27.85678,26.57066,25.70992,24.5153,22.09072,23.08679,22.09072,20.09975,19.41649,20.39608,19.64688,20.61553,18.78829,18.86796,18.86796,22.47221,21.93171,24.83948,18.86796,18.38478,22.67157,20.61553,24.75884,24.08319,22.02272,23.43075,22.80351,24.08319,26.1725,23.43075,25.23886,24.41311,26.41969,26.40076,25.07987,26.24881,24.18677,41.23106,45.96738,47.42362,51.0392,52.83938,52.7731,53.22593,55.36244,55.36244,58.94065,59.68249,61.66036,68.46897,70.02857,69.00725,68.06614,70.17834,69.58448,72.69113,71.58911,74.95332,78.84795,76.53757,77.16217,79.71198,79.30952,77.47258,76.05919,74.68601,79.20227,70.3278,71.58911,71.69379,68.60029,69.83552,69.46222,62.64982,64.84597,62.16912,63.07139,61.32699,61.84658,62.03225,61.35145,63.24555,61.13101,62.0967,64.7611,66.4906,67.26812,65.30697,69.42622,73.34848,69.63476,74.52516,76.68768,76.65507
10.29563,10.29563,9.84886,9.84886,8.94427,8.94427,8.06226,7.61577,7.61577,6.7082,6.7082,6.7082,5.83095,5.38516,5.0,5.0,5.0,5.0,4.24264,4.24264,4.24264,3.60555,3.60555,3.60555,3.16228,3.16228,3.16228,3.16228,3.0,4.0,3.0,4.0,4.0,4.0,4.0,4.0,4.0,4.0,4.0,4.0,4.0,4.0,4.0,4.0,4.0,4.12311,5.0,5.09902,4.12311,4.47214,4.47214,4.47214,70.5762,69.92138,67.05222,69.28925,66.48308,59.46427,60.87693,58.46366,55.9017,53.36666,49.72927,48.50773,43.9659,41.7732,41.97618,39.29377,37.36308,36.40055,30.08322,32.98485,29.54657,27.73085,27.313,22.36068,22.47221,19.23538,18.02776,16.97056,17.02939,18.43909,22.80351,18.02776,17.88854,19.92486,21.18962,16.55295,18.97367,19.23538,19.23538,21.2132,22.09072,20.61553,19.41649,21.2132,22.56103,25.17936,23.34524,25.70992,25.29822,24.73863,24.59675,27.29469,25.4951,23.32381,27.20294,25.4951,25.45584,39.56008,45.89118,46.27094,51.0,49.16299,48.50773,52.39275,56.30275,56.32051,54.626,57.24509,58.83026,62.96825,64.40497,65.94695,67.26812,70.03571,71.42129,71.42129,69.02898,71.06335,76.27582,73.24616,74.30343,77.41447,76.92204,75.6439,74.46476,73.92564,71.69379,70.2282,69.28925,67.35726,67.6757,67.05222,68.30813,65.14599,63.24555,63.24555,62.29767,59.80803,60.92618,57.38467,61.26989,59.94164,57.68882,59.94164,59.36329,63.63175,66.7308,64.49806,69.64194,71.86793,69.11584,70.71068,70.71068,74.70609
11.7047,10.77033,10.44031,10.44031,10.19804,9.21954,9.21954,8.24621,8.24621,8.24621,7.07107,7.28011,7.28011,6.08276,6.08276,5.38516,5.38516,5.38516,4.12311,4.47214,4.47214,3.60555,3.60555,3.60555,3.60555,2.82843,2.82843,2.82843,2.82843,3.16228,2.23607,3.16228,3.16228,3.16228,3.16228,3.16228,3.16228,3.16228,3.16228,3.16228,3.16228,3.16228,3.16228,3.16228,4.12311,3.60555,3.60555,4.47214,3.60555,4.24264,4.24264,3.60555,72.44998,70.38466,68.8767,67.62396,64.88451,60.74537,60.92618,60.08328,55.36244,51.86521,49.76947,48.46648,46.8188,43.01163,41.76123,38.62642,37.94733,35.1141,34.53983,31.38471,31.30495,25.94224,26.62705,24.08319,24.20744,24.20744,22.2036,19.20937,20.61553,17.20465,18.35756,18.78829,15.81139,20.61553,18.02776,16.49242,19.64688,19.23538,19.10497,22.0,20.02498,19.0263,23.08679,23.08679,22.09072,23.0,23.02173,22.2036,23.34524,22.2036,22.80351,27.85678,25.70992,21.18962,26.40076,22.82542,21.26029,43.08132,45.12206,46.27094,50.01,53.08484,51.35173,54.74486,55.08176,59.66574,57.93962,62.64982,63.06346,67.97794,67.1193,67.80118,70.21396,72.62231,70.76722,74.24958,73.53911,75.16648,78.1025,76.6094,78.49204,78.89233,79.07591,78.29432,77.82673,75.66373,77.36924,73.34848,73.82412,73.40981,68.942,69.35416,66.70832,64.88451,65.0,64.4748,63.97656,63.50591,60.90156,61.91123,63.28507,57.68882,58.82176,61.85467,63.41136,66.8431,66.21933,65.21503,71.40028,72.00694,72.62231,75.0,74.33034,75.16648
11.04536,11.04536,11.0,10.0,10.0,9.0,9.0,8.0,8.0,7.0,7.0,7.0,6.0,6.0,5.0,5.0,5.09902,5.09902,4.12311,4.12311,3.16228,3.16228,3.16228,3.16228,2.82843,2.82843,2.82843,2.23607,2.23607,3.16228,2.23607,3.16228,3.16228,3.16228,3.16228,3.16228,3.16228,3.16228,3.16228,3.16228,3.16228,3.16228,4.12311,3.16228,4.12311,4.12311,3.60555,3.60555,3.60555,3.60555,4.24264,3.60555,67.91171,69.63476,62.0967,65.96969,66.4906,58.85576,59.84146,54.45181,53.15073,48.50773,50.80354,46.52956,43.73786,39.81206,37.65634,37.48333,37.33631,31.7805,32.14032,30.36445,28.16026,27.73085,25.05993,22.47221,18.78829,18.60108,20.80865,20.51828,15.6205,18.38478,17.69181,15.26434,14.31782,17.08801,17.08801,17.08801,19.0263,17.11724,20.61553,16.49242,22.36068,19.41649,21.2132,20.02498,21.84033,23.19483,20.09975,24.04163,20.22375,24.33105,22.56103,24.35159,22.80351,24.16609,25.4951,26.62705,24.08319,41.0,41.4367,48.27007,47.43416,50.15974,48.76474,51.62364,55.0,56.61272,60.30755,61.55485,60.1415,60.82763,63.12686,64.63745,68.50547,73.23933,71.11962,69.77105,66.64083,72.23573,74.84651,76.32169,75.0,74.46476,73.08215,76.68768,71.84706,74.52516,72.99315,70.71068,70.03571,71.34424,68.73136,69.72087,62.514,63.78871,61.81424,58.54912,61.39218,58.46366,60.63827,58.24088,61.13101,60.08328,61.98387,57.38467,61.09828,60.74537,64.07808,63.07139,67.1193,64.84597,69.77822,71.69379,72.23573,73.92564
11.18034,9.84886,9.84886,9.84886,9.48683,8.544,8.544,7.61577,7.61577,7.61577,6.7082,6.7082,5.38516,5.38516,5.38516,5.83095,4.47214,5.0,3.60555,4.24264,4.24264,4.24264,3.60555,3.60555,3.60555,3.16228,3.16228,3.16228,3.16228,4.12311,4.0,4.0,4.0,4.0,4.0,4.0,4.0,4.0,4.0,4.0,5.0,4.0,4.0,4.0,4.12311,4.12311,4.12311,4.12311,4.12311,4.47214,4.47214,3.60555,76.48529,69.35416,73.34848,65.39113,66.85058,62.24147,58.5235,60.74537,54.70832,52.81098,47.75982,45.88028,45.31004,41.4367,39.21734,36.05551,38.27532,35.1141,36.76955,30.8707,29.96665,23.70654,27.80288,23.02173,21.9545,23.43075,19.20937,21.40093,21.2132,20.24846,17.88854,18.02776,18.68154,16.49242,16.76305,18.43909,17.72005,21.37756,21.2132,22.09072,21.37756,21.09502,21.09502,23.19483,22.09072,24.5153,26.01922,22.2036,24.5153,25.31798,26.40076,23.08679,25.07987,23.76973,25.94224,25.23886,24.08319,41.23106,47.75982,45.54119,49.0408,47.01064,53.08484,51.35173,51.97115,58.69412,54.40588,58.18935,58.13777,64.88451,67.08204,69.97142,63.00794,73.00685,65.94695,72.24957,70.71068,76.41989,73.75636,73.40981,74.20243,74.94665,76.8505,76.15773,79.64923,68.0,77.82673,67.97794,76.05919,69.857,66.85058,68.15424,65.79514,60.92618,63.06346,61.7414,61.26989,64.88451,58.30952,63.28507,58.5235,60.20797,64.3506,59.90826,61.61169,66.06815,60.21628,66.4003,69.02898,76.6094,64.40497,72.42237,79.40403,72.67049
12.0,12.0,11.0,12.04159,11.04536,10.04988,10.0,9.0,9.0,8.06226,8.06226,8.0,7.0,7.0,6.0,6.0,6.0,5.0,5.09902,5.0,5.0,4.12311,4.12311,4.12311,3.16228,3.16228,3.60555,3.60555,3.60555,3.60555,2.82843,2.82843,2.82843,3.60555,3.60555,3.60555,3.60555,3.60555,3.60555,4.24264,4.24264,4.47214,4.24264,4.24264,4.24264,4.24264,4.24264,5.0,5.0,4.47214,4.47214,4.12311,72.33948,71.34424,68.26419,68.00735,64.28063,61.0082,58.00862,58.00862,59.00847,52.00961,50.03998,49.09175,46.01087,45.04442,40.0,40.0,39.01282,34.0147,31.01612,31.14482,28.28427,29.15476,28.44293,23.4094,26.30589,21.18962,24.59675,21.93171,18.86796,18.38478,17.69181,20.51828,17.69181,19.10497,15.81139,15.81139,20.24846,20.12461,17.88854,21.93171,21.54066,22.47221,21.93171,21.0238,20.59126,24.16609,24.59675,24.04163,20.80865,23.70654,23.70654,26.62705,26.07681,25.6125,25.45584,25.0,21.40093,43.28972,44.64303,48.70318,51.07837,53.7122,49.64877,52.20153,55.31727,56.63921,58.0,61.6198,63.41136,63.41136,67.1193,69.83552,69.35416,72.01389,71.69379,69.64194,73.68175,74.94665,76.15773,77.12976,75.9276,76.79193,77.92946,75.32596,76.32169,76.05919,75.05998,75.00667,74.00676,70.0,70.00714,69.02898,69.02898,65.0,63.0,62.03225,63.12686,62.20129,60.53098,61.40033,62.80127,60.67125,64.28841,60.41523,63.32456,65.0,65.80274,69.12308,68.68042,73.00685,70.83078,74.33034,75.18643,77.66595
12.08305,12.08305,12.08305,10.77033,10.77033,9.84886,9.84886,8.94427,8.544,8.544,8.544,7.61577,7.61577,6.7082,6.7082,6.7082,5.83095,5.83095,5.0,5.0,5.0,4.24264,4.24264,4.24264,4.24264,3.60555,3.60555,4.47214,4.47214,4.47214,4.12311,4.12311,4.12311,4.12311,4.12311,4.12311,4.12311,4.47214,4.12311,5.09902,4.12311,4.47214,5.38516,4.47214,5.38516,5.38516,5.38516,4.47214,5.0,5.0,5.65685,5.0,74.62573,69.46222,75.29276,66.70832,63.07139,64.88451,59.23681,60.53924,52.20153,55.71355,50.32892,47.16991,45.54119,44.59821,41.62932,38.62642,42.15448,35.34119,32.20248,30.8707,31.76476,27.313,27.78489,24.41311,22.2036,19.20937,22.02272,20.80865,17.02939,20.80865,20.80865,19.20937,18.02776,19.31321,16.15549,20.61553,17.11724,20.39608,19.41649,20.61553,19.10497,23.08679,24.18677,24.33105,26.1725,21.37756,23.5372,23.19483,22.56103,20.88061,23.76973,24.16609,28.4605,25.07987,27.20294,26.62705,25.4951,40.49691,49.24429,48.10405,52.88667,47.85394,56.22277,53.00943,55.03635,59.13544,56.56854,60.67125,62.0967,63.32456,67.6757,70.26379,67.08204,71.58911,69.46222,76.00658,75.0,72.20111,77.89737,73.5527,77.78175,77.10383,74.27651,78.87332,79.51101,73.40981,78.23043,72.11103,77.17513,73.43024,66.88797,68.96376,66.64083,63.28507,62.96825,62.96825,64.3506,63.28507,59.20304,61.40033,61.40033,61.03278,58.79626,62.482,63.25346,65.11528,65.29931,69.29646,69.29646,75.00667,70.83784,71.44928,75.9276,76.83749
11.04536,11.04536,10.04988,10.04988,9.0,9.05539,8.06226,8.0,7.0,7.0,7.0,7.07107,6.0,5.0,5.0,5.09902,5.09902,4.12311,4.12311,3.16228,3.16228,3.16228,3.16228,2.23607,2.82843,2.82843,2.82843,2.23607,2.23607,2.23607,2.23607,3.16228,3.16228,3.16228,3.16228,3.16228,3.16228,3.16228,3.16228,3.16228,3.16228,3.16228,3.16228,3.16228,4.12311,3.16228,3.60555,3.60555,3.60555,3.60555,3.60555,3.60555,67.36468,68.11755,67.1193,66.0303,67.02984,63.0,56.14268,56.0803,53.0,51.0098,50.01,48.01042,47.01064,41.0,41.10961,41.04875,39.01282,33.01515,29.01724,30.26549,28.01785,27.29469,22.2036,23.76973,23.08679,22.47221,22.80351,16.76305,16.12452,17.02939,18.86796,15.6205,15.26434,18.02776,18.02776,18.02776,18.02776,22.82542,22.84732,19.69772,20.24846,20.24846,20.61553,22.36068,23.25941,23.32381,22.82542,23.25941,22.47221,23.32381,23.70654,24.20744,25.0,24.04163,24.75884,25.80698,24.18677,43.28972,45.12206,45.88028,50.15974,51.42956,52.47857,50.60632,55.31727,58.13777,57.28001,60.30755,61.84658,64.40497,66.0303,68.7968,68.42514,71.11259,70.68239,71.69379,75.89466,76.53757,77.12976,79.07591,73.5459,76.79193,76.65507,77.52419,77.31753,74.10803,74.00676,73.24616,73.02739,69.00725,70.06426,69.02898,68.00735,66.00758,64.0,62.00806,65.0,61.03278,60.40695,63.28507,61.81424,58.85576,62.8172,60.82763,60.87693,65.0,65.96969,68.00735,71.30919,70.0928,69.12308,73.4983,74.52516,74.52516
11.6619,11.18034,11.18034,11.18034,9.84886,9.84886,8.94427,8.94427,8.544,7.61577,7.61577,7.61577,6.7082,6.7082,6.32456,5.83095,5.83095,4.47214,4.47214,4.47214,4.47214,3.60555,3.60555,3.60555,2.82843,2.82843,3.60555,3.16228,3.16228,3.16228,3.16228,3.16228,3.0,3.0,3.0,3.0,3.0,3.0,3.0,3.0,3.0,4.0,4.0,4.0,4.12311,4.12311,4.12311,4.12311,4.47214,4.47214,3.60555,4.24264,69.31089,70.76722,68.593,63.65532,62.28965,58.72819,59.81639,56.22277,51.85557,51.85557,48.16638,44.20407,43.13931,45.80393,39.82462,38.41875,38.41875,31.241,31.14482,30.41381,29.69848,25.45584,27.45906,24.41311,20.61553,18.02776,19.72308,20.61553,15.29706,20.22375,17.02939,15.13275,19.0,14.03567,19.23538,17.02939,18.68154,17.11724,18.97367,21.84033,21.2132,18.97367,18.24829,21.93171,21.84033,24.04163,19.92486,22.47221,21.37756,22.13594,24.18677,23.34524,26.07681,26.01922,23.0,22.80351,21.84033,40.80441,43.41659,50.15974,46.84015,51.1957,50.48762,50.35871,55.0,57.0,59.3043,60.40695,59.84146,63.78871,64.56005,67.05222,65.0,69.28925,69.77822,71.11962,69.97142,72.67049,76.00658,77.62087,76.05919,75.82216,75.69016,73.59348,74.96666,73.53911,73.5527,71.42129,69.52697,69.52697,68.88396,67.35726,65.29931,63.12686,65.79514,61.55485,62.24147,58.69412,60.1415,60.1415,60.30755,58.13777,60.80296,62.00806,62.00806,61.58734,66.85058,65.73431,65.73431,67.6757,71.28113,71.28113,72.67049,74.20243
11.18034,11.18034,10.19804,10.04988,9.05539,10.04988,9.05539,8.06226,8.0,7.07107,7.07107,7.07107,6.08276,6.08276,6.08276,5.09902,5.09902,4.12311,4.12311,3.16228,3.16228,3.16228,3.16228,2.82843,2.82843,2.82843,2.82843,2.23607,3.16228,2.23607,3.16228,3.16228,3.16228,3.16228,3.16228,3.16228,3.0,3.16228,3.16228,3.16228,3.16228,4.12311,4.12311,3.16228,3.16228,3.60555,3.60555,3.60555,3.60555,3.60555,4.24264,3.60555,72.99315,70.5762,66.28725,65.62012,64.19502,61.07373,60.13319,56.0803,52.00961,53.08484,50.01,46.01087,46.01087,41.01219,40.11234,38.01316,36.01389,32.38827,32.24903,32.24903,31.57531,26.4764,23.5372,21.84033,19.92486,20.88061,19.92486,19.72308,16.12452,18.60108,15.55635,18.38478,16.40122,17.0,16.40122,18.78829,18.86796,19.23538,21.0238,18.97367,20.24846,20.59126,20.12461,21.9545,23.70654,22.36068,20.12461,22.82542,21.93171,23.85372,22.47221,25.23886,22.02272,20.61553,23.34524,24.41311,19.41649,42.57934,46.01087,45.09989,49.49747,52.39275,51.92302,54.78138,55.9464,59.16925,57.14018,60.60528,58.41233,66.21933,68.0147,71.44928,68.11755,70.60453,70.80254,72.11103,70.71068,72.00694,80.95678,73.40981,74.67262,75.27284,75.61085,78.58753,78.58753,72.03471,75.50497,72.83543,71.02112,69.72087,71.84706,69.58448,69.35416,63.78871,63.50591,62.64982,64.93843,62.16912,60.41523,65.25335,62.36185,59.20304,63.32456,62.93648,62.03225,60.74537,63.32456,67.06713,69.07966,71.30919,67.06713,69.57011,75.61085,73.08215
12.0,12.0,11.0,11.0,10.0,10.0,9.0,9.0,9.0,8.0,8.0,8.0,7.0,7.0,6.0,6.08276,6.08276,5.09902,5.09902,4.12311,4.12311,4.12311,4.12311,4.47214,3.60555,3.60555,3.60555,4.24264,4.24264,4.24264,4.24264,3.60555,3.60555,3.60555,4.24264,5.0,5.0,5.0,5.0,5.0,4.47214,5.0,5.0,5.0,5.0,5.0,5.0,5.0,5.0,5.0,5.0,4.47214,71.84706,72.18033,68.35934,66.61081,65.76473,60.01666,59.03389,55.10898,54.81788,52.39275,50.96077,48.50773,43.73786,43.93177,42.95346,42.2019,36.13862,33.73426,31.7805,31.14482,30.06659,28.28427,24.02082,23.0,22.09072,20.22375,22.56103,20.88061,21.18962,19.31321,18.78829,19.23538,18.38478,20.80865,20.0,19.10497,19.79899,18.60108,20.61553,21.40093,22.62742,24.08319,21.63331,22.67157,22.67157,24.20744,23.34524,22.80351,23.34524,22.67157,24.83948,27.01851,25.4951,27.20294,25.94224,25.63201,26.57066,41.59327,45.88028,49.24429,51.47815,53.60037,50.60632,52.3259,55.22681,56.0803,58.60034,61.85467,62.76942,64.88451,67.08204,67.1193,69.64194,71.7844,71.30919,69.857,71.19691,74.54529,75.53807,78.16009,76.05919,77.02597,76.0,73.17103,74.16873,74.33034,74.43118,72.99315,71.34424,70.21396,67.89698,68.24954,67.08204,63.95311,64.32729,56.56854,62.514,61.52235,61.07373,60.07495,62.1289,59.00847,58.0,57.0,64.12488,63.3877,65.12296,64.28063,70.17834,69.18092,69.46222,74.00676,74.00676,77.00649
12.0,12.0,11.0,11.04536,10.04988,10.04988,10.0,9.0,9.05539,8.0,8.0,8.0,7.0,6.0,6.0,6.0,6.08276,5.09902,5.09902,5.09902,4.12311,4.12311,4.47214,4.47214,4.47214,3.60555,4.24264,4.24264,4.24264,4.24264,4.24264,3.60555,3.60555,4.47214,4.47214,4.47214,4.47214,4.47214,4.47214,5.0,4.47214,5.0,5.0,5.0,5.0,5.0,5.0,5.65685,4.24264,5.0,5.0,4.47214,79.1012,69.35416,70.11419,68.35934,62.28965,65.62012,61.98387,57.70615,54.74486,52.7731,49.25444,49.64877,45.89118,45.54119,42.57934,36.34556,38.32754,32.24903,34.52535,29.27456,33.0,27.0,26.07681,25.4951,24.33105,22.36068,22.13594,18.78829,17.72005,18.78829,18.35756,20.59126,19.20937,19.84943,18.43909,20.51828,19.72308,19.20937,20.80865,23.43075,22.67157,20.61553,20.80865,23.32381,22.80351,21.63331,25.0,25.80698,25.80698,24.75884,25.45584,24.75884,25.45584,27.20294,26.07681,23.85372,23.25941,42.2019,45.22168,47.42362,51.0,50.47772,51.73973,55.22681,55.15433,57.38467,55.60576,60.74537,61.05735,64.00781,64.84597,69.77822,67.23095,71.16881,70.21396,70.83078,74.52516,73.75636,76.65507,73.33485,76.05919,75.02666,77.05842,70.02857,74.06079,72.1734,75.66373,70.71068,72.99315,70.85901,67.74216,70.85901,66.91039,66.37017,63.50591,64.19502,61.52235,60.67125,56.14268,62.07254,61.0082,60.00833,56.00893,59.13544,64.19502,61.52235,66.61081,65.37584,69.72087,71.56815,68.73136,71.44928,73.17103,74.16873
13.0,12.64911,11.7047,11.7047,10.77033,10.77033,9.48683,9.48683,9.48683,8.544,8.544,7.61577,7.61577,7.61577,6.7082,6.7082,5.83095,5.83095,5.83095,5.83095,5.0,5.0,4.24264,4.24264,4.24264,4.24264,3.60555,4.47214,4.47214,4.47214,4.12311,4.12311,4.12311,4.12311,4.12311,4.12311,4.12311,4.12311,4.12311,4.12311,5.09902,5.09902,5.09902,5.09902,5.09902,5.38516,5.38516,5.38516,4.47214,5.0,5.0,5.0,72.53275,70.83078,71.8401,66.4906,69.37579,61.39218,61.61169,58.69412,54.12947,52.7731,50.48762,49.81967,45.70558,44.91102,41.59327,39.05125,35.69314,32.01562,33.24154,29.12044,30.08322,30.46309,25.63201,25.94224,22.47221,22.84732,20.80865,21.26029,20.0,20.61553,18.43909,20.51828,17.46425,20.24846,14.86607,19.31321,19.92486,20.24846,23.4094,20.88061,20.88061,22.13594,22.56103,22.36068,25.70992,23.34524,23.5372,24.04163,20.88061,24.35159,23.25941,26.40076,24.59675,24.69818,25.55386,25.0,26.90725,43.28972,44.01136,49.16299,50.48762,52.88667,50.92151,52.80152,55.07268,58.66856,58.83026,59.64059,60.44005,64.81512,65.8559,65.06919,66.6033,68.24954,73.60027,71.02816,74.79305,74.24284,76.02631,76.05919,78.79086,77.49194,73.68175,77.83315,75.43209,73.76313,73.24616,71.80529,69.42622,68.88396,72.00694,65.49046,69.05071,64.93843,62.8172,61.39218,58.24088,59.66574,60.16644,60.08328,61.68468,58.87274,63.90618,61.32699,60.41523,62.6099,66.18912,67.1193,65.76473,69.77822,68.8767,75.58439,73.79024,79.12016
12.08305,11.18034,11.18034,10.77033,9.84886,9.84886,9.84886,8.544,8.544,8.544,7.61577,7.61577,7.61577,6.7082,6.7082,6.7082,5.83095,5.83095,5.0,5.0,5.0,4.24264,4.24264,4.24264,4.24264,3.60555,3.60555,3.60555,4.12311,3.16228,4.12311,4.12311,4.12311,4.12311,4.12311,4.12311,4.12311,4.12311,4.12311,4.12311,4.12311,4.12311,5.09902,4.12311,4.12311,4.12311,4.47214,4.47214,5.38516,5.0,5.0,5.0,71.58911,70.23532,69.35416,68.02941,69.77822,61.7414,60.41523,57.38467,54.626,53.48832,50.92151,48.46648,46.8188,42.05948,42.54409,42.04759,38.62642,37.16181,33.10589,32.24903,31.06445,28.6531,26.07681,26.40076,23.43075,21.26029,22.02272,20.61553,21.63331,19.20937,20.59126,20.59126,20.61553,18.02776,16.49242,19.64688,20.88061,21.2132,22.36068,21.09502,20.39608,19.0263,21.58703,24.08319,24.18677,22.02272,26.30589,24.02082,23.34524,22.36068,26.68333,25.4951,25.07987,24.69818,27.45906,25.55386,23.02173,42.04759,45.88028,48.76474,51.47815,52.00961,51.15662,51.78803,54.57105,56.32051,60.74537,61.68468,62.76942,63.15853,64.88451,66.37017,69.63476,73.60027,70.29225,70.93659,73.53911,75.66373,75.82216,75.43209,77.20104,78.00641,79.6304,73.24616,77.41447,76.15773,73.82412,71.11962,70.26379,70.68239,67.62396,69.64194,66.85058,65.39113,64.41273,62.17717,60.82763,61.7171,62.76942,60.53924,59.36329,58.24946,58.82176,58.5235,60.0,63.60031,64.66065,66.70832,68.0147,72.34639,68.88396,72.00694,72.8011,72.20111
10.81665,10.81665,10.81665,10.81665,8.60233,9.21954,8.60233,8.60233,7.2111,7.2111,7.2111,6.40312,5.83095,5.83095,5.83095,4.47214,4.47214,4.47214,4.47214,3.16228,3.16228,3.16228,3.0,3.0,3.0,3.0,3.16228,3.16228,3.16228,3.60555,3.60555,3.60555,3.60555,3.60555,3.60555,3.60555,3.60555,3.60555,3.60555,3.60555,3.60555,4.24264,3.60555,3.60555,4.47214,4.47214,4.47214,4.47214,4.12311,4.12311,4.12311,4.0,71.06335,70.0928,70.03571,65.05382,65.06919,65.11528,57.31492,57.48913,53.74012,54.03702,46.75468,47.42362,46.8615,41.03657,38.28838,37.53665,36.76955,33.97058,33.42155,29.69848,29.83287,25.0,24.59675,26.92582,20.80865,20.88061,18.86796,17.72005,20.61553,16.49242,18.11077,19.10497,16.03122,17.11724,16.27882,19.41649,22.84732,18.97367,22.47221,18.97367,19.69772,19.69772,21.18962,21.93171,24.16609,19.31321,22.13594,24.69818,24.5153,21.37756,24.5153,24.73863,23.19483,23.0,23.02173,24.08319,23.19483,42.63801,44.94441,44.72136,52.92447,50.28916,51.47815,53.75872,55.22681,55.03635,56.00893,62.07254,62.64982,65.76473,66.28725,69.37579,67.05222,73.1642,68.94926,75.15318,72.20111,71.69379,79.88116,69.06519,74.4043,75.43209,76.83749,76.48529,79.24645,72.18033,77.83315,70.0928,74.96666,72.18033,70.93659,68.68042,70.43437,62.96825,64.38167,62.93648,64.3506,62.93648,58.13777,64.53681,61.84658,62.62587,60.0,64.81512,64.89992,64.66065,60.46487,68.47627,69.35416,71.86793,65.51336,71.86793,78.23682,71.56116
13.60147,12.36932,11.40175,11.18034,11.40175,10.19804,10.19804,9.21954,9.21954,9.21954,8.24621,8.24621,7.28011,7.28011,6.32456,6.32456,5.38516,6.32456,5.38516,5.38516,4.47214,4.47214,4.47214,3.60555,3.60555,4.24264,3.60555,3.60555,3.60555,3.60555,3.60555,4.47214,4.47214,4.47214,4.47214,4.47214,4.47214,4.47214,4.47214,4.47214,5.38516,4.47214,5.38516,4.47214,4.47214,4.47214,5.0,5.0,5.0,5.65685,5.0,5.0,74.09453,70.2282,68.94926,69.92138,64.19502,64.51356,57.56735,58.24946,54.81788,55.31727,49.47727,48.27007,45.60702,44.92215,41.23106,42.44997,39.56008,35.73514,33.95585,30.36445,31.30495,24.59675,26.0,24.59675,23.85372,22.82542,21.63331,22.2036,21.2132,19.10497,19.84943,18.86796,15.65248,17.46425,19.69772,18.78829,17.26268,19.69772,20.22375,20.24846,23.34524,20.88061,22.2036,22.36068,21.84033,22.36068,24.5153,24.33105,26.92582,23.76973,22.13594,25.63201,25.63201,25.05993,25.05993,24.20744,23.43075,42.75512,46.17359,47.01064,49.09175,50.9902,54.12024,55.36244,53.85165,56.79789,57.3062,62.68174,61.85467,64.81512,65.19202,67.94115,68.593,76.57676,70.93659,73.24616,70.45566,77.17513,77.52419,76.94154,76.05919,76.55717,76.15773,73.1642,76.6942,74.0,75.58439,73.08215,70.88018,70.0928,67.91171,70.83078,65.52099,63.06346,63.32456,61.35145,60.08328,59.77458,57.58472,60.41523,59.09315,59.5063,55.03635,60.82763,64.66065,65.19202,63.52952,66.03787,68.7968,70.71068,69.97142,73.82412,74.30343,72.06941
10.0,10.0,10.0,9.43398,8.06226,8.06226,8.06226,7.2111,7.2111,6.7082,5.83095,5.83095,5.83095,5.0,5.0,5.0,4.24264,3.60555,2.82843,2.82843,2.82843,2.82843,2.82843,2.23607,2.23607,2.23607,2.0,2.0,2.0,2.0,2.0,3.0,3.0,3.0,3.0,3.16228,3.0,3.0,3.16228,3.16228,3.16228,3.0,3.0,3.0,3.0,3.0,3.0,3.16228,3.16228,3.16228,3.16228,3.60555,74.8131,69.63476,68.00735,68.00735,64.40497,57.14018,61.05735,57.80138,54.08327,52.47857,47.88528,48.25971,47.16991,44.29447,39.11521,37.21559,39.66106,33.28663,33.01515,29.68164,28.42534,25.0,24.08319,21.93171,21.26029,23.34524,20.0,21.47091,18.86796,16.15549,17.08801,17.72005,18.97367,17.0,17.02939,18.02776,18.02776,20.02498,23.34524,20.02498,21.09502,23.08679,24.02082,18.68154,25.31798,22.36068,20.09975,23.0,21.0238,24.02082,25.0,26.01922,26.30589,24.04163,24.04163,22.80351,24.69818,43.04649,44.28318,47.53946,48.76474,51.62364,48.09366,51.0098,52.15362,56.4358,59.5399,57.00877,63.06346,65.25335,65.45991,66.30988,66.21178,69.77105,70.83078,69.89278,74.63243,76.6094,77.46612,77.89737,75.69016,75.74299,75.69016,75.82216,73.40981,74.20243,77.00649,73.00685,71.84706,69.89278,68.7968,67.95587,68.7968,67.41662,65.0,62.20129,64.40497,62.00806,60.44005,56.72742,62.28965,54.48853,59.4138,60.10824,60.87693,60.82763,65.11528,66.06815,69.52697,70.0928,68.68042,71.50524,72.86288,75.00667
11.40175,11.40175,10.81665,10.81665,10.29563,9.43398,9.43398,8.60233,8.06226,8.06226,7.2111,7.2111,7.2111,5.83095,5.83095,5.83095,5.0,5.0,5.0,4.24264,4.24264,4.24264,4.24264,3.60555,3.60555,3.16228,3.16228,3.16228,3.16228,3.0,3.0,3.0,3.0,3.0,3.0,3.0,3.16228,3.0,3.0,3.0,3.0,3.0,3.16228,4.0,4.0,4.0,4.0,4.12311,4.12311,4.12311,4.12311,3.60555,66.24198,69.35416,68.0,66.18912,65.30697,60.82763,58.18075,57.93962,53.31041,50.56679,46.8188,47.16991,46.61545,44.77723,38.62642,41.14608,37.57659,35.4683,31.7805,32.20248,31.06445,26.92582,23.85372,22.80351,22.02272,23.02173,22.02272,24.04163,18.38478,18.35756,15.23155,16.40122,15.81139,15.23155,19.64688,13.92839,16.76305,16.49242,18.02776,19.0263,21.0238,22.36068,17.02939,20.02498,20.09975,20.09975,21.0238,22.09072,21.09502,23.19483,24.5153,25.0,24.5153,22.47221,23.70654,25.0,22.2036,42.04759,42.37924,47.07441,47.67599,50.15974,48.16638,54.23099,52.46904,55.9017,56.75385,60.08328,61.09828,64.07808,67.08204,65.29931,67.1193,69.33974,68.60029,68.60029,71.70077,69.31089,74.96666,76.48529,77.15569,74.02702,72.00694,71.84706,72.94518,74.62573,72.71864,72.06941,73.3553,69.77105,67.1193,66.64833,63.95311,63.52952,63.63175,63.95311,62.26556,60.41523,61.29437,57.80138,58.82176,59.64059,55.31727,59.46427,60.1415,64.38167,66.6033,67.20863,64.38167,68.24954,69.42622,72.34639,71.21798,73.40981
12.20656,12.20656,10.81665,10.81665,10.81665,10.29563,9.43398,9.43398,8.06226,8.06226,8.06226,7.2111,7.2111,7.2111,6.40312,6.40312,5.83095,5.0,5.0,4.24264,4.24264,4.24264,4.24264,3.60555,3.60555,3.60555,3.60555,3.16228,4.12311,3.16228,4.12311,4.12311,4.12311,4.12311,4.12311,4.12311,4.12311,4.12311,4.12311,4.12311,4.12311,4.12311,4.12311,5.09902,4.12311,4.12311,5.09902,4.47214,4.47214,4.47214,5.0,5.0,73.57309,70.71068,72.47068,67.54258,64.07808,63.07139,61.46544,61.03278,54.78138,56.30275,51.86521,49.39636,45.88028,43.32436,42.05948,37.57659,37.0,35.4683,34.0147,29.15476,31.7805,26.83282,27.20294,25.80698,23.60085,20.61553,18.43909,19.79899,18.60108,17.80449,19.10497,19.72308,17.0,17.88854,16.49242,17.46425,20.61553,21.84033,21.84033,22.56103,19.31321,21.37756,24.04163,21.2132,23.76973,23.5372,23.5372,21.84033,25.70992,23.76973,25.07987,26.40076,26.41969,26.62705,21.63331,26.24881,24.04163,48.8774,45.18849,45.54119,44.91102,50.80354,57.27128,57.03508,53.03772,55.7315,56.88585,61.0,63.56099,65.14599,64.56005,64.84597,62.24147,77.82031,69.11584,72.11103,76.48529,76.05919,75.0733,74.96666,71.44928,75.16648,84.38602,77.20104,79.92496,67.42403,80.06248,75.29276,78.03204,64.03124,75.16648,70.38466,67.95587,61.58734,65.76473,64.00781,64.00781,61.40033,58.83026,60.20797,60.21628,60.60528,58.82176,63.78087,59.5483,64.66065,62.36986,62.93648,66.8431,73.87828,67.00746,75.9276,74.8131,73.23933
11.04536,10.04988,10.04988,10.04988,9.05539,9.0,9.0,8.0,8.0,7.0,7.0,7.0,6.0,6.0,5.0,5.0,5.09902,4.12311,4.12311,4.12311,3.16228,3.16228,3.16228,2.23607,2.23607,2.23607,2.82843,2.23607,2.23607,2.23607,2.23607,3.16228,3.16228,2.23607,3.16228,3.16228,3.16228,3.16228,3.16228,3.16228,3.16228,3.16228,3.16228,3.16228,3.16228,3.60555,3.60555,3.60555,3.60555,3.60555,3.60555,3.60555,69.857,72.36712,68.44706,64.49806,65.62012,62.64982,61.07373,55.08176,56.0803,51.0098,52.00961,49.25444,47.04253,44.01136,40.4475,38.32754,36.22154,33.37664,32.14032,32.24903,29.61419,27.89265,25.4951,25.29822,19.92486,20.39608,22.84732,17.20465,18.02776,19.20937,16.12452,19.41649,17.20465,17.20465,17.02939,15.65248,18.78829,22.36068,20.24846,20.24846,21.93171,21.58703,22.13594,23.4094,20.24846,24.16609,20.61553,23.25941,23.25941,22.84732,23.25941,26.07681,23.60085,24.83948,24.75884,21.2132,23.32381,42.0119,44.04543,48.50773,47.29693,51.86521,51.47815,54.58938,55.22681,58.24946,59.03389,60.44005,64.03124,68.68042,65.76473,67.47592,72.20111,71.61006,72.11103,73.06162,72.44998,74.73286,79.84986,75.96052,79.12016,75.96052,76.92204,76.68768,76.68768,77.27872,74.96666,74.96666,72.44308,71.34424,70.11419,72.06247,67.18631,66.61081,66.48308,61.66036,63.15061,60.01666,61.18823,61.18823,60.16644,59.43904,58.69412,60.63827,63.89053,64.51356,65.45991,63.56099,68.942,69.64194,71.16881,74.09453,76.92204,75.69016
11.31371,11.31371,9.89949,10.63015,9.21954,9.21954,8.48528,8.48528,7.81025,7.07107,7.07107,7.07107,6.40312,5.65685,5.65685,5.0,5.0,5.0,4.47214,4.47214,4.47214,4.47214,4.12311,4.12311,3.16228,4.0,3.0,4.0,3.16228,4.12311,4.12311,4.12311,4.12311,4.12311,4.12311,4.12311,4.12311,4.12311,4.12311,4.12311,4.12311,4.12311,4.12311,4.12311,5.09902,5.09902,5.09902,5.09902,5.0,5.0,5.0,4.12311,72.47068,72.42237,69.02898,63.24555,66.28725,61.05735,60.46487,56.93856,55.21775,50.77401,48.37355,46.61545,44.94441,44.77723,41.34005,38.01316,39.96248,35.22783,29.06888,32.01562,30.61046,27.65863,26.1725,24.04163,22.2036,22.2036,21.47091,18.78829,20.80865,20.24846,19.41649,20.39608,17.46425,18.24829,19.10497,18.24829,17.0,19.0263,18.11077,22.02272,23.08679,25.17936,21.0,23.34524,22.2036,25.07987,25.01999,24.0,23.02173,25.07987,27.0,25.4951,27.16616,25.31798,25.0,23.25941,23.76973,41.04875,43.909,45.31004,47.43416,50.01,49.81967,53.03772,54.00926,57.07889,60.29925,61.29437,60.53098,62.16912,66.76077,64.51356,68.02941,71.11259,70.66116,71.58911,72.67049,72.20111,74.20243,76.2168,76.05919,77.23341,77.10383,73.5527,74.33034,76.83749,75.82216,72.8011,71.02816,72.20111,67.42403,66.85058,67.1193,62.80127,64.2028,62.80127,60.44005,57.80138,60.1415,60.20797,59.39697,57.98276,62.24147,62.24147,60.30755,64.3506,62.28965,66.8431,66.70832,70.0928,69.52697,70.83784,76.48529,71.44928
12.16553,11.18034,11.40175,10.44031,10.44031,9.48683,9.48683,8.544,8.24621,8.24621,8.24621,7.28011,7.28011,6.32456,6.08276,6.08276,6.08276,5.09902,5.09902,5.09902,4.0,4.0,4.0,4.0,4.12311,3.16228,3.16228,3.16228,3.16228,3.60555,3.60555,3.60555,3.60555,3.60555,3.60555,3.60555,3.60555,3.60555,3.60555,3.60555,4.24264,3.60555,4.24264,3.60555,3.60555,3.60555,4.47214,4.47214,4.47214,4.47214,4.47214,4.12311,75.31268,70.83078,70.0928,67.68309,65.96969,62.64184,58.69412,59.48109,54.08327,51.5461,51.5461,49.33559,47.80167,46.48656,40.8534,41.48494,39.29377,35.17101,32.75668,31.57531,30.59412,27.29469,28.01785,24.02082,23.0,24.02082,23.02173,23.19483,19.23538,17.72005,18.38478,17.88854,19.41649,20.0,18.60108,19.10497,19.79899,18.43909,19.10497,22.67157,20.61553,20.51828,19.20937,21.26029,22.67157,19.84943,21.93171,20.51828,23.34524,23.43075,24.04163,23.02173,27.20294,25.23886,27.313,26.83282,25.0,42.95346,45.65085,49.81967,50.9902,51.73973,54.03702,52.00961,57.98276,59.16925,57.24509,62.76942,62.62587,62.93648,65.25335,67.46851,69.87131,71.84706,72.1734,73.24616,74.02702,74.00676,74.16873,76.53104,78.77182,77.92946,76.48529,76.15773,77.12976,71.8401,78.43469,71.47027,72.12489,75.27284,68.96376,72.11103,66.48308,63.56886,64.84597,60.44005,64.03124,64.28841,59.66574,61.0,57.87055,61.0,63.1981,60.20797,63.12686,64.28063,66.06815,69.0,70.02857,72.06247,69.06519,71.17584,77.31753,76.1643
10.0,10.0,10.0,9.21954,9.21954,8.48528,7.81025,7.81025,7.07107,7.07107,6.40312,6.40312,5.65685,5.0,5.0,5.0,4.47214,4.47214,3.60555,3.16228,3.16228,3.16228,3.16228,3.0,3.0,3.0,3.0,3.16228,3.16228,3.16228,2.23607,2.82843,3.60555,3.60555,3.60555,3.60555,3.60555,3.60555,3.60555,3.60555,3.60555,3.60555,3.60555,3.60555,3.60555,3.60555,4.47214,4.12311,4.12311,4.12311,4.0,4.0,71.56116,70.72482,70.72482,65.21503,64.03124,64.03124,60.30755,59.46427,53.07542,50.32892,50.32892,45.45327,46.69047,38.28838,38.94868,39.66106,37.01351,37.21559,33.6006,29.41088,29.15476,29.20616,24.18677,21.47091,20.59126,20.24846,19.31321,18.11077,20.09975,17.02939,18.11077,20.09975,15.13275,16.76305,21.18962,16.76305,18.68154,20.24846,19.41649,18.02776,18.02776,21.0238,21.47091,23.70654,23.25941,21.18962,22.84732,21.9545,23.76973,25.63201,24.35159,26.4764,24.5153,26.4764,23.08679,25.01999,25.07987,43.41659,44.55334,44.82187,49.09175,50.11986,51.89412,49.98,52.88667,56.51548,56.08921,59.5399,60.29925,63.12686,68.00735,66.18912,64.49806,70.21396,71.19691,71.80529,72.73239,73.08215,79.30952,72.61543,74.09453,76.92204,74.30343,75.66373,78.03204,72.67049,74.88658,69.63476,72.8011,68.60029,70.29225,68.88396,68.0147,62.80127,61.03278,62.68174,64.89992,64.07027,59.36329,61.05735,59.94164,60.53924,61.7171,62.6099,66.30988,64.4748,60.92618,65.55151,68.54196,71.17584,70.26379,74.46476,75.15318,71.58911
11.7047,10.77033,10.44031,10.44031,10.44031,9.48683,9.48683,8.24621,8.24621,8.24621,7.28011,7.28011,6.32456,6.32456,6.32456,5.38516,5.38516,5.38516,4.47214,4.47214,4.47214,4.47214,3.60555,3.60555,3.60555,2.82843,2.82843,2.82843,2.82843,3.60555,3.16228,3.16228,3.16228,3.16228,3.16228,3.16228,3.16228,3.16228,3.16228,3.16228,3.16228,4.12311,3.16228,3.16228,4.12311,3.60555,4.47214,3.60555,3.60555,3.60555,4.24264,3.60555,74.33034,68.00735,68.30813,68.00735,64.84597,61.61169,60.44005,57.48913,55.08176,52.7731,50.69517,45.35416,47.80167,45.35416,39.05125,41.0,36.13862,35.17101,31.32092,32.01562,31.01612,26.0,26.40076,23.70654,21.0238,23.70654,21.26029,21.2132,20.51828,17.69181,18.60108,21.47091,15.65248,18.60108,17.46425,17.72005,17.72005,18.38478,18.43909,18.24829,22.56103,19.41649,20.09975,21.2132,22.02272,23.08679,25.70992,24.04163,24.5153,23.5372,25.96151,24.69818,26.0,25.05993,22.2036,24.41311,24.75884,43.41659,45.01111,45.01111,48.50773,48.05206,50.96077,52.20153,55.03635,58.13777,58.30952,59.90826,63.41136,65.43699,67.35726,67.17887,67.88225,73.66139,69.02898,71.21798,74.33034,74.62573,78.54935,77.82673,76.92204,78.39005,75.76939,75.89466,73.38937,74.94665,75.0,74.33034,71.56815,72.8011,66.21933,70.60453,69.12308,62.8172,64.7611,63.89053,62.29767,62.93648,61.84658,62.03225,62.24147,59.5063,60.41523,59.05929,65.36819,65.8635,64.49806,65.19202,68.7968,71.19691,68.26419,75.29276,73.3553,74.70609
11.40175,11.40175,10.44031,9.48683,9.48683,9.48683,8.544,8.544,8.544,7.61577,7.28011,7.28011,6.32456,5.38516,5.38516,5.09902,5.09902,4.12311,4.12311,4.12311,4.12311,3.0,3.0,3.0,3.0,3.16228,2.23607,2.23607,2.23607,2.23607,2.82843,2.82843,2.82843,2.82843,2.82843,2.82843,2.82843,3.60555,3.60555,3.60555,2.82843,2.82843,3.60555,3.60555,3.60555,3.60555,3.60555,3.60555,3.60555,3.60555,3.16228,4.12311,73.73602,68.35203,68.35203,65.9242,64.07808,61.32699,60.83584,57.69749,54.56189,52.80152,53.7122,46.95743,44.72136,41.18252,42.05948,38.91015,40.71855,36.24914,33.24154,31.38471,30.36445,26.92582,25.70992,25.96151,21.84033,21.93171,20.0,21.0,18.24829,18.11077,18.02776,18.68154,16.15549,15.65248,20.24846,17.88854,16.55295,20.51828,19.20937,20.61553,19.41649,20.0,20.24846,22.80351,21.93171,23.02173,25.6125,22.67157,20.0,22.36068,25.23886,24.35159,22.47221,25.0,26.92582,25.17936,26.1725,41.34005,49.65884,44.20407,44.40721,54.56189,58.60034,51.73973,61.29437,58.18075,56.36488,56.36488,61.46544,67.77905,68.06614,75.43209,62.39391,74.33034,75.23962,76.02631,75.02666,77.0,78.51751,78.40918,75.70997,76.48529,80.60397,76.90254,81.0432,74.94665,76.2168,70.2282,74.33034,72.49828,70.26379,70.26379,67.62396,66.12866,66.12866,67.06713,62.62587,64.2573,60.72891,62.64184,65.51336,61.39218,62.0967,61.98387,61.40033,64.93843,65.9242,65.49046,71.56815,73.68175,70.5762,73.97973,76.68768,78.26238
10.63015,10.63015,10.63015,9.89949,9.89949,8.48528,8.48528,8.48528,7.81025,7.07107,7.07107,7.07107,6.40312,5.65685,5.65685,5.65685,5.65685,4.24264,4.24264,4.24264,3.60555,3.60555,3.60555,3.16228,3.16228,3.16228,3.16228,3.16228,3.0,3.0,2.0,3.0,3.0,3.0,3.0,3.0,3.0,3.16228,3.16228,3.16228,3.16228,3.0,3.16228,3.0,3.0,3.0,4.0,4.12311,4.12311,4.12311,3.16228,3.60555,69.46222,69.11584,68.26419,59.36329,64.3506,58.60034,59.40539,56.22277,56.0803,51.40039,49.0408,44.68781,44.68781,42.0119,40.0,36.40055,36.87818,32.01562,32.01562,30.01666,28.6531,25.0,26.92582,21.47091,22.36068,21.18962,20.61553,20.24846,16.12452,18.11077,19.10497,18.02776,18.24829,17.0,17.46425,16.27882,18.02776,17.46425,16.76305,21.93171,21.54066,18.86796,16.15549,20.61553,18.38478,22.82542,23.08679,21.18962,24.35159,25.29822,24.04163,26.24881,25.70992,23.08679,24.08319,22.09072,25.17936,40.81666,42.44997,47.38143,49.0408,46.64762,49.24429,51.0,55.15433,55.36244,56.32051,59.03389,59.68249,63.63961,64.28063,68.11755,68.02941,69.18092,71.56815,70.5762,72.36712,70.61161,74.2159,74.63243,78.77182,74.46476,73.82412,74.24958,75.591,74.24284,72.71864,70.71068,71.69379,68.60029,66.37017,66.88797,66.37017,62.68174,62.1289,61.77378,58.66856,60.82763,58.59181,59.09315,60.41523,58.18075,56.64804,61.35145,59.77458,61.35145,66.40783,63.24555,69.26038,70.5195,69.57011,71.30919,71.7844,75.23962
11.40175,11.40175,10.0,10.0,9.21954,9.21954,8.60233,7.81025,7.81025,7.81025,6.40312,6.40312,6.40312,6.40312,5.0,5.0,5.0,4.47214,3.60555,4.12311,3.16228,3.16228,3.16228,3.0,3.0,3.0,3.16228,3.16228,3.16228,3.60555,3.16228,3.16228,3.16228,3.60555,3.60555,3.60555,3.60555,3.60555,3.60555,3.60555,3.60555,3.60555,4.47214,4.47214,4.47214,4.47214,4.12311,4.12311,4.12311,4.12311,4.0,4.0,72.42237,65.80274,66.28725,65.0,61.40033,64.53681,56.72742,56.22277,51.08816,53.8145,48.9183,46.01087,45.27693,42.0119,38.41875,36.23534,38.41875,31.40064,31.90611,31.90611,30.88689,25.80698,23.25941,21.9545,21.18962,20.24846,17.46425,20.02498,17.26268,17.02939,18.0,15.0,15.81139,18.97367,18.11077,15.81139,18.38478,21.47091,18.68154,18.35756,18.78829,20.61553,19.72308,19.23538,20.59126,22.84732,21.93171,24.69818,22.13594,22.84732,22.13594,25.29822,23.5372,23.76973,22.02272,23.0,22.56103,39.05125,43.93177,43.01163,48.8774,47.41308,50.15974,50.92151,51.92302,53.15073,51.78803,60.53098,61.0,62.03225,65.00769,68.18358,63.50591,70.03571,66.4906,72.03471,73.05477,70.83784,76.32169,73.40981,74.24958,74.70609,75.17978,73.57309,75.16648,73.23933,73.81734,67.20119,71.8401,68.41053,66.8431,64.81512,65.94695,61.07373,62.00806,59.40539,62.1289,60.80296,57.14018,62.1289,58.66856,58.66856,59.05929,58.13777,64.4748,62.24147,62.16912,63.32456,67.62396,68.42514,65.74192,71.11259,69.77105,71.55418
11.18034,10.19804,10.19804,10.19804,10.19804,9.21954,8.06226,8.24621,8.06226,7.07107,7.28011,6.08276,6.08276,6.08276,5.09902,5.0,5.0,4.0,4.0,4.12311,4.12311,3.16228,3.16228,3.16228,3.60555,2.82843,2.82843,2.82843,2.82843,3.60555,3.60555,3.60555,3.60555,3.60555,4.47214,3.60555,3.60555,3.60555,4.47214,3.60555,4.47214,4.47214,4.47214,4.47214,4.47214,4.47214,5.0,4.24264,4.24264,4.24264,3.60555,3.60555,73.75636,73.34848,68.24954,65.80274,67.91171,61.84658,60.44005,56.32051,54.70832,51.5461,49.0408,47.07441,48.08326,44.59821,40.16217,39.29377,40.02499,33.73426,32.38827,30.59412,25.70992,25.17936,26.01922,23.08679,20.09975,26.1725,21.09502,19.31321,18.38478,17.88854,17.72005,17.20465,17.02939,19.10497,19.10497,18.38478,17.69181,20.0,19.20937,19.41649,22.67157,20.0,20.24846,22.80351,23.02173,24.08319,23.02173,26.07681,22.67157,25.4951,27.58623,27.58623,26.24881,24.20744,26.07681,26.41969,25.07987,42.48529,44.65423,44.04543,48.08326,50.93133,52.00961,52.43091,54.6443,56.46238,54.23099,57.00877,62.96825,65.14599,68.65858,67.91171,65.37584,71.17584,71.11259,69.18092,70.02857,73.06162,78.31347,77.78175,75.53807,78.08969,76.90254,79.81228,77.62087,72.53275,72.8011,72.44998,72.11103,72.11103,69.64194,67.06713,68.35203,64.84597,61.03278,60.40695,63.89053,61.13101,61.13101,59.66574,64.13267,58.85576,54.23099,62.39391,61.13101,64.12488,67.02984,61.03278,70.00714,72.11103,67.02984,74.24284,75.23962,74.54529
12.04159,11.31371,11.40175,10.63015,10.63015,9.89949,9.89949,8.48528,8.48528,7.81025,7.81025,7.07107,7.07107,7.07107,5.65685,5.65685,5.65685,5.0,5.0,4.24264,3.60555,3.60555,3.60555,3.16228,3.16228,3.16228,3.0,3.0,3.0,3.0,2.23607,3.16228,3.16228,3.16228,3.16228,3.16228,3.16228,3.16228,3.16228,3.16228,3.16228,3.16228,3.16228,4.12311,4.12311,4.12311,4.12311,4.0,4.0,4.0,4.12311,4.12311,71.28113,68.50547,72.67049,64.2028,63.82006,61.07373,58.25805,57.48913,53.41348,51.40039,50.44799,46.2277,46.8615,42.63801,42.52058,41.23106,37.64306,31.90611,36.40055,31.06445,29.41088,26.92582,25.4951,21.54066,23.70654,21.54066,18.68154,20.39608,14.03567,21.0,18.43909,19.10497,16.12452,16.15549,18.97367,18.02776,18.38478,19.72308,17.49286,20.61553,18.35756,19.69772,21.63331,23.60085,21.63331,23.02173,23.02173,22.47221,23.32381,23.32381,25.4951,26.0,24.69818,22.80351,26.30589,25.31798,23.02173,41.23106,47.16991,47.42362,49.98,50.0,53.60037,52.17279,57.31492,59.07622,58.0,61.07373,62.514,63.50591,68.24954,67.46851,65.80274,74.33034,70.21396,73.38937,72.91776,73.82412,77.41447,73.82412,78.54935,77.66595,77.42093,78.81624,76.2168,75.43209,77.98718,69.42622,76.57676,72.91776,72.34639,70.29225,66.52819,63.12686,63.12686,63.03174,64.81512,64.2028,61.61169,62.68174,60.20797,60.90156,67.23095,61.77378,63.07139,65.29931,64.88451,68.8767,67.1193,72.49828,68.02941,71.58911,81.84131,73.40981
11.31371,10.63015,10.63015,9.89949,9.89949,9.21954,8.48528,8.48528,7.81025,7.07107,7.07107,7.07107,5.65685,5.65685,5.0,5.0,5.0,3.60555,3.60555,3.60555,3.60555,3.16228,3.16228,3.16228,3.0,3.0,3.0,3.16228,3.16228,3.16228,3.16228,3.16228,3.16228,3.16228,3.60555,3.60555,3.60555,3.60555,3.60555,3.60555,3.60555,3.60555,3.60555,4.47214,4.12311,4.12311,4.12311,4.12311,4.12311,4.0,4.0,4.12311,71.56116,68.8186,69.2026,63.00794,64.66065,60.82763,60.20797,58.0517,53.15073,53.74012,49.49747,47.50789,44.59821,44.55334,41.01219,38.8973,36.79674,31.40064,31.40064,30.61046,28.84441,28.6007,27.45906,22.84732,21.18962,21.18962,20.59126,21.37756,21.2132,20.02498,15.13275,16.03122,16.27882,18.68154,20.39608,18.02776,17.88854,20.24846,19.23538,20.12461,21.54066,19.23538,22.36068,22.47221,21.9545,23.08679,23.25941,24.69818,22.36068,26.57066,24.04163,23.08679,26.07681,24.08319,22.2036,24.18677,22.09072,42.52058,43.27817,46.61545,47.85394,47.53946,48.38388,51.66237,51.41984,54.45181,58.30952,60.03332,61.0082,64.03124,65.62012,63.63961,68.65858,69.857,73.08215,72.12489,73.73602,75.76939,75.13322,76.05919,77.41447,76.00658,75.16648,75.21303,74.06079,75.43209,74.20243,72.24957,70.29225,71.70077,70.29225,68.0147,65.19202,66.52819,63.60031,63.25346,62.80127,58.41233,60.60528,59.07622,63.28507,58.5235,60.20797,59.5399,63.06346,61.26989,63.97656,69.857,68.02941,71.55418,71.55418,72.91776,72.47068,76.53757
11.40175,11.40175,10.81665,10.81665,9.43398,9.43398,8.60233,8.06226,8.06226,7.2111,7.2111,7.2111,6.40312,5.83095,5.0,5.0,5.0,4.24264,4.24264,4.24264,3.60555,3.60555,3.60555,3.16228,3.16228,3.16228,3.0,3.0,3.0,3.0,3.0,3.16228,3.16228,3.16228,3.16228,3.16228,3.16228,4.12311,3.16228,4.12311,4.12311,4.12311,4.12311,4.12311,4.12311,4.12311,4.12311,4.0,4.0,4.12311,4.12311,4.12311,69.63476,66.85058,64.03124,66.88797,61.29437,61.29437,56.0803,56.0803,51.0,49.24429,47.16991,46.14109,43.41659,42.05948,39.44617,38.58756,34.98571,33.42155,30.80584,26.62705,29.68164,27.65863,24.08319,21.26029,19.79899,22.02272,18.38478,21.9545,17.49286,15.65248,16.76305,16.49242,17.11724,17.02939,19.0263,20.09975,18.11077,19.10497,18.02776,22.2036,20.02498,21.2132,20.22375,20.22375,23.5372,21.37756,22.56103,23.19483,22.02272,23.02173,24.02082,25.07987,22.56103,24.5153,22.84732,23.4094,22.84732,39.82462,44.01136,44.27189,46.09772,48.50773,48.09366,51.0392,53.08484,56.56854,54.91812,57.72348,59.48109,64.28841,62.39391,66.30988,67.08204,68.96376,71.34424,68.7968,73.10951,74.33034,76.48529,72.86288,71.50524,74.27651,72.18033,74.65253,72.8011,72.8011,71.02816,69.06519,69.40461,68.26419,67.41662,65.8635,67.1193,62.96825,64.3506,63.24555,60.60528,58.24946,61.22091,57.62812,60.959,59.39697,59.5483,59.39697,59.39697,62.24147,65.19202,63.89053,68.88396,70.0928,68.62215,70.0928,72.83543,76.41989
10.81665,10.29563,10.81665,10.0,9.43398,8.60233,8.60233,8.06226,7.2111,7.2111,7.2111,5.83095,5.83095,5.83095,5.0,4.47214,4.47214,4.47214,4.12311,4.12311,3.16228,3.0,3.0,3.0,3.0,3.16228,3.16228,3.16228,3.16228,3.60555,3.60555,3.60555,3.60555,3.60555,3.60555,3.60555,4.24264,3.60555,3.60555,3.60555,4.24264,4.24264,3.60555,3.60555,3.60555,3.60555,4.47214,4.47214,4.47214,4.12311,4.12311,4.0,73.82412,72.00694,70.21396,66.64833,64.84597,63.63175,57.98276,59.90826,54.3783,51.31277,45.22168,46.64762,47.50789,43.01163,42.05948,41.18252,34.98571,34.43835,34.0147,29.52965,30.46309,25.63201,25.63201,25.29822,22.09072,23.02173,18.02776,18.02776,19.41649,20.09975,18.11077,17.26268,18.02776,19.23538,16.12452,21.47091,17.69181,22.80351,23.02173,22.2036,19.10497,20.61553,22.62742,24.04163,22.02272,24.04163,21.9545,24.04163,24.20744,24.75884,23.60085,23.70654,25.05993,22.84732,24.69818,26.92582,26.30589,41.86884,43.27817,45.22168,51.97115,48.30114,49.0408,52.49762,54.57105,57.87055,58.42089,59.07622,62.03225,65.03076,66.1211,68.26419,68.44706,74.73286,71.19691,73.76313,74.63243,74.04053,79.47956,78.29432,75.15318,76.05919,74.79305,75.29276,78.54935,74.4043,75.16648,69.89278,73.00685,72.42237,68.24222,71.02816,66.61081,64.63745,65.19202,63.60031,64.66065,62.68174,58.83026,60.37384,63.97656,61.32699,58.87274,62.62587,61.35145,67.35726,62.93648,67.35726,69.89278,73.08215,68.70953,74.33034,75.61085,76.32169
10.81665,10.0,10.0,10.0,8.60233,8.60233,7.81025,7.2111,7.81025,6.40312,6.40312,5.83095,5.83095,5.83095,5.0,4.47214,4.47214,3.60555,4.12311,3.16228,3.16228,3.16228,3.0,3.0,3.0,3.0,3.16228,2.23607,3.16228,2.82843,3.60555,2.82843,2.82843,2.82843,3.60555,3.60555,4.24264,3.60555,4.24264,4.24264,4.24264,4.24264,4.24264,4.24264,3.60555,3.60555,4.47214,3.60555,3.60555,4.12311,4.12311,4.0,72.89719,68.96376,69.11584,66.24198,65.51336,61.91123,61.40033,60.20797,52.43091,49.40648,52.43091,47.43416,44.10215,42.72002,41.88078,39.96248,39.44617,33.61547,31.38471,29.06888,32.31099,25.4951,23.4094,25.29822,19.92486,18.24829,18.43909,21.0,18.11077,18.11077,14.14214,16.49242,18.97367,17.88854,18.35756,17.88854,19.72308,21.47091,18.60108,21.40093,23.60085,21.09502,21.09502,22.02272,22.2036,23.60085,23.43075,25.0,24.41311,27.78489,26.83282,25.55386,26.92582,25.29822,24.04163,25.70992,26.1725,44.59821,44.59821,47.20169,49.09175,50.08992,52.49762,51.86521,54.57105,56.08921,55.57877,60.40695,62.07254,63.00794,65.00769,65.27634,68.46897,70.85901,72.78049,73.97973,70.83784,72.11103,73.38937,73.92564,79.15807,76.94154,75.66373,74.79305,77.69813,71.56116,74.62573,69.33974,72.67049,74.65253,68.8186,70.60453,68.00735,63.41136,65.45991,58.24946,63.28507,61.05735,58.66856,60.82763,59.48109,59.48109,61.68468,61.7414,60.16644,63.24555,62.62587,68.68042,67.05222,72.42237,70.2282,75.96052,74.33034,76.2168
12.36932,12.36932,11.40175,10.44031,10.44031,10.44031,9.48683,9.48683,9.21954,8.24621,8.544,7.28011,7.28011,6.32456,6.08276,6.08276,6.08276,6.0,5.0,5.0,4.0,5.09902,4.12311,4.12311,4.0,4.12311,4.47214,3.60555,3.60555,3.60555,4.24264,4.24264,4.24264,4.24264,4.24264,5.0,4.24264,4.24264,4.24264,4.24264,5.0,5.0,5.0,5.0,5.0,5.0,5.0,5.83095,5.38516,5.38516,5.38516,5.09902,72.78049,73.1642,69.63476,68.41053,67.18631,62.64184,62.64184,59.13544,52.49762,53.16014,52.20153,50.59644,47.75982,45.54119,42.44997,40.5216,38.07887,34.52535,31.32092,32.14032,28.28427,27.65863,25.01999,24.18677,23.08679,22.2036,21.09502,19.23538,20.02498,18.38478,19.23538,20.61553,18.35756,18.35756,18.35756,19.79899,22.67157,18.43909,22.80351,21.63331,21.2132,20.51828,22.67157,24.83948,21.2132,22.62742,23.43075,24.75884,23.02173,26.62705,24.69818,26.07681,26.07681,26.40076,25.94224,26.24881,24.5153,44.38468,45.54119,47.53946,50.24938,52.69725,51.66237,50.93133,55.44367,54.03702,57.2014,59.07622,64.49806,63.28507,68.0,64.62198,71.7844,65.80274,73.97973,70.40597,73.82412,72.24957,72.1734,78.00641,76.02631,76.00658,78.02564,74.33034,74.67262,77.52419,72.00694,72.36712,68.44706,72.56721,68.00735,69.12308,63.06346,65.51336,61.66036,61.52235,62.80127,59.5399,61.29437,59.3043,63.28507,57.14018,62.00806,58.13777,64.00781,64.00781,68.0,64.03124,73.06162,70.11419,73.02739,73.02739,71.17584,72.44308
11.7047,10.77033,10.77033,11.18034,9.84886,9.84886,8.94427,8.94427,8.94427,8.06226,8.06226,6.7082,6.7082,6.7082,5.38516,5.38516,5.38516,5.38516,4.12311,4.12311,4.12311,4.12311,3.16228,3.0,3.0,3.0,3.16228,2.23607,2.23607,2.23607,2.23607,2.82843,2.82843,2.82843,2.82843,2.82843,3.60555,3.60555,3.60555,2.82843,2.82843,4.24264,4.24264,3.60555,3.60555,3.60555,3.60555,4.47214,4.12311,4.12311,4.12311,4.0,74.33034,65.45991,71.86793,63.69458,64.19502,65.0,55.54278,60.53924,49.65884,53.7122,50.56679,48.46648,48.75449,42.04759,40.31129,39.56008,38.07887,34.9285,36.05551,27.51363,30.80584,23.5372,25.70992,24.33105,19.10497,21.0,18.11077,20.22375,17.11724,18.43909,21.54066,18.97367,17.46425,15.81139,17.69181,17.20465,18.43909,19.20937,20.0,23.34524,18.38478,21.26029,19.10497,20.51828,23.43075,21.93171,24.83948,22.62742,24.83948,22.67157,22.67157,23.60085,25.80698,22.2036,23.32381,23.08679,25.0,42.0119,48.16638,45.96738,53.00943,48.54894,53.23533,53.22593,51.62364,56.30275,55.08176,61.66036,58.54912,59.5399,66.27217,72.02777,68.00735,76.10519,68.46897,75.66373,73.82412,76.11833,77.66595,73.24616,73.76313,76.2168,76.6942,77.07788,81.5414,70.77429,78.29432,69.31811,76.02631,70.21396,70.66116,68.47627,66.64833,61.26989,64.40497,60.92618,64.4748,65.39113,56.61272,62.62587,58.5235,58.24088,61.61169,62.96825,63.50591,68.44706,62.96825,63.63961,72.56032,76.29548,68.24954,72.56721,79.42921,74.95332
12.04159,11.31371,9.89949,10.63015,9.89949,9.89949,8.48528,8.48528,8.48528,7.07107,7.07107,7.07107,6.40312,6.40312,6.40312,5.0,5.83095,5.0,4.47214,4.47214,4.47214,4.12311,4.12311,4.12311,4.12311,4.0,4.0,3.0,4.0,4.12311,4.12311,4.12311,4.12311,4.12311,4.12311,4.12311,4.12311,4.12311,4.47214,4.47214,4.12311,5.38516,4.12311,5.09902,5.09902,5.09902,5.09902,5.0,5.0,5.0,5.09902,5.09902,72.34639,68.00735,70.0,64.66065,64.40497,63.28507,59.07622,60.46487,53.53504,54.20332,50.21952,46.32494,44.65423,43.909,39.44617,40.80441,37.44329,34.66987,36.61967,29.06888,33.42155,26.24881,26.1725,24.08319,22.80351,23.32381,18.43909,22.02272,18.35756,18.02776,17.11724,17.72005,18.11077,18.02776,21.0238,18.02776,18.11077,19.10497,19.23538,21.58703,21.09502,23.02173,21.2132,21.0238,24.33105,21.2132,24.33105,24.33105,26.0,24.33105,25.17936,25.01999,26.07681,24.02082,24.33105,24.73863,25.4951,43.04649,44.77723,44.14748,49.64877,49.0408,51.08816,52.15362,51.24451,54.74486,56.75385,60.44005,59.46427,64.84597,64.07808,65.76473,64.88451,71.34424,69.06519,73.81734,68.00735,75.43209,75.00667,69.31089,73.75636,76.05919,77.80103,71.06335,78.00641,72.20111,72.94518,71.86793,72.94518,71.02112,67.6757,71.19691,65.73431,63.28507,62.96825,61.58734,60.46487,62.20129,59.20304,64.2028,61.7171,61.6198,58.72819,60.1415,61.6198,64.44377,62.2254,63.63961,68.0147,69.52697,69.31089,72.12489,74.96666,74.24958
11.7047,11.7047,10.77033,10.77033,10.77033,9.48683,9.48683,8.544,8.544,8.544,7.61577,7.61577,7.61577,6.7082,6.32456,6.32456,5.83095,5.38516,5.0,4.47214,4.47214,5.0,4.24264,4.24264,4.24264,3.60555,3.60555,3.60555,3.60555,3.60555,4.47214,4.12311,4.12311,4.12311,4.12311,4.12311,4.12311,4.12311,4.12311,4.12311,4.12311,4.12311,4.47214,4.12311,5.38516,4.47214,5.38516,4.47214,5.0,5.0,5.0,4.24264,72.8011,70.83784,66.7308,66.09841,64.19502,61.40033,59.90826,57.72348,52.17279,51.97115,50.80354,47.07441,48.08326,41.23106,38.83298,41.97618,40.26164,34.20526,31.62278,31.01612,30.41381,28.63564,24.59675,24.18677,24.18677,19.41649,20.80865,21.40093,19.10497,17.80449,18.60108,19.72308,17.46425,16.76305,20.61553,18.68154,19.69772,21.2132,23.08679,22.2036,21.54066,23.5372,25.4951,23.19483,23.19483,21.84033,25.07987,25.70992,24.73863,28.16026,24.35159,25.94224,26.40076,25.05993,25.23886,25.6125,27.01851,41.4367,46.38965,49.16299,49.49747,50.44799,52.81098,51.86521,55.4617,55.54278,58.18075,58.41233,64.03124,65.29931,67.35726,66.46804,67.89698,71.58911,70.0,71.8401,72.20111,75.47185,77.17513,75.58439,75.6439,75.39231,73.73602,76.2168,75.89466,74.46476,72.53275,70.21396,69.37579,70.34202,70.0928,68.15424,66.48308,63.78871,61.13101,64.03124,63.89053,61.68468,61.98387,59.13544,63.56099,59.9333,61.7171,59.48109,63.81222,64.3506,65.29931,67.1193,68.0,71.34424,68.47627,72.89719,71.11962,76.47876
12.72792,12.04159,12.04159,11.40175,11.40175,10.63015,10.0,9.21954,9.21954,9.21954,7.81025,8.48528,7.81025,7.07107,7.07107,7.07107,5.65685,5.65685,5.0,5.0,5.0,4.47214,5.0,4.47214,4.12311,4.12311,4.12311,4.0,4.12311,4.0,4.0,4.0,4.0,4.0,4.0,4.0,4.12311,4.0,4.0,4.0,5.09902,4.0,5.09902,5.0,5.0,5.0,5.0,5.09902,5.09902,5.09902,5.09902,5.38516,72.86288,70.00714,72.83543,71.42129,64.3506,65.79514,59.5483,60.87693,55.31727,54.03702,52.63079,52.00961,45.45327,43.84062,41.86884,39.69887,38.8973,34.71311,35.38361,31.14482,31.1127,29.20616,24.69818,22.80351,22.47221,22.47221,22.36068,22.56103,18.97367,20.39608,20.39608,18.02776,19.0,17.02939,19.0263,22.02272,20.09975,20.39608,21.0238,18.68154,23.34524,21.58703,24.35159,24.04163,22.56103,20.61553,22.2036,26.92582,24.18677,25.0,24.5153,23.08679,26.01922,26.30589,25.4951,25.70992,24.73863,41.01219,45.22168,47.01064,50.15974,50.92151,51.92302,54.12947,53.60037,58.13777,57.07889,61.0,60.13319,65.19202,64.77654,70.03571,67.18631,70.60453,69.89278,73.92564,74.24958,73.79024,75.66373,75.80237,76.00658,75.0,73.81734,75.60423,76.6942,71.70077,75.0733,68.0147,73.5527,70.71068,68.62215,69.35416,66.48308,62.24147,62.2254,64.3506,62.36986,63.03174,58.89822,58.41233,60.0,61.03278,60.20797,62.43397,62.96825,63.81222,65.0,65.8635,68.88396,71.02112,67.6757,75.16648,74.06079,73.00685
11.18034,11.18034,10.19804,10.19804,9.21954,9.21954,8.24621,8.24621,7.28011,7.07107,7.28011,7.07107,6.08276,6.08276,5.09902,5.09902,5.0,4.0,4.0,4.0,4.0,4.12311,3.16228,3.16228,3.16228,3.60555,3.60555,2.82843,2.82843,3.60555,3.60555,3.60555,3.60555,3.60555,3.60555,3.60555,3.60555,3.60555,3.60555,3.60555,4.24264,3.60555,4.24264,4.24264,4.24264,4.24264,4.24264,4.24264,4.24264,4.47214,4.47214,4.12311,71.58911,72.03471,68.41053,65.14599,65.0,62.96825,58.5235,57.93962,54.42426,52.20153,49.76947,48.46648,44.01136,43.65776,36.76955,37.33631,34.53983,33.24154,32.57299,27.45906,28.86174,25.17936,27.07397,22.2036,23.34524,20.02498,20.02498,19.10497,18.11077,16.76305,18.02776,17.46425,16.55295,18.38478,17.20465,22.02272,20.61553,20.0,20.51828,22.80351,22.62742,20.80865,21.2132,23.34524,20.51828,22.67157,26.1725,25.45584,23.34524,23.43075,24.08319,24.20744,24.69818,24.59675,22.84732,24.04163,25.0,40.8534,45.65085,44.10215,49.81967,48.83646,51.73973,52.63079,53.00943,57.3062,56.35601,58.60034,62.03225,61.35145,65.52099,66.70832,65.11528,71.02112,70.85901,71.17584,73.00685,74.02702,75.05998,73.43705,72.44308,77.10383,75.95393,75.18643,77.12976,72.03471,73.76313,70.5195,71.7844,69.28925,70.83784,66.12866,65.19202,63.24555,62.93648,61.35145,60.72891,60.63827,58.0517,61.0,57.31492,62.96825,61.07373,59.21149,63.28507,66.1211,63.28507,66.18912,70.02857,73.10951,68.18358,73.06162,71.56815,71.34424
10.77033,9.84886,9.84886,8.94427,8.94427,8.94427,7.61577,7.61577,7.61577,6.7082,6.7082,6.7082,5.38516,5.38516,5.38516,4.12311,4.12311,4.12311,4.12311,4.12311,3.0,3.0,3.0,3.16228,3.16228,2.23607,3.16228,3.60555,2.82843,2.82843,2.82843,3.60555,2.82843,2.82843,4.24264,3.60555,3.60555,4.24264,3.60555,3.60555,4.24264,4.24264,4.24264,4.24264,4.24264,4.24264,3.60555,3.60555,4.47214,4.12311,4.12311,4.12311,73.68175,71.7844,67.06713,68.15424,64.07808,59.5063,60.92618,57.77543,56.79789,51.47815,50.08992,43.82921,42.72002,43.41659,39.81206,38.07887,37.16181,33.54102,35.34119,31.62278,26.68333,30.08322,22.56103,21.58703,22.36068,24.02082,21.0,22.02272,17.11724,19.92486,16.49242,18.78829,15.81139,17.20465,20.12461,17.20465,20.59126,17.20465,20.12461,20.0,23.85372,21.93171,21.63331,25.80698,22.36068,21.40093,24.18677,27.80288,21.63331,26.83282,23.70654,24.69818,23.76973,24.35159,24.73863,27.01851,23.19483,39.92493,41.62932,48.37355,48.01042,48.83646,49.67897,51.22499,54.91812,56.0803,58.18075,56.79789,60.00833,63.69458,64.84597,62.93648,66.70832,68.73136,70.5762,68.46897,72.06247,74.16873,75.05998,77.52419,74.67262,76.94154,78.26238,73.00685,74.2159,75.0,72.8011,70.83784,70.2282,71.30919,72.23573,67.23095,65.0,66.30988,63.56886,59.46427,62.93648,59.48109,58.24088,58.46366,58.85576,58.46366,57.70615,59.68249,61.98387,63.95311,65.76473,65.19202,68.35934,69.72087,72.99315,72.56032,72.18033,76.15773
11.7047,11.7047,10.77033,10.77033,9.84886,9.48683,9.48683,8.544,8.544,8.544,7.61577,7.61577,7.28011,6.32456,6.32456,6.32456,5.09902,5.09902,5.09902,5.09902,5.09902,4.0,4.0,4.0,4.0,4.0,3.16228,3.16228,3.16228,3.16228,3.60555,3.60555,3.60555,3.60555,3.60555,3.60555,3.60555,3.60555,3.60555,3.60555,3.60555,4.24264,3.60555,3.60555,4.47214,4.47214,4.47214,4.47214,4.12311,4.12311,4.12311,5.0,72.8011,72.23573,69.28925,66.30988,64.4748,65.30697,59.09315,60.82763,55.00909,52.7731,50.08992,46.52956,45.17743,45.17743,39.35734,42.95346,36.67424,34.53983,34.53983,30.67572,28.44293,28.16026,26.68333,24.04163,24.33105,23.34524,17.11724,18.0,21.09502,17.72005,18.97367,18.68154,20.61553,17.08801,17.88854,19.41649,20.24846,21.63331,21.63331,20.61553,22.67157,21.40093,20.59126,22.80351,22.2036,25.23886,24.20744,23.85372,24.69818,23.60085,25.55386,24.16609,26.0,25.0,24.73863,24.73863,26.07681,43.56604,46.04346,48.41487,52.3259,53.41348,48.01042,52.15362,53.7122,56.79789,59.80803,60.74537,60.44005,65.0,65.73431,64.49806,69.35416,69.18092,72.02777,70.0,75.42546,75.66373,77.92946,77.27872,77.66595,79.30952,78.44743,72.73239,75.61085,70.5762,75.02666,69.07966,73.00685,71.55418,68.942,69.77822,65.39113,64.4748,63.56099,60.92618,65.14599,62.62587,60.16644,61.40033,63.06346,61.84658,57.72348,63.56099,63.34824,60.82763,68.06614,64.77654,69.58448,71.19691,69.05071,76.11833,75.50497,75.50497
12.64911,11.40175,11.40175,10.44031,10.44031,9.48683,9.48683,9.48683,8.544,8.544,8.544,7.28011,7.28011,6.32456,6.08276,6.08276,6.08276,5.09902,5.09902,5.0,5.0,4.0,4.0,4.12311,4.12311,4.12311,4.47214,4.47214,3.60555,4.47214,4.47214,4.24264,4.47214,4.24264,5.0,5.0,5.0,5.0,5.0,5.0,5.0,5.0,5.0,5.0,5.0,5.83095,5.0,4.47214,5.38516,5.38516,5.09902,5.09902,70.88018,71.7844,68.35203,66.09841,62.03225,61.84658,57.38467,58.60034,56.0803,52.39275,53.48832,50.15974,42.54409,42.94182,40.71855,38.91015,38.91015,34.53983,32.31099,29.83287,29.41088,29.27456,27.45906,25.31798,23.34524,22.36068,19.0,20.0,20.02498,19.92486,18.02776,18.78829,17.0,17.88854,20.24846,22.67157,19.41649,20.0,21.26029,21.63331,22.80351,23.43075,22.2036,22.2036,24.20744,24.20744,25.6125,25.0,26.62705,25.80698,23.85372,27.73085,26.40076,24.16609,26.4764,23.34524,23.08679,37.94733,45.18849,46.14109,50.60632,48.9183,53.03772,51.08816,54.03702,52.43091,58.18075,61.29437,62.76942,63.15853,64.19502,65.80274,69.37579,73.1642,67.74216,74.67262,74.24284,72.1734,73.0,74.16873,74.43118,75.80237,75.95393,72.36712,75.18643,72.56721,76.92204,70.60453,74.04053,73.37575,71.47027,69.57011,63.24555,64.51356,62.64184,58.82176,58.94065,60.87693,60.63827,61.81424,60.01666,59.03389,63.07139,58.07753,61.29437,62.28965,64.12488,66.48308,65.19202,70.45566,69.35416,74.67262,75.13322,74.54529
11.40175,11.40175,10.44031,10.19804,9.21954,9.21954,8.24621,8.24621,8.24621,7.28011,7.28011,7.28011,6.32456,6.08276,5.09902,5.38516,5.38516,4.47214,4.47214,4.47214,3.60555,3.60555,3.60555,2.82843,2.82843,3.60555,3.16228,3.60555,3.16228,3.16228,4.12311,4.12311,4.12311,4.12311,4.12311,4.12311,4.12311,4.12311,4.12311,4.12311,4.12311,4.12311,4.12311,4.12311,4.47214,4.47214,4.47214,4.47214,4.47214,5.0,4.24264,4.24264,73.97973,72.00694,66.61081,66.18912,63.50591,62.20129,58.21512,59.21149,56.32051,52.00961,51.0392,47.04253,47.04253,43.01163,39.05125,38.11824,38.11824,36.12478,31.257,29.61419,31.257,26.57066,24.35159,25.29822,22.13594,22.56103,21.0238,20.0,17.80449,16.97056,19.20937,20.51828,19.20937,18.35756,19.23538,21.09502,19.72308,22.82542,21.0238,20.61553,21.47091,22.47221,21.0238,22.47221,24.04163,24.59675,24.59675,26.0,24.41311,23.32381,25.80698,27.65863,24.20744,22.62742,24.75884,23.85372,24.18677,43.41659,44.01136,47.16991,46.52956,49.81967,50.0,50.69517,53.22593,56.4358,56.61272,59.07622,62.482,65.8559,66.46804,66.52819,68.24954,69.6563,71.40028,71.56116,75.591,76.48529,74.73286,75.15318,76.32169,77.7946,74.94665,75.0,74.2159,73.75636,71.84706,72.83543,72.18033,69.87131,67.47592,71.56815,66.61081,65.49046,61.98387,60.67125,62.16912,61.18823,58.24946,60.41523,62.36185,59.48109,61.68468,62.03225,62.96825,63.69458,64.84597,65.55151,67.06713,72.11103,69.64194,74.84651,72.8011,75.0
10.29563,10.29563,10.29563,10.29563,9.43398,9.43398,8.06226,8.06226,8.06226,7.2111,7.2111,6.7082,5.83095,5.83095,5.0,5.0,4.47214,4.47214,4.47214,3.16228,3.16228,3.16228,3.16228,3.0,3.0,3.0,3.0,2.23607,3.16228,2.23607,2.23607,2.23607,2.23607,2.23607,3.16228,2.82843,3.60555,3.60555,3.60555,3.60555,3.60555,3.60555,3.60555,3.60555,3.60555,3.16228,3.16228,3.16228,4.12311,4.0,4.0,4.0,72.61543,68.942,68.88396,66.70832,63.56099,60.41523,60.41523,58.30952,49.24429,51.0,48.8774,48.54894,45.79301,39.11521,38.91015,38.91015,38.01316,34.88553,33.24154,28.17801,32.31099,23.76973,26.68333,21.58703,21.84033,21.2132,19.0263,18.0,18.0,17.46425,20.39608,19.92486,14.31782,16.12452,21.09502,20.12461,17.0,21.9545,22.80351,20.24846,19.72308,23.02173,21.26029,22.80351,22.2036,21.63331,20.61553,25.4951,24.18677,24.69818,25.94224,23.32381,21.93171,22.80351,25.29822,22.09072,23.0,40.22437,44.04543,44.55334,49.0408,48.25971,52.35456,51.89412,55.15433,56.921,54.70832,57.72348,63.34824,62.80127,67.26812,68.06614,68.0,72.00694,70.02857,69.35416,72.99315,72.99315,77.87811,73.24616,75.96052,74.63243,78.43469,75.39231,76.96753,73.00685,77.87811,71.17584,71.11962,68.88396,68.88396,68.47627,66.64833,64.41273,66.21178,61.7414,62.24147,62.64982,61.46544,62.39391,59.46427,60.74537,58.94065,62.93648,65.0,60.63827,65.51336,64.32729,69.63476,70.61161,70.61161,75.43209,75.43209,74.46476
13.15295,12.16553,12.16553,11.18034,11.18034,10.19804,10.19804,9.21954,9.21954,8.24621,8.24621,7.28011,7.07107,7.07107,6.08276,6.08276,6.08276,5.09902,5.09902,5.0,5.0,5.0,4.0,4.12311,4.12311,4.12311,3.16228,3.16228,3.60555,3.60555,3.60555,3.60555,3.60555,3.60555,4.24264,4.24264,4.24264,4.24264,3.60555,4.24264,4.24264,4.24264,4.24264,4.24264,4.47214,4.47214,4.47214,4.47214,4.47214,4.47214,5.09902,5.09902,75.16648,71.56815,67.36468,68.88396,67.74216,62.96825,60.41523,57.27128,54.34151,51.41984,50.96077,47.53946,45.35416,41.97618,39.05125,41.4367,37.85499,35.22783,30.41381,30.41381,29.01724,27.07397,25.01999,22.09072,21.09502,21.37756,20.61553,20.24846,19.31321,18.35756,16.55295,18.02776,18.60108,22.67157,19.84943,18.43909,21.93171,19.20937,22.67157,21.40093,21.26029,19.20937,20.61553,24.20744,22.67157,25.0,24.04163,27.20294,26.24881,26.1725,24.75884,24.20744,25.55386,24.41311,26.07681,26.92582,26.24881,42.75512,44.64303,48.46648,54.12947,52.69725,52.00961,53.07542,55.86591,55.97321,59.03389,59.20304,62.68174,61.58734,66.24198,67.53518,66.30988,72.8011,72.73239,73.24616,72.78049,72.36712,78.51751,75.32596,74.67262,76.41989,77.10383,74.02702,77.05842,75.10659,76.1643,70.17834,73.43705,70.03571,68.88396,68.593,67.74216,65.27634,62.28965,64.19502,62.03225,65.06919,62.03225,62.03225,63.07139,59.03389,59.0,63.03174,64.19502,62.20129,63.50591,68.24954,69.87131,70.45566,69.18092,72.33948,74.06079,75.00667
12.08305,10.77033,10.77033,10.29563,9.84886,8.94427,8.94427,8.94427,7.61577,7.61577,6.7082,6.7082,6.32456,5.38516,5.38516,5.38516,5.09902,5.09902,4.12311,4.12311,4.0,3.0,3.16228,3.16228,3.16228,3.16228,3.60555,3.60555,2.82843,4.24264,2.82843,3.60555,4.24264,4.24264,4.24264,3.60555,4.24264,4.24264,4.24264,4.24264,4.24264,4.24264,4.24264,4.24264,4.24264,4.24264,5.0,4.47214,4.47214,4.47214,4.12311,4.12311,68.62215,66.48308,68.15424,67.23095,63.07139,60.82763,55.4617,60.82763,55.00909,52.83938,50.60632,45.61798,44.72136,43.04649,42.94182,39.39543,35.35534,33.61547,33.10589,28.79236,29.41088,26.0,24.5153,23.34524,23.02173,21.09502,20.02498,17.02939,18.02776,14.31782,16.15549,16.49242,17.08801,20.61553,22.2036,20.24846,17.69181,21.26029,21.63331,19.20937,20.51828,19.79899,21.09502,25.6125,22.02272,22.02272,23.43075,22.67157,25.55386,24.69818,25.23886,26.83282,24.69818,22.13594,25.29822,25.4951,25.07987,41.18252,44.40721,47.38143,49.51767,48.60041,51.97115,52.80152,54.626,56.30275,55.36244,60.87693,60.20797,63.78871,63.63961,68.35934,64.03124,73.02739,67.06713,73.17103,72.18033,73.1642,74.2159,73.4983,73.97973,76.55064,79.05694,74.84651,78.39005,71.17584,76.55717,71.17584,72.44998,69.77105,67.1193,69.11584,65.36819,63.52952,63.06346,63.06346,61.26989,63.15853,59.80803,62.39391,61.68468,63.24555,59.20304,59.77458,61.61169,64.7611,66.4906,66.4906,66.28725,73.00685,66.70832,73.00685,77.62087,74.72617
12.36932,12.36932,11.40175,11.7047,10.44031,10.44031,9.48683,9.48683,8.544,8.544,8.544,7.28011,7.28011,7.28011,6.32456,6.08276,6.08276,5.09902,5.09902,5.09902,4.0,4.0,4.0,4.0,4.12311,3.16228,3.16228,3.60555,3.60555,3.60555,3.60555,3.60555,3.60555,4.24264,4.24264,4.24264,4.24264,4.24264,4.24264,4.24264,4.24264,4.24264,4.24264,4.24264,4.24264,5.0,5.0,4.47214,4.47214,4.47214,5.38516,5.09902,71.8401,72.73239,70.34202,65.45991,64.56005,60.74537,60.92618,62.24147,54.78138,52.0,48.8467,47.01064,45.18849,47.16991,37.16181,41.76123,37.33631,33.24154,32.75668,29.83287,31.40064,27.45906,25.0,23.34524,20.09975,24.18677,22.36068,21.37756,21.2132,19.69772,16.76305,18.86796,20.24846,17.80449,15.6205,18.43909,20.51828,19.79899,22.67157,19.10497,21.26029,22.80351,23.02173,24.75884,24.08319,21.26029,23.60085,24.75884,25.4951,24.83948,25.4951,24.08319,27.80288,23.85372,24.18677,23.76973,24.69818,44.65423,45.27693,48.08326,50.80354,52.43091,52.83938,54.626,56.85948,59.80803,56.04463,61.13101,62.58594,63.15061,67.74216,69.35416,71.00704,74.0,72.11103,74.24284,71.84706,72.83543,78.64477,76.68768,78.16009,75.28612,74.94665,75.61085,76.89603,72.61543,76.55717,72.23573,70.77429,72.91776,69.31811,70.26379,67.08204,62.76942,63.69458,63.69458,63.90618,64.19502,62.29767,63.60031,62.8172,60.87693,58.69412,61.98387,61.52235,66.27217,67.36468,64.38167,71.25307,72.44308,67.89698,75.95393,74.8131,76.79193
12.04159,11.04536,11.04536,10.04988,10.04988,9.21954,9.05539,8.06226,8.06226,7.07107,7.07107,7.07107,6.08276,6.08276,5.09902,5.0,5.0,5.0,4.0,4.0,3.16228,3.16228,3.16228,3.16228,3.16228,2.23607,2.23607,2.82843,2.82843,2.82843,3.16228,3.16228,3.16228,3.16228,3.16228,3.60555,3.16228,3.60555,3.16228,3.16228,3.60555,3.60555,3.60555,3.60555,3.60555,3.60555,4.24264,4.24264,3.60555,3.60555,3.60555,3.16228,73.02739,68.18358,71.11259,65.62012,64.28063,62.80127,57.55867,58.54912,52.95281,51.97115,48.37355,48.50773,46.69047,40.60788,38.63936,40.1995,35.35534,34.36568,32.01562,29.01724,28.0,27.01851,24.08319,22.2036,19.23538,19.41649,18.02776,17.0,13.92839,17.0,17.80449,17.20465,18.38478,17.69181,19.20937,18.86796,18.02776,18.35756,18.02776,18.86796,19.69772,18.35756,22.82542,22.82542,22.47221,22.2036,23.70654,21.63331,22.80351,24.41311,24.08319,22.67157,25.45584,21.93171,24.20744,24.41311,24.59675,42.95346,44.38468,46.95743,51.10773,50.21952,50.9902,50.93133,54.48853,57.00877,56.85948,61.85467,61.05735,64.41273,67.08204,70.38466,67.06713,72.73239,71.30919,70.0928,74.8131,74.54529,75.53807,73.33485,75.16648,76.10519,76.0,75.10659,77.31753,72.24957,76.32169,72.33948,70.45566,72.18033,70.85901,69.2315,67.60178,64.28063,60.53098,61.29437,61.20457,62.20129,60.03332,63.03174,60.00833,61.0082,59.13544,62.28965,62.514,63.3877,64.38167,64.62971,67.08204,73.82412,69.46222,74.24284,77.41447,72.33948
10.29563,10.29563,9.84886,9.84886,8.94427,8.94427,8.06226,8.06226,8.06226,6.7082,6.7082,6.7082,5.83095,5.83095,5.0,5.0,5.0,4.24264,4.24264,4.24264,4.24264,3.60555,3.60555,3.16228,3.16228,3.16228,3.0,4.0,4.0,4.0,4.0,4.0,4.12311,4.12311,4.12311,4.12311,4.12311,4.12311,4.12311,4.12311,4.0,5.09902,4.12311,5.09902,5.0,5.0,5.0,5.0,5.0,5.09902,4.12311,4.47214,73.00685,68.44706,72.09022,67.77905,65.19202,61.35145,59.46427,58.87274,52.20153,50.92151,50.96077,45.60702,44.59821,44.01136,38.62642,38.8973,35.73514,31.7805,32.69557,28.6531,29.15476,23.70654,26.24881,22.2036,22.02272,21.40093,20.51828,21.2132,19.41649,17.88854,15.81139,19.31321,18.24829,19.64688,19.41649,20.39608,19.64688,18.43909,21.09502,21.0,22.02272,21.09502,21.2132,23.02173,24.0,23.08679,26.1725,26.1725,24.18677,24.33105,25.70992,26.4764,25.96151,25.29822,25.94224,26.41969,23.85372,41.48494,45.54119,45.04442,51.0098,47.38143,52.7731,52.63079,52.49762,56.0803,56.85948,59.94164,63.81222,62.96825,63.60031,69.2026,66.6033,72.13876,67.88225,76.41989,71.40028,72.20111,73.78347,73.57309,74.09453,76.47876,74.68601,74.24958,74.84651,73.1642,74.67262,69.28925,75.89466,70.5195,69.57011,66.40783,65.78754,60.40695,62.96825,60.40695,60.74537,60.41523,57.69749,60.41523,60.82763,59.94164,58.18075,57.45433,60.74537,63.82006,63.24555,65.45991,66.61081,74.88658,66.28725,71.56116,76.32169,76.32169
11.18034,11.18034,11.18034,10.04988,10.04988,9.05539,8.0,8.0,8.0,8.06226,7.07107,7.07107,6.08276,6.08276,5.09902,5.09902,5.09902,4.12311,4.12311,4.12311,3.16228,3.16228,3.16228,2.82843,2.82843,2.82843,2.82843,3.16228,2.23607,3.16228,3.16228,3.16228,3.16228,3.16228,3.16228,3.16228,3.16228,4.12311,4.12311,3.16228,3.16228,4.12311,4.12311,3.16228,3.16228,3.60555,4.47214,4.47214,3.60555,3.60555,4.24264,3.60555,71.02112,67.36468,67.47592,67.18631,62.514,62.07254,56.0357,56.22277,52.03845,52.15362,48.16638,45.04442,45.0,43.01163,39.05125,39.11521,35.12834,34.1321,34.1321,28.44293,30.08322,25.96151,25.0,21.58703,18.38478,20.61553,20.24846,17.80449,19.79899,15.55635,18.38478,20.0,17.20465,17.49286,20.24846,18.35756,19.92486,20.61553,20.61553,22.80351,20.88061,20.88061,22.56103,20.61553,18.97367,22.47221,24.35159,24.35159,21.18962,24.16609,24.16609,25.94224,25.55386,22.82542,26.62705,24.04163,25.6125,42.42641,45.12206,46.48656,49.24429,49.73932,50.47772,53.41348,54.56189,58.69412,58.69412,59.5483,62.80127,64.40497,67.42403,69.35416,67.53518,71.17584,72.49828,70.38466,71.56815,73.05477,77.87811,75.18643,73.1642,76.94154,75.80237,76.53104,75.23962,73.10951,77.00649,71.02816,74.00676,67.00746,67.00746,69.00725,66.00758,64.00781,63.07139,61.07373,61.07373,61.40033,60.40695,60.82763,62.36986,58.24946,57.00877,59.66574,62.93648,62.62587,64.51356,64.84597,68.35203,74.0,71.7844,71.56815,74.46476,74.04053
12.0,12.0,11.0,11.0,10.0,10.0,9.05539,9.05539,8.06226,8.06226,8.06226,7.0,7.0,7.0,6.0,6.0,5.0,5.0,5.0,5.09902,4.0,4.12311,4.12311,4.12311,4.12311,3.60555,3.60555,3.60555,3.60555,3.60555,3.60555,3.60555,3.60555,3.60555,4.24264,4.24264,3.60555,4.24264,4.24264,4.24264,4.24264,4.24264,4.24264,4.24264,4.24264,5.0,5.0,4.47214,4.47214,4.47214,4.12311,4.12311,74.0,69.06519,73.00685,66.06815,66.06815,65.12296,59.21149,60.40695,53.23533,53.93515,51.62364,48.6621,50.48762,42.19005,38.63936,38.0526,37.33631,34.05877,32.14032,30.14963,29.01724,28.01785,27.07397,26.01922,23.02173,21.58703,22.56103,17.88854,20.24846,19.72308,19.72308,20.12461,16.64332,22.02272,16.97056,20.51828,20.61553,19.84943,20.51828,22.2036,20.0,23.32381,22.02272,24.08319,26.87006,21.26029,24.75884,23.34524,23.34524,22.62742,25.6125,25.4951,26.40076,23.25941,25.94224,27.51363,23.76973,44.04543,46.04346,49.64877,52.20153,51.5461,53.7122,54.20332,55.75841,58.00862,57.48913,59.03389,62.24147,64.3506,67.35726,71.21798,67.6757,71.56116,70.71068,74.24284,71.69379,71.30919,76.844,72.42237,74.72617,76.90254,76.11833,77.10383,76.79193,69.72087,76.23647,68.02941,73.10951,70.02857,67.06713,69.00725,69.02898,64.12488,63.00794,62.1289,61.40033,64.28063,59.68249,63.3877,60.20797,63.95311,61.66036,61.0,60.87693,68.41053,62.58594,65.96969,70.34202,75.18643,66.70832,74.73286,78.8543,75.95393
